        D174  1 0.0232 0.0806 0.0282 0.4279 0.0821 0.1419 0.0773 0.0945 0.0443 
        D199  1 0.0493 0.0411 0.1180 0.1616 0.1099 0.0638 0.1861 0.0943 0.1759 
        D203  1 0.0462 0.0847 0.0972 0.0632 0.0843 0.1418 0.2767 0.0626 0.1435 
        D204  1 0.1172 0.0304 0.0210 0.0223 0.0296 0.0377 0.6847 0.0196 0.0374 
     D237366  1 0.1021 0.0185 0.0501 0.0712 0.0774 0.0732 0.0452 0.5205 0.0418 
     D237367  1 0.0498 0.0551 0.0273 0.0359 0.0963 0.0809 0.4009 0.1823 0.0714 
     D237368  1 0.0571 0.0586 0.0335 0.0972 0.1025 0.0430 0.1517 0.3828 0.0736 
     D244101  1 0.5145 0.0319 0.1360 0.0186 0.0768 0.0340 0.0985 0.0204 0.0693 
     D244102  1 0.1083 0.1590 0.0707 0.0452 0.1007 0.2958 0.0785 0.0891 0.0527 
     D244103  1 0.0491 0.0397 0.0490 0.0483 0.2353 0.0631 0.1736 0.3016 0.0404 
     D244104  1 0.0324 0.0538 0.0564 0.1008 0.0452 0.0159 0.6032 0.0556 0.0367 
     D244105  1 0.0250 0.1406 0.0445 0.0202 0.2488 0.1609 0.1214 0.2109 0.0277 
     D244106  1 0.0275 0.0342 0.0474 0.5160 0.0792 0.1123 0.0767 0.0264 0.0803 
     D244107  1 0.0801 0.1686 0.0315 0.0173 0.1526 0.0236 0.0603 0.3376 0.1284 
     D244108  1 0.0396 0.3703 0.0356 0.3181 0.0460 0.0589 0.0512 0.0372 0.0431 
     D244113  1 0.1226 0.0393 0.0246 0.3757 0.0564 0.2703 0.0180 0.0325 0.0606 
     D244114  1 0.0666 0.0470 0.1532 0.0846 0.3306 0.1383 0.0667 0.0498 0.0632 
     D244115  1 0.0327 0.1713 0.0395 0.2673 0.1696 0.0652 0.1463 0.0775 0.0308 
     D267365  1 0.0540 0.0476 0.2024 0.1973 0.0686 0.0395 0.2604 0.0942 0.0361 
        D404  1 0.0940 0.0446 0.0204 0.2053 0.0309 0.5197 0.0299 0.0170 0.0382 
        D405  1 0.0640 0.0838 0.0511 0.0616 0.0666 0.4334 0.1054 0.0406 0.0935 
        D406  1 0.0542 0.0899 0.0195 0.0501 0.0344 0.0294 0.0680 0.6362 0.0183 
        D407  1 0.0165 0.0170 0.0186 0.0299 0.0878 0.0239 0.6235 0.1265 0.0562 
        D408  1 0.0511 0.0907 0.1938 0.3796 0.0667 0.1010 0.0640 0.0354 0.0176 
        D409  1 0.0363 0.0782 0.0658 0.0435 0.3138 0.0535 0.1207 0.2336 0.0547 
        D410  1 0.0327 0.7617 0.0207 0.0229 0.0385 0.0236 0.0610 0.0250 0.0140 
        D421  1 0.0099 0.0117 0.0164 0.0218 0.0135 0.0103 0.8873 0.0129 0.0163 
        D422  1 0.0160 0.0325 0.0266 0.0155 0.0432 0.0177 0.0760 0.7445 0.0279 
        D423  1 0.0205 0.6249 0.0148 0.0203 0.0539 0.0382 0.0925 0.0737 0.0613 
        D424  1 0.0220 0.0234 0.0182 0.0393 0.1227 0.0317 0.6632 0.0617 0.0179 
        D425  1 0.0331 0.0852 0.1006 0.1085 0.1212 0.1050 0.3843 0.0371 0.0250 
        D426  1 0.0219 0.0202 0.1239 0.0318 0.4146 0.0189 0.1118 0.2301 0.0268 
        D427  1 0.0152 0.0209 0.0304 0.2035 0.0350 0.0144 0.2580 0.0368 0.3859 
        D428  1 0.0744 0.1011 0.0372 0.1644 0.1174 0.0704 0.3058 0.0888 0.0406 
        D429  1 0.0369 0.0369 0.0575 0.1481 0.1103 0.1147 0.4160 0.0384 0.0413 
        D430  1 0.0267 0.0395 0.1140 0.1416 0.1678 0.2974 0.1004 0.0450 0.0676 
        D491  1 0.0244 0.0680 0.0429 0.6483 0.0606 0.0374 0.0738 0.0260 0.0185 
        D492  1 0.0558 0.0392 0.0318 0.1320 0.1285 0.1111 0.2815 0.1473 0.0727 
        D537  1 0.0730 0.0474 0.0173 0.0313 0.0544 0.0329 0.6625 0.0535 0.0277 
        D538  1 0.0634 0.1048 0.0435 0.0956 0.1412 0.3162 0.0555 0.0940 0.0858 
        D539  1 0.0733 0.0807 0.2562 0.1639 0.1192 0.1226 0.0469 0.0763 0.0610 
        D540  1 0.0281 0.1110 0.0982 0.0405 0.2301 0.0559 0.3306 0.0790 0.0267 
        D541  1 0.0195 0.0237 0.0195 0.0147 0.0223 0.0173 0.8457 0.0196 0.0176 
        D551  1 0.0334 0.0251 0.1428 0.0409 0.4030 0.0461 0.0830 0.0762 0.1496 
        D552  1 0.0629 0.3126 0.0456 0.1942 0.1093 0.0269 0.1007 0.1125 0.0353 
        D553  1 0.0189 0.0251 0.0224 0.0224 0.0295 0.0117 0.8325 0.0220 0.0155 
        D615  1 0.0265 0.1568 0.0702 0.0754 0.0914 0.0794 0.3835 0.0396 0.0773 
        D616  1 0.0327 0.1221 0.0797 0.0728 0.1685 0.0403 0.2772 0.0922 0.1145 
        D621  1 0.3101 0.1851 0.0270 0.0927 0.0706 0.0501 0.0178 0.2214 0.0251 
        D622  1 0.0547 0.1772 0.0354 0.0369 0.0987 0.0422 0.0551 0.4723 0.0275 
        D623  1 0.2432 0.0503 0.0468 0.2329 0.0560 0.1495 0.0284 0.0235 0.1694 
        D624  1 0.0136 0.0209 0.0256 0.7956 0.0432 0.0230 0.0295 0.0288 0.0197 
        D625  1 0.0758 0.0467 0.0252 0.0876 0.0606 0.0440 0.5669 0.0740 0.0193 
        D626  1 0.0292 0.2042 0.0568 0.2971 0.0813 0.0698 0.1142 0.1040 0.0434 
        D627  1 0.0241 0.0172 0.1699 0.0374 0.3475 0.0339 0.1268 0.2146 0.0288 
        D690  1 0.0312 0.0820 0.0169 0.0696 0.0297 0.0162 0.6899 0.0536 0.0110 
        D691  1 0.0265 0.0418 0.0332 0.0431 0.0312 0.0303 0.0716 0.7035 0.0188 
        D710  1 0.1675 0.1196 0.0323 0.1481 0.1167 0.0435 0.1934 0.1263 0.0524 
        D711  1 0.0597 0.0334 0.0256 0.0333 0.0365 0.0554 0.6683 0.0562 0.0315 
        D712  1 0.0454 0.0526 0.0821 0.5554 0.0555 0.0549 0.0384 0.0654 0.0503 
        D713  1 0.1774 0.0649 0.0290 0.1726 0.1183 0.1533 0.1698 0.0930 0.0218 
        D746  1 0.0279 0.0445 0.0228 0.0308 0.0306 0.0218 0.0888 0.6971 0.0357 
        D747  1 0.0393 0.0166 0.0248 0.0243 0.0207 0.0157 0.8216 0.0168 0.0203 
        D748  1 0.0740 0.0721 0.0383 0.0361 0.0684 0.1010 0.2482 0.3401 0.0219 
        D749  1 0.0818 0.0955 0.0386 0.1021 0.2366 0.0772 0.0271 0.2850 0.0562 
        D750  1 0.0394 0.0737 0.0242 0.6085 0.0354 0.0287 0.1248 0.0393 0.0260 
        D763  1 0.2038 0.0463 0.1891 0.0260 0.1731 0.0537 0.0767 0.1254 0.1060 
        D764  1 0.0191 0.0901 0.0245 0.2561 0.0639 0.0196 0.4549 0.0559 0.0160 
        D765  1 0.0161 0.6034 0.0412 0.1024 0.0684 0.0644 0.0327 0.0531 0.0184 
        D766  1 0.1718 0.3930 0.0246 0.0349 0.0851 0.0368 0.0849 0.1423 0.0267 
        D767  1 0.2122 0.0651 0.0433 0.0352 0.0711 0.3124 0.0857 0.0963 0.0787 
        D768  1 0.0164 0.0220 0.0189 0.0145 0.0281 0.0160 0.8423 0.0221 0.0195 
        D811  1 0.0299 0.2160 0.0299 0.1155 0.0649 0.4677 0.0315 0.0239 0.0208 
        D816  1 0.0185 0.0207 0.0215 0.0279 0.0325 0.0211 0.8158 0.0255 0.0166 
        D825  1 0.0265 0.3612 0.0302 0.1567 0.1249 0.1386 0.1013 0.0408 0.0198 
        D866  1 0.0221 0.0854 0.3661 0.1889 0.0893 0.0690 0.0396 0.0260 0.1134 
        D867  1 0.1032 0.0449 0.0244 0.0205 0.0506 0.0325 0.0240 0.6440 0.0559 
        D871  1 0.0417 0.0267 0.0942 0.0556 0.3725 0.0616 0.1190 0.2060 0.0228 
        D872  1 0.0656 0.1874 0.0291 0.0433 0.0898 0.2343 0.2010 0.0696 0.0799 
        D873  1 0.0452 0.7509 0.0111 0.0149 0.0273 0.0729 0.0101 0.0321 0.0355 
        D874  1 0.7400 0.0210 0.0343 0.0733 0.0283 0.0358 0.0316 0.0154 0.0203 
        D875  1 0.0260 0.0534 0.0346 0.0213 0.3596 0.0548 0.0900 0.3413 0.0190 
        D876  1 0.1176 0.0974 0.0655 0.1203 0.1161 0.0405 0.3313 0.0824 0.0288 
        D877  1 0.0976 0.0315 0.0207 0.1040 0.0794 0.5995 0.0297 0.0160 0.0217 
        D892  1 0.0458 0.0389 0.0279 0.1760 0.0740 0.1146 0.3047 0.1913 0.0268 
        D893  1 0.0559 0.0629 0.0830 0.0186 0.0762 0.0302 0.5710 0.0693 0.0329 
        D894  1 0.0357 0.0390 0.0473 0.0612 0.0826 0.0556 0.5886 0.0568 0.0333 
        D915  1 0.0370 0.1616 0.0388 0.0582 0.0831 0.0527 0.4410 0.0916 0.0360 
        D916  1 0.0157 0.0270 0.0148 0.0216 0.0178 0.0124 0.8533 0.0236 0.0139 
        D917  1 0.1616 0.0380 0.1549 0.2947 0.1001 0.0393 0.0751 0.0631 0.0732 
        D925  1 0.0204 0.5580 0.0330 0.0898 0.0345 0.0259 0.1737 0.0436 0.0210 
        D926  1 0.0757 0.0504 0.0518 0.0479 0.1992 0.0548 0.4282 0.0693 0.0229 
        D927  1 0.0489 0.0341 0.1087 0.0689 0.1341 0.0605 0.2159 0.0874 0.2414 
        D928  1 0.0263 0.0455 0.0190 0.7468 0.0267 0.0288 0.0772 0.0135 0.0162 
        D929  1 0.3856 0.0338 0.0325 0.0562 0.0549 0.3049 0.0316 0.0752 0.0253 
        D936  1 0.2330 0.0417 0.1149 0.0285 0.0706 0.0340 0.3966 0.0304 0.0503 
        D938  1 0.0778 0.1354 0.0199 0.0327 0.0424 0.0287 0.0323 0.6109 0.0198 
        D956  1 0.0270 0.0513 0.0314 0.5317 0.0725 0.1881 0.0405 0.0225 0.0350 
        D957  1 0.1023 0.3838 0.0300 0.0536 0.0818 0.1192 0.1024 0.0813 0.0456 
        D958  1 0.1302 0.2092 0.0258 0.1527 0.0913 0.0746 0.1899 0.0979 0.0285 
        D959  1 0.0152 0.0164 0.0138 0.0244 0.0792 0.0225 0.6432 0.1502 0.0352 
        D960  1 0.0425 0.1129 0.0216 0.0645 0.0617 0.0758 0.0247 0.5751 0.0212 
        D989  1 0.0256 0.0290 0.0700 0.6061 0.0526 0.0446 0.0442 0.0424 0.0855 
        D990  1 0.0282 0.6251 0.0865 0.0635 0.0611 0.0216 0.0204 0.0609 0.0328 
        D023  2 0.0246 0.0221 0.0144 0.0239 0.0277 0.0109 0.0364 0.8189 0.0211 
        D130  2 0.0283 0.0237 0.0193 0.0135 0.0347 0.1058 0.0905 0.6400 0.0442 
        D131  2 0.0507 0.0919 0.1294 0.0452 0.3048 0.0540 0.2231 0.0548 0.0461 
        D163  2 0.0439 0.0547 0.0458 0.0609 0.0618 0.0247 0.0864 0.6071 0.0147 
        D164  2 0.0186 0.3438 0.0180 0.0118 0.0221 0.0134 0.0141 0.0255 0.5327 
        D165  2 0.0263 0.0192 0.0306 0.0210 0.0315 0.0154 0.0351 0.7889 0.0320 
        D166  2 0.0970 0.0533 0.0589 0.0226 0.1109 0.5132 0.0349 0.0530 0.0563 
        D167  2 0.0140 0.0167 0.0169 0.0299 0.0188 0.0692 0.0166 0.0144 0.8035 
        D192  2 0.0193 0.0133 0.0265 0.0199 0.0167 0.0211 0.0107 0.0153 0.8572 
        D193  2 0.0734 0.0684 0.0625 0.1177 0.1077 0.4735 0.0270 0.0342 0.0357 
        D206  2 0.0493 0.0422 0.0345 0.0238 0.2059 0.0514 0.1969 0.0996 0.2965 
        D207  2 0.0229 0.0251 0.0762 0.0246 0.1198 0.1267 0.0456 0.0342 0.5249 
        D208  2 0.0545 0.0962 0.3481 0.1738 0.0724 0.0706 0.0440 0.0498 0.0907 
        D209  2 0.1316 0.0532 0.0299 0.0298 0.2118 0.0276 0.0378 0.0511 0.4272 
        D210  2 0.0421 0.0320 0.1277 0.5261 0.0498 0.0358 0.0662 0.0322 0.0880 
     D229599  2 0.1439 0.1063 0.1863 0.0634 0.1525 0.0473 0.1533 0.0946 0.0524 
     D229600  2 0.0285 0.0352 0.0295 0.0215 0.0549 0.0567 0.0261 0.4100 0.3376 
     D237227  2 0.0243 0.1727 0.1317 0.3742 0.0908 0.0356 0.0451 0.0611 0.0645 
     D237228  2 0.0196 0.5050 0.0635 0.1494 0.0921 0.0663 0.0143 0.0228 0.0670 
     D237258  2 0.0593 0.0784 0.1029 0.0742 0.1512 0.0745 0.0790 0.1613 0.2193 
     D237310  2 0.0444 0.4295 0.0255 0.0389 0.0610 0.2743 0.0144 0.0377 0.0743 
     D237311  2 0.0211 0.4848 0.0285 0.0340 0.0482 0.1212 0.0149 0.0523 0.1950 
     D237312  2 0.0769 0.1877 0.0274 0.0506 0.0721 0.4391 0.0280 0.0931 0.0251 
     D237313  2 0.0832 0.2660 0.1134 0.0907 0.1792 0.0649 0.1301 0.0463 0.0261 
     D237322  2 0.1066 0.1106 0.2112 0.0830 0.2200 0.1387 0.0368 0.0430 0.0499 
     D237323  2 0.0350 0.4274 0.0639 0.1793 0.0469 0.1154 0.0175 0.0694 0.0452 
     D237324  2 0.0486 0.0436 0.1076 0.0199 0.2915 0.0358 0.0619 0.2383 0.1528 
     D237325  2 0.0864 0.3031 0.0344 0.0920 0.1151 0.1252 0.0386 0.1112 0.0942 
     D237326  2 0.0478 0.5907 0.0373 0.0761 0.0508 0.0291 0.0627 0.0600 0.0455 
     D237327  2 0.1027 0.0314 0.3570 0.0532 0.1552 0.0444 0.0410 0.1193 0.0958 
     D237337  2 0.0227 0.7550 0.0231 0.0336 0.0368 0.0536 0.0226 0.0357 0.0170 
     D237338  2 0.0908 0.1863 0.0761 0.1252 0.1062 0.0761 0.0536 0.1812 0.1045 
     D237339  2 0.5697 0.0274 0.0508 0.0185 0.0722 0.0364 0.0372 0.0241 0.1637 
     D237340  2 0.0462 0.2453 0.0440 0.1505 0.0616 0.1545 0.0206 0.0715 0.2060 
     D237389  2 0.0318 0.3970 0.0211 0.0230 0.0690 0.2703 0.0231 0.0468 0.1179 
     D237390  2 0.0518 0.3096 0.0550 0.0669 0.0759 0.2588 0.0452 0.1064 0.0304 
     D244017  2 0.0204 0.0341 0.0385 0.1793 0.0498 0.2712 0.0267 0.0296 0.3503 
     D244112  2 0.0149 0.0235 0.0194 0.0207 0.0252 0.0590 0.0159 0.0278 0.7935 
     D244118  2 0.0366 0.0346 0.0303 0.0254 0.0221 0.0263 0.0120 0.2132 0.5996 
     D244119  2 0.0138 0.0298 0.0269 0.5341 0.0267 0.0269 0.0240 0.0159 0.3019 
     D244120  2 0.0587 0.0323 0.0802 0.0508 0.0337 0.3338 0.0122 0.0254 0.3730 
     D244122  2 0.0397 0.0380 0.0281 0.0373 0.0399 0.0968 0.0278 0.0560 0.6363 
        D291  2 0.0239 0.0476 0.5917 0.0206 0.0941 0.0480 0.0507 0.0826 0.0408 
        D292  2 0.0540 0.0956 0.2554 0.0598 0.0627 0.0463 0.1448 0.0281 0.2534 
        D293  2 0.1661 0.0150 0.0741 0.0194 0.1160 0.0236 0.1174 0.0178 0.4506 
        D322  2 0.1927 0.0426 0.0408 0.0190 0.0890 0.0260 0.0790 0.0412 0.4696 
        D323  2 0.1416 0.0962 0.0881 0.0463 0.1813 0.1488 0.0715 0.0413 0.1848 
        D324  2 0.0419 0.1127 0.3447 0.0626 0.1291 0.0379 0.1156 0.1080 0.0476 
        D325  2 0.0289 0.0147 0.0509 0.0112 0.0530 0.0269 0.0440 0.0202 0.7502 
        D326  2 0.0181 0.0130 0.0242 0.0300 0.0235 0.0157 0.8438 0.0142 0.0175 
        D340  2 0.0257 0.0207 0.0255 0.0210 0.0238 0.0137 0.0225 0.0187 0.8284 
        D341  2 0.0488 0.0587 0.0896 0.0396 0.0600 0.0777 0.0521 0.0333 0.5402 
        D342  2 0.0208 0.0806 0.0411 0.0214 0.1321 0.0720 0.0246 0.0621 0.5452 
        D343  2 0.0180 0.0119 0.0139 0.0115 0.0163 0.0156 0.0181 0.0140 0.8808 
        D344  2 0.4336 0.0545 0.0309 0.0265 0.1025 0.1731 0.0954 0.0222 0.0613 
        D345  2 0.1955 0.3947 0.0492 0.0294 0.1222 0.0202 0.0902 0.0575 0.0411 
        D346  2 0.0519 0.0691 0.0845 0.4797 0.0782 0.0494 0.0619 0.0374 0.0878 
        D351  2 0.1185 0.0748 0.1971 0.0287 0.1577 0.0860 0.2139 0.0715 0.0517 
        D352  2 0.6366 0.0406 0.0500 0.0567 0.0859 0.0357 0.0219 0.0225 0.0502 
        D353  2 0.0910 0.0216 0.0475 0.0209 0.5163 0.0481 0.1931 0.0222 0.0392 
        D354  2 0.6821 0.0616 0.0249 0.0441 0.0644 0.0305 0.0546 0.0213 0.0165 
        D362  2 0.0263 0.0435 0.0332 0.0337 0.0371 0.0341 0.6946 0.0659 0.0316 
        D363  2 0.0336 0.0494 0.0336 0.0579 0.0513 0.0220 0.6714 0.0412 0.0396 
        D364  2 0.3394 0.0955 0.0284 0.0357 0.1092 0.0363 0.3018 0.0273 0.0265 
        D365  2 0.0280 0.0164 0.0193 0.0241 0.0220 0.0141 0.0280 0.0112 0.8368 
        D369  2 0.0274 0.1577 0.1299 0.1784 0.1016 0.0443 0.1720 0.0424 0.1463 
        D374  2 0.0245 0.0519 0.0224 0.3739 0.0467 0.4196 0.0194 0.0169 0.0247 
        D375  2 0.7915 0.0250 0.0130 0.0201 0.0485 0.0413 0.0196 0.0246 0.0164 
        D376  2 0.0649 0.0664 0.0279 0.4045 0.0827 0.2759 0.0184 0.0219 0.0375 
        D377  2 0.0910 0.3100 0.0873 0.0656 0.1252 0.1366 0.0370 0.0601 0.0873 
        D378  2 0.2560 0.0434 0.0579 0.0336 0.1279 0.0210 0.1028 0.1254 0.2320 
        D379  2 0.0650 0.0270 0.0388 0.0245 0.0836 0.0335 0.6832 0.0213 0.0231 
        D384  2 0.0219 0.0246 0.0236 0.0397 0.0304 0.0135 0.8172 0.0138 0.0155 
        D385  2 0.1107 0.0262 0.0205 0.0311 0.0402 0.0329 0.0273 0.0142 0.6969 
        D386  2 0.5651 0.0419 0.0273 0.0217 0.1074 0.0406 0.0635 0.0578 0.0746 
        D391  2 0.1388 0.0236 0.0232 0.0181 0.0418 0.0221 0.0247 0.0225 0.6852 
        D392  2 0.0273 0.0935 0.0496 0.0563 0.0608 0.0528 0.0535 0.0431 0.5631 
        D393  2 0.2940 0.0745 0.1976 0.0296 0.0706 0.0276 0.1704 0.0506 0.0851 
        D394  2 0.1869 0.1333 0.0499 0.0471 0.1232 0.0866 0.0869 0.1958 0.0902 
        D395  2 0.3909 0.0231 0.0291 0.0236 0.0809 0.0425 0.0243 0.0295 0.3562 
        D401  2 0.0141 0.7808 0.0184 0.0269 0.0382 0.0503 0.0226 0.0146 0.0339 
        D402  2 0.0725 0.0354 0.0605 0.0193 0.0308 0.0271 0.0185 0.0200 0.7158 
        D403  2 0.1126 0.0349 0.0358 0.0236 0.3081 0.1054 0.2514 0.0861 0.0421 
        D415  2 0.0380 0.0748 0.0236 0.0178 0.2228 0.0400 0.5103 0.0419 0.0309 
        D435  2 0.0578 0.0501 0.0612 0.0194 0.0558 0.0210 0.5702 0.0312 0.1333 
        D436  2 0.4407 0.0323 0.0352 0.0659 0.0714 0.1194 0.1635 0.0410 0.0307 
        D438  2 0.0190 0.0149 0.0186 0.0260 0.0238 0.0144 0.0182 0.0194 0.8456 
        D439  2 0.5270 0.0721 0.0428 0.0164 0.1564 0.0209 0.0574 0.0365 0.0705 
        D449  2 0.0303 0.0371 0.0238 0.0263 0.1408 0.0236 0.1268 0.0356 0.5557 
        D450  2 0.2452 0.0569 0.0898 0.1639 0.1621 0.0832 0.0990 0.0701 0.0298 
        D456  2 0.0224 0.0142 0.0321 0.0166 0.0356 0.0169 0.8298 0.0196 0.0127 
        D462  2 0.1327 0.0166 0.0234 0.0144 0.0294 0.0176 0.0334 0.0217 0.7108 
        D463  2 0.0289 0.0227 0.0176 0.0387 0.0263 0.0195 0.8169 0.0187 0.0106 
        D464  2 0.3264 0.0273 0.0248 0.0345 0.3215 0.1141 0.0586 0.0213 0.0715 
        D465  2 0.0296 0.0733 0.0267 0.0268 0.1015 0.0621 0.1442 0.0310 0.5049 
        D473  2 0.1295 0.1058 0.0390 0.4863 0.0493 0.0545 0.0247 0.0650 0.0459 
        D474  2 0.0352 0.0554 0.1738 0.0575 0.0573 0.0181 0.4791 0.0613 0.0624 
        D476  2 0.4603 0.0168 0.0336 0.0138 0.0372 0.0177 0.0265 0.3297 0.0645 
        D477  2 0.3318 0.1670 0.1125 0.0542 0.0998 0.0255 0.1517 0.0321 0.0255 
        D478  2 0.1032 0.0361 0.0637 0.1257 0.1529 0.0918 0.0512 0.2951 0.0804 
        D480  2 0.2760 0.0368 0.1348 0.1042 0.1115 0.0471 0.1654 0.0295 0.0947 
        D481  2 0.2097 0.0981 0.0566 0.0972 0.1129 0.0430 0.1741 0.1170 0.0915 
        D482  2 0.2758 0.1134 0.2034 0.0823 0.1214 0.1063 0.0235 0.0430 0.0308 
        D483  2 0.0174 0.0189 0.0205 0.0636 0.0226 0.0242 0.0167 0.0207 0.7955 
        D484  2 0.8029 0.0184 0.0220 0.0242 0.0199 0.0552 0.0121 0.0146 0.0307 
        D510  2 0.0333 0.0402 0.1778 0.5097 0.0486 0.1042 0.0240 0.0252 0.0370 
        D511  2 0.6464 0.0323 0.0465 0.0226 0.0554 0.0251 0.0656 0.0405 0.0656 
        D512  2 0.0375 0.3843 0.0388 0.0168 0.1131 0.1687 0.0254 0.0405 0.1749 
        D513  2 0.0314 0.0442 0.1054 0.0554 0.1097 0.0445 0.0917 0.0315 0.4863 
        D635  2 0.0323 0.0375 0.0293 0.0297 0.1175 0.0160 0.2572 0.4310 0.0496 
        D636  2 0.0194 0.0563 0.0140 0.0253 0.0297 0.0166 0.0320 0.7870 0.0197 
        D637  2 0.2837 0.0888 0.0708 0.0773 0.1371 0.1186 0.0263 0.0312 0.1663 
        D658  2 0.1557 0.0613 0.0268 0.0950 0.0558 0.0866 0.0284 0.0334 0.4570 
        D659  2 0.0876 0.0209 0.0582 0.0372 0.0521 0.0226 0.6376 0.0635 0.0205 
        D677  2 0.0529 0.0749 0.1177 0.0252 0.0867 0.1298 0.2974 0.1395 0.0760 
        D678  2 0.0272 0.0353 0.0259 0.0170 0.0953 0.1091 0.0235 0.0181 0.6487 
        D679  2 0.0829 0.0605 0.1639 0.0556 0.1647 0.0348 0.3391 0.0478 0.0507 
        D719  2 0.0580 0.0566 0.1287 0.4013 0.0653 0.0222 0.1206 0.0131 0.1341 
        D720  2 0.0282 0.0490 0.0317 0.0884 0.0480 0.0281 0.6621 0.0311 0.0334 
        D721  2 0.0395 0.0208 0.0217 0.0323 0.0465 0.0124 0.0467 0.7197 0.0603 
        D722  2 0.0357 0.1229 0.0544 0.2453 0.0787 0.3314 0.0293 0.0249 0.0774 
        D734  2 0.6281 0.0177 0.0510 0.1388 0.0378 0.0322 0.0204 0.0199 0.0542 
        D735  2 0.1242 0.1885 0.0732 0.0943 0.1839 0.0469 0.1587 0.0540 0.0763 
        D736  2 0.0648 0.0614 0.2474 0.3370 0.0736 0.0285 0.0578 0.0561 0.0733 
        D737  2 0.1353 0.0363 0.0768 0.0412 0.0491 0.0429 0.0166 0.0623 0.5396 
        D807  2 0.1085 0.1275 0.1661 0.2164 0.0772 0.0835 0.0971 0.0568 0.0667 
        D808  2 0.0914 0.1473 0.0880 0.0294 0.2173 0.1596 0.0581 0.0703 0.1385 
        D817  2 0.1026 0.1375 0.0670 0.0420 0.1601 0.0652 0.3474 0.0482 0.0301 
        D818  2 0.0511 0.0243 0.1482 0.0323 0.2129 0.1158 0.0619 0.1314 0.2220 
        D819  2 0.0415 0.3397 0.0640 0.0351 0.1416 0.0983 0.1732 0.0643 0.0423 
        D820  2 0.1708 0.0132 0.0484 0.0231 0.0473 0.0233 0.6111 0.0264 0.0363 
        D895  2 0.0651 0.1109 0.0320 0.0425 0.2018 0.0333 0.3698 0.1002 0.0444 
        D896  2 0.0235 0.7815 0.0175 0.0303 0.0244 0.0609 0.0193 0.0217 0.0208 
        D897  2 0.0458 0.0676 0.0566 0.0273 0.1184 0.0606 0.0277 0.0335 0.5624 
        D898  2 0.0597 0.3016 0.1663 0.0454 0.1705 0.1281 0.0498 0.0398 0.0390 
        D918  2 0.1204 0.1865 0.0848 0.0676 0.1806 0.1108 0.0371 0.1381 0.0742 
        D919  2 0.4139 0.0266 0.1023 0.0248 0.1114 0.0494 0.1262 0.0415 0.1040 
        D920  2 0.0402 0.0620 0.0288 0.0720 0.0438 0.0883 0.0325 0.5911 0.0412 
        D923  2 0.1465 0.0278 0.0357 0.0262 0.0853 0.0358 0.5729 0.0314 0.0384 
        D930  2 0.2394 0.0863 0.0741 0.1130 0.1991 0.0600 0.1482 0.0331 0.0469 
        D931  2 0.3222 0.0431 0.0578 0.0462 0.1035 0.0613 0.1815 0.0400 0.1444 
        D968  2 0.0327 0.0221 0.0770 0.0177 0.0358 0.0242 0.0303 0.0172 0.7430 
        D969  2 0.0702 0.0611 0.2213 0.0698 0.1211 0.0428 0.1843 0.0422 0.1872 
        D977  2 0.0423 0.0226 0.0315 0.0218 0.0765 0.0500 0.0371 0.0277 0.6906 
        D978  2 0.0361 0.0293 0.4116 0.0384 0.1714 0.1212 0.0286 0.0294 0.1340 
        D211  3 0.0399 0.0515 0.0536 0.0253 0.0636 0.1155 0.0603 0.5622 0.0281 
     D229639  3 0.0285 0.0582 0.5744 0.0964 0.0568 0.0426 0.0685 0.0305 0.0441 
     D237212  3 0.2337 0.0830 0.3196 0.0289 0.0826 0.0545 0.0633 0.0731 0.0612 
     D237213  3 0.1172 0.3507 0.0661 0.0169 0.1332 0.1227 0.0452 0.1061 0.0418 
     D237214  3 0.0175 0.0136 0.0126 0.0250 0.0353 0.0227 0.0268 0.8313 0.0153 
     D237215  3 0.0174 0.0478 0.1172 0.0797 0.0340 0.1618 0.0155 0.0186 0.5079 
     D237216  3 0.0369 0.0564 0.0469 0.0244 0.6044 0.0596 0.0538 0.0880 0.0296 
     D237217  3 0.0258 0.1678 0.0694 0.0161 0.2216 0.0735 0.1093 0.2901 0.0265 
     D237218  3 0.1652 0.0290 0.3932 0.0687 0.0949 0.0752 0.0541 0.0580 0.0618 
     D237219  3 0.0191 0.4013 0.1695 0.0788 0.0921 0.0796 0.0542 0.0703 0.0352 
     D237382  3 0.0426 0.1162 0.0353 0.0834 0.0825 0.4549 0.0935 0.0428 0.0489 
     D244127  3 0.0388 0.5721 0.0838 0.0206 0.0662 0.0578 0.0247 0.0467 0.0893 
     D244129  3 0.1134 0.1686 0.1108 0.0507 0.1289 0.1159 0.0936 0.1314 0.0868 
     D244133  3 0.0172 0.1041 0.0545 0.1603 0.1701 0.0875 0.1206 0.0949 0.1907 
     D244134  3 0.0255 0.1642 0.3850 0.2432 0.0510 0.0246 0.0337 0.0369 0.0360 
     D244135  3 0.0275 0.0272 0.0292 0.0190 0.0469 0.0291 0.0424 0.7205 0.0584 
     D244136  3 0.0302 0.0656 0.1046 0.1881 0.1113 0.0854 0.2454 0.0615 0.1080 
        D416  3 0.0593 0.1663 0.0625 0.0354 0.2674 0.0507 0.1088 0.0817 0.1679 
        D417  3 0.0327 0.0345 0.0310 0.0323 0.0496 0.0863 0.6787 0.0359 0.0190 
        D419  3 0.0455 0.2172 0.2096 0.0627 0.1195 0.0669 0.1186 0.0823 0.0777 
        D565  3 0.0175 0.0240 0.0428 0.7882 0.0259 0.0182 0.0445 0.0230 0.0159 
        D566  3 0.0238 0.0707 0.3256 0.2605 0.0794 0.0628 0.0676 0.0380 0.0717 
        D567  3 0.0697 0.1461 0.0357 0.0324 0.0912 0.0386 0.4535 0.0823 0.0504 
        D568  3 0.1827 0.1100 0.0771 0.0210 0.1281 0.0777 0.1288 0.1362 0.1384 
        D569  3 0.4868 0.0314 0.0530 0.0514 0.1065 0.0717 0.0269 0.0835 0.0887 
        D573  3 0.0354 0.0452 0.4299 0.0283 0.0820 0.0288 0.1539 0.0256 0.1709 
        D574  3 0.0432 0.0833 0.1198 0.2964 0.1705 0.1351 0.0438 0.0603 0.0476 
        D575  3 0.0332 0.3846 0.0735 0.0925 0.1325 0.0316 0.0978 0.0923 0.0620 
        D576  3 0.0284 0.0258 0.0771 0.0318 0.0512 0.1336 0.0108 0.0463 0.5950 
        D577  3 0.0696 0.0352 0.0470 0.0344 0.0786 0.0519 0.5317 0.1227 0.0289 
        D578  3 0.0149 0.0254 0.0203 0.0164 0.0291 0.0367 0.0155 0.8128 0.0288 
        D579  3 0.1412 0.0725 0.1684 0.1962 0.0963 0.0465 0.1545 0.0562 0.0682 
        D660  3 0.0544 0.0918 0.0315 0.0163 0.0931 0.0597 0.0209 0.0525 0.5797 
        D661  3 0.0969 0.0371 0.3038 0.0232 0.1483 0.0623 0.0340 0.0818 0.2127 
        D663  3 0.0478 0.0250 0.5355 0.0216 0.1141 0.0820 0.0718 0.0316 0.0705 
        D664  3 0.0292 0.1691 0.0649 0.0744 0.1156 0.1102 0.0277 0.2079 0.2011 
        D665  3 0.0900 0.1094 0.0668 0.0140 0.2490 0.2458 0.0212 0.1492 0.0547 
        D666  3 0.0331 0.5031 0.0798 0.0922 0.0863 0.0385 0.0803 0.0523 0.0345 
        D009  4 0.1183 0.1162 0.0565 0.0444 0.1673 0.1151 0.1414 0.2102 0.0307 
        D057  4 0.3815 0.0159 0.0991 0.0283 0.0436 0.0274 0.0304 0.2479 0.1259 
        D109  4 0.0368 0.5063 0.0363 0.0566 0.1752 0.0510 0.0448 0.0732 0.0199 
     D237222  4 0.0448 0.0493 0.0396 0.1339 0.0431 0.1123 0.0354 0.5094 0.0322 
     D237223  4 0.0679 0.1458 0.0620 0.1081 0.1756 0.1649 0.0556 0.1578 0.0624 
     D237224  4 0.2019 0.0759 0.1798 0.0363 0.0935 0.0536 0.1118 0.0510 0.1962 
     D237225  4 0.0791 0.0680 0.1487 0.0623 0.2432 0.0922 0.1559 0.1113 0.0393 
     D237299  4 0.0315 0.0605 0.1336 0.0458 0.2954 0.2711 0.0290 0.1000 0.0331 
     D237300  4 0.0255 0.0415 0.6964 0.0365 0.0684 0.0415 0.0229 0.0247 0.0427 
     D237306  4 0.0548 0.0700 0.0360 0.4660 0.0617 0.1493 0.0925 0.0408 0.0289 
     D237307  4 0.0214 0.0503 0.0813 0.1649 0.0855 0.0698 0.4285 0.0544 0.0439 
     D237308  4 0.2098 0.0684 0.0405 0.0760 0.0556 0.0291 0.0391 0.0503 0.4313 
     D237309  4 0.1087 0.0871 0.0792 0.0258 0.2514 0.0988 0.1779 0.1150 0.0562 
     D237317  4 0.0365 0.0631 0.0708 0.3453 0.1780 0.0504 0.1520 0.0701 0.0339 
     D237318  4 0.0163 0.0201 0.7703 0.0225 0.0394 0.0357 0.0332 0.0183 0.0444 
     D237319  4 0.0398 0.1033 0.0646 0.0502 0.2277 0.2464 0.0667 0.1355 0.0657 
     D237320  4 0.0287 0.1004 0.1578 0.0378 0.0997 0.1388 0.0790 0.2564 0.1014 
     D237321  4 0.0233 0.0494 0.5263 0.0564 0.0730 0.0495 0.0658 0.0627 0.0936 
     D237397  4 0.0313 0.0646 0.1985 0.1937 0.1232 0.1341 0.0630 0.1043 0.0872 
     D237398  4 0.0600 0.0203 0.6306 0.0195 0.0931 0.0410 0.0644 0.0370 0.0341 
     D237399  4 0.0521 0.0530 0.3605 0.1703 0.0591 0.0683 0.0823 0.1081 0.0463 
     D244001  4 0.0669 0.0386 0.0382 0.0345 0.1408 0.0971 0.0518 0.4074 0.1246 
        D289  4 0.2947 0.0327 0.1111 0.2405 0.0721 0.0364 0.0513 0.0652 0.0960 
        D290  4 0.0363 0.0307 0.1388 0.0271 0.0463 0.5879 0.0679 0.0365 0.0284 
        D294  4 0.3035 0.0220 0.0812 0.0380 0.2157 0.1051 0.0900 0.1040 0.0405 
        D295  4 0.0850 0.1652 0.0638 0.0521 0.0735 0.1848 0.3071 0.0348 0.0337 
        D301  4 0.0366 0.0593 0.1110 0.0659 0.0536 0.1156 0.0277 0.4740 0.0563 
        D302  4 0.7459 0.0167 0.0273 0.0160 0.0448 0.0421 0.0603 0.0310 0.0158 
        D303  4 0.1132 0.1109 0.0389 0.4811 0.0457 0.0633 0.0372 0.0377 0.0720 
        D304  4 0.0403 0.0300 0.2902 0.0975 0.0825 0.2859 0.0903 0.0453 0.0381 
        D305  4 0.3312 0.0373 0.0409 0.0132 0.4028 0.0367 0.0260 0.0326 0.0793 
        D306  4 0.0347 0.0280 0.0539 0.0288 0.1661 0.5944 0.0331 0.0380 0.0229 
        D307  4 0.0466 0.0415 0.0488 0.0882 0.0304 0.0368 0.0184 0.6577 0.0317 
        D327  4 0.0399 0.0222 0.0443 0.0646 0.1017 0.0470 0.6102 0.0313 0.0388 
        D328  4 0.4913 0.0574 0.0290 0.1269 0.0754 0.1318 0.0266 0.0295 0.0319 
        D329  4 0.2719 0.0671 0.1182 0.0513 0.1379 0.0679 0.0640 0.0828 0.1390 
        D330  4 0.1022 0.1800 0.0238 0.0196 0.1176 0.1164 0.2697 0.0972 0.0735 
        D331  4 0.0330 0.0743 0.2427 0.0875 0.1056 0.2432 0.1305 0.0471 0.0360 
        D333  4 0.2020 0.0979 0.1108 0.0993 0.0978 0.1604 0.0736 0.0705 0.0878 
        D334  4 0.0742 0.0274 0.0618 0.5434 0.0587 0.0520 0.0808 0.0763 0.0253 
        D335  4 0.5683 0.0254 0.0293 0.0310 0.0462 0.0521 0.1584 0.0274 0.0617 
        D370  4 0.0552 0.2850 0.0316 0.0478 0.0654 0.4000 0.0392 0.0327 0.0432 
        D371  4 0.0334 0.0247 0.0231 0.6312 0.0402 0.0378 0.1556 0.0217 0.0323 
        D372  4 0.0200 0.0315 0.6120 0.0286 0.1082 0.1127 0.0127 0.0197 0.0545 
        D373  4 0.0641 0.0290 0.0833 0.0243 0.0670 0.0259 0.0384 0.5888 0.0792 
        D455  4 0.0918 0.0290 0.0688 0.0271 0.0324 0.0312 0.0334 0.6508 0.0356 
        D490  4 0.0284 0.0348 0.0206 0.0236 0.0233 0.0548 0.0241 0.7768 0.0137 
        D497  4 0.0635 0.0454 0.0533 0.0256 0.0717 0.0661 0.0170 0.6376 0.0198 
        D498  4 0.0301 0.1291 0.1484 0.0824 0.0915 0.3680 0.0609 0.0397 0.0498 
        D499  4 0.1632 0.0944 0.0990 0.1048 0.1904 0.1183 0.0223 0.0265 0.1811 
        D514  4 0.1414 0.0641 0.0626 0.0179 0.1185 0.2225 0.2845 0.0562 0.0323 
        D515  4 0.0728 0.0817 0.0290 0.0361 0.1339 0.3566 0.0490 0.2008 0.0400 
        D516  4 0.0263 0.2620 0.0843 0.0638 0.1008 0.1135 0.1751 0.0971 0.0770 
        D517  4 0.0304 0.0592 0.0684 0.0221 0.1667 0.0262 0.0937 0.4703 0.0630 
        D518  4 0.5130 0.0184 0.0236 0.0776 0.0648 0.0427 0.0254 0.1971 0.0373 
        D519  4 0.0247 0.0828 0.1187 0.0328 0.1242 0.2181 0.0675 0.2770 0.0543 
        D560  4 0.0642 0.0411 0.1445 0.0190 0.1740 0.2267 0.1177 0.1195 0.0932 
        D561  4 0.0819 0.0448 0.0395 0.0184 0.2669 0.0485 0.1200 0.3181 0.0620 
        D562  4 0.1723 0.0545 0.0778 0.0586 0.1357 0.1478 0.0449 0.2296 0.0787 
        D563  4 0.1673 0.0493 0.0669 0.0220 0.1076 0.0590 0.0273 0.0652 0.4354 
        D572  4 0.6886 0.0182 0.0218 0.0296 0.0452 0.0503 0.0437 0.0720 0.0306 
        D629  4 0.1184 0.0483 0.0837 0.0274 0.1113 0.0252 0.1965 0.3638 0.0255 
        D630  4 0.1279 0.0328 0.1208 0.0610 0.0815 0.2167 0.1031 0.2087 0.0475 
        D631  4 0.6378 0.0226 0.0489 0.0212 0.0580 0.0470 0.0175 0.0464 0.1005 
        D632  4 0.2170 0.0936 0.0166 0.0220 0.0529 0.0368 0.0484 0.3484 0.1643 
        D646  4 0.0586 0.1559 0.0545 0.0373 0.1643 0.1127 0.2491 0.0998 0.0677 
        D647  4 0.0960 0.0510 0.0558 0.0168 0.0665 0.1213 0.4100 0.1233 0.0593 
        D648  4 0.3876 0.0208 0.0163 0.0521 0.0363 0.4113 0.0193 0.0229 0.0334 
        D649  4 0.2355 0.2919 0.0371 0.0284 0.0648 0.0378 0.2222 0.0597 0.0226 
        D650  4 0.1554 0.0674 0.0979 0.1126 0.1232 0.0995 0.1562 0.1542 0.0338 
        D708  4 0.2750 0.0556 0.1053 0.1985 0.1465 0.0942 0.0450 0.0545 0.0254 
        D709  4 0.0502 0.1615 0.0381 0.0289 0.0918 0.5404 0.0313 0.0275 0.0303 
        D738  4 0.0294 0.0822 0.0530 0.5507 0.0414 0.0581 0.0910 0.0761 0.0180 
        D739  4 0.0740 0.0551 0.0736 0.0424 0.1110 0.2728 0.0430 0.2985 0.0297 
        D740  4 0.0589 0.2237 0.1298 0.1396 0.2382 0.0620 0.0284 0.0582 0.0612 
        D741  4 0.0509 0.0817 0.0709 0.0204 0.2570 0.1622 0.1864 0.0868 0.0836 
        D742  4 0.0906 0.0548 0.1362 0.1075 0.1394 0.0771 0.0396 0.0937 0.2612 
        D743  4 0.4393 0.0219 0.0559 0.0247 0.0641 0.0300 0.2798 0.0377 0.0466 
        D744  4 0.7863 0.0241 0.0229 0.0207 0.0379 0.0215 0.0206 0.0306 0.0353 
        D745  4 0.0410 0.1263 0.0518 0.0246 0.1197 0.2348 0.0368 0.3316 0.0334 
        D814  4 0.0761 0.0183 0.0872 0.0237 0.3067 0.1212 0.0564 0.0914 0.2188 
        D815  4 0.3905 0.0818 0.0533 0.0393 0.0500 0.2015 0.1119 0.0312 0.0405 
        D828  4 0.0690 0.0336 0.0582 0.0622 0.0411 0.6189 0.0138 0.0323 0.0708 
        D845  4 0.0238 0.0180 0.8142 0.0335 0.0271 0.0152 0.0248 0.0134 0.0300 
        D846  4 0.3165 0.0270 0.0795 0.0144 0.1009 0.0534 0.1242 0.1223 0.1620 
        D847  4 0.0786 0.0603 0.1426 0.0986 0.1177 0.0999 0.0805 0.2604 0.0614 
        D848  4 0.0411 0.0203 0.1744 0.0204 0.0377 0.0262 0.0192 0.5964 0.0642 
        D849  4 0.0480 0.1371 0.0452 0.0289 0.1325 0.2729 0.0554 0.2235 0.0564 
        D850  4 0.0633 0.0417 0.2078 0.0723 0.1702 0.0270 0.1454 0.2224 0.0499 
        D856  4 0.0865 0.1726 0.0655 0.0465 0.2548 0.2332 0.0486 0.0580 0.0341 
        D857  4 0.0315 0.5413 0.0184 0.0421 0.0421 0.1728 0.0120 0.0410 0.0988 
        D859  4 0.5001 0.0303 0.1164 0.0264 0.0928 0.0632 0.0871 0.0375 0.0463 
        D860  4 0.0963 0.0368 0.1567 0.4484 0.0535 0.0228 0.0663 0.0387 0.0805 
        D883  4 0.0764 0.1439 0.0714 0.0867 0.0831 0.0826 0.2355 0.1786 0.0418 
        D884  4 0.0948 0.2024 0.0390 0.0963 0.0929 0.2781 0.0812 0.0917 0.0236 
        D885  4 0.0741 0.0574 0.2376 0.0247 0.2483 0.0651 0.1321 0.0653 0.0953 
        D886  4 0.0658 0.1241 0.0451 0.0248 0.0699 0.2594 0.1570 0.1894 0.0646 
        D887  4 0.1206 0.0777 0.2101 0.0643 0.1284 0.1061 0.0951 0.0490 0.1487 
        D889  4 0.0487 0.0162 0.6029 0.0218 0.0644 0.1750 0.0384 0.0181 0.0145 
        D890  4 0.1437 0.1875 0.0483 0.0897 0.1207 0.1665 0.0520 0.0975 0.0940 
        D891  4 0.0123 0.0125 0.8993 0.0119 0.0156 0.0107 0.0129 0.0117 0.0131 
        D899  4 0.0970 0.0369 0.1798 0.0963 0.0767 0.0727 0.0318 0.0322 0.3766 
        D900  4 0.1443 0.0719 0.0725 0.0663 0.1609 0.1485 0.1530 0.1020 0.0805 
        D970  4 0.3626 0.0482 0.1307 0.0475 0.1137 0.0492 0.1187 0.0701 0.0593 
        D971  4 0.1778 0.0748 0.0267 0.0684 0.0845 0.0460 0.0596 0.0350 0.4272 
        D979  4 0.4022 0.0253 0.0427 0.0380 0.0676 0.0523 0.3046 0.0293 0.0380 
        D093  5 0.0300 0.0296 0.0561 0.7002 0.0338 0.0472 0.0452 0.0300 0.0279 
        D154  5 0.0508 0.0595 0.1656 0.0502 0.3117 0.1836 0.0322 0.0227 0.1238 
        D168  5 0.0436 0.0990 0.1137 0.0182 0.2161 0.0991 0.0781 0.1282 0.2039 
        D189  5 0.0343 0.0347 0.2145 0.2924 0.0556 0.2637 0.0458 0.0235 0.0355 
        D190  5 0.0641 0.0518 0.0500 0.6644 0.0343 0.0465 0.0331 0.0220 0.0336 
     D237220  5 0.0794 0.1133 0.2295 0.1338 0.0960 0.1188 0.0353 0.1661 0.0279 
     D237221  5 0.0867 0.0841 0.2621 0.2308 0.0780 0.0426 0.0520 0.0445 0.1192 
     D237274  5 0.2700 0.0677 0.0350 0.0173 0.1140 0.0575 0.3404 0.0382 0.0599 
     D237275  5 0.0182 0.0607 0.1153 0.0290 0.0721 0.1735 0.0247 0.0271 0.4794 
     D237276  5 0.0525 0.1783 0.0418 0.1643 0.1027 0.2262 0.1159 0.0706 0.0476 
     D237277  5 0.0701 0.0790 0.1583 0.4930 0.0432 0.0327 0.0272 0.0215 0.0750 
     D237278  5 0.0944 0.0749 0.0355 0.1587 0.1226 0.0795 0.0634 0.0690 0.3022 
     D237279  5 0.0974 0.2377 0.0390 0.0269 0.3295 0.0191 0.0481 0.1692 0.0331 
     D237280  5 0.0403 0.5194 0.0335 0.0677 0.1046 0.0435 0.1063 0.0651 0.0194 
     D237281  5 0.0315 0.0239 0.5252 0.0284 0.0815 0.0331 0.0485 0.0201 0.2079 
     D237351  5 0.0212 0.7556 0.0290 0.0526 0.0368 0.0327 0.0217 0.0299 0.0205 
     D237352  5 0.2510 0.0650 0.0269 0.0616 0.0702 0.0461 0.0680 0.3319 0.0792 
     D237353  5 0.0401 0.1423 0.0859 0.6052 0.0427 0.0256 0.0203 0.0158 0.0220 
     D237359  5 0.0576 0.0678 0.3962 0.0661 0.1256 0.1173 0.0370 0.1073 0.0250 
     D237361  5 0.0225 0.0554 0.0416 0.7549 0.0305 0.0348 0.0243 0.0164 0.0195 
     D237362  5 0.0635 0.1634 0.1122 0.1139 0.1680 0.0567 0.2016 0.0522 0.0685 
     D237363  5 0.0291 0.0450 0.0678 0.0515 0.5571 0.0508 0.0369 0.0309 0.1310 
     D237364  5 0.1503 0.0514 0.1176 0.0167 0.1883 0.1517 0.0814 0.1115 0.1312 
     D237376  5 0.1180 0.0276 0.0289 0.0975 0.0361 0.6156 0.0144 0.0204 0.0416 
     D237377  5 0.0576 0.4036 0.0410 0.1171 0.1412 0.0257 0.1221 0.0328 0.0590 
     D237378  5 0.0933 0.0399 0.0875 0.4142 0.0807 0.1237 0.0281 0.0457 0.0869 
     D237379  5 0.3084 0.0265 0.0685 0.2000 0.0968 0.1650 0.0345 0.0429 0.0574 
     D237380  5 0.1035 0.4764 0.0162 0.0588 0.0603 0.2100 0.0231 0.0292 0.0226 
     D237381  5 0.0976 0.2566 0.0766 0.0717 0.1002 0.0897 0.0389 0.1975 0.0712 
     D237391  5 0.0248 0.0250 0.0638 0.7733 0.0278 0.0175 0.0248 0.0231 0.0199 
     D237392  5 0.1350 0.0801 0.0357 0.0317 0.1182 0.1256 0.1982 0.0527 0.2229 
     D237393  5 0.0489 0.1616 0.0663 0.1906 0.0674 0.0523 0.2975 0.0528 0.0625 
     D237394  5 0.0406 0.0360 0.0283 0.7995 0.0227 0.0164 0.0200 0.0239 0.0126 
     D237395  5 0.0267 0.1061 0.1374 0.2293 0.1185 0.2029 0.0421 0.0737 0.0632 
     D237396  5 0.0931 0.0721 0.0925 0.1850 0.1153 0.0173 0.2392 0.1040 0.0816 
     D244016  5 0.2597 0.0812 0.1045 0.1534 0.2229 0.0511 0.0272 0.0352 0.0648 
     D244018  5 0.0308 0.0527 0.1142 0.2199 0.0962 0.0329 0.0876 0.0621 0.3036 
     D244019  5 0.0987 0.1254 0.2073 0.0441 0.1874 0.0946 0.0922 0.0313 0.1189 
        D279  5 0.0659 0.0695 0.4532 0.0563 0.1560 0.0894 0.0341 0.0261 0.0495 
        D280  5 0.0328 0.0936 0.2518 0.1469 0.2055 0.0566 0.0840 0.0724 0.0565 
        D281  5 0.0373 0.0196 0.5463 0.0744 0.1123 0.0845 0.0319 0.0214 0.0721 
        D283  5 0.0375 0.0730 0.2450 0.4227 0.0863 0.0237 0.0671 0.0214 0.0232 
        D284  5 0.0423 0.0807 0.1017 0.0344 0.2033 0.1828 0.0652 0.2406 0.0490 
        D285  5 0.0660 0.0636 0.3065 0.3179 0.0779 0.0453 0.0734 0.0289 0.0206 
        D286  5 0.1110 0.0511 0.0967 0.1761 0.0904 0.2812 0.0963 0.0616 0.0357 
        D287  5 0.0958 0.0376 0.0354 0.1207 0.0605 0.5582 0.0190 0.0452 0.0277 
        D288  5 0.0295 0.1179 0.3919 0.0822 0.1388 0.0266 0.1407 0.0320 0.0404 
        D308  5 0.0317 0.7010 0.0234 0.0291 0.0612 0.0284 0.0763 0.0263 0.0227 
        D309  5 0.8006 0.0282 0.0159 0.0224 0.0350 0.0227 0.0223 0.0365 0.0164 
        D310  5 0.0185 0.0311 0.0768 0.6041 0.1681 0.0390 0.0264 0.0195 0.0165 
        D311  5 0.1262 0.0560 0.0643 0.1008 0.1792 0.2309 0.1572 0.0377 0.0476 
        D312  5 0.2114 0.0468 0.0883 0.1725 0.1018 0.1431 0.0887 0.1003 0.0471 
        D313  5 0.0115 0.5037 0.0180 0.0395 0.0257 0.0214 0.0183 0.3490 0.0129 
        D314  5 0.0717 0.1213 0.1638 0.0758 0.1669 0.1970 0.0337 0.0540 0.1158 
        D315  5 0.0550 0.1201 0.0463 0.2164 0.1041 0.0886 0.2087 0.0945 0.0663 
        D317  5 0.0168 0.0256 0.0379 0.7521 0.0300 0.0465 0.0495 0.0244 0.0172 
        D318  5 0.1720 0.0536 0.0673 0.0570 0.2090 0.0962 0.0935 0.1252 0.1263 
        D319  5 0.0195 0.0875 0.0491 0.7245 0.0301 0.0271 0.0285 0.0167 0.0170 
        D320  5 0.0725 0.0706 0.1174 0.5422 0.0531 0.0540 0.0311 0.0386 0.0203 
        D321  5 0.0206 0.6373 0.1286 0.0490 0.0359 0.0154 0.0740 0.0270 0.0122 
        D336  5 0.0567 0.0226 0.0263 0.5470 0.0444 0.2433 0.0239 0.0200 0.0157 
        D337  5 0.0328 0.0261 0.0926 0.7379 0.0263 0.0213 0.0287 0.0158 0.0185 
        D338  5 0.0645 0.0568 0.1644 0.1654 0.1676 0.0749 0.1874 0.0562 0.0627 
        D339  5 0.0210 0.0862 0.1166 0.4949 0.0998 0.0612 0.0471 0.0340 0.0392 
        D347  5 0.0641 0.0320 0.1289 0.0408 0.0668 0.4678 0.1109 0.0295 0.0590 
        D348  5 0.1480 0.0272 0.0600 0.6019 0.0482 0.0458 0.0254 0.0198 0.0237 
        D349  5 0.0176 0.8503 0.0222 0.0324 0.0163 0.0188 0.0165 0.0117 0.0141 
        D350  5 0.8104 0.0240 0.0220 0.0190 0.0359 0.0286 0.0160 0.0218 0.0224 
        D355  5 0.0880 0.0430 0.3826 0.0288 0.2130 0.0821 0.0800 0.0222 0.0602 
        D356  5 0.0669 0.0529 0.0813 0.2673 0.0912 0.0955 0.1707 0.1436 0.0306 
        D357  5 0.0562 0.0693 0.1215 0.0645 0.1714 0.3814 0.0639 0.0339 0.0378 
        D358  5 0.1439 0.0618 0.0555 0.3900 0.1147 0.0638 0.0337 0.0845 0.0521 
        D359  5 0.1216 0.0834 0.1543 0.3554 0.0863 0.0237 0.1384 0.0180 0.0188 
        D360  5 0.0408 0.0415 0.0712 0.4412 0.0565 0.0626 0.0838 0.1792 0.0231 
        D361  5 0.0169 0.8269 0.0147 0.0242 0.0287 0.0221 0.0263 0.0191 0.0210 
        D366  5 0.0262 0.0276 0.0269 0.0217 0.0475 0.0230 0.5341 0.0247 0.2683 
        D367  5 0.0974 0.1150 0.0654 0.3257 0.1959 0.1171 0.0276 0.0337 0.0223 
        D368  5 0.0434 0.3843 0.0819 0.1411 0.1611 0.0525 0.0861 0.0270 0.0226 
        D380  5 0.5330 0.0724 0.0467 0.0333 0.1587 0.0271 0.0281 0.0533 0.0473 
        D381  5 0.0752 0.0520 0.2098 0.4327 0.1097 0.0257 0.0415 0.0226 0.0308 
        D400  5 0.1025 0.0352 0.1694 0.1875 0.0963 0.2200 0.0707 0.0399 0.0786 
        D411  5 0.0252 0.0434 0.0219 0.0127 0.0633 0.1306 0.0264 0.6278 0.0487 
        D412  5 0.0620 0.0785 0.1300 0.0648 0.2371 0.1497 0.0810 0.0850 0.1120 
        D413  5 0.0877 0.0262 0.0342 0.0384 0.0857 0.0339 0.0948 0.0753 0.5238 
        D414  5 0.6096 0.0201 0.0654 0.0192 0.0641 0.1034 0.0298 0.0185 0.0700 
        D420  5 0.0223 0.0519 0.3654 0.0432 0.0961 0.1230 0.0228 0.2580 0.0172 
        D431  5 0.0965 0.1611 0.1250 0.0485 0.1517 0.2663 0.0207 0.0500 0.0802 
        D432  5 0.0336 0.0727 0.0783 0.4189 0.0835 0.0383 0.0925 0.0925 0.0897 
        D433  5 0.0263 0.1893 0.1595 0.3640 0.0558 0.0752 0.0683 0.0231 0.0384 
        D434  5 0.0374 0.1363 0.1519 0.4148 0.0842 0.0637 0.0528 0.0361 0.0228 
        D440  5 0.7923 0.0347 0.0188 0.0213 0.0411 0.0367 0.0179 0.0195 0.0177 
        D447  5 0.1823 0.0402 0.0389 0.0289 0.2024 0.0698 0.1971 0.1643 0.0760 
        D448  5 0.0366 0.0332 0.0746 0.2248 0.0842 0.4077 0.0786 0.0260 0.0343 
        D459  5 0.0721 0.0251 0.4686 0.0314 0.0714 0.0314 0.0717 0.0199 0.2084 
        D460  5 0.0297 0.7586 0.0240 0.0541 0.0328 0.0185 0.0465 0.0158 0.0200 
        D461  5 0.8116 0.0203 0.0208 0.0215 0.0212 0.0218 0.0425 0.0206 0.0195 
        D468  5 0.0500 0.1682 0.0369 0.1040 0.1851 0.1731 0.1869 0.0411 0.0547 
        D469  5 0.0657 0.1232 0.0614 0.0738 0.0829 0.0639 0.4342 0.0657 0.0293 
        D470  5 0.0774 0.0635 0.0468 0.0753 0.1254 0.3145 0.0904 0.1742 0.0324 
        D471  5 0.0486 0.0340 0.1144 0.3565 0.0590 0.2706 0.0659 0.0193 0.0316 
        D472  5 0.0294 0.0223 0.1151 0.0258 0.0364 0.0214 0.6352 0.0250 0.0895 
        D479  5 0.1029 0.0334 0.0228 0.0201 0.0448 0.0898 0.0318 0.0258 0.6286 
        D485  5 0.1709 0.0271 0.0321 0.0334 0.0484 0.5785 0.0247 0.0461 0.0388 
        D486  5 0.0508 0.0927 0.0333 0.0652 0.1327 0.3622 0.1205 0.0907 0.0519 
        D487  5 0.1192 0.0563 0.3429 0.1294 0.0961 0.0697 0.0386 0.0352 0.1125 
        D555  5 0.0175 0.0238 0.0370 0.7431 0.0311 0.0303 0.0303 0.0225 0.0644 
        D556  5 0.1842 0.1606 0.2717 0.0942 0.1002 0.0700 0.0320 0.0487 0.0385 
