        D174  1 0.0359 0.0613 0.3426 0.0905 0.0732 0.1070 0.0764 0.0691 0.0990 0.0267 0.0184 
        D199  1 0.1318 0.1987 0.1032 0.0268 0.1082 0.0409 0.0773 0.0898 0.0230 0.1702 0.0302 
        D203  1 0.1438 0.1855 0.0490 0.1330 0.1027 0.0196 0.0557 0.0706 0.0957 0.1104 0.0338 
        D204  1 0.0320 0.7395 0.0187 0.0259 0.0225 0.0259 0.0150 0.0239 0.0183 0.0182 0.0601 
     D237366  1 0.0397 0.0513 0.0515 0.0193 0.0762 0.0211 0.3828 0.0404 0.1909 0.0355 0.0913 
     D237367  1 0.0698 0.2425 0.0349 0.0504 0.1468 0.1109 0.1724 0.0603 0.0551 0.0185 0.0383 
     D237368  1 0.0884 0.1551 0.0959 0.0513 0.0739 0.0264 0.3797 0.0340 0.0295 0.0206 0.0454 
     D244101  1 0.0780 0.1102 0.0196 0.0300 0.0653 0.0402 0.0161 0.0335 0.0284 0.1297 0.4490 
     D244102  1 0.0379 0.0578 0.0332 0.1090 0.0943 0.0678 0.0541 0.3584 0.0560 0.0693 0.0622 
     D244103  1 0.0350 0.0989 0.0306 0.0388 0.1144 0.1586 0.1013 0.0520 0.3071 0.0297 0.0335 
     D244104  1 0.0362 0.5681 0.0680 0.0159 0.0340 0.1498 0.0343 0.0108 0.0259 0.0348 0.0222 
     D244105  1 0.0206 0.0628 0.0175 0.1108 0.2667 0.0341 0.1419 0.0336 0.2372 0.0543 0.0205 
     D244106  1 0.0615 0.0684 0.4645 0.0303 0.0671 0.0200 0.0216 0.0582 0.1450 0.0429 0.0205 
     D244107  1 0.0849 0.0441 0.0144 0.1527 0.1121 0.0457 0.4063 0.0206 0.0268 0.0272 0.0651 
     D244108  1 0.0274 0.0659 0.2866 0.3514 0.0524 0.0271 0.0219 0.0736 0.0244 0.0435 0.0258 
     D244113  1 0.0366 0.0135 0.2917 0.0268 0.0417 0.1264 0.0292 0.3199 0.0149 0.0249 0.0742 
     D244114  1 0.0351 0.0577 0.0459 0.0393 0.1777 0.0283 0.0301 0.0633 0.3604 0.1300 0.0324 
     D244115  1 0.0215 0.1368 0.2207 0.1975 0.1638 0.0452 0.0521 0.0478 0.0561 0.0345 0.0241 
     D267365  1 0.0249 0.2783 0.1329 0.0316 0.0672 0.0422 0.0913 0.0560 0.0287 0.2098 0.0371 
        D404  1 0.0330 0.0236 0.1881 0.0638 0.0391 0.0399 0.0147 0.4807 0.0355 0.0182 0.0636 
        D405  1 0.0490 0.0844 0.0298 0.0664 0.0527 0.0411 0.0262 0.5476 0.0281 0.0353 0.0394 
        D406  1 0.0207 0.0711 0.0444 0.1511 0.0318 0.0144 0.5447 0.0231 0.0281 0.0182 0.0523 
        D407  1 0.0998 0.4969 0.0262 0.0144 0.0553 0.0959 0.1210 0.0217 0.0338 0.0198 0.0152 
        D408  1 0.0169 0.0488 0.2969 0.0585 0.0400 0.2869 0.0218 0.0557 0.0239 0.1208 0.0297 
        D409  1 0.0369 0.0872 0.0468 0.0553 0.1724 0.1591 0.0464 0.0464 0.2558 0.0599 0.0338 
        D410  1 0.0101 0.0579 0.0183 0.7756 0.0244 0.0168 0.0176 0.0205 0.0191 0.0124 0.0273 
        D421  1 0.0323 0.8379 0.0209 0.0110 0.0154 0.0235 0.0132 0.0084 0.0114 0.0145 0.0116 
        D422  1 0.0316 0.0590 0.0114 0.0259 0.0331 0.0204 0.7115 0.0177 0.0535 0.0225 0.0133 
        D423  1 0.0565 0.0713 0.0172 0.6351 0.0555 0.0128 0.0574 0.0227 0.0385 0.0149 0.0182 
        D424  1 0.0178 0.5958 0.0372 0.0185 0.1316 0.0353 0.0582 0.0262 0.0438 0.0148 0.0208 
        D425  1 0.0212 0.4410 0.0582 0.0881 0.1081 0.0474 0.0320 0.1005 0.0231 0.0624 0.0180 
        D426  1 0.0206 0.0589 0.0231 0.0133 0.1726 0.2360 0.0772 0.0126 0.2456 0.1234 0.0168 
        D427  1 0.3503 0.2842 0.1975 0.0155 0.0353 0.0286 0.0243 0.0106 0.0178 0.0213 0.0146 
        D428  1 0.0611 0.2570 0.1303 0.0837 0.0913 0.0649 0.0774 0.1031 0.0202 0.0315 0.0795 
        D429  1 0.0307 0.3460 0.1212 0.0406 0.0900 0.0253 0.0294 0.1172 0.1281 0.0429 0.0286 
        D430  1 0.0666 0.0762 0.1152 0.0473 0.2048 0.0546 0.0366 0.1420 0.1247 0.1101 0.0219 
        D491  1 0.0125 0.0562 0.6220 0.0327 0.0431 0.0906 0.0222 0.0318 0.0303 0.0335 0.0251 
        D492  1 0.0426 0.2805 0.0935 0.0529 0.1500 0.0371 0.0984 0.1177 0.0647 0.0260 0.0365 
        D537  1 0.0367 0.5998 0.0218 0.0539 0.0496 0.0612 0.0422 0.0356 0.0336 0.0145 0.0511 
        D538  1 0.0873 0.0641 0.0863 0.1793 0.1264 0.0277 0.1155 0.1761 0.0555 0.0254 0.0564 
        D539  1 0.0283 0.0279 0.0987 0.0525 0.0997 0.0586 0.0339 0.0706 0.1996 0.2826 0.0477 
        D540  1 0.0201 0.1287 0.0234 0.0515 0.1820 0.3532 0.0611 0.0462 0.0513 0.0611 0.0214 
        D541  1 0.0187 0.8485 0.0116 0.0180 0.0169 0.0144 0.0145 0.0115 0.0117 0.0184 0.0159 
        D551  1 0.0878 0.0393 0.0252 0.0214 0.2362 0.0583 0.0464 0.0226 0.3510 0.0914 0.0203 
        D552  1 0.0371 0.0900 0.2007 0.1584 0.1061 0.0978 0.0716 0.0187 0.0768 0.0441 0.0987 
        D553  1 0.0123 0.8341 0.0135 0.0137 0.0218 0.0287 0.0209 0.0097 0.0137 0.0155 0.0161 
        D615  1 0.0523 0.3961 0.0507 0.1221 0.0813 0.0413 0.0334 0.0792 0.0664 0.0503 0.0270 
        D616  1 0.1256 0.2387 0.0483 0.1472 0.1258 0.0400 0.0706 0.0281 0.0780 0.0781 0.0197 
        D621  1 0.0204 0.0147 0.0903 0.1750 0.0356 0.0504 0.1656 0.0488 0.0367 0.0232 0.3393 
        D622  1 0.0247 0.0393 0.0441 0.1976 0.0931 0.0539 0.3249 0.0227 0.1094 0.0328 0.0575 
        D623  1 0.1379 0.0288 0.2158 0.0719 0.0535 0.0301 0.0214 0.2205 0.0171 0.0516 0.1514 
        D624  1 0.0139 0.2216 0.5414 0.0158 0.0576 0.0260 0.0428 0.0249 0.0261 0.0188 0.0110 
        D625  1 0.0179 0.5639 0.0542 0.0731 0.0651 0.0372 0.0440 0.0183 0.0536 0.0251 0.0476 
        D626  1 0.0316 0.0639 0.2338 0.0985 0.0772 0.2030 0.1084 0.0455 0.0623 0.0505 0.0253 
        D627  1 0.0199 0.0745 0.0367 0.0155 0.2625 0.0763 0.0721 0.0161 0.2698 0.1325 0.0242 
        D690  1 0.0090 0.7640 0.0400 0.0454 0.0171 0.0251 0.0294 0.0135 0.0145 0.0138 0.0283 
        D691  1 0.0200 0.0882 0.0437 0.0945 0.0392 0.0237 0.4904 0.0126 0.1381 0.0232 0.0264 
        D710  1 0.0518 0.1816 0.1242 0.0714 0.0910 0.0968 0.1346 0.0479 0.0219 0.0356 0.1431 
        D711  1 0.0222 0.7213 0.0292 0.0342 0.0326 0.0120 0.0330 0.0314 0.0202 0.0170 0.0469 
        D712  1 0.0464 0.0282 0.4901 0.0295 0.0454 0.0642 0.0686 0.0868 0.0291 0.0721 0.0397 
        D713  1 0.0192 0.2260 0.1062 0.0667 0.0908 0.0611 0.0579 0.1901 0.0406 0.0242 0.1171 
        D746  1 0.0358 0.0830 0.0332 0.0624 0.0372 0.0425 0.5949 0.0124 0.0577 0.0158 0.0250 
        D747  1 0.0194 0.8300 0.0168 0.0166 0.0185 0.0132 0.0155 0.0116 0.0119 0.0235 0.0228 
        D748  1 0.0186 0.2712 0.0244 0.0906 0.0562 0.0451 0.1261 0.0199 0.2610 0.0238 0.0631 
        D749  1 0.0413 0.0208 0.0841 0.0908 0.2197 0.0269 0.2260 0.1015 0.0823 0.0312 0.0754 
        D750  1 0.0204 0.1637 0.5016 0.0750 0.0427 0.0297 0.0346 0.0235 0.0308 0.0288 0.0493 
        D763  1 0.0970 0.0709 0.0205 0.0266 0.0943 0.1723 0.0680 0.0313 0.0753 0.1639 0.1800 
        D764  1 0.0138 0.4710 0.2024 0.1060 0.0588 0.0374 0.0393 0.0155 0.0204 0.0179 0.0174 
        D765  1 0.0134 0.0265 0.0888 0.5908 0.0724 0.0237 0.0529 0.0335 0.0556 0.0311 0.0113 
        D766  1 0.0287 0.0737 0.0277 0.4225 0.0667 0.0998 0.0738 0.0316 0.0472 0.0191 0.1092 
        D767  1 0.0843 0.0723 0.0255 0.1213 0.0788 0.0250 0.1101 0.2323 0.0637 0.0293 0.1575 
        D768  1 0.0198 0.8339 0.0104 0.0162 0.0305 0.0184 0.0167 0.0099 0.0185 0.0133 0.0124 
        D811  1 0.0153 0.0188 0.0688 0.1106 0.0313 0.3267 0.0157 0.3479 0.0225 0.0242 0.0182 
        D816  1 0.0147 0.8013 0.0198 0.0211 0.0257 0.0176 0.0229 0.0203 0.0166 0.0217 0.0184 
        D825  1 0.0156 0.0959 0.1097 0.4149 0.0940 0.0543 0.0259 0.1036 0.0409 0.0230 0.0223 
        D866  1 0.0762 0.0406 0.1629 0.0771 0.1064 0.0679 0.0284 0.0487 0.0576 0.3172 0.0171 
        D867  1 0.0445 0.0200 0.0207 0.0313 0.0477 0.0402 0.6037 0.0473 0.0422 0.0159 0.0867 
        D871  1 0.0183 0.0860 0.0541 0.0273 0.1313 0.1681 0.0319 0.0391 0.3550 0.0501 0.0388 
        D872  1 0.0600 0.1648 0.0389 0.3097 0.0755 0.0270 0.0710 0.1566 0.0211 0.0258 0.0496 
        D873  1 0.0279 0.0090 0.0122 0.7185 0.0304 0.0144 0.0347 0.0869 0.0163 0.0086 0.0410 
        D874  1 0.0172 0.0505 0.0633 0.0172 0.0298 0.0252 0.0130 0.0313 0.0235 0.0283 0.7007 
        D875  1 0.0123 0.0516 0.0196 0.1295 0.1166 0.1294 0.0430 0.0335 0.4051 0.0317 0.0277 
        D876  1 0.0172 0.3638 0.1013 0.0665 0.0978 0.0508 0.0645 0.0321 0.0436 0.0518 0.1106 
        D877  1 0.0202 0.0286 0.0776 0.0189 0.0596 0.0409 0.0122 0.6361 0.0257 0.0170 0.0631 
        D892  1 0.0186 0.3542 0.1478 0.0420 0.0717 0.0149 0.1107 0.0376 0.1411 0.0248 0.0365 
        D893  1 0.0279 0.5766 0.0218 0.0463 0.0808 0.0356 0.0529 0.0185 0.0387 0.0499 0.0511 
        D894  1 0.0186 0.5883 0.0364 0.0245 0.0744 0.0235 0.0288 0.0292 0.1244 0.0297 0.0222 
        D915  1 0.0276 0.4469 0.0456 0.1638 0.0581 0.0330 0.0531 0.0315 0.0856 0.0364 0.0184 
        D916  1 0.0117 0.8616 0.0182 0.0123 0.0196 0.0111 0.0131 0.0097 0.0155 0.0119 0.0154 
        D917  1 0.0469 0.0752 0.2032 0.0247 0.1369 0.0436 0.0517 0.0942 0.0254 0.1724 0.1257 
        D925  1 0.0218 0.2107 0.0779 0.4309 0.0430 0.0499 0.0587 0.0353 0.0182 0.0389 0.0147 
        D926  1 0.0253 0.3518 0.0490 0.0494 0.1921 0.0401 0.0517 0.0468 0.0911 0.0476 0.0552 
        D927  1 0.2519 0.2015 0.0408 0.0237 0.1397 0.0360 0.0675 0.0416 0.0400 0.1251 0.0323 
        D928  1 0.0148 0.0762 0.7292 0.0420 0.0208 0.0151 0.0116 0.0457 0.0105 0.0164 0.0177 
        D929  1 0.0193 0.0273 0.0568 0.0307 0.0627 0.0271 0.0773 0.2157 0.0440 0.0272 0.4120 
        D936  1 0.0449 0.4005 0.0235 0.0393 0.0638 0.0315 0.0232 0.0327 0.0511 0.1050 0.1846 
        D938  1 0.0172 0.0380 0.0290 0.1491 0.0392 0.0604 0.5038 0.0220 0.0538 0.0163 0.0712 
        D956  1 0.0255 0.0316 0.5178 0.0486 0.0717 0.0321 0.0172 0.1107 0.0969 0.0265 0.0216 
        D957  1 0.0267 0.0634 0.0309 0.5909 0.0614 0.0128 0.0314 0.0968 0.0171 0.0271 0.0415 
        D958  1 0.0246 0.1275 0.1218 0.3998 0.0559 0.0418 0.0500 0.0321 0.0296 0.0191 0.0979 
        D959  1 0.0764 0.4962 0.0210 0.0174 0.0656 0.0807 0.1533 0.0225 0.0371 0.0150 0.0150 
        D960  1 0.0225 0.0305 0.0346 0.1358 0.0634 0.0129 0.4885 0.0852 0.0624 0.0194 0.0446 
        D989  1 0.0681 0.0395 0.5319 0.0224 0.0585 0.0359 0.0355 0.0509 0.0341 0.0965 0.0266 
        D990  1 0.0306 0.0139 0.0499 0.5649 0.0793 0.0187 0.0413 0.0131 0.0283 0.1416 0.0183 
        D023  2 0.0156 0.0300 0.0118 0.0143 0.0178 0.0181 0.8477 0.0089 0.0101 0.0129 0.0129 
        D130  2 0.0552 0.1017 0.0191 0.0389 0.0293 0.0200 0.5568 0.0823 0.0651 0.0128 0.0189 
        D131  2 0.0388 0.1896 0.0360 0.0771 0.1965 0.1781 0.0306 0.0266 0.0683 0.1031 0.0552 
        D163  2 0.0143 0.0970 0.0381 0.0369 0.0577 0.0247 0.6041 0.0230 0.0273 0.0285 0.0483 
        D164  2 0.5192 0.0110 0.0097 0.3402 0.0164 0.0257 0.0202 0.0158 0.0162 0.0106 0.0150 
        D165  2 0.0278 0.0267 0.0155 0.0186 0.0231 0.0199 0.7929 0.0112 0.0193 0.0223 0.0227 
        D166  2 0.0372 0.0403 0.0166 0.0539 0.0946 0.0676 0.0594 0.3690 0.1291 0.0637 0.0686 
        D167  2 0.7322 0.0134 0.0329 0.0155 0.0166 0.0164 0.0150 0.1072 0.0139 0.0223 0.0146 
        D192  2 0.8164 0.0104 0.0205 0.0139 0.0162 0.0175 0.0108 0.0352 0.0124 0.0273 0.0194 
        D193  2 0.0168 0.0203 0.0493 0.0321 0.0664 0.0161 0.0221 0.6210 0.0741 0.0537 0.0281 
        D206  2 0.2650 0.0553 0.0175 0.0262 0.1066 0.3478 0.0493 0.0344 0.0469 0.0284 0.0226 
        D207  2 0.4672 0.0284 0.0165 0.0220 0.0704 0.0301 0.0242 0.1946 0.0495 0.0813 0.0158 
        D208  2 0.0451 0.0355 0.1451 0.0368 0.0896 0.2216 0.0407 0.0675 0.0497 0.2256 0.0428 
        D209  2 0.3475 0.0245 0.0266 0.0460 0.2088 0.0686 0.0484 0.0465 0.0324 0.0254 0.1253 
        D210  2 0.0724 0.0660 0.4668 0.0244 0.0558 0.0245 0.0245 0.0260 0.0651 0.1459 0.0286 
     D229599  2 0.0352 0.1098 0.0480 0.0524 0.1589 0.0406 0.1008 0.0599 0.0446 0.2215 0.1284 
     D229600  2 0.3291 0.0294 0.0247 0.0368 0.0491 0.0209 0.3246 0.0727 0.0616 0.0288 0.0224 
     D237227  2 0.0423 0.0387 0.3515 0.1828 0.0808 0.0319 0.0622 0.0281 0.0284 0.1302 0.0232 
     D237228  2 0.0357 0.0111 0.1197 0.5364 0.0889 0.0173 0.0188 0.0584 0.0335 0.0676 0.0126 
     D237258  2 0.1332 0.0549 0.0587 0.0562 0.1353 0.1195 0.1334 0.0912 0.0329 0.1336 0.0510 
     D237310  2 0.0312 0.0096 0.0262 0.6026 0.0314 0.0182 0.0219 0.1345 0.0749 0.0155 0.0340 
     D237311  2 0.1404 0.0138 0.0212 0.6229 0.0307 0.0183 0.0263 0.0556 0.0272 0.0285 0.0150 
     D237312  2 0.0185 0.0235 0.0342 0.3058 0.0520 0.0377 0.0566 0.1591 0.2451 0.0194 0.0481 
     D237313  2 0.0262 0.0790 0.0544 0.1644 0.1524 0.2258 0.0305 0.0255 0.0917 0.0817 0.0685 
     D237322  2 0.0415 0.0237 0.0706 0.1203 0.2082 0.0521 0.0288 0.0949 0.0799 0.1892 0.0907 
     D237323  2 0.0263 0.0131 0.1161 0.5785 0.0342 0.0169 0.0471 0.0493 0.0337 0.0584 0.0265 
     D237324  2 0.2862 0.0426 0.0148 0.0665 0.2244 0.0219 0.1750 0.0236 0.0335 0.0687 0.0426 
     D237325  2 0.0388 0.0230 0.0600 0.4206 0.0703 0.0268 0.0722 0.0602 0.1555 0.0363 0.0362 
     D237326  2 0.0269 0.0423 0.0475 0.7046 0.0327 0.0153 0.0317 0.0232 0.0194 0.0249 0.0313 
     D237327  2 0.0826 0.0479 0.0392 0.0268 0.1844 0.0294 0.0758 0.0402 0.1035 0.2932 0.0768 
     D237337  2 0.0123 0.0173 0.0240 0.7938 0.0217 0.0220 0.0193 0.0175 0.0384 0.0186 0.0150 
     D237338  2 0.0582 0.0446 0.0909 0.1653 0.1210 0.0478 0.1293 0.0300 0.1131 0.0838 0.1160 
     D237339  2 0.1619 0.0282 0.0141 0.0258 0.0714 0.0278 0.0217 0.0448 0.0248 0.0389 0.5405 
     D237340  2 0.1486 0.0176 0.1296 0.3639 0.0597 0.0209 0.0519 0.0847 0.0519 0.0412 0.0300 
     D237389  2 0.0645 0.0174 0.0187 0.5442 0.0336 0.0216 0.0290 0.1635 0.0638 0.0224 0.0213 
     D237390  2 0.0185 0.0326 0.0597 0.4469 0.0676 0.0387 0.0336 0.0996 0.1143 0.0611 0.0274 
     D244017  2 0.2221 0.0205 0.1639 0.0390 0.0671 0.0191 0.0501 0.3300 0.0194 0.0503 0.0186 
     D244112  2 0.7550 0.0132 0.0200 0.0179 0.0263 0.0133 0.0325 0.0572 0.0329 0.0181 0.0136 
     D244118  2 0.5584 0.0098 0.0230 0.0454 0.0349 0.0094 0.2056 0.0423 0.0137 0.0294 0.0281 
     D244119  2 0.2273 0.0188 0.5960 0.0300 0.0227 0.0174 0.0159 0.0254 0.0131 0.0229 0.0106 
     D244120  2 0.1905 0.0118 0.0280 0.0302 0.0336 0.0165 0.0206 0.4594 0.0867 0.0735 0.0493 
     D244122  2 0.5607 0.0237 0.0359 0.0200 0.0493 0.0581 0.0357 0.1196 0.0426 0.0244 0.0299 
        D291  2 0.0414 0.0550 0.0171 0.0234 0.1160 0.1013 0.0875 0.0601 0.0256 0.4559 0.0167 
        D292  2 0.1679 0.1148 0.0585 0.0631 0.0700 0.0274 0.0226 0.0770 0.0242 0.3424 0.0321 
        D293  2 0.6877 0.0756 0.0179 0.0133 0.0324 0.0146 0.0121 0.0131 0.0179 0.0337 0.0818 
        D322  2 0.5465 0.0763 0.0172 0.0506 0.0592 0.0207 0.0285 0.0223 0.0248 0.0352 0.1186 
        D323  2 0.0524 0.0205 0.0213 0.0375 0.0822 0.5984 0.0226 0.0727 0.0244 0.0293 0.0387 
        D324  2 0.0459 0.1135 0.0609 0.1042 0.1254 0.0836 0.0547 0.0254 0.0593 0.2998 0.0273 
        D325  2 0.7620 0.0282 0.0097 0.0156 0.0392 0.0148 0.0165 0.0101 0.0290 0.0547 0.0201 
        D326  2 0.0146 0.8036 0.0260 0.0118 0.0234 0.0306 0.0129 0.0156 0.0150 0.0304 0.0161 
        D340  2 0.8258 0.0172 0.0195 0.0182 0.0193 0.0146 0.0123 0.0132 0.0174 0.0231 0.0194 
        D341  2 0.4520 0.0396 0.0313 0.0428 0.0437 0.0528 0.0191 0.0240 0.2353 0.0302 0.0290 
        D342  2 0.4714 0.0152 0.0189 0.0569 0.1078 0.0542 0.0721 0.0497 0.1022 0.0304 0.0211 
        D343  2 0.8858 0.0146 0.0093 0.0082 0.0127 0.0088 0.0096 0.0083 0.0153 0.0135 0.0139 
        D344  2 0.0444 0.0583 0.0181 0.0440 0.0765 0.0262 0.0140 0.2064 0.0451 0.0291 0.4379 
        D345  2 0.0438 0.0500 0.0302 0.2248 0.1431 0.0852 0.0550 0.0327 0.0216 0.0505 0.2630 
        D346  2 0.0412 0.0362 0.2868 0.0374 0.0399 0.3761 0.0173 0.0258 0.0542 0.0496 0.0354 
        D351  2 0.0402 0.2383 0.0229 0.0766 0.1791 0.0665 0.0603 0.0369 0.0418 0.1631 0.0743 
        D352  2 0.0422 0.0142 0.0416 0.0394 0.0779 0.0332 0.0166 0.0453 0.0267 0.0368 0.6263 
        D353  2 0.0182 0.1281 0.0144 0.0207 0.6142 0.0272 0.0131 0.0287 0.0339 0.0255 0.0760 
        D354  2 0.0109 0.0302 0.0312 0.0281 0.0409 0.0251 0.0116 0.0386 0.0188 0.0154 0.7492 
        D362  2 0.0272 0.6298 0.0235 0.0321 0.0451 0.0404 0.1030 0.0341 0.0152 0.0267 0.0229 
        D363  2 0.0234 0.6707 0.0311 0.0300 0.0343 0.0558 0.0662 0.0282 0.0131 0.0231 0.0241 
        D364  2 0.0315 0.1942 0.0349 0.0435 0.1277 0.0475 0.0216 0.0636 0.0331 0.0264 0.3759 
        D365  2 0.8535 0.0176 0.0185 0.0111 0.0156 0.0136 0.0107 0.0102 0.0136 0.0161 0.0194 
        D369  2 0.1031 0.1647 0.1398 0.0972 0.0882 0.1734 0.0397 0.0279 0.0352 0.1116 0.0192 
        D374  2 0.0143 0.0145 0.1419 0.0250 0.0282 0.0225 0.0098 0.6827 0.0186 0.0242 0.0183 
        D375  2 0.0122 0.0146 0.0159 0.0161 0.0380 0.0272 0.0142 0.0584 0.0242 0.0130 0.7661 
        D376  2 0.0329 0.0150 0.2516 0.0486 0.0545 0.0290 0.0185 0.4119 0.0496 0.0287 0.0596 
        D377  2 0.0351 0.0190 0.0381 0.1436 0.0512 0.4819 0.0312 0.0598 0.0588 0.0401 0.0411 
        D378  2 0.2867 0.0681 0.0276 0.0227 0.0889 0.0850 0.0927 0.0151 0.0401 0.0468 0.2262 
        D379  2 0.0224 0.5422 0.0215 0.0230 0.0682 0.1307 0.0218 0.0268 0.0567 0.0201 0.0666 
        D384  2 0.0124 0.8156 0.0339 0.0159 0.0202 0.0267 0.0100 0.0113 0.0178 0.0210 0.0150 
        D385  2 0.6495 0.0184 0.0365 0.0183 0.0378 0.0322 0.0145 0.0360 0.0298 0.0170 0.1100 
        D386  2 0.0851 0.0483 0.0171 0.0283 0.0906 0.0633 0.0678 0.0363 0.0321 0.0242 0.5067 
        D391  2 0.7242 0.0162 0.0171 0.0243 0.0220 0.0408 0.0132 0.0172 0.0193 0.0170 0.0888 
        D392  2 0.5572 0.0488 0.0473 0.1196 0.0547 0.0265 0.0391 0.0273 0.0241 0.0296 0.0259 
        D393  2 0.0812 0.1087 0.0224 0.0392 0.0624 0.1653 0.0491 0.0159 0.0524 0.1307 0.2729 
        D394  2 0.0728 0.0682 0.0366 0.1904 0.1306 0.0192 0.1328 0.0665 0.0805 0.0404 0.1619 
        D395  2 0.3866 0.0148 0.0230 0.0208 0.0714 0.0253 0.0225 0.0470 0.0335 0.0296 0.3256 
        D401  2 0.0233 0.0162 0.0197 0.7946 0.0239 0.0416 0.0112 0.0272 0.0146 0.0184 0.0093 
        D402  2 0.6678 0.0150 0.0193 0.0251 0.0256 0.0519 0.0144 0.0236 0.0273 0.0496 0.0805 
        D403  2 0.0319 0.1481 0.0177 0.0271 0.3249 0.0492 0.0622 0.0767 0.0897 0.0320 0.1405 
        D415  2 0.0229 0.4933 0.0140 0.1086 0.1352 0.0207 0.0445 0.0217 0.0993 0.0134 0.0265 
        D435  2 0.2023 0.4673 0.0144 0.0463 0.0560 0.0218 0.0205 0.0150 0.0410 0.0578 0.0576 
        D436  2 0.0334 0.1445 0.0503 0.0463 0.0725 0.0260 0.0317 0.0903 0.0807 0.0336 0.3907 
        D438  2 0.8434 0.0106 0.0216 0.0102 0.0159 0.0285 0.0128 0.0135 0.0172 0.0149 0.0115 
        D439  2 0.0432 0.0353 0.0132 0.0280 0.0971 0.0451 0.0498 0.0176 0.0257 0.0244 0.6208 
        D449  2 0.5325 0.0895 0.0246 0.0223 0.1070 0.0531 0.0381 0.0254 0.0720 0.0157 0.0199 
        D450  2 0.0236 0.0908 0.1011 0.0385 0.1422 0.0834 0.0451 0.0631 0.1325 0.0682 0.2115 
        D456  2 0.0146 0.7467 0.0186 0.0191 0.0581 0.0358 0.0209 0.0132 0.0235 0.0263 0.0232 
        D462  2 0.7420 0.0250 0.0127 0.0138 0.0215 0.0168 0.0202 0.0150 0.0152 0.0193 0.0985 
        D463  2 0.0106 0.7762 0.0372 0.0195 0.0285 0.0346 0.0160 0.0174 0.0168 0.0167 0.0265 
        D464  2 0.0741 0.0422 0.0417 0.0207 0.3589 0.0442 0.0164 0.1022 0.0391 0.0185 0.2420 
        D465  2 0.5493 0.1031 0.0256 0.1045 0.0349 0.0469 0.0238 0.0320 0.0307 0.0258 0.0234 
        D473  2 0.0431 0.0188 0.4353 0.1293 0.0520 0.0605 0.0682 0.0298 0.0473 0.0362 0.0795 
        D474  2 0.0497 0.4021 0.0432 0.0486 0.0628 0.0361 0.0678 0.0142 0.0347 0.1973 0.0437 
        D476  2 0.0607 0.0158 0.0111 0.0131 0.0389 0.0149 0.3068 0.0135 0.0140 0.0274 0.4837 
        D477  2 0.0273 0.1430 0.0425 0.1241 0.0751 0.1196 0.0187 0.0235 0.0380 0.1053 0.2829 
        D478  2 0.0589 0.0382 0.0768 0.0437 0.1650 0.0396 0.2964 0.1176 0.0275 0.0578 0.0787 
        D480  2 0.0851 0.1011 0.1132 0.0214 0.0956 0.1031 0.0181 0.0265 0.0952 0.0859 0.2549 
        D481  2 0.0634 0.1609 0.0884 0.0648 0.1216 0.0507 0.1385 0.0357 0.0246 0.0532 0.1981 
        D482  2 0.0300 0.0190 0.0901 0.0732 0.1405 0.0899 0.0458 0.0557 0.0503 0.1440 0.2616 
        D483  2 0.7618 0.0140 0.0630 0.0194 0.0182 0.0160 0.0268 0.0259 0.0147 0.0258 0.0145 
        D484  2 0.0205 0.0102 0.0178 0.0156 0.0239 0.0228 0.0159 0.0790 0.0201 0.0234 0.7508 
        D510  2 0.0229 0.0238 0.3309 0.0269 0.0434 0.0336 0.0193 0.2385 0.0361 0.1991 0.0255 
        D511  2 0.0664 0.0338 0.0218 0.0297 0.0488 0.0474 0.0336 0.0152 0.0221 0.0388 0.6426 
        D512  2 0.1497 0.0159 0.0117 0.5236 0.0472 0.0414 0.0299 0.0681 0.0578 0.0327 0.0220 
        D513  2 0.5279 0.0562 0.0539 0.0359 0.0449 0.1119 0.0240 0.0303 0.0337 0.0585 0.0227 
        D635  2 0.0372 0.2140 0.0184 0.0245 0.0874 0.0506 0.4907 0.0164 0.0186 0.0231 0.0191 
        D636  2 0.0153 0.0240 0.0179 0.0267 0.0236 0.0557 0.7862 0.0104 0.0142 0.0092 0.0168 
        D637  2 0.1358 0.0231 0.0485 0.0590 0.1005 0.0960 0.0222 0.0704 0.1322 0.0422 0.2701 
        D658  2 0.4053 0.0203 0.0975 0.0718 0.0477 0.0201 0.0261 0.0653 0.0489 0.0313 0.1655 
        D659  2 0.0317 0.6117 0.0286 0.0172 0.0568 0.0286 0.0602 0.0183 0.0394 0.0625 0.0451 
        D677  2 0.0514 0.1775 0.0172 0.0808 0.0713 0.1245 0.0796 0.0743 0.2251 0.0692 0.0290 
        D678  2 0.5012 0.0170 0.0154 0.0318 0.0710 0.0516 0.0297 0.1941 0.0365 0.0323 0.0195 
        D679  2 0.0381 0.2093 0.0415 0.0291 0.1114 0.3277 0.0369 0.0206 0.0577 0.0742 0.0535 
        D719  2 0.1393 0.1096 0.3702 0.0890 0.0523 0.0286 0.0138 0.0247 0.0182 0.1134 0.0409 
        D720  2 0.0331 0.6707 0.0758 0.0293 0.0344 0.0550 0.0186 0.0214 0.0261 0.0180 0.0175 
        D721  2 0.0604 0.0477 0.0294 0.0151 0.0343 0.0336 0.6792 0.0109 0.0334 0.0191 0.0369 
        D722  2 0.0400 0.0169 0.0845 0.0455 0.0491 0.0526 0.0153 0.5938 0.0166 0.0594 0.0263 
        D734  2 0.0441 0.0171 0.1334 0.0129 0.0242 0.0200 0.0117 0.0248 0.0324 0.0245 0.6550 
        D735  2 0.0557 0.1232 0.0822 0.0881 0.1129 0.3076 0.0420 0.0244 0.0477 0.0363 0.0800 
        D736  2 0.0487 0.0515 0.2329 0.0544 0.0761 0.0347 0.0366 0.0315 0.0629 0.3158 0.0550 
        D737  2 0.4725 0.0171 0.0476 0.0356 0.0469 0.0194 0.0513 0.0709 0.0342 0.0930 0.1116 
        D807  2 0.0396 0.1259 0.1606 0.0849 0.0800 0.0790 0.0411 0.0528 0.0769 0.1767 0.0825 
        D808  2 0.1134 0.0630 0.0301 0.2557 0.1411 0.0339 0.0482 0.0519 0.1279 0.0755 0.0593 
        D817  2 0.0134 0.1050 0.0184 0.0436 0.0403 0.6351 0.0172 0.0371 0.0209 0.0283 0.0408 
        D818  2 0.2279 0.0385 0.0286 0.0189 0.2094 0.0472 0.1156 0.0317 0.1326 0.1208 0.0288 
        D819  2 0.0282 0.0896 0.0228 0.1139 0.0745 0.5317 0.0357 0.0284 0.0250 0.0278 0.0223 
        D820  2 0.0370 0.6999 0.0259 0.0136 0.0319 0.0145 0.0145 0.0125 0.0317 0.0398 0.0787 
        D895  2 0.0330 0.3270 0.0367 0.0554 0.1277 0.1608 0.1103 0.0355 0.0311 0.0310 0.0516 
        D896  2 0.0113 0.0116 0.0212 0.8576 0.0136 0.0113 0.0124 0.0211 0.0139 0.0128 0.0134 
        D897  2 0.4383 0.0249 0.0233 0.0520 0.1005 0.0740 0.0238 0.0429 0.1443 0.0352 0.0408 
        D898  2 0.0315 0.0315 0.0288 0.2402 0.1471 0.1015 0.0322 0.1202 0.0683 0.1502 0.0485 
        D918  2 0.0582 0.0245 0.0601 0.1707 0.1441 0.0477 0.0812 0.0356 0.2286 0.0470 0.1023 
        D919  2 0.1092 0.0771 0.0223 0.0222 0.1404 0.0230 0.0291 0.0650 0.0237 0.0667 0.4212 
        D920  2 0.0436 0.0341 0.0819 0.0473 0.0497 0.0256 0.5399 0.0525 0.0596 0.0323 0.0334 
        D923  2 0.0377 0.5903 0.0196 0.0237 0.0610 0.0474 0.0184 0.0328 0.0217 0.0277 0.1197 
        D930  2 0.0364 0.1317 0.0827 0.0883 0.0989 0.1293 0.0192 0.0531 0.1734 0.0420 0.1451 
        D931  2 0.1564 0.1779 0.0366 0.0515 0.0562 0.0542 0.0327 0.0469 0.0440 0.0627 0.2809 
        D968  2 0.7849 0.0220 0.0133 0.0186 0.0199 0.0253 0.0118 0.0231 0.0127 0.0473 0.0210 
        D969  2 0.1449 0.1481 0.0502 0.0597 0.1536 0.0397 0.0351 0.0463 0.0599 0.2170 0.0454 
        D977  2 0.6880 0.0246 0.0195 0.0179 0.0441 0.0361 0.0193 0.0221 0.0613 0.0328 0.0343 
        D978  2 0.0712 0.0210 0.0264 0.0197 0.1460 0.2869 0.0222 0.0743 0.1766 0.1277 0.0281 
        D211  3 0.0173 0.0525 0.0232 0.0136 0.0603 0.0559 0.4563 0.0196 0.2396 0.0293 0.0323 
     D229639  3 0.0362 0.0556 0.0778 0.0295 0.0674 0.0304 0.0236 0.0590 0.0308 0.5686 0.0211 
     D237212  3 0.0549 0.0527 0.0198 0.0576 0.0899 0.0947 0.0664 0.0335 0.0931 0.2491 0.1884 
     D237213  3 0.0212 0.0380 0.0160 0.1264 0.0685 0.3743 0.0571 0.0468 0.1449 0.0426 0.0644 
     D237214  3 0.0117 0.0235 0.0191 0.0173 0.0302 0.0136 0.8213 0.0129 0.0232 0.0109 0.0165 
     D237215  3 0.3096 0.0169 0.0628 0.0388 0.0404 0.0342 0.0153 0.2836 0.0186 0.1659 0.0140 
     D237216  3 0.0250 0.0444 0.0184 0.0354 0.4820 0.0838 0.0815 0.0295 0.1491 0.0234 0.0274 
     D237217  3 0.0260 0.0976 0.0155 0.0659 0.2850 0.0381 0.1699 0.0178 0.1801 0.0786 0.0254 
     D237218  3 0.0352 0.0360 0.0538 0.0219 0.0849 0.0296 0.0238 0.0165 0.4372 0.1369 0.1242 
     D237219  3 0.0195 0.0413 0.0613 0.2004 0.1233 0.2697 0.0519 0.0235 0.0867 0.1067 0.0156 
     D237382  3 0.0618 0.1016 0.0975 0.2000 0.0984 0.0488 0.0310 0.1842 0.1017 0.0359 0.0391 
     D244127  3 0.0603 0.0204 0.0155 0.4961 0.0838 0.0568 0.0497 0.0471 0.0458 0.0903 0.0342 
     D244129  3 0.0791 0.0736 0.0456 0.2555 0.1160 0.0751 0.1039 0.0360 0.0708 0.0864 0.0579 
     D244133  3 0.0541 0.0460 0.0728 0.0212 0.0520 0.6230 0.0295 0.0374 0.0291 0.0249 0.0101 
     D244134  3 0.0272 0.0233 0.2091 0.0713 0.0519 0.1606 0.0377 0.0172 0.0250 0.3566 0.0202 
     D244135  3 0.0515 0.0326 0.0158 0.0206 0.0460 0.0497 0.6844 0.0177 0.0438 0.0153 0.0226 
     D244136  3 0.0581 0.1230 0.1035 0.0328 0.0668 0.3799 0.0357 0.0818 0.0353 0.0624 0.0206 
        D416  3 0.0961 0.0575 0.0248 0.0510 0.1659 0.3133 0.0730 0.0268 0.1116 0.0421 0.0378 
        D417  3 0.0173 0.5844 0.0210 0.0369 0.0365 0.0281 0.0186 0.0362 0.1700 0.0189 0.0320 
        D419  3 0.0584 0.0848 0.0644 0.1254 0.1575 0.1037 0.0438 0.0276 0.1026 0.1980 0.0339 
        D565  3 0.0157 0.0393 0.7342 0.0248 0.0206 0.0442 0.0182 0.0212 0.0151 0.0511 0.0156 
        D566  3 0.0409 0.0554 0.1791 0.0517 0.0551 0.1294 0.0273 0.0811 0.0285 0.3331 0.0185 
        D567  3 0.0545 0.4519 0.0244 0.0842 0.0563 0.0412 0.1072 0.0451 0.0297 0.0337 0.0720 
        D568  3 0.1067 0.1090 0.0128 0.0647 0.1269 0.0428 0.1067 0.0398 0.1393 0.0794 0.1718 
        D569  3 0.0760 0.0170 0.0398 0.0219 0.0831 0.0419 0.0821 0.1072 0.0432 0.0425 0.4452 
        D573  3 0.1799 0.1482 0.0253 0.0275 0.0729 0.0323 0.0159 0.0198 0.0215 0.4229 0.0338 
        D574  3 0.0296 0.0333 0.2777 0.0582 0.1196 0.1012 0.0426 0.1311 0.0646 0.0947 0.0475 
        D575  3 0.0210 0.0314 0.0400 0.0231 0.0251 0.7495 0.0357 0.0136 0.0158 0.0288 0.0159 
        D576  3 0.3505 0.0074 0.0233 0.0116 0.0532 0.1136 0.0290 0.2884 0.0167 0.0880 0.0182 
        D577  3 0.0214 0.4257 0.0350 0.0199 0.0703 0.1414 0.0796 0.0608 0.0704 0.0335 0.0419 
        D578  3 0.0230 0.0185 0.0167 0.0258 0.0270 0.0165 0.8145 0.0164 0.0150 0.0154 0.0114 
        D579  3 0.0666 0.1072 0.1523 0.0508 0.0842 0.0956 0.0488 0.0295 0.0739 0.1399 0.1512 
        D660  3 0.4672 0.0181 0.0156 0.0572 0.0955 0.1072 0.0546 0.0638 0.0428 0.0387 0.0393 
        D661  3 0.0871 0.0200 0.0155 0.0182 0.0663 0.0264 0.0334 0.0233 0.5483 0.1032 0.0582 
        D663  3 0.0666 0.0520 0.0151 0.0180 0.1359 0.0486 0.0314 0.0713 0.0261 0.5049 0.0303 
        D664  3 0.0927 0.0174 0.0493 0.0940 0.1221 0.2858 0.1013 0.0557 0.1200 0.0360 0.0257 
        D665  3 0.0324 0.0167 0.0110 0.0597 0.1843 0.2234 0.1438 0.1564 0.0762 0.0360 0.0601 
        D666  3 0.0170 0.0477 0.0447 0.1866 0.0482 0.5008 0.0296 0.0175 0.0478 0.0332 0.0269 
        D009  4 0.0244 0.1117 0.0324 0.0706 0.1085 0.0357 0.1498 0.0647 0.2536 0.0304 0.1183 
        D057  4 0.1033 0.0350 0.0285 0.0161 0.0477 0.0106 0.2312 0.0254 0.0325 0.0813 0.3884 
        D109  4 0.0177 0.0332 0.0483 0.4165 0.1334 0.1459 0.0532 0.0360 0.0595 0.0283 0.0280 
     D237222  4 0.0238 0.0362 0.1149 0.0247 0.0567 0.0164 0.5225 0.1058 0.0345 0.0385 0.0260 
     D237223  4 0.0499 0.0343 0.0891 0.0684 0.1413 0.0253 0.0627 0.0493 0.3586 0.0731 0.0480 
     D237224  4 0.1579 0.0756 0.0312 0.0385 0.1096 0.1024 0.0571 0.0417 0.0284 0.2014 0.1561 
     D237225  4 0.0374 0.1328 0.0427 0.0523 0.2819 0.0588 0.0645 0.0420 0.1576 0.0481 0.0821 
     D237299  4 0.0160 0.0170 0.0339 0.0349 0.0756 0.0416 0.0177 0.0374 0.6691 0.0397 0.0172 
     D237300  4 0.0315 0.0168 0.0336 0.0201 0.0576 0.1152 0.0169 0.0203 0.0688 0.5959 0.0234 
     D237306  4 0.0223 0.0997 0.3098 0.0961 0.0686 0.0180 0.0255 0.1583 0.1244 0.0330 0.0443 
     D237307  4 0.0400 0.3003 0.1615 0.0303 0.0894 0.1330 0.0338 0.0725 0.0698 0.0521 0.0174 
     D237308  4 0.3736 0.0295 0.0679 0.0882 0.0764 0.0365 0.0417 0.0417 0.0286 0.0398 0.1762 
     D237309  4 0.0481 0.1190 0.0212 0.0619 0.2309 0.0497 0.1345 0.0810 0.0720 0.0703 0.1113 
     D237317  4 0.0237 0.4271 0.1441 0.0314 0.1019 0.0467 0.0625 0.0580 0.0217 0.0500 0.0328 
     D237318  4 0.0425 0.0245 0.0199 0.0151 0.0306 0.0391 0.0163 0.0290 0.0237 0.7464 0.0129 
     D237319  4 0.0543 0.0428 0.0375 0.1167 0.1784 0.0571 0.0787 0.0939 0.2466 0.0622 0.0318 
     D237320  4 0.0569 0.0402 0.0221 0.0664 0.0501 0.0269 0.0716 0.0237 0.5527 0.0708 0.0187 
     D237321  4 0.0746 0.0517 0.0457 0.0410 0.0688 0.0903 0.0334 0.0397 0.0495 0.4834 0.0220 
     D237397  4 0.0764 0.0434 0.1172 0.0555 0.0830 0.0342 0.0538 0.0587 0.3281 0.1268 0.0230 
     D237398  4 0.0390 0.0420 0.0197 0.0145 0.0901 0.0475 0.0224 0.0231 0.1233 0.5227 0.0557 
     D237399  4 0.0323 0.0684 0.1591 0.0670 0.0797 0.0255 0.0806 0.0583 0.0680 0.3273 0.0339 
     D244001  4 0.1644 0.0286 0.0278 0.0272 0.0702 0.0226 0.3330 0.1545 0.0647 0.0338 0.0734 
        D289  4 0.0757 0.0617 0.2074 0.0373 0.0935 0.0253 0.0496 0.0294 0.0661 0.1147 0.2392 
        D290  4 0.0338 0.0654 0.0236 0.0302 0.1039 0.0144 0.0392 0.4221 0.0710 0.1495 0.0468 
        D294  4 0.0267 0.0765 0.0350 0.0195 0.1466 0.0406 0.0443 0.0869 0.2068 0.0480 0.2691 
        D295  4 0.0251 0.2474 0.0484 0.1642 0.0776 0.0990 0.0333 0.0598 0.1197 0.0643 0.0613 
        D301  4 0.0338 0.0165 0.0524 0.0520 0.0409 0.0411 0.3900 0.1808 0.0533 0.1110 0.0282 
        D302  4 0.0119 0.0483 0.0123 0.0117 0.0340 0.0257 0.0283 0.0344 0.0269 0.0180 0.7485 
        D303  4 0.0539 0.0302 0.4998 0.0949 0.0417 0.0443 0.0307 0.0481 0.0496 0.0315 0.0753 
        D304  4 0.0241 0.0619 0.0581 0.0201 0.1408 0.0531 0.0435 0.2682 0.0629 0.2304 0.0367 
        D305  4 0.0875 0.0192 0.0124 0.0241 0.2776 0.0244 0.0327 0.0764 0.0321 0.0468 0.3669 
        D306  4 0.0205 0.0350 0.0305 0.0257 0.2412 0.0161 0.0388 0.4594 0.0606 0.0477 0.0246 
        D307  4 0.0203 0.0184 0.0755 0.0259 0.0295 0.0322 0.6565 0.0255 0.0222 0.0444 0.0494 
        D327  4 0.0664 0.4633 0.0619 0.0232 0.0817 0.0806 0.0366 0.0511 0.0544 0.0426 0.0382 
        D328  4 0.0230 0.0208 0.1118 0.0893 0.0473 0.0402 0.0220 0.2483 0.0676 0.0427 0.2871 
        D329  4 0.1024 0.0476 0.0427 0.0680 0.1670 0.0269 0.0598 0.0457 0.0872 0.0778 0.2750 
        D330  4 0.0499 0.2555 0.0165 0.1634 0.1735 0.0454 0.0692 0.0735 0.0656 0.0163 0.0711 
        D331  4 0.0283 0.1146 0.0610 0.0525 0.1266 0.0764 0.0494 0.2119 0.0487 0.2042 0.0264 
        D333  4 0.0737 0.0647 0.0593 0.0837 0.0887 0.0412 0.0493 0.1369 0.1535 0.0688 0.1803 
        D334  4 0.0192 0.0736 0.5345 0.0248 0.0506 0.0367 0.0694 0.0301 0.0651 0.0324 0.0637 
        D335  4 0.0534 0.1157 0.0303 0.0311 0.0490 0.0473 0.0258 0.0970 0.0159 0.0252 0.5093 
        D370  4 0.0351 0.0282 0.0369 0.1406 0.0548 0.0637 0.0314 0.5254 0.0195 0.0286 0.0359 
        D371  4 0.0322 0.1346 0.5380 0.0280 0.0354 0.0713 0.0165 0.0726 0.0224 0.0267 0.0222 
        D372  4 0.0448 0.0109 0.0245 0.0231 0.0968 0.0310 0.0132 0.1752 0.0555 0.5076 0.0173 
        D373  4 0.0674 0.0245 0.0212 0.0147 0.0557 0.0440 0.5804 0.0218 0.0251 0.0866 0.0586 
        D455  4 0.0275 0.0302 0.0213 0.0190 0.0331 0.0165 0.6796 0.0237 0.0189 0.0455 0.0846 
        D490  4 0.0099 0.0303 0.0190 0.0205 0.0258 0.0179 0.7316 0.0225 0.0851 0.0158 0.0216 
        D497  4 0.0203 0.0169 0.0182 0.0289 0.0462 0.0438 0.5888 0.0281 0.1272 0.0345 0.0473 
        D498  4 0.0302 0.0474 0.0779 0.1369 0.0897 0.0649 0.0306 0.3418 0.0315 0.1244 0.0249 
        D499  4 0.1500 0.0205 0.1058 0.0583 0.0922 0.1749 0.0168 0.0532 0.1448 0.0854 0.0981 
        D514  4 0.0287 0.2352 0.0166 0.0536 0.0892 0.1220 0.0477 0.1721 0.0523 0.0577 0.1250 
        D515  4 0.0279 0.0504 0.0233 0.0525 0.0495 0.0231 0.0377 0.0647 0.6090 0.0234 0.0385 
        D516  4 0.0567 0.1305 0.0421 0.1402 0.0869 0.2920 0.0511 0.0441 0.0770 0.0576 0.0217 
        D517  4 0.0352 0.0681 0.0152 0.0442 0.1418 0.0186 0.4947 0.0203 0.0644 0.0708 0.0267 
        D518  4 0.0441 0.0248 0.0501 0.0156 0.0402 0.0165 0.1255 0.0581 0.0256 0.0181 0.5815 
        D519  4 0.0203 0.0296 0.0187 0.0297 0.0397 0.0185 0.0225 0.0149 0.7461 0.0446 0.0154 
        D560  4 0.0255 0.0575 0.0110 0.0189 0.0293 0.0177 0.0161 0.0194 0.7459 0.0339 0.0249 
        D561  4 0.0917 0.0994 0.0146 0.0729 0.1858 0.0601 0.1931 0.0406 0.1118 0.0443 0.0856 
        D562  4 0.0499 0.0429 0.0439 0.0472 0.1097 0.0357 0.3008 0.1200 0.0612 0.0703 0.1184 
        D563  4 0.3969 0.0190 0.0179 0.0418 0.0891 0.0761 0.0677 0.0373 0.0706 0.0629 0.1208 
        D572  4 0.0254 0.0425 0.0258 0.0167 0.0315 0.0128 0.0554 0.0472 0.0464 0.0206 0.6757 
        D629  4 0.0213 0.1134 0.0148 0.0199 0.0400 0.3627 0.2540 0.0162 0.0382 0.0581 0.0613 
        D630  4 0.0332 0.0871 0.0461 0.0317 0.1204 0.0311 0.1558 0.1471 0.1512 0.1045 0.0918 
        D631  4 0.0592 0.0160 0.0189 0.0179 0.0392 0.0169 0.0228 0.0328 0.0604 0.0315 0.6843 
        D632  4 0.1519 0.0341 0.0199 0.0665 0.0350 0.0617 0.2396 0.0279 0.0310 0.0165 0.3160 
        D646  4 0.0396 0.1428 0.0220 0.1441 0.0805 0.0200 0.0340 0.0315 0.4024 0.0434 0.0398 
        D647  4 0.0554 0.3802 0.0132 0.0830 0.0662 0.0233 0.0734 0.1016 0.0793 0.0657 0.0588 
        D648  4 0.0186 0.0185 0.0308 0.0199 0.0337 0.0514 0.0216 0.4574 0.0593 0.0154 0.2735 
        D649  4 0.0210 0.2025 0.0206 0.2785 0.0613 0.0707 0.0496 0.0194 0.0446 0.0317 0.2003 
        D650  4 0.0213 0.1288 0.0883 0.0676 0.0801 0.0780 0.0847 0.0356 0.2633 0.0646 0.0877 
        D708  4 0.0275 0.0342 0.1423 0.0274 0.1108 0.1289 0.0297 0.0467 0.1569 0.0610 0.2345 
        D709  4 0.0227 0.0214 0.0242 0.2945 0.0747 0.0427 0.0151 0.4103 0.0233 0.0338 0.0372 
        D738  4 0.0166 0.0902 0.4616 0.1155 0.0565 0.0189 0.0623 0.0414 0.0666 0.0479 0.0226 
        D739  4 0.0215 0.0243 0.0243 0.0388 0.1126 0.0413 0.2801 0.1620 0.1868 0.0524 0.0558 
        D740  4 0.0552 0.0220 0.1446 0.1146 0.1989 0.0555 0.0519 0.0310 0.1749 0.0788 0.0725 
        D741  4 0.0719 0.1237 0.0140 0.0523 0.1308 0.0259 0.0300 0.0268 0.4671 0.0341 0.0233 
        D742  4 0.1245 0.0305 0.1105 0.0423 0.1188 0.0338 0.0607 0.0371 0.2137 0.1714 0.0566 
        D743  4 0.0596 0.2518 0.0238 0.0178 0.0408 0.0418 0.0296 0.0207 0.0568 0.0517 0.4055 
        D744  4 0.0220 0.0197 0.0153 0.0201 0.0249 0.0246 0.0162 0.0162 0.0277 0.0183 0.7951 
        D745  4 0.0131 0.0180 0.0165 0.0293 0.0260 0.0281 0.0349 0.0154 0.7768 0.0213 0.0207 
        D814  4 0.1241 0.0261 0.0197 0.0105 0.2426 0.0282 0.0655 0.0708 0.3191 0.0338 0.0596 
        D815  4 0.0318 0.0974 0.0266 0.0932 0.0529 0.0429 0.0260 0.1592 0.0219 0.0569 0.3912 
        D828  4 0.0311 0.0118 0.0374 0.0240 0.0385 0.0413 0.0230 0.6519 0.0491 0.0396 0.0523 
        D845  4 0.0204 0.0143 0.0451 0.0147 0.0144 0.0254 0.0117 0.0126 0.0229 0.8003 0.0182 
        D846  4 0.1479 0.0997 0.0111 0.0153 0.0961 0.0505 0.1483 0.0517 0.0239 0.0480 0.3076 
        D847  4 0.0440 0.0710 0.0949 0.0408 0.1525 0.0276 0.2374 0.0277 0.1368 0.1186 0.0486 
        D848  4 0.0580 0.0154 0.0195 0.0153 0.0348 0.0162 0.6033 0.0257 0.0133 0.1620 0.0366 
        D849  4 0.0430 0.0463 0.0219 0.0577 0.1130 0.0850 0.1691 0.0642 0.3330 0.0269 0.0398 
        D850  4 0.0437 0.1184 0.0629 0.0371 0.1790 0.0738 0.1695 0.0192 0.0573 0.1907 0.0485 
        D856  4 0.0232 0.0384 0.0349 0.2826 0.1962 0.0514 0.0512 0.1137 0.1138 0.0446 0.0500 
        D857  4 0.0669 0.0090 0.0222 0.5503 0.0427 0.0131 0.0313 0.2050 0.0219 0.0190 0.0185 
        D859  4 0.0280 0.0659 0.0240 0.0252 0.0773 0.0207 0.0308 0.0571 0.1511 0.0968 0.4230 
        D860  4 0.0823 0.0769 0.3973 0.0249 0.0618 0.0231 0.0290 0.0384 0.0185 0.1774 0.0705 
        D883  4 0.0281 0.2024 0.0538 0.1104 0.0880 0.0914 0.1220 0.0812 0.0742 0.0596 0.0890 
        D884  4 0.0157 0.0642 0.0377 0.1226 0.0737 0.0595 0.0328 0.0670 0.4359 0.0318 0.0590 
        D885  4 0.0572 0.0865 0.0263 0.0259 0.0817 0.0845 0.0265 0.0134 0.4982 0.0673 0.0324 
        D886  4 0.0549 0.1138 0.0239 0.1641 0.0750 0.0259 0.1876 0.1945 0.0745 0.0344 0.0514 
        D887  4 0.0868 0.0945 0.0465 0.0527 0.1098 0.0295 0.0438 0.0771 0.1466 0.2190 0.0936 
        D889  4 0.0103 0.0363 0.0140 0.0166 0.0548 0.0243 0.0168 0.1658 0.0690 0.5452 0.0468 
        D890  4 0.0509 0.0261 0.0630 0.0882 0.0628 0.4610 0.0518 0.0905 0.0255 0.0308 0.0494 
        D891  4 0.0120 0.0113 0.0111 0.0094 0.0144 0.0171 0.0099 0.0080 0.0115 0.8856 0.0099 
        D899  4 0.3439 0.0210 0.0860 0.0316 0.0660 0.0416 0.0263 0.0864 0.0325 0.1875 0.0773 
        D900  4 0.0921 0.0890 0.0545 0.0664 0.2004 0.0438 0.0926 0.1284 0.0594 0.0645 0.1089 
        D970  4 0.0522 0.0910 0.0500 0.0380 0.1115 0.0528 0.0709 0.0216 0.0525 0.0855 0.3739 
        D971  4 0.3920 0.0310 0.0513 0.0695 0.0948 0.0548 0.0270 0.0723 0.0229 0.0171 0.1673 
        D979  4 0.0569 0.2385 0.0311 0.0229 0.0673 0.0992 0.0297 0.0958 0.0267 0.0388 0.2930 
        D093  5 0.0179 0.0363 0.6537 0.0234 0.0383 0.0323 0.0193 0.0448 0.0673 0.0408 0.0260 
        D154  5 0.0819 0.0233 0.0304 0.0272 0.1213 0.2714 0.0158 0.0728 0.2466 0.0803 0.0291 
        D168  5 0.1416 0.0523 0.0151 0.0493 0.0922 0.2973 0.0680 0.0546 0.1250 0.0774 0.0273 
        D189  5 0.0240 0.0416 0.3041 0.0262 0.0841 0.0260 0.0216 0.1729 0.0883 0.1775 0.0337 
        D190  5 0.0259 0.0199 0.5411 0.0403 0.0349 0.1652 0.0136 0.0408 0.0365 0.0267 0.0552 
     D237220  5 0.0207 0.0248 0.1139 0.1128 0.1372 0.0207 0.1361 0.0386 0.2083 0.1282 0.0586 
     D237221  5 0.0923 0.0512 0.2353 0.0632 0.0702 0.1239 0.0303 0.0296 0.0872 0.1583 0.0585 
     D237274  5 0.0592 0.2808 0.0130 0.1297 0.0702 0.0269 0.0239 0.1210 0.0281 0.0251 0.2220 
     D237275  5 0.3330 0.0152 0.0246 0.0396 0.0626 0.0420 0.0161 0.3279 0.0385 0.0880 0.0125 
     D237276  5 0.0319 0.0990 0.1287 0.0949 0.0730 0.0805 0.0407 0.1171 0.2666 0.0288 0.0389 
     D237277  5 0.0523 0.0181 0.4530 0.0450 0.0448 0.1653 0.0111 0.0275 0.0457 0.0824 0.0548 
     D237278  5 0.2775 0.0496 0.2130 0.0577 0.0918 0.0259 0.0514 0.0366 0.0746 0.0339 0.0880 
     D237279  5 0.0210 0.0354 0.0191 0.2399 0.2389 0.1623 0.1066 0.0158 0.0410 0.0281 0.0919 
     D237280  5 0.0209 0.0959 0.0647 0.2402 0.1385 0.1602 0.1114 0.0482 0.0385 0.0299 0.0516 
     D237281  5 0.1795 0.0426 0.0227 0.0183 0.0683 0.0240 0.0141 0.0326 0.0409 0.5248 0.0322 
     D237351  5 0.0174 0.0176 0.0484 0.5389 0.0338 0.1899 0.0229 0.0152 0.0778 0.0193 0.0189 
     D237352  5 0.0645 0.0408 0.0506 0.0385 0.0453 0.1791 0.2992 0.0582 0.0242 0.0288 0.1708 
     D237353  5 0.0168 0.0138 0.5680 0.0798 0.0190 0.1606 0.0115 0.0292 0.0144 0.0523 0.0348 
     D237359  5 0.0195 0.0291 0.0802 0.0394 0.1100 0.0408 0.1039 0.0453 0.3236 0.1683 0.0398 
     D237361  5 0.0181 0.0230 0.7370 0.0539 0.0339 0.0330 0.0126 0.0270 0.0187 0.0257 0.0171 
     D237362  5 0.0238 0.0311 0.0297 0.0167 0.0248 0.7711 0.0131 0.0143 0.0246 0.0321 0.0188 
     D237363  5 0.1007 0.0308 0.0368 0.0430 0.4038 0.1593 0.0291 0.0603 0.0558 0.0572 0.0232 
     D237364  5 0.0524 0.0330 0.0113 0.0328 0.0547 0.0341 0.0352 0.0363 0.5963 0.0413 0.0727 
     D237376  5 0.0173 0.0123 0.0387 0.0203 0.0313 0.0292 0.0125 0.7398 0.0407 0.0245 0.0333 
     D237377  5 0.0422 0.0751 0.0927 0.2926 0.1240 0.2383 0.0315 0.0200 0.0200 0.0254 0.0383 
     D237378  5 0.0605 0.0225 0.3219 0.0342 0.0667 0.0604 0.0357 0.1691 0.0760 0.0731 0.0801 
     D237379  5 0.0383 0.0329 0.2216 0.0286 0.1112 0.0376 0.0415 0.1153 0.1714 0.0403 0.1614 
     D237380  5 0.0177 0.0152 0.0327 0.4240 0.0619 0.0146 0.0207 0.2755 0.0323 0.0151 0.0904 
     D237381  5 0.0553 0.0278 0.0600 0.2242 0.1023 0.0245 0.1946 0.1198 0.0278 0.0502 0.1136 
     D237391  5 0.0136 0.0286 0.7683 0.0219 0.0247 0.0280 0.0164 0.0103 0.0295 0.0372 0.0215 
     D237392  5 0.1878 0.1966 0.0203 0.0971 0.0698 0.1062 0.0288 0.1371 0.0408 0.0407 0.0747 
     D237393  5 0.0571 0.3342 0.1459 0.1164 0.0762 0.0246 0.0450 0.0718 0.0269 0.0593 0.0425 
