        D174  1 0.1038 0.1898 0.1485 0.5152 0.0428 
        D199  1 0.4802 0.0626 0.0649 0.2031 0.1892 
        D203  1 0.3236 0.1672 0.2097 0.0827 0.2168 
        D204  1 0.9249 0.0193 0.0190 0.0158 0.0210 
     D237366  1 0.1143 0.2269 0.4557 0.0559 0.1472 
     D237367  1 0.4349 0.2073 0.2105 0.0394 0.1079 
     D237368  1 0.1656 0.0472 0.5907 0.0880 0.1085 
     D244101  1 0.7617 0.0531 0.0205 0.0277 0.1370 
     D244102  1 0.1442 0.3892 0.2286 0.1101 0.1278 
     D244103  1 0.1660 0.5163 0.1341 0.0799 0.1037 
     D244104  1 0.6602 0.0254 0.0547 0.2171 0.0426 
     D244105  1 0.1246 0.2406 0.5868 0.0149 0.0332 
     D244106  1 0.0625 0.1340 0.0378 0.6130 0.1526 
     D244107  1 0.0735 0.0453 0.7729 0.0183 0.0900 
     D244108  1 0.1430 0.0746 0.2670 0.4658 0.0497 
     D244113  1 0.0312 0.2500 0.0417 0.5618 0.1152 
     D244114  1 0.1538 0.4078 0.0684 0.1220 0.2479 
     D244115  1 0.1902 0.1309 0.2119 0.4278 0.0391 
     D267365  1 0.4582 0.0817 0.0737 0.3422 0.0442 
        D404  1 0.0372 0.3642 0.0504 0.4237 0.1245 
        D405  1 0.1756 0.3485 0.1288 0.1871 0.1599 
        D406  1 0.0417 0.0186 0.9021 0.0246 0.0131 
        D407  1 0.6053 0.0804 0.1044 0.0257 0.1842 
        D408  1 0.0311 0.0761 0.0209 0.8440 0.0279 
        D409  1 0.0848 0.6124 0.0678 0.0849 0.1501 
        D410  1 0.0546 0.0255 0.8862 0.0229 0.0108 
        D421  1 0.8682 0.0127 0.0157 0.0346 0.0688 
        D422  1 0.0423 0.0216 0.8941 0.0145 0.0274 
        D423  1 0.0367 0.0217 0.8929 0.0130 0.0357 
        D424  1 0.7900 0.0785 0.0727 0.0332 0.0255 
        D425  1 0.5291 0.1080 0.0613 0.2594 0.0421 
        D426  1 0.0668 0.4254 0.0644 0.0500 0.3934 
        D427  1 0.1461 0.0221 0.0304 0.2321 0.5693 
        D428  1 0.5350 0.0774 0.1512 0.1646 0.0719 
        D429  1 0.4317 0.0883 0.0577 0.3578 0.0646 
        D430  1 0.0924 0.5625 0.0385 0.1764 0.1302 
        D491  1 0.0992 0.0358 0.0217 0.8284 0.0149 
        D492  1 0.4880 0.1132 0.1209 0.1798 0.0981 
        D537  1 0.8469 0.0321 0.0734 0.0225 0.0251 
        D538  1 0.0771 0.3982 0.2596 0.1426 0.1224 
        D539  1 0.0580 0.1567 0.1817 0.4224 0.1812 
        D540  1 0.2527 0.3401 0.1559 0.1464 0.1049 
        D541  1 0.9084 0.0202 0.0317 0.0188 0.0210 
        D551  1 0.0788 0.1744 0.0505 0.0382 0.6580 
        D552  1 0.2308 0.0501 0.3641 0.3050 0.0500 
        D553  1 0.9217 0.0267 0.0158 0.0232 0.0126 
        D615  1 0.3799 0.1328 0.2062 0.1427 0.1385 
        D616  1 0.2077 0.1033 0.3296 0.1171 0.2423 
        D621  1 0.0321 0.0299 0.8287 0.0779 0.0314 
        D622  1 0.0413 0.0422 0.8601 0.0361 0.0204 
        D623  1 0.0869 0.2015 0.0500 0.3609 0.3007 
        D624  1 0.0290 0.0294 0.0328 0.8809 0.0279 
        D625  1 0.7968 0.0539 0.0768 0.0546 0.0180 
        D626  1 0.0678 0.1235 0.2209 0.5423 0.0454 
        D627  1 0.1174 0.5649 0.0602 0.0696 0.1878 
        D690  1 0.8407 0.0166 0.0898 0.0408 0.0121 
        D691  1 0.0934 0.0358 0.8176 0.0295 0.0237 
        D710  1 0.4617 0.0932 0.1296 0.2511 0.0643 
        D711  1 0.8562 0.0311 0.0634 0.0298 0.0195 
        D712  1 0.0530 0.0647 0.0728 0.7697 0.0399 
        D713  1 0.3889 0.2144 0.1205 0.2280 0.0483 
        D746  1 0.0463 0.0159 0.8930 0.0201 0.0247 
        D747  1 0.9233 0.0126 0.0199 0.0243 0.0200 
        D748  1 0.5809 0.1234 0.2432 0.0287 0.0239 
        D749  1 0.0416 0.0879 0.6476 0.1043 0.1185 
        D750  1 0.2392 0.0431 0.1096 0.5883 0.0197 
        D763  1 0.4312 0.1684 0.0811 0.0562 0.2631 
        D764  1 0.5102 0.0428 0.1697 0.2607 0.0166 
        D765  1 0.0462 0.0782 0.6877 0.1608 0.0270 
        D766  1 0.3629 0.0564 0.4933 0.0561 0.0313 
        D767  1 0.2261 0.3570 0.2069 0.0379 0.1721 
        D768  1 0.9248 0.0181 0.0210 0.0146 0.0215 
        D811  1 0.0353 0.4548 0.0664 0.4047 0.0387 
        D816  1 0.8949 0.0194 0.0252 0.0470 0.0135 
        D825  1 0.1946 0.2114 0.2285 0.3425 0.0230 
        D866  1 0.0533 0.0908 0.0591 0.5049 0.2918 
        D867  1 0.0318 0.0596 0.8379 0.0179 0.0527 
        D871  1 0.0540 0.6972 0.0299 0.0714 0.1475 
        D872  1 0.5947 0.1036 0.2247 0.0310 0.0460 
        D873  1 0.0084 0.0173 0.9523 0.0095 0.0125 
        D874  1 0.6571 0.1220 0.0129 0.1636 0.0445 
        D875  1 0.0579 0.7282 0.1096 0.0389 0.0655 
        D876  1 0.7509 0.0513 0.0825 0.0962 0.0190 
        D877  1 0.0922 0.5519 0.0209 0.2486 0.0864 
        D892  1 0.5130 0.1696 0.1906 0.1025 0.0242 
        D893  1 0.6539 0.1095 0.1234 0.0489 0.0644 
        D894  1 0.6050 0.1160 0.0703 0.1551 0.0537 
        D915  1 0.6720 0.0625 0.1685 0.0758 0.0213 
        D916  1 0.9272 0.0167 0.0219 0.0203 0.0140 
        D917  1 0.2160 0.1215 0.0466 0.5276 0.0883 
        D925  1 0.1012 0.0215 0.7943 0.0674 0.0157 
        D926  1 0.4998 0.1678 0.1182 0.1710 0.0432 
        D927  1 0.5398 0.1126 0.0348 0.0691 0.2437 
        D928  1 0.1234 0.0318 0.0177 0.8145 0.0125 
        D929  1 0.1063 0.6145 0.1170 0.0779 0.0843 
        D936  1 0.7686 0.0597 0.0344 0.0676 0.0698 
        D938  1 0.0223 0.0238 0.9179 0.0222 0.0138 
        D956  1 0.0200 0.2382 0.0289 0.6468 0.0660 
        D957  1 0.3484 0.0972 0.4724 0.0406 0.0414 
        D958  1 0.6369 0.0446 0.2098 0.0873 0.0215 
        D959  1 0.5637 0.0670 0.1256 0.0239 0.2198 
        D960  1 0.0176 0.0229 0.9173 0.0247 0.0175 
        D989  1 0.0629 0.0447 0.0303 0.7848 0.0773 
        D990  1 0.0165 0.0150 0.9046 0.0412 0.0227 
        D023  2 0.2023 0.0188 0.7217 0.0248 0.0323 
        D130  2 0.0663 0.0498 0.8290 0.0125 0.0424 
        D131  2 0.5320 0.2827 0.0428 0.0589 0.0836 
        D163  2 0.0623 0.0270 0.8622 0.0281 0.0206 
        D164  2 0.0144 0.0091 0.5197 0.0088 0.4480 
        D165  2 0.0845 0.0255 0.8171 0.0255 0.0475 
        D166  2 0.0641 0.7410 0.0864 0.0227 0.0857 
        D167  2 0.0121 0.0349 0.0171 0.0263 0.9096 
        D192  2 0.0098 0.0158 0.0148 0.0161 0.9436 
        D193  2 0.0304 0.4254 0.1047 0.2906 0.1489 
        D206  2 0.2535 0.1345 0.1421 0.0406 0.4293 
        D207  2 0.0843 0.2467 0.0303 0.0274 0.6113 
        D208  2 0.0526 0.1254 0.0546 0.6049 0.1626 
        D209  2 0.0975 0.1082 0.0797 0.0429 0.6717 
        D210  2 0.1147 0.0413 0.0502 0.5749 0.2189 
     D229599  2 0.2806 0.2625 0.1642 0.1800 0.1127 
     D229600  2 0.0351 0.0659 0.5185 0.0237 0.3567 
     D237227  2 0.0436 0.0497 0.1229 0.7361 0.0478 
     D237228  2 0.0182 0.1533 0.4364 0.3196 0.0725 
     D237258  2 0.1194 0.1201 0.2458 0.1720 0.3427 
     D237310  2 0.0134 0.3559 0.5053 0.0411 0.0842 
     D237311  2 0.0172 0.0834 0.7267 0.0318 0.1408 
     D237312  2 0.0393 0.5225 0.3068 0.0844 0.0471 
     D237313  2 0.3100 0.1469 0.2239 0.2668 0.0524 
     D237322  2 0.0416 0.5228 0.0994 0.1816 0.1545 
     D237323  2 0.0177 0.0869 0.7100 0.1584 0.0270 
     D237324  2 0.0778 0.1137 0.3851 0.0273 0.3960 
     D237325  2 0.0861 0.1692 0.5700 0.0998 0.0747 
     D237326  2 0.1180 0.0408 0.7347 0.0666 0.0399 
     D237327  2 0.1366 0.1734 0.0826 0.1846 0.4228 
     D237337  2 0.0457 0.0822 0.8043 0.0461 0.0217 
     D237338  2 0.0720 0.1504 0.4983 0.1447 0.1346 
     D237339  2 0.3787 0.1273 0.0271 0.0304 0.4365 
     D237340  2 0.0264 0.1297 0.4386 0.2067 0.1987 
     D237389  2 0.0216 0.2231 0.6289 0.0274 0.0989 
     D237390  2 0.0671 0.4045 0.4005 0.0876 0.0403 
     D244017  2 0.0355 0.2197 0.0504 0.3782 0.3162 
     D244112  2 0.0119 0.0572 0.0295 0.0195 0.8818 
     D244118  2 0.0111 0.0203 0.4045 0.0202 0.5439 
     D244119  2 0.0257 0.0273 0.0289 0.6524 0.2657 
     D244120  2 0.0122 0.2660 0.0371 0.0899 0.5948 
     D244122  2 0.0245 0.0792 0.0753 0.0519 0.7691 
        D291  2 0.0820 0.2975 0.0951 0.1578 0.3676 
        D292  2 0.2954 0.0630 0.0672 0.2335 0.3409 
        D293  2 0.3178 0.0423 0.0105 0.0135 0.6160 
        D322  2 0.3628 0.0432 0.0308 0.0187 0.5444 
        D323  2 0.2469 0.2800 0.0682 0.1265 0.2783 
        D324  2 0.4053 0.1257 0.1572 0.1508 0.1610 
        D325  2 0.0663 0.0423 0.0162 0.0107 0.8646 
        D326  2 0.9190 0.0214 0.0103 0.0309 0.0183 
        D340  2 0.0210 0.0121 0.0134 0.0109 0.9427 
        D341  2 0.0348 0.0306 0.0263 0.0339 0.8744 
        D342  2 0.0249 0.1292 0.1193 0.0249 0.7017 
        D343  2 0.0139 0.0129 0.0107 0.0070 0.9555 
        D344  2 0.3749 0.4307 0.0381 0.0444 0.1119 
        D345  2 0.4835 0.0772 0.2566 0.1255 0.0573 
        D346  2 0.0773 0.0758 0.0416 0.6983 0.1069 
        D351  2 0.5228 0.2879 0.0883 0.0328 0.0683 
        D352  2 0.0999 0.4719 0.0816 0.1396 0.2071 
        D353  2 0.6847 0.2185 0.0198 0.0287 0.0483 
        D354  2 0.4124 0.2062 0.1211 0.2106 0.0497 
        D362  2 0.7909 0.0290 0.0794 0.0689 0.0318 
        D363  2 0.7630 0.0364 0.0427 0.1215 0.0364 
        D364  2 0.5907 0.1466 0.1023 0.1070 0.0534 
        D365  2 0.0282 0.0154 0.0088 0.0122 0.9354 
        D369  2 0.3419 0.0731 0.1371 0.2529 0.1949 
        D374  2 0.0198 0.1355 0.0246 0.7568 0.0633 
        D375  2 0.1472 0.6178 0.0687 0.0652 0.1011 
        D376  2 0.0171 0.1116 0.0328 0.7638 0.0746 
        D377  2 0.1019 0.3157 0.2388 0.2024 0.1412 
        D378  2 0.6526 0.0484 0.0481 0.0242 0.2267 
        D379  2 0.8695 0.0499 0.0270 0.0322 0.0214 
        D384  2 0.9268 0.0143 0.0138 0.0325 0.0126 
        D385  2 0.0225 0.0352 0.0139 0.0196 0.9088 
        D386  2 0.7611 0.0908 0.0692 0.0169 0.0620 
        D391  2 0.0414 0.0191 0.0148 0.0161 0.9087 
        D392  2 0.0549 0.0481 0.0826 0.0533 0.7611 
        D393  2 0.7498 0.0485 0.0587 0.0315 0.1115 
        D394  2 0.1918 0.1814 0.4174 0.0777 0.1318 
        D395  2 0.0553 0.2423 0.0239 0.0227 0.6559 
        D401  2 0.0145 0.0371 0.8752 0.0486 0.0246 
        D402  2 0.0258 0.0245 0.0145 0.0177 0.9176 
        D403  2 0.5540 0.2242 0.1451 0.0249 0.0518 
        D415  2 0.8151 0.1069 0.0455 0.0118 0.0206 
        D435  2 0.7016 0.0302 0.0531 0.0138 0.2013 
        D436  2 0.4647 0.2833 0.0830 0.0740 0.0950 
        D438  2 0.0123 0.0109 0.0138 0.0162 0.9469 
        D439  2 0.2759 0.2324 0.1358 0.0271 0.3288 
        D449  2 0.0930 0.0500 0.0376 0.0238 0.7956 
        D450  2 0.1951 0.3958 0.0848 0.2936 0.0307 
        D456  2 0.9185 0.0358 0.0169 0.0174 0.0114 
        D462  2 0.0511 0.0173 0.0145 0.0133 0.9038 
        D463  2 0.9392 0.0164 0.0115 0.0218 0.0111 
        D464  2 0.4918 0.3510 0.0223 0.0375 0.0974 
        D465  2 0.3114 0.1040 0.0501 0.0310 0.5035 
        D473  2 0.0598 0.0971 0.1568 0.6228 0.0635 
        D474  2 0.6161 0.0362 0.0879 0.1401 0.1197 
        D476  2 0.0993 0.0788 0.6282 0.0218 0.1719 
        D477  2 0.6533 0.1129 0.0609 0.1198 0.0530 
        D478  2 0.1017 0.4044 0.1661 0.2249 0.1029 
        D480  2 0.6416 0.0660 0.0189 0.1285 0.1450 
        D481  2 0.3630 0.1213 0.1646 0.2283 0.1227 
        D482  2 0.0539 0.2860 0.1002 0.4458 0.1140 
        D483  2 0.0188 0.0171 0.0248 0.0557 0.8836 
        D484  2 0.0565 0.5403 0.0390 0.0925 0.2717 
        D510  2 0.0263 0.0463 0.0294 0.8583 0.0397 
        D511  2 0.6590 0.0889 0.0664 0.0292 0.1565 
        D512  2 0.0316 0.3133 0.4427 0.0179 0.1945 
        D513  2 0.2107 0.1023 0.0444 0.0674 0.5751 
        D635  2 0.7041 0.0409 0.1625 0.0466 0.0458 
        D636  2 0.0199 0.0175 0.9316 0.0188 0.0123 
        D637  2 0.0649 0.3266 0.0600 0.1542 0.3944 
        D658  2 0.0322 0.1505 0.0773 0.1169 0.6231 
        D659  2 0.8617 0.0296 0.0403 0.0348 0.0336 
        D677  2 0.3956 0.2081 0.2242 0.0403 0.1319 
        D678  2 0.0233 0.0857 0.0401 0.0186 0.8323 
        D679  2 0.6928 0.0681 0.0462 0.0596 0.1333 
        D719  2 0.3012 0.0303 0.0214 0.4972 0.1500 
        D720  2 0.7723 0.0485 0.0537 0.0833 0.0423 
        D721  2 0.1684 0.0381 0.5960 0.0376 0.1599 
        D722  2 0.0276 0.1718 0.0684 0.6048 0.1274 
        D734  2 0.1177 0.1232 0.0190 0.4898 0.2504 
        D735  2 0.5523 0.1110 0.0741 0.1243 0.1382 
        D736  2 0.1480 0.0484 0.0745 0.6016 0.1275 
        D737  2 0.0425 0.0961 0.1532 0.1008 0.6074 
        D807  2 0.3167 0.1052 0.0830 0.4018 0.0933 
        D808  2 0.1581 0.3592 0.2720 0.0309 0.1798 
        D817  2 0.5135 0.1750 0.0647 0.2094 0.0374 
        D818  2 0.1691 0.3296 0.0526 0.0310 0.4176 
        D819  2 0.3913 0.2649 0.1843 0.1065 0.0530 
        D820  2 0.9174 0.0222 0.0105 0.0223 0.0276 
        D895  2 0.6473 0.0622 0.1851 0.0440 0.0614 
        D896  2 0.0175 0.0448 0.8801 0.0419 0.0158 
        D897  2 0.0414 0.1155 0.0262 0.0308 0.7860 
        D898  2 0.0637 0.6001 0.0935 0.1786 0.0641 
        D918  2 0.0827 0.4475 0.2003 0.1024 0.1671 
        D919  2 0.3267 0.2261 0.0424 0.0279 0.3768 
        D920  2 0.0264 0.0294 0.9059 0.0226 0.0158 
        D923  2 0.8584 0.0586 0.0237 0.0269 0.0324 
        D930  2 0.4268 0.2660 0.0546 0.1754 0.0772 
        D931  2 0.6580 0.0892 0.0498 0.0684 0.1345 
        D968  2 0.0253 0.0161 0.0104 0.0124 0.9358 
        D969  2 0.4878 0.1016 0.0465 0.1102 0.2540 
        D977  2 0.0454 0.0962 0.0309 0.0221 0.8054 
        D978  2 0.0562 0.4829 0.0215 0.0615 0.3780 
        D211  3 0.1053 0.3129 0.4871 0.0467 0.0480 
     D229639  3 0.0493 0.0608 0.0494 0.5207 0.3199 
     D237212  3 0.2872 0.2354 0.1593 0.0845 0.2336 
     D237213  3 0.2174 0.3344 0.3420 0.0329 0.0733 
     D237214  3 0.0609 0.2676 0.5742 0.0439 0.0535 
     D237215  3 0.0126 0.0921 0.0200 0.1688 0.7064 
     D237216  3 0.0849 0.4198 0.1787 0.0650 0.2516 
     D237217  3 0.1645 0.2084 0.5439 0.0183 0.0649 
     D237218  3 0.3320 0.1871 0.0792 0.1302 0.2714 
     D237219  3 0.0271 0.0840 0.5288 0.3134 0.0467 
     D237382  3 0.2128 0.4738 0.1143 0.1084 0.0908 
     D244127  3 0.0398 0.0845 0.6949 0.0358 0.1450 
     D244129  3 0.2382 0.2641 0.2802 0.0735 0.1440 
     D244133  3 0.0781 0.1768 0.1718 0.3931 0.1802 
     D244134  3 0.0330 0.0357 0.0896 0.7488 0.0928 
     D244135  3 0.0564 0.0996 0.7366 0.0178 0.0895 
     D244136  3 0.2308 0.1089 0.0855 0.4360 0.1389 
        D416  3 0.2414 0.1362 0.1983 0.0728 0.3513 
        D417  3 0.8155 0.0811 0.0551 0.0298 0.0185 
        D419  3 0.1931 0.0866 0.3119 0.2595 0.1490 
        D565  3 0.0393 0.0137 0.0144 0.9212 0.0113 
        D566  3 0.0630 0.0400 0.0347 0.6835 0.1789 
        D567  3 0.7699 0.0375 0.1385 0.0279 0.0262 
        D568  3 0.3475 0.1092 0.3313 0.0288 0.1832 
        D569  3 0.0956 0.3580 0.1240 0.0673 0.3550 
        D573  3 0.2674 0.0565 0.0389 0.0461 0.5911 
        D574  3 0.0330 0.2010 0.0592 0.6504 0.0564 
        D575  3 0.1403 0.0837 0.2118 0.4387 0.1254 
        D576  3 0.0073 0.1199 0.0153 0.0665 0.7910 
        D577  3 0.6661 0.1415 0.0765 0.0732 0.0427 
        D578  3 0.0212 0.1434 0.7798 0.0183 0.0373 
        D579  3 0.3490 0.0686 0.0942 0.3493 0.1389 
        D660  3 0.0272 0.2323 0.1099 0.0291 0.6016 
        D661  3 0.0517 0.1445 0.0511 0.0519 0.7009 
        D663  3 0.0577 0.2231 0.0245 0.0541 0.6406 
        D664  3 0.0248 0.2092 0.3799 0.1783 0.2079 
        D665  3 0.0216 0.7258 0.1713 0.0135 0.0679 
        D666  3 0.1112 0.1264 0.3229 0.3765 0.0631 
        D009  4 0.2322 0.2690 0.4209 0.0351 0.0429 
        D057  4 0.1344 0.0737 0.2644 0.0575 0.4700 
        D109  4 0.0563 0.2258 0.6356 0.0584 0.0239 
     D237222  4 0.0470 0.0728 0.7487 0.0734 0.0581 
     D237223  4 0.0774 0.2262 0.4150 0.0846 0.1969 
     D237224  4 0.3506 0.1520 0.0696 0.0711 0.3567 
     D237225  4 0.2681 0.3287 0.2260 0.0803 0.0969 
     D237299  4 0.0122 0.7780 0.0757 0.0383 0.0959 
     D237300  4 0.0196 0.0486 0.0364 0.3822 0.5133 
     D237306  4 0.1807 0.1771 0.1316 0.4389 0.0717 
     D237307  4 0.3933 0.1262 0.0692 0.3083 0.1030 
     D237308  4 0.0861 0.0530 0.2089 0.1158 0.5362 
     D237309  4 0.3487 0.2572 0.2537 0.0383 0.1021 
     D237317  4 0.1416 0.0616 0.0383 0.7195 0.0390 
     D237318  4 0.0259 0.1156 0.0180 0.2206 0.6198 
     D237319  4 0.1403 0.3642 0.3348 0.0690 0.0917 
     D237320  4 0.1490 0.1493 0.3491 0.0677 0.2850 
     D237321  4 0.0499 0.1150 0.0895 0.3363 0.4093 
     D237397  4 0.0914 0.1157 0.2424 0.2892 0.2612 
     D237398  4 0.1560 0.2245 0.0592 0.0769 0.4834 
     D237399  4 0.2073 0.2057 0.1132 0.3569 0.1169 
     D244001  4 0.0346 0.0723 0.6949 0.0268 0.1715 
        D289  4 0.2832 0.1092 0.0770 0.3466 0.1840 
        D290  4 0.1238 0.6714 0.0570 0.0684 0.0794 
        D294  4 0.2859 0.5014 0.0333 0.0641 0.1152 
        D295  4 0.4908 0.2085 0.1764 0.0856 0.0387 
        D301  4 0.0168 0.0363 0.8403 0.0516 0.0550 
        D302  4 0.7864 0.1336 0.0354 0.0178 0.0268 
        D303  4 0.0654 0.0666 0.0824 0.7162 0.0694 
        D304  4 0.0990 0.6099 0.0356 0.2072 0.0483 
        D305  4 0.0951 0.4350 0.0806 0.0200 0.3694 
        D306  4 0.0542 0.8279 0.0299 0.0468 0.0412 
        D307  4 0.0226 0.0268 0.8763 0.0531 0.0213 
        D327  4 0.5794 0.1346 0.0511 0.1468 0.0881 
        D328  4 0.0922 0.3494 0.1159 0.3387 0.1038 
        D329  4 0.2414 0.2003 0.1459 0.0817 0.3306 
        D330  4 0.4476 0.2239 0.2332 0.0216 0.0737 
        D331  4 0.1807 0.3153 0.1495 0.2153 0.1392 
        D333  4 0.1634 0.2075 0.1994 0.2143 0.2154 
        D334  4 0.2091 0.1363 0.0665 0.5563 0.0317 
        D335  4 0.8080 0.0577 0.0285 0.0289 0.0769 
        D370  4 0.0793 0.2720 0.3058 0.2493 0.0937 
        D371  4 0.1314 0.0209 0.0142 0.7850 0.0484 
        D372  4 0.0113 0.4003 0.0301 0.1686 0.3897 
        D373  4 0.0306 0.0412 0.7535 0.0428 0.1320 
        D455  4 0.0327 0.0343 0.8672 0.0291 0.0367 
        D490  4 0.0187 0.0350 0.9104 0.0206 0.0154 
        D497  4 0.0245 0.0474 0.8693 0.0322 0.0266 
        D498  4 0.0947 0.3555 0.1665 0.2759 0.1075 
        D499  4 0.0529 0.2734 0.0332 0.2394 0.4010 
        D514  4 0.4532 0.4222 0.0556 0.0229 0.0460 
        D515  4 0.0816 0.4758 0.3386 0.0263 0.0777 
        D516  4 0.2221 0.1159 0.3538 0.1700 0.1383 
        D517  4 0.0400 0.0862 0.7620 0.0285 0.0833 
        D518  4 0.2168 0.1459 0.3352 0.1068 0.1953 
        D519  4 0.0784 0.2510 0.4735 0.0311 0.1661 
        D560  4 0.1194 0.3355 0.2660 0.0299 0.2491 
        D561  4 0.1314 0.5188 0.1834 0.0147 0.1518 
        D562  4 0.1043 0.4624 0.1312 0.1321 0.1699 
        D563  4 0.1032 0.1478 0.0934 0.0249 0.6307 
        D572  4 0.4366 0.3115 0.0884 0.0362 0.1273 
        D629  4 0.5643 0.1107 0.2050 0.0641 0.0560 
        D630  4 0.2333 0.4732 0.1094 0.0763 0.1078 
        D631  4 0.1535 0.2172 0.0619 0.0976 0.4698 
        D632  4 0.0863 0.0402 0.6953 0.0231 0.1552 
        D646  4 0.3808 0.0893 0.3643 0.0271 0.1385 
        D647  4 0.6899 0.0894 0.1529 0.0127 0.0552 
        D648  4 0.0461 0.6440 0.0474 0.1245 0.1380 
        D649  4 0.7116 0.0631 0.1704 0.0259 0.0290 
        D650  4 0.3532 0.1986 0.1804 0.1932 0.0746 
        D708  4 0.0902 0.2084 0.0720 0.5663 0.0630 
        D709  4 0.0496 0.7412 0.0725 0.0842 0.0525 
        D738  4 0.1645 0.0469 0.2602 0.5007 0.0277 
        D739  4 0.0730 0.5397 0.2658 0.0410 0.0805 
        D740  4 0.0356 0.2318 0.2104 0.3050 0.2173 
        D741  4 0.2366 0.3148 0.1477 0.0229 0.2780 
        D742  4 0.0902 0.1625 0.0601 0.2380 0.4492 
        D743  4 0.8216 0.0642 0.0262 0.0364 0.0515 
        D744  4 0.4079 0.2090 0.0775 0.0567 0.2489 
        D745  4 0.0502 0.3056 0.5481 0.0368 0.0592 
        D814  4 0.0418 0.1992 0.0437 0.0289 0.6865 
        D815  4 0.4894 0.2999 0.0666 0.0733 0.0708 
        D828  4 0.0170 0.5151 0.0469 0.1881 0.2330 
        D845  4 0.0330 0.0239 0.0198 0.4475 0.4759 
        D846  4 0.2772 0.2303 0.0912 0.0184 0.3829 
        D847  4 0.2041 0.3592 0.1594 0.1814 0.0960 
        D848  4 0.0182 0.0422 0.7082 0.0490 0.1824 
        D849  4 0.0753 0.4322 0.3966 0.0230 0.0730 
        D850  4 0.4131 0.1034 0.1787 0.1287 0.1762 
        D856  4 0.0673 0.6377 0.2118 0.0458 0.0374 
        D857  4 0.0079 0.0581 0.8670 0.0251 0.0420 
        D859  4 0.2587 0.3533 0.0778 0.0827 0.2275 
        D860  4 0.1697 0.0292 0.0224 0.6500 0.1287 
        D883  4 0.3482 0.1168 0.3282 0.1563 0.0505 
        D884  4 0.1689 0.2683 0.3598 0.1414 0.0615 
        D885  4 0.2315 0.2463 0.0606 0.0963 0.3653 
        D886  4 0.2531 0.2428 0.3753 0.0319 0.0969 
        D887  4 0.1959 0.2670 0.1060 0.1463 0.2848 
        D889  4 0.0702 0.6500 0.0186 0.1407 0.1205 
        D890  4 0.1313 0.2200 0.2059 0.3236 0.1193 
        D891  4 0.0163 0.0477 0.0112 0.2622 0.6625 
        D899  4 0.0588 0.0681 0.0351 0.2547 0.5832 
        D900  4 0.2700 0.3969 0.0903 0.1058 0.1369 
        D970  4 0.3263 0.1989 0.1219 0.2118 0.1412 
        D971  4 0.1424 0.1042 0.0842 0.0398 0.6294 
        D979  4 0.7901 0.0912 0.0210 0.0392 0.0586 
        D093  5 0.0413 0.0502 0.0553 0.8158 0.0375 
        D154  5 0.0325 0.3589 0.0438 0.1062 0.4586 
        D168  5 0.1150 0.1960 0.2264 0.0344 0.4282 
        D189  5 0.0409 0.2701 0.0423 0.5291 0.1176 
        D190  5 0.0468 0.0508 0.0323 0.8344 0.0357 
     D237220  5 0.0795 0.3099 0.3641 0.1862 0.0604 
     D237221  5 0.0979 0.1065 0.0607 0.5642 0.1707 
     D237274  5 0.8456 0.0596 0.0345 0.0220 0.0383 
     D237275  5 0.0188 0.1598 0.0304 0.0341 0.7569 
     D237276  5 0.2123 0.2406 0.2510 0.2149 0.0812 
     D237277  5 0.0479 0.0605 0.0319 0.7484 0.1112 
     D237278  5 0.0379 0.0921 0.1803 0.2572 0.4325 
     D237279  5 0.1255 0.1458 0.6276 0.0190 0.0821 
     D237280  5 0.2478 0.0857 0.4951 0.1376 0.0338 
     D237281  5 0.0795 0.0591 0.0241 0.0561 0.7812 
     D237351  5 0.0242 0.0407 0.7742 0.1219 0.0389 
     D237352  5 0.2608 0.0875 0.4424 0.0718 0.1376 
     D237353  5 0.0136 0.0174 0.0270 0.9209 0.0210 
     D237359  5 0.1048 0.4779 0.1568 0.1367 0.1238 
     D237361  5 0.0225 0.0195 0.0207 0.9166 0.0208 
     D237362  5 0.2482 0.1295 0.1060 0.4071 0.1091 
     D237363  5 0.0468 0.4520 0.0451 0.1176 0.3386 
     D237364  5 0.1710 0.3656 0.1172 0.0219 0.3243 
     D237376  5 0.0159 0.4971 0.0330 0.2974 0.1566 
     D237377  5 0.4317 0.0451 0.3119 0.1401 0.0713 
     D237378  5 0.0177 0.0998 0.0363 0.7278 0.1183 
     D237379  5 0.0658 0.3681 0.0652 0.3987 0.1022 
     D237380  5 0.0377 0.0540 0.8202 0.0672 0.0209 
     D237381  5 0.0634 0.0835 0.6845 0.0825 0.0860 
     D237391  5 0.0649 0.0282 0.0385 0.8431 0.0253 
     D237392  5 0.6493 0.0659 0.0681 0.0336 0.1831 
     D237393  5 0.4135 0.0511 0.1240 0.3362 0.0752 
     D237394  5 0.0313 0.0143 0.0204 0.9246 0.0093 
     D237395  5 0.0498 0.2940 0.1282 0.3870 0.1411 
     D237396  5 0.6374 0.0303 0.0967 0.1509 0.0847 
     D244016  5 0.1051 0.2692 0.0282 0.4583 0.1392 
     D244018  5 0.0643 0.0589 0.0947 0.3383 0.4438 
     D244019  5 0.2968 0.2382 0.0508 0.1628 0.2515 
        D279  5 0.0606 0.2125 0.0708 0.2210 0.4351 
        D280  5 0.1094 0.1552 0.0736 0.5617 0.1000 
        D281  5 0.0503 0.1957 0.0181 0.1756 0.5604 
        D283  5 0.1050 0.0295 0.0364 0.7884 0.0407 
        D284  5 0.0977 0.4811 0.2573 0.0577 0.1062 
        D285  5 0.1220 0.1355 0.0463 0.6557 0.0405 
        D286  5 0.1756 0.3988 0.0960 0.2582 0.0714 
        D287  5 0.0227 0.5205 0.0946 0.2824 0.0799 
        D288  5 0.1741 0.0940 0.0437 0.5485 0.1398 
        D308  5 0.0705 0.0254 0.8613 0.0259 0.0170 
        D309  5 0.8604 0.0640 0.0377 0.0139 0.0240 
        D310  5 0.0193 0.0512 0.0203 0.8903 0.0188 
        D311  5 0.1578 0.4262 0.0460 0.2694 0.1007 
        D312  5 0.2549 0.2122 0.0678 0.3984 0.0667 
        D313  5 0.0093 0.0122 0.9528 0.0174 0.0083 
        D314  5 0.0472 0.3861 0.1209 0.1778 0.2681 
        D315  5 0.2474 0.1081 0.1330 0.4387 0.0727 
        D317  5 0.0356 0.0343 0.0207 0.8800 0.0294 
        D318  5 0.1671 0.4097 0.0917 0.1428 0.1887 
        D319  5 0.0278 0.0309 0.0327 0.8833 0.0253 
        D320  5 0.0357 0.0802 0.0491 0.8087 0.0264 
        D321  5 0.0529 0.0232 0.7319 0.1568 0.0353 
        D336  5 0.0571 0.2854 0.0245 0.5683 0.0647 
        D337  5 0.0184 0.0142 0.0105 0.9269 0.0301 
        D338  5 0.1870 0.2583 0.1265 0.2975 0.1307 
        D339  5 0.0217 0.0372 0.0333 0.8471 0.0608 
        D347  5 0.1874 0.3895 0.0380 0.1358 0.2492 
        D348  5 0.0296 0.0385 0.0141 0.8846 0.0331 
        D349  5 0.0199 0.0291 0.8597 0.0691 0.0222 
        D350  5 0.6725 0.1574 0.0370 0.0216 0.1116 
        D355  5 0.2381 0.2442 0.0164 0.0463 0.4551 
        D356  5 0.3091 0.1062 0.1090 0.4401 0.0357 
        D357  5 0.0517 0.5465 0.0676 0.2108 0.1235 
        D358  5 0.2054 0.1136 0.1104 0.5112 0.0594 
        D359  5 0.3292 0.0374 0.0262 0.5908 0.0165 
        D360  5 0.1421 0.0954 0.0900 0.6439 0.0285 
        D361  5 0.0227 0.0197 0.9086 0.0288 0.0202 
        D366  5 0.5960 0.0260 0.0245 0.0232 0.3304 
        D367  5 0.0236 0.2183 0.0716 0.6496 0.0369 
        D368  5 0.1055 0.1736 0.2238 0.4386 0.0585 
        D380  5 0.6622 0.1053 0.0762 0.0504 0.1060 
        D381  5 0.0482 0.0404 0.0350 0.8393 0.0370 
        D400  5 0.1164 0.1936 0.0586 0.3846 0.2467 
        D411  5 0.0209 0.1076 0.8028 0.0140 0.0547 
        D412  5 0.0892 0.1844 0.1790 0.2343 0.3131 
        D413  5 0.0561 0.0591 0.0537 0.0368 0.7943 
        D414  5 0.1233 0.3215 0.0400 0.0374 0.4778 
        D420  5 0.0371 0.5030 0.2008 0.1507 0.1084 
        D431  5 0.0246 0.4669 0.0998 0.2161 0.1925 
        D432  5 0.0846 0.0555 0.1444 0.6182 0.0974 
        D433  5 0.0421 0.0580 0.0340 0.8054 0.0604 
        D434  5 0.0929 0.0584 0.0654 0.7514 0.0319 
        D440  5 0.6824 0.1820 0.0533 0.0195 0.0629 
        D447  5 0.4944 0.1968 0.1027 0.0302 0.1758 
        D448  5 0.0778 0.1939 0.0231 0.6096 0.0957 
        D459  5 0.1648 0.0517 0.0206 0.0724 0.6905 
        D460  5 0.0816 0.0167 0.7816 0.0852 0.0349 
        D461  5 0.8879 0.0485 0.0169 0.0242 0.0225 
        D468  5 0.2292 0.2844 0.0782 0.2956 0.1126 
        D469  5 0.5240 0.1119 0.1710 0.1380 0.0551 
        D470  5 0.1132 0.4632 0.2324 0.1057 0.0855 
        D471  5 0.0756 0.1730 0.0202 0.6401 0.0911 
        D472  5 0.8464 0.0166 0.0138 0.0239 0.0993 
        D479  5 0.0259 0.0497 0.0216 0.0184 0.8844 
        D485  5 0.0709 0.6435 0.0713 0.0781 0.1361 
        D486  5 0.1666 0.4597 0.1381 0.1449 0.0907 
        D487  5 0.0340 0.1446 0.0557 0.4441 0.3216 
        D555  5 0.0365 0.0266 0.0324 0.8570 0.0475 
        D556  5 0.0680 0.2365 0.0592 0.4955 0.1408 
        D557  5 0.0367 0.0222 0.0198 0.8883 0.0330 
        D564  5 0.0863 0.2231 0.1579 0.4533 0.0795 
        D594  5 0.2712 0.2954 0.0765 0.1633 0.1936 
        D595  5 0.2057 0.0976 0.0760 0.4922 0.1286 
        D596  5 0.0338 0.0327 0.0227 0.8758 0.0349 
        D597  5 0.2605 0.0525 0.0369 0.3926 0.2576 
        D598  5 0.1442 0.0638 0.2464 0.4643 0.0812 
        D617  5 0.0196 0.1229 0.5921 0.0217 0.2437 
        D618  5 0.1131 0.0643 0.0610 0.6669 0.0948 
        D619  5 0.2707 0.0886 0.3472 0.2220 0.0715 
        D620  5 0.0433 0.0148 0.0240 0.0373 0.8807 
        D628  5 0.2695 0.2306 0.2427 0.1106 0.1466 
        D714  5 0.0246 0.1848 0.0351 0.5525 0.2030 
        D715  5 0.0917 0.0411 0.0235 0.7880 0.0557 
        D716  5 0.1164 0.5313 0.0333 0.1040 0.2150 
        D717  5 0.5115 0.0893 0.1378 0.2075 0.0539 
        D718  5 0.0146 0.7513 0.1063 0.0653 0.0624 
        D769  5 0.0242 0.1355 0.6465 0.0256 0.1682 
        D770  5 0.0679 0.2711 0.0454 0.1768 0.4389 
        D771  5 0.0996 0.2934 0.1322 0.1390 0.3356 
        D772  5 0.1645 0.1960 0.0716 0.4797 0.0882 
        D782  5 0.1249 0.2133 0.3296 0.0590 0.2732 
        D783  5 0.0717 0.1979 0.0539 0.1706 0.5059 
        D784  5 0.7204 0.0685 0.0528 0.1057 0.0526 
        D785  5 0.0643 0.0863 0.1009 0.7144 0.0341 
        D786  5 0.2151 0.1143 0.5539 0.0162 0.1005 
        D821  5 0.0170 0.0192 0.0093 0.9411 0.0134 
        D822  5 0.5339 0.1742 0.0338 0.1508 0.1072 
        D826  5 0.0761 0.1150 0.0345 0.5795 0.1949 
        D827  5 0.5536 0.1954 0.0570 0.0414 0.1525 
        D851  5 0.1948 0.3056 0.1184 0.2574 0.1237 
        D852  5 0.0428 0.0838 0.1298 0.5172 0.2265 
        D853  5 0.1190 0.2909 0.0669 0.4382 0.0850 
        D854  5 0.1410 0.5159 0.0710 0.0338 0.2384 
        D861  5 0.0796 0.2290 0.1150 0.2689 0.3074 
        D862  5 0.3635 0.1456 0.0445 0.4158 0.0306 
        D865  5 0.0242 0.0440 0.0427 0.8451 0.0439 
        D868  5 0.7882 0.0393 0.0487 0.0919 0.0320 
        D869  5 0.0376 0.0386 0.8434 0.0443 0.0361 
        D870  5 0.0602 0.6605 0.0803 0.0259 0.1731 
        D907  5 0.0397 0.0863 0.0976 0.7447 0.0317 
        D908  5 0.0272 0.0646 0.0788 0.5199 0.3096 
        D910  5 0.0832 0.0952 0.0312 0.6021 0.1883 
        D911  5 0.1730 0.2566 0.0208 0.0757 0.4738 
        D934  5 0.0741 0.3306 0.0432 0.1940 0.3581 
        D946  5 0.0242 0.4583 0.0793 0.1302 0.3080 
        D947  5 0.2451 0.4590 0.0833 0.1070 0.1056 
        D948  5 0.0388 0.0214 0.8047 0.1162 0.0189 
        D949  5 0.0359 0.0233 0.8732 0.0541 0.0135 
        D950  5 0.1436 0.1922 0.0255 0.1213 0.5174 
        D951  5 0.6038 0.2643 0.0435 0.0298 0.0586 
        D952  5 0.6707 0.0597 0.0383 0.1675 0.0639 
        D953  5 0.1121 0.0553 0.0496 0.7504 0.0327 
        D954  5 0.4526 0.0715 0.0298 0.4034 0.0427 
        D961  5 0.0426 0.5670 0.0954 0.1553 0.1396 
        D962  5 0.1640 0.1984 0.0314 0.5785 0.0276 
        D963  5 0.4698 0.1380 0.0424 0.2540 0.0958 
        D964  5 0.0655 0.4574 0.1567 0.1371 0.1833 
        D965  5 0.0972 0.5665 0.0723 0.0650 0.1990 
        D966  5 0.1896 0.0766 0.0525 0.5468 0.1344 
        D967  5 0.0842 0.0769 0.1419 0.4459 0.2510 
        D991  5 0.2104 0.2256 0.3631 0.1281 0.0728 
        D502  6 0.0364 0.6685 0.0570 0.0116 0.2265 
        D503  6 0.0242 0.1025 0.2468 0.1305 0.4960 
        D504  6 0.5758 0.0931 0.1146 0.1270 0.0895 
        D505  6 0.0980 0.1411 0.1026 0.4496 0.2088 
        D506  6 0.0213 0.0396 0.0270 0.8921 0.0200 
        D507  6 0.1378 0.2668 0.1564 0.0884 0.3506 
        D508  6 0.2552 0.5622 0.0472 0.0456 0.0898 
        D529  6 0.1634 0.3200 0.2479 0.1846 0.0840 
        D530  6 0.0365 0.4172 0.1844 0.1663 0.1957 
        D531  6 0.3327 0.3219 0.0812 0.1591 0.1051 
        D532  6 0.2287 0.3115 0.0526 0.2510 0.1562 
        D534  6 0.0600 0.0403 0.8503 0.0199 0.0295 
        D535  6 0.2493 0.1512 0.1205 0.4170 0.0620 
        D536  6 0.0227 0.0593 0.0781 0.0163 0.8236 
        D554  6 0.0751 0.4368 0.1320 0.2435 0.1126 
        D587  6 0.1218 0.0546 0.0458 0.7328 0.0450 
        D588  6 0.2379 0.0907 0.0681 0.4881 0.1153 
        D589  6 0.0439 0.2025 0.0694 0.2441 0.4402 
        D590  6 0.0392 0.0370 0.0522 0.0354 0.8361 
        D591  6 0.0920 0.2112 0.1180 0.3951 0.1838 
        D592  6 0.0419 0.0217 0.8577 0.0401 0.0385 
        D593  6 0.0203 0.6383 0.0554 0.1348 0.1512 
        D682  6 0.0223 0.0308 0.0263 0.8891 0.0314 
        D683  6 0.5858 0.0791 0.0441 0.2675 0.0234 
        D684  6 0.0848 0.2750 0.3024 0.0242 0.3136 
        D685  6 0.0201 0.7403 0.0436 0.0751 0.1209 
        D686  6 0.0465 0.4318 0.0410 0.3560 0.1247 
        D724  6 0.2414 0.4932 0.1051 0.0269 0.1334 
        D725  6 0.0828 0.3699 0.0742 0.1544 0.3188 
        D726  6 0.0335 0.0383 0.0323 0.8733 0.0225 
        D727  6 0.2488 0.0922 0.0525 0.0868 0.5197 
        D728  6 0.0903 0.2167 0.0710 0.5698 0.0522 
        D729  6 0.2800 0.0605 0.3564 0.0194 0.2836 
        D730  6 0.1209 0.3210 0.2391 0.0454 0.2737 
        D731  6 0.0112 0.0168 0.0143 0.8933 0.0644 
        D732  6 0.5443 0.2254 0.0699 0.0501 0.1103 
        D733  6 0.1568 0.3055 0.2442 0.1389 0.1547 
     D237251  7 0.0419 0.3517 0.0574 0.1415 0.4075 
     D237252  7 0.0520 0.2928 0.3461 0.0346 0.2745 
     D237253  7 0.0507 0.4162 0.0494 0.2297 0.2540 
     D237254  7 0.0248 0.1128 0.8011 0.0193 0.0419 
     D237255  7 0.0262 0.1806 0.0436 0.1843 0.5652 
     D237256  7 0.0818 0.5276 0.0218 0.0357 0.3331 
     D237257  7 0.0352 0.7446 0.1067 0.0197 0.0939 
     D237282  7 0.6696 0.0500 0.1553 0.0169 0.1083 
     D237283  7 0.0121 0.1320 0.8020 0.0277 0.0262 
     D237284  7 0.0405 0.0674 0.8405 0.0178 0.0338 
     D237285  7 0.0483 0.5100 0.0538 0.1431 0.2448 
     D237286  7 0.2806 0.2456 0.1039 0.2243 0.1456 
     D237287  7 0.1292 0.1970 0.0793 0.0802 0.5143 
     D244006  7 0.0245 0.0469 0.8832 0.0131 0.0323 
     D244007  7 0.1767 0.0729 0.0548 0.0423 0.6534 
     D244008  7 0.0194 0.1807 0.7311 0.0483 0.0205 
     D244009  7 0.1626 0.1565 0.5620 0.0925 0.0263 
     D244010  7 0.0344 0.6930 0.1338 0.0468 0.0920 
     D244011  7 0.0413 0.4159 0.0788 0.2855 0.1785 
     D244012  7 0.0866 0.5141 0.0906 0.0424 0.2662 
     D244013  7 0.1538 0.1587 0.0789 0.2778 0.3308 
     D244014  7 0.0601 0.1873 0.3547 0.0799 0.3180 
     D244015  7 0.1195 0.1996 0.4776 0.0326 0.1707 
     D244125  7 0.1734 0.0515 0.0513 0.6143 0.1095 
     D244126  7 0.0171 0.1652 0.7899 0.0098 0.0180 
     D244130  7 0.0775 0.3626 0.3178 0.0647 0.1774 
     D244131  7 0.3165 0.0661 0.1504 0.3776 0.0893 
     D244132  7 0.3855 0.1503 0.0648 0.3419 0.0575 
        D520  7 0.0368 0.6781 0.1319 0.1173 0.0359 
        D521  7 0.2139 0.4619 0.1560 0.0537 0.1145 
        D522  7 0.1651 0.0306 0.6777 0.0690 0.0576 
        D523  7 0.0374 0.1088 0.0400 0.2086 0.6052 
        D524  7 0.1045 0.1578 0.1821 0.2742 0.2814 
        D525  7 0.0386 0.0870 0.5881 0.0849 0.2015 
        D526  7 0.0454 0.0573 0.8467 0.0167 0.0339 
        D527  7 0.3294 0.2558 0.1507 0.1870 0.0771 
        D528  7 0.0103 0.9022 0.0283 0.0100 0.0492 
        D558  7 0.3231 0.1398 0.2431 0.0279 0.2662 
        D559  7 0.3545 0.2647 0.1260 0.0242 0.2305 
        D640  7 0.1094 0.1056 0.1004 0.5936 0.0910 
        D641  7 0.0245 0.2601 0.1687 0.3867 0.1600 
        D642  7 0.0311 0.0824 0.5912 0.0415 0.2538 
        D644  7 0.1066 0.1372 0.3357 0.2934 0.1271 
        D645  7 0.1408 0.1825 0.1740 0.2215 0.2812 
        D662  7 0.1769 0.0192 0.6898 0.0972 0.0169 
        D687  7 0.1843 0.3740 0.0763 0.1877 0.1777 
        D688  7 0.3674 0.2383 0.1832 0.0240 0.1871 
        D689  7 0.1328 0.1290 0.1130 0.4984 0.1269 
        D700  7 0.0198 0.8798 0.0146 0.0162 0.0696 
        D797  7 0.2481 0.2471 0.1232 0.2350 0.1466 
        D798  7 0.0577 0.1255 0.7365 0.0507 0.0295 
        D799  7 0.0342 0.3283 0.1963 0.0868 0.3545 
        D800  7 0.6357 0.1591 0.0872 0.0208 0.0972 
        D132  8 0.0351 0.0285 0.8834 0.0310 0.0221 
        D133  8 0.0115 0.0282 0.0239 0.0154 0.9211 
        D200  8 0.0290 0.8719 0.0223 0.0264 0.0504 
        D500  8 0.0145 0.0218 0.9331 0.0183 0.0122 
        D614  8 0.0990 0.2775 0.1313 0.4543 0.0379 
        D723  8 0.4586 0.1028 0.2710 0.0423 0.1252 
        D888  8 0.0433 0.1286 0.0364 0.3539 0.4377 
        D901  8 0.0162 0.7083 0.1079 0.0485 0.1191 
        D902  8 0.0407 0.1563 0.0441 0.6745 0.0844 
        D903  8 0.6813 0.1510 0.0259 0.0776 0.0641 
        D904  8 0.3124 0.2435 0.1895 0.1157 0.1389 
        D905  8 0.0121 0.0870 0.0182 0.5172 0.3655 
        D906  8 0.0610 0.1847 0.0714 0.0544 0.6285 
        D937  8 0.0101 0.0421 0.0166 0.9021 0.0291 
        D943  8 0.1180 0.4684 0.2360 0.0444 0.1334 
        D972  8 0.3120 0.2160 0.3268 0.0287 0.1165 
        D973  8 0.7707 0.0367 0.1273 0.0331 0.0323 
        D974  8 0.1501 0.4075 0.1318 0.0985 0.2121 
        D975  8 0.0298 0.7889 0.0342 0.0792 0.0678 
        D976  8 0.0390 0.5743 0.0966 0.1667 0.1233 
        D201  9 0.1097 0.2983 0.0890 0.0406 0.4624 
        D202  9 0.0167 0.7247 0.0428 0.0265 0.1893 
     D237259  9 0.2456 0.3725 0.1531 0.0152 0.2135 
     D237260  9 0.0162 0.3869 0.1423 0.0705 0.3841 
     D237262  9 0.0231 0.0279 0.9170 0.0178 0.0142 
     D237263  9 0.0758 0.1622 0.5329 0.0425 0.1865 
     D237264  9 0.0936 0.2381 0.3105 0.1760 0.1819 
     D237265  9 0.0264 0.2234 0.0441 0.1515 0.5546 
     D237266  9 0.0699 0.0283 0.4041 0.0345 0.4633 
     D237267  9 0.0184 0.8349 0.0332 0.0506 0.0630 
     D237268  9 0.1257 0.4103 0.3730 0.0549 0.0361 
     D237289  9 0.0263 0.1691 0.0933 0.2698 0.4415 
     D237290  9 0.0273 0.1047 0.0451 0.0827 0.7402 
     D237291  9 0.0336 0.1025 0.0468 0.0933 0.7238 
     D237292  9 0.0268 0.2068 0.1075 0.0221 0.6369 
     D237293  9 0.1169 0.4366 0.2158 0.1321 0.0985 
     D237294  9 0.0177 0.4314 0.3466 0.0392 0.1651 
     D237295  9 0.2824 0.2412 0.2484 0.1928 0.0352 
     D237296  9 0.0680 0.5201 0.1061 0.1175 0.1883 
     D237297  9 0.0614 0.4030 0.0574 0.3015 0.1767 
     D237298  9 0.3679 0.2313 0.1886 0.0858 0.1264 
     D237341  9 0.1044 0.1791 0.1167 0.0948 0.5050 
     D237342  9 0.0310 0.4175 0.4265 0.0434 0.0816 
     D237343  9 0.0552 0.1502 0.4630 0.0429 0.2887 
     D237344  9 0.0539 0.2227 0.1060 0.3557 0.2618 
     D237345  9 0.0286 0.1013 0.8251 0.0102 0.0349 
     D237346  9 0.0284 0.0982 0.1682 0.1860 0.5192 
     D237347  9 0.0465 0.0663 0.0441 0.7501 0.0930 
     D237348  9 0.1110 0.1847 0.3796 0.0968 0.2280 
     D237349  9 0.3400 0.0371 0.1938 0.0225 0.4066 
     D244109  9 0.0804 0.1134 0.1018 0.0141 0.6903 
     D244110  9 0.0585 0.1034 0.0853 0.0371 0.7156 
     D244111  9 0.1292 0.4451 0.1115 0.0724 0.2419 
     D244128  9 0.0227 0.5832 0.2875 0.0171 0.0895 
     D244137  9 0.6885 0.0512 0.1192 0.0615 0.0796 
     D244138  9 0.0346 0.2880 0.1541 0.1727 0.3505 
        D580  9 0.0617 0.6018 0.2564 0.0346 0.0455 
        D581  9 0.0224 0.1289 0.0473 0.0445 0.7569 
        D582  9 0.0210 0.4153 0.5297 0.0131 0.0209 
        D583  9 0.0170 0.0326 0.1259 0.0176 0.8068 
        D584  9 0.0260 0.3390 0.2355 0.2865 0.1129 
        D585  9 0.0351 0.3753 0.3895 0.0457 0.1543 
        D586  9 0.0214 0.0294 0.0265 0.5193 0.4034 
        D651  9 0.4961 0.0694 0.0918 0.2121 0.1305 
        D652  9 0.2637 0.0420 0.5344 0.0209 0.1389 
        D653  9 0.3063 0.1790 0.0630 0.1181 0.3337 
        D654  9 0.2290 0.0685 0.2975 0.0272 0.3778 
        D655  9 0.0780 0.1216 0.0554 0.4949 0.2500 
        D656  9 0.0324 0.0853 0.7486 0.0216 0.1121 
        D657  9 0.0839 0.3652 0.2923 0.0515 0.2071 
        D667  9 0.0411 0.0800 0.0718 0.6249 0.1822 
        D668  9 0.0475 0.1424 0.5126 0.1774 0.1201 
        D669  9 0.0483 0.3356 0.1070 0.1344 0.3746 
        D670  9 0.7353 0.0918 0.0610 0.0342 0.0777 
        D671  9 0.0393 0.1287 0.0660 0.0812 0.6848 
        D672  9 0.0323 0.3984 0.4516 0.0215 0.0961 
        D673  9 0.0984 0.2855 0.2337 0.3017 0.0806 
        D692  9 0.0437 0.2268 0.2235 0.0232 0.4829 
        D693  9 0.1244 0.2683 0.2406 0.2484 0.1183 
        D694  9 0.0231 0.4142 0.4808 0.0278 0.0542 
        D695  9 0.1786 0.0933 0.5480 0.1377 0.0424 
        D696  9 0.0221 0.0931 0.0098 0.8494 0.0256 
        D697  9 0.0638 0.0500 0.1142 0.6585 0.1135 
        D698  9 0.0326 0.1367 0.0904 0.2849 0.4554 
        D699  9 0.0182 0.2601 0.1096 0.4941 0.1181 
        D787  9 0.3676 0.0497 0.3685 0.0298 0.1844 
        D788  9 0.0514 0.4846 0.0954 0.3275 0.0410 
        D789  9 0.0243 0.6054 0.1419 0.0726 0.1558 
        D790  9 0.1981 0.0533 0.3400 0.1737 0.2349 
        D791  9 0.0173 0.4388 0.0486 0.0869 0.4084 
        D792  9 0.3568 0.0330 0.2741 0.0807 0.2554 
        D793  9 0.1044 0.0205 0.0638 0.7709 0.0403 
        D794  9 0.3305 0.0743 0.1189 0.2929 0.1835 
        D795  9 0.0144 0.4437 0.4384 0.0662 0.0373 
        D796  9 0.0207 0.3580 0.0726 0.1904 0.3583 
        D142 10 0.0996 0.5030 0.0420 0.1456 0.2097 
        D143 10 0.0370 0.0293 0.0444 0.0404 0.8489 
        D144 10 0.1767 0.2356 0.2220 0.2516 0.1141 
        D145 10 0.0513 0.1759 0.0529 0.2298 0.4901 
        D146 10 0.0623 0.3825 0.4589 0.0440 0.0523 
        D147 10 0.0447 0.8198 0.0617 0.0194 0.0545 
        D148 10 0.0777 0.6517 0.0249 0.0824 0.1633 
        D149 10 0.0640 0.1217 0.0504 0.0687 0.6952 
        D151 10 0.0161 0.6393 0.0499 0.1002 0.1945 
        D152 10 0.0117 0.0372 0.0191 0.0160 0.9160 
        D153 10 0.5608 0.2215 0.0978 0.0854 0.0344 
        D156 10 0.6021 0.2379 0.0371 0.0328 0.0901 
        D157 10 0.0704 0.2731 0.2603 0.2860 0.1103 
        D158 10 0.0181 0.7611 0.0314 0.0992 0.0902 
        D159 10 0.0299 0.0212 0.0214 0.0315 0.8961 
        D160 10 0.0100 0.0176 0.0193 0.7924 0.1608 
        D161 10 0.3899 0.1235 0.1320 0.1707 0.1840 
        D162 10 0.4744 0.1863 0.0323 0.0879 0.2192 
        D169 10 0.0365 0.0416 0.8340 0.0305 0.0574 
        D170 10 0.0587 0.1006 0.7513 0.0588 0.0306 
        D171 10 0.0985 0.5552 0.1055 0.1317 0.1092 
        D172 10 0.1913 0.3973 0.1735 0.0485 0.1893 
