        D174  1 0.6560 0.0437 0.0628 0.1008 0.1366 
        D199  1 0.2321 0.2531 0.3559 0.0887 0.0702 
        D203  1 0.1103 0.2448 0.3289 0.1334 0.1826 
        D204  1 0.0250 0.0254 0.8925 0.0335 0.0236 
     D237366  1 0.0985 0.1014 0.1377 0.2871 0.3753 
     D237367  1 0.0655 0.0796 0.4312 0.2441 0.1797 
     D237368  1 0.0791 0.0951 0.2017 0.0964 0.5277 
     D244101  1 0.0277 0.1772 0.6887 0.0700 0.0364 
     D244102  1 0.2086 0.1141 0.1601 0.2987 0.2185 
     D244103  1 0.0684 0.0537 0.1495 0.6100 0.1184 
     D244104  1 0.1350 0.0669 0.6702 0.0480 0.0800 
     D244105  1 0.0286 0.0386 0.1482 0.2648 0.5198 
     D244106  1 0.6500 0.1362 0.0668 0.0995 0.0475 
     D244107  1 0.0220 0.0725 0.1242 0.0954 0.6859 
     D244108  1 0.5122 0.0691 0.1473 0.0636 0.2078 
     D244113  1 0.8057 0.0347 0.0271 0.0896 0.0429 
     D244114  1 0.1830 0.1594 0.1314 0.4443 0.0819 
     D244115  1 0.4828 0.0377 0.1514 0.1553 0.1729 
     D267365  1 0.3114 0.0677 0.4437 0.0908 0.0864 
        D404  1 0.7417 0.0436 0.0449 0.1299 0.0399 
        D405  1 0.3483 0.1192 0.1686 0.2634 0.1005 
        D406  1 0.0425 0.0186 0.0673 0.0264 0.8452 
        D407  1 0.0407 0.0771 0.6100 0.1098 0.1624 
        D408  1 0.7111 0.0999 0.0494 0.0925 0.0471 
        D409  1 0.0701 0.0498 0.0769 0.7555 0.0477 
        D410  1 0.0394 0.0125 0.0858 0.0414 0.8208 
        D421  1 0.0377 0.0392 0.8676 0.0246 0.0309 
        D422  1 0.0223 0.0348 0.0402 0.0493 0.8534 
        D423  1 0.0213 0.0308 0.0640 0.0291 0.8549 
        D424  1 0.0529 0.0196 0.6710 0.1588 0.0977 
        D425  1 0.3105 0.0476 0.4597 0.1238 0.0584 
        D426  1 0.0347 0.2077 0.0635 0.6124 0.0817 
        D427  1 0.1820 0.5962 0.1402 0.0343 0.0473 
        D428  1 0.2488 0.0502 0.4661 0.0800 0.1550 
        D429  1 0.3402 0.0709 0.3911 0.1211 0.0767 
        D430  1 0.2350 0.1625 0.1136 0.4113 0.0775 
        D491  1 0.7754 0.0245 0.1121 0.0410 0.0470 
        D492  1 0.2699 0.0548 0.3375 0.1596 0.1782 
        D537  1 0.0597 0.0267 0.7671 0.0504 0.0961 
        D538  1 0.1315 0.0896 0.1073 0.4048 0.2668 
        D539  1 0.3328 0.2328 0.0808 0.1538 0.1998 
        D540  1 0.1344 0.0661 0.2801 0.3561 0.1633 
        D541  1 0.0219 0.0285 0.8860 0.0304 0.0333 
        D551  1 0.0539 0.5873 0.0918 0.2045 0.0625 
        D552  1 0.2032 0.0478 0.2790 0.0742 0.3958 
        D553  1 0.0272 0.0242 0.8916 0.0264 0.0306 
        D615  1 0.0899 0.1480 0.3679 0.1780 0.2162 
        D616  1 0.1049 0.1801 0.2840 0.1396 0.2913 
        D621  1 0.1543 0.0402 0.0466 0.0610 0.6979 
        D622  1 0.0622 0.0311 0.0535 0.0757 0.7774 
        D623  1 0.5692 0.1820 0.0906 0.1084 0.0498 
        D624  1 0.8587 0.0298 0.0357 0.0375 0.0383 
        D625  1 0.0844 0.0248 0.7131 0.0931 0.0847 
        D626  1 0.5143 0.0589 0.1128 0.1198 0.1942 
        D627  1 0.0349 0.0952 0.1197 0.7018 0.0485 
        D690  1 0.0779 0.0147 0.7871 0.0316 0.0886 
        D691  1 0.0400 0.0334 0.0943 0.0472 0.7851 
        D710  1 0.2306 0.0511 0.4669 0.1034 0.1481 
        D711  1 0.0537 0.0331 0.7815 0.0601 0.0717 
        D712  1 0.7396 0.0547 0.0523 0.0774 0.0761 
        D713  1 0.5312 0.0252 0.1869 0.1442 0.1125 
        D746  1 0.0232 0.0269 0.0749 0.0321 0.8428 
        D747  1 0.0258 0.0279 0.9029 0.0161 0.0272 
        D748  1 0.0779 0.0289 0.4316 0.1515 0.3100 
        D749  1 0.1713 0.0955 0.0350 0.1187 0.5795 
        D750  1 0.6502 0.0331 0.1587 0.0571 0.1009 
        D763  1 0.0519 0.2713 0.3301 0.2377 0.1089 
        D764  1 0.2082 0.0282 0.5175 0.0788 0.1673 
        D765  1 0.1641 0.0380 0.0395 0.0890 0.6694 
        D766  1 0.0781 0.0263 0.2970 0.0564 0.5422 
        D767  1 0.1025 0.1109 0.3022 0.2739 0.2105 
        D768  1 0.0199 0.0309 0.8734 0.0423 0.0335 
        D811  1 0.5985 0.0371 0.0504 0.2333 0.0807 
        D816  1 0.0481 0.0188 0.8649 0.0346 0.0337 
        D825  1 0.4741 0.0273 0.1658 0.1376 0.1952 
        D866  1 0.3091 0.4723 0.0579 0.0946 0.0660 
        D867  1 0.0479 0.0387 0.0346 0.0711 0.8077 
        D871  1 0.0569 0.0279 0.0675 0.8219 0.0259 
        D872  1 0.0768 0.0456 0.5197 0.1126 0.2453 
        D873  1 0.0238 0.0141 0.0134 0.0204 0.9282 
        D874  1 0.2914 0.0763 0.4372 0.1673 0.0279 
        D875  1 0.0244 0.0176 0.0425 0.8282 0.0873 
        D876  1 0.1042 0.0286 0.7232 0.0717 0.0722 
        D877  1 0.6275 0.0329 0.0833 0.2311 0.0252 
        D892  1 0.2875 0.0237 0.3840 0.1652 0.1396 
        D893  1 0.0376 0.0569 0.6865 0.0989 0.1200 
        D894  1 0.1036 0.0661 0.5398 0.2040 0.0866 
        D915  1 0.0939 0.0339 0.6130 0.0686 0.1906 
        D916  1 0.0306 0.0187 0.8794 0.0255 0.0457 
        D917  1 0.4627 0.1302 0.2343 0.1164 0.0564 
        D925  1 0.0874 0.0261 0.1396 0.0299 0.7170 
        D926  1 0.1734 0.0395 0.5343 0.1566 0.0962 
        D927  1 0.0943 0.3030 0.4345 0.1146 0.0536 
        D928  1 0.8290 0.0181 0.1010 0.0260 0.0259 
        D929  1 0.2618 0.0486 0.1358 0.4341 0.1197 
        D936  1 0.0513 0.1057 0.7306 0.0699 0.0424 
        D938  1 0.0280 0.0192 0.0437 0.0302 0.8790 
        D956  1 0.7358 0.0539 0.0391 0.1206 0.0506 
        D957  1 0.0979 0.0388 0.3541 0.0808 0.4283 
        D958  1 0.1305 0.0200 0.5146 0.0642 0.2706 
        D959  1 0.0345 0.0421 0.5555 0.1701 0.1978 
        D960  1 0.0462 0.0240 0.0382 0.0311 0.8605 
        D989  1 0.6600 0.1551 0.0834 0.0675 0.0340 
        D990  1 0.0555 0.0662 0.0209 0.0341 0.8233 
        D023  2 0.0285 0.0267 0.2022 0.0403 0.7023 
        D130  2 0.0252 0.0347 0.0883 0.0742 0.7776 
        D131  2 0.0502 0.0856 0.4788 0.3246 0.0608 
        D163  2 0.0486 0.0290 0.0818 0.0471 0.7936 
        D164  2 0.0159 0.4354 0.0189 0.0170 0.5127 
        D165  2 0.0270 0.0378 0.1007 0.0498 0.7847 
        D166  2 0.0510 0.0699 0.0731 0.7291 0.0769 
        D167  2 0.0439 0.8911 0.0176 0.0296 0.0178 
        D192  2 0.0277 0.9184 0.0154 0.0194 0.0192 
        D193  2 0.5741 0.0723 0.0465 0.2221 0.0850 
        D206  2 0.0535 0.3253 0.2416 0.2134 0.1661 
        D207  2 0.0459 0.6666 0.0737 0.1716 0.0422 
        D208  2 0.4537 0.3244 0.0750 0.0768 0.0701 
        D209  2 0.0582 0.4920 0.1218 0.2061 0.1220 
        D210  2 0.4201 0.3641 0.1243 0.0439 0.0476 
     D229599  2 0.1565 0.1311 0.3464 0.2352 0.1309 
     D229600  2 0.0343 0.3313 0.0425 0.0924 0.4995 
     D237227  2 0.5799 0.0877 0.0599 0.0647 0.2077 
     D237228  2 0.4472 0.0751 0.0260 0.1021 0.3495 
     D237258  2 0.2053 0.2994 0.1184 0.1183 0.2586 
     D237310  2 0.0944 0.0667 0.0256 0.2670 0.5462 
     D237311  2 0.0658 0.1783 0.0270 0.1012 0.6277 
     D237312  2 0.2083 0.0358 0.0469 0.3806 0.3284 
     D237313  2 0.2111 0.0620 0.3368 0.1439 0.2462 
     D237322  2 0.1580 0.2333 0.0690 0.4409 0.0988 
     D237323  2 0.1711 0.0419 0.0278 0.0932 0.6660 
     D237324  2 0.0264 0.3048 0.0924 0.1254 0.4510 
     D237325  2 0.1797 0.0810 0.0720 0.1517 0.5157 
     D237326  2 0.0925 0.0360 0.1123 0.0470 0.7122 
     D237327  2 0.0873 0.4858 0.1327 0.1997 0.0945 
     D237337  2 0.1050 0.0233 0.0437 0.0709 0.7571 
     D237338  2 0.2066 0.1644 0.0892 0.1589 0.3809 
     D237339  2 0.0395 0.4107 0.3629 0.1448 0.0420 
     D237340  2 0.3081 0.2206 0.0334 0.1170 0.3210 
     D237389  2 0.0769 0.0785 0.0323 0.1406 0.6717 
     D237390  2 0.2680 0.0453 0.0960 0.2519 0.3388 
     D244017  2 0.4538 0.2977 0.0442 0.1497 0.0547 
     D244112  2 0.0409 0.8071 0.0216 0.0729 0.0575 
     D244118  2 0.0286 0.5782 0.0202 0.0302 0.3428 
     D244119  2 0.5580 0.3429 0.0285 0.0289 0.0416 
     D244120  2 0.1882 0.5978 0.0225 0.1349 0.0566 
     D244122  2 0.0686 0.7641 0.0442 0.0585 0.0647 
        D291  2 0.0579 0.4413 0.1033 0.2983 0.0992 
        D292  2 0.1240 0.4873 0.2695 0.0518 0.0675 
        D293  2 0.0200 0.5784 0.3250 0.0617 0.0148 
        D322  2 0.0277 0.4660 0.3553 0.0910 0.0601 
        D323  2 0.1571 0.1956 0.2623 0.2962 0.0887 
        D324  2 0.1163 0.2091 0.3005 0.1928 0.1814 
        D325  2 0.0143 0.8554 0.0605 0.0502 0.0196 
        D326  2 0.0314 0.0231 0.8929 0.0353 0.0173 
        D340  2 0.0206 0.9064 0.0304 0.0199 0.0227 
        D341  2 0.0370 0.8082 0.0602 0.0510 0.0436 
        D342  2 0.0323 0.6532 0.0346 0.1422 0.1376 
        D343  2 0.0104 0.9298 0.0258 0.0210 0.0130 
        D344  2 0.1027 0.0760 0.3749 0.3547 0.0916 
        D345  2 0.0760 0.0692 0.4805 0.1142 0.2602 
        D346  2 0.6991 0.1041 0.0866 0.0662 0.0440 
        D351  2 0.0379 0.1056 0.4243 0.3403 0.0919 
        D352  2 0.1977 0.1664 0.1175 0.4335 0.0849 
        D353  2 0.0365 0.0508 0.4963 0.3937 0.0227 
        D354  2 0.2714 0.0288 0.4153 0.1663 0.1182 
        D362  2 0.0584 0.0410 0.7707 0.0508 0.0792 
        D363  2 0.0735 0.0365 0.7846 0.0465 0.0589 
        D364  2 0.1195 0.0418 0.5941 0.1227 0.1220 
        D365  2 0.0244 0.8852 0.0565 0.0191 0.0149 
        D369  2 0.2118 0.2742 0.3097 0.0950 0.1093 
        D374  2 0.8987 0.0193 0.0180 0.0374 0.0265 
        D375  2 0.1480 0.0322 0.2185 0.4917 0.1095 
        D376  2 0.8343 0.0501 0.0210 0.0471 0.0475 
        D377  2 0.3041 0.1045 0.0804 0.3070 0.2039 
        D378  2 0.0382 0.1923 0.6233 0.0942 0.0519 
        D379  2 0.0646 0.0308 0.7706 0.0995 0.0344 
        D384  2 0.0382 0.0231 0.8948 0.0253 0.0186 
        D385  2 0.0447 0.8502 0.0321 0.0512 0.0218 
        D386  2 0.0334 0.0707 0.6563 0.1674 0.0722 
        D391  2 0.0254 0.8169 0.0918 0.0443 0.0216 
        D392  2 0.0658 0.6736 0.1111 0.0648 0.0847 
        D393  2 0.0351 0.1554 0.6642 0.0752 0.0702 
        D394  2 0.0953 0.0952 0.2048 0.2456 0.3591 
        D395  2 0.0507 0.5159 0.1016 0.2901 0.0417 
        D401  2 0.0855 0.0317 0.0209 0.0490 0.8128 
        D402  2 0.0221 0.8828 0.0403 0.0303 0.0244 
        D403  2 0.0353 0.0598 0.5201 0.2793 0.1054 
        D415  2 0.0293 0.0272 0.6889 0.1580 0.0965 
        D435  2 0.0204 0.1835 0.6525 0.0511 0.0926 
        D436  2 0.2111 0.0728 0.4042 0.2348 0.0772 
        D438  2 0.0296 0.9135 0.0186 0.0201 0.0182 
        D439  2 0.0341 0.1658 0.3502 0.3293 0.1207 
        D449  2 0.0361 0.6601 0.1034 0.1561 0.0443 
        D450  2 0.3383 0.0381 0.1616 0.3650 0.0970 
        D456  2 0.0214 0.0171 0.8861 0.0578 0.0175 
        D462  2 0.0175 0.8608 0.0723 0.0304 0.0189 
        D463  2 0.0296 0.0152 0.9180 0.0213 0.0159 
        D464  2 0.0848 0.0681 0.3434 0.4631 0.0406 
        D465  2 0.0495 0.3431 0.3473 0.1436 0.1166 
        D473  2 0.6968 0.0508 0.0485 0.0903 0.1137 
        D474  2 0.0904 0.1618 0.6075 0.0446 0.0958 
        D476  2 0.0251 0.1518 0.1793 0.1281 0.5157 
        D477  2 0.1073 0.0627 0.6256 0.1375 0.0669 
        D478  2 0.2636 0.0808 0.1146 0.3950 0.1461 
        D480  2 0.1202 0.1573 0.6094 0.0813 0.0317 
        D481  2 0.1261 0.0724 0.5175 0.1227 0.1613 
        D482  2 0.3300 0.1734 0.0730 0.2829 0.1406 
        D483  2 0.0586 0.8626 0.0231 0.0252 0.0304 
        D484  2 0.2173 0.1927 0.1127 0.4098 0.0676 
        D510  2 0.8409 0.0518 0.0290 0.0425 0.0358 
        D511  2 0.0368 0.1468 0.6334 0.1183 0.0646 
        D512  2 0.0342 0.1016 0.0407 0.2514 0.5721 
        D513  2 0.0826 0.5256 0.2054 0.1085 0.0779 
        D635  2 0.0369 0.0460 0.6122 0.0986 0.2062 
        D636  2 0.0229 0.0178 0.0344 0.0240 0.9009 
        D637  2 0.1646 0.3780 0.1049 0.2523 0.1003 
        D658  2 0.1676 0.6300 0.0450 0.0811 0.0763 
        D659  2 0.0371 0.0410 0.8065 0.0585 0.0569 
        D677  2 0.0603 0.1684 0.3792 0.1716 0.2206 
        D678  2 0.0497 0.7176 0.0353 0.1047 0.0927 
        D679  2 0.0893 0.1235 0.6106 0.1228 0.0538 
        D719  2 0.3712 0.2181 0.3390 0.0363 0.0354 
        D720  2 0.1104 0.0387 0.7374 0.0652 0.0483 
        D721  2 0.0531 0.1179 0.1387 0.1127 0.5776 
        D722  2 0.7844 0.0537 0.0319 0.0629 0.0670 
        D734  2 0.5077 0.2324 0.1183 0.1181 0.0235 
        D735  2 0.0996 0.0958 0.4832 0.1747 0.1467 
        D736  2 0.4649 0.2302 0.1361 0.0793 0.0895 
        D737  2 0.0829 0.6841 0.0442 0.0718 0.1169 
        D807  2 0.3461 0.1744 0.2842 0.0959 0.0995 
        D808  2 0.0407 0.2011 0.1429 0.3734 0.2419 
        D817  2 0.1483 0.0379 0.5696 0.1487 0.0954 
        D818  2 0.0406 0.4233 0.1246 0.3510 0.0605 
        D819  2 0.1094 0.0730 0.3326 0.2907 0.1944 
        D820  2 0.0244 0.0327 0.8961 0.0284 0.0184 
        D895  2 0.0602 0.0573 0.6064 0.1123 0.1638 
        D896  2 0.0583 0.0212 0.0278 0.0382 0.8546 
        D897  2 0.0494 0.7110 0.0450 0.1360 0.0585 
        D898  2 0.1405 0.1023 0.1100 0.4839 0.1633 
        D918  2 0.0930 0.1728 0.0867 0.3820 0.2655 
        D919  2 0.0378 0.2510 0.3899 0.2768 0.0445 
        D920  2 0.0462 0.0351 0.0319 0.0465 0.8404 
        D923  2 0.0371 0.0323 0.8300 0.0732 0.0274 
        D930  2 0.2430 0.0586 0.3797 0.2551 0.0636 
        D931  2 0.1028 0.1704 0.5374 0.1173 0.0721 
        D968  2 0.0195 0.9037 0.0333 0.0265 0.0171 
        D969  2 0.0749 0.3246 0.4623 0.0935 0.0448 
        D977  2 0.0273 0.7715 0.0596 0.1052 0.0365 
        D978  2 0.0590 0.3311 0.0754 0.4971 0.0374 
        D211  3 0.0575 0.0527 0.1568 0.3518 0.3812 
     D229639  3 0.1642 0.6667 0.0650 0.0514 0.0528 
     D237212  3 0.0776 0.2656 0.2737 0.2517 0.1314 
     D237213  3 0.0515 0.0700 0.2156 0.3495 0.3134 
     D237214  3 0.0509 0.0304 0.0672 0.3838 0.4676 
     D237215  3 0.1531 0.7522 0.0209 0.0453 0.0286 
     D237216  3 0.0514 0.0805 0.1095 0.6169 0.1416 
     D237217  3 0.0233 0.0672 0.1907 0.2021 0.5167 
     D237218  3 0.0663 0.2826 0.2848 0.2731 0.0931 
     D237219  3 0.2170 0.0989 0.0456 0.1196 0.5190 
     D237382  3 0.2200 0.0710 0.1638 0.4163 0.1288 
     D244127  3 0.0459 0.1493 0.0487 0.1041 0.6521 
     D244129  3 0.0771 0.1416 0.2475 0.2468 0.2871 
     D244133  3 0.2901 0.2354 0.0964 0.2146 0.1635 
     D244134  3 0.3797 0.2825 0.0768 0.0632 0.1979 
     D244135  3 0.0308 0.0752 0.0693 0.1472 0.6775 
     D244136  3 0.4386 0.1465 0.1932 0.1287 0.0930 
        D416  3 0.0606 0.2759 0.2377 0.2382 0.1875 
        D417  3 0.0449 0.0297 0.7529 0.1054 0.0672 
        D419  3 0.1849 0.2074 0.2301 0.1299 0.2476 
        D565  3 0.8523 0.0420 0.0479 0.0312 0.0266 
        D566  3 0.4122 0.3921 0.0774 0.0697 0.0486 
        D567  3 0.0331 0.0334 0.7596 0.0433 0.1306 
        D568  3 0.0391 0.2131 0.3408 0.1413 0.2658 
        D569  3 0.0893 0.2164 0.1252 0.4614 0.1076 
        D573  3 0.0329 0.7375 0.1365 0.0579 0.0352 
        D574  3 0.5671 0.0817 0.0525 0.2159 0.0828 
        D575  3 0.2713 0.1495 0.1678 0.1476 0.2638 
        D576  3 0.0649 0.8080 0.0127 0.0826 0.0317 
        D577  3 0.0713 0.0473 0.5999 0.1950 0.0865 
        D578  3 0.0209 0.0371 0.0211 0.2036 0.7174 
        D579  3 0.2371 0.2174 0.3256 0.1049 0.1149 
        D660  3 0.0459 0.5174 0.0438 0.2546 0.1383 
        D661  3 0.0295 0.6448 0.0626 0.1837 0.0794 
        D663  3 0.0411 0.7416 0.0584 0.1280 0.0309 
        D664  3 0.2715 0.1774 0.0288 0.2369 0.2854 
        D665  3 0.0255 0.0552 0.0292 0.7415 0.1485 
        D666  3 0.3111 0.0755 0.1358 0.1420 0.3357 
        D009  4 0.0354 0.0399 0.2580 0.3335 0.3332 
        D057  4 0.0571 0.4289 0.1627 0.0827 0.2686 
        D109  4 0.0990 0.0322 0.0497 0.2251 0.5939 
     D237222  4 0.1412 0.0539 0.0573 0.0869 0.6607 
     D237223  4 0.1874 0.1167 0.0800 0.1852 0.4307 
     D237224  4 0.0624 0.3625 0.3689 0.1314 0.0747 
     D237225  4 0.0722 0.0679 0.2459 0.4337 0.1802 
     D237299  4 0.0548 0.0772 0.0199 0.7628 0.0852 
     D237300  4 0.0554 0.8226 0.0320 0.0597 0.0303 
     D237306  4 0.7385 0.0313 0.0802 0.0719 0.0780 
     D237307  4 0.3100 0.0993 0.3872 0.1358 0.0678 
     D237308  4 0.1671 0.4865 0.1026 0.0531 0.1907 
     D237309  4 0.0458 0.0873 0.3136 0.2679 0.2854 
     D237317  4 0.5550 0.0586 0.1977 0.1045 0.0841 
     D237318  4 0.0295 0.8835 0.0295 0.0359 0.0216 
     D237319  4 0.1093 0.1099 0.1502 0.3286 0.3020 
     D237320  4 0.0729 0.2387 0.1073 0.1984 0.3827 
     D237321  4 0.0807 0.6632 0.0833 0.1133 0.0595 
     D237397  4 0.3350 0.2393 0.0965 0.1133 0.2159 
     D237398  4 0.0308 0.5575 0.1590 0.1989 0.0537 
     D237399  4 0.2723 0.1827 0.2403 0.1984 0.1063 
     D244001  4 0.0551 0.1305 0.0742 0.0942 0.6461 
        D289  4 0.3268 0.1841 0.2728 0.1477 0.0685 
        D290  4 0.1061 0.0817 0.1339 0.6154 0.0630 
        D294  4 0.0797 0.0824 0.2446 0.5392 0.0541 
        D295  4 0.0997 0.0603 0.5591 0.1684 0.1126 
        D301  4 0.0694 0.0991 0.0294 0.0531 0.7489 
        D302  4 0.0523 0.0274 0.7227 0.1483 0.0493 
        D303  4 0.7127 0.0657 0.0667 0.0791 0.0759 
        D304  4 0.1698 0.1299 0.1457 0.5069 0.0477 
        D305  4 0.0250 0.1889 0.1195 0.5754 0.0911 
        D306  4 0.1140 0.0332 0.0684 0.7429 0.0414 
        D307  4 0.0890 0.0410 0.0294 0.0330 0.8076 
        D327  4 0.1104 0.0735 0.6484 0.1159 0.0518 
        D328  4 0.5961 0.0686 0.0795 0.1652 0.0906 
        D329  4 0.0854 0.3016 0.2405 0.2112 0.1614 
        D330  4 0.0395 0.0486 0.4168 0.2590 0.2362 
        D331  4 0.1983 0.1695 0.2378 0.2368 0.1577 
        D333  4 0.2768 0.1900 0.1683 0.1551 0.2098 
        D334  4 0.5904 0.0455 0.1792 0.1229 0.0620 
        D335  4 0.0662 0.0577 0.7371 0.0939 0.0450 
        D370  4 0.4288 0.0672 0.0925 0.1597 0.2516 
        D371  4 0.7910 0.0351 0.1115 0.0318 0.0306 
        D372  4 0.0565 0.5789 0.0255 0.3001 0.0390 
        D373  4 0.0449 0.1416 0.0474 0.0572 0.7089 
        D455  4 0.0470 0.0652 0.0684 0.0558 0.7635 
        D490  4 0.0365 0.0184 0.0368 0.0447 0.8636 
        D497  4 0.0352 0.0347 0.0300 0.0719 0.8282 
        D498  4 0.2744 0.1416 0.1167 0.2840 0.1832 
        D499  4 0.2243 0.3850 0.0588 0.2769 0.0550 
        D514  4 0.0417 0.0524 0.4512 0.3878 0.0669 
        D515  4 0.0607 0.0613 0.0843 0.4413 0.3523 
        D516  4 0.1711 0.1509 0.2311 0.1009 0.3460 
        D517  4 0.0276 0.1232 0.0699 0.1076 0.6718 
        D518  4 0.2365 0.1246 0.2287 0.1095 0.3008 
        D519  4 0.0482 0.1447 0.0814 0.2720 0.4537 
        D560  4 0.0307 0.1793 0.1516 0.3875 0.2510 
        D561  4 0.0225 0.0402 0.1150 0.6978 0.1245 
        D562  4 0.1425 0.1303 0.1208 0.4725 0.1340 
        D563  4 0.0366 0.5051 0.1118 0.2405 0.1061 
        D572  4 0.0976 0.0754 0.4141 0.3255 0.0873 
        D629  4 0.0567 0.0588 0.5051 0.1704 0.2091 
        D630  4 0.1540 0.1077 0.2306 0.3880 0.1196 
        D631  4 0.1092 0.4518 0.1601 0.2134 0.0655 
        D632  4 0.0350 0.1223 0.0994 0.0521 0.6912 
        D646  4 0.0685 0.1138 0.3018 0.1287 0.3872 
        D647  4 0.0246 0.0726 0.6438 0.1097 0.1493 
        D648  4 0.5491 0.0377 0.0458 0.3156 0.0518 
        D649  4 0.0402 0.0287 0.6147 0.0918 0.2247 
        D650  4 0.2212 0.0713 0.3556 0.1968 0.1551 
        D708  4 0.4454 0.0679 0.0895 0.3142 0.0830 
        D709  4 0.1731 0.0449 0.0671 0.5965 0.1184 
        D738  4 0.6235 0.0303 0.1050 0.0626 0.1787 
        D739  4 0.1036 0.0664 0.0697 0.5025 0.2578 
        D740  4 0.1877 0.1511 0.0545 0.4088 0.1979 
        D741  4 0.0326 0.1927 0.2363 0.3541 0.1843 
        D742  4 0.1896 0.5035 0.0825 0.1631 0.0613 
        D743  4 0.0433 0.0795 0.7576 0.0848 0.0348 
        D744  4 0.0506 0.1695 0.4732 0.2331 0.0737 
        D745  4 0.0479 0.0489 0.0708 0.3103 0.5221 
        D814  4 0.0475 0.5308 0.0816 0.2837 0.0564 
        D815  4 0.1079 0.0632 0.5250 0.2248 0.0791 
        D828  4 0.4235 0.1473 0.0256 0.3331 0.0705 
        D845  4 0.0871 0.8141 0.0437 0.0332 0.0219 
        D846  4 0.0261 0.2582 0.3780 0.2647 0.0729 
        D847  4 0.1468 0.1407 0.2095 0.3598 0.1431 
        D848  4 0.0350 0.2514 0.0338 0.0592 0.6206 
        D849  4 0.0343 0.0437 0.1080 0.4624 0.3516 
        D850  4 0.1544 0.1850 0.2709 0.2091 0.1806 
        D856  4 0.0603 0.0396 0.0870 0.6562 0.1568 
        D857  4 0.0720 0.0561 0.0152 0.0439 0.8129 
        D859  4 0.1210 0.1778 0.3662 0.2731 0.0619 
        D860  4 0.4538 0.2618 0.1962 0.0513 0.0368 
        D883  4 0.1842 0.0574 0.3708 0.1220 0.2655 
        D884  4 0.3375 0.0354 0.1237 0.1853 0.3182 
        D885  4 0.0575 0.2636 0.2023 0.3734 0.1032 
        D886  4 0.0512 0.0817 0.2934 0.2082 0.3656 
        D887  4 0.1370 0.3569 0.1866 0.2047 0.1147 
        D889  4 0.0501 0.1937 0.0893 0.6396 0.0273 
        D890  4 0.4249 0.0835 0.1307 0.1709 0.1900 
        D891  4 0.0187 0.9137 0.0235 0.0275 0.0166 
        D899  4 0.1637 0.6546 0.0653 0.0813 0.0351 
        D900  4 0.1223 0.1005 0.3350 0.3367 0.1055 
        D970  4 0.1320 0.1399 0.3885 0.2504 0.0892 
        D971  4 0.0946 0.4859 0.2063 0.1270 0.0862 
        D979  4 0.0654 0.0315 0.7958 0.0820 0.0253 
        D093  5 0.7665 0.0506 0.0552 0.0693 0.0584 
        D154  5 0.1173 0.4352 0.0500 0.3457 0.0518 
        D168  5 0.0381 0.3585 0.1446 0.2212 0.2376 
        D189  5 0.5402 0.2194 0.0573 0.1436 0.0396 
        D190  5 0.8325 0.0463 0.0455 0.0410 0.0347 
     D237220  5 0.1378 0.0688 0.0901 0.3991 0.3041 
     D237221  5 0.3770 0.2632 0.1429 0.1403 0.0767 
     D237274  5 0.0370 0.0360 0.8074 0.0746 0.0449 
     D237275  5 0.0410 0.7464 0.0210 0.1486 0.0430 
     D237276  5 0.3513 0.0723 0.1610 0.1924 0.2229 
     D237277  5 0.6480 0.1651 0.0699 0.0760 0.0410 
     D237278  5 0.2247 0.3927 0.0643 0.1525 0.1659 
     D237279  5 0.0274 0.0492 0.0815 0.2674 0.5745 
     D237280  5 0.0825 0.0368 0.3110 0.1230 0.4468 
     D237281  5 0.0268 0.8699 0.0401 0.0357 0.0274 
     D237351  5 0.1144 0.0407 0.0351 0.0648 0.7450 
     D237352  5 0.1124 0.0782 0.2628 0.0961 0.4504 
     D237353  5 0.8320 0.0587 0.0390 0.0337 0.0365 
     D237359  5 0.1242 0.1165 0.1225 0.4654 0.1713 
     D237361  5 0.8870 0.0254 0.0328 0.0262 0.0287 
     D237362  5 0.3107 0.1065 0.3361 0.1462 0.1005 
     D237363  5 0.1191 0.1901 0.0671 0.5627 0.0610 
     D237364  5 0.0351 0.2474 0.1876 0.3823 0.1476 
     D237376  5 0.6601 0.0825 0.0244 0.1880 0.0450 
     D237377  5 0.1338 0.0519 0.4240 0.0881 0.3022 
     D237378  5 0.7360 0.1031 0.0331 0.0898 0.0380 
     D237379  5 0.5712 0.0679 0.0595 0.2434 0.0581 
     D237380  5 0.1731 0.0218 0.0542 0.0582 0.6928 
     D237381  5 0.1220 0.0804 0.1032 0.0877 0.6067 
     D237391  5 0.7328 0.0655 0.0919 0.0607 0.0490 
     D237392  5 0.0611 0.1468 0.5821 0.1024 0.1076 
     D237393  5 0.2560 0.0865 0.4433 0.0683 0.1458 
     D237394  5 0.8835 0.0161 0.0450 0.0266 0.0288 
     D237395  5 0.3933 0.1298 0.0575 0.2748 0.1446 
     D237396  5 0.1195 0.0873 0.5968 0.0571 0.1394 
     D244016  5 0.3640 0.1628 0.1205 0.2901 0.0627 
     D244018  5 0.2724 0.4266 0.0868 0.0801 0.1341 
     D244019  5 0.1396 0.1699 0.3370 0.2940 0.0595 
        D279  5 0.1189 0.3851 0.0903 0.3153 0.0904 
        D280  5 0.2656 0.1822 0.1449 0.3019 0.1054 
        D281  5 0.0727 0.7444 0.0364 0.1221 0.0243 
        D283  5 0.5189 0.1173 0.2426 0.0680 0.0533 
        D284  5 0.0687 0.1034 0.0985 0.4280 0.3014 
        D285  5 0.4962 0.0860 0.1386 0.2261 0.0530 
        D286  5 0.3600 0.0909 0.1897 0.2714 0.0880 
        D287  5 0.5814 0.0546 0.0289 0.2499 0.0853 
        D288  5 0.2079 0.2594 0.3023 0.1684 0.0620 
        D308  5 0.0438 0.0236 0.1013 0.0454 0.7859 
        D309  5 0.0356 0.0233 0.7607 0.1292 0.0512 
        D310  5 0.8426 0.0309 0.0212 0.0829 0.0224 
        D311  5 0.3672 0.0765 0.2021 0.2961 0.0582 
        D312  5 0.3960 0.0870 0.1841 0.2077 0.1252 
        D313  5 0.0312 0.0150 0.0170 0.0288 0.9080 
        D314  5 0.2283 0.2428 0.0508 0.3431 0.1350 
        D315  5 0.3907 0.0868 0.2607 0.1299 0.1320 
        D317  5 0.8611 0.0271 0.0516 0.0319 0.0283 
        D318  5 0.1208 0.1391 0.2102 0.4308 0.0990 
        D319  5 0.8546 0.0408 0.0298 0.0393 0.0354 
        D320  5 0.7738 0.0408 0.0530 0.0702 0.0622 
        D321  5 0.1065 0.0776 0.0801 0.0455 0.6903 
        D336  5 0.8097 0.0256 0.0390 0.1006 0.0252 
        D337  5 0.8829 0.0537 0.0239 0.0241 0.0153 
        D338  5 0.1927 0.1729 0.2317 0.2922 0.1106 
        D339  5 0.7351 0.0777 0.0445 0.0789 0.0638 
        D347  5 0.2510 0.1544 0.2904 0.2576 0.0467 
        D348  5 0.8591 0.0384 0.0376 0.0414 0.0235 
        D349  5 0.0795 0.0338 0.0300 0.0364 0.8204 
        D350  5 0.0588 0.0676 0.5437 0.2641 0.0658 
        D355  5 0.0547 0.4462 0.2198 0.2439 0.0353 
        D356  5 0.3871 0.0468 0.3261 0.1116 0.1285 
        D357  5 0.2839 0.0872 0.0748 0.4707 0.0834 
        D358  5 0.5314 0.0725 0.1523 0.1139 0.1300 
        D359  5 0.5697 0.0307 0.2924 0.0683 0.0388 
        D360  5 0.5464 0.0408 0.1860 0.1033 0.1235 
        D361  5 0.0421 0.0265 0.0365 0.0292 0.8656 
        D366  5 0.0335 0.1858 0.6657 0.0534 0.0616 
        D367  5 0.6955 0.0349 0.0324 0.1549 0.0824 
        D368  5 0.3570 0.0640 0.1125 0.2199 0.2467 
        D380  5 0.0509 0.0953 0.4965 0.2169 0.1405 
        D381  5 0.7116 0.0716 0.0741 0.0827 0.0600 
        D400  5 0.3688 0.2627 0.1220 0.1864 0.0602 
        D411  5 0.0222 0.0331 0.0220 0.1171 0.8056 
        D412  5 0.1750 0.2492 0.1206 0.2720 0.1832 
        D413  5 0.0428 0.6985 0.0819 0.1067 0.0701 
        D414  5 0.0710 0.3637 0.1775 0.3344 0.0533 
        D420  5 0.0856 0.1470 0.0546 0.5040 0.2088 
        D431  5 0.1586 0.2075 0.0321 0.4462 0.1556 
        D432  5 0.6012 0.1260 0.0723 0.0560 0.1445 
        D433  5 0.7028 0.1068 0.0719 0.0521 0.0663 
        D434  5 0.5947 0.0553 0.1545 0.0754 0.1201 
        D440  5 0.0402 0.0318 0.5735 0.2854 0.0691 
        D447  5 0.0499 0.0823 0.5017 0.2502 0.1159 
        D448  5 0.7247 0.0784 0.0590 0.1065 0.0314 
        D459  5 0.0493 0.7550 0.1210 0.0489 0.0258 
        D460  5 0.0899 0.0382 0.0938 0.0323 0.7458 
        D461  5 0.0339 0.0274 0.7686 0.1386 0.0315 
        D468  5 0.3810 0.0668 0.2114 0.2281 0.1127 
        D469  5 0.1217 0.0476 0.5648 0.1248 0.1410 
        D470  5 0.2460 0.0581 0.1159 0.3831 0.1970 
        D471  5 0.7145 0.0886 0.0804 0.0889 0.0277 
        D472  5 0.0246 0.1618 0.7457 0.0419 0.0260 
        D479  5 0.0531 0.7853 0.0499 0.0656 0.0461 
        D485  5 0.2994 0.1099 0.1049 0.3943 0.0915 
        D486  5 0.2486 0.0459 0.1579 0.3917 0.1559 
        D487  5 0.2750 0.4936 0.0487 0.1133 0.0694 
        D555  5 0.8279 0.0713 0.0415 0.0290 0.0304 
        D556  5 0.2534 0.2391 0.1050 0.2824 0.1201 
        D557  5 0.8465 0.0535 0.0542 0.0271 0.0188 
        D564  5 0.4629 0.0582 0.1175 0.2032 0.1582 
        D594  5 0.2246 0.1255 0.2986 0.2431 0.1082 
        D595  5 0.4341 0.1289 0.2136 0.1234 0.1001 
        D596  5 0.8865 0.0357 0.0326 0.0198 0.0254 
        D597  5 0.3117 0.3855 0.1988 0.0604 0.0436 
        D598  5 0.5176 0.0893 0.1312 0.0788 0.1830 
        D617  5 0.0241 0.1978 0.0355 0.1431 0.5994 
        D618  5 0.5531 0.1553 0.1137 0.0874 0.0905 
        D619  5 0.2866 0.0586 0.2557 0.0663 0.3328 
        D620  5 0.0283 0.8685 0.0530 0.0212 0.0289 
        D628  5 0.2121 0.0965 0.2033 0.2431 0.2450 
        D714  5 0.4983 0.2625 0.0317 0.1471 0.0604 
        D715  5 0.6450 0.1441 0.1372 0.0391 0.0346 
        D716  5 0.2286 0.2029 0.1560 0.3662 0.0463 
        D717  5 0.1712 0.0606 0.5204 0.1200 0.1278 
        D718  5 0.2219 0.0681 0.0287 0.5660 0.1153 
        D769  5 0.0492 0.1574 0.0494 0.1836 0.5604 
        D770  5 0.3024 0.3797 0.0746 0.1801 0.0632 
        D771  5 0.1755 0.3529 0.0879 0.2517 0.1320 
        D772  5 0.4844 0.0753 0.1688 0.1757 0.0958 
        D782  5 0.0477 0.2877 0.0693 0.2459 0.3494 
        D783  5 0.1915 0.4625 0.0815 0.2115 0.0529 
        D784  5 0.1105 0.0723 0.6314 0.1389 0.0468 
        D785  5 0.7142 0.0305 0.0610 0.0832 0.1111 
        D786  5 0.0410 0.0739 0.2760 0.0884 0.5207 
        D821  5 0.9035 0.0237 0.0246 0.0280 0.0203 
        D822  5 0.2095 0.1072 0.4578 0.1672 0.0583 
        D826  5 0.3770 0.3332 0.0997 0.1267 0.0634 
        D827  5 0.0954 0.1086 0.4539 0.2896 0.0525 
        D851  5 0.2002 0.1172 0.1800 0.3704 0.1321 
        D852  5 0.3007 0.3899 0.0683 0.0992 0.1418 
        D853  5 0.4217 0.0983 0.1032 0.2971 0.0797 
        D854  5 0.0523 0.2188 0.1899 0.4309 0.1081 
        D861  5 0.2709 0.2393 0.0867 0.2618 0.1413 
        D862  5 0.4896 0.0419 0.2862 0.1205 0.0617 
        D865  5 0.7506 0.0981 0.0352 0.0543 0.0617 
        D868  5 0.0818 0.0390 0.7685 0.0586 0.0522 
        D869  5 0.0453 0.0410 0.0402 0.0545 0.8190 
        D870  5 0.0213 0.0532 0.0577 0.8258 0.0420 
        D907  5 0.7445 0.0431 0.0339 0.0871 0.0913 
        D908  5 0.3174 0.5037 0.0399 0.0516 0.0873 
        D910  5 0.5304 0.2573 0.0918 0.0791 0.0414 
        D911  5 0.0626 0.5711 0.1253 0.2165 0.0244 
        D934  5 0.1422 0.4084 0.1136 0.2821 0.0538 
        D946  5 0.1403 0.3025 0.0561 0.3630 0.1382 
        D947  5 0.0607 0.1017 0.2591 0.4808 0.0976 
        D948  5 0.1149 0.0292 0.0681 0.0362 0.7516 
        D949  5 0.0876 0.0238 0.0537 0.0352 0.7997 
        D950  5 0.0699 0.6384 0.1195 0.1411 0.0312 
        D951  5 0.0581 0.0314 0.5983 0.2543 0.0578 
        D952  5 0.1295 0.0736 0.6796 0.0612 0.0562 
        D953  5 0.6706 0.0661 0.1451 0.0564 0.0618 
        D954  5 0.3165 0.0318 0.5230 0.0685 0.0603 
        D961  5 0.4073 0.0914 0.0357 0.3727 0.0929 
        D962  5 0.6908 0.0189 0.1034 0.1491 0.0378 
        D963  5 0.2913 0.0731 0.5069 0.0939 0.0347 
        D964  5 0.1096 0.1125 0.0715 0.5540 0.1523 
        D965  5 0.1900 0.1858 0.1461 0.3859 0.0922 
        D966  5 0.4233 0.1912 0.2266 0.1070 0.0519 
        D967  5 0.2363 0.4124 0.0652 0.1188 0.1672 
        D991  5 0.2249 0.0532 0.2378 0.1794 0.3048 
        D502  6 0.0238 0.0944 0.0370 0.7463 0.0986 
        D503  6 0.0595 0.4446 0.0331 0.1963 0.2665 
        D504  6 0.1509 0.0988 0.5079 0.1285 0.1139 
        D505  6 0.3561 0.1682 0.1200 0.2475 0.1081 
        D506  6 0.8919 0.0196 0.0253 0.0347 0.0285 
        D507  6 0.0926 0.2596 0.1371 0.3233 0.1873 
        D508  6 0.0623 0.1099 0.2838 0.4809 0.0631 
        D529  6 0.2076 0.0780 0.1677 0.3132 0.2336 
        D530  6 0.4029 0.0871 0.0363 0.3004 0.1733 
        D531  6 0.1884 0.1278 0.2702 0.3111 0.1024 
        D532  6 0.4625 0.0728 0.2227 0.1845 0.0575 
        D534  6 0.0322 0.0409 0.0746 0.0822 0.7702 
        D535  6 0.5002 0.0432 0.2011 0.1135 0.1420 
        D536  6 0.0353 0.6595 0.0375 0.1627 0.1050 
        D554  6 0.5072 0.0543 0.0528 0.2468 0.1389 
        D587  6 0.7538 0.0577 0.0996 0.0470 0.0419 
        D588  6 0.4688 0.0623 0.2897 0.0914 0.0878 
        D589  6 0.1478 0.4053 0.0583 0.3048 0.0837 
        D590  6 0.0572 0.7241 0.0648 0.0759 0.0779 
        D591  6 0.1158 0.2520 0.1116 0.3415 0.1791 
        D592  6 0.0570 0.0469 0.0631 0.0298 0.8033 
        D593  6 0.4423 0.0524 0.0252 0.4261 0.0541 
        D682  6 0.8450 0.0344 0.0318 0.0504 0.0385 
        D683  6 0.2137 0.0459 0.5562 0.1190 0.0652 
        D684  6 0.0282 0.2429 0.0785 0.3888 0.2616 
        D685  6 0.0560 0.1331 0.0215 0.7146 0.0747 
        D686  6 0.7084 0.0296 0.0420 0.1730 0.0471 
        D724  6 0.0428 0.1065 0.3309 0.3910 0.1288 
        D725  6 0.2223 0.2473 0.0847 0.3449 0.1008 
        D726  6 0.8514 0.0318 0.0397 0.0367 0.0403 
        D727  6 0.1342 0.3876 0.2703 0.0977 0.1103 
        D728  6 0.6776 0.0378 0.0637 0.1565 0.0643 
        D729  6 0.0349 0.1431 0.2723 0.0803 0.4694 
        D730  6 0.0641 0.1903 0.2130 0.3043 0.2283 
        D731  6 0.7670 0.1593 0.0209 0.0307 0.0221 
        D732  6 0.0775 0.0710 0.5877 0.1945 0.0692 
        D733  6 0.1388 0.1094 0.1877 0.2937 0.2703 
     D237251  7 0.0866 0.5199 0.0786 0.2271 0.0878 
     D237252  7 0.0407 0.2862 0.0784 0.3123 0.2825 
     D237253  7 0.2315 0.3289 0.0787 0.3082 0.0527 
     D237254  7 0.0228 0.0365 0.0303 0.1824 0.7279 
     D237255  7 0.0601 0.7573 0.0380 0.1148 0.0298 
     D237256  7 0.0666 0.3801 0.0843 0.4397 0.0292 
     D237257  7 0.0347 0.0621 0.0438 0.7058 0.1536 
     D237282  7 0.0270 0.0796 0.6789 0.0876 0.1269 
     D237283  7 0.0294 0.0384 0.0179 0.2133 0.7010 
     D237284  7 0.0275 0.0433 0.0674 0.1076 0.7542 
     D237285  7 0.2970 0.1795 0.0679 0.3820 0.0737 
     D237286  7 0.2598 0.1608 0.2086 0.2752 0.0955 
     D237287  7 0.0706 0.5134 0.1284 0.2039 0.0837 
     D244006  7 0.0232 0.0280 0.0432 0.1244 0.7812 
     D244007  7 0.0588 0.4156 0.3008 0.1482 0.0766 
     D244008  7 0.0701 0.0326 0.0295 0.2202 0.6476 
     D244009  7 0.1393 0.0497 0.1211 0.1754 0.5145 
     D244010  7 0.0469 0.0876 0.0385 0.6741 0.1528 
     D244011  7 0.2666 0.1476 0.0602 0.4209 0.1047 
     D244012  7 0.0426 0.2056 0.0899 0.5753 0.0865 
     D244013  7 0.2454 0.4127 0.1553 0.1100 0.0765 
     D244014  7 0.0938 0.2144 0.1022 0.2603 0.3293 
     D244015  7 0.0472 0.0848 0.1177 0.3797 0.3705 
     D244125  7 0.3403 0.2437 0.2138 0.1329 0.0693 
     D244126  7 0.0184 0.0238 0.0259 0.2321 0.6998 
     D244130  7 0.1224 0.1312 0.0730 0.3293 0.3441 
     D244131  7 0.2875 0.1208 0.3188 0.1075 0.1654 
     D244132  7 0.4027 0.0479 0.3141 0.1431 0.0923 
        D520  7 0.1180 0.0260 0.0525 0.6240 0.1795 
        D521  7 0.1010 0.1214 0.2075 0.4124 0.1578 
        D522  7 0.0801 0.0501 0.1580 0.0554 0.6564 
        D523  7 0.0649 0.6638 0.0536 0.1690 0.0487 
        D524  7 0.2354 0.3785 0.0885 0.1444 0.1533 
        D525  7 0.0405 0.2449 0.0512 0.0968 0.5667 
        D526  7 0.0217 0.0453 0.0559 0.1462 0.7309 
        D527  7 0.1049 0.0787 0.3369 0.3320 0.1476 
        D528  7 0.0143 0.0151 0.0173 0.9213 0.0319 
        D558  7 0.0477 0.1171 0.3868 0.2319 0.2164 
        D559  7 0.0314 0.1350 0.3725 0.3295 0.1315 
        D640  7 0.3824 0.1987 0.1606 0.1301 0.1282 
        D641  7 0.3678 0.2202 0.0296 0.1790 0.2033 
        D642  7 0.0766 0.1629 0.0803 0.0972 0.5830 
        D644  7 0.3448 0.1199 0.1243 0.1327 0.2783 
        D645  7 0.2038 0.2732 0.1395 0.2067 0.1768 
        D662  7 0.1384 0.0228 0.1631 0.0411 0.6345 
        D687  7 0.0950 0.1537 0.1482 0.5147 0.0883 
        D688  7 0.0421 0.1665 0.3895 0.2299 0.1720 
        D689  7 0.1990 0.1601 0.2711 0.2129 0.1569 
        D700  7 0.0190 0.0179 0.0234 0.9130 0.0267 
        D797  7 0.1759 0.1746 0.2154 0.3250 0.1092 
        D798  7 0.0565 0.0422 0.0683 0.1974 0.6356 
        D799  7 0.0491 0.3301 0.0703 0.3226 0.2278 
        D800  7 0.0384 0.1214 0.5567 0.1711 0.1123 
        D132  8 0.0564 0.0338 0.0474 0.0459 0.8165 
        D133  8 0.0210 0.8701 0.0163 0.0485 0.0440 
        D200  8 0.0613 0.0732 0.0469 0.7757 0.0429 
        D500  8 0.0319 0.0231 0.0391 0.0233 0.8827 
        D614  8 0.4197 0.0582 0.1314 0.2243 0.1664 
        D723  8 0.0714 0.1140 0.4019 0.1182 0.2946 
        D888  8 0.0432 0.7258 0.0655 0.1231 0.0424 
        D901  8 0.0711 0.0843 0.0291 0.6368 0.1788 
        D902  8 0.7804 0.0445 0.0432 0.0795 0.0523 
        D903  8 0.1194 0.0464 0.6242 0.1675 0.0425 
        D904  8 0.1083 0.0846 0.4288 0.2073 0.1710 
        D905  8 0.1713 0.7017 0.0209 0.0832 0.0229 
        D906  8 0.0527 0.5103 0.0912 0.2682 0.0776 
        D937  8 0.8507 0.0502 0.0164 0.0526 0.0301 
        D943  8 0.0568 0.1025 0.1118 0.5231 0.2057 
        D972  8 0.0753 0.0816 0.2688 0.2046 0.3697 
        D973  8 0.0619 0.0363 0.7004 0.0562 0.1452 
        D974  8 0.1907 0.1389 0.1998 0.3002 0.1704 
        D975  8 0.1443 0.1033 0.0565 0.6443 0.0516 
        D976  8 0.2418 0.1138 0.0390 0.4631 0.1424 
        D201  9 0.0635 0.3283 0.1389 0.3378 0.1315 
        D202  9 0.0801 0.1676 0.0356 0.6323 0.0843 
     D237259  9 0.0283 0.0891 0.1831 0.5516 0.1479 
     D237260  9 0.0657 0.4521 0.0248 0.2923 0.1651 
     D237262  9 0.0244 0.0246 0.0350 0.0582 0.8579 
     D237263  9 0.0376 0.2098 0.0793 0.1484 0.5250 
     D237264  9 0.2386 0.1748 0.0870 0.2300 0.2696 
     D237265  9 0.0465 0.6350 0.0293 0.2218 0.0673 
     D237266  9 0.0291 0.5791 0.0633 0.0224 0.3061 
     D237267  9 0.0926 0.0361 0.0272 0.7904 0.0538 
     D237268  9 0.0746 0.0443 0.1263 0.3310 0.4238 
     D237289  9 0.3357 0.3688 0.0355 0.1567 0.1032 
     D237290  9 0.0251 0.8244 0.0290 0.0741 0.0474 
     D237291  9 0.0800 0.6923 0.0380 0.1140 0.0757 
     D237292  9 0.0371 0.4467 0.0322 0.3463 0.1376 
     D237293  9 0.1802 0.0841 0.1078 0.3723 0.2556 
     D237294  9 0.0693 0.1752 0.0252 0.3625 0.3679 
     D237295  9 0.1699 0.0423 0.3425 0.2351 0.2102 
     D237296  9 0.0736 0.1436 0.0943 0.5181 0.1703 
     D237297  9 0.5710 0.0806 0.0651 0.2111 0.0722 
     D237298  9 0.0705 0.1842 0.3309 0.2385 0.1758 
     D237341  9 0.0582 0.3472 0.1172 0.3302 0.1473 
     D237342  9 0.0846 0.0645 0.0384 0.3933 0.4193 
     D237343  9 0.0588 0.2999 0.0606 0.1349 0.4457 
     D237344  9 0.4542 0.1846 0.0688 0.1710 0.1213 
     D237345  9 0.0185 0.0534 0.0399 0.1329 0.7553 
     D237346  9 0.1066 0.5271 0.0449 0.1086 0.2127 
     D237347  9 0.5670 0.1658 0.0778 0.1126 0.0768 
     D237348  9 0.1507 0.2094 0.1253 0.1565 0.3582 
     D237349  9 0.0264 0.2767 0.3269 0.0590 0.3110 
     D244109  9 0.0147 0.6338 0.0905 0.1527 0.1082 
     D244110  9 0.0275 0.7676 0.0505 0.0931 0.0612 
     D244111  9 0.0979 0.2491 0.1615 0.3749 0.1166 
     D244128  9 0.0268 0.0503 0.0326 0.4701 0.4201 
     D244137  9 0.0576 0.0731 0.6354 0.0784 0.1555 
     D244138  9 0.1400 0.3172 0.0395 0.3341 0.1692 
        D580  9 0.0534 0.0259 0.0565 0.6339 0.2304 
        D581  9 0.0291 0.7301 0.0274 0.1514 0.0619 
        D582  9 0.0323 0.0183 0.0242 0.3153 0.6099 
        D583  9 0.0227 0.7979 0.0237 0.0412 0.1145 
        D584  9 0.4147 0.0494 0.0323 0.3036 0.2000 
        D585  9 0.0295 0.1750 0.0455 0.3472 0.4029 
        D586  9 0.0853 0.7786 0.0417 0.0520 0.0423 
        D651  9 0.1425 0.1492 0.5157 0.0769 0.1157 
        D652  9 0.0280 0.1008 0.2078 0.0740 0.5894 
        D653  9 0.0697 0.4011 0.2344 0.2390 0.0557 
        D654  9 0.0410 0.3196 0.3165 0.1024 0.2206 
        D655  9 0.2086 0.3139 0.1294 0.2424 0.1057 
        D656  9 0.0503 0.0382 0.0585 0.0892 0.7637 
        D657  9 0.0806 0.1178 0.0842 0.4436 0.2737 
        D667  9 0.4556 0.2328 0.0654 0.1401 0.1060 
        D668  9 0.1116 0.1654 0.0545 0.1383 0.5302 
        D669  9 0.0551 0.3130 0.0648 0.4836 0.0834 
        D670  9 0.0633 0.0654 0.6338 0.1306 0.1069 
        D671  9 0.0715 0.6192 0.0516 0.1753 0.0825 
        D672  9 0.0413 0.0804 0.0538 0.3211 0.5034 
        D673  9 0.2662 0.0896 0.1390 0.2779 0.2273 
        D692  9 0.0402 0.2580 0.0529 0.2961 0.3527 
        D693  9 0.2527 0.1107 0.1432 0.2671 0.2262 
        D694  9 0.0468 0.0532 0.0287 0.4000 0.4713 
        D695  9 0.0458 0.0607 0.2265 0.1051 0.5618 
        D696  9 0.8852 0.0263 0.0268 0.0426 0.0192 
        D697  9 0.4356 0.2299 0.0970 0.0991 0.1384 
        D698  9 0.2795 0.4348 0.0385 0.1509 0.0964 
        D699  9 0.5280 0.1048 0.0273 0.2357 0.1042 
        D787  9 0.0353 0.1624 0.3853 0.0654 0.3516 
        D788  9 0.4621 0.0317 0.0620 0.3348 0.1094 
        D789  9 0.1590 0.1083 0.0422 0.5494 0.1411 
        D790  9 0.1036 0.3105 0.1801 0.0755 0.3302 
        D791  9 0.1362 0.4516 0.0361 0.2896 0.0864 
        D792  9 0.0618 0.2696 0.3279 0.0565 0.2841 
        D793  9 0.5728 0.1132 0.1856 0.0479 0.0805 
        D794  9 0.3584 0.1931 0.2474 0.0803 0.1208 
        D795  9 0.1018 0.0523 0.0214 0.3275 0.4969 
        D796  9 0.0673 0.4214 0.0469 0.3568 0.1076 
        D142 10 0.3214 0.1607 0.1398 0.3175 0.0606 
        D143 10 0.1072 0.7279 0.0539 0.0498 0.0612 
        D144 10 0.2549 0.1006 0.1525 0.2465 0.2455 
        D145 10 0.0494 0.6219 0.0727 0.1914 0.0645 
        D146 10 0.0962 0.0387 0.0521 0.4091 0.4039 
        D147 10 0.0530 0.0431 0.0665 0.7798 0.0575 
        D148 10 0.0757 0.0530 0.0916 0.7499 0.0298 
        D149 10 0.0410 0.7563 0.0625 0.0887 0.0515 
        D151 10 0.0509 0.1202 0.0261 0.7561 0.0468 
        D152 10 0.0212 0.8820 0.0180 0.0559 0.0229 
        D153 10 0.1866 0.0382 0.4780 0.1993 0.0978 
        D156 10 0.0425 0.0727 0.5716 0.2702 0.0430 
        D157 10 0.4554 0.0624 0.0623 0.2107 0.2092 
        D158 10 0.1213 0.1218 0.0276 0.6730 0.0563 
        D159 10 0.0365 0.8696 0.0398 0.0292 0.0250 
        D160 10 0.3614 0.5485 0.0181 0.0378 0.0342 
        D161 10 0.1793 0.1500 0.3940 0.1532 0.1234 
        D162 10 0.1220 0.1622 0.4870 0.1887 0.0401 
        D169 10 0.0356 0.0666 0.0521 0.0509 0.7947 
        D170 10 0.0944 0.0412 0.0878 0.0957 0.6810 
        D171 10 0.3399 0.0473 0.0976 0.4228 0.0925 
        D172 10 0.1277 0.1183 0.2583 0.3508 0.1448 
