        D174  1 0.0243 0.3798 0.1064 0.1192 0.1120 0.0977 0.0429 0.1177 
        D199  1 0.0341 0.0893 0.2207 0.0437 0.0786 0.2331 0.1799 0.1206 
        D203  1 0.0514 0.1502 0.1082 0.0902 0.1288 0.2232 0.1843 0.0637 
        D204  1 0.0537 0.0331 0.0242 0.0214 0.0196 0.8006 0.0345 0.0129 
     D237366  1 0.1115 0.0577 0.0525 0.0208 0.6012 0.0505 0.0603 0.0456 
     D237367  1 0.0576 0.0981 0.0961 0.0456 0.2587 0.3359 0.0676 0.0404 
     D237368  1 0.0542 0.0551 0.0551 0.0965 0.3853 0.1474 0.1413 0.0651 
     D244101  1 0.4204 0.0378 0.1696 0.0329 0.0229 0.1746 0.1094 0.0323 
     D244102  1 0.0920 0.4535 0.0778 0.1044 0.1018 0.0757 0.0476 0.0472 
     D244103  1 0.0597 0.1101 0.3409 0.0363 0.2120 0.1659 0.0457 0.0294 
     D244104  1 0.0286 0.0114 0.0352 0.1066 0.0400 0.6223 0.0445 0.1114 
     D244105  1 0.0206 0.0515 0.1581 0.0947 0.5597 0.0689 0.0283 0.0183 
     D244106  1 0.0324 0.1983 0.0979 0.0361 0.0354 0.1047 0.1281 0.3671 
     D244107  1 0.0990 0.0172 0.2003 0.2040 0.2360 0.0482 0.1785 0.0169 
     D244108  1 0.0318 0.1738 0.0655 0.4026 0.0416 0.0889 0.0292 0.1666 
     D244113  1 0.0906 0.5724 0.0434 0.0516 0.0264 0.0236 0.0327 0.1593 
     D244114  1 0.0748 0.1128 0.4463 0.0497 0.1040 0.0740 0.0657 0.0727 
     D244115  1 0.0363 0.0692 0.1616 0.2667 0.0765 0.2145 0.0249 0.1503 
     D267365  1 0.0470 0.0609 0.1087 0.0481 0.0863 0.3486 0.0311 0.2694 
        D404  1 0.0712 0.7210 0.0329 0.0384 0.0174 0.0235 0.0341 0.0616 
        D405  1 0.0903 0.5295 0.0605 0.0531 0.0466 0.0999 0.0822 0.0380 
        D406  1 0.0340 0.0401 0.0222 0.0572 0.7078 0.0911 0.0185 0.0292 
        D407  1 0.0174 0.0199 0.0803 0.0128 0.1983 0.5485 0.0965 0.0263 
        D408  1 0.0333 0.0983 0.0626 0.0755 0.0222 0.0454 0.0184 0.6444 
        D409  1 0.0407 0.0478 0.5733 0.0655 0.0904 0.1002 0.0414 0.0408 
        D410  1 0.0219 0.0418 0.0373 0.7982 0.0246 0.0496 0.0113 0.0153 
        D421  1 0.0098 0.0081 0.0174 0.0111 0.0154 0.8922 0.0267 0.0193 
        D422  1 0.0150 0.0148 0.0518 0.0198 0.8041 0.0428 0.0347 0.0170 
        D423  1 0.0144 0.0280 0.0559 0.6329 0.1163 0.0750 0.0637 0.0138 
        D424  1 0.0219 0.0298 0.1312 0.0164 0.1082 0.6504 0.0174 0.0245 
        D425  1 0.0299 0.0994 0.2124 0.0963 0.0441 0.4368 0.0234 0.0576 
        D426  1 0.0177 0.0157 0.7526 0.0166 0.0818 0.0368 0.0310 0.0477 
        D427  1 0.0180 0.0149 0.0408 0.0237 0.0318 0.2911 0.4150 0.1646 
        D428  1 0.0684 0.1354 0.1112 0.1004 0.0948 0.3781 0.0367 0.0751 
        D429  1 0.0355 0.1186 0.0753 0.0409 0.0505 0.4855 0.0360 0.1577 
        D430  1 0.0327 0.2912 0.2888 0.0400 0.0667 0.1032 0.0639 0.1135 
        D491  1 0.0263 0.0560 0.0652 0.1055 0.0260 0.1376 0.0143 0.5691 
        D492  1 0.0461 0.1480 0.1245 0.0412 0.1481 0.3375 0.0772 0.0774 
        D537  1 0.0536 0.0464 0.0614 0.0394 0.1084 0.6440 0.0288 0.0178 
        D538  1 0.0443 0.4231 0.1043 0.1381 0.1104 0.0479 0.0843 0.0476 
        D539  1 0.1164 0.1901 0.1277 0.0906 0.1127 0.0494 0.0610 0.2521 
        D540  1 0.0345 0.0513 0.3358 0.1397 0.0945 0.2405 0.0500 0.0537 
        D541  1 0.0144 0.0114 0.0267 0.0170 0.0167 0.8843 0.0155 0.0140 
        D551  1 0.0343 0.0252 0.3801 0.0241 0.0855 0.0626 0.3049 0.0833 
        D552  1 0.0903 0.0314 0.0903 0.3098 0.1127 0.1805 0.0297 0.1553 
        D553  1 0.0156 0.0086 0.0164 0.0169 0.0168 0.8970 0.0120 0.0168 
        D615  1 0.0239 0.0884 0.0642 0.1577 0.0431 0.4808 0.0647 0.0771 
        D616  1 0.0274 0.0297 0.2128 0.1222 0.1096 0.2651 0.1551 0.0782 
        D621  1 0.3094 0.0587 0.0380 0.1868 0.2726 0.0170 0.0293 0.0882 
        D622  1 0.0589 0.0305 0.0701 0.1496 0.5948 0.0346 0.0215 0.0400 
        D623  1 0.1973 0.3365 0.0848 0.0575 0.0246 0.0288 0.1200 0.1506 
        D624  1 0.0149 0.0844 0.1007 0.0434 0.0685 0.1133 0.0203 0.5545 
        D625  1 0.0324 0.0218 0.0461 0.0569 0.0583 0.7322 0.0154 0.0369 
        D626  1 0.0329 0.0758 0.0530 0.2088 0.1639 0.0691 0.0429 0.3538 
        D627  1 0.0264 0.0233 0.6268 0.0166 0.1146 0.0944 0.0297 0.0683 
        D690  1 0.0196 0.0147 0.0251 0.0552 0.0319 0.8216 0.0099 0.0221 
        D691  1 0.0195 0.0193 0.0402 0.0478 0.7496 0.0740 0.0194 0.0302 
        D710  1 0.1227 0.0501 0.1747 0.1375 0.0810 0.2842 0.0507 0.0991 
        D711  1 0.0400 0.0442 0.0260 0.0245 0.0331 0.7851 0.0230 0.0241 
        D712  1 0.0457 0.1033 0.0532 0.0610 0.0509 0.0299 0.0311 0.6249 
        D713  1 0.1950 0.2441 0.1122 0.0515 0.1102 0.2066 0.0237 0.0568 
        D746  1 0.0246 0.0134 0.0206 0.0376 0.7727 0.0787 0.0303 0.0221 
        D747  1 0.0205 0.0182 0.0188 0.0149 0.0180 0.8677 0.0250 0.0170 
        D748  1 0.0493 0.0417 0.0615 0.0621 0.4181 0.3266 0.0173 0.0235 
        D749  1 0.1191 0.0748 0.1553 0.1151 0.3689 0.0316 0.0647 0.0705 
        D750  1 0.0496 0.0560 0.0753 0.1170 0.0694 0.2670 0.0281 0.3376 
        D763  1 0.3502 0.0325 0.1688 0.0469 0.1227 0.0848 0.1355 0.0587 
        D764  1 0.0149 0.0185 0.0437 0.0926 0.0563 0.6633 0.0141 0.0965 
        D765  1 0.0142 0.0634 0.0579 0.6339 0.1141 0.0367 0.0169 0.0630 
        D766  1 0.1311 0.0581 0.0679 0.3721 0.1806 0.1378 0.0287 0.0237 
        D767  1 0.1773 0.3781 0.0691 0.0659 0.1119 0.0937 0.0792 0.0248 
        D768  1 0.0137 0.0127 0.0239 0.0157 0.0181 0.8865 0.0160 0.0134 
        D811  1 0.0223 0.6174 0.0734 0.1390 0.0235 0.0261 0.0161 0.0823 
        D816  1 0.0182 0.0155 0.0186 0.0167 0.0186 0.8855 0.0115 0.0154 
        D825  1 0.0213 0.2476 0.1185 0.3287 0.0349 0.1557 0.0172 0.0762 
        D866  1 0.0229 0.0691 0.1602 0.1296 0.0365 0.0774 0.1474 0.3569 
        D867  1 0.0803 0.0267 0.0334 0.0340 0.7464 0.0217 0.0367 0.0209 
        D871  1 0.0483 0.0520 0.6893 0.0313 0.0410 0.0656 0.0217 0.0508 
        D872  1 0.0317 0.3786 0.0423 0.1328 0.1002 0.2478 0.0440 0.0226 
        D873  1 0.0254 0.0602 0.0217 0.8286 0.0268 0.0089 0.0195 0.0089 
        D874  1 0.7074 0.0443 0.0364 0.0178 0.0138 0.0956 0.0201 0.0645 
        D875  1 0.0238 0.0597 0.6684 0.0616 0.0997 0.0503 0.0158 0.0205 
        D876  1 0.1072 0.0470 0.0520 0.0681 0.0769 0.5391 0.0211 0.0886 
        D877  1 0.0400 0.8108 0.0476 0.0197 0.0129 0.0218 0.0185 0.0288 
        D892  1 0.0379 0.1892 0.0593 0.0508 0.2200 0.3557 0.0153 0.0719 
        D893  1 0.0753 0.0263 0.0823 0.0501 0.0993 0.6041 0.0223 0.0404 
        D894  1 0.0296 0.0381 0.1197 0.0391 0.0496 0.6337 0.0298 0.0603 
        D915  1 0.0213 0.0298 0.0635 0.1294 0.1197 0.5717 0.0311 0.0336 
        D916  1 0.0120 0.0095 0.0163 0.0157 0.0141 0.9062 0.0128 0.0135 
        D917  1 0.1259 0.0932 0.3040 0.0466 0.0368 0.1653 0.0648 0.1634 
        D925  1 0.0149 0.0262 0.0311 0.6446 0.0364 0.1850 0.0155 0.0463 
        D926  1 0.0911 0.0436 0.1742 0.0574 0.1182 0.4343 0.0249 0.0564 
        D927  1 0.0611 0.0705 0.1180 0.0352 0.0722 0.2926 0.2605 0.0898 
        D928  1 0.0239 0.1037 0.0402 0.0684 0.0128 0.1631 0.0178 0.5701 
        D929  1 0.3574 0.4176 0.0353 0.0229 0.0791 0.0339 0.0169 0.0370 
        D936  1 0.2383 0.0317 0.0688 0.0396 0.0281 0.4915 0.0543 0.0476 
        D938  1 0.0589 0.0289 0.0179 0.0656 0.7458 0.0366 0.0200 0.0264 
        D956  1 0.0373 0.3389 0.0864 0.1096 0.0329 0.0456 0.0349 0.3145 
        D957  1 0.0549 0.2561 0.0562 0.2771 0.1264 0.1584 0.0408 0.0300 
        D958  1 0.0814 0.1445 0.0373 0.2030 0.1018 0.3365 0.0175 0.0779 
        D959  1 0.0117 0.0225 0.1007 0.0149 0.1807 0.5466 0.1056 0.0172 
        D960  1 0.0272 0.1015 0.0392 0.0792 0.6837 0.0266 0.0244 0.0182 
        D989  1 0.0266 0.0644 0.0852 0.0243 0.0393 0.0607 0.0800 0.6194 
        D990  1 0.0227 0.0182 0.0405 0.6868 0.0269 0.0136 0.0324 0.1588 
        D023  2 0.0167 0.0101 0.0409 0.0205 0.8048 0.0785 0.0148 0.0138 
        D130  2 0.0231 0.0946 0.0267 0.0131 0.7049 0.0843 0.0390 0.0143 
        D131  2 0.0726 0.0603 0.3081 0.1090 0.0436 0.3009 0.0577 0.0478 
        D163  2 0.0373 0.0196 0.0532 0.0589 0.6723 0.0836 0.0189 0.0561 
        D164  2 0.0149 0.0175 0.0132 0.3463 0.0281 0.0133 0.5564 0.0104 
        D165  2 0.0262 0.0093 0.0319 0.0201 0.8196 0.0486 0.0222 0.0220 
        D166  2 0.0864 0.5396 0.1364 0.0551 0.0878 0.0341 0.0384 0.0222 
        D167  2 0.0129 0.0650 0.0167 0.0175 0.0133 0.0122 0.8362 0.0262 
        D192  2 0.0208 0.0159 0.0204 0.0195 0.0135 0.0092 0.8827 0.0181 
        D193  2 0.0682 0.7507 0.0483 0.0322 0.0247 0.0174 0.0229 0.0358 
        D206  2 0.0458 0.0484 0.1228 0.0613 0.1021 0.1556 0.4345 0.0295 
        D207  2 0.0241 0.1075 0.1038 0.0160 0.0205 0.0299 0.6684 0.0298 
        D208  2 0.0632 0.0629 0.0959 0.1174 0.0403 0.0475 0.0939 0.4791 
        D209  2 0.2077 0.0295 0.1654 0.0521 0.0433 0.0350 0.4408 0.0261 
        D210  2 0.0384 0.0332 0.0673 0.0386 0.0320 0.0748 0.1365 0.5792 
     D229599  2 0.2091 0.0470 0.1504 0.1262 0.1383 0.1716 0.0373 0.1200 
     D229600  2 0.0369 0.0625 0.0502 0.0265 0.4145 0.0296 0.3609 0.0189 
     D237227  2 0.0244 0.0273 0.0545 0.1200 0.0372 0.0368 0.0268 0.6730 
     D237228  2 0.0179 0.1166 0.0973 0.5382 0.0260 0.0165 0.0479 0.1397 
     D237258  2 0.1012 0.0955 0.1945 0.0740 0.1802 0.0684 0.1882 0.0979 
     D237310  2 0.0254 0.4105 0.0592 0.3854 0.0333 0.0140 0.0445 0.0278 
     D237311  2 0.0205 0.2070 0.0547 0.4736 0.0498 0.0183 0.1455 0.0306 
     D237312  2 0.0572 0.4641 0.0622 0.2176 0.1180 0.0271 0.0244 0.0294 
     D237313  2 0.1229 0.0681 0.1425 0.2819 0.0575 0.1878 0.0374 0.1019 
     D237322  2 0.1348 0.1713 0.1072 0.1105 0.0488 0.0347 0.0594 0.3333 
     D237323  2 0.0260 0.2547 0.0492 0.3855 0.0709 0.0213 0.0268 0.1655 
     D237324  2 0.0604 0.0229 0.1912 0.0344 0.2865 0.0579 0.3195 0.0273 
     D237325  2 0.0800 0.2734 0.0626 0.2311 0.1944 0.0391 0.0622 0.0573 
     D237326  2 0.0347 0.0639 0.0931 0.5912 0.0599 0.0850 0.0295 0.0428 
     D237327  2 0.1180 0.0418 0.2326 0.0383 0.1540 0.0645 0.2050 0.1458 
     D237337  2 0.0211 0.0960 0.0420 0.7444 0.0299 0.0254 0.0152 0.0260 
     D237338  2 0.1475 0.0627 0.1143 0.1914 0.1932 0.0682 0.0635 0.1591 
     D237339  2 0.6374 0.0445 0.0728 0.0368 0.0194 0.0327 0.1354 0.0211 
     D237340  2 0.0351 0.2749 0.0552 0.2513 0.1028 0.0211 0.1473 0.1123 
     D237389  2 0.0245 0.3620 0.0487 0.4013 0.0617 0.0210 0.0649 0.0158 
     D237390  2 0.0522 0.3484 0.0633 0.2759 0.1413 0.0413 0.0188 0.0588 
     D244017  2 0.0204 0.3657 0.0843 0.0339 0.0483 0.0274 0.2481 0.1720 
     D244112  2 0.0145 0.0345 0.0190 0.0226 0.0234 0.0144 0.8573 0.0144 
     D244118  2 0.0368 0.0282 0.0305 0.0444 0.2057 0.0122 0.6175 0.0248 
     D244119  2 0.0116 0.0584 0.0303 0.0630 0.0168 0.0241 0.2896 0.5062 
     D244120  2 0.0693 0.2840 0.0744 0.0413 0.0373 0.0117 0.4224 0.0596 
     D244122  2 0.0350 0.0851 0.0364 0.0431 0.0395 0.0210 0.7138 0.0261 
        D291  2 0.0228 0.0654 0.3819 0.0605 0.1433 0.0664 0.1414 0.1182 
        D292  2 0.0597 0.0550 0.1082 0.0914 0.0291 0.2158 0.2785 0.1623 
        D293  2 0.0536 0.0123 0.0568 0.0152 0.0134 0.0869 0.7413 0.0205 
        D322  2 0.1488 0.0306 0.0738 0.0495 0.0407 0.1321 0.5035 0.0210 
        D323  2 0.1757 0.1856 0.1743 0.0717 0.0456 0.0816 0.2073 0.0582 
        D324  2 0.0350 0.0328 0.3755 0.0822 0.1157 0.1482 0.0756 0.1351 
        D325  2 0.0201 0.0100 0.0339 0.0129 0.0216 0.0273 0.8623 0.0119 
        D326  2 0.0157 0.0117 0.0292 0.0101 0.0109 0.8905 0.0121 0.0198 
        D340  2 0.0235 0.0102 0.0174 0.0131 0.0119 0.0222 0.8805 0.0213 
        D341  2 0.0421 0.0403 0.0444 0.0613 0.0394 0.0373 0.6906 0.0445 
        D342  2 0.0244 0.0453 0.0856 0.1045 0.0593 0.0201 0.6435 0.0173 
        D343  2 0.0126 0.0084 0.0127 0.0088 0.0110 0.0159 0.9213 0.0093 
        D344  2 0.5238 0.1683 0.0889 0.0344 0.0205 0.0952 0.0539 0.0150 
        D345  2 0.2390 0.0287 0.0983 0.4254 0.0449 0.0873 0.0386 0.0379 
        D346  2 0.0491 0.0481 0.0935 0.0856 0.0362 0.0755 0.0767 0.5353 
        D351  2 0.0932 0.0368 0.3194 0.0620 0.0935 0.3000 0.0534 0.0418 
        D352  2 0.7236 0.0349 0.0972 0.0473 0.0205 0.0218 0.0254 0.0291 
        D353  2 0.1986 0.0280 0.4236 0.0202 0.0289 0.2422 0.0360 0.0225 
        D354  2 0.7596 0.0277 0.0387 0.0511 0.0135 0.0654 0.0122 0.0317 
        D362  2 0.0157 0.0282 0.0480 0.0466 0.0714 0.7369 0.0304 0.0228 
        D363  2 0.0184 0.0211 0.0441 0.0503 0.0331 0.7740 0.0216 0.0374 
        D364  2 0.4514 0.0377 0.0454 0.0912 0.0243 0.2954 0.0240 0.0305 
        D365  2 0.0215 0.0126 0.0165 0.0114 0.0098 0.0173 0.8899 0.0210 
        D369  2 0.0246 0.0389 0.1397 0.1591 0.0339 0.2591 0.1681 0.1765 
        D374  2 0.0368 0.7433 0.0401 0.0443 0.0136 0.0217 0.0177 0.0825 
        D375  2 0.8584 0.0270 0.0261 0.0200 0.0222 0.0216 0.0126 0.0121 
        D376  2 0.0640 0.5559 0.0572 0.0945 0.0234 0.0170 0.0559 0.1321 
        D377  2 0.0912 0.2329 0.1424 0.3098 0.0606 0.0314 0.0533 0.0782 
        D378  2 0.2912 0.0202 0.1036 0.0495 0.0883 0.1803 0.2332 0.0337 
        D379  2 0.0572 0.0350 0.0582 0.0458 0.0330 0.7227 0.0237 0.0245 
        D384  2 0.0135 0.0109 0.0172 0.0164 0.0137 0.8849 0.0142 0.0292 
        D385  2 0.1493 0.0300 0.0197 0.0283 0.0159 0.0211 0.7012 0.0345 
        D386  2 0.5821 0.0335 0.0861 0.0310 0.0559 0.1341 0.0613 0.0160 
        D391  2 0.0765 0.0205 0.0234 0.0245 0.0179 0.0242 0.7946 0.0185 
        D392  2 0.0233 0.0476 0.0535 0.1036 0.0302 0.0719 0.6260 0.0441 
        D393  2 0.2942 0.0189 0.0832 0.0612 0.0571 0.3271 0.1122 0.0461 
        D394  2 0.1868 0.1041 0.1385 0.1364 0.2065 0.0916 0.0958 0.0404 
        D395  2 0.6255 0.0461 0.0636 0.0198 0.0216 0.0172 0.1817 0.0246 
        D401  2 0.0106 0.0942 0.0421 0.7678 0.0146 0.0196 0.0257 0.0254 
        D402  2 0.0486 0.0211 0.0194 0.0255 0.0139 0.0161 0.8355 0.0198 
        D403  2 0.1831 0.1137 0.1585 0.0545 0.1307 0.2888 0.0496 0.0210 
        D415  2 0.0308 0.0242 0.1351 0.0512 0.0491 0.6753 0.0209 0.0134 
        D435  2 0.0602 0.0182 0.0405 0.0405 0.0474 0.5697 0.1973 0.0263 
        D436  2 0.4975 0.1451 0.0783 0.0337 0.0552 0.1300 0.0351 0.0252 
        D438  2 0.0154 0.0152 0.0172 0.0141 0.0116 0.0110 0.8966 0.0189 
        D439  2 0.7188 0.0146 0.0501 0.0875 0.0299 0.0416 0.0406 0.0168 
        D449  2 0.0220 0.0162 0.1464 0.0224 0.0277 0.0857 0.6609 0.0186 
        D450  2 0.3209 0.0682 0.2481 0.0562 0.0505 0.1408 0.0211 0.0941 
        D456  2 0.0164 0.0121 0.0286 0.0137 0.0171 0.8825 0.0103 0.0194 
        D462  2 0.0844 0.0124 0.0228 0.0121 0.0171 0.0348 0.8010 0.0156 
        D463  2 0.0232 0.0162 0.0213 0.0170 0.0125 0.8750 0.0115 0.0233 
        D464  2 0.4592 0.0970 0.2228 0.0195 0.0147 0.0850 0.0755 0.0263 
        D465  2 0.0231 0.0454 0.0901 0.0508 0.0226 0.2248 0.5151 0.0281 
        D473  2 0.1335 0.1045 0.0668 0.1501 0.0807 0.0263 0.0426 0.3956 
        D474  2 0.0321 0.0148 0.0755 0.0579 0.0697 0.5579 0.0669 0.1252 
        D476  2 0.5298 0.0181 0.0161 0.0137 0.3401 0.0248 0.0425 0.0149 
        D477  2 0.3206 0.0228 0.0810 0.1701 0.0271 0.2729 0.0250 0.0806 
        D478  2 0.0940 0.1516 0.2676 0.0358 0.2603 0.0496 0.0622 0.0788 
        D480  2 0.2532 0.0403 0.0916 0.0303 0.0298 0.3124 0.0929 0.1496 
        D481  2 0.1846 0.0419 0.1098 0.1162 0.1120 0.2595 0.0661 0.1098 
        D482  2 0.4269 0.0493 0.0651 0.0841 0.0508 0.0220 0.0231 0.2787 
        D483  2 0.0147 0.0271 0.0205 0.0201 0.0248 0.0153 0.8126 0.0649 
        D484  2 0.8322 0.0495 0.0262 0.0167 0.0188 0.0119 0.0181 0.0267 
        D510  2 0.0419 0.2602 0.1320 0.0480 0.0233 0.0297 0.0261 0.4388 
        D511  2 0.6835 0.0223 0.0502 0.0311 0.0350 0.0769 0.0766 0.0245 
        D512  2 0.0348 0.2145 0.1552 0.3103 0.0423 0.0276 0.1967 0.0186 
        D513  2 0.0305 0.0383 0.1136 0.0355 0.0391 0.0716 0.5911 0.0804 
        D635  2 0.0192 0.0113 0.1350 0.0371 0.4503 0.2861 0.0302 0.0308 
        D636  2 0.0155 0.0148 0.0266 0.0847 0.7948 0.0289 0.0183 0.0165 
        D637  2 0.2886 0.1081 0.1378 0.1243 0.0529 0.0289 0.1752 0.0841 
        D658  2 0.2420 0.1529 0.0333 0.0929 0.0279 0.0215 0.3716 0.0579 
        D659  2 0.0625 0.0161 0.1340 0.0194 0.0912 0.5940 0.0370 0.0458 
        D677  2 0.0621 0.0980 0.0844 0.1009 0.2763 0.2536 0.0990 0.0256 
        D678  2 0.0316 0.0977 0.0922 0.0404 0.0298 0.0184 0.6722 0.0178 
        D679  2 0.0689 0.0197 0.1527 0.0802 0.0431 0.4849 0.0778 0.0726 
        D719  2 0.0447 0.0287 0.0355 0.0501 0.0156 0.1776 0.1624 0.4853 
        D720  2 0.0148 0.0206 0.0516 0.0291 0.0227 0.7926 0.0272 0.0414 
        D721  2 0.0404 0.0114 0.0651 0.0271 0.7147 0.0490 0.0551 0.0372 
        D722  2 0.0377 0.6275 0.0828 0.0808 0.0246 0.0248 0.0390 0.0830 
        D734  2 0.6607 0.0181 0.0267 0.0209 0.0130 0.0173 0.0409 0.2025 
        D735  2 0.0879 0.0431 0.1686 0.2292 0.0389 0.3157 0.0590 0.0576 
        D736  2 0.0502 0.0229 0.1683 0.0436 0.0555 0.0619 0.0586 0.5389 
        D737  2 0.1866 0.0630 0.0385 0.0559 0.0577 0.0204 0.5180 0.0600 
        D807  2 0.1117 0.0883 0.0993 0.1825 0.0665 0.1951 0.0654 0.1912 
        D808  2 0.0794 0.1615 0.1940 0.2047 0.0892 0.1218 0.1163 0.0333 
        D817  2 0.1149 0.1007 0.1306 0.2052 0.0434 0.3391 0.0255 0.0406 
        D818  2 0.0415 0.0519 0.3825 0.0271 0.1941 0.0607 0.2032 0.0389 
        D819  2 0.0426 0.0784 0.1732 0.3381 0.0724 0.1920 0.0474 0.0558 
        D820  2 0.0910 0.0159 0.0619 0.0167 0.0259 0.7326 0.0364 0.0197 
        D895  2 0.0721 0.0366 0.1664 0.1230 0.1490 0.3545 0.0625 0.0358 
        D896  2 0.0171 0.1422 0.0250 0.7353 0.0226 0.0208 0.0143 0.0225 
        D897  2 0.0324 0.0600 0.0916 0.0551 0.0322 0.0282 0.6752 0.0252 
        D898  2 0.0740 0.1529 0.2497 0.2789 0.0609 0.0573 0.0403 0.0861 
        D918  2 0.1108 0.0905 0.1569 0.1572 0.2435 0.0442 0.1046 0.0923 
        D919  2 0.4164 0.0566 0.2146 0.0235 0.0435 0.1055 0.1157 0.0241 
        D920  2 0.0405 0.0579 0.0355 0.0438 0.7149 0.0343 0.0345 0.0384 
        D923  2 0.1034 0.0364 0.0567 0.0204 0.0242 0.7059 0.0322 0.0208 
        D930  2 0.2063 0.0754 0.1999 0.0992 0.0286 0.2641 0.0418 0.0846 
        D931  2 0.3062 0.0684 0.0745 0.0463 0.0351 0.2764 0.1387 0.0543 
        D968  2 0.0248 0.0172 0.0280 0.0183 0.0137 0.0171 0.8573 0.0236 
        D969  2 0.0558 0.0351 0.1701 0.0404 0.0429 0.2327 0.2866 0.1365 
        D977  2 0.0388 0.0253 0.0669 0.0188 0.0282 0.0310 0.7704 0.0205 
        D978  2 0.0527 0.1420 0.3166 0.0445 0.0320 0.0476 0.2549 0.1097 
        D211  3 0.0715 0.0214 0.0697 0.0673 0.6704 0.0426 0.0248 0.0323 
     D229639  3 0.0348 0.0526 0.1301 0.0974 0.0290 0.0604 0.1275 0.4681 
     D237212  3 0.3160 0.0285 0.1812 0.0901 0.1373 0.0821 0.0924 0.0725 
     D237213  3 0.1224 0.0877 0.1400 0.4071 0.1091 0.0594 0.0519 0.0224 
     D237214  3 0.0170 0.0242 0.0726 0.0126 0.8248 0.0239 0.0130 0.0119 
     D237215  3 0.0223 0.1532 0.0395 0.0664 0.0179 0.0178 0.4773 0.2056 
     D237216  3 0.0835 0.0449 0.4877 0.1168 0.1367 0.0595 0.0409 0.0302 
     D237217  3 0.0298 0.0230 0.2041 0.1916 0.3688 0.1137 0.0482 0.0208 
     D237218  3 0.4135 0.0214 0.1350 0.0320 0.0646 0.0693 0.0754 0.1887 
     D237219  3 0.0218 0.0448 0.0558 0.4239 0.1392 0.0358 0.0275 0.2512 
     D237382  3 0.0234 0.5851 0.0604 0.1454 0.0439 0.0827 0.0325 0.0266 
     D244127  3 0.0347 0.0626 0.0988 0.6076 0.0579 0.0235 0.0859 0.0290 
     D244129  3 0.0855 0.0983 0.1910 0.2195 0.1517 0.1054 0.0774 0.0712 
     D244133  3 0.0144 0.1208 0.1344 0.0979 0.1021 0.0942 0.2170 0.2192 
     D244134  3 0.0225 0.0135 0.0292 0.1485 0.0269 0.0216 0.0361 0.7016 
     D244135  3 0.0233 0.0151 0.0513 0.0221 0.7572 0.0416 0.0740 0.0154 
     D244136  3 0.0344 0.1118 0.1466 0.0916 0.0757 0.2019 0.1204 0.2178 
        D416  3 0.0537 0.0300 0.2378 0.2033 0.0832 0.0976 0.2473 0.0471 
        D417  3 0.0275 0.0460 0.0306 0.0454 0.0457 0.7602 0.0209 0.0236 
        D419  3 0.0669 0.0390 0.1214 0.2042 0.1418 0.1278 0.0968 0.2021 
        D565  3 0.0152 0.0236 0.0421 0.0437 0.0197 0.0748 0.0145 0.7664 
        D566  3 0.0205 0.0572 0.1405 0.0742 0.0326 0.0722 0.0796 0.5231 
        D567  3 0.0627 0.0340 0.0422 0.0859 0.1151 0.5932 0.0450 0.0220 
        D568  3 0.2718 0.0387 0.0926 0.0944 0.2041 0.1163 0.1614 0.0206 
        D569  3 0.5320 0.0816 0.1515 0.0346 0.0667 0.0228 0.0804 0.0304 
        D573  3 0.0255 0.0165 0.3069 0.0374 0.0265 0.1719 0.3590 0.0563 
        D574  3 0.0377 0.1763 0.1622 0.0691 0.0595 0.0460 0.0516 0.3975 
        D575  3 0.0264 0.0256 0.0786 0.4795 0.0822 0.0628 0.0517 0.1933 
        D576  3 0.0211 0.1054 0.0627 0.0260 0.0331 0.0075 0.6656 0.0786 
        D577  3 0.0595 0.0539 0.0582 0.0458 0.1140 0.5907 0.0258 0.0521 
        D578  3 0.0131 0.0229 0.0344 0.0228 0.8593 0.0127 0.0220 0.0128 
        D579  3 0.1384 0.0387 0.1237 0.0650 0.0669 0.2128 0.0764 0.2781 
        D660  3 0.0660 0.0531 0.1071 0.0910 0.0637 0.0186 0.5689 0.0316 
        D661  3 0.1471 0.0284 0.1216 0.0278 0.1461 0.0235 0.4242 0.0812 
        D663  3 0.0397 0.0623 0.4390 0.0234 0.0313 0.0517 0.2574 0.0953 
        D664  3 0.0371 0.1066 0.1333 0.2492 0.1845 0.0223 0.1814 0.0856 
        D665  3 0.0956 0.2011 0.3371 0.1505 0.1492 0.0180 0.0334 0.0151 
        D666  3 0.0334 0.0264 0.0789 0.5490 0.0628 0.0566 0.0247 0.1681 
        D009  4 0.2607 0.0985 0.1025 0.1397 0.2089 0.1423 0.0226 0.0248 
        D057  4 0.4192 0.0290 0.0336 0.0123 0.2931 0.0284 0.1425 0.0419 
        D109  4 0.0483 0.0611 0.1060 0.6097 0.0698 0.0376 0.0253 0.0422 
     D237222  4 0.0322 0.1619 0.0591 0.0687 0.5515 0.0447 0.0357 0.0462 
     D237223  4 0.0701 0.1460 0.1486 0.1385 0.2727 0.0402 0.1081 0.0757 
     D237224  4 0.3114 0.0409 0.1154 0.0751 0.0622 0.1248 0.1901 0.0801 
     D237225  4 0.1135 0.0678 0.2540 0.1105 0.2127 0.1352 0.0468 0.0596 
     D237299  4 0.0303 0.1940 0.4623 0.0857 0.1195 0.0170 0.0309 0.0602 
     D237300  4 0.0443 0.0268 0.2017 0.0789 0.0345 0.0187 0.1974 0.3976 
     D237306  4 0.0569 0.2988 0.1315 0.1452 0.0702 0.1094 0.0335 0.1545 
     D237307  4 0.0270 0.0960 0.0635 0.0659 0.0463 0.4628 0.0774 0.1612 
     D237308  4 0.1851 0.0323 0.0676 0.1153 0.0744 0.0504 0.3977 0.0771 
     D237309  4 0.1185 0.0782 0.1736 0.1092 0.2426 0.1975 0.0518 0.0285 
     D237317  4 0.0373 0.0689 0.1658 0.0881 0.0715 0.2606 0.0247 0.2831 
     D237318  4 0.0190 0.0287 0.3560 0.0259 0.0187 0.0267 0.2835 0.2415 
     D237319  4 0.0394 0.3604 0.1347 0.0585 0.2447 0.0603 0.0550 0.0469 
     D237320  4 0.0348 0.0461 0.1931 0.0938 0.3973 0.0737 0.1186 0.0425 
     D237321  4 0.0296 0.0472 0.1182 0.0514 0.0607 0.0446 0.1658 0.4824 
     D237397  4 0.0320 0.1211 0.1524 0.0798 0.2227 0.0784 0.1624 0.1512 
     D237398  4 0.0524 0.0243 0.4415 0.0212 0.0697 0.0775 0.1732 0.1402 
     D237399  4 0.0561 0.0769 0.0712 0.0551 0.1595 0.1069 0.0438 0.4304 
     D244001  4 0.0857 0.1219 0.0474 0.0256 0.5053 0.0270 0.1665 0.0206 
        D289  4 0.3334 0.0305 0.1536 0.0465 0.0581 0.0793 0.0767 0.2220 
        D290  4 0.0289 0.7261 0.0677 0.0191 0.0348 0.0647 0.0309 0.0279 
        D294  4 0.3876 0.1077 0.1508 0.0225 0.0822 0.1197 0.0682 0.0613 
        D295  4 0.0922 0.1365 0.0698 0.2484 0.0582 0.2984 0.0366 0.0599 
        D301  4 0.0314 0.1108 0.0307 0.0459 0.6161 0.0214 0.0532 0.0904 
        D302  4 0.7302 0.0524 0.0444 0.0170 0.0270 0.1035 0.0112 0.0142 
        D303  4 0.0939 0.0984 0.0429 0.1460 0.0475 0.0447 0.0784 0.4482 
        D304  4 0.0311 0.4548 0.1341 0.0219 0.0459 0.1098 0.0445 0.1578 
        D305  4 0.5612 0.0496 0.2111 0.0360 0.0424 0.0161 0.0691 0.0144 
        D306  4 0.0214 0.7876 0.0606 0.0233 0.0326 0.0402 0.0175 0.0169 
        D307  4 0.0482 0.0231 0.0243 0.0366 0.7373 0.0158 0.0226 0.0921 
        D327  4 0.0561 0.0548 0.1125 0.0248 0.0455 0.5916 0.0453 0.0694 
        D328  4 0.5389 0.1724 0.0468 0.0814 0.0328 0.0273 0.0227 0.0778 
        D329  4 0.3642 0.0667 0.0937 0.0664 0.0944 0.0841 0.1718 0.0588 
        D330  4 0.0778 0.0970 0.1672 0.1809 0.1485 0.2511 0.0652 0.0123 
        D331  4 0.0358 0.3949 0.0848 0.0532 0.0763 0.1909 0.0434 0.1206 
        D333  4 0.2628 0.2299 0.0780 0.1032 0.1059 0.0711 0.0897 0.0594 
        D334  4 0.0731 0.0811 0.0944 0.0353 0.1114 0.1431 0.0174 0.4444 
        D335  4 0.4563 0.0690 0.0625 0.0257 0.0300 0.2928 0.0455 0.0183 
        D370  4 0.0481 0.5769 0.0482 0.1807 0.0373 0.0403 0.0351 0.0333 
        D371  4 0.0342 0.0574 0.0529 0.0274 0.0231 0.2417 0.0537 0.5096 
        D372  4 0.0219 0.2037 0.1330 0.0314 0.0295 0.0115 0.1503 0.4186 
        D373  4 0.0804 0.0168 0.0451 0.0227 0.6452 0.0392 0.0779 0.0728 
        D455  4 0.0733 0.0340 0.0235 0.0292 0.7431 0.0263 0.0418 0.0288 
        D490  4 0.0277 0.0268 0.0206 0.0225 0.8574 0.0184 0.0107 0.0159 
        D497  4 0.0669 0.0269 0.0398 0.0550 0.7501 0.0150 0.0203 0.0260 
        D498  4 0.0230 0.5785 0.0738 0.0797 0.0408 0.0669 0.0402 0.0971 
        D499  4 0.1561 0.0925 0.1825 0.1070 0.0237 0.0272 0.2203 0.1907 
        D514  4 0.1586 0.1898 0.2052 0.0479 0.0657 0.2782 0.0310 0.0235 
        D515  4 0.0431 0.2489 0.1960 0.0787 0.3343 0.0427 0.0349 0.0214 
        D516  4 0.0259 0.0958 0.1108 0.3717 0.0879 0.1686 0.0859 0.0535 
        D517  4 0.0357 0.0199 0.0637 0.0667 0.6547 0.0511 0.0639 0.0441 
        D518  4 0.5980 0.0632 0.0264 0.0144 0.1854 0.0249 0.0464 0.0412 
        D519  4 0.0233 0.0262 0.2201 0.0766 0.4956 0.0578 0.0727 0.0276 
        D560  4 0.0766 0.0840 0.2018 0.0563 0.3076 0.1173 0.1261 0.0303 
        D561  4 0.0851 0.0476 0.5025 0.0340 0.1930 0.0739 0.0487 0.0154 
        D562  4 0.1985 0.1672 0.1531 0.0617 0.2290 0.0563 0.0779 0.0563 
        D563  4 0.2334 0.0416 0.1543 0.0583 0.0540 0.0298 0.4023 0.0263 
        D572  4 0.7816 0.0422 0.0311 0.0148 0.0454 0.0403 0.0266 0.0180 
        D629  4 0.1142 0.0222 0.1352 0.1094 0.3193 0.2254 0.0332 0.0411 
        D630  4 0.1166 0.2147 0.1075 0.0374 0.3192 0.0932 0.0379 0.0735 
        D631  4 0.8015 0.0296 0.0232 0.0144 0.0362 0.0210 0.0494 0.0247 
        D632  4 0.2747 0.0341 0.0281 0.1002 0.3176 0.0466 0.1819 0.0168 
        D646  4 0.0481 0.0433 0.2083 0.1352 0.2033 0.2378 0.0958 0.0282 
        D647  4 0.0693 0.1226 0.0676 0.0446 0.1426 0.4824 0.0548 0.0161 
        D648  4 0.3693 0.4984 0.0261 0.0210 0.0218 0.0163 0.0180 0.0290 
        D649  4 0.2401 0.0310 0.0590 0.2088 0.1004 0.3111 0.0250 0.0246 
        D650  4 0.1469 0.0810 0.1093 0.0750 0.1777 0.2744 0.0343 0.1013 
        D708  4 0.3552 0.0976 0.1558 0.0748 0.0562 0.0594 0.0314 0.1696 
        D709  4 0.0461 0.7568 0.0297 0.0740 0.0188 0.0292 0.0197 0.0257 
        D738  4 0.0296 0.1464 0.1067 0.1434 0.1516 0.1656 0.0219 0.2349 
        D739  4 0.1192 0.2723 0.1246 0.0687 0.3226 0.0301 0.0324 0.0300 
        D740  4 0.0989 0.0262 0.2292 0.2971 0.0726 0.0195 0.0657 0.1908 
        D741  4 0.0333 0.0587 0.3306 0.1089 0.1787 0.1285 0.1463 0.0150 
        D742  4 0.1242 0.0441 0.1283 0.0549 0.0871 0.0506 0.3122 0.1985 
        D743  4 0.4956 0.0253 0.0567 0.0143 0.0289 0.3096 0.0445 0.0250 
        D744  4 0.8037 0.0201 0.0482 0.0188 0.0282 0.0311 0.0320 0.0179 
        D745  4 0.0355 0.0511 0.1513 0.0763 0.5988 0.0317 0.0311 0.0242 
        D814  4 0.1061 0.0661 0.2515 0.0158 0.1044 0.0311 0.3984 0.0267 
        D815  4 0.3479 0.2662 0.0543 0.0861 0.0331 0.1376 0.0364 0.0383 
        D828  4 0.0563 0.7667 0.0369 0.0388 0.0225 0.0113 0.0336 0.0339 
        D845  4 0.0356 0.0120 0.0666 0.0238 0.0140 0.0189 0.1424 0.6867 
        D846  4 0.4392 0.0473 0.0810 0.0255 0.1245 0.1251 0.1388 0.0186 
        D847  4 0.0813 0.0933 0.1418 0.0618 0.2914 0.0948 0.0612 0.1743 
        D848  4 0.0512 0.0289 0.0696 0.0197 0.6329 0.0187 0.1018 0.0772 
        D849  4 0.0707 0.1746 0.0947 0.2244 0.3371 0.0473 0.0327 0.0186 
        D850  4 0.0518 0.0230 0.3867 0.0363 0.2246 0.1488 0.0589 0.0698 
        D856  4 0.0700 0.3015 0.2225 0.1950 0.0769 0.0726 0.0316 0.0298 
        D857  4 0.0233 0.2670 0.0324 0.5203 0.0436 0.0082 0.0842 0.0210 
        D859  4 0.7106 0.0375 0.0606 0.0252 0.0452 0.0584 0.0315 0.0310 
        D860  4 0.0707 0.0305 0.1024 0.0430 0.0303 0.1093 0.1061 0.5076 
        D883  4 0.1036 0.1317 0.0780 0.1451 0.2224 0.1994 0.0483 0.0716 
        D884  4 0.0974 0.2392 0.1078 0.2466 0.1541 0.0867 0.0272 0.0409 
        D885  4 0.1935 0.0209 0.3629 0.0632 0.0868 0.1198 0.0856 0.0672 
        D886  4 0.0564 0.3318 0.0448 0.1049 0.2027 0.1786 0.0560 0.0248 
        D887  4 0.2356 0.0903 0.1578 0.0920 0.0584 0.1063 0.1339 0.1257 
        D889  4 0.0840 0.2665 0.3017 0.0228 0.0316 0.0480 0.0306 0.2148 
        D890  4 0.1480 0.2344 0.1056 0.2015 0.0698 0.0615 0.0836 0.0955 
        D891  4 0.0144 0.0096 0.3025 0.0203 0.0148 0.0168 0.2306 0.3910 
        D899  4 0.0837 0.0628 0.0621 0.0385 0.0359 0.0310 0.4809 0.2051 
        D900  4 0.1896 0.1803 0.1960 0.0622 0.1089 0.1123 0.0784 0.0722 
        D970  4 0.4460 0.0390 0.0850 0.0577 0.0789 0.1366 0.0583 0.0985 
        D971  4 0.1511 0.0964 0.1203 0.0630 0.0277 0.0946 0.4125 0.0346 
        D979  4 0.3440 0.0585 0.0800 0.0182 0.0305 0.4021 0.0372 0.0295 
        D093  5 0.0359 0.0723 0.0287 0.0316 0.0512 0.0555 0.0278 0.6971 
        D154  5 0.0582 0.1463 0.2965 0.0904 0.0274 0.0288 0.2737 0.0787 
        D168  5 0.0515 0.0540 0.1776 0.1410 0.1478 0.0746 0.3219 0.0316 
        D189  5 0.0310 0.4190 0.1081 0.0487 0.0298 0.0339 0.0436 0.2858 
        D190  5 0.0676 0.1156 0.0371 0.0929 0.0222 0.0463 0.0429 0.5754 
     D237220  5 0.1505 0.0634 0.1448 0.1486 0.2389 0.0346 0.0236 0.1956 
     D237221  5 0.0686 0.0462 0.0759 0.0570 0.0403 0.0896 0.0932 0.5291 
     D237274  5 0.2093 0.0646 0.0965 0.0550 0.0391 0.4648 0.0540 0.0167 
     D237275  5 0.0135 0.1599 0.0847 0.0504 0.0202 0.0171 0.6182 0.0359 
     D237276  5 0.0516 0.2885 0.0660 0.2303 0.0987 0.1368 0.0439 0.0842 
     D237277  5 0.0534 0.0297 0.0355 0.0386 0.0142 0.0248 0.0420 0.7619 
     D237278  5 0.0902 0.0859 0.0958 0.1228 0.0637 0.0513 0.3495 0.1409 
     D237279  5 0.0618 0.0203 0.4479 0.2228 0.1256 0.0450 0.0478 0.0288 
     D237280  5 0.0490 0.0347 0.0534 0.6377 0.0780 0.0978 0.0172 0.0322 
     D237281  5 0.0222 0.0180 0.3522 0.0262 0.0232 0.0490 0.4573 0.0519 
     D237351  5 0.0215 0.0222 0.0256 0.8121 0.0288 0.0208 0.0193 0.0497 
     D237352  5 0.2149 0.0592 0.0713 0.0651 0.3568 0.0967 0.0949 0.0411 
     D237353  5 0.0373 0.0273 0.0206 0.0743 0.0112 0.0187 0.0178 0.7928 
     D237359  5 0.1729 0.0593 0.1621 0.1005 0.2195 0.0490 0.0375 0.1991 
     D237361  5 0.0171 0.0526 0.0355 0.0462 0.0176 0.0253 0.0212 0.7846 
     D237362  5 0.0717 0.0579 0.1389 0.2385 0.0608 0.1807 0.0858 0.1656 
     D237363  5 0.0305 0.0542 0.5811 0.0857 0.0425 0.0410 0.1125 0.0524 
     D237364  5 0.2471 0.1012 0.1545 0.0557 0.1430 0.0885 0.1857 0.0243 
     D237376  5 0.0783 0.7802 0.0342 0.0232 0.0146 0.0125 0.0197 0.0373 
     D237377  5 0.0669 0.0236 0.1200 0.4032 0.0422 0.1562 0.0529 0.1351 
     D237378  5 0.1169 0.1576 0.0510 0.0414 0.0343 0.0243 0.0553 0.5193 
     D237379  5 0.3901 0.1565 0.0982 0.0289 0.0357 0.0284 0.0383 0.2238 
     D237380  5 0.0940 0.3571 0.0318 0.3972 0.0569 0.0222 0.0156 0.0252 
     D237381  5 0.1195 0.1429 0.1136 0.2246 0.2218 0.0502 0.0728 0.0546 
     D237391  5 0.0214 0.0128 0.0238 0.0199 0.0207 0.0225 0.0138 0.8650 
     D237392  5 0.0646 0.1075 0.1353 0.0820 0.0590 0.3091 0.2187 0.0239 
     D237393  5 0.0332 0.0560 0.0492 0.2967 0.0542 0.3252 0.0695 0.1161 
     D237394  5 0.0333 0.0188 0.0299 0.0506 0.0194 0.0284 0.0127 0.8068 
     D237395  5 0.0277 0.1865 0.1048 0.1348 0.0572 0.0532 0.0743 0.3615 
     D237396  5 0.0622 0.0195 0.1677 0.0740 0.1213 0.3179 0.0648 0.1727 
     D244016  5 0.1824 0.0594 0.2856 0.0585 0.0194 0.0262 0.0634 0.3050 
     D244018  5 0.0354 0.0261 0.0907 0.0651 0.0950 0.0977 0.2910 0.2990 
     D244019  5 0.1005 0.0901 0.3256 0.1220 0.0273 0.1254 0.1379 0.0711 
        D279  5 0.2222 0.0297 0.2122 0.0922 0.0449 0.0324 0.1064 0.2600 
        D280  5 0.0237 0.0554 0.2339 0.1432 0.0819 0.0863 0.0506 0.3252 
        D281  5 0.0354 0.0845 0.3523 0.0200 0.0232 0.0299 0.2586 0.1961 
        D283  5 0.0473 0.0228 0.1330 0.1534 0.0394 0.1276 0.0393 0.4371 
        D284  5 0.0491 0.1998 0.1801 0.0733 0.3379 0.0624 0.0509 0.0465 
        D285  5 0.0589 0.0603 0.0895 0.0593 0.0371 0.0809 0.0168 0.5972 
        D286  5 0.1539 0.2690 0.0783 0.0607 0.0930 0.1089 0.0343 0.2019 
        D287  5 0.1255 0.6333 0.0429 0.0423 0.0224 0.0153 0.0178 0.1005 
        D288  5 0.0285 0.0333 0.2564 0.2541 0.0346 0.1738 0.0538 0.1654 
        D308  5 0.0281 0.0222 0.0299 0.7814 0.0225 0.0627 0.0238 0.0293 
        D309  5 0.8332 0.0252 0.0306 0.0204 0.0304 0.0310 0.0158 0.0134 
        D310  5 0.0238 0.0881 0.1858 0.0588 0.0109 0.0176 0.0151 0.6000 
        D311  5 0.1812 0.3270 0.1384 0.0491 0.0486 0.1456 0.0380 0.0720 
        D312  5 0.2214 0.1601 0.1214 0.0919 0.0994 0.1212 0.0513 0.1332 
        D313  5 0.0109 0.0194 0.0186 0.5461 0.3617 0.0125 0.0142 0.0167 
        D314  5 0.1055 0.1340 0.2167 0.2148 0.0726 0.0291 0.0918 0.1355 
        D315  5 0.0580 0.1113 0.0892 0.1873 0.0756 0.2501 0.0742 0.1544 
        D317  5 0.0169 0.1300 0.0572 0.0448 0.0313 0.0984 0.0265 0.5949 
        D318  5 0.1770 0.0667 0.2877 0.0632 0.1577 0.0902 0.1011 0.0564 
        D319  5 0.0221 0.0870 0.0953 0.2793 0.0214 0.0295 0.0262 0.4392 
        D320  5 0.0543 0.0596 0.0462 0.0620 0.0266 0.0319 0.0187 0.7007 
        D321  5 0.0163 0.0192 0.0378 0.7044 0.0207 0.0475 0.0214 0.1327 
        D336  5 0.0398 0.5137 0.0428 0.0342 0.0250 0.0279 0.0224 0.2941 
        D337  5 0.0202 0.0300 0.0807 0.0374 0.0135 0.0230 0.0217 0.7736 
        D338  5 0.1148 0.0779 0.1354 0.0725 0.0789 0.2178 0.0735 0.2291 
        D339  5 0.0240 0.0738 0.1376 0.0970 0.0294 0.0498 0.0603 0.5281 
        D347  5 0.0409 0.6497 0.0978 0.0235 0.0194 0.0745 0.0668 0.0274 
        D348  5 0.1556 0.1830 0.1848 0.0444 0.0152 0.0293 0.0376 0.3500 
        D349  5 0.0159 0.0132 0.0137 0.8836 0.0110 0.0139 0.0121 0.0366 
        D350  5 0.8803 0.0142 0.0199 0.0129 0.0181 0.0218 0.0172 0.0154 
        D355  5 0.0558 0.0732 0.4141 0.0344 0.0216 0.0869 0.2857 0.0283 
        D356  5 0.0560 0.1179 0.0829 0.0534 0.1456 0.2460 0.0204 0.2778 
        D357  5 0.0378 0.4495 0.2596 0.0734 0.0370 0.0485 0.0403 0.0538 
        D358  5 0.2276 0.1112 0.1275 0.0813 0.0664 0.0636 0.0560 0.2665 
        D359  5 0.1311 0.0271 0.2065 0.1147 0.0214 0.2319 0.0168 0.2505 
        D360  5 0.0346 0.1037 0.0597 0.0457 0.1390 0.1257 0.0199 0.4717 
        D361  5 0.0146 0.0149 0.0175 0.8830 0.0143 0.0228 0.0185 0.0145 
        D366  5 0.0174 0.0206 0.0275 0.0185 0.0278 0.4691 0.3924 0.0267 
        D367  5 0.1493 0.2375 0.1465 0.1847 0.0408 0.0332 0.0225 0.1855 
        D368  5 0.0484 0.0521 0.1133 0.5470 0.0267 0.0912 0.0192 0.1022 
        D380  5 0.4539 0.0268 0.2916 0.0458 0.0504 0.0498 0.0491 0.0326 
        D381  5 0.0620 0.0295 0.3302 0.0786 0.0175 0.0700 0.0348 0.3775 
        D400  5 0.1444 0.3109 0.0896 0.0366 0.0542 0.0891 0.0950 0.1802 
        D411  5 0.0230 0.0696 0.0660 0.0342 0.7445 0.0178 0.0303 0.0146 
        D412  5 0.0504 0.2569 0.2616 0.1170 0.0610 0.0549 0.1467 0.0514 
        D413  5 0.0744 0.0190 0.0638 0.0232 0.0626 0.0855 0.6443 0.0271 
        D414  5 0.7169 0.0704 0.0434 0.0190 0.0145 0.0222 0.0889 0.0247 
        D420  5 0.0192 0.1250 0.3022 0.0551 0.3400 0.0227 0.0340 0.1018 
        D431  5 0.2058 0.1611 0.1584 0.2608 0.0480 0.0157 0.0481 0.1021 
        D432  5 0.0581 0.0590 0.0963 0.0874 0.0929 0.0909 0.0733 0.4421 
        D433  5 0.0375 0.1024 0.0628 0.2147 0.0238 0.0633 0.0350 0.4605 
        D434  5 0.0395 0.1331 0.1565 0.2005 0.0545 0.1020 0.0289 0.2849 
        D440  5 0.8500 0.0285 0.0291 0.0255 0.0167 0.0199 0.0147 0.0156 
        D447  5 0.1195 0.0522 0.3843 0.0243 0.1754 0.1482 0.0786 0.0176 
        D448  5 0.0410 0.5808 0.1215 0.0325 0.0180 0.0708 0.0306 0.1049 
        D459  5 0.0825 0.0242 0.2385 0.0242 0.0227 0.0589 0.4756 0.0733 
        D460  5 0.0225 0.0109 0.0252 0.8360 0.0165 0.0430 0.0189 0.0271 
        D461  5 0.8308 0.0162 0.0211 0.0214 0.0196 0.0596 0.0125 0.0188 
        D468  5 0.0277 0.1862 0.2524 0.1482 0.0556 0.1833 0.0661 0.0806 
        D469  5 0.0712 0.0587 0.0562 0.1072 0.0811 0.5376 0.0232 0.0648 
        D470  5 0.1149 0.2654 0.0834 0.0985 0.2726 0.0673 0.0407 0.0572 
        D471  5 0.0471 0.4638 0.1006 0.0473 0.0146 0.0581 0.0436 0.2250 
        D472  5 0.0214 0.0130 0.0499 0.0239 0.0172 0.7039 0.1291 0.0416 
        D479  5 0.0843 0.1016 0.0355 0.0311 0.0219 0.0341 0.6741 0.0174 
        D485  5 0.2063 0.5908 0.0394 0.0293 0.0460 0.0284 0.0313 0.0284 
        D486  5 0.0404 0.5048 0.1285 0.0697 0.0867 0.0921 0.0462 0.0317 
        D487  5 0.2074 0.0589 0.0640 0.0670 0.0361 0.0275 0.1013 0.4378 
        D555  5 0.0264 0.0962 0.0287 0.0332 0.0204 0.0263 0.0588 0.7100 
        D556  5 0.2928 0.0477 0.1277 0.1983 0.0390 0.0353 0.0393 0.2198 
        D557  5 0.0354 0.0452 0.0245 0.1033 0.0140 0.0401 0.0346 0.7030 
        D564  5 0.4017 0.0757 0.0539 0.2110 0.0567 0.0462 0.0321 0.1226 
        D594  5 0.0579 0.3940 0.1950 0.0646 0.0374 0.1287 0.0896 0.0328 
        D595  5 0.0775 0.0814 0.1254 0.0765 0.0594 0.1835 0.1141 0.2823 
        D596  5 0.0165 0.0934 0.0252 0.0371 0.0174 0.0309 0.0337 0.7459 
        D597  5 0.1040 0.0407 0.0847 0.0524 0.0256 0.0914 0.2343 0.3670 
        D598  5 0.1213 0.0935 0.0712 0.0730 0.1617 0.1172 0.0555 0.3066 
        D617  5 0.0178 0.0582 0.0863 0.0380 0.5317 0.0219 0.2284 0.0178 
        D618  5 0.0642 0.0288 0.0485 0.0647 0.0297 0.0511 0.0463 0.6667 
        D619  5 0.0350 0.2059 0.1269 0.3942 0.0191 0.1324 0.0491 0.0373 
        D620  5 0.0206 0.0157 0.0231 0.0270 0.0186 0.0425 0.8110 0.0415 
        D628  5 0.6252 0.1451 0.0423 0.0268 0.0623 0.0320 0.0270 0.0394 
        D714  5 0.2773 0.0818 0.1408 0.0369 0.0305 0.0161 0.0609 0.3557 
        D715  5 0.0435 0.0239 0.0446 0.0449 0.0214 0.0541 0.0315 0.7361 
        D716  5 0.0702 0.6083 0.1320 0.0180 0.0370 0.0512 0.0526 0.0307 
        D717  5 0.0882 0.0542 0.1193 0.0811 0.1075 0.3276 0.0360 0.1862 
        D718  5 0.0139 0.7801 0.0618 0.0317 0.0461 0.0191 0.0224 0.0248 
        D769  5 0.0404 0.2016 0.0943 0.0250 0.4849 0.0234 0.1123 0.0182 
        D770  5 0.3621 0.0950 0.1209 0.0440 0.0369 0.0412 0.2116 0.0883 
        D771  5 0.0700 0.1963 0.1552 0.0848 0.1290 0.0455 0.2412 0.0779 
        D772  5 0.5938 0.0486 0.0506 0.0489 0.0379 0.0350 0.0221 0.1631 
        D782  5 0.0257 0.0285 0.5256 0.1563 0.0394 0.0295 0.1347 0.0604 
        D783  5 0.3842 0.0834 0.1511 0.0357 0.0288 0.0179 0.2153 0.0837 
        D784  5 0.3807 0.0267 0.0967 0.0538 0.0429 0.2194 0.0295 0.1504 
        D785  5 0.1115 0.0806 0.0460 0.2412 0.0401 0.0400 0.0221 0.4185 
        D786  5 0.1119 0.1904 0.0611 0.0565 0.3478 0.1354 0.0802 0.0167 
        D821  5 0.0243 0.0170 0.0135 0.0191 0.0093 0.0109 0.0111 0.8947 
        D822  5 0.1479 0.1002 0.3191 0.0703 0.0241 0.2071 0.0719 0.0593 
        D826  5 0.0791 0.0598 0.1186 0.1259 0.0268 0.0432 0.1138 0.4327 
        D827  5 0.0998 0.0688 0.3711 0.0264 0.1030 0.2194 0.0848 0.0266 
        D851  5 0.0892 0.0892 0.3993 0.0977 0.0821 0.1045 0.0394 0.0987 
        D852  5 0.4583 0.0298 0.0570 0.1221 0.0300 0.0182 0.0540 0.2306 
        D853  5 0.0392 0.1809 0.1350 0.0733 0.0441 0.0859 0.0351 0.4066 
        D854  5 0.0743 0.2748 0.2820 0.0881 0.0465 0.0697 0.1353 0.0292 
        D861  5 0.1047 0.0868 0.3078 0.1023 0.0558 0.0690 0.1564 0.1172 
        D862  5 0.0738 0.1445 0.1500 0.1355 0.0491 0.3303 0.0247 0.0921 
        D865  5 0.0443 0.0942 0.0690 0.2232 0.0348 0.0293 0.0654 0.4397 
        D868  5 0.0342 0.0285 0.0378 0.0405 0.0375 0.7219 0.0235 0.0762 
        D869  5 0.0125 0.0378 0.0555 0.0669 0.7014 0.0402 0.0563 0.0294 
        D870  5 0.0197 0.0396 0.6631 0.0195 0.1331 0.0521 0.0582 0.0146 
        D907  5 0.0305 0.1839 0.1837 0.1259 0.0731 0.0405 0.0371 0.3252 
        D908  5 0.1835 0.0424 0.0433 0.1418 0.0178 0.0228 0.1151 0.4333 
        D910  5 0.0642 0.1796 0.1369 0.0667 0.0266 0.0870 0.1695 0.2695 
        D911  5 0.0248 0.0459 0.5549 0.0208 0.0144 0.0443 0.2457 0.0493 
        D934  5 0.4232 0.0440 0.1557 0.0718 0.0281 0.0430 0.1223 0.1119 
        D946  5 0.4617 0.0931 0.0948 0.2095 0.0265 0.0150 0.0486 0.0508 
        D947  5 0.3430 0.1108 0.1508 0.0767 0.0504 0.1344 0.0522 0.0816 
