1:    0.015 0.011 0.008 0.007 0.019 0.008 0.759 0.010 0.018 0.008 0.013 0.014 0.043 0.005 0.032 0.004 0.024 1    
2:    0.030 0.010 0.013 0.010 0.006 0.032 0.634 0.010 0.025 0.022 0.021 0.066 0.028 0.014 0.052 0.018 0.008 1    
3:    0.013 0.012 0.016 0.007 0.014 0.006 0.818 0.008 0.015 0.009 0.008 0.011 0.011 0.010 0.020 0.017 0.006 1    
4:    0.011 0.009 0.009 0.007 0.015 0.030 0.480 0.016 0.061 0.011 0.013 0.087 0.096 0.026 0.067 0.055 0.006 1    
5:    0.030 0.010 0.029 0.008 0.041 0.030 0.090 0.043 0.141 0.078 0.013 0.166 0.129 0.028 0.097 0.036 0.031 1    
6:    0.006 0.011 0.009 0.004 0.012 0.005 0.807 0.021 0.018 0.007 0.007 0.016 0.024 0.012 0.012 0.025 0.004 1    
7:    0.005 0.020 0.006 0.005 0.006 0.016 0.822 0.008 0.008 0.011 0.010 0.007 0.043 0.005 0.009 0.006 0.012 1    
8:    0.010 0.031 0.010 0.011 0.005 0.006 0.803 0.008 0.010 0.004 0.021 0.012 0.017 0.009 0.031 0.007 0.005 1    
9:    0.008 0.013 0.018 0.007 0.010 0.009 0.010 0.828 0.016 0.006 0.012 0.009 0.008 0.011 0.017 0.007 0.011 1    
10:   0.006 0.008 0.008 0.010 0.007 0.005 0.007 0.882 0.006 0.006 0.010 0.009 0.005 0.008 0.008 0.008 0.006 1    
11:   0.012 0.006 0.008 0.005 0.015 0.007 0.009 0.798 0.020 0.010 0.011 0.019 0.012 0.010 0.006 0.031 0.018 1    
12:   0.040 0.007 0.320 0.008 0.047 0.012 0.013 0.255 0.023 0.051 0.031 0.075 0.016 0.024 0.010 0.006 0.062 1    
13:   0.103 0.028 0.023 0.061 0.043 0.013 0.022 0.490 0.033 0.020 0.026 0.048 0.015 0.009 0.014 0.023 0.028 1    
14:   0.024 0.011 0.015 0.014 0.010 0.034 0.010 0.657 0.025 0.058 0.013 0.029 0.008 0.021 0.006 0.037 0.027 1    
15:   0.037 0.007 0.015 0.006 0.015 0.029 0.008 0.690 0.015 0.038 0.010 0.035 0.010 0.032 0.010 0.022 0.021 1    
16:   0.022 0.027 0.014 0.045 0.010 0.012 0.012 0.743 0.011 0.014 0.017 0.022 0.009 0.007 0.007 0.013 0.015 1    
17:   0.004 0.024 0.011 0.006 0.006 0.005 0.004 0.858 0.007 0.005 0.007 0.009 0.014 0.007 0.010 0.014 0.010 1    
18:   0.005 0.020 0.017 0.062 0.695 0.007 0.011 0.028 0.016 0.013 0.008 0.012 0.027 0.010 0.007 0.048 0.012 1    
19:   0.004 0.010 0.012 0.054 0.445 0.014 0.012 0.009 0.010 0.013 0.005 0.026 0.019 0.011 0.015 0.324 0.016 1    
20:   0.025 0.047 0.008 0.132 0.660 0.006 0.005 0.011 0.014 0.008 0.007 0.028 0.019 0.005 0.006 0.012 0.006 1    
21:   0.010 0.010 0.012 0.046 0.728 0.010 0.009 0.012 0.016 0.020 0.007 0.017 0.030 0.012 0.008 0.035 0.018 1    
22:   0.011 0.011 0.008 0.298 0.570 0.005 0.005 0.005 0.009 0.011 0.006 0.018 0.012 0.006 0.007 0.013 0.005 1    
23:   0.030 0.007 0.009 0.033 0.468 0.034 0.008 0.005 0.015 0.016 0.006 0.043 0.018 0.010 0.013 0.276 0.010 1    
24:   0.062 0.011 0.006 0.020 0.754 0.009 0.006 0.006 0.009 0.012 0.006 0.022 0.022 0.007 0.008 0.028 0.013 1    
25:   0.004 0.005 0.004 0.005 0.915 0.005 0.004 0.006 0.005 0.006 0.008 0.005 0.004 0.006 0.006 0.005 0.005 1    
26:   0.005 0.004 0.005 0.003 0.904 0.008 0.004 0.005 0.007 0.007 0.005 0.006 0.006 0.007 0.008 0.007 0.007 1    
27:   0.009 0.009 0.007 0.006 0.821 0.016 0.007 0.009 0.013 0.015 0.008 0.012 0.006 0.020 0.011 0.013 0.018 1    
28:   0.007 0.009 0.006 0.012 0.676 0.019 0.023 0.008 0.016 0.008 0.010 0.023 0.008 0.100 0.042 0.013 0.020 1    
29:   0.007 0.006 0.007 0.007 0.684 0.037 0.024 0.004 0.015 0.010 0.008 0.019 0.011 0.030 0.037 0.009 0.085 1    
30:   0.006 0.005 0.006 0.005 0.853 0.038 0.008 0.004 0.008 0.009 0.007 0.009 0.006 0.011 0.008 0.006 0.011 1    
31:   0.009 0.015 0.016 0.011 0.344 0.129 0.037 0.006 0.035 0.030 0.017 0.050 0.010 0.087 0.142 0.020 0.041 1    
32:   0.006 0.007 0.004 0.010 0.003 0.005 0.008 0.890 0.009 0.006 0.005 0.019 0.006 0.006 0.005 0.007 0.005 1    
33:   0.008 0.005 0.018 0.017 0.007 0.008 0.011 0.841 0.010 0.013 0.007 0.017 0.005 0.014 0.005 0.006 0.010 1    
34:   0.012 0.009 0.011 0.009 0.007 0.015 0.008 0.850 0.007 0.019 0.005 0.012 0.008 0.008 0.007 0.009 0.006 1    
35:   0.007 0.008 0.006 0.013 0.004 0.006 0.006 0.893 0.007 0.010 0.004 0.005 0.008 0.004 0.005 0.007 0.006 1    
36:   0.010 0.007 0.006 0.004 0.009 0.010 0.014 0.818 0.018 0.015 0.012 0.022 0.007 0.013 0.006 0.014 0.014 1    
37:   0.062 0.005 0.010 0.013 0.010 0.016 0.068 0.448 0.027 0.021 0.015 0.177 0.004 0.076 0.009 0.012 0.027 1    
38:   0.006 0.007 0.006 0.007 0.004 0.004 0.005 0.908 0.007 0.006 0.004 0.007 0.007 0.005 0.004 0.010 0.004 1    
39:   0.027 0.016 0.251 0.022 0.026 0.055 0.010 0.059 0.176 0.013 0.036 0.153 0.021 0.022 0.059 0.032 0.022 1    
40:   0.007 0.032 0.027 0.005 0.023 0.016 0.009 0.061 0.064 0.010 0.022 0.063 0.485 0.119 0.017 0.030 0.013 1    
41:   0.024 0.035 0.032 0.015 0.027 0.108 0.008 0.026 0.208 0.014 0.026 0.153 0.123 0.012 0.053 0.026 0.110 1    
42:   0.009 0.007 0.016 0.008 0.015 0.025 0.013 0.022 0.232 0.011 0.031 0.087 0.342 0.067 0.031 0.078 0.008 1    
43:   0.009 0.035 0.018 0.007 0.060 0.015 0.006 0.115 0.159 0.010 0.015 0.108 0.223 0.111 0.008 0.045 0.055 1    
44:   0.010 0.018 0.017 0.004 0.015 0.014 0.009 0.027 0.084 0.008 0.025 0.044 0.619 0.062 0.021 0.014 0.009 1    
45:   0.020 0.070 0.102 0.007 0.016 0.020 0.017 0.049 0.137 0.009 0.023 0.191 0.158 0.125 0.029 0.008 0.019 1    
46:   0.007 0.013 0.014 0.005 0.012 0.013 0.006 0.013 0.131 0.008 0.028 0.058 0.579 0.020 0.046 0.042 0.006 1    
47:   0.019 0.007 0.013 0.011 0.801 0.007 0.020 0.013 0.006 0.014 0.032 0.017 0.005 0.004 0.006 0.016 0.009 1    
48:   0.014 0.021 0.060 0.007 0.731 0.033 0.026 0.006 0.007 0.013 0.033 0.015 0.004 0.008 0.011 0.006 0.006 1    
49:   0.007 0.022 0.010 0.006 0.824 0.006 0.014 0.010 0.007 0.026 0.018 0.013 0.004 0.008 0.007 0.007 0.011 1    
50:   0.012 0.006 0.006 0.013 0.830 0.005 0.015 0.010 0.006 0.010 0.007 0.009 0.007 0.005 0.010 0.034 0.014 1    
51:   0.013 0.007 0.008 0.017 0.822 0.005 0.014 0.012 0.005 0.011 0.011 0.008 0.007 0.006 0.009 0.026 0.018 1    
52:   0.072 0.012 0.016 0.005 0.093 0.148 0.005 0.015 0.028 0.007 0.329 0.098 0.127 0.016 0.017 0.006 0.006 1    
53:   0.025 0.010 0.005 0.009 0.007 0.110 0.014 0.014 0.015 0.007 0.681 0.053 0.011 0.019 0.011 0.004 0.006 1    
54:   0.018 0.006 0.028 0.006 0.038 0.110 0.009 0.055 0.034 0.008 0.465 0.156 0.012 0.019 0.019 0.006 0.012 1    
55:   0.014 0.008 0.009 0.016 0.015 0.021 0.010 0.460 0.015 0.007 0.329 0.051 0.007 0.008 0.009 0.009 0.012 1    
56:   0.018 0.006 0.009 0.017 0.014 0.021 0.009 0.448 0.013 0.006 0.345 0.049 0.007 0.009 0.008 0.010 0.010 1    
57:   0.023 0.006 0.007 0.044 0.057 0.067 0.025 0.028 0.022 0.004 0.441 0.178 0.016 0.034 0.027 0.011 0.009 1    
58:   0.023 0.011 0.027 0.012 0.062 0.026 0.006 0.045 0.056 0.017 0.495 0.147 0.010 0.021 0.021 0.010 0.010 1    
59:   0.018 0.008 0.016 0.057 0.012 0.440 0.022 0.023 0.026 0.078 0.024 0.141 0.016 0.016 0.017 0.069 0.017 1    
60:   0.011 0.019 0.009 0.011 0.653 0.011 0.017 0.042 0.040 0.022 0.046 0.029 0.032 0.020 0.006 0.023 0.010 1    
61:   0.025 0.010 0.016 0.008 0.365 0.056 0.009 0.029 0.028 0.013 0.230 0.058 0.007 0.059 0.014 0.052 0.021 1    
62:   0.019 0.016 0.026 0.009 0.418 0.022 0.038 0.034 0.046 0.009 0.124 0.083 0.012 0.094 0.012 0.027 0.013 1    
63:   0.008 0.009 0.020 0.009 0.231 0.022 0.019 0.015 0.043 0.015 0.127 0.043 0.010 0.368 0.017 0.030 0.012 1    
64:   0.006 0.008 0.016 0.007 0.225 0.025 0.044 0.043 0.048 0.019 0.107 0.049 0.011 0.306 0.030 0.043 0.013 1    
65:   0.009 0.023 0.009 0.007 0.411 0.019 0.010 0.030 0.018 0.016 0.159 0.026 0.010 0.210 0.011 0.018 0.015 1    
66:   0.024 0.016 0.024 0.164 0.023 0.011 0.008 0.047 0.058 0.008 0.077 0.117 0.018 0.321 0.017 0.062 0.004 1    
67:   0.026 0.008 0.011 0.019 0.036 0.009 0.004 0.016 0.026 0.011 0.023 0.031 0.032 0.702 0.012 0.029 0.004 1    
68:   0.084 0.050 0.019 0.051 0.017 0.033 0.022 0.030 0.058 0.010 0.200 0.298 0.013 0.070 0.021 0.017 0.008 1    
69:   0.013 0.014 0.028 0.018 0.040 0.012 0.010 0.059 0.056 0.015 0.057 0.087 0.022 0.508 0.039 0.015 0.006 1    
70:   0.010 0.013 0.007 0.068 0.390 0.011 0.010 0.020 0.051 0.013 0.045 0.107 0.015 0.151 0.007 0.076 0.006 1    
71:   0.012 0.008 0.009 0.022 0.021 0.007 0.005 0.022 0.017 0.017 0.011 0.029 0.025 0.723 0.020 0.045 0.006 1    
72:   0.005 0.010 0.010 0.094 0.058 0.018 0.007 0.016 0.060 0.014 0.008 0.050 0.024 0.590 0.011 0.020 0.008 1    
73:   0.020 0.008 0.011 0.037 0.021 0.011 0.005 0.023 0.022 0.020 0.016 0.029 0.021 0.694 0.026 0.030 0.007 1    
74:   0.009 0.018 0.007 0.077 0.023 0.017 0.014 0.247 0.090 0.013 0.041 0.169 0.014 0.138 0.010 0.106 0.005 1    
75:   0.007 0.013 0.028 0.005 0.019 0.011 0.010 0.046 0.024 0.008 0.012 0.020 0.724 0.047 0.006 0.009 0.011 1    
76:   0.007 0.043 0.019 0.011 0.012 0.016 0.020 0.029 0.022 0.007 0.015 0.032 0.681 0.024 0.019 0.011 0.032 1    
77:   0.007 0.032 0.077 0.013 0.045 0.033 0.017 0.033 0.078 0.032 0.037 0.163 0.190 0.104 0.013 0.019 0.108 1    
78:   0.015 0.006 0.008 0.008 0.016 0.662 0.010 0.045 0.022 0.022 0.023 0.056 0.036 0.020 0.007 0.031 0.011 1    
79:   0.009 0.029 0.091 0.010 0.050 0.025 0.022 0.074 0.048 0.010 0.089 0.153 0.066 0.034 0.057 0.008 0.227 1    
80:   0.009 0.016 0.009 0.004 0.096 0.037 0.007 0.083 0.118 0.008 0.114 0.200 0.127 0.081 0.014 0.018 0.059 1    
81:   0.004 0.007 0.006 0.010 0.147 0.211 0.004 0.029 0.018 0.014 0.031 0.048 0.025 0.404 0.018 0.014 0.010 1    
82:   0.021 0.045 0.013 0.016 0.221 0.008 0.007 0.013 0.183 0.011 0.042 0.124 0.019 0.039 0.176 0.036 0.026 1    
83:   0.005 0.008 0.009 0.020 0.394 0.014 0.005 0.030 0.058 0.022 0.027 0.059 0.016 0.153 0.053 0.109 0.019 1    
84:   0.004 0.011 0.006 0.008 0.423 0.184 0.017 0.006 0.036 0.010 0.023 0.049 0.016 0.123 0.033 0.016 0.033 1    
85:   0.011 0.018 0.006 0.008 0.022 0.491 0.028 0.017 0.050 0.017 0.074 0.082 0.025 0.078 0.014 0.016 0.044 1    
86:   0.004 0.011 0.010 0.024 0.306 0.014 0.004 0.021 0.043 0.023 0.028 0.057 0.011 0.249 0.047 0.133 0.015 1    
87:   0.006 0.009 0.017 0.004 0.005 0.026 0.014 0.011 0.016 0.007 0.034 0.010 0.006 0.026 0.789 0.011 0.009 1    
88:   0.006 0.014 0.054 0.005 0.007 0.014 0.011 0.024 0.031 0.017 0.024 0.016 0.011 0.028 0.717 0.008 0.013 1    
89:   0.016 0.032 0.030 0.007 0.005 0.065 0.015 0.031 0.026 0.010 0.296 0.044 0.018 0.037 0.317 0.018 0.033 1    
90:   0.017 0.029 0.020 0.006 0.148 0.027 0.017 0.006 0.032 0.011 0.052 0.034 0.015 0.148 0.413 0.012 0.014 1    
91:   0.030 0.008 0.034 0.015 0.007 0.012 0.029 0.357 0.033 0.013 0.030 0.293 0.011 0.054 0.035 0.008 0.031 1    
92:   0.035 0.005 0.006 0.013 0.005 0.014 0.057 0.452 0.046 0.012 0.029 0.240 0.007 0.036 0.024 0.011 0.007 1    
93:   0.007 0.025 0.069 0.012 0.010 0.007 0.016 0.681 0.021 0.009 0.008 0.072 0.009 0.009 0.019 0.006 0.020 1    
94:   0.022 0.014 0.007 0.018 0.008 0.015 0.157 0.196 0.034 0.054 0.053 0.282 0.007 0.080 0.026 0.006 0.019 1    
95:   0.031 0.026 0.009 0.027 0.006 0.028 0.022 0.291 0.068 0.038 0.041 0.231 0.015 0.131 0.012 0.007 0.017 1    
96:   0.029 0.434 0.013 0.039 0.011 0.009 0.023 0.163 0.023 0.073 0.015 0.101 0.012 0.028 0.011 0.007 0.008 1    
97:   0.146 0.009 0.009 0.016 0.240 0.009 0.011 0.013 0.025 0.014 0.057 0.073 0.046 0.019 0.139 0.009 0.166 1    
98:   0.133 0.010 0.021 0.024 0.140 0.017 0.016 0.021 0.053 0.024 0.055 0.106 0.029 0.101 0.216 0.010 0.024 1    
99:   0.291 0.012 0.007 0.017 0.083 0.013 0.007 0.008 0.073 0.010 0.070 0.139 0.021 0.083 0.141 0.014 0.012 1    
100:  0.074 0.016 0.011 0.005 0.157 0.017 0.011 0.096 0.103 0.019 0.015 0.073 0.026 0.053 0.071 0.014 0.238 1    
101:  0.075 0.012 0.011 0.014 0.013 0.014 0.010 0.008 0.017 0.020 0.012 0.018 0.010 0.007 0.743 0.009 0.010 1    
102:  0.011 0.009 0.042 0.004 0.019 0.011 0.039 0.066 0.023 0.022 0.016 0.031 0.019 0.025 0.631 0.015 0.016 1    
103:  0.012 0.013 0.011 0.007 0.033 0.007 0.011 0.015 0.007 0.006 0.013 0.018 0.010 0.013 0.802 0.011 0.013 1    
104:  0.008 0.018 0.009 0.012 0.156 0.019 0.015 0.075 0.016 0.155 0.013 0.119 0.243 0.087 0.005 0.042 0.009 1    
105:  0.006 0.010 0.009 0.061 0.039 0.384 0.006 0.019 0.014 0.100 0.008 0.040 0.118 0.119 0.005 0.040 0.023 1    
106:  0.004 0.011 0.005 0.011 0.655 0.022 0.010 0.010 0.016 0.083 0.010 0.015 0.044 0.042 0.033 0.019 0.010 1    
107:  0.006 0.011 0.008 0.025 0.546 0.219 0.006 0.012 0.014 0.021 0.008 0.017 0.062 0.017 0.007 0.015 0.006 1    
108:  0.006 0.021 0.010 0.006 0.531 0.059 0.021 0.016 0.021 0.072 0.009 0.046 0.078 0.037 0.026 0.029 0.011 1    
109:  0.006 0.015 0.008 0.008 0.536 0.240 0.006 0.013 0.019 0.029 0.009 0.015 0.018 0.039 0.013 0.015 0.011 1    
110:  0.011 0.081 0.009 0.009 0.151 0.061 0.012 0.013 0.025 0.100 0.009 0.046 0.424 0.010 0.006 0.012 0.021 1    
111:  0.009 0.020 0.010 0.012 0.400 0.334 0.012 0.010 0.024 0.038 0.007 0.024 0.032 0.025 0.011 0.016 0.016 1    
112:  0.008 0.124 0.009 0.010 0.304 0.050 0.020 0.039 0.014 0.144 0.010 0.036 0.171 0.013 0.005 0.032 0.011 1    
113:  0.014 0.007 0.014 0.005 0.265 0.071 0.424 0.008 0.016 0.034 0.011 0.042 0.021 0.037 0.012 0.013 0.006 1    
114:  0.026 0.007 0.004 0.017 0.814 0.005 0.007 0.006 0.010 0.023 0.017 0.020 0.009 0.008 0.008 0.010 0.009 1    
115:  0.008 0.018 0.014 0.011 0.176 0.029 0.110 0.042 0.102 0.013 0.202 0.126 0.087 0.020 0.009 0.027 0.004 1    
116:  0.015 0.019 0.006 0.042 0.778 0.007 0.012 0.011 0.019 0.009 0.020 0.026 0.012 0.006 0.008 0.005 0.005 1    
117:  0.011 0.014 0.008 0.009 0.023 0.041 0.436 0.068 0.082 0.018 0.065 0.083 0.082 0.032 0.009 0.013 0.007 1    
118:  0.009 0.004 0.005 0.008 0.882 0.006 0.012 0.005 0.006 0.008 0.007 0.008 0.017 0.007 0.005 0.007 0.006 1    
119:  0.005 0.006 0.010 0.004 0.688 0.019 0.093 0.007 0.012 0.052 0.011 0.027 0.023 0.009 0.010 0.015 0.009 1    
120:  0.052 0.022 0.006 0.008 0.782 0.013 0.006 0.007 0.008 0.009 0.022 0.015 0.021 0.004 0.007 0.008 0.008 1    
121:  0.020 0.006 0.008 0.005 0.199 0.045 0.523 0.011 0.013 0.041 0.019 0.033 0.013 0.033 0.009 0.015 0.008 1    
122:  0.014 0.005 0.004 0.009 0.883 0.005 0.013 0.005 0.005 0.007 0.007 0.008 0.012 0.006 0.005 0.006 0.006 1    
123:  0.019 0.007 0.006 0.011 0.211 0.010 0.381 0.024 0.051 0.016 0.066 0.067 0.093 0.013 0.005 0.012 0.007 1    
124:  0.008 0.007 0.006 0.009 0.858 0.008 0.019 0.004 0.007 0.014 0.006 0.008 0.020 0.005 0.011 0.006 0.006 1    
125:  0.014 0.010 0.016 0.004 0.498 0.160 0.031 0.008 0.021 0.023 0.088 0.062 0.015 0.010 0.014 0.014 0.012 1    
126:  0.034 0.006 0.005 0.165 0.616 0.005 0.014 0.019 0.013 0.021 0.027 0.025 0.011 0.008 0.008 0.010 0.011 1    
127:  0.099 0.014 0.005 0.009 0.736 0.011 0.007 0.010 0.010 0.018 0.013 0.013 0.021 0.007 0.007 0.011 0.011 1    
128:  0.014 0.009 0.005 0.006 0.838 0.008 0.011 0.007 0.011 0.011 0.008 0.012 0.035 0.007 0.006 0.006 0.004 1    
129:  0.008 0.023 0.550 0.075 0.027 0.019 0.012 0.152 0.011 0.018 0.013 0.027 0.006 0.024 0.009 0.017 0.010 1    
130:  0.004 0.010 0.094 0.032 0.043 0.016 0.010 0.134 0.034 0.012 0.075 0.071 0.010 0.168 0.062 0.205 0.020 1    
131:  0.004 0.005 0.782 0.009 0.023 0.009 0.010 0.012 0.017 0.010 0.012 0.014 0.003 0.052 0.018 0.008 0.011 1    
132:  0.010 0.021 0.730 0.019 0.015 0.014 0.010 0.082 0.015 0.020 0.005 0.016 0.006 0.007 0.010 0.010 0.011 1    
133:  0.005 0.005 0.771 0.010 0.030 0.012 0.008 0.010 0.015 0.019 0.008 0.016 0.004 0.045 0.024 0.005 0.013 1    
134:  0.010 0.022 0.745 0.015 0.010 0.010 0.009 0.074 0.008 0.026 0.006 0.019 0.005 0.010 0.007 0.013 0.011 1    
135:  0.005 0.007 0.382 0.021 0.094 0.017 0.009 0.017 0.142 0.016 0.114 0.047 0.005 0.056 0.017 0.041 0.011 1    
136:  0.005 0.006 0.014 0.005 0.011 0.005 0.007 0.004 0.007 0.004 0.006 0.005 0.004 0.006 0.901 0.005 0.005 1    
137:  0.004 0.004 0.008 0.005 0.017 0.004 0.006 0.004 0.010 0.004 0.007 0.006 0.005 0.007 0.899 0.006 0.005 1    
138:  0.016 0.017 0.024 0.057 0.009 0.012 0.018 0.008 0.022 0.007 0.068 0.019 0.006 0.021 0.671 0.006 0.016 1    
139:  0.011 0.010 0.028 0.015 0.016 0.016 0.013 0.009 0.026 0.006 0.019 0.013 0.008 0.014 0.778 0.006 0.013 1    
140:  0.006 0.004 0.013 0.010 0.017 0.005 0.010 0.004 0.014 0.003 0.014 0.006 0.005 0.007 0.870 0.008 0.004 1    
141:  0.015 0.010 0.015 0.029 0.011 0.016 0.014 0.006 0.026 0.006 0.325 0.048 0.015 0.018 0.379 0.044 0.022 1    
142:  0.005 0.006 0.009 0.007 0.015 0.005 0.006 0.003 0.008 0.004 0.009 0.007 0.006 0.008 0.894 0.005 0.004 1    
143:  0.005 0.005 0.006 0.005 0.006 0.004 0.005 0.004 0.004 0.003 0.004 0.004 0.003 0.005 0.927 0.004 0.005 1    
144:  0.005 0.004 0.007 0.011 0.011 0.005 0.004 0.004 0.005 0.004 0.006 0.005 0.003 0.007 0.910 0.004 0.004 1    
145:  0.005 0.007 0.008 0.006 0.009 0.004 0.004 0.006 0.011 0.004 0.007 0.009 0.007 0.016 0.853 0.013 0.031 1    
146:  0.021 0.009 0.032 0.019 0.076 0.010 0.010 0.009 0.021 0.007 0.019 0.023 0.013 0.135 0.527 0.047 0.024 1    
147:  0.004 0.009 0.017 0.005 0.758 0.017 0.008 0.014 0.026 0.027 0.008 0.031 0.011 0.022 0.020 0.010 0.012 1    
148:  0.014 0.018 0.005 0.004 0.841 0.010 0.008 0.004 0.015 0.006 0.006 0.013 0.006 0.008 0.029 0.005 0.007 1    
149:  0.030 0.018 0.005 0.006 0.759 0.011 0.027 0.007 0.014 0.006 0.005 0.025 0.011 0.005 0.047 0.015 0.008 1    
150:  0.006 0.004 0.007 0.003 0.921 0.004 0.011 0.004 0.005 0.007 0.005 0.005 0.004 0.005 0.004 0.003 0.004 1    
151:  0.005 0.005 0.011 0.004 0.901 0.006 0.006 0.005 0.007 0.005 0.004 0.007 0.006 0.011 0.005 0.004 0.006 1    
152:  0.008 0.008 0.009 0.005 0.697 0.063 0.006 0.018 0.023 0.047 0.006 0.043 0.017 0.015 0.013 0.012 0.011 1    
153:  0.004 0.005 0.007 0.005 0.900 0.008 0.012 0.006 0.008 0.005 0.004 0.008 0.006 0.007 0.006 0.005 0.006 1    
154:  0.011 0.010 0.010 0.005 0.850 0.025 0.018 0.007 0.009 0.006 0.006 0.009 0.006 0.007 0.008 0.007 0.007 1    
155:  0.006 0.007 0.006 0.008 0.844 0.007 0.015 0.012 0.013 0.009 0.006 0.013 0.009 0.010 0.013 0.017 0.006 1    
156:  0.003 0.006 0.004 0.007 0.003 0.004 0.003 0.920 0.005 0.004 0.005 0.005 0.009 0.004 0.003 0.010 0.004 1    
157:  0.028 0.016 0.013 0.012 0.009 0.014 0.008 0.704 0.009 0.006 0.038 0.022 0.016 0.074 0.007 0.007 0.017 1    
158:  0.007 0.010 0.004 0.010 0.008 0.016 0.009 0.829 0.006 0.006 0.010 0.012 0.043 0.012 0.004 0.009 0.005 1    
159:  0.006 0.007 0.006 0.021 0.003 0.005 0.008 0.871 0.007 0.004 0.018 0.009 0.006 0.007 0.006 0.007 0.009 1    
160:  0.004 0.007 0.004 0.006 0.004 0.004 0.003 0.925 0.006 0.004 0.004 0.004 0.008 0.004 0.003 0.006 0.004 1    
161:  0.005 0.007 0.005 0.005 0.005 0.004 0.003 0.922 0.005 0.005 0.003 0.006 0.005 0.005 0.004 0.006 0.005 1    
162:  0.003 0.005 0.004 0.004 0.004 0.005 0.005 0.924 0.005 0.006 0.006 0.005 0.005 0.004 0.003 0.008 0.004 1    
163:  0.010 0.006 0.006 0.017 0.009 0.023 0.013 0.830 0.008 0.012 0.016 0.010 0.009 0.008 0.005 0.006 0.012 1    
164:  0.005 0.010 0.005 0.012 0.003 0.005 0.005 0.894 0.007 0.003 0.011 0.006 0.010 0.005 0.005 0.006 0.007 1    
165:  0.008 0.006 0.005 0.012 0.009 0.007 0.006 0.819 0.024 0.007 0.009 0.012 0.015 0.018 0.009 0.012 0.020 1    
166:  0.002 0.005 0.005 0.004 0.005 0.004 0.003 0.899 0.007 0.007 0.004 0.007 0.007 0.008 0.008 0.016 0.008 1    
167:  0.014 0.006 0.010 0.299 0.011 0.030 0.007 0.276 0.028 0.067 0.050 0.029 0.005 0.020 0.011 0.103 0.035 1    
168:  0.005 0.005 0.005 0.004 0.005 0.009 0.005 0.889 0.010 0.008 0.006 0.008 0.005 0.006 0.011 0.007 0.010 1    
169:  0.007 0.007 0.007 0.017 0.007 0.009 0.004 0.837 0.011 0.010 0.013 0.018 0.008 0.011 0.009 0.017 0.008 1    
170:  0.017 0.014 0.010 0.012 0.012 0.015 0.005 0.753 0.025 0.010 0.010 0.026 0.025 0.015 0.019 0.013 0.020 1    
171:  0.004 0.007 0.006 0.005 0.007 0.005 0.005 0.883 0.010 0.007 0.004 0.009 0.005 0.014 0.007 0.012 0.010 1    
172:  0.003 0.005 0.006 0.005 0.008 0.007 0.006 0.845 0.011 0.008 0.007 0.011 0.007 0.032 0.006 0.014 0.018 1    
173:  0.004 0.005 0.006 0.009 0.004 0.006 0.007 0.881 0.007 0.007 0.008 0.007 0.011 0.008 0.007 0.020 0.003 1    
174:  0.006 0.013 0.009 0.015 0.005 0.011 0.017 0.789 0.012 0.006 0.012 0.016 0.010 0.007 0.016 0.049 0.006 1    
175:  0.005 0.012 0.009 0.014 0.006 0.007 0.012 0.856 0.011 0.006 0.007 0.010 0.013 0.006 0.008 0.012 0.006 1    
176:  0.004 0.005 0.008 0.010 0.004 0.006 0.007 0.883 0.007 0.004 0.009 0.010 0.007 0.009 0.006 0.017 0.004 1    
177:  0.005 0.004 0.007 0.022 0.004 0.006 0.011 0.875 0.007 0.004 0.012 0.008 0.003 0.005 0.005 0.010 0.011 1    
178:  0.004 0.065 0.007 0.008 0.006 0.010 0.008 0.744 0.012 0.009 0.006 0.018 0.012 0.009 0.006 0.031 0.044 1    
179:  0.014 0.038 0.055 0.008 0.465 0.018 0.008 0.007 0.071 0.008 0.035 0.033 0.007 0.116 0.047 0.044 0.026 1    
180:  0.009 0.022 0.026 0.005 0.838 0.007 0.010 0.006 0.012 0.007 0.010 0.009 0.005 0.006 0.013 0.006 0.010 1    
181:  0.004 0.009 0.016 0.004 0.890 0.006 0.005 0.005 0.008 0.004 0.007 0.009 0.004 0.009 0.005 0.004 0.009 1    
182:  0.007 0.008 0.021 0.006 0.877 0.007 0.007 0.010 0.008 0.006 0.009 0.006 0.004 0.009 0.004 0.004 0.009 1    
183:  0.010 0.028 0.019 0.003 0.702 0.014 0.009 0.012 0.053 0.009 0.021 0.021 0.006 0.047 0.010 0.018 0.020 1    
184:  0.007 0.008 0.017 0.006 0.869 0.006 0.006 0.004 0.009 0.007 0.007 0.009 0.006 0.007 0.008 0.008 0.016 1    
185:  0.004 0.008 0.016 0.004 0.898 0.005 0.004 0.007 0.005 0.005 0.007 0.006 0.004 0.009 0.006 0.005 0.007 1    
186:  0.010 0.009 0.065 0.007 0.777 0.010 0.011 0.005 0.015 0.006 0.013 0.011 0.004 0.016 0.012 0.009 0.019 1    
187:  0.006 0.017 0.010 0.005 0.810 0.006 0.009 0.035 0.017 0.008 0.006 0.011 0.009 0.022 0.014 0.009 0.007 1    
188:  0.013 0.733 0.011 0.004 0.008 0.008 0.020 0.106 0.008 0.012 0.013 0.013 0.006 0.011 0.012 0.014 0.008 1    
189:  0.047 0.090 0.009 0.059 0.017 0.019 0.204 0.208 0.016 0.009 0.018 0.085 0.027 0.082 0.051 0.026 0.032 1    
190:  0.090 0.057 0.014 0.035 0.024 0.056 0.092 0.135 0.035 0.016 0.019 0.080 0.054 0.112 0.122 0.023 0.038 1    
191:  0.012 0.632 0.027 0.039 0.014 0.026 0.023 0.077 0.015 0.015 0.014 0.025 0.013 0.013 0.021 0.026 0.009 1    
192:  0.011 0.706 0.013 0.012 0.012 0.053 0.022 0.032 0.010 0.011 0.008 0.024 0.027 0.021 0.018 0.008 0.012 1    
193:  0.007 0.208 0.017 0.086 0.009 0.030 0.216 0.118 0.020 0.008 0.008 0.041 0.030 0.060 0.044 0.068 0.029 1    
194:  0.067 0.333 0.016 0.075 0.018 0.044 0.099 0.085 0.020 0.033 0.019 0.059 0.010 0.035 0.020 0.057 0.010 1    
195:  0.019 0.131 0.018 0.009 0.021 0.007 0.011 0.479 0.014 0.011 0.020 0.053 0.014 0.011 0.106 0.068 0.008 1    
196:  0.012 0.025 0.009 0.188 0.020 0.027 0.149 0.074 0.018 0.017 0.014 0.069 0.050 0.026 0.133 0.153 0.017 1    
197:  0.012 0.675 0.026 0.022 0.004 0.087 0.007 0.024 0.022 0.012 0.017 0.013 0.008 0.011 0.020 0.031 0.009 1    
198:  0.006 0.027 0.013 0.012 0.008 0.639 0.010 0.010 0.024 0.007 0.035 0.118 0.008 0.021 0.035 0.016 0.013 1    
199:  0.025 0.613 0.009 0.036 0.100 0.041 0.012 0.009 0.027 0.009 0.015 0.026 0.014 0.028 0.023 0.006 0.008 1    
200:  0.007 0.066 0.006 0.023 0.053 0.313 0.017 0.009 0.035 0.006 0.041 0.263 0.011 0.094 0.024 0.010 0.023 1    
201:  0.027 0.313 0.012 0.135 0.103 0.040 0.008 0.009 0.027 0.008 0.065 0.058 0.019 0.017 0.136 0.009 0.018 1    
202:  0.007 0.539 0.008 0.008 0.010 0.248 0.036 0.007 0.013 0.007 0.032 0.018 0.005 0.016 0.022 0.006 0.017 1    
203:  0.013 0.820 0.012 0.018 0.009 0.034 0.009 0.005 0.005 0.009 0.019 0.018 0.004 0.006 0.007 0.006 0.008 1    
204:  0.008 0.098 0.012 0.016 0.005 0.507 0.014 0.026 0.009 0.007 0.189 0.050 0.009 0.008 0.017 0.011 0.013 1    
205:  0.013 0.806 0.009 0.006 0.005 0.066 0.011 0.007 0.014 0.013 0.007 0.010 0.004 0.006 0.008 0.008 0.007 1    
206:  0.005 0.299 0.009 0.009 0.006 0.414 0.031 0.007 0.019 0.006 0.035 0.088 0.006 0.024 0.022 0.011 0.009 1    
207:  0.020 0.579 0.007 0.052 0.007 0.214 0.004 0.006 0.007 0.009 0.030 0.011 0.008 0.007 0.023 0.006 0.009 1    
208:  0.010 0.393 0.007 0.010 0.040 0.063 0.040 0.018 0.042 0.019 0.055 0.078 0.009 0.080 0.099 0.018 0.019 1    
209:  0.015 0.754 0.006 0.031 0.045 0.025 0.007 0.008 0.017 0.005 0.017 0.016 0.014 0.015 0.013 0.006 0.004 1    
210:  0.018 0.036 0.006 0.005 0.010 0.115 0.069 0.006 0.071 0.019 0.016 0.034 0.011 0.034 0.013 0.015 0.522 1    
211:  0.170 0.077 0.154 0.065 0.012 0.022 0.035 0.024 0.021 0.019 0.009 0.037 0.005 0.009 0.007 0.010 0.326 1    
212:  0.005 0.877 0.007 0.023 0.006 0.005 0.005 0.008 0.007 0.005 0.007 0.007 0.010 0.005 0.007 0.010 0.007 1    
213:  0.006 0.887 0.009 0.006 0.009 0.008 0.007 0.006 0.010 0.012 0.006 0.007 0.003 0.007 0.005 0.004 0.008 1    
214:  0.008 0.783 0.030 0.026 0.014 0.005 0.014 0.011 0.036 0.012 0.009 0.012 0.004 0.006 0.006 0.008 0.016 1    
215:  0.008 0.829 0.011 0.032 0.009 0.005 0.008 0.006 0.022 0.018 0.009 0.013 0.004 0.005 0.008 0.007 0.006 1    
216:  0.009 0.820 0.006 0.018 0.010 0.008 0.006 0.010 0.014 0.009 0.031 0.012 0.004 0.007 0.012 0.007 0.015 1    
217:  0.004 0.869 0.007 0.011 0.005 0.010 0.007 0.013 0.010 0.004 0.012 0.009 0.005 0.012 0.006 0.005 0.013 1    
218:  0.003 0.855 0.013 0.012 0.007 0.005 0.010 0.012 0.025 0.005 0.013 0.009 0.004 0.007 0.006 0.005 0.011 1    
219:  0.008 0.786 0.014 0.065 0.015 0.004 0.009 0.009 0.023 0.014 0.008 0.014 0.004 0.006 0.006 0.005 0.009 1    
220:  0.095 0.261 0.008 0.030 0.022 0.217 0.075 0.012 0.056 0.022 0.070 0.076 0.014 0.013 0.004 0.017 0.008 1    
221:  0.005 0.063 0.032 0.017 0.014 0.706 0.061 0.006 0.014 0.018 0.006 0.010 0.007 0.007 0.012 0.016 0.007 1    
222:  0.012 0.243 0.012 0.030 0.019 0.431 0.033 0.023 0.016 0.024 0.023 0.049 0.020 0.008 0.013 0.037 0.008 1    
223:  0.019 0.225 0.023 0.015 0.022 0.402 0.025 0.042 0.029 0.016 0.013 0.074 0.028 0.007 0.015 0.034 0.011 1    
224:  0.010 0.010 0.051 0.013 0.012 0.706 0.005 0.069 0.012 0.028 0.006 0.019 0.011 0.014 0.006 0.020 0.010 1    
225:  0.014 0.065 0.047 0.066 0.012 0.051 0.247 0.119 0.091 0.023 0.008 0.079 0.013 0.055 0.039 0.034 0.036 1    
226:  0.020 0.165 0.299 0.035 0.016 0.294 0.007 0.008 0.007 0.016 0.048 0.030 0.009 0.022 0.009 0.007 0.006 1    
227:  0.005 0.104 0.025 0.008 0.011 0.560 0.032 0.083 0.024 0.030 0.006 0.023 0.012 0.019 0.010 0.039 0.012 1    
228:  0.007 0.009 0.438 0.013 0.017 0.355 0.010 0.024 0.012 0.016 0.012 0.027 0.007 0.018 0.006 0.020 0.010 1    
229:  0.036 0.033 0.336 0.023 0.017 0.148 0.020 0.061 0.030 0.023 0.072 0.121 0.011 0.026 0.006 0.024 0.014 1    
230:  0.009 0.016 0.008 0.016 0.015 0.792 0.007 0.014 0.012 0.023 0.015 0.026 0.005 0.013 0.007 0.011 0.011 1    
231:  0.016 0.088 0.007 0.007 0.011 0.645 0.011 0.012 0.053 0.030 0.018 0.034 0.017 0.013 0.005 0.025 0.008 1    
232:  0.004 0.005 0.005 0.003 0.005 0.904 0.007 0.006 0.007 0.008 0.006 0.007 0.011 0.007 0.004 0.006 0.004 1    
233:  0.010 0.027 0.016 0.016 0.007 0.733 0.006 0.028 0.017 0.010 0.036 0.020 0.046 0.007 0.005 0.010 0.006 1    
234:  0.009 0.026 0.210 0.007 0.018 0.486 0.018 0.010 0.030 0.089 0.013 0.027 0.008 0.011 0.007 0.022 0.007 1    
235:  0.004 0.011 0.063 0.017 0.007 0.724 0.022 0.018 0.009 0.020 0.010 0.015 0.023 0.019 0.007 0.025 0.005 1    
236:  0.005 0.083 0.170 0.032 0.007 0.059 0.034 0.175 0.069 0.020 0.044 0.109 0.094 0.024 0.019 0.045 0.012 1    
237:  0.006 0.085 0.160 0.037 0.007 0.055 0.037 0.164 0.061 0.023 0.037 0.130 0.087 0.022 0.015 0.062 0.011 1    
238:  0.009 0.019 0.009 0.043 0.011 0.007 0.023 0.274 0.025 0.004 0.507 0.034 0.009 0.007 0.005 0.006 0.007 1    
239:  0.005 0.065 0.010 0.134 0.035 0.005 0.022 0.293 0.029 0.007 0.131 0.124 0.078 0.010 0.016 0.028 0.007 1    
240:  0.005 0.338 0.038 0.026 0.008 0.010 0.024 0.095 0.161 0.006 0.139 0.067 0.022 0.010 0.010 0.031 0.010 1    
241:  0.005 0.076 0.015 0.079 0.022 0.008 0.021 0.273 0.113 0.006 0.244 0.045 0.047 0.010 0.005 0.022 0.008 1    
242:  0.006 0.184 0.038 0.240 0.012 0.007 0.029 0.185 0.022 0.006 0.140 0.051 0.007 0.011 0.017 0.035 0.009 1    
243:  0.004 0.333 0.031 0.184 0.013 0.010 0.006 0.158 0.018 0.009 0.112 0.036 0.007 0.012 0.009 0.049 0.010 1    
244:  0.004 0.048 0.020 0.088 0.010 0.006 0.051 0.137 0.218 0.004 0.146 0.065 0.098 0.008 0.005 0.077 0.014 1    
245:  0.014 0.043 0.036 0.023 0.075 0.005 0.029 0.065 0.027 0.007 0.373 0.205 0.017 0.007 0.015 0.025 0.033 1    
246:  0.009 0.036 0.013 0.027 0.005 0.008 0.011 0.109 0.028 0.004 0.681 0.024 0.018 0.007 0.005 0.008 0.009 1    
247:  0.005 0.362 0.030 0.006 0.007 0.006 0.283 0.227 0.010 0.005 0.005 0.012 0.010 0.009 0.006 0.011 0.006 1    
248:  0.017 0.096 0.007 0.005 0.012 0.008 0.737 0.007 0.022 0.011 0.012 0.015 0.006 0.013 0.007 0.017 0.007 1    
249:  0.021 0.085 0.015 0.005 0.006 0.015 0.705 0.010 0.026 0.016 0.013 0.017 0.016 0.011 0.011 0.018 0.008 1    
250:  0.006 0.272 0.022 0.004 0.013 0.027 0.458 0.017 0.063 0.012 0.013 0.022 0.010 0.010 0.010 0.033 0.008 1    
251:  0.006 0.118 0.027 0.003 0.009 0.008 0.629 0.025 0.024 0.026 0.015 0.019 0.040 0.012 0.011 0.019 0.008 1    
252:  0.009 0.035 0.017 0.004 0.007 0.028 0.820 0.004 0.010 0.010 0.010 0.013 0.006 0.006 0.005 0.012 0.006 1    
253:  0.007 0.456 0.109 0.010 0.014 0.014 0.193 0.129 0.012 0.007 0.004 0.015 0.005 0.008 0.004 0.009 0.005 1    
254:  0.009 0.071 0.037 0.004 0.007 0.025 0.732 0.012 0.018 0.009 0.007 0.017 0.010 0.011 0.008 0.018 0.005 1    
255:  0.008 0.404 0.096 0.004 0.022 0.009 0.220 0.045 0.025 0.031 0.009 0.029 0.043 0.028 0.006 0.013 0.009 1    
256:  0.003 0.876 0.008 0.006 0.008 0.005 0.005 0.023 0.010 0.004 0.008 0.008 0.012 0.008 0.004 0.007 0.005 1    
257:  0.004 0.570 0.013 0.010 0.022 0.010 0.012 0.034 0.041 0.008 0.018 0.020 0.119 0.015 0.005 0.037 0.063 1    
258:  0.009 0.885 0.011 0.007 0.005 0.004 0.003 0.006 0.006 0.006 0.010 0.008 0.005 0.005 0.005 0.004 0.019 1    
259:  0.004 0.858 0.010 0.008 0.008 0.007 0.007 0.008 0.008 0.006 0.010 0.009 0.014 0.006 0.013 0.017 0.008 1    
260:  0.004 0.921 0.005 0.004 0.004 0.006 0.004 0.007 0.005 0.004 0.005 0.005 0.007 0.005 0.004 0.005 0.006 1    
261:  0.008 0.811 0.016 0.009 0.008 0.008 0.030 0.007 0.010 0.007 0.008 0.023 0.006 0.005 0.009 0.006 0.029 1    
262:  0.009 0.838 0.014 0.013 0.009 0.006 0.004 0.009 0.009 0.012 0.019 0.013 0.006 0.005 0.006 0.010 0.018 1    
263:  0.004 0.914 0.008 0.003 0.006 0.004 0.006 0.006 0.005 0.005 0.005 0.007 0.005 0.004 0.005 0.004 0.008 1    
264:  0.007 0.913 0.007 0.004 0.004 0.005 0.004 0.005 0.006 0.006 0.007 0.006 0.005 0.004 0.005 0.004 0.007 1    
265:  0.004 0.836 0.014 0.004 0.010 0.006 0.010 0.010 0.014 0.007 0.014 0.017 0.008 0.011 0.005 0.009 0.023 1    
266:  0.004 0.880 0.026 0.005 0.006 0.004 0.005 0.006 0.005 0.006 0.009 0.008 0.008 0.005 0.009 0.005 0.009 1    
267:  0.004 0.886 0.010 0.003 0.004 0.004 0.005 0.006 0.013 0.004 0.008 0.009 0.006 0.006 0.003 0.009 0.020 1    
268:  0.003 0.911 0.010 0.004 0.004 0.004 0.007 0.008 0.008 0.003 0.004 0.005 0.007 0.004 0.007 0.007 0.004 1    
269:  0.004 0.844 0.011 0.004 0.011 0.005 0.006 0.012 0.012 0.009 0.014 0.012 0.009 0.007 0.003 0.008 0.029 1    
270:  0.004 0.874 0.007 0.007 0.006 0.007 0.009 0.008 0.006 0.005 0.007 0.008 0.011 0.007 0.016 0.013 0.005 1    
271:  0.013 0.469 0.025 0.016 0.008 0.016 0.010 0.007 0.016 0.014 0.279 0.036 0.016 0.007 0.021 0.023 0.024 1    
272:  0.006 0.885 0.007 0.004 0.008 0.006 0.004 0.014 0.007 0.007 0.005 0.007 0.017 0.004 0.006 0.007 0.006 1    
273:  0.020 0.041 0.021 0.244 0.035 0.052 0.012 0.070 0.096 0.014 0.026 0.126 0.015 0.033 0.097 0.032 0.063 1    
274:  0.004 0.832 0.004 0.004 0.008 0.006 0.006 0.009 0.011 0.006 0.007 0.007 0.065 0.005 0.007 0.011 0.006 1    
275:  0.029 0.042 0.007 0.010 0.008 0.015 0.008 0.034 0.013 0.007 0.033 0.058 0.042 0.008 0.019 0.017 0.650 1    
276:  0.006 0.831 0.006 0.007 0.011 0.008 0.015 0.005 0.011 0.007 0.009 0.011 0.028 0.005 0.010 0.020 0.010 1    
277:  0.015 0.014 0.014 0.016 0.027 0.013 0.012 0.058 0.020 0.016 0.223 0.066 0.033 0.014 0.050 0.045 0.367 1    
278:  0.006 0.883 0.010 0.003 0.008 0.007 0.006 0.009 0.010 0.004 0.007 0.007 0.008 0.006 0.009 0.007 0.011 1    
279:  0.015 0.019 0.014 0.017 0.028 0.078 0.009 0.060 0.058 0.022 0.051 0.117 0.035 0.022 0.057 0.089 0.308 1    
280:  0.006 0.867 0.009 0.005 0.008 0.009 0.008 0.009 0.010 0.005 0.007 0.008 0.010 0.006 0.009 0.011 0.014 1    
281:  0.014 0.054 0.018 0.024 0.024 0.070 0.017 0.087 0.212 0.023 0.023 0.088 0.081 0.019 0.044 0.091 0.112 1    
282:  0.004 0.882 0.010 0.005 0.010 0.006 0.005 0.014 0.008 0.006 0.006 0.007 0.011 0.006 0.005 0.006 0.009 1    
283:  0.005 0.813 0.006 0.004 0.015 0.007 0.010 0.006 0.011 0.008 0.008 0.010 0.060 0.005 0.008 0.015 0.011 1    
284:  0.021 0.704 0.011 0.015 0.016 0.013 0.007 0.008 0.016 0.011 0.017 0.027 0.010 0.007 0.040 0.021 0.054 1    
285:  0.019 0.829 0.015 0.011 0.014 0.016 0.008 0.008 0.009 0.005 0.009 0.014 0.006 0.008 0.016 0.004 0.008 1    
286:  0.028 0.753 0.008 0.009 0.019 0.010 0.037 0.012 0.018 0.007 0.030 0.011 0.019 0.009 0.008 0.014 0.008 1    
287:  0.133 0.676 0.011 0.016 0.010 0.006 0.011 0.006 0.011 0.012 0.015 0.019 0.013 0.005 0.040 0.010 0.005 1    
288:  0.075 0.750 0.009 0.024 0.012 0.025 0.010 0.008 0.012 0.011 0.008 0.010 0.010 0.009 0.012 0.008 0.007 1    
289:  0.088 0.719 0.011 0.010 0.025 0.015 0.006 0.007 0.011 0.013 0.008 0.013 0.010 0.011 0.035 0.007 0.013 1    
290:  0.265 0.568 0.007 0.009 0.012 0.008 0.013 0.008 0.009 0.022 0.008 0.020 0.015 0.007 0.013 0.009 0.005 1    
291:  0.037 0.725 0.008 0.008 0.023 0.010 0.062 0.012 0.016 0.011 0.020 0.016 0.020 0.009 0.007 0.012 0.005 1    
292:  0.101 0.762 0.006 0.009 0.016 0.021 0.009 0.006 0.009 0.010 0.005 0.009 0.008 0.006 0.012 0.004 0.005 1    
293:  0.008 0.008 0.011 0.078 0.005 0.013 0.016 0.007 0.010 0.032 0.087 0.026 0.007 0.008 0.009 0.010 0.666 1    
294:  0.006 0.006 0.010 0.065 0.006 0.021 0.006 0.007 0.013 0.006 0.260 0.022 0.004 0.009 0.007 0.007 0.544 1    
295:  0.015 0.009 0.039 0.221 0.022 0.012 0.012 0.008 0.030 0.193 0.025 0.046 0.006 0.016 0.019 0.009 0.318 1    
296:  0.007 0.009 0.029 0.223 0.021 0.049 0.040 0.008 0.057 0.044 0.035 0.061 0.004 0.013 0.026 0.010 0.365 1    
297:  0.007 0.008 0.120 0.044 0.009 0.009 0.054 0.008 0.028 0.048 0.019 0.044 0.008 0.010 0.013 0.011 0.560 1    
298:  0.048 0.007 0.039 0.067 0.020 0.009 0.035 0.005 0.022 0.104 0.014 0.021 0.008 0.007 0.016 0.009 0.566 1    
299:  0.006 0.007 0.012 0.015 0.013 0.037 0.008 0.008 0.013 0.007 0.081 0.015 0.006 0.009 0.007 0.007 0.748 1    
300:  0.008 0.006 0.025 0.083 0.009 0.011 0.037 0.006 0.013 0.137 0.009 0.013 0.009 0.010 0.013 0.009 0.603 1    
301:  0.012 0.023 0.009 0.013 0.008 0.013 0.005 0.007 0.006 0.006 0.022 0.007 0.830 0.006 0.006 0.014 0.013 1    
302:  0.082 0.438 0.007 0.021 0.012 0.071 0.014 0.009 0.043 0.018 0.075 0.048 0.112 0.007 0.022 0.009 0.011 1    
303:  0.110 0.025 0.023 0.086 0.059 0.039 0.006 0.012 0.030 0.022 0.068 0.051 0.258 0.007 0.010 0.171 0.023 1    
304:  0.029 0.705 0.007 0.011 0.010 0.050 0.027 0.009 0.025 0.009 0.014 0.035 0.018 0.012 0.012 0.011 0.016 1    
305:  0.011 0.010 0.006 0.005 0.007 0.030 0.007 0.009 0.019 0.007 0.022 0.012 0.824 0.005 0.004 0.017 0.005 1    
306:  0.010 0.730 0.007 0.005 0.006 0.011 0.014 0.013 0.074 0.007 0.010 0.028 0.047 0.011 0.008 0.009 0.011 1    
307:  0.017 0.131 0.025 0.038 0.026 0.027 0.005 0.022 0.021 0.022 0.043 0.055 0.461 0.011 0.008 0.063 0.026 1    
308:  0.008 0.691 0.041 0.006 0.008 0.072 0.009 0.014 0.031 0.017 0.007 0.014 0.011 0.009 0.005 0.038 0.019 1    
309:  0.005 0.008 0.004 0.004 0.004 0.008 0.006 0.012 0.012 0.008 0.007 0.006 0.890 0.005 0.004 0.009 0.005 1    
310:  0.029 0.810 0.007 0.007 0.008 0.025 0.010 0.006 0.011 0.006 0.009 0.011 0.023 0.014 0.006 0.007 0.012 1    
311:  0.007 0.010 0.006 0.008 0.009 0.019 0.008 0.006 0.012 0.007 0.046 0.015 0.820 0.005 0.006 0.010 0.007 1    
312:  0.006 0.095 0.008 0.007 0.011 0.049 0.034 0.024 0.547 0.023 0.014 0.062 0.038 0.015 0.007 0.049 0.012 1    
313:  0.045 0.055 0.009 0.015 0.029 0.089 0.028 0.010 0.070 0.009 0.022 0.064 0.469 0.011 0.009 0.052 0.013 1    
314:  0.009 0.738 0.008 0.010 0.009 0.023 0.016 0.014 0.040 0.014 0.033 0.031 0.017 0.012 0.007 0.011 0.007 1    
315:  0.010 0.030 0.017 0.017 0.036 0.020 0.010 0.015 0.266 0.024 0.025 0.127 0.291 0.008 0.010 0.082 0.012 1    
316:  0.096 0.247 0.024 0.019 0.015 0.254 0.025 0.014 0.063 0.022 0.032 0.068 0.036 0.020 0.011 0.036 0.018 1    
317:  0.015 0.053 0.011 0.022 0.012 0.023 0.008 0.013 0.016 0.010 0.010 0.018 0.728 0.009 0.007 0.028 0.016 1    
318:  0.009 0.010 0.005 0.008 0.009 0.800 0.007 0.012 0.009 0.037 0.012 0.019 0.012 0.010 0.016 0.012 0.012 1    
319:  0.008 0.006 0.011 0.007 0.021 0.838 0.009 0.006 0.009 0.014 0.011 0.011 0.019 0.007 0.008 0.009 0.008 1    
320:  0.007 0.005 0.007 0.006 0.006 0.867 0.010 0.005 0.010 0.008 0.011 0.012 0.010 0.008 0.012 0.010 0.006 1    
321:  0.003 0.007 0.007 0.005 0.004 0.884 0.005 0.008 0.008 0.005 0.012 0.008 0.005 0.007 0.010 0.009 0.014 1    
322:  0.004 0.005 0.006 0.005 0.004 0.914 0.005 0.006 0.005 0.006 0.006 0.005 0.005 0.006 0.006 0.006 0.006 1    
323:  0.005 0.009 0.005 0.004 0.005 0.881 0.007 0.008 0.006 0.009 0.008 0.007 0.005 0.006 0.018 0.006 0.009 1    
324:  0.006 0.012 0.009 0.007 0.005 0.862 0.022 0.004 0.012 0.005 0.014 0.008 0.007 0.006 0.009 0.005 0.006 1    
325:  0.006 0.018 0.006 0.005 0.006 0.833 0.017 0.008 0.006 0.010 0.010 0.009 0.007 0.013 0.026 0.007 0.011 1    
326:  0.029 0.035 0.017 0.007 0.020 0.760 0.005 0.009 0.023 0.012 0.020 0.028 0.007 0.007 0.008 0.006 0.008 1    
327:  0.056 0.035 0.026 0.005 0.036 0.677 0.009 0.019 0.015 0.021 0.026 0.032 0.007 0.013 0.010 0.009 0.005 1    
328:  0.089 0.015 0.026 0.029 0.007 0.009 0.111 0.035 0.037 0.025 0.328 0.123 0.014 0.011 0.072 0.024 0.045 1    
329:  0.019 0.053 0.024 0.013 0.012 0.008 0.032 0.034 0.061 0.024 0.209 0.068 0.007 0.007 0.020 0.026 0.384 1    
330:  0.008 0.023 0.016 0.009 0.062 0.021 0.193 0.008 0.060 0.023 0.443 0.051 0.004 0.014 0.014 0.010 0.042 1    
331:  0.010 0.011 0.016 0.027 0.010 0.020 0.038 0.020 0.046 0.018 0.470 0.122 0.007 0.011 0.023 0.024 0.128 1    
332:  0.005 0.168 0.018 0.004 0.040 0.108 0.104 0.009 0.032 0.029 0.298 0.031 0.007 0.011 0.011 0.015 0.107 1    
333:  0.013 0.036 0.037 0.016 0.034 0.012 0.070 0.060 0.061 0.027 0.093 0.128 0.008 0.015 0.166 0.021 0.202 1    
334:  0.007 0.009 0.134 0.007 0.015 0.028 0.010 0.049 0.046 0.010 0.143 0.097 0.068 0.027 0.019 0.324 0.008 1    
335:  0.011 0.152 0.023 0.024 0.007 0.012 0.013 0.073 0.073 0.006 0.050 0.420 0.043 0.015 0.011 0.055 0.011 1    
336:  0.028 0.143 0.361 0.008 0.011 0.040 0.008 0.016 0.007 0.006 0.126 0.174 0.013 0.008 0.019 0.028 0.004 1    
337:  0.026 0.036 0.033 0.010 0.039 0.016 0.017 0.191 0.048 0.011 0.029 0.206 0.018 0.027 0.027 0.255 0.011 1    
338:  0.007 0.110 0.078 0.005 0.015 0.009 0.007 0.519 0.064 0.007 0.018 0.039 0.021 0.023 0.021 0.050 0.006 1    
339:  0.009 0.427 0.104 0.005 0.023 0.014 0.006 0.014 0.023 0.004 0.089 0.096 0.142 0.008 0.015 0.017 0.005 1    
340:  0.006 0.780 0.022 0.003 0.010 0.024 0.009 0.014 0.015 0.006 0.014 0.030 0.032 0.010 0.011 0.007 0.007 1    
341:  0.013 0.006 0.007 0.008 0.011 0.051 0.013 0.026 0.047 0.019 0.116 0.072 0.015 0.032 0.013 0.538 0.012 1    
342:  0.033 0.023 0.007 0.008 0.010 0.021 0.054 0.009 0.034 0.015 0.063 0.069 0.015 0.024 0.027 0.115 0.471 1    
343:  0.006 0.030 0.007 0.004 0.005 0.015 0.009 0.007 0.088 0.008 0.128 0.131 0.005 0.442 0.008 0.017 0.089 1    
344:  0.019 0.007 0.007 0.019 0.010 0.022 0.012 0.016 0.031 0.015 0.078 0.072 0.016 0.134 0.022 0.481 0.039 1    
345:  0.020 0.065 0.008 0.005 0.015 0.055 0.010 0.014 0.071 0.023 0.126 0.140 0.032 0.012 0.011 0.248 0.145 1    
346:  0.007 0.015 0.007 0.025 0.008 0.013 0.018 0.009 0.013 0.006 0.781 0.013 0.008 0.013 0.006 0.040 0.019 1    
347:  0.004 0.009 0.009 0.008 0.012 0.024 0.023 0.020 0.045 0.008 0.617 0.055 0.039 0.014 0.010 0.042 0.061 1    
348:  0.007 0.016 0.006 0.025 0.013 0.017 0.010 0.006 0.020 0.012 0.798 0.019 0.015 0.008 0.007 0.012 0.009 1    
349:  0.009 0.017 0.009 0.030 0.020 0.010 0.106 0.028 0.027 0.008 0.600 0.039 0.014 0.020 0.013 0.025 0.025 1    
350:  0.004 0.005 0.008 0.007 0.010 0.008 0.007 0.007 0.008 0.004 0.879 0.008 0.010 0.010 0.006 0.010 0.010 1    
