        D174  1 0.0565 0.5374 0.0684 0.0318 0.0692 0.0641 0.0466 0.0266 0.0310 0.0684 
        D199  1 0.0279 0.1688 0.0886 0.0806 0.0619 0.0978 0.1051 0.0362 0.0651 0.2680 
        D203  1 0.0758 0.0930 0.1258 0.0356 0.2501 0.1255 0.0906 0.0320 0.0448 0.1268 
        D204  1 0.0782 0.0692 0.0211 0.0337 0.6506 0.0481 0.0230 0.0218 0.0249 0.0294 
     D237366  1 0.0713 0.0891 0.5237 0.0692 0.0208 0.0417 0.0429 0.0364 0.0343 0.0707 
     D237367  1 0.0693 0.0452 0.2117 0.0657 0.0359 0.1258 0.0288 0.0818 0.2247 0.1110 
     D237368  1 0.1725 0.1137 0.1926 0.0173 0.2103 0.0817 0.0201 0.0386 0.0627 0.0905 
     D244101  1 0.0763 0.1419 0.0569 0.1235 0.1141 0.2061 0.0363 0.0281 0.0209 0.1960 
     D244102  1 0.0299 0.0917 0.0337 0.5169 0.0329 0.1129 0.0340 0.0311 0.0521 0.0649 
     D244103  1 0.0316 0.0353 0.4592 0.0321 0.0561 0.0500 0.0470 0.0349 0.0859 0.1679 
     D244104  1 0.0246 0.0439 0.0227 0.0295 0.3955 0.0185 0.0237 0.3770 0.0329 0.0319 
     D244105  1 0.2567 0.0321 0.1355 0.0844 0.0166 0.0425 0.0245 0.1402 0.0246 0.2429 
     D244106  1 0.0250 0.3914 0.0199 0.1124 0.2935 0.0390 0.0513 0.0147 0.0094 0.0434 
     D244107  1 0.0150 0.0162 0.4104 0.0253 0.0167 0.1575 0.0246 0.0427 0.1730 0.1186 
     D244108  1 0.4573 0.1505 0.0237 0.0283 0.0381 0.1115 0.0986 0.0251 0.0171 0.0497 
     D244113  1 0.0238 0.5737 0.0342 0.0157 0.0221 0.1491 0.0713 0.0265 0.0301 0.0535 
     D244114  1 0.0315 0.1461 0.1358 0.2889 0.0193 0.0722 0.0333 0.0270 0.0122 0.2337 
     D244115  1 0.0474 0.1688 0.0218 0.1477 0.2958 0.0534 0.0406 0.0240 0.0245 0.1760 
     D267365  1 0.0373 0.1366 0.0413 0.5283 0.0336 0.0580 0.0443 0.0207 0.0395 0.0603 
        D404  1 0.0170 0.5972 0.0198 0.0194 0.1511 0.0324 0.0904 0.0210 0.0201 0.0317 
        D405  1 0.0120 0.1387 0.0305 0.1311 0.1013 0.1643 0.2447 0.0419 0.0410 0.0944 
        D406  1 0.9247 0.0108 0.0081 0.0101 0.0088 0.0079 0.0071 0.0073 0.0075 0.0078 
        D407  1 0.0215 0.0490 0.5361 0.0199 0.2465 0.0215 0.0203 0.0203 0.0158 0.0492 
        D408  1 0.0149 0.6290 0.0259 0.0253 0.1021 0.0327 0.0540 0.0555 0.0205 0.0400 
        D409  1 0.0400 0.0628 0.2457 0.0457 0.1473 0.0832 0.0479 0.0466 0.0314 0.2493 
        D410  1 0.0811 0.0981 0.0773 0.0257 0.0265 0.5689 0.0239 0.0253 0.0142 0.0591 
        D421  1 0.0106 0.0269 0.1532 0.0116 0.7012 0.0194 0.0098 0.0258 0.0106 0.0309 
        D422  1 0.0652 0.0185 0.5285 0.0253 0.0566 0.0557 0.0548 0.0158 0.0234 0.1562 
        D423  1 0.0572 0.0171 0.5473 0.0213 0.0176 0.2196 0.0144 0.0210 0.0323 0.0521 
        D424  1 0.0256 0.1652 0.0617 0.0844 0.4533 0.0186 0.0135 0.0262 0.0194 0.1319 
        D425  1 0.0212 0.1771 0.1001 0.1002 0.0327 0.1770 0.0301 0.1017 0.0206 0.2394 
        D426  1 0.0166 0.0662 0.3984 0.0231 0.0827 0.0217 0.0344 0.0587 0.0138 0.2843 
        D427  1 0.0083 0.0461 0.0448 0.0279 0.6750 0.0337 0.0430 0.0392 0.0144 0.0676 
        D428  1 0.0464 0.3384 0.1042 0.0861 0.2016 0.0526 0.0238 0.0320 0.0232 0.0919 
        D429  1 0.0158 0.0489 0.0152 0.5594 0.2937 0.0149 0.0117 0.0105 0.0099 0.0199 
        D430  1 0.0137 0.3233 0.0368 0.0635 0.1797 0.0432 0.0746 0.0486 0.0256 0.1910 
        D491  1 0.1378 0.4129 0.0531 0.0601 0.1239 0.0285 0.0197 0.0706 0.0411 0.0524 
        D492  1 0.1273 0.1689 0.1894 0.0625 0.2543 0.0418 0.0310 0.0150 0.0276 0.0822 
        D537  1 0.4268 0.0552 0.1144 0.0360 0.0976 0.0874 0.0204 0.0300 0.0317 0.1002 
        D538  1 0.1389 0.1556 0.1124 0.0150 0.1076 0.1533 0.0517 0.0249 0.1309 0.1097 
        D539  1 0.1689 0.0985 0.0169 0.2269 0.0568 0.0442 0.1849 0.0566 0.0532 0.0931 
        D540  1 0.0150 0.0989 0.2138 0.0375 0.0475 0.2383 0.0245 0.1490 0.0507 0.1248 
        D541  1 0.0108 0.0115 0.0118 0.0109 0.8995 0.0130 0.0095 0.0094 0.0125 0.0112 
        D551  1 0.0311 0.0432 0.2999 0.0880 0.0187 0.0221 0.0215 0.0223 0.0147 0.4385 
        D552  1 0.6179 0.0706 0.0164 0.0871 0.0403 0.0268 0.0195 0.0578 0.0210 0.0427 
        D553  1 0.0115 0.1114 0.0807 0.0279 0.5746 0.0323 0.0121 0.0400 0.0486 0.0609 
        D615  1 0.0250 0.0481 0.0232 0.0492 0.5824 0.0503 0.0845 0.0266 0.0463 0.0643 
        D616  1 0.0355 0.0190 0.0648 0.0320 0.6039 0.0468 0.0704 0.0204 0.0210 0.0862 
        D621  1 0.7657 0.0502 0.0155 0.0142 0.0169 0.0242 0.0350 0.0332 0.0199 0.0253 
        D622  1 0.8272 0.0228 0.0213 0.0197 0.0122 0.0225 0.0109 0.0260 0.0188 0.0185 
        D623  1 0.0423 0.3850 0.0413 0.0304 0.0267 0.2892 0.0808 0.0214 0.0148 0.0681 
        D624  1 0.0195 0.3130 0.0329 0.0285 0.2844 0.0318 0.0638 0.0669 0.0251 0.1341 
        D625  1 0.1105 0.0339 0.0217 0.0331 0.5852 0.0185 0.0257 0.0136 0.1232 0.0347 
        D626  1 0.0261 0.0492 0.0618 0.0390 0.0411 0.0242 0.0163 0.6448 0.0421 0.0556 
        D627  1 0.0379 0.0670 0.3191 0.0289 0.1806 0.0375 0.0373 0.0238 0.0397 0.2280 
        D690  1 0.0155 0.1469 0.0156 0.0310 0.6930 0.0142 0.0103 0.0172 0.0357 0.0206 
        D691  1 0.8398 0.0124 0.0216 0.0143 0.0304 0.0166 0.0169 0.0165 0.0157 0.0156 
        D710  1 0.0339 0.2071 0.2186 0.0409 0.0965 0.0676 0.0196 0.0988 0.0967 0.1202 
        D711  1 0.0255 0.0265 0.0154 0.0289 0.8120 0.0251 0.0244 0.0071 0.0172 0.0179 
        D712  1 0.0797 0.4491 0.0761 0.0509 0.0193 0.0469 0.0385 0.1277 0.0621 0.0496 
        D713  1 0.2181 0.3102 0.0844 0.0244 0.0359 0.0956 0.0491 0.0191 0.0248 0.1384 
        D746  1 0.7858 0.0189 0.0263 0.0188 0.0595 0.0163 0.0174 0.0208 0.0158 0.0203 
        D747  1 0.0090 0.0206 0.0117 0.0213 0.8593 0.0255 0.0162 0.0110 0.0121 0.0135 
        D748  1 0.8049 0.0254 0.0163 0.0173 0.0464 0.0170 0.0164 0.0205 0.0159 0.0199 
        D749  1 0.1701 0.0367 0.1042 0.0341 0.0402 0.1269 0.0813 0.0208 0.0214 0.3645 
        D750  1 0.0249 0.4018 0.0114 0.0321 0.4416 0.0192 0.0168 0.0137 0.0147 0.0239 
        D763  1 0.1892 0.0216 0.0437 0.2006 0.0293 0.0299 0.0999 0.2055 0.0444 0.1358 
        D764  1 0.0251 0.2907 0.0145 0.0147 0.5832 0.0165 0.0103 0.0137 0.0133 0.0181 
        D765  1 0.0413 0.1348 0.1248 0.0871 0.0152 0.3075 0.0257 0.0840 0.0360 0.1436 
        D766  1 0.7988 0.0266 0.0319 0.0207 0.0118 0.0166 0.0132 0.0396 0.0239 0.0169 
        D767  1 0.0795 0.0554 0.1505 0.0971 0.0803 0.1896 0.0481 0.0291 0.1599 0.1103 
        D768  1 0.0673 0.0678 0.1479 0.0904 0.3852 0.0558 0.0255 0.0339 0.0207 0.1056 
        D811  1 0.0221 0.2470 0.0188 0.0149 0.0183 0.0567 0.0528 0.4741 0.0361 0.0592 
        D816  1 0.0128 0.0432 0.0215 0.7165 0.1395 0.0183 0.0090 0.0082 0.0107 0.0202 
        D825  1 0.0295 0.2335 0.0324 0.4185 0.0545 0.0290 0.0217 0.0333 0.0539 0.0937 
        D866  1 0.0225 0.0820 0.0184 0.0379 0.0697 0.1683 0.4207 0.0524 0.0490 0.0791 
        D867  1 0.0743 0.0328 0.6022 0.0335 0.0128 0.0722 0.0342 0.0137 0.0272 0.0970 
        D871  1 0.0618 0.1449 0.3193 0.0335 0.1676 0.0326 0.0268 0.0217 0.0534 0.1383 
        D872  1 0.7500 0.0206 0.0176 0.0112 0.0412 0.0444 0.0375 0.0223 0.0366 0.0188 
        D873  1 0.0106 0.0415 0.0555 0.0129 0.0119 0.7307 0.0447 0.0112 0.0213 0.0596 
        D874  1 0.0468 0.4729 0.0227 0.1320 0.0731 0.1126 0.0361 0.0234 0.0147 0.0656 
        D875  1 0.4027 0.0314 0.3078 0.0215 0.0568 0.0448 0.0239 0.0091 0.0249 0.0770 
        D876  1 0.6936 0.0770 0.0161 0.0265 0.0460 0.0201 0.0177 0.0435 0.0318 0.0278 
        D877  1 0.0259 0.4510 0.0168 0.0625 0.1051 0.0466 0.1548 0.0172 0.0264 0.0938 
        D892  1 0.6716 0.0985 0.0506 0.0539 0.0367 0.0170 0.0146 0.0154 0.0183 0.0235 
        D893  1 0.0979 0.1601 0.0780 0.1608 0.1009 0.1527 0.0262 0.0398 0.0467 0.1369 
        D894  1 0.0077 0.0157 0.0143 0.0234 0.8731 0.0119 0.0160 0.0065 0.0134 0.0180 
        D915  1 0.2538 0.1284 0.1100 0.0992 0.0301 0.1489 0.0326 0.0309 0.0626 0.1035 
        D916  1 0.0094 0.0099 0.0070 0.0084 0.9282 0.0075 0.0075 0.0062 0.0074 0.0084 
        D917  1 0.0143 0.1177 0.1616 0.0260 0.0555 0.0702 0.0807 0.0359 0.2671 0.1710 
        D925  1 0.0691 0.1161 0.0296 0.2736 0.0772 0.2182 0.0298 0.0332 0.0772 0.0762 
        D926  1 0.0175 0.0365 0.0228 0.7117 0.0781 0.0202 0.0122 0.0146 0.0238 0.0626 
        D927  1 0.0253 0.0429 0.0649 0.7041 0.0342 0.0205 0.0303 0.0232 0.0166 0.0381 
        D928  1 0.0234 0.6258 0.0259 0.0116 0.2044 0.0285 0.0119 0.0203 0.0117 0.0367 
        D929  1 0.0442 0.1178 0.1081 0.0588 0.0272 0.0664 0.0681 0.0257 0.3980 0.0856 
        D936  1 0.0127 0.0282 0.0148 0.7854 0.0708 0.0245 0.0166 0.0113 0.0161 0.0195 
        D938  1 0.9061 0.0100 0.0095 0.0079 0.0080 0.0097 0.0092 0.0182 0.0103 0.0110 
        D956  1 0.0098 0.5051 0.0134 0.0203 0.3442 0.0161 0.0390 0.0124 0.0147 0.0250 
        D957  1 0.6813 0.0259 0.0230 0.0202 0.0337 0.0893 0.0386 0.0171 0.0371 0.0337 
        D958  1 0.9096 0.0149 0.0082 0.0084 0.0115 0.0102 0.0075 0.0120 0.0080 0.0097 
        D959  1 0.0109 0.0351 0.6487 0.0162 0.1927 0.0151 0.0119 0.0188 0.0093 0.0413 
        D960  1 0.5741 0.0285 0.0402 0.0212 0.0186 0.2076 0.0309 0.0094 0.0126 0.0570 
        D989  1 0.0421 0.4179 0.0708 0.0668 0.0580 0.0584 0.0345 0.1135 0.0164 0.1215 
        D990  1 0.0383 0.0688 0.0491 0.0163 0.0134 0.5822 0.0150 0.0184 0.1149 0.0835 
        D211  3 0.0119 0.0129 0.0268 0.0123 0.0208 0.0129 0.0144 0.0142 0.8565 0.0173 
     D229639  3 0.0192 0.0739 0.0270 0.1079 0.1102 0.0837 0.1119 0.1949 0.0921 0.1794 
     D237212  3 0.0147 0.0220 0.0658 0.0447 0.1394 0.1566 0.2894 0.0574 0.1120 0.0979 
     D237213  3 0.0463 0.0308 0.0308 0.0380 0.0124 0.1002 0.2507 0.1895 0.2190 0.0822 
     D237214  3 0.0200 0.0223 0.8746 0.0121 0.0108 0.0122 0.0102 0.0083 0.0102 0.0194 
     D237215  3 0.0112 0.0310 0.0144 0.0159 0.0131 0.2706 0.5577 0.0227 0.0169 0.0466 
     D237216  3 0.0171 0.0463 0.1123 0.0681 0.0186 0.0818 0.0372 0.0946 0.0729 0.4512 
     D237217  3 0.0472 0.0143 0.1104 0.0703 0.0185 0.0256 0.0219 0.0735 0.4209 0.1973 
     D237218  3 0.0644 0.0721 0.0234 0.5082 0.0496 0.0658 0.0312 0.0459 0.0501 0.0892 
     D237219  3 0.0527 0.0197 0.0191 0.0169 0.0186 0.0421 0.0233 0.6203 0.1519 0.0355 
     D237382  3 0.1625 0.1350 0.0633 0.0140 0.0491 0.1774 0.2022 0.0675 0.0572 0.0717 
     D244127  3 0.0288 0.0506 0.0490 0.0289 0.0096 0.4840 0.1240 0.0651 0.0560 0.1041 
     D244129  3 0.0952 0.0662 0.1337 0.0298 0.1324 0.1078 0.0485 0.0801 0.1844 0.1219 
     D244133  3 0.0224 0.0237 0.0178 0.0154 0.0701 0.0292 0.0464 0.7219 0.0136 0.0395 
     D244134  3 0.0815 0.0292 0.0183 0.0233 0.0163 0.0430 0.0441 0.5422 0.1531 0.0491 
     D244135  3 0.0197 0.0217 0.6272 0.0173 0.0212 0.0355 0.0236 0.0214 0.1463 0.0661 
     D244136  3 0.0805 0.1687 0.0824 0.0257 0.0694 0.0677 0.0633 0.3216 0.0191 0.1016 
        D416  3 0.0095 0.0396 0.0852 0.0604 0.0508 0.0697 0.1407 0.3857 0.0318 0.1266 
        D417  3 0.1263 0.0387 0.0217 0.4564 0.1318 0.0277 0.0149 0.0363 0.0246 0.1218 
        D419  3 0.1542 0.0460 0.0272 0.0231 0.0464 0.1119 0.0873 0.3132 0.0842 0.1064 
        D565  3 0.0291 0.6312 0.0223 0.0166 0.0828 0.0811 0.0250 0.0579 0.0165 0.0377 
        D566  3 0.0124 0.3899 0.0268 0.0392 0.1022 0.0657 0.1665 0.0822 0.0198 0.0953 
        D567  3 0.0695 0.0196 0.0753 0.2527 0.1686 0.0572 0.0468 0.0784 0.1373 0.0946 
        D568  3 0.1917 0.0188 0.0355 0.1912 0.0518 0.0624 0.0353 0.1859 0.1344 0.0930 
        D569  3 0.0151 0.0544 0.1839 0.0174 0.0229 0.3334 0.1379 0.0261 0.0936 0.1152 
        D573  3 0.0094 0.0418 0.0213 0.0454 0.4734 0.1245 0.0405 0.0639 0.0314 0.1485 
        D574  3 0.0452 0.4809 0.0916 0.0397 0.0177 0.0845 0.0520 0.0478 0.0420 0.0986 
        D575  3 0.0110 0.0088 0.0136 0.0100 0.0071 0.0117 0.0111 0.8643 0.0491 0.0133 
        D576  3 0.0069 0.0259 0.0321 0.0172 0.0082 0.1670 0.5808 0.0750 0.0325 0.0545 
        D577  3 0.1577 0.0383 0.0651 0.0825 0.1362 0.0188 0.0392 0.0581 0.3087 0.0955 
        D578  3 0.0155 0.0130 0.8870 0.0095 0.0073 0.0131 0.0122 0.0117 0.0127 0.0180 
        D579  3 0.0291 0.1713 0.0240 0.2285 0.2094 0.0957 0.0535 0.0958 0.0354 0.0573 
        D660  3 0.0164 0.0529 0.0748 0.0179 0.0143 0.3893 0.2341 0.0480 0.0592 0.0929 
        D661  3 0.0196 0.0157 0.0109 0.8603 0.0101 0.0122 0.0311 0.0144 0.0105 0.0153 
        D663  3 0.0133 0.1469 0.0553 0.0190 0.0223 0.1154 0.1522 0.0243 0.0509 0.4005 
        D664  3 0.0565 0.0936 0.0902 0.0156 0.0105 0.2568 0.1322 0.1327 0.1401 0.0718 
        D665  3 0.0142 0.0151 0.0275 0.0139 0.0180 0.0620 0.0688 0.0558 0.6350 0.0896 
        D666  3 0.0233 0.0337 0.0162 0.0127 0.0130 0.0273 0.0273 0.8098 0.0149 0.0218 
        D502  6 0.0092 0.0135 0.0298 0.0223 0.0105 0.0562 0.5177 0.0484 0.2054 0.0870 
        D503  6 0.0383 0.0518 0.0412 0.1270 0.0382 0.0669 0.3101 0.0589 0.0347 0.2330 
        D504  6 0.0385 0.1412 0.0405 0.2822 0.1513 0.1039 0.0587 0.0240 0.0165 0.1432 
        D505  6 0.0162 0.2609 0.0866 0.0288 0.0931 0.0708 0.2190 0.0324 0.0510 0.1412 
        D506  6 0.0093 0.6336 0.0345 0.0107 0.2421 0.0131 0.0111 0.0154 0.0125 0.0178 
        D507  6 0.0346 0.0860 0.0450 0.1164 0.0358 0.1831 0.0859 0.0604 0.0424 0.3104 
        D508  6 0.0128 0.0438 0.0257 0.3631 0.0254 0.1239 0.1994 0.0215 0.1123 0.0720 
        D529  6 0.0343 0.0381 0.4922 0.0484 0.0669 0.0354 0.0343 0.0505 0.0518 0.1481 
        D530  6 0.0290 0.0369 0.0462 0.0113 0.0147 0.0424 0.6520 0.0309 0.1054 0.0312 
        D531  6 0.0282 0.1439 0.0403 0.0887 0.2571 0.1038 0.0846 0.0581 0.0429 0.1524 
        D532  6 0.0149 0.2240 0.1278 0.0305 0.0310 0.3354 0.1076 0.0229 0.0167 0.0892 
        D534  6 0.3270 0.0333 0.0472 0.2157 0.0289 0.1235 0.0294 0.0181 0.0601 0.1168 
        D535  6 0.0246 0.2991 0.1594 0.0336 0.0387 0.1016 0.0461 0.0935 0.0382 0.1652 
        D536  6 0.0099 0.0228 0.1821 0.0343 0.0269 0.0473 0.5380 0.0143 0.0142 0.1103 
        D554  6 0.0402 0.2772 0.1055 0.0580 0.0650 0.0605 0.1879 0.0475 0.0427 0.1153 
        D587  6 0.0589 0.4780 0.0347 0.0637 0.0859 0.0810 0.0271 0.0344 0.0214 0.1150 
        D588  6 0.0102 0.0637 0.0845 0.0189 0.0552 0.2457 0.0367 0.0427 0.0324 0.4099 
        D589  6 0.0190 0.0865 0.0361 0.0287 0.0523 0.2325 0.2873 0.0271 0.0379 0.1928 
        D590  6 0.0270 0.0347 0.2664 0.0777 0.1250 0.1031 0.1327 0.0195 0.0181 0.1959 
        D591  6 0.0742 0.1222 0.0475 0.0442 0.0348 0.0458 0.1086 0.2755 0.0341 0.2131 
        D592  6 0.3796 0.0481 0.0399 0.0702 0.0899 0.1024 0.0370 0.0324 0.0912 0.1092 
        D593  6 0.0150 0.0198 0.0117 0.0071 0.0078 0.0290 0.7215 0.0173 0.1322 0.0387 
        D682  6 0.0164 0.6116 0.0177 0.0190 0.2355 0.0189 0.0154 0.0299 0.0091 0.0264 
        D683  6 0.0216 0.0848 0.0444 0.1361 0.1284 0.0321 0.0569 0.0265 0.3288 0.1404 
        D684  6 0.0225 0.0664 0.0566 0.0788 0.1148 0.1262 0.0757 0.0206 0.1972 0.2412 
        D685  6 0.0148 0.0448 0.0488 0.0726 0.0152 0.0617 0.1791 0.0404 0.1468 0.3758 
        D686  6 0.0125 0.1736 0.1061 0.0122 0.0164 0.4431 0.1174 0.0118 0.0115 0.0955 
        D724  6 0.0230 0.0237 0.0375 0.5738 0.0251 0.0535 0.0379 0.0235 0.1210 0.0810 
        D725  6 0.0974 0.0470 0.0506 0.0261 0.0128 0.0681 0.4141 0.0704 0.0731 0.1405 
        D726  6 0.0418 0.5879 0.0289 0.0255 0.1769 0.0294 0.0183 0.0316 0.0161 0.0436 
        D727  6 0.0087 0.0686 0.4769 0.0198 0.0765 0.1048 0.0276 0.0443 0.0256 0.1471 
        D728  6 0.0325 0.3904 0.0250 0.0191 0.0693 0.0930 0.0750 0.1537 0.0518 0.0902 
        D729  6 0.0117 0.0215 0.4948 0.0130 0.0629 0.2813 0.0244 0.0097 0.0208 0.0600 
        D730  6 0.0166 0.0290 0.0185 0.7463 0.0184 0.0519 0.0236 0.0240 0.0292 0.0424 
        D731  6 0.0134 0.3765 0.0274 0.0204 0.0273 0.0388 0.3287 0.1018 0.0191 0.0465 
        D732  6 0.0402 0.0552 0.0542 0.0576 0.0931 0.1313 0.0591 0.0597 0.3266 0.1231 
        D733  6 0.2640 0.0639 0.0471 0.2664 0.0316 0.0612 0.0672 0.0654 0.0636 0.0696 
     D237251  7 0.0105 0.0182 0.0192 0.8296 0.0112 0.0158 0.0130 0.0479 0.0113 0.0233 
     D237252  7 0.0510 0.0198 0.0458 0.0749 0.0201 0.0418 0.4607 0.0948 0.1162 0.0749 
     D237253  7 0.0167 0.1312 0.1020 0.2116 0.0486 0.0943 0.0915 0.0640 0.0195 0.2206 
     D237254  7 0.0177 0.0105 0.8895 0.0102 0.0094 0.0094 0.0113 0.0104 0.0151 0.0164 
     D237255  7 0.0265 0.0712 0.0586 0.1661 0.0280 0.0733 0.2943 0.1453 0.0266 0.1101 
     D237256  7 0.0099 0.0695 0.0338 0.0497 0.0156 0.1298 0.1841 0.0691 0.0620 0.3765 
     D237257  7 0.0218 0.0899 0.3726 0.0435 0.0229 0.0719 0.0425 0.0224 0.0660 0.2464 
     D237282  7 0.1702 0.0274 0.1717 0.0549 0.2350 0.0911 0.0545 0.0336 0.0224 0.1392 
     D237283  7 0.0157 0.0121 0.0095 0.0103 0.0083 0.0190 0.0971 0.0326 0.7789 0.0164 
     D237284  7 0.0247 0.0472 0.5966 0.0717 0.0425 0.0329 0.0305 0.0295 0.0556 0.0687 
     D237285  7 0.0217 0.0572 0.0654 0.0264 0.0193 0.0985 0.4622 0.0183 0.1618 0.0693 
     D237286  7 0.0319 0.3343 0.0702 0.0368 0.0639 0.2402 0.0446 0.0370 0.0226 0.1185 
     D237287  7 0.0180 0.0481 0.0371 0.0534 0.0420 0.0877 0.0244 0.4967 0.0434 0.1491 
     D244006  7 0.0136 0.0177 0.8720 0.0180 0.0108 0.0171 0.0113 0.0090 0.0141 0.0164 
     D244007  7 0.1472 0.1215 0.2882 0.0610 0.0328 0.1864 0.0335 0.0270 0.0157 0.0867 
     D244008  7 0.0220 0.0190 0.0121 0.0125 0.0108 0.0140 0.0346 0.0956 0.7585 0.0209 
     D244009  7 0.5625 0.0360 0.0223 0.1071 0.0233 0.0276 0.0432 0.0397 0.0997 0.0387 
     D244010  7 0.0107 0.0401 0.0310 0.0097 0.0482 0.0395 0.1621 0.0365 0.5557 0.0666 
     D244011  7 0.0197 0.2907 0.0282 0.0689 0.0208 0.2292 0.0704 0.0194 0.0589 0.1939 
     D244012  7 0.0097 0.0383 0.0275 0.0194 0.0784 0.1002 0.3413 0.0369 0.2721 0.0762 
     D244013  7 0.0330 0.2280 0.0280 0.1360 0.0253 0.2958 0.1157 0.0239 0.0487 0.0654 
     D244014  7 0.0555 0.0942 0.0382 0.1069 0.0146 0.2725 0.0386 0.1731 0.0676 0.1388 
     D244015  7 0.0637 0.0282 0.0675 0.0294 0.0280 0.2549 0.0482 0.2425 0.0491 0.1885 
     D244125  7 0.0514 0.1415 0.0325 0.0757 0.0569 0.2214 0.1376 0.1243 0.0204 0.1382 
     D244126  7 0.0113 0.0101 0.0076 0.0178 0.0136 0.0146 0.0136 0.0115 0.8848 0.0151 
     D244130  7 0.0163 0.0237 0.0379 0.0134 0.0218 0.6561 0.0863 0.0150 0.0462 0.0832 
     D244131  7 0.0581 0.2520 0.0300 0.2453 0.0649 0.2308 0.0226 0.0147 0.0319 0.0497 
     D244132  7 0.2164 0.1667 0.0214 0.0825 0.0263 0.1743 0.0506 0.1442 0.0188 0.0989 
        D520  7 0.0297 0.0409 0.0601 0.0336 0.0233 0.0371 0.1362 0.0523 0.4119 0.1748 
        D521  7 0.0463 0.1085 0.0719 0.0393 0.0250 0.3386 0.1763 0.0237 0.0937 0.0768 
        D522  7 0.6581 0.0724 0.0179 0.0617 0.0173 0.0414 0.0159 0.0465 0.0188 0.0500 
        D523  7 0.0197 0.0391 0.0322 0.7568 0.0156 0.0216 0.0301 0.0309 0.0132 0.0408 
        D524  7 0.0278 0.0678 0.0379 0.5609 0.0197 0.0640 0.0392 0.0580 0.0362 0.0884 
        D525  7 0.0737 0.0847 0.1078 0.0250 0.1060 0.1475 0.1499 0.0207 0.0661 0.2185 
        D526  7 0.0450 0.0197 0.6433 0.0274 0.0315 0.0290 0.0183 0.0494 0.0729 0.0634 
        D527  7 0.0125 0.0284 0.0104 0.7825 0.0495 0.0200 0.0122 0.0275 0.0253 0.0316 
        D528  7 0.0091 0.0116 0.0154 0.0088 0.0090 0.0197 0.0103 0.0095 0.0424 0.8641 
        D558  7 0.1093 0.0531 0.1122 0.0401 0.0581 0.4069 0.1023 0.0220 0.0487 0.0473 
        D559  7 0.0273 0.0251 0.0255 0.5995 0.0225 0.1775 0.0396 0.0157 0.0243 0.0432 
        D640  7 0.0331 0.0909 0.0241 0.0607 0.0255 0.2865 0.0488 0.2916 0.0217 0.1172 
        D641  7 0.0169 0.1307 0.0470 0.0220 0.0127 0.2279 0.1154 0.1983 0.1266 0.1026 
        D642  7 0.0790 0.0705 0.0991 0.0320 0.0226 0.4816 0.1096 0.0153 0.0238 0.0666 
        D644  7 0.0494 0.0923 0.0607 0.1100 0.0298 0.1269 0.0582 0.0596 0.2873 0.1258 
        D645  7 0.0256 0.0360 0.0265 0.1672 0.0595 0.0637 0.0837 0.4064 0.0325 0.0990 
        D662  7 0.1322 0.1609 0.0239 0.0507 0.0355 0.4484 0.0112 0.0395 0.0117 0.0861 
        D687  7 0.0420 0.1084 0.0207 0.4255 0.0353 0.0647 0.0746 0.0528 0.0430 0.1329 
        D688  7 0.0123 0.0215 0.1675 0.0582 0.0523 0.2611 0.1178 0.0147 0.1751 0.1193 
        D689  7 0.0116 0.0151 0.0100 0.0187 0.0203 0.0163 0.0117 0.8698 0.0134 0.0132 
        D700  7 0.0097 0.0173 0.0162 0.0126 0.0094 0.0164 0.0097 0.0097 0.0129 0.8861 
        D797  7 0.0843 0.1266 0.0306 0.3376 0.0945 0.0416 0.0642 0.0678 0.0405 0.1123 
        D798  7 0.0318 0.0725 0.0328 0.0144 0.0187 0.3977 0.0486 0.2702 0.0544 0.0587 
        D799  7 0.0096 0.0171 0.0147 0.7657 0.0130 0.0382 0.0206 0.0224 0.0370 0.0617 
        D800  7 0.0244 0.0420 0.0392 0.3470 0.2719 0.0355 0.0363 0.0286 0.0154 0.1596 
        D201  9 0.0460 0.0127 0.0412 0.7825 0.0210 0.0107 0.0269 0.0165 0.0161 0.0265 
        D202  9 0.0082 0.0279 0.0159 0.0870 0.0155 0.1999 0.4630 0.0170 0.1086 0.0569 
     D237259  9 0.0119 0.0300 0.0284 0.0177 0.0220 0.0775 0.0554 0.1044 0.0230 0.6296 
     D237260  9 0.0101 0.0548 0.1465 0.0789 0.0301 0.0657 0.4131 0.0195 0.0370 0.1444 
     D237262  9 0.0319 0.0233 0.0559 0.0160 0.0191 0.0254 0.0160 0.0128 0.7402 0.0594 
     D237263  9 0.0154 0.0304 0.0467 0.4148 0.0857 0.0706 0.0541 0.0136 0.2006 0.0681 
     D237264  9 0.0428 0.0994 0.0930 0.0344 0.0568 0.1308 0.3475 0.0191 0.0436 0.1327 
     D237265  9 0.0133 0.0212 0.0158 0.0298 0.0207 0.0205 0.8156 0.0111 0.0244 0.0277 
     D237266  9 0.0101 0.0297 0.0399 0.0183 0.0559 0.4444 0.1289 0.1624 0.0344 0.0760 
     D237267  9 0.0091 0.1100 0.1148 0.0137 0.0359 0.0782 0.1096 0.0689 0.1412 0.3186 
     D237268  9 0.0218 0.0150 0.0256 0.0369 0.0292 0.0144 0.0528 0.0137 0.7669 0.0239 
     D237289  9 0.0229 0.0369 0.0146 0.0184 0.0299 0.0189 0.7716 0.0248 0.0304 0.0316 
     D237290  9 0.0147 0.0129 0.0148 0.0201 0.0399 0.0544 0.7329 0.0422 0.0257 0.0425 
     D237291  9 0.0101 0.0892 0.1131 0.3633 0.0120 0.1735 0.0997 0.0315 0.0092 0.0985 
     D237292  9 0.0250 0.0154 0.1141 0.0179 0.0248 0.0305 0.6746 0.0104 0.0203 0.0671 
     D237293  9 0.0170 0.0281 0.0230 0.0162 0.0156 0.1361 0.3922 0.1925 0.1286 0.0507 
     D237294  9 0.0472 0.0602 0.1050 0.4481 0.0255 0.0242 0.1113 0.0193 0.0313 0.1278 
     D237295  9 0.0898 0.1447 0.0543 0.0468 0.2647 0.0373 0.0578 0.0755 0.1591 0.0701 
     D237296  9 0.0614 0.1059 0.1370 0.1547 0.0319 0.0894 0.0640 0.0668 0.0187 0.2702 
     D237297  9 0.0202 0.1070 0.0425 0.0268 0.0220 0.3799 0.1413 0.0414 0.0674 0.1515 
     D237298  9 0.0570 0.0454 0.0374 0.3851 0.0489 0.1001 0.0267 0.0697 0.1405 0.0891 
     D237341  9 0.0686 0.0862 0.0606 0.1292 0.0304 0.1788 0.0947 0.0587 0.0301 0.2626 
     D237342  9 0.0099 0.0427 0.0131 0.0168 0.0250 0.0383 0.0363 0.0170 0.7712 0.0297 
     D237343  9 0.0316 0.1017 0.1341 0.0941 0.0509 0.2628 0.0549 0.0496 0.0608 0.1595 
     D237344  9 0.0241 0.1175 0.0593 0.0167 0.0310 0.3337 0.1787 0.0866 0.0502 0.1022 
     D237345  9 0.2449 0.0239 0.0427 0.0495 0.0249 0.0604 0.0793 0.0168 0.3841 0.0736 
     D237346  9 0.0761 0.0617 0.0328 0.1016 0.0248 0.1510 0.0951 0.0745 0.0795 0.3028 
     D237347  9 0.0272 0.3287 0.0682 0.0569 0.0355 0.3012 0.0322 0.0414 0.0314 0.0772 
     D237348  9 0.0428 0.0631 0.0417 0.0228 0.0267 0.2341 0.2694 0.0670 0.1778 0.0545 
     D237349  9 0.0612 0.0734 0.0888 0.2127 0.0510 0.3457 0.0614 0.0241 0.0111 0.0705 
     D244109  9 0.0196 0.0214 0.4729 0.0302 0.0555 0.1085 0.1367 0.0177 0.0444 0.0932 
     D244110  9 0.0296 0.0418 0.2247 0.0483 0.0451 0.0658 0.3091 0.0800 0.0375 0.1181 
     D244111  9 0.0220 0.1271 0.0450 0.1079 0.0214 0.4266 0.0907 0.0487 0.0454 0.0652 
     D244128  9 0.0119 0.0229 0.0246 0.0336 0.0242 0.0264 0.0451 0.0145 0.7660 0.0309 
     D244137  9 0.1067 0.1179 0.0881 0.1893 0.1916 0.1595 0.0369 0.0200 0.0279 0.0621 
     D244138  9 0.0279 0.0702 0.0264 0.1510 0.0256 0.2890 0.1559 0.0188 0.0476 0.1878 
        D580  9 0.3266 0.0193 0.0472 0.0257 0.0121 0.0651 0.1135 0.0541 0.2423 0.0941 
        D581  9 0.0211 0.0095 0.0094 0.0146 0.0130 0.0194 0.8727 0.0117 0.0139 0.0148 
        D582  9 0.0141 0.0133 0.0190 0.0219 0.0118 0.0107 0.0128 0.0108 0.8722 0.0136 
        D583  9 0.0228 0.0277 0.0417 0.4068 0.0225 0.1068 0.1964 0.0511 0.0262 0.0979 
        D584  9 0.0433 0.0917 0.0418 0.0165 0.0156 0.2820 0.3283 0.0347 0.0506 0.0955 
        D585  9 0.0249 0.0246 0.0238 0.0315 0.0479 0.0249 0.0365 0.0207 0.6975 0.0677 
        D586  9 0.0132 0.2062 0.0276 0.0364 0.0570 0.2603 0.1227 0.0370 0.0177 0.2218 
        D651  9 0.1327 0.0229 0.0234 0.0139 0.0372 0.0151 0.0155 0.6773 0.0358 0.0263 
        D652  9 0.0398 0.0462 0.0808 0.3775 0.0507 0.2304 0.0507 0.0147 0.0176 0.0918 
        D653  9 0.0319 0.1795 0.0397 0.0456 0.0263 0.1583 0.0509 0.1226 0.0834 0.2618 
        D654  9 0.0583 0.0441 0.1406 0.0774 0.0375 0.2444 0.0299 0.0787 0.0684 0.2207 
        D655  9 0.0213 0.0901 0.0367 0.0529 0.0467 0.1618 0.0784 0.2917 0.0532 0.1672 
        D656  9 0.0170 0.0165 0.7121 0.0175 0.0198 0.0640 0.0304 0.0181 0.0474 0.0572 
        D657  9 0.0422 0.0397 0.2831 0.0568 0.0145 0.2576 0.1308 0.0293 0.0412 0.1048 
        D667  9 0.0079 0.0255 0.0245 0.0110 0.0159 0.0162 0.0191 0.8433 0.0172 0.0193 
        D668  9 0.1062 0.0328 0.0167 0.0244 0.0159 0.0819 0.1284 0.3553 0.1425 0.0958 
        D669  9 0.0482 0.0186 0.0167 0.1172 0.0189 0.0183 0.6686 0.0242 0.0254 0.0438 
        D670  9 0.0278 0.0329 0.0801 0.0158 0.0190 0.0600 0.0268 0.5005 0.0199 0.2172 
        D671  9 0.0739 0.0352 0.0480 0.1236 0.0454 0.1523 0.3767 0.0159 0.0203 0.1088 
        D672  9 0.1034 0.0233 0.0239 0.1650 0.0417 0.0350 0.0706 0.0884 0.3558 0.0929 
        D673  9 0.1365 0.0383 0.0127 0.0487 0.0163 0.0374 0.0225 0.5598 0.0685 0.0594 
        D692  9 0.0163 0.0246 0.4250 0.0116 0.0654 0.0620 0.0838 0.0223 0.1697 0.1194 
        D693  9 0.0693 0.0401 0.0501 0.0221 0.0129 0.0435 0.0581 0.5923 0.0577 0.0539 
        D694  9 0.0276 0.0586 0.4064 0.0326 0.0178 0.0475 0.1005 0.0140 0.1686 0.1263 
        D695  9 0.1489 0.0247 0.0412 0.0509 0.1501 0.0748 0.0684 0.1667 0.1648 0.1094 
        D696  9 0.0467 0.7167 0.0115 0.0123 0.0904 0.0287 0.0447 0.0159 0.0151 0.0180 
        D697  9 0.0244 0.0189 0.0130 0.0199 0.0157 0.0219 0.0161 0.8432 0.0115 0.0154 
        D698  9 0.0326 0.1344 0.0274 0.0243 0.0307 0.0640 0.2626 0.1177 0.0715 0.2349 
        D699  9 0.0293 0.0900 0.0172 0.0119 0.0124 0.0856 0.2059 0.4733 0.0379 0.0365 
        D787  9 0.0174 0.0334 0.0334 0.2598 0.0708 0.3198 0.0414 0.0952 0.0355 0.0933 
        D788  9 0.0173 0.0475 0.0175 0.0233 0.0122 0.0560 0.1669 0.5140 0.0901 0.0550 
        D789  9 0.0216 0.0922 0.0837 0.0168 0.0240 0.2307 0.2032 0.0521 0.1749 0.1008 
        D790  9 0.0392 0.0298 0.0509 0.0644 0.0170 0.0788 0.0371 0.5861 0.0204 0.0763 
        D791  9 0.0090 0.0534 0.0233 0.0654 0.0173 0.0424 0.6722 0.0147 0.0676 0.0349 
        D792  9 0.0288 0.0444 0.3351 0.1074 0.1467 0.0966 0.0283 0.0856 0.0115 0.1156 
        D793  9 0.0126 0.0872 0.0173 0.0129 0.0581 0.0150 0.0156 0.7420 0.0128 0.0265 
        D794  9 0.0441 0.1604 0.1038 0.0399 0.0663 0.1161 0.0607 0.2541 0.0511 0.1037 
        D795  9 0.0132 0.0367 0.0138 0.0432 0.0218 0.0371 0.0574 0.0243 0.7005 0.0520 
        D796  9 0.0100 0.0169 0.0111 0.0290 0.0111 0.0222 0.0433 0.7928 0.0414 0.0223 
        D005 12 0.0143 0.0629 0.7155 0.0176 0.0116 0.0772 0.0201 0.0157 0.0255 0.0396 
        D035 12 0.0111 0.0193 0.0098 0.0134 0.0115 0.0130 0.0122 0.8846 0.0105 0.0145 
        D067 12 0.0209 0.0394 0.0252 0.0685 0.0360 0.0543 0.0759 0.5023 0.0727 0.1048 
        D134 12 0.0107 0.0739 0.0532 0.0566 0.0373 0.0748 0.0586 0.0394 0.1654 0.4301 
        D135 12 0.0356 0.0566 0.0265 0.0327 0.0255 0.0977 0.1168 0.0356 0.0764 0.4967 
        D136 12 0.1188 0.1728 0.1195 0.0260 0.1246 0.0842 0.0321 0.0864 0.0443 0.1914 
        D137 12 0.0284 0.0195 0.0183 0.0388 0.0143 0.0642 0.1924 0.4894 0.0349 0.0998 
        D138 12 0.0644 0.0714 0.0457 0.1295 0.0729 0.0957 0.0655 0.2495 0.0293 0.1761 
        D139 12 0.0281 0.0838 0.0722 0.1400 0.0536 0.2262 0.1623 0.0380 0.0705 0.1252 
        D140 12 0.0273 0.0315 0.0155 0.0137 0.0198 0.0215 0.0290 0.7854 0.0149 0.0413 
        D141 12 0.2510 0.0181 0.0379 0.0230 0.0099 0.0257 0.0160 0.1548 0.4343 0.0293 
        D150 12 0.0103 0.0701 0.0601 0.0146 0.0152 0.5823 0.0948 0.0143 0.0233 0.1150 
        D177 12 0.0105 0.1072 0.1196 0.0173 0.1100 0.1021 0.0884 0.0734 0.0649 0.3065 
        D178 12 0.1220 0.0342 0.0569 0.0618 0.4380 0.0816 0.0338 0.0187 0.0183 0.1347 
        D179 12 0.0736 0.1472 0.1313 0.0897 0.0305 0.0514 0.0467 0.1151 0.0355 0.2791 
        D180 12 0.0154 0.0181 0.1086 0.0274 0.0131 0.0217 0.0309 0.4560 0.2400 0.0689 
        D187 12 0.0107 0.0314 0.0111 0.0337 0.0179 0.0204 0.0206 0.7889 0.0359 0.0294 
        D188 12 0.1061 0.0239 0.3583 0.0365 0.0177 0.0386 0.0338 0.0155 0.3052 0.0646 
        D191 12 0.1912 0.0223 0.0428 0.4502 0.0158 0.0253 0.0569 0.1181 0.0268 0.0507 
        D418 12 0.2427 0.0170 0.0444 0.3209 0.0152 0.0376 0.0756 0.0955 0.0627 0.0884 
        D601 12 0.0139 0.0196 0.2797 0.0196 0.0195 0.0249 0.0248 0.0249 0.5201 0.0531 
        D836 12 0.0146 0.0167 0.0283 0.0196 0.0117 0.0226 0.0167 0.2227 0.6246 0.0224 
        D837 12 0.0427 0.1249 0.0188 0.3421 0.1018 0.1804 0.0583 0.0289 0.0364 0.0658 
        D838 12 0.0132 0.0479 0.0100 0.0736 0.0217 0.0365 0.0285 0.7304 0.0112 0.0268 
        D839 12 0.0425 0.0331 0.0478 0.1182 0.0636 0.0492 0.4374 0.0339 0.0613 0.1130 
        D840 12 0.1216 0.2547 0.0256 0.0925 0.0245 0.2729 0.0219 0.0810 0.0252 0.0801 
        D841 12 0.0111 0.0119 0.0099 0.0221 0.0082 0.0104 0.0121 0.8944 0.0108 0.0091 
        D842 12 0.1037 0.0231 0.0501 0.0931 0.0116 0.5907 0.0315 0.0091 0.0219 0.0652 
        D843 12 0.0146 0.0993 0.0750 0.0421 0.0856 0.0561 0.1065 0.1824 0.1498 0.1887 
        D844 12 0.0225 0.0125 0.0504 0.8181 0.0225 0.0081 0.0130 0.0096 0.0210 0.0223 
        D912 12 0.1209 0.3224 0.0199 0.1720 0.0790 0.1698 0.0317 0.0267 0.0131 0.0447 
        D913 12 0.0144 0.0446 0.0312 0.1346 0.0602 0.0661 0.2046 0.1000 0.0151 0.3293 
        D914 12 0.0246 0.3355 0.0255 0.1111 0.0204 0.3179 0.0241 0.0390 0.0206 0.0812 
        D922 12 0.0255 0.0181 0.0142 0.0179 0.0171 0.0135 0.0200 0.7711 0.0864 0.0161 
        D939 12 0.0274 0.0243 0.0396 0.0334 0.0091 0.0242 0.0272 0.1305 0.6477 0.0366 
        D944 12 0.0477 0.0229 0.0552 0.0884 0.0367 0.0253 0.1398 0.0431 0.0086 0.5322 
        D945 12 0.0247 0.0615 0.0781 0.1558 0.0229 0.1452 0.0705 0.1016 0.1813 0.1583 
        D985 12 0.1068 0.0529 0.2546 0.0115 0.0447 0.1657 0.0634 0.1088 0.0574 0.1342 
        D986 12 0.0161 0.1187 0.0328 0.2830 0.0451 0.1589 0.0550 0.0121 0.0532 0.2252 
        D987 12 0.0706 0.2717 0.0279 0.2603 0.0174 0.2259 0.0220 0.0241 0.0193 0.0608 
        D988 12 0.0201 0.2832 0.0644 0.0369 0.0285 0.2598 0.0617 0.0240 0.0659 0.1555 
        D996 12 0.0222 0.2496 0.0499 0.0557 0.0341 0.2504 0.0252 0.1690 0.0176 0.1263 
        D997 12 0.0189 0.0452 0.0343 0.0335 0.0296 0.0338 0.0264 0.0533 0.6656 0.0594 
        D998 12 0.0137 0.0889 0.0382 0.0443 0.0325 0.0664 0.1423 0.2440 0.0321 0.2977 
        D999 12 0.0439 0.0254 0.0180 0.0783 0.0225 0.0578 0.6415 0.0270 0.0178 0.0678 
