        D174  1 0.2545 0.0890 0.0413 0.1912 0.1817 0.0923 0.0451 0.0268 0.0496 0.0285 
        D199  1 0.0679 0.1951 0.0430 0.1452 0.1071 0.2014 0.0605 0.0824 0.0268 0.0706 
        D203  1 0.0805 0.1651 0.0291 0.1936 0.1410 0.1464 0.0705 0.0934 0.0468 0.0336 
        D204  1 0.6798 0.0290 0.0210 0.0280 0.0500 0.0313 0.0642 0.0255 0.0566 0.0146 
     D237366  1 0.0189 0.0574 0.0255 0.5699 0.0435 0.0641 0.0558 0.0842 0.0603 0.0203 
     D237367  1 0.0225 0.1520 0.0750 0.1723 0.1177 0.1116 0.1739 0.0329 0.0459 0.0963 
     D237368  1 0.1862 0.0841 0.0410 0.2422 0.0946 0.1193 0.0354 0.0250 0.1443 0.0278 
     D244101  1 0.0308 0.2176 0.0168 0.0634 0.1855 0.1657 0.1793 0.0624 0.0666 0.0119 
     D244102  1 0.0701 0.1199 0.0410 0.0512 0.1543 0.0968 0.1322 0.2195 0.0575 0.0574 
     D244103  1 0.0261 0.1091 0.0391 0.2526 0.0863 0.0935 0.2801 0.0408 0.0282 0.0443 
     D244104  1 0.1797 0.0542 0.4826 0.0282 0.0289 0.0419 0.0813 0.0417 0.0358 0.0257 
     D244105  1 0.0112 0.1966 0.0876 0.0792 0.0995 0.1743 0.0309 0.0756 0.2285 0.0166 
     D244106  1 0.5690 0.0401 0.0178 0.0234 0.0674 0.0443 0.0438 0.1656 0.0186 0.0100 
     D244107  1 0.0121 0.0837 0.0195 0.4183 0.0899 0.0759 0.1851 0.0279 0.0190 0.0688 
     D244108  1 0.0507 0.0891 0.0341 0.0231 0.1781 0.0949 0.0393 0.0496 0.4146 0.0265 
     D244113  1 0.0929 0.1594 0.0769 0.1030 0.2494 0.1398 0.0400 0.0448 0.0392 0.0546 
     D244114  1 0.0198 0.1940 0.0295 0.0887 0.0958 0.2938 0.0432 0.1876 0.0349 0.0127 
     D244115  1 0.4456 0.1045 0.0264 0.0190 0.0849 0.1161 0.0661 0.0747 0.0336 0.0292 
     D267365  1 0.0697 0.1155 0.0310 0.1242 0.1064 0.1064 0.1982 0.1797 0.0343 0.0346 
        D404  1 0.4616 0.0636 0.0349 0.0375 0.1632 0.0670 0.0453 0.0367 0.0188 0.0713 
        D405  1 0.1585 0.1187 0.0450 0.0621 0.1982 0.0804 0.1412 0.1068 0.0115 0.0776 
        D406  1 0.0085 0.0076 0.0066 0.0084 0.0084 0.0077 0.0092 0.0079 0.9284 0.0073 
        D407  1 0.1088 0.0381 0.0162 0.2134 0.0343 0.0266 0.5132 0.0168 0.0188 0.0137 
        D408  1 0.3493 0.1011 0.1166 0.0439 0.1142 0.0968 0.0814 0.0346 0.0171 0.0451 
        D409  1 0.0515 0.1724 0.0370 0.0983 0.1093 0.1618 0.2467 0.0689 0.0318 0.0223 
        D410  1 0.0386 0.1874 0.0181 0.0589 0.3162 0.1880 0.0744 0.0212 0.0805 0.0168 
        D421  1 0.2373 0.0573 0.0299 0.1219 0.0293 0.0460 0.4450 0.0143 0.0098 0.0092 
        D422  1 0.0237 0.1025 0.0126 0.1840 0.0472 0.1092 0.3265 0.0725 0.1002 0.0216 
        D423  1 0.0114 0.0855 0.0163 0.2441 0.0873 0.0666 0.3974 0.0182 0.0502 0.0231 
        D424  1 0.6111 0.0820 0.0163 0.0219 0.0503 0.0874 0.0751 0.0242 0.0211 0.0105 
        D425  1 0.0373 0.2343 0.0745 0.0869 0.2133 0.2214 0.0619 0.0392 0.0202 0.0110 
        D426  1 0.0279 0.1386 0.0350 0.1052 0.1053 0.1598 0.3409 0.0572 0.0156 0.0144 
        D427  1 0.3160 0.0983 0.1344 0.0380 0.0455 0.1028 0.1888 0.0573 0.0079 0.0108 
        D428  1 0.3669 0.0974 0.0336 0.1077 0.0740 0.1093 0.1139 0.0425 0.0357 0.0190 
        D429  1 0.7157 0.0212 0.0091 0.0100 0.0198 0.0237 0.0599 0.1169 0.0145 0.0093 
        D430  1 0.3442 0.1345 0.0317 0.0338 0.1104 0.1491 0.0387 0.1217 0.0122 0.0235 
        D491  1 0.3346 0.0806 0.0756 0.0306 0.0455 0.0839 0.1331 0.0320 0.1534 0.0307 
        D492  1 0.5106 0.0504 0.0150 0.0817 0.0344 0.0477 0.1613 0.0260 0.0567 0.0162 
        D537  1 0.0544 0.0614 0.0420 0.1065 0.0670 0.0795 0.2210 0.0179 0.3269 0.0234 
        D538  1 0.0985 0.1214 0.0343 0.1386 0.2033 0.1549 0.0437 0.0307 0.0975 0.0772 
        D539  1 0.0755 0.0900 0.0418 0.0157 0.0660 0.1129 0.0329 0.3531 0.1315 0.0806 
        D540  1 0.0284 0.1999 0.1002 0.0889 0.1775 0.1613 0.1641 0.0379 0.0146 0.0272 
        D541  1 0.8284 0.0140 0.0150 0.0230 0.0218 0.0194 0.0389 0.0119 0.0127 0.0149 
        D551  1 0.0162 0.2596 0.0149 0.0761 0.0707 0.2303 0.1884 0.0983 0.0304 0.0150 
        D552  1 0.0373 0.0381 0.0480 0.0176 0.0373 0.0312 0.0526 0.0740 0.6433 0.0206 
        D553  1 0.1819 0.1077 0.0817 0.1124 0.0889 0.1141 0.2183 0.0411 0.0170 0.0369 
        D615  1 0.5173 0.0728 0.0304 0.0225 0.0566 0.0842 0.0425 0.0988 0.0222 0.0529 
        D616  1 0.2843 0.1374 0.0291 0.0503 0.0866 0.1088 0.1599 0.0751 0.0405 0.0279 
        D621  1 0.0275 0.0201 0.0293 0.0169 0.0223 0.0215 0.0154 0.0210 0.7962 0.0299 
        D622  1 0.0216 0.0247 0.0216 0.0186 0.0167 0.0233 0.0193 0.0176 0.8234 0.0132 
        D623  1 0.0480 0.1839 0.0303 0.0622 0.3737 0.1620 0.0572 0.0233 0.0302 0.0293 
        D624  1 0.4453 0.1244 0.0762 0.0250 0.0587 0.1391 0.0406 0.0434 0.0219 0.0254 
        D625  1 0.5252 0.0479 0.0142 0.0256 0.0431 0.0384 0.0333 0.0287 0.1180 0.1257 
        D626  1 0.0540 0.0388 0.6808 0.0415 0.0296 0.0342 0.0439 0.0283 0.0227 0.0263 
        D627  1 0.0563 0.1669 0.0183 0.1754 0.0931 0.1938 0.2056 0.0298 0.0355 0.0252 
        D690  1 0.8653 0.0123 0.0154 0.0156 0.0165 0.0125 0.0227 0.0110 0.0140 0.0148 
        D691  1 0.0175 0.0151 0.0137 0.0261 0.0150 0.0161 0.0161 0.0162 0.8501 0.0141 
        D710  1 0.0760 0.1250 0.0960 0.2079 0.1430 0.1407 0.1264 0.0233 0.0266 0.0351 
        D711  1 0.8111 0.0173 0.0078 0.0185 0.0240 0.0200 0.0372 0.0277 0.0212 0.0152 
        D712  1 0.0324 0.0902 0.2529 0.1571 0.0953 0.1057 0.0536 0.0537 0.1185 0.0406 
        D713  1 0.0793 0.1700 0.0160 0.0997 0.1023 0.1318 0.1199 0.0260 0.2216 0.0332 
        D746  1 0.0571 0.0182 0.0243 0.0307 0.0155 0.0199 0.0226 0.0238 0.7747 0.0133 
        D747  1 0.8137 0.0160 0.0125 0.0226 0.0184 0.0217 0.0410 0.0324 0.0106 0.0111 
        D748  1 0.0478 0.0205 0.0189 0.0155 0.0140 0.0185 0.0132 0.0138 0.8209 0.0169 
        D749  1 0.0385 0.2262 0.0187 0.0734 0.1572 0.1804 0.0681 0.0606 0.1570 0.0200 
        D750  1 0.8744 0.0120 0.0121 0.0114 0.0172 0.0185 0.0105 0.0184 0.0146 0.0109 
        D763  1 0.0194 0.1076 0.1493 0.0709 0.0746 0.1260 0.0492 0.1532 0.2044 0.0455 
        D764  1 0.8963 0.0110 0.0110 0.0104 0.0134 0.0126 0.0140 0.0079 0.0144 0.0089 
        D765  1 0.0171 0.1866 0.0645 0.0639 0.2214 0.2722 0.0418 0.0592 0.0458 0.0275 
        D766  1 0.0159 0.0208 0.0280 0.0295 0.0161 0.0241 0.0348 0.0181 0.7980 0.0148 
        D767  1 0.0630 0.1182 0.0291 0.2227 0.1171 0.1277 0.0941 0.0739 0.0590 0.0952 
        D768  1 0.0786 0.1791 0.0362 0.0928 0.1422 0.1477 0.2111 0.0416 0.0527 0.0180 
        D811  1 0.0309 0.1048 0.5010 0.0203 0.0887 0.0928 0.0485 0.0229 0.0203 0.0697 
        D816  1 0.4663 0.0222 0.0112 0.0359 0.0239 0.0197 0.2195 0.1795 0.0125 0.0095 
        D825  1 0.2736 0.1021 0.0430 0.0423 0.0688 0.0938 0.1220 0.1402 0.0371 0.0771 
        D866  1 0.0447 0.1301 0.0720 0.0268 0.1731 0.1339 0.0423 0.2529 0.0209 0.1033 
        D867  1 0.0156 0.0979 0.0195 0.5354 0.0509 0.0960 0.0474 0.0399 0.0825 0.0149 
        D871  1 0.2367 0.1014 0.0258 0.1318 0.0791 0.1015 0.1944 0.0267 0.0528 0.0498 
        D872  1 0.0168 0.0431 0.0209 0.0447 0.0514 0.0442 0.0206 0.0209 0.6962 0.0411 
        D873  1 0.0168 0.0981 0.0100 0.0378 0.4645 0.1306 0.1756 0.0189 0.0103 0.0374 
        D874  1 0.1853 0.1042 0.0342 0.0672 0.1425 0.1251 0.1939 0.0821 0.0489 0.0166 
        D875  1 0.0309 0.0868 0.0089 0.1210 0.0604 0.0817 0.1650 0.0234 0.4043 0.0176 
        D876  1 0.0422 0.0373 0.0466 0.0257 0.0263 0.0301 0.0192 0.0432 0.7052 0.0241 
        D877  1 0.3409 0.1440 0.0183 0.0184 0.1871 0.1073 0.0306 0.0788 0.0230 0.0515 
        D892  1 0.0755 0.0357 0.0141 0.0647 0.0270 0.0268 0.0252 0.0260 0.6887 0.0163 
        D893  1 0.0561 0.1341 0.0468 0.1417 0.1360 0.1363 0.1780 0.0592 0.0853 0.0264 
        D894  1 0.9007 0.0104 0.0080 0.0087 0.0111 0.0121 0.0123 0.0161 0.0076 0.0129 
        D915  1 0.0346 0.0826 0.0293 0.2268 0.0990 0.0767 0.1050 0.0396 0.2680 0.0384 
        D916  1 0.9208 0.0087 0.0070 0.0080 0.0084 0.0086 0.0110 0.0089 0.0104 0.0081 
        D917  1 0.0444 0.1633 0.0384 0.1823 0.1429 0.1357 0.0751 0.0319 0.0138 0.1722 
        D925  1 0.1267 0.1049 0.0341 0.0528 0.1627 0.1552 0.1196 0.1055 0.0764 0.0622 
        D926  1 0.2309 0.0771 0.0166 0.0402 0.0445 0.1082 0.1941 0.2503 0.0209 0.0172 
        D927  1 0.0489 0.0923 0.0251 0.1859 0.0533 0.0982 0.1345 0.2988 0.0324 0.0305 
        D928  1 0.5371 0.0840 0.0515 0.0394 0.0785 0.0837 0.0503 0.0168 0.0472 0.0117 
        D929  1 0.0426 0.0774 0.0368 0.2334 0.1048 0.0742 0.0556 0.0518 0.0473 0.2759 
        D936  1 0.2638 0.0453 0.0152 0.0377 0.0478 0.0461 0.2107 0.3048 0.0144 0.0142 
        D938  1 0.0075 0.0095 0.0137 0.0096 0.0091 0.0085 0.0107 0.0081 0.9137 0.0094 
        D956  1 0.8379 0.0193 0.0110 0.0108 0.0361 0.0261 0.0138 0.0207 0.0076 0.0167 
        D957  1 0.0218 0.0497 0.0165 0.0271 0.0838 0.0415 0.0262 0.0281 0.6676 0.0378 
        D958  1 0.0172 0.0077 0.0115 0.0076 0.0072 0.0080 0.0080 0.0084 0.9155 0.0090 
        D959  1 0.0549 0.0369 0.0118 0.2530 0.0363 0.0258 0.5496 0.0124 0.0111 0.0083 
        D960  1 0.0182 0.0612 0.0075 0.0393 0.1559 0.0602 0.0617 0.0312 0.5519 0.0129 
        D989  1 0.0869 0.1336 0.2621 0.0776 0.1100 0.1448 0.0564 0.0736 0.0419 0.0131 
        D990  1 0.0143 0.2066 0.0161 0.0391 0.3123 0.2021 0.0936 0.0152 0.0301 0.0707 
        D211  3 0.0204 0.0223 0.0230 0.1039 0.0165 0.0263 0.0254 0.0190 0.0147 0.7284 
     D229639  3 0.0669 0.1844 0.1842 0.0345 0.0869 0.1675 0.0545 0.1560 0.0117 0.0532 
     D237212  3 0.0913 0.1100 0.0802 0.0798 0.1190 0.1126 0.0750 0.1541 0.0179 0.1601 
     D237213  3 0.0095 0.0896 0.1572 0.0505 0.0850 0.0882 0.0483 0.0607 0.0369 0.3740 
     D237214  3 0.0135 0.0151 0.0081 0.8759 0.0126 0.0131 0.0197 0.0094 0.0197 0.0129 
     D237215  3 0.0117 0.1270 0.1534 0.0204 0.2918 0.1411 0.0350 0.1425 0.0098 0.0673 
     D237216  3 0.0190 0.2800 0.0798 0.0949 0.1489 0.2309 0.0570 0.0384 0.0156 0.0356 
     D237217  3 0.0095 0.1820 0.0569 0.1662 0.0620 0.1928 0.0638 0.0645 0.0490 0.1532 
     D237218  3 0.0380 0.0714 0.0490 0.0361 0.0682 0.1198 0.2388 0.2629 0.0807 0.0353 
     D237219  3 0.0110 0.0538 0.6307 0.0295 0.0655 0.0609 0.0214 0.0194 0.0442 0.0637 
     D237382  3 0.0803 0.1038 0.0770 0.0972 0.1997 0.0926 0.0225 0.0814 0.1212 0.1243 
     D244127  3 0.0095 0.1145 0.1003 0.0429 0.3027 0.1891 0.0772 0.0451 0.0296 0.0892 
     D244129  3 0.0799 0.1329 0.0752 0.1856 0.1270 0.1375 0.0425 0.0476 0.0805 0.0912 
     D244133  3 0.0307 0.0280 0.7722 0.0172 0.0346 0.0324 0.0253 0.0258 0.0194 0.0143 
     D244134  3 0.0121 0.0500 0.5996 0.0261 0.0544 0.0535 0.0327 0.0275 0.0683 0.0758 
     D244135  3 0.0138 0.0507 0.0201 0.7057 0.0301 0.0559 0.0324 0.0204 0.0151 0.0558 
     D244136  3 0.0814 0.0834 0.3953 0.0463 0.0979 0.0816 0.1221 0.0261 0.0441 0.0219 
        D416  3 0.0193 0.1270 0.2702 0.0638 0.1001 0.1055 0.0634 0.1917 0.0144 0.0446 
        D417  3 0.1952 0.1158 0.0309 0.0285 0.0839 0.1244 0.0717 0.1713 0.1614 0.0168 
        D419  3 0.0202 0.1045 0.2952 0.0589 0.1183 0.1195 0.0407 0.0682 0.1266 0.0479 
        D565  3 0.2574 0.0995 0.1995 0.0326 0.1755 0.0913 0.0601 0.0215 0.0427 0.0200 
        D566  3 0.2720 0.1363 0.0951 0.0295 0.1230 0.1275 0.0681 0.0995 0.0148 0.0341 
        D567  3 0.1632 0.0890 0.0710 0.1072 0.0691 0.0876 0.1218 0.1616 0.0625 0.0670 
        D568  3 0.0270 0.0994 0.0704 0.0620 0.0562 0.0926 0.0737 0.2833 0.1790 0.0565 
        D569  3 0.0201 0.1224 0.0271 0.2161 0.2743 0.1044 0.0871 0.0251 0.0123 0.1110 
        D573  3 0.1504 0.2276 0.0321 0.0379 0.1183 0.1831 0.1262 0.0957 0.0087 0.0199 
        D574  3 0.0526 0.1376 0.0577 0.1113 0.1579 0.1436 0.1908 0.0572 0.0552 0.0362 
        D575  3 0.0071 0.0144 0.8350 0.0204 0.0104 0.0140 0.0193 0.0101 0.0152 0.0541 
        D576  3 0.0088 0.1258 0.3223 0.0654 0.1264 0.1106 0.0203 0.1436 0.0064 0.0705 
        D577  3 0.0780 0.0699 0.0659 0.1024 0.0464 0.0765 0.1325 0.0356 0.1718 0.2208 
        D578  3 0.0063 0.0168 0.0131 0.8862 0.0118 0.0137 0.0156 0.0108 0.0154 0.0102 
        D579  3 0.3894 0.0761 0.0720 0.0259 0.0789 0.0642 0.1379 0.1041 0.0251 0.0265 
        D660  3 0.0140 0.0990 0.0649 0.1710 0.2671 0.1048 0.0870 0.0818 0.0169 0.0935 
        D661  3 0.0129 0.0256 0.0146 0.0141 0.0248 0.0180 0.0896 0.6934 0.0868 0.0202 
        D663  3 0.0144 0.3385 0.0153 0.0797 0.1708 0.2492 0.0258 0.0640 0.0116 0.0307 
        D664  3 0.0136 0.1296 0.1456 0.2049 0.1641 0.1142 0.0245 0.0595 0.0451 0.0990 
        D665  3 0.0133 0.0434 0.0410 0.0356 0.0335 0.0350 0.0169 0.0140 0.0100 0.7575 
        D666  3 0.0132 0.0267 0.8103 0.0273 0.0286 0.0234 0.0168 0.0139 0.0229 0.0169 
        D502  6 0.0102 0.0683 0.0201 0.0196 0.0426 0.0572 0.0495 0.0469 0.0100 0.6755 
        D503  6 0.0412 0.0989 0.0344 0.0208 0.0697 0.0969 0.0656 0.4650 0.0479 0.0597 
        D504  6 0.1723 0.1394 0.0238 0.0397 0.0751 0.1665 0.1899 0.1263 0.0479 0.0193 
        D505  6 0.1066 0.1345 0.0402 0.1348 0.1380 0.1492 0.0754 0.0980 0.0157 0.1076 
        D506  6 0.7229 0.0370 0.0235 0.0360 0.0387 0.0498 0.0605 0.0131 0.0086 0.0100 
        D507  6 0.0230 0.2366 0.0537 0.0336 0.1809 0.1688 0.1522 0.0652 0.0279 0.0581 
        D508  6 0.0295 0.1726 0.0240 0.0345 0.1143 0.1522 0.0911 0.2098 0.0125 0.1594 
        D529  6 0.0538 0.1112 0.0406 0.3875 0.0555 0.1262 0.1193 0.0415 0.0254 0.0390 
        D530  6 0.0182 0.0503 0.0390 0.0496 0.1010 0.0390 0.0698 0.0424 0.0288 0.5619 
        D531  6 0.1882 0.1706 0.0695 0.0458 0.1175 0.1522 0.0713 0.1089 0.0277 0.0484 
        D532  6 0.0632 0.1428 0.0289 0.0968 0.2173 0.1518 0.2177 0.0346 0.0155 0.0314 
        D534  6 0.0275 0.1181 0.0172 0.0763 0.0888 0.1149 0.1078 0.0843 0.3252 0.0400 
        D535  6 0.0651 0.1627 0.0863 0.0734 0.1659 0.1858 0.1613 0.0292 0.0232 0.0470 
        D536  6 0.0287 0.1176 0.0229 0.1319 0.1022 0.1365 0.1415 0.2319 0.0105 0.0761 
        D554  6 0.2260 0.1016 0.0490 0.0877 0.1074 0.1054 0.1280 0.0705 0.0446 0.0798 
        D587  6 0.2456 0.1570 0.0487 0.0433 0.1500 0.1538 0.0529 0.0482 0.0785 0.0221 
        D588  6 0.0230 0.2771 0.0361 0.0755 0.2151 0.2465 0.0756 0.0233 0.0094 0.0185 
        D589  6 0.0209 0.1897 0.0251 0.0312 0.2021 0.1559 0.0767 0.1942 0.0189 0.0852 
        D590  6 0.1047 0.0902 0.0280 0.0955 0.0716 0.0924 0.3776 0.1044 0.0194 0.0162 
        D591  6 0.0593 0.1508 0.2568 0.0385 0.0804 0.1585 0.0546 0.0798 0.0690 0.0524 
        D592  6 0.1506 0.0829 0.0336 0.0399 0.0897 0.0933 0.0646 0.0465 0.3378 0.0610 
        D593  6 0.0078 0.0182 0.0140 0.0103 0.0507 0.0166 0.0151 0.0302 0.0093 0.8279 
        D682  6 0.7436 0.0469 0.0303 0.0203 0.0458 0.0380 0.0278 0.0220 0.0157 0.0095 
        D683  6 0.1770 0.1150 0.0274 0.0679 0.0703 0.1291 0.1072 0.0891 0.0356 0.1813 
        D684  6 0.0342 0.1705 0.0197 0.1025 0.1246 0.1979 0.0851 0.1213 0.0179 0.1264 
        D685  6 0.0151 0.2462 0.0477 0.0292 0.0668 0.2585 0.0398 0.0915 0.0180 0.1872 
        D686  6 0.0360 0.1283 0.0125 0.0667 0.3438 0.1541 0.2019 0.0248 0.0121 0.0199 
        D724  6 0.0333 0.1171 0.0255 0.0408 0.0816 0.0800 0.1453 0.2898 0.0455 0.1411 
        D725  6 0.0128 0.1150 0.0745 0.0616 0.0954 0.1170 0.0817 0.0675 0.1124 0.2622 
        D726  6 0.5889 0.0671 0.0443 0.0327 0.0417 0.0782 0.0493 0.0185 0.0607 0.0187 
        D727  6 0.0250 0.0981 0.0340 0.1847 0.0538 0.0843 0.4706 0.0212 0.0077 0.0206 
        D728  6 0.1180 0.1473 0.1773 0.0285 0.1745 0.1378 0.0641 0.0303 0.0321 0.0902 
        D729  6 0.0192 0.0442 0.0085 0.2126 0.0515 0.0370 0.5899 0.0098 0.0078 0.0195 
        D730  6 0.0536 0.0917 0.0270 0.0311 0.1126 0.0797 0.2443 0.3023 0.0247 0.0331 
        D731  6 0.0668 0.0773 0.3000 0.0426 0.1002 0.0882 0.0274 0.2374 0.0144 0.0457 
        D732  6 0.0352 0.1300 0.0440 0.0664 0.1542 0.1188 0.1371 0.0548 0.0345 0.2250 
        D733  6 0.0265 0.0603 0.0508 0.0858 0.1000 0.0652 0.0723 0.2057 0.2475 0.0859 
     D237251  7 0.0137 0.0649 0.1082 0.0320 0.0518 0.0853 0.2121 0.3928 0.0135 0.0256 
     D237252  7 0.0125 0.0546 0.0529 0.0450 0.0504 0.0422 0.0206 0.5085 0.0400 0.1732 
     D237253  7 0.0598 0.2095 0.0538 0.0688 0.1277 0.1908 0.1060 0.1489 0.0173 0.0174 
     D237254  7 0.0079 0.0174 0.0096 0.8826 0.0109 0.0161 0.0134 0.0127 0.0183 0.0111 
     D237255  7 0.0269 0.1168 0.2023 0.0653 0.0951 0.1429 0.0499 0.2529 0.0253 0.0227 
     D237256  7 0.0142 0.2745 0.0421 0.0531 0.1834 0.2453 0.0332 0.0844 0.0110 0.0589 
     D237257  7 0.0240 0.2348 0.0180 0.2352 0.1216 0.2174 0.0487 0.0327 0.0145 0.0531 
     D237282  7 0.0692 0.1141 0.0258 0.1636 0.1229 0.1235 0.1663 0.0789 0.1159 0.0198 
     D237283  7 0.0075 0.0165 0.0375 0.0104 0.0155 0.0197 0.0109 0.0417 0.0135 0.8268 
     D237284  7 0.0394 0.0651 0.0256 0.6376 0.0350 0.0479 0.0504 0.0410 0.0300 0.0279 
     D237285  7 0.0173 0.0728 0.0340 0.0781 0.1179 0.0794 0.1788 0.0922 0.0161 0.3133 
     D237286  7 0.0802 0.2150 0.0287 0.0812 0.2141 0.1927 0.1079 0.0310 0.0252 0.0240 
     D237287  7 0.0288 0.1591 0.2499 0.0425 0.1024 0.1688 0.1326 0.0670 0.0175 0.0312 
     D244006  7 0.0131 0.0125 0.0087 0.8773 0.0210 0.0140 0.0169 0.0103 0.0129 0.0134 
     D244007  7 0.0301 0.0587 0.0210 0.1578 0.1177 0.0642 0.3773 0.0384 0.1213 0.0135 
     D244008  7 0.0122 0.0168 0.0533 0.0146 0.0117 0.0164 0.0113 0.0168 0.0247 0.8223 
     D244009  7 0.0273 0.0483 0.0306 0.0231 0.0341 0.0491 0.0309 0.1238 0.5524 0.0805 
     D244010  7 0.0361 0.0597 0.0292 0.0499 0.0326 0.0599 0.0227 0.0250 0.0119 0.6731 
     D244011  7 0.0291 0.1790 0.0324 0.0351 0.2199 0.1687 0.1275 0.1082 0.0225 0.0775 
     D244012  7 0.0452 0.1066 0.0238 0.0425 0.0680 0.0740 0.0311 0.0817 0.0082 0.5188 
     D244013  7 0.0332 0.0894 0.0511 0.0544 0.2599 0.0851 0.1928 0.1483 0.0353 0.0504 
     D244014  7 0.0124 0.1156 0.1867 0.0215 0.2080 0.1321 0.1811 0.0469 0.0383 0.0575 
     D244015  7 0.0242 0.2410 0.0918 0.0627 0.1917 0.1639 0.1055 0.0225 0.0467 0.0501 
     D244125  7 0.0765 0.1693 0.1348 0.0253 0.1930 0.1571 0.0621 0.1128 0.0459 0.0232 
     D244126  7 0.0151 0.0119 0.0128 0.0105 0.0162 0.0132 0.0119 0.0142 0.0144 0.8798 
     D244130  7 0.0167 0.1690 0.0113 0.0274 0.4176 0.2025 0.0648 0.0358 0.0144 0.0405 
     D244131  7 0.2165 0.0396 0.0180 0.0315 0.1989 0.0545 0.2873 0.0578 0.0715 0.0244 
     D244132  7 0.0281 0.1553 0.0982 0.0260 0.1779 0.1878 0.0901 0.0583 0.1575 0.0209 
        D520  7 0.0255 0.0632 0.0426 0.0501 0.0754 0.1008 0.0413 0.0353 0.0228 0.5429 
        D521  7 0.0278 0.1070 0.0333 0.0877 0.2592 0.1261 0.0769 0.0942 0.0369 0.1510 
        D522  7 0.0205 0.0278 0.0390 0.0230 0.0381 0.0306 0.0705 0.0331 0.7023 0.0152 
        D523  7 0.0187 0.0581 0.0317 0.0190 0.0521 0.0589 0.0928 0.5864 0.0654 0.0167 
        D524  7 0.0266 0.0974 0.0856 0.0476 0.1072 0.0945 0.1844 0.2871 0.0311 0.0385 
        D525  7 0.1442 0.1391 0.0156 0.0550 0.1530 0.1518 0.1115 0.0806 0.0765 0.0728 
        D526  7 0.0211 0.0533 0.0513 0.6567 0.0220 0.0399 0.0447 0.0180 0.0524 0.0404 
        D527  7 0.1062 0.0804 0.0620 0.0189 0.0569 0.0680 0.2276 0.3295 0.0143 0.0363 
        D528  7 0.0099 0.4092 0.0103 0.0156 0.0784 0.4112 0.0094 0.0093 0.0109 0.0357 
        D558  7 0.0256 0.0633 0.0184 0.1589 0.3078 0.0799 0.1572 0.0330 0.0906 0.0653 
        D559  7 0.0329 0.0567 0.0202 0.0569 0.2326 0.0472 0.2709 0.2287 0.0236 0.0302 
        D640  7 0.0199 0.1732 0.2375 0.0187 0.2055 0.1602 0.0730 0.0639 0.0214 0.0266 
        D641  7 0.0135 0.1072 0.2655 0.0703 0.1918 0.1000 0.0686 0.0352 0.0189 0.1291 
        D642  7 0.0184 0.1112 0.0152 0.0884 0.3438 0.0989 0.1794 0.0407 0.0804 0.0234 
        D644  7 0.0465 0.1005 0.0738 0.0818 0.1185 0.1357 0.0792 0.1093 0.0412 0.2135 
        D645  7 0.0269 0.0921 0.3186 0.0223 0.0743 0.0761 0.0402 0.2954 0.0254 0.0286 
        D662  7 0.1121 0.1393 0.0391 0.0238 0.2647 0.1699 0.0904 0.0363 0.1155 0.0090 
        D687  7 0.0469 0.1513 0.0377 0.0233 0.0738 0.1313 0.1466 0.3037 0.0387 0.0468 
        D688  7 0.0203 0.1329 0.0147 0.2027 0.1322 0.1609 0.1489 0.0913 0.0110 0.0850 
        D689  7 0.0230 0.0144 0.8605 0.0106 0.0116 0.0147 0.0100 0.0178 0.0115 0.0260 
        D700  7 0.0131 0.4017 0.0081 0.0150 0.0811 0.4379 0.0146 0.0109 0.0079 0.0096 
        D797  7 0.1792 0.0897 0.0773 0.0353 0.0665 0.1045 0.0734 0.2847 0.0556 0.0339 
        D798  7 0.0132 0.2038 0.1626 0.0303 0.2503 0.1889 0.0383 0.0218 0.0322 0.0586 
        D799  7 0.0284 0.0932 0.0361 0.0418 0.0817 0.0987 0.2352 0.2984 0.0109 0.0755 
        D800  7 0.3102 0.1225 0.0260 0.0370 0.0790 0.1264 0.0501 0.2021 0.0260 0.0207 
        D201  9 0.0158 0.0331 0.0198 0.0220 0.0249 0.0475 0.1105 0.5881 0.1153 0.0231 
        D202  9 0.0185 0.0754 0.0142 0.0134 0.2033 0.0598 0.0435 0.1568 0.0073 0.4077 
     D237259  9 0.0160 0.2901 0.0568 0.0164 0.1509 0.3398 0.0485 0.0203 0.0090 0.0522 
     D237260  9 0.0215 0.1216 0.0195 0.1095 0.0692 0.1596 0.0199 0.4069 0.0097 0.0627 
     D237262  9 0.0295 0.0376 0.0126 0.1466 0.0473 0.0521 0.0180 0.0144 0.0271 0.6150 
     D237263  9 0.0638 0.0792 0.0158 0.0773 0.0854 0.0748 0.1509 0.2771 0.0188 0.1568 
     D237264  9 0.0756 0.1577 0.0283 0.1516 0.1140 0.1384 0.0361 0.1598 0.0292 0.1094 
     D237265  9 0.0277 0.0317 0.0122 0.0165 0.0354 0.0385 0.0219 0.5415 0.0133 0.2612 
     D237266  9 0.0165 0.1485 0.1931 0.0497 0.1688 0.1547 0.1745 0.0457 0.0087 0.0399 
     D237267  9 0.0620 0.1725 0.0606 0.0897 0.1550 0.2458 0.0282 0.0232 0.0067 0.1563 
     D237268  9 0.0217 0.0267 0.0140 0.0238 0.0204 0.0198 0.0178 0.0281 0.0155 0.8121 
     D237289  9 0.0392 0.0391 0.0514 0.0191 0.0404 0.0346 0.0188 0.4747 0.0250 0.2578 
     D237290  9 0.0257 0.0563 0.0453 0.0163 0.0676 0.0591 0.0236 0.4691 0.0122 0.2249 
     D237291  9 0.0143 0.1412 0.0311 0.0581 0.1441 0.1747 0.0831 0.3316 0.0129 0.0091 
     D237292  9 0.0206 0.0770 0.0099 0.0836 0.0414 0.0749 0.0983 0.4111 0.0232 0.1601 
     D237293  9 0.0161 0.0947 0.1599 0.0361 0.1429 0.0663 0.0378 0.0793 0.0188 0.3482 
     D237294  9 0.0284 0.0714 0.0126 0.0492 0.0671 0.0755 0.0308 0.6110 0.0312 0.0229 
     D237295  9 0.2669 0.0746 0.1025 0.0792 0.0744 0.0684 0.0729 0.0397 0.0841 0.1375 
     D237296  9 0.0389 0.2064 0.0684 0.0828 0.1007 0.2050 0.1334 0.0821 0.0501 0.0322 
     D237297  9 0.0318 0.1878 0.0315 0.0843 0.2752 0.2184 0.0499 0.0611 0.0142 0.0458 
     D237298  9 0.0363 0.0979 0.0789 0.0512 0.1008 0.0869 0.2167 0.1920 0.0601 0.0793 
     D237341  9 0.0351 0.1766 0.0593 0.0588 0.1332 0.1598 0.1904 0.0620 0.0648 0.0599 
     D237342  9 0.0467 0.0338 0.0162 0.0245 0.0450 0.0295 0.0199 0.0216 0.0084 0.7545 
     D237343  9 0.0327 0.1735 0.0334 0.1513 0.1777 0.2345 0.0372 0.1063 0.0232 0.0303 
     D237344  9 0.0303 0.1463 0.1738 0.0708 0.2919 0.1151 0.0507 0.0264 0.0186 0.0759 
     D237345  9 0.0151 0.0651 0.0130 0.0820 0.0377 0.0556 0.0349 0.0681 0.2652 0.3633 
     D237346  9 0.0281 0.1907 0.1002 0.0361 0.1361 0.2358 0.0378 0.0872 0.0550 0.0930 
     D237347  9 0.0616 0.1361 0.0696 0.0772 0.2904 0.1427 0.1408 0.0340 0.0234 0.0243 
     D237348  9 0.0250 0.0675 0.0748 0.0561 0.2101 0.0613 0.0790 0.0295 0.0340 0.3627 
     D237349  9 0.0465 0.0673 0.0309 0.0413 0.1634 0.1006 0.3786 0.1022 0.0580 0.0112 
     D244109  9 0.0192 0.0663 0.0198 0.5426 0.0608 0.0836 0.0539 0.1109 0.0155 0.0276 
     D244110  9 0.0298 0.1209 0.0577 0.1968 0.0621 0.1408 0.0619 0.2748 0.0258 0.0294 
     D244111  9 0.0254 0.0914 0.0616 0.0609 0.3337 0.0981 0.1987 0.0614 0.0181 0.0508 
     D244128  9 0.0294 0.0364 0.0125 0.0380 0.0343 0.0350 0.0251 0.0477 0.0130 0.7287 
     D244137  9 0.2703 0.0577 0.0223 0.0527 0.1386 0.0650 0.2380 0.0558 0.0727 0.0268 
     D244138  9 0.0271 0.1439 0.0144 0.0489 0.2198 0.2058 0.1262 0.1509 0.0243 0.0387 
        D580  9 0.0120 0.1032 0.0468 0.0296 0.0779 0.1053 0.0608 0.0371 0.2591 0.2681 
        D581  9 0.0130 0.0266 0.0134 0.0153 0.0264 0.0210 0.0214 0.5754 0.0183 0.2691 
        D582  9 0.0120 0.0160 0.0100 0.0429 0.0127 0.0139 0.0119 0.0181 0.0202 0.8424 
        D583  9 0.0106 0.0861 0.0591 0.0307 0.0564 0.0750 0.0882 0.5418 0.0242 0.0279 
        D584  9 0.0253 0.1178 0.0459 0.0541 0.2962 0.0980 0.1186 0.0419 0.0411 0.1611 
        D585  9 0.0415 0.0724 0.0199 0.0259 0.0450 0.0683 0.0407 0.0520 0.0198 0.6145 
        D586  9 0.0300 0.2887 0.0651 0.0211 0.1952 0.1756 0.0986 0.0901 0.0156 0.0199 
        D651  9 0.0228 0.0254 0.6307 0.0415 0.0305 0.0392 0.0320 0.0155 0.1349 0.0276 
        D652  9 0.1249 0.0793 0.0149 0.0301 0.1218 0.0856 0.3520 0.1401 0.0304 0.0209 
        D653  9 0.0229 0.1975 0.0923 0.0478 0.1682 0.2144 0.1177 0.0221 0.0315 0.0856 
        D654  9 0.0264 0.1719 0.0642 0.1624 0.1686 0.2001 0.0916 0.0479 0.0403 0.0266 
        D655  9 0.0362 0.1735 0.2346 0.0329 0.1408 0.1676 0.0946 0.0494 0.0189 0.0515 
        D656  9 0.0138 0.0530 0.0160 0.3545 0.0291 0.0328 0.4289 0.0167 0.0172 0.0380 
        D657  9 0.0198 0.0926 0.0308 0.2800 0.1964 0.1202 0.0670 0.0961 0.0374 0.0598 
        D667  9 0.0117 0.0157 0.8629 0.0203 0.0129 0.0169 0.0142 0.0101 0.0071 0.0282 
        D668  9 0.0164 0.1133 0.2389 0.0276 0.1253 0.1253 0.0323 0.0399 0.0943 0.1867 
        D669  9 0.0175 0.0480 0.0281 0.0233 0.0333 0.0411 0.0187 0.5233 0.0433 0.2233 
        D670  9 0.0143 0.1740 0.2533 0.0307 0.1209 0.1600 0.1770 0.0190 0.0217 0.0293 
        D671  9 0.0408 0.0981 0.0148 0.0406 0.0663 0.1045 0.0845 0.4585 0.0406 0.0514 
        D672  9 0.0348 0.0858 0.0615 0.0232 0.0635 0.0972 0.0301 0.1485 0.1340 0.3213 
        D673  9 0.0186 0.0904 0.4491 0.0166 0.0753 0.0966 0.0273 0.0400 0.1303 0.0558 
        D692  9 0.0162 0.0459 0.0193 0.1751 0.0558 0.0494 0.4334 0.0326 0.0113 0.1610 
        D693  9 0.0180 0.0412 0.6016 0.0324 0.0553 0.0504 0.0521 0.0272 0.0540 0.0679 
        D694  9 0.0190 0.0840 0.0135 0.3885 0.0868 0.1081 0.0253 0.0772 0.0297 0.1678 
        D695  9 0.0574 0.1422 0.1144 0.0299 0.0969 0.1171 0.0785 0.0628 0.1300 0.1708 
        D696  9 0.4483 0.0528 0.0505 0.0344 0.2168 0.0486 0.0312 0.0276 0.0598 0.0300 
        D697  9 0.0180 0.0234 0.8220 0.0137 0.0210 0.0221 0.0181 0.0179 0.0298 0.0140 
        D698  9 0.0546 0.1061 0.1719 0.0241 0.1313 0.1356 0.0321 0.0705 0.0307 0.2431 
        D699  9 0.0198 0.0666 0.4932 0.0236 0.0905 0.0520 0.0220 0.0532 0.0226 0.1564 
        D787  9 0.0591 0.1190 0.0823 0.0295 0.1600 0.1448 0.2510 0.1159 0.0121 0.0264 
        D788  9 0.0149 0.0605 0.3325 0.0179 0.0987 0.0690 0.0267 0.0384 0.0200 0.3216 
        D789  9 0.0298 0.1090 0.0471 0.1491 0.1547 0.1134 0.0342 0.0857 0.0175 0.2593 
        D790  9 0.0171 0.0759 0.4998 0.0314 0.0690 0.0930 0.1074 0.0465 0.0365 0.0234 
        D791  9 0.0194 0.0626 0.0179 0.0456 0.0645 0.0564 0.0341 0.4621 0.0106 0.2269 
        D792  9 0.0655 0.1052 0.0811 0.2795 0.0926 0.1464 0.1354 0.0541 0.0253 0.0150 
        D793  9 0.0376 0.0248 0.8090 0.0139 0.0234 0.0180 0.0363 0.0124 0.0111 0.0137 
        D794  9 0.0551 0.0811 0.3429 0.1587 0.0993 0.0849 0.0655 0.0396 0.0405 0.0324 
        D795  9 0.0402 0.0335 0.0201 0.0148 0.0745 0.0327 0.0197 0.0286 0.0098 0.7261 
        D796  9 0.0144 0.0279 0.6507 0.0118 0.0261 0.0434 0.0200 0.0455 0.0107 0.1495 
        D005 12 0.0117 0.0354 0.0113 0.7685 0.0603 0.0477 0.0225 0.0134 0.0133 0.0158 
        D035 12 0.0121 0.0234 0.8633 0.0113 0.0132 0.0289 0.0122 0.0151 0.0113 0.0091 
        D067 12 0.0359 0.1095 0.4213 0.0275 0.0640 0.1217 0.0738 0.0471 0.0197 0.0796 
        D134 12 0.0218 0.2238 0.0295 0.0854 0.1791 0.2396 0.0621 0.0637 0.0097 0.0853 
        D135 12 0.0186 0.2903 0.0353 0.0303 0.1761 0.3185 0.0255 0.0433 0.0213 0.0409 
        D136 12 0.1971 0.1575 0.0500 0.1134 0.1235 0.1222 0.0719 0.0174 0.1202 0.0267 
        D137 12 0.0128 0.1787 0.2589 0.0309 0.1033 0.1344 0.0393 0.1299 0.0291 0.0828 
        D138 12 0.0408 0.1619 0.1623 0.0253 0.0983 0.1437 0.1112 0.1842 0.0518 0.0205 
        D139 12 0.0227 0.1310 0.0256 0.0792 0.2155 0.1285 0.1679 0.1552 0.0240 0.0504 
        D140 12 0.0229 0.0271 0.7931 0.0188 0.0373 0.0293 0.0211 0.0134 0.0219 0.0152 
        D141 12 0.0082 0.0298 0.1423 0.0616 0.0294 0.0300 0.0319 0.0257 0.3075 0.3335 
        D150 12 0.0228 0.1578 0.0144 0.0692 0.4153 0.1626 0.0955 0.0246 0.0115 0.0263 
        D177 12 0.0238 0.2084 0.0530 0.0659 0.1613 0.1583 0.2205 0.0311 0.0081 0.0696 
        D178 12 0.2117 0.1453 0.0160 0.1045 0.1504 0.1274 0.0989 0.0441 0.0876 0.0140 
        D179 12 0.0368 0.2288 0.0583 0.1010 0.1190 0.2160 0.0907 0.0688 0.0621 0.0185 
        D180 12 0.0139 0.0956 0.2809 0.2105 0.0709 0.0608 0.0695 0.0409 0.0182 0.1387 
        D187 12 0.0221 0.0443 0.7638 0.0155 0.0359 0.0289 0.0171 0.0282 0.0091 0.0352 
        D188 12 0.0141 0.0795 0.0164 0.2616 0.0338 0.1158 0.1441 0.0366 0.0934 0.2047 
        D191 12 0.0209 0.0547 0.1008 0.0325 0.0380 0.0516 0.0604 0.3895 0.2222 0.0292 
        D418 12 0.0135 0.0792 0.0786 0.0514 0.0501 0.0949 0.0565 0.2177 0.3067 0.0512 
        D601 12 0.0191 0.0516 0.0244 0.4010 0.0433 0.0723 0.0253 0.0184 0.0112 0.3332 
        D836 12 0.0093 0.0323 0.2406 0.0548 0.0261 0.0279 0.0200 0.0188 0.0137 0.5565 
        D837 12 0.1759 0.0714 0.0306 0.0316 0.1512 0.0865 0.2482 0.1307 0.0434 0.0306 
        D838 12 0.0224 0.0289 0.7682 0.0091 0.0410 0.0237 0.0326 0.0484 0.0122 0.0134 
        D839 12 0.0300 0.0670 0.0273 0.0388 0.0493 0.0560 0.0799 0.5093 0.0366 0.1058 
        D840 12 0.0252 0.0950 0.1268 0.0345 0.2029 0.0891 0.2106 0.0374 0.1533 0.0252 
        D841 12 0.0102 0.0133 0.8845 0.0115 0.0130 0.0128 0.0149 0.0163 0.0128 0.0108 
        D842 12 0.0145 0.1013 0.0118 0.0606 0.3126 0.0843 0.1867 0.0885 0.1191 0.0207 
        D843 12 0.0695 0.1257 0.1693 0.0743 0.1171 0.1482 0.1150 0.0521 0.0119 0.1170 
        D844 12 0.0271 0.0377 0.0077 0.0611 0.0199 0.0288 0.0750 0.6332 0.0919 0.0176 
        D912 12 0.1018 0.0659 0.0372 0.0450 0.1937 0.0461 0.2370 0.0832 0.1776 0.0125 
        D913 12 0.0322 0.1596 0.2046 0.0539 0.0923 0.1841 0.0483 0.1948 0.0151 0.0152 
        D914 12 0.0204 0.1288 0.0699 0.0614 0.2737 0.1188 0.2313 0.0520 0.0218 0.0218 
        D922 12 0.0160 0.0250 0.7743 0.0188 0.0152 0.0221 0.0153 0.0150 0.0194 0.0788 
        D939 12 0.0152 0.0526 0.1499 0.0966 0.0359 0.0398 0.0360 0.0320 0.0340 0.5078 
        D944 12 0.0198 0.1993 0.0865 0.0734 0.0977 0.2690 0.0261 0.1650 0.0534 0.0097 
        D945 12 0.0234 0.1750 0.1131 0.0742 0.1451 0.1849 0.0685 0.0837 0.0178 0.1141 
        D985 12 0.0279 0.1439 0.0896 0.2974 0.1500 0.1038 0.0588 0.0221 0.0691 0.0374 
        D986 12 0.0479 0.1485 0.0115 0.0453 0.1831 0.1315 0.2405 0.1313 0.0115 0.0488 
        D987 12 0.0504 0.1098 0.0268 0.0800 0.2431 0.0910 0.2488 0.0855 0.0526 0.0120 
        D988 12 0.0445 0.1432 0.0333 0.1330 0.1979 0.1896 0.1364 0.0371 0.0220 0.0630 
        D996 12 0.0155 0.1553 0.2071 0.1125 0.1743 0.1225 0.1463 0.0325 0.0195 0.0145 
        D997 12 0.0379 0.1007 0.0799 0.0690 0.0901 0.0897 0.0430 0.0482 0.0262 0.4152 
        D998 12 0.0353 0.2850 0.1435 0.0237 0.1030 0.2176 0.0710 0.0658 0.0115 0.0437 
        D999 12 0.0169 0.0554 0.0247 0.0201 0.0597 0.0614 0.0426 0.6022 0.0325 0.0842 
