        D174  1 0.1705 0.4290 0.1088 0.1295 0.1622 
        D199  1 0.1241 0.2051 0.1622 0.1864 0.3222 
        D203  1 0.2717 0.2314 0.0994 0.1555 0.2421 
        D204  1 0.1016 0.7446 0.0418 0.0594 0.0526 
     D237366  1 0.5242 0.0986 0.0840 0.0963 0.1968 
     D237367  1 0.2722 0.1163 0.1169 0.2525 0.2421 
     D237368  1 0.3358 0.3133 0.0678 0.0939 0.1892 
     D244101  1 0.2709 0.2225 0.0711 0.0687 0.3668 
     D244102  1 0.2790 0.2036 0.1584 0.2052 0.1538 
     D244103  1 0.1923 0.1200 0.1214 0.1136 0.4527 
     D244104  1 0.1023 0.3667 0.4027 0.0502 0.0781 
     D244105  1 0.3544 0.0392 0.2397 0.0463 0.3203 
     D244106  1 0.0643 0.7636 0.0413 0.0411 0.0897 
     D244107  1 0.2442 0.0371 0.0987 0.2610 0.3590 
     D244108  1 0.4202 0.1712 0.1590 0.1035 0.1461 
     D244113  1 0.1231 0.2002 0.2123 0.2137 0.2507 
     D244114  1 0.1753 0.1375 0.1367 0.0474 0.5031 
     D244115  1 0.0943 0.6525 0.0622 0.0664 0.1246 
     D267365  1 0.2166 0.3620 0.1403 0.1178 0.1634 
        D404  1 0.0597 0.5104 0.0706 0.2607 0.0987 
        D405  1 0.0844 0.3633 0.1405 0.2762 0.1356 
        D406  1 0.8924 0.0321 0.0217 0.0242 0.0295 
        D407  1 0.1370 0.5244 0.0568 0.0582 0.2236 
        D408  1 0.0537 0.5450 0.1822 0.1106 0.1085 
        D409  1 0.1879 0.1529 0.1122 0.0950 0.4520 
        D410  1 0.2540 0.0920 0.1075 0.1366 0.4099 
        D421  1 0.0460 0.7314 0.0879 0.0329 0.1018 
        D422  1 0.3569 0.0765 0.0434 0.1000 0.4231 
        D423  1 0.2263 0.0556 0.0659 0.1082 0.5440 
        D424  1 0.0539 0.7306 0.0385 0.0307 0.1463 
        D425  1 0.1054 0.1974 0.2809 0.0579 0.3584 
        D426  1 0.0963 0.0795 0.1002 0.0400 0.6839 
        D427  1 0.0315 0.4671 0.3208 0.0331 0.1475 
        D428  1 0.1347 0.5891 0.0992 0.0550 0.1220 
        D429  1 0.0551 0.8490 0.0287 0.0291 0.0382 
        D430  1 0.0492 0.5716 0.1255 0.0925 0.1611 
        D491  1 0.1325 0.5446 0.1853 0.0471 0.0905 
        D492  1 0.1485 0.6862 0.0287 0.0451 0.0915 
        D537  1 0.4091 0.2116 0.1081 0.0582 0.2130 
        D538  1 0.2466 0.2414 0.0722 0.2669 0.1728 
        D539  1 0.3091 0.2130 0.2136 0.1412 0.1232 
        D540  1 0.0865 0.0840 0.3991 0.0622 0.3682 
        D541  1 0.0440 0.8363 0.0339 0.0371 0.0487 
        D551  1 0.1283 0.0570 0.0467 0.0389 0.7291 
        D552  1 0.6088 0.1718 0.1162 0.0325 0.0707 
        D553  1 0.0846 0.4118 0.2226 0.0593 0.2218 
        D615  1 0.0984 0.6007 0.0928 0.1082 0.0998 
        D616  1 0.1429 0.3846 0.0980 0.1230 0.2515 
        D621  1 0.6941 0.0695 0.0950 0.0724 0.0691 
        D622  1 0.8051 0.0440 0.0502 0.0356 0.0651 
        D623  1 0.1613 0.1989 0.1400 0.2767 0.2232 
        D624  1 0.0493 0.5362 0.1391 0.0688 0.2066 
        D625  1 0.1411 0.5929 0.0380 0.1415 0.0865 
        D626  1 0.0935 0.1107 0.6541 0.0521 0.0897 
        D627  1 0.1651 0.1710 0.0482 0.0664 0.5493 
        D690  1 0.0346 0.8561 0.0367 0.0425 0.0301 
        D691  1 0.8136 0.0508 0.0395 0.0387 0.0574 
        D710  1 0.1566 0.2804 0.1891 0.1273 0.2465 
        D711  1 0.0520 0.8268 0.0223 0.0625 0.0364 
        D712  1 0.2643 0.1365 0.3663 0.0875 0.1453 
        D713  1 0.2559 0.2323 0.0768 0.0818 0.3532 
        D746  1 0.8074 0.0780 0.0452 0.0301 0.0392 
        D747  1 0.0377 0.8622 0.0310 0.0382 0.0308 
        D748  1 0.6391 0.1554 0.0652 0.0547 0.0856 
        D749  1 0.3100 0.0803 0.0571 0.0855 0.4670 
        D750  1 0.0409 0.8613 0.0361 0.0300 0.0317 
        D763  1 0.2991 0.0735 0.3286 0.1277 0.1712 
        D764  1 0.0371 0.8671 0.0339 0.0250 0.0370 
        D765  1 0.1963 0.0516 0.2888 0.0580 0.4054 
        D766  1 0.7469 0.0499 0.1015 0.0445 0.0572 
        D767  1 0.3506 0.1494 0.0828 0.2736 0.1435 
        D768  1 0.1913 0.2663 0.1331 0.0589 0.3504 
        D811  1 0.0365 0.0933 0.6330 0.1336 0.1036 
        D816  1 0.0593 0.8364 0.0353 0.0283 0.0408 
        D825  1 0.1325 0.4595 0.1368 0.1524 0.1188 
        D866  1 0.0791 0.1488 0.2374 0.4063 0.1283 
        D867  1 0.3633 0.0548 0.0464 0.1150 0.4205 
        D871  1 0.1770 0.3228 0.0591 0.0994 0.3417 
        D872  1 0.6781 0.0829 0.0663 0.1009 0.0718 
        D873  1 0.1619 0.0368 0.0353 0.4464 0.3196 
        D874  1 0.1470 0.6183 0.0773 0.0486 0.1088 
        D875  1 0.4272 0.0865 0.0313 0.0631 0.3918 
        D876  1 0.5874 0.1799 0.1225 0.0396 0.0706 
        D877  1 0.0591 0.4654 0.0760 0.1958 0.2037 
        D892  1 0.6411 0.2023 0.0357 0.0390 0.0820 
        D893  1 0.3063 0.2280 0.1648 0.0932 0.2077 
        D894  1 0.0306 0.8785 0.0231 0.0312 0.0366 
        D915  1 0.5164 0.1250 0.0949 0.1147 0.1490 
        D916  1 0.0309 0.9049 0.0188 0.0219 0.0234 
        D917  1 0.0808 0.1813 0.1196 0.3677 0.2506 
        D925  1 0.2852 0.2340 0.1331 0.1642 0.1835 
        D926  1 0.1722 0.5724 0.0512 0.0571 0.1470 
        D927  1 0.2800 0.2184 0.1166 0.1145 0.2705 
        D928  1 0.0585 0.7008 0.1339 0.0312 0.0756 
        D929  1 0.2397 0.1065 0.0793 0.4524 0.1222 
        D936  1 0.1274 0.6657 0.0515 0.0773 0.0781 
        D938  1 0.8502 0.0311 0.0535 0.0302 0.0350 
        D956  1 0.0301 0.8082 0.0434 0.0599 0.0584 
        D957  1 0.7223 0.0668 0.0459 0.0979 0.0670 
        D958  1 0.7905 0.0892 0.0525 0.0317 0.0362 
        D959  1 0.1170 0.3395 0.0619 0.0367 0.4449 
        D960  1 0.7086 0.0515 0.0231 0.0820 0.1348 
        D989  1 0.1070 0.3000 0.3868 0.0471 0.1591 
        D990  1 0.1583 0.0499 0.0745 0.2822 0.4352 
        D211  3 0.1139 0.0613 0.1133 0.5986 0.1129 
     D229639  3 0.0615 0.1826 0.4260 0.1761 0.1538 
     D237212  3 0.0677 0.1524 0.2469 0.3869 0.1461 
     D237213  3 0.1083 0.0333 0.3018 0.4767 0.0798 
     D237214  3 0.3130 0.0797 0.0297 0.1232 0.4545 
     D237215  3 0.0319 0.0476 0.5279 0.2434 0.1493 
     D237216  3 0.0940 0.0716 0.1885 0.1367 0.5092 
     D237217  3 0.2323 0.0352 0.1746 0.1708 0.3871 
     D237218  3 0.4323 0.2205 0.1142 0.0784 0.1545 
     D237219  3 0.0905 0.0327 0.6917 0.1043 0.0808 
     D237382  3 0.2137 0.1855 0.1520 0.3452 0.1035 
     D244127  3 0.0999 0.0377 0.3983 0.2984 0.1657 
     D244129  3 0.2156 0.1702 0.1872 0.2649 0.1621 
     D244133  3 0.0578 0.1108 0.6799 0.0658 0.0856 
     D244134  3 0.1233 0.0391 0.6762 0.0969 0.0645 
     D244135  3 0.2771 0.0499 0.0956 0.2853 0.2921 
     D244136  3 0.1234 0.2444 0.4284 0.0712 0.1326 
        D416  3 0.0814 0.0622 0.5160 0.1241 0.2162 
        D417  3 0.3939 0.3599 0.0624 0.0381 0.1457 
        D419  3 0.2083 0.0687 0.5037 0.1174 0.1019 
        D565  3 0.0713 0.4629 0.3117 0.0580 0.0962 
        D566  3 0.0415 0.4838 0.2112 0.1354 0.1282 
        D567  3 0.2546 0.2939 0.1953 0.1459 0.1103 
        D568  3 0.4793 0.0714 0.2248 0.1079 0.1165 
        D569  3 0.0975 0.0576 0.0672 0.5462 0.2316 
        D573  3 0.0484 0.2942 0.2071 0.1201 0.3302 
        D574  3 0.1651 0.2061 0.1661 0.1682 0.2945 
        D575  3 0.0576 0.0230 0.7905 0.0853 0.0437 
        D576  3 0.0222 0.0259 0.6643 0.1841 0.1034 
        D577  3 0.3487 0.1618 0.1828 0.1503 0.1564 
        D578  3 0.3786 0.0257 0.0481 0.1100 0.4375 
        D579  3 0.0984 0.5537 0.1768 0.0950 0.0761 
        D660  3 0.0885 0.0449 0.1723 0.5066 0.1876 
        D661  3 0.5556 0.0983 0.0955 0.0780 0.1726 
        D663  3 0.0673 0.0704 0.1020 0.2543 0.5060 
        D664  3 0.1603 0.0409 0.2907 0.3236 0.1846 
        D665  3 0.0413 0.0264 0.0953 0.7429 0.0941 
        D666  3 0.0552 0.0395 0.8125 0.0478 0.0451 
        D502  6 0.0420 0.0283 0.1061 0.6360 0.1876 
        D503  6 0.2962 0.1063 0.1161 0.1943 0.2870 
        D504  6 0.1822 0.5463 0.0676 0.0617 0.1422 
        D505  6 0.0754 0.2439 0.1235 0.3354 0.2217 
        D506  6 0.0367 0.7686 0.0736 0.0333 0.0878 
        D507  6 0.1018 0.1080 0.2547 0.1823 0.3532 
        D508  6 0.0697 0.1144 0.1359 0.5374 0.1427 
        D529  6 0.1978 0.2275 0.1466 0.1505 0.2776 
        D530  6 0.0676 0.0425 0.0763 0.7286 0.0851 
        D531  6 0.0707 0.4634 0.1813 0.1571 0.1275 
        D532  6 0.1072 0.2041 0.1357 0.1278 0.4253 
        D534  6 0.5837 0.0818 0.0613 0.1109 0.1622 
        D535  6 0.0781 0.2635 0.2507 0.1011 0.3066 
        D536  6 0.0896 0.0853 0.0666 0.3419 0.4165 
        D554  6 0.1147 0.3915 0.1078 0.2046 0.1814 
        D587  6 0.1884 0.4874 0.1103 0.0624 0.1514 
        D588  6 0.0394 0.1104 0.1182 0.0972 0.6348 
        D589  6 0.0934 0.0931 0.0739 0.4142 0.3255 
        D590  6 0.0977 0.3112 0.0926 0.0752 0.4233 
        D591  6 0.1805 0.1790 0.2276 0.1265 0.2864 
        D592  6 0.4949 0.1988 0.0621 0.1147 0.1295 
        D593  6 0.0312 0.0250 0.0814 0.8169 0.0454 
        D682  6 0.0377 0.7488 0.1113 0.0326 0.0696 
        D683  6 0.1127 0.4170 0.0619 0.2393 0.1691 
        D684  6 0.1285 0.1158 0.0500 0.4458 0.2598 
        D685  6 0.0668 0.0422 0.1213 0.2960 0.4736 
        D686  6 0.0774 0.0826 0.0580 0.1390 0.6429 
        D724  6 0.2388 0.1332 0.1083 0.3539 0.1659 
        D725  6 0.1949 0.0369 0.1817 0.4178 0.1688 
        D726  6 0.0918 0.7108 0.0835 0.0358 0.0781 
        D727  6 0.0712 0.1939 0.1287 0.0793 0.5270 
        D728  6 0.0670 0.2274 0.4050 0.1694 0.1313 
        D729  6 0.0999 0.1676 0.0402 0.1879 0.5043 
        D730  6 0.3290 0.1752 0.1583 0.1452 0.1923 
        D731  6 0.0426 0.2129 0.3841 0.2050 0.1555 
        D732  6 0.1343 0.1230 0.1585 0.4143 0.1700 
        D733  6 0.5265 0.0933 0.1324 0.1556 0.0922 
     D237251  7 0.1661 0.0884 0.5321 0.0491 0.1644 
     D237252  7 0.2631 0.0406 0.1808 0.4146 0.1010 
     D237253  7 0.0830 0.1311 0.3074 0.0832 0.3954 
     D237254  7 0.3774 0.0279 0.0395 0.1025 0.4526 
     D237255  7 0.1056 0.0848 0.5271 0.0790 0.2035 
     D237256  7 0.0444 0.0693 0.3057 0.2108 0.3699 
     D237257  7 0.0987 0.0692 0.0907 0.2324 0.5091 
     D237282  7 0.4232 0.1831 0.0889 0.1013 0.2035 
     D237283  7 0.0417 0.0214 0.0774 0.7888 0.0707 
     D237284  7 0.3800 0.1119 0.0667 0.1118 0.3296 
     D237285  7 0.0923 0.0728 0.1068 0.5194 0.2088 
     D237286  7 0.0742 0.3657 0.1845 0.1044 0.2713 
     D237287  7 0.0557 0.0674 0.6124 0.0695 0.1950 
     D244006  7 0.3907 0.0566 0.0299 0.1712 0.3515 
     D244007  7 0.4584 0.1436 0.0477 0.0703 0.2801 
     D244008  7 0.0583 0.0329 0.1369 0.6949 0.0770 
     D244009  7 0.6531 0.0851 0.0864 0.0847 0.0907 
     D244010  7 0.0449 0.0705 0.1120 0.6617 0.1110 
     D244011  7 0.1294 0.1371 0.0954 0.2238 0.4143 
     D244012  7 0.0386 0.0821 0.0979 0.6966 0.0848 
     D244013  7 0.2124 0.1660 0.2284 0.2189 0.1742 
     D244014  7 0.1726 0.0456 0.3602 0.2022 0.2194 
     D244015  7 0.1952 0.0791 0.2652 0.2229 0.2376 
     D244125  7 0.1093 0.2107 0.4316 0.1050 0.1434 
     D244126  7 0.0471 0.0347 0.0410 0.8339 0.0432 
     D244130  7 0.0913 0.0561 0.0518 0.4465 0.3544 
     D244131  7 0.3431 0.4269 0.0407 0.0933 0.0960 
     D244132  7 0.2141 0.0857 0.4849 0.0528 0.1625 
        D520  7 0.0560 0.0587 0.1541 0.5532 0.1779 
        D521  7 0.1169 0.1100 0.1179 0.5544 0.1009 
        D522  7 0.6958 0.1103 0.0795 0.0272 0.0872 
        D523  7 0.4025 0.1244 0.1376 0.0595 0.2760 
        D524  7 0.2488 0.1509 0.3254 0.1092 0.1657 
        D525  7 0.1645 0.2091 0.0564 0.3602 0.2098 
        D526  7 0.4092 0.0539 0.1053 0.1489 0.2827 
        D527  7 0.1833 0.3166 0.2450 0.1166 0.1384 
        D528  7 0.0264 0.0236 0.0249 0.0541 0.8710 
        D558  7 0.3573 0.0974 0.0473 0.4037 0.0943 
        D559  7 0.3018 0.1232 0.1048 0.2733 0.1970 
        D640  7 0.0675 0.0570 0.7146 0.0528 0.1081 
        D641  7 0.0591 0.0342 0.4814 0.3163 0.1090 
        D642  7 0.3626 0.1018 0.0521 0.2947 0.1887 
        D644  7 0.1815 0.1094 0.2252 0.3082 0.1756 
        D645  7 0.0890 0.0773 0.6620 0.0724 0.0994 
        D662  7 0.2755 0.2299 0.2149 0.0468 0.2329 
        D687  7 0.2685 0.2543 0.1069 0.1713 0.1989 
        D688  7 0.1097 0.0832 0.0521 0.5291 0.2259 
        D689  7 0.0367 0.0521 0.8312 0.0448 0.0352 
        D700  7 0.0269 0.0344 0.0250 0.0297 0.8840 
        D797  7 0.3326 0.3775 0.1072 0.0777 0.1049 
        D798  7 0.0763 0.0398 0.4311 0.1567 0.2960 
        D799  7 0.1243 0.1235 0.2870 0.2274 0.2378 
        D800  7 0.1541 0.4663 0.0897 0.0782 0.2116 
        D201  9 0.5313 0.0804 0.0922 0.0623 0.2339 
        D202  9 0.0356 0.0500 0.0942 0.7225 0.0977 
     D237259  9 0.0295 0.0459 0.1631 0.1363 0.6252 
     D237260  9 0.0859 0.0763 0.1101 0.3550 0.3727 
     D237262  9 0.1049 0.0725 0.0401 0.6153 0.1672 
     D237263  9 0.1684 0.1900 0.0601 0.4414 0.1401 
     D237264  9 0.1221 0.1909 0.0782 0.3851 0.2237 
     D237265  9 0.0617 0.0679 0.0372 0.7215 0.1116 
     D237266  9 0.0468 0.0544 0.5820 0.1703 0.1465 
     D237267  9 0.0368 0.1015 0.1271 0.3814 0.3531 
     D237268  9 0.0992 0.0547 0.0912 0.6725 0.0824 
     D237289  9 0.0971 0.1143 0.1233 0.5415 0.1238 
     D237290  9 0.0600 0.0690 0.1881 0.5935 0.0893 
     D237291  9 0.1113 0.0810 0.2601 0.0563 0.4914 
     D237292  9 0.1170 0.0615 0.0296 0.4613 0.3305 
     D237293  9 0.0670 0.0432 0.2607 0.5604 0.0688 
     D237294  9 0.4662 0.1159 0.0581 0.1021 0.2577 
     D237295  9 0.1254 0.4219 0.1438 0.2116 0.0974 
     D237296  9 0.1624 0.1143 0.2239 0.0750 0.4244 
     D237297  9 0.0745 0.1171 0.1790 0.3680 0.2614 
     D237298  9 0.3750 0.1807 0.1360 0.1531 0.1552 
     D237341  9 0.1782 0.1251 0.1544 0.1695 0.3729 
     D237342  9 0.0318 0.0825 0.0415 0.7831 0.0611 
     D237343  9 0.2311 0.0951 0.1535 0.1449 0.3753 
     D237344  9 0.0774 0.0885 0.3781 0.3086 0.1474 
     D237345  9 0.3340 0.0398 0.0419 0.4954 0.0890 
     D237346  9 0.1357 0.0783 0.3550 0.1295 0.3015 
     D237347  9 0.1820 0.2147 0.1524 0.0945 0.3564 
     D237348  9 0.0947 0.0485 0.1285 0.6627 0.0656 
     D237349  9 0.4141 0.2443 0.0590 0.0857 0.1970 
     D244109  9 0.1970 0.0617 0.0739 0.3661 0.3013 
     D244110  9 0.2060 0.0804 0.2116 0.2482 0.2537 
     D244111  9 0.1377 0.1379 0.1685 0.4288 0.1271 
     D244128  9 0.0482 0.0521 0.0361 0.7835 0.0801 
     D244137  9 0.3042 0.4326 0.0503 0.1074 0.1055 
     D244138  9 0.1659 0.0815 0.0626 0.4229 0.2670 
        D580  9 0.4029 0.0383 0.1205 0.2872 0.1510 
        D581  9 0.1055 0.0338 0.0421 0.7442 0.0743 
        D582  9 0.0783 0.0401 0.0474 0.7929 0.0413 
        D583  9 0.3073 0.0656 0.2618 0.1347 0.2306 
        D584  9 0.1031 0.0609 0.0817 0.6022 0.1522 
        D585  9 0.0648 0.0716 0.0697 0.6954 0.0986 
        D586  9 0.0856 0.1141 0.1814 0.1318 0.4871 
        D651  9 0.2296 0.0639 0.5608 0.0611 0.0846 
        D652  9 0.3775 0.2770 0.0494 0.1209 0.1752 
        D653  9 0.1120 0.1033 0.1911 0.2130 0.3806 
        D654  9 0.2639 0.1002 0.2374 0.1237 0.2748 
        D655  9 0.0537 0.1552 0.4845 0.1367 0.1699 
        D656  9 0.2068 0.0683 0.0605 0.1899 0.4747 
        D657  9 0.2987 0.0704 0.0849 0.3559 0.1901 
        D667  9 0.0276 0.0363 0.8574 0.0430 0.0356 
        D668  9 0.1539 0.0325 0.4666 0.2073 0.1397 
        D669  9 0.1683 0.0591 0.0967 0.5248 0.1511 
        D670  9 0.0516 0.0430 0.5888 0.0417 0.2750 
        D671  9 0.2687 0.1641 0.0426 0.3018 0.2229 
        D672  9 0.2208 0.0681 0.2324 0.3216 0.1570 
        D673  9 0.2059 0.0632 0.5270 0.0955 0.1084 
        D692  9 0.1035 0.0891 0.0670 0.3919 0.3485 
        D693  9 0.1332 0.0474 0.5756 0.1696 0.0742 
        D694  9 0.1969 0.0457 0.0424 0.4573 0.2577 
        D695  9 0.2037 0.1105 0.3892 0.1633 0.1333 
        D696  9 0.0794 0.6319 0.1159 0.0920 0.0808 
        D697  9 0.0800 0.0599 0.7697 0.0408 0.0496 
        D698  9 0.0608 0.1088 0.3618 0.2611 0.2074 
        D699  9 0.0478 0.0438 0.5948 0.2492 0.0643 
        D787  9 0.1154 0.1894 0.3746 0.1726 0.1480 
        D788  9 0.0498 0.0414 0.5842 0.2384 0.0863 
        D789  9 0.0758 0.0739 0.1006 0.6218 0.1279 
        D790  9 0.1287 0.0565 0.6001 0.0803 0.1344 
        D791  9 0.0548 0.0617 0.0828 0.6927 0.1080 
        D792  9 0.2423 0.2026 0.2012 0.0526 0.3014 
        D793  9 0.0328 0.1102 0.7734 0.0299 0.0536 
        D794  9 0.1656 0.1812 0.4107 0.0988 0.1438 
        D795  9 0.0427 0.0801 0.0560 0.7441 0.0770 
        D796  9 0.0386 0.0312 0.7383 0.1342 0.0577 
        D005 12 0.2177 0.0510 0.0514 0.2365 0.4433 
        D035 12 0.0334 0.0382 0.8424 0.0262 0.0598 
        D067 12 0.0461 0.0882 0.6645 0.1105 0.0907 
        D134 12 0.0644 0.0719 0.1209 0.2388 0.5040 
        D135 12 0.0745 0.0629 0.1898 0.1461 0.5266 
        D136 12 0.1989 0.3112 0.1688 0.1089 0.2122 
        D137 12 0.0776 0.0403 0.6056 0.1502 0.1263 
        D138 12 0.1997 0.1339 0.4186 0.0624 0.1855 
        D139 12 0.1136 0.1754 0.1425 0.3762 0.1922 
        D140 12 0.0524 0.0684 0.7373 0.0466 0.0953 
        D141 12 0.4557 0.0232 0.2015 0.2442 0.0755 
        D150 12 0.0914 0.0558 0.0493 0.3342 0.4692 
        D177 12 0.0390 0.1082 0.1483 0.2440 0.4604 
        D178 12 0.2860 0.3708 0.0411 0.1049 0.1972 
        D179 12 0.1961 0.1440 0.1908 0.0793 0.3898 
        D180 12 0.1176 0.0412 0.5274 0.1615 0.1523 
        D187 12 0.0401 0.0569 0.7793 0.0649 0.0588 
        D188 12 0.3005 0.0491 0.0539 0.3830 0.2135 
        D191 12 0.5382 0.0701 0.2214 0.0772 0.0931 
        D418 12 0.5671 0.0424 0.1672 0.1033 0.1200 
        D601 12 0.1249 0.0646 0.1226 0.5019 0.1860 
        D836 12 0.0654 0.0305 0.3483 0.4892 0.0666 
        D837 12 0.2555 0.3481 0.1083 0.1911 0.0969 
        D838 12 0.0359 0.0687 0.8219 0.0353 0.0382 
        D839 12 0.2127 0.1261 0.0886 0.3786 0.1940 
        D840 12 0.3959 0.1381 0.2429 0.0734 0.1497 
        D841 12 0.0461 0.0298 0.8487 0.0352 0.0401 
        D842 12 0.5156 0.0444 0.0398 0.2841 0.1161 
        D843 12 0.0652 0.1599 0.3099 0.2080 0.2570 
        D844 12 0.6147 0.1364 0.0341 0.0412 0.1735 
        D912 12 0.3344 0.4672 0.0816 0.0402 0.0766 
        D913 12 0.0522 0.0724 0.5990 0.0627 0.2137 
        D914 12 0.1727 0.1763 0.2441 0.0885 0.3184 
        D922 12 0.0551 0.0570 0.7564 0.0787 0.0527 
        D939 12 0.1461 0.0459 0.2481 0.4757 0.0842 
        D944 12 0.1554 0.0460 0.2404 0.0342 0.5240 
        D945 12 0.0915 0.1003 0.3825 0.2154 0.2101 
        D985 12 0.2599 0.0756 0.1923 0.2136 0.2585 
        D986 12 0.1448 0.1761 0.0368 0.1956 0.4467 
        D987 12 0.3848 0.2620 0.1078 0.0703 0.1751 
        D988 12 0.1495 0.1434 0.1130 0.2465 0.3476 
        D996 12 0.1299 0.1028 0.4187 0.0564 0.2922 
        D997 12 0.1141 0.0970 0.2287 0.3742 0.1861 
        D998 12 0.0436 0.1214 0.2824 0.1688 0.3838 
        D999 12 0.3109 0.0778 0.0964 0.3299 0.1850 
