        D174  1 0.0483 0.0212 0.0402 0.5799 0.0219 0.0193 0.0533 0.0570 0.0832 0.0458 0.0300 
        D199  1 0.0403 0.0388 0.0465 0.1170 0.0762 0.0501 0.0244 0.2363 0.0859 0.0618 0.2227 
        D203  1 0.0793 0.0245 0.1277 0.0888 0.0720 0.0590 0.0578 0.1596 0.1430 0.0749 0.1133 
        D204  1 0.0360 0.0180 0.7569 0.0320 0.0183 0.0180 0.0350 0.0200 0.0162 0.0281 0.0215 
     D237366  1 0.0760 0.0297 0.0183 0.0475 0.0779 0.0243 0.0448 0.0617 0.5355 0.0203 0.0641 
     D237367  1 0.0873 0.0680 0.0316 0.0268 0.0494 0.1631 0.0527 0.1291 0.2197 0.0750 0.0975 
     D237368  1 0.0303 0.0454 0.1107 0.1490 0.0386 0.0481 0.1483 0.0946 0.2031 0.0579 0.0740 
     D244101  1 0.3488 0.0172 0.0545 0.0353 0.0766 0.0123 0.0651 0.1477 0.0354 0.0554 0.1517 
     D244102  1 0.2849 0.0353 0.0483 0.1013 0.0715 0.0636 0.0404 0.1022 0.0358 0.1192 0.0975 
     D244103  1 0.0299 0.0303 0.0202 0.0751 0.1468 0.0351 0.0211 0.1247 0.4129 0.0282 0.0757 
     D244104  1 0.0361 0.4314 0.2764 0.0467 0.0282 0.0246 0.0206 0.0720 0.0181 0.0144 0.0313 
     D244105  1 0.0580 0.1004 0.0134 0.0250 0.0497 0.0160 0.2345 0.2457 0.0806 0.0246 0.1521 
     D244106  1 0.1293 0.0136 0.1463 0.3631 0.1477 0.0118 0.0176 0.0621 0.0220 0.0268 0.0598 
     D244107  1 0.0204 0.0297 0.0199 0.0139 0.0742 0.1059 0.0175 0.0824 0.3892 0.1293 0.1176 
     D244108  1 0.0298 0.0275 0.0264 0.1777 0.0402 0.0164 0.3632 0.0585 0.0149 0.1846 0.0608 
     D244113  1 0.0196 0.0218 0.0083 0.7124 0.0238 0.0194 0.0210 0.0292 0.0365 0.0654 0.0427 
     D244114  1 0.1398 0.0218 0.0141 0.0755 0.1380 0.0134 0.0291 0.2299 0.0744 0.0297 0.2343 
     D244115  1 0.0994 0.0195 0.3574 0.1658 0.0677 0.0271 0.0513 0.0969 0.0190 0.0364 0.0597 
     D267365  1 0.2780 0.0296 0.0754 0.1273 0.0694 0.0376 0.0410 0.1037 0.0689 0.0604 0.1087 
        D404  1 0.0285 0.0166 0.0402 0.7181 0.0203 0.0247 0.0119 0.0264 0.0205 0.0616 0.0312 
        D405  1 0.1227 0.0372 0.1177 0.1629 0.0735 0.0528 0.0105 0.0765 0.0331 0.1974 0.1158 
        D406  1 0.0101 0.0079 0.0094 0.0093 0.0095 0.0079 0.9132 0.0088 0.0076 0.0080 0.0084 
        D407  1 0.0136 0.0220 0.1245 0.0449 0.1226 0.0128 0.0181 0.0613 0.5074 0.0210 0.0519 
        D408  1 0.0223 0.0384 0.0258 0.7600 0.0193 0.0166 0.0111 0.0336 0.0326 0.0173 0.0229 
        D409  1 0.0531 0.0429 0.0615 0.0551 0.1291 0.0250 0.0279 0.2879 0.1442 0.0494 0.1239 
        D410  1 0.0308 0.0180 0.0326 0.0387 0.0323 0.0153 0.0789 0.0688 0.0345 0.5692 0.0809 
        D421  1 0.0258 0.0296 0.5069 0.0414 0.0682 0.0099 0.0111 0.0925 0.1426 0.0157 0.0564 
        D422  1 0.0217 0.0131 0.0272 0.0173 0.1596 0.0175 0.1043 0.1179 0.4020 0.0424 0.0770 
        D423  1 0.0151 0.0188 0.0121 0.0143 0.1072 0.0346 0.0532 0.1176 0.2722 0.2315 0.1235 
        D424  1 0.0439 0.0257 0.4430 0.1711 0.0207 0.0123 0.0212 0.1363 0.0342 0.0198 0.0718 
        D425  1 0.0881 0.0819 0.0415 0.0612 0.0239 0.0185 0.0249 0.2461 0.0690 0.1017 0.2433 
        D426  1 0.0279 0.0378 0.0145 0.0946 0.1484 0.0090 0.0118 0.1616 0.3347 0.0152 0.1443 
        D427  1 0.0198 0.0421 0.3124 0.1178 0.0465 0.0130 0.0072 0.1843 0.0445 0.0252 0.1874 
        D428  1 0.0553 0.0313 0.1233 0.3451 0.0401 0.0233 0.0402 0.0908 0.1088 0.0587 0.0832 
        D429  1 0.1768 0.0118 0.5888 0.0614 0.0453 0.0130 0.0164 0.0288 0.0136 0.0202 0.0238 
        D430  1 0.0577 0.0290 0.0997 0.3285 0.0951 0.0190 0.0120 0.1253 0.0362 0.0265 0.1711 
        D491  1 0.0303 0.0411 0.0421 0.5399 0.0443 0.0355 0.1092 0.0659 0.0328 0.0165 0.0423 
        D492  1 0.0473 0.0160 0.3576 0.1491 0.0778 0.0184 0.0717 0.0964 0.0952 0.0332 0.0373 
        D537  1 0.0308 0.0394 0.0813 0.0403 0.0662 0.0208 0.3259 0.1077 0.1461 0.0615 0.0798 
        D538  1 0.0271 0.0307 0.0530 0.1885 0.0322 0.1252 0.1199 0.1244 0.0944 0.1453 0.0592 
        D539  1 0.1174 0.0313 0.0361 0.0874 0.3073 0.0540 0.1327 0.0555 0.0149 0.0564 0.1070 
        D540  1 0.0479 0.0864 0.0244 0.0481 0.0714 0.0353 0.0125 0.1729 0.1586 0.1526 0.1899 
        D541  1 0.0113 0.0117 0.8725 0.0151 0.0106 0.0136 0.0108 0.0132 0.0111 0.0124 0.0178 
        D551  1 0.0497 0.0170 0.0142 0.0336 0.1956 0.0109 0.0249 0.2673 0.2174 0.0125 0.1568 
        D552  1 0.1395 0.0562 0.0282 0.0466 0.0420 0.0180 0.5633 0.0482 0.0149 0.0166 0.0265 
        D553  1 0.0696 0.0725 0.3539 0.0534 0.0321 0.0464 0.0118 0.1484 0.0896 0.0280 0.0943 
        D615  1 0.0662 0.0357 0.4847 0.0473 0.0923 0.0647 0.0226 0.0652 0.0214 0.0470 0.0530 
        D616  1 0.0297 0.0245 0.5133 0.0194 0.0810 0.0398 0.0304 0.0868 0.0354 0.0457 0.0942 
        D621  1 0.0232 0.0326 0.0124 0.0579 0.0239 0.0213 0.7493 0.0176 0.0159 0.0213 0.0247 
        D622  1 0.0247 0.0253 0.0159 0.0207 0.0158 0.0170 0.8004 0.0255 0.0183 0.0189 0.0175 
        D623  1 0.0326 0.0200 0.0175 0.2552 0.0272 0.0208 0.0317 0.0643 0.0257 0.4172 0.0879 
        D624  1 0.0188 0.0474 0.1658 0.3900 0.0565 0.0233 0.0195 0.1371 0.0278 0.0334 0.0805 
        D625  1 0.0172 0.0127 0.6391 0.0186 0.0263 0.0946 0.0871 0.0400 0.0192 0.0149 0.0302 
        D626  1 0.0235 0.5981 0.0247 0.0744 0.0333 0.0386 0.0294 0.0525 0.0604 0.0194 0.0456 
        D627  1 0.0543 0.0189 0.0487 0.0696 0.0991 0.0328 0.0315 0.2544 0.2448 0.0268 0.1191 
        D690  1 0.0183 0.0236 0.7731 0.0755 0.0101 0.0264 0.0155 0.0155 0.0152 0.0118 0.0149 
        D691  1 0.0163 0.0171 0.0238 0.0120 0.0204 0.0138 0.8229 0.0225 0.0242 0.0133 0.0136 
        D710  1 0.0392 0.1044 0.0541 0.1682 0.0530 0.0706 0.0210 0.1604 0.1085 0.0495 0.1711 
        D711  1 0.0245 0.0071 0.8264 0.0155 0.0207 0.0172 0.0175 0.0171 0.0166 0.0196 0.0177 
        D712  1 0.0725 0.1208 0.0106 0.4277 0.0348 0.0477 0.0655 0.0609 0.0848 0.0389 0.0358 
        D713  1 0.0305 0.0157 0.0233 0.3029 0.0411 0.0181 0.1899 0.1568 0.0784 0.0705 0.0729 
        D746  1 0.0171 0.0224 0.0653 0.0177 0.0282 0.0135 0.7483 0.0207 0.0345 0.0117 0.0206 
        D747  1 0.0152 0.0117 0.8771 0.0133 0.0119 0.0090 0.0085 0.0127 0.0110 0.0165 0.0130 
        D748  1 0.0171 0.0244 0.0502 0.0218 0.0235 0.0116 0.7764 0.0232 0.0218 0.0126 0.0174 
        D749  1 0.0572 0.0217 0.0277 0.0376 0.0891 0.0169 0.1559 0.2714 0.0548 0.0754 0.1921 
        D750  1 0.0268 0.0188 0.4073 0.4255 0.0290 0.0112 0.0217 0.0146 0.0138 0.0131 0.0182 
        D763  1 0.0727 0.1379 0.0379 0.0176 0.1274 0.0373 0.2532 0.1110 0.0489 0.0223 0.1339 
        D764  1 0.0140 0.0162 0.5456 0.3078 0.0127 0.0104 0.0201 0.0227 0.0154 0.0146 0.0206 
        D765  1 0.0990 0.0505 0.0099 0.0613 0.0558 0.0316 0.0330 0.1565 0.0401 0.3014 0.1608 
        D766  1 0.0150 0.0454 0.0108 0.0221 0.0215 0.0169 0.7790 0.0181 0.0365 0.0152 0.0194 
        D767  1 0.0787 0.0249 0.1197 0.0463 0.0601 0.1760 0.0717 0.0760 0.1244 0.1331 0.0890 
        D768  1 0.0439 0.0419 0.2590 0.0370 0.0679 0.0225 0.0560 0.1949 0.1125 0.0413 0.1232 
        D811  1 0.0250 0.4487 0.0124 0.1824 0.0224 0.0528 0.0183 0.0533 0.0169 0.0667 0.1012 
        D816  1 0.2510 0.0104 0.5517 0.0442 0.0180 0.0089 0.0140 0.0250 0.0288 0.0198 0.0283 
        D825  1 0.1878 0.0422 0.0778 0.2758 0.0332 0.0789 0.0340 0.1109 0.0255 0.0534 0.0805 
        D866  1 0.0690 0.0738 0.0612 0.0524 0.2256 0.0563 0.0218 0.0790 0.0185 0.2006 0.1418 
        D867  1 0.0243 0.0208 0.0143 0.0310 0.0456 0.0133 0.0865 0.0675 0.5784 0.0546 0.0639 
        D871  1 0.0370 0.0213 0.0925 0.2203 0.0748 0.0487 0.0334 0.1393 0.2177 0.0336 0.0814 
        D872  1 0.0215 0.0282 0.0385 0.0173 0.0229 0.0379 0.7063 0.0314 0.0189 0.0478 0.0293 
        D873  1 0.0150 0.0087 0.0124 0.0178 0.0441 0.0237 0.0103 0.0141 0.0133 0.8265 0.0141 
        D874  1 0.3895 0.0207 0.0575 0.2514 0.0929 0.0130 0.0314 0.0401 0.0257 0.0461 0.0317 
        D875  1 0.0316 0.0105 0.0218 0.0566 0.0697 0.0226 0.3645 0.0836 0.1948 0.0434 0.1009 
        D876  1 0.0546 0.0502 0.0367 0.0561 0.0291 0.0266 0.6502 0.0350 0.0206 0.0148 0.0260 
        D877  1 0.0443 0.0127 0.0443 0.5875 0.0325 0.0195 0.0209 0.0592 0.0155 0.0847 0.0787 
        D892  1 0.0318 0.0125 0.0647 0.0919 0.0158 0.0212 0.6230 0.0360 0.0530 0.0203 0.0298 
        D893  1 0.2855 0.0446 0.1185 0.0404 0.0542 0.0312 0.0745 0.0885 0.0875 0.0883 0.0868 
        D894  1 0.0152 0.0068 0.8575 0.0220 0.0177 0.0143 0.0082 0.0161 0.0132 0.0110 0.0181 
        D915  1 0.1300 0.0342 0.0532 0.0487 0.0583 0.0507 0.2612 0.0901 0.1133 0.0851 0.0753 
        D916  1 0.0081 0.0076 0.9216 0.0090 0.0085 0.0088 0.0088 0.0076 0.0064 0.0064 0.0073 
        D917  1 0.0420 0.0364 0.0441 0.1045 0.0271 0.1822 0.0152 0.1525 0.1614 0.0955 0.1391 
        D925  1 0.1087 0.0290 0.1639 0.0800 0.0508 0.0674 0.0624 0.0704 0.0218 0.2824 0.0632 
        D926  1 0.3027 0.0200 0.3303 0.0537 0.0515 0.0338 0.0217 0.0677 0.0330 0.0211 0.0643 
        D927  1 0.2629 0.0222 0.1156 0.0291 0.1146 0.0320 0.0285 0.0996 0.1314 0.0183 0.1458 
        D928  1 0.0158 0.0221 0.0480 0.7919 0.0118 0.0090 0.0239 0.0250 0.0178 0.0155 0.0192 
        D929  1 0.1024 0.0206 0.0225 0.1291 0.0357 0.4008 0.0448 0.0564 0.0970 0.0445 0.0463 
        D936  1 0.3202 0.0121 0.4422 0.0214 0.0522 0.0139 0.0184 0.0299 0.0209 0.0274 0.0414 
        D938  1 0.0112 0.0145 0.0068 0.0088 0.0101 0.0103 0.9022 0.0095 0.0087 0.0083 0.0097 
        D956  1 0.0298 0.0154 0.1849 0.6350 0.0361 0.0141 0.0088 0.0203 0.0122 0.0182 0.0252 
        D957  1 0.0287 0.0165 0.0338 0.0177 0.0296 0.0437 0.6565 0.0389 0.0186 0.0852 0.0306 
        D958  1 0.0100 0.0114 0.0109 0.0161 0.0080 0.0080 0.8973 0.0104 0.0098 0.0078 0.0103 
        D959  1 0.0139 0.0159 0.0549 0.0340 0.1360 0.0082 0.0110 0.0691 0.5969 0.0106 0.0494 
        D960  1 0.0242 0.0079 0.0195 0.0222 0.0592 0.0114 0.5402 0.0299 0.0361 0.2192 0.0302 
        D989  1 0.0965 0.0936 0.0412 0.3131 0.0456 0.0126 0.0322 0.1448 0.0683 0.0307 0.1213 
        D990  1 0.0830 0.0157 0.0149 0.0231 0.0226 0.1006 0.0433 0.0852 0.0322 0.5290 0.0504 
        D211  3 0.0135 0.0174 0.0205 0.0187 0.0162 0.8206 0.0143 0.0185 0.0320 0.0114 0.0169 
     D229639  3 0.0450 0.1533 0.0730 0.0651 0.0840 0.0718 0.0126 0.1758 0.0167 0.0438 0.2588 
     D237212  3 0.0382 0.0527 0.1412 0.0286 0.1476 0.1246 0.0181 0.1013 0.0455 0.1350 0.1672 
     D237213  3 0.0655 0.1762 0.0130 0.0119 0.0855 0.2570 0.0338 0.0563 0.0321 0.1609 0.1077 
     D237214  3 0.0126 0.0080 0.0123 0.0135 0.0108 0.0088 0.0164 0.0144 0.8823 0.0102 0.0108 
     D237215  3 0.0229 0.0302 0.0101 0.0369 0.0449 0.0220 0.0096 0.0501 0.0120 0.5599 0.2015 
     D237216  3 0.0970 0.0792 0.0178 0.0451 0.0725 0.0519 0.0136 0.2724 0.1120 0.0751 0.1634 
     D237217  3 0.0567 0.0514 0.0185 0.0088 0.0644 0.3026 0.0495 0.1660 0.1188 0.0296 0.1337 
     D237218  3 0.5016 0.0287 0.0313 0.0246 0.1882 0.0344 0.0474 0.0629 0.0165 0.0204 0.0441 
     D237219  3 0.0444 0.6202 0.0166 0.0122 0.0199 0.1201 0.0399 0.0404 0.0187 0.0344 0.0331 
     D237382  3 0.0267 0.0703 0.0384 0.1559 0.0616 0.0782 0.1466 0.0624 0.0472 0.2417 0.0709 
     D244127  3 0.0310 0.0585 0.0096 0.0157 0.0411 0.0626 0.0266 0.0533 0.0252 0.5971 0.0794 
     D244129  3 0.0327 0.0801 0.0888 0.0612 0.0496 0.1831 0.0771 0.0947 0.1195 0.0955 0.1177 
     D244133  3 0.0192 0.7305 0.0494 0.0250 0.0280 0.0127 0.0181 0.0326 0.0210 0.0265 0.0370 
     D244134  3 0.0594 0.5771 0.0130 0.0197 0.0390 0.1130 0.0505 0.0381 0.0164 0.0364 0.0375 
     D244135  3 0.0287 0.0162 0.0199 0.0165 0.0264 0.0923 0.0174 0.0365 0.6748 0.0244 0.0469 
     D244136  3 0.0278 0.3211 0.0544 0.1770 0.0402 0.0169 0.0599 0.0879 0.0664 0.0717 0.0767 
        D416  3 0.0780 0.2948 0.0308 0.0299 0.1740 0.0286 0.0097 0.1002 0.0979 0.0321 0.1240 
        D417  3 0.1676 0.0313 0.2770 0.0492 0.0943 0.0278 0.1102 0.1109 0.0258 0.0327 0.0731 
        D419  3 0.0601 0.2277 0.0442 0.0274 0.0767 0.0774 0.1475 0.1006 0.0277 0.0969 0.1139 
        D565  3 0.0456 0.0665 0.0266 0.6501 0.0167 0.0185 0.0232 0.0284 0.0189 0.0512 0.0544 
        D566  3 0.0290 0.0443 0.0457 0.5210 0.0685 0.0173 0.0120 0.1096 0.0239 0.0398 0.0890 
        D567  3 0.0760 0.0622 0.3411 0.0144 0.0919 0.1144 0.0641 0.0775 0.0564 0.0380 0.0639 
        D568  3 0.0668 0.1096 0.0701 0.0115 0.1971 0.0842 0.2034 0.0912 0.0334 0.0444 0.0884 
        D569  3 0.0899 0.0250 0.0168 0.0534 0.0407 0.0876 0.0122 0.1052 0.1536 0.3047 0.1109 
        D573  3 0.0499 0.0432 0.3147 0.0129 0.0520 0.0188 0.0084 0.1532 0.0146 0.0686 0.2637 
        D574  3 0.1830 0.0483 0.0133 0.4031 0.0346 0.0412 0.0361 0.0951 0.0527 0.0320 0.0606 
        D575  3 0.0100 0.8542 0.0073 0.0076 0.0122 0.0438 0.0142 0.0131 0.0117 0.0105 0.0154 
        D576  3 0.0148 0.1135 0.0065 0.0413 0.0298 0.0556 0.0061 0.0505 0.0409 0.4144 0.2265 
        D577  3 0.0431 0.0743 0.1221 0.0454 0.0784 0.2485 0.1357 0.0783 0.0759 0.0239 0.0745 
        D578  3 0.0111 0.0123 0.0067 0.0102 0.0083 0.0102 0.0122 0.0137 0.8863 0.0145 0.0145 
        D579  3 0.1814 0.0775 0.2001 0.1491 0.1032 0.0266 0.0277 0.0727 0.0240 0.0731 0.0647 
        D660  3 0.0961 0.0562 0.0156 0.0164 0.0718 0.0497 0.0169 0.0964 0.1376 0.3069 0.1364 
        D661  3 0.3355 0.0153 0.0147 0.0130 0.4821 0.0151 0.0244 0.0346 0.0153 0.0113 0.0385 
        D663  3 0.0887 0.0149 0.0119 0.0646 0.0766 0.0289 0.0118 0.2946 0.0430 0.0638 0.3011 
        D664  3 0.0771 0.1546 0.0108 0.0651 0.0409 0.1062 0.0412 0.1014 0.1273 0.1599 0.1156 
        D665  3 0.0328 0.0477 0.0141 0.0099 0.0160 0.6319 0.0131 0.0497 0.0233 0.0939 0.0676 
        D666  3 0.0191 0.8004 0.0122 0.0218 0.0179 0.0190 0.0210 0.0215 0.0236 0.0242 0.0192 
        D502  6 0.0272 0.0429 0.0113 0.0144 0.0709 0.3855 0.0094 0.0669 0.0338 0.1524 0.1854 
        D503  6 0.0603 0.0412 0.0258 0.0337 0.4932 0.0284 0.0453 0.1040 0.0379 0.0374 0.0928 
        D504  6 0.2223 0.0230 0.1817 0.0539 0.1974 0.0157 0.0298 0.1015 0.0404 0.0520 0.0823 
        D505  6 0.0430 0.0314 0.0345 0.3400 0.1034 0.0408 0.0128 0.1098 0.1017 0.0576 0.1251 
        D506  6 0.0101 0.0157 0.0547 0.7968 0.0120 0.0094 0.0079 0.0381 0.0223 0.0137 0.0191 
        D507  6 0.1406 0.0396 0.0239 0.0666 0.0854 0.0498 0.0288 0.1884 0.0355 0.1649 0.1766 
        D508  6 0.1541 0.0261 0.0489 0.0281 0.1095 0.1151 0.0143 0.1048 0.0250 0.2075 0.1665 
        D529  6 0.0474 0.0405 0.0472 0.0348 0.0465 0.0431 0.0272 0.1377 0.4565 0.0353 0.0838 
        D530  6 0.0156 0.0370 0.0106 0.0611 0.0621 0.2109 0.0356 0.0299 0.0554 0.3381 0.1438 
        D531  6 0.1060 0.0590 0.2380 0.0800 0.1308 0.0363 0.0212 0.1174 0.0288 0.0563 0.1262 
        D532  6 0.0438 0.0241 0.0231 0.1512 0.0742 0.0138 0.0128 0.1268 0.0819 0.3254 0.1228 
        D534  6 0.1204 0.0182 0.0409 0.0177 0.0468 0.0473 0.3617 0.0813 0.0551 0.1352 0.0755 
        D535  6 0.0419 0.0577 0.0249 0.2626 0.0639 0.0391 0.0203 0.1732 0.0637 0.0452 0.2075 
        D536  6 0.0306 0.0153 0.0227 0.0321 0.2722 0.0193 0.0100 0.1030 0.1651 0.1649 0.1648 
        D554  6 0.0574 0.0336 0.0484 0.3566 0.0828 0.0548 0.0337 0.0731 0.0858 0.0944 0.0794 
        D587  6 0.0761 0.0389 0.0561 0.4274 0.0310 0.0253 0.0632 0.1031 0.0319 0.0629 0.0842 
        D588  6 0.0542 0.0301 0.0245 0.0364 0.0553 0.0250 0.0087 0.3735 0.0495 0.0790 0.2638 
        D589  6 0.1343 0.0366 0.0277 0.0519 0.2643 0.0479 0.0152 0.1981 0.0280 0.0604 0.1355 
        D590  6 0.0295 0.0141 0.0993 0.0434 0.1714 0.0137 0.0201 0.1649 0.1190 0.1486 0.1760 
        D591  6 0.0853 0.2460 0.0199 0.1239 0.1222 0.0432 0.0585 0.1391 0.0495 0.0345 0.0780 
        D592  6 0.0482 0.0336 0.1317 0.0414 0.0405 0.0687 0.3821 0.0673 0.0477 0.1071 0.0317 
        D593  6 0.0104 0.0215 0.0083 0.0308 0.0537 0.4237 0.0139 0.0209 0.0118 0.2300 0.1750 
        D682  6 0.0213 0.0216 0.0637 0.7483 0.0248 0.0105 0.0148 0.0310 0.0155 0.0154 0.0331 
        D683  6 0.1218 0.0274 0.1910 0.0757 0.0556 0.1798 0.0274 0.1272 0.0533 0.0344 0.1064 
        D684  6 0.1741 0.0231 0.0724 0.0194 0.1212 0.1688 0.0199 0.1264 0.0730 0.0676 0.1342 
        D685  6 0.0446 0.0487 0.0122 0.0407 0.1163 0.2086 0.0139 0.2858 0.0310 0.0685 0.1297 
        D686  6 0.0213 0.0117 0.0131 0.0974 0.0601 0.0136 0.0114 0.0553 0.0395 0.6106 0.0661 
        D724  6 0.2506 0.0254 0.0599 0.0291 0.1198 0.1705 0.0305 0.0877 0.0370 0.1014 0.0882 
        D725  6 0.0645 0.0558 0.0099 0.0337 0.1108 0.1532 0.1153 0.1409 0.0447 0.1084 0.1628 
        D726  6 0.0410 0.0301 0.0416 0.7225 0.0226 0.0141 0.0288 0.0420 0.0196 0.0172 0.0205 
        D727  6 0.0276 0.0337 0.0340 0.0521 0.1213 0.0290 0.0089 0.1694 0.2589 0.0635 0.2016 
        D728  6 0.0208 0.0982 0.0224 0.5063 0.0363 0.0569 0.0194 0.0731 0.0182 0.0704 0.0780 
        D729  6 0.0200 0.0112 0.0435 0.0212 0.1177 0.0228 0.0083 0.0902 0.3388 0.2218 0.1045 
        D730  6 0.5025 0.0307 0.0531 0.0197 0.0851 0.0462 0.0210 0.0627 0.0281 0.0864 0.0646 
        D731  6 0.0276 0.0991 0.0143 0.5530 0.1036 0.0163 0.0113 0.0319 0.0217 0.0308 0.0905 
        D732  6 0.0964 0.0485 0.0869 0.0355 0.0576 0.2615 0.0306 0.1448 0.0589 0.0874 0.0918 
        D733  6 0.1822 0.0621 0.0250 0.0457 0.1452 0.0739 0.2086 0.0688 0.0542 0.0663 0.0679 
     D237251  7 0.5078 0.0750 0.0142 0.0185 0.1257 0.0186 0.0130 0.0456 0.0291 0.0290 0.1235 
     D237252  7 0.0487 0.0627 0.0163 0.0102 0.4981 0.1013 0.0405 0.0353 0.0297 0.0306 0.1267 
     D237253  7 0.1098 0.0403 0.0315 0.0662 0.0882 0.0152 0.0101 0.2095 0.0484 0.0504 0.3303 
     D237254  7 0.0119 0.0091 0.0093 0.0085 0.0130 0.0137 0.0147 0.0159 0.8807 0.0092 0.0141 
     D237255  7 0.0896 0.1406 0.0207 0.0724 0.0949 0.0288 0.0245 0.1176 0.0516 0.0866 0.2729 
     D237256  7 0.0476 0.0445 0.0114 0.0441 0.0527 0.0455 0.0105 0.2552 0.0242 0.1132 0.3511 
     D237257  7 0.0524 0.0156 0.0203 0.0497 0.0440 0.0466 0.0158 0.2357 0.2519 0.0608 0.2072 
     D237282  7 0.0368 0.0363 0.2145 0.0180 0.0615 0.0210 0.1212 0.1098 0.1472 0.0768 0.1569 
     D237283  7 0.0176 0.0557 0.0089 0.0171 0.0568 0.7356 0.0166 0.0203 0.0112 0.0219 0.0382 
     D237284  7 0.0552 0.0298 0.0458 0.0301 0.0411 0.0420 0.0297 0.0678 0.5939 0.0224 0.0422 
     D237285  7 0.0341 0.0281 0.0142 0.1027 0.0885 0.1521 0.0185 0.0662 0.0976 0.2416 0.1565 
     D237286  7 0.1122 0.0197 0.0295 0.2199 0.0467 0.0144 0.0252 0.1591 0.0595 0.1722 0.1416 
     D237287  7 0.0379 0.3161 0.0218 0.0410 0.0679 0.0314 0.0148 0.1751 0.0345 0.0564 0.2032 
     D244006  7 0.0187 0.0107 0.0137 0.0133 0.0114 0.0123 0.0114 0.0124 0.8696 0.0124 0.0141 
     D244007  7 0.1723 0.0197 0.0206 0.0632 0.0978 0.0126 0.1168 0.0814 0.3052 0.0508 0.0595 
     D244008  7 0.0158 0.1124 0.0128 0.0161 0.0228 0.7175 0.0223 0.0198 0.0123 0.0154 0.0328 
     D244009  7 0.0797 0.0235 0.0290 0.0176 0.0743 0.1044 0.5376 0.0427 0.0234 0.0225 0.0450 
     D244010  7 0.0250 0.0333 0.0286 0.0348 0.0358 0.6047 0.0086 0.0410 0.0378 0.0495 0.1010 
     D244011  7 0.3178 0.0214 0.0106 0.1389 0.0966 0.0642 0.0143 0.1338 0.0362 0.0631 0.1031 
     D244012  7 0.0319 0.0223 0.0632 0.0310 0.0895 0.3855 0.0081 0.0665 0.0308 0.1088 0.1624 
     D244013  7 0.4354 0.0280 0.0254 0.0807 0.0499 0.0398 0.0308 0.0622 0.0458 0.1204 0.0815 
     D244014  7 0.2407 0.1935 0.0142 0.0250 0.0507 0.0593 0.0480 0.0930 0.0287 0.1542 0.0926 
     D244015  7 0.0262 0.1396 0.0333 0.0177 0.0480 0.0510 0.0546 0.1798 0.0582 0.2774 0.1142 
     D244125  7 0.0634 0.0995 0.0323 0.1234 0.0790 0.0181 0.0461 0.1151 0.0207 0.2663 0.1361 
     D244126  7 0.0192 0.0104 0.0203 0.0085 0.0166 0.8606 0.0107 0.0148 0.0081 0.0199 0.0108 
     D244130  7 0.0385 0.0128 0.0210 0.0131 0.0339 0.0253 0.0139 0.0622 0.0148 0.7027 0.0618 
     D244131  7 0.5025 0.0150 0.0777 0.1435 0.0469 0.0291 0.0498 0.0353 0.0306 0.0410 0.0287 
     D244132  7 0.1712 0.0630 0.0192 0.1065 0.0483 0.0210 0.1636 0.1349 0.0154 0.1095 0.1474 
        D520  7 0.0231 0.0562 0.0176 0.0439 0.0644 0.3819 0.0279 0.1228 0.0723 0.0761 0.1138 
        D521  7 0.1078 0.0269 0.0339 0.0452 0.0877 0.0600 0.0428 0.0921 0.0355 0.3756 0.0924 
        D522  7 0.1801 0.0429 0.0135 0.0370 0.0402 0.0157 0.5825 0.0328 0.0189 0.0158 0.0206 
        D523  7 0.3228 0.0302 0.0137 0.0369 0.3958 0.0161 0.0190 0.0727 0.0205 0.0180 0.0544 
        D524  7 0.4147 0.0581 0.0262 0.0460 0.0823 0.0361 0.0303 0.0963 0.0387 0.0707 0.1007 
        D525  7 0.1149 0.0163 0.1119 0.0712 0.1198 0.0516 0.0724 0.1452 0.0849 0.1156 0.0963 
        D526  7 0.0189 0.0495 0.0347 0.0144 0.0211 0.0712 0.0527 0.0365 0.6367 0.0252 0.0391 
        D527  7 0.5313 0.0509 0.0952 0.0366 0.0801 0.0289 0.0127 0.0621 0.0131 0.0278 0.0613 
        D528  7 0.0095 0.0091 0.0107 0.0101 0.0086 0.0386 0.0090 0.6011 0.0161 0.0120 0.2753 
        D558  7 0.1498 0.0225 0.0459 0.0282 0.0764 0.0518 0.0777 0.0454 0.0755 0.3688 0.0581 
        D559  7 0.4243 0.0147 0.0480 0.0136 0.1164 0.0263 0.0236 0.0497 0.0266 0.2030 0.0538 
        D640  7 0.1559 0.1472 0.0146 0.0355 0.0524 0.0278 0.0250 0.1860 0.0233 0.1651 0.1672 
        D641  7 0.1426 0.2011 0.0085 0.0630 0.0336 0.1203 0.0171 0.0990 0.0598 0.1468 0.1082 
        D642  7 0.0654 0.0145 0.0152 0.0448 0.0371 0.0204 0.0722 0.0533 0.0817 0.5364 0.0591 
        D644  7 0.0935 0.0509 0.0358 0.0773 0.0558 0.2706 0.0444 0.1036 0.0489 0.1066 0.1125 
        D645  7 0.0990 0.2054 0.0437 0.0249 0.1988 0.0337 0.0220 0.1380 0.0156 0.0383 0.1807 
        D662  7 0.0758 0.0275 0.0531 0.0703 0.0406 0.0134 0.1384 0.0709 0.0184 0.3960 0.0957 
        D687  7 0.3721 0.0409 0.0273 0.0859 0.2338 0.0417 0.0319 0.0626 0.0141 0.0323 0.0576 
        D688  7 0.0625 0.0154 0.0607 0.0150 0.0917 0.1377 0.0128 0.0947 0.1678 0.2308 0.1107 
        D689  7 0.0187 0.8581 0.0180 0.0172 0.0125 0.0157 0.0101 0.0142 0.0105 0.0109 0.0143 
        D700  7 0.0134 0.0073 0.0079 0.0217 0.0120 0.0101 0.0095 0.6141 0.0157 0.0133 0.2750 
        D797  7 0.1758 0.0648 0.1192 0.1101 0.2254 0.0339 0.0612 0.0979 0.0250 0.0263 0.0603 
        D798  7 0.0498 0.1982 0.0153 0.0247 0.0389 0.0579 0.0290 0.1243 0.0142 0.3456 0.1021 
        D799  7 0.5424 0.0358 0.0287 0.0216 0.0586 0.0530 0.0088 0.0782 0.0231 0.0509 0.0987 
        D800  7 0.1104 0.0231 0.4399 0.0198 0.1186 0.0143 0.0207 0.0986 0.0312 0.0265 0.0969 
        D201  9 0.2543 0.0249 0.0185 0.0141 0.4668 0.0166 0.0615 0.0447 0.0265 0.0133 0.0588 
        D202  9 0.0628 0.0150 0.0144 0.0236 0.0681 0.1618 0.0075 0.0293 0.0123 0.4513 0.1538 
     D237259  9 0.0334 0.0841 0.0132 0.0224 0.0369 0.0385 0.0093 0.3911 0.0199 0.0805 0.2706 
     D237260  9 0.0731 0.0181 0.0183 0.0400 0.3015 0.0311 0.0095 0.1482 0.0907 0.0600 0.2094 
     D237262  9 0.0309 0.0106 0.0292 0.0191 0.0155 0.6575 0.0344 0.0396 0.0901 0.0392 0.0340 
     D237263  9 0.1851 0.0130 0.1451 0.0143 0.1358 0.2394 0.0191 0.0778 0.0476 0.0365 0.0864 
     D237264  9 0.0744 0.0262 0.0738 0.0654 0.1890 0.0517 0.0299 0.1697 0.0996 0.0774 0.1430 
     D237265  9 0.0197 0.0134 0.0182 0.0329 0.6290 0.0395 0.0138 0.0265 0.0184 0.0303 0.1583 
     D237266  9 0.0194 0.1220 0.0373 0.0144 0.0637 0.0326 0.0096 0.0892 0.0286 0.5025 0.0808 
     D237267  9 0.0235 0.0806 0.0164 0.1852 0.0315 0.1269 0.0070 0.1837 0.1444 0.0985 0.1022 
     D237268  9 0.0182 0.0113 0.0258 0.0134 0.0246 0.8028 0.0144 0.0315 0.0133 0.0210 0.0238 
     D237289  9 0.0249 0.0328 0.0219 0.0600 0.5388 0.0544 0.0202 0.0391 0.0153 0.0247 0.1678 
     D237290  9 0.0381 0.0537 0.0444 0.0161 0.4802 0.0692 0.0110 0.0329 0.0183 0.0748 0.1613 
     D237291  9 0.1791 0.0239 0.0123 0.0421 0.1739 0.0078 0.0106 0.1433 0.0650 0.1985 0.1436 
     D237292  9 0.0153 0.0091 0.0184 0.0180 0.4857 0.0276 0.0216 0.0743 0.1254 0.0273 0.1773 
     D237293  9 0.0305 0.2019 0.0112 0.0322 0.0932 0.1383 0.0187 0.0590 0.0298 0.2679 0.1174 
     D237294  9 0.1884 0.0130 0.0184 0.0576 0.3762 0.0242 0.0355 0.1057 0.0594 0.0226 0.0990 
     D237295  9 0.1017 0.0675 0.2024 0.1541 0.0415 0.1311 0.0664 0.0718 0.0589 0.0373 0.0674 
     D237296  9 0.1727 0.0676 0.0227 0.0625 0.0844 0.0189 0.0451 0.1600 0.0836 0.0618 0.2206 
     D237297  9 0.0869 0.0349 0.0211 0.1137 0.0689 0.0464 0.0181 0.1466 0.0339 0.2476 0.1820 
     D237298  9 0.4224 0.0609 0.0649 0.0147 0.0905 0.1218 0.0396 0.0733 0.0213 0.0387 0.0518 
     D237341  9 0.2904 0.0487 0.0318 0.0276 0.1821 0.0350 0.0424 0.1238 0.0344 0.0741 0.1096 
     D237342  9 0.0281 0.0145 0.0205 0.0518 0.0210 0.7346 0.0097 0.0311 0.0120 0.0419 0.0348 
     D237343  9 0.1202 0.0400 0.0226 0.0556 0.0629 0.0431 0.0239 0.1579 0.0988 0.1854 0.1895 
     D237344  9 0.0642 0.1006 0.0336 0.1320 0.0451 0.0381 0.0200 0.0800 0.0614 0.3170 0.1082 
     D237345  9 0.0460 0.0161 0.0313 0.0136 0.0776 0.3685 0.2623 0.0713 0.0322 0.0369 0.0443 
     D237346  9 0.0812 0.0754 0.0180 0.0571 0.0941 0.0757 0.0603 0.1780 0.0188 0.1528 0.1886 
     D237347  9 0.3524 0.0309 0.0204 0.2559 0.0366 0.0320 0.0164 0.0745 0.0435 0.0771 0.0604 
     D237348  9 0.0717 0.0851 0.0231 0.0341 0.0386 0.2112 0.0363 0.0444 0.0325 0.3617 0.0614 
     D237349  9 0.2140 0.0237 0.0813 0.0180 0.2265 0.0096 0.0500 0.0665 0.0473 0.1997 0.0631 
     D244109  9 0.0275 0.0174 0.0364 0.0121 0.0802 0.0359 0.0190 0.0698 0.5236 0.1031 0.0749 
     D244110  9 0.0335 0.0594 0.0252 0.0367 0.2134 0.0284 0.0300 0.0999 0.2729 0.0557 0.1451 
     D244111  9 0.2161 0.0378 0.0239 0.0409 0.0491 0.0357 0.0167 0.0870 0.0287 0.3814 0.0828 
     D244128  9 0.0641 0.0138 0.0217 0.0229 0.0340 0.7182 0.0106 0.0359 0.0195 0.0212 0.0382 
     D244137  9 0.2544 0.0217 0.3468 0.0352 0.0613 0.0236 0.0630 0.0533 0.0651 0.0354 0.0403 
     D244138  9 0.2674 0.0232 0.0261 0.0205 0.1397 0.0534 0.0275 0.1249 0.0289 0.1301 0.1583 
        D580  9 0.0199 0.0330 0.0131 0.0184 0.0700 0.2330 0.2923 0.0667 0.0459 0.1287 0.0790 
        D581  9 0.0167 0.0126 0.0127 0.0087 0.6731 0.0213 0.0188 0.0170 0.0112 0.0362 0.1717 
        D582  9 0.0186 0.0140 0.0126 0.0131 0.0144 0.8483 0.0190 0.0133 0.0213 0.0138 0.0116 
        D583  9 0.1656 0.0471 0.0136 0.0157 0.4034 0.0252 0.0182 0.0742 0.0439 0.0827 0.1103 
        D584  9 0.0566 0.0446 0.0142 0.0673 0.1044 0.0635 0.0426 0.0986 0.0368 0.3840 0.0874 
        D585  9 0.0278 0.0209 0.0437 0.0314 0.0498 0.6709 0.0180 0.0444 0.0183 0.0215 0.0532 
        D586  9 0.3551 0.0428 0.0258 0.0719 0.1190 0.0128 0.0129 0.2055 0.0184 0.0439 0.0918 
        D651  9 0.0184 0.6712 0.0376 0.0143 0.0194 0.0294 0.1158 0.0324 0.0221 0.0148 0.0247 
        D652  9 0.2911 0.0151 0.1224 0.0187 0.2151 0.0196 0.0280 0.0695 0.0407 0.1272 0.0526 
        D653  9 0.2665 0.1287 0.0151 0.0549 0.0345 0.0892 0.0261 0.1333 0.0254 0.0801 0.1462 
        D654  9 0.0380 0.0745 0.0434 0.0247 0.0557 0.0548 0.0529 0.1192 0.1105 0.2818 0.1444 
        D655  9 0.0855 0.2622 0.0417 0.0853 0.0970 0.0410 0.0166 0.1102 0.0303 0.1302 0.1002 
        D656  9 0.0187 0.0172 0.0194 0.0181 0.1090 0.0482 0.0184 0.0791 0.5433 0.0614 0.0672 
        D657  9 0.0643 0.0282 0.0174 0.0360 0.1046 0.0318 0.0404 0.0810 0.2188 0.2928 0.0848 
        D667  9 0.0118 0.8451 0.0122 0.0251 0.0107 0.0144 0.0076 0.0152 0.0214 0.0189 0.0177 
        D668  9 0.0486 0.2763 0.0119 0.0231 0.0450 0.1347 0.1113 0.0950 0.0196 0.1189 0.1157 
        D669  9 0.0570 0.0242 0.0221 0.0186 0.5941 0.0314 0.0409 0.0329 0.0181 0.0189 0.1419 
        D670  9 0.0139 0.2482 0.0125 0.0395 0.0976 0.0206 0.0199 0.2227 0.0803 0.0341 0.2107 
        D671  9 0.0767 0.0124 0.0563 0.0177 0.5223 0.0128 0.0410 0.0627 0.0463 0.0551 0.0965 
        D672  9 0.0870 0.0803 0.0525 0.0217 0.1209 0.3353 0.0884 0.0645 0.0186 0.0397 0.0912 
        D673  9 0.0513 0.5029 0.0161 0.0436 0.0361 0.0684 0.1342 0.0615 0.0159 0.0285 0.0415 
        D692  9 0.0199 0.0174 0.0171 0.0296 0.1328 0.1585 0.0145 0.0873 0.3574 0.0655 0.1001 
        D693  9 0.0264 0.6229 0.0153 0.0409 0.0382 0.0387 0.0532 0.0301 0.0333 0.0569 0.0440 
        D694  9 0.0247 0.0138 0.0142 0.0410 0.0855 0.1945 0.0245 0.1186 0.3329 0.0607 0.0896 
        D695  9 0.0526 0.1316 0.1025 0.0278 0.0732 0.1442 0.1265 0.1077 0.0317 0.0897 0.1125 
        D696  9 0.0204 0.0136 0.0199 0.8329 0.0107 0.0113 0.0384 0.0139 0.0096 0.0181 0.0112 
        D697  9 0.0218 0.8338 0.0153 0.0167 0.0172 0.0103 0.0247 0.0191 0.0096 0.0159 0.0155 
        D698  9 0.0281 0.0905 0.0206 0.2009 0.0715 0.1313 0.0274 0.1146 0.0222 0.1412 0.1516 
        D699  9 0.0204 0.4208 0.0077 0.1078 0.0576 0.0606 0.0254 0.0440 0.0152 0.1586 0.0819 
        D787  9 0.1141 0.0672 0.1169 0.0245 0.0644 0.0293 0.0137 0.0796 0.0359 0.3863 0.0682 
        D788  9 0.0280 0.3459 0.0102 0.0519 0.0504 0.1938 0.0214 0.0470 0.0125 0.1556 0.0833 
        D789  9 0.0508 0.0442 0.0223 0.0931 0.0846 0.1813 0.0209 0.1157 0.1101 0.1532 0.1237 
        D790  9 0.0464 0.5176 0.0172 0.0283 0.0669 0.0208 0.0439 0.0764 0.0346 0.0887 0.0591 
        D791  9 0.0896 0.0146 0.0153 0.0508 0.3907 0.1115 0.0086 0.0396 0.0225 0.0813 0.1755 
        D792  9 0.0624 0.0832 0.1146 0.0254 0.0504 0.0132 0.0256 0.1792 0.2608 0.0493 0.1360 
        D793  9 0.0132 0.7100 0.0418 0.0820 0.0167 0.0127 0.0123 0.0582 0.0131 0.0117 0.0284 
        D794  9 0.0752 0.2813 0.0650 0.1418 0.0420 0.0320 0.0424 0.0702 0.1172 0.0612 0.0717 
        D795  9 0.0347 0.0228 0.0244 0.0429 0.0223 0.6658 0.0085 0.0283 0.0102 0.1021 0.0381 
        D796  9 0.0278 0.7605 0.0099 0.0155 0.0342 0.0499 0.0108 0.0227 0.0106 0.0215 0.0366 
        D005 12 0.0602 0.0124 0.0098 0.0262 0.0120 0.0219 0.0136 0.0540 0.6730 0.0327 0.0843 
        D035 12 0.0135 0.8726 0.0119 0.0166 0.0131 0.0100 0.0103 0.0167 0.0100 0.0100 0.0154 
        D067 12 0.0533 0.3496 0.0300 0.0512 0.0555 0.0842 0.0167 0.1067 0.0294 0.0474 0.1759 
        D134 12 0.1064 0.0291 0.0201 0.0348 0.0529 0.1121 0.0103 0.2419 0.0414 0.0624 0.2887 
        D135 12 0.0506 0.0416 0.0206 0.0540 0.0750 0.0496 0.0270 0.3518 0.0264 0.0668 0.2367 
        D136 12 0.0218 0.0647 0.1342 0.1233 0.0434 0.0310 0.1099 0.1451 0.1094 0.0676 0.1496 
        D137 12 0.0332 0.4013 0.0177 0.0181 0.0697 0.0393 0.0295 0.1256 0.0175 0.0555 0.1928 
        D138 12 0.0921 0.1286 0.0476 0.0534 0.2057 0.0266 0.0383 0.1781 0.0359 0.0536 0.1400 
        D139 12 0.2117 0.0280 0.0449 0.0476 0.1029 0.0492 0.0220 0.1358 0.0466 0.1291 0.1820 
        D140 12 0.0180 0.7984 0.0192 0.0251 0.0147 0.0132 0.0246 0.0261 0.0186 0.0231 0.0191 
        D141 12 0.0171 0.1417 0.0094 0.0098 0.0171 0.3759 0.3218 0.0237 0.0369 0.0246 0.0220 
        D150 12 0.0178 0.0149 0.0162 0.0365 0.0335 0.0208 0.0106 0.0669 0.0309 0.6882 0.0636 
        D177 12 0.0639 0.0581 0.0231 0.0504 0.0605 0.0626 0.0097 0.2096 0.0649 0.0785 0.3189 
        D178 12 0.0812 0.0221 0.4646 0.0180 0.0527 0.0199 0.0454 0.0963 0.0603 0.0547 0.0849 
        D179 12 0.0653 0.0693 0.0231 0.1090 0.0578 0.0221 0.0471 0.2641 0.0898 0.0339 0.2185 
        D180 12 0.0197 0.3885 0.0159 0.0159 0.0467 0.1918 0.0147 0.0713 0.1128 0.0210 0.1016 
        D187 12 0.0330 0.7449 0.0178 0.0251 0.0390 0.0300 0.0096 0.0391 0.0120 0.0176 0.0320 
        D188 12 0.0216 0.0166 0.0124 0.0206 0.0520 0.2231 0.0990 0.0772 0.3884 0.0295 0.0596 
        D191 12 0.1895 0.1268 0.0153 0.0281 0.1750 0.0293 0.2462 0.0512 0.0340 0.0339 0.0706 
        D418 12 0.1324 0.1015 0.0174 0.0113 0.1778 0.0408 0.3018 0.0682 0.0371 0.0319 0.0797 
        D601 12 0.0151 0.0201 0.0249 0.0194 0.0219 0.4267 0.0117 0.0554 0.3450 0.0186 0.0413 
        D836 12 0.0368 0.2057 0.0113 0.0130 0.0165 0.6123 0.0144 0.0252 0.0278 0.0156 0.0216 
        D837 12 0.4362 0.0313 0.1455 0.0376 0.0908 0.0282 0.0456 0.0392 0.0136 0.0926 0.0394 
        D838 12 0.0781 0.6375 0.0274 0.0582 0.0333 0.0146 0.0159 0.0326 0.0095 0.0342 0.0587 
        D839 12 0.0584 0.0233 0.0334 0.0151 0.5722 0.0450 0.0337 0.0740 0.0361 0.0240 0.0849 
        D840 12 0.5150 0.0768 0.0204 0.0714 0.0377 0.0245 0.0870 0.0622 0.0317 0.0394 0.0339 
        D841 12 0.0216 0.8774 0.0071 0.0118 0.0155 0.0113 0.0087 0.0137 0.0103 0.0089 0.0135 
        D842 12 0.0506 0.0114 0.0188 0.0099 0.0877 0.0253 0.1602 0.0352 0.0363 0.5373 0.0273 
        D843 12 0.0861 0.1847 0.0488 0.0915 0.0582 0.1256 0.0135 0.1582 0.0499 0.0609 0.1224 
        D844 12 0.2865 0.0103 0.0372 0.0124 0.4586 0.0170 0.0307 0.0412 0.0686 0.0104 0.0269 
        D912 12 0.5257 0.0207 0.0627 0.1189 0.0702 0.0121 0.0710 0.0471 0.0204 0.0241 0.0271 
        D913 12 0.0411 0.0718 0.0361 0.0259 0.1150 0.0112 0.0129 0.3037 0.0368 0.0488 0.2966 
        D914 12 0.5418 0.0301 0.0135 0.1153 0.0249 0.0221 0.0161 0.0921 0.0318 0.0624 0.0500 
        D922 12 0.0213 0.7698 0.0140 0.0265 0.0155 0.0599 0.0229 0.0191 0.0150 0.0162 0.0199 
        D939 12 0.0290 0.1350 0.0100 0.0245 0.0325 0.6192 0.0333 0.0368 0.0306 0.0225 0.0266 
        D944 12 0.0196 0.0389 0.0230 0.0168 0.1287 0.0071 0.0521 0.3565 0.0590 0.0188 0.2796 
        D945 12 0.0638 0.1018 0.0345 0.0539 0.0685 0.1429 0.0198 0.1622 0.0605 0.1043 0.1879 
        D985 12 0.0225 0.1029 0.0288 0.0712 0.0299 0.0424 0.0853 0.1313 0.2456 0.1353 0.1048 
        D986 12 0.4740 0.0129 0.0381 0.0368 0.0684 0.0395 0.0118 0.1407 0.0382 0.0447 0.0949 
        D987 12 0.5813 0.0198 0.0281 0.0878 0.0364 0.0117 0.0470 0.0460 0.0478 0.0529 0.0413 
        D988 12 0.3304 0.0210 0.0243 0.1148 0.0290 0.0723 0.0213 0.1205 0.0842 0.0502 0.1320 
        D996 12 0.3988 0.1270 0.0245 0.0623 0.0310 0.0143 0.0172 0.1461 0.0597 0.0339 0.0852 
        D997 12 0.0554 0.0656 0.0241 0.0514 0.0511 0.5029 0.0165 0.0655 0.0675 0.0290 0.0710 
        D998 12 0.0425 0.1786 0.0295 0.1220 0.0828 0.0242 0.0149 0.2239 0.0440 0.0561 0.1815 
        D999 12 0.0649 0.0224 0.0162 0.0430 0.5337 0.0224 0.0389 0.0567 0.0161 0.0513 0.1345 
