        D174  1 0.0821 0.1996 0.0358 0.0260 0.2974 0.1359 0.1224 0.0654 0.0354 
        D199  1 0.1592 0.0819 0.0922 0.0799 0.1697 0.0788 0.2513 0.0435 0.0436 
        D203  1 0.1871 0.1175 0.0537 0.1532 0.1180 0.1155 0.1563 0.0644 0.0344 
        D204  1 0.0216 0.6491 0.0188 0.0251 0.0676 0.0709 0.0344 0.0914 0.0212 
     D237366  1 0.4784 0.0245 0.0284 0.1118 0.0313 0.1352 0.0817 0.0779 0.0308 
     D237367  1 0.2886 0.0273 0.2302 0.0347 0.0565 0.0932 0.1288 0.0783 0.0625 
     D237368  1 0.2023 0.2521 0.0449 0.0358 0.0842 0.0430 0.1197 0.1770 0.0411 
     D244101  1 0.0413 0.0467 0.0161 0.0734 0.0744 0.4941 0.1577 0.0721 0.0242 
     D244102  1 0.0640 0.1036 0.1038 0.1562 0.1541 0.2176 0.1133 0.0458 0.0416 
     D244103  1 0.5745 0.0359 0.0441 0.0569 0.0346 0.0456 0.1383 0.0306 0.0394 
     D244104  1 0.0294 0.1998 0.0330 0.0561 0.0241 0.0334 0.0358 0.0396 0.5489 
     D244105  1 0.1006 0.0201 0.0272 0.1453 0.0347 0.0473 0.2665 0.2529 0.1055 
     D244106  1 0.0207 0.6174 0.0118 0.1059 0.0708 0.0916 0.0394 0.0239 0.0186 
     D244107  1 0.4888 0.0125 0.1288 0.0398 0.0704 0.0318 0.1633 0.0208 0.0438 
     D244108  1 0.0199 0.0445 0.0226 0.0525 0.2602 0.0670 0.0503 0.4557 0.0273 
     D244113  1 0.0481 0.0521 0.0283 0.0321 0.5049 0.1351 0.1037 0.0369 0.0587 
     D244114  1 0.1877 0.0337 0.0184 0.2785 0.0536 0.0970 0.2535 0.0423 0.0353 
     D244115  1 0.0246 0.5454 0.0318 0.0713 0.0522 0.0870 0.1076 0.0522 0.0279 
     D267365  1 0.0738 0.0783 0.0454 0.1399 0.0854 0.4010 0.1004 0.0347 0.0411 
        D404  1 0.0313 0.2702 0.0316 0.0233 0.4437 0.1006 0.0479 0.0192 0.0323 
        D405  1 0.0500 0.1480 0.0595 0.0898 0.3520 0.1567 0.0850 0.0134 0.0455 
        D406  1 0.0083 0.0086 0.0092 0.0089 0.0072 0.0114 0.0099 0.9290 0.0075 
        D407  1 0.6780 0.1610 0.0145 0.0218 0.0165 0.0168 0.0435 0.0213 0.0266 
        D408  1 0.1194 0.3282 0.0296 0.0493 0.1143 0.1053 0.1025 0.0210 0.1304 
        D409  1 0.2574 0.0651 0.0237 0.1730 0.0565 0.0784 0.2202 0.0681 0.0575 
        D410  1 0.0615 0.0371 0.0361 0.0444 0.3675 0.1583 0.1620 0.1046 0.0285 
        D421  1 0.3666 0.4578 0.0109 0.0213 0.0172 0.0326 0.0445 0.0117 0.0374 
        D422  1 0.5620 0.0265 0.0262 0.1186 0.0244 0.0280 0.1224 0.0765 0.0155 
        D423  1 0.6146 0.0129 0.0729 0.0229 0.0697 0.0299 0.1029 0.0518 0.0225 
        D424  1 0.0522 0.7017 0.0106 0.0221 0.0199 0.0523 0.1037 0.0178 0.0198 
        D425  1 0.0807 0.0553 0.0200 0.0423 0.1856 0.2107 0.2517 0.0224 0.1314 
        D426  1 0.4930 0.0260 0.0149 0.0949 0.0380 0.0367 0.2188 0.0234 0.0543 
        D427  1 0.1045 0.4045 0.0136 0.1961 0.0762 0.0349 0.0729 0.0088 0.0885 
        D428  1 0.1384 0.4090 0.0238 0.0547 0.0902 0.0687 0.0986 0.0807 0.0360 
        D429  1 0.0176 0.7979 0.0117 0.0563 0.0138 0.0582 0.0202 0.0155 0.0088 
        D430  1 0.0523 0.4625 0.0322 0.1247 0.0736 0.0526 0.1522 0.0129 0.0369 
        D491  1 0.0647 0.4201 0.0387 0.0272 0.0477 0.0314 0.0696 0.2004 0.1003 
        D492  1 0.1322 0.5605 0.0224 0.0277 0.0308 0.0407 0.0615 0.1094 0.0148 
        D537  1 0.1803 0.0705 0.0274 0.0253 0.0656 0.0615 0.0977 0.4292 0.0425 
        D538  1 0.0952 0.1352 0.0919 0.0280 0.2715 0.0582 0.1411 0.1420 0.0370 
        D539  1 0.0182 0.0988 0.0685 0.3346 0.0993 0.1021 0.0777 0.1503 0.0505 
        D540  1 0.2369 0.0363 0.0440 0.0545 0.1634 0.0886 0.2113 0.0177 0.1472 
        D541  1 0.0230 0.8547 0.0179 0.0134 0.0192 0.0217 0.0205 0.0169 0.0129 
        D551  1 0.2952 0.0190 0.0145 0.1547 0.0179 0.0271 0.4276 0.0270 0.0169 
        D552  1 0.0172 0.0547 0.0254 0.0530 0.0189 0.1231 0.0329 0.6239 0.0509 
        D553  1 0.2270 0.2335 0.0648 0.0325 0.0421 0.1704 0.1039 0.0212 0.1046 
        D615  1 0.0247 0.5756 0.0609 0.0859 0.0501 0.0650 0.0717 0.0299 0.0362 
        D616  1 0.0808 0.4108 0.0510 0.0888 0.0640 0.0774 0.1512 0.0397 0.0363 
        D621  1 0.0189 0.0210 0.0224 0.0257 0.0335 0.0251 0.0235 0.7983 0.0317 
        D622  1 0.0181 0.0214 0.0188 0.0164 0.0170 0.0236 0.0205 0.8400 0.0242 
        D623  1 0.0215 0.0334 0.0218 0.0306 0.6817 0.0990 0.0557 0.0333 0.0230 
        D624  1 0.0375 0.4137 0.0327 0.0891 0.0869 0.0302 0.2099 0.0252 0.0749 
        D625  1 0.0275 0.5299 0.1497 0.0407 0.0187 0.0275 0.0570 0.1371 0.0118 
        D626  1 0.0571 0.0479 0.0473 0.0306 0.0314 0.0212 0.0415 0.0304 0.6926 
        D627  1 0.4195 0.0844 0.0356 0.0496 0.0290 0.0827 0.2118 0.0571 0.0302 
        D690  1 0.0143 0.8821 0.0179 0.0117 0.0137 0.0181 0.0131 0.0134 0.0158 
        D691  1 0.0203 0.0225 0.0148 0.0204 0.0150 0.0241 0.0218 0.8447 0.0163 
        D710  1 0.2603 0.1337 0.0569 0.0369 0.0777 0.0667 0.1830 0.0386 0.1462 
        D711  1 0.0185 0.8034 0.0229 0.0255 0.0268 0.0443 0.0238 0.0269 0.0078 
        D712  1 0.1117 0.0553 0.0602 0.0573 0.1136 0.2028 0.1080 0.1391 0.1520 
        D713  1 0.1870 0.0893 0.0309 0.0297 0.1103 0.0788 0.1383 0.3096 0.0261 
        D746  1 0.0316 0.0671 0.0176 0.0315 0.0130 0.0192 0.0178 0.7827 0.0195 
        D747  1 0.0202 0.8585 0.0121 0.0182 0.0210 0.0278 0.0173 0.0093 0.0155 
        D748  1 0.0201 0.0379 0.0211 0.0154 0.0130 0.0178 0.0179 0.8360 0.0208 
        D749  1 0.1128 0.0420 0.0234 0.1291 0.0882 0.0914 0.3222 0.1606 0.0304 
        D750  1 0.0103 0.8882 0.0103 0.0168 0.0156 0.0170 0.0112 0.0154 0.0153 
        D763  1 0.0627 0.0242 0.0506 0.2059 0.0382 0.0852 0.1252 0.2198 0.1881 
        D764  1 0.0094 0.9090 0.0122 0.0085 0.0103 0.0100 0.0130 0.0159 0.0117 
        D765  1 0.1011 0.0246 0.0340 0.1228 0.2005 0.1442 0.2399 0.0500 0.0828 
        D766  1 0.0347 0.0168 0.0172 0.0163 0.0195 0.0139 0.0203 0.8211 0.0403 
        D767  1 0.1352 0.0669 0.1912 0.0831 0.1276 0.1263 0.1440 0.0996 0.0262 
        D768  1 0.3108 0.1135 0.0307 0.0633 0.0575 0.1128 0.1878 0.0652 0.0585 
        D811  1 0.0255 0.0229 0.0477 0.0328 0.1843 0.0214 0.0792 0.0199 0.5662 
        D816  1 0.0247 0.5488 0.0131 0.0716 0.0136 0.2787 0.0195 0.0153 0.0145 
        D825  1 0.0347 0.2781 0.1090 0.0750 0.0692 0.1841 0.1333 0.0498 0.0669 
        D866  1 0.0187 0.0407 0.0534 0.3394 0.2358 0.1262 0.1034 0.0177 0.0647 
        D867  1 0.5829 0.0142 0.0170 0.0595 0.0555 0.0411 0.1378 0.0739 0.0182 
        D871  1 0.2764 0.2394 0.0530 0.0383 0.0628 0.0757 0.1487 0.0821 0.0236 
        D872  1 0.0209 0.0164 0.0404 0.0258 0.0545 0.0270 0.0260 0.7623 0.0267 
        D873  1 0.0267 0.0163 0.1066 0.0303 0.6221 0.1474 0.0282 0.0113 0.0111 
        D874  1 0.0221 0.1925 0.0132 0.1028 0.0576 0.4695 0.0701 0.0444 0.0278 
        D875  1 0.2453 0.0366 0.0279 0.0366 0.0382 0.0328 0.0719 0.4998 0.0108 
        D876  1 0.0224 0.0473 0.0222 0.0284 0.0176 0.0690 0.0390 0.6998 0.0543 
        D877  1 0.0235 0.1909 0.0340 0.0435 0.4550 0.0631 0.1382 0.0308 0.0211 
        D892  1 0.0431 0.0884 0.0189 0.0250 0.0202 0.0384 0.0262 0.7256 0.0141 
        D893  1 0.0784 0.0839 0.0544 0.0502 0.1057 0.3368 0.1124 0.1296 0.0485 
        D894  1 0.0101 0.9145 0.0109 0.0159 0.0090 0.0119 0.0113 0.0088 0.0076 
        D915  1 0.0971 0.0432 0.0675 0.0403 0.0640 0.2459 0.0825 0.3230 0.0365 
        D916  1 0.0092 0.9290 0.0089 0.0086 0.0085 0.0088 0.0088 0.0109 0.0073 
        D917  1 0.1589 0.0421 0.2886 0.0554 0.1415 0.0748 0.1836 0.0174 0.0378 
        D925  1 0.0432 0.1252 0.1389 0.0812 0.1743 0.1524 0.1483 0.0911 0.0454 
        D926  1 0.0449 0.3311 0.0449 0.1200 0.0153 0.3133 0.0797 0.0301 0.0207 
        D927  1 0.1233 0.0650 0.0535 0.2382 0.0460 0.2500 0.1449 0.0504 0.0286 
        D928  1 0.0462 0.6331 0.0136 0.0183 0.0860 0.0458 0.0573 0.0394 0.0601 
        D929  1 0.1159 0.0396 0.4183 0.0388 0.1262 0.1100 0.0698 0.0513 0.0300 
        D936  1 0.0221 0.2632 0.0186 0.1794 0.0272 0.4167 0.0438 0.0162 0.0128 
        D938  1 0.0102 0.0091 0.0123 0.0105 0.0082 0.0113 0.0077 0.9153 0.0153 
        D956  1 0.0124 0.8580 0.0134 0.0254 0.0293 0.0219 0.0191 0.0077 0.0128 
        D957  1 0.0249 0.0230 0.0440 0.0252 0.1047 0.0323 0.0286 0.7012 0.0162 
        D958  1 0.0086 0.0113 0.0086 0.0086 0.0087 0.0097 0.0097 0.9206 0.0143 
        D959  1 0.8194 0.0801 0.0082 0.0133 0.0119 0.0120 0.0274 0.0129 0.0148 
        D960  1 0.0322 0.0249 0.0155 0.0394 0.1614 0.0453 0.0731 0.5990 0.0092 
        D989  1 0.0734 0.1321 0.0205 0.1410 0.0867 0.1549 0.1464 0.0462 0.1990 
        D990  1 0.0248 0.0156 0.1881 0.0194 0.2194 0.2353 0.2388 0.0405 0.0180 
        D211  3 0.0485 0.0201 0.8201 0.0191 0.0131 0.0178 0.0209 0.0145 0.0259 
     D229639  3 0.0367 0.0645 0.0779 0.1987 0.1298 0.0657 0.1684 0.0152 0.2431 
     D237212  3 0.0752 0.1074 0.2121 0.1847 0.1113 0.0952 0.1124 0.0226 0.0790 
     D237213  3 0.0410 0.0133 0.3787 0.0822 0.0913 0.0962 0.0742 0.0424 0.1807 
     D237214  3 0.8716 0.0130 0.0154 0.0113 0.0132 0.0169 0.0308 0.0199 0.0079 
     D237215  3 0.0135 0.0119 0.0446 0.1399 0.6492 0.0263 0.0475 0.0094 0.0576 
     D237216  3 0.0795 0.0232 0.0485 0.0710 0.0643 0.1110 0.5002 0.0170 0.0853 
     D237217  3 0.1901 0.0124 0.3589 0.0794 0.0227 0.0484 0.1527 0.0593 0.0761 
     D237218  3 0.0193 0.0390 0.0548 0.2204 0.0189 0.5062 0.0640 0.0431 0.0343 
     D237219  3 0.0162 0.0134 0.1493 0.0248 0.0278 0.0359 0.0611 0.0425 0.6291 
     D237382  3 0.0384 0.0665 0.0971 0.0484 0.3964 0.0839 0.0663 0.1438 0.0592 
     D244127  3 0.0384 0.0104 0.0971 0.0568 0.4147 0.1595 0.1173 0.0343 0.0716 
     D244129  3 0.1103 0.1171 0.1748 0.0652 0.0934 0.0696 0.1865 0.0867 0.0964 
     D244133  3 0.0267 0.0403 0.0186 0.0378 0.0381 0.0279 0.0550 0.0226 0.7330 
     D244134  3 0.0203 0.0161 0.1286 0.0516 0.0293 0.0424 0.0514 0.0584 0.6017 
     D244135  3 0.6192 0.0187 0.1746 0.0308 0.0219 0.0262 0.0669 0.0214 0.0203 
     D244136  3 0.0662 0.1126 0.0253 0.0555 0.1396 0.0473 0.1005 0.0642 0.3887 
        D416  3 0.1101 0.0237 0.0476 0.2318 0.0497 0.0735 0.1050 0.0110 0.3476 
        D417  3 0.0261 0.3563 0.0372 0.1408 0.0259 0.0800 0.1152 0.1864 0.0320 
        D419  3 0.0265 0.0296 0.0911 0.1589 0.0853 0.0497 0.1032 0.1277 0.3280 
        D565  3 0.0306 0.2816 0.0230 0.0345 0.1673 0.1526 0.0919 0.0442 0.1745 
        D566  3 0.0469 0.2612 0.0271 0.1226 0.2026 0.0522 0.1445 0.0141 0.1288 
        D567  3 0.1061 0.2089 0.1475 0.1303 0.0572 0.0819 0.1067 0.0745 0.0869 
        D568  3 0.0427 0.0219 0.0912 0.2620 0.0610 0.0706 0.1097 0.1778 0.1631 
        D569  3 0.1035 0.0171 0.1152 0.0302 0.4289 0.1568 0.1088 0.0115 0.0278 
        D573  3 0.0476 0.1732 0.0615 0.1355 0.1245 0.1243 0.2266 0.0123 0.0945 
        D574  3 0.1537 0.0634 0.0581 0.0651 0.1450 0.2452 0.1408 0.0609 0.0677 
        D575  3 0.0172 0.0070 0.0347 0.0119 0.0123 0.0105 0.0141 0.0155 0.8767 
        D576  3 0.0298 0.0102 0.0809 0.1404 0.4819 0.0190 0.0694 0.0075 0.1609 
        D577  3 0.1483 0.0953 0.2638 0.0801 0.0313 0.0447 0.0895 0.1798 0.0673 
        D578  3 0.8819 0.0066 0.0137 0.0147 0.0165 0.0170 0.0173 0.0182 0.0141 
        D579  3 0.0328 0.4307 0.0407 0.0959 0.0552 0.1757 0.0517 0.0267 0.0908 
        D660  3 0.0814 0.0172 0.1130 0.0919 0.3434 0.1840 0.1025 0.0138 0.0529 
        D661  3 0.0305 0.0132 0.0175 0.6996 0.0105 0.1477 0.0363 0.0289 0.0157 
        D663  3 0.0707 0.0176 0.0430 0.1388 0.1703 0.1260 0.3947 0.0164 0.0226 
        D664  3 0.0723 0.0158 0.1613 0.0616 0.2572 0.1335 0.1217 0.0599 0.1167 
        D665  3 0.0201 0.0105 0.7160 0.0169 0.0688 0.0389 0.0672 0.0133 0.0484 
        D666  3 0.0179 0.0135 0.0174 0.0164 0.0264 0.0214 0.0191 0.0238 0.8442 
        D502  6 0.0366 0.0116 0.4809 0.0962 0.1491 0.0352 0.1204 0.0133 0.0567 
        D503  6 0.0353 0.0359 0.0471 0.5591 0.0638 0.0771 0.1078 0.0338 0.0401 
        D504  6 0.0543 0.2302 0.0172 0.1776 0.0441 0.3007 0.0912 0.0516 0.0330 
        D505  6 0.1698 0.1184 0.0715 0.1438 0.1529 0.0790 0.1951 0.0141 0.0555 
        D506  6 0.0556 0.7967 0.0135 0.0159 0.0255 0.0239 0.0377 0.0112 0.0201 
        D507  6 0.0506 0.0437 0.0643 0.0989 0.2055 0.1292 0.3068 0.0327 0.0683 
        D508  6 0.0335 0.0395 0.1713 0.2072 0.2492 0.1591 0.0951 0.0154 0.0296 
        D529  6 0.5165 0.0616 0.0610 0.0555 0.0334 0.0660 0.1273 0.0334 0.0453 
        D530  6 0.0515 0.0151 0.2611 0.0384 0.4804 0.0375 0.0396 0.0290 0.0475 
        D531  6 0.0444 0.2684 0.0594 0.1700 0.0949 0.1358 0.1208 0.0333 0.0730 
        D532  6 0.1475 0.0628 0.0236 0.0463 0.4513 0.0919 0.1218 0.0201 0.0347 
        D534  6 0.0846 0.0361 0.0847 0.0908 0.0873 0.1063 0.1288 0.3611 0.0204 
        D535  6 0.1956 0.0630 0.0598 0.0480 0.0990 0.0959 0.2407 0.0349 0.1632 
        D536  6 0.2181 0.0286 0.0397 0.2679 0.2095 0.0658 0.1405 0.0106 0.0193 
        D554  6 0.1044 0.1829 0.0785 0.0715 0.2128 0.1061 0.1334 0.0474 0.0631 
        D587  6 0.0652 0.3361 0.0251 0.0466 0.1111 0.1123 0.1535 0.0903 0.0599 
        D588  6 0.0923 0.0347 0.0451 0.0445 0.1090 0.1221 0.4802 0.0107 0.0614 
        D589  6 0.0411 0.0403 0.0698 0.2825 0.0831 0.1932 0.2282 0.0258 0.0361 
        D590  6 0.2727 0.1271 0.0186 0.1396 0.1394 0.0401 0.2140 0.0277 0.0208 
        D591  6 0.0595 0.0625 0.0515 0.1046 0.0464 0.1029 0.2257 0.0803 0.2666 
        D592  6 0.0503 0.1457 0.0929 0.0629 0.0801 0.0646 0.1041 0.3653 0.0341 
        D593  6 0.0123 0.0082 0.3875 0.0333 0.4646 0.0256 0.0249 0.0159 0.0278 
        D682  6 0.0185 0.7956 0.0119 0.0221 0.0334 0.0253 0.0356 0.0175 0.0400 
        D683  6 0.0611 0.2201 0.2603 0.0831 0.0406 0.1245 0.1508 0.0361 0.0236 
        D684  6 0.0615 0.0362 0.1477 0.1227 0.0731 0.2251 0.2761 0.0272 0.0302 
        D685  6 0.0529 0.0190 0.1879 0.1455 0.1312 0.0286 0.3681 0.0160 0.0508 
        D686  6 0.0826 0.0261 0.0184 0.0227 0.6285 0.1173 0.0773 0.0141 0.0130 
        D724  6 0.0558 0.0505 0.2390 0.2504 0.1087 0.1118 0.1125 0.0370 0.0342 
        D725  6 0.0713 0.0129 0.2032 0.0990 0.1886 0.0822 0.1108 0.1438 0.0883 
        D726  6 0.0520 0.6340 0.0232 0.0309 0.0310 0.0899 0.0430 0.0513 0.0447 
        D727  6 0.6945 0.0406 0.0205 0.0277 0.0425 0.0255 0.0944 0.0081 0.0462 
        D728  6 0.0327 0.1166 0.0586 0.0313 0.2815 0.0651 0.1475 0.0495 0.2170 
        D729  6 0.7306 0.0286 0.0356 0.0147 0.0786 0.0225 0.0628 0.0119 0.0148 
        D730  6 0.0232 0.0374 0.0459 0.2077 0.0503 0.5194 0.0681 0.0239 0.0242 
        D731  6 0.0369 0.0615 0.0299 0.2304 0.1843 0.1031 0.0784 0.0137 0.2618 
        D732  6 0.0818 0.0415 0.3368 0.0526 0.1088 0.1354 0.1348 0.0486 0.0597 
        D733  6 0.0461 0.0303 0.0634 0.1611 0.1018 0.1683 0.0799 0.2899 0.0591 
     D237251  7 0.0264 0.0119 0.0180 0.2380 0.0186 0.5639 0.0501 0.0115 0.0617 
     D237252  7 0.0377 0.0170 0.1566 0.5101 0.0726 0.0460 0.0494 0.0476 0.0629 
     D237253  7 0.1306 0.0960 0.0231 0.2330 0.1499 0.0698 0.2010 0.0214 0.0753 
     D237254  7 0.8852 0.0085 0.0168 0.0154 0.0117 0.0138 0.0172 0.0200 0.0113 
     D237255  7 0.0720 0.0308 0.0295 0.3049 0.1621 0.0586 0.1552 0.0240 0.1629 
     D237256  7 0.0497 0.0220 0.0552 0.1419 0.2310 0.0480 0.3617 0.0116 0.0789 
     D237257  7 0.3082 0.0267 0.0924 0.0718 0.1070 0.0920 0.2586 0.0167 0.0267 
     D237282  7 0.2227 0.0965 0.0454 0.1001 0.1098 0.0618 0.1615 0.1557 0.0466 
     D237283  7 0.0130 0.0078 0.7949 0.0436 0.0240 0.0185 0.0309 0.0175 0.0498 
     D237284  7 0.6794 0.0491 0.0439 0.0387 0.0279 0.0451 0.0550 0.0314 0.0295 
     D237285  7 0.0913 0.0177 0.1567 0.0928 0.4303 0.0762 0.0829 0.0248 0.0273 
     D237286  7 0.0913 0.1472 0.0259 0.0718 0.1400 0.2349 0.2000 0.0360 0.0528 
     D237287  7 0.0571 0.0324 0.0613 0.0941 0.0834 0.0451 0.1736 0.0177 0.4355 
     D244006  7 0.8473 0.0154 0.0169 0.0151 0.0176 0.0314 0.0289 0.0178 0.0096 
     D244007  7 0.3475 0.0336 0.0190 0.0553 0.0524 0.1845 0.1078 0.1776 0.0224 
     D244008  7 0.0175 0.0121 0.7961 0.0192 0.0200 0.0129 0.0198 0.0263 0.0760 
     D244009  7 0.0194 0.0292 0.0989 0.0947 0.0282 0.0745 0.0484 0.5738 0.0329 
     D244010  7 0.0357 0.0353 0.6775 0.0366 0.0432 0.0401 0.0840 0.0125 0.0352 
     D244011  7 0.0351 0.0306 0.0758 0.1144 0.0706 0.4047 0.2222 0.0187 0.0280 
     D244012  7 0.0306 0.0490 0.4505 0.1112 0.1598 0.0552 0.0945 0.0109 0.0383 
     D244013  7 0.0170 0.0334 0.0421 0.1086 0.1591 0.4718 0.1013 0.0338 0.0329 
     D244014  7 0.0435 0.0145 0.0615 0.0701 0.1380 0.2392 0.1417 0.0502 0.2412 
     D244015  7 0.0805 0.0338 0.0841 0.0481 0.1511 0.0423 0.2817 0.0700 0.2084 
     D244125  7 0.0310 0.1052 0.0257 0.1011 0.2346 0.1387 0.1709 0.0580 0.1349 
     D244126  7 0.0086 0.0157 0.8928 0.0164 0.0146 0.0144 0.0131 0.0135 0.0109 
     D244130  7 0.0255 0.0153 0.0612 0.0614 0.4679 0.1325 0.2011 0.0189 0.0162 
     D244131  7 0.0398 0.1413 0.0309 0.0511 0.0539 0.5534 0.0491 0.0653 0.0152 
     D244132  7 0.0231 0.0315 0.0204 0.0883 0.1095 0.2528 0.1439 0.1977 0.1329 
        D520  7 0.0758 0.0291 0.4723 0.0647 0.1128 0.0276 0.1233 0.0291 0.0654 
        D521  7 0.0303 0.0248 0.1047 0.0606 0.4020 0.2117 0.0926 0.0439 0.0295 
        D522  7 0.0187 0.0236 0.0127 0.0448 0.0132 0.1675 0.0299 0.6489 0.0407 
        D523  7 0.0530 0.0259 0.0170 0.6041 0.0230 0.1439 0.0733 0.0292 0.0305 
        D524  7 0.0457 0.0285 0.0374 0.1974 0.0640 0.4352 0.0958 0.0352 0.0608 
        D525  7 0.0867 0.1380 0.0836 0.0994 0.1243 0.1116 0.2554 0.0795 0.0215 
        D526  7 0.6538 0.0227 0.0777 0.0227 0.0242 0.0234 0.0504 0.0670 0.0580 
        D527  7 0.0156 0.0865 0.0285 0.2247 0.0179 0.4880 0.0875 0.0119 0.0394 
        D528  7 0.0171 0.0133 0.0427 0.0141 0.0113 0.0147 0.8659 0.0111 0.0098 
        D558  7 0.0693 0.0303 0.0688 0.0343 0.4252 0.1677 0.0704 0.1132 0.0208 
        D559  7 0.0233 0.0269 0.0297 0.2377 0.1087 0.4498 0.0788 0.0279 0.0172 
        D640  7 0.0253 0.0265 0.0266 0.1004 0.1595 0.2453 0.1303 0.0250 0.2612 
        D641  7 0.0417 0.0135 0.1774 0.0610 0.2314 0.1191 0.1018 0.0209 0.2332 
        D642  7 0.0819 0.0280 0.0325 0.0448 0.5139 0.1110 0.0821 0.0898 0.0161 
        D644  7 0.0626 0.0454 0.2973 0.0716 0.1232 0.1533 0.1278 0.0563 0.0625 
        D645  7 0.0198 0.0355 0.0280 0.2820 0.0685 0.0734 0.1102 0.0261 0.3565 
        D662  7 0.0320 0.1169 0.0142 0.0581 0.2145 0.2224 0.1231 0.1725 0.0464 
        D687  7 0.0184 0.0477 0.0398 0.3105 0.0344 0.3605 0.1157 0.0310 0.0419 
        D688  7 0.2578 0.0301 0.2073 0.1060 0.1456 0.0687 0.1549 0.0135 0.0161 
        D689  7 0.0087 0.0212 0.0151 0.0195 0.0134 0.0216 0.0160 0.0143 0.8703 
        D700  7 0.0200 0.0115 0.0113 0.0104 0.0130 0.0152 0.8989 0.0101 0.0096 
        D797  7 0.0356 0.1850 0.0331 0.3278 0.0371 0.1422 0.0889 0.0778 0.0725 
        D798  7 0.0222 0.0181 0.0929 0.0426 0.1602 0.1122 0.1921 0.0360 0.3235 
        D799  7 0.0154 0.0183 0.0594 0.2250 0.0260 0.5447 0.0719 0.0093 0.0299 
        D800  7 0.0419 0.3924 0.0245 0.2762 0.0426 0.0408 0.1178 0.0257 0.0381 
        D201  9 0.0851 0.0193 0.0307 0.6333 0.0136 0.0781 0.0568 0.0647 0.0185 
        D202  9 0.0121 0.0216 0.2296 0.0926 0.4843 0.0642 0.0718 0.0080 0.0157 
     D237259  9 0.0257 0.0193 0.0432 0.0253 0.0420 0.0654 0.6609 0.0104 0.1077 
     D237260  9 0.1125 0.0244 0.0594 0.4157 0.1421 0.0556 0.1584 0.0102 0.0218 
     D237262  9 0.0592 0.0306 0.7196 0.0190 0.0357 0.0174 0.0699 0.0327 0.0159 
     D237263  9 0.0649 0.0654 0.2739 0.1869 0.0473 0.2524 0.0701 0.0204 0.0187 
     D237264  9 0.0982 0.0839 0.0850 0.2136 0.1310 0.1443 0.1793 0.0337 0.0311 
     D237265  9 0.0185 0.0293 0.1352 0.5819 0.0996 0.0718 0.0330 0.0159 0.0149 
     D237266  9 0.0740 0.0211 0.0801 0.0878 0.2475 0.0589 0.1640 0.0133 0.2532 
     D237267  9 0.0849 0.0513 0.1882 0.0199 0.1972 0.0370 0.3618 0.0074 0.0523 
     D237268  9 0.0210 0.0200 0.8269 0.0266 0.0204 0.0206 0.0241 0.0207 0.0197 
     D237289  9 0.0194 0.0440 0.1199 0.5005 0.1011 0.0864 0.0626 0.0220 0.0441 
     D237290  9 0.0160 0.0220 0.1556 0.4785 0.1361 0.0464 0.0722 0.0150 0.0582 
     D237291  9 0.0966 0.0143 0.0091 0.3468 0.1839 0.1456 0.1632 0.0098 0.0307 
     D237292  9 0.1792 0.0205 0.0660 0.4786 0.0694 0.0596 0.0908 0.0233 0.0125 
     D237293  9 0.0313 0.0187 0.2156 0.0607 0.2836 0.0505 0.0866 0.0233 0.2297 
     D237294  9 0.0718 0.0287 0.0258 0.5297 0.0584 0.1151 0.1090 0.0419 0.0197 
     D237295  9 0.0579 0.3046 0.1787 0.0408 0.0761 0.0914 0.0732 0.0999 0.0773 
     D237296  9 0.1073 0.0515 0.0221 0.1016 0.0563 0.2559 0.2638 0.0762 0.0651 
     D237297  9 0.0492 0.0399 0.0679 0.0781 0.3040 0.1843 0.2025 0.0187 0.0555 
     D237298  9 0.0226 0.0397 0.1577 0.1106 0.0362 0.4671 0.0585 0.0602 0.0473 
     D237341  9 0.0344 0.0364 0.0484 0.1108 0.0385 0.4373 0.1860 0.0594 0.0489 
     D237342  9 0.0133 0.0341 0.7996 0.0228 0.0446 0.0272 0.0304 0.0100 0.0180 
     D237343  9 0.1090 0.0504 0.0619 0.1114 0.1898 0.1094 0.2850 0.0254 0.0579 
     D237344  9 0.0357 0.0314 0.0463 0.0322 0.5306 0.1192 0.0690 0.0224 0.1131 
     D237345  9 0.0659 0.0171 0.4001 0.0805 0.0479 0.0462 0.0564 0.2717 0.0143 
     D237346  9 0.0217 0.0319 0.0964 0.1239 0.1390 0.0925 0.3171 0.0629 0.1147 
     D237347  9 0.1020 0.0655 0.0387 0.0504 0.1087 0.3516 0.1795 0.0277 0.0758 
     D237348  9 0.0375 0.0169 0.2633 0.0249 0.3897 0.1174 0.0475 0.0438 0.0589 
     D237349  9 0.0906 0.0622 0.0138 0.1607 0.0748 0.3370 0.1703 0.0617 0.0289 
     D244109  9 0.4663 0.0219 0.0446 0.1689 0.1143 0.0342 0.1150 0.0178 0.0170 
     D244110  9 0.2269 0.0359 0.0630 0.3515 0.0816 0.0542 0.0950 0.0314 0.0605 
     D244111  9 0.0315 0.0281 0.0730 0.0547 0.3599 0.3370 0.0606 0.0214 0.0340 
     D244128  9 0.0227 0.0259 0.7936 0.0347 0.0220 0.0387 0.0380 0.0122 0.0121 
     D244137  9 0.0794 0.2650 0.0419 0.0550 0.0428 0.2988 0.1030 0.0903 0.0238 
     D244138  9 0.0248 0.0289 0.0767 0.1188 0.1343 0.3466 0.2193 0.0277 0.0228 
        D580  9 0.0566 0.0131 0.2755 0.0400 0.1140 0.0279 0.0743 0.3504 0.0483 
        D581  9 0.0154 0.0126 0.1209 0.6260 0.0814 0.0877 0.0156 0.0219 0.0184 
        D582  9 0.0178 0.0129 0.8766 0.0124 0.0146 0.0208 0.0126 0.0200 0.0123 
        D583  9 0.0283 0.0154 0.0254 0.5939 0.0788 0.1081 0.0802 0.0217 0.0482 
        D584  9 0.0322 0.0196 0.1112 0.0310 0.4942 0.1441 0.0884 0.0448 0.0345 
        D585  9 0.0307 0.0347 0.7203 0.0414 0.0326 0.0321 0.0593 0.0249 0.0241 
        D586  9 0.0305 0.0272 0.0220 0.1814 0.0775 0.3618 0.2300 0.0172 0.0523 
        D651  9 0.0241 0.0256 0.0343 0.0206 0.0185 0.0207 0.0415 0.1544 0.6603 
        D652  9 0.0485 0.0898 0.0363 0.1781 0.0458 0.4255 0.1183 0.0397 0.0179 
        D653  9 0.0300 0.0234 0.1153 0.0325 0.0702 0.3070 0.2470 0.0273 0.1473 
        D654  9 0.1309 0.0378 0.0708 0.1001 0.1774 0.0771 0.2388 0.0577 0.1093 
        D655  9 0.0333 0.0628 0.0609 0.0751 0.1024 0.1280 0.1846 0.0209 0.3321 
        D656  9 0.7661 0.0196 0.0695 0.0152 0.0267 0.0152 0.0517 0.0185 0.0176 
        D657  9 0.2126 0.0213 0.0429 0.0950 0.3247 0.1264 0.0955 0.0538 0.0277 
        D667  9 0.0236 0.0150 0.0144 0.0116 0.0228 0.0132 0.0158 0.0101 0.8734 
        D668  9 0.0213 0.0127 0.1698 0.0545 0.0838 0.0584 0.1187 0.0837 0.3970 
        D669  9 0.0203 0.0163 0.1143 0.5803 0.0679 0.0828 0.0440 0.0394 0.0347 
        D670  9 0.1327 0.0184 0.0257 0.0564 0.0550 0.0180 0.1662 0.0279 0.4997 
        D671  9 0.0443 0.0361 0.0224 0.5397 0.0793 0.1261 0.0930 0.0439 0.0152 
        D672  9 0.0225 0.0488 0.4091 0.1273 0.0553 0.0381 0.1131 0.1245 0.0612 
        D673  9 0.0175 0.0280 0.0958 0.0518 0.0694 0.0554 0.1008 0.1513 0.4299 
        D692  9 0.5852 0.0302 0.1905 0.0592 0.0374 0.0185 0.0405 0.0165 0.0219 
        D693  9 0.0443 0.0217 0.0637 0.0366 0.1132 0.0393 0.0577 0.0678 0.5556 
        D694  9 0.3653 0.0202 0.1746 0.0818 0.1065 0.0423 0.1641 0.0301 0.0151 
        D695  9 0.0367 0.0784 0.1936 0.0797 0.0648 0.0564 0.1287 0.1845 0.1771 
        D696  9 0.0218 0.2354 0.0231 0.0235 0.4343 0.1043 0.0490 0.0571 0.0516 
        D697  9 0.0128 0.0179 0.0149 0.0177 0.0228 0.0269 0.0209 0.0418 0.8242 
        D698  9 0.0231 0.0449 0.1135 0.0970 0.3298 0.0393 0.1629 0.0421 0.1474 
        D699  9 0.0170 0.0158 0.0740 0.0389 0.3002 0.0547 0.0467 0.0250 0.4276 
        D787  9 0.0577 0.0757 0.0884 0.1197 0.1586 0.2293 0.1239 0.0213 0.1254 
        D788  9 0.0145 0.0154 0.1335 0.0429 0.2083 0.0293 0.0683 0.0161 0.4716 
        D789  9 0.0844 0.0298 0.2047 0.0810 0.2852 0.1064 0.1346 0.0238 0.0501 
        D790  9 0.0538 0.0194 0.0267 0.0606 0.0571 0.0500 0.0839 0.0421 0.6063 
        D791  9 0.0245 0.0235 0.1867 0.4100 0.1582 0.0944 0.0694 0.0109 0.0225 
        D792  9 0.4018 0.0894 0.0158 0.0792 0.0469 0.0739 0.1336 0.0313 0.1281 
        D793  9 0.0234 0.0415 0.0152 0.0210 0.0151 0.0154 0.0184 0.0130 0.8371 
        D794  9 0.1551 0.0625 0.0381 0.0447 0.1124 0.0987 0.1026 0.0475 0.3384 
        D795  9 0.0127 0.0348 0.6997 0.0209 0.1420 0.0253 0.0350 0.0112 0.0183 
        D796  9 0.0138 0.0124 0.0704 0.0259 0.0223 0.0322 0.0319 0.0103 0.7809 
        D005 12 0.6404 0.0129 0.0405 0.0388 0.0691 0.0907 0.0752 0.0174 0.0149 
        D035 12 0.0116 0.0123 0.0107 0.0157 0.0115 0.0135 0.0150 0.0106 0.8992 
        D067 12 0.0424 0.0399 0.1009 0.0550 0.0535 0.0621 0.1111 0.0205 0.5145 
        D134 12 0.0652 0.0250 0.1741 0.0883 0.0878 0.1467 0.3715 0.0104 0.0311 
        D135 12 0.0231 0.0221 0.0517 0.0642 0.0956 0.1222 0.5372 0.0343 0.0496 
        D136 12 0.0945 0.2042 0.0416 0.0358 0.1069 0.0425 0.2127 0.1530 0.1087 
        D137 12 0.0230 0.0131 0.0781 0.1094 0.1213 0.0430 0.1133 0.0248 0.4740 
        D138 12 0.0582 0.0616 0.0254 0.2517 0.1016 0.0876 0.1542 0.0543 0.2053 
        D139 12 0.0500 0.0306 0.0814 0.1484 0.1947 0.3227 0.1132 0.0271 0.0317 
        D140 12 0.0165 0.0293 0.0164 0.0191 0.0333 0.0232 0.0203 0.0312 0.8107 
        D141 12 0.0595 0.0082 0.4028 0.0246 0.0252 0.0185 0.0375 0.2985 0.1253 
        D150 12 0.0533 0.0281 0.0516 0.0386 0.5189 0.1715 0.1098 0.0114 0.0168 
        D177 12 0.1984 0.0304 0.0892 0.0749 0.1004 0.0861 0.3394 0.0104 0.0708 
        D178 12 0.0771 0.3223 0.0251 0.0562 0.0615 0.1061 0.2061 0.1206 0.0251 
        D179 12 0.1637 0.0438 0.0291 0.1391 0.0785 0.0715 0.2594 0.0846 0.1302 
        D180 12 0.1337 0.0150 0.1782 0.0421 0.0330 0.0235 0.0815 0.0178 0.4752 
        D187 12 0.0138 0.0204 0.0349 0.0394 0.0250 0.0268 0.0329 0.0115 0.7954 
        D188 12 0.4862 0.0148 0.2263 0.0338 0.0205 0.0291 0.0734 0.0926 0.0232 
        D191 12 0.0395 0.0259 0.0354 0.3220 0.0555 0.1227 0.0793 0.2143 0.1053 
        D418 12 0.0506 0.0169 0.0704 0.2597 0.0494 0.0773 0.0833 0.3141 0.0783 
        D601 12 0.3149 0.0180 0.4893 0.0237 0.0303 0.0262 0.0574 0.0140 0.0262 
        D836 12 0.0380 0.0112 0.6507 0.0168 0.0166 0.0327 0.0306 0.0158 0.1875 
        D837 12 0.0168 0.1419 0.0379 0.1035 0.0663 0.5221 0.0478 0.0326 0.0311 
        D838 12 0.0099 0.0270 0.0116 0.0579 0.0633 0.0582 0.0496 0.0138 0.7088 
        D839 12 0.0508 0.0317 0.0611 0.5635 0.0542 0.0966 0.0812 0.0340 0.0268 
        D840 12 0.0279 0.0222 0.0356 0.0373 0.0339 0.5805 0.0567 0.1273 0.0785 
        D841 12 0.0092 0.0109 0.0142 0.0180 0.0142 0.0279 0.0205 0.0117 0.8735 
        D842 12 0.0432 0.0122 0.0716 0.1243 0.2860 0.2199 0.0785 0.1509 0.0135 
        D843 12 0.0909 0.0900 0.1512 0.0726 0.0747 0.1008 0.1807 0.0214 0.2177 
        D844 12 0.0891 0.0354 0.0226 0.6201 0.0096 0.1211 0.0412 0.0505 0.0105 
        D912 12 0.0226 0.1502 0.0161 0.0608 0.0342 0.5322 0.0378 0.1244 0.0217 
        D913 12 0.0418 0.0317 0.0137 0.4498 0.1322 0.0490 0.1233 0.0140 0.1445 
        D914 12 0.0226 0.0214 0.0208 0.0428 0.0474 0.7251 0.0510 0.0162 0.0529 
        D922 12 0.0202 0.0190 0.0544 0.0145 0.0169 0.0159 0.0192 0.0223 0.8176 
        D939 12 0.0456 0.0130 0.6521 0.0345 0.0315 0.0318 0.0343 0.0358 0.1214 
        D944 12 0.0935 0.0227 0.0097 0.4076 0.0774 0.0265 0.2161 0.0461 0.1005 
        D945 12 0.0716 0.0377 0.1675 0.1278 0.1520 0.0739 0.1879 0.0327 0.1488 
        D985 12 0.2398 0.0342 0.0500 0.0355 0.2142 0.0381 0.1571 0.1048 0.1263 
        D986 12 0.0404 0.0368 0.0487 0.1255 0.0279 0.5305 0.1661 0.0112 0.0128 
        D987 12 0.0257 0.0414 0.0139 0.0802 0.0411 0.6807 0.0534 0.0426 0.0210 
        D988 12 0.0763 0.0305 0.1048 0.0404 0.1408 0.3715 0.1836 0.0242 0.0278 
        D996 12 0.0504 0.0175 0.0165 0.0358 0.0531 0.4475 0.1328 0.0188 0.2277 
        D997 12 0.0557 0.0259 0.5968 0.0518 0.0363 0.0655 0.0878 0.0178 0.0623 
        D998 12 0.0420 0.0445 0.0347 0.0601 0.1328 0.0490 0.4045 0.0138 0.2186 
        D999 12 0.0195 0.0191 0.0329 0.5936 0.1057 0.0965 0.0627 0.0430 0.0270 
