        D174  1 0.1133 0.5265 0.1500 0.0439 0.0456 0.0862 0.0345 
        D199  1 0.2943 0.1243 0.1530 0.0810 0.1254 0.0426 0.1794 
        D203  1 0.1910 0.1553 0.3124 0.0384 0.1154 0.1470 0.0405 
        D204  1 0.0417 0.6413 0.0362 0.0203 0.0514 0.1893 0.0197 
     D237366  1 0.1324 0.0369 0.5584 0.0302 0.0991 0.1153 0.0277 
     D237367  1 0.2175 0.0379 0.3152 0.0759 0.0969 0.1420 0.1147 
     D237368  1 0.0831 0.2285 0.2338 0.0274 0.0328 0.3646 0.0298 
     D244101  1 0.2167 0.0565 0.0881 0.0217 0.4735 0.1270 0.0165 
     D244102  1 0.1162 0.1067 0.0859 0.0532 0.4258 0.1501 0.0621 
     D244103  1 0.1189 0.0457 0.6884 0.0411 0.0299 0.0366 0.0394 
     D244104  1 0.0564 0.2475 0.0391 0.5019 0.0612 0.0641 0.0297 
     D244105  1 0.2974 0.0172 0.1007 0.1670 0.0633 0.3316 0.0227 
     D244106  1 0.0409 0.7428 0.0281 0.0132 0.1442 0.0191 0.0116 
     D244107  1 0.2736 0.0126 0.5151 0.0527 0.0522 0.0452 0.0485 
     D244108  1 0.0498 0.0862 0.0315 0.0475 0.0333 0.7173 0.0345 
     D244113  1 0.2615 0.2688 0.1571 0.0972 0.0526 0.0869 0.0758 
     D244114  1 0.3124 0.0360 0.2355 0.0512 0.3133 0.0357 0.0160 
     D244115  1 0.0813 0.7139 0.0240 0.0213 0.0989 0.0408 0.0199 
     D267365  1 0.1528 0.1674 0.1092 0.0488 0.4135 0.0540 0.0542 
        D404  1 0.0397 0.7741 0.0395 0.0224 0.0323 0.0190 0.0731 
        D405  1 0.1413 0.3169 0.0894 0.0635 0.2443 0.0221 0.1225 
        D406  1 0.0080 0.0104 0.0076 0.0061 0.0070 0.9550 0.0060 
        D407  1 0.0596 0.3011 0.5550 0.0218 0.0194 0.0273 0.0157 
        D408  1 0.0565 0.7088 0.0669 0.0688 0.0441 0.0192 0.0356 
        D409  1 0.2916 0.0678 0.4221 0.0682 0.0652 0.0575 0.0275 
        D410  1 0.3424 0.0367 0.2354 0.0335 0.1822 0.1294 0.0403 
        D421  1 0.0433 0.6637 0.2075 0.0341 0.0252 0.0133 0.0129 
        D422  1 0.1536 0.0307 0.6127 0.0158 0.0630 0.0966 0.0276 
        D423  1 0.1494 0.0171 0.6487 0.0244 0.0633 0.0683 0.0288 
        D424  1 0.1077 0.7563 0.0436 0.0123 0.0347 0.0335 0.0120 
        D425  1 0.4110 0.0655 0.1213 0.1693 0.1753 0.0380 0.0195 
        D426  1 0.2852 0.0426 0.5624 0.0458 0.0302 0.0165 0.0172 
        D427  1 0.1003 0.4888 0.0565 0.2771 0.0537 0.0102 0.0134 
        D428  1 0.0778 0.5578 0.1385 0.0395 0.0903 0.0697 0.0264 
        D429  1 0.0154 0.7402 0.0157 0.0099 0.1938 0.0154 0.0097 
        D430  1 0.1203 0.6110 0.0596 0.0499 0.0991 0.0178 0.0423 
        D491  1 0.0813 0.5770 0.0593 0.0618 0.0416 0.1556 0.0234 
        D492  1 0.0557 0.6372 0.1334 0.0112 0.0544 0.0914 0.0167 
        D537  1 0.0911 0.0625 0.2123 0.0526 0.0396 0.5164 0.0257 
        D538  1 0.1328 0.1543 0.1644 0.0258 0.0601 0.3026 0.1601 
        D539  1 0.0876 0.1257 0.0268 0.0709 0.2208 0.3404 0.1278 
        D540  1 0.1972 0.0289 0.3861 0.2372 0.1067 0.0153 0.0286 
        D541  1 0.0192 0.8930 0.0214 0.0140 0.0176 0.0205 0.0143 
        D551  1 0.5112 0.0270 0.3548 0.0156 0.0446 0.0332 0.0138 
        D552  1 0.0291 0.0568 0.0175 0.0327 0.0962 0.7503 0.0174 
        D553  1 0.1909 0.3219 0.2022 0.0997 0.1261 0.0352 0.0240 
        D615  1 0.1034 0.5739 0.0439 0.0441 0.1190 0.0476 0.0680 
        D616  1 0.2012 0.3516 0.1738 0.0423 0.1123 0.0629 0.0559 
        D621  1 0.0247 0.0251 0.0240 0.0337 0.0280 0.8354 0.0291 
        D622  1 0.0317 0.0196 0.0232 0.0203 0.0277 0.8626 0.0148 
        D623  1 0.2667 0.1963 0.1180 0.0495 0.1265 0.1214 0.1216 
        D624  1 0.1079 0.7333 0.0241 0.0625 0.0268 0.0189 0.0265 
        D625  1 0.0568 0.5516 0.0280 0.0159 0.0326 0.1869 0.1282 
        D626  1 0.0459 0.0509 0.0471 0.7580 0.0369 0.0410 0.0202 
        D627  1 0.3515 0.0642 0.4570 0.0179 0.0465 0.0320 0.0309 
        D690  1 0.0119 0.9090 0.0142 0.0118 0.0220 0.0144 0.0166 
        D691  1 0.0133 0.0165 0.0336 0.0166 0.0170 0.8900 0.0130 
        D710  1 0.2132 0.1377 0.3487 0.1106 0.0858 0.0641 0.0399 
        D711  1 0.0222 0.8378 0.0216 0.0077 0.0600 0.0291 0.0216 
        D712  1 0.1514 0.1400 0.1331 0.1879 0.1508 0.1710 0.0658 
        D713  1 0.2557 0.1445 0.2339 0.0253 0.0842 0.2142 0.0423 
        D746  1 0.0226 0.0378 0.0511 0.0234 0.0266 0.8256 0.0129 
        D747  1 0.0139 0.8948 0.0148 0.0124 0.0375 0.0163 0.0104 
        D748  1 0.0283 0.0363 0.0322 0.0271 0.0181 0.8337 0.0243 
        D749  1 0.3405 0.0382 0.2694 0.0288 0.1223 0.1713 0.0297 
        D750  1 0.0117 0.9295 0.0109 0.0089 0.0158 0.0137 0.0095 
        D763  1 0.1345 0.0193 0.0680 0.3157 0.1986 0.1827 0.0811 
        D764  1 0.0132 0.9347 0.0103 0.0108 0.0096 0.0127 0.0087 
        D765  1 0.3370 0.0246 0.1923 0.1286 0.2171 0.0790 0.0214 
        D766  1 0.0235 0.0149 0.0355 0.0410 0.0169 0.8542 0.0140 
        D767  1 0.1399 0.0670 0.2542 0.0309 0.1537 0.2397 0.1145 
        D768  1 0.2608 0.1235 0.3325 0.0746 0.0895 0.1007 0.0184 
        D811  1 0.1028 0.0653 0.0281 0.6525 0.0280 0.0227 0.1007 
        D816  1 0.0252 0.6283 0.0242 0.0087 0.2859 0.0178 0.0100 
        D825  1 0.1319 0.3230 0.0639 0.0470 0.2528 0.0804 0.1010 
        D866  1 0.1192 0.1226 0.0408 0.1331 0.2006 0.0326 0.3511 
        D867  1 0.1349 0.0186 0.7008 0.0182 0.0487 0.0643 0.0145 
        D871  1 0.2159 0.2021 0.4594 0.0207 0.0321 0.0358 0.0340 
        D872  1 0.0189 0.0134 0.0248 0.0189 0.0121 0.8921 0.0198 
        D873  1 0.2551 0.0156 0.3043 0.0143 0.1836 0.0358 0.1914 
        D874  1 0.0647 0.4344 0.0259 0.0237 0.3803 0.0527 0.0183 
        D875  1 0.1313 0.0273 0.4691 0.0125 0.0334 0.2943 0.0321 
        D876  1 0.0221 0.0642 0.0162 0.0259 0.0282 0.8275 0.0159 
        D877  1 0.1710 0.5944 0.0548 0.0212 0.0517 0.0287 0.0782 
        D892  1 0.0336 0.0716 0.0493 0.0113 0.0208 0.8014 0.0120 
        D893  1 0.1766 0.0811 0.1696 0.0516 0.2748 0.1991 0.0473 
        D894  1 0.0175 0.9257 0.0104 0.0077 0.0169 0.0089 0.0130 
        D915  1 0.0883 0.0543 0.1945 0.0454 0.1486 0.4227 0.0462 
        D916  1 0.0079 0.9491 0.0082 0.0059 0.0106 0.0106 0.0077 
        D917  1 0.2779 0.1432 0.1932 0.0424 0.0595 0.0281 0.2557 
        D925  1 0.1859 0.1387 0.0724 0.0586 0.2962 0.1414 0.1068 
        D926  1 0.1000 0.3881 0.0648 0.0281 0.3497 0.0450 0.0243 
        D927  1 0.1473 0.0756 0.1508 0.0353 0.4519 0.0878 0.0513 
        D928  1 0.0299 0.8665 0.0200 0.0253 0.0149 0.0331 0.0104 
        D929  1 0.0912 0.0757 0.1992 0.0408 0.1191 0.1627 0.3113 
        D936  1 0.0586 0.3213 0.0281 0.0120 0.5215 0.0354 0.0230 
        D938  1 0.0090 0.0091 0.0114 0.0162 0.0110 0.9353 0.0079 
        D956  1 0.0140 0.9318 0.0116 0.0087 0.0118 0.0085 0.0136 
        D957  1 0.0217 0.0168 0.0176 0.0144 0.0231 0.8833 0.0232 
        D958  1 0.0099 0.0148 0.0091 0.0130 0.0082 0.9365 0.0085 
        D959  1 0.0735 0.1814 0.6951 0.0173 0.0111 0.0124 0.0092 
        D960  1 0.0741 0.0181 0.0815 0.0079 0.0364 0.7626 0.0194 
        D989  1 0.1124 0.3410 0.0676 0.2842 0.1191 0.0587 0.0170 
        D990  1 0.4040 0.0185 0.0989 0.0297 0.2230 0.0559 0.1700 
        D211  3 0.0577 0.0182 0.0751 0.0405 0.0280 0.0298 0.7508 
     D229639  3 0.2240 0.1349 0.0404 0.3088 0.1575 0.0238 0.1107 
     D237212  3 0.1315 0.0987 0.1259 0.1492 0.1438 0.0287 0.3222 
     D237213  3 0.0690 0.0087 0.0284 0.2100 0.0566 0.0459 0.5815 
     D237214  3 0.0463 0.0169 0.8842 0.0083 0.0117 0.0184 0.0141 
     D237215  3 0.1874 0.0260 0.0634 0.4208 0.0785 0.0153 0.2085 
     D237216  3 0.5198 0.0198 0.1457 0.0811 0.1481 0.0238 0.0618 
     D237217  3 0.3288 0.0103 0.2051 0.1071 0.0779 0.1048 0.1661 
     D237218  3 0.0944 0.0346 0.0262 0.0279 0.6981 0.0689 0.0500 
     D237219  3 0.0375 0.0117 0.0139 0.8168 0.0177 0.0678 0.0347 
     D237382  3 0.1036 0.1079 0.0933 0.0917 0.0420 0.3453 0.2163 
     D244127  3 0.2246 0.0155 0.0980 0.2709 0.1366 0.0537 0.2006 
     D244129  3 0.1589 0.1076 0.1624 0.1200 0.0807 0.1858 0.1846 
     D244133  3 0.0401 0.0415 0.0323 0.8084 0.0296 0.0276 0.0204 
     D244134  3 0.0372 0.0160 0.0194 0.7404 0.0333 0.0858 0.0680 
     D244135  3 0.0900 0.0123 0.7656 0.0280 0.0247 0.0267 0.0528 
     D244136  3 0.0943 0.1781 0.0996 0.4695 0.0420 0.0871 0.0295 
        D416  3 0.1748 0.0270 0.1399 0.4454 0.1379 0.0239 0.0510 
        D417  3 0.1187 0.1404 0.0324 0.0275 0.1804 0.4831 0.0174 
        D419  3 0.0801 0.0199 0.0276 0.5599 0.0583 0.2101 0.0441 
        D565  3 0.0687 0.6271 0.0503 0.1551 0.0507 0.0261 0.0219 
        D566  3 0.0936 0.6537 0.0402 0.0891 0.0534 0.0167 0.0533 
        D567  3 0.1110 0.1636 0.1186 0.1416 0.2235 0.1522 0.0895 
        D568  3 0.0722 0.0149 0.0417 0.1985 0.1735 0.4502 0.0489 
        D569  3 0.2117 0.0246 0.3322 0.0335 0.1280 0.0233 0.2467 
        D573  3 0.3660 0.1401 0.0669 0.1505 0.2208 0.0188 0.0369 
        D574  3 0.2186 0.1575 0.2081 0.0780 0.1767 0.0665 0.0947 
        D575  3 0.0144 0.0081 0.0161 0.8818 0.0119 0.0239 0.0439 
        D576  3 0.1116 0.0143 0.0494 0.6342 0.0274 0.0062 0.1569 
        D577  3 0.1486 0.0721 0.1918 0.1102 0.0687 0.2501 0.1585 
        D578  3 0.0304 0.0071 0.9018 0.0170 0.0122 0.0201 0.0113 
        D579  3 0.0557 0.5335 0.0342 0.0869 0.2146 0.0361 0.0390 
        D660  3 0.2406 0.0178 0.2255 0.1194 0.1567 0.0214 0.2187 
        D661  3 0.0829 0.0141 0.0428 0.0319 0.6929 0.0906 0.0449 
        D663  3 0.5117 0.0391 0.1017 0.0385 0.1651 0.0193 0.1245 
        D664  3 0.2428 0.0199 0.1719 0.2599 0.0670 0.0496 0.1889 
        D665  3 0.0310 0.0089 0.0179 0.0345 0.0250 0.0110 0.8717 
        D666  3 0.0264 0.0173 0.0178 0.8808 0.0207 0.0210 0.0160 
        D502  6 0.0548 0.0096 0.0346 0.0333 0.0176 0.0085 0.8416 
        D503  6 0.2105 0.0571 0.0877 0.0684 0.3491 0.0752 0.1521 
        D504  6 0.1293 0.3540 0.0592 0.0239 0.3470 0.0525 0.0340 
        D505  6 0.2473 0.1892 0.2701 0.0490 0.0742 0.0221 0.1482 
        D506  6 0.0176 0.9002 0.0296 0.0170 0.0137 0.0099 0.0120 
        D507  6 0.4108 0.0434 0.0861 0.0756 0.1845 0.0531 0.1464 
        D508  6 0.1415 0.0302 0.0496 0.0453 0.2971 0.0139 0.4223 
        D529  6 0.1830 0.0825 0.5275 0.0506 0.0683 0.0372 0.0509 
        D530  6 0.0495 0.0186 0.0789 0.0287 0.0147 0.0219 0.7876 
        D531  6 0.1669 0.3586 0.0556 0.0899 0.1911 0.0474 0.0904 
        D532  6 0.2959 0.1328 0.3685 0.0464 0.1008 0.0283 0.0272 
        D534  6 0.0812 0.0297 0.0495 0.0193 0.2030 0.5652 0.0521 
        D535  6 0.2562 0.1867 0.2140 0.1684 0.0786 0.0309 0.0651 
        D536  6 0.3169 0.0322 0.3831 0.0275 0.0909 0.0138 0.1356 
        D554  6 0.1387 0.3711 0.1626 0.0488 0.0931 0.0549 0.1308 
        D587  6 0.1130 0.5486 0.0744 0.0542 0.0998 0.0834 0.0266 
        D588  6 0.6277 0.0456 0.1506 0.0601 0.0674 0.0097 0.0389 
        D589  6 0.3772 0.0327 0.1124 0.0305 0.1756 0.0259 0.2456 
        D590  6 0.2745 0.1721 0.3766 0.0271 0.0947 0.0296 0.0253 
        D591  6 0.2409 0.1213 0.0570 0.2772 0.1078 0.0567 0.1391 
        D592  6 0.1047 0.1153 0.0436 0.0430 0.0682 0.5543 0.0709 
        D593  6 0.0162 0.0070 0.0140 0.0178 0.0077 0.0093 0.9281 
        D682  6 0.0173 0.8981 0.0211 0.0239 0.0153 0.0140 0.0103 
        D683  6 0.1391 0.2960 0.0564 0.0211 0.1432 0.0338 0.3103 
        D684  6 0.2780 0.0292 0.1011 0.0236 0.2703 0.0294 0.2684 
        D685  6 0.3094 0.0208 0.0798 0.0472 0.0636 0.0188 0.4604 
        D686  6 0.3697 0.0444 0.4288 0.0161 0.0783 0.0185 0.0442 
        D724  6 0.1528 0.0397 0.1411 0.0388 0.3555 0.0737 0.1985 
        D725  6 0.1374 0.0148 0.0894 0.1237 0.0741 0.1355 0.4252 
        D726  6 0.0380 0.8082 0.0368 0.0235 0.0434 0.0358 0.0143 
        D727  6 0.1734 0.0817 0.6009 0.0467 0.0588 0.0089 0.0295 
        D728  6 0.1679 0.2719 0.0672 0.2726 0.0485 0.0589 0.1130 
        D729  6 0.0935 0.0491 0.7305 0.0117 0.0835 0.0102 0.0214 
        D730  6 0.0744 0.0280 0.0473 0.0318 0.6357 0.1367 0.0462 
        D731  6 0.1295 0.3606 0.0778 0.2043 0.0950 0.0164 0.1164 
        D732  6 0.1698 0.0553 0.1514 0.0811 0.1305 0.1023 0.3096 
        D733  6 0.0618 0.0269 0.0492 0.0454 0.2168 0.5261 0.0738 
     D237251  7 0.0523 0.0143 0.0331 0.1424 0.7240 0.0215 0.0123 
     D237252  7 0.0874 0.0156 0.0505 0.1177 0.1520 0.1619 0.4148 
     D237253  7 0.3260 0.1085 0.2104 0.1380 0.1687 0.0248 0.0236 
     D237254  7 0.0395 0.0086 0.8932 0.0111 0.0132 0.0200 0.0144 
     D237255  7 0.1925 0.0497 0.0990 0.4565 0.1357 0.0280 0.0388 
     D237256  7 0.4484 0.0214 0.0570 0.2206 0.1079 0.0120 0.1326 
     D237257  7 0.2976 0.0256 0.4437 0.0270 0.0805 0.0182 0.1074 
     D237282  7 0.1443 0.0777 0.2604 0.0416 0.0906 0.3620 0.0234 
     D237283  7 0.0260 0.0086 0.0118 0.0276 0.0146 0.0139 0.8974 
     D237284  7 0.0919 0.0288 0.7169 0.0229 0.0698 0.0353 0.0345 
     D237285  7 0.1268 0.0324 0.2105 0.0390 0.0521 0.0297 0.5095 
     D237286  7 0.2668 0.3091 0.1016 0.0668 0.1759 0.0281 0.0517 
     D237287  7 0.1153 0.0404 0.0466 0.6924 0.0617 0.0254 0.0181 
     D244006  7 0.0658 0.0162 0.8423 0.0103 0.0251 0.0247 0.0156 
     D244007  7 0.1901 0.0563 0.4173 0.0182 0.1634 0.1389 0.0158 
     D244008  7 0.0197 0.0154 0.0115 0.0454 0.0124 0.0252 0.8705 
     D244009  7 0.0419 0.0212 0.0248 0.0302 0.0850 0.7373 0.0596 
     D244010  7 0.0528 0.0324 0.0337 0.0308 0.0174 0.0105 0.8224 
     D244011  7 0.2749 0.0783 0.0701 0.0335 0.3795 0.0268 0.1369 
     D244012  7 0.0884 0.0342 0.0420 0.0349 0.0213 0.0106 0.7686 
     D244013  7 0.1247 0.0825 0.0442 0.0648 0.5109 0.0542 0.1188 
     D244014  7 0.2157 0.0160 0.0638 0.2573 0.2513 0.0841 0.1118 
     D244015  7 0.2488 0.0291 0.1185 0.3166 0.0563 0.1567 0.0739 
     D244125  7 0.1931 0.1788 0.0460 0.2381 0.1988 0.0925 0.0528 
     D244126  7 0.0156 0.0134 0.0105 0.0119 0.0179 0.0170 0.9137 
     D244130  7 0.4600 0.0245 0.1099 0.0221 0.1747 0.0296 0.1792 
     D244131  7 0.0552 0.3235 0.0654 0.0176 0.4039 0.1008 0.0337 
     D244132  7 0.1174 0.0446 0.0355 0.2926 0.2763 0.2030 0.0306 
        D520  7 0.0863 0.0292 0.0509 0.0571 0.0299 0.0255 0.7211 
        D521  7 0.1627 0.0454 0.0848 0.0558 0.1469 0.0887 0.4156 
        D522  7 0.0286 0.0349 0.0243 0.0242 0.1553 0.7182 0.0146 
        D523  7 0.1429 0.0327 0.0615 0.0402 0.6482 0.0557 0.0188 
        D524  7 0.1084 0.0445 0.0532 0.0762 0.6089 0.0613 0.0475 
        D525  7 0.2464 0.1672 0.1412 0.0201 0.1467 0.1145 0.1637 
        D526  7 0.0980 0.0220 0.7051 0.0410 0.0225 0.0698 0.0416 
        D527  7 0.0618 0.0675 0.0184 0.0690 0.7247 0.0165 0.0421 
        D528  7 0.9214 0.0088 0.0194 0.0085 0.0104 0.0081 0.0235 
        D558  7 0.0815 0.0256 0.1723 0.0170 0.1814 0.4064 0.1157 
        D559  7 0.0958 0.0202 0.0474 0.0216 0.7154 0.0524 0.0472 
        D640  7 0.1252 0.0342 0.0297 0.5088 0.2442 0.0321 0.0258 
        D641  7 0.1216 0.0162 0.0514 0.4792 0.0946 0.0232 0.2139 
        D642  7 0.1391 0.0377 0.2772 0.0170 0.1329 0.3276 0.0685 
        D644  7 0.1745 0.0504 0.1351 0.1061 0.2045 0.0988 0.2306 
        D645  7 0.0731 0.0365 0.0276 0.5832 0.1873 0.0566 0.0357 
        D662  7 0.1671 0.1508 0.0614 0.1256 0.2885 0.1954 0.0112 
        D687  7 0.0869 0.0575 0.0163 0.0310 0.6087 0.0388 0.1607 
        D688  7 0.2000 0.0236 0.3342 0.0182 0.1395 0.0201 0.2644 
        D689  7 0.0165 0.0170 0.0101 0.9020 0.0213 0.0165 0.0166 
        D700  7 0.9331 0.0110 0.0139 0.0088 0.0134 0.0092 0.0107 
        D797  7 0.1374 0.2061 0.0681 0.0565 0.3713 0.1101 0.0506 
        D798  7 0.2726 0.0179 0.0495 0.4594 0.0968 0.0337 0.0701 
        D799  7 0.0978 0.0177 0.0228 0.0390 0.7818 0.0100 0.0309 
        D800  7 0.1966 0.2659 0.0766 0.0549 0.3209 0.0569 0.0281 
        D201  9 0.1501 0.0134 0.1523 0.0231 0.4861 0.1428 0.0322 
        D202  9 0.0676 0.0183 0.0275 0.0230 0.0931 0.0122 0.7583 
     D237259  9 0.7008 0.0189 0.0298 0.0907 0.0350 0.0134 0.1114 
     D237260  9 0.3028 0.0350 0.2526 0.0341 0.2006 0.0177 0.1572 
     D237262  9 0.0973 0.0249 0.0808 0.0142 0.0427 0.0395 0.7006 
     D237263  9 0.0930 0.0596 0.1022 0.0151 0.4452 0.0517 0.2331 
     D237264  9 0.2559 0.1032 0.1777 0.0452 0.1330 0.0505 0.2346 
     D237265  9 0.0624 0.0257 0.0267 0.0139 0.1220 0.0143 0.7350 
     D237266  9 0.1546 0.0211 0.0993 0.5340 0.1005 0.0154 0.0752 
     D237267  9 0.3386 0.0645 0.1945 0.0649 0.0270 0.0100 0.3005 
     D237268  9 0.0348 0.0212 0.0381 0.0187 0.0284 0.0263 0.8325 
     D237289  9 0.0847 0.0710 0.0280 0.0552 0.1328 0.0305 0.5978 
     D237290  9 0.0925 0.0328 0.0238 0.0907 0.1291 0.0315 0.5996 
     D237291  9 0.1582 0.0217 0.1852 0.1025 0.5079 0.0090 0.0156 
     D237292  9 0.1987 0.0325 0.2615 0.0128 0.0878 0.0239 0.3828 
     D237293  9 0.0868 0.0199 0.0290 0.2156 0.0320 0.0364 0.5803 
     D237294  9 0.1531 0.0436 0.1367 0.0183 0.4820 0.1258 0.0404 
     D237295  9 0.0577 0.4696 0.0528 0.0766 0.0534 0.1238 0.1661 
     D237296  9 0.3477 0.0479 0.1553 0.0812 0.2782 0.0656 0.0242 
     D237297  9 0.3141 0.0822 0.1523 0.0756 0.1941 0.0262 0.1555 
     D237298  9 0.0929 0.0439 0.0370 0.0556 0.5231 0.1611 0.0865 
     D237341  9 0.3015 0.0347 0.0563 0.0723 0.4134 0.0532 0.0685 
     D237342  9 0.0345 0.0440 0.0193 0.0194 0.0335 0.0114 0.8379 
     D237343  9 0.3088 0.0385 0.1930 0.0585 0.2743 0.0674 0.0595 
     D237344  9 0.2387 0.0607 0.1048 0.3556 0.0575 0.0375 0.1452 
     D237345  9 0.0717 0.0168 0.0558 0.0195 0.0690 0.3277 0.4395 
     D237346  9 0.3206 0.0379 0.0575 0.2113 0.1953 0.0886 0.0888 
     D237347  9 0.2064 0.2190 0.1734 0.0547 0.2654 0.0485 0.0325 
     D237348  9 0.1008 0.0289 0.0862 0.0995 0.0989 0.0579 0.5278 
     D237349  9 0.1656 0.0522 0.1645 0.0201 0.4896 0.0922 0.0158 
     D244109  9 0.1982 0.0205 0.6009 0.0222 0.0598 0.0407 0.0578 
     D244110  9 0.2297 0.0373 0.3538 0.1384 0.1073 0.0559 0.0776 
     D244111  9 0.1850 0.0511 0.0922 0.0876 0.3485 0.0669 0.1687 
     D244128  9 0.0401 0.0207 0.0218 0.0125 0.0403 0.0129 0.8517 
     D244137  9 0.1457 0.3178 0.0854 0.0221 0.2420 0.1536 0.0334 
     D244138  9 0.2809 0.0200 0.1057 0.0182 0.4186 0.0367 0.1200 
        D580  9 0.1256 0.0102 0.1226 0.0671 0.0330 0.4748 0.1668 
        D581  9 0.0463 0.0117 0.0332 0.0190 0.1317 0.0205 0.7377 
        D582  9 0.0195 0.0137 0.0276 0.0154 0.0202 0.0252 0.8784 
        D583  9 0.1471 0.0158 0.1122 0.1437 0.4866 0.0499 0.0447 
        D584  9 0.1738 0.0430 0.1430 0.0503 0.1057 0.0717 0.4125 
        D585  9 0.0930 0.0443 0.0374 0.0247 0.0437 0.0358 0.7211 
        D586  9 0.4038 0.0502 0.0530 0.0631 0.3657 0.0208 0.0434 
        D651  9 0.0585 0.0234 0.0441 0.6335 0.0199 0.1971 0.0236 
        D652  9 0.1461 0.0778 0.1003 0.0197 0.5417 0.0708 0.0436 
        D653  9 0.3252 0.0385 0.0740 0.1425 0.2512 0.0355 0.1332 
        D654  9 0.2433 0.0345 0.2190 0.1929 0.1434 0.1318 0.0353 
        D655  9 0.2220 0.0907 0.0775 0.3282 0.1808 0.0280 0.0728 
        D656  9 0.1166 0.0159 0.7564 0.0165 0.0344 0.0163 0.0439 
        D657  9 0.1879 0.0212 0.3658 0.0358 0.1217 0.1398 0.1279 
        D667  9 0.0156 0.0159 0.0212 0.9124 0.0107 0.0103 0.0139 
        D668  9 0.0863 0.0147 0.0189 0.5653 0.0286 0.1149 0.1714 
        D669  9 0.0771 0.0150 0.0420 0.0299 0.2252 0.0473 0.5636 
        D670  9 0.1480 0.0197 0.1021 0.6787 0.0192 0.0168 0.0155 
        D671  9 0.2393 0.0571 0.1580 0.0178 0.3099 0.0790 0.1389 
        D672  9 0.1050 0.0310 0.0422 0.1375 0.0944 0.2062 0.3836 
        D673  9 0.0672 0.0252 0.0226 0.5024 0.0506 0.2849 0.0471 
        D692  9 0.1258 0.0345 0.5752 0.0235 0.0298 0.0199 0.1913 
        D693  9 0.0580 0.0276 0.0733 0.6464 0.0312 0.0724 0.0912 
        D694  9 0.1638 0.0205 0.4821 0.0121 0.0378 0.0353 0.2485 
        D695  9 0.1129 0.0662 0.0694 0.2660 0.0916 0.2391 0.1549 
        D696  9 0.0484 0.7535 0.0565 0.0382 0.0213 0.0624 0.0197 
        D697  9 0.0294 0.0169 0.0167 0.8716 0.0178 0.0357 0.0120 
        D698  9 0.1753 0.0834 0.0351 0.3030 0.0487 0.0355 0.3191 
        D699  9 0.0572 0.0297 0.0204 0.5996 0.0255 0.0460 0.2215 
        D787  9 0.1583 0.0586 0.1027 0.2014 0.3931 0.0383 0.0476 
        D788  9 0.0621 0.0198 0.0261 0.6144 0.0332 0.0229 0.2215 
        D789  9 0.1569 0.0364 0.1219 0.0479 0.0659 0.0296 0.5414 
        D790  9 0.0726 0.0173 0.0745 0.6929 0.0868 0.0327 0.0232 
        D791  9 0.0682 0.0325 0.0524 0.0239 0.2094 0.0146 0.5990 
        D792  9 0.2067 0.0624 0.4357 0.1011 0.1206 0.0568 0.0167 
        D793  9 0.0165 0.0906 0.0147 0.8349 0.0153 0.0169 0.0110 
        D794  9 0.1180 0.1265 0.1439 0.4211 0.0814 0.0560 0.0529 
        D795  9 0.0279 0.0376 0.0197 0.0166 0.0386 0.0173 0.8423 
        D796  9 0.0277 0.0103 0.0123 0.8469 0.0248 0.0104 0.0677 
        D005 12 0.1648 0.0131 0.7051 0.0141 0.0552 0.0220 0.0258 
        D035 12 0.0173 0.0131 0.0080 0.9254 0.0128 0.0109 0.0125 
        D067 12 0.0752 0.0354 0.0392 0.7125 0.0611 0.0264 0.0503 
        D134 12 0.4345 0.0326 0.1480 0.0372 0.2120 0.0151 0.1206 
        D135 12 0.6354 0.0262 0.0329 0.0675 0.1119 0.0346 0.0914 
        D136 12 0.2143 0.2328 0.1152 0.1449 0.0328 0.2154 0.0445 
        D137 12 0.1005 0.0148 0.0226 0.6874 0.0526 0.0335 0.0886 
        D138 12 0.1488 0.0563 0.0638 0.3833 0.1785 0.1404 0.0289 
        D139 12 0.1790 0.0518 0.1163 0.0364 0.3914 0.0505 0.1745 
        D140 12 0.0352 0.0180 0.0319 0.8543 0.0179 0.0232 0.0195 
        D141 12 0.0720 0.0088 0.0704 0.1703 0.0214 0.4161 0.2410 
        D150 12 0.3601 0.0279 0.2576 0.0168 0.1813 0.0158 0.1404 
        D177 12 0.4545 0.0519 0.1825 0.0692 0.1384 0.0092 0.0941 
        D178 12 0.1803 0.1358 0.0858 0.0226 0.1042 0.4536 0.0177 
        D179 12 0.3496 0.0721 0.1649 0.1315 0.1568 0.0972 0.0278 
        D180 12 0.1110 0.0127 0.0929 0.6602 0.0289 0.0354 0.0589 
        D187 12 0.0303 0.0256 0.0146 0.8545 0.0318 0.0128 0.0304 
        D188 12 0.1114 0.0150 0.4435 0.0227 0.0354 0.1091 0.2630 
        D191 12 0.0548 0.0277 0.0569 0.1408 0.2858 0.4019 0.0321 
        D418 12 0.0837 0.0137 0.0476 0.0777 0.1662 0.5573 0.0538 
        D601 12 0.1391 0.0216 0.3376 0.0493 0.0333 0.0166 0.4025 
        D836 12 0.0467 0.0135 0.0403 0.2057 0.0315 0.0181 0.6442 
        D837 12 0.0616 0.2359 0.0211 0.0344 0.5210 0.0802 0.0458 
        D838 12 0.0173 0.0305 0.0104 0.8565 0.0583 0.0141 0.0129 
        D839 12 0.1541 0.0373 0.1323 0.0321 0.3090 0.0624 0.2729 
        D840 12 0.1609 0.0507 0.0591 0.0984 0.4170 0.1644 0.0495 
        D841 12 0.0205 0.0091 0.0105 0.9040 0.0192 0.0194 0.0173 
        D842 12 0.1090 0.0166 0.2063 0.0156 0.3311 0.2291 0.0922 
        D843 12 0.2317 0.1033 0.1557 0.2089 0.1296 0.0215 0.1492 
        D844 12 0.1097 0.0312 0.1496 0.0089 0.5597 0.1213 0.0196 
        D912 12 0.0428 0.3580 0.0411 0.0265 0.3555 0.1598 0.0162 
        D913 12 0.1983 0.0278 0.0318 0.5554 0.1515 0.0171 0.0181 
        D914 12 0.1601 0.0972 0.0410 0.0526 0.5932 0.0303 0.0257 
        D922 12 0.0283 0.0212 0.0166 0.8442 0.0281 0.0231 0.0386 
        D939 12 0.0599 0.0170 0.0553 0.2466 0.0589 0.0729 0.4895 
        D944 12 0.3698 0.0163 0.0817 0.2961 0.1458 0.0752 0.0151 
        D945 12 0.1756 0.0559 0.1281 0.2390 0.1733 0.0307 0.1974 
        D985 12 0.2089 0.0390 0.3028 0.1622 0.0275 0.1947 0.0650 
        D986 12 0.3546 0.0528 0.0529 0.0129 0.4100 0.0224 0.0944 
        D987 12 0.1051 0.0994 0.0466 0.0230 0.6119 0.0947 0.0194 
        D988 12 0.2697 0.1004 0.1131 0.0373 0.2931 0.0445 0.1418 
        D996 12 0.2661 0.0427 0.0772 0.2873 0.2780 0.0240 0.0247 
        D997 12 0.1671 0.0407 0.0693 0.0885 0.1270 0.0316 0.4758 
        D998 12 0.4500 0.0599 0.0795 0.2077 0.0877 0.0182 0.0970 
        D999 12 0.1499 0.0295 0.0607 0.0409 0.4317 0.1349 0.1525 
