        D174  1 0.4365 0.1400 0.2421 0.1814 
        D199  1 0.2657 0.1453 0.1997 0.3893 
        D203  1 0.3414 0.1734 0.2502 0.2349 
        D204  1 0.6713 0.1364 0.1124 0.0799 
     D237366  1 0.2258 0.2396 0.2262 0.3084 
     D237367  1 0.1797 0.2592 0.3191 0.2420 
     D237368  1 0.3983 0.1519 0.2427 0.2071 
     D244101  1 0.3465 0.1837 0.1288 0.3410 
     D244102  1 0.2723 0.2725 0.2569 0.1983 
     D244103  1 0.1568 0.1938 0.1924 0.4570 
     D244104  1 0.5169 0.2649 0.1048 0.1134 
     D244105  1 0.0820 0.3196 0.2014 0.3969 
     D244106  1 0.6666 0.1058 0.0869 0.1407 
     D244107  1 0.0667 0.1528 0.3756 0.4050 
     D244108  1 0.3037 0.2595 0.2470 0.1897 
     D244113  1 0.2263 0.1864 0.3317 0.2556 
     D244114  1 0.2204 0.1381 0.0888 0.5527 
     D244115  1 0.6350 0.1185 0.0829 0.1637 
     D267365  1 0.4750 0.2036 0.1469 0.1744 
        D404  1 0.3872 0.1484 0.3291 0.1353 
        D405  1 0.3622 0.1841 0.2888 0.1650 
        D406  1 0.2715 0.3961 0.2525 0.0799 
        D407  1 0.4181 0.1014 0.1108 0.3698 
        D408  1 0.5182 0.1521 0.1696 0.1601 
        D409  1 0.2414 0.1513 0.1334 0.4739 
        D410  1 0.1801 0.1586 0.2113 0.4500 
        D421  1 0.7035 0.0753 0.0537 0.1676 
        D422  1 0.0998 0.1676 0.1990 0.5336 
        D423  1 0.0843 0.1326 0.2015 0.5816 
        D424  1 0.6413 0.0833 0.0616 0.2138 
        D425  1 0.2609 0.1641 0.1334 0.4417 
        D426  1 0.1308 0.0934 0.0699 0.7059 
        D427  1 0.5221 0.1164 0.0648 0.2968 
        D428  1 0.5332 0.1496 0.1256 0.1916 
        D429  1 0.7463 0.1233 0.0515 0.0789 
        D430  1 0.5083 0.1172 0.1542 0.2203 
        D491  1 0.5748 0.1897 0.0957 0.1399 
        D492  1 0.6184 0.1337 0.0802 0.1678 
        D537  1 0.3138 0.2390 0.1811 0.2661 
        D538  1 0.2805 0.1484 0.3791 0.1919 
        D539  1 0.2971 0.3656 0.1843 0.1530 
        D540  1 0.1436 0.2208 0.1642 0.4714 
        D541  1 0.7912 0.0671 0.0603 0.0814 
        D551  1 0.1034 0.1095 0.0617 0.7254 
        D552  1 0.4266 0.3647 0.1221 0.0866 
        D553  1 0.4970 0.1646 0.1048 0.2336 
        D615  1 0.6006 0.1527 0.1337 0.1130 
        D616  1 0.4136 0.1539 0.1308 0.3017 
        D621  1 0.1941 0.4087 0.2814 0.1158 
        D622  1 0.2151 0.3913 0.2723 0.1213 
        D623  1 0.2371 0.1589 0.3529 0.2511 
        D624  1 0.5154 0.1302 0.0912 0.2633 
        D625  1 0.6287 0.1578 0.1037 0.1097 
        D626  1 0.2423 0.3864 0.2139 0.1575 
        D627  1 0.2241 0.1183 0.1177 0.5400 
        D690  1 0.8065 0.0708 0.0688 0.0538 
        D691  1 0.2786 0.3504 0.2574 0.1135 
        D710  1 0.3697 0.1666 0.2157 0.2480 
        D711  1 0.7622 0.0862 0.0785 0.0731 
        D712  1 0.3105 0.3036 0.2120 0.1738 
        D713  1 0.3482 0.1534 0.1137 0.3847 
        D746  1 0.2659 0.3626 0.2441 0.1273 
        D747  1 0.8035 0.0648 0.0693 0.0623 
        D748  1 0.4325 0.2963 0.1800 0.0912 
        D749  1 0.1429 0.1840 0.1303 0.5428 
        D750  1 0.8105 0.0745 0.0561 0.0589 
        D763  1 0.1459 0.3938 0.2343 0.2260 
        D764  1 0.8162 0.0664 0.0478 0.0696 
        D765  1 0.1067 0.2470 0.1664 0.4800 
        D766  1 0.1951 0.4354 0.2628 0.1067 
        D767  1 0.1931 0.2183 0.4074 0.1812 
        D768  1 0.3720 0.1599 0.1013 0.3669 
        D811  1 0.1443 0.4238 0.3042 0.1276 
        D816  1 0.7593 0.1124 0.0490 0.0794 
        D825  1 0.4355 0.2077 0.1823 0.1745 
        D866  1 0.1993 0.2790 0.3606 0.1611 
        D867  1 0.0951 0.1544 0.2530 0.4976 
        D871  1 0.3548 0.1291 0.1300 0.3860 
        D872  1 0.2446 0.3016 0.3448 0.1091 
        D873  1 0.0594 0.0838 0.3831 0.4736 
        D874  1 0.6810 0.1404 0.0745 0.1041 
        D875  1 0.1935 0.1596 0.1382 0.5087 
        D876  1 0.4383 0.3204 0.1489 0.0924 
        D877  1 0.3553 0.1571 0.2400 0.2477 
        D892  1 0.4526 0.2588 0.1720 0.1166 
        D893  1 0.3845 0.2207 0.1955 0.1994 
        D894  1 0.8164 0.0566 0.0546 0.0724 
        D915  1 0.3113 0.2800 0.2637 0.1450 
        D916  1 0.8581 0.0604 0.0389 0.0426 
        D917  1 0.2484 0.1707 0.2825 0.2984 
        D925  1 0.3520 0.2300 0.2021 0.2159 
        D926  1 0.5352 0.2056 0.0733 0.1860 
        D927  1 0.3360 0.2077 0.1939 0.2624 
        D928  1 0.6638 0.1125 0.0843 0.1395 
        D929  1 0.1825 0.2313 0.4239 0.1622 
        D936  1 0.6164 0.1830 0.0963 0.1043 
        D938  1 0.1752 0.4614 0.2822 0.0813 
        D956  1 0.6932 0.0747 0.1115 0.1206 
        D957  1 0.2207 0.3182 0.3378 0.1233 
        D958  1 0.3673 0.3515 0.2133 0.0679 
        D959  1 0.2824 0.0774 0.0736 0.5666 
        D960  1 0.1704 0.2653 0.2699 0.2943 
        D989  1 0.4876 0.1881 0.0959 0.2285 
        D990  1 0.1010 0.1503 0.2992 0.4495 
        D211  3 0.0979 0.3130 0.4886 0.1004 
     D229639  3 0.2553 0.2574 0.2282 0.2591 
     D237212  3 0.1946 0.2990 0.3275 0.1789 
     D237213  3 0.0631 0.4268 0.3928 0.1173 
     D237214  3 0.1353 0.0763 0.2661 0.5223 
     D237215  3 0.0799 0.2727 0.4508 0.1965 
     D237216  3 0.1143 0.1993 0.1790 0.5075 
     D237217  3 0.0631 0.3179 0.3433 0.2757 
     D237218  3 0.3500 0.3621 0.1057 0.1822 
     D237219  3 0.0847 0.4772 0.3315 0.1065 
     D237382  3 0.2383 0.2262 0.4027 0.1328 
     D244127  3 0.0647 0.2880 0.3980 0.2493 
     D244129  3 0.2158 0.2360 0.3773 0.1709 
     D244133  3 0.2241 0.4027 0.2053 0.1679 
     D244134  3 0.0998 0.4874 0.2999 0.1129 
     D244135  3 0.0944 0.1729 0.4053 0.3274 
     D244136  3 0.3377 0.2716 0.1828 0.2079 
        D416  3 0.1314 0.3363 0.2661 0.2662 
        D417  3 0.4471 0.2644 0.1026 0.1859 
        D419  3 0.1469 0.4429 0.2943 0.1159 
        D565  3 0.5426 0.1919 0.1260 0.1395 
        D566  3 0.4080 0.1579 0.2219 0.2122 
        D567  3 0.3519 0.3033 0.2383 0.1064 
        D568  3 0.1362 0.4628 0.2729 0.1282 
        D569  3 0.1078 0.1306 0.4568 0.3047 
        D573  3 0.3043 0.1402 0.1558 0.3996 
        D574  3 0.2571 0.2060 0.2379 0.2989 
        D575  3 0.0547 0.5000 0.3684 0.0769 
        D576  3 0.0587 0.3331 0.3894 0.2187 
        D577  3 0.2518 0.3254 0.2768 0.1459 
        D578  3 0.0588 0.0991 0.2919 0.5501 
        D579  3 0.5061 0.2261 0.1466 0.1212 
        D660  3 0.0685 0.1941 0.5040 0.2333 
        D661  3 0.1976 0.3952 0.1096 0.2977 
        D663  3 0.1270 0.1041 0.2664 0.5025 
        D664  3 0.0796 0.2846 0.4683 0.1675 
        D665  3 0.0528 0.2931 0.5044 0.1497 
        D666  3 0.1149 0.5098 0.2839 0.0913 
        D502  6 0.0489 0.3056 0.4251 0.2204 
        D503  6 0.1564 0.2935 0.2153 0.3349 
        D504  6 0.5686 0.1703 0.0865 0.1746 
        D505  6 0.2945 0.1504 0.2761 0.2790 
        D506  6 0.6553 0.0802 0.0640 0.2004 
        D507  6 0.1290 0.2449 0.2717 0.3543 
        D508  6 0.1724 0.2515 0.3822 0.1939 
        D529  6 0.2690 0.1656 0.1914 0.3740 
        D530  6 0.0734 0.2545 0.5354 0.1366 
        D531  6 0.4678 0.1715 0.1836 0.1770 
        D532  6 0.2315 0.1294 0.1912 0.4479 
        D534  6 0.1963 0.3427 0.2507 0.2104 
        D535  6 0.3366 0.1638 0.1589 0.3407 
        D536  6 0.0984 0.1557 0.2930 0.4529 
        D554  6 0.3622 0.1721 0.2410 0.2247 
        D587  6 0.5279 0.1636 0.1127 0.1958 
        D588  6 0.1461 0.0897 0.1300 0.6342 
        D589  6 0.1331 0.1730 0.2838 0.4100 
        D590  6 0.2452 0.1007 0.1158 0.5384 
        D591  6 0.2570 0.2934 0.1521 0.2974 
        D592  6 0.3424 0.2522 0.2205 0.1850 
        D593  6 0.0452 0.2922 0.5836 0.0790 
        D682  6 0.6583 0.1188 0.0731 0.1498 
        D683  6 0.4725 0.1806 0.1556 0.1914 
        D684  6 0.1622 0.1845 0.3167 0.3366 
        D685  6 0.0802 0.1780 0.2429 0.4989 
        D686  6 0.0975 0.0679 0.2377 0.5969 
        D724  6 0.1561 0.2756 0.3436 0.2247 
        D725  6 0.0795 0.3023 0.4321 0.1861 
        D726  6 0.6631 0.1348 0.0766 0.1255 
        D727  6 0.2068 0.0803 0.1171 0.5958 
        D728  6 0.2747 0.3267 0.2355 0.1631 
        D729  6 0.1509 0.0665 0.1872 0.5955 
        D730  6 0.2181 0.3620 0.2281 0.1917 
        D731  6 0.2574 0.2815 0.2946 0.1665 
        D732  6 0.1815 0.2546 0.3583 0.2055 
        D733  6 0.2108 0.3702 0.2956 0.1234 
     D237251  7 0.1482 0.4569 0.1420 0.2529 
     D237252  7 0.0774 0.4193 0.3638 0.1395 
     D237253  7 0.2210 0.1837 0.1395 0.4557 
     D237254  7 0.0606 0.0996 0.2715 0.5682 
     D237255  7 0.1561 0.3369 0.2466 0.2604 
     D237256  7 0.0935 0.2105 0.3026 0.3934 
     D237257  7 0.1118 0.1193 0.2456 0.5233 
     D237282  7 0.2698 0.2240 0.2635 0.2428 
     D237283  7 0.0399 0.3572 0.4861 0.1168 
     D237284  7 0.1722 0.1787 0.2474 0.4017 
     D237285  7 0.0998 0.2259 0.4507 0.2235 
     D237286  7 0.4042 0.1498 0.1553 0.2907 
     D237287  7 0.1516 0.3453 0.2011 0.3020 
     D244006  7 0.1069 0.1079 0.3353 0.4498 
     D244007  7 0.2564 0.2069 0.1667 0.3700 
     D244008  7 0.0572 0.4226 0.4167 0.1035 
     D244009  7 0.2507 0.4138 0.2287 0.1068 
     D244010  7 0.1177 0.2724 0.4240 0.1858 
     D244011  7 0.2068 0.1873 0.2375 0.3684 
     D244012  7 0.1315 0.2670 0.4362 0.1652 
     D244013  7 0.2676 0.2548 0.3128 0.1648 
     D244014  7 0.0891 0.3307 0.3221 0.2580 
     D244015  7 0.1216 0.2701 0.3241 0.2842 
     D244125  7 0.2650 0.3075 0.1969 0.2306 
     D244126  7 0.0655 0.3047 0.5185 0.1113 
     D244130  7 0.0833 0.1027 0.3694 0.4445 
     D244131  7 0.5391 0.2150 0.1234 0.1225 
     D244132  7 0.2408 0.3803 0.1335 0.2454 
        D520  7 0.0888 0.3074 0.3922 0.2116 
        D521  7 0.1727 0.2252 0.4458 0.1564 
        D522  7 0.3529 0.3838 0.1327 0.1307 
        D523  7 0.2142 0.3346 0.1016 0.3495 
        D524  7 0.2188 0.3957 0.1832 0.2023 
        D525  7 0.2240 0.1631 0.3220 0.2909 
        D526  7 0.1077 0.2207 0.3256 0.3460 
        D527  7 0.4075 0.2950 0.1376 0.1599 
        D528  7 0.0514 0.0497 0.0642 0.8348 
        D558  7 0.1501 0.2233 0.4628 0.1638 
        D559  7 0.1550 0.3169 0.3049 0.2232 
        D640  7 0.1364 0.3929 0.2096 0.2610 
        D641  7 0.0647 0.3272 0.4578 0.1503 
        D642  7 0.1263 0.1694 0.4016 0.3027 
        D644  7 0.1655 0.3110 0.3355 0.1880 
        D645  7 0.2078 0.4165 0.1764 0.1993 
        D662  7 0.3692 0.2212 0.1115 0.2981 
        D687  7 0.3385 0.2889 0.1625 0.2101 
        D688  7 0.1163 0.1672 0.4026 0.3139 
        D689  7 0.1653 0.5399 0.2230 0.0719 
        D700  7 0.0545 0.0464 0.0507 0.8484 
        D797  7 0.4669 0.2772 0.1262 0.1297 
        D798  7 0.0964 0.3198 0.2271 0.3567 
        D799  7 0.1440 0.3214 0.2727 0.2619 
        D800  7 0.4797 0.1421 0.0948 0.2834 
        D201  9 0.1656 0.3504 0.1390 0.3449 
        D202  9 0.0715 0.2537 0.5365 0.1383 
     D237259  9 0.0676 0.1733 0.1737 0.5854 
     D237260  9 0.1110 0.1535 0.3151 0.4204 
     D237262  9 0.1301 0.1613 0.4693 0.2394 
     D237263  9 0.2418 0.2235 0.3216 0.2131 
     D237264  9 0.2505 0.1727 0.3155 0.2613 
     D237265  9 0.1148 0.2437 0.4243 0.2172 
     D237266  9 0.1140 0.3151 0.3147 0.2562 
     D237267  9 0.1153 0.1770 0.2949 0.4127 
     D237268  9 0.1024 0.3074 0.4602 0.1300 
     D237289  9 0.1715 0.2960 0.3776 0.1549 
     D237290  9 0.1228 0.3123 0.4199 0.1450 
     D237291  9 0.1069 0.1866 0.1338 0.5727 
     D237292  9 0.0972 0.1583 0.2801 0.4644 
     D237293  9 0.0772 0.3781 0.4499 0.0948 
     D237294  9 0.1787 0.2940 0.1524 0.3749 
     D237295  9 0.4763 0.2113 0.1952 0.1172 
     D237296  9 0.2068 0.2680 0.1286 0.3966 
     D237297  9 0.1710 0.1984 0.3464 0.2842 
     D237298  9 0.2697 0.3916 0.1928 0.1460 
     D237341  9 0.1840 0.3052 0.2029 0.3079 
     D237342  9 0.1327 0.2053 0.5221 0.1399 
     D237343  9 0.1427 0.1926 0.2784 0.3864 
     D237344  9 0.1424 0.2550 0.4426 0.1600 
     D237345  9 0.1011 0.2701 0.4773 0.1516 
     D237346  9 0.1276 0.3657 0.2199 0.2868 
     D237347  9 0.3508 0.1823 0.1548 0.3120 
     D237348  9 0.0892 0.2442 0.5532 0.1134 
     D237349  9 0.2911 0.2581 0.1517 0.2991 
     D244109  9 0.1020 0.1132 0.4305 0.3543 
     D244110  9 0.1236 0.2292 0.3621 0.2851 
     D244111  9 0.1631 0.2397 0.4306 0.1666 
     D244128  9 0.0989 0.1856 0.5581 0.1574 
     D244137  9 0.5236 0.2126 0.1418 0.1220 
     D244138  9 0.1057 0.2092 0.3314 0.3537 
        D580  9 0.0817 0.3527 0.3920 0.1736 
        D581  9 0.0605 0.3222 0.4638 0.1535 
        D582  9 0.0795 0.2460 0.5908 0.0837 
        D583  9 0.1007 0.3375 0.2580 0.3037 
        D584  9 0.0882 0.2027 0.4619 0.2472 
        D585  9 0.1342 0.2143 0.4729 0.1786 
        D586  9 0.2066 0.1701 0.1850 0.4383 
        D651  9 0.1494 0.4292 0.2956 0.1259 
        D652  9 0.3295 0.2606 0.1666 0.2433 
        D653  9 0.1558 0.2580 0.2351 0.3511 
        D654  9 0.1539 0.2579 0.2784 0.3098 
        D655  9 0.1986 0.3772 0.2442 0.1800 
        D656  9 0.1011 0.1298 0.2330 0.5360 
        D657  9 0.1081 0.2000 0.4304 0.2614 
        D667  9 0.1125 0.5110 0.2780 0.0986 
        D668  9 0.0752 0.4122 0.3412 0.1714 
        D669  9 0.1198 0.3564 0.3225 0.2012 
        D670  9 0.0985 0.2713 0.1515 0.4786 
        D671  9 0.2337 0.2413 0.2443 0.2807 
        D672  9 0.1238 0.3707 0.3534 0.1521 
        D673  9 0.1273 0.4941 0.2289 0.1497 
        D692  9 0.1027 0.1722 0.3082 0.4170 
        D693  9 0.0945 0.4626 0.3208 0.1221 
        D694  9 0.0832 0.1129 0.4162 0.3877 
        D695  9 0.1911 0.4075 0.2423 0.1592 
        D696  9 0.5501 0.1387 0.1921 0.1192 
        D697  9 0.1323 0.4797 0.2155 0.1725 
        D698  9 0.1432 0.2921 0.3467 0.2180 
        D699  9 0.0816 0.4629 0.3635 0.0920 
        D787  9 0.2288 0.2851 0.2508 0.2353 
        D788  9 0.0654 0.4765 0.3434 0.1147 
        D789  9 0.1139 0.2046 0.4991 0.1824 
        D790  9 0.1264 0.4436 0.1946 0.2354 
        D791  9 0.0952 0.2501 0.4965 0.1582 
        D792  9 0.2916 0.1823 0.1796 0.3465 
        D793  9 0.3557 0.3841 0.1235 0.1368 
        D794  9 0.2766 0.2800 0.2532 0.1902 
        D795  9 0.1030 0.2211 0.5109 0.1649 
        D796  9 0.0609 0.5215 0.3237 0.0939 
        D005 12 0.0883 0.0809 0.3569 0.4739 
        D035 12 0.1271 0.4812 0.1889 0.2028 
        D067 12 0.1710 0.4302 0.2449 0.1539 
        D134 12 0.1577 0.1747 0.2440 0.4236 
        D135 12 0.1171 0.2204 0.1746 0.4879 
        D136 12 0.3587 0.1802 0.2198 0.2413 
        D137 12 0.0726 0.4322 0.3045 0.1907 
        D138 12 0.2627 0.3209 0.1604 0.2561 
        D139 12 0.2054 0.2282 0.3470 0.2194 
        D140 12 0.1510 0.4127 0.2031 0.2333 
        D141 12 0.0531 0.4287 0.4364 0.0818 
        D150 12 0.0964 0.0901 0.2910 0.5225 
        D177 12 0.1308 0.1556 0.2346 0.4791 
        D178 12 0.4115 0.1723 0.2043 0.2119 
        D179 12 0.2082 0.2088 0.1901 0.3930 
        D180 12 0.0736 0.3667 0.3888 0.1709 
        D187 12 0.1256 0.5058 0.2636 0.1050 
        D188 12 0.0868 0.2178 0.4141 0.2814 
        D191 12 0.1428 0.4647 0.2192 0.1733 
        D418 12 0.0921 0.4652 0.2768 0.1659 
        D601 12 0.1036 0.1910 0.5050 0.2004 
        D836 12 0.0571 0.4404 0.4097 0.0928 
        D837 12 0.4335 0.2494 0.2127 0.1044 
        D838 12 0.1896 0.4806 0.2127 0.1171 
        D839 12 0.1957 0.2804 0.2938 0.2301 
        D840 12 0.3172 0.3226 0.1619 0.1984 
        D841 12 0.0739 0.5827 0.2460 0.0974 
        D842 12 0.0926 0.2560 0.4133 0.2380 
        D843 12 0.2303 0.2796 0.2489 0.2413 
        D844 12 0.2667 0.3217 0.1227 0.2888 
        D912 12 0.6257 0.2130 0.0736 0.0877 
        D913 12 0.1501 0.2283 0.1399 0.4817 
        D914 12 0.3560 0.2069 0.1623 0.2748 
        D922 12 0.1100 0.5295 0.2889 0.0716 
        D939 12 0.0697 0.3582 0.4854 0.0866 
        D944 12 0.1057 0.1522 0.0748 0.6672 
        D945 12 0.1409 0.3430 0.3011 0.2150 
        D985 12 0.1243 0.1906 0.4388 0.2462 
        D986 12 0.2227 0.1788 0.1654 0.4331 
        D987 12 0.4288 0.2516 0.1360 0.1835 
        D988 12 0.2151 0.1552 0.2800 0.3498 
        D996 12 0.2346 0.2433 0.1509 0.3711 
        D997 12 0.1643 0.3489 0.2970 0.1898 
        D998 12 0.1574 0.2111 0.2673 0.3642 
        D999 12 0.1386 0.3533 0.3072 0.2009 
