        D174  1 0.0686 0.3666 0.0980 0.0676 0.0455 0.2283 0.0520 0.0735 
        D199  1 0.3047 0.0787 0.1553 0.1266 0.0507 0.1530 0.0988 0.0322 
        D203  1 0.1809 0.1532 0.1673 0.0826 0.0430 0.2314 0.0600 0.0815 
        D204  1 0.0241 0.7173 0.0457 0.0415 0.0189 0.0274 0.0221 0.1030 
     D237366  1 0.0593 0.0260 0.3022 0.1472 0.0286 0.2757 0.0283 0.1327 
     D237367  1 0.1437 0.0329 0.2605 0.0789 0.0866 0.1909 0.1146 0.0919 
     D237368  1 0.0985 0.2576 0.1145 0.0340 0.0377 0.1690 0.0358 0.2529 
     D244101  1 0.2151 0.0483 0.1942 0.3501 0.0209 0.0704 0.0196 0.0815 
     D244102  1 0.1302 0.0753 0.1327 0.3517 0.0419 0.0923 0.0856 0.0905 
     D244103  1 0.1690 0.0348 0.4238 0.1022 0.0481 0.1464 0.0439 0.0319 
     D244104  1 0.0383 0.2035 0.0572 0.0495 0.5617 0.0226 0.0230 0.0442 
     D244105  1 0.3231 0.0196 0.0673 0.0653 0.1439 0.0915 0.0212 0.2682 
     D244106  1 0.0409 0.7119 0.0415 0.1181 0.0130 0.0330 0.0145 0.0271 
     D244107  1 0.1868 0.0130 0.2919 0.0419 0.0654 0.2763 0.0941 0.0306 
     D244108  1 0.0792 0.0780 0.0462 0.0640 0.0419 0.1654 0.0303 0.4950 
     D244113  1 0.1778 0.1551 0.0794 0.1150 0.0664 0.2728 0.0802 0.0532 
     D244114  1 0.3316 0.0382 0.1666 0.2846 0.0249 0.0895 0.0142 0.0505 
     D244115  1 0.1350 0.5789 0.0502 0.1114 0.0234 0.0261 0.0254 0.0496 
     D267365  1 0.1094 0.0920 0.1261 0.4631 0.0380 0.0835 0.0418 0.0459 
        D404  1 0.0427 0.5996 0.0424 0.0531 0.0212 0.1551 0.0685 0.0173 
        D405  1 0.0780 0.2004 0.1470 0.1814 0.0561 0.2225 0.0916 0.0231 
        D406  1 0.0077 0.0099 0.0077 0.0102 0.0074 0.0097 0.0088 0.9387 
        D407  1 0.0416 0.2156 0.5306 0.0782 0.0207 0.0778 0.0150 0.0205 
        D408  1 0.0713 0.5107 0.0957 0.0745 0.0864 0.0873 0.0523 0.0218 
        D409  1 0.2851 0.0503 0.3188 0.1155 0.0409 0.1041 0.0278 0.0575 
        D410  1 0.2538 0.0413 0.1353 0.0917 0.0356 0.2728 0.0440 0.1256 
        D421  1 0.0369 0.3888 0.4111 0.0747 0.0337 0.0301 0.0128 0.0118 
        D422  1 0.2000 0.0354 0.3942 0.0817 0.0145 0.1094 0.0429 0.1220 
        D423  1 0.0966 0.0213 0.4752 0.0791 0.0287 0.2213 0.0223 0.0555 
        D424  1 0.0875 0.7041 0.0732 0.0442 0.0213 0.0288 0.0131 0.0278 
        D425  1 0.3260 0.0532 0.1431 0.1718 0.1183 0.1236 0.0247 0.0393 
        D426  1 0.2385 0.0349 0.4511 0.1247 0.0390 0.0725 0.0197 0.0196 
        D427  1 0.0823 0.4346 0.2570 0.0640 0.0924 0.0447 0.0132 0.0119 
        D428  1 0.0989 0.4522 0.1282 0.1018 0.0374 0.0842 0.0266 0.0706 
        D429  1 0.0192 0.7461 0.0339 0.1432 0.0106 0.0128 0.0101 0.0241 
        D430  1 0.1480 0.5193 0.0668 0.1026 0.0457 0.0652 0.0350 0.0175 
        D491  1 0.1168 0.3678 0.0804 0.1115 0.0645 0.0403 0.0366 0.1821 
        D492  1 0.0773 0.5108 0.1407 0.0585 0.0201 0.0594 0.0205 0.1127 
        D537  1 0.1016 0.0587 0.2167 0.1019 0.0406 0.0802 0.0240 0.3763 
        D538  1 0.0997 0.1849 0.0838 0.0430 0.0247 0.2381 0.1396 0.1862 
        D539  1 0.1159 0.0967 0.0392 0.1702 0.0651 0.0637 0.0865 0.3626 
        D540  1 0.2965 0.0302 0.2221 0.1273 0.1789 0.0961 0.0320 0.0169 
        D541  1 0.0224 0.8543 0.0398 0.0199 0.0162 0.0157 0.0154 0.0163 
        D551  1 0.4552 0.0238 0.3025 0.1067 0.0194 0.0277 0.0130 0.0517 
        D552  1 0.0347 0.0443 0.0210 0.1568 0.0400 0.0164 0.0176 0.6692 
        D553  1 0.0846 0.1735 0.3755 0.1454 0.0899 0.0781 0.0337 0.0193 
        D615  1 0.0612 0.6309 0.0414 0.0815 0.0398 0.0430 0.0620 0.0402 
        D616  1 0.2112 0.3435 0.1853 0.0582 0.0365 0.0720 0.0331 0.0602 
        D621  1 0.0223 0.0243 0.0168 0.0191 0.0267 0.0281 0.0260 0.8367 
        D622  1 0.0197 0.0269 0.0220 0.0233 0.0229 0.0236 0.0153 0.8463 
        D623  1 0.1370 0.1104 0.1088 0.0856 0.0319 0.3857 0.0744 0.0662 
        D624  1 0.1580 0.6087 0.0282 0.0400 0.0613 0.0501 0.0308 0.0229 
        D625  1 0.0560 0.5637 0.0413 0.0359 0.0145 0.0312 0.1309 0.1265 
        D626  1 0.0350 0.0596 0.0625 0.0265 0.7258 0.0314 0.0242 0.0350 
        D627  1 0.2355 0.0736 0.3881 0.0818 0.0216 0.1109 0.0429 0.0455 
        D690  1 0.0102 0.8990 0.0164 0.0149 0.0195 0.0133 0.0152 0.0116 
        D691  1 0.0158 0.0192 0.0198 0.0210 0.0153 0.0172 0.0188 0.8728 
        D710  1 0.1586 0.1354 0.2470 0.1194 0.1113 0.1361 0.0522 0.0400 
        D711  1 0.0177 0.8368 0.0356 0.0319 0.0082 0.0268 0.0192 0.0239 
        D712  1 0.0839 0.0643 0.1059 0.1892 0.1909 0.1581 0.0484 0.1592 
        D713  1 0.2189 0.0719 0.1705 0.1543 0.0191 0.1038 0.0290 0.2324 
        D746  1 0.0183 0.0509 0.0288 0.0220 0.0190 0.0212 0.0125 0.8273 
        D747  1 0.0180 0.8611 0.0243 0.0303 0.0170 0.0199 0.0158 0.0137 
        D748  1 0.0253 0.0421 0.0261 0.0307 0.0296 0.0238 0.0188 0.8036 
        D749  1 0.3966 0.0443 0.1341 0.0610 0.0289 0.1212 0.0284 0.1854 
        D750  1 0.0150 0.8996 0.0145 0.0166 0.0124 0.0125 0.0134 0.0161 
        D763  1 0.1513 0.0286 0.0777 0.1224 0.2797 0.0507 0.0648 0.2248 
        D764  1 0.0113 0.9182 0.0111 0.0137 0.0104 0.0105 0.0108 0.0139 
        D765  1 0.4257 0.0231 0.0839 0.1821 0.0805 0.1094 0.0284 0.0669 
        D766  1 0.0239 0.0148 0.0236 0.0247 0.0384 0.0194 0.0149 0.8402 
        D767  1 0.1155 0.0730 0.1282 0.0948 0.0340 0.2514 0.1537 0.1494 
        D768  1 0.1822 0.0909 0.3812 0.1239 0.0438 0.0952 0.0219 0.0609 
        D811  1 0.0732 0.0467 0.0709 0.0636 0.5756 0.0726 0.0742 0.0232 
        D816  1 0.0308 0.3846 0.1213 0.3982 0.0107 0.0264 0.0118 0.0161 
        D825  1 0.1089 0.2656 0.0872 0.3178 0.0568 0.0472 0.0665 0.0499 
        D866  1 0.1240 0.0784 0.1037 0.1082 0.1085 0.2571 0.1905 0.0296 
        D867  1 0.2360 0.0184 0.3386 0.0389 0.0225 0.2353 0.0235 0.0869 
        D871  1 0.2151 0.2495 0.2185 0.0761 0.0221 0.0975 0.0545 0.0666 
        D872  1 0.0252 0.0189 0.0263 0.0156 0.0306 0.0671 0.0335 0.7828 
        D873  1 0.1101 0.0218 0.1694 0.0476 0.0118 0.5043 0.1134 0.0218 
        D874  1 0.0628 0.2022 0.1616 0.4351 0.0214 0.0372 0.0236 0.0561 
        D875  1 0.1693 0.0395 0.2313 0.1036 0.0111 0.0652 0.0192 0.3608 
        D876  1 0.0304 0.0502 0.0216 0.0616 0.0351 0.0190 0.0210 0.7610 
        D877  1 0.1360 0.4019 0.0393 0.1028 0.0165 0.2041 0.0713 0.0282 
        D892  1 0.0308 0.0795 0.0545 0.0548 0.0144 0.0363 0.0192 0.7105 
        D893  1 0.1198 0.0532 0.1835 0.2712 0.0524 0.1526 0.0436 0.1236 
        D894  1 0.0155 0.9112 0.0143 0.0152 0.0082 0.0113 0.0153 0.0091 
        D915  1 0.0942 0.0356 0.1229 0.1463 0.0414 0.1796 0.0637 0.3162 
        D916  1 0.0084 0.9374 0.0107 0.0096 0.0072 0.0080 0.0086 0.0102 
        D917  1 0.1699 0.0903 0.1121 0.0665 0.0461 0.2423 0.2531 0.0197 
        D925  1 0.1521 0.1111 0.1286 0.2075 0.0452 0.1473 0.1020 0.1061 
        D926  1 0.0792 0.2723 0.0952 0.4458 0.0207 0.0295 0.0243 0.0330 
        D927  1 0.1344 0.0595 0.1427 0.4601 0.0270 0.0863 0.0444 0.0456 
        D928  1 0.0639 0.6953 0.0460 0.0573 0.0350 0.0549 0.0131 0.0346 
        D929  1 0.0745 0.0566 0.0877 0.0676 0.0337 0.2218 0.3717 0.0864 
        D936  1 0.0270 0.2136 0.1419 0.5345 0.0138 0.0262 0.0257 0.0172 
        D938  1 0.0108 0.0095 0.0145 0.0108 0.0190 0.0104 0.0118 0.9132 
        D956  1 0.0234 0.8793 0.0122 0.0162 0.0121 0.0300 0.0164 0.0104 
        D957  1 0.0296 0.0214 0.0342 0.0304 0.0162 0.0431 0.0370 0.7881 
        D958  1 0.0096 0.0180 0.0098 0.0125 0.0115 0.0103 0.0101 0.9183 
        D959  1 0.0332 0.0879 0.6079 0.1026 0.0190 0.1278 0.0108 0.0108 
        D960  1 0.0636 0.0240 0.0413 0.0360 0.0101 0.1175 0.0294 0.6780 
        D989  1 0.1617 0.1949 0.1189 0.1740 0.1871 0.0922 0.0157 0.0553 
        D990  1 0.3016 0.0186 0.1708 0.0766 0.0243 0.2517 0.1194 0.0370 
        D211  3 0.0267 0.0186 0.0337 0.0221 0.0561 0.1663 0.6588 0.0178 
     D229639  3 0.2021 0.0953 0.1150 0.1002 0.2706 0.0736 0.1184 0.0248 
     D237212  3 0.1577 0.0892 0.1293 0.0713 0.1128 0.1664 0.2440 0.0292 
     D237213  3 0.0726 0.0093 0.0493 0.0600 0.2147 0.1034 0.4429 0.0478 
     D237214  3 0.0271 0.0163 0.4891 0.0141 0.0084 0.4119 0.0135 0.0196 
     D237215  3 0.0942 0.0148 0.1180 0.1241 0.0738 0.4856 0.0764 0.0131 
     D237216  3 0.4506 0.0212 0.1009 0.0989 0.1051 0.1303 0.0750 0.0182 
     D237217  3 0.2808 0.0084 0.1004 0.0491 0.0695 0.2005 0.2183 0.0730 
     D237218  3 0.0761 0.0334 0.1360 0.5722 0.0345 0.0200 0.0386 0.0891 
     D237219  3 0.0356 0.0124 0.0143 0.0177 0.8256 0.0264 0.0422 0.0257 
     D237382  3 0.0770 0.1037 0.0285 0.0398 0.0735 0.2914 0.1808 0.2053 
     D244127  3 0.1227 0.0102 0.0798 0.0997 0.1426 0.3732 0.1269 0.0449 
     D244129  3 0.1508 0.1180 0.0821 0.0447 0.0930 0.2304 0.1693 0.1119 
     D244133  3 0.0365 0.0463 0.0346 0.0238 0.7830 0.0321 0.0172 0.0266 
     D244134  3 0.0219 0.0152 0.0223 0.0282 0.7809 0.0330 0.0425 0.0561 
     D244135  3 0.0745 0.0188 0.4085 0.0214 0.0224 0.3486 0.0835 0.0223 
     D244136  3 0.0914 0.1307 0.1150 0.0545 0.3818 0.1107 0.0298 0.0861 
        D416  3 0.1361 0.0296 0.1137 0.1014 0.4349 0.0942 0.0690 0.0211 
        D417  3 0.1366 0.3134 0.0455 0.1511 0.0337 0.0314 0.0198 0.2684 
        D419  3 0.0758 0.0247 0.0611 0.0404 0.5357 0.0809 0.0538 0.1276 
        D565  3 0.0922 0.4159 0.0788 0.1248 0.1423 0.0830 0.0252 0.0378 
        D566  3 0.1497 0.4098 0.0853 0.0861 0.0678 0.1372 0.0462 0.0178 
        D567  3 0.1419 0.1544 0.1265 0.1366 0.1064 0.1051 0.1063 0.1229 
        D568  3 0.1113 0.0288 0.0580 0.1185 0.1899 0.0550 0.0648 0.3738 
        D569  3 0.0980 0.0289 0.1447 0.0596 0.0280 0.4201 0.2047 0.0159 
        D573  3 0.2529 0.1853 0.1964 0.1231 0.1149 0.0606 0.0482 0.0186 
        D574  3 0.1753 0.0754 0.1739 0.2476 0.0675 0.1333 0.0566 0.0704 
        D575  3 0.0147 0.0079 0.0131 0.0122 0.8901 0.0231 0.0233 0.0155 
        D576  3 0.1153 0.0108 0.0989 0.0933 0.1941 0.3922 0.0874 0.0081 
        D577  3 0.1079 0.0854 0.1491 0.0815 0.1029 0.0789 0.1656 0.2288 
        D578  3 0.0158 0.0071 0.4757 0.0158 0.0125 0.4412 0.0122 0.0195 
        D579  3 0.0629 0.4179 0.1038 0.2134 0.0880 0.0503 0.0338 0.0300 
        D660  3 0.1529 0.0177 0.1607 0.0476 0.0854 0.3932 0.1188 0.0238 
        D661  3 0.0415 0.0113 0.0489 0.6086 0.0178 0.0193 0.0212 0.2315 
        D663  3 0.4179 0.0253 0.1783 0.1003 0.0215 0.1270 0.1112 0.0183 
        D664  3 0.1359 0.0219 0.0818 0.0437 0.2261 0.2943 0.1470 0.0492 
        D665  3 0.0525 0.0118 0.0227 0.0166 0.0526 0.0743 0.7544 0.0151 
        D666  3 0.0163 0.0168 0.0170 0.0167 0.8616 0.0332 0.0180 0.0205 
        D502  6 0.0621 0.0102 0.0308 0.0439 0.0682 0.1469 0.6266 0.0114 
        D503  6 0.2136 0.0559 0.0924 0.1745 0.0631 0.0987 0.1487 0.1532 
        D504  6 0.1150 0.1848 0.1507 0.4000 0.0269 0.0403 0.0270 0.0552 
        D505  6 0.1788 0.1639 0.1967 0.0762 0.0457 0.1955 0.1219 0.0212 
        D506  6 0.0473 0.7920 0.0523 0.0437 0.0175 0.0250 0.0121 0.0101 
        D507  6 0.3213 0.0384 0.1542 0.1568 0.0704 0.1317 0.0867 0.0405 
        D508  6 0.1114 0.0317 0.0793 0.3284 0.0266 0.1354 0.2684 0.0187 
        D529  6 0.1270 0.0678 0.3774 0.0603 0.0506 0.2266 0.0429 0.0474 
        D530  6 0.0325 0.0164 0.0366 0.0193 0.0275 0.3480 0.4910 0.0288 
        D531  6 0.1685 0.2800 0.1082 0.1443 0.0889 0.0899 0.0819 0.0383 
        D532  6 0.1901 0.0668 0.2229 0.1625 0.0334 0.2623 0.0349 0.0271 
        D534  6 0.1246 0.0230 0.0893 0.1664 0.0223 0.0553 0.0658 0.4532 
        D535  6 0.2228 0.0937 0.2514 0.1693 0.0945 0.0894 0.0483 0.0305 
        D536  6 0.1667 0.0278 0.1322 0.0509 0.0175 0.4381 0.1534 0.0134 
        D554  6 0.1645 0.2201 0.1413 0.1105 0.0475 0.1576 0.1154 0.0432 
        D587  6 0.1457 0.3412 0.0980 0.1440 0.0583 0.0867 0.0328 0.0933 
        D588  6 0.5190 0.0390 0.1491 0.1038 0.0519 0.0901 0.0350 0.0121 
        D589  6 0.2592 0.0365 0.1251 0.0996 0.0330 0.1879 0.2246 0.0341 
        D590  6 0.2167 0.1296 0.3632 0.0951 0.0185 0.1221 0.0177 0.0370 
        D591  6 0.1900 0.0770 0.0773 0.1496 0.2538 0.0790 0.0958 0.0775 
        D592  6 0.1257 0.1247 0.0776 0.0704 0.0423 0.0881 0.0565 0.4146 
        D593  6 0.0192 0.0081 0.0141 0.0102 0.0210 0.2799 0.6375 0.0101 
        D682  6 0.0383 0.7906 0.0219 0.0597 0.0323 0.0259 0.0114 0.0199 
        D683  6 0.1544 0.2554 0.0848 0.1379 0.0220 0.0615 0.2517 0.0324 
        D684  6 0.2088 0.0426 0.1465 0.1307 0.0306 0.1007 0.3141 0.0260 
        D685  6 0.4456 0.0199 0.0437 0.0539 0.0366 0.0653 0.3144 0.0206 
        D686  6 0.1773 0.0343 0.1723 0.1055 0.0142 0.4285 0.0539 0.0139 
        D724  6 0.1022 0.0441 0.1213 0.3549 0.0309 0.0669 0.2086 0.0710 
        D725  6 0.1314 0.0142 0.0775 0.0696 0.1272 0.2051 0.2504 0.1246 
        D726  6 0.0547 0.6768 0.0655 0.0645 0.0400 0.0312 0.0212 0.0462 
        D727  6 0.1040 0.0559 0.5462 0.1017 0.0305 0.1272 0.0255 0.0090 
        D728  6 0.1429 0.1608 0.0814 0.0924 0.2580 0.0975 0.1080 0.0591 
        D729  6 0.0966 0.0444 0.5720 0.0799 0.0098 0.1577 0.0271 0.0125 
        D730  6 0.0426 0.0457 0.1574 0.5825 0.0296 0.0567 0.0491 0.0363 
        D731  6 0.0867 0.2007 0.0612 0.0836 0.1984 0.2549 0.0949 0.0197 
        D732  6 0.1415 0.0469 0.1395 0.1202 0.0677 0.1026 0.3238 0.0577 
        D733  6 0.0628 0.0266 0.0547 0.2038 0.0506 0.0749 0.0819 0.4446 
     D237251  7 0.0716 0.0170 0.0815 0.6436 0.1179 0.0209 0.0153 0.0322 
     D237252  7 0.0933 0.0186 0.0550 0.0735 0.1733 0.1244 0.3035 0.1584 
     D237253  7 0.3520 0.1093 0.1548 0.1687 0.0593 0.0989 0.0270 0.0301 
     D237254  7 0.0373 0.0087 0.4885 0.0127 0.0102 0.4076 0.0144 0.0206 
     D237255  7 0.2014 0.0431 0.0971 0.1569 0.2569 0.1635 0.0450 0.0359 
     D237256  7 0.3693 0.0275 0.1148 0.1057 0.1021 0.1553 0.1098 0.0154 
     D237257  7 0.3070 0.0284 0.2212 0.0998 0.0239 0.2295 0.0703 0.0199 
     D237282  7 0.1564 0.0900 0.1960 0.0665 0.0463 0.1643 0.0258 0.2546 
     D237283  7 0.0187 0.0083 0.0120 0.0145 0.0392 0.0632 0.8298 0.0143 
     D237284  7 0.0887 0.0353 0.3611 0.0832 0.0256 0.3182 0.0459 0.0421 
     D237285  7 0.0884 0.0244 0.1077 0.0747 0.0306 0.3003 0.3392 0.0347 
     D237286  7 0.2576 0.1625 0.1828 0.1881 0.0420 0.1033 0.0365 0.0272 
     D237287  7 0.1364 0.0342 0.1135 0.0698 0.5603 0.0298 0.0357 0.0204 
     D244006  7 0.0360 0.0151 0.4663 0.0203 0.0097 0.4187 0.0155 0.0183 
     D244007  7 0.1150 0.0357 0.3557 0.1792 0.0229 0.1080 0.0173 0.1663 
     D244008  7 0.0230 0.0109 0.0132 0.0141 0.0771 0.0404 0.8000 0.0212 
     D244009  7 0.0470 0.0223 0.0283 0.0739 0.0375 0.0312 0.0716 0.6882 
     D244010  7 0.0637 0.0363 0.0300 0.0171 0.0436 0.0555 0.7405 0.0133 
     D244011  7 0.2099 0.0455 0.1619 0.3086 0.0346 0.1128 0.0942 0.0325 
     D244012  7 0.0704 0.0461 0.0520 0.0276 0.0427 0.1171 0.6299 0.0143 
     D244013  7 0.0676 0.0373 0.1777 0.3478 0.0383 0.1911 0.0952 0.0450 
     D244014  7 0.1420 0.0143 0.1584 0.2281 0.2420 0.0907 0.0636 0.0609 
     D244015  7 0.2456 0.0338 0.0830 0.0369 0.3049 0.1227 0.0768 0.0963 
     D244125  7 0.1857 0.1232 0.0753 0.1789 0.2015 0.1394 0.0435 0.0526 
     D244126  7 0.0183 0.0145 0.0114 0.0167 0.0129 0.0394 0.8700 0.0168 
     D244130  7 0.1936 0.0206 0.1615 0.0768 0.0242 0.3399 0.1615 0.0218 
     D244131  7 0.0423 0.1329 0.2138 0.4413 0.0178 0.0394 0.0361 0.0764 
     D244132  7 0.1478 0.0321 0.0902 0.2448 0.2225 0.0541 0.0207 0.1877 
        D520  7 0.1180 0.0310 0.0542 0.0427 0.0507 0.1025 0.5776 0.0232 
        D521  7 0.0941 0.0279 0.1075 0.1027 0.0334 0.3472 0.2218 0.0654 
        D522  7 0.0256 0.0280 0.0401 0.1639 0.0282 0.0157 0.0170 0.6816 
        D523  7 0.1353 0.0380 0.0805 0.5209 0.0330 0.0270 0.0203 0.1450 
        D524  7 0.0883 0.0337 0.1342 0.5310 0.0712 0.0483 0.0413 0.0519 
        D525  7 0.2290 0.1737 0.1358 0.0783 0.0211 0.1413 0.1348 0.0860 
        D526  7 0.0767 0.0223 0.3711 0.0248 0.0500 0.3488 0.0408 0.0654 
        D527  7 0.0412 0.0896 0.1478 0.5845 0.0614 0.0141 0.0417 0.0197 
        D528  7 0.8958 0.0096 0.0135 0.0120 0.0101 0.0144 0.0333 0.0114 
        D558  7 0.0567 0.0339 0.1451 0.0833 0.0202 0.2954 0.1065 0.2588 
        D559  7 0.0562 0.0215 0.1948 0.5230 0.0195 0.1029 0.0484 0.0337 
        D640  7 0.1624 0.0253 0.0962 0.1650 0.4368 0.0469 0.0354 0.0320 
        D641  7 0.0994 0.0207 0.0995 0.0805 0.3176 0.2189 0.1415 0.0218 
        D642  7 0.1042 0.0314 0.1841 0.0624 0.0169 0.3667 0.0594 0.1750 
        D644  7 0.1697 0.0479 0.0854 0.1467 0.1013 0.1343 0.2406 0.0741 
        D645  7 0.0953 0.0346 0.0472 0.1186 0.5895 0.0422 0.0331 0.0395 
        D662  7 0.1893 0.0998 0.1349 0.1921 0.0641 0.1064 0.0172 0.1962 
        D687  7 0.0924 0.0595 0.1046 0.5209 0.0394 0.0305 0.0974 0.0553 
        D688  7 0.1456 0.0257 0.2029 0.0741 0.0187 0.2585 0.2548 0.0197 
        D689  7 0.0123 0.0194 0.0115 0.0190 0.8910 0.0128 0.0160 0.0179 
        D700  7 0.9136 0.0122 0.0128 0.0176 0.0091 0.0127 0.0119 0.0102 
        D797  7 0.0901 0.1956 0.0648 0.3142 0.0605 0.0274 0.0411 0.2063 
        D798  7 0.1789 0.0164 0.0822 0.0753 0.4504 0.0921 0.0808 0.0239 
        D799  7 0.0929 0.0194 0.1473 0.6158 0.0348 0.0297 0.0490 0.0112 
        D800  7 0.1856 0.3619 0.0692 0.2092 0.0417 0.0503 0.0242 0.0579 
        D201  9 0.0982 0.0172 0.0864 0.4457 0.0258 0.0182 0.0316 0.2768 
        D202  9 0.0607 0.0203 0.0389 0.0725 0.0174 0.3107 0.4705 0.0090 
     D237259  9 0.6726 0.0181 0.0550 0.0449 0.1007 0.0257 0.0706 0.0124 
     D237260  9 0.3505 0.0406 0.0800 0.1008 0.0310 0.2485 0.1294 0.0192 
     D237262  9 0.0907 0.0356 0.0562 0.0285 0.0159 0.1413 0.5971 0.0347 
     D237263  9 0.0760 0.0519 0.1406 0.3639 0.0159 0.0886 0.2277 0.0355 
     D237264  9 0.1769 0.0985 0.1003 0.0786 0.0400 0.2909 0.1663 0.0486 
     D237265  9 0.0704 0.0275 0.0288 0.0333 0.0140 0.2565 0.5488 0.0206 
     D237266  9 0.1227 0.0235 0.1668 0.0745 0.2994 0.2304 0.0659 0.0169 
     D237267  9 0.3015 0.0736 0.0607 0.0665 0.0515 0.2112 0.2252 0.0097 
     D237268  9 0.0282 0.0233 0.0288 0.0292 0.0223 0.0720 0.7675 0.0287 
     D237289  9 0.0721 0.0597 0.0278 0.0433 0.0566 0.2443 0.4390 0.0571 
     D237290  9 0.0684 0.0327 0.0509 0.0551 0.0756 0.2562 0.4368 0.0244 
     D237291  9 0.2621 0.0241 0.1210 0.3675 0.0491 0.1451 0.0147 0.0164 
     D237292  9 0.1809 0.0281 0.1834 0.0441 0.0130 0.2097 0.2986 0.0422 
     D237293  9 0.0765 0.0258 0.0285 0.0311 0.2370 0.2300 0.3433 0.0278 
     D237294  9 0.2437 0.0456 0.0678 0.3202 0.0227 0.0939 0.0400 0.1662 
     D237295  9 0.0809 0.3193 0.0704 0.0784 0.0886 0.0611 0.1905 0.1108 
     D237296  9 0.2576 0.0607 0.1296 0.2973 0.0681 0.0782 0.0263 0.0821 
     D237297  9 0.2384 0.0550 0.1775 0.1117 0.0660 0.2117 0.1150 0.0247 
     D237298  9 0.0609 0.0306 0.1558 0.4157 0.0766 0.0383 0.1357 0.0865 
     D237341  9 0.1734 0.0409 0.1745 0.3487 0.0499 0.0903 0.0652 0.0571 
     D237342  9 0.0320 0.0433 0.0285 0.0352 0.0156 0.0727 0.7627 0.0101 
     D237343  9 0.3575 0.0478 0.1073 0.1525 0.0593 0.1835 0.0471 0.0450 
     D237344  9 0.1121 0.0393 0.1455 0.0685 0.1625 0.3394 0.1079 0.0246 
     D237345  9 0.0758 0.0170 0.0429 0.0372 0.0201 0.0845 0.4224 0.3002 
     D237346  9 0.3754 0.0295 0.0645 0.1696 0.0807 0.1207 0.0800 0.0795 
     D237347  9 0.1506 0.1220 0.2089 0.2293 0.0494 0.1636 0.0325 0.0437 
     D237348  9 0.0341 0.0235 0.0946 0.0438 0.0789 0.3601 0.3222 0.0427 
     D237349  9 0.0985 0.0492 0.2912 0.3233 0.0318 0.1052 0.0174 0.0835 
     D244109  9 0.0933 0.0216 0.2847 0.0390 0.0229 0.4618 0.0535 0.0232 
     D244110  9 0.1792 0.0454 0.1726 0.0954 0.1031 0.2904 0.0643 0.0496 
     D244111  9 0.0848 0.0314 0.1875 0.2042 0.0481 0.3112 0.1032 0.0296 
     D244128  9 0.0530 0.0262 0.0244 0.0341 0.0135 0.0713 0.7618 0.0157 
     D244137  9 0.0672 0.2260 0.1806 0.2452 0.0236 0.0848 0.0367 0.1359 
     D244138  9 0.2046 0.0242 0.1905 0.2106 0.0228 0.1709 0.1398 0.0365 
        D580  9 0.1178 0.0134 0.0377 0.0431 0.0696 0.1208 0.2144 0.3832 
        D581  9 0.0477 0.0128 0.0197 0.0344 0.0176 0.2886 0.5384 0.0407 
        D582  9 0.0157 0.0113 0.0192 0.0216 0.0138 0.0704 0.8293 0.0185 
        D583  9 0.1648 0.0179 0.1641 0.3035 0.0839 0.1548 0.0478 0.0632 
        D584  9 0.1086 0.0255 0.1038 0.0427 0.0366 0.3664 0.2672 0.0493 
        D585  9 0.0674 0.0347 0.0473 0.0378 0.0288 0.0669 0.6981 0.0191 
        D586  9 0.3163 0.0457 0.2072 0.2153 0.0523 0.0968 0.0427 0.0237 
        D651  9 0.0321 0.0262 0.0307 0.0211 0.7057 0.0445 0.0210 0.1186 
        D652  9 0.0687 0.0715 0.2357 0.4432 0.0162 0.0824 0.0255 0.0569 
        D653  9 0.2094 0.0337 0.1546 0.1846 0.1890 0.0834 0.1073 0.0380 
        D654  9 0.2716 0.0325 0.1372 0.0894 0.1128 0.2097 0.0458 0.1010 
        D655  9 0.2807 0.0744 0.0584 0.1132 0.2775 0.0922 0.0769 0.0267 
        D656  9 0.0730 0.0214 0.5449 0.0499 0.0165 0.2275 0.0407 0.0262 
        D657  9 0.1055 0.0192 0.1699 0.0651 0.0296 0.4116 0.0959 0.1032 
        D667  9 0.0164 0.0168 0.0227 0.0148 0.8791 0.0221 0.0176 0.0105 
        D668  9 0.0807 0.0127 0.0456 0.0543 0.5207 0.0533 0.1228 0.1100 
        D669  9 0.0972 0.0205 0.0288 0.1169 0.0350 0.1675 0.4408 0.0934 
        D670  9 0.1671 0.0141 0.1417 0.0711 0.5251 0.0376 0.0244 0.0189 
        D671  9 0.2054 0.0663 0.1261 0.1501 0.0236 0.1797 0.1352 0.1137 
        D672  9 0.1169 0.0431 0.0376 0.0896 0.1180 0.0495 0.3477 0.1976 
        D673  9 0.0927 0.0228 0.0192 0.0461 0.5860 0.0376 0.0435 0.1521 
        D692  9 0.0899 0.0286 0.4565 0.0781 0.0175 0.1226 0.1827 0.0240 
        D693  9 0.0406 0.0229 0.0413 0.0311 0.6698 0.0653 0.0678 0.0612 
        D694  9 0.1645 0.0162 0.2229 0.0379 0.0161 0.2409 0.2652 0.0363 
        D695  9 0.1428 0.0765 0.0806 0.0816 0.2052 0.0645 0.1460 0.2028 
        D696  9 0.0344 0.5088 0.0435 0.0569 0.0377 0.2152 0.0465 0.0571 
        D697  9 0.0175 0.0162 0.0189 0.0217 0.8512 0.0198 0.0192 0.0355 
        D698  9 0.1662 0.0611 0.0674 0.0622 0.1497 0.2313 0.2166 0.0455 
        D699  9 0.0389 0.0194 0.0212 0.0275 0.5310 0.1975 0.1334 0.0311 
        D787  9 0.1537 0.0797 0.1423 0.2330 0.1415 0.1705 0.0501 0.0291 
        D788  9 0.0519 0.0198 0.0238 0.0316 0.5934 0.0854 0.1682 0.0259 
        D789  9 0.1405 0.0341 0.0645 0.0275 0.0396 0.2180 0.4492 0.0266 
        D790  9 0.0632 0.0149 0.0660 0.0604 0.6855 0.0501 0.0210 0.0389 
        D791  9 0.0618 0.0288 0.0470 0.0925 0.0187 0.2818 0.4520 0.0174 
        D792  9 0.1795 0.0586 0.3255 0.0997 0.1018 0.1691 0.0195 0.0462 
        D793  9 0.0222 0.0487 0.0295 0.0203 0.8411 0.0131 0.0121 0.0131 
        D794  9 0.1184 0.0715 0.1667 0.0852 0.3068 0.1351 0.0551 0.0612 
        D795  9 0.0629 0.0491 0.0308 0.0326 0.0253 0.0666 0.7170 0.0156 
        D796  9 0.0280 0.0125 0.0128 0.0279 0.8172 0.0184 0.0707 0.0125 
        D005 12 0.0666 0.0131 0.3563 0.0349 0.0159 0.4669 0.0272 0.0191 
        D035 12 0.0177 0.0146 0.0141 0.0164 0.9000 0.0136 0.0126 0.0111 
        D067 12 0.1211 0.0417 0.0890 0.0777 0.5200 0.0417 0.0821 0.0268 
        D134 12 0.4119 0.0366 0.1342 0.1279 0.0390 0.1128 0.1230 0.0146 
        D135 12 0.5782 0.0262 0.0469 0.0674 0.0646 0.0863 0.0936 0.0368 
        D136 12 0.1911 0.2442 0.1067 0.0683 0.1007 0.0953 0.0371 0.1566 
        D137 12 0.1035 0.0175 0.0380 0.0631 0.6056 0.0320 0.1094 0.0309 
        D138 12 0.1516 0.0499 0.1035 0.1366 0.3654 0.0827 0.0256 0.0846 
        D139 12 0.1757 0.0340 0.1542 0.3342 0.0302 0.1258 0.1193 0.0266 
        D140 12 0.0521 0.0291 0.0202 0.0210 0.8124 0.0205 0.0190 0.0257 
        D141 12 0.0512 0.0079 0.0439 0.0253 0.2081 0.0954 0.2732 0.2950 
        D150 12 0.2047 0.0255 0.1381 0.0546 0.0174 0.4677 0.0741 0.0178 
        D177 12 0.3126 0.0463 0.3098 0.0823 0.0935 0.0568 0.0868 0.0118 
        D178 12 0.1512 0.3066 0.0830 0.0608 0.0244 0.0950 0.0393 0.2397 
        D179 12 0.3040 0.0651 0.1500 0.1505 0.1236 0.0868 0.0363 0.0838 
        D180 12 0.0817 0.0142 0.0618 0.0336 0.4912 0.1670 0.1285 0.0219 
        D187 12 0.0274 0.0220 0.0203 0.0320 0.8305 0.0191 0.0335 0.0151 
        D188 12 0.0926 0.0160 0.2674 0.0523 0.0194 0.1787 0.2448 0.1287 
        D191 12 0.0688 0.0309 0.0509 0.2511 0.1703 0.0558 0.0382 0.3339 
        D418 12 0.1095 0.0181 0.0392 0.1615 0.0905 0.0502 0.0612 0.4697 
        D601 12 0.0858 0.0172 0.2011 0.0268 0.0373 0.2594 0.3551 0.0173 
        D836 12 0.0270 0.0110 0.0287 0.0328 0.2672 0.0538 0.5628 0.0168 
        D837 12 0.0537 0.1323 0.1948 0.4348 0.0301 0.0539 0.0566 0.0438 
        D838 12 0.0185 0.0244 0.0257 0.0435 0.8312 0.0219 0.0174 0.0174 
        D839 12 0.1866 0.0398 0.1216 0.1641 0.0431 0.1228 0.2246 0.0974 
        D840 12 0.0752 0.0187 0.2094 0.3789 0.1065 0.0512 0.0337 0.1265 
        D841 12 0.0159 0.0099 0.0117 0.0202 0.9044 0.0111 0.0123 0.0145 
        D842 12 0.1005 0.0139 0.1694 0.0896 0.0161 0.3403 0.0839 0.1862 
        D843 12 0.1967 0.0794 0.1139 0.1057 0.2529 0.0844 0.1504 0.0167 
        D844 12 0.0490 0.0233 0.0704 0.5376 0.0115 0.0298 0.0278 0.2506 
        D912 12 0.0433 0.1055 0.1530 0.4617 0.0270 0.0273 0.0144 0.1679 
        D913 12 0.3343 0.0424 0.1649 0.1240 0.2042 0.0931 0.0176 0.0195 
        D914 12 0.0897 0.0242 0.2060 0.4863 0.0582 0.0796 0.0240 0.0319 
        D922 12 0.0273 0.0176 0.0201 0.0255 0.8077 0.0212 0.0509 0.0297 
        D939 12 0.0426 0.0152 0.0514 0.0510 0.2155 0.1097 0.4721 0.0424 
        D944 12 0.5374 0.0230 0.1374 0.0937 0.0797 0.0614 0.0133 0.0541 
        D945 12 0.2287 0.0347 0.1374 0.1531 0.1216 0.1023 0.1925 0.0296 
        D985 12 0.1359 0.0445 0.1211 0.0284 0.1395 0.3268 0.0755 0.1283 
        D986 12 0.1638 0.0307 0.1868 0.4740 0.0135 0.0430 0.0651 0.0231 
        D987 12 0.0608 0.0480 0.1887 0.5308 0.0216 0.0689 0.0183 0.0629 
        D988 12 0.1903 0.0490 0.2010 0.2117 0.0409 0.1638 0.1093 0.0339 
        D996 12 0.1598 0.0188 0.1729 0.2377 0.2602 0.0990 0.0287 0.0229 
        D997 12 0.1038 0.0414 0.0593 0.0600 0.1100 0.0793 0.5228 0.0235 
        D998 12 0.4017 0.0592 0.0739 0.0595 0.1922 0.1329 0.0653 0.0153 
        D999 12 0.1545 0.0359 0.0774 0.1924 0.0530 0.1960 0.1645 0.1263 
