        D174  1 0.0760 0.1362 0.0506 0.1965 0.0804 0.0299 0.0512 0.2835 0.0390 0.0567 
        D199  1 0.0938 0.0948 0.0542 0.0631 0.1652 0.0619 0.1921 0.1859 0.0504 0.0385 
        D203  1 0.0934 0.1188 0.0451 0.1209 0.1261 0.0449 0.1161 0.2501 0.0283 0.0561 
        D204  1 0.0277 0.0439 0.0413 0.6683 0.0351 0.0240 0.0340 0.0274 0.0224 0.0757 
     D237366  1 0.0482 0.0320 0.1122 0.0218 0.0872 0.0277 0.0659 0.5193 0.0297 0.0560 
     D237367  1 0.0345 0.0855 0.0717 0.0274 0.1492 0.1924 0.1584 0.1753 0.0529 0.0528 
     D237368  1 0.0264 0.1313 0.0228 0.1812 0.0796 0.0454 0.0889 0.2543 0.0512 0.1190 
     D244101  1 0.0474 0.0898 0.2646 0.0421 0.1599 0.0197 0.2464 0.0436 0.0179 0.0687 
     D244102  1 0.0599 0.1659 0.3156 0.0642 0.1045 0.0832 0.0791 0.0456 0.0404 0.0417 
     D244103  1 0.0487 0.0328 0.0302 0.0287 0.1041 0.0520 0.4103 0.2320 0.0367 0.0245 
     D244104  1 0.0239 0.0191 0.0425 0.1669 0.0338 0.0393 0.0961 0.0250 0.5183 0.0352 
     D244105  1 0.0346 0.0318 0.0694 0.0190 0.2490 0.0214 0.0712 0.1351 0.1114 0.2570 
     D244106  1 0.1232 0.0455 0.1371 0.4825 0.0633 0.0112 0.0652 0.0306 0.0176 0.0238 
     D244107  1 0.0300 0.1747 0.0295 0.0139 0.1391 0.1993 0.1110 0.2483 0.0310 0.0233 
     D244108  1 0.0886 0.2219 0.0230 0.0508 0.0845 0.0193 0.0580 0.0268 0.0275 0.3996 
     D244113  1 0.1205 0.2833 0.0281 0.0629 0.1554 0.0285 0.1239 0.1033 0.0615 0.0327 
     D244114  1 0.0524 0.0380 0.2060 0.0336 0.2134 0.0158 0.2281 0.1398 0.0382 0.0347 
     D244115  1 0.0484 0.0559 0.1428 0.4806 0.0916 0.0312 0.0593 0.0185 0.0263 0.0455 
     D267365  1 0.0450 0.0853 0.3909 0.0573 0.0959 0.0553 0.0634 0.1503 0.0246 0.0321 
        D404  1 0.1771 0.1387 0.0218 0.3514 0.0629 0.0426 0.0886 0.0666 0.0289 0.0214 
        D405  1 0.1956 0.2001 0.1122 0.1573 0.0853 0.0515 0.0861 0.0582 0.0418 0.0118 
        D406  1 0.0085 0.0101 0.0102 0.0091 0.0103 0.0096 0.0085 0.0110 0.0085 0.9141 
        D407  1 0.0259 0.0181 0.0163 0.0706 0.0282 0.0124 0.5398 0.2501 0.0188 0.0198 
        D408  1 0.1029 0.0910 0.0427 0.2296 0.1045 0.0340 0.1611 0.0885 0.1270 0.0186 
        D409  1 0.0645 0.0582 0.0507 0.0566 0.1525 0.0336 0.3785 0.1119 0.0561 0.0375 
        D410  1 0.0174 0.6619 0.0216 0.0343 0.0910 0.0157 0.0371 0.0418 0.0182 0.0609 
        D421  1 0.0211 0.0151 0.0177 0.2959 0.0448 0.0129 0.4446 0.1037 0.0346 0.0096 
        D422  1 0.0679 0.0785 0.0336 0.0279 0.1084 0.0312 0.2899 0.2180 0.0145 0.1300 
        D423  1 0.0263 0.1846 0.0208 0.0123 0.0783 0.0415 0.3683 0.1807 0.0238 0.0633 
        D424  1 0.0140 0.0186 0.0404 0.6492 0.0847 0.0138 0.0913 0.0408 0.0232 0.0240 
        D425  1 0.0214 0.1500 0.0821 0.0424 0.2697 0.0205 0.2089 0.1040 0.0760 0.0250 
        D426  1 0.0494 0.0166 0.0399 0.0165 0.1197 0.0125 0.5069 0.1825 0.0406 0.0153 
        D427  1 0.0640 0.0270 0.0225 0.3518 0.0763 0.0165 0.2921 0.0471 0.0934 0.0094 
        D428  1 0.0336 0.0632 0.0678 0.3290 0.0966 0.0231 0.1963 0.0944 0.0403 0.0557 
        D429  1 0.0180 0.0208 0.2587 0.6009 0.0271 0.0110 0.0235 0.0128 0.0125 0.0146 
        D430  1 0.1159 0.0418 0.0705 0.3574 0.1514 0.0211 0.1193 0.0796 0.0283 0.0147 
        D491  1 0.0202 0.0389 0.0578 0.2340 0.0810 0.0433 0.2883 0.0321 0.0901 0.1143 
        D492  1 0.0346 0.0296 0.0550 0.4172 0.0454 0.0237 0.2048 0.0681 0.0154 0.1063 
        D537  1 0.0232 0.0769 0.0234 0.0505 0.0794 0.0267 0.2710 0.0755 0.0382 0.3352 
        D538  1 0.0425 0.2104 0.0211 0.1411 0.0783 0.1092 0.0871 0.1851 0.0369 0.0882 
        D539  1 0.1797 0.0771 0.1882 0.0920 0.1100 0.0618 0.0686 0.0262 0.0390 0.1573 
        D540  1 0.0199 0.2305 0.0424 0.0277 0.1878 0.0340 0.2225 0.1097 0.1120 0.0137 
        D541  1 0.0168 0.0188 0.0175 0.8054 0.0244 0.0176 0.0494 0.0178 0.0142 0.0180 
        D551  1 0.0460 0.0201 0.0964 0.0180 0.2203 0.0167 0.4051 0.1249 0.0213 0.0312 
        D552  1 0.0226 0.0204 0.1991 0.0553 0.0443 0.0214 0.0282 0.0168 0.0632 0.5287 
        D553  1 0.0189 0.0280 0.0574 0.2331 0.1021 0.0672 0.2952 0.0985 0.0832 0.0164 
        D615  1 0.0847 0.0479 0.0684 0.5558 0.0602 0.0493 0.0492 0.0253 0.0357 0.0235 
        D616  1 0.0649 0.0410 0.0509 0.3691 0.1090 0.0411 0.1898 0.0480 0.0310 0.0553 
        D621  1 0.0439 0.0258 0.0228 0.0220 0.0239 0.0261 0.0267 0.0180 0.0321 0.7587 
        D622  1 0.0120 0.0237 0.0290 0.0248 0.0219 0.0212 0.0170 0.0213 0.0259 0.8033 
        D623  1 0.0871 0.4911 0.0295 0.0543 0.1104 0.0227 0.0859 0.0609 0.0263 0.0318 
        D624  1 0.0756 0.0486 0.0261 0.4388 0.1494 0.0212 0.1193 0.0373 0.0595 0.0242 
        D625  1 0.0384 0.0233 0.0336 0.5442 0.0491 0.1118 0.0294 0.0271 0.0147 0.1284 
        D626  1 0.0201 0.0280 0.0323 0.0596 0.0479 0.0435 0.0710 0.0546 0.6203 0.0228 
        D627  1 0.0382 0.0246 0.0350 0.0744 0.1834 0.0380 0.3276 0.2099 0.0231 0.0458 
        D690  1 0.0120 0.0164 0.0196 0.8382 0.0154 0.0235 0.0219 0.0141 0.0228 0.0160 
        D691  1 0.0154 0.0153 0.0184 0.0251 0.0179 0.0156 0.0168 0.0228 0.0148 0.8378 
        D710  1 0.0210 0.0747 0.0412 0.0941 0.1027 0.0852 0.2593 0.1391 0.1556 0.0271 
        D711  1 0.0256 0.0298 0.0403 0.7872 0.0231 0.0150 0.0265 0.0227 0.0077 0.0221 
        D712  1 0.0389 0.0871 0.0904 0.0384 0.0891 0.0497 0.1281 0.2446 0.1570 0.0767 
        D713  1 0.0495 0.1056 0.0338 0.0593 0.1040 0.0196 0.3358 0.0737 0.0189 0.1999 
        D746  1 0.0186 0.0147 0.0212 0.0665 0.0157 0.0184 0.0222 0.0296 0.0247 0.7684 
        D747  1 0.0190 0.0234 0.0244 0.8272 0.0210 0.0179 0.0272 0.0138 0.0138 0.0122 
        D748  1 0.0189 0.0186 0.0208 0.0501 0.0220 0.0155 0.0170 0.0175 0.0248 0.7949 
        D749  1 0.0679 0.0728 0.0553 0.0349 0.2890 0.0231 0.1932 0.0684 0.0268 0.1686 
        D750  1 0.0234 0.0164 0.0242 0.8374 0.0201 0.0114 0.0206 0.0144 0.0140 0.0182 
        D763  1 0.0834 0.0323 0.1164 0.0308 0.0993 0.0478 0.0889 0.0608 0.2057 0.2346 
        D764  1 0.0099 0.0174 0.0130 0.8662 0.0175 0.0120 0.0209 0.0126 0.0141 0.0165 
        D765  1 0.0266 0.3399 0.0722 0.0180 0.2379 0.0291 0.0656 0.1054 0.0716 0.0338 
        D766  1 0.0172 0.0193 0.0280 0.0159 0.0270 0.0213 0.0396 0.0258 0.0405 0.7652 
        D767  1 0.0564 0.1387 0.0794 0.0788 0.1104 0.1991 0.0734 0.1322 0.0313 0.1002 
        D768  1 0.0263 0.0446 0.0478 0.1391 0.1566 0.0273 0.3128 0.1404 0.0424 0.0627 
        D811  1 0.0586 0.0682 0.0199 0.0333 0.0897 0.0430 0.1455 0.0309 0.4908 0.0203 
        D816  1 0.0119 0.0211 0.4801 0.3537 0.0215 0.0162 0.0273 0.0403 0.0118 0.0161 
        D825  1 0.0308 0.0645 0.2746 0.1867 0.1108 0.0914 0.1104 0.0335 0.0593 0.0381 
        D866  1 0.3916 0.2111 0.0539 0.0515 0.1124 0.0381 0.0398 0.0283 0.0511 0.0222 
        D867  1 0.0409 0.0692 0.0281 0.0158 0.1723 0.0216 0.0982 0.4181 0.0206 0.1151 
        D871  1 0.0438 0.0542 0.0309 0.2087 0.1180 0.0562 0.2794 0.1342 0.0239 0.0507 
        D872  1 0.0508 0.0683 0.0135 0.0217 0.0287 0.0413 0.0248 0.0352 0.0260 0.6897 
        D873  1 0.0260 0.7830 0.0130 0.0206 0.0445 0.0370 0.0379 0.0166 0.0108 0.0105 
        D874  1 0.0803 0.0620 0.4171 0.1242 0.0846 0.0138 0.0830 0.0551 0.0370 0.0429 
        D875  1 0.0268 0.0621 0.0253 0.0263 0.0925 0.0207 0.2262 0.1208 0.0106 0.3887 
        D876  1 0.0293 0.0255 0.0697 0.0575 0.0345 0.0269 0.0374 0.0369 0.0511 0.6313 
        D877  1 0.2111 0.1296 0.0560 0.2671 0.1705 0.0217 0.0580 0.0365 0.0225 0.0271 
        D892  1 0.0191 0.0182 0.0398 0.0741 0.0431 0.0218 0.0439 0.1120 0.0161 0.6120 
        D893  1 0.0265 0.1568 0.1792 0.0769 0.1643 0.0509 0.0545 0.1639 0.0449 0.0823 
        D894  1 0.0163 0.0137 0.0196 0.8795 0.0142 0.0108 0.0180 0.0108 0.0074 0.0097 
        D915  1 0.0335 0.1117 0.0837 0.0365 0.1009 0.0783 0.0581 0.1786 0.0315 0.2872 
        D916  1 0.0080 0.0088 0.0108 0.9156 0.0102 0.0084 0.0101 0.0091 0.0084 0.0106 
        D917  1 0.0496 0.1084 0.0334 0.0404 0.1659 0.1987 0.0978 0.2512 0.0386 0.0161 
        D925  1 0.0242 0.2941 0.1531 0.1243 0.1270 0.0821 0.0545 0.0427 0.0339 0.0642 
        D926  1 0.0133 0.0176 0.5588 0.2228 0.0596 0.0242 0.0360 0.0254 0.0186 0.0237 
        D927  1 0.0531 0.0349 0.4021 0.0521 0.1023 0.0302 0.0543 0.2123 0.0283 0.0304 
        D928  1 0.0188 0.0789 0.0223 0.4720 0.0458 0.0141 0.2030 0.0570 0.0603 0.0279 
        D929  1 0.0621 0.0626 0.0646 0.0381 0.0697 0.4197 0.0473 0.1662 0.0311 0.0385 
        D936  1 0.0183 0.0355 0.5823 0.2088 0.0431 0.0269 0.0266 0.0266 0.0147 0.0172 
        D938  1 0.0090 0.0097 0.0110 0.0103 0.0104 0.0135 0.0101 0.0102 0.0145 0.9014 
        D956  1 0.0643 0.0355 0.0227 0.7530 0.0219 0.0149 0.0457 0.0168 0.0159 0.0095 
        D957  1 0.0273 0.1227 0.0240 0.0254 0.0381 0.0448 0.0392 0.0305 0.0181 0.6300 
        D958  1 0.0099 0.0101 0.0117 0.0183 0.0104 0.0090 0.0111 0.0102 0.0120 0.8973 
        D959  1 0.0163 0.0110 0.0112 0.0375 0.0186 0.0109 0.5775 0.2924 0.0154 0.0091 
        D960  1 0.0301 0.2430 0.0227 0.0233 0.0528 0.0143 0.0353 0.0326 0.0089 0.5370 
        D989  1 0.0619 0.0466 0.0888 0.1092 0.1387 0.0153 0.1254 0.1757 0.1960 0.0424 
        D990  1 0.0224 0.5731 0.0277 0.0168 0.0989 0.1397 0.0224 0.0445 0.0177 0.0368 
        D211  3 0.0189 0.0135 0.0150 0.0256 0.0202 0.8316 0.0203 0.0236 0.0186 0.0128 
     D229639  3 0.1334 0.0572 0.1035 0.0798 0.1166 0.1005 0.1562 0.0352 0.2013 0.0163 
     D237212  3 0.2342 0.1465 0.0420 0.1192 0.0762 0.1916 0.0628 0.0582 0.0507 0.0187 
     D237213  3 0.2155 0.0930 0.0478 0.0112 0.0917 0.2607 0.0322 0.0513 0.1552 0.0412 
     D237214  3 0.0145 0.0140 0.0137 0.0154 0.0160 0.0125 0.0248 0.8606 0.0099 0.0187 
     D237215  3 0.3779 0.3785 0.0206 0.0142 0.0655 0.0205 0.0380 0.0340 0.0413 0.0097 
     D237216  3 0.0441 0.0548 0.0897 0.0212 0.3616 0.0569 0.1118 0.1137 0.1271 0.0190 
     D237217  3 0.0282 0.0261 0.0777 0.0139 0.1707 0.3983 0.0697 0.1008 0.0482 0.0663 
     D237218  3 0.0329 0.0140 0.6898 0.0303 0.0449 0.0458 0.0465 0.0219 0.0300 0.0438 
     D237219  3 0.0284 0.0680 0.0270 0.0160 0.0658 0.2001 0.0301 0.0248 0.4901 0.0498 
     D237382  3 0.1842 0.2445 0.0170 0.0757 0.0767 0.0586 0.0349 0.1321 0.0640 0.1122 
     D244127  3 0.0757 0.5163 0.0268 0.0112 0.1079 0.0806 0.0372 0.0483 0.0664 0.0296 
     D244129  3 0.0382 0.1099 0.0296 0.1108 0.1189 0.1841 0.0744 0.1882 0.0756 0.0703 
     D244133  3 0.0496 0.0303 0.0224 0.0511 0.0513 0.0185 0.0503 0.0309 0.6722 0.0234 
     D244134  3 0.0377 0.0363 0.0458 0.0166 0.0472 0.2327 0.0303 0.0265 0.4270 0.0999 
     D244135  3 0.0343 0.0332 0.0239 0.0226 0.0725 0.1653 0.0554 0.5443 0.0232 0.0254 
     D244136  3 0.0482 0.0717 0.0268 0.0854 0.1047 0.0206 0.1549 0.0857 0.3381 0.0638 
        D416  3 0.1446 0.0564 0.1110 0.0244 0.0938 0.0423 0.1388 0.0845 0.2915 0.0128 
        D417  3 0.0256 0.0585 0.2617 0.2270 0.1334 0.0284 0.0549 0.0261 0.0434 0.1411 
        D419  3 0.1092 0.1084 0.0330 0.0345 0.0730 0.1228 0.0667 0.0567 0.2170 0.1786 
        D565  3 0.0498 0.1925 0.0322 0.2139 0.0799 0.0202 0.1534 0.0525 0.1734 0.0321 
        D566  3 0.2496 0.0853 0.0404 0.1835 0.1179 0.0212 0.1766 0.0345 0.0779 0.0131 
        D567  3 0.0593 0.0541 0.1379 0.1908 0.0796 0.1984 0.1014 0.0411 0.0571 0.0802 
        D568  3 0.0628 0.0689 0.1524 0.0352 0.0875 0.1998 0.0487 0.0452 0.0919 0.2078 
        D569  3 0.0970 0.2144 0.0419 0.0252 0.1270 0.1393 0.0919 0.2222 0.0280 0.0131 
        D573  3 0.0570 0.1260 0.0675 0.2155 0.2260 0.0484 0.1655 0.0228 0.0604 0.0110 
        D574  3 0.0558 0.0758 0.0948 0.0449 0.1345 0.0520 0.2385 0.1784 0.0730 0.0523 
        D575  3 0.0125 0.0101 0.0097 0.0074 0.0169 0.0524 0.0155 0.0149 0.8466 0.0140 
        D576  3 0.3705 0.2168 0.0162 0.0091 0.0789 0.0327 0.0402 0.0778 0.1492 0.0085 
        D577  3 0.0306 0.0234 0.0708 0.0895 0.0938 0.2747 0.1291 0.0699 0.0686 0.1496 
        D578  3 0.0111 0.0126 0.0123 0.0069 0.0137 0.0119 0.0141 0.8853 0.0148 0.0172 
        D579  3 0.0671 0.0789 0.1935 0.3241 0.0804 0.0458 0.0704 0.0265 0.0750 0.0384 
        D660  3 0.2184 0.2404 0.0351 0.0183 0.1218 0.0920 0.0548 0.1450 0.0545 0.0197 
        D661  3 0.0652 0.0112 0.7910 0.0137 0.0256 0.0162 0.0179 0.0149 0.0164 0.0280 
        D663  3 0.1337 0.0611 0.0441 0.0212 0.3805 0.0418 0.2102 0.0714 0.0235 0.0125 
        D664  3 0.1173 0.2104 0.0244 0.0161 0.1002 0.1393 0.0504 0.1902 0.1092 0.0425 
        D665  3 0.0714 0.0490 0.0193 0.0128 0.0807 0.6279 0.0313 0.0327 0.0565 0.0185 
        D666  3 0.0228 0.0247 0.0140 0.0161 0.0233 0.0204 0.0330 0.0291 0.7884 0.0282 
        D502  6 0.4329 0.0589 0.0256 0.0119 0.0776 0.2716 0.0507 0.0216 0.0385 0.0106 
        D503  6 0.3612 0.0440 0.1891 0.0392 0.1344 0.0375 0.0735 0.0265 0.0435 0.0511 
        D504  6 0.0824 0.0597 0.3494 0.1476 0.1094 0.0160 0.1194 0.0438 0.0334 0.0388 
        D505  6 0.1883 0.1050 0.0372 0.1005 0.1219 0.0535 0.1457 0.1807 0.0518 0.0155 
        D506  6 0.0218 0.0228 0.0155 0.5630 0.0335 0.0124 0.2565 0.0410 0.0252 0.0082 
        D507  6 0.0745 0.1671 0.0894 0.0308 0.2533 0.0503 0.1868 0.0378 0.0738 0.0362 
        D508  6 0.1794 0.1496 0.2409 0.0328 0.1247 0.1136 0.0772 0.0366 0.0298 0.0155 
        D529  6 0.0472 0.0364 0.0624 0.0644 0.1038 0.0597 0.1551 0.3818 0.0495 0.0397 
        D530  6 0.5373 0.1234 0.0157 0.0149 0.0570 0.0885 0.0533 0.0421 0.0374 0.0304 
        D531  6 0.1475 0.0727 0.0831 0.2289 0.1439 0.0447 0.1353 0.0489 0.0663 0.0289 
        D532  6 0.0843 0.2809 0.0332 0.0547 0.1420 0.0181 0.2353 0.0960 0.0406 0.0149 
        D534  6 0.0325 0.1678 0.1604 0.0307 0.0929 0.0637 0.0639 0.0466 0.0237 0.3180 
        D535  6 0.0422 0.0709 0.0340 0.0625 0.1522 0.0515 0.3749 0.0767 0.1104 0.0248 
        D536  6 0.4893 0.0751 0.0364 0.0294 0.1006 0.0140 0.0779 0.1467 0.0190 0.0116 
        D554  6 0.1881 0.0945 0.0743 0.1542 0.1236 0.0402 0.1465 0.0860 0.0388 0.0540 
        D587  6 0.0311 0.1512 0.0692 0.2361 0.1545 0.0264 0.1363 0.0685 0.0570 0.0698 
        D588  6 0.0445 0.0712 0.0243 0.0345 0.3636 0.0366 0.3141 0.0608 0.0403 0.0101 
        D589  6 0.3200 0.0898 0.0699 0.0254 0.1957 0.0554 0.1301 0.0528 0.0417 0.0192 
        D590  6 0.1000 0.0903 0.0761 0.0715 0.1010 0.0146 0.4003 0.1027 0.0190 0.0244 
        D591  6 0.1211 0.0334 0.1249 0.0408 0.1877 0.0337 0.0625 0.0588 0.2689 0.0683 
        D592  6 0.0329 0.1343 0.0525 0.1543 0.0811 0.0903 0.0414 0.0402 0.0307 0.3423 
        D593  6 0.5933 0.0889 0.0094 0.0098 0.0216 0.1998 0.0198 0.0168 0.0265 0.0141 
        D682  6 0.0351 0.0296 0.0215 0.6126 0.0368 0.0106 0.1651 0.0259 0.0426 0.0200 
        D683  6 0.0469 0.0333 0.1343 0.2018 0.1426 0.2182 0.0761 0.0842 0.0304 0.0323 
        D684  6 0.1017 0.0767 0.1542 0.0613 0.2201 0.1699 0.0738 0.0981 0.0231 0.0211 
        D685  6 0.1647 0.0643 0.0640 0.0197 0.3491 0.0981 0.1068 0.0425 0.0708 0.0200 
        D686  6 0.1033 0.4729 0.0160 0.0260 0.1108 0.0118 0.1800 0.0504 0.0146 0.0143 
        D724  6 0.0400 0.0799 0.3446 0.0377 0.1185 0.1658 0.1103 0.0342 0.0320 0.0370 
        D725  6 0.2954 0.0678 0.0384 0.0129 0.1203 0.1384 0.1032 0.0505 0.0676 0.1054 
        D726  6 0.0275 0.0620 0.0515 0.4520 0.0554 0.0240 0.1698 0.0421 0.0541 0.0616 
        D727  6 0.0301 0.0218 0.0184 0.0280 0.0617 0.0232 0.5727 0.1972 0.0378 0.0090 
        D728  6 0.0976 0.1453 0.0264 0.1240 0.1402 0.0522 0.1564 0.0283 0.1959 0.0339 
        D729  6 0.0371 0.1180 0.0117 0.0232 0.0250 0.0206 0.5377 0.2059 0.0107 0.0100 
        D730  6 0.0242 0.0725 0.6745 0.0258 0.0625 0.0363 0.0277 0.0269 0.0307 0.0189 
        D731  6 0.4082 0.0886 0.0304 0.0506 0.0678 0.0216 0.0761 0.0689 0.1730 0.0148 
        D732  6 0.0653 0.0735 0.0791 0.0416 0.0935 0.3488 0.1611 0.0552 0.0469 0.0351 
        D733  6 0.0535 0.0733 0.3455 0.0266 0.0598 0.0575 0.0390 0.0827 0.0675 0.1946 
     D237251  7 0.0173 0.0212 0.7277 0.0167 0.0484 0.0203 0.0328 0.0422 0.0602 0.0133 
     D237252  7 0.4791 0.0528 0.0837 0.0178 0.0631 0.1049 0.0279 0.0453 0.0655 0.0600 
     D237253  7 0.1063 0.0652 0.1310 0.0615 0.2002 0.0208 0.2248 0.1063 0.0624 0.0215 
     D237254  7 0.0165 0.0109 0.0138 0.0097 0.0158 0.0152 0.0165 0.8628 0.0112 0.0274 
     D237255  7 0.1562 0.0708 0.1258 0.0301 0.1786 0.0248 0.0936 0.1419 0.1539 0.0244 
     D237256  7 0.1640 0.0852 0.0601 0.0175 0.3258 0.0481 0.1703 0.0629 0.0538 0.0123 
     D237257  7 0.0534 0.0691 0.0383 0.0275 0.2041 0.0722 0.1229 0.3690 0.0231 0.0202 
     D237282  7 0.0499 0.1247 0.0622 0.1087 0.0917 0.0258 0.1817 0.1657 0.0293 0.1602 
     D237283  7 0.1028 0.0195 0.0169 0.0093 0.0257 0.7251 0.0157 0.0138 0.0539 0.0173 
     D237284  7 0.0304 0.0316 0.0699 0.0471 0.1038 0.0572 0.0618 0.5424 0.0248 0.0311 
     D237285  7 0.3534 0.1265 0.0418 0.0169 0.0964 0.1172 0.1167 0.0818 0.0287 0.0206 
     D237286  7 0.0777 0.2638 0.0699 0.0801 0.1392 0.0236 0.1840 0.0892 0.0383 0.0342 
     D237287  7 0.0469 0.0843 0.0456 0.0318 0.1880 0.0473 0.2082 0.0303 0.2986 0.0190 
     D244006  7 0.0149 0.0158 0.0190 0.0137 0.0181 0.0154 0.0170 0.8574 0.0102 0.0185 
     D244007  7 0.0310 0.0659 0.1105 0.0220 0.0839 0.0165 0.3065 0.2189 0.0229 0.1219 
     D244008  7 0.0429 0.0153 0.0139 0.0125 0.0256 0.7011 0.0151 0.0177 0.1240 0.0319 
     D244009  7 0.0426 0.0295 0.1342 0.0292 0.0440 0.1097 0.0238 0.0198 0.0279 0.5393 
     D244010  7 0.1538 0.0481 0.0133 0.0455 0.0804 0.5068 0.0444 0.0507 0.0458 0.0113 
     D244011  7 0.1123 0.1101 0.2041 0.0328 0.2330 0.0867 0.1015 0.0670 0.0320 0.0204 
     D244012  7 0.3184 0.1263 0.0218 0.0517 0.0554 0.3104 0.0409 0.0362 0.0296 0.0093 
     D244013  7 0.1068 0.2244 0.2396 0.0342 0.1093 0.0686 0.0408 0.1168 0.0312 0.0283 
     D244014  7 0.0417 0.1240 0.1544 0.0134 0.1161 0.0908 0.1127 0.0360 0.2684 0.0424 
     D244015  7 0.0384 0.3358 0.0232 0.0327 0.1592 0.0622 0.0875 0.0614 0.1459 0.0536 
     D244125  7 0.1031 0.3014 0.0535 0.0680 0.1314 0.0238 0.0966 0.0270 0.1456 0.0496 
     D244126  7 0.0154 0.0150 0.0196 0.0170 0.0146 0.8732 0.0091 0.0095 0.0118 0.0146 
     D244130  7 0.0661 0.6761 0.0216 0.0187 0.0990 0.0294 0.0324 0.0243 0.0147 0.0177 
     D244131  7 0.0306 0.1088 0.3779 0.1575 0.0721 0.0466 0.0569 0.0744 0.0221 0.0530 
     D244132  7 0.0601 0.1764 0.1660 0.0302 0.1312 0.0262 0.1036 0.0275 0.1005 0.1784 
        D520  7 0.1662 0.0574 0.0306 0.0200 0.1630 0.3068 0.0988 0.0631 0.0639 0.0302 
        D521  7 0.2109 0.3156 0.0453 0.0293 0.1053 0.0912 0.0321 0.0950 0.0242 0.0512 
        D522  7 0.0198 0.0151 0.1979 0.0246 0.0409 0.0183 0.0256 0.0216 0.0527 0.5834 
        D523  7 0.0576 0.0235 0.6973 0.0194 0.0532 0.0174 0.0574 0.0197 0.0348 0.0196 
        D524  7 0.0412 0.0765 0.5367 0.0250 0.0815 0.0443 0.0441 0.0672 0.0516 0.0320 
        D525  7 0.1438 0.1612 0.0660 0.1570 0.1722 0.0447 0.0990 0.0658 0.0182 0.0720 
        D526  7 0.0195 0.0262 0.0284 0.0281 0.0472 0.0870 0.0504 0.5878 0.0668 0.0587 
        D527  7 0.0244 0.0185 0.7352 0.0646 0.0396 0.0263 0.0260 0.0178 0.0345 0.0132 
        D528  7 0.0137 0.0156 0.0106 0.0128 0.8379 0.0445 0.0221 0.0212 0.0094 0.0122 
        D558  7 0.0770 0.3262 0.1146 0.0408 0.0623 0.0746 0.0761 0.1128 0.0292 0.0866 
        D559  7 0.0366 0.1406 0.6123 0.0205 0.0548 0.0298 0.0292 0.0338 0.0174 0.0250 
        D640  7 0.0484 0.2183 0.1100 0.0237 0.1603 0.0304 0.0782 0.0377 0.2682 0.0248 
        D641  7 0.1064 0.1303 0.0402 0.0147 0.0998 0.1920 0.0706 0.0914 0.2340 0.0203 
        D642  7 0.0514 0.5787 0.0241 0.0211 0.0726 0.0227 0.0829 0.0790 0.0157 0.0520 
        D644  7 0.0432 0.1339 0.0988 0.0352 0.0967 0.3306 0.0885 0.0723 0.0591 0.0419 
        D645  7 0.1067 0.0487 0.1546 0.0389 0.1142 0.0480 0.1079 0.0291 0.3172 0.0347 
        D662  7 0.0124 0.4969 0.0562 0.0802 0.1066 0.0142 0.0557 0.0344 0.0356 0.1079 
        D687  7 0.0706 0.0306 0.6021 0.0442 0.0845 0.0344 0.0327 0.0220 0.0429 0.0359 
        D688  7 0.1165 0.2284 0.0496 0.0282 0.1350 0.1751 0.0821 0.1538 0.0159 0.0155 
        D689  7 0.0159 0.0166 0.0214 0.0219 0.0188 0.0190 0.0135 0.0107 0.8498 0.0125 
        D700  7 0.0108 0.0171 0.0158 0.0121 0.8588 0.0112 0.0352 0.0197 0.0099 0.0093 
        D797  7 0.0790 0.0373 0.3909 0.1584 0.0770 0.0385 0.0476 0.0273 0.0711 0.0729 
        D798  7 0.0433 0.4061 0.0173 0.0181 0.1496 0.0399 0.0538 0.0200 0.2208 0.0311 
        D799  7 0.0225 0.0404 0.6845 0.0201 0.0555 0.0546 0.0348 0.0422 0.0338 0.0116 
        D800  7 0.0648 0.0422 0.1898 0.3719 0.1052 0.0198 0.0977 0.0410 0.0364 0.0312 
        D201  9 0.0618 0.0195 0.6237 0.0245 0.0525 0.0247 0.0873 0.0217 0.0248 0.0594 
        D202  9 0.4323 0.2164 0.0815 0.0196 0.0588 0.1140 0.0299 0.0204 0.0188 0.0084 
     D237259  9 0.1120 0.0511 0.0254 0.0174 0.4983 0.0492 0.1325 0.0230 0.0792 0.0119 
     D237260  9 0.3606 0.0692 0.0488 0.0334 0.1882 0.0344 0.0515 0.1791 0.0221 0.0126 
     D237262  9 0.0178 0.0479 0.0185 0.0381 0.0508 0.6588 0.0215 0.1050 0.0115 0.0300 
     D237263  9 0.0649 0.0541 0.3254 0.0726 0.0645 0.2592 0.0444 0.0753 0.0153 0.0243 
     D237264  9 0.3110 0.0865 0.0424 0.0926 0.1483 0.0525 0.0664 0.1370 0.0256 0.0379 
     D237265  9 0.7934 0.0228 0.0331 0.0274 0.0263 0.0307 0.0188 0.0181 0.0140 0.0154 
     D237266  9 0.0779 0.4461 0.0197 0.0219 0.0689 0.0513 0.1126 0.0303 0.1607 0.0106 
     D237267  9 0.1218 0.0664 0.0178 0.0661 0.2913 0.1120 0.0882 0.1658 0.0626 0.0079 
     D237268  9 0.0265 0.0189 0.0291 0.0243 0.0217 0.7986 0.0202 0.0215 0.0165 0.0228 
     D237289  9 0.7396 0.0193 0.0308 0.0437 0.0321 0.0372 0.0198 0.0170 0.0344 0.0262 
     D237290  9 0.6722 0.0708 0.0302 0.0315 0.0367 0.0539 0.0225 0.0165 0.0520 0.0139 
     D237291  9 0.0988 0.1901 0.3873 0.0145 0.1259 0.0098 0.0745 0.0610 0.0280 0.0101 
     D237292  9 0.6414 0.0267 0.0200 0.0206 0.0592 0.0220 0.0833 0.0895 0.0099 0.0275 
     D237293  9 0.3895 0.1600 0.0318 0.0147 0.0578 0.1199 0.0270 0.0299 0.1493 0.0201 
     D237294  9 0.1849 0.0410 0.3892 0.0393 0.1135 0.0314 0.0588 0.0762 0.0210 0.0446 
     D237295  9 0.0621 0.0553 0.0574 0.3120 0.0683 0.1321 0.0736 0.0758 0.0841 0.0793 
     D237296  9 0.0633 0.0756 0.1638 0.0522 0.2340 0.0315 0.1090 0.1341 0.0714 0.0651 
     D237297  9 0.1611 0.2899 0.0386 0.0316 0.1814 0.0601 0.1251 0.0512 0.0369 0.0242 
     D237298  9 0.0478 0.0431 0.4941 0.0371 0.0744 0.1281 0.0357 0.0321 0.0609 0.0466 
     D237341  9 0.1249 0.0929 0.2787 0.0384 0.1854 0.0362 0.0661 0.0570 0.0563 0.0642 
     D237342  9 0.0436 0.0456 0.0241 0.0462 0.0349 0.7305 0.0274 0.0197 0.0177 0.0103 
     D237343  9 0.0458 0.2514 0.0885 0.0297 0.2049 0.0420 0.1137 0.1597 0.0381 0.0262 
     D237344  9 0.1538 0.3231 0.0224 0.0309 0.1296 0.0473 0.0758 0.0809 0.1132 0.0229 
     D237345  9 0.0572 0.0394 0.0695 0.0188 0.0652 0.3764 0.0335 0.0691 0.0158 0.2551 
     D237346  9 0.0791 0.1737 0.1094 0.0305 0.2654 0.0832 0.0806 0.0217 0.0845 0.0719 
     D237347  9 0.0366 0.1897 0.1466 0.0774 0.1472 0.0412 0.1551 0.1210 0.0607 0.0244 
     D237348  9 0.2754 0.2222 0.0348 0.0181 0.0591 0.2023 0.0438 0.0481 0.0529 0.0433 
     D237349  9 0.0754 0.1822 0.2978 0.0398 0.0812 0.0116 0.1587 0.0574 0.0259 0.0701 
     D244109  9 0.0899 0.0890 0.0237 0.0243 0.0655 0.0469 0.0584 0.5660 0.0179 0.0183 
     D244110  9 0.2531 0.0621 0.0446 0.0297 0.0921 0.0399 0.0827 0.2819 0.0791 0.0348 
     D244111  9 0.0926 0.3924 0.1573 0.0283 0.0849 0.0543 0.0517 0.0668 0.0462 0.0255 
     D244128  9 0.0556 0.0248 0.0404 0.0331 0.0463 0.7037 0.0251 0.0434 0.0148 0.0129 
     D244137  9 0.0479 0.0830 0.2392 0.2478 0.0874 0.0380 0.0695 0.0732 0.0273 0.0868 
     D244138  9 0.1088 0.1162 0.2434 0.0277 0.2006 0.0780 0.1333 0.0397 0.0233 0.0291 
        D580  9 0.0973 0.0965 0.0210 0.0143 0.1089 0.2357 0.0720 0.0296 0.0523 0.2723 
        D581  9 0.8479 0.0186 0.0216 0.0136 0.0191 0.0180 0.0121 0.0126 0.0119 0.0246 
        D582  9 0.0141 0.0161 0.0198 0.0137 0.0145 0.8551 0.0121 0.0219 0.0143 0.0184 
        D583  9 0.1981 0.0908 0.3346 0.0197 0.0962 0.0358 0.0873 0.0540 0.0599 0.0236 
        D584  9 0.2905 0.2413 0.0233 0.0260 0.0955 0.0559 0.1312 0.0366 0.0418 0.0580 
        D585  9 0.0427 0.0255 0.0284 0.0381 0.0471 0.7111 0.0418 0.0216 0.0228 0.0209 
        D586  9 0.1773 0.0864 0.1505 0.0318 0.3058 0.0174 0.1117 0.0480 0.0520 0.0192 
        D651  9 0.0139 0.0171 0.0162 0.0264 0.0252 0.0291 0.0426 0.0259 0.6676 0.1360 
        D652  9 0.0661 0.1046 0.4876 0.0597 0.0874 0.0261 0.0767 0.0429 0.0153 0.0337 
        D653  9 0.0447 0.0909 0.0992 0.0269 0.2486 0.1105 0.1446 0.0552 0.1442 0.0353 
        D654  9 0.0331 0.3295 0.0690 0.0393 0.1546 0.0888 0.0857 0.0824 0.0678 0.0498 
        D655  9 0.1014 0.1747 0.0651 0.0501 0.1777 0.0500 0.1041 0.0265 0.2280 0.0225 
        D656  9 0.0424 0.0513 0.0175 0.0171 0.0457 0.0669 0.4040 0.3088 0.0196 0.0267 
        D657  9 0.1141 0.2598 0.0549 0.0182 0.1258 0.0408 0.0554 0.2406 0.0338 0.0568 
        D667  9 0.0189 0.0158 0.0118 0.0130 0.0169 0.0144 0.0207 0.0261 0.8523 0.0101 
        D668  9 0.1497 0.1082 0.0297 0.0137 0.1053 0.1700 0.0528 0.0266 0.2127 0.1312 
        D669  9 0.6817 0.0222 0.0912 0.0226 0.0349 0.0306 0.0261 0.0187 0.0319 0.0401 
        D670  9 0.0223 0.0339 0.0141 0.0138 0.0990 0.0211 0.3487 0.0437 0.3807 0.0228 
        D671  9 0.3997 0.0887 0.1230 0.0459 0.1151 0.0194 0.0487 0.0443 0.0169 0.0984 
        D672  9 0.0550 0.0460 0.1305 0.0518 0.1077 0.3611 0.0537 0.0223 0.0728 0.0991 
        D673  9 0.0367 0.0663 0.0507 0.0214 0.1025 0.0837 0.0407 0.0208 0.4524 0.1247 
        D692  9 0.0646 0.0528 0.0136 0.0171 0.0515 0.1487 0.4186 0.1981 0.0195 0.0155 
        D693  9 0.0601 0.0607 0.0244 0.0179 0.0544 0.0784 0.0515 0.0367 0.5604 0.0555 
        D694  9 0.1140 0.0769 0.0331 0.0200 0.1132 0.2100 0.0595 0.3232 0.0180 0.0321 
        D695  9 0.0523 0.1024 0.0522 0.0832 0.0938 0.1772 0.0807 0.0295 0.1755 0.1532 
        D696  9 0.1081 0.2048 0.0328 0.3054 0.0613 0.0226 0.0766 0.0725 0.0616 0.0543 
        D697  9 0.0187 0.0160 0.0253 0.0157 0.0254 0.0154 0.0210 0.0132 0.8087 0.0407 
        D698  9 0.2688 0.1138 0.0230 0.0475 0.1511 0.0757 0.0952 0.0358 0.1495 0.0397 
        D699  9 0.1881 0.1277 0.0180 0.0185 0.0526 0.0594 0.0386 0.0232 0.4500 0.0237 
        D787  9 0.0410 0.3906 0.1242 0.0816 0.0840 0.0471 0.0978 0.0338 0.0842 0.0156 
        D788  9 0.1338 0.1150 0.0271 0.0207 0.0721 0.1023 0.0328 0.0213 0.4564 0.0186 
        D789  9 0.2082 0.1950 0.0270 0.0340 0.1144 0.1695 0.0548 0.1305 0.0450 0.0216 
        D790  9 0.0317 0.0773 0.0500 0.0184 0.0548 0.0285 0.0766 0.0285 0.6003 0.0339 
        D791  9 0.5720 0.0606 0.0789 0.0239 0.0637 0.0881 0.0331 0.0515 0.0187 0.0096 
        D792  9 0.0322 0.0742 0.0815 0.0847 0.1316 0.0176 0.1591 0.2538 0.1337 0.0316 
        D793  9 0.0148 0.0144 0.0147 0.0410 0.0207 0.0149 0.0557 0.0146 0.7959 0.0132 
        D794  9 0.0540 0.0901 0.0455 0.0533 0.0820 0.0421 0.1024 0.1695 0.3077 0.0535 
        D795  9 0.0549 0.1110 0.0305 0.0465 0.0455 0.6365 0.0261 0.0158 0.0217 0.0114 
        D796  9 0.0912 0.0256 0.0260 0.0121 0.0360 0.0680 0.0232 0.0126 0.6919 0.0135 
        D005 12 0.0170 0.0227 0.0132 0.0136 0.0374 0.0221 0.0265 0.8207 0.0127 0.0143 
        D035 12 0.0118 0.0143 0.0157 0.0149 0.0230 0.0134 0.0136 0.0114 0.8697 0.0122 
        D067 12 0.0850 0.0515 0.0648 0.0386 0.1106 0.0804 0.1364 0.0248 0.3881 0.0198 
        D134 12 0.0836 0.0649 0.0947 0.0350 0.3226 0.1080 0.1739 0.0714 0.0334 0.0126 
        D135 12 0.1023 0.1160 0.0360 0.0205 0.4824 0.0598 0.0663 0.0408 0.0466 0.0291 
        D136 12 0.0325 0.1135 0.0269 0.1968 0.1387 0.0432 0.1173 0.1130 0.0824 0.1357 
        D137 12 0.2403 0.0544 0.0446 0.0135 0.1442 0.0507 0.0968 0.0312 0.2886 0.0358 
        D138 12 0.1133 0.0703 0.1190 0.0507 0.1358 0.0316 0.2291 0.0435 0.1554 0.0514 
        D139 12 0.1248 0.1381 0.1496 0.0358 0.1493 0.0739 0.1779 0.0936 0.0316 0.0254 
        D140 12 0.0187 0.0288 0.0153 0.0293 0.0321 0.0138 0.0286 0.0148 0.7899 0.0287 
        D141 12 0.0185 0.0398 0.0190 0.0105 0.0424 0.4299 0.0228 0.0258 0.1258 0.2654 
        D150 12 0.0624 0.6294 0.0198 0.0251 0.1001 0.0199 0.0546 0.0584 0.0189 0.0115 
        D177 12 0.0858 0.0635 0.0289 0.0276 0.2198 0.0745 0.3440 0.0828 0.0630 0.0102 
        D178 12 0.0334 0.0983 0.0769 0.3030 0.1446 0.0362 0.1002 0.0746 0.0253 0.1075 
        D179 12 0.0515 0.0489 0.0769 0.0368 0.2798 0.0258 0.2350 0.1056 0.0744 0.0653 
        D180 12 0.0329 0.0326 0.0263 0.0136 0.1055 0.2806 0.0662 0.0818 0.3415 0.0192 
        D187 12 0.0243 0.0199 0.0273 0.0181 0.0345 0.0349 0.0265 0.0162 0.7858 0.0125 
        D188 12 0.0386 0.0387 0.0357 0.0156 0.0740 0.2347 0.1234 0.3038 0.0215 0.1140 
        D191 12 0.0563 0.0380 0.3354 0.0209 0.0571 0.0427 0.0416 0.0640 0.1250 0.2190 
        D418 12 0.0819 0.0619 0.1747 0.0150 0.1012 0.0533 0.0571 0.0410 0.0875 0.3262 
        D601 12 0.0323 0.0270 0.0215 0.0204 0.0673 0.4570 0.0478 0.2796 0.0334 0.0137 
        D836 12 0.0214 0.0147 0.0281 0.0114 0.0248 0.6129 0.0149 0.0369 0.2212 0.0137 
        D837 12 0.0771 0.1296 0.3887 0.1280 0.0729 0.0368 0.0484 0.0276 0.0289 0.0619 
        D838 12 0.0302 0.0448 0.0690 0.0279 0.0365 0.0151 0.0341 0.0151 0.7127 0.0145 
        D839 12 0.3869 0.0252 0.1425 0.0376 0.1077 0.0480 0.0994 0.0675 0.0323 0.0527 
        D840 12 0.0313 0.0874 0.2830 0.0228 0.1205 0.0492 0.1006 0.0713 0.1221 0.1117 
        D841 12 0.0159 0.0127 0.0317 0.0097 0.0194 0.0121 0.0152 0.0126 0.8597 0.0108 
        D842 12 0.0514 0.6083 0.0723 0.0180 0.0344 0.0277 0.0248 0.0299 0.0098 0.1234 
        D843 12 0.0844 0.0622 0.0645 0.0787 0.1333 0.1248 0.1741 0.0638 0.1950 0.0190 
        D844 12 0.0481 0.0137 0.7189 0.0362 0.0358 0.0203 0.0339 0.0528 0.0102 0.0301 
        D912 12 0.0482 0.0615 0.4321 0.0988 0.0496 0.0159 0.0943 0.0677 0.0313 0.1005 
        D913 12 0.1893 0.0483 0.0728 0.0416 0.1996 0.0139 0.1846 0.0648 0.1670 0.0181 
        D914 12 0.0242 0.0978 0.3556 0.0194 0.1552 0.0371 0.1103 0.1027 0.0761 0.0215 
        D922 12 0.0222 0.0182 0.0278 0.0202 0.0244 0.0778 0.0189 0.0178 0.7500 0.0226 
        D939 12 0.0219 0.0223 0.0339 0.0134 0.0280 0.6551 0.0229 0.0538 0.1143 0.0344 
        D944 12 0.1621 0.0249 0.0405 0.0258 0.3072 0.0097 0.1996 0.0698 0.0982 0.0624 
        D945 12 0.0560 0.1314 0.1120 0.0320 0.1767 0.1607 0.1448 0.0566 0.1059 0.0239 
        D985 12 0.0660 0.1824 0.0136 0.0356 0.1786 0.0523 0.0673 0.2415 0.0794 0.0834 
        D986 12 0.0476 0.0480 0.4692 0.0434 0.1701 0.0689 0.0520 0.0746 0.0136 0.0127 
        D987 12 0.0274 0.0884 0.4695 0.0377 0.0975 0.0218 0.0426 0.1241 0.0230 0.0680 
        D988 12 0.0840 0.1053 0.1087 0.0386 0.1807 0.1268 0.0997 0.1879 0.0425 0.0258 
        D996 12 0.0289 0.0857 0.1594 0.0224 0.2012 0.0222 0.1151 0.1464 0.1977 0.0211 
        D997 12 0.0409 0.0337 0.0540 0.0308 0.0832 0.5371 0.0398 0.0681 0.0892 0.0233 
        D998 12 0.1564 0.0610 0.0369 0.0546 0.3389 0.0344 0.1079 0.0401 0.1541 0.0157 
        D999 12 0.6116 0.0663 0.0897 0.0226 0.0559 0.0245 0.0441 0.0206 0.0240 0.0405 
