        D174  1 0.0532 0.0702 0.0295 0.0952 0.0665 0.3906 0.0349 0.1184 0.0355 0.0280 0.0779 
        D199  1 0.0266 0.0518 0.0344 0.1789 0.1585 0.1134 0.1081 0.1160 0.0377 0.0465 0.1280 
        D203  1 0.0507 0.1160 0.0266 0.1320 0.0935 0.1049 0.1119 0.1658 0.0372 0.0301 0.1311 
        D204  1 0.0585 0.6719 0.0210 0.0280 0.0324 0.0421 0.0301 0.0299 0.0463 0.0174 0.0224 
     D237366  1 0.0595 0.0190 0.0304 0.0773 0.0745 0.0482 0.0382 0.3473 0.0954 0.0262 0.1841 
     D237367  1 0.0520 0.0206 0.0581 0.1219 0.0991 0.0396 0.0928 0.0952 0.0551 0.1745 0.1909 
     D237368  1 0.1243 0.1471 0.0362 0.1007 0.1149 0.1033 0.0453 0.1695 0.0193 0.0312 0.1082 
     D244101  1 0.0729 0.0478 0.0203 0.1537 0.1892 0.0718 0.0517 0.0629 0.2214 0.0135 0.0948 
     D244102  1 0.0388 0.0573 0.0440 0.0735 0.0951 0.0803 0.0429 0.0629 0.3601 0.0765 0.0685 
     D244103  1 0.0291 0.0243 0.0411 0.1630 0.1351 0.0470 0.1326 0.1203 0.0432 0.0554 0.2088 
     D244104  1 0.0301 0.2290 0.4874 0.0477 0.0292 0.0200 0.0433 0.0209 0.0334 0.0317 0.0273 
     D244105  1 0.2320 0.0114 0.0968 0.1781 0.1578 0.0262 0.0417 0.0674 0.0496 0.0253 0.1136 
     D244106  1 0.0189 0.3022 0.0154 0.0770 0.0973 0.1857 0.0748 0.0370 0.1333 0.0098 0.0487 
     D244107  1 0.0151 0.0136 0.0211 0.1239 0.0996 0.0254 0.0740 0.1687 0.0306 0.1762 0.2517 
     D244108  1 0.3382 0.0325 0.0268 0.0678 0.0633 0.2322 0.0680 0.0659 0.0256 0.0154 0.0642 
     D244113  1 0.0305 0.0176 0.0306 0.0942 0.0874 0.4826 0.0635 0.0762 0.0190 0.0190 0.0793 
     D244114  1 0.0292 0.0208 0.0259 0.1789 0.2472 0.0676 0.0478 0.0846 0.1619 0.0130 0.1230 
     D244115  1 0.0422 0.3731 0.0221 0.1097 0.1146 0.0669 0.0553 0.0319 0.0849 0.0270 0.0724 
     D267365  1 0.0376 0.0524 0.0300 0.0880 0.0830 0.0983 0.0526 0.0945 0.3526 0.0384 0.0725 
        D404  1 0.0204 0.1073 0.0269 0.0622 0.0637 0.4904 0.0896 0.0348 0.0262 0.0320 0.0464 
        D405  1 0.0127 0.1189 0.0409 0.0695 0.0737 0.2145 0.1716 0.0801 0.0952 0.0495 0.0734 
        D406  1 0.9014 0.0092 0.0088 0.0099 0.0103 0.0093 0.0090 0.0111 0.0126 0.0085 0.0099 
        D407  1 0.0211 0.0932 0.0185 0.0355 0.0339 0.0194 0.2591 0.1035 0.0125 0.0137 0.3897 
        D408  1 0.0160 0.0995 0.0805 0.0833 0.1018 0.3602 0.0792 0.0607 0.0323 0.0223 0.0643 
        D409  1 0.0477 0.0704 0.0562 0.1354 0.1851 0.0625 0.1263 0.0962 0.0539 0.0250 0.1414 
        D410  1 0.0624 0.0365 0.0225 0.1346 0.1512 0.0518 0.0570 0.3155 0.0198 0.0180 0.1306 
        D421  1 0.0098 0.3794 0.0270 0.0275 0.0234 0.0192 0.2207 0.0555 0.0144 0.0121 0.2110 
        D422  1 0.1100 0.0277 0.0143 0.0933 0.1043 0.0259 0.1619 0.1246 0.0360 0.0260 0.2760 
        D423  1 0.0515 0.0114 0.0222 0.0472 0.0456 0.0264 0.2319 0.1449 0.0152 0.0418 0.3619 
        D424  1 0.0227 0.5218 0.0196 0.1045 0.0985 0.0427 0.0449 0.0279 0.0424 0.0144 0.0607 
        D425  1 0.0246 0.0441 0.0772 0.1649 0.1904 0.0903 0.0522 0.1455 0.0555 0.0191 0.1364 
        D426  1 0.0199 0.0164 0.0392 0.1974 0.1930 0.0368 0.1338 0.0906 0.0454 0.0101 0.2176 
        D427  1 0.0087 0.4192 0.0887 0.0677 0.0653 0.0309 0.1293 0.0461 0.0164 0.0123 0.1153 
        D428  1 0.0410 0.1891 0.0359 0.1126 0.1171 0.1367 0.1046 0.0738 0.0563 0.0196 0.1134 
        D429  1 0.0191 0.5616 0.0135 0.0205 0.0243 0.0290 0.0187 0.0155 0.2701 0.0118 0.0160 
        D430  1 0.0130 0.2427 0.0290 0.1838 0.1404 0.1111 0.0785 0.0401 0.0444 0.0176 0.0995 
        D491  1 0.1319 0.1232 0.0922 0.0473 0.0694 0.2171 0.1062 0.0315 0.0375 0.0488 0.0950 
        D492  1 0.1012 0.3141 0.0152 0.0485 0.0439 0.0701 0.1524 0.0356 0.0413 0.0178 0.1599 
        D537  1 0.3344 0.0703 0.0345 0.0565 0.0786 0.0361 0.1202 0.0697 0.0283 0.0202 0.1512 
        D538  1 0.0911 0.0654 0.0249 0.1288 0.1384 0.1711 0.0562 0.1344 0.0177 0.0822 0.0898 
        D539  1 0.1393 0.0566 0.0418 0.1032 0.1154 0.0866 0.1179 0.0330 0.1978 0.0589 0.0495 
        D540  1 0.0150 0.0265 0.0947 0.1644 0.1332 0.0385 0.0717 0.2187 0.0348 0.0359 0.1666 
        D541  1 0.0137 0.8122 0.0121 0.0176 0.0192 0.0133 0.0436 0.0139 0.0113 0.0172 0.0260 
        D551  1 0.0308 0.0133 0.0167 0.2998 0.2442 0.0232 0.1050 0.0641 0.0713 0.0137 0.1180 
        D552  1 0.5723 0.0439 0.0523 0.0382 0.0295 0.0360 0.0257 0.0232 0.1210 0.0264 0.0314 
        D553  1 0.0139 0.2995 0.0759 0.0684 0.0707 0.0354 0.1211 0.0668 0.0414 0.0697 0.1372 
        D615  1 0.0219 0.5117 0.0347 0.0655 0.0651 0.0541 0.0758 0.0263 0.0599 0.0465 0.0387 
        D616  1 0.0304 0.4457 0.0231 0.1053 0.0735 0.0353 0.0863 0.0393 0.0467 0.0299 0.0845 
        D621  1 0.7411 0.0158 0.0349 0.0247 0.0227 0.0460 0.0272 0.0203 0.0237 0.0235 0.0202 
        D622  1 0.7973 0.0155 0.0220 0.0256 0.0227 0.0180 0.0124 0.0209 0.0226 0.0204 0.0225 
        D623  1 0.0328 0.0231 0.0238 0.1066 0.1013 0.3539 0.0683 0.1348 0.0269 0.0234 0.1051 
        D624  1 0.0222 0.2842 0.0684 0.1663 0.1323 0.1358 0.0490 0.0220 0.0195 0.0234 0.0769 
        D625  1 0.0993 0.5819 0.0147 0.0375 0.0447 0.0217 0.0291 0.0178 0.0255 0.1023 0.0255 
        D626  1 0.0237 0.0506 0.5545 0.0480 0.0544 0.0338 0.0459 0.0382 0.0417 0.0576 0.0516 
        D627  1 0.0530 0.0656 0.0196 0.2024 0.1675 0.0453 0.0787 0.1247 0.0307 0.0358 0.1769 
        D690  1 0.0177 0.8214 0.0211 0.0168 0.0185 0.0193 0.0127 0.0133 0.0180 0.0258 0.0154 
        D691  1 0.8009 0.0331 0.0151 0.0235 0.0194 0.0135 0.0208 0.0212 0.0158 0.0172 0.0195 
        D710  1 0.0240 0.0916 0.1295 0.1194 0.1297 0.0870 0.0604 0.1114 0.0356 0.0645 0.1471 
        D711  1 0.0262 0.7648 0.0085 0.0228 0.0213 0.0267 0.0260 0.0217 0.0365 0.0210 0.0245 
        D712  1 0.0868 0.0176 0.1544 0.0462 0.0571 0.2643 0.0621 0.1136 0.0856 0.0509 0.0614 
        D713  1 0.2218 0.0444 0.0182 0.1356 0.1159 0.1181 0.1056 0.0912 0.0267 0.0155 0.1070 
        D746  1 0.7490 0.0710 0.0291 0.0194 0.0188 0.0134 0.0224 0.0228 0.0206 0.0149 0.0186 
        D747  1 0.0108 0.8269 0.0126 0.0145 0.0192 0.0161 0.0294 0.0174 0.0193 0.0135 0.0202 
        D748  1 0.7613 0.0459 0.0314 0.0226 0.0247 0.0177 0.0181 0.0208 0.0189 0.0181 0.0205 
        D749  1 0.1482 0.0319 0.0259 0.2340 0.2336 0.0391 0.0664 0.0409 0.0393 0.0183 0.1223 
        D750  1 0.0208 0.7107 0.0209 0.0268 0.0275 0.0895 0.0264 0.0199 0.0221 0.0119 0.0235 
        D763  1 0.1898 0.0333 0.1840 0.1077 0.1157 0.0303 0.0727 0.0541 0.1061 0.0419 0.0645 
        D764  1 0.0168 0.7880 0.0162 0.0188 0.0247 0.0612 0.0165 0.0137 0.0116 0.0128 0.0196 
        D765  1 0.0399 0.0112 0.0553 0.1669 0.2287 0.0427 0.0315 0.2178 0.0519 0.0242 0.1300 
        D766  1 0.7584 0.0124 0.0387 0.0229 0.0223 0.0152 0.0275 0.0247 0.0217 0.0273 0.0290 
        D767  1 0.0637 0.0695 0.0250 0.1217 0.1161 0.0789 0.0590 0.1259 0.0882 0.1609 0.0912 
        D768  1 0.0542 0.1775 0.0381 0.1454 0.1370 0.0295 0.1153 0.0754 0.0381 0.0235 0.1659 
        D811  1 0.0180 0.0172 0.4223 0.1051 0.0821 0.1276 0.0627 0.0420 0.0156 0.0394 0.0681 
        D816  1 0.0139 0.3797 0.0114 0.0298 0.0272 0.0239 0.0242 0.0340 0.4138 0.0148 0.0272 
        D825  1 0.0342 0.1454 0.0479 0.1073 0.0813 0.1054 0.0422 0.0409 0.2602 0.0742 0.0611 
        D866  1 0.0189 0.0489 0.0482 0.1031 0.0871 0.1869 0.3088 0.0648 0.0412 0.0313 0.0609 
        D867  1 0.1092 0.0165 0.0177 0.0951 0.0999 0.0346 0.0440 0.3073 0.0333 0.0136 0.2288 
        D871  1 0.0643 0.1321 0.0277 0.1471 0.1192 0.0984 0.0712 0.1196 0.0368 0.0469 0.1366 
        D872  1 0.6522 0.0320 0.0296 0.0409 0.0378 0.0551 0.0282 0.0323 0.0142 0.0463 0.0313 
        D873  1 0.0112 0.0145 0.0121 0.0817 0.0757 0.1278 0.1537 0.3254 0.0150 0.0555 0.1275 
        D874  1 0.0390 0.0883 0.0339 0.0711 0.0760 0.1946 0.0505 0.0523 0.3280 0.0130 0.0533 
        D875  1 0.4328 0.0261 0.0112 0.0876 0.0980 0.0335 0.0591 0.1019 0.0316 0.0253 0.0929 
        D876  1 0.6357 0.0364 0.0546 0.0379 0.0387 0.0438 0.0207 0.0329 0.0397 0.0292 0.0304 
        D877  1 0.0251 0.0737 0.0193 0.1325 0.1066 0.3847 0.0862 0.0285 0.0551 0.0229 0.0655 
        D892  1 0.6320 0.0511 0.0160 0.0316 0.0338 0.0533 0.0220 0.0511 0.0427 0.0262 0.0402 
        D893  1 0.0893 0.0917 0.0467 0.0998 0.0876 0.0884 0.0332 0.1850 0.1441 0.0438 0.0904 
        D894  1 0.0097 0.8700 0.0077 0.0144 0.0146 0.0134 0.0139 0.0139 0.0170 0.0138 0.0116 
        D915  1 0.3081 0.0407 0.0326 0.0561 0.0539 0.0724 0.0542 0.1808 0.0721 0.0654 0.0638 
        D916  1 0.0100 0.9126 0.0074 0.0083 0.0098 0.0082 0.0106 0.0077 0.0086 0.0083 0.0085 
        D917  1 0.0162 0.0323 0.0440 0.1202 0.1114 0.1152 0.0784 0.1296 0.0315 0.1975 0.1237 
        D925  1 0.0622 0.1108 0.0484 0.0923 0.0896 0.0691 0.0874 0.1217 0.1470 0.1079 0.0636 
        D926  1 0.0205 0.1539 0.0141 0.0698 0.0634 0.0209 0.0231 0.0235 0.5498 0.0294 0.0318 
        D927  1 0.0280 0.0568 0.0245 0.0547 0.0647 0.0405 0.0403 0.1624 0.4360 0.0385 0.0537 
        D928  1 0.0265 0.2012 0.0443 0.0562 0.0869 0.3486 0.0995 0.0513 0.0207 0.0117 0.0531 
        D929  1 0.0401 0.0293 0.0260 0.0765 0.0590 0.1429 0.0464 0.1158 0.0540 0.3253 0.0847 
        D936  1 0.0148 0.1704 0.0138 0.0314 0.0277 0.0170 0.0177 0.0257 0.6378 0.0167 0.0271 
        D938  1 0.8932 0.0088 0.0174 0.0120 0.0093 0.0097 0.0083 0.0089 0.0113 0.0115 0.0098 
        D956  1 0.0110 0.5028 0.0162 0.0375 0.0564 0.2364 0.0448 0.0232 0.0256 0.0167 0.0294 
        D957  1 0.6076 0.0336 0.0145 0.0463 0.0433 0.0761 0.0413 0.0457 0.0228 0.0393 0.0294 
        D958  1 0.8924 0.0154 0.0119 0.0102 0.0108 0.0134 0.0081 0.0086 0.0103 0.0093 0.0096 
        D959  1 0.0110 0.0428 0.0160 0.0326 0.0247 0.0173 0.2749 0.1124 0.0103 0.0092 0.4489 
        D960  1 0.5398 0.0184 0.0079 0.0729 0.0657 0.0536 0.0619 0.0954 0.0235 0.0125 0.0483 
        D989  1 0.0320 0.0874 0.1654 0.1321 0.1173 0.1519 0.0506 0.1072 0.0537 0.0141 0.0883 
        D990  1 0.0382 0.0132 0.0207 0.1475 0.1637 0.0615 0.0606 0.2657 0.0214 0.1116 0.0961 
        D211  3 0.0137 0.0207 0.0205 0.0198 0.0208 0.0144 0.0259 0.0208 0.0145 0.8073 0.0216 
     D229639  3 0.0126 0.0656 0.1868 0.1620 0.1394 0.0797 0.0815 0.0340 0.0866 0.0690 0.0827 
     D237212  3 0.0191 0.1234 0.0563 0.0841 0.1090 0.0799 0.2117 0.0837 0.0489 0.1110 0.0731 
     D237213  3 0.0429 0.0130 0.1681 0.0747 0.0751 0.0814 0.1244 0.0725 0.0561 0.2430 0.0488 
     D237214  3 0.0221 0.0135 0.0098 0.0214 0.0251 0.0189 0.0202 0.5501 0.0116 0.0119 0.2954 
     D237215  3 0.0096 0.0106 0.0268 0.0532 0.0571 0.4401 0.1283 0.2108 0.0138 0.0120 0.0378 
     D237216  3 0.0179 0.0177 0.0987 0.1651 0.2896 0.0549 0.0497 0.0728 0.0757 0.0424 0.1155 
     D237217  3 0.0527 0.0144 0.0560 0.1221 0.1418 0.0154 0.0437 0.0564 0.0628 0.3340 0.1007 
     D237218  3 0.0478 0.0359 0.0362 0.0562 0.0675 0.0339 0.0318 0.0207 0.6010 0.0367 0.0324 
     D237219  3 0.0495 0.0191 0.5351 0.0613 0.0549 0.0317 0.0215 0.0367 0.0205 0.1373 0.0323 
     D237382  3 0.1233 0.0440 0.0687 0.0789 0.0734 0.2868 0.1029 0.0925 0.0150 0.0493 0.0653 
     D244127  3 0.0267 0.0112 0.0817 0.1350 0.1088 0.1225 0.1198 0.2213 0.0247 0.0583 0.0899 
     D244129  3 0.0659 0.0900 0.0681 0.1232 0.1343 0.0782 0.0689 0.1093 0.0416 0.1265 0.0939 
     D244133  3 0.0213 0.0627 0.6473 0.0331 0.0407 0.0528 0.0432 0.0312 0.0200 0.0160 0.0316 
     D244134  3 0.0674 0.0157 0.4467 0.0453 0.0549 0.0448 0.0293 0.0282 0.0463 0.1782 0.0432 
     D244135  3 0.0227 0.0188 0.0211 0.0481 0.0698 0.0272 0.0331 0.4026 0.0222 0.1113 0.2230 
     D244136  3 0.0619 0.0661 0.3128 0.0997 0.0888 0.0911 0.0851 0.0527 0.0211 0.0166 0.1040 
        D416  3 0.0092 0.0208 0.3000 0.0769 0.0904 0.0604 0.1615 0.0731 0.0844 0.0278 0.0954 
        D417  3 0.1114 0.2118 0.0330 0.1348 0.1217 0.0264 0.0319 0.0260 0.2169 0.0309 0.0552 
        D419  3 0.1440 0.0454 0.2063 0.1162 0.0731 0.0588 0.1106 0.0615 0.0221 0.0939 0.0682 
        D565  3 0.0363 0.0942 0.1099 0.0965 0.1025 0.2982 0.0940 0.0462 0.0239 0.0169 0.0814 
        D566  3 0.0131 0.1119 0.0679 0.1364 0.1135 0.2673 0.1087 0.0323 0.0365 0.0214 0.0909 
        D567  3 0.0636 0.2309 0.0615 0.0703 0.0638 0.0250 0.1159 0.0411 0.1170 0.1481 0.0629 
        D568  3 0.1653 0.0350 0.0833 0.0967 0.0936 0.0237 0.0786 0.0302 0.1807 0.1591 0.0537 
        D569  3 0.0132 0.0181 0.0251 0.1068 0.1197 0.1477 0.1109 0.2051 0.0302 0.0952 0.1281 
        D573  3 0.0086 0.3101 0.0336 0.1620 0.1499 0.0330 0.0629 0.0534 0.0459 0.0339 0.1068 
        D574  3 0.0539 0.0172 0.0440 0.1039 0.1177 0.2754 0.0886 0.0844 0.0464 0.0466 0.1220 
        D575  3 0.0126 0.0079 0.8596 0.0115 0.0143 0.0104 0.0117 0.0134 0.0105 0.0344 0.0137 
        D576  3 0.0068 0.0087 0.1193 0.0712 0.0938 0.3342 0.1164 0.1473 0.0168 0.0353 0.0502 
        D577  3 0.1201 0.1211 0.0762 0.0632 0.0660 0.0335 0.0569 0.0514 0.0705 0.2747 0.0664 
        D578  3 0.0223 0.0065 0.0140 0.0187 0.0192 0.0131 0.0149 0.5760 0.0132 0.0126 0.2896 
        D579  3 0.0285 0.2537 0.0865 0.0698 0.0828 0.0800 0.0721 0.0444 0.2007 0.0329 0.0485 
        D660  3 0.0193 0.0161 0.0384 0.0765 0.1200 0.1408 0.1793 0.2161 0.0225 0.0695 0.1014 
        D661  3 0.0399 0.0117 0.0145 0.0266 0.0249 0.0248 0.0733 0.0171 0.7349 0.0164 0.0159 
        D663  3 0.0148 0.0179 0.0230 0.2402 0.2646 0.1275 0.0703 0.0557 0.0327 0.0250 0.1284 
        D664  3 0.0545 0.0138 0.1293 0.0853 0.0734 0.1624 0.0816 0.1985 0.0173 0.0988 0.0850 
        D665  3 0.0136 0.0132 0.0676 0.0750 0.0677 0.0480 0.0336 0.0450 0.0196 0.5549 0.0617 
        D666  3 0.0233 0.0153 0.7688 0.0287 0.0284 0.0283 0.0184 0.0257 0.0129 0.0195 0.0307 
        D502  6 0.0100 0.0121 0.0335 0.0769 0.0979 0.1352 0.1945 0.0464 0.0327 0.2965 0.0642 
        D503  6 0.0474 0.0354 0.0439 0.1053 0.1039 0.0714 0.3198 0.0277 0.1430 0.0361 0.0661 
        D504  6 0.0333 0.1645 0.0249 0.1150 0.0951 0.0593 0.0850 0.0548 0.2846 0.0183 0.0651 
        D505  6 0.0145 0.0740 0.0342 0.0960 0.1366 0.1698 0.1699 0.1342 0.0360 0.0499 0.0848 
        D506  6 0.0121 0.3464 0.0239 0.0753 0.0658 0.2193 0.1228 0.0405 0.0153 0.0127 0.0658 
        D507  6 0.0276 0.0240 0.0415 0.1986 0.2028 0.1105 0.0829 0.0728 0.0485 0.0382 0.1526 
        D508  6 0.0156 0.0368 0.0246 0.1273 0.1122 0.1099 0.1104 0.0924 0.2253 0.0786 0.0670 
        D529  6 0.0324 0.0524 0.0486 0.0742 0.1371 0.0427 0.0963 0.1702 0.0538 0.0433 0.2491 
        D530  6 0.0323 0.0109 0.0320 0.0470 0.0390 0.3159 0.2554 0.0531 0.0159 0.1349 0.0635 
        D531  6 0.0200 0.2386 0.0565 0.1309 0.1085 0.0934 0.1123 0.0371 0.0805 0.0428 0.0792 
        D532  6 0.0183 0.0337 0.0281 0.1144 0.1192 0.2068 0.0988 0.1872 0.0352 0.0154 0.1429 
        D534  6 0.3304 0.0330 0.0165 0.0986 0.1105 0.0282 0.0411 0.0753 0.1261 0.0585 0.0817 
        D535  6 0.0246 0.0469 0.0916 0.1476 0.1262 0.1303 0.1502 0.0715 0.0291 0.0294 0.1525 
        D536  6 0.0123 0.0245 0.0163 0.0891 0.0904 0.1672 0.3288 0.1099 0.0423 0.0164 0.1028 
        D554  6 0.0468 0.0703 0.0470 0.1291 0.1010 0.1756 0.1531 0.0592 0.0654 0.0491 0.1033 
        D587  6 0.0694 0.1586 0.0386 0.1255 0.1327 0.1992 0.0628 0.0614 0.0498 0.0207 0.0812 
        D588  6 0.0115 0.0237 0.0279 0.2898 0.2782 0.0783 0.0550 0.0482 0.0147 0.0277 0.1449 
        D589  6 0.0190 0.0300 0.0339 0.1459 0.1735 0.1349 0.2155 0.0444 0.0536 0.0488 0.1006 
        D590  6 0.0203 0.0730 0.0183 0.0653 0.0856 0.0604 0.2637 0.0850 0.0629 0.0131 0.2526 
        D591  6 0.0635 0.0394 0.1939 0.1565 0.1808 0.0669 0.0504 0.0417 0.0842 0.0282 0.0946 
        D592  6 0.3508 0.1545 0.0264 0.0730 0.0605 0.0417 0.0457 0.0612 0.0590 0.0700 0.0573 
        D593  6 0.0140 0.0089 0.0375 0.0305 0.0329 0.3137 0.2817 0.0170 0.0101 0.2277 0.0260 
        D682  6 0.0263 0.3529 0.0536 0.0879 0.0700 0.2039 0.0814 0.0337 0.0313 0.0117 0.0473 
        D683  6 0.0317 0.1626 0.0263 0.1295 0.1125 0.0498 0.0590 0.0408 0.1177 0.2043 0.0656 
        D684  6 0.0183 0.0634 0.0194 0.1983 0.1686 0.0544 0.0761 0.0855 0.0793 0.1426 0.0943 
        D685  6 0.0144 0.0134 0.0472 0.2646 0.2092 0.0885 0.0665 0.0580 0.0536 0.0756 0.1090 
        D686  6 0.0134 0.0150 0.0121 0.0875 0.1223 0.2302 0.1336 0.2341 0.0138 0.0128 0.1252 
        D724  6 0.0310 0.0295 0.0273 0.0642 0.0642 0.0463 0.0639 0.0404 0.3983 0.1652 0.0698 
        D725  6 0.0892 0.0128 0.0663 0.1351 0.1175 0.1079 0.1893 0.0682 0.0339 0.1202 0.0595 
        D726  6 0.0659 0.2523 0.0509 0.0823 0.0796 0.2009 0.0667 0.0533 0.0653 0.0178 0.0650 
        D727  6 0.0087 0.0304 0.0409 0.0563 0.0828 0.0509 0.2610 0.0697 0.0179 0.0220 0.3593 
        D728  6 0.0291 0.0469 0.1823 0.1226 0.1055 0.2231 0.0715 0.0735 0.0251 0.0441 0.0764 
        D729  6 0.0108 0.0223 0.0119 0.0344 0.0370 0.0273 0.3052 0.1067 0.0111 0.0220 0.4114 
        D730  6 0.0195 0.0268 0.0242 0.0635 0.0526 0.0443 0.0253 0.0356 0.6220 0.0440 0.0421 
        D731  6 0.0114 0.0224 0.1211 0.0565 0.0786 0.4192 0.1623 0.0366 0.0269 0.0147 0.0504 
        D732  6 0.0282 0.0524 0.0519 0.0972 0.0778 0.0802 0.0960 0.0722 0.0650 0.3077 0.0713 
        D733  6 0.1664 0.0222 0.0693 0.0547 0.0535 0.0813 0.0516 0.0620 0.3476 0.0581 0.0333 
     D237251  7 0.0103 0.0096 0.0515 0.0442 0.0355 0.0143 0.0193 0.0327 0.7342 0.0149 0.0336 
     D237252  7 0.0593 0.0181 0.0748 0.0636 0.0474 0.0856 0.3369 0.0385 0.0858 0.1366 0.0535 
     D237253  7 0.0178 0.0488 0.0481 0.1755 0.2138 0.0677 0.0556 0.0624 0.1337 0.0174 0.1592 
     D237254  7 0.0240 0.0102 0.0105 0.0191 0.0298 0.0123 0.0156 0.5582 0.0116 0.0150 0.2936 
     D237255  7 0.0221 0.0207 0.1492 0.1304 0.0932 0.1388 0.0870 0.0943 0.1291 0.0233 0.1119 
     D237256  7 0.0111 0.0170 0.0540 0.2766 0.2738 0.0936 0.0419 0.0443 0.0412 0.0347 0.1116 
     D237257  7 0.0178 0.0201 0.0202 0.1783 0.1835 0.0599 0.0636 0.2019 0.0334 0.0527 0.1687 
     D237282  7 0.1139 0.1434 0.0271 0.0998 0.1002 0.0473 0.1098 0.1240 0.0562 0.0288 0.1494 
     D237283  7 0.0163 0.0072 0.0503 0.0280 0.0272 0.0399 0.0713 0.0125 0.0192 0.7098 0.0183 
     D237284  7 0.0311 0.0403 0.0266 0.0567 0.0600 0.0326 0.0386 0.4000 0.0695 0.0485 0.1960 
     D237285  7 0.0214 0.0141 0.0234 0.0715 0.0819 0.2440 0.2274 0.0768 0.0294 0.1339 0.0763 
     D237286  7 0.0294 0.0495 0.0331 0.2036 0.1467 0.1148 0.0814 0.1613 0.0507 0.0154 0.1140 
     D237287  7 0.0152 0.0333 0.2403 0.1615 0.1899 0.0405 0.0712 0.0474 0.0420 0.0517 0.1069 
     D244006  7 0.0189 0.0146 0.0121 0.0163 0.0196 0.0213 0.0140 0.5569 0.0213 0.0148 0.2902 
     D244007  7 0.1403 0.0185 0.0210 0.0720 0.0726 0.0919 0.1387 0.1234 0.0757 0.0166 0.2294 
     D244008  7 0.0246 0.0114 0.1064 0.0255 0.0221 0.0237 0.0345 0.0114 0.0157 0.7079 0.0169 
     D244009  7 0.4950 0.0258 0.0331 0.0453 0.0447 0.0240 0.0406 0.0242 0.1371 0.1021 0.0280 
     D244010  7 0.0124 0.0401 0.0373 0.0779 0.0636 0.0380 0.1076 0.0689 0.0145 0.4773 0.0622 
     D244011  7 0.0180 0.0217 0.0243 0.1835 0.1651 0.2117 0.0535 0.0675 0.0930 0.0533 0.1084 
     D244012  7 0.0102 0.0659 0.0409 0.0750 0.0726 0.0886 0.2302 0.0849 0.0232 0.2673 0.0413 
     D244013  7 0.0257 0.0249 0.0310 0.0664 0.0822 0.2773 0.0620 0.1657 0.1560 0.0416 0.0671 
     D244014  7 0.0465 0.0132 0.2081 0.1226 0.1201 0.0875 0.0561 0.0672 0.1163 0.0654 0.0969 
     D244015  7 0.0475 0.0329 0.1080 0.1909 0.2134 0.0452 0.0640 0.1134 0.0194 0.0553 0.1098 
     D244125  7 0.0312 0.0468 0.1261 0.1507 0.1366 0.0947 0.0975 0.1530 0.0545 0.0216 0.0873 
     D244126  7 0.0128 0.0199 0.0138 0.0165 0.0164 0.0130 0.0140 0.0135 0.0204 0.8467 0.0129 
     D244130  7 0.0151 0.0211 0.0154 0.1655 0.1878 0.0899 0.1203 0.2471 0.0201 0.0295 0.0882 
     D244131  7 0.0801 0.1169 0.0185 0.0435 0.0841 0.1803 0.0395 0.0748 0.2660 0.0413 0.0551 
     D244132  7 0.1561 0.0247 0.0848 0.1387 0.1182 0.0977 0.0488 0.0987 0.1022 0.0208 0.1092 
        D520  7 0.0337 0.0213 0.0735 0.0947 0.1374 0.0881 0.0942 0.0466 0.0336 0.2653 0.1117 
        D521  7 0.0451 0.0306 0.0286 0.1081 0.0889 0.2382 0.1219 0.1505 0.0478 0.0771 0.0630 
        D522  7 0.6229 0.0225 0.0424 0.0262 0.0262 0.0305 0.0225 0.0224 0.1451 0.0179 0.0214 
        D523  7 0.0248 0.0162 0.0354 0.0515 0.0572 0.0379 0.0658 0.0269 0.6249 0.0153 0.0441 
        D524  7 0.0386 0.0218 0.0534 0.0630 0.0653 0.0568 0.0463 0.0469 0.5227 0.0322 0.0532 
        D525  7 0.0693 0.1158 0.0157 0.1736 0.1618 0.1237 0.0941 0.0834 0.0277 0.0508 0.0842 
        D526  7 0.0622 0.0270 0.0623 0.0528 0.0606 0.0214 0.0262 0.3692 0.0258 0.0787 0.2139 
        D527  7 0.0130 0.0820 0.0366 0.0340 0.0316 0.0237 0.0214 0.0138 0.6891 0.0198 0.0350 
        D528  7 0.0109 0.0104 0.0115 0.3943 0.3226 0.0117 0.0126 0.0187 0.0101 0.0459 0.1513 
        D558  7 0.0748 0.0456 0.0286 0.0741 0.0676 0.1264 0.1338 0.2046 0.0679 0.0849 0.0917 
        D559  7 0.0221 0.0241 0.0156 0.0358 0.0426 0.0324 0.0469 0.0705 0.6477 0.0268 0.0355 
        D640  7 0.0263 0.0241 0.2205 0.1233 0.1345 0.0799 0.0427 0.1482 0.0756 0.0275 0.0974 
        D641  7 0.0182 0.0126 0.1602 0.0897 0.0840 0.2192 0.0647 0.1124 0.0219 0.1388 0.0784 
        D642  7 0.0749 0.0209 0.0145 0.1030 0.1201 0.1848 0.0960 0.2403 0.0269 0.0233 0.0954 
        D644  7 0.0369 0.0294 0.0573 0.1015 0.0875 0.0875 0.0760 0.0598 0.0960 0.2772 0.0909 
        D645  7 0.0226 0.0443 0.3062 0.0895 0.1082 0.0449 0.0941 0.0301 0.1497 0.0385 0.0719 
        D662  7 0.1137 0.1096 0.0274 0.1362 0.1040 0.0441 0.0545 0.2340 0.0487 0.0147 0.1131 
        D687  7 0.0313 0.0383 0.0482 0.0976 0.0991 0.0552 0.0516 0.0233 0.4868 0.0244 0.0443 
        D688  7 0.0133 0.0286 0.0135 0.0983 0.1125 0.0508 0.1798 0.1409 0.0508 0.1437 0.1679 
        D689  7 0.0123 0.0212 0.8387 0.0127 0.0156 0.0152 0.0155 0.0111 0.0246 0.0201 0.0130 
        D700  7 0.0088 0.0105 0.0093 0.4430 0.3182 0.0165 0.0152 0.0155 0.0134 0.0095 0.1401 
        D797  7 0.0651 0.1271 0.0784 0.0840 0.0601 0.0615 0.0846 0.0398 0.3177 0.0289 0.0529 
        D798  7 0.0300 0.0182 0.1914 0.1362 0.1384 0.0404 0.0539 0.1948 0.0173 0.0512 0.1283 
        D799  7 0.0088 0.0203 0.0282 0.0601 0.0442 0.0247 0.0190 0.0347 0.6754 0.0407 0.0438 
        D800  7 0.0272 0.4207 0.0298 0.0991 0.1115 0.0261 0.0473 0.0375 0.1410 0.0155 0.0443 
        D201  9 0.0671 0.0175 0.0208 0.0448 0.0344 0.0179 0.0815 0.0234 0.6403 0.0194 0.0330 
        D202  9 0.0076 0.0151 0.0151 0.0636 0.0685 0.3176 0.1567 0.1209 0.0921 0.0966 0.0463 
     D237259  9 0.0101 0.0185 0.0608 0.3056 0.3267 0.0318 0.0470 0.0236 0.0214 0.0267 0.1277 
     D237260  9 0.0084 0.0232 0.0222 0.1728 0.1226 0.1057 0.2196 0.1204 0.0620 0.0304 0.1127 
     D237262  9 0.0376 0.0290 0.0136 0.0390 0.0481 0.0282 0.0188 0.0892 0.0183 0.6338 0.0443 
     D237263  9 0.0175 0.0805 0.0146 0.0468 0.0484 0.0319 0.0704 0.0480 0.3032 0.2707 0.0680 
     D237264  9 0.0326 0.0776 0.0262 0.1184 0.1066 0.1159 0.2315 0.1312 0.0311 0.0537 0.0753 
     D237265  9 0.0169 0.0229 0.0158 0.0404 0.0584 0.2060 0.4718 0.0301 0.0687 0.0379 0.0310 
     D237266  9 0.0097 0.0310 0.1541 0.0870 0.0795 0.0644 0.1596 0.2254 0.0201 0.0468 0.1223 
     D237267  9 0.0085 0.0230 0.0451 0.2263 0.1857 0.1463 0.0587 0.0810 0.0108 0.0730 0.1415 
     D237268  9 0.0178 0.0280 0.0150 0.0233 0.0253 0.0201 0.0282 0.0185 0.0255 0.7790 0.0193 
     D237289  9 0.0260 0.0469 0.0293 0.0427 0.0354 0.2289 0.4375 0.0282 0.0556 0.0468 0.0228 
     D237290  9 0.0127 0.0385 0.0429 0.0605 0.0540 0.1755 0.4115 0.0275 0.0622 0.0687 0.0460 
     D237291  9 0.0125 0.0121 0.0226 0.0887 0.1046 0.0810 0.0528 0.1850 0.3398 0.0086 0.0922 
     D237292  9 0.0249 0.0177 0.0089 0.0545 0.0674 0.1309 0.4516 0.0511 0.0484 0.0239 0.1206 
     D237293  9 0.0213 0.0169 0.1698 0.0900 0.0691 0.2026 0.1945 0.0679 0.0215 0.1065 0.0399 
     D237294  9 0.0534 0.0250 0.0158 0.1036 0.1040 0.0540 0.1140 0.0574 0.3613 0.0253 0.0862 
     D237295  9 0.0685 0.2771 0.0766 0.0647 0.0613 0.0913 0.0588 0.0494 0.0434 0.1341 0.0749 
     D237296  9 0.0587 0.0291 0.0562 0.1741 0.2179 0.0507 0.0518 0.0852 0.1249 0.0217 0.1298 
     D237297  9 0.0180 0.0264 0.0459 0.1506 0.1373 0.1536 0.1364 0.1516 0.0297 0.0466 0.1040 
     D237298  9 0.0632 0.0455 0.0432 0.0721 0.0649 0.0300 0.0330 0.0408 0.4476 0.1196 0.0402 
     D237341  9 0.0525 0.0397 0.0488 0.1527 0.1527 0.0683 0.0957 0.0579 0.2078 0.0428 0.0810 
     D237342  9 0.0105 0.0297 0.0155 0.0447 0.0405 0.0759 0.0301 0.0239 0.0223 0.6790 0.0281 
     D237343  9 0.0199 0.0365 0.0413 0.1677 0.1809 0.0524 0.0378 0.2175 0.0764 0.0435 0.1261 
     D237344  9 0.0206 0.0336 0.0789 0.0906 0.0819 0.3250 0.0724 0.1495 0.0149 0.0421 0.0903 
     D237345  9 0.2452 0.0249 0.0159 0.0636 0.0692 0.0299 0.0473 0.0447 0.0483 0.3661 0.0450 
     D237346  9 0.0541 0.0218 0.0600 0.2044 0.2101 0.0595 0.0539 0.0908 0.0748 0.0707 0.0998 
     D237347  9 0.0281 0.0273 0.0434 0.1195 0.1185 0.2972 0.0561 0.0982 0.0664 0.0330 0.1125 
     D237348  9 0.0381 0.0218 0.0536 0.0480 0.0501 0.2270 0.1259 0.0881 0.0274 0.2622 0.0578 
     D237349  9 0.0674 0.0509 0.0242 0.0834 0.0631 0.0563 0.1657 0.0873 0.2505 0.0118 0.1394 
     D244109  9 0.0163 0.0247 0.0163 0.0716 0.0895 0.0377 0.1523 0.3294 0.0335 0.0286 0.2000 
     D244110  9 0.0310 0.0254 0.0604 0.1025 0.1112 0.0948 0.1988 0.1532 0.0405 0.0293 0.1529 
     D244111  9 0.0218 0.0257 0.0502 0.0925 0.1119 0.2134 0.0704 0.1393 0.1599 0.0449 0.0699 
     D244128  9 0.0127 0.0275 0.0130 0.0293 0.0435 0.0404 0.0403 0.0307 0.0404 0.6939 0.0283 
     D244137  9 0.0862 0.2937 0.0269 0.0619 0.0638 0.0957 0.0706 0.0719 0.1294 0.0297 0.0703 
     D244138  9 0.0289 0.0255 0.0193 0.1766 0.1750 0.0982 0.0919 0.0611 0.1886 0.0571 0.0778 
        D580  9 0.2641 0.0115 0.0584 0.0786 0.0834 0.0607 0.0671 0.0554 0.0304 0.2418 0.0487 
        D581  9 0.0292 0.0133 0.0126 0.0224 0.0224 0.2134 0.5368 0.0330 0.0602 0.0336 0.0232 
        D582  9 0.0206 0.0140 0.0122 0.0150 0.0133 0.0146 0.0125 0.0175 0.0210 0.8442 0.0150 
        D583  9 0.0247 0.0183 0.0505 0.0804 0.0918 0.0628 0.1671 0.0698 0.3255 0.0312 0.0780 
        D584  9 0.0585 0.0194 0.0369 0.1149 0.0992 0.2297 0.1972 0.0812 0.0225 0.0591 0.0814 
        D585  9 0.0200 0.0480 0.0230 0.0534 0.0529 0.0323 0.0403 0.0209 0.0292 0.6470 0.0332 
        D586  9 0.0168 0.0351 0.0495 0.1627 0.1952 0.1721 0.1077 0.0675 0.0503 0.0170 0.1260 
        D651  9 0.1047 0.0277 0.6776 0.0311 0.0333 0.0167 0.0194 0.0280 0.0126 0.0267 0.0222 
        D652  9 0.0294 0.1117 0.0155 0.0505 0.0555 0.0448 0.1174 0.0467 0.4223 0.0244 0.0817 
        D653  9 0.0309 0.0251 0.1156 0.2137 0.2026 0.1059 0.0416 0.0500 0.0613 0.0635 0.0897 
        D654  9 0.0395 0.0372 0.0528 0.1732 0.1402 0.0431 0.0636 0.2030 0.0622 0.0576 0.1274 
        D655  9 0.0206 0.0355 0.2206 0.1751 0.1647 0.0741 0.0833 0.0689 0.0398 0.0433 0.0741 
        D656  9 0.0258 0.0149 0.0197 0.0487 0.0602 0.0209 0.2293 0.1190 0.0163 0.0588 0.3864 
        D657  9 0.0429 0.0148 0.0301 0.1046 0.1064 0.0892 0.1120 0.2673 0.0642 0.0451 0.1234 
        D667  9 0.0095 0.0135 0.8174 0.0198 0.0173 0.0298 0.0221 0.0222 0.0112 0.0150 0.0222 
        D668  9 0.0828 0.0128 0.2113 0.1164 0.1281 0.0810 0.0865 0.0612 0.0225 0.1312 0.0664 
        D669  9 0.0439 0.0221 0.0418 0.0509 0.0600 0.1256 0.4032 0.0465 0.1338 0.0373 0.0349 
        D670  9 0.0243 0.0162 0.3798 0.1120 0.1516 0.0196 0.0859 0.0436 0.0135 0.0245 0.1290 
        D671  9 0.0655 0.0496 0.0143 0.0652 0.0727 0.0942 0.3575 0.0654 0.1434 0.0151 0.0571 
        D672  9 0.0746 0.0597 0.0791 0.0802 0.0830 0.0389 0.0390 0.0330 0.1229 0.3399 0.0498 
        D673  9 0.1345 0.0208 0.4364 0.0702 0.1041 0.0402 0.0299 0.0240 0.0472 0.0621 0.0307 
        D692  9 0.0170 0.0174 0.0196 0.0630 0.0637 0.0329 0.2283 0.0736 0.0163 0.1395 0.3287 
        D693  9 0.0550 0.0141 0.5266 0.0486 0.0463 0.0736 0.0575 0.0373 0.0219 0.0602 0.0589 
        D694  9 0.0297 0.0160 0.0159 0.1193 0.1065 0.0552 0.0702 0.2155 0.0353 0.1557 0.1808 
        D695  9 0.1204 0.0927 0.1493 0.0818 0.0940 0.0473 0.0708 0.0579 0.0461 0.1624 0.0772 
        D696  9 0.0574 0.0812 0.0340 0.0498 0.0696 0.5529 0.0396 0.0292 0.0194 0.0211 0.0457 
        D697  9 0.0274 0.0147 0.8031 0.0168 0.0246 0.0210 0.0157 0.0150 0.0267 0.0149 0.0202 
        D698  9 0.0281 0.0310 0.1202 0.1245 0.1270 0.2578 0.0958 0.0483 0.0213 0.0808 0.0652 
        D699  9 0.0256 0.0112 0.4216 0.0439 0.0570 0.1939 0.0905 0.0507 0.0186 0.0575 0.0296 
        D787  9 0.0164 0.0769 0.0897 0.0893 0.0870 0.0479 0.1211 0.1531 0.1739 0.0451 0.0995 
        D788  9 0.0210 0.0127 0.4292 0.0616 0.0608 0.1066 0.0704 0.0610 0.0257 0.1161 0.0349 
        D789  9 0.0218 0.0219 0.0425 0.1051 0.1463 0.1926 0.1231 0.1189 0.0212 0.1357 0.0710 
        D790  9 0.0358 0.0155 0.5726 0.0726 0.0560 0.0300 0.0704 0.0465 0.0366 0.0200 0.0440 
        D791  9 0.0102 0.0165 0.0222 0.0488 0.0477 0.2155 0.3486 0.0587 0.1296 0.0688 0.0335 
        D792  9 0.0266 0.1010 0.1085 0.0944 0.0961 0.0362 0.0631 0.2124 0.0791 0.0149 0.1677 
        D793  9 0.0109 0.0452 0.7997 0.0213 0.0158 0.0215 0.0254 0.0150 0.0117 0.0150 0.0184 
        D794  9 0.0477 0.0520 0.2740 0.0774 0.0707 0.1406 0.0506 0.1118 0.0376 0.0282 0.1094 
        D795  9 0.0098 0.0279 0.0203 0.0471 0.0421 0.0942 0.0292 0.0238 0.0371 0.6407 0.0280 
        D796  9 0.0117 0.0124 0.6581 0.0511 0.0397 0.0398 0.0398 0.0181 0.0286 0.0696 0.0310 
        D005 12 0.0143 0.0109 0.0119 0.0445 0.0336 0.0498 0.0302 0.5065 0.0197 0.0226 0.2561 
        D035 12 0.0115 0.0131 0.8460 0.0188 0.0238 0.0195 0.0108 0.0166 0.0144 0.0117 0.0137 
        D067 12 0.0183 0.0379 0.3362 0.1094 0.1223 0.0623 0.0711 0.0435 0.0621 0.0638 0.0732 
        D134 12 0.0106 0.0244 0.0310 0.2533 0.2316 0.0559 0.0816 0.0478 0.0482 0.0762 0.1395 
        D135 12 0.0274 0.0186 0.0489 0.2780 0.2655 0.0526 0.0539 0.0655 0.0278 0.0486 0.1132 
        D136 12 0.1071 0.1813 0.0831 0.1387 0.1628 0.0420 0.0449 0.0777 0.0266 0.0323 0.1035 
        D137 12 0.0311 0.0170 0.3119 0.1229 0.1304 0.0549 0.1100 0.0440 0.0548 0.0492 0.0738 
        D138 12 0.0454 0.0491 0.1009 0.1444 0.1171 0.0947 0.1747 0.0433 0.0908 0.0270 0.1124 
        D139 12 0.0216 0.0371 0.0270 0.0989 0.1219 0.1165 0.1376 0.0912 0.1897 0.0539 0.1046 
        D140 12 0.0234 0.0292 0.7283 0.0293 0.0340 0.0338 0.0199 0.0415 0.0153 0.0157 0.0294 
        D141 12 0.2801 0.0110 0.1191 0.0220 0.0372 0.0144 0.0184 0.0302 0.0266 0.4146 0.0264 
        D150 12 0.0112 0.0205 0.0186 0.1345 0.1202 0.0999 0.1389 0.2839 0.0179 0.0253 0.1291 
        D177 12 0.0114 0.0232 0.0500 0.1881 0.1754 0.0792 0.1232 0.0510 0.0213 0.0535 0.2238 
        D178 12 0.0667 0.3200 0.0262 0.1544 0.1085 0.0469 0.0398 0.0721 0.0514 0.0168 0.0973 
        D179 12 0.0724 0.0280 0.1032 0.1965 0.1949 0.0695 0.0590 0.0568 0.0503 0.0231 0.1463 
        D180 12 0.0162 0.0132 0.3241 0.0790 0.0741 0.0176 0.0364 0.0461 0.0274 0.2887 0.0772 
        D187 12 0.0127 0.0199 0.6996 0.0449 0.0313 0.0283 0.0236 0.0233 0.0377 0.0439 0.0348 
        D188 12 0.1278 0.0119 0.0188 0.0630 0.0730 0.0304 0.0574 0.1231 0.0315 0.2443 0.2188 
        D191 12 0.2250 0.0167 0.1050 0.0561 0.0681 0.0408 0.0410 0.0410 0.3492 0.0220 0.0351 
        D418 12 0.2660 0.0149 0.0895 0.0889 0.1081 0.0318 0.0618 0.0443 0.1911 0.0470 0.0566 
        D601 12 0.0131 0.0204 0.0243 0.0531 0.0556 0.0322 0.0380 0.1841 0.0205 0.4034 0.1554 
        D836 12 0.0134 0.0106 0.2333 0.0322 0.0342 0.0211 0.0158 0.0337 0.0240 0.5562 0.0254 
        D837 12 0.0433 0.1646 0.0345 0.0664 0.0775 0.0993 0.0642 0.0528 0.3176 0.0390 0.0409 
        D838 12 0.0154 0.0286 0.6444 0.0355 0.0548 0.0544 0.0304 0.0258 0.0685 0.0118 0.0304 
        D839 12 0.0306 0.0436 0.0273 0.0648 0.0807 0.0781 0.3592 0.0448 0.1494 0.0469 0.0747 
        D840 12 0.1633 0.0320 0.1096 0.0816 0.0815 0.1524 0.0411 0.1034 0.1309 0.0385 0.0656 
        D841 12 0.0127 0.0089 0.8486 0.0193 0.0141 0.0132 0.0116 0.0146 0.0320 0.0107 0.0143 
        D842 12 0.1566 0.0192 0.0121 0.0651 0.0880 0.0908 0.1396 0.2546 0.0784 0.0287 0.0668 
        D843 12 0.0126 0.0548 0.1713 0.1491 0.1102 0.0797 0.1080 0.0442 0.0521 0.1055 0.1125 
        D844 12 0.0428 0.0269 0.0088 0.0342 0.0283 0.0188 0.0508 0.0485 0.6891 0.0198 0.0319 
        D912 12 0.1022 0.1308 0.0245 0.0616 0.0510 0.1760 0.0435 0.0544 0.2972 0.0175 0.0412 
        D913 12 0.0180 0.0467 0.1184 0.2069 0.1697 0.0623 0.1009 0.0783 0.0452 0.0130 0.1405 
        D914 12 0.0261 0.0215 0.0542 0.0953 0.0995 0.2531 0.0326 0.1349 0.1840 0.0232 0.0757 
        D922 12 0.0261 0.0166 0.6984 0.0275 0.0288 0.0235 0.0212 0.0169 0.0231 0.0963 0.0217 
        D939 12 0.0304 0.0118 0.1099 0.0397 0.0312 0.0317 0.0298 0.0294 0.0359 0.6222 0.0281 
        D944 12 0.0595 0.0262 0.0693 0.2834 0.1868 0.0308 0.0749 0.0704 0.0396 0.0087 0.1504 
        D945 12 0.0210 0.0252 0.1098 0.1376 0.1782 0.0558 0.0537 0.1088 0.0943 0.0949 0.1207 
        D985 12 0.0617 0.0257 0.0678 0.1203 0.1385 0.1563 0.0555 0.1737 0.0125 0.0540 0.1340 
        D986 12 0.0174 0.0539 0.0126 0.1387 0.1377 0.0907 0.0470 0.0668 0.3046 0.0555 0.0749 
        D987 12 0.0690 0.0388 0.0215 0.0883 0.0696 0.1864 0.0357 0.1361 0.2891 0.0179 0.0476 
        D988 12 0.0222 0.0253 0.0213 0.1144 0.1116 0.2925 0.0373 0.1809 0.0481 0.0631 0.0835 
        D996 12 0.0201 0.0226 0.1527 0.1267 0.1387 0.1756 0.0293 0.1833 0.0672 0.0210 0.0628 
        D997 12 0.0207 0.0235 0.0680 0.0962 0.0729 0.0441 0.0564 0.0638 0.0343 0.4585 0.0616 
        D998 12 0.0151 0.0364 0.1241 0.2321 0.2333 0.0884 0.0919 0.0341 0.0286 0.0279 0.0880 
        D999 12 0.0468 0.0152 0.0232 0.0656 0.0617 0.1662 0.3762 0.0361 0.1296 0.0216 0.0577 
