        D174  1 0.4780 0.0256 0.0536 0.0198 0.0499 0.0425 0.0432 0.0551 0.0435 0.0253 0.1636 
        D199  1 0.1150 0.0882 0.0326 0.0303 0.0584 0.0704 0.1617 0.2092 0.0439 0.0411 0.1491 
        D203  1 0.0583 0.0589 0.0596 0.0307 0.1544 0.0830 0.1306 0.1137 0.0584 0.0388 0.2137 
        D204  1 0.0326 0.0217 0.0421 0.0223 0.7100 0.0344 0.0265 0.0311 0.0469 0.0150 0.0173 
     D237366  1 0.0327 0.0498 0.0559 0.0340 0.0168 0.0428 0.0772 0.0692 0.0863 0.0281 0.5071 
     D237367  1 0.0573 0.0214 0.0624 0.0610 0.0230 0.1636 0.1349 0.1432 0.0734 0.1646 0.0952 
     D237368  1 0.1253 0.0199 0.1155 0.0422 0.1683 0.0513 0.0969 0.0847 0.0227 0.0399 0.2335 
     D244101  1 0.0364 0.0271 0.0590 0.0185 0.0670 0.0899 0.1563 0.1445 0.3436 0.0143 0.0433 
     D244102  1 0.1221 0.0713 0.0587 0.0398 0.0472 0.0859 0.1047 0.0946 0.2575 0.0761 0.0421 
     D244103  1 0.1208 0.0601 0.0244 0.0326 0.0218 0.2999 0.1134 0.1235 0.0341 0.0397 0.1298 
     D244104  1 0.0379 0.0244 0.0263 0.4500 0.2585 0.0574 0.0445 0.0282 0.0271 0.0290 0.0168 
     D244105  1 0.0220 0.0310 0.2468 0.1302 0.0140 0.0319 0.1665 0.2087 0.0481 0.0190 0.0818 
     D244106  1 0.3123 0.1258 0.0216 0.0130 0.1731 0.0327 0.0769 0.0629 0.1429 0.0108 0.0280 
     D244107  1 0.0169 0.0364 0.0162 0.0317 0.0164 0.1787 0.1273 0.1392 0.0269 0.1412 0.2692 
     D244108  1 0.2204 0.0798 0.3909 0.0260 0.0327 0.0606 0.0537 0.0567 0.0305 0.0236 0.0253 
     D244113  1 0.6585 0.0373 0.0221 0.0221 0.0114 0.0795 0.0343 0.0463 0.0213 0.0256 0.0414 
     D244114  1 0.0908 0.1199 0.0375 0.0257 0.0227 0.0585 0.2384 0.1613 0.0932 0.0122 0.1397 
     D244115  1 0.1199 0.0624 0.0408 0.0201 0.3196 0.0249 0.1088 0.1551 0.1084 0.0241 0.0160 
     D267365  1 0.1112 0.0451 0.0483 0.0257 0.0645 0.0435 0.1137 0.0835 0.3120 0.0450 0.1075 
        D404  1 0.6843 0.0306 0.0149 0.0169 0.0679 0.0480 0.0280 0.0322 0.0218 0.0323 0.0231 
        D405  1 0.1684 0.1689 0.0136 0.0390 0.1300 0.1039 0.0643 0.0933 0.1359 0.0458 0.0369 
        D406  1 0.0092 0.0082 0.9129 0.0075 0.0080 0.0072 0.0084 0.0091 0.0117 0.0083 0.0094 
        D407  1 0.1765 0.0308 0.0162 0.0207 0.0600 0.5138 0.0318 0.0620 0.0115 0.0134 0.0633 
        D408  1 0.6193 0.0243 0.0130 0.0537 0.0550 0.0306 0.0514 0.0443 0.0559 0.0230 0.0295 
        D409  1 0.0669 0.0729 0.0370 0.0414 0.0683 0.2564 0.1777 0.1475 0.0540 0.0201 0.0577 
        D410  1 0.0520 0.0856 0.1067 0.0217 0.0377 0.2107 0.1857 0.1590 0.0576 0.0155 0.0677 
        D421  1 0.1316 0.0112 0.0090 0.0211 0.3573 0.3620 0.0243 0.0283 0.0202 0.0103 0.0246 
        D422  1 0.0335 0.0585 0.0986 0.0128 0.0274 0.4008 0.1195 0.1356 0.0221 0.0247 0.0666 
        D423  1 0.0933 0.0318 0.0555 0.0227 0.0113 0.5105 0.0676 0.0742 0.0229 0.0343 0.0759 
        D424  1 0.0924 0.0164 0.0183 0.0268 0.4768 0.0716 0.1219 0.1004 0.0418 0.0122 0.0215 
        D425  1 0.0966 0.0198 0.0238 0.0769 0.0379 0.0436 0.2476 0.2418 0.1011 0.0186 0.0922 
        D426  1 0.1207 0.0508 0.0140 0.0336 0.0156 0.3162 0.1527 0.1947 0.0292 0.0101 0.0624 
        D427  1 0.1208 0.0565 0.0077 0.0518 0.3438 0.1710 0.0897 0.0736 0.0313 0.0138 0.0400 
        D428  1 0.3694 0.0282 0.0487 0.0299 0.1222 0.0961 0.0851 0.0855 0.0430 0.0203 0.0717 
        D429  1 0.0580 0.0621 0.0155 0.0125 0.5858 0.0226 0.0278 0.0246 0.1645 0.0120 0.0147 
        D430  1 0.2754 0.0711 0.0153 0.0381 0.1547 0.0429 0.1353 0.1454 0.0510 0.0194 0.0514 
        D491  1 0.5389 0.0220 0.0886 0.0664 0.0436 0.0576 0.0515 0.0502 0.0273 0.0320 0.0219 
        D492  1 0.1443 0.0351 0.0762 0.0161 0.3323 0.1946 0.0495 0.0458 0.0441 0.0208 0.0413 
        D537  1 0.0821 0.0208 0.3194 0.0311 0.0555 0.2172 0.0807 0.0874 0.0218 0.0231 0.0609 
        D538  1 0.2051 0.0436 0.1005 0.0283 0.0716 0.0844 0.1029 0.0900 0.0277 0.1076 0.1383 
        D539  1 0.0871 0.2689 0.1651 0.0415 0.0502 0.0326 0.0808 0.0675 0.1300 0.0602 0.0163 
        D540  1 0.1026 0.0463 0.0124 0.1105 0.0220 0.1682 0.1595 0.1955 0.0512 0.0351 0.0966 
        D541  1 0.0139 0.0113 0.0111 0.0118 0.8601 0.0241 0.0156 0.0135 0.0134 0.0116 0.0136 
        D551  1 0.0721 0.0601 0.0295 0.0138 0.0137 0.1560 0.2701 0.3042 0.0355 0.0133 0.0318 
        D552  1 0.0462 0.0373 0.5625 0.0555 0.0356 0.0174 0.0355 0.0296 0.1396 0.0201 0.0206 
        D553  1 0.0601 0.0147 0.0130 0.0630 0.3230 0.1931 0.0760 0.0708 0.0578 0.0622 0.0662 
        D615  1 0.0465 0.0765 0.0286 0.0330 0.5186 0.0287 0.0652 0.0639 0.0677 0.0513 0.0200 
        D616  1 0.0232 0.0690 0.0266 0.0255 0.5305 0.0844 0.0695 0.0688 0.0392 0.0220 0.0414 
        D621  1 0.0511 0.0386 0.7351 0.0325 0.0139 0.0262 0.0185 0.0236 0.0206 0.0215 0.0182 
        D622  1 0.0181 0.0145 0.7948 0.0267 0.0173 0.0153 0.0210 0.0253 0.0263 0.0180 0.0226 
        D623  1 0.3038 0.1300 0.0380 0.0197 0.0263 0.1624 0.1068 0.1058 0.0375 0.0242 0.0454 
        D624  1 0.3223 0.0466 0.0249 0.0526 0.2073 0.0369 0.1298 0.1159 0.0178 0.0233 0.0227 
        D625  1 0.0205 0.0265 0.0837 0.0114 0.6619 0.0170 0.0249 0.0271 0.0169 0.0919 0.0182 
        D626  1 0.0657 0.0202 0.0325 0.5661 0.0402 0.0451 0.0443 0.0490 0.0258 0.0511 0.0600 
        D627  1 0.0729 0.0313 0.0408 0.0216 0.0452 0.2569 0.1536 0.2017 0.0413 0.0290 0.1056 
        D690  1 0.0450 0.0100 0.0112 0.0266 0.7994 0.0135 0.0171 0.0146 0.0191 0.0267 0.0168 
        D691  1 0.0140 0.0139 0.8130 0.0159 0.0340 0.0144 0.0196 0.0163 0.0204 0.0140 0.0245 
        D710  1 0.1866 0.0222 0.0216 0.1395 0.1030 0.0823 0.0910 0.1187 0.0381 0.0493 0.1478 
        D711  1 0.0163 0.0182 0.0182 0.0087 0.8245 0.0207 0.0173 0.0177 0.0280 0.0139 0.0166 
        D712  1 0.3934 0.0296 0.0634 0.0928 0.0114 0.0384 0.0502 0.0567 0.1022 0.0459 0.1159 
        D713  1 0.2435 0.0418 0.2349 0.0177 0.0218 0.1232 0.0999 0.1086 0.0238 0.0191 0.0655 
        D746  1 0.0155 0.0238 0.7512 0.0270 0.0634 0.0218 0.0199 0.0174 0.0198 0.0137 0.0265 
        D747  1 0.0111 0.0123 0.0096 0.0129 0.8693 0.0181 0.0134 0.0131 0.0168 0.0106 0.0126 
        D748  1 0.0178 0.0176 0.7935 0.0193 0.0567 0.0132 0.0166 0.0186 0.0169 0.0146 0.0152 
        D749  1 0.0268 0.0709 0.1287 0.0212 0.0319 0.1276 0.2460 0.2156 0.0480 0.0202 0.0630 
        D750  1 0.2944 0.0223 0.0237 0.0211 0.5116 0.0166 0.0240 0.0253 0.0291 0.0129 0.0189 
        D763  1 0.0184 0.1079 0.2291 0.1783 0.0329 0.0470 0.1029 0.1005 0.0787 0.0487 0.0556 
        D764  1 0.2103 0.0097 0.0253 0.0185 0.6329 0.0156 0.0242 0.0203 0.0145 0.0146 0.0141 
        D765  1 0.1068 0.0633 0.0642 0.0634 0.0125 0.0437 0.1939 0.2132 0.0880 0.0288 0.1222 
        D766  1 0.0291 0.0167 0.7680 0.0394 0.0110 0.0305 0.0232 0.0182 0.0176 0.0233 0.0229 
        D767  1 0.0377 0.0480 0.0694 0.0261 0.1012 0.0960 0.1121 0.1266 0.1069 0.1596 0.1165 
        D768  1 0.0644 0.0224 0.0512 0.0441 0.2229 0.2035 0.1064 0.1381 0.0310 0.0204 0.0956 
        D811  1 0.2039 0.0341 0.0194 0.4636 0.0165 0.0394 0.0628 0.0868 0.0185 0.0365 0.0185 
        D816  1 0.0484 0.0217 0.0117 0.0104 0.4834 0.0167 0.0241 0.0262 0.3186 0.0085 0.0302 
        D825  1 0.2397 0.0280 0.0450 0.0551 0.0918 0.0294 0.1170 0.0978 0.1884 0.0783 0.0295 
        D866  1 0.0726 0.3099 0.0223 0.0744 0.0826 0.1072 0.0885 0.0958 0.0729 0.0481 0.0257 
        D867  1 0.0401 0.0377 0.0969 0.0167 0.0126 0.0560 0.1329 0.1275 0.0253 0.0148 0.4396 
        D871  1 0.2145 0.0336 0.0424 0.0252 0.0911 0.1852 0.1470 0.1203 0.0359 0.0427 0.0621 
        D872  1 0.0215 0.0326 0.6831 0.0240 0.0397 0.0403 0.0322 0.0320 0.0187 0.0375 0.0384 
        D873  1 0.0214 0.2384 0.0125 0.0127 0.0152 0.3905 0.0989 0.0740 0.0329 0.0364 0.0671 
        D874  1 0.2259 0.0321 0.0301 0.0244 0.0782 0.0162 0.0568 0.0616 0.4287 0.0103 0.0357 
        D875  1 0.0665 0.0378 0.3746 0.0097 0.0177 0.1821 0.1096 0.0899 0.0238 0.0196 0.0686 
        D876  1 0.0642 0.0342 0.6408 0.0476 0.0366 0.0158 0.0355 0.0292 0.0487 0.0230 0.0243 
        D877  1 0.5448 0.0693 0.0212 0.0148 0.0554 0.0434 0.0725 0.1020 0.0419 0.0192 0.0155 
        D892  1 0.0829 0.0168 0.6265 0.0130 0.0650 0.0147 0.0371 0.0240 0.0318 0.0212 0.0669 
        D893  1 0.0415 0.0335 0.1006 0.0393 0.1370 0.0480 0.1215 0.1173 0.1974 0.0526 0.1113 
        D894  1 0.0283 0.0244 0.0094 0.0070 0.8436 0.0172 0.0142 0.0140 0.0156 0.0151 0.0109 
        D915  1 0.0518 0.0329 0.2780 0.0298 0.0584 0.0575 0.0711 0.0768 0.1060 0.0560 0.1818 
        D916  1 0.0084 0.0069 0.0089 0.0068 0.9223 0.0071 0.0082 0.0081 0.0088 0.0079 0.0065 
        D917  1 0.1044 0.0386 0.0129 0.0441 0.0519 0.0689 0.1163 0.1333 0.0374 0.1886 0.2037 
        D925  1 0.0994 0.0817 0.0686 0.0359 0.1336 0.1255 0.0993 0.1027 0.1105 0.0923 0.0504 
        D926  1 0.0352 0.0217 0.0202 0.0169 0.2581 0.0280 0.0938 0.0807 0.3835 0.0280 0.0337 
        D927  1 0.0375 0.0665 0.0402 0.0260 0.1153 0.0245 0.0882 0.0832 0.2646 0.0285 0.2256 
        D928  1 0.7304 0.0095 0.0250 0.0265 0.0905 0.0202 0.0251 0.0265 0.0132 0.0102 0.0229 
        D929  1 0.1080 0.0319 0.0462 0.0208 0.0237 0.0453 0.0597 0.0770 0.0687 0.3723 0.1463 
        D936  1 0.0259 0.0224 0.0171 0.0123 0.3272 0.0146 0.0234 0.0316 0.4840 0.0166 0.0248 
        D938  1 0.0107 0.0100 0.9015 0.0149 0.0073 0.0091 0.0090 0.0106 0.0104 0.0085 0.0079 
        D956  1 0.5551 0.0330 0.0105 0.0134 0.2323 0.0241 0.0367 0.0347 0.0237 0.0178 0.0187 
        D957  1 0.0238 0.0477 0.6716 0.0146 0.0380 0.0576 0.0351 0.0317 0.0255 0.0326 0.0218 
        D958  1 0.0180 0.0094 0.8949 0.0114 0.0135 0.0085 0.0079 0.0092 0.0087 0.0086 0.0099 
        D959  1 0.1719 0.0124 0.0089 0.0144 0.0266 0.5316 0.0338 0.1239 0.0106 0.0083 0.0576 
        D960  1 0.0234 0.0603 0.5558 0.0076 0.0280 0.1116 0.0637 0.0748 0.0224 0.0099 0.0426 
        D989  1 0.2936 0.0374 0.0312 0.1430 0.0673 0.0300 0.0758 0.0957 0.0965 0.0144 0.1152 
        D990  1 0.0200 0.0900 0.0630 0.0180 0.0152 0.1703 0.1593 0.2000 0.0988 0.1121 0.0534 
        D211  3 0.0134 0.0177 0.0115 0.0164 0.0190 0.0159 0.0209 0.0171 0.0134 0.8161 0.0386 
     D229639  3 0.0829 0.0621 0.0169 0.2251 0.0915 0.0565 0.1307 0.1574 0.0565 0.0944 0.0260 
     D237212  3 0.0231 0.1700 0.0165 0.0636 0.1298 0.1255 0.1036 0.0945 0.0566 0.1508 0.0660 
     D237213  3 0.0172 0.1660 0.0346 0.1549 0.0116 0.0896 0.0733 0.0699 0.0639 0.2720 0.0471 
     D237214  3 0.0183 0.0114 0.0172 0.0078 0.0131 0.0151 0.0129 0.0113 0.0101 0.0118 0.8711 
     D237215  3 0.1787 0.4388 0.0103 0.0282 0.0115 0.1740 0.0440 0.0546 0.0208 0.0174 0.0216 
     D237216  3 0.0425 0.0246 0.0137 0.0798 0.0177 0.0439 0.3144 0.2809 0.0704 0.0401 0.0719 
     D237217  3 0.0138 0.0324 0.0469 0.0571 0.0147 0.0554 0.1507 0.1450 0.0457 0.3311 0.1071 
     D237218  3 0.0195 0.0579 0.0481 0.0291 0.0379 0.0163 0.0505 0.0662 0.6147 0.0401 0.0197 
     D237219  3 0.0156 0.0185 0.0663 0.4927 0.0166 0.0202 0.0543 0.0671 0.0286 0.1984 0.0217 
     D237382  3 0.1727 0.1315 0.1355 0.0582 0.0398 0.1325 0.0730 0.0633 0.0157 0.0706 0.1073 
     D244127  3 0.0316 0.2173 0.0320 0.0590 0.0102 0.2660 0.1143 0.1127 0.0374 0.0688 0.0507 
     D244129  3 0.0527 0.0491 0.0615 0.0730 0.1111 0.0491 0.1211 0.1179 0.0400 0.1249 0.1996 
     D244133  3 0.0277 0.0487 0.0231 0.6606 0.0613 0.0329 0.0416 0.0435 0.0203 0.0158 0.0245 
     D244134  3 0.0213 0.0338 0.1046 0.4586 0.0155 0.0204 0.0536 0.0473 0.0505 0.1709 0.0234 
     D244135  3 0.0188 0.0208 0.0203 0.0187 0.0218 0.0713 0.0593 0.0532 0.0246 0.1200 0.5712 
     D244136  3 0.1529 0.0529 0.0513 0.2932 0.0528 0.1529 0.0712 0.0967 0.0230 0.0173 0.0357 
        D416  3 0.0252 0.1044 0.0104 0.3128 0.0258 0.1012 0.1008 0.1297 0.0963 0.0325 0.0608 
        D417  3 0.0417 0.0601 0.1385 0.0333 0.2389 0.0379 0.1150 0.1221 0.1664 0.0269 0.0192 
        D419  3 0.0207 0.0680 0.1432 0.2716 0.0461 0.0430 0.0927 0.0896 0.0423 0.1504 0.0324 
        D565  3 0.5836 0.0267 0.0295 0.0739 0.0548 0.0383 0.0608 0.0477 0.0383 0.0204 0.0262 
        D566  3 0.4267 0.1006 0.0135 0.0722 0.0702 0.0480 0.0805 0.1119 0.0385 0.0162 0.0218 
        D567  3 0.0308 0.0632 0.0671 0.0492 0.3003 0.0891 0.0722 0.0612 0.0803 0.1392 0.0474 
        D568  3 0.0135 0.1034 0.1839 0.0882 0.0602 0.0543 0.0855 0.0974 0.1348 0.1439 0.0348 
        D569  3 0.0562 0.1338 0.0117 0.0250 0.0220 0.1810 0.1103 0.0876 0.0623 0.0987 0.2114 
        D573  3 0.0176 0.0308 0.0095 0.0299 0.3923 0.0791 0.1720 0.1439 0.0714 0.0344 0.0191 
        D574  3 0.3596 0.0300 0.0526 0.0374 0.0153 0.0786 0.0952 0.0836 0.1413 0.0436 0.0629 
        D575  3 0.0101 0.0122 0.0146 0.8413 0.0091 0.0139 0.0132 0.0120 0.0094 0.0528 0.0115 
        D576  3 0.1373 0.4188 0.0073 0.0858 0.0072 0.1393 0.0609 0.0522 0.0122 0.0321 0.0469 
        D577  3 0.0560 0.0584 0.1153 0.0624 0.1093 0.0875 0.0938 0.0758 0.0383 0.2594 0.0438 
        D578  3 0.0105 0.0092 0.0137 0.0116 0.0059 0.0122 0.0170 0.0112 0.0101 0.0090 0.8896 
        D579  3 0.1203 0.0687 0.0259 0.0674 0.2221 0.0599 0.0741 0.0751 0.2268 0.0387 0.0211 
        D660  3 0.0326 0.1700 0.0170 0.0500 0.0134 0.1569 0.1184 0.1124 0.0584 0.0767 0.1941 
        D661  3 0.0106 0.3773 0.0495 0.0186 0.0166 0.0243 0.0245 0.0260 0.4206 0.0137 0.0182 
        D663  3 0.0590 0.0503 0.0122 0.0199 0.0166 0.0305 0.3262 0.3315 0.0567 0.0318 0.0652 
        D664  3 0.0625 0.0873 0.0396 0.1376 0.0108 0.0536 0.1206 0.1243 0.0306 0.1326 0.2007 
        D665  3 0.0136 0.0452 0.0122 0.0420 0.0156 0.0278 0.0842 0.0774 0.0208 0.6204 0.0407 
        D666  3 0.0286 0.0204 0.0224 0.7844 0.0114 0.0217 0.0167 0.0295 0.0180 0.0186 0.0283 
        D502  6 0.0208 0.3678 0.0095 0.0326 0.0106 0.1321 0.0725 0.0571 0.0226 0.2574 0.0170 
        D503  6 0.0353 0.4044 0.0497 0.0361 0.0249 0.0579 0.1028 0.1216 0.1110 0.0418 0.0146 
        D504  6 0.0605 0.0903 0.0441 0.0219 0.1774 0.0738 0.1095 0.1176 0.2638 0.0141 0.0269 
        D505  6 0.2777 0.1359 0.0120 0.0369 0.0615 0.0698 0.1065 0.1151 0.0247 0.0449 0.1149 
        D506  6 0.7087 0.0131 0.0083 0.0185 0.1077 0.0266 0.0352 0.0357 0.0120 0.0096 0.0246 
        D507  6 0.0638 0.1034 0.0312 0.0440 0.0234 0.1419 0.1816 0.2487 0.0977 0.0450 0.0194 
        D508  6 0.0545 0.1976 0.0139 0.0247 0.0433 0.1142 0.1205 0.1345 0.1506 0.1003 0.0459 
        D529  6 0.0500 0.0332 0.0401 0.0442 0.0527 0.1124 0.1003 0.1127 0.0522 0.0388 0.3632 
        D530  6 0.0719 0.4147 0.0277 0.0253 0.0115 0.2190 0.0340 0.0308 0.0154 0.1176 0.0321 
        D531  6 0.0720 0.0874 0.0180 0.0679 0.2705 0.0809 0.1024 0.1413 0.0696 0.0456 0.0444 
        D532  6 0.2287 0.1271 0.0130 0.0226 0.0269 0.1895 0.1204 0.1418 0.0394 0.0146 0.0761 
        D534  6 0.0237 0.0480 0.3556 0.0167 0.0300 0.0682 0.1018 0.1226 0.1340 0.0530 0.0465 
        D535  6 0.3114 0.0267 0.0230 0.0692 0.0327 0.1322 0.1259 0.1425 0.0584 0.0347 0.0433 
        D536  6 0.0430 0.4137 0.0111 0.0152 0.0181 0.1941 0.0733 0.0931 0.0329 0.0230 0.0823 
        D554  6 0.2780 0.1151 0.0389 0.0353 0.0514 0.1211 0.1043 0.1009 0.0678 0.0368 0.0503 
        D587  6 0.3434 0.0301 0.0730 0.0400 0.0957 0.0502 0.1044 0.1206 0.0732 0.0217 0.0476 
        D588  6 0.0602 0.0217 0.0099 0.0333 0.0269 0.0859 0.3629 0.2844 0.0419 0.0229 0.0499 
        D589  6 0.0436 0.2408 0.0238 0.0413 0.0338 0.0784 0.1749 0.2207 0.0639 0.0426 0.0362 
        D590  6 0.1151 0.0856 0.0189 0.0155 0.0643 0.4573 0.0742 0.0961 0.0353 0.0115 0.0261 
        D591  6 0.0662 0.0992 0.0656 0.2278 0.0355 0.0231 0.1537 0.1506 0.0968 0.0288 0.0528 
        D592  6 0.0358 0.0390 0.3975 0.0269 0.1381 0.1031 0.0691 0.0700 0.0379 0.0569 0.0259 
        D593  6 0.0512 0.4123 0.0129 0.0253 0.0084 0.1725 0.0163 0.0155 0.0102 0.2636 0.0118 
        D682  6 0.6403 0.0264 0.0219 0.0404 0.1090 0.0345 0.0312 0.0471 0.0218 0.0100 0.0174 
        D683  6 0.0632 0.0426 0.0295 0.0294 0.1859 0.0357 0.1076 0.1122 0.1156 0.2234 0.0549 
        D684  6 0.0186 0.0605 0.0234 0.0188 0.0665 0.0430 0.2135 0.2008 0.1444 0.1180 0.0925 
        D685  6 0.0431 0.1187 0.0160 0.0438 0.0147 0.0412 0.2801 0.2448 0.0385 0.1142 0.0449 
        D686  6 0.1626 0.2214 0.0137 0.0113 0.0121 0.3102 0.1103 0.0986 0.0205 0.0097 0.0297 
        D724  6 0.0325 0.1046 0.0278 0.0259 0.0564 0.1415 0.1020 0.1051 0.1877 0.1849 0.0316 
        D725  6 0.0399 0.2403 0.1174 0.0568 0.0125 0.1064 0.1150 0.1023 0.0414 0.1192 0.0488 
        D726  6 0.5799 0.0243 0.0344 0.0500 0.0885 0.0306 0.0418 0.0465 0.0447 0.0185 0.0407 
        D727  6 0.1404 0.0259 0.0086 0.0328 0.0265 0.4741 0.0768 0.0992 0.0279 0.0239 0.0639 
        D728  6 0.4077 0.0571 0.0269 0.1379 0.0303 0.0607 0.0780 0.0992 0.0240 0.0589 0.0193 
        D729  6 0.1269 0.0176 0.0083 0.0098 0.0248 0.6732 0.0389 0.0307 0.0150 0.0157 0.0392 
        D730  6 0.0243 0.0344 0.0194 0.0236 0.0344 0.0366 0.0665 0.0734 0.6135 0.0464 0.0276 
        D731  6 0.5234 0.1519 0.0101 0.1136 0.0209 0.0306 0.0409 0.0441 0.0215 0.0173 0.0258 
        D732  6 0.0362 0.0532 0.0306 0.0454 0.0509 0.1383 0.1088 0.0942 0.1109 0.2859 0.0456 
        D733  6 0.0406 0.0965 0.1962 0.0595 0.0283 0.0310 0.0619 0.0483 0.2811 0.0667 0.0900 
     D237251  7 0.0186 0.0388 0.0118 0.0681 0.0101 0.0177 0.0601 0.0496 0.6794 0.0177 0.0282 
     D237252  7 0.0163 0.3640 0.0562 0.0796 0.0181 0.1111 0.0507 0.0614 0.0663 0.1376 0.0387 
     D237253  7 0.1124 0.0904 0.0172 0.0530 0.0371 0.0967 0.1808 0.2391 0.0905 0.0208 0.0620 
     D237254  7 0.0088 0.0122 0.0196 0.0077 0.0079 0.0103 0.0140 0.0128 0.0120 0.0122 0.8825 
     D237255  7 0.1046 0.2160 0.0260 0.1282 0.0236 0.0556 0.1389 0.1237 0.0745 0.0248 0.0840 
     D237256  7 0.0851 0.0679 0.0096 0.0416 0.0127 0.0268 0.3349 0.3094 0.0390 0.0407 0.0323 
     D237257  7 0.0558 0.0492 0.0159 0.0210 0.0168 0.0868 0.2187 0.1727 0.0355 0.0519 0.2759 
     D237282  7 0.0330 0.0636 0.1162 0.0290 0.2243 0.1422 0.0876 0.1043 0.0593 0.0229 0.1177 
     D237283  7 0.0175 0.0707 0.0192 0.0477 0.0071 0.0179 0.0266 0.0208 0.0208 0.7411 0.0106 
     D237284  7 0.0278 0.0324 0.0290 0.0234 0.0455 0.0339 0.0542 0.0763 0.0654 0.0458 0.5663 
     D237285  7 0.1325 0.2848 0.0177 0.0197 0.0147 0.2155 0.0725 0.0792 0.0284 0.0998 0.0353 
     D237286  7 0.2222 0.0443 0.0313 0.0287 0.0364 0.0882 0.1504 0.1949 0.1031 0.0172 0.0834 
     D237287  7 0.0549 0.0281 0.0149 0.2995 0.0243 0.1431 0.1566 0.1650 0.0450 0.0421 0.0265 
     D244006  7 0.0101 0.0104 0.0149 0.0099 0.0139 0.0139 0.0134 0.0143 0.0159 0.0127 0.8706 
     D244007  7 0.1039 0.0455 0.1329 0.0192 0.0178 0.2806 0.0906 0.0852 0.1447 0.0127 0.0670 
     D244008  7 0.0156 0.0293 0.0211 0.1040 0.0136 0.0192 0.0158 0.0157 0.0127 0.7425 0.0104 
     D244009  7 0.0197 0.0505 0.5267 0.0272 0.0247 0.0194 0.0436 0.0417 0.0996 0.1252 0.0216 
     D244010  7 0.0302 0.0591 0.0110 0.0453 0.0286 0.0368 0.0704 0.0707 0.0141 0.5838 0.0500 
     D244011  7 0.1346 0.0665 0.0239 0.0205 0.0151 0.0359 0.1761 0.1618 0.2703 0.0534 0.0419 
     D244012  7 0.0366 0.1449 0.0084 0.0353 0.0518 0.0922 0.0686 0.0990 0.0279 0.3794 0.0558 
     D244013  7 0.0795 0.0872 0.0317 0.0371 0.0295 0.0284 0.0845 0.0678 0.4354 0.0603 0.0584 
     D244014  7 0.0425 0.0474 0.0479 0.1848 0.0146 0.0927 0.1181 0.1173 0.2530 0.0630 0.0187 
     D244015  7 0.0281 0.0569 0.0592 0.1269 0.0458 0.1720 0.1654 0.2046 0.0219 0.0592 0.0600 
     D244125  7 0.1401 0.1187 0.0471 0.1441 0.0471 0.1030 0.1457 0.1375 0.0725 0.0238 0.0205 
     D244126  7 0.0086 0.0141 0.0128 0.0106 0.0161 0.0108 0.0175 0.0129 0.0234 0.8641 0.0092 
     D244130  7 0.0242 0.1343 0.0143 0.0143 0.0208 0.2501 0.2021 0.2251 0.0429 0.0335 0.0383 
     D244131  7 0.0903 0.0283 0.0534 0.0160 0.0872 0.0430 0.0594 0.0621 0.5035 0.0278 0.0290 
     D244132  7 0.1136 0.0617 0.1877 0.0803 0.0160 0.0362 0.1053 0.1112 0.2520 0.0195 0.0167 
        D520  7 0.0713 0.1260 0.0307 0.0481 0.0191 0.0855 0.1125 0.1353 0.0266 0.3106 0.0344 
        D521  7 0.0566 0.1686 0.0455 0.0284 0.0464 0.1441 0.1121 0.1055 0.1042 0.0845 0.1041 
        D522  7 0.0319 0.0309 0.5501 0.0462 0.0149 0.0169 0.0322 0.0337 0.2088 0.0144 0.0200 
        D523  7 0.0431 0.3056 0.0373 0.0319 0.0128 0.0434 0.0661 0.0530 0.3737 0.0186 0.0145 
        D524  7 0.0481 0.0692 0.0358 0.0656 0.0222 0.0382 0.0825 0.0712 0.4588 0.0551 0.0534 
        D525  7 0.0587 0.0964 0.0635 0.0153 0.1037 0.1080 0.2024 0.1595 0.0816 0.0538 0.0572 
        D526  7 0.0168 0.0168 0.0518 0.0479 0.0334 0.0278 0.0542 0.0392 0.0224 0.0825 0.6073 
        D527  7 0.0331 0.0391 0.0131 0.0403 0.0838 0.0171 0.0568 0.0529 0.6234 0.0268 0.0137 
        D528  7 0.0096 0.0098 0.0090 0.0095 0.0107 0.0190 0.3999 0.4689 0.0112 0.0369 0.0155 
        D558  7 0.0243 0.1329 0.0666 0.0286 0.0786 0.2223 0.0799 0.0566 0.1300 0.0476 0.1327 
        D559  7 0.0150 0.0882 0.0213 0.0154 0.0315 0.0525 0.0457 0.0360 0.6319 0.0231 0.0396 
        D640  7 0.0396 0.0535 0.0296 0.2412 0.0192 0.0557 0.1280 0.1894 0.1778 0.0357 0.0303 
        D641  7 0.0857 0.0780 0.0177 0.1989 0.0107 0.0620 0.1053 0.1093 0.0953 0.1754 0.0616 
        D642  7 0.0535 0.1086 0.0837 0.0141 0.0216 0.3656 0.1039 0.1077 0.0449 0.0233 0.0730 
        D644  7 0.0887 0.0672 0.0434 0.0570 0.0281 0.0870 0.1066 0.1060 0.1176 0.2543 0.0441 
        D645  7 0.0302 0.1305 0.0261 0.3447 0.0501 0.0352 0.0937 0.1063 0.1136 0.0468 0.0227 
        D662  7 0.0887 0.0475 0.2045 0.0308 0.0707 0.0747 0.1727 0.1664 0.1021 0.0110 0.0309 
        D687  7 0.0575 0.1335 0.0307 0.0432 0.0274 0.0147 0.0887 0.1007 0.4504 0.0340 0.0193 
        D688  7 0.0282 0.0946 0.0123 0.0126 0.0441 0.2404 0.1320 0.1088 0.0505 0.1184 0.1581 
        D689  7 0.0181 0.0116 0.0117 0.8467 0.0231 0.0121 0.0128 0.0093 0.0240 0.0192 0.0113 
        D700  7 0.0231 0.0111 0.0092 0.0082 0.0083 0.0139 0.4816 0.4048 0.0142 0.0097 0.0161 
        D797  7 0.0909 0.1892 0.0614 0.0640 0.1107 0.0287 0.0831 0.0705 0.2470 0.0317 0.0230 
        D798  7 0.0358 0.0609 0.0314 0.2013 0.0155 0.0718 0.2378 0.2349 0.0284 0.0559 0.0263 
        D799  7 0.0125 0.0200 0.0091 0.0292 0.0207 0.0131 0.0514 0.0894 0.6870 0.0369 0.0307 
        D800  7 0.0317 0.1181 0.0241 0.0372 0.4622 0.0238 0.0884 0.0802 0.0737 0.0150 0.0457 
        D201  9 0.0369 0.3373 0.0863 0.0249 0.0262 0.0850 0.0363 0.0390 0.2873 0.0230 0.0179 
        D202  9 0.0752 0.3489 0.0069 0.0157 0.0140 0.1716 0.0634 0.0425 0.0788 0.1699 0.0130 
     D237259  9 0.0260 0.0549 0.0111 0.0707 0.0145 0.0389 0.3619 0.3493 0.0262 0.0292 0.0174 
     D237260  9 0.0547 0.2594 0.0113 0.0273 0.0180 0.0349 0.1966 0.1540 0.0559 0.0352 0.1526 
     D237262  9 0.0201 0.0156 0.0354 0.0132 0.0305 0.0263 0.0476 0.0481 0.0229 0.5962 0.1442 
     D237263  9 0.0153 0.0788 0.0191 0.0162 0.1562 0.0415 0.0497 0.0721 0.2782 0.1970 0.0759 
     D237264  9 0.0649 0.2168 0.0377 0.0202 0.0849 0.0484 0.1378 0.1542 0.0430 0.0522 0.1398 
     D237265  9 0.0330 0.6769 0.0145 0.0134 0.0258 0.0513 0.0537 0.0527 0.0279 0.0369 0.0139 
     D237266  9 0.0388 0.1177 0.0107 0.1828 0.0351 0.3139 0.0811 0.1133 0.0263 0.0460 0.0345 
     D237267  9 0.2133 0.0447 0.0082 0.0630 0.0163 0.0520 0.2082 0.1812 0.0167 0.0992 0.0972 
     D237268  9 0.0150 0.0270 0.0207 0.0114 0.0325 0.0194 0.0276 0.0217 0.0188 0.7875 0.0184 
     D237289  9 0.0573 0.6244 0.0264 0.0442 0.0298 0.0344 0.0385 0.0394 0.0280 0.0592 0.0185 
     D237290  9 0.0163 0.5083 0.0167 0.0522 0.0558 0.0878 0.0764 0.0552 0.0369 0.0754 0.0190 
     D237291  9 0.0819 0.2537 0.0109 0.0230 0.0119 0.0532 0.1189 0.1256 0.2372 0.0087 0.0749 
     D237292  9 0.0343 0.5528 0.0270 0.0102 0.0170 0.1215 0.0687 0.0771 0.0178 0.0189 0.0548 
     D237293  9 0.0538 0.2421 0.0234 0.1845 0.0154 0.1872 0.0493 0.0507 0.0285 0.1402 0.0248 
     D237294  9 0.0583 0.2796 0.0504 0.0146 0.0172 0.0249 0.0936 0.1125 0.2502 0.0269 0.0718 
     D237295  9 0.1105 0.0311 0.0975 0.0732 0.2316 0.0555 0.0825 0.0524 0.0855 0.1268 0.0533 
     D237296  9 0.0753 0.0375 0.0585 0.0547 0.0232 0.0642 0.2356 0.2107 0.1571 0.0172 0.0660 
     D237297  9 0.1227 0.0897 0.0180 0.0295 0.0187 0.0942 0.2299 0.2065 0.0825 0.0504 0.0580 
     D237298  9 0.0137 0.0313 0.0427 0.0426 0.0627 0.0254 0.0612 0.0623 0.5295 0.0902 0.0385 
     D237341  9 0.0284 0.1285 0.0394 0.0488 0.0327 0.0562 0.1329 0.1278 0.3195 0.0282 0.0575 
     D237342  9 0.0504 0.0221 0.0104 0.0152 0.0277 0.0238 0.0313 0.0285 0.0315 0.7359 0.0231 
     D237343  9 0.0638 0.0616 0.0267 0.0346 0.0345 0.0467 0.1795 0.1879 0.1093 0.0386 0.2167 
     D237344  9 0.1757 0.1878 0.0186 0.1067 0.0323 0.1788 0.0694 0.1082 0.0350 0.0384 0.0491 
     D237345  9 0.0142 0.0458 0.2790 0.0140 0.0229 0.0336 0.0458 0.0532 0.0631 0.3607 0.0678 
     D237346  9 0.0868 0.1091 0.0653 0.0688 0.0187 0.0628 0.2024 0.2219 0.0709 0.0753 0.0178 
     D237347  9 0.2109 0.0301 0.0237 0.0525 0.0235 0.0623 0.0964 0.1346 0.2666 0.0361 0.0633 
     D237348  9 0.0480 0.2279 0.0348 0.0592 0.0259 0.2162 0.0561 0.0382 0.0599 0.1931 0.0408 
     D237349  9 0.0432 0.1084 0.0398 0.0222 0.0589 0.2889 0.0624 0.0672 0.2820 0.0118 0.0152 
     D244109  9 0.0163 0.0717 0.0155 0.0179 0.0333 0.0778 0.0497 0.0377 0.0240 0.0292 0.6271 
     D244110  9 0.0543 0.2074 0.0271 0.0576 0.0299 0.0999 0.0968 0.1036 0.0323 0.0304 0.2608 
     D244111  9 0.0620 0.1191 0.0235 0.0601 0.0214 0.1605 0.1088 0.0991 0.2585 0.0423 0.0448 
     D244128  9 0.0255 0.0352 0.0124 0.0133 0.0199 0.0234 0.0431 0.0427 0.0424 0.7149 0.0272 
     D244137  9 0.0322 0.0328 0.0578 0.0174 0.3602 0.0634 0.0670 0.0551 0.2584 0.0261 0.0298 
     D244138  9 0.0259 0.0999 0.0231 0.0218 0.0297 0.1072 0.1672 0.1613 0.2859 0.0471 0.0309 
        D580  9 0.0337 0.0917 0.2924 0.0344 0.0139 0.0918 0.0922 0.0764 0.0198 0.2316 0.0222 
        D581  9 0.0099 0.7515 0.0250 0.0146 0.0157 0.0543 0.0286 0.0423 0.0241 0.0220 0.0121 
        D582  9 0.0124 0.0131 0.0190 0.0136 0.0147 0.0135 0.0155 0.0134 0.0218 0.8341 0.0289 
        D583  9 0.0189 0.3150 0.0239 0.0470 0.0173 0.1429 0.0904 0.0804 0.2085 0.0304 0.0253 
        D584  9 0.0651 0.2875 0.0499 0.0416 0.0130 0.2594 0.0928 0.0782 0.0248 0.0569 0.0308 
        D585  9 0.0262 0.0312 0.0229 0.0180 0.0413 0.0326 0.0631 0.0455 0.0264 0.6739 0.0187 
        D586  9 0.0426 0.0879 0.0128 0.0364 0.0336 0.0286 0.2382 0.2165 0.2631 0.0152 0.0250 
        D651  9 0.0167 0.0126 0.1131 0.6680 0.0382 0.0194 0.0317 0.0282 0.0182 0.0259 0.0280 
        D652  9 0.0265 0.0988 0.0243 0.0140 0.1115 0.1590 0.0522 0.0810 0.3830 0.0210 0.0288 
        D653  9 0.0537 0.0338 0.0300 0.1037 0.0149 0.0465 0.2360 0.1717 0.1923 0.0875 0.0297 
        D654  9 0.0326 0.0530 0.0496 0.0582 0.0481 0.1686 0.2144 0.1836 0.0535 0.0481 0.0903 
        D655  9 0.0841 0.0683 0.0211 0.2379 0.0316 0.1135 0.1684 0.1362 0.0715 0.0470 0.0203 
        D656  9 0.0880 0.0233 0.0298 0.0179 0.0114 0.4977 0.0596 0.0781 0.0151 0.0532 0.1259 
        D657  9 0.0299 0.1293 0.0485 0.0270 0.0208 0.1701 0.1031 0.0974 0.0622 0.0395 0.2722 
        D667  9 0.0205 0.0187 0.0100 0.8377 0.0124 0.0226 0.0151 0.0160 0.0103 0.0139 0.0229 
        D668  9 0.0314 0.0852 0.1324 0.2518 0.0130 0.0377 0.1172 0.1292 0.0308 0.1526 0.0186 
        D669  9 0.0168 0.6079 0.0518 0.0332 0.0256 0.0242 0.0455 0.0599 0.0783 0.0354 0.0214 
        D670  9 0.0447 0.0247 0.0273 0.3452 0.0139 0.1386 0.1653 0.1807 0.0140 0.0243 0.0212 
        D671  9 0.0241 0.3920 0.0535 0.0157 0.0729 0.0617 0.1021 0.1243 0.0937 0.0134 0.0467 
        D672  9 0.0238 0.1072 0.1051 0.0855 0.0513 0.0373 0.0785 0.0797 0.0737 0.3370 0.0209 
        D673  9 0.0440 0.0294 0.1523 0.4205 0.0153 0.0386 0.0936 0.0718 0.0448 0.0758 0.0138 
        D692  9 0.1084 0.0601 0.0140 0.0171 0.0113 0.4639 0.0639 0.0581 0.0116 0.1426 0.0493 
        D693  9 0.0414 0.0574 0.0567 0.5685 0.0149 0.0889 0.0426 0.0348 0.0239 0.0479 0.0231 
        D694  9 0.0514 0.0899 0.0264 0.0130 0.0137 0.0397 0.1297 0.0881 0.0243 0.1507 0.3730 
        D695  9 0.0352 0.0543 0.1696 0.1353 0.1032 0.0744 0.0984 0.0854 0.0500 0.1710 0.0231 
        D696  9 0.7321 0.0155 0.0492 0.0172 0.0457 0.0462 0.0206 0.0264 0.0213 0.0123 0.0137 
        D697  9 0.0256 0.0167 0.0247 0.8068 0.0154 0.0163 0.0217 0.0187 0.0272 0.0145 0.0125 
        D698  9 0.2151 0.1779 0.0249 0.1098 0.0189 0.0812 0.1277 0.0931 0.0301 0.0993 0.0220 
        D699  9 0.0896 0.1624 0.0251 0.4239 0.0088 0.1362 0.0339 0.0383 0.0186 0.0480 0.0150 
        D787  9 0.0389 0.0775 0.0178 0.0884 0.1028 0.2302 0.1046 0.1138 0.1675 0.0313 0.0272 
        D788  9 0.0729 0.1285 0.0171 0.3978 0.0123 0.0898 0.0563 0.0529 0.0293 0.1286 0.0145 
        D789  9 0.1058 0.1089 0.0187 0.0494 0.0308 0.0689 0.1452 0.1057 0.0319 0.1840 0.1509 
        D790  9 0.0234 0.0370 0.0337 0.5926 0.0169 0.0843 0.0612 0.0631 0.0463 0.0222 0.0195 
        D791  9 0.0766 0.4548 0.0116 0.0189 0.0145 0.0487 0.0604 0.0620 0.0821 0.1181 0.0522 
        D792  9 0.0281 0.0399 0.0237 0.0944 0.1400 0.1109 0.1216 0.1108 0.0628 0.0152 0.2525 
        D793  9 0.0684 0.0128 0.0115 0.7646 0.0390 0.0223 0.0205 0.0199 0.0142 0.0145 0.0124 
        D794  9 0.1035 0.0382 0.0508 0.3012 0.0684 0.0605 0.0801 0.1082 0.0535 0.0300 0.1056 
        D795  9 0.0414 0.0712 0.0128 0.0190 0.0262 0.0877 0.0430 0.0423 0.0303 0.6135 0.0127 
        D796  9 0.0192 0.0313 0.0094 0.7381 0.0119 0.0229 0.0263 0.0325 0.0279 0.0700 0.0105 
        D005 12 0.0195 0.0115 0.0134 0.0109 0.0099 0.0301 0.0227 0.0235 0.0186 0.0191 0.8208 
        D035 12 0.0196 0.0126 0.0120 0.8528 0.0100 0.0097 0.0229 0.0234 0.0143 0.0120 0.0106 
        D067 12 0.0627 0.0504 0.0161 0.3696 0.0331 0.0689 0.1215 0.1028 0.0577 0.0869 0.0302 
        D134 12 0.0399 0.0397 0.0096 0.0269 0.0193 0.0658 0.3044 0.2611 0.0856 0.0936 0.0541 
        D135 12 0.0386 0.0577 0.0301 0.0439 0.0180 0.0342 0.3585 0.3085 0.0397 0.0449 0.0259 
        D136 12 0.1013 0.0295 0.1113 0.0742 0.1481 0.0556 0.1736 0.1578 0.0227 0.0288 0.0971 
        D137 12 0.0275 0.0933 0.0301 0.4084 0.0155 0.0332 0.1466 0.1245 0.0508 0.0450 0.0252 
        D138 12 0.0891 0.1521 0.0568 0.1104 0.0574 0.1657 0.0930 0.1108 0.1144 0.0285 0.0218 
        D139 12 0.0452 0.1191 0.0238 0.0271 0.0484 0.1206 0.1316 0.1204 0.2458 0.0598 0.0582 
        D140 12 0.0247 0.0194 0.0303 0.7659 0.0217 0.0258 0.0343 0.0286 0.0183 0.0145 0.0164 
        D141 12 0.0112 0.0210 0.2729 0.1223 0.0098 0.0232 0.0336 0.0266 0.0170 0.4255 0.0368 
        D150 12 0.0438 0.2220 0.0112 0.0177 0.0169 0.3118 0.1181 0.1115 0.0308 0.0185 0.0977 
        D177 12 0.0933 0.0263 0.0086 0.0576 0.0229 0.1779 0.2452 0.2545 0.0386 0.0442 0.0308 
        D178 12 0.0203 0.0260 0.0540 0.0249 0.4664 0.0386 0.1059 0.0979 0.0740 0.0165 0.0754 
        D179 12 0.1489 0.0389 0.0695 0.0836 0.0277 0.0661 0.1704 0.2264 0.0636 0.0269 0.0781 
        D180 12 0.0183 0.0225 0.0129 0.3094 0.0157 0.0493 0.0792 0.0939 0.0215 0.2956 0.0818 
        D187 12 0.0268 0.0278 0.0101 0.7487 0.0135 0.0170 0.0300 0.0313 0.0312 0.0497 0.0139 
        D188 12 0.0359 0.0256 0.1134 0.0206 0.0136 0.1665 0.0769 0.0763 0.0311 0.2355 0.2046 
        D191 12 0.0309 0.1313 0.2352 0.1206 0.0205 0.0364 0.0549 0.0633 0.2124 0.0420 0.0526 
        D418 12 0.0148 0.0971 0.3215 0.1097 0.0155 0.0583 0.0734 0.1249 0.0917 0.0648 0.0282 
        D601 12 0.0290 0.0216 0.0125 0.0231 0.0184 0.0195 0.0402 0.0563 0.0157 0.4031 0.3607 
        D836 12 0.0110 0.0133 0.0122 0.1848 0.0106 0.0143 0.0252 0.0280 0.0308 0.6288 0.0409 
        D837 12 0.0362 0.0385 0.0423 0.0298 0.1233 0.0300 0.0580 0.0539 0.5299 0.0349 0.0232 
        D838 12 0.0337 0.0263 0.0160 0.7183 0.0250 0.0169 0.0290 0.0286 0.0826 0.0125 0.0111 
        D839 12 0.0316 0.3891 0.0379 0.0271 0.0473 0.1100 0.0980 0.0814 0.0883 0.0495 0.0398 
        D840 12 0.0340 0.0244 0.0854 0.0898 0.0273 0.0264 0.0874 0.0985 0.4689 0.0372 0.0206 
        D841 12 0.0129 0.0113 0.0131 0.8755 0.0073 0.0104 0.0143 0.0141 0.0204 0.0102 0.0108 
        D842 12 0.0135 0.1754 0.1682 0.0107 0.0182 0.2263 0.0763 0.1085 0.1160 0.0244 0.0626 
        D843 12 0.0943 0.0514 0.0127 0.1834 0.0469 0.0899 0.1331 0.1502 0.0627 0.1354 0.0401 
        D844 12 0.0191 0.3208 0.0595 0.0098 0.0786 0.0376 0.0357 0.0413 0.3235 0.0186 0.0556 
        D912 12 0.0917 0.0243 0.0671 0.0203 0.0713 0.0154 0.0321 0.0356 0.6067 0.0094 0.0261 
        D913 12 0.0315 0.1827 0.0147 0.1098 0.0398 0.0694 0.2457 0.1753 0.0547 0.0152 0.0613 
        D914 12 0.0911 0.0171 0.0177 0.0423 0.0177 0.0159 0.0795 0.0984 0.5572 0.0271 0.0360 
        D922 12 0.0241 0.0180 0.0269 0.7296 0.0160 0.0149 0.0196 0.0176 0.0265 0.0944 0.0124 
        D939 12 0.0276 0.0278 0.0256 0.0949 0.0107 0.0260 0.0313 0.0325 0.0358 0.6512 0.0367 
        D944 12 0.0229 0.1333 0.0467 0.0482 0.0239 0.0440 0.2602 0.3061 0.0224 0.0095 0.0827 
        D945 12 0.0893 0.0602 0.0241 0.0798 0.0249 0.0945 0.2110 0.1643 0.0777 0.1239 0.0503 
        D985 12 0.0858 0.0483 0.0795 0.0841 0.0281 0.0942 0.1245 0.1239 0.0123 0.0502 0.2691 
        D986 12 0.0221 0.0269 0.0136 0.0135 0.0454 0.0250 0.1247 0.1414 0.5154 0.0363 0.0356 
        D987 12 0.0701 0.0265 0.0611 0.0165 0.0340 0.0128 0.0578 0.0738 0.5839 0.0144 0.0491 
        D988 12 0.0957 0.0446 0.0192 0.0231 0.0336 0.0493 0.1415 0.1727 0.2480 0.0960 0.0763 
        D996 12 0.0431 0.0223 0.0212 0.1583 0.0266 0.0309 0.1571 0.1098 0.3312 0.0279 0.0716 
        D997 12 0.0455 0.0292 0.0144 0.0479 0.0239 0.0220 0.0637 0.0702 0.0649 0.5653 0.0530 
        D998 12 0.0950 0.0658 0.0145 0.1444 0.0313 0.0523 0.2699 0.2561 0.0207 0.0265 0.0235 
        D999 12 0.0455 0.5510 0.0464 0.0248 0.0149 0.0575 0.0460 0.0638 0.1067 0.0283 0.0150 
