        D174  1 0.0234 0.0518 0.0710 0.0242 0.0636 0.0404 0.0978 0.4934 0.0587 0.0344 0.0413 
        D199  1 0.0701 0.0407 0.1931 0.0464 0.0625 0.0643 0.1090 0.1194 0.1729 0.0668 0.0549 
        D203  1 0.0492 0.0599 0.0761 0.0397 0.1426 0.1698 0.1502 0.0799 0.0943 0.0672 0.0712 
        D204  1 0.0193 0.0558 0.0342 0.0273 0.0547 0.6676 0.0226 0.0331 0.0267 0.0225 0.0362 
     D237366  1 0.0307 0.0580 0.0503 0.0318 0.0631 0.0222 0.5003 0.0412 0.0628 0.1098 0.0299 
     D237367  1 0.1478 0.0621 0.0798 0.0623 0.1035 0.0301 0.1954 0.0268 0.1301 0.0458 0.1163 
     D237368  1 0.0419 0.1253 0.0655 0.0461 0.0363 0.1475 0.1954 0.1705 0.0723 0.0339 0.0652 
     D244101  1 0.0137 0.0669 0.1458 0.0229 0.2797 0.0819 0.0334 0.0333 0.1370 0.1086 0.0768 
     D244102  1 0.0748 0.0457 0.0903 0.0413 0.2455 0.0390 0.0456 0.0901 0.0862 0.1456 0.0960 
     D244103  1 0.0472 0.0324 0.1021 0.0376 0.0448 0.0311 0.4022 0.0608 0.1181 0.0736 0.0500 
     D244104  1 0.0288 0.0273 0.0282 0.4060 0.0386 0.3113 0.0245 0.0351 0.0369 0.0425 0.0208 
     D244105  1 0.0270 0.2428 0.1244 0.1077 0.0779 0.0157 0.1067 0.0330 0.1624 0.0704 0.0321 
     D244106  1 0.0117 0.0204 0.0507 0.0163 0.0720 0.1819 0.0306 0.3615 0.0575 0.1695 0.0277 
     D244107  1 0.1308 0.0214 0.0821 0.0378 0.0483 0.0234 0.2785 0.0166 0.1138 0.0273 0.2199 
     D244108  1 0.0244 0.3517 0.1132 0.0267 0.0401 0.0243 0.0203 0.2125 0.0578 0.0250 0.1041 
     D244113  1 0.0311 0.0284 0.0742 0.0250 0.0325 0.0110 0.0465 0.6359 0.0444 0.0207 0.0502 
     D244114  1 0.0133 0.0294 0.1689 0.0376 0.1049 0.0191 0.1017 0.1345 0.1610 0.2024 0.0272 
     D244115  1 0.0272 0.0458 0.0818 0.0293 0.0638 0.2539 0.0255 0.1994 0.1114 0.1152 0.0469 
     D267365  1 0.0408 0.0441 0.0920 0.0323 0.2144 0.0775 0.0697 0.1127 0.1035 0.1762 0.0369 
        D404  1 0.0306 0.0191 0.0921 0.0179 0.0527 0.0386 0.0259 0.6065 0.0353 0.0293 0.0520 
        D405  1 0.0670 0.0126 0.1390 0.0436 0.1326 0.1281 0.0460 0.1406 0.0711 0.0687 0.1508 
        D406  1 0.0096 0.8872 0.0105 0.0097 0.0115 0.0118 0.0137 0.0127 0.0113 0.0126 0.0094 
        D407  1 0.0156 0.0241 0.0482 0.0318 0.0224 0.1671 0.3916 0.0705 0.0518 0.0324 0.1446 
        D408  1 0.0272 0.0164 0.0600 0.0454 0.0411 0.0480 0.0434 0.6168 0.0518 0.0292 0.0207 
        D409  1 0.0300 0.0360 0.1353 0.0544 0.0908 0.0978 0.1303 0.0475 0.1942 0.1034 0.0804 
        D410  1 0.0193 0.0957 0.1021 0.0222 0.0744 0.0386 0.0343 0.0426 0.1267 0.0276 0.4167 
        D421  1 0.0130 0.0114 0.0343 0.0391 0.0413 0.5721 0.1217 0.0411 0.0459 0.0212 0.0589 
        D422  1 0.0251 0.1029 0.1280 0.0144 0.0288 0.0426 0.2984 0.0208 0.1238 0.0677 0.1473 
        D423  1 0.0290 0.0607 0.0949 0.0289 0.0615 0.0139 0.2113 0.0182 0.0886 0.0186 0.3745 
        D424  1 0.0173 0.0229 0.0839 0.0351 0.0612 0.4183 0.0481 0.1389 0.1097 0.0430 0.0216 
        D425  1 0.0179 0.0246 0.1489 0.0766 0.2096 0.0427 0.0536 0.0924 0.2035 0.0430 0.0872 
        D426  1 0.0133 0.0182 0.1528 0.0529 0.0356 0.0281 0.2699 0.0743 0.2320 0.1006 0.0224 
        D427  1 0.0174 0.0081 0.0836 0.1032 0.0551 0.4295 0.0435 0.1057 0.0941 0.0304 0.0294 
        D428  1 0.0232 0.0472 0.0751 0.0352 0.0521 0.1226 0.1090 0.3275 0.0961 0.0498 0.0621 
        D429  1 0.0118 0.0180 0.0295 0.0138 0.1267 0.4938 0.0166 0.0701 0.0234 0.1744 0.0219 
        D430  1 0.0230 0.0172 0.1156 0.0292 0.0759 0.1089 0.0473 0.3692 0.1008 0.0847 0.0281 
        D491  1 0.0330 0.1302 0.0556 0.0573 0.0404 0.0361 0.0356 0.4706 0.0692 0.0409 0.0311 
        D492  1 0.0199 0.0949 0.0636 0.0183 0.0626 0.2840 0.0835 0.1166 0.0710 0.0401 0.1454 
        D537  1 0.0245 0.3418 0.0760 0.0335 0.0580 0.0918 0.1293 0.0415 0.0855 0.0313 0.0869 
        D538  1 0.0937 0.1252 0.0778 0.0311 0.0423 0.0542 0.1074 0.2171 0.0926 0.0291 0.1294 
        D539  1 0.0612 0.1112 0.0912 0.0379 0.0773 0.0407 0.0188 0.1206 0.0681 0.3295 0.0435 
        D540  1 0.0383 0.0146 0.1601 0.1401 0.0683 0.0313 0.1414 0.0638 0.1804 0.0507 0.1111 
        D541  1 0.0151 0.0142 0.0154 0.0169 0.0158 0.8476 0.0155 0.0139 0.0150 0.0129 0.0177 
        D551  1 0.0147 0.0332 0.1520 0.0193 0.0348 0.0187 0.2201 0.0389 0.2878 0.1555 0.0251 
        D552  1 0.0267 0.5062 0.0392 0.0659 0.0776 0.0371 0.0214 0.0606 0.0409 0.1031 0.0215 
        D553  1 0.0556 0.0144 0.0614 0.0950 0.0962 0.3893 0.1057 0.0304 0.0785 0.0419 0.0318 
        D615  1 0.0547 0.0257 0.0712 0.0371 0.0553 0.4757 0.0211 0.0578 0.0630 0.0929 0.0456 
        D616  1 0.0278 0.0349 0.0570 0.0271 0.0400 0.5416 0.0471 0.0204 0.0754 0.0521 0.0765 
        D621  1 0.0260 0.6950 0.0312 0.0322 0.0257 0.0131 0.0150 0.0689 0.0280 0.0329 0.0319 
        D622  1 0.0238 0.7648 0.0248 0.0286 0.0257 0.0195 0.0199 0.0245 0.0268 0.0213 0.0203 
        D623  1 0.0243 0.0416 0.1464 0.0244 0.0558 0.0244 0.0422 0.3034 0.0895 0.0245 0.2235 
        D624  1 0.0262 0.0223 0.1119 0.0639 0.0261 0.1637 0.0276 0.3591 0.1352 0.0369 0.0270 
        D625  1 0.1058 0.0936 0.0353 0.0142 0.0220 0.6052 0.0211 0.0209 0.0386 0.0274 0.0159 
        D626  1 0.0472 0.0259 0.0541 0.5319 0.0343 0.0368 0.0574 0.1018 0.0501 0.0339 0.0266 
        D627  1 0.0409 0.0470 0.1238 0.0232 0.0411 0.0691 0.3023 0.0504 0.2202 0.0575 0.0246 
        D690  1 0.0335 0.0152 0.0196 0.0269 0.0218 0.7451 0.0168 0.0654 0.0237 0.0161 0.0158 
        D691  1 0.0193 0.7718 0.0192 0.0176 0.0263 0.0468 0.0276 0.0118 0.0231 0.0226 0.0140 
        D710  1 0.0716 0.0312 0.0817 0.1379 0.0825 0.0792 0.1404 0.1612 0.1036 0.0380 0.0726 
        D711  1 0.0194 0.0254 0.0189 0.0093 0.0294 0.7821 0.0195 0.0252 0.0195 0.0240 0.0272 
        D712  1 0.0410 0.0737 0.0600 0.1274 0.0677 0.0135 0.1015 0.3587 0.0557 0.0615 0.0392 
        D713  1 0.0275 0.2185 0.0866 0.0209 0.0667 0.0274 0.0823 0.2142 0.1364 0.0328 0.0867 
        D746  1 0.0182 0.7103 0.0196 0.0347 0.0209 0.0758 0.0328 0.0174 0.0187 0.0319 0.0197 
        D747  1 0.0132 0.0115 0.0155 0.0149 0.0213 0.8419 0.0132 0.0147 0.0155 0.0171 0.0213 
        D748  1 0.0183 0.7437 0.0181 0.0258 0.0186 0.0635 0.0202 0.0275 0.0234 0.0241 0.0169 
        D749  1 0.0226 0.1707 0.1511 0.0288 0.0850 0.0272 0.0519 0.0456 0.1735 0.0689 0.1746 
        D750  1 0.0147 0.0263 0.0268 0.0207 0.0233 0.3917 0.0154 0.4008 0.0233 0.0377 0.0192 
        D763  1 0.0439 0.2222 0.0905 0.1827 0.0572 0.0380 0.0677 0.0216 0.0811 0.1620 0.0331 
        D764  1 0.0164 0.0273 0.0212 0.0195 0.0189 0.5174 0.0201 0.3049 0.0264 0.0112 0.0169 
        D765  1 0.0434 0.0429 0.1450 0.0736 0.0702 0.0097 0.0786 0.1122 0.2027 0.0757 0.1460 
        D766  1 0.0212 0.7418 0.0204 0.0410 0.0163 0.0128 0.0392 0.0278 0.0248 0.0256 0.0291 
        D767  1 0.1355 0.0803 0.0882 0.0291 0.1323 0.0858 0.1202 0.0298 0.0924 0.0536 0.1528 
        D768  1 0.0308 0.0593 0.1000 0.0485 0.0590 0.2839 0.1540 0.0261 0.1391 0.0413 0.0579 
        D811  1 0.0435 0.0309 0.0962 0.3414 0.0688 0.0141 0.0220 0.2586 0.0490 0.0222 0.0532 
        D816  1 0.0152 0.0192 0.0364 0.0143 0.2312 0.4217 0.0455 0.0351 0.0266 0.1349 0.0198 
        D825  1 0.0882 0.0407 0.0857 0.0476 0.1803 0.0656 0.0322 0.2327 0.0807 0.1048 0.0415 
        D866  1 0.0548 0.0240 0.1805 0.0565 0.1449 0.0685 0.0207 0.0744 0.0998 0.1315 0.1442 
        D867  1 0.0172 0.1003 0.0880 0.0200 0.0420 0.0144 0.4413 0.0388 0.1298 0.0450 0.0632 
        D871  1 0.0458 0.0494 0.1477 0.0250 0.0459 0.1108 0.1816 0.1644 0.1136 0.0680 0.0477 
        D872  1 0.0486 0.6497 0.0424 0.0354 0.0365 0.0446 0.0276 0.0204 0.0322 0.0208 0.0418 
        D873  1 0.0396 0.0153 0.0344 0.0114 0.0314 0.0162 0.0241 0.0246 0.0275 0.0176 0.7579 
        D874  1 0.0145 0.0307 0.0444 0.0277 0.2481 0.0508 0.0295 0.2867 0.0534 0.1850 0.0291 
        D875  1 0.0224 0.4163 0.0893 0.0117 0.0273 0.0321 0.1684 0.0349 0.0914 0.0577 0.0486 
        D876  1 0.0310 0.5657 0.0247 0.0577 0.0459 0.0444 0.0233 0.0975 0.0393 0.0564 0.0141 
        D877  1 0.0255 0.0325 0.1361 0.0161 0.0434 0.0471 0.0238 0.5120 0.0604 0.0434 0.0596 
        D892  1 0.0232 0.5945 0.0338 0.0182 0.0363 0.0634 0.0487 0.1049 0.0327 0.0304 0.0140 
        D893  1 0.0394 0.0712 0.0826 0.0449 0.2258 0.1278 0.1050 0.0283 0.1142 0.0922 0.0686 
        D894  1 0.0189 0.0106 0.0182 0.0098 0.0173 0.8201 0.0150 0.0209 0.0231 0.0300 0.0161 
        D915  1 0.0573 0.2924 0.0640 0.0312 0.1498 0.0499 0.1045 0.0452 0.0704 0.0608 0.0746 
        D916  1 0.0099 0.0107 0.0093 0.0093 0.0093 0.9046 0.0087 0.0114 0.0094 0.0097 0.0079 
        D917  1 0.1520 0.0173 0.1466 0.0396 0.0593 0.0514 0.1751 0.0975 0.1395 0.0289 0.0928 
        D925  1 0.0940 0.0758 0.0891 0.0329 0.0731 0.1309 0.0283 0.0731 0.0989 0.0877 0.2162 
        D926  1 0.0277 0.0261 0.0668 0.0217 0.2255 0.2009 0.0403 0.0528 0.0947 0.2256 0.0180 
        D927  1 0.0328 0.0368 0.0815 0.0334 0.1800 0.0909 0.1727 0.0340 0.0787 0.2349 0.0242 
        D928  1 0.0113 0.0308 0.0377 0.0269 0.0190 0.0473 0.0251 0.7467 0.0259 0.0124 0.0170 
        D929  1 0.3119 0.0482 0.0718 0.0294 0.0837 0.0223 0.1425 0.1101 0.0686 0.0506 0.0610 
        D936  1 0.0221 0.0204 0.0363 0.0161 0.2801 0.2958 0.0235 0.0234 0.0365 0.2166 0.0293 
        D938  1 0.0136 0.8691 0.0121 0.0190 0.0127 0.0092 0.0136 0.0126 0.0114 0.0141 0.0124 
        D956  1 0.0213 0.0103 0.0491 0.0150 0.0299 0.1514 0.0156 0.6206 0.0343 0.0320 0.0203 
        D957  1 0.0468 0.6136 0.0451 0.0188 0.0397 0.0402 0.0261 0.0237 0.0296 0.0233 0.0930 
        D958  1 0.0104 0.8697 0.0119 0.0171 0.0100 0.0136 0.0118 0.0221 0.0107 0.0117 0.0109 
        D959  1 0.0111 0.0152 0.0640 0.0245 0.0193 0.0824 0.4857 0.0626 0.0719 0.0175 0.1458 
        D960  1 0.0161 0.5120 0.0577 0.0099 0.0301 0.0237 0.0436 0.0281 0.0569 0.0413 0.1808 
        D989  1 0.0160 0.0326 0.0622 0.1193 0.0983 0.0574 0.0957 0.3165 0.0972 0.0790 0.0258 
        D990  1 0.0993 0.0538 0.0842 0.0190 0.1697 0.0167 0.0388 0.0196 0.1027 0.0452 0.3511 
        D211  3 0.7375 0.0148 0.0209 0.0380 0.0231 0.0260 0.0543 0.0170 0.0238 0.0229 0.0217 
     D229639  3 0.0880 0.0180 0.1312 0.2002 0.1007 0.1031 0.0245 0.0860 0.1397 0.0715 0.0370 
     D237212  3 0.1358 0.0207 0.1167 0.0558 0.0619 0.1459 0.0556 0.0299 0.1207 0.0656 0.1914 
     D237213  3 0.2597 0.0445 0.0987 0.1717 0.0626 0.0138 0.0474 0.0228 0.0862 0.0505 0.1420 
     D237214  3 0.0124 0.0187 0.0167 0.0108 0.0157 0.0166 0.8416 0.0194 0.0199 0.0134 0.0148 
     D237215  3 0.0323 0.0111 0.3313 0.0386 0.0519 0.0122 0.0170 0.1037 0.0670 0.0272 0.3075 
     D237216  3 0.0433 0.0206 0.1900 0.1009 0.0883 0.0215 0.1091 0.0338 0.2902 0.0538 0.0486 
     D237217  3 0.2509 0.0634 0.0922 0.0821 0.0492 0.0180 0.1268 0.0138 0.1716 0.0908 0.0411 
     D237218  3 0.0422 0.0379 0.0500 0.0432 0.2272 0.0489 0.0222 0.0237 0.0523 0.4354 0.0171 
     D237219  3 0.1098 0.0553 0.0357 0.5656 0.0838 0.0205 0.0180 0.0148 0.0444 0.0239 0.0282 
     D237382  3 0.0795 0.1383 0.1343 0.0640 0.0523 0.0390 0.0661 0.2085 0.0450 0.0299 0.1432 
     D244127  3 0.0668 0.0413 0.0954 0.0856 0.0888 0.0115 0.0324 0.0232 0.1029 0.0320 0.4200 
     D244129  3 0.1240 0.0773 0.1007 0.0803 0.0505 0.0954 0.1358 0.0782 0.1243 0.0436 0.0899 
     D244133  3 0.0204 0.0291 0.0522 0.6120 0.0443 0.0665 0.0277 0.0391 0.0490 0.0254 0.0341 
     D244134  3 0.1110 0.0665 0.0504 0.5057 0.0803 0.0172 0.0209 0.0287 0.0466 0.0407 0.0319 
     D244135  3 0.1411 0.0225 0.0376 0.0218 0.0341 0.0238 0.5875 0.0162 0.0551 0.0235 0.0370 
     D244136  3 0.0205 0.0765 0.0966 0.2696 0.0528 0.0704 0.0660 0.1535 0.0824 0.0259 0.0859 
        D416  3 0.0391 0.0113 0.1280 0.3290 0.0680 0.0342 0.0707 0.0350 0.0947 0.1396 0.0505 
        D417  3 0.0207 0.1299 0.0694 0.0462 0.1108 0.2078 0.0240 0.0447 0.1222 0.1763 0.0481 
        D419  3 0.0918 0.1393 0.0768 0.2656 0.1297 0.0613 0.0248 0.0197 0.0752 0.0544 0.0614 
        D565  3 0.0234 0.0304 0.0362 0.0550 0.0651 0.0340 0.0279 0.6072 0.0458 0.0269 0.0481 
        D566  3 0.0213 0.0177 0.0909 0.0623 0.0635 0.0631 0.0308 0.4481 0.0876 0.0523 0.0625 
        D567  3 0.1109 0.0800 0.0691 0.0634 0.0904 0.2857 0.0429 0.0196 0.0717 0.0940 0.0722 
        D568  3 0.1149 0.1542 0.0601 0.1364 0.0883 0.0595 0.0272 0.0142 0.0677 0.2096 0.0680 
        D569  3 0.0905 0.0181 0.1164 0.0263 0.0687 0.0222 0.1728 0.0541 0.0875 0.0362 0.3072 
        D573  3 0.0429 0.0106 0.0895 0.0637 0.1280 0.3958 0.0231 0.0241 0.1332 0.0394 0.0497 
        D574  3 0.0466 0.0406 0.0850 0.0444 0.1408 0.0132 0.0764 0.3381 0.1003 0.0613 0.0532 
        D575  3 0.0471 0.0203 0.0227 0.8109 0.0130 0.0091 0.0178 0.0120 0.0167 0.0133 0.0171 
        D576  3 0.0373 0.0088 0.3095 0.1197 0.0389 0.0083 0.0292 0.1066 0.0833 0.0320 0.2262 
        D577  3 0.2256 0.1261 0.0606 0.0866 0.0443 0.1273 0.0911 0.0292 0.0981 0.0824 0.0287 
        D578  3 0.0122 0.0209 0.0188 0.0168 0.0179 0.0080 0.8437 0.0115 0.0234 0.0116 0.0153 
        D579  3 0.0329 0.0374 0.0620 0.0902 0.1522 0.1858 0.0300 0.1310 0.0662 0.1205 0.0919 
        D660  3 0.0610 0.0195 0.1264 0.0545 0.1992 0.0177 0.1017 0.0163 0.0839 0.0489 0.2710 
        D661  3 0.0151 0.0282 0.0182 0.0196 0.1245 0.0130 0.0134 0.0122 0.0248 0.7180 0.0130 
        D663  3 0.0581 0.0176 0.1856 0.0260 0.1700 0.0195 0.0460 0.0626 0.3120 0.0505 0.0520 
        D664  3 0.1035 0.0486 0.0974 0.1471 0.1657 0.0139 0.1027 0.0502 0.1089 0.0457 0.1163 
        D665  3 0.6297 0.0160 0.0599 0.0524 0.0438 0.0173 0.0310 0.0114 0.0591 0.0199 0.0595 
        D666  3 0.0220 0.0279 0.0341 0.7425 0.0276 0.0159 0.0256 0.0418 0.0228 0.0166 0.0231 
        D502  6 0.3574 0.0111 0.1675 0.0389 0.0342 0.0111 0.0322 0.0226 0.1033 0.0449 0.1768 
        D503  6 0.0446 0.0362 0.1399 0.0379 0.0618 0.0287 0.0291 0.0468 0.1093 0.3993 0.0664 
        D504  6 0.0171 0.0396 0.0987 0.0292 0.1299 0.1496 0.0447 0.0845 0.1261 0.2202 0.0605 
        D505  6 0.0453 0.0157 0.1014 0.0384 0.0594 0.0683 0.1385 0.2368 0.1478 0.0892 0.0592 
        D506  6 0.0118 0.0099 0.0233 0.0188 0.0161 0.0430 0.0324 0.7819 0.0312 0.0127 0.0190 
        D507  6 0.0476 0.0338 0.2234 0.0421 0.1213 0.0294 0.0357 0.0611 0.2134 0.0741 0.1180 
        D508  6 0.1328 0.0207 0.1857 0.0323 0.1422 0.0396 0.0360 0.0601 0.0955 0.1213 0.1337 
        D529  6 0.0419 0.0353 0.0926 0.0505 0.0624 0.0650 0.3714 0.0426 0.1317 0.0492 0.0574 
        D530  6 0.1859 0.0293 0.2318 0.0331 0.0233 0.0135 0.0349 0.0753 0.0354 0.0240 0.3134 
        D531  6 0.0475 0.0278 0.0998 0.0751 0.0976 0.2596 0.0390 0.0707 0.0967 0.1104 0.0759 
        D532  6 0.0210 0.0179 0.1464 0.0323 0.0679 0.0294 0.1220 0.1287 0.1473 0.0363 0.2507 
        D534  6 0.0524 0.3206 0.0767 0.0195 0.1136 0.0374 0.0571 0.0201 0.0966 0.0769 0.1292 
        D535  6 0.0444 0.0230 0.1009 0.0786 0.1090 0.0298 0.0756 0.2871 0.1333 0.0362 0.0821 
        D536  6 0.0335 0.0125 0.1924 0.0171 0.0368 0.0231 0.1294 0.0268 0.1139 0.1325 0.2820 
        D554  6 0.0467 0.0476 0.1250 0.0376 0.0675 0.0386 0.0672 0.3224 0.0815 0.0602 0.1056 
        D587  6 0.0226 0.0746 0.0770 0.0327 0.0973 0.0667 0.0359 0.3800 0.0985 0.0520 0.0626 
        D588  6 0.0306 0.0117 0.1878 0.0358 0.1614 0.0318 0.0541 0.0580 0.2917 0.0315 0.1056 
        D589  6 0.0646 0.0211 0.1394 0.0387 0.1801 0.0328 0.0378 0.0473 0.1182 0.2051 0.1148 
        D590  6 0.0139 0.0230 0.1633 0.0219 0.0655 0.0823 0.0949 0.0433 0.0938 0.0631 0.3349 
        D591  6 0.0447 0.0643 0.0980 0.1994 0.0626 0.0294 0.0575 0.1570 0.1530 0.1123 0.0218 
        D592  6 0.0740 0.3450 0.0627 0.0351 0.0599 0.1654 0.0319 0.0411 0.0647 0.0384 0.0817 
        D593  6 0.3382 0.0143 0.2679 0.0325 0.0186 0.0103 0.0142 0.0313 0.0229 0.0161 0.2335 
        D682  6 0.0115 0.0160 0.0422 0.0321 0.0225 0.0473 0.0194 0.7226 0.0353 0.0264 0.0246 
        D683  6 0.1731 0.0346 0.0994 0.0287 0.0806 0.1700 0.0550 0.0695 0.1615 0.0915 0.0360 
        D684  6 0.1496 0.0235 0.1417 0.0259 0.1558 0.0989 0.0764 0.0214 0.1599 0.0872 0.0599 
        D685  6 0.1225 0.0180 0.2028 0.0545 0.0494 0.0153 0.0487 0.0489 0.2614 0.1220 0.0565 
        D686  6 0.0159 0.0161 0.1414 0.0142 0.0366 0.0131 0.0671 0.1032 0.1088 0.0218 0.4618 
        D724  6 0.1663 0.0378 0.0916 0.0349 0.1620 0.0486 0.0340 0.0277 0.0804 0.2107 0.1060 
        D725  6 0.1463 0.1190 0.1734 0.0652 0.0850 0.0141 0.0588 0.0363 0.1138 0.0760 0.1119 
        D726  6 0.0196 0.0320 0.0395 0.0424 0.0442 0.0483 0.0319 0.6308 0.0448 0.0428 0.0237 
        D727  6 0.0279 0.0098 0.1209 0.0503 0.0976 0.0539 0.2453 0.0549 0.1044 0.0297 0.2053 
        D728  6 0.0678 0.0272 0.0934 0.1192 0.0372 0.0238 0.0283 0.4131 0.0798 0.0253 0.0848 
        D729  6 0.0213 0.0125 0.0689 0.0151 0.0799 0.0488 0.2293 0.0210 0.0567 0.0131 0.4333 
        D730  6 0.0536 0.0211 0.0803 0.0352 0.2933 0.0402 0.0356 0.0252 0.0776 0.2559 0.0819 
        D731  6 0.0194 0.0118 0.0831 0.0784 0.0308 0.0174 0.0294 0.5759 0.0341 0.0913 0.0283 
        D732  6 0.2702 0.0334 0.1028 0.0604 0.1281 0.0784 0.0590 0.0283 0.0955 0.0455 0.0984 
        D733  6 0.0746 0.1465 0.0661 0.0605 0.1470 0.0314 0.0621 0.0528 0.0582 0.2342 0.0667 
     D237251  7 0.0202 0.0128 0.0582 0.0793 0.3141 0.0156 0.0310 0.0263 0.0714 0.3487 0.0223 
     D237252  7 0.1506 0.0497 0.1367 0.0911 0.0461 0.0187 0.0341 0.0147 0.0599 0.3264 0.0720 
     D237253  7 0.0216 0.0214 0.1762 0.0660 0.1273 0.0364 0.0695 0.1261 0.1933 0.1113 0.0509 
     D237254  7 0.0171 0.0245 0.0162 0.0114 0.0138 0.0106 0.8461 0.0109 0.0192 0.0179 0.0123 
     D237255  7 0.0261 0.0293 0.1695 0.1280 0.0900 0.0273 0.0604 0.1124 0.1250 0.1784 0.0536 
     D237256  7 0.0609 0.0140 0.2267 0.0466 0.1057 0.0133 0.0269 0.0606 0.3124 0.0536 0.0793 
     D237257  7 0.0539 0.0235 0.1594 0.0217 0.0852 0.0187 0.2755 0.0509 0.2109 0.0358 0.0645 
     D237282  7 0.0276 0.1215 0.0953 0.0336 0.0761 0.2159 0.1352 0.0232 0.1059 0.0463 0.1194 
     D237283  7 0.6991 0.0190 0.0389 0.0558 0.0187 0.0097 0.0141 0.0169 0.0457 0.0571 0.0248 
     D237284  7 0.0608 0.0340 0.0500 0.0323 0.0583 0.0512 0.4991 0.0347 0.0746 0.0750 0.0301 
     D237285  7 0.1243 0.0233 0.2239 0.0248 0.0490 0.0132 0.0626 0.0762 0.0718 0.0674 0.2635 
     D237286  7 0.0222 0.0294 0.1423 0.0288 0.1742 0.0353 0.0572 0.2191 0.1417 0.0415 0.1083 
     D237287  7 0.0533 0.0168 0.1130 0.3493 0.0683 0.0272 0.0451 0.0814 0.1369 0.0545 0.0542 
     D244006  7 0.0170 0.0166 0.0191 0.0124 0.0212 0.0171 0.8279 0.0134 0.0198 0.0157 0.0199 
     D244007  7 0.0159 0.1277 0.0774 0.0280 0.1747 0.0281 0.2098 0.0390 0.0765 0.0726 0.1502 
     D244008  7 0.6746 0.0365 0.0309 0.1061 0.0165 0.0168 0.0157 0.0210 0.0359 0.0223 0.0238 
     D244009  7 0.0953 0.4717 0.0425 0.0383 0.0624 0.0261 0.0213 0.0260 0.0537 0.1292 0.0335 
     D244010  7 0.5425 0.0127 0.0716 0.0453 0.0322 0.0329 0.0461 0.0415 0.0910 0.0262 0.0581 
     D244011  7 0.0686 0.0196 0.1027 0.0272 0.3056 0.0164 0.0336 0.1055 0.1070 0.1642 0.0496 
     D244012  7 0.3643 0.0108 0.1234 0.0329 0.0760 0.0784 0.0359 0.0314 0.0566 0.0519 0.1384 
     D244013  7 0.0563 0.0320 0.0723 0.0359 0.4199 0.0285 0.0264 0.0713 0.0507 0.1393 0.0673 
     D244014  7 0.0647 0.0541 0.0902 0.1983 0.2187 0.0157 0.0267 0.0230 0.1105 0.0731 0.1250 
     D244015  7 0.0523 0.0660 0.1141 0.1839 0.0582 0.0442 0.0431 0.0242 0.1243 0.0243 0.2654 
     D244125  7 0.0281 0.0478 0.1699 0.1140 0.0888 0.0424 0.0284 0.1350 0.1410 0.0486 0.1560 
     D244126  7 0.8258 0.0162 0.0189 0.0145 0.0185 0.0242 0.0105 0.0108 0.0185 0.0190 0.0230 
     D244130  7 0.0448 0.0187 0.1262 0.0177 0.1232 0.0228 0.0193 0.0199 0.1241 0.0297 0.4535 
     D244131  7 0.0391 0.0630 0.0418 0.0205 0.3769 0.0895 0.0332 0.1086 0.0529 0.1186 0.0560 
     D244132  7 0.0240 0.1532 0.1157 0.0754 0.1629 0.0198 0.0205 0.1404 0.1347 0.0881 0.0653 
        D520  7 0.2922 0.0315 0.1604 0.0592 0.0332 0.0236 0.0751 0.0645 0.1445 0.0524 0.0634 
        D521  7 0.1312 0.0516 0.1503 0.0315 0.1580 0.0380 0.0585 0.0511 0.0786 0.0403 0.2108 
        D522  7 0.0205 0.5246 0.0324 0.0621 0.0914 0.0164 0.0239 0.0555 0.0400 0.1156 0.0176 
        D523  7 0.0168 0.0216 0.0406 0.0391 0.1405 0.0148 0.0228 0.0386 0.0482 0.5950 0.0220 
        D524  7 0.0449 0.0332 0.0621 0.0609 0.2720 0.0270 0.0577 0.0570 0.0742 0.2606 0.0502 
        D525  7 0.0768 0.0708 0.1416 0.0210 0.1183 0.1325 0.0690 0.0712 0.1230 0.0557 0.1201 
        D526  7 0.0684 0.0586 0.0271 0.0641 0.0264 0.0418 0.5912 0.0166 0.0546 0.0223 0.0288 
        D527  7 0.0331 0.0149 0.0499 0.0529 0.2794 0.1126 0.0186 0.0340 0.0525 0.3347 0.0175 
        D528  7 0.0339 0.0127 0.2329 0.0114 0.0181 0.0135 0.0203 0.0128 0.6175 0.0103 0.0167 
        D558  7 0.0541 0.0657 0.0623 0.0275 0.1140 0.0710 0.0916 0.0207 0.0571 0.0681 0.3680 
        D559  7 0.0311 0.0239 0.0512 0.0195 0.2511 0.0406 0.0325 0.0168 0.0646 0.3054 0.1634 
        D640  7 0.0327 0.0296 0.1122 0.2243 0.2080 0.0192 0.0279 0.0425 0.1201 0.0828 0.1006 
        D641  7 0.1316 0.0213 0.1220 0.1807 0.1935 0.0111 0.0463 0.0823 0.0849 0.0377 0.0886 
        D642  7 0.0269 0.0849 0.1046 0.0187 0.0654 0.0219 0.0782 0.0377 0.0851 0.0271 0.4493 
        D644  7 0.2497 0.0454 0.0843 0.0646 0.1176 0.0359 0.0540 0.0686 0.0929 0.0801 0.1070 
        D645  7 0.0390 0.0278 0.0769 0.3236 0.0900 0.0588 0.0222 0.0256 0.0819 0.2129 0.0413 
        D662  7 0.0124 0.1584 0.0628 0.0357 0.1224 0.0686 0.0219 0.0966 0.1147 0.0417 0.2648 
        D687  7 0.0449 0.0391 0.0604 0.0395 0.1532 0.0352 0.0182 0.0716 0.0930 0.4196 0.0252 
        D688  7 0.1157 0.0155 0.1181 0.0161 0.1058 0.0521 0.1008 0.0153 0.1167 0.0676 0.2764 
        D689  7 0.0237 0.0129 0.0171 0.8131 0.0206 0.0271 0.0120 0.0196 0.0170 0.0206 0.0164 
        D700  7 0.0138 0.0112 0.2104 0.0116 0.0178 0.0093 0.0233 0.0268 0.6449 0.0146 0.0163 
        D797  7 0.0366 0.0569 0.0438 0.0657 0.0844 0.1171 0.0354 0.1039 0.0623 0.3682 0.0256 
        D798  7 0.0603 0.0309 0.1322 0.2189 0.1070 0.0163 0.0181 0.0352 0.1293 0.0333 0.2185 
        D799  7 0.0623 0.0111 0.0668 0.0500 0.3358 0.0264 0.0360 0.0221 0.1128 0.2480 0.0289 
        D800  7 0.0174 0.0297 0.0824 0.0338 0.0619 0.4520 0.0348 0.0245 0.0717 0.1576 0.0342 
        D201  9 0.0231 0.0373 0.0436 0.0233 0.1020 0.0195 0.0297 0.0179 0.0592 0.6294 0.0151 
        D202  9 0.2128 0.0086 0.2281 0.0165 0.0639 0.0154 0.0163 0.0443 0.0542 0.0747 0.2651 
     D237259  9 0.0439 0.0119 0.2302 0.0679 0.0458 0.0157 0.0239 0.0257 0.4455 0.0261 0.0634 
     D237260  9 0.0482 0.0128 0.1547 0.0249 0.0595 0.0252 0.1103 0.0614 0.2338 0.2116 0.0576 
     D237262  9 0.6022 0.0396 0.0425 0.0150 0.0373 0.0338 0.1122 0.0320 0.0424 0.0155 0.0274 
     D237263  9 0.2056 0.0236 0.0601 0.0169 0.1729 0.1396 0.0595 0.0174 0.0691 0.1851 0.0500 
     D237264  9 0.0590 0.0327 0.1617 0.0265 0.0869 0.0726 0.1225 0.0612 0.1639 0.1001 0.1129 
     D237265  9 0.1383 0.0161 0.1788 0.0175 0.0467 0.0258 0.0227 0.0409 0.0466 0.3551 0.1115 
     D237266  9 0.0477 0.0119 0.0919 0.1640 0.0777 0.0497 0.0307 0.0263 0.0931 0.0185 0.3885 
     D237267  9 0.1195 0.0093 0.1760 0.0695 0.0342 0.0227 0.1186 0.2227 0.1429 0.0186 0.0660 
     D237268  9 0.7566 0.0165 0.0301 0.0190 0.0232 0.0373 0.0220 0.0194 0.0277 0.0269 0.0213 
     D237289  9 0.1296 0.0270 0.1607 0.0499 0.0417 0.0344 0.0187 0.0870 0.0530 0.3270 0.0711 
     D237290  9 0.1493 0.0140 0.1656 0.0867 0.0524 0.0680 0.0199 0.0204 0.0690 0.2200 0.1346 
     D237291  9 0.0093 0.0126 0.1383 0.0309 0.0951 0.0132 0.0814 0.0488 0.1533 0.3226 0.0945 
     D237292  9 0.0432 0.0303 0.2022 0.0120 0.0366 0.0209 0.1363 0.0238 0.1365 0.2792 0.0790 
     D237293  9 0.1729 0.0243 0.1652 0.1978 0.0654 0.0172 0.0332 0.0390 0.0482 0.0346 0.2022 
     D237294  9 0.0324 0.0383 0.0465 0.0188 0.0756 0.0186 0.0701 0.0764 0.0644 0.5335 0.0254 
     D237295  9 0.1255 0.0691 0.0724 0.0779 0.0982 0.1990 0.0698 0.1325 0.0714 0.0446 0.0396 
     D237296  9 0.0216 0.0543 0.1498 0.0851 0.1291 0.0234 0.1063 0.0737 0.1920 0.0931 0.0716 
     D237297  9 0.0509 0.0191 0.1240 0.0451 0.2058 0.0218 0.0283 0.1173 0.1483 0.0680 0.1714 
     D237298  9 0.1451 0.0556 0.0614 0.0749 0.2309 0.0620 0.0304 0.0169 0.0740 0.2032 0.0455 
     D237341  9 0.0385 0.0451 0.1593 0.0545 0.1535 0.0285 0.0598 0.0320 0.1924 0.1145 0.1217 
     D237342  9 0.6723 0.0123 0.0438 0.0154 0.0388 0.0275 0.0163 0.0736 0.0417 0.0192 0.0393 
     D237343  9 0.0546 0.0248 0.1499 0.0467 0.0881 0.0351 0.1305 0.0808 0.1684 0.0916 0.1295 
     D237344  9 0.0395 0.0251 0.1592 0.0979 0.1115 0.0349 0.0450 0.0912 0.1034 0.0295 0.2628 
     D237345  9 0.3621 0.2436 0.0599 0.0193 0.0532 0.0318 0.0471 0.0180 0.0606 0.0547 0.0498 
     D237346  9 0.0780 0.0643 0.1782 0.0830 0.0517 0.0189 0.0239 0.0735 0.2438 0.0686 0.1161 
     D237347  9 0.0365 0.0224 0.0749 0.0471 0.2851 0.0264 0.0672 0.1888 0.0827 0.0984 0.0704 
     D237348  9 0.2240 0.0396 0.1105 0.0579 0.0901 0.0310 0.0477 0.0334 0.0489 0.0361 0.2807 
     D237349  9 0.0118 0.0720 0.0638 0.0285 0.1778 0.0665 0.0480 0.0183 0.0717 0.1270 0.3146 
     D244109  9 0.0458 0.0191 0.0728 0.0214 0.0514 0.0524 0.4913 0.0189 0.0743 0.0541 0.0984 
     D244110  9 0.0447 0.0314 0.1493 0.0791 0.0593 0.0385 0.2355 0.0532 0.0950 0.1500 0.0640 
     D244111  9 0.0592 0.0268 0.0906 0.0431 0.2630 0.0291 0.0413 0.0508 0.0711 0.0581 0.2670 
     D244128  9 0.6762 0.0133 0.0402 0.0175 0.0522 0.0296 0.0298 0.0247 0.0394 0.0441 0.0330 
     D244137  9 0.0336 0.0617 0.0430 0.0245 0.2336 0.3286 0.0401 0.0240 0.0570 0.0764 0.0775 
     D244138  9 0.0651 0.0349 0.1242 0.0221 0.2385 0.0259 0.0264 0.0224 0.1420 0.1064 0.1922 
        D580  9 0.2367 0.2977 0.0852 0.0496 0.0283 0.0138 0.0429 0.0196 0.0727 0.0410 0.1126 
        D581  9 0.1103 0.0270 0.1830 0.0176 0.0467 0.0187 0.0164 0.0114 0.0349 0.3916 0.1426 
        D582  9 0.8109 0.0225 0.0163 0.0193 0.0228 0.0162 0.0264 0.0147 0.0157 0.0211 0.0140 
        D583  9 0.0315 0.0222 0.0915 0.0499 0.1625 0.0195 0.0318 0.0185 0.0875 0.3548 0.1302 
        D584  9 0.0807 0.0568 0.1369 0.0341 0.0751 0.0180 0.0364 0.0723 0.0693 0.0385 0.3819 
        D585  9 0.6291 0.0241 0.0475 0.0257 0.0502 0.0564 0.0221 0.0273 0.0579 0.0298 0.0300 
        D586  9 0.0179 0.0150 0.1389 0.0456 0.3130 0.0459 0.0288 0.0439 0.1514 0.1608 0.0387 
        D651  9 0.0345 0.1285 0.0299 0.6110 0.0309 0.0438 0.0311 0.0201 0.0271 0.0215 0.0215 
        D652  9 0.0248 0.0362 0.0704 0.0171 0.2033 0.0820 0.0305 0.0238 0.0623 0.2019 0.2477 
        D653  9 0.0834 0.0351 0.1443 0.1162 0.1639 0.0235 0.0318 0.0564 0.1817 0.0709 0.0927 
        D654  9 0.0510 0.0491 0.1004 0.0878 0.0718 0.0431 0.0867 0.0324 0.1507 0.0421 0.2848 
        D655  9 0.0510 0.0186 0.1136 0.2687 0.0711 0.0355 0.0392 0.0963 0.1430 0.0448 0.1182 
        D656  9 0.0572 0.0293 0.0890 0.0245 0.0477 0.0162 0.3796 0.0193 0.0684 0.0216 0.2472 
        D657  9 0.0432 0.0386 0.1032 0.0326 0.0656 0.0178 0.2231 0.0331 0.0945 0.0652 0.2831 
        D667  9 0.0214 0.0123 0.0251 0.7847 0.0175 0.0164 0.0362 0.0263 0.0240 0.0143 0.0220 
        D668  9 0.1203 0.1130 0.1122 0.2784 0.0932 0.0170 0.0257 0.0357 0.1010 0.0419 0.0616 
        D669  9 0.1059 0.0402 0.1367 0.0294 0.0579 0.0248 0.0332 0.0201 0.0564 0.4557 0.0397 
        D670  9 0.0218 0.0232 0.1562 0.3862 0.0294 0.0193 0.0646 0.0425 0.1814 0.0306 0.0447 
        D671  9 0.0286 0.0537 0.1243 0.0157 0.0822 0.0491 0.0399 0.0187 0.0885 0.3992 0.1003 
        D672  9 0.3250 0.0863 0.0826 0.0928 0.0613 0.0476 0.0207 0.0228 0.0908 0.1281 0.0419 
        D673  9 0.0758 0.1486 0.0571 0.4296 0.0598 0.0167 0.0175 0.0592 0.0577 0.0421 0.0360 
        D692  9 0.1578 0.0182 0.0782 0.0216 0.0186 0.0225 0.2920 0.0351 0.0914 0.0372 0.2273 
        D693  9 0.0805 0.0702 0.0727 0.4643 0.0317 0.0167 0.0374 0.0605 0.0575 0.0249 0.0837 
        D694  9 0.1573 0.0311 0.1057 0.0179 0.0390 0.0155 0.2732 0.0385 0.1698 0.0746 0.0774 
        D695  9 0.1355 0.1364 0.0937 0.1450 0.0636 0.1137 0.0301 0.0275 0.1220 0.0520 0.0804 
        D696  9 0.0165 0.0486 0.0427 0.0205 0.0316 0.0195 0.0153 0.7430 0.0203 0.0166 0.0253 
        D697  9 0.0165 0.0383 0.0274 0.7431 0.0378 0.0199 0.0168 0.0292 0.0253 0.0223 0.0234 
        D698  9 0.1112 0.0264 0.2278 0.1048 0.0372 0.0201 0.0281 0.2089 0.0966 0.0367 0.1022 
        D699  9 0.0849 0.0299 0.1167 0.3585 0.0330 0.0103 0.0202 0.1235 0.0507 0.0291 0.1431 
        D787  9 0.0373 0.0193 0.0853 0.0755 0.1585 0.1136 0.0391 0.0298 0.0911 0.0713 0.2791 
        D788  9 0.1825 0.0192 0.1180 0.3747 0.0324 0.0136 0.0180 0.0518 0.0587 0.0340 0.0971 
        D789  9 0.1878 0.0251 0.1402 0.0532 0.0945 0.0329 0.0994 0.0808 0.1185 0.0492 0.1185 
        D790  9 0.0263 0.0414 0.0604 0.5057 0.0549 0.0188 0.0313 0.0295 0.0714 0.0483 0.1120 
        D791  9 0.1685 0.0119 0.1630 0.0217 0.1125 0.0165 0.0294 0.0635 0.0713 0.2541 0.0877 
        D792  9 0.0164 0.0290 0.0746 0.0971 0.0733 0.1461 0.2730 0.0331 0.1135 0.0649 0.0792 
        D793  9 0.0193 0.0143 0.0285 0.7094 0.0251 0.0344 0.0169 0.0935 0.0269 0.0170 0.0148 
        D794  9 0.0415 0.0586 0.0807 0.2578 0.0769 0.0850 0.1203 0.0847 0.0877 0.0467 0.0600 
        D795  9 0.5950 0.0129 0.0828 0.0231 0.0378 0.0253 0.0167 0.0533 0.0419 0.0286 0.0827 
        D796  9 0.0967 0.0128 0.0440 0.6599 0.0307 0.0145 0.0139 0.0249 0.0377 0.0328 0.0321 
        D005 12 0.0234 0.0169 0.0479 0.0198 0.0475 0.0108 0.6832 0.0243 0.0783 0.0166 0.0312 
        D035 12 0.0165 0.0130 0.0270 0.8041 0.0289 0.0121 0.0120 0.0307 0.0220 0.0212 0.0127 
        D067 12 0.0829 0.0204 0.1111 0.3606 0.0707 0.0434 0.0285 0.0673 0.1139 0.0583 0.0428 
        D134 12 0.1172 0.0116 0.1975 0.0393 0.1297 0.0230 0.0575 0.0379 0.2754 0.0545 0.0564 
        D135 12 0.0653 0.0313 0.2882 0.0507 0.0626 0.0227 0.0271 0.0453 0.3013 0.0351 0.0704 
        D136 12 0.0280 0.1331 0.0932 0.0867 0.0431 0.1592 0.0813 0.1051 0.1631 0.0267 0.0807 
        D137 12 0.0591 0.0315 0.1382 0.3512 0.0871 0.0160 0.0245 0.0254 0.1579 0.0503 0.0589 
        D138 12 0.0290 0.0524 0.1135 0.1777 0.0879 0.0690 0.0423 0.0426 0.1176 0.2123 0.0558 
        D139 12 0.0665 0.0282 0.1322 0.0322 0.2475 0.0506 0.0478 0.0483 0.1280 0.1068 0.1119 
        D140 12 0.0171 0.0389 0.0422 0.6845 0.0392 0.0234 0.0218 0.0367 0.0488 0.0162 0.0313 
        D141 12 0.3484 0.3031 0.0227 0.1380 0.0225 0.0122 0.0440 0.0141 0.0237 0.0237 0.0475 
        D150 12 0.0238 0.0144 0.0960 0.0225 0.0462 0.0178 0.0485 0.0491 0.0996 0.0227 0.5594 
        D177 12 0.0664 0.0115 0.1885 0.0632 0.1269 0.0335 0.0939 0.0568 0.2324 0.0328 0.0939 
        D178 12 0.0257 0.0538 0.0592 0.0288 0.0607 0.4572 0.0703 0.0278 0.0860 0.0635 0.0670 
        D179 12 0.0285 0.0710 0.1690 0.0892 0.1078 0.0323 0.0748 0.1091 0.2036 0.0726 0.0420 
        D180 12 0.1902 0.0170 0.0763 0.4192 0.0350 0.0190 0.0918 0.0174 0.0659 0.0265 0.0415 
        D187 12 0.0496 0.0138 0.0295 0.7081 0.0410 0.0183 0.0143 0.0383 0.0347 0.0330 0.0194 
        D188 12 0.2283 0.1347 0.0756 0.0252 0.0341 0.0159 0.2940 0.0286 0.0775 0.0331 0.0530 
        D191 12 0.0300 0.2130 0.0348 0.1429 0.1310 0.0206 0.0378 0.0323 0.0516 0.2739 0.0321 
        D418 12 0.0588 0.2906 0.0749 0.0836 0.0980 0.0187 0.0583 0.0183 0.0763 0.1783 0.0442 
        D601 12 0.3803 0.0137 0.0469 0.0390 0.0320 0.0259 0.3417 0.0249 0.0539 0.0199 0.0218 
        D836 12 0.5370 0.0158 0.0272 0.2351 0.0283 0.0165 0.0475 0.0132 0.0345 0.0241 0.0206 
        D837 12 0.0350 0.0447 0.0578 0.0337 0.3795 0.1434 0.0176 0.0527 0.0591 0.1068 0.0698 
        D838 12 0.0169 0.0158 0.0438 0.6134 0.0866 0.0271 0.0148 0.0541 0.0422 0.0528 0.0324 
        D839 12 0.0673 0.0265 0.1234 0.0299 0.0800 0.0482 0.0437 0.0217 0.0792 0.4201 0.0600 
        D840 12 0.0381 0.0856 0.0478 0.0815 0.4223 0.0298 0.0268 0.0259 0.0698 0.1402 0.0324 
        D841 12 0.0133 0.0132 0.0181 0.8252 0.0239 0.0096 0.0147 0.0178 0.0183 0.0311 0.0149 
        D842 12 0.0304 0.1519 0.0673 0.0129 0.1005 0.0205 0.0427 0.0145 0.0630 0.0663 0.4300 
        D843 12 0.1137 0.0175 0.1434 0.2103 0.0979 0.0591 0.0515 0.0719 0.1068 0.0533 0.0747 
        D844 12 0.0208 0.0261 0.0244 0.0113 0.1156 0.0281 0.0695 0.0133 0.0257 0.6512 0.0140 
        D912 12 0.0149 0.0761 0.0340 0.0300 0.3705 0.0864 0.0304 0.0915 0.0424 0.1970 0.0267 
        D913 12 0.0156 0.0155 0.2639 0.1417 0.0853 0.0607 0.0503 0.0515 0.1651 0.1089 0.0416 
        D914 12 0.0287 0.0164 0.0441 0.0373 0.5186 0.0137 0.0287 0.0836 0.0541 0.1395 0.0354 
        D922 12 0.0828 0.0257 0.0288 0.6979 0.0242 0.0161 0.0195 0.0352 0.0290 0.0203 0.0206 
        D939 12 0.4933 0.0327 0.0324 0.2056 0.0353 0.0112 0.0504 0.0318 0.0372 0.0426 0.0275 
        D944 12 0.0102 0.0660 0.2177 0.0712 0.0540 0.0385 0.0572 0.0256 0.2808 0.1482 0.0305 
        D945 12 0.1007 0.0292 0.1585 0.1029 0.1112 0.0277 0.0656 0.0641 0.1541 0.1011 0.0849 
        D985 12 0.0562 0.0980 0.1214 0.1019 0.0503 0.0315 0.1904 0.0735 0.1192 0.0160 0.1415 
        D986 12 0.0646 0.0167 0.0949 0.0144 0.3122 0.0676 0.0308 0.0326 0.1672 0.1599 0.0392 
        D987 12 0.0199 0.0516 0.0462 0.0263 0.4603 0.0261 0.0389 0.0891 0.0631 0.1501 0.0284 
        D988 12 0.0693 0.0200 0.0873 0.0309 0.3824 0.0284 0.0579 0.0758 0.0986 0.1044 0.0451 
        D996 12 0.0180 0.0167 0.0662 0.1312 0.4268 0.0271 0.0521 0.0350 0.0875 0.1101 0.0292 
        D997 12 0.4104 0.0190 0.0720 0.0841 0.0615 0.0282 0.0564 0.0545 0.1231 0.0658 0.0252 
        D998 12 0.0364 0.0164 0.1839 0.1672 0.0700 0.0307 0.0319 0.0892 0.2737 0.0544 0.0462 
        D999 12 0.0302 0.0378 0.1395 0.0302 0.0814 0.0181 0.0200 0.0391 0.0539 0.4533 0.0965 
