        D174  1 0.1717 0.1394 0.1943 0.4946 
        D199  1 0.3451 0.2144 0.1667 0.2738 
        D203  1 0.2782 0.1138 0.2983 0.3097 
        D204  1 0.0733 0.0492 0.1415 0.7360 
     D237366  1 0.3059 0.0950 0.4277 0.1715 
     D237367  1 0.2722 0.2365 0.3430 0.1484 
     D237368  1 0.1424 0.0853 0.3663 0.4060 
     D244101  1 0.4483 0.0618 0.1915 0.2984 
     D244102  1 0.2003 0.1868 0.3681 0.2448 
     D244103  1 0.4453 0.1914 0.2059 0.1575 
     D244104  1 0.0946 0.2190 0.0964 0.5899 
     D244105  1 0.4596 0.1471 0.3274 0.0659 
     D244106  1 0.0964 0.0466 0.0716 0.7854 
     D244107  1 0.2662 0.1337 0.5590 0.0411 
     D244108  1 0.1922 0.1657 0.3798 0.2624 
     D244113  1 0.2368 0.3294 0.1924 0.2413 
     D244114  1 0.5993 0.0637 0.1468 0.1902 
     D244115  1 0.1440 0.0597 0.0929 0.7033 
     D267365  1 0.1726 0.1245 0.1789 0.5240 
        D404  1 0.1523 0.1941 0.1685 0.4851 
        D405  1 0.1528 0.2523 0.1762 0.4187 
        D406  1 0.0679 0.0655 0.6899 0.1767 
        D407  1 0.2354 0.0779 0.1946 0.4920 
        D408  1 0.1138 0.2052 0.0677 0.6133 
        D409  1 0.4669 0.0889 0.2232 0.2210 
        D410  1 0.4503 0.0850 0.3368 0.1279 
        D421  1 0.0991 0.0633 0.0433 0.7943 
        D422  1 0.3672 0.0611 0.4835 0.0882 
        D423  1 0.4751 0.0823 0.3714 0.0712 
        D424  1 0.1586 0.0359 0.0605 0.7450 
        D425  1 0.5605 0.1130 0.1228 0.2037 
        D426  1 0.7086 0.0728 0.1149 0.1036 
        D427  1 0.2491 0.1389 0.0432 0.5688 
        D428  1 0.1618 0.0965 0.1902 0.5515 
        D429  1 0.0477 0.0363 0.0679 0.8481 
        D430  1 0.2219 0.0952 0.0883 0.5946 
        D491  1 0.0899 0.1482 0.1154 0.6464 
        D492  1 0.0942 0.0445 0.1218 0.7396 
        D537  1 0.2394 0.1333 0.3563 0.2709 
        D538  1 0.1652 0.1533 0.3797 0.3018 
        D539  1 0.1627 0.2833 0.2473 0.3067 
        D540  1 0.5302 0.2553 0.1010 0.1135 
        D541  1 0.0585 0.0428 0.0531 0.8456 
        D551  1 0.7383 0.0509 0.1309 0.0800 
        D552  1 0.1011 0.1352 0.3450 0.4186 
        D553  1 0.1838 0.1211 0.0765 0.6187 
        D615  1 0.1138 0.1169 0.1038 0.6656 
        D616  1 0.2816 0.0805 0.1844 0.4536 
        D621  1 0.1133 0.1752 0.5562 0.1553 
        D622  1 0.1152 0.1075 0.6323 0.1450 
        D623  1 0.2980 0.1943 0.2721 0.2356 
        D624  1 0.2382 0.1358 0.0528 0.5731 
        D625  1 0.1028 0.0927 0.1311 0.6734 
        D626  1 0.1652 0.4301 0.1796 0.2252 
        D627  1 0.5336 0.0681 0.1736 0.2248 
        D690  1 0.0439 0.0421 0.0508 0.8632 
        D691  1 0.1033 0.0688 0.6215 0.2064 
        D710  1 0.2874 0.1539 0.2123 0.3464 
        D711  1 0.0513 0.0368 0.0803 0.8316 
        D712  1 0.1493 0.3290 0.1829 0.3388 
        D713  1 0.4252 0.0814 0.1751 0.3184 
        D746  1 0.0833 0.0775 0.6404 0.1987 
        D747  1 0.0489 0.0370 0.0613 0.8528 
        D748  1 0.1036 0.0800 0.4617 0.3548 
        D749  1 0.5417 0.0564 0.2915 0.1103 
        D750  1 0.0437 0.0422 0.0389 0.8752 
        D763  1 0.2135 0.3408 0.3179 0.1277 
        D764  1 0.0409 0.0357 0.0397 0.8836 
        D765  1 0.5605 0.1690 0.1928 0.0777 
        D766  1 0.1013 0.1861 0.5746 0.1379 
        D767  1 0.1576 0.1471 0.5320 0.1633 
        D768  1 0.3522 0.0885 0.1624 0.3969 
        D811  1 0.1591 0.6210 0.1064 0.1135 
        D816  1 0.0552 0.0312 0.0688 0.8448 
        D825  1 0.1939 0.1862 0.1990 0.4209 
        D866  1 0.1545 0.3977 0.2073 0.2405 
        D867  1 0.3912 0.0600 0.4848 0.0640 
        D871  1 0.4121 0.0924 0.1400 0.3555 
        D872  1 0.0917 0.1416 0.5946 0.1722 
        D873  1 0.3775 0.0792 0.4986 0.0447 
        D874  1 0.1200 0.0626 0.0744 0.7430 
        D875  1 0.4948 0.0572 0.3252 0.1228 
        D876  1 0.0828 0.1361 0.3123 0.4688 
        D877  1 0.2731 0.1744 0.1279 0.4246 
        D892  1 0.1186 0.0433 0.3694 0.4687 
        D893  1 0.2233 0.1627 0.2339 0.3800 
        D894  1 0.0478 0.0310 0.0402 0.8810 
        D915  1 0.1550 0.1020 0.4903 0.2527 
        D916  1 0.0265 0.0263 0.0326 0.9146 
        D917  1 0.3054 0.2619 0.2039 0.2288 
        D925  1 0.1887 0.1394 0.2979 0.3740 
        D926  1 0.1915 0.0670 0.1646 0.5769 
        D927  1 0.2578 0.1382 0.2593 0.3447 
        D928  1 0.0849 0.0872 0.0605 0.7674 
        D929  1 0.1564 0.2802 0.3900 0.1734 
        D936  1 0.1056 0.0535 0.1855 0.6555 
        D938  1 0.0745 0.1334 0.6703 0.1218 
        D956  1 0.0695 0.0693 0.0590 0.8021 
        D957  1 0.1014 0.0897 0.6507 0.1582 
        D958  1 0.0598 0.0897 0.5370 0.3135 
        D959  1 0.4602 0.0564 0.1838 0.2996 
        D960  1 0.1772 0.0447 0.6404 0.1377 
        D989  1 0.1872 0.1667 0.0969 0.5492 
        D990  1 0.4522 0.1366 0.3293 0.0819 
        D211  3 0.1141 0.5880 0.2121 0.0858 
     D229639  3 0.3029 0.3684 0.1151 0.2136 
     D237212  3 0.2016 0.3431 0.2827 0.1725 
     D237213  3 0.1099 0.6660 0.1748 0.0493 
     D237214  3 0.4205 0.0457 0.4255 0.1082 
     D237215  3 0.2403 0.6038 0.1053 0.0506 
     D237216  3 0.5308 0.2294 0.1559 0.0839 
     D237217  3 0.3692 0.2823 0.2921 0.0563 
     D237218  3 0.2586 0.1745 0.2103 0.3566 
     D237219  3 0.1172 0.6752 0.1454 0.0622 
     D237382  3 0.1249 0.3133 0.3178 0.2441 
     D244127  3 0.2188 0.4091 0.3234 0.0487 
     D244129  3 0.1654 0.2578 0.3636 0.2132 
     D244133  3 0.1573 0.4984 0.1113 0.2330 
     D244134  3 0.1185 0.6155 0.1812 0.0849 
     D244135  3 0.3289 0.1538 0.4477 0.0696 
     D244136  3 0.1863 0.2870 0.1583 0.3684 
        D416  3 0.2616 0.4714 0.1446 0.1224 
        D417  3 0.1989 0.0794 0.2993 0.4223 
        D419  3 0.1474 0.4496 0.2882 0.1149 
        D565  3 0.1110 0.1780 0.0686 0.6424 
        D566  3 0.1966 0.2158 0.0802 0.5074 
        D567  3 0.1056 0.1854 0.3801 0.3290 
        D568  3 0.1057 0.2240 0.5777 0.0926 
        D569  3 0.2902 0.2678 0.3584 0.0836 
        D573  3 0.4609 0.1543 0.1250 0.2597 
        D574  3 0.2830 0.2010 0.2230 0.2930 
        D575  3 0.0524 0.8332 0.0770 0.0374 
        D576  3 0.1589 0.7164 0.0870 0.0377 
        D577  3 0.1619 0.3450 0.2338 0.2593 
        D578  3 0.4179 0.0578 0.4834 0.0409 
        D579  3 0.1022 0.1443 0.1233 0.6301 
        D660  3 0.2633 0.3777 0.3035 0.0554 
        D661  3 0.3358 0.1404 0.3589 0.1648 
        D663  3 0.6251 0.1341 0.1473 0.0935 
        D664  3 0.1821 0.4656 0.2954 0.0568 
        D665  3 0.1200 0.6355 0.2110 0.0335 
        D666  3 0.0962 0.7048 0.0999 0.0990 
        D502  6 0.2222 0.6131 0.1263 0.0385 
        D503  6 0.3217 0.1848 0.3348 0.1588 
        D504  6 0.1829 0.0671 0.1276 0.6223 
        D505  6 0.2972 0.2130 0.1876 0.3022 
        D506  6 0.1057 0.0671 0.0437 0.7835 
        D507  6 0.3709 0.3731 0.1496 0.1064 
        D508  6 0.2693 0.3642 0.2235 0.1429 
        D529  6 0.3426 0.1430 0.2352 0.2792 
        D530  6 0.1240 0.5848 0.2219 0.0693 
        D531  6 0.1502 0.1813 0.1384 0.5301 
        D532  6 0.5108 0.1413 0.1403 0.2075 
        D534  6 0.1546 0.1027 0.6125 0.1302 
        D535  6 0.3049 0.1963 0.1163 0.3825 
        D536  6 0.5132 0.1828 0.2114 0.0926 
        D554  6 0.2120 0.2157 0.1679 0.4044 
        D587  6 0.1691 0.1000 0.1415 0.5893 
        D588  6 0.7022 0.1047 0.0741 0.1191 
        D589  6 0.4901 0.1900 0.2120 0.1079 
        D590  6 0.5039 0.0774 0.1286 0.2901 
        D591  6 0.2873 0.3269 0.1291 0.2567 
        D592  6 0.1392 0.0997 0.4508 0.3103 
        D593  6 0.0554 0.7448 0.1708 0.0290 
        D682  6 0.1030 0.0776 0.0518 0.7677 
        D683  6 0.2139 0.1646 0.1348 0.4866 
        D684  6 0.3914 0.1551 0.3229 0.1306 
        D685  6 0.5093 0.3326 0.1027 0.0553 
        D686  6 0.6893 0.0823 0.1218 0.1066 
        D724  6 0.2248 0.2869 0.3530 0.1353 
        D725  6 0.1981 0.4895 0.2558 0.0565 
        D726  6 0.0791 0.0723 0.0659 0.7828 
        D727  6 0.5293 0.1105 0.0982 0.2620 
        D728  6 0.1651 0.4960 0.1029 0.2360 
        D729  6 0.4952 0.0629 0.2494 0.1925 
        D730  6 0.2302 0.1907 0.3676 0.2115 
        D731  6 0.1624 0.4144 0.1049 0.3184 
        D732  6 0.2059 0.3686 0.2777 0.1478 
        D733  6 0.1254 0.2155 0.4631 0.1959 
     D237251  7 0.3339 0.3182 0.2119 0.1360 
     D237252  7 0.0941 0.4226 0.4234 0.0599 
     D237253  7 0.5880 0.1416 0.1085 0.1618 
     D237254  7 0.4559 0.0460 0.4602 0.0378 
     D237255  7 0.3108 0.3954 0.1391 0.1548 
     D237256  7 0.5198 0.3239 0.0914 0.0649 
     D237257  7 0.5846 0.1328 0.2026 0.0800 
     D237282  7 0.1772 0.0925 0.4998 0.2305 
     D237283  7 0.0878 0.6883 0.1978 0.0261 
     D237284  7 0.3272 0.0855 0.4548 0.1325 
     D237285  7 0.2078 0.5145 0.1997 0.0779 
     D237286  7 0.3352 0.1387 0.1295 0.3966 
     D237287  7 0.3289 0.4147 0.1374 0.1190 
     D244006  7 0.3414 0.0442 0.5476 0.0668 
     D244007  7 0.3189 0.0645 0.3643 0.2523 
     D244008  7 0.0781 0.7198 0.1626 0.0395 
     D244009  7 0.1245 0.1925 0.4909 0.1921 
     D244010  7 0.1801 0.5541 0.1710 0.0948 
     D244011  7 0.3877 0.2111 0.1787 0.2225 
     D244012  7 0.1677 0.5117 0.2187 0.1018 
     D244013  7 0.2197 0.2807 0.2284 0.2712 
     D244014  7 0.2350 0.4317 0.2547 0.0786 
     D244015  7 0.2127 0.2774 0.4123 0.0977 
     D244125  7 0.2367 0.3162 0.1928 0.2543 
     D244126  7 0.0803 0.5860 0.2886 0.0452 
     D244130  7 0.4739 0.1056 0.3584 0.0622 
     D244131  7 0.1031 0.0591 0.2175 0.6204 
     D244132  7 0.3188 0.3011 0.1924 0.1877 
        D520  7 0.2145 0.5746 0.1336 0.0772 
        D521  7 0.1746 0.3167 0.3623 0.1464 
        D522  7 0.1305 0.1157 0.4305 0.3234 
        D523  7 0.4069 0.1414 0.2478 0.2038 
        D524  7 0.2595 0.2269 0.2383 0.2753 
        D525  7 0.3164 0.1301 0.3168 0.2367 
        D526  7 0.2556 0.1558 0.4974 0.0912 
        D527  7 0.2050 0.2103 0.1558 0.4288 
        D528  7 0.8907 0.0416 0.0375 0.0303 
        D558  7 0.1151 0.1213 0.6343 0.1293 
        D559  7 0.2614 0.1530 0.4406 0.1450 
        D640  7 0.3172 0.4560 0.1151 0.1117 
        D641  7 0.1411 0.6500 0.1635 0.0454 
        D642  7 0.1827 0.0971 0.6147 0.1056 
        D644  7 0.1876 0.3559 0.2992 0.1573 
        D645  7 0.2237 0.4252 0.1593 0.1918 
        D662  7 0.3201 0.1006 0.2635 0.3158 
        D687  7 0.3046 0.1988 0.1744 0.3221 
        D688  7 0.3170 0.1721 0.4128 0.0981 
        D689  7 0.0746 0.6981 0.0803 0.1471 
        D700  7 0.9021 0.0295 0.0333 0.0352 
        D797  7 0.1492 0.1452 0.2199 0.4857 
        D798  7 0.3654 0.3806 0.1830 0.0710 
        D799  7 0.3311 0.3227 0.2214 0.1248 
        D800  7 0.3057 0.0719 0.1663 0.4562 
        D201  9 0.3690 0.1368 0.3768 0.1173 
        D202  9 0.1486 0.5723 0.2230 0.0562 
     D237259  9 0.6621 0.2160 0.0706 0.0514 
     D237260  9 0.5208 0.1749 0.2229 0.0814 
     D237262  9 0.2143 0.3366 0.3520 0.0970 
     D237263  9 0.1928 0.1341 0.4515 0.2216 
     D237264  9 0.3341 0.1798 0.2657 0.2204 
     D237265  9 0.2509 0.3730 0.2727 0.1034 
     D237266  9 0.2699 0.4496 0.2027 0.0778 
     D237267  9 0.4838 0.2934 0.1277 0.0952 
     D237268  9 0.1075 0.5560 0.2503 0.0862 
     D237289  9 0.1674 0.4721 0.1903 0.1702 
     D237290  9 0.1446 0.5359 0.2198 0.0997 
     D237291  9 0.6788 0.1167 0.1148 0.0897 
     D237292  9 0.5049 0.1337 0.2760 0.0854 
     D237293  9 0.0886 0.6605 0.1974 0.0534 
     D237294  9 0.3234 0.0913 0.4184 0.1669 
     D237295  9 0.1040 0.2267 0.1537 0.5157 
     D237296  9 0.5360 0.1724 0.1419 0.1498 
     D237297  9 0.3809 0.2582 0.2277 0.1333 
     D237298  9 0.2098 0.2233 0.2998 0.2671 
     D237341  9 0.3748 0.2283 0.2060 0.1909 
     D237342  9 0.1370 0.5041 0.2678 0.0911 
     D237343  9 0.3960 0.1391 0.3444 0.1205 
     D237344  9 0.1868 0.5182 0.1752 0.1199 
     D237345  9 0.1400 0.2232 0.5630 0.0737 
     D237346  9 0.3205 0.4419 0.1355 0.1022 
     D237347  9 0.2901 0.1388 0.1514 0.4196 
     D237348  9 0.0900 0.5028 0.3279 0.0794 
     D237349  9 0.2511 0.0577 0.3816 0.3096 
     D244109  9 0.2723 0.0984 0.5572 0.0721 
     D244110  9 0.2474 0.2277 0.4177 0.1071 
     D244111  9 0.1858 0.2824 0.3856 0.1462 
     D244128  9 0.1582 0.4557 0.3101 0.0760 
     D244137  9 0.1105 0.0708 0.2527 0.5661 
     D244138  9 0.4003 0.1478 0.3527 0.0992 
        D580  9 0.1533 0.3244 0.4666 0.0557 
        D581  9 0.1813 0.3999 0.3690 0.0498 
        D582  9 0.0659 0.5349 0.3366 0.0626 
        D583  9 0.3103 0.2473 0.3614 0.0810 
        D584  9 0.2129 0.3866 0.3127 0.0878 
        D585  9 0.1624 0.4365 0.2994 0.1018 
        D586  9 0.5538 0.1531 0.0981 0.1951 
        D651  9 0.1294 0.4915 0.2377 0.1414 
        D652  9 0.2178 0.0689 0.3446 0.3687 
        D653  9 0.4055 0.3312 0.1332 0.1300 
        D654  9 0.2648 0.1938 0.4408 0.1006 
        D655  9 0.2275 0.4787 0.1129 0.1809 
        D656  9 0.4893 0.1336 0.2924 0.0847 
        D657  9 0.1752 0.1447 0.5998 0.0802 
        D667  9 0.0819 0.7772 0.0490 0.0920 
        D668  9 0.1620 0.5822 0.2099 0.0459 
        D669  9 0.2912 0.3676 0.2597 0.0815 
        D670  9 0.4405 0.4174 0.0750 0.0671 
        D671  9 0.2997 0.1040 0.3931 0.2032 
        D672  9 0.1552 0.4952 0.2421 0.1075 
        D673  9 0.1537 0.5250 0.2073 0.1140 
        D692  9 0.3766 0.2746 0.2590 0.0899 
        D693  9 0.1090 0.6545 0.1586 0.0779 
        D694  9 0.3274 0.1410 0.4766 0.0551 
        D695  9 0.1584 0.4186 0.2805 0.1425 
        D696  9 0.0977 0.1407 0.1025 0.6591 
        D697  9 0.1788 0.5838 0.1120 0.1254 
        D698  9 0.1713 0.5920 0.1185 0.1182 
        D699  9 0.0646 0.7777 0.0960 0.0617 
        D787  9 0.2213 0.2458 0.3243 0.2086 
        D788  9 0.1010 0.7727 0.0765 0.0499 
        D789  9 0.1753 0.4123 0.3085 0.1039 
        D790  9 0.2634 0.4017 0.2226 0.1123 
        D791  9 0.1893 0.4278 0.2999 0.0831 
        D792  9 0.2872 0.1254 0.3085 0.2789 
        D793  9 0.1170 0.4591 0.0574 0.3665 
        D794  9 0.1662 0.2985 0.2455 0.2898 
        D795  9 0.1255 0.5274 0.2736 0.0735 
        D796  9 0.0788 0.8188 0.0576 0.0448 
        D005 12 0.4871 0.0754 0.3758 0.0617 
        D035 12 0.2383 0.6027 0.0690 0.0901 
        D067 12 0.1663 0.5987 0.0947 0.1403 
        D134 12 0.5512 0.2078 0.1367 0.1043 
        D135 12 0.5549 0.2312 0.1188 0.0951 
        D136 12 0.2715 0.1602 0.2595 0.3088 
        D137 12 0.1766 0.6544 0.1153 0.0537 
        D138 12 0.2374 0.3101 0.2182 0.2342 
        D139 12 0.2803 0.2420 0.2746 0.2030 
        D140 12 0.2163 0.5502 0.1116 0.1218 
        D141 12 0.0651 0.4142 0.4870 0.0338 
        D150 12 0.4952 0.0939 0.3331 0.0778 
        D177 12 0.5781 0.2120 0.1044 0.1056 
        D178 12 0.2496 0.0546 0.3162 0.3797 
        D179 12 0.4762 0.1638 0.1957 0.1643 
        D180 12 0.1906 0.5314 0.2258 0.0522 
        D187 12 0.1160 0.6950 0.0921 0.0969 
        D188 12 0.2350 0.1971 0.5098 0.0582 
        D191 12 0.1375 0.2138 0.5074 0.1413 
        D418 12 0.1332 0.2275 0.5656 0.0737 
        D601 12 0.1869 0.4233 0.3146 0.0752 
        D836 12 0.0790 0.7299 0.1485 0.0426 
        D837 12 0.1029 0.1351 0.2939 0.4680 
        D838 12 0.1186 0.6388 0.0748 0.1677 
        D839 12 0.2651 0.2227 0.3424 0.1698 
        D840 12 0.2212 0.2195 0.2114 0.3478 
        D841 12 0.0936 0.7747 0.0786 0.0531 
        D842 12 0.1714 0.0682 0.6952 0.0652 
        D843 12 0.2722 0.3728 0.1221 0.2328 
        D844 12 0.2309 0.0509 0.5055 0.2127 
        D912 12 0.0746 0.0555 0.1271 0.7428 
        D913 12 0.5727 0.2398 0.0707 0.1168 
        D914 12 0.2748 0.1620 0.1623 0.4008 
        D922 12 0.0614 0.8073 0.0633 0.0680 
        D939 12 0.0796 0.5950 0.2695 0.0560 
        D944 12 0.7249 0.0798 0.1087 0.0865 
        D945 12 0.2474 0.4822 0.1531 0.1173 
        D985 12 0.2134 0.2387 0.4570 0.0909 
        D986 12 0.5006 0.0781 0.1704 0.2510 
        D987 12 0.1922 0.0816 0.2304 0.4958 
        D988 12 0.3806 0.1960 0.1831 0.2403 
        D996 12 0.4390 0.2146 0.1064 0.2400 
        D997 12 0.1748 0.5426 0.1579 0.1247 
        D998 12 0.4741 0.3009 0.1007 0.1243 
        D999 12 0.2144 0.2516 0.4226 0.1114 
