        D174  1 0.2851 0.4809 0.2340 
        D199  1 0.4399 0.3090 0.2511 
        D203  1 0.2880 0.4677 0.2444 
        D204  1 0.1128 0.7562 0.1310 
     D237366  1 0.3615 0.4590 0.1795 
     D237367  1 0.3383 0.2609 0.4008 
     D237368  1 0.2536 0.5776 0.1688 
     D244101  1 0.3444 0.5329 0.1228 
     D244102  1 0.2590 0.3860 0.3551 
     D244103  1 0.5624 0.2001 0.2375 
     D244104  1 0.1592 0.6286 0.2123 
     D244105  1 0.5005 0.2523 0.2472 
     D244106  1 0.2525 0.6425 0.1050 
     D244107  1 0.5424 0.1196 0.3379 
     D244108  1 0.2631 0.4812 0.2557 
     D244113  1 0.3909 0.2341 0.3750 
     D244114  1 0.5858 0.3058 0.1083 
     D244115  1 0.2167 0.6604 0.1229 
     D267365  1 0.2190 0.5837 0.1973 
        D404  1 0.2882 0.3101 0.4018 
        D405  1 0.2352 0.3781 0.3866 
        D406  1 0.1452 0.7633 0.0916 
        D407  1 0.4876 0.3772 0.1353 
        D408  1 0.2766 0.4189 0.3045 
        D409  1 0.5464 0.2948 0.1588 
        D410  1 0.5445 0.2937 0.1618 
        D421  1 0.3069 0.6001 0.0930 
        D422  1 0.6714 0.2101 0.1185 
        D423  1 0.7012 0.1303 0.1685 
        D424  1 0.3127 0.5998 0.0875 
        D425  1 0.5468 0.2979 0.1554 
        D426  1 0.7511 0.1391 0.1098 
        D427  1 0.4758 0.4053 0.1189 
        D428  1 0.2842 0.5482 0.1676 
        D429  1 0.1209 0.8077 0.0714 
        D430  1 0.4097 0.3989 0.1915 
        D491  1 0.2331 0.5603 0.2066 
        D492  1 0.2544 0.6563 0.0893 
        D537  1 0.2892 0.5350 0.1758 
        D538  1 0.2869 0.3901 0.3230 
        D539  1 0.1767 0.5006 0.3227 
        D540  1 0.5680 0.1513 0.2807 
        D541  1 0.1248 0.7850 0.0901 
        D551  1 0.7360 0.1752 0.0889 
        D552  1 0.1183 0.7503 0.1314 
        D553  1 0.2861 0.5340 0.1800 
        D615  1 0.1619 0.6322 0.2058 
        D616  1 0.3404 0.5204 0.1392 
        D621  1 0.1851 0.5334 0.2815 
        D622  1 0.2111 0.6221 0.1668 
        D623  1 0.3976 0.2669 0.3355 
        D624  1 0.3752 0.4422 0.1827 
        D625  1 0.1256 0.7258 0.1485 
        D626  1 0.2717 0.3118 0.4165 
        D627  1 0.6128 0.2504 0.1368 
        D690  1 0.0996 0.7992 0.1012 
        D691  1 0.1564 0.7332 0.1104 
        D710  1 0.3741 0.3618 0.2641 
        D711  1 0.1098 0.8006 0.0896 
        D712  1 0.2629 0.4037 0.3335 
        D713  1 0.4299 0.4403 0.1297 
        D746  1 0.1766 0.6894 0.1340 
        D747  1 0.1137 0.7890 0.0974 
        D748  1 0.1358 0.7591 0.1051 
        D749  1 0.5742 0.2946 0.1312 
        D750  1 0.1116 0.7981 0.0904 
        D763  1 0.2638 0.3449 0.3913 
        D764  1 0.1351 0.7811 0.0838 
        D765  1 0.6331 0.1685 0.1984 
        D766  1 0.1920 0.5426 0.2653 
        D767  1 0.2220 0.3964 0.3816 
        D768  1 0.3840 0.4765 0.1395 
        D811  1 0.2288 0.1274 0.6438 
        D816  1 0.1094 0.8187 0.0719 
        D825  1 0.2130 0.4793 0.3077 
        D866  1 0.2062 0.2862 0.5076 
        D867  1 0.7107 0.1659 0.1233 
        D871  1 0.5026 0.3236 0.1738 
        D872  1 0.1425 0.5743 0.2832 
        D873  1 0.6591 0.0911 0.2498 
        D874  1 0.1573 0.7279 0.1148 
        D875  1 0.6028 0.2968 0.1004 
        D876  1 0.1012 0.7756 0.1232 
        D877  1 0.4034 0.3262 0.2704 
        D892  1 0.1341 0.7903 0.0756 
        D893  1 0.2057 0.5610 0.2333 
        D894  1 0.1371 0.7823 0.0805 
        D915  1 0.1926 0.6027 0.2046 
        D916  1 0.0649 0.8787 0.0564 
        D917  1 0.3794 0.2266 0.3940 
        D925  1 0.2603 0.5063 0.2333 
        D926  1 0.2282 0.6469 0.1250 
        D927  1 0.2885 0.5235 0.1880 
        D928  1 0.2765 0.5898 0.1337 
        D929  1 0.2036 0.2852 0.5113 
        D936  1 0.1453 0.7231 0.1316 
        D938  1 0.1860 0.5936 0.2204 
        D956  1 0.2944 0.5291 0.1765 
        D957  1 0.1793 0.5910 0.2297 
        D958  1 0.0946 0.7846 0.1208 
        D959  1 0.6916 0.2152 0.0932 
        D960  1 0.4166 0.4913 0.0920 
        D989  1 0.3054 0.5264 0.1681 
        D990  1 0.5503 0.1919 0.2578 
        D211  3 0.1401 0.1636 0.6963 
     D229639  3 0.3194 0.2389 0.4417 
     D237212  3 0.2369 0.2260 0.5371 
     D237213  3 0.1410 0.1483 0.7107 
     D237214  3 0.6944 0.2037 0.1019 
     D237215  3 0.3563 0.0805 0.5632 
     D237216  3 0.4868 0.1648 0.3484 
     D237217  3 0.3648 0.1900 0.4452 
     D237218  3 0.2087 0.5757 0.2157 
     D237219  3 0.1468 0.1779 0.6753 
     D237382  3 0.1663 0.3694 0.4643 
     D244127  3 0.2977 0.1482 0.5541 
     D244129  3 0.2404 0.3459 0.4137 
     D244133  3 0.2632 0.3451 0.3917 
     D244134  3 0.1422 0.1798 0.6780 
     D244135  3 0.4742 0.1773 0.3485 
     D244136  3 0.3360 0.3721 0.2919 
        D416  3 0.3315 0.1737 0.4949 
        D417  3 0.2234 0.6540 0.1227 
        D419  3 0.1593 0.3602 0.4805 
        D565  3 0.2607 0.4967 0.2425 
        D566  3 0.3962 0.2870 0.3168 
        D567  3 0.1432 0.5618 0.2950 
        D568  3 0.2051 0.4057 0.3892 
        D569  3 0.4358 0.1351 0.4290 
        D573  3 0.4333 0.3135 0.2531 
        D574  3 0.4268 0.2737 0.2995 
        D575  3 0.1319 0.0954 0.7726 
        D576  3 0.3476 0.0590 0.5934 
        D577  3 0.1714 0.4549 0.3736 
        D578  3 0.7641 0.1115 0.1243 
        D579  3 0.1820 0.5599 0.2582 
        D660  3 0.3376 0.1105 0.5519 
        D661  3 0.3202 0.4771 0.2027 
        D663  3 0.5911 0.1422 0.2667 
        D664  3 0.2668 0.1427 0.5905 
        D665  3 0.1562 0.0843 0.7595 
        D666  3 0.1412 0.2030 0.6558 
        D502  6 0.2571 0.0868 0.6562 
        D503  6 0.4204 0.3339 0.2456 
        D504  6 0.2138 0.6622 0.1241 
        D505  6 0.4433 0.2691 0.2875 
        D506  6 0.4809 0.4099 0.1092 
        D507  6 0.3909 0.1748 0.4344 
        D508  6 0.2690 0.2317 0.4994 
        D529  6 0.4545 0.3263 0.2192 
        D530  6 0.2370 0.1105 0.6525 
        D531  6 0.1811 0.5318 0.2870 
        D532  6 0.6308 0.1798 0.1894 
        D534  6 0.2958 0.4604 0.2438 
        D535  6 0.4468 0.2869 0.2663 
        D536  6 0.5936 0.1315 0.2748 
        D554  6 0.3399 0.3471 0.3130 
        D587  6 0.2730 0.5758 0.1513 
        D588  6 0.6771 0.1393 0.1836 
        D589  6 0.4802 0.1867 0.3331 
        D590  6 0.6737 0.2119 0.1143 
        D591  6 0.3537 0.3780 0.2683 
        D592  6 0.2172 0.5870 0.1958 
        D593  6 0.1146 0.0700 0.8154 
        D682  6 0.3482 0.5162 0.1356 
        D683  6 0.2313 0.5098 0.2589 
        D684  6 0.3881 0.2704 0.3416 
        D685  6 0.5147 0.1092 0.3761 
        D686  6 0.7420 0.1037 0.1543 
        D724  6 0.2525 0.2611 0.4864 
        D725  6 0.2462 0.1557 0.5982 
        D726  6 0.2245 0.6570 0.1185 
        D727  6 0.6946 0.1515 0.1539 
        D728  6 0.2427 0.2681 0.4892 
        D729  6 0.7230 0.1363 0.1407 
        D730  6 0.2646 0.3835 0.3519 
        D731  6 0.3161 0.1899 0.4940 
        D732  6 0.2077 0.2650 0.5273 
        D733  6 0.1867 0.4764 0.3369 
     D237251  7 0.3250 0.2805 0.3945 
     D237252  7 0.1632 0.1942 0.6426 
     D237253  7 0.6109 0.1783 0.2108 
     D237254  7 0.7501 0.1330 0.1169 
     D237255  7 0.3575 0.2065 0.4360 
     D237256  7 0.4804 0.0983 0.4213 
     D237257  7 0.6289 0.1275 0.2436 
     D237282  7 0.2952 0.5452 0.1596 
     D237283  7 0.1294 0.0686 0.8020 
     D237284  7 0.4972 0.3260 0.1768 
     D237285  7 0.2783 0.1364 0.5853 
     D237286  7 0.4605 0.3450 0.1945 
     D237287  7 0.4068 0.1603 0.4328 
     D244006  7 0.6794 0.2040 0.1165 
     D244007  7 0.4818 0.3766 0.1416 
     D244008  7 0.1169 0.0990 0.7842 
     D244009  7 0.1607 0.5809 0.2584 
     D244010  7 0.2056 0.1314 0.6629 
     D244011  7 0.4012 0.2758 0.3230 
     D244012  7 0.2062 0.1443 0.6495 
     D244013  7 0.1841 0.3987 0.4172 
     D244014  7 0.2569 0.1801 0.5629 
     D244015  7 0.3117 0.2417 0.4466 
     D244125  7 0.3121 0.3145 0.3734 
     D244126  7 0.1273 0.1215 0.7513 
     D244130  7 0.5654 0.1286 0.3061 
     D244131  7 0.1795 0.6809 0.1397 
     D244132  7 0.3145 0.4312 0.2543 
        D520  7 0.2763 0.1237 0.6000 
        D521  7 0.1928 0.2746 0.5325 
        D522  7 0.1418 0.7480 0.1102 
        D523  7 0.4304 0.3697 0.1999 
        D524  7 0.2602 0.3956 0.3442 
        D525  7 0.3773 0.3552 0.2675 
        D526  7 0.4641 0.2683 0.2676 
        D527  7 0.1955 0.5208 0.2838 
        D528  7 0.8064 0.0739 0.1197 
        D558  7 0.2691 0.3734 0.3574 
        D559  7 0.3194 0.3653 0.3153 
        D640  7 0.3173 0.2288 0.4539 
        D641  7 0.1922 0.0917 0.7161 
        D642  7 0.4584 0.2473 0.2943 
        D644  7 0.2152 0.2736 0.5112 
        D645  7 0.2345 0.3343 0.4311 
        D662  7 0.3447 0.5429 0.1123 
        D687  7 0.2704 0.4662 0.2634 
        D688  7 0.4128 0.1850 0.4022 
        D689  7 0.1187 0.2628 0.6185 
        D700  7 0.8509 0.0749 0.0742 
        D797  7 0.1643 0.6542 0.1815 
        D798  7 0.4156 0.1575 0.4269 
        D799  7 0.3008 0.2138 0.4853 
        D800  7 0.2826 0.5881 0.1293 
        D201  9 0.3848 0.4047 0.2105 
        D202  9 0.1902 0.0829 0.7269 
     D237259  9 0.5524 0.0954 0.3521 
     D237260  9 0.5664 0.1222 0.3114 
     D237262  9 0.3169 0.2024 0.4807 
     D237263  9 0.2519 0.4215 0.3267 
     D237264  9 0.3616 0.3246 0.3137 
     D237265  9 0.3387 0.1738 0.4875 
     D237266  9 0.3840 0.1195 0.4965 
     D237267  9 0.4986 0.1028 0.3986 
     D237268  9 0.1266 0.1627 0.7106 
     D237289  9 0.2122 0.2539 0.5339 
     D237290  9 0.1900 0.1749 0.6351 
     D237291  9 0.7031 0.1689 0.1280 
     D237292  9 0.6339 0.1520 0.2141 
     D237293  9 0.1369 0.1171 0.7460 
     D237294  9 0.4665 0.3593 0.1741 
     D237295  9 0.1759 0.4841 0.3400 
     D237296  9 0.5338 0.2304 0.2358 
     D237297  9 0.4049 0.1724 0.4227 
     D237298  9 0.1951 0.4678 0.3371 
     D237341  9 0.4094 0.3097 0.2809 
     D237342  9 0.1648 0.1399 0.6953 
     D237343  9 0.5210 0.2113 0.2677 
     D237344  9 0.2591 0.1630 0.5779 
     D237345  9 0.2233 0.3035 0.4732 
     D237346  9 0.3792 0.2007 0.4201 
     D237347  9 0.4023 0.3720 0.2256 
     D237348  9 0.1498 0.1411 0.7092 
     D237349  9 0.3768 0.4991 0.1241 
     D244109  9 0.5630 0.1652 0.2718 
     D244110  9 0.4148 0.2047 0.3805 
     D244111  9 0.2384 0.2421 0.5195 
     D244128  9 0.2065 0.1378 0.6557 
     D244137  9 0.1759 0.6753 0.1488 
     D244138  9 0.4422 0.2224 0.3353 
        D580  9 0.2085 0.2121 0.5794 
        D581  9 0.2702 0.1545 0.5753 
        D582  9 0.1033 0.1427 0.7540 
        D583  9 0.3975 0.2392 0.3633 
        D584  9 0.3340 0.1330 0.5330 
        D585  9 0.1759 0.1709 0.6531 
        D586  9 0.5343 0.2541 0.2116 
        D651  9 0.1795 0.3275 0.4929 
        D652  9 0.2945 0.5458 0.1597 
        D653  9 0.3624 0.2308 0.4068 
        D654  9 0.4459 0.2776 0.2765 
        D655  9 0.2822 0.2018 0.5159 
        D656  9 0.6578 0.1160 0.2261 
        D657  9 0.4156 0.2158 0.3686 
        D667  9 0.1712 0.1338 0.6950 
        D668  9 0.2043 0.1498 0.6459 
        D669  9 0.2940 0.2601 0.4459 
        D670  9 0.5928 0.1203 0.2870 
        D671  9 0.3766 0.4262 0.1972 
        D672  9 0.1810 0.2495 0.5695 
        D673  9 0.1680 0.2802 0.5518 
        D692  9 0.4966 0.1136 0.3898 
        D693  9 0.1701 0.1424 0.6874 
        D694  9 0.5711 0.1283 0.3007 
        D695  9 0.2137 0.3063 0.4800 
        D696  9 0.2363 0.4768 0.2869 
        D697  9 0.2700 0.2189 0.5111 
        D698  9 0.2985 0.1620 0.5394 
        D699  9 0.1452 0.1176 0.7372 
        D787  9 0.3157 0.3026 0.3817 
        D788  9 0.1688 0.1063 0.7249 
        D789  9 0.2523 0.1538 0.5939 
        D790  9 0.3523 0.2125 0.4352 
        D791  9 0.2222 0.1218 0.6561 
        D792  9 0.4322 0.4264 0.1414 
        D793  9 0.2745 0.3144 0.4111 
        D794  9 0.2716 0.3810 0.3474 
        D795  9 0.1734 0.1392 0.6874 
        D796  9 0.1322 0.0882 0.7796 
        D005 12 0.6931 0.1313 0.1756 
        D035 12 0.3398 0.1745 0.4857 
        D067 12 0.2058 0.2265 0.5677 
        D134 12 0.5406 0.1392 0.3202 
        D135 12 0.4830 0.1777 0.3393 
        D136 12 0.3465 0.4511 0.2024 
        D137 12 0.2377 0.1296 0.6326 
        D138 12 0.2669 0.4380 0.2951 
        D139 12 0.2686 0.3040 0.4274 
        D140 12 0.3555 0.2003 0.4442 
        D141 12 0.1556 0.1679 0.6765 
        D150 12 0.6852 0.1213 0.1935 
        D177 12 0.5859 0.0952 0.3189 
        D178 12 0.2877 0.5785 0.1338 
        D179 12 0.4670 0.3122 0.2208 
        D180 12 0.2592 0.1285 0.6123 
        D187 12 0.1598 0.1862 0.6540 
        D188 12 0.4477 0.1766 0.3757 
        D191 12 0.2363 0.4468 0.3169 
        D418 12 0.2766 0.2972 0.4262 
        D601 12 0.2921 0.1468 0.5611 
        D836 12 0.1055 0.0994 0.7951 
        D837 12 0.1808 0.5787 0.2405 
        D838 12 0.1492 0.2803 0.5705 
        D839 12 0.3062 0.3561 0.3377 
        D840 12 0.1999 0.5189 0.2812 
        D841 12 0.1830 0.1357 0.6813 
        D842 12 0.4378 0.3031 0.2591 
        D843 12 0.3259 0.2209 0.4532 
        D844 12 0.3212 0.5697 0.1091 
        D912 12 0.1131 0.7889 0.0980 
        D913 12 0.5708 0.2063 0.2228 
        D914 12 0.3021 0.4526 0.2453 
        D922 12 0.1078 0.1587 0.7336 
        D939 12 0.1147 0.1294 0.7558 
        D944 12 0.7465 0.1750 0.0785 
        D945 12 0.2793 0.1759 0.5449 
        D985 12 0.3627 0.2021 0.4352 
        D986 12 0.4340 0.3502 0.2158 
        D987 12 0.2416 0.6173 0.1411 
        D988 12 0.3627 0.2957 0.3416 
        D996 12 0.4488 0.3173 0.2339 
        D997 12 0.2290 0.1991 0.5719 
        D998 12 0.4512 0.1556 0.3932 
        D999 12 0.3028 0.2830 0.4142 
