        D174  1 0.0296 0.0187 0.1077 0.0220 0.0257 0.0246 0.0216 0.0453 0.0524 0.0536 0.0223 0.5764 
        D199  1 0.0654 0.0580 0.1143 0.0298 0.0956 0.0522 0.0448 0.0248 0.2233 0.1059 0.1054 0.0805 
        D203  1 0.1143 0.0315 0.1705 0.0231 0.0566 0.1509 0.0409 0.0428 0.1172 0.0881 0.0511 0.1130 
        D204  1 0.0353 0.0246 0.0166 0.0230 0.0175 0.6935 0.0151 0.0428 0.0215 0.0413 0.0304 0.0383 
     D237366  1 0.0323 0.0719 0.5086 0.0312 0.0383 0.0128 0.0229 0.0431 0.0590 0.1047 0.0372 0.0379 
     D237367  1 0.0479 0.0418 0.1024 0.0699 0.0309 0.0227 0.1887 0.0518 0.1330 0.1080 0.1792 0.0238 
     D237368  1 0.0824 0.0119 0.2167 0.0326 0.0173 0.1283 0.0357 0.0897 0.0657 0.0534 0.0357 0.2305 
     D244101  1 0.0701 0.0690 0.0170 0.0183 0.0163 0.0390 0.0093 0.0493 0.1048 0.4756 0.1115 0.0200 
     D244102  1 0.0746 0.5207 0.0169 0.0213 0.0292 0.0155 0.0549 0.0223 0.0829 0.0526 0.0429 0.0662 
     D244103  1 0.0273 0.0298 0.1815 0.0226 0.0319 0.0178 0.0371 0.0190 0.1214 0.0777 0.3815 0.0524 
     D244104  1 0.0186 0.0206 0.0173 0.4001 0.0141 0.3253 0.0344 0.0199 0.0450 0.0317 0.0471 0.0259 
     D244105  1 0.0307 0.1914 0.0985 0.0726 0.0163 0.0072 0.0235 0.2000 0.2038 0.0729 0.0670 0.0163 
     D244106  1 0.0364 0.0966 0.0168 0.0161 0.0438 0.1694 0.0092 0.0150 0.0421 0.1142 0.0382 0.4022 
     D244107  1 0.1793 0.0182 0.2691 0.0350 0.0153 0.0140 0.1790 0.0154 0.0941 0.0533 0.1123 0.0151 
     D244108  1 0.1344 0.0158 0.0162 0.0260 0.0796 0.0172 0.0135 0.3253 0.0535 0.0345 0.0555 0.2286 
     D244113  1 0.0248 0.0108 0.0409 0.0149 0.0415 0.0064 0.0198 0.0175 0.0326 0.0245 0.0187 0.7476 
     D244114  1 0.0609 0.3627 0.0954 0.0195 0.0240 0.0110 0.0102 0.0240 0.1389 0.0733 0.1191 0.0610 
     D244115  1 0.0740 0.0868 0.0148 0.0223 0.0369 0.3330 0.0204 0.0316 0.1171 0.0803 0.0470 0.1359 
     D267365  1 0.0627 0.3224 0.0798 0.0238 0.0407 0.0374 0.0344 0.0279 0.1265 0.1119 0.0411 0.0915 
        D404  1 0.0242 0.0141 0.0147 0.0161 0.0528 0.0349 0.0171 0.0132 0.0203 0.0230 0.0294 0.7402 
        D405  1 0.1337 0.0985 0.0291 0.0260 0.1921 0.0989 0.0332 0.0088 0.1004 0.0849 0.0725 0.1220 
        D406  1 0.0073 0.0086 0.0080 0.0061 0.0064 0.0067 0.0069 0.9158 0.0083 0.0084 0.0073 0.0102 
        D407  1 0.0099 0.0117 0.2060 0.0168 0.0153 0.0937 0.0102 0.0177 0.0352 0.0223 0.5382 0.0230 
        D408  1 0.0165 0.0150 0.0223 0.0507 0.0195 0.0337 0.0148 0.0085 0.0294 0.0361 0.0409 0.7125 
        D409  1 0.0940 0.0323 0.0627 0.0432 0.0328 0.0550 0.0180 0.0241 0.2193 0.1167 0.2701 0.0319 
        D410  1 0.6659 0.0139 0.0293 0.0134 0.0116 0.0212 0.0111 0.0492 0.0479 0.0400 0.0717 0.0247 
        D421  1 0.0169 0.0103 0.0302 0.0142 0.0086 0.4873 0.0080 0.0075 0.0226 0.0256 0.3528 0.0161 
        D422  1 0.0466 0.0257 0.2213 0.0117 0.0287 0.0355 0.0246 0.0813 0.1043 0.0572 0.3493 0.0138 
        D423  1 0.1449 0.0121 0.1349 0.0156 0.0155 0.0104 0.0308 0.0382 0.0700 0.0895 0.4254 0.0128 
        D424  1 0.0172 0.0593 0.0276 0.0218 0.0105 0.4032 0.0122 0.0170 0.1614 0.0406 0.0785 0.1508 
        D425  1 0.1132 0.0884 0.0635 0.0745 0.0141 0.0198 0.0170 0.0203 0.2382 0.1340 0.1527 0.0643 
        D426  1 0.0141 0.0252 0.1355 0.0332 0.0179 0.0135 0.0086 0.0119 0.1331 0.1292 0.4324 0.0454 
        D427  1 0.0460 0.0214 0.0271 0.0428 0.0272 0.4460 0.0118 0.0061 0.0580 0.0372 0.2164 0.0600 
        D428  1 0.0746 0.0430 0.0831 0.0279 0.0243 0.1077 0.0163 0.0412 0.1084 0.0739 0.1267 0.2731 
        D429  1 0.0126 0.3888 0.0119 0.0086 0.0114 0.4180 0.0089 0.0121 0.0264 0.0282 0.0200 0.0531 
        D430  1 0.0440 0.1051 0.0358 0.0216 0.0559 0.1342 0.0167 0.0101 0.0758 0.0714 0.1065 0.3228 
        D491  1 0.0187 0.0454 0.0164 0.0311 0.0153 0.0323 0.0303 0.0759 0.0522 0.0232 0.1259 0.5334 
        D492  1 0.0171 0.0392 0.0413 0.0142 0.0370 0.2621 0.0185 0.0849 0.0965 0.0472 0.2041 0.1379 
        D537  1 0.0628 0.0255 0.0826 0.0291 0.0173 0.0582 0.0214 0.3504 0.0812 0.0451 0.1915 0.0349 
        D538  1 0.1369 0.0127 0.1222 0.0256 0.0179 0.0475 0.0845 0.0716 0.0658 0.0427 0.0419 0.3307 
        D539  1 0.0889 0.2340 0.0122 0.0372 0.1304 0.0308 0.0534 0.1114 0.0878 0.0388 0.0476 0.1275 
        D540  1 0.2841 0.0348 0.0794 0.0806 0.0152 0.0199 0.0276 0.0105 0.1512 0.0690 0.1844 0.0434 
        D541  1 0.0110 0.0079 0.0084 0.0088 0.0080 0.8899 0.0108 0.0103 0.0104 0.0116 0.0143 0.0085 
        D551  1 0.0141 0.0851 0.1428 0.0186 0.0135 0.0117 0.0122 0.0227 0.2552 0.0914 0.3061 0.0266 
        D552  1 0.0272 0.1001 0.0183 0.0564 0.0136 0.0271 0.0217 0.5182 0.0344 0.0941 0.0246 0.0644 
        D553  1 0.0263 0.0292 0.0693 0.0469 0.0129 0.4208 0.0482 0.0084 0.0594 0.0764 0.1769 0.0254 
        D615  1 0.0373 0.0552 0.0186 0.0303 0.0709 0.5362 0.0377 0.0139 0.0385 0.0607 0.0505 0.0502 
        D616  1 0.0473 0.0337 0.0223 0.0191 0.0505 0.5747 0.0250 0.0249 0.0548 0.0400 0.0970 0.0108 
        D621  1 0.0202 0.0133 0.0130 0.0208 0.0378 0.0110 0.0166 0.7601 0.0214 0.0230 0.0161 0.0467 
        D622  1 0.0208 0.0231 0.0185 0.0226 0.0074 0.0135 0.0193 0.7968 0.0187 0.0259 0.0132 0.0203 
        D623  1 0.3006 0.0198 0.0415 0.0201 0.0463 0.0128 0.0158 0.0231 0.0816 0.0570 0.0628 0.3185 
        D624  1 0.0261 0.0211 0.0181 0.0565 0.0521 0.2535 0.0160 0.0141 0.1495 0.0438 0.0643 0.2850 
        D625  1 0.0114 0.0229 0.0186 0.0093 0.0367 0.6573 0.0909 0.0654 0.0297 0.0210 0.0185 0.0184 
        D626  1 0.0163 0.0429 0.0537 0.5411 0.0127 0.0262 0.0527 0.0151 0.0570 0.0255 0.0544 0.1023 
        D627  1 0.0140 0.0206 0.1372 0.0153 0.0155 0.0455 0.0270 0.0372 0.2198 0.1100 0.3220 0.0359 
        D690  1 0.0120 0.0156 0.0144 0.0169 0.0094 0.7906 0.0274 0.0100 0.0166 0.0157 0.0160 0.0555 
        D691  1 0.0152 0.0167 0.0303 0.0131 0.0124 0.0314 0.0112 0.8089 0.0155 0.0193 0.0148 0.0112 
        D710  1 0.0655 0.0301 0.1564 0.0993 0.0145 0.0572 0.0490 0.0178 0.1298 0.0587 0.1417 0.1800 
        D711  1 0.0215 0.0239 0.0178 0.0065 0.0158 0.8137 0.0122 0.0170 0.0205 0.0183 0.0169 0.0159 
        D712  1 0.0349 0.0458 0.1218 0.0872 0.0283 0.0111 0.0392 0.0509 0.0515 0.0518 0.0394 0.4381 
        D713  1 0.0732 0.0260 0.0744 0.0154 0.0441 0.0207 0.0124 0.2028 0.1179 0.0730 0.1431 0.1971 
        D746  1 0.0108 0.0111 0.0250 0.0215 0.0144 0.0770 0.0128 0.7537 0.0204 0.0229 0.0177 0.0128 
        D747  1 0.0166 0.0117 0.0093 0.0107 0.0127 0.8746 0.0093 0.0073 0.0097 0.0134 0.0153 0.0095 
        D748  1 0.0127 0.0141 0.0269 0.0184 0.0148 0.0542 0.0094 0.7741 0.0162 0.0189 0.0215 0.0188 
        D749  1 0.0767 0.0450 0.0388 0.0229 0.0652 0.0235 0.0175 0.1216 0.3091 0.1458 0.1033 0.0306 
        D750  1 0.0156 0.0214 0.0124 0.0130 0.0192 0.4714 0.0100 0.0207 0.0224 0.0234 0.0179 0.3526 
        D763  1 0.0315 0.1758 0.0454 0.1642 0.0628 0.0317 0.0323 0.2031 0.1059 0.0654 0.0673 0.0146 
        D764  1 0.0148 0.0099 0.0110 0.0122 0.0095 0.6407 0.0106 0.0193 0.0190 0.0150 0.0239 0.2140 
        D765  1 0.3679 0.1493 0.0537 0.0562 0.0163 0.0083 0.0279 0.0190 0.0725 0.0612 0.1043 0.0635 
        D766  1 0.0198 0.0195 0.0275 0.0296 0.0128 0.0086 0.0197 0.7809 0.0166 0.0137 0.0300 0.0212 
        D767  1 0.1036 0.0847 0.1212 0.0239 0.0397 0.0727 0.1877 0.0662 0.1188 0.0737 0.0621 0.0456 
        D768  1 0.0437 0.0445 0.1094 0.0254 0.0188 0.2893 0.0164 0.0431 0.1093 0.0600 0.2226 0.0174 
        D811  1 0.0669 0.0177 0.0139 0.3711 0.0270 0.0114 0.0326 0.0162 0.0546 0.0364 0.1279 0.2243 
        D816  1 0.0221 0.5086 0.0283 0.0091 0.0079 0.2847 0.0097 0.0097 0.0195 0.0407 0.0207 0.0389 
        D825  1 0.0322 0.3605 0.0194 0.0365 0.0169 0.0517 0.0501 0.0241 0.0572 0.0393 0.0257 0.2865 
        D866  1 0.2226 0.0278 0.0171 0.0563 0.3053 0.0543 0.0278 0.0155 0.0689 0.0732 0.0789 0.0524 
        D867  1 0.0718 0.0264 0.5152 0.0120 0.0247 0.0093 0.0117 0.0825 0.1380 0.0438 0.0416 0.0230 
        D871  1 0.0308 0.0176 0.1311 0.0183 0.0305 0.0820 0.0362 0.0372 0.1504 0.0698 0.2089 0.1871 
        D872  1 0.0453 0.0102 0.0249 0.0293 0.0420 0.0325 0.0315 0.6765 0.0231 0.0218 0.0223 0.0405 
        D873  1 0.7450 0.0088 0.0151 0.0083 0.0267 0.0091 0.0201 0.0088 0.0198 0.0167 0.1027 0.0189 
        D874  1 0.0215 0.0767 0.0203 0.0162 0.0193 0.0337 0.0089 0.0299 0.0485 0.4180 0.0436 0.2632 
        D875  1 0.0405 0.0205 0.1103 0.0069 0.0235 0.0158 0.0140 0.3951 0.1082 0.0446 0.1990 0.0216 
        D876  1 0.0213 0.0282 0.0276 0.0357 0.0186 0.0354 0.0366 0.6142 0.0393 0.0279 0.0282 0.0868 
        D877  1 0.0291 0.0316 0.0167 0.0093 0.0597 0.0266 0.0094 0.0163 0.0640 0.0655 0.0302 0.6415 
        D892  1 0.0171 0.0339 0.0731 0.0131 0.0105 0.0427 0.0181 0.6264 0.0187 0.0218 0.0230 0.1018 
        D893  1 0.0846 0.1324 0.0997 0.0417 0.0176 0.0825 0.0359 0.0645 0.1155 0.2312 0.0547 0.0396 
        D894  1 0.0095 0.0165 0.0088 0.0048 0.0136 0.8784 0.0121 0.0072 0.0123 0.0124 0.0114 0.0130 
        D915  1 0.0685 0.0624 0.1304 0.0285 0.0215 0.0366 0.0481 0.2606 0.0787 0.1745 0.0537 0.0365 
        D916  1 0.0061 0.0054 0.0054 0.0064 0.0059 0.9315 0.0067 0.0073 0.0057 0.0070 0.0056 0.0070 
        D917  1 0.0925 0.0283 0.1477 0.0287 0.0491 0.0389 0.1732 0.0120 0.1766 0.0783 0.0888 0.0860 
        D925  1 0.2646 0.1286 0.0278 0.0254 0.0208 0.0972 0.0693 0.0577 0.1357 0.0485 0.0655 0.0589 
        D926  1 0.0160 0.5925 0.0311 0.0121 0.0100 0.1513 0.0298 0.0132 0.0317 0.0474 0.0375 0.0274 
        D927  1 0.0172 0.4791 0.1521 0.0165 0.0251 0.0483 0.0224 0.0212 0.0818 0.0672 0.0367 0.0325 
        D928  1 0.0180 0.0093 0.0161 0.0154 0.0080 0.0411 0.0074 0.0174 0.0185 0.0136 0.0169 0.8184 
        D929  1 0.0411 0.0369 0.1001 0.0171 0.0473 0.0175 0.3944 0.0382 0.0622 0.0599 0.0359 0.1493 
        D936  1 0.0225 0.6228 0.0269 0.0109 0.0120 0.1653 0.0155 0.0088 0.0191 0.0657 0.0127 0.0178 
        D938  1 0.0067 0.0072 0.0079 0.0133 0.0075 0.0055 0.0066 0.9114 0.0079 0.0108 0.0075 0.0078 
        D956  1 0.0196 0.0204 0.0111 0.0143 0.0303 0.2087 0.0120 0.0066 0.0287 0.0271 0.0231 0.5980 
        D957  1 0.1010 0.0149 0.0156 0.0127 0.0424 0.0362 0.0304 0.6254 0.0283 0.0313 0.0399 0.0221 
        D958  1 0.0064 0.0068 0.0088 0.0111 0.0068 0.0092 0.0075 0.9043 0.0099 0.0093 0.0063 0.0137 
        D959  1 0.0109 0.0072 0.2479 0.0145 0.0078 0.0403 0.0073 0.0097 0.0302 0.0389 0.5609 0.0242 
        D960  1 0.2223 0.0154 0.0333 0.0063 0.0218 0.0168 0.0100 0.5286 0.0412 0.0359 0.0424 0.0259 
        D989  1 0.0548 0.0713 0.0806 0.1161 0.0273 0.0452 0.0125 0.0259 0.1075 0.1001 0.0876 0.2712 
        D990  1 0.5923 0.0134 0.0242 0.0113 0.0122 0.0121 0.0873 0.0246 0.0458 0.0944 0.0675 0.0151 
        D211  3 0.0102 0.0102 0.0207 0.0124 0.0089 0.0166 0.8534 0.0083 0.0137 0.0123 0.0221 0.0111 
     D229639  3 0.0652 0.1042 0.0166 0.1519 0.0575 0.0757 0.0901 0.0123 0.1562 0.0593 0.1570 0.0541 
     D237212  3 0.1132 0.0382 0.0554 0.0418 0.2382 0.1329 0.1105 0.0139 0.0945 0.0610 0.0848 0.0157 
     D237213  3 0.1105 0.0312 0.0400 0.1533 0.2582 0.0087 0.1813 0.0326 0.0769 0.0689 0.0250 0.0134 
     D237214  3 0.0083 0.0083 0.8901 0.0062 0.0086 0.0098 0.0090 0.0151 0.0103 0.0100 0.0128 0.0114 
     D237215  3 0.2327 0.0187 0.0102 0.0188 0.4816 0.0089 0.0112 0.0073 0.0429 0.0410 0.0888 0.0378 
     D237216  3 0.0724 0.0617 0.0855 0.0894 0.0275 0.0131 0.0417 0.0125 0.3374 0.1554 0.0702 0.0333 
     D237217  3 0.0312 0.1025 0.1173 0.0385 0.0139 0.0122 0.3866 0.0459 0.1256 0.0690 0.0489 0.0084 
     D237218  3 0.0245 0.3279 0.0146 0.0233 0.0148 0.0314 0.0291 0.0317 0.0576 0.3644 0.0663 0.0144 
     D237219  3 0.0938 0.0155 0.0169 0.5741 0.0151 0.0134 0.1232 0.0356 0.0420 0.0376 0.0228 0.0099 
     D237382  3 0.1674 0.0184 0.0597 0.0522 0.1716 0.0314 0.0279 0.1109 0.0515 0.0300 0.0340 0.2449 
     D244127  3 0.5466 0.0203 0.0284 0.0466 0.0811 0.0074 0.0643 0.0212 0.0508 0.0518 0.0669 0.0147 
     D244129  3 0.1405 0.0240 0.1754 0.0552 0.0323 0.0818 0.1527 0.0551 0.0958 0.0549 0.0489 0.0835 
     D244133  3 0.0259 0.0113 0.0134 0.7185 0.0381 0.0553 0.0143 0.0204 0.0267 0.0290 0.0288 0.0183 
     D244134  3 0.0866 0.0247 0.0161 0.5064 0.0191 0.0105 0.1440 0.0500 0.0452 0.0459 0.0309 0.0209 
     D244135  3 0.0328 0.0169 0.6474 0.0181 0.0173 0.0216 0.1089 0.0126 0.0390 0.0299 0.0412 0.0143 
     D244136  3 0.0564 0.0207 0.0438 0.2756 0.0454 0.0548 0.0163 0.0540 0.1143 0.0519 0.1385 0.1283 
        D416  3 0.0378 0.0679 0.0917 0.3596 0.0814 0.0221 0.0281 0.0075 0.0919 0.1005 0.0867 0.0250 
        D417  3 0.0350 0.4173 0.0153 0.0271 0.0137 0.1428 0.0255 0.1110 0.0843 0.0507 0.0426 0.0346 
        D419  3 0.2029 0.0210 0.0231 0.2440 0.0352 0.0365 0.0745 0.1144 0.1007 0.0831 0.0518 0.0128 
        D565  3 0.1330 0.0148 0.0191 0.0545 0.0213 0.0286 0.0149 0.0210 0.0534 0.0587 0.0452 0.5355 
        D566  3 0.0344 0.0364 0.0198 0.0432 0.1187 0.0582 0.0199 0.0111 0.0839 0.0576 0.1074 0.4093 
        D567  3 0.0638 0.1200 0.0413 0.0530 0.0479 0.2455 0.1592 0.0573 0.0703 0.0465 0.0817 0.0134 
        D568  3 0.0719 0.2192 0.0203 0.1003 0.0192 0.0383 0.1760 0.1622 0.0640 0.0536 0.0644 0.0104 
        D569  3 0.1972 0.0136 0.2071 0.0187 0.1080 0.0150 0.0860 0.0117 0.0913 0.1305 0.0680 0.0529 
        D573  3 0.1222 0.0291 0.0160 0.0432 0.0196 0.3945 0.0255 0.0074 0.1083 0.0877 0.1319 0.0146 
        D574  3 0.0343 0.0374 0.0441 0.0328 0.0243 0.0094 0.0378 0.0349 0.1187 0.1698 0.0890 0.3674 
        D575  3 0.0095 0.0087 0.0110 0.8435 0.0107 0.0064 0.0538 0.0097 0.0112 0.0102 0.0129 0.0123 
        D576  3 0.1757 0.0258 0.0362 0.0866 0.4698 0.0058 0.0191 0.0046 0.0426 0.0398 0.0731 0.0208 
        D577  3 0.0213 0.0486 0.0694 0.0729 0.0410 0.1262 0.2873 0.0988 0.0692 0.0340 0.0984 0.0327 
        D578  3 0.0110 0.0077 0.9071 0.0086 0.0069 0.0046 0.0075 0.0119 0.0085 0.0090 0.0098 0.0074 
        D579  3 0.0795 0.1618 0.0239 0.0790 0.0451 0.1399 0.0308 0.0209 0.1036 0.1492 0.0529 0.1133 
        D660  3 0.1966 0.0143 0.1362 0.0486 0.1685 0.0119 0.0455 0.0133 0.0921 0.1796 0.0779 0.0154 
        D661  3 0.0093 0.7932 0.0106 0.0140 0.0322 0.0085 0.0116 0.0165 0.0252 0.0602 0.0101 0.0086 
        D663  3 0.0766 0.0229 0.0399 0.0180 0.0579 0.0136 0.0375 0.0098 0.2815 0.1943 0.1731 0.0750 
        D664  3 0.1704 0.0143 0.1404 0.1295 0.0832 0.0091 0.0794 0.0399 0.0992 0.1512 0.0372 0.0462 
        D665  3 0.0413 0.0145 0.0315 0.0651 0.0743 0.0116 0.5368 0.0116 0.0892 0.0587 0.0560 0.0094 
        D666  3 0.0265 0.0113 0.0212 0.8002 0.0269 0.0103 0.0131 0.0172 0.0192 0.0155 0.0183 0.0200 
        D502  6 0.0427 0.0145 0.0134 0.0270 0.6280 0.0080 0.1331 0.0076 0.0321 0.0429 0.0397 0.0111 
        D503  6 0.0695 0.0871 0.0189 0.0486 0.2219 0.0317 0.0395 0.0410 0.1554 0.1805 0.0694 0.0364 
        D504  6 0.0591 0.1664 0.0312 0.0222 0.0590 0.1235 0.0147 0.0305 0.1073 0.2331 0.0933 0.0598 
        D505  6 0.0682 0.0261 0.1039 0.0351 0.1711 0.0590 0.0311 0.0093 0.1413 0.0499 0.0923 0.2127 
        D506  6 0.0117 0.0107 0.0219 0.0151 0.0089 0.0601 0.0083 0.0063 0.0227 0.0127 0.0606 0.7610 
        D507  6 0.1080 0.0773 0.0218 0.0327 0.0828 0.0207 0.0280 0.0239 0.2226 0.1491 0.1859 0.0473 
        D508  6 0.1197 0.3165 0.0245 0.0214 0.1631 0.0231 0.0529 0.0122 0.1042 0.0563 0.0747 0.0315 
        D529  6 0.0300 0.0471 0.3621 0.0395 0.0409 0.0401 0.0477 0.0210 0.1279 0.0854 0.1139 0.0444 
        D530  6 0.0373 0.0103 0.0254 0.0173 0.7271 0.0096 0.0382 0.0246 0.0302 0.0186 0.0348 0.0268 
        D531  6 0.0852 0.0719 0.0294 0.0506 0.0764 0.2275 0.0293 0.0187 0.1585 0.1036 0.0929 0.0560 
        D532  6 0.1980 0.0255 0.0980 0.0188 0.1000 0.0256 0.0107 0.0152 0.1123 0.0629 0.2179 0.1149 
        D534  6 0.1870 0.1492 0.0391 0.0114 0.0233 0.0174 0.0415 0.3062 0.0897 0.0544 0.0636 0.0173 
        D535  6 0.0670 0.0219 0.0331 0.0506 0.0168 0.0185 0.0353 0.0153 0.2089 0.1006 0.2280 0.2039 
        D536  6 0.0340 0.0264 0.1136 0.0144 0.5543 0.0130 0.0098 0.0080 0.0769 0.0408 0.0918 0.0171 
        D554  6 0.0720 0.0434 0.0608 0.0317 0.1673 0.0296 0.0310 0.0348 0.0771 0.0665 0.1019 0.2839 
        D587  6 0.0729 0.0422 0.0252 0.0254 0.0183 0.0419 0.0164 0.0474 0.1176 0.0825 0.0633 0.4468 
        D588  6 0.0911 0.0141 0.0322 0.0308 0.0172 0.0259 0.0245 0.0077 0.3616 0.1869 0.1652 0.0429 
        D589  6 0.0664 0.0306 0.0211 0.0329 0.2465 0.0270 0.0398 0.0145 0.1733 0.2436 0.0606 0.0438 
        D590  6 0.0372 0.0580 0.0370 0.0127 0.0583 0.0482 0.0096 0.0153 0.1288 0.1144 0.4464 0.0340 
        D591  6 0.0229 0.0273 0.0524 0.2514 0.1060 0.0268 0.0236 0.0540 0.1615 0.1402 0.0380 0.0958 
        D592  6 0.1633 0.0452 0.0303 0.0249 0.0315 0.1203 0.0542 0.3410 0.0708 0.0302 0.0585 0.0299 
        D593  6 0.0400 0.0071 0.0106 0.0143 0.8177 0.0067 0.0468 0.0079 0.0129 0.0124 0.0119 0.0115 
        D682  6 0.0370 0.0259 0.0136 0.0248 0.0145 0.0661 0.0082 0.0098 0.0371 0.0322 0.0312 0.6996 
        D683  6 0.0384 0.1354 0.0417 0.0219 0.0365 0.1489 0.2276 0.0225 0.1268 0.0721 0.0610 0.0674 
        D684  6 0.0803 0.0495 0.0725 0.0224 0.0532 0.0649 0.1164 0.0186 0.1367 0.2593 0.1137 0.0124 
        D685  6 0.0321 0.0687 0.0317 0.0462 0.1475 0.0112 0.0819 0.0099 0.3706 0.0799 0.0881 0.0320 
        D686  6 0.3173 0.0111 0.0323 0.0101 0.1636 0.0096 0.0074 0.0096 0.0687 0.0846 0.1746 0.1111 
        D724  6 0.0395 0.5589 0.0248 0.0166 0.0198 0.0238 0.1104 0.0171 0.0740 0.0353 0.0603 0.0195 
        D725  6 0.0563 0.0217 0.0274 0.0621 0.4338 0.0093 0.0608 0.0755 0.0849 0.0602 0.0818 0.0262 
        D726  6 0.0217 0.0248 0.0195 0.0304 0.0106 0.0421 0.0153 0.0236 0.0338 0.0436 0.0399 0.6946 
        D727  6 0.0306 0.0190 0.0945 0.0290 0.0207 0.0301 0.0182 0.0061 0.1112 0.0994 0.5024 0.0387 
        D728  6 0.1161 0.0145 0.0165 0.0914 0.0570 0.0187 0.0380 0.0212 0.0775 0.0469 0.0451 0.4572 
        D729  6 0.0877 0.0082 0.1295 0.0075 0.0128 0.0414 0.0171 0.0090 0.0537 0.0674 0.5506 0.0150 
        D730  6 0.0360 0.6755 0.0215 0.0175 0.0183 0.0172 0.0445 0.0160 0.0422 0.0641 0.0297 0.0174 
        D731  6 0.0249 0.0153 0.0224 0.0591 0.1951 0.0141 0.0116 0.0094 0.0275 0.0220 0.0277 0.5709 
        D732  6 0.0783 0.0496 0.0419 0.0363 0.0503 0.0660 0.2767 0.0266 0.1050 0.0941 0.1484 0.0269 
        D733  6 0.0667 0.2213 0.1028 0.0636 0.0523 0.0238 0.0707 0.1352 0.0816 0.0934 0.0319 0.0568 
     D237251  7 0.0143 0.8129 0.0170 0.0380 0.0105 0.0086 0.0091 0.0084 0.0236 0.0294 0.0177 0.0105 
     D237252  7 0.0471 0.0924 0.0299 0.0689 0.4238 0.0156 0.0932 0.0497 0.0639 0.0414 0.0599 0.0142 
     D237253  7 0.0431 0.2986 0.0380 0.0443 0.0393 0.0212 0.0140 0.0123 0.1627 0.0718 0.1976 0.0570 
     D237254  7 0.0091 0.0096 0.8936 0.0072 0.0082 0.0066 0.0115 0.0142 0.0109 0.0100 0.0118 0.0075 
     D237255  7 0.0645 0.2198 0.0619 0.1193 0.1703 0.0187 0.0201 0.0210 0.0978 0.0558 0.0929 0.0576 
     D237256  7 0.0624 0.0863 0.0197 0.0315 0.1303 0.0109 0.0357 0.0071 0.2907 0.1145 0.1577 0.0533 
     D237257  7 0.0880 0.0634 0.3327 0.0164 0.0289 0.0151 0.0530 0.0136 0.1446 0.0914 0.1120 0.0407 
     D237282  7 0.1342 0.0497 0.1554 0.0275 0.0389 0.1787 0.0209 0.0897 0.1039 0.0552 0.1240 0.0221 
     D237283  7 0.0162 0.0102 0.0085 0.0395 0.0981 0.0080 0.7298 0.0123 0.0250 0.0221 0.0125 0.0179 
     D237284  7 0.0248 0.0601 0.5828 0.0263 0.0208 0.0397 0.0512 0.0252 0.0635 0.0498 0.0310 0.0249 
     D237285  7 0.0704 0.0225 0.0338 0.0189 0.4814 0.0107 0.0821 0.0197 0.0597 0.0399 0.1039 0.0570 
     D237286  7 0.3041 0.0329 0.0599 0.0157 0.0355 0.0214 0.0112 0.0186 0.1315 0.0990 0.1017 0.1686 
     D237287  7 0.1077 0.0550 0.0208 0.2470 0.0190 0.0210 0.0418 0.0163 0.1830 0.0699 0.1837 0.0347 
     D244006  7 0.0096 0.0156 0.8857 0.0072 0.0095 0.0131 0.0096 0.0092 0.0105 0.0114 0.0095 0.0090 
     D244007  7 0.0352 0.0558 0.1195 0.0139 0.0174 0.0171 0.0102 0.1106 0.0956 0.1944 0.2772 0.0531 
     D244008  7 0.0174 0.0122 0.0114 0.0992 0.0444 0.0115 0.7102 0.0230 0.0249 0.0099 0.0178 0.0180 
     D244009  7 0.0289 0.1338 0.0179 0.0269 0.0322 0.0217 0.1072 0.4938 0.0448 0.0393 0.0318 0.0217 
     D244010  7 0.0457 0.0091 0.0403 0.0309 0.1665 0.0326 0.4622 0.0098 0.0877 0.0499 0.0444 0.0210 
     D244011  7 0.0552 0.0407 0.0253 0.0184 0.0619 0.0130 0.0490 0.0147 0.1109 0.4474 0.0581 0.1055 
     D244012  7 0.1344 0.0165 0.0314 0.0251 0.2828 0.0495 0.2104 0.0074 0.0958 0.0433 0.0756 0.0279 
     D244013  7 0.1388 0.1177 0.0242 0.0262 0.0630 0.0193 0.0361 0.0209 0.0595 0.3886 0.0489 0.0569 
     D244014  7 0.0798 0.1055 0.0209 0.1955 0.0290 0.0100 0.0493 0.0440 0.0838 0.2631 0.0931 0.0259 
     D244015  7 0.3216 0.0176 0.0451 0.1532 0.0335 0.0260 0.0409 0.0331 0.1690 0.0556 0.0838 0.0206 
     D244125  7 0.2569 0.0708 0.0197 0.1066 0.0807 0.0252 0.0173 0.0389 0.1458 0.0662 0.0882 0.0837 
     D244126  7 0.0120 0.0140 0.0076 0.0097 0.0098 0.0167 0.8741 0.0098 0.0129 0.0159 0.0097 0.0076 
     D244130  7 0.7128 0.0117 0.0117 0.0108 0.0304 0.0140 0.0154 0.0106 0.0758 0.0332 0.0603 0.0132 
     D244131  7 0.0395 0.1595 0.0213 0.0135 0.0151 0.0419 0.0316 0.0330 0.0328 0.4306 0.0400 0.1411 
     D244132  7 0.2458 0.0985 0.0179 0.0667 0.0229 0.0142 0.0128 0.1146 0.0883 0.1401 0.0945 0.0835 
        D520  7 0.0412 0.0327 0.0389 0.0521 0.1922 0.0145 0.2639 0.0266 0.1508 0.0448 0.0960 0.0462 
        D521  7 0.3196 0.0342 0.0586 0.0240 0.1380 0.0231 0.0628 0.0300 0.0580 0.1240 0.0678 0.0600 
        D522  7 0.0188 0.0675 0.0162 0.0314 0.0136 0.0109 0.0143 0.5702 0.0186 0.1563 0.0322 0.0499 
        D523  7 0.0225 0.7153 0.0156 0.0254 0.0134 0.0089 0.0110 0.0149 0.0305 0.0822 0.0303 0.0300 
        D524  7 0.0611 0.5200 0.0448 0.0484 0.0331 0.0167 0.0373 0.0227 0.0474 0.0849 0.0400 0.0436 
        D525  7 0.1178 0.0251 0.0638 0.0152 0.1053 0.0909 0.0428 0.0554 0.1534 0.1810 0.0951 0.0542 
        D526  7 0.0307 0.0191 0.6761 0.0508 0.0162 0.0263 0.0485 0.0403 0.0323 0.0270 0.0194 0.0134 
        D527  7 0.0202 0.6014 0.0123 0.0392 0.0123 0.0747 0.0152 0.0092 0.0291 0.1385 0.0299 0.0181 
        D528  7 0.0184 0.0087 0.0125 0.0069 0.0110 0.0097 0.0437 0.0067 0.7264 0.1302 0.0155 0.0102 
        D558  7 0.2484 0.0406 0.1286 0.0191 0.0938 0.0430 0.0464 0.0555 0.0603 0.1421 0.0869 0.0353 
        D559  7 0.1450 0.4212 0.0380 0.0125 0.0339 0.0215 0.0241 0.0170 0.0396 0.1998 0.0392 0.0082 
        D640  7 0.2943 0.0623 0.0211 0.1647 0.0281 0.0184 0.0158 0.0184 0.1383 0.1390 0.0771 0.0225 
        D641  7 0.1027 0.0171 0.0557 0.1851 0.0805 0.0085 0.1313 0.0171 0.0856 0.1788 0.0820 0.0554 
        D642  7 0.4129 0.0215 0.0662 0.0108 0.0571 0.0120 0.0176 0.0593 0.0911 0.0396 0.1385 0.0734 
        D644  7 0.1199 0.1038 0.0369 0.0469 0.0395 0.0231 0.2923 0.0361 0.1198 0.0483 0.0686 0.0647 
        D645  7 0.0647 0.2784 0.0155 0.3096 0.0414 0.0330 0.0356 0.0180 0.0737 0.0575 0.0539 0.0188 
        D662  7 0.5745 0.0341 0.0151 0.0188 0.0081 0.0402 0.0087 0.0769 0.0607 0.0552 0.0605 0.0473 
        D687  7 0.0278 0.3049 0.0143 0.0472 0.0566 0.0169 0.0340 0.0240 0.0496 0.3226 0.0359 0.0663 
        D688  7 0.2669 0.0436 0.1263 0.0098 0.0753 0.0419 0.1266 0.0093 0.1292 0.0612 0.0984 0.0116 
        D689  7 0.0108 0.0148 0.0094 0.8674 0.0108 0.0159 0.0132 0.0097 0.0118 0.0125 0.0099 0.0137 
        D700  7 0.0134 0.0107 0.0145 0.0072 0.0074 0.0058 0.0082 0.0076 0.7861 0.0980 0.0211 0.0200 
        D797  7 0.0432 0.2162 0.0189 0.0716 0.0404 0.0915 0.0315 0.0458 0.1059 0.1543 0.0373 0.1435 
        D798  7 0.5253 0.0140 0.0127 0.1406 0.0234 0.0151 0.0300 0.0234 0.0993 0.0573 0.0385 0.0203 
        D799  7 0.0282 0.6589 0.0263 0.0244 0.0121 0.0127 0.0550 0.0070 0.0453 0.0795 0.0361 0.0145 
        D800  7 0.0234 0.2909 0.0241 0.0281 0.0272 0.3785 0.0109 0.0195 0.0832 0.0498 0.0480 0.0163 
        D201  9 0.0096 0.7713 0.0311 0.0182 0.0192 0.0106 0.0146 0.0359 0.0250 0.0260 0.0276 0.0109 
        D202  9 0.1217 0.0789 0.0087 0.0169 0.4868 0.0105 0.0724 0.0053 0.0477 0.0510 0.0609 0.0392 
     D237259  9 0.0526 0.0155 0.0116 0.0668 0.0710 0.0122 0.0341 0.0088 0.5200 0.1247 0.0646 0.0181 
     D237260  9 0.0593 0.1251 0.0969 0.0149 0.3103 0.0123 0.0240 0.0076 0.1626 0.0686 0.0690 0.0493 
     D237262  9 0.0567 0.0157 0.1193 0.0109 0.0158 0.0235 0.6247 0.0237 0.0346 0.0318 0.0205 0.0227 
     D237263  9 0.0553 0.2902 0.0702 0.0132 0.0288 0.1022 0.2302 0.0135 0.0538 0.0890 0.0410 0.0124 
     D237264  9 0.1025 0.0260 0.1056 0.0219 0.2613 0.0650 0.0449 0.0268 0.1371 0.1255 0.0425 0.0409 
     D237265  9 0.0182 0.0247 0.0153 0.0110 0.7857 0.0211 0.0161 0.0113 0.0292 0.0206 0.0219 0.0249 
     D237266  9 0.4823 0.0162 0.0217 0.1126 0.0475 0.0319 0.0275 0.0079 0.0896 0.0405 0.1075 0.0146 
     D237267  9 0.0424 0.0116 0.1230 0.0571 0.0561 0.0146 0.0927 0.0068 0.2078 0.0866 0.0618 0.2397 
     D237268  9 0.0168 0.0244 0.0202 0.0120 0.0328 0.0238 0.7850 0.0142 0.0243 0.0176 0.0168 0.0122 
     D237289  9 0.0129 0.0217 0.0135 0.0301 0.7219 0.0329 0.0228 0.0243 0.0273 0.0349 0.0185 0.0391 
     D237290  9 0.0580 0.0327 0.0110 0.0378 0.6463 0.0411 0.0419 0.0112 0.0347 0.0307 0.0413 0.0131 
     D237291  9 0.1720 0.3796 0.0474 0.0171 0.0688 0.0078 0.0072 0.0107 0.1103 0.0689 0.0723 0.0381 
     D237292  9 0.0195 0.0163 0.0529 0.0089 0.6521 0.0179 0.0126 0.0230 0.0435 0.0269 0.1123 0.0140 
     D237293  9 0.1390 0.0178 0.0253 0.1743 0.3948 0.0102 0.0894 0.0177 0.0328 0.0324 0.0416 0.0247 
     D237294  9 0.0525 0.4999 0.0730 0.0122 0.0529 0.0139 0.0249 0.0419 0.0613 0.0670 0.0321 0.0684 
     D237295  9 0.0408 0.0345 0.0611 0.0562 0.0603 0.2305 0.1251 0.0589 0.0999 0.0582 0.0666 0.1081 
     D237296  9 0.0775 0.1904 0.0602 0.0639 0.0322 0.0212 0.0157 0.0445 0.2363 0.1149 0.0945 0.0486 
     D237297  9 0.2960 0.0179 0.0423 0.0311 0.0658 0.0138 0.0387 0.0126 0.1589 0.1438 0.0794 0.0997 
     D237298  9 0.0492 0.2731 0.0345 0.0681 0.0300 0.0450 0.1194 0.0319 0.0588 0.2357 0.0383 0.0160 
     D237341  9 0.0666 0.1140 0.0565 0.0408 0.0803 0.0249 0.0309 0.0479 0.1385 0.3289 0.0463 0.0246 
     D237342  9 0.0466 0.0157 0.0143 0.0133 0.0320 0.0227 0.6977 0.0075 0.0267 0.0374 0.0255 0.0606 
     D237343  9 0.3152 0.1005 0.1040 0.0346 0.0308 0.0222 0.0277 0.0235 0.1318 0.0633 0.0767 0.0697 
     D237344  9 0.2003 0.0110 0.0525 0.1065 0.1793 0.0341 0.0231 0.0179 0.0786 0.1153 0.0798 0.1017 
     D237345  9 0.0595 0.0508 0.0560 0.0126 0.0644 0.0239 0.3869 0.2097 0.0487 0.0438 0.0324 0.0111 
     D237346  9 0.1741 0.0847 0.0155 0.0501 0.0767 0.0171 0.0696 0.0625 0.2592 0.0758 0.0627 0.0519 
     D237347  9 0.0586 0.0424 0.0374 0.0241 0.0208 0.0222 0.0284 0.0115 0.0934 0.3676 0.0628 0.2310 
     D237348  9 0.1650 0.0141 0.0499 0.0499 0.3606 0.0227 0.1377 0.0294 0.0386 0.0606 0.0417 0.0297 
     D237349  9 0.1188 0.1340 0.0292 0.0200 0.0673 0.0452 0.0081 0.0445 0.0725 0.2709 0.1768 0.0127 
     D244109  9 0.0947 0.0275 0.5661 0.0150 0.0611 0.0288 0.0243 0.0114 0.0545 0.0375 0.0629 0.0160 
     D244110  9 0.0675 0.0674 0.2638 0.0653 0.1418 0.0188 0.0333 0.0274 0.1108 0.0639 0.1030 0.0368 
     D244111  9 0.2806 0.0977 0.0336 0.0426 0.0791 0.0135 0.0303 0.0185 0.0740 0.1756 0.0772 0.0773 
     D244128  9 0.0264 0.0226 0.0247 0.0122 0.0399 0.0175 0.7138 0.0131 0.0239 0.0599 0.0231 0.0228 
     D244137  9 0.0384 0.0819 0.0320 0.0217 0.0294 0.3346 0.0178 0.0421 0.0786 0.2439 0.0471 0.0325 
     D244138  9 0.0868 0.1144 0.0198 0.0134 0.0810 0.0171 0.0417 0.0197 0.1682 0.3168 0.0960 0.0251 
        D580  9 0.0763 0.0339 0.0218 0.0397 0.1004 0.0124 0.2427 0.2770 0.0748 0.0352 0.0598 0.0259 
        D581  9 0.0163 0.0115 0.0097 0.0086 0.8744 0.0107 0.0118 0.0186 0.0100 0.0130 0.0085 0.0069 
        D582  9 0.0105 0.0148 0.0172 0.0101 0.0124 0.0106 0.8665 0.0142 0.0131 0.0107 0.0091 0.0109 
        D583  9 0.1025 0.3540 0.0263 0.0397 0.1273 0.0133 0.0240 0.0197 0.1237 0.0887 0.0684 0.0126 
        D584  9 0.1626 0.0114 0.0269 0.0288 0.3347 0.0113 0.0355 0.0419 0.0893 0.0818 0.0943 0.0817 
        D585  9 0.0222 0.0246 0.0161 0.0164 0.0333 0.0402 0.6833 0.0199 0.0393 0.0433 0.0393 0.0221 
        D586  9 0.0621 0.0209 0.0170 0.0304 0.0613 0.0308 0.0102 0.0100 0.1094 0.5015 0.1056 0.0406 
        D651  9 0.0136 0.0152 0.0263 0.6870 0.0098 0.0291 0.0298 0.0963 0.0227 0.0237 0.0274 0.0192 
        D652  9 0.1149 0.2343 0.0239 0.0113 0.0509 0.0666 0.0135 0.0258 0.0611 0.3075 0.0711 0.0190 
        D653  9 0.0772 0.0286 0.0272 0.1175 0.0392 0.0148 0.0620 0.0202 0.1594 0.3065 0.1011 0.0463 
        D654  9 0.3374 0.0413 0.0951 0.0452 0.0233 0.0310 0.0450 0.0356 0.1758 0.0754 0.0743 0.0205 
        D655  9 0.1506 0.0405 0.0224 0.2455 0.0542 0.0255 0.0352 0.0142 0.1759 0.0798 0.0839 0.0721 
        D656  9 0.0286 0.0140 0.2490 0.0156 0.0461 0.0126 0.0413 0.0211 0.0709 0.0656 0.4199 0.0152 
        D657  9 0.1862 0.0406 0.2816 0.0260 0.1438 0.0133 0.0223 0.0376 0.0921 0.0627 0.0526 0.0413 
        D667  9 0.0116 0.0102 0.0177 0.8311 0.0237 0.0091 0.0125 0.0068 0.0281 0.0123 0.0175 0.0194 
        D668  9 0.1870 0.0177 0.0147 0.2538 0.1100 0.0118 0.0850 0.0884 0.0982 0.0597 0.0529 0.0207 
        D669  9 0.0240 0.0885 0.0214 0.0266 0.6498 0.0161 0.0239 0.0415 0.0382 0.0337 0.0215 0.0147 
        D670  9 0.0492 0.0215 0.0330 0.3682 0.0186 0.0123 0.0130 0.0167 0.0861 0.0994 0.2579 0.0241 
        D671  9 0.1112 0.0848 0.0388 0.0122 0.3121 0.0470 0.0141 0.0569 0.1161 0.1341 0.0518 0.0209 
        D672  9 0.0278 0.2087 0.0126 0.0712 0.0465 0.0253 0.3439 0.0717 0.0921 0.0410 0.0431 0.0161 
        D673  9 0.0558 0.0468 0.0113 0.4068 0.0237 0.0129 0.0670 0.1387 0.0938 0.0498 0.0345 0.0590 
        D692  9 0.0223 0.0143 0.1235 0.0153 0.0716 0.0141 0.1088 0.0103 0.0828 0.0469 0.4688 0.0213 
        D693  9 0.0323 0.0213 0.0259 0.5602 0.0878 0.0102 0.0462 0.0596 0.0328 0.0340 0.0528 0.0371 
        D694  9 0.0662 0.0315 0.3755 0.0121 0.0903 0.0102 0.1209 0.0326 0.1210 0.0521 0.0455 0.0421 
        D695  9 0.1131 0.0604 0.0234 0.1226 0.0448 0.1023 0.1469 0.1084 0.1053 0.0418 0.1065 0.0245 
        D696  9 0.0141 0.0103 0.0103 0.0108 0.0104 0.0137 0.0090 0.0280 0.0141 0.0199 0.0117 0.8478 
        D697  9 0.0139 0.0202 0.0119 0.7920 0.0164 0.0126 0.0110 0.0250 0.0215 0.0272 0.0283 0.0200 
        D698  9 0.0761 0.0213 0.0230 0.0901 0.1958 0.0192 0.0529 0.0268 0.1437 0.0582 0.0693 0.2237 
        D699  9 0.0893 0.0149 0.0154 0.3634 0.2550 0.0074 0.0293 0.0238 0.0497 0.0350 0.0331 0.0837 
        D787  9 0.3483 0.1885 0.0168 0.0699 0.0283 0.0730 0.0286 0.0110 0.0793 0.0353 0.1009 0.0201 
        D788  9 0.0810 0.0298 0.0134 0.4656 0.1446 0.0090 0.0530 0.0148 0.0630 0.0291 0.0405 0.0562 
        D789  9 0.1478 0.0188 0.0954 0.0497 0.1208 0.0226 0.1401 0.0124 0.1251 0.0783 0.0633 0.1257 
        D790  9 0.0803 0.0579 0.0226 0.5002 0.0241 0.0139 0.0177 0.0350 0.0740 0.0530 0.1029 0.0186 
        D791  9 0.0487 0.0640 0.0269 0.0141 0.5918 0.0114 0.0645 0.0086 0.0388 0.0419 0.0181 0.0711 
        D792  9 0.0767 0.0639 0.2609 0.0746 0.0218 0.1152 0.0138 0.0184 0.1543 0.0804 0.0999 0.0203 
        D793  9 0.0126 0.0114 0.0122 0.7474 0.0112 0.0383 0.0129 0.0084 0.0229 0.0130 0.0570 0.0526 
        D794  9 0.0658 0.0287 0.1027 0.2911 0.0476 0.0611 0.0372 0.0357 0.1106 0.0765 0.0606 0.0824 
        D795  9 0.0870 0.0333 0.0113 0.0169 0.0547 0.0153 0.6198 0.0082 0.0339 0.0208 0.0247 0.0740 
        D796  9 0.0169 0.0345 0.0099 0.7276 0.0543 0.0090 0.0457 0.0088 0.0354 0.0219 0.0243 0.0116 
        D005 12 0.0207 0.0130 0.8138 0.0109 0.0109 0.0083 0.0148 0.0113 0.0315 0.0307 0.0183 0.0158 
        D035 12 0.0097 0.0127 0.0088 0.8679 0.0091 0.0081 0.0100 0.0110 0.0220 0.0107 0.0158 0.0142 
        D067 12 0.0717 0.0620 0.0250 0.3798 0.0552 0.0290 0.0663 0.0160 0.0807 0.0582 0.1019 0.0543 
        D134 12 0.0955 0.0610 0.0366 0.0229 0.0450 0.0213 0.1207 0.0091 0.1797 0.1814 0.1824 0.0444 
        D135 12 0.1342 0.0294 0.0165 0.0372 0.0642 0.0136 0.0299 0.0214 0.4321 0.1370 0.0581 0.0264 
        D136 12 0.1095 0.0220 0.0732 0.0636 0.0227 0.1492 0.0351 0.0998 0.1584 0.0526 0.1129 0.1009 
        D137 12 0.0652 0.0556 0.0157 0.3439 0.1836 0.0113 0.0234 0.0242 0.1163 0.0473 0.0974 0.0160 
        D138 12 0.0876 0.1330 0.0231 0.1473 0.0472 0.0507 0.0220 0.0322 0.1312 0.1340 0.1559 0.0358 
        D139 12 0.1467 0.1688 0.0578 0.0246 0.0854 0.0283 0.0548 0.0150 0.0980 0.1586 0.1235 0.0386 
        D140 12 0.0224 0.0112 0.0120 0.7969 0.0145 0.0205 0.0087 0.0231 0.0228 0.0190 0.0218 0.0271 
        D141 12 0.0298 0.0152 0.0237 0.1124 0.0118 0.0073 0.4517 0.2654 0.0320 0.0195 0.0226 0.0085 
        D150 12 0.5782 0.0098 0.0428 0.0117 0.0882 0.0124 0.0151 0.0074 0.0690 0.0684 0.0666 0.0302 
        D177 12 0.0778 0.0140 0.0317 0.0387 0.0546 0.0215 0.0532 0.0072 0.1634 0.1329 0.3475 0.0574 
        D178 12 0.0830 0.0409 0.0612 0.0204 0.0240 0.4224 0.0170 0.0625 0.1090 0.0749 0.0544 0.0304 
        D179 12 0.0462 0.0934 0.0867 0.0918 0.0168 0.0213 0.0256 0.0530 0.1662 0.1109 0.1687 0.1193 
        D180 12 0.0283 0.0219 0.0831 0.3357 0.0210 0.0139 0.2829 0.0116 0.0921 0.0388 0.0592 0.0115 
        D187 12 0.0334 0.0454 0.0106 0.7328 0.0140 0.0125 0.0293 0.0073 0.0332 0.0319 0.0231 0.0265 
        D188 12 0.0238 0.0421 0.2821 0.0151 0.0252 0.0119 0.2603 0.1029 0.0695 0.0319 0.1177 0.0175 
        D191 12 0.0273 0.4765 0.0437 0.0805 0.0299 0.0136 0.0234 0.1755 0.0608 0.0179 0.0275 0.0233 
        D418 12 0.0438 0.3022 0.0339 0.0723 0.0423 0.0132 0.0445 0.2720 0.0852 0.0321 0.0462 0.0123 
        D601 12 0.0177 0.0140 0.3449 0.0217 0.0179 0.0179 0.4201 0.0106 0.0560 0.0307 0.0287 0.0199 
        D836 12 0.0145 0.0157 0.0313 0.2185 0.0123 0.0092 0.6142 0.0117 0.0182 0.0282 0.0141 0.0120 
        D837 12 0.1211 0.2276 0.0144 0.0250 0.0301 0.0903 0.0249 0.0403 0.0537 0.2843 0.0555 0.0328 
        D838 12 0.0463 0.0671 0.0081 0.6486 0.0229 0.0192 0.0115 0.0098 0.0346 0.0399 0.0509 0.0411 
        D839 12 0.0420 0.1330 0.0424 0.0331 0.2998 0.0311 0.0552 0.0316 0.0998 0.1180 0.0891 0.0249 
        D840 12 0.0359 0.0954 0.0156 0.0587 0.0186 0.0188 0.0313 0.0744 0.0543 0.4970 0.0507 0.0492 
        D841 12 0.0086 0.0222 0.0072 0.8815 0.0079 0.0060 0.0095 0.0094 0.0113 0.0155 0.0111 0.0097 
        D842 12 0.5598 0.0310 0.0332 0.0099 0.0367 0.0119 0.0193 0.1241 0.0314 0.0688 0.0623 0.0114 
        D843 12 0.0619 0.0359 0.0446 0.1520 0.0948 0.0378 0.1284 0.0117 0.1444 0.0797 0.1384 0.0704 
        D844 12 0.0132 0.8060 0.0495 0.0077 0.0103 0.0141 0.0109 0.0212 0.0196 0.0208 0.0183 0.0084 
        D912 12 0.0228 0.1234 0.0166 0.0192 0.0114 0.0446 0.0090 0.0434 0.0227 0.5127 0.0401 0.1343 
        D913 12 0.0740 0.1157 0.0350 0.0685 0.1081 0.0350 0.0116 0.0119 0.2081 0.1385 0.1778 0.0158 
        D914 12 0.0580 0.0826 0.0207 0.0279 0.0095 0.0114 0.0206 0.0101 0.0436 0.5505 0.0630 0.1022 
        D922 12 0.0133 0.0157 0.0148 0.7750 0.0135 0.0142 0.0706 0.0184 0.0198 0.0132 0.0145 0.0169 
        D939 12 0.0194 0.0260 0.0294 0.1081 0.0210 0.0058 0.6595 0.0230 0.0316 0.0263 0.0244 0.0256 
        D944 12 0.0420 0.0618 0.0542 0.0446 0.0809 0.0227 0.0061 0.0419 0.4064 0.0910 0.1354 0.0130 
        D945 12 0.1567 0.1249 0.0546 0.0981 0.0362 0.0160 0.1027 0.0153 0.1430 0.0645 0.1456 0.0423 
        D985 12 0.1159 0.0099 0.2536 0.0835 0.0624 0.0222 0.0403 0.0667 0.1115 0.0483 0.0577 0.1279 
        D986 12 0.0322 0.1788 0.0274 0.0091 0.0321 0.0427 0.0339 0.0101 0.1246 0.4438 0.0427 0.0225 
        D987 12 0.0818 0.1642 0.0402 0.0181 0.0134 0.0201 0.0114 0.0348 0.0526 0.4322 0.0646 0.0666 
        D988 12 0.0591 0.0247 0.0422 0.0197 0.0358 0.0181 0.0503 0.0147 0.0935 0.4914 0.0628 0.0879 
        D996 12 0.0418 0.0372 0.0456 0.1561 0.0131 0.0215 0.0148 0.0122 0.1034 0.4607 0.0706 0.0231 
        D997 12 0.0379 0.0286 0.0363 0.0378 0.0293 0.0194 0.5862 0.0180 0.0648 0.0538 0.0319 0.0561 
        D998 12 0.0547 0.0306 0.0215 0.1436 0.0967 0.0161 0.0190 0.0099 0.3233 0.1136 0.0858 0.0852 
        D999 12 0.0567 0.1074 0.0140 0.0210 0.4810 0.0143 0.0264 0.0340 0.0719 0.0623 0.0563 0.0547 
