        D174  1 0.1181 0.1947 0.0811 0.1705 0.1422 0.1200 0.0388 0.0978 0.0368 
        D199  1 0.1275 0.0677 0.0370 0.2345 0.1025 0.2460 0.0463 0.0746 0.0638 
        D203  1 0.1981 0.1012 0.0773 0.1540 0.0970 0.1496 0.0291 0.1307 0.0629 
        D204  1 0.0224 0.6748 0.0830 0.0430 0.0510 0.0342 0.0179 0.0446 0.0291 
     D237366  1 0.5303 0.0231 0.0688 0.0872 0.0299 0.0529 0.0394 0.1362 0.0320 
     D237367  1 0.2820 0.0298 0.0808 0.0598 0.0708 0.1414 0.0608 0.0760 0.1987 
     D237368  1 0.2214 0.2087 0.1821 0.0633 0.0636 0.1092 0.0475 0.0428 0.0614 
     D244101  1 0.0337 0.0494 0.0823 0.1380 0.0683 0.1892 0.0199 0.3974 0.0219 
     D244102  1 0.0467 0.0775 0.0567 0.2731 0.1389 0.1459 0.0462 0.1316 0.0833 
     D244103  1 0.4742 0.0785 0.0385 0.1009 0.0349 0.1246 0.0492 0.0466 0.0526 
     D244104  1 0.0297 0.1799 0.0327 0.0541 0.0210 0.0426 0.5673 0.0468 0.0258 
     D244105  1 0.1091 0.0181 0.2725 0.1508 0.0331 0.2501 0.1059 0.0313 0.0290 
     D244106  1 0.0234 0.5053 0.0242 0.1625 0.0382 0.0502 0.0148 0.1669 0.0146 
     D244107  1 0.4589 0.0142 0.0194 0.0382 0.1026 0.1545 0.0390 0.0230 0.1501 
     D244108  1 0.0231 0.0561 0.4375 0.0903 0.2074 0.0883 0.0324 0.0384 0.0265 
     D244113  1 0.0573 0.0792 0.0487 0.2470 0.3166 0.0900 0.0533 0.0716 0.0364 
     D244114  1 0.1397 0.0258 0.0347 0.3086 0.0632 0.2442 0.0291 0.1401 0.0146 
     D244115  1 0.0199 0.4955 0.0539 0.1145 0.0399 0.0974 0.0225 0.1223 0.0342 
     D267365  1 0.0700 0.0831 0.0474 0.2254 0.0790 0.1209 0.0299 0.3051 0.0392 
        D404  1 0.0295 0.3120 0.0266 0.1645 0.2579 0.0689 0.0306 0.0563 0.0536 
        D405  1 0.0480 0.1554 0.0150 0.1571 0.2667 0.1135 0.0366 0.1395 0.0682 
        D406  1 0.0088 0.0081 0.9322 0.0099 0.0076 0.0091 0.0074 0.0095 0.0074 
        D407  1 0.6206 0.2334 0.0201 0.0237 0.0195 0.0307 0.0212 0.0167 0.0141 
        D408  1 0.0785 0.3022 0.0196 0.1575 0.0900 0.0736 0.1271 0.1084 0.0431 
        D409  1 0.1850 0.0897 0.0414 0.1334 0.0578 0.2858 0.0509 0.1250 0.0311 
        D410  1 0.0416 0.0424 0.1102 0.0559 0.4612 0.1422 0.0285 0.0930 0.0250 
        D421  1 0.2634 0.5628 0.0130 0.0329 0.0129 0.0381 0.0274 0.0381 0.0114 
        D422  1 0.5992 0.0434 0.0681 0.0405 0.0637 0.0895 0.0167 0.0506 0.0282 
        D423  1 0.5184 0.0130 0.0532 0.0588 0.1378 0.1307 0.0197 0.0268 0.0416 
        D424  1 0.0274 0.7439 0.0248 0.0552 0.0149 0.0809 0.0164 0.0218 0.0147 
        D425  1 0.0764 0.0461 0.0307 0.1897 0.0860 0.3173 0.1160 0.1168 0.0209 
        D426  1 0.3916 0.0886 0.0224 0.1059 0.0213 0.2342 0.0574 0.0663 0.0123 
        D427  1 0.0640 0.4886 0.0094 0.1446 0.0321 0.1078 0.0938 0.0492 0.0106 
        D428  1 0.0890 0.4352 0.0444 0.1299 0.0671 0.1193 0.0412 0.0488 0.0252 
        D429  1 0.0116 0.6996 0.0153 0.1436 0.0150 0.0194 0.0106 0.0727 0.0123 
        D430  1 0.0490 0.3541 0.0130 0.2155 0.0445 0.1544 0.0371 0.1063 0.0261 
        D491  1 0.0337 0.4523 0.1476 0.1329 0.0254 0.0712 0.0711 0.0309 0.0349 
        D492  1 0.1421 0.5284 0.1008 0.0544 0.0375 0.0615 0.0176 0.0409 0.0168 
        D537  1 0.1517 0.0747 0.4098 0.0789 0.0625 0.1068 0.0486 0.0403 0.0268 
        D538  1 0.1134 0.1350 0.1307 0.0933 0.1968 0.1451 0.0335 0.0363 0.1159 
        D539  1 0.0184 0.0943 0.1833 0.2322 0.0940 0.1224 0.0473 0.1388 0.0693 
        D540  1 0.1779 0.0399 0.0148 0.1588 0.1368 0.2289 0.1407 0.0646 0.0376 
        D541  1 0.0201 0.8620 0.0157 0.0134 0.0161 0.0164 0.0163 0.0221 0.0179 
        D551  1 0.2644 0.0241 0.0360 0.1432 0.0173 0.4227 0.0242 0.0511 0.0170 
        D552  1 0.0177 0.0411 0.6126 0.0558 0.0194 0.0406 0.0459 0.1427 0.0242 
        D553  1 0.1642 0.3395 0.0201 0.1025 0.0234 0.0896 0.0750 0.1322 0.0536 
        D615  1 0.0230 0.5258 0.0267 0.0919 0.0589 0.0845 0.0401 0.0816 0.0674 
        D616  1 0.0821 0.4203 0.0549 0.1094 0.0601 0.1324 0.0285 0.0586 0.0538 
        D621  1 0.0156 0.0230 0.7923 0.0231 0.0281 0.0223 0.0313 0.0360 0.0283 
        D622  1 0.0175 0.0209 0.8407 0.0179 0.0182 0.0229 0.0207 0.0226 0.0186 
        D623  1 0.0231 0.0380 0.0509 0.1461 0.5390 0.0914 0.0276 0.0582 0.0256 
        D624  1 0.0274 0.4410 0.0243 0.1529 0.0430 0.1728 0.0755 0.0359 0.0272 
        D625  1 0.0245 0.5425 0.1344 0.0336 0.0191 0.0521 0.0138 0.0433 0.1368 
        D626  1 0.0675 0.0458 0.0224 0.0741 0.0198 0.0579 0.6515 0.0219 0.0391 
        D627  1 0.3172 0.1216 0.0536 0.0912 0.0198 0.2564 0.0254 0.0788 0.0361 
        D690  1 0.0156 0.8740 0.0112 0.0170 0.0111 0.0150 0.0182 0.0138 0.0241 
        D691  1 0.0221 0.0200 0.8513 0.0188 0.0133 0.0170 0.0169 0.0233 0.0172 
        D710  1 0.1852 0.1382 0.0338 0.1266 0.0597 0.1454 0.1721 0.0531 0.0860 
        D711  1 0.0184 0.8124 0.0278 0.0293 0.0235 0.0201 0.0080 0.0406 0.0198 
        D712  1 0.1098 0.0378 0.1220 0.1454 0.0690 0.0890 0.2109 0.1640 0.0521 
        D713  1 0.1268 0.0936 0.2889 0.1496 0.0755 0.1529 0.0287 0.0611 0.0229 
        D746  1 0.0281 0.0640 0.7876 0.0181 0.0115 0.0225 0.0263 0.0260 0.0158 
        D747  1 0.0169 0.8635 0.0097 0.0217 0.0217 0.0181 0.0137 0.0211 0.0136 
        D748  1 0.0175 0.0427 0.8180 0.0196 0.0161 0.0261 0.0221 0.0214 0.0164 
        D749  1 0.1115 0.0444 0.1541 0.1755 0.0976 0.2722 0.0294 0.0774 0.0379 
        D750  1 0.0111 0.8269 0.0196 0.0557 0.0143 0.0168 0.0172 0.0233 0.0152 
        D763  1 0.0541 0.0243 0.2016 0.1937 0.0487 0.1132 0.1823 0.1332 0.0489 
        D764  1 0.0114 0.8798 0.0155 0.0331 0.0108 0.0135 0.0118 0.0119 0.0122 
        D765  1 0.0888 0.0220 0.0578 0.2048 0.1827 0.2944 0.0744 0.0535 0.0216 
        D766  1 0.0333 0.0152 0.8213 0.0225 0.0165 0.0204 0.0337 0.0170 0.0201 
        D767  1 0.1172 0.0728 0.1165 0.0933 0.1264 0.1542 0.0354 0.0794 0.2049 
        D768  1 0.2212 0.1889 0.0702 0.1536 0.0356 0.1994 0.0497 0.0591 0.0223 
        D811  1 0.0223 0.0345 0.0210 0.1563 0.0838 0.1087 0.4926 0.0335 0.0473 
        D816  1 0.0253 0.5928 0.0166 0.1720 0.0195 0.0407 0.0096 0.1091 0.0144 
        D825  1 0.0272 0.2632 0.0601 0.2256 0.0408 0.1619 0.0666 0.0612 0.0933 
        D866  1 0.0317 0.0534 0.0235 0.1113 0.3168 0.1224 0.0604 0.1814 0.0990 
        D867  1 0.5998 0.0189 0.0825 0.0696 0.0572 0.0943 0.0216 0.0344 0.0216 
        D871  1 0.2180 0.2967 0.0481 0.0940 0.0593 0.1524 0.0263 0.0665 0.0386 
        D872  1 0.0355 0.0208 0.7462 0.0242 0.0544 0.0289 0.0226 0.0246 0.0429 
        D873  1 0.0379 0.0179 0.0120 0.0161 0.7636 0.0547 0.0111 0.0132 0.0736 
        D874  1 0.0306 0.1113 0.0488 0.1299 0.0314 0.0972 0.0309 0.5068 0.0130 
        D875  1 0.2055 0.0732 0.4113 0.0528 0.0455 0.1355 0.0105 0.0393 0.0263 
        D876  1 0.0169 0.0529 0.7100 0.0406 0.0143 0.0313 0.0488 0.0637 0.0217 
        D877  1 0.0207 0.2180 0.0322 0.1827 0.2668 0.1407 0.0219 0.0729 0.0442 
        D892  1 0.0341 0.0789 0.7091 0.0486 0.0142 0.0439 0.0151 0.0383 0.0177 
        D893  1 0.1118 0.0882 0.1061 0.1354 0.0777 0.1044 0.0495 0.2769 0.0501 
        D894  1 0.0099 0.9009 0.0111 0.0185 0.0129 0.0117 0.0066 0.0152 0.0133 
        D915  1 0.1250 0.0577 0.3363 0.0798 0.0879 0.0802 0.0443 0.1283 0.0605 
        D916  1 0.0087 0.9232 0.0146 0.0085 0.0077 0.0083 0.0074 0.0114 0.0102 
        D917  1 0.1753 0.0548 0.0176 0.1055 0.1475 0.1966 0.0377 0.0322 0.2328 
        D925  1 0.0417 0.1555 0.0851 0.1447 0.2242 0.1308 0.0434 0.0828 0.0917 
        D926  1 0.0415 0.3272 0.0299 0.2126 0.0214 0.1092 0.0235 0.1999 0.0350 
        D927  1 0.1112 0.0496 0.0375 0.3352 0.0344 0.1401 0.0260 0.2283 0.0377 
        D928  1 0.0332 0.6009 0.0391 0.1234 0.0533 0.0665 0.0397 0.0295 0.0145 
        D929  1 0.1458 0.0502 0.0630 0.0823 0.0962 0.0707 0.0292 0.0980 0.3645 
        D936  1 0.0233 0.3363 0.0273 0.2409 0.0248 0.0353 0.0134 0.2778 0.0209 
        D938  1 0.0111 0.0090 0.9121 0.0101 0.0097 0.0091 0.0184 0.0110 0.0095 
        D956  1 0.0132 0.7551 0.0108 0.0994 0.0264 0.0307 0.0135 0.0290 0.0218 
        D957  1 0.0306 0.0273 0.7080 0.0364 0.0750 0.0413 0.0163 0.0308 0.0343 
        D958  1 0.0092 0.0150 0.9138 0.0108 0.0098 0.0076 0.0121 0.0115 0.0101 
        D959  1 0.7301 0.1510 0.0092 0.0170 0.0126 0.0346 0.0247 0.0115 0.0093 
        D960  1 0.0334 0.0191 0.6209 0.0332 0.1982 0.0476 0.0076 0.0251 0.0149 
        D989  1 0.0858 0.1275 0.0424 0.2112 0.0586 0.1185 0.1676 0.1701 0.0182 
        D990  1 0.0522 0.0161 0.0574 0.0511 0.3265 0.1976 0.0187 0.1352 0.1452 
        D211  3 0.0828 0.0191 0.0148 0.0181 0.0157 0.0309 0.0267 0.0183 0.7736 
     D229639  3 0.0345 0.0740 0.0156 0.2122 0.0601 0.2180 0.2071 0.0708 0.1078 
     D237212  3 0.0818 0.1146 0.0182 0.0868 0.2120 0.1026 0.0688 0.0929 0.2225 
     D237213  3 0.0316 0.0123 0.0432 0.0390 0.1822 0.0841 0.1992 0.0759 0.3324 
     D237214  3 0.8874 0.0155 0.0197 0.0141 0.0118 0.0187 0.0084 0.0130 0.0114 
     D237215  3 0.0182 0.0131 0.0122 0.1783 0.6472 0.0440 0.0348 0.0274 0.0249 
     D237216  3 0.0912 0.0278 0.0211 0.1162 0.0569 0.3649 0.1087 0.1557 0.0575 
     D237217  3 0.1500 0.0156 0.0515 0.1083 0.0309 0.1730 0.0645 0.0625 0.3437 
     D237218  3 0.0238 0.0322 0.0696 0.1431 0.0141 0.0460 0.0369 0.5840 0.0503 
     D237219  3 0.0274 0.0138 0.0445 0.0345 0.0211 0.0612 0.5936 0.0482 0.1557 
     D237382  3 0.0569 0.0610 0.1792 0.0907 0.3518 0.0775 0.0663 0.0347 0.0820 
     D244127  3 0.0341 0.0111 0.0434 0.0520 0.5405 0.1203 0.0692 0.0455 0.0839 
     D244129  3 0.1357 0.1104 0.0937 0.0889 0.1179 0.1141 0.0851 0.0407 0.2134 
     D244133  3 0.0261 0.0428 0.0265 0.0335 0.0376 0.0473 0.7342 0.0318 0.0202 
     D244134  3 0.0222 0.0177 0.0897 0.0437 0.0343 0.0585 0.4820 0.0665 0.1852 
     D244135  3 0.6717 0.0171 0.0198 0.0228 0.0218 0.0501 0.0263 0.0211 0.1492 
     D244136  3 0.0758 0.1142 0.0737 0.1025 0.0962 0.1058 0.3652 0.0464 0.0202 
        D416  3 0.1069 0.0236 0.0104 0.1774 0.0531 0.0990 0.3441 0.1451 0.0404 
        D417  3 0.0290 0.2502 0.1572 0.2141 0.0256 0.1653 0.0323 0.1009 0.0254 
        D419  3 0.0403 0.0261 0.1642 0.1010 0.0571 0.1179 0.2794 0.1083 0.1057 
        D565  3 0.0371 0.2133 0.0468 0.1732 0.1031 0.0829 0.1761 0.1408 0.0268 
        D566  3 0.0313 0.2965 0.0189 0.1869 0.1058 0.1614 0.0925 0.0727 0.0340 
        D567  3 0.0710 0.2052 0.0752 0.1598 0.0462 0.0817 0.0844 0.1064 0.1700 
        D568  3 0.0325 0.0342 0.2075 0.1878 0.0524 0.0935 0.1217 0.1329 0.1375 
        D569  3 0.1335 0.0249 0.0164 0.0497 0.4433 0.0991 0.0271 0.0675 0.1385 
        D573  3 0.0252 0.2226 0.0123 0.1768 0.1179 0.1624 0.0759 0.1260 0.0810 
        D574  3 0.1657 0.0521 0.0675 0.1393 0.0800 0.1510 0.0640 0.2194 0.0611 
        D575  3 0.0162 0.0077 0.0137 0.0114 0.0110 0.0181 0.8745 0.0112 0.0362 
        D576  3 0.0335 0.0098 0.0072 0.1514 0.5308 0.0740 0.1207 0.0242 0.0485 
        D577  3 0.1177 0.1095 0.1720 0.0870 0.0288 0.0838 0.0904 0.0561 0.2547 
        D578  3 0.8944 0.0079 0.0187 0.0139 0.0128 0.0140 0.0136 0.0126 0.0121 
        D579  3 0.0276 0.4121 0.0356 0.1018 0.0793 0.0606 0.0776 0.1670 0.0385 
        D660  3 0.1585 0.0167 0.0223 0.0761 0.3161 0.1061 0.0661 0.1195 0.1185 
        D661  3 0.0191 0.0126 0.0263 0.3934 0.0150 0.0322 0.0162 0.4660 0.0192 
        D663  3 0.0591 0.0182 0.0161 0.2170 0.0563 0.3748 0.0240 0.1749 0.0598 
        D664  3 0.1385 0.0121 0.0557 0.0716 0.1467 0.1051 0.1707 0.1257 0.1738 
        D665  3 0.0286 0.0115 0.0142 0.0202 0.0687 0.0835 0.0511 0.0375 0.6847 
        D666  3 0.0270 0.0167 0.0234 0.0216 0.0275 0.0185 0.8318 0.0157 0.0179 
        D502  6 0.0259 0.0133 0.0117 0.0556 0.3239 0.0708 0.0443 0.0313 0.4232 
        D503  6 0.0657 0.0450 0.0384 0.1855 0.0804 0.1317 0.0491 0.3432 0.0611 
        D504  6 0.0550 0.2141 0.0566 0.1399 0.0573 0.1293 0.0286 0.2989 0.0202 
        D505  6 0.1558 0.1405 0.0169 0.1484 0.1471 0.1640 0.0531 0.1005 0.0737 
        D506  6 0.0492 0.7354 0.0103 0.0954 0.0243 0.0370 0.0210 0.0166 0.0107 
        D507  6 0.0408 0.0378 0.0419 0.1640 0.2141 0.2632 0.0600 0.1185 0.0597 
        D508  6 0.0252 0.0362 0.0167 0.1990 0.2885 0.1190 0.0280 0.1294 0.1580 
        D529  6 0.5163 0.0793 0.0314 0.0838 0.0354 0.0909 0.0494 0.0618 0.0515 
        D530  6 0.0463 0.0130 0.0224 0.0659 0.5443 0.0281 0.0317 0.0189 0.2293 
        D531  6 0.0400 0.2967 0.0317 0.1226 0.0916 0.1321 0.0672 0.1664 0.0517 
        D532  6 0.1147 0.0593 0.0166 0.1456 0.4393 0.1134 0.0295 0.0610 0.0206 
        D534  6 0.0594 0.0302 0.3887 0.1158 0.1081 0.1026 0.0247 0.0936 0.0768 
        D535  6 0.1527 0.0869 0.0280 0.1764 0.0563 0.2677 0.1095 0.0788 0.0436 
        D536  6 0.1489 0.0406 0.0118 0.1234 0.3975 0.1100 0.0164 0.0993 0.0523 
        D554  6 0.1160 0.1798 0.0389 0.1268 0.1832 0.1665 0.0498 0.0795 0.0595 
        D587  6 0.0421 0.2979 0.0932 0.1494 0.0695 0.1404 0.0551 0.1251 0.0274 
        D588  6 0.0711 0.0354 0.0096 0.1654 0.0718 0.4986 0.0401 0.0765 0.0317 
        D589  6 0.0461 0.0344 0.0199 0.1445 0.1655 0.2338 0.0423 0.2207 0.0928 
        D590  6 0.1991 0.1628 0.0193 0.1680 0.1394 0.2359 0.0188 0.0404 0.0163 
        D591  6 0.0555 0.0630 0.0881 0.0671 0.0395 0.1844 0.2764 0.1639 0.0619 
        D592  6 0.0441 0.1281 0.4361 0.0509 0.0860 0.1026 0.0271 0.0406 0.0845 
        D593  6 0.0126 0.0106 0.0129 0.0434 0.4906 0.0249 0.0333 0.0157 0.3560 
        D682  6 0.0198 0.7010 0.0201 0.1111 0.0221 0.0480 0.0396 0.0254 0.0130 
        D683  6 0.0612 0.2518 0.0322 0.0944 0.0345 0.1363 0.0232 0.1077 0.2586 
        D684  6 0.0690 0.0407 0.0221 0.1010 0.0559 0.1479 0.0225 0.2953 0.2456 
        D685  6 0.0450 0.0151 0.0150 0.1479 0.0993 0.3987 0.0558 0.0568 0.1665 
        D686  6 0.0567 0.0235 0.0142 0.0890 0.6575 0.1105 0.0112 0.0205 0.0167 
        D724  6 0.0481 0.0549 0.0380 0.2654 0.1123 0.1116 0.0347 0.1379 0.1970 
        D725  6 0.0504 0.0152 0.1413 0.0865 0.2174 0.1290 0.0911 0.0872 0.1819 
        D726  6 0.0427 0.5646 0.0647 0.1181 0.0254 0.0389 0.0438 0.0838 0.0181 
        D727  6 0.4650 0.0502 0.0102 0.1091 0.0469 0.1932 0.0404 0.0613 0.0237 
        D728  6 0.0269 0.1548 0.0401 0.1404 0.1480 0.1241 0.2341 0.0528 0.0788 
        D729  6 0.5903 0.0378 0.0115 0.0366 0.1537 0.1018 0.0120 0.0280 0.0283 
        D730  6 0.0254 0.0370 0.0254 0.2963 0.0817 0.0969 0.0377 0.3279 0.0717 
        D731  6 0.0391 0.1017 0.0155 0.2402 0.2089 0.1038 0.1811 0.0823 0.0273 
        D732  6 0.0672 0.0563 0.0453 0.1229 0.0938 0.1499 0.0586 0.1034 0.3025 
        D733  6 0.0445 0.0252 0.2491 0.1550 0.1080 0.0815 0.0626 0.2017 0.0725 
     D237251  7 0.0271 0.0154 0.0137 0.3698 0.0332 0.1355 0.0742 0.3115 0.0196 
     D237252  7 0.0569 0.0171 0.0656 0.1636 0.0926 0.0760 0.0919 0.2132 0.2230 
     D237253  7 0.0930 0.0562 0.0162 0.3395 0.0697 0.2779 0.0625 0.0600 0.0250 
     D237254  7 0.8938 0.0099 0.0180 0.0145 0.0100 0.0151 0.0108 0.0126 0.0152 
     D237255  7 0.0692 0.0313 0.0280 0.2965 0.1917 0.1467 0.1228 0.0859 0.0279 
     D237256  7 0.0314 0.0185 0.0126 0.2658 0.1644 0.2699 0.0803 0.0730 0.0842 
     D237257  7 0.3192 0.0331 0.0199 0.1450 0.0822 0.2492 0.0218 0.0455 0.0841 
     D237282  7 0.2083 0.1095 0.1546 0.1264 0.0958 0.1827 0.0369 0.0569 0.0289 
     D237283  7 0.0096 0.0076 0.0162 0.0214 0.0397 0.0252 0.0551 0.0315 0.7937 
     D237284  7 0.5807 0.0493 0.0293 0.0628 0.0295 0.0928 0.0234 0.0817 0.0504 
     D237285  7 0.1030 0.0185 0.0259 0.1362 0.3855 0.0863 0.0249 0.0514 0.1684 
     D237286  7 0.0542 0.1288 0.0279 0.1092 0.1683 0.1876 0.0418 0.2591 0.0231 
     D237287  7 0.0391 0.0364 0.0161 0.1516 0.0554 0.1574 0.4176 0.0517 0.0747 
     D244006  7 0.8774 0.0152 0.0154 0.0160 0.0147 0.0147 0.0105 0.0180 0.0180 
     D244007  7 0.3783 0.0344 0.1425 0.0780 0.0588 0.1239 0.0209 0.1490 0.0141 
     D244008  7 0.0154 0.0114 0.0267 0.0171 0.0213 0.0275 0.0927 0.0158 0.7720 
     D244009  7 0.0227 0.0294 0.5850 0.0605 0.0293 0.0447 0.0332 0.0783 0.1171 
     D244010  7 0.0437 0.0404 0.0117 0.0257 0.0432 0.0584 0.0485 0.0375 0.6909 
     D244011  7 0.0481 0.0285 0.0289 0.1184 0.0674 0.1619 0.0307 0.4420 0.0741 
     D244012  7 0.0379 0.0480 0.0096 0.0410 0.1390 0.0795 0.0425 0.0986 0.5039 
     D244013  7 0.0342 0.0245 0.0380 0.1280 0.1462 0.0774 0.0332 0.4759 0.0426 
     D244014  7 0.0276 0.0160 0.0574 0.1110 0.1514 0.1364 0.2221 0.2076 0.0704 
     D244015  7 0.0780 0.0294 0.0571 0.0643 0.2233 0.2260 0.2031 0.0288 0.0900 
     D244125  7 0.0258 0.0938 0.0509 0.1067 0.3079 0.1435 0.1629 0.0777 0.0307 
     D244126  7 0.0092 0.0137 0.0149 0.0125 0.0156 0.0148 0.0105 0.0182 0.8906 
     D244130  7 0.0225 0.0163 0.0157 0.0634 0.5850 0.1484 0.0153 0.0678 0.0655 
     D244131  7 0.0522 0.1681 0.0845 0.0835 0.0888 0.0477 0.0178 0.4193 0.0381 
     D244132  7 0.0207 0.0298 0.1990 0.1789 0.1238 0.1266 0.1010 0.1963 0.0239 
        D520  7 0.0702 0.0292 0.0273 0.0653 0.1070 0.1427 0.0608 0.0285 0.4691 
        D521  7 0.0339 0.0291 0.0523 0.0899 0.4270 0.0814 0.0286 0.1321 0.1257 
        D522  7 0.0171 0.0241 0.6485 0.0310 0.0153 0.0328 0.0432 0.1708 0.0173 
        D523  7 0.0340 0.0287 0.0331 0.4196 0.0203 0.0652 0.0246 0.3556 0.0190 
        D524  7 0.0506 0.0320 0.0445 0.2787 0.0748 0.1138 0.0762 0.2868 0.0427 
        D525  7 0.0957 0.1469 0.0927 0.0594 0.1541 0.1798 0.0215 0.1470 0.1030 
        D526  7 0.6238 0.0318 0.0608 0.0311 0.0262 0.0617 0.0607 0.0260 0.0780 
        D527  7 0.0142 0.1039 0.0153 0.2617 0.0185 0.0721 0.0510 0.4332 0.0300 
        D528  7 0.0182 0.0113 0.0122 0.0895 0.0143 0.7837 0.0124 0.0134 0.0450 
        D558  7 0.0756 0.0508 0.1123 0.0345 0.4286 0.0553 0.0258 0.1595 0.0575 
        D559  7 0.0271 0.0262 0.0287 0.1961 0.1989 0.0619 0.0166 0.4034 0.0410 
        D640  7 0.0295 0.0283 0.0287 0.1372 0.1485 0.1310 0.2630 0.1991 0.0346 
        D641  7 0.0637 0.0141 0.0208 0.1189 0.1544 0.0942 0.2529 0.1176 0.1634 
        D642  7 0.0980 0.0245 0.1113 0.0513 0.5488 0.0800 0.0147 0.0363 0.0351 
        D644  7 0.0665 0.0475 0.0536 0.1248 0.1388 0.1105 0.0788 0.1131 0.2662 
        D645  7 0.0258 0.0370 0.0298 0.2179 0.0369 0.1086 0.3799 0.1170 0.0470 
        D662  7 0.0193 0.1017 0.1679 0.0725 0.2824 0.1342 0.0432 0.1628 0.0162 
        D687  7 0.0146 0.0363 0.0352 0.1765 0.0353 0.0898 0.0411 0.5283 0.0429 
        D688  7 0.1884 0.0311 0.0153 0.0911 0.2258 0.1829 0.0179 0.0858 0.1617 
        D689  7 0.0082 0.0196 0.0122 0.0178 0.0165 0.0125 0.8729 0.0224 0.0179 
        D700  7 0.0174 0.0122 0.0107 0.1193 0.0154 0.7904 0.0090 0.0138 0.0118 
        D797  7 0.0302 0.1485 0.0652 0.1894 0.0315 0.0741 0.0830 0.3392 0.0388 
        D798  7 0.0171 0.0163 0.0326 0.0988 0.2198 0.1638 0.2827 0.1071 0.0617 
        D799  7 0.0217 0.0195 0.0123 0.3402 0.0375 0.1171 0.0322 0.3449 0.0746 
        D800  7 0.0357 0.3338 0.0271 0.2749 0.0369 0.1173 0.0361 0.1188 0.0195 
        D201  9 0.0447 0.0212 0.0633 0.4315 0.0182 0.0929 0.0233 0.2795 0.0254 
        D202  9 0.0128 0.0172 0.0083 0.0920 0.5260 0.0623 0.0156 0.0551 0.2106 
     D237259  9 0.0231 0.0173 0.0117 0.0611 0.0872 0.5965 0.1011 0.0344 0.0676 
     D237260  9 0.1259 0.0289 0.0121 0.2545 0.1382 0.2362 0.0199 0.1262 0.0582 
     D237262  9 0.0765 0.0313 0.0376 0.0286 0.0249 0.0598 0.0151 0.0181 0.7081 
     D237263  9 0.0760 0.0810 0.0262 0.1923 0.0592 0.0829 0.0179 0.2174 0.2471 
     D237264  9 0.1130 0.0823 0.0371 0.1264 0.1757 0.2096 0.0279 0.1386 0.0893 
     D237265  9 0.0355 0.0324 0.0166 0.1147 0.3046 0.0785 0.0178 0.2283 0.1716 
     D237266  9 0.0635 0.0286 0.0130 0.0710 0.4233 0.1047 0.1983 0.0358 0.0617 
     D237267  9 0.1300 0.0471 0.0083 0.1041 0.1096 0.3245 0.0774 0.0457 0.1534 
     D237268  9 0.0233 0.0229 0.0226 0.0355 0.0274 0.0279 0.0191 0.0183 0.8030 
     D237289  9 0.0342 0.0520 0.0297 0.1378 0.2336 0.0635 0.0554 0.2072 0.1865 
     D237290  9 0.0233 0.0360 0.0176 0.1008 0.2975 0.0612 0.0963 0.1667 0.2005 
     D237291  9 0.0501 0.0152 0.0122 0.3258 0.1735 0.1963 0.0239 0.1913 0.0118 
     D237292  9 0.2197 0.0214 0.0238 0.1231 0.1600 0.1778 0.0117 0.1594 0.1031 
     D237293  9 0.0313 0.0196 0.0274 0.0427 0.3502 0.0593 0.1841 0.0389 0.2465 
     D237294  9 0.0946 0.0271 0.0498 0.3375 0.0411 0.1383 0.0167 0.2622 0.0328 
     D237295  9 0.0490 0.3265 0.0765 0.0712 0.0687 0.0760 0.0743 0.0905 0.1672 
     D237296  9 0.1047 0.0533 0.0771 0.1974 0.0793 0.2747 0.0682 0.1224 0.0230 
     D237297  9 0.0404 0.0353 0.0198 0.1473 0.2277 0.2103 0.0503 0.2131 0.0560 
     D237298  9 0.0402 0.0470 0.0738 0.1235 0.0351 0.1044 0.0617 0.3662 0.1481 
     D237341  9 0.0558 0.0375 0.0732 0.0997 0.1349 0.1675 0.0585 0.3176 0.0553 
     D237342  9 0.0130 0.0389 0.0109 0.0346 0.0393 0.0419 0.0145 0.0243 0.7826 
     D237343  9 0.0927 0.0310 0.0317 0.1949 0.2095 0.2616 0.0483 0.0767 0.0536 
     D237344  9 0.0507 0.0367 0.0224 0.1501 0.4192 0.0937 0.1011 0.0764 0.0497 
     D237345  9 0.0520 0.0186 0.2637 0.0637 0.0546 0.0686 0.0149 0.0506 0.4132 
     D237346  9 0.0214 0.0317 0.0657 0.1669 0.1948 0.2674 0.1036 0.0588 0.0898 
     D237347  9 0.0909 0.0665 0.0366 0.1051 0.1155 0.1237 0.0642 0.3481 0.0494 
     D237348  9 0.0502 0.0211 0.0373 0.0391 0.4544 0.0344 0.0653 0.0478 0.2504 
     D237349  9 0.0843 0.0555 0.0703 0.0944 0.2039 0.1006 0.0269 0.3467 0.0175 
     D244109  9 0.5113 0.0260 0.0198 0.1038 0.1233 0.0858 0.0166 0.0743 0.0390 
     D244110  9 0.3031 0.0346 0.0337 0.1842 0.0949 0.1068 0.0556 0.1293 0.0579 
     D244111  9 0.0319 0.0333 0.0253 0.0689 0.5013 0.0732 0.0429 0.1527 0.0706 
     D244128  9 0.0293 0.0254 0.0142 0.0367 0.0316 0.0330 0.0144 0.0477 0.7677 
     D244137  9 0.0789 0.2928 0.0888 0.0796 0.0796 0.0752 0.0240 0.2498 0.0313 
     D244138  9 0.0256 0.0237 0.0347 0.1395 0.1726 0.1940 0.0203 0.2952 0.0943 
        D580  9 0.0394 0.0178 0.3180 0.0568 0.1343 0.1125 0.0433 0.0259 0.2520 
        D581  9 0.0238 0.0119 0.0283 0.0939 0.3397 0.0375 0.0202 0.2740 0.1708 
        D582  9 0.0257 0.0135 0.0186 0.0133 0.0148 0.0144 0.0144 0.0193 0.8660 
        D583  9 0.0528 0.0149 0.0213 0.3394 0.1135 0.0875 0.0588 0.2817 0.0303 
        D584  9 0.0373 0.0238 0.0471 0.0485 0.5595 0.0721 0.0316 0.0382 0.1419 
        D585  9 0.0251 0.0404 0.0298 0.0296 0.0273 0.0646 0.0255 0.0390 0.7186 
        D586  9 0.0339 0.0357 0.0158 0.1265 0.0549 0.2026 0.0434 0.4673 0.0200 
        D651  9 0.0241 0.0263 0.1193 0.0289 0.0152 0.0317 0.7025 0.0250 0.0270 
        D652  9 0.0602 0.0959 0.0585 0.1412 0.1361 0.0979 0.0171 0.3645 0.0286 
        D653  9 0.0372 0.0291 0.0339 0.0963 0.1094 0.1758 0.1608 0.2354 0.1222 
        D654  9 0.0924 0.0390 0.0676 0.1350 0.2327 0.1854 0.0960 0.0708 0.0811 
        D655  9 0.0376 0.0648 0.0166 0.1033 0.1513 0.1964 0.2788 0.0964 0.0546 
        D656  9 0.7063 0.0242 0.0259 0.0440 0.0505 0.0634 0.0173 0.0161 0.0525 
        D657  9 0.2350 0.0180 0.0529 0.0705 0.3329 0.1082 0.0346 0.0895 0.0584 
        D667  9 0.0201 0.0135 0.0101 0.0191 0.0289 0.0160 0.8608 0.0144 0.0170 
        D668  9 0.0225 0.0142 0.1207 0.0643 0.1007 0.1176 0.3033 0.0502 0.2065 
        D669  9 0.0328 0.0192 0.0522 0.2035 0.1354 0.0741 0.0301 0.3113 0.1415 
        D670  9 0.0779 0.0240 0.0215 0.0944 0.0410 0.2575 0.4367 0.0228 0.0243 
        D671  9 0.0536 0.0387 0.0725 0.1578 0.1255 0.1381 0.0160 0.3691 0.0287 
        D672  9 0.0205 0.0415 0.0899 0.1411 0.0598 0.1031 0.0955 0.0509 0.3977 
        D673  9 0.0141 0.0269 0.2040 0.0701 0.0390 0.0939 0.4248 0.0388 0.0885 
        D692  9 0.5143 0.0457 0.0207 0.0393 0.0628 0.0875 0.0249 0.0258 0.1790 
        D693  9 0.0417 0.0219 0.0701 0.0340 0.0952 0.0431 0.6006 0.0326 0.0607 
        D694  9 0.3309 0.0191 0.0303 0.0701 0.0972 0.1708 0.0173 0.0417 0.2225 
        D695  9 0.0395 0.0727 0.1690 0.0761 0.0926 0.1126 0.1702 0.0547 0.2125 
        D696  9 0.0230 0.2746 0.0742 0.1906 0.2492 0.0459 0.0529 0.0638 0.0258 
        D697  9 0.0124 0.0157 0.0326 0.0255 0.0213 0.0195 0.8313 0.0259 0.0158 
        D698  9 0.0242 0.0505 0.0362 0.1479 0.3023 0.1306 0.1407 0.0528 0.1148 
        D699  9 0.0190 0.0181 0.0250 0.0586 0.2974 0.0597 0.4169 0.0284 0.0769 
        D787  9 0.0498 0.0888 0.0192 0.1652 0.3199 0.1057 0.1051 0.0987 0.0474 
        D788  9 0.0161 0.0147 0.0196 0.0578 0.1939 0.0636 0.4818 0.0262 0.1263 
        D789  9 0.1049 0.0328 0.0243 0.1158 0.1765 0.1504 0.0479 0.0985 0.2490 
        D790  9 0.0425 0.0194 0.0344 0.0666 0.0758 0.0691 0.6076 0.0613 0.0234 
        D791  9 0.0348 0.0237 0.0125 0.1716 0.2826 0.0726 0.0209 0.1850 0.1962 
        D792  9 0.3192 0.1069 0.0333 0.1090 0.0679 0.1434 0.1170 0.0862 0.0172 
        D793  9 0.0169 0.0575 0.0125 0.0261 0.0113 0.0226 0.8237 0.0151 0.0141 
        D794  9 0.1131 0.0578 0.0586 0.1224 0.0805 0.0942 0.3174 0.1073 0.0487 
        D795  9 0.0132 0.0377 0.0118 0.0390 0.0898 0.0345 0.0170 0.0219 0.7351 
        D796  9 0.0129 0.0127 0.0126 0.0321 0.0365 0.0309 0.7616 0.0221 0.0786 
        D005 12 0.7437 0.0148 0.0172 0.0460 0.0418 0.0541 0.0145 0.0385 0.0296 
        D035 12 0.0099 0.0131 0.0112 0.0214 0.0145 0.0232 0.8779 0.0149 0.0139 
        D067 12 0.0287 0.0466 0.0222 0.1322 0.0661 0.1223 0.4449 0.0589 0.0781 
        D134 12 0.0812 0.0262 0.0116 0.1615 0.0643 0.3323 0.0278 0.1317 0.1634 
        D135 12 0.0285 0.0290 0.0326 0.1256 0.1165 0.4401 0.0495 0.1144 0.0639 
        D136 12 0.0995 0.2343 0.1675 0.0774 0.0748 0.1722 0.0889 0.0339 0.0514 
        D137 12 0.0262 0.0157 0.0325 0.1004 0.0753 0.1392 0.4534 0.0656 0.0916 
        D138 12 0.0577 0.0625 0.0593 0.2622 0.0613 0.1588 0.1604 0.1380 0.0398 
        D139 12 0.0626 0.0444 0.0269 0.1880 0.1640 0.1697 0.0286 0.2368 0.0789 
        D140 12 0.0145 0.0234 0.0256 0.0212 0.0290 0.0323 0.8199 0.0199 0.0142 
        D141 12 0.0431 0.0093 0.3012 0.0258 0.0264 0.0430 0.1391 0.0210 0.3910 
        D150 12 0.0428 0.0260 0.0113 0.0398 0.6887 0.1000 0.0167 0.0291 0.0457 
        D177 12 0.1494 0.0355 0.0095 0.1386 0.0484 0.3301 0.0762 0.0916 0.1209 
        D178 12 0.1012 0.3053 0.1217 0.0747 0.0836 0.1480 0.0216 0.1145 0.0295 
        D179 12 0.0964 0.0475 0.0733 0.1812 0.0363 0.3092 0.1148 0.1074 0.0339 
        D180 12 0.1016 0.0153 0.0154 0.0493 0.0288 0.0806 0.4661 0.0283 0.2147 
        D187 12 0.0151 0.0189 0.0117 0.0413 0.0164 0.0340 0.7908 0.0328 0.0390 
        D188 12 0.4069 0.0157 0.1093 0.0440 0.0309 0.0874 0.0184 0.0280 0.2595 
        D191 12 0.0407 0.0215 0.2581 0.2644 0.0452 0.0709 0.1184 0.1478 0.0329 
        D418 12 0.0493 0.0168 0.3343 0.1760 0.0745 0.0973 0.1045 0.0893 0.0580 
        D601 12 0.3118 0.0202 0.0145 0.0268 0.0315 0.0740 0.0432 0.0286 0.4494 
        D836 12 0.0461 0.0127 0.0152 0.0230 0.0193 0.0315 0.2479 0.0288 0.5755 
        D837 12 0.0188 0.1425 0.0470 0.0925 0.1166 0.0656 0.0298 0.4484 0.0389 
        D838 12 0.0109 0.0293 0.0168 0.0579 0.0499 0.0281 0.7332 0.0594 0.0145 
        D839 12 0.0652 0.0414 0.0432 0.1891 0.0692 0.1375 0.0265 0.3266 0.1013 
        D840 12 0.0435 0.0223 0.1541 0.0421 0.0340 0.0632 0.1047 0.5072 0.0289 
        D841 12 0.0116 0.0092 0.0120 0.0194 0.0118 0.0152 0.8939 0.0154 0.0116 
        D842 12 0.0744 0.0144 0.1724 0.0590 0.4211 0.0658 0.0108 0.1228 0.0592 
        D843 12 0.1193 0.0653 0.0178 0.1227 0.0556 0.1510 0.2024 0.1082 0.1577 
        D844 12 0.0525 0.0285 0.0548 0.3913 0.0112 0.0839 0.0106 0.3437 0.0235 
        D912 12 0.0295 0.1044 0.1351 0.0637 0.0297 0.0368 0.0259 0.5625 0.0123 
        D913 12 0.0617 0.0359 0.0141 0.3603 0.0765 0.2162 0.1105 0.1078 0.0170 
        D914 12 0.0504 0.0162 0.0288 0.0983 0.0537 0.0664 0.0581 0.6062 0.0220 
        D922 12 0.0168 0.0187 0.0289 0.0176 0.0147 0.0240 0.8069 0.0218 0.0505 
        D939 12 0.0513 0.0131 0.0378 0.0322 0.0217 0.0475 0.1726 0.0317 0.5921 
        D944 12 0.0938 0.0205 0.0439 0.2495 0.0539 0.3546 0.0777 0.0953 0.0110 
        D945 12 0.0604 0.0375 0.0265 0.1698 0.1249 0.2141 0.1224 0.0784 0.1660 
        D985 12 0.2229 0.0354 0.1173 0.0636 0.1796 0.1533 0.1141 0.0271 0.0868 
        D986 12 0.0460 0.0465 0.0164 0.0940 0.0476 0.1838 0.0111 0.4940 0.0607 
        D987 12 0.0390 0.0411 0.0707 0.0873 0.0494 0.0646 0.0219 0.6091 0.0171 
        D988 12 0.0950 0.0327 0.0193 0.1271 0.0850 0.1290 0.0317 0.4020 0.0781 
        D996 12 0.0782 0.0223 0.0203 0.0970 0.0308 0.0882 0.2026 0.4434 0.0172 
        D997 12 0.0623 0.0328 0.0245 0.0702 0.0392 0.0717 0.0803 0.0861 0.5329 
        D998 12 0.0408 0.0559 0.0145 0.1089 0.1193 0.3884 0.1946 0.0444 0.0332 
        D999 12 0.0324 0.0212 0.0455 0.2293 0.1799 0.0709 0.0297 0.3381 0.0530 
