        D174  1 0.0526 0.0366 0.0187 0.0212 0.0188 0.0363 0.0345 0.5692 0.0341 0.1071 0.0201 0.0509 
        D199  1 0.2331 0.0716 0.0336 0.0905 0.0422 0.2183 0.0395 0.0791 0.0641 0.0622 0.0433 0.0225 
        D203  1 0.1016 0.0762 0.0213 0.1140 0.0545 0.0999 0.0339 0.0475 0.0741 0.1596 0.1765 0.0407 
        D204  1 0.0275 0.0310 0.0297 0.0196 0.0174 0.0309 0.0277 0.0373 0.0203 0.0360 0.6853 0.0373 
     D237366  1 0.0501 0.0201 0.0285 0.0548 0.0189 0.0471 0.1007 0.0329 0.2804 0.2990 0.0138 0.0535 
     D237367  1 0.1248 0.0603 0.0480 0.0269 0.1798 0.1102 0.0655 0.0235 0.2144 0.0762 0.0220 0.0483 
     D237368  1 0.0879 0.0778 0.0350 0.0401 0.0443 0.0954 0.0246 0.1617 0.0906 0.0813 0.1333 0.1281 
     D244101  1 0.1462 0.0452 0.0181 0.0880 0.0108 0.1555 0.1700 0.0283 0.0416 0.1700 0.0747 0.0514 
     D244102  1 0.0625 0.0911 0.0309 0.0659 0.0732 0.0667 0.3806 0.0836 0.0422 0.0358 0.0393 0.0284 
     D244103  1 0.0837 0.0337 0.0358 0.0362 0.0372 0.0750 0.0288 0.0560 0.5159 0.0564 0.0179 0.0235 
     D244104  1 0.0280 0.0154 0.4318 0.0258 0.0270 0.0267 0.0229 0.0237 0.0309 0.0280 0.3209 0.0188 
     D244105  1 0.1959 0.0325 0.0765 0.0784 0.0217 0.2054 0.0429 0.0191 0.0358 0.0648 0.0093 0.2176 
     D244106  1 0.0605 0.0187 0.0123 0.0937 0.0088 0.0547 0.1189 0.4021 0.0347 0.0426 0.1377 0.0152 
     D244107  1 0.1242 0.1286 0.0269 0.0256 0.1556 0.1150 0.0190 0.0133 0.2659 0.0913 0.0171 0.0174 
     D244108  1 0.0563 0.1243 0.0191 0.0715 0.0158 0.0574 0.0146 0.2355 0.0221 0.0282 0.0220 0.3331 
     D244113  1 0.0436 0.0625 0.0270 0.0328 0.0223 0.0362 0.0128 0.6687 0.0246 0.0401 0.0090 0.0204 
     D244114  1 0.1957 0.0450 0.0245 0.0933 0.0127 0.1275 0.2061 0.0948 0.0592 0.0966 0.0171 0.0275 
     D244115  1 0.1478 0.0339 0.0239 0.0630 0.0236 0.1063 0.0930 0.1326 0.0231 0.0412 0.2712 0.0405 
     D267365  1 0.0964 0.0579 0.0305 0.0662 0.0310 0.0786 0.3412 0.0947 0.0309 0.0903 0.0448 0.0375 
        D404  1 0.0289 0.0403 0.0125 0.0396 0.0178 0.0209 0.0141 0.7297 0.0233 0.0326 0.0249 0.0155 
        D405  1 0.0936 0.1659 0.0395 0.1182 0.0394 0.0920 0.1014 0.1411 0.0403 0.0666 0.0923 0.0096 
        D406  1 0.0092 0.0079 0.0062 0.0092 0.0076 0.0092 0.0097 0.0092 0.0079 0.0089 0.0080 0.9070 
        D407  1 0.0183 0.0135 0.0159 0.0227 0.0115 0.0184 0.0122 0.0252 0.7677 0.0116 0.0687 0.0143 
        D408  1 0.0292 0.0171 0.0368 0.0207 0.0175 0.0228 0.0202 0.7312 0.0263 0.0351 0.0318 0.0115 
        D409  1 0.2014 0.0446 0.0407 0.0850 0.0170 0.1990 0.0386 0.0315 0.1966 0.0509 0.0698 0.0248 
        D410  1 0.0777 0.5500 0.0210 0.0255 0.0129 0.0814 0.0198 0.0306 0.0288 0.0619 0.0291 0.0613 
        D421  1 0.0192 0.0117 0.0258 0.0169 0.0117 0.0284 0.0102 0.0296 0.3303 0.0196 0.4876 0.0089 
        D422  1 0.0634 0.0472 0.0131 0.0332 0.0253 0.1033 0.0232 0.0140 0.5201 0.0405 0.0269 0.0900 
        D423  1 0.0726 0.1539 0.0179 0.0254 0.0312 0.0697 0.0148 0.0114 0.5124 0.0291 0.0112 0.0504 
        D424  1 0.1298 0.0156 0.0238 0.0227 0.0120 0.1241 0.0443 0.1556 0.0690 0.0268 0.3578 0.0183 
        D425  1 0.2545 0.1006 0.0720 0.0433 0.0167 0.2068 0.0606 0.0785 0.0342 0.0926 0.0205 0.0197 
        D426  1 0.1514 0.0150 0.0378 0.0489 0.0106 0.0881 0.0254 0.0802 0.4819 0.0298 0.0185 0.0124 
        D427  1 0.0911 0.0215 0.0756 0.0649 0.0120 0.0862 0.0146 0.0466 0.0784 0.0323 0.4697 0.0071 
        D428  1 0.0744 0.0517 0.0290 0.0336 0.0189 0.0846 0.0639 0.3438 0.1243 0.0428 0.0866 0.0465 
        D429  1 0.0227 0.0139 0.0123 0.0379 0.0105 0.0300 0.4465 0.0651 0.0182 0.0143 0.3154 0.0133 
        D430  1 0.1214 0.0214 0.0243 0.1379 0.0202 0.1208 0.0440 0.3346 0.0369 0.0452 0.0822 0.0111 
        D491  1 0.0531 0.0214 0.0518 0.0254 0.0331 0.0512 0.0483 0.4819 0.0718 0.0220 0.0300 0.1100 
        D492  1 0.0713 0.0268 0.0152 0.0283 0.0218 0.0722 0.0536 0.1495 0.2167 0.0389 0.1996 0.1061 
        D537  1 0.0960 0.0727 0.0332 0.0268 0.0193 0.0783 0.0291 0.0408 0.1961 0.0397 0.0742 0.2939 
        D538  1 0.1003 0.1439 0.0278 0.0480 0.0941 0.0857 0.0221 0.2277 0.0514 0.0633 0.0515 0.0841 
        D539  1 0.0954 0.0712 0.0276 0.1850 0.0529 0.0860 0.1465 0.1028 0.0214 0.0501 0.0383 0.1227 
        D540  1 0.1277 0.1862 0.1034 0.0415 0.0293 0.1445 0.0415 0.0486 0.1849 0.0589 0.0224 0.0110 
        D541  1 0.0143 0.0104 0.0100 0.0098 0.0112 0.0138 0.0100 0.0107 0.0126 0.0115 0.8753 0.0104 
        D551  1 0.2152 0.0125 0.0144 0.0800 0.0134 0.1947 0.0592 0.0347 0.2911 0.0438 0.0162 0.0248 
        D552  1 0.0301 0.0149 0.0549 0.0250 0.0238 0.0343 0.1627 0.0589 0.0141 0.0546 0.0222 0.5045 
        D553  1 0.0451 0.0247 0.0673 0.0202 0.0458 0.0584 0.0374 0.0267 0.1517 0.0896 0.4217 0.0115 
        D615  1 0.0369 0.0432 0.0270 0.1000 0.0500 0.0658 0.0478 0.0486 0.0170 0.0488 0.4950 0.0198 
        D616  1 0.0534 0.0302 0.0187 0.0532 0.0274 0.0576 0.0283 0.0105 0.0528 0.0279 0.6113 0.0285 
        D621  1 0.0172 0.0228 0.0212 0.0321 0.0194 0.0197 0.0170 0.0749 0.0171 0.0221 0.0121 0.7243 
        D622  1 0.0272 0.0143 0.0206 0.0150 0.0190 0.0255 0.0242 0.0177 0.0179 0.0212 0.0152 0.7822 
        D623  1 0.0730 0.3820 0.0199 0.0296 0.0136 0.0988 0.0195 0.2552 0.0186 0.0426 0.0198 0.0273 
        D624  1 0.1533 0.0209 0.0533 0.0542 0.0159 0.1014 0.0179 0.3682 0.0262 0.0223 0.1474 0.0190 
        D625  1 0.0326 0.0126 0.0128 0.0266 0.1020 0.0312 0.0201 0.0159 0.0139 0.0196 0.6367 0.0760 
        D626  1 0.0533 0.0153 0.5532 0.0242 0.0532 0.0476 0.0431 0.0779 0.0657 0.0281 0.0209 0.0176 
        D627  1 0.1591 0.0194 0.0203 0.0642 0.0277 0.1753 0.0223 0.0393 0.3085 0.0564 0.0620 0.0454 
        D690  1 0.0186 0.0123 0.0198 0.0112 0.0374 0.0170 0.0212 0.1107 0.0144 0.0186 0.7063 0.0126 
        D691  1 0.0161 0.0145 0.0153 0.0160 0.0147 0.0142 0.0140 0.0112 0.0194 0.0191 0.0360 0.8095 
        D710  1 0.1188 0.0453 0.1263 0.0348 0.0529 0.1340 0.0305 0.1969 0.1084 0.0640 0.0642 0.0238 
        D711  1 0.0163 0.0190 0.0064 0.0194 0.0148 0.0180 0.0308 0.0254 0.0254 0.0244 0.7816 0.0184 
        D712  1 0.0428 0.0468 0.1294 0.0349 0.0431 0.0550 0.0520 0.3892 0.0563 0.0950 0.0078 0.0479 
        D713  1 0.1078 0.0929 0.0151 0.0351 0.0174 0.0930 0.0244 0.2723 0.1035 0.0399 0.0186 0.1799 
        D746  1 0.0205 0.0113 0.0249 0.0214 0.0126 0.0169 0.0191 0.0130 0.0267 0.0211 0.0740 0.7385 
        D747  1 0.0115 0.0127 0.0112 0.0145 0.0096 0.0131 0.0123 0.0111 0.0114 0.0138 0.8700 0.0088 
        D748  1 0.0227 0.0130 0.0196 0.0220 0.0149 0.0185 0.0159 0.0248 0.0166 0.0181 0.0475 0.7664 
        D749  1 0.2355 0.0484 0.0253 0.1011 0.0179 0.2161 0.0428 0.0311 0.0615 0.0778 0.0249 0.1174 
        D750  1 0.0210 0.0124 0.0168 0.0252 0.0120 0.0292 0.0293 0.4489 0.0121 0.0224 0.3496 0.0211 
        D763  1 0.1104 0.0278 0.1595 0.1161 0.0338 0.1240 0.1167 0.0138 0.0311 0.0628 0.0307 0.1732 
        D764  1 0.0332 0.0148 0.0190 0.0144 0.0135 0.0214 0.0150 0.2884 0.0180 0.0139 0.5251 0.0233 
        D765  1 0.1622 0.2403 0.0534 0.0892 0.0236 0.1519 0.0566 0.0671 0.0495 0.0675 0.0098 0.0289 
        D766  1 0.0211 0.0161 0.0333 0.0121 0.0202 0.0182 0.0185 0.0246 0.0412 0.0142 0.0094 0.7712 
        D767  1 0.1108 0.1049 0.0255 0.0599 0.1400 0.0949 0.0964 0.0277 0.0671 0.1171 0.0843 0.0714 
        D768  1 0.0786 0.0384 0.0381 0.0314 0.0205 0.1259 0.0525 0.0133 0.1891 0.0702 0.2934 0.0485 
        D811  1 0.0756 0.0476 0.3603 0.0453 0.0320 0.0475 0.0207 0.2911 0.0320 0.0182 0.0112 0.0184 
        D816  1 0.0213 0.0177 0.0101 0.0183 0.0106 0.0244 0.5160 0.0517 0.0197 0.0314 0.2695 0.0093 
        D825  1 0.0774 0.0349 0.0422 0.0291 0.0482 0.0748 0.3037 0.2967 0.0188 0.0221 0.0290 0.0231 
        D866  1 0.0638 0.1641 0.0466 0.3278 0.0370 0.0843 0.0381 0.0447 0.0149 0.1070 0.0533 0.0184 
        D867  1 0.1215 0.0631 0.0156 0.0325 0.0115 0.0726 0.0269 0.0323 0.3124 0.1842 0.0101 0.1172 
        D871  1 0.1182 0.0365 0.0236 0.0321 0.0338 0.1415 0.0272 0.2142 0.2158 0.0570 0.0597 0.0403 
        D872  1 0.0214 0.0495 0.0233 0.0368 0.0396 0.0317 0.0097 0.0181 0.0203 0.0312 0.0466 0.6719 
        D873  1 0.0300 0.7994 0.0085 0.0174 0.0236 0.0185 0.0124 0.0211 0.0179 0.0300 0.0112 0.0098 
        D874  1 0.0562 0.0296 0.0176 0.0623 0.0115 0.0398 0.2168 0.3232 0.0205 0.1612 0.0310 0.0304 
        D875  1 0.0929 0.0492 0.0087 0.0263 0.0136 0.0972 0.0264 0.0368 0.2013 0.0320 0.0230 0.3926 
        D876  1 0.0358 0.0202 0.0564 0.0267 0.0213 0.0333 0.0496 0.0872 0.0149 0.0422 0.0392 0.5732 
        D877  1 0.0742 0.0621 0.0134 0.0560 0.0158 0.0622 0.0460 0.5779 0.0202 0.0215 0.0329 0.0177 
        D892  1 0.0313 0.0125 0.0147 0.0234 0.0200 0.0319 0.0475 0.1086 0.0333 0.0558 0.0362 0.5849 
        D893  1 0.0792 0.0967 0.0326 0.0374 0.0379 0.1084 0.1563 0.0287 0.0542 0.2095 0.0954 0.0636 
        D894  1 0.0171 0.0115 0.0072 0.0134 0.0134 0.0178 0.0205 0.0193 0.0129 0.0157 0.8440 0.0072 
        D915  1 0.0692 0.0847 0.0244 0.0431 0.0397 0.0681 0.0706 0.0321 0.0513 0.2136 0.0384 0.2649 
        D916  1 0.0084 0.0054 0.0063 0.0070 0.0077 0.0074 0.0077 0.0091 0.0065 0.0074 0.9196 0.0075 
        D917  1 0.1392 0.0727 0.0321 0.0571 0.1912 0.1475 0.0223 0.0998 0.0611 0.1286 0.0332 0.0152 
        D925  1 0.0819 0.2751 0.0283 0.0399 0.0791 0.1018 0.1219 0.0517 0.0333 0.0330 0.0951 0.0589 
        D926  1 0.0571 0.0163 0.0124 0.0531 0.0237 0.0618 0.5873 0.0315 0.0218 0.0287 0.0919 0.0143 
        D927  1 0.0950 0.0213 0.0214 0.0682 0.0230 0.0924 0.4089 0.0243 0.0444 0.1113 0.0656 0.0241 
        D928  1 0.0130 0.0139 0.0189 0.0175 0.0072 0.0206 0.0118 0.8032 0.0166 0.0159 0.0404 0.0207 
        D929  1 0.0533 0.0613 0.0226 0.0445 0.3607 0.0722 0.0416 0.1121 0.0637 0.1156 0.0190 0.0336 
        D936  1 0.0219 0.0202 0.0099 0.0452 0.0139 0.0262 0.5914 0.0200 0.0141 0.0265 0.1963 0.0143 
        D938  1 0.0099 0.0078 0.0151 0.0089 0.0092 0.0101 0.0090 0.0091 0.0088 0.0091 0.0075 0.8955 
        D956  1 0.0235 0.0194 0.0134 0.0389 0.0126 0.0283 0.0200 0.6644 0.0131 0.0180 0.1396 0.0086 
        D957  1 0.0357 0.0852 0.0142 0.0337 0.0352 0.0392 0.0164 0.0161 0.0212 0.0272 0.0432 0.6328 
        D958  1 0.0091 0.0077 0.0097 0.0077 0.0087 0.0090 0.0081 0.0172 0.0079 0.0093 0.0117 0.8939 
        D959  1 0.0134 0.0104 0.0128 0.0121 0.0070 0.0137 0.0087 0.0184 0.8551 0.0125 0.0272 0.0089 
        D960  1 0.0476 0.2290 0.0073 0.0250 0.0087 0.0331 0.0265 0.0222 0.0267 0.0278 0.0178 0.5283 
        D989  1 0.1102 0.0278 0.1259 0.0868 0.0148 0.1004 0.0440 0.2720 0.0331 0.1146 0.0433 0.0269 
        D990  1 0.0749 0.4490 0.0124 0.0325 0.1194 0.0722 0.0197 0.0158 0.0237 0.1344 0.0105 0.0356 
        D211  3 0.0145 0.0127 0.0157 0.0162 0.7988 0.0210 0.0121 0.0127 0.0410 0.0227 0.0208 0.0120 
     D229639  3 0.1437 0.0427 0.1557 0.1480 0.0988 0.1327 0.0542 0.0560 0.0243 0.0368 0.0940 0.0131 
     D237212  3 0.0808 0.1088 0.0490 0.2377 0.0752 0.0971 0.0370 0.0247 0.0390 0.0928 0.1419 0.0159 
     D237213  3 0.0547 0.1230 0.1489 0.1527 0.2390 0.0743 0.0446 0.0136 0.0233 0.0757 0.0118 0.0385 
     D237214  3 0.0243 0.0109 0.0079 0.0102 0.0087 0.0181 0.0122 0.0213 0.5013 0.3594 0.0103 0.0152 
     D237215  3 0.0439 0.4502 0.0518 0.2067 0.0134 0.0541 0.0186 0.0284 0.0217 0.0938 0.0092 0.0081 
     D237216  3 0.2566 0.0403 0.0847 0.0768 0.0359 0.2559 0.0684 0.0258 0.0741 0.0544 0.0128 0.0144 
     D237217  3 0.1240 0.0283 0.0364 0.0785 0.3437 0.1269 0.0568 0.0088 0.0701 0.0709 0.0134 0.0420 
     D237218  3 0.0655 0.0156 0.0251 0.0825 0.0536 0.0681 0.4603 0.0187 0.0175 0.1203 0.0376 0.0353 
     D237219  3 0.0473 0.0792 0.4465 0.0258 0.1830 0.0514 0.0206 0.0136 0.0106 0.0444 0.0190 0.0585 
     D237382  3 0.0498 0.1974 0.0529 0.1233 0.0455 0.0598 0.0194 0.1944 0.0227 0.0754 0.0316 0.1275 
     D244127  3 0.0673 0.5182 0.0502 0.0638 0.0604 0.0884 0.0204 0.0157 0.0208 0.0605 0.0092 0.0251 
     D244129  3 0.1122 0.0887 0.0716 0.0742 0.1350 0.1128 0.0283 0.0805 0.0447 0.0860 0.1082 0.0578 
     D244133  3 0.0361 0.0323 0.6227 0.0466 0.0150 0.0458 0.0164 0.0295 0.0273 0.0326 0.0717 0.0239 
     D244134  3 0.0538 0.0505 0.3898 0.0458 0.1879 0.0533 0.0368 0.0211 0.0181 0.0382 0.0130 0.0917 
     D244135  3 0.0632 0.0253 0.0195 0.0316 0.1068 0.0537 0.0250 0.0149 0.3332 0.2902 0.0209 0.0157 
     D244136  3 0.0891 0.0580 0.2549 0.0525 0.0172 0.0976 0.0251 0.1414 0.1170 0.0382 0.0518 0.0571 
        D416  3 0.0910 0.0444 0.3188 0.1277 0.0287 0.0803 0.0613 0.0249 0.0978 0.0854 0.0298 0.0100 
        D417  3 0.0921 0.0293 0.0260 0.0443 0.0209 0.1280 0.3446 0.0332 0.0260 0.0186 0.1382 0.0991 
        D419  3 0.0902 0.1184 0.1408 0.1625 0.0975 0.0581 0.0215 0.0174 0.0190 0.0914 0.0477 0.1357 
        D565  3 0.0308 0.0822 0.0578 0.0253 0.0138 0.0503 0.0154 0.6053 0.0213 0.0497 0.0215 0.0266 
        D566  3 0.0814 0.0331 0.0496 0.1086 0.0150 0.0743 0.0294 0.4879 0.0326 0.0341 0.0405 0.0135 
        D567  3 0.0609 0.0467 0.0414 0.0939 0.1212 0.0675 0.1420 0.0157 0.0439 0.0588 0.2486 0.0595 
        D568  3 0.0746 0.0450 0.0762 0.1070 0.1612 0.1149 0.1168 0.0089 0.0253 0.0460 0.0738 0.1502 
        D569  3 0.1071 0.3670 0.0231 0.0470 0.0567 0.0990 0.0273 0.0355 0.0626 0.1466 0.0182 0.0098 
        D573  3 0.1142 0.0488 0.0295 0.0948 0.0301 0.1358 0.0290 0.0137 0.0247 0.0316 0.4403 0.0075 
        D574  3 0.0783 0.0318 0.0409 0.0406 0.0388 0.0765 0.0859 0.3369 0.0886 0.1410 0.0091 0.0316 
        D575  3 0.0119 0.0101 0.8164 0.0110 0.0709 0.0134 0.0094 0.0089 0.0143 0.0124 0.0080 0.0133 
        D576  3 0.0583 0.3135 0.1489 0.2060 0.0288 0.0560 0.0169 0.0287 0.0257 0.1043 0.0058 0.0070 
        D577  3 0.0884 0.0335 0.0616 0.0441 0.2309 0.0736 0.0818 0.0273 0.0790 0.0532 0.1105 0.1163 
        D578  3 0.0147 0.0185 0.0104 0.0138 0.0091 0.0134 0.0107 0.0087 0.4999 0.3817 0.0056 0.0135 
        D579  3 0.0630 0.0568 0.0937 0.0732 0.0310 0.0672 0.1989 0.1202 0.0431 0.0685 0.1546 0.0298 
        D660  3 0.0663 0.2949 0.0375 0.1471 0.0440 0.0729 0.0355 0.0157 0.0507 0.2035 0.0155 0.0165 
        D661  3 0.0178 0.0101 0.0143 0.0886 0.0114 0.0220 0.7437 0.0083 0.0119 0.0438 0.0103 0.0177 
        D663  3 0.2877 0.0496 0.0167 0.1156 0.0225 0.3012 0.0237 0.0499 0.0326 0.0769 0.0129 0.0107 
        D664  3 0.0849 0.1605 0.0926 0.0985 0.0910 0.0959 0.0174 0.0375 0.0453 0.2257 0.0113 0.0394 
        D665  3 0.0817 0.0879 0.0587 0.0307 0.5575 0.0812 0.0168 0.0088 0.0177 0.0279 0.0165 0.0147 
        D666  3 0.0241 0.0265 0.7626 0.0243 0.0203 0.0241 0.0123 0.0250 0.0160 0.0319 0.0117 0.0211 
        D502  6 0.0781 0.1854 0.0535 0.2278 0.2356 0.0579 0.0235 0.0128 0.0668 0.0422 0.0082 0.0083 
        D503  6 0.1075 0.0298 0.0388 0.3541 0.0418 0.0817 0.0948 0.0321 0.0508 0.1100 0.0248 0.0338 
        D504  6 0.0991 0.0529 0.0297 0.1194 0.0135 0.1095 0.2351 0.0656 0.0592 0.0899 0.0946 0.0314 
        D505  6 0.1266 0.0789 0.0289 0.1209 0.0396 0.1237 0.0223 0.2788 0.0487 0.0718 0.0481 0.0118 
        D506  6 0.0156 0.0090 0.0142 0.0146 0.0087 0.0143 0.0113 0.8338 0.0275 0.0126 0.0308 0.0076 
        D507  6 0.2420 0.1675 0.0377 0.0546 0.0199 0.1972 0.0591 0.0357 0.0908 0.0530 0.0165 0.0260 
        D508  6 0.0973 0.1660 0.0253 0.1001 0.0639 0.1090 0.2789 0.0323 0.0203 0.0617 0.0324 0.0128 
        D529  6 0.0942 0.0417 0.0514 0.0476 0.0391 0.0897 0.0480 0.0413 0.3388 0.1344 0.0422 0.0318 
        D530  6 0.0294 0.3279 0.0321 0.2231 0.1023 0.0382 0.0129 0.0367 0.0868 0.0762 0.0106 0.0239 
        D531  6 0.1354 0.0534 0.0509 0.1428 0.0269 0.1283 0.0667 0.0645 0.0538 0.0680 0.1893 0.0200 
        D532  6 0.0970 0.2583 0.0214 0.0626 0.0133 0.0915 0.0336 0.1387 0.1682 0.0774 0.0233 0.0147 
        D534  6 0.1066 0.1137 0.0142 0.0334 0.0441 0.0994 0.1250 0.0160 0.0633 0.0430 0.0229 0.3184 
        D535  6 0.1727 0.0510 0.0695 0.0470 0.0351 0.1293 0.0275 0.2674 0.1177 0.0450 0.0206 0.0172 
        D536  6 0.0888 0.1614 0.0153 0.2365 0.0170 0.0887 0.0359 0.0242 0.1796 0.1248 0.0177 0.0102 
        D554  6 0.0755 0.0706 0.0280 0.0811 0.0353 0.0730 0.0521 0.3528 0.1121 0.0624 0.0234 0.0339 
        D587  6 0.1043 0.0793 0.0346 0.0315 0.0206 0.1274 0.0466 0.3722 0.0391 0.0569 0.0365 0.0509 
        D588  6 0.2689 0.0511 0.0266 0.0759 0.0264 0.2948 0.0210 0.0402 0.0588 0.0962 0.0311 0.0090 
        D589  6 0.2117 0.0452 0.0325 0.1919 0.0321 0.1377 0.0543 0.0413 0.0327 0.1757 0.0284 0.0164 
        D590  6 0.0897 0.1326 0.0199 0.0684 0.0119 0.1151 0.0501 0.0309 0.3715 0.0224 0.0673 0.0203 
        D591  6 0.1368 0.0164 0.2536 0.0910 0.0233 0.1159 0.0558 0.1197 0.0321 0.0755 0.0228 0.0572 
        D592  6 0.0833 0.1059 0.0298 0.0359 0.0733 0.0531 0.0364 0.0280 0.0491 0.0251 0.1442 0.3358 
        D593  6 0.0179 0.2910 0.0216 0.3119 0.2229 0.0247 0.0082 0.0237 0.0127 0.0454 0.0084 0.0116 
        D682  6 0.0313 0.0216 0.0228 0.0206 0.0095 0.0270 0.0175 0.7699 0.0223 0.0139 0.0320 0.0114 
        D683  6 0.1493 0.0296 0.0235 0.0691 0.2109 0.1175 0.1013 0.0808 0.0393 0.0696 0.0873 0.0217 
        D684  6 0.1832 0.0624 0.0164 0.0954 0.1502 0.1745 0.0604 0.0153 0.0425 0.1079 0.0731 0.0187 
        D685  6 0.3187 0.0626 0.0408 0.0753 0.0682 0.2526 0.0473 0.0230 0.0392 0.0462 0.0118 0.0144 
        D686  6 0.0504 0.5129 0.0101 0.0579 0.0092 0.0601 0.0134 0.0880 0.1354 0.0416 0.0113 0.0097 
        D724  6 0.0731 0.0585 0.0207 0.0392 0.1084 0.0771 0.4510 0.0200 0.0624 0.0373 0.0342 0.0181 
        D725  6 0.1437 0.1092 0.0661 0.1669 0.0884 0.1234 0.0271 0.0223 0.0453 0.0970 0.0119 0.0987 
        D726  6 0.0351 0.0172 0.0291 0.0166 0.0138 0.0219 0.0335 0.7336 0.0285 0.0235 0.0269 0.0204 
        D727  6 0.0802 0.0236 0.0294 0.0480 0.0213 0.0645 0.0217 0.0401 0.5971 0.0344 0.0323 0.0074 
        D728  6 0.0583 0.0903 0.1149 0.0537 0.0458 0.0665 0.0169 0.4429 0.0423 0.0387 0.0136 0.0162 
        D729  6 0.0310 0.1205 0.0095 0.0181 0.0217 0.0315 0.0098 0.0139 0.6806 0.0225 0.0323 0.0086 
        D730  6 0.0348 0.0539 0.0207 0.0368 0.0329 0.0409 0.6708 0.0146 0.0208 0.0446 0.0159 0.0133 
        D731  6 0.0321 0.0241 0.0801 0.1480 0.0143 0.0263 0.0188 0.5603 0.0179 0.0558 0.0132 0.0091 
        D732  6 0.1094 0.0701 0.0463 0.0650 0.2794 0.0940 0.0598 0.0295 0.0739 0.0738 0.0709 0.0279 
        D733  6 0.0757 0.0519 0.0631 0.0615 0.0636 0.0617 0.2889 0.0587 0.0230 0.0771 0.0230 0.1518 
     D237251  7 0.0404 0.0216 0.0480 0.0534 0.0154 0.0261 0.7157 0.0145 0.0204 0.0231 0.0122 0.0093 
     D237252  7 0.0517 0.0512 0.0421 0.4208 0.0885 0.0587 0.0644 0.0113 0.0296 0.1315 0.0115 0.0386 
     D237253  7 0.1820 0.0508 0.0587 0.1228 0.0148 0.1872 0.1252 0.0783 0.0760 0.0614 0.0283 0.0145 
     D237254  7 0.0156 0.0100 0.0089 0.0112 0.0151 0.0148 0.0121 0.0081 0.5034 0.3733 0.0081 0.0194 
     D237255  7 0.1232 0.0609 0.1343 0.1685 0.0201 0.1198 0.1463 0.0454 0.0493 0.0917 0.0205 0.0199 
     D237256  7 0.2824 0.0826 0.0450 0.1397 0.0369 0.2359 0.0397 0.0441 0.0221 0.0514 0.0102 0.0099 
     D237257  7 0.1599 0.0724 0.0189 0.0785 0.0617 0.2109 0.0313 0.0516 0.1335 0.1537 0.0133 0.0142 
     D237282  7 0.1051 0.0856 0.0229 0.0691 0.0249 0.1030 0.0428 0.0158 0.1079 0.0763 0.2427 0.1038 
     D237283  7 0.0219 0.0228 0.0409 0.0744 0.7248 0.0312 0.0113 0.0130 0.0106 0.0268 0.0067 0.0156 
     D237284  7 0.0563 0.0263 0.0265 0.0310 0.0429 0.0664 0.0679 0.0248 0.3163 0.2709 0.0449 0.0257 
     D237285  7 0.0678 0.2736 0.0242 0.1764 0.0985 0.0711 0.0313 0.0519 0.0841 0.0894 0.0124 0.0193 
     D237286  7 0.1349 0.1511 0.0292 0.0820 0.0158 0.1193 0.0404 0.2288 0.0528 0.0925 0.0310 0.0223 
     D237287  7 0.1469 0.0462 0.2816 0.1056 0.0391 0.1540 0.0463 0.0405 0.0791 0.0250 0.0235 0.0120 
     D244006  7 0.0148 0.0176 0.0087 0.0132 0.0143 0.0151 0.0175 0.0112 0.4919 0.3708 0.0111 0.0137 
     D244007  7 0.0678 0.0346 0.0245 0.0253 0.0134 0.0625 0.0962 0.0275 0.4015 0.1173 0.0147 0.1148 
     D244008  7 0.0171 0.0198 0.0885 0.0355 0.7306 0.0176 0.0114 0.0163 0.0129 0.0149 0.0118 0.0236 
     D244009  7 0.0517 0.0301 0.0200 0.0587 0.0884 0.0449 0.0984 0.0294 0.0157 0.0459 0.0226 0.4943 
     D244010  7 0.0776 0.0600 0.0358 0.1431 0.4409 0.0685 0.0107 0.0308 0.0327 0.0534 0.0380 0.0086 
     D244011  7 0.1804 0.0531 0.0201 0.0960 0.0410 0.1065 0.1170 0.1044 0.0256 0.2276 0.0104 0.0178 
     D244012  7 0.0565 0.1396 0.0334 0.2451 0.2165 0.0869 0.0149 0.0343 0.0239 0.0685 0.0719 0.0085 
     D244013  7 0.0576 0.1349 0.0272 0.0989 0.0413 0.0730 0.1826 0.0599 0.0125 0.2642 0.0246 0.0232 
     D244014  7 0.1220 0.1086 0.1621 0.0359 0.0390 0.1369 0.1340 0.0180 0.0602 0.1325 0.0127 0.0381 
     D244015  7 0.1868 0.2497 0.1201 0.0456 0.0444 0.1662 0.0214 0.0165 0.0435 0.0309 0.0312 0.0437 
     D244125  7 0.0966 0.2286 0.0939 0.1305 0.0171 0.1151 0.0546 0.1135 0.0261 0.0428 0.0360 0.0451 
     D244126  7 0.0127 0.0147 0.0094 0.0127 0.8669 0.0109 0.0170 0.0074 0.0081 0.0105 0.0183 0.0113 
     D244130  7 0.0866 0.5998 0.0124 0.0640 0.0203 0.0948 0.0147 0.0115 0.0208 0.0377 0.0232 0.0141 
     D244131  7 0.0407 0.0432 0.0125 0.0220 0.0306 0.0490 0.3210 0.0944 0.0357 0.2541 0.0419 0.0549 
     D244132  7 0.1391 0.1263 0.0495 0.0725 0.0210 0.1458 0.0982 0.1099 0.0209 0.0707 0.0163 0.1297 
        D520  7 0.1175 0.0830 0.0448 0.0776 0.3033 0.1323 0.0330 0.0420 0.0634 0.0644 0.0153 0.0234 
        D521  7 0.0747 0.2853 0.0250 0.1325 0.0761 0.0886 0.0401 0.0368 0.0247 0.1546 0.0270 0.0346 
        D522  7 0.0378 0.0169 0.0467 0.0249 0.0154 0.0293 0.1492 0.0445 0.0161 0.0723 0.0128 0.5342 
        D523  7 0.0379 0.0141 0.0292 0.0768 0.0111 0.0405 0.6612 0.0274 0.0404 0.0329 0.0121 0.0164 
        D524  7 0.0722 0.0668 0.0510 0.0699 0.0448 0.0636 0.4359 0.0483 0.0351 0.0680 0.0186 0.0258 
        D525  7 0.1414 0.1007 0.0131 0.0995 0.0408 0.1555 0.0485 0.0449 0.0794 0.1169 0.0985 0.0607 
        D526  7 0.0339 0.0268 0.0512 0.0162 0.0586 0.0480 0.0237 0.0149 0.3685 0.2736 0.0318 0.0528 
        D527  7 0.0351 0.0155 0.0397 0.0501 0.0195 0.0255 0.6571 0.0291 0.0142 0.0248 0.0779 0.0115 
        D528  7 0.5500 0.0157 0.0088 0.0212 0.0379 0.2990 0.0092 0.0108 0.0131 0.0163 0.0092 0.0087 
        D558  7 0.0401 0.3675 0.0208 0.0299 0.0391 0.0854 0.1001 0.0233 0.0408 0.1464 0.0423 0.0642 
        D559  7 0.0415 0.1530 0.0179 0.0477 0.0218 0.0506 0.5187 0.0114 0.0156 0.0765 0.0276 0.0177 
        D640  7 0.1008 0.2191 0.1942 0.0929 0.0225 0.1166 0.0624 0.0297 0.0272 0.0987 0.0160 0.0199 
        D641  7 0.0888 0.1260 0.1767 0.0648 0.1268 0.0945 0.0314 0.0624 0.0270 0.1790 0.0084 0.0141 
        D642  7 0.0749 0.4641 0.0113 0.0441 0.0208 0.0514 0.0474 0.0412 0.1000 0.0602 0.0161 0.0686 
        D644  7 0.0835 0.1103 0.0521 0.0677 0.2719 0.1065 0.0812 0.0676 0.0388 0.0657 0.0240 0.0306 
        D645  7 0.1024 0.0688 0.2351 0.1410 0.0343 0.1098 0.1483 0.0218 0.0215 0.0451 0.0469 0.0251 
        D662  7 0.1132 0.3617 0.0321 0.0277 0.0114 0.1100 0.0314 0.0691 0.0169 0.0728 0.0505 0.1032 
        D687  7 0.0903 0.0239 0.0387 0.1373 0.0255 0.0749 0.3789 0.0812 0.0144 0.0838 0.0248 0.0263 
        D688  7 0.0761 0.2139 0.0111 0.1172 0.1142 0.1205 0.0407 0.0110 0.1524 0.0869 0.0451 0.0109 
        D689  7 0.0151 0.0112 0.8356 0.0143 0.0169 0.0133 0.0240 0.0171 0.0075 0.0120 0.0210 0.0120 
        D700  7 0.4772 0.0117 0.0086 0.0273 0.0093 0.3941 0.0107 0.0162 0.0167 0.0131 0.0070 0.0081 
        D797  7 0.0751 0.0260 0.0644 0.1138 0.0273 0.0568 0.3010 0.1118 0.0255 0.0665 0.0834 0.0484 
        D798  7 0.1343 0.3211 0.1981 0.0465 0.0460 0.1222 0.0148 0.0306 0.0186 0.0294 0.0142 0.0243 
        D799  7 0.0947 0.0290 0.0292 0.0601 0.0445 0.0523 0.5982 0.0153 0.0114 0.0410 0.0159 0.0084 
        D800  7 0.0731 0.0285 0.0225 0.0775 0.0145 0.1343 0.1702 0.0290 0.0148 0.0439 0.3735 0.0181 
        D201  9 0.0419 0.0137 0.0189 0.0983 0.0173 0.0316 0.6410 0.0124 0.0311 0.0392 0.0173 0.0371 
        D202  9 0.0647 0.3880 0.0127 0.1922 0.0908 0.0595 0.0634 0.0339 0.0204 0.0539 0.0137 0.0068 
     D237259  9 0.3192 0.0456 0.0672 0.0652 0.0300 0.3450 0.0211 0.0228 0.0362 0.0242 0.0149 0.0084 
     D237260  9 0.0943 0.0629 0.0180 0.3945 0.0307 0.0934 0.0368 0.0415 0.0419 0.1549 0.0212 0.0098 
     D237262  9 0.0449 0.0306 0.0112 0.0196 0.6381 0.0649 0.0163 0.0195 0.0332 0.0643 0.0233 0.0339 
     D237263  9 0.0640 0.0343 0.0125 0.0988 0.2267 0.0587 0.2552 0.0143 0.0385 0.0560 0.1211 0.0200 
     D237264  9 0.1051 0.0599 0.0173 0.2701 0.0409 0.1251 0.0293 0.0515 0.0401 0.1765 0.0573 0.0270 
     D237265  9 0.0318 0.0314 0.0129 0.5864 0.0345 0.0312 0.0410 0.0319 0.0198 0.1514 0.0154 0.0124 
     D237266  9 0.0619 0.4619 0.1434 0.0663 0.0314 0.0452 0.0145 0.0142 0.0521 0.0385 0.0605 0.0100 
     D237267  9 0.1943 0.0621 0.0394 0.0514 0.0911 0.1859 0.0130 0.1891 0.0788 0.0757 0.0120 0.0072 
     D237268  9 0.0270 0.0217 0.0139 0.0313 0.7535 0.0266 0.0268 0.0128 0.0174 0.0166 0.0378 0.0146 
     D237289  9 0.0362 0.0253 0.0322 0.5319 0.0409 0.0309 0.0249 0.0602 0.0119 0.1579 0.0246 0.0233 
     D237290  9 0.0442 0.0843 0.0470 0.4908 0.0660 0.0420 0.0360 0.0123 0.0167 0.1013 0.0497 0.0096 
     D237291  9 0.0723 0.1731 0.0289 0.1048 0.0086 0.0998 0.3393 0.0272 0.0498 0.0775 0.0095 0.0093 
     D237292  9 0.0660 0.0216 0.0081 0.4953 0.0181 0.0624 0.0184 0.0163 0.1254 0.1361 0.0127 0.0196 
     D237293  9 0.0496 0.2033 0.1216 0.2508 0.1333 0.0596 0.0185 0.0302 0.0239 0.0793 0.0120 0.0180 
     D237294  9 0.0879 0.0287 0.0137 0.1581 0.0270 0.0649 0.3609 0.0645 0.0478 0.0929 0.0179 0.0356 
     D237295  9 0.0683 0.0425 0.0680 0.0569 0.1165 0.0874 0.0542 0.1169 0.0587 0.0638 0.2148 0.0520 
     D237296  9 0.1815 0.0526 0.0604 0.0758 0.0128 0.2036 0.1356 0.0468 0.0951 0.0605 0.0231 0.0521 
     D237297  9 0.1127 0.2183 0.0362 0.1109 0.0376 0.1590 0.0310 0.1277 0.0302 0.0991 0.0212 0.0161 
     D237298  9 0.0573 0.0278 0.0484 0.0721 0.1406 0.0542 0.3662 0.0149 0.0192 0.0956 0.0573 0.0462 
     D237341  9 0.1370 0.0696 0.0510 0.1072 0.0288 0.1288 0.2081 0.0315 0.0300 0.1308 0.0349 0.0424 
     D237342  9 0.0249 0.0365 0.0141 0.0351 0.7155 0.0271 0.0184 0.0637 0.0126 0.0239 0.0200 0.0084 
     D237343  9 0.1336 0.1823 0.0459 0.0940 0.0471 0.1532 0.0732 0.0580 0.0641 0.0955 0.0329 0.0202 
     D237344  9 0.1051 0.2990 0.0925 0.0642 0.0340 0.1038 0.0204 0.0647 0.0488 0.1179 0.0320 0.0177 
     D237345  9 0.0655 0.0367 0.0137 0.0675 0.3392 0.0800 0.0378 0.0109 0.0294 0.0803 0.0251 0.2139 
     D237346  9 0.1481 0.1441 0.0632 0.1098 0.0669 0.2219 0.0727 0.0512 0.0288 0.0338 0.0158 0.0437 
     D237347  9 0.1026 0.0695 0.0330 0.0284 0.0299 0.0804 0.1310 0.1866 0.0641 0.2369 0.0220 0.0157 
     D237348  9 0.0522 0.3209 0.0505 0.0719 0.1830 0.0547 0.0327 0.0245 0.0426 0.1165 0.0232 0.0271 
     D237349  9 0.1154 0.1187 0.0179 0.0825 0.0091 0.0761 0.2141 0.0160 0.1540 0.0966 0.0447 0.0549 
     D244109  9 0.0491 0.0985 0.0163 0.1552 0.0236 0.0764 0.0249 0.0137 0.2303 0.2484 0.0458 0.0178 
     D244110  9 0.1277 0.0610 0.0608 0.2375 0.0250 0.1103 0.0344 0.0322 0.1195 0.1357 0.0327 0.0232 
     D244111  9 0.0679 0.3034 0.0470 0.0506 0.0364 0.0752 0.1430 0.0481 0.0251 0.1661 0.0165 0.0208 
     D244128  9 0.0346 0.0260 0.0095 0.0512 0.6817 0.0423 0.0293 0.0276 0.0175 0.0468 0.0229 0.0107 
     D244137  9 0.0673 0.0346 0.0193 0.0329 0.0215 0.0479 0.1774 0.0331 0.0563 0.1612 0.2893 0.0592 
     D244138  9 0.1610 0.0884 0.0201 0.0815 0.0459 0.2137 0.1711 0.0239 0.0234 0.1217 0.0249 0.0244 
        D580  9 0.0870 0.1205 0.0360 0.0830 0.1782 0.0757 0.0307 0.0151 0.0613 0.0402 0.0102 0.2621 
        D581  9 0.0159 0.0233 0.0114 0.6459 0.0183 0.0126 0.0325 0.0070 0.0106 0.1878 0.0143 0.0203 
        D582  9 0.0133 0.0139 0.0113 0.0124 0.8463 0.0128 0.0209 0.0107 0.0125 0.0175 0.0127 0.0157 
        D583  9 0.1326 0.0802 0.0541 0.1292 0.0228 0.0804 0.2994 0.0113 0.0649 0.0850 0.0179 0.0223 
        D584  9 0.0912 0.2971 0.0283 0.1055 0.0569 0.0903 0.0279 0.0604 0.0803 0.1022 0.0142 0.0458 
        D585  9 0.0651 0.0260 0.0170 0.0388 0.6464 0.0410 0.0257 0.0260 0.0260 0.0260 0.0450 0.0169 
        D586  9 0.1866 0.0438 0.0381 0.1325 0.0130 0.1093 0.1113 0.0368 0.0215 0.2629 0.0327 0.0115 
        D651  9 0.0371 0.0130 0.6305 0.0151 0.0289 0.0320 0.0154 0.0159 0.0299 0.0284 0.0394 0.1144 
        D652  9 0.0750 0.0830 0.0175 0.0636 0.0186 0.0586 0.4078 0.0188 0.0682 0.1092 0.0486 0.0311 
        D653  9 0.1633 0.0555 0.1353 0.0550 0.0606 0.1965 0.0763 0.0431 0.0306 0.1409 0.0170 0.0258 
        D654  9 0.1506 0.2294 0.0578 0.0444 0.0536 0.1885 0.0609 0.0328 0.0543 0.0468 0.0332 0.0479 
        D655  9 0.1297 0.1246 0.2045 0.1015 0.0427 0.1432 0.0448 0.0807 0.0359 0.0479 0.0290 0.0156 
        D656  9 0.0343 0.0382 0.0187 0.0146 0.0456 0.0396 0.0140 0.0167 0.7211 0.0252 0.0139 0.0182 
        D657  9 0.1049 0.2600 0.0249 0.0708 0.0268 0.1090 0.0520 0.0309 0.1087 0.1538 0.0134 0.0450 
        D667  9 0.0162 0.0167 0.8337 0.0165 0.0166 0.0153 0.0092 0.0210 0.0184 0.0173 0.0111 0.0079 
        D668  9 0.0786 0.0865 0.1831 0.1263 0.1941 0.0925 0.0232 0.0281 0.0193 0.0471 0.0127 0.1085 
        D669  9 0.0445 0.0186 0.0276 0.5099 0.0324 0.0335 0.0859 0.0184 0.0172 0.1466 0.0237 0.0417 
        D670  9 0.1196 0.0470 0.3781 0.0432 0.0166 0.1157 0.0114 0.0310 0.1896 0.0145 0.0146 0.0188 
        D671  9 0.0871 0.0575 0.0125 0.3583 0.0144 0.0951 0.0943 0.0175 0.0305 0.1333 0.0449 0.0545 
        D672  9 0.0837 0.0419 0.0673 0.0614 0.3343 0.0734 0.1433 0.0190 0.0186 0.0279 0.0410 0.0882 
        D673  9 0.0847 0.0531 0.3598 0.0423 0.0902 0.0982 0.0535 0.0503 0.0158 0.0237 0.0118 0.1166 
        D692  9 0.0393 0.0412 0.0163 0.0574 0.1245 0.0457 0.0145 0.0162 0.5972 0.0229 0.0124 0.0123 
        D693  9 0.0432 0.0698 0.5426 0.0355 0.0561 0.0361 0.0248 0.0324 0.0506 0.0416 0.0140 0.0532 
        D694  9 0.1759 0.0687 0.0138 0.0803 0.1320 0.1090 0.0318 0.0383 0.1727 0.1374 0.0130 0.0272 
        D695  9 0.1175 0.0644 0.1199 0.1052 0.1334 0.0869 0.0344 0.0224 0.0389 0.0315 0.1211 0.1244 
        D696  9 0.0207 0.0158 0.0144 0.0123 0.0100 0.0170 0.0122 0.8060 0.0128 0.0205 0.0141 0.0441 
        D697  9 0.0164 0.0192 0.8033 0.0142 0.0136 0.0188 0.0187 0.0207 0.0134 0.0225 0.0126 0.0264 
        D698  9 0.1254 0.1478 0.1152 0.1116 0.0829 0.1220 0.0197 0.1776 0.0223 0.0347 0.0199 0.0209 
        D699  9 0.0369 0.1948 0.3685 0.1171 0.0460 0.0393 0.0161 0.0871 0.0184 0.0460 0.0063 0.0235 
        D787  9 0.0765 0.2788 0.0799 0.0609 0.0276 0.0665 0.1885 0.0210 0.0574 0.0300 0.1001 0.0127 
        D788  9 0.0520 0.1231 0.4204 0.0558 0.1254 0.0714 0.0253 0.0623 0.0141 0.0237 0.0090 0.0176 
        D789  9 0.1152 0.1317 0.0411 0.1554 0.1361 0.1176 0.0203 0.0935 0.0493 0.0993 0.0221 0.0185 
        D790  9 0.0544 0.0807 0.5546 0.0351 0.0166 0.0565 0.0435 0.0233 0.0544 0.0338 0.0146 0.0324 
        D791  9 0.0498 0.0526 0.0183 0.4570 0.0790 0.0394 0.0664 0.0517 0.0138 0.1517 0.0123 0.0081 
        D792  9 0.1504 0.0506 0.0913 0.0482 0.0155 0.1228 0.0717 0.0181 0.1415 0.1216 0.1373 0.0310 
        D793  9 0.0185 0.0119 0.7481 0.0159 0.0135 0.0302 0.0101 0.0606 0.0277 0.0137 0.0396 0.0104 
        D794  9 0.0917 0.0414 0.3015 0.0529 0.0344 0.0958 0.0350 0.0754 0.0663 0.1138 0.0491 0.0427 
        D795  9 0.0349 0.1172 0.0174 0.0363 0.6037 0.0408 0.0348 0.0518 0.0129 0.0226 0.0155 0.0122 
        D796  9 0.0330 0.0287 0.7004 0.0384 0.0608 0.0360 0.0348 0.0187 0.0118 0.0180 0.0098 0.0095 
        D005 12 0.0460 0.0433 0.0135 0.0446 0.0204 0.0523 0.0181 0.0246 0.3225 0.3923 0.0097 0.0126 
        D035 12 0.0162 0.0146 0.8622 0.0132 0.0094 0.0116 0.0128 0.0174 0.0085 0.0140 0.0101 0.0099 
        D067 12 0.1225 0.0492 0.3436 0.1037 0.0601 0.0813 0.0561 0.0460 0.0431 0.0406 0.0369 0.0167 
        D134 12 0.2190 0.0380 0.0202 0.0804 0.0885 0.3175 0.0337 0.0342 0.0596 0.0735 0.0262 0.0092 
        D135 12 0.2441 0.0922 0.0403 0.1296 0.0490 0.2874 0.0319 0.0290 0.0220 0.0323 0.0175 0.0248 
        D136 12 0.1635 0.0721 0.0704 0.0405 0.0270 0.1739 0.0253 0.1090 0.0705 0.0405 0.1005 0.1067 
        D137 12 0.1159 0.0610 0.3376 0.1546 0.0494 0.1111 0.0445 0.0165 0.0153 0.0536 0.0154 0.0251 
        D138 12 0.1449 0.0410 0.0924 0.1232 0.0263 0.1365 0.1142 0.0455 0.0984 0.0801 0.0560 0.0415 
        D139 12 0.1165 0.1098 0.0273 0.1143 0.0502 0.1235 0.1701 0.0379 0.0737 0.1287 0.0293 0.0187 
        D140 12 0.0287 0.0255 0.7792 0.0166 0.0106 0.0218 0.0126 0.0277 0.0172 0.0219 0.0171 0.0210 
        D141 12 0.0361 0.0300 0.1053 0.0205 0.4109 0.0230 0.0160 0.0111 0.0239 0.0215 0.0090 0.2927 
        D150 12 0.0472 0.6391 0.0160 0.0360 0.0198 0.0750 0.0190 0.0377 0.0276 0.0550 0.0197 0.0079 
        D177 12 0.1776 0.0430 0.0453 0.0832 0.0456 0.2609 0.0204 0.0553 0.1761 0.0479 0.0366 0.0081 
        D178 12 0.1214 0.0457 0.0148 0.0288 0.0154 0.0875 0.0618 0.0189 0.0473 0.0693 0.4508 0.0383 
        D179 12 0.2017 0.0346 0.0758 0.0652 0.0192 0.2149 0.0576 0.0839 0.0924 0.0792 0.0222 0.0533 
        D180 12 0.0609 0.0204 0.3706 0.0373 0.2814 0.0636 0.0239 0.0117 0.0665 0.0418 0.0110 0.0109 
        D187 12 0.0372 0.0154 0.7334 0.0286 0.0350 0.0314 0.0338 0.0274 0.0133 0.0200 0.0140 0.0102 
        D188 12 0.0565 0.0243 0.0157 0.0329 0.2212 0.0544 0.0276 0.0213 0.3615 0.0532 0.0156 0.1158 
        D191 12 0.0647 0.0297 0.0891 0.0588 0.0403 0.0464 0.3524 0.0275 0.0253 0.0422 0.0149 0.2088 
        D418 12 0.0800 0.0467 0.0702 0.0879 0.0415 0.0800 0.2095 0.0135 0.0479 0.0418 0.0136 0.2673 
        D601 12 0.0535 0.0224 0.0221 0.0240 0.4125 0.0448 0.0168 0.0227 0.1794 0.1677 0.0214 0.0126 
        D836 12 0.0245 0.0124 0.2117 0.0161 0.5999 0.0221 0.0228 0.0114 0.0222 0.0340 0.0120 0.0109 
        D837 12 0.0553 0.0571 0.0280 0.0593 0.0326 0.0623 0.3345 0.0405 0.0142 0.1623 0.1126 0.0413 
        D838 12 0.0501 0.0419 0.6475 0.0384 0.0133 0.0343 0.0625 0.0357 0.0105 0.0324 0.0203 0.0132 
        D839 12 0.0721 0.0234 0.0185 0.4114 0.0356 0.0690 0.0974 0.0223 0.0488 0.1261 0.0418 0.0337 
        D840 12 0.0564 0.0300 0.0801 0.0399 0.0257 0.0561 0.2158 0.0297 0.0301 0.3278 0.0227 0.0857 
        D841 12 0.0123 0.0117 0.8629 0.0127 0.0096 0.0142 0.0255 0.0128 0.0106 0.0108 0.0063 0.0105 
        D842 12 0.0353 0.4961 0.0116 0.0510 0.0211 0.0332 0.0645 0.0107 0.0244 0.0724 0.0140 0.1656 
        D843 12 0.1273 0.0473 0.1670 0.0861 0.0887 0.1360 0.0422 0.0871 0.0885 0.0672 0.0519 0.0108 
        D844 12 0.0405 0.0077 0.0088 0.0874 0.0165 0.0284 0.6578 0.0119 0.0425 0.0415 0.0300 0.0271 
        D912 12 0.0303 0.0246 0.0204 0.0397 0.0131 0.0332 0.3059 0.0988 0.0224 0.3019 0.0469 0.0628 
        D913 12 0.2032 0.0512 0.1225 0.2154 0.0120 0.2008 0.0429 0.0158 0.0293 0.0513 0.0421 0.0135 
        D914 12 0.0506 0.0404 0.0321 0.0488 0.0200 0.0589 0.2528 0.1029 0.0150 0.3467 0.0176 0.0141 
        D922 12 0.0200 0.0176 0.7297 0.0153 0.0920 0.0204 0.0156 0.0234 0.0161 0.0187 0.0132 0.0179 
        D939 12 0.0265 0.0192 0.1123 0.0220 0.6209 0.0369 0.0405 0.0260 0.0226 0.0373 0.0075 0.0283 
        D944 12 0.3130 0.0126 0.0640 0.1617 0.0077 0.2536 0.0272 0.0119 0.0262 0.0441 0.0291 0.0488 
        D945 12 0.1661 0.0812 0.0956 0.0747 0.0851 0.1600 0.1245 0.0432 0.0666 0.0618 0.0197 0.0216 
        D985 12 0.1278 0.1259 0.0768 0.0639 0.0482 0.1484 0.0108 0.0617 0.1265 0.0984 0.0364 0.0752 
        D986 12 0.1699 0.0285 0.0112 0.0515 0.0413 0.1301 0.2678 0.0174 0.0217 0.2006 0.0478 0.0122 
        D987 12 0.0721 0.0361 0.0209 0.0466 0.0150 0.0672 0.2922 0.0589 0.0213 0.3038 0.0199 0.0459 
        D988 12 0.1215 0.0498 0.0229 0.0699 0.0561 0.0960 0.1085 0.0650 0.0399 0.3328 0.0219 0.0155 
        D996 12 0.0939 0.0419 0.1428 0.0523 0.0169 0.1099 0.1165 0.0313 0.0296 0.3287 0.0221 0.0141 
        D997 12 0.0716 0.0266 0.0599 0.0526 0.5109 0.0652 0.0466 0.0407 0.0218 0.0717 0.0176 0.0148 
        D998 12 0.3008 0.0362 0.1380 0.1233 0.0230 0.1938 0.0249 0.0694 0.0314 0.0332 0.0149 0.0111 
        D999 12 0.0415 0.0415 0.0165 0.5108 0.0197 0.0325 0.0882 0.0291 0.0217 0.1521 0.0144 0.0320 
