        D174  1 0.0578 0.0274 0.0495 0.0231 0.0746 0.3790 0.0329 0.2032 0.1035 0.0491 
        D199  1 0.0581 0.1528 0.0669 0.0603 0.2029 0.1292 0.0375 0.2105 0.0566 0.0252 
        D203  1 0.0558 0.0838 0.0850 0.0388 0.1266 0.1143 0.0378 0.2988 0.1058 0.0533 
        D204  1 0.0285 0.0221 0.0355 0.0148 0.0293 0.0350 0.0204 0.0196 0.7510 0.0438 
     D237366  1 0.0917 0.0549 0.0487 0.0232 0.0530 0.0806 0.0348 0.5268 0.0232 0.0630 
     D237367  1 0.0670 0.2366 0.0488 0.2070 0.1050 0.0638 0.0591 0.1235 0.0260 0.0632 
     D237368  1 0.0216 0.0398 0.0454 0.0328 0.0828 0.1240 0.0377 0.3368 0.1333 0.1458 
     D244101  1 0.1833 0.1571 0.1229 0.0131 0.1628 0.1665 0.0182 0.0562 0.0453 0.0747 
     D244102  1 0.3186 0.1346 0.0889 0.0539 0.1143 0.0989 0.0313 0.0442 0.0687 0.0466 
     D244103  1 0.0258 0.4237 0.0277 0.0447 0.1006 0.0576 0.0379 0.2345 0.0258 0.0217 
     D244104  1 0.0357 0.0567 0.0231 0.0271 0.0285 0.0328 0.5462 0.0283 0.1954 0.0262 
     D244105  1 0.1102 0.0660 0.0274 0.0222 0.1698 0.0457 0.1231 0.1381 0.0167 0.2807 
     D244106  1 0.1287 0.0691 0.0537 0.0121 0.0717 0.1414 0.0150 0.0360 0.4522 0.0203 
     D244107  1 0.0338 0.1301 0.1300 0.1117 0.1790 0.0675 0.0371 0.2753 0.0143 0.0211 
     D244108  1 0.0353 0.0539 0.1107 0.0225 0.0633 0.2130 0.0325 0.0257 0.0413 0.4020 
     D244113  1 0.0226 0.0701 0.0725 0.0237 0.0522 0.5424 0.0435 0.1210 0.0213 0.0306 
     D244114  1 0.2161 0.1603 0.0462 0.0125 0.2567 0.0838 0.0314 0.1325 0.0290 0.0315 
     D244115  1 0.1227 0.0469 0.0684 0.0218 0.1441 0.0712 0.0279 0.0209 0.4319 0.0442 
     D267365  1 0.3047 0.0974 0.0693 0.0414 0.1245 0.1250 0.0258 0.1120 0.0653 0.0347 
        D404  1 0.0251 0.0620 0.1077 0.0392 0.0650 0.4603 0.0248 0.0424 0.1538 0.0197 
        D405  1 0.1120 0.0798 0.1984 0.0441 0.1034 0.2324 0.0377 0.0529 0.1287 0.0104 
        D406  1 0.0093 0.0067 0.0081 0.0092 0.0086 0.0098 0.0067 0.0093 0.0077 0.9246 
        D407  1 0.0132 0.5484 0.0169 0.0141 0.0219 0.0187 0.0180 0.2488 0.0803 0.0197 
        D408  1 0.0437 0.1022 0.0479 0.0338 0.0793 0.3579 0.1044 0.0695 0.1446 0.0167 
        D409  1 0.0400 0.3506 0.0856 0.0230 0.1849 0.0748 0.0490 0.1032 0.0497 0.0392 
        D410  1 0.0301 0.1330 0.3401 0.0161 0.1398 0.1673 0.0273 0.0367 0.0323 0.0773 
        D421  1 0.0142 0.4247 0.0111 0.0103 0.0236 0.0206 0.0305 0.1202 0.3353 0.0095 
        D422  1 0.0302 0.3342 0.1128 0.0221 0.1220 0.0243 0.0129 0.1934 0.0309 0.1172 
        D423  1 0.0235 0.4177 0.0965 0.0338 0.0656 0.0435 0.0195 0.2349 0.0117 0.0533 
        D424  1 0.0352 0.0739 0.0146 0.0124 0.0886 0.0372 0.0197 0.0377 0.6550 0.0256 
        D425  1 0.0495 0.2222 0.0875 0.0174 0.2505 0.1778 0.0749 0.0580 0.0389 0.0232 
        D426  1 0.0324 0.4630 0.0290 0.0096 0.1695 0.0366 0.0394 0.1913 0.0148 0.0145 
        D427  1 0.0411 0.2290 0.0381 0.0121 0.1070 0.0652 0.0568 0.0510 0.3918 0.0079 
        D428  1 0.0660 0.1543 0.0604 0.0196 0.1466 0.1166 0.0414 0.0795 0.2608 0.0550 
        D429  1 0.2059 0.0213 0.0183 0.0102 0.0203 0.0238 0.0089 0.0124 0.6652 0.0137 
        D430  1 0.0808 0.1355 0.0667 0.0201 0.1353 0.0903 0.0394 0.0930 0.3267 0.0122 
        D491  1 0.0504 0.2004 0.0229 0.0361 0.0839 0.1384 0.0719 0.0427 0.1618 0.1915 
        D492  1 0.0425 0.2087 0.0276 0.0176 0.0606 0.0307 0.0153 0.0878 0.4323 0.0768 
        D537  1 0.0235 0.3062 0.0354 0.0179 0.1157 0.0367 0.0295 0.1014 0.0448 0.2889 
        D538  1 0.0193 0.0674 0.0776 0.0807 0.0552 0.2256 0.0280 0.2623 0.0750 0.1088 
        D539  1 0.2802 0.0490 0.1300 0.0777 0.1014 0.0626 0.0446 0.0278 0.0854 0.1413 
        D540  1 0.0534 0.3560 0.0844 0.0286 0.1504 0.0882 0.1078 0.0940 0.0233 0.0140 
        D541  1 0.0121 0.0327 0.0134 0.0115 0.0188 0.0161 0.0122 0.0152 0.8533 0.0147 
        D551  1 0.0618 0.3312 0.0255 0.0141 0.3429 0.0334 0.0196 0.1270 0.0171 0.0273 
        D552  1 0.1331 0.0190 0.0185 0.0211 0.0409 0.0381 0.0485 0.0173 0.0352 0.6284 
        D553  1 0.0511 0.2560 0.0250 0.0421 0.0723 0.0537 0.0841 0.1071 0.2940 0.0145 
        D615  1 0.0704 0.0347 0.0555 0.0524 0.0568 0.0473 0.0319 0.0298 0.5955 0.0256 
        D616  1 0.0584 0.0854 0.0722 0.0329 0.1046 0.0372 0.0254 0.0580 0.4948 0.0312 
        D621  1 0.0216 0.0164 0.0282 0.0253 0.0239 0.0383 0.0311 0.0185 0.0212 0.7755 
        D622  1 0.0213 0.0162 0.0177 0.0153 0.0191 0.0225 0.0218 0.0205 0.0211 0.8246 
        D623  1 0.0269 0.0623 0.2554 0.0182 0.0687 0.4323 0.0240 0.0553 0.0251 0.0319 
        D624  1 0.0236 0.0643 0.0474 0.0292 0.1993 0.1046 0.0800 0.0324 0.3997 0.0196 
        D625  1 0.0306 0.0245 0.0329 0.1238 0.0418 0.0236 0.0118 0.0146 0.6124 0.0840 
        D626  1 0.0335 0.0589 0.0189 0.0333 0.0435 0.0419 0.6408 0.0597 0.0440 0.0254 
        D627  1 0.0388 0.3665 0.0315 0.0276 0.1435 0.0328 0.0204 0.2091 0.0858 0.0439 
        D690  1 0.0135 0.0147 0.0157 0.0225 0.0117 0.0182 0.0219 0.0116 0.8569 0.0132 
        D691  1 0.0185 0.0216 0.0180 0.0180 0.0154 0.0153 0.0150 0.0302 0.0261 0.8221 
        D710  1 0.0384 0.2165 0.0477 0.0391 0.1029 0.1251 0.1236 0.1840 0.0856 0.0370 
        D711  1 0.0272 0.0209 0.0203 0.0183 0.0179 0.0194 0.0087 0.0191 0.8248 0.0234 
        D712  1 0.0690 0.0726 0.0351 0.0381 0.0836 0.2516 0.1513 0.1895 0.0213 0.0879 
        D713  1 0.0278 0.2971 0.0513 0.0166 0.1361 0.1193 0.0182 0.1106 0.0416 0.1814 
        D746  1 0.0189 0.0222 0.0166 0.0149 0.0212 0.0130 0.0236 0.0228 0.0655 0.7813 
        D747  1 0.0193 0.0200 0.0229 0.0109 0.0148 0.0194 0.0135 0.0146 0.8529 0.0117 
        D748  1 0.0163 0.0227 0.0166 0.0154 0.0169 0.0184 0.0244 0.0179 0.0447 0.8068 
        D749  1 0.0617 0.1248 0.1187 0.0207 0.3069 0.0684 0.0295 0.0717 0.0318 0.1658 
        D750  1 0.0195 0.0174 0.0166 0.0133 0.0197 0.0454 0.0168 0.0178 0.8136 0.0199 
        D763  1 0.1618 0.0737 0.0860 0.0475 0.1258 0.0260 0.1623 0.0695 0.0356 0.2117 
        D764  1 0.0121 0.0170 0.0113 0.0113 0.0223 0.0404 0.0152 0.0150 0.8395 0.0159 
        D765  1 0.1406 0.1644 0.1189 0.0228 0.2421 0.0985 0.0564 0.1043 0.0122 0.0399 
        D766  1 0.0189 0.0421 0.0170 0.0222 0.0194 0.0205 0.0467 0.0216 0.0119 0.7797 
        D767  1 0.0955 0.0552 0.0926 0.1498 0.1250 0.1093 0.0356 0.1570 0.1005 0.0796 
        D768  1 0.0532 0.3012 0.0353 0.0197 0.1546 0.0419 0.0340 0.1469 0.1662 0.0470 
        D811  1 0.0215 0.1181 0.0545 0.0345 0.1060 0.1802 0.4145 0.0263 0.0218 0.0225 
        D816  1 0.2936 0.0259 0.0160 0.0104 0.0333 0.0217 0.0119 0.0354 0.5374 0.0144 
        D825  1 0.2239 0.0845 0.0437 0.0802 0.1307 0.1011 0.0408 0.0390 0.2059 0.0501 
        D866  1 0.0873 0.0417 0.4367 0.0489 0.1028 0.1186 0.0512 0.0279 0.0614 0.0235 
        D867  1 0.0330 0.0877 0.0728 0.0162 0.2220 0.0509 0.0158 0.3810 0.0149 0.1058 
        D871  1 0.0284 0.2850 0.0375 0.0336 0.1193 0.1454 0.0280 0.1592 0.1211 0.0426 
        D872  1 0.0132 0.0222 0.0401 0.0265 0.0234 0.0448 0.0307 0.0449 0.0231 0.7310 
        D873  1 0.0251 0.0384 0.5554 0.0295 0.0622 0.2255 0.0135 0.0205 0.0149 0.0152 
        D874  1 0.2339 0.0982 0.0520 0.0120 0.0687 0.2995 0.0260 0.0497 0.1099 0.0501 
        D875  1 0.0212 0.2720 0.0197 0.0161 0.1048 0.0434 0.0087 0.1089 0.0203 0.3850 
        D876  1 0.0534 0.0318 0.0195 0.0218 0.0387 0.0519 0.0423 0.0295 0.0367 0.6745 
        D877  1 0.0535 0.0394 0.0995 0.0267 0.1439 0.4265 0.0176 0.0445 0.1266 0.0219 
        D892  1 0.0383 0.0213 0.0159 0.0134 0.0393 0.0428 0.0134 0.0771 0.0707 0.6677 
        D893  1 0.1617 0.0920 0.0727 0.0502 0.1290 0.1351 0.0413 0.1455 0.0833 0.0893 
        D894  1 0.0193 0.0173 0.0114 0.0141 0.0155 0.0129 0.0064 0.0117 0.8830 0.0084 
        D915  1 0.0987 0.0734 0.0634 0.0598 0.0849 0.0778 0.0440 0.1612 0.0526 0.2840 
        D916  1 0.0083 0.0071 0.0070 0.0097 0.0081 0.0087 0.0071 0.0068 0.9278 0.0095 
        D917  1 0.0426 0.1017 0.0661 0.1849 0.1456 0.1391 0.0314 0.2332 0.0403 0.0150 
        D925  1 0.1549 0.0822 0.1487 0.0791 0.1496 0.0998 0.0379 0.0519 0.1217 0.0744 
        D926  1 0.4814 0.0398 0.0242 0.0280 0.1027 0.0385 0.0164 0.0371 0.2074 0.0245 
        D927  1 0.3962 0.0600 0.0555 0.0376 0.0833 0.0300 0.0253 0.2161 0.0581 0.0380 
        D928  1 0.0206 0.1284 0.0232 0.0114 0.0522 0.3138 0.0449 0.0788 0.2772 0.0494 
        D929  1 0.0545 0.0448 0.0596 0.3183 0.0700 0.1723 0.0269 0.1747 0.0340 0.0448 
        D936  1 0.5145 0.0296 0.0483 0.0158 0.0355 0.0273 0.0107 0.0248 0.2747 0.0189 
        D938  1 0.0108 0.0112 0.0106 0.0095 0.0094 0.0096 0.0148 0.0090 0.0075 0.9075 
        D956  1 0.0214 0.0389 0.0299 0.0149 0.0342 0.1864 0.0174 0.0196 0.6268 0.0106 
        D957  1 0.0230 0.0421 0.0767 0.0273 0.0318 0.0687 0.0156 0.0260 0.0203 0.6686 
        D958  1 0.0083 0.0084 0.0083 0.0092 0.0090 0.0121 0.0122 0.0086 0.0157 0.9081 
        D959  1 0.0106 0.6198 0.0110 0.0063 0.0204 0.0115 0.0094 0.2715 0.0301 0.0094 
        D960  1 0.0259 0.0261 0.1504 0.0124 0.0651 0.0966 0.0073 0.0376 0.0231 0.5556 
        D989  1 0.0849 0.1375 0.0473 0.0149 0.1009 0.1354 0.1855 0.1762 0.0780 0.0395 
        D990  1 0.0517 0.0821 0.2678 0.1110 0.2459 0.1365 0.0201 0.0373 0.0147 0.0329 
        D211  3 0.0148 0.0316 0.0133 0.8180 0.0199 0.0162 0.0215 0.0271 0.0230 0.0146 
     D229639  3 0.1387 0.1400 0.0840 0.0861 0.1475 0.0695 0.2066 0.0312 0.0804 0.0161 
     D237212  3 0.0508 0.0676 0.2765 0.1727 0.0828 0.0696 0.0653 0.0503 0.1486 0.0158 
     D237213  3 0.0558 0.0366 0.1491 0.3638 0.0693 0.0736 0.1642 0.0422 0.0100 0.0354 
     D237214  3 0.0113 0.0221 0.0111 0.0146 0.0162 0.0159 0.0076 0.8631 0.0164 0.0217 
     D237215  3 0.0288 0.0798 0.2678 0.0306 0.1044 0.3787 0.0411 0.0461 0.0120 0.0107 
     D237216  3 0.0632 0.0846 0.0830 0.0450 0.3553 0.1213 0.0776 0.1331 0.0182 0.0186 
     D237217  3 0.1151 0.0790 0.0280 0.3028 0.2226 0.0274 0.0473 0.1138 0.0142 0.0498 
     D237218  3 0.5736 0.0294 0.0380 0.0420 0.0836 0.0813 0.0306 0.0242 0.0322 0.0650 
     D237219  3 0.0290 0.0278 0.0216 0.1584 0.0343 0.0294 0.6196 0.0224 0.0147 0.0428 
     D237382  3 0.0211 0.0254 0.1474 0.0726 0.0511 0.2938 0.0725 0.1571 0.0382 0.1208 
     D244127  3 0.0467 0.0636 0.3245 0.0833 0.1112 0.1672 0.0937 0.0718 0.0092 0.0288 
     D244129  3 0.0393 0.0423 0.0909 0.1431 0.1091 0.0819 0.0777 0.2344 0.0958 0.0853 
     D244133  3 0.0217 0.0379 0.0351 0.0195 0.0481 0.0433 0.6905 0.0258 0.0542 0.0238 
     D244134  3 0.0460 0.0214 0.0426 0.1409 0.0357 0.0410 0.5641 0.0232 0.0153 0.0698 
     D244135  3 0.0232 0.0842 0.0411 0.1319 0.0536 0.0342 0.0213 0.5640 0.0220 0.0245 
     D244136  3 0.0292 0.1536 0.0567 0.0214 0.0924 0.1183 0.3439 0.0664 0.0645 0.0538 
        D416  3 0.0840 0.0935 0.1396 0.0420 0.1042 0.0556 0.3616 0.0826 0.0239 0.0129 
        D417  3 0.2556 0.0595 0.0368 0.0231 0.1195 0.0390 0.0369 0.0223 0.2622 0.1449 
        D419  3 0.0486 0.0730 0.1171 0.0992 0.0909 0.0700 0.2788 0.0474 0.0383 0.1367 
        D565  3 0.0326 0.1326 0.0759 0.0243 0.0931 0.3165 0.1170 0.0337 0.1303 0.0442 
        D566  3 0.0560 0.1148 0.1564 0.0270 0.1277 0.1789 0.1007 0.0377 0.1860 0.0147 
        D567  3 0.1398 0.0994 0.0753 0.1484 0.0751 0.0254 0.0573 0.0391 0.2671 0.0732 
        D568  3 0.2980 0.0429 0.0918 0.1052 0.0708 0.0261 0.1190 0.0239 0.0378 0.1846 
        D569  3 0.0304 0.0406 0.1947 0.0889 0.0858 0.2955 0.0231 0.2057 0.0209 0.0144 
        D573  3 0.0837 0.1515 0.1194 0.0353 0.1966 0.0548 0.0552 0.0330 0.2601 0.0105 
        D574  3 0.1102 0.1432 0.0566 0.0470 0.1074 0.3113 0.0440 0.0990 0.0238 0.0576 
        D575  3 0.0125 0.0183 0.0101 0.0700 0.0136 0.0138 0.8233 0.0141 0.0068 0.0175 
        D576  3 0.0372 0.0495 0.2265 0.0595 0.0628 0.2662 0.1367 0.1452 0.0088 0.0076 
        D577  3 0.0724 0.1518 0.0241 0.2539 0.0700 0.0517 0.0687 0.0604 0.1040 0.1431 
        D578  3 0.0105 0.0147 0.0142 0.0101 0.0123 0.0123 0.0094 0.8935 0.0072 0.0158 
        D579  3 0.2032 0.0481 0.0844 0.0316 0.0660 0.0590 0.0964 0.0282 0.3571 0.0262 
        D660  3 0.0340 0.0721 0.3089 0.0909 0.1134 0.1464 0.0533 0.1487 0.0146 0.0178 
        D661  3 0.7691 0.0202 0.0754 0.0162 0.0217 0.0185 0.0168 0.0146 0.0117 0.0358 
        D663  3 0.0452 0.1663 0.1307 0.0290 0.2698 0.2302 0.0200 0.0786 0.0171 0.0132 
        D664  3 0.0239 0.0459 0.1533 0.1296 0.1000 0.1770 0.1350 0.1777 0.0114 0.0462 
        D665  3 0.0183 0.0277 0.0376 0.7122 0.0453 0.0538 0.0468 0.0338 0.0121 0.0124 
        D666  3 0.0118 0.0181 0.0231 0.0165 0.0194 0.0226 0.8217 0.0295 0.0164 0.0209 
        D502  6 0.0224 0.0980 0.1777 0.4645 0.0799 0.0774 0.0356 0.0244 0.0092 0.0109 
        D503  6 0.2123 0.0711 0.3096 0.0461 0.1401 0.0561 0.0554 0.0290 0.0388 0.0413 
        D504  6 0.2567 0.1181 0.1089 0.0235 0.1203 0.0690 0.0257 0.0474 0.1776 0.0528 
        D505  6 0.0407 0.1122 0.1493 0.0520 0.1398 0.2048 0.0418 0.1495 0.0944 0.0155 
        D506  6 0.0182 0.1648 0.0235 0.0121 0.0686 0.1601 0.0278 0.0660 0.4492 0.0098 
        D507  6 0.1092 0.1604 0.1018 0.0551 0.2555 0.1947 0.0359 0.0352 0.0265 0.0257 
        D508  6 0.2337 0.0834 0.2106 0.1513 0.0929 0.1008 0.0262 0.0476 0.0401 0.0135 
        D529  6 0.0541 0.1656 0.0465 0.0528 0.0801 0.0449 0.0446 0.3992 0.0703 0.0418 
        D530  6 0.0135 0.0912 0.2424 0.2770 0.0294 0.2369 0.0341 0.0396 0.0111 0.0249 
        D531  6 0.0861 0.0884 0.1049 0.0525 0.1258 0.1051 0.0722 0.0477 0.2877 0.0295 
        D532  6 0.0333 0.2700 0.1605 0.0185 0.1295 0.2057 0.0262 0.1031 0.0369 0.0162 
        D534  6 0.1320 0.0915 0.1149 0.0618 0.0978 0.0369 0.0165 0.0418 0.0341 0.3726 
        D535  6 0.0393 0.3189 0.0424 0.0423 0.1495 0.1592 0.0762 0.0929 0.0552 0.0241 
        D536  6 0.0644 0.1100 0.3652 0.0292 0.1309 0.1263 0.0187 0.1250 0.0190 0.0112 
        D554  6 0.0669 0.1563 0.1216 0.0548 0.1462 0.1668 0.0407 0.0997 0.1005 0.0464 
        D587  6 0.0627 0.1644 0.0714 0.0244 0.1249 0.1936 0.0472 0.0581 0.1767 0.0766 
        D588  6 0.0195 0.1975 0.1038 0.0221 0.3852 0.1458 0.0364 0.0497 0.0299 0.0100 
        D589  6 0.1009 0.1030 0.2753 0.0680 0.1749 0.1518 0.0319 0.0424 0.0292 0.0227 
        D590  6 0.0700 0.3898 0.0651 0.0164 0.1381 0.0748 0.0175 0.1131 0.0961 0.0192 
        D591  6 0.0761 0.0747 0.0853 0.0514 0.1702 0.0834 0.2475 0.0819 0.0539 0.0755 
        D592  6 0.0564 0.0666 0.0649 0.0788 0.1014 0.0419 0.0376 0.0392 0.1500 0.3633 
        D593  6 0.0117 0.0151 0.2052 0.4413 0.0164 0.2579 0.0234 0.0112 0.0081 0.0097 
        D682  6 0.0321 0.0628 0.0393 0.0113 0.0730 0.1908 0.0606 0.0333 0.4742 0.0225 
        D683  6 0.1157 0.0715 0.0605 0.2290 0.1636 0.0695 0.0280 0.0731 0.1615 0.0276 
        D684  6 0.1152 0.0810 0.1380 0.2112 0.1593 0.0809 0.0201 0.1226 0.0520 0.0197 
        D685  6 0.0501 0.1130 0.0783 0.1559 0.4015 0.0807 0.0415 0.0506 0.0143 0.0140 
        D686  6 0.0144 0.1862 0.3083 0.0144 0.0661 0.3168 0.0131 0.0541 0.0149 0.0117 
        D724  6 0.4115 0.1230 0.0693 0.1365 0.0890 0.0404 0.0240 0.0350 0.0423 0.0290 
        D725  6 0.0430 0.1031 0.1800 0.1855 0.1027 0.1575 0.0651 0.0394 0.0116 0.1122 
        D726  6 0.0635 0.0986 0.0242 0.0211 0.0666 0.2321 0.0724 0.0649 0.2946 0.0620 
        D727  6 0.0242 0.5262 0.0253 0.0202 0.0539 0.0382 0.0321 0.2418 0.0300 0.0080 
        D728  6 0.0232 0.1356 0.0877 0.0559 0.1210 0.3061 0.1508 0.0253 0.0615 0.0328 
        D729  6 0.0228 0.5575 0.0457 0.0188 0.0365 0.0528 0.0107 0.2252 0.0199 0.0100 
        D730  6 0.6178 0.0386 0.0741 0.0309 0.0694 0.0488 0.0287 0.0359 0.0340 0.0217 
        D731  6 0.0489 0.0575 0.2003 0.0193 0.0628 0.2903 0.1872 0.0856 0.0369 0.0113 
        D732  6 0.0888 0.1575 0.1052 0.2709 0.0997 0.1002 0.0489 0.0484 0.0446 0.0359 
        D733  6 0.2833 0.0251 0.0718 0.0601 0.0486 0.0850 0.0733 0.0792 0.0256 0.2480 
     D237251  7 0.7075 0.0363 0.0355 0.0106 0.0523 0.0190 0.0826 0.0302 0.0130 0.0131 
     D237252  7 0.1746 0.0313 0.3174 0.1928 0.0439 0.0402 0.0732 0.0461 0.0169 0.0637 
     D237253  7 0.1486 0.2168 0.0483 0.0174 0.2076 0.1013 0.0692 0.1175 0.0536 0.0196 
     D237254  7 0.0139 0.0142 0.0130 0.0147 0.0169 0.0103 0.0092 0.8781 0.0081 0.0216 
     D237255  7 0.2054 0.0778 0.0782 0.0205 0.1077 0.1097 0.1604 0.1816 0.0260 0.0327 
     D237256  7 0.0668 0.2070 0.0905 0.0506 0.3060 0.1407 0.0497 0.0649 0.0134 0.0103 
     D237257  7 0.0430 0.1392 0.0742 0.0613 0.2306 0.0957 0.0171 0.2968 0.0255 0.0166 
     D237282  7 0.0660 0.1267 0.0940 0.0243 0.1177 0.0638 0.0315 0.1746 0.1602 0.1411 
     D237283  7 0.0208 0.0147 0.0510 0.7892 0.0277 0.0241 0.0371 0.0123 0.0077 0.0152 
     D237284  7 0.0574 0.0482 0.0404 0.0415 0.0789 0.0339 0.0242 0.6062 0.0396 0.0296 
     D237285  7 0.0318 0.1574 0.1667 0.1912 0.0569 0.2771 0.0213 0.0630 0.0117 0.0229 
     D237286  7 0.0407 0.2230 0.1345 0.0187 0.2151 0.1729 0.0342 0.0691 0.0662 0.0256 
     D237287  7 0.0874 0.1699 0.0443 0.0275 0.2001 0.0532 0.3300 0.0358 0.0360 0.0159 
     D244006  7 0.0223 0.0148 0.0148 0.0167 0.0153 0.0163 0.0102 0.8572 0.0143 0.0180 
     D244007  7 0.1143 0.2871 0.0325 0.0124 0.0739 0.1260 0.0158 0.1703 0.0198 0.1479 
     D244008  7 0.0127 0.0149 0.0182 0.7792 0.0249 0.0201 0.0835 0.0123 0.0112 0.0229 
     D244009  7 0.1351 0.0280 0.0374 0.0987 0.0380 0.0216 0.0349 0.0272 0.0312 0.5478 
     D244010  7 0.0117 0.0432 0.0968 0.6464 0.0412 0.0464 0.0291 0.0397 0.0358 0.0097 
     D244011  7 0.1510 0.0943 0.0704 0.0681 0.1753 0.3172 0.0265 0.0604 0.0190 0.0177 
     D244012  7 0.0221 0.0521 0.2598 0.4179 0.0695 0.0653 0.0294 0.0357 0.0399 0.0082 
     D244013  7 0.2112 0.0626 0.1188 0.0528 0.0484 0.3170 0.0304 0.1006 0.0289 0.0293 
     D244014  7 0.1612 0.1040 0.0946 0.0558 0.1350 0.1695 0.1768 0.0374 0.0128 0.0530 
     D244015  7 0.0261 0.1095 0.1823 0.0569 0.2019 0.0818 0.1787 0.0606 0.0357 0.0665 
     D244125  7 0.0742 0.1403 0.1881 0.0222 0.1458 0.1635 0.1216 0.0302 0.0667 0.0475 
     D244126  7 0.0161 0.0124 0.0145 0.8776 0.0151 0.0118 0.0109 0.0100 0.0197 0.0119 
     D244130  7 0.0176 0.0679 0.5043 0.0340 0.1210 0.1901 0.0151 0.0171 0.0195 0.0134 
     D244131  7 0.3038 0.0352 0.0668 0.0349 0.0670 0.2473 0.0154 0.0461 0.1102 0.0733 
     D244132  7 0.1578 0.1819 0.0975 0.0215 0.1738 0.1007 0.0895 0.0215 0.0285 0.1274 
        D520  7 0.0291 0.1009 0.0803 0.4436 0.1205 0.0800 0.0542 0.0506 0.0193 0.0214 
        D521  7 0.0436 0.0755 0.2665 0.0958 0.0696 0.2162 0.0349 0.1237 0.0368 0.0374 
        D522  7 0.1285 0.0181 0.0245 0.0153 0.0357 0.0402 0.0388 0.0167 0.0139 0.6682 
        D523  7 0.6796 0.0711 0.0563 0.0174 0.0472 0.0440 0.0274 0.0146 0.0185 0.0238 
        D524  7 0.5176 0.0490 0.0516 0.0354 0.0882 0.0596 0.0584 0.0838 0.0211 0.0352 
        D525  7 0.0564 0.0739 0.1914 0.0840 0.1766 0.1112 0.0173 0.0707 0.1454 0.0731 
        D526  7 0.0224 0.0432 0.0240 0.0434 0.0429 0.0268 0.0694 0.6326 0.0276 0.0677 
        D527  7 0.6360 0.0251 0.0486 0.0256 0.0542 0.0398 0.0466 0.0188 0.0909 0.0143 
        D528  7 0.0106 0.0346 0.0128 0.0378 0.8445 0.0141 0.0080 0.0185 0.0107 0.0086 
        D558  7 0.0715 0.0370 0.2348 0.0563 0.0505 0.2443 0.0219 0.1117 0.0484 0.1238 
        D559  7 0.5894 0.0319 0.1529 0.0215 0.0444 0.0537 0.0181 0.0369 0.0295 0.0217 
        D640  7 0.0776 0.1764 0.1238 0.0294 0.1290 0.1339 0.2619 0.0255 0.0189 0.0236 
        D641  7 0.0269 0.0651 0.1098 0.1632 0.0831 0.2203 0.2172 0.0838 0.0129 0.0177 
        D642  7 0.0253 0.0975 0.2856 0.0230 0.0746 0.2770 0.0140 0.0898 0.0175 0.0957 
        D644  7 0.1338 0.0880 0.0744 0.2459 0.1386 0.1084 0.0660 0.0725 0.0295 0.0429 
        D645  7 0.1638 0.0664 0.0738 0.0351 0.0785 0.0336 0.4398 0.0339 0.0501 0.0250 
        D662  7 0.0657 0.1643 0.2310 0.0123 0.1151 0.1247 0.0379 0.0273 0.0992 0.1224 
        D687  7 0.4485 0.0520 0.0925 0.0549 0.1009 0.1008 0.0412 0.0270 0.0437 0.0385 
        D688  7 0.0613 0.1412 0.2628 0.1442 0.0978 0.0957 0.0155 0.1359 0.0322 0.0134 
        D689  7 0.0173 0.0105 0.0136 0.0166 0.0108 0.0125 0.8781 0.0096 0.0196 0.0115 
        D700  7 0.0122 0.0375 0.0114 0.0104 0.8677 0.0165 0.0080 0.0180 0.0099 0.0083 
        D797  7 0.3460 0.0815 0.0679 0.0350 0.0815 0.0926 0.0639 0.0297 0.1460 0.0559 
        D798  7 0.0176 0.1357 0.2513 0.0562 0.1029 0.1074 0.2736 0.0155 0.0139 0.0259 
        D799  7 0.6328 0.0305 0.0530 0.0386 0.0943 0.0408 0.0277 0.0515 0.0207 0.0100 
        D800  7 0.1640 0.0738 0.0672 0.0208 0.1083 0.0427 0.0330 0.0444 0.4182 0.0275 
        D201  9 0.6620 0.0579 0.0629 0.0254 0.0318 0.0163 0.0242 0.0287 0.0241 0.0668 
        D202  9 0.0908 0.0311 0.2218 0.2304 0.0808 0.2810 0.0147 0.0273 0.0156 0.0065 
     D237259  9 0.0191 0.1221 0.0878 0.0540 0.5464 0.0620 0.0645 0.0191 0.0167 0.0082 
     D237260  9 0.1374 0.1019 0.2093 0.0411 0.1577 0.0693 0.0252 0.2219 0.0262 0.0100 
     D237262  9 0.0149 0.0182 0.0289 0.6548 0.0395 0.0228 0.0152 0.1409 0.0302 0.0346 
     D237263  9 0.3110 0.0318 0.1154 0.2258 0.0650 0.0405 0.0169 0.0585 0.1110 0.0239 
     D237264  9 0.0566 0.0634 0.2881 0.0833 0.1808 0.0907 0.0217 0.1116 0.0766 0.0272 
     D237265  9 0.1288 0.0242 0.4676 0.2067 0.0505 0.0464 0.0175 0.0169 0.0272 0.0142 
     D237266  9 0.0262 0.1655 0.2830 0.0449 0.1153 0.1297 0.1633 0.0372 0.0251 0.0098 
     D237267  9 0.0168 0.0587 0.0548 0.1217 0.2291 0.1722 0.0630 0.2385 0.0380 0.0070 
     D237268  9 0.0266 0.0256 0.0209 0.8079 0.0272 0.0182 0.0126 0.0190 0.0241 0.0178 
     D237289  9 0.1026 0.0211 0.4257 0.1803 0.0652 0.0724 0.0443 0.0200 0.0432 0.0252 
     D237290  9 0.1262 0.0243 0.4327 0.1525 0.0578 0.0629 0.0649 0.0218 0.0422 0.0146 
     D237291  9 0.4004 0.1375 0.1437 0.0102 0.1187 0.0723 0.0241 0.0719 0.0113 0.0099 
     D237292  9 0.0748 0.1480 0.4068 0.0968 0.1202 0.0270 0.0102 0.0764 0.0168 0.0230 
     D237293  9 0.0279 0.0312 0.2469 0.2413 0.0615 0.1109 0.1847 0.0588 0.0158 0.0211 
     D237294  9 0.5151 0.0600 0.0811 0.0258 0.0927 0.0516 0.0174 0.0854 0.0275 0.0434 
     D237295  9 0.0501 0.0674 0.0660 0.1402 0.0647 0.0957 0.0952 0.0573 0.2869 0.0766 
     D237296  9 0.1393 0.1274 0.0602 0.0203 0.2755 0.0857 0.0790 0.0995 0.0386 0.0746 
     D237297  9 0.0394 0.1392 0.2806 0.0450 0.1594 0.2157 0.0389 0.0404 0.0223 0.0190 
     D237298  9 0.3685 0.0437 0.0564 0.1450 0.0899 0.0831 0.0617 0.0426 0.0465 0.0625 
     D237341  9 0.2096 0.0496 0.2195 0.0417 0.1749 0.0962 0.0539 0.0513 0.0482 0.0552 
     D237342  9 0.0212 0.0225 0.0366 0.7409 0.0382 0.0535 0.0164 0.0266 0.0352 0.0090 
     D237343  9 0.1256 0.1512 0.1027 0.0392 0.1807 0.0800 0.0458 0.2211 0.0339 0.0197 
     D237344  9 0.0220 0.0795 0.1683 0.0459 0.0762 0.3947 0.1084 0.0578 0.0280 0.0193 
     D237345  9 0.0539 0.0232 0.1018 0.3754 0.0593 0.0304 0.0150 0.0618 0.0230 0.2563 
     D237346  9 0.1076 0.0830 0.1164 0.0749 0.3537 0.0979 0.0543 0.0264 0.0236 0.0622 
     D237347  9 0.1453 0.0715 0.0700 0.0317 0.1158 0.3814 0.0470 0.0767 0.0396 0.0209 
     D237348  9 0.0281 0.0536 0.1939 0.2562 0.0392 0.2465 0.0687 0.0522 0.0248 0.0368 
     D237349  9 0.2324 0.1644 0.2253 0.0121 0.0861 0.0867 0.0197 0.0337 0.0578 0.0818 
     D244109  9 0.0465 0.0350 0.1559 0.0326 0.0434 0.0471 0.0169 0.5778 0.0265 0.0183 
     D244110  9 0.1093 0.0685 0.1732 0.0465 0.1083 0.0532 0.0640 0.3087 0.0314 0.0368 
     D244111  9 0.1616 0.0350 0.2621 0.0547 0.0816 0.2519 0.0440 0.0579 0.0301 0.0209 
     D244128  9 0.0323 0.0248 0.0309 0.7596 0.0360 0.0328 0.0117 0.0335 0.0259 0.0126 
     D244137  9 0.1827 0.0576 0.0442 0.0334 0.0590 0.1287 0.0237 0.0495 0.3367 0.0845 
     D244138  9 0.2020 0.0893 0.2589 0.0575 0.1464 0.1352 0.0182 0.0277 0.0331 0.0317 
        D580  9 0.0350 0.0963 0.0642 0.2554 0.0831 0.0887 0.0403 0.0300 0.0125 0.2943 
        D581  9 0.1420 0.0132 0.5402 0.1707 0.0395 0.0291 0.0180 0.0147 0.0131 0.0194 
        D582  9 0.0144 0.0138 0.0131 0.8657 0.0113 0.0147 0.0112 0.0229 0.0135 0.0193 
        D583  9 0.4264 0.0604 0.1885 0.0313 0.1162 0.0482 0.0474 0.0384 0.0176 0.0257 
        D584  9 0.0163 0.0585 0.3399 0.0889 0.0571 0.3098 0.0303 0.0325 0.0218 0.0450 
        D585  9 0.0290 0.0367 0.0483 0.6896 0.0500 0.0325 0.0263 0.0232 0.0440 0.0203 
        D586  9 0.1122 0.1390 0.1559 0.0208 0.1897 0.2520 0.0432 0.0411 0.0306 0.0154 
        D651  9 0.0172 0.0277 0.0156 0.0400 0.0320 0.0239 0.6193 0.0335 0.0259 0.1649 
        D652  9 0.3895 0.0684 0.2006 0.0253 0.0668 0.0616 0.0164 0.0288 0.1083 0.0342 
        D653  9 0.0767 0.1024 0.1039 0.1032 0.2336 0.1604 0.1219 0.0456 0.0207 0.0317 
        D654  9 0.0640 0.1197 0.1943 0.0454 0.2202 0.1480 0.0608 0.0558 0.0418 0.0501 
        D655  9 0.0539 0.1075 0.1273 0.0500 0.2261 0.0719 0.2653 0.0345 0.0478 0.0156 
        D656  9 0.0129 0.4723 0.0229 0.0651 0.0420 0.0257 0.0143 0.3035 0.0126 0.0288 
        D657  9 0.0559 0.0685 0.2635 0.0457 0.0787 0.1618 0.0247 0.2322 0.0146 0.0545 
        D667  9 0.0112 0.0183 0.0129 0.0164 0.0161 0.0182 0.8561 0.0290 0.0119 0.0099 
        D668  9 0.0341 0.0685 0.0909 0.1731 0.1402 0.0671 0.3030 0.0178 0.0121 0.0932 
        D669  9 0.2351 0.0256 0.3942 0.1510 0.0608 0.0299 0.0259 0.0174 0.0181 0.0419 
        D670  9 0.0150 0.3189 0.0258 0.0236 0.1306 0.0339 0.3520 0.0657 0.0152 0.0194 
        D671  9 0.1793 0.0542 0.4141 0.0376 0.0671 0.0832 0.0126 0.0297 0.0489 0.0733 
        D672  9 0.1382 0.0446 0.0468 0.3728 0.0908 0.0305 0.0790 0.0218 0.0548 0.1205 
        D673  9 0.0570 0.0262 0.0258 0.0712 0.0966 0.0550 0.4909 0.0208 0.0185 0.1379 
        D692  9 0.0146 0.4893 0.0508 0.1466 0.0429 0.0298 0.0169 0.1776 0.0175 0.0140 
        D693  9 0.0342 0.0542 0.0492 0.0474 0.0414 0.0632 0.6059 0.0355 0.0177 0.0512 
        D694  9 0.0445 0.0870 0.1117 0.2053 0.1503 0.0463 0.0137 0.3027 0.0163 0.0222 
        D695  9 0.0641 0.0942 0.0736 0.1452 0.1056 0.0581 0.1671 0.0254 0.1173 0.1494 
        D696  9 0.0233 0.0535 0.0856 0.0195 0.0398 0.5028 0.0503 0.0519 0.1287 0.0447 
        D697  9 0.0230 0.0149 0.0182 0.0120 0.0163 0.0181 0.8346 0.0142 0.0188 0.0298 
        D698  9 0.0324 0.0758 0.1442 0.1214 0.1450 0.2831 0.0959 0.0332 0.0352 0.0338 
        D699  9 0.0194 0.0311 0.1298 0.0875 0.0334 0.1788 0.4485 0.0304 0.0110 0.0300 
        D787  9 0.2043 0.1079 0.1953 0.0390 0.1215 0.0976 0.0897 0.0355 0.0928 0.0163 
        D788  9 0.0283 0.0402 0.0799 0.1909 0.0454 0.1713 0.3957 0.0172 0.0127 0.0185 
        D789  9 0.0286 0.0516 0.1641 0.2059 0.1010 0.2090 0.0495 0.1396 0.0291 0.0216 
        D790  9 0.0402 0.0779 0.0833 0.0225 0.0960 0.0394 0.5529 0.0279 0.0167 0.0431 
        D791  9 0.1643 0.0242 0.3333 0.2102 0.0524 0.1018 0.0214 0.0639 0.0177 0.0110 
        D792  9 0.0856 0.1264 0.0893 0.0127 0.1240 0.0589 0.0893 0.2719 0.1047 0.0371 
        D793  9 0.0133 0.0549 0.0129 0.0116 0.0200 0.0244 0.8063 0.0149 0.0287 0.0130 
        D794  9 0.0439 0.0846 0.0725 0.0284 0.0828 0.1085 0.3410 0.1450 0.0505 0.0427 
        D795  9 0.0361 0.0210 0.0367 0.7018 0.0417 0.0731 0.0280 0.0155 0.0344 0.0117 
        D796  9 0.0345 0.0216 0.0322 0.0646 0.0218 0.0210 0.7659 0.0125 0.0127 0.0132 
        D005 12 0.0159 0.0346 0.0243 0.0204 0.0416 0.0288 0.0114 0.7998 0.0102 0.0131 
        D035 12 0.0146 0.0151 0.0103 0.0101 0.0149 0.0142 0.8861 0.0102 0.0139 0.0105 
        D067 12 0.0734 0.1456 0.0462 0.0739 0.1492 0.0676 0.3569 0.0345 0.0346 0.0181 
        D134 12 0.0654 0.1731 0.0811 0.1095 0.3024 0.1029 0.0255 0.1026 0.0248 0.0128 
        D135 12 0.0379 0.0927 0.0817 0.0409 0.5033 0.1128 0.0414 0.0397 0.0191 0.0306 
        D136 12 0.0305 0.1293 0.0710 0.0296 0.1861 0.0569 0.0881 0.1117 0.1982 0.0986 
        D137 12 0.0671 0.0852 0.1583 0.0838 0.1091 0.0472 0.3863 0.0232 0.0136 0.0260 
        D138 12 0.1641 0.1635 0.0850 0.0259 0.1380 0.0812 0.1869 0.0524 0.0541 0.0490 
        D139 12 0.2022 0.1387 0.1752 0.0579 0.1193 0.1457 0.0297 0.0777 0.0297 0.0239 
        D140 12 0.0135 0.0313 0.0274 0.0156 0.0293 0.0383 0.7721 0.0232 0.0233 0.0260 
        D141 12 0.0219 0.0223 0.0363 0.4156 0.0303 0.0172 0.1338 0.0273 0.0094 0.2859 
        D150 12 0.0209 0.0634 0.4604 0.0245 0.1217 0.1945 0.0180 0.0664 0.0200 0.0101 
        D177 12 0.0224 0.3718 0.0642 0.0717 0.1981 0.0950 0.0595 0.0772 0.0311 0.0092 
        D178 12 0.0660 0.0514 0.0612 0.0150 0.1272 0.0674 0.0219 0.1087 0.3642 0.1170 
        D179 12 0.0667 0.1784 0.0701 0.0217 0.2282 0.1049 0.0848 0.1366 0.0445 0.0641 
        D180 12 0.0277 0.0747 0.0367 0.2091 0.0783 0.0249 0.4042 0.1125 0.0162 0.0157 
        D187 12 0.0361 0.0195 0.0242 0.0276 0.0336 0.0305 0.7820 0.0160 0.0180 0.0126 
        D188 12 0.0359 0.1331 0.0490 0.2682 0.0726 0.0296 0.0151 0.2445 0.0133 0.1387 
        D191 12 0.3917 0.0200 0.0589 0.0348 0.0511 0.0314 0.1191 0.0562 0.0191 0.2178 
        D418 12 0.2267 0.0516 0.0640 0.0556 0.1239 0.0351 0.0715 0.0368 0.0183 0.3164 
        D601 12 0.0210 0.0510 0.0313 0.4358 0.0658 0.0242 0.0298 0.3089 0.0193 0.0128 
        D836 12 0.0214 0.0210 0.0166 0.5925 0.0221 0.0206 0.2267 0.0519 0.0106 0.0165 
        D837 12 0.3208 0.0343 0.1706 0.0318 0.0558 0.0956 0.0271 0.0196 0.1953 0.0492 
        D838 12 0.0807 0.0454 0.0318 0.0136 0.0398 0.0423 0.6989 0.0136 0.0209 0.0130 
        D839 12 0.2268 0.0904 0.3237 0.0819 0.0790 0.0550 0.0278 0.0413 0.0302 0.0440 
        D840 12 0.2230 0.0594 0.0345 0.0275 0.0961 0.2549 0.0880 0.0462 0.0243 0.1460 
        D841 12 0.0181 0.0119 0.0120 0.0105 0.0126 0.0113 0.8938 0.0094 0.0098 0.0105 
        D842 12 0.1053 0.0192 0.4707 0.0316 0.0479 0.1070 0.0096 0.0376 0.0135 0.1575 
        D843 12 0.0549 0.1745 0.0615 0.1203 0.1822 0.0785 0.1901 0.0702 0.0526 0.0152 
        D844 12 0.6968 0.0321 0.0630 0.0202 0.0405 0.0125 0.0099 0.0419 0.0331 0.0498 
        D912 12 0.2913 0.0626 0.0492 0.0120 0.0412 0.2900 0.0219 0.0418 0.0764 0.1135 
        D913 12 0.1414 0.1765 0.0917 0.0143 0.2568 0.0742 0.1124 0.0715 0.0429 0.0183 
        D914 12 0.2681 0.0819 0.0672 0.0221 0.0768 0.3492 0.0370 0.0627 0.0204 0.0147 
        D922 12 0.0205 0.0190 0.0169 0.0628 0.0214 0.0184 0.7835 0.0156 0.0179 0.0240 
        D939 12 0.0365 0.0251 0.0259 0.5984 0.0269 0.0342 0.1529 0.0469 0.0123 0.0409 
        D944 12 0.0794 0.1762 0.1036 0.0103 0.3918 0.0578 0.0459 0.0635 0.0235 0.0479 
        D945 12 0.1058 0.1671 0.0812 0.1361 0.2125 0.1017 0.0851 0.0566 0.0308 0.0232 
        D985 12 0.0152 0.0620 0.0965 0.0456 0.0773 0.1913 0.1117 0.2676 0.0353 0.0975 
        D986 12 0.3272 0.0310 0.0661 0.0563 0.2023 0.1735 0.0123 0.0676 0.0445 0.0191 
        D987 12 0.3100 0.0735 0.0706 0.0167 0.0637 0.2419 0.0189 0.1009 0.0431 0.0607 
        D988 12 0.1140 0.0924 0.0768 0.0653 0.1149 0.3543 0.0207 0.1195 0.0259 0.0161 
        D996 12 0.1337 0.1193 0.0625 0.0162 0.0831 0.3137 0.1420 0.0925 0.0211 0.0161 
        D997 12 0.0452 0.0404 0.0584 0.4913 0.0869 0.0754 0.0831 0.0739 0.0271 0.0184 
        D998 12 0.0389 0.1018 0.0933 0.0321 0.4673 0.0740 0.1081 0.0341 0.0367 0.0136 
        D999 12 0.2776 0.0461 0.3735 0.0459 0.0706 0.0701 0.0251 0.0268 0.0181 0.0463 
