        D174  1 0.0670 0.4296 0.0439 0.1624 0.0555 0.0735 0.0894 0.0787 
        D199  1 0.2135 0.1166 0.0779 0.1267 0.0692 0.0388 0.2544 0.1029 
        D203  1 0.2020 0.1330 0.0392 0.0705 0.1100 0.0933 0.1913 0.1607 
        D204  1 0.0350 0.6962 0.0247 0.0349 0.0541 0.0926 0.0344 0.0281 
     D237366  1 0.3503 0.0341 0.0419 0.0418 0.1601 0.1050 0.0959 0.1708 
     D237367  1 0.2088 0.0343 0.0689 0.0514 0.1056 0.1071 0.1473 0.2766 
     D237368  1 0.1612 0.2790 0.0564 0.0549 0.0362 0.2045 0.0831 0.1247 
     D244101  1 0.0820 0.0498 0.0307 0.0570 0.5001 0.1001 0.1565 0.0238 
     D244102  1 0.0881 0.0974 0.0489 0.1338 0.2954 0.0931 0.1547 0.0887 
     D244103  1 0.5219 0.0490 0.0430 0.0569 0.0424 0.0502 0.1460 0.0905 
     D244104  1 0.0899 0.2141 0.4842 0.0197 0.0519 0.0610 0.0451 0.0340 
     D244105  1 0.1226 0.0204 0.1931 0.0272 0.0611 0.2850 0.2420 0.0486 
     D244106  1 0.0322 0.6360 0.0183 0.0284 0.2019 0.0243 0.0416 0.0173 
     D244107  1 0.2841 0.0172 0.0514 0.0720 0.0234 0.0325 0.1707 0.3488 
     D244108  1 0.0398 0.0879 0.0397 0.1916 0.0373 0.5086 0.0625 0.0327 
     D244113  1 0.0766 0.1668 0.0960 0.3644 0.0388 0.0562 0.1620 0.0391 
     D244114  1 0.3372 0.0552 0.0517 0.0356 0.1877 0.0408 0.2680 0.0237 
     D244115  1 0.0387 0.5224 0.0276 0.0401 0.1419 0.0473 0.1504 0.0316 
     D267365  1 0.1277 0.1195 0.0440 0.0571 0.4270 0.0426 0.1165 0.0658 
        D404  1 0.0290 0.5492 0.0281 0.2532 0.0263 0.0257 0.0605 0.0281 
        D405  1 0.0666 0.2272 0.0518 0.3436 0.1512 0.0207 0.0750 0.0639 
        D406  1 0.0095 0.0097 0.0081 0.0084 0.0111 0.9332 0.0099 0.0100 
        D407  1 0.6039 0.2131 0.0239 0.0351 0.0185 0.0287 0.0543 0.0224 
        D408  1 0.1049 0.4817 0.1085 0.1142 0.0604 0.0199 0.0757 0.0348 
        D409  1 0.3498 0.0531 0.0510 0.0743 0.0986 0.0672 0.2724 0.0335 
        D410  1 0.1195 0.0665 0.0501 0.3548 0.0478 0.1189 0.2138 0.0286 
        D421  1 0.4419 0.4046 0.0349 0.0172 0.0376 0.0130 0.0341 0.0167 
        D422  1 0.5524 0.0312 0.0201 0.0456 0.0412 0.1008 0.1627 0.0461 
        D423  1 0.5513 0.0181 0.0293 0.1045 0.0239 0.0727 0.1449 0.0553 
        D424  1 0.0656 0.7007 0.0252 0.0246 0.0355 0.0337 0.0987 0.0159 
        D425  1 0.1279 0.0737 0.1553 0.0537 0.1532 0.0336 0.3632 0.0393 
        D426  1 0.5229 0.0328 0.0574 0.0361 0.0414 0.0205 0.2727 0.0164 
        D427  1 0.2527 0.3798 0.1491 0.0328 0.0327 0.0113 0.1263 0.0152 
        D428  1 0.1287 0.4550 0.0466 0.0703 0.0667 0.0821 0.1093 0.0414 
        D429  1 0.0247 0.7641 0.0129 0.0196 0.1136 0.0276 0.0255 0.0121 
        D430  1 0.1131 0.4838 0.0639 0.0478 0.0916 0.0164 0.1446 0.0387 
        D491  1 0.1344 0.4235 0.0952 0.0267 0.0363 0.1550 0.0903 0.0387 
        D492  1 0.1596 0.5621 0.0177 0.0366 0.0457 0.0995 0.0585 0.0204 
        D537  1 0.2500 0.0751 0.0477 0.0562 0.0250 0.4160 0.0992 0.0307 
        D538  1 0.1026 0.1774 0.0451 0.1779 0.0295 0.1480 0.1193 0.2003 
        D539  1 0.0507 0.1245 0.0865 0.0862 0.2236 0.2409 0.1295 0.0581 
        D540  1 0.3196 0.0341 0.2101 0.1166 0.0594 0.0226 0.1885 0.0492 
        D541  1 0.0547 0.8257 0.0169 0.0173 0.0241 0.0173 0.0225 0.0215 
        D551  1 0.3890 0.0220 0.0260 0.0237 0.0453 0.0355 0.4392 0.0192 
        D552  1 0.0222 0.0584 0.0485 0.0182 0.2148 0.5869 0.0298 0.0211 
        D553  1 0.2584 0.2401 0.1106 0.0222 0.1370 0.0215 0.1389 0.0713 
        D615  1 0.0341 0.5489 0.0491 0.0556 0.1257 0.0428 0.0826 0.0613 
        D616  1 0.1677 0.3125 0.0404 0.0776 0.0898 0.0697 0.1935 0.0489 
        D621  1 0.0255 0.0336 0.0389 0.0351 0.0270 0.7831 0.0305 0.0263 
        D622  1 0.0238 0.0236 0.0264 0.0201 0.0283 0.8247 0.0296 0.0236 
        D623  1 0.0500 0.0925 0.0297 0.5997 0.0400 0.0501 0.1130 0.0251 
        D624  1 0.0647 0.5827 0.0820 0.0641 0.0275 0.0269 0.1313 0.0208 
        D625  1 0.0295 0.5449 0.0180 0.0276 0.0351 0.1424 0.0646 0.1378 
        D626  1 0.0754 0.0728 0.6360 0.0236 0.0291 0.0472 0.0552 0.0608 
        D627  1 0.3495 0.0781 0.0267 0.0394 0.0682 0.0532 0.3320 0.0529 
        D690  1 0.0170 0.8823 0.0180 0.0115 0.0179 0.0171 0.0158 0.0204 
        D691  1 0.0246 0.0211 0.0187 0.0147 0.0225 0.8556 0.0227 0.0202 
        D710  1 0.2886 0.1403 0.1271 0.0498 0.0538 0.0434 0.1399 0.1570 
        D711  1 0.0224 0.8192 0.0112 0.0318 0.0430 0.0285 0.0227 0.0212 
        D712  1 0.1320 0.0884 0.2202 0.0750 0.1515 0.1577 0.0864 0.0887 
        D713  1 0.2440 0.1128 0.0237 0.1047 0.0546 0.2529 0.1783 0.0290 
        D746  1 0.0324 0.0501 0.0285 0.0139 0.0313 0.8012 0.0233 0.0194 
        D747  1 0.0272 0.8637 0.0151 0.0212 0.0256 0.0141 0.0180 0.0151 
        D748  1 0.0334 0.0525 0.0256 0.0217 0.0238 0.7927 0.0292 0.0212 
        D749  1 0.1682 0.0500 0.0291 0.0835 0.0766 0.1821 0.3799 0.0308 
        D750  1 0.0135 0.8887 0.0148 0.0142 0.0214 0.0197 0.0156 0.0122 
        D763  1 0.1096 0.0292 0.2358 0.0528 0.1174 0.2252 0.1763 0.0537 
        D764  1 0.0121 0.9114 0.0132 0.0107 0.0128 0.0151 0.0131 0.0116 
        D765  1 0.1610 0.0301 0.1659 0.1264 0.1151 0.0708 0.2798 0.0508 
        D766  1 0.0273 0.0183 0.0411 0.0151 0.0208 0.8324 0.0202 0.0247 
        D767  1 0.0792 0.0761 0.0311 0.1063 0.1071 0.1604 0.1470 0.2928 
        D768  1 0.3701 0.1448 0.0664 0.0428 0.0925 0.0831 0.1657 0.0347 
        D811  1 0.0618 0.0511 0.5975 0.1095 0.0256 0.0215 0.0901 0.0429 
        D816  1 0.0307 0.5262 0.0132 0.0160 0.3426 0.0258 0.0276 0.0179 
        D825  1 0.0675 0.2903 0.0658 0.0559 0.2282 0.0634 0.1128 0.1161 
        D866  1 0.0390 0.0791 0.1069 0.3984 0.1544 0.0295 0.1164 0.0763 
        D867  1 0.4438 0.0209 0.0220 0.0425 0.0392 0.1023 0.1854 0.1439 
        D871  1 0.2766 0.2784 0.0227 0.0619 0.0394 0.0654 0.1927 0.0628 
        D872  1 0.0232 0.0220 0.0272 0.0421 0.0227 0.7777 0.0416 0.0435 
        D873  1 0.0796 0.0170 0.0125 0.7649 0.0177 0.0149 0.0649 0.0286 
        D874  1 0.0412 0.2003 0.0314 0.0418 0.5346 0.0612 0.0703 0.0191 
        D875  1 0.3266 0.0381 0.0110 0.0524 0.0355 0.3624 0.1548 0.0192 
        D876  1 0.0253 0.0712 0.0644 0.0146 0.0736 0.6862 0.0411 0.0237 
        D877  1 0.0390 0.4391 0.0231 0.2966 0.0513 0.0251 0.1017 0.0240 
        D892  1 0.0612 0.1141 0.0182 0.0158 0.0499 0.6614 0.0434 0.0360 
        D893  1 0.1088 0.0802 0.0559 0.0600 0.3491 0.1555 0.1271 0.0636 
        D894  1 0.0144 0.8994 0.0093 0.0151 0.0178 0.0134 0.0184 0.0122 
        D915  1 0.1111 0.0554 0.0352 0.0694 0.1521 0.3755 0.0904 0.1108 
        D916  1 0.0102 0.9280 0.0085 0.0088 0.0118 0.0129 0.0097 0.0101 
        D917  1 0.1346 0.0893 0.0588 0.1507 0.0428 0.0184 0.1571 0.3484 
        D925  1 0.0731 0.1861 0.0431 0.2054 0.1116 0.1096 0.1657 0.1054 
        D926  1 0.0428 0.3394 0.0200 0.0164 0.4120 0.0362 0.0941 0.0391 
        D927  1 0.1121 0.0684 0.0371 0.0386 0.4599 0.0624 0.1306 0.0911 
        D928  1 0.0580 0.7167 0.0558 0.0385 0.0311 0.0314 0.0525 0.0159 
        D929  1 0.0724 0.0659 0.0312 0.0840 0.0813 0.0671 0.0640 0.5341 
        D936  1 0.0391 0.2428 0.0156 0.0231 0.5707 0.0258 0.0439 0.0389 
        D938  1 0.0144 0.0110 0.0194 0.0113 0.0108 0.9093 0.0142 0.0098 
        D956  1 0.0172 0.8463 0.0195 0.0397 0.0269 0.0119 0.0225 0.0160 
        D957  1 0.0234 0.0316 0.0200 0.0502 0.0218 0.7782 0.0335 0.0412 
        D958  1 0.0107 0.0287 0.0157 0.0100 0.0150 0.8953 0.0126 0.0121 
        D959  1 0.7316 0.1302 0.0195 0.0252 0.0149 0.0163 0.0465 0.0158 
        D960  1 0.0564 0.0269 0.0116 0.1592 0.0291 0.6203 0.0766 0.0200 
        D989  1 0.1266 0.2092 0.2619 0.0342 0.1244 0.0486 0.1634 0.0317 
        D990  1 0.0586 0.0170 0.0269 0.2599 0.0808 0.0717 0.3321 0.1529 
        D211  3 0.0263 0.0210 0.0240 0.0134 0.0180 0.0160 0.0193 0.8621 
     D229639  3 0.1002 0.0989 0.2863 0.0625 0.1014 0.0231 0.2008 0.1268 
     D237212  3 0.1162 0.1032 0.0982 0.1958 0.0891 0.0237 0.1338 0.2400 
     D237213  3 0.0318 0.0147 0.2328 0.2505 0.0770 0.0427 0.0744 0.2762 
     D237214  3 0.5415 0.0205 0.0102 0.0174 0.0189 0.0229 0.0324 0.3362 
     D237215  3 0.0263 0.0136 0.0469 0.8150 0.0198 0.0117 0.0517 0.0150 
     D237216  3 0.0962 0.0303 0.1177 0.0698 0.1064 0.0238 0.4582 0.0976 
     D237217  3 0.0990 0.0139 0.0666 0.0218 0.0767 0.0580 0.1810 0.4829 
     D237218  3 0.0251 0.0287 0.0305 0.0159 0.7668 0.0559 0.0423 0.0347 
     D237219  3 0.0202 0.0168 0.6624 0.0232 0.0300 0.0704 0.0417 0.1354 
     D237382  3 0.0379 0.1314 0.0887 0.3737 0.0249 0.1682 0.0720 0.1031 
     D244127  3 0.0588 0.0143 0.1513 0.5038 0.0471 0.0436 0.0919 0.0891 
     D244129  3 0.1064 0.1163 0.0976 0.0902 0.0505 0.0932 0.1311 0.3147 
     D244133  3 0.0298 0.0455 0.7419 0.0413 0.0272 0.0323 0.0611 0.0210 
     D244134  3 0.0230 0.0199 0.5739 0.0283 0.0555 0.0970 0.0515 0.1509 
     D244135  3 0.3734 0.0192 0.0240 0.0251 0.0237 0.0273 0.0536 0.4537 
     D244136  3 0.1413 0.1459 0.3625 0.0998 0.0286 0.0809 0.1132 0.0278 
        D416  3 0.1382 0.0241 0.5216 0.0615 0.0914 0.0153 0.0964 0.0514 
        D417  3 0.0482 0.2363 0.0530 0.0295 0.1497 0.2742 0.1777 0.0315 
        D419  3 0.0436 0.0330 0.4147 0.0521 0.0629 0.1621 0.0963 0.1354 
        D565  3 0.0516 0.4332 0.1681 0.1049 0.0712 0.0467 0.0950 0.0291 
        D566  3 0.0926 0.3711 0.1234 0.1642 0.0671 0.0167 0.1331 0.0318 
        D567  3 0.1051 0.1878 0.1084 0.0367 0.1275 0.1207 0.1252 0.1885 
        D568  3 0.0498 0.0270 0.1707 0.0266 0.1526 0.2415 0.1334 0.1984 
        D569  3 0.1175 0.0320 0.0259 0.4429 0.0476 0.0166 0.1131 0.2044 
        D573  3 0.1043 0.1894 0.0774 0.0533 0.1639 0.0148 0.3141 0.0827 
        D574  3 0.2068 0.1000 0.0769 0.1019 0.1965 0.0744 0.1664 0.0771 
        D575  3 0.0192 0.0103 0.8330 0.0141 0.0131 0.0375 0.0148 0.0581 
        D576  3 0.0475 0.0137 0.1845 0.6199 0.0154 0.0090 0.0811 0.0289 
        D577  3 0.1645 0.0907 0.0767 0.0355 0.0567 0.2362 0.0794 0.2602 
        D578  3 0.5476 0.0087 0.0148 0.0145 0.0159 0.0228 0.0178 0.3579 
        D579  3 0.0448 0.4473 0.0965 0.0520 0.2242 0.0344 0.0615 0.0394 
        D660  3 0.0926 0.0197 0.0713 0.4309 0.0586 0.0249 0.1642 0.1378 
        D661  3 0.0693 0.0185 0.0259 0.0274 0.6787 0.1016 0.0585 0.0200 
        D663  3 0.0838 0.0238 0.0283 0.1548 0.1147 0.0208 0.4832 0.0906 
        D664  3 0.0835 0.0222 0.2161 0.1794 0.0369 0.0647 0.1653 0.2321 
        D665  3 0.0430 0.0133 0.0621 0.1279 0.0314 0.0212 0.0710 0.6302 
        D666  3 0.0250 0.0217 0.8350 0.0221 0.0186 0.0275 0.0276 0.0225 
        D502  6 0.0513 0.0121 0.0633 0.4608 0.0498 0.0140 0.1385 0.2103 
        D503  6 0.0860 0.0531 0.0764 0.1220 0.2645 0.0604 0.2951 0.0424 
        D504  6 0.0977 0.1725 0.0352 0.0544 0.4611 0.0536 0.1073 0.0182 
        D505  6 0.1949 0.1837 0.0535 0.2351 0.0567 0.0196 0.1766 0.0798 
        D506  6 0.0639 0.8043 0.0275 0.0225 0.0209 0.0132 0.0327 0.0150 
        D507  6 0.1544 0.0418 0.0726 0.2173 0.1618 0.0445 0.2579 0.0497 
        D508  6 0.0697 0.0423 0.0447 0.3518 0.2320 0.0201 0.1231 0.1164 
        D529  6 0.3799 0.0976 0.0533 0.0375 0.0701 0.0443 0.1522 0.1651 
        D530  6 0.0384 0.0180 0.0235 0.7417 0.0182 0.0308 0.0358 0.0935 
        D531  6 0.1063 0.3073 0.1055 0.0995 0.1508 0.0307 0.1309 0.0690 
        D532  6 0.2136 0.0790 0.0493 0.4193 0.0489 0.0212 0.1455 0.0232 
        D534  6 0.0743 0.0393 0.0247 0.0640 0.1448 0.4580 0.1090 0.0859 
        D535  6 0.3022 0.1143 0.1281 0.0849 0.0787 0.0317 0.2056 0.0545 
        D536  6 0.1612 0.0357 0.0196 0.5636 0.0660 0.0156 0.1036 0.0346 
        D554  6 0.1322 0.2203 0.0528 0.2572 0.0892 0.0561 0.1364 0.0556 
        D587  6 0.1016 0.3730 0.0718 0.1106 0.0864 0.0923 0.1346 0.0297 
        D588  6 0.1987 0.0373 0.0605 0.0941 0.0438 0.0124 0.5036 0.0496 
        D589  6 0.1113 0.0345 0.0477 0.3132 0.1531 0.0252 0.2430 0.0719 
        D590  6 0.3649 0.1322 0.0220 0.1777 0.0694 0.0262 0.1905 0.0171 
        D591  6 0.0734 0.0892 0.2977 0.0594 0.1675 0.0733 0.1775 0.0620 
        D592  6 0.0497 0.1516 0.0360 0.0588 0.0509 0.4579 0.1204 0.0747 
        D593  6 0.0147 0.0100 0.0295 0.7554 0.0121 0.0157 0.0236 0.1389 
        D682  6 0.0336 0.7926 0.0431 0.0237 0.0348 0.0170 0.0415 0.0138 
        D683  6 0.0813 0.2645 0.0301 0.0362 0.1634 0.0423 0.1238 0.2584 
        D684  6 0.0700 0.0395 0.0269 0.0686 0.2458 0.0303 0.2037 0.3152 
        D685  6 0.0848 0.0175 0.0628 0.1839 0.0566 0.0215 0.4558 0.1171 
        D686  6 0.1193 0.0277 0.0138 0.7239 0.0194 0.0175 0.0661 0.0123 
        D724  6 0.1618 0.0568 0.0329 0.0911 0.2692 0.0729 0.1180 0.1973 
        D725  6 0.0844 0.0158 0.1150 0.3110 0.0731 0.1495 0.1493 0.1019 
        D726  6 0.0546 0.6886 0.0455 0.0264 0.0718 0.0468 0.0452 0.0211 
        D727  6 0.6050 0.0603 0.0605 0.0695 0.0402 0.0101 0.1174 0.0370 
        D728  6 0.0698 0.1735 0.2841 0.1883 0.0246 0.0623 0.1372 0.0601 
        D729  6 0.6198 0.0580 0.0135 0.1587 0.0296 0.0161 0.0660 0.0383 
        D730  6 0.0361 0.0357 0.0379 0.0644 0.6415 0.0513 0.0819 0.0514 
        D731  6 0.0621 0.1951 0.2868 0.2557 0.0586 0.0160 0.0877 0.0379 
        D732  6 0.1461 0.0459 0.0572 0.1031 0.0899 0.0550 0.1448 0.3580 
        D733  6 0.0484 0.0391 0.0777 0.0896 0.2637 0.3316 0.0737 0.0762 
     D237251  7 0.0382 0.0151 0.0921 0.0215 0.7216 0.0251 0.0600 0.0264 
     D237252  7 0.0569 0.0204 0.1649 0.1920 0.1463 0.1269 0.0955 0.1971 
     D237253  7 0.2306 0.1008 0.1020 0.0981 0.1352 0.0282 0.2740 0.0310 
     D237254  7 0.5361 0.0116 0.0118 0.0133 0.0148 0.0225 0.0288 0.3611 
     D237255  7 0.1199 0.0480 0.2673 0.1483 0.1266 0.0342 0.2114 0.0444 
     D237256  7 0.0842 0.0244 0.0853 0.2142 0.0683 0.0135 0.4610 0.0492 
     D237257  7 0.3266 0.0285 0.0392 0.0673 0.0516 0.0231 0.2491 0.2146 
     D237282  7 0.2206 0.0887 0.0490 0.0977 0.0783 0.2010 0.1937 0.0710 
     D237283  7 0.0245 0.0115 0.0747 0.0813 0.0300 0.0198 0.0652 0.6930 
     D237284  7 0.3950 0.0428 0.0298 0.0265 0.0861 0.0437 0.0871 0.2890 
     D237285  7 0.1140 0.0276 0.0272 0.5281 0.0518 0.0323 0.0866 0.1324 
     D237286  7 0.1578 0.1617 0.0744 0.1344 0.1684 0.0379 0.2290 0.0363 
     D237287  7 0.1050 0.0435 0.4388 0.0618 0.0562 0.0296 0.1905 0.0746 
     D244006  7 0.5319 0.0174 0.0112 0.0171 0.0236 0.0192 0.0228 0.3568 
     D244007  7 0.3149 0.0417 0.0214 0.0721 0.1654 0.2021 0.1537 0.0288 
     D244008  7 0.0273 0.0152 0.1546 0.0372 0.0139 0.0322 0.0473 0.6725 
     D244009  7 0.0271 0.0364 0.0416 0.0272 0.1101 0.6241 0.0501 0.0835 
     D244010  7 0.0591 0.0403 0.0486 0.0969 0.0185 0.0130 0.0989 0.6247 
     D244011  7 0.0625 0.0557 0.0396 0.0922 0.3718 0.0346 0.2633 0.0803 
     D244012  7 0.0496 0.0425 0.0446 0.2773 0.0429 0.0142 0.1087 0.4201 
     D244013  7 0.0343 0.0450 0.0605 0.1461 0.5206 0.0545 0.0684 0.0707 
     D244014  7 0.0701 0.0177 0.2184 0.1650 0.2150 0.0732 0.1751 0.0654 
     D244015  7 0.0731 0.0440 0.2210 0.1718 0.0275 0.1168 0.2294 0.1163 
     D244125  7 0.0951 0.1131 0.1789 0.2130 0.1231 0.0656 0.1717 0.0394 
     D244126  7 0.0126 0.0168 0.0149 0.0239 0.0238 0.0213 0.0386 0.8482 
     D244130  7 0.0401 0.0190 0.0219 0.5884 0.0482 0.0204 0.1938 0.0682 
     D244131  7 0.0426 0.2376 0.0183 0.0493 0.4754 0.0963 0.0486 0.0319 
     D244132  7 0.0631 0.0414 0.2358 0.0862 0.1861 0.1983 0.1646 0.0245 
        D520  7 0.1159 0.0294 0.0913 0.1725 0.0315 0.0345 0.2014 0.3235 
        D521  7 0.0614 0.0410 0.0356 0.4292 0.1070 0.0590 0.1093 0.1575 
        D522  7 0.0221 0.0305 0.0488 0.0146 0.2233 0.6044 0.0380 0.0182 
        D523  7 0.1096 0.0342 0.0339 0.0361 0.6028 0.0667 0.0972 0.0195 
        D524  7 0.0645 0.0435 0.1137 0.0727 0.5149 0.0507 0.0848 0.0551 
        D525  7 0.1069 0.1633 0.0234 0.1985 0.1386 0.1045 0.1701 0.0947 
        D526  7 0.3818 0.0356 0.0498 0.0239 0.0263 0.0688 0.0565 0.3573 
        D527  7 0.0279 0.0804 0.0531 0.0170 0.7270 0.0202 0.0381 0.0361 
        D528  7 0.0228 0.0116 0.0113 0.0114 0.0128 0.0123 0.8869 0.0310 
        D558  7 0.0976 0.0437 0.0300 0.3845 0.1309 0.1623 0.0689 0.0822 
        D559  7 0.0391 0.0237 0.0308 0.1453 0.6259 0.0302 0.0751 0.0299 
        D640  7 0.0771 0.0266 0.4359 0.0755 0.1662 0.0381 0.1489 0.0317 
        D641  7 0.0529 0.0150 0.3694 0.1938 0.0593 0.0234 0.1055 0.1808 
        D642  7 0.1066 0.0358 0.0184 0.5293 0.0451 0.1466 0.0833 0.0350 
        D644  7 0.0724 0.0708 0.0932 0.1207 0.1284 0.0663 0.1201 0.3280 
        D645  7 0.0552 0.0451 0.5423 0.0324 0.1201 0.0441 0.1100 0.0508 
        D662  7 0.0894 0.1587 0.0982 0.1215 0.1129 0.1945 0.2074 0.0173 
        D687  7 0.0275 0.0517 0.0504 0.0353 0.6567 0.0455 0.1020 0.0309 
        D688  7 0.1925 0.0331 0.0226 0.1957 0.0714 0.0227 0.1471 0.3149 
        D689  7 0.0165 0.0263 0.8473 0.0161 0.0287 0.0167 0.0188 0.0294 
        D700  7 0.0201 0.0166 0.0126 0.0158 0.0111 0.0124 0.8967 0.0148 
        D797  7 0.0567 0.1856 0.0813 0.0408 0.3639 0.1048 0.1213 0.0456 
        D798  7 0.0445 0.0182 0.3980 0.1403 0.0486 0.0435 0.2429 0.0639 
        D799  7 0.0340 0.0239 0.0484 0.0356 0.6847 0.0137 0.0759 0.0837 
        D800  7 0.1147 0.3673 0.0609 0.0342 0.1414 0.0476 0.2032 0.0306 
        D201  9 0.2077 0.0252 0.0306 0.0241 0.3850 0.1672 0.1348 0.0255 
        D202  9 0.0164 0.0175 0.0213 0.7080 0.0650 0.0099 0.0607 0.1011 
     D237259  9 0.0545 0.0204 0.1218 0.1053 0.0377 0.0138 0.6059 0.0406 
     D237260  9 0.1254 0.0361 0.0318 0.2037 0.1244 0.0157 0.3513 0.1116 
     D237262  9 0.0592 0.0345 0.0180 0.0308 0.0188 0.0370 0.0505 0.7512 
     D237263  9 0.0736 0.0621 0.0194 0.0412 0.3675 0.0276 0.0763 0.3323 
     D237264  9 0.1407 0.1055 0.0348 0.2326 0.1009 0.0503 0.1624 0.1727 
     D237265  9 0.0320 0.0476 0.0183 0.5613 0.1341 0.0204 0.1039 0.0824 
     D237266  9 0.1264 0.0283 0.2625 0.3727 0.0297 0.0160 0.0939 0.0705 
     D237267  9 0.0990 0.0952 0.0769 0.1810 0.0299 0.0100 0.2565 0.2514 
     D237268  9 0.0373 0.0311 0.0230 0.0487 0.0308 0.0313 0.0358 0.7620 
     D237289  9 0.0434 0.0684 0.0844 0.4227 0.1419 0.0419 0.1016 0.0956 
     D237290  9 0.0339 0.0362 0.1369 0.4449 0.1054 0.0266 0.1026 0.1136 
     D237291  9 0.1324 0.0279 0.0459 0.2185 0.3421 0.0149 0.2069 0.0115 
     D237292  9 0.2396 0.0292 0.0154 0.3112 0.0885 0.0377 0.1987 0.0795 
     D237293  9 0.0277 0.0219 0.2309 0.4300 0.0447 0.0323 0.0500 0.1626 
     D237294  9 0.0976 0.0518 0.0260 0.0594 0.4339 0.0982 0.1814 0.0518 
     D237295  9 0.0679 0.3786 0.1015 0.0618 0.0767 0.1018 0.0726 0.1391 
     D237296  9 0.1559 0.0539 0.0748 0.0729 0.2580 0.0648 0.2857 0.0341 
     D237297  9 0.0841 0.0501 0.0661 0.3052 0.0842 0.0244 0.2848 0.1012 
     D237298  9 0.0358 0.0370 0.0635 0.0289 0.5846 0.0655 0.0731 0.1116 
     D237341  9 0.0646 0.0421 0.0530 0.1368 0.3983 0.0576 0.2049 0.0427 
     D237342  9 0.0191 0.0465 0.0197 0.0687 0.0250 0.0143 0.0486 0.7581 
     D237343  9 0.1693 0.0463 0.0747 0.1193 0.1223 0.0565 0.2850 0.1267 
     D237344  9 0.0642 0.0588 0.1364 0.5274 0.0348 0.0322 0.0917 0.0545 
     D237345  9 0.0646 0.0198 0.0212 0.0521 0.0606 0.2579 0.0726 0.4513 
     D237346  9 0.0518 0.0339 0.1029 0.1949 0.1158 0.0894 0.3266 0.0847 
     D237347  9 0.1033 0.1660 0.0808 0.0793 0.2846 0.0519 0.1743 0.0597 
     D237348  9 0.0385 0.0264 0.0658 0.5535 0.0464 0.0474 0.0547 0.1673 
     D237349  9 0.1257 0.0618 0.0299 0.1612 0.3748 0.0738 0.1594 0.0134 
     D244109  9 0.3384 0.0244 0.0229 0.1143 0.0560 0.0293 0.1080 0.3065 
     D244110  9 0.2005 0.0386 0.1064 0.1089 0.0937 0.0479 0.2366 0.1675 
     D244111  9 0.0636 0.0498 0.0653 0.4067 0.2078 0.0363 0.1040 0.0666 
     D244128  9 0.0229 0.0273 0.0164 0.0287 0.0542 0.0155 0.0389 0.7961 
     D244137  9 0.0547 0.3143 0.0336 0.0572 0.3071 0.1056 0.0866 0.0409 
     D244138  9 0.0615 0.0255 0.0224 0.2282 0.3070 0.0402 0.2251 0.0902 
        D580  9 0.0733 0.0156 0.0627 0.1461 0.0219 0.3751 0.1198 0.1855 
        D581  9 0.0203 0.0160 0.0258 0.6281 0.1503 0.0361 0.0536 0.0698 
        D582  9 0.0175 0.0137 0.0187 0.0153 0.0208 0.0204 0.0150 0.8786 
        D583  9 0.1233 0.0190 0.1056 0.1652 0.3574 0.0618 0.1290 0.0387 
        D584  9 0.0631 0.0229 0.0389 0.6793 0.0255 0.0523 0.0628 0.0552 
        D585  9 0.0555 0.0448 0.0267 0.0459 0.0369 0.0313 0.0890 0.6700 
        D586  9 0.0729 0.0457 0.0687 0.1056 0.3520 0.0305 0.2983 0.0264 
        D651  9 0.0505 0.0335 0.5862 0.0206 0.0230 0.1987 0.0349 0.0526 
        D652  9 0.0825 0.0856 0.0213 0.0871 0.5497 0.0480 0.0965 0.0292 
        D653  9 0.0634 0.0414 0.1684 0.1136 0.2192 0.0416 0.2495 0.1029 
        D654  9 0.1037 0.0476 0.0847 0.1560 0.0826 0.1026 0.3001 0.1226 
        D655  9 0.0876 0.0715 0.3442 0.1396 0.1145 0.0258 0.1601 0.0566 
        D656  9 0.6203 0.0272 0.0187 0.0735 0.0227 0.0419 0.0933 0.1024 
        D657  9 0.1811 0.0192 0.0357 0.3345 0.0916 0.0806 0.1274 0.1297 
        D667  9 0.0298 0.0203 0.8492 0.0266 0.0140 0.0120 0.0239 0.0242 
        D668  9 0.0343 0.0171 0.4260 0.1134 0.0352 0.1388 0.1078 0.1274 
        D669  9 0.0515 0.0232 0.0578 0.3162 0.2521 0.0798 0.1367 0.0828 
        D670  9 0.2416 0.0171 0.4926 0.0395 0.0165 0.0253 0.1467 0.0207 
        D671  9 0.0792 0.0403 0.0255 0.2325 0.3060 0.1009 0.1735 0.0421 
        D672  9 0.0532 0.0463 0.0989 0.0554 0.0889 0.1603 0.1476 0.3494 
        D673  9 0.0257 0.0253 0.5174 0.0337 0.0463 0.2038 0.0760 0.0719 
        D692  9 0.4974 0.0372 0.0197 0.0888 0.0214 0.0271 0.1123 0.1961 
        D693  9 0.0568 0.0254 0.5812 0.1044 0.0325 0.0940 0.0502 0.0554 
        D694  9 0.2297 0.0247 0.0154 0.1265 0.0404 0.0340 0.1479 0.3814 
        D695  9 0.0736 0.0614 0.1752 0.0771 0.0823 0.1920 0.1393 0.1990 
        D696  9 0.0282 0.5568 0.0429 0.2175 0.0297 0.0566 0.0522 0.0161 
        D697  9 0.0172 0.0230 0.8311 0.0199 0.0262 0.0364 0.0273 0.0188 
        D698  9 0.0447 0.0759 0.1590 0.3811 0.0346 0.0445 0.2024 0.0578 
        D699  9 0.0205 0.0208 0.5414 0.2801 0.0218 0.0307 0.0387 0.0460 
        D787  9 0.0983 0.1001 0.1393 0.2531 0.1870 0.0243 0.1416 0.0564 
        D788  9 0.0254 0.0182 0.6012 0.2073 0.0314 0.0231 0.0395 0.0540 
        D789  9 0.0752 0.0422 0.0574 0.2868 0.0484 0.0302 0.1119 0.3477 
        D790  9 0.1148 0.0246 0.5552 0.0710 0.0566 0.0608 0.0922 0.0247 
        D791  9 0.0323 0.0290 0.0251 0.4800 0.1670 0.0170 0.0883 0.1613 
        D792  9 0.3917 0.0770 0.1257 0.0455 0.1213 0.0473 0.1436 0.0480 
        D793  9 0.0703 0.0527 0.7811 0.0149 0.0205 0.0160 0.0277 0.0168 
        D794  9 0.1230 0.0994 0.3201 0.0808 0.0770 0.0812 0.1252 0.0933 
        D795  9 0.0338 0.0544 0.0281 0.1894 0.0298 0.0174 0.0574 0.5895 
        D796  9 0.0152 0.0154 0.7905 0.0366 0.0304 0.0144 0.0380 0.0595 
        D005 12 0.4488 0.0182 0.0171 0.0446 0.0354 0.0198 0.0643 0.3518 
        D035 12 0.0125 0.0188 0.8876 0.0146 0.0180 0.0136 0.0233 0.0116 
        D067 12 0.0663 0.0442 0.5414 0.0507 0.0664 0.0227 0.1276 0.0806 
        D134 12 0.0994 0.0379 0.0481 0.0572 0.1899 0.0173 0.3288 0.2214 
        D135 12 0.0406 0.0276 0.0484 0.1182 0.0560 0.0328 0.6062 0.0701 
        D136 12 0.1410 0.2241 0.1014 0.0887 0.0338 0.1698 0.1842 0.0569 
        D137 12 0.0505 0.0156 0.5151 0.1138 0.0546 0.0436 0.1360 0.0709 
        D138 12 0.1598 0.0674 0.2644 0.0787 0.1648 0.0893 0.1347 0.0408 
        D139 12 0.1215 0.0447 0.0466 0.1677 0.3220 0.0327 0.1638 0.1010 
        D140 12 0.0233 0.0372 0.8017 0.0378 0.0187 0.0299 0.0348 0.0167 
        D141 12 0.0285 0.0116 0.1261 0.0214 0.0235 0.3245 0.0455 0.4189 
        D150 12 0.0970 0.0314 0.0223 0.6687 0.0250 0.0155 0.1042 0.0359 
        D177 12 0.2342 0.0363 0.0823 0.0813 0.0781 0.0135 0.3643 0.1099 
        D178 12 0.0858 0.2625 0.0270 0.0725 0.1253 0.1963 0.1826 0.0478 
        D179 12 0.2311 0.0500 0.1311 0.0687 0.1127 0.0933 0.2729 0.0401 
        D180 12 0.0794 0.0169 0.3823 0.0247 0.0322 0.0245 0.0972 0.3428 
        D187 12 0.0246 0.0213 0.8055 0.0210 0.0451 0.0171 0.0340 0.0314 
        D188 12 0.3218 0.0162 0.0197 0.0383 0.0431 0.0993 0.0564 0.4052 
        D191 12 0.0531 0.0344 0.1862 0.0490 0.2688 0.3021 0.0616 0.0447 
        D418 12 0.0546 0.0205 0.1136 0.0489 0.1503 0.4120 0.1232 0.0769 
        D601 12 0.1415 0.0236 0.0369 0.0283 0.0273 0.0158 0.0648 0.6616 
        D836 12 0.0285 0.0108 0.2789 0.0193 0.0285 0.0189 0.0282 0.5869 
        D837 12 0.0251 0.1811 0.0452 0.0647 0.5018 0.0618 0.0632 0.0569 
        D838 12 0.0166 0.0318 0.8026 0.0260 0.0535 0.0189 0.0332 0.0175 
        D839 12 0.1390 0.0376 0.0396 0.1354 0.3186 0.0563 0.1859 0.0876 
        D840 12 0.0404 0.0461 0.0930 0.0401 0.5134 0.1599 0.0757 0.0314 
        D841 12 0.0127 0.0113 0.8906 0.0142 0.0263 0.0156 0.0148 0.0144 
        D842 12 0.0721 0.0173 0.0180 0.4291 0.1305 0.1891 0.0909 0.0530 
        D843 12 0.1345 0.0902 0.2346 0.0817 0.1003 0.0233 0.1912 0.1442 
        D844 12 0.1247 0.0403 0.0136 0.0178 0.5206 0.1402 0.1112 0.0316 
        D912 12 0.0405 0.1691 0.0313 0.0305 0.5365 0.1273 0.0487 0.0161 
        D913 12 0.1623 0.0384 0.2393 0.1002 0.0759 0.0207 0.3438 0.0193 
        D914 12 0.0487 0.0495 0.0747 0.0409 0.6203 0.0407 0.0865 0.0388 
        D922 12 0.0207 0.0222 0.7432 0.0191 0.0234 0.0368 0.0311 0.1034 
        D939 12 0.0308 0.0139 0.1488 0.0233 0.0429 0.0478 0.0344 0.6581 
        D944 12 0.1708 0.0197 0.1142 0.0344 0.0637 0.0593 0.5234 0.0145 
        D945 12 0.1603 0.0440 0.1276 0.0998 0.1314 0.0409 0.2065 0.1895 
        D985 12 0.1339 0.0516 0.1328 0.1574 0.0162 0.1369 0.1873 0.1839 
        D986 12 0.0352 0.0567 0.0170 0.0315 0.5934 0.0171 0.1888 0.0603 
        D987 12 0.0309 0.0795 0.0216 0.0226 0.6789 0.0832 0.0495 0.0337 
        D988 12 0.0901 0.0652 0.0356 0.1323 0.2652 0.0447 0.2267 0.1403 
        D996 12 0.0847 0.0351 0.2292 0.0436 0.3684 0.0456 0.1515 0.0419 
        D997 12 0.0472 0.0399 0.0716 0.0334 0.0938 0.0291 0.1122 0.5728 
        D998 12 0.0500 0.0705 0.1872 0.1276 0.0528 0.0211 0.4501 0.0408 
        D999 12 0.0430 0.0266 0.0399 0.2847 0.3712 0.0704 0.1221 0.0420 
