        D174  1 0.5241 0.2347 0.2412 
        D199  1 0.2992 0.4535 0.2473 
        D203  1 0.4468 0.3031 0.2501 
        D204  1 0.7782 0.1086 0.1132 
     D237366  1 0.4162 0.4128 0.1710 
     D237367  1 0.2678 0.3307 0.4016 
     D237368  1 0.5827 0.2599 0.1574 
     D244101  1 0.5107 0.3662 0.1231 
     D244102  1 0.3972 0.2520 0.3508 
     D244103  1 0.1973 0.5795 0.2231 
     D244104  1 0.6013 0.1739 0.2248 
     D244105  1 0.2368 0.5343 0.2289 
     D244106  1 0.6639 0.2240 0.1121 
     D244107  1 0.1225 0.5705 0.3070 
     D244108  1 0.5614 0.2052 0.2334 
     D244113  1 0.2605 0.3348 0.4047 
     D244114  1 0.2837 0.6053 0.1109 
     D244115  1 0.6671 0.2082 0.1247 
     D267365  1 0.5757 0.2328 0.1915 
        D404  1 0.3456 0.2232 0.4313 
        D405  1 0.3752 0.2209 0.4038 
        D406  1 0.7657 0.1479 0.0864 
        D407  1 0.3974 0.4693 0.1333 
        D408  1 0.4380 0.2482 0.3138 
        D409  1 0.2646 0.5812 0.1541 
        D410  1 0.3158 0.5146 0.1695 
        D421  1 0.5935 0.3089 0.0977 
        D422  1 0.2103 0.6705 0.1192 
        D423  1 0.1288 0.6950 0.1762 
        D424  1 0.5931 0.3199 0.0870 
        D425  1 0.3008 0.5299 0.1694 
        D426  1 0.1277 0.7725 0.0998 
        D427  1 0.3764 0.4990 0.1246 
        D428  1 0.5830 0.2530 0.1640 
        D429  1 0.8156 0.1058 0.0786 
        D430  1 0.4358 0.3577 0.2065 
        D491  1 0.5784 0.2435 0.1781 
        D492  1 0.6912 0.2145 0.0943 
        D537  1 0.5150 0.3170 0.1680 
        D538  1 0.4237 0.2581 0.3183 
        D539  1 0.5097 0.1903 0.3000 
        D540  1 0.1431 0.5976 0.2593 
        D541  1 0.7592 0.1408 0.1000 
        D551  1 0.1436 0.7713 0.0851 
        D552  1 0.7533 0.1262 0.1205 
        D553  1 0.4556 0.3553 0.1892 
        D615  1 0.6233 0.1533 0.2234 
        D616  1 0.4911 0.3578 0.1511 
        D621  1 0.5648 0.1766 0.2586 
        D622  1 0.6489 0.2082 0.1430 
        D623  1 0.3330 0.3262 0.3407 
        D624  1 0.4431 0.3723 0.1846 
        D625  1 0.7283 0.1324 0.1394 
        D626  1 0.3021 0.2832 0.4148 
        D627  1 0.2231 0.6518 0.1251 
        D690  1 0.7988 0.0957 0.1055 
        D691  1 0.7258 0.1687 0.1056 
        D710  1 0.3617 0.3939 0.2444 
        D711  1 0.8062 0.0975 0.0964 
        D712  1 0.3957 0.2560 0.3483 
        D713  1 0.4276 0.4410 0.1314 
        D746  1 0.7010 0.1748 0.1242 
        D747  1 0.7858 0.1180 0.0962 
        D748  1 0.7579 0.1419 0.1002 
        D749  1 0.2863 0.5871 0.1265 
        D750  1 0.8033 0.1071 0.0895 
        D763  1 0.3140 0.3251 0.3609 
        D764  1 0.8093 0.1107 0.0800 
        D765  1 0.1751 0.6105 0.2144 
        D766  1 0.5560 0.2040 0.2400 
        D767  1 0.3949 0.2297 0.3754 
        D768  1 0.4085 0.4493 0.1423 
        D811  1 0.1376 0.2144 0.6480 
        D816  1 0.8260 0.1015 0.0725 
        D825  1 0.5120 0.2029 0.2851 
        D866  1 0.2951 0.1892 0.5157 
        D867  1 0.1700 0.7057 0.1243 
        D871  1 0.3466 0.4927 0.1607 
        D872  1 0.5886 0.1396 0.2718 
        D873  1 0.1129 0.5935 0.2936 
        D874  1 0.7267 0.1618 0.1116 
        D875  1 0.3129 0.5914 0.0958 
        D876  1 0.7651 0.1122 0.1226 
        D877  1 0.3908 0.3338 0.2754 
        D892  1 0.7948 0.1350 0.0702 
        D893  1 0.5363 0.2309 0.2328 
        D894  1 0.7895 0.1262 0.0842 
        D915  1 0.5976 0.2041 0.1983 
        D916  1 0.8709 0.0722 0.0568 
        D917  1 0.2347 0.3890 0.3763 
        D925  1 0.4908 0.2655 0.2437 
        D926  1 0.6472 0.2422 0.1106 
        D927  1 0.4848 0.3206 0.1946 
        D928  1 0.6197 0.2486 0.1317 
        D929  1 0.2854 0.2098 0.5048 
        D936  1 0.7313 0.1353 0.1334 
        D938  1 0.6030 0.2116 0.1853 
        D956  1 0.5721 0.2388 0.1891 
        D957  1 0.5960 0.1770 0.2270 
        D958  1 0.8044 0.0891 0.1065 
        D959  1 0.2273 0.6847 0.0880 
        D960  1 0.5138 0.3874 0.0988 
        D989  1 0.5236 0.2992 0.1773 
        D990  1 0.2005 0.5221 0.2774 
        D211  3 0.1621 0.1591 0.6788 
     D229639  3 0.2391 0.3096 0.4513 
     D237212  3 0.2255 0.2518 0.5227 
     D237213  3 0.1400 0.1595 0.7005 
     D237214  3 0.2166 0.6891 0.0943 
     D237215  3 0.0807 0.2924 0.6269 
     D237216  3 0.1605 0.5235 0.3160 
     D237217  3 0.1661 0.4563 0.3775 
     D237218  3 0.5482 0.2320 0.2199 
     D237219  3 0.1797 0.1645 0.6557 
     D237382  3 0.3842 0.1623 0.4535 
     D244127  3 0.1399 0.2744 0.5857 
     D244129  3 0.3599 0.2154 0.4247 
     D244133  3 0.3397 0.2457 0.4147 
     D244134  3 0.1894 0.1628 0.6478 
     D244135  3 0.1596 0.4937 0.3467 
     D244136  3 0.3862 0.3100 0.3038 
        D416  3 0.1638 0.3675 0.4687 
        D417  3 0.6481 0.2278 0.1241 
        D419  3 0.3443 0.1632 0.4925 
        D565  3 0.5358 0.2273 0.2370 
        D566  3 0.3241 0.3509 0.3250 
        D567  3 0.5519 0.1585 0.2895 
        D568  3 0.4129 0.2201 0.3669 
        D569  3 0.1504 0.3754 0.4742 
        D573  3 0.3045 0.4308 0.2646 
        D574  3 0.3257 0.3654 0.3089 
        D575  3 0.0934 0.1557 0.7509 
        D576  3 0.0623 0.3346 0.6031 
        D577  3 0.4162 0.2078 0.3760 
        D578  3 0.1245 0.7524 0.1231 
        D579  3 0.5832 0.1614 0.2554 
        D660  3 0.1088 0.2624 0.6289 
        D661  3 0.4012 0.3991 0.1998 
        D663  3 0.1361 0.6008 0.2631 
        D664  3 0.1483 0.2295 0.6222 
        D665  3 0.0844 0.1714 0.7441 
        D666  3 0.1933 0.1612 0.6455 
        D502  6 0.0762 0.2624 0.6614 
        D503  6 0.3102 0.4255 0.2643 
        D504  6 0.6537 0.2282 0.1180 
        D505  6 0.2767 0.4094 0.3139 
        D506  6 0.5074 0.3714 0.1211 
        D507  6 0.1890 0.3786 0.4323 
        D508  6 0.2283 0.2612 0.5105 
        D529  6 0.3147 0.4728 0.2125 
        D530  6 0.1096 0.2250 0.6654 
        D531  6 0.4864 0.2109 0.3027 
        D532  6 0.1984 0.5941 0.2075 
        D534  6 0.4536 0.3123 0.2341 
        D535  6 0.2883 0.4164 0.2952 
        D536  6 0.1300 0.5790 0.2910 
        D554  6 0.3992 0.2997 0.3011 
        D587  6 0.5825 0.2638 0.1537 
        D588  6 0.1330 0.6846 0.1824 
        D589  6 0.1741 0.4977 0.3281 
        D590  6 0.2255 0.6394 0.1351 
        D591  6 0.3793 0.3483 0.2724 
        D592  6 0.6014 0.2128 0.1858 
        D593  6 0.0674 0.1040 0.8286 
        D682  6 0.5714 0.2887 0.1399 
        D683  6 0.5159 0.2493 0.2348 
        D684  6 0.2654 0.3824 0.3522 
        D685  6 0.1014 0.5295 0.3691 
        D686  6 0.1116 0.7202 0.1682 
        D724  6 0.2555 0.2950 0.4494 
        D725  6 0.1442 0.2477 0.6081 
        D726  6 0.6701 0.2123 0.1176 
        D727  6 0.1428 0.6944 0.1628 
        D728  6 0.2875 0.2104 0.5021 
        D729  6 0.1456 0.6802 0.1741 
        D730  6 0.3878 0.2562 0.3560 
        D731  6 0.2031 0.2778 0.5190 
        D732  6 0.2536 0.2406 0.5058 
        D733  6 0.4536 0.1971 0.3493 
     D237251  7 0.2776 0.3277 0.3947 
     D237252  7 0.1891 0.1803 0.6306 
     D237253  7 0.1817 0.5824 0.2359 
     D237254  7 0.1249 0.7660 0.1091 
     D237255  7 0.2015 0.3635 0.4350 
     D237256  7 0.1032 0.4576 0.4392 
     D237257  7 0.1341 0.5964 0.2695 
     D237282  7 0.5156 0.3018 0.1826 
     D237283  7 0.0682 0.1762 0.7557 
     D237284  7 0.2873 0.5418 0.1708 
     D237285  7 0.1273 0.2691 0.6036 
     D237286  7 0.3774 0.4036 0.2190 
     D237287  7 0.1655 0.4202 0.4143 
     D244006  7 0.2226 0.6556 0.1218 
     D244007  7 0.3767 0.4891 0.1343 
     D244008  7 0.0972 0.1607 0.7421 
     D244009  7 0.5913 0.1578 0.2509 
     D244010  7 0.1278 0.1858 0.6864 
     D244011  7 0.2688 0.3695 0.3617 
     D244012  7 0.1370 0.2020 0.6610 
     D244013  7 0.3994 0.1807 0.4199 
     D244014  7 0.1694 0.2879 0.5427 
     D244015  7 0.2454 0.3139 0.4407 
     D244125  7 0.3414 0.2990 0.3596 
     D244126  7 0.1275 0.1604 0.7121 
     D244130  7 0.1458 0.5346 0.3196 
     D244131  7 0.7062 0.1511 0.1428 
     D244132  7 0.4415 0.3125 0.2460 
        D520  7 0.1234 0.2877 0.5889 
        D521  7 0.2762 0.1881 0.5358 
        D522  7 0.7220 0.1710 0.1070 
        D523  7 0.3394 0.4648 0.1958 
        D524  7 0.4055 0.2458 0.3488 
        D525  7 0.3558 0.3532 0.2910 
        D526  7 0.2543 0.4990 0.2467 
        D527  7 0.5190 0.1903 0.2908 
        D528  7 0.0718 0.8217 0.1066 
        D558  7 0.3906 0.2405 0.3689 
        D559  7 0.3743 0.3017 0.3240 
        D640  7 0.2292 0.3463 0.4245 
        D641  7 0.0878 0.1734 0.7388 
        D642  7 0.2847 0.3918 0.3235 
        D644  7 0.2633 0.2398 0.4969 
        D645  7 0.3319 0.2374 0.4307 
        D662  7 0.5730 0.3136 0.1134 
        D687  7 0.4600 0.2816 0.2584 
        D688  7 0.1803 0.4398 0.3800 
        D689  7 0.2834 0.1338 0.5828 
        D700  7 0.0761 0.8549 0.0690 
        D797  7 0.6254 0.1956 0.1790 
        D798  7 0.1500 0.4385 0.4115 
        D799  7 0.2292 0.2986 0.4722 
        D800  7 0.5655 0.3017 0.1328 
        D201  9 0.3135 0.4743 0.2122 
        D202  9 0.0853 0.1533 0.7614 
     D237259  9 0.0917 0.5784 0.3298 
     D237260  9 0.1266 0.4963 0.3771 
     D237262  9 0.2247 0.2979 0.4774 
     D237263  9 0.3944 0.2775 0.3281 
     D237264  9 0.3376 0.3528 0.3096 
     D237265  9 0.1754 0.3087 0.5159 
     D237266  9 0.1155 0.3928 0.4918 
     D237267  9 0.1053 0.4658 0.4289 
     D237268  9 0.1517 0.1452 0.7031 
     D237289  9 0.2552 0.2047 0.5401 
     D237290  9 0.1599 0.1919 0.6482 
     D237291  9 0.1733 0.6845 0.1421 
     D237292  9 0.1465 0.6142 0.2393 
     D237293  9 0.1164 0.1175 0.7661 
     D237294  9 0.3858 0.4336 0.1805 
     D237295  9 0.5206 0.1575 0.3219 
     D237296  9 0.2569 0.4913 0.2518 
     D237297  9 0.1791 0.3955 0.4253 
     D237298  9 0.4635 0.2012 0.3353 
     D237341  9 0.3392 0.3889 0.2720 
     D237342  9 0.1525 0.1594 0.6881 
     D237343  9 0.2296 0.4987 0.2717 
     D237344  9 0.1608 0.2385 0.6007 
     D237345  9 0.2935 0.2703 0.4362 
     D237346  9 0.2076 0.3625 0.4299 
     D237347  9 0.3748 0.3745 0.2507 
     D237348  9 0.1447 0.1464 0.7089 
     D237349  9 0.5070 0.3544 0.1386 
     D244109  9 0.1746 0.5205 0.3049 
     D244110  9 0.2098 0.3889 0.4013 
     D244111  9 0.2529 0.2161 0.5310 
     D244128  9 0.1387 0.2056 0.6557 
     D244137  9 0.6769 0.1611 0.1620 
     D244138  9 0.2214 0.4313 0.3473 
        D580  9 0.2252 0.2149 0.5600 
        D581  9 0.1401 0.2793 0.5806 
        D582  9 0.1376 0.1186 0.7438 
        D583  9 0.2119 0.3982 0.3899 
        D584  9 0.1467 0.3050 0.5483 
        D585  9 0.1721 0.1930 0.6349 
        D586  9 0.2350 0.5336 0.2314 
        D651  9 0.3130 0.2256 0.4613 
        D652  9 0.5434 0.2914 0.1651 
        D653  9 0.2179 0.3829 0.3991 
        D654  9 0.2854 0.4165 0.2981 
        D655  9 0.2164 0.2727 0.5109 
        D656  9 0.1410 0.6104 0.2486 
        D657  9 0.2252 0.3856 0.3892 
        D667  9 0.1372 0.1955 0.6672 
        D668  9 0.1404 0.2232 0.6363 
        D669  9 0.2302 0.3307 0.4391 
        D670  9 0.1200 0.6251 0.2549 
        D671  9 0.4015 0.4034 0.1951 
        D672  9 0.2566 0.1848 0.5586 
        D673  9 0.2835 0.1764 0.5401 
        D692  9 0.1161 0.4823 0.4016 
        D693  9 0.1466 0.1811 0.6723 
        D694  9 0.1272 0.5599 0.3129 
        D695  9 0.2977 0.2160 0.4863 
        D696  9 0.5413 0.1761 0.2826 
        D697  9 0.2269 0.2647 0.5084 
        D698  9 0.1729 0.2897 0.5374 
        D699  9 0.1127 0.1352 0.7521 
        D787  9 0.2960 0.3140 0.3900 
        D788  9 0.1094 0.1635 0.7272 
        D789  9 0.1605 0.2214 0.6181 
        D790  9 0.2105 0.4102 0.3793 
        D791  9 0.1306 0.1936 0.6758 
        D792  9 0.3925 0.4767 0.1307 
        D793  9 0.3162 0.2885 0.3954 
        D794  9 0.3656 0.2788 0.3556 
        D795  9 0.1445 0.1685 0.6870 
        D796  9 0.0860 0.1530 0.7610 
        D005 12 0.1391 0.6480 0.2129 
        D035 12 0.1668 0.3622 0.4709 
        D067 12 0.2137 0.2290 0.5574 
        D134 12 0.1410 0.4756 0.3834 
        D135 12 0.1620 0.5054 0.3326 
        D136 12 0.4889 0.3182 0.1928 
        D137 12 0.1383 0.2365 0.6252 
        D138 12 0.4134 0.2662 0.3204 
        D139 12 0.2800 0.3048 0.4152 
        D140 12 0.2147 0.3676 0.4177 
        D141 12 0.1636 0.2059 0.6305 
        D150 12 0.1256 0.6616 0.2127 
        D177 12 0.1066 0.5489 0.3444 
        D178 12 0.5848 0.2703 0.1449 
        D179 12 0.2953 0.4943 0.2104 
        D180 12 0.1252 0.3345 0.5403 
        D187 12 0.1810 0.1661 0.6530 
        D188 12 0.1722 0.4749 0.3529 
        D191 12 0.4255 0.2651 0.3094 
        D418 12 0.2929 0.2984 0.4087 
        D601 12 0.1475 0.3198 0.5327 
        D836 12 0.1031 0.1282 0.7687 
        D837 12 0.6094 0.1580 0.2326 
        D838 12 0.2732 0.1636 0.5632 
        D839 12 0.3241 0.3313 0.3446 
        D840 12 0.4824 0.2297 0.2879 
        D841 12 0.1379 0.1873 0.6748 
        D842 12 0.2944 0.4495 0.2561 
        D843 12 0.2202 0.3061 0.4737 
        D844 12 0.5081 0.3817 0.1102 
        D912 12 0.7760 0.1229 0.1011 
        D913 12 0.1782 0.6067 0.2151 
        D914 12 0.4248 0.3180 0.2571 
        D922 12 0.1740 0.1259 0.7002 
        D939 12 0.1317 0.1201 0.7482 
        D944 12 0.1568 0.7666 0.0766 
        D945 12 0.1789 0.2892 0.5320 
        D985 12 0.2217 0.3529 0.4255 
        D986 12 0.3411 0.4548 0.2042 
        D987 12 0.6278 0.2129 0.1594 
        D988 12 0.2897 0.3468 0.3635 
        D996 12 0.2874 0.4757 0.2369 
        D997 12 0.2004 0.2429 0.5567 
        D998 12 0.1684 0.4508 0.3808 
        D999 12 0.2784 0.2710 0.4506 
