        D174  1 0.2627 0.4079 0.1947 0.1347 
        D199  1 0.2262 0.2102 0.4096 0.1540 
        D203  1 0.2220 0.3579 0.2341 0.1860 
        D204  1 0.1152 0.7658 0.0590 0.0600 
     D237366  1 0.1149 0.3066 0.4218 0.1567 
     D237367  1 0.1892 0.1799 0.3383 0.2927 
     D237368  1 0.1547 0.4871 0.2286 0.1296 
     D244101  1 0.1694 0.4073 0.3216 0.1016 
     D244102  1 0.3233 0.2919 0.1652 0.2195 
     D244103  1 0.1084 0.1242 0.5762 0.1912 
     D244104  1 0.0634 0.3981 0.1005 0.4381 
     D244105  1 0.0742 0.1160 0.4402 0.3696 
     D244106  1 0.1459 0.6334 0.1567 0.0640 
     D244107  1 0.2685 0.0704 0.4302 0.2309 
     D244108  1 0.2721 0.3829 0.1684 0.1766 
     D244113  1 0.4481 0.1363 0.2251 0.1905 
     D244114  1 0.0800 0.2005 0.6208 0.0987 
     D244115  1 0.0903 0.6887 0.1519 0.0690 
     D267365  1 0.1555 0.4734 0.1999 0.1712 
        D404  1 0.6002 0.1940 0.1103 0.0955 
        D405  1 0.4541 0.2600 0.1255 0.1604 
        D406  1 0.0562 0.6809 0.1381 0.1249 
        D407  1 0.0974 0.3705 0.4385 0.0936 
        D408  1 0.2262 0.3414 0.2147 0.2176 
        D409  1 0.1471 0.2087 0.5151 0.1291 
        D410  1 0.2694 0.2476 0.3855 0.0975 
        D421  1 0.0535 0.5307 0.2512 0.1645 
        D422  1 0.1266 0.1393 0.6524 0.0817 
        D423  1 0.1356 0.0772 0.6313 0.1558 
        D424  1 0.0496 0.6334 0.2555 0.0615 
        D425  1 0.1483 0.2278 0.4447 0.1792 
        D426  1 0.0650 0.0877 0.7631 0.0841 
        D427  1 0.0605 0.2963 0.4173 0.2259 
        D428  1 0.1369 0.5273 0.2002 0.1356 
        D429  1 0.0475 0.8452 0.0656 0.0416 
        D430  1 0.2251 0.3571 0.3214 0.0965 
        D491  1 0.0725 0.5185 0.1884 0.2206 
        D492  1 0.0733 0.7154 0.1531 0.0583 
        D537  1 0.0896 0.4636 0.2855 0.1612 
        D538  1 0.4296 0.2830 0.1756 0.1118 
        D539  1 0.2065 0.3828 0.1307 0.2799 
        D540  1 0.1021 0.0880 0.5024 0.3076 
        D541  1 0.0585 0.7901 0.0825 0.0689 
        D551  1 0.0485 0.1034 0.7916 0.0566 
        D552  1 0.0520 0.6145 0.0872 0.2463 
        D553  1 0.0670 0.3605 0.2590 0.3135 
        D615  1 0.1583 0.6051 0.1010 0.1356 
        D616  1 0.1562 0.4572 0.2645 0.1222 
        D621  1 0.1618 0.4090 0.1339 0.2952 
        D622  1 0.0874 0.5224 0.1785 0.2117 
        D623  1 0.5763 0.1578 0.1641 0.1018 
        D624  1 0.1212 0.4072 0.2999 0.1716 
        D625  1 0.0795 0.7608 0.0894 0.0703 
        D626  1 0.0657 0.1163 0.1151 0.7029 
        D627  1 0.0846 0.1665 0.6529 0.0959 
        D690  1 0.0578 0.8233 0.0524 0.0665 
        D691  1 0.0762 0.6453 0.1605 0.1179 
        D710  1 0.1771 0.2638 0.3236 0.2356 
        D711  1 0.1060 0.7980 0.0574 0.0386 
        D712  1 0.1214 0.2017 0.1919 0.4850 
        D713  1 0.1175 0.3642 0.4176 0.1006 
        D746  1 0.0660 0.6251 0.1453 0.1636 
        D747  1 0.0921 0.7957 0.0584 0.0538 
        D748  1 0.0588 0.7259 0.1127 0.1027 
        D749  1 0.1407 0.1872 0.5510 0.1211 
        D750  1 0.0685 0.8085 0.0645 0.0585 
        D763  1 0.1494 0.2430 0.2405 0.3671 
        D764  1 0.0477 0.8184 0.0763 0.0576 
        D765  1 0.1145 0.0930 0.5435 0.2490 
        D766  1 0.0824 0.3855 0.1475 0.3846 
        D767  1 0.3340 0.2940 0.1852 0.1868 
        D768  1 0.0715 0.3844 0.3906 0.1535 
        D811  1 0.3191 0.0776 0.1647 0.4386 
        D816  1 0.0542 0.8428 0.0619 0.0411 
        D825  1 0.1953 0.4496 0.1886 0.1665 
        D866  1 0.5423 0.1651 0.1053 0.1872 
        D867  1 0.1460 0.0897 0.6830 0.0813 
        D871  1 0.1399 0.3119 0.4515 0.0967 
        D872  1 0.2107 0.5055 0.1015 0.1824 
        D873  1 0.6959 0.0454 0.2016 0.0571 
        D874  1 0.1091 0.6688 0.1194 0.1028 
        D875  1 0.0865 0.2893 0.5788 0.0454 
        D876  1 0.0519 0.6361 0.0872 0.2248 
        D877  1 0.4787 0.2183 0.2205 0.0826 
        D892  1 0.0506 0.7749 0.1105 0.0640 
        D893  1 0.1222 0.4818 0.1904 0.2056 
        D894  1 0.0612 0.8292 0.0676 0.0420 
        D915  1 0.1383 0.5181 0.1707 0.1729 
        D916  1 0.0360 0.8932 0.0356 0.0352 
        D917  1 0.3422 0.1323 0.3064 0.2191 
        D925  1 0.2132 0.3978 0.1810 0.2081 
        D926  1 0.0720 0.6551 0.1688 0.1041 
        D927  1 0.1559 0.4202 0.2891 0.1348 
        D928  1 0.1156 0.5456 0.1970 0.1418 
        D929  1 0.4040 0.1922 0.1489 0.2549 
        D936  1 0.1149 0.7168 0.0879 0.0803 
        D938  1 0.0816 0.4221 0.1547 0.3416 
        D956  1 0.2241 0.5456 0.1446 0.0857 
        D957  1 0.2431 0.4782 0.1342 0.1446 
        D958  1 0.0476 0.7495 0.0659 0.1370 
        D959  1 0.0697 0.1844 0.6773 0.0686 
        D960  1 0.1944 0.4077 0.3271 0.0708 
        D989  1 0.1003 0.3457 0.2539 0.3002 
        D990  1 0.3664 0.1276 0.3528 0.1532 
        D211  3 0.1912 0.0840 0.1151 0.6097 
     D229639  3 0.2334 0.1330 0.2353 0.3984 
     D237212  3 0.3781 0.1533 0.1537 0.3150 
     D237213  3 0.3122 0.0719 0.0972 0.5187 
     D237214  3 0.1171 0.1174 0.7208 0.0447 
     D237215  3 0.5779 0.0409 0.1732 0.2079 
     D237216  3 0.1610 0.0896 0.4599 0.2896 
     D237217  3 0.1021 0.0738 0.2892 0.5349 
     D237218  3 0.1207 0.4025 0.1854 0.2915 
     D237219  3 0.1078 0.0693 0.0767 0.7462 
     D237382  3 0.4515 0.2635 0.1093 0.1756 
     D244127  3 0.4597 0.0702 0.1659 0.3042 
     D244129  3 0.3084 0.2582 0.1633 0.2701 
     D244133  3 0.1195 0.1781 0.1542 0.5483 
     D244134  3 0.1176 0.0814 0.0809 0.7202 
     D244135  3 0.1918 0.0847 0.4864 0.2370 
     D244136  3 0.1670 0.2742 0.2062 0.3526 
        D416  3 0.1980 0.0879 0.2715 0.4426 
        D417  3 0.0628 0.6581 0.1682 0.1110 
        D419  3 0.1266 0.1512 0.0809 0.6413 
        D565  3 0.1554 0.3749 0.1734 0.2963 
        D566  3 0.3599 0.2332 0.2472 0.1598 
        D567  3 0.1458 0.4210 0.1064 0.3269 
        D568  3 0.1408 0.2102 0.1186 0.5304 
        D569  3 0.6562 0.0630 0.1746 0.1062 
        D573  3 0.2397 0.2263 0.2966 0.2374 
        D574  3 0.3202 0.2118 0.2967 0.1714 
        D575  3 0.0658 0.0343 0.0531 0.8468 
        D576  3 0.4405 0.0301 0.2094 0.3200 
        D577  3 0.1014 0.3324 0.1544 0.4118 
        D578  3 0.1157 0.0587 0.7545 0.0712 
        D579  3 0.1898 0.4787 0.1063 0.2253 
        D660  3 0.6232 0.0574 0.1537 0.1657 
        D661  3 0.1316 0.3793 0.3016 0.1875 
        D663  3 0.3761 0.0731 0.4457 0.1051 
        D664  3 0.3326 0.0816 0.1777 0.4081 
        D665  3 0.5794 0.0469 0.1214 0.2522 
        D666  3 0.0981 0.0741 0.0752 0.7526 
        D502  6 0.4942 0.0478 0.2205 0.2375 
        D503  6 0.2633 0.2240 0.3486 0.1641 
        D504  6 0.0999 0.6298 0.1744 0.0960 
        D505  6 0.3659 0.1785 0.2976 0.1579 
        D506  6 0.0953 0.4495 0.3440 0.1112 
        D507  6 0.3112 0.1203 0.3423 0.2262 
        D508  6 0.6004 0.1181 0.1646 0.1169 
        D529  6 0.1159 0.2343 0.4680 0.1818 
        D530  6 0.6977 0.0561 0.1241 0.1221 
        D531  6 0.2244 0.4290 0.1619 0.1847 
        D532  6 0.3286 0.1321 0.4224 0.1169 
        D534  6 0.1990 0.3656 0.2720 0.1635 
        D535  6 0.1715 0.2301 0.3785 0.2198 
        D536  6 0.4679 0.0793 0.3763 0.0764 
        D554  6 0.3285 0.3016 0.2338 0.1361 
        D587  6 0.1306 0.5259 0.2072 0.1363 
        D588  6 0.1601 0.0855 0.6237 0.1307 
        D589  6 0.5089 0.1055 0.2796 0.1060 
        D590  6 0.1679 0.1970 0.5493 0.0858 
        D591  6 0.1161 0.2850 0.3101 0.2888 
        D592  6 0.1599 0.5415 0.1825 0.1161 
        D593  6 0.7484 0.0355 0.0571 0.1590 
        D682  6 0.1179 0.5149 0.2112 0.1560 
        D683  6 0.1523 0.4641 0.2127 0.1709 
        D684  6 0.4607 0.1705 0.2465 0.1223 
        D685  6 0.3058 0.0631 0.4860 0.1450 
        D686  6 0.3987 0.0683 0.4632 0.0698 
        D724  6 0.3804 0.1941 0.2144 0.2111 
        D725  6 0.4629 0.0821 0.1881 0.2669 
        D726  6 0.0708 0.6211 0.1578 0.1503 
        D727  6 0.1384 0.0987 0.6319 0.1310 
        D728  6 0.2654 0.1723 0.1946 0.3678 
        D729  6 0.2516 0.1167 0.5648 0.0669 
        D730  6 0.2470 0.2919 0.2039 0.2572 
        D731  6 0.4620 0.0979 0.1389 0.3012 
        D732  6 0.3700 0.1611 0.1687 0.3001 
        D733  6 0.2775 0.3220 0.1439 0.2565 
     D237251  7 0.1292 0.1400 0.2128 0.5179 
     D237252  7 0.3522 0.0948 0.1138 0.4392 
     D237253  7 0.1570 0.1208 0.5364 0.1858 
     D237254  7 0.0797 0.0659 0.7868 0.0677 
     D237255  7 0.1918 0.1032 0.2832 0.4218 
     D237256  7 0.4026 0.0555 0.3714 0.1705 
     D237257  7 0.2822 0.0727 0.5512 0.0939 
     D237282  7 0.2028 0.4097 0.2410 0.1464 
     D237283  7 0.4100 0.0373 0.0929 0.4598 
     D237284  7 0.1278 0.2168 0.5003 0.1550 
     D237285  7 0.5655 0.0840 0.1721 0.1784 
     D237286  7 0.2311 0.2780 0.3528 0.1380 
     D237287  7 0.1384 0.0726 0.2434 0.5456 
     D244006  7 0.1956 0.1308 0.6162 0.0573 
     D244007  7 0.1623 0.3504 0.3929 0.0944 
     D244008  7 0.2636 0.0516 0.0855 0.5992 
     D244009  7 0.1124 0.4408 0.1169 0.3299 
     D244010  7 0.4632 0.0813 0.1714 0.2840 
     D244011  7 0.3784 0.1912 0.2712 0.1593 
     D244012  7 0.6070 0.0848 0.1166 0.1916 
     D244013  7 0.4018 0.2594 0.1259 0.2129 
     D244014  7 0.3348 0.0964 0.1859 0.3829 
     D244015  7 0.2813 0.1495 0.2216 0.3476 
     D244125  7 0.2512 0.2066 0.1820 0.3602 
     D244126  7 0.4848 0.0767 0.0788 0.3597 
     D244130  7 0.6599 0.0707 0.2028 0.0666 
     D244131  7 0.1437 0.6791 0.0942 0.0830 
     D244132  7 0.1298 0.2363 0.2242 0.4097 
        D520  7 0.3699 0.0845 0.3033 0.2423 
        D521  7 0.6626 0.1383 0.0972 0.1019 
        D522  7 0.0516 0.5842 0.1277 0.2365 
        D523  7 0.1130 0.2812 0.4054 0.2004 
        D524  7 0.1752 0.2166 0.2022 0.4060 
        D525  7 0.4106 0.2690 0.2322 0.0882 
        D526  7 0.1194 0.1540 0.4180 0.3086 
        D527  7 0.1492 0.3812 0.1515 0.3181 
        D528  7 0.0491 0.0403 0.8524 0.0582 
        D558  7 0.6058 0.1971 0.0970 0.1001 
        D559  7 0.4672 0.2272 0.1531 0.1524 
        D640  7 0.1127 0.0996 0.2013 0.5865 
        D641  7 0.4810 0.0509 0.1096 0.3586 
        D642  7 0.5637 0.1550 0.2081 0.0732 
        D644  7 0.2708 0.1530 0.1552 0.4210 
        D645  7 0.1039 0.1430 0.1212 0.6319 
        D662  7 0.1024 0.4961 0.2501 0.1514 
        D687  7 0.2103 0.3724 0.2231 0.1942 
        D688  7 0.5113 0.1111 0.2578 0.1198 
        D689  7 0.0691 0.0903 0.0520 0.7886 
        D700  7 0.0455 0.0389 0.8820 0.0336 
        D797  7 0.1138 0.5819 0.1327 0.1717 
        D798  7 0.2635 0.0814 0.2726 0.3825 
        D799  7 0.3592 0.1386 0.1979 0.3042 
        D800  7 0.1028 0.5625 0.2480 0.0867 
        D201  9 0.0921 0.3162 0.3839 0.2078 
        D202  9 0.7889 0.0437 0.0796 0.0879 
     D237259  9 0.2106 0.0550 0.5345 0.1999 
     D237260  9 0.4293 0.0723 0.3809 0.1175 
     D237262  9 0.4562 0.1372 0.2563 0.1503 
     D237263  9 0.3793 0.2931 0.1990 0.1285 
     D237264  9 0.4323 0.2389 0.2300 0.0988 
     D237265  9 0.6941 0.0957 0.1362 0.0739 
     D237266  9 0.3249 0.0627 0.2281 0.3842 
     D237267  9 0.3980 0.0596 0.4001 0.1423 
     D237268  9 0.3995 0.1022 0.1127 0.3855 
     D237289  9 0.5630 0.1508 0.1144 0.1718 
     D237290  9 0.6054 0.0748 0.0963 0.2235 
     D237291  9 0.1497 0.1037 0.6106 0.1360 
     D237292  9 0.4515 0.0863 0.4111 0.0511 
     D237293  9 0.4996 0.0639 0.0768 0.3598 
     D237294  9 0.1941 0.2471 0.4295 0.1293 
     D237295  9 0.2043 0.4261 0.1260 0.2436 
     D237296  9 0.1480 0.1569 0.4552 0.2399 
     D237297  9 0.5139 0.1189 0.2029 0.1643 
     D237298  9 0.1717 0.2879 0.1543 0.3862 
     D237341  9 0.2394 0.2440 0.3196 0.1970 
     D237342  9 0.6618 0.0802 0.0949 0.1631 
     D237343  9 0.3074 0.1267 0.3684 0.1975 
     D237344  9 0.4841 0.0933 0.1412 0.2814 
     D237345  9 0.4746 0.1726 0.1723 0.1805 
     D237346  9 0.2076 0.1240 0.3232 0.3451 
     D237347  9 0.2108 0.2877 0.2918 0.2096 
     D237348  9 0.6357 0.0748 0.0848 0.2047 
     D237349  9 0.2012 0.4702 0.2428 0.0857 
     D244109  9 0.4618 0.0980 0.3357 0.1045 
     D244110  9 0.3528 0.1177 0.2806 0.2489 
     D244111  9 0.6342 0.1267 0.1114 0.1278 
     D244128  9 0.6252 0.0731 0.1451 0.1566 
     D244137  9 0.1210 0.7035 0.0978 0.0777 
     D244138  9 0.5843 0.1211 0.2048 0.0898 
        D580  9 0.2962 0.1324 0.1822 0.3892 
        D581  9 0.7570 0.0750 0.0890 0.0789 
        D582  9 0.4807 0.0787 0.0898 0.3508 
        D583  9 0.2882 0.1258 0.2920 0.2940 
        D584  9 0.7018 0.0810 0.1292 0.0880 
        D585  9 0.4512 0.1052 0.1485 0.2952 
        D586  9 0.2631 0.1460 0.4114 0.1795 
        D651  9 0.0677 0.1543 0.1038 0.6743 
        D652  9 0.1980 0.5333 0.1885 0.0802 
        D653  9 0.2764 0.1406 0.2878 0.2952 
        D654  9 0.2061 0.1917 0.3153 0.2869 
        D655  9 0.2581 0.1296 0.1936 0.4188 
        D656  9 0.1569 0.0847 0.6043 0.1541 
        D657  9 0.5161 0.1313 0.2321 0.1206 
        D667  9 0.0709 0.0478 0.0819 0.7994 
        D668  9 0.3124 0.0679 0.1343 0.4854 
        D669  9 0.5042 0.1550 0.1974 0.1435 
        D670  9 0.0662 0.0610 0.5025 0.3702 
        D671  9 0.4131 0.3266 0.1953 0.0650 
        D672  9 0.2191 0.1632 0.1416 0.4760 
        D673  9 0.1193 0.1292 0.1162 0.6353 
        D692  9 0.3159 0.0704 0.4484 0.1653 
        D693  9 0.1825 0.0768 0.1120 0.6287 
        D694  9 0.4503 0.0720 0.3962 0.0815 
        D695  9 0.1674 0.1842 0.1387 0.5097 
        D696  9 0.3584 0.3494 0.1363 0.1559 
        D697  9 0.0811 0.0862 0.1006 0.7322 
        D698  9 0.4586 0.1049 0.1815 0.2550 
        D699  9 0.3254 0.0518 0.0787 0.5441 
        D787  9 0.3113 0.1963 0.1747 0.3177 
        D788  9 0.2763 0.0586 0.1040 0.5610 
        D789  9 0.6375 0.0845 0.1277 0.1503 
        D790  9 0.1314 0.1051 0.2168 0.5467 
        D791  9 0.7526 0.0562 0.0855 0.1057 
        D792  9 0.1052 0.2800 0.3962 0.2185 
        D793  9 0.0582 0.0995 0.1178 0.7245 
        D794  9 0.1783 0.2154 0.1796 0.4267 
        D795  9 0.6248 0.0765 0.1191 0.1796 
        D796  9 0.1687 0.0423 0.0863 0.7027 
        D005 12 0.3196 0.0665 0.5513 0.0626 
        D035 12 0.0555 0.0654 0.1317 0.7474 
        D067 12 0.1606 0.1252 0.1694 0.5448 
        D134 12 0.2515 0.0859 0.4451 0.2174 
        D135 12 0.1954 0.0979 0.4159 0.2908 
        D136 12 0.1519 0.4184 0.2870 0.1427 
        D137 12 0.2637 0.0627 0.1616 0.5121 
        D138 12 0.1244 0.2440 0.2050 0.4266 
        D139 12 0.5309 0.1520 0.1702 0.1469 
        D140 12 0.1176 0.1289 0.1778 0.5758 
        D141 12 0.1511 0.0675 0.1010 0.6804 
        D150 12 0.5655 0.0736 0.2934 0.0674 
        D177 12 0.3005 0.0540 0.4699 0.1756 
        D178 12 0.1803 0.5426 0.2075 0.0696 
        D179 12 0.1443 0.2219 0.4761 0.1576 
        D180 12 0.1045 0.0615 0.1707 0.6633 
        D187 12 0.1064 0.0734 0.0870 0.7332 
        D188 12 0.2499 0.0899 0.4626 0.1976 
        D191 12 0.1281 0.2204 0.1901 0.4614 
        D418 12 0.1519 0.1636 0.2273 0.4573 
        D601 12 0.2727 0.0948 0.3079 0.3246 
        D836 12 0.1776 0.0494 0.0795 0.6934 
        D837 12 0.2751 0.5105 0.0896 0.1248 
        D838 12 0.1024 0.1184 0.0922 0.6871 
        D839 12 0.3867 0.2301 0.2359 0.1473 
        D840 12 0.1334 0.3727 0.1716 0.3223 
        D841 12 0.0801 0.0537 0.0787 0.7875 
        D842 12 0.5463 0.1699 0.2041 0.0796 
        D843 12 0.1915 0.1546 0.2242 0.4297 
        D844 12 0.0883 0.5033 0.3222 0.0862 
        D912 12 0.0846 0.7376 0.0831 0.0946 
        D913 12 0.1376 0.1056 0.4580 0.2988 
        D914 12 0.2003 0.3162 0.2459 0.2376 
        D922 12 0.0821 0.0682 0.0560 0.7937 
        D939 12 0.2754 0.0710 0.0866 0.5671 
        D944 12 0.0602 0.0925 0.7160 0.1313 
        D945 12 0.2728 0.1309 0.2516 0.3448 
        D985 12 0.3085 0.1373 0.2721 0.2821 
        D986 12 0.2902 0.2820 0.3462 0.0816 
        D987 12 0.1483 0.5330 0.1924 0.1263 
        D988 12 0.3789 0.1956 0.2746 0.1510 
        D996 12 0.1024 0.1985 0.3254 0.3737 
        D997 12 0.2029 0.1279 0.1889 0.4803 
        D998 12 0.3256 0.1122 0.3404 0.2219 
        D999 12 0.5101 0.1612 0.1411 0.1876 
