        D174  1 0.0927 0.3494 0.0451 0.1033 0.2864 0.0511 0.0720 
        D199  1 0.1236 0.1131 0.1016 0.3027 0.2169 0.0897 0.0525 
        D203  1 0.1861 0.1051 0.0575 0.1556 0.2911 0.0614 0.1432 
        D204  1 0.0460 0.7508 0.0245 0.0485 0.0468 0.0248 0.0586 
     D237366  1 0.1705 0.0401 0.0315 0.1096 0.4703 0.0442 0.1338 
     D237367  1 0.2143 0.0449 0.1496 0.1405 0.2472 0.0737 0.1298 
     D237368  1 0.1381 0.2110 0.0387 0.1487 0.1723 0.0408 0.2503 
     D244101  1 0.2533 0.0886 0.0250 0.2828 0.1864 0.0353 0.1286 
     D244102  1 0.1743 0.1444 0.1222 0.1480 0.1752 0.0732 0.1628 
     D244103  1 0.2172 0.0505 0.0682 0.2243 0.3230 0.0566 0.0602 
     D244104  1 0.0529 0.2365 0.0365 0.0599 0.0497 0.4877 0.0768 
     D244105  1 0.1160 0.0229 0.0237 0.2129 0.0961 0.1787 0.3498 
     D244106  1 0.0432 0.7480 0.0212 0.0513 0.0706 0.0241 0.0416 
     D244107  1 0.3343 0.0162 0.0703 0.1836 0.2589 0.0814 0.0553 
     D244108  1 0.1073 0.0985 0.0476 0.0997 0.0773 0.0824 0.4872 
     D244113  1 0.1668 0.1598 0.0891 0.2015 0.2132 0.1021 0.0675 
     D244114  1 0.1914 0.0494 0.0258 0.3710 0.2346 0.0544 0.0733 
     D244115  1 0.0795 0.6327 0.0317 0.1184 0.0477 0.0333 0.0567 
     D267365  1 0.1594 0.1999 0.0771 0.1383 0.2742 0.0619 0.0892 
        D404  1 0.0526 0.6380 0.0960 0.0592 0.0970 0.0303 0.0271 
        D405  1 0.1768 0.2660 0.1470 0.1181 0.1765 0.0883 0.0272 
        D406  1 0.0126 0.0144 0.0111 0.0124 0.0142 0.0097 0.9257 
        D407  1 0.2644 0.3110 0.0268 0.0764 0.2467 0.0318 0.0428 
        D408  1 0.0647 0.5442 0.0582 0.0713 0.1167 0.1128 0.0320 
        D409  1 0.2447 0.0878 0.0364 0.3115 0.1993 0.0509 0.0694 
        D410  1 0.3571 0.0441 0.0303 0.2787 0.1267 0.0577 0.1055 
        D421  1 0.1677 0.5234 0.0164 0.0594 0.1511 0.0593 0.0226 
        D422  1 0.4209 0.0269 0.0434 0.1649 0.2041 0.0217 0.1181 
        D423  1 0.5228 0.0139 0.0274 0.1583 0.1697 0.0390 0.0691 
        D424  1 0.0688 0.7237 0.0150 0.1012 0.0394 0.0228 0.0291 
        D425  1 0.2303 0.0838 0.0224 0.3093 0.1924 0.1227 0.0390 
        D426  1 0.1943 0.0528 0.0192 0.3774 0.2518 0.0660 0.0386 
        D427  1 0.0912 0.4097 0.0211 0.0985 0.0910 0.2737 0.0148 
        D428  1 0.0922 0.5339 0.0298 0.1031 0.1046 0.0505 0.0858 
        D429  1 0.0288 0.8421 0.0156 0.0217 0.0383 0.0154 0.0380 
        D430  1 0.1098 0.5339 0.0476 0.1407 0.0901 0.0488 0.0291 
        D491  1 0.0666 0.4717 0.0397 0.0764 0.0567 0.0976 0.1913 
        D492  1 0.1266 0.6191 0.0235 0.0600 0.0598 0.0194 0.0916 
        D537  1 0.1632 0.0867 0.0275 0.1655 0.1255 0.0692 0.3624 
        D538  1 0.1628 0.1551 0.1523 0.1262 0.1613 0.0352 0.2070 
        D539  1 0.0627 0.1358 0.1126 0.1045 0.0777 0.1091 0.3976 
        D540  1 0.1907 0.0481 0.0452 0.2565 0.2076 0.2284 0.0235 
        D541  1 0.0362 0.8511 0.0212 0.0278 0.0248 0.0207 0.0183 
        D551  1 0.1309 0.0274 0.0183 0.5626 0.1720 0.0252 0.0635 
        D552  1 0.0301 0.0519 0.0204 0.0367 0.0440 0.0368 0.7802 
        D553  1 0.1675 0.2667 0.0363 0.1964 0.1782 0.1147 0.0402 
        D615  1 0.0599 0.5495 0.0883 0.1019 0.0713 0.0592 0.0699 
        D616  1 0.1984 0.3299 0.0528 0.1867 0.0858 0.0571 0.0893 
        D621  1 0.0404 0.0335 0.0389 0.0277 0.0291 0.0508 0.7796 
        D622  1 0.0422 0.0252 0.0167 0.0393 0.0361 0.0256 0.8148 
        D623  1 0.2401 0.1776 0.0625 0.1840 0.2081 0.0526 0.0752 
        D624  1 0.0533 0.5808 0.0373 0.1472 0.0451 0.0985 0.0378 
        D625  1 0.0408 0.5161 0.1646 0.0591 0.0383 0.0202 0.1609 
        D626  1 0.0624 0.0721 0.0290 0.0658 0.0647 0.6301 0.0760 
        D627  1 0.2027 0.0909 0.0461 0.3042 0.2585 0.0287 0.0688 
        D690  1 0.0161 0.8972 0.0207 0.0163 0.0167 0.0173 0.0157 
        D691  1 0.0263 0.0263 0.0207 0.0251 0.0437 0.0222 0.8358 
        D710  1 0.2133 0.1650 0.0558 0.1765 0.2452 0.0888 0.0555 
        D711  1 0.0296 0.8386 0.0224 0.0257 0.0327 0.0124 0.0386 
        D712  1 0.0890 0.0752 0.0592 0.0980 0.2374 0.2370 0.2043 
        D713  1 0.2007 0.1254 0.0523 0.2247 0.1472 0.0421 0.2077 
        D746  1 0.0346 0.0466 0.0196 0.0272 0.0346 0.0251 0.8123 
        D747  1 0.0296 0.8593 0.0186 0.0281 0.0259 0.0201 0.0184 
        D748  1 0.0351 0.0606 0.0329 0.0442 0.0464 0.0296 0.7512 
        D749  1 0.3455 0.0440 0.0256 0.2998 0.0658 0.0364 0.1829 
        D750  1 0.0175 0.8985 0.0169 0.0176 0.0144 0.0154 0.0197 
        D763  1 0.0946 0.0334 0.0818 0.1453 0.0906 0.2746 0.2796 
        D764  1 0.0133 0.9115 0.0113 0.0164 0.0138 0.0143 0.0194 
        D765  1 0.2200 0.0282 0.0376 0.2678 0.1958 0.1246 0.1260 
        D766  1 0.0259 0.0229 0.0233 0.0257 0.0280 0.0526 0.8216 
        D767  1 0.1965 0.0864 0.1240 0.1450 0.2295 0.0479 0.1708 
        D768  1 0.2049 0.1392 0.0319 0.2503 0.1886 0.0838 0.1013 
        D811  1 0.1072 0.0660 0.0807 0.1066 0.0471 0.5682 0.0242 
        D816  1 0.0279 0.7987 0.0143 0.0325 0.0858 0.0156 0.0253 
        D825  1 0.1042 0.4087 0.1283 0.1131 0.0959 0.0642 0.0855 
        D866  1 0.1630 0.1037 0.2468 0.1431 0.1054 0.1909 0.0472 
        D867  1 0.2647 0.0213 0.0207 0.2286 0.3601 0.0274 0.0770 
        D871  1 0.1381 0.2967 0.0517 0.1817 0.2142 0.0345 0.0831 
        D872  1 0.0457 0.0296 0.0590 0.0494 0.0638 0.0439 0.7086 
        D873  1 0.5624 0.0235 0.0715 0.2228 0.0636 0.0209 0.0351 
        D874  1 0.0931 0.3950 0.0287 0.0966 0.2074 0.0333 0.1459 
        D875  1 0.1403 0.0378 0.0385 0.1730 0.2138 0.0154 0.3812 
        D876  1 0.0235 0.0630 0.0212 0.0334 0.0373 0.0349 0.7868 
        D877  1 0.0963 0.5165 0.0951 0.1508 0.0740 0.0276 0.0399 
        D892  1 0.0330 0.1167 0.0244 0.0449 0.0825 0.0196 0.6789 
        D893  1 0.1510 0.0855 0.0427 0.1657 0.3032 0.0624 0.1894 
        D894  1 0.0175 0.9019 0.0199 0.0192 0.0149 0.0105 0.0161 
        D915  1 0.1437 0.0586 0.0531 0.1536 0.2733 0.0438 0.2740 
        D916  1 0.0125 0.9204 0.0132 0.0144 0.0131 0.0099 0.0164 
        D917  1 0.1364 0.0866 0.2654 0.1685 0.2489 0.0682 0.0259 
        D925  1 0.2081 0.1871 0.0793 0.2097 0.0934 0.0617 0.1607 
        D926  1 0.0951 0.4743 0.0319 0.1376 0.1422 0.0377 0.0811 
        D927  1 0.1183 0.0994 0.0744 0.2019 0.3377 0.0437 0.1246 
        D928  1 0.0463 0.7440 0.0182 0.0525 0.0563 0.0448 0.0378 
        D929  1 0.1085 0.0867 0.3241 0.0985 0.2313 0.0392 0.1116 
        D936  1 0.0936 0.5827 0.0323 0.0794 0.1308 0.0242 0.0570 
        D938  1 0.0169 0.0135 0.0124 0.0138 0.0151 0.0272 0.9010 
        D956  1 0.0224 0.8939 0.0185 0.0174 0.0206 0.0158 0.0114 
        D957  1 0.0754 0.0259 0.0501 0.0407 0.0637 0.0244 0.7198 
        D958  1 0.0134 0.0321 0.0137 0.0172 0.0148 0.0189 0.8899 
        D959  1 0.3741 0.1722 0.0131 0.1024 0.2928 0.0296 0.0158 
        D960  1 0.1192 0.0273 0.0179 0.0932 0.0595 0.0130 0.6699 
        D989  1 0.0877 0.2287 0.0207 0.1434 0.2062 0.2449 0.0683 
        D990  1 0.3526 0.0200 0.0790 0.3525 0.0937 0.0448 0.0573 
        D211  3 0.0398 0.0306 0.7193 0.0362 0.0744 0.0680 0.0317 
     D229639  3 0.1105 0.1082 0.1231 0.1902 0.0776 0.3557 0.0347 
     D237212  3 0.1986 0.1092 0.2882 0.1143 0.1055 0.1518 0.0324 
     D237213  3 0.0750 0.0145 0.5060 0.0916 0.0561 0.1963 0.0604 
     D237214  3 0.2034 0.0266 0.0202 0.0421 0.6713 0.0122 0.0242 
     D237215  3 0.1946 0.0260 0.1336 0.1436 0.1595 0.3242 0.0185 
     D237216  3 0.1640 0.0312 0.0651 0.4085 0.1715 0.1204 0.0393 
     D237217  3 0.1318 0.0165 0.2054 0.2634 0.1086 0.1464 0.1279 
     D237218  3 0.0945 0.0554 0.0709 0.1621 0.2370 0.0653 0.3148 
     D237219  3 0.0359 0.0175 0.0720 0.0376 0.0465 0.7377 0.0528 
     D237382  3 0.1120 0.1398 0.2074 0.1040 0.1363 0.0851 0.2155 
     D244127  3 0.2926 0.0166 0.1221 0.1921 0.1106 0.2236 0.0425 
     D244129  3 0.1363 0.1188 0.1736 0.1420 0.1703 0.1310 0.1279 
     D244133  3 0.0474 0.0573 0.0248 0.0436 0.0460 0.7477 0.0333 
     D244134  3 0.0385 0.0206 0.0649 0.0458 0.0428 0.7130 0.0744 
     D244135  3 0.2402 0.0192 0.0624 0.1006 0.5042 0.0334 0.0401 
     D244136  3 0.1198 0.1786 0.0286 0.0967 0.0818 0.4204 0.0742 
        D416  3 0.1317 0.0287 0.0668 0.1699 0.1133 0.4567 0.0329 
        D417  3 0.0968 0.2341 0.0210 0.1057 0.0472 0.0426 0.4525 
        D419  3 0.0548 0.0242 0.0557 0.0969 0.0753 0.5338 0.1592 
        D565  3 0.0600 0.4569 0.0358 0.0971 0.0949 0.2115 0.0437 
        D566  3 0.0878 0.4882 0.0706 0.1300 0.0542 0.1466 0.0226 
        D567  3 0.2001 0.1897 0.0895 0.1288 0.0935 0.1840 0.1145 
        D568  3 0.0754 0.0300 0.0775 0.0744 0.0681 0.2460 0.4286 
        D569  3 0.2116 0.0368 0.1856 0.1463 0.3604 0.0339 0.0254 
        D573  3 0.2097 0.1869 0.0525 0.2681 0.0932 0.1690 0.0206 
        D574  3 0.1645 0.1309 0.0789 0.1958 0.2721 0.0810 0.0767 
        D575  3 0.0253 0.0119 0.0463 0.0181 0.0264 0.8425 0.0295 
        D576  3 0.1091 0.0165 0.1220 0.0793 0.1405 0.5225 0.0101 
        D577  3 0.0975 0.0895 0.1898 0.0961 0.1187 0.1120 0.2964 
        D578  3 0.2094 0.0099 0.0147 0.0234 0.6996 0.0172 0.0257 
        D579  3 0.0922 0.5472 0.0471 0.0706 0.0850 0.1200 0.0379 
        D660  3 0.2697 0.0230 0.1472 0.1451 0.2937 0.0986 0.0227 
        D661  3 0.0810 0.0235 0.0469 0.1349 0.1974 0.0372 0.4790 
        D663  3 0.2474 0.0274 0.1005 0.3925 0.1625 0.0489 0.0209 
        D664  3 0.1401 0.0216 0.1307 0.1417 0.3011 0.2146 0.0503 
        D665  3 0.0346 0.0157 0.7785 0.0530 0.0483 0.0540 0.0157 
        D666  3 0.0316 0.0227 0.0244 0.0281 0.0315 0.8306 0.0310 
        D502  6 0.0678 0.0141 0.7536 0.0791 0.0268 0.0409 0.0177 
        D503  6 0.1647 0.0568 0.1540 0.2327 0.1074 0.0764 0.2081 
        D504  6 0.1595 0.3359 0.0423 0.1594 0.1414 0.0382 0.1234 
        D505  6 0.1607 0.1798 0.1670 0.1621 0.2474 0.0597 0.0232 
        D506  6 0.0442 0.8214 0.0142 0.0389 0.0415 0.0253 0.0145 
        D507  6 0.1933 0.0584 0.0991 0.3613 0.1214 0.1118 0.0548 
        D508  6 0.1653 0.0591 0.3869 0.1811 0.1190 0.0567 0.0319 
        D529  6 0.2301 0.1031 0.0820 0.1785 0.2824 0.0626 0.0612 
        D530  6 0.1023 0.0248 0.6894 0.0536 0.0512 0.0475 0.0312 
        D531  6 0.1369 0.3548 0.0780 0.1655 0.0872 0.1155 0.0622 
        D532  6 0.2942 0.1174 0.0401 0.2532 0.2125 0.0535 0.0291 
        D534  6 0.1528 0.0412 0.0628 0.1281 0.0889 0.0360 0.4902 
        D535  6 0.2391 0.1298 0.0659 0.2411 0.1433 0.1469 0.0338 
        D536  6 0.3398 0.0311 0.1195 0.2550 0.1955 0.0376 0.0216 
        D554  6 0.1600 0.3261 0.1427 0.1557 0.0974 0.0517 0.0665 
        D587  6 0.1065 0.4107 0.0270 0.1655 0.1342 0.0654 0.0908 
        D588  6 0.2920 0.0531 0.0332 0.4462 0.0895 0.0724 0.0137 
        D589  6 0.2297 0.0408 0.2358 0.2933 0.1051 0.0403 0.0551 
        D590  6 0.4609 0.1382 0.0266 0.2019 0.1006 0.0398 0.0319 
        D591  6 0.0899 0.1003 0.1148 0.1896 0.1109 0.2458 0.1488 
        D592  6 0.1360 0.1649 0.0775 0.0951 0.0435 0.0458 0.4371 
        D593  6 0.0175 0.0121 0.8685 0.0270 0.0190 0.0418 0.0140 
        D682  6 0.0304 0.8331 0.0158 0.0340 0.0277 0.0373 0.0219 
        D683  6 0.1157 0.2302 0.3135 0.1382 0.1239 0.0308 0.0475 
        D684  6 0.1794 0.0486 0.2958 0.1918 0.2085 0.0368 0.0390 
        D685  6 0.1170 0.0276 0.3445 0.3475 0.0704 0.0590 0.0340 
        D686  6 0.4389 0.0497 0.0333 0.2929 0.1400 0.0245 0.0207 
        D724  6 0.2134 0.0744 0.2393 0.1725 0.1263 0.0466 0.1276 
        D725  6 0.1113 0.0181 0.3857 0.1373 0.0944 0.1288 0.1245 
        D726  6 0.0572 0.6574 0.0202 0.0650 0.0636 0.0548 0.0818 
        D727  6 0.4349 0.0572 0.0301 0.1672 0.2372 0.0555 0.0179 
        D728  6 0.1065 0.2212 0.1250 0.1478 0.0514 0.2827 0.0654 
        D729  6 0.5438 0.0351 0.0327 0.1464 0.2076 0.0145 0.0199 
        D730  6 0.1728 0.0822 0.0647 0.1773 0.2403 0.0702 0.1925 
        D731  6 0.0961 0.1860 0.1162 0.1164 0.1293 0.3308 0.0252 
        D732  6 0.1374 0.0489 0.3545 0.1500 0.1335 0.0895 0.0862 
        D733  6 0.0668 0.0508 0.0947 0.0803 0.1124 0.0627 0.5323 
     D237251  7 0.1223 0.0393 0.0250 0.1516 0.2402 0.3211 0.1005 
     D237252  7 0.0831 0.0214 0.3582 0.0991 0.0706 0.1723 0.1953 
     D237253  7 0.2241 0.1172 0.0369 0.2737 0.1760 0.1268 0.0455 
     D237254  7 0.2062 0.0105 0.0201 0.0366 0.6840 0.0160 0.0267 
     D237255  7 0.1180 0.0506 0.0535 0.1330 0.1464 0.4337 0.0647 
     D237256  7 0.2318 0.0358 0.1159 0.3432 0.1070 0.1453 0.0210 
     D237257  7 0.2599 0.0331 0.0856 0.2699 0.2872 0.0401 0.0243 
     D237282  7 0.2210 0.1060 0.0333 0.1711 0.1601 0.0722 0.2362 
     D237283  7 0.0194 0.0100 0.8721 0.0210 0.0167 0.0389 0.0219 
     D237284  7 0.1963 0.0427 0.0447 0.1216 0.4977 0.0316 0.0655 
     D237285  7 0.1740 0.0294 0.3888 0.1614 0.1566 0.0540 0.0359 
     D237286  7 0.2016 0.1993 0.0432 0.2653 0.1576 0.0890 0.0441 
     D237287  7 0.1005 0.0365 0.0474 0.1498 0.0766 0.5492 0.0400 
     D244006  7 0.1942 0.0213 0.0223 0.0441 0.6761 0.0135 0.0284 
     D244007  7 0.2845 0.0482 0.0186 0.1268 0.3165 0.0307 0.1746 
     D244008  7 0.0201 0.0168 0.8267 0.0273 0.0188 0.0610 0.0293 
     D244009  7 0.0337 0.0302 0.0748 0.0389 0.0280 0.0401 0.7544 
     D244010  7 0.0470 0.0407 0.7355 0.0592 0.0616 0.0382 0.0177 
     D244011  7 0.1532 0.0455 0.1273 0.2676 0.3059 0.0452 0.0553 
     D244012  7 0.0863 0.0503 0.6224 0.0933 0.0747 0.0566 0.0163 
     D244013  7 0.1224 0.0669 0.1083 0.1394 0.4020 0.0789 0.0822 
     D244014  7 0.2129 0.0187 0.0824 0.2162 0.1460 0.2334 0.0903 
     D244015  7 0.1971 0.0339 0.0742 0.1752 0.1037 0.2851 0.1309 
     D244125  7 0.2153 0.1304 0.0467 0.1786 0.0827 0.2656 0.0807 
     D244126  7 0.0209 0.0193 0.8886 0.0206 0.0175 0.0159 0.0172 
     D244130  7 0.3944 0.0237 0.0921 0.3531 0.0907 0.0237 0.0223 
     D244131  7 0.1133 0.2971 0.0537 0.0860 0.2452 0.0217 0.1830 
     D244132  7 0.0895 0.0546 0.0384 0.1879 0.0860 0.3203 0.2233 
        D520  7 0.0616 0.0339 0.6908 0.0768 0.0407 0.0572 0.0390 
        D521  7 0.1699 0.0484 0.3059 0.1461 0.2130 0.0559 0.0606 
        D522  7 0.0334 0.0314 0.0197 0.0322 0.0618 0.0400 0.7815 
        D523  7 0.1319 0.0492 0.0321 0.2006 0.1902 0.0608 0.3352 
        D524  7 0.1622 0.0668 0.0806 0.1361 0.2377 0.1730 0.1436 
        D525  7 0.2327 0.1771 0.1369 0.2180 0.1172 0.0306 0.0875 
        D526  7 0.2179 0.0285 0.0479 0.1043 0.4568 0.0626 0.0821 
        D527  7 0.1003 0.2014 0.0858 0.1589 0.2017 0.1731 0.0788 
        D528  7 0.1472 0.0147 0.0500 0.7352 0.0228 0.0149 0.0151 
        D558  7 0.2327 0.0483 0.1119 0.1192 0.2210 0.0290 0.2379 
        D559  7 0.2600 0.0590 0.0959 0.1876 0.2464 0.0473 0.1038 
        D640  7 0.1129 0.0362 0.0371 0.1610 0.0925 0.5100 0.0504 
        D641  7 0.1459 0.0195 0.1790 0.0934 0.1797 0.3551 0.0275 
        D642  7 0.3313 0.0422 0.0547 0.1440 0.2251 0.0293 0.1732 
        D644  7 0.1562 0.0659 0.2439 0.1507 0.1307 0.1381 0.1144 
        D645  7 0.0629 0.0451 0.0491 0.0920 0.0618 0.6061 0.0830 
        D662  7 0.2222 0.1604 0.0193 0.2122 0.0935 0.1211 0.1712 
        D687  7 0.1072 0.1036 0.1455 0.2033 0.1952 0.0543 0.1909 
        D688  7 0.3211 0.0328 0.1970 0.2002 0.1991 0.0264 0.0234 
        D689  7 0.0191 0.0281 0.0233 0.0215 0.0272 0.8612 0.0195 
        D700  7 0.1276 0.0169 0.0160 0.7909 0.0243 0.0108 0.0134 
        D797  7 0.0782 0.2691 0.0655 0.1098 0.1183 0.0827 0.2765 
        D798  7 0.1860 0.0198 0.0563 0.2069 0.0501 0.4410 0.0400 
        D799  7 0.1499 0.0565 0.0991 0.2528 0.2837 0.1174 0.0407 
        D800  7 0.1246 0.3761 0.0302 0.2159 0.1140 0.0472 0.0920 
        D201  9 0.1195 0.0252 0.0469 0.1508 0.1330 0.0399 0.4847 
        D202  9 0.1000 0.0292 0.6735 0.0730 0.0737 0.0336 0.0170 
     D237259  9 0.1547 0.0216 0.1027 0.5586 0.0315 0.1158 0.0151 
     D237260  9 0.1656 0.0461 0.1670 0.2620 0.2873 0.0467 0.0253 
     D237262  9 0.0720 0.0554 0.6143 0.0946 0.0998 0.0213 0.0426 
     D237263  9 0.1538 0.0880 0.3128 0.1449 0.1825 0.0329 0.0851 
     D237264  9 0.1945 0.1009 0.2060 0.2134 0.2003 0.0417 0.0432 
     D237265  9 0.0744 0.0407 0.6971 0.0760 0.0485 0.0217 0.0417 
     D237266  9 0.2797 0.0245 0.0478 0.1164 0.0853 0.4307 0.0156 
     D237267  9 0.1488 0.0871 0.2562 0.2683 0.1554 0.0714 0.0128 
     D237268  9 0.0278 0.0279 0.8360 0.0225 0.0335 0.0257 0.0268 
     D237289  9 0.0698 0.0706 0.5164 0.1037 0.0857 0.0760 0.0778 
     D237290  9 0.0835 0.0357 0.5405 0.0807 0.0551 0.1736 0.0309 
     D237291  9 0.2144 0.0327 0.0197 0.3293 0.2591 0.0976 0.0472 
     D237292  9 0.2089 0.0290 0.3918 0.1556 0.1415 0.0185 0.0547 
     D237293  9 0.0878 0.0266 0.4195 0.0682 0.0521 0.3075 0.0382 
     D237294  9 0.1060 0.0627 0.0573 0.1792 0.2609 0.0369 0.2969 
     D237295  9 0.0732 0.3358 0.2226 0.0804 0.0989 0.0882 0.1009 
     D237296  9 0.1781 0.0573 0.0424 0.2925 0.1846 0.1272 0.1179 
     D237297  9 0.2494 0.0623 0.1208 0.2917 0.1435 0.0974 0.0349 
     D237298  9 0.0888 0.0661 0.1334 0.1217 0.2074 0.0917 0.2910 
     D237341  9 0.2163 0.0519 0.1000 0.2691 0.1627 0.0754 0.1245 
     D237342  9 0.0355 0.0518 0.8095 0.0382 0.0295 0.0213 0.0142 
     D237343  9 0.1844 0.0535 0.0651 0.2855 0.2668 0.0738 0.0710 
     D237344  9 0.1432 0.0474 0.1137 0.1400 0.2148 0.3028 0.0380 
     D237345  9 0.0546 0.0206 0.4753 0.0718 0.0552 0.0267 0.2958 
     D237346  9 0.1764 0.0395 0.1085 0.2526 0.0967 0.2179 0.1083 
     D237347  9 0.1762 0.1256 0.0369 0.2092 0.3196 0.0654 0.0670 
     D237348  9 0.1241 0.0282 0.5044 0.0656 0.1334 0.0887 0.0556 
     D237349  9 0.4032 0.0790 0.0224 0.1613 0.1450 0.0350 0.1542 
     D244109  9 0.2786 0.0293 0.0710 0.1391 0.4181 0.0350 0.0289 
     D244110  9 0.1752 0.0317 0.0864 0.2182 0.2728 0.1431 0.0726 
     D244111  9 0.2281 0.0711 0.1522 0.1747 0.2218 0.0897 0.0625 
     D244128  9 0.0351 0.0318 0.8201 0.0378 0.0371 0.0154 0.0226 
     D244137  9 0.1576 0.3136 0.0454 0.0884 0.1893 0.0329 0.1728 
     D244138  9 0.3521 0.0427 0.1346 0.2466 0.1264 0.0277 0.0699 
        D580  9 0.0749 0.0166 0.2751 0.0857 0.0750 0.0639 0.4089 
        D581  9 0.0985 0.0175 0.6835 0.0575 0.0561 0.0236 0.0634 
        D582  9 0.0195 0.0173 0.8661 0.0193 0.0321 0.0162 0.0295 
        D583  9 0.2772 0.0282 0.0518 0.1953 0.1535 0.1902 0.1038 
        D584  9 0.3127 0.0375 0.2967 0.1462 0.0931 0.0515 0.0623 
        D585  9 0.0460 0.0507 0.7367 0.0679 0.0379 0.0278 0.0330 
        D586  9 0.2463 0.0484 0.0513 0.3167 0.2133 0.0825 0.0416 
        D651  9 0.0478 0.0292 0.0310 0.0592 0.0545 0.6224 0.1561 
        D652  9 0.3383 0.1447 0.0419 0.1748 0.1383 0.0261 0.1359 
        D653  9 0.2109 0.0426 0.1390 0.3100 0.1302 0.1189 0.0484 
        D654  9 0.2818 0.0488 0.0263 0.1964 0.1681 0.1723 0.1065 
        D655  9 0.1800 0.0756 0.0760 0.1621 0.1002 0.3762 0.0299 
        D656  9 0.4546 0.0227 0.0598 0.1211 0.2776 0.0295 0.0346 
        D657  9 0.2726 0.0296 0.0859 0.1657 0.2985 0.0406 0.1071 
        D667  9 0.0211 0.0201 0.0270 0.0221 0.0288 0.8659 0.0150 
        D668  9 0.0762 0.0175 0.1481 0.0858 0.0426 0.5361 0.0938 
        D669  9 0.0679 0.0270 0.5371 0.0980 0.0906 0.0469 0.1324 
        D670  9 0.1250 0.0250 0.0318 0.1871 0.0773 0.5242 0.0296 
        D671  9 0.2143 0.0639 0.1156 0.2513 0.1797 0.0229 0.1522 
        D672  9 0.0644 0.0507 0.3739 0.0921 0.0484 0.1278 0.2425 
        D673  9 0.0450 0.0325 0.0695 0.0943 0.0316 0.4748 0.2524 
        D692  9 0.2809 0.0443 0.2780 0.1367 0.2004 0.0299 0.0299 
        D693  9 0.0688 0.0267 0.0903 0.0701 0.0506 0.5802 0.1132 
        D694  9 0.1610 0.0260 0.3143 0.1381 0.2999 0.0190 0.0418 
        D695  9 0.1258 0.0742 0.1420 0.1052 0.0564 0.2864 0.2100 
        D696  9 0.0413 0.6701 0.0331 0.0550 0.0929 0.0589 0.0487 
        D697  9 0.0388 0.0274 0.0220 0.0323 0.0243 0.8086 0.0467 
        D698  9 0.1160 0.0676 0.2932 0.1778 0.0738 0.2263 0.0453 
        D699  9 0.0551 0.0298 0.1740 0.0672 0.0447 0.5776 0.0516 
        D787  9 0.2961 0.0976 0.0558 0.1723 0.1081 0.2332 0.0368 
        D788  9 0.0417 0.0281 0.2762 0.0611 0.0340 0.5270 0.0319 
        D789  9 0.1158 0.0462 0.4102 0.1173 0.2048 0.0722 0.0336 
        D790  9 0.1201 0.0252 0.0316 0.0923 0.0356 0.6405 0.0546 
        D791  9 0.0716 0.0402 0.5874 0.0677 0.1752 0.0365 0.0214 
        D792  9 0.2281 0.0823 0.0230 0.1748 0.2835 0.1493 0.0591 
        D793  9 0.0264 0.0510 0.0175 0.0337 0.0234 0.8272 0.0207 
        D794  9 0.1240 0.0836 0.0464 0.1332 0.2021 0.3459 0.0648 
        D795  9 0.0406 0.0493 0.7812 0.0419 0.0240 0.0333 0.0297 
        D796  9 0.0302 0.0162 0.1045 0.0450 0.0345 0.7495 0.0202 
        D005 12 0.2090 0.0143 0.0318 0.0749 0.6309 0.0183 0.0208 
        D035 12 0.0203 0.0210 0.0146 0.0330 0.0188 0.8737 0.0186 
        D067 12 0.0653 0.0453 0.1129 0.0944 0.0481 0.6050 0.0289 
        D134 12 0.2172 0.0484 0.1347 0.3338 0.1816 0.0577 0.0264 
        D135 12 0.1383 0.0334 0.0994 0.4734 0.1013 0.1042 0.0499 
        D136 12 0.1339 0.2664 0.0549 0.1860 0.1028 0.1216 0.1344 
        D137 12 0.0722 0.0192 0.1009 0.0920 0.0353 0.6410 0.0393 
        D138 12 0.1036 0.0718 0.0343 0.1672 0.0882 0.3750 0.1599 
        D139 12 0.2172 0.0679 0.1684 0.2132 0.2186 0.0584 0.0562 
        D140 12 0.0348 0.0419 0.0246 0.0464 0.0240 0.7958 0.0326 
        D141 12 0.0539 0.0115 0.2723 0.0500 0.0493 0.2012 0.3618 
        D150 12 0.4955 0.0301 0.0544 0.2680 0.0999 0.0300 0.0222 
        D177 12 0.2499 0.0579 0.1409 0.2846 0.1466 0.1064 0.0138 
        D178 12 0.1109 0.2327 0.0314 0.1693 0.1089 0.0359 0.3108 
        D179 12 0.1984 0.0756 0.0292 0.3375 0.1547 0.1172 0.0874 
        D180 12 0.0812 0.0176 0.1065 0.1227 0.1374 0.4879 0.0467 
        D187 12 0.0264 0.0288 0.0390 0.0412 0.0279 0.8182 0.0185 
        D188 12 0.1579 0.0234 0.3462 0.1155 0.1936 0.0266 0.1368 
        D191 12 0.0566 0.0362 0.0443 0.0728 0.0864 0.1956 0.5080 
        D418 12 0.0776 0.0251 0.0760 0.0894 0.0533 0.1056 0.5730 
        D601 12 0.1331 0.0257 0.4144 0.0692 0.2812 0.0557 0.0207 
        D836 12 0.0294 0.0146 0.5755 0.0340 0.0464 0.2679 0.0322 
        D837 12 0.1524 0.2857 0.0796 0.1140 0.1680 0.0694 0.1310 
        D838 12 0.0282 0.0362 0.0232 0.0287 0.0284 0.8285 0.0269 
        D839 12 0.1563 0.0465 0.2815 0.1934 0.1499 0.0533 0.1189 
        D840 12 0.1374 0.0532 0.0399 0.1507 0.2361 0.1111 0.2717 
        D841 12 0.0214 0.0155 0.0186 0.0221 0.0201 0.8788 0.0235 
        D842 12 0.4119 0.0230 0.0606 0.1710 0.1290 0.0194 0.1851 
        D843 12 0.1610 0.0947 0.1429 0.2036 0.1229 0.2355 0.0394 
        D844 12 0.0963 0.0414 0.0356 0.1338 0.1807 0.0195 0.4927 
        D912 12 0.0660 0.2681 0.0190 0.0865 0.1951 0.0416 0.3237 
        D913 12 0.1307 0.0347 0.0230 0.2024 0.1295 0.4552 0.0245 
        D914 12 0.1487 0.0625 0.0366 0.2253 0.3726 0.0868 0.0677 
        D922 12 0.0240 0.0253 0.0615 0.0287 0.0251 0.8019 0.0334 
        D939 12 0.0580 0.0248 0.4923 0.0619 0.0821 0.1997 0.0813 
        D944 12 0.1655 0.0237 0.0164 0.3956 0.1321 0.1820 0.0847 
        D945 12 0.1637 0.0542 0.1929 0.2339 0.1225 0.1833 0.0494 
        D985 12 0.1500 0.0408 0.0694 0.1313 0.2809 0.1637 0.1639 
        D986 12 0.1459 0.0709 0.1183 0.2799 0.3226 0.0201 0.0422 
        D987 12 0.1152 0.1171 0.0305 0.1398 0.4046 0.0391 0.1536 
        D988 12 0.1168 0.0595 0.1005 0.2136 0.4231 0.0416 0.0448 
        D996 12 0.1348 0.0375 0.0224 0.1749 0.3389 0.2470 0.0445 
        D997 12 0.0976 0.0405 0.4398 0.1373 0.1270 0.1177 0.0401 
        D998 12 0.1425 0.0835 0.0911 0.3334 0.0901 0.2371 0.0222 
        D999 12 0.1719 0.0337 0.2121 0.1889 0.1426 0.0578 0.1931 
