        D174  1 0.3217 0.2907 0.0558 0.0693 0.0656 0.1031 0.0937 
        D199  1 0.0883 0.1523 0.0825 0.0506 0.1196 0.4266 0.0802 
        D203  1 0.1104 0.3217 0.0593 0.1049 0.0623 0.1767 0.1648 
        D204  1 0.7398 0.0366 0.0225 0.0802 0.0310 0.0301 0.0598 
     D237366  1 0.0283 0.3734 0.0386 0.2074 0.0481 0.1061 0.1981 
     D237367  1 0.0590 0.2716 0.0710 0.1457 0.1802 0.1849 0.0877 
     D237368  1 0.2266 0.3024 0.0459 0.2505 0.0382 0.1009 0.0355 
     D244101  1 0.0591 0.0880 0.0337 0.0961 0.0245 0.1947 0.5039 
     D244102  1 0.1331 0.1129 0.0649 0.1609 0.1191 0.1888 0.2202 
     D244103  1 0.0807 0.3179 0.0630 0.0830 0.0992 0.2834 0.0727 
     D244104  1 0.2182 0.0346 0.5115 0.0723 0.0350 0.0778 0.0506 
     D244105  1 0.0262 0.1066 0.1388 0.3227 0.0215 0.3371 0.0471 
     D244106  1 0.6425 0.0400 0.0240 0.0464 0.0230 0.0640 0.1602 
     D244107  1 0.0193 0.5437 0.0562 0.0390 0.1157 0.1982 0.0280 
     D244108  1 0.0856 0.0770 0.0673 0.5700 0.0420 0.1114 0.0468 
     D244113  1 0.1320 0.2418 0.1303 0.0737 0.1118 0.1890 0.1214 
     D244114  1 0.0513 0.1666 0.0744 0.0825 0.0219 0.3990 0.2044 
     D244115  1 0.6191 0.0307 0.0348 0.0543 0.0418 0.1241 0.0953 
     D267365  1 0.1426 0.1133 0.0713 0.0753 0.0691 0.1738 0.3545 
        D404  1 0.5681 0.0936 0.0395 0.0295 0.1302 0.0497 0.0894 
        D405  1 0.2383 0.1384 0.0621 0.0224 0.1621 0.1246 0.2522 
        D406  1 0.0103 0.0121 0.0092 0.9320 0.0109 0.0127 0.0129 
        D407  1 0.4762 0.3437 0.0267 0.0476 0.0214 0.0598 0.0247 
        D408  1 0.5016 0.0927 0.1201 0.0244 0.0663 0.0740 0.1209 
        D409  1 0.0819 0.1910 0.0629 0.0875 0.0386 0.4309 0.1072 
        D410  1 0.0455 0.3370 0.0429 0.1289 0.0377 0.3495 0.0585 
        D421  1 0.7191 0.1226 0.0414 0.0154 0.0140 0.0472 0.0402 
        D422  1 0.0522 0.3866 0.0192 0.1952 0.0365 0.2680 0.0423 
        D423  1 0.0236 0.5444 0.0305 0.0764 0.0405 0.2552 0.0295 
        D424  1 0.7842 0.0380 0.0203 0.0272 0.0141 0.0807 0.0356 
        D425  1 0.0680 0.1227 0.1468 0.0376 0.0267 0.4495 0.1487 
        D426  1 0.0566 0.2627 0.0587 0.0429 0.0231 0.4865 0.0695 
        D427  1 0.5087 0.0520 0.2590 0.0126 0.0196 0.1057 0.0424 
        D428  1 0.5550 0.1386 0.0489 0.0697 0.0269 0.1068 0.0541 
        D429  1 0.8519 0.0184 0.0108 0.0218 0.0125 0.0263 0.0583 
        D430  1 0.4678 0.0846 0.0694 0.0276 0.0448 0.2087 0.0971 
        D491  1 0.5672 0.0360 0.1126 0.1507 0.0290 0.0701 0.0344 
        D492  1 0.6937 0.0963 0.0162 0.0755 0.0246 0.0544 0.0392 
        D537  1 0.0947 0.1773 0.0648 0.4228 0.0311 0.1580 0.0513 
        D538  1 0.1454 0.3323 0.0340 0.2122 0.1255 0.0977 0.0530 
        D539  1 0.1337 0.0308 0.0658 0.3741 0.1091 0.1417 0.1448 
        D540  1 0.0472 0.2417 0.2507 0.0251 0.0466 0.2904 0.0982 
        D541  1 0.8732 0.0238 0.0160 0.0188 0.0190 0.0276 0.0217 
        D551  1 0.0336 0.1815 0.0249 0.0836 0.0218 0.5694 0.0851 
        D552  1 0.0622 0.0200 0.0483 0.7033 0.0183 0.0329 0.1150 
        D553  1 0.4022 0.0983 0.1189 0.0281 0.0431 0.1363 0.1730 
        D615  1 0.5472 0.0472 0.0513 0.0588 0.0850 0.1043 0.1061 
        D616  1 0.3850 0.1618 0.0548 0.0919 0.0486 0.1820 0.0759 
        D621  1 0.0305 0.0259 0.0500 0.8016 0.0335 0.0191 0.0395 
        D622  1 0.0228 0.0317 0.0251 0.8493 0.0162 0.0277 0.0271 
        D623  1 0.1049 0.2660 0.0569 0.0882 0.1240 0.2298 0.1301 
        D624  1 0.5957 0.0394 0.0880 0.0318 0.0458 0.1601 0.0390 
        D625  1 0.5745 0.0269 0.0187 0.1405 0.1375 0.0641 0.0378 
        D626  1 0.0725 0.0598 0.6744 0.0537 0.0330 0.0791 0.0275 
        D627  1 0.1777 0.2099 0.0249 0.0835 0.0488 0.3554 0.0999 
        D690  1 0.8931 0.0166 0.0203 0.0174 0.0218 0.0128 0.0179 
        D691  1 0.0227 0.0267 0.0203 0.8666 0.0192 0.0221 0.0225 
        D710  1 0.1693 0.2810 0.1396 0.0540 0.0608 0.2025 0.0928 
        D711  1 0.8237 0.0334 0.0116 0.0314 0.0275 0.0264 0.0460 
        D712  1 0.0618 0.1492 0.2464 0.1400 0.0670 0.1095 0.2261 
        D713  1 0.1477 0.1809 0.0328 0.2342 0.0450 0.2785 0.0810 
        D746  1 0.0439 0.0297 0.0278 0.8354 0.0175 0.0232 0.0226 
        D747  1 0.8702 0.0209 0.0181 0.0166 0.0186 0.0281 0.0275 
        D748  1 0.0523 0.0322 0.0326 0.8049 0.0235 0.0283 0.0262 
        D749  1 0.0551 0.2103 0.0360 0.2563 0.0382 0.3330 0.0711 
        D750  1 0.8927 0.0122 0.0183 0.0176 0.0151 0.0164 0.0276 
        D763  1 0.0313 0.0478 0.2886 0.2891 0.0767 0.1721 0.0945 
        D764  1 0.9134 0.0130 0.0144 0.0177 0.0121 0.0155 0.0139 
        D765  1 0.0239 0.1428 0.1445 0.0904 0.0304 0.4471 0.1209 
        D766  1 0.0184 0.0288 0.0446 0.8354 0.0194 0.0308 0.0226 
        D767  1 0.0966 0.2680 0.0395 0.1941 0.1509 0.1225 0.1284 
        D768  1 0.2045 0.1617 0.0767 0.0964 0.0353 0.3285 0.0969 
        D811  1 0.0549 0.0631 0.6065 0.0296 0.0972 0.1046 0.0439 
        D816  1 0.6784 0.0289 0.0153 0.0284 0.0167 0.0382 0.1941 
        D825  1 0.3234 0.0561 0.0688 0.0976 0.1088 0.2233 0.1220 
        D866  1 0.0804 0.0815 0.1636 0.0386 0.2662 0.1323 0.2373 
        D867  1 0.0290 0.5948 0.0242 0.1013 0.0260 0.1834 0.0412 
        D871  1 0.3114 0.2079 0.0320 0.1267 0.0645 0.2075 0.0501 
        D872  1 0.0256 0.0618 0.0392 0.7590 0.0454 0.0370 0.0320 
        D873  1 0.0250 0.5490 0.0187 0.0422 0.1393 0.1651 0.0608 
        D874  1 0.2139 0.0488 0.0325 0.0442 0.0186 0.0672 0.5748 
        D875  1 0.0481 0.2197 0.0136 0.4298 0.0333 0.2165 0.0391 
        D876  1 0.0614 0.0220 0.0572 0.7157 0.0277 0.0481 0.0678 
        D877  1 0.4023 0.0904 0.0254 0.0498 0.1122 0.2097 0.1104 
        D892  1 0.0903 0.0676 0.0174 0.7242 0.0212 0.0387 0.0407 
        D893  1 0.0967 0.1250 0.0610 0.1387 0.0563 0.1515 0.3707 
        D894  1 0.9014 0.0145 0.0111 0.0161 0.0164 0.0206 0.0199 
        D915  1 0.0544 0.2082 0.0506 0.3456 0.0625 0.0859 0.1928 
        D916  1 0.9284 0.0115 0.0097 0.0137 0.0113 0.0113 0.0141 
        D917  1 0.1052 0.2485 0.0555 0.0282 0.2714 0.2165 0.0748 
        D925  1 0.1675 0.1629 0.0587 0.1541 0.1086 0.2428 0.1053 
        D926  1 0.4632 0.0611 0.0258 0.0737 0.0343 0.1218 0.2202 
        D927  1 0.0770 0.1455 0.0502 0.0763 0.0641 0.2161 0.3708 
        D928  1 0.7306 0.0551 0.0738 0.0317 0.0150 0.0609 0.0328 
        D929  1 0.0566 0.2164 0.0352 0.1191 0.3758 0.0828 0.1140 
        D936  1 0.3909 0.0572 0.0208 0.0388 0.0279 0.0540 0.4105 
        D938  1 0.0112 0.0127 0.0230 0.9120 0.0109 0.0132 0.0171 
        D956  1 0.8514 0.0221 0.0188 0.0178 0.0181 0.0334 0.0386 
        D957  1 0.0235 0.0710 0.0266 0.7724 0.0406 0.0393 0.0266 
        D958  1 0.0259 0.0124 0.0175 0.8981 0.0119 0.0190 0.0152 
        D959  1 0.3421 0.4488 0.0270 0.0247 0.0154 0.1253 0.0166 
        D960  1 0.0195 0.1558 0.0108 0.6796 0.0280 0.0684 0.0379 
        D989  1 0.1590 0.1044 0.2816 0.0541 0.0222 0.1929 0.1858 
        D990  1 0.0192 0.2384 0.0429 0.0651 0.1456 0.3782 0.1107 
        D211  3 0.0350 0.1023 0.0432 0.0354 0.7106 0.0496 0.0238 
     D229639  3 0.1103 0.0592 0.3133 0.0355 0.1441 0.2383 0.0993 
     D237212  3 0.1243 0.1436 0.1548 0.0313 0.3122 0.1181 0.1157 
     D237213  3 0.0147 0.0662 0.2324 0.0726 0.4341 0.0772 0.1027 
     D237214  3 0.0272 0.8028 0.0141 0.0324 0.0202 0.0830 0.0202 
     D237215  3 0.0197 0.1730 0.2562 0.0174 0.2324 0.1677 0.1335 
     D237216  3 0.0369 0.1455 0.1009 0.0330 0.0799 0.4394 0.1645 
     D237217  3 0.0163 0.1384 0.1233 0.0965 0.2384 0.3410 0.0462 
     D237218  3 0.0488 0.0270 0.0492 0.0922 0.0426 0.0994 0.6407 
     D237219  3 0.0144 0.0252 0.7109 0.0740 0.0896 0.0523 0.0336 
     D237382  3 0.1064 0.2028 0.1099 0.2409 0.1694 0.0747 0.0958 
     D244127  3 0.0162 0.2555 0.2294 0.0607 0.1600 0.1700 0.1082 
     D244129  3 0.1276 0.2348 0.1209 0.1313 0.1596 0.1549 0.0709 
     D244133  3 0.0507 0.0393 0.7688 0.0276 0.0318 0.0519 0.0298 
     D244134  3 0.0198 0.0271 0.6574 0.0959 0.0878 0.0542 0.0579 
     D244135  3 0.0307 0.5990 0.0315 0.0416 0.1655 0.0979 0.0338 
     D244136  3 0.1774 0.1098 0.4093 0.0941 0.0326 0.1184 0.0585 
        D416  3 0.0304 0.1004 0.4575 0.0265 0.0633 0.1770 0.1449 
        D417  3 0.2724 0.0296 0.0352 0.4287 0.0282 0.1300 0.0759 
        D419  3 0.0304 0.0512 0.5224 0.1654 0.0808 0.0778 0.0719 
        D565  3 0.4014 0.0850 0.2196 0.0504 0.0357 0.1069 0.1009 
        D566  3 0.4455 0.0777 0.1457 0.0239 0.0789 0.1244 0.1039 
        D567  3 0.2379 0.1149 0.1753 0.1607 0.1251 0.1132 0.0730 
        D568  3 0.0312 0.0716 0.2214 0.4194 0.0866 0.0889 0.0809 
        D569  3 0.0277 0.4291 0.0333 0.0299 0.2435 0.1184 0.1181 
        D573  3 0.1966 0.0957 0.1586 0.0198 0.0704 0.3168 0.1422 
        D574  3 0.0965 0.1709 0.0896 0.0809 0.0862 0.1605 0.3154 
        D575  3 0.0096 0.0221 0.8681 0.0237 0.0426 0.0190 0.0149 
        D576  3 0.0141 0.1867 0.3994 0.0097 0.2008 0.1119 0.0775 
        D577  3 0.1031 0.0931 0.0903 0.3243 0.2212 0.1067 0.0613 
        D578  3 0.0113 0.8353 0.0185 0.0346 0.0164 0.0528 0.0311 
        D579  3 0.5273 0.0416 0.0888 0.0420 0.0333 0.0568 0.2102 
        D660  3 0.0209 0.3421 0.1070 0.0283 0.1876 0.1440 0.1700 
        D661  3 0.0227 0.0443 0.0269 0.3320 0.0319 0.0983 0.4438 
        D663  3 0.0260 0.1326 0.0541 0.0231 0.1025 0.3916 0.2700 
        D664  3 0.0192 0.2826 0.2315 0.0586 0.1901 0.1260 0.0919 
        D665  3 0.0141 0.0377 0.0619 0.0177 0.7670 0.0561 0.0456 
        D666  3 0.0224 0.0239 0.8460 0.0282 0.0288 0.0236 0.0270 
        D502  6 0.0152 0.0469 0.0634 0.0175 0.7026 0.0708 0.0835 
        D503  6 0.0593 0.0785 0.0612 0.2354 0.1149 0.2014 0.2493 
        D504  6 0.2894 0.0754 0.0371 0.0755 0.0313 0.1157 0.3756 
        D505  6 0.1915 0.2572 0.0590 0.0265 0.1642 0.1989 0.1027 
        D506  6 0.8265 0.0588 0.0313 0.0142 0.0151 0.0326 0.0215 
        D507  6 0.0701 0.0706 0.1048 0.0546 0.1397 0.3532 0.2071 
        D508  6 0.0491 0.0793 0.0490 0.0250 0.3897 0.1870 0.2209 
        D529  6 0.1374 0.4025 0.0727 0.0600 0.0912 0.1552 0.0809 
        D530  6 0.0237 0.1105 0.0460 0.0360 0.6355 0.0414 0.1070 
        D531  6 0.3566 0.0624 0.0853 0.0498 0.0827 0.1340 0.2292 
        D532  6 0.1028 0.3547 0.0661 0.0298 0.0602 0.2101 0.1763 
        D534  6 0.0390 0.0861 0.0302 0.5319 0.0906 0.1269 0.0953 
        D535  6 0.1346 0.2030 0.1698 0.0310 0.0680 0.2939 0.0997 
        D536  6 0.0482 0.3971 0.0386 0.0225 0.1742 0.1843 0.1352 
        D554  6 0.2903 0.2022 0.0651 0.0568 0.1465 0.1267 0.1125 
        D587  6 0.3779 0.0709 0.0656 0.1263 0.0354 0.1857 0.1382 
        D588  6 0.0507 0.1599 0.0623 0.0145 0.0335 0.5503 0.1290 
        D589  6 0.0322 0.1576 0.0429 0.0393 0.2073 0.2239 0.2969 
        D590  6 0.2674 0.2915 0.0371 0.0307 0.0289 0.2940 0.0503 
        D591  6 0.0742 0.0756 0.2476 0.0888 0.1041 0.2293 0.1802 
        D592  6 0.1348 0.0738 0.0383 0.4992 0.0848 0.1288 0.0403 
        D593  6 0.0109 0.0206 0.0303 0.0129 0.7812 0.0193 0.1249 
        D682  6 0.8430 0.0293 0.0386 0.0220 0.0161 0.0278 0.0231 
        D683  6 0.3176 0.0655 0.0413 0.0522 0.2495 0.1474 0.1265 
        D684  6 0.0522 0.1413 0.0376 0.0339 0.2187 0.2212 0.2950 
        D685  6 0.0226 0.0720 0.0532 0.0275 0.3073 0.4046 0.1128 
        D686  6 0.0445 0.4735 0.0241 0.0266 0.0753 0.2754 0.0806 
        D724  6 0.0631 0.1174 0.0465 0.1463 0.2757 0.1840 0.1669 
        D725  6 0.0219 0.0791 0.1337 0.1428 0.3757 0.1202 0.1266 
        D726  6 0.7098 0.0560 0.0545 0.0432 0.0205 0.0428 0.0732 
        D727  6 0.0979 0.4422 0.0614 0.0153 0.0423 0.2890 0.0519 
        D728  6 0.2247 0.0695 0.2992 0.0624 0.1240 0.1533 0.0670 
        D729  6 0.0876 0.6116 0.0171 0.0171 0.0586 0.1713 0.0367 
        D730  6 0.0446 0.0680 0.0444 0.1202 0.0734 0.1332 0.5163 
        D731  6 0.1635 0.1756 0.2540 0.0202 0.1195 0.1140 0.1531 
        D732  6 0.0699 0.1142 0.0834 0.0791 0.3621 0.1305 0.1607 
        D733  6 0.0340 0.0751 0.0578 0.4587 0.0832 0.0578 0.2335 
     D237251  7 0.0250 0.0549 0.1899 0.0575 0.0303 0.1376 0.5049 
     D237252  7 0.0239 0.0557 0.1572 0.1946 0.3370 0.1066 0.1250 
     D237253  7 0.0971 0.1343 0.1167 0.0425 0.0339 0.4801 0.0953 
     D237254  7 0.0130 0.8283 0.0167 0.0293 0.0195 0.0573 0.0360 
     D237255  7 0.0487 0.1343 0.3673 0.0491 0.0590 0.1867 0.1550 
     D237256  7 0.0274 0.0956 0.1353 0.0195 0.1292 0.4697 0.1234 
     D237257  7 0.0388 0.4058 0.0346 0.0283 0.1126 0.3120 0.0678 
     D237282  7 0.1080 0.2434 0.0710 0.2579 0.0333 0.2190 0.0674 
     D237283  7 0.0104 0.0180 0.0421 0.0240 0.8449 0.0282 0.0324 
     D237284  7 0.0573 0.5897 0.0300 0.0771 0.0502 0.1031 0.0926 
     D237285  7 0.0366 0.1802 0.0421 0.0325 0.4959 0.0774 0.1353 
     D237286  7 0.2242 0.1330 0.0902 0.0332 0.0365 0.2756 0.2072 
     D237287  7 0.0564 0.0764 0.5829 0.0243 0.0604 0.1522 0.0474 
     D244006  7 0.0190 0.8447 0.0132 0.0250 0.0222 0.0410 0.0349 
     D244007  7 0.0705 0.3147 0.0281 0.2129 0.0287 0.1297 0.2154 
     D244008  7 0.0185 0.0183 0.0731 0.0377 0.8024 0.0261 0.0239 
     D244009  7 0.0288 0.0291 0.0420 0.7211 0.0580 0.0560 0.0650 
     D244010  7 0.0395 0.0475 0.0465 0.0146 0.7497 0.0562 0.0460 
     D244011  7 0.0484 0.0671 0.0396 0.0276 0.1364 0.1927 0.4883 
     D244012  7 0.0462 0.0560 0.0441 0.0143 0.6761 0.0793 0.0838 
     D244013  7 0.0538 0.0562 0.0589 0.0508 0.0965 0.0945 0.5892 
     D244014  7 0.0186 0.0743 0.1963 0.0725 0.1119 0.1230 0.4034 
     D244015  7 0.0461 0.2400 0.2682 0.1113 0.0884 0.1922 0.0538 
     D244125  7 0.1776 0.0797 0.2507 0.0768 0.0626 0.2455 0.1071 
     D244126  7 0.0139 0.0149 0.0157 0.0218 0.8782 0.0304 0.0251 
     D244130  7 0.0286 0.3338 0.0231 0.0282 0.1285 0.3207 0.1371 
     D244131  7 0.2375 0.0492 0.0178 0.0803 0.0480 0.0622 0.5052 
     D244132  7 0.0510 0.0410 0.2653 0.1838 0.0318 0.1628 0.2643 
        D520  7 0.0310 0.0652 0.0629 0.0359 0.6373 0.1212 0.0465 
        D521  7 0.0411 0.2208 0.0591 0.0760 0.2578 0.1138 0.2315 
        D522  7 0.0305 0.0264 0.0495 0.6556 0.0179 0.0431 0.1770 
        D523  7 0.0585 0.0484 0.0539 0.2484 0.0322 0.1746 0.3839 
        D524  7 0.0485 0.0781 0.1368 0.0768 0.0663 0.1711 0.4224 
        D525  7 0.1471 0.1864 0.0261 0.1072 0.1532 0.1754 0.2047 
        D526  7 0.0331 0.6289 0.0614 0.0863 0.0651 0.0896 0.0357 
        D527  7 0.1363 0.0314 0.0769 0.0360 0.0505 0.0983 0.5706 
        D528  7 0.0136 0.0211 0.0151 0.0148 0.0340 0.8864 0.0149 
        D558  7 0.0403 0.2744 0.0271 0.2614 0.0972 0.0641 0.2355 
        D559  7 0.0339 0.0997 0.0306 0.0568 0.0731 0.0905 0.6153 
        D640  7 0.0346 0.0318 0.4337 0.0310 0.0482 0.1452 0.2756 
        D641  7 0.0160 0.1320 0.3851 0.0216 0.2201 0.0970 0.1281 
        D642  7 0.0415 0.4696 0.0205 0.2072 0.0539 0.1189 0.0884 
        D644  7 0.0652 0.1408 0.0936 0.0942 0.2856 0.1904 0.1302 
        D645  7 0.0477 0.0345 0.5522 0.0629 0.0494 0.1316 0.1218 
        D662  7 0.1265 0.1151 0.0855 0.1870 0.0204 0.3260 0.1395 
        D687  7 0.0718 0.0365 0.0535 0.0681 0.0683 0.1606 0.5412 
        D688  7 0.0424 0.3567 0.0260 0.0229 0.2878 0.1719 0.0922 
        D689  7 0.0240 0.0130 0.8776 0.0182 0.0221 0.0211 0.0240 
        D700  7 0.0167 0.0199 0.0115 0.0137 0.0147 0.9092 0.0143 
        D797  7 0.2122 0.0464 0.0833 0.2471 0.0466 0.1025 0.2618 
        D798  7 0.0173 0.1250 0.4632 0.0317 0.0909 0.2186 0.0533 
        D799  7 0.0287 0.0518 0.0502 0.0190 0.0863 0.1974 0.5665 
        D800  7 0.3514 0.0598 0.0552 0.0842 0.0288 0.3232 0.0974 
        D201  9 0.0281 0.0720 0.0413 0.4476 0.0348 0.1303 0.2459 
        D202  9 0.0274 0.0617 0.0241 0.0135 0.6398 0.0763 0.1572 
     D237259  9 0.0214 0.0434 0.1172 0.0166 0.0675 0.6801 0.0537 
     D237260  9 0.0313 0.2460 0.0378 0.0252 0.1839 0.3370 0.1389 
     D237262  9 0.0366 0.1195 0.0201 0.0489 0.6181 0.1303 0.0264 
     D237263  9 0.0901 0.1279 0.0255 0.0558 0.2609 0.1153 0.3245 
     D237264  9 0.1050 0.2852 0.0420 0.0522 0.1660 0.1952 0.1545 
     D237265  9 0.0353 0.0460 0.0187 0.0267 0.5748 0.0704 0.2280 
     D237266  9 0.0277 0.2282 0.4087 0.0206 0.0900 0.1751 0.0498 
     D237267  9 0.0640 0.2008 0.0735 0.0133 0.2787 0.3145 0.0551 
     D237268  9 0.0276 0.0445 0.0365 0.0436 0.7719 0.0407 0.0352 
     D237289  9 0.0651 0.0660 0.0708 0.0522 0.5008 0.0554 0.1896 
     D237290  9 0.0306 0.0364 0.1054 0.0329 0.4775 0.1140 0.2033 
     D237291  9 0.0271 0.2020 0.0985 0.0298 0.0237 0.2878 0.3311 
     D237292  9 0.0338 0.2646 0.0153 0.0484 0.2938 0.2029 0.1412 
     D237293  9 0.0232 0.0602 0.2472 0.0362 0.4367 0.0787 0.1178 
     D237294  9 0.0477 0.1102 0.0328 0.2613 0.0548 0.2264 0.2668 
     D237295  9 0.4183 0.0648 0.1092 0.0943 0.1602 0.0619 0.0913 
     D237296  9 0.0661 0.1405 0.1061 0.1160 0.0387 0.3083 0.2243 
     D237297  9 0.0561 0.2265 0.0921 0.0321 0.1261 0.2471 0.2199 
     D237298  9 0.0632 0.0383 0.0636 0.1158 0.0944 0.1201 0.5046 
     D237341  9 0.0444 0.0940 0.0684 0.0693 0.0768 0.1808 0.4662 
     D237342  9 0.0419 0.0322 0.0231 0.0153 0.8080 0.0459 0.0336 
     D237343  9 0.0438 0.2541 0.0764 0.0571 0.0620 0.3993 0.1074 
     D237344  9 0.0518 0.2273 0.2919 0.0366 0.1456 0.1426 0.1042 
     D237345  9 0.0192 0.0711 0.0263 0.3303 0.4144 0.0704 0.0682 
     D237346  9 0.0435 0.0702 0.1709 0.1224 0.1203 0.3692 0.1035 
     D237347  9 0.1254 0.1322 0.0926 0.0493 0.0473 0.1213 0.4319 
     D237348  9 0.0280 0.1531 0.1001 0.0539 0.5034 0.0527 0.1086 
     D237349  9 0.0960 0.1838 0.0270 0.1291 0.0213 0.1214 0.4214 
     D244109  9 0.0282 0.6834 0.0291 0.0352 0.0484 0.1094 0.0663 
     D244110  9 0.0549 0.3849 0.1602 0.0624 0.0964 0.1523 0.0887 
     D244111  9 0.0440 0.1799 0.0750 0.0552 0.1370 0.1151 0.3938 
     D244128  9 0.0231 0.0432 0.0135 0.0171 0.8018 0.0502 0.0511 
     D244137  9 0.3144 0.0881 0.0272 0.0992 0.0475 0.0746 0.3490 
     D244138  9 0.0291 0.1033 0.0229 0.0622 0.1257 0.1840 0.4728 
        D580  9 0.0174 0.0634 0.0714 0.4960 0.2326 0.0813 0.0379 
        D581  9 0.0197 0.0475 0.0303 0.0562 0.5518 0.0354 0.2591 
        D582  9 0.0205 0.0369 0.0233 0.0426 0.8231 0.0245 0.0293 
        D583  9 0.0272 0.1296 0.1902 0.1292 0.0751 0.1797 0.2689 
        D584  9 0.0411 0.1893 0.0513 0.0986 0.3340 0.1143 0.1714 
        D585  9 0.0468 0.0560 0.0317 0.0513 0.6923 0.0792 0.0428 
        D586  9 0.0495 0.0533 0.0719 0.0232 0.0467 0.1861 0.5692 
        D651  9 0.0333 0.0346 0.6542 0.1765 0.0274 0.0475 0.0265 
        D652  9 0.1255 0.1474 0.0203 0.0785 0.0321 0.1077 0.4885 
        D653  9 0.0418 0.0675 0.1532 0.0497 0.1215 0.2508 0.3154 
        D654  9 0.0479 0.3512 0.1539 0.0914 0.0665 0.2263 0.0628 
        D655  9 0.0979 0.0869 0.3961 0.0316 0.0749 0.1818 0.1309 
        D656  9 0.0333 0.5808 0.0232 0.0488 0.1257 0.1542 0.0339 
        D657  9 0.0271 0.4632 0.0427 0.1076 0.1093 0.1386 0.1114 
        D667  9 0.0178 0.0278 0.8783 0.0130 0.0206 0.0233 0.0192 
        D668  9 0.0170 0.0300 0.5249 0.1120 0.1500 0.1082 0.0580 
        D669  9 0.0209 0.0434 0.0377 0.0930 0.4482 0.0813 0.2754 
        D670  9 0.0235 0.0822 0.5946 0.0329 0.0259 0.2056 0.0354 
        D671  9 0.0727 0.1643 0.0218 0.1153 0.1262 0.1758 0.3239 
        D672  9 0.0396 0.0336 0.1181 0.2903 0.3129 0.1429 0.0626 
        D673  9 0.0281 0.0253 0.5226 0.2052 0.0604 0.0958 0.0626 
        D692  9 0.0731 0.3557 0.0323 0.0330 0.3410 0.1301 0.0349 
        D693  9 0.0278 0.0656 0.5887 0.1066 0.1058 0.0667 0.0387 
        D694  9 0.0252 0.4181 0.0213 0.0457 0.2784 0.1404 0.0708 
        D695  9 0.0768 0.0613 0.2504 0.2254 0.1526 0.1603 0.0732 
        D696  9 0.5250 0.1294 0.0643 0.0745 0.0457 0.0695 0.0916 
        D697  9 0.0226 0.0187 0.8169 0.0450 0.0196 0.0397 0.0376 
        D698  9 0.0840 0.0811 0.2575 0.0636 0.2393 0.1934 0.0812 
        D699  9 0.0251 0.0397 0.5795 0.0405 0.1805 0.0611 0.0735 
        D787  9 0.1251 0.1857 0.2300 0.0472 0.0688 0.1914 0.1518 
        D788  9 0.0218 0.0243 0.5881 0.0294 0.2102 0.0602 0.0661 
        D789  9 0.0354 0.2467 0.0786 0.0362 0.3724 0.1243 0.1063 
        D790  9 0.0275 0.0753 0.6405 0.0680 0.0315 0.0872 0.0700 
        D791  9 0.0261 0.0896 0.0323 0.0189 0.5610 0.0569 0.2153 
        D792  9 0.0898 0.3273 0.1428 0.0700 0.0257 0.2381 0.1062 
        D793  9 0.0657 0.0230 0.8261 0.0161 0.0170 0.0312 0.0209 
        D794  9 0.0779 0.1839 0.4053 0.0682 0.0485 0.1121 0.1041 
        D795  9 0.0514 0.0336 0.0326 0.0277 0.7417 0.0696 0.0435 
        D796  9 0.0152 0.0163 0.7773 0.0164 0.1011 0.0392 0.0345 
        D005 12 0.0174 0.7684 0.0187 0.0211 0.0398 0.0956 0.0391 
        D035 12 0.0209 0.0152 0.8846 0.0144 0.0146 0.0304 0.0199 
        D067 12 0.0496 0.0451 0.5991 0.0303 0.1035 0.0949 0.0775 
        D134 12 0.0413 0.1238 0.0537 0.0240 0.1963 0.4107 0.1501 
        D135 12 0.0331 0.0353 0.0781 0.0435 0.1103 0.6076 0.0922 
        D136 12 0.2423 0.2013 0.1279 0.1532 0.0536 0.1804 0.0413 
        D137 12 0.0185 0.0274 0.6433 0.0413 0.0899 0.1070 0.0726 
        D138 12 0.0809 0.0659 0.3707 0.1051 0.0458 0.2020 0.1296 
        D139 12 0.0469 0.1556 0.0491 0.0413 0.1415 0.1365 0.4291 
        D140 12 0.0293 0.0259 0.8098 0.0303 0.0244 0.0576 0.0227 
        D141 12 0.0109 0.0742 0.1720 0.3703 0.2885 0.0640 0.0201 
        D150 12 0.0271 0.5062 0.0212 0.0288 0.0878 0.2613 0.0676 
        D177 12 0.0471 0.1812 0.0915 0.0144 0.1655 0.4028 0.0975 
        D178 12 0.2368 0.1454 0.0318 0.2374 0.0290 0.1968 0.1228 
        D179 12 0.0865 0.1707 0.1223 0.1249 0.0354 0.2892 0.1710 
        D180 12 0.0213 0.1422 0.5734 0.0329 0.1178 0.0803 0.0320 
        D187 12 0.0253 0.0222 0.7811 0.0208 0.0475 0.0531 0.0499 
        D188 12 0.0237 0.3012 0.0211 0.1666 0.3180 0.1166 0.0529 
        D191 12 0.0410 0.0665 0.1586 0.4524 0.0476 0.0780 0.1559 
        D418 12 0.0194 0.0494 0.1115 0.6149 0.0669 0.0582 0.0797 
        D601 12 0.0273 0.3001 0.0621 0.0271 0.4367 0.1200 0.0267 
        D836 12 0.0137 0.0491 0.2762 0.0280 0.5463 0.0514 0.0355 
        D837 12 0.1776 0.0372 0.0432 0.0864 0.0560 0.0563 0.5433 
        D838 12 0.0371 0.0136 0.8042 0.0224 0.0171 0.0292 0.0764 
        D839 12 0.0491 0.1139 0.0447 0.0982 0.2686 0.1471 0.2784 
        D840 12 0.0319 0.0433 0.0904 0.1116 0.0397 0.0728 0.6102 
        D841 12 0.0153 0.0166 0.8889 0.0174 0.0159 0.0252 0.0207 
        D842 12 0.0172 0.3788 0.0174 0.2276 0.0849 0.1135 0.1606 
        D843 12 0.0899 0.1284 0.2075 0.0266 0.2058 0.1979 0.1437 
        D844 12 0.0635 0.0963 0.0142 0.3944 0.0281 0.1113 0.2922 
        D912 12 0.1482 0.0201 0.0307 0.0836 0.0176 0.0345 0.6653 
        D913 12 0.0528 0.0941 0.4436 0.0278 0.0344 0.2646 0.0827 
        D914 12 0.0418 0.0510 0.0752 0.0229 0.0446 0.0676 0.6971 
        D922 12 0.0238 0.0204 0.8087 0.0318 0.0614 0.0285 0.0254 
        D939 12 0.0236 0.0901 0.2222 0.0633 0.5007 0.0429 0.0571 
        D944 12 0.0238 0.0991 0.2262 0.0902 0.0155 0.4664 0.0789 
        D945 12 0.0551 0.1220 0.2320 0.0433 0.2144 0.2168 0.1165 
        D985 12 0.0437 0.4169 0.1655 0.1192 0.0867 0.1247 0.0433 
        D986 12 0.0618 0.0458 0.0159 0.0231 0.0781 0.1702 0.6051 
        D987 12 0.0617 0.0591 0.0328 0.0666 0.0328 0.1236 0.6234 
        D988 12 0.0541 0.1162 0.0416 0.0374 0.1436 0.1714 0.4357 
        D996 12 0.0325 0.0671 0.2410 0.0319 0.0303 0.1248 0.4723 
        D997 12 0.0522 0.0652 0.1296 0.0397 0.4710 0.1381 0.1042 
        D998 12 0.0646 0.0877 0.2232 0.0217 0.0894 0.4435 0.0698 
        D999 12 0.0307 0.0793 0.0732 0.1481 0.1755 0.1500 0.3431 
