        D174  1 0.1160 0.0619 0.0564 0.1227 0.3865 0.0946 0.1619 
        D199  1 0.0533 0.1040 0.0596 0.3533 0.1317 0.1097 0.1884 
        D203  1 0.1535 0.1233 0.0507 0.1983 0.1218 0.0674 0.2851 
        D204  1 0.1201 0.0405 0.0215 0.0408 0.6997 0.0400 0.0373 
     D237366  1 0.1408 0.2322 0.0438 0.1029 0.0352 0.0400 0.4051 
     D237367  1 0.1299 0.0742 0.1122 0.1870 0.0576 0.1111 0.3279 
     D237368  1 0.3118 0.0359 0.0493 0.1019 0.2255 0.0358 0.2398 
     D244101  1 0.1199 0.4593 0.0295 0.2419 0.0556 0.0489 0.0449 
     D244102  1 0.1571 0.3130 0.0569 0.1360 0.1229 0.1072 0.1069 
     D244103  1 0.1002 0.0539 0.0942 0.2868 0.1072 0.0567 0.3011 
     D244104  1 0.0462 0.0621 0.4951 0.0493 0.2711 0.0258 0.0503 
     D244105  1 0.3203 0.0942 0.1814 0.2780 0.0255 0.0242 0.0763 
     D244106  1 0.0329 0.2166 0.0204 0.0502 0.6214 0.0349 0.0237 
     D244107  1 0.0653 0.0264 0.0669 0.1943 0.0185 0.0826 0.5460 
     D244108  1 0.5715 0.0451 0.0584 0.0899 0.0980 0.0833 0.0538 
     D244113  1 0.1035 0.0485 0.0929 0.2677 0.1768 0.1573 0.1532 
     D244114  1 0.0441 0.4007 0.0499 0.3227 0.0595 0.0275 0.0956 
     D244115  1 0.0645 0.1458 0.0331 0.1412 0.5495 0.0371 0.0289 
     D267365  1 0.0566 0.5056 0.0420 0.1384 0.1165 0.0453 0.0957 
        D404  1 0.0285 0.0288 0.0292 0.0526 0.6200 0.1945 0.0462 
        D405  1 0.0281 0.2022 0.0747 0.1240 0.2325 0.2313 0.1072 
        D406  1 0.9250 0.0145 0.0107 0.0133 0.0131 0.0101 0.0132 
        D407  1 0.0420 0.0238 0.0286 0.0566 0.4349 0.0688 0.3454 
        D408  1 0.0304 0.0545 0.1115 0.0852 0.5679 0.0860 0.0645 
        D409  1 0.1312 0.1220 0.0707 0.3277 0.1123 0.0470 0.1891 
        D410  1 0.2457 0.0570 0.0522 0.2311 0.0553 0.1106 0.2482 
        D421  1 0.0178 0.0283 0.0410 0.0555 0.6503 0.0286 0.1786 
        D422  1 0.1775 0.0648 0.0289 0.2701 0.0429 0.0757 0.3401 
        D423  1 0.1315 0.0269 0.0399 0.2043 0.0457 0.0830 0.4686 
        D424  1 0.0297 0.0324 0.0188 0.1063 0.7706 0.0128 0.0294 
        D425  1 0.0434 0.1361 0.1393 0.4675 0.0714 0.0327 0.1097 
        D426  1 0.0396 0.0845 0.0641 0.4672 0.1178 0.0326 0.1942 
        D427  1 0.0125 0.0637 0.1327 0.1367 0.5165 0.0230 0.1149 
        D428  1 0.0561 0.0724 0.0420 0.0960 0.5802 0.0287 0.1246 
        D429  1 0.0277 0.1553 0.0170 0.0217 0.7480 0.0156 0.0148 
        D430  1 0.0204 0.1376 0.0584 0.1573 0.5252 0.0470 0.0541 
        D491  1 0.1644 0.0467 0.0884 0.0742 0.5573 0.0284 0.0406 
        D492  1 0.0979 0.0465 0.0177 0.0574 0.6481 0.0527 0.0797 
        D537  1 0.4718 0.0389 0.0625 0.1573 0.1073 0.0471 0.1150 
        D538  1 0.2958 0.0297 0.0375 0.1250 0.1564 0.1352 0.2204 
        D539  1 0.2445 0.2716 0.0977 0.1093 0.1321 0.1176 0.0271 
        D540  1 0.0331 0.1105 0.3103 0.2298 0.0624 0.0436 0.2102 
        D541  1 0.0281 0.0171 0.0174 0.0306 0.8582 0.0193 0.0293 
        D551  1 0.0455 0.1140 0.0231 0.6450 0.0349 0.0194 0.1181 
        D552  1 0.6064 0.1844 0.0567 0.0480 0.0621 0.0207 0.0216 
        D553  1 0.0380 0.0865 0.1271 0.1539 0.3906 0.0312 0.1725 
        D615  1 0.0553 0.1144 0.0543 0.1084 0.5379 0.0752 0.0543 
        D616  1 0.0907 0.0927 0.0435 0.2276 0.3489 0.0765 0.1202 
        D621  1 0.7796 0.0452 0.0457 0.0333 0.0292 0.0344 0.0326 
        D622  1 0.8373 0.0251 0.0307 0.0350 0.0230 0.0183 0.0307 
        D623  1 0.1109 0.0563 0.0515 0.2343 0.1474 0.2191 0.1805 
        D624  1 0.0286 0.0326 0.0925 0.1268 0.6391 0.0517 0.0288 
        D625  1 0.1552 0.0457 0.0193 0.0536 0.5546 0.1158 0.0558 
        D626  1 0.0519 0.0449 0.6393 0.0581 0.0812 0.0285 0.0961 
        D627  1 0.1015 0.0761 0.0291 0.3638 0.1846 0.0311 0.2138 
        D690  1 0.0175 0.0194 0.0202 0.0186 0.8870 0.0175 0.0199 
        D691  1 0.8512 0.0241 0.0238 0.0272 0.0229 0.0201 0.0307 
        D710  1 0.0663 0.0758 0.1174 0.1866 0.1920 0.0397 0.3222 
        D711  1 0.0411 0.0535 0.0138 0.0264 0.7978 0.0362 0.0312 
        D712  1 0.1606 0.1985 0.2238 0.0906 0.0955 0.0529 0.1781 
        D713  1 0.2898 0.0603 0.0276 0.2648 0.1729 0.0560 0.1286 
        D746  1 0.8031 0.0277 0.0311 0.0306 0.0538 0.0196 0.0341 
        D747  1 0.0196 0.0343 0.0174 0.0234 0.8595 0.0221 0.0237 
        D748  1 0.7948 0.0307 0.0305 0.0334 0.0568 0.0228 0.0310 
        D749  1 0.1926 0.0756 0.0328 0.4573 0.0507 0.0479 0.1431 
        D750  1 0.0176 0.0209 0.0153 0.0176 0.8966 0.0172 0.0148 
        D763  1 0.1968 0.2033 0.2779 0.1575 0.0277 0.0600 0.0768 
        D764  1 0.0208 0.0133 0.0125 0.0154 0.9111 0.0127 0.0143 
        D765  1 0.0982 0.2164 0.1738 0.2620 0.0329 0.0340 0.1827 
        D766  1 0.8070 0.0296 0.0642 0.0292 0.0226 0.0215 0.0259 
        D767  1 0.2182 0.0954 0.0499 0.1336 0.0667 0.1106 0.3256 
        D768  1 0.1194 0.0749 0.0829 0.2975 0.2164 0.0284 0.1805 
        D811  1 0.0373 0.0349 0.5271 0.1463 0.0723 0.1359 0.0462 
        D816  1 0.0248 0.3781 0.0146 0.0391 0.5011 0.0171 0.0252 
        D825  1 0.0881 0.2662 0.0622 0.1449 0.3057 0.0818 0.0510 
        D866  1 0.0514 0.1480 0.1393 0.1421 0.0692 0.3660 0.0840 
        D867  1 0.1171 0.0386 0.0243 0.1863 0.0274 0.0428 0.5635 
        D871  1 0.1209 0.0461 0.0273 0.1967 0.4115 0.0523 0.1453 
        D872  1 0.8207 0.0180 0.0330 0.0262 0.0238 0.0391 0.0393 
        D873  1 0.1325 0.0214 0.0178 0.0887 0.0226 0.3332 0.3837 
        D874  1 0.0791 0.5549 0.0324 0.0747 0.1939 0.0332 0.0318 
        D875  1 0.4683 0.0325 0.0134 0.2384 0.0823 0.0356 0.1295 
        D876  1 0.7073 0.0730 0.0572 0.0396 0.0766 0.0203 0.0260 
        D877  1 0.0377 0.0747 0.0257 0.1667 0.4403 0.2105 0.0445 
        D892  1 0.7045 0.0707 0.0193 0.0448 0.0877 0.0199 0.0531 
        D893  1 0.1983 0.2503 0.0665 0.1689 0.0940 0.0512 0.1709 
        D894  1 0.0135 0.0279 0.0109 0.0190 0.8959 0.0188 0.0140 
        D915  1 0.4375 0.1087 0.0622 0.1127 0.0608 0.0519 0.1663 
        D916  1 0.0180 0.0169 0.0100 0.0147 0.9160 0.0126 0.0117 
        D917  1 0.0296 0.0494 0.0554 0.2043 0.1134 0.2212 0.3267 
        D925  1 0.1995 0.1780 0.0496 0.1505 0.1567 0.1166 0.1491 
        D926  1 0.0575 0.4755 0.0298 0.1059 0.2631 0.0245 0.0437 
        D927  1 0.0485 0.5693 0.0416 0.1310 0.0631 0.0412 0.1054 
        D928  1 0.0485 0.0302 0.0472 0.0519 0.7650 0.0187 0.0384 
        D929  1 0.1598 0.1039 0.0496 0.0874 0.0679 0.2009 0.3306 
        D936  1 0.0341 0.6386 0.0195 0.0374 0.2159 0.0256 0.0289 
        D938  1 0.9020 0.0143 0.0231 0.0161 0.0150 0.0130 0.0166 
        D956  1 0.0148 0.0266 0.0161 0.0320 0.8577 0.0338 0.0191 
        D957  1 0.8138 0.0257 0.0221 0.0357 0.0245 0.0386 0.0397 
        D958  1 0.8996 0.0158 0.0185 0.0134 0.0244 0.0135 0.0148 
        D959  1 0.0284 0.0208 0.0300 0.1241 0.3187 0.0629 0.4151 
        D960  1 0.7194 0.0319 0.0105 0.0693 0.0260 0.0612 0.0816 
        D989  1 0.0500 0.2073 0.2319 0.1502 0.2376 0.0272 0.0959 
        D990  1 0.1218 0.0531 0.0330 0.3127 0.0186 0.2056 0.2552 
        D211  3 0.0382 0.0291 0.1352 0.0809 0.0301 0.3791 0.3074 
     D229639  3 0.0295 0.1485 0.2791 0.2540 0.1048 0.1141 0.0701 
     D237212  3 0.0430 0.0818 0.1663 0.1321 0.1003 0.2568 0.2198 
     D237213  3 0.0685 0.0693 0.3028 0.0670 0.0128 0.3994 0.0802 
     D237214  3 0.0366 0.0300 0.0123 0.0695 0.0272 0.0220 0.8024 
     D237215  3 0.0167 0.0688 0.1901 0.2009 0.0208 0.4303 0.0724 
     D237216  3 0.0318 0.1587 0.1313 0.4376 0.0386 0.0713 0.1307 
     D237217  3 0.0859 0.0730 0.2028 0.3220 0.0148 0.0757 0.2257 
     D237218  3 0.0416 0.7999 0.0346 0.0509 0.0315 0.0187 0.0228 
     D237219  3 0.0582 0.0234 0.7885 0.0377 0.0161 0.0370 0.0391 
     D237382  3 0.3218 0.0240 0.1051 0.0768 0.1031 0.2406 0.1287 
     D244127  3 0.0891 0.0525 0.2595 0.1486 0.0162 0.2392 0.1948 
     D244129  3 0.1519 0.0620 0.1390 0.1372 0.1048 0.1270 0.2781 
     D244133  3 0.0352 0.0296 0.7483 0.0593 0.0557 0.0425 0.0295 
     D244134  3 0.0816 0.0557 0.7125 0.0354 0.0210 0.0520 0.0417 
     D244135  3 0.0358 0.0292 0.0384 0.0835 0.0245 0.0532 0.7354 
     D244136  3 0.1222 0.0351 0.4109 0.1125 0.1682 0.0632 0.0879 
        D416  3 0.0210 0.1631 0.4615 0.1325 0.0304 0.0697 0.1218 
        D417  3 0.3059 0.1647 0.0557 0.1660 0.2531 0.0223 0.0323 
        D419  3 0.1448 0.0491 0.5719 0.0947 0.0270 0.0565 0.0560 
        D565  3 0.0676 0.0546 0.1606 0.1060 0.4909 0.0569 0.0634 
        D566  3 0.0248 0.0604 0.1405 0.1416 0.4612 0.1168 0.0547 
        D567  3 0.1434 0.1402 0.1978 0.1144 0.1809 0.0839 0.1395 
        D568  3 0.3052 0.1965 0.3057 0.0758 0.0296 0.0352 0.0521 
        D569  3 0.0341 0.0469 0.0297 0.1173 0.0294 0.2893 0.4534 
        D573  3 0.0237 0.1171 0.1476 0.3748 0.1987 0.0622 0.0760 
        D574  3 0.1183 0.1901 0.0888 0.2223 0.1406 0.0998 0.1402 
        D575  3 0.0188 0.0130 0.8889 0.0178 0.0098 0.0283 0.0234 
        D576  3 0.0093 0.0478 0.2890 0.1791 0.0168 0.3598 0.0982 
        D577  3 0.2797 0.0820 0.1505 0.1017 0.1191 0.0995 0.1674 
        D578  3 0.0252 0.0338 0.0172 0.0433 0.0110 0.0177 0.8517 
        D579  3 0.0491 0.2231 0.1071 0.0657 0.4349 0.0681 0.0520 
        D660  3 0.0312 0.0437 0.1048 0.1400 0.0235 0.3411 0.3156 
        D661  3 0.0383 0.8527 0.0193 0.0404 0.0132 0.0198 0.0163 
        D663  3 0.0243 0.0977 0.0370 0.5807 0.0332 0.1350 0.0920 
        D664  3 0.0770 0.0411 0.2400 0.1347 0.0207 0.2293 0.2573 
        D665  3 0.0193 0.0245 0.0523 0.0751 0.0134 0.6545 0.1609 
        D666  3 0.0288 0.0193 0.8518 0.0266 0.0204 0.0264 0.0267 
        D502  6 0.0167 0.0327 0.0577 0.1120 0.0132 0.7036 0.0640 
        D503  6 0.0656 0.3592 0.0818 0.2188 0.0622 0.1550 0.0573 
        D504  6 0.0776 0.4688 0.0325 0.1056 0.2288 0.0399 0.0468 
        D505  6 0.0286 0.0764 0.0662 0.1882 0.2273 0.2133 0.2000 
        D506  6 0.0132 0.0208 0.0216 0.0276 0.8654 0.0179 0.0334 
        D507  6 0.0588 0.1720 0.1093 0.3191 0.0604 0.2060 0.0744 
        D508  6 0.0283 0.3073 0.0407 0.1437 0.0440 0.3584 0.0777 
        D529  6 0.0618 0.1049 0.0769 0.1685 0.1015 0.0705 0.4159 
        D530  6 0.0359 0.0180 0.0380 0.0509 0.0236 0.7580 0.0756 
        D531  6 0.0491 0.1902 0.1101 0.1523 0.3298 0.1003 0.0683 
        D532  6 0.0445 0.0834 0.0663 0.2632 0.1530 0.1592 0.2305 
        D534  6 0.4853 0.1568 0.0271 0.1090 0.0327 0.0828 0.1063 
        D535  6 0.0432 0.0832 0.1364 0.3088 0.1872 0.0786 0.1626 
        D536  6 0.0239 0.0637 0.0294 0.2144 0.0680 0.3431 0.2576 
        D554  6 0.0784 0.0992 0.0580 0.1591 0.2633 0.1995 0.1424 
        D587  6 0.1283 0.0959 0.0620 0.1340 0.4485 0.0575 0.0738 
        D588  6 0.0165 0.0383 0.0615 0.6665 0.0463 0.0409 0.1300 
        D589  6 0.0377 0.1853 0.0536 0.2551 0.0444 0.3398 0.0841 
        D590  6 0.0373 0.0688 0.0282 0.2692 0.2987 0.1057 0.1922 
        D591  6 0.0904 0.1555 0.2508 0.2606 0.0895 0.0966 0.0567 
        D592  6 0.5139 0.0476 0.0415 0.0998 0.1380 0.0955 0.0637 
        D593  6 0.0153 0.0113 0.0318 0.0219 0.0107 0.8469 0.0622 
        D682  6 0.0220 0.0357 0.0276 0.0315 0.8420 0.0182 0.0230 
        D683  6 0.0590 0.1775 0.0362 0.1707 0.2650 0.1851 0.1065 
        D684  6 0.0362 0.2147 0.0334 0.2215 0.0496 0.2691 0.1755 
        D685  6 0.0223 0.0889 0.0474 0.4062 0.0239 0.3508 0.0604 
        D686  6 0.0420 0.0233 0.0291 0.3557 0.0616 0.2249 0.2635 
        D724  6 0.0771 0.4260 0.0388 0.1188 0.0523 0.1835 0.1036 
        D725  6 0.1358 0.0512 0.1432 0.1476 0.0194 0.4064 0.0965 
        D726  6 0.0657 0.0609 0.0356 0.0472 0.7235 0.0232 0.0439 
        D727  6 0.0168 0.0366 0.0621 0.2977 0.1509 0.0855 0.3504 
        D728  6 0.0823 0.0361 0.2929 0.1457 0.2605 0.1290 0.0535 
        D729  6 0.0346 0.0192 0.0157 0.1684 0.1222 0.1263 0.5136 
        D730  6 0.0555 0.7527 0.0344 0.0550 0.0285 0.0427 0.0311 
        D731  6 0.0265 0.0802 0.2508 0.1170 0.2118 0.2283 0.0853 
        D732  6 0.0929 0.1014 0.1070 0.1615 0.0623 0.2700 0.2048 
        D733  6 0.3604 0.3231 0.0747 0.0541 0.0319 0.0880 0.0678 
     D237251  7 0.0157 0.8159 0.0699 0.0394 0.0157 0.0187 0.0248 
     D237252  7 0.1310 0.1268 0.2224 0.0818 0.0230 0.3209 0.0942 
     D237253  7 0.0348 0.2267 0.0774 0.3748 0.1300 0.0484 0.1079 
     D237254  7 0.0256 0.0259 0.0157 0.0751 0.0128 0.0189 0.8259 
     D237255  7 0.0386 0.2328 0.3100 0.1629 0.0521 0.0931 0.1104 
     D237256  7 0.0173 0.1211 0.0917 0.5353 0.0304 0.1431 0.0611 
     D237257  7 0.0232 0.0814 0.0397 0.3368 0.0394 0.0982 0.3814 
     D237282  7 0.3147 0.0836 0.0568 0.1576 0.1033 0.0526 0.2314 
     D237283  7 0.0225 0.0233 0.0618 0.0545 0.0101 0.6632 0.1645 
     D237284  7 0.0476 0.1202 0.0367 0.1030 0.0535 0.0315 0.6075 
     D237285  7 0.0393 0.0532 0.0488 0.1416 0.0406 0.4930 0.1835 
     D237286  7 0.0551 0.1422 0.0692 0.3224 0.2162 0.0669 0.1280 
     D237287  7 0.0330 0.0694 0.6355 0.1171 0.0456 0.0319 0.0676 
     D244006  7 0.0365 0.0552 0.0119 0.0447 0.0214 0.0189 0.8113 
     D244007  7 0.2600 0.1711 0.0294 0.1402 0.0827 0.0694 0.2473 
     D244008  7 0.0331 0.0160 0.1258 0.0478 0.0183 0.6054 0.1537 
     D244009  7 0.6020 0.1616 0.0484 0.0584 0.0357 0.0528 0.0411 
     D244010  7 0.0188 0.0169 0.0680 0.0848 0.0481 0.5632 0.2002 
     D244011  7 0.0455 0.3835 0.0475 0.2384 0.0589 0.1430 0.0832 
     D244012  7 0.0152 0.0364 0.0656 0.0967 0.0553 0.5793 0.1516 
     D244013  7 0.0627 0.4802 0.0818 0.0956 0.0351 0.1503 0.0942 
     D244014  7 0.0971 0.2668 0.2662 0.1371 0.0197 0.1300 0.0831 
     D244015  7 0.1889 0.0242 0.3259 0.1746 0.0410 0.0918 0.1537 
     D244125  7 0.1053 0.1089 0.2262 0.2163 0.1610 0.1171 0.0651 
     D244126  7 0.0211 0.0282 0.0238 0.0325 0.0180 0.6773 0.1991 
     D244130  7 0.0625 0.0483 0.0282 0.3757 0.0223 0.3046 0.1583 
     D244131  7 0.1604 0.4238 0.0193 0.0633 0.2142 0.0553 0.0636 
     D244132  7 0.2160 0.2493 0.2483 0.1612 0.0574 0.0384 0.0294 
        D520  7 0.0389 0.0312 0.0694 0.1146 0.0392 0.5979 0.1088 
        D521  7 0.0951 0.1070 0.0489 0.1333 0.0346 0.4254 0.1558 
        D522  7 0.6231 0.1980 0.0462 0.0477 0.0407 0.0178 0.0266 
        D523  7 0.0353 0.8025 0.0416 0.0391 0.0332 0.0238 0.0245 
        D524  7 0.0453 0.6517 0.0723 0.0816 0.0407 0.0462 0.0623 
        D525  7 0.1086 0.0686 0.0304 0.2237 0.1581 0.2571 0.1535 
        D526  7 0.0979 0.0349 0.0748 0.0736 0.0261 0.0339 0.6587 
        D527  7 0.0171 0.7708 0.0415 0.0398 0.0857 0.0236 0.0215 
        D528  7 0.0136 0.0128 0.0128 0.8994 0.0134 0.0246 0.0234 
        D558  7 0.3323 0.0915 0.0347 0.0615 0.0438 0.1534 0.2828 
        D559  7 0.0513 0.7127 0.0260 0.0594 0.0197 0.0593 0.0715 
        D640  7 0.0466 0.1794 0.5247 0.1287 0.0359 0.0424 0.0423 
        D641  7 0.0313 0.0588 0.3698 0.1168 0.0215 0.2524 0.1494 
        D642  7 0.3277 0.0416 0.0267 0.1083 0.0436 0.1783 0.2739 
        D644  7 0.1056 0.1652 0.1430 0.1633 0.0677 0.1533 0.2018 
        D645  7 0.0509 0.2112 0.5315 0.0871 0.0465 0.0427 0.0301 
        D662  7 0.2628 0.1381 0.0807 0.2469 0.1549 0.0313 0.0853 
        D687  7 0.0472 0.6880 0.0420 0.0662 0.0573 0.0732 0.0261 
        D688  7 0.0314 0.0553 0.0277 0.1857 0.0298 0.2398 0.4303 
        D689  7 0.0158 0.0281 0.8756 0.0204 0.0288 0.0162 0.0151 
        D700  7 0.0135 0.0158 0.0121 0.9041 0.0205 0.0152 0.0188 
        D797  7 0.1032 0.4600 0.0930 0.0833 0.1616 0.0507 0.0482 
        D798  7 0.0569 0.0311 0.4638 0.2522 0.0217 0.0924 0.0821 
        D799  7 0.0166 0.7794 0.0341 0.0728 0.0191 0.0395 0.0385 
        D800  7 0.0513 0.2845 0.0488 0.2044 0.3328 0.0341 0.0440 
        D201  9 0.1105 0.6977 0.0330 0.0754 0.0243 0.0258 0.0333 
        D202  9 0.0167 0.0679 0.0243 0.0477 0.0223 0.7611 0.0600 
     D237259  9 0.0201 0.0241 0.1439 0.6395 0.0212 0.1037 0.0475 
     D237260  9 0.0206 0.1994 0.0393 0.2635 0.0454 0.1993 0.2323 
     D237262  9 0.0527 0.0283 0.0226 0.1038 0.0452 0.4569 0.2904 
     D237263  9 0.0480 0.4369 0.0265 0.1041 0.0699 0.1638 0.1508 
     D237264  9 0.0570 0.0819 0.0475 0.2183 0.1017 0.2790 0.2146 
     D237265  9 0.0216 0.1074 0.0211 0.0570 0.0315 0.7139 0.0475 
     D237266  9 0.0316 0.0462 0.3181 0.1533 0.0320 0.1712 0.2476 
     D237267  9 0.0137 0.0270 0.0924 0.3230 0.0848 0.2599 0.1991 
     D237268  9 0.0340 0.0420 0.0413 0.0600 0.0332 0.5812 0.2082 
     D237289  9 0.0370 0.0911 0.0664 0.1011 0.0792 0.5718 0.0533 
     D237290  9 0.0306 0.0862 0.1229 0.0747 0.0352 0.5817 0.0687 
     D237291  9 0.0145 0.5988 0.0672 0.1343 0.0278 0.0524 0.1049 
     D237292  9 0.0494 0.0865 0.0191 0.2098 0.0429 0.4461 0.1462 
     D237293  9 0.0524 0.0290 0.3079 0.0606 0.0254 0.4428 0.0818 
     D237294  9 0.0751 0.6214 0.0268 0.0935 0.0498 0.0548 0.0787 
     D237295  9 0.1252 0.0747 0.1079 0.0743 0.3563 0.1762 0.0856 
     D237296  9 0.1054 0.2668 0.0911 0.3232 0.0700 0.0530 0.0905 
     D237297  9 0.0384 0.0801 0.0959 0.3663 0.0780 0.1914 0.1499 
     D237298  9 0.1093 0.5624 0.0812 0.0889 0.0374 0.0717 0.0492 
     D237341  9 0.0902 0.3485 0.0541 0.2791 0.0487 0.1035 0.0759 
     D237342  9 0.0178 0.0327 0.0227 0.0489 0.0525 0.6297 0.1957 
     D237343  9 0.0699 0.1863 0.0813 0.2490 0.0522 0.0874 0.2738 
     D237344  9 0.0532 0.0284 0.2609 0.1268 0.0663 0.2987 0.1657 
     D237345  9 0.2556 0.0746 0.0254 0.0988 0.0171 0.3562 0.1724 
     D237346  9 0.0920 0.1531 0.1412 0.3877 0.0468 0.1086 0.0705 
     D237347  9 0.0958 0.2619 0.0979 0.1991 0.1443 0.0629 0.1381 
     D237348  9 0.0708 0.0315 0.1040 0.0464 0.0247 0.5791 0.1436 
     D237349  9 0.1866 0.3436 0.0358 0.1337 0.0833 0.0955 0.1215 
     D244109  9 0.0433 0.0554 0.0253 0.0775 0.0235 0.0579 0.7171 
     D244110  9 0.0673 0.1091 0.1385 0.1732 0.0549 0.1274 0.3296 
     D244111  9 0.0888 0.2670 0.0793 0.1046 0.0512 0.2638 0.1453 
     D244128  9 0.0187 0.0551 0.0201 0.0434 0.0246 0.5981 0.2400 
     D244137  9 0.1944 0.2458 0.0359 0.0890 0.2813 0.0715 0.0822 
     D244138  9 0.0543 0.3257 0.0332 0.2609 0.0293 0.2156 0.0809 
        D580  9 0.4752 0.0293 0.0908 0.1020 0.0231 0.1893 0.0904 
        D581  9 0.0354 0.1123 0.0238 0.0502 0.0150 0.7152 0.0481 
        D582  9 0.0315 0.0357 0.0270 0.0336 0.0174 0.6105 0.2444 
        D583  9 0.0573 0.4939 0.0725 0.1572 0.0199 0.0813 0.1179 
        D584  9 0.0898 0.0248 0.0446 0.1060 0.0404 0.5625 0.1319 
        D585  9 0.0400 0.0446 0.0431 0.1041 0.0439 0.5211 0.2031 
        D586  9 0.0290 0.2507 0.0958 0.4010 0.0556 0.1207 0.0473 
        D651  9 0.1623 0.0208 0.6654 0.0419 0.0312 0.0240 0.0542 
        D652  9 0.1320 0.4369 0.0235 0.1046 0.1066 0.0854 0.1109 
        D653  9 0.0601 0.1393 0.1716 0.3443 0.0406 0.1683 0.0758 
        D654  9 0.1623 0.0789 0.1449 0.2112 0.0551 0.0521 0.2955 
        D655  9 0.0430 0.1133 0.3714 0.2164 0.0813 0.1007 0.0739 
        D656  9 0.0415 0.0254 0.0353 0.1312 0.0547 0.1106 0.6013 
        D657  9 0.1576 0.0841 0.0385 0.1400 0.0242 0.1478 0.4078 
        D667  9 0.0128 0.0169 0.8598 0.0222 0.0207 0.0396 0.0280 
        D668  9 0.0955 0.0389 0.5060 0.1139 0.0195 0.1834 0.0428 
        D669  9 0.0531 0.2619 0.0448 0.0826 0.0248 0.4911 0.0417 
        D670  9 0.0441 0.0266 0.5581 0.2375 0.0279 0.0312 0.0746 
        D671  9 0.1403 0.2535 0.0266 0.2024 0.0654 0.2151 0.0966 
        D672  9 0.1351 0.1245 0.1862 0.1338 0.0512 0.2851 0.0841 
        D673  9 0.2097 0.0728 0.5385 0.0698 0.0297 0.0517 0.0278 
        D692  9 0.0394 0.0248 0.0323 0.1642 0.0840 0.2883 0.3670 
        D693  9 0.1069 0.0317 0.6307 0.0479 0.0234 0.1083 0.0511 
        D694  9 0.0423 0.0526 0.0214 0.1174 0.0273 0.2722 0.4667 
        D695  9 0.2203 0.0827 0.2874 0.1460 0.0730 0.1183 0.0723 
        D696  9 0.1086 0.0321 0.0517 0.0720 0.6042 0.0795 0.0519 
        D697  9 0.0362 0.0307 0.8317 0.0316 0.0277 0.0222 0.0199 
        D698  9 0.0527 0.0448 0.1909 0.2063 0.0966 0.3424 0.0663 
        D699  9 0.0459 0.0283 0.5794 0.0356 0.0315 0.2374 0.0420 
        D787  9 0.0802 0.2085 0.1936 0.1429 0.0852 0.0981 0.1914 
        D788  9 0.0314 0.0305 0.6492 0.0497 0.0256 0.1771 0.0365 
        D789  9 0.0508 0.0451 0.0690 0.1264 0.0369 0.4714 0.2003 
        D790  9 0.0639 0.0699 0.6370 0.0892 0.0253 0.0525 0.0622 
        D791  9 0.0155 0.1610 0.0317 0.0831 0.0277 0.6024 0.0785 
        D792  9 0.0769 0.1200 0.1450 0.1632 0.1083 0.0305 0.3561 
        D793  9 0.0175 0.0200 0.8087 0.0281 0.0881 0.0155 0.0221 
        D794  9 0.0757 0.0752 0.3498 0.1512 0.1067 0.0662 0.1751 
        D795  9 0.0277 0.0335 0.0320 0.0618 0.0464 0.6644 0.1342 
        D796  9 0.0191 0.0363 0.7876 0.0337 0.0150 0.0819 0.0266 
        D005 12 0.0247 0.0543 0.0172 0.1014 0.0154 0.0389 0.7482 
        D035 12 0.0166 0.0196 0.8949 0.0219 0.0183 0.0130 0.0157 
        D067 12 0.0291 0.0684 0.6275 0.1003 0.0525 0.0737 0.0485 
        D134 12 0.0229 0.1306 0.0529 0.4872 0.0481 0.1023 0.1560 
        D135 12 0.0448 0.0524 0.0913 0.6208 0.0324 0.1046 0.0537 
        D136 12 0.2144 0.0269 0.1021 0.2242 0.2568 0.0561 0.1195 
        D137 12 0.0359 0.0567 0.6056 0.1360 0.0206 0.1011 0.0442 
        D138 12 0.0981 0.1720 0.3793 0.1409 0.0996 0.0446 0.0654 
        D139 12 0.0499 0.4034 0.0539 0.1503 0.0454 0.1735 0.1237 
        D140 12 0.0318 0.0215 0.8003 0.0475 0.0408 0.0323 0.0258 
        D141 12 0.3468 0.0257 0.2732 0.0499 0.0110 0.1533 0.1403 
        D150 12 0.0619 0.0353 0.0251 0.2115 0.0376 0.2567 0.3719 
        D177 12 0.0152 0.0514 0.0831 0.4734 0.0721 0.1502 0.1545 
        D178 12 0.2975 0.0791 0.0324 0.2050 0.1923 0.0456 0.1481 
        D179 12 0.0960 0.1314 0.1057 0.4202 0.0814 0.0352 0.1302 
        D180 12 0.0323 0.0290 0.6179 0.0943 0.0207 0.0509 0.1548 
        D187 12 0.0158 0.0438 0.8325 0.0274 0.0260 0.0303 0.0242 
        D188 12 0.1477 0.0521 0.0267 0.1397 0.0251 0.2137 0.3950 
        D191 12 0.3153 0.3503 0.1424 0.0642 0.0289 0.0415 0.0573 
        D418 12 0.4834 0.1551 0.1252 0.1001 0.0174 0.0620 0.0567 
        D601 12 0.0216 0.0336 0.0695 0.1331 0.0322 0.2538 0.4563 
        D836 12 0.0264 0.0338 0.3965 0.0364 0.0132 0.3187 0.1750 
        D837 12 0.1008 0.5135 0.0517 0.0763 0.1346 0.0779 0.0451 
        D838 12 0.0200 0.0926 0.7533 0.0580 0.0364 0.0251 0.0147 
        D839 12 0.0683 0.3229 0.0499 0.1490 0.0371 0.2548 0.1180 
        D840 12 0.2196 0.4106 0.1464 0.0909 0.0360 0.0472 0.0493 
        D841 12 0.0234 0.0285 0.8685 0.0305 0.0155 0.0180 0.0157 
        D842 12 0.3210 0.1303 0.0170 0.0678 0.0143 0.1898 0.2597 
        D843 12 0.0351 0.1039 0.2280 0.1820 0.1157 0.1660 0.1692 
        D844 12 0.0696 0.7712 0.0153 0.0352 0.0429 0.0167 0.0492 
        D912 12 0.1532 0.5950 0.0318 0.0359 0.1327 0.0244 0.0270 
        D913 12 0.0225 0.1669 0.2447 0.3896 0.0510 0.0526 0.0726 
        D914 12 0.0510 0.6230 0.0788 0.1117 0.0408 0.0386 0.0562 
        D922 12 0.0381 0.0224 0.8265 0.0273 0.0261 0.0307 0.0289 
        D939 12 0.0651 0.0566 0.3002 0.0541 0.0234 0.2901 0.2105 
        D944 12 0.0512 0.1286 0.0897 0.6062 0.0285 0.0218 0.0740 
        D945 12 0.0389 0.1433 0.2354 0.2219 0.0525 0.1917 0.1164 
        D985 12 0.1863 0.0196 0.1449 0.1716 0.0449 0.0976 0.3351 
        D986 12 0.0367 0.5553 0.0159 0.1936 0.0501 0.0919 0.0565 
        D987 12 0.0882 0.6458 0.0352 0.0769 0.0603 0.0298 0.0638 
        D988 12 0.0398 0.2163 0.0538 0.2720 0.0757 0.1764 0.1660 
        D996 12 0.0427 0.2762 0.3190 0.2049 0.0383 0.0318 0.0872 
        D997 12 0.0419 0.1531 0.1383 0.1686 0.0521 0.2396 0.2064 
        D998 12 0.0294 0.0429 0.2248 0.4576 0.0635 0.1197 0.0621 
        D999 12 0.1039 0.3252 0.0646 0.0932 0.0321 0.3097 0.0714 
