        D174  1 0.3651 0.1796 0.0663 0.0701 0.1953 0.1236 
        D199  1 0.1421 0.1143 0.1220 0.0606 0.2031 0.3580 
        D203  1 0.1447 0.0688 0.0759 0.1243 0.4181 0.1682 
        D204  1 0.7914 0.0443 0.0236 0.0655 0.0361 0.0391 
     D237366  1 0.0534 0.0508 0.0437 0.2862 0.4362 0.1297 
     D237367  1 0.0776 0.0980 0.0800 0.1620 0.4062 0.1762 
     D237368  1 0.2717 0.0527 0.0510 0.1756 0.3642 0.0847 
     D244101  1 0.2076 0.0774 0.0502 0.1636 0.0703 0.4310 
     D244102  1 0.1754 0.1822 0.1088 0.2397 0.0967 0.1973 
     D244103  1 0.1050 0.0653 0.0682 0.1326 0.3049 0.3241 
     D244104  1 0.3182 0.0314 0.4436 0.0960 0.0473 0.0635 
     D244105  1 0.0334 0.0256 0.1871 0.3255 0.1017 0.3267 
     D244106  1 0.7639 0.0452 0.0260 0.0603 0.0319 0.0727 
     D244107  1 0.0231 0.0768 0.0826 0.0430 0.5948 0.1797 
     D244108  1 0.1029 0.1985 0.0903 0.4435 0.0405 0.1244 
     D244113  1 0.1373 0.3729 0.1043 0.0541 0.1163 0.2151 
     D244114  1 0.1037 0.0448 0.0985 0.1163 0.0925 0.5442 
     D244115  1 0.6610 0.0443 0.0421 0.0853 0.0316 0.1356 
     D267365  1 0.2968 0.1007 0.1030 0.1336 0.1449 0.2210 
        D404  1 0.4614 0.3493 0.0389 0.0294 0.0558 0.0653 
        D405  1 0.2523 0.3718 0.1042 0.0405 0.0789 0.1523 
        D406  1 0.0152 0.0118 0.0127 0.9322 0.0144 0.0136 
        D407  1 0.5201 0.0413 0.0310 0.0479 0.2417 0.1180 
        D408  1 0.5133 0.1416 0.1457 0.0349 0.0547 0.1098 
        D409  1 0.1146 0.0808 0.0739 0.2354 0.1206 0.3746 
        D410  1 0.0692 0.3125 0.0596 0.1341 0.0636 0.3610 
        D421  1 0.7640 0.0179 0.0465 0.0171 0.0916 0.0629 
        D422  1 0.0563 0.0550 0.0346 0.2342 0.2844 0.3356 
        D423  1 0.0597 0.1334 0.0547 0.0911 0.3426 0.3185 
        D424  1 0.7773 0.0189 0.0210 0.0464 0.0279 0.1086 
        D425  1 0.1353 0.0529 0.2205 0.0423 0.1104 0.4386 
        D426  1 0.0671 0.0351 0.0702 0.0765 0.1376 0.6134 
        D427  1 0.4473 0.0247 0.2817 0.0181 0.0622 0.1658 
        D428  1 0.5976 0.0601 0.0509 0.0971 0.0845 0.1097 
        D429  1 0.8835 0.0182 0.0183 0.0413 0.0148 0.0239 
        D430  1 0.5786 0.0601 0.0910 0.0279 0.0594 0.1830 
        D491  1 0.6228 0.0288 0.0886 0.1578 0.0342 0.0678 
        D492  1 0.7402 0.0450 0.0189 0.0766 0.0599 0.0594 
        D537  1 0.1412 0.0649 0.0775 0.4547 0.1012 0.1605 
        D538  1 0.1788 0.2366 0.0464 0.1072 0.3319 0.0991 
        D539  1 0.1382 0.1197 0.1392 0.4387 0.0384 0.1258 
        D540  1 0.0701 0.0971 0.3080 0.0403 0.1412 0.3432 
        D541  1 0.8649 0.0192 0.0252 0.0262 0.0342 0.0302 
        D551  1 0.0413 0.0208 0.0327 0.1133 0.1306 0.6614 
        D552  1 0.0662 0.0183 0.0407 0.8209 0.0184 0.0356 
        D553  1 0.4350 0.0297 0.1450 0.0666 0.1530 0.1706 
        D615  1 0.6150 0.0673 0.0665 0.0843 0.0603 0.1066 
        D616  1 0.4369 0.0936 0.0550 0.1029 0.1091 0.2025 
        D621  1 0.0427 0.0582 0.0489 0.7798 0.0278 0.0426 
        D622  1 0.0239 0.0235 0.0302 0.8560 0.0293 0.0371 
        D623  1 0.1070 0.5527 0.0699 0.0533 0.0480 0.1691 
        D624  1 0.5234 0.0554 0.1361 0.0426 0.0395 0.2029 
        D625  1 0.5541 0.0866 0.0262 0.1681 0.0883 0.0767 
        D626  1 0.0815 0.0326 0.6158 0.0818 0.1069 0.0816 
        D627  1 0.1485 0.0378 0.0388 0.1539 0.2226 0.3984 
        D690  1 0.8971 0.0208 0.0194 0.0214 0.0218 0.0196 
        D691  1 0.0257 0.0185 0.0251 0.8655 0.0345 0.0307 
        D710  1 0.2435 0.0621 0.1158 0.0479 0.3307 0.1999 
        D711  1 0.8691 0.0342 0.0123 0.0310 0.0278 0.0256 
        D712  1 0.1050 0.0862 0.2725 0.2312 0.1511 0.1541 
        D713  1 0.1539 0.1136 0.0562 0.2427 0.1291 0.3046 
        D746  1 0.0402 0.0184 0.0288 0.8537 0.0363 0.0225 
        D747  1 0.8939 0.0258 0.0188 0.0171 0.0199 0.0244 
        D748  1 0.0587 0.0270 0.0249 0.8144 0.0332 0.0419 
        D749  1 0.0734 0.1133 0.0427 0.2499 0.1316 0.3890 
        D750  1 0.8953 0.0230 0.0198 0.0272 0.0140 0.0208 
        D763  1 0.0433 0.0662 0.2821 0.3667 0.0787 0.1630 
        D764  1 0.9122 0.0133 0.0197 0.0208 0.0151 0.0189 
        D765  1 0.0344 0.0987 0.2033 0.1176 0.1097 0.4365 
        D766  1 0.0256 0.0264 0.0485 0.8337 0.0297 0.0362 
        D767  1 0.1121 0.1349 0.0495 0.1807 0.3969 0.1259 
        D768  1 0.2405 0.0361 0.1271 0.1417 0.1767 0.2779 
        D811  1 0.0608 0.1361 0.6090 0.0305 0.0429 0.1207 
        D816  1 0.8748 0.0163 0.0165 0.0345 0.0227 0.0353 
        D825  1 0.4890 0.0861 0.0983 0.0888 0.0759 0.1618 
        D866  1 0.1030 0.4358 0.2288 0.0555 0.0699 0.1071 
        D867  1 0.0367 0.0630 0.0339 0.1021 0.5381 0.2262 
        D871  1 0.2856 0.0867 0.0370 0.1918 0.1333 0.2657 
        D872  1 0.0368 0.0714 0.0473 0.6984 0.1011 0.0451 
        D873  1 0.0178 0.7095 0.0169 0.0231 0.1071 0.1256 
        D874  1 0.6060 0.0456 0.0589 0.1511 0.0339 0.1045 
        D875  1 0.0457 0.0565 0.0167 0.5514 0.1119 0.2179 
        D876  1 0.0786 0.0219 0.0427 0.7815 0.0319 0.0433 
        D877  1 0.3521 0.3694 0.0384 0.0346 0.0346 0.1710 
        D892  1 0.1381 0.0225 0.0199 0.6878 0.0753 0.0564 
        D893  1 0.1325 0.0914 0.1059 0.2949 0.1728 0.2024 
        D894  1 0.9091 0.0202 0.0127 0.0219 0.0160 0.0201 
        D915  1 0.1079 0.0890 0.0665 0.3994 0.2130 0.1242 
        D916  1 0.9256 0.0143 0.0128 0.0195 0.0137 0.0141 
        D917  1 0.0964 0.2109 0.0866 0.0225 0.4026 0.1810 
        D925  1 0.2064 0.2047 0.0834 0.2336 0.1021 0.1698 
        D926  1 0.6129 0.0239 0.0362 0.1155 0.0892 0.1223 
        D927  1 0.2100 0.0649 0.0632 0.1839 0.2421 0.2359 
        D928  1 0.7790 0.0391 0.0539 0.0411 0.0293 0.0576 
        D929  1 0.0746 0.1515 0.0504 0.0951 0.5352 0.0932 
        D936  1 0.7120 0.0382 0.0379 0.0676 0.0646 0.0797 
        D938  1 0.0130 0.0167 0.0282 0.9051 0.0178 0.0192 
        D956  1 0.8382 0.0446 0.0287 0.0214 0.0286 0.0386 
        D957  1 0.0399 0.0954 0.0269 0.7090 0.0650 0.0640 
        D958  1 0.0340 0.0154 0.0193 0.8986 0.0160 0.0167 
        D959  1 0.3789 0.0313 0.0297 0.0342 0.2781 0.2478 
        D960  1 0.0257 0.1413 0.0131 0.6872 0.0520 0.0807 
        D989  1 0.2556 0.0311 0.3860 0.0680 0.0710 0.1883 
        D990  1 0.0313 0.3024 0.0584 0.0747 0.1571 0.3762 
        D211  3 0.0304 0.1305 0.0650 0.0406 0.6870 0.0465 
     D229639  3 0.1391 0.0836 0.4411 0.0387 0.0770 0.2205 
     D237212  3 0.1346 0.2724 0.1953 0.0377 0.1921 0.1680 
     D237213  3 0.0233 0.3352 0.2895 0.0739 0.1649 0.1132 
     D237214  3 0.0236 0.0228 0.0159 0.0352 0.8531 0.0495 
     D237215  3 0.0213 0.5665 0.3112 0.0182 0.0207 0.0621 
     D237216  3 0.0491 0.0994 0.1543 0.0428 0.1315 0.5228 
     D237217  3 0.0188 0.0495 0.1478 0.1116 0.4564 0.2159 
     D237218  3 0.1635 0.0500 0.0911 0.4057 0.0801 0.2095 
     D237219  3 0.0162 0.0433 0.7570 0.0623 0.0675 0.0537 
     D237382  3 0.1365 0.3979 0.1009 0.1549 0.1323 0.0775 
     D244127  3 0.0211 0.4825 0.2286 0.0606 0.0913 0.1159 
     D244129  3 0.1026 0.1450 0.1118 0.0835 0.4495 0.1076 
     D244133  3 0.0650 0.0325 0.7787 0.0352 0.0348 0.0537 
     D244134  3 0.0217 0.0547 0.6994 0.0961 0.0643 0.0638 
     D244135  3 0.0249 0.0324 0.0288 0.0340 0.8288 0.0512 
     D244136  3 0.1744 0.1273 0.4063 0.0919 0.0552 0.1449 
        D416  3 0.0410 0.0710 0.5506 0.0394 0.1166 0.1814 
        D417  3 0.3323 0.0280 0.0342 0.4419 0.0349 0.1288 
        D419  3 0.0343 0.0454 0.6008 0.1502 0.0871 0.0821 
        D565  3 0.4851 0.0850 0.2300 0.0570 0.0349 0.1080 
        D566  3 0.4350 0.1777 0.1635 0.0263 0.0368 0.1606 
        D567  3 0.3089 0.0517 0.2058 0.1690 0.1710 0.0936 
        D568  3 0.0429 0.0311 0.2429 0.4765 0.1225 0.0840 
        D569  3 0.0346 0.5030 0.0353 0.0235 0.3006 0.1031 
        D573  3 0.2401 0.0500 0.1845 0.0284 0.0954 0.4015 
        D574  3 0.1410 0.1707 0.1306 0.1169 0.1999 0.2410 
        D575  3 0.0130 0.0358 0.8069 0.0390 0.0743 0.0310 
        D576  3 0.0148 0.3824 0.4852 0.0120 0.0362 0.0695 
        D577  3 0.0896 0.0509 0.1097 0.4600 0.2001 0.0898 
        D578  3 0.0127 0.0177 0.0203 0.0288 0.8894 0.0310 
        D579  3 0.6335 0.0785 0.1286 0.0502 0.0418 0.0674 
        D660  3 0.0250 0.3667 0.1222 0.0321 0.3283 0.1257 
        D661  3 0.0255 0.0403 0.0335 0.7779 0.0241 0.0986 
        D663  3 0.0358 0.1457 0.0703 0.0241 0.1801 0.5439 
        D664  3 0.0220 0.2164 0.2314 0.0608 0.3679 0.1015 
        D665  3 0.0174 0.3905 0.0841 0.0223 0.4048 0.0809 
        D666  3 0.0248 0.0374 0.8495 0.0277 0.0271 0.0336 
        D502  6 0.0171 0.5349 0.1072 0.0265 0.1333 0.1810 
        D503  6 0.0603 0.1371 0.1076 0.3286 0.0711 0.2954 
        D504  6 0.5127 0.0547 0.0506 0.1640 0.0461 0.1719 
        D505  6 0.1679 0.3128 0.0788 0.0402 0.1766 0.2238 
        D506  6 0.8459 0.0231 0.0321 0.0141 0.0359 0.0488 
        D507  6 0.0675 0.2770 0.1356 0.0968 0.0546 0.3684 
        D508  6 0.0680 0.5145 0.1004 0.0390 0.0984 0.1797 
        D529  6 0.1726 0.0662 0.0844 0.0590 0.4246 0.1931 
        D530  6 0.0202 0.8125 0.0399 0.0303 0.0603 0.0368 
        D531  6 0.4880 0.1522 0.1227 0.0560 0.0577 0.1234 
        D532  6 0.1181 0.4181 0.0857 0.0348 0.1037 0.2396 
        D534  6 0.0558 0.0745 0.0424 0.5960 0.0864 0.1449 
        D535  6 0.2967 0.0912 0.1841 0.0323 0.1550 0.2407 
        D536  6 0.0508 0.5420 0.0367 0.0253 0.1436 0.2016 
        D554  6 0.3486 0.2593 0.0705 0.0693 0.1097 0.1427 
        D587  6 0.4151 0.0933 0.0779 0.1680 0.0557 0.1900 
        D588  6 0.0991 0.0721 0.0922 0.0175 0.1141 0.6050 
        D589  6 0.0651 0.4372 0.0491 0.0555 0.0837 0.3093 
        D590  6 0.3551 0.1756 0.0431 0.0450 0.1116 0.2696 
        D591  6 0.1190 0.0923 0.3152 0.1374 0.0789 0.2572 
        D592  6 0.1506 0.0967 0.0449 0.4907 0.0700 0.1470 
        D593  6 0.0113 0.8626 0.0461 0.0163 0.0393 0.0244 
        D682  6 0.8204 0.0274 0.0465 0.0256 0.0262 0.0538 
        D683  6 0.3802 0.1341 0.0362 0.0631 0.2213 0.1651 
        D684  6 0.0548 0.1964 0.0337 0.0475 0.3599 0.3077 
        D685  6 0.0250 0.3080 0.0835 0.0432 0.0911 0.4492 
        D686  6 0.0482 0.6122 0.0295 0.0218 0.0843 0.2041 
        D724  6 0.0973 0.2106 0.0584 0.2218 0.1886 0.2234 
        D725  6 0.0231 0.3799 0.1526 0.1705 0.1184 0.1555 
        D726  6 0.7428 0.0292 0.0536 0.0732 0.0452 0.0560 
        D727  6 0.1873 0.0989 0.0633 0.0175 0.2788 0.3542 
        D728  6 0.1814 0.1864 0.3482 0.0582 0.0516 0.1741 
        D729  6 0.1658 0.1953 0.0194 0.0219 0.3550 0.2427 
        D730  6 0.1313 0.1521 0.1010 0.2970 0.1057 0.2131 
        D731  6 0.1660 0.3419 0.3141 0.0245 0.0469 0.1067 
        D732  6 0.0933 0.1983 0.1205 0.1023 0.2844 0.2011 
        D733  6 0.0471 0.1340 0.0848 0.5639 0.0937 0.0764 
     D237251  7 0.0507 0.0404 0.4555 0.1493 0.0576 0.2465 
     D237252  7 0.0217 0.2626 0.2205 0.2751 0.1271 0.0930 
     D237253  7 0.1604 0.0773 0.1945 0.0597 0.1046 0.4035 
     D237254  7 0.0139 0.0176 0.0156 0.0251 0.8963 0.0314 
     D237255  7 0.0497 0.1241 0.4601 0.0837 0.0759 0.2066 
     D237256  7 0.0373 0.1633 0.2100 0.0265 0.0739 0.4890 
     D237257  7 0.0389 0.0910 0.0691 0.0324 0.4612 0.3074 
     D237282  7 0.1584 0.0923 0.0769 0.2646 0.2170 0.1909 
     D237283  7 0.0132 0.4282 0.0847 0.0305 0.3635 0.0799 
     D237284  7 0.0603 0.0292 0.0377 0.0667 0.6983 0.1079 
     D237285  7 0.0319 0.5951 0.0472 0.0470 0.1715 0.1074 
     D237286  7 0.3451 0.0926 0.1196 0.0427 0.0716 0.3284 
     D237287  7 0.0511 0.0266 0.6501 0.0412 0.0544 0.1765 
     D244006  7 0.0223 0.0259 0.0149 0.0294 0.8799 0.0276 
     D244007  7 0.1406 0.0863 0.0317 0.3994 0.1629 0.1791 
     D244008  7 0.0205 0.3562 0.1654 0.0391 0.3687 0.0500 
     D244009  7 0.0307 0.0307 0.0425 0.7926 0.0463 0.0572 
     D244010  7 0.0401 0.2887 0.1034 0.0251 0.4538 0.0888 
     D244011  7 0.0839 0.2057 0.0869 0.0886 0.1410 0.3938 
     D244012  7 0.0552 0.4154 0.1004 0.0219 0.2956 0.1117 
     D244013  7 0.0990 0.3108 0.1434 0.1808 0.1247 0.1413 
     D244014  7 0.0294 0.2145 0.3146 0.1447 0.0888 0.2080 
     D244015  7 0.0558 0.1453 0.2862 0.0982 0.1703 0.2443 
     D244125  7 0.1896 0.2017 0.3121 0.0790 0.0446 0.1730 
     D244126  7 0.0208 0.4010 0.0326 0.0341 0.4733 0.0382 
     D244130  7 0.0258 0.5670 0.0378 0.0269 0.0864 0.2562 
     D244131  7 0.4254 0.0944 0.0292 0.2809 0.0755 0.0946 
     D244132  7 0.0599 0.0597 0.4239 0.2437 0.0263 0.1864 
        D520  7 0.0333 0.4028 0.1055 0.0512 0.2126 0.1945 
        D521  7 0.0484 0.5724 0.0655 0.0535 0.1577 0.1024 
        D522  7 0.0481 0.0168 0.0374 0.8343 0.0219 0.0415 
        D523  7 0.0654 0.0464 0.0697 0.6217 0.0342 0.1627 
        D524  7 0.0895 0.0999 0.2630 0.1989 0.0930 0.2557 
        D525  7 0.1408 0.2900 0.0447 0.1203 0.1516 0.2526 
        D526  7 0.0309 0.0305 0.0588 0.0769 0.7438 0.0591 
        D527  7 0.2763 0.0625 0.2198 0.1330 0.0597 0.2488 
        D528  7 0.0139 0.0198 0.0170 0.0143 0.0405 0.8947 
        D558  7 0.0593 0.4776 0.0334 0.1690 0.1896 0.0711 
        D559  7 0.0712 0.4577 0.0476 0.1731 0.0813 0.1692 
        D640  7 0.0399 0.0689 0.6551 0.0453 0.0336 0.1572 
        D641  7 0.0242 0.2391 0.4318 0.0296 0.1838 0.0915 
        D642  7 0.0486 0.4605 0.0331 0.1830 0.1352 0.1395 
        D644  7 0.0688 0.1902 0.1511 0.1411 0.2448 0.2040 
        D645  7 0.0611 0.0529 0.6801 0.0559 0.0366 0.1134 
        D662  7 0.1783 0.0889 0.1526 0.2184 0.0251 0.3366 
        D687  7 0.1809 0.1245 0.0656 0.2560 0.0597 0.3132 
        D688  7 0.0463 0.2106 0.0341 0.0327 0.4903 0.1860 
        D689  7 0.0384 0.0186 0.8688 0.0293 0.0179 0.0270 
        D700  7 0.0165 0.0177 0.0144 0.0135 0.0203 0.9175 
        D797  7 0.2576 0.0484 0.0907 0.4590 0.0406 0.1038 
        D798  7 0.0212 0.1350 0.4814 0.0424 0.0561 0.2639 
        D799  7 0.0781 0.1484 0.1927 0.0805 0.1485 0.3517 
        D800  7 0.4359 0.0444 0.0694 0.1379 0.0518 0.2607 
        D201  9 0.0479 0.0318 0.0389 0.7151 0.0383 0.1280 
        D202  9 0.0253 0.8124 0.0440 0.0173 0.0349 0.0662 
     D237259  9 0.0312 0.0783 0.1486 0.0207 0.0428 0.6784 
     D237260  9 0.0453 0.2304 0.0815 0.0304 0.3167 0.2957 
     D237262  9 0.0426 0.2293 0.0289 0.0304 0.5925 0.0763 
     D237263  9 0.1492 0.1698 0.0421 0.0836 0.4024 0.1530 
     D237264  9 0.1430 0.2991 0.0582 0.0594 0.2191 0.2212 
     D237265  9 0.0420 0.7359 0.0324 0.0487 0.0360 0.1050 
     D237266  9 0.0407 0.2302 0.4559 0.0179 0.1044 0.1509 
     D237267  9 0.0741 0.1775 0.0816 0.0143 0.3580 0.2944 
     D237268  9 0.0305 0.2890 0.0622 0.0645 0.4815 0.0724 
     D237289  9 0.0651 0.5946 0.0816 0.0945 0.0497 0.1144 
     D237290  9 0.0438 0.5622 0.2196 0.0374 0.0602 0.0768 
     D237291  9 0.0395 0.2751 0.1516 0.0679 0.0512 0.4147 
     D237292  9 0.0420 0.3990 0.0254 0.0798 0.1775 0.2763 
     D237293  9 0.0261 0.4605 0.3081 0.0369 0.1024 0.0659 
     D237294  9 0.0562 0.0713 0.0499 0.4055 0.1311 0.2861 
     D237295  9 0.4303 0.1280 0.1125 0.0998 0.1276 0.1018 
     D237296  9 0.0813 0.0690 0.1744 0.1818 0.0998 0.3937 
     D237297  9 0.0726 0.2960 0.1217 0.0382 0.1432 0.3283 
     D237298  9 0.1460 0.0820 0.1443 0.3291 0.1243 0.1743 
     D237341  9 0.0981 0.2083 0.1119 0.1538 0.0805 0.3473 
     D237342  9 0.0489 0.3449 0.0312 0.0157 0.5012 0.0581 
     D237343  9 0.0575 0.1046 0.1261 0.0982 0.3266 0.2870 
     D237344  9 0.0589 0.4166 0.2452 0.0390 0.0997 0.1405 
     D237345  9 0.0265 0.2117 0.0293 0.2768 0.3735 0.0822 
     D237346  9 0.0480 0.1562 0.2427 0.1470 0.0529 0.3531 
     D237347  9 0.2460 0.1302 0.1139 0.1225 0.1583 0.2289 
     D237348  9 0.0339 0.6547 0.1076 0.0470 0.1046 0.0522 
     D237349  9 0.2268 0.2306 0.0400 0.2575 0.0656 0.1794 
     D244109  9 0.0295 0.0889 0.0294 0.0280 0.7334 0.0908 
     D244110  9 0.0572 0.1187 0.1664 0.0793 0.4108 0.1676 
     D244111  9 0.0633 0.6180 0.0965 0.0495 0.0808 0.0920 
     D244128  9 0.0368 0.3262 0.0272 0.0238 0.5267 0.0594 
     D244137  9 0.4802 0.0937 0.0370 0.2276 0.0826 0.0789 
     D244138  9 0.0422 0.4326 0.0347 0.0903 0.1178 0.2822 
        D580  9 0.0188 0.1860 0.0877 0.4619 0.1313 0.1143 
        D581  9 0.0168 0.7774 0.0362 0.0934 0.0308 0.0454 
        D582  9 0.0207 0.3124 0.0361 0.0342 0.5698 0.0269 
        D583  9 0.0298 0.1482 0.2081 0.2634 0.1050 0.2455 
        D584  9 0.0326 0.7639 0.0346 0.0365 0.0566 0.0758 
        D585  9 0.0489 0.2984 0.0590 0.0475 0.4172 0.1290 
        D586  9 0.0822 0.1392 0.1656 0.0598 0.0534 0.4997 
        D651  9 0.0403 0.0331 0.5610 0.2183 0.0798 0.0675 
        D652  9 0.3168 0.1918 0.0314 0.1928 0.0791 0.1882 
        D653  9 0.0629 0.1453 0.1878 0.0813 0.1153 0.4074 
        D654  9 0.0593 0.1348 0.1731 0.1191 0.1977 0.3160 
        D655  9 0.1143 0.1267 0.4158 0.0355 0.0812 0.2265 
        D656  9 0.0746 0.1121 0.0316 0.0606 0.5073 0.2138 
        D657  9 0.0443 0.3555 0.0599 0.1100 0.3089 0.1214 
        D667  9 0.0220 0.0282 0.8685 0.0161 0.0322 0.0330 
        D668  9 0.0196 0.1397 0.5589 0.0907 0.0582 0.1329 
        D669  9 0.0333 0.5006 0.0700 0.2152 0.0422 0.1387 
        D670  9 0.0261 0.0311 0.5726 0.0302 0.0549 0.2851 
        D671  9 0.1037 0.3649 0.0264 0.2315 0.0773 0.1962 
        D672  9 0.0466 0.1713 0.1480 0.3196 0.1576 0.1570 
        D673  9 0.0398 0.0575 0.5576 0.2101 0.0473 0.0876 
        D692  9 0.0865 0.1587 0.0480 0.0418 0.4670 0.1980 
        D693  9 0.0335 0.1705 0.5584 0.0946 0.0581 0.0848 
        D694  9 0.0316 0.1925 0.0217 0.0551 0.5903 0.1089 
        D695  9 0.0799 0.0983 0.3394 0.2583 0.0805 0.1435 
        D696  9 0.5060 0.2877 0.0656 0.0421 0.0373 0.0613 
        D697  9 0.0295 0.0316 0.8244 0.0519 0.0232 0.0392 
        D698  9 0.0685 0.4388 0.2088 0.0452 0.0591 0.1796 
        D699  9 0.0250 0.3004 0.5515 0.0400 0.0300 0.0532 
        D787  9 0.1563 0.2218 0.2896 0.0590 0.0895 0.1838 
        D788  9 0.0227 0.2704 0.5660 0.0400 0.0328 0.0680 
        D789  9 0.0433 0.3793 0.0687 0.0287 0.3709 0.1091 
        D790  9 0.0322 0.0796 0.5976 0.0929 0.0566 0.1412 
        D791  9 0.0333 0.6570 0.0521 0.0313 0.1259 0.1004 
        D792  9 0.1564 0.0876 0.1779 0.1194 0.2387 0.2200 
        D793  9 0.0865 0.0173 0.8079 0.0238 0.0244 0.0402 
        D794  9 0.1365 0.0921 0.3596 0.0813 0.1946 0.1358 
        D795  9 0.0420 0.4874 0.0439 0.0293 0.3071 0.0904 
        D796  9 0.0170 0.0682 0.8258 0.0173 0.0253 0.0465 
        D005 12 0.0237 0.0494 0.0202 0.0196 0.8401 0.0470 
        D035 12 0.0196 0.0156 0.8876 0.0206 0.0203 0.0363 
        D067 12 0.0672 0.0700 0.6650 0.0447 0.0518 0.1013 
        D134 12 0.0565 0.0792 0.0790 0.0303 0.2585 0.4965 
        D135 12 0.0445 0.1182 0.1341 0.0489 0.0572 0.5971 
        D136 12 0.2595 0.0915 0.1463 0.0990 0.1411 0.2625 
        D137 12 0.0223 0.0891 0.6899 0.0426 0.0421 0.1140 
        D138 12 0.0835 0.0540 0.4600 0.1824 0.0677 0.1525 
        D139 12 0.1229 0.3412 0.0945 0.0662 0.1718 0.2035 
        D140 12 0.0439 0.0402 0.7691 0.0334 0.0352 0.0782 
        D141 12 0.0138 0.0701 0.2142 0.3356 0.3290 0.0372 
        D150 12 0.0337 0.6303 0.0294 0.0215 0.1130 0.1721 
        D177 12 0.0710 0.1168 0.1274 0.0195 0.2474 0.4178 
        D178 12 0.3707 0.0858 0.0293 0.2020 0.1213 0.1909 
        D179 12 0.1085 0.0499 0.1457 0.1361 0.1565 0.4033 
        D180 12 0.0233 0.0364 0.4587 0.0397 0.3193 0.1225 
        D187 12 0.0331 0.0391 0.8299 0.0245 0.0308 0.0427 
        D188 12 0.0236 0.0883 0.0289 0.1550 0.6126 0.0916 
        D191 12 0.0391 0.0606 0.1970 0.5590 0.0609 0.0835 
        D418 12 0.0254 0.0493 0.1212 0.6887 0.0531 0.0623 
        D601 12 0.0272 0.0833 0.0487 0.0214 0.7649 0.0545 
        D836 12 0.0219 0.1540 0.3269 0.0250 0.4272 0.0451 
        D837 12 0.3302 0.1726 0.0881 0.2285 0.0549 0.1256 
        D838 12 0.0371 0.0304 0.8620 0.0249 0.0142 0.0313 
        D839 12 0.0877 0.2939 0.0714 0.1788 0.1265 0.2417 
        D840 12 0.0599 0.0780 0.1931 0.4655 0.0797 0.1238 
        D841 12 0.0173 0.0290 0.8788 0.0274 0.0172 0.0303 
        D842 12 0.0259 0.4445 0.0218 0.2699 0.1269 0.1110 
        D843 12 0.1209 0.1080 0.2679 0.0405 0.2215 0.2412 
        D844 12 0.0797 0.0225 0.0183 0.6984 0.0800 0.1011 
        D912 12 0.4542 0.0573 0.0476 0.3412 0.0301 0.0697 
        D913 12 0.0495 0.0609 0.4732 0.0312 0.0535 0.3316 
        D914 12 0.1682 0.0802 0.2048 0.1183 0.1264 0.3022 
        D922 12 0.0298 0.0396 0.8006 0.0448 0.0461 0.0392 
        D939 12 0.0274 0.1403 0.2434 0.0897 0.4494 0.0499 
        D944 12 0.0284 0.0222 0.1912 0.1152 0.0658 0.5771 
        D945 12 0.0822 0.1641 0.2975 0.0613 0.1679 0.2270 
        D985 12 0.0455 0.1537 0.1427 0.0745 0.4400 0.1435 
        D986 12 0.1230 0.1482 0.0249 0.0911 0.1290 0.4838 
        D987 12 0.2438 0.0477 0.0952 0.2859 0.1023 0.2252 
        D988 12 0.0850 0.1978 0.0608 0.0826 0.2876 0.2862 
        D996 12 0.0634 0.0434 0.4040 0.0687 0.1113 0.3093 
        D997 12 0.0578 0.1479 0.1618 0.0553 0.4389 0.1383 
        D998 12 0.0963 0.1483 0.2028 0.0241 0.0514 0.4772 
        D999 12 0.0440 0.3551 0.1003 0.2708 0.0751 0.1547 
