        D174  1 0.1217 0.0988 0.2155 0.1464 0.0507 0.3668 
        D199  1 0.0836 0.2387 0.2025 0.2703 0.0827 0.1222 
        D203  1 0.2139 0.1551 0.1748 0.2057 0.0600 0.1904 
        D204  1 0.0972 0.0339 0.0326 0.0388 0.0211 0.7765 
     D237366  1 0.3517 0.1128 0.1511 0.2734 0.0481 0.0629 
     D237367  1 0.1587 0.1818 0.2133 0.2619 0.0974 0.0868 
     D237368  1 0.3263 0.0810 0.1217 0.1605 0.0574 0.2531 
     D244101  1 0.1828 0.2375 0.0937 0.2453 0.0393 0.2014 
     D244102  1 0.2078 0.1760 0.2072 0.1680 0.0840 0.1570 
     D244103  1 0.1351 0.2040 0.1852 0.3325 0.0683 0.0749 
     D244104  1 0.0874 0.0410 0.0354 0.0531 0.4903 0.2928 
     D244105  1 0.3657 0.1366 0.0819 0.2292 0.1564 0.0301 
     D244106  1 0.0480 0.0629 0.0430 0.0542 0.0202 0.7716 
     D244107  1 0.0830 0.1621 0.2938 0.3254 0.1123 0.0234 
     D244108  1 0.5209 0.0817 0.1162 0.0993 0.0690 0.1129 
     D244113  1 0.0874 0.1830 0.2945 0.1929 0.0990 0.1433 
     D244114  1 0.1077 0.2575 0.1183 0.3383 0.0516 0.1268 
     D244115  1 0.0747 0.0765 0.0498 0.0629 0.0274 0.7088 
     D267365  1 0.1206 0.2125 0.1418 0.1887 0.0685 0.2680 
        D404  1 0.0418 0.1281 0.2373 0.1347 0.0438 0.4144 
        D405  1 0.0323 0.2023 0.2075 0.2200 0.0791 0.2587 
        D406  1 0.9323 0.0148 0.0126 0.0146 0.0101 0.0158 
        D407  1 0.0632 0.0765 0.0965 0.2497 0.0309 0.4831 
        D408  1 0.0392 0.0914 0.1171 0.1385 0.1195 0.4944 
        D409  1 0.1466 0.2193 0.1330 0.3206 0.0565 0.1240 
        D410  1 0.1161 0.1369 0.2858 0.3458 0.0530 0.0623 
        D421  1 0.0184 0.0520 0.0428 0.1009 0.0386 0.7473 
        D422  1 0.2156 0.1877 0.1693 0.3344 0.0297 0.0633 
        D423  1 0.1037 0.1375 0.1906 0.4646 0.0503 0.0533 
        D424  1 0.0264 0.0395 0.0287 0.0919 0.0240 0.7895 
        D425  1 0.0672 0.2324 0.1371 0.3069 0.1224 0.1339 
        D426  1 0.0544 0.2606 0.1196 0.4551 0.0513 0.0589 
        D427  1 0.0172 0.1012 0.0393 0.1074 0.1672 0.5678 
        D428  1 0.1307 0.0739 0.0621 0.1129 0.0559 0.5645 
        D429  1 0.0317 0.0210 0.0170 0.0232 0.0137 0.8934 
        D430  1 0.0263 0.1334 0.0702 0.1444 0.0539 0.5717 
        D491  1 0.1918 0.0596 0.0464 0.1036 0.1061 0.4925 
        D492  1 0.0850 0.0346 0.0518 0.1108 0.0144 0.7034 
        D537  1 0.4682 0.1133 0.0728 0.1637 0.0646 0.1175 
        D538  1 0.2126 0.1348 0.2449 0.1667 0.0484 0.1925 
        D539  1 0.3628 0.1453 0.1129 0.1041 0.1082 0.1666 
        D540  1 0.0332 0.1598 0.1642 0.3507 0.2475 0.0446 
        D541  1 0.0219 0.0247 0.0225 0.0221 0.0195 0.8893 
        D551  1 0.0892 0.2961 0.0867 0.4608 0.0252 0.0419 
        D552  1 0.7461 0.0333 0.0305 0.0386 0.0577 0.0937 
        D553  1 0.0558 0.0793 0.0788 0.1451 0.1234 0.5175 
        D615  1 0.0837 0.0765 0.0683 0.0773 0.0515 0.6428 
        D616  1 0.0987 0.1436 0.0953 0.1485 0.0584 0.4555 
        D621  1 0.7799 0.0392 0.0467 0.0415 0.0582 0.0345 
        D622  1 0.8515 0.0257 0.0291 0.0338 0.0344 0.0256 
        D623  1 0.0944 0.1590 0.3171 0.2513 0.0532 0.1250 
        D624  1 0.0333 0.1280 0.0573 0.1295 0.0920 0.5599 
        D625  1 0.1050 0.1138 0.0733 0.0465 0.0290 0.6324 
        D626  1 0.0642 0.0569 0.0430 0.0583 0.7020 0.0756 
        D627  1 0.1308 0.2067 0.1308 0.3317 0.0316 0.1684 
        D690  1 0.0156 0.0223 0.0191 0.0217 0.0214 0.8999 
        D691  1 0.8812 0.0201 0.0228 0.0277 0.0201 0.0281 
        D710  1 0.0804 0.1105 0.1423 0.2579 0.1544 0.2545 
        D711  1 0.0406 0.0269 0.0329 0.0295 0.0110 0.8591 
        D712  1 0.2729 0.1222 0.1395 0.1181 0.2445 0.1029 
        D713  1 0.2649 0.1620 0.1249 0.2579 0.0326 0.1577 
        D746  1 0.8366 0.0271 0.0222 0.0357 0.0281 0.0502 
        D747  1 0.0170 0.0269 0.0208 0.0230 0.0152 0.8972 
        D748  1 0.7843 0.0320 0.0276 0.0394 0.0281 0.0886 
        D749  1 0.2591 0.1956 0.1309 0.3290 0.0346 0.0507 
        D750  1 0.0230 0.0200 0.0175 0.0234 0.0180 0.8980 
        D763  1 0.2966 0.1221 0.1040 0.1603 0.2704 0.0466 
        D764  1 0.0197 0.0161 0.0145 0.0145 0.0154 0.9198 
        D765  1 0.1822 0.1855 0.1571 0.2974 0.1509 0.0269 
        D766  1 0.8379 0.0230 0.0303 0.0348 0.0512 0.0228 
        D767  1 0.2570 0.1678 0.1997 0.1989 0.0606 0.1160 
        D768  1 0.1766 0.1400 0.1113 0.2113 0.0861 0.2747 
        D811  1 0.0312 0.1201 0.1257 0.0812 0.5833 0.0585 
        D816  1 0.0346 0.0307 0.0228 0.0263 0.0143 0.8713 
        D825  1 0.0993 0.1128 0.1343 0.1242 0.0766 0.4528 
        D866  1 0.0375 0.3015 0.2149 0.1515 0.1507 0.1440 
        D867  1 0.2060 0.1482 0.2249 0.3633 0.0263 0.0313 
        D871  1 0.1333 0.1564 0.1218 0.2929 0.0308 0.2648 
        D872  1 0.8046 0.0371 0.0445 0.0426 0.0418 0.0294 
        D873  1 0.0215 0.1383 0.4577 0.3427 0.0208 0.0189 
        D874  1 0.1302 0.0816 0.0479 0.1060 0.0350 0.5994 
        D875  1 0.4888 0.0870 0.1159 0.2492 0.0164 0.0425 
        D876  1 0.7595 0.0391 0.0236 0.0325 0.0624 0.0829 
        D877  1 0.0529 0.1936 0.1996 0.2004 0.0366 0.3169 
        D892  1 0.7287 0.0309 0.0401 0.0529 0.0216 0.1258 
        D893  1 0.2560 0.1452 0.1465 0.1929 0.0924 0.1669 
        D894  1 0.0175 0.0217 0.0202 0.0190 0.0115 0.9100 
        D915  1 0.4640 0.0947 0.1459 0.1345 0.0703 0.0907 
        D916  1 0.0155 0.0139 0.0121 0.0120 0.0121 0.9345 
        D917  1 0.0326 0.2499 0.2621 0.2435 0.0833 0.1286 
        D925  1 0.1832 0.1588 0.2063 0.1888 0.0711 0.1918 
        D926  1 0.1213 0.0981 0.0637 0.1146 0.0306 0.5716 
        D927  1 0.2014 0.2040 0.1643 0.2036 0.0624 0.1643 
        D928  1 0.0506 0.0436 0.0444 0.0654 0.0464 0.7496 
        D929  1 0.1475 0.2244 0.3255 0.1485 0.0747 0.0794 
        D936  1 0.0724 0.0803 0.0779 0.0678 0.0215 0.6801 
        D938  1 0.9033 0.0197 0.0172 0.0167 0.0288 0.0144 
        D956  1 0.0196 0.0378 0.0457 0.0291 0.0205 0.8473 
        D957  1 0.7942 0.0445 0.0583 0.0473 0.0281 0.0276 
        D958  1 0.9087 0.0127 0.0139 0.0146 0.0204 0.0297 
        D959  1 0.0499 0.1369 0.1110 0.3494 0.0374 0.3153 
        D960  1 0.6839 0.0554 0.0949 0.1203 0.0161 0.0294 
        D989  1 0.1130 0.1660 0.0815 0.1304 0.2426 0.2664 
        D990  1 0.0735 0.2529 0.3293 0.2628 0.0560 0.0256 
        D211  3 0.0605 0.2912 0.3865 0.0614 0.1646 0.0358 
     D229639  3 0.0323 0.1964 0.1392 0.1394 0.3578 0.1349 
     D237212  3 0.0330 0.2739 0.1939 0.1586 0.1818 0.1588 
     D237213  3 0.0765 0.2628 0.2446 0.0688 0.3260 0.0212 
     D237214  3 0.2079 0.0880 0.2909 0.3604 0.0149 0.0378 
     D237215  3 0.0209 0.2362 0.2701 0.2619 0.1871 0.0238 
     D237216  3 0.0556 0.3040 0.1464 0.3311 0.1221 0.0407 
     D237217  3 0.1363 0.2382 0.2225 0.2098 0.1681 0.0251 
     D237218  3 0.3189 0.1991 0.0997 0.1111 0.0841 0.1870 
     D237219  3 0.0465 0.0656 0.0406 0.0391 0.7906 0.0176 
     D237382  3 0.2366 0.1590 0.2401 0.1187 0.1336 0.1119 
     D244127  3 0.0576 0.2015 0.2750 0.1876 0.2588 0.0195 
     D244129  3 0.1524 0.1639 0.2179 0.1564 0.1442 0.1653 
     D244133  3 0.0399 0.0529 0.0314 0.0535 0.7471 0.0753 
     D244134  3 0.0957 0.0595 0.0508 0.0299 0.7405 0.0236 
     D244135  3 0.1061 0.1334 0.3662 0.3028 0.0581 0.0335 
     D244136  3 0.1066 0.0982 0.0683 0.1297 0.4016 0.1956 
        D416  3 0.0315 0.1518 0.0962 0.1677 0.5166 0.0362 
        D417  3 0.3627 0.0790 0.0536 0.0761 0.0533 0.3753 
        D419  3 0.1498 0.1078 0.0765 0.0534 0.5748 0.0376 
        D565  3 0.0572 0.0980 0.0870 0.0912 0.1958 0.4710 
        D566  3 0.0234 0.1682 0.1054 0.1420 0.1179 0.4430 
        D567  3 0.2046 0.1060 0.1189 0.1058 0.1797 0.2850 
        D568  3 0.4394 0.0824 0.1039 0.0649 0.2752 0.0342 
        D569  3 0.0327 0.1939 0.4017 0.2935 0.0433 0.0348 
        D573  3 0.0261 0.2275 0.1087 0.1625 0.2109 0.2643 
        D574  3 0.1084 0.2176 0.2040 0.2532 0.0809 0.1360 
        D575  3 0.0210 0.0284 0.0342 0.0187 0.8865 0.0112 
        D576  3 0.0121 0.2093 0.2031 0.2012 0.3592 0.0150 
        D577  3 0.3939 0.1054 0.1375 0.0900 0.1669 0.1063 
        D578  3 0.2278 0.0881 0.3049 0.3397 0.0250 0.0145 
        D579  3 0.0488 0.0729 0.0858 0.0597 0.1028 0.6299 
        D660  3 0.0384 0.2051 0.4012 0.2375 0.0929 0.0248 
        D661  3 0.5358 0.1413 0.1026 0.1401 0.0405 0.0397 
        D663  3 0.0257 0.3891 0.1843 0.3277 0.0357 0.0375 
        D664  3 0.0898 0.1923 0.3242 0.1641 0.2087 0.0208 
        D665  3 0.0250 0.3437 0.4311 0.0526 0.1331 0.0145 
        D666  3 0.0300 0.0262 0.0308 0.0262 0.8613 0.0254 
        D502  6 0.0229 0.3717 0.3508 0.1259 0.1100 0.0187 
        D503  6 0.2224 0.2592 0.1337 0.2328 0.0861 0.0657 
        D504  6 0.1220 0.1304 0.0441 0.1045 0.0361 0.5629 
        D505  6 0.0356 0.2006 0.2537 0.2833 0.0621 0.1648 
        D506  6 0.0164 0.0411 0.0448 0.0633 0.0211 0.8133 
        D507  6 0.0679 0.2664 0.1874 0.2990 0.1213 0.0580 
        D508  6 0.0298 0.3741 0.3105 0.1683 0.0544 0.0629 
        D529  6 0.1107 0.1743 0.1769 0.2874 0.0830 0.1677 
        D530  6 0.0402 0.3285 0.3598 0.1714 0.0740 0.0260 
        D531  6 0.0500 0.1475 0.0936 0.1175 0.0947 0.4967 
        D532  6 0.0409 0.1530 0.2627 0.4037 0.0431 0.0967 
        D534  6 0.5516 0.1260 0.1259 0.1060 0.0371 0.0534 
        D535  6 0.0447 0.1964 0.1173 0.2614 0.1258 0.2544 
        D536  6 0.0297 0.1865 0.2487 0.4464 0.0342 0.0544 
        D554  6 0.0577 0.1769 0.1733 0.2147 0.0677 0.3098 
        D587  6 0.1542 0.1016 0.1135 0.1307 0.0642 0.4359 
        D588  6 0.0231 0.3300 0.1433 0.3818 0.0666 0.0551 
        D589  6 0.0532 0.3129 0.2664 0.2707 0.0502 0.0466 
        D590  6 0.0370 0.1134 0.1087 0.3834 0.0324 0.3251 
        D591  6 0.1389 0.2109 0.1062 0.1709 0.2563 0.1168 
        D592  6 0.4652 0.0958 0.1233 0.1088 0.0430 0.1640 
        D593  6 0.0206 0.3324 0.4465 0.0824 0.1061 0.0120 
        D682  6 0.0271 0.0428 0.0373 0.0615 0.0452 0.7862 
        D683  6 0.0561 0.2191 0.1518 0.1146 0.0462 0.4122 
        D684  6 0.0539 0.3115 0.3281 0.1928 0.0367 0.0769 
        D685  6 0.0409 0.3439 0.2310 0.2814 0.0782 0.0245 
        D686  6 0.0255 0.0939 0.3510 0.4671 0.0237 0.0388 
        D724  6 0.1521 0.2252 0.2653 0.1939 0.0737 0.0899 
        D725  6 0.1433 0.2677 0.2532 0.1562 0.1581 0.0214 
        D726  6 0.0645 0.0436 0.0402 0.0445 0.0447 0.7623 
        D727  6 0.0213 0.1771 0.1334 0.4388 0.0514 0.1780 
        D728  6 0.0662 0.1298 0.1241 0.1313 0.3593 0.1894 
        D729  6 0.0296 0.1230 0.2293 0.4389 0.0217 0.1574 
        D730  6 0.2238 0.2140 0.2104 0.1674 0.0751 0.1092 
        D731  6 0.0269 0.1626 0.2399 0.1478 0.2738 0.1490 
        D732  6 0.0997 0.2677 0.2318 0.1927 0.1291 0.0791 
        D733  6 0.5317 0.0928 0.1419 0.0970 0.0741 0.0625 
     D237251  7 0.1181 0.2407 0.1250 0.1452 0.3206 0.0504 
     D237252  7 0.2038 0.2488 0.2259 0.1080 0.1896 0.0239 
     D237253  7 0.0653 0.2436 0.1270 0.3163 0.1091 0.1388 
     D237254  7 0.2299 0.0779 0.2994 0.3616 0.0171 0.0141 
     D237255  7 0.0930 0.2357 0.1362 0.1512 0.3250 0.0589 
     D237256  7 0.0234 0.3651 0.1580 0.2865 0.1372 0.0299 
     D237257  7 0.0448 0.3234 0.2337 0.3187 0.0353 0.0441 
     D237282  7 0.3585 0.1126 0.0956 0.1801 0.0885 0.1647 
     D237283  7 0.0194 0.3297 0.4289 0.0327 0.1774 0.0120 
     D237284  7 0.1853 0.1410 0.1998 0.3757 0.0413 0.0570 
     D237285  7 0.0492 0.2749 0.3582 0.2242 0.0601 0.0333 
     D237286  7 0.0470 0.1913 0.1331 0.2107 0.0913 0.3266 
     D237287  7 0.0281 0.1080 0.0644 0.0905 0.6571 0.0520 
     D244006  7 0.2153 0.0628 0.3038 0.3775 0.0161 0.0245 
     D244007  7 0.3248 0.1013 0.1583 0.2618 0.0349 0.1188 
     D244008  7 0.0297 0.3096 0.3750 0.0221 0.2475 0.0161 
     D244009  7 0.7274 0.0550 0.0751 0.0414 0.0528 0.0482 
     D244010  7 0.0195 0.3440 0.3847 0.0730 0.1318 0.0470 
     D244011  7 0.0556 0.2941 0.2257 0.2822 0.0543 0.0882 
     D244012  7 0.0176 0.3681 0.3516 0.1187 0.0925 0.0515 
     D244013  7 0.1089 0.2357 0.2889 0.1610 0.0902 0.1152 
     D244014  7 0.1061 0.1782 0.1830 0.2051 0.3025 0.0252 
     D244015  7 0.1280 0.1207 0.1606 0.1956 0.3498 0.0453 
     D244125  7 0.0956 0.1502 0.0921 0.1368 0.3152 0.2102 
     D244126  7 0.0321 0.3393 0.4709 0.0254 0.1099 0.0224 
     D244130  7 0.0333 0.2939 0.3559 0.2658 0.0244 0.0266 
     D244131  7 0.1967 0.0986 0.1298 0.1160 0.0235 0.4354 
     D244132  7 0.2560 0.1432 0.0632 0.1217 0.3479 0.0681 
        D520  7 0.0436 0.3450 0.3393 0.1060 0.1310 0.0351 
        D521  7 0.0798 0.2716 0.3571 0.1681 0.0668 0.0566 
        D522  7 0.7612 0.0557 0.0289 0.0410 0.0373 0.0760 
        D523  7 0.3855 0.2140 0.0897 0.1990 0.0461 0.0657 
        D524  7 0.1938 0.2199 0.1255 0.1919 0.1680 0.1010 
        D525  7 0.1018 0.2249 0.2971 0.1871 0.0279 0.1612 
        D526  7 0.2560 0.0865 0.1945 0.3056 0.1244 0.0330 
        D527  7 0.1176 0.1739 0.1139 0.1163 0.1611 0.3174 
        D528  7 0.0141 0.4647 0.0358 0.4542 0.0172 0.0141 
        D558  7 0.2086 0.1193 0.3166 0.2432 0.0447 0.0676 
        D559  7 0.1632 0.2120 0.2108 0.2933 0.0546 0.0662 
        D640  7 0.0501 0.1456 0.0544 0.1245 0.5810 0.0444 
        D641  7 0.0298 0.1907 0.2781 0.1370 0.3415 0.0229 
        D642  7 0.1779 0.1152 0.3559 0.2778 0.0299 0.0434 
        D644  7 0.1343 0.1778 0.2748 0.1725 0.1645 0.0761 
        D645  7 0.0747 0.1203 0.0647 0.0677 0.6137 0.0589 
        D662  7 0.1906 0.1415 0.1108 0.2065 0.1382 0.2125 
        D687  7 0.2000 0.2564 0.1443 0.1746 0.0590 0.1658 
        D688  7 0.0355 0.2976 0.3346 0.2504 0.0331 0.0489 
        D689  7 0.0237 0.0239 0.0296 0.0176 0.8722 0.0331 
        D700  7 0.0138 0.4706 0.0197 0.4649 0.0130 0.0179 
        D797  7 0.3255 0.1132 0.0755 0.1121 0.0745 0.2992 
        D798  7 0.0324 0.1563 0.1267 0.1494 0.5112 0.0240 
        D799  7 0.0641 0.2964 0.2390 0.2082 0.1267 0.0658 
        D800  7 0.0951 0.1693 0.0758 0.1503 0.0563 0.4533 
        D201  9 0.5166 0.1399 0.0666 0.1654 0.0584 0.0530 
        D202  9 0.0192 0.3346 0.4525 0.1352 0.0334 0.0251 
     D237259  9 0.0167 0.3397 0.0813 0.3734 0.1602 0.0288 
     D237260  9 0.0268 0.3250 0.2689 0.2997 0.0377 0.0419 
     D237262  9 0.0497 0.3254 0.4350 0.0984 0.0607 0.0307 
     D237263  9 0.0758 0.2927 0.3077 0.1440 0.0407 0.1392 
     D237264  9 0.0585 0.2459 0.2797 0.2414 0.0515 0.1230 
     D237265  9 0.0336 0.3843 0.3529 0.1586 0.0324 0.0382 
     D237266  9 0.0186 0.1263 0.1747 0.1816 0.4652 0.0336 
     D237267  9 0.0156 0.2716 0.3036 0.2620 0.0891 0.0582 
     D237268  9 0.0510 0.3279 0.4347 0.0473 0.1095 0.0296 
     D237289  9 0.0716 0.3142 0.2653 0.1677 0.0987 0.0823 
     D237290  9 0.0377 0.3348 0.3408 0.0954 0.1566 0.0347 
     D237291  9 0.0595 0.2326 0.1701 0.4355 0.0602 0.0420 
     D237292  9 0.0565 0.3741 0.2272 0.2902 0.0148 0.0374 
     D237293  9 0.0471 0.2453 0.3117 0.0714 0.2965 0.0280 
     D237294  9 0.3804 0.1844 0.1534 0.2016 0.0251 0.0551 
     D237295  9 0.1051 0.1259 0.1479 0.0748 0.0999 0.4463 
     D237296  9 0.1596 0.2824 0.1115 0.2364 0.1111 0.0991 
     D237297  9 0.0374 0.2847 0.2382 0.2717 0.0842 0.0837 
     D237298  9 0.3168 0.1856 0.1385 0.1069 0.1232 0.1290 
     D237341  9 0.1383 0.2595 0.1463 0.2423 0.0867 0.1269 
     D237342  9 0.0177 0.3513 0.4599 0.0490 0.0809 0.0412 
     D237343  9 0.1394 0.2176 0.2694 0.2292 0.0918 0.0526 
     D237344  9 0.0425 0.1551 0.3436 0.1864 0.2143 0.0581 
     D237345  9 0.2956 0.2485 0.3049 0.0788 0.0490 0.0230 
     D237346  9 0.1129 0.2759 0.1297 0.2124 0.2198 0.0493 
     D237347  9 0.0810 0.1887 0.1959 0.2260 0.0906 0.2177 
     D237348  9 0.0738 0.2590 0.3666 0.1524 0.1159 0.0323 
     D237349  9 0.1718 0.1346 0.1209 0.2893 0.0459 0.2375 
     D244109  9 0.0991 0.1844 0.2854 0.3408 0.0450 0.0453 
     D244110  9 0.1295 0.2224 0.2007 0.2438 0.1486 0.0550 
     D244111  9 0.0657 0.2078 0.3444 0.1921 0.1041 0.0860 
     D244128  9 0.0237 0.3530 0.4825 0.0595 0.0507 0.0306 
     D244137  9 0.1849 0.0853 0.0785 0.1100 0.0324 0.5088 
     D244138  9 0.0644 0.3103 0.2924 0.2524 0.0298 0.0507 
        D580  9 0.4291 0.1276 0.2052 0.1087 0.1115 0.0178 
        D581  9 0.0512 0.3986 0.2923 0.1952 0.0458 0.0168 
        D582  9 0.0417 0.3374 0.4617 0.0282 0.1107 0.0204 
        D583  9 0.1710 0.1906 0.1531 0.2839 0.1607 0.0407 
        D584  9 0.0675 0.2054 0.3547 0.2668 0.0674 0.0382 
        D585  9 0.0316 0.3275 0.4277 0.0764 0.0902 0.0465 
        D586  9 0.0415 0.3892 0.1554 0.2393 0.0903 0.0844 
        D651  9 0.2182 0.0285 0.0291 0.0380 0.6478 0.0384 
        D652  9 0.1344 0.1538 0.1146 0.2568 0.0287 0.3116 
        D653  9 0.0683 0.2184 0.2228 0.2296 0.1995 0.0613 
        D654  9 0.1472 0.1296 0.1942 0.2722 0.1783 0.0785 
        D655  9 0.0366 0.1659 0.1297 0.1491 0.4033 0.1153 
        D656  9 0.0917 0.1518 0.2581 0.4074 0.0339 0.0571 
        D657  9 0.1692 0.1407 0.3004 0.2964 0.0538 0.0395 
        D667  9 0.0178 0.0256 0.0267 0.0338 0.8753 0.0207 
        D668  9 0.0942 0.1441 0.1055 0.0929 0.5445 0.0188 
        D669  9 0.1180 0.4080 0.2175 0.1477 0.0797 0.0292 
        D670  9 0.0363 0.0897 0.0592 0.1491 0.6384 0.0273 
        D671  9 0.1657 0.2565 0.1286 0.3270 0.0282 0.0940 
        D672  9 0.2373 0.2161 0.2399 0.0734 0.1872 0.0460 
        D673  9 0.2118 0.0702 0.0555 0.0688 0.5601 0.0335 
        D692  9 0.0439 0.2321 0.2979 0.2965 0.0593 0.0703 
        D693  9 0.1099 0.0704 0.0801 0.0735 0.6359 0.0303 
        D694  9 0.1082 0.1786 0.3534 0.3035 0.0324 0.0239 
        D695  9 0.1920 0.1482 0.1194 0.1039 0.3419 0.0945 
        D696  9 0.0769 0.0893 0.1956 0.0790 0.0635 0.4957 
        D697  9 0.0530 0.0369 0.0313 0.0492 0.7999 0.0298 
        D698  9 0.0527 0.2299 0.2312 0.1704 0.2427 0.0731 
        D699  9 0.0336 0.1011 0.1026 0.0594 0.6766 0.0267 
        D787  9 0.0451 0.1783 0.1647 0.1684 0.2840 0.1596 
        D788  9 0.0303 0.0781 0.1128 0.0520 0.7047 0.0222 
        D789  9 0.0534 0.2645 0.4346 0.1285 0.0743 0.0446 
        D790  9 0.0682 0.0680 0.0664 0.1111 0.6573 0.0291 
        D791  9 0.0263 0.3730 0.3907 0.1468 0.0299 0.0333 
        D792  9 0.1208 0.1109 0.1531 0.3069 0.1423 0.1660 
        D793  9 0.0202 0.0279 0.0206 0.0307 0.8217 0.0790 
        D794  9 0.1079 0.1257 0.1550 0.1923 0.2838 0.1352 
        D795  9 0.0189 0.3348 0.4842 0.0405 0.0808 0.0408 
        D796  9 0.0172 0.0418 0.0611 0.0220 0.8417 0.0162 
        D005 12 0.1165 0.1659 0.3427 0.3215 0.0247 0.0287 
        D035 12 0.0220 0.0372 0.0264 0.0275 0.8678 0.0192 
        D067 12 0.0399 0.1083 0.0869 0.1170 0.5926 0.0553 
        D134 12 0.0306 0.3257 0.2196 0.2999 0.0695 0.0547 
        D135 12 0.0485 0.4160 0.1679 0.2288 0.1000 0.0387 
        D136 12 0.1578 0.1230 0.1361 0.1691 0.1358 0.2782 
        D137 12 0.0473 0.1346 0.0728 0.0579 0.6656 0.0219 
        D138 12 0.1519 0.1385 0.0696 0.1301 0.4261 0.0839 
        D139 12 0.0687 0.2824 0.2214 0.2374 0.0628 0.1272 
        D140 12 0.0404 0.0434 0.0401 0.0520 0.7837 0.0403 
        D141 12 0.3618 0.1274 0.1865 0.0481 0.2646 0.0116 
        D150 12 0.0268 0.1881 0.4007 0.3268 0.0217 0.0358 
        D177 12 0.0169 0.2887 0.2321 0.3215 0.0740 0.0668 
        D178 12 0.2474 0.0941 0.0877 0.1278 0.0311 0.4120 
        D179 12 0.1395 0.2351 0.1270 0.2734 0.1325 0.0925 
        D180 12 0.0391 0.0899 0.1247 0.0768 0.6457 0.0237 
        D187 12 0.0227 0.0407 0.0455 0.0364 0.8274 0.0273 
        D188 12 0.2244 0.2318 0.3094 0.1587 0.0520 0.0237 
        D191 12 0.5023 0.0956 0.1088 0.0765 0.1807 0.0360 
        D418 12 0.5808 0.1029 0.1070 0.0696 0.1127 0.0271 
        D601 12 0.0421 0.2741 0.4025 0.1569 0.0894 0.0351 
        D836 12 0.0279 0.2143 0.2698 0.0348 0.4357 0.0175 
        D837 12 0.1466 0.1590 0.1337 0.1232 0.0623 0.3751 
        D838 12 0.0261 0.0643 0.0347 0.0315 0.7990 0.0445 
        D839 12 0.1066 0.3533 0.1572 0.2429 0.0512 0.0888 
        D840 12 0.3162 0.1734 0.1134 0.1277 0.1618 0.1074 
        D841 12 0.0266 0.0238 0.0149 0.0265 0.8945 0.0139 
        D842 12 0.2281 0.1645 0.3281 0.2357 0.0191 0.0245 
        D843 12 0.0414 0.1786 0.2196 0.1800 0.2651 0.1154 
        D844 12 0.5370 0.1308 0.0906 0.1269 0.0158 0.0989 
        D912 12 0.3057 0.0622 0.0396 0.0839 0.0439 0.4647 
        D913 12 0.0302 0.2771 0.0641 0.2550 0.3158 0.0578 
        D914 12 0.0897 0.2676 0.1584 0.1906 0.1179 0.1758 
        D922 12 0.0361 0.0287 0.0343 0.0231 0.8574 0.0203 
        D939 12 0.0771 0.2266 0.3135 0.0487 0.3094 0.0246 
        D944 12 0.0906 0.3532 0.0865 0.3135 0.1280 0.0282 
        D945 12 0.0539 0.2804 0.1834 0.1851 0.2292 0.0681 
        D985 12 0.1956 0.1237 0.2493 0.2184 0.1729 0.0401 
        D986 12 0.0638 0.3028 0.1798 0.2923 0.0190 0.1422 
        D987 12 0.2278 0.1987 0.1230 0.1333 0.0574 0.2598 
        D988 12 0.0715 0.2418 0.2815 0.2373 0.0612 0.1067 
        D996 12 0.0588 0.2586 0.1627 0.1981 0.2450 0.0769 
        D997 12 0.0451 0.3249 0.2613 0.1028 0.2026 0.0633 
        D998 12 0.0214 0.2481 0.1438 0.2728 0.2391 0.0748 
        D999 12 0.2479 0.2442 0.1963 0.2067 0.0626 0.0423 
