        D174  1 0.1278 0.0571 0.0531 0.1448 0.1112 0.1399 0.3661 
        D199  1 0.2156 0.0593 0.0981 0.0554 0.3360 0.1345 0.1011 
        D203  1 0.2336 0.0533 0.1584 0.1617 0.1575 0.0758 0.1596 
        D204  1 0.0285 0.0201 0.0394 0.1715 0.0457 0.0332 0.6617 
     D237366  1 0.5030 0.0319 0.1609 0.1555 0.0846 0.0337 0.0302 
     D237367  1 0.3368 0.1063 0.0807 0.1170 0.1933 0.1209 0.0449 
     D237368  1 0.1677 0.0351 0.0391 0.4211 0.0816 0.0485 0.2069 
     D244101  1 0.0646 0.0328 0.3373 0.1261 0.3313 0.0360 0.0719 
     D244102  1 0.0772 0.0480 0.3251 0.1555 0.1278 0.1545 0.1119 
     D244103  1 0.4720 0.0495 0.0477 0.0525 0.2399 0.0542 0.0842 
     D244104  1 0.0484 0.5652 0.0546 0.0469 0.0416 0.0213 0.2219 
     D244105  1 0.1000 0.1929 0.0951 0.2804 0.2784 0.0286 0.0246 
     D244106  1 0.0175 0.0167 0.1899 0.0273 0.0454 0.0322 0.6709 
     D244107  1 0.6039 0.0676 0.0308 0.0622 0.1619 0.0565 0.0172 
     D244108  1 0.0233 0.0336 0.0424 0.5943 0.0885 0.1433 0.0746 
     D244113  1 0.0854 0.0807 0.0494 0.1312 0.1861 0.3186 0.1485 
     D244114  1 0.1556 0.0356 0.3679 0.0421 0.3192 0.0253 0.0542 
     D244115  1 0.0251 0.0309 0.1126 0.0487 0.1028 0.0326 0.6473 
     D267365  1 0.1100 0.0469 0.4198 0.0638 0.1506 0.0503 0.1586 
        D404  1 0.0347 0.0242 0.0329 0.0284 0.0548 0.2279 0.5971 
        D405  1 0.0542 0.0717 0.2065 0.0339 0.1097 0.2945 0.2294 
        D406  1 0.0112 0.0088 0.0099 0.9381 0.0106 0.0093 0.0121 
        D407  1 0.4339 0.0248 0.0182 0.0313 0.0954 0.0236 0.3728 
        D408  1 0.0532 0.0953 0.0439 0.0304 0.0848 0.1263 0.5660 
        D409  1 0.2685 0.0736 0.1023 0.0716 0.3282 0.0448 0.1110 
        D410  1 0.0861 0.0334 0.0681 0.2520 0.3339 0.1799 0.0466 
        D421  1 0.2234 0.0382 0.0267 0.0124 0.0469 0.0119 0.6404 
        D422  1 0.5377 0.0183 0.0794 0.1284 0.1319 0.0399 0.0644 
        D423  1 0.4156 0.0353 0.0221 0.1302 0.3152 0.0600 0.0216 
        D424  1 0.0520 0.0177 0.0377 0.0373 0.1292 0.0122 0.7140 
        D425  1 0.0632 0.1004 0.1106 0.0501 0.5425 0.0565 0.0767 
        D426  1 0.3747 0.0634 0.0555 0.0289 0.3448 0.0271 0.1057 
        D427  1 0.1002 0.1310 0.0839 0.0127 0.1342 0.0237 0.5143 
        D428  1 0.0844 0.0410 0.0690 0.0601 0.1249 0.0440 0.5766 
        D429  1 0.0113 0.0126 0.1311 0.0236 0.0193 0.0172 0.7850 
        D430  1 0.0607 0.0434 0.1138 0.0192 0.1788 0.0492 0.5348 
        D491  1 0.0445 0.0765 0.0461 0.2452 0.0745 0.0293 0.4839 
        D492  1 0.0960 0.0162 0.0440 0.1104 0.0601 0.0278 0.6455 
        D537  1 0.1657 0.0503 0.0370 0.4209 0.1868 0.0424 0.0969 
        D538  1 0.1374 0.0320 0.0299 0.3694 0.0899 0.1960 0.1454 
        D539  1 0.0273 0.0686 0.2890 0.2808 0.1175 0.0949 0.1218 
        D540  1 0.2317 0.1908 0.0679 0.0333 0.3476 0.0741 0.0547 
        D541  1 0.0203 0.0168 0.0144 0.0241 0.0244 0.0172 0.8828 
        D551  1 0.3179 0.0188 0.1308 0.0345 0.4566 0.0147 0.0265 
        D552  1 0.0205 0.0368 0.1280 0.7131 0.0355 0.0171 0.0490 
        D553  1 0.2442 0.1247 0.0789 0.0378 0.1655 0.0282 0.3207 
        D615  1 0.0322 0.0519 0.1117 0.0528 0.0611 0.0731 0.6171 
        D616  1 0.0845 0.0592 0.1135 0.0989 0.1907 0.0548 0.3984 
        D621  1 0.0257 0.0411 0.0346 0.8125 0.0272 0.0349 0.0241 
        D622  1 0.0244 0.0261 0.0256 0.8678 0.0224 0.0157 0.0180 
        D623  1 0.0356 0.0348 0.0407 0.1364 0.2141 0.4417 0.0967 
        D624  1 0.0421 0.0622 0.0387 0.0238 0.1535 0.0451 0.6346 
        D625  1 0.0489 0.0216 0.0450 0.1441 0.0744 0.0770 0.5889 
        D626  1 0.0574 0.6984 0.0337 0.0399 0.0628 0.0253 0.0825 
        D627  1 0.3598 0.0211 0.0571 0.0630 0.3403 0.0271 0.1317 
        D690  1 0.0195 0.0175 0.0158 0.0151 0.0169 0.0168 0.8984 
        D691  1 0.0366 0.0193 0.0197 0.8630 0.0188 0.0158 0.0269 
        D710  1 0.3259 0.1108 0.0470 0.0846 0.1897 0.0554 0.1865 
        D711  1 0.0241 0.0089 0.0405 0.0377 0.0245 0.0275 0.8368 
        D712  1 0.1338 0.2069 0.1219 0.2534 0.0892 0.0855 0.1092 
        D713  1 0.1595 0.0316 0.0605 0.2525 0.2639 0.1057 0.1263 
        D746  1 0.0484 0.0305 0.0287 0.8069 0.0210 0.0145 0.0500 
        D747  1 0.0209 0.0126 0.0216 0.0149 0.0178 0.0163 0.8958 
        D748  1 0.0541 0.0279 0.0267 0.7636 0.0519 0.0250 0.0509 
        D749  1 0.1240 0.0280 0.0867 0.2317 0.4259 0.0616 0.0421 
        D750  1 0.0150 0.0153 0.0284 0.0175 0.0162 0.0140 0.8937 
        D763  1 0.0822 0.2532 0.2429 0.1976 0.1473 0.0491 0.0278 
        D764  1 0.0113 0.0113 0.0121 0.0161 0.0149 0.0111 0.9233 
        D765  1 0.0722 0.1112 0.1864 0.1365 0.4026 0.0680 0.0231 
        D766  1 0.0286 0.0556 0.0197 0.8316 0.0276 0.0176 0.0193 
        D767  1 0.2200 0.0470 0.0959 0.2178 0.1421 0.1848 0.0925 
        D768  1 0.3010 0.0761 0.0778 0.1032 0.2547 0.0242 0.1630 
        D811  1 0.0312 0.5469 0.0399 0.0339 0.1300 0.1543 0.0637 
        D816  1 0.0313 0.0132 0.2553 0.0243 0.0271 0.0137 0.6350 
        D825  1 0.0506 0.0558 0.2283 0.0920 0.1734 0.1050 0.2950 
        D866  1 0.0293 0.1216 0.3102 0.0360 0.1069 0.3147 0.0813 
        D867  1 0.6265 0.0237 0.0403 0.1049 0.1334 0.0494 0.0218 
        D871  1 0.2285 0.0244 0.0365 0.0866 0.2059 0.0803 0.3378 
        D872  1 0.0266 0.0270 0.0183 0.8311 0.0243 0.0504 0.0223 
        D873  1 0.0865 0.0143 0.0297 0.1842 0.0901 0.5765 0.0187 
        D874  1 0.0351 0.0291 0.4052 0.0725 0.0747 0.0320 0.3513 
        D875  1 0.2670 0.0147 0.0440 0.3763 0.1783 0.0549 0.0647 
        D876  1 0.0260 0.0434 0.0612 0.7479 0.0437 0.0196 0.0582 
        D877  1 0.0303 0.0194 0.0647 0.0446 0.1500 0.3311 0.3600 
        D892  1 0.0563 0.0141 0.0338 0.7594 0.0300 0.0176 0.0888 
        D893  1 0.1332 0.0684 0.2438 0.1775 0.2009 0.0945 0.0817 
        D894  1 0.0118 0.0071 0.0205 0.0141 0.0150 0.0141 0.9173 
        D915  1 0.1660 0.0725 0.1076 0.4477 0.0986 0.0556 0.0520 
        D916  1 0.0102 0.0093 0.0134 0.0116 0.0095 0.0083 0.9378 
        D917  1 0.3264 0.0468 0.0513 0.0304 0.1995 0.2532 0.0924 
        D925  1 0.0679 0.0517 0.1540 0.2291 0.1732 0.1803 0.1437 
        D926  1 0.0790 0.0257 0.2895 0.0601 0.1359 0.0177 0.3921 
        D927  1 0.1510 0.0364 0.4864 0.0716 0.1377 0.0382 0.0788 
        D928  1 0.0253 0.0348 0.0222 0.0711 0.0633 0.0367 0.7467 
        D929  1 0.3075 0.0466 0.0627 0.1475 0.0945 0.2695 0.0717 
        D936  1 0.0311 0.0163 0.4677 0.0347 0.0525 0.0205 0.3772 
        D938  1 0.0143 0.0193 0.0123 0.9183 0.0140 0.0115 0.0102 
        D956  1 0.0127 0.0118 0.0204 0.0143 0.0292 0.0262 0.8853 
        D957  1 0.0301 0.0167 0.0201 0.8170 0.0299 0.0668 0.0193 
        D958  1 0.0099 0.0146 0.0114 0.9229 0.0110 0.0110 0.0192 
        D959  1 0.5429 0.0169 0.0166 0.0177 0.1192 0.0141 0.2725 
        D960  1 0.0321 0.0114 0.0279 0.7567 0.0536 0.0929 0.0254 
        D989  1 0.0882 0.2138 0.1856 0.0684 0.1843 0.0278 0.2319 
        D990  1 0.0939 0.0293 0.0714 0.1429 0.3387 0.3036 0.0203 
        D211  3 0.4498 0.1117 0.0286 0.0279 0.0514 0.3091 0.0216 
     D229639  3 0.0441 0.3236 0.1754 0.0246 0.2172 0.0880 0.1271 
     D237212  3 0.1565 0.1420 0.1456 0.0281 0.1405 0.2412 0.1462 
     D237213  3 0.0640 0.3273 0.0674 0.0554 0.0790 0.3924 0.0144 
     D237214  3 0.8901 0.0095 0.0128 0.0255 0.0276 0.0144 0.0203 
     D237215  3 0.0190 0.1147 0.1290 0.0143 0.1136 0.5886 0.0210 
     D237216  3 0.1190 0.0813 0.1124 0.0325 0.5348 0.0929 0.0271 
     D237217  3 0.3266 0.1741 0.0633 0.0796 0.2764 0.0661 0.0139 
     D237218  3 0.0268 0.0419 0.7087 0.0651 0.0617 0.0265 0.0692 
     D237219  3 0.0227 0.8546 0.0183 0.0327 0.0259 0.0319 0.0139 
     D237382  3 0.0464 0.0692 0.0301 0.3196 0.0690 0.3698 0.0959 
     D244127  3 0.0575 0.1452 0.0776 0.0865 0.1548 0.4642 0.0141 
     D244129  3 0.2594 0.0977 0.0476 0.1691 0.1331 0.1906 0.1024 
     D244133  3 0.0262 0.8164 0.0302 0.0235 0.0355 0.0215 0.0468 
     D244134  3 0.0250 0.8051 0.0325 0.0466 0.0372 0.0348 0.0187 
     D244135  3 0.7954 0.0214 0.0249 0.0230 0.0559 0.0589 0.0204 
     D244136  3 0.0793 0.3844 0.0493 0.1096 0.1195 0.0674 0.1904 
        D416  3 0.1177 0.4161 0.2225 0.0208 0.1266 0.0624 0.0340 
        D417  3 0.0330 0.0456 0.1808 0.2938 0.1794 0.0273 0.2401 
        D419  3 0.0297 0.6463 0.0712 0.1203 0.0748 0.0331 0.0246 
        D565  3 0.0326 0.1475 0.0545 0.0490 0.0985 0.0791 0.5387 
        D566  3 0.0338 0.1083 0.0854 0.0213 0.1434 0.1050 0.5028 
        D567  3 0.1723 0.2099 0.1342 0.1413 0.1169 0.0442 0.1812 
        D568  3 0.0546 0.2712 0.1835 0.3132 0.1172 0.0299 0.0303 
        D569  3 0.2681 0.0311 0.0658 0.0329 0.1289 0.4478 0.0254 
        D573  3 0.0470 0.1328 0.2062 0.0136 0.3418 0.0410 0.2176 
        D574  3 0.1547 0.0820 0.1852 0.0926 0.2378 0.1188 0.1290 
        D575  3 0.0239 0.9040 0.0111 0.0154 0.0186 0.0175 0.0096 
        D576  3 0.0388 0.2415 0.1155 0.0073 0.0895 0.4936 0.0137 
        D577  3 0.2290 0.1634 0.0609 0.2296 0.1010 0.1148 0.1014 
        D578  3 0.8980 0.0133 0.0181 0.0257 0.0207 0.0152 0.0090 
        D579  3 0.0308 0.1049 0.1731 0.0455 0.0537 0.0529 0.5390 
        D660  3 0.2085 0.1010 0.0896 0.0289 0.1518 0.3967 0.0236 
        D661  3 0.0191 0.0206 0.8302 0.0650 0.0315 0.0167 0.0171 
        D663  3 0.1089 0.0431 0.1130 0.0220 0.5531 0.1347 0.0252 
        D664  3 0.2137 0.2889 0.0512 0.0671 0.1115 0.2463 0.0214 
        D665  3 0.1975 0.0655 0.0232 0.0170 0.0984 0.5858 0.0126 
        D666  3 0.0199 0.8620 0.0173 0.0277 0.0184 0.0356 0.0191 
        D502  6 0.0617 0.0913 0.0559 0.0150 0.1183 0.6464 0.0115 
        D503  6 0.0755 0.0701 0.5130 0.0738 0.1432 0.0620 0.0625 
        D504  6 0.0469 0.0278 0.3599 0.0988 0.1045 0.0383 0.3238 
        D505  6 0.1864 0.0588 0.1451 0.0269 0.2082 0.1882 0.1864 
        D506  6 0.0365 0.0170 0.0189 0.0135 0.0324 0.0168 0.8649 
        D507  6 0.0622 0.0767 0.1545 0.0500 0.3795 0.2281 0.0490 
        D508  6 0.0500 0.0363 0.3340 0.0242 0.1004 0.4061 0.0490 
        D529  6 0.5419 0.0530 0.0664 0.0454 0.1338 0.0449 0.1146 
        D530  6 0.0476 0.0328 0.0277 0.0320 0.0303 0.8088 0.0208 
        D531  6 0.0655 0.0926 0.1915 0.0525 0.1689 0.0885 0.3405 
        D532  6 0.1891 0.0380 0.0887 0.0469 0.2868 0.2509 0.0997 
        D534  6 0.0948 0.0370 0.1280 0.4926 0.1471 0.0603 0.0402 
        D535  6 0.2193 0.1139 0.0587 0.0510 0.2931 0.0735 0.1906 
        D536  6 0.1840 0.0262 0.1699 0.0186 0.2118 0.3452 0.0443 
        D554  6 0.1275 0.0524 0.0866 0.0831 0.1629 0.1987 0.2887 
        D587  6 0.0583 0.0563 0.1000 0.1402 0.1753 0.0620 0.4079 
        D588  6 0.0670 0.0505 0.0330 0.0152 0.7355 0.0446 0.0542 
        D589  6 0.0669 0.0322 0.2835 0.0406 0.3217 0.2182 0.0369 
        D590  6 0.2079 0.0228 0.1048 0.0268 0.2847 0.0818 0.2712 
        D591  6 0.0844 0.3010 0.1591 0.0860 0.2084 0.0613 0.0998 
        D592  6 0.0627 0.0499 0.0497 0.5017 0.1029 0.0921 0.1410 
        D593  6 0.0320 0.0473 0.0200 0.0210 0.0199 0.8494 0.0103 
        D682  6 0.0185 0.0242 0.0293 0.0215 0.0444 0.0158 0.8462 
        D683  6 0.1365 0.0300 0.1261 0.0515 0.1531 0.1444 0.3584 
        D684  6 0.1819 0.0340 0.2758 0.0342 0.2185 0.2045 0.0512 
        D685  6 0.0891 0.0421 0.1102 0.0183 0.4225 0.2961 0.0217 
        D686  6 0.1319 0.0144 0.0329 0.0459 0.3001 0.4218 0.0530 
        D724  6 0.1236 0.0464 0.3282 0.0736 0.1394 0.2307 0.0581 
        D725  6 0.1262 0.1438 0.0721 0.1532 0.1529 0.3327 0.0191 
        D726  6 0.0305 0.0468 0.0596 0.0689 0.0452 0.0263 0.7228 
        D727  6 0.4699 0.0537 0.0457 0.0154 0.2683 0.0318 0.1152 
        D728  6 0.0381 0.2494 0.0396 0.1031 0.2135 0.1929 0.1634 
        D729  6 0.5035 0.0151 0.0223 0.0306 0.2018 0.1120 0.1147 
        D730  6 0.0372 0.0364 0.6281 0.0920 0.0716 0.0804 0.0544 
        D731  6 0.0382 0.2297 0.1969 0.0258 0.1006 0.1893 0.2196 
        D732  6 0.2260 0.0833 0.1176 0.1019 0.1615 0.2477 0.0620 
        D733  6 0.0710 0.0552 0.2595 0.4357 0.0518 0.0958 0.0309 
     D237251  7 0.0251 0.0954 0.7578 0.0173 0.0695 0.0168 0.0181 
     D237252  7 0.0578 0.2008 0.3235 0.1190 0.0856 0.1935 0.0198 
     D237253  7 0.1117 0.0806 0.2129 0.0316 0.3613 0.0717 0.1303 
     D237254  7 0.9132 0.0120 0.0164 0.0190 0.0176 0.0113 0.0105 
     D237255  7 0.0655 0.2543 0.2742 0.0486 0.1657 0.1348 0.0570 
     D237256  7 0.0539 0.1308 0.1303 0.0171 0.4404 0.2041 0.0235 
     D237257  7 0.3642 0.0330 0.0824 0.0259 0.3662 0.0943 0.0341 
     D237282  7 0.2364 0.0551 0.0863 0.2853 0.1802 0.0460 0.1108 
     D237283  7 0.2088 0.1353 0.0397 0.0212 0.0563 0.5299 0.0087 
     D237284  7 0.6913 0.0303 0.0784 0.0417 0.0934 0.0230 0.0419 
     D237285  7 0.1287 0.0424 0.0912 0.0439 0.1047 0.5585 0.0305 
     D237286  7 0.1013 0.0591 0.1479 0.0463 0.3030 0.0661 0.2764 
     D237287  7 0.0593 0.5516 0.0616 0.0318 0.2190 0.0304 0.0463 
     D244006  7 0.8950 0.0102 0.0224 0.0222 0.0198 0.0174 0.0129 
     D244007  7 0.2703 0.0253 0.1491 0.2279 0.1911 0.0374 0.0989 
     D244008  7 0.2051 0.1998 0.0182 0.0239 0.0465 0.4895 0.0169 
     D244009  7 0.0348 0.0554 0.1086 0.6561 0.0622 0.0430 0.0399 
     D244010  7 0.2187 0.0788 0.0378 0.0147 0.1350 0.4714 0.0436 
     D244011  7 0.0602 0.0386 0.4345 0.0409 0.2235 0.1386 0.0638 
     D244012  7 0.1291 0.0805 0.0770 0.0127 0.1033 0.5425 0.0548 
     D244013  7 0.0530 0.0694 0.4694 0.0668 0.0982 0.1861 0.0570 
     D244014  7 0.0425 0.2399 0.1957 0.1036 0.1985 0.2024 0.0174 
     D244015  7 0.1069 0.3394 0.0384 0.1280 0.2354 0.1075 0.0445 
     D244125  7 0.0337 0.2000 0.1701 0.0752 0.2254 0.1279 0.1677 
     D244126  7 0.2831 0.0478 0.0292 0.0280 0.0322 0.5654 0.0143 
     D244130  7 0.0652 0.0265 0.0596 0.0709 0.3414 0.4123 0.0241 
     D244131  7 0.0405 0.0230 0.3428 0.1397 0.0485 0.0474 0.3581 
     D244132  7 0.0219 0.2169 0.2094 0.2125 0.2427 0.0524 0.0442 
        D520  7 0.1541 0.0888 0.0456 0.0345 0.1829 0.4633 0.0307 
        D521  7 0.0793 0.0435 0.1166 0.0950 0.1193 0.5147 0.0316 
        D522  7 0.0238 0.0328 0.1233 0.7382 0.0311 0.0121 0.0388 
        D523  7 0.0284 0.0426 0.7438 0.0490 0.0744 0.0213 0.0405 
        D524  7 0.0581 0.1281 0.5088 0.0774 0.1226 0.0646 0.0405 
        D525  7 0.1277 0.0264 0.1133 0.1146 0.2207 0.2274 0.1700 
        D526  7 0.7246 0.0593 0.0211 0.0649 0.0693 0.0353 0.0255 
        D527  7 0.0226 0.0672 0.6958 0.0196 0.0570 0.0259 0.1119 
        D528  7 0.0258 0.0116 0.0104 0.0129 0.9074 0.0191 0.0128 
        D558  7 0.1049 0.0237 0.0997 0.3539 0.0490 0.3379 0.0310 
        D559  7 0.0457 0.0232 0.6086 0.0717 0.0986 0.1221 0.0301 
        D640  7 0.0418 0.4325 0.1639 0.0538 0.2036 0.0717 0.0327 
        D641  7 0.1005 0.3278 0.0860 0.0262 0.1087 0.3268 0.0239 
        D642  7 0.1062 0.0231 0.0541 0.3563 0.1229 0.3091 0.0284 
        D644  7 0.1720 0.1151 0.1316 0.1174 0.1589 0.2452 0.0599 
        D645  7 0.0204 0.5703 0.2061 0.0369 0.0931 0.0321 0.0412 
        D662  7 0.0384 0.0710 0.1184 0.2723 0.2984 0.0528 0.1488 
        D687  7 0.0263 0.0419 0.6562 0.0361 0.1057 0.0519 0.0818 
        D688  7 0.4475 0.0255 0.1200 0.0245 0.1605 0.1830 0.0390 
        D689  7 0.0117 0.8692 0.0463 0.0136 0.0158 0.0174 0.0261 
        D700  7 0.0159 0.0091 0.0148 0.0127 0.9214 0.0141 0.0122 
        D797  7 0.0369 0.0938 0.4374 0.0942 0.0977 0.0369 0.2031 
        D798  7 0.0366 0.4397 0.0474 0.0686 0.2711 0.1172 0.0196 
        D799  7 0.0438 0.0449 0.7501 0.0161 0.0717 0.0466 0.0268 
        D800  7 0.0482 0.0517 0.2931 0.0578 0.2112 0.0320 0.3060 
        D201  9 0.0945 0.0311 0.6180 0.1145 0.0918 0.0229 0.0273 
        D202  9 0.0234 0.0177 0.0854 0.0100 0.0318 0.8133 0.0184 
     D237259  9 0.0228 0.1245 0.0361 0.0148 0.7062 0.0729 0.0226 
     D237260  9 0.1389 0.0355 0.3919 0.0170 0.2232 0.1523 0.0413 
     D237262  9 0.3464 0.0166 0.0228 0.0352 0.0671 0.4811 0.0308 
     D237263  9 0.1749 0.0255 0.4383 0.0500 0.1087 0.1159 0.0867 
     D237264  9 0.1558 0.0453 0.2064 0.0642 0.2519 0.1694 0.1070 
     D237265  9 0.0554 0.0265 0.3785 0.0242 0.0903 0.3860 0.0391 
     D237266  9 0.0906 0.3959 0.0684 0.0247 0.1511 0.2434 0.0259 
     D237267  9 0.1719 0.0698 0.0305 0.0122 0.2620 0.3771 0.0764 
     D237268  9 0.3077 0.0406 0.0445 0.0382 0.0565 0.4857 0.0267 
     D237289  9 0.0498 0.0874 0.3290 0.0415 0.0867 0.3280 0.0776 
     D237290  9 0.0288 0.1576 0.2863 0.0231 0.1215 0.3390 0.0437 
     D237291  9 0.0889 0.0371 0.5340 0.0174 0.2060 0.0893 0.0273 
     D237292  9 0.2228 0.0143 0.3051 0.0485 0.2052 0.1716 0.0325 
     D237293  9 0.0346 0.3389 0.0502 0.0384 0.0522 0.4618 0.0238 
     D237294  9 0.0716 0.0213 0.5805 0.0999 0.1424 0.0395 0.0448 
     D237295  9 0.1314 0.0933 0.0666 0.1230 0.0752 0.1389 0.3716 
     D237296  9 0.0722 0.0833 0.2963 0.0828 0.3406 0.0590 0.0657 
     D237297  9 0.1378 0.0745 0.1421 0.0546 0.2988 0.2333 0.0589 
     D237298  9 0.0523 0.1388 0.4470 0.1315 0.0718 0.0879 0.0707 
     D237341  9 0.0649 0.0525 0.4207 0.0875 0.1962 0.1102 0.0679 
     D237342  9 0.2568 0.0277 0.0326 0.0144 0.0572 0.5596 0.0517 
     D237343  9 0.1525 0.0578 0.2273 0.0756 0.3481 0.0941 0.0446 
     D237344  9 0.0857 0.2321 0.0268 0.0419 0.1002 0.4520 0.0613 
     D237345  9 0.2455 0.0238 0.0905 0.2415 0.1004 0.2763 0.0221 
     D237346  9 0.0285 0.1142 0.2515 0.1006 0.3301 0.1427 0.0324 
     D237347  9 0.0971 0.0759 0.2041 0.1127 0.2302 0.0661 0.2139 
     D237348  9 0.0874 0.0905 0.0414 0.0815 0.0447 0.6314 0.0232 
     D237349  9 0.0807 0.0355 0.3635 0.1995 0.1149 0.0692 0.1366 
     D244109  9 0.5832 0.0264 0.0878 0.0386 0.1334 0.0947 0.0358 
     D244110  9 0.2956 0.1180 0.2112 0.0605 0.1558 0.1054 0.0534 
     D244111  9 0.0425 0.0706 0.2194 0.0768 0.1262 0.4024 0.0620 
     D244128  9 0.3083 0.0187 0.0466 0.0181 0.0504 0.5316 0.0262 
     D244137  9 0.0715 0.0298 0.2111 0.1541 0.0830 0.0555 0.3950 
     D244138  9 0.0550 0.0279 0.3576 0.0673 0.2758 0.1841 0.0323 
        D580  9 0.0816 0.0717 0.0294 0.4849 0.1140 0.2017 0.0168 
        D581  9 0.0340 0.0281 0.4835 0.0527 0.0565 0.3298 0.0154 
        D582  9 0.3719 0.0238 0.0214 0.0298 0.0216 0.5150 0.0165 
        D583  9 0.0596 0.1075 0.5993 0.0467 0.0943 0.0718 0.0207 
        D584  9 0.0691 0.0473 0.0403 0.1095 0.1290 0.5714 0.0333 
        D585  9 0.2899 0.0389 0.0459 0.0351 0.1302 0.4139 0.0462 
        D586  9 0.0484 0.0688 0.3663 0.0257 0.3519 0.0651 0.0738 
        D651  9 0.0508 0.6621 0.0210 0.1711 0.0465 0.0182 0.0302 
        D652  9 0.0605 0.0252 0.3966 0.1215 0.1248 0.0706 0.2009 
        D653  9 0.0629 0.2169 0.1420 0.0477 0.2784 0.2081 0.0439 
        D654  9 0.1829 0.1385 0.1017 0.1103 0.3158 0.1063 0.0446 
        D655  9 0.0423 0.3595 0.1537 0.0448 0.2014 0.0952 0.1032 
        D656  9 0.6522 0.0226 0.0205 0.0378 0.1536 0.0691 0.0442 
        D657  9 0.2899 0.0417 0.1110 0.1406 0.1504 0.2432 0.0232 
        D667  9 0.0203 0.8936 0.0150 0.0121 0.0176 0.0248 0.0166 
        D668  9 0.0290 0.6411 0.0394 0.0861 0.0806 0.1095 0.0143 
        D669  9 0.0337 0.0427 0.5693 0.0602 0.1223 0.1543 0.0175 
        D670  9 0.1184 0.5389 0.0288 0.0284 0.2316 0.0249 0.0290 
        D671  9 0.0762 0.0177 0.4725 0.1304 0.1270 0.1107 0.0655 
        D672  9 0.0973 0.1999 0.1234 0.1533 0.0916 0.2888 0.0456 
        D673  9 0.0172 0.6370 0.0376 0.1812 0.0500 0.0531 0.0239 
        D692  9 0.5292 0.0346 0.0393 0.0367 0.1452 0.1524 0.0626 
        D693  9 0.0510 0.6707 0.0268 0.0883 0.0411 0.0956 0.0264 
        D694  9 0.6051 0.0165 0.0599 0.0346 0.1319 0.1332 0.0188 
        D695  9 0.0598 0.3311 0.0921 0.1932 0.1226 0.1236 0.0776 
        D696  9 0.0224 0.0419 0.0245 0.1257 0.0475 0.2148 0.5232 
        D697  9 0.0161 0.8501 0.0260 0.0345 0.0265 0.0222 0.0247 
        D698  9 0.0391 0.1431 0.0755 0.0598 0.1666 0.4686 0.0474 
        D699  9 0.0235 0.5366 0.0310 0.0529 0.0452 0.2898 0.0210 
        D787  9 0.0747 0.1767 0.2463 0.0613 0.1759 0.1528 0.1122 
        D788  9 0.0232 0.5366 0.0366 0.0455 0.0512 0.2865 0.0204 
        D789  9 0.1982 0.0605 0.0615 0.0573 0.1208 0.4664 0.0353 
        D790  9 0.0622 0.6385 0.0589 0.0679 0.0951 0.0508 0.0266 
        D791  9 0.0474 0.0278 0.4447 0.0174 0.0585 0.3794 0.0247 
        D792  9 0.3747 0.1179 0.1427 0.0459 0.1853 0.0292 0.1042 
        D793  9 0.0244 0.8080 0.0199 0.0204 0.0412 0.0164 0.0698 
        D794  9 0.1706 0.4073 0.0764 0.0726 0.1058 0.0758 0.0916 
        D795  9 0.1687 0.0284 0.0274 0.0261 0.0587 0.6517 0.0389 
        D796  9 0.0174 0.7636 0.0617 0.0144 0.0340 0.0954 0.0135 
        D005 12 0.7529 0.0176 0.0247 0.0210 0.1077 0.0605 0.0156 
        D035 12 0.0112 0.8979 0.0145 0.0150 0.0341 0.0118 0.0155 
        D067 12 0.0458 0.6295 0.0798 0.0297 0.1148 0.0611 0.0392 
        D134 12 0.1035 0.0601 0.1786 0.0196 0.4614 0.1433 0.0334 
        D135 12 0.0511 0.0761 0.0756 0.0471 0.6136 0.1100 0.0263 
        D136 12 0.1315 0.1189 0.0329 0.1888 0.2642 0.0598 0.2039 
        D137 12 0.0257 0.6601 0.0965 0.0255 0.0968 0.0773 0.0181 
        D138 12 0.0522 0.3743 0.2103 0.0909 0.1705 0.0402 0.0615 
        D139 12 0.1168 0.0506 0.3487 0.0500 0.1640 0.2088 0.0611 
        D140 12 0.0209 0.8240 0.0179 0.0311 0.0504 0.0256 0.0300 
        D141 12 0.1849 0.2955 0.0320 0.3003 0.0561 0.1215 0.0096 
        D150 12 0.1002 0.0232 0.0513 0.0694 0.2248 0.4972 0.0340 
        D177 12 0.1543 0.0982 0.1166 0.0146 0.4165 0.1247 0.0751 
        D178 12 0.0861 0.0283 0.1201 0.2783 0.2113 0.0437 0.2323 
        D179 12 0.1429 0.1230 0.1217 0.1028 0.4034 0.0391 0.0672 
        D180 12 0.1940 0.5854 0.0374 0.0302 0.0927 0.0435 0.0168 
        D187 12 0.0197 0.8482 0.0433 0.0120 0.0304 0.0242 0.0223 
        D188 12 0.6265 0.0270 0.0372 0.0760 0.0917 0.1227 0.0190 
        D191 12 0.0520 0.2007 0.2830 0.3380 0.0545 0.0416 0.0302 
        D418 12 0.0657 0.1128 0.1990 0.4383 0.1187 0.0468 0.0187 
        D601 12 0.6298 0.0667 0.0233 0.0222 0.0660 0.1728 0.0192 
        D836 12 0.2092 0.4191 0.0237 0.0211 0.0297 0.2853 0.0119 
        D837 12 0.0303 0.0408 0.4721 0.0724 0.0623 0.0831 0.2391 
        D838 12 0.0098 0.8188 0.0644 0.0190 0.0343 0.0248 0.0289 
        D839 12 0.0885 0.0417 0.5339 0.0677 0.1359 0.0895 0.0429 
        D840 12 0.0588 0.1366 0.3407 0.2123 0.1410 0.0452 0.0655 
        D841 12 0.0135 0.9059 0.0263 0.0155 0.0131 0.0135 0.0123 
        D842 12 0.0841 0.0159 0.1762 0.3536 0.1082 0.2460 0.0160 
        D843 12 0.1354 0.2608 0.1139 0.0253 0.2086 0.1457 0.1102 
        D844 12 0.0927 0.0116 0.6915 0.0997 0.0525 0.0183 0.0337 
        D912 12 0.0294 0.0281 0.3886 0.2016 0.0577 0.0243 0.2703 
        D913 12 0.0794 0.2104 0.2749 0.0187 0.3295 0.0437 0.0435 
        D914 12 0.0547 0.0715 0.5078 0.0385 0.2048 0.0408 0.0819 
        D922 12 0.0229 0.8567 0.0213 0.0325 0.0193 0.0280 0.0193 
        D939 12 0.2840 0.3130 0.0426 0.0619 0.0437 0.2370 0.0179 
        D944 12 0.1210 0.0970 0.2013 0.0473 0.4962 0.0174 0.0198 
        D945 12 0.1212 0.1973 0.1593 0.0332 0.2389 0.2013 0.0488 
        D985 12 0.2602 0.1593 0.0208 0.2169 0.1362 0.1701 0.0364 
        D986 12 0.0582 0.0152 0.4737 0.0321 0.2598 0.0936 0.0674 
        D987 12 0.0316 0.0357 0.5754 0.0810 0.1125 0.0235 0.1404 
        D988 12 0.1555 0.0326 0.1853 0.0388 0.3436 0.1795 0.0647 
        D996 12 0.0944 0.2354 0.2611 0.0286 0.3017 0.0324 0.0464 
        D997 12 0.2559 0.1413 0.1210 0.0292 0.1611 0.2459 0.0455 
        D998 12 0.0465 0.1953 0.1006 0.0230 0.4866 0.0914 0.0565 
        D999 12 0.0350 0.0390 0.5487 0.0962 0.1053 0.1462 0.0296 
