        D174  1 0.2662 0.4927 0.2411 
        D199  1 0.4744 0.2723 0.2533 
        D203  1 0.3043 0.4437 0.2520 
        D204  1 0.1136 0.7674 0.1190 
     D237366  1 0.3537 0.4551 0.1912 
     D237367  1 0.3131 0.2966 0.3903 
     D237368  1 0.2634 0.5579 0.1787 
     D244101  1 0.3588 0.5159 0.1253 
     D244102  1 0.2487 0.4061 0.3452 
     D244103  1 0.5671 0.1889 0.2440 
     D244104  1 0.1843 0.5719 0.2438 
     D244105  1 0.5366 0.2292 0.2342 
     D244106  1 0.2337 0.6490 0.1172 
     D244107  1 0.5776 0.1374 0.2850 
     D244108  1 0.2553 0.4858 0.2588 
     D244113  1 0.3481 0.2325 0.4194 
     D244114  1 0.6006 0.2792 0.1202 
     D244115  1 0.2276 0.6444 0.1281 
     D267365  1 0.2324 0.5743 0.1933 
        D404  1 0.2573 0.3220 0.4207 
        D405  1 0.2218 0.3850 0.3931 
        D406  1 0.1608 0.7487 0.0904 
        D407  1 0.4811 0.3935 0.1254 
        D408  1 0.2624 0.4259 0.3117 
        D409  1 0.5252 0.2998 0.1750 
        D410  1 0.5061 0.3156 0.1782 
        D421  1 0.3330 0.5598 0.1073 
        D422  1 0.6696 0.2197 0.1107 
        D423  1 0.6900 0.1401 0.1699 
        D424  1 0.2915 0.6267 0.0818 
        D425  1 0.5342 0.2996 0.1662 
        D426  1 0.7416 0.1466 0.1118 
        D427  1 0.5128 0.3564 0.1308 
        D428  1 0.2604 0.5555 0.1841 
        D429  1 0.1129 0.8143 0.0728 
        D430  1 0.4109 0.4012 0.1879 
        D491  1 0.2435 0.5574 0.1991 
        D492  1 0.2334 0.6720 0.0946 
        D537  1 0.3076 0.5171 0.1753 
        D538  1 0.2665 0.3928 0.3408 
        D539  1 0.1947 0.4786 0.3266 
        D540  1 0.5805 0.1410 0.2785 
        D541  1 0.1532 0.7441 0.1027 
        D551  1 0.7351 0.1739 0.0909 
        D552  1 0.1211 0.7433 0.1356 
        D553  1 0.3156 0.4853 0.1991 
        D615  1 0.1732 0.6146 0.2122 
        D616  1 0.3755 0.4900 0.1345 
        D621  1 0.1755 0.5400 0.2845 
        D622  1 0.1911 0.6590 0.1499 
        D623  1 0.3723 0.2960 0.3317 
        D624  1 0.3868 0.4145 0.1987 
        D625  1 0.1442 0.7131 0.1427 
        D626  1 0.2724 0.3022 0.4254 
        D627  1 0.6061 0.2560 0.1379 
        D690  1 0.0979 0.7888 0.1133 
        D691  1 0.1679 0.7234 0.1087 
        D710  1 0.3567 0.3716 0.2717 
        D711  1 0.1009 0.8108 0.0883 
        D712  1 0.2488 0.3564 0.3949 
        D713  1 0.4412 0.4186 0.1402 
        D746  1 0.1600 0.7192 0.1208 
        D747  1 0.1183 0.7886 0.0931 
        D748  1 0.1386 0.7556 0.1058 
        D749  1 0.5831 0.2887 0.1281 
        D750  1 0.1069 0.7919 0.1012 
        D763  1 0.3139 0.3337 0.3524 
        D764  1 0.1378 0.7781 0.0841 
        D765  1 0.5890 0.1777 0.2333 
        D766  1 0.1983 0.5168 0.2849 
        D767  1 0.2192 0.4035 0.3774 
        D768  1 0.4151 0.4455 0.1394 
        D811  1 0.2336 0.1249 0.6415 
        D816  1 0.1062 0.8205 0.0734 
        D825  1 0.2030 0.4952 0.3018 
        D866  1 0.2328 0.2797 0.4875 
        D867  1 0.6841 0.1863 0.1296 
        D871  1 0.4926 0.3359 0.1714 
        D872  1 0.1432 0.5558 0.3010 
        D873  1 0.6284 0.1086 0.2630 
        D874  1 0.1532 0.7277 0.1191 
        D875  1 0.5416 0.3569 0.1015 
        D876  1 0.1239 0.7237 0.1524 
        D877  1 0.3531 0.3758 0.2712 
        D892  1 0.1359 0.7876 0.0766 
        D893  1 0.2181 0.5452 0.2366 
        D894  1 0.1307 0.7869 0.0824 
        D915  1 0.2016 0.5996 0.1988 
        D916  1 0.0747 0.8628 0.0625 
        D917  1 0.4060 0.2313 0.3627 
        D925  1 0.2809 0.4918 0.2273 
        D926  1 0.2074 0.6676 0.1250 
        D927  1 0.3076 0.5064 0.1860 
        D928  1 0.2525 0.5852 0.1622 
        D929  1 0.1882 0.2956 0.5162 
        D936  1 0.1288 0.7488 0.1224 
        D938  1 0.1895 0.5997 0.2108 
        D956  1 0.2625 0.5568 0.1806 
        D957  1 0.1914 0.5793 0.2293 
        D958  1 0.0920 0.7852 0.1228 
        D959  1 0.6698 0.2325 0.0976 
        D960  1 0.4201 0.4836 0.0962 
        D989  1 0.3271 0.4930 0.1799 
        D990  1 0.5355 0.2089 0.2556 
        D211  3 0.1713 0.1505 0.6782 
     D229639  3 0.3657 0.2238 0.4105 
     D237212  3 0.2679 0.2240 0.5081 
     D237213  3 0.1552 0.1472 0.6976 
     D237214  3 0.6736 0.2301 0.0963 
     D237215  3 0.3433 0.0859 0.5707 
     D237216  3 0.4835 0.1710 0.3456 
     D237217  3 0.4287 0.1739 0.3974 
     D237218  3 0.2281 0.5615 0.2105 
     D237219  3 0.1641 0.1757 0.6602 
     D237382  3 0.1634 0.3689 0.4677 
     D244127  3 0.2850 0.1489 0.5660 
     D244129  3 0.2370 0.3511 0.4120 
     D244133  3 0.2521 0.3463 0.4016 
     D244134  3 0.1680 0.1759 0.6561 
     D244135  3 0.4872 0.1785 0.3344 
     D244136  3 0.3188 0.3675 0.3137 
        D416  3 0.3721 0.1796 0.4482 
        D417  3 0.2221 0.6512 0.1267 
        D419  3 0.1786 0.3273 0.4941 
        D565  3 0.2472 0.4867 0.2660 
        D566  3 0.3882 0.3178 0.2940 
        D567  3 0.1675 0.5409 0.2916 
        D568  3 0.2370 0.4044 0.3586 
        D569  3 0.4171 0.1460 0.4369 
        D573  3 0.4640 0.3074 0.2285 
        D574  3 0.3694 0.2947 0.3360 
        D575  3 0.1250 0.0988 0.7762 
        D576  3 0.3539 0.0620 0.5841 
        D577  3 0.1883 0.4224 0.3893 
        D578  3 0.7440 0.1343 0.1217 
        D579  3 0.1769 0.5851 0.2380 
        D660  3 0.3421 0.1229 0.5350 
        D661  3 0.3290 0.4738 0.1972 
        D663  3 0.6171 0.1398 0.2431 
        D664  3 0.2499 0.1550 0.5952 
        D665  3 0.1776 0.0846 0.7377 
        D666  3 0.1499 0.1970 0.6531 
        D502  6 0.3028 0.0832 0.6140 
        D503  6 0.4266 0.3202 0.2532 
        D504  6 0.2062 0.6655 0.1284 
        D505  6 0.4285 0.2758 0.2957 
        D506  6 0.4319 0.4448 0.1233 
        D507  6 0.3758 0.1896 0.4346 
        D508  6 0.2721 0.2323 0.4956 
        D529  6 0.4635 0.3384 0.1981 
        D530  6 0.2319 0.1217 0.6464 
        D531  6 0.2119 0.5004 0.2878 
        D532  6 0.5739 0.2107 0.2154 
        D534  6 0.3064 0.4771 0.2165 
        D535  6 0.4466 0.2750 0.2785 
        D536  6 0.5785 0.1451 0.2765 
        D554  6 0.3055 0.4020 0.2925 
        D587  6 0.2565 0.5754 0.1680 
        D588  6 0.6751 0.1374 0.1876 
        D589  6 0.5006 0.1902 0.3092 
        D590  6 0.6528 0.2284 0.1187 
        D591  6 0.3410 0.3906 0.2684 
        D592  6 0.1982 0.6064 0.1954 
        D593  6 0.1139 0.0699 0.8162 
        D682  6 0.3176 0.5350 0.1474 
        D683  6 0.2702 0.4997 0.2301 
        D684  6 0.4250 0.2708 0.3043 
        D685  6 0.5163 0.1059 0.3778 
        D686  6 0.7126 0.1250 0.1624 
        D724  6 0.2652 0.2898 0.4450 
        D725  6 0.2662 0.1474 0.5864 
        D726  6 0.2164 0.6557 0.1279 
        D727  6 0.6795 0.1548 0.1656 
        D728  6 0.2380 0.2496 0.5124 
        D729  6 0.6917 0.1546 0.1537 
        D730  6 0.2484 0.4200 0.3315 
        D731  6 0.2974 0.1994 0.5032 
        D732  6 0.2085 0.2625 0.5289 
        D733  6 0.1783 0.4940 0.3276 
     D237251  7 0.3443 0.2767 0.3790 
     D237252  7 0.1947 0.1975 0.6078 
     D237253  7 0.6322 0.1670 0.2009 
     D237254  7 0.7554 0.1363 0.1082 
     D237255  7 0.3905 0.1985 0.4110 
     D237256  7 0.5381 0.0971 0.3649 
     D237257  7 0.6161 0.1338 0.2500 
     D237282  7 0.3384 0.4920 0.1696 
     D237283  7 0.1599 0.0734 0.7667 
     D237284  7 0.4990 0.3258 0.1753 
     D237285  7 0.2882 0.1282 0.5836 
     D237286  7 0.4432 0.3591 0.1976 
     D237287  7 0.4535 0.1674 0.3791 
     D244006  7 0.6573 0.2269 0.1157 
     D244007  7 0.4383 0.4056 0.1561 
     D244008  7 0.1463 0.0973 0.7565 
     D244009  7 0.1673 0.5866 0.2461 
     D244010  7 0.2175 0.1252 0.6573 
     D244011  7 0.3712 0.2773 0.3515 
     D244012  7 0.2316 0.1527 0.6157 
     D244013  7 0.1887 0.4118 0.3995 
     D244014  7 0.2373 0.1888 0.5739 
     D244015  7 0.3288 0.2611 0.4101 
     D244125  7 0.3080 0.3324 0.3596 
     D244126  7 0.1432 0.1248 0.7320 
     D244130  7 0.5680 0.1501 0.2819 
     D244131  7 0.1465 0.7169 0.1366 
     D244132  7 0.3381 0.3907 0.2712 
        D520  7 0.2737 0.1349 0.5914 
        D521  7 0.2165 0.2834 0.5001 
        D522  7 0.1454 0.7380 0.1166 
        D523  7 0.4118 0.3849 0.2033 
        D524  7 0.2549 0.3976 0.3475 
        D525  7 0.3443 0.4000 0.2557 
        D526  7 0.4400 0.2727 0.2873 
        D527  7 0.1947 0.5219 0.2834 
        D528  7 0.8194 0.0743 0.1063 
        D558  7 0.2465 0.4066 0.3469 
        D559  7 0.2875 0.4236 0.2889 
        D640  7 0.3379 0.2117 0.4504 
        D641  7 0.1839 0.0945 0.7216 
        D642  7 0.4032 0.3018 0.2950 
        D644  7 0.2291 0.2616 0.5093 
        D645  7 0.2476 0.3234 0.4290 
        D662  7 0.3234 0.5597 0.1169 
        D687  7 0.2577 0.4842 0.2581 
        D688  7 0.4578 0.1991 0.3431 
        D689  7 0.1226 0.2583 0.6191 
        D700  7 0.8521 0.0764 0.0715 
        D797  7 0.1864 0.6173 0.1962 
        D798  7 0.4542 0.1545 0.3913 
        D799  7 0.3044 0.2354 0.4602 
        D800  7 0.3055 0.5677 0.1268 
        D201  9 0.4131 0.3759 0.2111 
        D202  9 0.2078 0.1035 0.6888 
     D237259  9 0.5902 0.0961 0.3137 
     D237260  9 0.5842 0.1178 0.2980 
     D237262  9 0.3255 0.2134 0.4611 
     D237263  9 0.2799 0.4246 0.2954 
     D237264  9 0.3718 0.3388 0.2894 
     D237265  9 0.3424 0.1899 0.4676 
     D237266  9 0.3972 0.1120 0.4908 
     D237267  9 0.4994 0.1107 0.3898 
     D237268  9 0.1397 0.1670 0.6933 
     D237289  9 0.2400 0.2595 0.5004 
     D237290  9 0.2220 0.1834 0.5946 
     D237291  9 0.6739 0.1849 0.1412 
     D237292  9 0.6432 0.1528 0.2040 
     D237293  9 0.1394 0.1183 0.7423 
     D237294  9 0.4661 0.3457 0.1882 
     D237295  9 0.1784 0.5025 0.3191 
     D237296  9 0.4889 0.2627 0.2484 
     D237297  9 0.3915 0.1816 0.4269 
     D237298  9 0.1992 0.4642 0.3366 
     D237341  9 0.3385 0.3574 0.3041 
     D237342  9 0.1922 0.1508 0.6570 
     D237343  9 0.5228 0.2271 0.2501 
     D237344  9 0.2722 0.1638 0.5641 
     D237345  9 0.2538 0.3125 0.4336 
     D237346  9 0.3443 0.2104 0.4453 
     D237347  9 0.3322 0.3914 0.2764 
     D237348  9 0.1555 0.1556 0.6889 
     D237349  9 0.3266 0.5394 0.1341 
     D244109  9 0.5548 0.1782 0.2670 
     D244110  9 0.4383 0.1953 0.3664 
     D244111  9 0.2006 0.2800 0.5194 
     D244128  9 0.2305 0.1476 0.6219 
     D244137  9 0.1529 0.6970 0.1501 
     D244138  9 0.4175 0.2539 0.3286 
        D580  9 0.2114 0.2131 0.5755 
        D581  9 0.2952 0.1715 0.5333 
        D582  9 0.1164 0.1432 0.7404 
        D583  9 0.4079 0.2285 0.3636 
        D584  9 0.3261 0.1507 0.5232 
        D585  9 0.2117 0.1765 0.6118 
        D586  9 0.5144 0.2538 0.2319 
        D651  9 0.1819 0.3096 0.5085 
        D652  9 0.2618 0.6007 0.1375 
        D653  9 0.3660 0.2428 0.3912 
        D654  9 0.4118 0.2893 0.2989 
        D655  9 0.2570 0.2148 0.5282 
        D656  9 0.6384 0.1344 0.2272 
        D657  9 0.3854 0.2388 0.3758 
        D667  9 0.1663 0.1356 0.6980 
        D668  9 0.2232 0.1454 0.6315 
        D669  9 0.2987 0.2638 0.4374 
        D670  9 0.5886 0.1090 0.3025 
        D671  9 0.3766 0.4365 0.1869 
        D672  9 0.2101 0.2610 0.5289 
        D673  9 0.1820 0.2596 0.5584 
        D692  9 0.4967 0.1157 0.3876 
        D693  9 0.1682 0.1562 0.6756 
        D694  9 0.5587 0.1326 0.3086 
        D695  9 0.2175 0.2825 0.5000 
        D696  9 0.1955 0.4871 0.3174 
        D697  9 0.2683 0.2245 0.5073 
        D698  9 0.2989 0.1533 0.5478 
        D699  9 0.1307 0.1142 0.7551 
        D787  9 0.2951 0.3426 0.3623 
        D788  9 0.1588 0.1053 0.7359 
        D789  9 0.2650 0.1507 0.5843 
        D790  9 0.3527 0.2260 0.4213 
        D791  9 0.2576 0.1329 0.6095 
        D792  9 0.4139 0.4276 0.1585 
        D793  9 0.2916 0.2663 0.4421 
        D794  9 0.2662 0.3558 0.3781 
        D795  9 0.1847 0.1455 0.6698 
        D796  9 0.1483 0.0928 0.7589 
        D005 12 0.6730 0.1410 0.1860 
        D035 12 0.3495 0.1663 0.4843 
        D067 12 0.2188 0.2222 0.5590 
        D134 12 0.5498 0.1332 0.3171 
        D135 12 0.4954 0.1711 0.3336 
        D136 12 0.3439 0.4652 0.1909 
        D137 12 0.2563 0.1314 0.6123 
        D138 12 0.2879 0.3843 0.3277 
        D139 12 0.2930 0.3138 0.3933 
        D140 12 0.3545 0.2090 0.4364 
        D141 12 0.1799 0.1811 0.6390 
        D150 12 0.6620 0.1327 0.2054 
        D177 12 0.5852 0.1033 0.3116 
        D178 12 0.2750 0.5884 0.1366 
        D179 12 0.4743 0.3004 0.2253 
        D180 12 0.3094 0.1290 0.5616 
        D187 12 0.1537 0.1746 0.6717 
        D188 12 0.4574 0.1875 0.3552 
        D191 12 0.2326 0.4419 0.3254 
        D418 12 0.2933 0.3211 0.3856 
        D601 12 0.3337 0.1545 0.5118 
        D836 12 0.1172 0.0976 0.7851 
        D837 12 0.1512 0.6328 0.2160 
        D838 12 0.1601 0.2601 0.5798 
        D839 12 0.3333 0.3470 0.3197 
        D840 12 0.1937 0.5196 0.2867 
        D841 12 0.1571 0.1431 0.6998 
        D842 12 0.4192 0.3387 0.2422 
        D843 12 0.3112 0.2071 0.4817 
        D844 12 0.3213 0.5698 0.1089 
        D912 12 0.1230 0.7672 0.1098 
        D913 12 0.6086 0.1814 0.2100 
        D914 12 0.2943 0.4492 0.2565 
        D922 12 0.1081 0.1608 0.7311 
        D939 12 0.1156 0.1355 0.7489 
        D944 12 0.7634 0.1589 0.0778 
        D945 12 0.3061 0.1794 0.5145 
        D985 12 0.3785 0.2011 0.4204 
        D986 12 0.4253 0.3859 0.1888 
        D987 12 0.2245 0.6331 0.1424 
        D988 12 0.3440 0.3011 0.3549 
        D996 12 0.4448 0.3111 0.2440 
        D997 12 0.2461 0.1960 0.5580 
        D998 12 0.4703 0.1669 0.3628 
        D999 12 0.2885 0.2918 0.4197 
