        D174  1 0.0841 0.0678 0.1635 0.2438 0.0843 0.0367 0.1711 0.1487 
        D199  1 0.1360 0.0379 0.2477 0.0763 0.2094 0.0507 0.1083 0.1339 
        D203  1 0.1197 0.1360 0.1287 0.1320 0.1245 0.0514 0.0734 0.2344 
        D204  1 0.0409 0.0923 0.0328 0.6997 0.0426 0.0193 0.0348 0.0375 
     D237366  1 0.0842 0.0953 0.1441 0.0321 0.0836 0.0362 0.0514 0.4732 
     D237367  1 0.0990 0.0906 0.0740 0.0500 0.1662 0.1235 0.0542 0.3424 
     D237368  1 0.0545 0.2865 0.0683 0.1955 0.0995 0.0449 0.0406 0.2102 
     D244101  1 0.3080 0.1048 0.1884 0.0526 0.2042 0.0244 0.0752 0.0425 
     D244102  1 0.1341 0.0787 0.3864 0.0785 0.1070 0.0481 0.1059 0.0612 
     D244103  1 0.0537 0.0366 0.1239 0.0437 0.2039 0.0632 0.0781 0.3969 
     D244104  1 0.0924 0.0453 0.0597 0.2924 0.0584 0.3912 0.0254 0.0352 
     D244105  1 0.0963 0.2953 0.0925 0.0251 0.2361 0.1363 0.0368 0.0816 
     D244106  1 0.0909 0.0263 0.2000 0.5279 0.0753 0.0158 0.0411 0.0226 
     D244107  1 0.0510 0.0351 0.0359 0.0158 0.1226 0.0914 0.0423 0.6059 
     D244108  1 0.0777 0.5385 0.0722 0.0545 0.0706 0.0320 0.1305 0.0240 
     D244113  1 0.1680 0.0403 0.2270 0.0798 0.1112 0.0360 0.2809 0.0569 
     D244114  1 0.1741 0.0420 0.3882 0.0375 0.2300 0.0299 0.0369 0.0615 
     D244115  1 0.0504 0.0526 0.1328 0.5633 0.1131 0.0280 0.0406 0.0192 
     D267365  1 0.1571 0.0532 0.4552 0.0900 0.0925 0.0315 0.0440 0.0764 
        D404  1 0.0664 0.0255 0.1713 0.3245 0.0481 0.0261 0.2946 0.0434 
        D405  1 0.1445 0.0169 0.2152 0.1511 0.1110 0.0454 0.2597 0.0561 
        D406  1 0.0093 0.9335 0.0098 0.0094 0.0097 0.0090 0.0095 0.0098 
        D407  1 0.0396 0.0349 0.0590 0.2941 0.0805 0.0243 0.0251 0.4424 
        D408  1 0.0798 0.0185 0.2028 0.3538 0.0891 0.0681 0.1358 0.0522 
        D409  1 0.0741 0.0537 0.2085 0.0750 0.2368 0.0521 0.0789 0.2209 
        D410  1 0.3422 0.1226 0.0563 0.0408 0.2200 0.0249 0.0861 0.1072 
        D421  1 0.0452 0.0126 0.0662 0.6298 0.0655 0.0405 0.0124 0.1278 
        D422  1 0.0361 0.1005 0.0902 0.0291 0.1682 0.0158 0.0353 0.5248 
        D423  1 0.1103 0.0765 0.0514 0.0266 0.1508 0.0334 0.0307 0.5203 
        D424  1 0.0353 0.0291 0.0495 0.7253 0.1022 0.0178 0.0162 0.0246 
        D425  1 0.2365 0.0325 0.2375 0.0508 0.2417 0.0812 0.0433 0.0766 
        D426  1 0.0400 0.0172 0.2121 0.0305 0.3173 0.0365 0.0532 0.2931 
        D427  1 0.1076 0.0097 0.1533 0.4800 0.0999 0.0807 0.0324 0.0364 
        D428  1 0.0640 0.0820 0.1210 0.4271 0.1173 0.0315 0.0475 0.1096 
        D429  1 0.0291 0.0211 0.1628 0.7288 0.0189 0.0099 0.0160 0.0134 
        D430  1 0.0846 0.0169 0.1984 0.3323 0.1962 0.0363 0.0897 0.0456 
        D491  1 0.0685 0.1242 0.2365 0.3278 0.0880 0.0873 0.0350 0.0328 
        D492  1 0.0420 0.0888 0.0504 0.5869 0.0762 0.0195 0.0353 0.1009 
        D537  1 0.0938 0.4098 0.0721 0.1006 0.1408 0.0325 0.0360 0.1144 
        D538  1 0.0742 0.2276 0.0734 0.1118 0.1206 0.0781 0.1472 0.1671 
        D539  1 0.0953 0.2852 0.2175 0.1047 0.0706 0.0611 0.1473 0.0183 
        D540  1 0.3028 0.0176 0.1498 0.0362 0.2516 0.0751 0.0525 0.1145 
        D541  1 0.0161 0.0211 0.0178 0.8745 0.0154 0.0191 0.0168 0.0191 
        D551  1 0.0542 0.0437 0.1840 0.0226 0.4791 0.0180 0.0262 0.1724 
        D552  1 0.0777 0.6984 0.0679 0.0391 0.0378 0.0422 0.0203 0.0166 
        D553  1 0.0930 0.0202 0.1282 0.3711 0.1200 0.1387 0.0208 0.1078 
        D615  1 0.0815 0.0454 0.0884 0.5373 0.0920 0.0559 0.0677 0.0317 
        D616  1 0.0599 0.0690 0.0730 0.4491 0.1861 0.0363 0.0609 0.0656 
        D621  1 0.0296 0.8022 0.0240 0.0218 0.0234 0.0347 0.0419 0.0224 
        D622  1 0.0232 0.8573 0.0190 0.0203 0.0194 0.0269 0.0131 0.0209 
        D623  1 0.1709 0.0454 0.1900 0.0729 0.1237 0.0238 0.3185 0.0547 
        D624  1 0.0517 0.0239 0.1517 0.4787 0.1425 0.0585 0.0674 0.0257 
        D625  1 0.0221 0.1205 0.0424 0.6226 0.0547 0.0433 0.0590 0.0355 
        D626  1 0.1225 0.0353 0.0548 0.0744 0.0440 0.5785 0.0229 0.0676 
        D627  1 0.0486 0.0552 0.1099 0.0994 0.3089 0.0318 0.0406 0.3056 
        D690  1 0.0166 0.0130 0.0237 0.8785 0.0152 0.0193 0.0158 0.0179 
        D691  1 0.0182 0.8734 0.0155 0.0199 0.0171 0.0159 0.0146 0.0256 
        D710  1 0.1154 0.0474 0.1957 0.1342 0.1598 0.1069 0.0377 0.2029 
        D711  1 0.0291 0.0277 0.0331 0.8265 0.0196 0.0118 0.0240 0.0282 
        D712  1 0.1587 0.1459 0.1963 0.0571 0.0962 0.1697 0.0729 0.1033 
        D713  1 0.1660 0.1969 0.1683 0.0728 0.1759 0.0274 0.0850 0.1078 
        D746  1 0.0186 0.8051 0.0201 0.0576 0.0236 0.0273 0.0196 0.0281 
        D747  1 0.0256 0.0139 0.0244 0.8711 0.0172 0.0160 0.0165 0.0154 
        D748  1 0.0328 0.7565 0.0312 0.0670 0.0311 0.0275 0.0254 0.0284 
        D749  1 0.1184 0.2119 0.0752 0.0543 0.3590 0.0284 0.0606 0.0922 
        D750  1 0.0210 0.0174 0.0910 0.8042 0.0205 0.0158 0.0180 0.0121 
        D763  1 0.1288 0.2433 0.1873 0.0309 0.1221 0.1604 0.0626 0.0647 
        D764  1 0.0120 0.0173 0.0490 0.8673 0.0171 0.0130 0.0126 0.0117 
        D765  1 0.3753 0.0640 0.1559 0.0222 0.2117 0.0725 0.0337 0.0647 
        D766  1 0.0225 0.8233 0.0188 0.0152 0.0289 0.0420 0.0170 0.0325 
        D767  1 0.0918 0.1710 0.0895 0.0812 0.1280 0.0934 0.0901 0.2550 
        D768  1 0.0919 0.0951 0.1488 0.2543 0.1825 0.0518 0.0269 0.1488 
        D811  1 0.1912 0.0202 0.1542 0.0358 0.1245 0.3041 0.1468 0.0230 
        D816  1 0.0584 0.0154 0.3407 0.5110 0.0292 0.0121 0.0112 0.0219 
        D825  1 0.0878 0.0391 0.3658 0.1821 0.1237 0.0695 0.0875 0.0446 
        D866  1 0.1315 0.0339 0.1194 0.0685 0.1450 0.0948 0.3744 0.0324 
        D867  1 0.0564 0.0841 0.0416 0.0194 0.1242 0.0199 0.0249 0.6295 
        D871  1 0.0616 0.0653 0.1678 0.1967 0.1675 0.0309 0.1004 0.2099 
        D872  1 0.0274 0.7952 0.0156 0.0239 0.0207 0.0316 0.0495 0.0361 
        D873  1 0.2681 0.0636 0.0257 0.0157 0.1040 0.0362 0.3299 0.1567 
        D874  1 0.3140 0.0449 0.3448 0.1340 0.0698 0.0267 0.0358 0.0300 
        D875  1 0.0434 0.3734 0.1038 0.0250 0.1490 0.0194 0.0617 0.2243 
        D876  1 0.0455 0.7091 0.0703 0.0559 0.0345 0.0439 0.0198 0.0210 
        D877  1 0.0534 0.0281 0.1845 0.2322 0.1335 0.0151 0.3189 0.0343 
        D892  1 0.0258 0.6971 0.0695 0.0859 0.0328 0.0169 0.0218 0.0502 
        D893  1 0.2044 0.1276 0.2365 0.1018 0.1068 0.0656 0.0435 0.1139 
        D894  1 0.0127 0.0112 0.0215 0.9018 0.0163 0.0094 0.0152 0.0119 
        D915  1 0.1062 0.3319 0.1113 0.0528 0.1027 0.0741 0.0444 0.1766 
        D916  1 0.0113 0.0154 0.0121 0.9259 0.0099 0.0084 0.0084 0.0087 
        D917  1 0.0974 0.0228 0.1131 0.0673 0.1998 0.1361 0.1331 0.2304 
        D925  1 0.1639 0.1253 0.2167 0.1568 0.1205 0.0606 0.0939 0.0624 
        D926  1 0.0592 0.0295 0.3857 0.3683 0.0697 0.0251 0.0165 0.0460 
        D927  1 0.1086 0.0412 0.4657 0.0820 0.0936 0.0358 0.0444 0.1288 
        D928  1 0.0580 0.0323 0.2112 0.5624 0.0425 0.0271 0.0436 0.0230 
        D929  1 0.0764 0.1132 0.0769 0.0531 0.1123 0.1547 0.1683 0.2450 
        D936  1 0.1183 0.0170 0.4681 0.2923 0.0505 0.0170 0.0165 0.0204 
        D938  1 0.0117 0.9163 0.0116 0.0091 0.0104 0.0163 0.0135 0.0110 
        D956  1 0.0253 0.0113 0.1296 0.7387 0.0356 0.0148 0.0309 0.0137 
        D957  1 0.0325 0.7921 0.0250 0.0240 0.0293 0.0195 0.0481 0.0296 
        D958  1 0.0133 0.9091 0.0122 0.0185 0.0106 0.0136 0.0122 0.0106 
        D959  1 0.0349 0.0146 0.0821 0.1505 0.1463 0.0174 0.0173 0.5370 
        D960  1 0.0742 0.6817 0.0278 0.0273 0.0496 0.0096 0.0591 0.0706 
        D989  1 0.2406 0.0467 0.2702 0.1334 0.1085 0.1079 0.0385 0.0541 
        D990  1 0.2821 0.0859 0.0378 0.0179 0.2168 0.0776 0.1443 0.1376 
        D211  3 0.0197 0.0219 0.0200 0.0337 0.0437 0.4314 0.1487 0.2809 
     D229639  3 0.1320 0.0221 0.1681 0.0775 0.2288 0.2085 0.1324 0.0306 
     D237212  3 0.0897 0.0262 0.0754 0.1447 0.1469 0.1469 0.2350 0.1352 
     D237213  3 0.1099 0.0492 0.0446 0.0124 0.0904 0.2998 0.3146 0.0792 
     D237214  3 0.0160 0.0244 0.0251 0.0180 0.0278 0.0108 0.0129 0.8651 
     D237215  3 0.2103 0.0131 0.1577 0.0142 0.0786 0.0680 0.4389 0.0193 
     D237216  3 0.1581 0.0203 0.1066 0.0262 0.4095 0.1033 0.0739 0.1021 
     D237217  3 0.0467 0.0581 0.0617 0.0131 0.1670 0.3636 0.0413 0.2483 
     D237218  3 0.3339 0.0705 0.4262 0.0351 0.0571 0.0377 0.0175 0.0219 
     D237219  3 0.1230 0.0695 0.0175 0.0155 0.0539 0.6667 0.0231 0.0310 
     D237382  3 0.0647 0.2312 0.0618 0.0823 0.0670 0.0818 0.3344 0.0767 
     D244127  3 0.2522 0.0500 0.0510 0.0147 0.1587 0.1380 0.2458 0.0895 
     D244129  3 0.0890 0.1211 0.0646 0.0936 0.1561 0.1856 0.0891 0.2008 
     D244133  3 0.1834 0.0276 0.0363 0.0651 0.0977 0.5053 0.0511 0.0335 
     D244134  3 0.1260 0.0750 0.0319 0.0186 0.0421 0.6398 0.0382 0.0284 
     D244135  3 0.0227 0.0197 0.0192 0.0175 0.0590 0.0535 0.0246 0.7838 
     D244136  3 0.1339 0.0844 0.0774 0.1201 0.1596 0.2473 0.0998 0.0775 
        D416  3 0.1640 0.0173 0.1153 0.0305 0.1735 0.3006 0.1025 0.0964 
        D417  3 0.0789 0.2087 0.1877 0.3330 0.1238 0.0280 0.0174 0.0224 
        D419  3 0.1294 0.1806 0.0387 0.0336 0.0583 0.4529 0.0667 0.0399 
        D565  3 0.2367 0.0369 0.1797 0.2691 0.0918 0.0893 0.0612 0.0353 
        D566  3 0.0720 0.0182 0.2120 0.2617 0.1293 0.0639 0.2188 0.0241 
        D567  3 0.0643 0.1098 0.1218 0.2536 0.0925 0.2078 0.0455 0.1047 
        D568  3 0.0649 0.3604 0.1204 0.0602 0.0900 0.2169 0.0459 0.0413 
        D569  3 0.1226 0.0203 0.0426 0.0226 0.1102 0.0661 0.3121 0.3036 
        D573  3 0.1179 0.0144 0.1010 0.2741 0.2895 0.0952 0.0708 0.0371 
        D574  3 0.1647 0.0638 0.1854 0.0569 0.1736 0.0716 0.1080 0.1761 
        D575  3 0.1067 0.0295 0.0160 0.0106 0.0149 0.7905 0.0164 0.0153 
        D576  3 0.1768 0.0090 0.0870 0.0100 0.0968 0.1862 0.3936 0.0407 
        D577  3 0.0493 0.1974 0.0700 0.1188 0.0978 0.2657 0.0556 0.1454 
        D578  3 0.0168 0.0198 0.0153 0.0076 0.0177 0.0134 0.0137 0.8959 
        D579  3 0.1528 0.0376 0.1352 0.4212 0.0725 0.0780 0.0669 0.0358 
        D660  3 0.1585 0.0245 0.0338 0.0220 0.1516 0.0898 0.2925 0.2273 
        D661  3 0.1897 0.0653 0.5974 0.0190 0.0501 0.0273 0.0339 0.0173 
        D663  3 0.1633 0.0148 0.1186 0.0242 0.3799 0.0399 0.1819 0.0775 
        D664  3 0.1197 0.0520 0.0349 0.0173 0.1380 0.2369 0.1770 0.2241 
        D665  3 0.0655 0.0168 0.0285 0.0119 0.1433 0.2082 0.3889 0.1368 
        D666  3 0.1505 0.0307 0.0239 0.0214 0.0364 0.6794 0.0340 0.0237 
        D502  6 0.0565 0.0141 0.0329 0.0133 0.1624 0.1157 0.5406 0.0646 
        D503  6 0.1426 0.0623 0.2178 0.0512 0.1923 0.0590 0.2161 0.0587 
        D504  6 0.1791 0.0580 0.3049 0.1994 0.1505 0.0287 0.0445 0.0349 
        D505  6 0.0946 0.0189 0.2001 0.1359 0.1446 0.0529 0.1923 0.1608 
        D506  6 0.0253 0.0099 0.1854 0.6712 0.0368 0.0212 0.0190 0.0314 
        D507  6 0.1913 0.0460 0.1362 0.0466 0.3232 0.0627 0.1576 0.0364 
        D508  6 0.1304 0.0166 0.3474 0.0325 0.1051 0.0509 0.2775 0.0396 
        D529  6 0.0609 0.0401 0.0953 0.0979 0.1484 0.0706 0.0404 0.4462 
        D530  6 0.0360 0.0233 0.0391 0.0163 0.0331 0.0501 0.7421 0.0600 
        D531  6 0.1286 0.0466 0.1756 0.2797 0.1491 0.0571 0.1251 0.0382 
        D532  6 0.2491 0.0211 0.1742 0.0654 0.1804 0.0305 0.1822 0.0972 
        D534  6 0.0956 0.4638 0.1333 0.0363 0.1073 0.0315 0.0552 0.0771 
        D535  6 0.1906 0.0246 0.2294 0.0890 0.1742 0.0954 0.0703 0.1265 
        D536  6 0.0640 0.0160 0.0849 0.0376 0.1926 0.0197 0.4093 0.1760 
        D554  6 0.0915 0.0463 0.1413 0.1806 0.1329 0.0512 0.2354 0.1207 
        D587  6 0.1490 0.1177 0.2021 0.2620 0.1456 0.0381 0.0501 0.0355 
        D588  6 0.1065 0.0137 0.0923 0.0311 0.5941 0.0515 0.0442 0.0666 
        D589  6 0.1521 0.0294 0.1225 0.0334 0.2650 0.0393 0.3126 0.0458 
        D590  6 0.1250 0.0256 0.1187 0.2393 0.2443 0.0241 0.0995 0.1233 
        D591  6 0.1181 0.0737 0.1029 0.0601 0.2762 0.2097 0.1045 0.0548 
        D592  6 0.0659 0.4976 0.0540 0.1376 0.0933 0.0473 0.0531 0.0513 
        D593  6 0.0239 0.0153 0.0148 0.0087 0.0259 0.0693 0.8270 0.0150 
        D682  6 0.0390 0.0219 0.1867 0.6406 0.0383 0.0256 0.0263 0.0215 
        D683  6 0.0780 0.0368 0.1269 0.3290 0.1395 0.1079 0.0923 0.0897 
        D684  6 0.1565 0.0278 0.0980 0.0587 0.2539 0.0581 0.1910 0.1560 
        D685  6 0.0918 0.0202 0.1121 0.0183 0.3378 0.0610 0.3054 0.0534 
        D686  6 0.2317 0.0211 0.0949 0.0271 0.2034 0.0150 0.2946 0.1121 
        D724  6 0.0894 0.0531 0.4251 0.0563 0.1267 0.0665 0.1302 0.0527 
        D725  6 0.1022 0.1420 0.0500 0.0168 0.1340 0.1240 0.3475 0.0834 
        D726  6 0.0591 0.0535 0.1946 0.5496 0.0413 0.0367 0.0284 0.0368 
        D727  6 0.0857 0.0117 0.1384 0.1001 0.1998 0.0415 0.0407 0.3821 
        D728  6 0.1626 0.0400 0.1459 0.1089 0.1681 0.1503 0.1879 0.0363 
        D729  6 0.1433 0.0161 0.0578 0.0607 0.1443 0.0159 0.0431 0.5188 
        D730  6 0.3210 0.0316 0.4479 0.0315 0.0651 0.0335 0.0398 0.0296 
        D731  6 0.0647 0.0147 0.2133 0.1151 0.0676 0.1274 0.3675 0.0298 
        D732  6 0.1294 0.0660 0.1081 0.0517 0.1674 0.1657 0.1596 0.1522 
        D733  6 0.1775 0.3615 0.1622 0.0307 0.0551 0.0638 0.1015 0.0477 
     D237251  7 0.2645 0.0194 0.5120 0.0144 0.0657 0.0822 0.0165 0.0254 
     D237252  7 0.0953 0.1167 0.1158 0.0211 0.0831 0.2211 0.2937 0.0532 
     D237253  7 0.1805 0.0256 0.2774 0.0821 0.2372 0.0546 0.0767 0.0659 
     D237254  7 0.0163 0.0250 0.0162 0.0086 0.0184 0.0111 0.0140 0.8903 
     D237255  7 0.1857 0.0387 0.2048 0.0452 0.1680 0.1648 0.1361 0.0567 
     D237256  7 0.1621 0.0143 0.1331 0.0204 0.3990 0.0815 0.1479 0.0417 
     D237257  7 0.0702 0.0238 0.0720 0.0303 0.2847 0.0371 0.0685 0.4134 
     D237282  7 0.0715 0.2711 0.0972 0.1492 0.1249 0.0385 0.0565 0.1912 
     D237283  7 0.0219 0.0163 0.0322 0.0109 0.0465 0.4144 0.3629 0.0948 
     D237284  7 0.0541 0.0451 0.0645 0.0380 0.0625 0.0362 0.0289 0.6707 
     D237285  7 0.0800 0.0292 0.0897 0.0241 0.0952 0.0877 0.4522 0.1419 
     D237286  7 0.2756 0.0262 0.1525 0.1163 0.2694 0.0360 0.0597 0.0644 
     D237287  7 0.1711 0.0269 0.0802 0.0509 0.1801 0.3933 0.0483 0.0493 
     D244006  7 0.0183 0.0202 0.0182 0.0146 0.0168 0.0115 0.0128 0.8877 
     D244007  7 0.1798 0.1513 0.1241 0.0451 0.1148 0.0220 0.0411 0.3218 
     D244008  7 0.0232 0.0274 0.0224 0.0151 0.0510 0.4704 0.3084 0.0823 
     D244009  7 0.0512 0.6835 0.0695 0.0302 0.0378 0.0554 0.0356 0.0368 
     D244010  7 0.0505 0.0129 0.0236 0.0474 0.1161 0.2674 0.2984 0.1837 
     D244011  7 0.3745 0.0261 0.2045 0.0300 0.1870 0.0328 0.1063 0.0387 
     D244012  7 0.0906 0.0130 0.0371 0.0587 0.0961 0.1616 0.4190 0.1239 
     D244013  7 0.4187 0.0372 0.2203 0.0475 0.0801 0.0544 0.1090 0.0329 
     D244014  7 0.3110 0.0614 0.1803 0.0158 0.1567 0.1431 0.0907 0.0411 
     D244015  7 0.1236 0.1272 0.0337 0.0448 0.2500 0.2170 0.0906 0.1130 
     D244125  7 0.2052 0.0811 0.1500 0.1059 0.1763 0.1244 0.1197 0.0374 
     D244126  7 0.0302 0.0284 0.0423 0.0221 0.0494 0.3572 0.3441 0.1262 
     D244130  7 0.2503 0.0307 0.0328 0.0227 0.2722 0.0272 0.2550 0.1090 
     D244131  7 0.3298 0.0724 0.2731 0.1672 0.0525 0.0217 0.0424 0.0409 
     D244132  7 0.3713 0.1854 0.1378 0.0330 0.1238 0.0935 0.0323 0.0230 
        D520  7 0.0588 0.0258 0.0664 0.0277 0.2001 0.1707 0.3671 0.0835 
        D521  7 0.1824 0.0546 0.0793 0.0331 0.1067 0.0460 0.3914 0.1064 
        D522  7 0.1216 0.6614 0.0693 0.0298 0.0396 0.0359 0.0176 0.0247 
        D523  7 0.1994 0.0514 0.5596 0.0342 0.0698 0.0332 0.0306 0.0217 
        D524  7 0.2723 0.0365 0.4044 0.0335 0.0882 0.0749 0.0400 0.0502 
        D525  7 0.1230 0.0935 0.0542 0.1387 0.2171 0.0273 0.2107 0.1355 
        D526  7 0.0244 0.0638 0.0290 0.0241 0.0422 0.0642 0.0214 0.7308 
        D527  7 0.2956 0.0142 0.4843 0.0846 0.0422 0.0416 0.0202 0.0172 
        D528  7 0.0151 0.0107 0.0113 0.0121 0.8881 0.0159 0.0160 0.0308 
        D558  7 0.1961 0.1987 0.0529 0.0409 0.0602 0.0417 0.2264 0.1832 
        D559  7 0.3704 0.0416 0.3873 0.0216 0.0468 0.0204 0.0727 0.0392 
        D640  7 0.4480 0.0306 0.1111 0.0236 0.1032 0.2177 0.0422 0.0237 
        D641  7 0.1691 0.0207 0.0574 0.0148 0.1000 0.3192 0.2218 0.0970 
        D642  7 0.1480 0.2210 0.0495 0.0281 0.1178 0.0251 0.2216 0.1889 
        D644  7 0.1271 0.0747 0.1603 0.0506 0.1471 0.1748 0.1364 0.1289 
        D645  7 0.2037 0.0405 0.1562 0.0501 0.1292 0.3258 0.0734 0.0212 
        D662  7 0.3781 0.1568 0.1093 0.1188 0.1405 0.0379 0.0234 0.0351 
        D687  7 0.2923 0.0497 0.3877 0.0523 0.0855 0.0500 0.0638 0.0186 
        D688  7 0.1103 0.0180 0.0576 0.0397 0.1524 0.0564 0.1327 0.4330 
        D689  7 0.1172 0.0165 0.0379 0.0338 0.0244 0.7340 0.0187 0.0175 
        D700  7 0.0155 0.0107 0.0189 0.0128 0.9036 0.0090 0.0119 0.0176 
        D797  7 0.1350 0.1019 0.3291 0.1841 0.0979 0.0652 0.0534 0.0336 
        D798  7 0.3476 0.0387 0.0353 0.0186 0.1834 0.2700 0.0558 0.0506 
        D799  7 0.2538 0.0136 0.5045 0.0244 0.0849 0.0516 0.0383 0.0290 
        D800  7 0.0910 0.0385 0.3011 0.3617 0.1046 0.0292 0.0438 0.0300 
        D201  9 0.1133 0.1112 0.5549 0.0286 0.1053 0.0280 0.0319 0.0268 
        D202  9 0.1005 0.0116 0.1255 0.0177 0.0729 0.0313 0.6223 0.0182 
     D237259  9 0.0434 0.0121 0.0365 0.0186 0.7199 0.0670 0.0606 0.0419 
     D237260  9 0.1117 0.0136 0.1576 0.0432 0.2836 0.0254 0.2353 0.1296 
     D237262  9 0.0373 0.0398 0.0323 0.0321 0.0754 0.2197 0.2611 0.3023 
     D237263  9 0.1455 0.0363 0.3510 0.0977 0.0895 0.0518 0.0901 0.1380 
     D237264  9 0.0913 0.0475 0.0869 0.0984 0.2086 0.0383 0.2522 0.1767 
     D237265  9 0.0378 0.0202 0.0985 0.0268 0.0693 0.0180 0.7065 0.0229 
     D237266  9 0.3090 0.0166 0.0602 0.0337 0.1603 0.1950 0.1103 0.1149 
     D237267  9 0.0559 0.0117 0.0525 0.0495 0.3429 0.0691 0.2104 0.2080 
     D237268  9 0.0296 0.0411 0.0484 0.0374 0.0513 0.3319 0.2789 0.1813 
     D237289  9 0.0507 0.0347 0.1226 0.0422 0.0606 0.0572 0.6051 0.0269 
     D237290  9 0.0694 0.0232 0.1126 0.0420 0.0633 0.0886 0.5794 0.0215 
     D237291  9 0.3848 0.0188 0.2564 0.0156 0.1778 0.0222 0.0858 0.0388 
     D237292  9 0.0362 0.0323 0.1249 0.0309 0.1519 0.0147 0.4185 0.1905 
     D237293  9 0.0977 0.0296 0.0359 0.0187 0.0811 0.2728 0.4248 0.0394 
     D237294  9 0.1879 0.1000 0.3138 0.0461 0.1506 0.0229 0.0906 0.0881 
     D237295  9 0.0941 0.0900 0.0821 0.3269 0.0889 0.1075 0.1165 0.0940 
     D237296  9 0.1626 0.0796 0.1999 0.0461 0.2868 0.0729 0.0539 0.0982 
     D237297  9 0.1859 0.0230 0.1109 0.0390 0.2780 0.0686 0.2008 0.0938 
     D237298  9 0.2958 0.0930 0.2942 0.0444 0.0777 0.1111 0.0435 0.0403 
     D237341  9 0.2548 0.0696 0.1873 0.0434 0.2176 0.0653 0.0931 0.0689 
     D237342  9 0.0574 0.0126 0.0305 0.0463 0.0651 0.2625 0.3667 0.1588 
     D237343  9 0.2680 0.0544 0.1359 0.0570 0.1926 0.0518 0.0541 0.1862 
     D237344  9 0.1947 0.0294 0.0775 0.0443 0.1238 0.1252 0.3216 0.0835 
     D237345  9 0.0457 0.2651 0.0603 0.0203 0.0632 0.1365 0.2112 0.1976 
     D237346  9 0.1529 0.0927 0.1463 0.0327 0.3136 0.1076 0.1247 0.0294 
     D237347  9 0.3743 0.0383 0.1534 0.1153 0.1315 0.0641 0.0609 0.0623 
     D237348  9 0.1085 0.0563 0.0463 0.0259 0.0583 0.1493 0.4305 0.1248 
     D237349  9 0.2486 0.0996 0.1734 0.1094 0.1864 0.0229 0.0809 0.0789 
     D244109  9 0.0405 0.0274 0.0527 0.0294 0.0795 0.0274 0.0850 0.6581 
     D244110  9 0.0595 0.0651 0.1263 0.0459 0.1382 0.0996 0.1164 0.3491 
     D244111  9 0.2833 0.0405 0.1548 0.0337 0.1173 0.0461 0.2601 0.0641 
     D244128  9 0.0571 0.0168 0.0455 0.0311 0.0574 0.2551 0.3132 0.2238 
     D244137  9 0.1653 0.0838 0.1867 0.3591 0.0644 0.0289 0.0525 0.0594 
     D244138  9 0.2453 0.0350 0.1349 0.0288 0.2269 0.0395 0.2436 0.0459 
        D580  9 0.0436 0.4030 0.0423 0.0152 0.1024 0.1324 0.1945 0.0666 
        D581  9 0.0297 0.0286 0.1142 0.0126 0.0399 0.0213 0.7327 0.0208 
        D582  9 0.0222 0.0300 0.0238 0.0153 0.0251 0.3431 0.3009 0.2396 
        D583  9 0.1894 0.0519 0.3562 0.0204 0.1297 0.0675 0.1235 0.0614 
        D584  9 0.1082 0.0516 0.0341 0.0224 0.1057 0.0462 0.5559 0.0759 
        D585  9 0.0332 0.0302 0.0497 0.0444 0.0965 0.2797 0.2926 0.1738 
        D586  9 0.3158 0.0204 0.1530 0.0458 0.2460 0.0513 0.1423 0.0255 
        D651  9 0.1039 0.1797 0.0235 0.0308 0.0562 0.5546 0.0225 0.0288 
        D652  9 0.2905 0.0455 0.2921 0.1058 0.1063 0.0226 0.0671 0.0701 
        D653  9 0.2042 0.0470 0.0706 0.0273 0.2843 0.2182 0.1033 0.0451 
        D654  9 0.1328 0.1102 0.0775 0.0538 0.2544 0.1186 0.0479 0.2047 
        D655  9 0.1549 0.0294 0.1071 0.0618 0.2158 0.2750 0.1033 0.0527 
        D656  9 0.0497 0.0391 0.0491 0.0279 0.1014 0.0277 0.0406 0.6644 
        D657  9 0.0932 0.0990 0.0816 0.0248 0.0978 0.0357 0.2352 0.3327 
        D667  9 0.1294 0.0103 0.0192 0.0188 0.0296 0.7344 0.0299 0.0285 
        D668  9 0.1267 0.1415 0.0420 0.0160 0.1307 0.3745 0.1427 0.0259 
        D669  9 0.0835 0.0608 0.1884 0.0229 0.0797 0.0296 0.5081 0.0271 
        D670  9 0.1775 0.0241 0.1154 0.0232 0.2244 0.3339 0.0307 0.0709 
        D671  9 0.1200 0.1183 0.1713 0.0754 0.2118 0.0194 0.2297 0.0542 
        D672  9 0.0826 0.1414 0.1177 0.0372 0.1170 0.2666 0.1784 0.0591 
        D673  9 0.1214 0.2752 0.0476 0.0250 0.0786 0.3889 0.0444 0.0188 
        D692  9 0.0640 0.0228 0.0901 0.0452 0.1161 0.0581 0.1127 0.4910 
        D693  9 0.0874 0.0846 0.0270 0.0232 0.0713 0.5285 0.1206 0.0572 
        D694  9 0.0591 0.0313 0.0463 0.0210 0.1058 0.0457 0.1929 0.4979 
        D695  9 0.0991 0.2152 0.0753 0.0786 0.1513 0.2420 0.0884 0.0501 
        D696  9 0.0731 0.0733 0.1994 0.3132 0.0429 0.0273 0.2413 0.0295 
        D697  9 0.2269 0.0466 0.0387 0.0280 0.0646 0.5460 0.0300 0.0191 
        D698  9 0.0841 0.0407 0.1044 0.0514 0.1387 0.1119 0.4394 0.0294 
        D699  9 0.1631 0.0541 0.0501 0.0164 0.0584 0.3288 0.3068 0.0223 
        D787  9 0.2095 0.0311 0.1872 0.1450 0.1365 0.1097 0.1090 0.0721 
        D788  9 0.1552 0.0251 0.0344 0.0173 0.0853 0.3681 0.2950 0.0197 
        D789  9 0.0969 0.0272 0.0483 0.0334 0.1385 0.1054 0.4103 0.1400 
        D790  9 0.1769 0.0712 0.0831 0.0265 0.1420 0.3983 0.0573 0.0448 
        D791  9 0.0844 0.0160 0.1349 0.0231 0.0607 0.0505 0.5736 0.0568 
        D792  9 0.1380 0.0617 0.1349 0.1226 0.1682 0.0908 0.0281 0.2557 
        D793  9 0.1696 0.0159 0.0445 0.0994 0.0503 0.5683 0.0214 0.0306 
        D794  9 0.1710 0.0530 0.1008 0.0804 0.1179 0.2607 0.0805 0.1356 
        D795  9 0.0546 0.0151 0.0381 0.0434 0.0793 0.2622 0.4342 0.0729 
        D796  9 0.1340 0.0146 0.0316 0.0147 0.0565 0.6684 0.0667 0.0136 
        D005 12 0.0285 0.0178 0.0301 0.0131 0.0433 0.0228 0.0361 0.8083 
        D035 12 0.2324 0.0163 0.0305 0.0210 0.0989 0.5669 0.0173 0.0167 
        D067 12 0.1838 0.0278 0.0911 0.0451 0.1727 0.3601 0.0855 0.0337 
        D134 12 0.1388 0.0157 0.1116 0.0438 0.4040 0.0626 0.0978 0.1259 
        D135 12 0.1703 0.0485 0.0772 0.0246 0.4600 0.0925 0.0926 0.0342 
        D136 12 0.1111 0.1480 0.0712 0.1962 0.2075 0.0837 0.0580 0.1243 
        D137 12 0.1642 0.0319 0.0686 0.0159 0.1193 0.3884 0.1900 0.0217 
        D138 12 0.2033 0.0889 0.1295 0.0669 0.1577 0.2468 0.0619 0.0450 
        D139 12 0.2147 0.0286 0.3054 0.0353 0.1626 0.0496 0.1370 0.0669 
        D140 12 0.2253 0.0352 0.0229 0.0256 0.1203 0.5021 0.0289 0.0397 
        D141 12 0.0281 0.3146 0.0197 0.0105 0.0563 0.3772 0.0535 0.1401 
        D150 12 0.2507 0.0217 0.0418 0.0274 0.2467 0.0204 0.2310 0.1603 
        D177 12 0.0957 0.0129 0.0865 0.0692 0.3690 0.0980 0.1133 0.1555 
        D178 12 0.1133 0.1742 0.0682 0.3506 0.1592 0.0237 0.0368 0.0738 
        D179 12 0.1087 0.0769 0.2261 0.0548 0.2968 0.0741 0.0585 0.1041 
        D180 12 0.0913 0.0209 0.0381 0.0200 0.0630 0.5888 0.0292 0.1487 
        D187 12 0.1987 0.0160 0.0545 0.0271 0.0519 0.5851 0.0478 0.0190 
        D188 12 0.0287 0.1090 0.0488 0.0166 0.0863 0.0748 0.0734 0.5622 
        D191 12 0.1093 0.3486 0.2220 0.0289 0.0780 0.1012 0.0677 0.0443 
        D418 12 0.0769 0.4522 0.1635 0.0159 0.0865 0.0945 0.0607 0.0498 
        D601 12 0.0268 0.0144 0.0265 0.0216 0.0555 0.2206 0.0898 0.5448 
        D836 12 0.0433 0.0205 0.0223 0.0130 0.0353 0.5382 0.1745 0.1528 
        D837 12 0.2993 0.0481 0.3351 0.1429 0.0540 0.0371 0.0637 0.0199 
        D838 12 0.2785 0.0156 0.0717 0.0342 0.0663 0.4845 0.0378 0.0113 
        D839 12 0.0956 0.0574 0.2170 0.0568 0.1715 0.0598 0.2570 0.0850 
        D840 12 0.3839 0.1097 0.2205 0.0402 0.0973 0.0691 0.0427 0.0365 
        D841 12 0.1690 0.0206 0.0515 0.0118 0.0696 0.6386 0.0229 0.0160 
        D842 12 0.2280 0.2208 0.1049 0.0184 0.0926 0.0224 0.1836 0.1292 
        D843 12 0.1063 0.0285 0.0957 0.0995 0.2116 0.2424 0.0832 0.1329 
        D844 12 0.1330 0.0823 0.5726 0.0569 0.0679 0.0146 0.0286 0.0441 
        D912 12 0.3875 0.1011 0.2715 0.1294 0.0374 0.0247 0.0299 0.0185 
        D913 12 0.2129 0.0181 0.2116 0.0504 0.2104 0.1328 0.1274 0.0363 
        D914 12 0.4897 0.0219 0.2735 0.0245 0.0955 0.0385 0.0281 0.0282 
        D922 12 0.1120 0.0263 0.0266 0.0218 0.0302 0.7413 0.0195 0.0225 
        D939 12 0.0366 0.0385 0.0350 0.0171 0.0520 0.4673 0.1664 0.1871 
        D944 12 0.1938 0.0800 0.1688 0.0356 0.3010 0.0750 0.1033 0.0426 
        D945 12 0.1025 0.0262 0.2105 0.0435 0.2288 0.2023 0.1054 0.0808 
        D985 12 0.0629 0.1183 0.0281 0.0379 0.1485 0.1312 0.1413 0.3319 
        D986 12 0.3562 0.0179 0.3018 0.0613 0.1098 0.0242 0.0664 0.0625 
        D987 12 0.3830 0.0605 0.3170 0.0625 0.0803 0.0229 0.0312 0.0425 
        D988 12 0.3024 0.0341 0.1135 0.0601 0.1670 0.0591 0.1258 0.1379 
        D996 12 0.4045 0.0257 0.1490 0.0406 0.1336 0.1476 0.0348 0.0642 
        D997 12 0.1095 0.0313 0.0594 0.0495 0.1050 0.3867 0.1255 0.1330 
        D998 12 0.0763 0.0179 0.0712 0.0514 0.4386 0.1298 0.1760 0.0388 
        D999 12 0.1179 0.1235 0.1810 0.0237 0.1315 0.0470 0.3515 0.0239 
