        D174  1 0.1077 0.2179 0.0330 0.0727 0.0938 0.1074 0.1496 0.1836 0.0342 
        D199  1 0.2542 0.0616 0.0673 0.0274 0.1680 0.1235 0.1618 0.0960 0.0402 
        D203  1 0.1280 0.0961 0.0528 0.0756 0.1475 0.2457 0.1590 0.0668 0.0286 
        D204  1 0.0463 0.6930 0.0219 0.0969 0.0250 0.0196 0.0364 0.0442 0.0168 
     D237366  1 0.0652 0.0193 0.0243 0.0812 0.0773 0.5820 0.0943 0.0290 0.0274 
     D237367  1 0.1415 0.0270 0.1752 0.0827 0.0738 0.2913 0.1098 0.0340 0.0647 
     D237368  1 0.1082 0.2160 0.0628 0.2163 0.0529 0.2135 0.0312 0.0632 0.0359 
     D244101  1 0.3310 0.0417 0.0147 0.0820 0.1623 0.0344 0.2802 0.0309 0.0227 
     D244102  1 0.1014 0.0548 0.1026 0.0557 0.2690 0.0445 0.2282 0.1130 0.0308 
     D244103  1 0.1552 0.0534 0.0460 0.0296 0.0778 0.4909 0.0744 0.0364 0.0361 
     D244104  1 0.0416 0.1982 0.0314 0.0402 0.0481 0.0340 0.0516 0.0127 0.5422 
     D244105  1 0.2343 0.0142 0.0242 0.2040 0.1647 0.1015 0.0449 0.0191 0.1933 
     D244106  1 0.0687 0.5958 0.0120 0.0206 0.0864 0.0194 0.1476 0.0367 0.0128 
     D244107  1 0.1450 0.0121 0.1800 0.0192 0.0486 0.4990 0.0238 0.0413 0.0310 
     D244108  1 0.0987 0.0652 0.0219 0.4379 0.0572 0.0215 0.0418 0.2280 0.0280 
     D244113  1 0.1404 0.0692 0.0365 0.0474 0.0738 0.0449 0.0995 0.4333 0.0551 
     D244114  1 0.1652 0.0266 0.0109 0.0252 0.3369 0.1132 0.2590 0.0208 0.0422 
     D244115  1 0.1400 0.5295 0.0243 0.0338 0.0839 0.0207 0.1110 0.0352 0.0216 
     D267365  1 0.0964 0.0585 0.0425 0.0384 0.2868 0.0737 0.3394 0.0335 0.0307 
        D404  1 0.0429 0.3395 0.0457 0.0199 0.0366 0.0209 0.0481 0.4245 0.0220 
        D405  1 0.0894 0.1365 0.0381 0.0169 0.1513 0.0456 0.1474 0.3229 0.0519 
        D406  1 0.0074 0.0070 0.0073 0.9409 0.0092 0.0074 0.0076 0.0075 0.0057 
        D407  1 0.0492 0.2210 0.0117 0.0246 0.0176 0.6176 0.0164 0.0202 0.0215 
        D408  1 0.0902 0.3268 0.0466 0.0197 0.0985 0.0684 0.1721 0.0917 0.0860 
        D409  1 0.2101 0.0561 0.0281 0.0557 0.1642 0.1983 0.1995 0.0409 0.0471 
        D410  1 0.2343 0.0359 0.0228 0.1214 0.1350 0.0425 0.0726 0.3139 0.0215 
        D421  1 0.0434 0.4965 0.0111 0.0133 0.0407 0.2786 0.0721 0.0095 0.0349 
        D422  1 0.1169 0.0397 0.0311 0.0723 0.0840 0.5705 0.0325 0.0412 0.0117 
        D423  1 0.1622 0.0206 0.0435 0.0510 0.0684 0.5316 0.0241 0.0734 0.0251 
        D424  1 0.1068 0.6962 0.0112 0.0199 0.0454 0.0421 0.0419 0.0163 0.0201 
        D425  1 0.2166 0.0449 0.0196 0.0306 0.2212 0.0490 0.2799 0.0400 0.0983 
        D426  1 0.2366 0.0283 0.0126 0.0142 0.1280 0.3772 0.1308 0.0151 0.0572 
        D427  1 0.0890 0.5269 0.0114 0.0074 0.0668 0.0742 0.1134 0.0192 0.0917 
        D428  1 0.0893 0.4796 0.0222 0.0624 0.0647 0.1158 0.0607 0.0734 0.0319 
        D429  1 0.0156 0.6424 0.0097 0.0133 0.1333 0.0098 0.1571 0.0108 0.0080 
        D430  1 0.1515 0.4180 0.0235 0.0128 0.1219 0.0464 0.1166 0.0489 0.0604 
        D491  1 0.0781 0.3986 0.0526 0.1989 0.0742 0.0412 0.0651 0.0337 0.0576 
        D492  1 0.0458 0.6268 0.0169 0.0837 0.0391 0.0842 0.0546 0.0327 0.0163 
        D537  1 0.1054 0.0568 0.0233 0.4515 0.0539 0.1818 0.0455 0.0479 0.0340 
        D538  1 0.1149 0.1281 0.1535 0.1720 0.0365 0.0975 0.0365 0.2383 0.0228 
        D539  1 0.1152 0.0887 0.0636 0.1321 0.2724 0.0155 0.1805 0.0900 0.0420 
        D540  1 0.2915 0.0258 0.0463 0.0159 0.1566 0.1655 0.0812 0.0849 0.1323 
        D541  1 0.0182 0.8674 0.0152 0.0198 0.0157 0.0247 0.0151 0.0116 0.0124 
        D551  1 0.4178 0.0178 0.0138 0.0240 0.1475 0.2195 0.1324 0.0128 0.0145 
        D552  1 0.0373 0.0393 0.0221 0.6777 0.0785 0.0164 0.0722 0.0132 0.0434 
        D553  1 0.0916 0.2470 0.0414 0.0210 0.1497 0.1759 0.1938 0.0142 0.0654 
        D615  1 0.0558 0.6134 0.0466 0.0330 0.0975 0.0224 0.0607 0.0380 0.0326 
        D616  1 0.1746 0.3842 0.0406 0.0492 0.1222 0.0987 0.0548 0.0434 0.0323 
        D621  1 0.0198 0.0192 0.0183 0.8205 0.0192 0.0160 0.0268 0.0332 0.0270 
        D622  1 0.0227 0.0135 0.0159 0.8524 0.0195 0.0174 0.0229 0.0135 0.0224 
        D623  1 0.0762 0.0503 0.0197 0.0416 0.0466 0.0205 0.0322 0.6955 0.0174 
        D624  1 0.1650 0.5120 0.0202 0.0183 0.0528 0.0280 0.0687 0.0616 0.0734 
        D625  1 0.0469 0.5933 0.1101 0.1253 0.0311 0.0284 0.0312 0.0226 0.0111 
        D626  1 0.0404 0.0625 0.0523 0.0255 0.0538 0.0609 0.0328 0.0142 0.6576 
        D627  1 0.1954 0.0851 0.0406 0.0528 0.1029 0.3799 0.1046 0.0147 0.0240 
        D690  1 0.0154 0.8923 0.0205 0.0131 0.0116 0.0101 0.0168 0.0098 0.0104 
        D691  1 0.0150 0.0169 0.0146 0.8735 0.0162 0.0192 0.0176 0.0104 0.0165 
        D710  1 0.1709 0.1464 0.0929 0.0464 0.0944 0.1948 0.1241 0.0428 0.0873 
        D711  1 0.0210 0.8298 0.0190 0.0223 0.0229 0.0179 0.0353 0.0240 0.0079 
        D712  1 0.1257 0.0339 0.0582 0.1302 0.1427 0.1363 0.1402 0.0922 0.1407 
        D713  1 0.1774 0.0776 0.0192 0.2990 0.0654 0.1540 0.0937 0.0940 0.0197 
        D746  1 0.0169 0.0430 0.0132 0.8146 0.0160 0.0381 0.0248 0.0105 0.0228 
        D747  1 0.0172 0.8773 0.0130 0.0120 0.0227 0.0141 0.0177 0.0146 0.0114 
        D748  1 0.0170 0.0373 0.0119 0.8486 0.0156 0.0189 0.0205 0.0125 0.0177 
        D749  1 0.3501 0.0417 0.0226 0.1819 0.1560 0.0722 0.0702 0.0788 0.0265 
        D750  1 0.0152 0.8930 0.0095 0.0100 0.0206 0.0093 0.0168 0.0121 0.0136 
        D763  1 0.1158 0.0181 0.0513 0.1433 0.2188 0.0601 0.1464 0.0297 0.2165 
        D764  1 0.0110 0.9267 0.0072 0.0098 0.0082 0.0083 0.0110 0.0080 0.0099 
        D765  1 0.2409 0.0177 0.0315 0.0640 0.2844 0.0689 0.1012 0.1318 0.0595 
        D766  1 0.0226 0.0160 0.0180 0.8388 0.0170 0.0325 0.0139 0.0126 0.0286 
        D767  1 0.1236 0.0754 0.2415 0.1243 0.0755 0.1450 0.0833 0.0983 0.0331 
        D768  1 0.1586 0.1109 0.0178 0.0841 0.1263 0.2961 0.1410 0.0209 0.0443 
        D811  1 0.0989 0.0257 0.0522 0.0222 0.0584 0.0158 0.0496 0.1093 0.5680 
        D816  1 0.0252 0.4595 0.0097 0.0125 0.1631 0.0337 0.2776 0.0105 0.0082 
        D825  1 0.1097 0.2211 0.1058 0.0627 0.1602 0.0278 0.2325 0.0452 0.0351 
        D866  1 0.0934 0.0581 0.0896 0.0227 0.1430 0.0230 0.1576 0.3221 0.0906 
        D867  1 0.0982 0.0148 0.0160 0.0535 0.0502 0.6923 0.0288 0.0257 0.0205 
        D871  1 0.1954 0.2631 0.0490 0.0635 0.0637 0.2114 0.0861 0.0460 0.0218 
        D872  1 0.0283 0.0174 0.0458 0.7940 0.0162 0.0206 0.0196 0.0347 0.0235 
        D873  1 0.0272 0.0122 0.0263 0.0101 0.0295 0.0189 0.0161 0.8505 0.0092 
        D874  1 0.1162 0.2047 0.0116 0.0559 0.1517 0.0183 0.3799 0.0342 0.0276 
        D875  1 0.0901 0.0393 0.0218 0.4919 0.0518 0.1922 0.0649 0.0364 0.0117 
        D876  1 0.0404 0.0420 0.0226 0.7557 0.0358 0.0163 0.0369 0.0139 0.0365 
        D877  1 0.1302 0.2286 0.0228 0.0199 0.0518 0.0155 0.0626 0.4490 0.0196 
        D892  1 0.0323 0.0565 0.0196 0.7387 0.0250 0.0499 0.0526 0.0114 0.0139 
        D893  1 0.1635 0.0448 0.0490 0.1360 0.1643 0.1084 0.2351 0.0503 0.0486 
        D894  1 0.0133 0.9149 0.0099 0.0074 0.0125 0.0092 0.0156 0.0102 0.0071 
        D915  1 0.0771 0.0308 0.0534 0.3618 0.0929 0.1436 0.1667 0.0436 0.0301 
        D916  1 0.0071 0.9391 0.0094 0.0090 0.0072 0.0061 0.0095 0.0054 0.0072 
        D917  1 0.1460 0.0534 0.3175 0.0164 0.0743 0.1601 0.0599 0.1385 0.0339 
        D925  1 0.1590 0.1110 0.1242 0.0769 0.1616 0.0517 0.1180 0.1576 0.0400 
        D926  1 0.0564 0.2986 0.0421 0.0269 0.2245 0.0402 0.2853 0.0109 0.0151 
        D927  1 0.1132 0.0402 0.0314 0.0354 0.3516 0.1016 0.2880 0.0206 0.0181 
        D928  1 0.0579 0.6695 0.0142 0.0495 0.0402 0.0366 0.0549 0.0371 0.0401 
        D929  1 0.0735 0.0399 0.4699 0.0501 0.0649 0.1301 0.0663 0.0837 0.0216 
        D936  1 0.0259 0.2859 0.0209 0.0178 0.2673 0.0220 0.3373 0.0123 0.0105 
        D938  1 0.0107 0.0076 0.0082 0.9204 0.0098 0.0110 0.0095 0.0072 0.0156 
        D956  1 0.0248 0.8653 0.0126 0.0082 0.0189 0.0095 0.0159 0.0346 0.0102 
        D957  1 0.0290 0.0195 0.0428 0.7727 0.0277 0.0201 0.0246 0.0491 0.0146 
        D958  1 0.0079 0.0146 0.0077 0.9258 0.0085 0.0092 0.0082 0.0068 0.0113 
        D959  1 0.0207 0.1247 0.0075 0.0120 0.0190 0.7741 0.0137 0.0130 0.0154 
        D960  1 0.0531 0.0238 0.0113 0.6106 0.0335 0.0441 0.0298 0.1859 0.0078 
        D989  1 0.1555 0.1332 0.0139 0.0450 0.1921 0.0641 0.2083 0.0241 0.1637 
        D990  1 0.3294 0.0154 0.1212 0.0391 0.1023 0.0271 0.1387 0.2037 0.0232 
        D211  3 0.0222 0.0164 0.8538 0.0122 0.0150 0.0318 0.0160 0.0094 0.0233 
     D229639  3 0.2045 0.0561 0.1529 0.0151 0.1524 0.0186 0.1628 0.0342 0.2034 
     D237212  3 0.1082 0.1367 0.2700 0.0159 0.0933 0.0706 0.0873 0.1264 0.0918 
     D237213  3 0.0942 0.0101 0.2831 0.0329 0.0698 0.0411 0.0496 0.2165 0.2027 
     D237214  3 0.0134 0.0128 0.0122 0.0149 0.0098 0.9033 0.0134 0.0128 0.0074 
     D237215  3 0.0232 0.0099 0.0125 0.0075 0.0547 0.0128 0.0335 0.8051 0.0408 
     D237216  3 0.4328 0.0224 0.0515 0.0176 0.1482 0.0845 0.1025 0.0661 0.0746 
     D237217  3 0.1939 0.0094 0.4126 0.0403 0.1105 0.1312 0.0365 0.0128 0.0527 
     D237218  3 0.0771 0.0225 0.0353 0.0403 0.3214 0.0188 0.4386 0.0119 0.0342 
     D237219  3 0.0400 0.0105 0.1217 0.0377 0.0307 0.0143 0.0460 0.0146 0.6844 
     D237382  3 0.0629 0.0522 0.0448 0.1819 0.0359 0.0391 0.0349 0.4958 0.0526 
     D244127  3 0.1240 0.0092 0.0541 0.0245 0.0878 0.0364 0.0546 0.5181 0.0912 
     D244129  3 0.1143 0.1175 0.2346 0.0917 0.0605 0.1418 0.0567 0.0972 0.0857 
     D244133  3 0.0338 0.0320 0.0154 0.0222 0.0317 0.0195 0.0201 0.0262 0.7992 
     D244134  3 0.0314 0.0125 0.1570 0.0436 0.0352 0.0174 0.0398 0.0155 0.6476 
     D244135  3 0.0771 0.0145 0.1226 0.0185 0.0261 0.6735 0.0299 0.0168 0.0210 
     D244136  3 0.0858 0.0892 0.0220 0.0521 0.0610 0.0750 0.0493 0.1398 0.4258 
        D416  3 0.1667 0.0204 0.0498 0.0112 0.1514 0.1000 0.0984 0.0570 0.3452 
        D417  3 0.0974 0.2041 0.0279 0.2038 0.1993 0.0262 0.1804 0.0170 0.0440 
        D419  3 0.0840 0.0268 0.1214 0.1145 0.0659 0.0258 0.1188 0.0320 0.4110 
        D565  3 0.0867 0.2962 0.0258 0.0469 0.1129 0.0247 0.1448 0.1001 0.1618 
        D566  3 0.1635 0.2838 0.0387 0.0138 0.1181 0.0305 0.1333 0.1199 0.0984 
        D567  3 0.0926 0.1898 0.1569 0.0743 0.1348 0.0862 0.1377 0.0238 0.1039 
        D568  3 0.0898 0.0181 0.1828 0.1970 0.1935 0.0302 0.1045 0.0124 0.1717 
        D569  3 0.0698 0.0199 0.1014 0.0130 0.0538 0.1405 0.0425 0.5413 0.0176 
        D573  3 0.2443 0.2059 0.0807 0.0120 0.1657 0.0315 0.1236 0.0285 0.1078 
        D574  3 0.1472 0.0691 0.0509 0.0607 0.1296 0.1014 0.2946 0.0844 0.0620 
        D575  3 0.0122 0.0059 0.0731 0.0142 0.0134 0.0134 0.0143 0.0113 0.8422 
        D576  3 0.0649 0.0078 0.0245 0.0056 0.0420 0.0262 0.0250 0.6165 0.1874 
        D577  3 0.0731 0.0858 0.2306 0.2098 0.0714 0.1469 0.0756 0.0278 0.0790 
        D578  3 0.0121 0.0068 0.0117 0.0139 0.0115 0.9066 0.0132 0.0128 0.0114 
        D579  3 0.0658 0.4978 0.0342 0.0273 0.0863 0.0311 0.1242 0.0513 0.0819 
        D660  3 0.0911 0.0155 0.1027 0.0212 0.0564 0.1297 0.1127 0.4024 0.0683 
        D661  3 0.0228 0.0103 0.0148 0.0131 0.5366 0.0091 0.3738 0.0076 0.0119 
        D663  3 0.3248 0.0151 0.0747 0.0117 0.2127 0.0364 0.2361 0.0649 0.0236 
        D664  3 0.0748 0.0123 0.1417 0.0589 0.1121 0.1024 0.1525 0.1652 0.1801 
        D665  3 0.0418 0.0106 0.6965 0.0120 0.0242 0.0265 0.0265 0.1038 0.0581 
        D666  3 0.0175 0.0167 0.0164 0.0171 0.0170 0.0162 0.0232 0.0175 0.8583 
        D502  6 0.1485 0.0118 0.3380 0.0104 0.0475 0.0355 0.0229 0.3398 0.0456 
        D503  6 0.2235 0.0375 0.0471 0.0445 0.2548 0.0340 0.2119 0.0972 0.0496 
        D504  6 0.1594 0.1967 0.0177 0.0491 0.1859 0.0451 0.2892 0.0349 0.0221 
        D505  6 0.1295 0.0969 0.0700 0.0156 0.1286 0.1619 0.1515 0.2001 0.0460 
        D506  6 0.0256 0.8208 0.0104 0.0086 0.0194 0.0450 0.0277 0.0212 0.0211 
        D507  6 0.3082 0.0370 0.0499 0.0278 0.1647 0.0404 0.1175 0.2059 0.0486 
        D508  6 0.1181 0.0283 0.1365 0.0113 0.1822 0.0284 0.2067 0.2660 0.0226 
        D529  6 0.1348 0.0612 0.0564 0.0294 0.0651 0.5050 0.0799 0.0258 0.0424 
        D530  6 0.0372 0.0124 0.0632 0.0201 0.0184 0.0412 0.0128 0.7706 0.0241 
        D531  6 0.1541 0.2800 0.0498 0.0257 0.1440 0.0392 0.1604 0.0774 0.0694 
        D532  6 0.1167 0.0534 0.0147 0.0164 0.0783 0.1345 0.0514 0.5009 0.0338 
        D534  6 0.1208 0.0274 0.0722 0.3274 0.1646 0.0944 0.1294 0.0455 0.0183 
        D535  6 0.2279 0.1043 0.0497 0.0290 0.1333 0.1425 0.1657 0.0612 0.0865 
        D536  6 0.0981 0.0235 0.0218 0.0109 0.1127 0.1503 0.0452 0.5193 0.0182 
        D554  6 0.1785 0.1943 0.0438 0.0500 0.0756 0.1220 0.0745 0.2213 0.0402 
        D587  6 0.1332 0.2733 0.0296 0.0957 0.1186 0.0546 0.1612 0.0820 0.0518 
        D588  6 0.4826 0.0358 0.0214 0.0084 0.1857 0.0556 0.1376 0.0462 0.0266 
        D589  6 0.1851 0.0247 0.0861 0.0209 0.1961 0.0278 0.2701 0.1586 0.0306 
        D590  6 0.2027 0.2552 0.0150 0.0175 0.1044 0.1668 0.0563 0.1681 0.0140 
        D591  6 0.2139 0.0608 0.0551 0.0660 0.0857 0.0431 0.1474 0.0292 0.2987 
        D592  6 0.1170 0.0983 0.0871 0.4448 0.0591 0.0446 0.0616 0.0544 0.0330 
        D593  6 0.0209 0.0065 0.1009 0.0105 0.0125 0.0094 0.0138 0.8043 0.0212 
        D682  6 0.0356 0.8209 0.0098 0.0148 0.0324 0.0166 0.0246 0.0198 0.0255 
        D683  6 0.1450 0.2538 0.2695 0.0356 0.0932 0.0562 0.0959 0.0313 0.0195 
        D684  6 0.1971 0.0408 0.2393 0.0207 0.1457 0.0598 0.2198 0.0549 0.0218 
        D685  6 0.3677 0.0206 0.1147 0.0186 0.1354 0.0466 0.0868 0.1631 0.0465 
        D686  6 0.0336 0.0222 0.0070 0.0143 0.0323 0.0427 0.0201 0.8144 0.0134 
        D724  6 0.0928 0.0302 0.2134 0.0223 0.3130 0.0329 0.2277 0.0469 0.0207 
        D725  6 0.1566 0.0112 0.1248 0.1189 0.0709 0.0762 0.0979 0.2513 0.0921 
        D726  6 0.0536 0.6627 0.0152 0.0508 0.0507 0.0309 0.0771 0.0220 0.0370 
        D727  6 0.1597 0.0713 0.0176 0.0075 0.0760 0.5238 0.0521 0.0497 0.0422 
        D728  6 0.2090 0.1450 0.0574 0.0492 0.0800 0.0261 0.0658 0.2047 0.1628 
        D729  6 0.0717 0.0593 0.0255 0.0112 0.0476 0.6116 0.0380 0.1228 0.0124 
        D730  6 0.0757 0.0338 0.0593 0.0238 0.4235 0.0277 0.2797 0.0507 0.0259 
        D731  6 0.0789 0.1003 0.0334 0.0160 0.1246 0.0364 0.0907 0.3027 0.2171 
        D732  6 0.1072 0.0303 0.4180 0.0394 0.1108 0.0681 0.1205 0.0663 0.0395 
        D733  6 0.0618 0.0243 0.1266 0.2681 0.1853 0.0365 0.1468 0.0899 0.0607 
     D237251  7 0.0600 0.0111 0.0154 0.0086 0.4811 0.0182 0.3179 0.0194 0.0682 
     D237252  7 0.0922 0.0182 0.2392 0.0653 0.2219 0.0375 0.0836 0.1431 0.0989 
     D237253  7 0.2256 0.0792 0.0182 0.0158 0.2852 0.0642 0.1460 0.0846 0.0811 
     D237254  7 0.0130 0.0066 0.0103 0.0167 0.0098 0.9134 0.0119 0.0096 0.0087 
     D237255  7 0.1847 0.0360 0.0266 0.0251 0.2138 0.0847 0.1083 0.1258 0.1950 
     D237256  7 0.3582 0.0154 0.0459 0.0082 0.2046 0.0193 0.1226 0.1197 0.1060 
     D237257  7 0.2411 0.0277 0.0655 0.0159 0.1064 0.3667 0.0816 0.0656 0.0295 
     D237282  7 0.1447 0.0746 0.0371 0.2010 0.1176 0.2437 0.0767 0.0608 0.0438 
     D237283  7 0.0243 0.0080 0.8288 0.0120 0.0240 0.0092 0.0157 0.0389 0.0391 
     D237284  7 0.0897 0.0473 0.0415 0.0282 0.0638 0.6275 0.0610 0.0173 0.0238 
     D237285  7 0.0749 0.0161 0.1298 0.0274 0.0581 0.0854 0.0519 0.5318 0.0247 
     D237286  7 0.2470 0.1420 0.0223 0.0347 0.1558 0.0729 0.1811 0.0976 0.0467 
     D237287  7 0.1723 0.0395 0.0570 0.0178 0.0981 0.0527 0.0499 0.0237 0.4890 
     D244006  7 0.0183 0.0090 0.0119 0.0130 0.0168 0.8923 0.0159 0.0149 0.0079 
     D244007  7 0.1065 0.0310 0.0120 0.1578 0.1015 0.3452 0.1826 0.0395 0.0239 
     D244008  7 0.0171 0.0126 0.8126 0.0228 0.0143 0.0129 0.0133 0.0253 0.0691 
     D244009  7 0.0526 0.0317 0.0771 0.5755 0.1167 0.0173 0.0827 0.0194 0.0273 
     D244010  7 0.0668 0.0333 0.6455 0.0099 0.0433 0.0540 0.0481 0.0671 0.0321 
     D244011  7 0.1479 0.0218 0.0728 0.0223 0.2469 0.0303 0.3805 0.0590 0.0185 
     D244012  7 0.1022 0.0444 0.4878 0.0079 0.0521 0.0350 0.0473 0.1834 0.0400 
     D244013  7 0.0523 0.0384 0.0735 0.0279 0.2086 0.0209 0.4195 0.1308 0.0281 
     D244014  7 0.1407 0.0125 0.0816 0.0464 0.1535 0.0259 0.2320 0.1188 0.1887 
     D244015  7 0.2326 0.0263 0.0864 0.0965 0.0616 0.0829 0.0429 0.1159 0.2549 
     D244125  7 0.1603 0.1062 0.0267 0.0488 0.1541 0.0230 0.0962 0.2273 0.1575 
     D244126  7 0.0149 0.0115 0.9082 0.0128 0.0101 0.0074 0.0115 0.0136 0.0100 
     D244130  7 0.1044 0.0143 0.0581 0.0142 0.0779 0.0267 0.0485 0.6406 0.0154 
     D244131  7 0.0441 0.1658 0.0426 0.0848 0.1696 0.0405 0.4059 0.0344 0.0123 
     D244132  7 0.2039 0.0391 0.0236 0.1860 0.1871 0.0133 0.1600 0.0424 0.1446 
        D520  7 0.1597 0.0265 0.4065 0.0305 0.0697 0.0615 0.0407 0.1537 0.0513 
        D521  7 0.0676 0.0251 0.1067 0.0433 0.0938 0.0293 0.1432 0.4658 0.0252 
        D522  7 0.0404 0.0231 0.0125 0.7121 0.0626 0.0161 0.0864 0.0119 0.0348 
        D523  7 0.0602 0.0184 0.0138 0.0186 0.4900 0.0212 0.3382 0.0146 0.0252 
        D524  7 0.1120 0.0258 0.0498 0.0306 0.4089 0.0385 0.2454 0.0352 0.0538 
        D525  7 0.2021 0.1384 0.0903 0.0743 0.0786 0.0661 0.1349 0.1968 0.0186 
        D526  7 0.0354 0.0232 0.0556 0.0473 0.0346 0.7227 0.0202 0.0174 0.0435 
        D527  7 0.0501 0.0832 0.0269 0.0122 0.3805 0.0123 0.3820 0.0129 0.0400 
        D528  7 0.8520 0.0087 0.0257 0.0079 0.0608 0.0145 0.0118 0.0090 0.0095 
        D558  7 0.0748 0.0335 0.0822 0.1337 0.0487 0.0915 0.0713 0.4456 0.0187 
        D559  7 0.0591 0.0210 0.0589 0.0212 0.3501 0.0220 0.3102 0.1417 0.0157 
        D640  7 0.1540 0.0225 0.0388 0.0238 0.1940 0.0189 0.1866 0.0813 0.2801 
        D641  7 0.0905 0.0133 0.1467 0.0206 0.0771 0.0355 0.1704 0.1953 0.2507 
        D642  7 0.0858 0.0243 0.0351 0.1189 0.0472 0.0998 0.0389 0.5357 0.0144 
        D644  7 0.1181 0.0370 0.3191 0.0410 0.1470 0.0693 0.1066 0.1030 0.0589 
        D645  7 0.0991 0.0389 0.0358 0.0236 0.2394 0.0193 0.1432 0.0220 0.3787 
        D662  7 0.2099 0.1192 0.0130 0.1797 0.1390 0.0331 0.1493 0.0960 0.0608 
        D687  7 0.0979 0.0544 0.0444 0.0439 0.2852 0.0116 0.3935 0.0347 0.0344 
        D688  7 0.1298 0.0243 0.1801 0.0124 0.0954 0.3046 0.0705 0.1676 0.0152 
        D689  7 0.0150 0.0214 0.0166 0.0138 0.0253 0.0080 0.0159 0.0119 0.8721 
        D700  7 0.8152 0.0099 0.0093 0.0085 0.1053 0.0197 0.0117 0.0121 0.0084 
        D797  7 0.1082 0.1428 0.0390 0.0899 0.2384 0.0272 0.2779 0.0195 0.0570 
        D798  7 0.2300 0.0142 0.0570 0.0221 0.1345 0.0159 0.0616 0.1508 0.3138 
        D799  7 0.0739 0.0189 0.0763 0.0084 0.4190 0.0160 0.3270 0.0282 0.0325 
        D800  7 0.0741 0.2239 0.0140 0.0250 0.3030 0.0259 0.2840 0.0167 0.0337 
        D201  9 0.0266 0.0145 0.0184 0.0320 0.4708 0.0359 0.3747 0.0120 0.0152 
        D202  9 0.0402 0.0163 0.1022 0.0064 0.0603 0.0094 0.0395 0.7101 0.0157 
     D237259  9 0.6877 0.0155 0.0288 0.0100 0.0659 0.0240 0.0295 0.0580 0.0806 
     D237260  9 0.2596 0.0298 0.0750 0.0080 0.2477 0.0791 0.0979 0.1759 0.0270 
     D237262  9 0.0601 0.0259 0.7219 0.0309 0.0241 0.0685 0.0192 0.0382 0.0113 
     D237263  9 0.0752 0.0557 0.3109 0.0204 0.2465 0.0480 0.2088 0.0229 0.0117 
     D237264  9 0.2069 0.0704 0.0878 0.0401 0.1558 0.0818 0.1470 0.1840 0.0261 
     D237265  9 0.1203 0.0259 0.1568 0.0174 0.1702 0.0162 0.1020 0.3743 0.0168 
     D237266  9 0.1141 0.0258 0.0706 0.0119 0.0755 0.0639 0.0512 0.3280 0.2591 
     D237267  9 0.2905 0.0482 0.1328 0.0089 0.0477 0.1003 0.0192 0.2726 0.0799 
     D237268  9 0.0259 0.0219 0.8408 0.0163 0.0260 0.0143 0.0184 0.0227 0.0139 
     D237289  9 0.0896 0.0445 0.1534 0.0319 0.1743 0.0202 0.1064 0.3178 0.0619 
     D237290  9 0.0743 0.0208 0.2165 0.0129 0.1587 0.0164 0.0915 0.3138 0.0950 
     D237291  9 0.1707 0.0125 0.0101 0.0100 0.3996 0.0425 0.1942 0.1339 0.0265 
     D237292  9 0.2734 0.0220 0.0584 0.0257 0.1580 0.1563 0.1029 0.1937 0.0095 
     D237293  9 0.0562 0.0173 0.1471 0.0251 0.0398 0.0198 0.0312 0.4510 0.2125 
     D237294  9 0.1577 0.0355 0.0363 0.0505 0.3982 0.0670 0.2100 0.0279 0.0170 
     D237295  9 0.0920 0.3129 0.1742 0.0670 0.0605 0.0615 0.0944 0.0631 0.0744 
     D237296  9 0.3086 0.0504 0.0213 0.0631 0.1904 0.0956 0.0936 0.0980 0.0792 
     D237297  9 0.1815 0.0384 0.0737 0.0176 0.1081 0.0587 0.1766 0.2971 0.0485 
     D237298  9 0.0693 0.0323 0.1471 0.0558 0.2637 0.0244 0.3040 0.0211 0.0822 
     D237341  9 0.1878 0.0646 0.0421 0.0623 0.1544 0.0420 0.1831 0.2018 0.0619 
     D237342  9 0.0396 0.0345 0.8068 0.0088 0.0222 0.0131 0.0249 0.0398 0.0104 
     D237343  9 0.2592 0.0431 0.0646 0.0378 0.2170 0.0969 0.1160 0.1208 0.0446 
     D237344  9 0.0910 0.0256 0.0441 0.0210 0.0641 0.0518 0.1396 0.4507 0.1121 
     D237345  9 0.0946 0.0166 0.4467 0.2091 0.0613 0.0589 0.0545 0.0406 0.0177 
     D237346  9 0.2982 0.0336 0.0620 0.0741 0.1584 0.0218 0.0776 0.1894 0.0848 
     D237347  9 0.1546 0.0646 0.0430 0.0320 0.1714 0.0594 0.3489 0.0906 0.0355 
     D237348  9 0.0508 0.0178 0.2249 0.0390 0.0359 0.0331 0.0621 0.4746 0.0618 
     D237349  9 0.1460 0.0674 0.0143 0.0794 0.1853 0.0638 0.2760 0.1289 0.0389 
     D244109  9 0.0728 0.0217 0.0359 0.0173 0.0856 0.6059 0.0376 0.1057 0.0173 
     D244110  9 0.1437 0.0330 0.0548 0.0310 0.1534 0.3487 0.0671 0.0958 0.0724 
     D244111  9 0.0637 0.0270 0.0628 0.0280 0.0956 0.0297 0.1964 0.4448 0.0521 
     D244128  9 0.0364 0.0229 0.8167 0.0107 0.0294 0.0174 0.0312 0.0239 0.0113 
     D244137  9 0.0769 0.2780 0.0297 0.1070 0.1278 0.0531 0.2667 0.0399 0.0208 
     D244138  9 0.2474 0.0210 0.0915 0.0401 0.1633 0.0237 0.2193 0.1755 0.0182 
        D580  9 0.0717 0.0136 0.2327 0.3644 0.0593 0.0467 0.0352 0.1301 0.0464 
        D581  9 0.0435 0.0111 0.1457 0.0216 0.1510 0.0161 0.1116 0.4842 0.0152 
        D582  9 0.0110 0.0095 0.9008 0.0155 0.0122 0.0172 0.0141 0.0100 0.0096 
        D583  9 0.1075 0.0149 0.0366 0.0219 0.3979 0.0444 0.2210 0.0981 0.0577 
        D584  9 0.0556 0.0202 0.0509 0.0317 0.0232 0.0264 0.0701 0.6898 0.0321 
        D585  9 0.0598 0.0258 0.7810 0.0174 0.0268 0.0194 0.0316 0.0179 0.0201 
        D586  9 0.1228 0.0300 0.0154 0.0127 0.2251 0.0187 0.5169 0.0331 0.0253 
        D651  9 0.0304 0.0258 0.0569 0.1522 0.0367 0.0289 0.0207 0.0134 0.6350 
        D652  9 0.1229 0.1625 0.0263 0.0423 0.1655 0.0509 0.3202 0.0952 0.0142 
        D653  9 0.2699 0.0231 0.1033 0.0398 0.0795 0.0335 0.1959 0.0634 0.1915 
        D654  9 0.2825 0.0407 0.0659 0.0799 0.1041 0.1205 0.0987 0.1198 0.0879 
        D655  9 0.1799 0.0679 0.0469 0.0212 0.0959 0.0378 0.0889 0.1151 0.3463 
        D656  9 0.0584 0.0212 0.0427 0.0173 0.0206 0.7803 0.0145 0.0288 0.0161 
        D657  9 0.0921 0.0157 0.0465 0.0878 0.0964 0.2370 0.0627 0.3230 0.0388 
        D667  9 0.0171 0.0119 0.0201 0.0085 0.0119 0.0234 0.0121 0.0233 0.8718 
        D668  9 0.1168 0.0125 0.1467 0.0958 0.0402 0.0167 0.0542 0.0640 0.4531 
        D669  9 0.1042 0.0142 0.1019 0.0426 0.3060 0.0183 0.2251 0.1505 0.0372 
        D670  9 0.1884 0.0171 0.0198 0.0182 0.1202 0.0936 0.0606 0.0256 0.4565 
        D671  9 0.1385 0.0425 0.0434 0.0758 0.2111 0.0488 0.2379 0.1848 0.0172 
        D672  9 0.1027 0.0406 0.4014 0.0968 0.1588 0.0200 0.0645 0.0382 0.0770 
        D673  9 0.0678 0.0201 0.0890 0.1490 0.0447 0.0129 0.0377 0.0349 0.5440 
        D692  9 0.1029 0.0343 0.1741 0.0198 0.0521 0.5110 0.0217 0.0580 0.0261 
        D693  9 0.0304 0.0191 0.0645 0.0533 0.0257 0.0406 0.0252 0.0734 0.6678 
        D694  9 0.1465 0.0201 0.2043 0.0314 0.0549 0.3524 0.0473 0.1298 0.0133 
        D695  9 0.1324 0.0577 0.2433 0.1566 0.0877 0.0386 0.0546 0.0409 0.1882 
        D696  9 0.0310 0.2883 0.0229 0.0604 0.0683 0.0140 0.0912 0.3929 0.0310 
        D697  9 0.0190 0.0126 0.0123 0.0304 0.0182 0.0117 0.0274 0.0148 0.8537 
        D698  9 0.1321 0.0366 0.0559 0.0394 0.0489 0.0218 0.0372 0.5261 0.1019 
        D699  9 0.0475 0.0153 0.0585 0.0269 0.0524 0.0143 0.0269 0.3617 0.3966 
        D787  9 0.1152 0.0852 0.0580 0.0198 0.1803 0.0537 0.1595 0.2083 0.1199 
        D788  9 0.0601 0.0157 0.0908 0.0181 0.0426 0.0143 0.0244 0.2927 0.4413 
        D789  9 0.0999 0.0343 0.2726 0.0212 0.0933 0.1008 0.0978 0.2269 0.0531 
        D790  9 0.0663 0.0152 0.0205 0.0239 0.0682 0.0293 0.0569 0.0428 0.6767 
        D791  9 0.0472 0.0265 0.2556 0.0106 0.1444 0.0341 0.0853 0.3787 0.0176 
        D792  9 0.0874 0.0796 0.0164 0.0332 0.1273 0.3733 0.1305 0.0420 0.1104 
        D793  9 0.0195 0.0421 0.0112 0.0121 0.0398 0.0133 0.0233 0.0113 0.8276 
        D794  9 0.1017 0.0613 0.0452 0.0453 0.0983 0.1255 0.1283 0.0615 0.3330 
        D795  9 0.0288 0.0340 0.7155 0.0127 0.0287 0.0126 0.0207 0.1281 0.0189 
        D796  9 0.0209 0.0089 0.0728 0.0097 0.0194 0.0092 0.0159 0.0333 0.8099 
        D005 12 0.0629 0.0108 0.0283 0.0104 0.0220 0.7548 0.0443 0.0539 0.0126 
        D035 12 0.0161 0.0124 0.0084 0.0085 0.0133 0.0083 0.0144 0.0075 0.9110 
        D067 12 0.1083 0.0388 0.0810 0.0202 0.0833 0.0272 0.0675 0.0507 0.5230 
        D134 12 0.3829 0.0296 0.1123 0.0135 0.1578 0.0512 0.1491 0.0672 0.0364 
        D135 12 0.4713 0.0195 0.0557 0.0278 0.1845 0.0307 0.0567 0.1178 0.0360 
        D136 12 0.2048 0.2066 0.0500 0.1502 0.0871 0.1138 0.0477 0.0492 0.0905 
        D137 12 0.1058 0.0139 0.0674 0.0252 0.1277 0.0119 0.0536 0.0495 0.5452 
        D138 12 0.1859 0.0495 0.0272 0.0652 0.1989 0.0605 0.1509 0.0463 0.2157 
        D139 12 0.1228 0.0351 0.1214 0.0236 0.2214 0.0521 0.2510 0.1462 0.0263 
        D140 12 0.0262 0.0184 0.0130 0.0242 0.0122 0.0187 0.0184 0.0217 0.8472 
        D141 12 0.0323 0.0076 0.4130 0.2813 0.0365 0.0427 0.0135 0.0162 0.1568 
        D150 12 0.0904 0.0232 0.0203 0.0127 0.0558 0.0260 0.0348 0.7250 0.0120 
        D177 12 0.3496 0.0373 0.0911 0.0081 0.1306 0.1259 0.1239 0.0485 0.0851 
        D178 12 0.1781 0.2683 0.0206 0.2014 0.0829 0.0767 0.0981 0.0518 0.0219 
        D179 12 0.3043 0.0326 0.0298 0.0612 0.1980 0.0752 0.1725 0.0252 0.1012 
        D180 12 0.0763 0.0175 0.2792 0.0235 0.0662 0.0817 0.0292 0.0115 0.4149 
        D187 12 0.0238 0.0167 0.0339 0.0124 0.0406 0.0124 0.0382 0.0145 0.8076 
        D188 12 0.0612 0.0109 0.2251 0.0619 0.0359 0.5422 0.0246 0.0221 0.0161 
        D191 12 0.0662 0.0150 0.0256 0.1822 0.3156 0.0543 0.1933 0.0402 0.1077 
        D418 12 0.0927 0.0122 0.0642 0.3088 0.2255 0.0470 0.1135 0.0326 0.1034 
        D601 12 0.0457 0.0164 0.4555 0.0140 0.0296 0.3599 0.0261 0.0220 0.0309 
        D836 12 0.0325 0.0096 0.6227 0.0115 0.0193 0.0331 0.0182 0.0156 0.2375 
        D837 12 0.0725 0.1454 0.0480 0.0764 0.1828 0.0174 0.3373 0.0882 0.0319 
        D838 12 0.0233 0.0203 0.0086 0.0122 0.0397 0.0073 0.0519 0.0202 0.8165 
        D839 12 0.1472 0.0302 0.1258 0.0395 0.2672 0.0672 0.2191 0.0761 0.0278 
        D840 12 0.0768 0.0207 0.0337 0.1331 0.1774 0.0255 0.4491 0.0156 0.0682 
        D841 12 0.0109 0.0078 0.0080 0.0100 0.0148 0.0073 0.0128 0.0096 0.9189 
        D842 12 0.0789 0.0155 0.0363 0.1991 0.1107 0.0401 0.1175 0.3899 0.0120 
        D843 12 0.1519 0.1002 0.1383 0.0154 0.1155 0.0764 0.1226 0.0640 0.2158 
        D844 12 0.0246 0.0175 0.0151 0.0311 0.4933 0.0432 0.3584 0.0088 0.0082 
        D912 12 0.0369 0.1006 0.0166 0.1644 0.1429 0.0259 0.4655 0.0271 0.0201 
        D913 12 0.2061 0.0318 0.0120 0.0127 0.2597 0.0393 0.1927 0.0549 0.1907 
        D914 12 0.0447 0.0305 0.0260 0.0293 0.2620 0.0131 0.5450 0.0231 0.0263 
        D922 12 0.0194 0.0166 0.0746 0.0249 0.0198 0.0125 0.0223 0.0144 0.7956 
        D939 12 0.0309 0.0121 0.6895 0.0224 0.0252 0.0376 0.0334 0.0278 0.1211 
        D944 12 0.3044 0.0222 0.0071 0.0435 0.2679 0.0522 0.1817 0.0267 0.0944 
        D945 12 0.1801 0.0338 0.1824 0.0259 0.1792 0.0637 0.1447 0.0766 0.1136 
        D985 12 0.1548 0.0306 0.0840 0.1013 0.0350 0.2829 0.0270 0.1493 0.1351 
        D986 12 0.1805 0.0386 0.0784 0.0119 0.2225 0.0327 0.3863 0.0360 0.0131 
        D987 12 0.0536 0.0527 0.0164 0.0558 0.2749 0.0282 0.4728 0.0222 0.0234 
        D988 12 0.1224 0.0367 0.0761 0.0277 0.1456 0.0648 0.3883 0.1152 0.0233 
        D996 12 0.0636 0.0181 0.0158 0.0163 0.2168 0.0534 0.4638 0.0170 0.1351 
        D997 12 0.0781 0.0375 0.5972 0.0146 0.0794 0.0452 0.0573 0.0284 0.0622 
        D998 12 0.3478 0.0480 0.0331 0.0128 0.0932 0.0452 0.1213 0.0968 0.2018 
        D999 12 0.1146 0.0265 0.0579 0.0605 0.2494 0.0220 0.1651 0.2671 0.0369 
