        D174  1 0.1341 0.1452 0.1535 0.0629 0.0765 0.0460 0.3817 
        D199  1 0.3120 0.1795 0.1082 0.0675 0.0512 0.1415 0.1400 
        D203  1 0.1648 0.3492 0.1290 0.0510 0.0948 0.0736 0.1375 
        D204  1 0.0376 0.0286 0.0602 0.0202 0.0826 0.0243 0.7465 
     D237366  1 0.1210 0.5806 0.0928 0.0409 0.0988 0.0289 0.0370 
     D237367  1 0.2174 0.2980 0.1074 0.0770 0.1260 0.1312 0.0430 
     D237368  1 0.1104 0.3029 0.0633 0.0382 0.2422 0.0374 0.2057 
     D244101  1 0.2767 0.0852 0.4150 0.0219 0.1186 0.0184 0.0641 
     D244102  1 0.1583 0.1015 0.2564 0.0554 0.1528 0.1344 0.1411 
     D244103  1 0.1607 0.5976 0.0379 0.0510 0.0562 0.0522 0.0443 
     D244104  1 0.0501 0.0781 0.0451 0.5008 0.0735 0.0294 0.2230 
     D244105  1 0.3525 0.1062 0.0418 0.1410 0.3148 0.0219 0.0219 
     D244106  1 0.0431 0.0345 0.1246 0.0167 0.0316 0.0165 0.7330 
     D244107  1 0.1749 0.5694 0.0810 0.0499 0.0321 0.0791 0.0136 
     D244108  1 0.0833 0.0351 0.1517 0.0764 0.5339 0.0354 0.0841 
     D244113  1 0.1808 0.1183 0.2659 0.0799 0.0629 0.0814 0.2108 
     D244114  1 0.3843 0.2490 0.1407 0.0509 0.0787 0.0202 0.0763 
     D244115  1 0.0958 0.0276 0.1007 0.0346 0.0759 0.0358 0.6295 
     D267365  1 0.1770 0.1429 0.2825 0.0531 0.0790 0.0544 0.2111 
        D404  1 0.0589 0.0508 0.1738 0.0312 0.0231 0.1041 0.5581 
        D405  1 0.1248 0.0794 0.3469 0.0590 0.0280 0.1084 0.2535 
        D406  1 0.0102 0.0114 0.0098 0.0080 0.9410 0.0096 0.0099 
        D407  1 0.0646 0.5765 0.0200 0.0236 0.0326 0.0211 0.2616 
        D408  1 0.0776 0.1063 0.1017 0.1083 0.0230 0.0451 0.5381 
        D409  1 0.2930 0.3687 0.0776 0.0652 0.0862 0.0346 0.0746 
        D410  1 0.2856 0.1105 0.3958 0.0427 0.0889 0.0315 0.0450 
        D421  1 0.0436 0.3395 0.0330 0.0397 0.0144 0.0116 0.5182 
        D422  1 0.1292 0.6312 0.0435 0.0170 0.1050 0.0368 0.0373 
        D423  1 0.1496 0.5800 0.1312 0.0348 0.0612 0.0253 0.0179 
        D424  1 0.0892 0.0668 0.0225 0.0174 0.0220 0.0111 0.7710 
        D425  1 0.4059 0.1050 0.1831 0.1564 0.0309 0.0191 0.0997 
        D426  1 0.2422 0.5742 0.0464 0.0511 0.0289 0.0189 0.0384 
        D427  1 0.0909 0.1948 0.0319 0.2566 0.0113 0.0182 0.3964 
        D428  1 0.1024 0.1264 0.0781 0.0415 0.1073 0.0228 0.5215 
        D429  1 0.0260 0.0159 0.0694 0.0120 0.0260 0.0118 0.8390 
        D430  1 0.1491 0.0739 0.0732 0.0567 0.0235 0.0430 0.5807 
        D491  1 0.0692 0.0614 0.0414 0.1060 0.1982 0.0286 0.4952 
        D492  1 0.0660 0.1233 0.0611 0.0172 0.0831 0.0197 0.6296 
        D537  1 0.1104 0.2359 0.0848 0.0461 0.4073 0.0243 0.0912 
        D538  1 0.1184 0.2035 0.1355 0.0393 0.1760 0.1616 0.1657 
        D539  1 0.0922 0.0336 0.0898 0.0860 0.4044 0.1395 0.1544 
        D540  1 0.2347 0.2902 0.1661 0.2221 0.0194 0.0341 0.0334 
        D541  1 0.0225 0.0332 0.0245 0.0172 0.0264 0.0155 0.8606 
        D551  1 0.3731 0.4461 0.0571 0.0209 0.0558 0.0195 0.0275 
        D552  1 0.0309 0.0156 0.0778 0.0365 0.7726 0.0171 0.0494 
        D553  1 0.1020 0.4098 0.0564 0.1003 0.0318 0.0308 0.2689 
        D615  1 0.0915 0.0531 0.0701 0.0482 0.0589 0.0820 0.5962 
        D616  1 0.1818 0.1670 0.1032 0.0503 0.0932 0.0555 0.3490 
        D621  1 0.0313 0.0216 0.0329 0.0360 0.8194 0.0310 0.0278 
        D622  1 0.0328 0.0243 0.0328 0.0228 0.8535 0.0157 0.0181 
        D623  1 0.1693 0.0629 0.4195 0.0446 0.0699 0.0726 0.1613 
        D624  1 0.1273 0.0656 0.0354 0.1058 0.0304 0.0390 0.5966 
        D625  1 0.0607 0.0272 0.0289 0.0160 0.1837 0.1341 0.5493 
        D626  1 0.0531 0.0789 0.0282 0.7138 0.0464 0.0262 0.0534 
        D627  1 0.1890 0.5487 0.0531 0.0227 0.0441 0.0316 0.1108 
        D690  1 0.0163 0.0132 0.0174 0.0156 0.0152 0.0175 0.9048 
        D691  1 0.0222 0.0202 0.0179 0.0164 0.8863 0.0159 0.0211 
        D710  1 0.1712 0.3395 0.0971 0.1187 0.0524 0.0497 0.1714 
        D711  1 0.0298 0.0277 0.0440 0.0095 0.0329 0.0250 0.8310 
        D712  1 0.1380 0.1706 0.1434 0.2613 0.1556 0.0470 0.0840 
        D713  1 0.2385 0.2329 0.1126 0.0255 0.2024 0.0375 0.1506 
        D746  1 0.0205 0.0450 0.0173 0.0224 0.8389 0.0148 0.0411 
        D747  1 0.0202 0.0205 0.0326 0.0163 0.0143 0.0146 0.8815 
        D748  1 0.0339 0.0352 0.0189 0.0258 0.7972 0.0277 0.0613 
        D749  1 0.3875 0.2001 0.1390 0.0334 0.1726 0.0324 0.0350 
        D750  1 0.0162 0.0148 0.0211 0.0140 0.0234 0.0123 0.8982 
        D763  1 0.1797 0.1026 0.0716 0.1928 0.3029 0.1130 0.0372 
        D764  1 0.0134 0.0121 0.0113 0.0136 0.0195 0.0118 0.9182 
        D765  1 0.3797 0.1140 0.2191 0.1100 0.1106 0.0349 0.0318 
        D766  1 0.0252 0.0324 0.0223 0.0379 0.8475 0.0155 0.0192 
        D767  1 0.1424 0.2291 0.1668 0.0453 0.1931 0.1404 0.0829 
        D768  1 0.1970 0.4490 0.0461 0.0604 0.0686 0.0201 0.1588 
        D811  1 0.1232 0.0364 0.0521 0.5934 0.0242 0.1086 0.0622 
        D816  1 0.0485 0.0224 0.1469 0.0121 0.0238 0.0129 0.7334 
        D825  1 0.1613 0.0443 0.1130 0.0623 0.0877 0.1193 0.4121 
        D866  1 0.1370 0.0412 0.2292 0.2046 0.0387 0.2653 0.0840 
        D867  1 0.2067 0.5654 0.0784 0.0210 0.0813 0.0245 0.0226 
        D871  1 0.1778 0.3375 0.0675 0.0242 0.0842 0.0518 0.2571 
        D872  1 0.0323 0.0330 0.0444 0.0278 0.7875 0.0465 0.0285 
        D873  1 0.1261 0.1530 0.4873 0.0137 0.0523 0.1505 0.0171 
        D874  1 0.1135 0.0573 0.3654 0.0303 0.0892 0.0231 0.3211 
        D875  1 0.1749 0.3333 0.0583 0.0137 0.3427 0.0319 0.0451 
        D876  1 0.0400 0.0303 0.0298 0.0425 0.7788 0.0213 0.0572 
        D877  1 0.1558 0.0357 0.1298 0.0277 0.0304 0.1114 0.5091 
        D892  1 0.0348 0.0640 0.0266 0.0166 0.7347 0.0170 0.1064 
        D893  1 0.2113 0.1317 0.3209 0.0566 0.1375 0.0345 0.1074 
        D894  1 0.0149 0.0169 0.0147 0.0087 0.0135 0.0165 0.9147 
        D915  1 0.1118 0.1521 0.2056 0.0468 0.3774 0.0504 0.0560 
        D916  1 0.0119 0.0096 0.0102 0.0088 0.0121 0.0094 0.9381 
        D917  1 0.2458 0.2122 0.1498 0.0639 0.0237 0.2154 0.0893 
        D925  1 0.2256 0.0930 0.2172 0.0438 0.1458 0.0997 0.1749 
        D926  1 0.1258 0.0650 0.1678 0.0253 0.0804 0.0230 0.5128 
        D927  1 0.2609 0.2175 0.1760 0.0398 0.1122 0.0765 0.1172 
        D928  1 0.0429 0.0412 0.0563 0.0492 0.0290 0.0119 0.7695 
        D929  1 0.1169 0.1928 0.1419 0.0396 0.1068 0.3417 0.0604 
        D936  1 0.0697 0.0459 0.2703 0.0178 0.0389 0.0261 0.5312 
        D938  1 0.0134 0.0132 0.0119 0.0215 0.9177 0.0116 0.0106 
        D956  1 0.0202 0.0162 0.0300 0.0144 0.0114 0.0224 0.8855 
        D957  1 0.0327 0.0367 0.0608 0.0179 0.7952 0.0319 0.0247 
        D958  1 0.0108 0.0126 0.0131 0.0154 0.9153 0.0100 0.0228 
        D959  1 0.0459 0.7209 0.0184 0.0223 0.0154 0.0108 0.1663 
        D960  1 0.0507 0.0608 0.1173 0.0086 0.7226 0.0199 0.0200 
        D989  1 0.1521 0.1219 0.1090 0.3158 0.0510 0.0206 0.2297 
        D990  1 0.2933 0.0776 0.3603 0.0453 0.0644 0.1365 0.0226 
        D211  3 0.0481 0.1044 0.0237 0.0770 0.0325 0.6885 0.0259 
     D229639  3 0.2421 0.0780 0.0884 0.3262 0.0255 0.1202 0.1196 
     D237212  3 0.1150 0.1048 0.1256 0.1550 0.0260 0.3724 0.1012 
     D237213  3 0.0717 0.0335 0.1039 0.2064 0.0577 0.5138 0.0130 
     D237214  3 0.0525 0.8464 0.0324 0.0116 0.0213 0.0140 0.0218 
     D237215  3 0.0892 0.0422 0.3484 0.2841 0.0158 0.1990 0.0213 
     D237216  3 0.4948 0.1579 0.1279 0.1058 0.0251 0.0616 0.0270 
     D237217  3 0.3662 0.1828 0.0464 0.1106 0.0881 0.1939 0.0120 
     D237218  3 0.1693 0.0647 0.3913 0.0488 0.2117 0.0591 0.0551 
     D237219  3 0.0388 0.0158 0.0267 0.7878 0.0610 0.0575 0.0124 
     D237382  3 0.0999 0.1047 0.1469 0.1057 0.1987 0.2204 0.1237 
     D244127  3 0.1611 0.0758 0.3502 0.1999 0.0456 0.1527 0.0148 
     D244129  3 0.1505 0.2020 0.0965 0.1411 0.1220 0.1595 0.1284 
     D244133  3 0.0450 0.0294 0.0283 0.8093 0.0252 0.0214 0.0414 
     D244134  3 0.0595 0.0211 0.0391 0.7140 0.0898 0.0567 0.0199 
     D244135  3 0.0962 0.7210 0.0458 0.0325 0.0272 0.0596 0.0177 
     D244136  3 0.1034 0.0930 0.0627 0.4525 0.0899 0.0254 0.1731 
        D416  3 0.1519 0.1906 0.0617 0.4540 0.0292 0.0807 0.0321 
        D417  3 0.1241 0.0250 0.0486 0.0324 0.4757 0.0183 0.2760 
        D419  3 0.0681 0.0447 0.0553 0.5699 0.1707 0.0673 0.0240 
        D565  3 0.0778 0.0371 0.1700 0.2172 0.0270 0.0264 0.4445 
        D566  3 0.0994 0.0585 0.0713 0.1272 0.0210 0.0596 0.5629 
        D567  3 0.1366 0.1404 0.0775 0.1410 0.1722 0.1152 0.2170 
        D568  3 0.1037 0.0492 0.0750 0.1569 0.5423 0.0460 0.0269 
        D569  3 0.1660 0.2090 0.3717 0.0420 0.0192 0.1620 0.0301 
        D573  3 0.3667 0.0955 0.1633 0.1055 0.0191 0.0423 0.2077 
        D574  3 0.2083 0.1593 0.2763 0.0785 0.0737 0.0813 0.1225 
        D575  3 0.0205 0.0306 0.0137 0.8540 0.0262 0.0456 0.0093 
        D576  3 0.0537 0.0442 0.2206 0.4614 0.0078 0.1984 0.0139 
        D577  3 0.1074 0.1917 0.0398 0.1116 0.3241 0.1343 0.0912 
        D578  3 0.0502 0.8741 0.0212 0.0175 0.0168 0.0117 0.0086 
        D579  3 0.0554 0.0392 0.1422 0.0868 0.0347 0.0512 0.5904 
        D660  3 0.1503 0.1287 0.3432 0.1286 0.0222 0.2094 0.0175 
        D661  3 0.1099 0.0679 0.2719 0.0340 0.4530 0.0446 0.0188 
        D663  3 0.4639 0.1694 0.1958 0.0300 0.0179 0.0888 0.0342 
        D664  3 0.1438 0.1259 0.2014 0.2939 0.0467 0.1714 0.0168 
        D665  3 0.0409 0.0190 0.0463 0.0464 0.0125 0.8251 0.0097 
        D666  3 0.0183 0.0186 0.0179 0.8845 0.0219 0.0223 0.0166 
        D502  6 0.0540 0.0350 0.0907 0.0347 0.0162 0.7574 0.0120 
        D503  6 0.2541 0.1169 0.1893 0.0795 0.1520 0.1520 0.0563 
        D504  6 0.1851 0.0792 0.2434 0.0306 0.0788 0.0322 0.3506 
        D505  6 0.1851 0.2737 0.1470 0.0558 0.0229 0.1731 0.1424 
        D506  6 0.0351 0.0366 0.0310 0.0247 0.0107 0.0141 0.8479 
        D507  6 0.3025 0.0669 0.2914 0.1017 0.0567 0.1238 0.0569 
        D508  6 0.1488 0.0426 0.2077 0.0534 0.0197 0.4712 0.0566 
        D529  6 0.1765 0.4871 0.0677 0.0525 0.0527 0.0541 0.1094 
        D530  6 0.0447 0.0495 0.1568 0.0288 0.0307 0.6714 0.0182 
        D531  6 0.1648 0.0859 0.1326 0.1130 0.0511 0.1077 0.3447 
        D532  6 0.2449 0.2128 0.3430 0.0403 0.0250 0.0359 0.0981 
        D534  6 0.1173 0.0673 0.1277 0.0261 0.5583 0.0650 0.0384 
        D535  6 0.2683 0.2330 0.1126 0.1356 0.0298 0.0627 0.1581 
        D536  6 0.2879 0.2838 0.2013 0.0294 0.0174 0.1441 0.0361 
        D554  6 0.1589 0.1420 0.1280 0.0619 0.0495 0.1448 0.3149 
        D587  6 0.1511 0.0697 0.1628 0.0525 0.1027 0.0289 0.4323 
        D588  6 0.5330 0.1535 0.1621 0.0628 0.0152 0.0329 0.0405 
        D589  6 0.2747 0.1291 0.2672 0.0402 0.0314 0.2185 0.0390 
        D590  6 0.2286 0.2895 0.1746 0.0414 0.0312 0.0259 0.2087 
        D591  6 0.2121 0.0888 0.1154 0.2735 0.1056 0.1108 0.0938 
        D592  6 0.1102 0.0566 0.0901 0.0408 0.4850 0.0745 0.1428 
        D593  6 0.0154 0.0146 0.0579 0.0169 0.0102 0.8753 0.0097 
        D682  6 0.0245 0.0250 0.0433 0.0423 0.0187 0.0138 0.8325 
        D683  6 0.1694 0.0727 0.1002 0.0281 0.0570 0.2456 0.3270 
        D684  6 0.2735 0.1103 0.2170 0.0275 0.0379 0.2953 0.0386 
        D685  6 0.3407 0.0585 0.0730 0.0550 0.0225 0.4299 0.0203 
        D686  6 0.2570 0.1740 0.4488 0.0167 0.0191 0.0427 0.0417 
        D724  6 0.1891 0.1161 0.1975 0.0470 0.1276 0.2534 0.0694 
        D725  6 0.1458 0.0922 0.1242 0.1349 0.1356 0.3478 0.0195 
        D726  6 0.0523 0.0534 0.0549 0.0410 0.0572 0.0170 0.7242 
        D727  6 0.1471 0.6217 0.0910 0.0467 0.0105 0.0233 0.0597 
        D728  6 0.1516 0.0455 0.0901 0.3251 0.0496 0.1143 0.2238 
        D729  6 0.0947 0.6548 0.1462 0.0141 0.0132 0.0280 0.0490 
        D730  6 0.1753 0.0609 0.4458 0.0436 0.1507 0.0630 0.0607 
        D731  6 0.1337 0.0755 0.1443 0.3242 0.0192 0.1214 0.1817 
        D732  6 0.1704 0.1427 0.1622 0.0752 0.0864 0.3206 0.0424 
        D733  6 0.0741 0.0547 0.1243 0.0510 0.6008 0.0694 0.0257 
     D237251  7 0.2606 0.0577 0.3085 0.2499 0.0644 0.0217 0.0372 
     D237252  7 0.0771 0.0522 0.0755 0.1667 0.1921 0.4153 0.0210 
     D237253  7 0.4066 0.1679 0.1176 0.1225 0.0344 0.0290 0.1220 
     D237254  7 0.0383 0.8854 0.0161 0.0138 0.0198 0.0150 0.0116 
     D237255  7 0.1746 0.1078 0.1261 0.4408 0.0507 0.0550 0.0449 
     D237256  7 0.4774 0.0782 0.1509 0.1242 0.0160 0.1196 0.0337 
     D237257  7 0.3574 0.3345 0.0977 0.0408 0.0212 0.1072 0.0411 
     D237282  7 0.1529 0.3014 0.1079 0.0537 0.2509 0.0317 0.1015 
     D237283  7 0.0204 0.0120 0.0204 0.0374 0.0180 0.8836 0.0082 
     D237284  7 0.0849 0.6996 0.0587 0.0290 0.0464 0.0404 0.0411 
     D237285  7 0.1281 0.1654 0.2149 0.0415 0.0329 0.3909 0.0263 
     D237286  7 0.2700 0.1031 0.2771 0.0709 0.0387 0.0410 0.1992 
     D237287  7 0.1872 0.0904 0.0575 0.5622 0.0294 0.0320 0.0413 
     D244006  7 0.0479 0.8375 0.0452 0.0114 0.0225 0.0151 0.0204 
     D244007  7 0.1594 0.3375 0.2161 0.0267 0.1941 0.0225 0.0438 
     D244008  7 0.0249 0.0156 0.0149 0.0567 0.0281 0.8469 0.0130 
     D244009  7 0.0509 0.0258 0.0404 0.0366 0.7669 0.0514 0.0281 
     D244010  7 0.0532 0.0468 0.0412 0.0487 0.0148 0.7560 0.0395 
     D244011  7 0.2431 0.0636 0.4432 0.0424 0.0410 0.1258 0.0410 
     D244012  7 0.0575 0.0357 0.0748 0.0392 0.0107 0.7330 0.0492 
     D244013  7 0.1454 0.0323 0.5414 0.0832 0.0678 0.0844 0.0455 
     D244014  7 0.1131 0.0507 0.4283 0.2432 0.0666 0.0788 0.0194 
     D244015  7 0.2002 0.1440 0.1469 0.2504 0.1437 0.0842 0.0306 
     D244125  7 0.1657 0.0516 0.2037 0.3028 0.0720 0.0533 0.1510 
     D244126  7 0.0138 0.0114 0.0193 0.0125 0.0186 0.9098 0.0147 
     D244130  7 0.2851 0.0594 0.4558 0.0221 0.0198 0.1407 0.0171 
     D244131  7 0.0770 0.0448 0.4145 0.0184 0.1587 0.0432 0.2434 
     D244132  7 0.1507 0.0423 0.2383 0.2549 0.2220 0.0317 0.0601 
        D520  7 0.0867 0.0585 0.0386 0.0414 0.0324 0.7129 0.0296 
        D521  7 0.1269 0.0853 0.2796 0.0444 0.0635 0.3576 0.0427 
        D522  7 0.0421 0.0232 0.1076 0.0310 0.7541 0.0142 0.0279 
        D523  7 0.2253 0.0852 0.2865 0.0453 0.2870 0.0291 0.0416 
        D524  7 0.1688 0.1078 0.3130 0.1599 0.1169 0.0684 0.0653 
        D525  7 0.1837 0.1411 0.2048 0.0249 0.0949 0.1960 0.1546 
        D526  7 0.1000 0.6762 0.0357 0.0513 0.0700 0.0434 0.0235 
        D527  7 0.1766 0.0533 0.3452 0.0967 0.0568 0.0673 0.2041 
        D528  7 0.8959 0.0245 0.0123 0.0124 0.0101 0.0325 0.0123 
        D558  7 0.0625 0.1805 0.3725 0.0232 0.2682 0.0611 0.0320 
        D559  7 0.1019 0.0631 0.6523 0.0243 0.0696 0.0554 0.0334 
        D640  7 0.1387 0.0348 0.1865 0.5451 0.0342 0.0305 0.0302 
        D641  7 0.0996 0.0755 0.1804 0.4133 0.0218 0.1909 0.0186 
        D642  7 0.1056 0.2204 0.3694 0.0196 0.1876 0.0601 0.0373 
        D644  7 0.1558 0.1113 0.1952 0.1198 0.0868 0.2628 0.0683 
        D645  7 0.0921 0.0370 0.0561 0.6636 0.0589 0.0435 0.0489 
        D662  7 0.1897 0.0480 0.3168 0.1048 0.1618 0.0200 0.1589 
        D687  7 0.2208 0.0647 0.3281 0.0401 0.1256 0.1211 0.0995 
        D688  7 0.2018 0.3102 0.2108 0.0226 0.0251 0.2018 0.0277 
        D689  7 0.0163 0.0120 0.0218 0.8900 0.0148 0.0211 0.0240 
        D700  7 0.9084 0.0161 0.0259 0.0108 0.0121 0.0129 0.0138 
        D797  7 0.1237 0.0759 0.1794 0.0627 0.2685 0.0580 0.2318 
        D798  7 0.2541 0.0344 0.2238 0.3708 0.0347 0.0655 0.0167 
        D799  7 0.2919 0.0268 0.4439 0.0718 0.0244 0.1049 0.0363 
        D800  7 0.2533 0.0901 0.0795 0.0496 0.0879 0.0355 0.4042 
        D201  9 0.1365 0.1497 0.1313 0.0353 0.4863 0.0387 0.0222 
        D202  9 0.0408 0.0265 0.1977 0.0236 0.0130 0.6756 0.0228 
     D237259  9 0.6487 0.0277 0.0817 0.0962 0.0127 0.1113 0.0216 
     D237260  9 0.3427 0.2237 0.1555 0.0362 0.0194 0.1833 0.0392 
     D237262  9 0.0649 0.0970 0.0280 0.0169 0.0354 0.7135 0.0442 
     D237263  9 0.1057 0.0963 0.2665 0.0260 0.0795 0.3442 0.0818 
     D237264  9 0.2256 0.1672 0.2003 0.0478 0.0390 0.2320 0.0881 
     D237265  9 0.0498 0.0407 0.1303 0.0161 0.0186 0.7019 0.0425 
     D237266  9 0.1224 0.1376 0.2243 0.4186 0.0126 0.0610 0.0236 
     D237267  9 0.3027 0.1360 0.0788 0.0690 0.0103 0.3171 0.0861 
     D237268  9 0.0288 0.0281 0.0273 0.0275 0.0374 0.8289 0.0220 
     D237289  9 0.0675 0.0309 0.1353 0.0739 0.0481 0.5768 0.0674 
     D237290  9 0.0793 0.0385 0.1309 0.1121 0.0299 0.5748 0.0345 
     D237291  9 0.2737 0.1334 0.4371 0.0774 0.0280 0.0201 0.0304 
     D237292  9 0.1267 0.2811 0.0806 0.0168 0.0372 0.4314 0.0261 
     D237293  9 0.0618 0.0349 0.0974 0.2476 0.0297 0.5054 0.0232 
     D237294  9 0.2752 0.1431 0.1871 0.0268 0.2643 0.0521 0.0513 
     D237295  9 0.0800 0.0633 0.0871 0.1011 0.1150 0.2042 0.3494 
     D237296  9 0.4334 0.1030 0.1864 0.1074 0.0836 0.0342 0.0521 
     D237297  9 0.2426 0.1161 0.3425 0.0880 0.0281 0.1237 0.0590 
     D237298  9 0.1348 0.0439 0.3151 0.0770 0.2143 0.1545 0.0605 
     D237341  9 0.2802 0.0562 0.3813 0.0736 0.0672 0.0885 0.0530 
     D237342  9 0.0268 0.0237 0.0330 0.0158 0.0147 0.8456 0.0404 
     D237343  9 0.3571 0.1870 0.2379 0.0458 0.0681 0.0530 0.0511 
     D237344  9 0.1386 0.1022 0.2974 0.2614 0.0287 0.1216 0.0501 
     D237345  9 0.0673 0.0768 0.0514 0.0171 0.3041 0.4645 0.0188 
     D237346  9 0.2936 0.0413 0.1685 0.2289 0.1002 0.1155 0.0520 
     D237347  9 0.2090 0.1286 0.3554 0.0867 0.0616 0.0391 0.1197 
     D237348  9 0.0641 0.0589 0.2748 0.0908 0.0594 0.4260 0.0260 
     D237349  9 0.1552 0.1339 0.4409 0.0327 0.1399 0.0214 0.0760 
     D244109  9 0.1703 0.6004 0.0913 0.0317 0.0290 0.0504 0.0269 
     D244110  9 0.2015 0.3725 0.0837 0.1505 0.0425 0.1018 0.0475 
     D244111  9 0.1043 0.0741 0.5317 0.0773 0.0467 0.1249 0.0410 
     D244128  9 0.0531 0.0272 0.0362 0.0140 0.0182 0.8251 0.0262 
     D244137  9 0.0939 0.0942 0.2692 0.0258 0.1737 0.0380 0.3052 
     D244138  9 0.2090 0.0860 0.4834 0.0234 0.0600 0.1061 0.0322 
        D580  9 0.1092 0.0665 0.0813 0.0567 0.3987 0.2714 0.0163 
        D581  9 0.0415 0.0285 0.1423 0.0265 0.0391 0.7087 0.0134 
        D582  9 0.0192 0.0242 0.0207 0.0206 0.0297 0.8719 0.0138 
        D583  9 0.1661 0.1506 0.2846 0.1851 0.1145 0.0740 0.0251 
        D584  9 0.1240 0.0777 0.3058 0.0452 0.0488 0.3631 0.0353 
        D585  9 0.0878 0.0336 0.0397 0.0279 0.0371 0.7375 0.0364 
        D586  9 0.3360 0.0805 0.4129 0.0670 0.0325 0.0312 0.0399 
        D651  9 0.0550 0.0791 0.0249 0.6072 0.1765 0.0257 0.0316 
        D652  9 0.1175 0.0945 0.4847 0.0207 0.0948 0.0407 0.1471 
        D653  9 0.3179 0.0738 0.2942 0.1335 0.0363 0.1061 0.0383 
        D654  9 0.2544 0.1836 0.2156 0.1377 0.1242 0.0253 0.0592 
        D655  9 0.1456 0.0655 0.1528 0.4125 0.0257 0.1142 0.0837 
        D656  9 0.0954 0.7174 0.0685 0.0220 0.0254 0.0470 0.0242 
        D657  9 0.1562 0.3003 0.2734 0.0430 0.1036 0.0974 0.0262 
        D667  9 0.0206 0.0227 0.0169 0.8997 0.0089 0.0167 0.0145 
        D668  9 0.1172 0.0342 0.0819 0.4307 0.1195 0.1999 0.0166 
        D669  9 0.0826 0.0529 0.1063 0.0336 0.0857 0.6142 0.0246 
        D670  9 0.1739 0.1660 0.0505 0.5398 0.0280 0.0218 0.0202 
        D671  9 0.1961 0.1678 0.2907 0.0250 0.1275 0.1207 0.0722 
        D672  9 0.1190 0.0287 0.0459 0.1203 0.2666 0.3734 0.0461 
        D673  9 0.1119 0.0221 0.0579 0.4573 0.2463 0.0739 0.0307 
        D692  9 0.0791 0.4954 0.0458 0.0308 0.0254 0.2768 0.0467 
        D693  9 0.0493 0.0518 0.0520 0.6528 0.0940 0.0732 0.0269 
        D694  9 0.1627 0.3254 0.0928 0.0158 0.0456 0.3327 0.0250 
        D695  9 0.1286 0.0662 0.0756 0.1950 0.2467 0.2121 0.0758 
        D696  9 0.0552 0.0424 0.1558 0.0677 0.0498 0.0356 0.5936 
        D697  9 0.0341 0.0190 0.0252 0.8458 0.0344 0.0177 0.0237 
        D698  9 0.2085 0.0461 0.1136 0.2150 0.0531 0.2917 0.0719 
        D699  9 0.0476 0.0258 0.0690 0.6161 0.0357 0.1780 0.0278 
        D787  9 0.1717 0.1175 0.3253 0.1751 0.0424 0.0493 0.1187 
        D788  9 0.0606 0.0163 0.0662 0.5344 0.0303 0.2685 0.0237 
        D789  9 0.1164 0.1181 0.1437 0.0554 0.0316 0.4940 0.0408 
        D790  9 0.1042 0.0889 0.0784 0.6085 0.0551 0.0397 0.0252 
        D791  9 0.0849 0.0425 0.1901 0.0274 0.0137 0.6114 0.0302 
        D792  9 0.1603 0.4930 0.0891 0.0972 0.0524 0.0170 0.0909 
        D793  9 0.0283 0.0251 0.0156 0.8496 0.0154 0.0144 0.0515 
        D794  9 0.1330 0.1771 0.1483 0.3521 0.0624 0.0483 0.0788 
        D795  9 0.0338 0.0346 0.0425 0.0227 0.0202 0.8011 0.0452 
        D796  9 0.0298 0.0158 0.0323 0.7935 0.0156 0.0972 0.0158 
        D005 12 0.1389 0.6776 0.1048 0.0204 0.0181 0.0232 0.0170 
        D035 12 0.0159 0.0144 0.0138 0.9139 0.0114 0.0133 0.0174 
        D067 12 0.1376 0.0570 0.0621 0.5733 0.0264 0.0941 0.0495 
        D134 12 0.4249 0.1560 0.1716 0.0469 0.0224 0.1338 0.0444 
        D135 12 0.5966 0.0689 0.0898 0.0915 0.0367 0.0808 0.0358 
        D136 12 0.2408 0.1511 0.0849 0.1084 0.1306 0.0432 0.2411 
        D137 12 0.1245 0.0366 0.0810 0.5869 0.0393 0.1120 0.0197 
        D138 12 0.1466 0.0912 0.1368 0.3797 0.1373 0.0387 0.0696 
        D139 12 0.1747 0.1618 0.3482 0.0503 0.0438 0.1591 0.0622 
        D140 12 0.0506 0.0223 0.0239 0.8216 0.0251 0.0237 0.0328 
        D141 12 0.0496 0.0652 0.0292 0.1566 0.4037 0.2842 0.0116 
        D150 12 0.2717 0.1599 0.4278 0.0217 0.0230 0.0608 0.0351 
        D177 12 0.3564 0.2168 0.1581 0.0968 0.0127 0.1120 0.0473 
        D178 12 0.1553 0.1255 0.1021 0.0219 0.3221 0.0279 0.2452 
        D179 12 0.3644 0.2348 0.0954 0.1007 0.1024 0.0265 0.0758 
        D180 12 0.1627 0.1589 0.0316 0.5056 0.0321 0.0913 0.0178 
        D187 12 0.0360 0.0161 0.0315 0.8349 0.0162 0.0418 0.0235 
        D188 12 0.1220 0.3911 0.0383 0.0213 0.1280 0.2789 0.0203 
        D191 12 0.0908 0.0529 0.1021 0.1901 0.4949 0.0405 0.0287 
        D418 12 0.1024 0.0738 0.0494 0.0911 0.5769 0.0885 0.0179 
        D601 12 0.1183 0.3143 0.0455 0.0715 0.0206 0.4004 0.0295 
        D836 12 0.0411 0.0493 0.0268 0.2735 0.0209 0.5741 0.0142 
        D837 12 0.1146 0.0303 0.4312 0.0476 0.1006 0.0545 0.2212 
        D838 12 0.0257 0.0131 0.0388 0.8520 0.0187 0.0175 0.0343 
        D839 12 0.1840 0.1811 0.1730 0.0475 0.1103 0.2384 0.0656 
        D840 12 0.0973 0.0500 0.4323 0.1102 0.2474 0.0327 0.0301 
        D841 12 0.0237 0.0175 0.0206 0.8866 0.0187 0.0194 0.0134 
        D842 12 0.0924 0.1323 0.4417 0.0135 0.2053 0.0989 0.0159 
        D843 12 0.2205 0.1532 0.1314 0.2315 0.0279 0.1426 0.0928 
        D844 12 0.1448 0.1563 0.1645 0.0118 0.4397 0.0324 0.0505 
        D912 12 0.0625 0.0476 0.3991 0.0302 0.2475 0.0142 0.1989 
        D913 12 0.3082 0.1128 0.0591 0.4229 0.0244 0.0325 0.0402 
        D914 12 0.1998 0.0467 0.5414 0.0859 0.0577 0.0306 0.0379 
        D922 12 0.0360 0.0159 0.0209 0.8270 0.0312 0.0457 0.0233 
        D939 12 0.0502 0.0672 0.0601 0.2464 0.0757 0.4771 0.0233 
        D944 12 0.4592 0.1955 0.0311 0.2070 0.0673 0.0194 0.0205 
        D945 12 0.1865 0.1166 0.1412 0.2288 0.0416 0.2317 0.0535 
        D985 12 0.1880 0.3011 0.1205 0.1744 0.1131 0.0535 0.0494 
        D986 12 0.3475 0.0600 0.3873 0.0172 0.0341 0.1104 0.0435 
        D987 12 0.1622 0.0496 0.4718 0.0381 0.1536 0.0298 0.0949 
        D988 12 0.2614 0.1163 0.3656 0.0442 0.0492 0.1155 0.0477 
        D996 12 0.1797 0.0991 0.3050 0.3249 0.0437 0.0213 0.0263 
        D997 12 0.1880 0.0785 0.0988 0.1272 0.0473 0.4083 0.0519 
        D998 12 0.3946 0.0546 0.1098 0.2300 0.0171 0.1118 0.0821 
        D999 12 0.1705 0.0788 0.3177 0.0528 0.1408 0.2025 0.0368 
