        D174  1 0.0809 0.0687 0.2027 0.1563 0.0443 0.1012 0.0333 0.2831 0.0295 
        D199  1 0.2320 0.0312 0.0684 0.1104 0.0436 0.2274 0.0403 0.1801 0.0668 
        D203  1 0.1309 0.0792 0.1275 0.1940 0.0748 0.1604 0.0321 0.1611 0.0401 
        D204  1 0.0353 0.1044 0.6683 0.0259 0.0408 0.0429 0.0179 0.0478 0.0168 
     D237366  1 0.0672 0.0821 0.0278 0.4523 0.1390 0.0752 0.0287 0.0911 0.0366 
     D237367  1 0.1230 0.0910 0.0242 0.2949 0.0587 0.1176 0.0671 0.0707 0.1527 
     D237368  1 0.1110 0.1990 0.2034 0.2076 0.0278 0.1134 0.0346 0.0611 0.0420 
     D244101  1 0.1787 0.0759 0.0414 0.0398 0.3417 0.2072 0.0162 0.0856 0.0135 
     D244102  1 0.1271 0.0690 0.0620 0.0531 0.2381 0.1627 0.0362 0.1592 0.0927 
     D244103  1 0.1072 0.0295 0.0327 0.4954 0.0267 0.1212 0.0344 0.1062 0.0468 
     D244104  1 0.0407 0.0377 0.2708 0.0242 0.0467 0.0356 0.4849 0.0301 0.0293 
     D244105  1 0.1984 0.3030 0.0155 0.0661 0.0388 0.1889 0.0881 0.0746 0.0267 
     D244106  1 0.0719 0.0225 0.5452 0.0289 0.1374 0.0692 0.0165 0.0957 0.0127 
     D244107  1 0.1211 0.0217 0.0138 0.4374 0.0229 0.1493 0.0270 0.0828 0.1238 
     D244108  1 0.0780 0.5334 0.0625 0.0260 0.0262 0.0772 0.0347 0.1377 0.0242 
     D244113  1 0.1231 0.0383 0.0724 0.1061 0.0288 0.1285 0.0740 0.3898 0.0390 
     D244114  1 0.2343 0.0318 0.0255 0.1138 0.1793 0.2242 0.0313 0.1470 0.0128 
     D244115  1 0.1142 0.0426 0.4399 0.0215 0.1109 0.1355 0.0263 0.0811 0.0280 
     D267365  1 0.1360 0.0419 0.0902 0.0568 0.3264 0.1316 0.0335 0.1406 0.0430 
        D404  1 0.0500 0.0225 0.3710 0.0820 0.0300 0.0413 0.0223 0.3355 0.0454 
        D405  1 0.1269 0.0132 0.1869 0.0671 0.1289 0.1131 0.0451 0.2591 0.0597 
        D406  1 0.0076 0.9332 0.0086 0.0084 0.0095 0.0089 0.0079 0.0091 0.0069 
        D407  1 0.0660 0.0222 0.1724 0.5994 0.0149 0.0540 0.0253 0.0295 0.0162 
        D408  1 0.0514 0.0204 0.3074 0.0783 0.0616 0.0627 0.1240 0.2508 0.0434 
        D409  1 0.1980 0.0505 0.0643 0.2363 0.0503 0.1830 0.0539 0.1335 0.0302 
        D410  1 0.3000 0.0884 0.0338 0.1063 0.0419 0.2926 0.0233 0.0891 0.0245 
        D421  1 0.0385 0.0118 0.6081 0.2054 0.0242 0.0395 0.0362 0.0255 0.0107 
        D422  1 0.0965 0.0683 0.0301 0.5367 0.0258 0.0849 0.0141 0.1182 0.0253 
        D423  1 0.0982 0.0609 0.0128 0.5886 0.0169 0.0943 0.0195 0.0564 0.0524 
        D424  1 0.0843 0.0248 0.7256 0.0227 0.0262 0.0593 0.0127 0.0340 0.0102 
        D425  1 0.2741 0.0251 0.0377 0.0655 0.0835 0.2663 0.0610 0.1723 0.0145 
        D426  1 0.1790 0.0147 0.0235 0.4479 0.0368 0.1504 0.0428 0.0931 0.0119 
        D427  1 0.0848 0.0081 0.5567 0.0488 0.0291 0.0888 0.0924 0.0767 0.0146 
        D428  1 0.1190 0.0525 0.3625 0.1194 0.0529 0.1552 0.0405 0.0789 0.0191 
        D429  1 0.0208 0.0196 0.8007 0.0136 0.0829 0.0216 0.0105 0.0189 0.0115 
        D430  1 0.1916 0.0144 0.3621 0.0431 0.0546 0.1231 0.0339 0.1504 0.0268 
        D491  1 0.0629 0.1651 0.4240 0.0453 0.0347 0.0672 0.0911 0.0765 0.0332 
        D492  1 0.0457 0.0701 0.5677 0.1553 0.0353 0.0484 0.0167 0.0461 0.0148 
        D537  1 0.1230 0.4284 0.0688 0.1247 0.0239 0.1148 0.0355 0.0575 0.0233 
        D538  1 0.1228 0.1580 0.0976 0.1643 0.0221 0.1630 0.0266 0.1379 0.1078 
        D539  1 0.1004 0.1999 0.0943 0.0241 0.2101 0.1228 0.0406 0.1188 0.0890 
        D540  1 0.1883 0.0175 0.0512 0.2280 0.0765 0.1610 0.1535 0.0860 0.0381 
        D541  1 0.0174 0.0129 0.8758 0.0178 0.0174 0.0173 0.0133 0.0164 0.0117 
        D551  1 0.2045 0.0286 0.0165 0.3186 0.0728 0.2323 0.0144 0.0952 0.0171 
        D552  1 0.0348 0.5959 0.0556 0.0161 0.1548 0.0405 0.0496 0.0332 0.0196 
        D553  1 0.0867 0.0146 0.3613 0.1130 0.0974 0.1016 0.0908 0.0760 0.0585 
        D615  1 0.0660 0.0328 0.5602 0.0246 0.0820 0.0847 0.0373 0.0678 0.0446 
        D616  1 0.1550 0.0471 0.3794 0.0658 0.0593 0.1467 0.0238 0.0878 0.0350 
        D621  1 0.0193 0.7935 0.0186 0.0226 0.0259 0.0315 0.0309 0.0366 0.0211 
        D622  1 0.0235 0.8388 0.0212 0.0186 0.0233 0.0231 0.0182 0.0186 0.0148 
        D623  1 0.1815 0.0476 0.0444 0.0791 0.0393 0.2118 0.0270 0.3348 0.0344 
        D624  1 0.1520 0.0180 0.4514 0.0332 0.0234 0.1173 0.0787 0.1028 0.0231 
        D625  1 0.0418 0.1468 0.5235 0.0256 0.0292 0.0376 0.0124 0.0336 0.1494 
        D626  1 0.0462 0.0359 0.0435 0.0476 0.0280 0.0307 0.7048 0.0355 0.0277 
        D627  1 0.1773 0.0399 0.0869 0.3340 0.0410 0.1846 0.0186 0.0805 0.0372 
        D690  1 0.0119 0.0126 0.8962 0.0104 0.0111 0.0128 0.0154 0.0146 0.0151 
        D691  1 0.0156 0.8722 0.0201 0.0182 0.0176 0.0165 0.0140 0.0145 0.0112 
        D710  1 0.1494 0.0296 0.1560 0.1563 0.0491 0.1459 0.1447 0.0937 0.0753 
        D711  1 0.0223 0.0301 0.8272 0.0226 0.0268 0.0208 0.0077 0.0243 0.0181 
        D712  1 0.0721 0.1097 0.0368 0.1183 0.1625 0.0888 0.2103 0.1490 0.0524 
        D713  1 0.1755 0.2238 0.0780 0.1353 0.0339 0.1708 0.0190 0.1374 0.0263 
        D746  1 0.0217 0.7910 0.0516 0.0312 0.0237 0.0245 0.0200 0.0173 0.0190 
        D747  1 0.0213 0.0126 0.8591 0.0179 0.0260 0.0204 0.0110 0.0212 0.0105 
        D748  1 0.0189 0.8168 0.0504 0.0167 0.0211 0.0223 0.0190 0.0170 0.0177 
        D749  1 0.2861 0.1530 0.0405 0.0843 0.0557 0.2221 0.0249 0.1105 0.0228 
        D750  1 0.0144 0.0169 0.8711 0.0101 0.0144 0.0168 0.0142 0.0305 0.0116 
        D763  1 0.1200 0.2085 0.0227 0.0560 0.1294 0.1289 0.1939 0.0971 0.0434 
        D764  1 0.0146 0.0162 0.9030 0.0089 0.0095 0.0137 0.0121 0.0115 0.0105 
        D765  1 0.2368 0.0417 0.0155 0.0888 0.1187 0.2966 0.0624 0.1195 0.0200 
        D766  1 0.0200 0.8346 0.0142 0.0265 0.0180 0.0170 0.0297 0.0174 0.0227 
        D767  1 0.1343 0.1089 0.0704 0.1765 0.1020 0.1465 0.0293 0.0917 0.1403 
        D768  1 0.1609 0.0653 0.1800 0.1700 0.0638 0.1939 0.0391 0.0952 0.0317 
        D811  1 0.0868 0.0224 0.0238 0.0261 0.0175 0.0782 0.5464 0.1386 0.0603 
        D816  1 0.0335 0.0178 0.5819 0.0270 0.2632 0.0284 0.0119 0.0254 0.0109 
        D825  1 0.1145 0.0503 0.2227 0.0334 0.1963 0.1471 0.0459 0.0871 0.1027 
        D866  1 0.1598 0.0220 0.0489 0.0451 0.1446 0.1376 0.0959 0.2801 0.0659 
        D867  1 0.1303 0.0731 0.0149 0.4814 0.0326 0.1318 0.0157 0.1021 0.0179 
        D871  1 0.1276 0.0393 0.2314 0.2926 0.0302 0.1132 0.0284 0.0852 0.0522 
        D872  1 0.0213 0.8193 0.0158 0.0207 0.0158 0.0262 0.0262 0.0249 0.0299 
        D873  1 0.2317 0.0199 0.0148 0.1904 0.0287 0.2734 0.0166 0.1109 0.1136 
        D874  1 0.0541 0.0431 0.1452 0.0260 0.5049 0.0493 0.0265 0.1337 0.0173 
        D875  1 0.1033 0.3735 0.0321 0.2863 0.0182 0.0803 0.0108 0.0670 0.0284 
        D876  1 0.0307 0.6845 0.0728 0.0187 0.0604 0.0407 0.0398 0.0295 0.0229 
        D877  1 0.1209 0.0300 0.2097 0.0539 0.0385 0.1523 0.0213 0.3255 0.0479 
        D892  1 0.0233 0.7331 0.0772 0.0391 0.0289 0.0267 0.0132 0.0397 0.0188 
        D893  1 0.0988 0.1161 0.0892 0.1098 0.2244 0.1249 0.0503 0.1418 0.0447 
        D894  1 0.0132 0.0086 0.9184 0.0097 0.0116 0.0120 0.0077 0.0084 0.0104 
        D915  1 0.0740 0.3565 0.0412 0.1076 0.1265 0.1050 0.0261 0.1028 0.0602 
        D916  1 0.0084 0.0103 0.9296 0.0067 0.0099 0.0074 0.0071 0.0097 0.0109 
        D917  1 0.1484 0.0182 0.0441 0.1438 0.0319 0.1826 0.0430 0.1635 0.2246 
        D925  1 0.1619 0.0909 0.1334 0.0490 0.1284 0.1695 0.0408 0.0862 0.1400 
        D926  1 0.1053 0.0323 0.2499 0.0360 0.3622 0.1120 0.0186 0.0473 0.0363 
        D927  1 0.1585 0.0491 0.0645 0.0989 0.3291 0.1449 0.0240 0.1022 0.0289 
        D928  1 0.0547 0.0300 0.5939 0.0453 0.0323 0.0733 0.0416 0.1174 0.0113 
        D929  1 0.0649 0.0675 0.0399 0.1229 0.0850 0.0764 0.0241 0.1684 0.3507 
        D936  1 0.0540 0.0218 0.2119 0.0190 0.5917 0.0438 0.0127 0.0292 0.0158 
        D938  1 0.0078 0.9246 0.0082 0.0085 0.0100 0.0081 0.0126 0.0102 0.0099 
        D956  1 0.0158 0.0080 0.8070 0.0166 0.0150 0.0242 0.0121 0.0883 0.0131 
        D957  1 0.0298 0.7949 0.0200 0.0219 0.0167 0.0283 0.0154 0.0418 0.0312 
        D958  1 0.0075 0.9195 0.0152 0.0093 0.0084 0.0088 0.0115 0.0113 0.0087 
        D959  1 0.0563 0.0121 0.0983 0.7187 0.0121 0.0480 0.0204 0.0240 0.0102 
        D960  1 0.0796 0.6334 0.0221 0.0530 0.0354 0.0870 0.0076 0.0653 0.0168 
        D989  1 0.1560 0.0443 0.1308 0.0534 0.1170 0.1056 0.2268 0.1514 0.0148 
        D990  1 0.2806 0.0536 0.0145 0.1001 0.0789 0.2296 0.0186 0.0914 0.1328 
        D211  3 0.0289 0.0152 0.0223 0.0480 0.0210 0.0221 0.0240 0.0200 0.7984 
     D229639  3 0.1954 0.0239 0.0781 0.0287 0.0793 0.1647 0.2183 0.1455 0.0661 
     D237212  3 0.1376 0.0198 0.1144 0.0754 0.0817 0.1503 0.0827 0.1417 0.1964 
     D237213  3 0.0674 0.0423 0.0085 0.0469 0.0538 0.0895 0.1818 0.1021 0.4077 
     D237214  3 0.0382 0.0245 0.0153 0.8272 0.0146 0.0227 0.0082 0.0359 0.0133 
     D237215  3 0.1394 0.0088 0.0138 0.0641 0.0481 0.1317 0.1267 0.4247 0.0427 
     D237216  3 0.2543 0.0214 0.0188 0.1070 0.0815 0.2700 0.0763 0.1036 0.0670 
     D237217  3 0.1735 0.0682 0.0125 0.1115 0.0549 0.1609 0.0580 0.0681 0.2925 
     D237218  3 0.0473 0.0463 0.0203 0.0128 0.7373 0.0427 0.0309 0.0301 0.0325 
     D237219  3 0.0416 0.0500 0.0113 0.0172 0.0261 0.0293 0.6544 0.0401 0.1300 
     D237382  3 0.0752 0.1604 0.0631 0.1310 0.0279 0.0821 0.0738 0.2272 0.1593 
     D244127  3 0.2295 0.0304 0.0108 0.0846 0.0476 0.2329 0.1231 0.1336 0.1075 
     D244129  3 0.1440 0.0975 0.1018 0.1150 0.0421 0.1405 0.0770 0.1117 0.1703 
     D244133  3 0.0443 0.0210 0.0330 0.0225 0.0279 0.0290 0.7659 0.0405 0.0160 
     D244134  3 0.0396 0.0733 0.0145 0.0177 0.0484 0.0472 0.5800 0.0392 0.1402 
     D244135  3 0.0590 0.0230 0.0182 0.6021 0.0191 0.0682 0.0276 0.0501 0.1328 
     D244136  3 0.1117 0.0608 0.1127 0.0795 0.0264 0.0743 0.4123 0.1040 0.0183 
        D416  3 0.1190 0.0123 0.0296 0.0946 0.1069 0.1164 0.3739 0.1140 0.0332 
        D417  3 0.1275 0.2379 0.2010 0.0204 0.1363 0.1362 0.0323 0.0780 0.0305 
        D419  3 0.1014 0.1643 0.0227 0.0305 0.0511 0.0898 0.3478 0.0761 0.1164 
        D565  3 0.0893 0.0386 0.2948 0.0399 0.0464 0.0870 0.1641 0.2138 0.0259 
        D566  3 0.1526 0.0142 0.2019 0.0480 0.0402 0.1300 0.0804 0.2954 0.0374 
        D567  3 0.1053 0.1144 0.2148 0.0628 0.1175 0.0871 0.0503 0.0596 0.1881 
        D568  3 0.1031 0.2569 0.0247 0.0343 0.1918 0.0974 0.0910 0.0819 0.1188 
        D569  3 0.1707 0.0179 0.0194 0.1938 0.0740 0.1885 0.0310 0.1776 0.1271 
        D573  3 0.2353 0.0129 0.1899 0.0251 0.0660 0.2759 0.0538 0.1048 0.0364 
        D574  3 0.1191 0.0421 0.0628 0.1011 0.2105 0.1084 0.0603 0.2462 0.0496 
        D575  3 0.0145 0.0284 0.0074 0.0216 0.0094 0.0154 0.8556 0.0160 0.0316 
        D576  3 0.1201 0.0068 0.0081 0.0511 0.0324 0.1295 0.2606 0.3330 0.0583 
        D577  3 0.0700 0.1814 0.1102 0.1046 0.0641 0.0673 0.0805 0.0520 0.2699 
        D578  3 0.0355 0.0187 0.0077 0.8246 0.0132 0.0431 0.0134 0.0309 0.0130 
        D579  3 0.0580 0.0329 0.4103 0.0263 0.2032 0.0637 0.0909 0.0771 0.0377 
        D660  3 0.1417 0.0169 0.0175 0.1620 0.0889 0.1694 0.0640 0.2291 0.1106 
        D661  3 0.0411 0.0373 0.0109 0.0456 0.7306 0.0352 0.0187 0.0522 0.0285 
        D663  3 0.2629 0.0142 0.0174 0.0635 0.0820 0.2822 0.0169 0.2035 0.0574 
        D664  3 0.0965 0.0477 0.0148 0.1154 0.0430 0.1087 0.1927 0.2354 0.1458 
        D665  3 0.0717 0.0127 0.0114 0.0311 0.0194 0.0731 0.0534 0.0513 0.6759 
        D666  3 0.0167 0.0186 0.0137 0.0192 0.0168 0.0236 0.8492 0.0261 0.0161 
        D502  6 0.0920 0.0092 0.0091 0.0372 0.0306 0.0933 0.0328 0.1797 0.5162 
        D503  6 0.1494 0.0420 0.0382 0.0602 0.2787 0.1692 0.0387 0.1683 0.0551 
        D504  6 0.1153 0.0546 0.1758 0.0564 0.3493 0.1168 0.0243 0.0906 0.0169 
        D505  6 0.1729 0.0171 0.1226 0.1389 0.0708 0.1369 0.0506 0.1986 0.0916 
        D506  6 0.0361 0.0089 0.7626 0.0419 0.0118 0.0254 0.0216 0.0809 0.0108 
        D507  6 0.2400 0.0410 0.0404 0.0588 0.1094 0.2372 0.0476 0.1743 0.0514 
        D508  6 0.1428 0.0183 0.0368 0.0407 0.2065 0.1555 0.0259 0.1852 0.1884 
        D529  6 0.1492 0.0323 0.0733 0.3973 0.0564 0.1099 0.0464 0.0887 0.0466 
        D530  6 0.0575 0.0231 0.0142 0.1260 0.0153 0.0412 0.0385 0.2750 0.4092 
        D531  6 0.1458 0.0306 0.2711 0.0480 0.1149 0.1348 0.0794 0.1163 0.0591 
        D532  6 0.1862 0.0183 0.0545 0.2342 0.0658 0.1743 0.0339 0.2120 0.0208 
        D534  6 0.1109 0.4293 0.0323 0.0505 0.1166 0.1220 0.0162 0.0709 0.0515 
        D535  6 0.2194 0.0271 0.0801 0.1302 0.0472 0.1714 0.1084 0.1739 0.0422 
        D536  6 0.1892 0.0123 0.0253 0.2313 0.0848 0.1285 0.0208 0.2544 0.0534 
        D554  6 0.1655 0.0427 0.1563 0.1317 0.0677 0.1341 0.0400 0.1930 0.0689 
        D587  6 0.1323 0.0785 0.2521 0.0421 0.0785 0.1290 0.0422 0.2258 0.0193 
        D588  6 0.3439 0.0090 0.0346 0.0465 0.0297 0.2927 0.0338 0.1836 0.0262 
        D589  6 0.2218 0.0177 0.0337 0.0547 0.1631 0.1867 0.0311 0.2124 0.0788 
        D590  6 0.2180 0.0202 0.1385 0.2270 0.0599 0.1565 0.0202 0.1442 0.0156 
        D591  6 0.1136 0.0728 0.0501 0.0622 0.1386 0.1328 0.2709 0.1030 0.0560 
        D592  6 0.1145 0.3984 0.1291 0.0553 0.0493 0.0961 0.0327 0.0627 0.0617 
        D593  6 0.0204 0.0111 0.0073 0.0434 0.0097 0.0198 0.0325 0.2760 0.5798 
        D682  6 0.0416 0.0163 0.7538 0.0181 0.0246 0.0341 0.0341 0.0675 0.0100 
        D683  6 0.0979 0.0352 0.2313 0.0529 0.1111 0.1004 0.0256 0.0921 0.2534 
        D684  6 0.1656 0.0300 0.0344 0.0707 0.1610 0.2508 0.0186 0.1025 0.1664 
        D685  6 0.2792 0.0137 0.0161 0.0428 0.0523 0.2267 0.0547 0.1784 0.1361 
        D686  6 0.1689 0.0152 0.0216 0.2468 0.0366 0.2011 0.0165 0.2754 0.0180 
        D724  6 0.1157 0.0469 0.0427 0.0597 0.2987 0.1138 0.0269 0.1013 0.1944 
        D725  6 0.1219 0.1117 0.0124 0.0831 0.0541 0.1294 0.0820 0.2277 0.1776 
        D726  6 0.0461 0.0474 0.5962 0.0345 0.0498 0.0444 0.0383 0.1238 0.0196 
        D727  6 0.1038 0.0096 0.0512 0.5039 0.0250 0.1539 0.0439 0.0872 0.0215 
        D728  6 0.1496 0.0353 0.1093 0.0423 0.0273 0.1377 0.2123 0.1979 0.0884 
        D729  6 0.0999 0.0132 0.0301 0.6568 0.0141 0.0738 0.0115 0.0709 0.0298 
        D730  6 0.0955 0.0256 0.0353 0.0263 0.6069 0.0940 0.0252 0.0530 0.0381 
        D731  6 0.0946 0.0145 0.0728 0.0592 0.0766 0.0834 0.2293 0.3353 0.0342 
        D732  6 0.1326 0.0509 0.0391 0.0869 0.0875 0.1255 0.0543 0.1160 0.3072 
        D733  6 0.0617 0.2670 0.0248 0.0418 0.3304 0.0673 0.0541 0.0677 0.0851 
     D237251  7 0.0981 0.0147 0.0138 0.0216 0.6008 0.0824 0.0939 0.0583 0.0163 
     D237252  7 0.0794 0.0717 0.0174 0.0439 0.1513 0.0575 0.0808 0.1567 0.3413 
     D237253  7 0.2820 0.0201 0.0652 0.0884 0.0939 0.2220 0.0625 0.1467 0.0192 
     D237254  7 0.0487 0.0224 0.0084 0.8366 0.0146 0.0244 0.0110 0.0198 0.0140 
     D237255  7 0.1469 0.0299 0.0310 0.0468 0.1148 0.1608 0.2355 0.2040 0.0303 
     D237256  7 0.3188 0.0115 0.0149 0.0254 0.0456 0.3155 0.0353 0.1935 0.0395 
     D237257  7 0.2604 0.0204 0.0207 0.2073 0.0303 0.2330 0.0218 0.1503 0.0556 
     D237282  7 0.1628 0.1971 0.0943 0.1935 0.0508 0.1583 0.0300 0.0851 0.0280 
     D237283  7 0.0201 0.0178 0.0070 0.0111 0.0248 0.0195 0.0447 0.0312 0.8237 
     D237284  7 0.1031 0.0416 0.0350 0.4931 0.0893 0.1020 0.0253 0.0681 0.0425 
     D237285  7 0.1034 0.0220 0.0178 0.1420 0.0412 0.1017 0.0336 0.2965 0.2417 
     D237286  7 0.2109 0.0235 0.1328 0.0464 0.1099 0.2582 0.0289 0.1650 0.0245 
     D237287  7 0.2015 0.0182 0.0344 0.0441 0.0393 0.2049 0.3224 0.0989 0.0362 
     D244006  7 0.0329 0.0201 0.0128 0.8177 0.0252 0.0350 0.0096 0.0294 0.0175 
     D244007  7 0.1002 0.1001 0.0344 0.3972 0.1346 0.0874 0.0194 0.1125 0.0141 
     D244008  7 0.0152 0.0212 0.0135 0.0139 0.0116 0.0185 0.0701 0.0184 0.8176 
     D244009  7 0.0548 0.5792 0.0296 0.0169 0.0895 0.0459 0.0294 0.0360 0.1187 
     D244010  7 0.0488 0.0093 0.0466 0.0293 0.0158 0.0440 0.0410 0.0428 0.7224 
     D244011  7 0.1185 0.0205 0.0306 0.0403 0.3196 0.1609 0.0237 0.2260 0.0598 
     D244012  7 0.0828 0.0085 0.0457 0.0373 0.0399 0.0826 0.0293 0.1067 0.5671 
     D244013  7 0.0727 0.0267 0.0273 0.0558 0.4248 0.0608 0.0413 0.2328 0.0578 
     D244014  7 0.1361 0.0571 0.0142 0.0475 0.2209 0.1311 0.2042 0.1316 0.0574 
     D244015  7 0.2431 0.0718 0.0300 0.0835 0.0226 0.2569 0.1322 0.0873 0.0727 
     D244125  7 0.1717 0.0402 0.0955 0.0271 0.0871 0.2172 0.1907 0.1429 0.0277 
     D244126  7 0.0118 0.0133 0.0144 0.0099 0.0222 0.0181 0.0110 0.0120 0.8873 
     D244130  7 0.2858 0.0160 0.0173 0.0586 0.0323 0.3603 0.0140 0.1595 0.0561 
     D244131  7 0.0407 0.0643 0.1319 0.0497 0.4438 0.0479 0.0127 0.1794 0.0295 
     D244132  7 0.1439 0.1639 0.0432 0.0203 0.2651 0.1586 0.0809 0.1036 0.0205 
        D520  7 0.0713 0.0310 0.0322 0.0920 0.0224 0.0752 0.0498 0.1189 0.5071 
        D521  7 0.1251 0.0514 0.0302 0.1162 0.0717 0.1434 0.0390 0.2551 0.1680 
        D522  7 0.0331 0.6452 0.0233 0.0168 0.1793 0.0254 0.0352 0.0252 0.0165 
        D523  7 0.0833 0.0306 0.0339 0.0567 0.5888 0.0825 0.0351 0.0674 0.0217 
        D524  7 0.1042 0.0317 0.0267 0.0468 0.4752 0.1101 0.0801 0.0830 0.0423 
        D525  7 0.1778 0.0791 0.1149 0.1256 0.0931 0.1663 0.0161 0.1483 0.0787 
        D526  7 0.0458 0.0556 0.0254 0.6409 0.0242 0.0450 0.0440 0.0538 0.0653 
        D527  7 0.0382 0.0124 0.0831 0.0139 0.7259 0.0315 0.0437 0.0304 0.0209 
        D528  7 0.4049 0.0082 0.0101 0.0140 0.0104 0.4005 0.0089 0.1099 0.0330 
        D558  7 0.1115 0.1403 0.0333 0.1935 0.1855 0.0963 0.0223 0.1111 0.1062 
        D559  7 0.0770 0.0248 0.0175 0.0278 0.6717 0.0723 0.0151 0.0520 0.0417 
        D640  7 0.1496 0.0247 0.0240 0.0286 0.2539 0.1276 0.2810 0.0782 0.0324 
        D641  7 0.1020 0.0162 0.0128 0.0640 0.0724 0.0913 0.2973 0.2206 0.1236 
        D642  7 0.1325 0.1220 0.0260 0.2398 0.0464 0.1706 0.0165 0.2128 0.0334 
        D644  7 0.1298 0.0579 0.0348 0.0787 0.1019 0.1336 0.0626 0.1270 0.2737 
        D645  7 0.1427 0.0278 0.0355 0.0260 0.1747 0.1118 0.3527 0.0862 0.0427 
        D662  7 0.2070 0.1565 0.1131 0.0553 0.1085 0.2234 0.0460 0.0784 0.0118 
        D687  7 0.0658 0.0303 0.0356 0.0174 0.6586 0.0587 0.0333 0.0576 0.0427 
        D688  7 0.2108 0.0148 0.0239 0.2125 0.0577 0.1792 0.0152 0.1506 0.1352 
        D689  7 0.0166 0.0135 0.0213 0.0086 0.0186 0.0149 0.8741 0.0148 0.0176 
        D700  7 0.3801 0.0107 0.0101 0.0195 0.0110 0.4405 0.0089 0.1097 0.0093 
        D797  7 0.0647 0.0838 0.1641 0.0261 0.4159 0.0739 0.0778 0.0574 0.0364 
        D798  7 0.2036 0.0305 0.0181 0.0218 0.0366 0.2269 0.2573 0.1259 0.0794 
        D799  7 0.1005 0.0121 0.0187 0.0167 0.5993 0.1225 0.0333 0.0644 0.0325 
        D800  7 0.1550 0.0313 0.3271 0.0382 0.1790 0.1339 0.0294 0.0899 0.0161 
        D201  9 0.0863 0.0765 0.0152 0.1164 0.5303 0.0664 0.0256 0.0467 0.0366 
        D202  9 0.1055 0.0083 0.0155 0.0568 0.0830 0.1070 0.0185 0.2636 0.3419 
     D237259  9 0.4211 0.0101 0.0161 0.0230 0.0228 0.2810 0.0577 0.1067 0.0616 
     D237260  9 0.2439 0.0100 0.0262 0.0747 0.1178 0.2689 0.0212 0.1815 0.0558 
     D237262  9 0.0813 0.0353 0.0247 0.0489 0.0152 0.0714 0.0138 0.0305 0.6789 
     D237263  9 0.1102 0.0232 0.0613 0.0618 0.2951 0.1028 0.0139 0.0676 0.2641 
     D237264  9 0.2320 0.0285 0.0748 0.0880 0.0764 0.1961 0.0278 0.1854 0.0910 
     D237265  9 0.0716 0.0161 0.0225 0.0616 0.1791 0.0573 0.0153 0.3082 0.2682 
     D237266  9 0.1989 0.0107 0.0247 0.0960 0.0293 0.1453 0.2686 0.1427 0.0838 
     D237267  9 0.1981 0.0077 0.0397 0.1755 0.0213 0.1773 0.0748 0.1872 0.1185 
     D237268  9 0.0293 0.0161 0.0204 0.0200 0.0192 0.0224 0.0212 0.0288 0.8225 
     D237289  9 0.0995 0.0347 0.0473 0.0470 0.1419 0.0836 0.0615 0.2669 0.2177 
     D237290  9 0.1072 0.0161 0.0351 0.0442 0.1025 0.0807 0.0943 0.2434 0.2767 
     D237291  9 0.1774 0.0102 0.0150 0.0759 0.3984 0.1500 0.0218 0.1428 0.0085 
     D237292  9 0.1387 0.0254 0.0223 0.1935 0.1133 0.1862 0.0113 0.2241 0.0852 
     D237293  9 0.0662 0.0245 0.0184 0.0588 0.0379 0.0752 0.2091 0.1829 0.3269 
     D237294  9 0.1671 0.0622 0.0271 0.0783 0.4103 0.1264 0.0166 0.0783 0.0337 
     D237295  9 0.0591 0.1160 0.3511 0.0515 0.0574 0.0523 0.0818 0.0763 0.1545 
     D237296  9 0.1964 0.0470 0.0428 0.0757 0.1907 0.2467 0.0640 0.1175 0.0191 
     D237297  9 0.2279 0.0181 0.0322 0.0423 0.0685 0.2359 0.0518 0.2780 0.0454 
     D237298  9 0.0674 0.0895 0.0377 0.0318 0.4774 0.0764 0.0588 0.0405 0.1205 
     D237341  9 0.1646 0.0499 0.0365 0.0557 0.3273 0.1804 0.0514 0.0887 0.0454 
     D237342  9 0.0429 0.0088 0.0339 0.0144 0.0267 0.0467 0.0161 0.0388 0.7718 
     D237343  9 0.2576 0.0299 0.0322 0.0845 0.1132 0.2549 0.0306 0.1644 0.0326 
     D237344  9 0.0885 0.0263 0.0382 0.1034 0.0338 0.0930 0.2321 0.3155 0.0692 
     D237345  9 0.0678 0.2554 0.0164 0.0410 0.0836 0.0882 0.0162 0.0552 0.3762 
     D237346  9 0.2749 0.0484 0.0336 0.0242 0.0760 0.2498 0.0863 0.1374 0.0694 
     D237347  9 0.0926 0.0223 0.0693 0.1117 0.2999 0.0831 0.0666 0.2237 0.0309 
     D237348  9 0.0707 0.0454 0.0207 0.1037 0.0612 0.0529 0.0960 0.2269 0.3225 
     D237349  9 0.1253 0.0807 0.0425 0.1241 0.3758 0.1521 0.0254 0.0594 0.0147 
     D244109  9 0.1442 0.0175 0.0216 0.4578 0.0453 0.1524 0.0175 0.0990 0.0446 
     D244110  9 0.1904 0.0368 0.0284 0.1992 0.0677 0.1832 0.0738 0.1637 0.0567 
     D244111  9 0.1215 0.0284 0.0248 0.0785 0.2692 0.1028 0.0568 0.2229 0.0951 
     D244128  9 0.0563 0.0122 0.0278 0.0188 0.0472 0.0559 0.0146 0.0381 0.7290 
     D244137  9 0.0592 0.0780 0.2852 0.1016 0.2487 0.0583 0.0218 0.1055 0.0416 
     D244138  9 0.2096 0.0307 0.0144 0.0311 0.2690 0.2362 0.0179 0.1421 0.0490 
        D580  9 0.0781 0.3383 0.0118 0.0658 0.0172 0.0921 0.0400 0.0677 0.2890 
        D581  9 0.0664 0.0252 0.0105 0.0558 0.2403 0.0705 0.0180 0.2823 0.2311 
        D582  9 0.0129 0.0215 0.0116 0.0168 0.0158 0.0108 0.0111 0.0149 0.8846 
        D583  9 0.1495 0.0302 0.0156 0.0538 0.3935 0.1154 0.0615 0.1439 0.0365 
        D584  9 0.1333 0.0541 0.0248 0.1109 0.0303 0.1428 0.0588 0.2655 0.1796 
        D585  9 0.0612 0.0271 0.0319 0.0374 0.0239 0.0649 0.0243 0.0402 0.6892 
        D586  9 0.1605 0.0154 0.0323 0.0369 0.3090 0.1862 0.0653 0.1714 0.0231 
        D651  9 0.0253 0.1616 0.0289 0.0235 0.0222 0.0248 0.6612 0.0261 0.0263 
        D652  9 0.1298 0.0452 0.0716 0.0813 0.4577 0.1092 0.0152 0.0653 0.0246 
        D653  9 0.2006 0.0360 0.0216 0.0341 0.1689 0.1712 0.1364 0.1522 0.0790 
        D654  9 0.2605 0.0529 0.0296 0.1058 0.0616 0.2374 0.0834 0.1261 0.0427 
        D655  9 0.1543 0.0186 0.0653 0.0449 0.0963 0.1787 0.2888 0.1152 0.0379 
        D656  9 0.0677 0.0154 0.0195 0.7089 0.0133 0.0692 0.0193 0.0391 0.0475 
        D657  9 0.1415 0.0592 0.0164 0.3158 0.0662 0.1538 0.0339 0.1525 0.0607 
        D667  9 0.0143 0.0083 0.0144 0.0178 0.0102 0.0117 0.8899 0.0170 0.0164 
        D668  9 0.1068 0.1226 0.0117 0.0269 0.0345 0.1220 0.2985 0.1005 0.1765 
        D669  9 0.0985 0.0435 0.0166 0.0424 0.3085 0.0621 0.0275 0.2301 0.1709 
        D670  9 0.1450 0.0229 0.0177 0.1051 0.0143 0.1825 0.4077 0.0787 0.0261 
        D671  9 0.1570 0.0650 0.0405 0.0592 0.3190 0.1519 0.0173 0.1546 0.0355 
        D672  9 0.1170 0.1195 0.0460 0.0228 0.0712 0.0993 0.0825 0.0813 0.3604 
        D673  9 0.0658 0.1662 0.0222 0.0151 0.0413 0.0796 0.4795 0.0512 0.0791 
        D692  9 0.0670 0.0161 0.0294 0.5087 0.0157 0.0977 0.0199 0.0572 0.1882 
        D693  9 0.0439 0.0652 0.0189 0.0526 0.0241 0.0391 0.6447 0.0522 0.0593 
        D694  9 0.1747 0.0278 0.0167 0.2871 0.0494 0.1737 0.0107 0.0815 0.1785 
        D695  9 0.1133 0.1462 0.0639 0.0407 0.0619 0.1160 0.1626 0.1023 0.1931 
        D696  9 0.0512 0.0799 0.3012 0.0648 0.0244 0.0415 0.0520 0.3638 0.0213 
        D697  9 0.0243 0.0258 0.0171 0.0134 0.0202 0.0264 0.8347 0.0243 0.0138 
        D698  9 0.1520 0.0350 0.0389 0.0465 0.0260 0.1910 0.1037 0.2493 0.1576 
        D699  9 0.0520 0.0285 0.0190 0.0310 0.0211 0.0538 0.5389 0.1578 0.0979 
        D787  9 0.1765 0.0208 0.0887 0.0724 0.1754 0.1846 0.1183 0.0926 0.0706 
        D788  9 0.0505 0.0215 0.0150 0.0204 0.0373 0.0586 0.4469 0.1076 0.2421 
        D789  9 0.1268 0.0213 0.0278 0.1228 0.0417 0.1120 0.0514 0.2335 0.2627 
        D790  9 0.0979 0.0457 0.0183 0.0426 0.0695 0.0714 0.5812 0.0455 0.0280 
        D791  9 0.1127 0.0091 0.0218 0.0471 0.2118 0.0854 0.0190 0.2334 0.2597 
        D792  9 0.1362 0.0413 0.0995 0.2855 0.0932 0.1371 0.0963 0.0929 0.0181 
        D793  9 0.0224 0.0099 0.0376 0.0199 0.0124 0.0141 0.8535 0.0181 0.0121 
        D794  9 0.0894 0.0488 0.0605 0.1198 0.0568 0.0836 0.3846 0.1247 0.0318 
        D795  9 0.0477 0.0142 0.0386 0.0209 0.0186 0.0461 0.0208 0.0569 0.7360 
        D796  9 0.0331 0.0114 0.0091 0.0111 0.0356 0.0305 0.7582 0.0278 0.0833 
        D005 12 0.0932 0.0167 0.0114 0.5906 0.0365 0.1185 0.0139 0.0953 0.0239 
        D035 12 0.0156 0.0128 0.0131 0.0102 0.0163 0.0168 0.8872 0.0171 0.0108 
        D067 12 0.1389 0.0237 0.0341 0.0293 0.0511 0.0991 0.4480 0.0930 0.0827 
        D134 12 0.2633 0.0119 0.0260 0.0524 0.0883 0.3539 0.0236 0.1154 0.0651 
        D135 12 0.3424 0.0262 0.0261 0.0299 0.0473 0.2868 0.0387 0.1334 0.0693 
        D136 12 0.1865 0.1286 0.1792 0.0697 0.0215 0.2209 0.0603 0.0927 0.0406 
        D137 12 0.1497 0.0277 0.0112 0.0212 0.0561 0.1468 0.3338 0.1618 0.0916 
        D138 12 0.1564 0.0677 0.0680 0.0621 0.1496 0.1232 0.2150 0.1215 0.0365 
        D139 12 0.1653 0.0297 0.0283 0.0624 0.2579 0.1564 0.0292 0.1872 0.0834 
        D140 12 0.0313 0.0229 0.0206 0.0224 0.0127 0.0274 0.8241 0.0239 0.0147 
        D141 12 0.0287 0.3106 0.0097 0.0435 0.0202 0.0446 0.1333 0.0303 0.3791 
        D150 12 0.2778 0.0119 0.0230 0.1449 0.0220 0.3182 0.0163 0.1498 0.0361 
        D177 12 0.2121 0.0098 0.0273 0.1530 0.0395 0.3057 0.0505 0.1385 0.0635 
        D178 12 0.1422 0.1702 0.2553 0.0654 0.0865 0.1448 0.0232 0.0932 0.0193 
        D179 12 0.2196 0.0809 0.0351 0.0986 0.0753 0.2261 0.0525 0.1891 0.0227 
        D180 12 0.0934 0.0262 0.0167 0.1133 0.0279 0.1081 0.3385 0.0764 0.1994 
        D187 12 0.0314 0.0098 0.0165 0.0119 0.0382 0.0233 0.8205 0.0252 0.0232 
        D188 12 0.0840 0.0947 0.0147 0.3343 0.0314 0.0989 0.0155 0.0632 0.2633 
        D191 12 0.0869 0.2659 0.0235 0.0474 0.2740 0.0718 0.1163 0.0803 0.0338 
        D418 12 0.0922 0.3628 0.0141 0.0390 0.1350 0.0960 0.0944 0.0870 0.0793 
        D601 12 0.0857 0.0149 0.0218 0.2753 0.0218 0.0625 0.0294 0.0662 0.4224 
        D836 12 0.0276 0.0149 0.0102 0.0287 0.0231 0.0271 0.2388 0.0187 0.6109 
        D837 12 0.0816 0.0551 0.1243 0.0266 0.4339 0.1031 0.0302 0.1040 0.0411 
        D838 12 0.0317 0.0162 0.0257 0.0130 0.0543 0.0269 0.7763 0.0396 0.0164 
        D839 12 0.1257 0.0369 0.0285 0.0549 0.3261 0.1196 0.0280 0.1842 0.0959 
        D840 12 0.0428 0.1066 0.0233 0.0376 0.4516 0.0510 0.0892 0.1678 0.0301 
        D841 12 0.0145 0.0125 0.0096 0.0116 0.0226 0.0166 0.8883 0.0135 0.0108 
        D842 12 0.1606 0.1752 0.0145 0.1035 0.1854 0.1501 0.0116 0.1247 0.0744 
        D843 12 0.1466 0.0152 0.0839 0.0916 0.0849 0.1307 0.1985 0.1125 0.1362 
        D844 12 0.0607 0.0628 0.0310 0.1392 0.5492 0.0795 0.0106 0.0434 0.0237 
        D912 12 0.0285 0.0951 0.1482 0.0156 0.5608 0.0256 0.0220 0.0899 0.0144 
        D913 12 0.2430 0.0145 0.0457 0.0302 0.0685 0.2497 0.1434 0.1902 0.0148 
        D914 12 0.0682 0.0186 0.0204 0.0294 0.5292 0.0682 0.0469 0.1958 0.0233 
        D922 12 0.0200 0.0265 0.0193 0.0156 0.0202 0.0172 0.8224 0.0185 0.0403 
        D939 12 0.0422 0.0383 0.0142 0.0495 0.0368 0.0310 0.1713 0.0347 0.5820 
        D944 12 0.3176 0.0486 0.0202 0.0315 0.0635 0.2972 0.0479 0.1625 0.0111 
        D945 12 0.1599 0.0258 0.0293 0.0713 0.0832 0.2073 0.1227 0.1359 0.1646 
        D985 12 0.1666 0.1050 0.0303 0.2620 0.0213 0.1167 0.1016 0.1299 0.0665 
        D986 12 0.1381 0.0177 0.0352 0.0340 0.4645 0.1546 0.0104 0.1002 0.0453 
        D987 12 0.0532 0.0441 0.0391 0.0314 0.5739 0.0667 0.0201 0.1498 0.0217 
        D988 12 0.1252 0.0246 0.0311 0.1018 0.2429 0.1219 0.0272 0.2583 0.0670 
        D996 12 0.0918 0.0186 0.0197 0.0710 0.2906 0.1171 0.1863 0.1858 0.0190 
        D997 12 0.0743 0.0188 0.0229 0.0363 0.0684 0.0719 0.0825 0.0971 0.5278 
        D998 12 0.3179 0.0132 0.0368 0.0333 0.0323 0.2201 0.1446 0.1684 0.0334 
        D999 12 0.0889 0.0489 0.0198 0.0474 0.3557 0.1203 0.0247 0.2265 0.0678 
