        D174  1 0.5115 0.2504 0.2381 
        D199  1 0.3485 0.3806 0.2709 
        D203  1 0.4488 0.2900 0.2612 
        D204  1 0.7458 0.1280 0.1262 
     D237366  1 0.3988 0.4172 0.1840 
     D237367  1 0.2494 0.3301 0.4206 
     D237368  1 0.5290 0.2946 0.1763 
     D244101  1 0.4710 0.3905 0.1384 
     D244102  1 0.4149 0.2434 0.3417 
     D244103  1 0.1983 0.5443 0.2574 
     D244104  1 0.5641 0.1670 0.2689 
     D244105  1 0.2104 0.5150 0.2746 
     D244106  1 0.6477 0.2434 0.1089 
     D244107  1 0.1444 0.5125 0.3431 
     D244108  1 0.5009 0.2419 0.2572 
     D244113  1 0.2847 0.3439 0.3714 
     D244114  1 0.3114 0.5721 0.1164 
     D244115  1 0.6447 0.2181 0.1372 
     D267365  1 0.5905 0.1987 0.2107 
        D404  1 0.3840 0.2632 0.3527 
        D405  1 0.4262 0.2184 0.3554 
        D406  1 0.6707 0.1997 0.1296 
        D407  1 0.3855 0.4741 0.1404 
        D408  1 0.4517 0.2316 0.3168 
        D409  1 0.3091 0.5024 0.1885 
        D410  1 0.3325 0.4822 0.1852 
        D421  1 0.5703 0.3041 0.1256 
        D422  1 0.1864 0.6780 0.1356 
        D423  1 0.1406 0.6671 0.1924 
        D424  1 0.5939 0.3118 0.0943 
        D425  1 0.3530 0.4592 0.1877 
        D426  1 0.1584 0.7060 0.1356 
        D427  1 0.4156 0.4323 0.1521 
        D428  1 0.5669 0.2578 0.1752 
        D429  1 0.7930 0.1258 0.0812 
        D430  1 0.4427 0.3813 0.1760 
        D491  1 0.5837 0.2034 0.2129 
        D492  1 0.6527 0.2405 0.1068 
        D537  1 0.4938 0.3112 0.1950 
        D538  1 0.4021 0.3039 0.2940 
        D539  1 0.4703 0.1955 0.3342 
        D540  1 0.1598 0.5371 0.3031 
        D541  1 0.7558 0.1386 0.1057 
        D551  1 0.1651 0.7260 0.1089 
        D552  1 0.6887 0.1408 0.1706 
        D553  1 0.4643 0.3060 0.2296 
        D615  1 0.6085 0.1760 0.2155 
        D616  1 0.4887 0.3497 0.1617 
        D621  1 0.4671 0.2023 0.3306 
        D622  1 0.5441 0.2507 0.2051 
        D623  1 0.3514 0.3391 0.3095 
        D624  1 0.4509 0.3438 0.2052 
        D625  1 0.7071 0.1496 0.1434 
        D626  1 0.2954 0.2324 0.4722 
        D627  1 0.2415 0.6022 0.1563 
        D690  1 0.7818 0.0987 0.1196 
        D691  1 0.6472 0.2086 0.1443 
        D710  1 0.4209 0.3097 0.2695 
        D711  1 0.7824 0.1184 0.0992 
        D712  1 0.3945 0.2208 0.3847 
        D713  1 0.4705 0.3835 0.1459 
        D746  1 0.5996 0.2227 0.1777 
        D747  1 0.7769 0.1160 0.1071 
        D748  1 0.7213 0.1481 0.1305 
        D749  1 0.2639 0.5913 0.1448 
        D750  1 0.7773 0.1154 0.1074 
        D763  1 0.3141 0.3005 0.3854 
        D764  1 0.7734 0.1334 0.0932 
        D765  1 0.1929 0.5549 0.2523 
        D766  1 0.4566 0.2084 0.3350 
        D767  1 0.3793 0.2584 0.3623 
        D768  1 0.4229 0.4181 0.1590 
        D811  1 0.1563 0.2005 0.6432 
        D816  1 0.8027 0.1123 0.0850 
        D825  1 0.5219 0.1923 0.2858 
        D866  1 0.3108 0.2127 0.4765 
        D867  1 0.1665 0.6939 0.1397 
        D871  1 0.3649 0.4559 0.1793 
        D872  1 0.5275 0.1685 0.3040 
        D873  1 0.1154 0.6652 0.2194 
        D874  1 0.7103 0.1618 0.1279 
        D875  1 0.3173 0.5715 0.1112 
        D876  1 0.7128 0.1225 0.1646 
        D877  1 0.4256 0.3479 0.2265 
        D892  1 0.7542 0.1552 0.0906 
        D893  1 0.5431 0.2065 0.2504 
        D894  1 0.7773 0.1400 0.0827 
        D915  1 0.5813 0.1994 0.2193 
        D916  1 0.8540 0.0768 0.0692 
        D917  1 0.2527 0.3939 0.3534 
        D925  1 0.5165 0.2502 0.2334 
        D926  1 0.6338 0.2307 0.1355 
        D927  1 0.5201 0.2926 0.1873 
        D928  1 0.6121 0.2299 0.1580 
        D929  1 0.3029 0.2044 0.4927 
        D936  1 0.7256 0.1477 0.1268 
        D938  1 0.4812 0.2418 0.2770 
        D956  1 0.5852 0.2529 0.1619 
        D957  1 0.5386 0.1999 0.2615 
        D958  1 0.7151 0.1275 0.1574 
        D959  1 0.2411 0.6492 0.1097 
        D960  1 0.4262 0.4674 0.1065 
        D989  1 0.5468 0.2448 0.2085 
        D990  1 0.2210 0.5567 0.2223 
        D211  3 0.1796 0.1629 0.6575 
     D229639  3 0.2570 0.2994 0.4436 
     D237212  3 0.2517 0.2533 0.4950 
     D237213  3 0.1470 0.1630 0.6900 
     D237214  3 0.2400 0.6541 0.1058 
     D237215  3 0.1047 0.3694 0.5258 
     D237216  3 0.1780 0.5124 0.3095 
     D237217  3 0.1675 0.3940 0.4386 
     D237218  3 0.4851 0.2640 0.2509 
     D237219  3 0.1725 0.1575 0.6701 
     D237382  3 0.4000 0.1848 0.4152 
     D244127  3 0.1528 0.3049 0.5423 
     D244129  3 0.3620 0.2321 0.4059 
     D244133  3 0.3359 0.2467 0.4173 
     D244134  3 0.1872 0.1666 0.6462 
     D244135  3 0.1734 0.4816 0.3449 
     D244136  3 0.3860 0.3038 0.3102 
        D416  3 0.1865 0.3080 0.5055 
        D417  3 0.5987 0.2565 0.1448 
        D419  3 0.3090 0.1731 0.5179 
        D565  3 0.5130 0.2136 0.2734 
        D566  3 0.3557 0.3530 0.2914 
        D567  3 0.5132 0.1677 0.3191 
        D568  3 0.3383 0.2167 0.4450 
        D569  3 0.1670 0.4554 0.3776 
        D573  3 0.3357 0.3905 0.2738 
        D574  3 0.3073 0.4003 0.2924 
        D575  3 0.0955 0.1230 0.7816 
        D576  3 0.0734 0.3778 0.5489 
        D577  3 0.4019 0.2055 0.3926 
        D578  3 0.1298 0.7332 0.1371 
        D579  3 0.5746 0.1789 0.2466 
        D660  3 0.1295 0.3717 0.4987 
        D661  3 0.3952 0.3939 0.2109 
        D663  3 0.1786 0.5694 0.2520 
        D664  3 0.1431 0.2709 0.5860 
        D665  3 0.1039 0.2051 0.6911 
        D666  3 0.1927 0.1575 0.6498 
        D502  6 0.0878 0.3019 0.6103 
        D503  6 0.3119 0.4391 0.2489 
        D504  6 0.6131 0.2470 0.1399 
        D505  6 0.2984 0.4204 0.2812 
        D506  6 0.5073 0.3641 0.1287 
        D507  6 0.1901 0.3887 0.4211 
        D508  6 0.2555 0.2979 0.4466 
        D529  6 0.3358 0.4275 0.2368 
        D530  6 0.1170 0.2513 0.6317 
        D531  6 0.5117 0.2205 0.2678 
        D532  6 0.2220 0.5872 0.1908 
        D534  6 0.4149 0.3182 0.2669 
        D535  6 0.3380 0.3789 0.2831 
        D536  6 0.1408 0.6355 0.2238 
        D554  6 0.4068 0.2947 0.2985 
        D587  6 0.5836 0.2458 0.1706 
        D588  6 0.1650 0.6159 0.2191 
        D589  6 0.1922 0.5256 0.2821 
        D590  6 0.2261 0.6373 0.1366 
        D591  6 0.3581 0.3529 0.2890 
        D592  6 0.5588 0.2585 0.1828 
        D593  6 0.0884 0.1413 0.7704 
        D682  6 0.5784 0.2668 0.1548 
        D683  6 0.4795 0.2797 0.2409 
        D684  6 0.2768 0.4014 0.3218 
        D685  6 0.1213 0.5212 0.3575 
        D686  6 0.1309 0.7204 0.1487 
        D724  6 0.2646 0.2991 0.4362 
        D725  6 0.1612 0.2565 0.5823 
        D726  6 0.6607 0.2017 0.1376 
        D727  6 0.1717 0.6488 0.1795 
        D728  6 0.2939 0.2177 0.4884 
        D729  6 0.1546 0.6969 0.1485 
        D730  6 0.3871 0.2859 0.3269 
        D731  6 0.2332 0.3022 0.4646 
        D732  6 0.2779 0.2163 0.5058 
        D733  6 0.4628 0.1998 0.3375 
     D237251  7 0.2831 0.3197 0.3972 
     D237252  7 0.1827 0.1843 0.6330 
     D237253  7 0.2031 0.5631 0.2338 
     D237254  7 0.1426 0.7380 0.1194 
     D237255  7 0.2106 0.3613 0.4282 
     D237256  7 0.1288 0.4561 0.4151 
     D237257  7 0.1523 0.5989 0.2488 
     D237282  7 0.4839 0.3236 0.1925 
     D237283  7 0.0772 0.2093 0.7136 
     D237284  7 0.2991 0.5049 0.1960 
     D237285  7 0.1408 0.3068 0.5523 
     D237286  7 0.3928 0.3893 0.2179 
     D237287  7 0.1749 0.3365 0.4886 
     D244006  7 0.2326 0.6389 0.1285 
     D244007  7 0.3480 0.5051 0.1469 
     D244008  7 0.1072 0.1686 0.7242 
     D244009  7 0.5284 0.1714 0.3002 
     D244010  7 0.1550 0.2235 0.6214 
     D244011  7 0.2619 0.4243 0.3138 
     D244012  7 0.1765 0.2416 0.5819 
     D244013  7 0.4123 0.2123 0.3754 
     D244014  7 0.1898 0.2794 0.5308 
     D244015  7 0.2395 0.3164 0.4441 
     D244125  7 0.3376 0.2839 0.3785 
     D244126  7 0.1497 0.1789 0.6714 
     D244130  7 0.1576 0.5715 0.2709 
     D244131  7 0.6710 0.1787 0.1503 
     D244132  7 0.4318 0.2762 0.2920 
        D520  7 0.1309 0.3117 0.5574 
        D521  7 0.3216 0.2331 0.4453 
        D522  7 0.6475 0.1965 0.1559 
        D523  7 0.3540 0.4375 0.2085 
        D524  7 0.3883 0.2411 0.3706 
        D525  7 0.3554 0.4048 0.2398 
        D526  7 0.2499 0.4570 0.2932 
        D527  7 0.4993 0.2005 0.3002 
        D528  7 0.0907 0.7893 0.1200 
        D558  7 0.3676 0.3044 0.3280 
        D559  7 0.3738 0.3493 0.2769 
        D640  7 0.2423 0.2691 0.4887 
        D641  7 0.1030 0.1924 0.7045 
        D642  7 0.2723 0.4526 0.2751 
        D644  7 0.2801 0.1956 0.5243 
        D645  7 0.3239 0.2245 0.4516 
        D662  7 0.5527 0.3074 0.1399 
        D687  7 0.4320 0.3033 0.2647 
        D688  7 0.1996 0.4484 0.3520 
        D689  7 0.2640 0.1174 0.6186 
        D700  7 0.0929 0.8248 0.0823 
        D797  7 0.6122 0.1800 0.2078 
        D798  7 0.1744 0.4059 0.4197 
        D799  7 0.2665 0.3331 0.4004 
        D800  7 0.5878 0.2814 0.1308 
        D201  9 0.3402 0.4238 0.2361 
        D202  9 0.1187 0.2669 0.6144 
     D237259  9 0.1107 0.5390 0.3504 
     D237260  9 0.1407 0.5732 0.2861 
     D237262  9 0.2464 0.3538 0.3998 
     D237263  9 0.4098 0.2707 0.3194 
     D237264  9 0.3466 0.3787 0.2747 
     D237265  9 0.1895 0.4134 0.3971 
     D237266  9 0.1364 0.3533 0.5103 
     D237267  9 0.1170 0.5449 0.3380 
     D237268  9 0.1808 0.1599 0.6593 
     D237289  9 0.2844 0.2666 0.4490 
     D237290  9 0.1988 0.2168 0.5844 
     D237291  9 0.1785 0.6812 0.1402 
     D237292  9 0.1597 0.6535 0.1868 
     D237293  9 0.1250 0.1558 0.7192 
     D237294  9 0.3348 0.4819 0.1834 
     D237295  9 0.5088 0.1713 0.3199 
     D237296  9 0.2508 0.5125 0.2367 
     D237297  9 0.2143 0.3923 0.3934 
     D237298  9 0.4087 0.2139 0.3774 
     D237341  9 0.3029 0.4286 0.2685 
     D237342  9 0.1877 0.2010 0.6112 
     D237343  9 0.2524 0.4623 0.2853 
     D237344  9 0.1778 0.2743 0.5479 
     D237345  9 0.2943 0.2711 0.4346 
     D237346  9 0.2248 0.3633 0.4118 
     D237347  9 0.3738 0.3678 0.2584 
     D237348  9 0.1622 0.1717 0.6661 
     D237349  9 0.4579 0.4003 0.1418 
     D244109  9 0.1860 0.5399 0.2741 
     D244110  9 0.2017 0.4221 0.3763 
     D244111  9 0.2803 0.2492 0.4704 
     D244128  9 0.1580 0.2659 0.5761 
     D244137  9 0.6556 0.1773 0.1670 
     D244138  9 0.2439 0.4321 0.3240 
        D580  9 0.2078 0.2369 0.5553 
        D581  9 0.1564 0.3550 0.4886 
        D582  9 0.1587 0.1294 0.7119 
        D583  9 0.2235 0.4113 0.3652 
        D584  9 0.1502 0.3647 0.4851 
        D585  9 0.2099 0.2080 0.5822 
        D586  9 0.2627 0.5019 0.2353 
        D651  9 0.2882 0.1766 0.5352 
        D652  9 0.5077 0.3293 0.1630 
        D653  9 0.2119 0.3548 0.4333 
        D654  9 0.2803 0.4021 0.3176 
        D655  9 0.2269 0.3054 0.4677 
        D656  9 0.1345 0.6246 0.2409 
        D657  9 0.2552 0.3930 0.3518 
        D667  9 0.1395 0.1736 0.6869 
        D668  9 0.1420 0.2301 0.6280 
        D669  9 0.2480 0.3417 0.4103 
        D670  9 0.1354 0.5121 0.3525 
        D671  9 0.3861 0.4347 0.1792 
        D672  9 0.2469 0.1962 0.5568 
        D673  9 0.2588 0.1993 0.5419 
        D692  9 0.1194 0.5161 0.3645 
        D693  9 0.1487 0.1918 0.6595 
        D694  9 0.1448 0.5460 0.3092 
        D695  9 0.2974 0.2141 0.4884 
        D696  9 0.5276 0.1931 0.2793 
        D697  9 0.2210 0.2128 0.5662 
        D698  9 0.1953 0.3038 0.5009 
        D699  9 0.1244 0.1402 0.7354 
        D787  9 0.3335 0.2990 0.3675 
        D788  9 0.1187 0.1731 0.7082 
        D789  9 0.1802 0.2949 0.5249 
        D790  9 0.1990 0.3532 0.4478 
        D791  9 0.1667 0.2784 0.5549 
        D792  9 0.4017 0.4268 0.1715 
        D793  9 0.2991 0.2129 0.4880 
        D794  9 0.3597 0.2719 0.3684 
        D795  9 0.1778 0.2455 0.5768 
        D796  9 0.1007 0.1606 0.7386 
        D005 12 0.1612 0.6559 0.1829 
        D035 12 0.1962 0.2791 0.5247 
        D067 12 0.2315 0.2049 0.5637 
        D134 12 0.1517 0.5069 0.3414 
        D135 12 0.1924 0.4751 0.3325 
        D136 12 0.4856 0.2979 0.2166 
        D137 12 0.1398 0.2413 0.6189 
        D138 12 0.3824 0.2818 0.3358 
        D139 12 0.3341 0.2976 0.3683 
        D140 12 0.2207 0.3132 0.4661 
        D141 12 0.1450 0.1864 0.6686 
        D150 12 0.1556 0.6395 0.2049 
        D177 12 0.1237 0.4906 0.3856 
        D178 12 0.5490 0.3014 0.1495 
        D179 12 0.3379 0.4258 0.2362 
        D180 12 0.1280 0.2473 0.6247 
        D187 12 0.1977 0.1561 0.6461 
        D188 12 0.1659 0.4543 0.3798 
        D191 12 0.3769 0.2859 0.3372 
        D418 12 0.2575 0.3169 0.4256 
        D601 12 0.1599 0.2972 0.5429 
        D836 12 0.1124 0.1204 0.7671 
        D837 12 0.5972 0.1677 0.2351 
        D838 12 0.2746 0.1417 0.5836 
        D839 12 0.3258 0.3733 0.3009 
        D840 12 0.4598 0.2606 0.2796 
        D841 12 0.1484 0.1703 0.6813 
        D842 12 0.2850 0.4817 0.2334 
        D843 12 0.2233 0.2778 0.4989 
        D844 12 0.5038 0.3639 0.1323 
        D912 12 0.7505 0.1338 0.1157 
        D913 12 0.2102 0.5802 0.2096 
        D914 12 0.4614 0.2925 0.2461 
        D922 12 0.1680 0.1208 0.7112 
        D939 12 0.1367 0.1307 0.7326 
        D944 12 0.1816 0.7287 0.0897 
        D945 12 0.1910 0.2731 0.5359 
        D985 12 0.2035 0.3695 0.4270 
        D986 12 0.3603 0.4555 0.1842 
        D987 12 0.5916 0.2393 0.1691 
        D988 12 0.3150 0.3476 0.3375 
        D996 12 0.2985 0.4126 0.2889 
        D997 12 0.2024 0.2426 0.5550 
        D998 12 0.1925 0.4714 0.3361 
        D999 12 0.2706 0.3485 0.3809 
