        D174  1 0.1792 0.1718 0.1036 0.4274 0.1179 
        D199  1 0.1956 0.3483 0.1613 0.2006 0.0943 
        D203  1 0.1921 0.2252 0.1204 0.2281 0.2343 
        D204  1 0.0626 0.0505 0.0367 0.7620 0.0882 
     D237366  1 0.1225 0.2098 0.0797 0.1040 0.4840 
     D237367  1 0.2344 0.2968 0.1311 0.1342 0.2035 
     D237368  1 0.1655 0.1906 0.0803 0.3084 0.2553 
     D244101  1 0.0704 0.3652 0.0743 0.2043 0.2858 
     D244102  1 0.1749 0.1727 0.1471 0.2392 0.2662 
     D244103  1 0.1256 0.4212 0.1227 0.1366 0.1939 
     D244104  1 0.0509 0.0679 0.4226 0.3514 0.1073 
     D244105  1 0.0538 0.3422 0.1724 0.0443 0.3872 
     D244106  1 0.0407 0.0809 0.0429 0.7378 0.0977 
     D244107  1 0.3369 0.3826 0.0931 0.0416 0.1458 
     D244108  1 0.1034 0.1813 0.1443 0.1808 0.3903 
     D244113  1 0.2388 0.2700 0.2248 0.1724 0.0939 
     D244114  1 0.0627 0.4435 0.1312 0.1258 0.2369 
     D244115  1 0.0615 0.1018 0.0558 0.6703 0.1106 
     D267365  1 0.1323 0.1686 0.1492 0.3356 0.2143 
        D404  1 0.2675 0.1031 0.0861 0.4993 0.0439 
        D405  1 0.2869 0.1242 0.1468 0.3764 0.0657 
        D406  1 0.0257 0.0275 0.0241 0.0318 0.8910 
        D407  1 0.0663 0.2004 0.0517 0.6022 0.0794 
        D408  1 0.1035 0.1246 0.1928 0.5228 0.0563 
        D409  1 0.1118 0.3997 0.1177 0.1660 0.2048 
        D410  1 0.1896 0.4855 0.0820 0.1078 0.1350 
        D421  1 0.0307 0.0798 0.0721 0.7861 0.0313 
        D422  1 0.1107 0.3912 0.0441 0.0991 0.3549 
        D423  1 0.1456 0.5376 0.0903 0.0894 0.1371 
        D424  1 0.0272 0.1223 0.0373 0.7667 0.0465 
        D425  1 0.0700 0.4199 0.2463 0.1929 0.0709 
        D426  1 0.0400 0.6419 0.1108 0.1080 0.0993 
        D427  1 0.0359 0.1216 0.3147 0.4987 0.0290 
        D428  1 0.0727 0.1463 0.0869 0.5790 0.1151 
        D429  1 0.0277 0.0371 0.0313 0.8386 0.0654 
        D430  1 0.0943 0.1527 0.0950 0.6007 0.0574 
        D491  1 0.0505 0.1340 0.1629 0.5172 0.1354 
        D492  1 0.0467 0.0837 0.0288 0.7526 0.0882 
        D537  1 0.0704 0.2427 0.1234 0.2179 0.3456 
        D538  1 0.3925 0.1659 0.0644 0.2137 0.1635 
        D539  1 0.1069 0.0998 0.1511 0.1839 0.4582 
        D540  1 0.0760 0.3789 0.3974 0.0822 0.0656 
        D541  1 0.0347 0.0418 0.0395 0.8432 0.0407 
        D551  1 0.0373 0.6809 0.0476 0.0674 0.1668 
        D552  1 0.0318 0.0574 0.0792 0.1011 0.7305 
        D553  1 0.0570 0.1869 0.2029 0.4647 0.0884 
        D615  1 0.1071 0.0908 0.0929 0.5758 0.1335 
        D616  1 0.1188 0.2043 0.0829 0.4506 0.1434 
        D621  1 0.0670 0.0561 0.0834 0.0615 0.7319 
        D622  1 0.0404 0.0734 0.0558 0.0475 0.7829 
        D623  1 0.2967 0.2544 0.1306 0.2080 0.1103 
        D624  1 0.0665 0.1812 0.1151 0.5782 0.0590 
        D625  1 0.1310 0.0814 0.0430 0.6001 0.1446 
        D626  1 0.0560 0.0923 0.6217 0.1261 0.1040 
        D627  1 0.0913 0.4818 0.0567 0.2086 0.1616 
        D690  1 0.0411 0.0289 0.0330 0.8654 0.0316 
        D691  1 0.0451 0.0566 0.0460 0.0558 0.7967 
        D710  1 0.1628 0.2489 0.1971 0.3041 0.0870 
        D711  1 0.0543 0.0409 0.0229 0.8244 0.0574 
        D712  1 0.1042 0.1348 0.3298 0.1256 0.3055 
        D713  1 0.0929 0.3680 0.0771 0.2517 0.2104 
        D746  1 0.0379 0.0453 0.0430 0.0754 0.7983 
        D747  1 0.0370 0.0348 0.0280 0.8704 0.0298 
        D748  1 0.0552 0.0730 0.0610 0.1573 0.6535 
        D749  1 0.1018 0.4172 0.0604 0.0998 0.3208 
        D750  1 0.0325 0.0339 0.0312 0.8620 0.0404 
        D763  1 0.0932 0.1356 0.3339 0.0698 0.3675 
        D764  1 0.0285 0.0326 0.0275 0.8796 0.0318 
        D765  1 0.0615 0.4692 0.2200 0.0451 0.2041 
        D766  1 0.0433 0.0662 0.0999 0.0517 0.7389 
        D767  1 0.3311 0.1698 0.0963 0.1479 0.2550 
        D768  1 0.0663 0.2894 0.1532 0.3294 0.1617 
        D811  1 0.1143 0.1401 0.6229 0.0866 0.0361 
        D816  1 0.0292 0.0433 0.0312 0.8383 0.0580 
        D825  1 0.1189 0.1887 0.1192 0.4417 0.1314 
        D866  1 0.3687 0.1334 0.2588 0.1488 0.0904 
        D867  1 0.1774 0.4858 0.0570 0.0654 0.2145 
        D871  1 0.1156 0.3282 0.0610 0.3621 0.1331 
        D872  1 0.1344 0.0940 0.0876 0.0822 0.6018 
        D873  1 0.5423 0.3062 0.0431 0.0417 0.0668 
        D874  1 0.0546 0.1214 0.0875 0.5065 0.2299 
        D875  1 0.0834 0.4297 0.0344 0.1043 0.3482 
        D876  1 0.0347 0.0586 0.0826 0.1239 0.7001 
        D877  1 0.1954 0.2253 0.0675 0.4498 0.0620 
        D892  1 0.0497 0.0904 0.0361 0.2316 0.5922 
        D893  1 0.0938 0.2269 0.1486 0.2255 0.3050 
        D894  1 0.0336 0.0300 0.0239 0.8785 0.0340 
        D915  1 0.1455 0.1662 0.0954 0.1519 0.4411 
        D916  1 0.0246 0.0206 0.0209 0.9034 0.0305 
        D917  1 0.4209 0.2224 0.1256 0.1839 0.0472 
        D925  1 0.2290 0.1637 0.1233 0.2783 0.2058 
        D926  1 0.0523 0.1335 0.0565 0.5976 0.1600 
        D927  1 0.1213 0.2608 0.1071 0.2295 0.2813 
        D928  1 0.0335 0.0803 0.1097 0.7146 0.0618 
        D929  1 0.5060 0.1190 0.0856 0.1098 0.1796 
        D936  1 0.0633 0.0635 0.0483 0.6779 0.1470 
        D938  1 0.0284 0.0322 0.0545 0.0302 0.8548 
        D956  1 0.0577 0.0463 0.0415 0.8210 0.0335 
        D957  1 0.1053 0.0997 0.0571 0.0690 0.6689 
        D958  1 0.0313 0.0362 0.0427 0.0970 0.7928 
        D959  1 0.0445 0.3878 0.0509 0.4456 0.0713 
        D960  1 0.1039 0.1240 0.0235 0.0522 0.6964 
        D989  1 0.0479 0.1437 0.3708 0.3006 0.1369 
        D990  1 0.3130 0.4331 0.0789 0.0488 0.1261 
        D211  3 0.6040 0.0736 0.1549 0.0606 0.1069 
     D229639  3 0.1255 0.1882 0.4312 0.1918 0.0633 
     D237212  3 0.3619 0.1445 0.2405 0.1884 0.0647 
     D237213  3 0.3749 0.1010 0.3543 0.0317 0.1382 
     D237214  3 0.2305 0.5221 0.0332 0.0796 0.1346 
     D237215  3 0.2049 0.1722 0.5431 0.0447 0.0351 
     D237216  3 0.1463 0.4779 0.1965 0.0758 0.1035 
     D237217  3 0.1820 0.3090 0.2106 0.0393 0.2591 
     D237218  3 0.0706 0.1165 0.1114 0.1510 0.5505 
     D237219  3 0.0920 0.0763 0.6919 0.0320 0.1078 
     D237382  3 0.3785 0.1284 0.1570 0.1715 0.1646 
     D244127  3 0.3534 0.2106 0.3089 0.0381 0.0889 
     D244129  3 0.3388 0.1442 0.1911 0.1743 0.1516 
     D244133  3 0.0513 0.0689 0.6844 0.1239 0.0715 
     D244134  3 0.1136 0.0744 0.6156 0.0394 0.1569 
     D244135  3 0.3763 0.3032 0.0930 0.0557 0.1717 
     D244136  3 0.0643 0.1577 0.4178 0.2562 0.1040 
        D416  3 0.1171 0.2016 0.5331 0.0711 0.0771 
        D417  3 0.0436 0.1313 0.0598 0.3500 0.4153 
        D419  3 0.1056 0.0955 0.5011 0.0605 0.2374 
        D565  3 0.0606 0.1011 0.2805 0.4892 0.0687 
        D566  3 0.1111 0.1337 0.2337 0.4805 0.0409 
        D567  3 0.1664 0.0903 0.1885 0.3161 0.2387 
        D568  3 0.0716 0.1009 0.2070 0.0690 0.5515 
        D569  3 0.6279 0.1890 0.0732 0.0561 0.0538 
        D573  3 0.1045 0.2995 0.2199 0.3236 0.0525 
        D574  3 0.2099 0.2537 0.1685 0.1828 0.1852 
        D575  3 0.0742 0.0599 0.7929 0.0234 0.0497 
        D576  3 0.1498 0.1159 0.6856 0.0259 0.0227 
        D577  3 0.1610 0.1281 0.2259 0.1565 0.3285 
        D578  3 0.2100 0.5507 0.0534 0.0250 0.1610 
        D579  3 0.0906 0.0605 0.1687 0.5879 0.0923 
        D660  3 0.5440 0.1878 0.1697 0.0433 0.0552 
        D661  3 0.0444 0.0729 0.0703 0.0479 0.7645 
        D663  3 0.2401 0.5331 0.1088 0.0706 0.0475 
        D664  3 0.3950 0.1426 0.3152 0.0371 0.1101 
        D665  3 0.6837 0.1050 0.1496 0.0262 0.0356 
        D666  3 0.0492 0.0490 0.8076 0.0460 0.0483 
        D502  6 0.5062 0.2179 0.1937 0.0323 0.0499 
        D503  6 0.1507 0.2198 0.1036 0.1040 0.4219 
        D504  6 0.0545 0.1330 0.0675 0.5178 0.2272 
        D505  6 0.3302 0.2648 0.1323 0.2147 0.0580 
        D506  6 0.0324 0.0754 0.0494 0.8127 0.0302 
        D507  6 0.1811 0.3861 0.2199 0.0958 0.1173 
        D508  6 0.4851 0.1802 0.1464 0.1260 0.0624 
        D529  6 0.1537 0.2889 0.1503 0.2671 0.1399 
        D530  6 0.6522 0.1138 0.1272 0.0498 0.0569 
        D531  6 0.1487 0.1297 0.1708 0.4680 0.0827 
        D532  6 0.1271 0.4266 0.1439 0.2370 0.0655 
        D534  6 0.1353 0.1393 0.0614 0.0911 0.5729 
        D535  6 0.1237 0.3046 0.2319 0.2831 0.0567 
        D536  6 0.3271 0.4144 0.0843 0.0964 0.0778 
        D554  6 0.2006 0.1703 0.1126 0.4212 0.0953 
        D587  6 0.0683 0.1441 0.1129 0.5004 0.1744 
        D588  6 0.1075 0.6317 0.1253 0.1046 0.0310 
        D589  6 0.3951 0.3333 0.0810 0.0808 0.1098 
        D590  6 0.0742 0.3580 0.0899 0.4048 0.0731 
        D591  6 0.0909 0.2492 0.3116 0.1460 0.2024 
        D592  6 0.1317 0.1400 0.0677 0.2367 0.4239 
        D593  6 0.7358 0.0536 0.1518 0.0256 0.0333 
        D682  6 0.0330 0.0758 0.0743 0.7722 0.0447 
        D683  6 0.2519 0.1578 0.0666 0.4056 0.1180 
        D684  6 0.4275 0.3013 0.0645 0.1004 0.1064 
        D685  6 0.2023 0.5534 0.1332 0.0462 0.0649 
        D686  6 0.1666 0.6121 0.0708 0.1005 0.0500 
        D724  6 0.3183 0.1773 0.1218 0.1429 0.2397 
        D725  6 0.3692 0.1622 0.2295 0.0433 0.1958 
        D726  6 0.0408 0.0783 0.0797 0.6900 0.1113 
        D727  6 0.1055 0.4536 0.1419 0.2598 0.0392 
        D728  6 0.1453 0.1947 0.3710 0.2129 0.0761 
        D729  6 0.2059 0.4733 0.0407 0.2379 0.0422 
        D730  6 0.1340 0.1735 0.1377 0.1605 0.3944 
        D731  6 0.2136 0.1420 0.4282 0.1677 0.0486 
        D732  6 0.4292 0.1642 0.1623 0.1146 0.1297 
        D733  6 0.1541 0.0779 0.1080 0.0718 0.5881 
     D237251  7 0.0543 0.1732 0.4524 0.0738 0.2463 
     D237252  7 0.3377 0.0993 0.1874 0.0388 0.3369 
     D237253  7 0.0694 0.4173 0.2359 0.1818 0.0956 
     D237254  7 0.2065 0.5426 0.0381 0.0278 0.1850 
     D237255  7 0.0836 0.1565 0.5609 0.0753 0.1236 
     D237256  7 0.2019 0.4171 0.2769 0.0604 0.0438 
     D237257  7 0.3328 0.4337 0.0863 0.0792 0.0679 
     D237282  7 0.1218 0.2174 0.1235 0.2026 0.3348 
     D237283  7 0.6929 0.0916 0.1466 0.0217 0.0471 
     D237284  7 0.1681 0.3740 0.0707 0.1026 0.2847 
     D237285  7 0.5644 0.1621 0.1252 0.0589 0.0894 
     D237286  7 0.1242 0.2434 0.1713 0.3848 0.0762 
     D237287  7 0.0688 0.2247 0.5468 0.0919 0.0678 
     D244006  7 0.2808 0.4641 0.0340 0.0535 0.1676 
     D244007  7 0.0877 0.3054 0.0555 0.1701 0.3814 
     D244008  7 0.5944 0.0903 0.2180 0.0341 0.0632 
     D244009  7 0.0703 0.0495 0.0620 0.0576 0.7606 
     D244010  7 0.6614 0.1019 0.1246 0.0689 0.0432 
     D244011  7 0.3010 0.2740 0.1276 0.1017 0.1957 
     D244012  7 0.6928 0.0937 0.0935 0.0853 0.0347 
     D244013  7 0.2528 0.1638 0.2150 0.1360 0.2324 
     D244014  7 0.1778 0.1868 0.3983 0.0466 0.1904 
     D244015  7 0.2180 0.2713 0.2857 0.0889 0.1362 
     D244125  7 0.1000 0.1886 0.3769 0.2329 0.1016 
     D244126  7 0.7777 0.0633 0.0714 0.0345 0.0531 
     D244130  7 0.5479 0.3048 0.0518 0.0534 0.0421 
     D244131  7 0.1021 0.0827 0.0473 0.4185 0.3495 
     D244132  7 0.0565 0.1616 0.3762 0.0912 0.3144 
        D520  7 0.4915 0.1871 0.1888 0.0643 0.0683 
        D521  7 0.5617 0.1407 0.1179 0.0967 0.0831 
        D522  7 0.0297 0.0459 0.0624 0.0758 0.7862 
        D523  7 0.0418 0.1708 0.1301 0.0980 0.5594 
        D524  7 0.1127 0.1308 0.2976 0.1298 0.3291 
        D525  7 0.3109 0.2474 0.0635 0.2187 0.1594 
        D526  7 0.1991 0.3347 0.1356 0.0672 0.2634 
        D527  7 0.0852 0.1251 0.2164 0.3087 0.2647 
        D528  7 0.0439 0.8756 0.0272 0.0271 0.0263 
        D558  7 0.4844 0.1197 0.0533 0.0834 0.2592 
        D559  7 0.2714 0.2064 0.0874 0.0993 0.3356 
        D640  7 0.0553 0.1438 0.6202 0.0697 0.1109 
        D641  7 0.3360 0.1291 0.4480 0.0348 0.0521 
        D642  7 0.3175 0.2778 0.0713 0.0944 0.2389 
        D644  7 0.3155 0.1537 0.2163 0.1210 0.1936 
        D645  7 0.0732 0.0950 0.5649 0.0969 0.1700 
        D662  7 0.0597 0.2736 0.1498 0.2589 0.2580 
        D687  7 0.1410 0.1939 0.0964 0.1941 0.3746 
        D688  7 0.5820 0.2123 0.0612 0.0777 0.0668 
        D689  7 0.0405 0.0359 0.8159 0.0598 0.0479 
        D700  7 0.0288 0.8840 0.0228 0.0364 0.0279 
        D797  7 0.0751 0.1053 0.1129 0.3161 0.3906 
        D798  7 0.1986 0.2765 0.4173 0.0378 0.0698 
        D799  7 0.2231 0.2756 0.2530 0.1065 0.1417 
        D800  7 0.0690 0.2015 0.0763 0.4748 0.1783 
        D201  9 0.0509 0.1425 0.0767 0.0558 0.6741 
        D202  9 0.6480 0.1496 0.1159 0.0498 0.0367 
     D237259  9 0.1130 0.6356 0.1754 0.0417 0.0342 
     D237260  9 0.3396 0.3819 0.1168 0.0741 0.0877 
     D237262  9 0.6615 0.1656 0.0479 0.0672 0.0577 
     D237263  9 0.3847 0.1630 0.0698 0.1974 0.1852 
     D237264  9 0.4100 0.2301 0.0758 0.1908 0.0934 
     D237265  9 0.6239 0.1511 0.0717 0.0676 0.0857 
     D237266  9 0.1769 0.1508 0.5754 0.0595 0.0373 
     D237267  9 0.3310 0.4378 0.1117 0.0930 0.0265 
     D237268  9 0.6341 0.0770 0.1321 0.0620 0.0948 
     D237289  9 0.4662 0.1059 0.1820 0.1117 0.1341 
     D237290  9 0.4150 0.1488 0.2804 0.0699 0.0859 
     D237291  9 0.0621 0.4655 0.2554 0.0702 0.1468 
     D237292  9 0.4478 0.3147 0.0427 0.0700 0.1248 
     D237293  9 0.4686 0.0933 0.3309 0.0399 0.0673 
     D237294  9 0.1091 0.2044 0.0589 0.0978 0.5299 
     D237295  9 0.1956 0.0808 0.1485 0.4390 0.1360 
     D237296  9 0.0889 0.3906 0.1957 0.1169 0.2079 
     D237297  9 0.3937 0.2761 0.1623 0.1001 0.0679 
     D237298  9 0.1061 0.1202 0.1511 0.1488 0.4739 
     D237341  9 0.1711 0.3111 0.1534 0.1090 0.2555 
     D237342  9 0.7686 0.0725 0.0610 0.0707 0.0272 
     D237343  9 0.1942 0.3709 0.1562 0.0869 0.1918 
     D237344  9 0.2909 0.1426 0.4295 0.0820 0.0551 
     D237345  9 0.4938 0.0938 0.0522 0.0410 0.3193 
     D237346  9 0.1325 0.2780 0.3527 0.0768 0.1600 
     D237347  9 0.1283 0.2676 0.1711 0.2313 0.2018 
     D237348  9 0.6029 0.0869 0.1782 0.0526 0.0794 
     D237349  9 0.1024 0.1830 0.0686 0.2765 0.3695 
     D244109  9 0.4542 0.2949 0.0771 0.0679 0.1059 
     D244110  9 0.2832 0.2302 0.2268 0.0914 0.1684 
     D244111  9 0.4214 0.1488 0.1690 0.1347 0.1261 
     D244128  9 0.7814 0.0671 0.0493 0.0581 0.0441 
     D244137  9 0.1029 0.1008 0.0505 0.4564 0.2895 
     D244138  9 0.3938 0.3098 0.0681 0.0761 0.1522 
        D580  9 0.2566 0.1651 0.1413 0.0365 0.4005 
        D581  9 0.6298 0.1053 0.0663 0.0311 0.1674 
        D582  9 0.7577 0.0486 0.0821 0.0419 0.0697 
        D583  9 0.1419 0.1549 0.3013 0.0571 0.3448 
        D584  9 0.5558 0.2130 0.0931 0.0614 0.0767 
        D585  9 0.6275 0.1099 0.1137 0.0869 0.0619 
        D586  9 0.1068 0.4484 0.2104 0.1019 0.1325 
        D651  9 0.0476 0.0661 0.6176 0.0628 0.2059 
        D652  9 0.1523 0.1649 0.0497 0.3028 0.3303 
        D653  9 0.2073 0.3504 0.2275 0.0915 0.1232 
        D654  9 0.1453 0.3101 0.2734 0.0955 0.1757 
        D655  9 0.1688 0.1874 0.4373 0.1389 0.0676 
        D656  9 0.2219 0.4879 0.0640 0.1037 0.1225 
        D657  9 0.3998 0.2491 0.0791 0.0629 0.2091 
        D667  9 0.0401 0.0459 0.8411 0.0433 0.0296 
        D668  9 0.1755 0.1496 0.4876 0.0354 0.1519 
        D669  9 0.3876 0.1759 0.1080 0.0561 0.2724 
        D670  9 0.0356 0.2598 0.5863 0.0484 0.0699 
        D671  9 0.3146 0.1858 0.0487 0.1474 0.3036 
        D672  9 0.2587 0.1365 0.2596 0.0813 0.2639 
        D673  9 0.0927 0.1210 0.4364 0.0600 0.2900 
        D692  9 0.4135 0.3145 0.0818 0.1181 0.0720 
        D693  9 0.1263 0.1124 0.5862 0.0525 0.1226 
        D694  9 0.5665 0.2392 0.0466 0.0491 0.0987 
        D695  9 0.1309 0.1443 0.3635 0.1214 0.2399 
        D696  9 0.1369 0.0785 0.1264 0.5708 0.0873 
        D697  9 0.0389 0.0544 0.7760 0.0568 0.0739 
        D698  9 0.2440 0.2149 0.3643 0.0967 0.0801 
        D699  9 0.2003 0.0820 0.6171 0.0429 0.0577 
        D787  9 0.1634 0.1725 0.3501 0.2143 0.0997 
        D788  9 0.1995 0.0814 0.6176 0.0392 0.0623 
        D789  9 0.6185 0.1381 0.1149 0.0682 0.0603 
        D790  9 0.0806 0.1406 0.5817 0.0576 0.1396 
        D791  9 0.6651 0.1201 0.0961 0.0541 0.0646 
        D792  9 0.0777 0.2801 0.2211 0.2087 0.2124 
        D793  9 0.0300 0.0668 0.7267 0.1366 0.0399 
        D794  9 0.1375 0.1494 0.4091 0.1719 0.1322 
        D795  9 0.7123 0.0945 0.0816 0.0684 0.0432 
        D796  9 0.0926 0.0606 0.7658 0.0353 0.0458 
        D005 12 0.3313 0.4866 0.0562 0.0495 0.0765 
        D035 12 0.0300 0.0734 0.8207 0.0381 0.0378 
        D067 12 0.0972 0.1187 0.6313 0.0864 0.0664 
        D134 12 0.2181 0.4860 0.1258 0.0978 0.0722 
        D135 12 0.1275 0.5112 0.1922 0.0659 0.1031 
        D136 12 0.1172 0.2635 0.1566 0.3503 0.1124 
        D137 12 0.1141 0.1630 0.5966 0.0407 0.0855 
        D138 12 0.0649 0.1222 0.3913 0.1451 0.2765 
        D139 12 0.3827 0.2056 0.1486 0.1374 0.1258 
        D140 12 0.0507 0.0995 0.7417 0.0557 0.0524 
        D141 12 0.2625 0.0769 0.2599 0.0240 0.3767 
        D150 12 0.3937 0.4308 0.0536 0.0691 0.0528 
        D177 12 0.2143 0.4565 0.1662 0.1270 0.0360 
        D178 12 0.1241 0.2165 0.0516 0.3452 0.2625 
        D179 12 0.0873 0.4039 0.2072 0.1451 0.1565 
        D180 12 0.1327 0.1662 0.5609 0.0443 0.0958 
        D187 12 0.0538 0.0546 0.7898 0.0519 0.0500 
        D188 12 0.4362 0.1948 0.0630 0.0535 0.2526 
        D191 12 0.0633 0.0730 0.1930 0.0585 0.6123 
        D418 12 0.0849 0.1065 0.1305 0.0414 0.6367 
        D601 12 0.5282 0.2156 0.1354 0.0614 0.0595 
        D836 12 0.4090 0.0822 0.4043 0.0290 0.0755 
        D837 12 0.1741 0.1063 0.1042 0.3684 0.2469 
        D838 12 0.0380 0.0470 0.7957 0.0703 0.0490 
        D839 12 0.3427 0.1543 0.1040 0.1281 0.2709 
        D840 12 0.0942 0.1491 0.2098 0.1022 0.4447 
        D841 12 0.0380 0.0570 0.8105 0.0340 0.0604 
        D842 12 0.3640 0.1516 0.0408 0.0416 0.4019 
        D843 12 0.1977 0.2223 0.3134 0.1831 0.0835 
        D844 12 0.0469 0.0932 0.0255 0.0947 0.7396 
        D912 12 0.0491 0.0685 0.0875 0.3722 0.4228 
        D913 12 0.0552 0.2238 0.5736 0.0834 0.0640 
        D914 12 0.1129 0.2319 0.2517 0.1593 0.2442 
        D922 12 0.0768 0.0495 0.7513 0.0476 0.0747 
        D939 12 0.4471 0.0816 0.2840 0.0450 0.1422 
        D944 12 0.0340 0.4708 0.2654 0.0532 0.1765 
        D945 12 0.2160 0.2252 0.3781 0.0968 0.0840 
        D985 12 0.2375 0.3250 0.2256 0.0779 0.1340 
        D986 12 0.1917 0.3929 0.0461 0.1653 0.2040 
        D987 12 0.0806 0.1700 0.1054 0.2243 0.4198 
        D988 12 0.2721 0.3062 0.1250 0.1334 0.1633 
        D996 12 0.0558 0.2824 0.4124 0.1007 0.1487 
        D997 12 0.3716 0.1813 0.2451 0.0940 0.1080 
        D998 12 0.1731 0.3592 0.2929 0.1337 0.0411 
        D999 12 0.2594 0.1642 0.1131 0.0779 0.3855 
