        D174  1 0.0520 0.1666 0.4043 0.1849 0.0585 0.1337 
        D199  1 0.1670 0.1070 0.1198 0.1258 0.0811 0.3993 
        D203  1 0.1060 0.2181 0.1922 0.2703 0.0692 0.1442 
        D204  1 0.0329 0.0780 0.7484 0.0827 0.0253 0.0328 
     D237366  1 0.0407 0.2885 0.0346 0.4696 0.0428 0.1237 
     D237367  1 0.1675 0.2185 0.0782 0.2664 0.0954 0.1740 
     D237368  1 0.0499 0.1333 0.3009 0.3690 0.0400 0.1069 
     D244101  1 0.0328 0.3471 0.1064 0.1457 0.0374 0.3307 
     D244102  1 0.1110 0.3459 0.1399 0.1877 0.0772 0.1383 
     D244103  1 0.0801 0.1125 0.1130 0.1921 0.0706 0.4317 
     D244104  1 0.0377 0.0479 0.3257 0.0679 0.4618 0.0590 
     D244105  1 0.0285 0.0683 0.0228 0.4832 0.1742 0.2230 
     D244106  1 0.0222 0.0993 0.7551 0.0386 0.0240 0.0608 
     D244107  1 0.1185 0.2703 0.0232 0.1853 0.1206 0.2821 
     D244108  1 0.0661 0.1386 0.1343 0.3969 0.1191 0.1449 
     D244113  1 0.1240 0.1558 0.1842 0.1154 0.1355 0.2851 
     D244114  1 0.0270 0.2345 0.0628 0.1443 0.0752 0.4561 
     D244115  1 0.0332 0.1163 0.6481 0.0636 0.0286 0.1102 
     D267365  1 0.0865 0.3149 0.2036 0.1398 0.0785 0.1768 
        D404  1 0.1254 0.1050 0.6266 0.0311 0.0382 0.0737 
        D405  1 0.1701 0.2661 0.3006 0.0424 0.0988 0.1220 
        D406  1 0.0124 0.0160 0.0153 0.9285 0.0121 0.0157 
        D407  1 0.0325 0.0889 0.5749 0.0813 0.0341 0.1883 
        D408  1 0.0714 0.0500 0.6077 0.0378 0.1023 0.1308 
        D409  1 0.0493 0.1366 0.1227 0.2093 0.0863 0.3958 
        D410  1 0.0449 0.3721 0.0500 0.1850 0.0621 0.2860 
        D421  1 0.0180 0.0347 0.7980 0.0190 0.0456 0.0847 
        D422  1 0.0588 0.1437 0.0519 0.2741 0.0342 0.4373 
        D423  1 0.0409 0.2762 0.0441 0.1584 0.0443 0.4362 
        D424  1 0.0150 0.0304 0.7969 0.0407 0.0204 0.0967 
        D425  1 0.0305 0.2161 0.0836 0.0698 0.2354 0.3646 
        D426  1 0.0292 0.0670 0.1029 0.0920 0.0692 0.6398 
        D427  1 0.0172 0.0476 0.5190 0.0159 0.2710 0.1293 
        D428  1 0.0355 0.0888 0.5558 0.1153 0.0560 0.1486 
        D429  1 0.0131 0.1232 0.7943 0.0309 0.0148 0.0237 
        D430  1 0.0770 0.0964 0.5463 0.0310 0.0772 0.1721 
        D491  1 0.0334 0.0493 0.5704 0.1332 0.1244 0.0892 
        D492  1 0.0294 0.0806 0.6974 0.0855 0.0181 0.0890 
        D537  1 0.0343 0.1043 0.1190 0.5087 0.0631 0.1707 
        D538  1 0.2109 0.1647 0.2130 0.2538 0.0379 0.1197 
        D539  1 0.1748 0.1423 0.1584 0.2653 0.1331 0.1261 
        D540  1 0.0492 0.1499 0.0597 0.0469 0.3563 0.3380 
        D541  1 0.0206 0.0208 0.8891 0.0250 0.0206 0.0239 
        D551  1 0.0236 0.0549 0.0407 0.1006 0.0255 0.7548 
        D552  1 0.0183 0.1973 0.0746 0.6117 0.0539 0.0442 
        D553  1 0.0397 0.0735 0.4618 0.0554 0.1408 0.2288 
        D615  1 0.0981 0.0855 0.6073 0.0664 0.0515 0.0912 
        D616  1 0.0714 0.0899 0.4542 0.0999 0.0581 0.2265 
        D621  1 0.0578 0.0579 0.0447 0.7349 0.0645 0.0402 
        D622  1 0.0181 0.0570 0.0300 0.8248 0.0314 0.0389 
        D623  1 0.1514 0.2890 0.1478 0.1185 0.0641 0.2292 
        D624  1 0.0420 0.0395 0.6210 0.0286 0.0955 0.1734 
        D625  1 0.1471 0.0464 0.6195 0.1130 0.0208 0.0532 
        D626  1 0.0298 0.0454 0.0712 0.0835 0.7063 0.0638 
        D627  1 0.0440 0.0752 0.1957 0.1545 0.0321 0.4986 
        D690  1 0.0226 0.0195 0.9063 0.0178 0.0174 0.0165 
        D691  1 0.0217 0.0311 0.0304 0.8695 0.0215 0.0258 
        D710  1 0.0752 0.1657 0.2726 0.1098 0.1500 0.2267 
        D711  1 0.0304 0.0570 0.8459 0.0264 0.0118 0.0285 
        D712  1 0.0593 0.1714 0.1156 0.2883 0.2293 0.1361 
        D713  1 0.0587 0.1086 0.1726 0.3000 0.0365 0.3237 
        D746  1 0.0183 0.0360 0.0405 0.8495 0.0290 0.0267 
        D747  1 0.0186 0.0343 0.8840 0.0195 0.0188 0.0248 
        D748  1 0.0383 0.0325 0.0829 0.7741 0.0377 0.0344 
        D749  1 0.0417 0.1615 0.0463 0.2376 0.0330 0.4799 
        D750  1 0.0173 0.0193 0.9089 0.0184 0.0175 0.0186 
        D763  1 0.1225 0.1199 0.0355 0.3147 0.2974 0.1100 
        D764  1 0.0125 0.0147 0.9204 0.0199 0.0148 0.0177 
        D765  1 0.0285 0.2060 0.0270 0.1716 0.1716 0.3952 
        D766  1 0.0282 0.0323 0.0271 0.8138 0.0564 0.0422 
        D767  1 0.1342 0.2604 0.1000 0.3293 0.0550 0.1212 
        D768  1 0.0335 0.1134 0.2681 0.1877 0.1010 0.2964 
        D811  1 0.1177 0.0565 0.0635 0.0308 0.6313 0.1003 
        D816  1 0.0152 0.2343 0.6779 0.0304 0.0171 0.0250 
        D825  1 0.0996 0.2184 0.3449 0.0817 0.0947 0.1606 
        D866  1 0.3603 0.1722 0.1233 0.0476 0.1720 0.1247 
        D867  1 0.0369 0.2311 0.0336 0.3228 0.0266 0.3489 
        D871  1 0.0579 0.1066 0.3646 0.1600 0.0356 0.2752 
        D872  1 0.0529 0.0770 0.0366 0.7683 0.0370 0.0281 
        D873  1 0.1584 0.4554 0.0223 0.0682 0.0272 0.2686 
        D874  1 0.0309 0.2722 0.4688 0.0798 0.0436 0.1048 
        D875  1 0.0421 0.1174 0.0588 0.4868 0.0180 0.2770 
        D876  1 0.0290 0.0645 0.1053 0.6884 0.0688 0.0439 
        D877  1 0.0946 0.1355 0.4230 0.0423 0.0360 0.2685 
        D892  1 0.0229 0.0466 0.0931 0.7795 0.0195 0.0384 
        D893  1 0.0543 0.2973 0.1144 0.2790 0.1013 0.1536 
        D894  1 0.0215 0.0252 0.9129 0.0136 0.0104 0.0164 
        D915  1 0.0529 0.1987 0.0741 0.5081 0.0476 0.1186 
        D916  1 0.0126 0.0130 0.9316 0.0152 0.0122 0.0154 
        D917  1 0.3188 0.1713 0.1521 0.0585 0.0641 0.2351 
        D925  1 0.1122 0.2700 0.1944 0.1597 0.0702 0.1936 
        D926  1 0.0327 0.3051 0.4607 0.0643 0.0321 0.1051 
        D927  1 0.0908 0.3512 0.1028 0.2078 0.0492 0.1981 
        D928  1 0.0161 0.0406 0.7883 0.0398 0.0473 0.0679 
        D929  1 0.3311 0.1938 0.0737 0.2753 0.0378 0.0883 
        D936  1 0.0362 0.3901 0.4578 0.0425 0.0240 0.0494 
        D938  1 0.0174 0.0210 0.0164 0.8904 0.0355 0.0193 
        D956  1 0.0268 0.0228 0.8769 0.0181 0.0172 0.0381 
        D957  1 0.0388 0.1049 0.0252 0.7669 0.0243 0.0398 
        D958  1 0.0163 0.0176 0.0422 0.8834 0.0225 0.0180 
        D959  1 0.0174 0.0954 0.4128 0.0529 0.0416 0.3799 
        D960  1 0.0272 0.1167 0.0274 0.7129 0.0145 0.1012 
        D989  1 0.0275 0.1095 0.2824 0.1342 0.2756 0.1708 
        D990  1 0.1574 0.3159 0.0232 0.0802 0.0596 0.3637 
        D211  3 0.6988 0.0409 0.0361 0.0935 0.0734 0.0573 
     D229639  3 0.1768 0.1083 0.1237 0.0314 0.3745 0.1853 
     D237212  3 0.3529 0.1598 0.1259 0.0422 0.1990 0.1202 
     D237213  3 0.4426 0.0929 0.0169 0.0647 0.3068 0.0761 
     D237214  3 0.0365 0.3035 0.0415 0.4446 0.0154 0.1585 
     D237215  3 0.1730 0.2067 0.0225 0.0197 0.4178 0.1603 
     D237216  3 0.1022 0.1571 0.0439 0.0609 0.1514 0.4845 
     D237217  3 0.1971 0.0708 0.0193 0.2520 0.1278 0.3330 
     D237218  3 0.0899 0.4264 0.0805 0.1977 0.0624 0.1431 
     D237219  3 0.0516 0.0253 0.0156 0.0372 0.8303 0.0400 
     D237382  3 0.2291 0.1828 0.1207 0.2896 0.1007 0.0771 
     D244127  3 0.1363 0.3085 0.0164 0.0638 0.3048 0.1703 
     D244129  3 0.2439 0.1572 0.1480 0.2033 0.1384 0.1092 
     D244133  3 0.0351 0.0416 0.0611 0.0467 0.7649 0.0507 
     D244134  3 0.0671 0.0385 0.0240 0.0583 0.7758 0.0363 
     D244135  3 0.1651 0.2482 0.0294 0.2749 0.0546 0.2278 
     D244136  3 0.0403 0.0791 0.1884 0.1075 0.4422 0.1425 
        D416  3 0.0861 0.1504 0.0370 0.0370 0.4869 0.2026 
        D417  3 0.0262 0.1478 0.2420 0.3753 0.0508 0.1580 
        D419  3 0.0653 0.0464 0.0278 0.1557 0.6364 0.0684 
        D565  3 0.0395 0.0824 0.5152 0.0507 0.2037 0.1085 
        D566  3 0.0984 0.0819 0.5187 0.0218 0.1314 0.1479 
        D567  3 0.0945 0.1560 0.2574 0.2073 0.1795 0.1053 
        D568  3 0.0690 0.1314 0.0395 0.4284 0.2604 0.0713 
        D569  3 0.3062 0.3518 0.0388 0.0549 0.0347 0.2136 
        D573  3 0.0673 0.1265 0.2147 0.0302 0.2230 0.3384 
        D574  3 0.1172 0.2539 0.1198 0.1479 0.0984 0.2628 
        D575  3 0.0682 0.0187 0.0133 0.0329 0.8459 0.0210 
        D576  3 0.1491 0.1223 0.0172 0.0136 0.6025 0.0953 
        D577  3 0.1919 0.0757 0.1504 0.3625 0.1149 0.1047 
        D578  3 0.0214 0.3443 0.0134 0.4811 0.0214 0.1184 
        D579  3 0.0480 0.1482 0.5849 0.0439 0.1071 0.0679 
        D660  3 0.3240 0.2943 0.0260 0.0519 0.1513 0.1525 
        D661  3 0.0640 0.4297 0.0224 0.3801 0.0265 0.0774 
        D663  3 0.1755 0.1247 0.0492 0.0452 0.0691 0.5364 
        D664  3 0.2424 0.1695 0.0191 0.1465 0.2483 0.1742 
        D665  3 0.7775 0.0604 0.0137 0.0226 0.0644 0.0613 
        D666  3 0.0301 0.0255 0.0224 0.0350 0.8562 0.0309 
        D502  6 0.7060 0.0567 0.0152 0.0212 0.0849 0.1160 
        D503  6 0.1732 0.2156 0.0801 0.2053 0.0870 0.2388 
        D504  6 0.0448 0.2556 0.4146 0.1064 0.0425 0.1360 
        D505  6 0.2564 0.1767 0.2279 0.0569 0.0699 0.2122 
        D506  6 0.0155 0.0250 0.8727 0.0168 0.0234 0.0466 
        D507  6 0.1568 0.1936 0.0646 0.0584 0.1396 0.3870 
        D508  6 0.4268 0.3137 0.0482 0.0290 0.0656 0.1169 
        D529  6 0.0946 0.2006 0.1832 0.1807 0.0952 0.2457 
        D530  6 0.7223 0.1026 0.0271 0.0403 0.0348 0.0728 
        D531  6 0.1243 0.1357 0.3684 0.0733 0.1517 0.1465 
        D532  6 0.0535 0.2631 0.1465 0.0537 0.0693 0.4139 
        D534  6 0.0726 0.2449 0.0500 0.4457 0.0380 0.1489 
        D535  6 0.0882 0.1213 0.2067 0.0484 0.1950 0.3404 
        D536  6 0.2038 0.2518 0.0692 0.0493 0.0390 0.3869 
        D554  6 0.1638 0.1399 0.3840 0.0687 0.0737 0.1698 
        D587  6 0.0371 0.1230 0.4255 0.1435 0.0684 0.2026 
        D588  6 0.0391 0.0845 0.0587 0.0186 0.1042 0.6948 
        D589  6 0.3462 0.1597 0.0518 0.0430 0.0533 0.3460 
        D590  6 0.0343 0.1836 0.3310 0.0376 0.0467 0.3668 
        D591  6 0.1755 0.1140 0.1024 0.1445 0.2169 0.2468 
        D592  6 0.0924 0.1459 0.1707 0.3917 0.0535 0.1459 
        D593  6 0.8735 0.0519 0.0114 0.0160 0.0285 0.0186 
        D682  6 0.0155 0.0328 0.8495 0.0279 0.0361 0.0382 
        D683  6 0.2644 0.1178 0.3498 0.0573 0.0355 0.1752 
        D684  6 0.3934 0.2115 0.0629 0.0683 0.0359 0.2279 
        D685  6 0.4693 0.0869 0.0288 0.0336 0.0690 0.3125 
        D686  6 0.0538 0.3041 0.0677 0.0387 0.0321 0.5035 
        D724  6 0.2562 0.3856 0.0646 0.1208 0.0481 0.1246 
        D725  6 0.4438 0.0958 0.0201 0.1450 0.1506 0.1449 
        D726  6 0.0220 0.0447 0.7683 0.0681 0.0423 0.0546 
        D727  6 0.0425 0.1491 0.1887 0.0333 0.0751 0.5113 
        D728  6 0.1176 0.0608 0.2495 0.0544 0.3723 0.1454 
        D729  6 0.0685 0.2857 0.1550 0.0352 0.0225 0.4331 
        D730  6 0.0662 0.5153 0.0663 0.1567 0.0567 0.1388 
        D731  6 0.1427 0.1116 0.2587 0.0275 0.3027 0.1567 
        D732  6 0.3723 0.1464 0.0855 0.1165 0.1014 0.1779 
        D733  6 0.1162 0.2142 0.0429 0.4821 0.0720 0.0725 
     D237251  7 0.0280 0.4251 0.0282 0.0909 0.2530 0.1748 
     D237252  7 0.4574 0.1214 0.0241 0.1878 0.1533 0.0561 
     D237253  7 0.0396 0.1881 0.1279 0.0676 0.1875 0.3892 
     D237254  7 0.0304 0.2925 0.0149 0.4915 0.0178 0.1528 
     D237255  7 0.0679 0.1498 0.0602 0.1159 0.4407 0.1655 
     D237256  7 0.1205 0.1292 0.0344 0.0293 0.2482 0.4384 
     D237257  7 0.1649 0.2129 0.0417 0.0613 0.0524 0.4667 
     D237282  7 0.0531 0.1630 0.1303 0.4355 0.0777 0.1404 
     D237283  7 0.8687 0.0220 0.0119 0.0217 0.0400 0.0357 
     D237284  7 0.0489 0.2749 0.0525 0.3916 0.0470 0.1851 
     D237285  7 0.5445 0.1754 0.0377 0.0476 0.0449 0.1499 
     D237286  7 0.0629 0.1949 0.2870 0.0491 0.1092 0.2970 
     D237287  7 0.0256 0.0560 0.0537 0.0456 0.6925 0.1265 
     D244006  7 0.0288 0.3385 0.0251 0.4475 0.0158 0.1442 
     D244007  7 0.0295 0.2835 0.1281 0.3245 0.0357 0.1986 
     D244008  7 0.8373 0.0186 0.0192 0.0257 0.0647 0.0345 
     D244009  7 0.0719 0.1075 0.0386 0.6583 0.0576 0.0662 
     D244010  7 0.7808 0.0399 0.0472 0.0200 0.0546 0.0575 
     D244011  7 0.2097 0.3027 0.0549 0.0599 0.0843 0.2884 
     D244012  7 0.7092 0.0857 0.0578 0.0163 0.0573 0.0737 
     D244013  7 0.1377 0.4351 0.0707 0.1170 0.1017 0.1378 
     D244014  7 0.1059 0.3254 0.0243 0.0746 0.3046 0.1653 
     D244015  7 0.1049 0.1764 0.0478 0.1859 0.3249 0.1601 
     D244125  7 0.0593 0.1736 0.1376 0.0778 0.3648 0.1868 
     D244126  7 0.8960 0.0285 0.0169 0.0203 0.0182 0.0201 
     D244130  7 0.1881 0.2900 0.0250 0.0402 0.0382 0.4185 
     D244131  7 0.0438 0.3965 0.3039 0.1609 0.0233 0.0716 
     D244132  7 0.0318 0.1748 0.0575 0.1579 0.3818 0.1962 
        D520  7 0.7159 0.0469 0.0390 0.0423 0.0594 0.0965 
        D521  7 0.3379 0.2887 0.0535 0.1049 0.0821 0.1330 
        D522  7 0.0184 0.2050 0.0470 0.6156 0.0468 0.0672 
        D523  7 0.0290 0.4069 0.0449 0.2887 0.0527 0.1776 
        D524  7 0.0652 0.4146 0.0611 0.1568 0.1379 0.1643 
        D525  7 0.2850 0.1996 0.1719 0.0830 0.0279 0.2326 
        D526  7 0.0468 0.2415 0.0326 0.4934 0.0734 0.1123 
        D527  7 0.0839 0.4202 0.1818 0.0486 0.1482 0.1173 
        D528  7 0.0310 0.0191 0.0126 0.0156 0.0140 0.9078 
        D558  7 0.2034 0.3912 0.0476 0.2529 0.0309 0.0741 
        D559  7 0.0958 0.6394 0.0358 0.0616 0.0392 0.1283 
        D640  7 0.0395 0.1028 0.0357 0.0456 0.6299 0.1465 
        D641  7 0.2454 0.1173 0.0220 0.0305 0.4777 0.1072 
        D642  7 0.1064 0.3955 0.0531 0.2518 0.0299 0.1634 
        D644  7 0.2335 0.2159 0.0801 0.1534 0.1489 0.1681 
        D645  7 0.0537 0.1140 0.0514 0.0581 0.6196 0.1032 
        D662  7 0.0188 0.2515 0.1614 0.1502 0.1772 0.2409 
        D687  7 0.1844 0.3481 0.1059 0.1083 0.0479 0.2055 
        D688  7 0.2874 0.2515 0.0438 0.0639 0.0357 0.3176 
        D689  7 0.0228 0.0442 0.0319 0.0198 0.8608 0.0205 
        D700  7 0.0156 0.0165 0.0163 0.0154 0.0113 0.9250 
        D797  7 0.0776 0.2294 0.2751 0.2467 0.0787 0.0925 
        D798  7 0.0691 0.1306 0.0195 0.0381 0.5651 0.1777 
        D799  7 0.1083 0.5050 0.0458 0.0357 0.1171 0.1881 
        D800  7 0.0556 0.2280 0.3693 0.1113 0.0620 0.1738 
        D201  9 0.0493 0.3568 0.0256 0.4088 0.0377 0.1218 
        D202  9 0.6724 0.1937 0.0294 0.0161 0.0386 0.0497 
     D237259  9 0.0717 0.0539 0.0321 0.0168 0.1541 0.6713 
     D237260  9 0.2950 0.1884 0.0472 0.0495 0.0540 0.3659 
     D237262  9 0.6906 0.1072 0.0447 0.0549 0.0257 0.0769 
     D237263  9 0.3644 0.3629 0.0866 0.0661 0.0267 0.0933 
     D237264  9 0.2818 0.1717 0.1304 0.1218 0.0544 0.2398 
     D237265  9 0.7820 0.0882 0.0320 0.0192 0.0191 0.0595 
     D237266  9 0.0812 0.2041 0.0311 0.0222 0.5679 0.0935 
     D237267  9 0.2959 0.0999 0.0676 0.0200 0.0867 0.4299 
     D237268  9 0.8104 0.0363 0.0280 0.0513 0.0335 0.0405 
     D237289  9 0.6704 0.0515 0.0862 0.0459 0.0663 0.0797 
     D237290  9 0.5920 0.1102 0.0395 0.0390 0.1387 0.0806 
     D237291  9 0.0210 0.3752 0.0278 0.0583 0.1248 0.3929 
     D237292  9 0.5295 0.1006 0.0473 0.0699 0.0184 0.2343 
     D237293  9 0.4996 0.0902 0.0221 0.0414 0.2777 0.0691 
     D237294  9 0.0803 0.3162 0.0534 0.3429 0.0314 0.1757 
     D237295  9 0.2076 0.0840 0.4116 0.1146 0.1014 0.0808 
     D237296  9 0.0366 0.2217 0.0685 0.1582 0.1149 0.3999 
     D237297  9 0.1800 0.2063 0.0810 0.0498 0.1194 0.3635 
     D237298  9 0.1299 0.3867 0.0778 0.1660 0.1077 0.1320 
     D237341  9 0.1032 0.3406 0.0635 0.0761 0.0728 0.3439 
     D237342  9 0.8393 0.0413 0.0466 0.0185 0.0277 0.0266 
     D237343  9 0.0686 0.2716 0.0500 0.1617 0.1225 0.3256 
     D237344  9 0.2030 0.1915 0.0647 0.0556 0.3589 0.1264 
     D237345  9 0.4798 0.1216 0.0212 0.2801 0.0218 0.0755 
     D237346  9 0.1027 0.1927 0.0493 0.0825 0.2361 0.3368 
     D237347  9 0.0542 0.2968 0.1945 0.1115 0.1063 0.2367 
     D237348  9 0.5137 0.1848 0.0385 0.0828 0.1263 0.0539 
     D237349  9 0.0329 0.4277 0.1676 0.1228 0.0466 0.2025 
     D244109  9 0.1408 0.3607 0.0401 0.2362 0.0410 0.1812 
     D244110  9 0.1577 0.2111 0.0638 0.1920 0.1565 0.2189 
     D244111  9 0.1678 0.5084 0.0498 0.0868 0.0906 0.0966 
     D244128  9 0.8307 0.0596 0.0259 0.0246 0.0173 0.0419 
     D244137  9 0.0571 0.2870 0.3721 0.1748 0.0325 0.0764 
     D244138  9 0.2303 0.3905 0.0356 0.0624 0.0351 0.2461 
        D580  9 0.2475 0.0946 0.0208 0.4611 0.0862 0.0898 
        D581  9 0.7785 0.0981 0.0158 0.0332 0.0296 0.0447 
        D582  9 0.8589 0.0317 0.0183 0.0449 0.0217 0.0246 
        D583  9 0.0685 0.3879 0.0269 0.1384 0.1788 0.1995 
        D584  9 0.4559 0.2182 0.0434 0.0617 0.0696 0.1512 
        D585  9 0.7760 0.0473 0.0578 0.0301 0.0359 0.0529 
        D586  9 0.0974 0.2088 0.0787 0.0465 0.1168 0.4518 
        D651  9 0.0410 0.0452 0.0512 0.2324 0.5816 0.0486 
        D652  9 0.0479 0.5041 0.1813 0.0952 0.0250 0.1465 
        D653  9 0.1629 0.1630 0.0496 0.0668 0.1673 0.3903 
        D654  9 0.0486 0.2683 0.0602 0.2029 0.1976 0.2226 
        D655  9 0.1249 0.1249 0.1346 0.0334 0.3751 0.2071 
        D656  9 0.1032 0.2769 0.0685 0.1347 0.0350 0.3818 
        D657  9 0.1529 0.3400 0.0274 0.2915 0.0475 0.1407 
        D667  9 0.0233 0.0236 0.0226 0.0175 0.8883 0.0247 
        D668  9 0.1767 0.0362 0.0205 0.0738 0.6240 0.0687 
        D669  9 0.6242 0.1302 0.0297 0.1077 0.0474 0.0608 
        D670  9 0.0304 0.0349 0.0281 0.0336 0.6624 0.2106 
        D671  9 0.1922 0.2859 0.1092 0.1500 0.0233 0.2394 
        D672  9 0.4009 0.0916 0.0471 0.1759 0.1759 0.1085 
        D673  9 0.0652 0.0703 0.0366 0.1799 0.5610 0.0870 
        D692  9 0.4497 0.1088 0.0912 0.0548 0.0396 0.2558 
        D693  9 0.1245 0.0639 0.0379 0.1065 0.5901 0.0772 
        D694  9 0.4512 0.1772 0.0284 0.1481 0.0227 0.1724 
        D695  9 0.1606 0.0954 0.0774 0.1588 0.4050 0.1029 
        D696  9 0.0361 0.0993 0.6623 0.0749 0.0494 0.0779 
        D697  9 0.0283 0.0375 0.0284 0.0411 0.8293 0.0354 
        D698  9 0.2976 0.0787 0.0899 0.0637 0.2836 0.1865 
        D699  9 0.2363 0.0777 0.0299 0.0388 0.5512 0.0661 
        D787  9 0.0675 0.3086 0.1235 0.0472 0.3267 0.1265 
        D788  9 0.2464 0.0435 0.0282 0.0296 0.5930 0.0593 
        D789  9 0.5830 0.1402 0.0499 0.0642 0.0703 0.0924 
        D790  9 0.0428 0.1022 0.0385 0.0723 0.6161 0.1281 
        D791  9 0.6514 0.1501 0.0412 0.0254 0.0312 0.1007 
        D792  9 0.0282 0.2487 0.1559 0.1789 0.1342 0.2541 
        D793  9 0.0164 0.0173 0.0869 0.0210 0.8352 0.0231 
        D794  9 0.0651 0.1315 0.1357 0.1839 0.3565 0.1274 
        D795  9 0.7799 0.0799 0.0447 0.0194 0.0295 0.0466 
        D796  9 0.0706 0.0360 0.0173 0.0207 0.8202 0.0351 
        D005 12 0.0602 0.3850 0.0214 0.2550 0.0273 0.2511 
        D035 12 0.0178 0.0173 0.0192 0.0194 0.8996 0.0267 
        D067 12 0.0803 0.0571 0.0520 0.0340 0.6977 0.0790 
        D134 12 0.1925 0.1576 0.0592 0.0317 0.0620 0.4969 
        D135 12 0.0878 0.0629 0.0341 0.0567 0.1153 0.6432 
        D136 12 0.0712 0.1097 0.2701 0.2087 0.1663 0.1740 
        D137 12 0.1037 0.0464 0.0171 0.0440 0.7310 0.0579 
        D138 12 0.0343 0.1353 0.0906 0.1456 0.4325 0.1617 
        D139 12 0.2293 0.3622 0.0789 0.0498 0.0741 0.2058 
        D140 12 0.0299 0.0324 0.0351 0.0282 0.8358 0.0386 
        D141 12 0.2669 0.0553 0.0125 0.4317 0.1917 0.0420 
        D150 12 0.1303 0.3734 0.0305 0.0456 0.0255 0.3947 
        D177 12 0.2014 0.0989 0.0763 0.0201 0.1163 0.4869 
        D178 12 0.0400 0.1826 0.2508 0.3336 0.0371 0.1559 
        D179 12 0.0533 0.1664 0.0963 0.1766 0.1760 0.3314 
        D180 12 0.0902 0.0446 0.0216 0.1314 0.6203 0.0919 
        D187 12 0.0388 0.0393 0.0264 0.0198 0.8460 0.0297 
        D188 12 0.3896 0.1137 0.0237 0.2930 0.0274 0.1526 
        D191 12 0.0482 0.2582 0.0281 0.4411 0.1469 0.0775 
        D418 12 0.0820 0.1935 0.0190 0.5114 0.1141 0.0800 
        D601 12 0.5733 0.1008 0.0322 0.1153 0.0653 0.1131 
        D836 12 0.5731 0.0396 0.0157 0.0414 0.2878 0.0424 
        D837 12 0.0853 0.4386 0.2308 0.0864 0.0711 0.0878 
        D838 12 0.0238 0.0426 0.0396 0.0195 0.8482 0.0264 
        D839 12 0.3971 0.2170 0.0803 0.0992 0.0530 0.1534 
        D840 12 0.0587 0.3176 0.0512 0.2576 0.1585 0.1564 
        D841 12 0.0235 0.0315 0.0162 0.0247 0.8808 0.0233 
        D842 12 0.1196 0.5181 0.0194 0.2120 0.0186 0.1123 
        D843 12 0.1735 0.1368 0.1485 0.0443 0.2939 0.2030 
        D844 12 0.0343 0.3996 0.0524 0.4282 0.0130 0.0726 
        D912 12 0.0268 0.3216 0.3050 0.2060 0.0549 0.0858 
        D913 12 0.0336 0.0813 0.0526 0.0336 0.5435 0.2554 
        D914 12 0.0470 0.4316 0.0750 0.0909 0.1426 0.2129 
        D922 12 0.0572 0.0419 0.0341 0.0457 0.7877 0.0334 
        D939 12 0.4917 0.0695 0.0305 0.1184 0.2295 0.0604 
        D944 12 0.0227 0.0870 0.0219 0.1348 0.2380 0.4957 
        D945 12 0.2306 0.1559 0.0635 0.0533 0.2895 0.2072 
        D985 12 0.0905 0.2268 0.0435 0.3246 0.1766 0.1380 
        D986 12 0.0868 0.4290 0.0569 0.0545 0.0190 0.3537 
        D987 12 0.0311 0.4640 0.1080 0.1981 0.0547 0.1441 
        D988 12 0.1435 0.2789 0.0776 0.1055 0.0765 0.3180 
        D996 12 0.0291 0.1842 0.0412 0.0868 0.3769 0.2817 
        D997 12 0.4824 0.1013 0.0765 0.0548 0.1375 0.1475 
        D998 12 0.1248 0.0767 0.0902 0.0213 0.2873 0.3998 
        D999 12 0.2695 0.2653 0.0384 0.1561 0.0690 0.2017 
