        D174  1 0.2771 0.0894 0.0438 0.0583 0.2901 0.0373 0.0655 0.1027 0.0357 
        D199  1 0.1531 0.1144 0.0517 0.0640 0.0638 0.1733 0.0379 0.2853 0.0563 
        D203  1 0.3479 0.0523 0.0375 0.0862 0.1019 0.1020 0.0744 0.1581 0.0397 
        D204  1 0.0361 0.0291 0.0227 0.0338 0.6535 0.0402 0.1022 0.0417 0.0407 
     D237366  1 0.5629 0.0355 0.0305 0.0324 0.0211 0.0633 0.0785 0.0595 0.1163 
     D237367  1 0.1538 0.0431 0.0877 0.1829 0.0255 0.1822 0.0692 0.1809 0.0747 
     D237368  1 0.3314 0.0276 0.0444 0.0847 0.1867 0.0498 0.1656 0.0811 0.0286 
     D244101  1 0.0711 0.0243 0.0226 0.0511 0.0396 0.1635 0.1050 0.1701 0.3528 
     D244102  1 0.0678 0.0860 0.0392 0.1258 0.0764 0.0960 0.0605 0.0952 0.3531 
     D244103  1 0.0757 0.0505 0.0348 0.0308 0.0364 0.6153 0.0299 0.1009 0.0257 
     D244104  1 0.0242 0.0213 0.5098 0.0317 0.1856 0.1080 0.0351 0.0490 0.0353 
     D244105  1 0.0984 0.0235 0.1711 0.0276 0.0194 0.0797 0.2577 0.2546 0.0680 
     D244106  1 0.0352 0.0441 0.0169 0.0222 0.6382 0.0409 0.0248 0.0583 0.1193 
     D244107  1 0.2540 0.0272 0.0358 0.2859 0.0112 0.1229 0.0264 0.2111 0.0255 
     D244108  1 0.0351 0.1384 0.0323 0.0896 0.0986 0.0570 0.4571 0.0695 0.0224 
     D244113  1 0.1426 0.2650 0.0701 0.1010 0.1048 0.0675 0.0450 0.1694 0.0346 
     D244114  1 0.1093 0.0303 0.0319 0.0355 0.0271 0.2223 0.0460 0.2493 0.2481 
     D244115  1 0.0193 0.0340 0.0264 0.0376 0.5858 0.0477 0.0506 0.0874 0.1113 
     D267365  1 0.1354 0.0437 0.0308 0.0696 0.0704 0.0765 0.0423 0.1156 0.4157 
        D404  1 0.0450 0.2137 0.0240 0.0409 0.5104 0.0613 0.0246 0.0590 0.0211 
        D405  1 0.0861 0.2489 0.0473 0.0927 0.2000 0.0808 0.0146 0.0890 0.1405 
        D406  1 0.0103 0.0078 0.0086 0.0095 0.0087 0.0082 0.9268 0.0092 0.0110 
        D407  1 0.0349 0.0185 0.0156 0.0166 0.1582 0.6602 0.0195 0.0605 0.0160 
        D408  1 0.0692 0.0960 0.1099 0.0367 0.3694 0.1740 0.0222 0.0769 0.0458 
        D409  1 0.0407 0.0370 0.0464 0.0443 0.0488 0.4931 0.0508 0.1871 0.0517 
        D410  1 0.1271 0.0594 0.0328 0.3296 0.0416 0.0409 0.1343 0.2046 0.0298 
        D421  1 0.0181 0.0090 0.0234 0.0133 0.3610 0.5284 0.0110 0.0202 0.0156 
        D422  1 0.0845 0.0334 0.0198 0.0516 0.0318 0.4401 0.1404 0.1635 0.0348 
        D423  1 0.0751 0.0228 0.0277 0.1675 0.0155 0.4878 0.0793 0.1103 0.0140 
        D424  1 0.0180 0.0123 0.0179 0.0127 0.6513 0.1432 0.0229 0.0859 0.0359 
        D425  1 0.1342 0.0310 0.1274 0.0923 0.0525 0.1525 0.0322 0.3006 0.0773 
        D426  1 0.0242 0.0308 0.0300 0.0112 0.0253 0.7246 0.0213 0.1061 0.0264 
        D427  1 0.0295 0.0257 0.0737 0.0258 0.3921 0.3120 0.0103 0.1039 0.0269 
        D428  1 0.0786 0.0371 0.0307 0.0435 0.4118 0.1624 0.0522 0.1095 0.0741 
        D429  1 0.0137 0.0148 0.0098 0.0107 0.6771 0.0240 0.0161 0.0179 0.2160 
        D430  1 0.0722 0.0451 0.0442 0.0336 0.4653 0.1011 0.0190 0.1545 0.0650 
        D491  1 0.0293 0.0305 0.0925 0.0378 0.3648 0.2236 0.1359 0.0475 0.0381 
        D492  1 0.0302 0.0250 0.0158 0.0273 0.4963 0.2086 0.0943 0.0530 0.0494 
        D537  1 0.0715 0.0271 0.0324 0.0454 0.0633 0.3191 0.3236 0.0858 0.0319 
        D538  1 0.2892 0.0671 0.0350 0.1684 0.1350 0.0507 0.1314 0.1006 0.0226 
        D539  1 0.0249 0.1580 0.0605 0.0780 0.1288 0.0389 0.2298 0.0859 0.1951 
        D540  1 0.0860 0.0343 0.1192 0.1063 0.0327 0.3646 0.0139 0.2083 0.0348 
        D541  1 0.0168 0.0129 0.0140 0.0179 0.8237 0.0553 0.0158 0.0269 0.0169 
        D551  1 0.0331 0.0187 0.0177 0.0130 0.0196 0.5085 0.0386 0.2873 0.0635 
        D552  1 0.0216 0.0196 0.0443 0.0231 0.0490 0.0227 0.5970 0.0339 0.1888 
        D553  1 0.0483 0.0156 0.0670 0.0402 0.2051 0.4559 0.0160 0.0869 0.0650 
        D615  1 0.0435 0.0575 0.0400 0.0552 0.5692 0.0531 0.0270 0.0789 0.0755 
        D616  1 0.0494 0.0540 0.0308 0.0491 0.3365 0.2181 0.0472 0.1597 0.0551 
        D621  1 0.0251 0.0375 0.0347 0.0221 0.0315 0.0175 0.7843 0.0223 0.0252 
        D622  1 0.0275 0.0106 0.0243 0.0262 0.0158 0.0178 0.8318 0.0251 0.0207 
        D623  1 0.1117 0.2681 0.0304 0.1859 0.0664 0.0580 0.0621 0.1932 0.0241 
        D624  1 0.0312 0.0757 0.0618 0.0232 0.5394 0.0701 0.0261 0.1457 0.0267 
        D625  1 0.0341 0.0450 0.0152 0.0834 0.5472 0.0338 0.1586 0.0461 0.0367 
        D626  1 0.0426 0.0160 0.6727 0.0603 0.0565 0.0537 0.0267 0.0420 0.0295 
        D627  1 0.0653 0.0285 0.0199 0.0297 0.0723 0.4903 0.0487 0.2055 0.0396 
        D690  1 0.0139 0.0100 0.0147 0.0209 0.8852 0.0130 0.0133 0.0128 0.0162 
        D691  1 0.0264 0.0139 0.0151 0.0204 0.0201 0.0191 0.8503 0.0172 0.0176 
        D710  1 0.1836 0.0208 0.1286 0.0870 0.0934 0.2421 0.0342 0.1682 0.0421 
        D711  1 0.0321 0.0190 0.0086 0.0239 0.8075 0.0229 0.0242 0.0174 0.0442 
        D712  1 0.2000 0.0777 0.1863 0.0535 0.0583 0.0799 0.1216 0.0918 0.1309 
        D713  1 0.0853 0.0673 0.0197 0.0463 0.0773 0.2968 0.2125 0.1679 0.0269 
        D746  1 0.0275 0.0126 0.0240 0.0188 0.0526 0.0279 0.7953 0.0223 0.0191 
        D747  1 0.0161 0.0147 0.0134 0.0234 0.8478 0.0248 0.0134 0.0180 0.0285 
        D748  1 0.0184 0.0187 0.0243 0.0165 0.0482 0.0233 0.8081 0.0196 0.0229 
        D749  1 0.0890 0.0429 0.0304 0.0452 0.0391 0.1833 0.1656 0.3564 0.0482 
        D750  1 0.0122 0.0168 0.0128 0.0126 0.8873 0.0103 0.0175 0.0133 0.0171 
        D763  1 0.0583 0.0510 0.1966 0.0338 0.0253 0.0939 0.2807 0.1230 0.1374 
        D764  1 0.0106 0.0079 0.0106 0.0100 0.9102 0.0137 0.0142 0.0115 0.0113 
        D765  1 0.1122 0.0452 0.0912 0.1796 0.0251 0.0847 0.0546 0.3176 0.0897 
        D766  1 0.0235 0.0151 0.0390 0.0290 0.0162 0.0375 0.7830 0.0321 0.0246 
        D767  1 0.2968 0.0630 0.0395 0.1969 0.0695 0.0595 0.0882 0.1033 0.0833 
        D768  1 0.0569 0.0217 0.0347 0.0378 0.1129 0.4765 0.0581 0.1657 0.0357 
        D811  1 0.0300 0.0935 0.4966 0.0837 0.0583 0.1055 0.0241 0.0877 0.0207 
        D816  1 0.0327 0.0091 0.0114 0.0154 0.4326 0.0238 0.0150 0.0284 0.4316 
        D825  1 0.0447 0.0447 0.0689 0.0803 0.2611 0.0638 0.0418 0.1270 0.2678 
        D866  1 0.0439 0.3899 0.0809 0.1527 0.0687 0.0546 0.0236 0.1030 0.0827 
        D867  1 0.4538 0.0369 0.0234 0.0493 0.0188 0.0893 0.1073 0.1809 0.0403 
        D871  1 0.0522 0.0391 0.0255 0.0540 0.2033 0.3957 0.0567 0.1475 0.0258 
        D872  1 0.0417 0.0433 0.0303 0.0427 0.0167 0.0186 0.7561 0.0380 0.0126 
        D873  1 0.1918 0.1387 0.0129 0.4302 0.0188 0.0510 0.0525 0.0894 0.0146 
        D874  1 0.0848 0.0402 0.0310 0.0365 0.1596 0.0582 0.0717 0.0772 0.4406 
        D875  1 0.0394 0.0320 0.0091 0.0284 0.0305 0.3738 0.3842 0.0804 0.0221 
        D876  1 0.0294 0.0205 0.0449 0.0337 0.0579 0.0341 0.6792 0.0423 0.0580 
        D877  1 0.0391 0.3054 0.0206 0.0499 0.2739 0.0725 0.0268 0.1517 0.0602 
        D892  1 0.0486 0.0145 0.0147 0.0199 0.0649 0.0341 0.7311 0.0306 0.0416 
        D893  1 0.2080 0.0393 0.0525 0.0769 0.0582 0.1080 0.1057 0.1192 0.2322 
        D894  1 0.0122 0.0161 0.0084 0.0124 0.8894 0.0184 0.0109 0.0146 0.0177 
        D915  1 0.2235 0.0305 0.0439 0.0739 0.0399 0.0750 0.3413 0.0787 0.0934 
        D916  1 0.0097 0.0083 0.0077 0.0098 0.9217 0.0097 0.0121 0.0103 0.0108 
        D917  1 0.2408 0.1008 0.0455 0.2081 0.0640 0.1202 0.0193 0.1668 0.0345 
        D925  1 0.0779 0.0678 0.0325 0.2344 0.1242 0.0677 0.0928 0.1519 0.1509 
        D926  1 0.0284 0.0141 0.0196 0.0403 0.2574 0.0392 0.0370 0.0648 0.4992 
        D927  1 0.1694 0.0408 0.0240 0.0372 0.0449 0.0744 0.0464 0.0928 0.4700 
        D928  1 0.0431 0.0277 0.0363 0.0308 0.6642 0.0836 0.0380 0.0569 0.0195 
        D929  1 0.3470 0.1123 0.0367 0.2210 0.0472 0.0475 0.0550 0.0725 0.0606 
        D936  1 0.0355 0.0166 0.0133 0.0271 0.1948 0.0308 0.0209 0.0410 0.6200 
        D938  1 0.0099 0.0087 0.0166 0.0118 0.0092 0.0096 0.9133 0.0104 0.0106 
        D956  1 0.0168 0.0305 0.0135 0.0113 0.8639 0.0188 0.0095 0.0182 0.0175 
        D957  1 0.0369 0.0414 0.0170 0.0814 0.0222 0.0302 0.7179 0.0310 0.0220 
        D958  1 0.0109 0.0093 0.0132 0.0091 0.0155 0.0097 0.9116 0.0095 0.0113 
        D959  1 0.0430 0.0111 0.0127 0.0104 0.0973 0.7398 0.0111 0.0638 0.0107 
        D960  1 0.1017 0.0515 0.0100 0.0874 0.0247 0.0298 0.6055 0.0643 0.0250 
        D989  1 0.1701 0.0394 0.1906 0.0351 0.1821 0.0925 0.0444 0.1285 0.1173 
        D990  1 0.1325 0.0652 0.0264 0.3912 0.0167 0.0442 0.0741 0.2124 0.0374 
        D211  3 0.1532 0.0986 0.1151 0.5186 0.0243 0.0221 0.0179 0.0345 0.0156 
     D229639  3 0.0456 0.0718 0.2431 0.0985 0.0892 0.1683 0.0194 0.1839 0.0802 
     D237212  3 0.1282 0.1889 0.0965 0.2055 0.1051 0.0979 0.0229 0.0899 0.0649 
     D237213  3 0.0603 0.3009 0.2091 0.2033 0.0125 0.0311 0.0498 0.0676 0.0654 
     D237214  3 0.8323 0.0138 0.0095 0.0141 0.0174 0.0276 0.0321 0.0385 0.0147 
     D237215  3 0.0172 0.6810 0.0311 0.1137 0.0120 0.0556 0.0115 0.0552 0.0225 
     D237216  3 0.1536 0.0572 0.0970 0.0906 0.0211 0.1204 0.0157 0.3716 0.0728 
     D237217  3 0.1699 0.0290 0.1014 0.3313 0.0124 0.0850 0.0401 0.1635 0.0673 
     D237218  3 0.0322 0.0152 0.0354 0.0301 0.0251 0.0272 0.0651 0.0346 0.7351 
     D237219  3 0.0271 0.0226 0.7334 0.1069 0.0118 0.0164 0.0315 0.0324 0.0179 
     D237382  3 0.1906 0.2408 0.0669 0.1304 0.0829 0.0230 0.1704 0.0748 0.0202 
     D244127  3 0.1385 0.1959 0.1309 0.2881 0.0117 0.0335 0.0380 0.1323 0.0313 
     D244129  3 0.2969 0.0520 0.0858 0.2001 0.0996 0.0475 0.0735 0.1184 0.0262 
     D244133  3 0.0300 0.0374 0.7271 0.0245 0.0466 0.0407 0.0251 0.0464 0.0222 
     D244134  3 0.0297 0.0232 0.6571 0.1231 0.0174 0.0217 0.0569 0.0327 0.0381 
     D244135  3 0.6332 0.0206 0.0245 0.1265 0.0159 0.0566 0.0197 0.0767 0.0263 
     D244136  3 0.0368 0.0645 0.3430 0.0432 0.1132 0.1894 0.0768 0.1023 0.0309 
        D416  3 0.0831 0.0890 0.3320 0.0562 0.0243 0.1709 0.0142 0.1267 0.1036 
        D417  3 0.0240 0.0161 0.0412 0.0421 0.2181 0.0639 0.2150 0.1583 0.2213 
        D419  3 0.0623 0.0583 0.3903 0.1262 0.0313 0.0581 0.1636 0.0714 0.0385 
        D565  3 0.0549 0.0639 0.1604 0.0875 0.3325 0.1057 0.0517 0.1091 0.0344 
        D566  3 0.0278 0.1852 0.0846 0.0406 0.3451 0.1490 0.0163 0.1140 0.0375 
        D567  3 0.0827 0.0424 0.1033 0.1936 0.1603 0.0907 0.0844 0.0980 0.1445 
        D568  3 0.0445 0.0264 0.1036 0.2177 0.0235 0.0504 0.2224 0.1265 0.1850 
        D569  3 0.3637 0.1782 0.0302 0.1864 0.0251 0.0599 0.0197 0.0976 0.0392 
        D573  3 0.0560 0.0329 0.0751 0.1458 0.2103 0.1747 0.0156 0.2008 0.0887 
        D574  3 0.1408 0.0925 0.0702 0.0842 0.0758 0.1801 0.0687 0.1652 0.1225 
        D575  3 0.0151 0.0175 0.8613 0.0422 0.0079 0.0198 0.0132 0.0132 0.0098 
        D576  3 0.0373 0.6594 0.1137 0.0555 0.0089 0.0593 0.0070 0.0432 0.0159 
        D577  3 0.1093 0.0576 0.1027 0.1346 0.0859 0.1795 0.1508 0.1061 0.0735 
        D578  3 0.8718 0.0121 0.0131 0.0142 0.0072 0.0176 0.0252 0.0271 0.0117 
        D579  3 0.0342 0.0387 0.0904 0.0578 0.4026 0.0544 0.0346 0.0600 0.2273 
        D660  3 0.2973 0.2151 0.0723 0.1569 0.0180 0.0610 0.0184 0.1274 0.0336 
        D661  3 0.0139 0.0386 0.0173 0.0124 0.0130 0.0285 0.0491 0.0190 0.8081 
        D663  3 0.1338 0.1041 0.0267 0.0830 0.0193 0.1809 0.0175 0.3914 0.0432 
        D664  3 0.2773 0.1266 0.1737 0.1727 0.0193 0.0441 0.0544 0.1073 0.0247 
        D665  3 0.1002 0.2450 0.0729 0.4173 0.0128 0.0268 0.0155 0.0883 0.0212 
        D666  3 0.0239 0.0263 0.8328 0.0277 0.0157 0.0189 0.0218 0.0197 0.0132 
        D502  6 0.0276 0.6303 0.0445 0.0948 0.0092 0.0762 0.0103 0.0812 0.0260 
        D503  6 0.0382 0.2094 0.0622 0.0528 0.0577 0.1291 0.0631 0.1832 0.2043 
        D504  6 0.0345 0.0509 0.0282 0.0315 0.1681 0.1398 0.0496 0.0961 0.4012 
        D505  6 0.1904 0.1993 0.0441 0.0546 0.1440 0.1846 0.0178 0.1244 0.0408 
        D506  6 0.0326 0.0193 0.0252 0.0118 0.7397 0.1053 0.0113 0.0420 0.0128 
        D507  6 0.0284 0.1514 0.0694 0.1122 0.0376 0.2040 0.0388 0.2547 0.1035 
        D508  6 0.0544 0.2885 0.0302 0.1559 0.0370 0.0676 0.0148 0.1060 0.2456 
        D529  6 0.2931 0.0355 0.0554 0.0561 0.0639 0.2331 0.0381 0.1335 0.0914 
        D530  6 0.0218 0.7789 0.0261 0.0291 0.0156 0.0611 0.0242 0.0307 0.0124 
        D531  6 0.0863 0.1065 0.0805 0.0609 0.2550 0.1246 0.0357 0.1279 0.1226 
        D532  6 0.0847 0.2351 0.0273 0.0963 0.0671 0.2689 0.0202 0.1678 0.0327 
        D534  6 0.0652 0.0400 0.0218 0.1269 0.0302 0.0676 0.3554 0.1282 0.1648 
        D535  6 0.0791 0.0396 0.0835 0.0705 0.0849 0.3814 0.0270 0.1851 0.0489 
        D536  6 0.1505 0.4801 0.0193 0.0478 0.0298 0.1397 0.0125 0.0888 0.0315 
        D554  6 0.0822 0.2350 0.0435 0.0517 0.1850 0.1595 0.0458 0.1155 0.0818 
        D587  6 0.0684 0.0452 0.0481 0.0749 0.3350 0.1225 0.0991 0.1384 0.0684 
        D588  6 0.0905 0.0318 0.0458 0.0622 0.0314 0.2832 0.0115 0.4061 0.0375 
        D589  6 0.1167 0.2326 0.0426 0.0674 0.0254 0.1422 0.0295 0.2535 0.0901 
        D590  6 0.0204 0.0774 0.0166 0.0577 0.1368 0.5104 0.0256 0.1027 0.0524 
        D591  6 0.0656 0.1455 0.2863 0.0376 0.0636 0.0642 0.1018 0.1287 0.1067 
        D592  6 0.0532 0.0445 0.0406 0.1249 0.1406 0.0825 0.3667 0.0961 0.0510 
        D593  6 0.0109 0.8931 0.0239 0.0167 0.0080 0.0124 0.0100 0.0171 0.0080 
        D682  6 0.0289 0.0153 0.0338 0.0148 0.7838 0.0439 0.0237 0.0376 0.0182 
        D683  6 0.0840 0.0646 0.0409 0.1930 0.2118 0.0727 0.0361 0.1462 0.1505 
        D684  6 0.2108 0.0866 0.0267 0.2196 0.0375 0.0722 0.0288 0.1596 0.1582 
        D685  6 0.0439 0.3022 0.0539 0.0676 0.0217 0.0770 0.0170 0.3533 0.0634 
        D686  6 0.0567 0.3559 0.0143 0.1710 0.0253 0.1966 0.0153 0.1496 0.0153 
        D724  6 0.0368 0.0630 0.0256 0.1528 0.0410 0.1666 0.0406 0.1055 0.3680 
        D725  6 0.0554 0.4285 0.0824 0.0749 0.0117 0.0875 0.1261 0.0904 0.0431 
        D726  6 0.0526 0.0220 0.0397 0.0266 0.6030 0.0841 0.0459 0.0632 0.0629 
        D727  6 0.0499 0.0271 0.0282 0.0385 0.0312 0.6833 0.0098 0.1124 0.0196 
        D728  6 0.0419 0.1439 0.2188 0.0889 0.1527 0.1241 0.0443 0.1629 0.0224 
        D729  6 0.0355 0.0237 0.0104 0.1356 0.0305 0.6663 0.0135 0.0737 0.0108 
        D730  6 0.0346 0.0297 0.0246 0.0439 0.0302 0.0364 0.0204 0.0654 0.7147 
        D731  6 0.0968 0.3542 0.1838 0.0393 0.1323 0.0590 0.0162 0.0782 0.0401 
        D732  6 0.0841 0.1143 0.0488 0.2638 0.0469 0.1954 0.0354 0.1350 0.0764 
        D733  6 0.0928 0.0647 0.0571 0.0567 0.0258 0.0308 0.2799 0.0670 0.3253 
     D237251  7 0.0234 0.0143 0.0701 0.0194 0.0135 0.0280 0.0148 0.0248 0.7917 
     D237252  7 0.0815 0.3121 0.1269 0.1722 0.0184 0.0465 0.0777 0.0866 0.0781 
     D237253  7 0.0622 0.0505 0.0597 0.0386 0.0864 0.2946 0.0192 0.2435 0.1454 
     D237254  7 0.8759 0.0116 0.0112 0.0148 0.0092 0.0170 0.0287 0.0175 0.0141 
     D237255  7 0.0716 0.2180 0.1943 0.0352 0.0435 0.1174 0.0303 0.1287 0.1608 
     D237256  7 0.0665 0.1591 0.0678 0.0830 0.0209 0.1578 0.0133 0.3623 0.0694 
     D237257  7 0.3465 0.0512 0.0304 0.0771 0.0317 0.1537 0.0216 0.2417 0.0461 
     D237282  7 0.1748 0.0393 0.0330 0.0800 0.1033 0.1769 0.1736 0.1504 0.0687 
     D237283  7 0.0642 0.2178 0.1336 0.4779 0.0095 0.0161 0.0146 0.0481 0.0181 
     D237284  7 0.6376 0.0221 0.0249 0.0497 0.0402 0.0407 0.0260 0.1010 0.0578 
     D237285  7 0.0738 0.5229 0.0275 0.1051 0.0180 0.1202 0.0256 0.0733 0.0335 
     D237286  7 0.1094 0.0807 0.0481 0.1391 0.1584 0.1575 0.0349 0.1843 0.0875 
     D237287  7 0.0368 0.0289 0.3876 0.0935 0.0397 0.1953 0.0187 0.1532 0.0463 
     D244006  7 0.8488 0.0156 0.0102 0.0193 0.0147 0.0174 0.0216 0.0317 0.0206 
     D244007  7 0.1131 0.0325 0.0247 0.0434 0.0377 0.3564 0.1224 0.1438 0.1262 
     D244008  7 0.0603 0.1866 0.1904 0.4604 0.0136 0.0181 0.0267 0.0304 0.0135 
     D244009  7 0.0291 0.0302 0.0467 0.0854 0.0269 0.0258 0.5683 0.0531 0.1345 
     D244010  7 0.1038 0.2842 0.0474 0.3313 0.0459 0.0482 0.0124 0.1127 0.0141 
     D244011  7 0.1568 0.0931 0.0337 0.1110 0.0411 0.0653 0.0300 0.2142 0.2549 
     D244012  7 0.0849 0.3905 0.0325 0.2835 0.0458 0.0449 0.0107 0.0829 0.0243 
     D244013  7 0.1621 0.1419 0.0433 0.1400 0.0344 0.0267 0.0287 0.1051 0.3180 
     D244014  7 0.0533 0.0721 0.2424 0.1242 0.0118 0.0993 0.0543 0.1418 0.2007 
     D244015  7 0.1179 0.0586 0.2119 0.2334 0.0360 0.0836 0.0816 0.1442 0.0326 
     D244125  7 0.0395 0.1171 0.1727 0.1685 0.1269 0.1077 0.0582 0.1365 0.0729 
     D244126  7 0.0967 0.1548 0.0440 0.5977 0.0159 0.0094 0.0175 0.0389 0.0251 
     D244130  7 0.1082 0.2526 0.0162 0.3533 0.0166 0.0297 0.0209 0.1705 0.0319 
     D244131  7 0.0776 0.0280 0.0189 0.0684 0.1906 0.0552 0.0854 0.0606 0.4153 
     D244132  7 0.0310 0.0625 0.1296 0.0981 0.0487 0.0925 0.1985 0.1353 0.2037 
        D520  7 0.0635 0.3470 0.0779 0.2064 0.0283 0.1007 0.0330 0.1044 0.0388 
        D521  7 0.1876 0.2607 0.0282 0.2597 0.0266 0.0367 0.0487 0.0917 0.0602 
        D522  7 0.0198 0.0110 0.0316 0.0162 0.0235 0.0231 0.6245 0.0340 0.2164 
        D523  7 0.0183 0.0254 0.0281 0.0203 0.0270 0.0940 0.0400 0.0646 0.6823 
        D524  7 0.0716 0.0460 0.0676 0.0559 0.0312 0.0547 0.0428 0.0999 0.5304 
        D525  7 0.0969 0.1540 0.0207 0.1380 0.1508 0.1209 0.0799 0.1712 0.0676 
        D526  7 0.6629 0.0212 0.0474 0.0665 0.0273 0.0479 0.0559 0.0489 0.0220 
        D527  7 0.0176 0.0162 0.0421 0.0235 0.0779 0.0295 0.0125 0.0370 0.7438 
        D528  7 0.0200 0.0132 0.0103 0.0259 0.0115 0.0563 0.0107 0.8408 0.0113 
        D558  7 0.2680 0.1023 0.0243 0.1562 0.0290 0.0457 0.1777 0.0540 0.1427 
        D559  7 0.0477 0.0357 0.0207 0.0771 0.0168 0.0209 0.0422 0.0614 0.6776 
        D640  7 0.0523 0.0746 0.3114 0.1171 0.0258 0.0733 0.0277 0.1840 0.1340 
        D641  7 0.1324 0.1542 0.3136 0.1421 0.0140 0.0571 0.0201 0.1198 0.0467 
        D642  7 0.1844 0.1483 0.0213 0.2164 0.0296 0.1206 0.1210 0.1307 0.0277 
        D644  7 0.1138 0.0904 0.0710 0.2761 0.0416 0.0852 0.0413 0.1719 0.1087 
        D645  7 0.0328 0.0388 0.4677 0.0536 0.0506 0.0583 0.0343 0.1194 0.1445 
        D662  7 0.0396 0.0274 0.0422 0.2545 0.1438 0.0550 0.1817 0.1617 0.0941 
        D687  7 0.0249 0.0516 0.0433 0.0447 0.0440 0.0310 0.0542 0.0797 0.6266 
        D688  7 0.2287 0.1199 0.0189 0.2632 0.0269 0.1159 0.0136 0.1537 0.0593 
        D689  7 0.0117 0.0184 0.8505 0.0243 0.0253 0.0133 0.0154 0.0174 0.0237 
        D700  7 0.0184 0.0117 0.0089 0.0124 0.0128 0.0287 0.0094 0.8850 0.0127 
        D797  7 0.0418 0.0473 0.0798 0.0408 0.1756 0.0660 0.0800 0.0825 0.3862 
        D798  7 0.0614 0.0718 0.2726 0.2536 0.0212 0.0368 0.0408 0.2046 0.0371 
        D799  7 0.0509 0.0222 0.0383 0.0371 0.0173 0.0188 0.0109 0.0692 0.7353 
        D800  7 0.0534 0.0284 0.0415 0.0289 0.3449 0.0610 0.0418 0.1746 0.2254 
        D201  9 0.0161 0.0291 0.0260 0.0189 0.0238 0.1266 0.0968 0.0488 0.6139 
        D202  9 0.0235 0.6355 0.0192 0.1251 0.0141 0.0301 0.0083 0.0571 0.0871 
     D237259  9 0.0327 0.0971 0.0997 0.0471 0.0175 0.1284 0.0147 0.5383 0.0245 
     D237260  9 0.2827 0.1967 0.0284 0.0681 0.0457 0.0775 0.0125 0.2183 0.0701 
     D237262  9 0.2535 0.1133 0.0208 0.4562 0.0264 0.0212 0.0285 0.0619 0.0181 
     D237263  9 0.1203 0.0749 0.0178 0.2778 0.0510 0.0514 0.0230 0.0622 0.3217 
     D237264  9 0.2414 0.2142 0.0260 0.1016 0.1072 0.0565 0.0387 0.1782 0.0361 
     D237265  9 0.0277 0.7548 0.0133 0.0496 0.0331 0.0314 0.0144 0.0435 0.0322 
     D237266  9 0.0748 0.0975 0.1858 0.2741 0.0206 0.1995 0.0130 0.1142 0.0203 
     D237267  9 0.2591 0.1865 0.0758 0.1066 0.0491 0.0786 0.0090 0.2173 0.0179 
     D237268  9 0.0839 0.2054 0.0483 0.4931 0.0241 0.0414 0.0234 0.0514 0.0290 
     D237289  9 0.0372 0.6666 0.0520 0.0393 0.0769 0.0288 0.0259 0.0381 0.0352 
     D237290  9 0.0316 0.5887 0.0686 0.1152 0.0409 0.0372 0.0175 0.0617 0.0387 
     D237291  9 0.0683 0.1081 0.0268 0.0550 0.0191 0.1275 0.0156 0.1508 0.4289 
     D237292  9 0.0696 0.4856 0.0127 0.0403 0.0279 0.1476 0.0296 0.1617 0.0250 
     D237293  9 0.0579 0.4234 0.2184 0.1449 0.0210 0.0260 0.0233 0.0605 0.0246 
     D237294  9 0.1185 0.0669 0.0224 0.0439 0.0399 0.0506 0.0699 0.1594 0.4286 
     D237295  9 0.0589 0.0750 0.0922 0.1060 0.3295 0.0848 0.1032 0.0827 0.0677 
     D237296  9 0.0808 0.0696 0.0631 0.0390 0.0542 0.1544 0.0613 0.2375 0.2402 
     D237297  9 0.1203 0.1895 0.0525 0.1889 0.0507 0.0992 0.0244 0.2312 0.0432 
     D237298  9 0.0427 0.0321 0.0702 0.1054 0.0336 0.0401 0.0724 0.0728 0.5307 
     D237341  9 0.0725 0.1080 0.0578 0.0540 0.0378 0.0571 0.0839 0.1479 0.3810 
     D237342  9 0.0971 0.1815 0.0265 0.5438 0.0460 0.0226 0.0116 0.0435 0.0275 
     D237343  9 0.2740 0.0521 0.0432 0.1615 0.0435 0.0706 0.0322 0.2189 0.1039 
     D237344  9 0.0872 0.3495 0.1203 0.1710 0.0379 0.0954 0.0252 0.0881 0.0253 
     D237345  9 0.1570 0.0956 0.0150 0.3277 0.0202 0.0337 0.2354 0.0653 0.0501 
     D237346  9 0.0285 0.1700 0.0878 0.1497 0.0296 0.0873 0.0651 0.2464 0.1355 
     D237347  9 0.1964 0.0437 0.0693 0.1008 0.0759 0.1155 0.0300 0.1656 0.2028 
     D237348  9 0.0820 0.4693 0.0647 0.1879 0.0239 0.0467 0.0403 0.0572 0.0280 
     D237349  9 0.0370 0.0542 0.0215 0.0965 0.0424 0.1987 0.0953 0.1194 0.3349 
     D244109  9 0.6850 0.0363 0.0182 0.0597 0.0224 0.0560 0.0211 0.0767 0.0247 
     D244110  9 0.3259 0.1142 0.0706 0.0658 0.0379 0.1327 0.0439 0.1542 0.0549 
     D244111  9 0.1733 0.1975 0.0606 0.2122 0.0295 0.0428 0.0295 0.0942 0.1604 
     D244128  9 0.1637 0.1475 0.0188 0.5001 0.0257 0.0230 0.0154 0.0624 0.0434 
     D244137  9 0.1036 0.0375 0.0254 0.0667 0.2601 0.0779 0.1028 0.0886 0.2375 
     D244138  9 0.1120 0.1251 0.0215 0.1062 0.0249 0.1038 0.0358 0.2172 0.2536 
        D580  9 0.0349 0.1535 0.0729 0.2084 0.0127 0.0929 0.3012 0.0999 0.0237 
        D581  9 0.0367 0.7923 0.0135 0.0413 0.0129 0.0149 0.0250 0.0264 0.0369 
        D582  9 0.1795 0.1393 0.0284 0.5564 0.0160 0.0165 0.0183 0.0224 0.0231 
        D583  9 0.0690 0.1246 0.0573 0.0761 0.0214 0.1324 0.0344 0.1284 0.3564 
        D584  9 0.0563 0.4649 0.0534 0.1075 0.0280 0.0963 0.0609 0.1095 0.0233 
        D585  9 0.1049 0.1584 0.0436 0.5037 0.0386 0.0438 0.0212 0.0558 0.0300 
        D586  9 0.0778 0.1174 0.0510 0.0734 0.0422 0.1303 0.0227 0.2491 0.2361 
        D651  9 0.0296 0.0171 0.6567 0.0407 0.0254 0.0373 0.1343 0.0410 0.0178 
        D652  9 0.0399 0.0389 0.0179 0.0865 0.0696 0.0771 0.0720 0.0867 0.5113 
        D653  9 0.0686 0.0845 0.1501 0.0925 0.0264 0.1394 0.0482 0.2416 0.1487 
        D654  9 0.1318 0.0503 0.0669 0.2320 0.0357 0.1151 0.0593 0.2224 0.0863 
        D655  9 0.0399 0.0994 0.2832 0.0963 0.0638 0.1415 0.0203 0.1792 0.0766 
        D656  9 0.1634 0.0340 0.0199 0.0578 0.0173 0.5469 0.0347 0.1073 0.0187 
        D657  9 0.3803 0.1329 0.0314 0.1308 0.0194 0.0535 0.0539 0.1426 0.0552 
        D667  9 0.0212 0.0282 0.8404 0.0208 0.0143 0.0331 0.0086 0.0193 0.0139 
        D668  9 0.0389 0.1350 0.3819 0.1404 0.0133 0.0475 0.1051 0.1142 0.0236 
        D669  9 0.0537 0.5439 0.0357 0.0407 0.0181 0.0329 0.0503 0.0697 0.1550 
        D670  9 0.0186 0.0358 0.3301 0.0274 0.0128 0.3505 0.0215 0.1889 0.0145 
        D671  9 0.1115 0.2216 0.0167 0.0583 0.0548 0.0802 0.0906 0.1884 0.1782 
        D672  9 0.0476 0.1140 0.1332 0.2586 0.0534 0.0468 0.1251 0.0979 0.1233 
        D673  9 0.0231 0.0306 0.5269 0.0808 0.0248 0.0312 0.1143 0.1162 0.0520 
        D692  9 0.0627 0.0880 0.0214 0.1163 0.0317 0.5743 0.0140 0.0791 0.0125 
        D693  9 0.0315 0.0799 0.6066 0.0652 0.0193 0.0625 0.0657 0.0441 0.0252 
        D694  9 0.4199 0.1198 0.0154 0.1422 0.0226 0.0765 0.0329 0.1314 0.0392 
        D695  9 0.0344 0.0716 0.1901 0.2020 0.0705 0.1227 0.1494 0.1041 0.0551 
        D696  9 0.0540 0.1601 0.0466 0.0498 0.4178 0.0583 0.1097 0.0819 0.0218 
        D697  9 0.0150 0.0235 0.8235 0.0158 0.0199 0.0199 0.0373 0.0253 0.0198 
        D698  9 0.0255 0.4638 0.1186 0.0790 0.0686 0.0647 0.0331 0.1215 0.0253 
        D699  9 0.0259 0.3040 0.4810 0.0536 0.0197 0.0244 0.0306 0.0420 0.0188 
        D787  9 0.0800 0.0473 0.0801 0.2516 0.0794 0.1637 0.0248 0.1080 0.1651 
        D788  9 0.0171 0.2784 0.4655 0.0721 0.0180 0.0470 0.0199 0.0518 0.0302 
        D789  9 0.2594 0.2370 0.0569 0.1896 0.0349 0.0562 0.0274 0.1197 0.0189 
        D790  9 0.0377 0.0409 0.4967 0.0690 0.0166 0.1310 0.0501 0.1014 0.0567 
        D791  9 0.0931 0.5858 0.0204 0.0819 0.0224 0.0296 0.0116 0.0520 0.1033 
        D792  9 0.2317 0.0228 0.0966 0.0376 0.0961 0.2360 0.0425 0.1465 0.0901 
        D793  9 0.0186 0.0139 0.7502 0.0176 0.0600 0.0754 0.0159 0.0350 0.0136 
        D794  9 0.1698 0.0703 0.3065 0.0661 0.0689 0.0986 0.0611 0.0986 0.0602 
        D795  9 0.0747 0.2416 0.0460 0.4523 0.0442 0.0250 0.0142 0.0732 0.0289 
        D796  9 0.0177 0.0729 0.7619 0.0452 0.0128 0.0160 0.0105 0.0297 0.0332 
        D005 12 0.8256 0.0169 0.0134 0.0312 0.0127 0.0198 0.0136 0.0488 0.0179 
        D035 12 0.0132 0.0203 0.8504 0.0191 0.0162 0.0185 0.0153 0.0281 0.0190 
        D067 12 0.0334 0.0667 0.4195 0.0799 0.0450 0.1211 0.0211 0.1401 0.0731 
        D134 12 0.1289 0.0417 0.0378 0.1049 0.0266 0.1606 0.0111 0.3826 0.1058 
        D135 12 0.0500 0.1121 0.0662 0.1340 0.0185 0.0456 0.0258 0.5170 0.0307 
        D136 12 0.0988 0.0297 0.0885 0.0914 0.2339 0.1327 0.1212 0.1761 0.0276 
        D137 12 0.0390 0.1668 0.3956 0.0898 0.0145 0.0738 0.0293 0.1451 0.0462 
        D138 12 0.0429 0.0692 0.2124 0.0508 0.0715 0.2127 0.0630 0.1609 0.1167 
        D139 12 0.0780 0.1413 0.0307 0.1281 0.0309 0.1394 0.0289 0.1419 0.2808 
        D140 12 0.0199 0.0297 0.7935 0.0303 0.0259 0.0310 0.0248 0.0291 0.0157 
        D141 12 0.0735 0.0324 0.2454 0.3180 0.0088 0.0217 0.2386 0.0413 0.0205 
        D150 12 0.2098 0.1760 0.0185 0.3286 0.0275 0.0509 0.0196 0.1526 0.0166 
        D177 12 0.0810 0.0627 0.0703 0.0879 0.0399 0.3416 0.0119 0.2790 0.0257 
        D178 12 0.1453 0.0272 0.0291 0.0585 0.2308 0.0727 0.1543 0.1856 0.0966 
        D179 12 0.1039 0.0270 0.1109 0.0376 0.0454 0.2272 0.0710 0.3169 0.0600 
        D180 12 0.1138 0.0206 0.4214 0.2209 0.0139 0.0733 0.0144 0.0955 0.0263 
        D187 12 0.0181 0.0331 0.7844 0.0349 0.0222 0.0318 0.0124 0.0315 0.0316 
        D188 12 0.2798 0.0528 0.0206 0.2084 0.0147 0.1527 0.1092 0.1211 0.0406 
        D191 12 0.0582 0.0352 0.1404 0.0495 0.0216 0.0346 0.2642 0.0764 0.3199 
        D418 12 0.0370 0.0467 0.0983 0.0861 0.0200 0.0594 0.3201 0.1252 0.2072 
        D601 12 0.4034 0.0453 0.0502 0.3256 0.0203 0.0466 0.0170 0.0726 0.0191 
        D836 12 0.1197 0.0696 0.3380 0.3733 0.0092 0.0170 0.0153 0.0309 0.0270 
        D837 12 0.0525 0.0464 0.0379 0.0953 0.1375 0.0257 0.0604 0.0737 0.4705 
        D838 12 0.0133 0.0495 0.7394 0.0346 0.0343 0.0261 0.0186 0.0223 0.0619 
        D839 12 0.0732 0.2329 0.0405 0.0608 0.0351 0.1414 0.0376 0.1277 0.2508 
        D840 12 0.0987 0.0421 0.1133 0.0683 0.0212 0.0806 0.1069 0.0860 0.3828 
        D841 12 0.0099 0.0189 0.8721 0.0154 0.0110 0.0162 0.0164 0.0159 0.0243 
        D842 12 0.2045 0.1000 0.0116 0.3092 0.0152 0.0181 0.1876 0.0761 0.0777 
        D843 12 0.0935 0.0846 0.2505 0.0947 0.0688 0.1628 0.0183 0.1571 0.0699 
        D844 12 0.0403 0.0164 0.0105 0.0164 0.0256 0.0538 0.0837 0.0301 0.7233 
        D912 12 0.0775 0.0286 0.0315 0.0282 0.0791 0.0474 0.1687 0.0390 0.4999 
        D913 12 0.0564 0.1241 0.1605 0.0352 0.0389 0.1777 0.0208 0.2964 0.0901 
        D914 12 0.1761 0.0403 0.0723 0.0987 0.0255 0.0428 0.0281 0.0815 0.4348 
        D922 12 0.0161 0.0302 0.7669 0.0727 0.0201 0.0182 0.0208 0.0335 0.0214 
        D939 12 0.1436 0.0811 0.2398 0.3981 0.0141 0.0269 0.0287 0.0304 0.0371 
        D944 12 0.0797 0.0511 0.0733 0.0150 0.0207 0.1673 0.0469 0.4887 0.0573 
        D945 12 0.0739 0.1025 0.1093 0.1626 0.0356 0.1851 0.0273 0.1517 0.1520 
        D985 12 0.3031 0.0944 0.1020 0.1315 0.0356 0.0606 0.1070 0.1537 0.0121 
        D986 12 0.1055 0.0494 0.0120 0.0540 0.0480 0.0406 0.0163 0.2083 0.4658 
        D987 12 0.1652 0.0221 0.0257 0.0908 0.0476 0.0243 0.0586 0.0631 0.5026 
        D988 12 0.2171 0.1273 0.0282 0.0986 0.0442 0.0933 0.0271 0.2054 0.1588 
        D996 12 0.1624 0.0444 0.2359 0.0662 0.0204 0.0804 0.0188 0.1746 0.1968 
        D997 12 0.1290 0.0909 0.1373 0.3469 0.0436 0.0393 0.0255 0.1183 0.0691 
        D998 12 0.0446 0.1452 0.1653 0.0489 0.0550 0.0836 0.0154 0.3993 0.0428 
        D999 12 0.0408 0.4174 0.0385 0.0554 0.0259 0.0515 0.0759 0.0981 0.1965 
