        D174  1 0.0607 0.0943 0.0580 0.0996 0.0218 0.0172 0.1783 0.0329 0.3845 0.0320 0.0207 
        D199  1 0.0261 0.0366 0.1807 0.0637 0.0523 0.1019 0.2071 0.0915 0.1377 0.0404 0.0619 
        D203  1 0.0499 0.0784 0.1406 0.1223 0.0379 0.0635 0.2349 0.1062 0.0474 0.0272 0.0916 
        D204  1 0.0589 0.0597 0.0391 0.6810 0.0161 0.0195 0.0223 0.0347 0.0347 0.0176 0.0165 
     D237366  1 0.0534 0.0890 0.0382 0.0172 0.0209 0.0327 0.5890 0.0243 0.0319 0.0259 0.0774 
     D237367  1 0.0582 0.1036 0.1339 0.0218 0.1686 0.2294 0.0662 0.0919 0.0398 0.0664 0.0202 
     D237368  1 0.1665 0.0317 0.0833 0.1725 0.0386 0.0486 0.2611 0.0452 0.0670 0.0479 0.0375 
     D244101  1 0.0570 0.5075 0.0946 0.0273 0.0126 0.0653 0.0389 0.1336 0.0217 0.0157 0.0258 
     D244102  1 0.0251 0.1258 0.1240 0.0558 0.0616 0.0431 0.0389 0.3312 0.1067 0.0290 0.0589 
     D244103  1 0.0196 0.0158 0.0518 0.0181 0.0274 0.7130 0.0406 0.0189 0.0296 0.0251 0.0401 
     D244104  1 0.0236 0.0317 0.0215 0.1561 0.0303 0.0953 0.0176 0.0249 0.0106 0.5510 0.0375 
     D244105  1 0.2249 0.0258 0.2305 0.0165 0.0269 0.0213 0.1666 0.0755 0.0209 0.1025 0.0885 
     D244106  1 0.0240 0.1108 0.0503 0.5454 0.0085 0.0351 0.0170 0.0448 0.0391 0.0162 0.1089 
     D244107  1 0.0179 0.0149 0.1258 0.0126 0.1240 0.0924 0.2473 0.2708 0.0361 0.0235 0.0347 
     D244108  1 0.3745 0.0333 0.0540 0.0360 0.0153 0.0266 0.0168 0.0793 0.3104 0.0230 0.0310 
     D244113  1 0.0274 0.0346 0.0530 0.0162 0.0105 0.0245 0.0417 0.0409 0.7016 0.0343 0.0153 
     D244114  1 0.0308 0.0759 0.1503 0.0239 0.0133 0.1527 0.1455 0.0914 0.0161 0.0263 0.2737 
     D244115  1 0.0498 0.0634 0.0874 0.5062 0.0323 0.0304 0.0173 0.0826 0.0444 0.0195 0.0666 
     D267365  1 0.0303 0.3038 0.0969 0.0457 0.0335 0.0393 0.1111 0.2042 0.0329 0.0273 0.0750 
        D404  1 0.0138 0.0217 0.0244 0.0976 0.0202 0.0357 0.0201 0.0294 0.6988 0.0200 0.0183 
        D405  1 0.0106 0.0969 0.0743 0.1074 0.0277 0.0406 0.0334 0.1058 0.3833 0.0431 0.0767 
        D406  1 0.9259 0.0093 0.0083 0.0068 0.0073 0.0068 0.0088 0.0070 0.0063 0.0068 0.0067 
        D407  1 0.0133 0.0088 0.0157 0.0405 0.0099 0.8450 0.0190 0.0106 0.0113 0.0134 0.0125 
        D408  1 0.0138 0.1195 0.0610 0.1032 0.0304 0.1700 0.0611 0.0361 0.2585 0.1153 0.0311 
        D409  1 0.0306 0.0514 0.1336 0.0459 0.0178 0.4503 0.0339 0.0732 0.0291 0.0393 0.0950 
        D410  1 0.0676 0.0485 0.1205 0.0276 0.0133 0.0281 0.0382 0.5187 0.1108 0.0138 0.0127 
        D421  1 0.0069 0.0235 0.0191 0.1891 0.0096 0.6868 0.0122 0.0140 0.0080 0.0195 0.0113 
        D422  1 0.1104 0.0211 0.0883 0.0256 0.0194 0.4118 0.0884 0.0536 0.0159 0.0118 0.1537 
        D423  1 0.0430 0.0138 0.0609 0.0103 0.0305 0.5432 0.0547 0.1721 0.0355 0.0171 0.0189 
        D424  1 0.0178 0.0230 0.0711 0.6385 0.0107 0.1161 0.0308 0.0435 0.0160 0.0163 0.0162 
        D425  1 0.0228 0.1226 0.3015 0.0394 0.0146 0.0729 0.0966 0.1694 0.0498 0.0893 0.0211 
        D426  1 0.0143 0.0160 0.0334 0.0118 0.0068 0.7696 0.0247 0.0154 0.0247 0.0301 0.0533 
        D427  1 0.0074 0.0392 0.0730 0.3691 0.0125 0.2579 0.0197 0.0371 0.0130 0.0643 0.1069 
        D428  1 0.0466 0.0361 0.1075 0.2644 0.0189 0.2014 0.0810 0.0906 0.0981 0.0302 0.0252 
        D429  1 0.0131 0.0401 0.0236 0.6986 0.0092 0.0259 0.0098 0.0982 0.0156 0.0114 0.0544 
        D430  1 0.0093 0.0326 0.1109 0.4443 0.0152 0.0507 0.0653 0.0822 0.0542 0.0292 0.1062 
        D491  1 0.1197 0.0247 0.0699 0.1682 0.0374 0.3579 0.0282 0.0372 0.0529 0.0817 0.0222 
        D492  1 0.0753 0.0416 0.0540 0.4326 0.0172 0.2432 0.0398 0.0213 0.0296 0.0156 0.0299 
        D537  1 0.2795 0.0231 0.0630 0.0431 0.0183 0.4115 0.0336 0.0416 0.0372 0.0298 0.0194 
        D538  1 0.1114 0.0268 0.1061 0.0884 0.0885 0.0413 0.1696 0.0477 0.2642 0.0242 0.0317 
        D539  1 0.1479 0.0408 0.0703 0.0742 0.0413 0.0298 0.0123 0.0914 0.0753 0.0249 0.3917 
        D540  1 0.0123 0.0348 0.1240 0.0165 0.0287 0.3966 0.0670 0.1590 0.0599 0.0771 0.0241 
        D541  1 0.0119 0.0198 0.0181 0.8222 0.0145 0.0435 0.0123 0.0224 0.0105 0.0145 0.0103 
        D551  1 0.0241 0.0310 0.1424 0.0103 0.0131 0.5538 0.0302 0.0178 0.0142 0.0133 0.1499 
        D552  1 0.5641 0.1147 0.0387 0.0439 0.0199 0.0285 0.0235 0.0421 0.0156 0.0521 0.0567 
        D553  1 0.0126 0.1290 0.0517 0.1743 0.0393 0.4000 0.0355 0.0538 0.0134 0.0727 0.0177 
        D615  1 0.0200 0.0477 0.0503 0.5995 0.0552 0.0277 0.0246 0.0388 0.0358 0.0280 0.0722 
        D616  1 0.0342 0.0366 0.0960 0.4420 0.0320 0.1257 0.0312 0.0903 0.0189 0.0207 0.0724 
        D621  1 0.7637 0.0227 0.0193 0.0241 0.0189 0.0149 0.0161 0.0225 0.0427 0.0310 0.0240 
        D622  1 0.8187 0.0234 0.0206 0.0179 0.0175 0.0131 0.0207 0.0162 0.0125 0.0257 0.0138 
        D623  1 0.0288 0.0266 0.0468 0.0264 0.0128 0.0203 0.0285 0.0970 0.6852 0.0119 0.0156 
        D624  1 0.0208 0.0162 0.1074 0.4087 0.0200 0.1158 0.0374 0.0348 0.0989 0.0645 0.0755 
        D625  1 0.1027 0.0246 0.0311 0.5899 0.1325 0.0230 0.0190 0.0158 0.0195 0.0103 0.0317 
        D626  1 0.0200 0.0167 0.0342 0.0326 0.0428 0.0705 0.0439 0.0327 0.0334 0.6457 0.0274 
        D627  1 0.0352 0.0602 0.0980 0.0557 0.0316 0.5778 0.0463 0.0303 0.0121 0.0208 0.0319 
        D690  1 0.0114 0.0205 0.0137 0.8526 0.0236 0.0168 0.0132 0.0121 0.0126 0.0140 0.0095 
        D691  1 0.8242 0.0242 0.0137 0.0232 0.0168 0.0211 0.0224 0.0152 0.0109 0.0120 0.0164 
        D710  1 0.0230 0.0410 0.1031 0.0908 0.0507 0.2189 0.2060 0.0610 0.0396 0.1450 0.0210 
        D711  1 0.0227 0.0262 0.0161 0.8119 0.0156 0.0180 0.0191 0.0247 0.0185 0.0070 0.0203 
        D712  1 0.0722 0.1452 0.0729 0.0153 0.0429 0.0609 0.1884 0.0439 0.1511 0.1622 0.0450 
        D713  1 0.1649 0.0362 0.1307 0.0580 0.0126 0.3427 0.0765 0.0529 0.0919 0.0139 0.0197 
        D746  1 0.7653 0.0210 0.0167 0.0616 0.0114 0.0223 0.0247 0.0132 0.0083 0.0279 0.0277 
        D747  1 0.0108 0.0292 0.0124 0.8401 0.0117 0.0158 0.0135 0.0241 0.0147 0.0116 0.0161 
        D748  1 0.8008 0.0205 0.0218 0.0425 0.0123 0.0174 0.0199 0.0174 0.0100 0.0175 0.0199 
        D749  1 0.1410 0.0533 0.2332 0.0480 0.0176 0.0794 0.0709 0.1707 0.0386 0.0256 0.1216 
        D750  1 0.0152 0.0219 0.0137 0.8454 0.0110 0.0179 0.0105 0.0176 0.0171 0.0121 0.0176 
        D763  1 0.1974 0.0459 0.1026 0.0239 0.0318 0.0399 0.0810 0.0600 0.0230 0.1739 0.2206 
        D764  1 0.0118 0.0103 0.0138 0.8865 0.0087 0.0187 0.0092 0.0109 0.0114 0.0121 0.0067 
        D765  1 0.0390 0.0491 0.2622 0.0183 0.0218 0.0666 0.0915 0.2471 0.0919 0.0506 0.0619 
        D766  1 0.7843 0.0136 0.0179 0.0120 0.0217 0.0509 0.0173 0.0211 0.0184 0.0278 0.0149 
        D767  1 0.0618 0.1011 0.1204 0.0714 0.1379 0.0411 0.1781 0.1286 0.0817 0.0279 0.0499 
        D768  1 0.0466 0.0448 0.0888 0.1139 0.0200 0.4611 0.0718 0.0762 0.0162 0.0318 0.0287 
        D811  1 0.0197 0.0179 0.1073 0.0183 0.0260 0.0559 0.0225 0.0773 0.2280 0.4096 0.0173 
        D816  1 0.0152 0.1633 0.0330 0.4366 0.0137 0.0246 0.0412 0.2311 0.0095 0.0113 0.0204 
        D825  1 0.0385 0.0690 0.1539 0.1777 0.0875 0.0488 0.0453 0.2135 0.0999 0.0407 0.0253 
        D866  1 0.0171 0.0947 0.0668 0.0521 0.0342 0.0200 0.0274 0.2053 0.1702 0.0592 0.2530 
        D867  1 0.0927 0.0212 0.1069 0.0140 0.0169 0.0562 0.5077 0.0815 0.0245 0.0175 0.0610 
        D871  1 0.0263 0.0442 0.1066 0.1309 0.0432 0.4885 0.0394 0.0240 0.0505 0.0232 0.0232 
        D872  1 0.7037 0.0183 0.0257 0.0202 0.0395 0.0163 0.0304 0.0276 0.0730 0.0246 0.0206 
        D873  1 0.0081 0.0209 0.0631 0.0151 0.0355 0.0172 0.0278 0.5218 0.2645 0.0110 0.0150 
        D874  1 0.0270 0.6723 0.0315 0.0730 0.0123 0.0226 0.0240 0.0398 0.0350 0.0232 0.0393 
        D875  1 0.3757 0.0205 0.0687 0.0258 0.0187 0.4012 0.0228 0.0212 0.0200 0.0089 0.0165 
        D876  1 0.6767 0.0587 0.0288 0.0255 0.0272 0.0245 0.0233 0.0242 0.0207 0.0634 0.0271 
        D877  1 0.0184 0.0365 0.0451 0.0766 0.0124 0.0183 0.0269 0.0279 0.6983 0.0194 0.0202 
        D892  1 0.6902 0.0252 0.0267 0.0662 0.0236 0.0304 0.0664 0.0187 0.0183 0.0115 0.0227 
        D893  1 0.0622 0.3470 0.1003 0.0559 0.0351 0.0604 0.1238 0.1237 0.0312 0.0401 0.0202 
        D894  1 0.0064 0.0111 0.0099 0.8996 0.0096 0.0117 0.0083 0.0111 0.0094 0.0067 0.0164 
        D915  1 0.2785 0.1609 0.0872 0.0310 0.0555 0.0336 0.1854 0.0877 0.0228 0.0309 0.0265 
        D916  1 0.0086 0.0081 0.0073 0.9296 0.0067 0.0071 0.0056 0.0066 0.0061 0.0062 0.0083 
        D917  1 0.0121 0.0411 0.1181 0.0404 0.2220 0.0575 0.2493 0.0622 0.1335 0.0375 0.0262 
        D925  1 0.0726 0.0644 0.1135 0.0772 0.0826 0.0549 0.0271 0.3636 0.0625 0.0380 0.0436 
        D926  1 0.0275 0.1578 0.1047 0.2578 0.0349 0.0495 0.0642 0.2232 0.0146 0.0150 0.0507 
        D927  1 0.0359 0.1201 0.0759 0.0473 0.0296 0.0430 0.2872 0.1361 0.0262 0.0234 0.1753 
        D928  1 0.0337 0.0386 0.0965 0.3472 0.0121 0.1596 0.0437 0.0529 0.1451 0.0547 0.0160 
        D929  1 0.0358 0.1028 0.0602 0.0333 0.3364 0.0266 0.1410 0.0390 0.1719 0.0218 0.0312 
        D936  1 0.0176 0.2741 0.0511 0.2709 0.0210 0.0180 0.0389 0.2198 0.0139 0.0118 0.0629 
        D938  1 0.9041 0.0096 0.0084 0.0080 0.0087 0.0075 0.0086 0.0088 0.0102 0.0190 0.0071 
        D956  1 0.0090 0.0204 0.0241 0.7823 0.0117 0.0298 0.0099 0.0155 0.0488 0.0162 0.0324 
        D957  1 0.6625 0.0271 0.0359 0.0219 0.0263 0.0177 0.0271 0.0599 0.0795 0.0153 0.0266 
        D958  1 0.9096 0.0099 0.0077 0.0115 0.0097 0.0077 0.0085 0.0072 0.0089 0.0121 0.0072 
        D959  1 0.0083 0.0070 0.0108 0.0152 0.0065 0.9023 0.0157 0.0078 0.0087 0.0089 0.0087 
        D960  1 0.5814 0.0210 0.0589 0.0201 0.0117 0.0181 0.0464 0.0820 0.1146 0.0067 0.0391 
        D989  1 0.0399 0.1732 0.0952 0.0923 0.0141 0.0433 0.1489 0.0596 0.0502 0.2183 0.0649 
        D990  1 0.0308 0.1780 0.1155 0.0117 0.1102 0.0193 0.0467 0.3981 0.0648 0.0139 0.0110 
        D211  3 0.0107 0.0122 0.0167 0.0149 0.8527 0.0183 0.0255 0.0099 0.0094 0.0154 0.0143 
     D229639  3 0.0135 0.0567 0.1917 0.0556 0.0866 0.0662 0.0215 0.1278 0.0410 0.2203 0.1191 
     D237212  3 0.0164 0.0512 0.1028 0.1429 0.1719 0.0370 0.0726 0.1961 0.0298 0.0489 0.1303 
     D237213  3 0.0311 0.0837 0.1032 0.0090 0.2525 0.0192 0.0475 0.1329 0.1075 0.1456 0.0677 
     D237214  3 0.0175 0.0126 0.0128 0.0129 0.0080 0.0159 0.8822 0.0119 0.0097 0.0079 0.0086 
     D237215  3 0.0077 0.0224 0.0552 0.0099 0.0089 0.0197 0.0144 0.0438 0.6875 0.0257 0.1049 
     D237216  3 0.0131 0.0777 0.4165 0.0140 0.0455 0.0495 0.1219 0.0670 0.0663 0.0898 0.0386 
     D237217  3 0.0384 0.0325 0.1742 0.0103 0.3864 0.0368 0.1239 0.0825 0.0101 0.0377 0.0673 
     D237218  3 0.0352 0.5771 0.0569 0.0281 0.0538 0.0197 0.0205 0.0442 0.0098 0.0283 0.1263 
     D237219  3 0.0434 0.0474 0.0616 0.0125 0.1575 0.0131 0.0199 0.0987 0.0184 0.5099 0.0177 
     D237382  3 0.1249 0.0227 0.0330 0.0405 0.0261 0.0147 0.0749 0.0363 0.5475 0.0439 0.0354 
     D244127  3 0.0291 0.0402 0.1194 0.0083 0.0457 0.0203 0.0575 0.3967 0.1867 0.0591 0.0370 
     D244129  3 0.0732 0.0446 0.1104 0.1129 0.1387 0.0295 0.2215 0.0645 0.0729 0.0841 0.0476 
     D244133  3 0.0216 0.0214 0.0333 0.0369 0.0135 0.0255 0.0184 0.0226 0.0339 0.7454 0.0274 
     D244134  3 0.0730 0.0644 0.0411 0.0136 0.1612 0.0147 0.0219 0.0850 0.0240 0.4659 0.0352 
     D244135  3 0.0183 0.0189 0.0600 0.0141 0.1207 0.0481 0.6240 0.0314 0.0199 0.0173 0.0273 
     D244136  3 0.0409 0.0340 0.0695 0.0565 0.0141 0.1471 0.0320 0.0367 0.1771 0.3584 0.0337 
        D416  3 0.0089 0.0520 0.1104 0.0184 0.0281 0.0768 0.0550 0.0423 0.0321 0.2797 0.2963 
        D417  3 0.1359 0.0429 0.1432 0.2824 0.0161 0.0412 0.0209 0.1645 0.0213 0.0378 0.0938 
        D419  3 0.1585 0.0715 0.0914 0.0263 0.0773 0.0269 0.0393 0.1676 0.0217 0.2094 0.1100 
        D565  3 0.0333 0.1537 0.1082 0.1485 0.0226 0.1080 0.0239 0.0950 0.1264 0.1628 0.0176 
        D566  3 0.0123 0.0498 0.1336 0.1725 0.0212 0.1123 0.0237 0.0686 0.1993 0.1078 0.0988 
        D567  3 0.0598 0.0350 0.0979 0.1703 0.1244 0.0637 0.0673 0.1782 0.0157 0.0545 0.1332 
        D568  3 0.1861 0.0408 0.0857 0.0354 0.1233 0.0198 0.0340 0.2229 0.0145 0.0695 0.1679 
        D569  3 0.0128 0.0417 0.0917 0.0152 0.0692 0.0281 0.2371 0.1066 0.3535 0.0240 0.0201 
        D573  3 0.0091 0.0877 0.1191 0.2267 0.0348 0.0521 0.0161 0.3627 0.0147 0.0309 0.0460 
        D574  3 0.0485 0.2487 0.1499 0.0284 0.0540 0.1278 0.0699 0.0460 0.1278 0.0527 0.0465 
        D575  3 0.0107 0.0091 0.0109 0.0059 0.0441 0.0231 0.0102 0.0084 0.0126 0.8560 0.0091 
        D576  3 0.0053 0.0126 0.0912 0.0076 0.0193 0.0160 0.0459 0.0801 0.4863 0.0823 0.1534 
        D577  3 0.1290 0.0355 0.0746 0.0649 0.2429 0.2208 0.0491 0.0286 0.0237 0.0702 0.0607 
        D578  3 0.0121 0.0083 0.0114 0.0050 0.0073 0.0107 0.9091 0.0105 0.0092 0.0087 0.0076 
        D579  3 0.0303 0.2390 0.0490 0.2973 0.0309 0.0497 0.0219 0.1000 0.0449 0.0761 0.0608 
        D660  3 0.0160 0.1195 0.1184 0.0181 0.0710 0.0284 0.1700 0.1135 0.2025 0.0588 0.0839 
        D661  3 0.0134 0.0601 0.0247 0.0094 0.0126 0.0159 0.0127 0.1128 0.0076 0.0132 0.7175 
        D663  3 0.0127 0.1613 0.3887 0.0198 0.0409 0.0531 0.0732 0.1001 0.0656 0.0171 0.0675 
        D664  3 0.0463 0.0863 0.1066 0.0121 0.0953 0.0203 0.1701 0.1028 0.1565 0.1512 0.0525 
        D665  3 0.0106 0.0360 0.0723 0.0096 0.6412 0.0146 0.0378 0.0385 0.0772 0.0482 0.0141 
        D666  3 0.0256 0.0213 0.0215 0.0114 0.0134 0.0176 0.0217 0.0201 0.0340 0.8007 0.0125 
        D502  6 0.0100 0.0210 0.1721 0.0115 0.3135 0.0658 0.0199 0.0877 0.2069 0.0323 0.0592 
        D503  6 0.0357 0.0455 0.0547 0.0256 0.0306 0.0391 0.0111 0.0220 0.0213 0.0312 0.6833 
        D504  6 0.0480 0.2882 0.0825 0.1363 0.0102 0.1033 0.0316 0.0917 0.0236 0.0221 0.1625 
        D505  6 0.0129 0.0627 0.1184 0.0727 0.0390 0.1518 0.1469 0.0623 0.1275 0.0556 0.1501 
        D506  6 0.0084 0.0153 0.0327 0.5582 0.0116 0.2638 0.0361 0.0196 0.0201 0.0222 0.0122 
        D507  6 0.0249 0.0849 0.1841 0.0282 0.0308 0.2026 0.0161 0.1026 0.2622 0.0245 0.0390 
        D508  6 0.0118 0.0694 0.1670 0.0333 0.1015 0.0290 0.0397 0.2322 0.1685 0.0239 0.1237 
        D529  6 0.0295 0.0503 0.1001 0.0617 0.0508 0.2014 0.3213 0.0594 0.0253 0.0411 0.0592 
        D530  6 0.0184 0.0115 0.0223 0.0076 0.0291 0.0430 0.0207 0.0186 0.7846 0.0249 0.0193 
        D531  6 0.0282 0.1317 0.1240 0.2214 0.0301 0.0630 0.0486 0.0846 0.0851 0.0493 0.1341 
        D532  6 0.0133 0.0399 0.0745 0.0421 0.0119 0.2012 0.0563 0.0862 0.4113 0.0249 0.0383 
        D534  6 0.2830 0.0862 0.0804 0.0252 0.0594 0.0357 0.0532 0.3071 0.0241 0.0115 0.0341 
        D535  6 0.0170 0.0627 0.1598 0.0510 0.0379 0.3562 0.0809 0.0506 0.0748 0.0856 0.0235 
        D536  6 0.0104 0.0247 0.1077 0.0222 0.0137 0.0799 0.1235 0.0570 0.2247 0.0162 0.3199 
        D554  6 0.0415 0.0668 0.1232 0.0883 0.0379 0.1706 0.0539 0.0862 0.2322 0.0375 0.0619 
        D587  6 0.0802 0.1490 0.1004 0.2089 0.0216 0.0960 0.0541 0.0845 0.1246 0.0449 0.0358 
        D588  6 0.0085 0.0983 0.4246 0.0268 0.0236 0.1297 0.0382 0.1626 0.0355 0.0324 0.0197 
        D589  6 0.0142 0.1670 0.1771 0.0233 0.0446 0.0525 0.0332 0.0880 0.0758 0.0344 0.2898 
        D590  6 0.0183 0.0259 0.0871 0.0796 0.0135 0.5036 0.0124 0.0663 0.0581 0.0133 0.1219 
        D591  6 0.0602 0.1587 0.1370 0.0477 0.0533 0.0369 0.0654 0.0400 0.0303 0.2834 0.0871 
        D592  6 0.3445 0.0354 0.0625 0.1648 0.0830 0.0467 0.0299 0.1239 0.0471 0.0241 0.0382 
        D593  6 0.0102 0.0078 0.0135 0.0060 0.0581 0.0112 0.0133 0.0099 0.8407 0.0148 0.0144 
        D682  6 0.0227 0.0306 0.0534 0.6046 0.0101 0.1296 0.0164 0.0275 0.0236 0.0514 0.0300 
        D683  6 0.0244 0.0959 0.0983 0.2048 0.3005 0.0511 0.0579 0.0600 0.0274 0.0237 0.0559 
        D684  6 0.0185 0.2310 0.1713 0.0424 0.1396 0.0320 0.1029 0.1723 0.0200 0.0149 0.0551 
        D685  6 0.0120 0.0279 0.4867 0.0146 0.0754 0.0353 0.0423 0.0590 0.0969 0.0396 0.1103 
        D686  6 0.0115 0.0147 0.0503 0.0162 0.0087 0.1618 0.0294 0.0889 0.5881 0.0109 0.0194 
        D724  6 0.0265 0.0410 0.1351 0.0355 0.1525 0.1050 0.0281 0.2145 0.0735 0.0206 0.1676 
        D725  6 0.0832 0.0527 0.1241 0.0117 0.0889 0.0617 0.0502 0.0577 0.2979 0.0665 0.1056 
        D726  6 0.0592 0.1216 0.0558 0.3574 0.0179 0.1746 0.0462 0.0368 0.0495 0.0504 0.0309 
        D727  6 0.0069 0.0195 0.0498 0.0220 0.0198 0.7416 0.0398 0.0160 0.0367 0.0278 0.0201 
        D728  6 0.0287 0.0366 0.1397 0.0543 0.0436 0.1009 0.0216 0.0656 0.3518 0.1331 0.0242 
        D729  6 0.0090 0.0165 0.0329 0.0152 0.0182 0.7976 0.0154 0.0483 0.0274 0.0084 0.0111 
        D730  6 0.0201 0.3746 0.0775 0.0375 0.0301 0.0237 0.0349 0.2655 0.0357 0.0243 0.0761 
        D731  6 0.0125 0.0359 0.0508 0.0336 0.0145 0.0345 0.0363 0.0269 0.2938 0.2033 0.2577 
        D732  6 0.0260 0.0974 0.1090 0.0338 0.2924 0.1357 0.0483 0.1178 0.0661 0.0348 0.0386 
        D733  6 0.1961 0.1417 0.0583 0.0205 0.0448 0.0174 0.1047 0.0706 0.1453 0.0648 0.1357 
     D237251  7 0.0140 0.2977 0.0723 0.0132 0.0127 0.0186 0.0302 0.2772 0.0110 0.0681 0.1850 
     D237252  7 0.0366 0.0188 0.0561 0.0123 0.1082 0.0155 0.0393 0.0377 0.0570 0.0421 0.5765 
     D237253  7 0.0170 0.0354 0.2016 0.0529 0.0135 0.1302 0.0733 0.1697 0.0679 0.0570 0.1815 
     D237254  7 0.0138 0.0079 0.0096 0.0073 0.0104 0.0114 0.9023 0.0074 0.0092 0.0084 0.0125 
     D237255  7 0.0238 0.0584 0.1225 0.0297 0.0165 0.0517 0.0864 0.1107 0.0896 0.1419 0.2688 
     D237256  7 0.0090 0.0539 0.3936 0.0165 0.0452 0.0297 0.0387 0.1966 0.1011 0.0321 0.0835 
     D237257  7 0.0146 0.0480 0.2809 0.0241 0.0577 0.1016 0.2841 0.0865 0.0442 0.0174 0.0410 
     D237282  7 0.1205 0.0393 0.1228 0.1105 0.0180 0.1110 0.1942 0.1479 0.0464 0.0272 0.0624 
     D237283  7 0.0125 0.0177 0.0270 0.0069 0.7520 0.0114 0.0133 0.0197 0.0362 0.0467 0.0567 
     D237284  7 0.0260 0.0370 0.0584 0.0360 0.0513 0.0261 0.6514 0.0368 0.0145 0.0237 0.0387 
     D237285  7 0.0182 0.0278 0.0470 0.0103 0.0535 0.1137 0.0391 0.0259 0.5824 0.0219 0.0603 
     D237286  7 0.0219 0.2499 0.1430 0.0551 0.0181 0.1056 0.0627 0.2638 0.0307 0.0228 0.0264 
     D237287  7 0.0163 0.0384 0.1963 0.0246 0.0464 0.1355 0.0215 0.2329 0.0210 0.2227 0.0444 
     D244006  7 0.0106 0.0147 0.0113 0.0103 0.0093 0.0102 0.8923 0.0114 0.0118 0.0088 0.0092 
     D244007  7 0.0944 0.2367 0.0715 0.0177 0.0138 0.3833 0.0544 0.0258 0.0463 0.0200 0.0362 
     D244008  7 0.0188 0.0111 0.0197 0.0101 0.7578 0.0164 0.0154 0.0136 0.0298 0.0890 0.0182 
     D244009  7 0.5240 0.0656 0.0471 0.0219 0.0947 0.0205 0.0214 0.0474 0.0214 0.0328 0.1030 
     D244010  7 0.0091 0.0238 0.0700 0.0378 0.6533 0.0213 0.0431 0.0379 0.0416 0.0244 0.0377 
     D244011  7 0.0173 0.4822 0.1544 0.0221 0.0478 0.0317 0.0495 0.0393 0.0576 0.0226 0.0755 
     D244012  7 0.0076 0.0588 0.0720 0.0399 0.4681 0.0208 0.0407 0.0952 0.0978 0.0287 0.0705 
     D244013  7 0.0248 0.5923 0.0413 0.0227 0.0436 0.0125 0.0282 0.0677 0.0930 0.0214 0.0526 
     D244014  7 0.0356 0.2665 0.1192 0.0106 0.0358 0.0657 0.0199 0.0796 0.1219 0.2129 0.0323 
     D244015  7 0.0451 0.0199 0.1876 0.0291 0.0569 0.0271 0.0393 0.4022 0.0792 0.0890 0.0247 
     D244125  7 0.0466 0.0655 0.1235 0.0787 0.0192 0.0542 0.0288 0.2656 0.1139 0.1063 0.0976 
     D244126  7 0.0116 0.0179 0.0110 0.0127 0.8861 0.0075 0.0086 0.0140 0.0119 0.0084 0.0106 
     D244130  7 0.0125 0.0767 0.1378 0.0170 0.0204 0.0137 0.0224 0.5063 0.1599 0.0101 0.0233 
     D244131  7 0.0325 0.6686 0.0238 0.0786 0.0288 0.0279 0.0330 0.0406 0.0320 0.0160 0.0182 
     D244132  7 0.1349 0.2659 0.1346 0.0196 0.0135 0.0423 0.0200 0.2099 0.0692 0.0464 0.0435 
        D520  7 0.0234 0.0134 0.1772 0.0209 0.3332 0.0805 0.0533 0.0330 0.1706 0.0411 0.0533 
        D521  7 0.0360 0.1253 0.0771 0.0230 0.0591 0.0166 0.1010 0.1825 0.3102 0.0175 0.0517 
        D522  7 0.6082 0.2146 0.0292 0.0165 0.0149 0.0121 0.0155 0.0163 0.0103 0.0358 0.0269 
        D523  7 0.0208 0.0800 0.0579 0.0180 0.0146 0.0596 0.0131 0.1025 0.0164 0.0274 0.5897 
        D524  7 0.0271 0.3038 0.0920 0.0249 0.0360 0.0248 0.0597 0.2115 0.0390 0.0560 0.1251 
        D525  7 0.0750 0.1674 0.1552 0.1513 0.0535 0.0772 0.0523 0.0695 0.0998 0.0152 0.0836 
        D526  7 0.0467 0.0239 0.0358 0.0192 0.0545 0.0298 0.6822 0.0223 0.0192 0.0478 0.0186 
        D527  7 0.0107 0.4884 0.0452 0.0780 0.0292 0.0187 0.0185 0.1933 0.0107 0.0511 0.0563 
        D528  7 0.0085 0.0106 0.8394 0.0098 0.0657 0.0114 0.0171 0.0138 0.0091 0.0070 0.0077 
        D558  7 0.0675 0.1502 0.0503 0.0296 0.0466 0.0200 0.1557 0.1035 0.3266 0.0209 0.0291 
        D559  7 0.0176 0.4396 0.0432 0.0270 0.0241 0.0127 0.0500 0.1605 0.0837 0.0154 0.1263 
        D640  7 0.0203 0.2809 0.1291 0.0146 0.0249 0.0389 0.0207 0.2361 0.0610 0.1183 0.0552 
        D641  7 0.0164 0.1334 0.1080 0.0101 0.1180 0.0203 0.0555 0.0740 0.2196 0.2064 0.0382 
        D642  7 0.0824 0.0405 0.0565 0.0185 0.0237 0.0450 0.0624 0.1861 0.4481 0.0147 0.0221 
        D644  7 0.0322 0.0918 0.1138 0.0224 0.2391 0.0432 0.0735 0.2083 0.0914 0.0409 0.0434 
        D645  7 0.0229 0.0434 0.0713 0.0370 0.0330 0.0318 0.0215 0.1556 0.0251 0.2645 0.2939 
        D662  7 0.0783 0.1708 0.0731 0.0753 0.0102 0.0285 0.0195 0.4756 0.0316 0.0225 0.0146 
        D687  7 0.0353 0.4357 0.0923 0.0422 0.0434 0.0148 0.0151 0.0589 0.0244 0.0470 0.1910 
        D688  7 0.0109 0.0426 0.0872 0.0228 0.1274 0.0601 0.1578 0.3558 0.0467 0.0095 0.0791 
        D689  7 0.0098 0.0148 0.0127 0.0180 0.0165 0.0101 0.0117 0.0146 0.0107 0.8685 0.0126 
        D700  7 0.0072 0.0090 0.8884 0.0107 0.0087 0.0138 0.0151 0.0162 0.0124 0.0078 0.0107 
        D797  7 0.0499 0.1390 0.0755 0.1456 0.0337 0.0381 0.0276 0.0638 0.0248 0.0629 0.3389 
        D798  7 0.0227 0.0803 0.1318 0.0179 0.0450 0.0236 0.0200 0.4485 0.0489 0.1402 0.0212 
        D799  7 0.0091 0.4181 0.0947 0.0214 0.0380 0.0082 0.0408 0.2444 0.0210 0.0319 0.0724 
        D800  7 0.0292 0.0237 0.0803 0.4144 0.0128 0.0289 0.0464 0.0888 0.0153 0.0234 0.2368 
        D201  9 0.0269 0.0183 0.0452 0.0095 0.0163 0.0885 0.0166 0.0941 0.0097 0.0158 0.6592 
        D202  9 0.0063 0.0333 0.0473 0.0150 0.0702 0.0156 0.0130 0.0722 0.6589 0.0124 0.0558 
     D237259  9 0.0095 0.0323 0.6084 0.0134 0.0463 0.0439 0.0173 0.1161 0.0345 0.0578 0.0206 
     D237260  9 0.0089 0.0184 0.1465 0.0226 0.0267 0.0210 0.1314 0.0963 0.0356 0.0173 0.4752 
     D237262  9 0.0349 0.0179 0.0434 0.0222 0.6536 0.0111 0.1437 0.0260 0.0237 0.0112 0.0124 
     D237263  9 0.0145 0.1684 0.0687 0.0625 0.2259 0.0312 0.0922 0.1502 0.0177 0.0104 0.1582 
     D237264  9 0.0288 0.0840 0.1694 0.0742 0.0404 0.0308 0.1610 0.1285 0.0533 0.0214 0.2081 
     D237265  9 0.0133 0.0205 0.0436 0.0230 0.0367 0.0212 0.0160 0.0247 0.0948 0.0156 0.6907 
     D237266  9 0.0108 0.0223 0.0914 0.0205 0.0460 0.1031 0.0307 0.4024 0.1007 0.1233 0.0489 
     D237267  9 0.0080 0.0264 0.1830 0.0288 0.0710 0.0362 0.1479 0.0254 0.3867 0.0637 0.0229 
     D237268  9 0.0140 0.0127 0.0196 0.0210 0.8184 0.0199 0.0154 0.0219 0.0209 0.0121 0.0239 
     D237289  9 0.0217 0.0303 0.0317 0.0348 0.0364 0.0149 0.0240 0.0229 0.0823 0.0501 0.6510 
     D237290  9 0.0123 0.0266 0.0714 0.0303 0.0942 0.0239 0.0203 0.0642 0.1024 0.0664 0.4881 
     D237291  9 0.0094 0.0900 0.1385 0.0103 0.0082 0.0422 0.0635 0.1515 0.0847 0.0179 0.3838 
     D237292  9 0.0213 0.0168 0.0623 0.0176 0.0193 0.1473 0.0401 0.0347 0.0224 0.0085 0.6095 
     D237293  9 0.0181 0.0347 0.0620 0.0144 0.0919 0.0195 0.0279 0.0853 0.4393 0.1332 0.0739 
     D237294  9 0.0316 0.0445 0.0742 0.0224 0.0243 0.0243 0.0537 0.0976 0.0277 0.0133 0.5863 
     D237295  9 0.0667 0.1328 0.0761 0.2333 0.1436 0.0670 0.0525 0.0662 0.0717 0.0576 0.0325 
     D237296  9 0.0569 0.1865 0.2367 0.0448 0.0182 0.0861 0.0739 0.1131 0.0535 0.0711 0.0592 
     D237297  9 0.0158 0.1224 0.1716 0.0223 0.0293 0.0381 0.0612 0.2972 0.1584 0.0304 0.0533 
     D237298  9 0.0341 0.5095 0.0592 0.0275 0.1155 0.0248 0.0336 0.0979 0.0179 0.0426 0.0373 
     D237341  9 0.0506 0.3785 0.1488 0.0306 0.0383 0.0235 0.0692 0.0664 0.0507 0.0516 0.0918 
     D237342  9 0.0085 0.0355 0.0305 0.0360 0.7444 0.0104 0.0156 0.0343 0.0545 0.0136 0.0167 
     D237343  9 0.0192 0.0398 0.1455 0.0374 0.0332 0.0185 0.2045 0.3702 0.0387 0.0349 0.0580 
     D237344  9 0.0202 0.0512 0.0660 0.0230 0.0197 0.0457 0.0293 0.0600 0.5866 0.0824 0.0159 
     D237345  9 0.2159 0.0542 0.0703 0.0189 0.3563 0.0132 0.0836 0.0700 0.0226 0.0117 0.0833 
     D237346  9 0.0579 0.0597 0.2711 0.0279 0.0619 0.0521 0.0186 0.1774 0.1251 0.0509 0.0973 
     D237347  9 0.0194 0.5255 0.0628 0.0391 0.0263 0.0786 0.0613 0.0262 0.0885 0.0429 0.0294 
     D237348  9 0.0313 0.0893 0.0369 0.0187 0.1545 0.0309 0.0414 0.0766 0.4414 0.0591 0.0199 
     D237349  9 0.0591 0.3049 0.1065 0.0366 0.0095 0.1252 0.0116 0.1470 0.0324 0.0239 0.1433 
     D244109  9 0.0131 0.0133 0.0631 0.0236 0.0245 0.0230 0.6001 0.0551 0.0334 0.0152 0.1357 
     D244110  9 0.0231 0.0256 0.0966 0.0300 0.0299 0.0536 0.2393 0.0572 0.0357 0.0549 0.3540 
     D244111  9 0.0160 0.2674 0.0633 0.0191 0.0378 0.0167 0.0498 0.1850 0.2834 0.0345 0.0269 
     D244128  9 0.0103 0.0437 0.0335 0.0251 0.7657 0.0133 0.0231 0.0261 0.0171 0.0124 0.0296 
     D244137  9 0.0699 0.3902 0.0495 0.2563 0.0242 0.0495 0.0377 0.0303 0.0299 0.0195 0.0429 
     D244138  9 0.0214 0.2799 0.1774 0.0195 0.0436 0.0246 0.0241 0.1923 0.1058 0.0172 0.0942 
        D580  9 0.2805 0.0143 0.1254 0.0110 0.1678 0.0724 0.0278 0.0917 0.1258 0.0400 0.0433 
        D581  9 0.0243 0.0173 0.0202 0.0145 0.0178 0.0107 0.0130 0.0264 0.0579 0.0141 0.7838 
        D582  9 0.0161 0.0145 0.0114 0.0102 0.8778 0.0082 0.0178 0.0132 0.0119 0.0086 0.0102 
        D583  9 0.0167 0.0566 0.0419 0.0102 0.0206 0.0318 0.0229 0.1188 0.0260 0.0292 0.6252 
        D584  9 0.0386 0.0426 0.0729 0.0129 0.0257 0.0406 0.0169 0.0494 0.6421 0.0230 0.0352 
        D585  9 0.0211 0.0265 0.0445 0.0282 0.7190 0.0404 0.0170 0.0319 0.0226 0.0180 0.0308 
        D586  9 0.0114 0.5776 0.1200 0.0205 0.0127 0.0322 0.0144 0.0672 0.0203 0.0339 0.0898 
        D651  9 0.1091 0.0191 0.0275 0.0256 0.0347 0.0379 0.0230 0.0128 0.0142 0.6804 0.0158 
        D652  9 0.0247 0.4204 0.0891 0.0787 0.0204 0.0477 0.0226 0.1338 0.0218 0.0132 0.1277 
        D653  9 0.0247 0.4016 0.0964 0.0197 0.0851 0.0288 0.0355 0.0923 0.0755 0.1270 0.0135 
        D654  9 0.0419 0.0370 0.1465 0.0290 0.0447 0.0417 0.0922 0.4170 0.0719 0.0337 0.0444 
        D655  9 0.0165 0.0817 0.1674 0.0444 0.0404 0.0976 0.0200 0.1388 0.0581 0.2552 0.0798 
        D656  9 0.0238 0.0145 0.0580 0.0113 0.0648 0.6214 0.1307 0.0159 0.0260 0.0143 0.0195 
        D657  9 0.0469 0.0399 0.0969 0.0162 0.0255 0.0257 0.2928 0.1319 0.2409 0.0241 0.0591 
        D667  9 0.0083 0.0105 0.0146 0.0107 0.0129 0.0199 0.0242 0.0121 0.0219 0.8555 0.0096 
        D668  9 0.1122 0.0679 0.1351 0.0135 0.1490 0.0284 0.0209 0.1741 0.0641 0.1912 0.0437 
        D669  9 0.0347 0.0332 0.0520 0.0208 0.0212 0.0175 0.0206 0.0298 0.0276 0.0279 0.7147 
        D670  9 0.0167 0.0142 0.1177 0.0107 0.0148 0.4288 0.0155 0.0478 0.0396 0.2701 0.0242 
        D671  9 0.0492 0.0528 0.0512 0.0281 0.0123 0.0223 0.0451 0.0572 0.0247 0.0134 0.6437 
        D672  9 0.0931 0.0239 0.1274 0.0565 0.3270 0.0279 0.0208 0.1179 0.0340 0.0676 0.1039 
        D673  9 0.1642 0.0483 0.1100 0.0178 0.0829 0.0196 0.0152 0.0448 0.0677 0.4083 0.0212 
        D692  9 0.0109 0.0102 0.0370 0.0128 0.1318 0.6759 0.0221 0.0161 0.0379 0.0127 0.0325 
        D693  9 0.0516 0.0197 0.0449 0.0140 0.0537 0.0442 0.0239 0.0288 0.1967 0.4992 0.0234 
        D694  9 0.0240 0.0155 0.1621 0.0159 0.1230 0.0416 0.3961 0.0635 0.0483 0.0149 0.0951 
        D695  9 0.1281 0.0460 0.1072 0.0824 0.1542 0.0613 0.0236 0.1761 0.0331 0.1254 0.0627 
        D696  9 0.0622 0.0493 0.0324 0.0736 0.0118 0.0155 0.0169 0.0243 0.6534 0.0456 0.0149 
        D697  9 0.0270 0.0265 0.0172 0.0151 0.0135 0.0139 0.0090 0.0148 0.0170 0.8311 0.0149 
        D698  9 0.0255 0.0202 0.0889 0.0305 0.0474 0.0329 0.0224 0.0365 0.5713 0.0651 0.0594 
        D699  9 0.0228 0.0210 0.0338 0.0084 0.0316 0.0181 0.0183 0.0325 0.5171 0.2743 0.0220 
        D787  9 0.0131 0.0637 0.0726 0.0538 0.0305 0.0714 0.0209 0.5288 0.0428 0.0686 0.0339 
        D788  9 0.0160 0.0268 0.0396 0.0109 0.0568 0.0240 0.0144 0.0331 0.4208 0.3209 0.0366 
        D789  9 0.0186 0.0491 0.1292 0.0346 0.1182 0.0221 0.1219 0.0510 0.3337 0.0408 0.0807 
        D790  9 0.0296 0.0385 0.0643 0.0165 0.0196 0.1090 0.0210 0.0906 0.0280 0.5323 0.0506 
        D791  9 0.0086 0.0511 0.0805 0.0193 0.1082 0.0105 0.0450 0.0793 0.1491 0.0199 0.4285 
        D792  9 0.0237 0.0629 0.0928 0.0702 0.0140 0.1052 0.3517 0.0629 0.0181 0.1111 0.0874 
        D793  9 0.0103 0.0137 0.0203 0.0257 0.0151 0.0460 0.0136 0.0172 0.0126 0.8122 0.0132 
        D794  9 0.0373 0.0892 0.0854 0.0463 0.0331 0.0526 0.1313 0.0637 0.0722 0.3369 0.0520 
        D795  9 0.0085 0.0157 0.0434 0.0315 0.5814 0.0150 0.0152 0.0437 0.2109 0.0150 0.0198 
        D796  9 0.0097 0.0202 0.0306 0.0099 0.0635 0.0129 0.0108 0.0445 0.0329 0.7398 0.0252 
        D005 12 0.0106 0.0242 0.0232 0.0096 0.0185 0.0158 0.8452 0.0171 0.0165 0.0098 0.0095 
        D035 12 0.0095 0.0138 0.0150 0.0115 0.0107 0.0084 0.0096 0.0134 0.0092 0.8840 0.0149 
        D067 12 0.0167 0.0481 0.1236 0.0313 0.0660 0.1376 0.0236 0.0774 0.0609 0.3642 0.0507 
        D134 12 0.0098 0.1421 0.3220 0.0294 0.0907 0.0914 0.0635 0.1272 0.0551 0.0256 0.0433 
        D135 12 0.0220 0.0493 0.4989 0.0173 0.0741 0.0233 0.0253 0.1403 0.0559 0.0404 0.0531 
        D136 12 0.1320 0.0259 0.1660 0.2130 0.0315 0.0887 0.1083 0.0895 0.0604 0.0689 0.0158 
        D137 12 0.0235 0.0440 0.1359 0.0161 0.0635 0.0219 0.0313 0.2069 0.0639 0.2963 0.0968 
        D138 12 0.0456 0.0743 0.1127 0.0388 0.0163 0.1911 0.0198 0.0719 0.0430 0.1150 0.2714 
        D139 12 0.0197 0.2265 0.1275 0.0239 0.0515 0.0652 0.0711 0.1742 0.1228 0.0240 0.0937 
        D140 12 0.0230 0.0205 0.0334 0.0258 0.0113 0.0146 0.0158 0.0165 0.0252 0.8017 0.0122 
        D141 12 0.2963 0.0146 0.0295 0.0076 0.4360 0.0120 0.0330 0.0349 0.0132 0.1073 0.0157 
        D150 12 0.0075 0.0314 0.0761 0.0178 0.0246 0.0202 0.0628 0.4662 0.2497 0.0195 0.0242 
        D177 12 0.0080 0.0845 0.1997 0.0337 0.0660 0.3217 0.0323 0.1291 0.0537 0.0510 0.0203 
        D178 12 0.1011 0.0844 0.1147 0.3598 0.0183 0.0216 0.1080 0.0844 0.0455 0.0242 0.0378 
        D179 12 0.0645 0.0591 0.3268 0.0308 0.0200 0.1449 0.1064 0.1022 0.0334 0.0583 0.0534 
        D180 12 0.0118 0.0178 0.0919 0.0132 0.2427 0.0520 0.0810 0.0700 0.0130 0.3574 0.0491 
        D187 12 0.0089 0.0294 0.0330 0.0131 0.0346 0.0189 0.0122 0.0225 0.0182 0.7682 0.0410 
        D188 12 0.0871 0.0248 0.0791 0.0131 0.2640 0.1449 0.2677 0.0416 0.0171 0.0147 0.0459 
        D191 12 0.2193 0.0642 0.0550 0.0236 0.0313 0.0208 0.0561 0.1185 0.0285 0.1291 0.2536 
        D418 12 0.3191 0.0316 0.0881 0.0156 0.0429 0.0341 0.0362 0.1709 0.0326 0.0800 0.1490 
        D601 12 0.0107 0.0217 0.0580 0.0172 0.4061 0.0284 0.3620 0.0335 0.0249 0.0213 0.0164 
        D836 12 0.0113 0.0365 0.0363 0.0091 0.6045 0.0129 0.0322 0.0209 0.0195 0.2061 0.0106 
        D837 12 0.0294 0.5290 0.0504 0.0960 0.0226 0.0115 0.0206 0.1532 0.0264 0.0228 0.0381 
        D838 12 0.0118 0.0764 0.0508 0.0215 0.0110 0.0147 0.0096 0.0721 0.0356 0.6547 0.0418 
        D839 12 0.0259 0.0380 0.0565 0.0218 0.0413 0.0434 0.0295 0.0362 0.0195 0.0156 0.6724 
        D840 12 0.0501 0.7765 0.0283 0.0128 0.0171 0.0234 0.0172 0.0141 0.0128 0.0319 0.0158 
        D841 12 0.0100 0.0180 0.0139 0.0072 0.0128 0.0089 0.0097 0.0154 0.0123 0.8780 0.0138 
        D842 12 0.1446 0.1135 0.0628 0.0112 0.0226 0.0110 0.0448 0.3952 0.0903 0.0131 0.0910 
        D843 12 0.0132 0.0723 0.1692 0.0484 0.1494 0.1543 0.0509 0.0837 0.0548 0.1691 0.0347 
        D844 12 0.0319 0.0240 0.0257 0.0259 0.0167 0.0402 0.0512 0.1287 0.0101 0.0078 0.6377 
        D912 12 0.0351 0.7934 0.0138 0.0409 0.0108 0.0153 0.0197 0.0163 0.0169 0.0159 0.0219 
        D913 12 0.0116 0.0524 0.1517 0.0334 0.0105 0.0600 0.0391 0.0761 0.0231 0.0717 0.4703 
        D914 12 0.0099 0.8252 0.0214 0.0104 0.0170 0.0144 0.0209 0.0251 0.0149 0.0286 0.0123 
        D922 12 0.0182 0.0173 0.0145 0.0148 0.0480 0.0149 0.0155 0.0169 0.0238 0.8022 0.0138 
        D939 12 0.0195 0.0263 0.0440 0.0112 0.6203 0.0218 0.0371 0.0304 0.0344 0.1300 0.0249 
        D944 12 0.0423 0.0258 0.1777 0.0233 0.0071 0.0407 0.0769 0.0682 0.0132 0.0569 0.4678 
        D945 12 0.0168 0.0505 0.2427 0.0258 0.0892 0.1289 0.0514 0.1789 0.0829 0.0802 0.0527 
        D985 12 0.0944 0.0179 0.1146 0.0237 0.0308 0.0294 0.2290 0.0743 0.2888 0.0673 0.0298 
        D986 12 0.0115 0.6824 0.0988 0.0303 0.0344 0.0188 0.0207 0.0301 0.0273 0.0112 0.0344 
        D987 12 0.0246 0.7916 0.0216 0.0285 0.0105 0.0105 0.0338 0.0347 0.0133 0.0155 0.0156 
        D988 12 0.0165 0.5317 0.0662 0.0219 0.0617 0.0356 0.0681 0.0310 0.1257 0.0229 0.0187 
        D996 12 0.0114 0.6452 0.0414 0.0169 0.0147 0.0252 0.0395 0.0276 0.0148 0.1426 0.0208 
        D997 12 0.0148 0.0744 0.0584 0.0209 0.6205 0.0282 0.0456 0.0321 0.0206 0.0516 0.0329 
        D998 12 0.0138 0.0386 0.3418 0.0452 0.0275 0.0594 0.0220 0.0703 0.0694 0.2215 0.0905 
        D999 12 0.0350 0.0241 0.0444 0.0133 0.0147 0.0174 0.0156 0.0458 0.0639 0.0184 0.7073 
