        D174  1 0.4944 0.0591 0.0280 0.0196 0.0444 0.1432 0.0439 0.0241 0.0480 0.0420 0.0263 0.0270 
        D199  1 0.1145 0.0911 0.0408 0.0425 0.1637 0.1002 0.1512 0.0290 0.1713 0.0206 0.0357 0.0395 
        D203  1 0.0677 0.0912 0.1579 0.0395 0.0986 0.1525 0.0934 0.0261 0.1493 0.0396 0.0334 0.0507 
        D204  1 0.0270 0.0252 0.6899 0.0156 0.0341 0.0219 0.0324 0.0223 0.0326 0.0427 0.0259 0.0303 
     D237366  1 0.0397 0.0623 0.0165 0.0160 0.0548 0.5476 0.0480 0.0217 0.0660 0.0274 0.0630 0.0370 
     D237367  1 0.0264 0.0413 0.0213 0.1409 0.1578 0.1394 0.0381 0.0691 0.0739 0.0583 0.0500 0.1837 
     D237368  1 0.1402 0.0558 0.1487 0.0532 0.0595 0.2044 0.0506 0.0303 0.0647 0.1215 0.0171 0.0540 
     D244101  1 0.0420 0.0759 0.0703 0.0113 0.2026 0.0312 0.2132 0.0151 0.1615 0.0426 0.0686 0.0657 
     D244102  1 0.0772 0.0358 0.0244 0.0618 0.0655 0.0253 0.0816 0.0250 0.0659 0.0298 0.4647 0.0429 
     D244103  1 0.0566 0.0407 0.0203 0.0271 0.1302 0.2131 0.0448 0.0336 0.0788 0.0241 0.0277 0.3031 
     D244104  1 0.0342 0.0235 0.3640 0.0263 0.0356 0.0183 0.0250 0.3685 0.0280 0.0207 0.0230 0.0329 
     D244105  1 0.0223 0.0453 0.0086 0.0234 0.1605 0.0550 0.1461 0.0860 0.1630 0.1607 0.1067 0.0225 
     D244106  1 0.3821 0.0764 0.1400 0.0091 0.0444 0.0218 0.0413 0.0121 0.0558 0.0205 0.1705 0.0261 
     D244107  1 0.0116 0.0374 0.0155 0.1283 0.1115 0.3412 0.1331 0.0363 0.0648 0.0133 0.0137 0.0931 
     D244108  1 0.1800 0.0787 0.0227 0.0170 0.0481 0.0234 0.1057 0.0222 0.0737 0.3494 0.0199 0.0592 
     D244113  1 0.6847 0.0366 0.0078 0.0210 0.0361 0.0362 0.0599 0.0194 0.0388 0.0185 0.0144 0.0264 
     D244114  1 0.0805 0.0658 0.0135 0.0112 0.1568 0.0499 0.1760 0.0180 0.1754 0.0240 0.1995 0.0293 
     D244115  1 0.1448 0.0669 0.2698 0.0232 0.1313 0.0151 0.0518 0.0236 0.0804 0.0432 0.1077 0.0421 
     D267365  1 0.1032 0.0663 0.0638 0.0321 0.0783 0.0562 0.1314 0.0194 0.0523 0.0337 0.3357 0.0276 
        D404  1 0.6797 0.0498 0.0344 0.0239 0.0301 0.0169 0.0649 0.0135 0.0234 0.0140 0.0164 0.0331 
        D405  1 0.1469 0.1518 0.1140 0.0365 0.0807 0.0496 0.0927 0.0308 0.0860 0.0101 0.0913 0.1094 
        D406  1 0.0085 0.0080 0.0087 0.0080 0.0091 0.0110 0.0077 0.0070 0.0072 0.9083 0.0089 0.0078 
        D407  1 0.0339 0.0132 0.0822 0.0094 0.0210 0.2381 0.0130 0.0147 0.0167 0.0136 0.0107 0.5335 
        D408  1 0.7244 0.0287 0.0403 0.0159 0.0262 0.0223 0.0197 0.0370 0.0316 0.0097 0.0185 0.0258 
        D409  1 0.0480 0.1188 0.0840 0.0206 0.1209 0.0838 0.1171 0.0363 0.0946 0.0354 0.0246 0.2160 
        D410  1 0.0487 0.0490 0.0285 0.0302 0.1344 0.0381 0.3198 0.0168 0.0897 0.0766 0.0204 0.1475 
        D421  1 0.0200 0.0141 0.4896 0.0079 0.0240 0.0694 0.0385 0.0215 0.0201 0.0076 0.0095 0.2778 
        D422  1 0.0122 0.0636 0.0314 0.0314 0.0642 0.2300 0.0625 0.0117 0.0660 0.0606 0.0322 0.3341 
        D423  1 0.0125 0.0253 0.0093 0.0394 0.0595 0.1986 0.0829 0.0197 0.0462 0.0516 0.0196 0.4353 
        D424  1 0.1400 0.0286 0.3777 0.0128 0.1245 0.0234 0.0519 0.0213 0.0689 0.0197 0.0766 0.0547 
        D425  1 0.0649 0.0594 0.0240 0.0128 0.1573 0.0533 0.2444 0.0765 0.1982 0.0175 0.0556 0.0361 
        D426  1 0.0647 0.0549 0.0134 0.0107 0.1515 0.1406 0.0924 0.0372 0.0938 0.0171 0.0304 0.2934 
        D427  1 0.0531 0.0592 0.4335 0.0107 0.0575 0.0201 0.1425 0.0462 0.0560 0.0057 0.0116 0.1040 
        D428  1 0.3225 0.0368 0.0917 0.0189 0.0828 0.0834 0.0667 0.0299 0.0676 0.0472 0.0500 0.1025 
        D429  1 0.0462 0.0158 0.3441 0.0098 0.0215 0.0103 0.0229 0.0107 0.0156 0.0119 0.4685 0.0226 
        D430  1 0.3065 0.0764 0.1006 0.0160 0.1192 0.0284 0.0843 0.0190 0.1482 0.0109 0.0587 0.0318 
        D491  1 0.4825 0.0185 0.0332 0.0413 0.0363 0.0234 0.0520 0.0580 0.0280 0.1057 0.0445 0.0766 
        D492  1 0.1280 0.0539 0.2271 0.0180 0.0494 0.0874 0.0253 0.0120 0.0458 0.0785 0.0405 0.2340 
        D537  1 0.0344 0.0253 0.0582 0.0189 0.0874 0.0548 0.0907 0.0260 0.0449 0.3527 0.0242 0.1825 
        D538  1 0.2311 0.0357 0.0661 0.1135 0.0829 0.1160 0.0718 0.0219 0.0688 0.0845 0.0131 0.0945 
        D539  1 0.1016 0.1395 0.0357 0.0463 0.0655 0.0132 0.1200 0.0255 0.1026 0.1102 0.2079 0.0320 
        D540  1 0.0458 0.0232 0.0202 0.0232 0.1368 0.0688 0.2744 0.0816 0.1307 0.0107 0.0666 0.1181 
        D541  1 0.0123 0.0095 0.8757 0.0121 0.0113 0.0117 0.0115 0.0096 0.0099 0.0105 0.0078 0.0180 
        D551  1 0.0494 0.0565 0.0128 0.0143 0.2868 0.1030 0.0735 0.0141 0.1665 0.0220 0.0578 0.1433 
        D552  1 0.0652 0.0392 0.0282 0.0251 0.0312 0.0183 0.0344 0.0489 0.0272 0.5601 0.1044 0.0179 
        D553  1 0.0203 0.0291 0.4519 0.0287 0.0595 0.0574 0.0651 0.0668 0.0745 0.0119 0.0311 0.1037 
        D615  1 0.0646 0.0795 0.5087 0.0416 0.0461 0.0199 0.0416 0.0262 0.0740 0.0141 0.0603 0.0233 
        D616  1 0.0161 0.0524 0.5293 0.0247 0.0597 0.0327 0.0523 0.0214 0.0731 0.0254 0.0350 0.0780 
        D621  1 0.0470 0.0294 0.0104 0.0221 0.0177 0.0160 0.0196 0.0281 0.0192 0.7563 0.0125 0.0217 
        D622  1 0.0164 0.0169 0.0137 0.0174 0.0212 0.0170 0.0165 0.0216 0.0160 0.8094 0.0171 0.0167 
        D623  1 0.2861 0.0731 0.0234 0.0211 0.0892 0.0545 0.1708 0.0184 0.0817 0.0298 0.0224 0.1296 
        D624  1 0.3391 0.0873 0.1512 0.0158 0.0960 0.0272 0.0717 0.0506 0.0918 0.0193 0.0185 0.0315 
        D625  1 0.0154 0.0225 0.6448 0.1036 0.0313 0.0183 0.0204 0.0085 0.0284 0.0760 0.0161 0.0147 
        D626  1 0.0598 0.0170 0.0285 0.0415 0.0504 0.0426 0.0492 0.5784 0.0397 0.0186 0.0376 0.0366 
        D627  1 0.0478 0.0398 0.0753 0.0285 0.1902 0.1282 0.0772 0.0213 0.1283 0.0499 0.0258 0.1878 
        D690  1 0.0892 0.0116 0.7302 0.0252 0.0232 0.0212 0.0174 0.0198 0.0127 0.0132 0.0240 0.0124 
        D691  1 0.0104 0.0154 0.0369 0.0150 0.0189 0.0195 0.0133 0.0120 0.0142 0.8130 0.0157 0.0157 
        D710  1 0.1703 0.0417 0.0678 0.0629 0.1123 0.1428 0.0918 0.0948 0.0756 0.0279 0.0280 0.0842 
        D711  1 0.0227 0.0182 0.8084 0.0163 0.0175 0.0172 0.0177 0.0065 0.0142 0.0182 0.0242 0.0187 
        D712  1 0.4634 0.0473 0.0107 0.0409 0.0493 0.1001 0.0401 0.0996 0.0358 0.0416 0.0399 0.0313 
        D713  1 0.2787 0.0560 0.0183 0.0168 0.0745 0.0554 0.1044 0.0134 0.0887 0.1862 0.0170 0.0906 
        D746  1 0.0170 0.0167 0.0561 0.0124 0.0206 0.0276 0.0140 0.0247 0.0144 0.7553 0.0192 0.0220 
        D747  1 0.0118 0.0152 0.8598 0.0096 0.0139 0.0125 0.0138 0.0102 0.0133 0.0091 0.0142 0.0167 
        D748  1 0.0169 0.0165 0.0518 0.0125 0.0188 0.0114 0.0232 0.0209 0.0201 0.7852 0.0107 0.0121 
        D749  1 0.0271 0.0745 0.0229 0.0211 0.2487 0.0391 0.1276 0.0193 0.1518 0.1061 0.0363 0.1257 
        D750  1 0.4132 0.0218 0.4002 0.0114 0.0195 0.0148 0.0234 0.0176 0.0233 0.0235 0.0203 0.0111 
        D763  1 0.0199 0.0792 0.0264 0.0349 0.1001 0.0512 0.0904 0.1435 0.1093 0.1943 0.1139 0.0368 
        D764  1 0.3158 0.0162 0.5238 0.0125 0.0187 0.0108 0.0167 0.0170 0.0197 0.0222 0.0140 0.0127 
        D765  1 0.0741 0.0551 0.0078 0.0344 0.0785 0.0609 0.2560 0.0412 0.1432 0.0307 0.1620 0.0561 
        D766  1 0.0173 0.0163 0.0081 0.0220 0.0173 0.0238 0.0163 0.0314 0.0138 0.7887 0.0173 0.0277 
        D767  1 0.0396 0.0742 0.0769 0.0951 0.0984 0.1708 0.1026 0.0232 0.1038 0.0627 0.0664 0.0863 
        D768  1 0.0158 0.0432 0.2764 0.0160 0.1330 0.0761 0.1008 0.0246 0.0972 0.0477 0.0407 0.1285 
        D811  1 0.1903 0.0359 0.0136 0.0464 0.0606 0.0167 0.0981 0.3672 0.0888 0.0205 0.0148 0.0472 
        D816  1 0.0288 0.0166 0.2878 0.0136 0.0193 0.0416 0.0304 0.0099 0.0140 0.0117 0.5050 0.0213 
        D825  1 0.1912 0.0335 0.0366 0.0727 0.0586 0.0236 0.0675 0.0333 0.0604 0.0323 0.3669 0.0234 
        D866  1 0.0420 0.3710 0.0482 0.0310 0.0803 0.0197 0.1128 0.0372 0.1679 0.0149 0.0308 0.0442 
        D867  1 0.0244 0.0413 0.0111 0.0114 0.0848 0.5266 0.0592 0.0163 0.0630 0.0896 0.0334 0.0388 
        D871  1 0.2035 0.0488 0.0768 0.0365 0.1346 0.1034 0.0591 0.0215 0.0654 0.0578 0.0341 0.1585 
        D872  1 0.0165 0.0369 0.0539 0.0315 0.0319 0.0437 0.0338 0.0209 0.0263 0.6626 0.0125 0.0296 
        D873  1 0.0206 0.0595 0.0095 0.0984 0.0597 0.0165 0.2684 0.0083 0.0503 0.0097 0.0180 0.3810 
        D874  1 0.3572 0.1154 0.0503 0.0102 0.0835 0.0242 0.0929 0.0203 0.0550 0.0287 0.1392 0.0231 
        D875  1 0.0461 0.0308 0.0257 0.0177 0.0678 0.0962 0.0490 0.0087 0.0816 0.4132 0.0130 0.1502 
        D876  1 0.1103 0.0352 0.0372 0.0288 0.0291 0.0238 0.0323 0.0391 0.0239 0.6015 0.0241 0.0147 
        D877  1 0.5147 0.1065 0.0322 0.0170 0.0677 0.0137 0.0628 0.0134 0.0631 0.0232 0.0474 0.0384 
        D892  1 0.0911 0.0272 0.0489 0.0175 0.0283 0.0643 0.0192 0.0146 0.0242 0.6083 0.0350 0.0215 
        D893  1 0.0402 0.1000 0.0915 0.0346 0.1105 0.1279 0.1190 0.0339 0.1041 0.0721 0.1151 0.0509 
        D894  1 0.0156 0.0137 0.8515 0.0135 0.0170 0.0098 0.0120 0.0051 0.0155 0.0078 0.0217 0.0167 
        D915  1 0.0312 0.0815 0.0388 0.0368 0.0990 0.1726 0.0801 0.0316 0.0732 0.2479 0.0553 0.0520 
        D916  1 0.0099 0.0063 0.9242 0.0068 0.0057 0.0066 0.0059 0.0054 0.0076 0.0075 0.0071 0.0071 
        D917  1 0.0957 0.0673 0.0364 0.1534 0.1177 0.1714 0.0915 0.0370 0.1297 0.0120 0.0237 0.0642 
        D925  1 0.0783 0.0391 0.0910 0.1099 0.1105 0.0183 0.1523 0.0299 0.0606 0.0421 0.1749 0.0933 
        D926  1 0.0283 0.0182 0.1137 0.0215 0.0604 0.0310 0.0283 0.0107 0.0362 0.0140 0.6124 0.0253 
        D927  1 0.0233 0.0553 0.0388 0.0300 0.0623 0.1456 0.0513 0.0172 0.0712 0.0228 0.4608 0.0213 
        D928  1 0.7987 0.0121 0.0403 0.0072 0.0154 0.0188 0.0248 0.0146 0.0204 0.0185 0.0105 0.0186 
        D929  1 0.1414 0.0530 0.0178 0.2778 0.0741 0.1739 0.0566 0.0226 0.0504 0.0318 0.0525 0.0481 
        D936  1 0.0202 0.0127 0.1919 0.0165 0.0280 0.0187 0.0284 0.0103 0.0230 0.0133 0.6236 0.0135 
        D938  1 0.0080 0.0102 0.0069 0.0078 0.0075 0.0088 0.0070 0.0128 0.0081 0.9054 0.0084 0.0090 
        D956  1 0.6551 0.0305 0.1632 0.0147 0.0198 0.0105 0.0228 0.0109 0.0184 0.0095 0.0238 0.0209 
        D957  1 0.0181 0.0338 0.0389 0.0307 0.0351 0.0286 0.0569 0.0156 0.0351 0.6415 0.0216 0.0441 
        D958  1 0.0156 0.0082 0.0102 0.0081 0.0086 0.0070 0.0077 0.0099 0.0079 0.9014 0.0073 0.0081 
        D959  1 0.0222 0.0139 0.0317 0.0067 0.0240 0.2697 0.0173 0.0167 0.0150 0.0097 0.0096 0.5636 
        D960  1 0.0363 0.0401 0.0183 0.0180 0.0754 0.0490 0.0690 0.0073 0.0496 0.5189 0.0233 0.0950 
        D989  1 0.3483 0.0701 0.0411 0.0114 0.0821 0.0674 0.1326 0.0977 0.0725 0.0266 0.0353 0.0151 
        D990  1 0.0219 0.0438 0.0119 0.1479 0.1549 0.0341 0.2632 0.0181 0.0986 0.0355 0.0127 0.1573 
        D211  3 0.0153 0.0179 0.0261 0.7166 0.0327 0.0642 0.0165 0.0238 0.0406 0.0111 0.0141 0.0211 
     D229639  3 0.0531 0.0863 0.0678 0.0684 0.1384 0.0201 0.1611 0.1341 0.1595 0.0110 0.0730 0.0273 
     D237212  3 0.0242 0.1508 0.1282 0.0901 0.0767 0.0558 0.1353 0.0513 0.1491 0.0149 0.0363 0.0874 
     D237213  3 0.0132 0.1339 0.0110 0.2377 0.0920 0.0411 0.0892 0.1616 0.0859 0.0316 0.0334 0.0694 
     D237214  3 0.0161 0.0099 0.0114 0.0093 0.0130 0.8647 0.0137 0.0078 0.0120 0.0164 0.0114 0.0143 
     D237215  3 0.0363 0.3099 0.0086 0.0177 0.0404 0.0129 0.2601 0.0241 0.1248 0.0098 0.0159 0.1395 
     D237216  3 0.0296 0.0560 0.0164 0.0398 0.3044 0.0868 0.1082 0.0741 0.1516 0.0124 0.0628 0.0579 
     D237217  3 0.0085 0.0531 0.0224 0.2921 0.1657 0.1048 0.0688 0.0430 0.1168 0.0388 0.0578 0.0282 
     D237218  3 0.0342 0.0507 0.0342 0.0385 0.0613 0.0248 0.1179 0.0279 0.0429 0.0390 0.5105 0.0181 
     D237219  3 0.0137 0.0235 0.0141 0.1331 0.0391 0.0201 0.0891 0.5543 0.0441 0.0369 0.0168 0.0152 
     D237382  3 0.2165 0.1255 0.0354 0.0611 0.0532 0.0594 0.0814 0.0596 0.0981 0.1075 0.0161 0.0862 
     D244127  3 0.0165 0.1040 0.0076 0.0798 0.1106 0.0353 0.2305 0.0589 0.0981 0.0252 0.0306 0.2029 
     D244129  3 0.0442 0.0583 0.1099 0.1175 0.0944 0.1911 0.0652 0.0582 0.0977 0.0744 0.0294 0.0597 
     D244133  3 0.0199 0.0433 0.0588 0.0124 0.0237 0.0168 0.0294 0.6957 0.0313 0.0175 0.0135 0.0377 
     D244134  3 0.0242 0.0325 0.0170 0.1452 0.0423 0.0203 0.0666 0.4955 0.0499 0.0570 0.0222 0.0273 
     D244135  3 0.0160 0.0285 0.0184 0.0785 0.0341 0.6683 0.0338 0.0164 0.0425 0.0161 0.0161 0.0314 
     D244136  3 0.1171 0.0507 0.0494 0.0145 0.0747 0.0372 0.0579 0.3025 0.0622 0.0469 0.0178 0.1690 
        D416  3 0.0247 0.1411 0.0297 0.0355 0.1022 0.0650 0.0910 0.3011 0.0874 0.0087 0.0561 0.0574 
        D417  3 0.0409 0.0382 0.1582 0.0225 0.1026 0.0214 0.0416 0.0285 0.0407 0.0634 0.4140 0.0280 
        D419  3 0.0170 0.1526 0.0427 0.0761 0.0796 0.0251 0.1302 0.1795 0.1163 0.1158 0.0182 0.0469 
        D565  3 0.6348 0.0319 0.0256 0.0142 0.0491 0.0220 0.0699 0.0513 0.0403 0.0222 0.0127 0.0261 
        D566  3 0.4256 0.0996 0.0561 0.0164 0.0734 0.0180 0.0782 0.0469 0.1012 0.0135 0.0259 0.0451 
        D567  3 0.0150 0.0695 0.2116 0.1044 0.1023 0.0565 0.0827 0.0496 0.0856 0.0554 0.1108 0.0566 
        D568  3 0.0136 0.0635 0.0610 0.1107 0.0807 0.0361 0.1420 0.0910 0.0667 0.1500 0.1571 0.0275 
        D569  3 0.0522 0.1105 0.0182 0.0669 0.1027 0.2206 0.1186 0.0229 0.0747 0.0112 0.0172 0.1842 
        D573  3 0.0116 0.0508 0.3653 0.0179 0.1143 0.0225 0.1947 0.0221 0.1391 0.0069 0.0226 0.0323 
        D574  3 0.4097 0.0722 0.0092 0.0338 0.0661 0.0668 0.0550 0.0337 0.0686 0.0334 0.0358 0.1157 
        D575  3 0.0082 0.0120 0.0072 0.0637 0.0106 0.0134 0.0108 0.8175 0.0144 0.0126 0.0092 0.0204 
        D576  3 0.0416 0.2725 0.0066 0.0400 0.0378 0.0310 0.2192 0.0934 0.1519 0.0059 0.0139 0.0862 
        D577  3 0.0372 0.0394 0.1164 0.1878 0.0918 0.0843 0.0611 0.0583 0.0685 0.1397 0.0594 0.0560 
        D578  3 0.0085 0.0084 0.0055 0.0099 0.0116 0.8860 0.0110 0.0107 0.0128 0.0144 0.0100 0.0112 
        D579  3 0.1324 0.0632 0.1411 0.0305 0.0546 0.0255 0.0878 0.0800 0.0524 0.0238 0.2596 0.0490 
        D660  3 0.0168 0.2244 0.0135 0.0373 0.0886 0.1264 0.1250 0.0477 0.1303 0.0151 0.0140 0.1607 
        D661  3 0.0091 0.0269 0.0107 0.0120 0.0189 0.0085 0.0144 0.0138 0.0213 0.0215 0.8300 0.0128 
        D663  3 0.0464 0.1101 0.0138 0.0433 0.2179 0.0432 0.1796 0.0141 0.2736 0.0121 0.0167 0.0294 
        D664  3 0.0492 0.1410 0.0116 0.0788 0.0866 0.1634 0.0891 0.1426 0.1271 0.0401 0.0154 0.0551 
        D665  3 0.0088 0.0644 0.0160 0.6082 0.0455 0.0363 0.0529 0.0589 0.0615 0.0104 0.0134 0.0237 
        D666  3 0.0302 0.0173 0.0115 0.0129 0.0210 0.0173 0.0244 0.7840 0.0343 0.0179 0.0132 0.0161 
        D502  6 0.0117 0.2380 0.0078 0.2134 0.0711 0.0219 0.0626 0.0375 0.1432 0.0077 0.0175 0.1677 
        D503  6 0.0350 0.3821 0.0272 0.0391 0.0794 0.0215 0.0446 0.0289 0.1586 0.0315 0.1109 0.0412 
        D504  6 0.0672 0.1007 0.1275 0.0156 0.1023 0.0259 0.1066 0.0232 0.0826 0.0426 0.2328 0.0730 
        D505  6 0.2700 0.1259 0.0505 0.0286 0.1203 0.1102 0.0588 0.0339 0.1089 0.0133 0.0249 0.0548 
        D506  6 0.8033 0.0106 0.0361 0.0101 0.0215 0.0168 0.0218 0.0119 0.0188 0.0075 0.0103 0.0313 
        D507  6 0.0544 0.0519 0.0188 0.0408 0.1944 0.0215 0.1912 0.0325 0.1456 0.0225 0.0668 0.1596 
        D508  6 0.0218 0.1319 0.0320 0.0756 0.0947 0.0221 0.1378 0.0176 0.1619 0.0116 0.2348 0.0583 
        D529  6 0.0367 0.0449 0.0448 0.0346 0.1396 0.3572 0.0653 0.0403 0.0831 0.0234 0.0375 0.0927 
        D530  6 0.0538 0.2552 0.0097 0.1212 0.0377 0.0223 0.0668 0.0221 0.1146 0.0240 0.0114 0.2612 
        D531  6 0.0586 0.1376 0.2180 0.0340 0.1178 0.0344 0.0949 0.0372 0.1121 0.0186 0.0641 0.0727 
        D532  6 0.1550 0.0762 0.0197 0.0124 0.0952 0.0508 0.1366 0.0185 0.1072 0.0136 0.0362 0.2785 
        D534  6 0.0155 0.0339 0.0226 0.0303 0.0820 0.0575 0.0992 0.0131 0.0694 0.2987 0.1846 0.0932 
        D535  6 0.2345 0.0328 0.0244 0.0349 0.1064 0.0682 0.1200 0.0676 0.1226 0.0211 0.0268 0.1407 
        D536  6 0.0231 0.3021 0.0135 0.0119 0.0900 0.1168 0.0573 0.0165 0.1251 0.0083 0.0240 0.2114 
        D554  6 0.2641 0.0943 0.0333 0.0368 0.0843 0.0620 0.0645 0.0289 0.0843 0.0357 0.0529 0.1587 
        D587  6 0.4168 0.0402 0.0415 0.0194 0.1018 0.0407 0.0787 0.0266 0.0771 0.0608 0.0520 0.0444 
        D588  6 0.0421 0.0868 0.0352 0.0217 0.2507 0.0275 0.1328 0.0242 0.2394 0.0092 0.0120 0.1185 
        D589  6 0.0525 0.2685 0.0339 0.0468 0.1107 0.0231 0.1134 0.0278 0.1911 0.0169 0.0328 0.0825 
        D590  6 0.0291 0.0483 0.0562 0.0139 0.0813 0.0863 0.0653 0.0155 0.0867 0.0171 0.0598 0.4406 
        D591  6 0.1165 0.1137 0.0238 0.0231 0.1743 0.0427 0.0527 0.2051 0.1232 0.0534 0.0489 0.0224 
        D592  6 0.0325 0.0340 0.1426 0.0927 0.0766 0.0376 0.0701 0.0262 0.0540 0.3095 0.0562 0.0680 
        D593  6 0.0432 0.3480 0.0066 0.2418 0.0191 0.0133 0.0329 0.0177 0.1300 0.0123 0.0064 0.1286 
        D682  6 0.7078 0.0248 0.0361 0.0082 0.0355 0.0151 0.0368 0.0315 0.0345 0.0168 0.0185 0.0345 
        D683  6 0.0478 0.0680 0.1185 0.1895 0.1568 0.0518 0.0707 0.0262 0.0937 0.0236 0.1276 0.0257 
        D684  6 0.0159 0.1324 0.0792 0.1223 0.1711 0.0824 0.1080 0.0205 0.1518 0.0169 0.0665 0.0330 
        D685  6 0.0267 0.0857 0.0123 0.1280 0.2920 0.0354 0.0782 0.0354 0.1724 0.0141 0.0629 0.0569 
        D686  6 0.1402 0.0603 0.0092 0.0080 0.0888 0.0254 0.1545 0.0095 0.0929 0.0102 0.0111 0.3900 
        D724  6 0.0198 0.0283 0.0357 0.1112 0.0472 0.0236 0.0331 0.0229 0.0501 0.0169 0.5518 0.0592 
        D725  6 0.0264 0.2549 0.0099 0.0953 0.0707 0.0395 0.0555 0.0600 0.1387 0.0902 0.0306 0.1283 
        D726  6 0.7327 0.0167 0.0284 0.0145 0.0296 0.0246 0.0251 0.0303 0.0221 0.0232 0.0233 0.0294 
        D727  6 0.0386 0.0244 0.0290 0.0186 0.0516 0.1900 0.0616 0.0359 0.0516 0.0072 0.0175 0.4740 
        D728  6 0.4147 0.0595 0.0132 0.0409 0.0739 0.0225 0.0700 0.1003 0.0966 0.0301 0.0172 0.0609 
        D729  6 0.0119 0.0135 0.0285 0.0167 0.0240 0.1942 0.0338 0.0084 0.0182 0.0070 0.0070 0.6369 
        D730  6 0.0142 0.0206 0.0224 0.0321 0.0230 0.0136 0.0291 0.0226 0.0318 0.0135 0.7362 0.0408 
        D731  6 0.5563 0.1526 0.0148 0.0112 0.0307 0.0241 0.0355 0.0688 0.0543 0.0093 0.0198 0.0226 
        D732  6 0.0316 0.0786 0.0825 0.2499 0.0816 0.0455 0.1161 0.0483 0.0745 0.0307 0.0466 0.1140 
        D733  6 0.0569 0.0545 0.0247 0.0845 0.0754 0.1021 0.0533 0.0708 0.0466 0.1573 0.2299 0.0441 
     D237251  7 0.0120 0.0145 0.0085 0.0130 0.0280 0.0170 0.0518 0.0422 0.0427 0.0083 0.7490 0.0131 
     D237252  7 0.0101 0.3303 0.0148 0.1000 0.0686 0.0326 0.0629 0.0516 0.1703 0.0377 0.0652 0.0558 
     D237253  7 0.0529 0.0478 0.0180 0.0108 0.1199 0.0407 0.2443 0.0412 0.1897 0.0131 0.1792 0.0424 
     D237254  7 0.0097 0.0109 0.0072 0.0107 0.0149 0.8820 0.0110 0.0076 0.0099 0.0163 0.0094 0.0105 
     D237255  7 0.0582 0.1262 0.0220 0.0199 0.1152 0.0530 0.1809 0.0989 0.1433 0.0215 0.1198 0.0412 
     D237256  7 0.0325 0.0510 0.0105 0.0221 0.1828 0.0262 0.3043 0.0259 0.2573 0.0086 0.0509 0.0280 
     D237257  7 0.0415 0.0516 0.0136 0.0449 0.1741 0.2220 0.1283 0.0179 0.2115 0.0135 0.0336 0.0476 
     D237282  7 0.0221 0.0681 0.2163 0.0212 0.0984 0.1278 0.1229 0.0259 0.0780 0.0981 0.0453 0.0758 
     D237283  7 0.0118 0.0805 0.0066 0.7181 0.0248 0.0097 0.0131 0.0593 0.0350 0.0145 0.0145 0.0122 
     D237284  7 0.0225 0.0316 0.0477 0.0287 0.0529 0.5725 0.0455 0.0235 0.0556 0.0242 0.0650 0.0303 
     D237285  7 0.0733 0.2328 0.0112 0.0790 0.0627 0.0682 0.0787 0.0193 0.1082 0.0143 0.0222 0.2300 
     D237286  7 0.2022 0.0741 0.0302 0.0143 0.1090 0.0561 0.2419 0.0207 0.1226 0.0272 0.0267 0.0750 
     D237287  7 0.0441 0.0469 0.0210 0.0319 0.1067 0.0277 0.1935 0.2850 0.1498 0.0145 0.0411 0.0378 
     D244006  7 0.0104 0.0083 0.0096 0.0124 0.0107 0.8781 0.0114 0.0079 0.0089 0.0117 0.0147 0.0158 
     D244007  7 0.0506 0.0495 0.0130 0.0121 0.0539 0.1515 0.0338 0.0192 0.0606 0.1282 0.0579 0.3697 
     D244008  7 0.0149 0.0280 0.0098 0.6804 0.0272 0.0148 0.0197 0.1204 0.0355 0.0194 0.0122 0.0176 
     D244009  7 0.0211 0.0344 0.0202 0.1169 0.0487 0.0219 0.0416 0.0302 0.0540 0.4614 0.1336 0.0158 
     D244010  7 0.0361 0.1527 0.0333 0.3872 0.0711 0.0663 0.0315 0.0308 0.1334 0.0096 0.0088 0.0393 
     D244011  7 0.1510 0.1827 0.0137 0.0437 0.1986 0.0297 0.1046 0.0182 0.1206 0.0164 0.0601 0.0607 
     D244012  7 0.0251 0.2518 0.0436 0.2047 0.0777 0.0451 0.0654 0.0249 0.1960 0.0070 0.0165 0.0423 
     D244013  7 0.0752 0.2363 0.0271 0.0400 0.0758 0.0674 0.1335 0.0265 0.1285 0.0209 0.1199 0.0486 
     D244014  7 0.0175 0.0737 0.0134 0.0862 0.1078 0.0197 0.1150 0.1933 0.1002 0.0361 0.0815 0.1554 
     D244015  7 0.0214 0.0705 0.0395 0.0441 0.1504 0.0745 0.1899 0.1436 0.0894 0.0425 0.0212 0.1131 
     D244125  7 0.1246 0.0872 0.0296 0.0182 0.1136 0.0232 0.2025 0.0776 0.1242 0.0427 0.0644 0.0922 
     D244126  7 0.0082 0.0141 0.0153 0.8665 0.0124 0.0076 0.0084 0.0112 0.0132 0.0110 0.0209 0.0113 
     D244130  7 0.0153 0.0934 0.0198 0.0314 0.2899 0.0207 0.2076 0.0107 0.1540 0.0141 0.0140 0.1293 
     D244131  7 0.1463 0.0929 0.0675 0.0434 0.0677 0.0338 0.0586 0.0157 0.0532 0.0677 0.2361 0.1171 
     D244132  7 0.1072 0.0514 0.0142 0.0165 0.1025 0.0121 0.2906 0.0554 0.1055 0.1435 0.0819 0.0190 
        D520  7 0.0502 0.0940 0.0145 0.3323 0.1023 0.0508 0.0651 0.0515 0.1037 0.0267 0.0277 0.0812 
        D521  7 0.0383 0.1778 0.0345 0.0859 0.0790 0.0664 0.1651 0.0203 0.1310 0.0356 0.0343 0.1317 
        D522  7 0.0524 0.0337 0.0145 0.0165 0.0309 0.0187 0.0407 0.0486 0.0353 0.6064 0.0833 0.0189 
        D523  7 0.0236 0.0259 0.0135 0.0117 0.0249 0.0138 0.0227 0.0265 0.0222 0.0168 0.7628 0.0356 
        D524  7 0.0504 0.0389 0.0145 0.0265 0.0582 0.0303 0.1208 0.0409 0.0497 0.0199 0.5172 0.0326 
        D525  7 0.0522 0.1670 0.1046 0.0646 0.1495 0.0530 0.0678 0.0130 0.1309 0.0605 0.0224 0.1144 
        D526  7 0.0128 0.0174 0.0268 0.0521 0.0477 0.6341 0.0342 0.0476 0.0339 0.0384 0.0181 0.0369 
        D527  7 0.0207 0.0253 0.0615 0.0156 0.0351 0.0137 0.0790 0.0317 0.0375 0.0094 0.6568 0.0137 
        D528  7 0.0085 0.0472 0.0094 0.0343 0.5139 0.0170 0.0234 0.0081 0.3103 0.0097 0.0086 0.0098 
        D558  7 0.0268 0.0641 0.0783 0.0854 0.0573 0.1540 0.1332 0.0225 0.0512 0.0791 0.0353 0.2128 
        D559  7 0.0155 0.0470 0.0327 0.0299 0.0364 0.0325 0.0796 0.0153 0.0368 0.0202 0.5503 0.1040 
        D640  7 0.0380 0.0460 0.0144 0.0244 0.1208 0.0215 0.3475 0.1597 0.1162 0.0188 0.0489 0.0438 
        D641  7 0.0624 0.1188 0.0086 0.1164 0.0931 0.0589 0.1130 0.1710 0.1213 0.0204 0.0183 0.0977 
        D642  7 0.0618 0.0721 0.0146 0.0421 0.0665 0.0688 0.1729 0.0117 0.0629 0.0571 0.0203 0.3492 
        D644  7 0.0660 0.0650 0.0297 0.2787 0.0834 0.0529 0.1001 0.0596 0.0530 0.0317 0.1003 0.0795 
        D645  7 0.0193 0.0724 0.0420 0.0363 0.0745 0.0215 0.1156 0.2984 0.0914 0.0205 0.1818 0.0263 
        D662  7 0.0579 0.0323 0.0537 0.0155 0.1362 0.0153 0.3397 0.0299 0.0795 0.1096 0.0451 0.0852 
        D687  7 0.0816 0.0999 0.0206 0.0325 0.0690 0.0141 0.1091 0.0410 0.0665 0.0295 0.4213 0.0148 
        D688  7 0.0121 0.0935 0.0405 0.0957 0.1463 0.2107 0.0912 0.0119 0.1286 0.0108 0.0421 0.1165 
        D689  7 0.0126 0.0126 0.0183 0.0119 0.0110 0.0093 0.0112 0.8686 0.0111 0.0108 0.0130 0.0097 
        D700  7 0.0222 0.0517 0.0066 0.0088 0.4535 0.0138 0.0370 0.0074 0.3657 0.0068 0.0125 0.0139 
        D797  7 0.1088 0.0785 0.0941 0.0292 0.0773 0.0241 0.0702 0.0594 0.0609 0.0652 0.3075 0.0249 
        D798  7 0.0239 0.0681 0.0154 0.0444 0.1522 0.0178 0.2706 0.1923 0.1296 0.0205 0.0135 0.0518 
        D799  7 0.0144 0.0224 0.0134 0.0550 0.0515 0.0194 0.0703 0.0232 0.0510 0.0082 0.6581 0.0130 
        D800  7 0.0298 0.0475 0.3866 0.0131 0.0819 0.0287 0.0876 0.0194 0.0874 0.0211 0.1802 0.0166 
        D201  9 0.0124 0.0181 0.0130 0.0166 0.0294 0.0154 0.0196 0.0134 0.0354 0.0342 0.7580 0.0347 
        D202  9 0.0245 0.1923 0.0095 0.1307 0.0737 0.0129 0.1380 0.0155 0.1496 0.0058 0.1023 0.1453 
     D237259  9 0.0195 0.0567 0.0127 0.0261 0.3445 0.0201 0.1118 0.0570 0.2417 0.0084 0.0186 0.0829 
     D237260  9 0.0365 0.2429 0.0165 0.0187 0.0771 0.1008 0.1114 0.0162 0.2580 0.0088 0.0861 0.0271 
     D237262  9 0.0210 0.0213 0.0221 0.6648 0.0419 0.1117 0.0278 0.0095 0.0306 0.0228 0.0127 0.0138 
     D237263  9 0.0157 0.0518 0.1146 0.2122 0.0502 0.0475 0.0598 0.0109 0.0720 0.0158 0.2970 0.0524 
     D237264  9 0.0499 0.2864 0.0558 0.0446 0.1403 0.1141 0.0693 0.0181 0.1182 0.0262 0.0279 0.0492 
     D237265  9 0.0353 0.5590 0.0142 0.0373 0.0369 0.0155 0.0303 0.0144 0.1721 0.0124 0.0391 0.0335 
     D237266  9 0.0129 0.0847 0.0357 0.0436 0.0911 0.0470 0.2821 0.1241 0.0779 0.0096 0.0137 0.1776 
     D237267  9 0.1255 0.0976 0.0139 0.0734 0.2311 0.0850 0.0800 0.0507 0.1635 0.0073 0.0117 0.0604 
     D237268  9 0.0156 0.0307 0.0281 0.7519 0.0200 0.0151 0.0182 0.0180 0.0462 0.0159 0.0218 0.0186 
     D237289  9 0.0463 0.5352 0.0260 0.0359 0.0365 0.0136 0.0317 0.0358 0.1696 0.0209 0.0303 0.0181 
     D237290  9 0.0150 0.4185 0.0449 0.0697 0.0508 0.0125 0.0602 0.0451 0.1946 0.0107 0.0286 0.0493 
     D237291  9 0.0288 0.0747 0.0079 0.0073 0.0577 0.0437 0.2083 0.0195 0.0923 0.0086 0.3957 0.0555 
     D237292  9 0.0169 0.4736 0.0139 0.0143 0.0555 0.0661 0.0233 0.0079 0.1736 0.0230 0.0182 0.1135 
     D237293  9 0.0236 0.2108 0.0129 0.1159 0.0768 0.0296 0.0926 0.1419 0.1601 0.0166 0.0157 0.1036 
     D237294  9 0.0684 0.0909 0.0152 0.0192 0.0631 0.0563 0.0467 0.0118 0.0692 0.0324 0.5067 0.0203 
     D237295  9 0.1063 0.0718 0.2236 0.1254 0.0735 0.0712 0.0530 0.0756 0.0625 0.0513 0.0344 0.0514 
     D237296  9 0.0696 0.0726 0.0193 0.0155 0.1696 0.0535 0.1153 0.0666 0.1427 0.0452 0.1573 0.0729 
     D237297  9 0.1172 0.1516 0.0199 0.0388 0.1574 0.0706 0.1657 0.0312 0.1700 0.0158 0.0200 0.0418 
     D237298  9 0.0160 0.0487 0.0470 0.0972 0.0678 0.0264 0.1054 0.0431 0.0655 0.0313 0.4296 0.0220 
     D237341  9 0.0357 0.1168 0.0291 0.0258 0.1777 0.0476 0.0769 0.0502 0.1923 0.0462 0.1249 0.0767 
     D237342  9 0.0467 0.0396 0.0184 0.7246 0.0293 0.0141 0.0317 0.0128 0.0383 0.0086 0.0135 0.0223 
     D237343  9 0.0520 0.0669 0.0250 0.0312 0.1726 0.1589 0.1654 0.0334 0.1239 0.0179 0.1217 0.0311 
     D237344  9 0.1057 0.1283 0.0295 0.0336 0.0889 0.0426 0.1920 0.0827 0.1143 0.0199 0.0116 0.1508 
     D237345  9 0.0122 0.0671 0.0230 0.3730 0.0522 0.0659 0.0443 0.0151 0.0618 0.1946 0.0605 0.0303 
     D237346  9 0.0531 0.1075 0.0177 0.0780 0.2179 0.0175 0.1442 0.0528 0.1422 0.0535 0.0691 0.0466 
     D237347  9 0.2489 0.1249 0.0209 0.0293 0.1043 0.0648 0.0988 0.0363 0.0806 0.0226 0.0365 0.1321 
     D237348  9 0.0302 0.1962 0.0180 0.1675 0.0538 0.0368 0.1017 0.0739 0.0684 0.0361 0.0163 0.2012 
     D237349  9 0.0179 0.0843 0.0409 0.0152 0.0793 0.0256 0.0927 0.0181 0.0506 0.0562 0.1522 0.3669 
     D244109  9 0.0127 0.0933 0.0402 0.0260 0.0290 0.5618 0.0624 0.0135 0.0756 0.0128 0.0234 0.0494 
     D244110  9 0.0371 0.1904 0.0275 0.0191 0.0816 0.2102 0.0927 0.0426 0.1620 0.0233 0.0460 0.0675 
     D244111  9 0.0317 0.0755 0.0183 0.0524 0.0916 0.0557 0.1380 0.0445 0.1041 0.0214 0.1450 0.2219 
     D244128  9 0.0245 0.0404 0.0206 0.7067 0.0371 0.0197 0.0364 0.0120 0.0413 0.0086 0.0335 0.0191 
     D244137  9 0.0369 0.0887 0.2985 0.0283 0.0561 0.0594 0.0423 0.0181 0.0420 0.0631 0.1333 0.1335 
     D244138  9 0.0220 0.1116 0.0282 0.0697 0.1506 0.0305 0.1554 0.0192 0.1611 0.0260 0.1164 0.1094 
        D580  9 0.0199 0.0649 0.0111 0.2348 0.0922 0.0247 0.0430 0.0329 0.0669 0.2882 0.0216 0.0997 
        D581  9 0.0073 0.6394 0.0123 0.0168 0.0173 0.0105 0.0219 0.0103 0.1905 0.0203 0.0235 0.0297 
        D582  9 0.0124 0.0106 0.0107 0.8692 0.0097 0.0181 0.0082 0.0108 0.0110 0.0131 0.0171 0.0092 
        D583  9 0.0131 0.1349 0.0164 0.0208 0.0779 0.0352 0.1105 0.0364 0.1133 0.0168 0.3225 0.1022 
        D584  9 0.0616 0.1383 0.0098 0.0713 0.0585 0.0296 0.1239 0.0274 0.1065 0.0384 0.0132 0.3217 
        D585  9 0.0254 0.0478 0.0369 0.6797 0.0470 0.0186 0.0212 0.0177 0.0373 0.0179 0.0223 0.0283 
        D586  9 0.0614 0.2451 0.0371 0.0156 0.1639 0.0227 0.1624 0.0358 0.1815 0.0128 0.0259 0.0359 
        D651  9 0.0168 0.0173 0.0347 0.0273 0.0331 0.0263 0.0275 0.6237 0.0271 0.1294 0.0157 0.0211 
        D652  9 0.0218 0.0736 0.0726 0.0329 0.0659 0.0405 0.0906 0.0135 0.0549 0.0301 0.3079 0.1957 
        D653  9 0.0603 0.0525 0.0162 0.0505 0.2268 0.0361 0.1164 0.1369 0.1728 0.0230 0.0375 0.0711 
        D654  9 0.0230 0.0531 0.0368 0.0315 0.1559 0.1368 0.2136 0.0460 0.1289 0.0400 0.0473 0.0873 
        D655  9 0.0771 0.1052 0.0273 0.0327 0.1547 0.0191 0.1143 0.2304 0.1067 0.0151 0.0367 0.0808 
        D656  9 0.0121 0.0183 0.0095 0.0350 0.0502 0.2674 0.0160 0.0176 0.0357 0.0178 0.0131 0.5072 
        D657  9 0.0303 0.0883 0.0150 0.0322 0.0906 0.2980 0.1292 0.0261 0.0669 0.0318 0.0374 0.1544 
        D667  9 0.0207 0.0169 0.0118 0.0124 0.0112 0.0173 0.0178 0.8355 0.0168 0.0075 0.0109 0.0210 
        D668  9 0.0233 0.1036 0.0098 0.1281 0.0954 0.0185 0.1221 0.2426 0.1204 0.0834 0.0180 0.0346 
        D669  9 0.0181 0.4993 0.0161 0.0356 0.0514 0.0138 0.0308 0.0226 0.1691 0.0393 0.0847 0.0191 
        D670  9 0.0305 0.0516 0.0140 0.0159 0.1105 0.0263 0.1340 0.3185 0.1058 0.0157 0.0103 0.1669 
        D671  9 0.0199 0.3823 0.0378 0.0146 0.0931 0.0424 0.0552 0.0111 0.1501 0.0662 0.0825 0.0447 
        D672  9 0.0207 0.0501 0.0386 0.3416 0.0630 0.0169 0.0624 0.0720 0.0773 0.0743 0.1548 0.0284 
        D673  9 0.0327 0.0297 0.0119 0.0602 0.0791 0.0119 0.0671 0.4651 0.0759 0.0869 0.0539 0.0254 
        D692  9 0.0179 0.0445 0.0135 0.1098 0.0395 0.1760 0.0349 0.0117 0.0413 0.0107 0.0137 0.4864 
        D693  9 0.0325 0.0254 0.0130 0.0444 0.0321 0.0298 0.0385 0.5810 0.0385 0.0448 0.0192 0.1009 
        D694  9 0.0346 0.0977 0.0108 0.1241 0.1090 0.3734 0.0543 0.0138 0.0852 0.0229 0.0279 0.0462 
        D695  9 0.0219 0.0555 0.1132 0.1680 0.0706 0.0244 0.1220 0.1077 0.1104 0.1188 0.0334 0.0541 
        D696  9 0.7992 0.0295 0.0186 0.0141 0.0137 0.0122 0.0281 0.0148 0.0145 0.0293 0.0114 0.0148 
        D697  9 0.0199 0.0143 0.0126 0.0102 0.0158 0.0106 0.0156 0.8304 0.0200 0.0228 0.0151 0.0127 
        D698  9 0.1846 0.2160 0.0171 0.0870 0.1056 0.0190 0.0957 0.0807 0.1080 0.0246 0.0173 0.0444 
        D699  9 0.1088 0.1049 0.0069 0.0492 0.0457 0.0187 0.0532 0.4256 0.0612 0.0218 0.0163 0.0879 
        D787  9 0.0236 0.0498 0.0649 0.0383 0.1063 0.0266 0.1814 0.0648 0.0764 0.0130 0.1927 0.1623 
        D788  9 0.0688 0.0901 0.0101 0.1356 0.0486 0.0149 0.0701 0.3906 0.0633 0.0167 0.0290 0.0621 
        D789  9 0.0799 0.1716 0.0223 0.1447 0.1153 0.1087 0.0998 0.0344 0.1350 0.0188 0.0157 0.0538 
        D790  9 0.0192 0.0375 0.0147 0.0201 0.0614 0.0223 0.0648 0.5347 0.0688 0.0297 0.0456 0.0811 
        D791  9 0.0553 0.4087 0.0106 0.0649 0.0412 0.0398 0.0467 0.0157 0.1887 0.0085 0.0856 0.0342 
        D792  9 0.0227 0.0538 0.1382 0.0121 0.1086 0.2484 0.0972 0.0773 0.0820 0.0269 0.0672 0.0656 
        D793  9 0.0660 0.0124 0.0417 0.0121 0.0189 0.0101 0.0214 0.7577 0.0197 0.0094 0.0090 0.0215 
        D794  9 0.0841 0.0543 0.0592 0.0302 0.0791 0.1179 0.0736 0.3136 0.0644 0.0426 0.0327 0.0483 
        D795  9 0.0381 0.0352 0.0139 0.6834 0.0384 0.0094 0.0397 0.0200 0.0340 0.0097 0.0402 0.0381 
        D796  9 0.0172 0.0303 0.0084 0.0312 0.0291 0.0099 0.0250 0.7538 0.0369 0.0088 0.0310 0.0184 
        D005 12 0.0163 0.0155 0.0077 0.0165 0.0230 0.8000 0.0228 0.0114 0.0360 0.0119 0.0136 0.0252 
        D035 12 0.0194 0.0124 0.0094 0.0083 0.0203 0.0096 0.0178 0.8571 0.0150 0.0096 0.0111 0.0101 
        D067 12 0.0528 0.0517 0.0320 0.0602 0.0774 0.0219 0.1563 0.3387 0.0838 0.0144 0.0574 0.0533 
        D134 12 0.0316 0.0768 0.0214 0.0499 0.2706 0.0443 0.1519 0.0209 0.2409 0.0091 0.0328 0.0498 
        D135 12 0.0486 0.1065 0.0177 0.0386 0.3277 0.0214 0.1321 0.0333 0.1826 0.0268 0.0285 0.0363 
        D136 12 0.1050 0.0469 0.1340 0.0306 0.1137 0.1064 0.1026 0.0734 0.1023 0.1137 0.0198 0.0516 
        D137 12 0.0216 0.1082 0.0141 0.0414 0.0856 0.0261 0.1516 0.2886 0.1778 0.0253 0.0352 0.0247 
        D138 12 0.0395 0.0959 0.0483 0.0174 0.1490 0.0256 0.1484 0.0894 0.1404 0.0399 0.0938 0.1123 
        D139 12 0.0257 0.1069 0.0529 0.0496 0.1112 0.0574 0.1864 0.0203 0.1375 0.0201 0.1281 0.1039 
        D140 12 0.0303 0.0268 0.0154 0.0103 0.0230 0.0105 0.0256 0.7829 0.0192 0.0230 0.0106 0.0223 
        D141 12 0.0097 0.0177 0.0091 0.3741 0.0346 0.0323 0.0403 0.1518 0.0277 0.2565 0.0222 0.0242 
        D150 12 0.0514 0.0849 0.0140 0.0591 0.1201 0.0435 0.2437 0.0141 0.0885 0.0087 0.0124 0.2595 
        D177 12 0.0446 0.0638 0.0256 0.0396 0.1733 0.0486 0.1627 0.0427 0.2136 0.0083 0.0171 0.1600 
        D178 12 0.0187 0.0460 0.4816 0.0139 0.0844 0.0955 0.0543 0.0210 0.0598 0.0314 0.0463 0.0471 
        D179 12 0.0783 0.0642 0.0190 0.0209 0.1507 0.0819 0.1483 0.0702 0.1895 0.0495 0.0625 0.0651 
        D180 12 0.0149 0.0364 0.0125 0.1903 0.0946 0.0975 0.0767 0.3457 0.0696 0.0115 0.0252 0.0251 
        D187 12 0.0303 0.0308 0.0132 0.0413 0.0470 0.0113 0.0475 0.6741 0.0324 0.0103 0.0409 0.0208 
        D188 12 0.0185 0.0353 0.0092 0.2293 0.0755 0.2597 0.0336 0.0164 0.0430 0.0898 0.0343 0.1554 
        D191 12 0.0211 0.0342 0.0115 0.0324 0.0415 0.0377 0.0563 0.0675 0.0500 0.1418 0.4838 0.0221 
        D418 12 0.0130 0.0423 0.0128 0.0350 0.0873 0.0325 0.0525 0.0699 0.0855 0.1941 0.3378 0.0373 
        D601 12 0.0154 0.0289 0.0186 0.3207 0.0762 0.3924 0.0365 0.0282 0.0368 0.0100 0.0166 0.0199 
        D836 12 0.0100 0.0241 0.0103 0.5510 0.0248 0.0326 0.0248 0.2542 0.0248 0.0113 0.0198 0.0123 
        D837 12 0.0334 0.0920 0.1315 0.0327 0.0495 0.0188 0.1224 0.0302 0.0679 0.0519 0.3067 0.0630 
        D838 12 0.0292 0.0297 0.0176 0.0095 0.0262 0.0089 0.1374 0.6376 0.0278 0.0120 0.0478 0.0163 
        D839 12 0.0229 0.3717 0.0351 0.0398 0.0667 0.0309 0.0411 0.0255 0.1472 0.0330 0.0953 0.0908 
        D840 12 0.0678 0.1653 0.0320 0.0384 0.0914 0.0349 0.0984 0.1136 0.0990 0.1255 0.0717 0.0619 
        D841 12 0.0112 0.0101 0.0070 0.0095 0.0122 0.0095 0.0135 0.8737 0.0105 0.0090 0.0239 0.0100 
        D842 12 0.0110 0.0784 0.0201 0.0729 0.0989 0.0363 0.2187 0.0099 0.0554 0.1041 0.0611 0.2332 
        D843 12 0.0978 0.0577 0.0563 0.0773 0.1132 0.0429 0.1000 0.1686 0.1431 0.0129 0.0339 0.0962 
        D844 12 0.0117 0.0201 0.0197 0.0126 0.0162 0.0356 0.0172 0.0081 0.0151 0.0212 0.8020 0.0204 
        D912 12 0.1694 0.1303 0.1228 0.0108 0.0607 0.0382 0.0804 0.0283 0.0617 0.1327 0.1233 0.0413 
        D913 12 0.0192 0.1785 0.0374 0.0097 0.1374 0.0178 0.2733 0.0564 0.1890 0.0122 0.0394 0.0296 
        D914 12 0.1327 0.1759 0.0211 0.0225 0.1238 0.0404 0.1660 0.0395 0.1187 0.0170 0.0969 0.0454 
        D922 12 0.0186 0.0175 0.0143 0.0582 0.0179 0.0124 0.0202 0.7712 0.0207 0.0208 0.0157 0.0126 
        D939 12 0.0260 0.0236 0.0092 0.5669 0.0332 0.0584 0.0271 0.1479 0.0221 0.0252 0.0383 0.0221 
        D944 12 0.0177 0.0945 0.0261 0.0082 0.2184 0.0339 0.2709 0.0348 0.2092 0.0364 0.0302 0.0196 
        D945 12 0.0322 0.0683 0.0221 0.0877 0.1682 0.0470 0.1949 0.0526 0.1518 0.0203 0.0954 0.0595 
        D985 12 0.0801 0.0557 0.0315 0.0279 0.1141 0.2600 0.1098 0.0943 0.0788 0.0595 0.0086 0.0797 
        D986 12 0.0339 0.0851 0.0597 0.0538 0.2035 0.0457 0.0966 0.0106 0.1033 0.0110 0.2519 0.0447 
        D987 12 0.1099 0.1087 0.0233 0.0158 0.0944 0.0931 0.1191 0.0221 0.0793 0.0568 0.2329 0.0447 
        D988 12 0.1296 0.1804 0.0295 0.0666 0.1419 0.0938 0.1221 0.0184 0.1299 0.0168 0.0217 0.0493 
        D996 12 0.0507 0.1602 0.0243 0.0166 0.1159 0.0927 0.1371 0.1540 0.1616 0.0181 0.0264 0.0425 
        D997 12 0.0399 0.0585 0.0199 0.3994 0.1086 0.0798 0.0618 0.0531 0.1046 0.0162 0.0351 0.0230 
        D998 12 0.0639 0.1095 0.0224 0.0258 0.2849 0.0263 0.0673 0.1361 0.1752 0.0132 0.0262 0.0492 
        D999 12 0.0455 0.4169 0.0169 0.0172 0.0596 0.0180 0.0606 0.0181 0.1612 0.0317 0.1233 0.0309 
