        D174  1 0.1221 0.0697 0.3446 0.2072 0.1740 0.0824 
        D199  1 0.2735 0.1240 0.1546 0.1772 0.2124 0.0583 
        D203  1 0.1866 0.0727 0.1655 0.2404 0.1907 0.1440 
        D204  1 0.0406 0.0243 0.7574 0.0365 0.0481 0.0931 
     D237366  1 0.1781 0.0443 0.0729 0.2918 0.1860 0.2269 
     D237367  1 0.2200 0.0818 0.0609 0.3046 0.1654 0.1673 
     D237368  1 0.0853 0.0487 0.2537 0.2427 0.1550 0.2146 
     D244101  1 0.4150 0.0426 0.1834 0.0401 0.1287 0.1901 
     D244102  1 0.1880 0.0856 0.1652 0.1336 0.1831 0.2445 
     D244103  1 0.4193 0.0638 0.1129 0.1564 0.1255 0.1221 
     D244104  1 0.0636 0.4654 0.3119 0.0384 0.0424 0.0782 
     D244105  1 0.2598 0.2061 0.0317 0.0644 0.0489 0.3892 
     D244106  1 0.0526 0.0262 0.7585 0.0263 0.0624 0.0740 
     D244107  1 0.1711 0.0703 0.0230 0.4118 0.2854 0.0383 
     D244108  1 0.1011 0.0774 0.1003 0.0491 0.1544 0.5178 
     D244113  1 0.1881 0.1341 0.1309 0.1224 0.3503 0.0742 
     D244114  1 0.5287 0.0979 0.1159 0.0546 0.0777 0.1251 
     D244115  1 0.1364 0.0348 0.6798 0.0379 0.0394 0.0717 
     D267365  1 0.1597 0.0904 0.3218 0.1629 0.1298 0.1354 
        D404  1 0.0759 0.0381 0.4267 0.0888 0.3319 0.0386 
        D405  1 0.1171 0.0925 0.2700 0.1308 0.3578 0.0317 
        D406  1 0.0142 0.0112 0.0166 0.0128 0.0128 0.9323 
        D407  1 0.1764 0.0342 0.5017 0.0807 0.1516 0.0554 
        D408  1 0.1068 0.1409 0.5469 0.0712 0.1058 0.0283 
        D409  1 0.3928 0.0797 0.1450 0.0645 0.1502 0.1677 
        D410  1 0.2972 0.0644 0.0551 0.0738 0.3975 0.1121 
        D421  1 0.0885 0.0524 0.7438 0.0361 0.0574 0.0219 
        D422  1 0.3275 0.0296 0.0657 0.0952 0.2285 0.2535 
        D423  1 0.3981 0.0501 0.0365 0.1118 0.3205 0.0829 
        D424  1 0.0909 0.0180 0.8085 0.0224 0.0227 0.0376 
        D425  1 0.4793 0.1715 0.1473 0.0568 0.0900 0.0551 
        D426  1 0.6196 0.0687 0.1030 0.0474 0.0964 0.0649 
        D427  1 0.1778 0.2515 0.4816 0.0284 0.0455 0.0152 
        D428  1 0.1102 0.0487 0.6137 0.0669 0.0773 0.0833 
        D429  1 0.0221 0.0158 0.8717 0.0168 0.0231 0.0506 
        D430  1 0.1932 0.1085 0.5049 0.0733 0.0884 0.0317 
        D491  1 0.0680 0.1097 0.5901 0.0457 0.0345 0.1520 
        D492  1 0.0534 0.0193 0.7421 0.0305 0.0849 0.0697 
        D537  1 0.2047 0.0803 0.1430 0.0679 0.0863 0.4179 
        D538  1 0.1054 0.0494 0.1793 0.3109 0.2259 0.1291 
        D539  1 0.0966 0.1216 0.1472 0.0638 0.0753 0.4954 
        D540  1 0.3584 0.3340 0.0530 0.1215 0.0954 0.0377 
        D541  1 0.0356 0.0215 0.8633 0.0270 0.0289 0.0236 
        D551  1 0.7570 0.0267 0.0620 0.0409 0.0394 0.0739 
        D552  1 0.0271 0.0455 0.0690 0.0194 0.0239 0.8150 
        D553  1 0.1602 0.1435 0.5069 0.0831 0.0509 0.0553 
        D615  1 0.0931 0.0639 0.6122 0.0619 0.0777 0.0911 
        D616  1 0.1810 0.0701 0.4030 0.0631 0.1708 0.1120 
        D621  1 0.0394 0.0559 0.0314 0.0367 0.0547 0.7819 
        D622  1 0.0327 0.0360 0.0261 0.0350 0.0343 0.8359 
        D623  1 0.1942 0.0601 0.1187 0.0803 0.4685 0.0783 
        D624  1 0.2128 0.1384 0.5315 0.0361 0.0476 0.0337 
        D625  1 0.0804 0.0233 0.5570 0.1152 0.0408 0.1833 
        D626  1 0.0646 0.6964 0.0716 0.0659 0.0336 0.0679 
        D627  1 0.4400 0.0326 0.2312 0.0949 0.0915 0.1096 
        D690  1 0.0163 0.0212 0.8951 0.0252 0.0212 0.0209 
        D691  1 0.0255 0.0259 0.0297 0.0322 0.0240 0.8627 
        D710  1 0.2001 0.1227 0.2432 0.2002 0.1752 0.0586 
        D711  1 0.0232 0.0149 0.8470 0.0305 0.0479 0.0365 
        D712  1 0.0976 0.3305 0.1003 0.1572 0.1112 0.2031 
        D713  1 0.3009 0.0423 0.2002 0.0662 0.1784 0.2121 
        D746  1 0.0239 0.0309 0.0514 0.0292 0.0287 0.8359 
        D747  1 0.0233 0.0197 0.8932 0.0205 0.0236 0.0197 
        D748  1 0.0450 0.0328 0.0801 0.0273 0.0321 0.7827 
        D749  1 0.3854 0.0469 0.0565 0.0600 0.2274 0.2239 
        D750  1 0.0218 0.0174 0.8980 0.0176 0.0214 0.0238 
        D763  1 0.1882 0.2981 0.0445 0.0840 0.0599 0.3254 
        D764  1 0.0246 0.0171 0.9058 0.0169 0.0136 0.0221 
        D765  1 0.3952 0.2168 0.0255 0.0936 0.1195 0.1495 
        D766  1 0.0342 0.0473 0.0248 0.0275 0.0296 0.8366 
        D767  1 0.1288 0.0496 0.0991 0.3003 0.2291 0.1932 
        D768  1 0.3286 0.0785 0.3021 0.0656 0.0747 0.1505 
        D811  1 0.1677 0.5732 0.0620 0.0613 0.1106 0.0251 
        D816  1 0.0283 0.0167 0.8782 0.0249 0.0223 0.0297 
        D825  1 0.1675 0.0901 0.4442 0.0939 0.0754 0.1290 
        D866  1 0.1319 0.1862 0.1019 0.1541 0.3613 0.0644 
        D867  1 0.2096 0.0364 0.0343 0.2750 0.3226 0.1222 
        D871  1 0.2830 0.0384 0.3572 0.0829 0.1004 0.1381 
        D872  1 0.0519 0.0504 0.0319 0.0623 0.0670 0.7365 
        D873  1 0.0919 0.0176 0.0254 0.1201 0.7222 0.0229 
        D874  1 0.1006 0.0398 0.6409 0.0319 0.0650 0.1217 
        D875  1 0.2567 0.0210 0.1052 0.0546 0.1191 0.4433 
        D876  1 0.0352 0.0633 0.0801 0.0320 0.0183 0.7711 
        D877  1 0.1972 0.0261 0.3605 0.0566 0.3179 0.0418 
        D892  1 0.0517 0.0230 0.1524 0.0434 0.0416 0.6880 
        D893  1 0.2164 0.0911 0.1999 0.1318 0.1133 0.2476 
        D894  1 0.0193 0.0119 0.9115 0.0180 0.0195 0.0198 
        D915  1 0.1310 0.0653 0.1055 0.2155 0.1662 0.3164 
        D916  1 0.0158 0.0117 0.9261 0.0124 0.0124 0.0217 
        D917  1 0.1315 0.0799 0.0824 0.4794 0.2022 0.0247 
        D925  1 0.1802 0.1032 0.2239 0.1271 0.1839 0.1816 
        D926  1 0.1173 0.0382 0.6223 0.0758 0.0432 0.1031 
        D927  1 0.1907 0.0746 0.2262 0.1959 0.1125 0.2002 
        D928  1 0.0600 0.0528 0.7483 0.0342 0.0531 0.0516 
        D929  1 0.0864 0.0419 0.0741 0.5781 0.1438 0.0756 
        D936  1 0.0666 0.0354 0.6858 0.0679 0.0597 0.0845 
        D938  1 0.0170 0.0274 0.0152 0.0168 0.0166 0.9072 
        D956  1 0.0275 0.0208 0.8546 0.0270 0.0505 0.0196 
        D957  1 0.0589 0.0281 0.0256 0.0419 0.0713 0.7742 
        D958  1 0.0177 0.0205 0.0301 0.0162 0.0173 0.8983 
        D959  1 0.3141 0.0384 0.3663 0.0832 0.1645 0.0334 
        D960  1 0.0694 0.0131 0.0252 0.0398 0.1584 0.6942 
        D989  1 0.1630 0.3777 0.2591 0.0661 0.0594 0.0747 
        D990  1 0.3438 0.0722 0.0277 0.2191 0.2758 0.0614 
        D211  3 0.0405 0.0601 0.0312 0.7874 0.0436 0.0371 
     D229639  3 0.2347 0.4004 0.1231 0.1073 0.0871 0.0475 
     D237212  3 0.1385 0.1997 0.1218 0.2390 0.2612 0.0399 
     D237213  3 0.0759 0.3089 0.0215 0.3316 0.1830 0.0791 
     D237214  3 0.0588 0.0147 0.0344 0.5883 0.2685 0.0353 
     D237215  3 0.1080 0.3238 0.0201 0.0767 0.4537 0.0175 
     D237216  3 0.4898 0.1631 0.0595 0.1323 0.1133 0.0420 
     D237217  3 0.2490 0.0934 0.0170 0.4757 0.0470 0.1179 
     D237218  3 0.2289 0.1227 0.1320 0.0891 0.0419 0.3854 
     D237219  3 0.0511 0.7422 0.0176 0.0897 0.0266 0.0729 
     D237382  3 0.0976 0.0990 0.1184 0.2160 0.2616 0.2074 
     D244127  3 0.1404 0.2965 0.0198 0.1344 0.3564 0.0526 
     D244129  3 0.1179 0.1047 0.1296 0.3633 0.1765 0.1080 
     D244133  3 0.0606 0.7669 0.0652 0.0407 0.0358 0.0308 
     D244134  3 0.0528 0.6417 0.0260 0.1194 0.0333 0.1268 
     D244135  3 0.0667 0.0352 0.0250 0.6067 0.2361 0.0303 
     D244136  3 0.1271 0.4538 0.1781 0.0503 0.1078 0.0829 
        D416  3 0.2061 0.4956 0.0460 0.0917 0.1159 0.0447 
        D417  3 0.1405 0.0398 0.2421 0.0284 0.0295 0.5198 
        D419  3 0.0802 0.5580 0.0335 0.0853 0.0583 0.1848 
        D565  3 0.1125 0.2365 0.4665 0.0450 0.0852 0.0542 
        D566  3 0.1190 0.1257 0.4748 0.0583 0.1937 0.0285 
        D567  3 0.1462 0.1604 0.3010 0.1582 0.0788 0.1553 
        D568  3 0.1124 0.1577 0.0423 0.1013 0.0507 0.5357 
        D569  3 0.1002 0.0411 0.0313 0.3170 0.4888 0.0215 
        D573  3 0.4385 0.1401 0.2358 0.0627 0.0919 0.0310 
        D574  3 0.2446 0.1077 0.1592 0.1623 0.1814 0.1447 
        D575  3 0.0254 0.8405 0.0127 0.0649 0.0299 0.0265 
        D576  3 0.0932 0.4915 0.0149 0.0715 0.3175 0.0114 
        D577  3 0.1302 0.1389 0.1294 0.2085 0.0593 0.3337 
        D578  3 0.0640 0.0210 0.0128 0.5914 0.2835 0.0274 
        D579  3 0.0797 0.1139 0.5902 0.0581 0.0909 0.0673 
        D660  3 0.1353 0.1275 0.0216 0.2329 0.4531 0.0296 
        D661  3 0.1212 0.0476 0.0327 0.0401 0.0370 0.7214 
        D663  3 0.5375 0.0471 0.0381 0.1727 0.1784 0.0262 
        D664  3 0.1121 0.2726 0.0244 0.3294 0.2109 0.0507 
        D665  3 0.1058 0.0900 0.0166 0.5985 0.1630 0.0260 
        D666  3 0.0294 0.8573 0.0222 0.0286 0.0277 0.0348 
        D502  6 0.1456 0.1091 0.0187 0.3102 0.3912 0.0253 
        D503  6 0.2521 0.0863 0.0751 0.0805 0.1834 0.3225 
        D504  6 0.1854 0.0439 0.5088 0.0403 0.0860 0.1357 
        D505  6 0.1574 0.0863 0.1809 0.1588 0.3864 0.0302 
        D506  6 0.0439 0.0346 0.8390 0.0344 0.0326 0.0155 
        D507  6 0.4513 0.1404 0.0674 0.0831 0.1931 0.0648 
        D508  6 0.2059 0.0670 0.0671 0.2585 0.3646 0.0369 
        D529  6 0.2148 0.0980 0.1815 0.2737 0.1746 0.0574 
        D530  6 0.0448 0.0534 0.0219 0.2693 0.5797 0.0309 
        D531  6 0.1462 0.1147 0.4651 0.0870 0.1220 0.0650 
        D532  6 0.2535 0.0727 0.1033 0.0793 0.4629 0.0283 
        D534  6 0.1092 0.0372 0.0486 0.0798 0.0839 0.6412 
        D535  6 0.2822 0.1686 0.2645 0.1042 0.1420 0.0385 
        D536  6 0.1789 0.0377 0.0467 0.1103 0.6037 0.0227 
        D554  6 0.1426 0.0744 0.3531 0.1212 0.2417 0.0670 
        D587  6 0.1707 0.0730 0.4769 0.0507 0.0961 0.1325 
        D588  6 0.6164 0.0745 0.0847 0.0624 0.1442 0.0178 
        D589  6 0.2769 0.0512 0.0579 0.1685 0.3915 0.0540 
        D590  6 0.2894 0.0401 0.2482 0.0393 0.3490 0.0340 
        D591  6 0.2685 0.3167 0.1207 0.0910 0.0657 0.1374 
        D592  6 0.0978 0.0443 0.1383 0.0979 0.0913 0.5304 
        D593  6 0.0352 0.0996 0.0149 0.3170 0.5160 0.0172 
        D682  6 0.0527 0.0582 0.8044 0.0271 0.0294 0.0283 
        D683  6 0.1534 0.0491 0.3444 0.3251 0.0573 0.0706 
        D684  6 0.2380 0.0392 0.0732 0.4469 0.1485 0.0542 
        D685  6 0.5197 0.0878 0.0276 0.1834 0.1475 0.0340 
        D686  6 0.1857 0.0276 0.0421 0.0700 0.6508 0.0239 
        D724  6 0.1963 0.0646 0.0900 0.2117 0.1988 0.2387 
        D725  6 0.1834 0.1663 0.0227 0.1945 0.2860 0.1471 
        D726  6 0.0678 0.0758 0.7279 0.0360 0.0388 0.0538 
        D727  6 0.4071 0.0936 0.1508 0.0867 0.2413 0.0205 
        D728  6 0.2050 0.3531 0.1832 0.0747 0.1185 0.0655 
        D729  6 0.2659 0.0229 0.1001 0.1225 0.4704 0.0181 
        D730  6 0.2154 0.0922 0.1212 0.0866 0.1378 0.3469 
        D731  6 0.1138 0.3705 0.1114 0.0801 0.2940 0.0302 
        D732  6 0.1728 0.1111 0.0805 0.3728 0.1597 0.1031 
        D733  6 0.0793 0.0822 0.0482 0.0977 0.1137 0.5790 
     D237251  7 0.2892 0.3439 0.0629 0.0665 0.0698 0.1676 
     D237252  7 0.0845 0.1530 0.0239 0.2646 0.1690 0.3049 
     D237253  7 0.4688 0.1944 0.1048 0.0598 0.1200 0.0521 
     D237254  7 0.0716 0.0201 0.0146 0.5893 0.2740 0.0305 
     D237255  7 0.1763 0.4781 0.0614 0.0836 0.1248 0.0757 
     D237256  7 0.5006 0.1660 0.0336 0.0926 0.1822 0.0250 
     D237257  7 0.3522 0.0501 0.0437 0.3113 0.2091 0.0337 
     D237282  7 0.2135 0.0732 0.1437 0.1009 0.1586 0.3100 
     D237283  7 0.0644 0.0785 0.0116 0.7259 0.0934 0.0261 
     D237284  7 0.1254 0.0396 0.0641 0.4674 0.2153 0.0882 
     D237285  7 0.1088 0.0551 0.0320 0.3026 0.4653 0.0363 
     D237286  7 0.2810 0.0908 0.3147 0.0746 0.1877 0.0512 
     D237287  7 0.2717 0.5249 0.0520 0.0554 0.0657 0.0304 
     D244006  7 0.0403 0.0149 0.0224 0.6082 0.2838 0.0304 
     D244007  7 0.1935 0.0354 0.1344 0.0655 0.2180 0.3532 
     D244008  7 0.0522 0.1408 0.0196 0.7041 0.0462 0.0371 
     D244009  7 0.0374 0.0393 0.0376 0.0527 0.0286 0.8044 
     D244010  7 0.0754 0.0944 0.0429 0.6152 0.1529 0.0193 
     D244011  7 0.4362 0.0823 0.0947 0.1352 0.1818 0.0698 
     D244012  7 0.1037 0.0817 0.0514 0.4371 0.3071 0.0191 
     D244013  7 0.1600 0.1363 0.1651 0.1579 0.2353 0.1453 
     D244014  7 0.2242 0.3601 0.0308 0.0989 0.1807 0.1053 
     D244015  7 0.3155 0.2224 0.0442 0.1205 0.1820 0.1153 
     D244125  7 0.1789 0.3209 0.2013 0.0462 0.1660 0.0868 
     D244126  7 0.0341 0.0417 0.0231 0.8054 0.0644 0.0313 
     D244130  7 0.2576 0.0314 0.0238 0.1112 0.5451 0.0310 
     D244131  7 0.0822 0.0252 0.4457 0.0746 0.1059 0.2664 
     D244132  7 0.1594 0.4199 0.0634 0.0393 0.0734 0.2445 
        D520  7 0.2073 0.1167 0.0355 0.4308 0.1615 0.0481 
        D521  7 0.1266 0.0650 0.0568 0.3017 0.3839 0.0660 
        D522  7 0.0422 0.0471 0.0495 0.0201 0.0198 0.8213 
        D523  7 0.2178 0.0782 0.0680 0.0319 0.0554 0.5487 
        D524  7 0.1692 0.2488 0.0958 0.1405 0.1274 0.2183 
        D525  7 0.2595 0.0375 0.1628 0.1501 0.2871 0.1030 
        D526  7 0.0874 0.0565 0.0352 0.5297 0.2140 0.0772 
        D527  7 0.2076 0.2350 0.2888 0.0904 0.0592 0.1189 
        D528  7 0.8869 0.0167 0.0163 0.0427 0.0233 0.0141 
        D558  7 0.0728 0.0350 0.0492 0.1783 0.4780 0.1868 
        D559  7 0.1754 0.0619 0.0672 0.1232 0.3951 0.1772 
        D640  7 0.1445 0.6445 0.0446 0.0372 0.0704 0.0588 
        D641  7 0.1290 0.4122 0.0265 0.1716 0.2305 0.0303 
        D642  7 0.0899 0.0319 0.0425 0.1184 0.5286 0.1887 
        D644  7 0.1509 0.1386 0.0720 0.3336 0.1567 0.1482 
        D645  7 0.1147 0.6318 0.0616 0.0367 0.0534 0.1017 
        D662  7 0.2784 0.1483 0.1768 0.0483 0.1206 0.2277 
        D687  7 0.3342 0.0652 0.1563 0.1094 0.1162 0.2188 
        D688  7 0.1236 0.0296 0.0395 0.3964 0.3782 0.0328 
        D689  7 0.0248 0.8742 0.0341 0.0211 0.0214 0.0244 
        D700  7 0.9097 0.0145 0.0185 0.0195 0.0215 0.0162 
        D797  7 0.1352 0.0812 0.3206 0.0577 0.0668 0.3386 
        D798  7 0.2551 0.4296 0.0221 0.0855 0.1628 0.0449 
        D799  7 0.3676 0.1651 0.0754 0.1937 0.1303 0.0679 
        D800  7 0.2289 0.0607 0.4687 0.0432 0.0601 0.1385 
        D201  9 0.1430 0.0565 0.0601 0.0380 0.0436 0.6587 
        D202  9 0.1190 0.0502 0.0280 0.2775 0.4999 0.0253 
     D237259  9 0.6867 0.1337 0.0320 0.0426 0.0864 0.0187 
     D237260  9 0.2452 0.0596 0.0461 0.2334 0.3785 0.0371 
     D237262  9 0.0553 0.0254 0.0427 0.7295 0.1197 0.0275 
     D237263  9 0.1029 0.0398 0.1257 0.4705 0.1558 0.1053 
     D237264  9 0.1869 0.0550 0.1275 0.2358 0.3394 0.0555 
     D237265  9 0.0854 0.0268 0.0399 0.2590 0.5366 0.0523 
     D237266  9 0.1299 0.4260 0.0363 0.0984 0.2892 0.0202 
     D237267  9 0.3699 0.0930 0.0668 0.2628 0.1916 0.0159 
     D237268  9 0.0480 0.0533 0.0361 0.7110 0.0831 0.0685 
     D237289  9 0.0782 0.0826 0.0613 0.2316 0.4735 0.0729 
     D237290  9 0.0881 0.2029 0.0442 0.2428 0.3565 0.0655 
     D237291  9 0.3719 0.1493 0.0378 0.0576 0.3197 0.0637 
     D237292  9 0.1889 0.0227 0.0464 0.1773 0.4947 0.0701 
     D237293  9 0.0753 0.3110 0.0238 0.2261 0.3249 0.0390 
     D237294  9 0.2214 0.0388 0.0594 0.0933 0.1267 0.4604 
     D237295  9 0.0935 0.0986 0.4244 0.1796 0.0658 0.1380 
     D237296  9 0.5167 0.1029 0.0676 0.0760 0.1303 0.1065 
     D237297  9 0.2567 0.0859 0.0595 0.1697 0.3918 0.0365 
     D237298  9 0.1542 0.1515 0.1334 0.1464 0.0739 0.3406 
     D237341  9 0.3248 0.0969 0.0973 0.0838 0.2700 0.1271 
     D237342  9 0.0404 0.0297 0.0492 0.7474 0.1182 0.0152 
     D237343  9 0.3378 0.0825 0.0509 0.2079 0.2160 0.1049 
     D237344  9 0.1419 0.2876 0.0560 0.1183 0.3606 0.0357 
     D237345  9 0.0669 0.0265 0.0232 0.5091 0.0947 0.2796 
     D237346  9 0.3682 0.2503 0.0568 0.0718 0.1578 0.0952 
     D237347  9 0.2397 0.1549 0.2426 0.0979 0.1657 0.0991 
     D237348  9 0.0591 0.1436 0.0424 0.3114 0.3859 0.0578 
     D237349  9 0.1944 0.0407 0.1501 0.0431 0.3552 0.2164 
     D244109  9 0.0879 0.0315 0.0331 0.4518 0.3571 0.0386 
     D244110  9 0.1613 0.1452 0.0502 0.2765 0.2719 0.0948 
     D244111  9 0.1202 0.1055 0.0877 0.1529 0.4760 0.0576 
     D244128  9 0.0541 0.0246 0.0284 0.7792 0.0871 0.0265 
     D244137  9 0.0720 0.0346 0.4876 0.0577 0.0923 0.2559 
     D244138  9 0.2526 0.0480 0.0463 0.1710 0.4070 0.0750 
        D580  9 0.1298 0.0834 0.0221 0.1811 0.1384 0.4451 
        D581  9 0.0668 0.0309 0.0169 0.2516 0.5586 0.0752 
        D582  9 0.0221 0.0357 0.0230 0.8304 0.0556 0.0333 
        D583  9 0.1966 0.2032 0.0410 0.0709 0.2982 0.1901 
        D584  9 0.0934 0.0535 0.0324 0.1777 0.5865 0.0565 
        D585  9 0.1005 0.0512 0.0530 0.6790 0.0711 0.0452 
        D586  9 0.5035 0.1334 0.1023 0.0684 0.1262 0.0661 
        D651  9 0.0630 0.6124 0.0381 0.0463 0.0399 0.2002 
        D652  9 0.1359 0.0284 0.2713 0.0616 0.3158 0.1869 
        D653  9 0.3877 0.2087 0.0651 0.1190 0.1426 0.0770 
        D654  9 0.3335 0.1235 0.0654 0.1436 0.2402 0.0938 
        D655  9 0.2031 0.4054 0.1071 0.0818 0.1642 0.0384 
        D656  9 0.2605 0.0353 0.0530 0.2510 0.3443 0.0558 
        D657  9 0.1325 0.0420 0.0327 0.2357 0.4421 0.1149 
        D667  9 0.0228 0.8874 0.0227 0.0282 0.0227 0.0161 
        D668  9 0.1067 0.5323 0.0190 0.1082 0.0962 0.1376 
        D669  9 0.1419 0.0711 0.0391 0.2154 0.3263 0.2063 
        D670  9 0.3231 0.5415 0.0313 0.0353 0.0364 0.0324 
        D671  9 0.1804 0.0272 0.0910 0.1081 0.4092 0.1841 
        D672  9 0.1199 0.1501 0.0485 0.2933 0.0713 0.3169 
        D673  9 0.0889 0.5178 0.0345 0.0636 0.0445 0.2507 
        D692  9 0.2667 0.0421 0.0672 0.3135 0.2697 0.0408 
        D693  9 0.0607 0.6130 0.0255 0.0837 0.0971 0.1201 
        D694  9 0.1349 0.0235 0.0235 0.4792 0.2911 0.0478 
        D695  9 0.1424 0.2950 0.0890 0.1439 0.0760 0.2537 
        D696  9 0.0696 0.0708 0.5023 0.0585 0.2211 0.0776 
        D697  9 0.0593 0.8045 0.0311 0.0207 0.0310 0.0534 
        D698  9 0.2245 0.2473 0.0623 0.1246 0.2908 0.0505 
        D699  9 0.0605 0.6706 0.0250 0.0554 0.1516 0.0368 
        D787  9 0.1875 0.2578 0.1450 0.0926 0.2533 0.0638 
        D788  9 0.0804 0.6283 0.0238 0.0830 0.1404 0.0441 
        D789  9 0.1195 0.0798 0.0451 0.4595 0.2591 0.0369 
        D790  9 0.1685 0.5708 0.0323 0.0456 0.1053 0.0775 
        D791  9 0.0812 0.0440 0.0287 0.3089 0.5083 0.0289 
        D792  9 0.2427 0.1523 0.1906 0.1097 0.2212 0.0835 
        D793  9 0.0326 0.8365 0.0646 0.0210 0.0196 0.0256 
        D794  9 0.1216 0.3904 0.1325 0.1438 0.1314 0.0803 
        D795  9 0.0661 0.0488 0.0525 0.6132 0.1874 0.0320 
        D796  9 0.0431 0.7748 0.0172 0.1022 0.0377 0.0250 
        D005 12 0.0813 0.0220 0.0254 0.5344 0.3142 0.0227 
        D035 12 0.0432 0.8772 0.0224 0.0195 0.0183 0.0194 
        D067 12 0.1041 0.6434 0.0603 0.0831 0.0625 0.0467 
        D134 12 0.4793 0.0726 0.0540 0.2392 0.1260 0.0290 
        D135 12 0.5834 0.1449 0.0469 0.0702 0.1029 0.0516 
        D136 12 0.2640 0.1136 0.2779 0.1309 0.1064 0.1073 
        D137 12 0.1307 0.5851 0.0204 0.0894 0.1185 0.0558 
        D138 12 0.1780 0.4247 0.1107 0.0452 0.0774 0.1640 
        D139 12 0.2082 0.0775 0.1116 0.2011 0.3314 0.0703 
        D140 12 0.0810 0.7762 0.0393 0.0307 0.0400 0.0328 
        D141 12 0.0572 0.1876 0.0146 0.3810 0.0518 0.3078 
        D150 12 0.1794 0.0324 0.0329 0.1035 0.6282 0.0236 
        D177 12 0.4552 0.1159 0.0568 0.1443 0.2057 0.0221 
        D178 12 0.2284 0.0323 0.2304 0.0661 0.1367 0.3061 
        D179 12 0.4197 0.1413 0.1108 0.0940 0.1129 0.1213 
        D180 12 0.1445 0.3976 0.0279 0.3126 0.0830 0.0344 
        D187 12 0.0428 0.8361 0.0321 0.0380 0.0268 0.0242 
        D188 12 0.1009 0.0302 0.0263 0.5609 0.1210 0.1607 
        D191 12 0.0567 0.1936 0.0427 0.0653 0.0576 0.5841 
        D418 12 0.0694 0.0880 0.0264 0.0615 0.0500 0.7047 
        D601 12 0.0620 0.0532 0.0271 0.7132 0.1217 0.0228 
        D836 12 0.0406 0.2471 0.0167 0.6314 0.0391 0.0252 
        D837 12 0.1072 0.0731 0.3387 0.0987 0.1880 0.1943 
        D838 12 0.0378 0.8546 0.0379 0.0166 0.0252 0.0279 
        D839 12 0.1694 0.0803 0.0653 0.2157 0.3163 0.1530 
        D840 12 0.1829 0.1892 0.1355 0.0638 0.0906 0.3379 
        D841 12 0.0332 0.8755 0.0184 0.0241 0.0227 0.0261 
        D842 12 0.1007 0.0202 0.0251 0.1239 0.5060 0.2241 
        D843 12 0.2220 0.2786 0.1145 0.1692 0.1738 0.0420 
        D844 12 0.1154 0.0191 0.0864 0.0517 0.0462 0.6812 
        D912 12 0.0727 0.0458 0.4955 0.0375 0.0628 0.2858 
        D913 12 0.3347 0.4349 0.0577 0.0379 0.1030 0.0318 
        D914 12 0.2679 0.1860 0.2102 0.1039 0.1230 0.1091 
        D922 12 0.0371 0.8013 0.0291 0.0688 0.0281 0.0356 
        D939 12 0.0399 0.1881 0.0244 0.5961 0.0782 0.0733 
        D944 12 0.6211 0.1786 0.0244 0.0320 0.0608 0.0831 
        D945 12 0.2868 0.2285 0.0737 0.2034 0.1464 0.0612 
        D985 12 0.1654 0.1534 0.0448 0.2844 0.2550 0.0970 
        D986 12 0.5127 0.0267 0.1410 0.1400 0.1030 0.0766 
        D987 12 0.1871 0.0768 0.2417 0.0956 0.0911 0.3077 
        D988 12 0.3425 0.0570 0.1056 0.1971 0.2092 0.0888 
        D996 12 0.2859 0.3557 0.1232 0.0761 0.0767 0.0824 
        D997 12 0.1185 0.1460 0.0475 0.5855 0.0576 0.0449 
        D998 12 0.3933 0.2315 0.0779 0.0777 0.1946 0.0250 
        D999 12 0.1314 0.0693 0.0381 0.1352 0.3845 0.2416 
