        D174  1 0.0381 0.0372 0.0430 0.5841 0.1189 0.0224 0.0219 0.0263 0.0165 0.0208 0.0370 0.0339 
        D199  1 0.0284 0.0619 0.1644 0.1048 0.0971 0.0264 0.0372 0.0249 0.0379 0.0649 0.1759 0.1764 
        D203  1 0.0442 0.0582 0.1062 0.0585 0.1286 0.0188 0.1755 0.0642 0.0337 0.0746 0.1279 0.1098 
        D204  1 0.0541 0.0332 0.0323 0.0324 0.0200 0.0210 0.6788 0.0411 0.0151 0.0177 0.0233 0.0311 
     D237366  1 0.0457 0.0621 0.0472 0.0515 0.5674 0.0285 0.0141 0.0299 0.0178 0.0446 0.0468 0.0445 
     D237367  1 0.0380 0.0536 0.1607 0.0302 0.1161 0.0591 0.0234 0.0886 0.1348 0.0217 0.1196 0.1541 
     D237368  1 0.1223 0.0218 0.0774 0.1536 0.1656 0.0277 0.1442 0.0589 0.0305 0.0177 0.0743 0.1059 
     D244101  1 0.0592 0.1478 0.1433 0.0417 0.0270 0.0145 0.0704 0.1508 0.0108 0.0267 0.1531 0.1548 
     D244102  1 0.0305 0.3193 0.0825 0.0862 0.0291 0.0306 0.0320 0.1061 0.0742 0.0331 0.0893 0.0871 
     D244103  1 0.0231 0.0309 0.1566 0.0907 0.2234 0.0320 0.0187 0.0501 0.0367 0.0528 0.1503 0.1346 
     D244104  1 0.0241 0.0205 0.0339 0.0216 0.0141 0.3878 0.3835 0.0159 0.0289 0.0184 0.0252 0.0261 
     D244105  1 0.2076 0.0536 0.1432 0.0229 0.0740 0.0637 0.0064 0.0217 0.0219 0.0258 0.1886 0.1705 
     D244106  1 0.0156 0.1238 0.0644 0.3973 0.0169 0.0118 0.1263 0.0504 0.0114 0.0845 0.0483 0.0492 
     D244107  1 0.0148 0.0272 0.1105 0.0168 0.2899 0.0266 0.0171 0.1660 0.0861 0.0186 0.1282 0.0982 
     D244108  1 0.3878 0.0279 0.0534 0.1625 0.0149 0.0219 0.0198 0.0693 0.0155 0.1147 0.0704 0.0420 
     D244113  1 0.0181 0.0138 0.0269 0.7204 0.0471 0.0171 0.0075 0.0282 0.0176 0.0350 0.0290 0.0395 
     D244114  1 0.0277 0.1626 0.1499 0.1121 0.0932 0.0224 0.0127 0.0305 0.0097 0.0604 0.1621 0.1566 
     D244115  1 0.0268 0.0946 0.1140 0.1332 0.0126 0.0205 0.2322 0.0509 0.0240 0.0597 0.1350 0.0966 
     D267365  1 0.0336 0.3632 0.0832 0.0861 0.0606 0.0199 0.0421 0.0745 0.0304 0.0411 0.0820 0.0833 
        D404  1 0.0137 0.0153 0.0365 0.7214 0.0201 0.0151 0.0239 0.0230 0.0208 0.0435 0.0406 0.0262 
        D405  1 0.0087 0.1210 0.0874 0.1593 0.0377 0.0376 0.0961 0.1180 0.0385 0.1349 0.0743 0.0866 
        D406  1 0.9186 0.0080 0.0079 0.0085 0.0077 0.0064 0.0074 0.0078 0.0073 0.0072 0.0068 0.0063 
        D407  1 0.0240 0.0164 0.1215 0.0507 0.2243 0.0229 0.2357 0.0737 0.0137 0.0372 0.0892 0.0907 
        D408  1 0.0086 0.0201 0.0354 0.6931 0.0214 0.0424 0.0361 0.0190 0.0171 0.0248 0.0519 0.0301 
        D409  1 0.0303 0.0451 0.1914 0.0832 0.0586 0.0381 0.0716 0.0710 0.0187 0.0583 0.1650 0.1688 
        D410  1 0.0664 0.1693 0.0547 0.0234 0.0269 0.0123 0.0207 0.4638 0.0169 0.0149 0.0592 0.0715 
        D421  1 0.0080 0.0150 0.0397 0.0267 0.0476 0.0237 0.7164 0.0273 0.0106 0.0112 0.0260 0.0476 
        D422  1 0.0579 0.0246 0.1503 0.0166 0.2243 0.0109 0.0279 0.1074 0.0181 0.0573 0.1712 0.1336 
        D423  1 0.0462 0.0404 0.1428 0.0160 0.1453 0.0197 0.0229 0.2385 0.0263 0.0165 0.1342 0.1512 
        D424  1 0.0204 0.0470 0.0939 0.1316 0.0218 0.0180 0.4076 0.0258 0.0124 0.0135 0.1051 0.1030 
        D425  1 0.0184 0.0743 0.2227 0.0773 0.0594 0.0679 0.0221 0.0694 0.0134 0.0134 0.1820 0.1797 
        D426  1 0.0172 0.0232 0.2350 0.1009 0.1181 0.0280 0.0179 0.0364 0.0095 0.0452 0.1660 0.2027 
        D427  1 0.0060 0.0221 0.0933 0.0566 0.0212 0.0530 0.5238 0.0217 0.0102 0.0385 0.0874 0.0663 
        D428  1 0.0472 0.0432 0.1124 0.2949 0.0700 0.0273 0.1095 0.0482 0.0155 0.0410 0.0949 0.0958 
        D429  1 0.0102 0.3330 0.0241 0.0970 0.0103 0.0092 0.3881 0.0462 0.0097 0.0282 0.0233 0.0206 
        D430  1 0.0103 0.0561 0.1351 0.2969 0.0424 0.0239 0.0908 0.0259 0.0190 0.0643 0.1198 0.1154 
        D491  1 0.0885 0.0344 0.0700 0.5335 0.0175 0.0411 0.0430 0.0174 0.0340 0.0181 0.0499 0.0526 
        D492  1 0.0792 0.0407 0.0781 0.1668 0.0770 0.0167 0.2782 0.1048 0.0158 0.0239 0.0700 0.0487 
        D537  1 0.3532 0.0366 0.0858 0.0438 0.0858 0.0268 0.0819 0.0671 0.0172 0.0231 0.0824 0.0964 
        D538  1 0.0954 0.0300 0.0922 0.2293 0.0896 0.0212 0.0460 0.0691 0.0971 0.0276 0.0882 0.1145 
        D539  1 0.1295 0.1371 0.0758 0.0957 0.0125 0.0252 0.0347 0.0447 0.0470 0.2363 0.0826 0.0789 
        D540  1 0.0103 0.1716 0.1858 0.0364 0.0594 0.0677 0.0296 0.1243 0.0235 0.0145 0.1378 0.1391 
        D541  1 0.0086 0.0118 0.0122 0.0091 0.0094 0.0095 0.8858 0.0114 0.0102 0.0093 0.0099 0.0126 
        D551  1 0.0240 0.0409 0.1963 0.0429 0.0875 0.0130 0.0117 0.0208 0.0101 0.0483 0.2393 0.2653 
        D552  1 0.5572 0.0983 0.0280 0.0652 0.0137 0.0465 0.0282 0.0507 0.0245 0.0233 0.0314 0.0330 
        D553  1 0.0113 0.0621 0.0758 0.0299 0.0436 0.0582 0.4885 0.0271 0.0389 0.0149 0.0717 0.0782 
        D615  1 0.0169 0.0604 0.0523 0.0525 0.0194 0.0249 0.4754 0.0460 0.0419 0.0943 0.0580 0.0582 
        D616  1 0.0264 0.0340 0.0754 0.0117 0.0225 0.0222 0.5730 0.0373 0.0255 0.0451 0.0633 0.0636 
        D621  1 0.7394 0.0172 0.0236 0.0508 0.0129 0.0255 0.0090 0.0214 0.0162 0.0378 0.0238 0.0224 
        D622  1 0.7887 0.0184 0.0189 0.0179 0.0194 0.0226 0.0144 0.0244 0.0164 0.0109 0.0224 0.0256 
        D623  1 0.0306 0.0726 0.1040 0.3153 0.0389 0.0179 0.0175 0.1368 0.0177 0.0586 0.0911 0.0990 
        D624  1 0.0172 0.0240 0.0947 0.2833 0.0186 0.0489 0.1437 0.0150 0.0212 0.0423 0.1636 0.1274 
        D625  1 0.0899 0.0213 0.0348 0.0157 0.0164 0.0096 0.6256 0.0134 0.0875 0.0253 0.0276 0.0329 
        D626  1 0.0151 0.0234 0.0371 0.0680 0.0426 0.6342 0.0244 0.0188 0.0379 0.0151 0.0400 0.0433 
        D627  1 0.0363 0.0243 0.1792 0.0809 0.1037 0.0190 0.0591 0.0359 0.0262 0.0263 0.1839 0.2255 
        D690  1 0.0138 0.0236 0.0157 0.0818 0.0170 0.0181 0.7438 0.0163 0.0263 0.0100 0.0172 0.0164 
        D691  1 0.8240 0.0133 0.0146 0.0114 0.0181 0.0110 0.0308 0.0146 0.0140 0.0177 0.0164 0.0142 
        D710  1 0.0162 0.0276 0.1206 0.1602 0.1366 0.1370 0.0724 0.0515 0.0404 0.0121 0.0977 0.1278 
        D711  1 0.0193 0.0311 0.0179 0.0271 0.0204 0.0065 0.7823 0.0258 0.0121 0.0222 0.0163 0.0190 
        D712  1 0.0392 0.0660 0.0404 0.4694 0.1002 0.0889 0.0096 0.0334 0.0417 0.0238 0.0380 0.0494 
        D713  1 0.2199 0.0314 0.1259 0.2314 0.0645 0.0129 0.0200 0.0368 0.0183 0.0316 0.0919 0.1154 
        D746  1 0.7457 0.0146 0.0170 0.0134 0.0259 0.0204 0.0820 0.0198 0.0128 0.0133 0.0192 0.0159 
        D747  1 0.0082 0.0145 0.0108 0.0096 0.0124 0.0096 0.8680 0.0197 0.0093 0.0116 0.0141 0.0123 
        D748  1 0.7999 0.0152 0.0213 0.0148 0.0126 0.0209 0.0462 0.0126 0.0151 0.0137 0.0151 0.0126 
        D749  1 0.1134 0.0302 0.2042 0.0397 0.0470 0.0236 0.0215 0.0662 0.0149 0.0642 0.1954 0.1799 
        D750  1 0.0196 0.0261 0.0272 0.3694 0.0134 0.0138 0.4114 0.0260 0.0121 0.0305 0.0231 0.0274 
        D763  1 0.1977 0.0824 0.1056 0.0130 0.0513 0.1265 0.0248 0.0315 0.0346 0.0852 0.1381 0.1093 
        D764  1 0.0169 0.0149 0.0201 0.2720 0.0127 0.0135 0.5642 0.0116 0.0146 0.0085 0.0298 0.0213 
        D765  1 0.0320 0.1886 0.1681 0.0529 0.0435 0.0363 0.0108 0.1578 0.0230 0.0187 0.1403 0.1281 
        D766  1 0.7990 0.0153 0.0201 0.0198 0.0292 0.0278 0.0090 0.0171 0.0177 0.0128 0.0168 0.0155 
        D767  1 0.0609 0.0792 0.0915 0.0272 0.1353 0.0208 0.0677 0.1269 0.1342 0.0436 0.1022 0.1105 
        D768  1 0.0604 0.0536 0.1227 0.0152 0.0697 0.0348 0.3454 0.0392 0.0187 0.0291 0.0969 0.1144 
        D811  1 0.0161 0.0171 0.0592 0.2393 0.0137 0.4146 0.0098 0.0267 0.0333 0.0353 0.0723 0.0625 
        D816  1 0.0096 0.4457 0.0190 0.0556 0.0262 0.0084 0.2907 0.0825 0.0096 0.0105 0.0182 0.0242 
        D825  1 0.0265 0.2238 0.0741 0.2613 0.0243 0.0435 0.0374 0.0518 0.0678 0.0179 0.0916 0.0798 
        D866  1 0.0167 0.0641 0.0932 0.0424 0.0185 0.0389 0.0497 0.1224 0.0402 0.3059 0.1065 0.1015 
        D867  1 0.0660 0.0342 0.0680 0.0232 0.4879 0.0153 0.0086 0.0852 0.0083 0.0341 0.0968 0.0724 
        D871  1 0.0507 0.0215 0.1603 0.2430 0.0836 0.0184 0.0654 0.0489 0.0304 0.0320 0.1333 0.1124 
        D872  1 0.7033 0.0117 0.0227 0.0164 0.0291 0.0261 0.0366 0.0260 0.0443 0.0341 0.0275 0.0223 
        D873  1 0.0091 0.0883 0.0498 0.0170 0.0151 0.0089 0.0094 0.6758 0.0408 0.0222 0.0389 0.0247 
        D874  1 0.0371 0.2431 0.0459 0.3249 0.0200 0.0193 0.0371 0.1486 0.0108 0.0234 0.0440 0.0458 
        D875  1 0.4421 0.0212 0.1073 0.0738 0.0619 0.0074 0.0185 0.0339 0.0205 0.0214 0.0954 0.0966 
        D876  1 0.6293 0.0319 0.0204 0.0924 0.0168 0.0464 0.0363 0.0148 0.0263 0.0255 0.0282 0.0318 
        D877  1 0.0186 0.0300 0.0736 0.5544 0.0183 0.0144 0.0238 0.0278 0.0183 0.0920 0.0584 0.0704 
        D892  1 0.6121 0.0261 0.0220 0.1278 0.0596 0.0128 0.0430 0.0133 0.0169 0.0140 0.0304 0.0221 
        D893  1 0.0741 0.2347 0.0773 0.0420 0.1525 0.0382 0.0797 0.1025 0.0273 0.0198 0.0755 0.0764 
        D894  1 0.0068 0.0145 0.0156 0.0182 0.0094 0.0062 0.8658 0.0105 0.0129 0.0131 0.0139 0.0131 
        D915  1 0.2170 0.0772 0.0769 0.0443 0.2193 0.0283 0.0334 0.1119 0.0451 0.0317 0.0619 0.0531 
        D916  1 0.0072 0.0076 0.0057 0.0073 0.0052 0.0054 0.9288 0.0060 0.0069 0.0051 0.0084 0.0064 
        D917  1 0.0122 0.0519 0.1452 0.0764 0.1648 0.0347 0.0479 0.0596 0.1153 0.0444 0.1276 0.1200 
        D925  1 0.0487 0.1475 0.0856 0.0741 0.0267 0.0277 0.0890 0.2287 0.0812 0.0335 0.0856 0.0716 
        D926  1 0.0133 0.4755 0.0594 0.0391 0.0294 0.0158 0.1076 0.0953 0.0204 0.0187 0.0545 0.0710 
        D927  1 0.0206 0.3521 0.0620 0.0290 0.1720 0.0165 0.0457 0.0489 0.0209 0.0667 0.0948 0.0707 
        D928  1 0.0239 0.0181 0.0162 0.8021 0.0171 0.0179 0.0341 0.0139 0.0083 0.0084 0.0223 0.0177 
        D929  1 0.0355 0.0576 0.0789 0.1270 0.1364 0.0183 0.0141 0.0542 0.3003 0.0357 0.0663 0.0759 
        D936  1 0.0117 0.5281 0.0268 0.0137 0.0233 0.0113 0.1501 0.1365 0.0128 0.0206 0.0314 0.0337 
        D938  1 0.9104 0.0066 0.0098 0.0084 0.0065 0.0130 0.0073 0.0078 0.0079 0.0071 0.0076 0.0078 
        D956  1 0.0069 0.0202 0.0291 0.6540 0.0108 0.0119 0.1397 0.0204 0.0146 0.0402 0.0255 0.0268 
        D957  1 0.6426 0.0384 0.0312 0.0175 0.0179 0.0125 0.0272 0.0829 0.0331 0.0313 0.0271 0.0384 
        D958  1 0.9065 0.0081 0.0075 0.0136 0.0073 0.0097 0.0111 0.0068 0.0077 0.0062 0.0076 0.0080 
        D959  1 0.0115 0.0206 0.1653 0.0633 0.3157 0.0228 0.1266 0.0795 0.0078 0.0135 0.0748 0.0986 
        D960  1 0.5113 0.0303 0.0413 0.0323 0.0303 0.0067 0.0153 0.2090 0.0122 0.0300 0.0391 0.0421 
        D989  1 0.0273 0.1107 0.0932 0.2902 0.0864 0.0788 0.0325 0.0279 0.0133 0.0362 0.1164 0.0871 
        D990  1 0.0257 0.1004 0.0775 0.0150 0.0251 0.0112 0.0104 0.4715 0.1111 0.0097 0.0635 0.0789 
        D211  3 0.0120 0.0116 0.0186 0.0161 0.0567 0.0299 0.0194 0.0128 0.7631 0.0203 0.0195 0.0200 
     D229639  3 0.0108 0.0759 0.1328 0.0542 0.0179 0.1680 0.0949 0.0266 0.0748 0.0732 0.1234 0.1475 
     D237212  3 0.0128 0.0484 0.1079 0.0244 0.0758 0.0463 0.1020 0.1750 0.0894 0.1455 0.0718 0.1007 
     D237213  3 0.0372 0.0616 0.0601 0.0134 0.0365 0.1228 0.0085 0.0933 0.2667 0.1563 0.0714 0.0723 
     D237214  3 0.0160 0.0094 0.0104 0.0143 0.8807 0.0067 0.0117 0.0089 0.0086 0.0084 0.0116 0.0133 
     D237215  3 0.0090 0.0799 0.0788 0.0347 0.0145 0.0295 0.0088 0.1573 0.0410 0.3711 0.0881 0.0873 
     D237216  3 0.0141 0.0522 0.1417 0.0321 0.0705 0.0763 0.0144 0.0382 0.0365 0.0328 0.2383 0.2529 
     D237217  3 0.0486 0.0577 0.1307 0.0091 0.1292 0.0323 0.0131 0.0334 0.2555 0.0304 0.1541 0.1058 
     D237218  3 0.0322 0.4341 0.0670 0.0178 0.0160 0.0251 0.0337 0.1719 0.0372 0.0282 0.0729 0.0639 
     D237219  3 0.0317 0.0528 0.0592 0.0114 0.0190 0.5034 0.0140 0.0493 0.1498 0.0206 0.0413 0.0477 
     D237382  3 0.1287 0.0316 0.0554 0.2155 0.0622 0.0508 0.0330 0.0694 0.0637 0.1742 0.0634 0.0521 
     D244127  3 0.0209 0.1520 0.0582 0.0133 0.0331 0.0404 0.0079 0.3893 0.0774 0.0601 0.0797 0.0679 
     D244129  3 0.0557 0.0279 0.1267 0.0629 0.1239 0.0700 0.0933 0.0600 0.1087 0.0449 0.1156 0.1103 
     D244133  3 0.0164 0.0165 0.0468 0.0253 0.0268 0.6569 0.0544 0.0233 0.0116 0.0387 0.0472 0.0362 
     D244134  3 0.0577 0.0353 0.0534 0.0276 0.0180 0.4083 0.0136 0.0492 0.1878 0.0281 0.0539 0.0670 
     D244135  3 0.0128 0.0132 0.0334 0.0110 0.7012 0.0157 0.0204 0.0273 0.0748 0.0181 0.0215 0.0508 
     D244136  3 0.0486 0.0213 0.0843 0.1725 0.0383 0.3069 0.0606 0.0534 0.0156 0.0358 0.0824 0.0803 
        D416  3 0.0087 0.0743 0.0968 0.0284 0.0782 0.2723 0.0268 0.0441 0.0378 0.1307 0.1136 0.0882 
        D417  3 0.1137 0.2324 0.1232 0.0422 0.0156 0.0394 0.1317 0.0519 0.0209 0.0386 0.1144 0.0759 
        D419  3 0.1542 0.0721 0.0931 0.0156 0.0262 0.1773 0.0442 0.1018 0.0652 0.0680 0.0918 0.0906 
        D565  3 0.0203 0.0675 0.0469 0.6331 0.0143 0.0435 0.0237 0.0401 0.0147 0.0173 0.0445 0.0342 
        D566  3 0.0114 0.0331 0.0703 0.4017 0.0162 0.0610 0.0510 0.0310 0.0165 0.1340 0.0853 0.0884 
        D567  3 0.0681 0.0976 0.0911 0.0187 0.0527 0.0368 0.2410 0.0990 0.0845 0.0681 0.0810 0.0614 
        D568  3 0.1880 0.1225 0.0653 0.0102 0.0234 0.0855 0.0479 0.0684 0.0800 0.0909 0.0938 0.1241 
        D569  3 0.0105 0.0292 0.0986 0.0376 0.2273 0.0254 0.0174 0.1882 0.0597 0.0753 0.1306 0.1002 
        D573  3 0.0064 0.0362 0.1149 0.0155 0.0148 0.0299 0.3836 0.0846 0.0214 0.0232 0.1079 0.1615 
        D574  3 0.0281 0.0624 0.0961 0.4323 0.0620 0.0324 0.0079 0.0585 0.0499 0.0378 0.0689 0.0637 
        D575  3 0.0089 0.0067 0.0112 0.0068 0.0117 0.8597 0.0062 0.0071 0.0494 0.0119 0.0091 0.0113 
        D576  3 0.0058 0.0659 0.0697 0.0327 0.0414 0.0923 0.0052 0.1240 0.0478 0.3212 0.0961 0.0979 
        D577  3 0.1291 0.0527 0.0787 0.0332 0.0703 0.0723 0.1138 0.0205 0.2131 0.0448 0.0791 0.0925 
        D578  3 0.0112 0.0124 0.0116 0.0077 0.8989 0.0099 0.0053 0.0078 0.0070 0.0083 0.0095 0.0104 
        D579  3 0.0216 0.1760 0.0872 0.1101 0.0248 0.0656 0.1331 0.1409 0.0267 0.0599 0.0697 0.0844 
        D660  3 0.0170 0.0484 0.0746 0.0180 0.2336 0.0394 0.0126 0.2958 0.0467 0.0667 0.0724 0.0746 
        D661  3 0.0292 0.5760 0.0266 0.0089 0.0160 0.0126 0.0106 0.0316 0.0100 0.2157 0.0333 0.0293 
        D663  3 0.0101 0.0469 0.2489 0.0565 0.0402 0.0114 0.0140 0.0293 0.0309 0.0454 0.2576 0.2087 
        D664  3 0.0344 0.0403 0.0970 0.0424 0.2135 0.1371 0.0099 0.1544 0.0783 0.0507 0.0679 0.0742 
        D665  3 0.0085 0.0121 0.0454 0.0083 0.0262 0.0437 0.0104 0.0359 0.6710 0.0399 0.0541 0.0446 
        D666  3 0.0217 0.0312 0.0186 0.0214 0.0222 0.7864 0.0088 0.0159 0.0123 0.0215 0.0198 0.0201 
        D502  6 0.0071 0.0236 0.0987 0.0098 0.0164 0.0243 0.0084 0.0406 0.3334 0.2890 0.0600 0.0887 
        D503  6 0.0336 0.0679 0.0938 0.0438 0.0191 0.0367 0.0244 0.0403 0.0237 0.3627 0.1288 0.1252 
        D504  6 0.0357 0.2018 0.0954 0.0739 0.0231 0.0218 0.1049 0.1461 0.0128 0.0744 0.1055 0.1048 
        D505  6 0.0109 0.0416 0.1022 0.2388 0.1047 0.0319 0.0443 0.0514 0.0263 0.1485 0.0903 0.1091 
        D506  6 0.0068 0.0171 0.0237 0.8103 0.0182 0.0146 0.0314 0.0116 0.0078 0.0094 0.0226 0.0267 
        D507  6 0.0227 0.1193 0.1957 0.0383 0.0153 0.0281 0.0201 0.0874 0.0346 0.0716 0.2054 0.1614 
        D508  6 0.0119 0.2648 0.0993 0.0274 0.0281 0.0198 0.0255 0.0876 0.0882 0.1294 0.1040 0.1141 
        D529  6 0.0266 0.0466 0.1139 0.0417 0.3186 0.0379 0.0437 0.0396 0.0440 0.0247 0.1338 0.1289 
        D530  6 0.0259 0.0183 0.0337 0.0411 0.0296 0.0194 0.0081 0.0564 0.1989 0.5029 0.0331 0.0326 
        D531  6 0.0201 0.0844 0.1309 0.0665 0.0290 0.0404 0.2418 0.0527 0.0404 0.0937 0.1000 0.1001 
        D532  6 0.0131 0.0968 0.0943 0.1731 0.0671 0.0181 0.0166 0.1767 0.0149 0.1064 0.1112 0.1118 
        D534  6 0.2587 0.1635 0.0790 0.0161 0.0333 0.0144 0.0230 0.1769 0.0411 0.0230 0.0883 0.0826 
        D535  6 0.0185 0.0490 0.1438 0.2628 0.0516 0.0595 0.0254 0.0437 0.0415 0.0220 0.1268 0.1554 
        D536  6 0.0079 0.0352 0.0727 0.0379 0.1091 0.0136 0.0195 0.0838 0.0154 0.4615 0.0741 0.0693 
        D554  6 0.0343 0.0440 0.1109 0.2768 0.0540 0.0297 0.0282 0.0595 0.0396 0.1191 0.0961 0.1078 
        D587  6 0.0469 0.0730 0.0810 0.4540 0.0238 0.0284 0.0513 0.0443 0.0208 0.0202 0.0811 0.0752 
        D588  6 0.0078 0.0304 0.2587 0.0369 0.0273 0.0220 0.0331 0.0358 0.0183 0.0214 0.2408 0.2675 
        D589  6 0.0150 0.0414 0.1793 0.0394 0.0233 0.0264 0.0364 0.0505 0.0334 0.2564 0.1331 0.1655 
        D590  6 0.0213 0.0462 0.1608 0.0475 0.0450 0.0143 0.0935 0.1806 0.0126 0.0530 0.1729 0.1523 
        D591  6 0.0701 0.0564 0.1023 0.0957 0.0445 0.2153 0.0258 0.0448 0.0325 0.0751 0.1248 0.1125 
        D592  6 0.2586 0.0587 0.0642 0.0420 0.0282 0.0190 0.1340 0.1299 0.0863 0.0357 0.0742 0.0691 
        D593  6 0.0090 0.0165 0.0196 0.0196 0.0120 0.0207 0.0064 0.0158 0.2973 0.5398 0.0189 0.0245 
        D682  6 0.0130 0.0234 0.0202 0.7732 0.0143 0.0208 0.0241 0.0213 0.0071 0.0173 0.0243 0.0410 
        D683  6 0.0192 0.1008 0.1224 0.0634 0.0366 0.0206 0.1213 0.0515 0.1426 0.0450 0.1299 0.1465 
        D684  6 0.0199 0.0852 0.1456 0.0146 0.0633 0.0148 0.0580 0.1136 0.1376 0.0654 0.1385 0.1434 
        D685  6 0.0138 0.0320 0.1848 0.0227 0.0281 0.0369 0.0118 0.0248 0.1077 0.0940 0.2387 0.2047 
        D686  6 0.0099 0.0623 0.0958 0.1283 0.0310 0.0111 0.0101 0.3071 0.0135 0.1534 0.0787 0.0990 
        D724  6 0.0248 0.3183 0.1039 0.0248 0.0184 0.0229 0.0283 0.0863 0.1445 0.0538 0.0843 0.0897 
        D725  6 0.0923 0.0372 0.1194 0.0297 0.0398 0.0454 0.0104 0.0554 0.1118 0.2332 0.1096 0.1158 
        D726  6 0.0261 0.0363 0.0240 0.7155 0.0266 0.0313 0.0325 0.0200 0.0115 0.0170 0.0318 0.0272 
        D727  6 0.0067 0.0287 0.2187 0.0570 0.1267 0.0331 0.0684 0.0968 0.0191 0.0211 0.1550 0.1686 
        D728  6 0.0220 0.0291 0.0756 0.4573 0.0153 0.1070 0.0182 0.0425 0.0420 0.0562 0.0745 0.0604 
        D729  6 0.0084 0.0463 0.1203 0.0263 0.1328 0.0086 0.0833 0.2957 0.0184 0.0168 0.1167 0.1265 
        D730  6 0.0101 0.5534 0.0488 0.0197 0.0176 0.0170 0.0175 0.1821 0.0271 0.0305 0.0335 0.0425 
        D731  6 0.0087 0.0233 0.0334 0.5033 0.0176 0.0882 0.0115 0.0209 0.0136 0.2098 0.0304 0.0394 
        D732  6 0.0279 0.0936 0.1314 0.0215 0.0441 0.0385 0.0710 0.1030 0.2350 0.0423 0.1064 0.0853 
        D733  6 0.1658 0.2038 0.0766 0.0490 0.0617 0.0604 0.0234 0.0787 0.0578 0.0839 0.0805 0.0584 
     D237251  7 0.0081 0.6091 0.0444 0.0129 0.0205 0.0571 0.0107 0.1225 0.0094 0.0273 0.0424 0.0358 
     D237252  7 0.0464 0.0528 0.0504 0.0122 0.0325 0.0690 0.0130 0.0416 0.0758 0.5150 0.0419 0.0494 
     D237253  7 0.0146 0.1152 0.1793 0.0689 0.0468 0.0404 0.0238 0.0318 0.0147 0.0689 0.2082 0.1873 
     D237254  7 0.0153 0.0104 0.0119 0.0066 0.8872 0.0071 0.0080 0.0085 0.0111 0.0125 0.0107 0.0108 
     D237255  7 0.0182 0.1488 0.1094 0.0597 0.0535 0.0947 0.0178 0.0369 0.0231 0.1718 0.1060 0.1603 
     D237256  7 0.0086 0.0459 0.2403 0.0319 0.0202 0.0268 0.0087 0.0549 0.0301 0.0582 0.2202 0.2544 
     D237257  7 0.0139 0.0460 0.1858 0.0540 0.1964 0.0156 0.0122 0.0486 0.0527 0.0256 0.1989 0.1503 
     D237282  7 0.1155 0.0517 0.1067 0.0130 0.1136 0.0222 0.2239 0.0645 0.0176 0.0422 0.1120 0.1170 
     D237283  7 0.0135 0.0114 0.0313 0.0125 0.0097 0.0538 0.0072 0.0153 0.7188 0.0823 0.0239 0.0203 
     D237284  7 0.0237 0.0498 0.0399 0.0227 0.5860 0.0246 0.0406 0.0372 0.0353 0.0237 0.0616 0.0549 
     D237285  7 0.0165 0.0449 0.0798 0.0594 0.0620 0.0190 0.0101 0.1018 0.1058 0.3460 0.0898 0.0650 
     D237286  7 0.0246 0.1406 0.1288 0.1666 0.0365 0.0225 0.0247 0.1827 0.0123 0.0354 0.1105 0.1149 
     D237287  7 0.0133 0.0527 0.1281 0.0380 0.0220 0.2750 0.0200 0.0541 0.0228 0.0217 0.1761 0.1762 
     D244006  7 0.0104 0.0136 0.0088 0.0091 0.8886 0.0079 0.0106 0.0112 0.0118 0.0091 0.0093 0.0096 
     D244007  7 0.0986 0.0709 0.1199 0.0636 0.1271 0.0195 0.0252 0.1602 0.0119 0.0315 0.1529 0.1187 
     D244008  7 0.0220 0.0117 0.0225 0.0137 0.0116 0.1011 0.0121 0.0111 0.7269 0.0305 0.0186 0.0181 
     D244009  7 0.5329 0.0896 0.0341 0.0311 0.0173 0.0226 0.0187 0.0297 0.1049 0.0411 0.0507 0.0273 
     D244010  7 0.0110 0.0190 0.0553 0.0270 0.0420 0.0397 0.0304 0.0438 0.5373 0.0634 0.0680 0.0632 
     D244011  7 0.0199 0.1510 0.1566 0.1289 0.0356 0.0176 0.0101 0.0976 0.0541 0.0581 0.1421 0.1284 
     D244012  7 0.0079 0.0291 0.0834 0.0251 0.0408 0.0284 0.0618 0.1195 0.3065 0.1462 0.0871 0.0643 
     D244013  7 0.0258 0.2964 0.0878 0.0520 0.0391 0.0251 0.0204 0.1885 0.0403 0.0988 0.0729 0.0529 
     D244014  7 0.0351 0.1371 0.1337 0.0211 0.0188 0.1640 0.0137 0.1434 0.0586 0.0223 0.1192 0.1330 
     D244015  7 0.0318 0.0624 0.1163 0.0147 0.0354 0.1162 0.0272 0.2375 0.0356 0.0286 0.1654 0.1289 
     D244125  7 0.0366 0.0998 0.1120 0.1058 0.0204 0.0835 0.0292 0.1637 0.0177 0.0933 0.1174 0.1206 
     D244126  7 0.0100 0.0145 0.0123 0.0071 0.0088 0.0097 0.0126 0.0160 0.8724 0.0128 0.0118 0.0121 
     D244130  7 0.0108 0.0844 0.0920 0.0095 0.0154 0.0092 0.0149 0.5290 0.0298 0.0420 0.0784 0.0846 
     D244131  7 0.0387 0.3155 0.0476 0.1324 0.0321 0.0140 0.0338 0.2497 0.0340 0.0189 0.0373 0.0460 
     D244132  7 0.1484 0.2108 0.0988 0.0900 0.0152 0.0422 0.0174 0.1251 0.0171 0.0308 0.1049 0.0992 
        D520  7 0.0235 0.0270 0.1047 0.0377 0.0410 0.0491 0.0132 0.0224 0.3074 0.1049 0.1340 0.1351 
        D521  7 0.0350 0.1323 0.0836 0.0392 0.0658 0.0213 0.0252 0.1755 0.0783 0.1808 0.1015 0.0615 
        D522  7 0.5798 0.0865 0.0314 0.0616 0.0170 0.0407 0.0160 0.0697 0.0170 0.0129 0.0333 0.0340 
        D523  7 0.0171 0.4772 0.0622 0.0341 0.0126 0.0332 0.0133 0.0394 0.0146 0.1652 0.0624 0.0687 
        D524  7 0.0300 0.3992 0.0803 0.0448 0.0355 0.0417 0.0182 0.1107 0.0385 0.0438 0.0842 0.0729 
        D525  7 0.0404 0.0362 0.1257 0.0454 0.0510 0.0142 0.0762 0.1656 0.0418 0.0941 0.1562 0.1531 
        D526  7 0.0390 0.0206 0.0377 0.0129 0.6502 0.0547 0.0281 0.0235 0.0574 0.0140 0.0290 0.0330 
        D527  7 0.0092 0.5866 0.0317 0.0217 0.0113 0.0324 0.0628 0.1312 0.0145 0.0235 0.0312 0.0439 
        D528  7 0.0092 0.0093 0.2326 0.0093 0.0154 0.0064 0.0112 0.0086 0.0300 0.0102 0.3018 0.3560 
        D558  7 0.0672 0.0524 0.0438 0.0247 0.1298 0.0251 0.0809 0.3670 0.0389 0.0562 0.0480 0.0658 
        D559  7 0.0145 0.4736 0.0419 0.0125 0.0285 0.0121 0.0229 0.2774 0.0159 0.0392 0.0303 0.0310 
        D640  7 0.0223 0.2230 0.1262 0.0312 0.0155 0.1324 0.0200 0.1933 0.0213 0.0272 0.1059 0.0817 
        D641  7 0.0181 0.0606 0.0996 0.0606 0.0669 0.2134 0.0077 0.0933 0.1102 0.0681 0.0923 0.1093 
        D642  7 0.0594 0.0557 0.0827 0.0476 0.0650 0.0100 0.0126 0.4262 0.0202 0.0452 0.1076 0.0678 
        D644  7 0.0346 0.1256 0.1011 0.0672 0.0496 0.0442 0.0215 0.0919 0.2322 0.0420 0.0833 0.1068 
        D645  7 0.0196 0.1724 0.0946 0.0240 0.0172 0.2473 0.0400 0.0479 0.0354 0.0995 0.1168 0.0854 
        D662  7 0.1047 0.1904 0.0628 0.0729 0.0140 0.0186 0.0421 0.3759 0.0092 0.0135 0.0418 0.0542 
        D687  7 0.0291 0.3397 0.0904 0.0632 0.0104 0.0331 0.0223 0.1160 0.0312 0.0701 0.0989 0.0958 
        D688  7 0.0104 0.0614 0.0768 0.0102 0.1361 0.0125 0.0415 0.2499 0.0812 0.0906 0.1083 0.1211 
        D689  7 0.0091 0.0170 0.0128 0.0165 0.0079 0.8597 0.0192 0.0107 0.0140 0.0114 0.0099 0.0118 
        D700  7 0.0080 0.0102 0.2741 0.0201 0.0129 0.0069 0.0068 0.0109 0.0087 0.0085 0.3243 0.3086 
        D797  7 0.0588 0.2325 0.0968 0.1119 0.0224 0.0572 0.0848 0.0619 0.0232 0.0946 0.0769 0.0790 
        D798  7 0.0199 0.1355 0.1070 0.0212 0.0115 0.1152 0.0135 0.3086 0.0501 0.0301 0.0832 0.1042 
        D799  7 0.0070 0.5488 0.0619 0.0112 0.0206 0.0288 0.0107 0.1532 0.0281 0.0248 0.0413 0.0636 
        D800  7 0.0228 0.1502 0.0739 0.0347 0.0376 0.0238 0.3493 0.0214 0.0117 0.0845 0.0974 0.0928 
        D201  9 0.0536 0.4409 0.0594 0.0102 0.0233 0.0220 0.0158 0.0210 0.0165 0.2170 0.0634 0.0568 
        D202  9 0.0059 0.0972 0.0556 0.0253 0.0122 0.0110 0.0086 0.1242 0.1682 0.3660 0.0749 0.0510 
     D237259  9 0.0104 0.0273 0.2105 0.0176 0.0129 0.0495 0.0097 0.0487 0.0404 0.0365 0.2718 0.2646 
     D237260  9 0.0104 0.0625 0.1152 0.0467 0.1198 0.0150 0.0160 0.0334 0.0235 0.3127 0.1059 0.1391 
     D237262  9 0.0238 0.0223 0.0258 0.0221 0.0941 0.0123 0.0170 0.0209 0.6721 0.0136 0.0299 0.0462 
     D237263  9 0.0166 0.2447 0.0462 0.0128 0.0491 0.0108 0.0877 0.1089 0.2188 0.0728 0.0668 0.0647 
     D237264  9 0.0250 0.0432 0.1140 0.0506 0.0949 0.0190 0.0486 0.0589 0.0377 0.2633 0.1324 0.1121 
     D237265  9 0.0100 0.0196 0.0302 0.0260 0.0116 0.0113 0.0156 0.0203 0.0297 0.7603 0.0319 0.0336 
     D237266  9 0.0074 0.0743 0.0829 0.0124 0.0284 0.1037 0.0461 0.3918 0.0386 0.0520 0.0846 0.0778 
     D237267  9 0.0062 0.0151 0.1492 0.1708 0.0919 0.0562 0.0143 0.0262 0.0938 0.0618 0.1749 0.1397 
     D237268  9 0.0144 0.0210 0.0195 0.0133 0.0144 0.0117 0.0249 0.0185 0.7980 0.0235 0.0213 0.0196 
     D237289  9 0.0252 0.0230 0.0387 0.0365 0.0127 0.0249 0.0178 0.0190 0.0419 0.7005 0.0342 0.0255 
     D237290  9 0.0095 0.0241 0.0297 0.0102 0.0119 0.0236 0.0398 0.0332 0.0679 0.6771 0.0348 0.0382 
     D237291  9 0.0098 0.3479 0.0915 0.0391 0.0380 0.0153 0.0087 0.1740 0.0079 0.1004 0.0756 0.0918 
     D237292  9 0.0211 0.0205 0.0610 0.0167 0.0711 0.0079 0.0230 0.0287 0.0174 0.6005 0.0600 0.0719 
     D237293  9 0.0169 0.0451 0.0587 0.0221 0.0278 0.1281 0.0103 0.0650 0.1355 0.3835 0.0375 0.0695 
     D237294  9 0.0439 0.3106 0.0742 0.0633 0.0613 0.0142 0.0145 0.0220 0.0244 0.1934 0.1052 0.0730 
     D237295  9 0.0472 0.0597 0.0736 0.1026 0.0559 0.0707 0.2231 0.0359 0.1469 0.0397 0.0757 0.0688 
     D237296  9 0.0446 0.1011 0.1533 0.0498 0.0564 0.0491 0.0170 0.0564 0.0128 0.0466 0.1927 0.2203 
     D237297  9 0.0159 0.0837 0.1569 0.1003 0.0385 0.0208 0.0150 0.2006 0.0330 0.0840 0.1211 0.1301 
     D237298  9 0.0322 0.3593 0.0532 0.0136 0.0264 0.0457 0.0348 0.2003 0.1020 0.0274 0.0538 0.0513 
     D237341  9 0.0460 0.1265 0.1227 0.0210 0.0422 0.0448 0.0250 0.1974 0.0288 0.0624 0.1579 0.1254 
     D237342  9 0.0076 0.0225 0.0261 0.0522 0.0119 0.0112 0.0148 0.0257 0.7472 0.0290 0.0250 0.0268 
     D237343  9 0.0172 0.1130 0.1297 0.0555 0.1187 0.0277 0.0235 0.1264 0.0279 0.0376 0.1845 0.1382 
     D237344  9 0.0213 0.0705 0.1171 0.0877 0.0581 0.1011 0.0309 0.1621 0.0338 0.1249 0.0964 0.0961 
     D237345  9 0.2152 0.0445 0.0419 0.0115 0.0675 0.0115 0.0235 0.0381 0.3572 0.0786 0.0530 0.0576 
     D237346  9 0.0521 0.0699 0.1838 0.0356 0.0168 0.0444 0.0136 0.0856 0.0482 0.0736 0.2007 0.1757 
     D237347  9 0.0168 0.1206 0.0956 0.2566 0.0321 0.0357 0.0232 0.1461 0.0323 0.0247 0.1287 0.0875 
     D237348  9 0.0294 0.0421 0.0664 0.0338 0.0653 0.0508 0.0252 0.1631 0.2394 0.1818 0.0467 0.0562 
     D237349  9 0.0574 0.1379 0.0528 0.0173 0.0275 0.0148 0.0639 0.4553 0.0085 0.0537 0.0531 0.0579 
     D244109  9 0.0149 0.0225 0.0397 0.0121 0.5514 0.0152 0.0352 0.0588 0.0213 0.0804 0.0777 0.0707 
     D244110  9 0.0224 0.0347 0.0892 0.0325 0.2211 0.0480 0.0308 0.0427 0.0276 0.2298 0.1205 0.1007 
     D244111  9 0.0212 0.1609 0.0567 0.0492 0.0458 0.0487 0.0144 0.3400 0.0522 0.0692 0.0788 0.0628 
     D244128  9 0.0110 0.0378 0.0300 0.0193 0.0246 0.0111 0.0197 0.0263 0.7156 0.0376 0.0374 0.0294 
     D244137  9 0.0580 0.1563 0.0409 0.0409 0.0388 0.0174 0.2833 0.1820 0.0262 0.0356 0.0590 0.0615 
     D244138  9 0.0216 0.1319 0.1614 0.0221 0.0301 0.0175 0.0216 0.1771 0.0527 0.0844 0.1329 0.1467 
        D580  9 0.2697 0.0305 0.0762 0.0340 0.0211 0.0439 0.0078 0.0477 0.2302 0.0930 0.0625 0.0833 
        D581  9 0.0213 0.0121 0.0098 0.0081 0.0113 0.0097 0.0124 0.0188 0.0219 0.8406 0.0172 0.0168 
        D582  9 0.0124 0.0148 0.0111 0.0099 0.0169 0.0084 0.0096 0.0101 0.8720 0.0111 0.0131 0.0107 
        D583  9 0.0216 0.2273 0.0701 0.0130 0.0337 0.0472 0.0166 0.1413 0.0240 0.2410 0.0805 0.0839 
        D584  9 0.0401 0.0393 0.0795 0.0750 0.0290 0.0373 0.0142 0.1702 0.0949 0.2055 0.0957 0.1193 
        D585  9 0.0156 0.0251 0.0452 0.0218 0.0134 0.0148 0.0296 0.0274 0.6787 0.0324 0.0460 0.0500 
        D586  9 0.0121 0.1245 0.1749 0.0514 0.0199 0.0327 0.0343 0.1126 0.0145 0.0941 0.1835 0.1453 
        D651  9 0.1048 0.0169 0.0267 0.0121 0.0218 0.6890 0.0344 0.0120 0.0241 0.0134 0.0222 0.0226 
        D652  9 0.0297 0.2674 0.0504 0.0238 0.0275 0.0128 0.0504 0.3753 0.0151 0.0364 0.0619 0.0492 
        D653  9 0.0334 0.0815 0.1687 0.0631 0.0301 0.0958 0.0154 0.1172 0.0666 0.0257 0.1555 0.1468 
        D654  9 0.0385 0.0633 0.1337 0.0226 0.0881 0.0514 0.0234 0.2358 0.0293 0.0221 0.1451 0.1466 
        D655  9 0.0125 0.0500 0.1061 0.0661 0.0171 0.2307 0.0293 0.1085 0.0262 0.0646 0.1305 0.1586 
        D656  9 0.0231 0.0302 0.1481 0.0317 0.3282 0.0190 0.0253 0.1254 0.0463 0.0242 0.0968 0.1016 
        D657  9 0.0419 0.0584 0.0815 0.0320 0.2654 0.0206 0.0110 0.1525 0.0347 0.1219 0.0822 0.0979 
        D667  9 0.0073 0.0090 0.0184 0.0172 0.0200 0.8471 0.0114 0.0103 0.0118 0.0161 0.0145 0.0169 
        D668  9 0.0837 0.0280 0.1007 0.0208 0.0167 0.1809 0.0112 0.0641 0.1753 0.1000 0.1019 0.1166 
        D669  9 0.0352 0.0691 0.0534 0.0133 0.0227 0.0204 0.0196 0.0134 0.0294 0.6330 0.0486 0.0418 
        D670  9 0.0153 0.0439 0.2412 0.0247 0.0383 0.2287 0.0150 0.0216 0.0172 0.0174 0.1919 0.1450 
        D671  9 0.0476 0.0732 0.0799 0.0200 0.0389 0.0137 0.0365 0.1245 0.0125 0.4000 0.0679 0.0853 
        D672  9 0.0783 0.1138 0.0721 0.0169 0.0154 0.0628 0.0457 0.0336 0.3663 0.0618 0.0748 0.0585 
        D673  9 0.1036 0.0593 0.0802 0.0540 0.0118 0.3641 0.0136 0.0368 0.0905 0.0276 0.0777 0.0810 
        D692  9 0.0151 0.0213 0.1154 0.0461 0.1424 0.0177 0.0272 0.1483 0.1491 0.0758 0.1008 0.1408 
        D693  9 0.0617 0.0201 0.0472 0.0370 0.0255 0.6009 0.0126 0.0340 0.0383 0.0409 0.0355 0.0463 
        D694  9 0.0218 0.0223 0.0956 0.0319 0.3285 0.0111 0.0115 0.0375 0.1249 0.0566 0.1320 0.1263 
        D695  9 0.1306 0.0544 0.1008 0.0163 0.0203 0.1117 0.0959 0.0643 0.1391 0.0497 0.1127 0.1042 
        D696  9 0.0235 0.0127 0.0116 0.8541 0.0109 0.0115 0.0131 0.0133 0.0096 0.0133 0.0116 0.0148 
        D697  9 0.0208 0.0162 0.0150 0.0161 0.0099 0.8432 0.0109 0.0178 0.0096 0.0135 0.0124 0.0146 
        D698  9 0.0211 0.0235 0.1008 0.1615 0.0214 0.0969 0.0186 0.0280 0.1004 0.1902 0.1333 0.1042 
        D699  9 0.0215 0.0570 0.0389 0.1045 0.0128 0.3613 0.0068 0.0490 0.0696 0.2051 0.0382 0.0353 
        D787  9 0.0123 0.1414 0.0772 0.0212 0.0238 0.0586 0.0787 0.3869 0.0266 0.0323 0.0677 0.0733 
        D788  9 0.0151 0.0715 0.0478 0.0677 0.0132 0.3561 0.0091 0.0459 0.1699 0.1107 0.0481 0.0449 
        D789  9 0.0156 0.0260 0.0938 0.0802 0.1213 0.0379 0.0192 0.0937 0.1775 0.1217 0.1013 0.1117 
        D790  9 0.0318 0.0379 0.1039 0.0208 0.0186 0.4782 0.0155 0.1080 0.0159 0.0266 0.0795 0.0633 
        D791  9 0.0088 0.0671 0.0485 0.0416 0.0292 0.0143 0.0096 0.0402 0.0749 0.5595 0.0579 0.0484 
        D792  9 0.0220 0.0646 0.0971 0.0285 0.2435 0.0889 0.1443 0.0886 0.0115 0.0235 0.0873 0.1002 
        D793  9 0.0108 0.0148 0.0263 0.0334 0.0136 0.7813 0.0466 0.0098 0.0106 0.0112 0.0238 0.0178 
        D794  9 0.0367 0.0493 0.0713 0.0839 0.1502 0.2800 0.0652 0.0677 0.0252 0.0348 0.0651 0.0706 
        D795  9 0.0090 0.0406 0.0265 0.0363 0.0103 0.0228 0.0164 0.0296 0.7238 0.0371 0.0232 0.0243 
        D796  9 0.0093 0.0203 0.0329 0.0143 0.0084 0.7289 0.0083 0.0186 0.0544 0.0369 0.0333 0.0343 
        D005 12 0.0136 0.0196 0.0306 0.0267 0.7898 0.0082 0.0078 0.0202 0.0173 0.0150 0.0222 0.0289 
        D035 12 0.0098 0.0147 0.0141 0.0171 0.0088 0.8732 0.0086 0.0087 0.0093 0.0098 0.0121 0.0140 
        D067 12 0.0157 0.0951 0.1154 0.0387 0.0222 0.2856 0.0304 0.0333 0.0596 0.0429 0.1385 0.1228 
        D134 12 0.0087 0.0510 0.2172 0.0389 0.0482 0.0224 0.0242 0.0463 0.0685 0.0338 0.2339 0.2068 
        D135 12 0.0247 0.0513 0.2339 0.0240 0.0179 0.0317 0.0149 0.0427 0.0307 0.0712 0.1933 0.2637 
        D136 12 0.1003 0.0285 0.1482 0.0922 0.0686 0.0533 0.1035 0.0685 0.0236 0.0180 0.1397 0.1557 
        D137 12 0.0244 0.0541 0.1001 0.0172 0.0140 0.2991 0.0134 0.0305 0.0475 0.1526 0.1254 0.1217 
        D138 12 0.0447 0.1340 0.1621 0.0410 0.0225 0.1089 0.0516 0.0582 0.0211 0.0830 0.1310 0.1417 
        D139 12 0.0194 0.1420 0.1413 0.0357 0.0533 0.0236 0.0383 0.1359 0.0337 0.1220 0.1255 0.1294 
        D140 12 0.0214 0.0117 0.0307 0.0249 0.0112 0.7797 0.0203 0.0234 0.0114 0.0123 0.0221 0.0309 
        D141 12 0.2765 0.0207 0.0313 0.0101 0.0461 0.1446 0.0081 0.0238 0.3559 0.0151 0.0305 0.0373 
        D150 12 0.0072 0.0924 0.0903 0.0419 0.0446 0.0128 0.0135 0.4231 0.0204 0.0571 0.0879 0.1089 
        D177 12 0.0097 0.0244 0.2373 0.0396 0.0399 0.0371 0.0382 0.0408 0.0318 0.0264 0.2774 0.1976 
        D178 12 0.0514 0.0348 0.0777 0.0218 0.0630 0.0180 0.4000 0.0752 0.0161 0.0293 0.1027 0.1099 
        D179 12 0.0537 0.0456 0.1994 0.0823 0.0594 0.0732 0.0217 0.0293 0.0167 0.0250 0.2044 0.1892 
        D180 12 0.0112 0.0234 0.0714 0.0135 0.0720 0.3833 0.0126 0.0239 0.1867 0.0207 0.0909 0.0904 
        D187 12 0.0109 0.0364 0.0259 0.0302 0.0115 0.7272 0.0111 0.0194 0.0402 0.0194 0.0352 0.0327 
        D188 12 0.0790 0.0292 0.0767 0.0171 0.2782 0.0132 0.0103 0.0452 0.2263 0.0339 0.1244 0.0665 
        D191 12 0.1695 0.2779 0.0446 0.0329 0.0434 0.1041 0.0153 0.0782 0.0233 0.1073 0.0471 0.0565 
        D418 12 0.2177 0.1667 0.1013 0.0148 0.0336 0.0734 0.0127 0.0340 0.0343 0.1177 0.1034 0.0906 
        D601 12 0.0125 0.0150 0.0514 0.0175 0.3680 0.0223 0.0168 0.0226 0.3600 0.0196 0.0426 0.0516 
        D836 12 0.0099 0.0255 0.0218 0.0109 0.0281 0.2215 0.0130 0.0164 0.5889 0.0133 0.0234 0.0272 
        D837 12 0.0297 0.3281 0.0473 0.0436 0.0144 0.0264 0.0828 0.2487 0.0271 0.0606 0.0397 0.0516 
        D838 12 0.0124 0.1169 0.0291 0.0344 0.0080 0.6533 0.0194 0.0267 0.0123 0.0315 0.0306 0.0254 
        D839 12 0.0264 0.0814 0.0625 0.0219 0.0296 0.0238 0.0459 0.0361 0.0368 0.4908 0.0689 0.0759 
        D840 12 0.1038 0.2275 0.0709 0.0508 0.0352 0.1025 0.0205 0.1806 0.0309 0.0171 0.0808 0.0793 
        D841 12 0.0088 0.0194 0.0123 0.0122 0.0085 0.8837 0.0054 0.0090 0.0086 0.0099 0.0110 0.0112 
        D842 12 0.0993 0.1035 0.0323 0.0102 0.0288 0.0093 0.0100 0.5442 0.0191 0.0637 0.0421 0.0377 
        D843 12 0.0111 0.0576 0.1527 0.0877 0.0427 0.1528 0.0555 0.0492 0.0936 0.0497 0.1311 0.1163 
        D844 12 0.0248 0.5095 0.0307 0.0107 0.0496 0.0078 0.0289 0.0193 0.0178 0.2155 0.0502 0.0352 
        D912 12 0.0940 0.3125 0.0403 0.1566 0.0264 0.0260 0.0782 0.1659 0.0114 0.0285 0.0288 0.0312 
        D913 12 0.0119 0.0815 0.1916 0.0207 0.0333 0.0774 0.0437 0.0384 0.0106 0.1334 0.1634 0.1941 
        D914 12 0.0136 0.2955 0.0954 0.1160 0.0286 0.0357 0.0136 0.1768 0.0264 0.0249 0.0962 0.0773 
        D922 12 0.0207 0.0150 0.0207 0.0176 0.0121 0.7801 0.0150 0.0127 0.0466 0.0138 0.0235 0.0222 
        D939 12 0.0235 0.0386 0.0252 0.0244 0.0465 0.1574 0.0072 0.0222 0.5653 0.0267 0.0350 0.0281 
        D944 12 0.0293 0.0235 0.1948 0.0130 0.0390 0.0367 0.0311 0.0130 0.0057 0.0812 0.2840 0.2486 
        D945 12 0.0222 0.1246 0.1464 0.0305 0.0418 0.0846 0.0240 0.0831 0.0765 0.0352 0.1622 0.1690 
        D985 12 0.0785 0.0128 0.0996 0.0836 0.2356 0.0848 0.0310 0.0905 0.0327 0.0596 0.0938 0.0975 
        D986 12 0.0119 0.3116 0.1129 0.0263 0.0316 0.0082 0.0503 0.1287 0.0413 0.0230 0.1252 0.1291 
        D987 12 0.0495 0.3910 0.0641 0.0719 0.0509 0.0165 0.0157 0.1684 0.0146 0.0274 0.0671 0.0629 
        D988 12 0.0176 0.1013 0.1603 0.0997 0.0863 0.0246 0.0210 0.1241 0.0629 0.0275 0.1397 0.1350 
        D996 12 0.0132 0.1497 0.1010 0.0336 0.0658 0.1527 0.0230 0.1209 0.0162 0.0171 0.1595 0.1474 
        D997 12 0.0175 0.0471 0.0671 0.0390 0.0667 0.0687 0.0239 0.0425 0.3827 0.0333 0.1059 0.1055 
        D998 12 0.0116 0.0191 0.1949 0.0511 0.0151 0.1419 0.0181 0.0265 0.0197 0.0819 0.2214 0.1987 
        D999 12 0.0340 0.0637 0.0369 0.0293 0.0127 0.0177 0.0100 0.0513 0.0192 0.6301 0.0404 0.0548 
