1:    0.275 0.247 0.239 0.240 1    
2:    0.250 0.217 0.215 0.318 1    
3:    0.200 0.155 0.408 0.237 1    
4:    0.363 0.277 0.129 0.231 1    
5:    0.153 0.286 0.379 0.181 1    
6:    0.296 0.406 0.101 0.197 1    
7:    0.316 0.190 0.191 0.302 1    
8:    0.291 0.305 0.180 0.224 1    
9:    0.361 0.238 0.126 0.275 1    
10:   0.313 0.323 0.115 0.249 1    
11:   0.200 0.221 0.282 0.298 1    
12:   0.125 0.117 0.573 0.185 1    
13:   0.245 0.238 0.229 0.288 1    
14:   0.332 0.169 0.270 0.229 1    
15:   0.218 0.218 0.337 0.228 1    
16:   0.148 0.249 0.335 0.267 1    
17:   0.248 0.347 0.169 0.236 1    
18:   0.205 0.307 0.259 0.228 1    
19:   0.360 0.256 0.100 0.284 1    
20:   0.205 0.290 0.240 0.266 1    
21:   0.140 0.194 0.443 0.223 1    
22:   0.235 0.174 0.341 0.250 1    
23:   0.128 0.388 0.340 0.144 1    
24:   0.340 0.280 0.106 0.274 1    
25:   0.278 0.252 0.238 0.233 1    
26:   0.210 0.191 0.342 0.256 1    
27:   0.204 0.343 0.195 0.258 1    
28:   0.214 0.190 0.337 0.258 1    
29:   0.172 0.161 0.457 0.210 1    
30:   0.229 0.315 0.224 0.232 1    
31:   0.206 0.140 0.450 0.204 1    
32:   0.320 0.284 0.147 0.248 1    
33:   0.204 0.387 0.183 0.226 1    
34:   0.329 0.212 0.190 0.269 1    
35:   0.225 0.187 0.324 0.263 1    
36:   0.263 0.169 0.340 0.228 1    
37:   0.201 0.191 0.359 0.249 1    
38:   0.236 0.214 0.288 0.262 1    
39:   0.381 0.224 0.145 0.249 1    
40:   0.324 0.204 0.144 0.327 1    
41:   0.322 0.222 0.237 0.220 1    
42:   0.116 0.133 0.542 0.208 1    
43:   0.210 0.206 0.319 0.264 1    
44:   0.382 0.210 0.092 0.315 1    
45:   0.125 0.136 0.584 0.155 1    
46:   0.316 0.235 0.178 0.270 1    
47:   0.322 0.181 0.242 0.255 1    
48:   0.267 0.364 0.145 0.224 1    
49:   0.487 0.131 0.127 0.255 1    
50:   0.270 0.324 0.166 0.240 1    
51:   0.353 0.162 0.242 0.243 1    
52:   0.108 0.113 0.620 0.159 1    
53:   0.300 0.233 0.185 0.283 1    
54:   0.181 0.124 0.464 0.231 1    
55:   0.156 0.394 0.286 0.164 1    
56:   0.347 0.298 0.065 0.290 1    
57:   0.203 0.459 0.149 0.189 1    
58:   0.124 0.329 0.318 0.230 1    
59:   0.179 0.229 0.359 0.234 1    
60:   0.165 0.576 0.125 0.134 1    
61:   0.259 0.188 0.311 0.243 1    
62:   0.434 0.188 0.139 0.239 1    
63:   0.190 0.450 0.130 0.231 1    
64:   0.302 0.243 0.210 0.245 1    
65:   0.317 0.262 0.134 0.286 1    
66:   0.311 0.190 0.208 0.291 1    
67:   0.414 0.159 0.158 0.269 1    
68:   0.366 0.213 0.148 0.273 1    
69:   0.231 0.316 0.187 0.266 1    
70:   0.410 0.251 0.085 0.254 1    
71:   0.267 0.337 0.172 0.223 1    
72:   0.236 0.148 0.399 0.217 1    
73:   0.311 0.232 0.182 0.275 1    
74:   0.205 0.372 0.157 0.266 1    
75:   0.397 0.309 0.084 0.210 1    
76:   0.336 0.234 0.119 0.311 1    
77:   0.210 0.373 0.162 0.256 1    
78:   0.240 0.287 0.215 0.258 1    
79:   0.307 0.231 0.212 0.250 1    
80:   0.232 0.282 0.224 0.262 1    
81:   0.236 0.189 0.350 0.225 1    
82:   0.221 0.327 0.234 0.218 1    
83:   0.142 0.197 0.442 0.220 1    
84:   0.301 0.159 0.267 0.272 1    
85:   0.192 0.317 0.239 0.252 1    
86:   0.314 0.221 0.222 0.243 1    
87:   0.238 0.235 0.189 0.338 1    
88:   0.144 0.116 0.559 0.181 1    
89:   0.226 0.340 0.183 0.250 1    
90:   0.300 0.194 0.256 0.250 1    
91:   0.302 0.372 0.125 0.201 1    
92:   0.204 0.371 0.216 0.209 1    
93:   0.197 0.478 0.109 0.216 1    
94:   0.380 0.172 0.221 0.226 1    
95:   0.175 0.198 0.422 0.206 1    
96:   0.411 0.224 0.131 0.234 1    
97:   0.402 0.183 0.107 0.308 1    
98:   0.316 0.266 0.163 0.255 1    
99:   0.139 0.135 0.556 0.170 1    
100:  0.282 0.218 0.265 0.235 1    
101:  0.325 0.295 0.113 0.267 1    
102:  0.331 0.230 0.151 0.289 1    
103:  0.313 0.183 0.245 0.260 1    
104:  0.190 0.466 0.169 0.174 1    
105:  0.193 0.298 0.285 0.224 1    
106:  0.254 0.296 0.215 0.235 1    
107:  0.300 0.221 0.265 0.213 1    
108:  0.175 0.190 0.397 0.238 1    
109:  0.225 0.270 0.220 0.285 1    
110:  0.176 0.340 0.273 0.211 1    
111:  0.210 0.235 0.300 0.256 1    
112:  0.470 0.216 0.091 0.224 1    
113:  0.401 0.208 0.111 0.281 1    
114:  0.265 0.193 0.305 0.237 1    
115:  0.276 0.320 0.171 0.233 1    
116:  0.189 0.263 0.300 0.248 1    
117:  0.370 0.235 0.140 0.256 1    
118:  0.307 0.245 0.177 0.271 1    
119:  0.180 0.400 0.180 0.240 1    
120:  0.323 0.235 0.173 0.269 1    
121:  0.296 0.231 0.175 0.297 1    
122:  0.324 0.210 0.129 0.337 1    
123:  0.135 0.428 0.258 0.179 1    
124:  0.194 0.413 0.146 0.246 1    
125:  0.160 0.273 0.373 0.194 1    
126:  0.397 0.305 0.084 0.213 1    
127:  0.266 0.203 0.264 0.266 1    
128:  0.277 0.270 0.160 0.292 1    
129:  0.125 0.111 0.590 0.174 1    
130:  0.231 0.378 0.180 0.210 1    
131:  0.110 0.349 0.253 0.287 1    
132:  0.218 0.205 0.340 0.236 1    
133:  0.267 0.231 0.220 0.282 1    
134:  0.104 0.138 0.544 0.214 1    
135:  0.193 0.225 0.242 0.340 1    
136:  0.088 0.112 0.658 0.142 1    
137:  0.181 0.193 0.385 0.242 1    
138:  0.286 0.202 0.226 0.286 1    
139:  0.271 0.241 0.190 0.298 1    
140:  0.139 0.118 0.569 0.174 1    
141:  0.254 0.339 0.184 0.222 1    
142:  0.293 0.280 0.151 0.276 1    
143:  0.303 0.192 0.202 0.303 1    
144:  0.213 0.198 0.331 0.258 1    
145:  0.237 0.303 0.197 0.263 1    
146:  0.302 0.261 0.179 0.257 1    
147:  0.237 0.194 0.225 0.344 1    
148:  0.370 0.128 0.273 0.229 1    
149:  0.217 0.319 0.206 0.258 1    
150:  0.269 0.217 0.218 0.296 1    
151:  0.314 0.168 0.277 0.241 1    
152:  0.270 0.270 0.163 0.297 1    
153:  0.090 0.114 0.623 0.173 1    
154:  0.208 0.478 0.155 0.159 1    
155:  0.239 0.290 0.171 0.299 1    
156:  0.277 0.189 0.240 0.293 1    
157:  0.290 0.223 0.181 0.306 1    
158:  0.184 0.153 0.486 0.176 1    
159:  0.206 0.330 0.233 0.232 1    
160:  0.223 0.303 0.180 0.295 1    
161:  0.341 0.266 0.114 0.279 1    
162:  0.221 0.245 0.336 0.199 1    
163:  0.324 0.234 0.176 0.266 1    
164:  0.124 0.290 0.409 0.177 1    
165:  0.231 0.261 0.225 0.283 1    
166:  0.183 0.449 0.144 0.223 1    
167:  0.347 0.237 0.157 0.260 1    
168:  0.137 0.135 0.550 0.177 1    
169:  0.310 0.215 0.190 0.286 1    
170:  0.174 0.152 0.436 0.238 1    
171:  0.310 0.270 0.186 0.234 1    
172:  0.259 0.148 0.395 0.198 1    
173:  0.198 0.362 0.216 0.224 1    
174:  0.154 0.160 0.507 0.179 1    
175:  0.173 0.312 0.323 0.192 1    
176:  0.245 0.229 0.194 0.332 1    
177:  0.174 0.235 0.410 0.181 1    
178:  0.324 0.330 0.151 0.195 1    
179:  0.213 0.215 0.281 0.290 1    
180:  0.135 0.302 0.367 0.196 1    
181:  0.279 0.188 0.200 0.334 1    
182:  0.278 0.169 0.294 0.259 1    
183:  0.179 0.493 0.141 0.187 1    
184:  0.182 0.252 0.345 0.221 1    
185:  0.308 0.216 0.175 0.300 1    
186:  0.250 0.244 0.306 0.200 1    
187:  0.246 0.312 0.214 0.228 1    
188:  0.274 0.263 0.232 0.231 1    
189:  0.182 0.197 0.404 0.217 1    
190:  0.250 0.352 0.140 0.257 1    
191:  0.163 0.519 0.119 0.199 1    
192:  0.285 0.260 0.208 0.247 1    
193:  0.220 0.286 0.247 0.247 1    
194:  0.297 0.294 0.168 0.241 1    
195:  0.296 0.334 0.164 0.206 1    
196:  0.338 0.210 0.158 0.294 1    
197:  0.540 0.149 0.099 0.211 1    
198:  0.229 0.419 0.147 0.205 1    
199:  0.236 0.348 0.138 0.277 1    
200:  0.234 0.243 0.203 0.320 1    
201:  0.187 0.438 0.111 0.264 1    
202:  0.257 0.258 0.200 0.285 1    
203:  0.166 0.205 0.429 0.200 1    
204:  0.248 0.348 0.113 0.291 1    
205:  0.216 0.272 0.259 0.253 1    
206:  0.178 0.310 0.288 0.224 1    
207:  0.214 0.167 0.344 0.275 1    
208:  0.257 0.233 0.201 0.309 1    
209:  0.260 0.348 0.143 0.250 1    
210:  0.434 0.223 0.123 0.221 1    
211:  0.196 0.299 0.271 0.234 1    
212:  0.281 0.256 0.188 0.275 1    
213:  0.257 0.223 0.284 0.237 1    
214:  0.244 0.247 0.176 0.332 1    
215:  0.261 0.226 0.204 0.309 1    
216:  0.187 0.306 0.287 0.219 1    
217:  0.191 0.137 0.475 0.197 1    
218:  0.354 0.265 0.099 0.282 1    
219:  0.218 0.332 0.154 0.296 1    
220:  0.374 0.233 0.128 0.265 1    
221:  0.268 0.203 0.158 0.371 1    
222:  0.187 0.181 0.321 0.311 1    
223:  0.195 0.270 0.290 0.245 1    
224:  0.177 0.303 0.256 0.264 1    
225:  0.328 0.250 0.160 0.262 1    
226:  0.308 0.209 0.235 0.249 1    
227:  0.217 0.155 0.415 0.213 1    
228:  0.270 0.263 0.161 0.305 1    
229:  0.326 0.250 0.172 0.252 1    
230:  0.277 0.345 0.166 0.212 1    
231:  0.226 0.204 0.329 0.242 1    
232:  0.398 0.168 0.137 0.297 1    
233:  0.174 0.306 0.310 0.211 1    
234:  0.176 0.155 0.462 0.208 1    
235:  0.212 0.178 0.387 0.222 1    
236:  0.160 0.297 0.362 0.181 1    
237:  0.170 0.326 0.306 0.199 1    
238:  0.120 0.366 0.333 0.181 1    
239:  0.257 0.152 0.365 0.226 1    
240:  0.258 0.162 0.327 0.253 1    
241:  0.198 0.192 0.400 0.209 1    
242:  0.230 0.219 0.315 0.237 1    
243:  0.295 0.172 0.294 0.240 1    
244:  0.284 0.162 0.296 0.257 1    
245:  0.367 0.230 0.174 0.230 1    
246:  0.289 0.287 0.182 0.242 1    
247:  0.216 0.196 0.190 0.398 1    
248:  0.254 0.144 0.300 0.302 1    
249:  0.297 0.213 0.195 0.295 1    
250:  0.252 0.308 0.165 0.275 1    
251:  0.299 0.253 0.200 0.248 1    
252:  0.274 0.333 0.155 0.238 1    
253:  0.163 0.443 0.173 0.221 1    
254:  0.193 0.318 0.170 0.318 1    
255:  0.182 0.355 0.242 0.222 1    
256:  0.187 0.237 0.346 0.230 1    
257:  0.287 0.280 0.190 0.242 1    
258:  0.302 0.223 0.187 0.288 1    
259:  0.296 0.169 0.292 0.242 1    
260:  0.284 0.269 0.135 0.312 1    
261:  0.326 0.257 0.177 0.240 1    
262:  0.208 0.187 0.233 0.372 1    
263:  0.241 0.155 0.374 0.230 1    
264:  0.182 0.357 0.260 0.202 1    
265:  0.303 0.278 0.213 0.206 1    
266:  0.196 0.282 0.304 0.218 1    
267:  0.142 0.443 0.215 0.200 1    
268:  0.138 0.310 0.307 0.245 1    
269:  0.313 0.237 0.165 0.285 1    
270:  0.172 0.238 0.401 0.190 1    
271:  0.227 0.171 0.341 0.260 1    
272:  0.174 0.192 0.421 0.213 1    
273:  0.215 0.325 0.182 0.278 1    
274:  0.255 0.226 0.200 0.319 1    
275:  0.147 0.423 0.203 0.227 1    
276:  0.185 0.128 0.454 0.232 1    
277:  0.244 0.307 0.138 0.311 1    
278:  0.363 0.244 0.107 0.286 1    
279:  0.307 0.254 0.153 0.286 1    
280:  0.371 0.215 0.131 0.283 1    
281:  0.226 0.210 0.325 0.239 1    
282:  0.269 0.219 0.239 0.273 1    
283:  0.242 0.260 0.204 0.295 1    
284:  0.222 0.191 0.325 0.261 1    
285:  0.229 0.423 0.112 0.236 1    
286:  0.294 0.298 0.155 0.254 1    
287:  0.317 0.257 0.142 0.284 1    
288:  0.310 0.248 0.172 0.271 1    
289:  0.244 0.277 0.249 0.230 1    
290:  0.364 0.220 0.146 0.269 1    
291:  0.209 0.292 0.247 0.252 1    
292:  0.251 0.262 0.196 0.292 1    
293:  0.196 0.281 0.277 0.247 1    
294:  0.299 0.265 0.202 0.233 1    
295:  0.258 0.297 0.182 0.263 1    
296:  0.168 0.195 0.430 0.207 1    
297:  0.172 0.465 0.187 0.176 1    
298:  0.168 0.412 0.238 0.182 1    
299:  0.182 0.364 0.198 0.256 1    
300:  0.190 0.267 0.297 0.246 1    
301:  0.365 0.177 0.213 0.245 1    
302:  0.257 0.339 0.187 0.217 1    
303:  0.254 0.164 0.319 0.263 1    
304:  0.203 0.363 0.203 0.231 1    
305:  0.147 0.162 0.491 0.200 1    
306:  0.191 0.373 0.207 0.229 1    
307:  0.169 0.159 0.484 0.188 1    
308:  0.265 0.219 0.259 0.257 1    
309:  0.311 0.200 0.207 0.281 1    
310:  0.245 0.191 0.379 0.185 1    
311:  0.153 0.439 0.210 0.198 1    
312:  0.248 0.200 0.293 0.259 1    
313:  0.163 0.229 0.385 0.223 1    
314:  0.357 0.248 0.124 0.271 1    
315:  0.260 0.406 0.111 0.222 1    
316:  0.216 0.221 0.298 0.265 1    
317:  0.387 0.148 0.205 0.260 1    
318:  0.125 0.233 0.405 0.237 1    
319:  0.125 0.113 0.601 0.161 1    
320:  0.270 0.202 0.244 0.284 1    
321:  0.174 0.267 0.364 0.195 1    
322:  0.243 0.196 0.308 0.253 1    
323:  0.269 0.266 0.136 0.329 1    
324:  0.237 0.224 0.234 0.305 1    
325:  0.188 0.433 0.182 0.197 1    
326:  0.321 0.220 0.201 0.258 1    
327:  0.335 0.239 0.173 0.253 1    
328:  0.287 0.255 0.199 0.259 1    
329:  0.267 0.368 0.093 0.272 1    
330:  0.170 0.162 0.402 0.266 1    
331:  0.196 0.293 0.275 0.235 1    
332:  0.235 0.230 0.268 0.267 1    
333:  0.212 0.386 0.169 0.234 1    
334:  0.313 0.289 0.165 0.234 1    
335:  0.342 0.173 0.237 0.247 1    
336:  0.171 0.241 0.405 0.184 1    
337:  0.209 0.344 0.198 0.249 1    
338:  0.290 0.184 0.261 0.264 1    
339:  0.202 0.263 0.239 0.296 1    
340:  0.132 0.287 0.367 0.213 1    
341:  0.121 0.180 0.502 0.198 1    
342:  0.378 0.237 0.119 0.266 1    
343:  0.187 0.472 0.139 0.202 1    
344:  0.159 0.227 0.370 0.244 1    
345:  0.262 0.200 0.296 0.242 1    
346:  0.208 0.134 0.434 0.225 1    
347:  0.195 0.234 0.274 0.297 1    
348:  0.150 0.255 0.306 0.289 1    
349:  0.169 0.123 0.509 0.199 1    
350:  0.350 0.207 0.143 0.299 1    
351:  0.207 0.160 0.445 0.188 1    
352:  0.170 0.201 0.408 0.221 1    
353:  0.259 0.284 0.231 0.226 1    
354:  0.257 0.171 0.318 0.254 1    
355:  0.135 0.212 0.463 0.190 1    
356:  0.234 0.447 0.094 0.224 1    
357:  0.163 0.449 0.158 0.230 1    
358:  0.164 0.153 0.464 0.218 1    
359:  0.173 0.353 0.224 0.250 1    
360:  0.181 0.217 0.397 0.205 1    
361:  0.266 0.428 0.104 0.202 1    
362:  0.249 0.249 0.276 0.227 1    
363:  0.292 0.280 0.147 0.281 1    
364:  0.188 0.231 0.337 0.244 1    
365:  0.251 0.212 0.178 0.358 1    
366:  0.166 0.191 0.429 0.214 1    
367:  0.198 0.238 0.338 0.226 1    
368:  0.278 0.160 0.329 0.233 1    
369:  0.163 0.420 0.179 0.237 1    
370:  0.258 0.225 0.182 0.335 1    
371:  0.144 0.154 0.506 0.196 1    
372:  0.315 0.198 0.239 0.248 1    
373:  0.376 0.150 0.199 0.276 1    
374:  0.284 0.354 0.177 0.186 1    
375:  0.311 0.189 0.231 0.269 1    
376:  0.269 0.261 0.155 0.315 1    
377:  0.214 0.177 0.384 0.225 1    
378:  0.157 0.146 0.507 0.190 1    
379:  0.144 0.184 0.449 0.223 1    
380:  0.123 0.229 0.459 0.190 1    
381:  0.195 0.192 0.334 0.279 1    
382:  0.261 0.335 0.154 0.249 1    
383:  0.256 0.192 0.330 0.222 1    
384:  0.106 0.287 0.375 0.232 1    
385:  0.219 0.354 0.173 0.254 1    
386:  0.269 0.220 0.292 0.219 1    
387:  0.278 0.203 0.262 0.256 1    
388:  0.391 0.210 0.112 0.288 1    
389:  0.313 0.305 0.169 0.214 1    
390:  0.240 0.185 0.355 0.219 1    
391:  0.402 0.197 0.081 0.320 1    
392:  0.313 0.188 0.223 0.276 1    
393:  0.384 0.192 0.101 0.322 1    
394:  0.287 0.352 0.167 0.194 1    
395:  0.197 0.305 0.178 0.320 1    
396:  0.299 0.207 0.161 0.332 1    
397:  0.211 0.285 0.192 0.312 1    
398:  0.244 0.308 0.199 0.248 1    
399:  0.279 0.239 0.235 0.246 1    
400:  0.275 0.195 0.269 0.261 1    
401:  0.221 0.233 0.223 0.323 1    
402:  0.405 0.214 0.138 0.243 1    
403:  0.309 0.278 0.145 0.269 1    
404:  0.120 0.500 0.156 0.225 1    
405:  0.328 0.225 0.214 0.233 1    
406:  0.440 0.196 0.150 0.213 1    
407:  0.171 0.265 0.346 0.218 1    
408:  0.157 0.246 0.391 0.205 1    
409:  0.153 0.224 0.319 0.304 1    
410:  0.283 0.180 0.324 0.213 1    
411:  0.276 0.239 0.235 0.250 1    
412:  0.256 0.169 0.356 0.219 1    
413:  0.266 0.178 0.230 0.326 1    
414:  0.215 0.346 0.103 0.335 1    
415:  0.335 0.180 0.227 0.257 1    
416:  0.320 0.216 0.202 0.262 1    
417:  0.247 0.291 0.213 0.249 1    
418:  0.209 0.303 0.184 0.304 1    
419:  0.382 0.217 0.148 0.254 1    
420:  0.155 0.143 0.485 0.217 1    
421:  0.320 0.184 0.185 0.311 1    
422:  0.203 0.347 0.215 0.236 1    
423:  0.283 0.353 0.123 0.240 1    
424:  0.186 0.334 0.206 0.273 1    
425:  0.338 0.232 0.222 0.208 1    
426:  0.229 0.346 0.196 0.229 1    
427:  0.318 0.241 0.129 0.312 1    
428:  0.366 0.253 0.129 0.252 1    
429:  0.211 0.250 0.320 0.219 1    
430:  0.318 0.288 0.129 0.265 1    
431:  0.217 0.387 0.164 0.231 1    
432:  0.390 0.172 0.099 0.339 1    
433:  0.246 0.145 0.400 0.209 1    
434:  0.198 0.180 0.264 0.358 1    
435:  0.226 0.337 0.170 0.267 1    
436:  0.295 0.256 0.185 0.263 1    
437:  0.195 0.486 0.157 0.162 1    
438:  0.166 0.215 0.375 0.243 1    
439:  0.268 0.163 0.310 0.259 1    
440:  0.248 0.175 0.326 0.251 1    
441:  0.284 0.209 0.233 0.274 1    
442:  0.209 0.175 0.356 0.260 1    
443:  0.318 0.218 0.228 0.236 1    
444:  0.258 0.271 0.166 0.305 1    
445:  0.460 0.153 0.179 0.209 1    
446:  0.110 0.248 0.490 0.151 1    
447:  0.290 0.295 0.144 0.271 1    
448:  0.292 0.227 0.240 0.242 1    
449:  0.163 0.179 0.447 0.212 1    
450:  0.271 0.250 0.241 0.239 1    
451:  0.363 0.200 0.167 0.271 1    
452:  0.321 0.220 0.164 0.295 1    
453:  0.206 0.244 0.280 0.270 1    
454:  0.226 0.168 0.340 0.266 1    
455:  0.250 0.192 0.317 0.242 1    
456:  0.378 0.215 0.151 0.256 1    
457:  0.231 0.231 0.317 0.221 1    
458:  0.227 0.285 0.206 0.281 1    
459:  0.166 0.157 0.492 0.185 1    
460:  0.269 0.219 0.218 0.295 1    
461:  0.122 0.120 0.580 0.178 1    
462:  0.240 0.144 0.357 0.259 1    
463:  0.257 0.205 0.270 0.268 1    
464:  0.156 0.147 0.470 0.227 1    
465:  0.302 0.163 0.312 0.222 1    
466:  0.362 0.214 0.174 0.250 1    
467:  0.248 0.203 0.286 0.264 1    
468:  0.177 0.425 0.181 0.217 1    
469:  0.304 0.260 0.129 0.307 1    
470:  0.221 0.212 0.338 0.230 1    
471:  0.205 0.188 0.398 0.209 1    
472:  0.240 0.223 0.299 0.238 1    
473:  0.217 0.335 0.214 0.234 1    
474:  0.329 0.218 0.218 0.234 1    
475:  0.158 0.207 0.351 0.284 1    
476:  0.194 0.312 0.247 0.247 1    
477:  0.280 0.179 0.235 0.306 1    
478:  0.378 0.179 0.196 0.247 1    
479:  0.327 0.279 0.156 0.238 1    
480:  0.169 0.337 0.266 0.227 1    
481:  0.402 0.227 0.115 0.256 1    
482:  0.229 0.267 0.212 0.292 1    
483:  0.311 0.242 0.208 0.239 1    
484:  0.116 0.442 0.205 0.237 1    
485:  0.311 0.208 0.256 0.225 1    
486:  0.219 0.181 0.204 0.395 1    
487:  0.233 0.412 0.165 0.191 1    
488:  0.161 0.199 0.347 0.294 1    
489:  0.180 0.265 0.241 0.314 1    
490:  0.188 0.211 0.366 0.236 1    
491:  0.184 0.209 0.334 0.272 1    
492:  0.306 0.266 0.194 0.234 1    
493:  0.355 0.226 0.164 0.256 1    
494:  0.096 0.328 0.426 0.150 1    
495:  0.260 0.302 0.239 0.199 1    
496:  0.354 0.182 0.189 0.275 1    
497:  0.196 0.161 0.420 0.223 1    
498:  0.172 0.285 0.312 0.231 1    
499:  0.266 0.213 0.220 0.301 1    
500:  0.346 0.177 0.200 0.277 1    
501:  0.325 0.367 0.094 0.214 1    
502:  0.524 0.156 0.108 0.212 1    
503:  0.336 0.251 0.154 0.259 1    
504:  0.169 0.178 0.418 0.235 1    
505:  0.192 0.233 0.364 0.210 1    
506:  0.220 0.234 0.309 0.238 1    
507:  0.236 0.203 0.322 0.239 1    
508:  0.244 0.162 0.300 0.294 1    
509:  0.296 0.256 0.145 0.304 1    
510:  0.271 0.204 0.197 0.327 1    
511:  0.259 0.206 0.287 0.249 1    
512:  0.365 0.251 0.120 0.265 1    
513:  0.220 0.184 0.282 0.314 1    
514:  0.162 0.323 0.227 0.288 1    
515:  0.244 0.281 0.239 0.236 1    
516:  0.336 0.240 0.202 0.223 1    
517:  0.310 0.165 0.295 0.230 1    
518:  0.167 0.428 0.119 0.286 1    
519:  0.267 0.134 0.362 0.236 1    
520:  0.285 0.286 0.149 0.280 1    
521:  0.323 0.212 0.207 0.258 1    
522:  0.299 0.218 0.210 0.273 1    
523:  0.242 0.248 0.267 0.243 1    
524:  0.178 0.234 0.334 0.254 1    
525:  0.244 0.177 0.352 0.227 1    
526:  0.240 0.369 0.174 0.218 1    
527:  0.199 0.239 0.253 0.309 1    
528:  0.257 0.273 0.222 0.248 1    
529:  0.237 0.285 0.202 0.276 1    
530:  0.282 0.227 0.229 0.262 1    
531:  0.160 0.279 0.309 0.251 1    
532:  0.367 0.288 0.111 0.234 1    
533:  0.271 0.329 0.167 0.233 1    
534:  0.188 0.226 0.214 0.372 1    
535:  0.250 0.217 0.210 0.323 1    
536:  0.333 0.153 0.257 0.257 1    
537:  0.151 0.440 0.206 0.204 1    
538:  0.328 0.254 0.152 0.266 1    
539:  0.199 0.154 0.442 0.205 1    
540:  0.301 0.250 0.175 0.274 1    
541:  0.283 0.332 0.123 0.262 1    
542:  0.129 0.152 0.486 0.233 1    
543:  0.176 0.369 0.254 0.202 1    
544:  0.167 0.485 0.175 0.174 1    
545:  0.269 0.188 0.283 0.260 1    
546:  0.220 0.197 0.344 0.238 1    
547:  0.247 0.260 0.175 0.319 1    
548:  0.224 0.224 0.197 0.354 1    
549:  0.306 0.258 0.185 0.251 1    
550:  0.189 0.237 0.336 0.239 1    
551:  0.307 0.221 0.228 0.243 1    
552:  0.273 0.214 0.206 0.307 1    
553:  0.173 0.218 0.338 0.271 1    
554:  0.488 0.163 0.123 0.227 1    
555:  0.342 0.233 0.188 0.237 1    
556:  0.258 0.337 0.172 0.234 1    
557:  0.291 0.200 0.206 0.303 1    
558:  0.397 0.172 0.200 0.231 1    
559:  0.191 0.210 0.342 0.257 1    
560:  0.239 0.232 0.317 0.212 1    
561:  0.175 0.175 0.414 0.236 1    
562:  0.390 0.230 0.119 0.261 1    
563:  0.111 0.455 0.197 0.236 1    
564:  0.184 0.162 0.353 0.301 1    
565:  0.156 0.489 0.159 0.196 1    
566:  0.138 0.170 0.428 0.264 1    
567:  0.156 0.194 0.461 0.190 1    
568:  0.291 0.288 0.183 0.238 1    
569:  0.329 0.179 0.257 0.235 1    
570:  0.304 0.193 0.238 0.265 1    
571:  0.310 0.222 0.208 0.260 1    
572:  0.248 0.177 0.236 0.339 1    
573:  0.207 0.242 0.313 0.238 1    
574:  0.262 0.297 0.133 0.308 1    
575:  0.295 0.177 0.287 0.241 1    
576:  0.235 0.330 0.204 0.231 1    
577:  0.269 0.241 0.214 0.276 1    
578:  0.291 0.188 0.270 0.251 1    
579:  0.277 0.462 0.086 0.175 1    
580:  0.323 0.255 0.179 0.244 1    
581:  0.242 0.194 0.262 0.303 1    
582:  0.325 0.283 0.145 0.248 1    
583:  0.218 0.173 0.204 0.405 1    
584:  0.286 0.311 0.172 0.231 1    
585:  0.415 0.176 0.102 0.308 1    
586:  0.293 0.248 0.143 0.316 1    
587:  0.246 0.329 0.138 0.287 1    
                 
                 
1:    0.228 0.286 0.227 0.258 1    
2:    0.222 0.286 0.222 0.271 1    
3:    0.195 0.285 0.330 0.191 1    
4:    0.327 0.165 0.182 0.326 1    
5:    0.276 0.195 0.356 0.173 1    
6:    0.389 0.158 0.147 0.307 1    
7:    0.228 0.296 0.191 0.285 1    
8:    0.322 0.217 0.204 0.257 1    
9:    0.253 0.247 0.169 0.330 1    
10:   0.349 0.177 0.160 0.314 1    
11:   0.214 0.299 0.293 0.194 1    
12:   0.140 0.204 0.492 0.164 1    
13:   0.229 0.220 0.272 0.279 1    
14:   0.192 0.291 0.257 0.259 1    
15:   0.231 0.254 0.293 0.222 1    
16:   0.230 0.217 0.382 0.171 1    
17:   0.300 0.217 0.192 0.291 1    
18:   0.270 0.184 0.313 0.233 1    
19:   0.274 0.168 0.146 0.411 1    
20:   0.268 0.215 0.258 0.260 1    
21:   0.215 0.305 0.304 0.176 1    
22:   0.172 0.248 0.356 0.224 1    
23:   0.353 0.208 0.295 0.144 1    
24:   0.272 0.151 0.166 0.412 1    
25:   0.230 0.344 0.212 0.214 1    
26:   0.206 0.199 0.347 0.247 1    
27:   0.308 0.199 0.213 0.280 1    
28:   0.203 0.303 0.294 0.199 1    
29:   0.169 0.219 0.422 0.190 1    
30:   0.278 0.299 0.215 0.208 1    
31:   0.163 0.333 0.314 0.190 1    
32:   0.328 0.189 0.192 0.291 1    
33:   0.348 0.237 0.210 0.205 1    
34:   0.217 0.215 0.213 0.355 1    
35:   0.199 0.335 0.245 0.221 1    
36:   0.181 0.360 0.256 0.204 1    
37:   0.195 0.276 0.313 0.216 1    
38:   0.212 0.336 0.231 0.221 1    
39:   0.295 0.198 0.189 0.318 1    
40:   0.234 0.287 0.172 0.307 1    
41:   0.234 0.212 0.236 0.318 1    
42:   0.153 0.233 0.456 0.157 1    
43:   0.181 0.342 0.295 0.182 1    
44:   0.238 0.142 0.147 0.474 1    
45:   0.184 0.276 0.398 0.142 1    
46:   0.212 0.177 0.227 0.385 1    
47:   0.172 0.411 0.223 0.194 1    
48:   0.328 0.229 0.197 0.246 1    
49:   0.173 0.254 0.183 0.390 1    
50:   0.355 0.246 0.179 0.220 1    
51:   0.183 0.311 0.266 0.240 1    
52:   0.154 0.275 0.436 0.135 1    
53:   0.298 0.226 0.193 0.283 1    
54:   0.154 0.234 0.425 0.187 1    
55:   0.364 0.219 0.262 0.155 1    
56:   0.424 0.159 0.111 0.306 1    
57:   0.420 0.193 0.175 0.211 1    
58:   0.261 0.209 0.336 0.194 1    
59:   0.228 0.212 0.368 0.192 1    
60:   0.508 0.160 0.161 0.171 1    
61:   0.216 0.308 0.269 0.207 1    
62:   0.215 0.166 0.195 0.425 1    
63:   0.373 0.229 0.186 0.212 1    
64:   0.258 0.217 0.249 0.277 1    
65:   0.327 0.214 0.200 0.258 1    
66:   0.182 0.353 0.220 0.245 1    
67:   0.165 0.303 0.181 0.351 1    
68:   0.198 0.294 0.185 0.323 1    
69:   0.271 0.206 0.226 0.297 1    
70:   0.278 0.223 0.137 0.362 1    
71:   0.363 0.251 0.166 0.220 1    
72:   0.167 0.245 0.352 0.236 1    
73:   0.220 0.177 0.242 0.361 1    
74:   0.330 0.229 0.201 0.241 1    
75:   0.307 0.152 0.140 0.401 1    
76:   0.277 0.209 0.160 0.354 1    
77:   0.302 0.298 0.191 0.209 1    
78:   0.302 0.199 0.254 0.244 1    
79:   0.260 0.236 0.233 0.271 1    
80:   0.263 0.252 0.197 0.288 1    
81:   0.201 0.319 0.255 0.225 1    
82:   0.314 0.224 0.230 0.232 1    
83:   0.222 0.233 0.406 0.139 1    
84:   0.169 0.326 0.285 0.219 1    
85:   0.278 0.313 0.226 0.183 1    
86:   0.218 0.255 0.248 0.279 1    
87:   0.211 0.345 0.223 0.220 1    
88:   0.144 0.266 0.435 0.156 1    
89:   0.312 0.211 0.216 0.261 1    
90:   0.201 0.224 0.291 0.283 1    
91:   0.350 0.198 0.164 0.287 1    
92:   0.323 0.227 0.238 0.212 1    
93:   0.422 0.164 0.150 0.264 1    
94:   0.189 0.228 0.232 0.350 1    
95:   0.213 0.206 0.414 0.167 1    
96:   0.251 0.210 0.191 0.349 1    
97:   0.219 0.213 0.162 0.407 1    
98:   0.298 0.232 0.181 0.289 1    
99:   0.161 0.217 0.470 0.153 1    
100:  0.247 0.240 0.253 0.260 1    
101:  0.304 0.181 0.154 0.361 1    
102:  0.235 0.230 0.176 0.359 1    
103:  0.211 0.281 0.236 0.271 1    
104:  0.387 0.179 0.224 0.209 1    
105:  0.287 0.267 0.237 0.210 1    
106:  0.280 0.249 0.216 0.256 1    
107:  0.268 0.236 0.246 0.250 1    
108:  0.214 0.336 0.265 0.185 1    
109:  0.250 0.235 0.231 0.284 1    
110:  0.330 0.228 0.232 0.210 1    
111:  0.221 0.296 0.230 0.253 1    
112:  0.266 0.160 0.149 0.425 1    
113:  0.221 0.277 0.170 0.332 1    
114:  0.194 0.362 0.234 0.211 1    
115:  0.349 0.246 0.171 0.235 1    
116:  0.215 0.211 0.338 0.235 1    
117:  0.231 0.243 0.203 0.323 1    
118:  0.220 0.177 0.246 0.357 1    
119:  0.317 0.250 0.226 0.207 1    
120:  0.212 0.177 0.243 0.368 1    
121:  0.228 0.346 0.177 0.249 1    
122:  0.211 0.342 0.166 0.281 1    
123:  0.373 0.190 0.248 0.190 1    
124:  0.358 0.225 0.183 0.234 1    
125:  0.299 0.199 0.328 0.175 1    
126:  0.308 0.150 0.141 0.401 1    
127:  0.198 0.319 0.237 0.246 1    
128:  0.281 0.195 0.228 0.296 1    
129:  0.138 0.242 0.485 0.135 1    
130:  0.369 0.184 0.214 0.234 1    
131:  0.309 0.240 0.299 0.152 1    
132:  0.234 0.298 0.248 0.220 1    
133:  0.207 0.266 0.233 0.293 1    
134:  0.157 0.233 0.480 0.130 1    
135:  0.208 0.270 0.288 0.234 1    
136:  0.163 0.255 0.454 0.129 1    
137:  0.205 0.195 0.402 0.198 1    
138:  0.193 0.403 0.210 0.194 1    
139:  0.242 0.321 0.206 0.231 1    
140:  0.159 0.314 0.371 0.156 1    
141:  0.346 0.177 0.197 0.280 1    
142:  0.274 0.234 0.189 0.304 1    
143:  0.195 0.290 0.238 0.277 1    
144:  0.193 0.297 0.301 0.209 1    
145:  0.263 0.209 0.226 0.302 1    
146:  0.270 0.242 0.200 0.287 1    
147:  0.213 0.234 0.257 0.297 1    
148:  0.160 0.344 0.244 0.252 1    
149:  0.339 0.211 0.234 0.216 1    
150:  0.205 0.220 0.265 0.310 1    
151:  0.196 0.291 0.244 0.268 1    
152:  0.274 0.331 0.180 0.216 1    
153:  0.155 0.238 0.482 0.126 1    
154:  0.420 0.164 0.178 0.238 1    
155:  0.247 0.382 0.184 0.187 1    
156:  0.185 0.203 0.273 0.338 1    
157:  0.218 0.279 0.219 0.283 1    
158:  0.191 0.192 0.386 0.231 1    
159:  0.293 0.217 0.261 0.229 1    
160:  0.241 0.350 0.187 0.222 1    
161:  0.274 0.182 0.160 0.384 1    
162:  0.230 0.260 0.288 0.222 1    
163:  0.240 0.254 0.214 0.293 1    
164:  0.258 0.232 0.377 0.133 1    
165:  0.220 0.420 0.207 0.153 1    
166:  0.384 0.180 0.192 0.243 1    
167:  0.239 0.273 0.189 0.299 1    
168:  0.179 0.247 0.405 0.169 1    
169:  0.197 0.342 0.202 0.259 1    
170:  0.172 0.349 0.321 0.158 1    
171:  0.264 0.233 0.232 0.271 1    
172:  0.193 0.246 0.334 0.228 1    
173:  0.315 0.308 0.206 0.171 1    
174:  0.193 0.286 0.347 0.174 1    
175:  0.310 0.168 0.307 0.214 1    
176:  0.229 0.258 0.234 0.279 1    
177:  0.248 0.205 0.342 0.205 1    
178:  0.324 0.256 0.178 0.243 1    
179:  0.233 0.253 0.322 0.191 1    
180:  0.270 0.218 0.356 0.156 1    
181:  0.217 0.292 0.243 0.248 1    
182:  0.177 0.269 0.285 0.269 1    
183:  0.415 0.203 0.189 0.193 1    
184:  0.251 0.206 0.342 0.201 1    
185:  0.229 0.229 0.222 0.320 1    
186:  0.237 0.195 0.317 0.252 1    
187:  0.279 0.251 0.235 0.236 1    
188:  0.272 0.249 0.236 0.243 1    
189:  0.219 0.266 0.319 0.196 1    
190:  0.284 0.316 0.170 0.230 1    
191:  0.419 0.178 0.175 0.229 1    
192:  0.266 0.220 0.231 0.282 1    
193:  0.241 0.324 0.220 0.214 1    
194:  0.265 0.305 0.188 0.241 1    
195:  0.333 0.149 0.228 0.291 1    
196:  0.201 0.241 0.192 0.366 1    
197:  0.227 0.208 0.163 0.402 1    
198:  0.354 0.194 0.195 0.257 1    
199:  0.329 0.171 0.198 0.302 1    
200:  0.227 0.215 0.266 0.292 1    
201:  0.362 0.215 0.157 0.266 1    
202:  0.226 0.363 0.218 0.193 1    
203:  0.204 0.293 0.329 0.174 1    
204:  0.308 0.215 0.169 0.308 1    
205:  0.249 0.306 0.253 0.191 1    
206:  0.279 0.278 0.260 0.183 1    
207:  0.170 0.278 0.326 0.227 1    
208:  0.233 0.245 0.252 0.270 1    
209:  0.307 0.197 0.206 0.290 1    
210:  0.236 0.218 0.198 0.349 1    
211:  0.288 0.181 0.274 0.256 1    
212:  0.255 0.209 0.257 0.278 1    
213:  0.246 0.266 0.238 0.250 1    
214:  0.248 0.253 0.219 0.279 1    
215:  0.229 0.243 0.250 0.278 1    
216:  0.271 0.323 0.226 0.180 1    
217:  0.173 0.351 0.317 0.159 1    
218:  0.336 0.165 0.140 0.359 1    
219:  0.316 0.198 0.195 0.291 1    
220:  0.247 0.279 0.182 0.292 1    
221:  0.221 0.232 0.209 0.338 1    
222:  0.178 0.285 0.357 0.180 1    
223:  0.232 0.240 0.289 0.238 1    
224:  0.254 0.250 0.298 0.197 1    
225:  0.229 0.345 0.190 0.237 1    
226:  0.219 0.256 0.252 0.272 1    
227:  0.164 0.370 0.308 0.157 1    
228:  0.236 0.237 0.193 0.333 1    
229:  0.262 0.223 0.204 0.310 1    
230:  0.309 0.211 0.210 0.270 1    
231:  0.200 0.334 0.283 0.183 1    
232:  0.175 0.290 0.211 0.324 1    
233:  0.287 0.170 0.309 0.234 1    
234:  0.193 0.203 0.422 0.182 1    
235:  0.220 0.252 0.301 0.228 1    
236:  0.307 0.209 0.303 0.181 1    
237:  0.310 0.211 0.245 0.234 1    
238:  0.317 0.197 0.329 0.157 1    
239:  0.167 0.286 0.328 0.219 1    
240:  0.181 0.194 0.350 0.275 1    
241:  0.212 0.214 0.365 0.209 1    
242:  0.213 0.247 0.336 0.205 1    
243:  0.181 0.261 0.279 0.278 1    
244:  0.172 0.246 0.301 0.281 1    
245:  0.268 0.206 0.217 0.310 1    
246:  0.273 0.209 0.240 0.277 1    
247:  0.233 0.252 0.224 0.292 1    
248:  0.160 0.350 0.280 0.210 1    
249:  0.209 0.261 0.232 0.298 1    
250:  0.278 0.201 0.212 0.309 1    
251:  0.253 0.196 0.232 0.318 1    
252:  0.314 0.205 0.180 0.300 1    
253:  0.392 0.221 0.189 0.198 1    
254:  0.306 0.233 0.225 0.236 1    
255:  0.323 0.212 0.250 0.215 1    
256:  0.273 0.256 0.268 0.203 1    
257:  0.247 0.241 0.244 0.267 1    
258:  0.226 0.296 0.212 0.267 1    
259:  0.180 0.293 0.290 0.238 1    
260:  0.270 0.237 0.176 0.317 1    
261:  0.265 0.186 0.201 0.348 1    
262:  0.206 0.303 0.244 0.247 1    
263:  0.204 0.236 0.319 0.241 1    
264:  0.354 0.207 0.248 0.190 1    
265:  0.258 0.234 0.238 0.269 1    
266:  0.250 0.281 0.282 0.187 1    
267:  0.365 0.225 0.241 0.169 1    
268:  0.275 0.302 0.266 0.158 1    
269:  0.242 0.290 0.193 0.276 1    
270:  0.248 0.242 0.326 0.184 1    
271:  0.179 0.318 0.298 0.205 1    
272:  0.194 0.224 0.386 0.196 1    
273:  0.275 0.189 0.236 0.300 1    
274:  0.227 0.330 0.185 0.258 1    
275:  0.366 0.182 0.251 0.201 1    
276:  0.170 0.319 0.335 0.176 1    
277:  0.317 0.230 0.166 0.287 1    
278:  0.264 0.247 0.157 0.333 1    
279:  0.254 0.273 0.196 0.278 1    
280:  0.273 0.232 0.183 0.312 1    
281:  0.237 0.245 0.292 0.225 1    
282:  0.218 0.286 0.255 0.241 1    
283:  0.239 0.325 0.194 0.242 1    
284:  0.223 0.246 0.291 0.240 1    
285:  0.393 0.211 0.166 0.229 1    
286:  0.296 0.240 0.170 0.294 1    
287:  0.268 0.231 0.203 0.298 1    
288:  0.256 0.235 0.212 0.297 1    
289:  0.257 0.314 0.245 0.185 1    
290:  0.244 0.317 0.191 0.248 1    
291:  0.313 0.221 0.211 0.255 1    
292:  0.249 0.344 0.205 0.202 1    
293:  0.256 0.270 0.253 0.221 1    
294:  0.271 0.273 0.207 0.249 1    
295:  0.267 0.217 0.210 0.306 1    
296:  0.203 0.357 0.274 0.165 1    
297:  0.399 0.164 0.226 0.212 1    
298:  0.354 0.232 0.239 0.175 1    
299:  0.340 0.212 0.217 0.230 1    
300:  0.248 0.235 0.300 0.216 1    
301:  0.207 0.263 0.230 0.299 1    
302:  0.274 0.201 0.243 0.282 1    
303:  0.175 0.375 0.255 0.195 1    
304:  0.370 0.211 0.187 0.231 1    
305:  0.200 0.266 0.352 0.182 1    
306:  0.296 0.305 0.210 0.189 1    
307:  0.182 0.210 0.412 0.195 1    
308:  0.198 0.326 0.229 0.246 1    
309:  0.196 0.301 0.233 0.270 1    
310:  0.217 0.239 0.308 0.236 1    
311:  0.386 0.166 0.264 0.185 1    
312:  0.210 0.234 0.277 0.279 1    
313:  0.231 0.301 0.294 0.174 1    
314:  0.299 0.258 0.183 0.260 1    
315:  0.398 0.160 0.163 0.280 1    
316:  0.215 0.311 0.246 0.229 1    
317:  0.173 0.286 0.209 0.332 1    
318:  0.225 0.287 0.336 0.152 1    
319:  0.172 0.244 0.419 0.165 1    
320:  0.201 0.343 0.226 0.230 1    
321:  0.238 0.226 0.343 0.192 1    
322:  0.214 0.308 0.254 0.223 1    
323:  0.270 0.293 0.165 0.273 1    
324:  0.214 0.302 0.247 0.237 1    
325:  0.354 0.190 0.228 0.228 1    
326:  0.231 0.206 0.217 0.346 1    
327:  0.241 0.228 0.197 0.333 1    
328:  0.244 0.235 0.250 0.272 1    
329:  0.357 0.172 0.155 0.316 1    
330:  0.190 0.221 0.378 0.210 1    
331:  0.234 0.245 0.297 0.223 1    
332:  0.218 0.279 0.265 0.237 1    
333:  0.321 0.266 0.197 0.216 1    
334:  0.307 0.219 0.200 0.275 1    
335:  0.211 0.196 0.240 0.352 1    
336:  0.268 0.269 0.293 0.169 1    
337:  0.265 0.301 0.214 0.220 1    
338:  0.198 0.302 0.261 0.240 1    
339:  0.262 0.211 0.254 0.273 1    
340:  0.274 0.265 0.307 0.155 1    
341:  0.190 0.267 0.383 0.160 1    
342:  0.306 0.181 0.161 0.352 1    
343:  0.394 0.183 0.177 0.247 1    
344:  0.211 0.289 0.331 0.168 1    
345:  0.213 0.307 0.223 0.258 1    
346:  0.149 0.328 0.346 0.176 1    
347:  0.226 0.231 0.319 0.224 1    
348:  0.234 0.221 0.331 0.214 1    
349:  0.152 0.259 0.420 0.168 1    
350:  0.218 0.307 0.190 0.285 1    
351:  0.202 0.218 0.373 0.207 1    
352:  0.207 0.398 0.248 0.147 1    
353:  0.251 0.239 0.256 0.254 1    
354:  0.169 0.420 0.231 0.180 1    
355:  0.227 0.268 0.320 0.184 1    
356:  0.461 0.158 0.142 0.239 1    
357:  0.367 0.233 0.216 0.184 1    
358:  0.182 0.324 0.297 0.197 1    
359:  0.329 0.243 0.216 0.213 1    
360:  0.211 0.243 0.344 0.202 1    
361:  0.436 0.172 0.141 0.250 1    
362:  0.250 0.207 0.270 0.272 1    
363:  0.248 0.271 0.189 0.292 1    
364:  0.212 0.355 0.253 0.181 1    
365:  0.217 0.292 0.216 0.275 1    
366:  0.199 0.352 0.282 0.168 1    
367:  0.255 0.224 0.278 0.243 1    
368:  0.176 0.221 0.328 0.275 1    
369:  0.339 0.223 0.241 0.197 1    
370:  0.234 0.225 0.205 0.335 1    
371:  0.163 0.297 0.389 0.151 1    
372:  0.228 0.229 0.255 0.288 1    
373:  0.183 0.259 0.256 0.303 1    
374:  0.395 0.177 0.187 0.241 1    
375:  0.205 0.303 0.230 0.262 1    
376:  0.250 0.233 0.168 0.349 1    
377:  0.201 0.322 0.264 0.214 1    
378:  0.181 0.246 0.387 0.186 1    
379:  0.169 0.262 0.409 0.160 1    
380:  0.243 0.258 0.343 0.156 1    
381:  0.202 0.235 0.334 0.228 1    
382:  0.281 0.231 0.202 0.285 1    
383:  0.211 0.218 0.289 0.282 1    
384:  0.240 0.234 0.380 0.146 1    
385:  0.331 0.222 0.193 0.254 1    
386:  0.237 0.249 0.292 0.222 1    
387:  0.206 0.242 0.278 0.274 1    
388:  0.244 0.206 0.160 0.389 1    
389:  0.277 0.264 0.206 0.253 1    
390:  0.198 0.322 0.272 0.207 1    
391:  0.226 0.171 0.135 0.469 1    
392:  0.204 0.278 0.236 0.281 1    
393:  0.222 0.190 0.154 0.434 1    
394:  0.391 0.182 0.194 0.234 1    
395:  0.281 0.259 0.198 0.261 1    
396:  0.199 0.323 0.210 0.268 1    
397:  0.299 0.203 0.255 0.243 1    
398:  0.290 0.205 0.232 0.273 1    
399:  0.232 0.221 0.278 0.269 1    
400:  0.199 0.287 0.264 0.250 1    
401:  0.225 0.310 0.207 0.258 1    
402:  0.209 0.220 0.190 0.382 1    
403:  0.340 0.163 0.183 0.314 1    
404:  0.438 0.206 0.147 0.209 1    
405:  0.245 0.272 0.224 0.259 1    
406:  0.231 0.182 0.221 0.366 1    
407:  0.248 0.232 0.331 0.189 1    
408:  0.239 0.260 0.304 0.196 1    
409:  0.212 0.196 0.362 0.230 1    
410:  0.222 0.227 0.323 0.228 1    
411:  0.219 0.190 0.275 0.316 1    
412:  0.187 0.298 0.299 0.216 1    
413:  0.186 0.206 0.280 0.327 1    
414:  0.342 0.222 0.156 0.280 1    
415:  0.186 0.216 0.258 0.340 1    
416:  0.228 0.176 0.258 0.338 1    
417:  0.281 0.284 0.231 0.204 1    
418:  0.322 0.212 0.210 0.256 1    
419:  0.246 0.229 0.178 0.346 1    
420:  0.167 0.236 0.431 0.166 1    
421:  0.196 0.223 0.239 0.342 1    
422:  0.301 0.254 0.248 0.197 1    
423:  0.342 0.214 0.153 0.291 1    
424:  0.290 0.195 0.254 0.261 1    
425:  0.248 0.329 0.207 0.216 1    
426:  0.318 0.173 0.229 0.279 1    
427:  0.247 0.187 0.191 0.375 1    
428:  0.236 0.195 0.182 0.388 1    
429:  0.249 0.180 0.334 0.237 1    
430:  0.300 0.220 0.188 0.292 1    
431:  0.392 0.202 0.172 0.234 1    
432:  0.215 0.199 0.153 0.433 1    
433:  0.175 0.282 0.305 0.239 1    
434:  0.187 0.282 0.316 0.215 1    
435:  0.337 0.234 0.192 0.236 1    
436:  0.255 0.233 0.221 0.291 1    
437:  0.433 0.179 0.176 0.212 1    
438:  0.208 0.326 0.293 0.173 1    
439:  0.192 0.255 0.306 0.246 1    
440:  0.185 0.318 0.285 0.212 1    
441:  0.236 0.279 0.237 0.248 1    
442:  0.187 0.267 0.289 0.258 1    
443:  0.258 0.294 0.234 0.214 1    
444:  0.247 0.316 0.178 0.259 1    
445:  0.208 0.242 0.239 0.312 1    
446:  0.281 0.224 0.349 0.146 1    
447:  0.267 0.221 0.183 0.328 1    
448:  0.199 0.279 0.247 0.275 1    
449:  0.189 0.370 0.278 0.163 1    
450:  0.268 0.262 0.221 0.249 1    
451:  0.231 0.195 0.231 0.343 1    
452:  0.226 0.264 0.190 0.321 1    
453:  0.242 0.282 0.281 0.196 1    
454:  0.208 0.254 0.319 0.219 1    
455:  0.197 0.226 0.334 0.243 1    
456:  0.241 0.232 0.174 0.353 1    
457:  0.240 0.300 0.265 0.194 1    
458:  0.245 0.250 0.232 0.273 1    
459:  0.165 0.280 0.396 0.159 1    
460:  0.221 0.328 0.227 0.225 1    
461:  0.167 0.286 0.387 0.160 1    
462:  0.153 0.262 0.356 0.229 1    
463:  0.217 0.193 0.285 0.306 1    
464:  0.163 0.328 0.336 0.173 1    
465:  0.186 0.237 0.296 0.281 1    
466:  0.238 0.213 0.201 0.347 1    
467:  0.210 0.257 0.276 0.257 1    
468:  0.386 0.223 0.186 0.206 1    
469:  0.244 0.223 0.197 0.335 1    
470:  0.226 0.271 0.288 0.215 1    
471:  0.186 0.318 0.328 0.167 1    
472:  0.206 0.248 0.272 0.274 1    
473:  0.336 0.241 0.189 0.234 1    
474:  0.217 0.220 0.257 0.306 1    
475:  0.188 0.225 0.381 0.206 1    
476:  0.287 0.240 0.240 0.233 1    
477:  0.204 0.227 0.277 0.292 1    
478:  0.206 0.320 0.193 0.281 1    
479:  0.256 0.310 0.175 0.259 1    
480:  0.292 0.244 0.260 0.204 1    
481:  0.272 0.211 0.171 0.346 1    
482:  0.240 0.339 0.207 0.214 1    
483:  0.246 0.284 0.224 0.246 1    
484:  0.372 0.211 0.251 0.165 1    
485:  0.219 0.285 0.223 0.272 1    
486:  0.202 0.256 0.282 0.260 1    
487:  0.384 0.187 0.190 0.239 1    
488:  0.200 0.236 0.367 0.196 1    
489:  0.252 0.252 0.286 0.210 1    
490:  0.225 0.339 0.242 0.194 1    
491:  0.241 0.239 0.300 0.220 1    
492:  0.248 0.253 0.213 0.286 1    
493:  0.226 0.224 0.196 0.354 1    
494:  0.278 0.194 0.394 0.134 1    
495:  0.310 0.228 0.242 0.221 1    
496:  0.190 0.304 0.220 0.287 1    
497:  0.186 0.266 0.344 0.204 1    
498:  0.283 0.251 0.262 0.204 1    
499:  0.224 0.290 0.216 0.270 1    
500:  0.185 0.284 0.220 0.311 1    
501:  0.310 0.185 0.144 0.362 1    
502:  0.210 0.202 0.162 0.426 1    
503:  0.228 0.277 0.202 0.293 1    
504:  0.186 0.344 0.296 0.174 1    
505:  0.257 0.253 0.279 0.211 1    
506:  0.229 0.241 0.276 0.254 1    
507:  0.199 0.239 0.313 0.249 1    
508:  0.166 0.398 0.226 0.210 1    
509:  0.267 0.260 0.200 0.273 1    
510:  0.228 0.306 0.219 0.247 1    
511:  0.237 0.317 0.238 0.208 1    
512:  0.245 0.241 0.163 0.351 1    
513:  0.181 0.323 0.295 0.201 1    
514:  0.282 0.318 0.227 0.173 1    
515:  0.278 0.246 0.219 0.256 1    
516:  0.245 0.254 0.223 0.278 1    
517:  0.204 0.194 0.316 0.285 1    
518:  0.366 0.188 0.179 0.266 1    
519:  0.150 0.295 0.343 0.211 1    
520:  0.270 0.280 0.200 0.250 1    
521:  0.220 0.196 0.235 0.348 1    
522:  0.233 0.299 0.222 0.246 1    
523:  0.232 0.281 0.250 0.237 1    
