1:    0.239 0.119 0.213 0.102 0.011 0.315 1    
2:    0.083 0.049 0.209 0.140 0.022 0.497 1    
3:    0.547 0.130 0.096 0.184 0.007 0.035 1    
4:    0.557 0.070 0.111 0.121 0.095 0.047 1    
5:    0.058 0.232 0.301 0.214 0.008 0.187 1    
6:    0.246 0.071 0.293 0.112 0.010 0.269 1    
7:    0.643 0.092 0.061 0.151 0.017 0.035 1    
8:    0.134 0.052 0.316 0.277 0.009 0.212 1    
9:    0.478 0.069 0.152 0.176 0.009 0.116 1    
10:   0.318 0.055 0.309 0.170 0.023 0.125 1    
11:   0.228 0.104 0.272 0.161 0.053 0.181 1    
12:   0.629 0.032 0.091 0.158 0.037 0.053 1    
13:   0.288 0.159 0.138 0.325 0.015 0.076 1    
14:   0.072 0.032 0.369 0.156 0.016 0.354 1    
15:   0.511 0.037 0.224 0.124 0.010 0.094 1    
16:   0.356 0.081 0.211 0.175 0.038 0.139 1    
17:   0.099 0.273 0.268 0.194 0.007 0.160 1    
18:   0.560 0.049 0.165 0.121 0.022 0.084 1    
19:   0.252 0.099 0.223 0.295 0.072 0.059 1    
20:   0.623 0.025 0.074 0.241 0.008 0.030 1    
21:   0.682 0.012 0.070 0.197 0.008 0.031 1    
22:   0.424 0.052 0.202 0.180 0.035 0.107 1    
23:   0.077 0.255 0.165 0.230 0.009 0.263 1    
24:   0.132 0.426 0.186 0.153 0.021 0.082 1    
25:   0.108 0.232 0.216 0.268 0.006 0.171 1    
26:   0.596 0.049 0.080 0.182 0.010 0.083 1    
27:   0.265 0.257 0.137 0.175 0.008 0.158 1    
28:   0.079 0.133 0.150 0.497 0.010 0.129 1    
29:   0.080 0.054 0.336 0.477 0.006 0.047 1    
30:   0.072 0.028 0.209 0.155 0.031 0.506 1    
31:   0.216 0.061 0.177 0.373 0.011 0.162 1    
32:   0.080 0.229 0.089 0.536 0.009 0.056 1    
33:   0.074 0.201 0.248 0.227 0.016 0.235 1    
34:   0.044 0.365 0.196 0.145 0.048 0.201 1    
35:   0.070 0.607 0.143 0.126 0.008 0.046 1    
36:   0.084 0.603 0.117 0.145 0.008 0.044 1    
37:   0.178 0.104 0.188 0.298 0.007 0.224 1    
38:   0.138 0.201 0.193 0.404 0.019 0.044 1    
39:   0.071 0.152 0.133 0.134 0.005 0.504 1    
40:   0.038 0.083 0.188 0.144 0.016 0.531 1    
41:   0.206 0.129 0.255 0.210 0.021 0.179 1    
42:   0.138 0.133 0.162 0.190 0.009 0.368 1    
43:   0.076 0.030 0.185 0.145 0.017 0.548 1    
44:   0.153 0.158 0.262 0.280 0.054 0.092 1    
45:   0.091 0.033 0.126 0.245 0.013 0.492 1    
46:   0.085 0.138 0.145 0.109 0.015 0.509 1    
47:   0.105 0.231 0.180 0.397 0.015 0.073 1    
48:   0.045 0.016 0.136 0.255 0.007 0.541 1    
49:   0.342 0.190 0.173 0.213 0.028 0.053 1    
50:   0.097 0.097 0.378 0.176 0.014 0.237 1    
51:   0.094 0.031 0.438 0.233 0.019 0.184 1    
52:   0.225 0.037 0.231 0.422 0.010 0.076 1    
53:   0.054 0.097 0.081 0.287 0.007 0.474 1    
54:   0.293 0.349 0.088 0.110 0.032 0.129 1    
55:   0.168 0.107 0.213 0.190 0.049 0.272 1    
56:   0.275 0.079 0.162 0.431 0.014 0.040 1    
57:   0.067 0.070 0.101 0.304 0.006 0.451 1    
58:   0.236 0.085 0.210 0.339 0.039 0.091 1    
59:   0.050 0.050 0.259 0.159 0.027 0.455 1    
60:   0.106 0.132 0.145 0.209 0.009 0.399 1    
61:   0.117 0.202 0.190 0.184 0.160 0.147 1    
62:   0.163 0.334 0.221 0.192 0.020 0.071 1    
63:   0.043 0.080 0.139 0.063 0.009 0.665 1    
64:   0.127 0.142 0.137 0.060 0.316 0.217 1    
65:   0.084 0.090 0.250 0.398 0.010 0.169 1    
66:   0.064 0.028 0.226 0.149 0.028 0.506 1    
67:   0.431 0.097 0.142 0.089 0.024 0.218 1    
68:   0.068 0.056 0.261 0.115 0.012 0.488 1    
69:   0.152 0.031 0.390 0.178 0.009 0.240 1    
70:   0.037 0.168 0.113 0.082 0.014 0.586 1    
71:   0.064 0.066 0.150 0.138 0.083 0.499 1    
72:   0.344 0.067 0.164 0.293 0.011 0.121 1    
73:   0.295 0.014 0.111 0.551 0.006 0.023 1    
74:   0.323 0.010 0.097 0.544 0.006 0.020 1    
75:   0.075 0.039 0.138 0.296 0.020 0.432 1    
76:   0.439 0.022 0.138 0.367 0.005 0.029 1    
77:   0.070 0.205 0.203 0.070 0.010 0.443 1    
78:   0.156 0.107 0.164 0.180 0.316 0.078 1    
79:   0.267 0.216 0.154 0.144 0.018 0.201 1    
80:   0.510 0.045 0.077 0.311 0.014 0.043 1    
81:   0.057 0.034 0.079 0.255 0.008 0.567 1    
82:   0.061 0.032 0.172 0.137 0.014 0.583 1    
83:   0.182 0.419 0.210 0.076 0.007 0.106 1    
84:   0.165 0.207 0.220 0.145 0.047 0.218 1    
85:   0.105 0.164 0.247 0.206 0.175 0.103 1    
86:   0.049 0.599 0.205 0.089 0.019 0.038 1    
87:   0.024 0.864 0.042 0.044 0.007 0.019 1    
88:   0.078 0.040 0.182 0.062 0.020 0.617 1    
89:   0.205 0.032 0.174 0.365 0.011 0.213 1    
90:   0.289 0.023 0.127 0.255 0.008 0.298 1    
91:   0.247 0.068 0.310 0.235 0.044 0.096 1    
92:   0.092 0.021 0.690 0.073 0.021 0.103 1    
93:   0.440 0.047 0.187 0.139 0.015 0.171 1    
94:   0.096 0.181 0.158 0.115 0.022 0.429 1    
95:   0.081 0.243 0.287 0.199 0.050 0.139 1    
96:   0.054 0.735 0.094 0.080 0.009 0.029 1    
97:   0.079 0.047 0.091 0.197 0.014 0.573 1    
98:   0.241 0.067 0.259 0.134 0.154 0.144 1    
99:   0.210 0.075 0.302 0.293 0.008 0.111 1    
100:  0.265 0.159 0.298 0.091 0.060 0.127 1    
101:  0.186 0.078 0.386 0.143 0.011 0.195 1    
102:  0.137 0.041 0.285 0.434 0.010 0.093 1    
103:  0.069 0.742 0.056 0.068 0.027 0.038 1    
104:  0.453 0.181 0.140 0.125 0.017 0.084 1    
105:  0.130 0.121 0.254 0.383 0.016 0.097 1    
106:  0.277 0.072 0.259 0.310 0.006 0.075 1    
107:  0.206 0.347 0.167 0.168 0.007 0.106 1    
108:  0.111 0.531 0.117 0.068 0.007 0.167 1    
109:  0.288 0.373 0.104 0.096 0.006 0.133 1    
110:  0.527 0.052 0.169 0.135 0.015 0.102 1    
111:  0.056 0.040 0.253 0.270 0.012 0.370 1    
112:  0.152 0.066 0.251 0.424 0.009 0.099 1    
113:  0.126 0.215 0.186 0.374 0.009 0.090 1    
114:  0.110 0.528 0.140 0.111 0.035 0.075 1    
115:  0.568 0.040 0.135 0.154 0.016 0.087 1    
116:  0.093 0.037 0.420 0.147 0.016 0.287 1    
117:  0.097 0.439 0.163 0.102 0.059 0.139 1    
118:  0.120 0.234 0.170 0.099 0.014 0.363 1    
119:  0.048 0.284 0.128 0.154 0.025 0.361 1    
120:  0.060 0.524 0.111 0.084 0.015 0.206 1    
121:  0.124 0.046 0.286 0.372 0.007 0.166 1    
122:  0.176 0.376 0.148 0.145 0.013 0.143 1    
123:  0.121 0.156 0.243 0.285 0.056 0.138 1    
124:  0.506 0.035 0.201 0.183 0.013 0.061 1    
125:  0.255 0.104 0.154 0.160 0.116 0.212 1    
126:  0.436 0.015 0.259 0.152 0.030 0.107 1    
127:  0.319 0.269 0.163 0.115 0.032 0.103 1    
128:  0.070 0.193 0.235 0.100 0.010 0.392 1    
129:  0.021 0.880 0.038 0.024 0.005 0.032 1    
130:  0.162 0.028 0.256 0.443 0.005 0.106 1    
131:  0.027 0.855 0.033 0.026 0.039 0.021 1    
132:  0.276 0.052 0.177 0.118 0.022 0.355 1    
133:  0.078 0.174 0.177 0.042 0.020 0.509 1    
134:  0.255 0.025 0.106 0.565 0.018 0.031 1    
135:  0.270 0.047 0.221 0.106 0.065 0.291 1    
136:  0.283 0.181 0.211 0.183 0.058 0.085 1    
137:  0.324 0.169 0.115 0.056 0.137 0.199 1    
138:  0.022 0.873 0.037 0.019 0.024 0.025 1    
139:  0.065 0.053 0.111 0.085 0.468 0.218 1    
140:  0.095 0.360 0.158 0.174 0.016 0.197 1    
141:  0.022 0.739 0.041 0.016 0.136 0.046 1    
142:  0.007 0.008 0.007 0.007 0.965 0.007 1    
143:  0.009 0.013 0.012 0.010 0.943 0.012 1    
144:  0.007 0.006 0.007 0.006 0.968 0.006 1    
145:  0.008 0.009 0.008 0.008 0.959 0.008 1    
146:  0.006 0.006 0.006 0.005 0.972 0.006 1    
147:  0.005 0.007 0.006 0.006 0.970 0.007 1    
148:  0.006 0.008 0.007 0.008 0.962 0.009 1    
149:  0.011 0.013 0.013 0.012 0.935 0.017 1    
150:  0.006 0.006 0.007 0.006 0.969 0.005 1    
151:  0.004 0.005 0.006 0.004 0.976 0.005 1    
152:  0.373 0.053 0.182 0.243 0.014 0.135 1    
153:  0.204 0.284 0.178 0.159 0.018 0.157 1    
154:  0.053 0.189 0.336 0.160 0.017 0.245 1    
155:  0.105 0.142 0.316 0.088 0.141 0.209 1    
156:  0.236 0.084 0.272 0.283 0.006 0.119 1    
157:  0.517 0.053 0.099 0.150 0.013 0.168 1    
158:  0.084 0.648 0.110 0.054 0.049 0.055 1    
159:  0.016 0.900 0.021 0.030 0.020 0.013 1    
160:  0.082 0.030 0.318 0.148 0.020 0.402 1    
161:  0.064 0.025 0.137 0.072 0.088 0.614 1    
162:  0.065 0.102 0.146 0.109 0.016 0.564 1    
163:  0.401 0.245 0.100 0.173 0.008 0.074 1    
164:  0.392 0.128 0.150 0.160 0.016 0.155 1    
165:  0.554 0.027 0.132 0.135 0.023 0.128 1    
166:  0.112 0.067 0.381 0.244 0.012 0.184 1    
167:  0.301 0.114 0.160 0.100 0.015 0.310 1    
168:  0.481 0.039 0.167 0.244 0.008 0.060 1    
169:  0.081 0.062 0.430 0.146 0.052 0.229 1    
170:  0.118 0.023 0.338 0.252 0.024 0.245 1    
171:  0.215 0.084 0.451 0.175 0.020 0.054 1    
172:  0.113 0.046 0.411 0.212 0.013 0.206 1    
173:  0.158 0.090 0.274 0.125 0.027 0.325 1    
174:  0.112 0.216 0.269 0.164 0.011 0.228 1    
175:  0.237 0.115 0.227 0.161 0.184 0.076 1    
176:  0.310 0.159 0.153 0.184 0.057 0.136 1    
177:  0.028 0.811 0.075 0.017 0.008 0.062 1    
178:  0.168 0.430 0.141 0.134 0.011 0.115 1    
179:  0.098 0.390 0.167 0.150 0.046 0.148 1    
180:  0.250 0.088 0.175 0.198 0.018 0.271 1    
181:  0.063 0.323 0.294 0.085 0.015 0.219 1    
182:  0.214 0.102 0.184 0.217 0.032 0.253 1    
183:  0.037 0.755 0.077 0.020 0.013 0.097 1    
184:  0.194 0.039 0.535 0.131 0.021 0.079 1    
185:  0.212 0.030 0.406 0.221 0.013 0.119 1    
186:  0.091 0.222 0.206 0.090 0.016 0.374 1    
187:  0.456 0.091 0.146 0.217 0.009 0.081 1    
188:  0.220 0.193 0.189 0.294 0.048 0.056 1    
189:  0.272 0.313 0.147 0.196 0.022 0.050 1    
190:  0.182 0.049 0.267 0.223 0.016 0.262 1    
191:  0.207 0.115 0.171 0.219 0.006 0.282 1    
192:  0.125 0.088 0.335 0.277 0.043 0.130 1    
193:  0.085 0.171 0.184 0.092 0.296 0.173 1    
194:  0.595 0.025 0.097 0.229 0.010 0.044 1    
195:  0.168 0.422 0.194 0.151 0.012 0.053 1    
196:  0.072 0.330 0.237 0.058 0.030 0.272 1    
197:  0.049 0.710 0.112 0.054 0.010 0.065 1    
198:  0.385 0.094 0.276 0.171 0.011 0.063 1    
199:  0.118 0.146 0.240 0.168 0.105 0.222 1    
200:  0.322 0.120 0.227 0.118 0.020 0.193 1    
                       
                       
1:    0.193 0.184 0.008 0.333 0.238 0.043 1    
2:    0.253 0.092 0.026 0.219 0.333 0.077 1    
3:    0.071 0.113 0.007 0.693 0.040 0.076 1    
4:    0.055 0.048 0.069 0.744 0.048 0.036 1    
5:    0.335 0.234 0.007 0.057 0.125 0.243 1    
6:    0.291 0.076 0.007 0.333 0.204 0.088 1    
7:    0.040 0.079 0.012 0.815 0.028 0.027 1    
8:    0.265 0.105 0.009 0.061 0.207 0.352 1    
9:    0.094 0.041 0.008 0.677 0.080 0.100 1    
10:   0.451 0.046 0.019 0.250 0.108 0.126 1    
11:   0.281 0.086 0.045 0.311 0.132 0.144 1    
12:   0.101 0.031 0.037 0.712 0.069 0.051 1    
13:   0.168 0.145 0.012 0.221 0.126 0.329 1    
14:   0.518 0.056 0.017 0.048 0.239 0.122 1    
15:   0.195 0.045 0.009 0.606 0.083 0.062 1    
16:   0.178 0.108 0.034 0.495 0.149 0.036 1    
17:   0.217 0.265 0.006 0.159 0.187 0.166 1    
18:   0.077 0.061 0.018 0.699 0.076 0.069 1    
19:   0.168 0.158 0.074 0.198 0.049 0.354 1    
20:   0.118 0.017 0.006 0.545 0.037 0.278 1    
21:   0.060 0.021 0.007 0.706 0.053 0.152 1    
22:   0.186 0.055 0.034 0.524 0.106 0.095 1    
23:   0.235 0.224 0.009 0.088 0.238 0.206 1    
24:   0.214 0.341 0.018 0.182 0.098 0.147 1    
25:   0.277 0.145 0.007 0.123 0.135 0.313 1    
26:   0.090 0.046 0.012 0.678 0.109 0.065 1    
27:   0.146 0.198 0.008 0.415 0.132 0.101 1    
28:   0.083 0.084 0.009 0.022 0.110 0.692 1    
29:   0.206 0.045 0.005 0.019 0.060 0.665 1    
30:   0.164 0.053 0.028 0.076 0.628 0.050 1    
31:   0.175 0.029 0.010 0.066 0.137 0.582 1    
32:   0.042 0.197 0.007 0.027 0.040 0.687 1    
33:   0.209 0.325 0.014 0.036 0.231 0.186 1    
34:   0.104 0.639 0.034 0.035 0.123 0.065 1    
35:   0.095 0.587 0.007 0.029 0.057 0.225 1    
36:   0.094 0.610 0.008 0.039 0.041 0.207 1    
37:   0.195 0.063 0.007 0.105 0.267 0.363 1    
38:   0.085 0.080 0.016 0.035 0.055 0.730 1    
39:   0.141 0.097 0.005 0.117 0.615 0.025 1    
40:   0.197 0.072 0.016 0.047 0.540 0.128 1    
41:   0.236 0.113 0.018 0.276 0.176 0.180 1    
42:   0.133 0.051 0.009 0.266 0.393 0.148 1    
43:   0.146 0.067 0.013 0.062 0.609 0.102 1    
44:   0.226 0.089 0.057 0.069 0.164 0.396 1    
45:   0.146 0.042 0.010 0.112 0.572 0.118 1    
46:   0.099 0.142 0.013 0.201 0.518 0.027 1    
47:   0.151 0.252 0.011 0.042 0.100 0.444 1    
48:   0.146 0.031 0.006 0.038 0.754 0.024 1    
49:   0.193 0.112 0.029 0.255 0.062 0.349 1    
50:   0.424 0.100 0.011 0.066 0.146 0.254 1    
51:   0.398 0.068 0.017 0.062 0.247 0.207 1    
52:   0.080 0.035 0.007 0.042 0.108 0.728 1    
53:   0.128 0.039 0.006 0.085 0.583 0.158 1    
54:   0.130 0.289 0.029 0.353 0.098 0.101 1    
55:   0.200 0.103 0.043 0.168 0.435 0.051 1    
56:   0.124 0.030 0.013 0.041 0.020 0.771 1    
57:   0.118 0.085 0.007 0.041 0.652 0.097 1    
58:   0.203 0.028 0.028 0.077 0.077 0.588 1    
59:   0.279 0.077 0.027 0.106 0.416 0.095 1    
60:   0.136 0.149 0.006 0.124 0.497 0.088 1    
61:   0.215 0.167 0.138 0.085 0.124 0.270 1    
62:   0.254 0.278 0.015 0.152 0.141 0.159 1    
63:   0.143 0.147 0.010 0.066 0.583 0.052 1    
64:   0.118 0.278 0.305 0.162 0.112 0.025 1    
65:   0.256 0.088 0.010 0.041 0.223 0.382 1    
66:   0.160 0.041 0.023 0.076 0.578 0.122 1    
67:   0.133 0.066 0.027 0.609 0.113 0.052 1    
68:   0.244 0.065 0.011 0.078 0.584 0.018 1    
69:   0.408 0.049 0.008 0.094 0.257 0.184 1    
70:   0.155 0.222 0.015 0.060 0.445 0.103 1    
71:   0.179 0.074 0.082 0.081 0.518 0.066 1    
72:   0.214 0.043 0.011 0.114 0.086 0.533 1    
73:   0.032 0.012 0.006 0.037 0.036 0.876 1    
74:   0.047 0.009 0.006 0.021 0.040 0.877 1    
75:   0.201 0.046 0.020 0.068 0.561 0.103 1    
76:   0.105 0.024 0.004 0.180 0.047 0.639 1    
77:   0.261 0.258 0.011 0.067 0.343 0.061 1    
78:   0.250 0.101 0.263 0.072 0.096 0.218 1    
79:   0.233 0.237 0.018 0.228 0.181 0.104 1    
80:   0.085 0.034 0.015 0.284 0.055 0.527 1    
81:   0.120 0.062 0.008 0.044 0.719 0.047 1    
82:   0.171 0.092 0.013 0.041 0.595 0.087 1    
83:   0.164 0.423 0.007 0.245 0.109 0.052 1    
84:   0.204 0.306 0.030 0.197 0.163 0.101 1    
85:   0.281 0.241 0.157 0.116 0.125 0.081 1    
86:   0.145 0.688 0.016 0.040 0.045 0.066 1    
87:   0.049 0.867 0.006 0.025 0.031 0.022 1    
88:   0.325 0.070 0.020 0.063 0.446 0.075 1    
89:   0.233 0.024 0.011 0.140 0.282 0.310 1    
90:   0.206 0.032 0.009 0.201 0.405 0.146 1    
91:   0.260 0.082 0.034 0.194 0.107 0.322 1    
92:   0.628 0.085 0.013 0.108 0.130 0.035 1    
93:   0.168 0.042 0.018 0.584 0.168 0.020 1    
94:   0.194 0.230 0.020 0.082 0.410 0.065 1    
95:   0.316 0.268 0.038 0.036 0.149 0.193 1    
96:   0.051 0.769 0.009 0.040 0.026 0.105 1    
97:   0.112 0.104 0.011 0.078 0.638 0.058 1    
98:   0.287 0.108 0.143 0.292 0.127 0.045 1    
99:   0.226 0.043 0.008 0.046 0.096 0.580 1    
100:  0.314 0.108 0.037 0.385 0.117 0.039 1    
101:  0.405 0.049 0.010 0.283 0.180 0.073 1    
102:  0.212 0.051 0.007 0.102 0.186 0.443 1    
103:  0.091 0.701 0.021 0.080 0.040 0.067 1    
104:  0.095 0.168 0.017 0.577 0.076 0.067 1    
105:  0.248 0.103 0.015 0.099 0.217 0.317 1    
106:  0.201 0.044 0.007 0.229 0.072 0.447 1    
107:  0.139 0.264 0.007 0.406 0.105 0.080 1    
108:  0.090 0.487 0.007 0.234 0.133 0.049 1    
109:  0.076 0.289 0.005 0.509 0.063 0.058 1    
110:  0.132 0.046 0.015 0.587 0.095 0.125 1    
111:  0.220 0.070 0.011 0.073 0.530 0.097 1    
112:  0.262 0.077 0.007 0.078 0.109 0.467 1    
113:  0.098 0.151 0.008 0.020 0.030 0.693 1    
114:  0.154 0.562 0.025 0.053 0.053 0.153 1    
115:  0.130 0.021 0.015 0.660 0.084 0.091 1    
116:  0.421 0.026 0.012 0.133 0.342 0.067 1    
117:  0.190 0.408 0.057 0.164 0.110 0.071 1    
118:  0.201 0.259 0.010 0.162 0.291 0.077 1    
119:  0.114 0.373 0.020 0.072 0.382 0.040 1    
120:  0.101 0.675 0.012 0.053 0.129 0.029 1    
121:  0.256 0.066 0.008 0.083 0.265 0.323 1    
122:  0.202 0.317 0.014 0.226 0.118 0.122 1    
123:  0.219 0.128 0.054 0.070 0.114 0.414 1    
124:  0.231 0.030 0.014 0.439 0.077 0.208 1    
125:  0.176 0.111 0.096 0.242 0.302 0.074 1    
126:  0.342 0.021 0.027 0.312 0.135 0.163 1    
127:  0.175 0.208 0.024 0.395 0.096 0.102 1    
128:  0.272 0.398 0.007 0.063 0.236 0.024 1    
129:  0.038 0.870 0.005 0.020 0.037 0.029 1    
130:  0.152 0.023 0.005 0.022 0.076 0.722 1    
131:  0.032 0.851 0.056 0.020 0.020 0.021 1    
132:  0.212 0.049 0.025 0.348 0.319 0.048 1    
133:  0.196 0.325 0.016 0.125 0.320 0.018 1    
134:  0.069 0.026 0.018 0.035 0.010 0.843 1    
135:  0.274 0.046 0.059 0.268 0.223 0.130 1    
136:  0.216 0.186 0.043 0.255 0.089 0.210 1    
137:  0.099 0.109 0.129 0.546 0.091 0.026 1    
138:  0.028 0.886 0.026 0.017 0.029 0.014 1    
139:  0.122 0.056 0.457 0.128 0.203 0.033 1    
140:  0.146 0.366 0.012 0.068 0.277 0.131 1    
141:  0.032 0.787 0.117 0.023 0.031 0.010 1    
142:  0.007 0.007 0.965 0.008 0.007 0.006 1    
143:  0.014 0.012 0.942 0.010 0.012 0.011 1    
144:  0.008 0.006 0.969 0.005 0.007 0.006 1    
145:  0.008 0.013 0.954 0.008 0.008 0.009 1    
146:  0.006 0.005 0.969 0.006 0.006 0.007 1    
147:  0.006 0.005 0.973 0.006 0.005 0.005 1    
148:  0.008 0.008 0.960 0.008 0.009 0.006 1    
149:  0.012 0.011 0.941 0.010 0.013 0.013 1    
150:  0.006 0.007 0.969 0.006 0.006 0.006 1    
151:  0.004 0.004 0.978 0.005 0.004 0.004 1    
152:  0.201 0.065 0.015 0.325 0.127 0.267 1    
153:  0.187 0.239 0.015 0.365 0.123 0.071 1    
154:  0.400 0.211 0.017 0.057 0.206 0.109 1    
155:  0.374 0.192 0.119 0.100 0.143 0.072 1    
156:  0.252 0.094 0.006 0.194 0.210 0.245 1    
157:  0.140 0.047 0.012 0.633 0.116 0.051 1    
158:  0.083 0.573 0.041 0.149 0.088 0.066 1    
159:  0.017 0.884 0.018 0.015 0.013 0.053 1    
160:  0.408 0.040 0.021 0.080 0.413 0.038 1    
161:  0.149 0.026 0.095 0.084 0.627 0.019 1    
162:  0.125 0.175 0.015 0.091 0.557 0.037 1    
163:  0.100 0.178 0.006 0.389 0.070 0.257 1    
164:  0.121 0.089 0.013 0.575 0.134 0.068 1    
165:  0.080 0.016 0.017 0.813 0.055 0.019 1    
166:  0.428 0.057 0.010 0.031 0.176 0.298 1    
167:  0.181 0.133 0.012 0.390 0.210 0.073 1    
168:  0.152 0.059 0.010 0.375 0.094 0.310 1    
169:  0.484 0.075 0.050 0.141 0.219 0.031 1    
170:  0.471 0.044 0.023 0.066 0.195 0.202 1    
171:  0.441 0.082 0.020 0.115 0.088 0.254 1    
172:  0.448 0.054 0.015 0.155 0.192 0.137 1    
173:  0.228 0.085 0.024 0.321 0.280 0.063 1    
174:  0.274 0.170 0.011 0.182 0.254 0.109 1    
175:  0.246 0.151 0.168 0.234 0.087 0.115 1    
176:  0.170 0.153 0.050 0.311 0.156 0.159 1    
177:  0.081 0.814 0.006 0.045 0.040 0.015 1    
178:  0.175 0.310 0.012 0.169 0.135 0.198 1    
179:  0.128 0.513 0.038 0.117 0.145 0.059 1    
180:  0.215 0.126 0.018 0.348 0.207 0.085 1    
181:  0.323 0.421 0.015 0.065 0.125 0.051 1    
182:  0.212 0.113 0.027 0.191 0.328 0.129 1    
183:  0.067 0.788 0.013 0.048 0.061 0.023 1    
184:  0.536 0.035 0.017 0.160 0.087 0.165 1    
185:  0.385 0.035 0.012 0.118 0.146 0.303 1    
186:  0.177 0.292 0.017 0.079 0.336 0.098 1    
187:  0.188 0.101 0.008 0.427 0.099 0.176 1    
188:  0.120 0.098 0.046 0.069 0.043 0.623 1    
189:  0.145 0.183 0.021 0.178 0.043 0.429 1    
190:  0.222 0.093 0.017 0.127 0.358 0.183 1    
191:  0.170 0.134 0.006 0.205 0.245 0.239 1    
192:  0.318 0.110 0.040 0.084 0.206 0.242 1    
193:  0.186 0.228 0.297 0.080 0.165 0.044 1    
194:  0.110 0.047 0.009 0.625 0.053 0.157 1    
195:  0.333 0.356 0.010 0.074 0.061 0.165 1    
196:  0.208 0.512 0.028 0.094 0.125 0.032 1    
197:  0.133 0.589 0.012 0.040 0.093 0.133 1    
198:  0.178 0.056 0.012 0.463 0.071 0.220 1    
199:  0.285 0.212 0.094 0.136 0.173 0.100 1    
200:  0.173 0.104 0.020 0.382 0.200 0.122 1    
                       
                       
1:    0.172 0.174 0.189 0.263 0.007 0.195 1    
2:    0.225 0.196 0.153 0.104 0.023 0.298 1    
3:    0.230 0.128 0.181 0.038 0.006 0.416 1    
4:    0.206 0.172 0.173 0.068 0.072 0.309 1    
5:    0.284 0.225 0.095 0.042 0.006 0.348 1    
6:    0.241 0.163 0.079 0.062 0.007 0.447 1    
7:    0.172 0.088 0.277 0.035 0.014 0.414 1    
8:    0.152 0.245 0.170 0.303 0.010 0.121 1    
9:    0.201 0.164 0.201 0.123 0.008 0.303 1    
10:   0.174 0.353 0.158 0.069 0.016 0.229 1    
11:   0.168 0.263 0.144 0.101 0.050 0.275 1    
12:   0.122 0.159 0.228 0.043 0.037 0.410 1    
13:   0.137 0.143 0.283 0.219 0.010 0.208 1    
14:   0.127 0.402 0.206 0.195 0.016 0.053 1    
15:   0.107 0.194 0.267 0.037 0.010 0.385 1    
16:   0.236 0.261 0.082 0.181 0.040 0.200 1    
17:   0.383 0.145 0.093 0.142 0.006 0.232 1    
18:   0.283 0.239 0.094 0.071 0.018 0.294 1    
19:   0.218 0.243 0.139 0.205 0.051 0.144 1    
20:   0.159 0.123 0.302 0.064 0.005 0.347 1    
21:   0.069 0.072 0.338 0.040 0.007 0.474 1    
22:   0.241 0.296 0.125 0.114 0.041 0.183 1    
23:   0.392 0.037 0.069 0.061 0.007 0.433 1    
24:   0.274 0.129 0.148 0.045 0.019 0.384 1    
25:   0.355 0.135 0.081 0.083 0.005 0.341 1    
26:   0.184 0.158 0.251 0.073 0.011 0.324 1    
27:   0.232 0.135 0.178 0.162 0.009 0.285 1    
28:   0.252 0.224 0.099 0.357 0.008 0.061 1    
29:   0.251 0.301 0.063 0.330 0.005 0.049 1    
30:   0.073 0.166 0.293 0.355 0.027 0.086 1    
31:   0.246 0.204 0.209 0.185 0.010 0.145 1    
32:   0.317 0.076 0.111 0.454 0.007 0.034 1    
33:   0.157 0.245 0.221 0.283 0.014 0.081 1    
34:   0.133 0.195 0.297 0.303 0.029 0.043 1    
35:   0.264 0.090 0.193 0.121 0.007 0.325 1    
36:   0.291 0.074 0.178 0.129 0.008 0.320 1    
37:   0.363 0.113 0.110 0.063 0.006 0.344 1    
38:   0.333 0.231 0.108 0.249 0.014 0.065 1    
39:   0.254 0.102 0.137 0.188 0.005 0.313 1    
40:   0.202 0.122 0.179 0.209 0.015 0.272 1    
41:   0.204 0.216 0.181 0.116 0.018 0.264 1    
42:   0.278 0.157 0.109 0.199 0.008 0.247 1    
43:   0.152 0.204 0.241 0.278 0.015 0.110 1    
44:   0.162 0.309 0.221 0.170 0.047 0.091 1    
45:   0.135 0.212 0.117 0.413 0.011 0.113 1    
46:   0.216 0.112 0.101 0.315 0.014 0.242 1    
47:   0.270 0.108 0.114 0.444 0.012 0.051 1    
48:   0.025 0.103 0.256 0.600 0.005 0.011 1    
49:   0.158 0.198 0.304 0.069 0.028 0.243 1    
50:   0.233 0.359 0.098 0.109 0.012 0.188 1    
51:   0.144 0.296 0.214 0.229 0.016 0.101 1    
52:   0.237 0.210 0.228 0.123 0.009 0.194 1    
53:   0.175 0.128 0.138 0.400 0.006 0.153 1    
54:   0.230 0.134 0.222 0.136 0.029 0.249 1    
55:   0.153 0.238 0.138 0.297 0.043 0.131 1    
56:   0.248 0.255 0.210 0.149 0.012 0.126 1    
57:   0.055 0.128 0.226 0.542 0.006 0.042 1    
58:   0.219 0.276 0.212 0.081 0.031 0.181 1    
59:   0.079 0.203 0.273 0.380 0.025 0.040 1    
60:   0.148 0.162 0.180 0.372 0.008 0.129 1    
61:   0.191 0.254 0.158 0.135 0.148 0.115 1    
62:   0.183 0.270 0.254 0.157 0.018 0.118 1    
63:   0.092 0.116 0.324 0.381 0.010 0.077 1    
64:   0.068 0.125 0.235 0.176 0.310 0.086 1    
65:   0.171 0.231 0.106 0.455 0.008 0.028 1    
66:   0.140 0.233 0.162 0.333 0.023 0.108 1    
67:   0.172 0.146 0.174 0.215 0.023 0.270 1    
68:   0.087 0.220 0.190 0.452 0.012 0.039 1    
69:   0.136 0.337 0.247 0.180 0.007 0.091 1    
70:   0.108 0.153 0.353 0.328 0.012 0.047 1    
71:   0.059 0.156 0.286 0.363 0.069 0.066 1    
72:   0.206 0.194 0.240 0.101 0.010 0.250 1    
73:   0.269 0.136 0.269 0.024 0.005 0.297 1    
74:   0.246 0.117 0.312 0.039 0.006 0.280 1    
75:   0.037 0.143 0.295 0.480 0.018 0.026 1    
76:   0.213 0.095 0.344 0.040 0.004 0.303 1    
77:   0.115 0.229 0.243 0.333 0.010 0.070 1    
78:   0.138 0.270 0.135 0.097 0.283 0.077 1    
79:   0.162 0.176 0.200 0.175 0.017 0.269 1    
80:   0.216 0.076 0.310 0.018 0.015 0.365 1    
81:   0.026 0.058 0.321 0.566 0.007 0.022 1    
82:   0.082 0.162 0.299 0.377 0.014 0.066 1    
83:   0.237 0.185 0.158 0.087 0.006 0.327 1    
84:   0.206 0.173 0.187 0.155 0.039 0.240 1    
85:   0.198 0.206 0.144 0.219 0.146 0.088 1    
86:   0.325 0.197 0.127 0.296 0.018 0.036 1    
87:   0.336 0.061 0.230 0.332 0.005 0.036 1    
88:   0.091 0.229 0.283 0.291 0.020 0.086 1    
89:   0.103 0.174 0.207 0.297 0.009 0.209 1    
90:   0.074 0.157 0.250 0.366 0.007 0.145 1    
91:   0.190 0.311 0.156 0.120 0.034 0.189 1    
92:   0.146 0.627 0.037 0.119 0.014 0.057 1    
93:   0.137 0.235 0.247 0.105 0.015 0.262 1    
94:   0.081 0.152 0.244 0.412 0.020 0.091 1    
95:   0.226 0.341 0.147 0.176 0.037 0.074 1    
96:   0.329 0.082 0.198 0.324 0.009 0.058 1    
97:   0.029 0.061 0.350 0.512 0.010 0.039 1    
98:   0.115 0.327 0.170 0.139 0.131 0.118 1    
99:   0.159 0.325 0.205 0.165 0.007 0.138 1    
100:  0.270 0.233 0.084 0.063 0.050 0.301 1    
101:  0.295 0.262 0.062 0.095 0.011 0.277 1    
102:  0.213 0.219 0.148 0.287 0.007 0.125 1    
103:  0.262 0.111 0.229 0.185 0.023 0.190 1    
104:  0.216 0.122 0.225 0.073 0.014 0.349 1    
105:  0.243 0.260 0.136 0.279 0.012 0.071 1    
106:  0.281 0.199 0.183 0.039 0.006 0.291 1    
107:  0.256 0.108 0.129 0.068 0.006 0.432 1    
108:  0.271 0.079 0.193 0.102 0.006 0.349 1    
109:  0.292 0.097 0.149 0.096 0.006 0.360 1    
110:  0.191 0.162 0.190 0.071 0.015 0.372 1    
111:  0.068 0.176 0.204 0.500 0.011 0.041 1    
112:  0.235 0.225 0.110 0.318 0.007 0.105 1    
113:  0.284 0.174 0.143 0.341 0.008 0.052 1    
114:  0.203 0.170 0.200 0.116 0.029 0.280 1    
115:  0.233 0.156 0.171 0.051 0.015 0.374 1    
116:  0.183 0.335 0.125 0.186 0.013 0.157 1    
117:  0.291 0.110 0.110 0.046 0.061 0.383 1    
118:  0.138 0.109 0.294 0.166 0.011 0.283 1    
119:  0.095 0.157 0.222 0.435 0.018 0.074 1    
120:  0.197 0.130 0.263 0.168 0.015 0.228 1    
121:  0.210 0.220 0.181 0.258 0.008 0.124 1    
122:  0.246 0.102 0.195 0.120 0.011 0.325 1    
123:  0.159 0.247 0.195 0.142 0.054 0.203 1    
124:  0.108 0.145 0.363 0.048 0.011 0.324 1    
125:  0.156 0.243 0.157 0.194 0.096 0.155 1    
126:  0.106 0.269 0.298 0.038 0.022 0.267 1    
127:  0.250 0.192 0.169 0.157 0.022 0.209 1    
128:  0.079 0.136 0.342 0.393 0.009 0.041 1    
129:  0.350 0.056 0.211 0.302 0.004 0.078 1    
130:  0.163 0.292 0.204 0.206 0.004 0.131 1    
131:  0.333 0.060 0.205 0.314 0.043 0.046 1    
132:  0.130 0.230 0.207 0.145 0.020 0.268 1    
133:  0.137 0.238 0.245 0.280 0.019 0.081 1    
134:  0.266 0.167 0.186 0.232 0.012 0.138 1    
135:  0.108 0.193 0.253 0.179 0.060 0.207 1    
136:  0.185 0.202 0.215 0.105 0.044 0.249 1    
137:  0.206 0.131 0.143 0.121 0.124 0.274 1    
138:  0.317 0.100 0.200 0.297 0.029 0.057 1    
139:  0.075 0.163 0.074 0.167 0.445 0.077 1    
140:  0.189 0.150 0.219 0.312 0.011 0.120 1    
141:  0.282 0.113 0.200 0.265 0.108 0.031 1    
142:  0.005 0.005 0.006 0.006 0.970 0.007 1    
143:  0.011 0.011 0.010 0.015 0.943 0.010 1    
144:  0.005 0.006 0.006 0.006 0.971 0.005 1    
145:  0.010 0.009 0.008 0.008 0.957 0.007 1    
146:  0.006 0.005 0.005 0.005 0.974 0.005 1    
147:  0.006 0.006 0.005 0.005 0.973 0.005 1    
148:  0.006 0.007 0.006 0.006 0.967 0.007 1    
149:  0.010 0.008 0.011 0.013 0.948 0.010 1    
150:  0.007 0.006 0.006 0.005 0.972 0.005 1    
151:  0.004 0.004 0.004 0.005 0.978 0.004 1    
152:  0.147 0.277 0.168 0.155 0.017 0.236 1    
153:  0.238 0.173 0.111 0.185 0.015 0.278 1    
154:  0.179 0.368 0.140 0.131 0.015 0.167 1    
155:  0.136 0.344 0.139 0.100 0.134 0.147 1    
156:  0.202 0.256 0.118 0.216 0.006 0.202 1    
157:  0.171 0.214 0.105 0.227 0.012 0.271 1    
158:  0.290 0.091 0.178 0.133 0.055 0.254 1    
159:  0.346 0.068 0.202 0.335 0.017 0.033 1    
160:  0.105 0.295 0.215 0.174 0.016 0.194 1    
161:  0.101 0.143 0.227 0.286 0.115 0.127 1    
162:  0.123 0.137 0.266 0.357 0.015 0.103 1    
163:  0.220 0.110 0.245 0.199 0.007 0.220 1    
164:  0.224 0.172 0.136 0.181 0.012 0.276 1    
165:  0.225 0.156 0.122 0.024 0.018 0.455 1    
166:  0.066 0.482 0.230 0.141 0.009 0.073 1    
167:  0.137 0.190 0.270 0.125 0.011 0.266 1    
168:  0.216 0.127 0.295 0.059 0.009 0.294 1    
169:  0.112 0.421 0.075 0.252 0.070 0.070 1    
170:  0.145 0.371 0.217 0.118 0.027 0.122 1    
171:  0.158 0.445 0.137 0.084 0.020 0.157 1    
172:  0.306 0.244 0.057 0.064 0.014 0.316 1    
173:  0.351 0.063 0.062 0.106 0.021 0.396 1    
174:  0.339 0.116 0.080 0.082 0.010 0.373 1    
175:  0.126 0.245 0.147 0.139 0.166 0.177 1    
176:  0.193 0.139 0.199 0.113 0.049 0.307 1    
177:  0.290 0.164 0.218 0.266 0.006 0.055 1    
178:  0.277 0.086 0.148 0.086 0.014 0.389 1    
179:  0.189 0.215 0.196 0.236 0.044 0.119 1    
180:  0.133 0.163 0.232 0.275 0.015 0.183 1    
181:  0.110 0.411 0.228 0.145 0.012 0.094 1    
182:  0.145 0.277 0.190 0.233 0.024 0.131 1    
183:  0.174 0.168 0.293 0.215 0.012 0.138 1    
184:  0.114 0.383 0.196 0.049 0.020 0.239 1    
185:  0.211 0.240 0.195 0.066 0.012 0.277 1    
186:  0.161 0.195 0.224 0.305 0.011 0.104 1    
187:  0.097 0.184 0.281 0.128 0.009 0.301 1    
188:  0.192 0.173 0.234 0.230 0.040 0.131 1    
189:  0.209 0.135 0.237 0.096 0.016 0.307 1    
190:  0.151 0.233 0.231 0.203 0.015 0.167 1    
191:  0.150 0.231 0.211 0.189 0.005 0.213 1    
192:  0.176 0.280 0.163 0.235 0.031 0.115 1    
193:  0.125 0.156 0.179 0.128 0.299 0.114 1    
194:  0.187 0.160 0.235 0.087 0.010 0.321 1    
195:  0.207 0.331 0.102 0.258 0.011 0.092 1    
196:  0.143 0.201 0.238 0.304 0.029 0.085 1    
197:  0.188 0.147 0.200 0.149 0.012 0.304 1    
198:  0.245 0.311 0.145 0.076 0.008 0.214 1    
199:  0.116 0.298 0.177 0.239 0.105 0.065 1    
200:  0.206 0.215 0.143 0.158 0.019 0.258 1    
                       
                       
1:    0.227 0.184 0.010 0.162 0.251 0.166 1    
2:    0.190 0.252 0.019 0.077 0.230 0.232 1    
3:    0.118 0.107 0.006 0.059 0.539 0.171 1    
4:    0.199 0.056 0.085 0.059 0.457 0.145 1    
5:    0.232 0.370 0.007 0.134 0.163 0.093 1    
6:    0.244 0.228 0.009 0.070 0.260 0.189 1    
7:    0.101 0.049 0.020 0.069 0.642 0.119 1    
8:    0.281 0.240 0.010 0.154 0.134 0.181 1    
9:    0.163 0.102 0.007 0.093 0.468 0.166 1    
10:   0.371 0.139 0.015 0.060 0.255 0.161 1    
11:   0.236 0.143 0.058 0.111 0.273 0.178 1    
12:   0.129 0.074 0.039 0.043 0.541 0.174 1    
13:   0.138 0.155 0.011 0.260 0.248 0.188 1    
14:   0.367 0.196 0.017 0.094 0.146 0.180 1    
15:   0.221 0.074 0.008 0.039 0.509 0.149 1    
16:   0.165 0.111 0.036 0.093 0.372 0.222 1    
17:   0.202 0.203 0.006 0.275 0.169 0.146 1    
18:   0.170 0.101 0.021 0.068 0.476 0.164 1    
19:   0.194 0.203 0.064 0.168 0.153 0.217 1    
20:   0.116 0.089 0.007 0.104 0.483 0.201 1    
21:   0.073 0.094 0.008 0.041 0.582 0.203 1    
22:   0.185 0.139 0.042 0.065 0.415 0.154 1    
23:   0.076 0.437 0.010 0.152 0.192 0.134 1    
24:   0.185 0.302 0.017 0.195 0.194 0.107 1    
25:   0.178 0.328 0.005 0.167 0.186 0.135 1    
26:   0.149 0.059 0.011 0.065 0.561 0.154 1    
27:   0.149 0.255 0.011 0.180 0.281 0.124 1    
28:   0.092 0.227 0.008 0.419 0.107 0.147 1    
29:   0.225 0.209 0.006 0.333 0.120 0.107 1    
30:   0.115 0.145 0.025 0.104 0.094 0.518 1    
31:   0.161 0.242 0.009 0.233 0.237 0.117 1    
32:   0.057 0.208 0.007 0.521 0.095 0.112 1    
33:   0.228 0.171 0.013 0.270 0.112 0.205 1    
34:   0.156 0.201 0.035 0.376 0.092 0.139 1    
35:   0.086 0.380 0.007 0.401 0.071 0.055 1    
36:   0.077 0.371 0.009 0.414 0.078 0.051 1    
37:   0.155 0.355 0.006 0.082 0.249 0.153 1    
38:   0.146 0.267 0.016 0.398 0.077 0.095 1    
39:   0.104 0.254 0.005 0.114 0.097 0.426 1    
40:   0.161 0.344 0.016 0.105 0.090 0.283 1    
41:   0.248 0.180 0.026 0.137 0.226 0.183 1    
42:   0.129 0.247 0.010 0.146 0.218 0.250 1    
43:   0.234 0.203 0.016 0.091 0.097 0.360 1    
44:   0.277 0.156 0.054 0.177 0.111 0.227 1    
45:   0.122 0.180 0.012 0.133 0.122 0.432 1    
46:   0.114 0.220 0.014 0.121 0.129 0.402 1    
47:   0.124 0.209 0.012 0.477 0.076 0.102 1    
48:   0.117 0.147 0.006 0.109 0.098 0.522 1    
49:   0.153 0.185 0.030 0.125 0.297 0.210 1    
50:   0.343 0.270 0.010 0.132 0.113 0.131 1    
51:   0.402 0.211 0.020 0.083 0.054 0.229 1    
52:   0.205 0.254 0.010 0.168 0.155 0.207 1    
53:   0.103 0.212 0.006 0.151 0.165 0.364 1    
54:   0.136 0.203 0.035 0.219 0.273 0.134 1    
55:   0.214 0.128 0.049 0.107 0.198 0.304 1    
56:   0.191 0.171 0.012 0.218 0.237 0.172 1    
57:   0.115 0.150 0.007 0.194 0.082 0.453 1    
58:   0.203 0.297 0.038 0.117 0.175 0.170 1    
59:   0.298 0.157 0.027 0.084 0.131 0.303 1    
60:   0.151 0.180 0.010 0.146 0.150 0.364 1    
61:   0.217 0.204 0.145 0.202 0.109 0.123 1    
62:   0.292 0.107 0.018 0.202 0.220 0.160 1    
63:   0.206 0.160 0.010 0.105 0.072 0.446 1    
64:   0.149 0.156 0.333 0.131 0.130 0.100 1    
65:   0.237 0.176 0.009 0.256 0.071 0.251 1    
66:   0.226 0.180 0.026 0.086 0.081 0.401 1    
67:   0.170 0.156 0.024 0.138 0.367 0.146 1    
68:   0.216 0.094 0.013 0.070 0.100 0.507 1    
69:   0.409 0.154 0.008 0.061 0.137 0.232 1    
70:   0.194 0.250 0.017 0.205 0.111 0.224 1    
71:   0.172 0.137 0.076 0.107 0.103 0.404 1    
72:   0.205 0.192 0.010 0.126 0.331 0.137 1    
73:   0.086 0.394 0.006 0.048 0.264 0.202 1    
74:   0.106 0.355 0.006 0.032 0.292 0.210 1    
75:   0.210 0.184 0.015 0.124 0.100 0.366 1    
76:   0.123 0.244 0.005 0.041 0.379 0.208 1    
77:   0.244 0.161 0.011 0.212 0.110 0.261 1    
78:   0.231 0.184 0.278 0.101 0.087 0.120 1    
79:   0.188 0.232 0.015 0.210 0.203 0.152 1    
80:   0.111 0.223 0.015 0.071 0.428 0.151 1    
81:   0.092 0.150 0.010 0.141 0.106 0.501 1    
82:   0.184 0.196 0.014 0.127 0.158 0.322 1    
83:   0.174 0.320 0.006 0.282 0.125 0.092 1    
84:   0.219 0.219 0.040 0.157 0.182 0.182 1    
85:   0.225 0.135 0.149 0.221 0.109 0.162 1    
86:   0.193 0.141 0.013 0.526 0.042 0.084 1    
87:   0.070 0.183 0.006 0.682 0.040 0.020 1    
88:   0.315 0.194 0.020 0.085 0.142 0.245 1    
89:   0.174 0.245 0.008 0.142 0.163 0.268 1    
90:   0.160 0.148 0.008 0.120 0.262 0.302 1    
91:   0.246 0.211 0.043 0.118 0.186 0.196 1    
92:   0.606 0.084 0.015 0.033 0.080 0.181 1    
93:   0.185 0.112 0.013 0.029 0.452 0.210 1    
94:   0.202 0.174 0.022 0.206 0.109 0.287 1    
95:   0.290 0.242 0.046 0.183 0.085 0.154 1    
96:   0.088 0.174 0.008 0.647 0.045 0.038 1    
97:   0.103 0.141 0.013 0.134 0.093 0.516 1    
98:   0.276 0.077 0.123 0.098 0.255 0.169 1    
99:   0.278 0.169 0.006 0.172 0.156 0.219 1    
100:  0.340 0.152 0.038 0.061 0.291 0.118 1    
101:  0.330 0.229 0.011 0.045 0.231 0.154 1    
102:  0.224 0.225 0.007 0.201 0.139 0.203 1    
103:  0.074 0.265 0.023 0.512 0.090 0.036 1    
104:  0.165 0.153 0.015 0.111 0.452 0.105 1    
105:  0.233 0.189 0.015 0.272 0.123 0.169 1    
106:  0.218 0.284 0.007 0.073 0.288 0.129 1    
107:  0.094 0.330 0.007 0.179 0.281 0.108 1    
108:  0.079 0.295 0.007 0.412 0.136 0.071 1    
109:  0.106 0.302 0.006 0.200 0.306 0.081 1    
110:  0.183 0.118 0.017 0.052 0.472 0.159 1    
111:  0.267 0.147 0.010 0.129 0.093 0.353 1    
112:  0.259 0.195 0.008 0.255 0.133 0.150 1    
113:  0.198 0.278 0.008 0.312 0.074 0.130 1    
114:  0.092 0.310 0.028 0.374 0.079 0.118 1    
115:  0.166 0.140 0.013 0.045 0.492 0.145 1    
116:  0.434 0.179 0.012 0.032 0.101 0.243 1    
117:  0.166 0.357 0.056 0.197 0.152 0.072 1    
118:  0.175 0.261 0.010 0.166 0.141 0.246 1    
119:  0.139 0.119 0.031 0.266 0.098 0.346 1    
120:  0.112 0.274 0.013 0.405 0.090 0.106 1    
121:  0.257 0.274 0.007 0.140 0.151 0.170 1    
122:  0.191 0.292 0.012 0.185 0.195 0.126 1    
123:  0.202 0.230 0.060 0.183 0.116 0.209 1    
124:  0.205 0.107 0.012 0.055 0.435 0.186 1    
125:  0.206 0.097 0.094 0.110 0.216 0.277 1    
126:  0.297 0.090 0.025 0.044 0.340 0.205 1    
127:  0.205 0.159 0.026 0.173 0.313 0.125 1    
128:  0.335 0.158 0.008 0.187 0.119 0.193 1    
129:  0.081 0.179 0.005 0.672 0.025 0.039 1    
130:  0.282 0.271 0.005 0.112 0.137 0.193 1    
131:  0.049 0.193 0.053 0.643 0.028 0.034 1    
132:  0.235 0.116 0.028 0.060 0.327 0.233 1    
133:  0.258 0.123 0.018 0.162 0.107 0.333 1    
134:  0.201 0.271 0.018 0.194 0.119 0.197 1    
135:  0.279 0.178 0.063 0.042 0.247 0.191 1    
136:  0.260 0.147 0.054 0.166 0.218 0.154 1    
137:  0.154 0.151 0.126 0.087 0.366 0.116 1    
138:  0.060 0.180 0.036 0.677 0.024 0.023 1    
139:  0.140 0.076 0.443 0.055 0.077 0.209 1    
140:  0.177 0.141 0.015 0.360 0.100 0.207 1    
141:  0.073 0.130 0.139 0.592 0.023 0.042 1    
142:  0.007 0.005 0.967 0.007 0.006 0.008 1    
143:  0.013 0.013 0.937 0.013 0.011 0.012 1    
144:  0.005 0.006 0.971 0.005 0.006 0.007 1    
145:  0.008 0.010 0.956 0.009 0.008 0.009 1    
146:  0.005 0.005 0.972 0.007 0.005 0.005 1    
147:  0.006 0.006 0.970 0.006 0.005 0.007 1    
148:  0.008 0.008 0.962 0.007 0.007 0.008 1    
149:  0.010 0.011 0.941 0.015 0.010 0.013 1    
150:  0.006 0.006 0.969 0.006 0.006 0.006 1    
151:  0.004 0.004 0.978 0.005 0.005 0.004 1    
152:  0.207 0.147 0.015 0.102 0.335 0.194 1    
153:  0.221 0.185 0.017 0.201 0.206 0.171 1    
154:  0.340 0.195 0.016 0.155 0.126 0.168 1    
155:  0.373 0.193 0.112 0.085 0.136 0.102 1    
156:  0.234 0.207 0.006 0.130 0.212 0.212 1    
157:  0.146 0.136 0.013 0.071 0.418 0.216 1    
158:  0.124 0.197 0.049 0.455 0.093 0.082 1    
159:  0.032 0.193 0.017 0.734 0.012 0.012 1    
160:  0.280 0.178 0.020 0.062 0.078 0.383 1    
161:  0.135 0.172 0.091 0.041 0.079 0.482 1    
162:  0.138 0.167 0.017 0.122 0.125 0.431 1    
163:  0.098 0.156 0.007 0.256 0.335 0.148 1    
164:  0.172 0.149 0.012 0.102 0.363 0.202 1    
165:  0.169 0.080 0.018 0.014 0.568 0.151 1    
166:  0.442 0.112 0.012 0.139 0.093 0.204 1    
167:  0.227 0.207 0.013 0.070 0.331 0.152 1    
168:  0.132 0.204 0.009 0.037 0.395 0.223 1    
169:  0.353 0.104 0.056 0.080 0.135 0.273 1    
170:  0.375 0.238 0.024 0.038 0.141 0.185 1    
171:  0.403 0.194 0.016 0.080 0.116 0.190 1    
172:  0.391 0.223 0.014 0.039 0.185 0.148 1    
173:  0.258 0.274 0.024 0.059 0.250 0.136 1    
174:  0.191 0.286 0.010 0.198 0.162 0.153 1    
175:  0.249 0.139 0.166 0.143 0.179 0.124 1    
176:  0.172 0.157 0.057 0.148 0.288 0.178 1    
177:  0.082 0.168 0.006 0.638 0.037 0.069 1    
178:  0.098 0.313 0.017 0.281 0.152 0.139 1    
179:  0.163 0.219 0.051 0.284 0.137 0.145 1    
180:  0.206 0.185 0.018 0.106 0.324 0.161 1    
181:  0.332 0.077 0.019 0.193 0.076 0.302 1    
182:  0.249 0.129 0.025 0.152 0.152 0.294 1    
183:  0.103 0.249 0.013 0.509 0.071 0.055 1    
184:  0.423 0.168 0.019 0.066 0.158 0.166 1    
185:  0.295 0.259 0.012 0.055 0.192 0.186 1    
186:  0.172 0.133 0.018 0.245 0.105 0.328 1    
187:  0.186 0.211 0.008 0.058 0.305 0.232 1    
188:  0.189 0.222 0.044 0.269 0.114 0.161 1    
189:  0.133 0.288 0.018 0.227 0.183 0.151 1    
190:  0.240 0.199 0.015 0.116 0.166 0.264 1    
191:  0.246 0.139 0.006 0.128 0.206 0.275 1    
192:  0.237 0.214 0.032 0.140 0.113 0.263 1    
193:  0.161 0.176 0.279 0.152 0.100 0.132 1    
194:  0.181 0.113 0.008 0.088 0.392 0.218 1    
195:  0.264 0.151 0.011 0.344 0.135 0.095 1    
196:  0.237 0.191 0.039 0.311 0.102 0.119 1    
197:  0.118 0.333 0.011 0.417 0.077 0.044 1    
198:  0.327 0.133 0.011 0.082 0.278 0.168 1    
199:  0.229 0.147 0.090 0.188 0.106 0.239 1    
200:  0.175 0.172 0.020 0.110 0.342 0.181 1    
                       
                       
1:    0.123 0.225 0.120 0.012 0.418 0.102 1    
2:    0.142 0.368 0.039 0.022 0.243 0.187 1    
3:    0.205 0.500 0.062 0.009 0.081 0.143 1    
4:    0.163 0.413 0.079 0.098 0.106 0.140 1    
5:    0.261 0.319 0.121 0.009 0.107 0.183 1    
6:    0.214 0.278 0.062 0.010 0.166 0.269 1    
7:    0.217 0.478 0.115 0.022 0.064 0.105 1    
8:    0.256 0.090 0.093 0.015 0.261 0.285 1    
9:    0.196 0.411 0.074 0.012 0.168 0.139 1    
10:   0.252 0.303 0.072 0.020 0.121 0.232 1    
11:   0.194 0.259 0.106 0.064 0.138 0.239 1    
12:   0.250 0.421 0.050 0.046 0.101 0.132 1    
13:   0.311 0.258 0.150 0.018 0.096 0.168 1    
14:   0.228 0.165 0.038 0.020 0.262 0.287 1    
15:   0.326 0.404 0.047 0.012 0.081 0.131 1    
16:   0.163 0.269 0.190 0.045 0.147 0.187 1    
17:   0.188 0.232 0.238 0.007 0.132 0.202 1    
18:   0.166 0.428 0.104 0.026 0.115 0.160 1    
19:   0.251 0.205 0.190 0.074 0.042 0.239 1    
20:   0.351 0.401 0.051 0.009 0.076 0.112 1    
21:   0.308 0.473 0.030 0.010 0.082 0.097 1    
22:   0.170 0.290 0.157 0.046 0.097 0.240 1    
23:   0.128 0.359 0.136 0.011 0.165 0.201 1    
24:   0.243 0.296 0.204 0.027 0.071 0.160 1    
25:   0.183 0.338 0.151 0.008 0.127 0.193 1    
26:   0.171 0.380 0.079 0.013 0.175 0.182 1    
27:   0.149 0.303 0.237 0.011 0.126 0.174 1    
28:   0.284 0.036 0.356 0.011 0.090 0.224 1    
29:   0.331 0.046 0.278 0.007 0.086 0.251 1    
