1:    0.010 0.016 0.008 0.015 0.008 0.010 0.893 0.011 0.009 0.015 0.006 1    
2:    0.042 0.151 0.093 0.050 0.247 0.016 0.206 0.016 0.038 0.017 0.124 1    
3:    0.144 0.318 0.085 0.045 0.047 0.036 0.135 0.027 0.035 0.026 0.102 1    
4:    0.018 0.020 0.018 0.035 0.013 0.012 0.761 0.017 0.010 0.034 0.061 1    
5:    0.021 0.028 0.042 0.009 0.016 0.012 0.813 0.016 0.014 0.015 0.014 1    
6:    0.013 0.123 0.049 0.051 0.037 0.018 0.444 0.013 0.018 0.017 0.217 1    
7:    0.075 0.058 0.019 0.044 0.076 0.017 0.514 0.045 0.012 0.031 0.108 1    
8:    0.020 0.033 0.168 0.181 0.144 0.030 0.304 0.020 0.022 0.050 0.027 1    
9:    0.021 0.052 0.044 0.225 0.076 0.017 0.046 0.028 0.019 0.014 0.459 1    
10:   0.024 0.009 0.008 0.029 0.013 0.022 0.838 0.012 0.008 0.019 0.019 1    
11:   0.044 0.080 0.016 0.039 0.038 0.036 0.648 0.015 0.030 0.021 0.034 1    
12:   0.057 0.035 0.015 0.007 0.011 0.024 0.801 0.010 0.007 0.008 0.025 1    
13:   0.034 0.127 0.028 0.024 0.015 0.055 0.626 0.008 0.032 0.011 0.041 1    
14:   0.152 0.028 0.024 0.010 0.021 0.030 0.562 0.011 0.026 0.018 0.117 1    
15:   0.017 0.015 0.005 0.006 0.016 0.011 0.887 0.010 0.018 0.007 0.008 1    
16:   0.013 0.005 0.005 0.005 0.008 0.004 0.923 0.007 0.008 0.011 0.011 1    
17:   0.053 0.025 0.015 0.014 0.054 0.018 0.742 0.011 0.015 0.023 0.030 1    
18:   0.017 0.006 0.005 0.007 0.007 0.010 0.916 0.012 0.007 0.007 0.006 1    
19:   0.009 0.024 0.006 0.009 0.011 0.008 0.897 0.007 0.006 0.010 0.013 1    
20:   0.060 0.008 0.007 0.006 0.018 0.005 0.844 0.009 0.008 0.007 0.027 1    
21:   0.022 0.072 0.008 0.016 0.026 0.050 0.744 0.023 0.017 0.012 0.011 1    
22:   0.020 0.013 0.012 0.007 0.006 0.014 0.888 0.007 0.005 0.010 0.018 1    
23:   0.073 0.034 0.010 0.014 0.088 0.066 0.037 0.025 0.638 0.008 0.006 1    
24:   0.142 0.014 0.006 0.010 0.034 0.014 0.093 0.019 0.256 0.347 0.064 1    
25:   0.006 0.005 0.009 0.008 0.005 0.009 0.912 0.005 0.007 0.009 0.025 1    
26:   0.006 0.008 0.004 0.005 0.007 0.013 0.913 0.013 0.013 0.012 0.006 1    
27:   0.007 0.008 0.006 0.010 0.021 0.031 0.821 0.015 0.023 0.021 0.035 1    
28:   0.008 0.006 0.007 0.008 0.017 0.019 0.861 0.015 0.010 0.011 0.037 1    
29:   0.012 0.008 0.005 0.006 0.077 0.009 0.824 0.007 0.015 0.008 0.027 1    
30:   0.006 0.009 0.005 0.006 0.008 0.009 0.926 0.003 0.011 0.008 0.010 1    
31:   0.005 0.005 0.004 0.004 0.012 0.031 0.893 0.006 0.011 0.014 0.014 1    
32:   0.009 0.006 0.005 0.007 0.015 0.019 0.782 0.015 0.027 0.022 0.094 1    
33:   0.201 0.015 0.024 0.019 0.037 0.030 0.517 0.085 0.012 0.013 0.047 1    
34:   0.092 0.010 0.009 0.022 0.012 0.031 0.571 0.186 0.013 0.035 0.019 1    
35:   0.033 0.010 0.016 0.024 0.017 0.016 0.800 0.044 0.014 0.008 0.017 1    
36:   0.059 0.009 0.029 0.046 0.010 0.029 0.689 0.059 0.017 0.036 0.017 1    
37:   0.567 0.031 0.023 0.092 0.010 0.019 0.017 0.062 0.014 0.149 0.017 1    
38:   0.033 0.191 0.016 0.059 0.021 0.135 0.146 0.098 0.054 0.072 0.175 1    
39:   0.099 0.039 0.014 0.005 0.008 0.007 0.337 0.018 0.012 0.431 0.029 1    
40:   0.026 0.036 0.015 0.072 0.011 0.045 0.456 0.281 0.018 0.033 0.008 1    
41:   0.181 0.020 0.008 0.012 0.008 0.006 0.009 0.025 0.019 0.704 0.009 1    
42:   0.046 0.043 0.013 0.017 0.016 0.010 0.052 0.012 0.012 0.762 0.016 1    
43:   0.486 0.051 0.011 0.039 0.014 0.030 0.116 0.110 0.099 0.025 0.018 1    
44:   0.407 0.013 0.051 0.045 0.022 0.115 0.227 0.085 0.016 0.011 0.009 1    
45:   0.827 0.025 0.038 0.021 0.015 0.011 0.015 0.025 0.009 0.009 0.004 1    
46:   0.641 0.013 0.185 0.016 0.012 0.026 0.031 0.013 0.016 0.040 0.008 1    
47:   0.250 0.011 0.018 0.029 0.022 0.082 0.057 0.185 0.009 0.330 0.006 1    
48:   0.537 0.037 0.036 0.024 0.012 0.009 0.049 0.068 0.008 0.193 0.027 1    
49:   0.020 0.042 0.201 0.056 0.025 0.129 0.141 0.052 0.016 0.278 0.040 1    
50:   0.018 0.039 0.191 0.055 0.029 0.133 0.159 0.042 0.016 0.281 0.038 1    
51:   0.016 0.014 0.031 0.007 0.603 0.108 0.023 0.008 0.021 0.014 0.155 1    
52:   0.008 0.015 0.306 0.072 0.026 0.078 0.100 0.015 0.008 0.021 0.352 1    
53:   0.007 0.010 0.038 0.028 0.111 0.318 0.335 0.009 0.010 0.083 0.050 1    
54:   0.007 0.011 0.278 0.028 0.043 0.302 0.098 0.010 0.010 0.038 0.175 1    
55:   0.008 0.013 0.019 0.040 0.070 0.065 0.198 0.013 0.018 0.103 0.454 1    
56:   0.009 0.017 0.018 0.059 0.021 0.070 0.355 0.012 0.017 0.070 0.353 1    
57:   0.005 0.006 0.145 0.067 0.058 0.497 0.042 0.009 0.012 0.031 0.127 1    
58:   0.008 0.009 0.062 0.062 0.514 0.094 0.041 0.016 0.063 0.095 0.036 1    
59:   0.017 0.012 0.059 0.011 0.501 0.142 0.112 0.006 0.021 0.032 0.087 1    
60:   0.006 0.032 0.019 0.047 0.038 0.014 0.682 0.016 0.014 0.116 0.015 1    
61:   0.033 0.080 0.013 0.041 0.067 0.056 0.647 0.031 0.017 0.008 0.007 1    
62:   0.031 0.174 0.023 0.021 0.097 0.032 0.500 0.077 0.018 0.020 0.006 1    
63:   0.019 0.015 0.010 0.031 0.028 0.076 0.738 0.049 0.011 0.019 0.005 1    
64:   0.010 0.069 0.110 0.013 0.061 0.029 0.527 0.061 0.022 0.094 0.004 1    
65:   0.035 0.033 0.021 0.068 0.257 0.023 0.395 0.116 0.012 0.025 0.015 1    
66:   0.014 0.017 0.016 0.024 0.038 0.009 0.678 0.043 0.015 0.130 0.016 1    
67:   0.021 0.090 0.025 0.078 0.172 0.020 0.413 0.108 0.012 0.047 0.012 1    
68:   0.009 0.046 0.081 0.018 0.021 0.020 0.612 0.049 0.018 0.122 0.004 1    
69:   0.004 0.008 0.010 0.007 0.007 0.009 0.920 0.007 0.010 0.011 0.006 1    
70:   0.008 0.015 0.201 0.027 0.009 0.071 0.558 0.011 0.074 0.015 0.010 1    
71:   0.008 0.005 0.007 0.006 0.014 0.006 0.866 0.006 0.034 0.038 0.010 1    
72:   0.004 0.009 0.016 0.013 0.010 0.008 0.902 0.007 0.009 0.013 0.009 1    
73:   0.005 0.006 0.009 0.006 0.004 0.006 0.944 0.004 0.006 0.007 0.004 1    
74:   0.009 0.006 0.007 0.007 0.016 0.014 0.862 0.014 0.032 0.024 0.009 1    
75:   0.008 0.006 0.011 0.010 0.027 0.008 0.861 0.013 0.025 0.018 0.013 1    
76:   0.005 0.005 0.007 0.005 0.008 0.006 0.931 0.006 0.012 0.011 0.003 1    
77:   0.007 0.004 0.007 0.005 0.008 0.008 0.931 0.006 0.010 0.009 0.005 1    
78:   0.005 0.012 0.011 0.016 0.015 0.022 0.854 0.011 0.023 0.026 0.005 1    
79:   0.006 0.005 0.011 0.007 0.016 0.008 0.867 0.005 0.010 0.057 0.008 1    
80:   0.006 0.007 0.008 0.014 0.009 0.013 0.891 0.006 0.028 0.014 0.004 1    
81:   0.004 0.005 0.008 0.006 0.005 0.008 0.936 0.005 0.005 0.013 0.006 1    
82:   0.005 0.008 0.016 0.011 0.011 0.019 0.852 0.010 0.044 0.019 0.006 1    
83:   0.005 0.007 0.015 0.011 0.007 0.008 0.918 0.007 0.006 0.008 0.007 1    
84:   0.013 0.007 0.022 0.026 0.188 0.011 0.632 0.015 0.030 0.037 0.020 1    
85:   0.007 0.006 0.017 0.010 0.003 0.008 0.923 0.007 0.007 0.008 0.004 1    
86:   0.054 0.044 0.016 0.063 0.012 0.335 0.077 0.016 0.102 0.024 0.255 1    
87:   0.005 0.006 0.068 0.011 0.005 0.016 0.865 0.007 0.006 0.006 0.004 1    
88:   0.018 0.010 0.117 0.024 0.014 0.019 0.040 0.009 0.726 0.011 0.012 1    
89:   0.007 0.005 0.037 0.018 0.012 0.011 0.872 0.011 0.014 0.007 0.006 1    
90:   0.017 0.019 0.095 0.068 0.079 0.016 0.021 0.012 0.636 0.016 0.022 1    
91:   0.006 0.010 0.006 0.006 0.009 0.009 0.919 0.006 0.013 0.010 0.004 1    
92:   0.028 0.027 0.051 0.144 0.015 0.142 0.029 0.022 0.496 0.015 0.029 1    
93:   0.006 0.007 0.010 0.009 0.006 0.015 0.917 0.005 0.012 0.008 0.005 1    
94:   0.027 0.028 0.090 0.109 0.015 0.453 0.057 0.024 0.141 0.027 0.030 1    
95:   0.005 0.009 0.019 0.007 0.004 0.008 0.918 0.006 0.009 0.010 0.006 1    
96:   0.006 0.005 0.073 0.014 0.009 0.016 0.842 0.009 0.014 0.007 0.005 1    
97:   0.014 0.007 0.013 0.013 0.016 0.012 0.825 0.012 0.051 0.020 0.017 1    
98:   0.019 0.009 0.008 0.005 0.010 0.011 0.897 0.005 0.009 0.016 0.011 1    
99:   0.015 0.008 0.014 0.008 0.019 0.014 0.888 0.008 0.007 0.010 0.008 1    
100:  0.036 0.005 0.020 0.009 0.027 0.008 0.851 0.008 0.005 0.015 0.015 1    
101:  0.036 0.008 0.013 0.007 0.013 0.012 0.867 0.008 0.007 0.009 0.020 1    
102:  0.048 0.012 0.012 0.008 0.011 0.010 0.850 0.012 0.013 0.010 0.014 1    
103:  0.037 0.007 0.022 0.010 0.019 0.006 0.849 0.017 0.006 0.013 0.013 1    
104:  0.014 0.009 0.014 0.011 0.019 0.010 0.895 0.008 0.005 0.007 0.006 1    
105:  0.041 0.008 0.009 0.004 0.009 0.008 0.885 0.010 0.008 0.008 0.010 1    
106:  0.016 0.015 0.010 0.007 0.022 0.006 0.011 0.018 0.808 0.012 0.074 1    
107:  0.016 0.011 0.006 0.013 0.031 0.017 0.014 0.005 0.783 0.013 0.091 1    
108:  0.027 0.018 0.008 0.010 0.012 0.036 0.008 0.131 0.486 0.027 0.237 1    
109:  0.027 0.014 0.006 0.011 0.031 0.091 0.015 0.078 0.478 0.025 0.224 1    
110:  0.008 0.013 0.011 0.008 0.023 0.018 0.007 0.050 0.741 0.073 0.047 1    
111:  0.019 0.009 0.009 0.007 0.028 0.012 0.005 0.069 0.713 0.022 0.107 1    
112:  0.014 0.012 0.006 0.008 0.018 0.008 0.015 0.009 0.880 0.016 0.015 1    
113:  0.012 0.013 0.010 0.006 0.021 0.015 0.006 0.110 0.726 0.015 0.067 1    
114:  0.031 0.006 0.867 0.015 0.008 0.008 0.025 0.004 0.010 0.008 0.018 1    
115:  0.126 0.008 0.113 0.012 0.044 0.042 0.591 0.020 0.013 0.013 0.017 1    
116:  0.118 0.007 0.448 0.216 0.011 0.025 0.029 0.016 0.034 0.025 0.071 1    
117:  0.081 0.016 0.035 0.014 0.032 0.021 0.748 0.012 0.016 0.011 0.014 1    
118:  0.016 0.005 0.900 0.017 0.007 0.021 0.009 0.008 0.006 0.006 0.006 1    
119:  0.010 0.012 0.049 0.011 0.014 0.109 0.758 0.010 0.012 0.009 0.005 1    
120:  0.032 0.008 0.681 0.068 0.013 0.014 0.075 0.017 0.022 0.027 0.043 1    
121:  0.022 0.008 0.012 0.035 0.008 0.040 0.793 0.028 0.025 0.024 0.006 1    
122:  0.007 0.006 0.925 0.010 0.006 0.014 0.008 0.008 0.006 0.005 0.006 1    
123:  0.044 0.016 0.021 0.009 0.014 0.016 0.839 0.007 0.016 0.011 0.008 1    
124:  0.021 0.005 0.894 0.011 0.012 0.012 0.013 0.007 0.007 0.006 0.012 1    
125:  0.011 0.011 0.033 0.027 0.018 0.742 0.094 0.036 0.011 0.010 0.008 1    
126:  0.067 0.009 0.645 0.059 0.014 0.076 0.070 0.011 0.023 0.010 0.016 1    
127:  0.013 0.011 0.025 0.013 0.021 0.059 0.804 0.018 0.008 0.018 0.011 1    
128:  0.013 0.008 0.365 0.097 0.013 0.384 0.034 0.034 0.019 0.016 0.018 1    
129:  0.408 0.015 0.040 0.048 0.033 0.044 0.304 0.037 0.029 0.020 0.022 1    
130:  0.017 0.008 0.807 0.025 0.008 0.018 0.048 0.010 0.015 0.014 0.029 1    
131:  0.782 0.043 0.027 0.033 0.026 0.013 0.012 0.033 0.012 0.010 0.009 1    
132:  0.740 0.020 0.038 0.026 0.024 0.040 0.013 0.053 0.015 0.021 0.010 1    
133:  0.825 0.014 0.022 0.018 0.028 0.036 0.009 0.018 0.011 0.012 0.007 1    
134:  0.569 0.054 0.008 0.018 0.022 0.104 0.052 0.020 0.128 0.015 0.011 1    
135:  0.883 0.013 0.008 0.013 0.013 0.013 0.009 0.014 0.016 0.009 0.008 1    
136:  0.823 0.024 0.008 0.012 0.019 0.013 0.029 0.030 0.023 0.011 0.008 1    
137:  0.490 0.025 0.023 0.017 0.037 0.033 0.278 0.041 0.026 0.017 0.013 1    
138:  0.360 0.084 0.010 0.014 0.045 0.017 0.313 0.071 0.055 0.017 0.015 1    
139:  0.831 0.016 0.016 0.012 0.025 0.027 0.016 0.018 0.011 0.023 0.007 1    
140:  0.773 0.018 0.018 0.012 0.017 0.019 0.044 0.034 0.006 0.054 0.006 1    
141:  0.015 0.017 0.027 0.014 0.774 0.012 0.017 0.032 0.036 0.026 0.032 1    
142:  0.018 0.012 0.012 0.023 0.333 0.040 0.076 0.036 0.413 0.021 0.015 1    
143:  0.017 0.038 0.008 0.009 0.651 0.073 0.033 0.067 0.075 0.020 0.011 1    
144:  0.011 0.017 0.013 0.021 0.741 0.016 0.014 0.029 0.105 0.012 0.020 1    
145:  0.019 0.026 0.012 0.015 0.122 0.032 0.467 0.186 0.085 0.029 0.005 1    
146:  0.013 0.024 0.016 0.031 0.437 0.038 0.057 0.069 0.261 0.029 0.025 1    
147:  0.012 0.085 0.118 0.166 0.046 0.029 0.013 0.019 0.011 0.492 0.010 1    
148:  0.015 0.032 0.152 0.062 0.063 0.028 0.406 0.009 0.024 0.148 0.061 1    
149:  0.027 0.018 0.056 0.022 0.023 0.007 0.277 0.006 0.005 0.551 0.008 1    
150:  0.023 0.119 0.019 0.328 0.030 0.023 0.085 0.013 0.017 0.319 0.025 1    
151:  0.009 0.049 0.068 0.096 0.009 0.133 0.115 0.009 0.010 0.494 0.007 1    
152:  0.013 0.011 0.284 0.024 0.009 0.019 0.495 0.006 0.005 0.129 0.006 1    
153:  0.009 0.013 0.033 0.009 0.008 0.018 0.863 0.006 0.008 0.029 0.004 1    
154:  0.020 0.019 0.017 0.811 0.043 0.027 0.010 0.018 0.019 0.007 0.008 1    
155:  0.041 0.029 0.018 0.120 0.043 0.023 0.026 0.018 0.662 0.008 0.012 1    
156:  0.022 0.540 0.008 0.057 0.063 0.050 0.024 0.009 0.216 0.006 0.005 1    
157:  0.040 0.084 0.029 0.628 0.080 0.014 0.009 0.013 0.064 0.008 0.031 1    
158:  0.062 0.014 0.044 0.398 0.017 0.052 0.059 0.018 0.323 0.008 0.006 1    
159:  0.038 0.124 0.023 0.212 0.259 0.036 0.074 0.020 0.072 0.018 0.125 1    
160:  0.017 0.031 0.149 0.073 0.415 0.089 0.024 0.015 0.152 0.020 0.015 1    
161:  0.034 0.044 0.077 0.026 0.403 0.046 0.122 0.034 0.041 0.021 0.151 1    
162:  0.009 0.026 0.017 0.026 0.767 0.033 0.021 0.016 0.030 0.008 0.047 1    
163:  0.027 0.100 0.113 0.065 0.506 0.038 0.019 0.007 0.068 0.029 0.028 1    
164:  0.072 0.040 0.111 0.082 0.329 0.078 0.019 0.018 0.207 0.032 0.012 1    
165:  0.011 0.015 0.042 0.061 0.405 0.067 0.061 0.177 0.012 0.014 0.134 1    
166:  0.029 0.045 0.093 0.065 0.499 0.017 0.026 0.012 0.038 0.066 0.110 1    
167:  0.040 0.218 0.011 0.182 0.254 0.038 0.045 0.014 0.045 0.022 0.130 1    
168:  0.053 0.006 0.068 0.023 0.007 0.118 0.434 0.091 0.147 0.021 0.031 1    
169:  0.009 0.007 0.012 0.010 0.005 0.042 0.878 0.008 0.015 0.010 0.006 1    
170:  0.009 0.010 0.030 0.015 0.004 0.037 0.841 0.010 0.033 0.007 0.005 1    
171:  0.012 0.007 0.021 0.005 0.005 0.015 0.826 0.010 0.062 0.008 0.029 1    
172:  0.099 0.027 0.030 0.012 0.007 0.042 0.531 0.023 0.211 0.011 0.009 1    
173:  0.140 0.033 0.025 0.010 0.011 0.048 0.399 0.020 0.289 0.016 0.010 1    
174:  0.014 0.008 0.012 0.009 0.006 0.019 0.799 0.020 0.077 0.010 0.026 1    
175:  0.082 0.008 0.012 0.004 0.007 0.009 0.712 0.011 0.104 0.018 0.032 1    
176:  0.006 0.008 0.024 0.011 0.005 0.027 0.872 0.011 0.021 0.009 0.006 1    
177:  0.049 0.011 0.010 0.533 0.057 0.068 0.017 0.091 0.074 0.034 0.056 1    
178:  0.021 0.010 0.023 0.362 0.039 0.018 0.020 0.332 0.051 0.057 0.066 1    
179:  0.010 0.009 0.010 0.023 0.010 0.012 0.014 0.825 0.017 0.026 0.044 1    
180:  0.017 0.014 0.013 0.501 0.020 0.130 0.024 0.179 0.018 0.038 0.046 1    
181:  0.034 0.038 0.013 0.037 0.016 0.018 0.018 0.676 0.054 0.037 0.058 1    
182:  0.033 0.008 0.013 0.199 0.021 0.027 0.019 0.512 0.024 0.025 0.119 1    
183:  0.031 0.084 0.008 0.109 0.082 0.028 0.010 0.461 0.054 0.052 0.079 1    
184:  0.018 0.014 0.011 0.241 0.007 0.014 0.009 0.614 0.016 0.011 0.043 1    
185:  0.033 0.030 0.070 0.129 0.083 0.017 0.011 0.183 0.026 0.222 0.197 1    
186:  0.891 0.006 0.011 0.007 0.006 0.008 0.013 0.014 0.027 0.008 0.009 1    
187:  0.671 0.013 0.011 0.015 0.015 0.081 0.053 0.020 0.097 0.011 0.014 1    
188:  0.914 0.012 0.005 0.007 0.014 0.012 0.005 0.007 0.015 0.005 0.005 1    
189:  0.894 0.016 0.005 0.006 0.015 0.021 0.008 0.006 0.016 0.008 0.005 1    
190:  0.744 0.015 0.005 0.008 0.022 0.030 0.013 0.010 0.140 0.007 0.006 1    
191:  0.843 0.009 0.013 0.022 0.012 0.024 0.012 0.013 0.029 0.007 0.017 1    
192:  0.006 0.019 0.007 0.010 0.900 0.007 0.009 0.006 0.017 0.007 0.013 1    
193:  0.368 0.017 0.037 0.042 0.020 0.306 0.022 0.014 0.156 0.008 0.009 1    
194:  0.035 0.010 0.008 0.018 0.009 0.032 0.122 0.145 0.058 0.022 0.540 1    
195:  0.052 0.020 0.068 0.085 0.014 0.052 0.037 0.015 0.024 0.026 0.607 1    
196:  0.052 0.012 0.008 0.030 0.015 0.018 0.097 0.060 0.027 0.050 0.632 1    
197:  0.020 0.017 0.037 0.013 0.021 0.012 0.045 0.039 0.018 0.020 0.758 1    
198:  0.026 0.015 0.009 0.045 0.017 0.082 0.037 0.038 0.049 0.020 0.663 1    
199:  0.041 0.020 0.012 0.024 0.018 0.013 0.060 0.056 0.008 0.104 0.645 1    
200:  0.166 0.033 0.012 0.023 0.130 0.117 0.026 0.381 0.052 0.050 0.012 1    
201:  0.017 0.021 0.021 0.039 0.172 0.333 0.133 0.130 0.048 0.073 0.014 1    
202:  0.172 0.037 0.252 0.068 0.021 0.207 0.053 0.138 0.019 0.019 0.012 1    
203:  0.870 0.011 0.015 0.007 0.010 0.021 0.028 0.007 0.013 0.012 0.006 1    
204:  0.088 0.017 0.008 0.008 0.013 0.793 0.031 0.008 0.015 0.011 0.006 1    
205:  0.080 0.031 0.010 0.118 0.040 0.286 0.021 0.259 0.031 0.117 0.008 1    
206:  0.216 0.009 0.012 0.009 0.017 0.594 0.059 0.015 0.030 0.028 0.011 1    
207:  0.025 0.015 0.017 0.020 0.821 0.017 0.010 0.028 0.017 0.014 0.016 1    
208:  0.017 0.026 0.023 0.031 0.367 0.047 0.019 0.347 0.016 0.032 0.075 1    
209:  0.043 0.135 0.011 0.015 0.601 0.013 0.013 0.025 0.119 0.015 0.010 1    
210:  0.141 0.016 0.012 0.029 0.625 0.023 0.010 0.057 0.062 0.014 0.010 1    
211:  0.024 0.008 0.031 0.043 0.625 0.028 0.019 0.122 0.011 0.013 0.076 1    
212:  0.090 0.023 0.076 0.050 0.436 0.028 0.032 0.067 0.135 0.031 0.032 1    
213:  0.038 0.014 0.023 0.010 0.798 0.014 0.016 0.012 0.024 0.011 0.040 1    
214:  0.008 0.011 0.006 0.009 0.877 0.014 0.010 0.007 0.039 0.007 0.012 1    
215:  0.023 0.016 0.007 0.090 0.011 0.023 0.008 0.779 0.011 0.011 0.022 1    
216:  0.031 0.012 0.007 0.015 0.005 0.012 0.008 0.868 0.008 0.015 0.017 1    
217:  0.035 0.007 0.008 0.014 0.007 0.013 0.010 0.869 0.007 0.016 0.015 1    
218:  0.592 0.036 0.017 0.078 0.032 0.018 0.008 0.155 0.017 0.013 0.035 1    
219:  0.071 0.011 0.010 0.017 0.010 0.007 0.011 0.830 0.016 0.010 0.008 1    
220:  0.054 0.013 0.009 0.018 0.010 0.009 0.009 0.845 0.015 0.013 0.007 1    
221:  0.023 0.028 0.159 0.099 0.175 0.026 0.027 0.393 0.031 0.017 0.022 1    
222:  0.084 0.024 0.019 0.053 0.702 0.033 0.017 0.017 0.016 0.025 0.010 1    
223:  0.013 0.078 0.032 0.121 0.169 0.193 0.164 0.033 0.113 0.031 0.054 1    
224:  0.014 0.027 0.021 0.015 0.800 0.024 0.019 0.019 0.047 0.009 0.004 1    
225:  0.019 0.213 0.027 0.167 0.179 0.164 0.037 0.039 0.014 0.037 0.104 1    
226:  0.058 0.022 0.026 0.036 0.724 0.018 0.060 0.009 0.022 0.017 0.008 1    
227:  0.028 0.028 0.035 0.054 0.302 0.056 0.389 0.012 0.068 0.016 0.012 1    
228:  0.013 0.055 0.087 0.034 0.475 0.154 0.047 0.032 0.034 0.035 0.032 1    
229:  0.011 0.014 0.177 0.056 0.119 0.010 0.015 0.134 0.009 0.012 0.444 1    
230:  0.106 0.012 0.154 0.036 0.181 0.026 0.061 0.243 0.059 0.020 0.101 1    
231:  0.022 0.032 0.149 0.031 0.227 0.015 0.020 0.122 0.015 0.017 0.351 1    
232:  0.008 0.010 0.012 0.028 0.775 0.012 0.009 0.123 0.010 0.005 0.008 1    
233:  0.015 0.012 0.013 0.016 0.648 0.007 0.021 0.163 0.015 0.012 0.077 1    
234:  0.093 0.050 0.111 0.145 0.355 0.017 0.042 0.152 0.021 0.006 0.008 1    
235:  0.015 0.012 0.010 0.010 0.811 0.009 0.014 0.043 0.021 0.023 0.032 1    
236:  0.010 0.010 0.012 0.013 0.835 0.006 0.010 0.026 0.014 0.014 0.051 1    
237:  0.016 0.028 0.130 0.234 0.403 0.010 0.028 0.116 0.007 0.009 0.019 1    
238:  0.023 0.015 0.196 0.276 0.296 0.008 0.018 0.124 0.014 0.010 0.020 1    
239:  0.026 0.017 0.248 0.095 0.507 0.019 0.032 0.015 0.029 0.007 0.007 1    
240:  0.007 0.041 0.004 0.023 0.183 0.010 0.011 0.024 0.653 0.012 0.032 1    
241:  0.022 0.018 0.009 0.016 0.033 0.016 0.018 0.023 0.820 0.015 0.009 1    
242:  0.014 0.015 0.007 0.006 0.042 0.011 0.006 0.013 0.847 0.019 0.020 1    
243:  0.016 0.028 0.004 0.006 0.051 0.016 0.006 0.013 0.830 0.022 0.008 1    
244:  0.018 0.025 0.014 0.063 0.108 0.012 0.027 0.018 0.680 0.015 0.020 1    
245:  0.012 0.020 0.005 0.006 0.013 0.012 0.019 0.008 0.849 0.050 0.006 1    
246:  0.006 0.012 0.009 0.008 0.069 0.011 0.011 0.008 0.841 0.008 0.018 1    
247:  0.008 0.008 0.005 0.009 0.063 0.016 0.010 0.012 0.850 0.008 0.011 1    
248:  0.887 0.006 0.007 0.012 0.010 0.005 0.007 0.016 0.014 0.010 0.025 1    
249:  0.809 0.005 0.022 0.011 0.016 0.011 0.012 0.018 0.030 0.019 0.047 1    
250:  0.804 0.009 0.034 0.010 0.012 0.010 0.009 0.054 0.026 0.016 0.015 1    
251:  0.786 0.012 0.017 0.014 0.054 0.038 0.007 0.022 0.038 0.006 0.005 1    
252:  0.342 0.102 0.024 0.058 0.135 0.059 0.008 0.137 0.107 0.015 0.013 1    
253:  0.916 0.009 0.009 0.007 0.006 0.011 0.013 0.008 0.008 0.008 0.005 1    
254:  0.602 0.018 0.083 0.021 0.014 0.029 0.013 0.022 0.096 0.078 0.023 1    
255:  0.554 0.010 0.052 0.015 0.050 0.044 0.015 0.024 0.161 0.025 0.052 1    
256:  0.889 0.016 0.012 0.006 0.013 0.014 0.006 0.011 0.020 0.007 0.005 1    
257:  0.030 0.085 0.006 0.042 0.015 0.062 0.015 0.029 0.690 0.021 0.007 1    
258:  0.013 0.013 0.110 0.024 0.011 0.210 0.057 0.346 0.031 0.178 0.009 1    
259:  0.047 0.020 0.053 0.181 0.015 0.037 0.046 0.497 0.046 0.046 0.013 1    
260:  0.092 0.034 0.018 0.055 0.023 0.009 0.008 0.062 0.685 0.007 0.008 1    
261:  0.020 0.017 0.077 0.019 0.018 0.497 0.068 0.072 0.039 0.165 0.007 1    
262:  0.074 0.025 0.016 0.056 0.019 0.016 0.010 0.122 0.644 0.008 0.009 1    
263:  0.032 0.035 0.505 0.105 0.011 0.062 0.019 0.149 0.053 0.017 0.011 1    
264:  0.016 0.041 0.051 0.013 0.011 0.640 0.022 0.055 0.072 0.073 0.005 1    
265:  0.029 0.040 0.168 0.049 0.023 0.345 0.021 0.192 0.094 0.024 0.016 1    
266:  0.888 0.012 0.006 0.017 0.010 0.012 0.008 0.005 0.021 0.011 0.008 1    
267:  0.875 0.007 0.007 0.008 0.011 0.008 0.028 0.008 0.020 0.021 0.007 1    
268:  0.781 0.017 0.012 0.024 0.019 0.016 0.011 0.013 0.038 0.054 0.015 1    
269:  0.816 0.016 0.011 0.010 0.023 0.012 0.030 0.014 0.049 0.014 0.006 1    
270:  0.852 0.014 0.008 0.015 0.019 0.006 0.010 0.011 0.041 0.017 0.007 1    
271:  0.887 0.006 0.028 0.011 0.009 0.007 0.011 0.006 0.018 0.013 0.004 1    
272:  0.874 0.008 0.013 0.016 0.016 0.009 0.008 0.011 0.021 0.018 0.006 1    
273:  0.936 0.006 0.009 0.006 0.009 0.004 0.008 0.007 0.004 0.006 0.006 1    
274:  0.906 0.008 0.014 0.006 0.007 0.013 0.017 0.008 0.005 0.009 0.006 1    
275:  0.935 0.005 0.005 0.008 0.012 0.005 0.006 0.008 0.006 0.005 0.006 1    
276:  0.887 0.008 0.012 0.005 0.010 0.010 0.035 0.007 0.013 0.007 0.006 1    
277:  0.941 0.006 0.006 0.005 0.008 0.006 0.007 0.006 0.006 0.005 0.004 1    
278:  0.902 0.007 0.009 0.005 0.012 0.010 0.021 0.006 0.010 0.009 0.008 1    
279:  0.942 0.008 0.004 0.005 0.009 0.005 0.007 0.006 0.005 0.004 0.005 1    
280:  0.937 0.007 0.009 0.004 0.005 0.004 0.012 0.005 0.005 0.004 0.007 1    
281:  0.928 0.004 0.008 0.005 0.008 0.004 0.011 0.006 0.007 0.003 0.016 1    
282:  0.922 0.007 0.013 0.008 0.010 0.006 0.011 0.006 0.005 0.007 0.004 1    
283:  0.866 0.030 0.016 0.006 0.013 0.005 0.016 0.005 0.012 0.006 0.026 1    
284:  0.948 0.005 0.007 0.005 0.004 0.005 0.007 0.004 0.005 0.006 0.004 1    
285:  0.919 0.009 0.007 0.006 0.008 0.006 0.014 0.005 0.009 0.006 0.011 1    
286:  0.937 0.005 0.006 0.005 0.006 0.005 0.008 0.005 0.006 0.005 0.012 1    
287:  0.762 0.024 0.010 0.010 0.018 0.066 0.053 0.008 0.033 0.008 0.007 1    
288:  0.691 0.022 0.016 0.017 0.015 0.075 0.011 0.009 0.123 0.015 0.006 1    
289:  0.709 0.014 0.028 0.044 0.014 0.064 0.008 0.012 0.092 0.009 0.005 1    
290:  0.688 0.021 0.009 0.024 0.020 0.068 0.010 0.010 0.136 0.011 0.004 1    
291:  0.621 0.030 0.008 0.007 0.011 0.025 0.080 0.009 0.190 0.013 0.006 1    
292:  0.749 0.013 0.006 0.004 0.007 0.011 0.111 0.005 0.084 0.006 0.005 1    
293:  0.035 0.012 0.122 0.106 0.040 0.487 0.106 0.021 0.057 0.009 0.005 1    
294:  0.043 0.014 0.014 0.083 0.014 0.692 0.044 0.019 0.065 0.007 0.007 1    
295:  0.053 0.020 0.052 0.020 0.023 0.299 0.298 0.006 0.215 0.009 0.005 1    
296:  0.329 0.133 0.030 0.012 0.010 0.112 0.017 0.011 0.327 0.013 0.005 1    
297:  0.059 0.235 0.008 0.025 0.027 0.277 0.045 0.024 0.215 0.016 0.068 1    
298:  0.096 0.102 0.011 0.027 0.015 0.582 0.013 0.039 0.079 0.020 0.015 1    
299:  0.044 0.374 0.008 0.013 0.023 0.313 0.016 0.016 0.101 0.063 0.031 1    
300:  0.072 0.027 0.007 0.037 0.021 0.320 0.064 0.045 0.376 0.013 0.017 1    
301:  0.039 0.489 0.008 0.015 0.071 0.251 0.019 0.017 0.022 0.041 0.027 1    
302:  0.032 0.116 0.010 0.025 0.018 0.594 0.009 0.029 0.114 0.044 0.007 1    
303:  0.116 0.624 0.010 0.008 0.071 0.042 0.030 0.011 0.018 0.053 0.017 1    
304:  0.039 0.138 0.012 0.018 0.022 0.509 0.015 0.081 0.106 0.052 0.008 1    
305:  0.181 0.548 0.035 0.019 0.032 0.074 0.022 0.008 0.033 0.031 0.017 1    
306:  0.928 0.005 0.008 0.005 0.006 0.008 0.012 0.004 0.008 0.008 0.008 1    
307:  0.908 0.004 0.009 0.010 0.009 0.007 0.015 0.010 0.010 0.005 0.011 1    
308:  0.932 0.006 0.006 0.007 0.012 0.007 0.007 0.005 0.007 0.005 0.006 1    
309:  0.875 0.011 0.013 0.005 0.011 0.010 0.023 0.015 0.020 0.012 0.005 1    
310:  0.891 0.016 0.008 0.007 0.016 0.006 0.009 0.006 0.026 0.008 0.009 1    
311:  0.428 0.014 0.019 0.015 0.043 0.023 0.017 0.020 0.134 0.008 0.280 1    
312:  0.201 0.014 0.013 0.039 0.220 0.033 0.412 0.016 0.013 0.020 0.019 1    
313:  0.384 0.011 0.038 0.057 0.024 0.047 0.134 0.094 0.191 0.007 0.013 1    
314:  0.264 0.036 0.023 0.056 0.018 0.110 0.159 0.043 0.278 0.005 0.008 1    
315:  0.119 0.014 0.037 0.092 0.019 0.066 0.597 0.014 0.023 0.008 0.010 1    
316:  0.743 0.010 0.017 0.016 0.088 0.013 0.051 0.028 0.009 0.009 0.016 1    
317:  0.309 0.018 0.011 0.059 0.024 0.107 0.356 0.007 0.083 0.013 0.013 1    
318:  0.100 0.034 0.014 0.012 0.057 0.024 0.689 0.020 0.031 0.006 0.013 1    
319:  0.085 0.020 0.026 0.017 0.147 0.042 0.543 0.074 0.018 0.009 0.017 1    
320:  0.021 0.006 0.008 0.006 0.006 0.005 0.004 0.008 0.008 0.005 0.922 1    
321:  0.057 0.009 0.016 0.012 0.019 0.004 0.009 0.030 0.013 0.009 0.821 1    
322:  0.015 0.008 0.013 0.007 0.006 0.005 0.011 0.009 0.007 0.005 0.914 1    
323:  0.009 0.006 0.007 0.010 0.005 0.005 0.005 0.012 0.010 0.006 0.925 1    
324:  0.007 0.005 0.007 0.007 0.009 0.004 0.006 0.008 0.008 0.005 0.933 1    
325:  0.020 0.007 0.101 0.023 0.027 0.010 0.008 0.014 0.013 0.004 0.774 1    
326:  0.005 0.004 0.006 0.006 0.004 0.004 0.004 0.007 0.005 0.004 0.953 1    
327:  0.026 0.008 0.022 0.011 0.023 0.006 0.024 0.013 0.011 0.005 0.853 1    
328:  0.016 0.009 0.029 0.006 0.011 0.004 0.009 0.013 0.005 0.006 0.893 1    
329:  0.003 0.003 0.003 0.005 0.004 0.004 0.003 0.003 0.004 0.003 0.964 1    
330:  0.006 0.005 0.005 0.005 0.004 0.006 0.007 0.007 0.004 0.008 0.943 1    
331:  0.008 0.011 0.006 0.009 0.010 0.006 0.006 0.007 0.006 0.014 0.917 1    
332:  0.006 0.004 0.004 0.004 0.005 0.005 0.005 0.005 0.005 0.004 0.952 1    
333:  0.006 0.014 0.007 0.010 0.008 0.007 0.005 0.010 0.007 0.011 0.916 1    
334:  0.005 0.005 0.005 0.005 0.008 0.006 0.007 0.004 0.004 0.006 0.944 1    
335:  0.005 0.009 0.007 0.010 0.006 0.006 0.006 0.012 0.005 0.008 0.926 1    
336:  0.005 0.007 0.007 0.006 0.006 0.005 0.004 0.004 0.004 0.008 0.944 1    
337:  0.008 0.006 0.006 0.005 0.009 0.007 0.009 0.005 0.005 0.008 0.934 1    
338:  0.007 0.011 0.006 0.006 0.007 0.006 0.005 0.008 0.007 0.005 0.931 1    
339:  0.005 0.005 0.003 0.004 0.006 0.005 0.004 0.003 0.004 0.003 0.958 1    
340:  0.005 0.006 0.005 0.007 0.006 0.005 0.005 0.005 0.005 0.005 0.946 1    
341:  0.006 0.005 0.004 0.005 0.008 0.004 0.005 0.004 0.005 0.004 0.949 1    
342:  0.007 0.006 0.005 0.006 0.009 0.005 0.007 0.005 0.007 0.011 0.932 1    
343:  0.011 0.010 0.008 0.008 0.008 0.007 0.010 0.008 0.007 0.008 0.916 1    
344:  0.006 0.006 0.004 0.005 0.006 0.005 0.004 0.005 0.006 0.004 0.949 1    
345:  0.006 0.009 0.006 0.009 0.007 0.005 0.004 0.006 0.005 0.005 0.937 1    
346:  0.881 0.019 0.023 0.011 0.012 0.009 0.007 0.016 0.005 0.009 0.008 1    
347:  0.736 0.006 0.008 0.009 0.006 0.013 0.010 0.088 0.006 0.106 0.012 1    
348:  0.493 0.074 0.015 0.030 0.015 0.246 0.007 0.079 0.013 0.010 0.016 1    
349:  0.741 0.026 0.032 0.020 0.016 0.044 0.021 0.063 0.015 0.012 0.010 1    
350:  0.721 0.010 0.011 0.007 0.007 0.011 0.004 0.170 0.008 0.043 0.006 1    
351:  0.882 0.009 0.007 0.022 0.008 0.011 0.005 0.021 0.007 0.009 0.018 1    
352:  0.712 0.061 0.012 0.039 0.022 0.060 0.011 0.034 0.018 0.010 0.020 1    
353:  0.880 0.014 0.024 0.012 0.011 0.008 0.005 0.020 0.006 0.007 0.011 1    
354:  0.007 0.007 0.004 0.009 0.010 0.004 0.005 0.007 0.005 0.008 0.935 1    
355:  0.007 0.010 0.007 0.010 0.007 0.007 0.007 0.008 0.010 0.008 0.920 1    
356:  0.006 0.006 0.005 0.010 0.009 0.005 0.005 0.005 0.007 0.008 0.934 1    
357:  0.011 0.021 0.007 0.040 0.035 0.011 0.023 0.017 0.029 0.021 0.784 1    
358:  0.005 0.006 0.004 0.006 0.006 0.006 0.006 0.007 0.008 0.005 0.942 1    
359:  0.006 0.012 0.004 0.008 0.010 0.006 0.006 0.007 0.005 0.008 0.927 1    
360:  0.007 0.006 0.006 0.007 0.007 0.004 0.007 0.007 0.004 0.009 0.936 1    
361:  0.004 0.009 0.007 0.007 0.009 0.008 0.010 0.007 0.010 0.006 0.923 1    
362:  0.008 0.016 0.014 0.016 0.012 0.007 0.012 0.009 0.014 0.010 0.883 1    
363:  0.893 0.007 0.008 0.011 0.016 0.011 0.008 0.019 0.012 0.007 0.009 1    
364:  0.883 0.007 0.006 0.006 0.008 0.007 0.010 0.021 0.022 0.006 0.026 1    
365:  0.909 0.007 0.006 0.004 0.007 0.005 0.009 0.027 0.012 0.005 0.010 1    
366:  0.847 0.007 0.023 0.007 0.037 0.007 0.018 0.005 0.012 0.010 0.029 1    
367:  0.759 0.009 0.020 0.012 0.123 0.009 0.014 0.008 0.026 0.009 0.012 1    
368:  0.348 0.010 0.005 0.005 0.554 0.007 0.026 0.010 0.021 0.007 0.006 1    
369:  0.863 0.008 0.006 0.006 0.025 0.006 0.018 0.032 0.009 0.008 0.019 1    
370:  0.517 0.015 0.018 0.019 0.133 0.027 0.017 0.019 0.094 0.010 0.131 1    
371:  0.801 0.007 0.012 0.008 0.066 0.006 0.031 0.008 0.041 0.005 0.016 1    
372:  0.031 0.122 0.028 0.027 0.479 0.017 0.022 0.203 0.025 0.030 0.016 1    
373:  0.008 0.030 0.004 0.012 0.879 0.008 0.006 0.014 0.019 0.014 0.007 1    
374:  0.015 0.116 0.015 0.025 0.708 0.014 0.008 0.024 0.042 0.022 0.011 1    
375:  0.011 0.096 0.009 0.019 0.613 0.021 0.015 0.079 0.022 0.107 0.008 1    
376:  0.009 0.081 0.006 0.012 0.809 0.008 0.006 0.014 0.018 0.031 0.006 1    
377:  0.015 0.013 0.009 0.011 0.844 0.013 0.008 0.026 0.028 0.013 0.019 1    
378:  0.016 0.038 0.013 0.027 0.811 0.010 0.007 0.012 0.040 0.015 0.010 1    
379:  0.042 0.014 0.421 0.018 0.042 0.079 0.241 0.014 0.019 0.104 0.006 1    
380:  0.014 0.013 0.284 0.052 0.050 0.132 0.143 0.021 0.098 0.188 0.006 1    
381:  0.013 0.030 0.095 0.082 0.067 0.210 0.215 0.023 0.067 0.187 0.011 1    
382:  0.030 0.013 0.474 0.029 0.042 0.136 0.112 0.012 0.024 0.123 0.005 1    
383:  0.018 0.012 0.018 0.188 0.092 0.036 0.358 0.019 0.201 0.050 0.009 1    
384:  0.015 0.086 0.012 0.171 0.159 0.143 0.031 0.032 0.071 0.271 0.009 1    
385:  0.014 0.061 0.102 0.193 0.083 0.264 0.225 0.008 0.018 0.028 0.005 1    
386:  0.144 0.015 0.033 0.104 0.073 0.060 0.295 0.021 0.059 0.190 0.006 1    
387:  0.009 0.005 0.010 0.015 0.007 0.007 0.009 0.008 0.007 0.008 0.915 1    
388:  0.011 0.004 0.021 0.005 0.017 0.004 0.007 0.004 0.011 0.006 0.909 1    
389:  0.006 0.005 0.005 0.006 0.007 0.004 0.006 0.004 0.004 0.011 0.943 1    
390:  0.009 0.004 0.020 0.008 0.023 0.005 0.007 0.004 0.016 0.005 0.898 1    
391:  0.008 0.006 0.011 0.016 0.008 0.009 0.012 0.007 0.007 0.012 0.904 1    
392:  0.009 0.006 0.011 0.013 0.008 0.006 0.013 0.008 0.006 0.007 0.912 1    
393:  0.004 0.006 0.007 0.009 0.008 0.006 0.006 0.006 0.007 0.019 0.923 1    
394:  0.715 0.016 0.015 0.008 0.013 0.129 0.039 0.019 0.021 0.019 0.005 1    
395:  0.835 0.007 0.031 0.010 0.010 0.030 0.028 0.011 0.017 0.015 0.006 1    
396:  0.053 0.032 0.009 0.007 0.038 0.031 0.076 0.023 0.011 0.030 0.689 1    
397:  0.737 0.020 0.018 0.014 0.038 0.076 0.034 0.010 0.027 0.019 0.007 1    
398:  0.096 0.018 0.078 0.011 0.024 0.385 0.285 0.021 0.047 0.026 0.009 1    
399:  0.784 0.009 0.006 0.013 0.019 0.066 0.018 0.015 0.039 0.023 0.008 1    
400:  0.529 0.028 0.008 0.011 0.017 0.287 0.031 0.017 0.039 0.025 0.008 1    
401:  0.229 0.027 0.011 0.010 0.013 0.649 0.015 0.010 0.019 0.013 0.004 1    
402:  0.820 0.011 0.023 0.016 0.016 0.053 0.019 0.010 0.013 0.013 0.006 1    
403:  0.066 0.009 0.017 0.022 0.029 0.754 0.033 0.021 0.027 0.011 0.011 1    
404:  0.240 0.011 0.009 0.087 0.242 0.059 0.022 0.019 0.222 0.024 0.065 1    
405:  0.700 0.005 0.058 0.019 0.030 0.018 0.043 0.011 0.018 0.046 0.052 1    
406:  0.301 0.011 0.006 0.025 0.058 0.025 0.025 0.036 0.467 0.018 0.028 1    
407:  0.741 0.005 0.014 0.012 0.023 0.013 0.016 0.013 0.009 0.016 0.138 1    
408:  0.655 0.005 0.010 0.038 0.021 0.035 0.018 0.007 0.030 0.009 0.172 1    
409:  0.259 0.008 0.009 0.013 0.289 0.035 0.148 0.012 0.062 0.028 0.136 1    
410:  0.005 0.021 0.008 0.923 0.006 0.007 0.006 0.007 0.006 0.006 0.005 1    
411:  0.009 0.150 0.015 0.683 0.032 0.032 0.008 0.010 0.045 0.010 0.005 1    
412:  0.007 0.025 0.012 0.894 0.007 0.023 0.011 0.005 0.007 0.005 0.004 1    
413:  0.010 0.062 0.006 0.843 0.016 0.017 0.010 0.006 0.011 0.011 0.007 1    
414:  0.007 0.022 0.070 0.578 0.131 0.091 0.010 0.008 0.034 0.014 0.035 1    
415:  0.005 0.011 0.009 0.910 0.006 0.016 0.007 0.009 0.010 0.012 0.006 1    
416:  0.053 0.150 0.020 0.296 0.022 0.048 0.238 0.023 0.084 0.041 0.024 1    
417:  0.030 0.060 0.016 0.251 0.028 0.022 0.038 0.200 0.033 0.296 0.025 1    
418:  0.013 0.011 0.011 0.004 0.007 0.005 0.006 0.922 0.009 0.006 0.008 1    
419:  0.005 0.007 0.004 0.006 0.005 0.005 0.005 0.946 0.005 0.006 0.007 1    
420:  0.005 0.007 0.007 0.006 0.008 0.009 0.010 0.926 0.005 0.011 0.006 1    
421:  0.011 0.010 0.011 0.004 0.007 0.005 0.005 0.926 0.008 0.006 0.008 1    
422:  0.006 0.005 0.005 0.010 0.006 0.010 0.004 0.923 0.008 0.010 0.012 1    
423:  0.018 0.084 0.020 0.011 0.014 0.038 0.011 0.762 0.022 0.011 0.008 1    
424:  0.013 0.351 0.027 0.024 0.023 0.238 0.025 0.245 0.029 0.016 0.009 1    
425:  0.009 0.007 0.006 0.009 0.008 0.006 0.006 0.908 0.010 0.012 0.017 1    
426:  0.007 0.008 0.006 0.005 0.006 0.012 0.009 0.919 0.010 0.010 0.008 1    
427:  0.018 0.048 0.109 0.017 0.018 0.065 0.021 0.555 0.032 0.103 0.013 1    
428:  0.006 0.019 0.005 0.019 0.009 0.017 0.005 0.895 0.010 0.007 0.007 1    
429:  0.031 0.228 0.019 0.058 0.021 0.187 0.014 0.393 0.025 0.014 0.009 1    
430:  0.011 0.014 0.015 0.005 0.006 0.006 0.009 0.909 0.014 0.006 0.005 1    
431:  0.015 0.011 0.008 0.012 0.010 0.011 0.007 0.830 0.014 0.053 0.029 1    
432:  0.036 0.020 0.061 0.023 0.009 0.072 0.020 0.568 0.019 0.161 0.012 1    
433:  0.006 0.007 0.020 0.005 0.008 0.007 0.008 0.921 0.004 0.008 0.007 1    
434:  0.009 0.010 0.009 0.015 0.008 0.009 0.005 0.894 0.018 0.007 0.015 1    
435:  0.012 0.017 0.027 0.007 0.007 0.064 0.011 0.748 0.009 0.085 0.011 1    
436:  0.020 0.151 0.077 0.023 0.057 0.273 0.020 0.292 0.059 0.016 0.012 1    
437:  0.013 0.043 0.004 0.010 0.008 0.012 0.009 0.869 0.011 0.010 0.011 1    
438:  0.011 0.089 0.038 0.014 0.013 0.033 0.010 0.760 0.008 0.016 0.008 1    
439:  0.047 0.040 0.005 0.015 0.670 0.063 0.006 0.011 0.127 0.007 0.009 1    
440:  0.075 0.104 0.009 0.019 0.570 0.131 0.011 0.015 0.032 0.026 0.007 1    
441:  0.016 0.020 0.008 0.010 0.808 0.061 0.015 0.007 0.029 0.016 0.010 1    
442:  0.015 0.031 0.006 0.009 0.824 0.027 0.010 0.009 0.042 0.006 0.021 1    
443:  0.045 0.032 0.007 0.034 0.688 0.033 0.009 0.013 0.023 0.100 0.017 1    
444:  0.029 0.054 0.012 0.012 0.714 0.105 0.013 0.007 0.012 0.024 0.019 1    
445:  0.021 0.014 0.005 0.012 0.795 0.038 0.006 0.011 0.045 0.026 0.026 1    
446:  0.185 0.100 0.032 0.033 0.230 0.033 0.304 0.005 0.011 0.058 0.009 1    
447:  0.015 0.451 0.023 0.015 0.027 0.020 0.155 0.136 0.008 0.080 0.070 1    
448:  0.027 0.082 0.023 0.015 0.223 0.038 0.281 0.024 0.017 0.258 0.014 1    
449:  0.053 0.009 0.076 0.042 0.032 0.191 0.104 0.008 0.020 0.453 0.013 1    
450:  0.043 0.677 0.020 0.009 0.031 0.015 0.152 0.006 0.011 0.015 0.022 1    
451:  0.123 0.212 0.010 0.013 0.307 0.039 0.183 0.026 0.026 0.053 0.007 1    
452:  0.110 0.468 0.015 0.013 0.156 0.033 0.104 0.053 0.013 0.029 0.006 1    
453:  0.031 0.134 0.011 0.021 0.557 0.070 0.051 0.013 0.011 0.091 0.010 1    
454:  0.079 0.221 0.033 0.009 0.150 0.033 0.352 0.010 0.029 0.076 0.008 1    
455:  0.031 0.013 0.023 0.041 0.035 0.061 0.212 0.022 0.023 0.532 0.008 1    
456:  0.053 0.557 0.018 0.007 0.176 0.008 0.127 0.007 0.007 0.036 0.005 1    
457:  0.025 0.013 0.007 0.010 0.055 0.033 0.013 0.007 0.013 0.812 0.012 1    
458:  0.086 0.028 0.010 0.011 0.227 0.009 0.555 0.006 0.021 0.036 0.010 1    
459:  0.360 0.034 0.031 0.016 0.189 0.096 0.048 0.017 0.050 0.146 0.015 1    
460:  0.130 0.259 0.026 0.006 0.370 0.015 0.117 0.015 0.019 0.024 0.018 1    
461:  0.605 0.017 0.010 0.008 0.117 0.040 0.070 0.009 0.023 0.094 0.007 1    
462:  0.005 0.041 0.007 0.010 0.044 0.008 0.013 0.008 0.018 0.828 0.019 1    
463:  0.006 0.680 0.007 0.009 0.018 0.020 0.032 0.024 0.006 0.192 0.005 1    
464:  0.016 0.444 0.270 0.062 0.016 0.016 0.017 0.089 0.029 0.026 0.016 1    
465:  0.006 0.863 0.017 0.020 0.020 0.011 0.009 0.008 0.011 0.028 0.007 1    
466:  0.007 0.515 0.080 0.051 0.082 0.113 0.008 0.017 0.027 0.094 0.006 1    
467:  0.006 0.730 0.018 0.029 0.042 0.082 0.011 0.021 0.017 0.035 0.009 1    
468:  0.010 0.749 0.083 0.033 0.008 0.007 0.008 0.036 0.018 0.014 0.033 1    
469:  0.004 0.912 0.006 0.012 0.018 0.010 0.006 0.006 0.008 0.009 0.010 1    
470:  0.012 0.812 0.007 0.008 0.037 0.010 0.017 0.036 0.041 0.013 0.006 1    
471:  0.008 0.734 0.055 0.086 0.016 0.019 0.008 0.025 0.014 0.027 0.008 1    
472:  0.009 0.869 0.015 0.010 0.022 0.012 0.009 0.015 0.017 0.016 0.004 1    
473:  0.011 0.189 0.034 0.015 0.019 0.670 0.008 0.032 0.011 0.007 0.004 1    
474:  0.015 0.550 0.108 0.018 0.021 0.081 0.005 0.187 0.006 0.006 0.004 1    
475:  0.006 0.543 0.134 0.069 0.032 0.160 0.014 0.025 0.007 0.006 0.004 1    
476:  0.018 0.444 0.034 0.017 0.020 0.012 0.008 0.411 0.019 0.010 0.007 1    
477:  0.009 0.856 0.018 0.020 0.008 0.012 0.010 0.046 0.009 0.008 0.005 1    
478:  0.008 0.767 0.009 0.072 0.009 0.011 0.008 0.014 0.013 0.030 0.059 1    
479:  0.006 0.937 0.007 0.008 0.008 0.007 0.004 0.005 0.006 0.005 0.005 1    
480:  0.006 0.813 0.012 0.034 0.010 0.012 0.009 0.030 0.023 0.017 0.034 1    
481:  0.017 0.860 0.012 0.011 0.012 0.009 0.010 0.010 0.013 0.030 0.014 1    
482:  0.010 0.865 0.010 0.021 0.021 0.014 0.013 0.010 0.012 0.018 0.006 1    
483:  0.006 0.946 0.006 0.005 0.006 0.006 0.006 0.004 0.006 0.005 0.003 1    
484:  0.007 0.778 0.009 0.059 0.013 0.034 0.013 0.014 0.045 0.016 0.011 1    
485:  0.006 0.727 0.009 0.056 0.017 0.029 0.019 0.029 0.053 0.041 0.014 1    
486:  0.008 0.562 0.018 0.202 0.011 0.017 0.007 0.028 0.020 0.088 0.039 1    
487:  0.006 0.838 0.008 0.028 0.014 0.018 0.012 0.024 0.020 0.020 0.012 1    
488:  0.034 0.014 0.017 0.036 0.040 0.360 0.097 0.015 0.039 0.341 0.007 1    
489:  0.042 0.115 0.175 0.155 0.034 0.207 0.135 0.047 0.030 0.047 0.012 1    
490:  0.156 0.297 0.034 0.012 0.108 0.023 0.038 0.195 0.086 0.043 0.007 1    
491:  0.102 0.498 0.025 0.021 0.114 0.038 0.030 0.095 0.044 0.029 0.005 1    
492:  0.014 0.019 0.022 0.013 0.222 0.044 0.066 0.384 0.064 0.145 0.006 1    
493:  0.033 0.404 0.012 0.016 0.069 0.243 0.048 0.043 0.069 0.044 0.019 1    
494:  0.017 0.019 0.078 0.008 0.294 0.028 0.069 0.267 0.088 0.095 0.037 1    
495:  0.018 0.020 0.069 0.010 0.294 0.029 0.083 0.301 0.062 0.077 0.037 1    
496:  0.072 0.113 0.028 0.018 0.678 0.016 0.018 0.012 0.031 0.009 0.006 1    
497:  0.057 0.031 0.158 0.013 0.156 0.022 0.153 0.205 0.076 0.123 0.007 1    
498:  0.008 0.007 0.013 0.010 0.007 0.894 0.029 0.007 0.007 0.015 0.004 1    
499:  0.011 0.008 0.018 0.026 0.012 0.093 0.025 0.728 0.018 0.052 0.010 1    
500:  0.047 0.033 0.028 0.021 0.035 0.029 0.047 0.624 0.032 0.072 0.032 1    
501:  0.181 0.414 0.028 0.014 0.026 0.035 0.056 0.038 0.010 0.192 0.006 1    
502:  0.014 0.009 0.026 0.012 0.010 0.025 0.026 0.057 0.007 0.805 0.009 1    
503:  0.112 0.156 0.097 0.015 0.031 0.164 0.120 0.022 0.013 0.263 0.006 1    
504:  0.021 0.025 0.015 0.023 0.017 0.016 0.025 0.679 0.013 0.144 0.022 1    
505:  0.007 0.007 0.015 0.009 0.007 0.896 0.030 0.006 0.007 0.013 0.005 1    
506:  0.010 0.014 0.016 0.019 0.014 0.889 0.009 0.005 0.010 0.006 0.008 1    
507:  0.011 0.028 0.011 0.016 0.031 0.849 0.013 0.006 0.009 0.012 0.014 1    
508:  0.011 0.009 0.020 0.021 0.015 0.763 0.076 0.008 0.029 0.015 0.032 1    
509:  0.081 0.040 0.006 0.009 0.015 0.566 0.009 0.009 0.246 0.012 0.007 1    
510:  0.015 0.128 0.007 0.014 0.020 0.535 0.013 0.032 0.040 0.179 0.018 1    
511:  0.008 0.012 0.017 0.011 0.009 0.837 0.029 0.008 0.009 0.050 0.009 1    
512:  0.008 0.022 0.006 0.018 0.016 0.759 0.019 0.019 0.026 0.062 0.045 1    
