1:    0.162 0.353 0.124 0.361 1    
2:    0.141 0.195 0.589 0.075 1    
3:    0.175 0.493 0.076 0.256 1    
4:    0.389 0.167 0.323 0.121 1    
5:    0.553 0.194 0.122 0.130 1    
6:    0.596 0.105 0.027 0.272 1    
7:    0.099 0.097 0.200 0.604 1    
8:    0.076 0.442 0.127 0.355 1    
9:    0.099 0.072 0.069 0.760 1    
10:   0.093 0.207 0.147 0.553 1    
11:   0.081 0.322 0.142 0.455 1    
12:   0.071 0.078 0.690 0.161 1    
13:   0.051 0.376 0.150 0.423 1    
14:   0.217 0.148 0.168 0.468 1    
15:   0.494 0.032 0.400 0.075 1    
16:   0.022 0.231 0.038 0.709 1    
17:   0.015 0.032 0.014 0.939 1    
18:   0.788 0.172 0.016 0.024 1    
19:   0.388 0.554 0.028 0.029 1    
20:   0.244 0.201 0.248 0.307 1    
21:   0.861 0.101 0.022 0.017 1    
22:   0.371 0.571 0.028 0.030 1    
23:   0.333 0.351 0.271 0.046 1    
24:   0.487 0.050 0.385 0.078 1    
25:   0.936 0.041 0.011 0.012 1    
26:   0.960 0.015 0.016 0.009 1    
27:   0.904 0.048 0.026 0.022 1    
28:   0.865 0.075 0.040 0.019 1    
29:   0.710 0.031 0.242 0.018 1    
30:   0.952 0.014 0.023 0.012 1    
31:   0.545 0.148 0.272 0.035 1    
32:   0.031 0.229 0.047 0.693 1    
33:   0.128 0.348 0.056 0.467 1    
34:   0.187 0.075 0.038 0.700 1    
35:   0.018 0.097 0.014 0.872 1    
36:   0.213 0.135 0.363 0.290 1    
37:   0.130 0.219 0.597 0.055 1    
38:   0.027 0.147 0.012 0.814 1    
39:   0.085 0.412 0.287 0.215 1    
40:   0.086 0.054 0.031 0.830 1    
41:   0.057 0.111 0.675 0.157 1    
42:   0.257 0.464 0.048 0.231 1    
43:   0.253 0.039 0.082 0.626 1    
44:   0.062 0.102 0.117 0.720 1    
45:   0.031 0.110 0.057 0.802 1    
46:   0.103 0.225 0.100 0.572 1    
47:   0.725 0.192 0.051 0.032 1    
48:   0.660 0.196 0.102 0.041 1    
49:   0.887 0.033 0.031 0.049 1    
50:   0.811 0.148 0.024 0.017 1    
51:   0.854 0.108 0.020 0.018 1    
52:   0.046 0.029 0.898 0.028 1    
53:   0.016 0.042 0.897 0.045 1    
54:   0.048 0.044 0.883 0.025 1    
55:   0.025 0.288 0.350 0.337 1    
56:   0.028 0.312 0.298 0.363 1    
57:   0.021 0.179 0.764 0.035 1    
58:   0.147 0.171 0.601 0.080 1    
59:   0.124 0.356 0.464 0.056 1    
60:   0.899 0.031 0.024 0.046 1    
61:   0.781 0.051 0.140 0.027 1    
62:   0.861 0.043 0.053 0.043 1    
63:   0.861 0.078 0.044 0.017 1    
64:   0.918 0.037 0.022 0.023 1    
65:   0.845 0.050 0.077 0.028 1    
66:   0.058 0.868 0.034 0.040 1    
67:   0.104 0.859 0.024 0.013 1    
68:   0.052 0.556 0.292 0.101 1    
69:   0.195 0.714 0.047 0.043 1    
70:   0.481 0.458 0.033 0.028 1    
71:   0.138 0.832 0.017 0.014 1    
72:   0.170 0.799 0.014 0.017 1    
73:   0.103 0.852 0.027 0.019 1    
74:   0.248 0.614 0.026 0.112 1    
75:   0.286 0.019 0.070 0.624 1    
76:   0.093 0.112 0.094 0.700 1    
77:   0.397 0.116 0.125 0.361 1    
78:   0.366 0.088 0.495 0.051 1    
79:   0.174 0.177 0.216 0.433 1    
80:   0.272 0.070 0.440 0.219 1    
81:   0.773 0.071 0.139 0.017 1    
82:   0.314 0.362 0.131 0.194 1    
83:   0.670 0.289 0.021 0.019 1    
84:   0.622 0.161 0.190 0.028 1    
85:   0.076 0.033 0.854 0.038 1    
86:   0.594 0.365 0.019 0.022 1    
87:   0.031 0.628 0.259 0.082 1    
88:   0.046 0.341 0.355 0.258 1    
89:   0.018 0.189 0.508 0.285 1    
90:   0.246 0.329 0.300 0.125 1    
91:   0.069 0.094 0.788 0.049 1    
92:   0.116 0.161 0.694 0.029 1    
93:   0.159 0.093 0.276 0.472 1    
94:   0.384 0.081 0.453 0.082 1    
95:   0.123 0.150 0.258 0.469 1    
96:   0.055 0.081 0.028 0.835 1    
97:   0.069 0.371 0.542 0.018 1    
98:   0.182 0.326 0.459 0.033 1    
99:   0.098 0.162 0.721 0.019 1    
100:  0.220 0.050 0.654 0.076 1    
101:  0.033 0.129 0.812 0.026 1    
102:  0.116 0.313 0.477 0.094 1    
103:  0.057 0.324 0.566 0.053 1    
104:  0.842 0.018 0.018 0.122 1    
105:  0.850 0.015 0.111 0.023 1    
106:  0.952 0.023 0.009 0.016 1    
107:  0.842 0.046 0.088 0.024 1    
108:  0.935 0.014 0.014 0.037 1    
109:  0.831 0.026 0.109 0.033 1    
110:  0.583 0.018 0.059 0.340 1    
111:  0.755 0.025 0.183 0.037 1    
112:  0.635 0.023 0.028 0.314 1    
113:  0.909 0.016 0.038 0.037 1    
114:  0.652 0.244 0.083 0.021 1    
115:  0.203 0.079 0.089 0.629 1    
116:  0.464 0.120 0.337 0.079 1    
117:  0.300 0.055 0.141 0.504 1    
118:  0.919 0.029 0.040 0.011 1    
119:  0.942 0.012 0.022 0.024 1    
120:  0.167 0.030 0.720 0.083 1    
121:  0.890 0.021 0.065 0.025 1    
122:  0.738 0.052 0.184 0.025 1    
123:  0.492 0.045 0.179 0.283 1    
124:  0.909 0.037 0.039 0.015 1    
125:  0.393 0.018 0.545 0.044 1    
126:  0.225 0.606 0.140 0.029 1    
127:  0.209 0.055 0.631 0.105 1    
128:  0.676 0.074 0.162 0.088 1    
129:  0.442 0.278 0.036 0.243 1    
130:  0.563 0.389 0.025 0.023 1    
131:  0.760 0.167 0.028 0.045 1    
132:  0.670 0.121 0.025 0.183 1    
133:  0.802 0.148 0.028 0.022 1    
134:  0.655 0.136 0.037 0.171 1    
135:  0.646 0.310 0.016 0.028 1    
136:  0.043 0.900 0.034 0.024 1    
137:  0.086 0.874 0.024 0.016 1    
138:  0.018 0.912 0.046 0.024 1    
139:  0.030 0.881 0.062 0.027 1    
140:  0.064 0.891 0.021 0.024 1    
141:  0.016 0.908 0.058 0.018 1    
142:  0.085 0.868 0.023 0.024 1    
143:  0.021 0.910 0.060 0.009 1    
144:  0.036 0.918 0.033 0.014 1    
145:  0.025 0.863 0.082 0.030 1    
146:  0.062 0.827 0.090 0.022 1    
147:  0.842 0.048 0.027 0.082 1    
148:  0.420 0.031 0.372 0.177 1    
149:  0.282 0.088 0.365 0.265 1    
150:  0.961 0.011 0.014 0.014 1    
151:  0.934 0.019 0.024 0.024 1    
152:  0.624 0.023 0.192 0.161 1    
153:  0.814 0.048 0.043 0.095 1    
154:  0.642 0.028 0.166 0.164 1    
155:  0.834 0.053 0.031 0.081 1    
156:  0.018 0.144 0.009 0.829 1    
157:  0.060 0.093 0.178 0.669 1    
158:  0.033 0.117 0.026 0.825 1    
159:  0.012 0.363 0.021 0.604 1    
160:  0.013 0.084 0.009 0.894 1    
161:  0.020 0.058 0.013 0.909 1    
162:  0.039 0.149 0.020 0.792 1    
163:  0.056 0.310 0.072 0.563 1    
164:  0.009 0.153 0.013 0.825 1    
165:  0.059 0.258 0.040 0.643 1    
166:  0.123 0.102 0.020 0.756 1    
167:  0.064 0.855 0.048 0.033 1    
168:  0.150 0.216 0.083 0.552 1    
169:  0.035 0.333 0.025 0.607 1    
170:  0.049 0.211 0.045 0.695 1    
171:  0.085 0.068 0.019 0.827 1    
172:  0.714 0.067 0.031 0.187 1    
173:  0.041 0.280 0.023 0.657 1    
174:  0.018 0.260 0.016 0.706 1    
175:  0.023 0.135 0.012 0.831 1    
176:  0.033 0.415 0.026 0.525 1    
177:  0.022 0.581 0.029 0.368 1    
178:  0.035 0.089 0.013 0.863 1    
179:  0.790 0.101 0.051 0.058 1    
180:  0.834 0.061 0.027 0.078 1    
181:  0.949 0.016 0.015 0.020 1    
182:  0.932 0.016 0.025 0.027 1    
183:  0.951 0.012 0.015 0.022 1    
184:  0.937 0.034 0.016 0.014 1    
185:  0.931 0.025 0.017 0.027 1    
186:  0.922 0.050 0.016 0.012 1    
187:  0.937 0.018 0.012 0.033 1    
188:  0.016 0.017 0.015 0.951 1    
189:  0.025 0.599 0.043 0.334 1    
190:  0.054 0.255 0.440 0.252 1    
191:  0.032 0.045 0.020 0.904 1    
192:  0.019 0.035 0.034 0.912 1    
193:  0.043 0.441 0.025 0.490 1    
194:  0.045 0.180 0.047 0.727 1    
195:  0.031 0.131 0.021 0.817 1    
196:  0.070 0.823 0.045 0.062 1    
197:  0.011 0.023 0.031 0.935 1    
198:  0.026 0.422 0.232 0.320 1    
199:  0.075 0.207 0.084 0.634 1    
200:  0.042 0.551 0.152 0.256 1    
201:  0.038 0.450 0.332 0.179 1    
202:  0.035 0.096 0.156 0.713 1    
203:  0.015 0.091 0.084 0.810 1    
204:  0.023 0.203 0.248 0.526 1    
205:  0.015 0.018 0.024 0.943 1    
206:  0.018 0.363 0.066 0.553 1    
207:  0.015 0.104 0.453 0.428 1    
208:  0.109 0.343 0.092 0.456 1    
209:  0.026 0.114 0.045 0.816 1    
210:  0.031 0.021 0.897 0.051 1    
211:  0.024 0.073 0.673 0.230 1    
212:  0.011 0.054 0.028 0.907 1    
213:  0.018 0.018 0.036 0.929 1    
214:  0.017 0.027 0.017 0.939 1    
215:  0.024 0.050 0.017 0.909 1    
216:  0.015 0.111 0.061 0.814 1    
217:  0.010 0.024 0.038 0.929 1    
218:  0.008 0.015 0.015 0.962 1    
219:  0.018 0.044 0.042 0.896 1    
220:  0.046 0.063 0.252 0.639 1    
221:  0.103 0.188 0.132 0.576 1    
222:  0.050 0.083 0.091 0.776 1    
223:  0.029 0.033 0.051 0.886 1    
224:  0.112 0.033 0.766 0.090 1    
225:  0.071 0.622 0.050 0.258 1    
226:  0.017 0.035 0.148 0.800 1    
227:  0.229 0.023 0.050 0.698 1    
228:  0.135 0.039 0.616 0.210 1    
229:  0.047 0.055 0.209 0.688 1    
230:  0.069 0.035 0.832 0.065 1    
231:  0.080 0.024 0.444 0.452 1    
232:  0.028 0.008 0.940 0.024 1    
233:  0.027 0.022 0.822 0.129 1    
234:  0.377 0.024 0.472 0.126 1    
235:  0.037 0.020 0.825 0.118 1    
236:  0.032 0.065 0.025 0.879 1    
237:  0.035 0.046 0.019 0.900 1    
238:  0.021 0.325 0.031 0.622 1    
239:  0.021 0.242 0.012 0.725 1    
240:  0.014 0.083 0.011 0.892 1    
241:  0.018 0.194 0.012 0.776 1    
242:  0.013 0.348 0.012 0.627 1    
243:  0.017 0.224 0.015 0.744 1    
244:  0.024 0.210 0.010 0.755 1    
245:  0.051 0.245 0.051 0.652 1    
246:  0.012 0.217 0.025 0.746 1    
247:  0.015 0.016 0.009 0.961 1    
248:  0.065 0.067 0.032 0.837 1    
249:  0.037 0.038 0.034 0.891 1    
250:  0.085 0.028 0.037 0.850 1    
251:  0.037 0.015 0.015 0.933 1    
252:  0.060 0.150 0.037 0.753 1    
253:  0.019 0.013 0.012 0.957 1    
254:  0.038 0.043 0.023 0.896 1    
255:  0.036 0.010 0.010 0.945 1    
256:  0.014 0.011 0.012 0.963 1    
257:  0.031 0.017 0.028 0.925 1    
258:  0.010 0.016 0.061 0.913 1    
259:  0.014 0.016 0.010 0.960 1    
260:  0.008 0.008 0.010 0.974 1    
261:  0.014 0.025 0.027 0.934 1    
262:  0.015 0.053 0.033 0.898 1    
263:  0.009 0.009 0.011 0.972 1    
264:  0.008 0.008 0.017 0.966 1    
265:  0.013 0.013 0.011 0.963 1    
266:  0.008 0.013 0.017 0.961 1    
267:  0.009 0.009 0.016 0.965 1    
268:  0.007 0.009 0.009 0.975 1    
269:  0.012 0.013 0.016 0.959 1    
270:  0.011 0.017 0.011 0.961 1    
271:  0.024 0.118 0.059 0.799 1    
272:  0.011 0.010 0.018 0.962 1    
273:  0.041 0.663 0.151 0.145 1    
274:  0.010 0.009 0.012 0.968 1    
275:  0.019 0.045 0.845 0.091 1    
276:  0.022 0.045 0.031 0.901 1    
277:  0.069 0.327 0.322 0.282 1    
278:  0.016 0.014 0.021 0.949 1    
279:  0.123 0.280 0.479 0.118 1    
280:  0.012 0.016 0.031 0.940 1    
281:  0.164 0.293 0.184 0.359 1    
282:  0.010 0.012 0.015 0.963 1    
283:  0.016 0.017 0.018 0.949 1    
284:  0.032 0.099 0.164 0.705 1    
285:  0.014 0.015 0.063 0.908 1    
286:  0.010 0.012 0.026 0.952 1    
287:  0.011 0.023 0.065 0.902 1    
288:  0.012 0.023 0.050 0.916 1    
289:  0.019 0.033 0.182 0.766 1    
290:  0.014 0.021 0.052 0.914 1    
291:  0.015 0.013 0.017 0.955 1    
292:  0.015 0.014 0.071 0.900 1    
293:  0.024 0.103 0.846 0.027 1    
294:  0.015 0.237 0.728 0.020 1    
295:  0.158 0.424 0.385 0.034 1    
296:  0.082 0.660 0.223 0.035 1    
297:  0.132 0.323 0.497 0.047 1    
298:  0.216 0.362 0.386 0.036 1    
299:  0.020 0.051 0.910 0.020 1    
300:  0.138 0.229 0.609 0.024 1    
301:  0.025 0.047 0.192 0.735 1    
302:  0.021 0.061 0.328 0.590 1    
303:  0.064 0.284 0.504 0.149 1    
304:  0.031 0.080 0.295 0.593 1    
305:  0.122 0.039 0.202 0.636 1    
306:  0.019 0.016 0.029 0.936 1    
307:  0.030 0.107 0.125 0.739 1    
308:  0.028 0.012 0.045 0.916 1    
309:  0.083 0.028 0.037 0.852 1    
310:  0.014 0.018 0.247 0.721 1    
311:  0.057 0.164 0.257 0.522 1    
312:  0.228 0.068 0.041 0.663 1    
313:  0.108 0.069 0.375 0.448 1    
314:  0.017 0.024 0.030 0.929 1    
315:  0.193 0.224 0.117 0.466 1    
316:  0.047 0.064 0.456 0.432 1    
317:  0.068 0.057 0.145 0.730 1    
318:  0.062 0.024 0.879 0.035 1    
319:  0.065 0.030 0.881 0.024 1    
320:  0.027 0.020 0.936 0.016 1    
321:  0.020 0.031 0.925 0.024 1    
322:  0.021 0.016 0.946 0.016 1    
323:  0.047 0.032 0.889 0.033 1    
324:  0.071 0.110 0.580 0.239 1    
325:  0.083 0.106 0.631 0.180 1    
326:  0.022 0.015 0.928 0.036 1    
327:  0.021 0.013 0.888 0.078 1    
328:  0.021 0.532 0.267 0.179 1    
329:  0.041 0.145 0.464 0.350 1    
330:  0.235 0.217 0.235 0.312 1    
331:  0.040 0.594 0.245 0.121 1    
332:  0.286 0.032 0.127 0.554 1    
333:  0.058 0.378 0.207 0.357 1    
334:  0.238 0.326 0.036 0.400 1    
335:  0.015 0.041 0.019 0.925 1    
336:  0.010 0.024 0.018 0.948 1    
337:  0.032 0.137 0.031 0.800 1    
338:  0.026 0.027 0.011 0.936 1    
339:  0.014 0.022 0.012 0.952 1    
340:  0.012 0.009 0.026 0.953 1    
341:  0.299 0.235 0.379 0.087 1    
342:  0.031 0.049 0.864 0.056 1    
343:  0.074 0.222 0.619 0.085 1    
344:  0.121 0.504 0.330 0.044 1    
345:  0.048 0.037 0.796 0.119 1    
346:  0.052 0.700 0.179 0.069 1    
347:  0.185 0.323 0.137 0.355 1    
348:  0.187 0.508 0.171 0.134 1    
349:  0.101 0.773 0.037 0.088 1    
350:  0.053 0.625 0.267 0.056 1    
351:  0.097 0.297 0.391 0.214 1    
352:  0.394 0.417 0.033 0.155 1    
353:  0.046 0.859 0.046 0.049 1    
354:  0.045 0.666 0.255 0.034 1    
355:  0.050 0.070 0.202 0.678 1    
356:  0.011 0.012 0.016 0.961 1    
357:  0.014 0.014 0.022 0.950 1    
358:  0.020 0.042 0.062 0.875 1    
359:  0.023 0.018 0.393 0.566 1    
360:  0.041 0.028 0.511 0.420 1    
361:  0.031 0.052 0.051 0.866 1    
362:  0.012 0.028 0.501 0.460 1    
363:  0.011 0.013 0.029 0.947 1    
364:  0.039 0.821 0.107 0.034 1    
365:  0.070 0.772 0.074 0.083 1    
366:  0.856 0.077 0.017 0.051 1    
367:  0.123 0.775 0.035 0.067 1    
368:  0.361 0.446 0.150 0.042 1    
369:  0.125 0.736 0.103 0.037 1    
370:  0.156 0.706 0.110 0.028 1    
371:  0.629 0.297 0.041 0.033 1    
372:  0.087 0.779 0.077 0.057 1    
373:  0.013 0.013 0.945 0.029 1    
374:  0.042 0.032 0.880 0.046 1    
375:  0.014 0.015 0.963 0.008 1    
376:  0.014 0.013 0.965 0.008 1    
377:  0.013 0.018 0.956 0.013 1    
378:  0.018 0.032 0.937 0.013 1    
379:  0.010 0.964 0.011 0.015 1    
380:  0.091 0.072 0.783 0.054 1    
381:  0.068 0.750 0.054 0.128 1    
382:  0.090 0.853 0.032 0.025 1    
383:  0.031 0.902 0.019 0.048 1    
384:  0.156 0.736 0.061 0.047 1    
385:  0.025 0.907 0.029 0.039 1    
386:  0.061 0.823 0.027 0.088 1    
387:  0.669 0.039 0.261 0.031 1    
388:  0.319 0.303 0.077 0.301 1    
389:  0.339 0.046 0.436 0.180 1    
390:  0.013 0.013 0.948 0.025 1    
391:  0.020 0.033 0.861 0.086 1    
392:  0.727 0.050 0.158 0.065 1    
393:  0.033 0.034 0.846 0.087 1    
394:  0.065 0.730 0.146 0.059 1    
395:  0.280 0.511 0.090 0.119 1    
396:  0.048 0.182 0.739 0.031 1    
397:  0.051 0.199 0.723 0.028 1    
398:  0.074 0.708 0.091 0.128 1    
399:  0.179 0.221 0.348 0.253 1    
400:  0.022 0.450 0.470 0.058 1    
401:  0.033 0.786 0.120 0.061 1    
402:  0.690 0.187 0.092 0.031 1    
403:  0.576 0.068 0.307 0.050 1    
404:  0.606 0.071 0.269 0.054 1    
405:  0.100 0.195 0.675 0.030 1    
406:  0.442 0.051 0.474 0.033 1    
407:  0.447 0.042 0.480 0.031 1    
408:  0.698 0.121 0.052 0.129 1    
409:  0.238 0.201 0.486 0.075 1    
410:  0.102 0.599 0.086 0.213 1    
411:  0.206 0.100 0.540 0.155 1    
412:  0.178 0.745 0.027 0.050 1    
413:  0.096 0.166 0.590 0.147 1    
414:  0.023 0.083 0.261 0.632 1    
415:  0.170 0.552 0.080 0.198 1    
416:  0.182 0.621 0.040 0.157 1    
417:  0.266 0.245 0.263 0.227 1    
418:  0.116 0.571 0.058 0.255 1    
419:  0.354 0.371 0.184 0.091 1    
420:  0.169 0.512 0.171 0.148 1    
421:  0.359 0.052 0.416 0.173 1    
422:  0.095 0.710 0.139 0.056 1    
423:  0.038 0.842 0.072 0.048 1    
424:  0.310 0.261 0.088 0.341 1    
425:  0.436 0.138 0.105 0.320 1    
426:  0.163 0.081 0.412 0.345 1    
427:  0.089 0.606 0.229 0.076 1    
428:  0.066 0.066 0.759 0.109 1    
429:  0.105 0.711 0.155 0.030 1    
430:  0.043 0.157 0.781 0.018 1    
431:  0.074 0.196 0.367 0.363 1    
432:  0.146 0.085 0.451 0.318 1    
433:  0.065 0.846 0.065 0.024 1    
434:  0.122 0.764 0.073 0.041 1    
435:  0.017 0.026 0.942 0.015 1    
436:  0.021 0.060 0.878 0.041 1    
437:  0.029 0.015 0.940 0.016 1    
438:  0.052 0.018 0.915 0.014 1    
439:  0.277 0.059 0.637 0.028 1    
440:  0.013 0.012 0.934 0.041 1    
441:  0.018 0.021 0.918 0.042 1    
442:  0.057 0.101 0.801 0.042 1    
443:  0.015 0.010 0.961 0.014 1    
444:  0.120 0.037 0.763 0.080 1    
445:  0.271 0.023 0.020 0.686 1    
446:  0.452 0.097 0.142 0.310 1    
447:  0.062 0.022 0.902 0.014 1    
448:  0.062 0.029 0.027 0.882 1    
449:  0.108 0.018 0.852 0.022 1    
450:  0.680 0.054 0.144 0.122 1    
451:  0.201 0.028 0.054 0.716 1    
452:  0.499 0.064 0.101 0.336 1    
453:  0.011 0.019 0.951 0.020 1    
454:  0.010 0.015 0.931 0.044 1    
455:  0.027 0.035 0.911 0.027 1    
456:  0.019 0.013 0.934 0.035 1    
457:  0.017 0.028 0.934 0.021 1    
458:  0.013 0.013 0.955 0.019 1    
459:  0.016 0.012 0.959 0.013 1    
460:  0.015 0.039 0.918 0.028 1    
461:  0.027 0.019 0.914 0.040 1    
462:  0.014 0.033 0.941 0.012 1    
463:  0.014 0.018 0.913 0.055 1    
464:  0.015 0.011 0.961 0.013 1    
465:  0.016 0.027 0.864 0.093 1    
466:  0.019 0.012 0.960 0.009 1    
467:  0.014 0.012 0.952 0.022 1    
468:  0.010 0.032 0.935 0.024 1    
469:  0.028 0.032 0.904 0.036 1    
470:  0.012 0.026 0.935 0.027 1    
471:  0.006 0.008 0.968 0.017 1    
472:  0.010 0.020 0.944 0.026 1    
473:  0.008 0.022 0.954 0.016 1    
474:  0.014 0.027 0.911 0.047 1    
475:  0.021 0.017 0.943 0.018 1    
476:  0.016 0.012 0.957 0.016 1    
477:  0.012 0.011 0.962 0.014 1    
478:  0.012 0.011 0.961 0.016 1    
479:  0.008 0.008 0.964 0.020 1    
480:  0.094 0.050 0.415 0.441 1    
481:  0.120 0.085 0.625 0.170 1    
482:  0.015 0.016 0.664 0.305 1    
483:  0.015 0.010 0.963 0.011 1    
484:  0.103 0.223 0.622 0.052 1    
485:  0.154 0.128 0.658 0.060 1    
486:  0.242 0.200 0.537 0.020 1    
487:  0.049 0.097 0.760 0.094 1    
488:  0.200 0.558 0.219 0.023 1    
489:  0.278 0.106 0.569 0.047 1    
490:  0.064 0.239 0.660 0.036 1    
491:  0.268 0.104 0.577 0.050 1    
492:  0.067 0.179 0.717 0.038 1    
493:  0.011 0.016 0.954 0.018 1    
494:  0.011 0.024 0.943 0.022 1    
495:  0.011 0.014 0.960 0.015 1    
496:  0.018 0.014 0.918 0.050 1    
497:  0.007 0.015 0.966 0.012 1    
498:  0.014 0.282 0.668 0.036 1    
499:  0.030 0.098 0.704 0.168 1    
500:  0.035 0.025 0.893 0.047 1    
501:  0.058 0.022 0.861 0.059 1    
502:  0.032 0.057 0.288 0.623 1    
503:  0.027 0.061 0.857 0.054 1    
504:  0.023 0.055 0.744 0.178 1    
505:  0.015 0.031 0.758 0.196 1    
506:  0.053 0.085 0.620 0.241 1    
507:  0.014 0.959 0.020 0.007 1    
508:  0.032 0.704 0.245 0.019 1    
509:  0.020 0.932 0.034 0.014 1    
510:  0.025 0.953 0.012 0.010 1    
511:  0.014 0.958 0.015 0.012 1    
512:  0.016 0.946 0.026 0.011 1    
513:  0.016 0.963 0.011 0.010 1    
514:  0.019 0.905 0.041 0.034 1    
515:  0.018 0.939 0.026 0.017 1    
516:  0.005 0.976 0.007 0.011 1    
517:  0.009 0.960 0.012 0.018 1    
518:  0.010 0.961 0.012 0.017 1    
519:  0.009 0.968 0.013 0.011 1    
520:  0.020 0.949 0.016 0.015 1    
521:  0.007 0.958 0.007 0.028 1    
522:  0.034 0.917 0.012 0.037 1    
523:  0.012 0.958 0.011 0.018 1    
524:  0.007 0.961 0.011 0.021 1    
525:  0.015 0.941 0.030 0.015 1    
526:  0.007 0.974 0.007 0.012 1    
527:  0.008 0.970 0.010 0.011 1    
528:  0.007 0.969 0.010 0.014 1    
529:  0.007 0.959 0.011 0.022 1    
530:  0.014 0.925 0.024 0.037 1    
531:  0.009 0.970 0.009 0.012 1    
532:  0.011 0.957 0.015 0.017 1    
533:  0.021 0.019 0.946 0.014 1    
534:  0.172 0.040 0.747 0.041 1    
535:  0.092 0.052 0.834 0.022 1    
536:  0.081 0.049 0.761 0.109 1    
537:  0.135 0.019 0.835 0.012 1    
538:  0.016 0.027 0.942 0.015 1    
539:  0.041 0.078 0.855 0.026 1    
540:  0.019 0.017 0.951 0.012 1    
541:  0.010 0.965 0.012 0.013 1    
542:  0.025 0.952 0.011 0.013 1    
543:  0.011 0.959 0.018 0.013 1    
544:  0.020 0.933 0.015 0.032 1    
545:  0.012 0.964 0.009 0.015 1    
546:  0.009 0.966 0.009 0.016 1    
547:  0.011 0.959 0.014 0.016 1    
548:  0.014 0.956 0.012 0.018 1    
549:  0.025 0.936 0.020 0.020 1    
550:  0.014 0.015 0.959 0.012 1    
551:  0.016 0.022 0.949 0.012 1    
552:  0.019 0.023 0.941 0.016 1    
553:  0.010 0.031 0.881 0.078 1    
554:  0.012 0.035 0.912 0.041 1    
555:  0.018 0.020 0.928 0.034 1    
556:  0.020 0.028 0.931 0.022 1    
557:  0.014 0.384 0.558 0.044 1    
558:  0.010 0.040 0.914 0.035 1    
559:  0.414 0.142 0.389 0.055 1    
560:  0.233 0.549 0.173 0.046 1    
561:  0.239 0.337 0.383 0.042 1    
562:  0.435 0.173 0.255 0.137 1    
563:  0.169 0.605 0.192 0.034 1    
564:  0.042 0.694 0.243 0.021 1    
565:  0.084 0.510 0.377 0.029 1    
566:  0.021 0.027 0.083 0.869 1    
567:  0.024 0.031 0.043 0.901 1    
568:  0.054 0.051 0.039 0.856 1    
569:  0.022 0.022 0.069 0.887 1    
570:  0.022 0.096 0.106 0.776 1    
571:  0.319 0.394 0.089 0.198 1    
572:  0.028 0.179 0.075 0.718 1    
573:  0.024 0.036 0.330 0.610 1    
574:  0.020 0.953 0.014 0.014 1    
575:  0.008 0.952 0.020 0.020 1    
576:  0.009 0.967 0.010 0.014 1    
577:  0.007 0.967 0.011 0.015 1    
578:  0.012 0.935 0.010 0.043 1    
579:  0.017 0.932 0.015 0.036 1    
580:  0.015 0.943 0.012 0.030 1    
581:  0.039 0.019 0.866 0.076 1    
582:  0.018 0.013 0.932 0.037 1    
583:  0.014 0.933 0.028 0.026 1    
584:  0.025 0.025 0.907 0.044 1    
585:  0.048 0.041 0.271 0.640 1    
586:  0.021 0.016 0.948 0.015 1    
587:  0.038 0.023 0.886 0.052 1    
588:  0.018 0.013 0.939 0.030 1    
589:  0.012 0.016 0.947 0.025 1    
590:  0.066 0.117 0.737 0.080 1    
591:  0.046 0.288 0.615 0.050 1    
592:  0.017 0.180 0.641 0.162 1    
593:  0.025 0.146 0.795 0.034 1    
594:  0.014 0.200 0.745 0.041 1    
595:  0.012 0.448 0.507 0.033 1    
596:  0.015 0.195 0.598 0.192 1    
597:  0.891 0.072 0.015 0.023 1    
598:  0.891 0.060 0.025 0.024 1    
599:  0.814 0.114 0.019 0.054 1    
600:  0.817 0.140 0.019 0.025 1    
601:  0.511 0.351 0.036 0.102 1    
602:  0.818 0.063 0.021 0.098 1    
603:  0.093 0.218 0.146 0.543 1    
604:  0.469 0.205 0.087 0.239 1    
605:  0.946 0.012 0.030 0.012 1    
606:  0.967 0.016 0.008 0.009 1    
607:  0.961 0.013 0.011 0.015 1    
608:  0.945 0.013 0.027 0.014 1    
609:  0.960 0.019 0.012 0.009 1    
610:  0.865 0.064 0.044 0.028 1    
611:  0.929 0.023 0.023 0.025 1    
612:  0.847 0.100 0.027 0.026 1    
613:  0.956 0.011 0.020 0.013 1    
614:  0.900 0.029 0.039 0.031 1    
615:  0.960 0.018 0.011 0.011 1    
616:  0.887 0.064 0.028 0.021 1    
617:  0.935 0.012 0.035 0.017 1    
618:  0.697 0.211 0.064 0.027 1    
619:  0.913 0.028 0.032 0.028 1    
620:  0.925 0.020 0.020 0.035 1    
621:  0.929 0.032 0.025 0.013 1    
622:  0.948 0.025 0.015 0.012 1    
623:  0.821 0.071 0.068 0.040 1    
624:  0.792 0.087 0.097 0.024 1    
625:  0.956 0.017 0.013 0.014 1    
626:  0.015 0.027 0.939 0.019 1    
627:  0.078 0.093 0.769 0.060 1    
628:  0.023 0.142 0.738 0.097 1    
629:  0.015 0.270 0.689 0.025 1    
630:  0.056 0.384 0.506 0.053 1    
631:  0.040 0.337 0.435 0.188 1    
632:  0.017 0.308 0.657 0.018 1    
633:  0.015 0.205 0.381 0.399 1    
634:  0.750 0.083 0.055 0.112 1    
635:  0.130 0.097 0.071 0.702 1    
636:  0.047 0.150 0.141 0.661 1    
637:  0.124 0.316 0.462 0.098 1    
638:  0.073 0.070 0.597 0.260 1    
639:  0.250 0.070 0.613 0.066 1    
640:  0.088 0.526 0.192 0.195 1    
641:  0.018 0.054 0.276 0.652 1    
642:  0.057 0.050 0.064 0.829 1    
643:  0.045 0.119 0.507 0.329 1    
644:  0.196 0.371 0.329 0.104 1    
645:  0.014 0.043 0.462 0.481 1    
646:  0.031 0.090 0.762 0.117 1    
647:  0.029 0.149 0.611 0.211 1    
648:  0.022 0.051 0.820 0.108 1    
649:  0.147 0.221 0.018 0.613 1    
650:  0.908 0.029 0.031 0.032 1    
651:  0.856 0.043 0.020 0.081 1    
652:  0.371 0.506 0.031 0.092 1    
653:  0.423 0.229 0.040 0.308 1    
654:  0.630 0.285 0.027 0.059 1    
655:  0.873 0.067 0.019 0.040 1    
656:  0.235 0.698 0.021 0.046 1    
657:  0.589 0.107 0.069 0.235 1    
658:  0.872 0.058 0.021 0.049 1    
659:  0.356 0.057 0.037 0.549 1    
660:  0.880 0.022 0.058 0.040 1    
661:  0.935 0.018 0.038 0.010 1    
662:  0.937 0.024 0.018 0.021 1    
663:  0.861 0.016 0.108 0.015 1    
664:  0.903 0.024 0.035 0.038 1    
665:  0.569 0.384 0.026 0.021 1    
666:  0.898 0.033 0.057 0.013 1    
667:  0.794 0.142 0.027 0.038 1    
668:  0.754 0.142 0.059 0.046 1    
669:  0.766 0.142 0.042 0.050 1    
670:  0.420 0.091 0.391 0.098 1    
671:  0.871 0.067 0.045 0.017 1    
672:  0.948 0.019 0.016 0.017 1    
673:  0.948 0.029 0.012 0.010 1    
674:  0.845 0.075 0.022 0.058 1    
675:  0.042 0.099 0.242 0.617 1    
676:  0.244 0.130 0.133 0.493 1    
677:  0.171 0.036 0.692 0.101 1    
678:  0.236 0.059 0.648 0.057 1    
679:  0.540 0.062 0.128 0.271 1    
680:  0.249 0.143 0.222 0.387 1    
681:  0.132 0.110 0.091 0.667 1    
682:  0.126 0.103 0.099 0.673 1    
683:  0.026 0.127 0.829 0.019 1    
684:  0.121 0.026 0.370 0.483 1    
685:  0.047 0.050 0.032 0.870 1    
686:  0.840 0.054 0.036 0.070 1    
687:  0.742 0.040 0.173 0.045 1    
688:  0.548 0.022 0.236 0.194 1    
689:  0.899 0.030 0.021 0.050 1    
690:  0.480 0.028 0.160 0.333 1    
691:  0.890 0.040 0.042 0.028 1    
692:  0.065 0.038 0.037 0.859 1    
693:  0.088 0.478 0.266 0.168 1    
694:  0.055 0.733 0.077 0.135 1    
695:  0.054 0.497 0.132 0.317 1    
696:  0.063 0.077 0.823 0.036 1    
697:  0.563 0.255 0.046 0.135 1    
698:  0.084 0.040 0.024 0.853 1    
699:  0.227 0.691 0.025 0.057 1    
700:  0.955 0.024 0.012 0.009 1    
701:  0.943 0.013 0.026 0.018 1    
702:  0.957 0.019 0.014 0.010 1    
703:  0.782 0.147 0.017 0.054 1    
704:  0.918 0.043 0.012 0.027 1    
705:  0.087 0.453 0.425 0.035 1    
706:  0.199 0.306 0.062 0.433 1    
707:  0.266 0.387 0.314 0.032 1    
708:  0.046 0.807 0.035 0.112 1    
709:  0.021 0.242 0.016 0.720 1    
710:  0.320 0.418 0.071 0.191 1    
711:  0.018 0.223 0.031 0.728 1    
712:  0.820 0.085 0.069 0.026 1    
713:  0.019 0.815 0.150 0.016 1    
714:  0.673 0.077 0.025 0.224 1    
715:  0.022 0.875 0.032 0.071 1    
716:  0.052 0.898 0.030 0.020 1    
717:  0.211 0.629 0.121 0.039 1    
718:  0.119 0.591 0.087 0.202 1    
719:  0.017 0.957 0.007 0.019 1    
720:  0.021 0.918 0.016 0.045 1    
721:  0.052 0.831 0.027 0.091 1    
722:  0.567 0.196 0.149 0.088 1    
723:  0.581 0.255 0.049 0.115 1    
724:  0.132 0.580 0.082 0.206 1    
725:  0.026 0.881 0.053 0.040 1    
726:  0.142 0.528 0.064 0.266 1    
727:  0.188 0.644 0.111 0.056 1    
728:  0.038 0.917 0.029 0.016 1    
729:  0.020 0.945 0.022 0.013 1    
730:  0.079 0.824 0.061 0.036 1    
731:  0.029 0.919 0.015 0.036 1    
732:  0.545 0.379 0.046 0.029 1    
733:  0.744 0.205 0.031 0.020 1    
734:  0.034 0.893 0.047 0.026 1    
735:  0.817 0.075 0.014 0.094 1    
736:  0.668 0.146 0.058 0.127 1    
737:  0.486 0.406 0.019 0.090 1    
738:  0.501 0.222 0.186 0.091 1    
739:  0.689 0.220 0.027 0.064 1    
740:  0.658 0.170 0.106 0.066 1    
741:  0.582 0.115 0.054 0.249 1    
742:  0.548 0.366 0.044 0.042 1    
743:  0.888 0.078 0.013 0.022 1    
744:  0.378 0.547 0.048 0.028 1    
745:  0.619 0.270 0.020 0.091 1    
746:  0.321 0.607 0.042 0.030 1    
747:  0.776 0.141 0.021 0.062 1    
748:  0.204 0.735 0.039 0.022 1    
749:  0.801 0.097 0.016 0.086 1    
750:  0.610 0.346 0.023 0.021 1    
751:  0.685 0.193 0.037 0.085 1    
752:  0.071 0.666 0.106 0.157 1    
753:  0.059 0.505 0.208 0.229 1    
754:  0.353 0.399 0.207 0.041 1    
755:  0.229 0.613 0.057 0.101 1    
756:  0.064 0.527 0.127 0.282 1    
757:  0.251 0.556 0.064 0.129 1    
758:  0.141 0.650 0.044 0.166 1    
759:  0.194 0.694 0.021 0.091 1    
760:  0.016 0.844 0.020 0.120 1    
761:  0.041 0.798 0.016 0.146 1    
762:  0.037 0.727 0.033 0.203 1    
763:  0.180 0.638 0.017 0.164 1    
764:  0.016 0.910 0.023 0.052 1    
765:  0.036 0.896 0.016 0.052 1    
766:  0.026 0.915 0.017 0.043 1    
767:  0.094 0.562 0.060 0.284 1    
768:  0.038 0.776 0.036 0.150 1    
769:  0.049 0.883 0.012 0.055 1    
770:  0.111 0.321 0.269 0.300 1    
771:  0.071 0.329 0.032 0.569 1    
772:  0.619 0.188 0.031 0.162 1    
773:  0.311 0.251 0.361 0.077 1    
774:  0.177 0.644 0.091 0.088 1    
775:  0.792 0.108 0.023 0.076 1    
776:  0.053 0.122 0.025 0.801 1    
777:  0.189 0.689 0.034 0.088 1    
778:  0.273 0.493 0.041 0.192 1    
779:  0.809 0.081 0.063 0.047 1    
780:  0.090 0.684 0.061 0.165 1    
781:  0.220 0.098 0.046 0.636 1    
782:  0.021 0.084 0.015 0.879 1    
783:  0.161 0.612 0.025 0.203 1    
784:  0.756 0.102 0.016 0.126 1    
785:  0.159 0.325 0.107 0.408 1    
786:  0.712 0.158 0.067 0.064 1    
787:  0.598 0.054 0.044 0.304 1    
788:  0.361 0.334 0.025 0.280 1    
789:  0.080 0.804 0.009 0.108 1    
790:  0.787 0.114 0.033 0.066 1    
791:  0.332 0.584 0.031 0.053 1    
792:  0.295 0.648 0.018 0.039 1    
793:  0.048 0.879 0.012 0.061 1    
794:  0.174 0.150 0.158 0.518 1    
795:  0.061 0.108 0.788 0.043 1    
796:  0.473 0.044 0.211 0.273 1    
797:  0.101 0.022 0.664 0.213 1    
798:  0.235 0.070 0.552 0.143 1    
799:  0.059 0.047 0.807 0.087 1    
800:  0.089 0.048 0.415 0.447 1    
801:  0.167 0.048 0.041 0.744 1    
802:  0.029 0.643 0.039 0.289 1    
803:  0.035 0.360 0.029 0.575 1    
804:  0.044 0.488 0.037 0.431 1    
805:  0.050 0.310 0.035 0.604 1    
806:  0.053 0.069 0.022 0.856 1    
807:  0.161 0.097 0.023 0.718 1    
808:  0.051 0.225 0.033 0.691 1    
809:  0.090 0.036 0.021 0.853 1    
810:  0.142 0.161 0.030 0.667 1    
811:  0.076 0.140 0.023 0.761 1    
812:  0.046 0.293 0.099 0.562 1    
813:  0.015 0.037 0.019 0.930 1    
814:  0.034 0.044 0.024 0.898 1    
815:  0.012 0.020 0.059 0.909 1    
816:  0.012 0.017 0.011 0.959 1    
817:  0.021 0.024 0.018 0.937 1    
818:  0.039 0.204 0.127 0.629 1    
819:  0.019 0.014 0.016 0.951 1    
820:  0.017 0.030 0.050 0.903 1    
821:  0.026 0.050 0.055 0.869 1    
822:  0.357 0.524 0.099 0.020 1    
823:  0.614 0.318 0.048 0.020 1    
824:  0.825 0.070 0.090 0.015 1    
825:  0.157 0.737 0.074 0.032 1    
826:  0.355 0.541 0.077 0.028 1    
827:  0.093 0.789 0.094 0.025 1    
828:  0.163 0.049 0.684 0.104 1    
829:  0.024 0.039 0.882 0.056 1    
830:  0.024 0.021 0.939 0.016 1    
831:  0.099 0.032 0.824 0.044 1    
832:  0.079 0.709 0.104 0.108 1    
833:  0.109 0.211 0.548 0.133 1    
834:  0.535 0.129 0.236 0.100 1    
835:  0.048 0.535 0.311 0.107 1    
836:  0.031 0.102 0.078 0.790 1    
837:  0.023 0.038 0.028 0.911 1    
838:  0.029 0.124 0.176 0.671 1    
839:  0.106 0.104 0.088 0.703 1    
840:  0.066 0.107 0.054 0.773 1    
841:  0.041 0.107 0.075 0.777 1    
842:  0.033 0.060 0.506 0.400 1    
843:  0.153 0.078 0.026 0.743 1    
844:  0.036 0.060 0.118 0.786 1    
845:  0.923 0.036 0.019 0.022 1    
846:  0.212 0.156 0.030 0.602 1    
847:  0.379 0.207 0.020 0.393 1    
848:  0.213 0.276 0.027 0.484 1    
849:  0.557 0.083 0.016 0.343 1    
850:  0.307 0.039 0.139 0.515 1    
851:  0.458 0.074 0.077 0.391 1    
852:  0.469 0.024 0.276 0.231 1    
853:  0.061 0.712 0.138 0.088 1    
854:  0.134 0.137 0.587 0.141 1    
855:  0.093 0.068 0.769 0.070 1    
856:  0.118 0.049 0.771 0.063 1    
857:  0.046 0.077 0.287 0.589 1    
858:  0.097 0.397 0.135 0.371 1    
859:  0.254 0.049 0.554 0.143 1    
860:  0.029 0.077 0.871 0.023 1    
861:  0.062 0.021 0.080 0.836 1    
862:  0.129 0.029 0.203 0.639 1    
863:  0.030 0.036 0.919 0.015 1    
864:  0.032 0.071 0.876 0.021 1    
865:  0.030 0.136 0.820 0.013 1    
866:  0.039 0.041 0.314 0.606 1    
867:  0.042 0.059 0.770 0.129 1    
868:  0.205 0.116 0.184 0.496 1    
869:  0.105 0.195 0.135 0.565 1    
870:  0.073 0.338 0.068 0.521 1    
871:  0.088 0.405 0.109 0.398 1    
872:  0.028 0.697 0.065 0.210 1    
873:  0.027 0.802 0.043 0.128 1    
874:  0.071 0.658 0.121 0.149 1    
875:  0.017 0.766 0.103 0.114 1    
876:  0.018 0.945 0.013 0.023 1    
877:  0.023 0.752 0.060 0.164 1    
878:  0.684 0.124 0.089 0.103 1    
879:  0.145 0.155 0.131 0.568 1    
880:  0.369 0.481 0.035 0.115 1    
881:  0.482 0.177 0.024 0.317 1    
882:  0.629 0.053 0.039 0.279 1    
883:  0.129 0.220 0.570 0.080 1    
884:  0.135 0.047 0.136 0.682 1    
885:  0.144 0.057 0.044 0.755 1    
886:  0.467 0.050 0.187 0.296 1    
887:  0.871 0.053 0.033 0.043 1    
888:  0.436 0.057 0.091 0.416 1    
889:  0.080 0.072 0.208 0.641 1    
890:  0.383 0.121 0.293 0.203 1    
891:  0.017 0.945 0.016 0.022 1    
892:  0.028 0.893 0.037 0.042 1    
893:  0.015 0.932 0.041 0.012 1    
894:  0.017 0.956 0.015 0.011 1    
895:  0.013 0.960 0.015 0.012 1    
896:  0.014 0.962 0.013 0.010 1    
897:  0.139 0.549 0.242 0.070 1    
898:  0.544 0.261 0.110 0.085 1    
899:  0.013 0.948 0.026 0.013 1    
900:  0.012 0.951 0.026 0.012 1    
901:  0.014 0.859 0.050 0.077 1    
902:  0.016 0.891 0.018 0.075 1    
903:  0.011 0.923 0.037 0.029 1    
904:  0.014 0.886 0.023 0.077 1    
905:  0.029 0.886 0.029 0.056 1    
906:  0.025 0.928 0.028 0.019 1    
907:  0.019 0.907 0.040 0.033 1    
908:  0.336 0.041 0.017 0.606 1    
909:  0.759 0.022 0.044 0.175 1    
910:  0.740 0.159 0.023 0.078 1    
911:  0.704 0.016 0.266 0.014 1    
912:  0.176 0.031 0.774 0.019 1    
913:  0.105 0.032 0.847 0.016 1    
914:  0.672 0.049 0.257 0.021 1    
915:  0.321 0.017 0.639 0.023 1    
916:  0.074 0.041 0.868 0.016 1    
917:  0.086 0.028 0.861 0.025 1    
918:  0.948 0.014 0.021 0.017 1    
919:  0.941 0.024 0.017 0.018 1    
920:  0.252 0.063 0.653 0.032 1    
921:  0.933 0.013 0.041 0.013 1    
922:  0.917 0.021 0.027 0.035 1    
923:  0.780 0.023 0.159 0.038 1    
924:  0.594 0.100 0.186 0.120 1    
925:  0.881 0.036 0.064 0.019 1    
926:  0.806 0.039 0.106 0.049 1    
927:  0.927 0.021 0.013 0.039 1    
928:  0.365 0.352 0.203 0.080 1    
929:  0.019 0.269 0.648 0.063 1    
930:  0.022 0.186 0.598 0.193 1    
931:  0.031 0.291 0.486 0.192 1    
932:  0.014 0.341 0.628 0.017 1    
933:  0.021 0.152 0.563 0.264 1    
934:  0.023 0.143 0.776 0.058 1    
935:  0.009 0.384 0.565 0.041 1    
936:  0.962 0.010 0.015 0.013 1    
937:  0.929 0.018 0.030 0.024 1    
938:  0.957 0.013 0.014 0.016 1    
939:  0.907 0.029 0.025 0.038 1    
940:  0.962 0.011 0.013 0.014 1    
941:  0.046 0.334 0.061 0.559 1    
942:  0.262 0.349 0.155 0.234 1    
943:  0.195 0.162 0.043 0.600 1    
944:  0.131 0.628 0.092 0.149 1    
945:  0.170 0.126 0.645 0.059 1    
946:  0.039 0.071 0.826 0.064 1    
947:  0.336 0.253 0.297 0.114 1    
948:  0.025 0.360 0.481 0.134 1    
949:  0.881 0.042 0.028 0.049 1    
950:  0.619 0.090 0.071 0.221 1    
951:  0.166 0.028 0.796 0.010 1    
952:  0.451 0.072 0.449 0.027 1    
953:  0.951 0.012 0.025 0.011 1    
954:  0.915 0.017 0.056 0.013 1    
955:  0.950 0.013 0.024 0.013 1    
956:  0.905 0.032 0.026 0.037 1    
957:  0.439 0.019 0.529 0.013 1    
958:  0.220 0.679 0.062 0.039 1    
959:  0.723 0.155 0.021 0.100 1    
960:  0.908 0.054 0.012 0.026 1    
961:  0.912 0.051 0.015 0.022 1    
962:  0.175 0.715 0.056 0.054 1    
963:  0.310 0.542 0.096 0.052 1    
964:  0.775 0.184 0.013 0.028 1    
965:  0.056 0.839 0.079 0.025 1    
966:  0.226 0.490 0.211 0.073 1    
967:  0.362 0.409 0.185 0.044 1    
968:  0.298 0.581 0.043 0.078 1    
969:  0.039 0.870 0.064 0.027 1    
970:  0.806 0.042 0.123 0.029 1    
971:  0.595 0.335 0.031 0.039 1    
972:  0.083 0.287 0.414 0.216 1    
973:  0.156 0.021 0.708 0.116 1    
974:  0.615 0.028 0.289 0.069 1    
975:  0.287 0.109 0.084 0.520 1    
976:  0.207 0.035 0.698 0.060 1    
977:  0.873 0.054 0.060 0.012 1    
978:  0.849 0.048 0.074 0.029 1    
979:  0.938 0.014 0.010 0.039 1    
980:  0.831 0.031 0.036 0.103 1    
981:  0.815 0.104 0.037 0.044 1    
982:  0.832 0.036 0.099 0.033 1    
983:  0.608 0.117 0.022 0.254 1    
984:  0.969 0.009 0.011 0.010 1    
985:  0.943 0.016 0.028 0.013 1    
986:  0.929 0.012 0.041 0.018 1    
987:  0.964 0.009 0.017 0.010 1    
988:  0.946 0.013 0.028 0.013 1    
989:  0.689 0.063 0.115 0.133 1    
990:  0.789 0.028 0.161 0.023 1    
991:  0.808 0.042 0.139 0.011 1    
992:  0.631 0.021 0.322 0.026 1    
993:  0.716 0.032 0.052 0.200 1    
994:  0.835 0.026 0.052 0.087 1    
995:  0.140 0.102 0.119 0.640 1    
996:  0.031 0.814 0.053 0.102 1    
997:  0.228 0.473 0.044 0.255 1    
998:  0.070 0.597 0.127 0.205 1    
999:  0.818 0.059 0.044 0.079 1    
1000: 0.062 0.722 0.158 0.057 1    
1001: 0.139 0.107 0.327 0.428 1    
1002: 0.255 0.423 0.286 0.036 1    
1003: 0.060 0.297 0.083 0.561 1    
1004: 0.800 0.069 0.120 0.011 1    
1005: 0.940 0.014 0.033 0.012 1    
1006: 0.944 0.017 0.023 0.016 1    
1007: 0.805 0.077 0.085 0.033 1    
1008: 0.939 0.023 0.020 0.017 1    
1009: 0.959 0.016 0.016 0.008 1    
1010: 0.974 0.009 0.008 0.009 1    
1011: 0.871 0.027 0.087 0.015 1    
1012: 0.885 0.036 0.058 0.022 1    
1013: 0.866 0.020 0.083 0.031 1    
1014: 0.926 0.019 0.019 0.036 1    
1015: 0.894 0.023 0.053 0.031 1    
1016: 0.932 0.018 0.032 0.019 1    
1017: 0.828 0.017 0.055 0.100 1    
1018: 0.116 0.015 0.804 0.064 1    
1019: 0.929 0.021 0.035 0.015 1    
1020: 0.953 0.012 0.021 0.014 1    
1021: 0.763 0.127 0.032 0.078 1    
1022: 0.195 0.507 0.174 0.124 1    
1023: 0.767 0.141 0.025 0.067 1    
1024: 0.160 0.255 0.110 0.475 1    
1025: 0.593 0.254 0.035 0.118 1    
1026: 0.056 0.693 0.094 0.157 1    
1027: 0.506 0.225 0.085 0.185 1    
1028: 0.515 0.340 0.036 0.109 1    
1029: 0.295 0.398 0.117 0.189 1    
1030: 0.268 0.363 0.137 0.232 1    
1031: 0.862 0.058 0.035 0.044 1    
1032: 0.260 0.138 0.237 0.364 1    
1033: 0.641 0.178 0.109 0.071 1    
1034: 0.611 0.135 0.159 0.095 1    
1035: 0.546 0.296 0.090 0.068 1    
1036: 0.178 0.107 0.683 0.033 1    
1037: 0.479 0.137 0.028 0.356 1    
1038: 0.058 0.099 0.477 0.366 1    
1039: 0.046 0.035 0.868 0.051 1    
1040: 0.045 0.064 0.158 0.733 1    
1041: 0.289 0.084 0.393 0.235 1    
1042: 0.182 0.421 0.270 0.127 1    
1043: 0.173 0.659 0.084 0.084 1    
1044: 0.069 0.618 0.250 0.063 1    
1045: 0.600 0.083 0.199 0.118 1    
1046: 0.026 0.038 0.090 0.846 1    
1047: 0.028 0.027 0.022 0.923 1    
1048: 0.031 0.048 0.056 0.866 1    
1049: 0.067 0.016 0.056 0.861 1    
1050: 0.037 0.014 0.026 0.923 1    
1051: 0.024 0.051 0.022 0.903 1    
1052: 0.410 0.092 0.088 0.411 1    
1053: 0.059 0.122 0.110 0.709 1    
1054: 0.692 0.039 0.210 0.059 1    
1055: 0.434 0.287 0.176 0.103 1    
1056: 0.623 0.107 0.197 0.073 1    
1057: 0.335 0.135 0.434 0.096 1    
1058: 0.055 0.079 0.836 0.030 1    
1059: 0.837 0.011 0.102 0.050 1    
1060: 0.731 0.064 0.093 0.112 1    
1061: 0.896 0.017 0.034 0.053 1    
1062: 0.907 0.022 0.028 0.043 1    
1063: 0.604 0.040 0.271 0.084 1    
1064: 0.647 0.026 0.094 0.233 1    
1065: 0.794 0.012 0.097 0.097 1    
1066: 0.838 0.016 0.034 0.112 1    
1067: 0.724 0.210 0.016 0.050 1    
1068: 0.279 0.194 0.148 0.379 1    
1069: 0.091 0.648 0.020 0.240 1    
1070: 0.687 0.096 0.032 0.184 1    
1071: 0.097 0.104 0.039 0.759 1    
1072: 0.809 0.015 0.040 0.136 1    
1073: 0.065 0.014 0.897 0.025 1    
1074: 0.016 0.018 0.950 0.016 1    
1075: 0.071 0.076 0.829 0.024 1    
1076: 0.069 0.012 0.848 0.072 1    
1077: 0.036 0.025 0.891 0.048 1    
1078: 0.024 0.016 0.914 0.045 1    
1079: 0.028 0.017 0.931 0.024 1    
1080: 0.033 0.023 0.935 0.010 1    
1081: 0.086 0.024 0.792 0.098 1    
1082: 0.017 0.010 0.938 0.036 1    
1083: 0.019 0.024 0.900 0.058 1    
1084: 0.026 0.012 0.947 0.015 1    
1085: 0.249 0.053 0.633 0.065 1    
1086: 0.047 0.017 0.924 0.012 1    
1087: 0.162 0.017 0.799 0.022 1    
1088: 0.054 0.043 0.708 0.195 1    
1089: 0.017 0.026 0.939 0.017 1    
1090: 0.018 0.016 0.952 0.013 1    
1091: 0.054 0.044 0.627 0.275 1    
1092: 0.010 0.010 0.962 0.018 1    
1093: 0.025 0.016 0.931 0.029 1    
1094: 0.035 0.030 0.887 0.048 1    
1095: 0.029 0.015 0.938 0.019 1    
1096: 0.022 0.014 0.927 0.038 1    
1097: 0.024 0.016 0.928 0.032 1    
1098: 0.149 0.497 0.045 0.309 1    
1099: 0.785 0.174 0.017 0.023 1    
1100: 0.875 0.037 0.023 0.065 1    
1101: 0.764 0.151 0.029 0.056 1    
1102: 0.620 0.117 0.131 0.132 1    
1103: 0.471 0.060 0.144 0.325 1    
1104: 0.784 0.053 0.049 0.115 1    
1105: 0.303 0.070 0.022 0.605 1    
1106: 0.889 0.034 0.025 0.052 1    
1107: 0.917 0.035 0.020 0.028 1    
1108: 0.094 0.039 0.067 0.800 1    
1109: 0.622 0.058 0.047 0.273 1    
1110: 0.177 0.065 0.065 0.693 1    
1111: 0.173 0.072 0.066 0.689 1    
