1:    0.182 0.073 0.116 0.468 0.062 0.035 0.064 1    
2:    0.208 0.141 0.380 0.071 0.093 0.083 0.025 1    
3:    0.251 0.098 0.192 0.057 0.075 0.199 0.128 1    
4:    0.684 0.035 0.123 0.037 0.040 0.044 0.037 1    
5:    0.066 0.069 0.037 0.062 0.038 0.039 0.689 1    
6:    0.458 0.077 0.190 0.097 0.078 0.042 0.058 1    
7:    0.100 0.104 0.228 0.046 0.426 0.043 0.054 1    
8:    0.242 0.106 0.435 0.022 0.034 0.130 0.031 1    
9:    0.085 0.209 0.098 0.103 0.185 0.209 0.112 1    
10:   0.362 0.257 0.044 0.088 0.057 0.084 0.108 1    
11:   0.581 0.054 0.092 0.083 0.058 0.101 0.032 1    
12:   0.231 0.240 0.026 0.024 0.231 0.089 0.158 1    
13:   0.066 0.101 0.121 0.209 0.030 0.064 0.408 1    
14:   0.055 0.169 0.064 0.022 0.570 0.085 0.036 1    
15:   0.154 0.092 0.088 0.207 0.340 0.078 0.042 1    
16:   0.029 0.074 0.033 0.784 0.044 0.018 0.019 1    
17:   0.061 0.254 0.041 0.088 0.041 0.083 0.432 1    
18:   0.219 0.174 0.075 0.285 0.090 0.101 0.055 1    
19:   0.407 0.092 0.082 0.173 0.049 0.144 0.054 1    
20:   0.031 0.131 0.139 0.544 0.045 0.052 0.058 1    
21:   0.151 0.260 0.156 0.235 0.075 0.066 0.057 1    
22:   0.059 0.033 0.032 0.041 0.738 0.027 0.070 1    
23:   0.262 0.151 0.440 0.046 0.039 0.032 0.029 1    
24:   0.038 0.069 0.052 0.635 0.021 0.153 0.032 1    
25:   0.087 0.328 0.065 0.040 0.045 0.395 0.041 1    
26:   0.084 0.073 0.020 0.040 0.718 0.030 0.036 1    
27:   0.652 0.026 0.236 0.028 0.013 0.030 0.015 1    
28:   0.028 0.071 0.018 0.020 0.620 0.037 0.207 1    
29:   0.059 0.058 0.174 0.027 0.630 0.030 0.023 1    
30:   0.724 0.136 0.028 0.038 0.030 0.023 0.021 1    
31:   0.375 0.155 0.067 0.153 0.026 0.187 0.036 1    
32:   0.030 0.531 0.065 0.031 0.028 0.242 0.072 1    
33:   0.192 0.034 0.595 0.049 0.024 0.078 0.027 1    
34:   0.182 0.248 0.102 0.233 0.127 0.071 0.037 1    
35:   0.305 0.118 0.079 0.127 0.029 0.059 0.283 1    
36:   0.094 0.190 0.211 0.107 0.030 0.126 0.241 1    
37:   0.091 0.091 0.050 0.585 0.071 0.085 0.027 1    
38:   0.278 0.154 0.239 0.215 0.036 0.040 0.039 1    
39:   0.652 0.090 0.059 0.070 0.072 0.024 0.032 1    
40:   0.056 0.240 0.211 0.111 0.242 0.093 0.048 1    
41:   0.067 0.108 0.049 0.217 0.114 0.139 0.308 1    
42:   0.236 0.411 0.050 0.101 0.057 0.112 0.033 1    
43:   0.726 0.044 0.087 0.022 0.031 0.073 0.018 1    
44:   0.037 0.319 0.029 0.035 0.059 0.075 0.447 1    
45:   0.148 0.087 0.066 0.085 0.497 0.071 0.047 1    
46:   0.868 0.024 0.015 0.022 0.017 0.040 0.016 1    
47:   0.383 0.122 0.064 0.104 0.158 0.101 0.068 1    
48:   0.129 0.178 0.274 0.061 0.114 0.208 0.037 1    
49:   0.021 0.047 0.025 0.229 0.612 0.030 0.037 1    
50:   0.059 0.088 0.041 0.077 0.523 0.072 0.140 1    
51:   0.034 0.060 0.628 0.150 0.049 0.056 0.023 1    
52:   0.144 0.177 0.042 0.494 0.041 0.048 0.054 1    
53:   0.571 0.067 0.040 0.175 0.059 0.040 0.048 1    
54:   0.246 0.061 0.033 0.324 0.090 0.172 0.074 1    
55:   0.106 0.317 0.042 0.040 0.028 0.405 0.063 1    
56:   0.600 0.036 0.035 0.192 0.064 0.049 0.024 1    
57:   0.089 0.040 0.051 0.037 0.180 0.042 0.560 1    
58:   0.207 0.150 0.179 0.129 0.151 0.163 0.022 1    
59:   0.553 0.072 0.094 0.065 0.091 0.061 0.063 1    
60:   0.043 0.086 0.131 0.504 0.092 0.105 0.039 1    
61:   0.204 0.171 0.033 0.456 0.060 0.036 0.040 1    
62:   0.069 0.030 0.033 0.041 0.668 0.031 0.128 1    
63:   0.717 0.037 0.113 0.027 0.021 0.057 0.027 1    
64:   0.242 0.059 0.057 0.085 0.080 0.060 0.417 1    
65:   0.041 0.300 0.034 0.073 0.423 0.059 0.070 1    
66:   0.140 0.052 0.059 0.604 0.053 0.040 0.053 1    
67:   0.119 0.159 0.198 0.073 0.198 0.154 0.098 1    
68:   0.537 0.069 0.069 0.132 0.088 0.082 0.023 1    
69:   0.061 0.185 0.023 0.072 0.483 0.104 0.072 1    
70:   0.092 0.096 0.040 0.104 0.585 0.037 0.047 1    
71:   0.270 0.115 0.098 0.094 0.203 0.078 0.141 1    
72:   0.843 0.034 0.028 0.016 0.025 0.027 0.028 1    
73:   0.038 0.137 0.049 0.637 0.050 0.061 0.027 1    
74:   0.811 0.039 0.038 0.039 0.024 0.026 0.022 1    
75:   0.112 0.139 0.047 0.475 0.126 0.057 0.044 1    
76:   0.085 0.106 0.162 0.100 0.053 0.423 0.072 1    
77:   0.043 0.127 0.061 0.055 0.635 0.034 0.045 1    
78:   0.087 0.335 0.033 0.145 0.025 0.297 0.077 1    
79:   0.294 0.045 0.053 0.053 0.493 0.032 0.030 1    
80:   0.011 0.023 0.017 0.017 0.901 0.014 0.018 1    
81:   0.215 0.100 0.126 0.407 0.024 0.059 0.068 1    
82:   0.039 0.441 0.049 0.043 0.064 0.239 0.125 1    
83:   0.502 0.094 0.053 0.127 0.128 0.058 0.037 1    
84:   0.044 0.129 0.047 0.694 0.027 0.025 0.035 1    
85:   0.395 0.056 0.094 0.117 0.043 0.039 0.255 1    
86:   0.549 0.123 0.055 0.039 0.060 0.070 0.106 1    
87:   0.346 0.115 0.068 0.077 0.036 0.165 0.192 1    
88:   0.624 0.070 0.051 0.045 0.074 0.060 0.077 1    
89:   0.753 0.036 0.074 0.038 0.030 0.047 0.023 1    
90:   0.208 0.141 0.164 0.261 0.038 0.172 0.016 1    
91:   0.168 0.034 0.028 0.063 0.652 0.033 0.022 1    
92:   0.588 0.119 0.029 0.084 0.036 0.057 0.087 1    
93:   0.177 0.088 0.500 0.042 0.061 0.051 0.080 1    
94:   0.113 0.057 0.046 0.691 0.042 0.036 0.015 1    
95:   0.098 0.131 0.042 0.434 0.064 0.063 0.169 1    
96:   0.503 0.086 0.106 0.071 0.038 0.117 0.078 1    
97:   0.031 0.030 0.022 0.044 0.805 0.023 0.044 1    
98:   0.052 0.176 0.087 0.420 0.050 0.116 0.098 1    
99:   0.189 0.092 0.066 0.034 0.519 0.064 0.036 1    
100:  0.153 0.068 0.061 0.248 0.400 0.036 0.034 1    
101:  0.245 0.288 0.320 0.031 0.046 0.026 0.045 1    
102:  0.047 0.057 0.028 0.033 0.693 0.018 0.124 1    
103:  0.076 0.103 0.481 0.123 0.026 0.151 0.040 1    
104:  0.025 0.054 0.039 0.027 0.737 0.078 0.040 1    
105:  0.336 0.078 0.040 0.340 0.094 0.052 0.061 1    
106:  0.134 0.500 0.096 0.029 0.089 0.119 0.033 1    
107:  0.302 0.100 0.064 0.097 0.037 0.189 0.211 1    
108:  0.241 0.137 0.094 0.307 0.065 0.124 0.031 1    
109:  0.082 0.085 0.060 0.067 0.282 0.062 0.362 1    
110:  0.137 0.165 0.077 0.224 0.081 0.114 0.202 1    
111:  0.195 0.132 0.086 0.056 0.058 0.419 0.054 1    
112:  0.328 0.099 0.095 0.029 0.073 0.338 0.037 1    
113:  0.339 0.091 0.059 0.098 0.050 0.108 0.255 1    
114:  0.674 0.084 0.032 0.044 0.114 0.025 0.027 1    
115:  0.572 0.218 0.057 0.037 0.047 0.028 0.041 1    
116:  0.018 0.089 0.029 0.657 0.060 0.112 0.035 1    
117:  0.224 0.092 0.104 0.071 0.035 0.080 0.394 1    
118:  0.027 0.358 0.079 0.191 0.057 0.105 0.183 1    
119:  0.790 0.043 0.026 0.046 0.039 0.020 0.037 1    
120:  0.115 0.103 0.240 0.265 0.030 0.141 0.107 1    
121:  0.059 0.183 0.071 0.504 0.055 0.082 0.046 1    
122:  0.059 0.057 0.040 0.651 0.073 0.072 0.048 1    
123:  0.236 0.175 0.156 0.106 0.074 0.192 0.060 1    
124:  0.096 0.095 0.132 0.049 0.539 0.027 0.062 1    
125:  0.045 0.036 0.032 0.027 0.024 0.044 0.792 1    
126:  0.104 0.165 0.245 0.051 0.168 0.129 0.138 1    
127:  0.078 0.211 0.034 0.049 0.335 0.083 0.211 1    
128:  0.041 0.180 0.182 0.342 0.071 0.061 0.123 1    
129:  0.097 0.252 0.313 0.029 0.070 0.212 0.026 1    
130:  0.060 0.237 0.126 0.115 0.229 0.141 0.092 1    
131:  0.070 0.091 0.045 0.475 0.102 0.122 0.096 1    
132:  0.242 0.131 0.068 0.030 0.183 0.266 0.079 1    
133:  0.050 0.083 0.142 0.080 0.075 0.521 0.048 1    
134:  0.095 0.111 0.055 0.025 0.106 0.083 0.525 1    
135:  0.050 0.048 0.105 0.075 0.074 0.077 0.570 1    
136:  0.058 0.188 0.190 0.046 0.391 0.093 0.035 1    
137:  0.386 0.067 0.061 0.173 0.075 0.168 0.070 1    
138:  0.017 0.111 0.095 0.031 0.146 0.139 0.461 1    
139:  0.155 0.064 0.214 0.155 0.029 0.222 0.160 1    
140:  0.021 0.088 0.033 0.573 0.210 0.036 0.039 1    
141:  0.078 0.115 0.209 0.395 0.033 0.120 0.050 1    
142:  0.291 0.168 0.041 0.051 0.282 0.135 0.033 1    
143:  0.139 0.183 0.061 0.073 0.066 0.148 0.329 1    
144:  0.680 0.047 0.038 0.038 0.031 0.127 0.039 1    
145:  0.116 0.243 0.103 0.026 0.358 0.088 0.066 1    
146:  0.063 0.153 0.090 0.053 0.247 0.033 0.360 1    
147:  0.059 0.398 0.065 0.036 0.184 0.102 0.156 1    
148:  0.088 0.071 0.049 0.352 0.032 0.312 0.096 1    
149:  0.038 0.129 0.085 0.035 0.360 0.103 0.250 1    
150:  0.067 0.195 0.250 0.088 0.156 0.171 0.073 1    
151:  0.242 0.266 0.088 0.032 0.071 0.279 0.023 1    
152:  0.151 0.109 0.523 0.075 0.032 0.082 0.027 1    
153:  0.666 0.036 0.079 0.069 0.040 0.082 0.029 1    
154:  0.036 0.240 0.198 0.027 0.406 0.040 0.052 1    
155:  0.052 0.064 0.074 0.551 0.174 0.043 0.043 1    
156:  0.030 0.104 0.025 0.680 0.051 0.055 0.055 1    
157:  0.151 0.230 0.240 0.057 0.035 0.186 0.101 1    
158:  0.016 0.105 0.090 0.130 0.170 0.061 0.428 1    
159:  0.394 0.063 0.198 0.026 0.145 0.125 0.050 1    
160:  0.373 0.162 0.059 0.177 0.048 0.054 0.126 1    
161:  0.053 0.233 0.067 0.132 0.401 0.034 0.081 1    
162:  0.080 0.160 0.079 0.098 0.073 0.133 0.377 1    
163:  0.044 0.075 0.056 0.257 0.054 0.047 0.466 1    
164:  0.156 0.052 0.052 0.194 0.085 0.089 0.372 1    
165:  0.054 0.114 0.062 0.028 0.604 0.058 0.079 1    
166:  0.021 0.313 0.213 0.047 0.068 0.169 0.169 1    
167:  0.079 0.129 0.034 0.053 0.316 0.247 0.141 1    
168:  0.080 0.088 0.033 0.585 0.122 0.035 0.056 1    
169:  0.026 0.129 0.084 0.036 0.136 0.355 0.234 1    
170:  0.024 0.074 0.746 0.061 0.030 0.044 0.022 1    
171:  0.152 0.217 0.144 0.054 0.265 0.075 0.093 1    
172:  0.045 0.224 0.042 0.145 0.092 0.046 0.406 1    
173:  0.028 0.313 0.201 0.092 0.074 0.225 0.068 1    
174:  0.118 0.075 0.066 0.335 0.032 0.331 0.044 1    
175:  0.169 0.085 0.046 0.160 0.256 0.062 0.221 1    
176:  0.703 0.057 0.049 0.047 0.025 0.077 0.042 1    
177:  0.046 0.393 0.093 0.043 0.211 0.107 0.108 1    
178:  0.094 0.217 0.040 0.060 0.343 0.165 0.081 1    
179:  0.050 0.200 0.083 0.024 0.589 0.023 0.031 1    
180:  0.069 0.170 0.043 0.329 0.093 0.193 0.103 1    
181:  0.087 0.180 0.247 0.050 0.271 0.096 0.069 1    
182:  0.513 0.182 0.028 0.037 0.127 0.033 0.079 1    
183:  0.171 0.055 0.050 0.025 0.643 0.038 0.018 1    
184:  0.591 0.057 0.092 0.091 0.030 0.101 0.039 1    
185:  0.031 0.094 0.042 0.081 0.186 0.069 0.497 1    
186:  0.260 0.394 0.029 0.056 0.081 0.117 0.063 1    
187:  0.065 0.104 0.079 0.091 0.034 0.191 0.436 1    
188:  0.056 0.125 0.090 0.029 0.596 0.040 0.064 1    
189:  0.044 0.275 0.070 0.278 0.236 0.046 0.050 1    
190:  0.139 0.099 0.288 0.245 0.072 0.118 0.039 1    
191:  0.142 0.199 0.093 0.066 0.098 0.282 0.121 1    
192:  0.238 0.161 0.128 0.119 0.069 0.228 0.058 1    
193:  0.185 0.211 0.050 0.259 0.174 0.078 0.042 1    
194:  0.036 0.134 0.055 0.578 0.065 0.071 0.061 1    
195:  0.116 0.331 0.053 0.036 0.361 0.055 0.047 1    
196:  0.038 0.157 0.068 0.035 0.602 0.037 0.062 1    
197:  0.037 0.380 0.054 0.051 0.162 0.142 0.174 1    
198:  0.458 0.314 0.035 0.054 0.068 0.045 0.027 1    
199:  0.143 0.214 0.196 0.051 0.054 0.092 0.249 1    
200:  0.019 0.047 0.028 0.031 0.039 0.153 0.684 1    
201:  0.031 0.073 0.049 0.720 0.030 0.069 0.027 1    
202:  0.189 0.270 0.154 0.076 0.143 0.081 0.088 1    
203:  0.057 0.204 0.076 0.077 0.436 0.121 0.028 1    
204:  0.509 0.130 0.090 0.050 0.076 0.053 0.092 1    
205:  0.147 0.317 0.136 0.103 0.079 0.178 0.040 1    
206:  0.126 0.177 0.092 0.044 0.308 0.213 0.040 1    
207:  0.063 0.212 0.114 0.055 0.069 0.367 0.118 1    
208:  0.193 0.107 0.221 0.049 0.300 0.043 0.088 1    
209:  0.134 0.267 0.171 0.144 0.083 0.158 0.043 1    
210:  0.152 0.120 0.099 0.323 0.062 0.222 0.021 1    
211:  0.112 0.177 0.104 0.274 0.179 0.064 0.090 1    
212:  0.075 0.218 0.099 0.066 0.029 0.485 0.030 1    
213:  0.160 0.396 0.051 0.059 0.155 0.074 0.105 1    
214:  0.154 0.182 0.051 0.057 0.224 0.212 0.120 1    
215:  0.078 0.130 0.194 0.423 0.051 0.052 0.072 1    
216:  0.033 0.027 0.032 0.022 0.842 0.021 0.023 1    
217:  0.061 0.179 0.074 0.100 0.329 0.140 0.117 1    
218:  0.514 0.093 0.129 0.082 0.038 0.060 0.085 1    
219:  0.030 0.124 0.079 0.030 0.658 0.033 0.046 1    
220:  0.480 0.151 0.088 0.151 0.044 0.061 0.024 1    
221:  0.052 0.099 0.044 0.088 0.628 0.065 0.025 1    
222:  0.071 0.299 0.074 0.141 0.079 0.133 0.203 1    
223:  0.128 0.239 0.097 0.035 0.055 0.369 0.076 1    
224:  0.392 0.107 0.083 0.087 0.149 0.053 0.129 1    
225:  0.426 0.059 0.035 0.355 0.045 0.032 0.049 1    
226:  0.049 0.171 0.233 0.131 0.065 0.264 0.087 1    
227:  0.229 0.122 0.080 0.111 0.264 0.152 0.043 1    
228:  0.100 0.086 0.059 0.510 0.029 0.167 0.050 1    
229:  0.172 0.055 0.628 0.048 0.040 0.025 0.031 1    
230:  0.201 0.499 0.148 0.056 0.044 0.028 0.026 1    
231:  0.088 0.337 0.173 0.077 0.068 0.122 0.134 1    
232:  0.412 0.066 0.031 0.067 0.075 0.034 0.315 1    
233:  0.263 0.078 0.382 0.057 0.057 0.068 0.095 1    
234:  0.040 0.602 0.228 0.027 0.032 0.048 0.023 1    
235:  0.466 0.105 0.105 0.053 0.045 0.076 0.149 1    
236:  0.062 0.542 0.089 0.041 0.047 0.174 0.043 1    
237:  0.065 0.110 0.034 0.457 0.064 0.206 0.065 1    
238:  0.044 0.187 0.072 0.050 0.114 0.031 0.501 1    
239:  0.406 0.061 0.028 0.199 0.142 0.086 0.078 1    
240:  0.201 0.078 0.195 0.296 0.174 0.035 0.020 1    
241:  0.145 0.193 0.040 0.264 0.051 0.220 0.087 1    
242:  0.057 0.493 0.078 0.174 0.035 0.103 0.059 1    
243:  0.070 0.227 0.321 0.134 0.093 0.080 0.074 1    
244:  0.344 0.051 0.041 0.323 0.057 0.057 0.127 1    
245:  0.064 0.205 0.148 0.105 0.199 0.213 0.066 1    
246:  0.240 0.138 0.096 0.286 0.135 0.047 0.057 1    
247:  0.711 0.047 0.072 0.045 0.069 0.037 0.019 1    
248:  0.024 0.064 0.047 0.024 0.788 0.022 0.032 1    
249:  0.084 0.376 0.064 0.025 0.046 0.266 0.139 1    
250:  0.750 0.040 0.039 0.025 0.053 0.069 0.025 1    
251:  0.050 0.066 0.031 0.707 0.039 0.083 0.023 1    
252:  0.760 0.032 0.075 0.026 0.033 0.046 0.027 1    
253:  0.032 0.226 0.020 0.076 0.532 0.054 0.060 1    
254:  0.120 0.100 0.085 0.329 0.120 0.217 0.028 1    
255:  0.313 0.079 0.236 0.081 0.166 0.095 0.031 1    
256:  0.255 0.195 0.379 0.053 0.058 0.040 0.021 1    
257:  0.031 0.125 0.171 0.061 0.081 0.473 0.058 1    
258:  0.103 0.046 0.027 0.662 0.091 0.037 0.034 1    
259:  0.084 0.265 0.080 0.191 0.048 0.045 0.287 1    
260:  0.437 0.055 0.291 0.098 0.045 0.023 0.051 1    
261:  0.535 0.063 0.077 0.080 0.076 0.130 0.039 1    
262:  0.171 0.435 0.055 0.052 0.105 0.069 0.114 1    
263:  0.218 0.161 0.063 0.068 0.106 0.145 0.238 1    
264:  0.084 0.434 0.079 0.070 0.118 0.038 0.176 1    
265:  0.079 0.251 0.328 0.068 0.111 0.077 0.086 1    
266:  0.204 0.070 0.233 0.291 0.037 0.121 0.044 1    
267:  0.517 0.107 0.068 0.048 0.111 0.089 0.060 1    
268:  0.515 0.188 0.072 0.044 0.038 0.122 0.021 1    
269:  0.578 0.093 0.027 0.038 0.137 0.092 0.033 1    
270:  0.336 0.121 0.062 0.072 0.087 0.049 0.273 1    
271:  0.069 0.083 0.022 0.086 0.677 0.025 0.039 1    
272:  0.025 0.065 0.026 0.069 0.735 0.031 0.050 1    
273:  0.025 0.045 0.045 0.052 0.773 0.031 0.028 1    
274:  0.537 0.073 0.098 0.097 0.040 0.049 0.106 1    
275:  0.127 0.042 0.044 0.024 0.684 0.058 0.022 1    
276:  0.098 0.040 0.039 0.024 0.605 0.018 0.176 1    
277:  0.335 0.205 0.072 0.046 0.029 0.232 0.081 1    
278:  0.061 0.089 0.020 0.039 0.588 0.049 0.154 1    
279:  0.013 0.018 0.232 0.015 0.697 0.012 0.014 1    
280:  0.087 0.067 0.057 0.024 0.555 0.159 0.051 1    
281:  0.064 0.246 0.046 0.101 0.186 0.162 0.194 1    
282:  0.019 0.028 0.857 0.021 0.028 0.025 0.022 1    
283:  0.014 0.037 0.819 0.022 0.041 0.033 0.035 1    
284:  0.081 0.329 0.043 0.113 0.072 0.140 0.222 1    
285:  0.531 0.125 0.135 0.042 0.071 0.059 0.037 1    
286:  0.039 0.163 0.588 0.031 0.036 0.075 0.068 1    
287:  0.084 0.105 0.097 0.287 0.059 0.264 0.103 1    
288:  0.048 0.322 0.285 0.026 0.232 0.050 0.037 1    
289:  0.061 0.066 0.092 0.343 0.044 0.222 0.172 1    
290:  0.267 0.111 0.063 0.044 0.090 0.358 0.067 1    
291:  0.051 0.091 0.227 0.035 0.415 0.032 0.151 1    
292:  0.069 0.106 0.250 0.223 0.196 0.099 0.058 1    
293:  0.020 0.232 0.136 0.194 0.286 0.096 0.036 1    
294:  0.127 0.148 0.187 0.056 0.081 0.362 0.039 1    
295:  0.015 0.122 0.106 0.122 0.325 0.054 0.256 1    
296:  0.031 0.158 0.307 0.033 0.340 0.069 0.060 1    
297:  0.049 0.111 0.042 0.159 0.075 0.071 0.492 1    
298:  0.379 0.119 0.029 0.135 0.180 0.081 0.078 1    
299:  0.052 0.237 0.051 0.192 0.047 0.197 0.224 1    
300:  0.024 0.092 0.154 0.124 0.386 0.112 0.109 1    
301:  0.041 0.391 0.140 0.027 0.196 0.060 0.145 1    
302:  0.081 0.116 0.130 0.140 0.207 0.055 0.273 1    
303:  0.073 0.100 0.072 0.043 0.593 0.086 0.033 1    
304:  0.029 0.086 0.104 0.042 0.032 0.436 0.271 1    
305:  0.107 0.120 0.052 0.127 0.427 0.051 0.116 1    
306:  0.083 0.122 0.110 0.106 0.126 0.113 0.341 1    
307:  0.134 0.209 0.375 0.028 0.074 0.106 0.073 1    
308:  0.031 0.124 0.389 0.139 0.120 0.110 0.088 1    
309:  0.027 0.176 0.121 0.039 0.461 0.042 0.135 1    
310:  0.098 0.118 0.084 0.101 0.073 0.221 0.305 1    
311:  0.035 0.090 0.689 0.052 0.048 0.066 0.020 1    
312:  0.018 0.086 0.576 0.022 0.168 0.042 0.087 1    
313:  0.019 0.046 0.252 0.017 0.583 0.034 0.050 1    
314:  0.033 0.037 0.641 0.203 0.027 0.031 0.027 1    
315:  0.018 0.140 0.258 0.052 0.047 0.261 0.225 1    
316:  0.068 0.108 0.506 0.073 0.114 0.048 0.083 1    
317:  0.073 0.136 0.052 0.029 0.055 0.619 0.036 1    
318:  0.278 0.051 0.142 0.046 0.074 0.369 0.040 1    
319:  0.046 0.032 0.849 0.015 0.012 0.028 0.019 1    
320:  0.075 0.061 0.713 0.024 0.052 0.048 0.027 1    
321:  0.202 0.183 0.339 0.083 0.050 0.111 0.033 1    
322:  0.088 0.126 0.066 0.072 0.081 0.504 0.063 1    
323:  0.031 0.039 0.804 0.014 0.021 0.064 0.027 1    
324:  0.748 0.045 0.036 0.022 0.015 0.117 0.017 1    
325:  0.023 0.025 0.847 0.024 0.026 0.030 0.024 1    
326:  0.072 0.031 0.320 0.067 0.030 0.057 0.423 1    
327:  0.038 0.177 0.054 0.027 0.516 0.072 0.115 1    
328:  0.015 0.014 0.922 0.010 0.011 0.014 0.014 1    
329:  0.272 0.420 0.054 0.048 0.072 0.076 0.058 1    
330:  0.081 0.101 0.030 0.049 0.600 0.113 0.026 1    
331:  0.060 0.074 0.223 0.491 0.029 0.078 0.044 1    
332:  0.212 0.156 0.086 0.040 0.046 0.432 0.028 1    
333:  0.053 0.321 0.199 0.139 0.052 0.201 0.034 1    
334:  0.116 0.691 0.033 0.043 0.019 0.074 0.025 1    
335:  0.217 0.334 0.037 0.154 0.159 0.050 0.050 1    
336:  0.762 0.050 0.041 0.025 0.058 0.046 0.019 1    
337:  0.698 0.043 0.079 0.043 0.044 0.076 0.018 1    
338:  0.490 0.250 0.040 0.030 0.098 0.045 0.047 1    
339:  0.016 0.013 0.922 0.014 0.009 0.012 0.014 1    
340:  0.144 0.069 0.515 0.048 0.034 0.165 0.024 1    
341:  0.053 0.192 0.052 0.559 0.078 0.034 0.031 1    
342:  0.141 0.517 0.051 0.049 0.112 0.078 0.052 1    
343:  0.035 0.240 0.108 0.374 0.099 0.040 0.104 1    
344:  0.128 0.162 0.062 0.249 0.117 0.146 0.136 1    
345:  0.311 0.083 0.354 0.030 0.048 0.119 0.055 1    
346:  0.774 0.083 0.027 0.027 0.023 0.029 0.037 1    
347:  0.866 0.022 0.016 0.031 0.017 0.026 0.021 1    
348:  0.021 0.029 0.857 0.035 0.018 0.019 0.020 1    
349:  0.447 0.167 0.116 0.044 0.138 0.048 0.039 1    
350:  0.029 0.020 0.839 0.032 0.021 0.031 0.027 1    
351:  0.047 0.034 0.770 0.027 0.055 0.048 0.017 1    
352:  0.341 0.060 0.088 0.029 0.044 0.371 0.066 1    
353:  0.077 0.144 0.170 0.040 0.287 0.193 0.090 1    
354:  0.024 0.073 0.789 0.026 0.023 0.033 0.033 1    
355:  0.033 0.187 0.138 0.051 0.515 0.048 0.027 1    
356:  0.023 0.042 0.726 0.040 0.027 0.072 0.069 1    
357:  0.498 0.300 0.020 0.033 0.048 0.041 0.060 1    
358:  0.632 0.153 0.074 0.026 0.025 0.028 0.062 1    
359:  0.277 0.091 0.348 0.034 0.058 0.124 0.069 1    
360:  0.399 0.154 0.051 0.130 0.033 0.127 0.106 1    
361:  0.020 0.029 0.836 0.044 0.029 0.015 0.026 1    
362:  0.110 0.352 0.059 0.029 0.137 0.262 0.050 1    
363:  0.094 0.478 0.185 0.030 0.049 0.064 0.100 1    
364:  0.102 0.136 0.024 0.516 0.051 0.091 0.080 1    
365:  0.825 0.062 0.017 0.022 0.018 0.038 0.019 1    
366:  0.029 0.025 0.849 0.019 0.019 0.035 0.024 1    
367:  0.823 0.066 0.020 0.028 0.015 0.029 0.019 1    
368:  0.072 0.480 0.277 0.057 0.025 0.040 0.048 1    
369:  0.046 0.038 0.819 0.028 0.027 0.021 0.021 1    
370:  0.030 0.032 0.037 0.761 0.050 0.053 0.038 1    
371:  0.324 0.042 0.082 0.050 0.056 0.403 0.043 1    
372:  0.069 0.116 0.150 0.021 0.267 0.136 0.241 1    
373:  0.241 0.112 0.061 0.197 0.056 0.245 0.089 1    
374:  0.125 0.282 0.071 0.088 0.162 0.242 0.030 1    
375:  0.345 0.079 0.186 0.060 0.025 0.063 0.243 1    
376:  0.164 0.127 0.159 0.046 0.230 0.241 0.032 1    
377:  0.044 0.211 0.081 0.178 0.087 0.335 0.065 1    
378:  0.022 0.019 0.868 0.021 0.025 0.020 0.026 1    
379:  0.030 0.248 0.262 0.160 0.070 0.141 0.089 1    
380:  0.044 0.109 0.051 0.644 0.028 0.072 0.052 1    
381:  0.199 0.098 0.385 0.037 0.064 0.169 0.047 1    
382:  0.023 0.147 0.441 0.024 0.267 0.042 0.055 1    
383:  0.144 0.095 0.433 0.136 0.060 0.089 0.043 1    
384:  0.260 0.093 0.168 0.028 0.259 0.167 0.025 1    
385:  0.027 0.019 0.018 0.023 0.886 0.015 0.012 1    
386:  0.068 0.151 0.238 0.145 0.050 0.091 0.258 1    
387:  0.036 0.056 0.595 0.073 0.062 0.032 0.146 1    
388:  0.414 0.173 0.046 0.081 0.056 0.117 0.114 1    
389:  0.504 0.082 0.041 0.031 0.055 0.148 0.139 1    
390:  0.021 0.208 0.481 0.031 0.189 0.027 0.044 1    
391:  0.293 0.127 0.063 0.122 0.046 0.269 0.079 1    
392:  0.209 0.066 0.330 0.157 0.031 0.170 0.037 1    
393:  0.644 0.055 0.074 0.089 0.052 0.061 0.025 1    
394:  0.120 0.076 0.101 0.042 0.519 0.038 0.103 1    
395:  0.049 0.269 0.138 0.306 0.134 0.075 0.030 1    
396:  0.046 0.074 0.319 0.308 0.022 0.097 0.135 1    
397:  0.396 0.099 0.119 0.091 0.107 0.086 0.102 1    
398:  0.073 0.089 0.082 0.225 0.060 0.396 0.075 1    
399:  0.033 0.067 0.391 0.035 0.125 0.122 0.228 1    
400:  0.216 0.070 0.105 0.214 0.052 0.275 0.068 1    
401:  0.070 0.122 0.328 0.030 0.114 0.221 0.116 1    
402:  0.441 0.158 0.055 0.058 0.088 0.177 0.023 1    
403:  0.112 0.162 0.332 0.038 0.028 0.176 0.152 1    
404:  0.201 0.173 0.229 0.052 0.067 0.252 0.026 1    
405:  0.650 0.047 0.131 0.032 0.019 0.037 0.082 1    
406:  0.268 0.312 0.048 0.097 0.160 0.067 0.048 1    
407:  0.031 0.051 0.058 0.057 0.713 0.040 0.051 1    
408:  0.033 0.195 0.102 0.039 0.147 0.095 0.390 1    
409:  0.044 0.183 0.035 0.067 0.088 0.474 0.109 1    
410:  0.061 0.143 0.143 0.174 0.072 0.099 0.307 1    
411:  0.223 0.226 0.120 0.025 0.048 0.332 0.027 1    
412:  0.033 0.039 0.024 0.029 0.687 0.028 0.160 1    
413:  0.660 0.117 0.066 0.042 0.035 0.053 0.028 1    
414:  0.115 0.106 0.039 0.581 0.041 0.041 0.077 1    
415:  0.141 0.064 0.596 0.046 0.028 0.070 0.054 1    
416:  0.025 0.042 0.757 0.018 0.020 0.121 0.016 1    
417:  0.242 0.099 0.248 0.025 0.030 0.283 0.073 1    
418:  0.025 0.055 0.765 0.034 0.028 0.029 0.064 1    
419:  0.069 0.117 0.059 0.047 0.025 0.260 0.424 1    
420:  0.376 0.208 0.072 0.094 0.056 0.169 0.024 1    
421:  0.060 0.080 0.192 0.058 0.086 0.107 0.417 1    
422:  0.618 0.050 0.022 0.116 0.088 0.040 0.066 1    
423:  0.033 0.430 0.137 0.043 0.121 0.133 0.103 1    
424:  0.156 0.396 0.081 0.143 0.100 0.076 0.049 1    
425:  0.177 0.325 0.236 0.023 0.032 0.169 0.037 1    
426:  0.194 0.067 0.342 0.061 0.068 0.064 0.204 1    
427:  0.106 0.335 0.068 0.087 0.211 0.097 0.096 1    
428:  0.266 0.120 0.327 0.036 0.085 0.144 0.022 1    
429:  0.021 0.054 0.784 0.026 0.036 0.028 0.050 1    
430:  0.175 0.044 0.035 0.031 0.545 0.060 0.109 1    
431:  0.049 0.054 0.020 0.736 0.044 0.037 0.059 1    
432:  0.213 0.057 0.034 0.043 0.382 0.071 0.200 1    
433:  0.200 0.101 0.298 0.068 0.036 0.263 0.035 1    
434:  0.078 0.138 0.047 0.492 0.134 0.064 0.047 1    
435:  0.038 0.034 0.024 0.047 0.803 0.026 0.027 1    
436:  0.022 0.212 0.116 0.096 0.410 0.109 0.035 1    
437:  0.081 0.067 0.038 0.071 0.598 0.075 0.069 1    
438:  0.094 0.107 0.544 0.052 0.063 0.041 0.099 1    
439:  0.075 0.174 0.098 0.030 0.253 0.272 0.100 1    
440:  0.155 0.088 0.031 0.439 0.175 0.030 0.082 1    
441:  0.146 0.079 0.365 0.041 0.157 0.163 0.049 1    
442:  0.795 0.067 0.016 0.047 0.025 0.028 0.021 1    
443:  0.042 0.067 0.077 0.018 0.616 0.118 0.063 1    
444:  0.145 0.111 0.077 0.233 0.048 0.168 0.218 1    
445:  0.091 0.096 0.128 0.314 0.065 0.166 0.139 1    
446:  0.083 0.066 0.459 0.042 0.289 0.037 0.025 1    
447:  0.513 0.093 0.066 0.115 0.045 0.098 0.070 1    
448:  0.051 0.071 0.067 0.643 0.049 0.079 0.041 1    
449:  0.185 0.315 0.083 0.037 0.100 0.117 0.165 1    
450:  0.269 0.088 0.062 0.427 0.022 0.078 0.053 1    
451:  0.050 0.065 0.644 0.028 0.151 0.040 0.021 1    
452:  0.044 0.041 0.774 0.024 0.038 0.026 0.052 1    
453:  0.040 0.099 0.086 0.077 0.112 0.376 0.211 1    
454:  0.189 0.072 0.565 0.085 0.023 0.036 0.030 1    
455:  0.274 0.127 0.068 0.207 0.042 0.175 0.107 1    
456:  0.350 0.125 0.121 0.149 0.095 0.083 0.076 1    
457:  0.169 0.110 0.220 0.161 0.128 0.159 0.052 1    
458:  0.022 0.025 0.836 0.016 0.020 0.059 0.021 1    
459:  0.041 0.031 0.826 0.031 0.019 0.024 0.029 1    
460:  0.117 0.194 0.060 0.071 0.087 0.356 0.115 1    
461:  0.022 0.026 0.024 0.820 0.035 0.024 0.049 1    
462:  0.485 0.082 0.050 0.116 0.116 0.036 0.116 1    
463:  0.030 0.077 0.705 0.037 0.055 0.042 0.054 1    
464:  0.177 0.063 0.019 0.645 0.017 0.030 0.049 1    
465:  0.089 0.158 0.124 0.057 0.211 0.293 0.068 1    
466:  0.394 0.159 0.081 0.113 0.054 0.165 0.033 1    
467:  0.165 0.331 0.112 0.058 0.115 0.139 0.079 1    
468:  0.070 0.061 0.265 0.027 0.023 0.405 0.148 1    
469:  0.136 0.142 0.571 0.032 0.025 0.063 0.030 1    
470:  0.198 0.080 0.034 0.072 0.038 0.536 0.041 1    
471:  0.075 0.033 0.020 0.792 0.030 0.031 0.020 1    
472:  0.031 0.023 0.873 0.026 0.012 0.018 0.017 1    
473:  0.046 0.072 0.034 0.439 0.032 0.186 0.190 1    
474:  0.067 0.304 0.036 0.153 0.371 0.048 0.022 1    
475:  0.012 0.014 0.926 0.011 0.012 0.013 0.012 1    
476:  0.088 0.392 0.053 0.024 0.035 0.260 0.149 1    
477:  0.022 0.072 0.025 0.773 0.035 0.019 0.053 1    
478:  0.045 0.128 0.083 0.524 0.055 0.040 0.125 1    
479:  0.256 0.603 0.027 0.025 0.034 0.035 0.020 1    
480:  0.446 0.092 0.157 0.091 0.078 0.101 0.034 1    
481:  0.076 0.079 0.187 0.030 0.045 0.207 0.376 1    
482:  0.082 0.480 0.046 0.038 0.059 0.209 0.085 1    
483:  0.032 0.097 0.479 0.102 0.037 0.088 0.165 1    
484:  0.046 0.063 0.796 0.023 0.016 0.031 0.025 1    
485:  0.116 0.185 0.358 0.035 0.035 0.225 0.047 1    
486:  0.104 0.056 0.084 0.058 0.059 0.442 0.197 1    
487:  0.070 0.195 0.117 0.090 0.087 0.371 0.070 1    
488:  0.116 0.320 0.095 0.100 0.148 0.142 0.080 1    
489:  0.053 0.333 0.221 0.023 0.083 0.269 0.018 1    
490:  0.280 0.085 0.527 0.022 0.033 0.036 0.016 1    
491:  0.267 0.073 0.124 0.185 0.032 0.135 0.183 1    
492:  0.022 0.050 0.043 0.040 0.698 0.052 0.094 1    
493:  0.045 0.029 0.025 0.029 0.812 0.029 0.032 1    
494:  0.015 0.084 0.052 0.020 0.027 0.755 0.047 1    
495:  0.024 0.061 0.597 0.024 0.035 0.042 0.217 1    
496:  0.204 0.292 0.070 0.107 0.242 0.049 0.036 1    
497:  0.035 0.082 0.646 0.096 0.029 0.060 0.052 1    
498:  0.145 0.062 0.443 0.083 0.026 0.189 0.052 1    
499:  0.306 0.058 0.047 0.319 0.193 0.052 0.025 1    
500:  0.187 0.102 0.045 0.375 0.069 0.174 0.048 1    
501:  0.025 0.043 0.036 0.050 0.083 0.100 0.663 1    
502:  0.106 0.070 0.032 0.044 0.590 0.051 0.107 1    
503:  0.209 0.065 0.115 0.261 0.026 0.204 0.120 1    
504:  0.092 0.177 0.032 0.457 0.132 0.070 0.041 1    
505:  0.317 0.078 0.083 0.069 0.049 0.348 0.056 1    
506:  0.256 0.111 0.067 0.031 0.261 0.070 0.203 1    
507:  0.073 0.042 0.046 0.638 0.023 0.088 0.090 1    
508:  0.022 0.134 0.042 0.110 0.053 0.407 0.234 1    
509:  0.308 0.179 0.123 0.091 0.088 0.181 0.031 1    
510:  0.033 0.276 0.097 0.079 0.133 0.322 0.058 1    
511:  0.044 0.180 0.082 0.119 0.481 0.062 0.031 1    
512:  0.042 0.106 0.505 0.023 0.262 0.044 0.018 1    
513:  0.195 0.075 0.098 0.103 0.118 0.356 0.056 1    
514:  0.431 0.115 0.083 0.058 0.197 0.089 0.026 1    
515:  0.034 0.069 0.095 0.029 0.042 0.701 0.030 1    
516:  0.033 0.126 0.425 0.031 0.067 0.212 0.107 1    
517:  0.117 0.202 0.123 0.052 0.069 0.113 0.325 1    
518:  0.091 0.051 0.037 0.691 0.046 0.037 0.048 1    
519:  0.142 0.151 0.329 0.154 0.068 0.112 0.042 1    
520:  0.027 0.034 0.062 0.015 0.776 0.048 0.038 1    
521:  0.046 0.133 0.148 0.075 0.041 0.175 0.382 1    
522:  0.172 0.113 0.031 0.202 0.079 0.063 0.341 1    
523:  0.054 0.601 0.042 0.039 0.172 0.036 0.056 1    
524:  0.237 0.103 0.114 0.032 0.391 0.071 0.052 1    
525:  0.080 0.245 0.181 0.030 0.064 0.099 0.302 1    
526:  0.082 0.177 0.063 0.086 0.249 0.269 0.073 1    
527:  0.655 0.061 0.085 0.087 0.031 0.054 0.028 1    
528:  0.098 0.245 0.132 0.264 0.042 0.076 0.143 1    
529:  0.546 0.088 0.049 0.157 0.050 0.034 0.076 1    
530:  0.378 0.063 0.045 0.194 0.246 0.046 0.027 1    
531:  0.018 0.074 0.060 0.024 0.033 0.716 0.074 1    
532:  0.165 0.107 0.120 0.021 0.313 0.087 0.188 1    
533:  0.457 0.111 0.044 0.042 0.032 0.272 0.042 1    
534:  0.267 0.093 0.534 0.021 0.026 0.044 0.015 1    
535:  0.040 0.059 0.045 0.043 0.721 0.040 0.052 1    
536:  0.113 0.183 0.116 0.036 0.056 0.330 0.167 1    
537:  0.027 0.049 0.034 0.033 0.714 0.046 0.098 1    
538:  0.063 0.312 0.286 0.032 0.160 0.127 0.020 1    
539:  0.031 0.081 0.077 0.048 0.538 0.075 0.150 1    
540:  0.527 0.045 0.089 0.035 0.056 0.218 0.029 1    
541:  0.071 0.111 0.209 0.047 0.132 0.392 0.037 1    
542:  0.032 0.114 0.258 0.456 0.094 0.025 0.020 1    
543:  0.032 0.029 0.020 0.027 0.841 0.025 0.026 1    
544:  0.214 0.217 0.039 0.092 0.274 0.056 0.108 1    
545:  0.015 0.083 0.051 0.023 0.026 0.762 0.040 1    
546:  0.173 0.103 0.050 0.285 0.187 0.173 0.028 1    
547:  0.018 0.014 0.018 0.016 0.902 0.013 0.019 1    
548:  0.290 0.064 0.030 0.380 0.072 0.089 0.075 1    
549:  0.041 0.208 0.069 0.039 0.483 0.036 0.124 1    
550:  0.042 0.032 0.028 0.050 0.810 0.017 0.021 1    
551:  0.338 0.097 0.059 0.207 0.191 0.073 0.035 1    
552:  0.059 0.128 0.043 0.069 0.335 0.324 0.042 1    
553:  0.075 0.042 0.018 0.065 0.675 0.029 0.097 1    
554:  0.074 0.196 0.087 0.264 0.169 0.067 0.144 1    
555:  0.086 0.043 0.021 0.756 0.042 0.022 0.029 1    
556:  0.064 0.127 0.270 0.284 0.056 0.039 0.161 1    
557:  0.157 0.099 0.051 0.055 0.460 0.112 0.065 1    
558:  0.467 0.129 0.077 0.072 0.074 0.114 0.067 1    
559:  0.246 0.071 0.030 0.403 0.055 0.107 0.088 1    
560:  0.040 0.277 0.115 0.090 0.392 0.033 0.052 1    
561:  0.084 0.263 0.256 0.047 0.170 0.098 0.083 1    
562:  0.072 0.122 0.087 0.233 0.101 0.307 0.079 1    
563:  0.032 0.107 0.438 0.204 0.025 0.155 0.039 1    
564:  0.118 0.318 0.091 0.114 0.121 0.153 0.084 1    
565:  0.213 0.058 0.213 0.030 0.088 0.369 0.030 1    
566:  0.034 0.053 0.047 0.074 0.038 0.097 0.656 1    
567:  0.312 0.041 0.069 0.059 0.029 0.424 0.066 1    
568:  0.100 0.106 0.413 0.061 0.050 0.118 0.151 1    
569:  0.029 0.071 0.066 0.067 0.079 0.065 0.624 1    
570:  0.307 0.114 0.226 0.097 0.028 0.163 0.065 1    
571:  0.177 0.113 0.257 0.039 0.151 0.056 0.208 1    
572:  0.136 0.061 0.019 0.471 0.193 0.038 0.082 1    
573:  0.042 0.532 0.221 0.033 0.045 0.076 0.050 1    
574:  0.240 0.092 0.076 0.031 0.438 0.059 0.065 1    
575:  0.118 0.081 0.075 0.272 0.058 0.088 0.308 1    
576:  0.075 0.099 0.138 0.081 0.338 0.229 0.041 1    
577:  0.074 0.112 0.027 0.537 0.031 0.039 0.179 1    
578:  0.040 0.048 0.067 0.022 0.759 0.038 0.026 1    
579:  0.037 0.038 0.026 0.062 0.789 0.034 0.014 1    
580:  0.034 0.057 0.080 0.027 0.681 0.066 0.056 1    
581:  0.277 0.236 0.153 0.184 0.045 0.082 0.024 1    
582:  0.277 0.119 0.097 0.063 0.041 0.360 0.043 1    
583:  0.721 0.060 0.032 0.062 0.029 0.079 0.017 1    
584:  0.224 0.386 0.100 0.032 0.137 0.095 0.026 1    
585:  0.538 0.204 0.063 0.036 0.035 0.104 0.021 1    
586:  0.096 0.152 0.206 0.060 0.030 0.090 0.365 1    
587:  0.503 0.072 0.038 0.168 0.141 0.057 0.020 1    
588:  0.028 0.022 0.882 0.014 0.016 0.023 0.015 1    
589:  0.037 0.026 0.791 0.042 0.025 0.024 0.054 1    
590:  0.128 0.219 0.073 0.098 0.215 0.201 0.065 1    
591:  0.070 0.147 0.040 0.493 0.140 0.066 0.043 1    
592:  0.086 0.104 0.043 0.516 0.140 0.065 0.047 1    
593:  0.035 0.026 0.023 0.023 0.855 0.017 0.021 1    
594:  0.194 0.103 0.031 0.061 0.527 0.031 0.053 1    
595:  0.344 0.346 0.055 0.055 0.110 0.036 0.055 1    
596:  0.187 0.377 0.082 0.191 0.054 0.068 0.042 1    
597:  0.375 0.387 0.045 0.063 0.038 0.054 0.037 1    
598:  0.317 0.115 0.065 0.076 0.210 0.134 0.083 1    
599:  0.213 0.230 0.355 0.019 0.107 0.028 0.048 1    
600:  0.034 0.209 0.047 0.031 0.340 0.087 0.252 1    
601:  0.244 0.124 0.421 0.103 0.059 0.026 0.023 1    
602:  0.122 0.047 0.714 0.031 0.023 0.038 0.026 1    
603:  0.098 0.062 0.683 0.027 0.028 0.059 0.043 1    
604:  0.013 0.015 0.923 0.010 0.011 0.012 0.016 1    
605:  0.048 0.079 0.059 0.033 0.555 0.135 0.091 1    
606:  0.071 0.186 0.053 0.293 0.202 0.112 0.084 1    
607:  0.028 0.043 0.066 0.741 0.047 0.046 0.029 1    
608:  0.056 0.138 0.281 0.181 0.201 0.093 0.050 1    
609:  0.059 0.225 0.222 0.074 0.064 0.272 0.084 1    
610:  0.082 0.075 0.058 0.239 0.154 0.331 0.062 1    
611:  0.026 0.045 0.813 0.019 0.028 0.044 0.026 1    
612:  0.056 0.101 0.091 0.027 0.451 0.225 0.049 1    
613:  0.168 0.055 0.314 0.084 0.049 0.154 0.177 1    
614:  0.030 0.122 0.072 0.048 0.613 0.075 0.039 1    
615:  0.038 0.103 0.098 0.151 0.090 0.324 0.196 1    
616:  0.043 0.075 0.385 0.174 0.033 0.060 0.231 1    
617:  0.041 0.173 0.227 0.037 0.415 0.077 0.030 1    
618:  0.034 0.044 0.043 0.026 0.693 0.077 0.083 1    
619:  0.048 0.034 0.733 0.064 0.041 0.056 0.023 1    
620:  0.074 0.108 0.056 0.076 0.051 0.113 0.522 1    
621:  0.121 0.056 0.651 0.038 0.067 0.035 0.031 1    
622:  0.219 0.044 0.602 0.022 0.048 0.030 0.036 1    
623:  0.038 0.029 0.849 0.018 0.018 0.031 0.017 1    
624:  0.051 0.057 0.749 0.031 0.032 0.032 0.049 1    
625:  0.036 0.472 0.204 0.040 0.043 0.148 0.057 1    
626:  0.019 0.065 0.732 0.026 0.057 0.047 0.054 1    
627:  0.303 0.143 0.161 0.068 0.203 0.079 0.043 1    
628:  0.183 0.122 0.183 0.028 0.278 0.183 0.023 1    
629:  0.021 0.017 0.013 0.015 0.907 0.013 0.015 1    
630:  0.286 0.149 0.116 0.026 0.257 0.135 0.031 1    
631:  0.023 0.114 0.682 0.026 0.019 0.090 0.046 1    
632:  0.048 0.048 0.036 0.053 0.742 0.053 0.019 1    
633:  0.031 0.032 0.775 0.057 0.026 0.057 0.022 1    
634:  0.059 0.191 0.155 0.236 0.108 0.072 0.179 1    
635:  0.222 0.139 0.172 0.246 0.058 0.060 0.104 1    
636:  0.195 0.136 0.208 0.035 0.170 0.220 0.035 1    
637:  0.076 0.046 0.239 0.056 0.030 0.067 0.485 1    
638:  0.210 0.200 0.029 0.081 0.140 0.130 0.210 1    
639:  0.090 0.043 0.040 0.068 0.042 0.673 0.043 1    
640:  0.067 0.095 0.070 0.099 0.053 0.515 0.101 1    
641:  0.135 0.199 0.057 0.062 0.156 0.225 0.165 1    
642:  0.046 0.416 0.081 0.063 0.301 0.041 0.052 1    
643:  0.031 0.124 0.465 0.130 0.085 0.077 0.087 1    
644:  0.042 0.670 0.041 0.040 0.046 0.044 0.117 1    
645:  0.151 0.445 0.024 0.020 0.165 0.112 0.083 1    
646:  0.121 0.048 0.044 0.040 0.027 0.091 0.629 1    
647:  0.067 0.152 0.034 0.161 0.227 0.254 0.105 1    
648:  0.107 0.110 0.103 0.193 0.050 0.081 0.356 1    
649:  0.030 0.173 0.098 0.030 0.398 0.118 0.152 1    
650:  0.101 0.147 0.126 0.099 0.150 0.312 0.065 1    
651:  0.119 0.194 0.181 0.305 0.085 0.077 0.040 1    
652:  0.049 0.048 0.036 0.119 0.101 0.609 0.038 1    
653:  0.158 0.130 0.065 0.063 0.444 0.064 0.075 1    
654:  0.183 0.127 0.202 0.281 0.047 0.127 0.033 1    
655:  0.081 0.202 0.155 0.039 0.117 0.134 0.272 1    
656:  0.629 0.056 0.020 0.024 0.020 0.030 0.222 1    
657:  0.220 0.161 0.086 0.078 0.118 0.206 0.130 1    
658:  0.088 0.036 0.021 0.758 0.027 0.050 0.019 1    
659:  0.073 0.110 0.144 0.188 0.050 0.392 0.043 1    
660:  0.627 0.074 0.049 0.050 0.099 0.061 0.040 1    
661:  0.415 0.123 0.061 0.022 0.149 0.139 0.091 1    
662:  0.041 0.341 0.162 0.071 0.169 0.121 0.095 1    
663:  0.077 0.046 0.093 0.018 0.020 0.722 0.024 1    
664:  0.067 0.213 0.093 0.242 0.103 0.239 0.044 1    
665:  0.059 0.056 0.029 0.341 0.405 0.087 0.022 1    
666:  0.012 0.151 0.621 0.090 0.030 0.058 0.037 1    
667:  0.504 0.097 0.023 0.186 0.053 0.063 0.075 1    
668:  0.019 0.302 0.134 0.021 0.428 0.044 0.051 1    
669:  0.186 0.065 0.082 0.236 0.070 0.172 0.188 1    
670:  0.029 0.171 0.427 0.048 0.177 0.075 0.073 1    
671:  0.021 0.023 0.025 0.019 0.023 0.021 0.868 1    
672:  0.062 0.102 0.045 0.040 0.031 0.694 0.026 1    
673:  0.038 0.151 0.060 0.255 0.318 0.090 0.087 1    
674:  0.021 0.399 0.045 0.046 0.357 0.084 0.048 1    
675:  0.121 0.104 0.051 0.328 0.104 0.162 0.130 1    
676:  0.057 0.312 0.035 0.051 0.240 0.245 0.061 1    
677:  0.060 0.215 0.265 0.061 0.184 0.175 0.040 1    
678:  0.071 0.123 0.463 0.102 0.042 0.083 0.117 1    
679:  0.149 0.046 0.077 0.086 0.052 0.561 0.029 1    
680:  0.081 0.119 0.157 0.241 0.196 0.080 0.126 1    
681:  0.101 0.188 0.141 0.035 0.443 0.072 0.020 1    
682:  0.124 0.072 0.599 0.049 0.033 0.076 0.048 1    
683:  0.044 0.136 0.093 0.157 0.035 0.427 0.108 1    
684:  0.125 0.138 0.026 0.042 0.230 0.030 0.409 1    
685:  0.043 0.025 0.085 0.021 0.074 0.031 0.720 1    
686:  0.051 0.275 0.038 0.402 0.146 0.052 0.036 1    
687:  0.066 0.107 0.047 0.092 0.486 0.038 0.163 1    
688:  0.047 0.223 0.097 0.126 0.158 0.064 0.285 1    
689:  0.229 0.086 0.193 0.034 0.065 0.347 0.047 1    
690:  0.117 0.301 0.027 0.069 0.082 0.069 0.335 1    
691:  0.018 0.085 0.026 0.048 0.021 0.140 0.661 1    
692:  0.024 0.049 0.041 0.056 0.035 0.722 0.073 1    
693:  0.096 0.209 0.066 0.279 0.049 0.059 0.241 1    
694:  0.583 0.081 0.046 0.109 0.027 0.092 0.062 1    
695:  0.086 0.076 0.237 0.192 0.283 0.058 0.067 1    
696:  0.233 0.160 0.038 0.036 0.225 0.085 0.221 1    
697:  0.346 0.299 0.028 0.140 0.079 0.073 0.036 1    
698:  0.027 0.034 0.075 0.024 0.017 0.799 0.025 1    
699:  0.267 0.168 0.091 0.040 0.106 0.103 0.225 1    
700:  0.106 0.079 0.066 0.030 0.042 0.170 0.508 1    
701:  0.075 0.064 0.060 0.039 0.048 0.651 0.062 1    
702:  0.127 0.116 0.057 0.081 0.064 0.108 0.448 1    
703:  0.079 0.050 0.034 0.020 0.020 0.721 0.076 1    
704:  0.116 0.060 0.053 0.090 0.040 0.381 0.260 1    
705:  0.097 0.113 0.032 0.042 0.524 0.028 0.165 1    
706:  0.114 0.143 0.134 0.169 0.041 0.252 0.147 1    
707:  0.085 0.168 0.060 0.045 0.059 0.361 0.222 1    
708:  0.086 0.207 0.060 0.116 0.064 0.061 0.406 1    
709:  0.363 0.066 0.037 0.112 0.054 0.166 0.202 1    
710:  0.040 0.055 0.025 0.049 0.569 0.071 0.191 1    
711:  0.470 0.121 0.047 0.059 0.067 0.118 0.118 1    
712:  0.038 0.053 0.056 0.727 0.041 0.040 0.046 1    
713:  0.199 0.125 0.033 0.065 0.027 0.397 0.155 1    
714:  0.046 0.670 0.053 0.025 0.069 0.080 0.058 1    
715:  0.067 0.559 0.066 0.075 0.063 0.112 0.058 1    
716:  0.029 0.034 0.028 0.098 0.559 0.035 0.217 1    
717:  0.646 0.087 0.063 0.074 0.021 0.067 0.042 1    
718:  0.061 0.134 0.047 0.484 0.060 0.106 0.108 1    
719:  0.065 0.117 0.078 0.048 0.369 0.081 0.241 1    
720:  0.179 0.305 0.077 0.030 0.228 0.115 0.065 1    
721:  0.283 0.111 0.061 0.065 0.108 0.296 0.076 1    
722:  0.137 0.096 0.061 0.230 0.134 0.086 0.255 1    
723:  0.073 0.055 0.051 0.570 0.037 0.049 0.164 1    
724:  0.712 0.059 0.070 0.038 0.049 0.036 0.035 1    
725:  0.155 0.171 0.085 0.166 0.290 0.061 0.071 1    
726:  0.211 0.129 0.117 0.435 0.024 0.051 0.034 1    
727:  0.025 0.247 0.025 0.051 0.038 0.400 0.215 1    
728:  0.043 0.051 0.051 0.031 0.715 0.044 0.065 1    
729:  0.046 0.039 0.044 0.047 0.505 0.061 0.258 1    
730:  0.041 0.037 0.022 0.033 0.293 0.024 0.549 1    
731:  0.018 0.054 0.036 0.064 0.366 0.053 0.409 1    
732:  0.123 0.120 0.074 0.115 0.196 0.298 0.074 1    
733:  0.030 0.135 0.464 0.058 0.029 0.123 0.161 1    
734:  0.259 0.260 0.070 0.067 0.047 0.201 0.096 1    
735:  0.052 0.150 0.040 0.058 0.052 0.038 0.610 1    
736:  0.321 0.104 0.101 0.104 0.157 0.149 0.063 1    
737:  0.142 0.151 0.039 0.018 0.347 0.037 0.265 1    
738:  0.085 0.072 0.045 0.093 0.084 0.023 0.598 1    
739:  0.054 0.043 0.029 0.021 0.024 0.079 0.750 1    
740:  0.092 0.041 0.032 0.020 0.030 0.044 0.741 1    
