1:    0.732 0.085 0.138 0.045 1    
2:    0.244 0.405 0.089 0.262 1    
3:    0.154 0.410 0.183 0.253 1    
4:    0.042 0.881 0.033 0.043 1    
5:    0.164 0.226 0.464 0.146 1    
6:    0.104 0.362 0.438 0.096 1    
7:    0.100 0.313 0.480 0.108 1    
8:    0.043 0.709 0.044 0.204 1    
9:    0.382 0.217 0.279 0.123 1    
10:   0.107 0.229 0.577 0.087 1    
11:   0.102 0.733 0.068 0.096 1    
12:   0.039 0.113 0.784 0.065 1    
13:   0.649 0.084 0.069 0.199 1    
14:   0.034 0.200 0.683 0.083 1    
15:   0.599 0.170 0.164 0.068 1    
16:   0.901 0.035 0.032 0.032 1    
17:   0.323 0.202 0.162 0.313 1    
18:   0.518 0.220 0.210 0.053 1    
19:   0.316 0.496 0.095 0.093 1    
20:   0.864 0.046 0.042 0.048 1    
21:   0.562 0.193 0.110 0.135 1    
22:   0.057 0.099 0.812 0.032 1    
23:   0.071 0.457 0.332 0.140 1    
24:   0.687 0.080 0.061 0.172 1    
25:   0.149 0.192 0.573 0.086 1    
26:   0.065 0.139 0.776 0.020 1    
27:   0.040 0.836 0.046 0.078 1    
28:   0.023 0.065 0.873 0.038 1    
29:   0.032 0.073 0.868 0.028 1    
30:   0.077 0.697 0.190 0.036 1    
31:   0.249 0.597 0.080 0.074 1    
32:   0.050 0.111 0.532 0.306 1    
33:   0.129 0.207 0.057 0.607 1    
34:   0.261 0.489 0.171 0.079 1    
35:   0.437 0.388 0.094 0.081 1    
36:   0.374 0.158 0.176 0.293 1    
37:   0.778 0.138 0.051 0.034 1    
38:   0.388 0.353 0.193 0.065 1    
39:   0.085 0.757 0.122 0.035 1    
40:   0.324 0.194 0.375 0.106 1    
41:   0.420 0.101 0.189 0.289 1    
42:   0.159 0.367 0.338 0.136 1    
43:   0.027 0.885 0.049 0.039 1    
44:   0.067 0.107 0.116 0.710 1    
45:   0.187 0.430 0.274 0.108 1    
46:   0.029 0.899 0.042 0.030 1    
47:   0.145 0.441 0.237 0.177 1    
48:   0.113 0.316 0.352 0.219 1    
49:   0.249 0.090 0.588 0.074 1    
50:   0.081 0.088 0.779 0.052 1    
51:   0.644 0.119 0.050 0.187 1    
52:   0.778 0.074 0.093 0.056 1    
53:   0.096 0.748 0.121 0.036 1    
54:   0.541 0.143 0.216 0.099 1    
55:   0.073 0.242 0.474 0.212 1    
56:   0.097 0.815 0.068 0.020 1    
57:   0.058 0.168 0.726 0.047 1    
58:   0.203 0.605 0.115 0.078 1    
59:   0.097 0.787 0.077 0.039 1    
60:   0.766 0.082 0.073 0.079 1    
61:   0.554 0.292 0.113 0.041 1    
62:   0.040 0.127 0.786 0.047 1    
63:   0.032 0.892 0.030 0.046 1    
64:   0.110 0.482 0.369 0.039 1    
65:   0.261 0.065 0.523 0.151 1    
66:   0.569 0.281 0.101 0.049 1    
67:   0.066 0.416 0.133 0.385 1    
68:   0.203 0.595 0.168 0.035 1    
69:   0.178 0.084 0.691 0.046 1    
70:   0.122 0.355 0.475 0.048 1    
71:   0.238 0.383 0.257 0.122 1    
72:   0.024 0.876 0.054 0.047 1    
73:   0.840 0.038 0.078 0.044 1    
74:   0.075 0.850 0.044 0.030 1    
75:   0.608 0.159 0.198 0.035 1    
76:   0.322 0.091 0.097 0.491 1    
77:   0.059 0.057 0.834 0.050 1    
78:   0.129 0.207 0.572 0.091 1    
79:   0.166 0.581 0.196 0.057 1    
80:   0.039 0.019 0.917 0.026 1    
81:   0.285 0.586 0.038 0.091 1    
82:   0.062 0.128 0.773 0.036 1    
83:   0.146 0.708 0.103 0.043 1    
84:   0.857 0.079 0.030 0.034 1    
85:   0.419 0.376 0.171 0.034 1    
86:   0.062 0.711 0.132 0.094 1    
87:   0.163 0.591 0.156 0.091 1    
88:   0.108 0.612 0.216 0.064 1    
89:   0.036 0.873 0.060 0.030 1    
90:   0.384 0.402 0.085 0.130 1    
91:   0.111 0.168 0.682 0.040 1    
92:   0.258 0.536 0.149 0.057 1    
93:   0.121 0.479 0.082 0.317 1    
94:   0.802 0.137 0.031 0.031 1    
95:   0.562 0.189 0.183 0.066 1    
96:   0.064 0.774 0.042 0.120 1    
97:   0.051 0.067 0.851 0.031 1    
98:   0.829 0.044 0.062 0.064 1    
99:   0.168 0.426 0.356 0.049 1    
100:  0.198 0.585 0.181 0.037 1    
101:  0.051 0.485 0.351 0.114 1    
102:  0.080 0.050 0.842 0.028 1    
103:  0.587 0.126 0.055 0.233 1    
104:  0.054 0.032 0.828 0.086 1    
105:  0.031 0.305 0.630 0.034 1    
106:  0.040 0.108 0.803 0.049 1    
107:  0.068 0.625 0.162 0.144 1    
108:  0.047 0.127 0.786 0.040 1    
109:  0.022 0.033 0.478 0.466 1    
110:  0.028 0.165 0.744 0.063 1    
111:  0.316 0.181 0.359 0.143 1    
112:  0.089 0.031 0.033 0.847 1    
113:  0.031 0.025 0.024 0.920 1    
114:  0.764 0.041 0.093 0.102 1    
115:  0.077 0.268 0.295 0.359 1    
116:  0.099 0.134 0.074 0.693 1    
117:  0.420 0.105 0.070 0.405 1    
118:  0.088 0.205 0.158 0.549 1    
119:  0.355 0.179 0.065 0.402 1    
120:  0.214 0.462 0.169 0.155 1    
121:  0.068 0.057 0.502 0.372 1    
122:  0.577 0.105 0.183 0.134 1    
123:  0.473 0.034 0.348 0.146 1    
124:  0.229 0.154 0.257 0.360 1    
125:  0.233 0.031 0.648 0.089 1    
126:  0.107 0.034 0.633 0.225 1    
127:  0.419 0.075 0.444 0.062 1    
128:  0.271 0.407 0.224 0.097 1    
129:  0.225 0.108 0.186 0.482 1    
130:  0.305 0.040 0.595 0.059 1    
131:  0.040 0.127 0.490 0.343 1    
132:  0.272 0.098 0.529 0.101 1    
133:  0.122 0.242 0.587 0.050 1    
134:  0.066 0.233 0.120 0.581 1    
135:  0.116 0.081 0.768 0.035 1    
136:  0.213 0.149 0.449 0.189 1    
137:  0.050 0.600 0.060 0.290 1    
138:  0.423 0.049 0.264 0.264 1    
139:  0.154 0.043 0.710 0.092 1    
140:  0.355 0.119 0.441 0.085 1    
141:  0.572 0.070 0.086 0.271 1    
142:  0.066 0.028 0.123 0.783 1    
143:  0.048 0.043 0.326 0.583 1    
144:  0.514 0.045 0.046 0.394 1    
145:  0.364 0.033 0.075 0.527 1    
146:  0.130 0.052 0.080 0.737 1    
147:  0.084 0.140 0.218 0.559 1    
148:  0.165 0.318 0.069 0.448 1    
149:  0.022 0.481 0.035 0.462 1    
150:  0.038 0.569 0.070 0.323 1    
151:  0.263 0.308 0.126 0.303 1    
152:  0.123 0.357 0.223 0.296 1    
153:  0.016 0.099 0.038 0.847 1    
154:  0.045 0.895 0.026 0.033 1    
155:  0.021 0.039 0.031 0.909 1    
156:  0.048 0.061 0.052 0.839 1    
157:  0.064 0.053 0.195 0.687 1    
158:  0.014 0.033 0.020 0.933 1    
159:  0.151 0.640 0.116 0.093 1    
160:  0.070 0.681 0.176 0.073 1    
161:  0.598 0.120 0.071 0.211 1    
162:  0.051 0.608 0.184 0.157 1    
163:  0.253 0.364 0.204 0.180 1    
164:  0.039 0.820 0.046 0.095 1    
165:  0.349 0.504 0.101 0.046 1    
166:  0.078 0.752 0.115 0.054 1    
167:  0.109 0.785 0.063 0.043 1    
168:  0.130 0.735 0.081 0.054 1    
169:  0.024 0.076 0.024 0.876 1    
170:  0.180 0.340 0.146 0.334 1    
171:  0.918 0.029 0.030 0.022 1    
172:  0.276 0.453 0.212 0.059 1    
173:  0.871 0.036 0.041 0.052 1    
174:  0.432 0.120 0.279 0.169 1    
175:  0.039 0.714 0.061 0.185 1    
176:  0.061 0.842 0.052 0.045 1    
177:  0.043 0.895 0.031 0.031 1    
178:  0.057 0.044 0.035 0.864 1    
179:  0.050 0.758 0.101 0.091 1    
180:  0.025 0.132 0.026 0.817 1    
181:  0.085 0.132 0.109 0.675 1    
182:  0.030 0.731 0.056 0.182 1    
183:  0.148 0.341 0.399 0.112 1    
184:  0.083 0.202 0.090 0.625 1    
185:  0.100 0.031 0.831 0.039 1    
186:  0.029 0.051 0.027 0.892 1    
187:  0.087 0.496 0.336 0.080 1    
188:  0.040 0.745 0.179 0.036 1    
189:  0.027 0.619 0.113 0.240 1    
190:  0.281 0.536 0.096 0.087 1    
191:  0.032 0.032 0.032 0.905 1    
192:  0.043 0.622 0.181 0.154 1    
193:  0.036 0.165 0.077 0.721 1    
194:  0.437 0.340 0.156 0.067 1    
195:  0.026 0.908 0.039 0.026 1    
196:  0.026 0.127 0.036 0.811 1    
197:  0.035 0.913 0.031 0.021 1    
198:  0.189 0.578 0.068 0.165 1    
199:  0.065 0.349 0.182 0.404 1    
200:  0.715 0.073 0.134 0.078 1    
201:  0.065 0.649 0.087 0.199 1    
202:  0.034 0.229 0.587 0.150 1    
203:  0.151 0.690 0.073 0.086 1    
204:  0.364 0.270 0.269 0.097 1    
205:  0.097 0.607 0.042 0.253 1    
206:  0.155 0.599 0.147 0.099 1    
207:  0.389 0.134 0.192 0.285 1    
208:  0.073 0.031 0.039 0.857 1    
209:  0.405 0.193 0.133 0.269 1    
210:  0.821 0.045 0.050 0.084 1    
211:  0.047 0.714 0.077 0.163 1    
212:  0.061 0.054 0.714 0.172 1    
213:  0.098 0.174 0.107 0.621 1    
214:  0.045 0.643 0.248 0.065 1    
215:  0.037 0.069 0.864 0.030 1    
216:  0.274 0.140 0.123 0.462 1    
217:  0.248 0.079 0.085 0.588 1    
218:  0.052 0.823 0.060 0.065 1    
219:  0.092 0.414 0.273 0.221 1    
220:  0.092 0.048 0.093 0.767 1    
221:  0.084 0.666 0.055 0.194 1    
222:  0.269 0.473 0.036 0.223 1    
223:  0.108 0.742 0.082 0.068 1    
224:  0.053 0.319 0.477 0.151 1    
225:  0.812 0.042 0.066 0.080 1    
226:  0.440 0.233 0.030 0.297 1    
227:  0.100 0.596 0.149 0.155 1    
228:  0.389 0.220 0.091 0.300 1    
229:  0.168 0.095 0.107 0.631 1    
230:  0.373 0.334 0.101 0.192 1    
231:  0.090 0.257 0.434 0.219 1    
232:  0.217 0.597 0.117 0.069 1    
233:  0.059 0.213 0.197 0.532 1    
234:  0.154 0.433 0.315 0.099 1    
235:  0.029 0.904 0.026 0.041 1    
236:  0.072 0.675 0.174 0.079 1    
237:  0.105 0.036 0.829 0.030 1    
238:  0.064 0.076 0.092 0.768 1    
239:  0.352 0.232 0.255 0.161 1    
240:  0.153 0.107 0.446 0.293 1    
241:  0.055 0.607 0.079 0.259 1    
242:  0.072 0.048 0.830 0.049 1    
243:  0.056 0.867 0.034 0.042 1    
244:  0.281 0.475 0.140 0.104 1    
245:  0.140 0.590 0.072 0.198 1    
246:  0.023 0.052 0.028 0.897 1    
247:  0.074 0.499 0.064 0.363 1    
248:  0.038 0.075 0.105 0.781 1    
249:  0.127 0.114 0.076 0.684 1    
250:  0.074 0.145 0.687 0.094 1    
251:  0.148 0.081 0.050 0.721 1    
252:  0.094 0.316 0.213 0.377 1    
253:  0.084 0.273 0.509 0.134 1    
254:  0.062 0.104 0.795 0.038 1    
255:  0.199 0.027 0.037 0.737 1    
256:  0.091 0.162 0.481 0.266 1    
257:  0.034 0.194 0.676 0.096 1    
258:  0.059 0.311 0.113 0.517 1    
259:  0.282 0.078 0.456 0.184 1    
260:  0.459 0.217 0.234 0.089 1    
261:  0.065 0.073 0.719 0.143 1    
262:  0.119 0.349 0.341 0.191 1    
263:  0.351 0.105 0.208 0.335 1    
264:  0.268 0.121 0.142 0.469 1    
265:  0.042 0.111 0.754 0.093 1    
266:  0.457 0.259 0.102 0.182 1    
267:  0.084 0.287 0.210 0.419 1    
268:  0.084 0.751 0.125 0.040 1    
269:  0.198 0.288 0.244 0.270 1    
270:  0.766 0.125 0.044 0.065 1    
271:  0.362 0.085 0.074 0.478 1    
272:  0.060 0.746 0.145 0.048 1    
273:  0.055 0.449 0.281 0.216 1    
274:  0.140 0.283 0.195 0.382 1    
275:  0.031 0.231 0.056 0.682 1    
276:  0.688 0.074 0.125 0.114 1    
277:  0.259 0.227 0.283 0.231 1    
278:  0.103 0.015 0.048 0.833 1    
279:  0.116 0.700 0.109 0.075 1    
280:  0.026 0.027 0.910 0.037 1    
281:  0.223 0.389 0.103 0.285 1    
282:  0.089 0.062 0.253 0.596 1    
283:  0.039 0.082 0.091 0.788 1    
284:  0.056 0.083 0.050 0.811 1    
285:  0.388 0.048 0.341 0.223 1    
286:  0.056 0.064 0.723 0.157 1    
287:  0.334 0.224 0.303 0.139 1    
288:  0.081 0.355 0.496 0.068 1    
289:  0.080 0.243 0.242 0.435 1    
290:  0.132 0.097 0.721 0.050 1    
291:  0.219 0.092 0.621 0.068 1    
292:  0.202 0.096 0.516 0.186 1    
293:  0.096 0.382 0.083 0.439 1    
294:  0.103 0.397 0.367 0.132 1    
295:  0.109 0.037 0.700 0.154 1    
296:  0.070 0.030 0.035 0.865 1    
297:  0.710 0.133 0.092 0.065 1    
298:  0.391 0.361 0.101 0.147 1    
299:  0.168 0.143 0.135 0.554 1    
300:  0.092 0.418 0.375 0.115 1    
301:  0.513 0.289 0.125 0.073 1    
302:  0.042 0.036 0.029 0.893 1    
303:  0.200 0.165 0.496 0.138 1    
304:  0.094 0.170 0.398 0.337 1    
305:  0.110 0.093 0.091 0.707 1    
306:  0.331 0.124 0.211 0.334 1    
307:  0.036 0.141 0.084 0.738 1    
308:  0.294 0.309 0.180 0.217 1    
309:  0.097 0.095 0.669 0.138 1    
310:  0.252 0.450 0.084 0.214 1    
311:  0.436 0.234 0.165 0.165 1    
312:  0.257 0.416 0.136 0.191 1    
313:  0.178 0.559 0.180 0.083 1    
314:  0.105 0.047 0.706 0.142 1    
315:  0.071 0.829 0.062 0.038 1    
316:  0.757 0.102 0.061 0.079 1    
317:  0.500 0.167 0.093 0.240 1    
318:  0.068 0.212 0.315 0.404 1    
319:  0.612 0.170 0.154 0.065 1    
320:  0.108 0.040 0.793 0.058 1    
321:  0.188 0.626 0.084 0.102 1    
322:  0.733 0.111 0.084 0.072 1    
323:  0.196 0.283 0.162 0.359 1    
324:  0.065 0.509 0.361 0.065 1    
325:  0.334 0.261 0.198 0.208 1    
326:  0.384 0.237 0.165 0.213 1    
327:  0.561 0.251 0.124 0.064 1    
328:  0.089 0.788 0.046 0.078 1    
329:  0.631 0.109 0.183 0.077 1    
330:  0.729 0.173 0.036 0.063 1    
331:  0.089 0.030 0.062 0.819 1    
332:  0.053 0.064 0.674 0.209 1    
333:  0.064 0.082 0.767 0.087 1    
334:  0.039 0.046 0.890 0.025 1    
335:  0.041 0.047 0.849 0.063 1    
336:  0.478 0.132 0.226 0.164 1    
337:  0.259 0.090 0.106 0.545 1    
338:  0.132 0.631 0.156 0.081 1    
339:  0.131 0.136 0.637 0.095 1    
340:  0.239 0.246 0.306 0.209 1    
341:  0.045 0.113 0.726 0.117 1    
342:  0.256 0.358 0.252 0.134 1    
343:  0.060 0.104 0.647 0.189 1    
344:  0.061 0.150 0.500 0.289 1    
345:  0.031 0.269 0.631 0.069 1    
346:  0.289 0.218 0.285 0.207 1    
347:  0.041 0.167 0.139 0.653 1    
348:  0.164 0.613 0.139 0.084 1    
349:  0.082 0.540 0.292 0.086 1    
350:  0.279 0.333 0.233 0.154 1    
351:  0.175 0.293 0.122 0.410 1    
352:  0.056 0.166 0.546 0.232 1    
353:  0.062 0.431 0.357 0.150 1    
354:  0.049 0.670 0.183 0.098 1    
355:  0.825 0.053 0.061 0.060 1    
356:  0.053 0.693 0.204 0.051 1    
357:  0.247 0.381 0.240 0.131 1    
358:  0.638 0.163 0.094 0.104 1    
359:  0.574 0.157 0.183 0.086 1    
360:  0.580 0.185 0.175 0.060 1    
361:  0.217 0.124 0.516 0.143 1    
362:  0.227 0.066 0.342 0.364 1    
363:  0.043 0.272 0.383 0.302 1    
364:  0.142 0.133 0.129 0.597 1    
365:  0.081 0.782 0.043 0.094 1    
366:  0.060 0.615 0.092 0.234 1    
367:  0.066 0.077 0.776 0.081 1    
368:  0.071 0.107 0.146 0.676 1    
369:  0.196 0.623 0.085 0.097 1    
370:  0.757 0.034 0.064 0.145 1    
371:  0.043 0.060 0.028 0.868 1    
372:  0.038 0.509 0.165 0.287 1    
373:  0.186 0.282 0.340 0.192 1    
374:  0.041 0.041 0.620 0.298 1    
375:  0.080 0.105 0.736 0.079 1    
376:  0.128 0.374 0.261 0.237 1    
377:  0.187 0.174 0.549 0.090 1    
378:  0.112 0.024 0.793 0.071 1    
379:  0.228 0.439 0.088 0.245 1    
380:  0.323 0.350 0.042 0.284 1    
381:  0.272 0.419 0.238 0.071 1    
382:  0.398 0.223 0.319 0.060 1    
383:  0.060 0.227 0.180 0.534 1    
384:  0.122 0.350 0.423 0.105 1    
385:  0.166 0.247 0.121 0.466 1    
386:  0.257 0.169 0.066 0.508 1    
387:  0.575 0.151 0.173 0.100 1    
388:  0.022 0.030 0.026 0.922 1    
389:  0.247 0.110 0.057 0.586 1    
390:  0.205 0.421 0.236 0.138 1    
391:  0.138 0.578 0.112 0.171 1    
392:  0.115 0.246 0.133 0.506 1    
393:  0.079 0.798 0.041 0.081 1    
394:  0.771 0.077 0.057 0.095 1    
395:  0.176 0.064 0.113 0.648 1    
396:  0.068 0.146 0.289 0.497 1    
397:  0.617 0.080 0.071 0.231 1    
398:  0.760 0.088 0.041 0.111 1    
399:  0.173 0.149 0.505 0.173 1    
400:  0.395 0.199 0.091 0.315 1    
401:  0.036 0.886 0.038 0.040 1    
402:  0.086 0.032 0.073 0.809 1    
403:  0.477 0.210 0.211 0.103 1    
404:  0.511 0.115 0.058 0.316 1    
405:  0.320 0.084 0.166 0.430 1    
406:  0.032 0.089 0.819 0.059 1    
407:  0.159 0.361 0.407 0.074 1    
408:  0.042 0.080 0.047 0.832 1    
409:  0.192 0.069 0.634 0.104 1    
410:  0.118 0.377 0.383 0.122 1    
411:  0.808 0.072 0.045 0.075 1    
412:  0.137 0.170 0.354 0.339 1    
413:  0.875 0.049 0.035 0.041 1    
414:  0.382 0.292 0.143 0.182 1    
415:  0.151 0.151 0.303 0.395 1    
416:  0.076 0.235 0.274 0.414 1    
417:  0.866 0.028 0.041 0.065 1    
418:  0.134 0.496 0.281 0.089 1    
419:  0.784 0.039 0.046 0.131 1    
420:  0.732 0.077 0.085 0.106 1    
421:  0.344 0.083 0.541 0.032 1    
422:  0.207 0.150 0.516 0.127 1    
423:  0.621 0.167 0.090 0.122 1    
424:  0.082 0.660 0.109 0.149 1    
425:  0.237 0.542 0.111 0.109 1    
426:  0.792 0.115 0.046 0.047 1    
427:  0.552 0.075 0.161 0.212 1    
428:  0.067 0.687 0.132 0.115 1    
429:  0.328 0.198 0.129 0.345 1    
430:  0.182 0.117 0.172 0.529 1    
431:  0.170 0.462 0.104 0.264 1    
432:  0.112 0.088 0.113 0.687 1    
433:  0.248 0.292 0.181 0.279 1    
434:  0.086 0.052 0.037 0.824 1    
435:  0.290 0.469 0.074 0.167 1    
436:  0.111 0.121 0.616 0.151 1    
437:  0.561 0.200 0.089 0.149 1    
438:  0.504 0.235 0.135 0.127 1    
439:  0.773 0.049 0.109 0.070 1    
440:  0.164 0.467 0.091 0.279 1    
441:  0.044 0.160 0.759 0.036 1    
442:  0.039 0.849 0.076 0.036 1    
443:  0.876 0.036 0.045 0.043 1    
444:  0.556 0.211 0.092 0.141 1    
445:  0.503 0.281 0.101 0.115 1    
446:  0.038 0.022 0.920 0.020 1    
447:  0.316 0.065 0.197 0.422 1    
448:  0.436 0.350 0.124 0.091 1    
449:  0.843 0.074 0.038 0.045 1    
450:  0.176 0.319 0.271 0.234 1    
451:  0.862 0.049 0.038 0.051 1    
452:  0.796 0.074 0.066 0.063 1    
453:  0.086 0.130 0.658 0.126 1    
454:  0.898 0.047 0.029 0.025 1    
455:  0.825 0.057 0.026 0.091 1    
456:  0.206 0.224 0.293 0.277 1    
457:  0.700 0.063 0.092 0.146 1    
458:  0.439 0.363 0.066 0.133 1    
459:  0.826 0.085 0.033 0.056 1    
460:  0.108 0.061 0.766 0.064 1    
461:  0.071 0.743 0.085 0.100 1    
462:  0.071 0.278 0.049 0.602 1    
463:  0.428 0.376 0.131 0.066 1    
464:  0.505 0.162 0.191 0.143 1    
465:  0.522 0.229 0.133 0.116 1    
466:  0.363 0.551 0.049 0.037 1    
467:  0.531 0.251 0.153 0.065 1    
468:  0.060 0.054 0.850 0.035 1    
469:  0.057 0.572 0.087 0.285 1    
470:  0.832 0.044 0.077 0.048 1    
471:  0.380 0.196 0.325 0.099 1    
472:  0.075 0.627 0.154 0.144 1    
473:  0.577 0.175 0.100 0.148 1    
474:  0.514 0.168 0.059 0.258 1    
475:  0.032 0.028 0.891 0.048 1    
476:  0.248 0.217 0.231 0.304 1    
477:  0.044 0.111 0.096 0.750 1    
478:  0.119 0.228 0.084 0.569 1    
479:  0.193 0.073 0.502 0.232 1    
480:  0.453 0.054 0.187 0.306 1    
481:  0.547 0.129 0.153 0.171 1    
482:  0.691 0.087 0.061 0.160 1    
483:  0.444 0.299 0.142 0.114 1    
484:  0.062 0.699 0.148 0.090 1    
485:  0.060 0.672 0.168 0.100 1    
486:  0.842 0.065 0.029 0.064 1    
487:  0.044 0.210 0.037 0.709 1    
488:  0.088 0.166 0.690 0.056 1    
489:  0.052 0.885 0.032 0.031 1    
490:  0.525 0.214 0.148 0.114 1    
491:  0.169 0.575 0.177 0.080 1    
492:  0.412 0.138 0.346 0.104 1    
493:  0.783 0.076 0.031 0.110 1    
494:  0.034 0.732 0.036 0.199 1    
495:  0.085 0.071 0.054 0.789 1    
496:  0.594 0.139 0.152 0.115 1    
497:  0.438 0.185 0.301 0.077 1    
498:  0.339 0.075 0.067 0.519 1    
499:  0.802 0.065 0.042 0.091 1    
500:  0.384 0.157 0.128 0.330 1    
501:  0.774 0.104 0.032 0.091 1    
502:  0.578 0.210 0.138 0.074 1    
503:  0.389 0.355 0.136 0.119 1    
504:  0.463 0.259 0.098 0.179 1    
505:  0.851 0.052 0.039 0.058 1    
506:  0.260 0.319 0.054 0.367 1    
507:  0.506 0.191 0.164 0.139 1    
508:  0.050 0.054 0.662 0.233 1    
509:  0.482 0.170 0.073 0.276 1    
510:  0.332 0.314 0.270 0.083 1    
511:  0.037 0.065 0.043 0.855 1    
512:  0.329 0.312 0.211 0.148 1    
513:  0.504 0.055 0.089 0.353 1    
514:  0.480 0.232 0.052 0.236 1    
515:  0.467 0.211 0.090 0.232 1    
516:  0.171 0.586 0.140 0.102 1    
517:  0.538 0.041 0.313 0.108 1    
518:  0.085 0.058 0.675 0.182 1    
519:  0.341 0.110 0.088 0.461 1    
520:  0.275 0.133 0.185 0.407 1    
521:  0.539 0.235 0.095 0.132 1    
522:  0.053 0.096 0.531 0.320 1    
523:  0.193 0.096 0.088 0.624 1    
524:  0.100 0.713 0.083 0.104 1    
525:  0.748 0.106 0.084 0.062 1    
526:  0.086 0.350 0.478 0.086 1    
527:  0.881 0.048 0.026 0.045 1    
528:  0.184 0.617 0.085 0.113 1    
529:  0.388 0.117 0.080 0.414 1    
530:  0.099 0.643 0.104 0.154 1    
531:  0.225 0.343 0.241 0.191 1    
532:  0.309 0.105 0.100 0.486 1    
533:  0.569 0.136 0.102 0.193 1    
534:  0.138 0.270 0.198 0.394 1    
535:  0.349 0.125 0.155 0.370 1    
536:  0.520 0.342 0.089 0.049 1    
537:  0.758 0.049 0.067 0.127 1    
538:  0.109 0.740 0.077 0.074 1    
539:  0.070 0.060 0.812 0.058 1    
540:  0.036 0.154 0.720 0.091 1    
541:  0.804 0.056 0.095 0.045 1    
542:  0.333 0.065 0.078 0.524 1    
543:  0.492 0.112 0.053 0.342 1    
544:  0.077 0.188 0.052 0.683 1    
545:  0.205 0.132 0.094 0.568 1    
546:  0.369 0.079 0.174 0.378 1    
547:  0.188 0.427 0.165 0.220 1    
548:  0.127 0.131 0.684 0.058 1    
549:  0.127 0.117 0.707 0.049 1    
550:  0.066 0.150 0.031 0.752 1    
551:  0.176 0.622 0.145 0.057 1    
552:  0.137 0.734 0.055 0.074 1    
553:  0.635 0.209 0.062 0.094 1    
554:  0.342 0.496 0.091 0.071 1    
555:  0.738 0.066 0.100 0.096 1    
556:  0.765 0.167 0.038 0.029 1    
557:  0.363 0.476 0.056 0.105 1    
558:  0.265 0.124 0.358 0.253 1    
559:  0.375 0.227 0.182 0.216 1    
560:  0.443 0.293 0.055 0.209 1    
561:  0.282 0.138 0.173 0.407 1    
562:  0.391 0.255 0.283 0.072 1    
563:  0.085 0.077 0.428 0.409 1    
564:  0.069 0.060 0.292 0.579 1    
565:  0.127 0.589 0.138 0.146 1    
566:  0.403 0.213 0.141 0.243 1    
567:  0.851 0.072 0.040 0.038 1    
568:  0.125 0.187 0.284 0.403 1    
569:  0.185 0.466 0.119 0.231 1    
570:  0.276 0.246 0.332 0.147 1    
571:  0.695 0.047 0.164 0.094 1    
572:  0.332 0.360 0.144 0.164 1    
573:  0.485 0.307 0.090 0.117 1    
574:  0.051 0.105 0.768 0.076 1    
575:  0.587 0.263 0.092 0.058 1    
576:  0.057 0.043 0.168 0.733 1    
577:  0.710 0.077 0.145 0.068 1    
578:  0.682 0.160 0.070 0.088 1    
579:  0.422 0.344 0.127 0.107 1    
580:  0.199 0.087 0.145 0.569 1    
581:  0.085 0.075 0.098 0.742 1    
582:  0.110 0.158 0.234 0.498 1    
583:  0.080 0.093 0.738 0.089 1    
584:  0.822 0.036 0.068 0.074 1    
585:  0.782 0.079 0.080 0.059 1    
586:  0.228 0.612 0.111 0.049 1    
587:  0.032 0.098 0.488 0.382 1    
588:  0.170 0.040 0.352 0.438 1    
589:  0.817 0.069 0.071 0.043 1    
590:  0.134 0.382 0.278 0.206 1    
591:  0.420 0.130 0.136 0.313 1    
592:  0.829 0.079 0.054 0.038 1    
593:  0.176 0.314 0.139 0.371 1    
594:  0.786 0.068 0.082 0.064 1    
595:  0.047 0.312 0.492 0.149 1    
596:  0.103 0.274 0.370 0.254 1    
597:  0.593 0.028 0.039 0.340 1    
598:  0.168 0.577 0.136 0.119 1    
599:  0.289 0.332 0.245 0.134 1    
600:  0.221 0.094 0.103 0.582 1    
601:  0.090 0.092 0.478 0.340 1    
602:  0.286 0.098 0.086 0.530 1    
603:  0.029 0.032 0.900 0.039 1    
604:  0.113 0.062 0.057 0.769 1    
605:  0.130 0.157 0.058 0.655 1    
606:  0.088 0.108 0.654 0.149 1    
607:  0.040 0.724 0.137 0.098 1    
608:  0.041 0.029 0.853 0.078 1    
609:  0.036 0.096 0.809 0.059 1    
610:  0.620 0.111 0.090 0.180 1    
611:  0.253 0.404 0.139 0.204 1    
612:  0.081 0.204 0.132 0.583 1    
613:  0.033 0.049 0.881 0.038 1    
614:  0.072 0.320 0.200 0.408 1    
615:  0.075 0.043 0.830 0.052 1    
616:  0.185 0.221 0.528 0.066 1    
617:  0.137 0.091 0.590 0.181 1    
618:  0.401 0.104 0.183 0.311 1    
619:  0.103 0.183 0.303 0.410 1    
620:  0.248 0.292 0.093 0.368 1    
621:  0.125 0.141 0.391 0.344 1    
622:  0.066 0.200 0.607 0.128 1    
623:  0.263 0.285 0.091 0.362 1    
624:  0.029 0.036 0.898 0.037 1    
625:  0.237 0.151 0.460 0.153 1    
626:  0.217 0.483 0.187 0.113 1    
627:  0.382 0.475 0.080 0.064 1    
628:  0.382 0.068 0.474 0.076 1    
629:  0.277 0.307 0.262 0.154 1    
630:  0.071 0.351 0.464 0.114 1    
631:  0.117 0.071 0.077 0.736 1    
632:  0.284 0.139 0.165 0.412 1    
633:  0.063 0.065 0.543 0.329 1    
634:  0.033 0.067 0.854 0.045 1    
635:  0.154 0.460 0.206 0.180 1    
636:  0.028 0.029 0.922 0.021 1    
637:  0.067 0.605 0.177 0.150 1    
638:  0.038 0.596 0.176 0.189 1    
639:  0.393 0.240 0.118 0.250 1    
640:  0.470 0.044 0.189 0.298 1    
641:  0.120 0.111 0.535 0.234 1    
642:  0.434 0.137 0.283 0.146 1    
643:  0.241 0.131 0.213 0.414 1    
644:  0.153 0.307 0.509 0.032 1    
645:  0.136 0.267 0.147 0.450 1    
646:  0.082 0.528 0.238 0.152 1    
647:  0.275 0.318 0.125 0.282 1    
648:  0.023 0.054 0.886 0.037 1    
649:  0.307 0.275 0.183 0.235 1    
650:  0.070 0.143 0.738 0.049 1    
651:  0.073 0.122 0.250 0.554 1    
652:  0.083 0.594 0.157 0.165 1    
653:  0.054 0.069 0.841 0.035 1    
654:  0.025 0.031 0.086 0.857 1    
655:  0.436 0.130 0.166 0.268 1    
656:  0.042 0.054 0.876 0.027 1    
657:  0.610 0.138 0.170 0.082 1    
658:  0.095 0.458 0.290 0.157 1    
659:  0.056 0.082 0.045 0.817 1    
660:  0.212 0.038 0.580 0.169 1    
661:  0.781 0.060 0.090 0.069 1    
662:  0.173 0.659 0.060 0.109 1    
663:  0.154 0.522 0.193 0.132 1    
664:  0.229 0.028 0.035 0.708 1    
665:  0.053 0.166 0.166 0.615 1    
666:  0.845 0.025 0.059 0.071 1    
667:  0.102 0.178 0.515 0.205 1    
668:  0.117 0.322 0.425 0.136 1    
669:  0.071 0.707 0.178 0.045 1    
670:  0.331 0.247 0.262 0.161 1    
671:  0.555 0.136 0.149 0.160 1    
672:  0.330 0.078 0.294 0.298 1    
673:  0.114 0.163 0.163 0.560 1    
674:  0.330 0.041 0.221 0.408 1    
675:  0.042 0.271 0.508 0.179 1    
676:  0.106 0.038 0.323 0.533 1    
677:  0.049 0.049 0.870 0.032 1    
678:  0.072 0.126 0.547 0.256 1    
679:  0.267 0.146 0.375 0.212 1    
680:  0.085 0.036 0.089 0.789 1    
681:  0.037 0.086 0.266 0.611 1    
682:  0.425 0.060 0.385 0.130 1    
683:  0.162 0.142 0.621 0.075 1    
684:  0.369 0.055 0.097 0.479 1    
685:  0.031 0.041 0.057 0.870 1    
686:  0.091 0.059 0.118 0.732 1    
687:  0.064 0.040 0.314 0.581 1    
688:  0.392 0.149 0.326 0.132 1    
689:  0.174 0.039 0.561 0.226 1    
690:  0.257 0.403 0.281 0.059 1    
691:  0.214 0.139 0.355 0.293 1    
692:  0.752 0.087 0.079 0.083 1    
693:  0.101 0.375 0.253 0.271 1    
694:  0.076 0.232 0.171 0.521 1    
695:  0.173 0.067 0.677 0.083 1    
696:  0.080 0.123 0.504 0.292 1    
697:  0.589 0.087 0.120 0.204 1    
698:  0.036 0.062 0.842 0.060 1    
699:  0.178 0.066 0.167 0.589 1    
700:  0.517 0.156 0.115 0.211 1    
701:  0.258 0.168 0.341 0.233 1    
702:  0.038 0.356 0.213 0.393 1    
703:  0.030 0.155 0.210 0.605 1    
704:  0.052 0.087 0.113 0.748 1    
705:  0.204 0.235 0.213 0.348 1    
706:  0.084 0.052 0.783 0.080 1    
707:  0.085 0.683 0.163 0.069 1    
708:  0.238 0.070 0.221 0.472 1    
709:  0.114 0.084 0.760 0.042 1    
710:  0.041 0.036 0.078 0.845 1    
711:  0.047 0.029 0.898 0.026 1    
712:  0.045 0.034 0.152 0.768 1    
713:  0.600 0.048 0.269 0.083 1    
714:  0.051 0.049 0.621 0.278 1    
715:  0.085 0.051 0.052 0.812 1    
716:  0.132 0.557 0.114 0.197 1    
717:  0.043 0.352 0.447 0.157 1    
718:  0.067 0.284 0.113 0.536 1    
719:  0.047 0.444 0.186 0.324 1    
720:  0.321 0.163 0.102 0.414 1    
721:  0.086 0.085 0.775 0.054 1    
722:  0.184 0.193 0.419 0.204 1    
723:  0.482 0.088 0.100 0.329 1    
724:  0.167 0.086 0.477 0.270 1    
725:  0.102 0.095 0.163 0.640 1    
726:  0.075 0.693 0.127 0.105 1    
727:  0.088 0.088 0.139 0.685 1    
728:  0.071 0.050 0.759 0.120 1    
729:  0.380 0.178 0.276 0.167 1    
730:  0.063 0.085 0.608 0.244 1    
731:  0.339 0.177 0.303 0.181 1    
732:  0.104 0.034 0.801 0.062 1    
733:  0.093 0.349 0.456 0.103 1    
734:  0.921 0.025 0.024 0.031 1    
735:  0.313 0.199 0.139 0.349 1    
736:  0.366 0.057 0.101 0.476 1    
737:  0.717 0.038 0.106 0.139 1    
738:  0.054 0.406 0.348 0.193 1    
739:  0.727 0.077 0.147 0.050 1    
740:  0.472 0.059 0.281 0.188 1    
741:  0.105 0.203 0.310 0.382 1    
742:  0.321 0.054 0.113 0.512 1    
743:  0.045 0.513 0.190 0.251 1    
744:  0.473 0.259 0.073 0.195 1    
745:  0.311 0.368 0.113 0.208 1    
746:  0.230 0.030 0.657 0.084 1    
747:  0.123 0.066 0.169 0.642 1    
748:  0.604 0.164 0.075 0.158 1    
749:  0.147 0.076 0.054 0.724 1    
750:  0.339 0.248 0.263 0.150 1    
751:  0.060 0.062 0.066 0.813 1    
752:  0.195 0.094 0.656 0.054 1    
753:  0.139 0.183 0.508 0.171 1    
754:  0.179 0.246 0.435 0.140 1    
755:  0.044 0.080 0.074 0.803 1    
756:  0.094 0.082 0.588 0.236 1    
757:  0.033 0.027 0.035 0.906 1    
758:  0.302 0.561 0.090 0.047 1    
759:  0.082 0.730 0.062 0.126 1    
760:  0.694 0.078 0.151 0.077 1    
761:  0.497 0.037 0.175 0.291 1    
762:  0.048 0.052 0.036 0.864 1    
763:  0.269 0.026 0.052 0.652 1    
764:  0.230 0.383 0.172 0.215 1    
765:  0.181 0.593 0.050 0.175 1    
766:  0.047 0.060 0.817 0.077 1    
767:  0.146 0.125 0.655 0.074 1    
768:  0.674 0.134 0.120 0.072 1    
769:  0.214 0.372 0.196 0.219 1    
770:  0.023 0.099 0.069 0.808 1    
771:  0.562 0.184 0.078 0.177 1    
772:  0.060 0.143 0.165 0.632 1    
773:  0.819 0.075 0.062 0.044 1    
774:  0.024 0.096 0.859 0.021 1    
775:  0.128 0.509 0.241 0.122 1    
776:  0.049 0.042 0.808 0.101 1    
777:  0.147 0.204 0.564 0.084 1    
778:  0.279 0.261 0.067 0.393 1    
779:  0.136 0.483 0.042 0.339 1    
780:  0.088 0.038 0.605 0.269 1    
781:  0.253 0.312 0.370 0.066 1    
782:  0.043 0.093 0.196 0.669 1    
783:  0.367 0.069 0.150 0.413 1    
784:  0.209 0.058 0.107 0.626 1    
785:  0.540 0.170 0.117 0.173 1    
786:  0.030 0.040 0.028 0.902 1    
787:  0.085 0.061 0.098 0.755 1    
788:  0.431 0.339 0.172 0.058 1    
789:  0.128 0.095 0.336 0.441 1    
790:  0.077 0.363 0.404 0.157 1    
791:  0.039 0.074 0.815 0.072 1    
792:  0.711 0.065 0.061 0.164 1    
793:  0.082 0.569 0.253 0.096 1    
794:  0.065 0.088 0.429 0.417 1    
795:  0.505 0.070 0.088 0.337 1    
796:  0.169 0.039 0.048 0.744 1    
797:  0.123 0.258 0.209 0.410 1    
798:  0.044 0.034 0.029 0.893 1    
799:  0.049 0.168 0.695 0.088 1    
800:  0.468 0.021 0.067 0.444 1    
801:  0.902 0.019 0.039 0.039 1    
802:  0.042 0.063 0.268 0.627 1    
803:  0.428 0.287 0.132 0.153 1    
804:  0.143 0.072 0.441 0.344 1    
805:  0.205 0.197 0.485 0.113 1    
806:  0.490 0.074 0.070 0.366 1    
807:  0.654 0.052 0.107 0.187 1    
808:  0.577 0.081 0.090 0.251 1    
809:  0.233 0.051 0.419 0.297 1    
810:  0.089 0.750 0.074 0.087 1    
811:  0.801 0.115 0.046 0.039 1    
812:  0.056 0.807 0.071 0.066 1    
813:  0.476 0.098 0.182 0.244 1    
814:  0.132 0.469 0.073 0.326 1    
815:  0.105 0.574 0.154 0.167 1    
816:  0.277 0.074 0.595 0.054 1    
817:  0.041 0.861 0.048 0.050 1    
818:  0.029 0.059 0.024 0.888 1    
819:  0.642 0.221 0.084 0.053 1    
820:  0.302 0.233 0.232 0.234 1    
821:  0.922 0.032 0.021 0.025 1    
822:  0.239 0.568 0.062 0.131 1    
823:  0.051 0.740 0.101 0.107 1    
824:  0.575 0.107 0.165 0.153 1    
825:  0.057 0.044 0.030 0.870 1    
826:  0.572 0.094 0.192 0.142 1    
827:  0.551 0.035 0.329 0.085 1    
828:  0.414 0.024 0.034 0.527 1    
829:  0.688 0.049 0.135 0.128 1    
830:  0.080 0.254 0.263 0.403 1    
831:  0.276 0.231 0.255 0.237 1    
832:  0.318 0.075 0.075 0.532 1    
833:  0.308 0.147 0.134 0.411 1    
834:  0.080 0.025 0.027 0.868 1    
835:  0.082 0.733 0.098 0.087 1    
836:  0.664 0.035 0.071 0.230 1    
837:  0.074 0.035 0.051 0.840 1    
838:  0.441 0.054 0.199 0.306 1    
839:  0.044 0.033 0.200 0.723 1    
840:  0.621 0.066 0.191 0.121 1    
841:  0.225 0.241 0.095 0.440 1    
842:  0.156 0.581 0.131 0.132 1    
843:  0.022 0.029 0.866 0.083 1    
844:  0.177 0.329 0.109 0.386 1    
845:  0.127 0.162 0.173 0.539 1    
846:  0.421 0.122 0.086 0.371 1    
847:  0.398 0.128 0.108 0.366 1    
848:  0.638 0.050 0.242 0.070 1    
849:  0.196 0.036 0.081 0.687 1    
850:  0.752 0.054 0.157 0.037 1    
851:  0.053 0.297 0.303 0.347 1    
852:  0.042 0.567 0.239 0.153 1    
853:  0.055 0.836 0.044 0.065 1    
854:  0.128 0.342 0.172 0.357 1    
855:  0.043 0.157 0.729 0.071 1    
856:  0.608 0.198 0.118 0.076 1    
857:  0.054 0.483 0.327 0.137 1    
858:  0.720 0.078 0.072 0.130 1    
859:  0.173 0.708 0.056 0.064 1    
860:  0.113 0.189 0.471 0.227 1    
861:  0.039 0.169 0.634 0.157 1    
862:  0.218 0.383 0.222 0.177 1    
863:  0.136 0.067 0.691 0.106 1    
864:  0.471 0.139 0.181 0.209 1    
865:  0.085 0.155 0.650 0.110 1    
866:  0.101 0.796 0.057 0.046 1    
867:  0.275 0.367 0.309 0.048 1    
868:  0.112 0.109 0.325 0.454 1    
869:  0.720 0.062 0.059 0.159 1    
870:  0.429 0.218 0.126 0.227 1    
871:  0.292 0.457 0.132 0.119 1    
872:  0.347 0.065 0.035 0.554 1    
873:  0.096 0.792 0.058 0.055 1    
874:  0.373 0.390 0.163 0.074 1    
875:  0.183 0.107 0.171 0.539 1    
876:  0.652 0.155 0.076 0.116 1    
877:  0.215 0.069 0.425 0.291 1    
878:  0.072 0.605 0.241 0.082 1    
879:  0.217 0.323 0.237 0.223 1    
880:  0.198 0.594 0.095 0.113 1    
881:  0.130 0.681 0.143 0.045 1    
882:  0.776 0.115 0.054 0.056 1    
883:  0.405 0.198 0.082 0.315 1    
884:  0.047 0.042 0.094 0.818 1    
885:  0.093 0.179 0.579 0.150 1    
886:  0.110 0.540 0.128 0.223 1    
887:  0.486 0.168 0.144 0.202 1    
888:  0.705 0.085 0.152 0.058 1    
889:  0.074 0.162 0.553 0.211 1    
890:  0.566 0.186 0.174 0.074 1    
891:  0.163 0.144 0.318 0.375 1    
892:  0.249 0.490 0.072 0.189 1    
893:  0.490 0.069 0.396 0.045 1    
894:  0.338 0.397 0.059 0.206 1    
895:  0.690 0.120 0.116 0.074 1    
896:  0.342 0.389 0.207 0.062 1    
897:  0.668 0.057 0.128 0.147 1    
898:  0.040 0.112 0.597 0.251 1    
899:  0.680 0.162 0.089 0.069 1    
900:  0.304 0.230 0.174 0.292 1    
901:  0.102 0.086 0.695 0.117 1    
902:  0.084 0.227 0.638 0.051 1    
903:  0.051 0.089 0.767 0.092 1    
904:  0.448 0.184 0.182 0.186 1    
905:  0.353 0.402 0.104 0.141 1    
906:  0.114 0.075 0.395 0.416 1    
907:  0.555 0.247 0.131 0.066 1    
908:  0.207 0.168 0.520 0.106 1    
909:  0.164 0.097 0.263 0.476 1    
910:  0.362 0.306 0.063 0.268 1    
911:  0.444 0.296 0.189 0.071 1    
912:  0.659 0.207 0.047 0.087 1    
913:  0.103 0.808 0.058 0.031 1    
914:  0.182 0.585 0.149 0.084 1    
915:  0.274 0.127 0.398 0.201 1    
916:  0.173 0.451 0.120 0.256 1    
917:  0.029 0.072 0.872 0.027 1    
918:  0.285 0.286 0.299 0.131 1    
919:  0.211 0.554 0.115 0.120 1    
920:  0.442 0.465 0.050 0.043 1    
921:  0.412 0.336 0.112 0.140 1    
922:  0.669 0.072 0.135 0.124 1    
923:  0.111 0.104 0.743 0.043 1    
924:  0.223 0.454 0.084 0.239 1    
925:  0.388 0.432 0.122 0.058 1    
926:  0.315 0.273 0.103 0.309 1    
927:  0.806 0.081 0.052 0.061 1    
928:  0.137 0.096 0.094 0.673 1    
929:  0.249 0.633 0.085 0.033 1    
930:  0.605 0.080 0.261 0.055 1    
931:  0.387 0.078 0.156 0.379 1    
932:  0.035 0.884 0.029 0.052 1    
933:  0.619 0.258 0.048 0.074 1    
934:  0.148 0.683 0.062 0.108 1    
935:  0.140 0.221 0.076 0.563 1    
936:  0.136 0.146 0.643 0.074 1    
937:  0.173 0.301 0.339 0.187 1    
938:  0.089 0.499 0.215 0.197 1    
939:  0.077 0.058 0.488 0.378 1    
940:  0.717 0.095 0.049 0.139 1    
941:  0.288 0.186 0.222 0.304 1    
942:  0.261 0.090 0.040 0.609 1    
943:  0.215 0.571 0.095 0.118 1    
944:  0.102 0.641 0.220 0.037 1    
945:  0.113 0.256 0.393 0.238 1    
946:  0.300 0.353 0.236 0.112 1    
947:  0.136 0.326 0.106 0.432 1    
948:  0.093 0.764 0.080 0.063 1    
949:  0.078 0.094 0.612 0.217 1    
950:  0.475 0.133 0.253 0.139 1    
951:  0.328 0.494 0.105 0.073 1    
952:  0.068 0.039 0.097 0.796 1    
953:  0.775 0.058 0.065 0.103 1    
954:  0.107 0.058 0.784 0.051 1    
955:  0.147 0.437 0.136 0.280 1    
956:  0.193 0.114 0.449 0.244 1    
957:  0.218 0.164 0.489 0.130 1    
958:  0.257 0.500 0.112 0.132 1    
959:  0.045 0.099 0.373 0.483 1    
960:  0.130 0.065 0.034 0.772 1    
961:  0.076 0.051 0.064 0.808 1    
962:  0.052 0.080 0.041 0.827 1    
963:  0.631 0.112 0.209 0.048 1    
964:  0.239 0.087 0.201 0.472 1    
965:  0.107 0.166 0.238 0.489 1    
966:  0.069 0.328 0.476 0.127 1    
967:  0.155 0.300 0.183 0.362 1    
968:  0.602 0.117 0.162 0.119 1    
969:  0.038 0.347 0.522 0.093 1    
970:  0.134 0.078 0.225 0.563 1    
971:  0.157 0.554 0.211 0.077 1    
972:  0.152 0.685 0.119 0.045 1    
973:  0.341 0.189 0.114 0.356 1    
974:  0.119 0.485 0.199 0.197 1    
975:  0.022 0.033 0.920 0.026 1    
976:  0.134 0.434 0.107 0.325 1    
977:  0.610 0.102 0.078 0.210 1    
978:  0.153 0.415 0.268 0.164 1    
979:  0.432 0.116 0.106 0.345 1    
980:  0.215 0.225 0.277 0.283 1    
981:  0.255 0.290 0.288 0.167 1    
982:  0.049 0.072 0.832 0.047 1    
983:  0.582 0.205 0.078 0.135 1    
984:  0.664 0.154 0.048 0.133 1    
985:  0.225 0.272 0.407 0.096 1    
986:  0.059 0.241 0.104 0.596 1    
987:  0.588 0.189 0.103 0.120 1    
988:  0.602 0.075 0.055 0.268 1    
989:  0.095 0.675 0.069 0.161 1    
990:  0.126 0.491 0.335 0.048 1    
991:  0.124 0.098 0.197 0.581 1    
992:  0.290 0.044 0.190 0.475 1    
993:  0.287 0.584 0.061 0.068 1    
994:  0.291 0.557 0.094 0.058 1    
995:  0.219 0.113 0.593 0.075 1    
996:  0.522 0.213 0.150 0.115 1    
997:  0.042 0.031 0.029 0.898 1    
998:  0.734 0.089 0.092 0.085 1    
999:  0.589 0.215 0.063 0.133 1    
1000: 0.159 0.099 0.696 0.046 1    
1001: 0.092 0.520 0.043 0.344 1    
1002: 0.731 0.078 0.074 0.116 1    
1003: 0.090 0.098 0.053 0.760 1    
1004: 0.271 0.418 0.124 0.187 1    
1005: 0.587 0.243 0.089 0.082 1    
1006: 0.180 0.137 0.056 0.627 1    
1007: 0.129 0.726 0.098 0.047 1    
1008: 0.074 0.037 0.037 0.852 1    
1009: 0.256 0.369 0.127 0.248 1    
1010: 0.062 0.076 0.831 0.031 1    
1011: 0.098 0.640 0.160 0.101 1    
1012: 0.143 0.187 0.598 0.071 1    
1013: 0.137 0.155 0.066 0.642 1    
1014: 0.544 0.351 0.052 0.053 1    
1015: 0.275 0.435 0.080 0.210 1    
1016: 0.122 0.123 0.676 0.080 1    
1017: 0.666 0.184 0.092 0.058 1    
1018: 0.457 0.110 0.146 0.287 1    
1019: 0.205 0.060 0.694 0.040 1    
1020: 0.065 0.419 0.463 0.053 1    
1021: 0.065 0.176 0.569 0.190 1    
1022: 0.146 0.112 0.238 0.504 1    
1023: 0.428 0.354 0.094 0.124 1    
1024: 0.173 0.091 0.255 0.481 1    
1025: 0.200 0.210 0.256 0.333 1    
1026: 0.062 0.799 0.096 0.043 1    
1027: 0.060 0.308 0.137 0.495 1    
1028: 0.380 0.202 0.135 0.283 1    
1029: 0.143 0.581 0.072 0.204 1    
1030: 0.161 0.233 0.274 0.332 1    
1031: 0.027 0.054 0.894 0.026 1    
1032: 0.158 0.057 0.671 0.113 1    
1033: 0.137 0.058 0.112 0.693 1    
1034: 0.034 0.895 0.028 0.043 1    
1035: 0.129 0.454 0.201 0.216 1    
1036: 0.051 0.642 0.139 0.169 1    
1037: 0.254 0.091 0.146 0.508 1    
1038: 0.030 0.032 0.908 0.030 1    
1039: 0.062 0.044 0.767 0.127 1    
1040: 0.046 0.086 0.773 0.095 1    
1041: 0.068 0.172 0.679 0.082 1    
1042: 0.044 0.074 0.801 0.082 1    
1043: 0.127 0.529 0.156 0.187 1    
1044: 0.613 0.101 0.046 0.241 1    
1045: 0.037 0.103 0.062 0.797 1    
1046: 0.122 0.490 0.096 0.292 1    
1047: 0.302 0.100 0.298 0.300 1    
1048: 0.028 0.026 0.904 0.042 1    
1049: 0.383 0.300 0.114 0.203 1    
1050: 0.052 0.101 0.385 0.463 1    
1051: 0.213 0.682 0.040 0.065 1    
1052: 0.047 0.048 0.030 0.875 1    
1053: 0.330 0.327 0.052 0.290 1    
1054: 0.361 0.299 0.192 0.148 1    
1055: 0.360 0.092 0.482 0.066 1    
1056: 0.028 0.060 0.164 0.748 1    
1057: 0.298 0.317 0.208 0.177 1    
1058: 0.109 0.395 0.336 0.160 1    
1059: 0.033 0.728 0.099 0.139 1    
1060: 0.209 0.363 0.075 0.352 1    
1061: 0.491 0.218 0.056 0.234 1    
1062: 0.104 0.346 0.045 0.505 1    
1063: 0.212 0.411 0.207 0.170 1    
1064: 0.189 0.127 0.154 0.531 1    
1065: 0.114 0.086 0.085 0.715 1    
                 
                 
1:    0.034 0.066 0.801 0.099 1    
2:    0.215 0.335 0.360 0.090 1    
3:    0.260 0.353 0.145 0.241 1    
4:    0.038 0.870 0.051 0.041 1    
5:    0.137 0.218 0.126 0.519 1    
6:    0.085 0.435 0.086 0.394 1    
7:    0.071 0.187 0.079 0.663 1    
8:    0.212 0.709 0.040 0.039 1    
9:    0.121 0.221 0.406 0.253 1    
10:   0.043 0.553 0.129 0.275 1    
11:   0.075 0.669 0.147 0.109 1    
12:   0.061 0.296 0.031 0.611 1    
13:   0.228 0.073 0.649 0.049 1    
14:   0.036 0.204 0.018 0.742 1    
15:   0.087 0.127 0.562 0.224 1    
16:   0.027 0.021 0.932 0.020 1    
17:   0.284 0.357 0.250 0.109 1    
18:   0.045 0.184 0.605 0.165 1    
19:   0.066 0.391 0.442 0.101 1    
20:   0.046 0.035 0.880 0.039 1    
21:   0.116 0.122 0.651 0.112 1    
22:   0.013 0.043 0.027 0.917 1    
23:   0.061 0.505 0.043 0.390 1    
24:   0.130 0.086 0.749 0.035 1    
25:   0.040 0.588 0.133 0.239 1    
26:   0.012 0.070 0.038 0.880 1    
27:   0.067 0.781 0.066 0.087 1    
28:   0.023 0.042 0.012 0.923 1    
29:   0.017 0.033 0.016 0.934 1    
30:   0.019 0.845 0.045 0.091 1    
31:   0.034 0.376 0.537 0.052 1    
32:   0.202 0.459 0.067 0.273 1    
33:   0.701 0.137 0.123 0.038 1    
34:   0.084 0.370 0.328 0.217 1    
35:   0.059 0.409 0.459 0.073 1    
36:   0.262 0.227 0.374 0.137 1    
37:   0.022 0.101 0.838 0.038 1    
38:   0.041 0.342 0.401 0.217 1    
39:   0.034 0.617 0.129 0.221 1    
40:   0.117 0.207 0.267 0.409 1    
41:   0.318 0.094 0.369 0.218 1    
42:   0.096 0.461 0.203 0.240 1    
43:   0.030 0.880 0.034 0.056 1    
44:   0.656 0.170 0.042 0.132 1    
45:   0.093 0.309 0.169 0.429 1    
