1:    0.275 0.245 0.233 0.247 1    
2:    0.297 0.248 0.239 0.216 1    
3:    0.232 0.245 0.261 0.261 1    
4:    0.221 0.287 0.249 0.243 1    
5:    0.325 0.221 0.219 0.234 1    
6:    0.235 0.268 0.248 0.249 1    
7:    0.226 0.275 0.239 0.259 1    
8:    0.211 0.267 0.250 0.272 1    
9:    0.250 0.255 0.266 0.229 1    
10:   0.251 0.250 0.242 0.258 1    
11:   0.248 0.234 0.279 0.240 1    
12:   0.228 0.264 0.269 0.239 1    
13:   0.242 0.268 0.238 0.253 1    
14:   0.211 0.259 0.252 0.278 1    
15:   0.217 0.259 0.276 0.247 1    
16:   0.226 0.251 0.260 0.263 1    
17:   0.256 0.232 0.243 0.269 1    
18:   0.225 0.256 0.243 0.276 1    
19:   0.205 0.256 0.271 0.268 1    
20:   0.235 0.274 0.247 0.245 1    
21:   0.223 0.284 0.245 0.249 1    
22:   0.227 0.256 0.252 0.265 1    
23:   0.340 0.228 0.229 0.204 1    
24:   0.278 0.222 0.236 0.264 1    
25:   0.317 0.223 0.226 0.234 1    
26:   0.243 0.248 0.254 0.255 1    
27:   0.215 0.269 0.254 0.261 1    
28:   0.207 0.265 0.239 0.289 1    
29:   0.253 0.254 0.232 0.262 1    
30:   0.187 0.259 0.264 0.290 1    
31:   0.225 0.263 0.262 0.249 1    
32:   0.238 0.253 0.270 0.238 1    
                 
                 
1:    0.244 0.249 0.255 0.252 1    
2:    0.253 0.244 0.245 0.258 1    
3:    0.256 0.245 0.248 0.251 1    
4:    0.273 0.246 0.241 0.239 1    
5:    0.243 0.257 0.253 0.247 1    
6:    0.244 0.256 0.254 0.246 1    
7:    0.266 0.239 0.245 0.249 1    
8:    0.232 0.262 0.262 0.244 1    
9:    0.261 0.244 0.247 0.249 1    
10:   0.249 0.247 0.257 0.247 1    
11:   0.255 0.253 0.254 0.238 1    
12:   0.262 0.240 0.246 0.252 1    
13:   0.247 0.251 0.258 0.244 1    
14:   0.242 0.262 0.253 0.244 1    
15:   0.244 0.251 0.248 0.257 1    
16:   0.249 0.253 0.253 0.245 1    
17:   0.243 0.255 0.257 0.245 1    
18:   0.257 0.246 0.254 0.243 1    
19:   0.251 0.255 0.249 0.245 1    
20:   0.247 0.250 0.252 0.251 1    
21:   0.254 0.250 0.246 0.250 1    
22:   0.256 0.256 0.243 0.244 1    
23:   0.244 0.251 0.249 0.256 1    
24:   0.250 0.243 0.248 0.259 1    
25:   0.243 0.254 0.250 0.253 1    
26:   0.248 0.249 0.252 0.251 1    
27:   0.245 0.259 0.255 0.242 1    
28:   0.244 0.259 0.252 0.245 1    
29:   0.244 0.252 0.255 0.250 1    
30:   0.242 0.253 0.257 0.249 1    
31:   0.253 0.248 0.251 0.248 1    
32:   0.253 0.255 0.246 0.246 1    
                 
                 
1:    0.300 0.200 0.275 0.225 1    
2:    0.261 0.328 0.198 0.213 1    
3:    0.240 0.200 0.298 0.262 1    
4:    0.256 0.176 0.318 0.249 1    
5:    0.199 0.390 0.187 0.224 1    
6:    0.270 0.221 0.254 0.256 1    
7:    0.239 0.167 0.321 0.273 1    
8:    0.298 0.176 0.291 0.234 1    
9:    0.263 0.200 0.285 0.252 1    
10:   0.210 0.233 0.286 0.271 1    
11:   0.288 0.180 0.278 0.254 1    
12:   0.237 0.237 0.285 0.240 1    
13:   0.234 0.208 0.284 0.273 1    
14:   0.286 0.221 0.244 0.249 1    
15:   0.277 0.179 0.258 0.286 1    
16:   0.253 0.211 0.262 0.274 1    
17:   0.263 0.225 0.272 0.240 1    
18:   0.252 0.203 0.288 0.257 1    
19:   0.263 0.183 0.305 0.249 1    
20:   0.262 0.199 0.275 0.264 1    
21:   0.259 0.193 0.275 0.274 1    
22:   0.272 0.190 0.241 0.298 1    
23:   0.185 0.439 0.178 0.198 1    
24:   0.229 0.343 0.186 0.242 1    
25:   0.236 0.365 0.185 0.214 1    
26:   0.227 0.191 0.325 0.257 1    
27:   0.303 0.201 0.258 0.239 1    
28:   0.299 0.146 0.308 0.247 1    
29:   0.268 0.259 0.226 0.247 1    
30:   0.261 0.211 0.295 0.234 1    
31:   0.279 0.207 0.258 0.256 1    
32:   0.224 0.240 0.233 0.303 1    
                 
                 
1:    0.169 0.265 0.266 0.301 1    
2:    0.356 0.209 0.201 0.234 1    
3:    0.215 0.253 0.235 0.296 1    
4:    0.169 0.260 0.297 0.273 1    
5:    0.507 0.163 0.168 0.162 1    
6:    0.187 0.288 0.260 0.265 1    
7:    0.200 0.251 0.271 0.278 1    
8:    0.147 0.292 0.261 0.300 1    
9:    0.179 0.250 0.305 0.265 1    
10:   0.180 0.293 0.257 0.269 1    
11:   0.177 0.264 0.275 0.284 1    
12:   0.194 0.267 0.278 0.261 1    
13:   0.160 0.264 0.248 0.328 1    
14:   0.172 0.300 0.256 0.272 1    
15:   0.144 0.311 0.262 0.282 1    
16:   0.192 0.269 0.264 0.276 1    
17:   0.208 0.294 0.233 0.265 1    
18:   0.178 0.282 0.264 0.276 1    
19:   0.149 0.289 0.275 0.286 1    
20:   0.163 0.290 0.272 0.275 1    
21:   0.166 0.272 0.253 0.309 1    
22:   0.190 0.326 0.239 0.245 1    
23:   0.565 0.134 0.159 0.142 1    
24:   0.423 0.185 0.215 0.177 1    
25:   0.441 0.187 0.192 0.180 1    
26:   0.180 0.273 0.291 0.257 1    
27:   0.134 0.309 0.282 0.274 1    
28:   0.145 0.336 0.269 0.249 1    
29:   0.224 0.281 0.254 0.241 1    
30:   0.156 0.319 0.279 0.246 1    
31:   0.156 0.268 0.264 0.312 1    
32:   0.185 0.283 0.289 0.242 1    
                 
                 
1:    0.245 0.270 0.237 0.248 1    
2:    0.246 0.232 0.229 0.293 1    
3:    0.265 0.231 0.274 0.230 1    
4:    0.256 0.228 0.309 0.208 1    
5:    0.268 0.222 0.207 0.303 1    
6:    0.239 0.259 0.251 0.251 1    
7:    0.248 0.266 0.275 0.212 1    
8:    0.240 0.270 0.256 0.234 1    
9:    0.258 0.238 0.260 0.243 1    
10:   0.243 0.262 0.258 0.238 1    
11:   0.231 0.274 0.251 0.244 1    
12:   0.252 0.245 0.268 0.236 1    
13:   0.228 0.274 0.260 0.238 1    
14:   0.220 0.277 0.249 0.254 1    
15:   0.230 0.279 0.263 0.228 1    
16:   0.250 0.261 0.248 0.241 1    
17:   0.232 0.273 0.230 0.265 1    
18:   0.247 0.246 0.288 0.220 1    
19:   0.231 0.271 0.275 0.223 1    
20:   0.245 0.269 0.263 0.223 1    
21:   0.242 0.250 0.292 0.215 1    
22:   0.235 0.288 0.242 0.235 1    
23:   0.285 0.186 0.189 0.340 1    
24:   0.263 0.228 0.227 0.282 1    
25:   0.259 0.220 0.201 0.321 1    
26:   0.272 0.223 0.287 0.219 1    
27:   0.222 0.277 0.272 0.230 1    
28:   0.226 0.263 0.270 0.241 1    
29:   0.230 0.251 0.270 0.249 1    
30:   0.254 0.267 0.246 0.233 1    
31:   0.219 0.275 0.274 0.232 1    
32:   0.252 0.252 0.256 0.241 1    
                 
                 
1:    0.264 0.252 0.254 0.231 1    
2:    0.261 0.252 0.146 0.340 1    
3:    0.264 0.246 0.291 0.199 1    
4:    0.229 0.278 0.334 0.160 1    
5:    0.248 0.235 0.089 0.428 1    
6:    0.264 0.251 0.260 0.225 1    
7:    0.216 0.292 0.306 0.186 1    
8:    0.267 0.234 0.305 0.194 1    
9:    0.242 0.262 0.273 0.223 1    
10:   0.258 0.219 0.278 0.245 1    
11:   0.265 0.273 0.257 0.205 1    
12:   0.245 0.275 0.271 0.209 1    
13:   0.220 0.270 0.308 0.202 1    
14:   0.302 0.194 0.293 0.212 1    
15:   0.239 0.241 0.328 0.192 1    
16:   0.282 0.239 0.250 0.230 1    
17:   0.260 0.251 0.251 0.238 1    
18:   0.267 0.247 0.315 0.171 1    
19:   0.258 0.277 0.290 0.174 1    
20:   0.186 0.288 0.363 0.163 1    
21:   0.211 0.295 0.330 0.164 1    
22:   0.224 0.227 0.334 0.214 1    
23:   0.253 0.228 0.046 0.472 1    
24:   0.234 0.252 0.179 0.334 1    
25:   0.260 0.215 0.120 0.404 1    
26:   0.242 0.272 0.315 0.171 1    
27:   0.254 0.244 0.329 0.173 1    
28:   0.257 0.224 0.311 0.208 1    
29:   0.251 0.266 0.257 0.226 1    
30:   0.247 0.243 0.307 0.204 1    
31:   0.272 0.281 0.263 0.184 1    
32:   0.267 0.244 0.263 0.226 1    
                 
                 
1:    0.248 0.244 0.253 0.255 1    
2:    0.250 0.247 0.251 0.252 1    
3:    0.248 0.248 0.250 0.253 1    
4:    0.255 0.250 0.244 0.252 1    
5:    0.245 0.246 0.261 0.248 1    
6:    0.251 0.250 0.253 0.247 1    
7:    0.242 0.252 0.250 0.255 1    
8:    0.259 0.247 0.248 0.246 1    
9:    0.248 0.244 0.253 0.255 1    
10:   0.256 0.253 0.245 0.246 1    
11:   0.256 0.251 0.240 0.253 1    
12:   0.244 0.259 0.246 0.251 1    
13:   0.252 0.246 0.247 0.255 1    
14:   0.261 0.252 0.237 0.251 1    
15:   0.250 0.252 0.248 0.250 1    
16:   0.244 0.253 0.254 0.249 1    
17:   0.252 0.247 0.250 0.251 1    
18:   0.248 0.252 0.249 0.250 1    
19:   0.254 0.253 0.242 0.251 1    
20:   0.255 0.252 0.235 0.258 1    
21:   0.251 0.254 0.248 0.248 1    
22:   0.253 0.256 0.241 0.250 1    
23:   0.232 0.245 0.277 0.246 1    
24:   0.241 0.248 0.262 0.250 1    
25:   0.247 0.247 0.264 0.243 1    
26:   0.250 0.251 0.247 0.252 1    
27:   0.263 0.251 0.236 0.249 1    
28:   0.264 0.250 0.238 0.248 1    
29:   0.253 0.248 0.254 0.245 1    
30:   0.254 0.253 0.247 0.247 1    
31:   0.253 0.254 0.249 0.244 1    
32:   0.253 0.247 0.253 0.247 1    
                 
                 
1:    0.270 0.237 0.258 0.236 1    
2:    0.282 0.230 0.251 0.237 1    
3:    0.258 0.257 0.258 0.227 1    
4:    0.232 0.265 0.251 0.253 1    
5:    0.311 0.230 0.235 0.224 1    
6:    0.255 0.250 0.246 0.248 1    
7:    0.220 0.265 0.258 0.257 1    
8:    0.220 0.266 0.261 0.254 1    
9:    0.255 0.269 0.250 0.226 1    
10:   0.232 0.255 0.253 0.260 1    
11:   0.231 0.246 0.272 0.250 1    
12:   0.250 0.263 0.249 0.238 1    
13:   0.235 0.264 0.248 0.253 1    
14:   0.227 0.242 0.247 0.283 1    
15:   0.227 0.259 0.243 0.271 1    
16:   0.251 0.244 0.244 0.261 1    
17:   0.269 0.243 0.257 0.231 1    
18:   0.236 0.264 0.252 0.248 1    
19:   0.215 0.273 0.254 0.258 1    
20:   0.212 0.277 0.249 0.262 1    
21:   0.215 0.278 0.252 0.255 1    
22:   0.225 0.257 0.242 0.276 1    
23:   0.323 0.210 0.246 0.221 1    
24:   0.268 0.222 0.268 0.243 1    
25:   0.290 0.233 0.246 0.230 1    
26:   0.218 0.272 0.253 0.258 1    
27:   0.234 0.252 0.250 0.263 1    
28:   0.222 0.248 0.249 0.281 1    
29:   0.228 0.246 0.274 0.251 1    
30:   0.221 0.262 0.248 0.269 1    
31:   0.222 0.255 0.251 0.272 1    
32:   0.255 0.252 0.238 0.254 1    
                 
                 
1:    0.262 0.288 0.206 0.244 1    
2:    0.207 0.208 0.390 0.195 1    
3:    0.279 0.260 0.192 0.268 1    
4:    0.303 0.282 0.122 0.293 1    
5:    0.155 0.142 0.577 0.126 1    
6:    0.281 0.277 0.224 0.217 1    
7:    0.276 0.249 0.137 0.339 1    
8:    0.275 0.312 0.152 0.261 1    
9:    0.262 0.247 0.195 0.297 1    
10:   0.254 0.264 0.214 0.268 1    
11:   0.245 0.305 0.151 0.299 1    
12:   0.262 0.265 0.158 0.315 1    
13:   0.290 0.269 0.153 0.287 1    
14:   0.265 0.324 0.187 0.224 1    
15:   0.270 0.298 0.134 0.298 1    
16:   0.271 0.295 0.194 0.239 1    
17:   0.279 0.265 0.227 0.229 1    
18:   0.298 0.292 0.138 0.272 1    
19:   0.297 0.300 0.121 0.282 1    
20:   0.281 0.306 0.119 0.294 1    
21:   0.283 0.320 0.106 0.290 1    
22:   0.296 0.286 0.162 0.257 1    
23:   0.138 0.116 0.649 0.097 1    
24:   0.203 0.228 0.376 0.193 1    
25:   0.162 0.198 0.483 0.157 1    
26:   0.282 0.277 0.126 0.316 1    
27:   0.296 0.335 0.127 0.242 1    
28:   0.277 0.351 0.133 0.239 1    
29:   0.254 0.270 0.236 0.241 1    
30:   0.283 0.311 0.126 0.279 1    
31:   0.296 0.260 0.145 0.299 1    
32:   0.278 0.256 0.208 0.258 1    
                 
                 
1:    0.239 0.254 0.243 0.264 1    
2:    0.282 0.243 0.238 0.236 1    
3:    0.241 0.257 0.251 0.250 1    
4:    0.217 0.266 0.257 0.261 1    
5:    0.299 0.235 0.247 0.219 1    
6:    0.234 0.254 0.259 0.253 1    
7:    0.238 0.235 0.260 0.268 1    
8:    0.222 0.271 0.283 0.224 1    
9:    0.223 0.248 0.266 0.263 1    
10:   0.230 0.273 0.264 0.233 1    
11:   0.227 0.270 0.250 0.252 1    
12:   0.224 0.258 0.264 0.255 1    
13:   0.232 0.249 0.261 0.258 1    
14:   0.230 0.260 0.270 0.240 1    
15:   0.239 0.254 0.257 0.250 1    
16:   0.231 0.263 0.265 0.241 1    
17:   0.238 0.254 0.236 0.272 1    
18:   0.222 0.259 0.257 0.262 1    
19:   0.229 0.251 0.268 0.253 1    
20:   0.233 0.245 0.255 0.267 1    
21:   0.225 0.254 0.260 0.261 1    
22:   0.223 0.257 0.268 0.252 1    
23:   0.322 0.225 0.216 0.237 1    
24:   0.280 0.237 0.245 0.238 1    
25:   0.272 0.241 0.249 0.237 1    
26:   0.232 0.246 0.277 0.245 1    
27:   0.233 0.271 0.251 0.245 1    
28:   0.227 0.260 0.263 0.249 1    
29:   0.260 0.245 0.258 0.237 1    
30:   0.230 0.259 0.257 0.254 1    
31:   0.236 0.259 0.271 0.234 1    
32:   0.244 0.258 0.246 0.251 1    
