1:    0.461 0.146 0.394 1    
2:    0.389 0.501 0.110 1    
3:    0.178 0.417 0.405 1    
4:    0.046 0.862 0.092 1    
5:    0.150 0.241 0.610 1    
6:    0.089 0.533 0.379 1    
7:    0.113 0.270 0.617 1    
8:    0.062 0.885 0.053 1    
9:    0.397 0.190 0.413 1    
10:   0.094 0.562 0.344 1    
11:   0.317 0.549 0.134 1    
12:   0.048 0.092 0.860 1    
13:   0.760 0.126 0.114 1    
14:   0.032 0.430 0.538 1    
15:   0.468 0.147 0.385 1    
16:   0.775 0.095 0.130 1    
17:   0.246 0.435 0.319 1    
18:   0.547 0.161 0.292 1    
19:   0.616 0.260 0.124 1    
20:   0.729 0.107 0.164 1    
21:   0.506 0.228 0.266 1    
22:   0.040 0.057 0.903 1    
23:   0.041 0.859 0.099 1    
24:   0.880 0.069 0.051 1    
25:   0.174 0.514 0.312 1    
26:   0.046 0.056 0.898 1    
27:   0.062 0.901 0.038 1    
28:   0.028 0.099 0.873 1    
29:   0.026 0.128 0.846 1    
30:   0.056 0.760 0.184 1    
31:   0.406 0.414 0.180 1    
32:   0.146 0.628 0.225 1    
33:   0.205 0.715 0.079 1    
34:   0.244 0.435 0.321 1    
35:   0.471 0.346 0.183 1    
36:   0.506 0.306 0.188 1    
37:   0.848 0.081 0.071 1    
38:   0.215 0.512 0.273 1    
39:   0.059 0.706 0.236 1    
40:   0.237 0.212 0.551 1    
41:   0.632 0.085 0.283 1    
42:   0.217 0.495 0.288 1    
43:   0.064 0.835 0.100 1    
44:   0.166 0.585 0.249 1    
45:   0.317 0.187 0.496 1    
46:   0.063 0.863 0.075 1    
47:   0.255 0.306 0.439 1    
48:   0.184 0.423 0.393 1    
49:   0.128 0.062 0.811 1    
50:   0.072 0.078 0.850 1    
51:   0.673 0.241 0.086 1    
52:   0.766 0.104 0.130 1    
53:   0.141 0.541 0.317 1    
54:   0.540 0.117 0.343 1    
55:   0.160 0.651 0.189 1    
56:   0.200 0.448 0.352 1    
57:   0.049 0.094 0.858 1    
58:   0.297 0.550 0.153 1    
59:   0.150 0.603 0.247 1    
60:   0.829 0.054 0.117 1    
61:   0.371 0.297 0.332 1    
62:   0.038 0.080 0.883 1    
63:   0.054 0.869 0.077 1    
64:   0.075 0.262 0.662 1    
65:   0.154 0.095 0.751 1    
66:   0.592 0.194 0.214 1    
67:   0.164 0.662 0.174 1    
68:   0.293 0.337 0.370 1    
69:   0.150 0.047 0.804 1    
70:   0.061 0.209 0.730 1    
71:   0.149 0.340 0.511 1    
72:   0.033 0.897 0.070 1    
73:   0.702 0.087 0.211 1    
74:   0.216 0.629 0.155 1    
75:   0.457 0.159 0.384 1    
76:   0.771 0.112 0.117 1    
77:   0.051 0.082 0.867 1    
78:   0.155 0.588 0.256 1    
79:   0.099 0.354 0.547 1    
80:   0.030 0.023 0.948 1    
81:   0.502 0.437 0.061 1    
82:   0.077 0.438 0.485 1    
83:   0.294 0.364 0.342 1    
84:   0.705 0.206 0.090 1    
85:   0.246 0.236 0.519 1    
86:   0.123 0.546 0.332 1    
87:   0.279 0.485 0.236 1    
88:   0.127 0.426 0.446 1    
89:   0.092 0.717 0.191 1    
90:   0.515 0.389 0.096 1    
91:   0.089 0.064 0.847 1    
92:   0.248 0.576 0.177 1    
93:   0.238 0.657 0.106 1    
94:   0.803 0.122 0.075 1    
95:   0.401 0.146 0.453 1    
96:   0.236 0.659 0.105 1    
97:   0.042 0.044 0.915 1    
98:   0.819 0.055 0.125 1    
99:   0.087 0.170 0.743 1    
100:  0.138 0.289 0.574 1    
101:  0.028 0.852 0.120 1    
102:  0.045 0.055 0.900 1    
103:  0.838 0.096 0.067 1    
104:  0.111 0.034 0.855 1    
105:  0.043 0.364 0.592 1    
106:  0.031 0.086 0.883 1    
107:  0.090 0.769 0.141 1    
108:  0.069 0.099 0.832 1    
109:  0.035 0.295 0.670 1    
110:  0.046 0.213 0.741 1    
111:  0.240 0.203 0.556 1    
112:  0.381 0.442 0.177 1    
113:  0.296 0.478 0.226 1    
114:  0.696 0.084 0.220 1    
115:  0.088 0.655 0.256 1    
116:  0.214 0.667 0.120 1    
117:  0.814 0.088 0.098 1    
118:  0.140 0.493 0.367 1    
119:  0.717 0.170 0.114 1    
120:  0.507 0.284 0.209 1    
121:  0.059 0.224 0.717 1    
122:  0.738 0.091 0.171 1    
123:  0.510 0.087 0.403 1    
124:  0.399 0.244 0.357 1    
125:  0.167 0.059 0.774 1    
126:  0.108 0.098 0.793 1    
127:  0.198 0.092 0.710 1    
128:  0.336 0.294 0.370 1    
129:  0.681 0.138 0.180 1    
130:  0.245 0.043 0.712 1    
131:  0.063 0.438 0.499 1    
132:  0.143 0.112 0.745 1    
133:  0.093 0.189 0.718 1    
134:  0.396 0.457 0.147 1    
135:  0.095 0.079 0.826 1    
136:  0.312 0.152 0.537 1    
137:  0.085 0.852 0.063 1    
138:  0.419 0.098 0.483 1    
139:  0.086 0.071 0.843 1    
140:  0.291 0.113 0.596 1    
141:  0.778 0.101 0.121 1    
142:  0.194 0.275 0.530 1    
143:  0.113 0.133 0.753 1    
144:  0.816 0.111 0.073 1    
145:  0.702 0.084 0.213 1    
146:  0.332 0.319 0.349 1    
147:  0.505 0.301 0.194 1    
148:  0.569 0.304 0.126 1    
149:  0.027 0.951 0.021 1    
150:  0.050 0.886 0.064 1    
151:  0.287 0.550 0.163 1    
152:  0.275 0.497 0.228 1    
153:  0.024 0.941 0.036 1    
154:  0.064 0.900 0.036 1    
155:  0.037 0.923 0.040 1    
156:  0.115 0.756 0.129 1    
157:  0.155 0.340 0.504 1    
158:  0.023 0.957 0.020 1    
159:  0.147 0.647 0.206 1    
160:  0.197 0.428 0.375 1    
161:  0.746 0.176 0.078 1    
162:  0.085 0.721 0.194 1    
163:  0.305 0.483 0.212 1    
164:  0.067 0.868 0.065 1    
165:  0.385 0.332 0.282 1    
166:  0.183 0.603 0.214 1    
167:  0.263 0.600 0.137 1    
168:  0.223 0.523 0.254 1    
169:  0.028 0.947 0.024 1    
170:  0.327 0.483 0.190 1    
171:  0.873 0.050 0.077 1    
172:  0.221 0.451 0.328 1    
173:  0.833 0.055 0.111 1    
174:  0.342 0.199 0.459 1    
175:  0.053 0.869 0.077 1    
176:  0.085 0.804 0.111 1    
177:  0.071 0.863 0.066 1    
178:  0.102 0.843 0.055 1    
179:  0.069 0.779 0.151 1    
180:  0.041 0.927 0.033 1    
181:  0.134 0.717 0.149 1    
182:  0.091 0.767 0.141 1    
183:  0.168 0.264 0.567 1    
184:  0.111 0.810 0.079 1    
185:  0.064 0.053 0.884 1    
186:  0.084 0.871 0.045 1    
187:  0.054 0.556 0.389 1    
188:  0.030 0.825 0.145 1    
189:  0.044 0.870 0.086 1    
190:  0.202 0.536 0.262 1    
191:  0.053 0.886 0.062 1    
192:  0.081 0.726 0.193 1    
193:  0.055 0.829 0.116 1    
194:  0.525 0.237 0.238 1    
195:  0.049 0.898 0.053 1    
196:  0.030 0.936 0.034 1    
197:  0.052 0.900 0.049 1    
198:  0.122 0.789 0.088 1    
199:  0.050 0.850 0.100 1    
200:  0.637 0.096 0.268 1    
201:  0.306 0.550 0.143 1    
202:  0.053 0.346 0.601 1    
203:  0.418 0.424 0.158 1    
204:  0.426 0.263 0.310 1    
205:  0.227 0.706 0.068 1    
206:  0.345 0.420 0.235 1    
207:  0.728 0.090 0.182 1    
208:  0.302 0.500 0.198 1    
209:  0.457 0.354 0.189 1    
210:  0.883 0.049 0.068 1    
211:  0.080 0.831 0.089 1    
212:  0.068 0.304 0.628 1    
213:  0.122 0.764 0.114 1    
214:  0.080 0.716 0.204 1    
215:  0.046 0.061 0.893 1    
216:  0.368 0.441 0.192 1    
217:  0.479 0.289 0.232 1    
218:  0.105 0.797 0.097 1    
219:  0.132 0.418 0.451 1    
220:  0.210 0.396 0.394 1    
221:  0.165 0.734 0.101 1    
222:  0.526 0.428 0.046 1    
223:  0.141 0.713 0.146 1    
224:  0.074 0.396 0.531 1    
225:  0.768 0.109 0.123 1    
226:  0.720 0.239 0.041 1    
227:  0.190 0.586 0.225 1    
228:  0.729 0.148 0.123 1    
229:  0.481 0.157 0.362 1    
230:  0.593 0.250 0.157 1    
231:  0.113 0.357 0.530 1    
232:  0.377 0.435 0.188 1    
233:  0.088 0.780 0.132 1    
234:  0.189 0.480 0.331 1    
235:  0.057 0.895 0.049 1    
236:  0.107 0.603 0.290 1    
237:  0.078 0.041 0.881 1    
238:  0.167 0.538 0.295 1    
239:  0.578 0.162 0.260 1    
240:  0.187 0.287 0.527 1    
241:  0.095 0.814 0.091 1    
242:  0.052 0.033 0.915 1    
243:  0.079 0.841 0.080 1    
244:  0.270 0.531 0.199 1    
245:  0.247 0.638 0.115 1    
246:  0.050 0.907 0.043 1    
247:  0.265 0.614 0.121 1    
248:  0.067 0.854 0.079 1    
249:  0.443 0.406 0.151 1    
250:  0.087 0.135 0.778 1    
251:  0.857 0.080 0.063 1    
252:  0.282 0.463 0.255 1    
253:  0.104 0.320 0.576 1    
254:  0.074 0.242 0.684 1    
255:  0.863 0.081 0.056 1    
256:  0.118 0.439 0.443 1    
257:  0.047 0.268 0.686 1    
258:  0.274 0.510 0.216 1    
259:  0.366 0.063 0.571 1    
260:  0.221 0.260 0.519 1    
261:  0.094 0.110 0.796 1    
262:  0.163 0.449 0.387 1    
263:  0.491 0.239 0.270 1    
264:  0.751 0.077 0.172 1    
265:  0.050 0.223 0.727 1    
266:  0.519 0.325 0.157 1    
267:  0.153 0.507 0.340 1    
268:  0.067 0.668 0.265 1    
269:  0.320 0.227 0.453 1    
270:  0.864 0.080 0.056 1    
271:  0.824 0.117 0.059 1    
272:  0.091 0.600 0.309 1    
273:  0.072 0.420 0.507 1    
274:  0.168 0.617 0.215 1    
275:  0.112 0.818 0.070 1    
276:  0.781 0.102 0.116 1    
277:  0.367 0.288 0.345 1    
278:  0.726 0.152 0.122 1    
279:  0.175 0.562 0.263 1    
280:  0.037 0.064 0.899 1    
281:  0.431 0.418 0.151 1    
282:  0.212 0.334 0.454 1    
283:  0.390 0.356 0.254 1    
284:  0.429 0.489 0.082 1    
285:  0.280 0.076 0.645 1    
286:  0.068 0.243 0.688 1    
287:  0.458 0.167 0.375 1    
288:  0.092 0.264 0.644 1    
289:  0.213 0.374 0.413 1    
290:  0.116 0.103 0.780 1    
291:  0.115 0.064 0.821 1    
292:  0.152 0.167 0.681 1    
293:  0.333 0.519 0.148 1    
294:  0.131 0.433 0.436 1    
295:  0.177 0.197 0.626 1    
296:  0.884 0.056 0.061 1    
297:  0.460 0.227 0.313 1    
298:  0.462 0.342 0.195 1    
299:  0.269 0.428 0.303 1    
300:  0.134 0.419 0.447 1    
301:  0.629 0.226 0.145 1    
302:  0.798 0.158 0.044 1    
303:  0.182 0.228 0.590 1    
304:  0.151 0.278 0.571 1    
305:  0.767 0.122 0.112 1    
306:  0.344 0.267 0.388 1    
307:  0.269 0.597 0.134 1    
308:  0.584 0.213 0.203 1    
309:  0.065 0.141 0.793 1    
310:  0.384 0.483 0.132 1    
311:  0.418 0.306 0.276 1    
312:  0.266 0.465 0.269 1    
313:  0.224 0.307 0.469 1    
314:  0.128 0.039 0.833 1    
315:  0.106 0.755 0.139 1    
316:  0.715 0.102 0.183 1    
317:  0.693 0.187 0.120 1    
318:  0.077 0.675 0.248 1    
319:  0.558 0.227 0.215 1    
320:  0.094 0.041 0.866 1    
321:  0.155 0.738 0.107 1    
322:  0.654 0.109 0.237 1    
323:  0.219 0.298 0.483 1    
324:  0.042 0.526 0.432 1    
325:  0.538 0.210 0.252 1    
326:  0.436 0.205 0.359 1    
327:  0.613 0.169 0.219 1    
328:  0.099 0.809 0.091 1    
329:  0.525 0.104 0.371 1    
330:  0.736 0.199 0.064 1    
331:  0.867 0.064 0.069 1    
332:  0.094 0.119 0.787 1    
333:  0.079 0.070 0.851 1    
334:  0.035 0.035 0.930 1    
335:  0.076 0.055 0.869 1    
336:  0.530 0.141 0.329 1    
337:  0.581 0.273 0.147 1    
338:  0.144 0.648 0.209 1    
339:  0.082 0.171 0.747 1    
340:  0.200 0.295 0.505 1    
341:  0.071 0.088 0.841 1    
342:  0.226 0.330 0.445 1    
343:  0.070 0.202 0.728 1    
344:  0.081 0.284 0.634 1    
345:  0.035 0.688 0.277 1    
346:  0.315 0.373 0.312 1    
347:  0.083 0.777 0.140 1    
348:  0.164 0.580 0.257 1    
349:  0.142 0.481 0.377 1    
350:  0.348 0.288 0.364 1    
351:  0.349 0.451 0.200 1    
352:  0.066 0.223 0.711 1    
353:  0.060 0.489 0.451 1    
354:  0.061 0.541 0.398 1    
355:  0.603 0.153 0.244 1    
356:  0.089 0.417 0.494 1    
357:  0.317 0.362 0.321 1    
358:  0.667 0.144 0.190 1    
359:  0.485 0.204 0.311 1    
360:  0.404 0.177 0.419 1    
361:  0.194 0.181 0.626 1    
362:  0.490 0.157 0.353 1    
363:  0.037 0.714 0.249 1    
364:  0.451 0.411 0.139 1    
365:  0.159 0.757 0.084 1    
366:  0.100 0.781 0.119 1    
367:  0.060 0.113 0.827 1    
368:  0.122 0.639 0.239 1    
369:  0.276 0.457 0.267 1    
370:  0.762 0.063 0.175 1    
371:  0.783 0.179 0.038 1    
372:  0.087 0.704 0.210 1    
373:  0.354 0.284 0.363 1    
374:  0.117 0.145 0.739 1    
375:  0.054 0.123 0.823 1    
376:  0.178 0.571 0.251 1    
377:  0.141 0.227 0.632 1    
378:  0.063 0.033 0.904 1    
379:  0.415 0.410 0.175 1    
380:  0.692 0.241 0.067 1    
381:  0.354 0.243 0.404 1    
382:  0.195 0.175 0.630 1    
383:  0.092 0.779 0.129 1    
384:  0.099 0.234 0.668 1    
385:  0.466 0.321 0.213 1    
386:  0.787 0.137 0.076 1    
387:  0.517 0.152 0.331 1    
388:  0.845 0.121 0.035 1    
389:  0.682 0.220 0.098 1    
390:  0.294 0.457 0.249 1    
391:  0.302 0.485 0.213 1    
392:  0.072 0.813 0.115 1    
393:  0.125 0.801 0.074 1    
394:  0.796 0.080 0.124 1    
395:  0.367 0.487 0.146 1    
396:  0.125 0.478 0.397 1    
397:  0.779 0.118 0.103 1    
398:  0.840 0.093 0.067 1    
399:  0.343 0.152 0.505 1    
400:  0.653 0.223 0.125 1    
401:  0.052 0.833 0.115 1    
402:  0.359 0.423 0.219 1    
403:  0.303 0.157 0.540 1    
404:  0.862 0.076 0.062 1    
405:  0.475 0.278 0.247 1    
406:  0.055 0.407 0.538 1    
407:  0.197 0.180 0.623 1    
408:  0.182 0.734 0.083 1    
409:  0.147 0.083 0.770 1    
410:  0.106 0.371 0.524 1    
411:  0.895 0.045 0.060 1    
412:  0.376 0.215 0.409 1    
413:  0.882 0.056 0.062 1    
414:  0.425 0.413 0.162 1    
415:  0.184 0.637 0.180 1    
416:  0.096 0.561 0.343 1    
417:  0.840 0.052 0.109 1    
418:  0.157 0.532 0.311 1    
419:  0.850 0.057 0.093 1    
420:  0.721 0.139 0.139 1    
421:  0.105 0.048 0.847 1    
422:  0.154 0.135 0.710 1    
423:  0.775 0.115 0.111 1    
424:  0.079 0.785 0.136 1    
425:  0.441 0.323 0.235 1    
426:  0.819 0.089 0.092 1    
427:  0.612 0.096 0.292 1    
428:  0.139 0.739 0.122 1    
429:  0.552 0.356 0.092 1    
430:  0.368 0.446 0.186 1    
431:  0.283 0.608 0.109 1    
432:  0.434 0.355 0.211 1    
433:  0.678 0.183 0.140 1    
434:  0.482 0.453 0.066 1    
435:  0.654 0.249 0.097 1    
436:  0.151 0.203 0.647 1    
437:  0.807 0.107 0.086 1    
438:  0.544 0.177 0.279 1    
439:  0.750 0.047 0.203 1    
440:  0.721 0.214 0.065 1    
441:  0.053 0.102 0.846 1    
442:  0.047 0.868 0.084 1    
443:  0.903 0.048 0.049 1    
444:  0.487 0.333 0.180 1    
445:  0.609 0.192 0.199 1    
446:  0.034 0.026 0.939 1    
447:  0.360 0.229 0.411 1    
448:  0.620 0.158 0.222 1    
449:  0.845 0.087 0.068 1    
450:  0.252 0.538 0.210 1    
451:  0.831 0.061 0.108 1    
452:  0.829 0.061 0.109 1    
453:  0.230 0.099 0.671 1    
454:  0.850 0.078 0.072 1    
455:  0.905 0.059 0.037 1    
456:  0.374 0.355 0.271 1    
457:  0.771 0.080 0.149 1    
458:  0.503 0.376 0.121 1    
459:  0.845 0.101 0.054 1    
460:  0.096 0.046 0.857 1    
461:  0.093 0.794 0.113 1    
462:  0.117 0.837 0.046 1    
463:  0.610 0.154 0.236 1    
464:  0.622 0.155 0.223 1    
465:  0.572 0.233 0.195 1    
466:  0.547 0.362 0.091 1    
467:  0.731 0.091 0.178 1    
468:  0.054 0.051 0.894 1    
469:  0.040 0.909 0.051 1    
470:  0.809 0.067 0.124 1    
471:  0.472 0.170 0.359 1    
472:  0.087 0.796 0.117 1    
473:  0.708 0.194 0.098 1    
474:  0.716 0.153 0.131 1    
475:  0.035 0.057 0.908 1    
476:  0.401 0.249 0.350 1    
477:  0.061 0.857 0.082 1    
478:  0.198 0.620 0.181 1    
479:  0.521 0.133 0.347 1    
480:  0.759 0.051 0.190 1    
481:  0.654 0.115 0.231 1    
482:  0.852 0.079 0.069 1    
483:  0.639 0.178 0.183 1    
484:  0.056 0.788 0.156 1    
485:  0.058 0.816 0.125 1    
486:  0.845 0.090 0.065 1    
487:  0.201 0.754 0.045 1    
488:  0.098 0.127 0.776 1    
489:  0.092 0.827 0.081 1    
490:  0.340 0.449 0.210 1    
491:  0.253 0.442 0.305 1    
492:  0.215 0.164 0.621 1    
493:  0.831 0.115 0.054 1    
494:  0.053 0.906 0.041 1    
495:  0.113 0.748 0.139 1    
496:  0.523 0.189 0.288 1    
497:  0.234 0.344 0.422 1    
498:  0.811 0.079 0.110 1    
499:  0.865 0.076 0.059 1    
500:  0.800 0.078 0.122 1    
501:  0.867 0.085 0.048 1    
502:  0.626 0.136 0.238 1    
503:  0.235 0.637 0.128 1    
504:  0.593 0.257 0.150 1    
505:  0.881 0.058 0.061 1    
506:  0.486 0.439 0.075 1    
507:  0.471 0.179 0.350 1    
508:  0.077 0.105 0.817 1    
509:  0.750 0.132 0.117 1    
510:  0.292 0.344 0.364 1    
511:  0.078 0.855 0.066 1    
512:  0.226 0.240 0.534 1    
513:  0.881 0.065 0.055 1    
514:  0.789 0.152 0.059 1    
515:  0.542 0.350 0.108 1    
516:  0.345 0.413 0.242 1    
517:  0.374 0.084 0.542 1    
518:  0.066 0.099 0.835 1    
519:  0.515 0.355 0.130 1    
520:  0.485 0.214 0.301 1    
521:  0.709 0.143 0.148 1    
522:  0.115 0.588 0.297 1    
523:  0.348 0.523 0.129 1    
524:  0.223 0.631 0.147 1    
525:  0.756 0.087 0.157 1    
526:  0.047 0.276 0.677 1    
527:  0.935 0.031 0.034 1    
528:  0.230 0.677 0.093 1    
529:  0.731 0.178 0.092 1    
530:  0.066 0.831 0.102 1    
531:  0.378 0.410 0.212 1    
532:  0.721 0.084 0.195 1    
533:  0.681 0.143 0.175 1    
534:  0.215 0.520 0.265 1    
535:  0.413 0.346 0.241 1    
536:  0.425 0.439 0.136 1    
537:  0.848 0.050 0.101 1    
538:  0.229 0.516 0.255 1    
539:  0.055 0.103 0.842 1    
540:  0.044 0.676 0.280 1    
541:  0.752 0.070 0.178 1    
542:  0.825 0.054 0.121 1    
543:  0.744 0.176 0.080 1    
544:  0.183 0.777 0.040 1    
545:  0.593 0.278 0.129 1    
546:  0.704 0.075 0.221 1    
547:  0.398 0.341 0.262 1    
548:  0.143 0.066 0.792 1    
549:  0.094 0.054 0.853 1    
550:  0.233 0.725 0.042 1    
551:  0.093 0.800 0.107 1    
552:  0.371 0.487 0.142 1    
553:  0.826 0.073 0.101 1    
554:  0.456 0.429 0.116 1    
555:  0.551 0.094 0.355 1    
556:  0.809 0.090 0.101 1    
557:  0.467 0.419 0.114 1    
558:  0.461 0.157 0.382 1    
559:  0.304 0.373 0.323 1    
560:  0.631 0.272 0.097 1    
561:  0.644 0.133 0.223 1    
562:  0.257 0.140 0.603 1    
563:  0.098 0.433 0.469 1    
564:  0.291 0.116 0.593 1    
565:  0.258 0.573 0.169 1    
566:  0.472 0.346 0.182 1    
567:  0.849 0.076 0.075 1    
568:  0.286 0.399 0.315 1    
569:  0.322 0.503 0.175 1    
570:  0.411 0.225 0.364 1    
571:  0.488 0.106 0.406 1    
572:  0.344 0.450 0.206 1    
573:  0.388 0.474 0.138 1    
574:  0.059 0.119 0.822 1    
575:  0.494 0.318 0.188 1    
576:  0.075 0.566 0.359 1    
577:  0.556 0.134 0.310 1    
578:  0.708 0.180 0.113 1    
579:  0.346 0.568 0.086 1    
580:  0.552 0.244 0.205 1    
581:  0.135 0.749 0.116 1    
582:  0.574 0.261 0.164 1    
583:  0.094 0.075 0.830 1    
584:  0.584 0.102 0.314 1    
585:  0.832 0.065 0.103 1    
586:  0.428 0.402 0.170 1    
587:  0.090 0.366 0.544 1    
588:  0.503 0.181 0.316 1    
589:  0.663 0.175 0.161 1    
590:  0.166 0.439 0.395 1    
591:  0.498 0.294 0.209 1    
592:  0.815 0.071 0.113 1    
593:  0.103 0.806 0.090 1    
594:  0.660 0.157 0.183 1    
595:  0.042 0.737 0.221 1    
596:  0.185 0.306 0.509 1    
597:  0.918 0.043 0.039 1    
598:  0.210 0.590 0.200 1    
599:  0.388 0.175 0.437 1    
600:  0.753 0.104 0.143 1    
601:  0.114 0.129 0.757 1    
602:  0.671 0.203 0.126 1    
603:  0.042 0.104 0.854 1    
604:  0.710 0.194 0.095 1    
605:  0.281 0.629 0.090 1    
606:  0.136 0.340 0.524 1    
607:  0.050 0.731 0.219 1    
608:  0.056 0.041 0.902 1    
609:  0.037 0.111 0.853 1    
610:  0.544 0.230 0.226 1    
611:  0.375 0.489 0.137 1    
612:  0.164 0.632 0.204 1    
613:  0.039 0.106 0.856 1    
614:  0.089 0.814 0.097 1    
615:  0.077 0.053 0.870 1    
616:  0.131 0.087 0.783 1    
617:  0.184 0.238 0.578 1    
618:  0.649 0.132 0.219 1    
619:  0.187 0.413 0.400 1    
620:  0.622 0.216 0.162 1    
621:  0.304 0.228 0.467 1    
622:  0.054 0.449 0.497 1    
623:  0.666 0.232 0.102 1    
624:  0.029 0.034 0.937 1    
625:  0.199 0.289 0.511 1    
626:  0.426 0.327 0.247 1    
627:  0.520 0.283 0.196 1    
628:  0.371 0.188 0.441 1    
629:  0.206 0.368 0.425 1    
630:  0.094 0.237 0.669 1    
631:  0.713 0.167 0.120 1    
632:  0.603 0.143 0.254 1    
633:  0.256 0.113 0.631 1    
634:  0.041 0.136 0.823 1    
635:  0.412 0.295 0.292 1    
636:  0.028 0.792 0.180 1    
637:  0.078 0.652 0.271 1    
638:  0.092 0.659 0.249 1    
639:  0.704 0.175 0.121 1    
640:  0.710 0.077 0.213 1    
641:  0.141 0.203 0.656 1    
642:  0.432 0.153 0.415 1    
643:  0.394 0.232 0.373 1    
644:  0.111 0.151 0.738 1    
645:  0.518 0.254 0.228 1    
646:  0.092 0.605 0.303 1    
647:  0.708 0.159 0.133 1    
648:  0.027 0.843 0.130 1    
649:  0.548 0.188 0.263 1    
650:  0.072 0.136 0.792 1    
651:  0.577 0.132 0.291 1    
652:  0.061 0.574 0.365 1    
653:  0.052 0.063 0.885 1    
654:  0.092 0.587 0.321 1    
655:  0.566 0.200 0.234 1    
656:  0.042 0.038 0.920 1    
657:  0.584 0.122 0.295 1    
658:  0.098 0.531 0.371 1    
659:  0.840 0.092 0.068 1    
660:  0.169 0.097 0.733 1    
661:  0.678 0.115 0.207 1    
662:  0.209 0.701 0.090 1    
663:  0.213 0.468 0.319 1    
664:  0.936 0.032 0.031 1    
665:  0.158 0.653 0.190 1    
666:  0.828 0.044 0.127 1    
667:  0.158 0.315 0.527 1    
668:  0.065 0.325 0.610 1    
669:  0.072 0.505 0.423 1    
670:  0.309 0.297 0.394 1    
671:  0.583 0.183 0.234 1    
672:  0.485 0.204 0.311 1    
673:  0.235 0.352 0.412 1    
674:  0.503 0.142 0.355 1    
675:  0.036 0.869 0.095 1    
676:  0.290 0.126 0.584 1    
677:  0.059 0.038 0.903 1    
678:  0.157 0.175 0.668 1    
679:  0.264 0.257 0.479 1    
680:  0.740 0.085 0.175 1    
681:  0.092 0.518 0.390 1    
682:  0.424 0.286 0.289 1    
683:  0.162 0.155 0.683 1    
684:  0.644 0.121 0.235 1    
685:  0.529 0.219 0.252 1    
686:  0.470 0.319 0.211 1    
687:  0.122 0.390 0.488 1    
688:  0.292 0.181 0.527 1    
689:  0.140 0.040 0.820 1    
690:  0.340 0.248 0.412 1    
691:  0.490 0.160 0.350 1    
692:  0.666 0.162 0.172 1    
693:  0.205 0.432 0.364 1    
694:  0.387 0.381 0.232 1    
695:  0.119 0.083 0.798 1    
696:  0.123 0.226 0.651 1    
697:  0.671 0.147 0.182 1    
698:  0.034 0.055 0.911 1    
699:  0.633 0.124 0.244 1    
700:  0.825 0.096 0.079 1    
701:  0.290 0.204 0.506 1    
702:  0.039 0.804 0.157 1    
703:  0.059 0.628 0.313 1    
704:  0.178 0.514 0.308 1    
705:  0.258 0.477 0.265 1    
706:  0.057 0.070 0.873 1    
707:  0.100 0.682 0.218 1    
708:  0.504 0.205 0.291 1    
709:  0.059 0.220 0.720 1    
710:  0.352 0.286 0.362 1    
711:  0.037 0.053 0.910 1    
712:  0.209 0.223 0.568 1    
713:  0.430 0.107 0.463 1    
714:  0.144 0.135 0.720 1    
715:  0.897 0.055 0.048 1    
716:  0.217 0.609 0.174 1    
717:  0.047 0.520 0.433 1    
718:  0.151 0.772 0.076 1    
719:  0.053 0.766 0.180 1    
720:  0.777 0.135 0.088 1    
721:  0.050 0.125 0.826 1    
722:  0.182 0.316 0.502 1    
723:  0.842 0.078 0.081 1    
724:  0.282 0.117 0.601 1    
725:  0.466 0.225 0.309 1    
726:  0.074 0.802 0.125 1    
727:  0.314 0.416 0.270 1    
728:  0.085 0.069 0.846 1    
729:  0.420 0.112 0.468 1    
730:  0.057 0.341 0.603 1    
731:  0.397 0.216 0.386 1    
732:  0.092 0.080 0.828 1    
733:  0.206 0.158 0.636 1    
734:  0.893 0.048 0.059 1    
735:  0.619 0.203 0.179 1    
736:  0.514 0.272 0.214 1    
737:  0.727 0.065 0.208 1    
738:  0.084 0.569 0.347 1    
739:  0.522 0.132 0.347 1    
740:  0.296 0.137 0.567 1    
741:  0.194 0.476 0.329 1    
742:  0.720 0.116 0.164 1    
743:  0.104 0.634 0.262 1    
744:  0.727 0.190 0.083 1    
745:  0.350 0.446 0.204 1    
746:  0.193 0.039 0.768 1    
747:  0.593 0.153 0.254 1    
748:  0.536 0.296 0.168 1    
749:  0.118 0.682 0.200 1    
750:  0.407 0.233 0.360 1    
751:  0.726 0.148 0.126 1    
752:  0.076 0.140 0.784 1    
753:  0.110 0.476 0.414 1    
754:  0.194 0.607 0.199 1    
755:  0.216 0.555 0.229 1    
756:  0.250 0.465 0.285 1    
757:  0.299 0.534 0.166 1    
758:  0.304 0.379 0.317 1    
759:  0.143 0.720 0.137 1    
760:  0.570 0.088 0.343 1    
761:  0.615 0.082 0.303 1    
762:  0.097 0.821 0.082 1    
763:  0.940 0.025 0.035 1    
764:  0.251 0.537 0.212 1    
765:  0.332 0.580 0.088 1    
766:  0.099 0.115 0.786 1    
767:  0.109 0.097 0.793 1    
768:  0.386 0.253 0.361 1    
769:  0.202 0.359 0.438 1    
770:  0.029 0.923 0.047 1    
771:  0.668 0.224 0.108 1    
772:  0.186 0.481 0.333 1    
773:  0.763 0.065 0.172 1    
774:  0.024 0.049 0.927 1    
775:  0.194 0.540 0.266 1    
776:  0.068 0.058 0.874 1    
777:  0.112 0.184 0.704 1    
778:  0.590 0.265 0.145 1    
779:  0.393 0.541 0.066 1    
780:  0.107 0.089 0.804 1    
781:  0.247 0.464 0.289 1    
782:  0.375 0.333 0.292 1    
783:  0.750 0.117 0.133 1    
784:  0.643 0.122 0.235 1    
785:  0.669 0.140 0.192 1    
786:  0.818 0.138 0.044 1    
787:  0.824 0.118 0.058 1    
788:  0.342 0.335 0.322 1    
789:  0.142 0.483 0.375 1    
790:  0.073 0.631 0.296 1    
791:  0.030 0.162 0.808 1    
792:  0.713 0.145 0.142 1    
793:  0.163 0.489 0.348 1    
794:  0.094 0.373 0.533 1    
795:  0.794 0.111 0.095 1    
796:  0.909 0.058 0.033 1    
797:  0.136 0.688 0.176 1    
798:  0.409 0.395 0.196 1    
799:  0.046 0.512 0.442 1    
800:  0.885 0.029 0.086 1    
801:  0.905 0.026 0.068 1    
802:  0.471 0.184 0.346 1    
803:  0.561 0.259 0.180 1    
804:  0.135 0.235 0.630 1    
805:  0.120 0.175 0.705 1    
806:  0.816 0.096 0.088 1    
807:  0.675 0.085 0.239 1    
808:  0.762 0.102 0.136 1    
809:  0.208 0.123 0.669 1    
810:  0.097 0.761 0.143 1    
811:  0.701 0.153 0.146 1    
812:  0.060 0.823 0.116 1    
813:  0.419 0.191 0.391 1    
814:  0.151 0.766 0.083 1    
815:  0.209 0.475 0.316 1    
816:  0.224 0.052 0.724 1    
817:  0.050 0.873 0.077 1    
818:  0.037 0.921 0.041 1    
819:  0.688 0.128 0.183 1    
820:  0.577 0.318 0.105 1    
821:  0.929 0.030 0.042 1    
822:  0.427 0.445 0.128 1    
823:  0.087 0.736 0.178 1    
824:  0.488 0.229 0.283 1    
825:  0.567 0.255 0.178 1    
826:  0.343 0.120 0.537 1    
827:  0.292 0.059 0.648 1    
828:  0.858 0.051 0.091 1    
829:  0.642 0.080 0.279 1    
830:  0.378 0.242 0.379 1    
831:  0.319 0.239 0.441 1    
832:  0.794 0.123 0.084 1    
833:  0.547 0.311 0.142 1    
834:  0.920 0.039 0.041 1    
835:  0.100 0.776 0.124 1    
836:  0.874 0.036 0.090 1    
837:  0.761 0.164 0.075 1    
838:  0.759 0.080 0.161 1    
839:  0.442 0.161 0.398 1    
840:  0.466 0.089 0.446 1    
841:  0.599 0.249 0.152 1    
842:  0.103 0.732 0.164 1    
843:  0.037 0.046 0.917 1    
844:  0.427 0.500 0.073 1    
845:  0.525 0.206 0.269 1    
846:  0.687 0.128 0.185 1    
847:  0.727 0.167 0.106 1    
848:  0.394 0.082 0.525 1    
849:  0.496 0.223 0.281 1    
850:  0.471 0.061 0.468 1    
851:  0.063 0.621 0.316 1    
852:  0.036 0.864 0.100 1    
853:  0.077 0.828 0.095 1    
854:  0.254 0.555 0.191 1    
855:  0.053 0.121 0.826 1    
856:  0.507 0.198 0.295 1    
857:  0.062 0.664 0.274 1    
858:  0.756 0.092 0.152 1    
859:  0.191 0.660 0.149 1    
860:  0.154 0.188 0.658 1    
861:  0.050 0.332 0.618 1    
862:  0.230 0.350 0.420 1    
863:  0.132 0.076 0.792 1    
864:  0.663 0.109 0.227 1    
865:  0.094 0.155 0.751 1    
866:  0.165 0.695 0.140 1    
867:  0.156 0.424 0.419 1    
868:  0.321 0.280 0.399 1    
869:  0.833 0.065 0.102 1    
870:  0.748 0.143 0.110 1    
871:  0.356 0.320 0.324 1    
872:  0.845 0.108 0.047 1    
873:  0.151 0.733 0.115 1    
874:  0.332 0.231 0.437 1    
875:  0.722 0.098 0.179 1    
876:  0.560 0.254 0.186 1    
877:  0.373 0.099 0.528 1    
878:  0.197 0.364 0.439 1    
879:  0.298 0.307 0.395 1    
880:  0.236 0.608 0.156 1    
881:  0.132 0.436 0.432 1    
882:  0.752 0.148 0.099 1    
883:  0.717 0.169 0.114 1    
884:  0.528 0.229 0.243 1    
885:  0.085 0.805 0.110 1    
886:  0.199 0.611 0.190 1    
887:  0.731 0.082 0.187 1    
888:  0.734 0.053 0.213 1    
889:  0.117 0.244 0.640 1    
890:  0.388 0.197 0.414 1    
891:  0.255 0.356 0.389 1    
892:  0.159 0.732 0.108 1    
893:  0.365 0.120 0.515 1    
894:  0.314 0.604 0.082 1    
895:  0.600 0.099 0.301 1    
896:  0.197 0.388 0.415 1    
897:  0.691 0.100 0.209 1    
898:  0.048 0.371 0.580 1    
899:  0.398 0.416 0.186 1    
900:  0.606 0.194 0.200 1    
901:  0.103 0.099 0.798 1    
902:  0.098 0.118 0.784 1    
903:  0.057 0.085 0.858 1    
904:  0.234 0.266 0.500 1    
905:  0.532 0.288 0.180 1    
906:  0.261 0.247 0.491 1    
907:  0.453 0.180 0.366 1    
908:  0.102 0.225 0.672 1    
909:  0.257 0.374 0.369 1    
910:  0.445 0.465 0.090 1    
911:  0.508 0.182 0.310 1    
912:  0.761 0.170 0.069 1    
913:  0.345 0.530 0.126 1    
914:  0.183 0.443 0.374 1    
915:  0.337 0.205 0.458 1    
916:  0.431 0.355 0.215 1    
917:  0.040 0.046 0.914 1    
918:  0.407 0.231 0.362 1    
919:  0.328 0.378 0.294 1    
920:  0.614 0.280 0.106 1    
921:  0.365 0.427 0.208 1    
922:  0.438 0.118 0.444 1    
923:  0.090 0.079 0.831 1    
924:  0.601 0.280 0.120 1    
925:  0.479 0.236 0.284 1    
926:  0.497 0.379 0.124 1    
927:  0.668 0.135 0.198 1    
928:  0.552 0.255 0.193 1    
929:  0.473 0.249 0.278 1    
930:  0.447 0.055 0.498 1    
931:  0.586 0.166 0.248 1    
932:  0.113 0.829 0.058 1    
933:  0.587 0.296 0.117 1    
934:  0.272 0.639 0.089 1    
935:  0.230 0.660 0.110 1    
936:  0.125 0.083 0.792 1    
937:  0.494 0.109 0.397 1    
938:  0.083 0.691 0.226 1    
939:  0.176 0.308 0.516 1    
940:  0.813 0.123 0.064 1    
941:  0.440 0.270 0.290 1    
942:  0.897 0.066 0.037 1    
943:  0.248 0.579 0.173 1    
944:  0.088 0.355 0.556 1    
945:  0.071 0.702 0.227 1    
946:  0.372 0.347 0.281 1    
947:  0.320 0.463 0.217 1    
948:  0.107 0.792 0.102 1    
949:  0.096 0.272 0.632 1    
950:  0.437 0.132 0.431 1    
951:  0.558 0.286 0.157 1    
952:  0.127 0.513 0.360 1    
953:  0.693 0.131 0.176 1    
954:  0.083 0.079 0.838 1    
955:  0.192 0.708 0.100 1    
956:  0.153 0.241 0.607 1    
957:  0.190 0.551 0.259 1    
958:  0.240 0.590 0.169 1    
959:  0.152 0.207 0.642 1    
960:  0.785 0.170 0.045 1    
961:  0.722 0.164 0.114 1    
962:  0.734 0.220 0.046 1    
963:  0.254 0.097 0.649 1    
964:  0.764 0.042 0.194 1    
965:  0.278 0.341 0.381 1    
966:  0.078 0.339 0.583 1    
967:  0.327 0.398 0.274 1    
968:  0.423 0.269 0.308 1    
969:  0.032 0.510 0.459 1    
970:  0.376 0.133 0.491 1    
971:  0.188 0.337 0.475 1    
972:  0.325 0.354 0.321 1    
973:  0.661 0.169 0.170 1    
974:  0.068 0.760 0.172 1    
975:  0.026 0.036 0.938 1    
976:  0.258 0.547 0.195 1    
977:  0.588 0.341 0.071 1    
978:  0.119 0.729 0.153 1    
979:  0.817 0.090 0.093 1    
980:  0.252 0.466 0.282 1    
981:  0.356 0.336 0.308 1    
982:  0.047 0.066 0.887 1    
983:  0.559 0.254 0.187 1    
984:  0.791 0.155 0.054 1    
985:  0.212 0.327 0.461 1    
986:  0.623 0.198 0.179 1    
987:  0.493 0.264 0.244 1    
988:  0.554 0.246 0.200 1    
989:  0.159 0.766 0.075 1    
990:  0.073 0.439 0.488 1    
991:  0.458 0.203 0.339 1    
992:  0.268 0.340 0.392 1    
993:  0.597 0.270 0.133 1    
994:  0.401 0.406 0.192 1    
995:  0.163 0.086 0.751 1    
996:  0.430 0.295 0.275 1    
997:  0.909 0.047 0.044 1    
998:  0.601 0.163 0.236 1    
999:  0.692 0.152 0.156 1    
1000: 0.089 0.120 0.790 1    
1001: 0.334 0.610 0.055 1    
1002: 0.862 0.049 0.088 1    
1003: 0.300 0.569 0.130 1    
1004: 0.295 0.488 0.217 1    
1005: 0.652 0.165 0.183 1    
1006: 0.604 0.321 0.075 1    
1007: 0.157 0.650 0.194 1    
1008: 0.891 0.066 0.042 1    
1009: 0.612 0.267 0.122 1    
1010: 0.048 0.067 0.885 1    
1011: 0.156 0.635 0.209 1    
1012: 0.101 0.100 0.798 1    
1013: 0.105 0.786 0.109 1    
1014: 0.687 0.186 0.127 1    
1015: 0.388 0.452 0.160 1    
1016: 0.091 0.109 0.800 1    
1017: 0.509 0.301 0.190 1    
1018: 0.525 0.203 0.272 1    
1019: 0.234 0.195 0.571 1    
1020: 0.055 0.369 0.576 1    
1021: 0.095 0.528 0.378 1    
1022: 0.590 0.187 0.223 1    
1023: 0.439 0.385 0.176 1    
1024: 0.563 0.174 0.263 1    
1025: 0.368 0.433 0.199 1    
1026: 0.059 0.758 0.183 1    
1027: 0.094 0.737 0.168 1    
1028: 0.417 0.259 0.324 1    
1029: 0.244 0.672 0.083 1    
1030: 0.354 0.398 0.248 1    
1031: 0.034 0.037 0.929 1    
1032: 0.124 0.079 0.797 1    
1033: 0.335 0.481 0.185 1    
1034: 0.043 0.890 0.068 1    
1035: 0.075 0.711 0.214 1    
1036: 0.069 0.714 0.218 1    
1037: 0.641 0.127 0.232 1    
1038: 0.040 0.045 0.915 1    
1039: 0.066 0.045 0.889 1    
1040: 0.060 0.080 0.860 1    
1041: 0.065 0.221 0.714 1    
1042: 0.068 0.124 0.807 1    
1043: 0.334 0.398 0.268 1    
1044: 0.878 0.066 0.056 1    
1045: 0.196 0.650 0.154 1    
1046: 0.548 0.330 0.122 1    
1047: 0.468 0.231 0.300 1    
1048: 0.032 0.028 0.940 1    
1049: 0.537 0.230 0.232 1    
1050: 0.091 0.209 0.700 1    
1051: 0.530 0.381 0.088 1    
1052: 0.195 0.723 0.082 1    
1053: 0.689 0.248 0.063 1    
1054: 0.645 0.120 0.235 1    
1055: 0.213 0.089 0.698 1    
1056: 0.074 0.570 0.356 1    
1057: 0.355 0.400 0.246 1    
1058: 0.057 0.584 0.359 1    
1059: 0.057 0.858 0.085 1    
1060: 0.620 0.292 0.088 1    
1061: 0.626 0.296 0.078 1    
1062: 0.529 0.420 0.051 1    
1063: 0.490 0.222 0.288 1    
1064: 0.323 0.536 0.141 1    
1065: 0.582 0.160 0.258 1    
              
              
1:    0.764 0.187 0.050 1    
2:    0.544 0.114 0.342 1    
3:    0.402 0.214 0.384 1    
4:    0.765 0.133 0.102 1    
5:    0.238 0.547 0.214 1    
6:    0.146 0.765 0.089 1    
7:    0.248 0.565 0.187 1    
8:    0.344 0.093 0.563 1    
9:    0.506 0.282 0.212 1    
10:   0.134 0.812 0.054 1    
11:   0.572 0.213 0.214 1    
12:   0.036 0.922 0.042 1    
13:   0.617 0.088 0.295 1    
14:   0.034 0.863 0.103 1    
15:   0.780 0.127 0.093 1    
16:   0.884 0.045 0.071 1    
17:   0.282 0.166 0.552 1    
18:   0.575 0.344 0.082 1    
19:   0.829 0.079 0.092 1    
20:   0.793 0.069 0.138 1    
21:   0.646 0.129 0.225 1    
22:   0.109 0.866 0.025 1    
23:   0.090 0.809 0.102 1    
24:   0.598 0.113 0.289 1    
25:   0.056 0.869 0.075 1    
26:   0.066 0.916 0.018 1    
27:   0.443 0.354 0.203 1    
28:   0.018 0.959 0.023 1    
29:   0.018 0.965 0.017 1    
30:   0.198 0.777 0.025 1    
31:   0.820 0.112 0.067 1    
32:   0.025 0.840 0.135 1    
33:   0.124 0.059 0.817 1    
34:   0.555 0.319 0.125 1    
35:   0.737 0.153 0.110 1    
36:   0.333 0.256 0.411 1    
37:   0.907 0.052 0.041 1    
38:   0.627 0.295 0.078 1    
39:   0.561 0.385 0.054 1    
40:   0.467 0.313 0.220 1    
41:   0.411 0.165 0.423 1    
42:   0.309 0.568 0.122 1    
43:   0.563 0.305 0.132 1    
44:   0.065 0.131 0.804 1    
45:   0.524 0.345 0.132 1    
46:   0.403 0.499 0.098 1    
47:   0.515 0.277 0.209 1    
48:   0.230 0.473 0.297 1    
49:   0.260 0.681 0.059 1    
50:   0.082 0.871 0.048 1    
51:   0.666 0.047 0.287 1    
52:   0.866 0.086 0.048 1    
53:   0.783 0.181 0.036 1    
54:   0.503 0.302 0.196 1    
55:   0.045 0.846 0.109 1    
56:   0.706 0.267 0.028 1    
57:   0.096 0.863 0.042 1    
58:   0.598 0.227 0.176 1    
59:   0.739 0.189 0.071 1    
60:   0.765 0.095 0.140 1    
61:   0.851 0.111 0.037 1    
62:   0.041 0.926 0.033 1    
63:   0.676 0.177 0.148 1    
64:   0.396 0.550 0.054 1    
65:   0.173 0.592 0.235 1    
66:   0.817 0.131 0.052 1    
67:   0.119 0.220 0.661 1    
68:   0.733 0.225 0.042 1    
69:   0.182 0.772 0.046 1    
70:   0.318 0.645 0.037 1    
71:   0.509 0.273 0.218 1    
72:   0.257 0.644 0.099 1    
73:   0.690 0.201 0.109 1    
74:   0.826 0.134 0.040 1    
75:   0.710 0.248 0.042 1    
76:   0.304 0.094 0.603 1    
77:   0.032 0.935 0.033 1    
78:   0.091 0.866 0.043 1    
79:   0.752 0.192 0.056 1    
80:   0.021 0.960 0.019 1    
81:   0.873 0.031 0.096 1    
82:   0.035 0.945 0.020 1    
83:   0.849 0.105 0.046 1    
84:   0.944 0.023 0.033 1    
85:   0.745 0.216 0.039 1    
86:   0.331 0.443 0.226 1    
87:   0.554 0.313 0.133 1    
88:   0.506 0.432 0.062 1    
89:   0.705 0.240 0.055 1    
90:   0.748 0.086 0.165 1    
91:   0.159 0.810 0.031 1    
92:   0.564 0.372 0.064 1    
93:   0.245 0.106 0.649 1    
94:   0.965 0.019 0.016 1    
95:   0.704 0.172 0.124 1    
96:   0.486 0.110 0.404 1    
97:   0.039 0.945 0.016 1    
98:   0.721 0.103 0.176 1    
99:   0.603 0.337 0.060 1    
100:  0.843 0.136 0.021 1    
101:  0.076 0.858 0.066 1    
102:  0.076 0.902 0.023 1    
103:  0.574 0.056 0.370 1    
104:  0.026 0.901 0.074 1    
105:  0.042 0.922 0.036 1    
106:  0.063 0.904 0.033 1    
107:  0.178 0.627 0.195 1    
108:  0.039 0.932 0.029 1    
109:  0.019 0.498 0.483 1    
110:  0.029 0.922 0.049 1    
111:  0.292 0.399 0.308 1    
112:  0.037 0.022 0.941 1    
113:  0.016 0.015 0.969 1    
114:  0.733 0.164 0.102 1    
115:  0.138 0.582 0.280 1    
116:  0.122 0.120 0.758 1    
117:  0.313 0.098 0.589 1    
118:  0.064 0.172 0.764 1    
119:  0.424 0.074 0.502 1    
120:  0.394 0.295 0.311 1    
121:  0.054 0.568 0.379 1    
122:  0.380 0.399 0.220 1    
123:  0.220 0.568 0.212 1    
124:  0.284 0.278 0.438 1    
125:  0.096 0.746 0.159 1    
126:  0.053 0.656 0.291 1    
127:  0.311 0.596 0.092 1    
128:  0.532 0.321 0.147 1    
129:  0.181 0.150 0.669 1    
130:  0.205 0.683 0.112 1    
131:  0.038 0.636 0.326 1    
132:  0.318 0.541 0.140 1    
133:  0.245 0.696 0.058 1    
134:  0.100 0.105 0.795 1    
135:  0.171 0.791 0.038 1    
136:  0.209 0.554 0.237 1    
137:  0.231 0.092 0.677 1    
138:  0.219 0.322 0.460 1    
139:  0.092 0.783 0.125 1    
140:  0.417 0.459 0.124 1    
141:  0.396 0.085 0.519 1    
142:  0.026 0.093 0.881 1    
143:  0.037 0.207 0.756 1    
144:  0.316 0.057 0.627 1    
145:  0.123 0.082 0.796 1    
146:  0.074 0.077 0.849 1    
147:  0.087 0.244 0.668 1    
148:  0.261 0.080 0.659 1    
149:  0.090 0.027 0.883 1    
150:  0.210 0.083 0.706 1    
151:  0.406 0.178 0.416 1    
152:  0.274 0.342 0.384 1    
153:  0.015 0.094 0.891 1    
154:  0.764 0.105 0.130 1    
155:  0.019 0.043 0.938 1    
156:  0.033 0.033 0.934 1    
157:  0.042 0.201 0.757 1    
158:  0.012 0.020 0.969 1    
159:  0.594 0.260 0.146 1    
160:  0.372 0.472 0.155 1    
161:  0.512 0.107 0.381 1    
162:  0.216 0.424 0.360 1    
163:  0.379 0.271 0.350 1    
164:  0.366 0.333 0.301 1    
165:  0.765 0.183 0.052 1    
166:  0.609 0.323 0.068 1    
167:  0.704 0.221 0.075 1    
168:  0.684 0.215 0.101 1    
169:  0.021 0.021 0.958 1    
170:  0.281 0.255 0.464 1    
171:  0.935 0.030 0.036 1    
172:  0.494 0.363 0.143 1    
173:  0.866 0.058 0.075 1    
174:  0.360 0.389 0.252 1    
175:  0.227 0.147 0.627 1    
176:  0.805 0.109 0.086 1    
177:  0.885 0.071 0.044 1    
178:  0.027 0.032 0.941 1    
179:  0.476 0.278 0.246 1    
180:  0.027 0.026 0.947 1    
181:  0.091 0.091 0.818 1    
182:  0.276 0.203 0.521 1    
183:  0.282 0.463 0.256 1    
184:  0.069 0.124 0.807 1    
185:  0.029 0.929 0.042 1    
186:  0.017 0.018 0.965 1    
187:  0.358 0.516 0.126 1    
188:  0.160 0.794 0.046 1    
189:  0.090 0.327 0.583 1    
190:  0.736 0.155 0.109 1    
191:  0.021 0.021 0.959 1    
192:  0.142 0.466 0.392 1    
193:  0.040 0.211 0.748 1    
194:  0.792 0.145 0.064 1    
195:  0.430 0.518 0.053 1    
196:  0.027 0.023 0.949 1    
197:  0.862 0.088 0.050 1    
198:  0.531 0.121 0.348 1    
199:  0.095 0.439 0.466 1    
200:  0.686 0.163 0.151 1    
201:  0.291 0.242 0.468 1    
202:  0.056 0.726 0.217 1    
203:  0.557 0.171 0.272 1    
204:  0.482 0.379 0.139 1    
205:  0.554 0.036 0.410 1    
206:  0.495 0.231 0.273 1    
207:  0.191 0.181 0.628 1    
208:  0.035 0.028 0.938 1    
209:  0.330 0.132 0.538 1    
210:  0.772 0.041 0.187 1    
211:  0.294 0.160 0.545 1    
212:  0.028 0.790 0.182 1    
213:  0.146 0.256 0.598 1    
214:  0.220 0.708 0.072 1    
215:  0.035 0.933 0.032 1    
216:  0.139 0.125 0.735 1    
217:  0.161 0.048 0.791 1    
218:  0.435 0.387 0.177 1    
219:  0.252 0.468 0.280 1    
220:  0.037 0.075 0.889 1    
221:  0.426 0.177 0.397 1    
222:  0.673 0.036 0.291 1    
223:  0.799 0.123 0.078 1    
224:  0.091 0.697 0.212 1    
225:  0.831 0.072 0.096 1    
226:  0.514 0.027 0.460 1    
227:  0.606 0.170 0.224 1    
228:  0.500 0.155 0.346 1    
229:  0.085 0.071 0.845 1    
230:  0.602 0.093 0.305 1    
231:  0.172 0.412 0.416 1    
232:  0.647 0.249 0.104 1    
233:  0.055 0.267 0.679 1    
234:  0.242 0.570 0.187 1    
235:  0.774 0.068 0.158 1    
236:  0.267 0.607 0.125 1    
237:  0.062 0.915 0.023 1    
238:  0.053 0.087 0.860 1    
239:  0.357 0.389 0.255 1    
240:  0.119 0.452 0.429 1    
241:  0.198 0.165 0.637 1    
242:  0.054 0.891 0.055 1    
243:  0.713 0.152 0.135 1    
244:  0.762 0.128 0.110 1    
245:  0.451 0.132 0.416 1    
246:  0.025 0.024 0.952 1    
247:  0.290 0.094 0.616 1    
248:  0.030 0.125 0.845 1    
249:  0.164 0.103 0.734 1    
250:  0.118 0.769 0.113 1    
251:  0.112 0.057 0.831 1    
252:  0.149 0.285 0.565 1    
253:  0.199 0.645 0.156 1    
254:  0.070 0.904 0.025 1    
255:  0.068 0.030 0.902 1    
256:  0.061 0.682 0.256 1    
257:  0.061 0.848 0.092 1    
258:  0.172 0.146 0.683 1    
259:  0.117 0.622 0.262 1    
260:  0.646 0.224 0.130 1    
261:  0.035 0.797 0.168 1    
262:  0.276 0.398 0.326 1    
263:  0.267 0.465 0.268 1    
264:  0.203 0.188 0.608 1    
265:  0.034 0.868 0.098 1    
266:  0.579 0.203 0.218 1    
267:  0.073 0.324 0.603 1    
