        H008  2 0.2241 0.3786 0.1978 0.1995 
        H021  2 0.2163 0.2391 0.3034 0.2411 
        H023  2 0.2203 0.2435 0.2804 0.2558 
        H024  2 0.3305 0.2632 0.1969 0.2095 
        H025  2 0.2477 0.2401 0.1629 0.3493 
        H026  2 0.3542 0.2099 0.2486 0.1874 
        H027  2 0.2328 0.2775 0.3052 0.1845 
        H028  2 0.2820 0.2731 0.2263 0.2186 
        H029  2 0.2699 0.2342 0.2960 0.1999 
        H030  2 0.3136 0.2621 0.2303 0.1940 
        H038  2 0.2375 0.2103 0.2994 0.2528 
        H039  2 0.1907 0.1635 0.1962 0.4496 
        H040  2 0.2366 0.2288 0.3106 0.2240 
        H041  2 0.2152 0.3528 0.2087 0.2233 
        H042  2 0.2110 0.2810 0.2300 0.2780 
        H043  2 0.2452 0.1790 0.2185 0.3572 
        H044  2 0.2879 0.2499 0.2248 0.2373 
        H047  2 0.2719 0.1959 0.1936 0.3386 
        H050  2 0.2979 0.2287 0.2613 0.2121 
        H058  2 0.2456 0.2063 0.2923 0.2558 
        H062  2 0.2185 0.2230 0.2937 0.2648 
        H063  2 0.2113 0.2355 0.2183 0.3348 
        H065  2 0.2909 0.2467 0.2232 0.2392 
        H066  2 0.2728 0.1846 0.2967 0.2459 
        H067  2 0.2365 0.3332 0.2525 0.1778 
        H068  2 0.2395 0.1929 0.2651 0.3025 
        H069  2 0.2734 0.1930 0.3016 0.2320 
        H071  2 0.2079 0.2419 0.2848 0.2653 
        H072  2 0.1944 0.2379 0.1944 0.3733 
        H073  2 0.2765 0.2985 0.2452 0.1798 
        H081  2 0.1813 0.3756 0.2139 0.2291 
        H082  2 0.2869 0.2945 0.1830 0.2356 
        H083  2 0.3202 0.2550 0.1831 0.2417 
        H084  2 0.2270 0.2009 0.3468 0.2254 
        H085  2 0.2167 0.3335 0.2240 0.2258 
        H087  2 0.1859 0.3907 0.2031 0.2203 
        H088  2 0.1981 0.2528 0.2551 0.2941 
        H089  2 0.2412 0.2880 0.2748 0.1960 
        H090  2 0.3182 0.2751 0.1912 0.2155 
        H091  2 0.2673 0.3013 0.2652 0.1662 
        H098  2 0.2519 0.3151 0.2063 0.2267 
      H10001  2 0.1962 0.1689 0.2594 0.3754 
      H10002  2 0.1956 0.2850 0.2282 0.2911 
        H101  2 0.2846 0.2148 0.2979 0.2027 
        H108  2 0.2150 0.3383 0.1906 0.2561 
        H109  2 0.2488 0.1923 0.2627 0.2962 
        H110  2 0.1941 0.4386 0.1702 0.1970 
        H116  2 0.2918 0.2553 0.2215 0.2314 
        H117  2 0.2265 0.3276 0.2572 0.1887 
        H118  2 0.3250 0.2787 0.2220 0.1742 
        H119  2 0.2176 0.2849 0.2606 0.2369 
        H120  2 0.1810 0.2762 0.1971 0.3456 
        H121  2 0.2921 0.2954 0.2226 0.1899 
        H125  2 0.1874 0.1873 0.2581 0.3672 
        H126  2 0.2894 0.2838 0.1616 0.2652 
        H128  2 0.4105 0.2469 0.1983 0.1443 
        H129  2 0.3399 0.3005 0.1686 0.1911 
        H130  2 0.2566 0.1652 0.2436 0.3346 
        H133  2 0.2233 0.1916 0.2209 0.3643 
        H134  2 0.4013 0.2136 0.1750 0.2101 
        H135  2 0.2068 0.2875 0.2483 0.2574 
        H137  2 0.2590 0.2690 0.2451 0.2270 
        H138  2 0.3144 0.1994 0.2618 0.2244 
        H140  2 0.2548 0.2467 0.2235 0.2751 
        H146  2 0.3091 0.2356 0.2204 0.2349 
        H147  2 0.2146 0.3659 0.1944 0.2252 
        H148  2 0.2083 0.2760 0.3033 0.2124 
     H166022  2 0.2355 0.3141 0.2512 0.1992 
     H167359  2 0.2443 0.2083 0.2806 0.2668 
     H167397  2 0.2976 0.3221 0.2232 0.1571 
     H167428  2 0.3229 0.2980 0.2117 0.1674 
     H167496  2 0.1884 0.2822 0.2434 0.2860 
     H167513  2 0.2645 0.2571 0.2049 0.2736 
     H167545  2 0.3052 0.2276 0.2611 0.2061 
     H167547  2 0.3655 0.2060 0.2338 0.1947 
     H169621  2 0.2714 0.2767 0.2422 0.2096 
     H169622  2 0.2758 0.2709 0.2402 0.2131 
     H169750  2 0.2603 0.2356 0.2340 0.2701 
     H171806  2 0.2875 0.1957 0.2863 0.2305 
     H171808  2 0.2324 0.1955 0.3555 0.2166 
     H171809  2 0.2117 0.2892 0.2556 0.2435 
     H171813  2 0.3120 0.2124 0.2303 0.2453 
     H171815  2 0.2485 0.1734 0.2191 0.3589 
     H171824  2 0.1956 0.2510 0.2824 0.2711 
     H171825  2 0.2465 0.2643 0.2854 0.2038 
     H171826  2 0.2334 0.2289 0.2550 0.2828 
     H171827  2 0.2401 0.2572 0.2759 0.2268 
     H171828  2 0.1814 0.2480 0.2304 0.3402 
     H171829  2 0.2813 0.2058 0.2830 0.2299 
     H171830  2 0.2167 0.2972 0.1965 0.2896 
     H171831  2 0.3240 0.2473 0.2205 0.2083 
     H171832  2 0.2824 0.2488 0.2059 0.2629 
     H171863  2 0.3654 0.2111 0.2240 0.1995 
     H171864  2 0.2165 0.2730 0.2968 0.2138 
     H171865  2 0.2363 0.2103 0.2043 0.3492 
     H171879  2 0.3040 0.2156 0.2308 0.2496 
     H171880  2 0.2542 0.2606 0.2781 0.2071 
     H171881  2 0.2562 0.3145 0.2445 0.1847 
     H171882  2 0.1895 0.2282 0.1795 0.4028 
     H171929  2 0.2378 0.2986 0.2216 0.2420 
     H171930  2 0.3167 0.2205 0.2785 0.1843 
     H171933  2 0.2366 0.2612 0.2894 0.2127 
     H171934  2 0.2152 0.2655 0.2820 0.2373 
     H171937  2 0.3164 0.2449 0.1786 0.2601 
     H171962  2 0.2736 0.2679 0.2342 0.2243 
        H190  2 0.2501 0.3274 0.2106 0.2118 
        H191  2 0.2842 0.2641 0.2330 0.2186 
        H396  2 0.2239 0.3069 0.2693 0.1999 
        H397  2 0.2362 0.2861 0.2621 0.2156 
        H398  2 0.2555 0.1937 0.3097 0.2412 
        H400  2 0.2232 0.2180 0.3277 0.2311 
        H401  2 0.3361 0.2651 0.2025 0.1963 
        H402  2 0.2372 0.3266 0.2475 0.1887 
        H427  2 0.2190 0.3161 0.2467 0.2182 
        H428  2 0.3189 0.2944 0.2169 0.1697 
        H497  2 0.2529 0.2215 0.2067 0.3189 
        H512  2 0.2514 0.2790 0.2242 0.2454 
        H513  2 0.2657 0.2553 0.2065 0.2725 
        H514  2 0.2860 0.2248 0.2096 0.2795 
        H519  2 0.2453 0.2667 0.2122 0.2759 
        H532  2 0.2434 0.2348 0.3247 0.1971 
        H543  2 0.2240 0.3015 0.2876 0.1869 
        H544  2 0.3027 0.1979 0.2189 0.2804 
        H545  2 0.3187 0.2205 0.2587 0.2020 
        H546  2 0.2750 0.2246 0.2111 0.2893 
        H547  2 0.3624 0.2097 0.2346 0.1933 
        H548  2 0.2253 0.2735 0.2763 0.2248 
        H549  2 0.2981 0.2065 0.3133 0.1821 
        H620  2 0.1826 0.2328 0.1939 0.3906 
        H623  2 0.2843 0.3132 0.1726 0.2299 
        H624  2 0.2741 0.1394 0.2377 0.3488 
        H625  2 0.2312 0.3045 0.2643 0.2000 
        H626  2 0.2355 0.2109 0.3181 0.2355 
        H654  2 0.2035 0.1728 0.2034 0.4203 
        H655  2 0.2134 0.1928 0.2762 0.3176 
        H656  2 0.2008 0.2689 0.2101 0.3202 
        H666  2 0.2327 0.1743 0.2356 0.3574 
        H667  2 0.2404 0.3164 0.2198 0.2234 
        H677  2 0.2381 0.2289 0.3034 0.2296 
        H693  2 0.1884 0.3323 0.2053 0.2740 
        H694  2 0.2996 0.2788 0.2191 0.2025 
        H701  2 0.2557 0.2588 0.2427 0.2428 
        H702  2 0.2013 0.2723 0.2805 0.2460 
        H731  2 0.2093 0.2743 0.2249 0.2915 
       H7359  2 0.2360 0.2080 0.2857 0.2703 
       H7389  2 0.2976 0.2052 0.2892 0.2080 
       H7390  2 0.2072 0.1521 0.3697 0.2710 
       H7391  2 0.2013 0.3586 0.2446 0.1955 
       H7392  2 0.2859 0.2154 0.2801 0.2186 
       H7393  2 0.2108 0.2088 0.2707 0.3097 
       H7398  2 0.2002 0.3620 0.2175 0.2203 
       H7399  2 0.2993 0.2871 0.2337 0.1799 
       H7400  2 0.1915 0.1727 0.1990 0.4368 
        H745  2 0.3453 0.2369 0.2153 0.2026 
        H746  2 0.2806 0.2739 0.2466 0.1989 
        H747  2 0.2203 0.2079 0.3371 0.2347 
        H748  2 0.2274 0.2246 0.2828 0.2652 
       H7484  2 0.2212 0.2474 0.2280 0.3034 
       H7485  2 0.3154 0.2459 0.1973 0.2413 
        H749  2 0.2602 0.2262 0.3063 0.2074 
        H930  2 0.2963 0.2276 0.2826 0.1935 
        H931  2 0.2405 0.2998 0.2006 0.2591 
        H932  2 0.2432 0.2077 0.3114 0.2378 
        H002  4 0.2452 0.2197 0.1720 0.3632 
        H003  4 0.2537 0.3294 0.2238 0.1931 
        H009  4 0.3180 0.2240 0.2643 0.1938 
        H010  4 0.2549 0.2359 0.3000 0.2092 
        H011  4 0.2006 0.2922 0.2134 0.2938 
        H012  4 0.2152 0.3219 0.2203 0.2426 
        H013  4 0.2130 0.3174 0.1926 0.2770 
        H014  4 0.2560 0.2805 0.2089 0.2546 
        H045  4 0.2162 0.3356 0.2033 0.2448 
        H046  4 0.2723 0.2923 0.2615 0.1739 
        H051  4 0.1928 0.3344 0.2091 0.2637 
        H052  4 0.2942 0.2019 0.2053 0.2987 
        H053  4 0.2330 0.2194 0.2981 0.2494 
        H056  4 0.2563 0.2056 0.2162 0.3219 
        H076  4 0.3158 0.2656 0.2081 0.2105 
        H151  4 0.2231 0.1768 0.2542 0.3459 
        H152  4 0.2707 0.1740 0.1998 0.3555 
     H171803  4 0.2204 0.2294 0.3164 0.2338 
     H171804  4 0.1974 0.2677 0.2750 0.2598 
     H171833  4 0.3251 0.2539 0.2094 0.2116 
     H171855  4 0.2547 0.1742 0.2251 0.3460 
     H171856  4 0.2475 0.1930 0.3246 0.2349 
     H171857  4 0.2596 0.2083 0.2573 0.2747 
     H171858  4 0.2690 0.1940 0.2826 0.2544 
     H171859  4 0.2593 0.2597 0.2540 0.2271 
     H171961  4 0.2305 0.2562 0.2555 0.2578 
        H198  4 0.2781 0.2917 0.2443 0.1859 
      H20001  4 0.3493 0.2109 0.2188 0.2210 
        H403  4 0.2823 0.2259 0.2365 0.2553 
        H404  4 0.2520 0.2926 0.2390 0.2164 
        H405  4 0.2416 0.2972 0.2634 0.1978 
        H406  4 0.3423 0.1810 0.1952 0.2815 
        H407  4 0.2321 0.2010 0.3825 0.1844 
        H410  4 0.3083 0.2614 0.2475 0.1828 
        H411  4 0.3279 0.2124 0.2050 0.2547 
        H468  4 0.3002 0.2097 0.2438 0.2463 
        H476  4 0.2146 0.1911 0.3000 0.2943 
        H477  4 0.2898 0.1586 0.3817 0.1699 
        H478  4 0.2334 0.3267 0.2189 0.2210 
        H479  4 0.2403 0.2918 0.2149 0.2530 
        H480  4 0.2978 0.2237 0.2478 0.2307 
        H498  4 0.2503 0.2903 0.1989 0.2605 
        H499  4 0.2667 0.2440 0.2306 0.2586 
        H500  4 0.1933 0.2420 0.2631 0.3016 
        H515  4 0.2255 0.2223 0.2602 0.2920 
        H516  4 0.2982 0.2297 0.2075 0.2646 
        H517  4 0.2758 0.2582 0.2622 0.2038 
        H518  4 0.2798 0.1957 0.2665 0.2580 
        H520  4 0.2403 0.2401 0.2474 0.2723 
        H521  4 0.2349 0.3247 0.2515 0.1889 
        H522  4 0.2478 0.2250 0.3155 0.2118 
        H523  4 0.2374 0.2325 0.2351 0.2950 
        H536  4 0.2422 0.2992 0.2526 0.2060 
        H645  4 0.2169 0.3114 0.2320 0.2396 
        H646  4 0.3109 0.1998 0.2882 0.2011 
        H647  4 0.2719 0.1904 0.3239 0.2139 
        H657  4 0.2924 0.2683 0.2538 0.1855 
        H658  4 0.2137 0.2072 0.3540 0.2251 
        H659  4 0.1993 0.1958 0.2672 0.3377 
        H660  4 0.2226 0.2711 0.1996 0.3067 
        H661  4 0.2766 0.1882 0.2408 0.2943 
        H668  4 0.2322 0.3192 0.2491 0.1994 
        H669  4 0.2244 0.2874 0.2268 0.2614 
        H670  4 0.2025 0.3046 0.2030 0.2899 
        H678  4 0.2471 0.2008 0.3269 0.2251 
        H679  4 0.2616 0.2596 0.2480 0.2308 
        H680  4 0.3000 0.2248 0.2469 0.2283 
        H681  4 0.2194 0.2773 0.2278 0.2755 
        H682  4 0.2032 0.3161 0.2857 0.1951 
        H683  4 0.2913 0.2176 0.1981 0.2929 
        H718  4 0.2247 0.2330 0.1920 0.3504 
        H719  4 0.2088 0.3690 0.1869 0.2353 
        H720  4 0.2882 0.2588 0.2088 0.2442 
        H721  4 0.2782 0.2067 0.2695 0.2455 
        H722  4 0.3016 0.1876 0.1847 0.3261 
        H723  4 0.1942 0.2756 0.2117 0.3185 
        H724  4 0.1989 0.1842 0.3009 0.3160 
        H725  4 0.2236 0.2460 0.2082 0.3223 
        H726  4 0.2151 0.2072 0.2063 0.3714 
        H727  4 0.2134 0.2566 0.2497 0.2802 
        H910  4 0.2012 0.2780 0.2540 0.2669 
        H911  4 0.2905 0.2578 0.2292 0.2226 
        H912  4 0.2662 0.2234 0.2234 0.2870 
        H913  4 0.2054 0.1914 0.3767 0.2265 
        H914  4 0.1909 0.2266 0.3179 0.2646 
        H915  4 0.2282 0.2156 0.3048 0.2514 
        H916  4 0.2876 0.1876 0.2659 0.2589 
       H9572  4 0.2539 0.3004 0.2184 0.2273 
        H015  5 0.2689 0.3028 0.2083 0.2200 
        H016  5 0.3027 0.2288 0.2467 0.2218 
        H017  5 0.3085 0.1759 0.2750 0.2406 
        H019  5 0.2569 0.2853 0.1840 0.2738 
        H020  5 0.2733 0.2293 0.2478 0.2495 
        H032  5 0.2585 0.2373 0.2589 0.2453 
        H033  5 0.2165 0.3404 0.2409 0.2022 
        H034  5 0.2020 0.2589 0.2384 0.3007 
        H035  5 0.2597 0.2038 0.3313 0.2053 
        H036  5 0.2612 0.2865 0.2741 0.1782 
        H037  5 0.1896 0.2014 0.4021 0.2069 
        H048  5 0.2073 0.2794 0.2608 0.2526 
        H049  5 0.2866 0.2705 0.1989 0.2440 
        H054  5 0.2354 0.2676 0.2588 0.2382 
        H055  5 0.2682 0.2254 0.2115 0.2949 
        H057  5 0.2741 0.2109 0.2415 0.2735 
        H060  5 0.2601 0.1868 0.2676 0.2855 
        H061  5 0.2295 0.2414 0.3071 0.2220 
        H064  5 0.2595 0.2650 0.1871 0.2883 
        H070  5 0.1889 0.2781 0.2208 0.3122 
        H077  5 0.1976 0.2068 0.1980 0.3976 
        H078  5 0.2694 0.1719 0.2805 0.2782 
        H079  5 0.2405 0.2941 0.2833 0.1821 
        H097  5 0.3020 0.1753 0.2360 0.2867 
        H107  5 0.1862 0.2801 0.2741 0.2596 
        H122  5 0.2677 0.1828 0.3382 0.2113 
        H123  5 0.2801 0.2500 0.2832 0.1867 
        H124  5 0.2634 0.2451 0.2783 0.2133 
        H131  5 0.2806 0.2861 0.2465 0.1868 
        H132  5 0.2412 0.2660 0.2150 0.2778 
        H141  5 0.2289 0.2225 0.3128 0.2357 
        H142  5 0.2467 0.2892 0.2552 0.2089 
        H157  5 0.2091 0.2618 0.2837 0.2454 
        H158  5 0.3669 0.1932 0.2330 0.2070 
        H159  5 0.2463 0.2993 0.2559 0.1985 
        H160  5 0.2483 0.2532 0.3068 0.1917 
        H163  5 0.2720 0.2598 0.2365 0.2318 
        H164  5 0.2265 0.3467 0.1722 0.2546 
        H165  5 0.2682 0.3353 0.2086 0.1879 
        H166  5 0.2673 0.2918 0.2423 0.1986 
        H169  5 0.2340 0.2952 0.2624 0.2084 
     H169613  5 0.2334 0.2200 0.2779 0.2686 
     H169653  5 0.2460 0.3292 0.2128 0.2120 
     H169728  5 0.2681 0.2399 0.2713 0.2208 
     H169742  5 0.2243 0.2755 0.2779 0.2224 
        H170  5 0.3580 0.1818 0.2173 0.2430 
        H171  5 0.3074 0.2516 0.1996 0.2414 
     H171851  5 0.2920 0.2151 0.2408 0.2521 
     H171852  5 0.2487 0.1922 0.2320 0.3271 
     H171853  5 0.2148 0.3163 0.2351 0.2338 
     H171854  5 0.2816 0.2169 0.2064 0.2951 
     H171938  5 0.2030 0.3131 0.2567 0.2272 
     H171939  5 0.3154 0.2375 0.2445 0.2027 
     H171941  5 0.2126 0.2431 0.2448 0.2995 
     H171965  5 0.2865 0.2600 0.2129 0.2405 
     H171970  5 0.1989 0.2406 0.2073 0.3533 
     H171973  5 0.2097 0.2795 0.3161 0.1947 
     H171974  5 0.2120 0.2602 0.2720 0.2558 
     H171975  5 0.2188 0.3285 0.2056 0.2471 
     H171976  5 0.3316 0.1793 0.2149 0.2742 
        H175  5 0.2091 0.2390 0.3040 0.2479 
        H178  5 0.2340 0.2851 0.2247 0.2561 
        H189  5 0.2879 0.2994 0.2096 0.2031 
        H399  5 0.3319 0.1936 0.2598 0.2146 
        H416  5 0.2262 0.2136 0.3107 0.2495 
        H438  5 0.1978 0.3207 0.2712 0.2104 
        H450  5 0.2204 0.1893 0.2349 0.3554 
        H455  5 0.1926 0.3022 0.2086 0.2966 
        H456  5 0.2083 0.2643 0.2939 0.2336 
        H457  5 0.2359 0.1938 0.2229 0.3475 
        H458  5 0.2327 0.2434 0.2746 0.2493 
        H459  5 0.2446 0.2730 0.3040 0.1784 
        H460  5 0.2320 0.2333 0.3113 0.2234 
        H461  5 0.3059 0.1837 0.2485 0.2618 
        H462  5 0.2456 0.2880 0.2607 0.2057 
        H469  5 0.2551 0.3083 0.2030 0.2336 
        H470  5 0.2395 0.2770 0.2193 0.2643 
        H471  5 0.3245 0.1944 0.2851 0.1960 
        H481  5 0.1944 0.1783 0.2961 0.3312 
        H482  5 0.2322 0.2182 0.2137 0.3359 
        H501  5 0.2196 0.2628 0.2405 0.2771 
        H502  5 0.2988 0.2856 0.2031 0.2125 
        H503  5 0.3112 0.2855 0.1991 0.2042 
        H509  5 0.1992 0.2930 0.2883 0.2195 
        H510  5 0.2634 0.2957 0.1837 0.2571 
        H511  5 0.2913 0.2503 0.1978 0.2607 
        H530  5 0.2005 0.2897 0.2503 0.2595 
        H531  5 0.2452 0.1571 0.3517 0.2459 
        H564  5 0.2625 0.2355 0.2333 0.2687 
        H565  5 0.2147 0.1770 0.2964 0.3118 
        H567  5 0.3069 0.2403 0.2630 0.1898 
     H568???  5 0.3311 0.2167 0.2426 0.2096 
        H608  5 0.2207 0.1957 0.2395 0.3440 
        H609  5 0.2185 0.3391 0.2431 0.1993 
        H612  5 0.1882 0.2496 0.2578 0.3043 
        H614  5 0.2373 0.1625 0.2849 0.3153 
        H615  5 0.2357 0.1745 0.2959 0.2940 
        H616  5 0.1824 0.2272 0.2709 0.3195 
        H617  5 0.2284 0.3284 0.2754 0.1678 
        H618  5 0.2208 0.2517 0.2388 0.2887 
        H619  5 0.2400 0.3321 0.2001 0.2277 
        H635  5 0.2397 0.2990 0.1987 0.2627 
        H636  5 0.2077 0.3310 0.2510 0.2103 
        H637  5 0.2302 0.2301 0.2528 0.2869 
        H644  5 0.3458 0.2638 0.2038 0.1866 
        H711  5 0.3119 0.1920 0.2274 0.2688 
        H712  5 0.1885 0.2926 0.3105 0.2084 
       H7360  5 0.2805 0.2434 0.2604 0.2157 
       H7361  5 0.2229 0.2178 0.2491 0.3102 
       H7362  5 0.3441 0.2678 0.2322 0.1559 
       H7363  5 0.2560 0.1888 0.2864 0.2688 
       H7394  5 0.2656 0.2476 0.2557 0.2311 
       H7395  5 0.2402 0.2778 0.2378 0.2441 
       H7396  5 0.2202 0.2194 0.3269 0.2335 
        H742  5 0.2181 0.2768 0.2831 0.2221 
        H743  5 0.2689 0.2180 0.2638 0.2492 
        H744  5 0.2137 0.2077 0.2798 0.2989 
        H957  5 0.2997 0.2080 0.2394 0.2529 
        H958  5 0.2243 0.2435 0.3243 0.2078 
        H959  5 0.1930 0.2791 0.1911 0.3368 
        H960  5 0.2467 0.2595 0.2503 0.2435 
        H431  8 0.2268 0.2092 0.2628 0.3012 
        H432  8 0.3189 0.3150 0.1915 0.1746 
        H433  8 0.2026 0.3465 0.2413 0.2095 
        H434  8 0.2674 0.2615 0.2582 0.2129 
        H444  8 0.2181 0.3616 0.1899 0.2304 
        H454  8 0.1935 0.2811 0.1980 0.3274 
        H475  8 0.1843 0.2061 0.1901 0.4196 
        H491  8 0.2296 0.2765 0.1851 0.3088 
        H492  8 0.2042 0.2424 0.2848 0.2686 
        H493  8 0.2648 0.2462 0.2426 0.2463 
        H494  8 0.2413 0.2635 0.2526 0.2426 
        H495  8 0.2783 0.1540 0.1899 0.3778 
        H662  8 0.2991 0.2214 0.2750 0.2045 
        H663  8 0.2455 0.2649 0.2203 0.2693 
        H695  8 0.2110 0.2430 0.2971 0.2490 
       H7367  8 0.2708 0.2798 0.2469 0.2025 
       H7368  8 0.2920 0.2814 0.1917 0.2350 
       H7369  8 0.2118 0.3247 0.2028 0.2607 
       H7370  8 0.2503 0.2049 0.3628 0.1821 
       H7371  8 0.2272 0.2978 0.2513 0.2238 
     H169705 10 0.2652 0.2440 0.3004 0.1905 
     H171942 10 0.2998 0.3597 0.1736 0.1669 
     H171943 10 0.2641 0.1898 0.3457 0.2004 
     H171944 10 0.2161 0.2295 0.3367 0.2177 
     H171946 10 0.2576 0.1644 0.3078 0.2702 
     H171947 10 0.2591 0.2525 0.2113 0.2770 
     H229641 10 0.2180 0.2472 0.2299 0.3050 
      H30001 10 0.2059 0.3027 0.2319 0.2594 
      H30002 10 0.2315 0.2431 0.2818 0.2435 
      H30005 10 0.2563 0.2775 0.2542 0.2120 
      H30006 10 0.3103 0.2344 0.2415 0.2137 
      H30007 10 0.3687 0.1552 0.2576 0.2185 
        H451 10 0.2344 0.3964 0.1608 0.2084 
        H452 10 0.3033 0.2116 0.2425 0.2426 
        H453 10 0.2351 0.1916 0.2522 0.3212 
        H473 10 0.2468 0.2288 0.2525 0.2719 
        H474 10 0.2390 0.1709 0.2355 0.3545 
        H486 10 0.2379 0.2814 0.2085 0.2723 
        H487 10 0.2435 0.1821 0.2516 0.3228 
        H488 10 0.1954 0.3511 0.1896 0.2638 
        H489 10 0.2056 0.1819 0.2881 0.3245 
        H550 10 0.2862 0.1957 0.3321 0.1861 
        H551 10 0.2161 0.2981 0.2455 0.2403 
        H553 10 0.2543 0.1999 0.2781 0.2678 
        H554 10 0.2555 0.3320 0.1791 0.2335 
        H556 10 0.2532 0.2213 0.3326 0.1929 
        H580 10 0.2579 0.2419 0.3046 0.1955 
        H591 10 0.1973 0.1918 0.2137 0.3973 
        H592 10 0.1993 0.2225 0.3142 0.2641 
        H593 10 0.2576 0.2850 0.2032 0.2542 
        H594 10 0.3273 0.2584 0.2534 0.1608 
        H627 10 0.2770 0.2015 0.2487 0.2727 
        H628 10 0.2646 0.3590 0.2026 0.1738 
        H629 10 0.2929 0.1996 0.2449 0.2626 
        H630 10 0.2551 0.2046 0.3284 0.2120 
        H638 10 0.2573 0.2289 0.2778 0.2361 
        H639 10 0.2619 0.2249 0.1997 0.3135 
        H640 10 0.2836 0.2953 0.2312 0.1899 
        H704 10 0.3419 0.2175 0.2385 0.2021 
        H705 10 0.2605 0.2463 0.3001 0.1931 
        H706 10 0.2054 0.2860 0.2512 0.2574 
        H708 10 0.2145 0.1618 0.3129 0.3109 
       H7351 10 0.2705 0.2620 0.2593 0.2082 
       H7352 10 0.2437 0.2220 0.2669 0.2674 
       H7353 10 0.3496 0.2286 0.2061 0.2157 
       H7354 10 0.2193 0.2385 0.2568 0.2854 
       H7365 10 0.1987 0.2403 0.2990 0.2619 
       H7383 10 0.2124 0.2733 0.2488 0.2655 
       H7384 10 0.2522 0.2261 0.2584 0.2634 
       H7385 10 0.2103 0.2166 0.2871 0.2861 
       H7386 10 0.2387 0.3561 0.2046 0.2006 
       H7387 10 0.2364 0.2365 0.3173 0.2098 
       H7388 10 0.2806 0.2583 0.2188 0.2423 
        H906 10 0.2478 0.2657 0.1930 0.2935 
        H907 10 0.2752 0.2467 0.2507 0.2273 
        H908 10 0.2193 0.3132 0.2145 0.2531 
        H909 10 0.2071 0.2904 0.2505 0.2521 
       H9552 10 0.2584 0.2363 0.3118 0.1936 
       H9553 10 0.2574 0.2219 0.2816 0.2391 
       H9555 10 0.2241 0.2768 0.3068 0.1923 
       H9575 10 0.2410 0.1886 0.2972 0.2732 
       H9703 10 0.2295 0.1812 0.3045 0.2847 
       H9707 10 0.2099 0.2463 0.2304 0.3134 
       HSAA4 10 0.2579 0.2423 0.3052 0.1946 
        H001 11 0.2397 0.2346 0.2903 0.2353 
        H004 11 0.2374 0.2228 0.2617 0.2781 
        H005 11 0.1863 0.2464 0.1721 0.3952 
        H006 11 0.2293 0.2624 0.2759 0.2323 
        H007 11 0.1977 0.2959 0.2212 0.2852 
        H031 11 0.1851 0.2099 0.2848 0.3202 
        H074 11 0.2185 0.2084 0.2977 0.2753 
        H075 11 0.1994 0.2139 0.2871 0.2996 
        H080 11 0.2152 0.2437 0.2483 0.2927 
        H086 11 0.2913 0.2245 0.2621 0.2221 
        H092 11 0.2358 0.2270 0.2522 0.2850 
        H093 11 0.3006 0.2969 0.1997 0.2028 
        H094 11 0.2382 0.2213 0.3220 0.2185 
        H095 11 0.2385 0.2137 0.2952 0.2526 
        H096 11 0.1899 0.3007 0.2137 0.2958 
        H099 11 0.2228 0.2439 0.2666 0.2667 
        H100 11 0.2910 0.2387 0.2950 0.1752 
        H127 11 0.2543 0.2468 0.2153 0.2835 
        H136 11 0.1968 0.1751 0.2385 0.3896 
        H153 11 0.2489 0.2596 0.2080 0.2835 
        H154 11 0.1983 0.1862 0.3261 0.2894 
        H155 11 0.2043 0.4097 0.2298 0.1562 
        H156 11 0.2725 0.3249 0.2310 0.1716 
        H161 11 0.2734 0.2346 0.2073 0.2846 
        H162 11 0.2753 0.2728 0.2599 0.1920 
        H167 11 0.2544 0.2737 0.2416 0.2303 
        H168 11 0.2483 0.2724 0.2478 0.2315 
     H169586 11 0.3112 0.1522 0.2520 0.2846 
     H169738 11 0.2649 0.3324 0.1956 0.2071 
     H169741 11 0.1974 0.1804 0.3054 0.3168 
     H171801 11 0.2938 0.3001 0.2104 0.1958 
     H171810 11 0.2117 0.1955 0.2671 0.3257 
     H171811 11 0.2736 0.1613 0.2941 0.2710 
     H171812 11 0.2191 0.2692 0.3032 0.2086 
     H171820 11 0.2252 0.2197 0.2677 0.2874 
     H171821 11 0.2647 0.2681 0.2516 0.2157 
     H171822 11 0.2442 0.2336 0.2988 0.2233 
     H171823 11 0.2760 0.2117 0.1456 0.3667 
     H171866 11 0.3111 0.2629 0.1836 0.2424 
     H171867 11 0.2001 0.3576 0.2193 0.2231 
     H171967 11 0.1980 0.2714 0.2791 0.2515 
     H171969 11 0.2404 0.2659 0.2447 0.2490 
        H172 11 0.2140 0.2676 0.3043 0.2141 
        H173 11 0.2018 0.3333 0.2607 0.2042 
        H174 11 0.3242 0.2355 0.2655 0.1747 
        H196 11 0.2898 0.2583 0.2498 0.2022 
        H197 11 0.2386 0.3260 0.2061 0.2292 
        H346 11 0.2020 0.2839 0.2483 0.2658 
        H355 11 0.2538 0.2608 0.2687 0.2166 
        H356 11 0.2690 0.2277 0.2474 0.2558 
        H357 11 0.2209 0.2551 0.2437 0.2803 
        H358 11 0.1978 0.2529 0.3305 0.2189 
        H359 11 0.2522 0.2164 0.2818 0.2496 
        H360 11 0.2203 0.2810 0.2603 0.2384 
        H361 11 0.2772 0.2672 0.2062 0.2494 
        H362 11 0.2749 0.3041 0.2302 0.1907 
        H363 11 0.1894 0.2270 0.2609 0.3227 
        H364 11 0.2779 0.2081 0.2577 0.2562 
        H365 11 0.2735 0.2323 0.2654 0.2289 
        H366 11 0.2602 0.2989 0.2595 0.1814 
        H367 11 0.2363 0.2507 0.2152 0.2977 
        H368 11 0.2861 0.2006 0.3171 0.1962 
        H369 11 0.1891 0.2692 0.2213 0.3204 
        H370 11 0.2457 0.2912 0.2372 0.2259 
        H371 11 0.2553 0.2578 0.2501 0.2367 
        H372 11 0.2451 0.2398 0.3123 0.2028 
        H373 11 0.2379 0.2637 0.2481 0.2503 
        H374 11 0.2275 0.2249 0.2417 0.3059 
        H375 11 0.1939 0.3448 0.2492 0.2121 
        H376 11 0.2719 0.2751 0.2423 0.2107 
        H377 11 0.2092 0.2569 0.2318 0.3020 
        H378 11 0.2501 0.2191 0.2985 0.2323 
        H379 11 0.2532 0.2496 0.2404 0.2568 
        H380 11 0.2196 0.3668 0.2275 0.1861 
        H381 11 0.2478 0.1909 0.2535 0.3078 
        H382 11 0.2864 0.3403 0.2036 0.1696 
        H383 11 0.2966 0.2608 0.2426 0.2000 
        H384 11 0.2310 0.1599 0.3324 0.2767 
        H385 11 0.2168 0.2066 0.2360 0.3406 
        H386 11 0.2060 0.3363 0.2578 0.1999 
        H387 11 0.3043 0.1750 0.2596 0.2610 
        H388 11 0.3014 0.2431 0.2763 0.1791 
        H389 11 0.1897 0.3347 0.2593 0.2163 
        H390 11 0.2419 0.3021 0.2816 0.1743 
        H391 11 0.2965 0.1637 0.3698 0.1700 
        H392 11 0.2079 0.2219 0.2522 0.3180 
        H393 11 0.3082 0.2647 0.2199 0.2072 
        H394 11 0.3356 0.2377 0.2139 0.2128 
        H395 11 0.2235 0.2271 0.2286 0.3208 
        H408 11 0.2065 0.3121 0.2312 0.2502 
        H412 11 0.2690 0.1445 0.3194 0.2671 
        H417 11 0.2203 0.1918 0.3125 0.2754 
        H418 11 0.2928 0.1907 0.2389 0.2777 
        H429 11 0.2258 0.3117 0.2590 0.2034 
        H430 11 0.2417 0.3398 0.2122 0.2062 
        H439 11 0.2162 0.2503 0.2822 0.2513 
        H440 11 0.2068 0.1888 0.2553 0.3492 
        H441 11 0.2379 0.3447 0.2196 0.1978 
        H442 11 0.2739 0.2620 0.2556 0.2084 
        H446 11 0.2582 0.2478 0.2705 0.2235 
        H447 11 0.2237 0.2713 0.3168 0.1882 
        H448 11 0.2263 0.3202 0.2308 0.2227 
        H534 11 0.2231 0.1745 0.2306 0.3718 
        H537 11 0.2460 0.2741 0.1923 0.2876 
        H568 11 0.1970 0.1687 0.2154 0.4189 
        H569 11 0.2785 0.3300 0.2249 0.1666 
        H586 11 0.3256 0.1485 0.2462 0.2797 
        H587 11 0.1948 0.2066 0.3010 0.2976 
        H588 11 0.3209 0.1972 0.2537 0.2282 
        H589 11 0.1994 0.1859 0.2602 0.3545 
        H590 11 0.2225 0.2388 0.1885 0.3502 
        H601 11 0.2723 0.3012 0.1949 0.2316 
        H602 11 0.2358 0.2225 0.2376 0.3041 
        H603 11 0.2151 0.3891 0.1908 0.2051 
        H610 11 0.2426 0.2203 0.2560 0.2811 
        H611 11 0.2124 0.1772 0.3315 0.2789 
        H649 11 0.2415 0.2961 0.2279 0.2346 
        H650 11 0.2700 0.2032 0.2843 0.2424 
        H651 11 0.2090 0.3254 0.2377 0.2279 
        H652 11 0.2688 0.2087 0.2241 0.2983 
       H7364 11 0.2361 0.2499 0.3098 0.2043 
       H7366 11 0.2283 0.2902 0.2133 0.2682 
       H7378 11 0.4215 0.2246 0.1919 0.1620 
       H7379 11 0.2623 0.2482 0.2396 0.2499 
        H739 11 0.2128 0.1974 0.2811 0.3087 
        H740 11 0.2700 0.2447 0.2394 0.2458 
        H741 11 0.1978 0.1806 0.3038 0.3177 
        H926 11 0.2769 0.2630 0.2076 0.2525 
        H927 11 0.2263 0.2247 0.3592 0.1899 
        H928 11 0.2525 0.2154 0.2915 0.2405 
       H9560 11 0.2620 0.1846 0.3524 0.2011 
