        H008  2 0.0876 0.2188 0.0958 0.1398 0.1246 0.0642 0.1262 0.1430 
        H021  2 0.0710 0.0873 0.0692 0.1601 0.2517 0.1991 0.1034 0.0583 
        H023  2 0.1119 0.1506 0.1604 0.2138 0.0382 0.1621 0.0918 0.0710 
        H024  2 0.0512 0.1141 0.1338 0.0313 0.1571 0.0739 0.1268 0.3119 
        H025  2 0.3986 0.1162 0.1065 0.0548 0.0562 0.0764 0.1544 0.0369 
        H026  2 0.0215 0.1787 0.1680 0.0320 0.1435 0.1333 0.2444 0.0786 
        H027  2 0.0462 0.1042 0.0770 0.1379 0.3880 0.0908 0.0862 0.0696 
        H028  2 0.0874 0.1596 0.1102 0.0856 0.1421 0.0749 0.1893 0.1508 
        H029  2 0.0342 0.0931 0.0934 0.0954 0.1004 0.1137 0.1786 0.2911 
        H030  2 0.0304 0.1404 0.0611 0.0376 0.4538 0.0555 0.1378 0.0835 
        H038  2 0.0622 0.0704 0.0449 0.2898 0.0481 0.3194 0.0758 0.0894 
        H039  2 0.7506 0.0279 0.0336 0.0311 0.0267 0.0465 0.0371 0.0465 
        H040  2 0.1015 0.0945 0.1515 0.1407 0.0750 0.2287 0.1252 0.0829 
        H041  2 0.1121 0.1291 0.1361 0.1398 0.1190 0.0499 0.0894 0.2246 
        H042  2 0.1421 0.1053 0.2258 0.1747 0.0687 0.0856 0.1137 0.0840 
        H043  2 0.1922 0.0505 0.0558 0.1353 0.0376 0.4230 0.0654 0.0401 
        H044  2 0.0560 0.1918 0.1736 0.0696 0.1189 0.1512 0.1738 0.0652 
        H047  2 0.1823 0.1398 0.1989 0.0601 0.0579 0.0843 0.1408 0.1360 
        H050  2 0.0315 0.0750 0.2700 0.0421 0.3347 0.0686 0.1127 0.0654 
        H058  2 0.0850 0.1475 0.1145 0.0910 0.0902 0.2477 0.1523 0.0717 
        H062  2 0.1743 0.1149 0.0740 0.2618 0.0531 0.1877 0.0886 0.0456 
        H063  2 0.2425 0.0976 0.1160 0.0779 0.1064 0.1229 0.0994 0.1373 
        H065  2 0.1453 0.1838 0.1158 0.0820 0.0406 0.0817 0.3101 0.0407 
        H066  2 0.0358 0.1030 0.1460 0.0612 0.0721 0.1819 0.1587 0.2413 
        H067  2 0.0613 0.1766 0.0883 0.2502 0.0881 0.0622 0.1338 0.1395 
        H068  2 0.1897 0.0959 0.3570 0.0687 0.0525 0.0894 0.0848 0.0621 
        H069  2 0.0754 0.1309 0.1048 0.1196 0.1157 0.2032 0.1707 0.0798 
        H071  2 0.1198 0.1365 0.0805 0.2045 0.1034 0.1252 0.1463 0.0837 
        H072  2 0.5601 0.0640 0.0713 0.0502 0.0454 0.0601 0.0632 0.0857 
        H073  2 0.0465 0.1614 0.0747 0.2680 0.0926 0.1153 0.1635 0.0780 
        H081  2 0.2473 0.1462 0.0736 0.2246 0.1213 0.0509 0.0756 0.0604 
        H082  2 0.0526 0.1125 0.1603 0.0541 0.3385 0.0985 0.1228 0.0608 
        H083  2 0.0643 0.1930 0.0932 0.0837 0.2963 0.0649 0.1643 0.0403 
        H084  2 0.0452 0.1172 0.1336 0.0907 0.0972 0.1562 0.1210 0.2388 
        H085  2 0.0794 0.1303 0.0481 0.1118 0.5011 0.0397 0.0532 0.0365 
        H087  2 0.0788 0.1310 0.1092 0.3227 0.0929 0.0609 0.0728 0.1316 
        H088  2 0.2075 0.1428 0.1058 0.1224 0.0933 0.1338 0.1216 0.0728 
        H089  2 0.0841 0.1944 0.0840 0.2106 0.1112 0.1167 0.1189 0.0801 
        H090  2 0.0412 0.0598 0.1673 0.0313 0.5101 0.0389 0.0737 0.0777 
        H091  2 0.0274 0.0800 0.0462 0.0529 0.6700 0.0326 0.0488 0.0423 
        H098  2 0.0998 0.1172 0.2451 0.0820 0.0784 0.0681 0.1069 0.2025 
      H10001  2 0.7121 0.0354 0.0285 0.0465 0.0582 0.0582 0.0367 0.0244 
      H10002  2 0.1596 0.1421 0.0685 0.2530 0.0923 0.1333 0.1016 0.0497 
        H101  2 0.0286 0.0649 0.3653 0.0330 0.3020 0.0716 0.0617 0.0729 
        H108  2 0.5115 0.1091 0.0692 0.1339 0.0329 0.0354 0.0698 0.0383 
        H109  2 0.0892 0.0963 0.1066 0.0516 0.0539 0.1440 0.1232 0.3353 
        H110  2 0.0365 0.1808 0.0679 0.3997 0.1385 0.0457 0.0624 0.0686 
        H116  2 0.0505 0.2023 0.0748 0.0963 0.0905 0.0801 0.2062 0.1993 
        H117  2 0.0276 0.0747 0.0520 0.0498 0.3250 0.0498 0.0506 0.3706 
        H118  2 0.0499 0.1295 0.0636 0.0680 0.4626 0.0481 0.1300 0.0482 
        H119  2 0.0645 0.0850 0.0476 0.1196 0.0532 0.0457 0.0934 0.4910 
        H120  2 0.6126 0.0552 0.0335 0.1256 0.0401 0.0497 0.0462 0.0371 
        H121  2 0.0417 0.0637 0.1844 0.0391 0.5550 0.0271 0.0568 0.0322 
        H125  2 0.5101 0.0491 0.0324 0.0619 0.0360 0.0994 0.0524 0.1586 
        H126  2 0.2770 0.1412 0.1368 0.1179 0.0597 0.0456 0.1776 0.0442 
        H128  2 0.0141 0.0403 0.1201 0.0253 0.6686 0.0350 0.0611 0.0355 
        H129  2 0.0355 0.1869 0.1371 0.0861 0.0632 0.0768 0.3172 0.0971 
        H130  2 0.3142 0.1419 0.1041 0.0696 0.0786 0.1216 0.1435 0.0265 
        H133  2 0.4319 0.0889 0.0679 0.0510 0.0863 0.0904 0.1228 0.0609 
        H134  2 0.0332 0.1868 0.1295 0.0565 0.0410 0.0926 0.4137 0.0466 
        H135  2 0.1634 0.1644 0.0899 0.1733 0.1013 0.0864 0.1150 0.1064 
        H137  2 0.0451 0.0564 0.1825 0.0373 0.1301 0.0576 0.0764 0.4145 
        H138  2 0.0322 0.2235 0.1189 0.1267 0.0569 0.1369 0.2411 0.0638 
        H140  2 0.1162 0.0882 0.1381 0.0605 0.3376 0.0693 0.1069 0.0832 
        H146  2 0.0477 0.0597 0.0525 0.0412 0.6096 0.0554 0.0748 0.0591 
        H147  2 0.0462 0.1625 0.0616 0.2279 0.3125 0.0483 0.0585 0.0824 
        H148  2 0.0360 0.1052 0.0705 0.1290 0.2474 0.0967 0.0931 0.2222 
     H166022  2 0.0373 0.1622 0.0996 0.1803 0.1371 0.0850 0.1068 0.1917 
     H167359  2 0.0958 0.1601 0.0950 0.0820 0.0899 0.2396 0.1356 0.1020 
     H167397  2 0.0204 0.1337 0.1335 0.0867 0.1832 0.0812 0.1522 0.2091 
     H167428  2 0.0397 0.2136 0.1751 0.1197 0.1798 0.0430 0.1670 0.0621 
     H167496  2 0.4017 0.0854 0.0730 0.0968 0.0903 0.0602 0.0692 0.1234 
     H167513  2 0.0520 0.0575 0.3356 0.0865 0.0577 0.2185 0.0697 0.1225 
     H167545  2 0.0423 0.1152 0.3090 0.1303 0.0602 0.1039 0.1607 0.0785 
     H167547  2 0.0234 0.0377 0.0333 0.0281 0.0326 0.0588 0.0540 0.7321 
     H169621  2 0.0262 0.0695 0.0778 0.0384 0.6095 0.0410 0.0694 0.0682 
     H169622  2 0.0358 0.1678 0.0618 0.2096 0.0763 0.2508 0.1513 0.0467 
     H169750  2 0.1182 0.1239 0.1010 0.0577 0.1983 0.0867 0.1688 0.1454 
     H171806  2 0.0742 0.1071 0.1060 0.0983 0.1537 0.0638 0.1248 0.2722 
     H171808  2 0.0791 0.1240 0.1259 0.1856 0.0674 0.1728 0.1708 0.0745 
     H171809  2 0.1177 0.1649 0.1097 0.2535 0.0741 0.0859 0.1134 0.0809 
     H171813  2 0.0708 0.1327 0.1281 0.1208 0.1017 0.1391 0.2063 0.1006 
     H171815  2 0.3591 0.0870 0.0574 0.1227 0.0421 0.1689 0.0984 0.0643 
     H171824  2 0.0979 0.1117 0.0824 0.1518 0.1427 0.1426 0.0935 0.1775 
     H171825  2 0.0446 0.1868 0.0763 0.2032 0.0730 0.2011 0.1550 0.0600 
     H171826  2 0.0883 0.1439 0.1139 0.0718 0.0603 0.1520 0.1224 0.2474 
     H171827  2 0.0350 0.1494 0.0695 0.1777 0.1276 0.2523 0.1138 0.0746 
     H171828  2 0.5579 0.0677 0.0369 0.0968 0.0603 0.0544 0.0565 0.0694 
     H171829  2 0.0828 0.1576 0.1025 0.0849 0.0809 0.1255 0.1776 0.1882 
     H171830  2 0.1506 0.1412 0.1699 0.0684 0.0761 0.0997 0.1228 0.1712 
     H171831  2 0.0347 0.1446 0.2496 0.0707 0.0626 0.1338 0.1489 0.1551 
     H171832  2 0.0903 0.2253 0.1521 0.0762 0.0609 0.1326 0.2057 0.0568 
     H171863  2 0.0292 0.1794 0.1134 0.0731 0.1430 0.1081 0.2791 0.0747 
     H171864  2 0.0855 0.1088 0.2393 0.0822 0.0981 0.0716 0.0909 0.2235 
     H171865  2 0.4667 0.0769 0.0527 0.0787 0.0290 0.0642 0.0978 0.1339 
     H171879  2 0.0616 0.1107 0.0812 0.0553 0.1158 0.1008 0.1310 0.3436 
     H171880  2 0.0301 0.0774 0.1150 0.0604 0.3633 0.0994 0.0838 0.1706 
     H171881  2 0.0460 0.1342 0.1891 0.0902 0.1666 0.1317 0.1599 0.0823 
     H171882  2 0.7543 0.0336 0.0357 0.0359 0.0340 0.0327 0.0339 0.0399 
     H171929  2 0.1370 0.1266 0.0988 0.0629 0.2937 0.0816 0.1179 0.0816 
     H171930  2 0.0243 0.1152 0.4049 0.0562 0.0820 0.0859 0.1082 0.1233 
     H171933  2 0.0464 0.1035 0.1010 0.0753 0.2544 0.0682 0.1152 0.2360 
     H171934  2 0.0548 0.1313 0.1039 0.2290 0.0953 0.0861 0.1015 0.1982 
     H171937  2 0.0867 0.1819 0.2696 0.0570 0.0606 0.0913 0.1921 0.0606 
     H171962  2 0.0958 0.1955 0.1329 0.1208 0.0879 0.1366 0.1657 0.0648 
        H190  2 0.0740 0.1584 0.1487 0.1367 0.1258 0.1004 0.1570 0.0990 
        H191  2 0.1598 0.1449 0.0742 0.0935 0.0644 0.0775 0.1370 0.2486 
        H396  2 0.1466 0.1390 0.0658 0.3417 0.1214 0.0750 0.0725 0.0379 
        H397  2 0.0741 0.1439 0.2113 0.1061 0.1650 0.0941 0.1391 0.0664 
        H398  2 0.1012 0.1631 0.0978 0.1181 0.0744 0.1308 0.2690 0.0456 
        H400  2 0.0977 0.1600 0.0986 0.1841 0.0913 0.1756 0.1373 0.0554 
        H401  2 0.0288 0.0486 0.0452 0.0221 0.0575 0.0607 0.0554 0.6819 
        H402  2 0.0290 0.1406 0.1109 0.2039 0.1253 0.1099 0.1021 0.1783 
        H427  2 0.0742 0.1753 0.0775 0.3249 0.0719 0.0629 0.0987 0.1145 
        H428  2 0.0392 0.1989 0.1869 0.1172 0.1989 0.0523 0.1436 0.0630 
        H497  2 0.1325 0.0743 0.1700 0.1018 0.0590 0.2725 0.1055 0.0844 
        H512  2 0.0532 0.1238 0.0814 0.0820 0.1317 0.1179 0.1383 0.2718 
        H513  2 0.0515 0.0580 0.3344 0.0798 0.0519 0.2272 0.0779 0.1193 
        H514  2 0.0566 0.2595 0.1006 0.0895 0.0911 0.1680 0.1957 0.0391 
        H519  2 0.0589 0.0718 0.3129 0.0681 0.0616 0.1994 0.0897 0.1376 
        H532  2 0.0309 0.1123 0.0560 0.2996 0.1145 0.1689 0.1194 0.0983 
        H543  2 0.0248 0.1644 0.0760 0.1509 0.2839 0.1234 0.0828 0.0939 
        H544  2 0.2738 0.1927 0.0618 0.0773 0.0801 0.0920 0.1946 0.0277 
        H545  2 0.0358 0.1476 0.3452 0.1240 0.0562 0.0911 0.1351 0.0651 
        H546  2 0.4061 0.0992 0.0734 0.0893 0.0496 0.0856 0.1237 0.0730 
        H547  2 0.0215 0.0402 0.0299 0.0246 0.0288 0.0599 0.0521 0.7431 
        H548  2 0.0846 0.1536 0.0940 0.1690 0.0859 0.1468 0.1092 0.1569 
        H549  2 0.0315 0.0509 0.1870 0.1877 0.0404 0.3627 0.0530 0.0868 
        H620  2 0.7239 0.0482 0.0213 0.0601 0.0235 0.0307 0.0340 0.0583 
        H623  2 0.0759 0.1457 0.3076 0.0558 0.1100 0.0796 0.1687 0.0567 
        H624  2 0.1010 0.0781 0.0353 0.1952 0.0438 0.4413 0.0838 0.0216 
        H625  2 0.1244 0.1389 0.1897 0.2168 0.0611 0.0755 0.0959 0.0976 
        H626  2 0.0668 0.1027 0.0683 0.1481 0.0479 0.2745 0.1103 0.1814 
        H654  2 0.4598 0.0464 0.0360 0.1151 0.0221 0.2451 0.0437 0.0318 
        H655  2 0.0897 0.0887 0.0961 0.1316 0.1502 0.3026 0.0973 0.0439 
        H656  2 0.7447 0.0499 0.0234 0.0762 0.0210 0.0272 0.0324 0.0252 
        H666  2 0.5318 0.0413 0.0377 0.0363 0.1601 0.0786 0.0556 0.0586 
        H667  2 0.0325 0.1546 0.0526 0.4361 0.0907 0.0865 0.0661 0.0810 
        H677  2 0.0641 0.1165 0.0638 0.2674 0.1178 0.1493 0.1282 0.0929 
        H693  2 0.3152 0.1558 0.1342 0.2147 0.0338 0.0526 0.0499 0.0439 
        H694  2 0.0779 0.0927 0.4797 0.0398 0.0971 0.0554 0.1208 0.0366 
        H701  2 0.0438 0.1624 0.1696 0.0881 0.2172 0.1413 0.1248 0.0529 
        H702  2 0.0636 0.1310 0.1165 0.1438 0.1341 0.1503 0.1070 0.1537 
        H731  2 0.1919 0.1246 0.0511 0.1752 0.2571 0.0611 0.0816 0.0575 
       H7359  2 0.0949 0.1693 0.1004 0.0791 0.0863 0.1988 0.1795 0.0918 
       H7389  2 0.0441 0.1319 0.0609 0.1191 0.0840 0.1358 0.1834 0.2409 
       H7390  2 0.0668 0.0786 0.0615 0.1529 0.0747 0.3626 0.0935 0.1094 
       H7391  2 0.0615 0.1501 0.0689 0.2361 0.0732 0.0441 0.0741 0.2919 
       H7392  2 0.0885 0.1134 0.0640 0.1042 0.1923 0.1989 0.1723 0.0664 
       H7393  2 0.1125 0.0952 0.0763 0.1138 0.1564 0.1666 0.1135 0.1656 
       H7398  2 0.1288 0.1266 0.0960 0.2021 0.1765 0.0458 0.0848 0.1395 
       H7399  2 0.0293 0.1466 0.1202 0.3037 0.1839 0.0687 0.1079 0.0398 
       H7400  2 0.6950 0.0360 0.0229 0.0722 0.0235 0.0907 0.0323 0.0274 
        H745  2 0.0388 0.2273 0.1108 0.0429 0.0723 0.1056 0.3357 0.0666 
        H746  2 0.0232 0.1557 0.0497 0.4110 0.0965 0.1134 0.1027 0.0477 
        H747  2 0.2109 0.0894 0.1256 0.0707 0.1561 0.1273 0.1071 0.1129 
        H748  2 0.0644 0.1156 0.0873 0.1648 0.1034 0.1936 0.1197 0.1514 
       H7484  2 0.5524 0.0689 0.0797 0.0460 0.0447 0.0389 0.0646 0.1049 
       H7485  2 0.0736 0.1776 0.1200 0.1027 0.0679 0.2611 0.1216 0.0754 
        H749  2 0.0385 0.1287 0.0469 0.2766 0.0676 0.2735 0.1078 0.0604 
        H930  2 0.0265 0.1073 0.3700 0.0542 0.0991 0.0872 0.1218 0.1339 
        H931  2 0.1937 0.1683 0.0990 0.0770 0.1172 0.0616 0.1461 0.1371 
        H932  2 0.0466 0.1103 0.0676 0.0977 0.1098 0.1162 0.1433 0.3086 
        H002  4 0.3176 0.1383 0.0815 0.1059 0.0358 0.1057 0.1670 0.0482 
        H003  4 0.0265 0.2161 0.0407 0.4179 0.1087 0.0381 0.0816 0.0703 
        H009  4 0.0412 0.2314 0.1313 0.0787 0.0902 0.1799 0.2005 0.0469 
        H010  4 0.0462 0.1531 0.0742 0.1200 0.1365 0.0966 0.1696 0.2039 
        H011  4 0.3521 0.0987 0.2028 0.1289 0.0510 0.0540 0.0683 0.0442 
        H012  4 0.0587 0.1539 0.0995 0.2182 0.2103 0.0844 0.1021 0.0728 
        H013  4 0.2209 0.2109 0.0542 0.2389 0.0946 0.0592 0.0744 0.0469 
        H014  4 0.0615 0.1524 0.1782 0.1005 0.1162 0.1014 0.1694 0.1203 
        H045  4 0.2662 0.1122 0.1146 0.1652 0.0849 0.0504 0.0697 0.1368 
        H046  4 0.0559 0.1941 0.0886 0.3209 0.0585 0.0801 0.1371 0.0647 
        H051  4 0.3876 0.1251 0.0838 0.1408 0.1101 0.0470 0.0666 0.0391 
        H052  4 0.3392 0.0788 0.2061 0.0534 0.0597 0.0729 0.1413 0.0486 
        H053  4 0.0727 0.1095 0.0884 0.1162 0.1691 0.2281 0.1289 0.0872 
        H056  4 0.4919 0.0920 0.0636 0.0656 0.0419 0.0655 0.1008 0.0788 
        H076  4 0.0365 0.1577 0.0818 0.0825 0.0680 0.0992 0.2286 0.2457 
        H151  4 0.0901 0.1117 0.1006 0.1225 0.0755 0.3279 0.1058 0.0660 
        H152  4 0.2586 0.1339 0.1731 0.0877 0.0503 0.0836 0.1658 0.0470 
     H171803  4 0.0442 0.1062 0.0694 0.2655 0.0544 0.2337 0.0813 0.1453 
     H171804  4 0.1497 0.0902 0.1108 0.1763 0.0882 0.0956 0.0940 0.1951 
     H171833  4 0.0453 0.2015 0.1420 0.0742 0.0389 0.1624 0.2569 0.0788 
     H171855  4 0.2088 0.1341 0.0810 0.0781 0.0253 0.1646 0.1426 0.1656 
     H171856  4 0.0414 0.0624 0.0846 0.1615 0.1934 0.2428 0.1011 0.1127 
     H171857  4 0.1596 0.1290 0.1201 0.0702 0.0408 0.1032 0.1418 0.2353 
     H171858  4 0.1360 0.1269 0.0898 0.1006 0.1119 0.0935 0.2131 0.1282 
     H171859  4 0.1102 0.1593 0.0579 0.1136 0.0948 0.0819 0.1654 0.2169 
     H171961  4 0.2531 0.1231 0.0829 0.1411 0.0906 0.1412 0.1127 0.0554 
        H198  4 0.0218 0.2344 0.1039 0.1804 0.0986 0.1014 0.1871 0.0725 
      H20001  4 0.0257 0.1749 0.2808 0.0719 0.0406 0.1942 0.1491 0.0627 
        H403  4 0.0848 0.1014 0.0849 0.1290 0.0851 0.1282 0.1341 0.2525 
        H404  4 0.0600 0.2138 0.0896 0.1735 0.1097 0.1083 0.1833 0.0618 
        H405  4 0.0401 0.1879 0.0736 0.2080 0.0836 0.0855 0.1927 0.1285 
        H406  4 0.0856 0.0855 0.0818 0.0335 0.0407 0.0769 0.1610 0.4350 
        H407  4 0.0415 0.1105 0.0466 0.1104 0.1264 0.1862 0.0980 0.2803 
        H410  4 0.0208 0.0352 0.0339 0.0352 0.0337 0.0328 0.0405 0.7679 
        H411  4 0.0443 0.1751 0.1525 0.0573 0.1111 0.1333 0.2315 0.0949 
        H468  4 0.0459 0.1012 0.2788 0.0667 0.0462 0.1408 0.1515 0.1689 
        H476  4 0.1183 0.1088 0.1188 0.1082 0.0977 0.2287 0.1235 0.0958 
        H477  4 0.0237 0.1741 0.1719 0.1525 0.0439 0.2043 0.1818 0.0478 
        H478  4 0.0323 0.1418 0.0619 0.3958 0.0724 0.1446 0.0945 0.0568 
        H479  4 0.3031 0.1346 0.0730 0.1793 0.1072 0.0626 0.0996 0.0407 
        H480  4 0.0333 0.1627 0.0972 0.1245 0.1525 0.1329 0.1986 0.0983 
        H498  4 0.0834 0.1771 0.0654 0.1922 0.1912 0.0712 0.1363 0.0832 
        H499  4 0.0742 0.1498 0.1973 0.1795 0.0533 0.1382 0.1440 0.0637 
        H500  4 0.2230 0.1215 0.0555 0.1318 0.0633 0.1790 0.0966 0.1292 
        H515  4 0.1127 0.1170 0.0797 0.1028 0.1557 0.1564 0.1551 0.1206 
        H516  4 0.0521 0.1284 0.1671 0.0676 0.1933 0.1455 0.1665 0.0794 
        H517  4 0.0463 0.0550 0.0482 0.0457 0.0471 0.0449 0.0733 0.6395 
        H518  4 0.2010 0.1181 0.1984 0.0496 0.0703 0.0989 0.1882 0.0755 
        H520  4 0.1242 0.1202 0.0978 0.0669 0.0952 0.1272 0.1230 0.2455 
        H521  4 0.0739 0.1614 0.2157 0.1547 0.0831 0.0839 0.1357 0.0916 
        H522  4 0.0464 0.1060 0.1185 0.1434 0.1309 0.2774 0.1147 0.0627 
        H523  4 0.0913 0.0848 0.0826 0.0730 0.4451 0.0847 0.0835 0.0549 
        H536  4 0.0698 0.1880 0.0705 0.2763 0.0613 0.0739 0.2022 0.0582 
        H645  4 0.1580 0.1786 0.0987 0.2791 0.0471 0.0632 0.0731 0.1023 
        H646  4 0.0295 0.0931 0.1257 0.0516 0.4305 0.0972 0.1328 0.0396 
        H647  4 0.0437 0.1068 0.0826 0.1428 0.0722 0.3751 0.1179 0.0589 
        H657  4 0.0324 0.1153 0.0585 0.1333 0.0867 0.0800 0.1068 0.3870 
        H658  4 0.0432 0.1089 0.1186 0.0995 0.2352 0.2394 0.1053 0.0499 
        H659  4 0.1094 0.0725 0.0482 0.1624 0.0472 0.4041 0.0806 0.0756 
        H660  4 0.1321 0.1155 0.1963 0.0981 0.1301 0.1434 0.1403 0.0441 
        H661  4 0.0598 0.0893 0.0673 0.1462 0.0582 0.4010 0.1242 0.0541 
        H668  4 0.0343 0.1620 0.1197 0.3075 0.0727 0.0847 0.1341 0.0849 
        H669  4 0.1067 0.1108 0.0927 0.1312 0.2183 0.0969 0.1274 0.1161 
        H670  4 0.1379 0.1467 0.0810 0.3563 0.0671 0.0586 0.0851 0.0672 
        H678  4 0.0283 0.1248 0.1085 0.1122 0.1029 0.2717 0.1325 0.1191 
        H679  4 0.0591 0.1442 0.1510 0.0740 0.1673 0.1334 0.1451 0.1259 
        H680  4 0.0354 0.1634 0.1254 0.0685 0.0310 0.1361 0.1726 0.2676 
        H681  4 0.1752 0.1699 0.0785 0.1976 0.0870 0.1057 0.1114 0.0747 
        H682  4 0.0351 0.1195 0.1181 0.1384 0.1214 0.1176 0.0965 0.2535 
        H683  4 0.3031 0.1073 0.0803 0.0410 0.1816 0.0857 0.1446 0.0563 
        H718  4 0.6004 0.0462 0.0504 0.0517 0.0836 0.0453 0.0500 0.0725 
        H719  4 0.1259 0.1262 0.3704 0.1185 0.0981 0.0439 0.0688 0.0482 
        H720  4 0.1585 0.0845 0.3036 0.1185 0.0353 0.1558 0.0926 0.0512 
        H721  4 0.1301 0.1700 0.0902 0.1198 0.0391 0.1378 0.1992 0.1139 
        H722  4 0.2586 0.1156 0.0596 0.0671 0.0661 0.1268 0.2561 0.0502 
        H723  4 0.2885 0.0994 0.0462 0.1594 0.1106 0.0702 0.0676 0.1581 
        H724  4 0.2647 0.0709 0.1300 0.0543 0.0629 0.1158 0.0707 0.2307 
        H725  4 0.4118 0.0793 0.0747 0.0674 0.0494 0.0725 0.0856 0.1594 
        H726  4 0.2417 0.1032 0.0723 0.0847 0.0689 0.1789 0.1162 0.1341 
        H727  4 0.1136 0.1239 0.1317 0.1424 0.0852 0.1047 0.1041 0.1945 
        H910  4 0.1227 0.1187 0.2503 0.1126 0.1071 0.0798 0.0823 0.1265 
        H911  4 0.0564 0.0916 0.0723 0.0516 0.0938 0.0449 0.1215 0.4680 
        H912  4 0.0691 0.1169 0.1113 0.0787 0.0555 0.1873 0.1579 0.2235 
        H913  4 0.0588 0.0769 0.0471 0.0923 0.3512 0.2605 0.0688 0.0444 
        H914  4 0.0839 0.1089 0.0496 0.2029 0.1672 0.2284 0.0946 0.0646 
        H915  4 0.0589 0.1174 0.1116 0.1204 0.0647 0.1967 0.1235 0.2069 
        H916  4 0.0471 0.1151 0.1828 0.0974 0.0883 0.1913 0.1817 0.0964 
       H9572  4 0.0674 0.0890 0.1927 0.0874 0.0908 0.1311 0.1034 0.2381 
        H015  5 0.0440 0.0919 0.4516 0.0645 0.0788 0.0817 0.0937 0.0939 
        H016  5 0.1100 0.2225 0.0475 0.0921 0.1289 0.1242 0.2131 0.0617 
        H017  5 0.0388 0.1018 0.1303 0.1393 0.1364 0.2501 0.1546 0.0488 
        H019  5 0.1936 0.1644 0.1405 0.0886 0.1181 0.0912 0.1522 0.0515 
        H020  5 0.0875 0.1251 0.2930 0.1175 0.1760 0.0772 0.0955 0.0281 
        H032  5 0.1053 0.1389 0.1020 0.0908 0.0795 0.1027 0.1602 0.2205 
        H033  5 0.0449 0.1682 0.2582 0.1099 0.1885 0.0748 0.0999 0.0557 
        H034  5 0.1778 0.1047 0.0990 0.1535 0.0999 0.0885 0.1128 0.1637 
        H035  5 0.0343 0.1594 0.0773 0.1141 0.1216 0.1947 0.1728 0.1257 
        H036  5 0.0486 0.1053 0.4700 0.0488 0.0869 0.0559 0.0798 0.1047 
        H037  5 0.0476 0.1006 0.0732 0.1868 0.1319 0.3410 0.0809 0.0380 
        H048  5 0.2055 0.1007 0.0803 0.1202 0.0432 0.0823 0.0995 0.2683 
        H049  5 0.0848 0.1383 0.4371 0.0671 0.0605 0.0607 0.1059 0.0456 
        H054  5 0.0834 0.0992 0.0929 0.0895 0.0801 0.0613 0.1933 0.3003 
        H055  5 0.0923 0.1466 0.1112 0.1489 0.0885 0.1733 0.1765 0.0627 
        H057  5 0.0907 0.2188 0.0747 0.0874 0.0516 0.1318 0.3091 0.0360 
        H060  5 0.1683 0.1288 0.0454 0.1648 0.0843 0.1811 0.1806 0.0465 
        H061  5 0.0423 0.1174 0.0747 0.3251 0.0631 0.1236 0.1425 0.1112 
        H064  5 0.2687 0.1493 0.0812 0.1314 0.0973 0.0709 0.1425 0.0587 
        H070  5 0.1617 0.1006 0.0740 0.1976 0.2137 0.0874 0.0858 0.0792 
        H077  5 0.5196 0.0661 0.0436 0.0676 0.0634 0.0793 0.0809 0.0795 
        H078  5 0.0752 0.1451 0.0757 0.0823 0.1167 0.2101 0.2043 0.0907 
        H079  5 0.0388 0.1476 0.0506 0.1557 0.4028 0.0848 0.0820 0.0377 
        H097  5 0.1613 0.1406 0.0564 0.0596 0.1756 0.1419 0.1895 0.0751 
        H107  5 0.2748 0.1083 0.0821 0.1610 0.0838 0.1020 0.0823 0.1058 
        H122  5 0.0296 0.1017 0.0624 0.1677 0.1142 0.2683 0.1524 0.1037 
        H123  5 0.0266 0.1323 0.0768 0.0969 0.1658 0.0850 0.1289 0.2876 
        H124  5 0.0422 0.1307 0.0653 0.1107 0.1141 0.1322 0.1383 0.2665 
        H131  5 0.0386 0.0840 0.2552 0.0702 0.3279 0.0491 0.0884 0.0866 
        H132  5 0.1380 0.1282 0.1210 0.1154 0.1273 0.1026 0.1287 0.1390 
        H141  5 0.0576 0.1056 0.1670 0.1951 0.0444 0.1779 0.1135 0.1388 
        H142  5 0.0396 0.1990 0.1013 0.2343 0.1616 0.0897 0.1261 0.0484 
        H157  5 0.1542 0.1264 0.0861 0.1247 0.0881 0.1355 0.1197 0.1654 
        H158  5 0.0288 0.1564 0.1811 0.0814 0.1835 0.1135 0.2050 0.0503 
        H159  5 0.0467 0.1268 0.1196 0.1514 0.0596 0.0850 0.1347 0.2761 
        H160  5 0.0452 0.1014 0.1128 0.1247 0.0788 0.1172 0.1330 0.2868 
        H163  5 0.0458 0.1292 0.2709 0.0925 0.1368 0.0735 0.1500 0.1012 
        H164  5 0.0974 0.2172 0.0535 0.1695 0.1672 0.1096 0.1121 0.0736 
        H165  5 0.0295 0.1251 0.1413 0.1811 0.2186 0.0723 0.1230 0.1092 
        H166  5 0.0454 0.1126 0.4722 0.0858 0.1179 0.0486 0.0883 0.0291 
        H169  5 0.0384 0.1743 0.1989 0.1958 0.1070 0.0981 0.1246 0.0628 
     H169613  5 0.1542 0.1440 0.0955 0.1310 0.2043 0.0797 0.1491 0.0423 
     H169653  5 0.0611 0.1179 0.3187 0.1156 0.1442 0.0464 0.1097 0.0864 
     H169728  5 0.0485 0.1295 0.2935 0.0730 0.0559 0.1282 0.1487 0.1227 
     H169742  5 0.0728 0.1938 0.1657 0.3174 0.0397 0.0963 0.0752 0.0391 
        H170  5 0.0725 0.2108 0.1133 0.0590 0.0514 0.1330 0.2790 0.0811 
        H171  5 0.0922 0.2320 0.0904 0.1104 0.0572 0.1006 0.2445 0.0726 
     H171851  5 0.0986 0.1737 0.0937 0.0857 0.1836 0.1395 0.1878 0.0376 
     H171852  5 0.2060 0.1291 0.0749 0.0933 0.0751 0.1638 0.1676 0.0903 
     H171853  5 0.0489 0.0977 0.1963 0.0778 0.0760 0.0651 0.0991 0.3390 
     H171854  5 0.1081 0.1749 0.1401 0.0577 0.0521 0.1484 0.1823 0.1364 
     H171938  5 0.0888 0.1813 0.0694 0.2907 0.0948 0.0934 0.0855 0.0962 
     H171939  5 0.0651 0.1353 0.0890 0.0965 0.2438 0.1122 0.2032 0.0549 
     H171941  5 0.3074 0.1292 0.1352 0.1134 0.1066 0.0881 0.0882 0.0319 
     H171965  5 0.0545 0.2275 0.0843 0.1698 0.1064 0.1178 0.1964 0.0433 
     H171970  5 0.4315 0.0733 0.1757 0.0717 0.0597 0.0637 0.0590 0.0655 
     H171973  5 0.0599 0.1810 0.0890 0.2324 0.0559 0.0967 0.1243 0.1608 
     H171974  5 0.0524 0.1560 0.1023 0.1479 0.1509 0.1475 0.1231 0.1199 
     H171975  5 0.2003 0.0863 0.2982 0.0983 0.0492 0.0563 0.0877 0.1236 
     H171976  5 0.1955 0.1663 0.1347 0.0808 0.0329 0.0879 0.2241 0.0779 
        H175  5 0.1503 0.1459 0.0951 0.1134 0.1125 0.1251 0.1410 0.1167 
        H178  5 0.1877 0.1920 0.1019 0.1759 0.1130 0.0798 0.1067 0.0431 
        H189  5 0.0310 0.1118 0.1685 0.1306 0.3667 0.0438 0.0950 0.0527 
        H399  5 0.0320 0.1534 0.0475 0.0468 0.0286 0.0745 0.2487 0.3684 
        H416  5 0.0675 0.1248 0.0548 0.1928 0.0774 0.2742 0.1124 0.0960 
        H438  5 0.0564 0.1132 0.1264 0.1441 0.1156 0.0688 0.0901 0.2853 
        H450  5 0.2392 0.0879 0.0554 0.1587 0.0712 0.2274 0.1270 0.0331 
        H455  5 0.5148 0.0787 0.1189 0.1175 0.0486 0.0334 0.0474 0.0406 
        H456  5 0.0653 0.1366 0.0667 0.3531 0.0725 0.1074 0.0829 0.1155 
        H457  5 0.3708 0.1337 0.0867 0.0783 0.0429 0.0837 0.1483 0.0556 
        H458  5 0.0874 0.1496 0.0952 0.1988 0.1346 0.0973 0.1303 0.1068 
        H459  5 0.0242 0.1453 0.1020 0.1508 0.2475 0.1601 0.1154 0.0547 
        H460  5 0.0672 0.1327 0.0637 0.2216 0.1093 0.2264 0.0941 0.0850 
        H461  5 0.0756 0.1788 0.1640 0.0869 0.0529 0.1307 0.2470 0.0642 
        H462  5 0.0462 0.0973 0.4219 0.0584 0.1375 0.0620 0.1102 0.0667 
        H469  5 0.0535 0.1227 0.2167 0.0727 0.2105 0.0802 0.1272 0.1165 
        H470  5 0.0606 0.1453 0.1758 0.1043 0.0667 0.1573 0.1714 0.1187 
        H471  5 0.0413 0.1187 0.0836 0.0897 0.1464 0.2298 0.1756 0.1148 
        H481  5 0.4126 0.0631 0.0669 0.0801 0.1062 0.1252 0.0794 0.0665 
        H482  5 0.2288 0.1173 0.0698 0.0968 0.0826 0.1311 0.1483 0.1253 
        H501  5 0.0994 0.1785 0.1020 0.1140 0.0916 0.1823 0.1314 0.1008 
        H502  5 0.0464 0.2104 0.1212 0.1491 0.1148 0.1299 0.1795 0.0487 
        H503  5 0.0426 0.1111 0.4186 0.0765 0.0623 0.0681 0.1202 0.1006 
        H509  5 0.0816 0.0723 0.1982 0.0668 0.0768 0.0505 0.0633 0.3906 
        H510  5 0.1842 0.1751 0.1610 0.1515 0.0805 0.0527 0.1615 0.0336 
        H511  5 0.0632 0.1742 0.0915 0.1815 0.1292 0.1055 0.1616 0.0932 
        H530  5 0.1073 0.1166 0.0914 0.1389 0.1053 0.1177 0.1172 0.2055 
        H531  5 0.1004 0.1271 0.0548 0.1118 0.0594 0.3657 0.1243 0.0566 
        H564  5 0.2361 0.1384 0.0666 0.1645 0.0383 0.1621 0.1563 0.0376 
        H565  5 0.3015 0.0978 0.0847 0.1321 0.0309 0.2358 0.0759 0.0414 
        H567  5 0.0307 0.0915 0.3461 0.0471 0.3143 0.0431 0.0765 0.0507 
     H568???  5 0.0378 0.1745 0.1412 0.0644 0.0590 0.1644 0.2280 0.1305 
        H608  5 0.2351 0.1235 0.0540 0.1649 0.0775 0.1545 0.1138 0.0766 
        H609  5 0.0718 0.1613 0.2401 0.1367 0.1677 0.0517 0.1011 0.0697 
        H612  5 0.2155 0.1269 0.0549 0.1877 0.0502 0.1604 0.0871 0.1173 
        H614  5 0.1339 0.0932 0.0896 0.1102 0.0706 0.2975 0.1243 0.0807 
        H615  5 0.1715 0.0779 0.0859 0.1202 0.0646 0.3293 0.1122 0.0383 
        H616  5 0.5559 0.0634 0.0528 0.0737 0.0788 0.0501 0.0549 0.0704 
        H617  5 0.0271 0.1367 0.0917 0.2328 0.1566 0.0817 0.0929 0.1805 
        H618  5 0.3929 0.0962 0.1267 0.0878 0.0353 0.0714 0.0818 0.1079 
        H619  5 0.0867 0.2144 0.0975 0.3724 0.0783 0.0619 0.0592 0.0295 
        H635  5 0.1511 0.1178 0.1707 0.1141 0.1160 0.0847 0.1447 0.1009 
        H636  5 0.0470 0.2238 0.0750 0.3989 0.0712 0.0582 0.0611 0.0648 
        H637  5 0.3415 0.1341 0.0845 0.1197 0.0699 0.1263 0.0947 0.0292 
        H644  5 0.0307 0.1336 0.1242 0.0388 0.3054 0.0485 0.2411 0.0776 
        H711  5 0.0532 0.1946 0.0818 0.1294 0.0655 0.2137 0.2126 0.0491 
        H712  5 0.2357 0.1255 0.0619 0.1822 0.1995 0.0669 0.0803 0.0482 
       H7360  5 0.1033 0.1533 0.1102 0.1119 0.1194 0.1435 0.2141 0.0444 
       H7361  5 0.2822 0.1254 0.1145 0.1046 0.0533 0.1047 0.1192 0.0960 
       H7362  5 0.0244 0.1583 0.2675 0.0471 0.1154 0.0417 0.2432 0.1025 
       H7363  5 0.1240 0.1243 0.2632 0.1060 0.0532 0.0878 0.1483 0.0931 
       H7394  5 0.0311 0.1839 0.1938 0.1428 0.1618 0.1002 0.1166 0.0699 
       H7395  5 0.0942 0.1939 0.0831 0.3019 0.0977 0.0840 0.1062 0.0391 
       H7396  5 0.0446 0.1138 0.1151 0.1311 0.2000 0.2506 0.0895 0.0555 
        H742  5 0.0685 0.1988 0.1642 0.3067 0.0421 0.0969 0.0824 0.0405 
        H743  5 0.2005 0.1366 0.0812 0.0820 0.1486 0.0937 0.1401 0.1173 
        H744  5 0.2768 0.0621 0.0537 0.0696 0.1062 0.0847 0.0703 0.2766 
        H957  5 0.0572 0.1952 0.1135 0.1133 0.0481 0.2108 0.2161 0.0459 
        H958  5 0.0839 0.1150 0.1669 0.1115 0.1923 0.1192 0.1237 0.0875 
        H959  5 0.4045 0.1206 0.0600 0.1315 0.0513 0.0892 0.0921 0.0509 
        H960  5 0.0900 0.0966 0.1320 0.1018 0.1103 0.0981 0.1335 0.2377 
        H431  8 0.0595 0.0569 0.0516 0.0609 0.0441 0.0883 0.0656 0.5730 
        H432  8 0.0345 0.0937 0.6199 0.0503 0.0476 0.0437 0.0703 0.0399 
        H433  8 0.0757 0.1422 0.1093 0.1248 0.2966 0.0566 0.0865 0.1082 
        H434  8 0.0316 0.0761 0.0958 0.0617 0.5203 0.0805 0.0981 0.0359 
        H444  8 0.2058 0.1671 0.1351 0.1704 0.1354 0.0461 0.0871 0.0530 
        H454  8 0.4562 0.0829 0.0923 0.1011 0.1045 0.0550 0.0606 0.0474 
        H475  8 0.5546 0.0686 0.0349 0.0690 0.0786 0.0821 0.0680 0.0443 
        H491  8 0.2642 0.1390 0.1035 0.1294 0.0837 0.1145 0.1346 0.0311 
        H492  8 0.1604 0.1145 0.1724 0.1014 0.1117 0.1984 0.0897 0.0516 
        H493  8 0.0497 0.2050 0.1312 0.0853 0.1088 0.1133 0.1773 0.1295 
        H494  8 0.0800 0.1252 0.4938 0.0718 0.0379 0.0499 0.0702 0.0711 
        H495  8 0.1716 0.0861 0.0462 0.1588 0.0433 0.3476 0.1166 0.0298 
        H662  8 0.0379 0.1107 0.0677 0.1415 0.1008 0.3025 0.1597 0.0792 
        H663  8 0.1079 0.1008 0.2287 0.1128 0.0584 0.1201 0.1008 0.1705 
        H695  8 0.1580 0.1194 0.0963 0.0857 0.1277 0.1284 0.1260 0.1586 
       H7367  8 0.0245 0.0624 0.1301 0.0416 0.5137 0.0812 0.0857 0.0607 
       H7368  8 0.0579 0.1972 0.0901 0.1162 0.0596 0.0839 0.2177 0.1774 
       H7369  8 0.1633 0.1371 0.0683 0.2585 0.1077 0.0750 0.0803 0.1098 
       H7370  8 0.0234 0.0798 0.2264 0.0679 0.2407 0.1554 0.0984 0.1079 
       H7371  8 0.0882 0.1511 0.1533 0.1313 0.1019 0.0999 0.1070 0.1671 
     H169705 10 0.0261 0.0540 0.0992 0.0492 0.5628 0.0605 0.0699 0.0783 
     H171942 10 0.0341 0.0952 0.6235 0.0518 0.0591 0.0439 0.0557 0.0368 
     H171943 10 0.0438 0.1304 0.1487 0.2036 0.1082 0.1835 0.1329 0.0489 
     H171944 10 0.0357 0.1231 0.0659 0.2172 0.0977 0.2547 0.0951 0.1105 
     H171946 10 0.0623 0.0634 0.0687 0.1735 0.0548 0.3596 0.1315 0.0862 
     H171947 10 0.0899 0.1571 0.1767 0.0512 0.2172 0.1005 0.1655 0.0419 
     H229641 10 0.2161 0.1000 0.0785 0.0658 0.0907 0.1085 0.1407 0.1994 
      H30001 10 0.1008 0.1613 0.1042 0.1434 0.0810 0.1179 0.1378 0.1537 
      H30002 10 0.0565 0.0970 0.0475 0.1003 0.5121 0.0726 0.0829 0.0310 
      H30005 10 0.0302 0.0634 0.0646 0.0555 0.0923 0.0470 0.0792 0.5678 
      H30006 10 0.0528 0.0384 0.1999 0.0304 0.5547 0.0334 0.0577 0.0328 
      H30007 10 0.0394 0.1150 0.0452 0.1824 0.0828 0.2828 0.2241 0.0283 
        H451 10 0.0651 0.1472 0.2291 0.1153 0.2270 0.0478 0.1105 0.0578 
        H452 10 0.0624 0.0346 0.0324 0.0260 0.0369 0.0440 0.0449 0.7187 
        H453 10 0.2436 0.1220 0.1141 0.1003 0.0930 0.1152 0.1682 0.0434 
        H473 10 0.3129 0.1341 0.0880 0.1217 0.0609 0.0953 0.1522 0.0350 
        H474 10 0.2272 0.0734 0.0895 0.0965 0.0829 0.2925 0.0969 0.0411 
        H486 10 0.3829 0.0957 0.0569 0.0852 0.0671 0.0510 0.0771 0.1841 
        H487 10 0.1957 0.0962 0.0797 0.0486 0.1383 0.1349 0.1370 0.1695 
        H488 10 0.2183 0.1367 0.1074 0.1445 0.1283 0.0602 0.0963 0.1083 
        H489 10 0.1327 0.0712 0.0913 0.0803 0.1741 0.2419 0.1060 0.1024 
        H550 10 0.0228 0.0992 0.0636 0.1501 0.2075 0.3069 0.1117 0.0382 
        H551 10 0.1129 0.1091 0.2298 0.0724 0.1411 0.0814 0.0994 0.1540 
        H553 10 0.1994 0.0545 0.0568 0.0486 0.2248 0.0722 0.0866 0.2570 
        H554 10 0.0657 0.1850 0.0852 0.1460 0.2150 0.0857 0.1597 0.0576 
        H556 10 0.0698 0.0797 0.0629 0.0839 0.4058 0.1366 0.1109 0.0506 
        H580 10 0.0395 0.1148 0.1296 0.1408 0.1799 0.0974 0.1126 0.1854 
        H591 10 0.4694 0.0608 0.0389 0.0802 0.0696 0.1603 0.0651 0.0558 
        H592 10 0.0870 0.0948 0.0908 0.1024 0.1055 0.1520 0.1221 0.2455 
        H593 10 0.0995 0.1757 0.0976 0.1369 0.0746 0.1412 0.2177 0.0567 
        H594 10 0.0240 0.2111 0.1271 0.0640 0.1429 0.1239 0.2051 0.1020 
        H627 10 0.1229 0.1489 0.1215 0.0746 0.1137 0.2016 0.1700 0.0469 
        H628 10 0.0456 0.1685 0.0953 0.1772 0.0646 0.0691 0.1390 0.2407 
        H629 10 0.0972 0.1302 0.1445 0.0624 0.0405 0.1259 0.1795 0.2198 
        H630 10 0.0316 0.0893 0.1384 0.1213 0.1058 0.2211 0.1066 0.1858 
        H638 10 0.0383 0.1041 0.1882 0.0562 0.0660 0.1442 0.1375 0.2657 
        H639 10 0.2838 0.0793 0.1703 0.0477 0.0558 0.0682 0.1256 0.1693 
        H640 10 0.0291 0.0965 0.4012 0.0874 0.0962 0.0902 0.0992 0.1002 
        H704 10 0.0369 0.1297 0.1708 0.0787 0.1763 0.1102 0.2436 0.0538 
        H705 10 0.0255 0.0498 0.0945 0.0385 0.5816 0.0521 0.0746 0.0835 
        H706 10 0.2130 0.1328 0.0842 0.1334 0.1500 0.0757 0.0941 0.1168 
        H708 10 0.0547 0.0593 0.0465 0.1603 0.0758 0.4638 0.0742 0.0655 
       H7351 10 0.0539 0.1319 0.1627 0.1155 0.1302 0.1362 0.2081 0.0615 
       H7352 10 0.0727 0.1464 0.0943 0.1114 0.0565 0.0883 0.1530 0.2773 
       H7353 10 0.0489 0.2174 0.1048 0.0499 0.0996 0.0578 0.3599 0.0617 
       H7354 10 0.1977 0.1318 0.0822 0.2289 0.1143 0.0880 0.1230 0.0339 
       H7365 10 0.1664 0.0835 0.1038 0.1264 0.0568 0.1339 0.0917 0.2375 
       H7383 10 0.1031 0.1389 0.1157 0.1781 0.1106 0.1322 0.1219 0.0996 
       H7384 10 0.0789 0.0795 0.0863 0.0782 0.4163 0.0967 0.1116 0.0524 
       H7385 10 0.1140 0.1237 0.1296 0.1409 0.1417 0.1669 0.1158 0.0674 
       H7386 10 0.0664 0.1579 0.1514 0.1225 0.1071 0.0670 0.1578 0.1699 
       H7387 10 0.0301 0.1466 0.0961 0.1940 0.1075 0.2234 0.1438 0.0584 
       H7388 10 0.0447 0.0492 0.0388 0.0356 0.0319 0.0311 0.0362 0.7325 
        H906 10 0.4602 0.1223 0.0566 0.1228 0.0430 0.0579 0.1090 0.0281 
        H907 10 0.0421 0.1543 0.1859 0.0692 0.0839 0.1472 0.1537 0.1636 
        H908 10 0.0751 0.1635 0.1119 0.1833 0.1252 0.0920 0.1181 0.1310 
        H909 10 0.1946 0.1762 0.0700 0.2824 0.0939 0.0573 0.0906 0.0351 
       H9552 10 0.0673 0.2002 0.0979 0.1148 0.1059 0.0975 0.1807 0.1357 
       H9553 10 0.1286 0.0497 0.0564 0.0545 0.2631 0.0669 0.0729 0.3079 
       H9555 10 0.0431 0.1299 0.1006 0.1748 0.1402 0.1649 0.1156 0.1309 
       H9575 10 0.0973 0.1282 0.0600 0.1678 0.0572 0.2831 0.1231 0.0833 
       H9703 10 0.2207 0.0828 0.0552 0.0776 0.3237 0.0839 0.0771 0.0789 
       H9707 10 0.3067 0.0995 0.1026 0.0555 0.1320 0.0792 0.0919 0.1327 
       HSAA4 10 0.0337 0.1326 0.1312 0.1370 0.1622 0.0992 0.1410 0.1632 
        H001 11 0.0764 0.1556 0.1406 0.1499 0.0560 0.0943 0.1456 0.1818 
        H004 11 0.0967 0.1404 0.0765 0.1545 0.1449 0.1625 0.1677 0.0568 
        H005 11 0.4471 0.0894 0.0568 0.1405 0.0436 0.0701 0.0941 0.0583 
        H006 11 0.0695 0.1572 0.1039 0.1700 0.1373 0.1464 0.1389 0.0769 
        H007 11 0.4515 0.1185 0.0578 0.1480 0.0690 0.0601 0.0670 0.0281 
        H031 11 0.2459 0.0877 0.0673 0.0928 0.0552 0.1834 0.0838 0.1838 
        H074 11 0.1029 0.0862 0.2445 0.0795 0.0505 0.1358 0.1164 0.1843 
        H075 11 0.1519 0.1204 0.0460 0.2381 0.0334 0.2944 0.0728 0.0430 
        H080 11 0.1333 0.1134 0.1084 0.1089 0.0448 0.0651 0.0896 0.3365 
        H086 11 0.0579 0.1089 0.0893 0.0474 0.4016 0.0629 0.1027 0.1293 
        H092 11 0.1362 0.1058 0.0831 0.1148 0.2747 0.0912 0.1161 0.0779 
        H093 11 0.0563 0.2164 0.0741 0.1053 0.2240 0.0482 0.2075 0.0682 
        H094 11 0.0305 0.1121 0.1385 0.0964 0.0836 0.1954 0.1368 0.2067 
        H095 11 0.1487 0.1460 0.1503 0.1574 0.0552 0.1213 0.1344 0.0867 
        H096 11 0.2077 0.1333 0.0752 0.2650 0.0609 0.0793 0.0994 0.0791 
        H099 11 0.1376 0.1453 0.1190 0.1115 0.1400 0.1309 0.1316 0.0842 
        H100 11 0.0295 0.1394 0.5038 0.1139 0.0534 0.0459 0.0796 0.0345 
        H127 11 0.1039 0.0994 0.0763 0.0788 0.1343 0.0816 0.1219 0.3037 
        H136 11 0.3018 0.0912 0.0458 0.0738 0.0829 0.2538 0.0836 0.0671 
        H153 11 0.1344 0.1934 0.1034 0.0751 0.1613 0.0833 0.1824 0.0668 
        H154 11 0.0986 0.0924 0.0660 0.1090 0.0463 0.1708 0.1000 0.3169 
        H155 11 0.0447 0.1339 0.0930 0.2723 0.1140 0.0445 0.0773 0.2203 
        H156 11 0.0328 0.2267 0.1778 0.1858 0.0936 0.0753 0.1253 0.0826 
        H161 11 0.1250 0.1484 0.0741 0.1182 0.1493 0.1650 0.1870 0.0330 
        H162 11 0.0348 0.0981 0.0751 0.0788 0.1473 0.0830 0.1222 0.3608 
        H167 11 0.0433 0.1600 0.0837 0.1971 0.2102 0.1218 0.1245 0.0593 
        H168 11 0.0706 0.1285 0.1399 0.1555 0.0890 0.0765 0.1615 0.1785 
     H169586 11 0.0482 0.0604 0.0398 0.1832 0.0528 0.4787 0.1151 0.0218 
     H169738 11 0.0873 0.1732 0.0850 0.1431 0.1471 0.0531 0.1199 0.1913 
     H169741 11 0.0835 0.0680 0.0675 0.1546 0.1364 0.3799 0.0727 0.0375 
     H171801 11 0.0537 0.1816 0.3242 0.0607 0.0702 0.0848 0.1660 0.0589 
     H171810 11 0.1634 0.0977 0.1188 0.1236 0.0667 0.3019 0.0900 0.0379 
     H171811 11 0.0523 0.0845 0.0566 0.1541 0.0706 0.4256 0.1076 0.0488 
     H171812 11 0.0784 0.1679 0.1022 0.2118 0.0977 0.1838 0.1074 0.0507 
     H171820 11 0.1338 0.1109 0.0565 0.1337 0.1034 0.2305 0.1223 0.1089 
     H171821 11 0.0550 0.1307 0.1162 0.0955 0.0640 0.0988 0.1728 0.2669 
     H171822 11 0.0445 0.1214 0.1974 0.1022 0.1081 0.1241 0.1398 0.1626 
     H171823 11 0.4675 0.1062 0.0872 0.0538 0.0330 0.0835 0.1377 0.0311 
     H171866 11 0.1374 0.1474 0.0610 0.1045 0.0707 0.0585 0.1955 0.2250 
     H171867 11 0.0634 0.1277 0.1310 0.1468 0.2511 0.0594 0.1003 0.1203 
     H171967 11 0.2198 0.1233 0.0812 0.1436 0.0712 0.1396 0.0927 0.1286 
     H171969 11 0.1149 0.1653 0.1207 0.1050 0.1225 0.1692 0.1597 0.0428 
        H172 11 0.0596 0.1418 0.1154 0.1658 0.1238 0.1399 0.1269 0.1269 
        H173 11 0.0465 0.1528 0.1432 0.1481 0.1425 0.0901 0.0991 0.1776 
        H174 11 0.0185 0.1633 0.1090 0.0659 0.0397 0.1721 0.1234 0.3082 
        H196 11 0.0234 0.0406 0.0363 0.0292 0.0510 0.0313 0.0406 0.7477 
        H197 11 0.0347 0.1635 0.1704 0.1058 0.1007 0.1392 0.1572 0.1285 
        H346 11 0.2257 0.1460 0.0638 0.1912 0.1918 0.0698 0.0844 0.0273 
        H355 11 0.1642 0.1319 0.2095 0.1260 0.0692 0.0719 0.1467 0.0804 
        H356 11 0.1587 0.1416 0.1579 0.0748 0.1981 0.0744 0.1264 0.0681 
        H357 11 0.1480 0.1275 0.1941 0.0996 0.0556 0.1584 0.1034 0.1134 
        H358 11 0.0570 0.1556 0.0643 0.3288 0.1290 0.1528 0.0642 0.0482 
        H359 11 0.0549 0.1238 0.0607 0.1273 0.1640 0.1952 0.1534 0.1207 
        H360 11 0.0435 0.0877 0.1206 0.0913 0.4519 0.0860 0.0797 0.0393 
        H361 11 0.0799 0.1383 0.2027 0.1405 0.2543 0.0424 0.0962 0.0457 
        H362 11 0.0319 0.1349 0.1162 0.0886 0.1659 0.0728 0.1294 0.2603 
        H363 11 0.1345 0.1095 0.0566 0.2002 0.1525 0.1904 0.0888 0.0674 
        H364 11 0.0484 0.1367 0.0820 0.1620 0.1250 0.2674 0.1435 0.0350 
        H365 11 0.0906 0.1345 0.0669 0.1272 0.1842 0.1690 0.1526 0.0749 
        H366 11 0.0632 0.1388 0.0979 0.0779 0.0816 0.0578 0.1537 0.3291 
        H367 11 0.1508 0.0535 0.1046 0.0468 0.0361 0.0515 0.0598 0.4969 
        H368 11 0.0310 0.1528 0.1107 0.1365 0.0577 0.3141 0.1565 0.0406 
        H369 11 0.2147 0.0950 0.0824 0.1432 0.0579 0.0752 0.0665 0.2652 
        H370 11 0.0407 0.1912 0.1173 0.1410 0.0988 0.1164 0.1755 0.1191 
        H371 11 0.0608 0.1266 0.1783 0.0638 0.1606 0.0949 0.1283 0.1867 
        H372 11 0.0522 0.1350 0.1595 0.1743 0.0753 0.1115 0.0982 0.1940 
        H373 11 0.0612 0.1636 0.1905 0.1482 0.0771 0.1022 0.1422 0.1149 
        H374 11 0.1344 0.1233 0.1325 0.1263 0.1801 0.1186 0.1494 0.0354 
        H375 11 0.1613 0.1437 0.1542 0.1972 0.0633 0.0811 0.0773 0.1219 
        H376 11 0.0528 0.1741 0.1961 0.1037 0.0825 0.1069 0.1923 0.0917 
        H377 11 0.1465 0.1261 0.1320 0.0886 0.2119 0.1331 0.1238 0.0381 
        H378 11 0.0528 0.1777 0.1830 0.0905 0.0672 0.1304 0.1823 0.1161 
        H379 11 0.0851 0.1465 0.0866 0.1233 0.1268 0.1423 0.1853 0.1041 
        H380 11 0.0521 0.1981 0.1049 0.2961 0.0824 0.0681 0.1003 0.0980 
        H381 11 0.1971 0.1124 0.0505 0.1234 0.0478 0.2696 0.1541 0.0451 
        H382 11 0.0252 0.1661 0.1202 0.1636 0.0889 0.0933 0.1916 0.1511 
        H383 11 0.0308 0.1849 0.1394 0.1259 0.1116 0.1118 0.2271 0.0684 
        H384 11 0.0541 0.0640 0.0513 0.1271 0.1721 0.4127 0.0846 0.0340 
        H385 11 0.0826 0.1063 0.0890 0.1000 0.1664 0.2407 0.1178 0.0971 
        H386 11 0.0344 0.2049 0.0706 0.3625 0.0554 0.0558 0.0751 0.1413 
        H387 11 0.0817 0.1845 0.0792 0.1773 0.0652 0.1034 0.2703 0.0384 
        H388 11 0.0408 0.1298 0.0754 0.1187 0.3163 0.0764 0.1366 0.1060 
        H389 11 0.2040 0.1514 0.1204 0.2055 0.0884 0.0786 0.0857 0.0659 
        H390 11 0.0354 0.1592 0.1379 0.2141 0.1110 0.1197 0.1238 0.0987 
        H391 11 0.0210 0.1100 0.0501 0.1481 0.0464 0.2426 0.1351 0.2466 
        H392 11 0.1382 0.1495 0.0385 0.3409 0.0556 0.1950 0.0530 0.0292 
        H393 11 0.0743 0.1701 0.3107 0.0885 0.1145 0.0472 0.1568 0.0380 
        H394 11 0.0814 0.1800 0.0623 0.0697 0.1077 0.0637 0.3079 0.1273 
        H395 11 0.1546 0.1065 0.0586 0.1251 0.0694 0.1401 0.1040 0.2416 
        H408 11 0.1082 0.1745 0.0667 0.3375 0.0906 0.0599 0.0877 0.0747 
        H412 11 0.0766 0.0743 0.0637 0.1018 0.0342 0.2698 0.1052 0.2745 
