        H008  2 0.1710 0.2461 0.3353 0.2476 
        H021  2 0.2227 0.2180 0.3003 0.2590 
        H023  2 0.3349 0.1859 0.3035 0.1757 
        H024  2 0.1488 0.2964 0.1521 0.4026 
        H025  2 0.4124 0.2616 0.1532 0.1729 
        H026  2 0.1249 0.3992 0.1518 0.3242 
        H027  2 0.1495 0.2184 0.3670 0.2651 
        H028  2 0.1861 0.3231 0.2192 0.2715 
        H029  2 0.1402 0.2514 0.2788 0.3297 
        H030  2 0.1310 0.3520 0.1717 0.3453 
        H038  2 0.2936 0.2211 0.3007 0.1846 
        H039  2 0.6434 0.1163 0.1061 0.1341 
        H040  2 0.2671 0.2444 0.2084 0.2801 
        H041  2 0.2115 0.1857 0.3277 0.2751 
        H042  2 0.2916 0.2298 0.2549 0.2237 
        H043  2 0.4872 0.2115 0.1485 0.1528 
        H044  2 0.1880 0.3190 0.1880 0.3050 
        H047  2 0.3484 0.2655 0.1389 0.2473 
        H050  2 0.1315 0.2675 0.1537 0.4473 
        H058  2 0.2745 0.2726 0.1988 0.2542 
        H062  2 0.3180 0.2104 0.3218 0.1498 
        H063  2 0.4201 0.1612 0.2083 0.2104 
        H065  2 0.2806 0.3640 0.2185 0.1369 
        H066  2 0.1675 0.2765 0.1349 0.4212 
        H067  2 0.1450 0.2277 0.4289 0.1984 
        H068  2 0.4017 0.1947 0.1617 0.2418 
        H069  2 0.2228 0.3237 0.1709 0.2826 
        H071  2 0.3034 0.1980 0.3116 0.1869 
        H072  2 0.5057 0.1541 0.1637 0.1765 
        H073  2 0.1474 0.2853 0.3691 0.1982 
        H081  2 0.2519 0.1603 0.4064 0.1815 
        H082  2 0.1821 0.3122 0.1742 0.3315 
        H083  2 0.2065 0.3486 0.2252 0.2197 
        H084  2 0.2143 0.2365 0.2050 0.3442 
        H085  2 0.2063 0.1887 0.3950 0.2100 
        H087  2 0.1937 0.1702 0.4404 0.1957 
        H088  2 0.3402 0.1804 0.2753 0.2042 
        H089  2 0.1763 0.2264 0.3951 0.2022 
        H090  2 0.1697 0.2408 0.2040 0.3855 
        H091  2 0.1246 0.2297 0.3204 0.3254 
        H098  2 0.2078 0.2414 0.2147 0.3361 
      H10001  2 0.5874 0.1354 0.1440 0.1332 
      H10002  2 0.3088 0.1849 0.3408 0.1655 
        H101  2 0.1338 0.2397 0.1258 0.5006 
        H108  2 0.3753 0.1695 0.3248 0.1305 
        H109  2 0.2706 0.2192 0.1389 0.3712 
        H110  2 0.1407 0.1817 0.4944 0.1832 
        H116  2 0.1838 0.3385 0.2342 0.2435 
        H117  2 0.1247 0.1744 0.2971 0.4039 
        H118  2 0.1339 0.3462 0.2689 0.2510 
        H119  2 0.2201 0.1930 0.3698 0.2171 
        H120  2 0.4947 0.1317 0.2548 0.1188 
        H121  2 0.1604 0.2551 0.2559 0.3287 
        H125  2 0.5445 0.1377 0.1571 0.1607 
        H126  2 0.2541 0.3715 0.1968 0.1776 
        H128  2 0.0768 0.3691 0.1654 0.3887 
        H129  2 0.1368 0.4263 0.2063 0.2306 
        H130  2 0.4446 0.2634 0.1347 0.1573 
        H133  2 0.4630 0.2061 0.1517 0.1792 
        H134  2 0.1438 0.5491 0.1378 0.1693 
        H135  2 0.2516 0.2006 0.3424 0.2054 
        H137  2 0.1735 0.2062 0.1715 0.4489 
        H138  2 0.1731 0.4110 0.2144 0.2015 
        H140  2 0.2558 0.2322 0.2043 0.3077 
        H146  2 0.1846 0.2900 0.2039 0.3214 
        H147  2 0.1541 0.1854 0.4135 0.2471 
        H148  2 0.1511 0.1780 0.3239 0.3471 
     H166022  2 0.1297 0.2147 0.3334 0.3221 
     H167359  2 0.2366 0.2861 0.1768 0.3006 
     H167397  2 0.0881 0.2844 0.2275 0.3999 
     H167428  2 0.1181 0.3476 0.2922 0.2421 
     H167496  2 0.3651 0.1621 0.2526 0.2202 
     H167513  2 0.2516 0.2439 0.1454 0.3591 
     H167545  2 0.1858 0.3334 0.2136 0.2671 
     H167547  2 0.1205 0.3093 0.1381 0.4321 
     H169621  2 0.1391 0.2705 0.2061 0.3843 
     H169622  2 0.1709 0.3244 0.3059 0.1988 
     H169750  2 0.2672 0.2982 0.1896 0.2450 
     H171806  2 0.2320 0.2477 0.2363 0.2840 
     H171808  2 0.1947 0.2738 0.2885 0.2430 
     H171809  2 0.2373 0.2006 0.3570 0.2050 
     H171813  2 0.2420 0.3151 0.1982 0.2447 
     H171815  2 0.5028 0.1957 0.1631 0.1383 
     H171824  2 0.2840 0.1597 0.3573 0.1991 
     H171825  2 0.1789 0.2978 0.3519 0.1714 
     H171826  2 0.2349 0.2184 0.2647 0.2820 
     H171827  2 0.1978 0.2073 0.3691 0.2258 
     H171828  2 0.4899 0.1258 0.2476 0.1366 
     H171829  2 0.2154 0.3136 0.2086 0.2625 
     H171830  2 0.2883 0.2021 0.2094 0.3002 
     H171831  2 0.1376 0.3895 0.1941 0.2788 
     H171832  2 0.2297 0.3507 0.2087 0.2109 
     H171863  2 0.1365 0.4551 0.1366 0.2718 
     H171864  2 0.2090 0.2047 0.2535 0.3328 
     H171865  2 0.4904 0.1871 0.1556 0.1669 
     H171879  2 0.1861 0.2324 0.1879 0.3937 
     H171880  2 0.1399 0.2185 0.2190 0.4227 
     H171881  2 0.1447 0.3038 0.2658 0.2857 
     H171882  2 0.5618 0.1402 0.1622 0.1359 
     H171929  2 0.2485 0.2378 0.2512 0.2625 
     H171930  2 0.1279 0.2867 0.1714 0.4140 
     H171933  2 0.1612 0.2471 0.2396 0.3521 
     H171934  2 0.2088 0.2231 0.3179 0.2502 
     H171937  2 0.2028 0.4026 0.1514 0.2432 
     H171962  2 0.2155 0.2843 0.2928 0.2074 
        H190  2 0.1853 0.2765 0.2741 0.2641 
        H191  2 0.2292 0.2802 0.2473 0.2432 
        H396  2 0.2185 0.1977 0.4178 0.1659 
        H397  2 0.1934 0.2570 0.2453 0.3043 
        H398  2 0.2553 0.3236 0.2332 0.1878 
        H400  2 0.2256 0.2282 0.3141 0.2321 
        H401  2 0.1148 0.2443 0.1494 0.4916 
        H402  2 0.1212 0.2265 0.2942 0.3581 
        H427  2 0.1959 0.1961 0.4180 0.1900 
        H428  2 0.1221 0.3141 0.3024 0.2614 
        H497  2 0.3853 0.2237 0.1661 0.2249 
        H512  2 0.1854 0.2361 0.2301 0.3484 
        H513  2 0.2552 0.2436 0.1430 0.3582 
        H514  2 0.2491 0.3294 0.2150 0.2066 
        H519  2 0.2480 0.2270 0.1516 0.3735 
        H532  2 0.1487 0.2270 0.3902 0.2340 
        H543  2 0.1280 0.2096 0.3655 0.2968 
        H544  2 0.2807 0.3954 0.1531 0.1708 
        H545  2 0.1671 0.3784 0.2073 0.2472 
        H546  2 0.3900 0.2732 0.1756 0.1612 
        H547  2 0.1200 0.3068 0.1419 0.4314 
        H548  2 0.2099 0.2031 0.3485 0.2385 
        H549  2 0.2151 0.2995 0.1771 0.3083 
        H620  2 0.5627 0.1165 0.2014 0.1193 
        H623  2 0.1923 0.3571 0.1735 0.2770 
        H624  2 0.4174 0.2827 0.1586 0.1413 
        H625  2 0.2195 0.2172 0.3510 0.2124 
        H626  2 0.2256 0.2380 0.2612 0.2752 
        H654  2 0.6183 0.1435 0.1311 0.1071 
        H655  2 0.3601 0.1997 0.2097 0.2304 
        H656  2 0.4959 0.1373 0.2577 0.1090 
        H666  2 0.5183 0.1724 0.1242 0.1850 
        H667  2 0.1608 0.2005 0.4629 0.1758 
        H677  2 0.1871 0.2451 0.3374 0.2304 
        H693  2 0.3641 0.1516 0.3374 0.1469 
        H694  2 0.1849 0.3147 0.1719 0.3285 
        H701  2 0.1840 0.2588 0.2202 0.3370 
        H702  2 0.2293 0.2080 0.2997 0.2630 
        H731  2 0.3085 0.1904 0.3034 0.1977 
       H7359  2 0.2471 0.2828 0.1845 0.2855 
       H7389  2 0.1855 0.2478 0.2540 0.3127 
       H7390  2 0.3319 0.2286 0.1985 0.2410 
       H7391  2 0.1588 0.1514 0.4499 0.2399 
       H7392  2 0.2296 0.3275 0.2178 0.2252 
       H7393  2 0.2891 0.2156 0.1870 0.3083 
       H7398  2 0.2077 0.1819 0.3480 0.2624 
       H7399  2 0.1295 0.2753 0.3671 0.2280 
       H7400  2 0.6250 0.1303 0.1378 0.1068 
        H745  2 0.1546 0.4614 0.1592 0.2248 
        H746  2 0.1384 0.2547 0.4264 0.1805 
        H747  2 0.3015 0.1958 0.1946 0.3082 
        H748  2 0.2382 0.2133 0.2827 0.2658 
       H7484  2 0.4151 0.1821 0.1810 0.2219 
       H7485  2 0.2521 0.3167 0.2029 0.2284 
        H749  2 0.1660 0.2735 0.3577 0.2028 
        H930  2 0.1343 0.2510 0.1783 0.4364 
        H931  2 0.2648 0.2376 0.2817 0.2159 
        H932  2 0.2037 0.2616 0.2549 0.2799 
        H002  4 0.4433 0.2487 0.1809 0.1270 
        H003  4 0.1261 0.2130 0.5141 0.1467 
        H009  4 0.1738 0.4154 0.1716 0.2392 
        H010  4 0.1678 0.2521 0.3045 0.2757 
        H011  4 0.4266 0.1625 0.2605 0.1503 
        H012  4 0.1780 0.2035 0.3543 0.2643 
        H013  4 0.2983 0.1542 0.4009 0.1465 
        H014  4 0.2150 0.2734 0.2434 0.2682 
        H045  4 0.3077 0.1781 0.2982 0.2160 
        H046  4 0.1379 0.3125 0.3815 0.1681 
        H051  4 0.3330 0.1684 0.3348 0.1638 
        H052  4 0.3556 0.2918 0.1370 0.2156 
        H053  4 0.2467 0.2274 0.2590 0.2669 
        H056  4 0.4062 0.2352 0.1660 0.1926 
        H076  4 0.1523 0.3184 0.2778 0.2515 
        H151  4 0.4153 0.2183 0.1985 0.1679 
        H152  4 0.4363 0.2553 0.1585 0.1498 
     H171803  4 0.2486 0.2217 0.3031 0.2266 
     H171804  4 0.2807 0.1882 0.2799 0.2511 
     H171833  4 0.1676 0.4368 0.1873 0.2083 
     H171855  4 0.4183 0.2618 0.1469 0.1731 
     H171856  4 0.2265 0.2337 0.2120 0.3278 
     H171857  4 0.3339 0.2464 0.1887 0.2310 
     H171858  4 0.2384 0.3034 0.2149 0.2433 
     H171859  4 0.2057 0.2722 0.2778 0.2443 
     H171961  4 0.3299 0.2170 0.2729 0.1802 
        H198  4 0.1157 0.2880 0.3679 0.2284 
      H20001  4 0.1574 0.4481 0.1523 0.2422 
        H403  4 0.2355 0.2741 0.2023 0.2880 
        H404  4 0.1811 0.2533 0.3747 0.1908 
        H405  4 0.1430 0.2936 0.3417 0.2217 
        H406  4 0.2382 0.3356 0.1010 0.3253 
        H407  4 0.1763 0.2350 0.2454 0.3434 
        H410  4 0.1159 0.2232 0.2232 0.4377 
        H411  4 0.2050 0.3801 0.1548 0.2601 
        H468  4 0.2031 0.3446 0.1458 0.3065 
        H476  4 0.3232 0.2236 0.1712 0.2820 
        H477  4 0.1350 0.4246 0.2018 0.2387 
        H478  4 0.1599 0.2303 0.4152 0.1946 
        H479  4 0.3307 0.2024 0.3062 0.1607 
        H480  4 0.1674 0.3347 0.1916 0.3064 
        H498  4 0.2428 0.2486 0.3264 0.1821 
        H499  4 0.2530 0.2912 0.2633 0.1925 
        H500  4 0.3617 0.1698 0.2579 0.2106 
        H515  4 0.2763 0.2402 0.2215 0.2620 
        H516  4 0.2109 0.2993 0.1660 0.3238 
        H517  4 0.1635 0.2301 0.2378 0.3686 
        H518  4 0.3301 0.2876 0.1490 0.2333 
        H520  4 0.2773 0.2546 0.1976 0.2705 
        H521  4 0.2012 0.2418 0.3168 0.2401 
        H522  4 0.2167 0.2522 0.2566 0.2744 
        H523  4 0.2802 0.2282 0.2117 0.2799 
        H536  4 0.1787 0.2677 0.3850 0.1686 
        H645  4 0.2750 0.1654 0.4135 0.1461 
        H646  4 0.1268 0.2950 0.1596 0.4186 
        H647  4 0.2040 0.3232 0.1861 0.2867 
        H657  4 0.1327 0.2772 0.2908 0.2992 
        H658  4 0.2223 0.2363 0.2109 0.3306 
        H659  4 0.4358 0.1715 0.2334 0.1593 
        H660  4 0.3132 0.2508 0.2074 0.2286 
        H661  4 0.3409 0.2656 0.2060 0.1875 
        H668  4 0.1353 0.2317 0.4092 0.2238 
        H669  4 0.2581 0.2154 0.2487 0.2778 
        H670  4 0.2857 0.1571 0.4119 0.1452 
        H678  4 0.1895 0.2430 0.2488 0.3187 
        H679  4 0.1909 0.2458 0.2036 0.3597 
        H680  4 0.1970 0.3334 0.2176 0.2520 
        H681  4 0.2796 0.1921 0.3556 0.1728 
        H682  4 0.1576 0.1864 0.3297 0.3263 
        H683  4 0.3479 0.2659 0.1405 0.2457 
        H718  4 0.4737 0.1741 0.1666 0.1856 
        H719  4 0.2722 0.2022 0.2920 0.2335 
        H720  4 0.3179 0.2932 0.2052 0.1837 
        H721  4 0.2666 0.3426 0.1895 0.2013 
        H722  4 0.3840 0.3226 0.1445 0.1489 
        H723  4 0.3546 0.1629 0.2741 0.2084 
        H724  4 0.4269 0.1731 0.1577 0.2423 
        H725  4 0.4108 0.2066 0.1856 0.1969 
        H726  4 0.4040 0.2004 0.1785 0.2172 
        H727  4 0.2927 0.1817 0.2714 0.2542 
        H910  4 0.2959 0.1802 0.2475 0.2763 
        H911  4 0.1953 0.2607 0.2005 0.3434 
        H912  4 0.2487 0.2704 0.1772 0.3036 
        H913  4 0.2434 0.2196 0.2554 0.2817 
        H914  4 0.2995 0.1601 0.3524 0.1881 
        H915  4 0.2423 0.2252 0.2377 0.2948 
        H916  4 0.2338 0.2864 0.1568 0.3230 
       H9572  4 0.2109 0.2635 0.2113 0.3144 
        H015  5 0.1658 0.3050 0.2062 0.3230 
        H016  5 0.1772 0.4111 0.2178 0.1940 
        H017  5 0.2400 0.3084 0.1952 0.2564 
        H019  5 0.2596 0.3150 0.2038 0.2217 
        H020  5 0.2921 0.2353 0.2528 0.2198 
        H032  5 0.2553 0.2333 0.2354 0.2760 
        H033  5 0.1693 0.2122 0.3407 0.2778 
        H034  5 0.3047 0.1830 0.2974 0.2150 
        H035  5 0.1733 0.2686 0.2416 0.3164 
        H036  5 0.1479 0.2596 0.2219 0.3706 
        H037  5 0.2471 0.2059 0.3215 0.2256 
        H048  5 0.3302 0.1951 0.2602 0.2145 
        H049  5 0.2437 0.3268 0.2113 0.2182 
        H054  5 0.2065 0.2743 0.2672 0.2520 
        H055  5 0.3056 0.2506 0.2698 0.1740 
        H057  5 0.2731 0.3741 0.1938 0.1591 
        H060  5 0.3172 0.2816 0.2485 0.1526 
        H061  5 0.1686 0.2524 0.3283 0.2507 
        H064  5 0.3310 0.2374 0.2585 0.1731 
        H070  5 0.3263 0.1685 0.3100 0.1952 
        H077  5 0.4734 0.1854 0.1602 0.1809 
        H078  5 0.2826 0.2935 0.1501 0.2738 
        H079  5 0.1387 0.2160 0.3859 0.2594 
        H097  5 0.3241 0.3477 0.1254 0.2028 
        H107  5 0.3605 0.1512 0.3353 0.1530 
        H122  5 0.1702 0.3378 0.2181 0.2739 
        H123  5 0.1289 0.2851 0.2489 0.3370 
        H124  5 0.1657 0.2617 0.2974 0.2753 
        H131  5 0.1408 0.2451 0.2520 0.3621 
        H132  5 0.2972 0.2369 0.2394 0.2265 
        H141  5 0.2497 0.2280 0.2981 0.2241 
        H142  5 0.1560 0.2406 0.3639 0.2396 
        H157  5 0.2901 0.2281 0.2562 0.2256 
        H158  5 0.1425 0.4016 0.1999 0.2559 
        H159  5 0.1380 0.3035 0.2626 0.2959 
        H160  5 0.1614 0.2812 0.2591 0.2982 
        H163  5 0.1843 0.2700 0.2237 0.3220 
        H164  5 0.2168 0.2646 0.3176 0.2011 
        H165  5 0.1244 0.2417 0.3684 0.2654 
        H166  5 0.1837 0.2893 0.2585 0.2686 
        H169  5 0.1557 0.2322 0.4034 0.2086 
     H169613  5 0.2684 0.2486 0.2686 0.2144 
     H169653  5 0.1656 0.2629 0.3219 0.2496 
     H169728  5 0.1937 0.2848 0.2139 0.3076 
     H169742  5 0.2467 0.1875 0.4119 0.1539 
        H170  5 0.2299 0.4265 0.1419 0.2017 
        H171  5 0.2297 0.3772 0.2164 0.1767 
     H171851  5 0.2361 0.3482 0.1797 0.2360 
     H171852  5 0.3643 0.2549 0.1870 0.1938 
     H171853  5 0.2135 0.2116 0.2896 0.2853 
     H171854  5 0.2666 0.2804 0.1639 0.2892 
     H171938  5 0.1956 0.1625 0.4529 0.1890 
     H171939  5 0.1785 0.3570 0.2321 0.2323 
     H171941  5 0.4010 0.1941 0.2463 0.1586 
     H171965  5 0.1941 0.3217 0.3062 0.1780 
     H171970  5 0.4741 0.1741 0.1792 0.1727 
     H171973  5 0.1702 0.2040 0.4019 0.2240 
     H171974  5 0.2199 0.2146 0.3211 0.2444 
     H171975  5 0.2548 0.2121 0.2867 0.2464 
     H171976  5 0.2944 0.3757 0.1364 0.1935 
        H175  5 0.2781 0.2041 0.2487 0.2691 
        H178  5 0.2952 0.2177 0.3154 0.1717 
        H189  5 0.1403 0.2969 0.2620 0.3008 
        H399  5 0.1587 0.4434 0.1471 0.2508 
        H416  5 0.2711 0.2211 0.2932 0.2145 
        H438  5 0.1746 0.1785 0.3378 0.3092 
        H450  5 0.4206 0.2123 0.2240 0.1431 
        H455  5 0.4420 0.1516 0.2665 0.1398 
        H456  5 0.2001 0.1889 0.3965 0.2145 
        H457  5 0.3945 0.2588 0.1651 0.1816 
        H458  5 0.2529 0.2028 0.3333 0.2110 
        H459  5 0.1257 0.2554 0.3319 0.2870 
        H460  5 0.2353 0.2260 0.3022 0.2364 
        H461  5 0.2333 0.3735 0.1582 0.2350 
        H462  5 0.1826 0.2152 0.2240 0.3781 
        H469  5 0.1775 0.2533 0.2159 0.3532 
        H470  5 0.2456 0.2580 0.2244 0.2721 
        H471  5 0.1309 0.3486 0.1653 0.3552 
        H481  5 0.4676 0.1756 0.1676 0.1893 
        H482  5 0.3474 0.2433 0.2124 0.1970 
        H501  5 0.2825 0.2151 0.2642 0.2382 
        H502  5 0.1722 0.3149 0.2828 0.2301 
        H503  5 0.1611 0.3022 0.2315 0.3052 
        H509  5 0.2262 0.2038 0.2464 0.3235 
        H510  5 0.2797 0.2682 0.2803 0.1718 
        H511  5 0.2056 0.2949 0.2899 0.2096 
        H530  5 0.2496 0.1868 0.3381 0.2255 
        H531  5 0.3051 0.2561 0.1793 0.2595 
        H564  5 0.3280 0.2641 0.2500 0.1580 
        H565  5 0.4628 0.1893 0.2044 0.1435 
        H567  5 0.1249 0.2761 0.1857 0.4133 
     H568???  5 0.1492 0.3966 0.1829 0.2713 
        H608  5 0.4187 0.1954 0.2287 0.1572 
        H609  5 0.1708 0.2097 0.3915 0.2279 
        H612  5 0.3621 0.1423 0.3426 0.1531 
        H614  5 0.4101 0.2249 0.1675 0.1975 
        H615  5 0.4017 0.2347 0.1687 0.1949 
        H616  5 0.4744 0.1382 0.2380 0.1495 
        H617  5 0.1229 0.2218 0.3507 0.3046 
        H618  5 0.3932 0.1956 0.2260 0.1852 
        H619  5 0.1985 0.1848 0.4790 0.1377 
        H635  5 0.2392 0.2597 0.2436 0.2575 
        H636  5 0.1585 0.1648 0.5029 0.1737 
        H637  5 0.3484 0.2031 0.2788 0.1696 
        H644  5 0.1139 0.4417 0.1555 0.2889 
        H711  5 0.2314 0.3823 0.1958 0.1906 
        H712  5 0.2695 0.1726 0.3807 0.1772 
       H7360  5 0.2148 0.3304 0.2439 0.2109 
       H7361  5 0.3892 0.2167 0.2178 0.1762 
       H7362  5 0.1007 0.4506 0.1791 0.2696 
       H7363  5 0.3019 0.2528 0.1843 0.2609 
       H7394  5 0.1656 0.2250 0.2853 0.3241 
       H7395  5 0.2263 0.2042 0.4120 0.1575 
       H7396  5 0.2339 0.2190 0.2794 0.2677 
        H742  5 0.2407 0.1857 0.4133 0.1603 
        H743  5 0.2775 0.2563 0.2260 0.2401 
        H744  5 0.3826 0.1665 0.1891 0.2617 
        H957  5 0.2402 0.3730 0.1989 0.1879 
        H958  5 0.1841 0.2399 0.2235 0.3524 
        H959  5 0.4269 0.1500 0.2863 0.1368 
        H960  5 0.2322 0.2106 0.2497 0.3074 
        H431  8 0.2823 0.1736 0.2484 0.2957 
        H432  8 0.1421 0.3743 0.2086 0.2749 
        H433  8 0.1887 0.2056 0.3284 0.2773 
        H434  8 0.1602 0.2614 0.2320 0.3464 
        H444  8 0.2333 0.1988 0.3656 0.2023 
        H454  8 0.4172 0.1628 0.2457 0.1744 
        H475  8 0.5360 0.1501 0.1721 0.1417 
        H491  8 0.3821 0.2203 0.2577 0.1399 
        H492  8 0.3660 0.1949 0.2219 0.2172 
        H493  8 0.1989 0.3061 0.2190 0.2760 
        H494  8 0.2821 0.2158 0.2325 0.2696 
        H495  8 0.4854 0.2421 0.1455 0.1270 
        H662  8 0.1848 0.3396 0.2311 0.2445 
        H663  8 0.2860 0.2410 0.2331 0.2399 
        H695  8 0.2833 0.2071 0.2446 0.2650 
       H7367  8 0.1297 0.2339 0.2193 0.4172 
       H7368  8 0.1703 0.3118 0.2726 0.2454 
       H7369  8 0.2422 0.1961 0.3644 0.1973 
       H7370  8 0.1198 0.2151 0.1555 0.5096 
       H7371  8 0.1932 0.1958 0.3206 0.2904 
     H169705 10 0.1293 0.2218 0.1841 0.4648 
     H171942 10 0.1367 0.3640 0.2254 0.2738 
     H171943 10 0.1893 0.2847 0.2569 0.2690 
     H171944 10 0.1864 0.2141 0.3534 0.2461 
     H171946 10 0.2958 0.2864 0.1789 0.2390 
     H171947 10 0.2374 0.2765 0.2005 0.2857 
     H229641 10 0.3030 0.2376 0.1809 0.2785 
      H30001 10 0.2431 0.2032 0.3171 0.2366 
      H30002 10 0.2017 0.2272 0.3333 0.2379 
      H30005 10 0.1458 0.2347 0.2402 0.3793 
      H30006 10 0.1693 0.2815 0.1609 0.3884 
      H30007 10 0.1608 0.4658 0.1842 0.1892 
        H451 10 0.1772 0.2551 0.2973 0.2704 
        H452 10 0.2021 0.2263 0.1710 0.4006 
        H453 10 0.3976 0.2476 0.1822 0.1726 
        H473 10 0.3347 0.2529 0.2447 0.1677 
        H474 10 0.4563 0.2069 0.1206 0.2162 
        H486 10 0.3187 0.2048 0.2369 0.2396 
        H487 10 0.3163 0.2040 0.1543 0.3254 
        H488 10 0.2678 0.1819 0.3346 0.2157 
        H489 10 0.3626 0.1906 0.1529 0.2939 
        H550 10 0.1482 0.3611 0.2181 0.2725 
        H551 10 0.2346 0.1906 0.2263 0.3485 
        H553 10 0.2785 0.2106 0.1580 0.3528 
        H554 10 0.2059 0.2824 0.2925 0.2192 
        H556 10 0.2036 0.3002 0.2150 0.2813 
        H580 10 0.1474 0.2479 0.2601 0.3445 
        H591 10 0.5441 0.1458 0.1579 0.1522 
        H592 10 0.2475 0.2040 0.2224 0.3261 
        H593 10 0.2340 0.3137 0.2506 0.2017 
        H594 10 0.1151 0.3453 0.2386 0.3010 
        H627 10 0.2638 0.3138 0.1605 0.2620 
        H628 10 0.1279 0.2409 0.4117 0.2195 
        H629 10 0.2482 0.3362 0.1482 0.2674 
        H630 10 0.1825 0.2530 0.1883 0.3762 
        H638 10 0.1727 0.2325 0.1794 0.4154 
        H639 10 0.3667 0.2599 0.1465 0.2268 
        H640 10 0.1485 0.2938 0.2264 0.3313 
        H704 10 0.1599 0.3800 0.2053 0.2548 
        H705 10 0.1367 0.2128 0.1908 0.4597 
        H706 10 0.3048 0.1640 0.3055 0.2257 
        H708 10 0.3975 0.1863 0.2273 0.1889 
       H7351 10 0.1728 0.3383 0.2327 0.2561 
       H7352 10 0.2474 0.2425 0.2312 0.2789 
       H7353 10 0.1652 0.4629 0.1657 0.2062 
       H7354 10 0.3087 0.2207 0.3161 0.1545 
       H7365 10 0.3310 0.1929 0.2493 0.2268 
       H7383 10 0.2777 0.1866 0.3316 0.2040 
       H7384 10 0.2570 0.2314 0.2519 0.2597 
       H7385 10 0.3319 0.1997 0.2396 0.2288 
       H7386 10 0.1733 0.2413 0.3488 0.2367 
       H7387 10 0.1704 0.2523 0.3393 0.2381 
       H7388 10 0.2016 0.2069 0.2553 0.3361 
        H906 10 0.3678 0.2653 0.2365 0.1305 
        H907 10 0.1756 0.2891 0.1935 0.3419 
        H908 10 0.2179 0.2147 0.2948 0.2727 
        H909 10 0.2500 0.1971 0.4086 0.1443 
       H9552 10 0.1927 0.2917 0.2767 0.2389 
       H9553 10 0.2139 0.2006 0.2002 0.3852 
       H9555 10 0.1447 0.2341 0.2970 0.3241 
       H9575 10 0.3247 0.2382 0.2617 0.1754 
       H9703 10 0.3678 0.1839 0.2342 0.2142 
       H9707 10 0.3752 0.1931 0.1921 0.2397 
       HSAA4 10 0.1460 0.2524 0.2611 0.3405 
        H001 11 0.2346 0.2322 0.3460 0.1872 
        H004 11 0.2445 0.2698 0.2430 0.2427 
        H005 11 0.4680 0.1557 0.2380 0.1384 
        H006 11 0.2071 0.2192 0.3400 0.2337 
        H007 11 0.4055 0.1506 0.3112 0.1326 
        H031 11 0.4225 0.1482 0.2188 0.2105 
        H074 11 0.3261 0.2377 0.1685 0.2676 
        H075 11 0.3865 0.1565 0.3095 0.1475 
        H080 11 0.3286 0.1885 0.2300 0.2529 
        H086 11 0.1872 0.2318 0.2091 0.3719 
        H092 11 0.2917 0.2065 0.2330 0.2688 
        H093 11 0.1530 0.3842 0.2592 0.2037 
        H094 11 0.1823 0.2505 0.2125 0.3547 
        H095 11 0.3027 0.2266 0.2746 0.1960 
        H096 11 0.3183 0.1843 0.3287 0.1687 
        H099 11 0.2781 0.2364 0.2409 0.2446 
        H100 11 0.1492 0.3360 0.2734 0.2414 
        H127 11 0.2560 0.2240 0.2101 0.3098 
        H136 11 0.4840 0.1832 0.1511 0.1817 
        H153 11 0.2583 0.2804 0.2148 0.2465 
        H154 11 0.3316 0.1969 0.2048 0.2667 
        H155 11 0.1168 0.1863 0.4128 0.2842 
        H156 11 0.1145 0.2564 0.3620 0.2672 
        H161 11 0.2725 0.3078 0.2177 0.2020 
        H162 11 0.1312 0.2663 0.2183 0.3842 
        H167 11 0.1715 0.2395 0.3679 0.2211 
        H168 11 0.1945 0.2434 0.3014 0.2608 
     H169586 11 0.3158 0.3861 0.1435 0.1547 
     H169738 11 0.1716 0.2159 0.3186 0.2939 
     H169741 11 0.3630 0.1879 0.2021 0.2471 
     H171801 11 0.1663 0.3804 0.1990 0.2543 
     H171810 11 0.4243 0.1993 0.1903 0.1861 
     H171811 11 0.3350 0.2707 0.2058 0.1885 
     H171812 11 0.2295 0.2058 0.3933 0.1714 
     H171820 11 0.3223 0.2395 0.2279 0.2103 
     H171821 11 0.1697 0.2559 0.2766 0.2978 
     H171822 11 0.1769 0.2417 0.2179 0.3634 
     H171823 11 0.4591 0.2728 0.1367 0.1315 
     H171866 11 0.2157 0.3179 0.2171 0.2493 
     H171867 11 0.1836 0.1909 0.3308 0.2947 
     H171967 11 0.3390 0.1760 0.3030 0.1819 
     H171969 11 0.2584 0.2791 0.2592 0.2033 
        H172 11 0.1966 0.2195 0.3233 0.2606 
        H173 11 0.1621 0.1772 0.3408 0.3199 
        H174 11 0.1104 0.3415 0.1804 0.3676 
        H196 11 0.1288 0.2113 0.2191 0.4407 
        H197 11 0.1602 0.2412 0.2909 0.3077 
        H346 11 0.2896 0.1755 0.3806 0.1543 
        H355 11 0.2710 0.2524 0.2806 0.1960 
        H356 11 0.2753 0.2333 0.2310 0.2604 
        H357 11 0.3337 0.2094 0.2138 0.2431 
        H358 11 0.1964 0.1641 0.4517 0.1879 
        H359 11 0.2104 0.2653 0.2528 0.2715 
        H360 11 0.2132 0.2083 0.3180 0.2604 
        H361 11 0.2134 0.2108 0.3453 0.2305 
        H362 11 0.1222 0.2686 0.2306 0.3786 
        H363 11 0.3426 0.1633 0.3095 0.1846 
        H364 11 0.2348 0.2748 0.3144 0.1761 
        H365 11 0.2271 0.2857 0.2465 0.2407 
        H366 11 0.1635 0.2422 0.3111 0.2832 
        H367 11 0.3378 0.2073 0.1759 0.2790 
        H368 11 0.1662 0.3944 0.1881 0.2513 
        H369 11 0.3673 0.1497 0.2881 0.1949 
        H370 11 0.1687 0.2842 0.2812 0.2658 
        H371 11 0.2303 0.2256 0.1953 0.3488 
        H372 11 0.1824 0.2242 0.3376 0.2557 
        H373 11 0.2266 0.2210 0.3085 0.2439 
        H374 11 0.3042 0.2244 0.2709 0.2005 
        H375 11 0.2241 0.1800 0.3831 0.2128 
        H376 11 0.1637 0.3291 0.2677 0.2394 
        H377 11 0.2964 0.2073 0.2364 0.2599 
        H378 11 0.2523 0.2740 0.2257 0.2479 
        H379 11 0.2317 0.2641 0.2291 0.2752 
        H380 11 0.1582 0.2087 0.4397 0.1934 
        H381 11 0.3849 0.2726 0.1558 0.1867 
        H382 11 0.1139 0.2987 0.2838 0.3036 
        H383 11 0.1531 0.3234 0.3055 0.2180 
        H384 11 0.3227 0.2198 0.2450 0.2126 
        H385 11 0.3192 0.2231 0.1795 0.2782 
        H386 11 0.1525 0.1580 0.5105 0.1790 
        H387 11 0.2414 0.3872 0.2019 0.1695 
        H388 11 0.1276 0.2841 0.3085 0.2798 
        H389 11 0.2631 0.1742 0.3898 0.1730 
        H390 11 0.1480 0.2554 0.3307 0.2659 
        H391 11 0.1331 0.3315 0.2127 0.3227 
        H392 11 0.3573 0.1598 0.3589 0.1240 
        H393 11 0.1813 0.3586 0.2360 0.2240 
        H394 11 0.1792 0.4438 0.1672 0.2097 
        H395 11 0.3356 0.1843 0.2694 0.2107 
        H408 11 0.2253 0.1743 0.4267 0.1738 
        H412 11 0.3197 0.2898 0.1197 0.2709 
        H417 11 0.2822 0.2199 0.2509 0.2470 
        H418 11 0.2540 0.2735 0.1670 0.3055 
        H429 11 0.1857 0.2111 0.4556 0.1476 
        H430 11 0.1699 0.2325 0.2825 0.3151 
        H439 11 0.2229 0.2100 0.2691 0.2979 
        H440 11 0.4072 0.1921 0.2314 0.1692 
        H441 11 0.1283 0.2183 0.2692 0.3842 
        H442 11 0.1639 0.2500 0.3499 0.2361 
        H446 11 0.1848 0.3165 0.2492 0.2495 
        H447 11 0.1317 0.1884 0.4400 0.2399 
        H448 11 0.1791 0.1764 0.2745 0.3701 
        H534 11 0.4415 0.2100 0.1845 0.1639 
        H537 11 0.3244 0.2574 0.2362 0.1820 
        H568 11 0.5191 0.1626 0.1178 0.2005 
        H569 11 0.1174 0.2433 0.1918 0.4475 
        H586 11 0.3176 0.3931 0.1358 0.1535 
        H587 11 0.4091 0.1744 0.2321 0.1844 
        H588 11 0.1816 0.4435 0.1720 0.2028 
        H589 11 0.4608 0.1729 0.2250 0.1412 
        H590 11 0.4215 0.1925 0.2364 0.1497 
        H601 11 0.1844 0.2868 0.2235 0.3053 
        H602 11 0.3071 0.1959 0.2127 0.2843 
        H603 11 0.1592 0.1882 0.4412 0.2114 
        H610 11 0.2654 0.2126 0.1924 0.3295 
        H611 11 0.3438 0.2006 0.1640 0.2916 
        H649 11 0.2532 0.2599 0.2497 0.2372 
        H650 11 0.1894 0.2831 0.1716 0.3559 
        H651 11 0.2003 0.1825 0.3769 0.2402 
        H652 11 0.2605 0.2951 0.2066 0.2377 
       H7364 11 0.1726 0.2562 0.2870 0.2842 
       H7366 11 0.2413 0.1972 0.3092 0.2523 
       H7378 11 0.0966 0.4505 0.1330 0.3199 
       H7379 11 0.2166 0.2501 0.2092 0.3240 
        H739 11 0.3720 0.1928 0.1600 0.2752 
        H740 11 0.1891 0.2967 0.1968 0.3173 
        H741 11 0.3681 0.1813 0.2056 0.2451 
        H926 11 0.2104 0.2694 0.1721 0.3482 
        H927 11 0.1408 0.2109 0.2840 0.3642 
        H928 11 0.2015 0.2349 0.1762 0.3873 
       H9560 11 0.1848 0.2981 0.2018 0.3152 
