        H008  2 0.2841 0.1919 0.2103 0.1959 0.1179 
        H021  2 0.1731 0.2368 0.2780 0.1708 0.1413 
        H023  2 0.1014 0.1792 0.2918 0.1258 0.3018 
        H024  2 0.5107 0.1539 0.0840 0.1719 0.0795 
        H025  2 0.1092 0.1479 0.1111 0.2338 0.3981 
        H026  2 0.1983 0.1511 0.1217 0.4717 0.0572 
        H027  2 0.2937 0.1601 0.3046 0.1510 0.0906 
        H028  2 0.2799 0.2089 0.1459 0.2382 0.1270 
        H029  2 0.3153 0.1968 0.1926 0.2201 0.0751 
        H030  2 0.4007 0.1754 0.1315 0.2227 0.0697 
        H038  2 0.0865 0.2155 0.2678 0.1778 0.2524 
        H039  2 0.0648 0.0873 0.0663 0.0735 0.7080 
        H040  2 0.1454 0.2009 0.2047 0.1805 0.2685 
        H041  2 0.3215 0.1735 0.2409 0.1207 0.1434 
        H042  2 0.1490 0.2032 0.2429 0.1895 0.2153 
        H043  2 0.0768 0.1836 0.0841 0.1422 0.5133 
        H044  2 0.2106 0.2175 0.1566 0.3110 0.1044 
        H047  2 0.1681 0.2139 0.1108 0.2137 0.2934 
        H050  2 0.4686 0.1493 0.1382 0.1743 0.0695 
        H058  2 0.1196 0.2206 0.1920 0.2586 0.2092 
        H062  2 0.0702 0.1770 0.2902 0.1795 0.2831 
        H063  2 0.1497 0.1933 0.1376 0.1258 0.3935 
        H065  2 0.0755 0.1222 0.1418 0.4101 0.2504 
        H066  2 0.2439 0.2879 0.1196 0.2608 0.0879 
        H067  2 0.1634 0.2012 0.3557 0.1847 0.0949 
        H068  2 0.1466 0.2115 0.1455 0.1198 0.3767 
        H069  2 0.1727 0.2294 0.1543 0.2902 0.1534 
        H071  2 0.1205 0.1836 0.2982 0.1771 0.2206 
        H072  2 0.1139 0.1312 0.1011 0.1032 0.5506 
        H073  2 0.1362 0.1711 0.3287 0.2547 0.1093 
        H081  2 0.1567 0.1660 0.3231 0.1142 0.2400 
        H082  2 0.3916 0.1846 0.1053 0.2109 0.1076 
        H083  2 0.2386 0.2165 0.1641 0.2596 0.1213 
        H084  2 0.2309 0.2291 0.2025 0.1825 0.1550 
        H085  2 0.2627 0.1584 0.3058 0.1240 0.1491 
        H087  2 0.1745 0.1911 0.3747 0.1200 0.1396 
        H088  2 0.1214 0.2130 0.2027 0.1715 0.2915 
        H089  2 0.1630 0.1937 0.3162 0.1762 0.1509 
        H090  2 0.5645 0.1031 0.1428 0.1028 0.0868 
        H091  2 0.4577 0.1270 0.2371 0.1160 0.0622 
        H098  2 0.3589 0.2033 0.1285 0.1538 0.1554 
      H10001  2 0.0615 0.0929 0.0969 0.0824 0.6663 
      H10002  2 0.1002 0.1860 0.2815 0.1758 0.2566 
        H101  2 0.4953 0.1706 0.1399 0.1235 0.0707 
        H108  2 0.0728 0.1312 0.2603 0.1034 0.4324 
        H109  2 0.2575 0.2367 0.1041 0.1982 0.2036 
        H110  2 0.2073 0.1634 0.4207 0.1224 0.0862 
        H116  2 0.2064 0.2165 0.1306 0.3371 0.1095 
        H117  2 0.5266 0.1318 0.1891 0.0918 0.0608 
        H118  2 0.3897 0.1265 0.1665 0.2332 0.0841 
        H119  2 0.2246 0.2021 0.2950 0.1411 0.1372 
        H120  2 0.0667 0.1066 0.2383 0.0894 0.4991 
        H121  2 0.5038 0.1163 0.1840 0.1177 0.0782 
        H125  2 0.0669 0.1633 0.1315 0.0843 0.5541 
        H126  2 0.1434 0.1808 0.1570 0.3010 0.2177 
        H128  2 0.5918 0.0790 0.1576 0.1380 0.0336 
        H129  2 0.1428 0.2200 0.1820 0.3712 0.0840 
        H130  2 0.0712 0.1894 0.1164 0.2182 0.4048 
        H133  2 0.1209 0.1639 0.0989 0.1643 0.4521 
        H134  2 0.1093 0.1283 0.0903 0.6045 0.0676 
        H135  2 0.1675 0.1972 0.2721 0.1651 0.1982 
        H137  2 0.4854 0.1868 0.1086 0.1096 0.1096 
        H138  2 0.0801 0.2305 0.1636 0.4358 0.0900 
        H140  2 0.3602 0.1683 0.1532 0.1578 0.1606 
        H146  2 0.5204 0.1200 0.1303 0.1372 0.0921 
        H147  2 0.3000 0.1791 0.3143 0.1126 0.0939 
        H148  2 0.3733 0.1933 0.2195 0.1257 0.0883 
     H166022  2 0.2782 0.2038 0.2730 0.1661 0.0789 
     H167359  2 0.1675 0.2727 0.1219 0.2686 0.1693 
     H167397  2 0.4359 0.1549 0.1630 0.1968 0.0495 
     H167428  2 0.3204 0.1757 0.1884 0.2465 0.0690 
     H167496  2 0.1563 0.1674 0.2022 0.1202 0.3538 
     H167513  2 0.2974 0.1978 0.0841 0.1759 0.2448 
     H167545  2 0.1439 0.2564 0.2045 0.2756 0.1196 
     H167547  2 0.4524 0.1682 0.0889 0.2312 0.0593 
     H169621  2 0.4532 0.1621 0.1722 0.1461 0.0663 
     H169622  2 0.1184 0.2271 0.2367 0.3095 0.1083 
     H169750  2 0.2048 0.2086 0.1492 0.2129 0.2245 
     H171806  2 0.2960 0.1456 0.1935 0.1993 0.1657 
     H171808  2 0.1346 0.1948 0.2373 0.2912 0.1422 
     H171809  2 0.1246 0.1819 0.3099 0.1917 0.1919 
     H171813  2 0.1958 0.2036 0.1559 0.2679 0.1768 
     H171815  2 0.0903 0.1272 0.0976 0.1333 0.5516 
     H171824  2 0.1962 0.2097 0.2869 0.1220 0.1852 
     H171825  2 0.0965 0.2083 0.2972 0.2743 0.1237 
     H171826  2 0.1902 0.2227 0.1968 0.2369 0.1534 
     H171827  2 0.1556 0.2557 0.2940 0.1528 0.1418 
     H171828  2 0.0890 0.1143 0.2374 0.0800 0.4794 
     H171829  2 0.1590 0.2143 0.1821 0.2841 0.1605 
     H171830  2 0.2943 0.2027 0.1178 0.1552 0.2299 
     H171831  2 0.2486 0.2003 0.1429 0.3355 0.0727 
     H171832  2 0.1133 0.2561 0.1415 0.3178 0.1713 
     H171863  2 0.2012 0.2190 0.1287 0.3830 0.0682 
     H171864  2 0.3018 0.1885 0.1910 0.1522 0.1665 
     H171865  2 0.1110 0.1403 0.0974 0.1390 0.5123 
     H171879  2 0.4122 0.2088 0.1043 0.1721 0.1025 
     H171880  2 0.4472 0.1630 0.1816 0.1391 0.0691 
     H171881  2 0.2380 0.2284 0.2166 0.2228 0.0942 
     H171882  2 0.0838 0.0908 0.0925 0.0748 0.6580 
     H171929  2 0.3037 0.1765 0.1549 0.1802 0.1847 
     H171930  2 0.2704 0.2560 0.1727 0.2296 0.0713 
     H171933  2 0.3355 0.2021 0.1991 0.1590 0.1043 
     H171934  2 0.1903 0.1983 0.3067 0.1698 0.1349 
     H171937  2 0.1783 0.2285 0.1168 0.3400 0.1364 
     H171962  2 0.1608 0.2424 0.2074 0.2367 0.1528 
        H190  2 0.2342 0.2278 0.1894 0.2129 0.1357 
        H191  2 0.2809 0.1887 0.1593 0.1946 0.1766 
        H396  2 0.1065 0.1750 0.3706 0.1405 0.2075 
        H397  2 0.2196 0.2124 0.2237 0.2054 0.1389 
        H398  2 0.0925 0.1889 0.1643 0.3847 0.1696 
        H400  2 0.1373 0.2085 0.2481 0.2033 0.2028 
        H401  2 0.6133 0.1592 0.0733 0.1037 0.0504 
        H402  2 0.3464 0.2037 0.2063 0.1665 0.0772 
        H427  2 0.1495 0.1806 0.3695 0.1662 0.1342 
        H428  2 0.3320 0.1765 0.1826 0.2373 0.0716 
        H497  2 0.1697 0.1558 0.0961 0.1738 0.4046 
        H512  2 0.3951 0.1878 0.1371 0.1715 0.1084 
        H513  2 0.3136 0.1978 0.0824 0.1657 0.2406 
        H514  2 0.1011 0.2168 0.1607 0.3791 0.1424 
        H519  2 0.3119 0.2208 0.1000 0.1722 0.1951 
        H532  2 0.1586 0.2011 0.3365 0.2211 0.0827 
        H543  2 0.2491 0.2316 0.3010 0.1464 0.0719 
        H544  2 0.1115 0.1859 0.1254 0.3529 0.2243 
        H545  2 0.1408 0.2680 0.1913 0.2978 0.1021 
        H546  2 0.1042 0.1504 0.1177 0.1757 0.4521 
        H547  2 0.4634 0.1794 0.0821 0.2184 0.0568 
        H548  2 0.1829 0.1911 0.2869 0.1731 0.1661 
        H549  2 0.2091 0.2059 0.1372 0.1776 0.2702 
        H620  2 0.0571 0.0924 0.1487 0.0563 0.6455 
        H623  2 0.2321 0.2276 0.1429 0.2638 0.1336 
        H624  2 0.0536 0.2520 0.1242 0.2344 0.3358 
        H625  2 0.1555 0.1989 0.3090 0.1576 0.1790 
        H626  2 0.1656 0.2568 0.2106 0.1863 0.1806 
        H654  2 0.0515 0.1069 0.0866 0.0824 0.6726 
        H655  2 0.1090 0.2893 0.1627 0.1486 0.2905 
        H656  2 0.0543 0.0855 0.1979 0.0742 0.5881 
        H666  2 0.1560 0.1134 0.0762 0.1079 0.5466 
        H667  2 0.1523 0.1836 0.4095 0.1577 0.0970 
        H677  2 0.1678 0.1993 0.2829 0.2278 0.1222 
        H693  2 0.0833 0.1488 0.3149 0.0992 0.3538 
        H694  2 0.2348 0.2213 0.1413 0.2570 0.1456 
        H701  2 0.2636 0.2352 0.1709 0.2258 0.1046 
        H702  2 0.1944 0.2602 0.2275 0.1612 0.1567 
        H731  2 0.1600 0.1839 0.2768 0.1369 0.2425 
       H7359  2 0.1764 0.2681 0.1338 0.2630 0.1588 
       H7389  2 0.2545 0.2067 0.1776 0.2506 0.1106 
       H7390  2 0.0837 0.2796 0.1729 0.2074 0.2564 
       H7391  2 0.2399 0.1930 0.3547 0.1055 0.1070 
       H7392  2 0.1579 0.2076 0.1973 0.2402 0.1971 
       H7393  2 0.2207 0.2044 0.1604 0.1917 0.2228 
       H7398  2 0.3111 0.1542 0.2484 0.1266 0.1597 
       H7399  2 0.1908 0.1905 0.3090 0.2368 0.0729 
       H7400  2 0.0451 0.0797 0.0859 0.0701 0.7192 
        H745  2 0.1769 0.1472 0.1070 0.4760 0.0930 
        H746  2 0.1248 0.1966 0.3643 0.2320 0.0823 
        H747  2 0.2015 0.1899 0.1639 0.1505 0.2942 
        H748  2 0.1614 0.2402 0.2259 0.2165 0.1559 
       H7484  2 0.1342 0.1390 0.1326 0.1144 0.4798 
       H7485  2 0.1691 0.2143 0.1368 0.2235 0.2562 
        H749  2 0.1153 0.2367 0.2794 0.2456 0.1230 
        H930  2 0.3047 0.2218 0.1804 0.2191 0.0740 
        H931  2 0.2669 0.1795 0.1590 0.1756 0.2190 
        H932  2 0.2463 0.2081 0.2015 0.2302 0.1138 
        H002  4 0.0687 0.1416 0.1275 0.2171 0.4450 
        H003  4 0.1084 0.1855 0.4651 0.1540 0.0870 
        H009  4 0.1269 0.2543 0.1155 0.3475 0.1558 
        H010  4 0.2670 0.2236 0.2137 0.1973 0.0984 
        H011  4 0.0842 0.1632 0.2285 0.1051 0.4190 
        H012  4 0.2612 0.2007 0.2627 0.1687 0.1067 
        H013  4 0.1110 0.1652 0.3290 0.1135 0.2813 
        H014  4 0.2212 0.2130 0.1925 0.2495 0.1238 
        H045  4 0.2200 0.1621 0.2191 0.1092 0.2896 
        H046  4 0.0951 0.1798 0.3089 0.3135 0.1027 
        H051  4 0.1272 0.1651 0.2711 0.1066 0.3301 
        H052  4 0.1356 0.1361 0.1127 0.2080 0.4077 
        H053  4 0.1835 0.2539 0.2098 0.1996 0.1532 
        H056  4 0.1223 0.1694 0.1072 0.1845 0.4166 
        H076  4 0.2381 0.1806 0.1858 0.3209 0.0746 
        H151  4 0.0832 0.2368 0.1598 0.2172 0.3031 
        H152  4 0.1063 0.1794 0.1432 0.2057 0.3653 
     H171803  4 0.1255 0.2354 0.3091 0.1709 0.1592 
     H171804  4 0.1657 0.2004 0.2678 0.1277 0.2383 
     H171833  4 0.0986 0.2196 0.1663 0.4290 0.0864 
     H171855  4 0.0758 0.1926 0.1548 0.2334 0.3433 
     H171856  4 0.2437 0.1979 0.2065 0.1747 0.1772 
     H171857  4 0.1354 0.1775 0.1713 0.2331 0.2827 
     H171858  4 0.2006 0.2181 0.1519 0.2562 0.1732 
     H171859  4 0.2048 0.2117 0.2081 0.2001 0.1753 
     H171961  4 0.1206 0.1920 0.2024 0.1716 0.3134 
        H198  4 0.1516 0.2005 0.3172 0.2736 0.0571 
      H20001  4 0.1000 0.2517 0.1346 0.4427 0.0710 
        H403  4 0.2313 0.1898 0.1477 0.2167 0.2145 
        H404  4 0.1694 0.1931 0.2702 0.2419 0.1254 
        H405  4 0.1870 0.1660 0.2920 0.2626 0.0924 
        H406  4 0.3621 0.1685 0.0674 0.2430 0.1589 
        H407  4 0.2854 0.2397 0.1873 0.1674 0.1202 
        H410  4 0.5722 0.1765 0.0967 0.1012 0.0535 
        H411  4 0.1840 0.1954 0.1233 0.3834 0.1139 
        H468  4 0.1390 0.2890 0.1531 0.2388 0.1801 
        H476  4 0.1406 0.2515 0.1300 0.1827 0.2952 
        H477  4 0.0897 0.2711 0.2141 0.3557 0.0694 
        H478  4 0.1416 0.2042 0.3302 0.1914 0.1326 
        H479  4 0.1155 0.1369 0.2275 0.1631 0.3571 
        H480  4 0.2080 0.2364 0.1561 0.2940 0.1055 
        H498  4 0.1577 0.2093 0.2819 0.1909 0.1601 
        H499  4 0.1133 0.2153 0.2348 0.2497 0.1869 
        H500  4 0.1114 0.2211 0.1989 0.1293 0.3394 
        H515  4 0.1844 0.2207 0.1718 0.2231 0.2001 
        H516  4 0.2648 0.2073 0.1380 0.2558 0.1342 
        H517  4 0.4310 0.2178 0.1253 0.1309 0.0949 
        H518  4 0.1157 0.1943 0.1334 0.2151 0.3415 
        H520  4 0.1854 0.2368 0.1642 0.1969 0.2166 
        H521  4 0.2036 0.1998 0.2612 0.1887 0.1466 
        H522  4 0.1406 0.2702 0.2281 0.1954 0.1657 
        H523  4 0.2659 0.1906 0.1920 0.1592 0.1923 
        H536  4 0.1078 0.1604 0.3568 0.2299 0.1451 
        H645  4 0.1145 0.1529 0.3532 0.1042 0.2752 
        H646  4 0.4076 0.1451 0.1538 0.2244 0.0690 
        H647  4 0.1278 0.2709 0.1536 0.3055 0.1422 
        H657  4 0.3282 0.2105 0.1913 0.1918 0.0783 
        H658  4 0.1850 0.2889 0.1977 0.1814 0.1470 
        H659  4 0.0824 0.2354 0.1761 0.1623 0.3438 
        H660  4 0.1631 0.2076 0.1612 0.2353 0.2328 
        H661  4 0.0745 0.2519 0.1646 0.2299 0.2791 
        H668  4 0.1671 0.2068 0.2994 0.2370 0.0897 
        H669  4 0.2644 0.1792 0.1762 0.1828 0.1974 
        H670  4 0.1066 0.1589 0.3810 0.1287 0.2247 
        H678  4 0.1738 0.2634 0.1882 0.2551 0.1195 
        H679  4 0.3363 0.2172 0.1290 0.1978 0.1197 
        H680  4 0.1575 0.2410 0.1713 0.3188 0.1115 
        H681  4 0.1516 0.1788 0.2927 0.1404 0.2365 
        H682  4 0.3111 0.2155 0.2441 0.1436 0.0856 
        H683  4 0.2028 0.1546 0.0961 0.2131 0.3334 
        H718  4 0.1451 0.1163 0.1169 0.0890 0.5327 
        H719  4 0.1876 0.2095 0.2645 0.1190 0.2194 
        H720  4 0.1140 0.1612 0.1418 0.2284 0.3546 
        H721  4 0.1066 0.1971 0.1820 0.2483 0.2660 
        H722  4 0.1202 0.1472 0.0898 0.2550 0.3878 
        H723  4 0.1929 0.1610 0.2169 0.1200 0.3093 
        H724  4 0.1465 0.1978 0.1510 0.1134 0.3912 
        H725  4 0.1151 0.1715 0.1478 0.1375 0.4281 
        H726  4 0.1364 0.1898 0.1413 0.2228 0.3097 
        H727  4 0.1945 0.2154 0.2512 0.1411 0.1977 
        H910  4 0.2225 0.2085 0.2225 0.1209 0.2256 
        H911  4 0.4203 0.1801 0.1263 0.1655 0.1079 
        H912  4 0.2118 0.2349 0.1509 0.2365 0.1658 
        H913  4 0.1582 0.2655 0.2536 0.1443 0.1784 
        H914  4 0.1376 0.2075 0.2875 0.1229 0.2445 
        H915  4 0.1868 0.2487 0.1802 0.2144 0.1700 
        H916  4 0.2154 0.2221 0.1501 0.2606 0.1517 
       H9572  4 0.2748 0.2196 0.1500 0.1546 0.2010 
        H015  5 0.2554 0.2387 0.1706 0.2347 0.1007 
        H016  5 0.1452 0.1927 0.1937 0.3543 0.1141 
        H017  5 0.1363 0.2622 0.1656 0.2351 0.2007 
        H019  5 0.1659 0.2287 0.1462 0.2413 0.2179 
        H020  5 0.2318 0.1581 0.2119 0.1653 0.2329 
        H032  5 0.2098 0.2202 0.1600 0.2396 0.1705 
        H033  5 0.2668 0.2341 0.2351 0.1625 0.1015 
        H034  5 0.2055 0.1764 0.2380 0.1569 0.2232 
        H035  5 0.1703 0.2349 0.2057 0.2795 0.1096 
        H036  5 0.3611 0.2082 0.1767 0.1515 0.1025 
        H037  5 0.1036 0.2754 0.2637 0.1717 0.1855 
        H048  5 0.1486 0.1873 0.2610 0.1301 0.2729 
        H049  5 0.1710 0.2424 0.1858 0.2453 0.1555 
        H054  5 0.2278 0.1605 0.2200 0.2525 0.1391 
        H055  5 0.1146 0.2053 0.2298 0.2427 0.2077 
        H057  5 0.0865 0.2058 0.1468 0.3694 0.1915 
        H060  5 0.0786 0.2081 0.1807 0.2563 0.2764 
        H061  5 0.1293 0.2110 0.3259 0.2391 0.0946 
        H064  5 0.1429 0.1742 0.1851 0.1702 0.3276 
        H070  5 0.1506 0.1814 0.2835 0.1385 0.2460 
        H077  5 0.1123 0.1327 0.1077 0.1354 0.5118 
        H078  5 0.1626 0.2405 0.1256 0.2605 0.2108 
        H079  5 0.2641 0.1754 0.3018 0.1525 0.1063 
        H097  5 0.1384 0.2091 0.1110 0.3023 0.2392 
        H107  5 0.0904 0.1868 0.2986 0.1272 0.2970 
        H122  5 0.1363 0.2413 0.1965 0.3052 0.1207 
        H123  5 0.3401 0.1870 0.1709 0.2369 0.0651 
        H124  5 0.2704 0.2296 0.1847 0.2345 0.0808 
        H131  5 0.4459 0.1376 0.2016 0.1429 0.0720 
        H132  5 0.1850 0.1873 0.2250 0.1820 0.2206 
        H141  5 0.1408 0.2270 0.2378 0.1919 0.2026 
        H142  5 0.1613 0.2444 0.3015 0.1882 0.1045 
        H157  5 0.1231 0.2268 0.2360 0.1729 0.2413 
        H158  5 0.2289 0.1929 0.1843 0.3224 0.0715 
        H159  5 0.2139 0.2235 0.2408 0.2263 0.0955 
        H160  5 0.1922 0.2665 0.2152 0.2094 0.1167 
        H163  5 0.2748 0.2178 0.1917 0.2141 0.1015 
        H164  5 0.2007 0.1994 0.2527 0.1951 0.1521 
        H165  5 0.3877 0.1350 0.2534 0.1490 0.0750 
        H166  5 0.2316 0.2298 0.2184 0.2082 0.1120 
        H169  5 0.1462 0.2423 0.3104 0.2074 0.0937 
     H169613  5 0.1423 0.2304 0.2327 0.2073 0.1872 
     H169653  5 0.2514 0.2025 0.2551 0.2037 0.0874 
     H169728  5 0.1610 0.2290 0.1775 0.2606 0.1719 
     H169742  5 0.0926 0.1665 0.3593 0.1625 0.2191 
        H170  5 0.1103 0.2151 0.0989 0.3638 0.2119 
        H171  5 0.1402 0.1852 0.1501 0.3837 0.1408 
     H171851  5 0.1672 0.2465 0.1480 0.2843 0.1540 
     H171852  5 0.1003 0.1779 0.1539 0.2077 0.3602 
     H171853  5 0.2758 0.2167 0.2230 0.1465 0.1381 
     H171854  5 0.1652 0.2405 0.1391 0.2643 0.1908 
     H171938  5 0.1283 0.1774 0.4118 0.1341 0.1484 
     H171939  5 0.2270 0.2055 0.1713 0.2813 0.1149 
     H171941  5 0.1044 0.2102 0.2193 0.1409 0.3251 
     H171965  5 0.1143 0.2115 0.2434 0.2979 0.1330 
     H171970  5 0.1058 0.1608 0.1673 0.1174 0.4487 
     H171973  5 0.1557 0.1962 0.3462 0.1722 0.1297 
     H171974  5 0.1953 0.2177 0.2615 0.1920 0.1336 
     H171975  5 0.2015 0.2111 0.2369 0.1319 0.2186 
     H171976  5 0.0862 0.2111 0.1066 0.3147 0.2815 
        H175  5 0.1774 0.2165 0.1983 0.1894 0.2185 
        H178  5 0.1205 0.1800 0.2886 0.1727 0.2381 
        H189  5 0.3936 0.1489 0.2329 0.1539 0.0708 
        H399  5 0.1704 0.1914 0.1148 0.4016 0.1218 
        H416  5 0.1400 0.2336 0.2344 0.1793 0.2128 
        H438  5 0.2916 0.2126 0.2674 0.1210 0.1074 
        H450  5 0.0715 0.1849 0.1733 0.1697 0.4007 
        H455  5 0.0871 0.1486 0.2531 0.0802 0.4310 
        H456  5 0.1249 0.2184 0.3596 0.1648 0.1322 
        H457  5 0.1071 0.1775 0.1410 0.2016 0.3728 
        H458  5 0.1394 0.2183 0.2961 0.1735 0.1727 
        H459  5 0.1977 0.2210 0.2940 0.2234 0.0639 
        H460  5 0.1486 0.2007 0.2651 0.1786 0.2070 
        H461  5 0.1177 0.2189 0.1338 0.3662 0.1634 
        H462  5 0.3439 0.2128 0.1688 0.1608 0.1137 
        H469  5 0.4095 0.1744 0.1506 0.1630 0.1025 
        H470  5 0.1993 0.2667 0.1720 0.1903 0.1716 
        H471  5 0.2248 0.2223 0.1396 0.3375 0.0758 
        H481  5 0.1042 0.1601 0.1348 0.1247 0.4762 
        H482  5 0.1380 0.1928 0.1478 0.2123 0.3091 
        H501  5 0.1443 0.2657 0.1836 0.2291 0.1773 
        H502  5 0.1826 0.2151 0.1970 0.2932 0.1121 
        H503  5 0.3437 0.2040 0.1826 0.1763 0.0934 
        H509  5 0.2755 0.2029 0.2256 0.1245 0.1716 
        H510  5 0.1455 0.2170 0.2141 0.1987 0.2246 
        H511  5 0.1613 0.2251 0.2311 0.2682 0.1143 
        H530  5 0.2029 0.1977 0.2471 0.1554 0.1970 
        H531  5 0.0854 0.2574 0.1426 0.2560 0.2586 
        H564  5 0.0662 0.1801 0.1696 0.2517 0.3323 
        H565  5 0.0634 0.1695 0.1542 0.1318 0.4810 
        H567  5 0.5046 0.1269 0.1710 0.1305 0.0670 
     H568???  5 0.1468 0.2302 0.1562 0.3740 0.0928 
        H608  5 0.0905 0.1752 0.1857 0.1806 0.3679 
        H609  5 0.2265 0.1982 0.3176 0.1483 0.1094 
        H612  5 0.0964 0.1571 0.2804 0.1099 0.3563 
        H614  5 0.0919 0.2124 0.1241 0.1657 0.4060 
        H615  5 0.0838 0.2339 0.1300 0.1623 0.3900 
        H616  5 0.0854 0.1333 0.2161 0.0994 0.4657 
        H617  5 0.2532 0.1971 0.2963 0.1861 0.0673 
        H618  5 0.1091 0.1532 0.2027 0.1238 0.4112 
        H619  5 0.1319 0.1529 0.4088 0.1330 0.1735 
        H635  5 0.1887 0.2305 0.1947 0.2147 0.1714 
        H636  5 0.1341 0.1595 0.4441 0.1359 0.1264 
        H637  5 0.0979 0.1586 0.1912 0.1629 0.3894 
        H644  5 0.3541 0.1596 0.1175 0.3107 0.0581 
        H711  5 0.0901 0.2423 0.1355 0.3565 0.1756 
        H712  5 0.1246 0.1684 0.3284 0.1094 0.2692 
       H7360  5 0.1236 0.2022 0.2012 0.2601 0.2131 
       H7361  5 0.0966 0.1719 0.1661 0.1851 0.3802 
       H7362  5 0.2548 0.1894 0.1446 0.3609 0.0503 
       H7363  5 0.1736 0.1986 0.1834 0.2236 0.2208 
       H7394  5 0.2471 0.2360 0.2253 0.2002 0.0914 
       H7395  5 0.0954 0.2001 0.3618 0.1760 0.1667 
       H7396  5 0.1834 0.2707 0.2107 0.1722 0.1629 
        H742  5 0.0865 0.1633 0.3822 0.1624 0.2056 
        H743  5 0.2029 0.1936 0.1603 0.1691 0.2740 
        H744  5 0.2436 0.1764 0.1266 0.1092 0.3442 
        H957  5 0.0767 0.2566 0.1532 0.3238 0.1897 
        H958  5 0.2561 0.2095 0.2084 0.1913 0.1347 
        H959  5 0.0985 0.1581 0.1991 0.1294 0.4150 
        H960  5 0.3046 0.1964 0.1790 0.1645 0.1555 
        H431  8 0.2869 0.2423 0.1512 0.1496 0.1700 
        H432  8 0.3057 0.2002 0.1745 0.2388 0.0807 
        H433  8 0.2953 0.1754 0.2760 0.1329 0.1205 
        H434  8 0.3337 0.2303 0.1840 0.1591 0.0929 
        H444  8 0.1885 0.2006 0.2862 0.1288 0.1958 
        H454  8 0.1178 0.1730 0.1967 0.1123 0.4002 
        H475  8 0.0839 0.1302 0.1059 0.1159 0.5641 
        H491  8 0.0873 0.1917 0.1856 0.1876 0.3478 
        H492  8 0.1320 0.2062 0.1686 0.1529 0.3403 
        H493  8 0.1727 0.2335 0.1868 0.2913 0.1157 
        H494  8 0.2047 0.1906 0.2085 0.1460 0.2502 
        H495  8 0.0670 0.1660 0.0952 0.1665 0.5053 
        H662  8 0.1377 0.2417 0.1702 0.3156 0.1348 
        H663  8 0.2168 0.1880 0.1811 0.1717 0.2424 
        H695  8 0.2077 0.2350 0.1794 0.1688 0.2092 
       H7367  8 0.5005 0.1355 0.1518 0.1569 0.0553 
       H7368  8 0.2353 0.2127 0.1975 0.2542 0.1004 
       H7369  8 0.1664 0.1961 0.3020 0.1465 0.1889 
       H7370  8 0.4063 0.2199 0.1514 0.1627 0.0597 
       H7371  8 0.2656 0.2112 0.2276 0.1516 0.1440 
     H169705 10 0.5147 0.1244 0.1786 0.1208 0.0615 
     H171942 10 0.3191 0.2114 0.1699 0.2190 0.0805 
     H171943 10 0.1345 0.2311 0.2338 0.2585 0.1423 
     H171944 10 0.1744 0.2434 0.2644 0.2078 0.1100 
     H171946 10 0.0960 0.2586 0.1503 0.2346 0.2606 
     H171947 10 0.2665 0.2082 0.1340 0.2371 0.1542 
     H229641 10 0.2311 0.1946 0.1270 0.1931 0.2542 
      H30001 10 0.1677 0.2084 0.2527 0.1972 0.1740 
      H30002 10 0.2307 0.2223 0.2858 0.1359 0.1254 
      H30005 10 0.4213 0.2038 0.1608 0.1370 0.0771 
      H30006 10 0.5241 0.0992 0.1537 0.1301 0.0930 
      H30007 10 0.1193 0.2260 0.1504 0.4155 0.0889 
        H451 10 0.2901 0.1911 0.2281 0.1781 0.1127 
        H452 10 0.5150 0.1770 0.0807 0.1050 0.1224 
        H453 10 0.0989 0.2173 0.1600 0.2042 0.3196 
        H473 10 0.0847 0.1746 0.1975 0.2349 0.3083 
        H474 10 0.0897 0.1983 0.1018 0.1389 0.4713 
        H486 10 0.2393 0.1750 0.1416 0.1165 0.3277 
        H487 10 0.2812 0.2113 0.0960 0.1580 0.2534 
        H488 10 0.2172 0.1928 0.2447 0.1221 0.2232 
        H489 10 0.1671 0.2316 0.1200 0.1685 0.3128 
        H550 10 0.1423 0.2892 0.2122 0.2718 0.0846 
        H551 10 0.3648 0.1995 0.1438 0.1267 0.1651 
        H553 10 0.3745 0.1848 0.1010 0.1170 0.2226 
        H554 10 0.2314 0.2127 0.2009 0.2068 0.1482 
        H556 10 0.2374 0.2226 0.1731 0.2177 0.1492 
        H580 10 0.2690 0.1957 0.2295 0.2245 0.0813 
        H591 10 0.0920 0.1255 0.1039 0.1000 0.5785 
        H592 10 0.2112 0.2568 0.1827 0.1711 0.1782 
        H593 10 0.1559 0.2192 0.1551 0.2727 0.1971 
        H594 10 0.2451 0.1737 0.1822 0.3362 0.0628 
        H627 10 0.1386 0.2460 0.1294 0.2531 0.2330 
        H628 10 0.2369 0.1786 0.2669 0.2377 0.0800 
        H629 10 0.1337 0.2339 0.1244 0.2845 0.2236 
        H630 10 0.2269 0.2553 0.1663 0.2464 0.1051 
        H638 10 0.2641 0.2135 0.1485 0.2643 0.1096 
        H639 10 0.1439 0.1790 0.1298 0.1510 0.3963 
        H640 10 0.2615 0.2149 0.1909 0.2367 0.0960 
        H704 10 0.1742 0.1710 0.1550 0.4131 0.0868 
        H705 10 0.5159 0.1311 0.1740 0.1170 0.0620 
        H706 10 0.2035 0.1946 0.2136 0.1158 0.2726 
        H708 10 0.0843 0.2712 0.1681 0.1511 0.3254 
       H7351 10 0.1636 0.2306 0.2011 0.2690 0.1357 
       H7352 10 0.1730 0.2364 0.1864 0.2413 0.1630 
       H7353 10 0.1604 0.1570 0.1254 0.4741 0.0831 
       H7354 10 0.0885 0.1947 0.3008 0.1932 0.2228 
       H7365 10 0.1212 0.2153 0.2152 0.1384 0.3098 
       H7383 10 0.1218 0.1930 0.3097 0.1487 0.2268 
       H7384 10 0.2834 0.1839 0.2047 0.1828 0.1453 
       H7385 10 0.1583 0.1895 0.2117 0.1585 0.2820 
       H7386 10 0.3130 0.1864 0.2343 0.1538 0.1125 
       H7387 10 0.1347 0.2578 0.2804 0.2333 0.0938 
       H7388 10 0.4906 0.1846 0.1170 0.0961 0.1117 
        H906 10 0.0760 0.1429 0.2052 0.2215 0.3543 
        H907 10 0.2500 0.2218 0.1406 0.2841 0.1036 
        H908 10 0.2564 0.2094 0.2345 0.1485 0.1512 
        H909 10 0.1035 0.1698 0.3848 0.1334 0.2085 
       H9552 10 0.2354 0.2012 0.2043 0.2430 0.1161 
       H9553 10 0.4501 0.1815 0.1103 0.1080 0.1500 
       H9555 10 0.2540 0.2008 0.2144 0.2362 0.0946 
       H9575 10 0.0790 0.2502 0.2198 0.2327 0.2183 
       H9703 10 0.2182 0.1442 0.1990 0.1226 0.3160 
       H9707 10 0.2198 0.1779 0.1282 0.1266 0.3474 
       HSAA4 10 0.2812 0.1951 0.2154 0.2316 0.0767 
        H001 11 0.1046 0.1909 0.3604 0.1899 0.1542 
        H004 11 0.1424 0.2579 0.1972 0.2043 0.1983 
        H005 11 0.0846 0.1488 0.2212 0.1072 0.4381 
        H006 11 0.1766 0.2228 0.2567 0.1893 0.1546 
        H007 11 0.0944 0.1189 0.2502 0.0913 0.4453 
        H031 11 0.1218 0.1989 0.1633 0.1061 0.4098 
        H074 11 0.1212 0.2599 0.1672 0.1572 0.2944 
        H075 11 0.0718 0.1585 0.2733 0.1161 0.3803 
        H080 11 0.1932 0.1951 0.2161 0.1580 0.2377 
        H086 11 0.4322 0.1826 0.1332 0.1456 0.1065 
        H092 11 0.2269 0.1675 0.2108 0.1731 0.2217 
        H093 11 0.1793 0.2153 0.2116 0.2919 0.1020 
        H094 11 0.1720 0.2747 0.1899 0.2720 0.0914 
        H095 11 0.1232 0.1820 0.2754 0.1788 0.2406 
        H096 11 0.1113 0.1838 0.2931 0.1407 0.2712 
        H099 11 0.1543 0.1911 0.2048 0.2378 0.2120 
        H100 11 0.1941 0.2302 0.2736 0.2235 0.0785 
        H127 11 0.3283 0.1976 0.1414 0.1538 0.1789 
        H136 11 0.0971 0.2227 0.0992 0.1676 0.4133 
        H153 11 0.1684 0.2372 0.1760 0.2332 0.1853 
        H154 11 0.1324 0.2403 0.2116 0.1496 0.2662 
        H155 11 0.2996 0.1825 0.3253 0.1297 0.0629 
        H156 11 0.2601 0.2070 0.2631 0.2133 0.0564 
        H161 11 0.1607 0.2243 0.1619 0.2216 0.2314 
        H162 11 0.4321 0.1820 0.1480 0.1658 0.0722 
        H167 11 0.1441 0.2028 0.3056 0.2590 0.0884 
        H168 11 0.2501 0.2098 0.2120 0.2052 0.1229 
     H169586 11 0.0629 0.2074 0.1239 0.3418 0.2640 
     H169738 11 0.3663 0.1789 0.1872 0.1368 0.1309 
     H169741 11 0.0992 0.3172 0.1523 0.1423 0.2889 
     H171801 11 0.1970 0.2233 0.1368 0.3362 0.1068 
     H171810 11 0.0831 0.2421 0.1360 0.1481 0.3906 
     H171811 11 0.0808 0.2800 0.1756 0.2134 0.2502 
     H171812 11 0.1150 0.2192 0.3154 0.1769 0.1735 
     H171820 11 0.1134 0.2212 0.2115 0.1736 0.2804 
     H171821 11 0.2482 0.2141 0.2165 0.2170 0.1042 
     H171822 11 0.2607 0.2404 0.1728 0.2039 0.1221 
     H171823 11 0.0657 0.1478 0.0860 0.2034 0.4971 
     H171866 11 0.2968 0.1681 0.1211 0.2498 0.1642 
     H171867 11 0.3277 0.1761 0.2330 0.1449 0.1184 
     H171967 11 0.1017 0.2004 0.2634 0.1436 0.2908 
     H171969 11 0.1357 0.2178 0.2246 0.2238 0.1982 
        H172 11 0.2022 0.2116 0.2651 0.1915 0.1296 
        H173 11 0.3103 0.2101 0.2488 0.1338 0.0971 
        H174 11 0.2254 0.2209 0.1295 0.3695 0.0546 
        H196 11 0.5402 0.1939 0.1065 0.0962 0.0632 
        H197 11 0.2521 0.2029 0.2288 0.2254 0.0908 
        H346 11 0.1304 0.1830 0.3185 0.1299 0.2382 
        H355 11 0.1213 0.1845 0.2595 0.2097 0.2250 
        H356 11 0.2282 0.2005 0.1876 0.1691 0.2145 
        H357 11 0.1449 0.1929 0.1650 0.1925 0.3046 
        H358 11 0.1113 0.2023 0.3687 0.1470 0.1707 
        H359 11 0.2047 0.2531 0.1802 0.2121 0.1500 
        H360 11 0.2972 0.1914 0.2241 0.1714 0.1160 
        H361 11 0.2875 0.1543 0.2740 0.1404 0.1438 
        H362 11 0.3636 0.1940 0.1710 0.2005 0.0709 
        H363 11 0.1204 0.2407 0.2389 0.1359 0.2641 
        H364 11 0.0950 0.2841 0.2364 0.2375 0.1470 
        H365 11 0.2444 0.1808 0.1668 0.2469 0.1610 
        H366 11 0.2787 0.1941 0.2158 0.1831 0.1283 
        H367 11 0.2331 0.2010 0.1424 0.1208 0.3027 
        H368 11 0.0813 0.3116 0.1665 0.3246 0.1160 
        H369 11 0.1485 0.1867 0.2407 0.0931 0.3310 
        H370 11 0.2505 0.2221 0.1872 0.2351 0.1051 
        H371 11 0.3318 0.1933 0.1441 0.1925 0.1384 
        H372 11 0.1666 0.2160 0.3205 0.1832 0.1137 
        H373 11 0.1709 0.2257 0.2535 0.2247 0.1252 
        H374 11 0.1290 0.2245 0.2338 0.1922 0.2205 
        H375 11 0.1392 0.1852 0.3483 0.1302 0.1971 
        H376 11 0.1904 0.2181 0.1955 0.2935 0.1024 
        H377 11 0.1860 0.2142 0.1710 0.1700 0.2588 
        H378 11 0.1374 0.2351 0.2151 0.2665 0.1458 
        H379 11 0.1777 0.2212 0.1984 0.2416 0.1611 
        H380 11 0.1701 0.2193 0.3280 0.1754 0.1072 
        H381 11 0.0773 0.2388 0.1128 0.2343 0.3368 
        H382 11 0.2892 0.2059 0.1733 0.2750 0.0566 
        H383 11 0.1749 0.1939 0.2124 0.3428 0.0760 
        H384 11 0.1055 0.3038 0.1948 0.1687 0.2272 
        H385 11 0.1740 0.2463 0.1428 0.2126 0.2242 
        H386 11 0.1552 0.1665 0.4752 0.1121 0.0910 
        H387 11 0.0678 0.1675 0.1956 0.4090 0.1601 
        H388 11 0.3467 0.1514 0.2377 0.1862 0.0781 
        H389 11 0.1343 0.1581 0.3152 0.1077 0.2846 
        H390 11 0.1996 0.2041 0.2857 0.2123 0.0983 
        H391 11 0.1922 0.2324 0.1786 0.3168 0.0799 
        H392 11 0.0607 0.1495 0.3586 0.1318 0.2994 
        H393 11 0.1924 0.2101 0.2055 0.2696 0.1223 
        H394 11 0.1894 0.1935 0.1414 0.3390 0.1367 
        H395 11 0.1763 0.2027 0.1955 0.1545 0.2709 
        H408 11 0.1161 0.1654 0.4025 0.1503 0.1658 
        H412 11 0.1095 0.2496 0.1178 0.1793 0.3437 
        H417 11 0.1415 0.2679 0.1988 0.2099 0.1819 
        H418 11 0.2495 0.2158 0.1515 0.2375 0.1458 
        H429 11 0.0928 0.1697 0.3997 0.1882 0.1496 
        H430 11 0.2953 0.2170 0.2146 0.1673 0.1058 
        H439 11 0.2415 0.2405 0.2066 0.1763 0.1352 
        H440 11 0.0812 0.2049 0.1980 0.1704 0.3455 
        H441 11 0.4679 0.1909 0.1501 0.1228 0.0684 
        H442 11 0.2726 0.1982 0.2429 0.1858 0.1006 
        H446 11 0.2064 0.1924 0.2106 0.2720 0.1186 
        H447 11 0.1402 0.2021 0.4030 0.1710 0.0837 
        H448 11 0.4021 0.1800 0.1757 0.1117 0.1305 
        H534 11 0.0844 0.1995 0.1857 0.1998 0.3305 
        H537 11 0.1269 0.2064 0.2081 0.1856 0.2730 
        H568 11 0.1037 0.1550 0.0724 0.1124 0.5565 
        H569 11 0.5070 0.1579 0.1450 0.1193 0.0708 
        H586 11 0.0651 0.2240 0.1158 0.3095 0.2856 
        H587 11 0.0928 0.2108 0.2174 0.1247 0.3543 
        H588 11 0.1065 0.1904 0.1312 0.4496 0.1224 
        H589 11 0.0594 0.1715 0.1965 0.1444 0.4283 
        H590 11 0.1070 0.1704 0.1673 0.1213 0.4340 
        H601 11 0.3687 0.1847 0.1321 0.1854 0.1291 
        H602 11 0.2600 0.1951 0.1656 0.1486 0.2307 
        H603 11 0.2182 0.1935 0.3421 0.1366 0.1096 
        H610 11 0.3208 0.1624 0.1519 0.1852 0.1797 
        H611 11 0.1215 0.2735 0.1514 0.1290 0.3246 
        H649 11 0.1596 0.2386 0.2223 0.1973 0.1821 
        H650 11 0.2411 0.2312 0.1899 0.2488 0.0890 
        H651 11 0.2796 0.1671 0.2867 0.1259 0.1407 
        H652 11 0.1672 0.2064 0.1727 0.3016 0.1522 
       H7364 11 0.1975 0.2158 0.2385 0.2178 0.1304 
       H7366 11 0.3045 0.1445 0.2288 0.1470 0.1752 
       H7378 11 0.3294 0.1697 0.0972 0.3493 0.0543 
       H7379 11 0.2668 0.2036 0.1582 0.2507 0.1206 
        H739 11 0.1618 0.2384 0.1336 0.1376 0.3286 
        H740 11 0.2758 0.2119 0.1540 0.2544 0.1040 
        H741 11 0.1048 0.3135 0.1625 0.1520 0.2672 
        H926 11 0.2893 0.2086 0.1589 0.2206 0.1226 
        H927 11 0.4184 0.1637 0.2077 0.1418 0.0684 
        H928 11 0.2511 0.2451 0.1663 0.2236 0.1138 
       H9560 11 0.1619 0.2619 0.1675 0.2901 0.1187 
