        H008  2 0.1091 0.0618 0.1057 0.1087 0.0364 0.1263 0.0698 0.0868 0.1027 0.0987 0.0941 
        H021  2 0.0748 0.1359 0.2117 0.0290 0.0438 0.0705 0.0660 0.0978 0.0704 0.0805 0.1197 
        H023  2 0.3249 0.0533 0.0172 0.0458 0.0702 0.0597 0.1147 0.0495 0.0572 0.0604 0.1471 
        H024  2 0.0389 0.0239 0.0994 0.3933 0.0323 0.0888 0.0472 0.0840 0.0859 0.0849 0.0214 
        H025  2 0.0683 0.0391 0.0422 0.0213 0.3387 0.0857 0.0571 0.0998 0.1112 0.1043 0.0322 
        H026  2 0.0301 0.0296 0.1373 0.0537 0.0169 0.1613 0.0660 0.0836 0.1896 0.2082 0.0237 
        H027  2 0.0458 0.0435 0.4035 0.0405 0.0265 0.0756 0.0680 0.0669 0.0833 0.0803 0.0660 
        H028  2 0.0846 0.0240 0.0756 0.0865 0.0812 0.1607 0.0573 0.1215 0.1463 0.1141 0.0484 
        H029  2 0.0697 0.0308 0.0949 0.3351 0.0184 0.0906 0.0757 0.0770 0.0824 0.0714 0.0540 
        H030  2 0.0230 0.0221 0.5045 0.0548 0.0201 0.0720 0.0495 0.0487 0.0906 0.0835 0.0312 
        H038  2 0.0307 0.3137 0.0295 0.0461 0.0429 0.0516 0.0811 0.0619 0.0594 0.0644 0.2186 
        H039  2 0.0307 0.0282 0.0130 0.0258 0.6962 0.0285 0.0769 0.0251 0.0310 0.0271 0.0176 
        H040  2 0.0371 0.1012 0.0427 0.0415 0.0656 0.0799 0.1539 0.1134 0.0634 0.0685 0.2328 
        H041  2 0.2459 0.0249 0.0730 0.2500 0.0917 0.0592 0.0494 0.0429 0.0448 0.0573 0.0608 
        H042  2 0.2673 0.0482 0.0404 0.0473 0.1039 0.0854 0.0650 0.0785 0.0851 0.0986 0.0802 
        H043  2 0.0140 0.5385 0.0177 0.0171 0.0969 0.0506 0.0809 0.0738 0.0429 0.0361 0.0316 
        H044  2 0.0391 0.1434 0.0702 0.0421 0.0274 0.1325 0.0966 0.1298 0.1302 0.1318 0.0568 
        H047  2 0.0827 0.0858 0.0439 0.0769 0.1242 0.1216 0.1075 0.1148 0.1086 0.0966 0.0374 
        H050  2 0.0434 0.0309 0.4255 0.0438 0.0174 0.0633 0.1315 0.0759 0.0733 0.0624 0.0326 
        H058  2 0.0381 0.3564 0.0357 0.0298 0.0549 0.0941 0.0505 0.0854 0.1051 0.1064 0.0437 
        H062  2 0.2213 0.1116 0.0294 0.0202 0.0868 0.0665 0.0574 0.0799 0.0754 0.0632 0.1882 
        H063  2 0.0560 0.3531 0.0446 0.0579 0.1941 0.0461 0.0622 0.0454 0.0532 0.0490 0.0384 
        H065  2 0.0513 0.0398 0.0221 0.0255 0.0954 0.2159 0.0408 0.0799 0.1860 0.2005 0.0427 
        H066  2 0.0298 0.1192 0.0328 0.2102 0.0198 0.1080 0.1079 0.1232 0.1062 0.1066 0.0364 
        H067  2 0.1347 0.0461 0.0537 0.0905 0.0262 0.1160 0.0701 0.0778 0.1048 0.1062 0.1739 
        H068  2 0.2362 0.0747 0.0227 0.0374 0.1313 0.0666 0.1527 0.0826 0.0809 0.0823 0.0326 
        H069  2 0.0510 0.0950 0.0766 0.0470 0.0460 0.1086 0.2238 0.1050 0.0898 0.1151 0.0420 
        H071  2 0.0538 0.0833 0.0620 0.0352 0.0574 0.1262 0.0914 0.1054 0.1246 0.1070 0.1535 
        H072  2 0.0430 0.0768 0.0255 0.0427 0.4998 0.0576 0.0870 0.0513 0.0476 0.0454 0.0232 
        H073  2 0.0606 0.0456 0.0580 0.0554 0.0281 0.1556 0.0692 0.0984 0.1180 0.1286 0.1826 
        H081  2 0.1889 0.0375 0.0833 0.0497 0.1762 0.0564 0.0555 0.0703 0.0594 0.0614 0.1614 
        H082  2 0.0465 0.2166 0.2614 0.0536 0.0321 0.0940 0.0604 0.0737 0.0632 0.0725 0.0261 
        H083  2 0.0685 0.0641 0.1563 0.0269 0.0443 0.1231 0.0772 0.1000 0.1168 0.1300 0.0928 
        H084  2 0.0480 0.1434 0.0866 0.1565 0.0348 0.0867 0.0850 0.1174 0.0782 0.0924 0.0710 
        H085  2 0.0526 0.0260 0.5671 0.0194 0.0612 0.0478 0.0385 0.0360 0.0461 0.0446 0.0607 
        H087  2 0.3761 0.0322 0.0519 0.0747 0.0449 0.0594 0.0445 0.0461 0.0571 0.0603 0.1528 
        H088  2 0.0715 0.1151 0.0434 0.0403 0.1127 0.1016 0.1203 0.1203 0.1030 0.1032 0.0687 
        H089  2 0.1041 0.0798 0.0792 0.0687 0.0372 0.0929 0.0664 0.0856 0.1000 0.1148 0.1714 
        H090  2 0.0611 0.0302 0.5601 0.0985 0.0348 0.0336 0.0348 0.0301 0.0336 0.0517 0.0315 
        H091  2 0.0210 0.0137 0.7885 0.0234 0.0154 0.0246 0.0222 0.0216 0.0230 0.0230 0.0234 
        H098  2 0.1832 0.0704 0.0618 0.2445 0.0744 0.0723 0.0393 0.0799 0.0655 0.0709 0.0378 
      H10001  2 0.0176 0.0287 0.0321 0.0133 0.7230 0.0247 0.0464 0.0343 0.0280 0.0222 0.0297 
      H10002  2 0.0335 0.0509 0.0445 0.0242 0.0915 0.0969 0.1361 0.1046 0.0863 0.1035 0.2279 
        H101  2 0.0427 0.0436 0.4239 0.0475 0.0140 0.0591 0.1758 0.0805 0.0498 0.0469 0.0163 
        H108  2 0.2876 0.0260 0.0202 0.0213 0.3540 0.0536 0.0306 0.0462 0.0474 0.0522 0.0609 
        H109  2 0.0226 0.2262 0.0400 0.1738 0.0666 0.0742 0.1005 0.1067 0.0798 0.0826 0.0269 
        H110  2 0.0869 0.0226 0.1010 0.0545 0.0278 0.0600 0.1108 0.0746 0.0885 0.0638 0.3096 
        H116  2 0.0332 0.0487 0.0593 0.1308 0.0320 0.1507 0.0638 0.1169 0.1345 0.1829 0.0474 
        H117  2 0.0290 0.0249 0.3401 0.3917 0.0190 0.0398 0.0319 0.0298 0.0340 0.0316 0.0282 
        H118  2 0.0382 0.0256 0.5923 0.0285 0.0212 0.0687 0.0280 0.0398 0.0710 0.0558 0.0310 
        H119  2 0.0297 0.0254 0.0220 0.4826 0.0488 0.0565 0.0475 0.0492 0.0550 0.0556 0.1275 
        H120  2 0.0765 0.0330 0.0305 0.0219 0.5932 0.0396 0.0377 0.0354 0.0432 0.0377 0.0513 
        H121  2 0.0522 0.0131 0.7436 0.0228 0.0223 0.0214 0.0409 0.0201 0.0185 0.0230 0.0221 
        H125  2 0.0346 0.0371 0.0157 0.0831 0.5446 0.0290 0.1096 0.0486 0.0409 0.0284 0.0284 
        H126  2 0.1464 0.0152 0.0383 0.0254 0.1105 0.1696 0.0545 0.0988 0.1438 0.1446 0.0528 
        H128  2 0.0147 0.0096 0.8536 0.0185 0.0083 0.0159 0.0223 0.0153 0.0162 0.0140 0.0116 
        H129  2 0.1049 0.0475 0.0349 0.0403 0.0227 0.1937 0.0402 0.1074 0.1809 0.1805 0.0471 
        H130  2 0.0381 0.0278 0.0292 0.0115 0.1606 0.1185 0.1840 0.1112 0.1170 0.1294 0.0727 
        H133  2 0.0492 0.0214 0.0476 0.0383 0.4114 0.0660 0.1281 0.0688 0.0733 0.0674 0.0285 
        H134  2 0.0442 0.0196 0.0227 0.0294 0.0193 0.2358 0.0266 0.0830 0.2464 0.2422 0.0308 
        H135  2 0.0698 0.0348 0.0627 0.0656 0.1264 0.1119 0.0806 0.1099 0.0926 0.1083 0.1374 
        H137  2 0.0537 0.0639 0.1119 0.4188 0.0371 0.0686 0.0501 0.0508 0.0593 0.0574 0.0284 
        H138  2 0.0204 0.0328 0.0238 0.0259 0.0184 0.1777 0.0734 0.1521 0.2081 0.1898 0.0776 
        H140  2 0.0475 0.0243 0.2969 0.0716 0.0993 0.0872 0.0849 0.0753 0.0836 0.0929 0.0366 
        H146  2 0.0155 0.0166 0.7133 0.0414 0.0377 0.0371 0.0265 0.0347 0.0343 0.0221 0.0209 
        H147  2 0.0653 0.0347 0.3750 0.0726 0.0298 0.0459 0.0600 0.0518 0.0483 0.0496 0.1669 
        H148  2 0.0481 0.0574 0.2079 0.1700 0.0202 0.0752 0.0598 0.0931 0.0757 0.0705 0.1221 
     H166022  2 0.0399 0.0343 0.0671 0.2082 0.0204 0.0900 0.0732 0.1087 0.0954 0.1036 0.1593 
     H167359  2 0.0293 0.0277 0.0333 0.0471 0.0456 0.1119 0.2622 0.1752 0.1147 0.1219 0.0311 
     H167397  2 0.0539 0.0342 0.1879 0.2926 0.0121 0.0737 0.0494 0.0720 0.0822 0.0777 0.0644 
     H167428  2 0.2556 0.0178 0.2254 0.0426 0.0223 0.0820 0.0649 0.0636 0.0882 0.1006 0.0369 
     H167496  2 0.0578 0.0273 0.0555 0.0686 0.5123 0.0437 0.0612 0.0480 0.0416 0.0458 0.0382 
     H167513  2 0.0224 0.8160 0.0175 0.0183 0.0164 0.0187 0.0215 0.0182 0.0195 0.0198 0.0119 
     H167545  2 0.1518 0.0589 0.0276 0.0329 0.0258 0.1077 0.0479 0.1327 0.0959 0.1137 0.2051 
     H167547  2 0.0110 0.0144 0.0162 0.8291 0.0137 0.0172 0.0178 0.0211 0.0200 0.0246 0.0148 
     H169621  2 0.0379 0.0189 0.5604 0.0516 0.0196 0.0440 0.0439 0.0493 0.0697 0.0675 0.0373 
     H169622  2 0.0279 0.0601 0.0331 0.0289 0.0156 0.1301 0.1846 0.1503 0.1527 0.1046 0.1122 
     H169750  2 0.0447 0.0505 0.1395 0.0660 0.0837 0.1171 0.1146 0.0921 0.1248 0.1118 0.0552 
     H171806  2 0.0520 0.0371 0.1510 0.2335 0.0527 0.0819 0.0703 0.0760 0.0913 0.0879 0.0662 
     H171808  2 0.0821 0.0760 0.0433 0.0364 0.0535 0.0989 0.1262 0.1344 0.1019 0.1038 0.1435 
     H171809  2 0.1199 0.0609 0.0418 0.0414 0.0718 0.0960 0.0823 0.0960 0.1327 0.0927 0.1644 
     H171813  2 0.0477 0.1001 0.0539 0.0592 0.0349 0.1295 0.0490 0.1058 0.1602 0.1635 0.0962 
     H171815  2 0.0277 0.1259 0.0211 0.0382 0.3969 0.0748 0.0469 0.0797 0.0624 0.0682 0.0583 
     H171824  2 0.0574 0.0285 0.1001 0.1418 0.0707 0.0709 0.1563 0.0900 0.0960 0.0760 0.1121 
     H171825  2 0.0608 0.0334 0.0294 0.0331 0.0288 0.1327 0.1441 0.1427 0.1279 0.1356 0.1314 
     H171826  2 0.0399 0.1808 0.0347 0.1142 0.0438 0.0954 0.0902 0.1137 0.1174 0.1071 0.0626 
     H171827  2 0.0265 0.0699 0.0464 0.0384 0.0171 0.0825 0.1200 0.1013 0.0945 0.0973 0.3062 
     H171828  2 0.0567 0.0358 0.0418 0.0281 0.6028 0.0392 0.0306 0.0335 0.0337 0.0398 0.0581 
     H171829  2 0.0475 0.0787 0.0526 0.0939 0.0533 0.1270 0.1038 0.1139 0.1150 0.1477 0.0666 
     H171830  2 0.0840 0.1515 0.0565 0.1709 0.1071 0.0732 0.0672 0.0756 0.0725 0.0864 0.0551 
     H171831  2 0.1113 0.1621 0.0424 0.0849 0.0217 0.1055 0.0470 0.0727 0.1436 0.1607 0.0482 
     H171832  2 0.0569 0.0523 0.0287 0.0349 0.0520 0.1714 0.0445 0.1745 0.1552 0.1735 0.0560 
     H171863  2 0.0407 0.0619 0.0885 0.0594 0.0193 0.1530 0.1027 0.1101 0.1726 0.1579 0.0339 
     H171864  2 0.0989 0.2519 0.0640 0.1488 0.0607 0.0657 0.0557 0.0665 0.0600 0.0696 0.0583 
     H171865  2 0.0361 0.0724 0.0161 0.0817 0.5280 0.0491 0.0341 0.0500 0.0514 0.0558 0.0254 
     H171879  2 0.0189 0.0261 0.0513 0.4539 0.0263 0.0687 0.0811 0.1029 0.0732 0.0594 0.0382 
     H171880  2 0.0375 0.0494 0.3040 0.2446 0.0187 0.0725 0.0502 0.0729 0.0704 0.0505 0.0291 
     H171881  2 0.1786 0.0621 0.1175 0.0457 0.0213 0.1153 0.0514 0.0879 0.1363 0.1389 0.0451 
     H171882  2 0.0193 0.0195 0.0177 0.0216 0.8048 0.0149 0.0215 0.0195 0.0185 0.0178 0.0249 
     H171929  2 0.0700 0.0762 0.2103 0.0700 0.0594 0.1053 0.0590 0.0761 0.1149 0.1143 0.0444 
     H171930  2 0.1588 0.0521 0.0656 0.0848 0.0187 0.1039 0.0761 0.1588 0.1168 0.0951 0.0693 
     H171933  2 0.0470 0.0287 0.2219 0.1732 0.0284 0.0900 0.1085 0.0960 0.0718 0.0809 0.0534 
     H171934  2 0.1127 0.0963 0.0478 0.1109 0.0387 0.0908 0.0756 0.1058 0.0745 0.0847 0.1623 
     H171937  2 0.1190 0.0309 0.0304 0.0295 0.0350 0.1519 0.0554 0.1658 0.1776 0.1611 0.0433 
     H171962  2 0.1312 0.0671 0.0335 0.0370 0.0343 0.1517 0.0906 0.1447 0.1202 0.1374 0.0523 
        H190  2 0.0855 0.1023 0.0624 0.0591 0.0350 0.1234 0.0587 0.1400 0.1141 0.1467 0.0727 
        H191  2 0.0806 0.0973 0.0384 0.2060 0.1446 0.0982 0.0438 0.0652 0.0956 0.0844 0.0459 
        H396  2 0.1964 0.0582 0.1044 0.0213 0.1135 0.0614 0.0631 0.0849 0.0650 0.0646 0.1670 
        H397  2 0.0972 0.0271 0.1278 0.0321 0.0413 0.1270 0.1113 0.1102 0.1262 0.1184 0.0814 
        H398  2 0.0364 0.0984 0.0438 0.0247 0.0599 0.1351 0.0797 0.1308 0.1564 0.1594 0.0755 
        H400  2 0.0910 0.1208 0.0407 0.0252 0.0549 0.0950 0.1142 0.1183 0.0884 0.1003 0.1512 
        H401  2 0.0170 0.0205 0.0281 0.8043 0.0169 0.0239 0.0179 0.0187 0.0203 0.0170 0.0152 
        H402  2 0.0448 0.1061 0.0697 0.1406 0.0172 0.0868 0.0753 0.0912 0.0845 0.0670 0.2169 
        H427  2 0.1791 0.0328 0.0452 0.0872 0.0462 0.0936 0.0681 0.0822 0.0674 0.0666 0.2315 
        H428  2 0.2597 0.0161 0.2155 0.0559 0.0198 0.0922 0.0641 0.0914 0.0663 0.0847 0.0343 
        H497  2 0.0255 0.6800 0.0225 0.0208 0.0583 0.0306 0.0396 0.0301 0.0329 0.0314 0.0283 
        H512  2 0.0254 0.1197 0.0793 0.2724 0.0316 0.0745 0.0690 0.0911 0.0931 0.0749 0.0690 
        H513  2 0.0228 0.8126 0.0143 0.0169 0.0180 0.0188 0.0258 0.0168 0.0203 0.0205 0.0131 
        H514  2 0.0212 0.1279 0.0526 0.0195 0.0384 0.1520 0.1132 0.1219 0.1269 0.1326 0.0937 
        H519  2 0.0310 0.7869 0.0178 0.0201 0.0192 0.0192 0.0296 0.0183 0.0235 0.0197 0.0147 
        H532  2 0.0468 0.0677 0.0814 0.0923 0.0207 0.0899 0.0978 0.1069 0.0859 0.1095 0.2010 
        H543  2 0.0383 0.0480 0.1597 0.0779 0.0132 0.0795 0.0761 0.1174 0.1016 0.0874 0.2009 
        H544  2 0.0352 0.0834 0.0396 0.0193 0.0822 0.1678 0.0987 0.1348 0.1349 0.1667 0.0373 
        H545  2 0.1752 0.0484 0.0248 0.0341 0.0232 0.1007 0.0556 0.1313 0.1194 0.1016 0.1855 
        H546  2 0.0490 0.0742 0.0254 0.0348 0.4433 0.0849 0.0413 0.0605 0.0772 0.0782 0.0312 
        H547  2 0.0099 0.0148 0.0123 0.8380 0.0137 0.0233 0.0164 0.0179 0.0200 0.0184 0.0154 
        H548  2 0.0672 0.0759 0.0429 0.1339 0.0454 0.0877 0.0977 0.0972 0.0756 0.0926 0.1839 
        H549  2 0.0238 0.6088 0.0211 0.0347 0.0179 0.0270 0.0585 0.0507 0.0300 0.0298 0.0977 
        H620  2 0.0170 0.0230 0.0112 0.0263 0.7964 0.0225 0.0222 0.0158 0.0182 0.0194 0.0280 
        H623  2 0.1781 0.0543 0.0603 0.0310 0.0670 0.1367 0.0442 0.1134 0.1476 0.1134 0.0541 
        H624  2 0.0163 0.1978 0.0208 0.0150 0.0606 0.1050 0.1830 0.1459 0.0876 0.0800 0.0880 
        H625  2 0.2797 0.0612 0.0379 0.0547 0.0675 0.0759 0.0598 0.0787 0.0829 0.0856 0.1161 
        H626  2 0.0250 0.3807 0.0212 0.1331 0.0322 0.0812 0.0608 0.0757 0.0628 0.0537 0.0737 
        H654  2 0.0207 0.2037 0.0102 0.0142 0.5019 0.0410 0.0546 0.0332 0.0384 0.0428 0.0392 
        H655  2 0.0405 0.0237 0.0341 0.0267 0.0449 0.0890 0.3200 0.1551 0.1062 0.0720 0.0879 
        H656  2 0.0498 0.0149 0.0157 0.0138 0.7568 0.0235 0.0264 0.0207 0.0242 0.0229 0.0313 
        H666  2 0.0186 0.0385 0.0961 0.0241 0.6055 0.0415 0.0593 0.0289 0.0319 0.0392 0.0165 
        H667  2 0.0292 0.0291 0.0284 0.0747 0.0227 0.0550 0.1311 0.0452 0.0535 0.0654 0.4658 
        H677  2 0.0232 0.0297 0.0696 0.0848 0.0333 0.1165 0.1178 0.1272 0.0835 0.1072 0.2072 
        H693  2 0.4737 0.0371 0.0156 0.0287 0.1804 0.0368 0.0360 0.0324 0.0370 0.0402 0.0822 
        H694  2 0.3038 0.0319 0.0834 0.0295 0.0360 0.1250 0.0587 0.1047 0.1060 0.0924 0.0286 
        H701  2 0.0614 0.0450 0.1297 0.0392 0.0217 0.1242 0.1351 0.1500 0.1227 0.1141 0.0569 
        H702  2 0.0460 0.1268 0.0442 0.1020 0.0355 0.1176 0.0959 0.1089 0.0993 0.1223 0.1016 
        H731  2 0.0373 0.0219 0.2736 0.0340 0.1468 0.0707 0.0712 0.0670 0.0635 0.0760 0.1379 
       H7359  2 0.0248 0.0359 0.0435 0.0484 0.0418 0.1013 0.2878 0.1802 0.1140 0.0943 0.0280 
       H7389  2 0.0439 0.1217 0.0509 0.2049 0.0260 0.1027 0.0634 0.0973 0.0991 0.1013 0.0887 
       H7390  2 0.0195 0.1578 0.0259 0.0328 0.0367 0.0721 0.2644 0.1764 0.0591 0.0704 0.0849 
       H7391  2 0.1269 0.0340 0.0459 0.3257 0.0465 0.0625 0.0606 0.0480 0.0557 0.0507 0.1434 
       H7392  2 0.0295 0.0338 0.1795 0.0358 0.0502 0.1397 0.1021 0.1244 0.1177 0.1395 0.0477 
       H7393  2 0.0228 0.1771 0.0908 0.0928 0.0949 0.0666 0.1015 0.0977 0.0760 0.0998 0.0800 
       H7398  2 0.1478 0.0340 0.2589 0.1014 0.0860 0.0690 0.0522 0.0561 0.0621 0.0675 0.0650 
       H7399  2 0.0315 0.0248 0.1458 0.0256 0.0128 0.0824 0.1113 0.0715 0.0815 0.0961 0.3167 
       H7400  2 0.0191 0.0306 0.0114 0.0155 0.7761 0.0213 0.0315 0.0271 0.0238 0.0215 0.0220 
        H745  2 0.0451 0.2293 0.0620 0.0268 0.0200 0.1642 0.0432 0.0709 0.1085 0.2018 0.0283 
        H746  2 0.0174 0.0387 0.0421 0.0372 0.0153 0.0879 0.1427 0.0629 0.0483 0.0682 0.4392 
        H747  2 0.0528 0.1092 0.0811 0.0776 0.2086 0.0694 0.1012 0.0996 0.0708 0.0750 0.0545 
        H748  2 0.0284 0.0882 0.0506 0.0924 0.0337 0.1251 0.1302 0.1056 0.0940 0.1151 0.1367 
       H7484  2 0.0915 0.0256 0.0313 0.0670 0.5270 0.0394 0.0570 0.0343 0.0525 0.0427 0.0317 
       H7485  2 0.0253 0.6506 0.0272 0.0256 0.0322 0.0360 0.0404 0.0434 0.0460 0.0422 0.0312 
        H749  2 0.0250 0.1498 0.0295 0.0397 0.0185 0.0844 0.1145 0.0835 0.0785 0.0739 0.3028 
        H930  2 0.1163 0.0606 0.0642 0.1142 0.0185 0.1005 0.0884 0.1443 0.1437 0.0907 0.0585 
        H931  2 0.1071 0.0389 0.0685 0.1256 0.0742 0.1012 0.0884 0.1084 0.1130 0.1219 0.0529 
        H932  2 0.0231 0.0627 0.0537 0.2314 0.0268 0.1264 0.0902 0.0968 0.1046 0.1131 0.0711 
        H002  4 0.0487 0.0654 0.0159 0.0225 0.2179 0.1595 0.0609 0.1048 0.1163 0.1164 0.0715 
        H003  4 0.0212 0.0202 0.0309 0.0306 0.0209 0.0777 0.1175 0.0717 0.0716 0.0718 0.4660 
        H009  4 0.0295 0.1398 0.0498 0.0215 0.0226 0.1592 0.0683 0.1881 0.1307 0.1362 0.0542 
        H010  4 0.0392 0.0282 0.0832 0.1490 0.0437 0.1261 0.0823 0.1176 0.1207 0.1251 0.0850 
        H011  4 0.4792 0.0470 0.0189 0.0217 0.1953 0.0491 0.0396 0.0370 0.0354 0.0344 0.0423 
        H012  4 0.0533 0.0487 0.1301 0.0545 0.0339 0.0918 0.0972 0.1018 0.0848 0.1281 0.1758 
        H013  4 0.1186 0.0592 0.0497 0.0566 0.1640 0.0741 0.0554 0.0664 0.0775 0.0852 0.1934 
        H014  4 0.1146 0.0502 0.0646 0.0646 0.0312 0.1390 0.0979 0.0927 0.1270 0.1442 0.0741 
        H045  4 0.2357 0.0621 0.0740 0.1046 0.2463 0.0498 0.0364 0.0437 0.0523 0.0521 0.0431 
        H046  4 0.0541 0.0228 0.0352 0.0296 0.0347 0.1276 0.0835 0.1057 0.1421 0.1153 0.2494 
        H051  4 0.2357 0.0441 0.0541 0.0291 0.2520 0.0580 0.0432 0.0603 0.0717 0.0655 0.0864 
        H052  4 0.1269 0.0280 0.0399 0.0347 0.2784 0.1110 0.0648 0.0841 0.1095 0.0957 0.0271 
        H053  4 0.0410 0.0499 0.1312 0.0536 0.0420 0.0977 0.1736 0.1298 0.0967 0.0884 0.0961 
        H056  4 0.0575 0.0718 0.0259 0.0551 0.4994 0.0500 0.0308 0.0614 0.0556 0.0520 0.0404 
        H076  4 0.0493 0.0334 0.0392 0.1820 0.0164 0.1740 0.0338 0.1119 0.1534 0.1439 0.0627 
        H151  4 0.0287 0.1274 0.0324 0.0307 0.0531 0.1333 0.1997 0.0921 0.1164 0.1077 0.0784 
        H152  4 0.1503 0.0228 0.0218 0.0227 0.1696 0.0938 0.1103 0.0976 0.1258 0.1277 0.0574 
     H171803  4 0.0375 0.1377 0.0259 0.0649 0.0285 0.0714 0.1527 0.1006 0.0569 0.0652 0.2586 
     H171804  4 0.0674 0.1024 0.0513 0.1032 0.1173 0.0859 0.0716 0.1105 0.0675 0.0971 0.1257 
     H171833  4 0.0398 0.0583 0.0178 0.0303 0.0197 0.1528 0.0653 0.1896 0.1699 0.2073 0.0492 
     H171855  4 0.0278 0.2531 0.0140 0.0599 0.1549 0.1073 0.0697 0.0897 0.0805 0.1027 0.0404 
     H171856  4 0.0273 0.2664 0.1256 0.0443 0.0281 0.0618 0.0534 0.1066 0.0597 0.0606 0.1662 
     H171857  4 0.0731 0.1872 0.0217 0.1007 0.1328 0.0841 0.0560 0.0625 0.0982 0.1065 0.0770 
     H171858  4 0.0490 0.0282 0.0492 0.0800 0.0819 0.1455 0.0702 0.1404 0.1300 0.1368 0.0889 
     H171859  4 0.0547 0.0357 0.0431 0.1689 0.0603 0.1228 0.0617 0.1057 0.1294 0.1327 0.0849 
     H171961  4 0.1053 0.3067 0.0408 0.0389 0.1393 0.0820 0.0451 0.0470 0.0578 0.0669 0.0703 
        H198  4 0.0347 0.0285 0.0685 0.0392 0.0131 0.1522 0.0938 0.1342 0.1333 0.1353 0.1671 
      H20001  4 0.0842 0.3152 0.0134 0.0179 0.0138 0.1296 0.0431 0.0989 0.1249 0.1182 0.0407 
        H403  4 0.0428 0.1594 0.0431 0.1483 0.0700 0.0905 0.0506 0.0814 0.0983 0.1150 0.1007 
        H404  4 0.0544 0.0501 0.0798 0.0340 0.0269 0.1387 0.0821 0.1011 0.1261 0.1338 0.1729 
        H405  4 0.0353 0.0424 0.0494 0.0910 0.0243 0.1298 0.0740 0.0841 0.1009 0.1506 0.2181 
        H406  4 0.0325 0.0617 0.0191 0.5575 0.0748 0.0643 0.0290 0.0390 0.0471 0.0552 0.0198 
        H407  4 0.0297 0.1207 0.0947 0.1512 0.0229 0.0889 0.1098 0.1196 0.0904 0.0801 0.0921 
        H410  4 0.0174 0.0151 0.0198 0.8203 0.0135 0.0213 0.0161 0.0179 0.0194 0.0218 0.0174 
        H411  4 0.0426 0.1331 0.0534 0.0348 0.0187 0.1557 0.0575 0.1185 0.1706 0.1451 0.0699 
        H468  4 0.0656 0.0693 0.0225 0.0605 0.0254 0.1328 0.2084 0.1515 0.1077 0.1174 0.0387 
        H476  4 0.0361 0.0664 0.0376 0.0493 0.0782 0.1185 0.2463 0.1039 0.1063 0.1093 0.0481 
        H477  4 0.0649 0.0609 0.0185 0.0222 0.0118 0.1025 0.1291 0.1930 0.0929 0.1092 0.1950 
        H478  4 0.0271 0.1204 0.0215 0.0225 0.0204 0.0591 0.1249 0.0615 0.0613 0.0580 0.4231 
        H479  4 0.1118 0.0342 0.0702 0.0214 0.2535 0.0804 0.0631 0.0692 0.0972 0.0881 0.1110 
        H480  4 0.0326 0.0860 0.0759 0.0552 0.0157 0.1443 0.1084 0.1440 0.1391 0.1244 0.0743 
        H498  4 0.0630 0.0321 0.1045 0.0480 0.0790 0.1128 0.0618 0.1041 0.1049 0.1220 0.1680 
        H499  4 0.1807 0.1000 0.0247 0.0311 0.0566 0.1051 0.0581 0.0893 0.1059 0.1039 0.1447 
        H500  4 0.0331 0.0535 0.0292 0.0561 0.1481 0.0797 0.2191 0.0884 0.0717 0.0758 0.1452 
        H515  4 0.0360 0.1469 0.0773 0.0638 0.1049 0.1074 0.0660 0.1294 0.0712 0.0905 0.1066 
        H516  4 0.0242 0.0353 0.1018 0.0358 0.0299 0.1328 0.1242 0.1990 0.1230 0.1582 0.0359 
        H517  4 0.0165 0.0193 0.0154 0.7506 0.0192 0.0321 0.0336 0.0249 0.0320 0.0256 0.0308 
        H518  4 0.1211 0.0552 0.0326 0.0376 0.1482 0.0950 0.1235 0.0930 0.1276 0.1389 0.0275 
        H520  4 0.0314 0.0828 0.0477 0.1447 0.1052 0.1177 0.1153 0.0947 0.1028 0.1030 0.0547 
        H521  4 0.2644 0.1011 0.0454 0.0379 0.0310 0.1023 0.0636 0.0864 0.0936 0.1024 0.0719 
        H522  4 0.0603 0.0975 0.0643 0.0348 0.0256 0.1051 0.1371 0.1232 0.1341 0.1147 0.1035 
        H523  4 0.0282 0.0465 0.3573 0.0243 0.0605 0.0783 0.0956 0.0775 0.0851 0.0829 0.0638 
        H536  4 0.0975 0.0313 0.0427 0.0376 0.0585 0.1155 0.0902 0.0819 0.1374 0.1385 0.1690 
        H645  4 0.2566 0.0441 0.0192 0.0721 0.1264 0.0533 0.0693 0.0418 0.0453 0.0580 0.2140 
        H646  4 0.0293 0.0304 0.4097 0.0357 0.0156 0.1095 0.1052 0.0844 0.0806 0.0708 0.0288 
        H647  4 0.0364 0.0837 0.0475 0.0353 0.0250 0.1187 0.2415 0.1405 0.1289 0.0979 0.0445 
        H657  4 0.0285 0.0313 0.0368 0.4314 0.0194 0.0734 0.0654 0.0662 0.0965 0.0684 0.0826 
        H658  4 0.0426 0.0264 0.1599 0.0256 0.0266 0.0905 0.2743 0.1604 0.0657 0.0682 0.0598 
        H659  4 0.0188 0.4333 0.0186 0.0351 0.0911 0.0603 0.0825 0.0584 0.0512 0.0519 0.0989 
        H660  4 0.1397 0.1134 0.0812 0.0260 0.0461 0.1047 0.1172 0.0937 0.1199 0.1048 0.0533 
        H661  4 0.0338 0.4469 0.0156 0.0263 0.0357 0.0817 0.0457 0.0671 0.0888 0.0760 0.0824 
        H668  4 0.0577 0.0328 0.0313 0.0619 0.0217 0.1211 0.1007 0.1249 0.1138 0.0957 0.2385 
        H669  4 0.0573 0.0731 0.2307 0.0688 0.0767 0.0844 0.0769 0.0829 0.1130 0.0727 0.0635 
        H670  4 0.1158 0.0216 0.0302 0.0371 0.0725 0.0965 0.0996 0.0851 0.0949 0.0785 0.2681 
        H678  4 0.0224 0.5581 0.0368 0.0370 0.0189 0.0572 0.0317 0.0679 0.0674 0.0525 0.0501 
        H679  4 0.0405 0.0474 0.0989 0.1507 0.0356 0.0988 0.1154 0.1508 0.0999 0.1128 0.0492 
        H680  4 0.0447 0.4364 0.0139 0.1040 0.0148 0.0878 0.0373 0.0731 0.0902 0.0689 0.0289 
        H681  4 0.0390 0.0502 0.0420 0.0724 0.1065 0.0861 0.1028 0.0920 0.1057 0.0864 0.2169 
        H682  4 0.0392 0.0518 0.0769 0.2272 0.0255 0.0655 0.1008 0.0875 0.0802 0.0830 0.1623 
        H683  4 0.0334 0.0314 0.1959 0.0386 0.2184 0.0754 0.1043 0.0629 0.1157 0.1016 0.0225 
        H718  4 0.0307 0.0159 0.0461 0.0371 0.6621 0.0424 0.0299 0.0320 0.0467 0.0350 0.0220 
        H719  4 0.5994 0.0295 0.0493 0.0163 0.0921 0.0383 0.0289 0.0403 0.0400 0.0348 0.0311 
        H720  4 0.1980 0.4279 0.0157 0.0160 0.0692 0.0518 0.0343 0.0344 0.0539 0.0641 0.0348 
        H721  4 0.0797 0.1081 0.0170 0.0397 0.0761 0.1101 0.0652 0.1349 0.1278 0.1305 0.1109 
        H722  4 0.0275 0.2086 0.0354 0.0242 0.1885 0.1179 0.0406 0.0559 0.1097 0.1497 0.0420 
        H723  4 0.0299 0.0457 0.0785 0.1818 0.2691 0.0683 0.0709 0.0577 0.0594 0.0660 0.0726 
        H724  4 0.0947 0.0567 0.0483 0.1281 0.2335 0.0550 0.1789 0.0750 0.0521 0.0513 0.0264 
        H725  4 0.0632 0.0521 0.0281 0.0768 0.3783 0.0845 0.0759 0.0620 0.0788 0.0590 0.0415 
        H726  4 0.0311 0.0529 0.0289 0.1047 0.1983 0.1012 0.1239 0.1248 0.0865 0.1057 0.0420 
        H727  4 0.1626 0.0607 0.0573 0.1299 0.0883 0.0724 0.1126 0.0742 0.0894 0.0664 0.0861 
        H910  4 0.1916 0.0741 0.0485 0.1225 0.0966 0.0640 0.0629 0.0968 0.0748 0.0702 0.0981 
        H911  4 0.0373 0.0217 0.0518 0.6097 0.0559 0.0477 0.0318 0.0282 0.0500 0.0461 0.0199 
        H912  4 0.0568 0.1154 0.0341 0.1602 0.0497 0.0971 0.1332 0.1037 0.1179 0.0942 0.0377 
        H913  4 0.0293 0.0292 0.3612 0.0235 0.0297 0.0496 0.1877 0.1160 0.0554 0.0558 0.0624 
        H914  4 0.0448 0.1101 0.0908 0.0353 0.0592 0.0872 0.0990 0.1220 0.0610 0.0815 0.2092 
        H915  4 0.0568 0.1158 0.0262 0.1828 0.0344 0.0939 0.1106 0.1213 0.0940 0.1012 0.0630 
        H916  4 0.0462 0.2726 0.0429 0.0395 0.0270 0.0848 0.0628 0.1405 0.0970 0.1023 0.0843 
       H9572  4 0.1173 0.2846 0.0444 0.1278 0.0366 0.0847 0.0428 0.0612 0.0860 0.0775 0.0371 
        H015  5 0.4067 0.0809 0.0475 0.0374 0.0202 0.0735 0.0392 0.0728 0.0937 0.0776 0.0505 
        H016  5 0.0265 0.0340 0.0966 0.0464 0.0351 0.1829 0.0830 0.1146 0.1557 0.1771 0.0480 
        H017  5 0.0406 0.1930 0.0568 0.0247 0.0198 0.1205 0.0703 0.0908 0.1097 0.1516 0.1222 
        H019  5 0.1173 0.0343 0.0717 0.0309 0.0953 0.1156 0.0758 0.1236 0.1402 0.1224 0.0728 
        H020  5 0.2702 0.0677 0.2001 0.0171 0.0420 0.0605 0.0657 0.0496 0.0652 0.0771 0.0847 
        H032  5 0.0224 0.0294 0.0370 0.2153 0.0833 0.1280 0.0822 0.1014 0.1350 0.1138 0.0521 
        H033  5 0.1998 0.0307 0.1078 0.0313 0.0236 0.0877 0.1072 0.1079 0.1041 0.0975 0.1024 
        H034  5 0.0619 0.0448 0.0631 0.1404 0.1047 0.1122 0.0637 0.0911 0.0987 0.0942 0.1251 
        H035  5 0.0292 0.1325 0.0699 0.0562 0.0239 0.0969 0.1486 0.1383 0.1070 0.1154 0.0821 
        H036  5 0.4711 0.0420 0.0662 0.0807 0.0250 0.0423 0.0486 0.0628 0.0671 0.0654 0.0287 
        H037  5 0.0681 0.0797 0.0622 0.0178 0.0236 0.0686 0.1826 0.1738 0.0687 0.0822 0.1726 
        H048  5 0.0988 0.0730 0.0412 0.1392 0.2012 0.0868 0.0975 0.0852 0.0613 0.0703 0.0455 
        H049  5 0.4462 0.0220 0.0335 0.0196 0.0518 0.0805 0.0426 0.0803 0.0992 0.0751 0.0493 
        H054  5 0.0679 0.0351 0.0533 0.1784 0.0550 0.1297 0.0485 0.0865 0.1506 0.1289 0.0659 
        H055  5 0.0816 0.0527 0.0472 0.0397 0.0462 0.1191 0.0881 0.1128 0.1400 0.1399 0.1326 
        H057  5 0.0374 0.0461 0.0188 0.0177 0.0334 0.2077 0.0725 0.1010 0.1741 0.2526 0.0387 
        H060  5 0.0295 0.0483 0.0243 0.0267 0.0605 0.1664 0.0902 0.1397 0.1079 0.1180 0.1885 
        H061  5 0.0248 0.0361 0.0524 0.0534 0.0228 0.1020 0.1058 0.1688 0.1096 0.0891 0.2353 
        H064  5 0.1292 0.0475 0.0456 0.0384 0.1821 0.1349 0.0584 0.0925 0.0818 0.1022 0.0874 
        H070  5 0.0511 0.0732 0.1123 0.0454 0.1450 0.0767 0.0767 0.1000 0.0693 0.0878 0.1625 
        H077  5 0.0411 0.0588 0.0294 0.0465 0.5004 0.0508 0.0458 0.0550 0.0594 0.0655 0.0473 
        H078  5 0.0354 0.0912 0.0758 0.0451 0.0515 0.1488 0.1661 0.1030 0.1208 0.1219 0.0405 
        H079  5 0.0334 0.0447 0.4729 0.0250 0.0212 0.0543 0.0490 0.0640 0.0535 0.0648 0.1171 
        H097  5 0.0305 0.0253 0.0959 0.0439 0.1064 0.1331 0.1260 0.1316 0.1276 0.1332 0.0464 
        H107  5 0.1764 0.0431 0.0377 0.0424 0.2040 0.0743 0.0952 0.0772 0.0721 0.0716 0.1060 
        H122  5 0.0268 0.0921 0.0386 0.0486 0.0175 0.1327 0.1303 0.1839 0.1143 0.1262 0.0889 
        H123  5 0.0391 0.0283 0.1515 0.2803 0.0142 0.0976 0.0592 0.0777 0.1021 0.1072 0.0428 
        H124  5 0.0252 0.0245 0.0678 0.3213 0.0207 0.1043 0.0950 0.0904 0.1110 0.0975 0.0422 
        H131  5 0.0908 0.0226 0.3111 0.1054 0.0207 0.0971 0.0790 0.0600 0.0820 0.0876 0.0438 
        H132  5 0.1453 0.0236 0.0890 0.0858 0.0948 0.0952 0.1201 0.0657 0.1238 0.1070 0.0498 
        H141  5 0.0724 0.1056 0.0183 0.0879 0.0386 0.0943 0.0856 0.1055 0.0848 0.0809 0.2262 
        H142  5 0.0588 0.0237 0.0720 0.0339 0.0235 0.1079 0.0890 0.1118 0.1282 0.1135 0.2377 
        H157  5 0.0933 0.0808 0.0440 0.0617 0.0896 0.0915 0.1272 0.1225 0.1015 0.0962 0.0917 
        H158  5 0.0949 0.0441 0.1444 0.0376 0.0219 0.1807 0.0514 0.0705 0.1577 0.1688 0.0279 
        H159  5 0.0817 0.0857 0.0262 0.1679 0.0320 0.1039 0.0750 0.1099 0.0844 0.0881 0.1451 
        H160  5 0.0424 0.0548 0.0402 0.1594 0.0354 0.0984 0.0884 0.1445 0.1114 0.1120 0.1131 
        H163  5 0.1781 0.0269 0.0735 0.0663 0.0256 0.1274 0.0791 0.1073 0.1225 0.1185 0.0749 
        H164  5 0.0314 0.0482 0.0872 0.0595 0.0620 0.0984 0.1049 0.0966 0.1099 0.0928 0.2090 
        H165  5 0.0480 0.0575 0.2064 0.0887 0.0178 0.0795 0.0791 0.0699 0.0973 0.0724 0.1833 
        H166  5 0.6699 0.0195 0.0786 0.0130 0.0166 0.0389 0.0239 0.0331 0.0326 0.0409 0.0331 
        H169  5 0.1303 0.0232 0.0475 0.0311 0.0206 0.0894 0.0753 0.1318 0.0977 0.0851 0.2680 
     H169613  5 0.0287 0.0181 0.0881 0.0196 0.0851 0.1142 0.1196 0.1559 0.1269 0.1187 0.1251 
     H169653  5 0.4770 0.0157 0.0620 0.0445 0.0256 0.0589 0.0450 0.0532 0.0736 0.0783 0.0662 
     H169728  5 0.0913 0.1038 0.0278 0.0568 0.0246 0.1140 0.1115 0.1270 0.1208 0.1284 0.0940 
     H169742  5 0.2959 0.0658 0.0225 0.0173 0.0253 0.0547 0.0890 0.0567 0.0664 0.0603 0.2460 
        H170  5 0.0423 0.0350 0.0182 0.0525 0.0365 0.1771 0.0568 0.1829 0.1794 0.1944 0.0249 
        H171  5 0.0487 0.1336 0.0400 0.0309 0.0229 0.1610 0.0508 0.1143 0.1569 0.1921 0.0487 
     H171851  5 0.0672 0.0395 0.1017 0.0230 0.0496 0.1404 0.0667 0.1240 0.1713 0.1332 0.0834 
     H171852  5 0.0289 0.0624 0.0554 0.0315 0.1381 0.0796 0.2351 0.1031 0.1142 0.1022 0.0496 
     H171853  5 0.1229 0.0982 0.0516 0.2527 0.0435 0.0749 0.0469 0.0842 0.0733 0.0786 0.0733 
     H171854  5 0.0283 0.2430 0.0243 0.0522 0.0742 0.0948 0.0793 0.1526 0.0962 0.1152 0.0399 
     H171938  5 0.0603 0.0257 0.0350 0.0803 0.0539 0.0781 0.1162 0.0916 0.0880 0.0814 0.2896 
     H171939  5 0.0770 0.0354 0.3103 0.0346 0.0234 0.1096 0.0890 0.0626 0.0996 0.1199 0.0385 
     H171941  5 0.3542 0.0361 0.0424 0.0184 0.1272 0.0695 0.0679 0.0578 0.0669 0.0629 0.0969 
     H171965  5 0.0341 0.0226 0.0364 0.0222 0.0282 0.1631 0.0853 0.1464 0.1614 0.1471 0.1532 
     H171970  5 0.2348 0.0538 0.0285 0.0324 0.3426 0.0504 0.0482 0.0422 0.0610 0.0479 0.0581 
     H171973  5 0.0801 0.0553 0.0376 0.0935 0.0280 0.1129 0.0953 0.1322 0.1009 0.0931 0.1712 
     H171974  5 0.0807 0.0896 0.1141 0.0730 0.0227 0.0909 0.1113 0.0982 0.1036 0.1023 0.1136 
     H171975  5 0.4430 0.0441 0.0328 0.0641 0.1149 0.0673 0.0261 0.0571 0.0524 0.0545 0.0437 
     H171976  5 0.0453 0.0306 0.0156 0.0423 0.1859 0.1348 0.0568 0.1537 0.1293 0.1588 0.0470 
        H175  5 0.0827 0.0527 0.0714 0.0491 0.0953 0.1214 0.1815 0.1032 0.0920 0.1052 0.0455 
        H178  5 0.2667 0.0285 0.0644 0.0279 0.0830 0.0904 0.0504 0.0801 0.0991 0.1173 0.0922 
        H189  5 0.0334 0.0218 0.3679 0.0426 0.0217 0.0904 0.0900 0.0594 0.0797 0.0711 0.1221 
        H399  5 0.0182 0.0536 0.0152 0.2201 0.0171 0.1465 0.0886 0.1037 0.1481 0.1653 0.0238 
        H416  5 0.0843 0.1924 0.0392 0.0761 0.0795 0.0641 0.0646 0.0956 0.0632 0.0862 0.1547 
        H438  5 0.1069 0.1461 0.0780 0.1707 0.0348 0.0703 0.0516 0.0839 0.0793 0.0804 0.0981 
        H450  5 0.0318 0.1118 0.0231 0.0164 0.1148 0.1259 0.0653 0.1206 0.1125 0.0972 0.1806 
        H455  5 0.3387 0.0313 0.0306 0.0206 0.3571 0.0379 0.0303 0.0362 0.0338 0.0364 0.0471 
        H456  5 0.0765 0.0298 0.0382 0.0607 0.0436 0.0802 0.1302 0.0940 0.0912 0.0933 0.2624 
        H457  5 0.0656 0.0405 0.0225 0.0268 0.2178 0.1419 0.0887 0.1047 0.1197 0.1021 0.0697 
        H458  5 0.0571 0.0385 0.0562 0.0711 0.0501 0.1325 0.0964 0.1080 0.1197 0.1148 0.1556 
        H459  5 0.0460 0.0189 0.1318 0.0452 0.0151 0.1004 0.1896 0.1663 0.0988 0.1114 0.0765 
        H460  5 0.0235 0.1752 0.0472 0.0343 0.0448 0.0745 0.0690 0.0696 0.0734 0.0715 0.3170 
        H461  5 0.0453 0.0505 0.0238 0.0329 0.0368 0.1739 0.0892 0.1451 0.1690 0.1746 0.0588 
        H462  5 0.2850 0.0432 0.0848 0.0579 0.0274 0.0801 0.1029 0.0970 0.0915 0.0923 0.0379 
        H469  5 0.1696 0.0552 0.1835 0.1315 0.0319 0.0784 0.0514 0.0732 0.0894 0.0822 0.0537 
        H470  5 0.0721 0.1940 0.0351 0.0745 0.0310 0.1033 0.0954 0.1032 0.1127 0.1049 0.0738 
        H471  5 0.0108 0.0482 0.0722 0.0574 0.0195 0.1415 0.1742 0.1983 0.1534 0.0948 0.0298 
        H481  5 0.0425 0.0306 0.0692 0.0279 0.4016 0.0557 0.1272 0.0731 0.0610 0.0603 0.0510 
        H482  5 0.0195 0.0719 0.0321 0.0804 0.0855 0.0998 0.1417 0.1272 0.0851 0.1354 0.1214 
        H501  5 0.0740 0.1149 0.0544 0.0575 0.0765 0.0951 0.1736 0.1157 0.0965 0.0832 0.0587 
        H502  5 0.0449 0.0323 0.0811 0.0240 0.0177 0.1623 0.1049 0.1578 0.1498 0.1506 0.0746 
        H503  5 0.3536 0.0512 0.0409 0.1359 0.0256 0.0747 0.0413 0.0496 0.0781 0.0658 0.0832 
        H509  5 0.2005 0.0994 0.0391 0.2325 0.0616 0.0635 0.0604 0.0772 0.0666 0.0590 0.0402 
        H510  5 0.2581 0.0293 0.0296 0.0195 0.0910 0.1123 0.0496 0.0976 0.1001 0.1155 0.0974 
        H511  5 0.0368 0.0340 0.0518 0.0622 0.0278 0.1186 0.0733 0.1006 0.1385 0.1738 0.1827 
        H530  5 0.0707 0.0543 0.0561 0.1096 0.0772 0.1110 0.1064 0.1222 0.1104 0.0967 0.0855 
        H531  5 0.0241 0.1889 0.0325 0.0384 0.0872 0.0910 0.1889 0.1366 0.0911 0.0826 0.0386 
        H564  5 0.0458 0.1427 0.0187 0.0148 0.1626 0.0833 0.0577 0.1313 0.1331 0.1351 0.0749 
        H565  5 0.1403 0.1810 0.0142 0.0195 0.2829 0.0565 0.0521 0.0692 0.0557 0.0534 0.0751 
        H567  5 0.0953 0.0193 0.4181 0.0548 0.0183 0.0556 0.1074 0.0682 0.0800 0.0563 0.0267 
     H568???  5 0.0373 0.0353 0.0291 0.0453 0.0189 0.1683 0.0878 0.1663 0.1924 0.1637 0.0556 
        H608  5 0.0249 0.0717 0.0249 0.0363 0.0991 0.1023 0.0976 0.1404 0.1111 0.1039 0.1879 
        H609  5 0.4539 0.0334 0.1178 0.0313 0.0316 0.0681 0.0457 0.0377 0.0598 0.0630 0.0577 
        H612  5 0.0549 0.2061 0.0210 0.0625 0.1907 0.0561 0.0917 0.0594 0.0357 0.0508 0.1712 
        H614  5 0.0352 0.1579 0.0347 0.0280 0.1236 0.0703 0.2458 0.0960 0.0799 0.0898 0.0387 
        H615  5 0.0374 0.0644 0.0246 0.0220 0.1107 0.0597 0.3335 0.1814 0.0715 0.0650 0.0297 
        H616  5 0.0591 0.0291 0.0442 0.0342 0.5544 0.0407 0.0485 0.0519 0.0431 0.0381 0.0567 
        H617  5 0.0634 0.0332 0.1009 0.1662 0.0215 0.0869 0.0785 0.1020 0.0842 0.0729 0.1902 
        H618  5 0.1220 0.1480 0.0208 0.0754 0.2794 0.0612 0.0381 0.0774 0.0625 0.0704 0.0447 
        H619  5 0.2151 0.0244 0.0521 0.0151 0.0364 0.0474 0.0945 0.0420 0.0394 0.0786 0.3550 
        H635  5 0.1294 0.0265 0.0497 0.0699 0.0850 0.1176 0.0791 0.1025 0.1150 0.1318 0.0935 
        H636  5 0.0723 0.0247 0.0251 0.0327 0.0271 0.0638 0.1195 0.0546 0.0414 0.0445 0.4943 
        H637  5 0.1662 0.0616 0.0525 0.0174 0.1898 0.0787 0.0966 0.0837 0.0725 0.0800 0.1011 
        H644  5 0.0662 0.0167 0.3013 0.0520 0.0166 0.1381 0.0432 0.0884 0.1304 0.1250 0.0222 
        H711  5 0.0193 0.0501 0.0369 0.0211 0.0301 0.1828 0.0932 0.1921 0.1417 0.1644 0.0683 
        H712  5 0.1813 0.0361 0.2100 0.0218 0.1211 0.0601 0.0534 0.0761 0.0593 0.0600 0.1208 
       H7360  5 0.0839 0.0445 0.0504 0.0220 0.0455 0.1343 0.0694 0.1251 0.1814 0.1650 0.0786 
       H7361  5 0.0741 0.0801 0.0243 0.0489 0.1542 0.1206 0.0781 0.1259 0.1102 0.1144 0.0691 
       H7362  5 0.3422 0.0163 0.0809 0.0577 0.0145 0.1168 0.0323 0.0802 0.1368 0.0964 0.0260 
       H7363  5 0.1742 0.1149 0.0299 0.0575 0.0661 0.0859 0.0855 0.1067 0.0811 0.0904 0.1077 
       H7394  5 0.0386 0.0232 0.0787 0.0522 0.0223 0.1261 0.1214 0.1590 0.1247 0.1282 0.1257 
       H7395  5 0.1200 0.0679 0.0331 0.0265 0.0396 0.1112 0.0690 0.1071 0.1105 0.1053 0.2099 
       H7396  5 0.0823 0.1106 0.1274 0.0268 0.0291 0.0825 0.1663 0.1106 0.0773 0.0907 0.0965 
        H742  5 0.3144 0.0594 0.0177 0.0195 0.0398 0.0631 0.0776 0.0657 0.0531 0.0576 0.2319 
        H743  5 0.1261 0.0721 0.1668 0.0748 0.1467 0.0648 0.0798 0.0674 0.0756 0.0711 0.0548 
        H744  5 0.0520 0.0791 0.0700 0.1811 0.2806 0.0528 0.0725 0.0594 0.0612 0.0526 0.0387 
        H957  5 0.0207 0.0657 0.0157 0.0239 0.0329 0.1433 0.0700 0.2570 0.1721 0.1421 0.0566 
        H958  5 0.0477 0.0387 0.0962 0.0806 0.0517 0.1139 0.1004 0.1426 0.1057 0.0999 0.1226 
        H959  5 0.0893 0.1345 0.0310 0.0293 0.1831 0.0940 0.1038 0.0947 0.0739 0.0826 0.0838 
        H960  5 0.1461 0.0515 0.0522 0.1952 0.0593 0.0960 0.0763 0.0683 0.1004 0.0971 0.0576 
        H431  8 0.0176 0.0203 0.0214 0.5661 0.0425 0.0425 0.1078 0.0461 0.0407 0.0548 0.0403 
        H432  8 0.8177 0.0215 0.0171 0.0205 0.0144 0.0180 0.0131 0.0156 0.0251 0.0220 0.0149 
        H433  8 0.0719 0.0260 0.2144 0.0618 0.0556 0.0709 0.0614 0.0924 0.0878 0.0993 0.1584 
        H434  8 0.0550 0.0750 0.5242 0.0207 0.0145 0.0513 0.0520 0.0582 0.0446 0.0535 0.0509 
        H444  8 0.3281 0.0331 0.0549 0.0400 0.0970 0.0788 0.0503 0.0798 0.0640 0.0826 0.0913 
        H454  8 0.2066 0.0577 0.0506 0.0230 0.3817 0.0484 0.0446 0.0395 0.0547 0.0529 0.0403 
        H475  8 0.0159 0.0735 0.0358 0.0238 0.5484 0.0461 0.0591 0.0542 0.0525 0.0315 0.0592 
        H491  8 0.1535 0.1419 0.0415 0.0149 0.0939 0.1047 0.0530 0.0727 0.0989 0.1163 0.1087 
        H492  8 0.0999 0.1480 0.0436 0.0233 0.0870 0.0981 0.1683 0.1017 0.0967 0.0911 0.0424 
        H493  8 0.0487 0.0518 0.0651 0.0583 0.0301 0.1270 0.0994 0.1227 0.1632 0.1195 0.1141 
        H494  8 0.4311 0.0753 0.0282 0.0437 0.0623 0.0597 0.0695 0.0549 0.0743 0.0490 0.0521 
        H495  8 0.0240 0.4761 0.0249 0.0126 0.1055 0.0566 0.0439 0.0561 0.0721 0.0603 0.0679 
        H662  8 0.0304 0.1841 0.1055 0.0395 0.0205 0.1345 0.0836 0.0890 0.1211 0.1491 0.0428 
        H663  8 0.1560 0.2233 0.0360 0.0980 0.0864 0.0707 0.0478 0.0642 0.0799 0.0802 0.0574 
        H695  8 0.0435 0.0310 0.0786 0.1033 0.0947 0.0977 0.1535 0.1143 0.1228 0.0978 0.0628 
       H7367  8 0.0319 0.0252 0.4976 0.0408 0.0149 0.0796 0.0563 0.0684 0.0787 0.0745 0.0321 
       H7368  8 0.0443 0.0391 0.0308 0.1181 0.0462 0.1471 0.0563 0.1303 0.1423 0.1403 0.1052 
       H7369  8 0.1136 0.0644 0.0811 0.0954 0.1045 0.0850 0.0546 0.0924 0.0855 0.0976 0.1259 
       H7370  8 0.0463 0.0456 0.1532 0.1159 0.0134 0.0685 0.2339 0.1304 0.0912 0.0686 0.0328 
       H7371  8 0.1266 0.0666 0.0499 0.1815 0.0459 0.0699 0.1126 0.0962 0.0810 0.0761 0.0939 
     H169705 10 0.0368 0.0394 0.5940 0.0530 0.0144 0.0429 0.0305 0.0769 0.0402 0.0379 0.0340 
     H171942 10 0.8365 0.0190 0.0143 0.0173 0.0137 0.0179 0.0138 0.0161 0.0191 0.0198 0.0124 
     H171943 10 0.0687 0.1164 0.0458 0.0191 0.0256 0.0917 0.0669 0.1527 0.0796 0.0838 0.2497 
     H171944 10 0.0261 0.1837 0.0452 0.0737 0.0173 0.0933 0.0947 0.1426 0.0783 0.0802 0.1650 
     H171946 10 0.0321 0.1848 0.0353 0.0535 0.0329 0.1118 0.1578 0.1177 0.0868 0.0958 0.0915 
     H171947 10 0.0537 0.0510 0.2286 0.0268 0.0408 0.0891 0.1612 0.1061 0.1074 0.1065 0.0290 
     H229641 10 0.0323 0.0345 0.0490 0.1840 0.1732 0.0936 0.0988 0.0870 0.0983 0.1054 0.0438 
      H30001 10 0.0503 0.1160 0.0403 0.0874 0.0559 0.1191 0.0781 0.1049 0.1133 0.1261 0.1087 
      H30002 10 0.0192 0.0324 0.5948 0.0155 0.0242 0.0442 0.0556 0.0362 0.0467 0.0418 0.0893 
      H30005 10 0.0401 0.0241 0.0500 0.5843 0.0185 0.0481 0.0415 0.0422 0.0514 0.0451 0.0547 
      H30006 10 0.0424 0.0204 0.7377 0.0162 0.0292 0.0242 0.0309 0.0229 0.0300 0.0272 0.0189 
      H30007 10 0.0463 0.2183 0.1180 0.0130 0.0153 0.0895 0.1141 0.0901 0.0775 0.0934 0.1244 
        H451 10 0.2429 0.0344 0.1640 0.0418 0.0431 0.0737 0.0651 0.0642 0.0991 0.0906 0.0810 
        H452 10 0.0180 0.0308 0.0246 0.7573 0.0459 0.0204 0.0192 0.0193 0.0221 0.0218 0.0206 
        H453 10 0.1306 0.0441 0.0387 0.0194 0.1195 0.1112 0.1430 0.0896 0.1143 0.1008 0.0887 
        H473 10 0.0718 0.0490 0.0405 0.0185 0.1863 0.1256 0.1283 0.0744 0.1038 0.1290 0.0727 
        H474 10 0.0243 0.0782 0.0371 0.0179 0.1518 0.0857 0.2765 0.1367 0.0859 0.0546 0.0514 
        H486 10 0.0352 0.0513 0.0378 0.1379 0.4672 0.0515 0.0394 0.0378 0.0536 0.0491 0.0392 
        H487 10 0.0321 0.0339 0.0545 0.1322 0.1089 0.0862 0.1960 0.1305 0.0847 0.1091 0.0320 
        H488 10 0.1305 0.0389 0.0872 0.0690 0.1439 0.0788 0.0812 0.0919 0.0830 0.0913 0.1041 
        H489 10 0.0256 0.0400 0.0854 0.0315 0.0838 0.0669 0.3296 0.1500 0.0796 0.0758 0.0317 
        H550 10 0.0199 0.0377 0.1155 0.0212 0.0165 0.1175 0.2289 0.1698 0.1158 0.0962 0.0612 
        H551 10 0.1380 0.2038 0.1197 0.1252 0.0619 0.0486 0.0904 0.0539 0.0634 0.0563 0.0390 
        H553 10 0.0216 0.0279 0.1571 0.1844 0.1845 0.0804 0.1119 0.0571 0.0770 0.0716 0.0265 
        H554 10 0.0373 0.0717 0.1153 0.0372 0.0371 0.1139 0.0794 0.1055 0.1205 0.1073 0.1748 
        H556 10 0.0299 0.0313 0.4738 0.0224 0.0427 0.0641 0.0871 0.0650 0.0750 0.0767 0.0321 
        H580 10 0.0733 0.1094 0.0821 0.1326 0.0220 0.1029 0.0771 0.1408 0.1130 0.0672 0.0795 
        H591 10 0.0278 0.1880 0.0377 0.0308 0.4240 0.0434 0.0801 0.0370 0.0574 0.0378 0.0359 
        H592 10 0.0405 0.1191 0.0515 0.1137 0.0680 0.0876 0.1621 0.1267 0.0769 0.0872 0.0668 
        H593 10 0.0267 0.0853 0.0330 0.0330 0.0544 0.1480 0.0765 0.1549 0.1368 0.1179 0.1335 
        H594 10 0.0629 0.0661 0.1092 0.0717 0.0172 0.1467 0.0549 0.1071 0.1657 0.1560 0.0426 
        H627 10 0.0385 0.0574 0.0361 0.0287 0.0639 0.1294 0.1742 0.1352 0.1354 0.1517 0.0495 
        H628 10 0.0772 0.0240 0.0446 0.1831 0.0249 0.1308 0.0689 0.0926 0.1226 0.1287 0.1026 
