        H008  2 0.0564 0.0556 0.0843 0.1627 0.0874 0.1912 0.1272 0.1207 0.1145 
        H021  2 0.0491 0.1275 0.1861 0.1534 0.0985 0.1340 0.1252 0.0843 0.0420 
        H023  2 0.1565 0.1003 0.1430 0.0332 0.2035 0.1771 0.0617 0.0727 0.0520 
        H024  2 0.0452 0.0589 0.0427 0.1931 0.0600 0.0554 0.0710 0.1272 0.3465 
        H025  2 0.3253 0.0645 0.0489 0.0642 0.0621 0.0939 0.1860 0.1261 0.0289 
        H026  2 0.0219 0.1234 0.0595 0.1703 0.0286 0.0650 0.1807 0.2605 0.0899 
        H027  2 0.0360 0.1242 0.0780 0.3550 0.0691 0.0990 0.0749 0.1020 0.0619 
        H028  2 0.1015 0.0832 0.0558 0.1215 0.0642 0.1495 0.0861 0.1949 0.1433 
        H029  2 0.0275 0.1064 0.0554 0.1286 0.0764 0.0930 0.0516 0.1132 0.3480 
        H030  2 0.0338 0.0608 0.0458 0.4191 0.0736 0.0820 0.0737 0.1260 0.0852 
        H038  2 0.0467 0.1266 0.3568 0.0259 0.1860 0.1146 0.0473 0.0562 0.0399 
        H039  2 0.7552 0.0338 0.0222 0.0193 0.0359 0.0178 0.0437 0.0364 0.0357 
        H040  2 0.1081 0.1270 0.1894 0.0565 0.1787 0.1379 0.0417 0.1047 0.0560 
        H041  2 0.1361 0.0442 0.0595 0.1304 0.0923 0.1391 0.0620 0.0930 0.2433 
        H042  2 0.1449 0.1019 0.0936 0.0661 0.1743 0.1443 0.0903 0.1129 0.0716 
        H043  2 0.1030 0.1582 0.3237 0.0229 0.2359 0.0452 0.0342 0.0472 0.0297 
        H044  2 0.0357 0.1363 0.1357 0.1349 0.1207 0.1029 0.1272 0.1506 0.0561 
        H047  2 0.1575 0.0711 0.1028 0.0685 0.1000 0.0984 0.1717 0.1367 0.0933 
        H050  2 0.0256 0.0556 0.0559 0.5280 0.0835 0.0505 0.0671 0.0921 0.0416 
        H058  2 0.0647 0.2069 0.2217 0.0543 0.1228 0.1038 0.0492 0.1291 0.0475 
        H062  2 0.1169 0.1234 0.2091 0.0374 0.1476 0.1754 0.0814 0.0841 0.0246 
        H063  2 0.2361 0.0870 0.1655 0.0599 0.1403 0.0885 0.0541 0.0657 0.1028 
        H065  2 0.1470 0.0905 0.0492 0.0483 0.0616 0.1275 0.1161 0.3177 0.0422 
        H066  2 0.0236 0.1678 0.1259 0.0601 0.1039 0.0807 0.0966 0.1161 0.2254 
        H067  2 0.0433 0.0675 0.0852 0.0759 0.0750 0.2658 0.1534 0.1482 0.0857 
        H068  2 0.2558 0.1117 0.1035 0.0782 0.1847 0.0949 0.0464 0.0837 0.0409 
        H069  2 0.0515 0.2069 0.1151 0.1271 0.1735 0.0842 0.0553 0.1236 0.0628 
        H071  2 0.1003 0.1389 0.1374 0.0801 0.0669 0.1077 0.1635 0.1419 0.0633 
        H072  2 0.5542 0.0594 0.0423 0.0338 0.0588 0.0528 0.0736 0.0673 0.0579 
        H073  2 0.0452 0.0996 0.1365 0.0815 0.1126 0.1795 0.0478 0.1943 0.1030 
        H081  2 0.2476 0.0458 0.0809 0.1003 0.0939 0.2074 0.0900 0.0721 0.0620 
        H082  2 0.0504 0.0465 0.0913 0.3087 0.1706 0.0675 0.0902 0.1090 0.0659 
        H083  2 0.0475 0.1003 0.0831 0.2168 0.1193 0.1336 0.0993 0.1587 0.0414 
        H084  2 0.0495 0.1336 0.1570 0.1297 0.1038 0.0935 0.0502 0.1057 0.1770 
        H085  2 0.0729 0.0450 0.0470 0.4986 0.0613 0.1187 0.0656 0.0616 0.0294 
        H087  2 0.0647 0.0671 0.0642 0.0920 0.1657 0.1918 0.1757 0.0776 0.1012 
        H088  2 0.1750 0.1764 0.1010 0.0573 0.0916 0.1249 0.1155 0.1128 0.0454 
        H089  2 0.0826 0.1177 0.1134 0.0892 0.1363 0.2132 0.0485 0.1272 0.0717 
        H090  2 0.0486 0.0277 0.0407 0.6110 0.0488 0.0373 0.0516 0.0619 0.0722 
        H091  2 0.0212 0.0479 0.0261 0.6810 0.0525 0.0493 0.0283 0.0483 0.0455 
        H098  2 0.0906 0.0343 0.0805 0.1273 0.2144 0.1517 0.0373 0.0934 0.1704 
      H10001  2 0.7256 0.0327 0.0473 0.0294 0.0351 0.0258 0.0541 0.0301 0.0198 
      H10002  2 0.1365 0.1263 0.1129 0.0541 0.1137 0.1425 0.1655 0.1117 0.0368 
        H101  2 0.0277 0.0711 0.0563 0.4688 0.1584 0.0526 0.0418 0.0628 0.0604 
        H108  2 0.5189 0.0378 0.0407 0.0220 0.0780 0.1087 0.1038 0.0560 0.0342 
        H109  2 0.0582 0.1396 0.1794 0.0501 0.1186 0.0622 0.0760 0.1003 0.2155 
        H110  2 0.0338 0.0601 0.1129 0.1155 0.1283 0.3016 0.0979 0.0669 0.0829 
        H116  2 0.0380 0.0710 0.0888 0.1081 0.0725 0.1676 0.1235 0.1898 0.1408 
        H117  2 0.0237 0.0473 0.0346 0.2656 0.0353 0.0359 0.0527 0.0369 0.4680 
        H118  2 0.0317 0.0462 0.0401 0.4998 0.0442 0.0660 0.0787 0.1411 0.0522 
        H119  2 0.0589 0.0433 0.0543 0.0286 0.0393 0.0859 0.0541 0.0670 0.5686 
        H120  2 0.5901 0.0377 0.0371 0.0299 0.0551 0.0687 0.1096 0.0409 0.0309 
        H121  2 0.0412 0.0333 0.0204 0.7339 0.0434 0.0445 0.0229 0.0326 0.0277 
        H125  2 0.5445 0.0873 0.0663 0.0235 0.0448 0.0487 0.0486 0.0400 0.0964 
        H126  2 0.1888 0.0464 0.0666 0.0970 0.1307 0.1472 0.1029 0.1884 0.0319 
        H128  2 0.0101 0.0201 0.0129 0.8095 0.0315 0.0214 0.0228 0.0384 0.0334 
        H129  2 0.0330 0.0742 0.1136 0.0637 0.0867 0.1910 0.0704 0.2926 0.0747 
        H130  2 0.2184 0.1168 0.0518 0.0378 0.0602 0.0467 0.3795 0.0724 0.0164 
        H133  2 0.4743 0.1232 0.0485 0.0782 0.0496 0.0588 0.0572 0.0761 0.0342 
        H134  2 0.0267 0.0943 0.0449 0.0420 0.0393 0.1111 0.1563 0.4450 0.0404 
        H135  2 0.1566 0.1092 0.0855 0.0841 0.0900 0.1512 0.1243 0.1142 0.0849 
        H137  2 0.0633 0.0364 0.0699 0.1398 0.1039 0.0692 0.0392 0.0737 0.4045 
        H138  2 0.0219 0.1475 0.0743 0.0354 0.0441 0.1105 0.3390 0.1907 0.0365 
        H140  2 0.1177 0.0793 0.0420 0.3252 0.0449 0.0573 0.1254 0.1040 0.1042 
        H146  2 0.0422 0.0492 0.0286 0.6078 0.0263 0.0358 0.0515 0.0937 0.0648 
        H147  2 0.0449 0.0420 0.1002 0.2451 0.0921 0.2399 0.0689 0.0582 0.1088 
        H148  2 0.0313 0.0674 0.0862 0.2209 0.0649 0.1365 0.0871 0.0881 0.2177 
     H166022  2 0.0288 0.0909 0.0885 0.0820 0.0798 0.1922 0.1155 0.0889 0.2335 
     H167359  2 0.0502 0.3749 0.0869 0.0574 0.0921 0.0782 0.0796 0.1109 0.0698 
     H167397  2 0.0157 0.0499 0.0594 0.2238 0.1098 0.1240 0.0476 0.0972 0.2726 
     H167428  2 0.0271 0.0566 0.0666 0.3000 0.0860 0.1523 0.1089 0.1598 0.0427 
     H167496  2 0.4848 0.0503 0.0537 0.0623 0.0484 0.0936 0.0576 0.0650 0.0844 
     H167513  2 0.0271 0.0304 0.3466 0.0463 0.4329 0.0296 0.0225 0.0304 0.0342 
     H167545  2 0.0310 0.0887 0.1635 0.0855 0.2273 0.1936 0.0492 0.1111 0.0501 
     H167547  2 0.0149 0.0190 0.0205 0.0198 0.0187 0.0201 0.0216 0.0285 0.8369 
     H169621  2 0.0316 0.0639 0.0378 0.5158 0.0627 0.0717 0.0656 0.0729 0.0779 
     H169622  2 0.0268 0.2717 0.1421 0.0604 0.1488 0.0947 0.0929 0.1252 0.0372 
     H169750  2 0.1323 0.1246 0.0719 0.1316 0.0988 0.1044 0.0625 0.1522 0.1217 
     H171806  2 0.0819 0.0650 0.0688 0.2003 0.0596 0.0696 0.0696 0.1383 0.2468 
     H171808  2 0.0685 0.1690 0.1350 0.0999 0.1183 0.1135 0.1140 0.1238 0.0582 
     H171809  2 0.0812 0.1014 0.1080 0.0603 0.0946 0.1552 0.2361 0.1076 0.0555 
     H171813  2 0.0562 0.0722 0.1405 0.0886 0.0752 0.0648 0.2089 0.2143 0.0793 
     H171815  2 0.3279 0.0959 0.1819 0.0381 0.1196 0.0740 0.0440 0.0742 0.0443 
     H171824  2 0.0860 0.1473 0.0670 0.0824 0.0607 0.1011 0.1927 0.0805 0.1823 
     H171825  2 0.0435 0.2288 0.1604 0.0375 0.1127 0.1371 0.0911 0.1443 0.0446 
     H171826  2 0.0487 0.1161 0.1353 0.0507 0.0563 0.0758 0.2165 0.1200 0.1807 
     H171827  2 0.0297 0.1629 0.2023 0.0642 0.0967 0.1813 0.0789 0.1337 0.0505 
     H171828  2 0.5855 0.0334 0.0615 0.0369 0.0444 0.0670 0.0832 0.0426 0.0455 
     H171829  2 0.1035 0.1334 0.1097 0.0468 0.1219 0.0865 0.1011 0.1498 0.1472 
     H171830  2 0.1691 0.0598 0.1116 0.0896 0.1643 0.1182 0.0548 0.0941 0.1387 
     H171831  2 0.0292 0.0868 0.1071 0.0825 0.1720 0.0936 0.1125 0.1842 0.1320 
     H171832  2 0.0596 0.0968 0.1585 0.0444 0.0748 0.0860 0.1709 0.2669 0.0421 
     H171863  2 0.0206 0.1149 0.0714 0.1923 0.1029 0.1208 0.0902 0.2119 0.0750 
     H171864  2 0.0916 0.0662 0.1423 0.1182 0.1620 0.0952 0.0495 0.0712 0.2039 
     H171865  2 0.4582 0.0538 0.0751 0.0309 0.0822 0.0960 0.0294 0.0765 0.0980 
     H171879  2 0.0373 0.0995 0.0532 0.1040 0.0406 0.0605 0.0710 0.1011 0.4327 
     H171880  2 0.0266 0.1114 0.0624 0.2664 0.0726 0.0651 0.0534 0.0877 0.2544 
     H171881  2 0.0355 0.1175 0.1025 0.1407 0.1121 0.1323 0.1204 0.1649 0.0743 
     H171882  2 0.8069 0.0186 0.0254 0.0203 0.0233 0.0252 0.0315 0.0276 0.0212 
     H171929  2 0.0978 0.0790 0.0652 0.2824 0.0860 0.0800 0.0853 0.1405 0.0838 
     H171930  2 0.0211 0.1065 0.1750 0.1569 0.1579 0.0921 0.0507 0.1225 0.1173 
     H171933  2 0.0489 0.1143 0.0468 0.1969 0.0689 0.1123 0.0610 0.1040 0.2468 
     H171934  2 0.0566 0.0874 0.1146 0.0893 0.0779 0.1285 0.1593 0.1114 0.1752 
     H171937  2 0.0583 0.0851 0.1184 0.0618 0.1082 0.1164 0.1322 0.2880 0.0315 
     H171962  2 0.0646 0.1519 0.1054 0.0576 0.1121 0.1865 0.1286 0.1410 0.0523 
        H190  2 0.0505 0.0720 0.1151 0.1071 0.1151 0.1750 0.0899 0.1923 0.0829 
        H191  2 0.1484 0.0421 0.0829 0.0703 0.0632 0.1391 0.0729 0.1208 0.2603 
        H396  2 0.1452 0.0909 0.1396 0.0915 0.1009 0.2410 0.0690 0.0853 0.0367 
        H397  2 0.0702 0.1476 0.0791 0.1541 0.1395 0.1237 0.1138 0.1239 0.0480 
        H398  2 0.0824 0.1432 0.0887 0.0807 0.0553 0.1241 0.1686 0.2218 0.0352 
        H400  2 0.0752 0.1705 0.1554 0.0762 0.1464 0.1848 0.0626 0.0925 0.0364 
        H401  2 0.0211 0.0211 0.0245 0.0658 0.0310 0.0237 0.0240 0.0330 0.7560 
        H402  2 0.0203 0.1025 0.1057 0.1162 0.1527 0.1572 0.0722 0.0823 0.1910 
        H427  2 0.0571 0.0895 0.1181 0.0529 0.1044 0.3231 0.0789 0.0844 0.0916 
        H428  2 0.0294 0.0629 0.0516 0.3150 0.0820 0.1492 0.0957 0.1635 0.0509 
        H497  2 0.0916 0.0494 0.3151 0.0438 0.3259 0.0561 0.0382 0.0533 0.0266 
        H512  2 0.0404 0.0795 0.0995 0.1084 0.1048 0.1035 0.0902 0.0922 0.2816 
        H513  2 0.0261 0.0335 0.3383 0.0403 0.4488 0.0287 0.0210 0.0300 0.0334 
        H514  2 0.0406 0.1838 0.1200 0.0438 0.0754 0.1580 0.2099 0.1436 0.0248 
        H519  2 0.0336 0.0352 0.2999 0.0446 0.4050 0.0432 0.0399 0.0423 0.0564 
        H532  2 0.0282 0.1919 0.1197 0.1021 0.0678 0.1662 0.1096 0.1137 0.1009 
        H543  2 0.0211 0.1721 0.1019 0.1891 0.0733 0.2078 0.0527 0.1041 0.0779 
        H544  2 0.1624 0.1262 0.0518 0.1016 0.1046 0.0966 0.1255 0.2079 0.0234 
        H545  2 0.0324 0.0997 0.1935 0.0936 0.1946 0.1706 0.0533 0.1066 0.0557 
        H546  2 0.4040 0.0493 0.0874 0.0375 0.0916 0.1129 0.0501 0.1196 0.0476 
        H547  2 0.0153 0.0209 0.0180 0.0175 0.0182 0.0211 0.0207 0.0300 0.8383 
        H548  2 0.0798 0.1121 0.1307 0.0675 0.1245 0.1858 0.0490 0.0968 0.1538 
        H549  2 0.0333 0.0770 0.3739 0.0292 0.3497 0.0467 0.0202 0.0318 0.0383 
        H620  2 0.7820 0.0269 0.0303 0.0149 0.0248 0.0386 0.0247 0.0234 0.0345 
        H623  2 0.0832 0.0667 0.1115 0.1072 0.2366 0.1220 0.0726 0.1673 0.0328 
        H624  2 0.0503 0.2743 0.2321 0.0218 0.2273 0.0525 0.0564 0.0660 0.0194 
        H625  2 0.1014 0.0756 0.1446 0.0659 0.1553 0.2035 0.0638 0.1181 0.0719 
        H626  2 0.0459 0.1446 0.2799 0.0309 0.1262 0.0837 0.0511 0.0660 0.1717 
        H654  2 0.3822 0.0585 0.2210 0.0149 0.1868 0.0470 0.0372 0.0316 0.0207 
        H655  2 0.0657 0.3551 0.1037 0.0706 0.1050 0.0637 0.1154 0.0901 0.0306 
        H656  2 0.7744 0.0202 0.0258 0.0167 0.0396 0.0555 0.0265 0.0225 0.0189 
        H666  2 0.5943 0.0541 0.0409 0.1161 0.0471 0.0299 0.0420 0.0364 0.0392 
        H667  2 0.0289 0.0760 0.1772 0.0530 0.0984 0.2574 0.1037 0.0884 0.1170 
        H677  2 0.0402 0.2113 0.0967 0.0939 0.0689 0.1205 0.1701 0.1069 0.0915 
        H693  2 0.3109 0.0297 0.0821 0.0371 0.1796 0.1614 0.1064 0.0558 0.0370 
        H694  2 0.0676 0.0861 0.1088 0.1694 0.2053 0.0903 0.0833 0.1598 0.0295 
        H701  2 0.0283 0.1712 0.1225 0.1648 0.1077 0.0973 0.1356 0.1324 0.0401 
        H702  2 0.0611 0.1381 0.1250 0.0739 0.1053 0.1352 0.1112 0.1136 0.1366 
        H731  2 0.1928 0.0834 0.0552 0.1214 0.0564 0.1444 0.2217 0.0632 0.0615 
       H7359  2 0.0552 0.3650 0.0710 0.0749 0.0801 0.0730 0.0867 0.1225 0.0716 
       H7389  2 0.0500 0.1321 0.1228 0.0840 0.0722 0.1090 0.0753 0.1529 0.2016 
       H7390  2 0.0425 0.2431 0.2381 0.0328 0.1366 0.0738 0.1037 0.0780 0.0514 
       H7391  2 0.0594 0.0409 0.0795 0.0701 0.0924 0.1633 0.0501 0.0599 0.3843 
       H7392  2 0.0684 0.2077 0.0763 0.1308 0.1126 0.0955 0.0939 0.1467 0.0681 
       H7393  2 0.0856 0.1272 0.1660 0.0898 0.1153 0.0810 0.1358 0.0902 0.1091 
       H7398  2 0.1073 0.0432 0.0785 0.2422 0.1040 0.1647 0.0661 0.0707 0.1232 
       H7399  2 0.0215 0.0914 0.1029 0.1842 0.0699 0.1539 0.1445 0.1941 0.0375 
       H7400  2 0.7140 0.0331 0.0814 0.0167 0.0491 0.0330 0.0255 0.0277 0.0195 
        H745  2 0.0264 0.0840 0.0861 0.1107 0.0736 0.1088 0.1532 0.3102 0.0471 
        H746  2 0.0198 0.1075 0.1657 0.0676 0.1002 0.2441 0.1268 0.1201 0.0481 
        H747  2 0.3185 0.1261 0.0797 0.1346 0.0955 0.0661 0.0498 0.0569 0.0728 
        H748  2 0.0427 0.2053 0.1237 0.0583 0.1065 0.1316 0.1171 0.1062 0.1085 
       H7484  2 0.5878 0.0274 0.0324 0.0526 0.0882 0.0538 0.0473 0.0413 0.0693 
       H7485  2 0.0594 0.0698 0.3481 0.0469 0.2023 0.0783 0.0418 0.1165 0.0370 
        H749  2 0.0217 0.1438 0.2465 0.0393 0.1573 0.1798 0.0545 0.0974 0.0598 
        H930  2 0.0273 0.1261 0.1518 0.1590 0.1451 0.0922 0.0531 0.1064 0.1391 
        H931  2 0.1429 0.0602 0.0492 0.1274 0.0949 0.1470 0.0912 0.1416 0.1455 
        H932  2 0.0379 0.1296 0.0754 0.0941 0.0485 0.0781 0.1329 0.1154 0.2882 
        H002  4 0.2308 0.0613 0.1254 0.0235 0.0706 0.1247 0.1566 0.1712 0.0360 
        H003  4 0.0306 0.0831 0.1613 0.0663 0.0929 0.3477 0.0732 0.0693 0.0757 
        H009  4 0.0226 0.1344 0.1670 0.0868 0.1424 0.0511 0.1132 0.2450 0.0374 
        H010  4 0.0367 0.1434 0.0665 0.1048 0.0462 0.1124 0.1204 0.1630 0.2066 
        H011  4 0.3751 0.0431 0.0751 0.0489 0.1506 0.0942 0.1268 0.0568 0.0295 
        H012  4 0.0411 0.1101 0.0828 0.1443 0.0822 0.1713 0.1876 0.1014 0.0792 
        H013  4 0.2109 0.0545 0.1135 0.0558 0.0905 0.2698 0.0666 0.0799 0.0586 
        H014  4 0.0381 0.0865 0.0508 0.0675 0.0888 0.1459 0.3679 0.0844 0.0701 
        H045  4 0.2921 0.0336 0.0604 0.0980 0.1227 0.1630 0.0420 0.0628 0.1254 
        H046  4 0.0497 0.1031 0.1160 0.0418 0.0736 0.2514 0.1535 0.1620 0.0489 
        H051  4 0.3539 0.0460 0.0599 0.0970 0.0962 0.1596 0.0969 0.0482 0.0423 
        H052  4 0.3403 0.0746 0.0595 0.0795 0.1028 0.0800 0.0667 0.1508 0.0458 
        H053  4 0.0521 0.2859 0.0955 0.0797 0.0819 0.0998 0.1326 0.1025 0.0701 
        H056  4 0.4295 0.0551 0.0659 0.0356 0.0682 0.0741 0.1088 0.0932 0.0695 
        H076  4 0.0277 0.0827 0.0620 0.0562 0.0392 0.1113 0.1327 0.2065 0.2816 
        H151  4 0.0622 0.1408 0.1816 0.0326 0.0732 0.0672 0.3012 0.1003 0.0410 
        H152  4 0.2293 0.0814 0.0475 0.0514 0.0865 0.0767 0.2532 0.1434 0.0307 
     H171803  4 0.0358 0.1205 0.2925 0.0304 0.1449 0.1112 0.0845 0.0875 0.0927 
     H171804  4 0.1619 0.0811 0.1370 0.0604 0.1024 0.1569 0.0727 0.0845 0.1432 
     H171833  4 0.0324 0.1375 0.1357 0.0314 0.0728 0.1211 0.1154 0.3004 0.0534 
     H171855  4 0.1835 0.1164 0.2008 0.0184 0.0798 0.0633 0.1113 0.1127 0.1138 
     H171856  4 0.0320 0.1020 0.2958 0.1396 0.1614 0.0794 0.0553 0.0805 0.0539 
     H171857  4 0.1735 0.0741 0.1000 0.0446 0.0843 0.1133 0.1612 0.1038 0.1452 
     H171858  4 0.0876 0.0965 0.0565 0.0800 0.0432 0.0721 0.3106 0.1599 0.0935 
     H171859  4 0.1022 0.0905 0.0739 0.0664 0.0722 0.1036 0.1107 0.1660 0.2145 
     H171961  4 0.2010 0.1032 0.1658 0.0599 0.1320 0.1099 0.0714 0.1024 0.0544 
        H198  4 0.0195 0.1471 0.1166 0.0700 0.0618 0.2384 0.1182 0.1637 0.0649 
      H20001  4 0.0176 0.0952 0.2727 0.0370 0.1747 0.0878 0.1111 0.1781 0.0257 
        H403  4 0.0756 0.0643 0.1489 0.0543 0.1281 0.1169 0.0748 0.1277 0.2094 
        H404  4 0.0443 0.0983 0.1037 0.1021 0.1028 0.2271 0.1529 0.1218 0.0471 
        H405  4 0.0341 0.1088 0.1297 0.0600 0.0832 0.1752 0.0665 0.1695 0.1730 
        H406  4 0.0861 0.0388 0.0620 0.0505 0.0924 0.0395 0.0375 0.0733 0.5199 
        H407  4 0.0386 0.1611 0.1515 0.0959 0.0872 0.1209 0.0561 0.0804 0.2083 
        H410  4 0.0169 0.0189 0.0218 0.0321 0.0188 0.0256 0.0243 0.0214 0.8203 
        H411  4 0.0308 0.0847 0.1174 0.0613 0.0901 0.0863 0.3430 0.1346 0.0519 
        H468  4 0.0345 0.1660 0.1719 0.0501 0.1604 0.1231 0.0439 0.1481 0.1021 
        H476  4 0.0910 0.3546 0.0782 0.0580 0.1221 0.0720 0.0756 0.0860 0.0626 
        H477  4 0.0174 0.2206 0.1863 0.0422 0.1229 0.1346 0.1313 0.1165 0.0283 
        H478  4 0.0345 0.0957 0.1878 0.0464 0.1557 0.1924 0.1209 0.1097 0.0569 
        H479  4 0.2929 0.0692 0.1109 0.0823 0.1004 0.1811 0.0464 0.0870 0.0296 
        H480  4 0.0281 0.1464 0.1024 0.1021 0.1053 0.1101 0.1426 0.1831 0.0798 
        H498  4 0.0931 0.0823 0.1038 0.1071 0.0765 0.2532 0.0878 0.1215 0.0747 
        H499  4 0.0547 0.0725 0.1985 0.0542 0.2159 0.1303 0.0905 0.1258 0.0577 
        H500  4 0.2092 0.1718 0.1392 0.0400 0.0979 0.1351 0.0584 0.0812 0.0672 
        H515  4 0.0872 0.1153 0.1593 0.0719 0.0968 0.0948 0.1727 0.1076 0.0944 
        H516  4 0.0380 0.1569 0.0979 0.1770 0.0483 0.0767 0.1712 0.1690 0.0650 
        H517  4 0.0365 0.0415 0.0280 0.0297 0.0333 0.0341 0.0337 0.0328 0.7304 
        H518  4 0.2440 0.1416 0.0828 0.0724 0.1051 0.0729 0.0805 0.1302 0.0705 
        H520  4 0.1615 0.0995 0.1167 0.0533 0.0983 0.0981 0.0780 0.1142 0.1804 
        H521  4 0.0673 0.0848 0.1016 0.1210 0.1338 0.1639 0.1190 0.1424 0.0662 
        H522  4 0.0491 0.1742 0.1939 0.0798 0.1223 0.1032 0.1021 0.1304 0.0450 
        H523  4 0.0920 0.0821 0.0777 0.2681 0.0640 0.0643 0.2174 0.0938 0.0406 
        H536  4 0.0768 0.0719 0.1228 0.0600 0.1026 0.2426 0.0625 0.1958 0.0651 
        H645  4 0.2145 0.0354 0.1199 0.0378 0.1352 0.2487 0.0477 0.0755 0.0853 
        H646  4 0.0202 0.1446 0.0567 0.3888 0.0373 0.0417 0.1464 0.1235 0.0408 
        H647  4 0.0323 0.3817 0.0919 0.0570 0.1750 0.0587 0.0636 0.0940 0.0458 
        H657  4 0.0288 0.0864 0.0792 0.0554 0.0541 0.1042 0.0462 0.0898 0.4560 
        H658  4 0.0409 0.4027 0.0953 0.1414 0.0842 0.0563 0.0692 0.0765 0.0335 
        H659  4 0.0779 0.1013 0.3780 0.0220 0.1829 0.0576 0.0762 0.0611 0.0430 
        H660  4 0.0719 0.0896 0.1177 0.1265 0.1965 0.1098 0.1467 0.1083 0.0330 
        H661  4 0.0390 0.1055 0.3307 0.0220 0.1467 0.0598 0.1552 0.0937 0.0475 
        H668  4 0.0283 0.1071 0.1057 0.0684 0.0761 0.1695 0.2591 0.1079 0.0779 
        H669  4 0.0851 0.1020 0.0925 0.2127 0.0889 0.1082 0.0982 0.1307 0.0818 
        H670  4 0.0906 0.0667 0.0766 0.0379 0.0864 0.1643 0.3565 0.0745 0.0465 
        H678  4 0.0264 0.1674 0.3168 0.0447 0.1533 0.0709 0.0558 0.0967 0.0680 
        H679  4 0.0430 0.1514 0.1174 0.1470 0.0920 0.0900 0.0635 0.1277 0.1681 
        H680  4 0.0237 0.0671 0.2336 0.0280 0.1360 0.0688 0.0918 0.1435 0.2077 
        H681  4 0.1847 0.0967 0.1051 0.0645 0.1083 0.1584 0.0934 0.0885 0.1004 
        H682  4 0.0381 0.1150 0.1067 0.0782 0.1020 0.1616 0.0619 0.0958 0.2408 
        H683  4 0.3084 0.0919 0.0419 0.1603 0.0658 0.0572 0.0891 0.1408 0.0447 
        H718  4 0.6257 0.0358 0.0317 0.0771 0.0487 0.0392 0.0346 0.0553 0.0520 
        H719  4 0.1525 0.0496 0.0612 0.1575 0.2668 0.1594 0.0584 0.0626 0.0319 
        H720  4 0.1185 0.0522 0.2116 0.0419 0.3857 0.0378 0.0549 0.0673 0.0300 
        H721  4 0.1209 0.0839 0.1594 0.0366 0.1201 0.1638 0.0812 0.1711 0.0630 
        H722  4 0.2220 0.0608 0.1447 0.0698 0.1057 0.0638 0.0895 0.1982 0.0453 
        H723  4 0.2486 0.0707 0.0670 0.0611 0.0628 0.0765 0.1388 0.0526 0.2220 
        H724  4 0.3794 0.0926 0.0685 0.0711 0.0842 0.0668 0.0598 0.0638 0.1139 
        H725  4 0.4378 0.0506 0.0675 0.0356 0.0700 0.0838 0.0745 0.0663 0.1138 
        H726  4 0.1664 0.1709 0.0728 0.0563 0.0551 0.0657 0.1747 0.1088 0.1292 
        H727  4 0.1150 0.0638 0.0934 0.0694 0.0972 0.1063 0.2103 0.0935 0.1511 
        H910  4 0.1813 0.0535 0.0831 0.0969 0.1623 0.1320 0.1188 0.0678 0.1043 
        H911  4 0.0531 0.0506 0.0282 0.0802 0.0457 0.0469 0.0292 0.0657 0.6003 
        H912  4 0.0559 0.1902 0.0898 0.0515 0.1177 0.0575 0.1012 0.1208 0.2154 
        H913  4 0.0687 0.3400 0.0648 0.2088 0.0835 0.0620 0.0620 0.0810 0.0293 
        H914  4 0.0734 0.1211 0.2400 0.0987 0.1181 0.1466 0.0890 0.0719 0.0412 
        H915  4 0.0395 0.1340 0.1960 0.0488 0.1299 0.1003 0.0755 0.0953 0.1806 
        H916  4 0.0396 0.1180 0.2553 0.0928 0.1860 0.0729 0.0756 0.1072 0.0526 
       H9572  4 0.0720 0.0456 0.1514 0.0677 0.2332 0.1190 0.0822 0.0895 0.1394 
        H015  5 0.0302 0.0633 0.1059 0.1383 0.3139 0.1393 0.0871 0.0716 0.0503 
        H016  5 0.0492 0.1411 0.0526 0.1502 0.0841 0.1463 0.0615 0.2583 0.0567 
        H017  5 0.0313 0.1051 0.2464 0.0897 0.1593 0.0854 0.1217 0.1306 0.0304 
        H019  5 0.1205 0.0874 0.0631 0.1130 0.0866 0.1039 0.2181 0.1642 0.0432 
        H020  5 0.0990 0.0583 0.0989 0.2692 0.2053 0.1118 0.0408 0.0978 0.0187 
        H032  5 0.1086 0.0996 0.0634 0.0624 0.0576 0.0751 0.1352 0.1671 0.2311 
        H033  5 0.0464 0.1231 0.1060 0.1509 0.1296 0.1838 0.0975 0.1241 0.0386 
        H034  5 0.1283 0.0560 0.0597 0.0668 0.0593 0.0947 0.3034 0.0925 0.1392 
        H035  5 0.0328 0.2492 0.1579 0.0669 0.0921 0.1119 0.0779 0.1222 0.0891 
        H036  5 0.0688 0.0567 0.0593 0.1771 0.3344 0.1018 0.0360 0.0752 0.0907 
        H037  5 0.0430 0.3013 0.1426 0.0669 0.1669 0.1105 0.0664 0.0735 0.0289 
        H048  5 0.2297 0.0713 0.0773 0.0465 0.0978 0.1340 0.0610 0.0852 0.1973 
        H049  5 0.0878 0.0760 0.1376 0.1199 0.2370 0.1310 0.0671 0.1142 0.0294 
        H054  5 0.0726 0.0587 0.0515 0.0797 0.0507 0.0995 0.1383 0.1548 0.2942 
        H055  5 0.0417 0.0641 0.0717 0.0490 0.0429 0.0579 0.4749 0.1490 0.0489 
        H057  5 0.0570 0.1679 0.0945 0.0353 0.0677 0.0924 0.1071 0.3508 0.0273 
        H060  5 0.1002 0.0981 0.1395 0.0287 0.0911 0.0994 0.2821 0.1290 0.0319 
        H061  5 0.0265 0.1681 0.0823 0.0473 0.0617 0.1625 0.2494 0.1120 0.0902 
        H064  5 0.2581 0.0613 0.0788 0.1078 0.0765 0.1400 0.0989 0.1379 0.0407 
        H070  5 0.1372 0.0508 0.1021 0.0852 0.0808 0.0891 0.3273 0.0816 0.0459 
        H077  5 0.3877 0.0519 0.0701 0.0381 0.0788 0.0588 0.1825 0.0679 0.0643 
        H078  5 0.0720 0.2031 0.1387 0.0933 0.0771 0.0711 0.1041 0.1873 0.0535 
        H079  5 0.0324 0.0948 0.1014 0.3669 0.0606 0.1626 0.0578 0.0948 0.0286 
        H097  5 0.1078 0.2236 0.0857 0.0987 0.0840 0.0850 0.0859 0.1713 0.0580 
        H107  5 0.3023 0.1162 0.0842 0.0496 0.0904 0.1277 0.1012 0.0810 0.0475 
        H122  5 0.0220 0.2240 0.1895 0.0671 0.1363 0.0726 0.0807 0.1344 0.0734 
        H123  5 0.0186 0.1087 0.0614 0.1632 0.0689 0.0874 0.0551 0.1065 0.3302 
        H124  5 0.0286 0.1545 0.0425 0.1074 0.0527 0.0684 0.0938 0.1130 0.3390 
        H131  5 0.0262 0.0625 0.0426 0.4159 0.0850 0.0827 0.0782 0.1099 0.0968 
        H132  5 0.1097 0.1021 0.0750 0.1025 0.0851 0.1121 0.1514 0.1426 0.1193 
        H141  5 0.0622 0.1177 0.1884 0.0418 0.1767 0.1138 0.0900 0.1067 0.1027 
        H142  5 0.0285 0.1349 0.1070 0.0941 0.0805 0.1998 0.2037 0.1020 0.0495 
        H157  5 0.1648 0.1057 0.0878 0.0531 0.0580 0.1256 0.1488 0.1662 0.0900 
        H158  5 0.0268 0.1373 0.1389 0.1914 0.1117 0.0910 0.0764 0.1789 0.0476 
        H159  5 0.0370 0.0887 0.0941 0.0453 0.1174 0.1850 0.0718 0.1138 0.2468 
        H160  5 0.0589 0.1422 0.1107 0.0724 0.0898 0.1386 0.0469 0.1181 0.2224 
        H163  5 0.0429 0.0798 0.0904 0.1185 0.1246 0.1365 0.1875 0.1283 0.0915 
        H164  5 0.0723 0.0628 0.0838 0.1423 0.1255 0.1496 0.1437 0.1229 0.0970 
        H165  5 0.0217 0.0741 0.0684 0.3262 0.1131 0.1127 0.0727 0.0895 0.1215 
        H166  5 0.0436 0.0679 0.0716 0.2313 0.3219 0.0798 0.0574 0.1012 0.0254 
        H169  5 0.0312 0.1566 0.1587 0.0828 0.1118 0.1537 0.1209 0.1388 0.0456 
     H169613  5 0.0928 0.1070 0.0433 0.0978 0.0507 0.0742 0.4131 0.0945 0.0265 
     H169653  5 0.0346 0.0685 0.0659 0.1620 0.1874 0.1331 0.1725 0.1100 0.0659 
     H169728  5 0.0411 0.1118 0.1761 0.0749 0.1608 0.1366 0.0665 0.1484 0.0839 
     H169742  5 0.0932 0.0694 0.1684 0.0465 0.2238 0.2719 0.0404 0.0597 0.0267 
        H170  5 0.0530 0.1306 0.1143 0.0333 0.0703 0.0841 0.1401 0.2901 0.0842 
        H171  5 0.0552 0.0773 0.0976 0.0706 0.0742 0.1460 0.2430 0.1784 0.0577 
     H171851  5 0.0679 0.1302 0.0754 0.1273 0.0883 0.0867 0.2423 0.1577 0.0242 
     H171852  5 0.1549 0.1734 0.0966 0.0689 0.0997 0.0895 0.0931 0.1581 0.0658 
     H171853  5 0.0526 0.0529 0.0927 0.0707 0.1146 0.1312 0.0815 0.0894 0.3145 
     H171854  5 0.0856 0.1108 0.1783 0.0432 0.0944 0.1055 0.1577 0.1364 0.0880 
     H171938  5 0.0816 0.1037 0.1512 0.0517 0.0956 0.2472 0.0665 0.0891 0.1135 
     H171939  5 0.0476 0.1279 0.0515 0.2662 0.1161 0.1221 0.0821 0.1427 0.0439 
     H171941  5 0.2307 0.0697 0.0658 0.0849 0.0793 0.0749 0.2872 0.0847 0.0228 
     H171965  5 0.0374 0.1257 0.0910 0.0476 0.0680 0.1190 0.3530 0.1253 0.0330 
     H171970  5 0.3662 0.0465 0.0598 0.0515 0.0944 0.0691 0.2242 0.0460 0.0421 
     H171973  5 0.0463 0.1390 0.1138 0.0467 0.1305 0.2079 0.0899 0.0914 0.1345 
     H171974  5 0.0351 0.1257 0.1055 0.1259 0.0735 0.1029 0.2481 0.1031 0.0802 
     H171975  5 0.1735 0.0516 0.0671 0.0811 0.2040 0.1058 0.1329 0.0727 0.1113 
     H171976  5 0.1688 0.0774 0.1553 0.0256 0.0736 0.1612 0.0982 0.1859 0.0540 
        H175  5 0.1688 0.1945 0.0754 0.0886 0.0732 0.1172 0.0820 0.1223 0.0778 
        H178  5 0.1341 0.0799 0.0924 0.0764 0.1131 0.1585 0.1730 0.1377 0.0349 
        H189  5 0.0269 0.0846 0.0570 0.3729 0.0877 0.1330 0.0811 0.0950 0.0618 
        H399  5 0.0261 0.0813 0.0677 0.0227 0.0425 0.0717 0.0427 0.2911 0.3541 
        H416  5 0.0594 0.1491 0.2475 0.0364 0.1985 0.1114 0.0592 0.0605 0.0780 
        H438  5 0.0495 0.0700 0.1014 0.1165 0.1031 0.1732 0.0727 0.0914 0.2223 
        H450  5 0.1383 0.0669 0.1947 0.0331 0.0962 0.0859 0.2743 0.0904 0.0203 
        H455  5 0.5387 0.0244 0.0383 0.0471 0.0877 0.0696 0.1256 0.0464 0.0223 
        H456  5 0.0547 0.1529 0.1396 0.0525 0.1099 0.2106 0.0852 0.1079 0.0868 
        H457  5 0.2436 0.0673 0.0448 0.0355 0.0644 0.0627 0.3576 0.0893 0.0347 
        H458  5 0.0671 0.0916 0.0847 0.0678 0.0530 0.1165 0.3055 0.1289 0.0848 
        H459  5 0.0217 0.3363 0.1001 0.1170 0.0576 0.1225 0.0906 0.1051 0.0493 
        H460  5 0.0550 0.1077 0.2782 0.0708 0.1408 0.1631 0.0541 0.0797 0.0505 
        H461  5 0.0610 0.1243 0.1425 0.0483 0.0742 0.1029 0.2336 0.1788 0.0344 
        H462  5 0.0619 0.0862 0.0855 0.2092 0.2024 0.0833 0.0780 0.1235 0.0702 
        H469  5 0.0426 0.0645 0.0643 0.2534 0.1537 0.0965 0.0811 0.1166 0.1273 
        H470  5 0.0479 0.0858 0.1621 0.0542 0.1886 0.1173 0.1281 0.1242 0.0917 
        H471  5 0.0326 0.3628 0.0754 0.1002 0.0772 0.0622 0.0770 0.1111 0.1013 
        H481  5 0.4198 0.1031 0.0815 0.0893 0.0784 0.0552 0.0705 0.0604 0.0418 
        H482  5 0.1159 0.0745 0.0928 0.0410 0.0674 0.0522 0.3848 0.0894 0.0820 
        H501  5 0.0785 0.2474 0.1109 0.0660 0.1061 0.1279 0.0800 0.1054 0.0779 
        H502  5 0.0294 0.1317 0.1304 0.1087 0.0893 0.1303 0.1529 0.1943 0.0330 
        H503  5 0.0327 0.0496 0.0774 0.1697 0.2960 0.1058 0.0453 0.1098 0.1137 
        H509  5 0.1080 0.0629 0.0761 0.0856 0.1234 0.1129 0.0613 0.0783 0.2915 
        H510  5 0.1373 0.0686 0.0668 0.0626 0.1099 0.1784 0.2437 0.1072 0.0256 
        H511  5 0.0391 0.0656 0.0660 0.0766 0.0787 0.1035 0.3288 0.1388 0.1029 
        H530  5 0.0853 0.1316 0.0785 0.0770 0.0896 0.1350 0.1055 0.1093 0.1881 
        H531  5 0.0912 0.3562 0.1595 0.0320 0.1336 0.0495 0.0543 0.0875 0.0362 
        H564  5 0.1526 0.0865 0.2212 0.0303 0.1081 0.1404 0.1103 0.1274 0.0234 
        H565  5 0.2753 0.1107 0.1830 0.0204 0.2080 0.0751 0.0504 0.0498 0.0273 
        H567  5 0.0241 0.0586 0.0421 0.5279 0.1066 0.0598 0.0475 0.0697 0.0637 
     H568???  5 0.0344 0.1880 0.1077 0.0520 0.0683 0.0963 0.1246 0.2430 0.0856 
        H608  5 0.1422 0.0613 0.1321 0.0297 0.0814 0.0595 0.3847 0.0652 0.0440 
        H609  5 0.0699 0.0773 0.0682 0.2146 0.1396 0.1691 0.1070 0.1045 0.0499 
        H612  5 0.2293 0.0539 0.2441 0.0338 0.1113 0.1673 0.0461 0.0507 0.0636 
        H614  5 0.1197 0.2225 0.1745 0.0413 0.1728 0.0607 0.0594 0.0991 0.0501 
        H615  5 0.1413 0.3768 0.0919 0.0341 0.1618 0.0455 0.0438 0.0763 0.0286 
        H616  5 0.5549 0.0503 0.0422 0.0540 0.0454 0.0676 0.1015 0.0412 0.0431 
        H617  5 0.0229 0.1463 0.1085 0.1050 0.0910 0.1841 0.0642 0.0914 0.1865 
        H618  5 0.3588 0.0398 0.0891 0.0329 0.0815 0.1115 0.1070 0.0775 0.1020 
        H619  5 0.0724 0.0591 0.1388 0.0941 0.1800 0.2965 0.0702 0.0687 0.0203 
        H635  5 0.0827 0.0595 0.0525 0.0670 0.0719 0.1265 0.3505 0.1068 0.0825 
        H636  5 0.0552 0.0592 0.1475 0.0399 0.1648 0.3003 0.1125 0.0551 0.0654 
        H637  5 0.2914 0.0963 0.0878 0.0812 0.1379 0.1429 0.0541 0.0866 0.0217 
        H644  5 0.0189 0.0565 0.0366 0.4164 0.0568 0.1085 0.0680 0.1833 0.0550 
        H711  5 0.0349 0.1673 0.1135 0.0587 0.1326 0.0795 0.1772 0.2049 0.0315 
        H712  5 0.2281 0.0666 0.0759 0.1474 0.1003 0.1549 0.1353 0.0614 0.0301 
       H7360  5 0.0915 0.1578 0.0964 0.0863 0.1337 0.1147 0.0876 0.1984 0.0335 
       H7361  5 0.1547 0.0684 0.0856 0.0297 0.0628 0.0974 0.3421 0.0909 0.0683 
       H7362  5 0.0257 0.0538 0.0562 0.2352 0.1911 0.1535 0.0379 0.1816 0.0649 
       H7363  5 0.0846 0.0668 0.1230 0.0848 0.1417 0.0782 0.2169 0.1262 0.0778 
       H7394  5 0.0301 0.1198 0.1117 0.1274 0.0583 0.1398 0.2578 0.1019 0.0531 
       H7395  5 0.0497 0.0811 0.1389 0.0453 0.0840 0.2079 0.2524 0.1030 0.0377 
       H7396  5 0.0338 0.2975 0.1303 0.1320 0.1438 0.0910 0.0613 0.0740 0.0363 
        H742  5 0.0883 0.0661 0.1587 0.0365 0.2200 0.2782 0.0515 0.0765 0.0243 
        H743  5 0.2148 0.1057 0.0699 0.1591 0.1109 0.1084 0.0447 0.0988 0.0877 
        H744  5 0.2950 0.0592 0.0900 0.0959 0.0682 0.0909 0.0607 0.0644 0.1758 
        H957  5 0.0324 0.1617 0.1971 0.0256 0.0755 0.0665 0.1881 0.2216 0.0315 
        H958  5 0.0911 0.1465 0.0919 0.1518 0.1139 0.1041 0.0793 0.1192 0.1022 
        H959  5 0.2854 0.0850 0.0674 0.0356 0.0952 0.1095 0.2042 0.0682 0.0494 
        H960  5 0.0712 0.0816 0.0741 0.1102 0.1120 0.0947 0.0695 0.1005 0.2862 
        H431  8 0.0508 0.0921 0.0487 0.0249 0.0455 0.0512 0.0587 0.0418 0.5863 
        H432  8 0.0364 0.0607 0.0612 0.1763 0.4536 0.0395 0.0452 0.0963 0.0309 
        H433  8 0.0792 0.0837 0.0950 0.1860 0.0997 0.2065 0.0527 0.1040 0.0933 
        H434  8 0.0229 0.1020 0.0792 0.4397 0.1056 0.0861 0.0548 0.0877 0.0220 
        H444  8 0.1388 0.0537 0.0672 0.1240 0.1271 0.2187 0.1379 0.0827 0.0500 
        H454  8 0.4269 0.0457 0.0583 0.0686 0.0858 0.1022 0.1205 0.0625 0.0293 
        H475  8 0.4392 0.0493 0.0861 0.0329 0.0687 0.0468 0.1806 0.0619 0.0345 
        H491  8 0.1487 0.0604 0.0966 0.0571 0.0810 0.1036 0.3203 0.1139 0.0184 
        H492  8 0.1491 0.2195 0.1467 0.0787 0.1606 0.0864 0.0498 0.0738 0.0354 
        H493  8 0.0460 0.1335 0.0926 0.0693 0.0718 0.1215 0.2684 0.1225 0.0744 
        H494  8 0.1256 0.0598 0.1107 0.0959 0.2754 0.1520 0.0503 0.0743 0.0560 
        H495  8 0.1236 0.0724 0.3291 0.0243 0.1942 0.0628 0.0969 0.0798 0.0171 
        H662  8 0.0310 0.2229 0.1543 0.0708 0.1443 0.0959 0.0678 0.1552 0.0579 
        H663  8 0.1062 0.0705 0.1373 0.0592 0.2445 0.0832 0.0587 0.0903 0.1501 
        H695  8 0.1125 0.2183 0.0523 0.1087 0.0675 0.0867 0.0717 0.1202 0.1621 
       H7367  8 0.0172 0.0999 0.0549 0.5099 0.0350 0.0460 0.1014 0.0707 0.0651 
       H7368  8 0.0473 0.0788 0.0895 0.0525 0.0688 0.1857 0.1161 0.1811 0.1801 
       H7369  8 0.1186 0.0612 0.0768 0.0661 0.1069 0.1671 0.1838 0.1035 0.1160 
       H7370  8 0.0185 0.2428 0.0989 0.2136 0.1130 0.0560 0.0565 0.0724 0.1283 
       H7371  8 0.0849 0.1055 0.1022 0.0750 0.1223 0.1495 0.0571 0.0974 0.2062 
     H169705 10 0.0262 0.0527 0.0569 0.4980 0.0942 0.0405 0.0556 0.0804 0.0956 
     H171942 10 0.0310 0.0522 0.0741 0.1904 0.4522 0.0408 0.0541 0.0682 0.0369 
     H171943 10 0.0338 0.1365 0.2458 0.0888 0.1586 0.1325 0.0708 0.1085 0.0247 
     H171944 10 0.0283 0.1845 0.2368 0.0548 0.1180 0.1221 0.0739 0.1007 0.0809 
     H171946 10 0.0464 0.2354 0.1866 0.0297 0.1743 0.0686 0.0830 0.1189 0.0572 
     H171947 10 0.0515 0.1031 0.0651 0.2928 0.0609 0.0745 0.1824 0.1356 0.0341 
     H229641 10 0.1607 0.1078 0.0602 0.0752 0.0859 0.0963 0.0771 0.1056 0.2312 
      H30001 10 0.0774 0.1080 0.1517 0.0512 0.0876 0.1373 0.1348 0.1317 0.1201 
      H30002 10 0.0514 0.1161 0.0508 0.3689 0.0602 0.1146 0.1464 0.0696 0.0220 
      H30005 10 0.0244 0.0330 0.0368 0.0595 0.0363 0.0631 0.0398 0.0586 0.6485 
      H30006 10 0.0327 0.0263 0.0221 0.7521 0.0427 0.0269 0.0366 0.0421 0.0185 
      H30007 10 0.0170 0.1974 0.2058 0.0928 0.1836 0.1084 0.0794 0.1016 0.0140 
        H451 10 0.0466 0.0635 0.0572 0.2196 0.1467 0.2259 0.1115 0.0827 0.0463 
        H452 10 0.0582 0.0251 0.0309 0.0237 0.0232 0.0234 0.0215 0.0316 0.7625 
        H453 10 0.1756 0.1110 0.0569 0.0520 0.0755 0.0750 0.3329 0.0909 0.0302 
        H473 10 0.2434 0.1047 0.0591 0.0650 0.0819 0.1275 0.1604 0.1326 0.0254 
        H474 10 0.1940 0.2488 0.1122 0.0573 0.1380 0.0486 0.0730 0.1015 0.0265 
        H486 10 0.4052 0.0299 0.0572 0.0565 0.0727 0.1052 0.0350 0.0650 0.1734 
        H487 10 0.1435 0.1576 0.0455 0.1266 0.0579 0.0516 0.1293 0.1169 0.1711 
        H488 10 0.1501 0.0631 0.0780 0.1067 0.0944 0.1925 0.0892 0.1233 0.1026 
        H489 10 0.0961 0.2611 0.0778 0.1339 0.0859 0.0585 0.1367 0.1026 0.0474 
        H550 10 0.0169 0.4156 0.0753 0.1038 0.1445 0.0527 0.0693 0.0971 0.0249 
        H551 10 0.1132 0.0632 0.1111 0.1552 0.1826 0.0974 0.0421 0.0914 0.1438 
        H553 10 0.2586 0.0926 0.0361 0.2407 0.0406 0.0471 0.0389 0.0733 0.1722 
        H554 10 0.0518 0.0743 0.0906 0.1702 0.1326 0.1531 0.1050 0.1641 0.0584 
        H556 10 0.0752 0.2011 0.0576 0.3211 0.0825 0.0590 0.0441 0.1297 0.0298 
        H580 10 0.0255 0.1712 0.0833 0.1647 0.0616 0.0645 0.1534 0.1054 0.1704 
        H591 10 0.3997 0.0882 0.1061 0.0630 0.1503 0.0367 0.0606 0.0551 0.0402 
        H592 10 0.0840 0.1947 0.0989 0.0690 0.0975 0.0775 0.0973 0.0852 0.1959 
        H593 10 0.0749 0.0946 0.1430 0.0667 0.1012 0.1351 0.1630 0.1647 0.0569 
        H594 10 0.0241 0.1438 0.0847 0.1343 0.0590 0.0989 0.1532 0.2066 0.0954 
        H627 10 0.0969 0.2349 0.1232 0.0714 0.0804 0.0701 0.1258 0.1615 0.0359 
        H628 10 0.0268 0.0679 0.0624 0.0918 0.0477 0.1475 0.1512 0.1288 0.2759 
        H629 10 0.0889 0.0791 0.2127 0.0282 0.1536 0.1026 0.0622 0.1335 0.1392 
        H630 10 0.0275 0.1166 0.2614 0.0953 0.1577 0.0701 0.0603 0.1105 0.1007 
        H638 10 0.0321 0.1390 0.2133 0.0457 0.1331 0.0641 0.0706 0.0820 0.2201 
        H639 10 0.3339 0.0748 0.0687 0.0639 0.0821 0.1054 0.0474 0.1338 0.0899 
        H640 10 0.0332 0.0753 0.1368 0.1311 0.2737 0.1051 0.0275 0.1335 0.0838 
        H704 10 0.0239 0.0893 0.0635 0.1758 0.0492 0.0928 0.1740 0.2915 0.0400 
        H705 10 0.0221 0.0617 0.0563 0.5159 0.0896 0.0450 0.0555 0.0758 0.0780 
        H706 10 0.1948 0.0623 0.0838 0.1093 0.0867 0.1616 0.1253 0.0860 0.0903 
        H708 10 0.0476 0.2022 0.3554 0.0217 0.1914 0.0399 0.0621 0.0402 0.0395 
       H7351 10 0.0389 0.1407 0.0900 0.1184 0.1033 0.1156 0.1338 0.2200 0.0394 
       H7352 10 0.0545 0.1058 0.0863 0.0500 0.0717 0.1366 0.1162 0.1301 0.2487 
       H7353 10 0.0445 0.0596 0.0760 0.1528 0.0765 0.1364 0.0761 0.3296 0.0486 
       H7354 10 0.0944 0.0733 0.0454 0.0453 0.0656 0.0942 0.4879 0.0733 0.0205 
       H7365 10 0.1677 0.1008 0.1438 0.0449 0.1206 0.1158 0.0539 0.0949 0.1575 
       H7383 10 0.0914 0.0965 0.1189 0.0799 0.0956 0.1824 0.1556 0.1094 0.0704 
       H7384 10 0.0717 0.1114 0.0424 0.3025 0.0408 0.0957 0.1745 0.1185 0.0426 
       H7385 10 0.1015 0.0802 0.1887 0.1063 0.0993 0.1059 0.1682 0.1066 0.0434 
       H7386 10 0.0573 0.0682 0.0654 0.1209 0.1175 0.1507 0.0851 0.1225 0.2125 
       H7387 10 0.0240 0.1987 0.1882 0.0674 0.0970 0.1372 0.1434 0.1119 0.0321 
       H7388 10 0.0351 0.0200 0.0204 0.0192 0.0197 0.0286 0.0221 0.0291 0.8057 
        H906 10 0.3580 0.0579 0.0383 0.0708 0.1298 0.0879 0.1058 0.1295 0.0221 
        H907 10 0.0342 0.1418 0.1358 0.0945 0.1126 0.1234 0.0921 0.1392 0.1266 
        H908 10 0.0592 0.0582 0.1162 0.0920 0.1408 0.1812 0.1368 0.1102 0.1055 
        H909 10 0.0933 0.0648 0.0545 0.0512 0.0824 0.1205 0.4452 0.0626 0.0254 
       H9552 10 0.0512 0.1087 0.0640 0.1197 0.0656 0.1449 0.1582 0.1750 0.1127 
       H9553 10 0.1962 0.0665 0.0311 0.2787 0.0403 0.0407 0.0314 0.0746 0.2404 
       H9555 10 0.0347 0.1420 0.1525 0.1012 0.1087 0.1086 0.0860 0.1239 0.1423 
       H9575 10 0.0733 0.2850 0.1799 0.0202 0.1097 0.0853 0.0880 0.0812 0.0775 
       H9703 10 0.2971 0.0713 0.0700 0.2685 0.0363 0.0650 0.0851 0.0656 0.0411 
       H9707 10 0.3673 0.0796 0.0596 0.0886 0.0612 0.0755 0.0684 0.0677 0.1321 
       HSAA4 10 0.0289 0.1632 0.0836 0.1646 0.0460 0.0814 0.1581 0.1095 0.1646 
        H001 11 0.0720 0.0867 0.1258 0.0392 0.1277 0.1269 0.1476 0.1488 0.1252 
        H004 11 0.0630 0.1064 0.0901 0.0952 0.0897 0.0884 0.2868 0.1328 0.0476 
        H005 11 0.2681 0.0561 0.0346 0.0294 0.0445 0.0612 0.4173 0.0502 0.0386 
        H006 11 0.0670 0.1474 0.1158 0.0962 0.0923 0.1633 0.1034 0.1345 0.0801 
        H007 11 0.3843 0.0392 0.0694 0.0814 0.0853 0.1597 0.1021 0.0613 0.0173 
        H031 11 0.1961 0.1134 0.1898 0.0441 0.1066 0.0850 0.0440 0.0682 0.1528 
        H074 11 0.1367 0.1410 0.1297 0.0433 0.1491 0.1240 0.0797 0.1117 0.0848 
        H075 11 0.1143 0.0788 0.3109 0.0208 0.2096 0.1317 0.0549 0.0498 0.0292 
        H080 11 0.1524 0.0538 0.1173 0.0445 0.0686 0.1155 0.1259 0.0906 0.2313 
        H086 11 0.0579 0.0624 0.0656 0.3937 0.0370 0.1046 0.0839 0.0949 0.1000 
        H092 11 0.1149 0.0761 0.0798 0.1890 0.0569 0.0685 0.2233 0.1237 0.0676 
        H093 11 0.0546 0.0632 0.0639 0.2233 0.0758 0.2363 0.0562 0.1957 0.0309 
        H094 11 0.0241 0.2778 0.1236 0.0419 0.0975 0.0807 0.0982 0.0979 0.1582 
        H095 11 0.1717 0.1124 0.0982 0.0480 0.1265 0.1746 0.0870 0.1256 0.0560 
        H096 11 0.1440 0.0892 0.0821 0.0392 0.0909 0.1450 0.2312 0.1012 0.0773 
        H099 11 0.0745 0.1072 0.1498 0.0757 0.1059 0.0893 0.2514 0.0883 0.0578 
        H100 11 0.0289 0.0828 0.0767 0.1504 0.3471 0.1392 0.0559 0.0945 0.0245 
        H127 11 0.0951 0.0835 0.0719 0.1238 0.0584 0.0916 0.1128 0.1242 0.2386 
        H136 11 0.1622 0.2499 0.0826 0.0474 0.1178 0.0455 0.1849 0.0691 0.0407 
        H153 11 0.0874 0.0984 0.0675 0.0993 0.0916 0.1410 0.1780 0.1834 0.0535 
        H154 11 0.1289 0.1197 0.1198 0.0339 0.0824 0.0836 0.0893 0.0893 0.2530 
        H155 11 0.0346 0.0652 0.0647 0.1689 0.0983 0.2122 0.0728 0.0855 0.1977 
        H156 11 0.0264 0.0859 0.0896 0.1410 0.0919 0.1817 0.1507 0.1243 0.1085 
        H161 11 0.0864 0.0987 0.0936 0.1572 0.1469 0.1252 0.0968 0.1722 0.0230 
        H162 11 0.0309 0.0447 0.0608 0.1348 0.0467 0.0862 0.0674 0.0879 0.4407 
        H167 11 0.0289 0.1799 0.1000 0.1376 0.0578 0.1267 0.1845 0.1477 0.0368 
        H168 11 0.0553 0.0825 0.0816 0.0714 0.1076 0.1062 0.1593 0.1579 0.1781 
     H169586 11 0.0316 0.2878 0.2494 0.0252 0.2541 0.0433 0.0285 0.0639 0.0161 
     H169738 11 0.0780 0.0467 0.0942 0.1251 0.0988 0.1815 0.0357 0.0888 0.2512 
     H169741 11 0.0425 0.5341 0.0730 0.0352 0.1695 0.0328 0.0399 0.0457 0.0274 
     H171801 11 0.0482 0.0905 0.0931 0.0955 0.1453 0.1624 0.1116 0.2140 0.0395 
     H171810 11 0.1095 0.2663 0.1274 0.0330 0.1661 0.0732 0.1203 0.0755 0.0286 
     H171811 11 0.0451 0.1382 0.3484 0.0302 0.1354 0.0604 0.1235 0.0813 0.0375 
     H171812 11 0.0578 0.1362 0.1384 0.0606 0.1852 0.1984 0.1099 0.0741 0.0394 
     H171820 11 0.1175 0.1096 0.1931 0.0529 0.1068 0.1063 0.1072 0.1314 0.0752 
     H171821 11 0.0428 0.0696 0.0788 0.0456 0.0717 0.0962 0.1545 0.1480 0.2928 
     H171822 11 0.0406 0.0990 0.0979 0.1295 0.0888 0.1247 0.1298 0.1472 0.1425 
     H171823 11 0.3314 0.0806 0.0833 0.0266 0.0536 0.0537 0.2217 0.1249 0.0242 
     H171866 11 0.1114 0.0494 0.0644 0.1411 0.0585 0.1277 0.0709 0.1398 0.2368 
     H171867 11 0.0543 0.0751 0.0795 0.2174 0.1409 0.1802 0.0667 0.1085 0.0774 
     H171967 11 0.2432 0.1130 0.1221 0.0578 0.0892 0.1326 0.0689 0.1032 0.0700 
     H171969 11 0.0813 0.1477 0.1028 0.1297 0.1180 0.1228 0.1239 0.1438 0.0301 
        H172 11 0.0470 0.1788 0.1009 0.1119 0.1404 0.1529 0.0629 0.1088 0.0964 
        H173 11 0.0538 0.1255 0.1202 0.1293 0.1262 0.1814 0.0553 0.0854 0.1229 
