        H008  2 0.0748 0.1014 0.0829 0.0897 0.0930 0.1044 0.0914 0.1079 0.0583 0.0960 0.1001 
        H021  2 0.0939 0.0842 0.0692 0.0833 0.1084 0.1142 0.0681 0.1300 0.0639 0.0760 0.1087 
        H023  2 0.1124 0.0687 0.0813 0.0683 0.1467 0.1265 0.0787 0.0644 0.0936 0.0785 0.0809 
        H024  2 0.0734 0.1004 0.1432 0.0678 0.0572 0.0648 0.1185 0.1077 0.0719 0.1191 0.0762 
        H025  2 0.0685 0.0878 0.0518 0.0574 0.0582 0.0800 0.0777 0.0652 0.2036 0.1104 0.1394 
        H026  2 0.0892 0.1321 0.0929 0.0660 0.0648 0.0557 0.1169 0.0995 0.0546 0.1536 0.0746 
        H027  2 0.0860 0.0830 0.0834 0.0665 0.1080 0.0820 0.0726 0.1884 0.0583 0.0877 0.0841 
        H028  2 0.0815 0.1134 0.1118 0.0569 0.0721 0.0994 0.0878 0.0821 0.0726 0.1296 0.0927 
        H029  2 0.0791 0.0931 0.1945 0.0570 0.0895 0.0706 0.0803 0.1160 0.0660 0.0985 0.0555 
        H030  2 0.0729 0.0954 0.0917 0.0664 0.0661 0.0692 0.1072 0.1554 0.0604 0.1163 0.0990 
        H038  2 0.0819 0.0798 0.0848 0.1528 0.1576 0.0662 0.0681 0.0648 0.0758 0.0851 0.0831 
        H039  2 0.0643 0.0514 0.0545 0.0547 0.0475 0.0487 0.0566 0.0502 0.3963 0.0509 0.1250 
        H040  2 0.0867 0.0819 0.0733 0.1143 0.1509 0.0566 0.0859 0.0813 0.0892 0.0883 0.0914 
        H041  2 0.0683 0.0679 0.1398 0.0588 0.0819 0.1554 0.0754 0.1025 0.0861 0.0695 0.0944 
        H042  2 0.0768 0.0832 0.0725 0.0661 0.1029 0.1963 0.0732 0.0597 0.0862 0.0838 0.0991 
        H043  2 0.0686 0.0696 0.0488 0.3092 0.0533 0.0461 0.0714 0.0620 0.1260 0.0670 0.0779 
        H044  2 0.0789 0.1232 0.0652 0.1171 0.0710 0.0784 0.1275 0.0658 0.0578 0.1173 0.0978 
        H047  2 0.0841 0.0994 0.0706 0.0996 0.0580 0.0728 0.0953 0.0693 0.1493 0.1068 0.0947 
        H050  2 0.0780 0.0904 0.0775 0.0715 0.0703 0.0500 0.1169 0.2320 0.0558 0.0956 0.0620 
        H058  2 0.0857 0.1096 0.0672 0.2141 0.0690 0.0675 0.0810 0.0692 0.0756 0.0829 0.0782 
        H062  2 0.0865 0.0792 0.0680 0.0571 0.1527 0.1273 0.0671 0.0746 0.0956 0.0845 0.1073 
        H063  2 0.0754 0.0751 0.0743 0.2380 0.0611 0.0682 0.0650 0.0747 0.1267 0.0611 0.0805 
        H065  2 0.0880 0.1626 0.0538 0.0543 0.0662 0.0740 0.0918 0.0515 0.1028 0.1482 0.1068 
        H066  2 0.0997 0.0881 0.1476 0.1238 0.0649 0.0534 0.1226 0.0558 0.0624 0.0890 0.0927 
        H067  2 0.0955 0.1101 0.1171 0.0612 0.1102 0.1249 0.0745 0.0686 0.0602 0.1018 0.0759 
        H068  2 0.1314 0.0731 0.0727 0.1088 0.0712 0.0824 0.1258 0.0679 0.1092 0.0708 0.0866 
        H069  2 0.0886 0.1108 0.0828 0.0752 0.0756 0.0531 0.0932 0.0912 0.0699 0.1154 0.1441 
        H071  2 0.1125 0.0913 0.0764 0.0888 0.1209 0.0895 0.0740 0.0828 0.0748 0.0940 0.0949 
        H072  2 0.0685 0.0661 0.0676 0.0836 0.0571 0.0704 0.0801 0.0562 0.2669 0.0637 0.1197 
        H073  2 0.0979 0.1232 0.0797 0.0582 0.1396 0.1018 0.0794 0.0753 0.0610 0.0985 0.0853 
        H081  2 0.0755 0.0650 0.0660 0.0715 0.1300 0.1610 0.0658 0.0836 0.0985 0.0608 0.1224 
        H082  2 0.0600 0.0949 0.0633 0.1897 0.0580 0.0685 0.0759 0.1483 0.0640 0.0929 0.0845 
        H083  2 0.0774 0.1286 0.0670 0.0793 0.0938 0.0988 0.0974 0.0915 0.0643 0.1051 0.0968 
        H084  2 0.1037 0.1106 0.1432 0.1010 0.0796 0.0687 0.0850 0.0749 0.0734 0.0893 0.0705 
        H085  2 0.0667 0.0724 0.0698 0.0503 0.0908 0.0906 0.0715 0.2652 0.0582 0.0625 0.1020 
        H087  2 0.0714 0.0651 0.0822 0.0609 0.1233 0.2460 0.0564 0.0847 0.0638 0.0686 0.0777 
        H088  2 0.1014 0.0933 0.0699 0.0887 0.0763 0.0889 0.0948 0.0822 0.1054 0.0845 0.1147 
        H089  2 0.1154 0.1049 0.0775 0.0733 0.1037 0.1014 0.0715 0.1020 0.0661 0.0975 0.0867 
        H090  2 0.0647 0.0717 0.0908 0.0651 0.0622 0.0793 0.0855 0.2654 0.0721 0.0802 0.0629 
        H091  2 0.0661 0.0652 0.0720 0.0458 0.0731 0.0651 0.0719 0.3608 0.0500 0.0691 0.0610 
        H098  2 0.0596 0.0783 0.1070 0.1038 0.0599 0.1801 0.0975 0.0766 0.0727 0.0720 0.0925 
      H10001  2 0.0583 0.0546 0.0584 0.0580 0.0697 0.0469 0.0532 0.0822 0.3308 0.0578 0.1302 
      H10002  2 0.1133 0.0873 0.0603 0.0754 0.1529 0.0788 0.0831 0.0841 0.0984 0.0835 0.0829 
        H101  2 0.0833 0.0782 0.0987 0.0832 0.0689 0.0554 0.1331 0.2066 0.0512 0.0791 0.0622 
        H108  2 0.0621 0.0697 0.0572 0.0530 0.0759 0.2347 0.0549 0.0483 0.1556 0.0730 0.1156 
        H109  2 0.0917 0.0896 0.0985 0.1839 0.0613 0.0484 0.1122 0.0602 0.0921 0.0881 0.0740 
        H110  2 0.0906 0.0677 0.0679 0.0701 0.2347 0.1462 0.0656 0.0769 0.0552 0.0601 0.0649 
        H116  2 0.0821 0.1274 0.0949 0.0895 0.0796 0.0610 0.1262 0.0797 0.0643 0.1079 0.0873 
        H117  2 0.0559 0.0635 0.2901 0.0613 0.0737 0.0675 0.0628 0.1417 0.0698 0.0644 0.0492 
        H118  2 0.0670 0.0835 0.0688 0.0491 0.0598 0.0627 0.0709 0.3346 0.0530 0.0808 0.0698 
        H119  2 0.0874 0.0698 0.2533 0.0616 0.1299 0.0776 0.0613 0.0576 0.0742 0.0732 0.0542 
        H120  2 0.0607 0.0700 0.0570 0.0548 0.0743 0.1229 0.0543 0.0729 0.2497 0.0583 0.1253 
        H121  2 0.0576 0.0512 0.0772 0.0466 0.0638 0.0854 0.0629 0.3753 0.0504 0.0584 0.0712 
        H125  2 0.0809 0.0626 0.0897 0.0665 0.0599 0.0591 0.0625 0.0627 0.2960 0.0604 0.0995 
        H126  2 0.0691 0.1212 0.0504 0.0501 0.0798 0.1677 0.0795 0.0532 0.0869 0.1188 0.1234 
        H128  2 0.0581 0.0592 0.0864 0.0485 0.0622 0.0455 0.0607 0.4212 0.0489 0.0706 0.0387 
        H129  2 0.0681 0.1502 0.0705 0.0745 0.0661 0.1343 0.0810 0.0542 0.0566 0.1562 0.0882 
        H130  2 0.1024 0.0863 0.0632 0.0622 0.0622 0.0659 0.1086 0.0560 0.1515 0.0855 0.1564 
        H133  2 0.0845 0.0798 0.0640 0.0519 0.0548 0.0551 0.0871 0.0630 0.2745 0.0764 0.1089 
        H134  2 0.0893 0.1727 0.0559 0.0492 0.0571 0.0562 0.1071 0.0585 0.0573 0.2150 0.0817 
        H135  2 0.0969 0.0931 0.0870 0.0630 0.1236 0.0915 0.0831 0.0845 0.1035 0.0886 0.0854 
        H137  2 0.0683 0.0893 0.1877 0.0897 0.0570 0.0755 0.0962 0.0991 0.0832 0.0796 0.0743 
        H138  2 0.1096 0.1402 0.0660 0.0610 0.0877 0.0519 0.1113 0.0666 0.0623 0.1363 0.1072 
        H140  2 0.0915 0.0876 0.0834 0.0553 0.0752 0.0812 0.0769 0.1845 0.1061 0.0841 0.0744 
        H146  2 0.0753 0.0727 0.0752 0.0527 0.0617 0.0461 0.0672 0.3506 0.0660 0.0762 0.0561 
        H147  2 0.0706 0.0764 0.0803 0.0712 0.1891 0.1053 0.0670 0.1281 0.0663 0.0713 0.0745 
        H148  2 0.0842 0.0794 0.1358 0.0869 0.0966 0.0747 0.0965 0.1316 0.0651 0.0853 0.0638 
     H166022  2 0.0744 0.0835 0.1761 0.0792 0.1235 0.0791 0.1063 0.0634 0.0658 0.0896 0.0591 
     H167359  2 0.1313 0.1063 0.0710 0.0642 0.0710 0.0549 0.1347 0.0664 0.0723 0.0881 0.1398 
     H167397  2 0.0639 0.0918 0.1354 0.0905 0.0809 0.0852 0.1226 0.1170 0.0543 0.0908 0.0677 
     H167428  2 0.0781 0.0880 0.0686 0.0465 0.0931 0.0754 0.0938 0.2547 0.0526 0.0844 0.0647 
     H167496  2 0.0668 0.0661 0.0864 0.0628 0.0813 0.0932 0.0750 0.0856 0.1899 0.0756 0.1172 
     H167513  2 0.0482 0.0523 0.0499 0.4880 0.0456 0.0472 0.0527 0.0520 0.0547 0.0504 0.0590 
     H167545  2 0.0869 0.0984 0.0730 0.0696 0.1116 0.0856 0.1277 0.0668 0.0590 0.1195 0.1020 
     H167547  2 0.0584 0.0645 0.3615 0.0558 0.0550 0.0411 0.1183 0.0500 0.0777 0.0721 0.0457 
     H169621  2 0.0801 0.0802 0.0901 0.0612 0.0672 0.0836 0.1011 0.2037 0.0632 0.0765 0.0931 
     H169622  2 0.1123 0.1220 0.0634 0.0687 0.0964 0.0601 0.1185 0.0643 0.0568 0.1224 0.1150 
     H169750  2 0.0807 0.0979 0.0910 0.0813 0.0731 0.0709 0.1237 0.0738 0.0869 0.0966 0.1240 
     H171806  2 0.0841 0.0977 0.1433 0.0588 0.0862 0.0616 0.0986 0.1228 0.0845 0.0981 0.0644 
     H171808  2 0.0960 0.1137 0.0770 0.0651 0.1262 0.0679 0.0904 0.1095 0.0722 0.0907 0.0912 
     H171809  2 0.0890 0.1082 0.0715 0.0684 0.1107 0.1109 0.0838 0.0767 0.0828 0.1079 0.0900 
     H171813  2 0.0707 0.1268 0.0900 0.0724 0.0843 0.0708 0.1015 0.0882 0.0684 0.1168 0.1101 
     H171815  2 0.0803 0.0758 0.0587 0.1014 0.0648 0.0502 0.0708 0.0691 0.2484 0.0902 0.0904 
     H171824  2 0.1343 0.0707 0.1365 0.0606 0.0980 0.0803 0.0751 0.1027 0.0913 0.0744 0.0762 
     H171825  2 0.1136 0.1177 0.0664 0.0504 0.1007 0.0862 0.1108 0.0632 0.0605 0.1255 0.1051 
     H171826  2 0.0744 0.0805 0.1145 0.1442 0.0847 0.0737 0.0886 0.0731 0.0848 0.0977 0.0838 
     H171827  2 0.1256 0.0829 0.0622 0.0905 0.1907 0.0614 0.0863 0.0926 0.0526 0.0748 0.0806 
     H171828  2 0.0629 0.0629 0.0763 0.0666 0.0771 0.0871 0.0549 0.0750 0.2627 0.0584 0.1163 
     H171829  2 0.0833 0.1154 0.0852 0.1080 0.0735 0.0655 0.1162 0.0624 0.0848 0.1132 0.0925 
     H171830  2 0.0747 0.0736 0.0841 0.1745 0.0635 0.0790 0.1036 0.0743 0.0883 0.0804 0.1039 
     H171831  2 0.0853 0.1137 0.0768 0.1588 0.0720 0.0759 0.0927 0.0681 0.0608 0.1232 0.0728 
     H171832  2 0.1001 0.1230 0.0642 0.0792 0.0642 0.0754 0.1269 0.0641 0.0693 0.1287 0.1048 
     H171863  2 0.0826 0.1266 0.0822 0.0821 0.0701 0.0520 0.1294 0.0749 0.0537 0.1455 0.1010 
     H171864  2 0.0687 0.0778 0.1092 0.2078 0.0809 0.0806 0.0783 0.0736 0.0766 0.0734 0.0731 
     H171865  2 0.0671 0.0727 0.0781 0.0889 0.0593 0.0487 0.0747 0.0601 0.2689 0.0786 0.1028 
     H171879  2 0.0926 0.0866 0.1836 0.0556 0.0705 0.0532 0.1474 0.0789 0.0733 0.0826 0.0758 
     H171880  2 0.0850 0.0811 0.1797 0.0807 0.0792 0.0601 0.0924 0.1356 0.0631 0.0808 0.0623 
     H171881  2 0.0808 0.0911 0.0885 0.0809 0.0827 0.1696 0.0704 0.0814 0.0580 0.1029 0.0937 
     H171882  2 0.0514 0.0515 0.0493 0.0506 0.0537 0.0472 0.0510 0.0551 0.3919 0.0505 0.1478 
     H171929  2 0.0634 0.0797 0.0813 0.1115 0.0658 0.0919 0.0812 0.1499 0.0812 0.0853 0.1087 
     H171930  2 0.0908 0.1100 0.1159 0.0944 0.0800 0.0736 0.1310 0.0787 0.0576 0.0956 0.0725 
     H171933  2 0.0910 0.0980 0.1360 0.0553 0.0771 0.0771 0.1122 0.1033 0.0694 0.0834 0.0973 
     H171934  2 0.1030 0.0779 0.1439 0.0620 0.1296 0.1064 0.0901 0.0655 0.0716 0.0758 0.0740 
     H171937  2 0.0937 0.1420 0.0529 0.0665 0.0650 0.0892 0.0986 0.0613 0.0752 0.1595 0.0960 
     H171962  2 0.1046 0.1097 0.0663 0.0809 0.0763 0.1315 0.0918 0.0741 0.0614 0.1099 0.0936 
        H190  2 0.0758 0.1266 0.0768 0.0947 0.0787 0.1141 0.0843 0.0769 0.0649 0.1153 0.0917 
        H191  2 0.0755 0.0970 0.1487 0.1018 0.0704 0.0996 0.0684 0.0725 0.0841 0.1066 0.0752 
        H396  2 0.0688 0.0713 0.0592 0.0546 0.1716 0.1785 0.0578 0.0925 0.0664 0.0631 0.1161 
        H397  2 0.0989 0.0960 0.0624 0.0622 0.0915 0.1097 0.1059 0.0961 0.0643 0.1012 0.1117 
        H398  2 0.0857 0.1215 0.0629 0.0708 0.0991 0.0576 0.0829 0.0784 0.0763 0.1291 0.1357 
        H400  2 0.0984 0.0950 0.0654 0.0786 0.1350 0.0713 0.0982 0.0860 0.0768 0.0974 0.0977 
        H401  2 0.0533 0.0617 0.3365 0.0715 0.0563 0.0493 0.1216 0.0567 0.0764 0.0604 0.0564 
        H402  2 0.0837 0.0918 0.1151 0.1346 0.1548 0.0682 0.0719 0.0832 0.0596 0.0806 0.0567 
        H427  2 0.0758 0.0851 0.0846 0.0630 0.1842 0.1252 0.0714 0.0782 0.0731 0.0845 0.0750 
        H428  2 0.0792 0.0867 0.0656 0.0458 0.0934 0.0782 0.0904 0.2526 0.0529 0.0893 0.0661 
        H497  2 0.0565 0.0618 0.0459 0.4164 0.0518 0.0515 0.0564 0.0601 0.0734 0.0555 0.0707 
        H512  2 0.0830 0.0895 0.1232 0.1587 0.0840 0.0557 0.0833 0.0958 0.0715 0.0918 0.0636 
        H513  2 0.0482 0.0506 0.0475 0.4939 0.0482 0.0478 0.0501 0.0527 0.0527 0.0508 0.0575 
        H514  2 0.0920 0.1331 0.0538 0.1357 0.0847 0.0540 0.1046 0.0765 0.0697 0.1050 0.0909 
        H519  2 0.0494 0.0522 0.0484 0.4791 0.0488 0.0485 0.0530 0.0501 0.0560 0.0557 0.0587 
        H532  2 0.0862 0.0886 0.1012 0.0575 0.1850 0.0669 0.0831 0.1023 0.0605 0.0810 0.0877 
        H543  2 0.1113 0.0941 0.0953 0.0775 0.1167 0.0741 0.1024 0.1110 0.0541 0.0915 0.0721 
        H544  2 0.0888 0.1378 0.0540 0.0643 0.0626 0.0736 0.0998 0.0629 0.0841 0.1465 0.1256 
        H545  2 0.0922 0.1152 0.0727 0.0670 0.1033 0.0934 0.1130 0.0645 0.0574 0.1206 0.1009 
        H546  2 0.0677 0.0878 0.0668 0.0740 0.0689 0.0757 0.0791 0.0596 0.2241 0.0962 0.1002 
        H547  2 0.0603 0.0709 0.3551 0.0540 0.0548 0.0425 0.1225 0.0465 0.0765 0.0709 0.0459 
        H548  2 0.1220 0.0895 0.1004 0.0804 0.1049 0.0784 0.0853 0.0844 0.0821 0.0905 0.0821 
        H549  2 0.0687 0.0674 0.0667 0.3463 0.0877 0.0484 0.0748 0.0655 0.0535 0.0582 0.0628 
        H620  2 0.0538 0.0512 0.0538 0.0523 0.0550 0.0559 0.0510 0.0510 0.4064 0.0512 0.1182 
        H623  2 0.0676 0.1117 0.0571 0.0715 0.0599 0.1831 0.1068 0.0724 0.0690 0.1030 0.0978 
        H624  2 0.0993 0.1096 0.0553 0.0895 0.0928 0.0437 0.1042 0.0723 0.1122 0.0974 0.1236 
        H625  2 0.0770 0.0876 0.0814 0.0713 0.1101 0.1727 0.0825 0.0668 0.0608 0.0935 0.0963 
        H626  2 0.0983 0.0894 0.1128 0.1893 0.0884 0.0588 0.0742 0.0691 0.0787 0.0796 0.0613 
        H654  2 0.0578 0.0596 0.0560 0.1224 0.0613 0.0491 0.0521 0.0580 0.3341 0.0544 0.0952 
        H655  2 0.1936 0.0747 0.0639 0.0549 0.0670 0.0645 0.1503 0.0754 0.0780 0.0737 0.1039 
        H656  2 0.0476 0.0537 0.0474 0.0425 0.0576 0.0830 0.0531 0.0498 0.3655 0.0557 0.1441 
        H666  2 0.0730 0.0724 0.0679 0.0656 0.0510 0.0500 0.0655 0.0994 0.3031 0.0623 0.0899 
        H667  2 0.0934 0.0716 0.0758 0.0666 0.2911 0.0748 0.0603 0.0743 0.0557 0.0683 0.0682 
        H677  2 0.1067 0.0841 0.0927 0.0474 0.1749 0.0635 0.0976 0.0869 0.0703 0.0828 0.0931 
        H693  2 0.0580 0.0584 0.0639 0.0612 0.0755 0.3103 0.0531 0.0725 0.1103 0.0575 0.0793 
        H694  2 0.0794 0.1131 0.0668 0.0556 0.0548 0.2166 0.0980 0.0769 0.0637 0.0781 0.0971 
        H701  2 0.0996 0.1029 0.0695 0.0809 0.0790 0.0847 0.1222 0.1049 0.0601 0.0940 0.1022 
        H702  2 0.0988 0.0857 0.0950 0.1477 0.0893 0.0705 0.0985 0.0755 0.0660 0.0826 0.0905 
        H731  2 0.0824 0.0794 0.0681 0.0612 0.1208 0.0823 0.0910 0.1214 0.1133 0.0763 0.1038 
       H7359  2 0.1395 0.1010 0.0734 0.0617 0.0697 0.0537 0.1359 0.0671 0.0725 0.0948 0.1308 
       H7389  2 0.0827 0.1004 0.1139 0.0881 0.0961 0.0560 0.1293 0.0719 0.0648 0.1000 0.0969 
       H7390  2 0.1501 0.0806 0.0817 0.0907 0.1055 0.0549 0.0865 0.0710 0.0809 0.0871 0.1110 
       H7391  2 0.0788 0.0628 0.1750 0.0679 0.1310 0.1235 0.0682 0.0842 0.0690 0.0734 0.0661 
       H7392  2 0.1081 0.1084 0.0920 0.0583 0.0688 0.0735 0.0840 0.0955 0.0720 0.1119 0.1276 
       H7393  2 0.0906 0.0816 0.0892 0.1193 0.1028 0.0550 0.0905 0.0730 0.1048 0.0810 0.1121 
       H7398  2 0.0608 0.0750 0.0905 0.0745 0.0743 0.1493 0.0769 0.1681 0.0644 0.0737 0.0923 
       H7399  2 0.0949 0.0844 0.0645 0.0557 0.2071 0.0815 0.0830 0.1165 0.0503 0.0862 0.0760 
       H7400  2 0.0533 0.0535 0.0533 0.0461 0.0503 0.0488 0.0522 0.0533 0.4185 0.0511 0.1196 
        H745  2 0.0649 0.1389 0.0590 0.1587 0.0526 0.0567 0.0914 0.0703 0.0528 0.1682 0.0866 
        H746  2 0.0967 0.0705 0.0568 0.0588 0.3118 0.0675 0.0633 0.0800 0.0524 0.0811 0.0612 
        H747  2 0.1106 0.0746 0.0824 0.0794 0.0845 0.0575 0.1317 0.0966 0.1159 0.0749 0.0919 
        H748  2 0.0959 0.0969 0.0944 0.0933 0.1214 0.0604 0.1133 0.0814 0.0717 0.0944 0.0771 
       H7484  2 0.0647 0.0746 0.0757 0.0564 0.0554 0.0982 0.0756 0.0546 0.2574 0.0644 0.1228 
       H7485  2 0.0581 0.0643 0.0473 0.3856 0.0565 0.0599 0.0661 0.0703 0.0594 0.0643 0.0681 
        H749  2 0.1203 0.0932 0.0632 0.1113 0.1720 0.0571 0.0737 0.0804 0.0558 0.1011 0.0719 
        H930  2 0.0874 0.0956 0.1167 0.1049 0.0811 0.0703 0.1364 0.0834 0.0566 0.1048 0.0629 
        H931  2 0.0975 0.1017 0.0882 0.0757 0.0717 0.0980 0.0823 0.0866 0.0785 0.1010 0.1189 
        H932  2 0.1011 0.0898 0.1711 0.0752 0.1010 0.0552 0.0846 0.0847 0.0660 0.0985 0.0727 
        H002  4 0.0764 0.1097 0.0534 0.0722 0.0638 0.0692 0.0786 0.0624 0.2066 0.1077 0.1002 
        H003  4 0.1058 0.0810 0.0605 0.0516 0.2847 0.0829 0.0689 0.0728 0.0566 0.0749 0.0603 
        H009  4 0.1067 0.1136 0.0693 0.1291 0.0703 0.0513 0.1242 0.0798 0.0523 0.1056 0.0979 
        H010  4 0.1194 0.1056 0.1349 0.0570 0.0841 0.0692 0.1026 0.0885 0.0691 0.0912 0.0786 
        H011  4 0.0585 0.0615 0.0588 0.0692 0.0632 0.2995 0.0583 0.0532 0.1124 0.0610 0.1043 
        H012  4 0.0885 0.0842 0.0796 0.0786 0.1524 0.0852 0.0870 0.0936 0.0697 0.0856 0.0956 
        H013  4 0.0785 0.0736 0.0647 0.0773 0.1360 0.1223 0.0733 0.0809 0.1115 0.0743 0.1076 
        H014  4 0.0834 0.1182 0.0900 0.0883 0.0718 0.1360 0.0830 0.0638 0.0700 0.1079 0.0877 
        H045  4 0.0620 0.0690 0.0866 0.0809 0.0789 0.1822 0.0659 0.0866 0.1190 0.0709 0.0980 
        H046  4 0.1246 0.1045 0.0633 0.0542 0.1499 0.0884 0.0971 0.0617 0.0572 0.1158 0.0834 
        H051  4 0.0603 0.0706 0.0579 0.0639 0.0875 0.2193 0.0774 0.0694 0.1080 0.0683 0.1175 
        H052  4 0.0685 0.0992 0.0670 0.0586 0.0687 0.0943 0.0811 0.0648 0.1758 0.1009 0.1210 
        H053  4 0.1542 0.1045 0.0741 0.0641 0.0828 0.0686 0.0886 0.1065 0.0629 0.0950 0.0986 
        H056  4 0.0691 0.0844 0.0727 0.0857 0.0594 0.0764 0.0685 0.0574 0.2319 0.0803 0.1142 
        H076  4 0.0842 0.1089 0.1600 0.0597 0.0743 0.0808 0.0804 0.0669 0.0634 0.1455 0.0760 
        H151  4 0.1477 0.0960 0.0761 0.1051 0.0786 0.0577 0.0885 0.0748 0.0830 0.0999 0.0927 
        H152  4 0.0997 0.0922 0.0548 0.0501 0.0708 0.0850 0.0845 0.0669 0.1774 0.1088 0.1098 
     H171803  4 0.1075 0.0770 0.0991 0.0821 0.1741 0.0665 0.0793 0.0726 0.0644 0.0846 0.0930 
     H171804  4 0.0797 0.0819 0.1160 0.1082 0.1009 0.0803 0.0821 0.0666 0.1122 0.0842 0.0878 
     H171833  4 0.0953 0.1523 0.0562 0.0916 0.0694 0.0652 0.1215 0.0594 0.0566 0.1467 0.0859 
     H171855  4 0.0623 0.1099 0.0789 0.1671 0.0641 0.0513 0.0691 0.0572 0.1467 0.0942 0.0992 
     H171856  4 0.0855 0.0804 0.0959 0.1408 0.1227 0.0550 0.0833 0.1008 0.0655 0.0917 0.0786 
     H171857  4 0.0761 0.0854 0.1128 0.1524 0.0718 0.0747 0.0753 0.0517 0.1256 0.0837 0.0905 
     H171858  4 0.1014 0.1074 0.0968 0.0500 0.0940 0.0640 0.1010 0.0962 0.0858 0.1172 0.0863 
     H171859  4 0.0899 0.1076 0.1162 0.0706 0.0867 0.0860 0.0949 0.0767 0.0769 0.1016 0.0928 
     H171961  4 0.0825 0.0720 0.0618 0.1707 0.0730 0.1347 0.0614 0.0892 0.1048 0.0697 0.0801 
        H198  4 0.0957 0.1172 0.0728 0.0572 0.1423 0.0776 0.0950 0.0887 0.0537 0.1218 0.0779 
      H20001  4 0.0733 0.1080 0.0525 0.2576 0.0670 0.0772 0.0792 0.0555 0.0509 0.1054 0.0733 
        H403  4 0.0733 0.0926 0.1285 0.1116 0.0859 0.0701 0.0813 0.0752 0.0783 0.1090 0.0943 
        H404  4 0.1066 0.1094 0.0621 0.0833 0.1142 0.0785 0.0871 0.0909 0.0586 0.1205 0.0887 
        H405  4 0.0921 0.1112 0.0924 0.0697 0.1485 0.0747 0.0928 0.0707 0.0578 0.1273 0.0628 
        H406  4 0.0594 0.0959 0.2316 0.0973 0.0549 0.0620 0.0820 0.0520 0.1053 0.0836 0.0761 
        H407  4 0.1063 0.0891 0.1575 0.0622 0.1049 0.0570 0.1036 0.0894 0.0636 0.1006 0.0657 
        H410  4 0.0584 0.0562 0.4226 0.0522 0.0563 0.0562 0.0677 0.0501 0.0789 0.0638 0.0376 
        H411  4 0.0817 0.1035 0.0664 0.1663 0.0683 0.0674 0.0996 0.0705 0.0635 0.1146 0.0982 
        H468  4 0.1073 0.1001 0.1102 0.0918 0.0669 0.0627 0.1403 0.0510 0.0704 0.1096 0.0898 
        H476  4 0.1353 0.0917 0.0795 0.0824 0.0684 0.0531 0.1263 0.0636 0.1073 0.0927 0.0998 
        H477  4 0.1047 0.1376 0.0678 0.0590 0.1265 0.0569 0.1199 0.0626 0.0498 0.1289 0.0864 
        H478  4 0.1000 0.0765 0.0588 0.1223 0.2437 0.0794 0.0671 0.0682 0.0560 0.0680 0.0600 
        H479  4 0.0812 0.0948 0.0569 0.0616 0.1058 0.1101 0.0715 0.0857 0.1479 0.0842 0.1002 
        H480  4 0.0845 0.1273 0.0876 0.0860 0.0914 0.0491 0.1198 0.0867 0.0609 0.1205 0.0861 
        H498  4 0.0851 0.0948 0.0773 0.0696 0.1281 0.1060 0.0905 0.0784 0.0848 0.0985 0.0870 
        H499  4 0.0954 0.1033 0.0614 0.1245 0.1055 0.0905 0.0777 0.0834 0.0750 0.0989 0.0844 
        H500  4 0.1259 0.0876 0.0652 0.0781 0.1015 0.0616 0.1010 0.0753 0.1239 0.0758 0.1040 
        H515  4 0.0900 0.0899 0.0841 0.1084 0.1017 0.0591 0.0938 0.0911 0.1046 0.0954 0.0818 
        H516  4 0.1186 0.1199 0.0712 0.0719 0.0658 0.0544 0.1349 0.0847 0.0752 0.1111 0.0923 
        H517  4 0.0668 0.0748 0.3039 0.0576 0.0732 0.0529 0.1080 0.0614 0.0752 0.0726 0.0537 
        H518  4 0.0970 0.1005 0.0844 0.0661 0.0617 0.0906 0.1133 0.0650 0.1171 0.0956 0.1086 
        H520  4 0.0901 0.1103 0.1077 0.0948 0.0716 0.0633 0.1199 0.0693 0.0916 0.0902 0.0911 
        H521  4 0.0729 0.0866 0.0912 0.0897 0.0903 0.1848 0.0689 0.0794 0.0560 0.0893 0.0910 
        H522  4 0.1304 0.0960 0.0795 0.0873 0.0943 0.0658 0.1181 0.0834 0.0599 0.0876 0.0977 
        H523  4 0.1054 0.0896 0.0762 0.0723 0.0818 0.0582 0.1062 0.1378 0.0837 0.0948 0.0942 
        H536  4 0.1131 0.1176 0.0699 0.0593 0.1345 0.1010 0.0750 0.0710 0.0686 0.1167 0.0733 
        H645  4 0.1076 0.0763 0.0837 0.0673 0.1503 0.1215 0.0692 0.0689 0.1034 0.0710 0.0809 
        H646  4 0.1080 0.0926 0.0977 0.0539 0.0698 0.0579 0.0992 0.1798 0.0532 0.1028 0.0851 
        H647  4 0.1070 0.1233 0.0701 0.0815 0.0773 0.0522 0.1112 0.0764 0.0661 0.1036 0.1314 
        H657  4 0.0935 0.0830 0.2001 0.0597 0.1112 0.0572 0.1033 0.0652 0.0664 0.0914 0.0690 
        H658  4 0.1715 0.0788 0.0731 0.0565 0.0790 0.0606 0.1408 0.0984 0.0589 0.0841 0.0984 
        H659  4 0.1019 0.0726 0.0657 0.2427 0.0805 0.0509 0.0616 0.0848 0.0960 0.0682 0.0753 
        H660  4 0.0822 0.0968 0.0588 0.1178 0.0660 0.1280 0.0898 0.0741 0.0756 0.1024 0.1085 
        H661  4 0.0856 0.0918 0.0635 0.2333 0.0636 0.0634 0.0738 0.0810 0.0640 0.0887 0.0914 
        H668  4 0.1109 0.0978 0.0826 0.0684 0.1605 0.0823 0.0886 0.0831 0.0604 0.0867 0.0788 
        H669  4 0.0842 0.0796 0.0825 0.0932 0.0790 0.0843 0.0831 0.1530 0.0823 0.0967 0.0820 
        H670  4 0.0799 0.0796 0.0741 0.0527 0.2010 0.1196 0.0675 0.0704 0.1036 0.0758 0.0758 
        H678  4 0.0737 0.0676 0.0635 0.3364 0.0708 0.0550 0.0717 0.0830 0.0547 0.0695 0.0540 
        H679  4 0.1047 0.1029 0.0867 0.0824 0.0731 0.0715 0.1305 0.0992 0.0706 0.0943 0.0842 
        H680  4 0.0661 0.0802 0.0941 0.2763 0.0642 0.0580 0.0801 0.0543 0.0700 0.0914 0.0652 
        H681  4 0.1081 0.0874 0.0644 0.0621 0.1368 0.0663 0.0802 0.0940 0.1180 0.0787 0.1041 
        H682  4 0.0927 0.0871 0.1313 0.0917 0.1397 0.0672 0.1084 0.0823 0.0586 0.0801 0.0609 
        H683  4 0.0727 0.0975 0.0579 0.0661 0.0592 0.0527 0.0962 0.0877 0.1426 0.1105 0.1568 
        H718  4 0.0553 0.0605 0.0723 0.0556 0.0554 0.0599 0.0539 0.0777 0.3465 0.0597 0.1031 
        H719  4 0.0523 0.0519 0.0585 0.0643 0.0561 0.4022 0.0555 0.0552 0.0674 0.0531 0.0836 
        H720  4 0.0607 0.0676 0.0468 0.2786 0.0579 0.1292 0.0637 0.0504 0.0898 0.0688 0.0867 
        H721  4 0.0767 0.1498 0.0715 0.0618 0.0883 0.0867 0.0853 0.0556 0.0842 0.1348 0.1053 
        H722  4 0.0605 0.1135 0.0532 0.1526 0.0585 0.0570 0.0775 0.0701 0.1520 0.1070 0.0980 
        H723  4 0.0712 0.0750 0.1111 0.0755 0.1135 0.0719 0.0690 0.0735 0.1681 0.0627 0.1086 
        H724  4 0.0866 0.0675 0.1349 0.0745 0.0667 0.0828 0.0786 0.0745 0.1742 0.0735 0.0862 
        H725  4 0.0727 0.0848 0.0870 0.0693 0.0609 0.0909 0.0837 0.0579 0.2105 0.0789 0.1034 
        H726  4 0.0971 0.0899 0.0739 0.0818 0.0686 0.0626 0.0840 0.0748 0.1800 0.0828 0.1044 
        H727  4 0.0912 0.0807 0.1226 0.0747 0.0816 0.1356 0.0815 0.0852 0.0855 0.0793 0.0821 
        H910  4 0.0908 0.0782 0.0998 0.0915 0.0929 0.1150 0.0999 0.0800 0.0918 0.0730 0.0872 
        H911  4 0.0697 0.0807 0.2823 0.0601 0.0637 0.0801 0.0816 0.0601 0.0852 0.0742 0.0623 
        H912  4 0.0838 0.1018 0.1046 0.1323 0.0693 0.0607 0.0951 0.0651 0.0922 0.1015 0.0936 
        H913  4 0.1703 0.0803 0.0675 0.0554 0.0833 0.0617 0.1009 0.1394 0.0585 0.0738 0.1089 
        H914  4 0.1151 0.0686 0.0817 0.1037 0.1411 0.0646 0.0737 0.1117 0.0825 0.0753 0.0819 
        H915  4 0.0863 0.0988 0.1197 0.1238 0.0891 0.0622 0.1068 0.0743 0.0665 0.0947 0.0778 
        H916  4 0.0847 0.0999 0.0740 0.1719 0.0849 0.0512 0.1277 0.0759 0.0639 0.0980 0.0679 
       H9572  4 0.0622 0.0723 0.1195 0.1777 0.0673 0.1497 0.0641 0.0629 0.0734 0.0806 0.0703 
        H015  5 0.0599 0.0787 0.0741 0.0939 0.0552 0.2869 0.0763 0.0588 0.0570 0.0744 0.0847 
        H016  5 0.0970 0.1429 0.0680 0.0548 0.0702 0.0729 0.0936 0.0991 0.0611 0.1394 0.1010 
        H017  5 0.0855 0.1067 0.0622 0.1470 0.0892 0.0561 0.1039 0.0888 0.0543 0.1246 0.0817 
        H019  5 0.0739 0.1032 0.0580 0.0700 0.0687 0.1431 0.0978 0.0764 0.0875 0.0985 0.1229 
        H020  5 0.0809 0.0834 0.0666 0.0781 0.0803 0.1117 0.0741 0.1869 0.0743 0.0905 0.0733 
        H032  5 0.0893 0.1002 0.1298 0.0680 0.0869 0.0584 0.1094 0.0680 0.1072 0.1015 0.0812 
        H033  5 0.1018 0.0824 0.0672 0.0695 0.1021 0.1362 0.1106 0.0942 0.0576 0.0791 0.0993 
        H034  5 0.1081 0.0873 0.1234 0.0723 0.0834 0.0975 0.0761 0.0793 0.1095 0.0848 0.0781 
        H035  5 0.0961 0.1121 0.0846 0.0939 0.0907 0.0536 0.1080 0.0984 0.0621 0.1088 0.0917 
        H036  5 0.0826 0.0767 0.0821 0.0878 0.0713 0.2337 0.0969 0.0692 0.0552 0.0761 0.0684 
        H037  5 0.1328 0.0799 0.0633 0.0772 0.1148 0.0701 0.1067 0.1125 0.0577 0.0772 0.1078 
        H048  5 0.0734 0.0745 0.1483 0.0746 0.0794 0.0961 0.0698 0.0556 0.1463 0.0733 0.1089 
        H049  5 0.0774 0.0932 0.0579 0.0590 0.0693 0.2490 0.0902 0.0591 0.0649 0.0912 0.0888 
        H054  5 0.0795 0.1144 0.1441 0.0675 0.0781 0.0836 0.0780 0.0718 0.0798 0.1315 0.0717 
        H055  5 0.1050 0.1014 0.0779 0.0633 0.1075 0.0910 0.0806 0.0777 0.0718 0.0897 0.1342 
        H057  5 0.1095 0.1343 0.0546 0.0636 0.0666 0.0579 0.1012 0.0594 0.0704 0.1964 0.0860 
        H060  5 0.0883 0.1170 0.0675 0.0542 0.1088 0.0566 0.0911 0.1017 0.0892 0.1110 0.1146 
        H061  5 0.0944 0.0920 0.1058 0.0595 0.1854 0.0693 0.0858 0.0611 0.0702 0.0793 0.0973 
        H064  5 0.0693 0.1001 0.0665 0.0704 0.0886 0.0996 0.0865 0.0667 0.1321 0.0981 0.1222 
        H070  5 0.0810 0.0737 0.0747 0.0767 0.1381 0.0847 0.0814 0.1084 0.0993 0.0715 0.1105 
        H077  5 0.0649 0.0712 0.0696 0.0752 0.0708 0.0650 0.0624 0.0586 0.2891 0.0659 0.1072 
        H078  5 0.1291 0.1176 0.0710 0.0926 0.0630 0.0532 0.1189 0.0768 0.0677 0.1145 0.0956 
        H079  5 0.0884 0.0809 0.0602 0.0575 0.1266 0.0712 0.0774 0.2177 0.0521 0.0795 0.0884 
        H097  5 0.0973 0.1126 0.0710 0.0515 0.0581 0.0525 0.1503 0.0659 0.0957 0.1175 0.1276 
        H107  5 0.1054 0.0728 0.0701 0.0600 0.0918 0.1859 0.0630 0.0736 0.1188 0.0672 0.0913 
        H122  5 0.0975 0.1054 0.0848 0.0723 0.0947 0.0525 0.1070 0.0785 0.0605 0.1098 0.1370 
        H123  5 0.0811 0.0928 0.1925 0.0586 0.0883 0.0687 0.0952 0.0975 0.0569 0.1008 0.0677 
        H124  5 0.0988 0.0956 0.1934 0.0531 0.0759 0.0579 0.0932 0.1010 0.0633 0.0908 0.0768 
        H131  5 0.0812 0.0901 0.1072 0.0616 0.0747 0.1002 0.0840 0.1976 0.0580 0.0823 0.0631 
        H132  5 0.0838 0.0975 0.1123 0.0637 0.0806 0.1283 0.0776 0.0794 0.0904 0.0957 0.0909 
        H141  5 0.0995 0.1004 0.1097 0.0979 0.1302 0.0820 0.0861 0.0640 0.0722 0.0823 0.0759 
        H142  5 0.1046 0.0967 0.0669 0.0565 0.1442 0.0907 0.1285 0.0768 0.0573 0.0862 0.0914 
        H157  5 0.1000 0.0946 0.0936 0.0670 0.0798 0.1242 0.0772 0.0707 0.0886 0.0906 0.1137 
        H158  5 0.0893 0.1414 0.0711 0.0618 0.0671 0.0790 0.1072 0.0997 0.0579 0.1600 0.0657 
        H159  5 0.0725 0.1030 0.1424 0.0652 0.1022 0.1043 0.0951 0.0582 0.0726 0.0984 0.0861 
        H160  5 0.0848 0.0895 0.1654 0.0600 0.1059 0.0736 0.0959 0.0730 0.0703 0.0911 0.0904 
        H163  5 0.0859 0.1008 0.0966 0.0766 0.0786 0.1221 0.1093 0.0751 0.0656 0.1055 0.0838 
        H164  5 0.0772 0.0827 0.0642 0.0949 0.1564 0.0730 0.0913 0.0851 0.0702 0.0842 0.1208 
        H165  5 0.0928 0.0740 0.0995 0.0841 0.1219 0.0871 0.0650 0.1897 0.0572 0.0826 0.0461 
        H166  5 0.0636 0.0655 0.0623 0.0619 0.0664 0.3235 0.0666 0.0901 0.0511 0.0625 0.0865 
        H169  5 0.1107 0.0995 0.0694 0.0584 0.1519 0.1043 0.0989 0.0796 0.0562 0.0849 0.0863 
     H169613  5 0.0953 0.0756 0.0569 0.0462 0.1079 0.0677 0.1524 0.1069 0.0893 0.0817 0.1201 
     H169653  5 0.0682 0.0696 0.0718 0.0532 0.0903 0.3012 0.0728 0.0651 0.0591 0.0734 0.0752 
     H169728  5 0.0933 0.1032 0.0790 0.1045 0.0836 0.0769 0.1313 0.0630 0.0612 0.1206 0.0834 
     H169742  5 0.1549 0.0841 0.0552 0.0638 0.1471 0.1109 0.0752 0.0910 0.0705 0.0758 0.0715 
        H170  5 0.0998 0.1316 0.0817 0.0621 0.0540 0.0679 0.1216 0.0494 0.0775 0.1431 0.1112 
        H171  5 0.0858 0.1478 0.0576 0.0950 0.0674 0.0760 0.0952 0.0749 0.0581 0.1324 0.1098 
     H171851  5 0.1008 0.1198 0.0671 0.0647 0.0706 0.0848 0.0969 0.0988 0.0735 0.1060 0.1170 
     H171852  5 0.1010 0.1139 0.0670 0.0716 0.0642 0.0561 0.1058 0.0739 0.1426 0.0949 0.1091 
     H171853  5 0.0717 0.0805 0.1902 0.0932 0.0782 0.1186 0.0702 0.0708 0.0796 0.0778 0.0691 
     H171854  5 0.0762 0.1005 0.0716 0.1899 0.0625 0.0569 0.1181 0.0550 0.0895 0.0961 0.0836 
     H171938  5 0.1260 0.0782 0.0821 0.0591 0.1773 0.1027 0.0787 0.0689 0.0768 0.0788 0.0715 
     H171939  5 0.0688 0.0980 0.0740 0.0674 0.0790 0.0712 0.0874 0.1542 0.0616 0.1175 0.1208 
     H171941  5 0.0666 0.0682 0.0734 0.0549 0.0666 0.2613 0.0602 0.0852 0.0841 0.0662 0.1134 
     H171965  5 0.0866 0.1177 0.0596 0.0533 0.1071 0.0739 0.1083 0.0684 0.0608 0.1339 0.1305 
     H171970  5 0.0638 0.0618 0.0728 0.0721 0.0548 0.2553 0.0545 0.0526 0.1437 0.0570 0.1117 
     H171973  5 0.1213 0.1067 0.0959 0.0742 0.1213 0.0784 0.0943 0.0737 0.0575 0.0892 0.0874 
     H171974  5 0.1045 0.0848 0.1030 0.1033 0.1095 0.0771 0.0777 0.0956 0.0686 0.0797 0.0961 
     H171975  5 0.0586 0.0681 0.0904 0.0803 0.0617 0.2783 0.0572 0.0579 0.0824 0.0671 0.0981 
     H171976  5 0.0887 0.1238 0.0684 0.0602 0.0649 0.0555 0.0996 0.0499 0.1592 0.1283 0.1014 
        H175  5 0.1375 0.0938 0.0824 0.0666 0.0748 0.0800 0.1099 0.0868 0.0861 0.0823 0.0998 
        H178  5 0.0781 0.0700 0.0662 0.0463 0.0883 0.2168 0.0741 0.0854 0.0830 0.0862 0.1056 
        H189  5 0.0903 0.0782 0.0903 0.0657 0.1182 0.0780 0.0840 0.1869 0.0588 0.0859 0.0638 
        H399  5 0.0736 0.1496 0.1985 0.0613 0.0617 0.0465 0.0945 0.0472 0.0709 0.1279 0.0684 
        H416  5 0.0898 0.0834 0.0843 0.1082 0.1265 0.0684 0.0824 0.0973 0.0895 0.0895 0.0806 
        H438  5 0.0830 0.0809 0.1299 0.1178 0.0926 0.1119 0.0781 0.0898 0.0695 0.0794 0.0670 
        H450  5 0.0746 0.0989 0.0581 0.0878 0.1092 0.0666 0.0721 0.0924 0.1235 0.0995 0.1174 
        H455  5 0.0574 0.0527 0.0600 0.0641 0.0590 0.2811 0.0522 0.0632 0.1311 0.0529 0.1265 
        H456  5 0.1154 0.0788 0.0853 0.0591 0.1938 0.0888 0.0790 0.0647 0.0678 0.0841 0.0832 
        H457  5 0.0803 0.1075 0.0634 0.0657 0.0662 0.0677 0.0841 0.0528 0.1780 0.1033 0.1310 
        H458  5 0.1014 0.0936 0.0899 0.0587 0.1209 0.0959 0.0831 0.0863 0.0682 0.0997 0.1024 
        H459  5 0.1477 0.0842 0.0709 0.0484 0.0889 0.0774 0.1289 0.0879 0.0521 0.0961 0.1176 
        H460  5 0.1121 0.0839 0.0640 0.1077 0.1615 0.0565 0.0839 0.0974 0.0769 0.0878 0.0683 
        H461  5 0.0954 0.1457 0.0614 0.0669 0.0675 0.0531 0.1229 0.0618 0.0788 0.1510 0.0955 
        H462  5 0.0948 0.0876 0.0782 0.0706 0.0740 0.1507 0.1355 0.0870 0.0584 0.0797 0.0834 
        H469  5 0.0708 0.0886 0.0907 0.0967 0.0710 0.1379 0.0890 0.1306 0.0662 0.0813 0.0773 
        H470  5 0.0787 0.0867 0.0875 0.1806 0.0752 0.0975 0.0822 0.0668 0.0707 0.0955 0.0786 
        H471  5 0.1040 0.1009 0.0757 0.0791 0.0643 0.0425 0.1423 0.0848 0.0646 0.1317 0.1100 
        H481  5 0.0994 0.0716 0.0676 0.0643 0.0769 0.0619 0.0774 0.0948 0.2136 0.0730 0.0995 
        H482  5 0.0901 0.0973 0.0800 0.0879 0.0885 0.0525 0.0974 0.0618 0.1319 0.1065 0.1061 
        H501  5 0.1272 0.0854 0.0775 0.0946 0.0749 0.0770 0.1008 0.0828 0.0816 0.0943 0.1040 
        H502  5 0.0913 0.1209 0.0609 0.0599 0.0889 0.0766 0.1233 0.0936 0.0594 0.1282 0.0970 
        H503  5 0.0692 0.0896 0.0967 0.0893 0.0928 0.2068 0.0894 0.0534 0.0629 0.0836 0.0663 
        H509  5 0.0665 0.0646 0.2134 0.0721 0.0674 0.1666 0.0654 0.0538 0.0839 0.0638 0.0825 
        H510  5 0.0666 0.0939 0.0534 0.0580 0.0782 0.2375 0.0784 0.0596 0.0690 0.0942 0.1111 
        H511  5 0.0900 0.1119 0.0705 0.0591 0.1333 0.0679 0.1034 0.0930 0.0692 0.1045 0.0971 
        H530  5 0.1052 0.0826 0.1167 0.0758 0.0882 0.0824 0.0875 0.0946 0.0851 0.0965 0.0854 
        H531  5 0.1211 0.0886 0.0681 0.1011 0.0705 0.0496 0.0875 0.0724 0.0898 0.1034 0.1479 
        H564  5 0.1035 0.1046 0.0512 0.0913 0.0791 0.0643 0.0971 0.0756 0.1204 0.1014 0.1116 
        H565  5 0.0929 0.0737 0.0601 0.1149 0.0789 0.0935 0.0658 0.0867 0.1691 0.0701 0.0944 
        H567  5 0.0743 0.0715 0.0929 0.0598 0.0809 0.0720 0.1022 0.2463 0.0585 0.0829 0.0586 
     H568???  5 0.1124 0.1305 0.0587 0.0905 0.0678 0.0597 0.1343 0.0570 0.0632 0.1409 0.0850 
        H608  5 0.0897 0.0919 0.0708 0.0709 0.1080 0.0573 0.0927 0.0951 0.1254 0.0854 0.1127 
        H609  5 0.0710 0.0761 0.0744 0.0633 0.0823 0.2263 0.0690 0.1250 0.0558 0.0724 0.0843 
        H612  5 0.1186 0.0676 0.0764 0.1195 0.1230 0.0675 0.0651 0.0768 0.1443 0.0640 0.0772 
        H614  5 0.1284 0.0985 0.0658 0.1138 0.0638 0.0502 0.1038 0.0819 0.1245 0.0955 0.0738 
        H615  5 0.1280 0.0907 0.0642 0.0696 0.0686 0.0524 0.1331 0.0647 0.1260 0.0913 0.1115 
        H616  5 0.0743 0.0700 0.0687 0.0624 0.0746 0.0894 0.0627 0.0925 0.2578 0.0630 0.0846 
        H617  5 0.1000 0.0839 0.1209 0.0599 0.1417 0.1011 0.0978 0.0746 0.0573 0.0870 0.0758 
        H618  5 0.0713 0.0804 0.0865 0.1153 0.0701 0.1107 0.0776 0.0519 0.1625 0.0731 0.1005 
        H619  5 0.0903 0.0738 0.0477 0.0501 0.2203 0.1222 0.0671 0.1100 0.0638 0.0733 0.0814 
        H635  5 0.0849 0.0848 0.0927 0.0631 0.0713 0.1429 0.1007 0.0729 0.0907 0.0854 0.1106 
        H636  5 0.1157 0.0772 0.0674 0.0551 0.2260 0.1036 0.0765 0.0737 0.0632 0.0689 0.0727 
        H637  5 0.0912 0.0850 0.0547 0.0640 0.0847 0.0891 0.0726 0.1029 0.1614 0.0853 0.1090 
        H644  5 0.0724 0.1206 0.0811 0.0545 0.0554 0.0903 0.1015 0.1771 0.0569 0.1261 0.0641 
        H711  5 0.1092 0.1479 0.0672 0.0611 0.0773 0.0470 0.1154 0.0922 0.0655 0.1285 0.0885 
        H712  5 0.0866 0.0729 0.0615 0.0543 0.0982 0.1491 0.0629 0.1396 0.0801 0.0703 0.1246 
       H7360  5 0.0932 0.1137 0.0630 0.0803 0.0785 0.0924 0.0922 0.0678 0.0690 0.1227 0.1273 
       H7361  5 0.0846 0.0907 0.0762 0.0921 0.0715 0.0981 0.0796 0.0629 0.1439 0.0923 0.1081 
       H7362  5 0.0718 0.1209 0.0847 0.0532 0.0537 0.2198 0.0965 0.0724 0.0488 0.1053 0.0728 
       H7363  5 0.0900 0.1009 0.0937 0.0736 0.0939 0.0914 0.0966 0.0721 0.0857 0.1064 0.0957 
       H7394  5 0.1001 0.0985 0.0685 0.0572 0.1148 0.0613 0.1673 0.0959 0.0586 0.0936 0.0842 
       H7395  5 0.0955 0.0821 0.0671 0.0677 0.1428 0.1474 0.0697 0.0722 0.0624 0.0938 0.0992 
       H7396  5 0.1509 0.0825 0.0755 0.0933 0.0842 0.0633 0.1214 0.1196 0.0566 0.0829 0.0698 
        H742  5 0.1465 0.0844 0.0594 0.0650 0.1476 0.1150 0.0745 0.0878 0.0660 0.0743 0.0795 
        H743  5 0.0847 0.0819 0.0818 0.0643 0.0696 0.0889 0.0818 0.1340 0.1108 0.0848 0.1174 
        H744  5 0.0837 0.0723 0.1300 0.0748 0.0736 0.0681 0.0863 0.0998 0.1657 0.0712 0.0746 
        H957  5 0.1254 0.1233 0.0636 0.0779 0.0813 0.0497 0.1301 0.0549 0.0681 0.1195 0.1061 
        H958  5 0.1018 0.1032 0.0788 0.0579 0.1022 0.0769 0.1409 0.0768 0.0729 0.0950 0.0936 
        H959  5 0.0860 0.0806 0.0566 0.1130 0.0756 0.1008 0.0780 0.0637 0.1511 0.0810 0.1137 
        H960  5 0.0825 0.0857 0.1407 0.0708 0.0774 0.0976 0.1013 0.0959 0.0735 0.0944 0.0802 
        H431  8 0.0866 0.0624 0.3000 0.0628 0.0634 0.0589 0.0786 0.0621 0.0921 0.0728 0.0604 
        H432  8 0.0622 0.0698 0.0508 0.0770 0.0509 0.3906 0.0573 0.0453 0.0545 0.0689 0.0725 
        H433  8 0.0849 0.0864 0.0760 0.0647 0.1129 0.1131 0.1011 0.1249 0.0675 0.0785 0.0901 
        H434  8 0.1085 0.0836 0.0647 0.0953 0.0648 0.0906 0.1010 0.1700 0.0525 0.0683 0.1007 
        H444  8 0.0587 0.0785 0.0575 0.0612 0.0880 0.2608 0.0700 0.0723 0.0684 0.0722 0.1125 
        H454  8 0.0612 0.0629 0.0626 0.0688 0.0561 0.2160 0.0636 0.0613 0.1608 0.0595 0.1272 
        H475  8 0.0642 0.0632 0.0496 0.0845 0.0810 0.0452 0.0689 0.0723 0.2978 0.0629 0.1105 
        H491  8 0.0708 0.0827 0.0520 0.1229 0.0662 0.1684 0.0652 0.0724 0.0958 0.0761 0.1275 
        H492  8 0.1302 0.0823 0.0640 0.1346 0.0748 0.0845 0.0934 0.0744 0.0886 0.0784 0.0949 
        H493  8 0.0989 0.1201 0.0875 0.0839 0.0828 0.0717 0.1128 0.0756 0.0665 0.1047 0.0955 
        H494  8 0.0931 0.0819 0.0756 0.1225 0.0779 0.1473 0.0826 0.0649 0.0842 0.0875 0.0825 
        H495  8 0.0615 0.0749 0.0533 0.2246 0.0687 0.0499 0.0674 0.0742 0.1472 0.0817 0.0967 
        H662  8 0.0944 0.1212 0.0715 0.1166 0.0769 0.0602 0.0758 0.0886 0.0540 0.1323 0.1084 
        H663  8 0.0864 0.0948 0.0834 0.1920 0.0724 0.0853 0.0727 0.0695 0.0986 0.0768 0.0682 
        H695  8 0.1127 0.0912 0.1154 0.0661 0.0807 0.0691 0.0980 0.0764 0.0968 0.0912 0.1023 
       H7367  8 0.0827 0.0827 0.0874 0.0670 0.0681 0.0560 0.0909 0.2427 0.0563 0.0874 0.0789 
       H7368  8 0.1026 0.1104 0.1089 0.0804 0.0903 0.0707 0.0867 0.0668 0.0774 0.1318 0.0741 
       H7369  8 0.0637 0.0820 0.0801 0.0770 0.1434 0.1339 0.0664 0.0696 0.0827 0.0774 0.1239 
       H7370  8 0.1097 0.0843 0.1228 0.0793 0.0770 0.0522 0.1568 0.1109 0.0544 0.0825 0.0703 
       H7371  8 0.1184 0.0890 0.0886 0.0947 0.1019 0.0837 0.1093 0.0665 0.0730 0.0855 0.0894 
     H169705 10 0.0789 0.0759 0.1049 0.0705 0.0718 0.0658 0.0971 0.2439 0.0539 0.0749 0.0626 
     H171942 10 0.0551 0.0599 0.0481 0.0770 0.0464 0.4154 0.0578 0.0504 0.0499 0.0632 0.0768 
     H171943 10 0.0937 0.0972 0.0604 0.0692 0.1440 0.0661 0.1139 0.0894 0.0536 0.0974 0.1150 
     H171944 10 0.1092 0.0962 0.0820 0.1226 0.1443 0.0557 0.0858 0.0794 0.0600 0.0879 0.0769 
     H171946 10 0.1138 0.1088 0.0754 0.1206 0.0893 0.0547 0.0812 0.0694 0.0663 0.1017 0.1189 
     H171947 10 0.0799 0.0907 0.0664 0.0855 0.0652 0.0547 0.0965 0.1973 0.0664 0.0955 0.1020 
     H229641 10 0.0794 0.0810 0.1118 0.0817 0.0684 0.0712 0.0957 0.0666 0.1487 0.0888 0.1068 
      H30001 10 0.0887 0.1037 0.0863 0.1175 0.0994 0.0897 0.0858 0.0699 0.0789 0.0988 0.0813 
      H30002 10 0.0952 0.0798 0.0603 0.0621 0.0867 0.0672 0.0886 0.2391 0.0628 0.0664 0.0917 
      H30005 10 0.0686 0.0774 0.2667 0.0685 0.0875 0.0623 0.0889 0.0657 0.0686 0.0882 0.0576 
      H30006 10 0.0599 0.0650 0.0714 0.0592 0.0653 0.0617 0.0654 0.3644 0.0570 0.0645 0.0662 
      H30007 10 0.0861 0.0873 0.0664 0.0874 0.1271 0.0612 0.0975 0.0910 0.0510 0.1221 0.1229 
        H451 10 0.0747 0.0800 0.0711 0.0815 0.0814 0.2344 0.0781 0.0859 0.0652 0.0693 0.0783 
        H452 10 0.0586 0.0654 0.3597 0.0657 0.0564 0.0481 0.0746 0.0559 0.0999 0.0644 0.0514 
        H453 10 0.1030 0.0946 0.0687 0.0646 0.0795 0.0915 0.0861 0.0653 0.1187 0.0973 0.1307 
        H473 10 0.0744 0.1024 0.0594 0.0604 0.0861 0.0776 0.0859 0.0734 0.1548 0.1166 0.1092 
        H474 10 0.1335 0.0877 0.0600 0.0830 0.0625 0.0455 0.1106 0.0642 0.1462 0.0804 0.1264 
        H486 10 0.0762 0.0706 0.0874 0.0837 0.0734 0.0664 0.0764 0.0664 0.2322 0.0703 0.0970 
        H487 10 0.1393 0.0852 0.0916 0.0602 0.0631 0.0540 0.1447 0.0717 0.1162 0.0787 0.0952 
        H488 10 0.0734 0.0846 0.0812 0.0747 0.1093 0.1429 0.0727 0.0935 0.1072 0.0742 0.0863 
        H489 10 0.1728 0.0820 0.0822 0.0768 0.0759 0.0492 0.1088 0.0719 0.0946 0.0776 0.1080 
        H550 10 0.1134 0.1041 0.0771 0.0605 0.0801 0.0502 0.1493 0.0818 0.0520 0.0870 0.1445 
        H551 10 0.1025 0.0742 0.0965 0.1538 0.0643 0.0897 0.1030 0.0979 0.0718 0.0718 0.0746 
        H553 10 0.0970 0.0768 0.1263 0.0549 0.0576 0.0553 0.1321 0.1269 0.1222 0.0785 0.0723 
        H554 10 0.0769 0.1016 0.0609 0.1032 0.1502 0.0840 0.0830 0.0830 0.0590 0.0984 0.0998 
        H556 10 0.1094 0.0859 0.0703 0.0556 0.0657 0.0615 0.0813 0.2081 0.0561 0.0866 0.1194 
        H580 10 0.1006 0.0870 0.1026 0.1004 0.0853 0.0729 0.1209 0.0905 0.0620 0.0959 0.0820 
        H591 10 0.0751 0.0670 0.0632 0.1186 0.0604 0.0539 0.0580 0.0822 0.2596 0.0638 0.0981 
        H592 10 0.1073 0.0821 0.1144 0.1020 0.0790 0.0613 0.1076 0.0708 0.0911 0.0843 0.1002 
        H593 10 0.0854 0.1113 0.0579 0.1088 0.1159 0.0620 0.0988 0.0700 0.0826 0.1000 0.1074 
        H594 10 0.0818 0.1248 0.1042 0.0762 0.0700 0.0719 0.0987 0.1066 0.0528 0.1233 0.0900 
        H627 10 0.1436 0.0898 0.0581 0.0732 0.0645 0.0532 0.1543 0.0585 0.0756 0.0965 0.1329 
        H628 10 0.0884 0.0810 0.1642 0.0502 0.1189 0.1040 0.0787 0.0792 0.0577 0.1047 0.0729 
