        H008  2 0.2393 0.2583 0.3281 0.1742 
        H021  2 0.2255 0.2177 0.3248 0.2320 
        H023  2 0.1825 0.1611 0.3103 0.3462 
        H024  2 0.3048 0.4150 0.1438 0.1364 
        H025  2 0.2614 0.2187 0.1438 0.3762 
        H026  2 0.3875 0.3566 0.1384 0.1175 
        H027  2 0.2206 0.2721 0.3546 0.1527 
        H028  2 0.3011 0.3046 0.2183 0.1760 
        H029  2 0.2911 0.3176 0.2556 0.1357 
        H030  2 0.3331 0.3827 0.1655 0.1188 
        H038  2 0.1925 0.1779 0.3222 0.3075 
        H039  2 0.1313 0.1337 0.0985 0.6366 
        H040  2 0.2680 0.2455 0.2207 0.2658 
        H041  2 0.2032 0.2493 0.3441 0.2034 
        H042  2 0.2100 0.2241 0.2879 0.2780 
        H043  2 0.2000 0.1692 0.1384 0.4924 
        H044  2 0.3281 0.3104 0.1791 0.1824 
        H047  2 0.2953 0.2450 0.1221 0.3377 
        H050  2 0.3079 0.4462 0.1333 0.1126 
        H058  2 0.2790 0.2343 0.1809 0.3057 
        H062  2 0.1866 0.1644 0.3179 0.3312 
        H063  2 0.1789 0.1961 0.1968 0.4283 
        H065  2 0.3108 0.1970 0.2148 0.2774 
        H066  2 0.3459 0.3738 0.1294 0.1510 
        H067  2 0.2147 0.2135 0.4232 0.1486 
        H068  2 0.2207 0.2019 0.1489 0.4285 
        H069  2 0.3417 0.2784 0.1596 0.2204 
        H071  2 0.1914 0.1863 0.3271 0.2952 
        H072  2 0.1625 0.1703 0.1702 0.4970 
        H073  2 0.2589 0.2076 0.3897 0.1438 
        H081  2 0.1572 0.1641 0.4221 0.2566 
        H082  2 0.3179 0.3320 0.1729 0.1772 
        H083  2 0.3202 0.2585 0.2259 0.1954 
        H084  2 0.2694 0.3047 0.1977 0.2283 
        H085  2 0.1854 0.2159 0.3813 0.2174 
        H087  2 0.1572 0.1814 0.4760 0.1853 
        H088  2 0.1863 0.1986 0.2671 0.3480 
        H089  2 0.2131 0.2115 0.3624 0.2131 
        H090  2 0.2574 0.3953 0.1924 0.1549 
        H091  2 0.2440 0.3122 0.3245 0.1193 
        H098  2 0.2676 0.3103 0.2186 0.2034 
      H10001  2 0.1330 0.1361 0.1488 0.5821 
      H10002  2 0.1715 0.1808 0.3406 0.3071 
        H101  2 0.3120 0.4478 0.1115 0.1288 
        H108  2 0.1448 0.1309 0.3550 0.3694 
        H109  2 0.2835 0.3219 0.1305 0.2641 
        H110  2 0.1595 0.1795 0.5303 0.1307 
        H116  2 0.3174 0.3023 0.2107 0.1695 
        H117  2 0.2117 0.3678 0.2991 0.1214 
        H118  2 0.2990 0.3145 0.2563 0.1303 
        H119  2 0.1982 0.2181 0.3669 0.2168 
        H120  2 0.1182 0.1145 0.2721 0.4953 
        H121  2 0.2618 0.3293 0.2568 0.1521 
        H125  2 0.1404 0.1412 0.1705 0.5479 
        H126  2 0.3185 0.2329 0.2111 0.2375 
        H128  2 0.3474 0.4313 0.1500 0.0714 
        H129  2 0.3766 0.2837 0.2099 0.1298 
        H130  2 0.2486 0.1956 0.1338 0.4220 
        H133  2 0.1970 0.2023 0.1504 0.4502 
        H134  2 0.4524 0.2857 0.1329 0.1291 
        H135  2 0.2003 0.2054 0.3449 0.2494 
        H137  2 0.2559 0.4171 0.1625 0.1645 
        H138  2 0.3658 0.2731 0.2026 0.1585 
        H140  2 0.2489 0.3285 0.1994 0.2232 
        H146  2 0.2696 0.3699 0.1898 0.1707 
        H147  2 0.1799 0.2178 0.4466 0.1557 
        H148  2 0.2062 0.3046 0.3263 0.1628 
     H166022  2 0.2355 0.2838 0.3530 0.1278 
     H167359  2 0.2965 0.3025 0.1671 0.2340 
     H167397  2 0.3043 0.3757 0.2371 0.0829 
     H167428  2 0.3289 0.2774 0.2695 0.1242 
     H167496  2 0.1687 0.1936 0.2740 0.3637 
     H167513  2 0.2812 0.2980 0.1555 0.2653 
     H167545  2 0.3314 0.2691 0.2252 0.1743 
     H167547  2 0.3416 0.4168 0.1362 0.1053 
     H169621  2 0.2949 0.3547 0.2217 0.1286 
     H169622  2 0.3021 0.2300 0.3056 0.1623 
     H169750  2 0.2766 0.2702 0.1993 0.2539 
     H171806  2 0.2437 0.2908 0.2318 0.2337 
     H171808  2 0.2824 0.2631 0.2584 0.1961 
     H171809  2 0.1964 0.1982 0.3628 0.2426 
     H171813  2 0.2809 0.2752 0.2021 0.2417 
     H171815  2 0.1923 0.1551 0.1421 0.5105 
     H171824  2 0.1750 0.2028 0.3404 0.2818 
     H171825  2 0.2584 0.2103 0.3396 0.1918 
     H171826  2 0.2491 0.2599 0.2499 0.2411 
     H171827  2 0.2142 0.2275 0.3543 0.2041 
     H171828  2 0.1251 0.1238 0.2499 0.5011 
     H171829  2 0.3317 0.2574 0.2191 0.1918 
     H171830  2 0.2343 0.2696 0.2189 0.2773 
     H171831  2 0.3673 0.3180 0.1801 0.1346 
     H171832  2 0.3119 0.2621 0.2016 0.2244 
     H171863  2 0.4344 0.3067 0.1328 0.1261 
     H171864  2 0.2347 0.2942 0.2438 0.2273 
     H171865  2 0.2079 0.1729 0.1437 0.4755 
     H171879  2 0.2698 0.3978 0.1555 0.1770 
     H171880  2 0.2587 0.3858 0.2127 0.1428 
     H171881  2 0.2682 0.2871 0.2909 0.1538 
     H171882  2 0.1373 0.1393 0.1608 0.5626 
     H171929  2 0.2387 0.2587 0.2444 0.2583 
     H171930  2 0.3365 0.3789 0.1632 0.1214 
     H171933  2 0.2577 0.3303 0.2567 0.1552 
     H171934  2 0.2103 0.2418 0.3393 0.2086 
     H171937  2 0.3709 0.2875 0.1507 0.1909 
     H171962  2 0.2696 0.2257 0.2684 0.2363 
        H190  2 0.2528 0.2982 0.2651 0.1839 
        H191  2 0.2726 0.2651 0.2173 0.2450 
        H396  2 0.1859 0.1532 0.4417 0.2192 
        H397  2 0.2727 0.2737 0.2721 0.1815 
        H398  2 0.3074 0.2237 0.2193 0.2497 
        H400  2 0.2407 0.2310 0.2850 0.2433 
        H401  2 0.3190 0.4403 0.1402 0.1006 
        H402  2 0.2477 0.3267 0.3032 0.1225 
        H427  2 0.1806 0.1778 0.4488 0.1928 
        H428  2 0.3095 0.2830 0.2760 0.1315 
        H497  2 0.2324 0.2133 0.1523 0.4020 
        H512  2 0.2687 0.3300 0.2296 0.1717 
        H513  2 0.2839 0.2919 0.1571 0.2671 
        H514  2 0.3411 0.2279 0.2063 0.2248 
        H519  2 0.2852 0.3017 0.1632 0.2499 
        H532  2 0.2259 0.2354 0.3898 0.1489 
        H543  2 0.2332 0.2994 0.3337 0.1337 
        H544  2 0.3413 0.2379 0.1490 0.2718 
        H545  2 0.3551 0.2846 0.2016 0.1587 
        H546  2 0.2414 0.1992 0.1649 0.3945 
        H547  2 0.3401 0.4198 0.1295 0.1106 
        H548  2 0.2113 0.2436 0.3079 0.2372 
        H549  2 0.2868 0.2665 0.1915 0.2551 
        H620  2 0.1182 0.1137 0.2025 0.5656 
        H623  2 0.3202 0.3140 0.1845 0.1814 
        H624  2 0.2543 0.1855 0.1686 0.3916 
        H625  2 0.2127 0.2013 0.3660 0.2200 
        H626  2 0.2504 0.2453 0.2434 0.2609 
        H654  2 0.1295 0.1099 0.1197 0.6409 
        H655  2 0.2043 0.2174 0.2220 0.3562 
        H656  2 0.1321 0.1190 0.2688 0.4801 
        H666  2 0.1866 0.1984 0.1161 0.4989 
        H667  2 0.1889 0.1726 0.4856 0.1530 
        H677  2 0.2341 0.2462 0.3365 0.1831 
        H693  2 0.1338 0.1275 0.3700 0.3687 
        H694  2 0.3048 0.3488 0.1694 0.1769 
        H701  2 0.2720 0.3303 0.2179 0.1798 
        H702  2 0.2154 0.2432 0.3047 0.2367 
        H731  2 0.1916 0.1761 0.3444 0.2878 
       H7359  2 0.3006 0.2981 0.1693 0.2320 
       H7389  2 0.2782 0.3002 0.2466 0.1750 
       H7390  2 0.2183 0.2163 0.2081 0.3572 
       H7391  2 0.1578 0.2113 0.4666 0.1643 
       H7392  2 0.3032 0.2492 0.2206 0.2270 
       H7393  2 0.2450 0.2746 0.2012 0.2791 
       H7398  2 0.1875 0.2402 0.3705 0.2018 
       H7399  2 0.2443 0.2560 0.3722 0.1276 
       H7400  2 0.1191 0.1086 0.1269 0.6454 
        H745  2 0.4221 0.2883 0.1446 0.1451 
        H746  2 0.2257 0.1986 0.4465 0.1292 
        H747  2 0.2385 0.2743 0.2015 0.2857 
        H748  2 0.2487 0.2629 0.2528 0.2356 
       H7484  2 0.2024 0.1958 0.1982 0.4037 
       H7485  2 0.2925 0.2332 0.1894 0.2850 
        H749  2 0.2530 0.2294 0.3351 0.1825 
        H930  2 0.3011 0.3980 0.1699 0.1310 
        H931  2 0.2287 0.2238 0.2726 0.2749 
        H932  2 0.2645 0.2950 0.2421 0.1985 
        H002  4 0.2188 0.1657 0.1742 0.4412 
        H003  4 0.1835 0.1661 0.5309 0.1194 
        H009  4 0.3700 0.2899 0.1646 0.1754 
        H010  4 0.2643 0.2962 0.2702 0.1692 
        H011  4 0.1556 0.1333 0.2902 0.4210 
        H012  4 0.2048 0.2455 0.3801 0.1696 
        H013  4 0.1502 0.1380 0.3991 0.3127 
        H014  4 0.2788 0.2699 0.2551 0.1962 
        H045  4 0.1768 0.1988 0.3080 0.3164 
        H046  4 0.2846 0.1948 0.3877 0.1329 
        H051  4 0.1528 0.1551 0.3639 0.3282 
        H052  4 0.2780 0.2453 0.1317 0.3450 
        H053  4 0.2426 0.2514 0.2670 0.2390 
        H056  4 0.2348 0.2024 0.1635 0.3993 
        H076  4 0.3185 0.2990 0.2423 0.1402 
        H151  4 0.2182 0.1878 0.1861 0.4079 
        H152  4 0.2487 0.1824 0.1514 0.4175 
     H171803  4 0.2102 0.2086 0.3467 0.2345 
     H171804  4 0.1987 0.2184 0.3038 0.2791 
     H171833  4 0.3927 0.2685 0.1796 0.1592 
     H171855  4 0.2559 0.1883 0.1448 0.4110 
     H171856  4 0.2512 0.3014 0.2152 0.2323 
     H171857  4 0.2708 0.2151 0.1939 0.3203 
     H171858  4 0.2834 0.2684 0.2139 0.2343 
     H171859  4 0.2541 0.2602 0.2742 0.2115 
     H171961  4 0.1979 0.1758 0.2467 0.3796 
        H198  4 0.2855 0.2555 0.3484 0.1106 
      H20001  4 0.4192 0.2801 0.1451 0.1556 
        H403  4 0.2615 0.2785 0.2243 0.2357 
        H404  4 0.2450 0.2107 0.3572 0.1871 
        H405  4 0.2578 0.2460 0.3587 0.1374 
        H406  4 0.3597 0.3202 0.0946 0.2255 
        H407  4 0.2618 0.3060 0.2283 0.2039 
        H410  4 0.2718 0.4186 0.1913 0.1182 
        H411  4 0.3567 0.3047 0.1532 0.1854 
        H468  4 0.3535 0.2939 0.1577 0.1949 
        H476  4 0.2460 0.2623 0.1702 0.3215 
        H477  4 0.3891 0.2736 0.1969 0.1404 
        H478  4 0.2071 0.2060 0.4158 0.1711 
        H479  4 0.1868 0.1631 0.3168 0.3333 
        H480  4 0.3296 0.3186 0.2007 0.1511 
        H498  4 0.2313 0.2122 0.3236 0.2329 
        H499  4 0.2684 0.2168 0.2521 0.2627 
        H500  4 0.1800 0.1881 0.2615 0.3704 
        H515  4 0.2508 0.2632 0.2211 0.2649 
        H516  4 0.3131 0.3364 0.1544 0.1961 
        H517  4 0.2506 0.3773 0.2264 0.1457 
        H518  4 0.3053 0.2520 0.1362 0.3065 
        H520  4 0.2834 0.2748 0.1977 0.2441 
        H521  4 0.2447 0.2309 0.3176 0.2068 
        H522  4 0.2650 0.2489 0.2722 0.2139 
        H523  4 0.2461 0.2743 0.2248 0.2548 
        H536  4 0.2405 0.1910 0.3880 0.1805 
        H645  4 0.1439 0.1437 0.4059 0.3065 
        H646  4 0.3215 0.4222 0.1411 0.1152 
        H647  4 0.3357 0.2828 0.1862 0.1953 
        H657  4 0.2830 0.3020 0.2837 0.1313 
        H658  4 0.2504 0.3020 0.2256 0.2220 
        H659  4 0.1631 0.1525 0.2151 0.4693 
        H660  4 0.2421 0.2331 0.2143 0.3105 
        H661  4 0.2393 0.1935 0.1817 0.3855 
        H668  4 0.2466 0.2457 0.3765 0.1312 
        H669  4 0.2185 0.2689 0.2663 0.2463 
        H670  4 0.1506 0.1517 0.4281 0.2696 
        H678  4 0.2773 0.2785 0.2297 0.2145 
        H679  4 0.2774 0.3497 0.1826 0.1904 
        H680  4 0.3343 0.2695 0.1984 0.1978 
        H681  4 0.2000 0.1835 0.3283 0.2883 
        H682  4 0.2162 0.2920 0.3421 0.1496 
        H683  4 0.2820 0.2637 0.1461 0.3082 
        H718  4 0.1798 0.1866 0.1703 0.4634 
        H719  4 0.2002 0.1922 0.3260 0.2815 
        H720  4 0.2773 0.2028 0.2014 0.3185 
        H721  4 0.2969 0.2447 0.1911 0.2673 
        H722  4 0.2888 0.1925 0.1346 0.3841 
        H723  4 0.1680 0.1865 0.3012 0.3443 
        H724  4 0.2070 0.2106 0.1571 0.4253 
        H725  4 0.2063 0.2001 0.2031 0.3905 
        H726  4 0.2113 0.2210 0.1684 0.3993 
        H727  4 0.2099 0.2256 0.2774 0.2872 
        H910  4 0.1994 0.2401 0.2697 0.2907 
        H911  4 0.2804 0.3287 0.1962 0.1948 
        H912  4 0.2963 0.2867 0.1760 0.2410 
        H913  4 0.2324 0.2449 0.2698 0.2530 
        H914  4 0.1556 0.1793 0.3298 0.3354 
        H915  4 0.2621 0.2562 0.2223 0.2594 
        H916  4 0.3178 0.2944 0.1720 0.2158 
       H9572  4 0.2648 0.2937 0.2284 0.2131 
        H015  5 0.3178 0.3096 0.2131 0.1595 
        H016  5 0.3559 0.2543 0.1955 0.1943 
        H017  5 0.2810 0.2627 0.1973 0.2591 
        H019  5 0.2914 0.2521 0.2174 0.2391 
        H020  5 0.2348 0.2164 0.2251 0.3237 
        H032  5 0.2643 0.3042 0.2074 0.2240 
        H033  5 0.2327 0.2516 0.3434 0.1723 
        H034  5 0.1865 0.2151 0.2941 0.3043 
        H035  5 0.2998 0.2959 0.2282 0.1761 
        H036  5 0.3130 0.3044 0.2277 0.1549 
        H037  5 0.2138 0.1881 0.3220 0.2761 
        H048  5 0.2020 0.2005 0.2808 0.3166 
        H049  5 0.3081 0.2552 0.1999 0.2368 
        H054  5 0.2675 0.2681 0.2605 0.2039 
        H055  5 0.2310 0.1949 0.2815 0.2926 
        H057  5 0.3331 0.2121 0.1845 0.2704 
        H060  5 0.2507 0.1862 0.2448 0.3182 
        H061  5 0.2451 0.2454 0.3538 0.1558 
        H064  5 0.2180 0.1874 0.2516 0.3430 
        H070  5 0.1751 0.2018 0.3148 0.3084 
        H077  5 0.1827 0.1889 0.1640 0.4644 
        H078  5 0.2942 0.2801 0.1457 0.2800 
        H079  5 0.2234 0.2686 0.3670 0.1411 
        H097  5 0.3120 0.2829 0.1351 0.2700 
        H107  5 0.1391 0.1445 0.3492 0.3673 
        H122  5 0.2978 0.2851 0.2412 0.1759 
        H123  5 0.2917 0.3486 0.2339 0.1258 
        H124  5 0.2740 0.3021 0.2647 0.1593 
        H131  5 0.2572 0.3692 0.2372 0.1364 
        H132  5 0.2307 0.2380 0.2426 0.2887 
        H141  5 0.2430 0.2191 0.2815 0.2564 
        H142  5 0.2356 0.2245 0.3804 0.1595 
        H157  5 0.2127 0.2128 0.2833 0.2912 
        H158  5 0.3830 0.2892 0.1852 0.1427 
        H159  5 0.2819 0.2914 0.2968 0.1298 
        H160  5 0.2792 0.2974 0.2630 0.1605 
        H163  5 0.2775 0.3173 0.2330 0.1722 
        H164  5 0.2316 0.2224 0.3292 0.2167 
        H165  5 0.2390 0.2951 0.3343 0.1316 
        H166  5 0.2780 0.2588 0.2630 0.2002 
        H169  5 0.2299 0.2306 0.3807 0.1587 
     H169613  5 0.2393 0.2317 0.2819 0.2472 
     H169653  5 0.2637 0.2308 0.3579 0.1476 
     H169728  5 0.3020 0.2968 0.2110 0.1902 
     H169742  5 0.1797 0.1576 0.3879 0.2748 
        H170  5 0.3654 0.2683 0.1263 0.2400 
        H171  5 0.3362 0.2250 0.2096 0.2292 
     H171851  5 0.3255 0.2749 0.1723 0.2273 
     H171852  5 0.2596 0.2125 0.1851 0.3427 
     H171853  5 0.2156 0.2655 0.3108 0.2080 
     H171854  5 0.3229 0.2870 0.1582 0.2319 
     H171938  5 0.1633 0.1779 0.4504 0.2084 
     H171939  5 0.3389 0.2529 0.2322 0.1760 
     H171941  5 0.1696 0.1636 0.2487 0.4180 
     H171965  5 0.2854 0.2183 0.3161 0.1803 
     H171970  5 0.1668 0.1606 0.1966 0.4761 
     H171973  5 0.2316 0.2201 0.3664 0.1820 
     H171974  5 0.2220 0.2323 0.3135 0.2323 
     H171975  5 0.2026 0.2002 0.3358 0.2614 
     H171976  5 0.3623 0.2631 0.1216 0.2531 
        H175  5 0.2308 0.2376 0.2408 0.2909 
        H178  5 0.2044 0.1836 0.3182 0.2939 
        H189  5 0.2791 0.3474 0.2486 0.1249 
        H399  5 0.4032 0.2955 0.1494 0.1519 
        H416  5 0.2228 0.1980 0.2774 0.3017 
        H438  5 0.1987 0.2701 0.3520 0.1791 
        H450  5 0.1883 0.1596 0.2296 0.4225 
        H455  5 0.1327 0.1288 0.2952 0.4432 
        H456  5 0.1987 0.2024 0.4138 0.1852 
        H457  5 0.2387 0.2021 0.1655 0.3937 
        H458  5 0.1983 0.2039 0.3431 0.2547 
        H459  5 0.2617 0.2837 0.3330 0.1216 
        H460  5 0.2289 0.2230 0.2935 0.2547 
        H461  5 0.3399 0.2816 0.1552 0.2233 
        H462  5 0.2565 0.3334 0.2314 0.1787 
        H469  5 0.2856 0.3154 0.2298 0.1691 
        H470  5 0.2504 0.2670 0.2378 0.2448 
        H471  5 0.3637 0.3504 0.1643 0.1216 
        H481  5 0.1781 0.1823 0.1703 0.4693 
        H482  5 0.2437 0.2265 0.2026 0.3273 
        H501  5 0.2284 0.2214 0.2564 0.2937 
        H502  5 0.2944 0.2706 0.2759 0.1591 
        H503  5 0.3095 0.3011 0.2314 0.1579 
        H509  5 0.2167 0.2839 0.2739 0.2255 
        H510  5 0.2228 0.1940 0.2923 0.2909 
        H511  5 0.2907 0.2433 0.2758 0.1903 
        H530  5 0.2034 0.2285 0.3165 0.2516 
        H531  5 0.2819 0.2390 0.1714 0.3076 
        H564  5 0.2461 0.1804 0.2274 0.3461 
        H565  5 0.1702 0.1390 0.1813 0.5095 
        H567  5 0.2947 0.4193 0.1615 0.1244 
     H568???  5 0.3996 0.2926 0.1657 0.1422 
        H608  5 0.1897 0.1784 0.2351 0.3968 
        H609  5 0.2033 0.2027 0.4036 0.1904 
        H612  5 0.1515 0.1464 0.3079 0.3942 
        H614  5 0.2309 0.1932 0.1547 0.4212 
        H615  5 0.2395 0.1932 0.1689 0.3984 
        H616  5 0.1335 0.1377 0.2588 0.4700 
        H617  5 0.2224 0.2876 0.3729 0.1171 
        H618  5 0.1865 0.1727 0.2306 0.4103 
        H619  5 0.1630 0.1446 0.4679 0.2245 
        H635  5 0.2503 0.2722 0.2639 0.2137 
        H636  5 0.1756 0.1677 0.4966 0.1601 
        H637  5 0.1987 0.1693 0.2543 0.3777 
        H644  5 0.3909 0.3460 0.1535 0.1096 
        H711  5 0.3500 0.2537 0.1769 0.2193 
        H712  5 0.1614 0.1539 0.3978 0.2869 
       H7360  5 0.2874 0.2359 0.2384 0.2384 
       H7361  5 0.2080 0.1947 0.2185 0.3788 
       H7362  5 0.3850 0.3259 0.1848 0.1043 
       H7363  5 0.2657 0.2568 0.1723 0.3052 
       H7394  5 0.2590 0.3217 0.2664 0.1529 
       H7395  5 0.1808 0.1602 0.4186 0.2404 
       H7396  5 0.2321 0.2339 0.2764 0.2575 
        H742  5 0.1748 0.1589 0.3925 0.2737 
        H743  5 0.2524 0.2278 0.2135 0.3063 
        H744  5 0.1866 0.2298 0.1963 0.3873 
        H957  5 0.3340 0.2296 0.1901 0.2463 
        H958  5 0.2656 0.3109 0.2548 0.1687 
        H959  5 0.1503 0.1353 0.2797 0.4347 
        H960  5 0.2333 0.2741 0.2522 0.2404 
        H431  8 0.2146 0.2686 0.2198 0.2969 
        H432  8 0.3589 0.2833 0.2110 0.1467 
        H433  8 0.1901 0.2600 0.3623 0.1876 
        H434  8 0.2760 0.3097 0.2472 0.1671 
        H444  8 0.1813 0.1863 0.3793 0.2531 
        H454  8 0.1572 0.1587 0.2562 0.4279 
        H475  8 0.1546 0.1397 0.1814 0.5243 
        H491  8 0.1922 0.1616 0.2613 0.3849 
        H492  8 0.2008 0.1954 0.2171 0.3867 
        H493  8 0.3267 0.2749 0.2255 0.1729 
        H494  8 0.2191 0.2252 0.2401 0.3156 
        H495  8 0.2169 0.1564 0.1433 0.4834 
        H662  8 0.3392 0.2558 0.2115 0.1936 
        H663  8 0.2391 0.2342 0.2299 0.2968 
        H695  8 0.2151 0.2732 0.2391 0.2725 
       H7367  8 0.2701 0.4182 0.1930 0.1188 
       H7368  8 0.3128 0.2673 0.2692 0.1507 
       H7369  8 0.1883 0.1832 0.4048 0.2238 
       H7370  8 0.2948 0.4332 0.1532 0.1188 
       H7371  8 0.2211 0.2581 0.3322 0.1886 
     H169705 10 0.2750 0.4018 0.1963 0.1269 
     H171942 10 0.3385 0.2871 0.2364 0.1380 
     H171943 10 0.3047 0.2515 0.2618 0.1820 
     H171944 10 0.2104 0.2591 0.3305 0.1999 
     H171946 10 0.2686 0.2379 0.1875 0.3060 
     H171947 10 0.3075 0.3053 0.1745 0.2127 
     H229641 10 0.2398 0.2766 0.1867 0.2969 
      H30001 10 0.2084 0.2081 0.3252 0.2582 
      H30002 10 0.2290 0.2133 0.3342 0.2235 
      H30005 10 0.2630 0.3594 0.2232 0.1544 
      H30006 10 0.3055 0.3888 0.1493 0.1564 
      H30007 10 0.4001 0.2530 0.1891 0.1578 
        H451 10 0.2420 0.2674 0.3243 0.1663 
        H452 10 0.2930 0.3687 0.1500 0.1883 
        H453 10 0.2359 0.1912 0.1883 0.3846 
        H473 10 0.2589 0.1948 0.2271 0.3192 
        H474 10 0.2237 0.1964 0.1355 0.4444 
        H486 10 0.2181 0.2282 0.2467 0.3070 
        H487 10 0.2375 0.3141 0.1422 0.3061 
        H488 10 0.1773 0.1985 0.3453 0.2789 
        H489 10 0.2206 0.2644 0.1590 0.3559 
        H550 10 0.3455 0.2831 0.2240 0.1473 
        H551 10 0.2387 0.3090 0.2240 0.2283 
        H553 10 0.2519 0.3293 0.1507 0.2682 
        H554 10 0.2783 0.2379 0.2966 0.1873 
        H556 10 0.2894 0.2808 0.2289 0.2009 
        H580 10 0.2752 0.3181 0.2558 0.1509 
        H591 10 0.1419 0.1418 0.1478 0.5686 
        H592 10 0.2402 0.2872 0.2283 0.2443 
        H593 10 0.2842 0.2564 0.2378 0.2216 
        H594 10 0.3508 0.3220 0.2155 0.1118 
        H627 10 0.2977 0.2617 0.1751 0.2656 
        H628 10 0.2283 0.2568 0.3916 0.1232 
        H629 10 0.3544 0.2722 0.1338 0.2396 
        H630 10 0.2971 0.3319 0.1867 0.1843 
        H638 10 0.3188 0.3363 0.1768 0.1681 
        H639 10 0.2456 0.2588 0.1501 0.3455 
        H640 10 0.3156 0.3273 0.2079 0.1491 
        H704 10 0.3432 0.2960 0.1955 0.1654 
        H705 10 0.2663 0.4068 0.2029 0.1240 
        H706 10 0.1700 0.1880 0.3297 0.3123 
        H708 10 0.1784 0.1712 0.2183 0.4321 
       H7351 10 0.3085 0.2766 0.2345 0.1804 
       H7352 10 0.2694 0.2727 0.2380 0.2198 
       H7353 10 0.3924 0.2709 0.1830 0.1537 
       H7354 10 0.1939 0.1690 0.3184 0.3188 
       H7365 10 0.2045 0.2096 0.2521 0.3337 
       H7383 10 0.1767 0.2066 0.3250 0.2917 
       H7384 10 0.2197 0.2858 0.2405 0.2541 
       H7385 10 0.1959 0.2055 0.2598 0.3388 
       H7386 10 0.2178 0.2484 0.3595 0.1744 
       H7387 10 0.2535 0.2402 0.3329 0.1735 
       H7388 10 0.2415 0.3286 0.2225 0.2074 
        H906 10 0.2223 0.1675 0.2331 0.3771 
        H907 10 0.3098 0.3271 0.1861 0.1769 
        H908 10 0.2248 0.2402 0.3254 0.2096 
        H909 10 0.1677 0.1526 0.4102 0.2695 
       H9552 10 0.2918 0.2599 0.2513 0.1971 
       H9553 10 0.2501 0.3602 0.1882 0.2015 
       H9555 10 0.2509 0.2975 0.3034 0.1482 
       H9575 10 0.2272 0.1962 0.2308 0.3458 
       H9703 10 0.1806 0.2257 0.2301 0.3636 
       H9707 10 0.1970 0.2373 0.2018 0.3639 
       HSAA4 10 0.2621 0.3287 0.2560 0.1532 
        H001 11 0.2266 0.1910 0.3328 0.2496 
        H004 11 0.2666 0.2435 0.2313 0.2586 
        H005 11 0.1522 0.1426 0.2676 0.4376 
        H006 11 0.2242 0.2361 0.3267 0.2131 
        H007 11 0.1437 0.1325 0.2949 0.4290 
        H031 11 0.1584 0.1765 0.1970 0.4681 
        H074 11 0.2407 0.2473 0.1802 0.3318 
        H075 11 0.1536 0.1318 0.2819 0.4326 
        H080 11 0.2009 0.2251 0.2394 0.3345 
        H086 11 0.2511 0.3586 0.2001 0.1902 
        H092 11 0.2121 0.2584 0.2458 0.2837 
        H093 11 0.3280 0.2760 0.2474 0.1486 
        H094 11 0.2969 0.3129 0.2084 0.1817 
        H095 11 0.2262 0.1954 0.2625 0.3159 
        H096 11 0.1629 0.1703 0.3582 0.3087 
        H099 11 0.2334 0.2303 0.2634 0.2729 
        H100 11 0.3352 0.2389 0.2654 0.1605 
        H127 11 0.2446 0.2900 0.2175 0.2479 
        H136 11 0.1961 0.1830 0.1623 0.4585 
        H153 11 0.2793 0.2658 0.2110 0.2439 
        H154 11 0.2233 0.2359 0.2223 0.3185 
        H155 11 0.1789 0.2556 0.4566 0.1089 
        H156 11 0.2507 0.2866 0.3485 0.1143 
        H161 11 0.2806 0.2321 0.2163 0.2710 
        H162 11 0.2722 0.3757 0.2358 0.1163 
        H167 11 0.2305 0.2297 0.3674 0.1723 
        H168 11 0.2470 0.2491 0.3122 0.1917 
     H169586 11 0.3151 0.2136 0.1412 0.3300 
     H169738 11 0.2285 0.2619 0.3442 0.1654 
     H169741 11 0.2218 0.2194 0.2044 0.3544 
     H171801 11 0.3340 0.2888 0.2104 0.1668 
     H171810 11 0.1998 0.1700 0.1873 0.4429 
     H171811 11 0.2293 0.1987 0.2004 0.3716 
     H171812 11 0.1883 0.1685 0.3901 0.2530 
     H171820 11 0.2117 0.1977 0.2396 0.3510 
     H171821 11 0.2701 0.2704 0.3000 0.1595 
     H171822 11 0.2700 0.3309 0.2197 0.1793 
     H171823 11 0.2381 0.1738 0.1384 0.4496 
     H171866 11 0.3108 0.2683 0.2160 0.2050 
     H171867 11 0.2016 0.2854 0.3342 0.1788 
     H171967 11 0.1842 0.1797 0.2838 0.3524 
     H171969 11 0.2618 0.2209 0.2562 0.2610 
        H172 11 0.2436 0.2383 0.3110 0.2071 
        H173 11 0.2009 0.2749 0.3624 0.1617 
        H174 11 0.3708 0.3424 0.1771 0.1098 
        H196 11 0.2726 0.4049 0.1935 0.1290 
        H197 11 0.2668 0.2816 0.2953 0.1564 
        H346 11 0.1653 0.1612 0.3720 0.3015 
        H355 11 0.2452 0.2090 0.2679 0.2779 
        H356 11 0.2318 0.2250 0.2401 0.3031 
        H357 11 0.2165 0.2255 0.2132 0.3448 
        H358 11 0.1621 0.1730 0.4405 0.2244 
        H359 11 0.2620 0.2909 0.2373 0.2098 
        H360 11 0.2116 0.2550 0.3279 0.2055 
        H361 11 0.2128 0.2246 0.3345 0.2281 
        H362 11 0.2927 0.3525 0.2388 0.1159 
        H363 11 0.1746 0.1817 0.3053 0.3384 
        H364 11 0.2500 0.2007 0.2982 0.2511 
        H365 11 0.2824 0.2466 0.2247 0.2463 
        H366 11 0.2538 0.2842 0.3009 0.1611 
        H367 11 0.2257 0.2446 0.1995 0.3302 
        H368 11 0.3660 0.2749 0.1857 0.1734 
        H369 11 0.1531 0.1737 0.3076 0.3656 
        H370 11 0.2909 0.2688 0.2793 0.1609 
        H371 11 0.2668 0.3279 0.1809 0.2244 
        H372 11 0.2278 0.2500 0.3308 0.1914 
        H373 11 0.2327 0.2414 0.3017 0.2242 
        H374 11 0.2173 0.2024 0.2684 0.3118 
        H375 11 0.1831 0.1850 0.4040 0.2279 
        H376 11 0.3214 0.2608 0.2543 0.1635 
        H377 11 0.2299 0.2475 0.2491 0.2735 
        H378 11 0.2836 0.2468 0.2218 0.2477 
        H379 11 0.2732 0.2615 0.2582 0.2072 
        H380 11 0.2083 0.2099 0.4298 0.1520 
        H381 11 0.2493 0.2124 0.1597 0.3786 
        H382 11 0.3008 0.3193 0.2774 0.1025 
        H383 11 0.3141 0.2581 0.2749 0.1529 
        H384 11 0.2217 0.2015 0.2400 0.3368 
        H385 11 0.2291 0.2475 0.2073 0.3162 
        H386 11 0.1507 0.1622 0.5271 0.1600 
        H387 11 0.3452 0.2241 0.2060 0.2247 
        H388 11 0.2737 0.3098 0.2876 0.1289 
        H389 11 0.1650 0.1757 0.3827 0.2766 
        H390 11 0.2486 0.2591 0.3399 0.1524 
        H391 11 0.3421 0.2932 0.2211 0.1436 
        H392 11 0.1386 0.1287 0.3422 0.3905 
        H393 11 0.3247 0.2602 0.2236 0.1915 
        H394 11 0.3734 0.2890 0.1612 0.1764 
        H395 11 0.1985 0.2202 0.2541 0.3272 
        H408 11 0.1673 0.1585 0.4518 0.2224 
        H412 11 0.2844 0.2588 0.1458 0.3110 
        H417 11 0.2250 0.2376 0.2464 0.2910 
        H418 11 0.2985 0.2919 0.1675 0.2421 
        H429 11 0.1906 0.1657 0.4616 0.1820 
        H430 11 0.2499 0.2740 0.3074 0.1688 
        H439 11 0.2302 0.2658 0.2849 0.2192 
        H440 11 0.1869 0.1795 0.2552 0.3784 
        H441 11 0.2435 0.3532 0.2740 0.1293 
        H442 11 0.2563 0.2565 0.3284 0.1587 
        H446 11 0.2935 0.2693 0.2568 0.1804 
        H447 11 0.2050 0.2019 0.4577 0.1354 
        H448 11 0.2194 0.3150 0.2892 0.1764 
        H534 11 0.2096 0.1658 0.1760 0.4487 
        H537 11 0.2294 0.2032 0.2479 0.3195 
        H568 11 0.1752 0.1886 0.1124 0.5238 
        H569 11 0.3245 0.3815 0.1801 0.1138 
        H586 11 0.3148 0.2017 0.1366 0.3470 
        H587 11 0.1793 0.1633 0.2467 0.4107 
        H588 11 0.3958 0.2581 0.1719 0.1742 
        H589 11 0.1546 0.1367 0.2464 0.4623 
        H590 11 0.1886 0.1707 0.2479 0.3928 
        H601 11 0.2900 0.3139 0.2156 0.1805 
        H602 11 0.2216 0.2622 0.2067 0.3095 
        H603 11 0.1814 0.1976 0.4734 0.1476 
        H610 11 0.2386 0.3228 0.1824 0.2561 
        H611 11 0.2434 0.2424 0.1667 0.3476 
        H649 11 0.2448 0.2253 0.2701 0.2598 
        H650 11 0.3094 0.3390 0.1804 0.1712 
        H651 11 0.1934 0.2297 0.3798 0.1972 
        H652 11 0.2891 0.2697 0.2049 0.2363 
       H7364 11 0.2574 0.2648 0.3047 0.1731 
       H7366 11 0.1989 0.2687 0.2895 0.2429 
       H7378 11 0.4617 0.3306 0.1172 0.0905 
       H7379 11 0.2704 0.3176 0.2132 0.1989 
        H739 11 0.2283 0.2542 0.1644 0.3530 
        H740 11 0.3070 0.3572 0.1729 0.1630 
        H741 11 0.2150 0.2077 0.2192 0.3580 
        H926 11 0.3121 0.3272 0.1725 0.1882 
        H927 11 0.2438 0.3630 0.2501 0.1431 
        H928 11 0.2856 0.3422 0.1835 0.1886 
       H9560 11 0.3168 0.3036 0.2019 0.1777 
