        H008  2 0.0709 0.0532 0.1033 0.1047 0.0569 0.0778 0.0395 0.1034 0.0507 0.1114 0.1044 0.1239 
        H021  2 0.0302 0.1228 0.0898 0.0788 0.0600 0.0593 0.0379 0.0684 0.1144 0.0699 0.1335 0.1350 
        H023  2 0.0393 0.0439 0.0574 0.1445 0.2271 0.1057 0.0830 0.0587 0.0647 0.0539 0.0998 0.0219 
        H024  2 0.2647 0.0353 0.0714 0.0235 0.0514 0.0661 0.0370 0.1112 0.0312 0.1057 0.0668 0.1357 
        H025  2 0.0220 0.0343 0.0799 0.0273 0.0577 0.1058 0.3149 0.0876 0.0474 0.1041 0.0790 0.0402 
        H026  2 0.0534 0.0408 0.1184 0.0437 0.0424 0.0803 0.0161 0.1985 0.0350 0.1540 0.0666 0.1508 
        H027  2 0.0355 0.0527 0.0642 0.1317 0.0626 0.0710 0.0221 0.0482 0.0652 0.0662 0.0631 0.3176 
        H028  2 0.0795 0.0317 0.1103 0.0524 0.0658 0.0889 0.0575 0.1494 0.0485 0.1477 0.0871 0.0812 
        H029  2 0.2619 0.0271 0.0516 0.0812 0.0697 0.0705 0.0200 0.0803 0.0677 0.0870 0.0650 0.1180 
        H030  2 0.0560 0.0269 0.0579 0.0409 0.0361 0.0431 0.0214 0.0979 0.0372 0.1082 0.0733 0.4011 
        H038  2 0.0366 0.2155 0.0464 0.2973 0.0213 0.0467 0.0387 0.0488 0.0647 0.0429 0.1043 0.0370 
        H039  2 0.0336 0.0194 0.0216 0.0163 0.0350 0.0438 0.7176 0.0228 0.0288 0.0216 0.0230 0.0165 
        H040  2 0.0484 0.1516 0.0594 0.1265 0.0493 0.1023 0.0686 0.0642 0.0953 0.0622 0.1274 0.0448 
        H041  2 0.1626 0.0279 0.0710 0.0851 0.1627 0.0611 0.0868 0.0691 0.0369 0.0650 0.0639 0.1080 
        H042  2 0.0617 0.0372 0.0712 0.1349 0.1414 0.0898 0.0740 0.0962 0.0443 0.0929 0.1108 0.0456 
        H043  2 0.0185 0.3715 0.0410 0.0303 0.0221 0.1000 0.1087 0.0472 0.1053 0.0650 0.0733 0.0171 
        H044  2 0.0375 0.1460 0.1057 0.0560 0.0525 0.0888 0.0295 0.0958 0.0677 0.1253 0.1266 0.0686 
        H047  2 0.0823 0.0872 0.0935 0.0299 0.0664 0.1538 0.0946 0.1053 0.0654 0.1054 0.0715 0.0448 
        H050  2 0.0425 0.0537 0.0610 0.0299 0.1786 0.0779 0.0194 0.0825 0.0374 0.0627 0.0495 0.3050 
        H058  2 0.0282 0.2813 0.0619 0.0506 0.0569 0.0867 0.0529 0.0773 0.0865 0.0895 0.0930 0.0351 
        H062  2 0.0173 0.1111 0.0786 0.1510 0.1499 0.0966 0.0746 0.0664 0.0446 0.0617 0.1124 0.0358 
        H063  2 0.0500 0.2818 0.0493 0.0390 0.0651 0.0794 0.1275 0.0430 0.0868 0.0585 0.0646 0.0550 
        H065  2 0.0261 0.0277 0.1323 0.0664 0.0562 0.0930 0.1131 0.1698 0.0365 0.1842 0.0722 0.0225 
        H066  2 0.1738 0.1004 0.0942 0.0297 0.0502 0.1022 0.0195 0.0707 0.0941 0.1022 0.1096 0.0534 
        H067  2 0.0825 0.0293 0.1407 0.0966 0.1117 0.0658 0.0242 0.1008 0.0681 0.1374 0.0972 0.0456 
        H068  2 0.0367 0.0765 0.0505 0.0241 0.2737 0.1594 0.1068 0.0545 0.0696 0.0587 0.0605 0.0291 
        H069  2 0.0549 0.0532 0.0632 0.0440 0.0756 0.1725 0.0388 0.0932 0.1366 0.0887 0.1035 0.0758 
        H071  2 0.0427 0.0611 0.1049 0.1792 0.0533 0.0799 0.0706 0.0962 0.0827 0.0765 0.0889 0.0640 
        H072  2 0.0490 0.0799 0.0423 0.0318 0.0348 0.0788 0.4288 0.0492 0.0684 0.0494 0.0588 0.0289 
        H073  2 0.0635 0.0317 0.0732 0.2682 0.0537 0.0746 0.0309 0.1037 0.1082 0.0816 0.0618 0.0490 
        H081  2 0.0389 0.0301 0.0813 0.1986 0.0854 0.0570 0.1872 0.0585 0.0503 0.0540 0.0744 0.0843 
        H082  2 0.0431 0.2141 0.0525 0.0373 0.0632 0.0499 0.0342 0.0747 0.0259 0.0703 0.0975 0.2372 
        H083  2 0.0308 0.0500 0.0784 0.0992 0.0599 0.0734 0.0336 0.0952 0.0499 0.1357 0.1192 0.1747 
        H084  2 0.1502 0.1137 0.0526 0.0589 0.0729 0.0972 0.0351 0.0789 0.0662 0.0766 0.1250 0.0726 
        H085  2 0.0233 0.0204 0.0495 0.0830 0.0377 0.0523 0.0451 0.0414 0.0400 0.0404 0.0517 0.5152 
        H087  2 0.0798 0.0327 0.1305 0.1429 0.2017 0.0738 0.0434 0.0576 0.0468 0.0668 0.0654 0.0585 
        H088  2 0.0330 0.0699 0.0818 0.0766 0.0629 0.1269 0.1113 0.0724 0.1208 0.0875 0.1068 0.0500 
        H089  2 0.0387 0.0600 0.0759 0.1801 0.0878 0.0987 0.0422 0.0973 0.1005 0.0723 0.0864 0.0598 
        H090  2 0.0642 0.0347 0.0504 0.0269 0.1333 0.0366 0.0413 0.0589 0.0272 0.0501 0.0387 0.4378 
        H091  2 0.0261 0.0155 0.0302 0.0403 0.0268 0.0196 0.0195 0.0288 0.0339 0.0220 0.0312 0.7061 
        H098  2 0.1269 0.0924 0.0690 0.0469 0.1367 0.0670 0.0691 0.0892 0.0266 0.0911 0.0979 0.0871 
      H10001  2 0.0144 0.0417 0.0304 0.0178 0.0223 0.0427 0.6727 0.0269 0.0422 0.0218 0.0384 0.0287 
      H10002  2 0.0265 0.0450 0.1320 0.1893 0.0364 0.0809 0.1002 0.0638 0.1115 0.1029 0.0640 0.0475 
        H101  2 0.0442 0.0705 0.0464 0.0179 0.1979 0.0972 0.0175 0.0480 0.0646 0.0509 0.0597 0.2852 
        H108  2 0.0241 0.0215 0.0601 0.0690 0.1732 0.0500 0.3427 0.0650 0.0382 0.0672 0.0673 0.0216 
        H109  2 0.1872 0.2201 0.0617 0.0240 0.0236 0.0898 0.0468 0.0882 0.0715 0.0729 0.0796 0.0347 
        H110  2 0.0463 0.0218 0.1226 0.3839 0.0435 0.0324 0.0245 0.0527 0.1233 0.0478 0.0432 0.0580 
        H116  2 0.0986 0.0465 0.0923 0.0512 0.0404 0.0978 0.0273 0.1450 0.0826 0.1511 0.1004 0.0667 
        H117  2 0.3757 0.0250 0.0367 0.0362 0.0417 0.0249 0.0179 0.0430 0.0208 0.0275 0.0428 0.3078 
        H118  2 0.0263 0.0260 0.0521 0.0502 0.0284 0.0419 0.0217 0.0694 0.0305 0.0668 0.0454 0.5414 
        H119  2 0.4637 0.0226 0.0477 0.0996 0.0376 0.0434 0.0492 0.0478 0.0593 0.0525 0.0500 0.0266 
        H120  2 0.0248 0.0245 0.0577 0.0538 0.0406 0.0492 0.5563 0.0414 0.0320 0.0423 0.0526 0.0250 
        H121  2 0.0230 0.0118 0.0257 0.0274 0.1623 0.0331 0.0291 0.0347 0.0261 0.0292 0.0279 0.5698 
        H125  2 0.1005 0.0418 0.0364 0.0331 0.0276 0.0537 0.5038 0.0374 0.0527 0.0399 0.0577 0.0154 
        H126  2 0.0238 0.0176 0.1124 0.0617 0.0746 0.1287 0.1484 0.1408 0.0365 0.1087 0.1108 0.0361 
        H128  2 0.0236 0.0103 0.0189 0.0186 0.0657 0.0159 0.0094 0.0206 0.0157 0.0248 0.0165 0.7601 
        H129  2 0.0456 0.0556 0.1357 0.0770 0.0896 0.0646 0.0256 0.1740 0.0429 0.1563 0.0910 0.0421 
        H130  2 0.0134 0.0466 0.1040 0.0276 0.0425 0.1343 0.1539 0.0930 0.1305 0.1000 0.1222 0.0319 
        H133  2 0.0318 0.0191 0.0535 0.0297 0.0441 0.0881 0.3597 0.0792 0.1005 0.0847 0.0637 0.0458 
        H134  2 0.0302 0.0198 0.1254 0.0343 0.0355 0.0783 0.0226 0.2602 0.0333 0.2659 0.0669 0.0277 
        H135  2 0.0604 0.0319 0.0973 0.1517 0.0609 0.0702 0.1088 0.0975 0.0806 0.0968 0.0864 0.0574 
        H137  2 0.3453 0.0791 0.0612 0.0272 0.0689 0.0617 0.0419 0.0661 0.0235 0.0746 0.0619 0.0887 
        H138  2 0.0271 0.0369 0.1689 0.0790 0.0264 0.1196 0.0182 0.1151 0.1112 0.1409 0.1238 0.0329 
        H140  2 0.0731 0.0256 0.0933 0.0394 0.0562 0.0664 0.1034 0.1002 0.0469 0.0751 0.0514 0.2690 
        H146  2 0.0422 0.0226 0.0324 0.0354 0.0178 0.0314 0.0383 0.0359 0.0331 0.0369 0.0242 0.6497 
        H147  2 0.0634 0.0306 0.0330 0.2783 0.0460 0.0539 0.0293 0.0411 0.0854 0.0368 0.0328 0.2694 
        H148  2 0.1407 0.0557 0.0952 0.0725 0.0492 0.0657 0.0271 0.0907 0.0743 0.0702 0.0968 0.1617 
     H166022  2 0.1907 0.0514 0.0969 0.1752 0.0389 0.0605 0.0225 0.0742 0.0826 0.0784 0.0704 0.0583 
     H167359  2 0.0533 0.0335 0.1034 0.0391 0.0364 0.1525 0.0369 0.0960 0.1905 0.1095 0.1033 0.0458 
     H167397  2 0.2073 0.0540 0.0649 0.0832 0.0420 0.0366 0.0124 0.0977 0.0467 0.0987 0.0585 0.1980 
     H167428  2 0.0312 0.0188 0.0871 0.0642 0.2081 0.1308 0.0197 0.0927 0.0256 0.0714 0.0444 0.2059 
     H167496  2 0.0630 0.0345 0.0531 0.0550 0.0707 0.0465 0.4029 0.0493 0.0454 0.0602 0.0698 0.0498 
     H167513  2 0.0239 0.7885 0.0155 0.0138 0.0265 0.0205 0.0197 0.0161 0.0157 0.0166 0.0282 0.0152 
     H167545  2 0.0399 0.0597 0.1041 0.0580 0.1481 0.1457 0.0251 0.1060 0.0511 0.0923 0.1387 0.0312 
     H167547  2 0.7765 0.0205 0.0232 0.0240 0.0124 0.0150 0.0140 0.0315 0.0165 0.0247 0.0209 0.0210 
     H169621  2 0.0570 0.0311 0.0499 0.0405 0.0599 0.0523 0.0182 0.0602 0.0527 0.0469 0.0501 0.4812 
     H169622  2 0.0258 0.0379 0.0793 0.1259 0.0268 0.1048 0.0199 0.1052 0.1981 0.0993 0.1205 0.0564 
     H169750  2 0.0954 0.0467 0.0733 0.0497 0.0661 0.0785 0.0653 0.1179 0.0843 0.1154 0.1043 0.1031 
     H171806  2 0.2058 0.0374 0.0645 0.0883 0.0943 0.0604 0.0588 0.0909 0.0398 0.0737 0.0662 0.1199 
     H171808  2 0.0356 0.0629 0.0736 0.1150 0.1419 0.1265 0.0393 0.0839 0.0577 0.0954 0.0997 0.0683 
     H171809  2 0.0426 0.0525 0.1575 0.1015 0.1084 0.0832 0.0792 0.0794 0.0599 0.0868 0.1036 0.0454 
     H171813  2 0.0680 0.0785 0.1571 0.0606 0.0547 0.0902 0.0476 0.1242 0.0552 0.1204 0.0892 0.0544 
     H171815  2 0.0380 0.0956 0.0627 0.0447 0.0319 0.1047 0.3443 0.0578 0.0590 0.0653 0.0660 0.0299 
     H171824  2 0.1123 0.0250 0.1120 0.0698 0.0417 0.0869 0.0672 0.0771 0.1403 0.0719 0.0985 0.0974 
     H171825  2 0.0246 0.0219 0.1006 0.1083 0.0606 0.0997 0.0253 0.1225 0.1571 0.1265 0.1237 0.0292 
     H171826  2 0.1169 0.1258 0.1375 0.0536 0.0376 0.0810 0.0512 0.0829 0.0566 0.1178 0.1041 0.0350 
     H171827  2 0.0353 0.0455 0.0807 0.2648 0.0341 0.0625 0.0228 0.0749 0.1851 0.0746 0.0778 0.0419 
     H171828  2 0.0408 0.0267 0.0477 0.0579 0.0413 0.0458 0.5382 0.0362 0.0365 0.0351 0.0523 0.0415 
     H171829  2 0.0826 0.1188 0.0743 0.0685 0.0578 0.0575 0.0549 0.1577 0.0707 0.1000 0.1016 0.0557 
     H171830  2 0.0806 0.1940 0.0624 0.0489 0.0664 0.0898 0.0915 0.0769 0.0422 0.0898 0.1005 0.0570 
     H171831  2 0.0778 0.1963 0.0885 0.0499 0.1087 0.0708 0.0202 0.1093 0.0316 0.1433 0.0550 0.0486 
     H171832  2 0.0388 0.0415 0.1099 0.0528 0.0553 0.1476 0.0501 0.1363 0.0574 0.1386 0.1353 0.0365 
     H171863  2 0.0572 0.0485 0.0734 0.0383 0.0746 0.1224 0.0167 0.1466 0.0672 0.1439 0.1257 0.0857 
     H171864  2 0.1300 0.2426 0.0576 0.0512 0.1257 0.0690 0.0649 0.0563 0.0332 0.0503 0.0594 0.0598 
     H171865  2 0.0780 0.0520 0.0401 0.0300 0.0349 0.0793 0.4194 0.0548 0.0449 0.0676 0.0721 0.0269 
     H171879  2 0.3287 0.0253 0.0604 0.0347 0.0296 0.1000 0.0353 0.0828 0.0802 0.0847 0.0772 0.0611 
     H171880  2 0.2094 0.0444 0.0400 0.0371 0.0365 0.0463 0.0187 0.0579 0.0512 0.0632 0.0889 0.3064 
     H171881  2 0.0625 0.0738 0.0917 0.0749 0.1153 0.0658 0.0192 0.1266 0.0497 0.1154 0.0970 0.1079 
     H171882  2 0.0190 0.0246 0.0224 0.0211 0.0215 0.0227 0.7725 0.0197 0.0173 0.0211 0.0189 0.0193 
     H171929  2 0.0491 0.1027 0.0772 0.0564 0.0524 0.0775 0.0797 0.0925 0.0374 0.0830 0.0946 0.1975 
     H171930  2 0.0794 0.0520 0.0842 0.0347 0.1931 0.1640 0.0191 0.0586 0.0432 0.0952 0.1279 0.0485 
     H171933  2 0.1858 0.0295 0.0697 0.0508 0.0634 0.0787 0.0298 0.0839 0.0840 0.0806 0.0729 0.1710 
     H171934  2 0.1290 0.0565 0.1019 0.1722 0.0772 0.0780 0.0379 0.0567 0.0487 0.0629 0.0880 0.0910 
     H171937  2 0.0247 0.0364 0.1092 0.0475 0.0874 0.1259 0.0405 0.1539 0.0581 0.1419 0.1432 0.0313 
     H171962  2 0.0248 0.0393 0.1060 0.0569 0.0835 0.1299 0.0319 0.1099 0.0993 0.1406 0.1391 0.0388 
        H190  2 0.0552 0.0784 0.0906 0.0910 0.0955 0.0848 0.0297 0.1284 0.0553 0.1152 0.1183 0.0576 
        H191  2 0.1682 0.0923 0.0704 0.0531 0.0619 0.0728 0.1097 0.1139 0.0335 0.0928 0.0731 0.0582 
        H396  2 0.0210 0.0527 0.0444 0.3080 0.0998 0.0639 0.0673 0.0585 0.0575 0.0451 0.0920 0.0898 
        H397  2 0.0329 0.0309 0.0944 0.0729 0.1467 0.0909 0.0390 0.0999 0.1084 0.1109 0.0914 0.0819 
        H398  2 0.0226 0.0744 0.1252 0.1156 0.0373 0.0974 0.0608 0.1391 0.0420 0.1394 0.0953 0.0510 
        H400  2 0.0312 0.0857 0.0765 0.1164 0.1314 0.1331 0.0482 0.1005 0.0538 0.0904 0.0845 0.0483 
        H401  2 0.7206 0.0339 0.0217 0.0207 0.0211 0.0234 0.0209 0.0306 0.0167 0.0222 0.0205 0.0478 
        H402  2 0.1072 0.1053 0.0605 0.2282 0.0402 0.0504 0.0151 0.0917 0.0773 0.0711 0.0651 0.0880 
        H427  2 0.0772 0.0396 0.0817 0.2257 0.1046 0.0752 0.0421 0.0817 0.0797 0.0720 0.0707 0.0498 
        H428  2 0.0307 0.0168 0.0736 0.0488 0.2347 0.1369 0.0220 0.0643 0.0299 0.0956 0.0494 0.1974 
        H497  2 0.0213 0.5913 0.0291 0.0324 0.0301 0.0619 0.0648 0.0289 0.0306 0.0347 0.0462 0.0289 
        H512  2 0.1807 0.1684 0.0758 0.0732 0.0398 0.0604 0.0366 0.0959 0.0596 0.0772 0.0545 0.0780 
        H513  2 0.0202 0.7887 0.0160 0.0143 0.0247 0.0205 0.0179 0.0192 0.0148 0.0225 0.0251 0.0161 
        H514  2 0.0187 0.1146 0.1331 0.0598 0.0382 0.1058 0.0379 0.0832 0.1221 0.1207 0.1105 0.0552 
        H519  2 0.0203 0.7676 0.0206 0.0136 0.0309 0.0225 0.0212 0.0202 0.0149 0.0219 0.0250 0.0214 
        H532  2 0.0589 0.0517 0.0618 0.3031 0.0405 0.0748 0.0188 0.0791 0.0644 0.0693 0.0710 0.1065 
        H543  2 0.0525 0.0374 0.0758 0.1731 0.0486 0.0557 0.0159 0.0645 0.2019 0.0731 0.0955 0.1059 
        H544  2 0.0198 0.0383 0.0987 0.0346 0.0494 0.1119 0.1035 0.1610 0.0513 0.1752 0.1174 0.0390 
        H545  2 0.0331 0.0368 0.1024 0.0601 0.1666 0.1668 0.0244 0.0882 0.0404 0.0772 0.1739 0.0301 
        H546  2 0.0300 0.0636 0.0603 0.0376 0.0452 0.0797 0.3411 0.0949 0.0370 0.0942 0.0829 0.0336 
        H547  2 0.7717 0.0220 0.0239 0.0202 0.0149 0.0207 0.0139 0.0234 0.0182 0.0278 0.0198 0.0238 
        H548  2 0.1119 0.0664 0.0839 0.1382 0.0830 0.1149 0.0470 0.0819 0.0765 0.0810 0.0740 0.0414 
        H549  2 0.0383 0.5918 0.0178 0.0565 0.0252 0.0743 0.0216 0.0244 0.0257 0.0230 0.0784 0.0230 
        H620  2 0.0327 0.0202 0.0264 0.0333 0.0199 0.0290 0.7386 0.0233 0.0228 0.0211 0.0198 0.0128 
        H623  2 0.0316 0.0629 0.0941 0.0350 0.1636 0.0984 0.0552 0.1261 0.0431 0.1025 0.1299 0.0577 
        H624  2 0.0141 0.1091 0.0641 0.0827 0.0240 0.1345 0.0611 0.0830 0.2396 0.0711 0.0882 0.0285 
        H625  2 0.0496 0.0605 0.0713 0.1801 0.1417 0.0657 0.0527 0.0986 0.0509 0.0850 0.1020 0.0421 
        H626  2 0.1034 0.2674 0.0664 0.0764 0.0329 0.0858 0.0309 0.0545 0.1013 0.0620 0.0930 0.0259 
        H654  2 0.0217 0.1348 0.0394 0.0358 0.0239 0.1047 0.4210 0.0330 0.0627 0.0336 0.0768 0.0125 
        H655  2 0.0238 0.0220 0.0732 0.0406 0.0403 0.1480 0.0416 0.0697 0.3686 0.0607 0.0775 0.0340 
        H656  2 0.0144 0.0146 0.0247 0.0395 0.0387 0.0298 0.7183 0.0250 0.0226 0.0237 0.0309 0.0178 
        H666  2 0.0359 0.0396 0.0328 0.0204 0.0246 0.0487 0.5567 0.0490 0.0449 0.0315 0.0310 0.0848 
        H667  2 0.0455 0.0277 0.0531 0.5336 0.0227 0.0273 0.0192 0.0338 0.1177 0.0507 0.0367 0.0320 
        H677  2 0.0651 0.0334 0.0888 0.2424 0.0278 0.0759 0.0372 0.0722 0.1111 0.0670 0.0743 0.1047 
        H693  2 0.0280 0.0414 0.0760 0.0798 0.2755 0.0803 0.1972 0.0417 0.0347 0.0433 0.0824 0.0198 
        H694  2 0.0227 0.0283 0.0838 0.0209 0.2706 0.1066 0.0518 0.0996 0.0532 0.0919 0.1050 0.0657 
        H701  2 0.0267 0.0554 0.1067 0.0427 0.0618 0.1345 0.0173 0.0794 0.0989 0.1068 0.1529 0.1170 
        H702  2 0.0803 0.1169 0.0799 0.0788 0.0406 0.0754 0.0347 0.1037 0.1248 0.1052 0.1090 0.0507 
        H731  2 0.0485 0.0279 0.0877 0.1174 0.0411 0.0638 0.1265 0.0632 0.1068 0.0622 0.0758 0.1791 
       H7359  2 0.0617 0.0341 0.0806 0.0412 0.0386 0.1747 0.0397 0.0805 0.1924 0.1004 0.1123 0.0439 
       H7389  2 0.1413 0.0950 0.0765 0.1527 0.0480 0.0646 0.0320 0.0862 0.0442 0.0809 0.0999 0.0787 
       H7390  2 0.0398 0.1653 0.0604 0.0442 0.0240 0.1197 0.0300 0.0576 0.2348 0.0544 0.1396 0.0302 
       H7391  2 0.2618 0.0280 0.0615 0.1999 0.0883 0.0458 0.0382 0.0572 0.0577 0.0563 0.0530 0.0523 
       H7392  2 0.0535 0.0289 0.0826 0.0629 0.0292 0.0709 0.0484 0.1239 0.1460 0.0949 0.1053 0.1536 
       H7393  2 0.0733 0.2206 0.0826 0.0567 0.0267 0.0638 0.0760 0.0743 0.0758 0.0707 0.0910 0.0885 
       H7398  2 0.0751 0.0410 0.0735 0.1136 0.0906 0.0771 0.0772 0.0665 0.0356 0.0775 0.0793 0.1930 
       H7399  2 0.0209 0.0244 0.0814 0.4269 0.0352 0.0323 0.0125 0.0733 0.0833 0.0642 0.0387 0.1070 
       H7400  2 0.0192 0.0221 0.0296 0.0237 0.0243 0.0571 0.6958 0.0228 0.0294 0.0309 0.0319 0.0131 
        H745  2 0.0235 0.1909 0.0993 0.0369 0.0477 0.0666 0.0181 0.2043 0.0201 0.1606 0.0861 0.0458 
        H746  2 0.0238 0.0400 0.0540 0.5669 0.0198 0.0308 0.0133 0.0378 0.1144 0.0391 0.0223 0.0378 
        H747  2 0.0686 0.1229 0.0529 0.0411 0.0665 0.0694 0.2217 0.0637 0.0738 0.0518 0.0854 0.0822 
        H748  2 0.0644 0.0839 0.1128 0.1080 0.0357 0.0704 0.0372 0.1026 0.1320 0.1033 0.1048 0.0451 
       H7484  2 0.0789 0.0263 0.0394 0.0296 0.1231 0.0514 0.4917 0.0403 0.0213 0.0343 0.0331 0.0307 
       H7485  2 0.0254 0.4661 0.0476 0.0448 0.0328 0.0876 0.0308 0.0590 0.0422 0.0567 0.0793 0.0277 
        H749  2 0.0293 0.1011 0.0708 0.2597 0.0314 0.0819 0.0185 0.0941 0.1115 0.0741 0.1040 0.0236 
        H930  2 0.0893 0.0589 0.0836 0.0374 0.1734 0.1314 0.0227 0.0751 0.0561 0.0748 0.1301 0.0671 
        H931  2 0.1003 0.0381 0.0830 0.0487 0.0870 0.1125 0.0679 0.1126 0.0593 0.1123 0.1147 0.0635 
        H932  2 0.2166 0.0590 0.0688 0.0937 0.0363 0.0607 0.0301 0.0898 0.0667 0.1001 0.0668 0.1115 
        H002  4 0.0254 0.0443 0.0896 0.0534 0.0460 0.1123 0.2367 0.1160 0.0640 0.1213 0.0707 0.0201 
        H003  4 0.0188 0.0191 0.0468 0.5848 0.0217 0.0246 0.0167 0.0359 0.1222 0.0385 0.0408 0.0299 
        H009  4 0.0279 0.1200 0.1310 0.0589 0.0400 0.1336 0.0214 0.1021 0.0714 0.1119 0.1052 0.0766 
        H010  4 0.0979 0.0284 0.1335 0.0521 0.0417 0.0783 0.0311 0.1084 0.0996 0.1325 0.1035 0.0930 
        H011  4 0.0249 0.0491 0.0565 0.0605 0.2805 0.0725 0.2079 0.0505 0.0373 0.0500 0.0880 0.0224 
        H012  4 0.0485 0.0636 0.1080 0.1653 0.0347 0.0695 0.0334 0.0743 0.0914 0.0791 0.0752 0.1570 
        H013  4 0.0425 0.0481 0.0815 0.2155 0.0627 0.0640 0.1401 0.0550 0.1118 0.0588 0.0822 0.0379 
        H014  4 0.0533 0.0616 0.1545 0.0391 0.1083 0.0915 0.0257 0.1160 0.0633 0.1386 0.0970 0.0513 
        H045  4 0.0641 0.0985 0.0540 0.0843 0.1054 0.0605 0.2066 0.0681 0.0272 0.0600 0.0794 0.0919 
        H046  4 0.0255 0.0250 0.1788 0.1906 0.0433 0.0591 0.0340 0.1081 0.0857 0.1305 0.0819 0.0375 
        H051  4 0.0240 0.0437 0.0680 0.0951 0.1093 0.0733 0.2417 0.0658 0.0502 0.0717 0.1089 0.0483 
        H052  4 0.0407 0.0385 0.0733 0.0256 0.1170 0.0728 0.2818 0.1168 0.0402 0.0813 0.0728 0.0392 
        H053  4 0.0445 0.0372 0.0805 0.0414 0.0366 0.0678 0.0327 0.0853 0.2978 0.0910 0.1106 0.0746 
        H056  4 0.0519 0.0902 0.0459 0.0345 0.0456 0.0554 0.4514 0.0628 0.0277 0.0663 0.0449 0.0233 
        H076  4 0.1845 0.0368 0.1321 0.0648 0.0399 0.0784 0.0186 0.1448 0.0669 0.1287 0.0686 0.0359 
        H151  4 0.0342 0.1041 0.1215 0.0487 0.0269 0.1212 0.0459 0.1062 0.1520 0.0909 0.1161 0.0321 
        H152  4 0.0244 0.0223 0.1363 0.0350 0.1426 0.1237 0.1584 0.1036 0.0635 0.1051 0.0601 0.0250 
     H171803  4 0.0761 0.1341 0.0602 0.2558 0.0374 0.0718 0.0244 0.0599 0.1033 0.0405 0.1079 0.0288 
     H171804  4 0.1084 0.1445 0.0736 0.0986 0.0652 0.0613 0.0992 0.0620 0.0659 0.0602 0.1124 0.0486 
     H171833  4 0.0247 0.0545 0.1161 0.0621 0.0435 0.0931 0.0255 0.2074 0.0733 0.1855 0.0922 0.0221 
     H171855  4 0.0563 0.2042 0.0873 0.0413 0.0278 0.0688 0.1485 0.0851 0.0535 0.1159 0.0985 0.0128 
     H171856  4 0.0490 0.3352 0.0489 0.0713 0.0276 0.0401 0.0275 0.0624 0.0385 0.0623 0.1039 0.1335 
     H171857  4 0.0935 0.1635 0.0811 0.0491 0.0744 0.0796 0.1182 0.0724 0.0396 0.0970 0.1070 0.0246 
     H171858  4 0.0808 0.0325 0.1761 0.0596 0.0498 0.0746 0.0916 0.1280 0.0476 0.1085 0.0871 0.0638 
     H171859  4 0.1579 0.0418 0.0894 0.0923 0.0482 0.0599 0.0765 0.1136 0.0622 0.1161 0.0925 0.0495 
     H171961  4 0.0401 0.2112 0.0593 0.0491 0.0767 0.0744 0.1435 0.0753 0.0635 0.0724 0.0988 0.0357 
        H198  4 0.0433 0.0238 0.1312 0.1531 0.0432 0.0583 0.0133 0.1217 0.1273 0.1022 0.1061 0.0766 
      H20001  4 0.0177 0.3081 0.1067 0.0418 0.0833 0.0838 0.0149 0.0740 0.0351 0.0991 0.1198 0.0156 
        H403  4 0.1675 0.1490 0.0738 0.1062 0.0408 0.0534 0.0589 0.0889 0.0452 0.1001 0.0789 0.0372 
        H404  4 0.0272 0.0445 0.1181 0.1628 0.0700 0.1094 0.0224 0.1024 0.0836 0.1196 0.0863 0.0536 
        H405  4 0.0939 0.0641 0.1253 0.1922 0.0415 0.0528 0.0282 0.1424 0.0734 0.0816 0.0473 0.0573 
        H406  4 0.4591 0.0860 0.0274 0.0197 0.0301 0.0476 0.0862 0.0688 0.0231 0.0648 0.0499 0.0372 
        H407  4 0.1882 0.1046 0.0646 0.0449 0.0442 0.0944 0.0316 0.0747 0.0959 0.0746 0.1121 0.0703 
        H410  4 0.7706 0.0186 0.0228 0.0220 0.0178 0.0221 0.0195 0.0268 0.0156 0.0189 0.0184 0.0269 
        H411  4 0.0363 0.1491 0.1619 0.0388 0.0414 0.0807 0.0209 0.1155 0.0407 0.1614 0.1070 0.0462 
        H468  4 0.0788 0.0698 0.0676 0.0473 0.0838 0.1569 0.0229 0.0875 0.0971 0.1005 0.1637 0.0242 
        H476  4 0.0626 0.0656 0.0657 0.0341 0.0330 0.1162 0.0668 0.0690 0.2702 0.0690 0.1096 0.0383 
        H477  4 0.0264 0.1264 0.0818 0.0504 0.0685 0.1417 0.0131 0.1058 0.0779 0.1213 0.1669 0.0199 
        H478  4 0.0280 0.0947 0.0970 0.4184 0.0287 0.0430 0.0210 0.0429 0.0979 0.0544 0.0425 0.0315 
        H479  4 0.0169 0.0374 0.0632 0.1371 0.0821 0.0560 0.2280 0.0809 0.0635 0.0711 0.0819 0.0820 
        H480  4 0.0523 0.1169 0.0887 0.0839 0.0349 0.0913 0.0188 0.1093 0.0910 0.1093 0.0830 0.1208 
        H498  4 0.0529 0.0287 0.0933 0.1865 0.0676 0.0549 0.0673 0.0878 0.1463 0.0824 0.0693 0.0630 
        H499  4 0.0278 0.0881 0.1218 0.0948 0.1454 0.1178 0.0505 0.0896 0.0497 0.0976 0.0895 0.0274 
        H500  4 0.0529 0.0607 0.0628 0.1122 0.0378 0.1403 0.1157 0.0618 0.1703 0.0778 0.0785 0.0293 
        H515  4 0.0552 0.1416 0.1377 0.0551 0.0340 0.0838 0.0935 0.0929 0.0688 0.0912 0.0774 0.0688 
        H516  4 0.0385 0.0254 0.1372 0.0352 0.0536 0.0987 0.0282 0.1377 0.1139 0.1506 0.0821 0.0990 
        H517  4 0.6662 0.0176 0.0273 0.0406 0.0223 0.0324 0.0271 0.0453 0.0290 0.0383 0.0285 0.0255 
        H518  4 0.0405 0.0396 0.0712 0.0303 0.1396 0.0987 0.1584 0.1251 0.0645 0.1108 0.0763 0.0449 
        H520  4 0.1390 0.0894 0.0671 0.0454 0.0534 0.0747 0.0709 0.1039 0.0673 0.1164 0.1273 0.0452 
        H521  4 0.0433 0.0611 0.0923 0.1374 0.1514 0.0849 0.0365 0.0917 0.0444 0.0981 0.0876 0.0713 
        H522  4 0.0349 0.0752 0.0944 0.0825 0.0678 0.0982 0.0264 0.0732 0.1703 0.0787 0.1339 0.0646 
        H523  4 0.0281 0.0495 0.0704 0.0444 0.0408 0.0658 0.0598 0.0719 0.0951 0.0880 0.0833 0.3030 
        H536  4 0.0326 0.0288 0.1030 0.2091 0.0753 0.0621 0.0538 0.1459 0.0787 0.1137 0.0560 0.0411 
        H645  4 0.0606 0.0326 0.0742 0.1964 0.1639 0.0770 0.1098 0.0611 0.0514 0.0577 0.0859 0.0293 
        H646  4 0.0319 0.0365 0.0634 0.0392 0.0380 0.0900 0.0166 0.0654 0.0504 0.0739 0.0914 0.4031 
        H647  4 0.0453 0.0791 0.0703 0.0474 0.0397 0.1283 0.0229 0.0700 0.2217 0.1060 0.1032 0.0661 
        H657  4 0.3503 0.0397 0.0457 0.1358 0.0325 0.0461 0.0200 0.0644 0.0750 0.0735 0.0634 0.0536 
        H658  4 0.0293 0.0241 0.0677 0.0394 0.0447 0.1206 0.0265 0.0654 0.3212 0.0628 0.0903 0.1081 
        H659  4 0.0420 0.2700 0.0397 0.0610 0.0241 0.1030 0.0661 0.0490 0.1764 0.0413 0.1084 0.0188 
        H660  4 0.0218 0.1063 0.0766 0.0625 0.1084 0.1208 0.0482 0.1034 0.0703 0.0958 0.1090 0.0772 
        H661  4 0.0244 0.2947 0.0912 0.0292 0.0234 0.0992 0.0310 0.0612 0.1397 0.0551 0.1345 0.0165 
        H668  4 0.0426 0.0355 0.2090 0.1962 0.0481 0.0609 0.0217 0.0879 0.0858 0.0829 0.0752 0.0541 
        H669  4 0.0642 0.0772 0.0956 0.0660 0.0603 0.0846 0.0720 0.1039 0.0675 0.0966 0.0670 0.1450 
        H670  4 0.0348 0.0232 0.1917 0.2337 0.0599 0.0641 0.0784 0.0706 0.0678 0.0809 0.0639 0.0310 
        H678  4 0.0477 0.4725 0.0428 0.0339 0.0330 0.0602 0.0185 0.0579 0.0610 0.0531 0.0838 0.0355 
        H679  4 0.0924 0.0659 0.0896 0.0589 0.0568 0.1061 0.0405 0.1081 0.0786 0.0993 0.1143 0.0895 
        H680  4 0.0700 0.4009 0.0904 0.0441 0.0406 0.0679 0.0142 0.0585 0.0385 0.0766 0.0813 0.0171 
        H681  4 0.0463 0.0401 0.0929 0.2001 0.0498 0.0825 0.1217 0.0861 0.0859 0.0764 0.0763 0.0418 
        H682  4 0.1547 0.0592 0.0714 0.1799 0.0421 0.0736 0.0281 0.0629 0.0981 0.0512 0.0794 0.0993 
        H683  4 0.0402 0.0450 0.0695 0.0281 0.0423 0.0611 0.2315 0.0916 0.0589 0.0893 0.0956 0.1469 
        H718  4 0.0467 0.0277 0.0317 0.0295 0.0315 0.0295 0.6258 0.0385 0.0225 0.0283 0.0245 0.0639 
        H719  4 0.0233 0.0461 0.0413 0.0522 0.4158 0.0736 0.0750 0.0373 0.0319 0.0460 0.0958 0.0616 
        H720  4 0.0178 0.4002 0.0457 0.0404 0.1654 0.0551 0.0831 0.0585 0.0207 0.0540 0.0430 0.0162 
        H721  4 0.0420 0.0917 0.0983 0.0729 0.0827 0.0823 0.0733 0.1366 0.0388 0.1249 0.1300 0.0265 
        H722  4 0.0234 0.2264 0.0515 0.0390 0.0299 0.0447 0.1903 0.1477 0.0386 0.0901 0.0614 0.0571 
        H723  4 0.1311 0.0429 0.0641 0.1359 0.0267 0.0461 0.2429 0.0517 0.0570 0.0636 0.0479 0.0903 
        H724  4 0.1494 0.0453 0.0573 0.0287 0.1063 0.0899 0.2226 0.0503 0.0680 0.0494 0.0857 0.0471 
        H725  4 0.0800 0.0451 0.0520 0.0480 0.0683 0.0571 0.3368 0.0759 0.0479 0.0702 0.0876 0.0311 
        H726  4 0.0617 0.0528 0.1277 0.0476 0.0250 0.0944 0.1816 0.1030 0.1106 0.0815 0.0796 0.0345 
        H727  4 0.1252 0.0380 0.1210 0.0629 0.1300 0.0833 0.0885 0.0679 0.0618 0.0729 0.0964 0.0522 
        H910  4 0.0807 0.0775 0.0954 0.0541 0.2038 0.0810 0.1023 0.0681 0.0394 0.0607 0.0787 0.0585 
        H911  4 0.5427 0.0261 0.0321 0.0371 0.0417 0.0378 0.0531 0.0553 0.0317 0.0452 0.0362 0.0612 
        H912  4 0.1204 0.1216 0.0858 0.0575 0.0469 0.0834 0.0461 0.1047 0.1383 0.0924 0.0658 0.0371 
        H913  4 0.0233 0.0298 0.0481 0.0330 0.0269 0.0791 0.0303 0.0523 0.3414 0.0510 0.1056 0.1792 
        H914  4 0.0405 0.1129 0.1131 0.1047 0.0340 0.0701 0.0627 0.0689 0.1455 0.0644 0.1097 0.0736 
        H915  4 0.1259 0.1256 0.0770 0.0488 0.0403 0.0975 0.0317 0.0840 0.1166 0.0933 0.1275 0.0317 
        H916  4 0.0350 0.3233 0.0674 0.0318 0.0549 0.1143 0.0266 0.0816 0.0344 0.0840 0.1019 0.0448 
       H9572  4 0.1277 0.2437 0.0739 0.0707 0.1032 0.0516 0.0308 0.0820 0.0307 0.0760 0.0724 0.0374 
        H015  5 0.0488 0.0989 0.0675 0.0352 0.2307 0.1046 0.0222 0.0960 0.0490 0.0889 0.1074 0.0507 
        H016  5 0.0465 0.0275 0.0940 0.0628 0.0506 0.0702 0.0377 0.1611 0.1375 0.1451 0.0914 0.0756 
        H017  5 0.0193 0.1991 0.1061 0.0547 0.0677 0.0832 0.0207 0.0991 0.1076 0.1059 0.0896 0.0470 
        H019  5 0.0278 0.0397 0.1123 0.0448 0.0864 0.0957 0.0865 0.1095 0.0789 0.1149 0.1323 0.0709 
        H020  5 0.0156 0.0577 0.0537 0.0473 0.3534 0.1298 0.0491 0.0500 0.0372 0.0405 0.0484 0.1172 
        H032  5 0.1402 0.0405 0.0777 0.0637 0.0324 0.0994 0.0813 0.1261 0.0716 0.1276 0.1006 0.0388 
        H033  5 0.0284 0.0359 0.0690 0.0969 0.1512 0.1174 0.0242 0.0883 0.1124 0.0995 0.0845 0.0924 
        H034  5 0.1235 0.0415 0.1661 0.0739 0.0503 0.0568 0.1081 0.0850 0.0630 0.0988 0.0852 0.0479 
        H035  5 0.0565 0.1085 0.0698 0.0823 0.0460 0.0747 0.0260 0.1119 0.1400 0.0976 0.1089 0.0779 
        H036  5 0.0625 0.0431 0.0406 0.0218 0.4759 0.0797 0.0340 0.0561 0.0358 0.0524 0.0482 0.0500 
        H037  5 0.0177 0.0763 0.0719 0.0416 0.0623 0.0730 0.0257 0.0555 0.3245 0.0601 0.1495 0.0419 
        H048  5 0.1713 0.0659 0.0612 0.1168 0.0944 0.0534 0.1449 0.0770 0.0374 0.0696 0.0768 0.0315 
        H049  5 0.0205 0.0220 0.0735 0.0417 0.3059 0.1139 0.0489 0.1083 0.0365 0.0764 0.1157 0.0366 
        H054  5 0.2153 0.0418 0.0861 0.0733 0.0610 0.0636 0.0668 0.1275 0.0421 0.0878 0.0703 0.0642 
        H055  5 0.0327 0.0298 0.1987 0.0708 0.0466 0.1049 0.0456 0.1209 0.0776 0.1071 0.1101 0.0550 
        H057  5 0.0174 0.0331 0.0883 0.0552 0.0591 0.0930 0.0372 0.2623 0.1202 0.1412 0.0714 0.0216 
        H060  5 0.0275 0.0466 0.2055 0.0573 0.0254 0.0811 0.1002 0.1195 0.0980 0.1143 0.0865 0.0381 
        H061  5 0.0479 0.0496 0.1164 0.2647 0.0288 0.0558 0.0246 0.0772 0.0605 0.0916 0.1074 0.0757 
        H064  5 0.0298 0.0454 0.0999 0.0874 0.0857 0.0587 0.1785 0.1090 0.0541 0.1023 0.0823 0.0668 
        H070  5 0.0407 0.0657 0.1681 0.0975 0.0359 0.0700 0.1299 0.0783 0.0556 0.0645 0.0681 0.1256 
        H077  5 0.0569 0.0570 0.0700 0.0312 0.0333 0.0554 0.4752 0.0516 0.0340 0.0544 0.0478 0.0333 
        H078  5 0.0419 0.0936 0.1017 0.0322 0.0476 0.1013 0.0428 0.1311 0.1192 0.1061 0.1060 0.0766 
        H079  5 0.0225 0.0384 0.0483 0.1227 0.0423 0.0607 0.0216 0.0578 0.0746 0.0520 0.0650 0.3940 
        H097  5 0.0422 0.0243 0.1007 0.0262 0.0344 0.1047 0.0792 0.1263 0.1069 0.1210 0.1567 0.0773 
        H107  5 0.0430 0.0295 0.0709 0.1027 0.1178 0.0642 0.1733 0.0624 0.1306 0.0712 0.1044 0.0300 
        H122  5 0.0807 0.1066 0.0805 0.0953 0.0391 0.1042 0.0222 0.0878 0.1382 0.0971 0.0956 0.0527 
        H123  5 0.2451 0.0353 0.0639 0.0624 0.0403 0.0574 0.0145 0.0833 0.0885 0.0856 0.0558 0.1680 
        H124  5 0.2179 0.0256 0.0600 0.0932 0.0265 0.0849 0.0188 0.0999 0.1101 0.0902 0.0619 0.1111 
        H131  5 0.0972 0.0229 0.0739 0.0440 0.2090 0.0815 0.0219 0.0717 0.0631 0.0760 0.0576 0.1812 
        H132  5 0.0855 0.0237 0.0906 0.0765 0.0885 0.0811 0.0661 0.0938 0.0733 0.1027 0.1068 0.1115 
        H141  5 0.0960 0.1209 0.0756 0.1289 0.0781 0.0737 0.0398 0.0808 0.0748 0.1078 0.0964 0.0273 
        H142  5 0.0368 0.0250 0.1125 0.1781 0.0527 0.0762 0.0224 0.1014 0.1639 0.0776 0.0877 0.0658 
        H157  5 0.0907 0.0548 0.0928 0.1062 0.0716 0.0820 0.0908 0.0963 0.0767 0.0887 0.1005 0.0489 
        H158  5 0.0317 0.0372 0.0833 0.0567 0.1010 0.0614 0.0198 0.1371 0.0752 0.1484 0.1057 0.1426 
        H159  5 0.1700 0.0656 0.1017 0.1541 0.0724 0.0531 0.0271 0.0796 0.0485 0.0831 0.1083 0.0362 
        H160  5 0.2267 0.0385 0.0771 0.1075 0.0520 0.0738 0.0315 0.0746 0.0875 0.0850 0.1068 0.0391 
        H163  5 0.0573 0.0388 0.1287 0.0422 0.1460 0.1040 0.0314 0.1335 0.0511 0.1057 0.1087 0.0525 
        H164  5 0.0436 0.0487 0.0823 0.1985 0.0328 0.0725 0.0592 0.0903 0.0723 0.0891 0.1081 0.1026 
        H165  5 0.0678 0.0506 0.0859 0.1978 0.0843 0.0649 0.0164 0.0971 0.0582 0.0657 0.0409 0.1704 
        H166  5 0.0181 0.0305 0.0397 0.0294 0.5445 0.0956 0.0229 0.0377 0.0262 0.0395 0.0489 0.0671 
        H169  5 0.0369 0.0196 0.1361 0.1446 0.0966 0.0937 0.0228 0.0910 0.0964 0.1131 0.1095 0.0397 
     H169613  5 0.0195 0.0188 0.1832 0.0551 0.0305 0.1045 0.0761 0.0949 0.0971 0.1100 0.1380 0.0723 
     H169653  5 0.0400 0.0198 0.0901 0.0631 0.3572 0.0692 0.0278 0.0757 0.0488 0.0920 0.0644 0.0517 
     H169728  5 0.0476 0.1027 0.0781 0.0498 0.1086 0.1415 0.0320 0.1016 0.0656 0.1036 0.1410 0.0278 
     H169742  5 0.0190 0.0506 0.1067 0.1178 0.2659 0.1259 0.0331 0.0566 0.0566 0.0622 0.0781 0.0275 
        H170  5 0.0539 0.0275 0.1389 0.0394 0.0523 0.1359 0.0401 0.1485 0.0751 0.1767 0.0894 0.0224 
        H171  5 0.0336 0.0792 0.1169 0.0682 0.0462 0.0877 0.0334 0.1738 0.0802 0.1349 0.0994 0.0464 
     H171851  5 0.0186 0.0363 0.1403 0.0394 0.0577 0.1009 0.0460 0.1006 0.0822 0.1348 0.1511 0.0919 
     H171852  5 0.0341 0.0451 0.0824 0.0489 0.0424 0.1434 0.1245 0.0877 0.1430 0.1177 0.0856 0.0451 
     H171853  5 0.2374 0.0722 0.0744 0.0633 0.1361 0.0485 0.0300 0.0684 0.0457 0.0842 0.0937 0.0459 
     H171854  5 0.0505 0.2029 0.1147 0.0460 0.0415 0.0955 0.0661 0.1081 0.0492 0.1138 0.0902 0.0216 
     H171938  5 0.0529 0.0221 0.0985 0.3542 0.0427 0.0544 0.0500 0.0586 0.1276 0.0580 0.0457 0.0353 
     H171939  5 0.0364 0.0342 0.0624 0.0684 0.1051 0.1000 0.0249 0.1229 0.0753 0.1085 0.0706 0.1914 
     H171941  5 0.0173 0.0240 0.1123 0.0437 0.1840 0.1125 0.1583 0.0731 0.0592 0.0699 0.0974 0.0482 
     H171965  5 0.0210 0.0236 0.1321 0.1014 0.0358 0.1162 0.0254 0.1129 0.1329 0.1207 0.1369 0.0411 
     H171970  5 0.0333 0.0629 0.0846 0.0307 0.1805 0.0780 0.2877 0.0572 0.0348 0.0453 0.0752 0.0299 
     H171973  5 0.0805 0.0468 0.1112 0.1374 0.0764 0.0969 0.0283 0.0875 0.0805 0.1090 0.1078 0.0376 
     H171974  5 0.0551 0.0900 0.1304 0.0577 0.0607 0.0824 0.0232 0.0883 0.1193 0.0819 0.0975 0.1135 
     H171975  5 0.0822 0.0542 0.0657 0.0399 0.3148 0.0740 0.1217 0.0616 0.0266 0.0641 0.0566 0.0387 
     H171976  5 0.0313 0.0310 0.1041 0.0300 0.0515 0.1576 0.1280 0.1370 0.0621 0.1112 0.1357 0.0206 
        H175  5 0.0670 0.0465 0.0789 0.0599 0.0759 0.1417 0.1080 0.0847 0.0793 0.1073 0.0791 0.0716 
        H178  5 0.0232 0.0269 0.1058 0.1064 0.1351 0.0727 0.1166 0.1104 0.0644 0.0863 0.0865 0.0657 
        H189  5 0.0534 0.0235 0.0771 0.1408 0.0834 0.0335 0.0290 0.0871 0.0851 0.0869 0.0511 0.2491 
        H399  5 0.2633 0.0680 0.0809 0.0421 0.0332 0.0578 0.0192 0.1697 0.0434 0.1241 0.0778 0.0205 
        H416  5 0.0615 0.1206 0.0915 0.0576 0.0844 0.1179 0.0531 0.0641 0.1246 0.0702 0.1222 0.0324 
        H438  5 0.1754 0.1095 0.0900 0.0906 0.0992 0.0620 0.0355 0.0686 0.0418 0.0660 0.0735 0.0880 
        H450  5 0.0156 0.0833 0.1838 0.0645 0.0330 0.1029 0.1591 0.0907 0.0647 0.0871 0.0865 0.0289 
        H455  5 0.0207 0.0379 0.0556 0.0564 0.1616 0.0514 0.4108 0.0474 0.0218 0.0398 0.0636 0.0331 
        H456  5 0.0632 0.0357 0.0623 0.3309 0.0511 0.0702 0.0374 0.0725 0.0980 0.0558 0.0702 0.0527 
        H457  5 0.0324 0.0381 0.1276 0.0415 0.0660 0.0954 0.2218 0.1045 0.0561 0.1014 0.0946 0.0207 
        H458  5 0.0525 0.0289 0.1450 0.1689 0.0440 0.0944 0.0444 0.0928 0.0793 0.1047 0.0948 0.0504 
        H459  5 0.0329 0.0192 0.0740 0.0896 0.0387 0.1115 0.0158 0.0801 0.2491 0.0927 0.0772 0.1191 
        H460  5 0.0381 0.1954 0.0803 0.1967 0.0391 0.0711 0.0623 0.0569 0.0810 0.0504 0.0783 0.0504 
        H461  5 0.0284 0.0496 0.1373 0.0508 0.0633 0.1450 0.0378 0.1182 0.0761 0.1098 0.1570 0.0267 
        H462  5 0.0332 0.0429 0.0861 0.0377 0.3248 0.1087 0.0214 0.0615 0.0469 0.0682 0.0651 0.1035 
        H469  5 0.0870 0.0970 0.0737 0.0459 0.1321 0.0674 0.0336 0.0982 0.0539 0.0981 0.0509 0.1622 
        H470  5 0.0742 0.1663 0.0976 0.0716 0.0577 0.1058 0.0286 0.0969 0.0631 0.1074 0.1009 0.0300 
        H471  5 0.0592 0.0447 0.1056 0.0465 0.0195 0.0995 0.0212 0.1100 0.1702 0.1346 0.0690 0.1199 
        H481  5 0.0363 0.0363 0.0593 0.0336 0.0508 0.0796 0.3616 0.0702 0.0849 0.0527 0.0638 0.0708 
        H482  5 0.0717 0.0740 0.1446 0.0462 0.0275 0.1081 0.1192 0.0901 0.0787 0.1027 0.0946 0.0426 
        H501  5 0.0437 0.0707 0.0763 0.0728 0.0617 0.1134 0.0474 0.0707 0.1903 0.1038 0.0996 0.0497 
        H502  5 0.0230 0.0251 0.1171 0.0742 0.0564 0.1162 0.0193 0.1181 0.1360 0.1142 0.1252 0.0753 
        H503  5 0.1069 0.0475 0.0457 0.0755 0.3651 0.0734 0.0259 0.0846 0.0354 0.0523 0.0432 0.0444 
        H509  5 0.3033 0.0551 0.0372 0.0577 0.1811 0.0435 0.0620 0.0516 0.0276 0.0476 0.0890 0.0444 
        H510  5 0.0228 0.0415 0.1261 0.0704 0.1461 0.0786 0.1037 0.0964 0.0351 0.1420 0.1119 0.0254 
        H511  5 0.0512 0.0256 0.1654 0.1189 0.0374 0.0580 0.0310 0.1235 0.0709 0.1410 0.1120 0.0650 
        H530  5 0.1061 0.0381 0.0749 0.0961 0.0632 0.0894 0.0563 0.1070 0.1182 0.0956 0.0931 0.0621 
        H531  5 0.0292 0.1594 0.0621 0.0331 0.0248 0.1172 0.0874 0.0725 0.2228 0.0728 0.0842 0.0345 
        H564  5 0.0149 0.0778 0.1226 0.0470 0.0456 0.1521 0.1258 0.0874 0.0876 0.0953 0.1233 0.0206 
        H565  5 0.0290 0.1141 0.0616 0.0308 0.1072 0.1321 0.2106 0.0526 0.0919 0.0493 0.1071 0.0138 
        H567  5 0.0508 0.0256 0.0469 0.0359 0.2745 0.0922 0.0200 0.0721 0.0403 0.0541 0.0373 0.2501 
     H568???  5 0.0311 0.0393 0.1525 0.0424 0.0459 0.0711 0.0214 0.1923 0.0753 0.1667 0.1108 0.0511 
        H608  5 0.0430 0.0600 0.1686 0.0705 0.0295 0.0987 0.1533 0.1014 0.0658 0.0921 0.0823 0.0349 
        H609  5 0.0349 0.0317 0.0683 0.0639 0.3314 0.0846 0.0287 0.0679 0.0466 0.0684 0.0656 0.1080 
        H612  5 0.0520 0.1438 0.0807 0.1369 0.0411 0.0741 0.1800 0.0600 0.0585 0.0519 0.0978 0.0231 
        H614  5 0.0286 0.1235 0.0572 0.0258 0.0458 0.1249 0.0946 0.0790 0.2023 0.0854 0.1083 0.0247 
        H615  5 0.0227 0.0387 0.0511 0.0329 0.0495 0.1385 0.0816 0.0785 0.2840 0.1010 0.0956 0.0257 
        H616  5 0.0408 0.0259 0.0557 0.0421 0.0455 0.0563 0.4948 0.0456 0.0528 0.0490 0.0536 0.0379 
        H617  5 0.1228 0.0353 0.0873 0.2512 0.0633 0.0566 0.0187 0.0704 0.0811 0.0719 0.0492 0.0923 
        H618  5 0.0645 0.1248 0.0716 0.0335 0.0941 0.0750 0.2332 0.0748 0.0304 0.0880 0.0875 0.0225 
        H619  5 0.0128 0.0210 0.0978 0.3388 0.1672 0.0825 0.0363 0.0444 0.0821 0.0438 0.0329 0.0404 
        H635  5 0.0690 0.0349 0.1486 0.0446 0.0999 0.0859 0.0685 0.0916 0.0644 0.1242 0.1232 0.0451 
        H636  5 0.0397 0.0262 0.1328 0.4087 0.0597 0.0456 0.0243 0.0437 0.1137 0.0415 0.0409 0.0232 
        H637  5 0.0187 0.0355 0.0653 0.0825 0.1719 0.1485 0.1661 0.0700 0.0690 0.0627 0.0683 0.0415 
        H644  5 0.0516 0.0221 0.0821 0.0317 0.0892 0.0543 0.0190 0.1417 0.0388 0.1177 0.0690 0.2827 
        H711  5 0.0223 0.0260 0.1190 0.0776 0.0245 0.1480 0.0275 0.1173 0.1653 0.1361 0.0863 0.0501 
        H712  5 0.0264 0.0400 0.0900 0.0750 0.1122 0.0762 0.1430 0.0702 0.0794 0.0505 0.0981 0.1389 
       H7360  5 0.0248 0.0613 0.0956 0.0758 0.0691 0.0666 0.0593 0.1366 0.1084 0.1463 0.1093 0.0467 
       H7361  5 0.0474 0.0626 0.1159 0.0471 0.0657 0.1101 0.1360 0.0995 0.0563 0.1081 0.1246 0.0266 
       H7362  5 0.0466 0.0223 0.0582 0.0320 0.2581 0.0676 0.0163 0.1741 0.0354 0.1259 0.0758 0.0878 
       H7363  5 0.0568 0.0849 0.1434 0.0371 0.2058 0.0768 0.0615 0.0877 0.0362 0.0708 0.1071 0.0320 
       H7394  5 0.0468 0.0273 0.1363 0.0824 0.0539 0.0875 0.0217 0.0776 0.1008 0.1376 0.1573 0.0708 
       H7395  5 0.0261 0.0516 0.1110 0.2497 0.0759 0.0694 0.0379 0.0816 0.0951 0.0819 0.0890 0.0306 
       H7396  5 0.0306 0.0776 0.0710 0.0443 0.0819 0.0830 0.0244 0.0671 0.3045 0.0489 0.0896 0.0771 
        H742  5 0.0194 0.0442 0.0814 0.1436 0.2852 0.1169 0.0419 0.0461 0.0574 0.0581 0.0786 0.0273 
        H743  5 0.0946 0.0383 0.0497 0.0418 0.1447 0.1063 0.1446 0.0664 0.0754 0.0455 0.0593 0.1336 
        H744  5 0.1829 0.0671 0.0552 0.0289 0.0577 0.0745 0.2250 0.0650 0.0489 0.0586 0.0587 0.0775 
        H957  5 0.0220 0.0384 0.1512 0.0647 0.0263 0.1484 0.0293 0.1268 0.1079 0.1464 0.1166 0.0220 
        H958  5 0.0798 0.0516 0.0963 0.0695 0.0746 0.0867 0.0483 0.0999 0.1186 0.0796 0.1003 0.0947 
        H959  5 0.0294 0.0991 0.0941 0.0633 0.0540 0.1107 0.1719 0.0880 0.0734 0.0920 0.0971 0.0268 
        H960  5 0.1982 0.0426 0.0746 0.0562 0.1611 0.0684 0.0599 0.0836 0.0576 0.0708 0.0607 0.0664 
        H431  8 0.5249 0.0206 0.0514 0.0336 0.0233 0.0585 0.0442 0.0388 0.0985 0.0406 0.0416 0.0240 
        H432  8 0.0237 0.0427 0.0209 0.0167 0.7096 0.0686 0.0150 0.0232 0.0127 0.0302 0.0182 0.0184 
        H433  8 0.0631 0.0296 0.0794 0.1644 0.0599 0.0611 0.0585 0.0693 0.0777 0.0649 0.0947 0.1774 
        H434  8 0.0236 0.0700 0.0553 0.0465 0.0871 0.0998 0.0140 0.0478 0.0992 0.0438 0.0470 0.3660 
        H444  8 0.0275 0.0439 0.0904 0.0996 0.1796 0.0838 0.0947 0.0659 0.0527 0.0832 0.1004 0.0782 
        H454  8 0.0255 0.0467 0.0496 0.0465 0.0966 0.0871 0.3614 0.0579 0.0412 0.0523 0.0687 0.0666 
        H475  8 0.0245 0.0634 0.0692 0.0417 0.0180 0.0634 0.5070 0.0461 0.0460 0.0431 0.0411 0.0365 
        H491  8 0.0167 0.0887 0.1169 0.0724 0.0916 0.1300 0.0799 0.1060 0.0659 0.0853 0.1077 0.0391 
        H492  8 0.0257 0.1063 0.0660 0.0483 0.1207 0.1195 0.0675 0.0672 0.1911 0.0738 0.0701 0.0438 
        H493  8 0.0621 0.0584 0.1286 0.0423 0.0485 0.0856 0.0272 0.1132 0.0978 0.1133 0.1446 0.0785 
        H494  8 0.0483 0.0940 0.0458 0.0310 0.3913 0.1279 0.0490 0.0543 0.0289 0.0491 0.0484 0.0320 
        H495  8 0.0151 0.3477 0.0507 0.0554 0.0229 0.0931 0.1276 0.0654 0.0695 0.0559 0.0676 0.0290 
        H662  8 0.0370 0.1316 0.0742 0.0686 0.0471 0.0683 0.0201 0.0969 0.2033 0.0943 0.1014 0.0572 
        H663  8 0.0765 0.2134 0.0659 0.0705 0.1326 0.0763 0.0823 0.0751 0.0385 0.0737 0.0517 0.0435 
        H695  8 0.1432 0.0414 0.0799 0.0664 0.0502 0.0916 0.1007 0.0749 0.1049 0.0918 0.0713 0.0837 
       H7367  8 0.0443 0.0450 0.0450 0.0405 0.0381 0.0549 0.0154 0.0421 0.0395 0.0676 0.0608 0.5068 
       H7368  8 0.0939 0.0656 0.1245 0.0806 0.0387 0.0866 0.0382 0.1449 0.0573 0.1435 0.0887 0.0376 
       H7369  8 0.0760 0.0610 0.0913 0.1954 0.0582 0.0629 0.0767 0.0849 0.0519 0.0834 0.0744 0.0839 
       H7370  8 0.1058 0.0694 0.0769 0.0276 0.0763 0.1457 0.0139 0.0602 0.1337 0.0554 0.0859 0.1494 
       H7371  8 0.1041 0.0772 0.0610 0.1188 0.0987 0.0997 0.0481 0.0803 0.0825 0.0721 0.0935 0.0640 
     H169705 10 0.0604 0.0583 0.0352 0.0193 0.0476 0.0430 0.0145 0.0377 0.0311 0.0420 0.0873 0.5235 
     H171942 10 0.0193 0.0409 0.0201 0.0145 0.7260 0.0645 0.0154 0.0235 0.0124 0.0220 0.0198 0.0215 
     H171943 10 0.0209 0.1515 0.0882 0.0781 0.0868 0.0918 0.0231 0.0859 0.0677 0.0789 0.1611 0.0659 
     H171944 10 0.0618 0.1464 0.0774 0.1679 0.0305 0.0704 0.0199 0.0717 0.1146 0.0620 0.1110 0.0663 
