        H008  2 0.1796 0.2341 0.0750 0.1853 0.1194 0.2065 
        H021  2 0.1396 0.2255 0.2555 0.1294 0.0974 0.1527 
        H023  2 0.0957 0.1720 0.1656 0.1165 0.3432 0.1071 
        H024  2 0.1981 0.1877 0.0490 0.3089 0.0585 0.1978 
        H025  2 0.1793 0.1029 0.1320 0.0548 0.3541 0.1770 
        H026  2 0.3977 0.0958 0.0870 0.1866 0.0401 0.1928 
        H027  2 0.1374 0.2615 0.1185 0.2663 0.0968 0.1194 
        H028  2 0.2482 0.1546 0.0817 0.2155 0.1048 0.1951 
        H029  2 0.1818 0.1311 0.1160 0.3586 0.0574 0.1552 
        H030  2 0.2157 0.2496 0.0682 0.2162 0.0446 0.2057 
        H038  2 0.1342 0.1134 0.3684 0.1362 0.1330 0.1148 
        H039  2 0.0531 0.0447 0.1580 0.0487 0.6453 0.0502 
        H040  2 0.1303 0.1228 0.3027 0.1190 0.1576 0.1677 
        H041  2 0.1037 0.2070 0.0510 0.3226 0.1976 0.1181 
        H042  2 0.1548 0.1630 0.1286 0.1395 0.2451 0.1690 
        H043  2 0.1080 0.0687 0.4382 0.0485 0.1830 0.1537 
        H044  2 0.2365 0.1630 0.1185 0.1064 0.0727 0.3028 
        H047  2 0.2010 0.1187 0.1536 0.1176 0.1784 0.2307 
        H050  2 0.1464 0.2545 0.0821 0.2724 0.0412 0.2033 
        H058  2 0.2043 0.1373 0.2344 0.0854 0.1284 0.2102 
        H062  2 0.1221 0.1758 0.1996 0.0647 0.3217 0.1161 
        H063  2 0.1214 0.1403 0.1397 0.1293 0.3164 0.1529 
        H065  2 0.3816 0.0761 0.0833 0.0688 0.2337 0.1566 
        H066  2 0.1606 0.1142 0.1939 0.2008 0.0534 0.2770 
        H067  2 0.1856 0.2112 0.0941 0.2429 0.1260 0.1401 
        H068  2 0.1111 0.1656 0.1875 0.0749 0.3211 0.1399 
        H069  2 0.2242 0.1338 0.2213 0.1097 0.1203 0.1907 
        H071  2 0.1574 0.1681 0.2055 0.1401 0.2006 0.1283 
        H072  2 0.0833 0.0716 0.1361 0.0806 0.5245 0.1038 
        H073  2 0.2433 0.1712 0.1476 0.1752 0.1056 0.1570 
        H081  2 0.0809 0.2570 0.0647 0.1247 0.3826 0.0901 
        H082  2 0.1752 0.2419 0.0662 0.1869 0.0646 0.2651 
        H083  2 0.2331 0.2411 0.0917 0.1106 0.0804 0.2430 
        H084  2 0.1664 0.1267 0.2113 0.2057 0.1039 0.1861 
        H085  2 0.0962 0.3704 0.0684 0.1985 0.1632 0.1033 
        H087  2 0.1044 0.2965 0.0792 0.2155 0.1985 0.1060 
        H088  2 0.1445 0.1480 0.1962 0.1004 0.2457 0.1653 
        H089  2 0.1405 0.2575 0.1441 0.1518 0.1975 0.1085 
        H090  2 0.0980 0.2946 0.0421 0.3971 0.0673 0.1009 
        H091  2 0.0960 0.3539 0.0694 0.3241 0.0544 0.1021 
        H098  2 0.1430 0.1978 0.0554 0.2054 0.1701 0.2282 
      H10001  2 0.0535 0.0565 0.1694 0.0385 0.6258 0.0562 
      H10002  2 0.1459 0.1613 0.2234 0.1219 0.2116 0.1359 
        H101  2 0.1313 0.2653 0.0985 0.2640 0.0468 0.1942 
        H108  2 0.0783 0.1316 0.0571 0.0580 0.6073 0.0677 
        H109  2 0.1746 0.1092 0.1797 0.2066 0.1159 0.2140 
        H110  2 0.1049 0.3534 0.0634 0.2499 0.1057 0.1226 
        H116  2 0.2995 0.1108 0.1140 0.1728 0.0659 0.2370 
        H117  2 0.0859 0.1500 0.0494 0.5841 0.0466 0.0841 
        H118  2 0.2059 0.2719 0.0622 0.2359 0.0662 0.1580 
        H119  2 0.1115 0.1200 0.0982 0.4738 0.1124 0.0841 
        H120  2 0.0678 0.1201 0.0761 0.0600 0.6187 0.0573 
        H121  2 0.1152 0.4016 0.0435 0.2560 0.0774 0.1063 
        H125  2 0.0733 0.0555 0.1641 0.1009 0.5420 0.0642 
        H126  2 0.2780 0.1486 0.0626 0.0718 0.2153 0.2236 
        H128  2 0.1146 0.3381 0.0338 0.3758 0.0226 0.1152 
        H129  2 0.3313 0.1231 0.1009 0.1233 0.0657 0.2556 
        H130  2 0.1821 0.0862 0.3104 0.0355 0.2413 0.1444 
        H133  2 0.1416 0.0906 0.1776 0.0983 0.3605 0.1314 
        H134  2 0.5561 0.0548 0.0569 0.0637 0.0465 0.2219 
        H135  2 0.1429 0.1810 0.1184 0.1954 0.2154 0.1469 
        H137  2 0.1207 0.1733 0.0574 0.3860 0.0782 0.1844 
        H138  2 0.3052 0.0786 0.2173 0.0812 0.0418 0.2759 
        H140  2 0.1431 0.1991 0.1076 0.2966 0.1160 0.1376 
        H146  2 0.1438 0.2518 0.0609 0.3680 0.0631 0.1122 
        H147  2 0.1099 0.3706 0.0746 0.2323 0.0927 0.1198 
        H148  2 0.1241 0.1850 0.1285 0.3672 0.0624 0.1329 
     H166022  2 0.1491 0.1971 0.0945 0.3363 0.0603 0.1626 
     H167359  2 0.1816 0.0956 0.2725 0.1220 0.0891 0.2392 
     H167397  2 0.1762 0.2072 0.0788 0.3040 0.0343 0.1994 
     H167428  2 0.2119 0.3056 0.0505 0.1501 0.0951 0.1867 
     H167496  2 0.0961 0.1119 0.0835 0.1516 0.4692 0.0878 
     H167513  2 0.1110 0.2645 0.1571 0.0749 0.0720 0.3206 
     H167545  2 0.1891 0.1767 0.1882 0.1042 0.0725 0.2693 
     H167547  2 0.2121 0.0624 0.0730 0.4847 0.0339 0.1338 
     H169621  2 0.1403 0.2991 0.0835 0.2957 0.0435 0.1379 
     H169622  2 0.2008 0.1194 0.3223 0.1004 0.0579 0.1991 
     H169750  2 0.2099 0.1637 0.1697 0.1291 0.1441 0.1835 
     H171806  2 0.1546 0.1278 0.1198 0.3670 0.1250 0.1059 
     H171808  2 0.2091 0.1147 0.2130 0.1245 0.1549 0.1838 
     H171809  2 0.1674 0.2248 0.1307 0.1345 0.1999 0.1427 
     H171813  2 0.2400 0.1321 0.1839 0.1357 0.0917 0.2166 
     H171815  2 0.1254 0.0865 0.2212 0.0755 0.3842 0.1072 
     H171824  2 0.1108 0.1344 0.1997 0.3025 0.1581 0.0944 
     H171825  2 0.2165 0.1332 0.2565 0.1101 0.1133 0.1704 
     H171826  2 0.1817 0.1096 0.1724 0.2057 0.1222 0.2084 
     H171827  2 0.1558 0.1729 0.3160 0.1368 0.0685 0.1501 
     H171828  2 0.0641 0.1200 0.0776 0.0838 0.6048 0.0496 
     H171829  2 0.2244 0.1475 0.1641 0.1273 0.1355 0.2013 
     H171830  2 0.1481 0.1871 0.0872 0.1577 0.1774 0.2426 
     H171831  2 0.2314 0.1957 0.0772 0.1120 0.0555 0.3282 
     H171832  2 0.2387 0.1047 0.2002 0.1026 0.1161 0.2376 
     H171863  2 0.2941 0.1555 0.1269 0.1133 0.0437 0.2666 
     H171864  2 0.1297 0.2170 0.0867 0.2559 0.1471 0.1637 
     H171865  2 0.1162 0.0639 0.0959 0.1038 0.4984 0.1218 
     H171879  2 0.1414 0.0850 0.1102 0.4739 0.0576 0.1319 
     H171880  2 0.1263 0.1714 0.0944 0.4123 0.0468 0.1487 
     H171881  2 0.1755 0.2146 0.1486 0.1813 0.0665 0.2135 
     H171882  2 0.0566 0.0638 0.0902 0.0545 0.6819 0.0531 
     H171929  2 0.1833 0.2117 0.0839 0.1776 0.1769 0.1665 
     H171930  2 0.1566 0.1961 0.1111 0.1824 0.0431 0.3107 
     H171933  2 0.1373 0.2239 0.1349 0.2904 0.0703 0.1432 
     H171934  2 0.1508 0.1660 0.1516 0.2884 0.1151 0.1281 
     H171937  2 0.2756 0.1148 0.0999 0.0729 0.0866 0.3502 
     H171962  2 0.2120 0.1506 0.1573 0.1059 0.1519 0.2223 
        H190  2 0.2361 0.1861 0.0983 0.1374 0.1074 0.2347 
        H191  2 0.2004 0.1485 0.0659 0.2407 0.2024 0.1421 
        H396  2 0.1176 0.2653 0.1101 0.1118 0.2969 0.0983 
        H397  2 0.1893 0.2217 0.1665 0.1136 0.1231 0.1859 
        H398  2 0.3124 0.0817 0.1850 0.0820 0.1512 0.1877 
        H400  2 0.1594 0.1751 0.1825 0.1112 0.2110 0.1607 
        H401  2 0.1105 0.1410 0.0411 0.5191 0.0383 0.1500 
        H402  2 0.1332 0.1710 0.1387 0.3156 0.0441 0.1973 
        H427  2 0.1402 0.2677 0.0984 0.1954 0.1713 0.1271 
        H428  2 0.2014 0.3055 0.0611 0.1511 0.1009 0.1801 
        H497  2 0.1267 0.1605 0.2237 0.0657 0.1697 0.2537 
        H512  2 0.1627 0.1416 0.1189 0.2909 0.0704 0.2155 
        H513  2 0.1321 0.2478 0.1620 0.0761 0.0702 0.3118 
        H514  2 0.2592 0.1436 0.1951 0.0756 0.0834 0.2431 
        H519  2 0.1187 0.2666 0.1490 0.0918 0.0766 0.2973 
        H532  2 0.1640 0.1579 0.1933 0.2657 0.0696 0.1495 
        H543  2 0.1466 0.2478 0.1929 0.2029 0.0503 0.1595 
        H544  2 0.3064 0.0984 0.1349 0.0566 0.1807 0.2231 
        H545  2 0.2161 0.1824 0.1532 0.0995 0.0680 0.2808 
        H546  2 0.1655 0.0876 0.1267 0.0732 0.4036 0.1435 
        H547  2 0.2028 0.0645 0.0841 0.4845 0.0380 0.1262 
        H548  2 0.1491 0.1584 0.1522 0.2199 0.1769 0.1435 
        H549  2 0.1215 0.1909 0.2999 0.0967 0.0613 0.2297 
        H620  2 0.0449 0.0513 0.0681 0.0615 0.7271 0.0471 
        H623  2 0.2159 0.1748 0.0822 0.0929 0.1006 0.3337 
        H624  2 0.1358 0.0540 0.5494 0.0334 0.0898 0.1375 
        H625  2 0.1513 0.2104 0.1071 0.1395 0.2302 0.1615 
        H626  2 0.1462 0.1129 0.2901 0.1696 0.1099 0.1712 
        H654  2 0.0611 0.0506 0.2532 0.0351 0.5348 0.0652 
        H655  2 0.1106 0.0982 0.4802 0.0660 0.1166 0.1284 
        H656  2 0.0481 0.0802 0.0601 0.0382 0.7363 0.0369 
        H666  2 0.1028 0.1061 0.1686 0.1197 0.4236 0.0794 
        H667  2 0.1462 0.2154 0.1725 0.2798 0.0739 0.1122 
        H677  2 0.1649 0.1182 0.2621 0.2415 0.0839 0.1295 
        H693  2 0.0601 0.2572 0.0632 0.0597 0.4901 0.0697 
        H694  2 0.2188 0.1939 0.0760 0.0965 0.1122 0.3026 
        H701  2 0.1856 0.1809 0.1712 0.1381 0.0594 0.2648 
        H702  2 0.1567 0.1425 0.2360 0.1981 0.1013 0.1654 
        H731  2 0.1314 0.2632 0.1491 0.1041 0.2454 0.1068 
       H7359  2 0.2053 0.0904 0.2684 0.1252 0.0983 0.2125 
       H7389  2 0.1803 0.1257 0.1290 0.3292 0.0779 0.1579 
       H7390  2 0.1137 0.0632 0.5060 0.0874 0.1029 0.1268 
       H7391  2 0.0855 0.1928 0.0629 0.4440 0.1381 0.0768 
       H7392  2 0.2088 0.1314 0.2711 0.1129 0.1162 0.1595 
       H7393  2 0.1468 0.1414 0.2306 0.1659 0.1383 0.1770 
       H7398  2 0.1204 0.3035 0.0610 0.2087 0.1705 0.1360 
       H7399  2 0.1887 0.2488 0.1340 0.2006 0.0580 0.1699 
       H7400  2 0.0577 0.0408 0.1374 0.0363 0.6842 0.0436 
        H745  2 0.4334 0.1223 0.0706 0.0843 0.0571 0.2323 
        H746  2 0.1902 0.2222 0.2034 0.1759 0.0615 0.1468 
        H747  2 0.1249 0.1447 0.1922 0.1390 0.2566 0.1425 
        H748  2 0.1797 0.1367 0.2804 0.1538 0.0782 0.1713 
       H7484  2 0.0963 0.1175 0.0742 0.1052 0.5169 0.0899 
       H7485  2 0.2218 0.1469 0.1865 0.0793 0.1095 0.2559 
        H749  2 0.1603 0.1299 0.3141 0.1465 0.0828 0.1664 
        H930  2 0.1616 0.1955 0.1104 0.2201 0.0476 0.2649 
        H931  2 0.1684 0.1790 0.0840 0.2023 0.2298 0.1366 
        H932  2 0.1877 0.0935 0.1779 0.3364 0.0733 0.1312 
        H002  4 0.1882 0.0752 0.1811 0.0659 0.3151 0.1745 
        H003  4 0.1467 0.3047 0.1329 0.2063 0.0896 0.1196 
        H009  4 0.2550 0.1094 0.2822 0.0735 0.0612 0.2187 
        H010  4 0.1782 0.1335 0.1489 0.3100 0.0753 0.1540 
        H011  4 0.0886 0.1824 0.0838 0.0675 0.4803 0.0974 
        H012  4 0.1419 0.2758 0.1299 0.2091 0.0888 0.1546 
        H013  4 0.1032 0.2581 0.1050 0.1117 0.3189 0.1032 
        H014  4 0.2412 0.1697 0.1084 0.1863 0.0891 0.2053 
        H045  4 0.0960 0.1876 0.0588 0.1788 0.3857 0.0931 
        H046  4 0.2850 0.1769 0.1290 0.1304 0.1068 0.1720 
        H051  4 0.0931 0.2041 0.0726 0.0799 0.4573 0.0930 
        H052  4 0.1550 0.1239 0.1638 0.0682 0.3382 0.1509 
        H053  4 0.1667 0.1162 0.3360 0.1256 0.0948 0.1607 
        H056  4 0.1460 0.1013 0.1072 0.0833 0.4101 0.1521 
        H076  4 0.2739 0.1101 0.0975 0.2829 0.0683 0.1673 
        H151  4 0.1548 0.0700 0.3844 0.1002 0.1469 0.1437 
        H152  4 0.1755 0.1180 0.2068 0.0527 0.2946 0.1524 
     H171803  4 0.1195 0.1318 0.3583 0.1754 0.0868 0.1281 
     H171804  4 0.1147 0.1499 0.1876 0.1786 0.2416 0.1276 
     H171833  4 0.3337 0.0947 0.1334 0.0910 0.0536 0.2936 
     H171855  4 0.1851 0.0794 0.2156 0.0758 0.2511 0.1931 
     H171856  4 0.1394 0.1600 0.2678 0.1857 0.0816 0.1657 
     H171857  4 0.1881 0.1314 0.1183 0.1259 0.2415 0.1948 
     H171858  4 0.2118 0.1080 0.1926 0.1947 0.1369 0.1560 
     H171859  4 0.1900 0.1138 0.1502 0.2498 0.1334 0.1627 
     H171961  4 0.1496 0.1718 0.1433 0.0931 0.3045 0.1378 
        H198  4 0.2555 0.1981 0.1289 0.1581 0.0545 0.2049 
      H20001  4 0.1983 0.1448 0.1817 0.0519 0.0409 0.3825 
        H403  4 0.2047 0.1195 0.1658 0.2301 0.1048 0.1751 
        H404  4 0.1930 0.2445 0.1398 0.1166 0.1178 0.1883 
        H405  4 0.2601 0.1582 0.1164 0.2239 0.0749 0.1666 
        H406  4 0.2156 0.1098 0.0817 0.2769 0.1042 0.2119 
        H407  4 0.1418 0.1216 0.1923 0.3279 0.0936 0.1228 
        H410  4 0.0784 0.0789 0.0362 0.6835 0.0406 0.0824 
        H411  4 0.2968 0.1377 0.1321 0.0876 0.0527 0.2931 
        H468  4 0.1942 0.1228 0.2510 0.1038 0.0793 0.2489 
        H476  4 0.1444 0.1103 0.3330 0.1058 0.1361 0.1704 
        H477  4 0.2213 0.1037 0.2822 0.0563 0.0468 0.2896 
        H478  4 0.1644 0.2018 0.2158 0.1629 0.0869 0.1682 
        H479  4 0.1192 0.2038 0.0963 0.0689 0.4199 0.0918 
        H480  4 0.2359 0.1501 0.2161 0.1252 0.0434 0.2293 
        H498  4 0.1729 0.2638 0.1330 0.1525 0.1402 0.1377 
        H499  4 0.1598 0.2213 0.1679 0.0841 0.1400 0.2269 
        H500  4 0.1087 0.1156 0.2108 0.1352 0.3124 0.1173 
        H515  4 0.1466 0.1484 0.2521 0.1399 0.1118 0.2012 
        H516  4 0.2437 0.1288 0.1625 0.1515 0.0652 0.2483 
        H517  4 0.1212 0.0681 0.0742 0.5653 0.0677 0.1035 
        H518  4 0.2018 0.1137 0.1850 0.0775 0.2590 0.1631 
        H520  4 0.1813 0.0964 0.1812 0.1650 0.1930 0.1831 
        H521  4 0.1765 0.2276 0.1115 0.1642 0.1471 0.1731 
        H522  4 0.1519 0.1623 0.3166 0.1141 0.0835 0.1716 
        H523  4 0.1453 0.2179 0.1538 0.1976 0.1333 0.1520 
        H536  4 0.2653 0.1926 0.1111 0.1158 0.1965 0.1187 
        H645  4 0.0801 0.2176 0.0786 0.1413 0.4076 0.0749 
        H646  4 0.2181 0.1840 0.1194 0.2628 0.0384 0.1774 
        H647  4 0.1973 0.0829 0.3955 0.0850 0.0673 0.1719 
        H657  4 0.1706 0.1070 0.1044 0.4253 0.0529 0.1397 
        H658  4 0.1593 0.1374 0.3211 0.1349 0.0832 0.1641 
        H659  4 0.1126 0.0688 0.4295 0.0963 0.1652 0.1276 
        H660  4 0.1842 0.1802 0.1741 0.0771 0.1568 0.2276 
        H661  4 0.1703 0.0857 0.3868 0.0682 0.1005 0.1884 
        H668  4 0.1831 0.2209 0.1338 0.2365 0.0607 0.1649 
        H669  4 0.1564 0.1877 0.1397 0.2163 0.1399 0.1601 
        H670  4 0.1077 0.2243 0.1407 0.1455 0.2730 0.1089 
        H678  4 0.1636 0.1577 0.2665 0.1042 0.0560 0.2519 
        H679  4 0.1770 0.1276 0.1302 0.2452 0.0878 0.2322 
        H680  4 0.2131 0.1364 0.1679 0.1439 0.0612 0.2776 
        H681  4 0.1374 0.1594 0.1317 0.1452 0.2793 0.1469 
        H682  4 0.1182 0.1345 0.1188 0.4152 0.0648 0.1484 
        H683  4 0.2107 0.1297 0.1258 0.0863 0.2595 0.1880 
        H718  4 0.0893 0.0947 0.0920 0.1362 0.5216 0.0663 
        H719  4 0.0976 0.3409 0.0645 0.0802 0.2978 0.1190 
        H720  4 0.1445 0.2139 0.1444 0.0482 0.2023 0.2468 
        H721  4 0.2322 0.1374 0.1739 0.0710 0.1966 0.1889 
        H722  4 0.2936 0.0878 0.1425 0.0581 0.2452 0.1727 
        H723  4 0.0985 0.1322 0.1291 0.2278 0.3150 0.0974 
        H724  4 0.0938 0.0909 0.1846 0.1370 0.3888 0.1049 
        H725  4 0.1220 0.0991 0.1188 0.0950 0.4572 0.1080 
        H726  4 0.1719 0.0887 0.2197 0.1470 0.2130 0.1596 
        H727  4 0.1165 0.1567 0.1553 0.2470 0.2039 0.1206 
        H910  4 0.1234 0.2047 0.1291 0.1798 0.2023 0.1607 
        H911  4 0.1616 0.0954 0.0652 0.4634 0.1023 0.1121 
        H912  4 0.1966 0.1071 0.1889 0.1551 0.1153 0.2370 
        H913  4 0.1153 0.2144 0.3898 0.0841 0.0838 0.1127 
        H914  4 0.1143 0.1605 0.3095 0.1403 0.1760 0.0993 
        H915  4 0.1529 0.1126 0.2707 0.1779 0.0963 0.1896 
        H916  4 0.1887 0.1411 0.1871 0.1041 0.0710 0.3079 
       H9572  4 0.1472 0.2117 0.1461 0.1812 0.1044 0.2095 
        H015  5 0.1787 0.2446 0.0817 0.1043 0.0732 0.3175 
        H016  5 0.3228 0.1388 0.1429 0.0935 0.0951 0.2069 
        H017  5 0.1718 0.1616 0.3146 0.0811 0.0623 0.2087 
        H019  5 0.1901 0.1910 0.1350 0.0950 0.1679 0.2211 
        H020  5 0.1408 0.3064 0.1024 0.0850 0.2458 0.1197 
        H032  5 0.1978 0.0927 0.1618 0.2219 0.1338 0.1921 
        H033  5 0.1765 0.2607 0.1140 0.1595 0.0934 0.1958 
        H034  5 0.1381 0.1465 0.1296 0.2461 0.2109 0.1288 
        H035  5 0.1966 0.1398 0.2827 0.1466 0.0605 0.1737 
        H036  5 0.1176 0.2989 0.0623 0.2213 0.0929 0.2069 
        H037  5 0.1184 0.1284 0.4060 0.0702 0.1321 0.1449 
        H048  5 0.1085 0.1056 0.1278 0.2054 0.3585 0.0942 
        H049  5 0.2035 0.2247 0.0838 0.0970 0.1436 0.2475 
        H054  5 0.2733 0.1216 0.0870 0.2600 0.1197 0.1384 
        H055  5 0.2318 0.1255 0.2430 0.1040 0.1420 0.1537 
        H057  5 0.3459 0.0824 0.2014 0.0580 0.1116 0.2008 
        H060  5 0.1600 0.0921 0.3745 0.0655 0.1803 0.1275 
        H061  5 0.1780 0.1291 0.2123 0.2451 0.0772 0.1583 
        H064  5 0.1660 0.1810 0.1080 0.1033 0.2978 0.1440 
        H070  5 0.1275 0.2180 0.1748 0.1443 0.1951 0.1404 
        H077  5 0.1149 0.0915 0.1833 0.0924 0.4020 0.1159 
        H078  5 0.2129 0.1052 0.2732 0.1010 0.0969 0.2109 
        H079  5 0.1356 0.3211 0.1283 0.1788 0.0891 0.1472 
        H097  5 0.2276 0.1127 0.2570 0.0773 0.1321 0.1933 
        H107  5 0.0942 0.1559 0.1353 0.1199 0.4069 0.0878 
        H122  5 0.1722 0.0964 0.4274 0.0975 0.0463 0.1600 
        H123  5 0.1746 0.1504 0.1238 0.3752 0.0400 0.1360 
        H124  5 0.1789 0.1036 0.1363 0.3793 0.0637 0.1382 
        H131  5 0.1361 0.2434 0.0672 0.3700 0.0493 0.1340 
        H132  5 0.1652 0.1338 0.1605 0.1612 0.2211 0.1583 
        H141  5 0.1480 0.1269 0.2567 0.1462 0.1412 0.1810 
        H142  5 0.1712 0.2621 0.1982 0.1244 0.0730 0.1711 
        H157  5 0.1502 0.1227 0.2013 0.1535 0.2331 0.1392 
        H158  5 0.2611 0.1520 0.1390 0.1800 0.0477 0.2201 
        H159  5 0.2095 0.1540 0.1298 0.2147 0.0717 0.2203 
        H160  5 0.1967 0.1338 0.2063 0.2187 0.0776 0.1668 
        H163  5 0.1912 0.1999 0.1090 0.1959 0.0834 0.2207 
        H164  5 0.1738 0.2100 0.1033 0.1625 0.1351 0.2151 
        H165  5 0.1474 0.2279 0.0841 0.3433 0.0652 0.1323 
        H166  5 0.1367 0.3597 0.0875 0.0841 0.1123 0.2197 
        H169  5 0.1677 0.2305 0.1724 0.1636 0.0793 0.1864 
     H169613  5 0.1914 0.1793 0.1796 0.1011 0.1633 0.1852 
     H169653  5 0.1584 0.3343 0.0579 0.2008 0.0871 0.1615 
     H169728  5 0.2068 0.1576 0.1719 0.0929 0.0954 0.2755 
     H169742  5 0.1017 0.2562 0.1365 0.0797 0.3274 0.0985 
        H170  5 0.2955 0.0621 0.2415 0.0958 0.0937 0.2113 
        H171  5 0.3279 0.1143 0.1178 0.0772 0.0987 0.2642 
     H171851  5 0.2688 0.1457 0.1925 0.0782 0.0988 0.2160 
     H171852  5 0.1853 0.0905 0.2532 0.0809 0.2391 0.1509 
     H171853  5 0.1363 0.1707 0.0962 0.3283 0.1140 0.1544 
     H171854  5 0.2347 0.1211 0.1371 0.1078 0.1120 0.2873 
     H171938  5 0.1220 0.2196 0.1419 0.2025 0.2093 0.1046 
     H171939  5 0.2423 0.2194 0.1243 0.1051 0.1133 0.1956 
     H171941  5 0.1201 0.2088 0.1448 0.0620 0.3582 0.1061 
     H171965  5 0.2699 0.1593 0.2024 0.0887 0.0798 0.2000 
     H171970  5 0.0980 0.1391 0.1130 0.0706 0.4688 0.1105 
     H171973  5 0.1463 0.1761 0.1726 0.1900 0.1676 0.1473 
     H171974  5 0.1551 0.2262 0.2108 0.1748 0.0945 0.1386 
     H171975  5 0.1226 0.2311 0.0565 0.1411 0.2831 0.1656 
     H171976  5 0.2549 0.0737 0.1780 0.0674 0.1764 0.2496 
        H175  5 0.1523 0.1221 0.1813 0.1750 0.2359 0.1335 
        H178  5 0.1450 0.2193 0.1474 0.0860 0.2711 0.1313 
        H189  5 0.1725 0.2938 0.0799 0.2617 0.0479 0.1443 
        H399  5 0.3765 0.0534 0.1561 0.1794 0.0545 0.1801 
        H416  5 0.1512 0.1425 0.2526 0.1055 0.1919 0.1564 
        H438  5 0.1192 0.2070 0.1079 0.3101 0.1014 0.1544 
        H450  5 0.1189 0.1012 0.3588 0.0509 0.2414 0.1288 
        H455  5 0.0648 0.1808 0.0552 0.0570 0.5755 0.0666 
        H456  5 0.1255 0.1896 0.1902 0.2175 0.1404 0.1369 
        H457  5 0.1719 0.1006 0.1739 0.0669 0.3330 0.1536 
        H458  5 0.1637 0.1885 0.1861 0.1702 0.1502 0.1413 
        H459  5 0.1952 0.2231 0.1890 0.1640 0.0527 0.1761 
        H460  5 0.1333 0.1584 0.2790 0.1294 0.1317 0.1681 
        H461  5 0.2471 0.0790 0.2150 0.0718 0.0883 0.2987 
        H462  5 0.1262 0.2703 0.0941 0.1985 0.0856 0.2253 
        H469  5 0.1678 0.2659 0.0895 0.2148 0.0761 0.1859 
        H470  5 0.1822 0.1556 0.1641 0.1592 0.0940 0.2449 
        H471  5 0.2406 0.0947 0.2493 0.1732 0.0376 0.2047 
        H481  5 0.1049 0.0848 0.2095 0.0716 0.4379 0.0913 
        H482  5 0.1967 0.1015 0.2266 0.1195 0.2064 0.1493 
        H501  5 0.1815 0.1432 0.2097 0.1347 0.1455 0.1854 
        H502  5 0.2633 0.1450 0.1796 0.1142 0.0604 0.2376 
        H503  5 0.1457 0.2551 0.0830 0.2476 0.0558 0.2128 
        H509  5 0.1292 0.1689 0.1073 0.3059 0.1640 0.1247 
        H510  5 0.1851 0.1865 0.0766 0.0763 0.2733 0.2022 
        H511  5 0.2410 0.1560 0.1681 0.1466 0.0855 0.2028 
        H530  5 0.1368 0.1344 0.1550 0.2428 0.1994 0.1316 
        H531  5 0.1644 0.0791 0.3958 0.0816 0.1407 0.1384 
        H564  5 0.1886 0.1170 0.2088 0.0527 0.2552 0.1777 
        H565  5 0.0957 0.1040 0.1961 0.0496 0.4437 0.1109 
        H567  5 0.1434 0.3130 0.0604 0.2655 0.0561 0.1615 
     H568???  5 0.2470 0.1257 0.1534 0.1071 0.0649 0.3018 
        H608  5 0.1366 0.0966 0.2915 0.0755 0.2580 0.1418 
        H609  5 0.1290 0.3541 0.0649 0.1631 0.1680 0.1210 
        H612  5 0.0741 0.1456 0.1635 0.1276 0.4034 0.0858 
        H614  5 0.1733 0.0720 0.3135 0.0659 0.2268 0.1485 
        H615  5 0.1052 0.0675 0.4502 0.0601 0.1883 0.1286 
        H616  5 0.0641 0.1171 0.1128 0.0814 0.5638 0.0608 
        H617  5 0.1418 0.1938 0.1215 0.3456 0.0551 0.1422 
        H618  5 0.1279 0.1230 0.0829 0.1023 0.4429 0.1210 
        H619  5 0.0959 0.3801 0.0974 0.0762 0.2635 0.0869 
        H635  5 0.1913 0.1700 0.1146 0.1715 0.1537 0.1990 
        H636  5 0.1096 0.2838 0.1267 0.1760 0.1886 0.1153 
        H637  5 0.1104 0.1902 0.1380 0.0524 0.3953 0.1136 
        H644  5 0.2816 0.2181 0.0610 0.1808 0.0435 0.2150 
        H711  5 0.2464 0.0809 0.3563 0.0745 0.0623 0.1795 
        H712  5 0.0961 0.2739 0.1061 0.0704 0.3681 0.0853 
       H7360  5 0.2314 0.1326 0.2592 0.0664 0.1139 0.1965 
       H7361  5 0.1560 0.0900 0.1741 0.0994 0.3009 0.1796 
       H7362  5 0.2781 0.2251 0.0502 0.1670 0.0473 0.2323 
       H7363  5 0.1796 0.1745 0.1470 0.1072 0.1636 0.2281 
       H7394  5 0.1730 0.1689 0.1431 0.2014 0.0621 0.2516 
       H7395  5 0.1638 0.2580 0.1579 0.1087 0.1800 0.1315 
       H7396  5 0.1191 0.2091 0.3172 0.1023 0.0766 0.1757 
        H742  5 0.0980 0.2593 0.1353 0.0895 0.3219 0.0960 
        H743  5 0.1710 0.1757 0.1236 0.1362 0.2848 0.1087 
        H744  5 0.1030 0.0916 0.0994 0.2827 0.3371 0.0862 
        H957  5 0.1904 0.0678 0.3578 0.0768 0.0740 0.2333 
        H958  5 0.1474 0.2114 0.1834 0.1900 0.1063 0.1614 
        H959  5 0.1011 0.1325 0.1155 0.0744 0.4676 0.1090 
        H960  5 0.1413 0.1615 0.1030 0.3233 0.1352 0.1357 
        H431  8 0.1023 0.0593 0.1725 0.4620 0.1042 0.0997 
        H432  8 0.1508 0.3190 0.0407 0.1091 0.0835 0.2970 
        H433  8 0.1383 0.2630 0.0807 0.2481 0.1251 0.1449 
        H434  8 0.1547 0.3509 0.1524 0.1326 0.0541 0.1554 
        H444  8 0.1121 0.3500 0.0621 0.1086 0.2605 0.1067 
        H454  8 0.0801 0.1813 0.0871 0.0684 0.4970 0.0861 
        H475  8 0.0999 0.0825 0.2013 0.0748 0.4465 0.0951 
        H491  8 0.1697 0.1886 0.1514 0.0429 0.2745 0.1730 
        H492  8 0.1321 0.1483 0.2332 0.0797 0.2499 0.1568 
        H493  8 0.2216 0.1620 0.1457 0.1302 0.0870 0.2534 
        H494  8 0.1187 0.2550 0.0853 0.1015 0.2774 0.1621 
        H495  8 0.1423 0.0934 0.3682 0.0348 0.2032 0.1581 
        H662  8 0.2464 0.1066 0.2800 0.0957 0.0778 0.1935 
        H663  8 0.1499 0.1904 0.1123 0.1723 0.1851 0.1900 
        H695  8 0.1453 0.1151 0.1635 0.2490 0.1841 0.1430 
       H7367  8 0.1365 0.2434 0.0738 0.3552 0.0439 0.1472 
       H7368  8 0.2461 0.1146 0.0877 0.2471 0.0897 0.2148 
       H7369  8 0.1368 0.2231 0.0839 0.1956 0.2206 0.1400 
       H7370  8 0.1321 0.1845 0.1690 0.2719 0.0366 0.2060 
       H7371  8 0.1245 0.1983 0.1226 0.2685 0.1343 0.1519 
     H169705 10 0.1105 0.2553 0.0880 0.3412 0.0429 0.1621 
     H171942 10 0.1334 0.3365 0.0358 0.1182 0.0820 0.2940 
     H171943 10 0.2057 0.1696 0.2507 0.0844 0.0810 0.2085 
     H171944 10 0.1485 0.1346 0.3323 0.1583 0.0631 0.1633 
     H171946 10 0.1480 0.0655 0.4616 0.0822 0.0786 0.1642 
     H171947 10 0.2136 0.1879 0.1204 0.1213 0.1089 0.2479 
     H229641 10 0.1421 0.1011 0.1545 0.2176 0.2100 0.1746 
      H30001 10 0.1685 0.1682 0.1558 0.1834 0.1436 0.1806 
      H30002 10 0.1241 0.3830 0.1918 0.1070 0.0728 0.1212 
      H30005 10 0.1014 0.1233 0.0713 0.5333 0.0504 0.1204 
      H30006 10 0.1341 0.3133 0.0498 0.3039 0.0731 0.1258 
      H30007 10 0.2975 0.1484 0.2131 0.0520 0.0594 0.2295 
        H451 10 0.1498 0.3177 0.0492 0.1759 0.1167 0.1907 
        H452 10 0.0983 0.0799 0.0595 0.5741 0.0854 0.1028 
        H453 10 0.1726 0.1121 0.2352 0.0661 0.2833 0.1307 
        H473 10 0.1897 0.1148 0.1537 0.0670 0.3327 0.1421 
        H474 10 0.0945 0.0674 0.4103 0.0524 0.2630 0.1125 
        H486 10 0.1048 0.1201 0.0634 0.2050 0.3869 0.1199 
        H487 10 0.1466 0.0998 0.2126 0.2526 0.1507 0.1377 
        H488 10 0.1183 0.2630 0.0811 0.1710 0.2405 0.1261 
        H489 10 0.1417 0.0947 0.3558 0.1261 0.1702 0.1115 
        H550 10 0.1722 0.1415 0.3822 0.0846 0.0334 0.1861 
        H551 10 0.1128 0.2361 0.0891 0.2537 0.1433 0.1650 
        H553 10 0.1153 0.1331 0.1291 0.3693 0.1532 0.0999 
        H554 10 0.1822 0.2234 0.1126 0.1473 0.0985 0.2360 
        H556 10 0.1695 0.2086 0.1953 0.1667 0.1061 0.1538 
        H580 10 0.1822 0.1814 0.1211 0.2832 0.0612 0.1709 
        H591 10 0.0828 0.0756 0.1667 0.0793 0.4992 0.0963 
        H592 10 0.1526 0.1172 0.2303 0.2177 0.1226 0.1597 
        H593 10 0.2283 0.1217 0.1957 0.1054 0.1120 0.2369 
        H594 10 0.3030 0.1584 0.0947 0.1906 0.0431 0.2102 
        H627 10 0.1794 0.1034 0.2902 0.0722 0.1366 0.2181 
        H628 10 0.2168 0.1481 0.0648 0.3573 0.0847 0.1284 
        H629 10 0.2248 0.1151 0.1761 0.0892 0.1371 0.2578 
        H630 10 0.1512 0.1512 0.2587 0.1518 0.0489 0.2381 
        H638 10 0.1538 0.1491 0.1484 0.1851 0.0563 0.3072 
        H639 10 0.1439 0.0920 0.1444 0.1062 0.3764 0.1372 
        H640 10 0.1820 0.2070 0.1102 0.1630 0.0657 0.2720 
        H704 10 0.3539 0.1332 0.1215 0.1150 0.0557 0.2208 
        H705 10 0.1281 0.2505 0.0813 0.3596 0.0431 0.1373 
        H706 10 0.1135 0.1978 0.1018 0.1973 0.2758 0.1138 
        H708 10 0.0957 0.0624 0.5231 0.0805 0.1070 0.1312 
       H7351 10 0.2165 0.1457 0.2272 0.1146 0.0897 0.2063 
       H7352 10 0.2024 0.0974 0.1905 0.2298 0.1043 0.1756 
       H7353 10 0.4107 0.1379 0.0589 0.0876 0.0668 0.2382 
       H7354 10 0.1507 0.2032 0.2017 0.0716 0.2519 0.1209 
       H7365 10 0.1120 0.1143 0.2188 0.1537 0.2705 0.1308 
       H7383 10 0.1351 0.1764 0.1994 0.1495 0.2078 0.1318 
       H7384 10 0.1527 0.2222 0.1465 0.2356 0.1106 0.1325 
       H7385 10 0.1365 0.1991 0.2243 0.1084 0.1803 0.1514 
       H7386 10 0.1653 0.1837 0.0651 0.2920 0.1235 0.1705 
       H7387 10 0.2035 0.1794 0.2408 0.1079 0.0700 0.1985 
       H7388 10 0.0587 0.0711 0.0484 0.6647 0.0879 0.0693 
        H906 10 0.1487 0.1484 0.0681 0.0425 0.4564 0.1359 
        H907 10 0.2182 0.1535 0.1574 0.1741 0.0678 0.2290 
        H908 10 0.1482 0.2403 0.1316 0.1789 0.1080 0.1930 
        H909 10 0.1187 0.2809 0.1428 0.0840 0.2768 0.0968 
       H9552 10 0.2477 0.1387 0.1162 0.1819 0.1264 0.1891 
       H9553 10 0.0953 0.1544 0.0897 0.4541 0.1169 0.0895 
       H9555 10 0.1590 0.1899 0.1925 0.2257 0.0701 0.1627 
       H9575 10 0.1688 0.0772 0.3255 0.1206 0.1435 0.1644 
       H9703 10 0.1032 0.1647 0.1533 0.2092 0.2860 0.0836 
       H9707 10 0.1162 0.1370 0.1224 0.1576 0.3372 0.1297 
       HSAA4 10 0.1563 0.1859 0.1246 0.3010 0.0609 0.1713 
        H001 11 0.1671 0.1710 0.1483 0.1312 0.2049 0.1776 
        H004 11 0.1825 0.1493 0.2723 0.0991 0.1087 0.1880 
        H005 11 0.1232 0.1063 0.1393 0.0847 0.4496 0.0969 
        H006 11 0.1749 0.1618 0.2044 0.1741 0.1173 0.1675 
        H007 11 0.0751 0.1940 0.0774 0.0407 0.5441 0.0687 
        H031 11 0.0879 0.0840 0.2096 0.1699 0.3354 0.1132 
        H074 11 0.1380 0.1273 0.2456 0.1291 0.2125 0.1474 
        H075 11 0.0928 0.1591 0.2095 0.0687 0.3937 0.0762 
        H080 11 0.1287 0.1564 0.1186 0.2008 0.2467 0.1488 
        H086 11 0.1435 0.2246 0.0921 0.3508 0.0757 0.1131 
        H092 11 0.1642 0.1757 0.1632 0.1922 0.1562 0.1485 
        H093 11 0.2679 0.2496 0.0841 0.0980 0.0903 0.2100 
        H094 11 0.1689 0.1270 0.2682 0.1724 0.0530 0.2105 
        H095 11 0.1637 0.1447 0.1736 0.1053 0.2918 0.1208 
        H096 11 0.1305 0.1470 0.1470 0.1476 0.3136 0.1143 
        H099 11 0.2002 0.1729 0.1890 0.1045 0.1450 0.1884 
        H100 11 0.1702 0.3191 0.1044 0.0973 0.1034 0.2056 
        H127 11 0.1454 0.1078 0.1262 0.3582 0.1342 0.1281 
        H136 11 0.0995 0.0753 0.3880 0.0771 0.2544 0.1057 
        H153 11 0.2155 0.1684 0.1616 0.0970 0.1319 0.2256 
        H154 11 0.1234 0.0817 0.3203 0.2075 0.1490 0.1181 
        H155 11 0.1267 0.2574 0.0499 0.3721 0.0820 0.1120 
        H156 11 0.2190 0.1970 0.0759 0.2234 0.0607 0.2239 
        H161 11 0.2252 0.1600 0.1735 0.0801 0.1370 0.2243 
        H162 11 0.1593 0.1471 0.0935 0.3837 0.0516 0.1648 
        H167 11 0.1717 0.2556 0.1730 0.1435 0.0799 0.1763 
        H168 11 0.1755 0.1775 0.1037 0.2446 0.1210 0.1776 
     H169586 11 0.2321 0.0539 0.4281 0.0457 0.0818 0.1584 
     H169738 11 0.1324 0.2541 0.0549 0.2999 0.1465 0.1122 
     H169741 11 0.0915 0.0716 0.5320 0.0801 0.1071 0.1177 
     H171801 11 0.2568 0.1805 0.0771 0.1081 0.0812 0.2963 
     H171810 11 0.1056 0.1008 0.3769 0.0556 0.2024 0.1588 
     H171811 11 0.1532 0.0667 0.4572 0.0685 0.0904 0.1640 
     H171812 11 0.1169 0.2445 0.1802 0.0919 0.2295 0.1369 
     H171820 11 0.1552 0.1288 0.2930 0.1007 0.1884 0.1340 
     H171821 11 0.1888 0.1367 0.1217 0.2559 0.0921 0.2048 
     H171822 11 0.1985 0.1706 0.1501 0.1989 0.0741 0.2077 
     H171823 11 0.1872 0.0611 0.1897 0.0348 0.3714 0.1558 
     H171866 11 0.2352 0.1419 0.0688 0.2102 0.1534 0.1904 
     H171867 11 0.1145 0.2430 0.0932 0.2722 0.1114 0.1657 
     H171967 11 0.1214 0.1266 0.1533 0.1253 0.3621 0.1113 
     H171969 11 0.2003 0.1876 0.1670 0.0793 0.1637 0.2020 
        H172 11 0.1363 0.1943 0.2096 0.1629 0.1250 0.1719 
        H173 11 0.1124 0.2191 0.1170 0.2910 0.1164 0.1440 
        H174 11 0.2292 0.1279 0.1247 0.1775 0.0346 0.3061 
        H196 11 0.0759 0.0649 0.0417 0.6972 0.0448 0.0755 
        H197 11 0.1893 0.1994 0.1377 0.1755 0.0638 0.2344 
        H346 11 0.1082 0.3024 0.1315 0.0826 0.2638 0.1117 
        H355 11 0.1462 0.1670 0.1245 0.1000 0.3467 0.1156 
        H356 11 0.1358 0.2726 0.1227 0.1523 0.1931 0.1236 
        H357 11 0.1423 0.1473 0.1552 0.1239 0.2312 0.2001 
        H358 11 0.0977 0.2893 0.2464 0.0990 0.1631 0.1045 
        H359 11 0.2048 0.1110 0.2488 0.1985 0.0751 0.1618 
        H360 11 0.1278 0.3061 0.1768 0.1697 0.0815 0.1382 
        H361 11 0.1203 0.3556 0.0792 0.1642 0.1808 0.1000 
        H362 11 0.1807 0.1644 0.0880 0.2990 0.0492 0.2188 
        H363 11 0.1185 0.1369 0.3397 0.1257 0.1638 0.1153 
        H364 11 0.1855 0.1507 0.3408 0.0828 0.0876 0.1526 
        H365 11 0.1956 0.1718 0.1444 0.1802 0.1554 0.1526 
        H366 11 0.1575 0.1497 0.0816 0.3373 0.1412 0.1327 
        H367 11 0.1079 0.1206 0.1089 0.2803 0.2685 0.1139 
        H368 11 0.1881 0.1041 0.3541 0.0594 0.0465 0.2478 
        H369 11 0.0767 0.1310 0.1036 0.2071 0.3815 0.1001 
        H370 11 0.1838 0.1756 0.1557 0.2167 0.0668 0.2014 
        H371 11 0.1637 0.2010 0.1117 0.2003 0.1057 0.2176 
        H372 11 0.1575 0.1685 0.1771 0.2472 0.1119 0.1378 
        H373 11 0.1703 0.1895 0.1509 0.1425 0.1137 0.2331 
        H374 11 0.1681 0.2334 0.2027 0.0788 0.1667 0.1503 
        H375 11 0.1077 0.2343 0.1044 0.1402 0.2842 0.1292 
        H376 11 0.2519 0.1740 0.1053 0.1243 0.0951 0.2495 
        H377 11 0.1491 0.1672 0.2562 0.0978 0.1608 0.1690 
        H378 11 0.2042 0.1490 0.1781 0.1327 0.1034 0.2326 
        H379 11 0.2005 0.1715 0.1849 0.1201 0.0960 0.2269 
        H380 11 0.1440 0.2159 0.0909 0.2567 0.1156 0.1769 
        H381 11 0.1620 0.0625 0.3980 0.0556 0.1824 0.1395 
        H382 11 0.2068 0.1721 0.0694 0.2237 0.0503 0.2776 
        H383 11 0.3004 0.1561 0.1088 0.1642 0.0685 0.2021 
        H384 11 0.1169 0.1316 0.4916 0.0667 0.0841 0.1090 
        H385 11 0.1528 0.1249 0.3430 0.1135 0.0800 0.1859 
        H386 11 0.1039 0.2440 0.1234 0.3135 0.1220 0.0933 
        H387 11 0.3286 0.0956 0.1946 0.0615 0.1110 0.2088 
        H388 11 0.1789 0.2226 0.0844 0.3057 0.0723 0.1362 
        H389 11 0.0955 0.2359 0.0877 0.1044 0.3611 0.1154 
        H390 11 0.1535 0.2281 0.1831 0.1488 0.0724 0.2141 
        H391 11 0.2220 0.0990 0.2342 0.1782 0.0429 0.2237 
        H392 11 0.0854 0.1952 0.2488 0.0742 0.3228 0.0736 
        H393 11 0.2142 0.2966 0.0848 0.0696 0.1497 0.1850 
        H394 11 0.3826 0.1345 0.0847 0.0875 0.1053 0.2053 
        H395 11 0.1342 0.0868 0.1901 0.2540 0.2003 0.1346 
        H408 11 0.1160 0.2876 0.1258 0.1456 0.2143 0.1108 
        H412 11 0.1458 0.0859 0.3800 0.1093 0.1259 0.1531 
        H417 11 0.1390 0.1075 0.4158 0.1159 0.0887 0.1332 
        H418 11 0.1822 0.1087 0.1753 0.2649 0.0964 0.1726 
        H429 11 0.1713 0.2242 0.1826 0.0986 0.1999 0.1235 
        H430 11 0.1640 0.2833 0.0802 0.1675 0.1147 0.1903 
        H439 11 0.1470 0.1961 0.2148 0.1840 0.0893 0.1688 
        H440 11 0.1408 0.0810 0.3021 0.0926 0.2594 0.1239 
        H441 11 0.0944 0.1274 0.0678 0.5404 0.0437 0.1264 
        H442 11 0.1486 0.1109 0.0908 0.3977 0.1179 0.1342 
        H446 11 0.2846 0.1875 0.1255 0.1345 0.0985 0.1694 
        H447 11 0.1307 0.2499 0.2034 0.1982 0.0826 0.1352 
        H448 11 0.1065 0.1558 0.0633 0.4354 0.1294 0.1095 
        H534 11 0.1603 0.0930 0.3361 0.0806 0.1817 0.1482 
        H537 11 0.1556 0.1248 0.1074 0.1840 0.2880 0.1401 
        H568 11 0.1049 0.0668 0.2683 0.0684 0.3833 0.1083 
        H569 11 0.1362 0.3409 0.0470 0.2056 0.0446 0.2258 
        H586 11 0.2231 0.0524 0.4536 0.0396 0.0785 0.1526 
        H587 11 0.1017 0.1296 0.2884 0.0827 0.3015 0.0962 
        H588 11 0.3801 0.0975 0.1888 0.0605 0.0629 0.2102 
        H589 11 0.0981 0.0900 0.3382 0.0566 0.3280 0.0892 
        H590 11 0.1189 0.0937 0.0806 0.0881 0.5249 0.0938 
        H601 11 0.1944 0.2240 0.0686 0.1851 0.0930 0.2348 
        H602 11 0.1129 0.1081 0.1512 0.3114 0.1749 0.1415 
        H603 11 0.1196 0.3042 0.0944 0.2268 0.1052 0.1497 
        H610 11 0.1505 0.1638 0.1493 0.2612 0.1145 0.1607 
        H611 11 0.1151 0.1122 0.3471 0.0949 0.1921 0.1385 
        H649 11 0.1517 0.2508 0.1176 0.0896 0.1719 0.2183 
        H650 11 0.1777 0.1746 0.1856 0.1479 0.0638 0.2505 
        H651 11 0.1296 0.2282 0.0869 0.2454 0.1748 0.1352 
        H652 11 0.2716 0.1261 0.1252 0.1544 0.1001 0.2226 
       H7364 11 0.1953 0.2075 0.1548 0.1420 0.1192 0.1812 
       H7366 11 0.1408 0.2392 0.0859 0.2546 0.1665 0.1129 
       H7378 11 0.2563 0.1848 0.0662 0.1359 0.0317 0.3251 
       H7379 11 0.2125 0.1490 0.1424 0.2045 0.1054 0.1861 
        H739 11 0.1129 0.1159 0.2789 0.1232 0.2487 0.1203 
        H740 11 0.2323 0.1712 0.1065 0.1839 0.0687 0.2374 
        H741 11 0.0865 0.0786 0.5124 0.0785 0.1265 0.1176 
        H926 11 0.1765 0.2210 0.0821 0.1575 0.0814 0.2815 
        H927 11 0.1105 0.1646 0.1221 0.4763 0.0395 0.0870 
        H928 11 0.1883 0.1136 0.2425 0.1690 0.0693 0.2174 
       H9560 11 0.1844 0.1408 0.2488 0.1310 0.0648 0.2302 
