        H008  2 0.1289 0.1257 0.1171 0.2449 0.1153 0.1289 0.1392 
        H021  2 0.1295 0.1023 0.1917 0.1279 0.1017 0.1588 0.1880 
        H023  2 0.1164 0.1069 0.2161 0.1182 0.1941 0.1421 0.1062 
        H024  2 0.1590 0.2466 0.0702 0.2417 0.0643 0.1167 0.1015 
        H025  2 0.1660 0.0564 0.1971 0.1275 0.2602 0.0845 0.1083 
        H026  2 0.3712 0.1288 0.0629 0.1121 0.0463 0.1354 0.1432 
        H027  2 0.1032 0.1230 0.1429 0.1905 0.1022 0.2235 0.1148 
        H028  2 0.2086 0.1737 0.1190 0.1403 0.1242 0.1259 0.1083 
        H029  2 0.1377 0.2997 0.0969 0.1683 0.0690 0.1231 0.1054 
        H030  2 0.1870 0.1621 0.0783 0.2199 0.0638 0.1783 0.1106 
        H038  2 0.0885 0.1160 0.2136 0.0630 0.1287 0.1455 0.2447 
        H039  2 0.0573 0.0674 0.2854 0.0400 0.4440 0.0505 0.0554 
        H040  2 0.1280 0.1559 0.1686 0.1035 0.1367 0.1387 0.1687 
        H041  2 0.1113 0.2166 0.1140 0.2337 0.1362 0.1102 0.0779 
        H042  2 0.1313 0.1360 0.1756 0.1606 0.1685 0.1285 0.0995 
        H043  2 0.0948 0.0576 0.1941 0.0494 0.2090 0.0984 0.2966 
        H044  2 0.1785 0.0724 0.1032 0.1878 0.0877 0.1619 0.2085 
        H047  2 0.1924 0.1356 0.1613 0.1174 0.1586 0.1003 0.1343 
        H050  2 0.1498 0.1135 0.0633 0.2676 0.0508 0.2411 0.1139 
        H058  2 0.1398 0.0862 0.1368 0.0906 0.1103 0.1403 0.2960 
        H062  2 0.1282 0.0707 0.2853 0.0952 0.1736 0.1288 0.1181 
        H063  2 0.0945 0.1157 0.1678 0.1144 0.1983 0.1026 0.2067 
        H065  2 0.3856 0.0600 0.1328 0.0741 0.1708 0.0902 0.0865 
        H066  2 0.1486 0.2673 0.0847 0.0988 0.0522 0.1492 0.1992 
        H067  2 0.1448 0.1541 0.1384 0.1636 0.1719 0.1325 0.0948 
        H068  2 0.1404 0.1088 0.1761 0.1192 0.1861 0.1319 0.1375 
        H069  2 0.1516 0.1092 0.1624 0.1156 0.0861 0.1809 0.1942 
        H071  2 0.1255 0.1036 0.1579 0.1225 0.1722 0.1644 0.1539 
        H072  2 0.0850 0.0995 0.2368 0.0729 0.3228 0.0853 0.0977 
        H073  2 0.1722 0.1219 0.1404 0.1428 0.1449 0.1723 0.1055 
        H081  2 0.0809 0.0894 0.1795 0.1681 0.2469 0.1546 0.0807 
        H082  2 0.1212 0.0849 0.0839 0.3112 0.0810 0.1422 0.1756 
        H083  2 0.1908 0.0602 0.1002 0.2577 0.1015 0.1443 0.1453 
        H084  2 0.1177 0.2519 0.1282 0.1021 0.0810 0.1291 0.1900 
        H085  2 0.1100 0.0684 0.1583 0.2295 0.1296 0.2257 0.0785 
        H087  2 0.0867 0.1547 0.1677 0.2019 0.1823 0.1277 0.0789 
        H088  2 0.1167 0.0875 0.1518 0.1184 0.2007 0.1627 0.1623 
        H089  2 0.1159 0.0867 0.2011 0.1567 0.1454 0.1582 0.1359 
        H090  2 0.1087 0.1136 0.0740 0.3492 0.0716 0.1887 0.0941 
        H091  2 0.1068 0.1085 0.0819 0.3214 0.0684 0.2413 0.0717 
        H098  2 0.1253 0.1910 0.1022 0.2770 0.1133 0.0889 0.1023 
      H10001  2 0.0593 0.0439 0.2801 0.0488 0.4142 0.0763 0.0775 
      H10002  2 0.1213 0.0694 0.1734 0.1234 0.2031 0.1829 0.1267 
        H101  2 0.1057 0.1150 0.0557 0.3062 0.0406 0.2546 0.1222 
        H108  2 0.0813 0.0547 0.2297 0.1035 0.3774 0.0939 0.0595 
        H109  2 0.1275 0.2520 0.0977 0.0835 0.0983 0.1169 0.2241 
        H110  2 0.0662 0.0904 0.1382 0.2365 0.2247 0.1613 0.0827 
        H116  2 0.2405 0.1751 0.1030 0.1396 0.0863 0.1223 0.1331 
        H117  2 0.0797 0.4555 0.0654 0.1435 0.0609 0.1249 0.0701 
        H118  2 0.2344 0.1061 0.0911 0.2251 0.0846 0.1773 0.0815 
        H119  2 0.0812 0.3784 0.1055 0.0776 0.1526 0.1159 0.0887 
        H120  2 0.0713 0.0543 0.2574 0.0623 0.3849 0.1081 0.0616 
        H121  2 0.0868 0.0540 0.0742 0.4366 0.0677 0.2128 0.0680 
        H125  2 0.0630 0.1967 0.2216 0.0472 0.3048 0.0688 0.0979 
        H126  2 0.2347 0.0649 0.1477 0.1819 0.1927 0.0956 0.0824 
        H128  2 0.1208 0.0898 0.0429 0.3998 0.0329 0.2423 0.0715 
        H129  2 0.3071 0.1079 0.0779 0.1889 0.0752 0.0880 0.1550 
        H130  2 0.1625 0.0370 0.2224 0.0763 0.2327 0.1365 0.1326 
        H133  2 0.1321 0.0851 0.2102 0.0711 0.3179 0.1110 0.0726 
        H134  2 0.5479 0.0769 0.0784 0.0776 0.0611 0.0606 0.0974 
        H135  2 0.1272 0.1046 0.1298 0.1598 0.2157 0.1567 0.1063 
        H137  2 0.1023 0.4114 0.0678 0.1678 0.0704 0.0922 0.0881 
        H138  2 0.3177 0.0763 0.0961 0.0821 0.0748 0.1599 0.1930 
        H140  2 0.1359 0.1575 0.1094 0.1800 0.1312 0.1920 0.0940 
        H146  2 0.1708 0.1396 0.0765 0.2256 0.0830 0.2221 0.0825 
        H147  2 0.0893 0.1184 0.1120 0.2393 0.1564 0.1892 0.0955 
        H148  2 0.0978 0.2684 0.1177 0.1494 0.0938 0.1475 0.1254 
     H166022  2 0.1170 0.2222 0.0965 0.1633 0.1290 0.1498 0.1221 
     H167359  2 0.1956 0.1256 0.1365 0.1005 0.1086 0.2015 0.1317 
     H167397  2 0.1305 0.2032 0.0732 0.2836 0.0694 0.1317 0.1084 
     H167428  2 0.2059 0.0810 0.0914 0.3205 0.0886 0.1236 0.0890 
     H167496  2 0.0847 0.1678 0.1852 0.1011 0.2798 0.1021 0.0793 
     H167513  2 0.0790 0.1174 0.1299 0.1483 0.0691 0.0656 0.3907 
     H167545  2 0.1785 0.1129 0.1327 0.1819 0.0923 0.1703 0.1314 
     H167547  2 0.0874 0.6314 0.0500 0.0723 0.0448 0.0547 0.0594 
     H169621  2 0.1000 0.1349 0.0837 0.2995 0.0666 0.2108 0.1045 
     H169622  2 0.1688 0.0665 0.1443 0.1141 0.1231 0.2225 0.1607 
     H169750  2 0.1395 0.1853 0.1273 0.1414 0.1266 0.1635 0.1164 
     H171806  2 0.1515 0.2426 0.1213 0.1358 0.1123 0.1447 0.0918 
     H171808  2 0.1764 0.1014 0.1844 0.1237 0.1019 0.1561 0.1559 
     H171809  2 0.1322 0.1109 0.1801 0.1470 0.1877 0.1188 0.1232 
     H171813  2 0.2303 0.1307 0.1442 0.1226 0.1084 0.1194 0.1444 
     H171815  2 0.1174 0.0774 0.2049 0.0584 0.3190 0.0902 0.1328 
     H171824  2 0.0986 0.2318 0.1313 0.0964 0.1554 0.1540 0.1326 
     H171825  2 0.1873 0.0686 0.1530 0.0918 0.1594 0.2228 0.1171 
     H171826  2 0.1477 0.2172 0.1038 0.0995 0.1156 0.0977 0.2184 
     H171827  2 0.1079 0.0913 0.1460 0.1242 0.1513 0.2134 0.1659 
     H171828  2 0.0617 0.0870 0.2514 0.0697 0.3615 0.0913 0.0773 
     H171829  2 0.1671 0.2013 0.1118 0.1024 0.1115 0.1385 0.1674 
     H171830  2 0.1171 0.1481 0.1337 0.1983 0.1431 0.1061 0.1535 
     H171831  2 0.2369 0.1514 0.0776 0.1586 0.0687 0.0959 0.2109 
     H171832  2 0.2808 0.0919 0.1208 0.1209 0.1189 0.1269 0.1396 
     H171863  2 0.2304 0.0954 0.1006 0.1904 0.0556 0.1700 0.1576 
     H171864  2 0.1073 0.2112 0.1153 0.1741 0.1182 0.0979 0.1760 
     H171865  2 0.1124 0.1188 0.2087 0.0782 0.3005 0.0692 0.1122 
     H171879  2 0.1468 0.3591 0.0762 0.0981 0.0685 0.1453 0.1060 
     H171880  2 0.1093 0.2552 0.0761 0.1736 0.0575 0.2063 0.1220 
     H171881  2 0.1605 0.1372 0.1220 0.2105 0.0816 0.1457 0.1426 
     H171882  2 0.0588 0.0560 0.2613 0.0563 0.4673 0.0551 0.0452 
     H171929  2 0.1536 0.1034 0.1308 0.1942 0.1471 0.1317 0.1391 
     H171930  2 0.1810 0.1606 0.0763 0.1993 0.0490 0.1946 0.1391 
     H171933  2 0.1175 0.2508 0.0970 0.1671 0.0860 0.1933 0.0882 
     H171934  2 0.1236 0.2260 0.1365 0.1350 0.1288 0.1526 0.0974 
     H171937  2 0.2965 0.0666 0.1020 0.1701 0.0920 0.1239 0.1489 
     H171962  2 0.2249 0.0734 0.1507 0.1404 0.1075 0.1504 0.1527 
        H190  2 0.1915 0.1296 0.1187 0.1966 0.1082 0.1294 0.1260 
        H191  2 0.1382 0.2164 0.1229 0.1403 0.1489 0.0832 0.1500 
        H396  2 0.1007 0.0666 0.2318 0.1571 0.1880 0.1657 0.0900 
        H397  2 0.1433 0.0923 0.1303 0.1963 0.1193 0.2061 0.1124 
        H398  2 0.2899 0.0750 0.1756 0.0769 0.1128 0.1329 0.1369 
        H400  2 0.1447 0.0814 0.2059 0.1236 0.1223 0.1672 0.1549 
        H401  2 0.0794 0.5436 0.0456 0.1516 0.0457 0.0607 0.0733 
        H402  2 0.1090 0.2250 0.0914 0.1851 0.1002 0.1478 0.1415 
        H427  2 0.1121 0.1521 0.1798 0.1690 0.1729 0.1250 0.0891 
        H428  2 0.2048 0.0827 0.0960 0.3175 0.0834 0.1239 0.0917 
        H497  2 0.0842 0.0656 0.1565 0.1037 0.1438 0.0769 0.3691 
        H512  2 0.1195 0.2423 0.0996 0.1674 0.0913 0.1105 0.1695 
        H513  2 0.0699 0.1257 0.1272 0.1486 0.0752 0.0612 0.3921 
        H514  2 0.2232 0.0486 0.1165 0.0983 0.1130 0.1500 0.2504 
        H519  2 0.0763 0.1318 0.1178 0.1638 0.0683 0.0773 0.3646 
        H532  2 0.1448 0.1299 0.1580 0.1328 0.1059 0.1918 0.1368 
        H543  2 0.1163 0.1049 0.1185 0.1816 0.1113 0.2411 0.1263 
        H544  2 0.2332 0.0455 0.1750 0.1322 0.1639 0.1110 0.1392 
        H545  2 0.2061 0.0929 0.1291 0.1957 0.0767 0.1583 0.1412 
        H546  2 0.1591 0.1032 0.1825 0.0926 0.2876 0.0779 0.0972 
        H547  2 0.0967 0.6229 0.0474 0.0705 0.0412 0.0571 0.0642 
        H548  2 0.1243 0.1552 0.1585 0.1241 0.1404 0.1511 0.1465 
        H549  2 0.0671 0.1211 0.1801 0.0811 0.0818 0.0816 0.3871 
        H620  2 0.0548 0.0762 0.2524 0.0435 0.4698 0.0519 0.0514 
        H623  2 0.2236 0.0815 0.1083 0.2605 0.0990 0.1047 0.1224 
        H624  2 0.1221 0.0409 0.2104 0.0491 0.1622 0.1835 0.2317 
        H625  2 0.1320 0.1082 0.1770 0.1756 0.1515 0.1313 0.1245 
        H626  2 0.1129 0.1733 0.1543 0.0663 0.0870 0.1164 0.2897 
        H654  2 0.0570 0.0467 0.2589 0.0411 0.3653 0.0564 0.1746 
        H655  2 0.1328 0.0683 0.1760 0.0842 0.1261 0.2785 0.1340 
        H656  2 0.0523 0.0398 0.2888 0.0488 0.4564 0.0716 0.0422 
        H666  2 0.0776 0.0996 0.2220 0.0734 0.3458 0.1044 0.0773 
        H667  2 0.0942 0.1263 0.1367 0.1519 0.1941 0.1857 0.1111 
        H677  2 0.1507 0.1421 0.1492 0.1087 0.1238 0.2339 0.0915 
        H693  2 0.0815 0.0693 0.2353 0.1406 0.2738 0.1096 0.0899 
        H694  2 0.1960 0.0731 0.0968 0.2843 0.1008 0.1542 0.0947 
        H701  2 0.1530 0.0678 0.1088 0.2158 0.0851 0.2031 0.1664 
        H702  2 0.1169 0.1765 0.1392 0.1103 0.1060 0.1673 0.1838 
        H731  2 0.1089 0.0908 0.1845 0.1423 0.2083 0.1587 0.1066 
       H7359  2 0.2028 0.1096 0.1391 0.0956 0.1082 0.2099 0.1348 
       H7389  2 0.1628 0.2328 0.1213 0.0942 0.0723 0.1265 0.1901 
       H7390  2 0.1002 0.1617 0.1785 0.0483 0.0814 0.1802 0.2498 
       H7391  2 0.0798 0.2896 0.1351 0.1512 0.1568 0.1200 0.0674 
       H7392  2 0.1771 0.1104 0.1611 0.1329 0.1121 0.1784 0.1280 
       H7393  2 0.1226 0.1894 0.1696 0.0898 0.1341 0.1336 0.1609 
       H7398  2 0.1089 0.1615 0.1379 0.2413 0.1542 0.1117 0.0845 
       H7399  2 0.1743 0.0711 0.1086 0.1921 0.1364 0.2046 0.1129 
       H7400  2 0.0535 0.0474 0.2747 0.0394 0.4627 0.0566 0.0656 
        H745  2 0.3177 0.0736 0.0871 0.1420 0.0563 0.0772 0.2461 
        H746  2 0.1372 0.0725 0.1343 0.1605 0.1793 0.1858 0.1304 
        H747  2 0.0985 0.1643 0.1669 0.1053 0.1729 0.1689 0.1232 
        H748  2 0.1367 0.1480 0.1348 0.1044 0.1180 0.1575 0.2005 
       H7484  2 0.0754 0.1400 0.2232 0.0808 0.3511 0.0660 0.0635 
       H7485  2 0.1232 0.0694 0.1464 0.1060 0.0987 0.0800 0.3763 
        H749  2 0.1085 0.0847 0.2170 0.0950 0.1217 0.1525 0.2206 
        H930  2 0.1719 0.1755 0.0739 0.1934 0.0552 0.1773 0.1528 
        H931  2 0.1501 0.1197 0.1628 0.1698 0.1708 0.1310 0.0959 
        H932  2 0.1488 0.2772 0.0953 0.0917 0.0813 0.1516 0.1542 
        H002  4 0.2118 0.0530 0.1766 0.0798 0.2788 0.0898 0.1102 
        H003  4 0.0998 0.0699 0.1436 0.1725 0.2170 0.2086 0.0886 
        H009  4 0.2810 0.0798 0.1167 0.0955 0.0756 0.1607 0.1906 
        H010  4 0.1712 0.2126 0.1281 0.1112 0.1082 0.1513 0.1174 
        H011  4 0.1011 0.0671 0.2031 0.1408 0.3056 0.0956 0.0866 
        H012  4 0.1087 0.0964 0.1242 0.2002 0.1568 0.1893 0.1244 
        H013  4 0.0922 0.0692 0.1918 0.1519 0.2314 0.1553 0.1082 
        H014  4 0.1859 0.1603 0.1133 0.1663 0.0999 0.1066 0.1677 
        H045  4 0.0858 0.1568 0.1685 0.1899 0.2193 0.0977 0.0819 
        H046  4 0.2277 0.0880 0.1548 0.1224 0.1649 0.1411 0.1011 
        H051  4 0.0878 0.0571 0.2189 0.1285 0.2825 0.1316 0.0935 
        H052  4 0.1468 0.0756 0.2006 0.1362 0.2662 0.0854 0.0892 
        H053  4 0.1450 0.1325 0.1327 0.1073 0.0936 0.1952 0.1936 
        H056  4 0.1136 0.1047 0.1929 0.0925 0.3157 0.0730 0.1075 
        H076  4 0.2135 0.2418 0.0865 0.1187 0.0904 0.1083 0.1409 
        H151  4 0.1419 0.0978 0.2013 0.0607 0.1147 0.1357 0.2479 
        H152  4 0.2022 0.0584 0.1960 0.1103 0.2351 0.0932 0.1049 
     H171803  4 0.0991 0.2118 0.1601 0.0794 0.1215 0.1533 0.1747 
     H171804  4 0.0879 0.2301 0.1694 0.1039 0.1801 0.1027 0.1261 
     H171833  4 0.3216 0.0809 0.0875 0.1083 0.0732 0.1332 0.1952 
     H171855  4 0.1308 0.1584 0.1498 0.0512 0.1867 0.0673 0.2558 
     H171856  4 0.1011 0.1684 0.1657 0.1038 0.0832 0.1509 0.2269 
     H171857  4 0.1620 0.1967 0.1388 0.0713 0.1654 0.0716 0.1942 
     H171858  4 0.2027 0.1456 0.1257 0.1259 0.1381 0.1414 0.1206 
     H171859  4 0.1367 0.2343 0.1494 0.1030 0.1323 0.1317 0.1125 
     H171961  4 0.1061 0.0792 0.1961 0.1122 0.1963 0.1101 0.2000 
        H198  4 0.1930 0.0893 0.1038 0.1641 0.1335 0.1731 0.1432 
      H20001  4 0.2432 0.0548 0.0799 0.1334 0.0465 0.1054 0.3368 
        H403  4 0.1212 0.2871 0.1286 0.0986 0.1148 0.0922 0.1575 
        H404  4 0.1873 0.0714 0.1385 0.1529 0.1469 0.1597 0.1434 
        H405  4 0.1757 0.1854 0.1186 0.1342 0.1383 0.1352 0.1126 
        H406  4 0.1547 0.3353 0.0960 0.1382 0.1025 0.0570 0.1164 
        H407  4 0.0986 0.2903 0.1431 0.0825 0.0679 0.1459 0.1717 
        H410  4 0.0601 0.6717 0.0435 0.0789 0.0437 0.0481 0.0540 
        H411  4 0.2733 0.0810 0.0997 0.1278 0.0749 0.0891 0.2543 
        H468  4 0.1747 0.2617 0.0932 0.1032 0.0620 0.1436 0.1615 
        H476  4 0.1246 0.0987 0.1478 0.1009 0.1307 0.2148 0.1826 
        H477  4 0.2123 0.0660 0.1655 0.0929 0.0583 0.1796 0.2254 
        H478  4 0.1034 0.0733 0.1360 0.1616 0.1945 0.1823 0.1488 
        H479  4 0.1071 0.0593 0.2012 0.1319 0.2941 0.1245 0.0817 
        H480  4 0.2259 0.1377 0.1025 0.1351 0.0730 0.1703 0.1555 
        H498  4 0.1271 0.0893 0.1325 0.1920 0.1851 0.1577 0.1163 
        H499  4 0.1661 0.0742 0.1737 0.1345 0.1284 0.1345 0.1886 
        H500  4 0.1014 0.1343 0.1988 0.0733 0.1972 0.1700 0.1250 
        H515  4 0.1347 0.1678 0.1566 0.1002 0.1313 0.1318 0.1776 
        H516  4 0.2279 0.1024 0.1059 0.1368 0.0831 0.2028 0.1411 
        H517  4 0.1021 0.5370 0.0632 0.0696 0.0682 0.0898 0.0702 
        H518  4 0.1598 0.1347 0.1557 0.0996 0.1734 0.1502 0.1266 
        H520  4 0.1252 0.3061 0.1194 0.0817 0.1206 0.1122 0.1349 
        H521  4 0.1631 0.1270 0.1226 0.1938 0.1173 0.1331 0.1431 
        H522  4 0.1427 0.1069 0.1470 0.1316 0.0795 0.2258 0.1665 
        H523  4 0.1188 0.1023 0.1263 0.1742 0.1117 0.2276 0.1390 
        H536  4 0.1883 0.0807 0.1754 0.1523 0.1700 0.1492 0.0840 
        H645  4 0.0897 0.0953 0.2256 0.1503 0.2365 0.1300 0.0724 
        H646  4 0.1922 0.1165 0.0783 0.2157 0.0468 0.2504 0.1001 
        H647  4 0.1698 0.1074 0.1536 0.0848 0.0703 0.1841 0.2300 
        H657  4 0.1324 0.3324 0.0888 0.1152 0.0830 0.1503 0.0979 
        H658  4 0.1264 0.0874 0.1186 0.1272 0.0622 0.3517 0.1266 
        H659  4 0.0769 0.0836 0.1871 0.0502 0.1450 0.1019 0.3554 
        H660  4 0.1489 0.0704 0.1590 0.1885 0.1437 0.1376 0.1521 
        H661  4 0.1461 0.0772 0.1803 0.0688 0.1024 0.0952 0.3300 
        H668  4 0.1249 0.1122 0.1307 0.1760 0.1655 0.1706 0.1202 
        H669  4 0.1337 0.1683 0.1159 0.1721 0.1314 0.1452 0.1335 
        H670  4 0.1064 0.0957 0.1710 0.1327 0.2504 0.1502 0.0936 
        H678  4 0.1130 0.1045 0.1280 0.0829 0.0628 0.1143 0.3944 
        H679  4 0.1608 0.1231 0.0993 0.2037 0.0959 0.1799 0.1373 
        H680  4 0.1286 0.2165 0.0818 0.0867 0.0575 0.0735 0.3554 
        H681  4 0.1077 0.0844 0.1888 0.1387 0.2122 0.1662 0.1019 
        H682  4 0.0910 0.2750 0.1010 0.1512 0.0969 0.1624 0.1225 
        H683  4 0.1359 0.0838 0.1927 0.1296 0.2280 0.1311 0.0989 
        H718  4 0.0803 0.1191 0.2032 0.0738 0.3909 0.0803 0.0524 
        H719  4 0.1011 0.0747 0.1484 0.3032 0.1820 0.1085 0.0820 
        H720  4 0.1381 0.0575 0.1613 0.1267 0.1887 0.0703 0.2573 
        H721  4 0.2153 0.1485 0.1549 0.1019 0.1531 0.0952 0.1310 
        H722  4 0.1966 0.0599 0.1734 0.0858 0.2116 0.0903 0.1824 
        H723  4 0.0818 0.1674 0.1841 0.1005 0.2438 0.1200 0.1024 
        H724  4 0.0903 0.2680 0.1474 0.0851 0.1837 0.0978 0.1276 
        H725  4 0.0994 0.2209 0.1684 0.0838 0.2708 0.0765 0.0802 
        H726  4 0.1377 0.1290 0.1616 0.0731 0.2032 0.1337 0.1616 
        H727  4 0.1193 0.2477 0.1224 0.1345 0.1265 0.1036 0.1460 
        H910  4 0.1262 0.1727 0.1528 0.1557 0.1395 0.1252 0.1278 
        H911  4 0.1230 0.3839 0.0818 0.1414 0.0982 0.0990 0.0727 
        H912  4 0.1656 0.2215 0.1061 0.0996 0.0929 0.1134 0.2009 
        H913  4 0.0995 0.0740 0.1549 0.1243 0.0781 0.3061 0.1633 
        H914  4 0.0738 0.1075 0.2326 0.0802 0.1501 0.1744 0.1814 
        H915  4 0.1093 0.1827 0.1459 0.1110 0.0916 0.1299 0.2295 
        H916  4 0.1465 0.1063 0.1561 0.1312 0.0681 0.1283 0.2634 
       H9572  4 0.1164 0.2977 0.1104 0.1387 0.0899 0.0795 0.1675 
        H015  5 0.1431 0.1200 0.1007 0.3161 0.0742 0.1223 0.1235 
        H016  5 0.2666 0.0817 0.1240 0.1472 0.0926 0.1438 0.1441 
        H017  5 0.1700 0.0628 0.1477 0.1123 0.0958 0.1637 0.2477 
        H019  5 0.1849 0.0795 0.1475 0.1874 0.1589 0.1258 0.1159 
        H020  5 0.1278 0.0434 0.1794 0.2438 0.1302 0.1611 0.1143 
        H032  5 0.1724 0.2270 0.1219 0.0818 0.1323 0.1317 0.1329 
        H033  5 0.1489 0.0902 0.1177 0.2336 0.1084 0.1873 0.1139 
        H034  5 0.1252 0.1928 0.1540 0.1145 0.1788 0.1134 0.1214 
        H035  5 0.1710 0.1607 0.1118 0.1024 0.0650 0.1834 0.2056 
        H036  5 0.1514 0.1579 0.0778 0.3076 0.0723 0.1153 0.1176 
        H037  5 0.0823 0.0740 0.2169 0.0877 0.0974 0.2252 0.2165 
        H048  5 0.0922 0.3354 0.1425 0.0871 0.1694 0.0849 0.0884 
        H049  5 0.1990 0.0649 0.1187 0.2596 0.1089 0.1348 0.1141 
        H054  5 0.1800 0.2883 0.0945 0.1023 0.1181 0.1031 0.1136 
        H055  5 0.2079 0.0894 0.1609 0.1233 0.1386 0.1159 0.1640 
        H057  5 0.3316 0.0610 0.1281 0.0862 0.1118 0.1405 0.1408 
        H060  5 0.1860 0.0637 0.2240 0.0797 0.1588 0.1561 0.1316 
        H061  5 0.1368 0.1728 0.1372 0.1289 0.1287 0.1676 0.1280 
        H064  5 0.1493 0.0692 0.1916 0.1366 0.2386 0.1165 0.0982 
        H070  5 0.1032 0.0983 0.1699 0.1331 0.2073 0.1625 0.1256 
        H077  5 0.0916 0.0970 0.2094 0.0862 0.3389 0.0755 0.1015 
        H078  5 0.2012 0.1129 0.1367 0.0999 0.0905 0.1590 0.1998 
        H079  5 0.1237 0.0719 0.1472 0.2040 0.1068 0.2325 0.1139 
        H097  5 0.2165 0.0841 0.1597 0.1062 0.1437 0.1944 0.0955 
        H107  5 0.0939 0.1215 0.1878 0.1009 0.2522 0.1347 0.1090 
        H122  5 0.1518 0.1459 0.1516 0.0838 0.0741 0.2061 0.1867 
        H123  5 0.1265 0.2679 0.0832 0.1803 0.0581 0.1740 0.1100 
        H124  5 0.1408 0.2369 0.1063 0.1230 0.0878 0.1944 0.1107 
        H131  5 0.1297 0.1379 0.0762 0.2997 0.0685 0.1911 0.0969 
        H132  5 0.1432 0.1781 0.1478 0.1357 0.1580 0.1331 0.1041 
        H141  5 0.1246 0.1761 0.1522 0.1059 0.1428 0.1272 0.1712 
        H142  5 0.1223 0.0642 0.1351 0.1930 0.1578 0.2153 0.1122 
        H157  5 0.1222 0.2256 0.1571 0.0925 0.1480 0.1242 0.1304 
        H158  5 0.2752 0.0935 0.0650 0.1876 0.0596 0.1706 0.1484 
        H159  5 0.1448 0.3118 0.0994 0.1481 0.0977 0.1063 0.0919 
        H160  5 0.1251 0.3364 0.0979 0.0993 0.0889 0.1440 0.1084 
        H163  5 0.1790 0.1630 0.1003 0.1918 0.0882 0.1418 0.1358 
        H164  5 0.1387 0.0805 0.1396 0.1952 0.1718 0.1513 0.1230 
        H165  5 0.1133 0.1348 0.1010 0.2510 0.1217 0.1769 0.1014 
        H166  5 0.1352 0.0608 0.1073 0.3549 0.0889 0.1569 0.0960 
        H169  5 0.1502 0.0904 0.1357 0.1680 0.1295 0.1948 0.1314 
     H169613  5 0.1563 0.0643 0.1581 0.1415 0.1771 0.1803 0.1224 
     H169653  5 0.1431 0.0985 0.1018 0.3293 0.1194 0.1052 0.1026 
     H169728  5 0.1710 0.1632 0.1114 0.1543 0.0960 0.1379 0.1663 
     H169742  5 0.1035 0.0620 0.2457 0.1495 0.1863 0.1533 0.0997 
        H170  5 0.3258 0.1244 0.1267 0.0778 0.1074 0.1221 0.1158 
        H171  5 0.2750 0.0757 0.1194 0.1096 0.1080 0.1013 0.2110 
     H171851  5 0.2197 0.0629 0.1402 0.1803 0.0935 0.1545 0.1488 
     H171852  5 0.1519 0.1277 0.1720 0.0737 0.1884 0.1374 0.1488 
     H171853  5 0.1006 0.3517 0.0855 0.1354 0.1031 0.0922 0.1315 
     H171854  5 0.1942 0.1270 0.1228 0.1135 0.1207 0.0833 0.2386 
     H171938  5 0.0988 0.0901 0.1582 0.1493 0.2185 0.1985 0.0865 
     H171939  5 0.1850 0.0985 0.1470 0.1993 0.0881 0.1524 0.1297 
     H171941  5 0.1149 0.0509 0.2119 0.1487 0.2150 0.1339 0.1246 
     H171965  5 0.2089 0.0550 0.1280 0.1213 0.1615 0.1893 0.1360 
     H171970  5 0.0931 0.0999 0.1973 0.1207 0.3203 0.0674 0.1014 
     H171973  5 0.1300 0.1676 0.1646 0.1269 0.1377 0.1398 0.1333 
     H171974  5 0.1160 0.1491 0.1366 0.1420 0.1069 0.1383 0.2111 
     H171975  5 0.1309 0.1574 0.1371 0.1975 0.2089 0.0792 0.0889 
     H171976  5 0.2649 0.1120 0.1409 0.0903 0.1728 0.1037 0.1154 
        H175  5 0.1442 0.1792 0.1525 0.1116 0.1507 0.1486 0.1132 
        H178  5 0.1409 0.0655 0.1893 0.1512 0.2041 0.1525 0.0965 
        H189  5 0.1227 0.1014 0.0940 0.2592 0.1208 0.1958 0.1061 
        H399  5 0.2374 0.3984 0.0649 0.0499 0.0526 0.0859 0.1110 
        H416  5 0.1072 0.1061 0.2102 0.0995 0.1162 0.1306 0.2301 
        H438  5 0.0901 0.3256 0.0975 0.1602 0.1101 0.1026 0.1139 
        H450  5 0.1220 0.0484 0.2506 0.0764 0.2233 0.1306 0.1487 
        H455  5 0.0753 0.0573 0.2502 0.1053 0.3632 0.0853 0.0633 
        H456  5 0.1086 0.1469 0.1689 0.1476 0.1451 0.1862 0.0966 
        H457  5 0.1686 0.0759 0.1889 0.0992 0.2501 0.0917 0.1255 
        H458  5 0.1245 0.1460 0.1436 0.1233 0.1467 0.1751 0.1408 
        H459  5 0.1522 0.0828 0.0994 0.1604 0.0866 0.3152 0.1035 
        H460  5 0.1088 0.0988 0.1766 0.1118 0.1472 0.1476 0.2091 
        H461  5 0.2825 0.0926 0.1087 0.0940 0.1122 0.1415 0.1686 
        H462  5 0.1771 0.1279 0.0948 0.2495 0.0750 0.1532 0.1224 
        H469  5 0.1396 0.1220 0.0899 0.2946 0.0842 0.1369 0.1329 
        H470  5 0.1440 0.1666 0.1209 0.1266 0.1036 0.1034 0.2348 
        H471  5 0.2199 0.1664 0.0794 0.0870 0.0596 0.2310 0.1567 
        H481  5 0.1043 0.0934 0.2131 0.0899 0.2784 0.1258 0.0951 
        H482  5 0.1248 0.1042 0.2014 0.0798 0.2058 0.1319 0.1521 
        H501  5 0.1382 0.1148 0.1436 0.1289 0.1211 0.1576 0.1958 
        H502  5 0.2593 0.0763 0.1095 0.1462 0.0965 0.1694 0.1429 
        H503  5 0.1839 0.1618 0.0843 0.2776 0.0832 0.1006 0.1086 
        H509  5 0.0795 0.4479 0.0888 0.1310 0.0928 0.0783 0.0816 
        H510  5 0.1783 0.0572 0.1519 0.1838 0.1970 0.1216 0.1103 
        H511  5 0.1999 0.0947 0.1304 0.1387 0.1336 0.1481 0.1546 
        H530  5 0.1106 0.2136 0.1459 0.1271 0.1480 0.1336 0.1212 
        H531  5 0.1499 0.0982 0.1683 0.0503 0.1127 0.1865 0.2341 
        H564  5 0.1623 0.0573 0.2232 0.0875 0.1834 0.1195 0.1666 
        H565  5 0.1007 0.0585 0.2539 0.0712 0.2400 0.1142 0.1615 
        H567  5 0.1525 0.1004 0.0719 0.3327 0.0526 0.1958 0.0940 
     H568???  5 0.2893 0.1015 0.0838 0.1228 0.0784 0.1629 0.1612 
        H608  5 0.1413 0.0807 0.2103 0.0695 0.2324 0.1310 0.1349 
        H609  5 0.1101 0.0934 0.1427 0.2711 0.1254 0.1516 0.1057 
        H612  5 0.0799 0.1383 0.2233 0.0822 0.2216 0.1185 0.1361 
        H614  5 0.1274 0.1202 0.1986 0.0641 0.1384 0.1335 0.2177 
        H615  5 0.1257 0.0617 0.2036 0.0708 0.1651 0.2149 0.1584 
        H616  5 0.0763 0.0900 0.2170 0.0749 0.3607 0.0959 0.0854 
        H617  5 0.1099 0.2256 0.1100 0.1711 0.1129 0.1768 0.0938 
        H618  5 0.1041 0.1383 0.1908 0.1027 0.2525 0.0702 0.1415 
        H619  5 0.0782 0.0352 0.2005 0.1849 0.2599 0.1721 0.0692 
        H635  5 0.1630 0.1483 0.1234 0.1867 0.1524 0.1078 0.1183 
        H636  5 0.0839 0.0785 0.1880 0.1684 0.2364 0.1781 0.0667 
        H637  5 0.1102 0.0460 0.2214 0.1322 0.2454 0.1358 0.1090 
        H644  5 0.2290 0.1274 0.0627 0.2991 0.0527 0.1479 0.0812 
        H711  5 0.2908 0.0647 0.1204 0.0819 0.1084 0.1708 0.1630 
        H712  5 0.0811 0.0704 0.2358 0.1391 0.2299 0.1528 0.0911 
       H7360  5 0.1908 0.0635 0.1598 0.1317 0.1303 0.1706 0.1533 
       H7361  5 0.1690 0.1085 0.1789 0.0857 0.2188 0.0932 0.1459 
       H7362  5 0.2529 0.1102 0.0554 0.3492 0.0520 0.0950 0.0853 
       H7363  5 0.1730 0.1222 0.1413 0.1555 0.1145 0.1222 0.1713 
       H7394  5 0.1591 0.0891 0.1083 0.1755 0.1162 0.1971 0.1547 
       H7395  5 0.1322 0.0662 0.1764 0.1465 0.1731 0.1756 0.1299 
       H7396  5 0.1121 0.0775 0.1750 0.1340 0.0738 0.2423 0.1853 
        H742  5 0.1194 0.0611 0.2549 0.1378 0.1965 0.1465 0.0839 
        H743  5 0.1318 0.1324 0.1837 0.1438 0.1543 0.1268 0.1273 
        H744  5 0.0887 0.2904 0.1605 0.0827 0.1917 0.0842 0.1019 
        H957  5 0.2652 0.0742 0.1424 0.0857 0.1077 0.1643 0.1606 
        H958  5 0.1256 0.1423 0.1320 0.1447 0.1011 0.2418 0.1125 
        H959  5 0.0892 0.0591 0.2181 0.1010 0.2795 0.1062 0.1468 
        H960  5 0.1365 0.2418 0.1300 0.1427 0.1091 0.1286 0.1113 
        H431  8 0.0653 0.4887 0.0901 0.0565 0.1018 0.0960 0.1015 
        H432  8 0.1879 0.0680 0.0578 0.4401 0.0657 0.0564 0.1241 
        H433  8 0.1085 0.1359 0.1326 0.2178 0.1554 0.1639 0.0859 
        H434  8 0.1252 0.0657 0.1129 0.2813 0.0618 0.2132 0.1399 
        H444  8 0.1051 0.0639 0.1604 0.2770 0.1863 0.1206 0.0866 
        H454  8 0.0792 0.0663 0.2184 0.1217 0.3143 0.1066 0.0935 
        H475  8 0.0855 0.0544 0.2364 0.0604 0.3563 0.0988 0.1082 
        H491  8 0.1528 0.0421 0.1987 0.1255 0.2241 0.1197 0.1371 
        H492  8 0.1221 0.0605 0.1552 0.1232 0.1543 0.1816 0.2031 
        H493  8 0.1969 0.1381 0.1134 0.1256 0.0958 0.1559 0.1744 
        H494  8 0.1287 0.1313 0.1393 0.1873 0.1553 0.1061 0.1521 
        H495  8 0.1182 0.0401 0.2372 0.0504 0.1951 0.0806 0.2783 
        H662  8 0.1720 0.1131 0.1369 0.0947 0.0604 0.1412 0.2817 
        H663  8 0.1472 0.1450 0.1214 0.1476 0.1645 0.0991 0.1752 
        H695  8 0.1449 0.1790 0.1270 0.1099 0.1570 0.1710 0.1112 
       H7367  8 0.1354 0.1348 0.0712 0.2375 0.0546 0.2476 0.1188 
       H7368  8 0.2001 0.2233 0.1173 0.1127 0.1211 0.1028 0.1228 
       H7369  8 0.1035 0.1342 0.1818 0.1514 0.1899 0.1243 0.1150 
       H7370  8 0.1088 0.1689 0.0741 0.1771 0.0433 0.2893 0.1385 
       H7371  8 0.1279 0.1752 0.1241 0.1750 0.1184 0.1597 0.1197 
     H169705 10 0.1076 0.1726 0.0700 0.2627 0.0499 0.2302 0.1070 
     H171942 10 0.1725 0.0651 0.0523 0.4635 0.0674 0.0615 0.1177 
     H171943 10 0.1525 0.0656 0.1863 0.1344 0.0868 0.1811 0.1932 
     H171944 10 0.0940 0.1398 0.1583 0.0856 0.0988 0.1689 0.2546 
     H171946 10 0.1338 0.1273 0.1953 0.0687 0.0900 0.1592 0.2257 
     H171947 10 0.1749 0.0643 0.1075 0.2208 0.0846 0.1970 0.1509 
     H229641 10 0.1212 0.1881 0.1417 0.1118 0.1989 0.1298 0.1084 
      H30001 10 0.1333 0.1374 0.1327 0.1454 0.1427 0.1228 0.1857 
      H30002 10 0.0913 0.0532 0.1574 0.2287 0.1040 0.2384 0.1271 
      H30005 10 0.0949 0.4961 0.0702 0.0985 0.0729 0.0844 0.0830 
      H30006 10 0.1060 0.0720 0.0705 0.3632 0.0678 0.2314 0.0890 
      H30007 10 0.1450 0.0366 0.2303 0.1276 0.0538 0.1530 0.2538 
        H451 10 0.1279 0.0892 0.1052 0.3195 0.1459 0.1145 0.0978 
        H452 10 0.0690 0.5812 0.0652 0.0701 0.0818 0.0594 0.0735 
        H453 10 0.1499 0.0661 0.1840 0.1142 0.2046 0.1174 0.1637 
        H473 10 0.1455 0.0567 0.2041 0.1186 0.2338 0.1216 0.1197 
        H474 10 0.1244 0.0686 0.2388 0.0649 0.2097 0.1535 0.1402 
        H486 10 0.0992 0.1915 0.1689 0.1236 0.2623 0.0764 0.0782 
        H487 10 0.1450 0.2047 0.1451 0.0858 0.1582 0.1562 0.1048 
        H488 10 0.1055 0.1198 0.1647 0.1698 0.2224 0.1236 0.0942 
        H489 10 0.1071 0.1366 0.1755 0.0824 0.1359 0.2144 0.1481 
        H550 10 0.1249 0.0617 0.1533 0.1163 0.0573 0.3012 0.1853 
        H551 10 0.1187 0.1906 0.1128 0.1930 0.0931 0.1316 0.1601 
        H553 10 0.1082 0.3380 0.1032 0.0911 0.1391 0.1483 0.0722 
        H554 10 0.1517 0.0777 0.1168 0.2009 0.1442 0.1697 0.1390 
        H556 10 0.1620 0.0985 0.1198 0.1671 0.0842 0.2416 0.1268 
        H580 10 0.1634 0.2227 0.0886 0.1393 0.0741 0.1440 0.1679 
        H591 10 0.0849 0.0711 0.2316 0.0725 0.3221 0.0931 0.1245 
        H592 10 0.1019 0.2866 0.1236 0.0934 0.0923 0.1408 0.1613 
        H593 10 0.2073 0.0807 0.1174 0.1309 0.1551 0.1415 0.1671 
        H594 10 0.2475 0.1280 0.0804 0.1779 0.0585 0.1422 0.1654 
        H627 10 0.1964 0.0750 0.1561 0.1202 0.1243 0.1933 0.1347 
        H628 10 0.1818 0.2060 0.1102 0.1582 0.1349 0.1213 0.0876 
        H629 10 0.1661 0.2686 0.1028 0.0869 0.0920 0.0780 0.2056 
        H630 10 0.1152 0.1698 0.1302 0.0998 0.0519 0.1252 0.3079 
        H638 10 0.1204 0.2177 0.0829 0.1286 0.0614 0.0905 0.2984 
        H639 10 0.1406 0.2316 0.1569 0.0890 0.2292 0.0825 0.0703 
        H640 10 0.1561 0.1696 0.0888 0.2305 0.0929 0.1346 0.1273 
        H704 10 0.3243 0.0815 0.1020 0.1434 0.0838 0.1302 0.1349 
        H705 10 0.0982 0.1869 0.0628 0.2665 0.0499 0.2363 0.0994 
        H706 10 0.1086 0.1386 0.1790 0.1236 0.1930 0.1301 0.1271 
        H708 10 0.0766 0.0813 0.1954 0.0452 0.0852 0.1311 0.3852 
       H7351 10 0.1858 0.0836 0.1368 0.1825 0.0994 0.1882 0.1238 
       H7352 10 0.1392 0.3176 0.1076 0.0900 0.0873 0.1157 0.1426 
       H7353 10 0.3777 0.0756 0.0788 0.1950 0.0734 0.0917 0.1077 
       H7354 10 0.1168 0.0504 0.1966 0.1311 0.2088 0.1711 0.1252 
       H7365 10 0.0967 0.2959 0.1376 0.0792 0.1566 0.1032 0.1308 
       H7383 10 0.1166 0.1197 0.1880 0.1198 0.1800 0.1508 0.1249 
       H7384 10 0.1714 0.1021 0.1268 0.1505 0.1151 0.2053 0.1288 
       H7385 10 0.1070 0.0983 0.1839 0.1107 0.1739 0.1291 0.1972 
       H7386 10 0.1367 0.1857 0.1139 0.2044 0.1401 0.1252 0.0941 
       H7387 10 0.1353 0.0784 0.1723 0.1172 0.1044 0.1772 0.2151 
       H7388 10 0.0631 0.5943 0.0654 0.0670 0.0951 0.0576 0.0576 
        H906 10 0.1415 0.0437 0.2246 0.1120 0.2816 0.0987 0.0980 
        H907 10 0.1994 0.1287 0.0867 0.1912 0.0738 0.1367 0.1835 
        H908 10 0.1125 0.1469 0.1298 0.1616 0.1596 0.1335 0.1561 
        H909 10 0.0970 0.0514 0.2035 0.1531 0.2439 0.1653 0.0858 
       H9552 10 0.1792 0.1604 0.1265 0.1354 0.1113 0.1240 0.1632 
       H9553 10 0.0924 0.3984 0.0843 0.1058 0.1119 0.1372 0.0700 
       H9555 10 0.1285 0.1453 0.1461 0.1406 0.0907 0.1756 0.1732 
       H9575 10 0.1224 0.1110 0.1623 0.0637 0.1188 0.1535 0.2683 
       H9703 10 0.0955 0.1497 0.1811 0.1112 0.1984 0.1864 0.0777 
       H9707 10 0.1015 0.1502 0.1769 0.1017 0.2515 0.1262 0.0921 
       HSAA4 10 0.1626 0.2231 0.0915 0.1384 0.0688 0.1475 0.1682 
        H001 11 0.1534 0.1670 0.1411 0.1211 0.1562 0.1053 0.1558 
        H004 11 0.1419 0.0793 0.1535 0.1274 0.1113 0.1654 0.2211 
        H005 11 0.0860 0.0729 0.2240 0.0845 0.3397 0.0924 0.1005 
        H006 11 0.1351 0.0992 0.1392 0.1424 0.1504 0.2010 0.1326 
        H007 11 0.0804 0.0384 0.2626 0.1162 0.2815 0.1228 0.0981 
        H031 11 0.0838 0.1950 0.1646 0.0682 0.2103 0.1093 0.1689 
        H074 11 0.1147 0.2533 0.1327 0.0972 0.1138 0.1214 0.1670 
        H075 11 0.0796 0.0614 0.2812 0.0728 0.1863 0.1224 0.1962 
        H080 11 0.1129 0.2863 0.1155 0.1118 0.1492 0.0693 0.1549 
        H086 11 0.1605 0.1758 0.1065 0.1684 0.0795 0.1731 0.1362 
        H092 11 0.1283 0.1155 0.1551 0.1295 0.1673 0.1764 0.1279 
        H093 11 0.2396 0.0634 0.1091 0.2436 0.1147 0.1470 0.0826 
        H094 11 0.1286 0.1673 0.0955 0.1018 0.0647 0.2087 0.2334 
        H095 11 0.1609 0.1232 0.1546 0.1242 0.1931 0.1235 0.1205 
        H096 11 0.1169 0.1040 0.1924 0.1183 0.2415 0.1259 0.1010 
        H099 11 0.1345 0.1034 0.1701 0.1056 0.1277 0.1189 0.2398 
        H100 11 0.1944 0.0583 0.1141 0.3076 0.0872 0.1279 0.1106 
        H127 11 0.1328 0.3252 0.1057 0.1010 0.1135 0.1059 0.1158 
        H136 11 0.1084 0.0754 0.2314 0.0611 0.2177 0.1541 0.1520 
        H153 11 0.1884 0.0928 0.1252 0.1656 0.1375 0.1641 0.1263 
        H154 11 0.0946 0.3555 0.1254 0.0671 0.1152 0.1191 0.1231 
        H155 11 0.1042 0.2467 0.1169 0.2767 0.0970 0.0984 0.0602 
        H156 11 0.1760 0.0973 0.0929 0.2734 0.1137 0.1349 0.1118 
        H161 11 0.1512 0.0508 0.1703 0.1595 0.1376 0.1549 0.1757 
        H162 11 0.1270 0.3699 0.0699 0.1490 0.0759 0.1163 0.0920 
        H167 11 0.1495 0.0687 0.1225 0.1568 0.1125 0.2261 0.1638 
        H168 11 0.1728 0.1920 0.1109 0.1916 0.1110 0.1019 0.1199 
     H169586 11 0.1808 0.0411 0.1912 0.0503 0.1344 0.1928 0.2094 
     H169738 11 0.1299 0.1815 0.1219 0.2013 0.1283 0.1354 0.1017 
     H169741 11 0.0916 0.0775 0.1688 0.0717 0.0965 0.3115 0.1824 
     H171801 11 0.2514 0.0809 0.0882 0.2664 0.0776 0.1235 0.1120 
     H171810 11 0.1093 0.0626 0.2024 0.0841 0.1643 0.1808 0.1965 
     H171811 11 0.1480 0.0790 0.1940 0.0558 0.0870 0.1405 0.2956 
     H171812 11 0.1150 0.0633 0.2436 0.1651 0.1346 0.1395 0.1389 
     H171820 11 0.1122 0.1307 0.1787 0.0893 0.1473 0.1196 0.2223 
     H171821 11 0.1595 0.2270 0.0953 0.1553 0.1093 0.0956 0.1582 
     H171822 11 0.1757 0.2221 0.1045 0.1377 0.0865 0.1384 0.1351 
     H171823 11 0.1571 0.0462 0.2428 0.0672 0.3129 0.0859 0.0879 
     H171866 11 0.2298 0.1717 0.1248 0.1590 0.1439 0.0912 0.0797 
     H171867 11 0.1158 0.1480 0.1062 0.2384 0.1266 0.1512 0.1138 
     H171967 11 0.1046 0.1370 0.1727 0.0962 0.1952 0.1450 0.1492 
     H171969 11 0.1549 0.0538 0.1615 0.1587 0.1358 0.1569 0.1785 
        H172 11 0.1349 0.1498 0.1608 0.1655 0.1090 0.1508 0.1293 
        H173 11 0.1074 0.2187 0.1041 0.1861 0.1008 0.1481 0.1347 
        H174 11 0.1796 0.2317 0.0748 0.0887 0.0441 0.0896 0.2916 
        H196 11 0.0563 0.6756 0.0440 0.0695 0.0496 0.0526 0.0523 
        H197 11 0.1609 0.1215 0.0874 0.1704 0.0949 0.1354 0.2295 
        H346 11 0.1103 0.0480 0.1942 0.1340 0.2255 0.1913 0.0967 
        H355 11 0.1507 0.1102 0.1742 0.1672 0.1817 0.1321 0.0840 
        H356 11 0.1483 0.0991 0.1627 0.1438 0.1358 0.1732 0.1370 
        H357 11 0.1259 0.1119 0.1537 0.1161 0.1458 0.0980 0.2486 
        H358 11 0.0799 0.0754 0.2270 0.1278 0.1764 0.1720 0.1415 
        H359 11 0.1421 0.1508 0.1386 0.0913 0.1031 0.2055 0.1685 
        H360 11 0.1057 0.0614 0.1048 0.2385 0.0905 0.2556 0.1434 
        H361 11 0.1181 0.0658 0.1387 0.2615 0.1702 0.1580 0.0875 
        H362 11 0.1445 0.2319 0.0831 0.2048 0.0928 0.1314 0.1115 
        H363 11 0.0791 0.0936 0.2060 0.0841 0.1800 0.2067 0.1506 
        H364 11 0.1648 0.0577 0.1517 0.1001 0.1173 0.2343 0.1741 
        H365 11 0.1444 0.1113 0.1870 0.1558 0.1051 0.1377 0.1586 
        H366 11 0.1129 0.3480 0.1010 0.1250 0.1098 0.1226 0.0807 
        H367 11 0.0748 0.4468 0.1250 0.0737 0.1506 0.0515 0.0776 
        H368 11 0.1834 0.0547 0.1341 0.0973 0.0521 0.2009 0.2774 
        H369 11 0.0775 0.2556 0.1511 0.0953 0.2335 0.1065 0.0805 
        H370 11 0.1589 0.1404 0.1099 0.1693 0.1098 0.1861 0.1256 
        H371 11 0.1300 0.1536 0.0937 0.1689 0.0787 0.1330 0.2421 
        H372 11 0.1302 0.2551 0.1335 0.1336 0.1093 0.1420 0.0963 
        H373 11 0.1530 0.0873 0.1303 0.1501 0.1195 0.1367 0.2230 
        H374 11 0.1641 0.0505 0.1624 0.1520 0.1469 0.1973 0.1268 
        H375 11 0.1102 0.1409 0.1807 0.1575 0.1712 0.1289 0.1105 
        H376 11 0.2117 0.1135 0.1054 0.2161 0.0919 0.1267 0.1347 
        H377 11 0.1215 0.0611 0.1590 0.1350 0.1490 0.2529 0.1215 
        H378 11 0.2070 0.1230 0.1249 0.1186 0.0971 0.1215 0.2079 
        H379 11 0.1511 0.1067 0.1468 0.1082 0.1332 0.1516 0.2024 
        H380 11 0.1269 0.1087 0.1321 0.2040 0.1829 0.1561 0.0894 
        H381 11 0.1422 0.0882 0.1796 0.0582 0.1937 0.1656 0.1725 
        H382 11 0.1851 0.1934 0.0863 0.2018 0.0994 0.0936 0.1404 
        H383 11 0.2651 0.0866 0.1062 0.1692 0.0896 0.1324 0.1509 
        H384 11 0.1131 0.0621 0.1749 0.0802 0.0803 0.2788 0.2105 
        H385 11 0.1037 0.1094 0.1586 0.1007 0.0950 0.1691 0.2635 
        H386 11 0.0790 0.1528 0.1529 0.1615 0.1999 0.1731 0.0809 
        H387 11 0.2729 0.0585 0.1600 0.0851 0.1280 0.1250 0.1705 
        H388 11 0.1846 0.1535 0.1022 0.1879 0.0963 0.1894 0.0861 
        H389 11 0.0929 0.0836 0.1886 0.1398 0.2335 0.1371 0.1246 
        H390 11 0.1242 0.1212 0.1405 0.1563 0.1288 0.1373 0.1916 
        H391 11 0.1150 0.2164 0.1869 0.0549 0.0490 0.1195 0.2583 
        H392 11 0.0956 0.0521 0.2486 0.0925 0.2353 0.1754 0.1003 
        H393 11 0.1994 0.0633 0.1288 0.2782 0.0939 0.1376 0.0988 
        H394 11 0.2665 0.1316 0.0960 0.1869 0.1042 0.0928 0.1220 
        H395 11 0.1156 0.2073 0.1535 0.0819 0.1693 0.1066 0.1658 
        H408 11 0.0946 0.0927 0.1820 0.1443 0.2205 0.1730 0.0927 
        H412 11 0.1155 0.3437 0.1268 0.0512 0.0950 0.0799 0.1878 
        H417 11 0.1145 0.0818 0.1689 0.0837 0.0786 0.2710 0.2015 
        H418 11 0.1369 0.3833 0.0909 0.0955 0.0730 0.0945 0.1259 
        H429 11 0.1150 0.0577 0.2023 0.1385 0.1915 0.1567 0.1384 
        H430 11 0.1259 0.1368 0.1098 0.3020 0.0867 0.1033 0.1355 
        H439 11 0.1268 0.1194 0.1360 0.1463 0.0958 0.2006 0.1752 
        H440 11 0.1165 0.0803 0.2156 0.0704 0.2394 0.1616 0.1160 
        H441 11 0.0603 0.6128 0.0567 0.0873 0.0656 0.0525 0.0649 
        H442 11 0.1396 0.2906 0.0979 0.1206 0.1509 0.1224 0.0780 
        H446 11 0.2192 0.1229 0.1229 0.1453 0.1074 0.1823 0.1001 
        H447 11 0.0957 0.1230 0.1639 0.1560 0.1581 0.1966 0.1067 
        H448 11 0.1041 0.3537 0.0900 0.1479 0.1118 0.1102 0.0822 
        H534 11 0.1293 0.0809 0.2164 0.0811 0.1190 0.1009 0.2724 
        H537 11 0.1319 0.3151 0.1138 0.1135 0.1638 0.0707 0.0914 
        H568 11 0.0875 0.0862 0.2462 0.0573 0.3182 0.0900 0.1146 
        H569 11 0.1305 0.0816 0.0523 0.4159 0.0478 0.1699 0.1020 
        H586 11 0.1542 0.0415 0.2055 0.0492 0.1334 0.1740 0.2423 
        H587 11 0.1011 0.1005 0.1874 0.0911 0.1803 0.1835 0.1561 
        H588 11 0.4000 0.0596 0.1137 0.1258 0.0681 0.1171 0.1156 
        H589 11 0.0881 0.0612 0.2762 0.0630 0.2148 0.1378 0.1589 
        H590 11 0.0942 0.0873 0.2411 0.0722 0.3597 0.0868 0.0587 
        H601 11 0.1662 0.0744 0.0927 0.3115 0.0888 0.1377 0.1286 
        H602 11 0.0777 0.4020 0.1242 0.0686 0.1317 0.0907 0.1051 
        H603 11 0.0806 0.1211 0.1299 0.2012 0.1811 0.1508 0.1353 
        H610 11 0.1476 0.1446 0.1178 0.1619 0.1116 0.1756 0.1410 
        H611 11 0.0990 0.1476 0.1672 0.0864 0.1286 0.2118 0.1594 
        H649 11 0.1803 0.0873 0.1394 0.1928 0.1220 0.1386 0.1394 
        H650 11 0.1543 0.0946 0.1094 0.1931 0.0889 0.2197 0.1401 
        H651 11 0.1255 0.1272 0.1349 0.1896 0.1643 0.1554 0.1031 
        H652 11 0.2210 0.1181 0.1226 0.1202 0.1175 0.1439 0.1568 
       H7364 11 0.1524 0.1235 0.1478 0.1693 0.1047 0.1571 0.1452 
       H7366 11 0.1202 0.1239 0.1292 0.1853 0.1517 0.1807 0.1090 
       H7378 11 0.2120 0.2006 0.0486 0.1699 0.0477 0.0612 0.2599 
       H7379 11 0.1959 0.1978 0.0881 0.1831 0.0855 0.1255 0.1240 
        H739 11 0.1070 0.1484 0.1565 0.0988 0.1576 0.2140 0.1177 
        H740 11 0.1737 0.1109 0.0977 0.1903 0.1021 0.1773 0.1482 
        H741 11 0.0796 0.0811 0.1777 0.0695 0.0948 0.3228 0.1746 
        H926 11 0.1687 0.0989 0.1077 0.2386 0.0962 0.1401 0.1498 
        H927 11 0.1101 0.2622 0.0869 0.1426 0.0725 0.2413 0.0845 
        H928 11 0.1299 0.1297 0.1127 0.1474 0.0691 0.2405 0.1707 
       H9560 11 0.1818 0.1035 0.1069 0.1082 0.0718 0.2603 0.1675 
