        H008  2 0.2449 0.2888 0.4663 
        H021  2 0.3539 0.2985 0.3476 
        H023  2 0.4738 0.2174 0.3088 
        H024  2 0.2028 0.4567 0.3405 
        H025  2 0.4036 0.3841 0.2123 
        H026  2 0.1947 0.5255 0.2798 
        H027  2 0.2593 0.2934 0.4473 
        H028  2 0.2539 0.3969 0.3492 
        H029  2 0.2363 0.3731 0.3906 
        H030  2 0.1856 0.4638 0.3505 
        H038  2 0.4253 0.2806 0.2941 
        H039  2 0.6184 0.2128 0.1688 
        H040  2 0.3745 0.3113 0.3142 
        H041  2 0.2954 0.2466 0.4580 
        H042  2 0.3815 0.2877 0.3309 
        H043  2 0.4905 0.3081 0.2014 
        H044  2 0.2462 0.4417 0.3121 
        H047  2 0.3808 0.3871 0.2321 
        H050  2 0.2057 0.4332 0.3611 
        H058  2 0.3652 0.3633 0.2715 
        H062  2 0.4689 0.2485 0.2825 
        H063  2 0.4515 0.2394 0.3091 
        H065  2 0.3271 0.4180 0.2549 
        H066  2 0.2594 0.4565 0.2841 
        H067  2 0.2740 0.2723 0.4537 
        H068  2 0.4718 0.2782 0.2500 
        H069  2 0.2893 0.4385 0.2722 
        H071  2 0.4131 0.2530 0.3339 
        H072  2 0.5034 0.2464 0.2502 
        H073  2 0.2533 0.3378 0.4089 
        H081  2 0.3522 0.2010 0.4468 
        H082  2 0.2172 0.4249 0.3580 
        H083  2 0.2533 0.4371 0.3096 
        H084  2 0.3264 0.3422 0.3314 
        H085  2 0.3083 0.2479 0.4439 
        H087  2 0.3223 0.2105 0.4672 
        H088  2 0.4172 0.2485 0.3343 
        H089  2 0.3174 0.2816 0.4010 
        H090  2 0.2131 0.3756 0.4114 
        H091  2 0.1980 0.3232 0.4788 
        H098  2 0.2623 0.3391 0.3986 
      H10001  2 0.5990 0.2090 0.1920 
      H10002  2 0.4087 0.2424 0.3489 
        H101  2 0.2225 0.4244 0.3532 
        H108  2 0.4385 0.2203 0.3412 
        H109  2 0.3509 0.3582 0.2910 
        H110  2 0.2487 0.2106 0.5406 
        H116  2 0.2430 0.4282 0.3287 
        H117  2 0.2080 0.2589 0.5332 
        H118  2 0.1993 0.4245 0.3762 
        H119  2 0.3525 0.2422 0.4053 
        H120  2 0.5477 0.1747 0.2775 
        H121  2 0.2252 0.3524 0.4223 
        H125  2 0.5820 0.2045 0.2135 
        H126  2 0.2944 0.4343 0.2713 
        H128  2 0.1233 0.4994 0.3772 
        H129  2 0.2005 0.4866 0.3129 
        H130  2 0.4435 0.3772 0.1793 
        H133  2 0.4751 0.2912 0.2337 
        H134  2 0.2025 0.5874 0.2102 
        H135  2 0.3469 0.2518 0.4014 
        H137  2 0.2406 0.3613 0.3981 
        H138  2 0.2458 0.4968 0.2574 
        H140  2 0.3083 0.3655 0.3262 
        H146  2 0.2449 0.4043 0.3508 
        H147  2 0.2434 0.2400 0.5166 
        H148  2 0.2610 0.2494 0.4896 
     H166022  2 0.2171 0.2903 0.4926 
     H167359  2 0.3285 0.3984 0.2731 
     H167397  2 0.1436 0.4000 0.4564 
     H167428  2 0.1975 0.4348 0.3677 
     H167496  2 0.4422 0.2199 0.3379 
     H167513  2 0.3243 0.3510 0.3247 
     H167545  2 0.2776 0.4193 0.3031 
     H167547  2 0.1688 0.5138 0.3174 
     H169621  2 0.2071 0.3818 0.4112 
     H169622  2 0.2495 0.3979 0.3526 
     H169750  2 0.3283 0.3729 0.2988 
     H171806  2 0.3277 0.3286 0.3437 
     H171808  2 0.3135 0.3725 0.3139 
     H171809  2 0.3562 0.2614 0.3824 
     H171813  2 0.3200 0.4131 0.2668 
     H171815  2 0.5234 0.2796 0.1969 
     H171824  2 0.4138 0.2153 0.3709 
     H171825  2 0.3076 0.3447 0.3477 
     H171826  2 0.3395 0.3174 0.3430 
     H171827  2 0.3438 0.2852 0.3710 
     H171828  2 0.5546 0.1715 0.2739 
     H171829  2 0.2754 0.4414 0.2832 
     H171830  2 0.3304 0.2912 0.3785 
     H171831  2 0.2113 0.4784 0.3104 
     H171832  2 0.3062 0.4099 0.2839 
     H171863  2 0.1959 0.5661 0.2379 
     H171864  2 0.3003 0.2860 0.4137 
     H171865  2 0.4868 0.2823 0.2309 
     H171879  2 0.2693 0.3848 0.3458 
     H171880  2 0.2237 0.3414 0.4349 
     H171881  2 0.2350 0.3697 0.3953 
     H171882  2 0.5587 0.2079 0.2335 
     H171929  2 0.3020 0.3231 0.3749 
     H171930  2 0.1964 0.4586 0.3449 
     H171933  2 0.2466 0.3529 0.4005 
     H171934  2 0.3505 0.2682 0.3812 
     H171937  2 0.2558 0.4886 0.2556 
     H171962  2 0.3208 0.3661 0.3131 
        H190  2 0.2599 0.3644 0.3757 
        H191  2 0.3304 0.3275 0.3421 
        H396  2 0.3577 0.2635 0.3788 
        H397  2 0.2795 0.3386 0.3819 
        H398  2 0.3516 0.4014 0.2470 
        H400  2 0.3666 0.2958 0.3376 
        H401  2 0.1687 0.4625 0.3688 
        H402  2 0.2049 0.3001 0.4951 
        H427  2 0.3225 0.2457 0.4318 
        H428  2 0.2029 0.4207 0.3763 
        H497  2 0.4131 0.3222 0.2647 
        H512  2 0.2558 0.3420 0.4023 
        H513  2 0.3222 0.3603 0.3175 
        H514  2 0.2933 0.4447 0.2621 
        H519  2 0.3164 0.3456 0.3381 
        H532  2 0.2825 0.3113 0.4062 
        H543  2 0.2277 0.3029 0.4694 
        H544  2 0.3242 0.4655 0.2103 
        H545  2 0.2604 0.4595 0.2801 
        H546  2 0.4268 0.3461 0.2271 
        H547  2 0.1717 0.5103 0.3180 
        H548  2 0.3362 0.2619 0.4019 
        H549  2 0.3268 0.3939 0.2793 
        H620  2 0.5777 0.1795 0.2428 
        H623  2 0.2444 0.4389 0.3167 
        H624  2 0.4395 0.3981 0.1624 
        H625  2 0.3453 0.2730 0.3816 
        H626  2 0.3497 0.3164 0.3339 
        H654  2 0.6273 0.2090 0.1637 
        H655  2 0.4563 0.2817 0.2620 
        H656  2 0.5245 0.1998 0.2758 
        H666  2 0.4963 0.2837 0.2200 
        H667  2 0.3024 0.2573 0.4403 
        H677  2 0.3206 0.3293 0.3501 
        H693  2 0.4785 0.1837 0.3378 
        H694  2 0.2300 0.4621 0.3079 
        H701  2 0.2618 0.3701 0.3680 
        H702  2 0.3406 0.2598 0.3996 
        H731  2 0.3955 0.2440 0.3605 
       H7359  2 0.3324 0.3955 0.2720 
       H7389  2 0.2826 0.3927 0.3247 
       H7390  2 0.4575 0.3109 0.2316 
       H7391  2 0.2869 0.1950 0.5181 
       H7392  2 0.3178 0.4028 0.2794 
       H7393  2 0.3480 0.3336 0.3183 
       H7398  2 0.2873 0.2361 0.4767 
       H7399  2 0.2365 0.3538 0.4097 
       H7400  2 0.6270 0.1952 0.1778 
        H745  2 0.2234 0.5372 0.2394 
        H746  2 0.2648 0.3388 0.3965 
        H747  2 0.3766 0.2992 0.3242 
        H748  2 0.3313 0.3098 0.3589 
       H7484  2 0.4448 0.2745 0.2807 
       H7485  2 0.3261 0.3893 0.2846 
        H749  2 0.3106 0.3374 0.3520 
        H930  2 0.2113 0.4355 0.3531 
        H931  2 0.3384 0.3112 0.3504 
        H932  2 0.3092 0.3578 0.3331 
        H002  4 0.4742 0.3098 0.2160 
        H003  4 0.2595 0.2939 0.4466 
        H009  4 0.2486 0.4930 0.2584 
        H010  4 0.2865 0.3358 0.3776 
        H011  4 0.4968 0.2078 0.2953 
        H012  4 0.2645 0.2760 0.4595 
        H013  4 0.4150 0.2043 0.3808 
        H014  4 0.3020 0.3397 0.3583 
        H045  4 0.3714 0.2443 0.3843 
        H046  4 0.2526 0.3695 0.3779 
        H051  4 0.4088 0.2230 0.3683 
        H052  4 0.3621 0.4134 0.2245 
        H053  4 0.3520 0.3132 0.3348 
        H056  4 0.4277 0.3190 0.2532 
        H076  4 0.2298 0.4085 0.3617 
        H151  4 0.5027 0.2909 0.2065 
        H152  4 0.4599 0.3396 0.2005 
     H171803  4 0.3845 0.2793 0.3362 
     H171804  4 0.3900 0.2378 0.3722 
     H171833  4 0.2242 0.5214 0.2544 
     H171855  4 0.4620 0.3431 0.1948 
     H171856  4 0.3340 0.3329 0.3331 
     H171857  4 0.3948 0.3409 0.2644 
     H171858  4 0.3413 0.3763 0.2824 
     H171859  4 0.3009 0.3389 0.3602 
     H171961  4 0.4371 0.2666 0.2964 
        H198  4 0.1989 0.3934 0.4077 
      H20001  4 0.2352 0.5440 0.2208 
        H403  4 0.3255 0.3686 0.3059 
        H404  4 0.2783 0.3235 0.3982 
        H405  4 0.2398 0.3364 0.4238 
        H406  4 0.2726 0.4887 0.2387 
        H407  4 0.3221 0.3377 0.3402 
        H410  4 0.1931 0.3660 0.4409 
        H411  4 0.2491 0.4755 0.2754 
        H468  4 0.2894 0.4390 0.2716 
        H476  4 0.3925 0.3281 0.2795 
        H477  4 0.2492 0.5262 0.2245 
        H478  4 0.2765 0.3042 0.4193 
        H479  4 0.4038 0.2537 0.3424 
        H480  4 0.2331 0.4731 0.2938 
        H498  4 0.3184 0.3109 0.3707 
        H499  4 0.3619 0.3363 0.3018 
        H500  4 0.4478 0.2370 0.3151 
        H515  4 0.3585 0.3271 0.3143 
        H516  4 0.2681 0.4378 0.2941 
        H517  4 0.2329 0.3390 0.4281 
        H518  4 0.3677 0.3945 0.2378 
        H520  4 0.3423 0.3515 0.3062 
        H521  4 0.3196 0.2845 0.3959 
        H522  4 0.3229 0.3380 0.3392 
        H523  4 0.3325 0.3166 0.3509 
        H536  4 0.3121 0.3039 0.3839 
        H645  4 0.4322 0.1973 0.3705 
        H646  4 0.2036 0.4845 0.3119 
        H647  4 0.3064 0.4420 0.2516 
        H657  4 0.2242 0.3742 0.4016 
        H658  4 0.3392 0.3283 0.3325 
        H659  4 0.5347 0.2321 0.2332 
        H660  4 0.3679 0.3348 0.2973 
        H661  4 0.4312 0.3411 0.2278 
        H668  4 0.2556 0.3064 0.4380 
        H669  4 0.3311 0.2753 0.3936 
        H670  4 0.4127 0.2008 0.3866 
        H678  4 0.3009 0.3754 0.3237 
        H679  4 0.2635 0.3659 0.3706 
        H680  4 0.2946 0.4257 0.2797 
        H681  4 0.3835 0.2517 0.3648 
        H682  4 0.2536 0.2542 0.4922 
        H683  4 0.3359 0.4268 0.2372 
        H718  4 0.4849 0.2651 0.2500 
        H719  4 0.3515 0.2549 0.3936 
        H720  4 0.3753 0.3660 0.2587 
        H721  4 0.3613 0.4066 0.2321 
        H722  4 0.4083 0.3981 0.1936 
        H723  4 0.4203 0.2182 0.3615 
        H724  4 0.4835 0.2615 0.2550 
        H725  4 0.4520 0.2741 0.2740 
        H726  4 0.4491 0.2919 0.2590 
        H727  4 0.4104 0.2383 0.3514 
        H910  4 0.3871 0.2280 0.3849 
        H911  4 0.2612 0.3664 0.3723 
        H912  4 0.3243 0.3722 0.3035 
        H913  4 0.3548 0.3345 0.3107 
        H914  4 0.4535 0.2050 0.3415 
        H915  4 0.3569 0.3038 0.3393 
        H916  4 0.3130 0.4007 0.2863 
       H9572  4 0.3000 0.3547 0.3452 
        H015  5 0.2385 0.4218 0.3397 
        H016  5 0.2541 0.4843 0.2615 
        H017  5 0.3446 0.3970 0.2584 
        H019  5 0.3044 0.3976 0.2980 
        H020  5 0.3802 0.3166 0.3032 
        H032  5 0.3135 0.3584 0.3281 
        H033  5 0.2605 0.2753 0.4642 
        H034  5 0.4099 0.2262 0.3639 
        H035  5 0.2725 0.4074 0.3202 
        H036  5 0.2337 0.3572 0.4091 
        H037  5 0.4151 0.2713 0.3137 
        H048  5 0.4185 0.2540 0.3275 
        H049  5 0.3088 0.3950 0.2962 
        H054  5 0.3102 0.3239 0.3658 
        H055  5 0.3768 0.3274 0.2958 
        H057  5 0.3500 0.4220 0.2280 
        H060  5 0.4172 0.3430 0.2398 
        H061  5 0.2799 0.3409 0.3792 
        H064  5 0.3987 0.3056 0.2957 
        H070  5 0.4106 0.2315 0.3579 
        H077  5 0.4969 0.2635 0.2396 
        H078  5 0.3593 0.4034 0.2373 
        H079  5 0.2418 0.3029 0.4552 
        H097  5 0.3348 0.4655 0.1997 
        H107  5 0.4914 0.1957 0.3129 
        H122  5 0.2795 0.4419 0.2786 
        H123  5 0.2057 0.4021 0.3922 
        H124  5 0.2697 0.3741 0.3562 
        H131  5 0.2270 0.3423 0.4308 
        H132  5 0.3889 0.3019 0.3091 
        H141  5 0.3969 0.2864 0.3167 
        H142  5 0.2640 0.3229 0.4131 
        H157  5 0.4146 0.2760 0.3094 
        H158  5 0.2188 0.4817 0.2995 
        H159  5 0.2208 0.3926 0.3865 
        H160  5 0.2693 0.3814 0.3493 
        H163  5 0.2672 0.3232 0.4097 
        H164  5 0.2854 0.3094 0.4052 
        H165  5 0.2151 0.3076 0.4773 
        H166  5 0.2733 0.3735 0.3533 
        H169  5 0.2760 0.3208 0.4032 
     H169613  5 0.3534 0.3369 0.3097 
     H169653  5 0.2433 0.3133 0.4434 
     H169728  5 0.2734 0.3667 0.3599 
     H169742  5 0.3944 0.2519 0.3537 
        H170  5 0.2872 0.5095 0.2033 
        H171  5 0.2938 0.4357 0.2705 
     H171851  5 0.3111 0.4300 0.2588 
     H171852  5 0.4091 0.3365 0.2544 
     H171853  5 0.3046 0.2611 0.4343 
     H171854  5 0.3054 0.4154 0.2792 
     H171938  5 0.3454 0.2208 0.4338 
     H171939  5 0.2490 0.4660 0.2849 
     H171941  5 0.4974 0.2242 0.2784 
     H171965  5 0.2682 0.3900 0.3418 
     H171970  5 0.5125 0.2362 0.2513 
     H171973  5 0.3280 0.2762 0.3958 
     H171974  5 0.3353 0.2750 0.3897 
     H171975  5 0.3470 0.2721 0.3808 
     H171976  5 0.3206 0.4762 0.2031 
        H175  5 0.4039 0.2792 0.3169 
        H178  5 0.3914 0.2768 0.3318 
        H189  5 0.2053 0.3722 0.4225 
        H399  5 0.2378 0.5262 0.2360 
        H416  5 0.3964 0.2975 0.3061 
        H438  5 0.2729 0.2339 0.4932 
        H450  5 0.4919 0.2778 0.2303 
        H455  5 0.5087 0.1844 0.3069 
        H456  5 0.3446 0.2498 0.4056 
        H457  5 0.4450 0.3298 0.2252 
        H458  5 0.3821 0.2820 0.3359 
        H459  5 0.2178 0.3749 0.4073 
        H460  5 0.3493 0.2840 0.3667 
        H461  5 0.2872 0.4785 0.2343 
        H462  5 0.2764 0.3407 0.3829 
        H469  5 0.2510 0.3387 0.4103 
        H470  5 0.3360 0.3121 0.3519 
        H471  5 0.2055 0.5069 0.2876 
        H481  5 0.5174 0.2517 0.2308 
        H482  5 0.3847 0.3351 0.2802 
        H501  5 0.3746 0.2968 0.3286 
        H502  5 0.2358 0.4101 0.3541 
        H503  5 0.2377 0.3710 0.3913 
        H509  5 0.3157 0.2742 0.4100 
        H510  5 0.3585 0.2977 0.3438 
        H511  5 0.2789 0.3782 0.3429 
        H530  5 0.3668 0.2508 0.3824 
        H531  5 0.3873 0.3840 0.2287 
        H564  5 0.4043 0.3377 0.2580 
        H565  5 0.5448 0.2485 0.2067 
        H567  5 0.1974 0.4316 0.3710 
     H568???  5 0.2174 0.5227 0.2599 
        H608  5 0.4693 0.2729 0.2578 
        H609  5 0.2854 0.2556 0.4590 
        H612  5 0.4878 0.1911 0.3211 
        H614  5 0.4626 0.3177 0.2197 
        H615  5 0.4539 0.3242 0.2218 
        H616  5 0.5381 0.1856 0.2764 
        H617  5 0.2159 0.2982 0.4859 
        H618  5 0.4801 0.2458 0.2742 
        H619  5 0.3307 0.2523 0.4170 
        H635  5 0.3036 0.3341 0.3623 
        H636  5 0.2949 0.2166 0.4886 
        H637  5 0.4261 0.2817 0.2923 
        H644  5 0.1633 0.5432 0.2935 
        H711  5 0.2891 0.4789 0.2320 
        H712  5 0.4130 0.2224 0.3645 
       H7360  5 0.2984 0.4129 0.2887 
       H7361  5 0.4516 0.2742 0.2742 
       H7362  5 0.1648 0.5013 0.3338 
       H7363  5 0.4031 0.3392 0.2578 
       H7394  5 0.2418 0.3629 0.3952 
       H7395  5 0.3824 0.2461 0.3715 
       H7396  5 0.3470 0.3095 0.3435 
        H742  5 0.4031 0.2421 0.3548 
        H743  5 0.3568 0.3553 0.2879 
        H744  5 0.4629 0.2460 0.2911 
        H957  5 0.3131 0.4397 0.2472 
        H958  5 0.2810 0.3534 0.3656 
        H959  5 0.4932 0.2100 0.2968 
        H960  5 0.3318 0.3015 0.3667 
        H431  8 0.3902 0.2808 0.3290 
        H432  8 0.2084 0.4438 0.3478 
        H433  8 0.2635 0.2555 0.4810 
        H434  8 0.2577 0.3768 0.3655 
        H444  8 0.3238 0.2459 0.4303 
        H454  8 0.4707 0.2216 0.3077 
        H475  8 0.5199 0.2421 0.2380 
        H491  8 0.4338 0.2837 0.2825 
        H492  8 0.4408 0.2721 0.2871 
        H493  8 0.2614 0.4176 0.3209 
        H494  8 0.3770 0.2835 0.3395 
        H495  8 0.4866 0.3437 0.1697 
        H662  8 0.2837 0.4390 0.2772 
        H663  8 0.3779 0.2842 0.3379 
        H695  8 0.3774 0.2812 0.3414 
       H7367  8 0.2046 0.3775 0.4179 
       H7368  8 0.2459 0.3517 0.4023 
       H7369  8 0.3475 0.2421 0.4104 
       H7370  8 0.2105 0.4034 0.3861 
       H7371  8 0.2937 0.2621 0.4442 
     H169705 10 0.2138 0.3682 0.4180 
     H171942 10 0.1961 0.4356 0.3683 
     H171943 10 0.3138 0.4013 0.2849 
     H171944 10 0.3151 0.2813 0.4036 
     H171946 10 0.3875 0.3882 0.2244 
     H171947 10 0.2705 0.4304 0.2992 
     H229641 10 0.3626 0.3263 0.3111 
      H30001 10 0.3606 0.2512 0.3882 
      H30002 10 0.3179 0.3054 0.3767 
      H30005 10 0.2425 0.3295 0.4281 
      H30006 10 0.2175 0.4289 0.3535 
      H30007 10 0.2319 0.5685 0.1996 
        H451 10 0.2356 0.3021 0.4622 
        H452 10 0.2584 0.3911 0.3505 
        H453 10 0.4425 0.3311 0.2264 
        H473 10 0.4074 0.3296 0.2629 
        H474 10 0.4927 0.3053 0.2021 
        H486 10 0.3712 0.2622 0.3666 
        H487 10 0.3871 0.3378 0.2751 
        H488 10 0.3622 0.2219 0.4159 
        H489 10 0.4173 0.3060 0.2766 
        H550 10 0.2376 0.4938 0.2686 
        H551 10 0.3004 0.2827 0.4168 
        H553 10 0.3501 0.3334 0.3165 
        H554 10 0.2657 0.3457 0.3886 
        H556 10 0.2977 0.4001 0.3022 
        H580 10 0.2662 0.3501 0.3838 
        H591 10 0.5636 0.2120 0.2243 
        H592 10 0.3499 0.2920 0.3582 
        H593 10 0.3172 0.3607 0.3221 
        H594 10 0.1868 0.4697 0.3435 
        H627 10 0.3396 0.4034 0.2571 
        H628 10 0.2273 0.3227 0.4500 
        H629 10 0.3072 0.4561 0.2367 
        H630 10 0.2911 0.3983 0.3106 
        H638 10 0.2637 0.3871 0.3492 
        H639 10 0.4044 0.3288 0.2668 
        H640 10 0.2297 0.3910 0.3793 
        H704 10 0.2426 0.4735 0.2838 
        H705 10 0.2160 0.3444 0.4396 
        H706 10 0.4213 0.2085 0.3702 
        H708 10 0.5011 0.2567 0.2422 
       H7351 10 0.2564 0.4051 0.3385 
       H7352 10 0.3200 0.3563 0.3237 
       H7353 10 0.2262 0.5159 0.2579 
       H7354 10 0.4351 0.2583 0.3066 
       H7365 10 0.4478 0.2487 0.3035 
       H7383 10 0.4077 0.2337 0.3586 
       H7384 10 0.3490 0.3022 0.3488 
       H7385 10 0.4444 0.2539 0.3016 
       H7386 10 0.2752 0.2976 0.4272 
       H7387 10 0.2865 0.3342 0.3792 
       H7388 10 0.2699 0.3160 0.4141 
        H906 10 0.4386 0.3068 0.2546 
        H907 10 0.2550 0.4003 0.3447 
        H908 10 0.3066 0.2768 0.4166 
        H909 10 0.4127 0.2295 0.3578 
       H9552 10 0.3052 0.3555 0.3393 
       H9553 10 0.3005 0.3376 0.3619 
       H9555 10 0.2529 0.3321 0.4150 
       H9575 10 0.4421 0.3032 0.2547 
       H9703 10 0.4463 0.2609 0.2928 
       H9707 10 0.4078 0.2777 0.3146 
       HSAA4 10 0.2622 0.3496 0.3882 
        H001 11 0.3822 0.2817 0.3361 
        H004 11 0.3391 0.3491 0.3118 
        H005 11 0.5037 0.2130 0.2832 
        H006 11 0.3280 0.2816 0.3904 
        H007 11 0.4909 0.2011 0.3080 
        H031 11 0.5059 0.2040 0.2901 
        H074 11 0.4166 0.3208 0.2626 
        H075 11 0.5362 0.2036 0.2601 
        H080 11 0.4152 0.2501 0.3347 
        H086 11 0.2794 0.3405 0.3800 
        H092 11 0.3760 0.2926 0.3313 
        H093 11 0.2155 0.4617 0.3228 
        H094 11 0.2887 0.3642 0.3471 
        H095 11 0.4293 0.2739 0.2968 
        H096 11 0.4233 0.2315 0.3452 
        H099 11 0.3853 0.3052 0.3095 
        H100 11 0.2676 0.3984 0.3340 
        H127 11 0.3340 0.3199 0.3462 
        H136 11 0.5091 0.2867 0.2041 
        H153 11 0.2999 0.3895 0.3106 
        H154 11 0.4339 0.2878 0.2783 
        H155 11 0.2168 0.2471 0.5361 
        H156 11 0.1901 0.3627 0.4472 
        H161 11 0.3351 0.3898 0.2752 
        H162 11 0.2061 0.3967 0.3973 
        H167 11 0.2782 0.3214 0.4005 
        H168 11 0.2842 0.3108 0.4050 
     H169586 11 0.3724 0.4572 0.1704 
     H169738 11 0.2519 0.3139 0.4342 
     H169741 11 0.4437 0.2927 0.2636 
     H171801 11 0.2255 0.4650 0.3096 
     H171810 11 0.5005 0.2659 0.2336 
     H171811 11 0.4365 0.3404 0.2231 
     H171812 11 0.3864 0.2613 0.3523 
     H171820 11 0.4200 0.3047 0.2753 
     H171821 11 0.2635 0.3326 0.4039 
     H171822 11 0.2848 0.3294 0.3858 
     H171823 11 0.4416 0.3746 0.1838 
     H171866 11 0.2619 0.4131 0.3251 
     H171867 11 0.2575 0.2491 0.4933 
     H171967 11 0.4457 0.2322 0.3220 
     H171969 11 0.3495 0.3420 0.3085 
        H172 11 0.3180 0.2992 0.3828 
        H173 11 0.2610 0.2467 0.4923 
        H174 11 0.1861 0.4971 0.3168 
        H196 11 0.2125 0.3511 0.4365 
        H197 11 0.2385 0.3283 0.4332 
        H346 11 0.4012 0.2298 0.3690 
        H355 11 0.3831 0.2993 0.3176 
        H356 11 0.3701 0.3037 0.3263 
        H357 11 0.4336 0.2644 0.3021 
        H358 11 0.3763 0.2212 0.4025 
        H359 11 0.3126 0.3518 0.3356 
        H360 11 0.3108 0.2881 0.4010 
        H361 11 0.3100 0.2830 0.4070 
        H362 11 0.1933 0.3557 0.4510 
        H363 11 0.4460 0.2415 0.3125 
        H364 11 0.3505 0.3697 0.2798 
        H365 11 0.3058 0.3697 0.3245 
        H366 11 0.2492 0.3388 0.4120 
        H367 11 0.3886 0.2992 0.3123 
        H368 11 0.2577 0.4866 0.2558 
        H369 11 0.4585 0.1770 0.3645 
        H370 11 0.2578 0.3628 0.3794 
        H371 11 0.3047 0.3479 0.3474 
        H372 11 0.3166 0.3048 0.3786 
        H373 11 0.3405 0.3105 0.3490 
        H374 11 0.4121 0.3037 0.2842 
        H375 11 0.3390 0.2388 0.4223 
        H376 11 0.2451 0.4019 0.3529 
        H377 11 0.3553 0.3102 0.3345 
        H378 11 0.3697 0.3449 0.2855 
        H379 11 0.2974 0.3639 0.3386 
        H380 11 0.2583 0.2773 0.4645 
        H381 11 0.4334 0.3669 0.1996 
        H382 11 0.1739 0.3690 0.4571 
        H383 11 0.2415 0.3981 0.3604 
        H384 11 0.4364 0.3236 0.2399 
        H385 11 0.3921 0.3168 0.2910 
        H386 11 0.3037 0.2046 0.4917 
        H387 11 0.3172 0.4598 0.2230 
        H388 11 0.2099 0.3702 0.4200 
        H389 11 0.3791 0.2173 0.4036 
        H390 11 0.2523 0.3204 0.4272 
        H391 11 0.2497 0.4648 0.2854 
        H392 11 0.5069 0.2078 0.2853 
        H393 11 0.2537 0.4537 0.2927 
        H394 11 0.2299 0.5246 0.2455 
        H395 11 0.4211 0.2568 0.3221 
        H408 11 0.3577 0.2333 0.4090 
        H412 11 0.3910 0.4000 0.2090 
        H417 11 0.3765 0.3269 0.2966 
        H418 11 0.3214 0.3904 0.2882 
        H429 11 0.3197 0.2693 0.4109 
        H430 11 0.2590 0.3115 0.4295 
        H439 11 0.3163 0.2901 0.3937 
        H440 11 0.4753 0.2729 0.2517 
        H441 11 0.2030 0.3081 0.4889 
        H442 11 0.2684 0.3324 0.3993 
        H446 11 0.2800 0.3665 0.3535 
        H447 11 0.2783 0.2611 0.4606 
        H448 11 0.2534 0.2880 0.4586 
        H534 11 0.5092 0.2808 0.2101 
        H537 11 0.4047 0.2955 0.2998 
        H568 11 0.5294 0.2681 0.2025 
        H569 11 0.1775 0.3855 0.4370 
        H586 11 0.3701 0.4634 0.1665 
        H587 11 0.4975 0.2365 0.2659 
        H588 11 0.2646 0.5013 0.2341 
        H589 11 0.5581 0.2215 0.2204 
        H590 11 0.4707 0.2490 0.2803 
        H601 11 0.2345 0.3976 0.3679 
        H602 11 0.3882 0.2794 0.3324 
        H603 11 0.2535 0.2367 0.5098 
        H610 11 0.3400 0.3335 0.3265 
        H611 11 0.4356 0.2874 0.2770 
        H649 11 0.3580 0.3212 0.3208 
        H650 11 0.2588 0.4517 0.2896 
        H651 11 0.3076 0.2442 0.4482 
        H652 11 0.3426 0.3752 0.2822 
       H7364 11 0.3020 0.3345 0.3634 
       H7366 11 0.3333 0.2655 0.4012 
       H7378 11 0.1480 0.5814 0.2706 
       H7379 11 0.2891 0.3739 0.3370 
        H739 11 0.4308 0.2882 0.2810 
        H740 11 0.2422 0.4176 0.3402 
        H741 11 0.4356 0.2993 0.2650 
        H926 11 0.2645 0.4004 0.3351 
        H927 11 0.2368 0.3169 0.4462 
        H928 11 0.2733 0.3960 0.3307 
       H9560 11 0.2806 0.4235 0.2958 
