        H008  2 0.2011 0.2950 0.1028 0.1517 0.2495 
        H021  2 0.2149 0.1973 0.2701 0.1395 0.1782 
        H023  2 0.1595 0.1137 0.1747 0.3714 0.1808 
        H024  2 0.2727 0.2805 0.0907 0.0948 0.2612 
        H025  2 0.1086 0.2397 0.1349 0.4154 0.1013 
        H026  2 0.2691 0.2995 0.1863 0.0616 0.1835 
        H027  2 0.2430 0.2056 0.1580 0.1141 0.2794 
        H028  2 0.1911 0.2844 0.1315 0.1728 0.2201 
        H029  2 0.2763 0.2020 0.1758 0.0818 0.2641 
        H030  2 0.2159 0.3765 0.1133 0.0689 0.2253 
        H038  2 0.2354 0.1007 0.3273 0.1571 0.1794 
        H039  2 0.0814 0.0705 0.0994 0.6877 0.0610 
        H040  2 0.2308 0.1290 0.2861 0.1857 0.1685 
        H041  2 0.2179 0.2207 0.0761 0.2254 0.2599 
        H042  2 0.1856 0.1966 0.1327 0.3155 0.1697 
        H043  2 0.1299 0.1178 0.4180 0.2472 0.0871 
        H044  2 0.1723 0.3264 0.2106 0.1161 0.1747 
        H047  2 0.1835 0.2298 0.2039 0.2394 0.1434 
        H050  2 0.2412 0.2710 0.1313 0.0588 0.2977 
        H058  2 0.1750 0.1814 0.3510 0.1778 0.1148 
        H062  2 0.1738 0.1378 0.1880 0.3497 0.1506 
        H063  2 0.1880 0.1385 0.1856 0.3498 0.1382 
        H065  2 0.1324 0.2829 0.1286 0.2984 0.1577 
        H066  2 0.2855 0.1779 0.3418 0.0641 0.1307 
        H067  2 0.2298 0.1904 0.1029 0.1450 0.3319 
        H068  2 0.1385 0.1578 0.2007 0.3758 0.1273 
        H069  2 0.1665 0.2503 0.3195 0.1356 0.1281 
        H071  2 0.2071 0.1471 0.2081 0.2224 0.2153 
        H072  2 0.1101 0.1074 0.1318 0.5588 0.0919 
        H073  2 0.2185 0.1635 0.2063 0.1292 0.2825 
        H081  2 0.1732 0.1338 0.0705 0.4036 0.2189 
        H082  2 0.2070 0.3981 0.0964 0.1018 0.1968 
        H083  2 0.1276 0.4419 0.1532 0.1216 0.1558 
        H084  2 0.2831 0.1568 0.2585 0.1441 0.1575 
        H085  2 0.1745 0.2511 0.1081 0.1982 0.2681 
        H087  2 0.2252 0.1643 0.0830 0.2175 0.3100 
        H088  2 0.1442 0.1816 0.2436 0.2785 0.1521 
        H089  2 0.1945 0.1832 0.1861 0.1990 0.2372 
        H090  2 0.2411 0.2602 0.0649 0.1020 0.3319 
        H091  2 0.2177 0.2544 0.1051 0.0728 0.3500 
        H098  2 0.2526 0.2625 0.0722 0.1931 0.2195 
      H10001  2 0.0747 0.0795 0.1647 0.6118 0.0694 
      H10002  2 0.1766 0.1477 0.1988 0.2348 0.2421 
        H101  2 0.2360 0.2402 0.1692 0.0632 0.2914 
        H108  2 0.0952 0.0954 0.0607 0.6360 0.1126 
        H109  2 0.2952 0.1722 0.2572 0.1318 0.1435 
        H110  2 0.2168 0.1928 0.0686 0.1148 0.4071 
        H116  2 0.2106 0.3400 0.1763 0.0935 0.1796 
        H117  2 0.3329 0.1683 0.0767 0.0648 0.3574 
        H118  2 0.2031 0.3315 0.1001 0.0885 0.2768 
        H119  2 0.2815 0.1155 0.1286 0.1603 0.3141 
        H120  2 0.1101 0.0796 0.0972 0.6140 0.0990 
        H121  2 0.1768 0.3332 0.0780 0.1098 0.3021 
        H125  2 0.1245 0.0782 0.1653 0.5518 0.0802 
        H126  2 0.1137 0.3562 0.1066 0.2823 0.1412 
        H128  2 0.2219 0.3490 0.0618 0.0339 0.3333 
        H129  2 0.1766 0.3707 0.1637 0.1040 0.1851 
        H130  2 0.0828 0.1777 0.3001 0.3140 0.1255 
        H133  2 0.0974 0.1872 0.1874 0.4102 0.1178 
        H134  2 0.1674 0.4709 0.1063 0.0884 0.1670 
        H135  2 0.1887 0.1597 0.1532 0.2302 0.2682 
        H137  2 0.3403 0.1585 0.0804 0.1121 0.3086 
        H138  2 0.1513 0.2814 0.3144 0.0651 0.1878 
        H140  2 0.2176 0.2154 0.1387 0.1730 0.2552 
        H146  2 0.2145 0.2541 0.1243 0.0961 0.3111 
        H147  2 0.2204 0.2030 0.1084 0.1178 0.3503 
        H148  2 0.2934 0.1506 0.1311 0.0841 0.3408 
     H166022  2 0.2651 0.1723 0.1317 0.0822 0.3486 
     H167359  2 0.1513 0.2579 0.3189 0.1521 0.1199 
     H167397  2 0.2776 0.2745 0.0879 0.0485 0.3115 
     H167428  2 0.1870 0.4060 0.0832 0.1016 0.2221 
     H167496  2 0.1393 0.1111 0.1131 0.4899 0.1466 
     H167513  2 0.2988 0.2969 0.1848 0.1107 0.1088 
     H167545  2 0.1986 0.2075 0.2547 0.1032 0.2360 
     H167547  2 0.4112 0.1736 0.1025 0.0567 0.2560 
     H169621  2 0.2111 0.3044 0.1437 0.0700 0.2707 
     H169622  2 0.1340 0.1652 0.4258 0.0770 0.1979 
     H169750  2 0.1596 0.2746 0.2096 0.2031 0.1531 
     H171806  2 0.2524 0.1672 0.1608 0.1548 0.2648 
     H171808  2 0.2289 0.1879 0.2398 0.1504 0.1930 
     H171809  2 0.2320 0.1719 0.1331 0.2350 0.2280 
     H171813  2 0.2178 0.2229 0.2235 0.1448 0.1910 
     H171815  2 0.1226 0.1301 0.1877 0.4562 0.1033 
     H171824  2 0.2228 0.1202 0.2342 0.1944 0.2283 
     H171825  2 0.1410 0.1626 0.3283 0.1330 0.2352 
     H171826  2 0.2786 0.1930 0.2152 0.1328 0.1803 
     H171827  2 0.1764 0.1391 0.3296 0.0898 0.2651 
     H171828  2 0.1083 0.0801 0.0909 0.6192 0.1015 
     H171829  2 0.2661 0.1918 0.2267 0.1467 0.1686 
     H171830  2 0.1998 0.2572 0.1224 0.2467 0.1739 
     H171831  2 0.2539 0.3651 0.1180 0.0811 0.1819 
     H171832  2 0.1646 0.2930 0.2455 0.1542 0.1427 
     H171863  2 0.1488 0.4026 0.1968 0.0729 0.1790 
     H171864  2 0.2838 0.1498 0.1087 0.1940 0.2637 
     H171865  2 0.1272 0.1337 0.1228 0.5286 0.0878 
     H171879  2 0.3047 0.1698 0.1778 0.0940 0.2538 
     H171880  2 0.2874 0.1890 0.1598 0.0742 0.2896 
     H171881  2 0.2222 0.2944 0.1749 0.1067 0.2019 
     H171882  2 0.0697 0.0770 0.0639 0.7024 0.0870 
     H171929  2 0.1892 0.3188 0.1071 0.2069 0.1780 
     H171930  2 0.2667 0.2180 0.2482 0.0625 0.2045 
     H171933  2 0.2209 0.1936 0.1932 0.1098 0.2825 
     H171934  2 0.3115 0.1350 0.1441 0.1606 0.2488 
     H171937  2 0.1545 0.3793 0.1539 0.1490 0.1633 
     H171962  2 0.1434 0.2737 0.2373 0.1987 0.1470 
        H190  2 0.2025 0.2711 0.1541 0.1417 0.2307 
        H191  2 0.2158 0.2431 0.0982 0.2677 0.1751 
        H396  2 0.2033 0.1627 0.1377 0.2936 0.2027 
        H397  2 0.1674 0.2221 0.2173 0.1576 0.2356 
        H398  2 0.1846 0.2737 0.2274 0.1851 0.1292 
        H400  2 0.1969 0.1786 0.2210 0.2070 0.1965 
        H401  2 0.3970 0.1788 0.0628 0.0639 0.2975 
        H402  2 0.2668 0.1948 0.1700 0.0596 0.3088 
        H427  2 0.2530 0.1695 0.1080 0.2115 0.2580 
        H428  2 0.1832 0.4107 0.0798 0.1033 0.2230 
        H497  2 0.1870 0.2418 0.2372 0.2346 0.0995 
        H512  2 0.2633 0.2495 0.1451 0.1038 0.2384 
        H513  2 0.2995 0.2923 0.1833 0.1191 0.1059 
        H514  2 0.1233 0.2643 0.3003 0.1093 0.2027 
        H519  2 0.2925 0.2959 0.1617 0.1266 0.1233 
        H532  2 0.2659 0.1583 0.2416 0.0779 0.2562 
        H543  2 0.1889 0.1870 0.2663 0.0618 0.2960 
        H544  2 0.0921 0.3806 0.1876 0.2379 0.1018 
        H545  2 0.1838 0.2365 0.2498 0.0997 0.2303 
        H546  2 0.1127 0.1595 0.1205 0.5060 0.1013 
        H547  2 0.4038 0.1848 0.1061 0.0566 0.2487 
        H548  2 0.2253 0.1380 0.1805 0.1994 0.2567 
        H549  2 0.2546 0.1677 0.3592 0.0927 0.1258 
        H620  2 0.0707 0.0544 0.0652 0.7238 0.0860 
        H623  2 0.1627 0.3826 0.1286 0.1705 0.1556 
        H624  2 0.0896 0.1364 0.5730 0.1169 0.0841 
        H625  2 0.1912 0.2061 0.1495 0.2736 0.1796 
        H626  2 0.2784 0.1361 0.3077 0.1264 0.1514 
        H654  2 0.0851 0.0775 0.2006 0.5723 0.0646 
        H655  2 0.1153 0.1200 0.4521 0.1607 0.1518 
        H656  2 0.0699 0.0625 0.0634 0.7317 0.0725 
        H666  2 0.1150 0.1204 0.1412 0.5176 0.1058 
        H667  2 0.2646 0.1302 0.1323 0.0945 0.3784 
        H677  2 0.2353 0.1534 0.2725 0.0985 0.2403 
        H693  2 0.1497 0.0950 0.0756 0.5565 0.1233 
        H694  2 0.1626 0.3226 0.1571 0.1771 0.1807 
        H701  2 0.1602 0.2788 0.2772 0.0843 0.1996 
        H702  2 0.2191 0.1729 0.2537 0.1319 0.2224 
        H731  2 0.1727 0.1513 0.1713 0.2565 0.2481 
       H7359  2 0.1521 0.2264 0.3364 0.1568 0.1284 
       H7389  2 0.2927 0.1668 0.2382 0.1186 0.1837 
       H7390  2 0.1928 0.1106 0.4789 0.1308 0.0870 
       H7391  2 0.2802 0.1245 0.0788 0.1872 0.3293 
       H7392  2 0.1520 0.2161 0.3317 0.1573 0.1429 
       H7393  2 0.2639 0.1814 0.2309 0.1616 0.1623 
       H7398  2 0.2266 0.2211 0.0790 0.1990 0.2742 
       H7399  2 0.2249 0.2010 0.1765 0.0673 0.3302 
       H7400  2 0.0635 0.0622 0.1041 0.7085 0.0617 
        H745  2 0.1947 0.4639 0.1198 0.0905 0.1311 
        H746  2 0.2376 0.1476 0.1849 0.0680 0.3618 
        H747  2 0.2113 0.1358 0.2041 0.2955 0.1533 
        H748  2 0.2246 0.1428 0.2816 0.1033 0.2477 
       H7484  2 0.1312 0.1049 0.0725 0.5860 0.1054 
       H7485  2 0.1828 0.2754 0.2727 0.1602 0.1089 
        H749  2 0.2095 0.1523 0.3100 0.0809 0.2473 
        H930  2 0.2803 0.1960 0.2495 0.0710 0.2033 
        H931  2 0.1528 0.2462 0.1190 0.2832 0.1987 
        H932  2 0.2977 0.1455 0.2466 0.0948 0.2154 
        H002  4 0.1032 0.2015 0.1645 0.3927 0.1381 
        H003  4 0.2293 0.1679 0.1210 0.0967 0.3851 
        H009  4 0.1580 0.2822 0.3568 0.0856 0.1174 
        H010  4 0.2392 0.1863 0.1982 0.1107 0.2657 
        H011  4 0.1034 0.1099 0.0982 0.5806 0.1079 
        H012  4 0.2203 0.2228 0.1505 0.1043 0.3020 
        H013  4 0.1692 0.1321 0.1349 0.3637 0.2001 
        H014  4 0.2235 0.2673 0.1477 0.1349 0.2266 
        H045  4 0.1816 0.1721 0.0646 0.4277 0.1539 
        H046  4 0.2261 0.1808 0.1304 0.1187 0.3440 
        H051  4 0.1282 0.1330 0.0797 0.5093 0.1498 
        H052  4 0.1300 0.2262 0.1454 0.3828 0.1156 
        H053  4 0.1931 0.1556 0.3558 0.1149 0.1806 
        H056  4 0.1329 0.1643 0.1136 0.4885 0.1006 
        H076  4 0.2734 0.2390 0.1577 0.0910 0.2389 
        H151  4 0.1743 0.1302 0.4006 0.1944 0.1006 
        H152  4 0.1115 0.2049 0.1586 0.3997 0.1252 
     H171803  4 0.2474 0.1108 0.3292 0.1096 0.2031 
     H171804  4 0.2424 0.1309 0.1541 0.2815 0.1911 
     H171833  4 0.1763 0.3431 0.2322 0.0898 0.1586 
     H171855  4 0.2042 0.1598 0.2447 0.3053 0.0860 
     H171856  4 0.2900 0.1432 0.2665 0.1086 0.1918 
     H171857  4 0.2425 0.1690 0.1322 0.2982 0.1581 
     H171858  4 0.2156 0.2110 0.2098 0.1678 0.1958 
     H171859  4 0.2401 0.1879 0.1659 0.1784 0.2276 
     H171961  4 0.1476 0.1698 0.1832 0.3673 0.1320 
        H198  4 0.1808 0.2495 0.2027 0.0536 0.3133 
      H20001  4 0.2156 0.3023 0.2995 0.0630 0.1196 
        H403  4 0.2726 0.1889 0.1853 0.1672 0.1861 
        H404  4 0.1732 0.2562 0.1734 0.1354 0.2617 
        H405  4 0.2790 0.1577 0.1225 0.0947 0.3460 
        H406  4 0.3049 0.2633 0.1208 0.1403 0.1707 
        H407  4 0.2838 0.1411 0.2469 0.1077 0.2205 
        H410  4 0.4321 0.1188 0.0622 0.0596 0.3272 
        H411  4 0.2082 0.3651 0.1670 0.0797 0.1800 
        H468  4 0.2263 0.2300 0.3344 0.1090 0.1004 
        H476  4 0.1233 0.1584 0.3984 0.1778 0.1421 
        H477  4 0.1904 0.2059 0.3736 0.0545 0.1756 
        H478  4 0.2558 0.1576 0.1395 0.0882 0.3590 
        H479  4 0.1341 0.1456 0.1173 0.4354 0.1676 
        H480  4 0.2064 0.2723 0.2557 0.0718 0.1938 
        H498  4 0.1542 0.2331 0.1436 0.1851 0.2841 
        H499  4 0.2158 0.1835 0.2081 0.1869 0.2058 
        H500  4 0.1686 0.1060 0.2705 0.2975 0.1574 
        H515  4 0.2498 0.1782 0.2288 0.1531 0.1902 
        H516  4 0.1876 0.2392 0.2961 0.0967 0.1805 
        H517  4 0.3531 0.1341 0.1294 0.0850 0.2984 
        H518  4 0.1536 0.1872 0.2299 0.3152 0.1140 
        H520  4 0.2470 0.1625 0.2410 0.1856 0.1639 
        H521  4 0.2123 0.2429 0.1461 0.1924 0.2064 
        H522  4 0.1782 0.1516 0.3867 0.1090 0.1746 
        H523  4 0.1691 0.1957 0.2180 0.1574 0.2597 
        H536  4 0.1958 0.1909 0.1205 0.2014 0.2913 
        H645  4 0.1596 0.1066 0.0977 0.4321 0.2040 
        H646  4 0.2296 0.2805 0.1839 0.0546 0.2515 
        H647  4 0.1610 0.1733 0.4883 0.0829 0.0944 
        H657  4 0.2802 0.1747 0.1756 0.0808 0.2886 
        H658  4 0.1444 0.1387 0.4381 0.0943 0.1845 
        H659  4 0.1945 0.0971 0.3619 0.2231 0.1234 
        H660  4 0.1457 0.3227 0.1722 0.2279 0.1315 
        H661  4 0.1641 0.1438 0.4341 0.1497 0.1083 
        H668  4 0.2634 0.1711 0.1252 0.0724 0.3679 
        H669  4 0.2158 0.2075 0.1489 0.1906 0.2372 
        H670  4 0.2231 0.1102 0.1058 0.2566 0.3043 
        H678  4 0.2690 0.1538 0.3754 0.0779 0.1240 
        H679  4 0.1982 0.2318 0.2111 0.1229 0.2361 
        H680  4 0.3325 0.2206 0.2038 0.1079 0.1352 
        H681  4 0.1450 0.1805 0.1573 0.2838 0.2334 
        H682  4 0.2617 0.1537 0.1750 0.0898 0.3198 
        H683  4 0.1280 0.2462 0.1714 0.3422 0.1122 
        H718  4 0.1110 0.1032 0.0764 0.6033 0.1061 
        H719  4 0.1452 0.2445 0.0824 0.3740 0.1540 
        H720  4 0.1830 0.2506 0.1389 0.3135 0.1139 
        H721  4 0.1840 0.2613 0.1694 0.2521 0.1332 
        H722  4 0.1271 0.2787 0.1966 0.3028 0.0948 
        H723  4 0.2009 0.1208 0.1381 0.3584 0.1817 
        H724  4 0.1799 0.1053 0.2006 0.4078 0.1064 
        H725  4 0.1658 0.1248 0.1328 0.4628 0.1139 
        H726  4 0.1784 0.1397 0.2783 0.2714 0.1322 
        H727  4 0.2321 0.1528 0.1609 0.2525 0.2017 
        H910  4 0.2175 0.1512 0.1303 0.2760 0.2249 
        H911  4 0.2718 0.1790 0.1164 0.1445 0.2884 
        H912  4 0.2578 0.1989 0.2719 0.1409 0.1306 
        H913  4 0.1205 0.1425 0.4758 0.1061 0.1551 
        H914  4 0.2293 0.1063 0.2407 0.1955 0.2282 
        H915  4 0.2423 0.1696 0.2924 0.1273 0.1684 
        H916  4 0.2665 0.2209 0.2622 0.0997 0.1506 
       H9572  4 0.2574 0.2434 0.1497 0.1606 0.1889 
        H015  5 0.2009 0.3688 0.1356 0.1190 0.1757 
        H016  5 0.1160 0.3597 0.2291 0.1331 0.1622 
        H017  5 0.1582 0.2231 0.3727 0.0832 0.1628 
        H019  5 0.1340 0.3244 0.1616 0.2124 0.1676 
        H020  5 0.1459 0.2410 0.1449 0.2901 0.1781 
        H032  5 0.2115 0.1802 0.2092 0.1855 0.2136 
        H033  5 0.1633 0.2659 0.1755 0.1238 0.2714 
        H034  5 0.2371 0.1499 0.1400 0.2296 0.2435 
        H035  5 0.2097 0.1764 0.4022 0.0770 0.1348 
        H036  5 0.2493 0.2563 0.1153 0.1458 0.2333 
        H037  5 0.1672 0.1113 0.4227 0.1255 0.1733 
        H048  5 0.1965 0.1348 0.1312 0.4155 0.1220 
        H049  5 0.1350 0.3069 0.1763 0.2016 0.1803 
        H054  5 0.2823 0.1810 0.1245 0.1588 0.2534 
        H055  5 0.1894 0.1873 0.2513 0.1866 0.1855 
        H057  5 0.0953 0.3245 0.2828 0.1615 0.1359 
        H060  5 0.1699 0.1848 0.2910 0.1818 0.1725 
        H061  5 0.2852 0.1320 0.2038 0.0926 0.2864 
        H064  5 0.1341 0.2414 0.1118 0.3482 0.1646 
        H070  5 0.2037 0.1467 0.1712 0.2361 0.2424 
        H077  5 0.1343 0.1459 0.1333 0.4697 0.1169 
        H078  5 0.1664 0.2322 0.3503 0.1222 0.1289 
        H079  5 0.2076 0.2169 0.1814 0.0983 0.2959 
        H097  5 0.1039 0.3133 0.2952 0.1781 0.1095 
        H107  5 0.1171 0.1005 0.1588 0.4547 0.1689 
        H122  5 0.2076 0.1501 0.4246 0.0743 0.1433 
        H123  5 0.2545 0.2057 0.2021 0.0601 0.2775 
        H124  5 0.2178 0.1777 0.2591 0.0827 0.2626 
        H131  5 0.2137 0.2536 0.1116 0.0800 0.3410 
        H132  5 0.1823 0.1751 0.1710 0.2859 0.1858 
        H141  5 0.2321 0.1271 0.2511 0.1429 0.2468 
        H142  5 0.1829 0.1612 0.2164 0.0939 0.3455 
        H157  5 0.1836 0.1597 0.2142 0.2940 0.1485 
        H158  5 0.1695 0.2691 0.2931 0.0670 0.2013 
        H159  5 0.2686 0.2565 0.1242 0.1056 0.2452 
        H160  5 0.2387 0.1610 0.2882 0.1045 0.2075 
        H163  5 0.2248 0.2553 0.1373 0.1133 0.2693 
        H164  5 0.1431 0.3438 0.1265 0.1685 0.2180 
        H165  5 0.2230 0.2414 0.0943 0.0737 0.3676 
        H166  5 0.1537 0.3444 0.1439 0.1736 0.1844 
        H169  5 0.1765 0.1807 0.2216 0.0932 0.3280 
     H169613  5 0.1655 0.1780 0.2319 0.1704 0.2541 
     H169653  5 0.1853 0.2808 0.0948 0.1311 0.3081 
     H169728  5 0.2275 0.2093 0.2410 0.1367 0.1855 
     H169742  5 0.1796 0.1289 0.1443 0.3370 0.2102 
        H170  5 0.1591 0.3131 0.2609 0.1532 0.1138 
        H171  5 0.1413 0.3554 0.1901 0.1564 0.1568 
     H171851  5 0.1329 0.3370 0.2475 0.1509 0.1318 
     H171852  5 0.1504 0.1456 0.2796 0.2990 0.1254 
     H171853  5 0.2902 0.1547 0.1328 0.1552 0.2671 
     H171854  5 0.2276 0.2641 0.2048 0.1487 0.1549 
     H171938  5 0.2242 0.1172 0.1389 0.2107 0.3089 
     H171939  5 0.1496 0.3898 0.1721 0.1397 0.1488 
     H171941  5 0.1223 0.1639 0.1540 0.4274 0.1325 
     H171965  5 0.1396 0.1869 0.2872 0.1082 0.2781 
     H171970  5 0.1250 0.1233 0.1019 0.5431 0.1068 
     H171973  5 0.2359 0.1600 0.1873 0.1568 0.2600 
     H171974  5 0.2609 0.1919 0.2227 0.1071 0.2174 
     H171975  5 0.1940 0.1862 0.0789 0.3546 0.1863 
     H171976  5 0.1560 0.2419 0.2239 0.2423 0.1359 
        H175  5 0.1838 0.1673 0.2050 0.2904 0.1535 
        H178  5 0.1576 0.1941 0.1681 0.2914 0.1888 
        H189  5 0.1863 0.2415 0.1028 0.0671 0.4023 
        H399  5 0.3077 0.2579 0.2070 0.0866 0.1408 
        H416  5 0.1985 0.1486 0.2908 0.2018 0.1603 
        H438  5 0.3352 0.1525 0.1071 0.1365 0.2688 
        H450  5 0.1508 0.1349 0.2696 0.2811 0.1636 
        H455  5 0.0890 0.1007 0.0631 0.6604 0.0867 
        H456  5 0.2535 0.1339 0.1997 0.1506 0.2623 
        H457  5 0.1376 0.1936 0.1538 0.3850 0.1301 
        H458  5 0.2194 0.1621 0.2035 0.1931 0.2219 
        H459  5 0.1647 0.1890 0.3354 0.0622 0.2486 
        H460  5 0.2312 0.1341 0.2509 0.1418 0.2421 
        H461  5 0.1478 0.2477 0.3225 0.1229 0.1591 
        H462  5 0.2307 0.2179 0.1394 0.1439 0.2681 
        H469  5 0.2206 0.3054 0.1056 0.1136 0.2548 
        H470  5 0.2217 0.2357 0.2199 0.1442 0.1785 
        H471  5 0.2063 0.1568 0.4428 0.0521 0.1419 
        H481  5 0.1251 0.1217 0.2191 0.4362 0.0979 
        H482  5 0.1823 0.1909 0.2334 0.2256 0.1677 
        H501  5 0.1531 0.2166 0.2997 0.1982 0.1324 
        H502  5 0.1502 0.2287 0.3005 0.0908 0.2299 
        H503  5 0.2266 0.2737 0.1139 0.1092 0.2766 
        H509  5 0.3195 0.1430 0.1048 0.2118 0.2208 
        H510  5 0.1374 0.2838 0.0927 0.3112 0.1749 
        H511  5 0.1916 0.2095 0.2059 0.1050 0.2880 
        H530  5 0.1922 0.1704 0.2078 0.2197 0.2099 
        H531  5 0.1406 0.1058 0.5120 0.1741 0.0675 
        H564  5 0.1362 0.1643 0.2517 0.3100 0.1377 
        H565  5 0.1100 0.1027 0.2488 0.4639 0.0746 
        H567  5 0.2170 0.2769 0.0987 0.0766 0.3307 
     H568???  5 0.2265 0.2483 0.2750 0.0818 0.1685 
        H608  5 0.1727 0.1446 0.2509 0.2517 0.1800 
        H609  5 0.1827 0.2453 0.1012 0.1861 0.2848 
        H612  5 0.2103 0.0874 0.1569 0.3757 0.1697 
        H614  5 0.1601 0.1416 0.3892 0.2280 0.0811 
        H615  5 0.0945 0.1395 0.4523 0.2316 0.0821 
        H616  5 0.1234 0.0748 0.1387 0.5422 0.1208 
        H617  5 0.2756 0.1574 0.1588 0.0796 0.3286 
        H618  5 0.1647 0.1219 0.0973 0.5031 0.1130 
        H619  5 0.1961 0.1608 0.0900 0.2495 0.3035 
        H635  5 0.1969 0.2384 0.1223 0.1958 0.2466 
        H636  5 0.2453 0.1143 0.1033 0.1569 0.3801 
        H637  5 0.1286 0.1495 0.1521 0.4377 0.1321 
        H644  5 0.1585 0.4826 0.0977 0.0664 0.1947 
        H711  5 0.1251 0.2360 0.4181 0.0884 0.1323 
        H712  5 0.1683 0.1335 0.1200 0.4022 0.1759 
       H7360  5 0.1323 0.2653 0.2652 0.1724 0.1648 
       H7361  5 0.1806 0.1596 0.1831 0.3291 0.1477 
       H7362  5 0.1730 0.4788 0.0933 0.0659 0.1890 
       H7363  5 0.2483 0.1848 0.1777 0.2083 0.1809 
       H7394  5 0.1841 0.1924 0.2374 0.0796 0.3064 
       H7395  5 0.1990 0.1822 0.1786 0.1885 0.2517 
       H7396  5 0.1504 0.1517 0.4276 0.1006 0.1697 
        H742  5 0.1817 0.1291 0.1385 0.3359 0.2149 
        H743  5 0.1630 0.1860 0.1680 0.3347 0.1483 
        H744  5 0.2248 0.1183 0.1510 0.3408 0.1651 
        H957  5 0.1562 0.1916 0.3884 0.1031 0.1608 
        H958  5 0.2023 0.1827 0.2490 0.1370 0.2290 
        H959  5 0.1165 0.1413 0.1405 0.4870 0.1147 
        H960  5 0.2471 0.1608 0.1428 0.1981 0.2512 
        H431  8 0.2900 0.1097 0.2328 0.1469 0.2206 
        H432  8 0.2042 0.3816 0.0636 0.1323 0.2184 
        H433  8 0.1988 0.2169 0.1192 0.1533 0.3117 
        H434  8 0.1718 0.3377 0.2106 0.0879 0.1919 
        H444  8 0.1631 0.2601 0.0771 0.3209 0.1788 
        H454  8 0.1001 0.1505 0.0993 0.5519 0.0982 
        H475  8 0.1059 0.1177 0.1832 0.4595 0.1338 
        H491  8 0.1125 0.2220 0.1708 0.3581 0.1367 
        H492  8 0.1181 0.1515 0.2942 0.3032 0.1329 
        H493  8 0.2082 0.2424 0.2118 0.1000 0.2376 
        H494  8 0.1944 0.1887 0.1118 0.3407 0.1645 
        H495  8 0.1312 0.1656 0.3528 0.2603 0.0901 
        H662  8 0.1774 0.2124 0.3971 0.0909 0.1222 
        H663  8 0.2329 0.1536 0.1358 0.2960 0.1817 
        H695  8 0.1727 0.1658 0.2150 0.2298 0.2167 
       H7367  8 0.2493 0.2492 0.1257 0.0626 0.3132 
       H7368  8 0.2530 0.2563 0.1249 0.1292 0.2366 
       H7369  8 0.2243 0.1911 0.0917 0.2476 0.2452 
       H7370  8 0.2469 0.1784 0.2968 0.0477 0.2302 
       H7371  8 0.2369 0.1600 0.1674 0.1817 0.2540 
     H169705 10 0.2590 0.2432 0.1409 0.0634 0.2935 
     H171942 10 0.1963 0.3816 0.0612 0.1463 0.2147 
     H171943 10 0.2048 0.1779 0.3194 0.0987 0.1992 
     H171944 10 0.2468 0.1177 0.3355 0.0795 0.2205 
     H171946 10 0.1974 0.1351 0.4407 0.1177 0.1091 
     H171947 10 0.1566 0.3636 0.1845 0.1384 0.1569 
     H229641 10 0.1798 0.2102 0.1899 0.2487 0.1715 
      H30001 10 0.2111 0.1984 0.1952 0.1976 0.1977 
      H30002 10 0.1461 0.2244 0.2635 0.1220 0.2440 
      H30005 10 0.3259 0.1440 0.0950 0.0885 0.3466 
      H30006 10 0.1931 0.3193 0.0783 0.1058 0.3035 
      H30007 10 0.1514 0.3409 0.3097 0.0850 0.1129 
        H451 10 0.2008 0.2908 0.0612 0.1556 0.2917 
        H452 10 0.4018 0.1230 0.0744 0.1170 0.2839 
        H453 10 0.1280 0.1799 0.2192 0.3492 0.1237 
        H473 10 0.1289 0.1806 0.1888 0.3554 0.1463 
        H474 10 0.1251 0.1264 0.3749 0.2874 0.0863 
        H486 10 0.1599 0.1382 0.0817 0.4510 0.1691 
        H487 10 0.2251 0.1805 0.1999 0.2210 0.1736 
        H488 10 0.1844 0.1824 0.0798 0.3254 0.2281 
        H489 10 0.1823 0.1418 0.3475 0.1936 0.1348 
        H550 10 0.1082 0.1890 0.5039 0.0549 0.1441 
        H551 10 0.2434 0.1725 0.1165 0.2120 0.2555 
        H553 10 0.2484 0.1543 0.1580 0.1958 0.2435 
        H554 10 0.1426 0.3663 0.1451 0.1224 0.2235 
        H556 10 0.1511 0.2265 0.3253 0.1293 0.1678 
        H580 10 0.3326 0.1720 0.1842 0.0856 0.2257 
        H591 10 0.0973 0.1010 0.1686 0.5467 0.0864 
        H592 10 0.2631 0.1414 0.2762 0.1484 0.1711 
        H593 10 0.1636 0.2700 0.2003 0.1424 0.2238 
        H594 10 0.2349 0.3282 0.2011 0.0640 0.1718 
        H627 10 0.1255 0.2234 0.3593 0.1639 0.1278 
        H628 10 0.3005 0.2078 0.0866 0.1067 0.2984 
        H629 10 0.2732 0.2408 0.2113 0.1731 0.1016 
        H630 10 0.2847 0.1655 0.3207 0.0707 0.1584 
        H638 10 0.3397 0.1815 0.2422 0.0833 0.1533 
        H639 10 0.1576 0.1686 0.1519 0.3983 0.1236 
        H640 10 0.2162 0.2685 0.1829 0.1023 0.2302 
        H704 10 0.2054 0.3405 0.1655 0.0929 0.1957 
        H705 10 0.2703 0.2424 0.1306 0.0609 0.2958 
        H706 10 0.1764 0.1274 0.1262 0.3624 0.2076 
        H708 10 0.1542 0.0913 0.5158 0.1444 0.0943 
       H7351 10 0.1550 0.2775 0.2424 0.1166 0.2084 
       H7352 10 0.2459 0.2036 0.2327 0.1353 0.1826 
       H7353 10 0.1552 0.4650 0.1122 0.1186 0.1490 
       H7354 10 0.1909 0.1392 0.2035 0.2226 0.2438 
       H7365 10 0.1946 0.1134 0.2359 0.2960 0.1601 
       H7383 10 0.2078 0.1341 0.1895 0.2374 0.2312 
       H7384 10 0.2012 0.2150 0.1731 0.1445 0.2662 
       H7385 10 0.2155 0.1521 0.2172 0.2434 0.1718 
       H7386 10 0.2006 0.2889 0.1000 0.1710 0.2394 
       H7387 10 0.2374 0.1687 0.2919 0.0781 0.2239 
       H7388 10 0.3775 0.1103 0.0743 0.1320 0.3060 
        H906 10 0.0752 0.2357 0.1018 0.4993 0.0880 
        H907 10 0.2157 0.2862 0.2268 0.0903 0.1809 
        H908 10 0.2386 0.2046 0.1353 0.1506 0.2708 
        H909 10 0.1902 0.1398 0.1161 0.2760 0.2778 
       H9552 10 0.2257 0.2568 0.1696 0.1451 0.2028 
       H9553 10 0.2952 0.1471 0.1237 0.1425 0.2915 
       H9555 10 0.3025 0.1800 0.1993 0.0885 0.2296 
       H9575 10 0.1634 0.1315 0.3928 0.1794 0.1329 
       H9703 10 0.1701 0.1327 0.1630 0.3310 0.2033 
       H9707 10 0.1595 0.1553 0.1504 0.3667 0.1680 
       HSAA4 10 0.3546 0.1733 0.1780 0.0804 0.2137 
        H001 11 0.2741 0.1390 0.1626 0.2094 0.2150 
        H004 11 0.1624 0.2160 0.2980 0.1197 0.2039 
        H005 11 0.1355 0.1213 0.1262 0.4525 0.1645 
        H006 11 0.1831 0.1759 0.2179 0.1376 0.2855 
        H007 11 0.1058 0.1250 0.0951 0.5639 0.1101 
        H031 11 0.1713 0.0957 0.2365 0.3589 0.1376 
        H074 11 0.2259 0.1578 0.2452 0.2567 0.1145 
        H075 11 0.1826 0.0939 0.2125 0.3704 0.1406 
        H080 11 0.2759 0.1487 0.1257 0.2881 0.1617 
        H086 11 0.2640 0.2066 0.1272 0.1105 0.2917 
        H092 11 0.2076 0.1709 0.1901 0.2028 0.2286 
        H093 11 0.1305 0.4474 0.1209 0.1110 0.1902 
        H094 11 0.2413 0.1321 0.4013 0.0669 0.1584 
        H095 11 0.1807 0.1492 0.1768 0.3302 0.1631 
        H096 11 0.1888 0.1316 0.1352 0.3215 0.2229 
        H099 11 0.2124 0.1937 0.2194 0.2165 0.1580 
        H100 11 0.1774 0.3168 0.1470 0.1275 0.2313 
        H127 11 0.2937 0.1667 0.1450 0.1701 0.2244 
        H136 11 0.1252 0.1195 0.3779 0.2854 0.0919 
        H153 11 0.1301 0.3283 0.1905 0.1705 0.1807 
        H154 11 0.2341 0.1207 0.3013 0.1939 0.1499 
        H155 11 0.2834 0.2183 0.0655 0.1078 0.3250 
        H156 11 0.2157 0.2903 0.1007 0.0844 0.3088 
        H161 11 0.1284 0.3496 0.2093 0.1704 0.1423 
        H162 11 0.3172 0.1923 0.1189 0.0770 0.2946 
        H167 11 0.1905 0.1983 0.2609 0.0956 0.2547 
        H168 11 0.2677 0.2168 0.1182 0.1531 0.2441 
     H169586 11 0.0799 0.1537 0.5488 0.1233 0.0943 
     H169738 11 0.2266 0.2088 0.0804 0.2017 0.2825 
     H169741 11 0.0950 0.0938 0.5773 0.1275 0.1064 
     H171801 11 0.1495 0.4567 0.1151 0.1372 0.1414 
     H171810 11 0.1143 0.1317 0.3555 0.2852 0.1133 
     H171811 11 0.1766 0.1165 0.4829 0.1154 0.1086 
     H171812 11 0.1864 0.1897 0.2107 0.2325 0.1808 
     H171820 11 0.1642 0.1511 0.3035 0.2493 0.1319 
     H171821 11 0.2926 0.1909 0.1417 0.1142 0.2607 
     H171822 11 0.2818 0.1940 0.1707 0.1129 0.2406 
     H171823 11 0.0833 0.1989 0.1863 0.4585 0.0730 
     H171866 11 0.2087 0.2789 0.1000 0.2084 0.2041 
     H171867 11 0.2268 0.1860 0.1041 0.1257 0.3575 
     H171967 11 0.1509 0.1283 0.1848 0.3950 0.1410 
     H171969 11 0.1156 0.2595 0.2414 0.2232 0.1602 
        H172 11 0.2075 0.1745 0.2353 0.1491 0.2335 
        H173 11 0.2527 0.1751 0.1587 0.1450 0.2685 
        H174 11 0.3506 0.2372 0.1847 0.0509 0.1765 
        H196 11 0.4373 0.0934 0.0670 0.0664 0.3359 
        H197 11 0.2309 0.2458 0.2141 0.0875 0.2217 
        H346 11 0.1414 0.1611 0.1634 0.3040 0.2301 
        H355 11 0.1339 0.1732 0.1459 0.3805 0.1665 
        H356 11 0.1709 0.2024 0.1752 0.2581 0.1933 
        H357 11 0.1896 0.1570 0.2061 0.3017 0.1456 
        H358 11 0.2473 0.1248 0.1860 0.1336 0.3082 
        H359 11 0.1917 0.1767 0.3155 0.1147 0.2013 
        H360 11 0.1763 0.2275 0.2297 0.1093 0.2573 
        H361 11 0.1618 0.2171 0.1087 0.2003 0.3121 
        H362 11 0.2783 0.2188 0.1188 0.0748 0.3093 
        H363 11 0.1714 0.1085 0.3391 0.1717 0.2094 
        H364 11 0.1249 0.1464 0.4391 0.1075 0.1821 
        H365 11 0.1877 0.2645 0.1811 0.1855 0.1813 
        H366 11 0.3069 0.1606 0.1094 0.1561 0.2669 
        H367 11 0.2928 0.1163 0.1100 0.3317 0.1492 
        H368 11 0.1562 0.1863 0.4603 0.0617 0.1354 
        H369 11 0.1855 0.0946 0.1220 0.4095 0.1884 
        H370 11 0.1870 0.2514 0.2231 0.0848 0.2538 
        H371 11 0.2427 0.2522 0.1581 0.1474 0.1995 
        H372 11 0.2711 0.1310 0.2110 0.1304 0.2565 
        H373 11 0.2298 0.2066 0.1866 0.1274 0.2496 
        H374 11 0.1408 0.2025 0.2513 0.2240 0.1814 
        H375 11 0.2162 0.1460 0.1120 0.2908 0.2350 
        H376 11 0.1824 0.3443 0.1603 0.1160 0.1970 
        H377 11 0.1298 0.1884 0.3014 0.1888 0.1916 
        H378 11 0.2088 0.1967 0.2478 0.1611 0.1855 
        H379 11 0.2135 0.2054 0.2316 0.1419 0.2076 
        H380 11 0.2080 0.1742 0.1129 0.1314 0.3734 
        H381 11 0.0964 0.1562 0.4359 0.2394 0.0721 
        H382 11 0.2538 0.3017 0.0799 0.0711 0.2934 
        H383 11 0.2015 0.3169 0.1708 0.0782 0.2325 
        H384 11 0.0981 0.1145 0.5798 0.1098 0.0977 
        H385 11 0.2062 0.1791 0.3536 0.1238 0.1373 
        H386 11 0.2875 0.1119 0.1144 0.1195 0.3667 
        H387 11 0.1786 0.2459 0.2256 0.1395 0.2105 
        H388 11 0.2371 0.2481 0.1224 0.0942 0.2982 
        H389 11 0.1672 0.1335 0.1084 0.3897 0.2012 
        H390 11 0.2492 0.1984 0.1735 0.0935 0.2854 
        H391 11 0.3184 0.1835 0.2890 0.0636 0.1455 
        H392 11 0.2040 0.0965 0.1905 0.3093 0.1998 
        H393 11 0.1314 0.4379 0.1099 0.1751 0.1457 
        H394 11 0.1473 0.4621 0.1226 0.1355 0.1325 
        H395 11 0.2181 0.1345 0.2355 0.2281 0.1837 
        H408 11 0.2364 0.1155 0.1234 0.2126 0.3121 
        H412 11 0.2398 0.1576 0.3776 0.1356 0.0895 
        H417 11 0.1227 0.1385 0.4976 0.1118 0.1294 
        H418 11 0.2909 0.2014 0.1870 0.1342 0.1865 
        H429 11 0.2075 0.1548 0.1689 0.1915 0.2773 
        H430 11 0.2282 0.2973 0.0994 0.1493 0.2259 
        H439 11 0.2211 0.1785 0.2540 0.1094 0.2371 
        H440 11 0.1656 0.1250 0.2678 0.2922 0.1493 
        H441 11 0.3842 0.1291 0.0781 0.0794 0.3292 
        H442 11 0.2494 0.1755 0.1323 0.1511 0.2916 
        H446 11 0.1772 0.2282 0.2065 0.1314 0.2568 
        H447 11 0.2551 0.1250 0.2054 0.0931 0.3213 
        H448 11 0.3271 0.1444 0.0729 0.1662 0.2893 
        H534 11 0.1924 0.1457 0.3064 0.2417 0.1138 
        H537 11 0.1732 0.1826 0.1233 0.3693 0.1516 
        H568 11 0.1274 0.1316 0.2206 0.4354 0.0851 
        H569 11 0.2364 0.2943 0.0681 0.0773 0.3239 
        H586 11 0.0898 0.1586 0.5431 0.1252 0.0833 
        H587 11 0.1380 0.1133 0.3268 0.2892 0.1327 
        H588 11 0.1412 0.3674 0.2465 0.0871 0.1579 
        H589 11 0.1447 0.0933 0.3136 0.3300 0.1184 
        H590 11 0.0910 0.1069 0.0951 0.5945 0.1126 
        H601 11 0.1776 0.3445 0.1103 0.1395 0.2281 
        H602 11 0.2966 0.1139 0.1666 0.2224 0.2005 
        H603 11 0.2538 0.1838 0.0819 0.1283 0.3522 
        H610 11 0.2128 0.2185 0.1910 0.1641 0.2137 
        H611 11 0.1560 0.1205 0.3993 0.2096 0.1146 
        H649 11 0.1633 0.2374 0.1824 0.2452 0.1717 
        H650 11 0.1807 0.2486 0.2681 0.0858 0.2167 
        H651 11 0.2257 0.1746 0.1102 0.1991 0.2903 
        H652 11 0.1941 0.2734 0.2000 0.1352 0.1973 
       H7364 11 0.2499 0.1906 0.2064 0.1301 0.2231 
       H7366 11 0.1933 0.2146 0.1167 0.2022 0.2732 
       H7378 11 0.3459 0.3448 0.0957 0.0545 0.1592 
       H7379 11 0.2314 0.2826 0.1754 0.1229 0.1876 
        H739 11 0.1401 0.1488 0.3205 0.2595 0.1310 
        H740 11 0.2029 0.2877 0.1634 0.0905 0.2556 
        H741 11 0.1087 0.1014 0.5425 0.1447 0.1026 
        H926 11 0.2157 0.2841 0.1287 0.1244 0.2471 
        H927 11 0.2680 0.1600 0.1810 0.0601 0.3309 
        H928 11 0.2107 0.1891 0.3280 0.0966 0.1755 
       H9560 11 0.1826 0.1611 0.4057 0.0827 0.1679 
