        H008  2 0.4167 0.2762 0.3072 
        H021  2 0.3366 0.3425 0.3209 
        H023  2 0.3148 0.4207 0.2644 
        H024  2 0.3097 0.2456 0.4447 
        H025  2 0.2495 0.4063 0.3442 
        H026  2 0.2894 0.2456 0.4650 
        H027  2 0.4115 0.2819 0.3066 
        H028  2 0.3433 0.2783 0.3784 
        H029  2 0.3812 0.2649 0.3539 
        H030  2 0.3456 0.2340 0.4204 
        H038  2 0.3336 0.3554 0.3109 
        H039  2 0.2076 0.5395 0.2529 
        H040  2 0.3394 0.3120 0.3486 
        H041  2 0.4113 0.3181 0.2706 
        H042  2 0.3311 0.3578 0.3111 
        H043  2 0.2374 0.4381 0.3244 
        H044  2 0.3071 0.2835 0.4094 
        H047  2 0.2457 0.3901 0.3642 
        H050  2 0.3081 0.2390 0.4529 
        H058  2 0.2893 0.3612 0.3495 
        H062  2 0.2889 0.4118 0.2993 
        H063  2 0.3003 0.4387 0.2610 
        H065  2 0.2851 0.3475 0.3674 
        H066  2 0.3183 0.2790 0.4027 
        H067  2 0.4368 0.2697 0.2935 
        H068  2 0.2630 0.4335 0.3035 
        H069  2 0.2862 0.3195 0.3943 
        H071  2 0.3356 0.3925 0.2719 
        H072  2 0.2677 0.4793 0.2530 
        H073  2 0.3955 0.2638 0.3407 
        H081  2 0.4096 0.3509 0.2395 
        H082  2 0.3363 0.2687 0.3949 
        H083  2 0.3177 0.2935 0.3888 
        H084  2 0.3407 0.3357 0.3237 
        H085  2 0.3835 0.3408 0.2757 
        H087  2 0.4387 0.3206 0.2407 
        H088  2 0.3324 0.4089 0.2587 
        H089  2 0.3869 0.2988 0.3143 
        H090  2 0.3317 0.2740 0.3943 
        H091  2 0.3980 0.2472 0.3548 
        H098  2 0.3606 0.2848 0.3546 
      H10001  2 0.2240 0.5134 0.2625 
      H10002  2 0.3795 0.3655 0.2550 
        H101  2 0.2994 0.2572 0.4435 
        H108  2 0.3341 0.3982 0.2676 
        H109  2 0.2897 0.3462 0.3641 
        H110  2 0.4856 0.2544 0.2601 
        H116  2 0.3406 0.2802 0.3792 
        H117  2 0.4828 0.2552 0.2620 
        H118  2 0.3347 0.2465 0.4187 
        H119  2 0.4129 0.3319 0.2552 
        H120  2 0.2820 0.4979 0.2201 
        H121  2 0.3271 0.2822 0.3907 
        H125  2 0.2571 0.5145 0.2284 
        H126  2 0.2845 0.3226 0.3929 
        H128  2 0.3134 0.1733 0.5133 
        H129  2 0.3232 0.2405 0.4363 
        H130  2 0.2207 0.4129 0.3664 
        H133  2 0.2669 0.4364 0.2968 
        H134  2 0.2498 0.2474 0.5028 
        H135  2 0.3974 0.3287 0.2739 
        H137  2 0.3574 0.2776 0.3650 
        H138  2 0.3181 0.2760 0.4058 
        H140  2 0.3356 0.3233 0.3411 
        H146  2 0.3272 0.2689 0.4039 
        H147  2 0.4580 0.2717 0.2703 
        H148  2 0.4525 0.2790 0.2684 
     H166022  2 0.4616 0.2410 0.2974 
     H167359  2 0.3155 0.3316 0.3529 
     H167397  2 0.4141 0.1886 0.3973 
     H167428  2 0.3354 0.2422 0.4224 
     H167496  2 0.3406 0.4102 0.2492 
     H167513  2 0.2945 0.3262 0.3793 
     H167545  2 0.3140 0.2669 0.4191 
     H167547  2 0.3167 0.2190 0.4643 
     H169621  2 0.3773 0.2479 0.3748 
     H169622  2 0.3813 0.2655 0.3532 
     H169750  2 0.3193 0.3358 0.3449 
     H171806  2 0.3140 0.3425 0.3436 
     H171808  2 0.3116 0.3260 0.3624 
     H171809  2 0.3739 0.3527 0.2734 
     H171813  2 0.2680 0.3282 0.4039 
     H171815  2 0.2287 0.4650 0.3063 
     H171824  2 0.3916 0.3745 0.2339 
     H171825  2 0.3712 0.3074 0.3214 
     H171826  2 0.3485 0.3522 0.2993 
     H171827  2 0.3934 0.3075 0.2991 
     H171828  2 0.2782 0.5044 0.2174 
     H171829  2 0.3091 0.3047 0.3862 
     H171830  2 0.3469 0.3496 0.3035 
     H171831  2 0.3374 0.2441 0.4184 
     H171832  2 0.3125 0.3288 0.3587 
     H171863  2 0.2675 0.2402 0.4923 
     H171864  2 0.3687 0.3210 0.3103 
     H171865  2 0.2407 0.4581 0.3011 
     H171879  2 0.3431 0.2898 0.3670 
     H171880  2 0.4047 0.2630 0.3323 
     H171881  2 0.3944 0.2690 0.3366 
     H171882  2 0.2650 0.4693 0.2657 
     H171929  2 0.3594 0.3346 0.3060 
     H171930  2 0.3310 0.2391 0.4299 
     H171933  2 0.3908 0.2683 0.3409 
     H171934  2 0.3881 0.3157 0.2962 
     H171937  2 0.2750 0.2835 0.4415 
     H171962  2 0.3225 0.3358 0.3416 
        H190  2 0.3747 0.2673 0.3580 
        H191  2 0.3137 0.3382 0.3481 
        H396  2 0.3559 0.3310 0.3130 
        H397  2 0.3636 0.2900 0.3464 
        H398  2 0.2782 0.3561 0.3657 
        H400  2 0.3347 0.3400 0.3253 
        H401  2 0.3452 0.2186 0.4362 
        H402  2 0.4785 0.2187 0.3028 
        H427  2 0.4084 0.3138 0.2779 
        H428  2 0.3470 0.2445 0.4086 
        H497  2 0.2708 0.3948 0.3344 
        H512  2 0.3849 0.2812 0.3339 
        H513  2 0.2929 0.3289 0.3783 
        H514  2 0.2988 0.3257 0.3755 
        H519  2 0.3019 0.3314 0.3667 
        H532  2 0.4121 0.2772 0.3107 
        H543  2 0.4590 0.2480 0.2929 
        H544  2 0.2477 0.3445 0.4078 
        H545  2 0.2953 0.2560 0.4487 
        H546  2 0.2482 0.3881 0.3637 
        H547  2 0.3203 0.2198 0.4599 
        H548  2 0.4051 0.3143 0.2806 
        H549  2 0.2924 0.2647 0.4428 
        H620  2 0.2762 0.5034 0.2204 
        H623  2 0.3101 0.2685 0.4214 
        H624  2 0.2008 0.4219 0.3773 
        H625  2 0.3484 0.3371 0.3146 
        H626  2 0.3402 0.3421 0.3177 
        H654  2 0.2096 0.5301 0.2603 
        H655  2 0.3035 0.4081 0.2884 
        H656  2 0.2851 0.4644 0.2505 
        H666  2 0.2328 0.4585 0.3087 
        H667  2 0.4406 0.2836 0.2757 
        H677  2 0.3975 0.2935 0.3089 
        H693  2 0.3268 0.4452 0.2281 
        H694  2 0.3123 0.2566 0.4311 
        H701  2 0.3585 0.2790 0.3625 
        H702  2 0.4005 0.3337 0.2657 
        H731  2 0.3476 0.3720 0.2804 
       H7359  2 0.3199 0.3365 0.3436 
       H7389  2 0.3205 0.3085 0.3710 
       H7390  2 0.2775 0.4160 0.3065 
       H7391  2 0.4782 0.2873 0.2345 
       H7392  2 0.3190 0.3140 0.3670 
       H7393  2 0.3345 0.3462 0.3193 
       H7398  2 0.4083 0.3100 0.2817 
       H7399  2 0.3930 0.2506 0.3564 
       H7400  2 0.2198 0.5305 0.2498 
        H745  2 0.2548 0.2838 0.4614 
        H746  2 0.4013 0.2541 0.3446 
        H747  2 0.3214 0.3554 0.3232 
        H748  2 0.3638 0.3321 0.3041 
       H7484  2 0.2845 0.4073 0.3082 
       H7485  2 0.2794 0.3314 0.3892 
        H749  2 0.3787 0.2775 0.3437 
        H930  2 0.3432 0.2470 0.4099 
        H931  2 0.3323 0.3518 0.3159 
        H932  2 0.3522 0.3228 0.3250 
        H002  4 0.2500 0.4394 0.3107 
        H003  4 0.4423 0.2549 0.3028 
        H009  4 0.2952 0.2676 0.4372 
        H010  4 0.3841 0.2872 0.3287 
        H011  4 0.2984 0.4525 0.2491 
        H012  4 0.4485 0.2761 0.2754 
        H013  4 0.3630 0.3942 0.2429 
        H014  4 0.3441 0.3264 0.3296 
        H045  4 0.3550 0.3593 0.2857 
        H046  4 0.3917 0.2549 0.3534 
        H051  4 0.3415 0.4058 0.2527 
        H052  4 0.2441 0.3434 0.4125 
        H053  4 0.3444 0.3525 0.3030 
        H056  4 0.2532 0.4081 0.3387 
        H076  4 0.3528 0.2640 0.3832 
        H151  4 0.2596 0.4520 0.2884 
        H152  4 0.2253 0.4365 0.3382 
     H171803  4 0.3643 0.3458 0.2899 
     H171804  4 0.3694 0.3601 0.2705 
     H171833  4 0.3074 0.2542 0.4384 
     H171855  4 0.2304 0.4473 0.3224 
     H171856  4 0.3346 0.3061 0.3592 
     H171857  4 0.2740 0.3987 0.3273 
     H171858  4 0.3041 0.3315 0.3644 
     H171859  4 0.3552 0.3192 0.3256 
     H171961  4 0.2929 0.4162 0.2908 
        H198  4 0.4194 0.2359 0.3446 
      H20001  4 0.2583 0.2693 0.4725 
        H403  4 0.2966 0.3216 0.3818 
        H404  4 0.3828 0.2880 0.3293 
        H405  4 0.4326 0.2549 0.3125 
        H406  4 0.2325 0.2965 0.4710 
        H407  4 0.3348 0.3195 0.3457 
        H410  4 0.3899 0.2393 0.3708 
        H411  4 0.2710 0.2958 0.4332 
        H468  4 0.2946 0.2977 0.4078 
        H476  4 0.3097 0.3694 0.3209 
        H477  4 0.2643 0.2727 0.4630 
        H478  4 0.4277 0.2616 0.3106 
        H479  4 0.3340 0.3537 0.3124 
        H480  4 0.3253 0.2644 0.4103 
        H498  4 0.3638 0.3300 0.3061 
        H499  4 0.3058 0.3503 0.3439 
        H500  4 0.3377 0.3993 0.2629 
        H515  4 0.3213 0.3632 0.3155 
        H516  4 0.3090 0.2867 0.4042 
        H517  4 0.4146 0.2660 0.3194 
        H518  4 0.2634 0.3478 0.3888 
        H520  4 0.3249 0.3327 0.3425 
        H521  4 0.3673 0.3203 0.3124 
        H522  4 0.3527 0.3143 0.3330 
        H523  4 0.3250 0.3477 0.3273 
        H536  4 0.3854 0.3008 0.3138 
        H645  4 0.3643 0.3891 0.2465 
        H646  4 0.3102 0.2354 0.4544 
        H647  4 0.2863 0.3085 0.4052 
        H657  4 0.3963 0.2402 0.3636 
        H658  4 0.3446 0.3380 0.3174 
        H659  4 0.2820 0.4677 0.2502 
        H660  4 0.3087 0.3690 0.3223 
        H661  4 0.2555 0.4000 0.3445 
        H668  4 0.4432 0.2501 0.3068 
        H669  4 0.3726 0.3291 0.2983 
        H670  4 0.3869 0.3662 0.2469 
        H678  4 0.3231 0.3261 0.3508 
        H679  4 0.3626 0.2817 0.3557 
        H680  4 0.2938 0.3257 0.3806 
        H681  4 0.3878 0.3478 0.2644 
        H682  4 0.4797 0.2657 0.2545 
        H683  4 0.2471 0.3514 0.4015 
        H718  4 0.2807 0.4282 0.2912 
        H719  4 0.3524 0.3590 0.2886 
        H720  4 0.2775 0.3339 0.3886 
        H721  4 0.2591 0.3397 0.4012 
        H722  4 0.2198 0.4105 0.3696 
        H723  4 0.3705 0.3910 0.2385 
        H724  4 0.2661 0.4487 0.2852 
        H725  4 0.2893 0.4152 0.2954 
        H726  4 0.2921 0.4271 0.2808 
        H727  4 0.3471 0.3848 0.2680 
        H910  4 0.3563 0.3729 0.2708 
        H911  4 0.3594 0.2871 0.3535 
        H912  4 0.3237 0.3350 0.3413 
        H913  4 0.3195 0.3488 0.3316 
        H914  4 0.3704 0.3892 0.2404 
        H915  4 0.3424 0.3492 0.3084 
        H916  4 0.2751 0.3302 0.3947 
       H9572  4 0.3472 0.2983 0.3545 
        H015  5 0.3248 0.2737 0.4016 
        H016  5 0.2902 0.2839 0.4259 
        H017  5 0.2722 0.3409 0.3870 
        H019  5 0.3181 0.3077 0.3742 
        H020  5 0.2727 0.3776 0.3497 
        H032  5 0.3573 0.3064 0.3363 
        H033  5 0.4367 0.2744 0.2889 
        H034  5 0.3607 0.3842 0.2551 
        H035  5 0.3308 0.2959 0.3733 
        H036  5 0.3593 0.2723 0.3684 
        H037  5 0.3359 0.3844 0.2797 
        H048  5 0.3424 0.3947 0.2629 
        H049  5 0.2978 0.3267 0.3756 
        H054  5 0.3736 0.3212 0.3053 
        H055  5 0.3037 0.3816 0.3147 
        H057  5 0.2643 0.3566 0.3791 
        H060  5 0.2691 0.3954 0.3354 
        H061  5 0.4101 0.2738 0.3161 
        H064  5 0.3003 0.3772 0.3225 
        H070  5 0.3537 0.3922 0.2542 
        H077  5 0.2706 0.4472 0.2822 
        H078  5 0.2660 0.3604 0.3736 
        H079  5 0.4063 0.2670 0.3267 
        H097  5 0.2449 0.3478 0.4073 
        H107  5 0.3436 0.4260 0.2303 
        H122  5 0.3120 0.2936 0.3943 
        H123  5 0.3801 0.2519 0.3680 
        H124  5 0.3839 0.2768 0.3394 
        H131  5 0.3868 0.2580 0.3552 
        H132  5 0.3184 0.3660 0.3156 
        H141  5 0.3528 0.3299 0.3173 
        H142  5 0.4162 0.2658 0.3180 
        H157  5 0.3266 0.3903 0.2831 
        H158  5 0.3008 0.2625 0.4368 
        H159  5 0.3890 0.2379 0.3732 
        H160  5 0.3709 0.2646 0.3645 
        H163  5 0.3648 0.2955 0.3397 
        H164  5 0.4022 0.3026 0.2952 
        H165  5 0.4430 0.2231 0.3339 
        H166  5 0.3197 0.3081 0.3722 
        H169  5 0.4234 0.2814 0.2952 
     H169613  5 0.3274 0.3408 0.3318 
     H169653  5 0.3932 0.2885 0.3183 
     H169728  5 0.3400 0.2956 0.3644 
     H169742  5 0.3471 0.3614 0.2915 
        H170  5 0.2457 0.3086 0.4457 
        H171  5 0.2768 0.3353 0.3879 
     H171851  5 0.2816 0.3303 0.3881 
     H171852  5 0.2728 0.3916 0.3356 
     H171853  5 0.3971 0.3240 0.2790 
     H171854  5 0.2953 0.3292 0.3755 
     H171938  5 0.4299 0.3281 0.2420 
     H171939  5 0.2931 0.2890 0.4179 
     H171941  5 0.2699 0.4648 0.2653 
     H171965  5 0.3614 0.2857 0.3529 
     H171970  5 0.2579 0.4741 0.2680 
     H171973  5 0.3989 0.3104 0.2906 
     H171974  5 0.3841 0.3379 0.2780 
     H171975  5 0.3517 0.3560 0.2923 
     H171976  5 0.2455 0.3113 0.4431 
        H175  5 0.3329 0.3736 0.2935 
        H178  5 0.3228 0.3817 0.2955 
        H189  5 0.3894 0.2262 0.3844 
        H399  5 0.2728 0.2701 0.4570 
        H416  5 0.3207 0.3879 0.2914 
        H438  5 0.4394 0.3010 0.2596 
        H450  5 0.2675 0.4463 0.2863 
        H455  5 0.2751 0.4829 0.2420 
        H456  5 0.4253 0.3134 0.2614 
        H457  5 0.2692 0.4039 0.3269 
        H458  5 0.3262 0.3890 0.2848 
        H459  5 0.4296 0.2483 0.3222 
        H460  5 0.3722 0.3122 0.3156 
        H461  5 0.2655 0.3215 0.4130 
        H462  5 0.3404 0.3031 0.3565 
        H469  5 0.3620 0.2773 0.3607 
        H470  5 0.3497 0.3326 0.3177 
        H471  5 0.3363 0.2301 0.4336 
        H481  5 0.2559 0.4663 0.2778 
        H482  5 0.3043 0.3718 0.3238 
        H501  5 0.3329 0.3853 0.2817 
        H502  5 0.3621 0.2647 0.3733 
        H503  5 0.3520 0.2613 0.3867 
        H509  5 0.3714 0.3416 0.2870 
        H510  5 0.3126 0.3622 0.3252 
        H511  5 0.3374 0.3006 0.3621 
        H530  5 0.3937 0.3406 0.2657 
        H531  5 0.2779 0.3637 0.3584 
        H564  5 0.2857 0.3756 0.3387 
        H565  5 0.2418 0.4858 0.2724 
        H567  5 0.3200 0.2393 0.4407 
     H568???  5 0.3041 0.2512 0.4447 
        H608  5 0.2814 0.4414 0.2772 
        H609  5 0.3916 0.3119 0.2966 
        H612  5 0.3459 0.4208 0.2332 
        H614  5 0.2465 0.4444 0.3091 
        H615  5 0.2554 0.4312 0.3134 
        H616  5 0.2829 0.4934 0.2237 
        H617  5 0.4742 0.2313 0.2945 
        H618  5 0.2753 0.4441 0.2806 
        H619  5 0.3910 0.3064 0.3026 
        H635  5 0.3564 0.3176 0.3260 
        H636  5 0.4639 0.2820 0.2541 
        H637  5 0.2919 0.4074 0.3007 
        H644  5 0.3186 0.2094 0.4719 
        H711  5 0.2876 0.3110 0.4014 
        H712  5 0.3359 0.4007 0.2634 
       H7360  5 0.3262 0.2968 0.3770 
       H7361  5 0.2876 0.4305 0.2818 
       H7362  5 0.3195 0.2167 0.4638 
       H7363  5 0.2490 0.3971 0.3539 
       H7394  5 0.3840 0.2799 0.3360 
       H7395  5 0.3496 0.3641 0.2863 
       H7396  5 0.3464 0.3506 0.3029 
        H742  5 0.3526 0.3644 0.2829 
        H743  5 0.2734 0.3750 0.3517 
        H744  5 0.2861 0.4392 0.2746 
        H957  5 0.3030 0.3123 0.3847 
        H958  5 0.3712 0.2809 0.3480 
        H959  5 0.3062 0.4579 0.2359 
        H960  5 0.3379 0.3510 0.3111 
        H431  8 0.3616 0.3759 0.2624 
        H432  8 0.3092 0.2543 0.4365 
        H433  8 0.4470 0.2803 0.2727 
        H434  8 0.3360 0.2820 0.3820 
        H444  8 0.3832 0.3374 0.2794 
        H454  8 0.2980 0.4483 0.2537 
        H475  8 0.2668 0.4767 0.2565 
        H491  8 0.2689 0.4299 0.3012 
        H492  8 0.3020 0.4179 0.2801 
        H493  8 0.3429 0.2923 0.3648 
        H494  8 0.3187 0.3629 0.3184 
        H495  8 0.1930 0.4526 0.3544 
        H662  8 0.3088 0.3026 0.3887 
        H663  8 0.3333 0.3582 0.3085 
        H695  8 0.3683 0.3420 0.2897 
       H7367  8 0.3834 0.2519 0.3647 
       H7368  8 0.3785 0.2763 0.3452 
       H7369  8 0.3812 0.3428 0.2760 
       H7370  8 0.3783 0.2398 0.3819 
       H7371  8 0.4129 0.3055 0.2816 
     H169705 10 0.3677 0.2566 0.3758 
     H171942 10 0.3276 0.2398 0.4326 
     H171943 10 0.2967 0.2920 0.4113 
     H171944 10 0.4052 0.3101 0.2846 
     H171946 10 0.2711 0.3713 0.3576 
     H171947 10 0.3081 0.3118 0.3801 
     H229641 10 0.3514 0.3380 0.3107 
      H30001 10 0.3773 0.3559 0.2667 
      H30002 10 0.3509 0.3269 0.3221 
      H30005 10 0.3934 0.2754 0.3312 
      H30006 10 0.2845 0.2713 0.4442 
      H30007 10 0.2150 0.2807 0.5044 
        H451 10 0.4195 0.2562 0.3243 
        H452 10 0.3159 0.2935 0.3906 
        H453 10 0.2475 0.4385 0.3140 
        H473 10 0.2759 0.3828 0.3413 
        H474 10 0.2406 0.4236 0.3358 
        H486 10 0.3496 0.3546 0.2958 
        H487 10 0.2842 0.3757 0.3401 
        H488 10 0.3966 0.3381 0.2652 
        H489 10 0.2976 0.4013 0.3011 
        H550 10 0.3225 0.2583 0.4192 
        H551 10 0.3752 0.3334 0.2913 
        H553 10 0.3116 0.3460 0.3424 
        H554 10 0.3907 0.2758 0.3335 
        H556 10 0.3094 0.3080 0.3825 
        H580 10 0.3778 0.2885 0.3337 
        H591 10 0.2519 0.4954 0.2527 
        H592 10 0.3628 0.3498 0.2874 
        H593 10 0.3615 0.2917 0.3468 
        H594 10 0.3432 0.2387 0.4182 
        H627 10 0.2858 0.3326 0.3816 
        H628 10 0.4268 0.2443 0.3289 
        H629 10 0.2565 0.3311 0.4124 
        H630 10 0.3103 0.2952 0.3945 
        H638 10 0.3369 0.2982 0.3649 
        H639 10 0.2784 0.3735 0.3481 
        H640 10 0.3691 0.2326 0.3983 
        H704 10 0.2825 0.2825 0.4351 
        H705 10 0.3801 0.2562 0.3637 
        H706 10 0.3575 0.3901 0.2524 
        H708 10 0.2839 0.4444 0.2717 
       H7351 10 0.3494 0.2784 0.3721 
       H7352 10 0.3385 0.3326 0.3288 
       H7353 10 0.2655 0.2817 0.4528 
       H7354 10 0.3055 0.3966 0.2978 
       H7365 10 0.3385 0.3795 0.2820 
       H7383 10 0.3726 0.3629 0.2644 
       H7384 10 0.3232 0.3581 0.3187 
       H7385 10 0.3051 0.4001 0.2948 
       H7386 10 0.4107 0.2854 0.3039 
       H7387 10 0.3877 0.3033 0.3090 
       H7388 10 0.3680 0.3118 0.3201 
        H906 10 0.2610 0.4280 0.3110 
        H907 10 0.3415 0.2866 0.3719 
        H908 10 0.3988 0.3109 0.2903 
        H909 10 0.3492 0.3766 0.2742 
       H9552 10 0.3218 0.3283 0.3499 
       H9553 10 0.3447 0.3140 0.3412 
       H9555 10 0.4071 0.2674 0.3255 
       H9575 10 0.2931 0.4119 0.2950 
       H9703 10 0.2924 0.4160 0.2916 
       H9707 10 0.3235 0.3905 0.2861 
       HSAA4 10 0.3729 0.2911 0.3360 
        H001 11 0.3419 0.3662 0.2918 
        H004 11 0.3187 0.3400 0.3414 
        H005 11 0.3023 0.4570 0.2407 
        H006 11 0.3878 0.3156 0.2966 
        H007 11 0.2957 0.4557 0.2486 
        H031 11 0.3105 0.4577 0.2318 
        H074 11 0.2885 0.3898 0.3218 
        H075 11 0.2870 0.4659 0.2471 
        H080 11 0.3150 0.4177 0.2673 
        H086 11 0.3177 0.3138 0.3684 
        H092 11 0.3163 0.3801 0.3036 
        H093 11 0.3289 0.2554 0.4157 
        H094 11 0.3673 0.3008 0.3319 
        H095 11 0.3239 0.3757 0.3004 
        H096 11 0.3789 0.3651 0.2559 
        H099 11 0.3104 0.3820 0.3076 
        H100 11 0.3084 0.2850 0.4066 
        H127 11 0.3459 0.3357 0.3185 
        H136 11 0.2510 0.4649 0.2840 
        H153 11 0.3221 0.3296 0.3483 
        H154 11 0.3215 0.3938 0.2846 
        H155 11 0.4774 0.2380 0.2846 
        H156 11 0.4097 0.2364 0.3539 
        H161 11 0.2869 0.3311 0.3820 
        H162 11 0.3853 0.2375 0.3772 
        H167 11 0.3787 0.3082 0.3132 
        H168 11 0.3777 0.3133 0.3090 
     H169586 11 0.2156 0.3712 0.4132 
     H169738 11 0.3813 0.2950 0.3237 
     H169741 11 0.3129 0.4134 0.2737 
     H171801 11 0.3095 0.2701 0.4203 
     H171810 11 0.2670 0.4528 0.2802 
     H171811 11 0.2574 0.4026 0.3400 
     H171812 11 0.3353 0.3812 0.2835 
     H171820 11 0.2855 0.4138 0.3008 
     H171821 11 0.3729 0.2916 0.3355 
     H171822 11 0.3604 0.3015 0.3381 
     H171823 11 0.2206 0.4302 0.3492 
     H171866 11 0.3045 0.2976 0.3979 
     H171867 11 0.4468 0.2769 0.2763 
     H171967 11 0.3350 0.4165 0.2485 
     H171969 11 0.3089 0.3548 0.3363 
        H172 11 0.3895 0.3163 0.2942 
        H173 11 0.4544 0.2892 0.2564 
        H174 11 0.3336 0.2314 0.4349 
        H196 11 0.4012 0.2652 0.3336 
        H197 11 0.4181 0.2728 0.3091 
        H346 11 0.3526 0.3884 0.2590 
        H355 11 0.3334 0.3360 0.3305 
        H356 11 0.2907 0.3751 0.3342 
        H357 11 0.3081 0.3939 0.2981 
        H358 11 0.3925 0.3492 0.2584 
        H359 11 0.3594 0.3038 0.3368 
        H360 11 0.3804 0.3320 0.2876 
        H361 11 0.3593 0.3324 0.3083 
        H362 11 0.4172 0.2278 0.3550 
        H363 11 0.3534 0.3992 0.2474 
        H364 11 0.3079 0.3513 0.3408 
        H365 11 0.3265 0.3214 0.3520 
        H366 11 0.3994 0.2636 0.3369 
        H367 11 0.3011 0.3872 0.3117 
        H368 11 0.2911 0.2765 0.4324 
        H369 11 0.3673 0.4095 0.2232 
        H370 11 0.3872 0.2696 0.3432 
        H371 11 0.3078 0.3466 0.3457 
        H372 11 0.3890 0.3124 0.2986 
        H373 11 0.3199 0.3644 0.3157 
        H374 11 0.2987 0.3910 0.3104 
        H375 11 0.4061 0.3304 0.2635 
        H376 11 0.3422 0.2871 0.3707 
        H377 11 0.3442 0.3538 0.3021 
        H378 11 0.3096 0.3643 0.3262 
        H379 11 0.3355 0.3127 0.3518 
        H380 11 0.4605 0.2510 0.2886 
        H381 11 0.2506 0.4042 0.3452 
        H382 11 0.4212 0.2052 0.3736 
        H383 11 0.3528 0.2806 0.3667 
        H384 11 0.2771 0.4081 0.3148 
        H385 11 0.3070 0.3871 0.3059 
        H386 11 0.4775 0.2938 0.2286 
        H387 11 0.2592 0.3284 0.4125 
        H388 11 0.3938 0.2354 0.3707 
        H389 11 0.3812 0.3611 0.2577 
        H390 11 0.4148 0.2494 0.3358 
        H391 11 0.2880 0.2760 0.4360 
        H392 11 0.2907 0.4520 0.2572 
        H393 11 0.2848 0.2892 0.4260 
        H394 11 0.2577 0.2705 0.4717 
        H395 11 0.3446 0.3904 0.2650 
        H408 11 0.4016 0.3277 0.2707 
        H412 11 0.2394 0.3526 0.4080 
        H417 11 0.3341 0.3738 0.2921 
        H418 11 0.2734 0.3448 0.3817 
        H429 11 0.3897 0.3243 0.2859 
        H430 11 0.3795 0.2888 0.3316 
        H439 11 0.3702 0.3295 0.3002 
        H440 11 0.2913 0.4169 0.2917 
        H441 11 0.4447 0.2419 0.3134 
        H442 11 0.4066 0.2703 0.3231 
        H446 11 0.3588 0.2907 0.3506 
        H447 11 0.4561 0.2682 0.2758 
        H448 11 0.4109 0.2861 0.3030 
        H534 11 0.2388 0.4860 0.2752 
        H537 11 0.3306 0.3718 0.2976 
        H568 11 0.2422 0.4658 0.2920 
        H569 11 0.3614 0.2231 0.4155 
        H586 11 0.2122 0.3646 0.4231 
        H587 11 0.2922 0.4433 0.2645 
        H588 11 0.2628 0.2996 0.4376 
        H589 11 0.2565 0.4694 0.2740 
        H590 11 0.2902 0.4236 0.2862 
        H601 11 0.3440 0.2696 0.3864 
        H602 11 0.3256 0.3755 0.2988 
        H603 11 0.4660 0.2682 0.2657 
        H610 11 0.3153 0.3440 0.3407 
        H611 11 0.2973 0.3940 0.3087 
        H649 11 0.3194 0.3549 0.3256 
        H650 11 0.3041 0.2892 0.4067 
        H651 11 0.4148 0.3166 0.2685 
        H652 11 0.3074 0.3507 0.3419 
       H7364 11 0.3556 0.3007 0.3437 
       H7366 11 0.3895 0.3277 0.2828 
       H7378 11 0.2640 0.1930 0.5430 
       H7379 11 0.3215 0.3313 0.3472 
        H739 11 0.2984 0.4013 0.3002 
        H740 11 0.3388 0.2641 0.3972 
        H741 11 0.3171 0.4093 0.2736 
        H926 11 0.3091 0.2994 0.3915 
        H927 11 0.4380 0.2533 0.3087 
        H928 11 0.3351 0.3013 0.3636 
       H9560 11 0.3238 0.2845 0.3917 
