        H008  2 0.1993 0.0419 0.1822 0.1056 0.1597 0.0851 0.0993 0.1269 
        H021  2 0.1016 0.0601 0.1034 0.1832 0.2356 0.1531 0.1128 0.0501 
        H023  2 0.2522 0.0964 0.1820 0.1087 0.0259 0.1208 0.1635 0.0505 
        H024  2 0.0605 0.0435 0.1139 0.0990 0.1935 0.0604 0.1104 0.3187 
        H025  2 0.0630 0.3928 0.1198 0.1069 0.0766 0.0750 0.1257 0.0402 
        H026  2 0.0475 0.0215 0.1284 0.1395 0.1249 0.1110 0.3308 0.0965 
        H027  2 0.1399 0.0331 0.0909 0.0717 0.4136 0.0825 0.0996 0.0686 
        H028  2 0.1052 0.0883 0.1262 0.0802 0.1693 0.1148 0.1448 0.1712 
        H029  2 0.1036 0.0277 0.0958 0.0843 0.1099 0.0940 0.1009 0.3838 
        H030  2 0.0526 0.0269 0.0535 0.0522 0.5805 0.0665 0.0911 0.0766 
        H038  2 0.1562 0.0700 0.0810 0.2631 0.0337 0.1719 0.1618 0.0623 
        H039  2 0.0217 0.8215 0.0268 0.0213 0.0198 0.0297 0.0286 0.0305 
        H040  2 0.1172 0.1280 0.0902 0.1914 0.0562 0.1831 0.1244 0.1095 
        H041  2 0.1896 0.0693 0.1632 0.0664 0.1283 0.0508 0.0780 0.2543 
        H042  2 0.1766 0.1248 0.1858 0.1279 0.0671 0.1199 0.1066 0.0913 
        H043  2 0.0445 0.2246 0.0530 0.2680 0.0263 0.1744 0.1812 0.0280 
        H044  2 0.0989 0.0430 0.1818 0.1819 0.1132 0.1105 0.1938 0.0768 
        H047  2 0.0764 0.2644 0.1148 0.1563 0.0461 0.0939 0.1265 0.1216 
        H050  2 0.1058 0.0231 0.0640 0.1088 0.4789 0.0686 0.0821 0.0686 
        H058  2 0.1092 0.0646 0.0921 0.2462 0.0757 0.1622 0.1955 0.0546 
        H062  2 0.2425 0.1101 0.1907 0.1371 0.0378 0.1122 0.1359 0.0338 
        H063  2 0.1136 0.2594 0.1030 0.1365 0.0805 0.1096 0.0961 0.1013 
        H065  2 0.0747 0.1234 0.1176 0.1466 0.0335 0.0700 0.3895 0.0447 
        H066  2 0.0923 0.0407 0.0863 0.2187 0.0553 0.1151 0.1259 0.2657 
        H067  2 0.2865 0.0412 0.1682 0.0604 0.0914 0.1080 0.1190 0.1253 
        H068  2 0.1539 0.2914 0.1565 0.1081 0.0463 0.1309 0.0676 0.0453 
        H069  2 0.0796 0.0701 0.0666 0.1667 0.1413 0.2054 0.1980 0.0723 
        H071  2 0.1620 0.1012 0.1459 0.1339 0.0808 0.1587 0.1516 0.0657 
        H072  2 0.0509 0.6221 0.0580 0.0505 0.0331 0.0639 0.0689 0.0524 
        H073  2 0.2379 0.0391 0.1320 0.1142 0.0488 0.1475 0.1670 0.1134 
        H081  2 0.3174 0.1525 0.1650 0.0524 0.1167 0.0601 0.0766 0.0594 
        H082  2 0.1024 0.0488 0.1543 0.1041 0.4038 0.0390 0.0894 0.0581 
        H083  2 0.1072 0.0597 0.1162 0.0904 0.3720 0.0838 0.1343 0.0364 
        H084  2 0.0872 0.0596 0.0836 0.1685 0.0737 0.1252 0.1239 0.2782 
        H085  2 0.1519 0.0484 0.0852 0.0339 0.5256 0.0545 0.0693 0.0313 
        H087  2 0.2967 0.0618 0.2096 0.0687 0.0877 0.1093 0.0693 0.0969 
        H088  2 0.1214 0.1648 0.1221 0.1331 0.0797 0.1743 0.1496 0.0548 
        H089  2 0.2806 0.0500 0.1776 0.0970 0.0921 0.1144 0.1271 0.0612 
        H090  2 0.0455 0.0463 0.0398 0.0403 0.6544 0.0385 0.0531 0.0820 
        H091  2 0.0587 0.0202 0.0406 0.0254 0.7485 0.0404 0.0353 0.0308 
        H098  2 0.1733 0.0729 0.2086 0.1258 0.0943 0.0418 0.0822 0.2010 
      H10001  2 0.0258 0.7851 0.0296 0.0343 0.0324 0.0426 0.0325 0.0177 
      H10002  2 0.1625 0.1607 0.1401 0.1028 0.0890 0.1441 0.1567 0.0441 
        H101  2 0.1356 0.0276 0.0621 0.1405 0.3930 0.0834 0.0730 0.0848 
        H108  2 0.2380 0.3879 0.1246 0.0391 0.0374 0.0579 0.0787 0.0362 
        H109  2 0.1005 0.0987 0.0575 0.1942 0.0528 0.1028 0.0965 0.2970 
        H110  2 0.3535 0.0256 0.2189 0.0555 0.1298 0.0808 0.0814 0.0546 
        H116  2 0.1111 0.0477 0.1300 0.1357 0.1143 0.1204 0.1729 0.1679 
        H117  2 0.0581 0.0202 0.0386 0.0480 0.2660 0.0584 0.0468 0.4639 
        H118  2 0.0668 0.0313 0.0662 0.0763 0.5893 0.0365 0.0897 0.0439 
        H119  2 0.1267 0.0556 0.0728 0.0431 0.0290 0.0887 0.0662 0.5178 
        H120  2 0.1464 0.5284 0.0822 0.0435 0.0389 0.0612 0.0652 0.0344 
        H121  2 0.0477 0.0260 0.0376 0.0181 0.7713 0.0347 0.0352 0.0294 
        H125  2 0.0425 0.5641 0.0356 0.0613 0.0233 0.1058 0.0451 0.1223 
        H126  2 0.1455 0.1341 0.1901 0.1151 0.1139 0.0743 0.1897 0.0374 
        H128  2 0.0201 0.0103 0.0166 0.0184 0.8663 0.0172 0.0243 0.0268 
        H129  2 0.1995 0.0324 0.1577 0.1599 0.0798 0.1092 0.1957 0.0657 
        H130  2 0.0371 0.4163 0.1232 0.0662 0.0539 0.1837 0.1024 0.0171 
        H133  2 0.0474 0.5798 0.0482 0.0549 0.0522 0.1021 0.0712 0.0442 
        H134  2 0.0350 0.0320 0.1112 0.1707 0.0551 0.0715 0.4690 0.0555 
        H135  2 0.1514 0.1516 0.1176 0.0910 0.1100 0.1166 0.1416 0.1202 
        H137  2 0.0902 0.0586 0.0513 0.1031 0.1307 0.0717 0.0704 0.4240 
        H138  2 0.0567 0.0299 0.2023 0.2532 0.0391 0.1394 0.2382 0.0412 
        H140  2 0.0508 0.1457 0.0660 0.0729 0.3399 0.1129 0.1073 0.1045 
        H146  2 0.0515 0.0467 0.0297 0.0386 0.6828 0.0353 0.0606 0.0548 
        H147  2 0.2975 0.0389 0.1123 0.0376 0.3118 0.0600 0.0577 0.0843 
        H148  2 0.1268 0.0395 0.0819 0.0856 0.2115 0.1012 0.0710 0.2825 
     H166022  2 0.1709 0.0324 0.1256 0.0930 0.1178 0.1108 0.0997 0.2498 
     H167359  2 0.0565 0.1058 0.0745 0.1636 0.0735 0.2662 0.1708 0.0892 
     H167397  2 0.1097 0.0205 0.1325 0.0843 0.2288 0.0442 0.0959 0.2841 
     H167428  2 0.1248 0.0271 0.1439 0.0628 0.3907 0.0482 0.1214 0.0811 
     H167496  2 0.1109 0.4255 0.0722 0.0621 0.0758 0.0921 0.0603 0.1011 
     H167513  2 0.1301 0.0545 0.2449 0.4001 0.0303 0.0368 0.0566 0.0467 
     H167545  2 0.1793 0.0355 0.1772 0.1970 0.0587 0.1324 0.1535 0.0664 
     H167547  2 0.0175 0.0152 0.0273 0.0264 0.0227 0.0204 0.0300 0.8405 
     H169621  2 0.0504 0.0308 0.0489 0.0450 0.6229 0.0681 0.0694 0.0646 
     H169622  2 0.0753 0.0288 0.1122 0.1969 0.0668 0.2375 0.2395 0.0430 
     H169750  2 0.0631 0.1435 0.0672 0.0904 0.2173 0.1618 0.1267 0.1299 
     H171806  2 0.1020 0.0874 0.0846 0.0702 0.1680 0.0636 0.1227 0.3015 
     H171808  2 0.1667 0.0579 0.1487 0.1756 0.0888 0.1124 0.1817 0.0682 
     H171809  2 0.2202 0.0974 0.1883 0.1229 0.0619 0.1199 0.1050 0.0845 
     H171813  2 0.0630 0.0823 0.1131 0.1661 0.1094 0.1852 0.1784 0.1025 
     H171815  2 0.0657 0.4449 0.0559 0.1182 0.0380 0.1041 0.1180 0.0552 
     H171824  2 0.0975 0.1080 0.0981 0.0801 0.1157 0.1977 0.1033 0.1996 
     H171825  2 0.1455 0.0388 0.1284 0.1422 0.0419 0.2226 0.2319 0.0488 
     H171826  2 0.0624 0.0677 0.1477 0.1571 0.0550 0.1344 0.1569 0.2188 
     H171827  2 0.1681 0.0341 0.1130 0.1322 0.1024 0.2438 0.1586 0.0478 
     H171828  2 0.1295 0.5436 0.0649 0.0404 0.0596 0.0708 0.0412 0.0500 
     H171829  2 0.0749 0.1697 0.1063 0.1552 0.0647 0.1202 0.1296 0.1795 
     H171830  2 0.1516 0.1247 0.2094 0.1389 0.0881 0.0634 0.1049 0.1190 
     H171831  2 0.1212 0.0310 0.1879 0.2106 0.0865 0.0715 0.1550 0.1362 
     H171832  2 0.0746 0.0819 0.1360 0.1960 0.0613 0.1384 0.2498 0.0620 
     H171863  2 0.0698 0.0328 0.0871 0.1543 0.2127 0.1554 0.1920 0.0959 
     H171864  2 0.1532 0.0918 0.1481 0.1540 0.0896 0.0553 0.0777 0.2304 
     H171865  2 0.0676 0.4989 0.0536 0.0765 0.0500 0.0645 0.0711 0.1178 
     H171879  2 0.0463 0.0524 0.0434 0.0656 0.1211 0.0910 0.0974 0.4829 
     H171880  2 0.0546 0.0292 0.0592 0.1115 0.3208 0.0713 0.0732 0.2803 
     H171881  2 0.1041 0.0406 0.1853 0.1241 0.1461 0.1294 0.1746 0.0959 
     H171882  2 0.0339 0.8104 0.0260 0.0191 0.0307 0.0244 0.0287 0.0269 
     H171929  2 0.1032 0.1214 0.1302 0.0749 0.2967 0.0811 0.1159 0.0766 
     H171930  2 0.1773 0.0205 0.1850 0.1601 0.0799 0.1115 0.1308 0.1349 
     H171933  2 0.0785 0.0622 0.0602 0.0683 0.2650 0.1293 0.0911 0.2454 
     H171934  2 0.1693 0.0503 0.1722 0.1114 0.0592 0.1649 0.1033 0.1695 
     H171937  2 0.1281 0.0831 0.1811 0.1655 0.0594 0.1140 0.2187 0.0501 
     H171962  2 0.1315 0.0776 0.1629 0.1450 0.0863 0.1534 0.1911 0.0522 
        H190  2 0.1612 0.0438 0.1379 0.1418 0.1432 0.0903 0.1782 0.1035 
        H191  2 0.1372 0.1238 0.1021 0.0838 0.0874 0.0745 0.1081 0.2832 
        H396  2 0.3508 0.0599 0.1620 0.0918 0.1125 0.1091 0.0783 0.0356 
        H397  2 0.1335 0.0733 0.1361 0.0998 0.1914 0.1686 0.1267 0.0706 
        H398  2 0.0617 0.1018 0.1276 0.1630 0.1014 0.1287 0.2762 0.0397 
        H400  2 0.1901 0.0916 0.1642 0.1771 0.0698 0.0954 0.1655 0.0463 
        H401  2 0.0393 0.0225 0.0348 0.0307 0.0736 0.0281 0.0395 0.7314 
        H402  2 0.1481 0.0252 0.1550 0.1417 0.1199 0.1136 0.0904 0.2062 
        H427  2 0.3864 0.0379 0.1746 0.0658 0.0591 0.0960 0.0789 0.1014 
        H428  2 0.1291 0.0216 0.1493 0.0546 0.4039 0.0570 0.1155 0.0690 
        H497  2 0.1098 0.1566 0.1582 0.3242 0.0536 0.0664 0.0963 0.0348 
        H512  2 0.0828 0.0501 0.1250 0.1206 0.1093 0.0846 0.1100 0.3178 
        H513  2 0.1232 0.0582 0.2525 0.4148 0.0277 0.0328 0.0544 0.0364 
        H514  2 0.0931 0.0519 0.1751 0.2077 0.0869 0.1442 0.2079 0.0334 
        H519  2 0.1403 0.0635 0.2392 0.3540 0.0390 0.0400 0.0642 0.0597 
        H532  2 0.1907 0.0251 0.1471 0.1528 0.1193 0.1295 0.1134 0.1221 
        H543  2 0.1747 0.0218 0.1117 0.0876 0.2401 0.1389 0.1390 0.0862 
        H544  2 0.0549 0.1750 0.0942 0.1785 0.1385 0.1326 0.1992 0.0271 
        H545  2 0.1956 0.0335 0.1925 0.1941 0.0393 0.1363 0.1474 0.0614 
        H546  2 0.0774 0.4458 0.0694 0.1179 0.0458 0.0745 0.1076 0.0616 
        H547  2 0.0173 0.0188 0.0207 0.0282 0.0210 0.0236 0.0380 0.8324 
        H548  2 0.2430 0.0600 0.1341 0.1224 0.0574 0.0959 0.1446 0.1424 
        H549  2 0.0855 0.0458 0.1334 0.4446 0.0256 0.0980 0.1187 0.0484 
        H620  2 0.0728 0.7446 0.0356 0.0238 0.0192 0.0284 0.0331 0.0426 
        H623  2 0.1630 0.0809 0.1719 0.1832 0.0976 0.0722 0.1786 0.0525 
        H624  2 0.0353 0.1198 0.0442 0.2686 0.0364 0.2586 0.2187 0.0184 
        H625  2 0.2650 0.0635 0.2188 0.1060 0.0694 0.0979 0.0999 0.0794 
        H626  2 0.0907 0.0457 0.0623 0.2374 0.0316 0.1654 0.1689 0.1980 
        H654  2 0.0382 0.5732 0.0413 0.1566 0.0203 0.0768 0.0743 0.0193 
        H655  2 0.0889 0.1754 0.0949 0.0803 0.0726 0.3362 0.1164 0.0353 
        H656  2 0.1225 0.6896 0.0551 0.0204 0.0284 0.0281 0.0325 0.0232 
        H666  2 0.0245 0.6817 0.0283 0.0362 0.1187 0.0422 0.0387 0.0297 
        H667  2 0.3121 0.0339 0.1665 0.0786 0.0503 0.1336 0.1020 0.1229 
        H677  2 0.1345 0.0630 0.1462 0.1181 0.1040 0.1585 0.1530 0.1228 
        H693  2 0.3279 0.1365 0.2404 0.0543 0.0462 0.0735 0.0803 0.0410 
        H694  2 0.1543 0.0776 0.2068 0.1628 0.1149 0.0661 0.1698 0.0478 
        H701  2 0.1105 0.0356 0.1261 0.1440 0.1791 0.1721 0.1675 0.0651 
        H702  2 0.1351 0.0740 0.1278 0.1273 0.0904 0.1721 0.1226 0.1507 
        H731  2 0.1502 0.2078 0.0906 0.0450 0.2597 0.1134 0.0851 0.0483 
       H7359  2 0.0624 0.1015 0.0735 0.1760 0.0897 0.2481 0.1450 0.1038 
       H7389  2 0.1209 0.0568 0.1007 0.1431 0.1001 0.0961 0.1525 0.2299 
       H7390  2 0.0444 0.0848 0.0605 0.2529 0.0383 0.2929 0.1379 0.0883 
       H7391  2 0.3035 0.0411 0.1334 0.0516 0.0641 0.0780 0.0555 0.2727 
       H7392  2 0.0668 0.0909 0.0540 0.1043 0.2142 0.2075 0.1770 0.0855 
       H7393  2 0.0514 0.1824 0.0949 0.1740 0.1170 0.1204 0.1139 0.1459 
       H7398  2 0.2139 0.0724 0.1659 0.0625 0.2102 0.0839 0.0650 0.1263 
       H7399  2 0.1775 0.0247 0.1487 0.1129 0.2414 0.1209 0.1267 0.0472 
       H7400  2 0.0405 0.7959 0.0270 0.0382 0.0166 0.0269 0.0334 0.0215 
        H745  2 0.0765 0.0369 0.1081 0.2139 0.1087 0.0868 0.3056 0.0634 
        H746  2 0.2721 0.0213 0.1839 0.1190 0.0755 0.1491 0.1163 0.0629 
        H747  2 0.0714 0.2984 0.0668 0.1356 0.1274 0.1197 0.0891 0.0915 
        H748  2 0.0972 0.0600 0.1255 0.1558 0.1033 0.1743 0.1388 0.1451 
       H7484  2 0.0947 0.5272 0.0866 0.0523 0.0389 0.0379 0.0601 0.1021 
       H7485  2 0.1255 0.0485 0.1242 0.3157 0.0549 0.1017 0.1837 0.0460 
        H749  2 0.1942 0.0276 0.1234 0.2308 0.0386 0.1435 0.1801 0.0618 
        H930  2 0.1612 0.0225 0.1703 0.1794 0.1094 0.1078 0.1126 0.1367 
        H931  2 0.1224 0.1249 0.1425 0.0702 0.1579 0.0834 0.1360 0.1627 
        H932  2 0.0809 0.0389 0.0908 0.1264 0.0930 0.1137 0.1025 0.3540 
        H002  4 0.0959 0.2953 0.1388 0.1026 0.0321 0.0984 0.2022 0.0348 
        H003  4 0.4135 0.0216 0.1973 0.0629 0.0893 0.0883 0.0765 0.0506 
        H009  4 0.0400 0.0525 0.1119 0.2666 0.0783 0.1582 0.2374 0.0551 
        H010  4 0.0992 0.0486 0.1114 0.0953 0.1263 0.1782 0.1281 0.2128 
        H011  4 0.1855 0.2827 0.1867 0.0954 0.0508 0.0981 0.0680 0.0328 
        H012  4 0.1864 0.0505 0.1510 0.0750 0.1974 0.1110 0.1441 0.0846 
        H013  4 0.3410 0.1292 0.1662 0.0666 0.0744 0.0985 0.0775 0.0465 
        H014  4 0.0948 0.0476 0.2138 0.0825 0.1058 0.2159 0.1522 0.0874 
        H045  4 0.2401 0.1709 0.1825 0.0650 0.1122 0.0608 0.0530 0.1157 
        H046  4 0.2355 0.0368 0.2060 0.1337 0.0473 0.0976 0.1930 0.0502 
        H051  4 0.2849 0.1964 0.1458 0.0607 0.1013 0.0794 0.0924 0.0390 
        H052  4 0.0604 0.4906 0.0797 0.0774 0.0635 0.0815 0.0979 0.0490 
        H053  4 0.0734 0.0619 0.0913 0.1324 0.1353 0.2857 0.1262 0.0939 
        H056  4 0.0645 0.5248 0.1001 0.0775 0.0394 0.0475 0.0697 0.0765 
        H076  4 0.0943 0.0231 0.1054 0.1438 0.0657 0.1099 0.1689 0.2887 
        H151  4 0.0565 0.1397 0.1389 0.1917 0.0383 0.2219 0.1567 0.0563 
        H152  4 0.0736 0.3357 0.1534 0.0754 0.0419 0.1262 0.1590 0.0347 
     H171803  4 0.1333 0.0348 0.0852 0.2234 0.0362 0.2010 0.1569 0.1292 
     H171804  4 0.1665 0.1373 0.1077 0.1393 0.0658 0.1172 0.0805 0.1857 
     H171833  4 0.1085 0.0362 0.1984 0.2313 0.0309 0.1174 0.2265 0.0508 
     H171855  4 0.0911 0.1556 0.1188 0.2300 0.0183 0.1458 0.1534 0.0869 
     H171856  4 0.1080 0.0498 0.0841 0.2560 0.1659 0.1106 0.1164 0.1091 
     H171857  4 0.0998 0.1783 0.1363 0.1827 0.0286 0.0758 0.1341 0.1645 
     H171858  4 0.0422 0.1660 0.1458 0.0937 0.0992 0.1367 0.1474 0.1691 
     H171859  4 0.1085 0.1231 0.1183 0.0823 0.0788 0.1233 0.1423 0.2234 
     H171961  4 0.1562 0.1700 0.1226 0.1721 0.0797 0.0956 0.1514 0.0525 
        H198  4 0.2156 0.0218 0.1979 0.1255 0.1047 0.1015 0.1861 0.0469 
      H20001  4 0.1511 0.0228 0.1597 0.3224 0.0266 0.1127 0.1785 0.0263 
        H403  4 0.0962 0.0974 0.0900 0.1531 0.0646 0.1203 0.1190 0.2594 
        H404  4 0.2057 0.0429 0.1955 0.1243 0.1223 0.1126 0.1488 0.0478 
        H405  4 0.2056 0.0436 0.1502 0.1236 0.0833 0.0723 0.1636 0.1579 
        H406  4 0.0349 0.0892 0.0809 0.0771 0.0436 0.0363 0.0799 0.5580 
        H407  4 0.0888 0.0511 0.0696 0.1817 0.1014 0.1185 0.1381 0.2508 
        H410  4 0.0282 0.0204 0.0279 0.0262 0.0340 0.0207 0.0293 0.8132 
        H411  4 0.0763 0.0394 0.1781 0.1523 0.0860 0.1794 0.2142 0.0744 
        H468  4 0.1138 0.0527 0.0847 0.1889 0.0307 0.2061 0.1305 0.1926 
        H476  4 0.0694 0.1770 0.0850 0.1329 0.0680 0.2847 0.1145 0.0684 
        H477  4 0.1347 0.0205 0.1073 0.2869 0.0289 0.1773 0.2063 0.0383 
        H478  4 0.2180 0.0370 0.1836 0.1770 0.0708 0.1009 0.1435 0.0692 
        H479  4 0.2718 0.2419 0.1205 0.0812 0.0969 0.0514 0.1018 0.0346 
        H480  4 0.0886 0.0429 0.1070 0.1913 0.1381 0.1533 0.1938 0.0850 
        H498  4 0.2302 0.1037 0.1313 0.0593 0.1629 0.1385 0.1087 0.0653 
        H499  4 0.2023 0.0568 0.1989 0.1780 0.0458 0.1117 0.1551 0.0514 
        H500  4 0.1223 0.2204 0.0894 0.1209 0.0472 0.1647 0.1236 0.1115 
        H515  4 0.0631 0.1277 0.1297 0.1987 0.0918 0.1250 0.1408 0.1233 
        H516  4 0.0712 0.0779 0.1046 0.1136 0.1783 0.2149 0.1671 0.0725 
        H517  4 0.0317 0.0461 0.0463 0.0307 0.0236 0.0423 0.0409 0.7384 
        H518  4 0.0766 0.3458 0.0989 0.1135 0.0634 0.1239 0.0956 0.0823 
        H520  4 0.0583 0.2477 0.0775 0.1274 0.0659 0.1037 0.0962 0.2232 
        H521  4 0.1992 0.0396 0.1912 0.1346 0.0801 0.1471 0.1251 0.0832 
        H522  4 0.0937 0.0517 0.0985 0.1659 0.0976 0.2690 0.1779 0.0458 
        H523  4 0.0545 0.1162 0.0751 0.0711 0.4330 0.1093 0.0940 0.0469 
        H536  4 0.3074 0.0592 0.1659 0.0787 0.0621 0.0858 0.1947 0.0463 
        H645  4 0.3935 0.0975 0.2152 0.0495 0.0352 0.0652 0.0772 0.0667 
        H646  4 0.0500 0.0299 0.0699 0.1065 0.4378 0.0953 0.1285 0.0821 
        H647  4 0.0345 0.0487 0.0485 0.2204 0.0843 0.2817 0.2095 0.0725 
        H657  4 0.1107 0.0290 0.0765 0.0807 0.0673 0.0903 0.1077 0.4379 
        H658  4 0.0658 0.0676 0.0696 0.1122 0.2102 0.3061 0.1135 0.0549 
        H659  4 0.0732 0.1438 0.0826 0.2592 0.0287 0.2205 0.1255 0.0665 
        H660  4 0.1115 0.1068 0.1987 0.1625 0.1139 0.1169 0.1520 0.0378 
        H661  4 0.0625 0.0715 0.0701 0.3000 0.0255 0.2537 0.1708 0.0458 
        H668  4 0.1280 0.0319 0.2343 0.0882 0.0893 0.1681 0.1340 0.1261 
        H669  4 0.1368 0.0936 0.1137 0.0856 0.2461 0.1090 0.1045 0.1107 
        H670  4 0.2610 0.1038 0.2364 0.0546 0.0553 0.1179 0.1028 0.0682 
        H678  4 0.1072 0.0246 0.0819 0.3359 0.0761 0.1436 0.1650 0.0657 
        H679  4 0.1062 0.0479 0.0976 0.1448 0.1461 0.1306 0.1739 0.1529 
        H680  4 0.1337 0.0214 0.1278 0.2715 0.0236 0.1292 0.1201 0.1727 
        H681  4 0.1943 0.1498 0.1490 0.0969 0.0828 0.1075 0.1394 0.0804 
        H682  4 0.1451 0.0366 0.0896 0.1197 0.1033 0.1304 0.0846 0.2908 
        H683  4 0.0432 0.3282 0.0641 0.0539 0.1975 0.1247 0.1331 0.0553 
        H718  4 0.0480 0.7178 0.0329 0.0311 0.0653 0.0262 0.0359 0.0427 
        H719  4 0.2960 0.0674 0.2447 0.0778 0.1314 0.0759 0.0673 0.0394 
        H720  4 0.1495 0.1133 0.2452 0.2781 0.0279 0.0598 0.1007 0.0254 
        H721  4 0.1421 0.1528 0.0922 0.1522 0.0428 0.1056 0.2249 0.0874 
        H722  4 0.0645 0.2853 0.0949 0.1723 0.0792 0.0903 0.1645 0.0491 
        H723  4 0.1244 0.2804 0.0866 0.0557 0.0912 0.0942 0.0799 0.1876 
        H724  4 0.0670 0.3984 0.0518 0.0743 0.0432 0.1016 0.0644 0.1994 
        H725  4 0.0605 0.4621 0.0649 0.0770 0.0423 0.1048 0.0512 0.1372 
        H726  4 0.0556 0.2437 0.1063 0.1231 0.0617 0.1762 0.1095 0.1239 
        H727  4 0.1392 0.1021 0.1265 0.1073 0.0687 0.1627 0.1001 0.1935 
        H910  4 0.1713 0.1342 0.1675 0.1241 0.0854 0.1070 0.0898 0.1206 
        H911  4 0.0584 0.0609 0.0593 0.0441 0.0803 0.0581 0.0812 0.5577 
        H912  4 0.0870 0.0926 0.1265 0.1600 0.0470 0.1296 0.1477 0.2095 
        H913  4 0.0592 0.0615 0.0534 0.0783 0.3090 0.3005 0.1075 0.0307 
        H914  4 0.1739 0.1023 0.1146 0.1456 0.1134 0.1618 0.1245 0.0639 
        H915  4 0.1025 0.0598 0.0964 0.1779 0.0466 0.1723 0.1305 0.2141 
        H916  4 0.1286 0.0475 0.0830 0.3263 0.0774 0.1178 0.1457 0.0737 
       H9572  4 0.0984 0.0671 0.1278 0.2200 0.0711 0.1290 0.0933 0.1934 
        H015  5 0.1778 0.0320 0.2710 0.1943 0.1025 0.0772 0.0981 0.0470 
        H016  5 0.1001 0.0514 0.0828 0.1395 0.1934 0.1823 0.1815 0.0691 
        H017  5 0.0947 0.0443 0.1090 0.2251 0.0914 0.2618 0.1405 0.0331 
        H019  5 0.0862 0.1781 0.1890 0.1206 0.1492 0.0943 0.1380 0.0446 
        H020  5 0.2066 0.0781 0.1411 0.0975 0.2394 0.0574 0.1539 0.0259 
        H032  5 0.0714 0.1312 0.0950 0.1191 0.0677 0.1337 0.1386 0.2433 
        H033  5 0.1692 0.0453 0.1904 0.1073 0.2054 0.1376 0.0978 0.0470 
        H034  5 0.0824 0.1628 0.1427 0.0697 0.0824 0.1700 0.1119 0.1782 
        H035  5 0.0840 0.0376 0.0848 0.2443 0.1096 0.1546 0.1785 0.1066 
        H036  5 0.2042 0.0416 0.2299 0.1694 0.1160 0.0726 0.0730 0.0932 
        H037  5 0.0967 0.0557 0.1137 0.1934 0.0717 0.2849 0.1432 0.0408 
        H048  5 0.1447 0.1849 0.0888 0.0938 0.0395 0.1298 0.0864 0.2320 
        H049  5 0.1730 0.0580 0.2533 0.1313 0.0787 0.1193 0.1552 0.0312 
        H054  5 0.1015 0.0830 0.0988 0.0759 0.0615 0.0891 0.1367 0.3535 
        H055  5 0.0757 0.0992 0.1449 0.1193 0.0623 0.2664 0.1806 0.0515 
        H057  5 0.0916 0.0811 0.1438 0.1508 0.0663 0.1529 0.2807 0.0328 
        H060  5 0.0728 0.2434 0.1364 0.1000 0.0514 0.1395 0.2035 0.0530 
        H061  5 0.1400 0.0482 0.1864 0.0989 0.0786 0.1959 0.1284 0.1236 
        H064  5 0.1622 0.2431 0.1127 0.0767 0.1143 0.1094 0.1247 0.0569 
        H070  5 0.1324 0.1789 0.1556 0.0804 0.1686 0.1165 0.1003 0.0674 
        H077  5 0.0442 0.5626 0.0880 0.0587 0.0450 0.0663 0.0679 0.0672 
        H078  5 0.0705 0.1167 0.0753 0.1389 0.1310 0.1999 0.1990 0.0688 
        H079  5 0.1973 0.0263 0.0938 0.0581 0.4291 0.0704 0.0902 0.0348 
        H097  5 0.0319 0.2569 0.0687 0.0887 0.1351 0.1674 0.1900 0.0613 
        H107  5 0.1929 0.2538 0.1083 0.0575 0.0535 0.1525 0.1075 0.0740 
        H122  5 0.0549 0.0316 0.0639 0.1911 0.1084 0.2369 0.2085 0.1046 
        H123  5 0.0887 0.0206 0.0747 0.0919 0.1766 0.1035 0.0929 0.3512 
        H124  5 0.1051 0.0346 0.0804 0.0843 0.1109 0.1366 0.1018 0.3464 
        H131  5 0.1085 0.0262 0.0837 0.0709 0.3927 0.0891 0.0845 0.1443 
        H132  5 0.1346 0.1168 0.1252 0.0777 0.1030 0.1573 0.1420 0.1434 
        H141  5 0.1595 0.0817 0.1227 0.1834 0.0335 0.1453 0.1459 0.1281 
        H142  5 0.1857 0.0334 0.1820 0.0871 0.1399 0.1909 0.1332 0.0477 
        H157  5 0.1105 0.1257 0.0907 0.1349 0.0641 0.1908 0.1375 0.1457 
        H158  5 0.0895 0.0274 0.1154 0.1801 0.2034 0.1344 0.1947 0.0551 
        H159  5 0.1341 0.0371 0.1061 0.1457 0.0725 0.1092 0.1154 0.2797 
        H160  5 0.0953 0.0649 0.0735 0.1138 0.0640 0.1633 0.1005 0.3246 
        H163  5 0.1301 0.0406 0.1670 0.1237 0.1243 0.1272 0.1541 0.1330 
        H164  5 0.1341 0.0677 0.1957 0.1258 0.1747 0.1062 0.1261 0.0697 
        H165  5 0.1700 0.0240 0.1325 0.0736 0.2828 0.0911 0.0767 0.1492 
        H166  5 0.2055 0.0323 0.2710 0.1286 0.1683 0.0747 0.0929 0.0266 
        H169  5 0.1744 0.0359 0.2126 0.1203 0.0839 0.1510 0.1570 0.0649 
     H169613  5 0.0732 0.1623 0.1640 0.0816 0.1669 0.1977 0.1070 0.0474 
     H169653  5 0.1719 0.0438 0.2445 0.0849 0.1571 0.1157 0.1116 0.0705 
     H169728  5 0.1588 0.0555 0.1289 0.1852 0.0455 0.1389 0.1728 0.1144 
     H169742  5 0.3589 0.0501 0.2684 0.0596 0.0354 0.0501 0.1539 0.0236 
        H170  5 0.0379 0.1367 0.0956 0.1518 0.0376 0.1505 0.3008 0.0890 
        H171  5 0.1081 0.0524 0.1544 0.2165 0.0836 0.1125 0.2141 0.0582 
     H171851  5 0.0505 0.1019 0.1271 0.1469 0.1951 0.1473 0.1913 0.0398 
     H171852  5 0.0602 0.2494 0.0699 0.1122 0.0660 0.1821 0.1630 0.0973 
     H171853  5 0.1066 0.0562 0.1204 0.1081 0.0659 0.1285 0.0645 0.3498 
     H171854  5 0.1125 0.1085 0.1437 0.2362 0.0470 0.0916 0.1507 0.1098 
     H171938  5 0.3372 0.0598 0.1992 0.0643 0.0572 0.0989 0.1057 0.0777 
     H171939  5 0.0829 0.0486 0.0916 0.1041 0.3634 0.0948 0.1574 0.0573 
     H171941  5 0.1589 0.2010 0.1739 0.0752 0.1040 0.1624 0.0993 0.0254 
     H171965  5 0.1257 0.0478 0.1612 0.1347 0.0710 0.2211 0.2057 0.0327 
     H171970  5 0.1107 0.4158 0.1388 0.0640 0.0414 0.1335 0.0519 0.0438 
     H171973  5 0.2504 0.0409 0.1672 0.1139 0.0441 0.1198 0.1180 0.1458 
     H171974  5 0.1091 0.0474 0.1633 0.1439 0.1297 0.1712 0.1225 0.1128 
     H171975  5 0.1755 0.1421 0.2207 0.0940 0.0652 0.0996 0.0690 0.1339 
     H171976  5 0.0865 0.2952 0.0844 0.1563 0.0245 0.0969 0.1766 0.0796 
        H175  5 0.1242 0.1938 0.1080 0.0994 0.1140 0.1555 0.1018 0.1034 
        H178  5 0.1992 0.1326 0.1914 0.0735 0.1336 0.1119 0.1201 0.0377 
        H189  5 0.1007 0.0301 0.0907 0.0511 0.4634 0.1026 0.0860 0.0753 
        H399  5 0.0340 0.0439 0.0400 0.1375 0.0283 0.1011 0.1527 0.4626 
        H416  5 0.1352 0.0757 0.1142 0.2154 0.0636 0.1557 0.1674 0.0729 
        H438  5 0.1527 0.0434 0.1490 0.1391 0.1162 0.1033 0.0602 0.2361 
        H450  5 0.0860 0.2911 0.1440 0.1362 0.0478 0.1097 0.1588 0.0264 
        H455  5 0.1867 0.3466 0.1220 0.0521 0.0851 0.1156 0.0560 0.0359 
        H456  5 0.2892 0.0576 0.1518 0.0870 0.0543 0.1640 0.1019 0.0941 
        H457  5 0.0579 0.3972 0.1535 0.0797 0.0390 0.1066 0.1191 0.0472 
        H458  5 0.1402 0.0610 0.1173 0.1089 0.0992 0.2399 0.1295 0.1040 
        H459  5 0.1091 0.0237 0.1090 0.0716 0.2321 0.2659 0.1315 0.0573 
        H460  5 0.1562 0.0649 0.1267 0.1935 0.0636 0.1695 0.1517 0.0739 
        H461  5 0.0688 0.0826 0.1089 0.1952 0.0387 0.1819 0.2588 0.0651 
        H462  5 0.1870 0.0421 0.1992 0.1507 0.1418 0.1077 0.0916 0.0801 
        H469  5 0.1234 0.0493 0.1802 0.1037 0.2254 0.0684 0.1163 0.1333 
        H470  5 0.1281 0.0500 0.1691 0.1860 0.0500 0.1698 0.1409 0.1061 
        H471  5 0.0559 0.0481 0.0802 0.1728 0.1396 0.2090 0.2000 0.0943 
        H481  5 0.0516 0.5071 0.0479 0.0568 0.0946 0.0937 0.0814 0.0669 
        H482  5 0.0517 0.3130 0.1225 0.0793 0.0622 0.1190 0.1416 0.1108 
        H501  5 0.1152 0.0825 0.1300 0.1460 0.0902 0.1920 0.1615 0.0826 
        H502  5 0.1024 0.0362 0.1127 0.1642 0.1494 0.1466 0.2407 0.0478 
        H503  5 0.1956 0.0367 0.2204 0.1666 0.0740 0.0803 0.1010 0.1254 
        H509  5 0.0924 0.0868 0.1001 0.1230 0.0578 0.1227 0.0534 0.3639 
        H510  5 0.1969 0.0865 0.2213 0.0699 0.0936 0.1502 0.1420 0.0397 
        H511  5 0.1123 0.0400 0.1843 0.0958 0.1135 0.1984 0.1579 0.0978 
        H530  5 0.1736 0.0883 0.1268 0.0858 0.0878 0.1245 0.1019 0.2114 
        H531  5 0.0530 0.1309 0.0504 0.2225 0.0489 0.2760 0.1698 0.0484 
        H564  5 0.1215 0.1890 0.1144 0.1891 0.0307 0.1279 0.1961 0.0312 
        H565  5 0.1329 0.3020 0.1147 0.1411 0.0229 0.1061 0.1478 0.0325 
        H567  5 0.1065 0.0325 0.0753 0.0879 0.4844 0.0531 0.0868 0.0736 
     H568???  5 0.0995 0.0438 0.1315 0.2412 0.0532 0.1200 0.2151 0.0958 
        H608  5 0.0623 0.3322 0.1227 0.0922 0.0447 0.1306 0.1520 0.0633 
        H609  5 0.2336 0.0524 0.2140 0.0677 0.1973 0.0889 0.0798 0.0662 
        H612  5 0.2508 0.2117 0.1272 0.1069 0.0343 0.0586 0.1169 0.0936 
        H614  5 0.0570 0.2195 0.0472 0.2246 0.0436 0.2055 0.1380 0.0645 
        H615  5 0.0468 0.2352 0.0548 0.1543 0.0417 0.2801 0.1573 0.0297 
        H616  5 0.0948 0.5192 0.0596 0.0511 0.0664 0.0856 0.0667 0.0564 
        H617  5 0.1996 0.0268 0.1337 0.0860 0.1294 0.0963 0.1060 0.2221 
        H618  5 0.1226 0.2999 0.1258 0.1154 0.0388 0.0929 0.0859 0.1187 
        H619  5 0.4129 0.0591 0.2318 0.0501 0.0995 0.0598 0.0670 0.0198 
        H635  5 0.1132 0.1150 0.1773 0.1072 0.1065 0.1468 0.1284 0.1057 
        H636  5 0.3599 0.0421 0.2667 0.0461 0.0418 0.0814 0.1026 0.0595 
        H637  5 0.1644 0.2364 0.1483 0.0938 0.1014 0.0843 0.1509 0.0205 
        H644  5 0.0612 0.0267 0.0950 0.0971 0.4729 0.0614 0.1130 0.0727 
        H711  5 0.0396 0.0697 0.0871 0.2605 0.0699 0.1840 0.2465 0.0427 
        H712  5 0.2441 0.1663 0.1303 0.0601 0.1786 0.1043 0.0828 0.0334 
       H7360  5 0.0880 0.0898 0.1388 0.1409 0.1077 0.1702 0.2247 0.0399 
       H7361  5 0.0840 0.2612 0.1288 0.0960 0.0448 0.1279 0.1603 0.0970 
       H7362  5 0.1508 0.0199 0.1982 0.1221 0.1914 0.0686 0.1571 0.0919 
       H7363  5 0.1497 0.1052 0.1481 0.1848 0.0435 0.1482 0.1264 0.0941 
       H7394  5 0.1122 0.0341 0.1602 0.1329 0.1473 0.1651 0.1558 0.0924 
       H7395  5 0.2830 0.0527 0.1874 0.1031 0.0574 0.1491 0.1325 0.0347 
       H7396  5 0.0938 0.0541 0.1002 0.1487 0.2041 0.2494 0.1122 0.0375 
        H742  5 0.3582 0.0427 0.2617 0.0693 0.0452 0.0482 0.1503 0.0245 
        H743  5 0.1058 0.2468 0.0782 0.0749 0.1823 0.1039 0.1130 0.0951 
        H744  5 0.0686 0.3502 0.0530 0.0862 0.0965 0.0563 0.0645 0.2248 
        H957  5 0.0614 0.0698 0.0943 0.2245 0.0304 0.2260 0.2511 0.0426 
        H958  5 0.1168 0.1123 0.0953 0.1165 0.1845 0.1680 0.1039 0.1027 
        H959  5 0.1400 0.3080 0.1435 0.0855 0.0553 0.1125 0.1114 0.0438 
        H960  5 0.1086 0.0822 0.1315 0.0799 0.1326 0.1214 0.1086 0.2352 
        H431  8 0.0368 0.0586 0.0528 0.0500 0.0292 0.1059 0.0496 0.6170 
        H432  8 0.2462 0.0276 0.3704 0.1778 0.0675 0.0303 0.0509 0.0293 
        H433  8 0.2047 0.0632 0.1196 0.0749 0.2736 0.0682 0.1126 0.0832 
        H434  8 0.0688 0.0272 0.0527 0.0770 0.5662 0.1151 0.0645 0.0285 
        H444  8 0.3079 0.0819 0.2265 0.0597 0.1430 0.0698 0.0696 0.0415 
        H454  8 0.1691 0.3822 0.1039 0.0551 0.1052 0.0828 0.0693 0.0323 
        H475  8 0.0498 0.6024 0.0636 0.0611 0.0510 0.0754 0.0664 0.0302 
        H491  8 0.1392 0.1836 0.1721 0.1147 0.0957 0.1322 0.1402 0.0222 
        H492  8 0.1135 0.1720 0.1325 0.1374 0.0793 0.2197 0.1112 0.0344 
        H493  8 0.0868 0.0563 0.1804 0.1344 0.1135 0.1632 0.1554 0.1100 
        H494  8 0.2373 0.1177 0.2117 0.1425 0.0599 0.0852 0.0816 0.0641 
        H495  8 0.0585 0.1999 0.0803 0.3031 0.0394 0.1129 0.1861 0.0198 
        H662  8 0.0866 0.0358 0.0799 0.2089 0.1052 0.2140 0.2020 0.0676 
        H663  8 0.1823 0.1088 0.1636 0.1754 0.0569 0.0660 0.1050 0.1419 
        H695  8 0.0685 0.1630 0.0981 0.0845 0.1016 0.1656 0.1418 0.1770 
       H7367  8 0.0563 0.0263 0.0601 0.0769 0.5300 0.0578 0.1021 0.0904 
       H7368  8 0.1369 0.0410 0.1137 0.1322 0.0615 0.1111 0.1557 0.2480 
       H7369  8 0.2001 0.1003 0.1771 0.0921 0.1077 0.1150 0.0946 0.1131 
       H7370  8 0.0789 0.0247 0.0671 0.1142 0.2793 0.1739 0.1087 0.1531 
       H7371  8 0.1668 0.0757 0.1568 0.1076 0.0797 0.1114 0.1284 0.1735 
     H169705 10 0.0575 0.0250 0.0453 0.1045 0.5200 0.0582 0.0573 0.1322 
     H171942 10 0.2537 0.0212 0.3720 0.1832 0.0726 0.0287 0.0408 0.0278 
     H171943 10 0.1486 0.0415 0.1267 0.2885 0.0863 0.1327 0.1425 0.0333 
     H171944 10 0.1588 0.0319 0.0903 0.2302 0.0729 0.1561 0.1484 0.1114 
     H171946 10 0.0399 0.0828 0.0660 0.1969 0.0534 0.2723 0.2093 0.0794 
     H171947 10 0.0716 0.0734 0.1487 0.1011 0.3211 0.0922 0.1492 0.0428 
     H229641 10 0.0588 0.2180 0.0898 0.0818 0.0844 0.1193 0.0977 0.2502 
      H30001 10 0.1630 0.0735 0.1501 0.1511 0.0694 0.1361 0.1237 0.1331 
      H30002 10 0.0990 0.0368 0.0671 0.0470 0.6045 0.0690 0.0574 0.0191 
      H30005 10 0.0733 0.0288 0.0419 0.0576 0.0665 0.0670 0.0620 0.6030 
      H30006 10 0.0360 0.0351 0.0374 0.0372 0.7532 0.0269 0.0462 0.0278 
      H30007 10 0.0824 0.0237 0.0574 0.3025 0.1348 0.1313 0.2464 0.0214 
        H451 10 0.1912 0.0423 0.2445 0.0760 0.2235 0.0767 0.0875 0.0584 
        H452 10 0.0283 0.0724 0.0275 0.0372 0.0328 0.0293 0.0263 0.7463 
        H453 10 0.0777 0.2987 0.1642 0.0724 0.0594 0.1492 0.1436 0.0348 
        H473 10 0.0972 0.3062 0.1207 0.1113 0.0674 0.0957 0.1716 0.0299 
        H474 10 0.0366 0.3858 0.0587 0.0995 0.0492 0.2384 0.0944 0.0374 
        H486 10 0.1185 0.3598 0.0828 0.0660 0.0806 0.0517 0.0660 0.1747 
        H487 10 0.0392 0.2685 0.0659 0.0562 0.1564 0.1429 0.1227 0.1482 
        H488 10 0.2210 0.1600 0.1351 0.0684 0.1514 0.0782 0.0800 0.1060 
        H489 10 0.0417 0.2764 0.0744 0.1199 0.1127 0.2025 0.1031 0.0693 
        H550 10 0.0372 0.0296 0.0668 0.1593 0.1815 0.3275 0.1609 0.0372 
        H551 10 0.1506 0.0935 0.1347 0.1267 0.1587 0.0905 0.1013 0.1440 
        H553 10 0.0353 0.3223 0.0333 0.0438 0.2093 0.0772 0.0742 0.2047 
        H554 10 0.1182 0.0615 0.1904 0.1186 0.2246 0.1056 0.1285 0.0527 
        H556 10 0.0497 0.0636 0.0389 0.0709 0.4585 0.1583 0.1089 0.0513 
        H580 10 0.1166 0.0333 0.1111 0.1771 0.1312 0.1710 0.1073 0.1524 
        H591 10 0.0637 0.5346 0.0536 0.0736 0.0726 0.0889 0.0706 0.0424 
        H592 10 0.0795 0.1036 0.0756 0.1361 0.0853 0.1852 0.1214 0.2133 
        H593 10 0.0752 0.1048 0.1585 0.1972 0.0771 0.1332 0.1964 0.0575 
        H594 10 0.0959 0.0236 0.1054 0.1800 0.1558 0.0907 0.2325 0.1161 
        H627 10 0.0665 0.1614 0.0766 0.1352 0.0717 0.2931 0.1584 0.0372 
        H628 10 0.1390 0.0275 0.1492 0.1087 0.0694 0.1069 0.1388 0.2606 
        H629 10 0.0764 0.1496 0.0996 0.2413 0.0339 0.0815 0.1099 0.2078 
        H630 10 0.1093 0.0312 0.0725 0.3045 0.0918 0.1529 0.1319 0.1060 
        H638 10 0.1107 0.0350 0.1227 0.2544 0.0436 0.0636 0.1296 0.2403 
        H639 10 0.0681 0.3428 0.0578 0.0662 0.0453 0.1126 0.1087 0.1985 
        H640 10 0.1711 0.0361 0.2033 0.2112 0.0922 0.0738 0.0977 0.1145 
        H704 10 0.0508 0.0299 0.1030 0.1094 0.2107 0.1284 0.3159 0.0520 
        H705 10 0.0538 0.0226 0.0414 0.1265 0.5381 0.0585 0.0576 0.1015 
        H706 10 0.1789 0.1738 0.1235 0.0551 0.1470 0.1150 0.0879 0.1190 
        H708 10 0.0470 0.0667 0.0444 0.2974 0.0278 0.3072 0.1563 0.0533 
       H7351 10 0.0864 0.0562 0.1371 0.1086 0.1681 0.1874 0.1910 0.0651 
       H7352 10 0.0686 0.0851 0.1130 0.1587 0.0545 0.1381 0.1425 0.2395 
       H7353 10 0.0760 0.0459 0.1257 0.1224 0.1860 0.0983 0.2847 0.0610 
       H7354 10 0.1045 0.1917 0.2008 0.0573 0.0914 0.2094 0.1153 0.0296 
       H7365 10 0.1013 0.2025 0.0870 0.1224 0.0388 0.1466 0.0937 0.2077 
       H7383 10 0.2196 0.0828 0.1461 0.1003 0.0711 0.1320 0.1571 0.0911 
       H7384 10 0.0531 0.0720 0.0664 0.0594 0.4493 0.1223 0.1288 0.0488 
       H7385 10 0.1248 0.1499 0.1301 0.2012 0.0935 0.1341 0.1148 0.0516 
       H7386 10 0.2036 0.0391 0.1700 0.0785 0.1168 0.0814 0.0992 0.2114 
       H7387 10 0.1403 0.0321 0.1486 0.2084 0.0903 0.1753 0.1585 0.0464 
       H7388 10 0.0333 0.0414 0.0311 0.0215 0.0240 0.0282 0.0286 0.7919 
        H906 10 0.1729 0.2108 0.1503 0.1181 0.0872 0.0849 0.1501 0.0256 
        H907 10 0.1057 0.0418 0.1512 0.1785 0.0855 0.1201 0.1638 0.1534 
        H908 10 0.1598 0.0731 0.1391 0.1466 0.0952 0.1473 0.1232 0.1157 
        H909 10 0.2447 0.1436 0.1971 0.0430 0.0794 0.1487 0.1108 0.0327 
       H9552 10 0.1147 0.0486 0.1192 0.1337 0.1418 0.1571 0.1403 0.1446 
       H9553 10 0.0416 0.2257 0.0363 0.0448 0.2880 0.0569 0.0532 0.2535 
       H9555 10 0.1258 0.0399 0.1064 0.2109 0.1195 0.1013 0.1336 0.1627 
       H9575 10 0.1064 0.0767 0.0915 0.2049 0.0304 0.2950 0.1357 0.0594 
       H9703 10 0.0543 0.3321 0.0456 0.0502 0.2937 0.1017 0.0644 0.0579 
       H9707 10 0.0467 0.4948 0.0706 0.0558 0.1024 0.0603 0.0574 0.1121 
       HSAA4 10 0.1067 0.0293 0.1109 0.1904 0.1266 0.1632 0.1064 0.1665 
        H001 11 0.1996 0.0682 0.2140 0.1233 0.0350 0.1012 0.1262 0.1325 
        H004 11 0.0942 0.0959 0.1320 0.1390 0.1721 0.1586 0.1591 0.0492 
        H005 11 0.0849 0.4201 0.1737 0.0660 0.0321 0.1187 0.0586 0.0460 
        H006 11 0.1615 0.0635 0.1468 0.0996 0.0951 0.1918 0.1561 0.0857 
        H007 11 0.2165 0.3463 0.1200 0.0486 0.1140 0.0610 0.0719 0.0219 
        H031 11 0.0887 0.2878 0.0698 0.1371 0.0395 0.1197 0.0964 0.1610 
        H074 11 0.0833 0.1438 0.1000 0.1791 0.0417 0.1765 0.0982 0.1776 
        H075 11 0.2126 0.1322 0.1221 0.2056 0.0236 0.0897 0.1855 0.0287 
        H080 11 0.1029 0.1053 0.1185 0.1120 0.0530 0.1287 0.0892 0.2903 
        H086 11 0.0582 0.0622 0.0544 0.0531 0.4334 0.1189 0.0984 0.1214 
        H092 11 0.1040 0.1308 0.0998 0.0833 0.2562 0.1037 0.1303 0.0919 
        H093 11 0.2074 0.0448 0.1248 0.0688 0.2694 0.0990 0.1531 0.0328 
        H094 11 0.1161 0.0301 0.0963 0.2092 0.0574 0.2028 0.1345 0.1536 
        H095 11 0.1632 0.1730 0.1339 0.0985 0.0725 0.1222 0.1449 0.0918 
        H096 11 0.2091 0.1678 0.1790 0.0854 0.0439 0.1296 0.1033 0.0819 
        H099 11 0.1060 0.1031 0.1618 0.1633 0.0960 0.1409 0.1545 0.0744 
        H100 11 0.2727 0.0261 0.2609 0.1589 0.0898 0.0698 0.0920 0.0300 
        H127 11 0.0719 0.1195 0.0895 0.0837 0.1243 0.1118 0.1038 0.2956 
        H136 11 0.0303 0.3770 0.0662 0.0926 0.0627 0.2223 0.1042 0.0446 
        H153 11 0.0968 0.0882 0.1363 0.0949 0.1638 0.1543 0.1844 0.0812 
        H154 11 0.0520 0.1547 0.0662 0.1487 0.0307 0.1890 0.0850 0.2738 
        H155 11 0.2603 0.0245 0.1611 0.0477 0.1549 0.1092 0.0583 0.1840 
        H156 11 0.1662 0.0195 0.1893 0.0911 0.1392 0.1217 0.1556 0.1174 
        H161 11 0.0912 0.1370 0.1155 0.1498 0.2005 0.1389 0.1419 0.0251 
        H162 11 0.0729 0.0288 0.0742 0.0938 0.1335 0.0751 0.0796 0.4422 
        H167 11 0.1180 0.0287 0.1855 0.1148 0.2030 0.1719 0.1363 0.0419 
        H168 11 0.1674 0.0678 0.1820 0.0827 0.0854 0.0989 0.1381 0.1779 
     H169586 11 0.0237 0.0494 0.0272 0.2755 0.0275 0.3396 0.2391 0.0179 
     H169738 11 0.2325 0.0652 0.1631 0.0533 0.1347 0.0592 0.0986 0.1935 
     H169741 11 0.0499 0.1352 0.0512 0.1390 0.0719 0.4055 0.1088 0.0387 
     H171801 11 0.1287 0.0337 0.2527 0.1433 0.0821 0.0878 0.2292 0.0425 
     H171810 11 0.0908 0.1774 0.0937 0.1287 0.0368 0.3349 0.1061 0.0316 
     H171811 11 0.0477 0.0536 0.0615 0.2686 0.0291 0.2950 0.2020 0.0425 
     H171812 11 0.2440 0.0659 0.2007 0.1273 0.0752 0.1146 0.1350 0.0374 
     H171820 11 0.0931 0.1188 0.0882 0.1727 0.0825 0.1905 0.1630 0.0913 
     H171821 11 0.1156 0.0360 0.1014 0.1000 0.0497 0.1123 0.1436 0.3414 
     H171822 11 0.1227 0.0412 0.1104 0.1518 0.0933 0.1130 0.1490 0.2185 
     H171823 11 0.0592 0.5019 0.0910 0.0558 0.0290 0.0998 0.1401 0.0232 
     H171866 11 0.1269 0.0945 0.0875 0.0794 0.1604 0.0627 0.1643 0.2244 
     H171867 11 0.2204 0.0540 0.1253 0.0917 0.2393 0.0662 0.1001 0.1030 
     H171967 11 0.1514 0.2142 0.1139 0.1222 0.0604 0.1327 0.1157 0.0896 
     H171969 11 0.1087 0.0671 0.1248 0.1658 0.1648 0.1569 0.1835 0.0284 
        H172 11 0.1786 0.0480 0.1322 0.1032 0.1322 0.1392 0.1585 0.1082 
        H173 11 0.2259 0.0312 0.1495 0.1096 0.1327 0.1046 0.1084 0.1380 
        H174 11 0.1186 0.0159 0.1108 0.2872 0.0261 0.0636 0.1594 0.2184 
        H196 11 0.0264 0.0171 0.0266 0.0258 0.0313 0.0355 0.0316 0.8057 
        H197 11 0.1514 0.0286 0.1929 0.2064 0.0901 0.0959 0.1481 0.0867 
        H346 11 0.2027 0.1565 0.1373 0.0625 0.1926 0.1218 0.1028 0.0237 
        H355 11 0.2356 0.1491 0.1493 0.0767 0.0750 0.0983 0.1500 0.0661 
        H356 11 0.0983 0.1945 0.1283 0.0597 0.2279 0.1163 0.1181 0.0569 
        H357 11 0.1246 0.1461 0.1357 0.2105 0.0393 0.1083 0.1428 0.0929 
        H358 11 0.3012 0.0508 0.1882 0.1293 0.0711 0.1015 0.1138 0.0441 
        H359 11 0.0762 0.1034 0.0893 0.1352 0.1355 0.1708 0.1624 0.1272 
        H360 11 0.1051 0.0371 0.0854 0.0746 0.4668 0.1119 0.0861 0.0330 
        H361 11 0.2251 0.0783 0.1425 0.0408 0.2887 0.0737 0.0896 0.0613 
        H362 11 0.1152 0.0261 0.0943 0.0869 0.1434 0.0766 0.1161 0.3415 
        H363 11 0.1145 0.1947 0.1139 0.1133 0.0839 0.2185 0.0983 0.0628 
        H364 11 0.0955 0.0545 0.1276 0.1281 0.0865 0.2795 0.1951 0.0332 
        H365 11 0.0953 0.0722 0.0867 0.1358 0.2464 0.1052 0.1728 0.0856 
        H366 11 0.1446 0.1063 0.1300 0.0528 0.1114 0.0755 0.0695 0.3098 
        H367 11 0.0558 0.1539 0.0558 0.0937 0.0298 0.0860 0.0433 0.4816 
        H368 11 0.1226 0.0282 0.0888 0.2392 0.0454 0.3001 0.1508 0.0248 
        H369 11 0.1734 0.2581 0.0923 0.0486 0.0392 0.1187 0.0611 0.2085 
        H370 11 0.1032 0.0396 0.1563 0.1271 0.1370 0.1541 0.1304 0.1522 
        H371 11 0.1202 0.0499 0.1350 0.1697 0.1909 0.0842 0.1087 0.1415 
        H372 11 0.2163 0.0452 0.1473 0.0865 0.0654 0.1023 0.1271 0.2098 
        H373 11 0.1692 0.0334 0.2254 0.1323 0.0704 0.2142 0.0954 0.0598 
        H374 11 0.1217 0.1120 0.1492 0.0769 0.1580 0.2042 0.1544 0.0236 
        H375 11 0.2826 0.0647 0.2125 0.0970 0.0514 0.0992 0.0969 0.0957 
        H376 11 0.1642 0.0471 0.1798 0.1450 0.1255 0.1079 0.1387 0.0920 
        H377 11 0.0928 0.2249 0.1002 0.0850 0.1513 0.1906 0.1244 0.0309 
        H378 11 0.1343 0.0596 0.1930 0.1978 0.0442 0.1227 0.1670 0.0814 
        H379 11 0.1123 0.0948 0.1330 0.1444 0.0934 0.1396 0.1710 0.1115 
        H380 11 0.2875 0.0475 0.1854 0.0772 0.0795 0.0944 0.1074 0.1210 
        H381 11 0.0331 0.2322 0.0530 0.1834 0.0394 0.2401 0.1730 0.0458 
        H382 11 0.1859 0.0240 0.1889 0.1006 0.0831 0.0895 0.1378 0.1903 
        H383 11 0.0865 0.0261 0.1900 0.1163 0.1236 0.2034 0.1920 0.0621 
        H384 11 0.0498 0.0632 0.0569 0.1329 0.1325 0.3981 0.1372 0.0294 
        H385 11 0.0555 0.0975 0.1510 0.1956 0.1031 0.1995 0.1084 0.0895 
        H386 11 0.3566 0.0261 0.2163 0.0495 0.0342 0.1078 0.0791 0.1305 
        H387 11 0.0800 0.0889 0.1994 0.1902 0.0381 0.1288 0.2440 0.0306 
        H388 11 0.1306 0.0296 0.1063 0.0511 0.3861 0.0716 0.1100 0.1146 
        H389 11 0.3527 0.1147 0.1809 0.0829 0.0688 0.0587 0.0871 0.0541 
        H390 11 0.1756 0.0340 0.1653 0.2255 0.1147 0.0956 0.1101 0.0792 
        H391 11 0.0887 0.0210 0.0523 0.3477 0.0331 0.1010 0.1668 0.1894 
        H392 11 0.2590 0.1123 0.1967 0.0884 0.0324 0.0824 0.2041 0.0247 
        H393 11 0.1430 0.0463 0.1740 0.0790 0.2823 0.0703 0.1655 0.0395 
        H394 11 0.1685 0.0687 0.1140 0.0931 0.2078 0.0895 0.1754 0.0828 
        H395 11 0.0904 0.1568 0.0930 0.0900 0.0506 0.1415 0.1011 0.2766 
        H408 11 0.3283 0.0877 0.2031 0.0572 0.0826 0.0998 0.0841 0.0572 
        H412 11 0.0393 0.1632 0.0328 0.2511 0.0251 0.1873 0.0962 0.2050 
