        H008  2 0.3983 0.2592 0.3425 
        H021  2 0.3813 0.3314 0.2874 
        H023  2 0.2838 0.4922 0.2240 
        H024  2 0.3245 0.2038 0.4718 
        H025  2 0.1964 0.4477 0.3559 
        H026  2 0.3082 0.1849 0.5069 
        H027  2 0.4590 0.2556 0.2854 
        H028  2 0.3472 0.2511 0.4017 
        H029  2 0.4028 0.2087 0.3885 
        H030  2 0.3529 0.1717 0.4754 
        H038  2 0.3368 0.3575 0.3057 
        H039  2 0.1635 0.6572 0.1793 
        H040  2 0.3258 0.3396 0.3346 
        H041  2 0.4369 0.3058 0.2574 
        H042  2 0.3283 0.3671 0.3046 
        H043  2 0.1981 0.5112 0.2907 
        H044  2 0.3164 0.2470 0.4366 
        H047  2 0.2307 0.3902 0.3791 
        H050  2 0.3776 0.1821 0.4404 
        H058  2 0.2659 0.3884 0.3457 
        H062  2 0.2653 0.4876 0.2470 
        H063  2 0.2785 0.4874 0.2341 
        H065  2 0.2353 0.3569 0.4078 
        H066  2 0.3219 0.2260 0.4521 
        H067  2 0.4486 0.2398 0.3116 
        H068  2 0.2202 0.5283 0.2516 
        H069  2 0.2543 0.3211 0.4246 
        H071  2 0.3487 0.4058 0.2455 
        H072  2 0.2103 0.5825 0.2072 
        H073  2 0.4190 0.2271 0.3538 
        H081  2 0.3888 0.3903 0.2209 
        H082  2 0.3346 0.2232 0.4422 
        H083  2 0.2979 0.2486 0.4536 
        H084  2 0.3571 0.3192 0.3238 
        H085  2 0.4383 0.3170 0.2447 
        H087  2 0.4566 0.3158 0.2276 
        H088  2 0.3021 0.4518 0.2461 
        H089  2 0.3485 0.3689 0.2826 
        H090  2 0.4173 0.2068 0.3760 
        H091  2 0.4976 0.1895 0.3130 
        H098  2 0.3359 0.2790 0.3851 
      H10001  2 0.1800 0.6393 0.1807 
      H10002  2 0.3638 0.4014 0.2348 
        H101  2 0.3730 0.2006 0.4263 
        H108  2 0.2851 0.5000 0.2149 
        H109  2 0.3072 0.3496 0.3432 
        H110  2 0.5283 0.2212 0.2505 
        H116  2 0.3208 0.2281 0.4511 
        H117  2 0.5682 0.1877 0.2441 
        H118  2 0.3655 0.2009 0.4336 
        H119  2 0.4518 0.3072 0.2410 
        H120  2 0.2470 0.5931 0.1600 
        H121  2 0.3812 0.2371 0.3817 
        H125  2 0.2101 0.6114 0.1785 
        H126  2 0.2333 0.3168 0.4499 
        H128  2 0.3775 0.1076 0.5149 
        H129  2 0.2843 0.1861 0.5296 
        H130  2 0.1822 0.4914 0.3263 
        H133  2 0.2282 0.4956 0.2761 
        H134  2 0.2034 0.1785 0.6180 
        H135  2 0.4014 0.3381 0.2605 
        H137  2 0.3979 0.2457 0.3565 
        H138  2 0.2947 0.2265 0.4788 
        H140  2 0.3553 0.3098 0.3349 
        H146  2 0.3913 0.2314 0.3772 
        H147  2 0.5128 0.2312 0.2561 
        H148  2 0.5104 0.2411 0.2485 
     H166022  2 0.4890 0.1918 0.3191 
     H167359  2 0.2986 0.3359 0.3655 
     H167397  2 0.4431 0.1254 0.4314 
     H167428  2 0.3493 0.2088 0.4419 
     H167496  2 0.3258 0.4629 0.2113 
     H167513  2 0.2850 0.3187 0.3963 
     H167545  2 0.3035 0.2382 0.4583 
     H167547  2 0.3458 0.1529 0.5013 
     H169621  2 0.4303 0.1886 0.3811 
     H169622  2 0.3533 0.2468 0.3999 
     H169750  2 0.2937 0.3027 0.4036 
     H171806  2 0.3609 0.3047 0.3344 
     H171808  2 0.3117 0.3238 0.3645 
     H171809  2 0.3680 0.3754 0.2566 
     H171813  2 0.2726 0.3210 0.4065 
     H171815  2 0.1866 0.5476 0.2657 
     H171824  2 0.4044 0.3864 0.2092 
     H171825  2 0.3383 0.2945 0.3671 
     H171826  2 0.3770 0.3132 0.3098 
     H171827  2 0.4076 0.2974 0.2951 
     H171828  2 0.2522 0.5912 0.1565 
     H171829  2 0.3022 0.2612 0.4366 
     H171830  2 0.3123 0.3674 0.3203 
     H171831  2 0.3017 0.1999 0.4984 
     H171832  2 0.2871 0.2891 0.4238 
     H171863  2 0.2536 0.1810 0.5655 
     H171864  2 0.3763 0.3332 0.2905 
     H171865  2 0.2013 0.5204 0.2783 
     H171879  2 0.4065 0.2515 0.3420 
     H171880  2 0.4868 0.1935 0.3197 
     H171881  2 0.4155 0.2232 0.3613 
     H171882  2 0.2076 0.5966 0.1958 
     H171929  2 0.3458 0.3336 0.3206 
     H171930  2 0.3639 0.1835 0.4526 
     H171933  2 0.4201 0.2401 0.3398 
     H171934  2 0.4268 0.3163 0.2569 
     H171937  2 0.2477 0.2688 0.4835 
     H171962  2 0.3001 0.3445 0.3553 
        H190  2 0.3670 0.2859 0.3471 
        H191  2 0.3114 0.3432 0.3455 
        H396  2 0.3686 0.3510 0.2804 
        H397  2 0.3639 0.3035 0.3326 
        H398  2 0.2645 0.3589 0.3766 
        H400  2 0.3155 0.3797 0.3048 
        H401  2 0.3804 0.1537 0.4659 
        H402  2 0.5105 0.1720 0.3175 
        H427  2 0.4045 0.3130 0.2825 
        H428  2 0.3618 0.2064 0.4318 
        H497  2 0.2448 0.4333 0.3219 
        H512  2 0.3983 0.2516 0.3502 
        H513  2 0.2760 0.3185 0.4055 
        H514  2 0.2563 0.2922 0.4515 
        H519  2 0.2959 0.3193 0.3848 
        H532  2 0.4516 0.2398 0.3086 
        H543  2 0.4921 0.2100 0.2979 
        H544  2 0.2029 0.3568 0.4404 
        H545  2 0.2786 0.2241 0.4973 
        H546  2 0.2116 0.4475 0.3409 
        H547  2 0.3487 0.1510 0.5003 
        H548  2 0.3753 0.3684 0.2564 
        H549  2 0.2893 0.2801 0.4307 
        H620  2 0.2108 0.6318 0.1574 
        H623  2 0.2808 0.2451 0.4741 
        H624  2 0.1868 0.4341 0.3791 
        H625  2 0.3521 0.3340 0.3138 
        H626  2 0.3255 0.3716 0.3029 
        H654  2 0.1508 0.6614 0.1878 
        H655  2 0.2794 0.4596 0.2610 
        H656  2 0.2244 0.6001 0.1755 
        H666  2 0.2149 0.5284 0.2568 
        H667  2 0.4789 0.2443 0.2769 
        H677  2 0.4211 0.2749 0.3040 
        H693  2 0.2961 0.5289 0.1749 
        H694  2 0.2972 0.2355 0.4673 
        H701  2 0.3866 0.2460 0.3674 
        H702  2 0.4111 0.3217 0.2672 
        H731  2 0.3502 0.4056 0.2442 
       H7359  2 0.2892 0.3433 0.3675 
       H7389  2 0.3616 0.2674 0.3710 
       H7390  2 0.2684 0.4561 0.2755 
       H7391  2 0.5280 0.2714 0.2007 
       H7392  2 0.3056 0.3069 0.3875 
       H7393  2 0.3409 0.3487 0.3104 
       H7398  2 0.4348 0.3031 0.2622 
       H7399  2 0.4580 0.1983 0.3437 
       H7400  2 0.1488 0.6826 0.1686 
        H745  2 0.2325 0.2236 0.5438 
        H746  2 0.4397 0.2046 0.3557 
        H747  2 0.3278 0.3945 0.2777 
        H748  2 0.3858 0.3094 0.3048 
       H7484  2 0.2631 0.4898 0.2471 
       H7485  2 0.2532 0.3450 0.4018 
        H749  2 0.3411 0.2815 0.3773 
        H930  2 0.3930 0.1921 0.4149 
        H931  2 0.3206 0.3770 0.3024 
        H932  2 0.4109 0.2732 0.3159 
        H002  4 0.2011 0.4813 0.3176 
        H003  4 0.4632 0.2160 0.3208 
        H009  4 0.2536 0.2290 0.5175 
        H010  4 0.4326 0.2494 0.3180 
        H011  4 0.2623 0.5239 0.2137 
        H012  4 0.4703 0.2462 0.2835 
        H013  4 0.3324 0.4544 0.2132 
        H014  4 0.3640 0.2850 0.3510 
        H045  4 0.3334 0.4164 0.2502 
        H046  4 0.3773 0.2294 0.3933 
        H051  4 0.3125 0.4675 0.2200 
        H052  4 0.2015 0.4146 0.3838 
        H053  4 0.3842 0.3216 0.2942 
        H056  4 0.2261 0.4643 0.3096 
        H076  4 0.3763 0.2104 0.4134 
        H151  4 0.2425 0.4840 0.2736 
        H152  4 0.1894 0.4846 0.3259 
     H171803  4 0.3686 0.3329 0.2985 
     H171804  4 0.3603 0.3936 0.2461 
     H171833  4 0.2568 0.2146 0.5286 
     H171855  4 0.1915 0.4697 0.3389 
     H171856  4 0.3634 0.3012 0.3354 
     H171857  4 0.2634 0.4093 0.3273 
     H171858  4 0.3153 0.3406 0.3441 
     H171859  4 0.3704 0.2972 0.3323 
     H171961  4 0.2921 0.4665 0.2414 
        H198  4 0.4187 0.1772 0.4041 
      H20001  4 0.2207 0.2210 0.5584 
        H403  4 0.3124 0.3118 0.3758 
        H404  4 0.3597 0.2986 0.3417 
        H405  4 0.4332 0.2078 0.3590 
        H406  4 0.2330 0.2717 0.4952 
        H407  4 0.3912 0.3072 0.3016 
        H410  4 0.4633 0.1775 0.3592 
        H411  4 0.2760 0.2444 0.4796 
        H468  4 0.2737 0.2502 0.4761 
        H476  4 0.2965 0.3897 0.3137 
        H477  4 0.2587 0.2108 0.5304 
        H478  4 0.4297 0.2388 0.3315 
        H479  4 0.3042 0.4373 0.2585 
        H480  4 0.3382 0.2172 0.4446 
        H498  4 0.3547 0.3065 0.3387 
        H499  4 0.2977 0.3471 0.3552 
        H500  4 0.3047 0.4772 0.2182 
        H515  4 0.3558 0.3311 0.3130 
        H516  4 0.3171 0.2638 0.4192 
        H517  4 0.4427 0.2042 0.3531 
        H518  4 0.2349 0.3839 0.3812 
        H520  4 0.3280 0.3124 0.3596 
        H521  4 0.3745 0.3047 0.3209 
        H522  4 0.3541 0.3085 0.3373 
        H523  4 0.3800 0.3251 0.2949 
        H536  4 0.3548 0.3064 0.3389 
        H645  4 0.3410 0.4451 0.2140 
        H646  4 0.3672 0.1898 0.4431 
        H647  4 0.2866 0.3068 0.4066 
        H657  4 0.4351 0.1985 0.3665 
        H658  4 0.3818 0.3162 0.3019 
        H659  4 0.2501 0.5295 0.2205 
        H660  4 0.2676 0.3942 0.3383 
        H661  4 0.2331 0.4449 0.3220 
        H668  4 0.4716 0.2059 0.3225 
        H669  4 0.4027 0.3207 0.2766 
        H670  4 0.3886 0.3981 0.2133 
        H678  4 0.3462 0.2942 0.3596 
        H679  4 0.3743 0.2707 0.3550 
        H680  4 0.2866 0.2773 0.4361 
        H681  4 0.3372 0.3900 0.2728 
        H682  4 0.5165 0.2186 0.2649 
        H683  4 0.2329 0.3695 0.3975 
        H718  4 0.2266 0.5239 0.2495 
        H719  4 0.3419 0.3807 0.2775 
        H720  4 0.2335 0.3855 0.3810 
        H721  4 0.2250 0.3732 0.4018 
        H722  4 0.1812 0.4211 0.3977 
        H723  4 0.3631 0.4113 0.2257 
        H724  4 0.2459 0.5233 0.2308 
        H725  4 0.2473 0.4664 0.2864 
        H726  4 0.2887 0.4586 0.2528 
        H727  4 0.3689 0.3930 0.2382 
        H910  4 0.3610 0.4035 0.2356 
        H911  4 0.3908 0.2383 0.3709 
        H912  4 0.3067 0.3217 0.3716 
        H913  4 0.3512 0.3508 0.2981 
        H914  4 0.3617 0.4411 0.1971 
        H915  4 0.3309 0.3558 0.3133 
        H916  4 0.2923 0.2949 0.4128 
       H9572  4 0.3521 0.2756 0.3723 
        H015  5 0.3076 0.2188 0.4736 
        H016  5 0.2686 0.2592 0.4722 
        H017  5 0.2782 0.3057 0.4161 
        H019  5 0.2854 0.3123 0.4023 
        H020  5 0.2530 0.4442 0.3028 
        H032  5 0.3766 0.2796 0.3438 
        H033  5 0.4443 0.2520 0.3037 
        H034  5 0.3784 0.3942 0.2274 
        H035  5 0.3569 0.2559 0.3872 
        H036  5 0.3834 0.2344 0.3822 
        H037  5 0.3311 0.4054 0.2635 
        H048  5 0.3082 0.4373 0.2545 
        H049  5 0.2690 0.2908 0.4402 
        H054  5 0.3855 0.2812 0.3333 
        H055  5 0.2947 0.3992 0.3060 
        H057  5 0.2254 0.3477 0.4269 
        H060  5 0.2458 0.4145 0.3396 
        H061  5 0.4321 0.2448 0.3231 
        H064  5 0.2682 0.4025 0.3294 
        H070  5 0.3640 0.4009 0.2351 
        H077  5 0.2273 0.5182 0.2544 
        H078  5 0.2640 0.3419 0.3941 
        H079  5 0.4433 0.2519 0.3047 
        H097  5 0.2021 0.3397 0.4582 
        H107  5 0.3309 0.4831 0.1860 
        H122  5 0.3341 0.2599 0.4060 
        H123  5 0.4332 0.1837 0.3831 
        H124  5 0.4223 0.2348 0.3430 
        H131  5 0.4560 0.1979 0.3461 
        H132  5 0.3279 0.3682 0.3039 
        H141  5 0.3367 0.3355 0.3279 
        H142  5 0.4255 0.2474 0.3271 
        H157  5 0.3127 0.4103 0.2770 
        H158  5 0.3087 0.1757 0.5156 
        H159  5 0.3777 0.1980 0.4243 
        H160  5 0.3912 0.2329 0.3759 
        H163  5 0.3950 0.2476 0.3574 
        H164  5 0.3709 0.2874 0.3417 
        H165  5 0.4689 0.1831 0.3480 
        H166  5 0.3184 0.2793 0.4022 
        H169  5 0.4283 0.2296 0.3421 
     H169613  5 0.3436 0.3427 0.3137 
     H169653  5 0.4142 0.2366 0.3491 
     H169728  5 0.3403 0.2713 0.3884 
     H169742  5 0.2991 0.4547 0.2462 
        H170  5 0.2076 0.2964 0.4960 
        H171  5 0.2472 0.3045 0.4482 
     H171851  5 0.2633 0.3206 0.4161 
     H171852  5 0.2461 0.4304 0.3235 
     H171853  5 0.4383 0.2744 0.2874 
     H171854  5 0.2770 0.3063 0.4167 
     H171938  5 0.4346 0.3415 0.2239 
     H171939  5 0.2883 0.2661 0.4456 
     H171941  5 0.2547 0.5310 0.2144 
     H171965  5 0.3437 0.2579 0.3984 
     H171970  5 0.2271 0.5562 0.2166 
     H171973  5 0.3903 0.3252 0.2845 
     H171974  5 0.4105 0.3153 0.2742 
     H171975  5 0.3474 0.3613 0.2913 
     H171976  5 0.1949 0.3121 0.4930 
        H175  5 0.3213 0.4143 0.2645 
        H178  5 0.3160 0.3996 0.2844 
        H189  5 0.4247 0.1653 0.4099 
        H399  5 0.2490 0.2177 0.5332 
        H416  5 0.3051 0.4166 0.2782 
        H438  5 0.4924 0.2621 0.2455 
        H450  5 0.2290 0.5055 0.2655 
        H455  5 0.2676 0.5514 0.1810 
        H456  5 0.4258 0.3028 0.2714 
        H457  5 0.2142 0.4938 0.2920 
        H458  5 0.3663 0.3689 0.2648 
        H459  5 0.4584 0.1824 0.3592 
        H460  5 0.3712 0.3237 0.3051 
        H461  5 0.2406 0.2867 0.4728 
        H462  5 0.3717 0.3080 0.3202 
        H469  5 0.3949 0.2485 0.3567 
        H470  5 0.3543 0.3147 0.3310 
        H471  5 0.3222 0.1891 0.4887 
        H481  5 0.2249 0.5494 0.2257 
        H482  5 0.2788 0.3967 0.3245 
        H501  5 0.3285 0.3890 0.2825 
        H502  5 0.3634 0.2289 0.4077 
        H503  5 0.3763 0.2125 0.4112 
        H509  5 0.4023 0.3114 0.2863 
        H510  5 0.3015 0.3738 0.3247 
        H511  5 0.3648 0.2645 0.3707 
        H530  5 0.3957 0.3480 0.2563 
        H531  5 0.2570 0.4204 0.3227 
        H564  5 0.2333 0.4435 0.3232 
        H565  5 0.1816 0.6052 0.2132 
        H567  5 0.3723 0.1999 0.4277 
     H568???  5 0.2824 0.2073 0.5103 
        H608  5 0.2532 0.4828 0.2640 
        H609  5 0.4207 0.2989 0.2804 
        H612  5 0.3044 0.4977 0.1979 
        H614  5 0.2255 0.4899 0.2846 
        H615  5 0.2097 0.5121 0.2782 
        H616  5 0.2642 0.5659 0.1699 
        H617  5 0.5198 0.1817 0.2985 
        H618  5 0.2590 0.5040 0.2370 
        H619  5 0.3585 0.3694 0.2721 
        H635  5 0.3526 0.2924 0.3550 
        H636  5 0.4877 0.2797 0.2326 
        H637  5 0.2321 0.5085 0.2594 
        H644  5 0.2682 0.1511 0.5807 
        H711  5 0.2646 0.2752 0.4602 
        H712  5 0.3316 0.4601 0.2082 
       H7360  5 0.3077 0.2832 0.4091 
       H7361  5 0.2489 0.4798 0.2713 
       H7362  5 0.2970 0.1466 0.5564 
       H7363  5 0.2674 0.4016 0.3310 
       H7394  5 0.4400 0.2263 0.3336 
       H7395  5 0.3560 0.3839 0.2602 
       H7396  5 0.3551 0.3453 0.2997 
        H742  5 0.2991 0.4617 0.2392 
        H743  5 0.2613 0.4332 0.3055 
        H744  5 0.2900 0.4799 0.2301 
        H957  5 0.2596 0.3052 0.4352 
        H958  5 0.3889 0.2876 0.3234 
        H959  5 0.2574 0.5447 0.1978 
        H960  5 0.3872 0.3309 0.2819 
        H431  8 0.3985 0.3445 0.2570 
        H432  8 0.2888 0.2190 0.4922 
        H433  8 0.4671 0.2630 0.2700 
        H434  8 0.3800 0.2532 0.3669 
        H444  8 0.3636 0.3762 0.2602 
        H454  8 0.2628 0.5236 0.2137 
        H475  8 0.2291 0.5546 0.2163 
        H491  8 0.2409 0.4854 0.2737 
        H492  8 0.2813 0.4809 0.2378 
        H493  8 0.3409 0.2374 0.4217 
        H494  8 0.2779 0.4375 0.2846 
        H495  8 0.1700 0.5111 0.3189 
        H662  8 0.3015 0.2566 0.4419 
        H663  8 0.3188 0.3670 0.3142 
        H695  8 0.3591 0.3683 0.2726 
       H7367  8 0.4678 0.1990 0.3333 
       H7368  8 0.3717 0.2241 0.4042 
       H7369  8 0.3889 0.3430 0.2680 
       H7370  8 0.4329 0.1848 0.3823 
       H7371  8 0.4284 0.2848 0.2868 
     H169705 10 0.4672 0.1847 0.3481 
     H171942 10 0.2984 0.2039 0.4977 
     H171943 10 0.3069 0.2886 0.4045 
     H171944 10 0.4287 0.2872 0.2840 
     H171946 10 0.2729 0.3405 0.3866 
     H171947 10 0.2984 0.3025 0.3991 
     H229641 10 0.3303 0.3579 0.3118 
      H30001 10 0.3866 0.3590 0.2544 
      H30002 10 0.3754 0.3255 0.2991 
      H30005 10 0.4667 0.2149 0.3184 
      H30006 10 0.3267 0.2177 0.4556 
      H30007 10 0.2064 0.2380 0.5556 
        H451 10 0.4098 0.2362 0.3540 
        H452 10 0.3818 0.2421 0.3761 
        H453 10 0.2368 0.4790 0.2842 
        H473 10 0.2507 0.4433 0.3060 
        H474 10 0.2049 0.5100 0.2851 
        H486 10 0.3381 0.3779 0.2840 
        H487 10 0.3055 0.4063 0.2882 
        H488 10 0.3944 0.3642 0.2414 
        H489 10 0.2963 0.4400 0.2636 
        H550 10 0.3421 0.2098 0.4481 
        H551 10 0.3829 0.3417 0.2753 
        H553 10 0.3389 0.3323 0.3288 
        H554 10 0.3587 0.2583 0.3830 
        H556 10 0.3187 0.2906 0.3907 
        H580 10 0.4297 0.2466 0.3237 
        H591 10 0.2008 0.6064 0.1928 
        H592 10 0.3730 0.3396 0.2874 
        H593 10 0.3231 0.2954 0.3815 
        H594 10 0.3494 0.1723 0.4783 
        H627 10 0.2522 0.3568 0.3909 
        H628 10 0.4515 0.2164 0.3321 
        H629 10 0.2310 0.3068 0.4622 
        H630 10 0.3644 0.2521 0.3835 
        H638 10 0.3562 0.2479 0.3959 
        H639 10 0.2455 0.4075 0.3470 
        H640 10 0.3605 0.2019 0.4376 
        H704 10 0.3230 0.2290 0.4481 
        H705 10 0.4776 0.1856 0.3368 
        H706 10 0.3602 0.4301 0.2097 
        H708 10 0.2574 0.5019 0.2407 
       H7351 10 0.3363 0.2329 0.4308 
       H7352 10 0.3549 0.3023 0.3428 
       H7353 10 0.2426 0.2192 0.5382 
       H7354 10 0.3053 0.4406 0.2542 
       H7365 10 0.3185 0.4222 0.2593 
       H7383 10 0.3510 0.4075 0.2414 
       H7384 10 0.3901 0.3322 0.2778 
       H7385 10 0.2947 0.4491 0.2563 
       H7386 10 0.4257 0.2528 0.3214 
       H7387 10 0.3907 0.2619 0.3474 
       H7388 10 0.4299 0.2565 0.3135 
        H906 10 0.2236 0.4813 0.2951 
        H907 10 0.3351 0.2474 0.4175 
        H908 10 0.4119 0.2847 0.3033 
        H909 10 0.3321 0.4379 0.2300 
       H9552 10 0.3351 0.3079 0.3570 
       H9553 10 0.3931 0.2861 0.3208 
       H9555 10 0.4463 0.2417 0.3120 
       H9575 10 0.2787 0.4280 0.2933 
       H9703 10 0.3175 0.4410 0.2416 
       H9707 10 0.3061 0.4308 0.2630 
       HSAA4 10 0.4374 0.2440 0.3186 
        H001 11 0.3288 0.3670 0.3042 
        H004 11 0.3323 0.3446 0.3231 
        H005 11 0.2736 0.5212 0.2053 
        H006 11 0.4067 0.2974 0.2959 
        H007 11 0.2535 0.5622 0.1843 
        H031 11 0.2858 0.5143 0.1999 
        H074 11 0.2705 0.4128 0.3167 
        H075 11 0.2362 0.5751 0.1887 
        H080 11 0.3212 0.4240 0.2548 
        H086 11 0.3977 0.2769 0.3254 
        H092 11 0.3650 0.3763 0.2587 
        H093 11 0.2885 0.2107 0.5008 
        H094 11 0.3886 0.2581 0.3533 
        H095 11 0.2648 0.4546 0.2806 
        H096 11 0.3487 0.4196 0.2318 
        H099 11 0.3229 0.4045 0.2726 
        H100 11 0.2933 0.2709 0.4358 
        H127 11 0.3813 0.3232 0.2955 
        H136 11 0.2171 0.5487 0.2343 
        H153 11 0.2987 0.3150 0.3863 
        H154 11 0.3039 0.4073 0.2888 
        H155 11 0.5254 0.1917 0.2829 
        H156 11 0.4280 0.1947 0.3774 
        H161 11 0.2544 0.3478 0.3978 
        H162 11 0.4251 0.1876 0.3873 
        H167 11 0.4190 0.2554 0.3256 
        H168 11 0.3934 0.2805 0.3261 
     H169586 11 0.1785 0.3691 0.4524 
     H169738 11 0.4115 0.2861 0.3023 
     H169741 11 0.3088 0.4360 0.2552 
     H171801 11 0.2769 0.2331 0.4900 
     H171810 11 0.2298 0.5287 0.2415 
     H171811 11 0.2490 0.4413 0.3097 
     H171812 11 0.3273 0.4053 0.2674 
     H171820 11 0.2809 0.4378 0.2812 
     H171821 11 0.4087 0.2476 0.3437 
     H171822 11 0.3850 0.2728 0.3422 
     H171823 11 0.1663 0.4949 0.3387 
     H171866 11 0.3028 0.2857 0.4115 
     H171867 11 0.4924 0.2479 0.2597 
     H171967 11 0.3124 0.4610 0.2266 
     H171969 11 0.2877 0.3715 0.3408 
        H172 11 0.3731 0.3154 0.3114 
        H173 11 0.4909 0.2563 0.2528 
        H174 11 0.3423 0.1746 0.4831 
        H196 11 0.4802 0.2023 0.3174 
        H197 11 0.4351 0.2258 0.3390 
        H346 11 0.3422 0.4357 0.2222 
        H355 11 0.2952 0.3825 0.3224 
        H356 11 0.2991 0.4261 0.2748 
        H357 11 0.2762 0.4635 0.2602 
        H358 11 0.3910 0.3823 0.2267 
        H359 11 0.3743 0.2730 0.3526 
        H360 11 0.4205 0.2993 0.2802 
        H361 11 0.3770 0.3388 0.2843 
        H362 11 0.4584 0.1792 0.3624 
        H363 11 0.3483 0.4278 0.2239 
        H364 11 0.2957 0.3468 0.3575 
        H365 11 0.3212 0.3457 0.3331 
        H366 11 0.4147 0.2438 0.3415 
        H367 11 0.3091 0.3868 0.3041 
        H368 11 0.2676 0.2556 0.4769 
        H369 11 0.3520 0.4353 0.2127 
        H370 11 0.4018 0.2356 0.3626 
        H371 11 0.3553 0.2999 0.3448 
        H372 11 0.4076 0.2894 0.3030 
        H373 11 0.3772 0.3338 0.2890 
        H374 11 0.2913 0.4183 0.2903 
        H375 11 0.4000 0.3397 0.2603 
        H376 11 0.3309 0.2429 0.4261 
        H377 11 0.3276 0.3858 0.2866 
        H378 11 0.2971 0.3575 0.3454 
        H379 11 0.3570 0.3083 0.3347 
        H380 11 0.4677 0.2310 0.3013 
        H381 11 0.2068 0.4745 0.3187 
        H382 11 0.4116 0.1567 0.4317 
        H383 11 0.3533 0.2283 0.4184 
        H384 11 0.2805 0.4329 0.2865 
        H385 11 0.3140 0.3830 0.3029 
        H386 11 0.5074 0.2717 0.2208 
        H387 11 0.2243 0.2954 0.4803 
        H388 11 0.4333 0.1934 0.3733 
        H389 11 0.3442 0.4285 0.2273 
        H390 11 0.4221 0.2237 0.3542 
        H391 11 0.3287 0.2239 0.4474 
        H392 11 0.2701 0.5322 0.1977 
        H393 11 0.2655 0.2893 0.4451 
        H394 11 0.2250 0.2261 0.5489 
        H395 11 0.3480 0.4001 0.2519 
        H408 11 0.4105 0.3429 0.2466 
        H412 11 0.2184 0.3492 0.4324 
        H417 11 0.3338 0.3789 0.2874 
        H418 11 0.2983 0.3035 0.3982 
        H429 11 0.3705 0.3351 0.2944 
        H430 11 0.3790 0.2755 0.3454 
        H439 11 0.4223 0.2988 0.2789 
        H440 11 0.2723 0.4766 0.2512 
        H441 11 0.4924 0.1789 0.3287 
        H442 11 0.4132 0.2379 0.3489 
        H446 11 0.3670 0.2578 0.3752 
        H447 11 0.4762 0.2428 0.2811 
        H448 11 0.4536 0.2686 0.2779 
        H534 11 0.2150 0.5127 0.2723 
        H537 11 0.2842 0.3748 0.3410 
        H568 11 0.1942 0.5807 0.2251 
        H569 11 0.3806 0.1952 0.4242 
        H586 11 0.1673 0.3522 0.4805 
        H587 11 0.2719 0.4949 0.2331 
        H588 11 0.2365 0.2665 0.4970 
        H589 11 0.2220 0.5537 0.2243 
        H590 11 0.2506 0.4866 0.2628 
        H601 11 0.3418 0.2600 0.3982 
        H602 11 0.3467 0.3719 0.2813 
        H603 11 0.5047 0.2307 0.2646 
        H610 11 0.3646 0.3343 0.3011 
        H611 11 0.2761 0.4432 0.2807 
        H649 11 0.3143 0.3726 0.3130 
        H650 11 0.3424 0.2351 0.4225 
        H651 11 0.4535 0.3088 0.2377 
        H652 11 0.3063 0.3079 0.3858 
       H7364 11 0.3837 0.2861 0.3302 
       H7366 11 0.4144 0.3260 0.2596 
       H7378 11 0.2617 0.1279 0.6104 
       H7379 11 0.3461 0.2875 0.3664 
        H739 11 0.2849 0.4473 0.2678 
        H740 11 0.3530 0.2325 0.4145 
        H741 11 0.3089 0.4400 0.2511 
        H926 11 0.3346 0.2708 0.3946 
        H927 11 0.5200 0.1976 0.2824 
        H928 11 0.3645 0.2746 0.3610 
       H9560 11 0.3310 0.2690 0.4000 
