        H008  2 0.0874 0.1528 0.2529 0.1548 0.2308 0.1213 
        H021  2 0.2673 0.1392 0.1702 0.1460 0.1515 0.1258 
        H023  2 0.1783 0.1276 0.2400 0.1216 0.1046 0.2280 
        H024  2 0.0789 0.1870 0.0685 0.2097 0.3647 0.0913 
        H025  2 0.0949 0.1886 0.0810 0.0939 0.1382 0.4033 
        H026  2 0.1316 0.3658 0.0717 0.1968 0.1740 0.0601 
        H027  2 0.1653 0.1313 0.2431 0.1591 0.2096 0.0916 
        H028  2 0.1247 0.2261 0.1337 0.1809 0.2049 0.1296 
        H029  2 0.1570 0.1708 0.1381 0.2607 0.2094 0.0641 
        H030  2 0.0951 0.2123 0.1021 0.1862 0.3320 0.0723 
        H038  2 0.2350 0.1333 0.2460 0.1556 0.0817 0.1485 
        H039  2 0.0910 0.0701 0.0537 0.0815 0.0679 0.6359 
        H040  2 0.1816 0.1498 0.1656 0.1919 0.1383 0.1728 
        H041  2 0.0850 0.1004 0.2116 0.1955 0.2364 0.1711 
        H042  2 0.1167 0.1473 0.2114 0.1489 0.1501 0.2256 
        H043  2 0.2648 0.1348 0.0805 0.1135 0.0948 0.3116 
        H044  2 0.1733 0.2268 0.1200 0.1430 0.2249 0.1119 
        H047  2 0.1265 0.2034 0.0631 0.1784 0.1783 0.2502 
        H050  2 0.0984 0.1472 0.0775 0.1732 0.4414 0.0622 
        H058  2 0.2496 0.1803 0.1256 0.1564 0.1275 0.1605 
        H062  2 0.1829 0.1458 0.2368 0.1053 0.0871 0.2420 
        H063  2 0.1521 0.1127 0.1133 0.1684 0.1524 0.3011 
        H065  2 0.0954 0.3678 0.1491 0.0924 0.0829 0.2125 
        H066  2 0.2044 0.1790 0.0657 0.3297 0.1531 0.0681 
        H067  2 0.1135 0.1691 0.3488 0.1480 0.1339 0.0867 
        H068  2 0.1645 0.1460 0.0840 0.1484 0.2026 0.2545 
        H069  2 0.2411 0.2030 0.1050 0.1434 0.1862 0.1212 
        H071  2 0.1860 0.1495 0.2507 0.1374 0.0996 0.1767 
        H072  2 0.1085 0.0889 0.0809 0.1173 0.0972 0.5071 
        H073  2 0.1390 0.1939 0.3409 0.1303 0.0983 0.0976 
        H081  2 0.0855 0.0822 0.3413 0.1112 0.1254 0.2542 
        H082  2 0.0776 0.1544 0.0939 0.1455 0.4219 0.1067 
        H083  2 0.1107 0.2422 0.1567 0.1018 0.2676 0.1211 
        H084  2 0.1873 0.1297 0.1173 0.2891 0.1662 0.1104 
        H085  2 0.1212 0.1062 0.2789 0.1131 0.2289 0.1517 
        H087  2 0.0993 0.0996 0.3977 0.1438 0.1317 0.1279 
        H088  2 0.1931 0.1282 0.1720 0.1187 0.1290 0.2591 
        H089  2 0.1915 0.1285 0.3026 0.1148 0.1451 0.1175 
        H090  2 0.0762 0.1123 0.0921 0.1837 0.4347 0.1010 
        H091  2 0.1322 0.1279 0.1801 0.1368 0.3499 0.0730 
        H098  2 0.0680 0.1392 0.1255 0.2005 0.3000 0.1668 
      H10001  2 0.1385 0.0746 0.0715 0.0678 0.0646 0.5829 
      H10002  2 0.1752 0.1316 0.3076 0.0914 0.0987 0.1955 
        H101  2 0.1162 0.1203 0.0560 0.1989 0.4507 0.0580 
        H108  2 0.0769 0.0951 0.2439 0.0758 0.0794 0.4290 
        H109  2 0.1787 0.1606 0.0689 0.2890 0.1583 0.1445 
        H110  2 0.0791 0.0821 0.5283 0.0979 0.1370 0.0757 
        H116  2 0.1235 0.2695 0.1489 0.1950 0.1650 0.0981 
        H117  2 0.0782 0.0954 0.1617 0.3588 0.2427 0.0633 
        H118  2 0.0988 0.2418 0.1757 0.1309 0.2731 0.0796 
        H119  2 0.1156 0.1193 0.2719 0.2976 0.0821 0.1135 
        H120  2 0.0977 0.0767 0.1673 0.0682 0.0687 0.5214 
        H121  2 0.0881 0.0936 0.1048 0.1330 0.4841 0.0965 
        H125  2 0.1438 0.0848 0.0907 0.1632 0.0624 0.4551 
        H126  2 0.0782 0.2590 0.1372 0.0960 0.1644 0.2651 
        H128  2 0.0697 0.1471 0.0788 0.1574 0.5099 0.0371 
        H129  2 0.1133 0.3403 0.1398 0.1619 0.1699 0.0748 
        H130  2 0.2239 0.2085 0.0697 0.0719 0.1032 0.3228 
        H133  2 0.1552 0.1362 0.0777 0.1045 0.1091 0.4173 
        H134  2 0.0699 0.5706 0.0781 0.1084 0.1014 0.0716 
        H135  2 0.1288 0.1490 0.2614 0.1274 0.1347 0.1987 
        H137  2 0.0778 0.1340 0.0795 0.3345 0.2823 0.0920 
        H138  2 0.2023 0.3635 0.1354 0.1282 0.0926 0.0780 
        H140  2 0.1469 0.1540 0.1165 0.1751 0.2337 0.1738 
        H146  2 0.1306 0.1854 0.1121 0.1558 0.3089 0.1072 
        H147  2 0.1093 0.0933 0.4067 0.1266 0.1656 0.0985 
        H148  2 0.1619 0.1170 0.1974 0.2474 0.2013 0.0749 
     H166022  2 0.1090 0.1555 0.2740 0.2156 0.1753 0.0707 
     H167359  2 0.2709 0.2075 0.1046 0.1405 0.1528 0.1237 
     H167397  2 0.0884 0.1880 0.1577 0.2266 0.2940 0.0454 
     H167428  2 0.0845 0.1797 0.1530 0.1312 0.3838 0.0678 
     H167496  2 0.1092 0.0931 0.1561 0.1437 0.1153 0.3827 
     H167513  2 0.1095 0.1324 0.0679 0.2512 0.3199 0.1191 
     H167545  2 0.1620 0.2519 0.1631 0.1425 0.1873 0.0931 
     H167547  2 0.0821 0.1678 0.0651 0.4754 0.1541 0.0555 
     H169621  2 0.1369 0.1426 0.1184 0.1480 0.3826 0.0715 
     H169622  2 0.2893 0.2036 0.2420 0.0906 0.1050 0.0695 
     H169750  2 0.1602 0.1953 0.1185 0.1731 0.1813 0.1715 
     H171806  2 0.1335 0.1821 0.1472 0.2230 0.1877 0.1264 
     H171808  2 0.2075 0.1981 0.1694 0.1423 0.1556 0.1271 
     H171809  2 0.1367 0.1470 0.2789 0.1561 0.1228 0.1584 
     H171813  2 0.1580 0.2371 0.1221 0.1660 0.1661 0.1506 
     H171815  2 0.1547 0.1309 0.1068 0.0937 0.0863 0.4276 
     H171824  2 0.2291 0.1079 0.2336 0.1832 0.1045 0.1416 
     H171825  2 0.2592 0.1771 0.2833 0.0956 0.0940 0.0909 
     H171826  2 0.1753 0.1753 0.1353 0.2679 0.1165 0.1297 
     H171827  2 0.2658 0.1346 0.2922 0.1138 0.1113 0.0822 
     H171828  2 0.1020 0.0713 0.1493 0.0978 0.0690 0.5105 
     H171829  2 0.1618 0.2354 0.1401 0.2063 0.1224 0.1341 
     H171830  2 0.0931 0.1223 0.1185 0.1770 0.2709 0.2182 
     H171831  2 0.0878 0.2646 0.0972 0.2328 0.2474 0.0702 
     H171832  2 0.1469 0.2809 0.1304 0.1340 0.1445 0.1633 
     H171863  2 0.1488 0.3180 0.0765 0.1298 0.2565 0.0704 
     H171864  2 0.0978 0.1135 0.1271 0.2813 0.2410 0.1394 
     H171865  2 0.0949 0.1330 0.0797 0.1142 0.0967 0.4816 
     H171879  2 0.1684 0.1804 0.0997 0.2996 0.1549 0.0970 
     H171880  2 0.1526 0.1342 0.1150 0.2882 0.2447 0.0653 
     H171881  2 0.1536 0.1864 0.1560 0.1781 0.2440 0.0820 
     H171882  2 0.0607 0.0698 0.0786 0.0654 0.0732 0.6523 
     H171929  2 0.1077 0.1417 0.1405 0.1371 0.2685 0.2044 
     H171930  2 0.1445 0.2098 0.1055 0.2409 0.2387 0.0606 
     H171933  2 0.1603 0.1539 0.1465 0.2454 0.2068 0.0871 
     H171934  2 0.1337 0.1323 0.2587 0.2349 0.1259 0.1145 
     H171937  2 0.1059 0.2978 0.0953 0.1142 0.2589 0.1279 
     H171962  2 0.1985 0.2034 0.1695 0.1271 0.1702 0.1313 
        H190  2 0.1204 0.1913 0.1969 0.1736 0.2002 0.1175 
        H191  2 0.1072 0.1699 0.1295 0.2183 0.1733 0.2018 
        H396  2 0.1271 0.1183 0.3643 0.0883 0.1129 0.1892 
        H397  2 0.1716 0.1661 0.1805 0.1262 0.2385 0.1172 
        H398  2 0.1580 0.2821 0.1413 0.1192 0.1227 0.1767 
        H400  2 0.2007 0.1588 0.2100 0.1328 0.1556 0.1422 
        H401  2 0.0566 0.1283 0.0659 0.3966 0.2869 0.0657 
        H402  2 0.1316 0.1389 0.2521 0.2166 0.2056 0.0553 
        H427  2 0.1094 0.1268 0.3796 0.1428 0.1218 0.1196 
        H428  2 0.0863 0.1756 0.1527 0.1319 0.3828 0.0708 
        H497  2 0.1557 0.1319 0.0877 0.1583 0.1898 0.2766 
        H512  2 0.1204 0.1628 0.1464 0.2616 0.2133 0.0955 
        H513  2 0.1141 0.1306 0.0625 0.2492 0.3240 0.1197 
        H514  2 0.2246 0.2761 0.1306 0.1141 0.1263 0.1284 
        H519  2 0.0993 0.1297 0.0667 0.2602 0.3244 0.1197 
        H532  2 0.1843 0.1586 0.3011 0.1558 0.1257 0.0746 
        H543  2 0.2524 0.1185 0.2556 0.1428 0.1794 0.0512 
        H544  2 0.1449 0.2836 0.0906 0.0758 0.1552 0.2498 
        H545  2 0.1575 0.2779 0.1488 0.1448 0.1900 0.0809 
        H546  2 0.1091 0.1748 0.0926 0.1177 0.1027 0.4031 
        H547  2 0.0826 0.1768 0.0712 0.4711 0.1449 0.0533 
        H548  2 0.1906 0.1371 0.2460 0.1495 0.1365 0.1403 
        H549  2 0.2225 0.1399 0.1014 0.2084 0.2143 0.1135 
        H620  2 0.0660 0.0673 0.1101 0.0750 0.0576 0.6241 
        H623  2 0.0870 0.2336 0.0927 0.1359 0.3120 0.1388 
        H624  2 0.4091 0.1798 0.0796 0.0688 0.0768 0.1858 
        H625  2 0.1134 0.1396 0.2641 0.1514 0.1627 0.1688 
        H626  2 0.2783 0.1272 0.1542 0.2276 0.0995 0.1132 
        H654  2 0.1693 0.0856 0.0756 0.0730 0.0560 0.5405 
        H655  2 0.4097 0.1330 0.1139 0.0983 0.1065 0.1387 
        H656  2 0.0723 0.0680 0.1492 0.0595 0.0526 0.5984 
        H666  2 0.1498 0.1040 0.0591 0.1113 0.1110 0.4648 
        H667  2 0.1245 0.1018 0.4795 0.1259 0.0897 0.0787 
        H677  2 0.2165 0.1618 0.2786 0.1427 0.1021 0.0983 
        H693  2 0.1152 0.0887 0.2615 0.1057 0.0984 0.3306 
        H694  2 0.1145 0.1795 0.0852 0.1420 0.3451 0.1338 
        H701  2 0.2280 0.1635 0.1242 0.1346 0.2676 0.0821 
        H702  2 0.2211 0.1552 0.1965 0.1907 0.1377 0.0987 
        H731  2 0.1654 0.1236 0.2473 0.1062 0.1194 0.2381 
       H7359  2 0.2565 0.1939 0.1050 0.1520 0.1541 0.1385 
       H7389  2 0.1607 0.1982 0.1509 0.2459 0.1382 0.1060 
       H7390  2 0.3931 0.1230 0.0859 0.1957 0.0761 0.1260 
       H7391  2 0.0889 0.0920 0.3647 0.2251 0.1244 0.1049 
       H7392  2 0.2719 0.2137 0.1231 0.1267 0.1295 0.1350 
       H7393  2 0.1698 0.1485 0.1125 0.2305 0.1503 0.1884 
       H7398  2 0.0927 0.1062 0.2534 0.1707 0.2269 0.1500 
       H7399  2 0.1267 0.1745 0.3717 0.1012 0.1645 0.0614 
       H7400  2 0.0983 0.0724 0.0792 0.0630 0.0510 0.6361 
        H745  2 0.0803 0.3845 0.0761 0.1542 0.2053 0.0996 
        H746  2 0.1337 0.1504 0.4720 0.0932 0.0897 0.0611 
        H747  2 0.1785 0.1379 0.0958 0.1856 0.1693 0.2327 
        H748  2 0.2521 0.1480 0.1858 0.1892 0.1183 0.1067 
       H7484  2 0.0745 0.0983 0.0950 0.1385 0.1266 0.4672 
       H7485  2 0.1994 0.1860 0.1124 0.1496 0.1879 0.1647 
        H749  2 0.2563 0.1632 0.2794 0.1151 0.1045 0.0815 
        H930  2 0.1446 0.1748 0.1058 0.2582 0.2531 0.0634 
        H931  2 0.1171 0.1618 0.1590 0.1422 0.1985 0.2215 
        H932  2 0.1898 0.1715 0.1592 0.2835 0.1094 0.0867 
        H002  4 0.1109 0.2300 0.1275 0.0806 0.0829 0.3682 
        H003  4 0.0977 0.1035 0.5771 0.0777 0.0804 0.0636 
        H009  4 0.1978 0.3064 0.0981 0.1244 0.1858 0.0875 
        H010  4 0.2037 0.1887 0.1657 0.2130 0.1439 0.0849 
        H011  4 0.1111 0.0973 0.1503 0.0999 0.1127 0.4289 
        H012  4 0.1498 0.1394 0.2953 0.1382 0.1716 0.1058 
        H013  4 0.1263 0.0986 0.3378 0.0839 0.0914 0.2620 
        H014  4 0.1337 0.2034 0.1398 0.2105 0.1987 0.1139 
        H045  4 0.0662 0.1059 0.1902 0.1423 0.1954 0.3001 
        H046  4 0.1233 0.2549 0.3445 0.1136 0.0879 0.0758 
        H051  4 0.1021 0.0923 0.2408 0.0843 0.1253 0.3552 
        H052  4 0.1113 0.1897 0.0696 0.1204 0.1788 0.3303 
        H053  4 0.3572 0.1388 0.1289 0.1644 0.1197 0.0911 
        H056  4 0.0943 0.1376 0.0843 0.1179 0.1159 0.4500 
        H076  4 0.1270 0.2805 0.1582 0.2316 0.1253 0.0775 
        H151  4 0.3009 0.1803 0.1062 0.1318 0.0805 0.2002 
        H152  4 0.1393 0.2161 0.0983 0.0863 0.1325 0.3274 
     H171803  4 0.2365 0.1174 0.2416 0.2217 0.0914 0.0914 
     H171804  4 0.1286 0.1204 0.2022 0.2244 0.1317 0.1926 
     H171833  4 0.1536 0.3908 0.1192 0.1291 0.1250 0.0823 
     H171855  4 0.1601 0.1753 0.0769 0.2212 0.0673 0.2991 
     H171856  4 0.1868 0.1614 0.1279 0.2336 0.1839 0.1064 
     H171857  4 0.0987 0.1685 0.0956 0.2657 0.1095 0.2620 
     H171858  4 0.1987 0.2319 0.1356 0.1425 0.1301 0.1612 
     H171859  4 0.1556 0.1901 0.1885 0.2139 0.1136 0.1383 
     H171961  4 0.1982 0.1324 0.1638 0.1095 0.1193 0.2768 
        H198  4 0.1765 0.2042 0.3025 0.1380 0.1259 0.0529 
      H20001  4 0.1681 0.3498 0.0827 0.1648 0.1625 0.0721 
        H403  4 0.1277 0.1942 0.1235 0.2584 0.1444 0.1519 
        H404  4 0.1477 0.1768 0.3044 0.1143 0.1561 0.1007 
        H405  4 0.1056 0.2238 0.3061 0.1708 0.1099 0.0839 
        H406  4 0.0802 0.2215 0.0471 0.2889 0.1971 0.1652 
        H407  4 0.2328 0.1543 0.1191 0.2972 0.1232 0.0733 
        H410  4 0.0648 0.1186 0.1033 0.4959 0.1617 0.0557 
        H411  4 0.1103 0.3110 0.0962 0.1739 0.2012 0.1075 
        H468  4 0.1783 0.2190 0.0776 0.2821 0.1579 0.0851 
        H476  4 0.3027 0.1519 0.0925 0.1381 0.1496 0.1652 
        H477  4 0.2817 0.2994 0.1044 0.1523 0.1080 0.0542 
        H478  4 0.1314 0.1273 0.4311 0.1035 0.1182 0.0885 
        H479  4 0.1124 0.1196 0.2508 0.0870 0.1242 0.3060 
        H480  4 0.1661 0.2766 0.1249 0.1708 0.1915 0.0701 
        H498  4 0.1482 0.1775 0.2731 0.1118 0.1411 0.1484 
        H499  4 0.1637 0.1881 0.2215 0.1469 0.1277 0.1520 
        H500  4 0.2088 0.1127 0.1913 0.1394 0.0955 0.2524 
        H515  4 0.2070 0.1718 0.1259 0.1904 0.1397 0.1652 
        H516  4 0.1945 0.2329 0.0921 0.1436 0.2284 0.1084 
        H517  4 0.1010 0.1313 0.1426 0.4191 0.1292 0.0768 
        H518  4 0.1795 0.2243 0.0760 0.1417 0.1380 0.2404 
        H520  4 0.1694 0.1909 0.1222 0.2376 0.1311 0.1488 
        H521  4 0.1236 0.1624 0.2225 0.1693 0.1986 0.1235 
        H522  4 0.2935 0.1762 0.1517 0.1480 0.1432 0.0873 
        H523  4 0.1839 0.1670 0.1279 0.1407 0.2211 0.1593 
        H536  4 0.1349 0.2140 0.3495 0.0949 0.0984 0.1084 
        H645  4 0.1000 0.1013 0.3513 0.1106 0.1022 0.2346 
        H646  4 0.1570 0.2183 0.0789 0.1726 0.3125 0.0607 
        H647  4 0.3631 0.1849 0.0942 0.1557 0.1214 0.0807 
        H657  4 0.1373 0.1606 0.2201 0.2886 0.1269 0.0665 
        H658  4 0.3702 0.1421 0.1115 0.1236 0.1712 0.0814 
        H659  4 0.3104 0.1171 0.1333 0.1481 0.0791 0.2120 
        H660  4 0.1449 0.1630 0.1230 0.1181 0.2429 0.2081 
        H661  4 0.3389 0.1769 0.1053 0.1417 0.0849 0.1523 
        H668  4 0.1276 0.1666 0.3505 0.1503 0.1406 0.0644 
        H669  4 0.1540 0.1527 0.1566 0.1674 0.2116 0.1577 
        H670  4 0.1047 0.1065 0.4242 0.0948 0.0811 0.1887 
        H678  4 0.3118 0.1513 0.1135 0.2163 0.1330 0.0741 
        H679  4 0.1742 0.1621 0.1251 0.1598 0.2706 0.1082 
        H680  4 0.1349 0.2087 0.0906 0.3591 0.1249 0.0817 
        H681  4 0.1391 0.1331 0.2805 0.1070 0.1191 0.2212 
        H682  4 0.1435 0.1200 0.2577 0.2438 0.1638 0.0712 
        H683  4 0.1205 0.1710 0.0699 0.1187 0.1988 0.3210 
        H718  4 0.0680 0.1021 0.0969 0.1077 0.1092 0.5161 
        H719  4 0.0857 0.1094 0.1853 0.1292 0.2661 0.2243 
        H720  4 0.1044 0.1946 0.1299 0.1582 0.1773 0.2356 
        H721  4 0.1340 0.2478 0.1481 0.1886 0.1064 0.1750 
        H722  4 0.1289 0.2644 0.0746 0.0880 0.1130 0.3311 
        H723  4 0.1259 0.0934 0.1966 0.1667 0.1090 0.3084 
        H724  4 0.1559 0.0993 0.0828 0.2292 0.1159 0.3169 
        H725  4 0.1049 0.1455 0.1088 0.1576 0.1013 0.3820 
        H726  4 0.2209 0.1543 0.1071 0.1387 0.0996 0.2794 
        H727  4 0.1648 0.1300 0.1607 0.2233 0.1433 0.1778 
        H910  4 0.1199 0.1183 0.1670 0.1998 0.1889 0.2061 
        H911  4 0.0992 0.1808 0.1115 0.2800 0.1927 0.1358 
        H912  4 0.1717 0.1866 0.1055 0.2652 0.1406 0.1304 
        H913  4 0.4470 0.1095 0.1190 0.0982 0.1313 0.0950 
        H914  4 0.2685 0.1011 0.2544 0.1281 0.0989 0.1491 
        H915  4 0.2560 0.1588 0.1406 0.1968 0.1444 0.1036 
        H916  4 0.1910 0.1952 0.0908 0.2012 0.2151 0.1067 
       H9572  4 0.1149 0.1628 0.1110 0.2793 0.2180 0.1139 
        H015  5 0.0983 0.1977 0.1057 0.1778 0.3331 0.0874 
        H016  5 0.2276 0.2768 0.1276 0.0994 0.1475 0.1211 
        H017  5 0.2835 0.2114 0.1124 0.1279 0.1633 0.1016 
        H019  5 0.1421 0.2103 0.1407 0.1078 0.2014 0.1978 
        H020  5 0.1601 0.1285 0.1302 0.1055 0.3043 0.1713 
        H032  5 0.1518 0.2038 0.1499 0.2048 0.1264 0.1633 
        H033  5 0.1690 0.1469 0.2141 0.1292 0.2583 0.0824 
        H034  5 0.1359 0.1365 0.1989 0.1995 0.1171 0.2122 
        H035  5 0.2882 0.1763 0.1258 0.2132 0.1294 0.0672 
        H036  5 0.1025 0.1328 0.1088 0.1840 0.3885 0.0834 
        H037  5 0.4344 0.1137 0.1618 0.1075 0.0977 0.0849 
        H048  5 0.1158 0.1110 0.1619 0.2590 0.1023 0.2500 
        H049  5 0.1180 0.1975 0.1325 0.1156 0.2650 0.1715 
        H054  5 0.1080 0.2166 0.1636 0.2593 0.1204 0.1321 
        H055  5 0.1876 0.2108 0.1801 0.1251 0.1099 0.1864 
        H057  5 0.2039 0.3569 0.1017 0.0865 0.1054 0.1456 
        H060  5 0.2619 0.2258 0.1763 0.0933 0.0758 0.1669 
        H061  5 0.1465 0.1782 0.2834 0.1925 0.1100 0.0893 
        H064  5 0.0964 0.1447 0.1703 0.1092 0.1591 0.3203 
        H070  5 0.1561 0.1250 0.2419 0.1156 0.1291 0.2324 
        H077  5 0.1060 0.1160 0.0928 0.1077 0.1039 0.4737 
        H078  5 0.2488 0.2151 0.0671 0.1767 0.1506 0.1417 
        H079  5 0.1808 0.1259 0.2903 0.1214 0.2024 0.0792 
        H097  5 0.2108 0.2749 0.0791 0.1054 0.1419 0.1878 
        H107  5 0.1924 0.1063 0.2286 0.1209 0.0831 0.2687 
        H122  5 0.3096 0.1905 0.1282 0.1935 0.1110 0.0673 
        H123  5 0.1718 0.1860 0.1447 0.2461 0.1978 0.0534 
        H124  5 0.2199 0.1793 0.1832 0.2179 0.1238 0.0759 
        H131  5 0.1151 0.1464 0.1306 0.1712 0.3700 0.0667 
        H132  5 0.1299 0.1768 0.1602 0.1703 0.1456 0.2172 
        H141  5 0.1947 0.1535 0.2023 0.2066 0.1137 0.1292 
        H142  5 0.2018 0.1399 0.3522 0.0921 0.1380 0.0760 
        H157  5 0.1757 0.1536 0.1600 0.2144 0.1083 0.1880 
        H158  5 0.1883 0.2941 0.1122 0.1385 0.2012 0.0656 
        H159  5 0.0991 0.2092 0.2004 0.2506 0.1610 0.0797 
        H160  5 0.1675 0.1694 0.1894 0.2741 0.1170 0.0827 
        H163  5 0.1352 0.1838 0.1559 0.1884 0.2400 0.0967 
        H164  5 0.1096 0.1408 0.3167 0.1051 0.1664 0.1613 
        H165  5 0.0884 0.1288 0.2749 0.1552 0.2914 0.0614 
        H166  5 0.1156 0.1406 0.1200 0.1321 0.3742 0.1174 
        H169  5 0.1914 0.1689 0.2965 0.1287 0.1379 0.0766 
     H169613  5 0.2071 0.1672 0.1964 0.0906 0.1526 0.1862 
     H169653  5 0.1068 0.1414 0.2244 0.1505 0.2758 0.1011 
     H169728  5 0.1733 0.2086 0.1445 0.2098 0.1769 0.0868 
     H169742  5 0.1568 0.1390 0.3349 0.1021 0.1294 0.1379 
        H170  5 0.1405 0.4097 0.0698 0.1308 0.1126 0.1366 
        H171  5 0.1219 0.3412 0.1486 0.1166 0.1275 0.1442 
     H171851  5 0.2219 0.2525 0.0920 0.1034 0.1973 0.1328 
     H171852  5 0.2115 0.1852 0.1188 0.1413 0.0974 0.2458 
     H171853  5 0.1123 0.1346 0.1718 0.3236 0.1510 0.1067 
     H171854  5 0.1376 0.2314 0.0947 0.2027 0.1546 0.1790 
     H171938  5 0.1383 0.1032 0.4323 0.1045 0.0952 0.1265 
     H171939  5 0.1669 0.2228 0.1315 0.1200 0.2450 0.1137 
     H171941  5 0.1786 0.1196 0.1555 0.0968 0.1405 0.3090 
     H171965  5 0.2023 0.2457 0.2706 0.0866 0.0972 0.0975 
     H171970  5 0.1010 0.1082 0.0971 0.1248 0.1121 0.4567 
     H171973  5 0.1661 0.1434 0.2937 0.1837 0.1202 0.0929 
     H171974  5 0.2128 0.1323 0.1844 0.1946 0.1716 0.1042 
     H171975  5 0.0780 0.1301 0.1587 0.2068 0.1860 0.2405 
     H171976  5 0.1400 0.3153 0.0817 0.1350 0.1108 0.2172 
        H175  5 0.1972 0.1476 0.1379 0.1989 0.1521 0.1663 
        H178  5 0.1488 0.1451 0.2481 0.0935 0.1350 0.2294 
        H189  5 0.1109 0.1595 0.2050 0.1371 0.3160 0.0715 
        H399  5 0.1118 0.3159 0.0782 0.3403 0.0893 0.0645 
        H416  5 0.2811 0.1412 0.1715 0.1395 0.1094 0.1571 
        H438  5 0.1095 0.1164 0.2036 0.3156 0.1642 0.0908 
        H450  5 0.2237 0.1592 0.1589 0.0841 0.0816 0.2925 
        H455  5 0.0853 0.0865 0.1541 0.0851 0.1003 0.4887 
        H456  5 0.1595 0.1349 0.3467 0.1485 0.1052 0.1051 
        H457  5 0.1203 0.1883 0.1105 0.1141 0.1127 0.3541 
        H458  5 0.1961 0.1445 0.2364 0.1620 0.1157 0.1454 
        H459  5 0.2954 0.1611 0.2134 0.1099 0.1628 0.0574 
        H460  5 0.2126 0.1361 0.2591 0.1305 0.1233 0.1384 
        H461  5 0.1730 0.3119 0.0937 0.1377 0.1354 0.1482 
        H462  5 0.1143 0.1432 0.1153 0.1788 0.3628 0.0857 
        H469  5 0.1155 0.1533 0.1178 0.1668 0.3380 0.1086 
        H470  5 0.1436 0.1953 0.1470 0.2199 0.1723 0.1219 
        H471  5 0.2953 0.2567 0.0987 0.1785 0.1140 0.0569 
        H481  5 0.1836 0.1008 0.0816 0.1061 0.1054 0.4224 
        H482  5 0.1834 0.1862 0.1233 0.1585 0.1190 0.2297 
        H501  5 0.2402 0.1433 0.1525 0.1544 0.1465 0.1631 
        H502  5 0.1844 0.2681 0.2032 0.1130 0.1489 0.0823 
        H503  5 0.0934 0.1725 0.1485 0.1737 0.3267 0.0852 
        H509  5 0.1006 0.1049 0.1204 0.4027 0.1435 0.1279 
        H510  5 0.0872 0.1717 0.2272 0.1000 0.1627 0.2512 
        H511  5 0.1571 0.2127 0.2558 0.1274 0.1357 0.1112 
        H530  5 0.1725 0.1305 0.2070 0.1972 0.1359 0.1571 
        H531  5 0.3952 0.1365 0.0857 0.1435 0.0805 0.1586 
        H564  5 0.2253 0.1868 0.1603 0.0916 0.0905 0.2454 
        H565  5 0.2483 0.1207 0.1040 0.0923 0.0709 0.3637 
        H567  5 0.0982 0.1141 0.0783 0.1581 0.4902 0.0610 
     H568???  5 0.1790 0.3149 0.1159 0.1728 0.1407 0.0768 
        H608  5 0.2175 0.1626 0.1628 0.1168 0.0783 0.2620 
        H609  5 0.1109 0.1336 0.2515 0.1466 0.2437 0.1137 
        H612  5 0.1448 0.1027 0.2582 0.1416 0.0824 0.2703 
        H614  5 0.3020 0.1579 0.0737 0.1475 0.0969 0.2221 
        H615  5 0.3804 0.1364 0.0899 0.0872 0.1011 0.2050 
        H616  5 0.1318 0.0842 0.1473 0.0941 0.0755 0.4671 
        H617  5 0.1291 0.1293 0.3273 0.1929 0.1627 0.0588 
        H618  5 0.0945 0.1180 0.1081 0.1807 0.1154 0.3833 
        H619  5 0.1009 0.1073 0.4622 0.0695 0.1378 0.1223 
        H635  5 0.1288 0.1794 0.1698 0.1674 0.1824 0.1721 
        H636  5 0.1034 0.0908 0.5306 0.0962 0.0926 0.0865 
        H637  5 0.1627 0.1261 0.1726 0.0814 0.1315 0.3258 
        H644  5 0.0970 0.2753 0.0787 0.1405 0.3484 0.0602 
        H711  5 0.2455 0.3389 0.1199 0.0920 0.0959 0.1079 
        H712  5 0.1614 0.1067 0.2724 0.0999 0.1265 0.2330 
       H7360  5 0.2395 0.2221 0.1502 0.1100 0.1420 0.1361 
       H7361  5 0.1524 0.1714 0.1210 0.1514 0.0973 0.3064 
       H7362  5 0.0851 0.2647 0.0954 0.1465 0.3501 0.0583 
       H7363  5 0.1601 0.1815 0.0901 0.1925 0.1843 0.1915 
       H7394  5 0.1907 0.1652 0.1975 0.1516 0.2136 0.0813 
       H7395  5 0.1577 0.1452 0.3737 0.0983 0.0906 0.1345 
       H7396  5 0.3822 0.1252 0.1264 0.1262 0.1542 0.0858 
        H742  5 0.1540 0.1351 0.3433 0.1046 0.1217 0.1413 
        H743  5 0.1727 0.1449 0.1169 0.1397 0.1522 0.2736 
        H744  5 0.1517 0.1122 0.0878 0.2206 0.1305 0.2971 
        H957  5 0.2444 0.2934 0.1379 0.1109 0.0949 0.1184 
        H958  5 0.1803 0.1564 0.1682 0.1536 0.2290 0.1125 
        H959  5 0.1271 0.1157 0.1801 0.0912 0.0994 0.3864 
        H960  5 0.1638 0.1540 0.1371 0.2199 0.1750 0.1501 
        H431  8 0.2017 0.1150 0.1235 0.3530 0.0880 0.1188 
        H432  8 0.0600 0.1712 0.0892 0.1566 0.4336 0.0894 
        H433  8 0.1157 0.1178 0.2959 0.1446 0.2094 0.1167 
        H434  8 0.1855 0.1416 0.1140 0.1359 0.3469 0.0762 
        H444  8 0.0918 0.1144 0.2635 0.1164 0.2099 0.2040 
        H454  8 0.1041 0.0834 0.1410 0.0965 0.1396 0.4354 
        H475  8 0.1174 0.0942 0.1129 0.0775 0.0787 0.5192 
        H491  8 0.1457 0.1538 0.1800 0.0826 0.1121 0.3258 
        H492  8 0.2673 0.1206 0.1244 0.1093 0.1644 0.2140 
        H493  8 0.1713 0.2230 0.1332 0.1936 0.1735 0.1055 
        H494  8 0.0956 0.1326 0.1228 0.2024 0.2600 0.1866 
        H495  8 0.2132 0.1741 0.0927 0.0883 0.0821 0.3495 
        H662  8 0.3000 0.2094 0.1160 0.1555 0.1272 0.0919 
        H663  8 0.1148 0.1402 0.1592 0.1966 0.1748 0.2144 
        H695  8 0.1794 0.1402 0.1603 0.1905 0.1499 0.1797 
       H7367  8 0.1349 0.1278 0.1043 0.1906 0.3832 0.0592 
       H7368  8 0.1087 0.2316 0.1835 0.2372 0.1451 0.0939 
       H7369  8 0.0949 0.1229 0.3222 0.1396 0.1222 0.1982 
       H7370  8 0.2292 0.1285 0.0820 0.2192 0.2940 0.0471 
       H7371  8 0.1500 0.1326 0.2098 0.1803 0.2111 0.1162 
     H169705 10 0.1357 0.1329 0.0880 0.2274 0.3551 0.0609 
     H171942 10 0.0571 0.1563 0.0889 0.1535 0.4520 0.0921 
     H171943 10 0.2394 0.2193 0.1754 0.1242 0.1536 0.0881 
     H171944 10 0.2839 0.1298 0.2323 0.1729 0.1087 0.0724 
     H171946 10 0.3238 0.1895 0.0938 0.1821 0.1034 0.1074 
     H171947 10 0.1246 0.1698 0.1011 0.1192 0.3478 0.1375 
     H229641 10 0.1360 0.1615 0.1139 0.1820 0.1751 0.2314 
      H30001 10 0.1612 0.1405 0.2144 0.1922 0.1409 0.1509 
      H30002 10 0.2730 0.1249 0.1818 0.0976 0.2106 0.1122 
      H30005 10 0.0989 0.1352 0.1407 0.3798 0.1772 0.0682 
      H30006 10 0.0850 0.1210 0.0606 0.1501 0.4866 0.0966 
      H30007 10 0.2451 0.3031 0.1069 0.0938 0.1702 0.0809 
        H451 10 0.0658 0.1296 0.2244 0.1364 0.3162 0.1277 
        H452 10 0.0682 0.1217 0.0837 0.4513 0.1471 0.1280 
        H453 10 0.2158 0.1805 0.0993 0.1034 0.1148 0.2861 
        H473 10 0.1546 0.1816 0.1531 0.0896 0.1101 0.3109 
        H474 10 0.2539 0.1444 0.0737 0.1028 0.1234 0.3018 
        H486 10 0.0765 0.1159 0.1302 0.1595 0.1594 0.3585 
        H487 10 0.1889 0.1504 0.0740 0.2095 0.1662 0.2110 
        H488 10 0.0909 0.1006 0.2712 0.1342 0.1792 0.2240 
        H489 10 0.2882 0.1310 0.0774 0.1699 0.1445 0.1891 
        H550 10 0.4112 0.1929 0.1083 0.0972 0.1400 0.0504 
        H551 10 0.1119 0.1156 0.1195 0.2156 0.2961 0.1413 
        H553 10 0.1491 0.1384 0.0868 0.2614 0.1839 0.1804 
        H554 10 0.1058 0.1795 0.2586 0.1110 0.2210 0.1241 
        H556 10 0.2799 0.1682 0.1138 0.1336 0.1942 0.1103 
        H580 10 0.1454 0.1856 0.1429 0.2654 0.1836 0.0770 
        H591 10 0.1379 0.0897 0.0832 0.0853 0.0905 0.5134 
        H592 10 0.2210 0.1313 0.1168 0.2745 0.1359 0.1204 
        H593 10 0.1500 0.2129 0.2151 0.1168 0.1531 0.1520 
        H594 10 0.1511 0.2769 0.1314 0.1840 0.1960 0.0607 
        H627 10 0.2371 0.2065 0.0915 0.1126 0.1854 0.1668 
        H628 10 0.0864 0.1815 0.3266 0.2009 0.1277 0.0769 
        H629 10 0.1356 0.2555 0.0699 0.2730 0.1228 0.1433 
        H630 10 0.2009 0.1488 0.0947 0.2909 0.1939 0.0709 
        H638 10 0.1562 0.1632 0.0902 0.3496 0.1606 0.0802 
        H639 10 0.0964 0.1693 0.0830 0.1918 0.1283 0.3313 
        H640 10 0.1164 0.1772 0.1501 0.1963 0.2912 0.0688 
        H704 10 0.1317 0.3185 0.1227 0.1332 0.2066 0.0873 
        H705 10 0.1392 0.1289 0.0922 0.2291 0.3476 0.0630 
        H706 10 0.1430 0.1159 0.1951 0.1519 0.1635 0.2306 
        H708 10 0.4367 0.1094 0.0992 0.1357 0.0734 0.1455 
       H7351 10 0.2080 0.2206 0.1563 0.1294 0.1976 0.0882 
       H7352 10 0.1550 0.2026 0.1321 0.2732 0.1192 0.1179 
       H7353 10 0.0919 0.4071 0.0900 0.1158 0.1838 0.1114 
       H7354 10 0.1876 0.1633 0.2556 0.0786 0.1017 0.2132 
       H7365 10 0.1585 0.1214 0.1639 0.2583 0.0919 0.2060 
       H7383 10 0.2036 0.1398 0.2549 0.1317 0.1080 0.1620 
       H7384 10 0.2017 0.1797 0.1429 0.1291 0.2006 0.1459 
       H7385 10 0.1690 0.1352 0.1724 0.1615 0.1499 0.2121 
       H7386 10 0.1021 0.1525 0.2418 0.1734 0.2218 0.1085 
       H7387 10 0.3021 0.1670 0.2038 0.1338 0.1266 0.0668 
       H7388 10 0.0726 0.1122 0.1313 0.4395 0.1298 0.1147 
        H906 10 0.0989 0.1831 0.1346 0.0695 0.1133 0.4007 
        H907 10 0.2031 0.2109 0.1112 0.1799 0.2096 0.0852 
        H908 10 0.1085 0.1290 0.2469 0.1914 0.1905 0.1337 
        H909 10 0.1264 0.1266 0.3816 0.0698 0.1006 0.1949 
       H9552 10 0.1811 0.2043 0.1556 0.1860 0.1660 0.1071 
       H9553 10 0.1421 0.1320 0.1026 0.2856 0.1915 0.1462 
       H9555 10 0.1774 0.1490 0.2152 0.1956 0.1830 0.0799 
       H9575 10 0.3467 0.1492 0.1448 0.1508 0.0693 0.1392 
       H9703 10 0.1810 0.1236 0.1467 0.1369 0.1340 0.2777 
       H9707 10 0.1271 0.1170 0.1177 0.1520 0.1543 0.3319 
       HSAA4 10 0.1656 0.1592 0.1356 0.2810 0.1813 0.0773 
        H001 11 0.1335 0.1800 0.2468 0.2070 0.0929 0.1398 
        H004 11 0.2554 0.1884 0.1518 0.1148 0.1552 0.1344 
        H005 11 0.1043 0.1105 0.1695 0.0971 0.0807 0.4379 
        H006 11 0.2223 0.1577 0.2584 0.1177 0.1325 0.1113 
        H007 11 0.1065 0.0933 0.1846 0.0757 0.1145 0.4254 
        H031 11 0.2007 0.0979 0.1419 0.1967 0.0906 0.2722 
        H074 11 0.1671 0.1605 0.0845 0.2618 0.1423 0.1839 
        H075 11 0.2334 0.0995 0.2257 0.0971 0.0799 0.2644 
        H080 11 0.1052 0.1310 0.1216 0.2856 0.1346 0.2220 
        H086 11 0.1308 0.1457 0.0991 0.2185 0.2846 0.1213 
        H092 11 0.1760 0.1454 0.1586 0.1468 0.1758 0.1975 
        H093 11 0.1144 0.2527 0.2040 0.1091 0.2131 0.1068 
        H094 11 0.2676 0.1659 0.1215 0.2556 0.1247 0.0647 
        H095 11 0.1771 0.1617 0.1906 0.1523 0.1326 0.1857 
        H096 11 0.1118 0.1236 0.3071 0.1224 0.0984 0.2368 
        H099 11 0.1895 0.1659 0.1492 0.1849 0.1412 0.1693 
        H100 11 0.1345 0.1809 0.1708 0.1224 0.3270 0.0644 
        H127 11 0.1205 0.1383 0.1272 0.2877 0.1592 0.1671 
        H136 11 0.3125 0.1202 0.0767 0.1049 0.0953 0.2903 
        H153 11 0.1414 0.1928 0.1575 0.1322 0.1950 0.1811 
        H154 11 0.1890 0.1324 0.1163 0.3269 0.0854 0.1500 
        H155 11 0.0787 0.1110 0.3363 0.1893 0.2154 0.0694 
        H156 11 0.1020 0.1574 0.2792 0.1383 0.2645 0.0587 
        H161 11 0.1397 0.1999 0.1583 0.0892 0.2292 0.1837 
        H162 11 0.1021 0.1512 0.1480 0.3083 0.2222 0.0682 
        H167 11 0.2097 0.1819 0.2803 0.1035 0.1382 0.0864 
        H168 11 0.1192 0.1802 0.2125 0.1952 0.1788 0.1141 
     H169586 11 0.3826 0.2366 0.0742 0.0717 0.0722 0.1627 
     H169738 11 0.0907 0.1310 0.2445 0.1783 0.2220 0.1335 
     H169741 11 0.5271 0.0950 0.0949 0.0908 0.0945 0.0977 
     H171801 11 0.1019 0.2804 0.1125 0.1229 0.2783 0.1040 
     H171810 11 0.3102 0.1435 0.1048 0.0967 0.1080 0.2368 
     H171811 11 0.4078 0.1624 0.1012 0.1238 0.0786 0.1261 
     H171812 11 0.2386 0.1457 0.2292 0.1190 0.1433 0.1240 
     H171820 11 0.2378 0.1466 0.1412 0.1473 0.0991 0.2281 
     H171821 11 0.1303 0.1749 0.2053 0.2514 0.1434 0.0946 
     H171822 11 0.1570 0.1670 0.1395 0.2615 0.1908 0.0842 
     H171823 11 0.1194 0.1963 0.0700 0.0745 0.0929 0.4469 
     H171866 11 0.0817 0.2109 0.1577 0.1633 0.2021 0.1843 
     H171867 11 0.1032 0.1161 0.2623 0.1638 0.2491 0.1055 
     H171967 11 0.1547 0.1073 0.1934 0.1548 0.0994 0.2905 
     H171969 11 0.2058 0.1746 0.1703 0.1012 0.1672 0.1808 
        H172 11 0.2290 0.1428 0.2019 0.1646 0.1669 0.0948 
        H173 11 0.1515 0.1090 0.2142 0.2145 0.2232 0.0876 
        H174 11 0.1205 0.2305 0.0893 0.3647 0.1461 0.0488 
        H196 11 0.0766 0.1029 0.0914 0.5211 0.1456 0.0625 
        H197 11 0.1536 0.1684 0.2011 0.2030 0.1983 0.0755 
        H346 11 0.1658 0.1141 0.2850 0.0833 0.1170 0.2349 
        H355 11 0.1366 0.1725 0.1829 0.1261 0.1662 0.2158 
        H356 11 0.1630 0.1475 0.1341 0.1415 0.2247 0.1892 
        H357 11 0.1770 0.1442 0.1150 0.1729 0.1529 0.2380 
        H358 11 0.2236 0.1010 0.3699 0.1142 0.0954 0.0959 
        H359 11 0.2659 0.1692 0.1538 0.1736 0.1345 0.1030 
        H360 11 0.2185 0.1150 0.1848 0.1217 0.2713 0.0887 
        H361 11 0.1186 0.1192 0.2249 0.1238 0.2622 0.1513 
        H362 11 0.1077 0.1668 0.1907 0.2348 0.2346 0.0655 
        H363 11 0.2881 0.1135 0.2242 0.1007 0.0852 0.1882 
        H364 11 0.3679 0.1698 0.1946 0.0838 0.0915 0.0923 
        H365 11 0.2004 0.1807 0.1330 0.1324 0.2003 0.1533 
        H366 11 0.0986 0.1592 0.2236 0.2721 0.1411 0.1054 
        H367 11 0.0825 0.1007 0.0927 0.3758 0.1066 0.2417 
        H368 11 0.3476 0.2291 0.1130 0.1201 0.1288 0.0614 
        H369 11 0.1270 0.1005 0.2228 0.2017 0.0929 0.2551 
        H370 11 0.1651 0.1876 0.2356 0.1382 0.1982 0.0753 
        H371 11 0.1335 0.1394 0.0820 0.2549 0.2630 0.1272 
        H372 11 0.1716 0.1513 0.2523 0.2281 0.1079 0.0887 
        H373 11 0.1636 0.1747 0.1985 0.1724 0.1752 0.1156 
        H374 11 0.2140 0.1530 0.1804 0.1011 0.1552 0.1963 
        H375 11 0.1194 0.1216 0.3174 0.1485 0.1290 0.1641 
        H376 11 0.1491 0.2458 0.1583 0.1649 0.1942 0.0877 
        H377 11 0.2376 0.1263 0.1513 0.0964 0.2044 0.1839 
        H378 11 0.2083 0.2123 0.1220 0.2100 0.1331 0.1143 
        H379 11 0.1869 0.1810 0.1835 0.1637 0.1546 0.1303 
        H380 11 0.1078 0.1308 0.3873 0.1392 0.1335 0.1013 
        H381 11 0.3025 0.1699 0.0806 0.1128 0.0818 0.2524 
        H382 11 0.0800 0.2145 0.2362 0.1942 0.2202 0.0549 
        H383 11 0.1736 0.2844 0.1768 0.1301 0.1640 0.0710 
        H384 11 0.5413 0.0995 0.0897 0.0854 0.0856 0.0985 
        H385 11 0.2921 0.1436 0.0972 0.1680 0.1480 0.1512 
        H386 11 0.1064 0.0860 0.4960 0.1535 0.0849 0.0733 
        H387 11 0.1735 0.3745 0.1274 0.0994 0.0862 0.1391 
        H388 11 0.1451 0.1893 0.1977 0.1687 0.2225 0.0766 
        H389 11 0.1117 0.1094 0.3150 0.1131 0.1235 0.2274 
        H390 11 0.1353 0.1494 0.2886 0.1835 0.1686 0.0746 
        H391 11 0.2181 0.2144 0.1097 0.2923 0.1110 0.0544 
        H392 11 0.1808 0.1036 0.3530 0.0752 0.0669 0.2205 
        H393 11 0.1006 0.1965 0.1162 0.1252 0.3417 0.1198 
        H394 11 0.1132 0.2815 0.1123 0.1574 0.1949 0.1406 
        H395 11 0.1882 0.1359 0.1733 0.2022 0.0984 0.2020 
        H408 11 0.1191 0.1107 0.4273 0.0941 0.0974 0.1514 
        H412 11 0.1901 0.1621 0.0703 0.3365 0.1001 0.1409 
        H417 11 0.4315 0.1204 0.1248 0.1107 0.1076 0.1050 
        H418 11 0.1325 0.1856 0.0833 0.3424 0.1413 0.1148 
        H429 11 0.1577 0.1373 0.4058 0.0937 0.0879 0.1177 
        H430 11 0.0971 0.1297 0.1509 0.1814 0.3313 0.1097 
        H439 11 0.2535 0.1354 0.1548 0.1549 0.1975 0.1039 
        H440 11 0.2058 0.1469 0.1780 0.0958 0.0885 0.2849 
        H441 11 0.0765 0.1018 0.1613 0.4454 0.1520 0.0629 
        H442 11 0.1277 0.1735 0.2605 0.2142 0.1167 0.1074 
        H446 11 0.1764 0.2458 0.1659 0.1389 0.1689 0.1041 
        H447 11 0.1434 0.1194 0.4395 0.1452 0.0894 0.0631 
        H448 11 0.0742 0.1233 0.1763 0.2787 0.2092 0.1382 
        H534 11 0.2518 0.1857 0.0958 0.1459 0.0863 0.2345 
        H537 11 0.1001 0.1966 0.1523 0.2250 0.1054 0.2206 
        H568 11 0.1599 0.1072 0.0623 0.1127 0.1047 0.4532 
        H569 11 0.0648 0.0979 0.0749 0.1707 0.5317 0.0599 
        H586 11 0.3891 0.2279 0.0724 0.0740 0.0794 0.1572 
        H587 11 0.2911 0.1101 0.1413 0.1151 0.0976 0.2447 
        H588 11 0.1738 0.4019 0.0974 0.0987 0.1457 0.0826 
        H589 11 0.2531 0.1132 0.1533 0.0858 0.0693 0.3253 
        H590 11 0.0855 0.1155 0.1380 0.0854 0.0812 0.4945 
        H601 11 0.0952 0.1589 0.1192 0.1210 0.3878 0.1180 
        H602 11 0.1223 0.1229 0.1351 0.3254 0.1217 0.1726 
        H603 11 0.0892 0.1029 0.4617 0.1351 0.1184 0.0928 
        H610 11 0.1539 0.1696 0.1089 0.1698 0.2414 0.1565 
        H611 11 0.3248 0.1253 0.0964 0.1479 0.1349 0.1708 
        H649 11 0.1556 0.1698 0.1579 0.1490 0.2038 0.1640 
        H650 11 0.2409 0.1807 0.1089 0.1481 0.2339 0.0875 
        H651 11 0.1216 0.1086 0.2773 0.1522 0.1931 0.1471 
        H652 11 0.1769 0.2670 0.1353 0.1414 0.1468 0.1326 
       H7364 11 0.1748 0.1680 0.1849 0.1594 0.2000 0.1129 
       H7366 11 0.1259 0.1416 0.2171 0.1304 0.2085 0.1765 
       H7378 11 0.0612 0.3013 0.0682 0.2597 0.2583 0.0512 
       H7379 11 0.1537 0.1904 0.1157 0.2090 0.2117 0.1195 
        H739 11 0.2545 0.1216 0.0850 0.1548 0.1627 0.2213 
        H740 11 0.1200 0.2131 0.1286 0.1675 0.2692 0.1015 
        H741 11 0.5255 0.0939 0.0968 0.0937 0.0913 0.0988 
        H926 11 0.0964 0.2006 0.0997 0.1709 0.3040 0.1284 
        H927 11 0.1995 0.1372 0.1928 0.2222 0.1908 0.0575 
        H928 11 0.2488 0.1701 0.1085 0.1822 0.1973 0.0931 
       H9560 11 0.3077 0.2051 0.1175 0.1609 0.1336 0.0751 
