        H008  2 0.4775 0.2891 0.2334 
        H021  2 0.3104 0.3141 0.3755 
        H023  2 0.3435 0.2787 0.3778 
        H024  2 0.3386 0.4258 0.2356 
        H025  2 0.3060 0.3341 0.3600 
        H026  2 0.2638 0.4485 0.2878 
        H027  2 0.3862 0.3216 0.2922 
        H028  2 0.3475 0.3711 0.2814 
        H029  2 0.3008 0.3812 0.3179 
        H030  2 0.3306 0.4124 0.2570 
        H038  2 0.2924 0.3430 0.3646 
        H039  2 0.2263 0.2702 0.5034 
        H040  2 0.3014 0.3505 0.3481 
        H041  2 0.4542 0.2679 0.2779 
        H042  2 0.3650 0.3066 0.3284 
        H043  2 0.2552 0.3405 0.4043 
        H044  2 0.3282 0.3878 0.2840 
        H047  2 0.2490 0.3627 0.3882 
        H050  2 0.2859 0.4169 0.2972 
        H058  2 0.2954 0.3439 0.3607 
        H062  2 0.3085 0.3166 0.3749 
        H063  2 0.3369 0.2728 0.3903 
        H065  2 0.3373 0.3644 0.2983 
        H066  2 0.2383 0.4020 0.3597 
        H067  2 0.4089 0.3109 0.2803 
        H068  2 0.2738 0.2981 0.4281 
        H069  2 0.2707 0.3886 0.3406 
        H071  2 0.3349 0.2788 0.3864 
        H072  2 0.3249 0.2645 0.4106 
        H073  2 0.4030 0.3487 0.2484 
        H081  2 0.4923 0.2412 0.2665 
        H082  2 0.3848 0.3784 0.2368 
        H083  2 0.3768 0.3664 0.2568 
        H084  2 0.2900 0.3381 0.3718 
        H085  2 0.4442 0.2749 0.2809 
        H087  2 0.4621 0.2529 0.2850 
        H088  2 0.3557 0.2585 0.3858 
        H089  2 0.4010 0.3204 0.2787 
        H090  2 0.3590 0.3909 0.2501 
        H091  2 0.4059 0.3435 0.2506 
        H098  2 0.4192 0.3311 0.2497 
      H10001  2 0.2522 0.2769 0.4709 
      H10002  2 0.3790 0.2707 0.3503 
        H101  2 0.2748 0.4027 0.3225 
        H108  2 0.4294 0.2817 0.2889 
        H109  2 0.2637 0.3486 0.3877 
        H110  2 0.5240 0.2571 0.2189 
        H116  2 0.3282 0.3785 0.2933 
        H117  2 0.4091 0.2992 0.2918 
        H118  2 0.3640 0.4067 0.2294 
        H119  2 0.3674 0.2837 0.3489 
        H120  2 0.3566 0.2407 0.4027 
        H121  2 0.3814 0.3618 0.2568 
        H125  2 0.2585 0.2469 0.4946 
        H126  2 0.3689 0.3658 0.2653 
        H128  2 0.3097 0.4945 0.1959 
        H129  2 0.3703 0.3969 0.2329 
        H130  2 0.2401 0.3476 0.4123 
        H133  2 0.2671 0.3061 0.4269 
        H134  2 0.2586 0.4803 0.2612 
        H135  2 0.3943 0.2855 0.3202 
        H137  2 0.3530 0.3615 0.2854 
        H138  2 0.2779 0.4011 0.3210 
        H140  2 0.3232 0.3435 0.3333 
        H146  2 0.3106 0.4002 0.2892 
        H147  2 0.4764 0.2713 0.2523 
        H148  2 0.3752 0.2924 0.3325 
     H166022  2 0.4154 0.3160 0.2686 
     H167359  2 0.2988 0.3529 0.3483 
     H167397  2 0.4054 0.3879 0.2066 
     H167428  2 0.3860 0.3840 0.2300 
     H167496  2 0.3801 0.2512 0.3687 
     H167513  2 0.3333 0.3536 0.3131 
     H167545  2 0.2984 0.4063 0.2953 
     H167547  2 0.2703 0.4714 0.2584 
     H169621  2 0.3549 0.3665 0.2786 
     H169622  2 0.3629 0.3494 0.2877 
     H169750  2 0.3087 0.3487 0.3426 
     H171806  2 0.2826 0.3641 0.3533 
     H171808  2 0.2772 0.3698 0.3530 
     H171809  2 0.3791 0.2821 0.3388 
     H171813  2 0.2925 0.3838 0.3237 
     H171815  2 0.2491 0.3272 0.4237 
     H171824  2 0.3194 0.2528 0.4278 
     H171825  2 0.3628 0.3348 0.3024 
     H171826  2 0.3016 0.3115 0.3869 
     H171827  2 0.3486 0.3157 0.3357 
     H171828  2 0.3304 0.2371 0.4325 
     H171829  2 0.2961 0.3731 0.3308 
     H171830  2 0.3983 0.2876 0.3141 
     H171831  2 0.3274 0.4134 0.2592 
     H171832  2 0.3353 0.3468 0.3179 
     H171863  2 0.2851 0.4570 0.2580 
     H171864  2 0.3846 0.3054 0.3100 
     H171865  2 0.2819 0.3133 0.4049 
     H171879  2 0.2897 0.3934 0.3169 
     H171880  2 0.3378 0.3563 0.3059 
     H171881  2 0.3873 0.3379 0.2748 
     H171882  2 0.3360 0.2839 0.3801 
     H171929  2 0.4104 0.3046 0.2850 
     H171930  2 0.2921 0.4232 0.2847 
     H171933  2 0.3568 0.3422 0.3011 
     H171934  2 0.3594 0.3129 0.3277 
     H171937  2 0.3128 0.4112 0.2760 
     H171962  2 0.3716 0.3324 0.2960 
        H190  2 0.4240 0.3413 0.2347 
        H191  2 0.3489 0.3446 0.3065 
        H396  2 0.4065 0.3134 0.2801 
        H397  2 0.3760 0.3322 0.2918 
        H398  2 0.2826 0.3533 0.3641 
        H400  2 0.3261 0.3311 0.3429 
        H401  2 0.3444 0.4319 0.2237 
        H402  2 0.4230 0.3268 0.2502 
        H427  2 0.4024 0.2902 0.3074 
        H428  2 0.3894 0.3774 0.2332 
        H497  2 0.3125 0.3482 0.3393 
        H512  2 0.3581 0.3328 0.3091 
        H513  2 0.3305 0.3553 0.3142 
        H514  2 0.3110 0.3640 0.3250 
        H519  2 0.3430 0.3349 0.3221 
        H532  2 0.3402 0.3432 0.3165 
        H543  2 0.4068 0.3014 0.2918 
        H544  2 0.2790 0.3948 0.3262 
        H545  2 0.2863 0.4331 0.2806 
        H546  2 0.3032 0.3636 0.3331 
        H547  2 0.2694 0.4706 0.2600 
        H548  2 0.3846 0.3096 0.3058 
        H549  2 0.2853 0.4421 0.2726 
        H620  2 0.3462 0.2537 0.4002 
        H623  2 0.3930 0.3677 0.2393 
        H624  2 0.2013 0.3726 0.4261 
        H625  2 0.4095 0.3045 0.2860 
        H626  2 0.3000 0.3317 0.3683 
        H654  2 0.2388 0.2849 0.4763 
        H655  2 0.2710 0.2887 0.4403 
        H656  2 0.3843 0.2783 0.3374 
        H666  2 0.2387 0.3147 0.4465 
        H667  2 0.4014 0.3133 0.2853 
        H677  2 0.3200 0.3454 0.3346 
        H693  2 0.4146 0.2409 0.3445 
        H694  2 0.3531 0.3964 0.2506 
        H701  2 0.3529 0.3457 0.3014 
        H702  2 0.3592 0.2781 0.3627 
        H731  2 0.3669 0.2812 0.3519 
       H7359  2 0.3065 0.3449 0.3486 
       H7389  2 0.2999 0.3841 0.3160 
       H7390  2 0.2150 0.2940 0.4911 
       H7391  2 0.4757 0.2578 0.2665 
       H7392  2 0.2808 0.3725 0.3467 
       H7393  2 0.2940 0.3259 0.3801 
       H7398  2 0.4485 0.2697 0.2818 
       H7399  2 0.3867 0.3590 0.2543 
       H7400  2 0.2617 0.2852 0.4531 
        H745  2 0.3065 0.4162 0.2774 
        H746  2 0.3808 0.3589 0.2602 
        H747  2 0.3009 0.3197 0.3794 
        H748  2 0.3077 0.3164 0.3760 
       H7484  2 0.3349 0.3186 0.3465 
       H7485  2 0.3461 0.3843 0.2696 
        H749  2 0.3195 0.3841 0.2964 
        H930  2 0.3028 0.4085 0.2887 
        H931  2 0.4000 0.3051 0.2950 
        H932  2 0.2800 0.3291 0.3909 
        H002  4 0.2895 0.3136 0.3969 
        H003  4 0.4460 0.3137 0.2403 
        H009  4 0.2951 0.4247 0.2802 
        H010  4 0.3121 0.3438 0.3440 
        H011  4 0.3888 0.2573 0.3538 
        H012  4 0.4366 0.2877 0.2757 
        H013  4 0.4379 0.2516 0.3105 
        H014  4 0.3409 0.3260 0.3331 
        H045  4 0.4387 0.2734 0.2878 
        H046  4 0.3928 0.3544 0.2528 
        H051  4 0.4522 0.2515 0.2963 
        H052  4 0.2732 0.4040 0.3228 
        H053  4 0.2923 0.3081 0.3997 
        H056  4 0.2988 0.3486 0.3526 
        H076  4 0.3399 0.3852 0.2750 
        H151  4 0.2237 0.2871 0.4893 
        H152  4 0.2412 0.3469 0.4119 
     H171803  4 0.3072 0.3083 0.3845 
     H171804  4 0.3650 0.2772 0.3578 
     H171833  4 0.3114 0.4209 0.2678 
     H171855  4 0.2334 0.3325 0.4341 
     H171856  4 0.2719 0.3686 0.3595 
     H171857  4 0.2854 0.3374 0.3772 
     H171858  4 0.2611 0.3669 0.3720 
     H171859  4 0.3485 0.3440 0.3075 
     H171961  4 0.3449 0.3003 0.3548 
        H198  4 0.3698 0.3534 0.2768 
      H20001  4 0.2749 0.4315 0.2936 
        H403  4 0.2976 0.3776 0.3248 
        H404  4 0.4039 0.3229 0.2732 
        H405  4 0.3960 0.3339 0.2701 
        H406  4 0.2385 0.4604 0.3010 
        H407  4 0.2741 0.3327 0.3933 
        H410  4 0.3272 0.3969 0.2759 
        H411  4 0.2839 0.4079 0.3083 
        H468  4 0.2725 0.3868 0.3407 
        H476  4 0.2772 0.3212 0.4015 
        H477  4 0.2182 0.4321 0.3497 
        H478  4 0.4252 0.3265 0.2484 
        H479  4 0.3961 0.3092 0.2946 
        H480  4 0.3044 0.3924 0.3032 
        H498  4 0.3950 0.3085 0.2965 
        H499  4 0.3161 0.3406 0.3433 
        H500  4 0.3332 0.2703 0.3965 
        H515  4 0.2843 0.3186 0.3971 
        H516  4 0.2942 0.3818 0.3240 
        H517  4 0.3471 0.3526 0.3003 
        H518  4 0.2631 0.3754 0.3615 
        H520  4 0.3011 0.3329 0.3660 
        H521  4 0.4078 0.3063 0.2859 
        H522  4 0.3176 0.3277 0.3547 
        H523  4 0.3094 0.3159 0.3747 
        H536  4 0.4114 0.3096 0.2790 
        H645  4 0.4197 0.2725 0.3077 
        H646  4 0.2757 0.4363 0.2880 
        H647  4 0.2604 0.3819 0.3577 
        H657  4 0.3688 0.3775 0.2537 
        H658  4 0.2785 0.3102 0.4113 
        H659  4 0.2535 0.2677 0.4788 
        H660  4 0.3516 0.3065 0.3419 
        H661  4 0.2503 0.3504 0.3992 
        H668  4 0.3850 0.3258 0.2893 
        H669  4 0.3735 0.2980 0.3284 
        H670  4 0.3842 0.2649 0.3509 
        H678  4 0.2820 0.3456 0.3725 
        H679  4 0.3562 0.3599 0.2839 
        H680  4 0.2960 0.3729 0.3312 
        H681  4 0.3935 0.2914 0.3150 
        H682  4 0.4205 0.2755 0.3040 
        H683  4 0.2944 0.3839 0.3217 
        H718  4 0.3258 0.3121 0.3620 
        H719  4 0.4505 0.2630 0.2865 
        H720  4 0.3368 0.3874 0.2758 
        H721  4 0.2864 0.3893 0.3242 
        H722  4 0.2733 0.3738 0.3529 
        H723  4 0.3684 0.2693 0.3623 
        H724  4 0.2411 0.2832 0.4757 
        H725  4 0.3187 0.2918 0.3895 
        H726  4 0.2740 0.2915 0.4344 
        H727  4 0.3284 0.2745 0.3971 
        H910  4 0.3649 0.2738 0.3613 
        H911  4 0.3572 0.3706 0.2722 
        H912  4 0.2899 0.3361 0.3740 
        H913  4 0.2723 0.3142 0.4135 
        H914  4 0.3067 0.2594 0.4339 
        H915  4 0.2910 0.3120 0.3970 
        H916  4 0.2596 0.3738 0.3666 
       H9572  4 0.3701 0.3480 0.2818 
        H015  5 0.3655 0.3673 0.2672 
        H016  5 0.3141 0.4039 0.2820 
        H017  5 0.2450 0.3847 0.3703 
        H019  5 0.3640 0.3590 0.2770 
        H020  5 0.3137 0.3388 0.3475 
        H032  5 0.3018 0.3612 0.3370 
        H033  5 0.4390 0.2846 0.2763 
        H034  5 0.3318 0.2707 0.3975 
        H035  5 0.2923 0.3557 0.3519 
        H036  5 0.3783 0.3444 0.2773 
        H037  5 0.2884 0.2831 0.4285 
        H048  5 0.3621 0.2792 0.3587 
        H049  5 0.3366 0.3629 0.3005 
        H054  5 0.3453 0.3098 0.3450 
        H055  5 0.3026 0.3251 0.3723 
        H057  5 0.2914 0.3650 0.3436 
        H060  5 0.2646 0.3422 0.3933 
        H061  5 0.3256 0.3508 0.3236 
        H064  5 0.3600 0.3319 0.3081 
        H070  5 0.3575 0.2688 0.3737 
        H077  5 0.2953 0.2983 0.4064 
        H078  5 0.2385 0.3480 0.4135 
        H079  5 0.4082 0.3338 0.2580 
        H097  5 0.2473 0.3999 0.3528 
        H107  5 0.3564 0.2406 0.4031 
        H122  5 0.2615 0.3921 0.3464 
        H123  5 0.3196 0.3711 0.3093 
        H124  5 0.3226 0.3560 0.3215 
        H131  5 0.3519 0.3611 0.2870 
        H132  5 0.3366 0.3161 0.3473 
        H141  5 0.2956 0.3378 0.3666 
        H142  5 0.3996 0.3292 0.2712 
        H157  5 0.3378 0.2798 0.3824 
        H158  5 0.2644 0.4357 0.2999 
        H159  5 0.3932 0.3694 0.2374 
        H160  5 0.3254 0.3711 0.3035 
        H163  5 0.3419 0.3401 0.3180 
        H164  5 0.4347 0.3038 0.2616 
        H165  5 0.3985 0.3631 0.2383 
        H166  5 0.3734 0.3520 0.2746 
        H169  5 0.3689 0.3166 0.3145 
     H169613  5 0.3208 0.3312 0.3480 
     H169653  5 0.4131 0.3087 0.2782 
     H169728  5 0.3380 0.3496 0.3124 
     H169742  5 0.3749 0.2922 0.3330 
        H170  5 0.2578 0.4328 0.3093 
        H171  5 0.3262 0.3702 0.3036 
     H171851  5 0.2790 0.3677 0.3532 
     H171852  5 0.2677 0.3305 0.4018 
     H171853  5 0.3831 0.2920 0.3249 
     H171854  5 0.3012 0.3604 0.3384 
     H171938  5 0.4405 0.2596 0.2999 
     H171939  5 0.3170 0.4026 0.2804 
     H171941  5 0.3288 0.2592 0.4120 
     H171965  5 0.3651 0.3427 0.2922 
     H171970  5 0.3133 0.2712 0.4154 
     H171973  5 0.3790 0.3026 0.3184 
     H171974  5 0.3310 0.2880 0.3810 
     H171975  5 0.4088 0.2904 0.3008 
     H171976  5 0.2338 0.4334 0.3328 
        H175  5 0.3266 0.2906 0.3828 
        H178  5 0.3759 0.3038 0.3203 
        H189  5 0.3647 0.3931 0.2421 
        H399  5 0.2501 0.4365 0.3134 
        H416  5 0.3027 0.3139 0.3834 
        H438  5 0.4187 0.2652 0.3161 
        H450  5 0.2726 0.3006 0.4268 
        H455  5 0.3994 0.2517 0.3489 
        H456  5 0.3738 0.2907 0.3355 
        H457  5 0.2802 0.3290 0.3908 
        H458  5 0.3333 0.2887 0.3780 
        H459  5 0.3814 0.3356 0.2830 
        H460  5 0.3458 0.3339 0.3203 
        H461  5 0.2533 0.3994 0.3472 
        H462  5 0.3733 0.3302 0.2964 
        H469  5 0.3820 0.3398 0.2782 
        H470  5 0.3566 0.3115 0.3319 
        H471  5 0.2752 0.4364 0.2883 
        H481  5 0.2460 0.2832 0.4707 
        H482  5 0.2981 0.3242 0.3778 
        H501  5 0.3583 0.2710 0.3707 
        H502  5 0.3760 0.3631 0.2609 
        H503  5 0.3559 0.3849 0.2592 
        H509  5 0.3594 0.2907 0.3500 
        H510  5 0.4082 0.3122 0.2796 
        H511  5 0.3249 0.3715 0.3036 
        H530  5 0.3647 0.2835 0.3519 
        H531  5 0.2210 0.3596 0.4195 
        H564  5 0.3155 0.3383 0.3462 
        H565  5 0.2554 0.2958 0.4488 
        H567  5 0.3156 0.4104 0.2740 
     H568???  5 0.2766 0.4347 0.2887 
        H608  5 0.2775 0.2919 0.4306 
        H609  5 0.4300 0.2878 0.2822 
        H612  5 0.3386 0.2583 0.4032 
        H614  5 0.2268 0.2988 0.4744 
        H615  5 0.2565 0.3129 0.4306 
        H616  5 0.3051 0.2413 0.4536 
        H617  5 0.4197 0.3218 0.2585 
        H618  5 0.3235 0.2916 0.3849 
        H619  5 0.4426 0.3050 0.2523 
        H635  5 0.3703 0.3199 0.3097 
        H636  5 0.4621 0.2789 0.2591 
        H637  5 0.3477 0.3161 0.3362 
        H644  5 0.3377 0.4479 0.2145 
        H711  5 0.2581 0.3953 0.3466 
        H712  5 0.3889 0.2647 0.3464 
       H7360  5 0.3192 0.3711 0.3097 
       H7361  5 0.2930 0.2967 0.4104 
       H7362  5 0.3450 0.4285 0.2265 
       H7363  5 0.2486 0.3490 0.4025 
       H7394  5 0.3500 0.3407 0.3094 
       H7395  5 0.3922 0.2901 0.3177 
       H7396  5 0.3133 0.3000 0.3866 
        H742  5 0.3800 0.2854 0.3346 
        H743  5 0.3183 0.3619 0.3198 
        H744  5 0.2769 0.2853 0.4379 
        H957  5 0.2687 0.3858 0.3455 
        H958  5 0.3482 0.3475 0.3043 
        H959  5 0.3677 0.2495 0.3827 
        H960  5 0.3292 0.3342 0.3366 
        H431  8 0.2732 0.2890 0.4378 
        H432  8 0.3844 0.3882 0.2274 
        H433  8 0.4636 0.2707 0.2658 
        H434  8 0.3507 0.3472 0.3021 
        H444  8 0.4813 0.2624 0.2564 
        H454  8 0.3823 0.2509 0.3668 
        H475  8 0.2969 0.2694 0.4337 
        H491  8 0.3685 0.2983 0.3332 
        H492  8 0.3276 0.2800 0.3925 
        H493  8 0.3154 0.3570 0.3277 
        H494  8 0.3546 0.3047 0.3407 
        H495  8 0.2214 0.3633 0.4152 
        H662  8 0.2882 0.3852 0.3266 
        H663  8 0.3563 0.3161 0.3277 
        H695  8 0.3377 0.3086 0.3537 
       H7367  8 0.3556 0.3647 0.2796 
       H7368  8 0.3570 0.3501 0.2929 
       H7369  8 0.4217 0.2938 0.2845 
       H7370  8 0.2896 0.3927 0.3177 
       H7371  8 0.4124 0.2935 0.2942 
     H169705 10 0.3173 0.3696 0.3131 
     H171942 10 0.4241 0.3686 0.2072 
     H171943 10 0.2629 0.3871 0.3500 
     H171944 10 0.3204 0.3110 0.3687 
     H171946 10 0.2208 0.3573 0.4219 
     H171947 10 0.3367 0.3533 0.3100 
     H229641 10 0.3503 0.3234 0.3264 
      H30001 10 0.3899 0.2641 0.3460 
      H30002 10 0.3420 0.3172 0.3408 
      H30005 10 0.3517 0.3432 0.3051 
      H30006 10 0.3057 0.4146 0.2797 
      H30007 10 0.2272 0.4937 0.2791 
        H451 10 0.4754 0.3048 0.2199 
        H452 10 0.2927 0.4064 0.3008 
        H453 10 0.2586 0.3017 0.4397 
        H473 10 0.3047 0.3407 0.3546 
        H474 10 0.2332 0.3192 0.4476 
        H486 10 0.4022 0.3021 0.2957 
        H487 10 0.2688 0.3350 0.3961 
        H488 10 0.4478 0.2663 0.2858 
        H489 10 0.2443 0.2903 0.4654 
        H550 10 0.2689 0.3934 0.3377 
        H551 10 0.3993 0.2883 0.3124 
        H553 10 0.2754 0.3424 0.3822 
        H554 10 0.4253 0.3257 0.2490 
        H556 10 0.2909 0.3548 0.3543 
        H580 10 0.3321 0.3422 0.3256 
        H591 10 0.2798 0.2772 0.4430 
        H592 10 0.3034 0.2940 0.4027 
        H593 10 0.3633 0.3516 0.2851 
        H594 10 0.3500 0.3952 0.2547 
        H627 10 0.3002 0.3677 0.3321 
        H628 10 0.4467 0.3260 0.2272 
        H629 10 0.2629 0.3914 0.3457 
        H630 10 0.2704 0.3747 0.3549 
        H638 10 0.3118 0.3482 0.3399 
        H639 10 0.3010 0.3385 0.3605 
        H640 10 0.3610 0.3844 0.2546 
        H704 10 0.2895 0.4180 0.2925 
        H705 10 0.3234 0.3645 0.3121 
        H706 10 0.3851 0.2602 0.3548 
        H708 10 0.2221 0.2886 0.4893 
       H7351 10 0.3305 0.3617 0.3077 
       H7352 10 0.2938 0.3356 0.3707 
       H7353 10 0.3140 0.4120 0.2740 
       H7354 10 0.3173 0.2912 0.3915 
       H7365 10 0.3115 0.2942 0.3944 
       H7383 10 0.3572 0.2761 0.3667 
       H7384 10 0.2948 0.3179 0.3873 
       H7385 10 0.3015 0.2942 0.4043 
       H7386 10 0.4307 0.3066 0.2627 
       H7387 10 0.3267 0.3158 0.3575 
       H7388 10 0.3233 0.3579 0.3188 
        H906 10 0.3603 0.3153 0.3244 
        H907 10 0.3203 0.3533 0.3264 
        H908 10 0.4123 0.2907 0.2970 
        H909 10 0.3914 0.2768 0.3318 
       H9552 10 0.3043 0.3422 0.3535 
       H9553 10 0.2967 0.3504 0.3529 
       H9555 10 0.3733 0.3274 0.2993 
       H9575 10 0.2635 0.3025 0.4339 
       H9703 10 0.2564 0.3036 0.4400 
       H9707 10 0.3457 0.3006 0.3537 
       HSAA4 10 0.3322 0.3449 0.3230 
        H001 11 0.3118 0.3053 0.3828 
        H004 11 0.3043 0.3386 0.3572 
        H005 11 0.3267 0.2541 0.4191 
        H006 11 0.3653 0.3044 0.3304 
        H007 11 0.3933 0.2496 0.3571 
        H031 11 0.2863 0.2521 0.4616 
        H074 11 0.2746 0.3124 0.4131 
        H075 11 0.3090 0.2692 0.4218 
        H080 11 0.3080 0.2725 0.4196 
        H086 11 0.3087 0.3631 0.3283 
        H092 11 0.3015 0.3086 0.3899 
        H093 11 0.3900 0.3853 0.2247 
        H094 11 0.2950 0.3355 0.3695 
        H095 11 0.2949 0.3110 0.3941 
        H096 11 0.3848 0.2742 0.3410 
        H099 11 0.3199 0.3016 0.3785 
        H100 11 0.3255 0.3818 0.2927 
        H127 11 0.3274 0.3283 0.3443 
        H136 11 0.2440 0.2874 0.4686 
        H153 11 0.3691 0.3307 0.3002 
        H154 11 0.2565 0.2992 0.4443 
        H155 11 0.4852 0.2876 0.2272 
        H156 11 0.4251 0.3366 0.2383 
        H161 11 0.3387 0.3655 0.2958 
        H162 11 0.3606 0.3857 0.2537 
        H167 11 0.3757 0.3120 0.3122 
        H168 11 0.3526 0.3136 0.3338 
     H169586 11 0.2113 0.3967 0.3920 
     H169738 11 0.4563 0.3185 0.2252 
     H169741 11 0.2483 0.2701 0.4815 
     H171801 11 0.3806 0.3640 0.2554 
     H171810 11 0.2804 0.2851 0.4345 
     H171811 11 0.2170 0.3508 0.4322 
     H171812 11 0.3568 0.2914 0.3518 
     H171820 11 0.2931 0.3132 0.3937 
     H171821 11 0.3518 0.3509 0.2973 
     H171822 11 0.3146 0.3453 0.3401 
     H171823 11 0.2934 0.3587 0.3479 
     H171866 11 0.3529 0.3832 0.2639 
     H171867 11 0.4480 0.2709 0.2811 
     H171967 11 0.3631 0.2613 0.3756 
     H171969 11 0.3560 0.3256 0.3184 
        H172 11 0.3606 0.3017 0.3377 
        H173 11 0.4330 0.2627 0.3044 
        H174 11 0.3078 0.4240 0.2682 
        H196 11 0.3299 0.3655 0.3045 
        H197 11 0.4066 0.3072 0.2862 
        H346 11 0.4046 0.2630 0.3324 
        H355 11 0.3336 0.3475 0.3190 
        H356 11 0.3346 0.3269 0.3385 
        H357 11 0.3303 0.2949 0.3748 
        H358 11 0.3583 0.2717 0.3700 
        H359 11 0.2870 0.3556 0.3573 
        H360 11 0.3588 0.2833 0.3580 
        H361 11 0.3844 0.3142 0.3015 
        H362 11 0.3924 0.3604 0.2471 
        H363 11 0.3078 0.2630 0.4292 
        H364 11 0.2844 0.3516 0.3639 
        H365 11 0.3284 0.3718 0.2998 
        H366 11 0.3800 0.3454 0.2746 
        H367 11 0.3097 0.3127 0.3775 
        H368 11 0.2767 0.3922 0.3311 
        H369 11 0.3539 0.2469 0.3992 
        H370 11 0.3624 0.3325 0.3051 
        H371 11 0.3353 0.3300 0.3348 
        H372 11 0.3248 0.3246 0.3507 
        H373 11 0.3284 0.3136 0.3580 
        H374 11 0.3156 0.2965 0.3879 
        H375 11 0.4449 0.2717 0.2834 
        H376 11 0.3503 0.3599 0.2899 
        H377 11 0.3438 0.2933 0.3629 
        H378 11 0.2832 0.3216 0.3953 
        H379 11 0.3413 0.3473 0.3115 
        H380 11 0.4609 0.2934 0.2457 
        H381 11 0.2640 0.3326 0.4033 
        H382 11 0.4253 0.3630 0.2118 
        H383 11 0.3344 0.3685 0.2971 
        H384 11 0.2243 0.3037 0.4720 
        H385 11 0.2695 0.3081 0.4225 
        H386 11 0.4465 0.2572 0.2963 
        H387 11 0.2436 0.4109 0.3456 
        H388 11 0.3325 0.4030 0.2644 
        H389 11 0.4478 0.2625 0.2897 
        H390 11 0.4017 0.3324 0.2659 
        H391 11 0.2357 0.4224 0.3420 
        H392 11 0.3167 0.2707 0.4126 
        H393 11 0.3663 0.3849 0.2488 
        H394 11 0.3257 0.4362 0.2381 
        H395 11 0.2980 0.2974 0.4046 
        H408 11 0.3958 0.2799 0.3243 
        H412 11 0.1945 0.3838 0.4217 
        H417 11 0.2692 0.3027 0.4281 
        H418 11 0.2534 0.3814 0.3652 
        H429 11 0.4268 0.2936 0.2796 
        H430 11 0.4314 0.3122 0.2564 
        H439 11 0.3272 0.3084 0.3644 
        H440 11 0.2711 0.2956 0.4333 
        H441 11 0.4140 0.3281 0.2579 
        H442 11 0.3545 0.3548 0.2908 
        H446 11 0.3393 0.3356 0.3251 
        H447 11 0.4134 0.2971 0.2895 
        H448 11 0.4295 0.3030 0.2675 
        H534 11 0.2286 0.2813 0.4902 
        H537 11 0.3358 0.3052 0.3590 
        H568 11 0.2427 0.2907 0.4666 
        H569 11 0.4119 0.3657 0.2224 
        H586 11 0.2060 0.4127 0.3813 
        H587 11 0.2792 0.2643 0.4564 
        H588 11 0.2657 0.4081 0.3261 
        H589 11 0.2426 0.2894 0.4680 
        H590 11 0.3541 0.2998 0.3461 
        H601 11 0.3884 0.3615 0.2501 
        H602 11 0.2926 0.3186 0.3888 
        H603 11 0.4958 0.2758 0.2284 
        H610 11 0.3039 0.3335 0.3625 
        H611 11 0.2493 0.3007 0.4500 
        H649 11 0.3616 0.3076 0.3308 
        H650 11 0.2838 0.3960 0.3202 
        H651 11 0.4159 0.2797 0.3044 
        H652 11 0.2778 0.3394 0.3828 
       H7364 11 0.3480 0.3382 0.3138 
       H7366 11 0.3832 0.3012 0.3156 
       H7378 11 0.2852 0.5149 0.1999 
       H7379 11 0.3208 0.3271 0.3521 
        H739 11 0.2635 0.2984 0.4381 
        H740 11 0.3166 0.3819 0.3015 
        H741 11 0.2478 0.2673 0.4849 
        H926 11 0.3339 0.3709 0.2952 
        H927 11 0.3061 0.3552 0.3388 
        H928 11 0.2999 0.3518 0.3482 
       H9560 11 0.2625 0.3806 0.3569 
