        H008  2 0.1829 0.1904 0.3160 0.1669 0.1438 
        H021  2 0.1820 0.2065 0.1971 0.2275 0.1869 
        H023  2 0.1702 0.2161 0.2004 0.1984 0.2149 
        H024  2 0.2495 0.1625 0.2604 0.1853 0.1423 
        H025  2 0.2044 0.1279 0.2358 0.1435 0.2883 
        H026  2 0.2896 0.1938 0.1598 0.2146 0.1421 
        H027  2 0.1767 0.2482 0.1986 0.2366 0.1399 
        H028  2 0.2398 0.1905 0.2157 0.1932 0.1607 
        H029  2 0.2104 0.2304 0.1677 0.2375 0.1540 
        H030  2 0.2652 0.1778 0.2085 0.2099 0.1386 
        H038  2 0.1938 0.2178 0.1481 0.2052 0.2351 
        H039  2 0.1454 0.1384 0.1589 0.1510 0.4063 
        H040  2 0.1893 0.1990 0.1611 0.2491 0.2014 
        H041  2 0.1478 0.2001 0.3237 0.1695 0.1589 
        H042  2 0.1813 0.1804 0.2399 0.1822 0.2162 
        H043  2 0.1875 0.1536 0.1485 0.1527 0.3578 
        H044  2 0.2204 0.1845 0.1970 0.2080 0.1901 
        H047  2 0.2262 0.1551 0.1738 0.1629 0.2820 
        H050  2 0.2279 0.1886 0.1745 0.2536 0.1554 
        H058  2 0.2067 0.1829 0.1726 0.2096 0.2281 
        H062  2 0.1977 0.2007 0.1944 0.1832 0.2240 
        H063  2 0.1467 0.1743 0.2153 0.1656 0.2981 
        H065  2 0.2645 0.1765 0.2203 0.1479 0.1907 
        H066  2 0.2135 0.2101 0.1311 0.2573 0.1880 
        H067  2 0.1934 0.2700 0.2123 0.1909 0.1334 
        H068  2 0.1775 0.1548 0.1888 0.2051 0.2738 
        H069  2 0.2265 0.1926 0.1487 0.2310 0.2012 
        H071  2 0.1668 0.2157 0.1908 0.2016 0.2251 
        H072  2 0.1418 0.1536 0.2392 0.1549 0.3105 
        H073  2 0.2311 0.2399 0.2105 0.1842 0.1343 
        H081  2 0.1358 0.2089 0.3456 0.1546 0.1551 
        H082  2 0.2097 0.1550 0.2845 0.1661 0.1847 
        H083  2 0.2455 0.1605 0.2468 0.1647 0.1825 
        H084  2 0.1832 0.2159 0.1580 0.2494 0.1935 
        H085  2 0.1580 0.2022 0.2951 0.1843 0.1603 
        H087  2 0.1512 0.2320 0.2901 0.1686 0.1582 
        H088  2 0.1554 0.1888 0.2302 0.1843 0.2413 
        H089  2 0.1892 0.2466 0.2176 0.1955 0.1511 
        H090  2 0.2027 0.1748 0.2602 0.1947 0.1676 
        H091  2 0.1854 0.2025 0.2473 0.2502 0.1146 
        H098  2 0.1776 0.1620 0.3251 0.1748 0.1605 
      H10001  2 0.1597 0.1625 0.1725 0.1884 0.3169 
      H10002  2 0.1563 0.2421 0.1872 0.1826 0.2318 
        H101  2 0.1996 0.1700 0.1764 0.2925 0.1614 
        H108  2 0.1698 0.1899 0.3059 0.1406 0.1938 
        H109  2 0.1922 0.1940 0.1527 0.2153 0.2457 
        H110  2 0.1544 0.2555 0.2867 0.1638 0.1395 
        H116  2 0.2445 0.2015 0.1864 0.1895 0.1781 
        H117  2 0.1496 0.2692 0.2162 0.2281 0.1368 
        H118  2 0.2736 0.1901 0.2345 0.1771 0.1246 
        H119  2 0.1762 0.2729 0.1700 0.1978 0.1831 
        H120  2 0.1422 0.1789 0.2423 0.1508 0.2857 
        H121  2 0.1936 0.1660 0.2882 0.2223 0.1299 
        H125  2 0.1438 0.1855 0.1513 0.1898 0.3295 
        H126  2 0.2669 0.1490 0.2513 0.1440 0.1888 
        H128  2 0.2959 0.1736 0.1912 0.2367 0.1027 
        H129  2 0.2888 0.1669 0.2375 0.1618 0.1450 
        H130  2 0.2136 0.1431 0.1519 0.2093 0.2821 
        H133  2 0.1823 0.1614 0.1816 0.1774 0.2974 
        H134  2 0.3935 0.1420 0.1622 0.1453 0.1569 
        H135  2 0.1589 0.2317 0.2141 0.1942 0.2010 
        H137  2 0.1766 0.2077 0.2371 0.2119 0.1668 
        H138  2 0.2764 0.2062 0.1319 0.2054 0.1802 
        H140  2 0.1916 0.2045 0.1915 0.2092 0.2032 
        H146  2 0.2388 0.1966 0.1823 0.2083 0.1740 
        H147  2 0.1618 0.2229 0.2803 0.1824 0.1527 
        H148  2 0.1648 0.2673 0.1955 0.2221 0.1502 
     H166022  2 0.1842 0.2476 0.1976 0.2261 0.1444 
     H167359  2 0.2046 0.1943 0.1629 0.2304 0.2079 
     H167397  2 0.2185 0.2105 0.2397 0.2207 0.1107 
     H167428  2 0.2480 0.1846 0.2788 0.1714 0.1173 
     H167496  2 0.1424 0.1942 0.2576 0.1870 0.2188 
     H167513  2 0.1792 0.1373 0.2674 0.1750 0.2411 
     H167545  2 0.2588 0.1917 0.1525 0.2240 0.1731 
     H167547  2 0.2803 0.1933 0.1454 0.2380 0.1430 
     H169621  2 0.2081 0.2017 0.2106 0.2412 0.1383 
     H169622  2 0.2346 0.2404 0.1695 0.1946 0.1610 
     H169750  2 0.2133 0.1776 0.1879 0.2071 0.2142 
     H171806  2 0.2196 0.2119 0.1651 0.2165 0.1868 
     H171808  2 0.2095 0.2172 0.1683 0.2300 0.1750 
     H171809  2 0.1745 0.2195 0.2330 0.1886 0.1844 
     H171813  2 0.2524 0.1742 0.1924 0.1875 0.1935 
     H171815  2 0.2000 0.1655 0.1439 0.1524 0.3382 
     H171824  2 0.1497 0.2617 0.1518 0.2208 0.2159 
     H171825  2 0.2206 0.2395 0.1773 0.2035 0.1591 
     H171826  2 0.1868 0.2263 0.1710 0.1955 0.2203 
     H171827  2 0.1886 0.2535 0.1579 0.2197 0.1803 
     H171828  2 0.1400 0.1873 0.2237 0.1666 0.2824 
     H171829  2 0.2480 0.2009 0.1457 0.2257 0.1797 
     H171830  2 0.1557 0.1588 0.2935 0.1672 0.2248 
     H171831  2 0.2778 0.1917 0.1948 0.1826 0.1531 
     H171832  2 0.2460 0.1729 0.2148 0.1648 0.2016 
     H171863  2 0.3045 0.1515 0.1743 0.2047 0.1649 
     H171864  2 0.1613 0.2044 0.2685 0.1970 0.1688 
     H171865  2 0.1810 0.1477 0.1958 0.1515 0.3240 
     H171879  2 0.2116 0.2337 0.1456 0.2242 0.1850 
     H171880  2 0.1796 0.2361 0.1735 0.2481 0.1627 
     H171881  2 0.1947 0.2020 0.2624 0.2019 0.1390 
     H171882  2 0.1456 0.1492 0.2363 0.1405 0.3283 
     H171929  2 0.1700 0.1720 0.3007 0.1754 0.1819 
     H171930  2 0.2462 0.2064 0.1611 0.2422 0.1441 
     H171933  2 0.1823 0.2238 0.1916 0.2588 0.1435 
     H171934  2 0.1723 0.2543 0.1823 0.2116 0.1794 
     H171937  2 0.2910 0.1609 0.1977 0.1585 0.1920 
     H171962  2 0.2200 0.1906 0.2477 0.1753 0.1664 
        H190  2 0.1995 0.2006 0.2643 0.1774 0.1582 
        H191  2 0.2229 0.1825 0.2527 0.1689 0.1731 
        H396  2 0.1856 0.1850 0.2943 0.1844 0.1507 
        H397  2 0.1886 0.1906 0.2291 0.2329 0.1588 
        H398  2 0.2339 0.1850 0.1939 0.1991 0.1880 
        H400  2 0.1918 0.2125 0.2092 0.2017 0.1848 
        H401  2 0.2382 0.1897 0.2293 0.2150 0.1278 
        H402  2 0.1683 0.2606 0.2075 0.2252 0.1383 
        H427  2 0.1823 0.2343 0.2341 0.1781 0.1712 
        H428  2 0.2402 0.1865 0.2809 0.1739 0.1184 
        H497  2 0.1743 0.1484 0.2237 0.1564 0.2971 
        H512  2 0.1923 0.2176 0.2009 0.2050 0.1842 
        H513  2 0.1810 0.1382 0.2636 0.1753 0.2419 
        H514  2 0.2361 0.1778 0.1590 0.1871 0.2401 
        H519  2 0.1746 0.1419 0.2708 0.1771 0.2357 
        H532  2 0.1896 0.2619 0.1704 0.2270 0.1511 
        H543  2 0.1710 0.2496 0.1897 0.2498 0.1398 
        H544  2 0.2560 0.1492 0.1891 0.1762 0.2296 
        H545  2 0.2759 0.1875 0.1469 0.2210 0.1686 
        H546  2 0.2274 0.1511 0.2192 0.1583 0.2440 
        H547  2 0.2803 0.2008 0.1414 0.2313 0.1461 
        H548  2 0.1685 0.2488 0.2045 0.2031 0.1752 
        H549  2 0.2076 0.1835 0.1756 0.2417 0.1916 
        H620  2 0.1358 0.1813 0.2055 0.1385 0.3388 
        H623  2 0.2411 0.1401 0.2938 0.1605 0.1644 
        H624  2 0.2276 0.1545 0.1083 0.1822 0.3274 
        H625  2 0.1812 0.1879 0.3013 0.1829 0.1467 
        H626  2 0.1995 0.2305 0.1529 0.2183 0.1988 
        H654  2 0.1608 0.1413 0.1377 0.1454 0.4148 
        H655  2 0.1692 0.1956 0.1372 0.2314 0.2666 
        H656  2 0.1630 0.1741 0.2673 0.1460 0.2496 
        H666  2 0.1817 0.1597 0.1621 0.1882 0.3083 
        H667  2 0.1910 0.2665 0.1739 0.1945 0.1741 
        H677  2 0.1926 0.2684 0.1298 0.2361 0.1731 
        H693  2 0.1452 0.1853 0.3102 0.1452 0.2141 
        H694  2 0.2232 0.1601 0.2753 0.1984 0.1430 
        H701  2 0.1914 0.1985 0.2129 0.2178 0.1794 
        H702  2 0.1649 0.2200 0.1869 0.2290 0.1992 
        H731  2 0.1682 0.2170 0.1929 0.1974 0.2244 
       H7359  2 0.2022 0.1970 0.1632 0.2305 0.2071 
       H7389  2 0.2171 0.2059 0.1957 0.2156 0.1657 
       H7390  2 0.1814 0.2031 0.1194 0.2535 0.2426 
       H7391  2 0.1397 0.2774 0.2596 0.1821 0.1412 
       H7392  2 0.2313 0.2073 0.1583 0.2314 0.1717 
       H7393  2 0.1723 0.2039 0.1537 0.2146 0.2555 
       H7398  2 0.1528 0.1907 0.3287 0.1752 0.1526 
       H7399  2 0.2148 0.2362 0.1892 0.2191 0.1407 
       H7400  2 0.1557 0.1527 0.1629 0.1386 0.3901 
        H745  2 0.3062 0.1446 0.2386 0.1521 0.1585 
        H746  2 0.2273 0.2429 0.1694 0.2051 0.1552 
        H747  2 0.1723 0.1924 0.1881 0.2608 0.1863 
        H748  2 0.1828 0.2162 0.1532 0.2279 0.2200 
       H7484  2 0.1762 0.1724 0.2477 0.1677 0.2361 
       H7485  2 0.2244 0.1580 0.2377 0.1589 0.2211 
        H749  2 0.2288 0.2461 0.1385 0.2114 0.1752 
        H930  2 0.2256 0.2125 0.1645 0.2459 0.1515 
        H931  2 0.1870 0.1712 0.2981 0.1583 0.1854 
        H932  2 0.2052 0.2319 0.1436 0.2255 0.1938 
        H002  4 0.2157 0.1712 0.1559 0.1374 0.3198 
        H003  4 0.2139 0.2670 0.1982 0.1861 0.1348 
        H009  4 0.2752 0.1735 0.1860 0.2029 0.1624 
        H010  4 0.2019 0.2553 0.1570 0.2278 0.1581 
        H011  4 0.1471 0.1628 0.3038 0.1562 0.2301 
        H012  4 0.1660 0.2391 0.2283 0.1970 0.1696 
        H013  4 0.1616 0.2061 0.2628 0.1597 0.2097 
        H014  4 0.2076 0.1914 0.2026 0.1981 0.2002 
        H045  4 0.1520 0.1671 0.3436 0.1542 0.1831 
        H046  4 0.2516 0.2439 0.1926 0.1846 0.1273 
        H051  4 0.1473 0.1767 0.3246 0.1575 0.1938 
        H052  4 0.2324 0.1447 0.2090 0.1797 0.2343 
        H053  4 0.1832 0.1981 0.1694 0.2482 0.2011 
        H056  4 0.2037 0.1565 0.2151 0.1655 0.2592 
        H076  4 0.2624 0.2284 0.1777 0.1815 0.1500 
        H151  4 0.1903 0.1914 0.1192 0.1900 0.3092 
        H152  4 0.2417 0.1591 0.1454 0.1562 0.2976 
     H171803  4 0.1798 0.2447 0.1378 0.2385 0.1992 
     H171804  4 0.1689 0.2067 0.2128 0.2048 0.2068 
     H171833  4 0.2983 0.1871 0.1603 0.1776 0.1767 
     H171855  4 0.2208 0.1618 0.1440 0.1606 0.3128 
     H171856  4 0.2012 0.2194 0.1410 0.2399 0.1984 
     H171857  4 0.2074 0.1805 0.1806 0.1861 0.2454 
     H171858  4 0.2371 0.2145 0.1340 0.2130 0.2014 
     H171859  4 0.2047 0.2229 0.1889 0.2045 0.1790 
     H171961  4 0.1727 0.1951 0.2340 0.1756 0.2226 
        H198  4 0.2264 0.2538 0.1610 0.2174 0.1414 
      H20001  4 0.3150 0.1586 0.1636 0.1785 0.1843 
        H403  4 0.2292 0.1752 0.2054 0.1884 0.2017 
        H404  4 0.2082 0.2405 0.2048 0.1808 0.1658 
        H405  4 0.2075 0.2568 0.1893 0.1996 0.1468 
        H406  4 0.2883 0.1433 0.1766 0.1654 0.2264 
        H407  4 0.1917 0.2458 0.1491 0.2685 0.1449 
        H410  4 0.2170 0.2515 0.1863 0.2115 0.1336 
        H411  4 0.2847 0.1612 0.1788 0.1703 0.2050 
        H468  4 0.2552 0.1688 0.1396 0.2281 0.2083 
        H476  4 0.1710 0.1767 0.1525 0.2525 0.2473 
        H477  4 0.2979 0.1942 0.1050 0.2576 0.1453 
        H478  4 0.1787 0.2636 0.1959 0.1811 0.1808 
        H479  4 0.1893 0.1873 0.2588 0.1640 0.2005 
        H480  4 0.2503 0.1838 0.1608 0.2288 0.1763 
        H498  4 0.1979 0.2067 0.2047 0.1919 0.1988 
        H499  4 0.2318 0.2035 0.1748 0.1738 0.2161 
        H500  4 0.1498 0.2290 0.1663 0.2032 0.2518 
        H515  4 0.1901 0.1993 0.1587 0.2152 0.2367 
        H516  4 0.2322 0.1900 0.1772 0.2060 0.1945 
        H517  4 0.1882 0.2500 0.1737 0.2309 0.1572 
        H518  4 0.2324 0.1622 0.1759 0.2124 0.2172 
        H520  4 0.2000 0.1998 0.1602 0.2182 0.2218 
        H521  4 0.1708 0.1925 0.2996 0.1897 0.1474 
        H522  4 0.1973 0.2160 0.1585 0.2532 0.1749 
        H523  4 0.1773 0.1895 0.1653 0.2284 0.2395 
        H536  4 0.2161 0.2422 0.2168 0.1739 0.1511 
        H645  4 0.1620 0.2312 0.2615 0.1570 0.1883 
        H646  4 0.2221 0.2079 0.1604 0.2704 0.1392 
        H647  4 0.2356 0.1904 0.1531 0.2422 0.1788 
        H657  4 0.2113 0.2350 0.1926 0.2315 0.1295 
        H658  4 0.1718 0.2062 0.1480 0.2894 0.1846 
        H659  4 0.1610 0.2027 0.1227 0.1870 0.3265 
        H660  4 0.1714 0.1602 0.2297 0.1790 0.2598 
        H661  4 0.2241 0.1847 0.1478 0.1798 0.2636 
        H668  4 0.1867 0.2751 0.1730 0.2165 0.1487 
        H669  4 0.1693 0.1956 0.2444 0.1908 0.1998 
        H670  4 0.1590 0.2588 0.1901 0.1656 0.2265 
        H678  4 0.2013 0.2164 0.1694 0.2241 0.1889 
        H679  4 0.1865 0.2085 0.2088 0.2213 0.1749 
        H680  4 0.2659 0.1947 0.1793 0.1740 0.1861 
        H681  4 0.1640 0.2425 0.1950 0.1827 0.2159 
        H682  4 0.1512 0.2656 0.1807 0.2431 0.1595 
        H683  4 0.2207 0.1462 0.2162 0.1855 0.2314 
        H718  4 0.1679 0.1668 0.2136 0.1579 0.2938 
        H719  4 0.1474 0.1400 0.3782 0.1563 0.1781 
        H720  4 0.2267 0.1605 0.2536 0.1502 0.2089 
        H721  4 0.2642 0.1776 0.1884 0.1791 0.1907 
        H722  4 0.2513 0.1323 0.1833 0.1436 0.2895 
        H723  4 0.1529 0.2134 0.2084 0.1819 0.2434 
        H724  4 0.1565 0.1806 0.1592 0.2188 0.2849 
        H725  4 0.1881 0.1661 0.2073 0.1741 0.2644 
        H726  4 0.1750 0.1898 0.1570 0.1742 0.3040 
        H727  4 0.1615 0.2154 0.1978 0.2041 0.2212 
        H910  4 0.1529 0.2042 0.2389 0.1985 0.2055 
        H911  4 0.2158 0.2005 0.2089 0.2034 0.1714 
        H912  4 0.2082 0.1962 0.1562 0.2024 0.2370 
        H913  4 0.1726 0.2051 0.1400 0.3035 0.1789 
        H914  4 0.1544 0.2446 0.1529 0.2232 0.2250 
        H915  4 0.1894 0.2066 0.1600 0.2312 0.2127 
        H916  4 0.2331 0.1697 0.1624 0.2143 0.2206 
       H9572  4 0.1868 0.1881 0.2689 0.1822 0.1739 
        H015  5 0.2166 0.1487 0.2861 0.1899 0.1587 
        H016  5 0.2919 0.1726 0.1676 0.1913 0.1765 
        H017  5 0.2497 0.1865 0.1283 0.2211 0.2144 
        H019  5 0.2075 0.1606 0.2459 0.1782 0.2077 
        H020  5 0.2063 0.1723 0.2159 0.1959 0.2095 
        H032  5 0.2018 0.2360 0.1441 0.2224 0.1957 
        H033  5 0.1614 0.2054 0.2683 0.2178 0.1470 
        H034  5 0.1588 0.2253 0.1906 0.1941 0.2313 
        H035  5 0.2051 0.2184 0.1580 0.2520 0.1666 
        H036  5 0.2001 0.1811 0.2707 0.2152 0.1331 
        H037  5 0.1642 0.2267 0.1535 0.2725 0.1831 
        H048  5 0.1612 0.2086 0.2283 0.1942 0.2077 
        H049  5 0.2388 0.1614 0.2275 0.1783 0.1939 
        H054  5 0.2060 0.2245 0.1932 0.1962 0.1801 
        H055  5 0.2178 0.2051 0.1642 0.1764 0.2365 
        H057  5 0.2604 0.1687 0.1665 0.1760 0.2284 
        H060  5 0.2248 0.2063 0.1295 0.1906 0.2488 
        H061  5 0.1905 0.2612 0.1379 0.2374 0.1731 
        H064  5 0.2010 0.1708 0.2545 0.1489 0.2249 
        H070  5 0.1531 0.2076 0.2109 0.1889 0.2394 
        H077  5 0.1589 0.1586 0.1897 0.1628 0.3300 
        H078  5 0.2199 0.1772 0.1503 0.2188 0.2337 
        H079  5 0.1887 0.2322 0.2317 0.2184 0.1291 
        H097  5 0.2644 0.1541 0.1443 0.2028 0.2344 
        H107  5 0.1413 0.2188 0.2206 0.2049 0.2144 
        H122  5 0.2306 0.2268 0.1280 0.2443 0.1703 
        H123  5 0.2292 0.2059 0.1770 0.2469 0.1410 
        H124  5 0.2086 0.2340 0.1670 0.2332 0.1573 
        H131  5 0.2010 0.2215 0.2040 0.2409 0.1326 
        H132  5 0.1890 0.1878 0.2078 0.1878 0.2276 
        H141  5 0.1806 0.2401 0.1499 0.2285 0.2009 
        H142  5 0.1882 0.2361 0.1909 0.2309 0.1538 
        H157  5 0.1786 0.1983 0.2204 0.2106 0.1922 
        H158  5 0.3076 0.1894 0.1455 0.1948 0.1628 
        H159  5 0.2171 0.2178 0.2277 0.2018 0.1357 
        H160  5 0.2081 0.2416 0.1552 0.2545 0.1406 
        H163  5 0.2135 0.1967 0.2023 0.2073 0.1801 
        H164  5 0.1968 0.2104 0.2389 0.1641 0.1898 
        H165  5 0.1917 0.2748 0.1903 0.2001 0.1431 
        H166  5 0.1920 0.1590 0.2999 0.2005 0.1486 
        H169  5 0.1955 0.2628 0.1691 0.2158 0.1567 
     H169613  5 0.1867 0.2104 0.1659 0.2306 0.2064 
     H169653  5 0.1986 0.1955 0.2538 0.1986 0.1535 
     H169728  5 0.2168 0.1976 0.1944 0.2134 0.1778 
     H169742  5 0.1743 0.2502 0.2119 0.1731 0.1906 
        H170  5 0.3039 0.1545 0.1609 0.1782 0.2025 
        H171  5 0.2797 0.1476 0.2239 0.1508 0.1979 
     H171851  5 0.2481 0.1663 0.1791 0.2100 0.1965 
     H171852  5 0.2031 0.1805 0.1439 0.1933 0.2792 
     H171853  5 0.1659 0.2176 0.2455 0.1934 0.1777 
     H171854  5 0.2136 0.1750 0.1813 0.1838 0.2462 
     H171938  5 0.1563 0.2750 0.2078 0.1934 0.1675 
     H171939  5 0.2628 0.1780 0.2046 0.2023 0.1523 
     H171941  5 0.1567 0.1693 0.2493 0.1874 0.2373 
     H171965  5 0.2510 0.2140 0.1739 0.1863 0.1748 
     H171970  5 0.1567 0.1455 0.2517 0.1592 0.2870 
     H171973  5 0.1756 0.2595 0.1998 0.2128 0.1523 
     H171974  5 0.1701 0.2323 0.1651 0.2217 0.2109 
     H171975  5 0.1704 0.1816 0.3178 0.1531 0.1771 
     H171976  5 0.3007 0.1595 0.1341 0.1729 0.2329 
        H175  5 0.1710 0.2100 0.2034 0.2197 0.1959 
        H178  5 0.1776 0.1832 0.2599 0.1833 0.1961 
        H189  5 0.2271 0.2126 0.1814 0.2277 0.1512 
        H399  5 0.3133 0.1881 0.1367 0.1947 0.1672 
        H416  5 0.1883 0.2211 0.1652 0.2095 0.2158 
        H438  5 0.1548 0.2383 0.2497 0.1997 0.1574 
        H450  5 0.1823 0.1902 0.1461 0.1708 0.3106 
        H455  5 0.1441 0.1519 0.3416 0.1482 0.2142 
        H456  5 0.1662 0.2536 0.1811 0.2217 0.1775 
        H457  5 0.2059 0.1719 0.1583 0.1707 0.2932 
        H458  5 0.1789 0.2312 0.1817 0.2134 0.1948 
        H459  5 0.1879 0.2283 0.1860 0.2683 0.1295 
        H460  5 0.1831 0.2457 0.1586 0.2143 0.1982 
        H461  5 0.2774 0.1777 0.1454 0.1881 0.2115 
        H462  5 0.1753 0.1858 0.2777 0.2125 0.1487 
        H469  5 0.1851 0.1797 0.2644 0.2009 0.1700 
        H470  5 0.1844 0.1994 0.2034 0.1913 0.2215 
        H471  5 0.2609 0.2222 0.1257 0.2478 0.1434 
        H481  5 0.1594 0.1756 0.1626 0.2179 0.2845 
        H482  5 0.1948 0.1836 0.1662 0.1785 0.2769 
        H501  5 0.1662 0.1894 0.2156 0.1988 0.2301 
        H502  5 0.2346 0.2072 0.2119 0.1822 0.1640 
        H503  5 0.2374 0.1987 0.2244 0.1872 0.1524 
        H509  5 0.1531 0.2072 0.2588 0.2170 0.1639 
        H510  5 0.2068 0.1670 0.2959 0.1449 0.1854 
        H511  5 0.2270 0.2146 0.1489 0.1934 0.2160 
        H530  5 0.1549 0.2298 0.2161 0.2021 0.1971 
        H531  5 0.2079 0.2103 0.1193 0.2503 0.2122 
        H564  5 0.2358 0.1839 0.1936 0.1631 0.2236 
        H565  5 0.1821 0.1793 0.1742 0.1707 0.2938 
        H567  5 0.2226 0.1867 0.2095 0.2421 0.1391 
     H568???  5 0.3017 0.1959 0.1402 0.2052 0.1571 
        H608  5 0.1854 0.1965 0.1453 0.1762 0.2966 
        H609  5 0.1585 0.2159 0.2895 0.1891 0.1470 
        H612  5 0.1497 0.2401 0.1713 0.1685 0.2705 
        H614  5 0.1898 0.1759 0.1430 0.1962 0.2951 
        H615  5 0.1969 0.1691 0.1553 0.2093 0.2695 
        H616  5 0.1428 0.2055 0.1955 0.1917 0.2645 
        H617  5 0.1685 0.2664 0.2018 0.2415 0.1218 
        H618  5 0.1723 0.1645 0.2564 0.1598 0.2471 
        H619  5 0.1860 0.2495 0.2444 0.1515 0.1686 
        H635  5 0.1871 0.1904 0.2377 0.1869 0.1979 
        H636  5 0.1615 0.3001 0.2137 0.1746 0.1500 
        H637  5 0.1729 0.1860 0.2314 0.1747 0.2349 
        H644  5 0.2942 0.1685 0.2029 0.2035 0.1309 
        H711  5 0.2653 0.1830 0.1310 0.1942 0.2265 
        H712  5 0.1608 0.2063 0.2653 0.2057 0.1620 
       H7360  5 0.2271 0.1959 0.1841 0.2114 0.1816 
       H7361  5 0.1928 0.1838 0.1951 0.1716 0.2568 
       H7362  5 0.2995 0.1645 0.2269 0.1980 0.1111 
       H7363  5 0.2050 0.1830 0.1686 0.2164 0.2270 
       H7394  5 0.1821 0.2415 0.1666 0.2374 0.1724 
       H7395  5 0.1898 0.2182 0.2242 0.1853 0.1825 
       H7396  5 0.1643 0.2062 0.1704 0.2623 0.1969 
        H742  5 0.1735 0.2507 0.2087 0.1795 0.1877 
        H743  5 0.2012 0.1815 0.2148 0.1976 0.2048 
        H744  5 0.1643 0.1917 0.1992 0.2020 0.2428 
        H957  5 0.2775 0.1901 0.1270 0.1922 0.2133 
        H958  5 0.1826 0.2050 0.1890 0.2713 0.1521 
        H959  5 0.1474 0.1805 0.2481 0.1435 0.2805 
        H960  5 0.1897 0.2030 0.2107 0.2062 0.1903 
        H431  8 0.1645 0.2380 0.1306 0.2282 0.2387 
        H432  8 0.2576 0.1455 0.3169 0.1538 0.1262 
        H433  8 0.1543 0.2272 0.2578 0.2059 0.1548 
        H434  8 0.1931 0.1786 0.2441 0.2322 0.1522 
        H444  8 0.1550 0.1686 0.3642 0.1581 0.1540 
        H454  8 0.1434 0.1440 0.3048 0.1511 0.2567 
        H475  8 0.1488 0.1687 0.1656 0.1521 0.3648 
        H491  8 0.1907 0.1515 0.2694 0.1422 0.2462 
        H492  8 0.1502 0.1699 0.2179 0.2123 0.2498 
        H493  8 0.2063 0.2000 0.1661 0.2255 0.2021 
        H494  8 0.1834 0.1651 0.2643 0.1864 0.2008 
        H495  8 0.2210 0.1384 0.1295 0.1451 0.3660 
        H662  8 0.2496 0.1794 0.1910 0.2124 0.1676 
        H663  8 0.1914 0.1954 0.2225 0.1676 0.2232 
        H695  8 0.1655 0.2289 0.1758 0.2243 0.2054 
       H7367  8 0.1902 0.2127 0.2223 0.2347 0.1400 
       H7368  8 0.2511 0.2285 0.1792 0.1661 0.1753 
       H7369  8 0.1731 0.2091 0.2649 0.1636 0.1893 
       H7370  8 0.1734 0.2221 0.1495 0.3164 0.1385 
       H7371  8 0.1631 0.2210 0.2407 0.2074 0.1678 
     H169705 10 0.1942 0.2107 0.1760 0.2786 0.1405 
     H171942 10 0.2387 0.1360 0.3690 0.1416 0.1148 
     H171943 10 0.2377 0.1894 0.1559 0.2516 0.1655 
     H171944 10 0.1782 0.2519 0.1515 0.2386 0.1797 
     H171946 10 0.2095 0.1815 0.1285 0.2346 0.2459 
     H171947 10 0.1798 0.1793 0.2279 0.1966 0.2164 
     H229641 10 0.1689 0.2000 0.1811 0.2062 0.2439 
      H30001 10 0.1685 0.2051 0.2410 0.1782 0.2072 
      H30002 10 0.1747 0.2081 0.1860 0.2489 0.1823 
      H30005 10 0.2093 0.2408 0.1853 0.2078 0.1568 
      H30006 10 0.2285 0.1659 0.2285 0.2237 0.1533 
      H30007 10 0.3374 0.1499 0.1432 0.1866 0.1829 
        H451 10 0.1840 0.1757 0.3245 0.1574 0.1584 
        H452 10 0.2157 0.2138 0.1692 0.2044 0.1970 
        H453 10 0.2012 0.1708 0.1652 0.1907 0.2722 
        H473 10 0.2086 0.1719 0.2037 0.1870 0.2288 
        H474 10 0.1818 0.1456 0.1438 0.2061 0.3226 
        H486 10 0.1731 0.1841 0.2661 0.1662 0.2105 
        H487 10 0.1844 0.1913 0.1783 0.2031 0.2429 
        H488 10 0.1532 0.2105 0.2841 0.1497 0.2025 
        H489 10 0.1530 0.1882 0.1473 0.2343 0.2772 
        H550 10 0.2308 0.2046 0.1243 0.2890 0.1513 
        H551 10 0.1486 0.1843 0.2879 0.1891 0.1901 
        H553 10 0.1897 0.2084 0.1634 0.2328 0.2057 
        H554 10 0.1954 0.2059 0.2468 0.1713 0.1806 
        H556 10 0.2173 0.1892 0.1875 0.2597 0.1463 
        H580 10 0.1967 0.2303 0.1995 0.2247 0.1488 
        H591 10 0.1506 0.1601 0.1749 0.1614 0.3529 
        H592 10 0.1667 0.2174 0.1607 0.2445 0.2107 
        H593 10 0.2089 0.1995 0.2073 0.1755 0.2089 
        H594 10 0.2555 0.1963 0.2117 0.2140 0.1225 
        H627 10 0.2280 0.1577 0.1806 0.2222 0.2114 
        H628 10 0.2024 0.2606 0.2471 0.1663 0.1236 
        H629 10 0.2557 0.1601 0.1772 0.1848 0.2223 
        H630 10 0.1950 0.2085 0.1476 0.2610 0.1879 
        H638 10 0.1980 0.1977 0.1962 0.2222 0.1859 
        H639 10 0.2039 0.1548 0.2003 0.1840 0.2570 
        H640 10 0.2268 0.2050 0.2017 0.2150 0.1515 
        H704 10 0.2670 0.1860 0.1814 0.2000 0.1657 
        H705 10 0.1875 0.2119 0.1817 0.2791 0.1398 
        H706 10 0.1496 0.2127 0.2624 0.1877 0.1876 
        H708 10 0.1655 0.2036 0.1163 0.2082 0.3065 
       H7351 10 0.2089 0.2009 0.1967 0.2261 0.1674 
       H7352 10 0.2008 0.2094 0.1723 0.2058 0.2117 
       H7353 10 0.3035 0.1558 0.2126 0.1721 0.1560 
       H7354 10 0.1765 0.2201 0.1609 0.2110 0.2315 
       H7365 10 0.1685 0.2155 0.1777 0.2174 0.2209 
       H7383 10 0.1702 0.2339 0.1864 0.2012 0.2084 
       H7384 10 0.1982 0.2172 0.1639 0.2126 0.2081 
       H7385 10 0.1748 0.2077 0.1812 0.1988 0.2375 
       H7386 10 0.1874 0.2159 0.2762 0.1743 0.1463 
       H7387 10 0.2007 0.2315 0.1634 0.2352 0.1693 
       H7388 10 0.1968 0.2516 0.1703 0.1822 0.1991 
        H906 10 0.2074 0.1473 0.2748 0.1376 0.2328 
        H907 10 0.2180 0.1801 0.1927 0.2293 0.1799 
        H908 10 0.1741 0.2124 0.2431 0.1790 0.1914 
        H909 10 0.1750 0.2290 0.2131 0.1906 0.1923 
       H9552 10 0.2353 0.2058 0.1899 0.2117 0.1573 
       H9553 10 0.1978 0.2274 0.1668 0.2340 0.1739 
       H9555 10 0.1737 0.2404 0.2058 0.2368 0.1432 
       H9575 10 0.2035 0.2173 0.1274 0.2120 0.2398 
       H9703 10 0.1758 0.2221 0.1393 0.2226 0.2403 
       H9707 10 0.1589 0.1800 0.2098 0.1867 0.2646 
       HSAA4 10 0.1963 0.2322 0.1954 0.2270 0.1491 
        H001 11 0.2076 0.2464 0.1611 0.1849 0.2000 
        H004 11 0.2065 0.1910 0.1655 0.2148 0.2223 
        H005 11 0.1491 0.1860 0.1920 0.1443 0.3286 
        H006 11 0.1747 0.2378 0.1851 0.2290 0.1734 
        H007 11 0.1466 0.1617 0.3057 0.1569 0.2290 
        H031 11 0.1377 0.2175 0.1575 0.1921 0.2952 
        H074 11 0.1795 0.1721 0.1744 0.2357 0.2383 
        H075 11 0.1648 0.2178 0.1727 0.1778 0.2670 
        H080 11 0.1732 0.1864 0.2080 0.1804 0.2521 
        H086 11 0.2176 0.2021 0.2029 0.2156 0.1618 
        H092 11 0.1894 0.2092 0.1676 0.2050 0.2288 
        H093 11 0.2583 0.1647 0.2595 0.1791 0.1383 
        H094 11 0.1890 0.2231 0.1396 0.2573 0.1910 
        H095 11 0.2031 0.2135 0.1591 0.2107 0.2136 
        H096 11 0.1618 0.2280 0.2088 0.1676 0.2338 
        H099 11 0.1828 0.1954 0.1996 0.2016 0.2207 
        H100 11 0.2500 0.1961 0.1970 0.2159 0.1411 
        H127 11 0.1829 0.2011 0.1991 0.1894 0.2275 
        H136 11 0.1683 0.1691 0.1383 0.1909 0.3334 
        H153 11 0.1985 0.1750 0.2279 0.1901 0.2085 
        H154 11 0.1628 0.2212 0.1318 0.2395 0.2447 
        H155 11 0.1593 0.2213 0.3299 0.1814 0.1081 
        H156 11 0.1967 0.2362 0.2399 0.2008 0.1265 
        H161 11 0.2184 0.1565 0.2347 0.1644 0.2260 
        H162 11 0.2210 0.2351 0.1856 0.2259 0.1323 
        H167 11 0.1936 0.2244 0.2000 0.2024 0.1795 
        H168 11 0.2007 0.2260 0.2099 0.1876 0.1758 
     H169586 11 0.2850 0.1601 0.1099 0.1876 0.2574 
     H169738 11 0.1884 0.2114 0.2965 0.1639 0.1397 
     H169741 11 0.1513 0.1918 0.1244 0.2598 0.2727 
     H171801 11 0.2322 0.1502 0.2892 0.1804 0.1479 
     H171810 11 0.1681 0.1638 0.1663 0.2061 0.2957 
     H171811 11 0.2367 0.1997 0.1119 0.2053 0.2464 
     H171812 11 0.1750 0.2219 0.2381 0.1989 0.1661 
     H171820 11 0.2002 0.1861 0.1824 0.1965 0.2348 
     H171821 11 0.2112 0.2355 0.1894 0.1980 0.1659 
     H171822 11 0.2039 0.2164 0.1860 0.2232 0.1705 
     H171823 11 0.2379 0.1148 0.2191 0.1231 0.3051 
     H171866 11 0.2526 0.1789 0.2366 0.1521 0.1796 
     H171867 11 0.1520 0.2251 0.2662 0.1859 0.1708 
     H171967 11 0.1531 0.2002 0.2301 0.1965 0.2201 
     H171969 11 0.2015 0.1796 0.2343 0.1916 0.1929 
        H172 11 0.1757 0.2324 0.1886 0.2337 0.1697 
        H173 11 0.1457 0.2251 0.2657 0.2103 0.1533 
        H174 11 0.2711 0.2062 0.1744 0.2076 0.1407 
        H196 11 0.2041 0.2444 0.1924 0.2054 0.1536 
        H197 11 0.1834 0.2195 0.2294 0.1918 0.1759 
        H346 11 0.1591 0.1988 0.2556 0.1879 0.1986 
        H355 11 0.2055 0.2123 0.1977 0.2077 0.1769 
        H356 11 0.2023 0.1790 0.2283 0.1956 0.1948 
        H357 11 0.1713 0.1840 0.2235 0.1845 0.2367 
        H358 11 0.1621 0.2664 0.1777 0.2212 0.1727 
        H359 11 0.2077 0.2257 0.1454 0.2279 0.1933 
        H360 11 0.1686 0.2096 0.2082 0.2243 0.1893 
        H361 11 0.1995 0.2074 0.2352 0.1864 0.1715 
        H362 11 0.2201 0.2240 0.2047 0.2113 0.1399 
        H363 11 0.1568 0.2246 0.1390 0.2187 0.2610 
        H364 11 0.2332 0.2157 0.1344 0.2090 0.2077 
        H365 11 0.2055 0.2074 0.1975 0.1977 0.1920 
        H366 11 0.2011 0.2423 0.2115 0.2040 0.1410 
        H367 11 0.1812 0.1757 0.2159 0.1840 0.2433 
        H368 11 0.2528 0.1732 0.1422 0.2543 0.1775 
        H369 11 0.1421 0.2272 0.1914 0.1810 0.2583 
        H370 11 0.1978 0.2336 0.1708 0.2189 0.1788 
        H371 11 0.1760 0.1732 0.2458 0.2065 0.1985 
        H372 11 0.1932 0.2611 0.1547 0.2224 0.1685 
        H373 11 0.1931 0.2186 0.1916 0.1906 0.2062 
        H374 11 0.1775 0.1980 0.1952 0.1937 0.2356 
        H375 11 0.1546 0.2185 0.2927 0.1771 0.1571 
        H376 11 0.2388 0.1948 0.2220 0.1908 0.1536 
        H377 11 0.1629 0.1942 0.1980 0.2103 0.2344 
        H378 11 0.2072 0.2026 0.1809 0.2178 0.1915 
        H379 11 0.2118 0.2038 0.1733 0.2018 0.2094 
        H380 11 0.1735 0.2666 0.2238 0.1932 0.1429 
        H381 11 0.2089 0.1640 0.1731 0.1961 0.2579 
        H382 11 0.2329 0.2298 0.2296 0.1788 0.1289 
        H383 11 0.2580 0.2208 0.1748 0.1951 0.1513 
        H384 11 0.1811 0.2038 0.1195 0.2608 0.2348 
        H385 11 0.1755 0.1895 0.1440 0.2017 0.2891 
        H386 11 0.1483 0.3128 0.2012 0.1907 0.1470 
        H387 11 0.3084 0.1728 0.1211 0.1844 0.2133 
        H388 11 0.2275 0.2582 0.1630 0.2202 0.1312 
        H389 11 0.1510 0.2094 0.2993 0.1666 0.1738 
        H390 11 0.1946 0.2249 0.2099 0.2226 0.1480 
        H391 11 0.2651 0.2232 0.1272 0.2414 0.1431 
        H392 11 0.1703 0.2276 0.1621 0.1727 0.2673 
        H393 11 0.2327 0.1495 0.2895 0.1783 0.1499 
        H394 11 0.3009 0.1382 0.2443 0.1578 0.1587 
        H395 11 0.1690 0.2252 0.1557 0.1854 0.2647 
        H408 11 0.1656 0.2418 0.2049 0.1914 0.1963 
        H412 11 0.2203 0.1744 0.1126 0.2465 0.2462 
        H417 11 0.1650 0.2197 0.1300 0.2509 0.2343 
        H418 11 0.2261 0.1879 0.1447 0.2155 0.2258 
        H429 11 0.1999 0.2429 0.2351 0.1751 0.1470 
        H430 11 0.1714 0.1833 0.3121 0.1823 0.1510 
        H439 11 0.1793 0.2228 0.1859 0.2200 0.1919 
        H440 11 0.1782 0.1994 0.1449 0.1935 0.2840 
        H441 11 0.1832 0.2420 0.2358 0.2015 0.1375 
        H442 11 0.2124 0.2747 0.1551 0.2047 0.1531 
        H446 11 0.2257 0.2109 0.1726 0.2316 0.1593 
        H447 11 0.1730 0.2732 0.1884 0.2265 0.1390 
        H448 11 0.1552 0.2250 0.2849 0.1775 0.1575 
        H534 11 0.1884 0.1770 0.1343 0.1694 0.3309 
        H537 11 0.2083 0.1860 0.2004 0.1691 0.2362 
        H568 11 0.1588 0.1483 0.1645 0.1732 0.3552 
        H569 11 0.1883 0.1565 0.3315 0.2001 0.1236 
        H586 11 0.2915 0.1494 0.1104 0.1840 0.2647 
        H587 11 0.1561 0.1950 0.1554 0.2308 0.2627 
        H588 11 0.3049 0.1688 0.1511 0.1960 0.1792 
        H589 11 0.1815 0.1806 0.1287 0.1851 0.3241 
        H590 11 0.1774 0.1622 0.2438 0.1450 0.2716 
        H601 11 0.2081 0.1796 0.2735 0.1730 0.1658 
        H602 11 0.1857 0.2073 0.1700 0.1876 0.2494 
        H603 11 0.1593 0.2466 0.2834 0.1666 0.1442 
        H610 11 0.1827 0.1996 0.1844 0.2063 0.2270 
        H611 11 0.1685 0.1755 0.1388 0.2684 0.2487 
        H649 11 0.1892 0.1705 0.2603 0.1871 0.1930 
        H650 11 0.2194 0.1890 0.1438 0.2591 0.1887 
        H651 11 0.1597 0.2404 0.2444 0.1910 0.1645 
        H652 11 0.2212 0.1992 0.1443 0.1976 0.2377 
       H7364 11 0.1919 0.2159 0.2108 0.2294 0.1519 
       H7366 11 0.1698 0.2259 0.2062 0.1930 0.2052 
       H7378 11 0.3657 0.1669 0.1791 0.1630 0.1253 
       H7379 11 0.2015 0.1848 0.2084 0.2051 0.2002 
        H739 11 0.1564 0.1767 0.1545 0.2486 0.2639 
        H740 11 0.2104 0.2019 0.1659 0.2269 0.1948 
        H741 11 0.1457 0.1939 0.1234 0.2625 0.2745 
        H926 11 0.2071 0.1703 0.2208 0.2031 0.1987 
        H927 11 0.1670 0.2820 0.1248 0.2763 0.1500 
        H928 11 0.1840 0.2066 0.1533 0.2623 0.1937 
       H9560 11 0.2297 0.2210 0.1301 0.2606 0.1585 
