        H008  2 0.2748 0.2466 0.2386 0.2401 
        H021  2 0.2499 0.2166 0.2152 0.3183 
        H023  2 0.1998 0.1548 0.4081 0.2373 
        H024  2 0.3634 0.2765 0.1294 0.2306 
        H025  2 0.1532 0.2864 0.3793 0.1811 
        H026  2 0.2962 0.4063 0.1005 0.1970 
        H027  2 0.3163 0.1899 0.1915 0.3023 
        H028  2 0.2914 0.3052 0.1797 0.2238 
        H029  2 0.3608 0.2378 0.1260 0.2754 
        H030  2 0.3127 0.3235 0.1146 0.2492 
        H038  2 0.1998 0.2205 0.2819 0.2978 
        H039  2 0.1254 0.1170 0.5729 0.1847 
        H040  2 0.2448 0.2384 0.2290 0.2879 
        H041  2 0.3322 0.1687 0.2701 0.2290 
        H042  2 0.2180 0.2179 0.3366 0.2275 
        H043  2 0.1481 0.2493 0.3352 0.2674 
        H044  2 0.2481 0.3467 0.1687 0.2365 
        H047  2 0.2052 0.3073 0.2595 0.2281 
        H050  2 0.3596 0.2562 0.1002 0.2840 
        H058  2 0.2048 0.2900 0.2395 0.2656 
        H062  2 0.1404 0.1940 0.4428 0.2229 
        H063  2 0.2345 0.1744 0.3415 0.2497 
        H065  2 0.1282 0.3882 0.3397 0.1438 
        H066  2 0.3397 0.2804 0.1058 0.2741 
        H067  2 0.2775 0.2517 0.2382 0.2325 
        H068  2 0.2104 0.1911 0.3421 0.2563 
        H069  2 0.2043 0.3432 0.1945 0.2580 
        H071  2 0.2144 0.1905 0.3371 0.2581 
        H072  2 0.1716 0.1610 0.4575 0.2099 
        H073  2 0.2293 0.3147 0.2244 0.2316 
        H081  2 0.2059 0.1399 0.4503 0.2040 
        H082  2 0.3203 0.2840 0.1473 0.2484 
        H083  2 0.2042 0.3869 0.1830 0.2259 
        H084  2 0.3290 0.2121 0.1896 0.2693 
        H085  2 0.2253 0.1870 0.3244 0.2633 
        H087  2 0.2627 0.1692 0.3404 0.2277 
        H088  2 0.2015 0.1905 0.3587 0.2493 
        H089  2 0.2362 0.2135 0.2879 0.2624 
        H090  2 0.3808 0.2245 0.1454 0.2493 
        H091  2 0.3243 0.2044 0.1443 0.3270 
        H098  2 0.3220 0.2218 0.2365 0.2197 
      H10001  2 0.1163 0.1331 0.5423 0.2084 
      H10002  2 0.2103 0.2061 0.3195 0.2641 
        H101  2 0.3822 0.2103 0.0923 0.3151 
        H108  2 0.1246 0.1362 0.5842 0.1550 
        H109  2 0.3160 0.2354 0.1781 0.2704 
        H110  2 0.3219 0.1807 0.2419 0.2554 
        H116  2 0.2674 0.3637 0.1447 0.2243 
        H117  2 0.4870 0.1306 0.1273 0.2551 
        H118  2 0.2704 0.3243 0.1657 0.2397 
        H119  2 0.3533 0.1622 0.2417 0.2428 
        H120  2 0.1078 0.1126 0.6203 0.1593 
        H121  2 0.3000 0.2327 0.1845 0.2827 
        H125  2 0.1811 0.1236 0.4638 0.2315 
        H126  2 0.1562 0.3940 0.2859 0.1639 
        H128  2 0.3475 0.2978 0.0645 0.2902 
        H129  2 0.2029 0.4590 0.1490 0.1892 
        H130  2 0.1236 0.3286 0.3178 0.2300 
        H133  2 0.1789 0.2285 0.3588 0.2337 
        H134  2 0.1649 0.5758 0.1251 0.1342 
        H135  2 0.2586 0.1880 0.3105 0.2429 
        H137  2 0.4335 0.1879 0.1394 0.2392 
        H138  2 0.1895 0.4498 0.1301 0.2306 
        H140  2 0.3019 0.2433 0.2096 0.2452 
        H146  2 0.3175 0.2622 0.1342 0.2862 
        H147  2 0.3106 0.1902 0.2079 0.2912 
        H148  2 0.4144 0.1588 0.1581 0.2688 
     H166022  2 0.3656 0.2132 0.1477 0.2735 
     H167359  2 0.2313 0.3158 0.1871 0.2658 
     H167397  2 0.4102 0.2514 0.0849 0.2535 
     H167428  2 0.2674 0.3371 0.1725 0.2230 
     H167496  2 0.2356 0.1485 0.3988 0.2172 
     H167513  2 0.3111 0.2319 0.1819 0.2751 
     H167545  2 0.2051 0.3721 0.1572 0.2656 
     H167547  2 0.3971 0.3086 0.0843 0.2101 
     H169621  2 0.3359 0.2341 0.1187 0.3114 
     H169622  2 0.2095 0.3726 0.1621 0.2557 
     H169750  2 0.2396 0.2874 0.2147 0.2583 
     H171806  2 0.3072 0.2310 0.2115 0.2504 
     H171808  2 0.2322 0.2821 0.2237 0.2619 
     H171809  2 0.2361 0.1888 0.3498 0.2254 
     H171813  2 0.2214 0.3265 0.2344 0.2177 
     H171815  2 0.1417 0.1971 0.4416 0.2196 
     H171824  2 0.3010 0.1592 0.2674 0.2723 
     H171825  2 0.1922 0.3174 0.2389 0.2515 
     H171826  2 0.3139 0.2213 0.2217 0.2430 
     H171827  2 0.2382 0.2348 0.1891 0.3379 
     H171828  2 0.1442 0.1160 0.5586 0.1813 
     H171829  2 0.2263 0.3400 0.1833 0.2503 
     H171830  2 0.3001 0.1942 0.2559 0.2498 
     H171831  2 0.3015 0.3722 0.1252 0.2011 
     H171832  2 0.2041 0.3710 0.2159 0.2090 
     H171863  2 0.1970 0.4777 0.1091 0.2163 
     H171864  2 0.3804 0.1722 0.2214 0.2260 
     H171865  2 0.1746 0.1975 0.4222 0.2057 
     H171879  2 0.4110 0.2243 0.1310 0.2338 
     H171880  2 0.4021 0.1834 0.1066 0.3079 
     H171881  2 0.3162 0.2659 0.1626 0.2553 
     H171882  2 0.1393 0.1350 0.5557 0.1699 
     H171929  2 0.2821 0.2179 0.2654 0.2346 
     H171930  2 0.3248 0.2950 0.1128 0.2674 
     H171933  2 0.3307 0.2296 0.1508 0.2889 
     H171934  2 0.3130 0.1830 0.2446 0.2595 
     H171937  2 0.1904 0.4663 0.1693 0.1739 
     H171962  2 0.1932 0.2980 0.2852 0.2236 
        H190  2 0.2538 0.2962 0.2145 0.2354 
        H191  2 0.3004 0.2212 0.2653 0.2131 
        H396  2 0.1748 0.1899 0.3969 0.2384 
        H397  2 0.2254 0.2701 0.2197 0.2848 
        H398  2 0.1755 0.3400 0.2735 0.2110 
        H400  2 0.2096 0.2352 0.2996 0.2556 
        H401  2 0.4696 0.2158 0.0911 0.2235 
        H402  2 0.4009 0.2078 0.1107 0.2805 
        H427  2 0.2649 0.1933 0.3049 0.2369 
        H428  2 0.2756 0.3197 0.1714 0.2334 
        H497  2 0.1891 0.2626 0.3003 0.2480 
        H512  2 0.3700 0.2346 0.1397 0.2556 
        H513  2 0.3069 0.2454 0.1766 0.2711 
        H514  2 0.1799 0.3999 0.1798 0.2404 
        H519  2 0.3233 0.2347 0.1727 0.2693 
        H532  2 0.2964 0.2309 0.1752 0.2974 
        H543  2 0.3242 0.2097 0.1288 0.3373 
        H544  2 0.1355 0.4276 0.2582 0.1788 
        H545  2 0.1945 0.4130 0.1461 0.2464 
        H546  2 0.1597 0.2733 0.3734 0.1936 
        H547  2 0.3974 0.3048 0.0844 0.2134 
        H548  2 0.2661 0.2032 0.2641 0.2665 
        H549  2 0.2774 0.2702 0.1603 0.2921 
        H620  2 0.1248 0.1109 0.5900 0.1743 
        H623  2 0.2313 0.3782 0.1801 0.2104 
        H624  2 0.1104 0.3492 0.2531 0.2873 
        H625  2 0.2184 0.2050 0.3401 0.2365 
        H626  2 0.2673 0.2310 0.2199 0.2818 
        H654  2 0.1036 0.1382 0.5444 0.2138 
        H655  2 0.1932 0.2246 0.2425 0.3397 
        H656  2 0.0884 0.1117 0.6580 0.1419 
        H666  2 0.1807 0.1927 0.3845 0.2421 
        H667  2 0.2862 0.2018 0.2264 0.2856 
        H677  2 0.2708 0.2414 0.1898 0.2980 
        H693  2 0.1393 0.1177 0.5688 0.1742 
        H694  2 0.2541 0.3394 0.1844 0.2221 
        H701  2 0.2935 0.2802 0.1508 0.2755 
        H702  2 0.3033 0.1923 0.2016 0.3028 
        H731  2 0.2133 0.1978 0.3312 0.2578 
       H7359  2 0.2373 0.3032 0.1968 0.2626 
       H7389  2 0.3021 0.2615 0.1794 0.2571 
       H7390  2 0.2371 0.1939 0.2254 0.3436 
       H7391  2 0.3697 0.1281 0.2730 0.2292 
       H7392  2 0.2167 0.3190 0.2061 0.2583 
       H7393  2 0.2694 0.2167 0.2177 0.2961 
       H7398  2 0.3135 0.1680 0.2775 0.2410 
       H7399  2 0.2705 0.2698 0.1627 0.2970 
       H7400  2 0.0895 0.1140 0.6230 0.1735 
        H745  2 0.2076 0.4776 0.1555 0.1594 
        H746  2 0.2390 0.2904 0.1715 0.2991 
        H747  2 0.2774 0.1893 0.2404 0.2929 
        H748  2 0.2895 0.2234 0.1813 0.3058 
       H7484  2 0.1844 0.1531 0.4861 0.1764 
       H7485  2 0.2056 0.3298 0.2327 0.2319 
        H749  2 0.2225 0.3031 0.1796 0.2948 
        H930  2 0.3409 0.2660 0.1143 0.2787 
        H931  2 0.2208 0.2449 0.3356 0.1987 
        H932  2 0.3238 0.2343 0.1757 0.2661 
        H002  4 0.1240 0.2896 0.4089 0.1774 
        H003  4 0.2308 0.2614 0.2249 0.2828 
        H009  4 0.1833 0.4493 0.1442 0.2232 
        H010  4 0.3466 0.2365 0.1569 0.2600 
        H011  4 0.1367 0.1354 0.5505 0.1774 
        H012  4 0.3097 0.2148 0.1899 0.2856 
        H013  4 0.1738 0.1521 0.4358 0.2382 
        H014  4 0.3105 0.2703 0.1856 0.2337 
        H045  4 0.2592 0.1477 0.3949 0.1982 
        H046  4 0.1979 0.3622 0.2161 0.2238 
        H051  4 0.1537 0.1597 0.5073 0.1792 
        H052  4 0.1732 0.3120 0.3228 0.1920 
        H053  4 0.2448 0.2290 0.1941 0.3320 
        H056  4 0.1743 0.2346 0.4098 0.1813 
        H076  4 0.3244 0.3297 0.1508 0.1951 
        H151  4 0.2133 0.2152 0.2810 0.2904 
        H152  4 0.1349 0.3023 0.3669 0.1960 
     H171803  4 0.2786 0.1883 0.1996 0.3335 
     H171804  4 0.2777 0.1694 0.2937 0.2592 
     H171833  4 0.1787 0.4935 0.1412 0.1866 
     H171855  4 0.1815 0.2522 0.3454 0.2208 
     H171856  4 0.3080 0.2162 0.1754 0.3003 
     H171857  4 0.2498 0.2442 0.3061 0.1999 
     H171858  4 0.2458 0.3119 0.2142 0.2281 
     H171859  4 0.2738 0.2631 0.2320 0.2311 
     H171961  4 0.1821 0.1971 0.4039 0.2169 
        H198  4 0.2501 0.3524 0.1403 0.2572 
      H20001  4 0.1628 0.5187 0.1194 0.1991 
        H403  4 0.2849 0.2602 0.2080 0.2469 
        H404  4 0.2203 0.2858 0.2473 0.2466 
        H405  4 0.2973 0.2940 0.1677 0.2410 
        H406  4 0.2962 0.3337 0.1639 0.2062 
        H407  4 0.3376 0.2100 0.1582 0.2943 
        H410  4 0.5401 0.1489 0.0995 0.2114 
        H411  4 0.2294 0.4193 0.1466 0.2047 
        H468  4 0.2359 0.3483 0.1384 0.2774 
        H476  4 0.2337 0.2434 0.2026 0.3204 
        H477  4 0.1872 0.4379 0.1107 0.2641 
        H478  4 0.2570 0.2584 0.1999 0.2847 
        H479  4 0.1661 0.2049 0.4293 0.1997 
        H480  4 0.2478 0.3478 0.1129 0.2915 
        H498  4 0.2164 0.2715 0.2591 0.2529 
        H499  4 0.1780 0.3104 0.2878 0.2238 
        H500  4 0.2142 0.1671 0.3442 0.2745 
        H515  4 0.2569 0.2332 0.2006 0.3093 
        H516  4 0.2601 0.3476 0.1426 0.2497 
        H517  4 0.4337 0.2230 0.1225 0.2207 
        H518  4 0.1959 0.2985 0.2713 0.2342 
        H520  4 0.2805 0.2558 0.1882 0.2755 
        H521  4 0.2567 0.2225 0.2837 0.2370 
        H522  4 0.2445 0.2469 0.1762 0.3324 
        H523  4 0.2609 0.2255 0.2041 0.3094 
        H536  4 0.1875 0.3057 0.2873 0.2195 
        H645  4 0.1912 0.1371 0.4746 0.1970 
        H646  4 0.3541 0.2648 0.0991 0.2820 
        H647  4 0.2182 0.3322 0.1537 0.2959 
        H657  4 0.3742 0.2331 0.1280 0.2647 
        H658  4 0.2677 0.2032 0.1583 0.3708 
        H659  4 0.1869 0.1809 0.3208 0.3115 
        H660  4 0.1948 0.2698 0.2903 0.2451 
        H661  4 0.1770 0.3026 0.2562 0.2641 
        H668  4 0.3277 0.2504 0.1598 0.2621 
        H669  4 0.3079 0.2088 0.2345 0.2487 
        H670  4 0.2172 0.1550 0.4149 0.2129 
        H678  4 0.2701 0.2634 0.1610 0.3054 
        H679  4 0.3261 0.2496 0.1724 0.2520 
        H680  4 0.2772 0.3449 0.1659 0.2120 
        H681  4 0.2257 0.2037 0.3286 0.2420 
        H682  4 0.3984 0.1682 0.1368 0.2966 
        H683  4 0.1737 0.3057 0.3100 0.2106 
        H718  4 0.1760 0.1546 0.4619 0.2075 
        H719  4 0.2124 0.1784 0.3872 0.2220 
        H720  4 0.1596 0.2972 0.3620 0.1812 
        H721  4 0.1698 0.3258 0.3059 0.1985 
        H722  4 0.1197 0.3659 0.3334 0.1811 
        H723  4 0.2573 0.1519 0.3651 0.2256 
        H724  4 0.2582 0.1618 0.3268 0.2532 
        H725  4 0.1981 0.1923 0.4005 0.2091 
        H726  4 0.2297 0.2185 0.3149 0.2369 
        H727  4 0.2945 0.1718 0.2941 0.2396 
        H910  4 0.2839 0.1624 0.2963 0.2574 
        H911  4 0.3666 0.2300 0.1737 0.2297 
        H912  4 0.2887 0.2873 0.1820 0.2421 
        H913  4 0.2155 0.1965 0.1895 0.3985 
        H914  4 0.2539 0.1436 0.3003 0.3022 
        H915  4 0.2969 0.2130 0.1950 0.2950 
        H916  4 0.2517 0.3082 0.1650 0.2751 
       H9572  4 0.2985 0.2530 0.2000 0.2484 
        H015  5 0.2739 0.3335 0.1549 0.2377 
        H016  5 0.1627 0.4426 0.1733 0.2215 
        H017  5 0.1935 0.3180 0.1701 0.3185 
        H019  5 0.1816 0.3549 0.2419 0.2215 
        H020  5 0.1874 0.2369 0.3460 0.2297 
        H032  5 0.2872 0.2804 0.1901 0.2423 
        H033  5 0.3016 0.2228 0.1873 0.2883 
        H034  5 0.2959 0.1695 0.2924 0.2422 
        H035  5 0.2839 0.2692 0.1351 0.3117 
        H036  5 0.3263 0.2570 0.1765 0.2402 
        H037  5 0.2075 0.1870 0.2332 0.3723 
        H048  5 0.2405 0.1551 0.3742 0.2302 
        H049  5 0.1818 0.3565 0.2600 0.2016 
        H054  5 0.3029 0.2780 0.2131 0.2060 
        H055  5 0.1964 0.2823 0.3036 0.2177 
        H057  5 0.1424 0.4428 0.2147 0.2001 
        H060  5 0.1384 0.3095 0.3070 0.2451 
        H061  5 0.3129 0.2366 0.1653 0.2852 
        H064  5 0.1718 0.2378 0.4007 0.1898 
        H070  5 0.2272 0.1713 0.3410 0.2605 
        H077  5 0.1745 0.1919 0.4207 0.2129 
        H078  5 0.2151 0.3252 0.1821 0.2777 
        H079  5 0.2552 0.2257 0.1999 0.3192 
        H097  5 0.1473 0.4226 0.2031 0.2270 
        H107  5 0.1852 0.1280 0.4542 0.2325 
        H122  5 0.2439 0.3067 0.1383 0.3112 
        H123  5 0.3631 0.2439 0.1067 0.2863 
        H124  5 0.3073 0.2535 0.1531 0.2860 
        H131  5 0.3712 0.2152 0.1307 0.2830 
        H132  5 0.2263 0.2102 0.3248 0.2387 
        H141  5 0.2692 0.2194 0.2388 0.2727 
        H142  5 0.2418 0.2600 0.2037 0.2945 
        H157  5 0.2224 0.1911 0.3252 0.2613 
        H158  5 0.2286 0.4234 0.1116 0.2365 
        H159  5 0.2939 0.2975 0.1549 0.2537 
        H160  5 0.3168 0.2569 0.1419 0.2844 
        H163  5 0.3097 0.2475 0.1720 0.2708 
        H164  5 0.2437 0.2770 0.2491 0.2302 
        H165  5 0.3643 0.2205 0.1460 0.2692 
        H166  5 0.2086 0.2922 0.2467 0.2525 
        H169  5 0.2509 0.2617 0.1956 0.2917 
     H169613  5 0.1960 0.2808 0.2765 0.2467 
     H169653  5 0.2992 0.2651 0.2025 0.2333 
     H169728  5 0.2584 0.2966 0.1817 0.2632 
     H169742  5 0.1678 0.1945 0.4302 0.2075 
        H170  5 0.1722 0.4646 0.1871 0.1760 
        H171  5 0.1682 0.4116 0.2379 0.1822 
     H171851  5 0.1823 0.3644 0.1976 0.2557 
     H171852  5 0.1897 0.2675 0.2966 0.2463 
     H171853  5 0.3649 0.1771 0.2127 0.2454 
     H171854  5 0.2572 0.3386 0.1875 0.2167 
     H171938  5 0.2537 0.1643 0.3187 0.2632 
     H171939  5 0.2032 0.3630 0.2032 0.2307 
     H171941  5 0.1475 0.1620 0.4909 0.1996 
     H171965  5 0.1908 0.3734 0.2065 0.2293 
     H171970  5 0.1692 0.1591 0.4837 0.1880 
     H171973  5 0.2651 0.2193 0.2587 0.2569 
     H171974  5 0.3111 0.2005 0.2074 0.2811 
     H171975  5 0.2453 0.1910 0.3790 0.1847 
     H171976  5 0.1531 0.4393 0.2100 0.1976 
        H175  5 0.2476 0.2003 0.2929 0.2592 
        H178  5 0.1630 0.2287 0.3852 0.2231 
        H189  5 0.3570 0.2479 0.1238 0.2713 
        H399  5 0.2600 0.4063 0.1114 0.2222 
        H416  5 0.2162 0.2208 0.2984 0.2646 
        H438  5 0.3874 0.1480 0.2046 0.2600 
        H450  5 0.1253 0.2327 0.4046 0.2374 
        H455  5 0.1255 0.1128 0.6009 0.1608 
        H456  5 0.2704 0.2020 0.2438 0.2838 
        H457  5 0.1743 0.2669 0.3638 0.1950 
        H458  5 0.2433 0.1963 0.3078 0.2526 
        H459  5 0.2690 0.2656 0.1362 0.3292 
        H460  5 0.2368 0.2238 0.2345 0.3049 
        H461  5 0.1880 0.4329 0.1824 0.1967 
        H462  5 0.3209 0.2197 0.2014 0.2580 
        H469  5 0.3354 0.2385 0.1726 0.2535 
        H470  5 0.2867 0.2553 0.1993 0.2587 
        H471  5 0.2673 0.3681 0.0926 0.2720 
        H481  5 0.1700 0.1617 0.4022 0.2661 
        H482  5 0.1964 0.2934 0.2750 0.2352 
        H501  5 0.2350 0.2300 0.2676 0.2675 
        H502  5 0.2116 0.3857 0.1689 0.2338 
        H503  5 0.3128 0.2890 0.1647 0.2336 
        H509  5 0.3423 0.1735 0.2372 0.2470 
        H510  5 0.1709 0.2408 0.4047 0.1837 
        H511  5 0.2091 0.3437 0.1980 0.2492 
        H530  5 0.2904 0.1843 0.2612 0.2642 
        H531  5 0.2017 0.2631 0.2388 0.2964 
        H564  5 0.1324 0.2874 0.3670 0.2132 
        H565  5 0.1207 0.1798 0.5015 0.1980 
        H567  5 0.3780 0.2375 0.1190 0.2655 
     H568???  5 0.1871 0.4720 0.1386 0.2023 
        H608  5 0.1587 0.2272 0.3698 0.2443 
        H609  5 0.2617 0.2002 0.2963 0.2419 
        H612  5 0.2075 0.1336 0.4342 0.2247 
        H614  5 0.1947 0.2340 0.2738 0.2975 
        H615  5 0.1501 0.2546 0.3063 0.2890 
        H616  5 0.1687 0.1226 0.5094 0.1993 
        H617  5 0.3505 0.2074 0.1428 0.2993 
        H618  5 0.2072 0.1595 0.4449 0.1884 
        H619  5 0.1704 0.2008 0.4080 0.2208 
        H635  5 0.2591 0.2844 0.2305 0.2259 
        H636  5 0.2572 0.1706 0.3183 0.2539 
        H637  5 0.1348 0.2125 0.4627 0.1901 
        H644  5 0.2343 0.4472 0.0945 0.2241 
        H711  5 0.1626 0.4488 0.1582 0.2304 
        H712  5 0.1643 0.1528 0.4645 0.2184 
       H7360  5 0.1730 0.3531 0.2244 0.2496 
       H7361  5 0.1815 0.2165 0.3973 0.2047 
       H7362  5 0.2655 0.4277 0.1044 0.2024 
       H7363  5 0.2486 0.2486 0.2761 0.2266 
       H7394  5 0.2915 0.2804 0.1475 0.2807 
       H7395  5 0.1877 0.2313 0.3370 0.2440 
       H7396  5 0.2514 0.2121 0.1783 0.3582 
        H742  5 0.1663 0.1906 0.4293 0.2138 
        H743  5 0.1985 0.2376 0.3378 0.2261 
        H744  5 0.2781 0.1598 0.3291 0.2329 
        H957  5 0.1632 0.4203 0.1790 0.2375 
        H958  5 0.2585 0.2249 0.1821 0.3346 
        H959  5 0.1442 0.1543 0.5055 0.1960 
        H960  5 0.3149 0.1982 0.2387 0.2482 
        H431  8 0.3758 0.1497 0.1988 0.2757 
        H432  8 0.2836 0.3538 0.1766 0.1859 
        H433  8 0.3106 0.1889 0.2311 0.2694 
        H434  8 0.2687 0.2612 0.1549 0.3151 
        H444  8 0.2136 0.1769 0.3842 0.2253 
        H454  8 0.1569 0.1456 0.5072 0.1903 
        H475  8 0.1435 0.1843 0.4488 0.2233 
        H491  8 0.1225 0.2286 0.4592 0.1897 
        H492  8 0.1945 0.1922 0.3341 0.2792 
        H493  8 0.2613 0.3353 0.1542 0.2491 
        H494  8 0.2556 0.1919 0.3301 0.2224 
        H495  8 0.1058 0.2871 0.3750 0.2321 
        H662  8 0.2187 0.3541 0.1732 0.2540 
        H663  8 0.2692 0.2198 0.2921 0.2188 
        H695  8 0.2781 0.2034 0.2620 0.2564 
       H7367  8 0.3906 0.2097 0.1119 0.2877 
       H7368  8 0.3127 0.3046 0.1687 0.2140 
       H7369  8 0.2403 0.1854 0.3551 0.2192 
       H7370  8 0.4017 0.1970 0.0813 0.3200 
       H7371  8 0.3125 0.1883 0.2227 0.2765 
     H169705 10 0.3842 0.1922 0.1014 0.3223 
     H171942 10 0.2872 0.3523 0.1668 0.1937 
     H171943 10 0.1970 0.3051 0.1779 0.3200 
     H171944 10 0.2993 0.2074 0.1612 0.3321 
     H171946 10 0.2114 0.2853 0.1918 0.3115 
     H171947 10 0.2444 0.3079 0.1993 0.2484 
     H229641 10 0.2793 0.2392 0.2353 0.2462 
      H30001 10 0.2753 0.1948 0.2686 0.2613 
      H30002 10 0.2214 0.2326 0.2234 0.3226 
      H30005 10 0.4051 0.2137 0.1382 0.2430 
      H30006 10 0.3087 0.2778 0.1447 0.2688 
      H30007 10 0.1197 0.4997 0.1560 0.2246 
        H451 10 0.3277 0.2249 0.2142 0.2332 
        H452 10 0.4404 0.1962 0.1504 0.2130 
        H453 10 0.1710 0.2652 0.3462 0.2176 
        H473 10 0.1574 0.2465 0.3910 0.2051 
        H474 10 0.1530 0.2245 0.3190 0.3035 
        H486 10 0.2829 0.1803 0.3241 0.2127 
        H487 10 0.2765 0.2386 0.2353 0.2496 
        H488 10 0.2562 0.1693 0.3555 0.2189 
        H489 10 0.2660 0.1784 0.2299 0.3258 
        H550 10 0.2152 0.3460 0.1035 0.3353 
        H551 10 0.3355 0.1797 0.2275 0.2573 
        H553 10 0.3203 0.2164 0.2015 0.2618 
        H554 10 0.2468 0.2913 0.2125 0.2494 
        H556 10 0.2093 0.3031 0.1836 0.3040 
        H580 10 0.3815 0.2172 0.1478 0.2535 
        H591 10 0.1549 0.1432 0.4848 0.2171 
        H592 10 0.3200 0.1844 0.1850 0.3106 
        H593 10 0.2027 0.3469 0.2145 0.2358 
        H594 10 0.2829 0.3534 0.1233 0.2404 
        H627 10 0.1864 0.3341 0.2064 0.2731 
        H628 10 0.3379 0.2317 0.2225 0.2080 
        H629 10 0.2286 0.3465 0.1961 0.2288 
        H630 10 0.3182 0.2412 0.1287 0.3118 
        H638 10 0.3662 0.2528 0.1290 0.2520 
        H639 10 0.2107 0.2502 0.3200 0.2190 
        H640 10 0.3178 0.2881 0.1286 0.2654 
        H704 10 0.2174 0.3874 0.1645 0.2307 
        H705 10 0.3898 0.1724 0.0985 0.3393 
        H706 10 0.2460 0.1452 0.3998 0.2090 
        H708 10 0.1981 0.1801 0.2640 0.3578 
       H7351 10 0.2263 0.3369 0.1701 0.2666 
       H7352 10 0.2947 0.2565 0.1854 0.2634 
       H7353 10 0.1954 0.4855 0.1569 0.1621 
       H7354 10 0.1661 0.2151 0.3754 0.2435 
       H7365 10 0.2679 0.1634 0.3100 0.2587 
       H7383 10 0.2480 0.1749 0.3258 0.2512 
       H7384 10 0.2836 0.2087 0.2334 0.2744 
       H7385 10 0.2092 0.1747 0.3564 0.2596 
       H7386 10 0.3183 0.2179 0.2282 0.2357 
       H7387 10 0.2579 0.2708 0.1664 0.3049 
       H7388 10 0.4597 0.1529 0.1787 0.2086 
        H906 10 0.1103 0.2482 0.4901 0.1514 
        H907 10 0.2897 0.2949 0.1439 0.2714 
        H908 10 0.2917 0.2265 0.2397 0.2420 
        H909 10 0.1625 0.1786 0.4469 0.2119 
       H9552 10 0.2709 0.2496 0.2407 0.2389 
       H9553 10 0.3630 0.1997 0.1668 0.2705 
       H9555 10 0.3214 0.2198 0.1638 0.2949 
       H9575 10 0.2056 0.2444 0.2800 0.2700 
       H9703 10 0.2256 0.1685 0.3399 0.2661 
       H9707 10 0.2498 0.1917 0.3166 0.2419 
       HSAA4 10 0.3778 0.2151 0.1511 0.2561 
        H001 11 0.2313 0.2312 0.3167 0.2208 
        H004 11 0.2272 0.2849 0.2065 0.2814 
        H005 11 0.1658 0.1572 0.4921 0.1849 
        H006 11 0.2686 0.2190 0.2178 0.2947 
        H007 11 0.1216 0.1201 0.5798 0.1785 
        H031 11 0.2399 0.1435 0.3571 0.2594 
        H074 11 0.2570 0.2054 0.2698 0.2678 
        H075 11 0.1564 0.1466 0.4703 0.2268 
        H080 11 0.3023 0.1634 0.3121 0.2222 
        H086 11 0.3624 0.2141 0.1738 0.2497 
        H092 11 0.2481 0.2025 0.2856 0.2637 
        H093 11 0.1767 0.4254 0.1810 0.2169 
        H094 11 0.3040 0.2598 0.1293 0.3069 
        H095 11 0.2205 0.2118 0.3378 0.2299 
        H096 11 0.2046 0.1881 0.3981 0.2091 
        H099 11 0.2403 0.2230 0.2989 0.2379 
        H100 11 0.2167 0.3347 0.2144 0.2342 
        H127 11 0.3294 0.2185 0.2185 0.2337 
        H136 11 0.1577 0.2068 0.3511 0.2844 
        H153 11 0.1944 0.3120 0.2470 0.2466 
        H154 11 0.2801 0.1785 0.2349 0.3065 
        H155 11 0.3782 0.1788 0.1958 0.2472 
        H156 11 0.3272 0.2785 0.1560 0.2383 
        H161 11 0.1694 0.3369 0.2664 0.2274 
        H162 11 0.4016 0.2270 0.1152 0.2562 
        H167 11 0.2295 0.2666 0.2120 0.2919 
        H168 11 0.3110 0.2416 0.2084 0.2391 
     H169586 11 0.1157 0.4421 0.2052 0.2371 
     H169738 11 0.3107 0.2083 0.2561 0.2248 
     H169741 11 0.2194 0.1812 0.2040 0.3954 
     H171801 11 0.2328 0.4119 0.1648 0.1905 
     H171810 11 0.1607 0.1986 0.3471 0.2935 
     H171811 11 0.1800 0.2649 0.2410 0.3142 
     H171812 11 0.1876 0.2106 0.3657 0.2362 
     H171820 11 0.1843 0.2090 0.3342 0.2725 
     H171821 11 0.3056 0.2661 0.1941 0.2341 
     H171822 11 0.3550 0.2257 0.1636 0.2557 
     H171823 11 0.0957 0.3283 0.4264 0.1496 
     H171866 11 0.2601 0.3020 0.2392 0.1987 
     H171867 11 0.3542 0.1819 0.1893 0.2745 
     H171967 11 0.1963 0.1607 0.4198 0.2232 
     H171969 11 0.1719 0.2846 0.3124 0.2311 
        H172 11 0.2656 0.2132 0.2197 0.3015 
        H173 11 0.3464 0.1768 0.2002 0.2766 
        H174 11 0.3251 0.3666 0.0942 0.2141 
        H196 11 0.5236 0.1562 0.1078 0.2124 
        H197 11 0.3355 0.2514 0.1542 0.2589 
        H346 11 0.1690 0.1777 0.4179 0.2354 
        H355 11 0.1924 0.2332 0.3643 0.2101 
        H356 11 0.2201 0.2337 0.3085 0.2377 
        H357 11 0.2360 0.2032 0.3219 0.2390 
        H358 11 0.2444 0.1617 0.2997 0.2943 
        H359 11 0.2956 0.2555 0.1450 0.3038 
        H360 11 0.2712 0.2044 0.1973 0.3271 
        H361 11 0.2586 0.2057 0.2865 0.2491 
        H362 11 0.3645 0.2505 0.1202 0.2647 
        H363 11 0.2199 0.1843 0.2819 0.3140 
        H364 11 0.1616 0.3231 0.2273 0.2880 
        H365 11 0.2437 0.2815 0.2391 0.2357 
        H366 11 0.3357 0.2396 0.2016 0.2230 
        H367 11 0.3098 0.1654 0.2951 0.2297 
        H368 11 0.1666 0.4282 0.1189 0.2863 
        H369 11 0.2674 0.1341 0.3624 0.2362 
        H370 11 0.2850 0.2864 0.1491 0.2795 
        H371 11 0.3227 0.2115 0.2074 0.2584 
        H372 11 0.2990 0.2183 0.2102 0.2726 
        H373 11 0.2419 0.2478 0.2673 0.2430 
        H374 11 0.1780 0.2340 0.3342 0.2538 
        H375 11 0.2438 0.1766 0.3521 0.2274 
        H376 11 0.2397 0.3687 0.1739 0.2177 
        H377 11 0.1989 0.2393 0.2526 0.3091 
        H378 11 0.2565 0.2733 0.2225 0.2478 
        H379 11 0.2373 0.2853 0.2019 0.2755 
        H380 11 0.2823 0.2270 0.2286 0.2621 
        H381 11 0.1603 0.2793 0.3094 0.2511 
        H382 11 0.3669 0.2881 0.1111 0.2338 
        H383 11 0.2711 0.3289 0.1670 0.2330 
        H384 11 0.1879 0.2260 0.2139 0.3722 
        H385 11 0.2502 0.2165 0.2100 0.3232 
        H386 11 0.3333 0.1527 0.2574 0.2566 
        H387 11 0.1507 0.4395 0.2058 0.2040 
        H388 11 0.3282 0.2537 0.1523 0.2658 
        H389 11 0.1986 0.1542 0.4421 0.2052 
        H390 11 0.3011 0.2503 0.1749 0.2737 
        H391 11 0.2828 0.3322 0.1227 0.2623 
        H392 11 0.1294 0.1516 0.4863 0.2326 
        H393 11 0.1757 0.3689 0.2536 0.2018 
        H394 11 0.1668 0.4846 0.1748 0.1738 
        H395 11 0.2687 0.1884 0.2829 0.2600 
        H408 11 0.2201 0.1974 0.3441 0.2383 
        H412 11 0.2468 0.2599 0.1748 0.3185 
        H417 11 0.2235 0.2245 0.1975 0.3545 
        H418 11 0.3061 0.2578 0.1846 0.2515 
        H429 11 0.1886 0.2369 0.3359 0.2386 
        H430 11 0.3069 0.2213 0.2284 0.2433 
        H439 11 0.2732 0.2136 0.2064 0.3067 
        H440 11 0.1727 0.2183 0.3378 0.2712 
        H441 11 0.4877 0.1628 0.1226 0.2269 
        H442 11 0.3423 0.2329 0.1878 0.2370 
        H446 11 0.2575 0.3373 0.1715 0.2336 
        H447 11 0.2914 0.1997 0.2058 0.3032 
        H448 11 0.3969 0.1723 0.2000 0.2308 
        H534 11 0.1912 0.2099 0.3421 0.2568 
        H537 11 0.2395 0.2317 0.3165 0.2123 
        H568 11 0.1752 0.1746 0.4143 0.2358 
        H569 11 0.3900 0.2304 0.1188 0.2608 
        H586 11 0.1114 0.4554 0.1972 0.2360 
        H587 11 0.1841 0.1617 0.3531 0.3011 
        H588 11 0.1563 0.4886 0.1594 0.1957 
        H589 11 0.1380 0.1705 0.4279 0.2636 
        H590 11 0.1555 0.1938 0.4608 0.1899 
        H601 11 0.2909 0.2882 0.1827 0.2383 
        H602 11 0.3285 0.1793 0.2575 0.2347 
        H603 11 0.3043 0.1927 0.2382 0.2647 
        H610 11 0.3100 0.2217 0.2081 0.2601 
        H611 11 0.2481 0.1768 0.2364 0.3387 
        H649 11 0.2070 0.2423 0.3126 0.2381 
        H650 11 0.2623 0.2966 0.1334 0.3077 
        H651 11 0.2952 0.1769 0.2867 0.2411 
        H652 11 0.2354 0.3299 0.2039 0.2309 
       H7364 11 0.2690 0.2413 0.2141 0.2755 
       H7366 11 0.2909 0.1877 0.2703 0.2511 
       H7378 11 0.2773 0.4619 0.0858 0.1750 
       H7379 11 0.3226 0.2545 0.1792 0.2436 
        H739 11 0.2416 0.1938 0.2621 0.3025 
        H740 11 0.3247 0.2827 0.1446 0.2480 
        H741 11 0.2178 0.1725 0.2044 0.4052 
        H926 11 0.2861 0.3110 0.1721 0.2308 
        H927 11 0.4146 0.1758 0.1016 0.3080 
        H928 11 0.2929 0.2480 0.1426 0.3164 
       H9560 11 0.2458 0.3290 0.1379 0.2874 
