        H008  2 0.1252 0.1811 0.1177 0.0817 0.1305 0.1027 0.1782 0.0830 
        H021  2 0.0780 0.0863 0.1019 0.0797 0.1248 0.0728 0.1977 0.2589 
        H023  2 0.1107 0.1324 0.0917 0.1469 0.1652 0.0916 0.1086 0.1529 
        H024  2 0.1219 0.1075 0.1713 0.0426 0.1754 0.1993 0.1461 0.0360 
        H025  2 0.1460 0.1752 0.1382 0.2865 0.0824 0.0582 0.0670 0.0464 
        H026  2 0.1306 0.2481 0.2006 0.0415 0.1522 0.1063 0.0759 0.0448 
        H027  2 0.0672 0.0753 0.1111 0.0444 0.2705 0.0778 0.2115 0.1422 
        H028  2 0.1175 0.1310 0.1676 0.0843 0.1648 0.1475 0.1239 0.0634 
        H029  2 0.0626 0.0962 0.1294 0.0394 0.1496 0.2370 0.1585 0.1273 
        H030  2 0.0628 0.0962 0.1226 0.0284 0.2053 0.1070 0.3320 0.0457 
        H038  2 0.0637 0.0744 0.0725 0.0846 0.0449 0.0611 0.0924 0.5065 
        H039  2 0.1762 0.0721 0.0353 0.5520 0.0307 0.0484 0.0499 0.0354 
        H040  2 0.1022 0.0915 0.1408 0.1457 0.1007 0.0805 0.1259 0.2127 
        H041  2 0.0917 0.1231 0.0892 0.1176 0.1625 0.1923 0.1680 0.0557 
        H042  2 0.1749 0.1504 0.1150 0.1101 0.1237 0.0972 0.1146 0.1143 
        H043  2 0.1611 0.0706 0.0620 0.1976 0.0289 0.0580 0.0469 0.3750 
        H044  2 0.2106 0.1249 0.1699 0.0908 0.0792 0.1147 0.0999 0.1100 
        H047  2 0.2150 0.1257 0.1606 0.1549 0.1172 0.1120 0.0513 0.0633 
        H050  2 0.1407 0.0836 0.1011 0.0379 0.2933 0.0928 0.2144 0.0361 
        H058  2 0.1337 0.1237 0.1345 0.1947 0.0474 0.1042 0.0794 0.1823 
        H062  2 0.0755 0.1481 0.0888 0.1364 0.0949 0.0483 0.1112 0.2968 
        H063  2 0.1193 0.0825 0.0800 0.3290 0.0673 0.1044 0.0718 0.1457 
        H065  2 0.1120 0.1502 0.3138 0.1241 0.1125 0.0634 0.0540 0.0700 
        H066  2 0.2266 0.1202 0.1175 0.0765 0.0913 0.2250 0.0586 0.0842 
        H067  2 0.0712 0.1721 0.1545 0.0435 0.1367 0.1285 0.1719 0.1217 
        H068  2 0.2089 0.0829 0.0962 0.2811 0.0808 0.1044 0.0883 0.0575 
        H069  2 0.1014 0.0986 0.1563 0.0927 0.0857 0.0813 0.1611 0.2229 
        H071  2 0.1033 0.1541 0.1554 0.0960 0.0927 0.1083 0.1357 0.1546 
        H072  2 0.1672 0.0946 0.0549 0.4668 0.0542 0.0740 0.0462 0.0422 
        H073  2 0.0640 0.1072 0.1841 0.0521 0.1203 0.1060 0.1731 0.1932 
        H081  2 0.0666 0.2130 0.0630 0.2222 0.1195 0.0726 0.1716 0.0715 
        H082  2 0.1735 0.0736 0.1048 0.0710 0.1561 0.0881 0.2461 0.0868 
        H083  2 0.1027 0.1428 0.1545 0.0599 0.0955 0.1044 0.2655 0.0746 
        H084  2 0.0947 0.0778 0.1157 0.1091 0.1066 0.1635 0.1081 0.2244 
        H085  2 0.0396 0.1221 0.0586 0.0661 0.3368 0.0398 0.2773 0.0597 
        H087  2 0.0811 0.1774 0.0643 0.0658 0.1873 0.0949 0.2064 0.1228 
        H088  2 0.1390 0.1609 0.1082 0.1927 0.0932 0.0917 0.1032 0.1111 
        H089  2 0.0676 0.1315 0.1393 0.0925 0.1380 0.0911 0.1425 0.1975 
        H090  2 0.0656 0.0599 0.0717 0.0443 0.3883 0.0877 0.2491 0.0334 
        H091  2 0.0304 0.0356 0.0504 0.0223 0.4115 0.0368 0.3568 0.0561 
        H098  2 0.1833 0.1013 0.1163 0.1186 0.1263 0.1567 0.1379 0.0597 
      H10001  2 0.1251 0.1129 0.0278 0.5390 0.0398 0.0317 0.0548 0.0689 
      H10002  2 0.1185 0.1233 0.1411 0.1398 0.0951 0.0815 0.1267 0.1739 
        H101  2 0.1664 0.0816 0.0861 0.0555 0.2785 0.0768 0.2167 0.0384 
        H108  2 0.0819 0.2208 0.0596 0.3711 0.1068 0.0412 0.0719 0.0468 
        H109  2 0.2006 0.0891 0.1150 0.1587 0.0754 0.1989 0.0568 0.1056 
        H110  2 0.0605 0.1265 0.0782 0.0448 0.1307 0.0741 0.2965 0.1888 
        H116  2 0.1076 0.1493 0.2461 0.0613 0.0858 0.1588 0.1175 0.0736 
        H117  2 0.0473 0.0630 0.0599 0.0320 0.2888 0.3075 0.1675 0.0340 
        H118  2 0.0444 0.0673 0.1102 0.0303 0.3947 0.0521 0.2384 0.0624 
        H119  2 0.0455 0.0950 0.0748 0.0766 0.0865 0.4136 0.1280 0.0800 
        H120  2 0.0728 0.2062 0.0586 0.4655 0.0458 0.0402 0.0594 0.0514 
        H121  2 0.0534 0.0503 0.0470 0.0372 0.3975 0.0333 0.3475 0.0338 
        H125  2 0.0897 0.0765 0.0574 0.4674 0.0404 0.1133 0.0962 0.0591 
        H126  2 0.1749 0.1583 0.2209 0.1666 0.0867 0.0529 0.0937 0.0460 
        H128  2 0.0308 0.0319 0.0422 0.0127 0.4457 0.0382 0.3785 0.0199 
        H129  2 0.1296 0.1893 0.3142 0.0451 0.0819 0.0724 0.0850 0.0826 
        H130  2 0.1777 0.1633 0.1333 0.2142 0.0581 0.1385 0.0645 0.0505 
        H133  2 0.2038 0.0967 0.1131 0.3328 0.0660 0.0830 0.0598 0.0449 
        H134  2 0.1044 0.1812 0.4101 0.0304 0.1216 0.0545 0.0513 0.0465 
        H135  2 0.1041 0.1389 0.1068 0.1476 0.1230 0.1154 0.1493 0.1150 
        H137  2 0.1803 0.0825 0.0996 0.0594 0.1253 0.3244 0.0916 0.0368 
        H138  2 0.0983 0.2429 0.2203 0.0410 0.1020 0.1426 0.0640 0.0890 
        H140  2 0.1396 0.1040 0.1016 0.0821 0.2608 0.1279 0.1361 0.0479 
        H146  2 0.0702 0.0446 0.0686 0.0415 0.4120 0.0715 0.2499 0.0417 
        H147  2 0.0632 0.0811 0.0766 0.0522 0.1383 0.0873 0.3336 0.1676 
        H148  2 0.0946 0.0968 0.0924 0.0415 0.1967 0.2193 0.1533 0.1054 
     H166022  2 0.0836 0.0840 0.1247 0.0432 0.1052 0.2181 0.1939 0.1473 
     H167359  2 0.2259 0.1406 0.1644 0.0718 0.0615 0.1640 0.0847 0.0870 
     H167397  2 0.0969 0.1045 0.1481 0.0245 0.1283 0.1934 0.2198 0.0845 
     H167428  2 0.0540 0.0839 0.1332 0.0421 0.3762 0.0492 0.2124 0.0490 
     H167496  2 0.0871 0.1203 0.0615 0.3734 0.0848 0.1034 0.1129 0.0565 
     H167513  2 0.2387 0.0442 0.0434 0.2219 0.0363 0.0425 0.0335 0.3394 
     H167545  2 0.2434 0.0835 0.1592 0.0565 0.1637 0.0972 0.0677 0.1288 
     H167547  2 0.0541 0.1212 0.1367 0.0333 0.0537 0.5222 0.0425 0.0361 
     H169621  2 0.0832 0.0664 0.0805 0.0266 0.2348 0.0996 0.3513 0.0576 
     H169622  2 0.1670 0.1336 0.1659 0.0310 0.0695 0.1098 0.0791 0.2441 
     H169750  2 0.1149 0.1061 0.1813 0.1164 0.0767 0.1427 0.1928 0.0691 
     H171806  2 0.0726 0.1003 0.1674 0.0715 0.1869 0.2137 0.1239 0.0637 
     H171808  2 0.0833 0.1095 0.1486 0.0698 0.1049 0.0927 0.1150 0.2763 
     H171809  2 0.0954 0.1791 0.1034 0.0968 0.1160 0.0862 0.1693 0.1537 
     H171813  2 0.1059 0.2340 0.1711 0.0724 0.0838 0.1263 0.0899 0.1165 
     H171815  2 0.1397 0.0759 0.0868 0.3224 0.0520 0.0571 0.0560 0.2101 
     H171824  2 0.0970 0.1359 0.0851 0.0853 0.1713 0.1911 0.1595 0.0749 
     H171825  2 0.1280 0.1671 0.1984 0.0465 0.0852 0.1209 0.0941 0.1598 
     H171826  2 0.1265 0.1656 0.1458 0.1161 0.1155 0.1673 0.0823 0.0809 
     H171827  2 0.0959 0.0977 0.1153 0.0643 0.0908 0.0918 0.1787 0.2656 
     H171828  2 0.0553 0.1753 0.0416 0.4724 0.0542 0.0595 0.0865 0.0553 
     H171829  2 0.1250 0.1106 0.1914 0.1335 0.0796 0.1643 0.1076 0.0880 
     H171830  2 0.1713 0.0786 0.1029 0.1978 0.0940 0.1612 0.1116 0.0826 
     H171831  2 0.1867 0.1303 0.2184 0.0766 0.1390 0.1004 0.0807 0.0678 
     H171832  2 0.1961 0.2211 0.1904 0.0696 0.0950 0.1016 0.0607 0.0653 
     H171863  2 0.1217 0.1213 0.2388 0.0420 0.1344 0.0925 0.1634 0.0859 
     H171864  2 0.1656 0.0787 0.0942 0.1549 0.1252 0.2050 0.0733 0.1031 
     H171865  2 0.1252 0.0527 0.0706 0.4689 0.0604 0.0888 0.0515 0.0819 
     H171879  2 0.1322 0.0907 0.1331 0.0513 0.1555 0.3125 0.0723 0.0524 
     H171880  2 0.1177 0.0779 0.1046 0.0468 0.2477 0.1779 0.1487 0.0787 
     H171881  2 0.1647 0.1727 0.1552 0.0484 0.1157 0.1064 0.1366 0.1002 
     H171882  2 0.1239 0.0773 0.0350 0.6270 0.0308 0.0358 0.0371 0.0331 
     H171929  2 0.1195 0.1267 0.1382 0.1039 0.1815 0.0873 0.1715 0.0715 
     H171930  2 0.3187 0.0870 0.1054 0.0504 0.1665 0.1384 0.0632 0.0703 
     H171933  2 0.0919 0.1027 0.1180 0.0496 0.1284 0.2209 0.1921 0.0963 
     H171934  2 0.0986 0.1439 0.0984 0.0492 0.1189 0.1922 0.1568 0.1420 
     H171937  2 0.3206 0.1301 0.2124 0.0634 0.0992 0.0705 0.0679 0.0358 
     H171962  2 0.1726 0.1936 0.1384 0.0914 0.1185 0.1020 0.0885 0.0950 
        H190  2 0.1753 0.1534 0.1703 0.0797 0.1210 0.1095 0.1110 0.0798 
        H191  2 0.0751 0.1244 0.1648 0.1856 0.1252 0.1747 0.0856 0.0646 
        H396  2 0.0491 0.1628 0.0856 0.1129 0.1226 0.0498 0.2233 0.1940 
        H397  2 0.1773 0.1107 0.1457 0.0764 0.1597 0.1051 0.1469 0.0782 
        H398  2 0.1072 0.1573 0.2335 0.0933 0.0840 0.0651 0.1002 0.1593 
        H400  2 0.1198 0.1317 0.1307 0.1014 0.0897 0.0741 0.0753 0.2774 
        H401  2 0.0632 0.0775 0.0688 0.0302 0.1701 0.4805 0.0817 0.0280 
        H402  2 0.0949 0.0996 0.1135 0.0491 0.0931 0.1646 0.2121 0.1732 
        H427  2 0.0635 0.1230 0.1136 0.0601 0.1416 0.1056 0.2285 0.1640 
        H428  2 0.0603 0.0731 0.1072 0.0371 0.3973 0.0625 0.2142 0.0484 
        H497  2 0.1831 0.0548 0.0702 0.2564 0.0363 0.0386 0.0372 0.3233 
        H512  2 0.1066 0.1243 0.1430 0.0929 0.1234 0.1932 0.0974 0.1193 
        H513  2 0.2225 0.0513 0.0524 0.2245 0.0351 0.0413 0.0311 0.3418 
        H514  2 0.1424 0.1703 0.1787 0.1188 0.1057 0.0961 0.0830 0.1050 
        H519  2 0.2385 0.0512 0.0580 0.2089 0.0515 0.0566 0.0439 0.2914 
        H532  2 0.0622 0.0864 0.0982 0.0283 0.1105 0.1055 0.1658 0.3432 
        H543  2 0.1077 0.0876 0.1244 0.0412 0.1206 0.1303 0.1818 0.2064 
        H544  2 0.1412 0.1244 0.1990 0.1924 0.0742 0.0663 0.1019 0.1008 
        H545  2 0.2660 0.0784 0.1616 0.0513 0.1793 0.0749 0.0684 0.1199 
        H546  2 0.1133 0.0989 0.1152 0.3733 0.0733 0.0716 0.0466 0.1078 
        H547  2 0.0380 0.1255 0.1247 0.0285 0.0541 0.5413 0.0493 0.0387 
        H548  2 0.0948 0.1103 0.1127 0.1065 0.1180 0.1601 0.0930 0.2046 
        H549  2 0.1626 0.0270 0.0402 0.1499 0.0408 0.0437 0.0416 0.4943 
        H620  2 0.1214 0.0848 0.0322 0.6138 0.0314 0.0446 0.0327 0.0392 
        H623  2 0.2808 0.1099 0.2031 0.0687 0.1054 0.0671 0.0988 0.0661 
        H624  2 0.1610 0.0717 0.0745 0.0730 0.0303 0.0720 0.0696 0.4479 
        H625  2 0.1359 0.1604 0.1105 0.1117 0.1043 0.0905 0.1415 0.1451 
        H626  2 0.0714 0.0991 0.0949 0.1589 0.0516 0.1269 0.0742 0.3230 
        H654  2 0.1520 0.0452 0.0325 0.3996 0.0258 0.0303 0.0390 0.2755 
        H655  2 0.2416 0.1293 0.0976 0.0883 0.0980 0.1737 0.0719 0.0998 
        H656  2 0.1014 0.1542 0.0324 0.5757 0.0277 0.0276 0.0463 0.0347 
        H666  2 0.1742 0.0512 0.0619 0.4498 0.0947 0.0660 0.0615 0.0407 
        H667  2 0.0539 0.0912 0.0771 0.0315 0.0606 0.0915 0.3001 0.2942 
        H677  2 0.1170 0.0968 0.1179 0.0329 0.1020 0.1338 0.1375 0.2622 
        H693  2 0.0832 0.2333 0.0602 0.2685 0.1299 0.0506 0.1103 0.0641 
        H694  2 0.3209 0.1303 0.1413 0.0768 0.1211 0.0740 0.1026 0.0330 
        H701  2 0.2088 0.1759 0.1102 0.0452 0.1171 0.1193 0.1335 0.0899 
        H702  2 0.1222 0.1157 0.1355 0.0945 0.0859 0.1860 0.1078 0.1524 
        H731  2 0.0647 0.1276 0.0821 0.1387 0.1471 0.0874 0.2346 0.1179 
       H7359  2 0.2300 0.1393 0.1476 0.0644 0.0740 0.1772 0.0838 0.0837 
       H7389  2 0.0843 0.1062 0.1386 0.0770 0.1365 0.1706 0.1035 0.1833 
       H7390  2 0.1480 0.0937 0.1019 0.1371 0.0481 0.1278 0.1030 0.2404 
       H7391  2 0.0537 0.1075 0.0551 0.0626 0.1503 0.2737 0.2105 0.0867 
       H7392  2 0.1127 0.1413 0.1661 0.0645 0.0987 0.1051 0.1819 0.1297 
       H7393  2 0.1352 0.1076 0.0991 0.1128 0.0852 0.1607 0.1039 0.1954 
       H7398  2 0.1011 0.1241 0.0887 0.0911 0.1919 0.1159 0.2157 0.0716 
       H7399  2 0.0640 0.1278 0.1209 0.0216 0.1220 0.0715 0.2775 0.1947 
       H7400  2 0.1615 0.0660 0.0306 0.5949 0.0233 0.0254 0.0329 0.0654 
        H745  2 0.0815 0.1713 0.3823 0.0926 0.0744 0.0632 0.0791 0.0555 
        H746  2 0.0491 0.0898 0.1017 0.0223 0.0497 0.0566 0.3135 0.3173 
        H747  2 0.1265 0.0698 0.1162 0.2776 0.0923 0.1259 0.1061 0.0856 
        H748  2 0.0904 0.1133 0.1464 0.0935 0.0907 0.1428 0.1332 0.1898 
       H7484  2 0.1240 0.1136 0.0703 0.4314 0.0646 0.0997 0.0686 0.0278 
       H7485  2 0.1698 0.0941 0.0877 0.2321 0.0423 0.0493 0.0556 0.2691 
        H749  2 0.0636 0.0853 0.1248 0.0576 0.0507 0.0661 0.1008 0.4510 
        H930  2 0.2980 0.1121 0.0976 0.0590 0.1513 0.1615 0.0618 0.0587 
        H931  2 0.1386 0.1330 0.1411 0.1674 0.1085 0.1321 0.1282 0.0510 
        H932  2 0.0945 0.1238 0.1254 0.0533 0.1388 0.2670 0.0911 0.1061 
        H002  4 0.1798 0.1378 0.1543 0.2582 0.0725 0.0689 0.0522 0.0763 
        H003  4 0.0475 0.1011 0.1177 0.0337 0.0722 0.0551 0.3034 0.2692 
        H009  4 0.2144 0.1926 0.1459 0.0528 0.0843 0.0972 0.0596 0.1533 
        H010  4 0.1012 0.1230 0.1326 0.0475 0.1739 0.2211 0.1078 0.0930 
        H011  4 0.0886 0.1932 0.0560 0.3187 0.1324 0.0516 0.0923 0.0673 
        H012  4 0.0959 0.1359 0.1307 0.0453 0.0985 0.1103 0.2268 0.1566 
        H013  4 0.0653 0.1846 0.0679 0.2306 0.0747 0.0602 0.1786 0.1381 
        H014  4 0.1464 0.1703 0.1571 0.0653 0.1773 0.1076 0.1071 0.0689 
        H045  4 0.0866 0.1039 0.0785 0.2388 0.1745 0.1123 0.1403 0.0651 
        H046  4 0.0981 0.1492 0.1735 0.0435 0.1665 0.0798 0.1313 0.1579 
        H051  4 0.0760 0.2341 0.0793 0.2879 0.1010 0.0581 0.1076 0.0559 
        H052  4 0.1787 0.1222 0.1702 0.2592 0.0790 0.0631 0.0842 0.0435 
        H053  4 0.1092 0.1336 0.1283 0.0822 0.1487 0.1522 0.1419 0.1038 
        H056  4 0.1067 0.0997 0.0884 0.4181 0.0569 0.0937 0.0511 0.0854 
        H076  4 0.0788 0.2183 0.2489 0.0450 0.1111 0.1704 0.0458 0.0817 
        H151  4 0.1616 0.1682 0.1160 0.1164 0.0661 0.1103 0.0843 0.1771 
        H152  4 0.2179 0.1510 0.1495 0.1716 0.1048 0.0969 0.0588 0.0495 
     H171803  4 0.0727 0.0731 0.0992 0.0561 0.0805 0.1064 0.1586 0.3534 
     H171804  4 0.0886 0.1022 0.0955 0.1593 0.0910 0.1480 0.1365 0.1788 
     H171833  4 0.1463 0.1757 0.2867 0.0628 0.1048 0.0971 0.0622 0.0645 
     H171855  4 0.0897 0.1820 0.1753 0.2061 0.0473 0.0971 0.0575 0.1449 
     H171856  4 0.0908 0.0665 0.0907 0.0986 0.1335 0.0884 0.1223 0.3092 
     H171857  4 0.1042 0.0942 0.1441 0.2394 0.0938 0.1514 0.0912 0.0818 
     H171858  4 0.1302 0.1537 0.1997 0.0858 0.1266 0.1385 0.0748 0.0907 
     H171859  4 0.0951 0.1468 0.1837 0.0767 0.1022 0.2063 0.0921 0.0969 
     H171961  4 0.0727 0.1574 0.1084 0.2514 0.0817 0.0694 0.0749 0.1839 
        H198  4 0.0942 0.1580 0.1535 0.0319 0.1435 0.1013 0.1534 0.1643 
      H20001  4 0.2384 0.1602 0.1473 0.1311 0.0788 0.0902 0.0347 0.1191 
        H403  4 0.0983 0.0892 0.1595 0.0956 0.0763 0.1713 0.1081 0.2018 
        H404  4 0.0977 0.1439 0.1561 0.0583 0.1535 0.0910 0.1547 0.1449 
        H405  4 0.0759 0.0869 0.2616 0.0492 0.0994 0.1303 0.1242 0.1725 
        H406  4 0.1256 0.1009 0.1630 0.1119 0.0778 0.3043 0.0603 0.0561 
        H407  4 0.0782 0.0810 0.1132 0.0721 0.1434 0.2138 0.0954 0.2031 
        H410  4 0.0362 0.0685 0.0759 0.0268 0.2201 0.5003 0.0427 0.0296 
        H411  4 0.1498 0.1803 0.1897 0.0999 0.1214 0.1021 0.0692 0.0876 
        H468  4 0.1792 0.1056 0.1964 0.0629 0.1014 0.1558 0.0933 0.1052 
        H476  4 0.2029 0.0981 0.1297 0.1092 0.0669 0.1900 0.0891 0.1141 
        H477  4 0.1221 0.1133 0.2029 0.0519 0.1031 0.0792 0.0730 0.2545 
        H478  4 0.0752 0.1047 0.0984 0.0483 0.0778 0.0576 0.2108 0.3273 
        H479  4 0.1062 0.1460 0.0968 0.2633 0.1213 0.0523 0.1229 0.0911 
        H480  4 0.1148 0.1134 0.2121 0.0406 0.0969 0.1417 0.1143 0.1663 
        H498  4 0.0920 0.1356 0.1282 0.0935 0.0870 0.0907 0.2226 0.1504 
        H499  4 0.1649 0.1416 0.1301 0.1242 0.1483 0.0689 0.0887 0.1334 
        H500  4 0.1392 0.0908 0.0857 0.2447 0.0692 0.1291 0.1108 0.1306 
        H515  4 0.1045 0.1561 0.1158 0.1193 0.1058 0.1144 0.0869 0.1971 
        H516  4 0.1954 0.1703 0.1602 0.0454 0.1020 0.1896 0.0850 0.0521 
        H517  4 0.0757 0.0931 0.0879 0.0480 0.1194 0.4770 0.0554 0.0435 
        H518  4 0.1633 0.1208 0.1569 0.2354 0.0782 0.1021 0.0874 0.0558 
        H520  4 0.1213 0.0766 0.1376 0.1962 0.0911 0.1733 0.1207 0.0832 
        H521  4 0.1291 0.2193 0.1224 0.0773 0.1291 0.0775 0.1660 0.0794 
        H522  4 0.1252 0.0968 0.1507 0.0756 0.1059 0.1686 0.1105 0.1667 
        H523  4 0.1302 0.1029 0.1253 0.0897 0.1962 0.1059 0.1800 0.0698 
        H536  4 0.0672 0.1285 0.2335 0.0676 0.1325 0.0779 0.1397 0.1531 
        H645  4 0.0627 0.1431 0.0755 0.2254 0.1688 0.0785 0.1209 0.1251 
        H646  4 0.1710 0.1343 0.0965 0.0291 0.2712 0.0790 0.1514 0.0675 
        H647  4 0.1500 0.0963 0.1468 0.0728 0.0707 0.1214 0.1009 0.2412 
        H657  4 0.0685 0.1064 0.1588 0.0424 0.0740 0.3349 0.0991 0.1158 
        H658  4 0.1979 0.1472 0.1295 0.0558 0.1414 0.1197 0.1110 0.0976 
        H659  4 0.0677 0.0944 0.0687 0.2196 0.0356 0.0770 0.0917 0.3452 
        H660  4 0.1850 0.1511 0.1312 0.1050 0.1074 0.0577 0.1286 0.1339 
        H661  4 0.0820 0.1703 0.0906 0.1846 0.0442 0.1086 0.0615 0.2582 
        H668  4 0.0809 0.1649 0.1508 0.0408 0.1635 0.1108 0.1588 0.1296 
        H669  4 0.1113 0.1192 0.1233 0.0947 0.2210 0.0995 0.1385 0.0926 
        H670  4 0.0764 0.2017 0.0765 0.0985 0.1379 0.0740 0.2011 0.1339 
        H678  4 0.1087 0.1035 0.1037 0.1857 0.0638 0.0859 0.0625 0.2862 
        H679  4 0.1866 0.1207 0.1256 0.0652 0.1490 0.1646 0.1102 0.0781 
        H680  4 0.0902 0.1897 0.1718 0.1648 0.0648 0.1245 0.0664 0.1278 
        H681  4 0.0920 0.1305 0.1257 0.1917 0.0791 0.1179 0.1413 0.1218 
        H682  4 0.1025 0.0930 0.0798 0.0592 0.1521 0.2400 0.1519 0.1214 
        H683  4 0.1444 0.1137 0.1113 0.2387 0.0969 0.0820 0.1747 0.0384 
        H718  4 0.1420 0.0685 0.0462 0.4812 0.0824 0.0827 0.0564 0.0406 
        H719  4 0.2006 0.1798 0.0606 0.1244 0.2115 0.0436 0.1304 0.0490 
        H720  4 0.2477 0.1404 0.0878 0.1783 0.0908 0.0331 0.0438 0.1782 
        H721  4 0.0966 0.1803 0.2219 0.0982 0.0608 0.0800 0.0862 0.1760 
        H722  4 0.1385 0.1219 0.1967 0.2336 0.0513 0.0666 0.0686 0.1227 
        H723  4 0.0910 0.1224 0.0697 0.2268 0.0770 0.1470 0.1612 0.1049 
        H724  4 0.1151 0.0714 0.0666 0.3044 0.0606 0.1755 0.1319 0.0744 
        H725  4 0.0997 0.0862 0.0714 0.4059 0.0681 0.1030 0.1020 0.0637 
        H726  4 0.1573 0.1411 0.1104 0.1442 0.0894 0.1692 0.0785 0.1100 
        H727  4 0.0959 0.1600 0.0914 0.1139 0.1390 0.1695 0.1591 0.0711 
        H910  4 0.1371 0.1224 0.0983 0.1505 0.1389 0.1451 0.1095 0.0982 
        H911  4 0.0936 0.0780 0.1199 0.0658 0.1279 0.3727 0.1012 0.0409 
        H912  4 0.1463 0.1141 0.1799 0.1238 0.0944 0.1641 0.0884 0.0890 
        H913  4 0.1084 0.0938 0.0813 0.0683 0.1804 0.1069 0.2365 0.1245 
        H914  4 0.0976 0.0950 0.0963 0.1062 0.0905 0.0796 0.1193 0.3155 
        H915  4 0.0975 0.0954 0.1478 0.1094 0.0699 0.1578 0.0924 0.2297 
        H916  4 0.1691 0.0854 0.1271 0.0975 0.0922 0.0826 0.0608 0.2853 
       H9572  4 0.1647 0.1153 0.1100 0.0819 0.0739 0.1627 0.1261 0.1654 
        H015  5 0.3137 0.1095 0.1280 0.0549 0.1272 0.0770 0.1122 0.0775 
        H016  5 0.0818 0.1297 0.2610 0.0701 0.1055 0.0941 0.1437 0.1141 
        H017  5 0.1407 0.1257 0.1510 0.0807 0.0839 0.0736 0.0951 0.2493 
        H019  5 0.1564 0.1904 0.1599 0.1119 0.0967 0.1056 0.1149 0.0644 
        H020  5 0.1178 0.1090 0.1023 0.1013 0.2529 0.0467 0.1457 0.1245 
        H032  5 0.1321 0.1277 0.1725 0.0872 0.0988 0.2285 0.0902 0.0630 
        H033  5 0.1622 0.1059 0.1431 0.0488 0.1810 0.1031 0.1736 0.0824 
        H034  5 0.0790 0.1675 0.1277 0.1319 0.1085 0.1694 0.1284 0.0876 
        H035  5 0.1110 0.1230 0.1190 0.0781 0.1098 0.1484 0.0919 0.2188 
        H036  5 0.2790 0.0690 0.0965 0.0620 0.1971 0.1195 0.1294 0.0474 
        H037  5 0.0736 0.1064 0.0888 0.1052 0.1103 0.0793 0.1072 0.3291 
        H048  5 0.0807 0.1160 0.1003 0.2104 0.1090 0.1629 0.1253 0.0953 
        H049  5 0.3041 0.1177 0.1320 0.0774 0.1770 0.0623 0.0890 0.0405 
        H054  5 0.0835 0.1307 0.2470 0.0676 0.1028 0.2180 0.0972 0.0532 
        H055  5 0.0906 0.2454 0.1460 0.0846 0.0889 0.1219 0.1354 0.0871 
        H057  5 0.1324 0.1312 0.4162 0.0734 0.0568 0.0601 0.0599 0.0700 
        H060  5 0.0825 0.2412 0.1510 0.1027 0.0486 0.0717 0.0659 0.2363 
        H061  5 0.0906 0.1324 0.1152 0.0347 0.0874 0.1112 0.1910 0.2374 
        H064  5 0.0891 0.1880 0.1329 0.2060 0.0844 0.0653 0.1470 0.0873 
        H070  5 0.0865 0.1622 0.0903 0.1306 0.1095 0.0838 0.1561 0.1811 
        H077  5 0.1365 0.1092 0.0783 0.4020 0.0582 0.0823 0.0607 0.0727 
        H078  5 0.1423 0.1352 0.1549 0.1217 0.0853 0.1342 0.1212 0.1053 
        H079  5 0.0539 0.0889 0.1076 0.0462 0.2667 0.0575 0.2325 0.1467 
        H097  5 0.1672 0.1642 0.1874 0.0826 0.0604 0.1634 0.1080 0.0668 
        H107  5 0.0917 0.1657 0.0734 0.2526 0.0972 0.0920 0.1396 0.0879 
        H122  5 0.1256 0.1234 0.1634 0.0380 0.0573 0.1304 0.0772 0.2846 
        H123  5 0.0648 0.1037 0.1579 0.0316 0.1478 0.2501 0.1478 0.0963 
        H124  5 0.1018 0.1214 0.1384 0.0314 0.1587 0.2580 0.1179 0.0725 
        H131  5 0.1051 0.1150 0.0958 0.0288 0.2762 0.1193 0.2065 0.0533 
        H132  5 0.1312 0.1658 0.1382 0.0926 0.1200 0.1105 0.1567 0.0850 
        H141  5 0.1142 0.1141 0.1261 0.0846 0.0933 0.1287 0.1084 0.2307 
        H142  5 0.1181 0.1219 0.1240 0.0312 0.1308 0.0868 0.2139 0.1732 
        H157  5 0.1111 0.1624 0.1500 0.1317 0.1012 0.1207 0.1365 0.0864 
        H158  5 0.1343 0.1098 0.3004 0.0352 0.1365 0.0850 0.1037 0.0950 
        H159  5 0.1137 0.1214 0.1828 0.0353 0.0909 0.1805 0.1302 0.1452 
        H160  5 0.0877 0.0932 0.1707 0.0656 0.0922 0.2602 0.1338 0.0965 
        H163  5 0.1874 0.1558 0.1286 0.0474 0.2011 0.1079 0.1077 0.0641 
        H164  5 0.0774 0.1621 0.1159 0.0950 0.0687 0.1197 0.2571 0.1040 
        H165  5 0.0641 0.0935 0.0914 0.0404 0.2882 0.1025 0.2148 0.1050 
        H166  5 0.2467 0.1128 0.0884 0.0544 0.2494 0.0496 0.1434 0.0555 
        H169  5 0.1255 0.1517 0.1329 0.0487 0.1730 0.1004 0.1381 0.1297 
     H169613  5 0.1368 0.1724 0.1223 0.0957 0.1479 0.1299 0.1050 0.0899 
     H169653  5 0.1594 0.1259 0.1179 0.0460 0.2102 0.0902 0.1863 0.0640 
     H169728  5 0.1974 0.1379 0.1447 0.1030 0.1256 0.1453 0.0571 0.0888 
     H169742  5 0.1167 0.1658 0.0851 0.1085 0.1840 0.0397 0.1268 0.1736 
        H170  5 0.1780 0.2401 0.2523 0.0493 0.0542 0.1349 0.0349 0.0563 
        H171  5 0.0957 0.2282 0.2337 0.0935 0.1023 0.1027 0.0724 0.0713 
     H171851  5 0.1126 0.1708 0.1808 0.0784 0.1266 0.1056 0.1537 0.0714 
     H171852  5 0.1558 0.0910 0.1494 0.2089 0.0706 0.0989 0.0950 0.1304 
     H171853  5 0.1069 0.1168 0.1002 0.0753 0.1013 0.2748 0.1508 0.0739 
     H171854  5 0.1647 0.1703 0.1440 0.1587 0.0960 0.1239 0.0593 0.0830 
     H171938  5 0.0907 0.1408 0.0906 0.0919 0.1073 0.1068 0.1949 0.1770 
     H171939  5 0.0555 0.1094 0.1386 0.0516 0.2384 0.0610 0.2550 0.0906 
     H171941  5 0.0933 0.2594 0.0746 0.2220 0.0947 0.0764 0.1277 0.0520 
     H171965  5 0.1283 0.1675 0.2169 0.0473 0.1000 0.1214 0.1123 0.1065 
     H171970  5 0.0898 0.1852 0.0656 0.3339 0.0904 0.0695 0.1002 0.0655 
     H171973  5 0.0859 0.1328 0.1266 0.0698 0.1377 0.1639 0.1486 0.1346 
     H171974  5 0.1038 0.1635 0.1102 0.0753 0.1479 0.1179 0.1548 0.1265 
     H171975  5 0.1351 0.1321 0.1168 0.1861 0.1618 0.1108 0.1091 0.0482 
     H171976  5 0.2054 0.1290 0.1625 0.1736 0.1345 0.0976 0.0395 0.0579 
        H175  5 0.1331 0.1211 0.1114 0.1492 0.1350 0.1508 0.1089 0.0905 
        H178  5 0.0998 0.2578 0.1134 0.1376 0.1014 0.0645 0.1302 0.0953 
        H189  5 0.0787 0.1123 0.1459 0.0286 0.2643 0.0597 0.2249 0.0856 
        H399  5 0.0629 0.1205 0.3591 0.0468 0.0467 0.2619 0.0507 0.0513 
        H416  5 0.0517 0.0958 0.0861 0.1175 0.0778 0.0865 0.0874 0.3972 
        H438  5 0.0920 0.0970 0.1007 0.0911 0.1317 0.2160 0.1633 0.1083 
        H450  5 0.1007 0.1992 0.0987 0.1663 0.0555 0.0664 0.0712 0.2420 
        H455  5 0.0582 0.2324 0.0451 0.3840 0.1035 0.0399 0.1012 0.0357 
        H456  5 0.0831 0.1136 0.1022 0.0528 0.1025 0.0922 0.2366 0.2169 
        H457  5 0.2030 0.1488 0.1551 0.2115 0.0598 0.0913 0.0656 0.0648 
        H458  5 0.0797 0.2166 0.1256 0.0675 0.0890 0.1336 0.1924 0.0956 
        H459  5 0.1302 0.1323 0.1216 0.0253 0.0998 0.1624 0.1741 0.1543 
        H460  5 0.0754 0.0868 0.1041 0.1208 0.0794 0.0673 0.1052 0.3611 
        H461  5 0.1865 0.1709 0.2044 0.0656 0.1249 0.1074 0.0586 0.0816 
        H462  5 0.2781 0.1062 0.0990 0.0615 0.1791 0.1268 0.1076 0.0417 
        H469  5 0.1442 0.1154 0.1353 0.0606 0.1658 0.1277 0.1795 0.0716 
        H470  5 0.1491 0.1568 0.1554 0.1182 0.0791 0.1178 0.1160 0.1077 
        H471  5 0.1811 0.1279 0.1722 0.0470 0.1173 0.1784 0.0634 0.1125 
        H481  5 0.1344 0.0726 0.0728 0.3567 0.0942 0.0722 0.0918 0.1053 
        H482  5 0.1590 0.1769 0.1392 0.1210 0.0685 0.1551 0.0784 0.1020 
        H501  5 0.1182 0.1450 0.1210 0.1406 0.1079 0.1217 0.1166 0.1288 
        H502  5 0.1471 0.1732 0.1982 0.0367 0.1106 0.1261 0.1091 0.0991 
        H503  5 0.2577 0.0854 0.1268 0.0454 0.1588 0.1193 0.1226 0.0840 
        H509  5 0.0990 0.1249 0.0793 0.0930 0.1246 0.2922 0.1384 0.0485 
        H510  5 0.1643 0.2194 0.1191 0.1504 0.1350 0.0532 0.0915 0.0672 
        H511  5 0.0770 0.1652 0.1693 0.0563 0.1358 0.1378 0.1493 0.1094 
        H530  5 0.1102 0.1274 0.1266 0.0977 0.1248 0.1701 0.1452 0.0981 
        H531  5 0.1510 0.1242 0.1100 0.1767 0.0404 0.1228 0.0631 0.2118 
        H564  5 0.1181 0.1620 0.0917 0.2435 0.0978 0.0620 0.0564 0.1685 
        H565  5 0.1083 0.1064 0.0569 0.3296 0.0769 0.0487 0.0417 0.2316 
        H567  5 0.1110 0.0609 0.0937 0.0358 0.3433 0.0826 0.2372 0.0356 
     H568???  5 0.1594 0.1982 0.2219 0.0445 0.1114 0.1460 0.0522 0.0665 
        H608  5 0.1168 0.1949 0.1162 0.1598 0.0667 0.1118 0.0601 0.1738 
        H609  5 0.0827 0.1515 0.0884 0.0619 0.2497 0.0823 0.2005 0.0830 
        H612  5 0.0704 0.1110 0.0807 0.2816 0.0717 0.0837 0.0794 0.2214 
        H614  5 0.1319 0.0613 0.0955 0.2377 0.0671 0.0923 0.0883 0.2258 
        H615  5 0.2255 0.0938 0.0853 0.1643 0.0521 0.1149 0.0624 0.2019 
        H616  5 0.0910 0.1315 0.0545 0.4242 0.0830 0.0833 0.0667 0.0658 
        H617  5 0.0897 0.1040 0.1000 0.0302 0.1504 0.1920 0.1609 0.1727 
        H618  5 0.0749 0.1313 0.0899 0.3680 0.0909 0.0904 0.0802 0.0744 
        H619  5 0.0665 0.1621 0.0735 0.0831 0.2100 0.0304 0.2072 0.1672 
        H635  5 0.1253 0.1837 0.1481 0.0790 0.1622 0.1234 0.1191 0.0591 
        H636  5 0.0750 0.1468 0.0914 0.0593 0.1458 0.0825 0.2211 0.1781 
        H637  5 0.1118 0.1431 0.0825 0.2940 0.1173 0.0417 0.0891 0.1204 
        H644  5 0.0777 0.1178 0.1997 0.0284 0.2446 0.0944 0.2065 0.0309 
        H711  5 0.1727 0.2033 0.1501 0.0456 0.0676 0.1073 0.0789 0.1745 
        H712  5 0.0521 0.2016 0.0646 0.2060 0.1669 0.0481 0.1749 0.0858 
       H7360  5 0.0960 0.1974 0.2028 0.0766 0.0637 0.0886 0.1161 0.1589 
       H7361  5 0.1148 0.1853 0.1184 0.1996 0.1239 0.0949 0.0756 0.0875 
       H7362  5 0.1694 0.0912 0.2618 0.0286 0.1377 0.0928 0.1702 0.0482 
       H7363  5 0.1280 0.1801 0.1377 0.1241 0.1295 0.1229 0.0756 0.1021 
       H7394  5 0.1603 0.1593 0.1150 0.0441 0.1698 0.1581 0.1266 0.0669 
       H7395  5 0.0685 0.2094 0.1215 0.0839 0.0776 0.0731 0.2084 0.1575 
       H7396  5 0.1266 0.0914 0.1192 0.0831 0.1317 0.0996 0.1215 0.2268 
        H742  5 0.1067 0.1588 0.0986 0.1012 0.1814 0.0446 0.1333 0.1753 
        H743  5 0.0691 0.0766 0.0823 0.2216 0.2116 0.0889 0.1556 0.0943 
        H744  5 0.0814 0.0687 0.0713 0.2459 0.1759 0.1890 0.0763 0.0914 
        H957  5 0.1789 0.1854 0.1769 0.0724 0.0838 0.1419 0.0422 0.1185 
        H958  5 0.1255 0.0993 0.1433 0.0842 0.1409 0.1904 0.1243 0.0920 
        H959  5 0.1166 0.1611 0.0903 0.3214 0.0781 0.0785 0.0695 0.0845 
        H960  5 0.1043 0.1139 0.1229 0.0785 0.2040 0.1925 0.0970 0.0869 
        H431  8 0.0686 0.0950 0.0957 0.0793 0.0756 0.4352 0.0899 0.0608 
        H432  8 0.3589 0.0854 0.0854 0.0337 0.2557 0.0584 0.0955 0.0269 
        H433  8 0.1165 0.1117 0.1074 0.0822 0.1483 0.1157 0.2083 0.1100 
        H434  8 0.1488 0.0756 0.0890 0.0405 0.1989 0.0824 0.2435 0.1213 
        H444  8 0.1245 0.2293 0.0902 0.1347 0.1144 0.0659 0.1707 0.0703 
        H454  8 0.0872 0.1807 0.0597 0.3665 0.0795 0.0423 0.1260 0.0581 
        H475  8 0.1460 0.0965 0.0577 0.4695 0.0447 0.0458 0.0498 0.0899 
        H491  8 0.1059 0.2382 0.1347 0.1870 0.0757 0.0603 0.0983 0.0998 
        H492  8 0.1894 0.1063 0.0994 0.1968 0.0923 0.0815 0.0907 0.1437 
        H493  8 0.1229 0.1565 0.1481 0.0804 0.1575 0.1428 0.1231 0.0687 
        H494  8 0.2344 0.0933 0.1039 0.1721 0.1276 0.0997 0.0988 0.0701 
        H495  8 0.1221 0.0957 0.0833 0.1934 0.0325 0.0508 0.0447 0.3775 
        H662  8 0.0647 0.1584 0.1808 0.0889 0.0673 0.0881 0.1245 0.2274 
        H663  8 0.2072 0.1120 0.1001 0.1313 0.1389 0.1340 0.0666 0.1100 
        H695  8 0.1751 0.1134 0.1183 0.1227 0.1290 0.1757 0.0808 0.0849 
       H7367  8 0.1191 0.0825 0.0909 0.0320 0.3105 0.1085 0.2132 0.0434 
       H7368  8 0.1196 0.1464 0.2209 0.0656 0.1365 0.1297 0.0998 0.0816 
       H7369  8 0.0762 0.1747 0.1059 0.1218 0.0791 0.0982 0.2110 0.1330 
       H7370  8 0.1882 0.1034 0.0929 0.0376 0.1650 0.1901 0.1313 0.0915 
       H7371  8 0.1179 0.0817 0.1137 0.1097 0.1251 0.2090 0.1321 0.1108 
     H169705 10 0.0709 0.0482 0.0861 0.0443 0.3611 0.0855 0.2460 0.0580 
     H171942 10 0.3681 0.0792 0.0729 0.0371 0.2653 0.0498 0.1041 0.0235 
     H171943 10 0.0943 0.0907 0.1280 0.0534 0.1279 0.0786 0.0804 0.3467 
     H171944 10 0.0866 0.0901 0.0978 0.0939 0.0736 0.1348 0.0758 0.3474 
     H171946 10 0.1189 0.0951 0.1422 0.0829 0.0518 0.0934 0.1087 0.3071 
     H171947 10 0.1301 0.1449 0.1156 0.0633 0.2348 0.0716 0.1835 0.0562 
     H229641 10 0.1284 0.1242 0.1386 0.1438 0.0784 0.2121 0.1020 0.0724 
      H30001 10 0.1196 0.1797 0.1315 0.1262 0.0943 0.1259 0.1157 0.1070 
      H30002 10 0.0539 0.0883 0.0867 0.0549 0.2278 0.0625 0.2918 0.1341 
      H30005 10 0.0971 0.1091 0.0864 0.0426 0.1228 0.4267 0.0731 0.0423 
      H30006 10 0.0545 0.0579 0.0522 0.0380 0.4194 0.0502 0.2978 0.0301 
      H30007 10 0.0684 0.0836 0.1267 0.0392 0.0530 0.0418 0.1322 0.4552 
        H451 10 0.2224 0.1378 0.1076 0.0602 0.1673 0.0534 0.1716 0.0796 
        H452 10 0.0532 0.0898 0.0615 0.0744 0.1780 0.4660 0.0443 0.0329 
        H453 10 0.1754 0.1623 0.1356 0.1659 0.0961 0.0878 0.1041 0.0728 
        H473 10 0.1357 0.1534 0.1421 0.2060 0.0921 0.0633 0.0951 0.1122 
        H474 10 0.2490 0.1043 0.0827 0.1949 0.0524 0.0901 0.0881 0.1385 
        H486 10 0.0799 0.0616 0.0605 0.3896 0.0838 0.1820 0.0798 0.0629 
        H487 10 0.2592 0.1070 0.1020 0.1188 0.1370 0.1671 0.0623 0.0467 
        H488 10 0.1095 0.1587 0.1062 0.1643 0.1491 0.0921 0.1329 0.0872 
        H489 10 0.2842 0.1079 0.0851 0.1206 0.0902 0.1404 0.0711 0.1006 
        H550 10 0.1208 0.1163 0.1463 0.0339 0.0782 0.1375 0.1640 0.2030 
        H551 10 0.1733 0.0716 0.0903 0.1488 0.1680 0.1543 0.1140 0.0797 
        H553 10 0.1449 0.0574 0.0846 0.1800 0.2144 0.2036 0.0791 0.0360 
        H554 10 0.1190 0.1427 0.1380 0.0659 0.1021 0.0907 0.2271 0.1144 
        H556 10 0.0829 0.0803 0.1105 0.0680 0.2565 0.0765 0.2246 0.1006 
        H580 10 0.1011 0.1249 0.1172 0.0504 0.1589 0.1793 0.1423 0.1260 
        H591 10 0.1559 0.0672 0.0627 0.4119 0.0480 0.0523 0.0587 0.1432 
        H592 10 0.1346 0.1042 0.1111 0.1199 0.0893 0.1929 0.1115 0.1365 
        H593 10 0.1489 0.1853 0.2046 0.0734 0.0880 0.0728 0.1093 0.1177 
        H594 10 0.1160 0.1493 0.1879 0.0537 0.1627 0.1181 0.1057 0.1066 
        H627 10 0.1988 0.1391 0.1576 0.1148 0.0665 0.1740 0.0782 0.0710 
        H628 10 0.0624 0.2045 0.1648 0.0407 0.1605 0.1725 0.1209 0.0737 
        H629 10 0.1378 0.1180 0.1779 0.1966 0.0643 0.1180 0.0677 0.1196 
        H630 10 0.1302 0.0898 0.1290 0.1404 0.0816 0.0915 0.0889 0.2485 
        H638 10 0.1818 0.1127 0.1064 0.1665 0.0570 0.1732 0.0586 0.1438 
        H639 10 0.1578 0.0810 0.1213 0.2492 0.0822 0.1410 0.1143 0.0534 
        H640 10 0.2514 0.0712 0.1561 0.0817 0.1431 0.0766 0.0935 0.1264 
        H704 10 0.0962 0.1725 0.2280 0.0330 0.1501 0.0675 0.1521 0.1006 
        H705 10 0.0889 0.0634 0.0694 0.0413 0.3422 0.0970 0.2390 0.0589 
        H706 10 0.0958 0.1293 0.0935 0.2077 0.1569 0.1333 0.1072 0.0762 
        H708 10 0.0758 0.0578 0.0521 0.2006 0.0360 0.1031 0.0999 0.3747 
       H7351 10 0.1158 0.2076 0.1904 0.0420 0.1040 0.0897 0.1351 0.1154 
       H7352 10 0.0956 0.1384 0.1656 0.0738 0.0940 0.2189 0.1040 0.1096 
       H7353 10 0.0695 0.1822 0.4255 0.0497 0.0792 0.0591 0.0918 0.0430 
       H7354 10 0.0794 0.2595 0.1215 0.1187 0.0933 0.0994 0.1367 0.0915 
       H7365 10 0.0854 0.0939 0.1018 0.1873 0.1016 0.1587 0.1344 0.1370 
       H7383 10 0.1286 0.1873 0.1331 0.0897 0.1164 0.0843 0.1125 0.1481 
       H7384 10 0.1321 0.1041 0.1059 0.0729 0.2636 0.0848 0.1659 0.0708 
       H7385 10 0.1169 0.1448 0.1043 0.1470 0.0939 0.0790 0.1153 0.1988 
       H7386 10 0.1074 0.1429 0.1359 0.0649 0.1659 0.1740 0.1314 0.0776 
       H7387 10 0.1304 0.1263 0.1261 0.0641 0.1039 0.0787 0.0982 0.2723 
       H7388 10 0.0397 0.0942 0.0728 0.0600 0.1581 0.4994 0.0438 0.0319 
        H906 10 0.1147 0.2179 0.1161 0.3160 0.0750 0.0338 0.0618 0.0646 
        H907 10 0.1613 0.1477 0.1958 0.0667 0.0947 0.1478 0.0976 0.0884 
        H908 10 0.1282 0.1468 0.1063 0.0946 0.0829 0.1220 0.1844 0.1349 
        H909 10 0.0730 0.2618 0.0929 0.1108 0.0952 0.0707 0.1974 0.0980 
       H9552 10 0.0628 0.1715 0.1786 0.0878 0.1940 0.1259 0.1126 0.0669 
       H9553 10 0.1156 0.0373 0.0897 0.1453 0.2662 0.2234 0.0861 0.0365 
       H9555 10 0.1087 0.1062 0.1228 0.0719 0.1227 0.1345 0.1068 0.2262 
       H9575 10 0.0814 0.1732 0.1336 0.1663 0.0593 0.1366 0.0733 0.1764 
       H9703 10 0.1169 0.0864 0.0730 0.2255 0.1937 0.0976 0.1331 0.0738 
       H9707 10 0.1447 0.0872 0.0972 0.3193 0.0765 0.1475 0.0800 0.0476 
       HSAA4 10 0.1125 0.1408 0.1131 0.0474 0.1381 0.1885 0.1445 0.1152 
        H001 11 0.1064 0.1710 0.1282 0.1024 0.1771 0.0999 0.1173 0.0975 
        H004 11 0.1085 0.1354 0.1467 0.0881 0.1329 0.1011 0.1269 0.1604 
        H005 11 0.1461 0.1708 0.0875 0.3059 0.0824 0.0725 0.0819 0.0531 
        H006 11 0.1344 0.1302 0.1438 0.0702 0.1170 0.1305 0.1222 0.1518 
        H007 11 0.0707 0.2078 0.0522 0.3899 0.1144 0.0297 0.0711 0.0641 
        H031 11 0.1038 0.0753 0.0663 0.3213 0.0666 0.1266 0.0769 0.1631 
        H074 11 0.1515 0.1330 0.1579 0.1427 0.0747 0.1270 0.1159 0.0973 
        H075 11 0.0684 0.1222 0.0605 0.1821 0.0522 0.0447 0.0550 0.4149 
        H080 11 0.0882 0.1207 0.1060 0.1698 0.1023 0.2061 0.1498 0.0570 
        H086 11 0.0984 0.0948 0.1022 0.0612 0.2804 0.1494 0.1668 0.0467 
        H092 11 0.1124 0.1273 0.1608 0.0998 0.1912 0.1043 0.1158 0.0884 
        H093 11 0.1032 0.1454 0.1731 0.0473 0.1335 0.0647 0.2209 0.1118 
        H094 11 0.1341 0.1237 0.1517 0.0849 0.1067 0.2047 0.0678 0.1263 
        H095 11 0.1134 0.1167 0.1519 0.1642 0.1086 0.1018 0.1307 0.1126 
        H096 11 0.1095 0.1603 0.1255 0.1505 0.1164 0.0920 0.1361 0.1097 
        H099 11 0.1408 0.1637 0.1443 0.1572 0.0826 0.1116 0.0785 0.1214 
        H100 11 0.2239 0.1131 0.1098 0.0379 0.2500 0.0660 0.1274 0.0719 
        H127 11 0.1128 0.1045 0.1231 0.0999 0.1531 0.2392 0.0969 0.0705 
        H136 11 0.2635 0.1057 0.0681 0.2003 0.0543 0.1251 0.0833 0.0997 
        H153 11 0.1259 0.2189 0.1514 0.0819 0.0955 0.1214 0.1292 0.0759 
        H154 11 0.0995 0.1059 0.0881 0.1155 0.0753 0.2392 0.1367 0.1398 
        H155 11 0.0556 0.1185 0.0881 0.0315 0.1697 0.1543 0.2835 0.0987 
        H156 11 0.0908 0.1386 0.1301 0.0322 0.1911 0.1314 0.1996 0.0862 
        H161 11 0.1262 0.1484 0.1367 0.1051 0.0791 0.0699 0.1729 0.1617 
        H162 11 0.0717 0.1138 0.1440 0.0408 0.1545 0.2987 0.1006 0.0758 
        H167 11 0.0768 0.1612 0.1461 0.0534 0.1294 0.1127 0.2050 0.1154 
        H168 11 0.1208 0.1398 0.1533 0.0719 0.1540 0.1719 0.1214 0.0670 
     H169586 11 0.1305 0.0614 0.1279 0.0722 0.0339 0.0410 0.1097 0.4235 
     H169738 11 0.1067 0.0875 0.0909 0.1085 0.1775 0.1767 0.1577 0.0945 
     H169741 11 0.2398 0.0940 0.0713 0.0744 0.0706 0.1679 0.1096 0.1724 
     H171801 11 0.2125 0.1649 0.2493 0.0530 0.0933 0.0800 0.1003 0.0466 
     H171810 11 0.2171 0.0999 0.0913 0.1455 0.0623 0.1173 0.0729 0.1936 
     H171811 11 0.0794 0.1339 0.1150 0.1534 0.0532 0.1120 0.0795 0.2736 
     H171812 11 0.0728 0.1753 0.0832 0.0944 0.1834 0.0549 0.1063 0.2297 
     H171820 11 0.0822 0.1406 0.1326 0.1529 0.0590 0.1088 0.1254 0.1984 
     H171821 11 0.0981 0.1522 0.1513 0.0589 0.1469 0.2036 0.1134 0.0757 
     H171822 11 0.2040 0.1317 0.1380 0.0595 0.1736 0.1293 0.0788 0.0850 
     H171823 11 0.1770 0.1718 0.1344 0.3008 0.0462 0.0746 0.0435 0.0516 
     H171866 11 0.0881 0.1259 0.1680 0.0990 0.1495 0.1841 0.1319 0.0535 
     H171867 11 0.1313 0.1000 0.0938 0.0738 0.1982 0.1283 0.1735 0.1011 
     H171967 11 0.0898 0.1397 0.1059 0.2507 0.0858 0.1028 0.1177 0.1076 
     H171969 11 0.1244 0.1904 0.1649 0.0949 0.1218 0.0654 0.1324 0.1058 
        H172 11 0.1024 0.1146 0.1066 0.0713 0.1801 0.1233 0.1565 0.1452 
        H173 11 0.1111 0.1061 0.0975 0.0791 0.1930 0.1493 0.1816 0.0823 
        H174 11 0.1296 0.1833 0.1478 0.1420 0.0843 0.1635 0.0394 0.1101 
        H196 11 0.0476 0.0997 0.0626 0.0279 0.1901 0.5091 0.0375 0.0255 
        H197 11 0.1925 0.1613 0.1323 0.0924 0.1319 0.0866 0.1020 0.1010 
        H346 11 0.0754 0.2187 0.0815 0.1658 0.1020 0.0671 0.1833 0.1062 
        H355 11 0.1239 0.1419 0.1556 0.1288 0.1651 0.0758 0.1229 0.0861 
        H356 11 0.1473 0.1009 0.1180 0.1684 0.1699 0.1185 0.1063 0.0708 
        H357 11 0.1429 0.1136 0.1041 0.2152 0.0856 0.0952 0.0741 0.1694 
        H358 11 0.0646 0.1453 0.0657 0.0752 0.1039 0.0549 0.1743 0.3161 
        H359 11 0.1547 0.1117 0.1647 0.0647 0.0970 0.1650 0.1009 0.1412 
        H360 11 0.0860 0.1119 0.0998 0.0507 0.2633 0.0776 0.1971 0.1136 
        H361 11 0.0885 0.1080 0.1138 0.0836 0.2255 0.0928 0.1908 0.0970 
        H362 11 0.1229 0.1164 0.1424 0.0373 0.1063 0.2339 0.1528 0.0880 
        H363 11 0.1600 0.1183 0.0900 0.1041 0.0580 0.1608 0.1619 0.1470 
        H364 11 0.1190 0.1419 0.1864 0.0583 0.1052 0.1096 0.1426 0.1371 
        H365 11 0.0670 0.0898 0.1028 0.0805 0.1825 0.0733 0.1995 0.2046 
        H366 11 0.0808 0.0955 0.1437 0.0891 0.2052 0.2104 0.1128 0.0626 
        H367 11 0.0927 0.1122 0.0981 0.1605 0.0570 0.3160 0.1159 0.0475 
        H368 11 0.1159 0.1186 0.2366 0.1041 0.0761 0.1061 0.0679 0.1746 
        H369 11 0.0684 0.0854 0.0767 0.2304 0.1112 0.2081 0.1373 0.0825 
        H370 11 0.0982 0.1399 0.2004 0.0459 0.1288 0.1534 0.1305 0.1028 
        H371 11 0.1311 0.1225 0.1242 0.1543 0.1624 0.1133 0.1248 0.0674 
        H372 11 0.0971 0.1041 0.1230 0.0511 0.1570 0.2030 0.1180 0.1468 
        H373 11 0.1001 0.2194 0.1299 0.1062 0.1539 0.0999 0.1074 0.0831 
        H374 11 0.1576 0.1959 0.1309 0.0808 0.1165 0.1033 0.1283 0.0867 
        H375 11 0.0868 0.1593 0.0891 0.1355 0.1509 0.0968 0.1601 0.1213 
        H376 11 0.1381 0.1513 0.2206 0.0588 0.1155 0.1036 0.1295 0.0827 
        H377 11 0.1980 0.1311 0.1102 0.1047 0.1293 0.1472 0.1061 0.0734 
        H378 11 0.1130 0.1916 0.1552 0.1018 0.1354 0.1370 0.0874 0.0786 
        H379 11 0.1400 0.1276 0.1672 0.1029 0.1110 0.1373 0.0888 0.1253 
        H380 11 0.1000 0.1177 0.1167 0.0579 0.1872 0.1213 0.1523 0.1469 
        H381 11 0.2156 0.1337 0.1115 0.1423 0.0306 0.1296 0.0592 0.1773 
        H382 11 0.1659 0.1340 0.1602 0.0502 0.1354 0.1425 0.1173 0.0945 
        H383 11 0.0874 0.2125 0.1489 0.0340 0.2092 0.1047 0.1103 0.0929 
        H384 11 0.1513 0.1064 0.0858 0.0695 0.1159 0.1373 0.1555 0.1782 
        H385 11 0.1460 0.1419 0.1043 0.1175 0.0746 0.1172 0.0954 0.2032 
        H386 11 0.0610 0.1002 0.0830 0.0472 0.1349 0.1614 0.2415 0.1709 
        H387 11 0.0982 0.2104 0.1968 0.0749 0.1034 0.1071 0.0777 0.1315 
        H388 11 0.0569 0.0740 0.1369 0.0327 0.3147 0.0950 0.1961 0.0938 
        H389 11 0.0916 0.1754 0.0739 0.2386 0.1106 0.0590 0.1278 0.1231 
        H390 11 0.1166 0.1146 0.1472 0.0926 0.0823 0.0624 0.1443 0.2401 
        H391 11 0.0806 0.0667 0.1224 0.0824 0.0669 0.1449 0.0654 0.3707 
        H392 11 0.0624 0.2057 0.0701 0.1509 0.0765 0.0490 0.1280 0.2574 
        H393 11 0.1400 0.1551 0.1320 0.0635 0.2120 0.0593 0.1773 0.0607 
        H394 11 0.0906 0.1495 0.2580 0.0712 0.0977 0.1147 0.1428 0.0756 
        H395 11 0.0970 0.0951 0.1410 0.1618 0.0751 0.1988 0.1209 0.1102 
        H408 11 0.0644 0.1644 0.0812 0.0779 0.1372 0.0706 0.2624 0.1419 
        H412 11 0.1029 0.0511 0.0897 0.1449 0.0424 0.1300 0.1293 0.3098 
