        H008  2 0.3531 0.2968 0.3501 
        H021  2 0.3783 0.3200 0.3017 
        H023  2 0.3032 0.4734 0.2234 
        H024  2 0.2835 0.2379 0.4786 
        H025  2 0.1842 0.4619 0.3539 
        H026  2 0.3094 0.1913 0.4993 
        H027  2 0.4538 0.2661 0.2802 
        H028  2 0.3278 0.2828 0.3895 
        H029  2 0.4349 0.2048 0.3603 
        H030  2 0.3224 0.1950 0.4826 
        H038  2 0.3709 0.3298 0.2993 
        H039  2 0.1804 0.6301 0.1895 
        H040  2 0.3724 0.3049 0.3227 
        H041  2 0.3815 0.3480 0.2705 
        H042  2 0.3147 0.3926 0.2926 
        H043  2 0.2263 0.4434 0.3304 
        H044  2 0.2847 0.2677 0.4477 
        H047  2 0.2333 0.3741 0.3926 
        H050  2 0.3453 0.1994 0.4553 
        H058  2 0.2823 0.3515 0.3662 
        H062  2 0.2758 0.4689 0.2553 
        H063  2 0.2857 0.4741 0.2401 
        H065  2 0.2363 0.3670 0.3968 
        H066  2 0.3467 0.2163 0.4369 
        H067  2 0.4420 0.2635 0.2945 
        H068  2 0.2483 0.4780 0.2737 
        H069  2 0.3013 0.2875 0.4112 
        H071  2 0.3325 0.4202 0.2473 
        H072  2 0.2275 0.5483 0.2242 
        H073  2 0.3916 0.2638 0.3446 
        H081  2 0.3277 0.4555 0.2168 
        H082  2 0.2879 0.2649 0.4472 
        H083  2 0.2708 0.2783 0.4509 
        H084  2 0.3892 0.2826 0.3282 
        H085  2 0.3637 0.3788 0.2576 
        H087  2 0.3936 0.3720 0.2343 
        H088  2 0.3139 0.4360 0.2501 
        H089  2 0.3720 0.3442 0.2838 
        H090  2 0.3336 0.2515 0.4149 
        H091  2 0.4415 0.2213 0.3372 
        H098  2 0.2978 0.3091 0.3931 
      H10001  2 0.2075 0.5893 0.2032 
      H10002  2 0.3678 0.3922 0.2400 
        H101  2 0.3558 0.1964 0.4478 
        H108  2 0.2423 0.5420 0.2157 
        H109  2 0.3148 0.3178 0.3673 
        H110  2 0.4514 0.2797 0.2689 
        H116  2 0.3310 0.2321 0.4369 
        H117  2 0.5445 0.2165 0.2391 
        H118  2 0.3174 0.2324 0.4503 
        H119  2 0.4490 0.3243 0.2267 
        H120  2 0.2336 0.5964 0.1699 
        H121  2 0.3210 0.2762 0.4027 
        H125  2 0.2681 0.5383 0.1937 
        H126  2 0.2053 0.3554 0.4393 
        H128  2 0.3341 0.1273 0.5386 
        H129  2 0.2653 0.2305 0.5042 
        H130  2 0.2081 0.4556 0.3363 
        H133  2 0.2526 0.4696 0.2778 
        H134  2 0.1968 0.2082 0.5949 
        H135  2 0.3826 0.3532 0.2642 
        H137  2 0.3642 0.2563 0.3795 
        H138  2 0.3143 0.2301 0.4556 
        H140  2 0.3510 0.3105 0.3385 
        H146  2 0.3632 0.2383 0.3985 
        H147  2 0.4540 0.2789 0.2671 
        H148  2 0.5015 0.2489 0.2495 
     H166022  2 0.4875 0.2161 0.2965 
     H167359  2 0.3112 0.3080 0.3808 
     H167397  2 0.4197 0.1471 0.4332 
     H167428  2 0.2829 0.2383 0.4787 
     H167496  2 0.3290 0.4538 0.2173 
     H167513  2 0.2732 0.3144 0.4124 
     H167545  2 0.3238 0.2435 0.4326 
     H167547  2 0.3580 0.1607 0.4814 
     H169621  2 0.4066 0.2072 0.3862 
     H169622  2 0.3682 0.2412 0.3906 
     H169750  2 0.3272 0.3150 0.3578 
     H171806  2 0.3512 0.3083 0.3405 
     H171808  2 0.3339 0.2990 0.3671 
     H171809  2 0.3499 0.3863 0.2638 
     H171813  2 0.2725 0.3216 0.4059 
     H171815  2 0.2160 0.4985 0.2855 
     H171824  2 0.4408 0.3564 0.2028 
     H171825  2 0.3721 0.2945 0.3334 
     H171826  2 0.3796 0.3073 0.3132 
     H171827  2 0.4256 0.2813 0.2931 
     H171828  2 0.2498 0.5751 0.1752 
     H171829  2 0.3179 0.2661 0.4160 
     H171830  2 0.3037 0.3762 0.3201 
     H171831  2 0.2929 0.2166 0.4905 
     H171832  2 0.2831 0.3159 0.4010 
     H171863  2 0.2399 0.1956 0.5645 
     H171864  2 0.3649 0.3420 0.2931 
     H171865  2 0.2140 0.5067 0.2793 
     H171879  2 0.3960 0.2343 0.3698 
     H171880  2 0.4827 0.1988 0.3185 
     H171881  2 0.3845 0.2478 0.3677 
     H171882  2 0.2053 0.5818 0.2130 
     H171929  2 0.3088 0.3727 0.3185 
     H171930  2 0.3621 0.1935 0.4444 
     H171933  2 0.4240 0.2440 0.3320 
     H171934  2 0.4185 0.3320 0.2495 
     H171937  2 0.2255 0.2798 0.4947 
     H171962  2 0.2764 0.3767 0.3469 
        H190  2 0.3251 0.3076 0.3673 
        H191  2 0.2917 0.3633 0.3449 
        H396  2 0.3173 0.3965 0.2862 
        H397  2 0.3516 0.3085 0.3398 
        H398  2 0.2697 0.3479 0.3824 
        H400  2 0.3261 0.3566 0.3173 
        H401  2 0.3450 0.1853 0.4697 
        H402  2 0.5124 0.1820 0.3056 
        H427  2 0.3944 0.3302 0.2753 
        H428  2 0.2995 0.2418 0.4587 
        H497  2 0.2338 0.3975 0.3687 
        H512  2 0.3888 0.2561 0.3551 
        H513  2 0.2703 0.3095 0.4202 
        H514  2 0.2657 0.2931 0.4412 
        H519  2 0.2822 0.3147 0.4031 
        H532  2 0.4540 0.2376 0.3084 
        H543  2 0.5005 0.2040 0.2955 
        H544  2 0.2088 0.3531 0.4382 
        H545  2 0.3087 0.2269 0.4644 
        H546  2 0.2059 0.4466 0.3475 
        H547  2 0.3535 0.1620 0.4845 
        H548  2 0.4011 0.3449 0.2541 
        H549  2 0.3205 0.2330 0.4465 
        H620  2 0.2189 0.6057 0.1754 
        H623  2 0.2513 0.2815 0.4672 
        H624  2 0.2062 0.3806 0.4132 
        H625  2 0.3238 0.3903 0.2858 
        H626  2 0.3881 0.3124 0.2996 
        H654  2 0.1797 0.6106 0.2098 
        H655  2 0.3231 0.4055 0.2714 
        H656  2 0.2049 0.6081 0.1871 
        H666  2 0.2410 0.4836 0.2754 
        H667  2 0.4768 0.2600 0.2632 
        H677  2 0.4408 0.2650 0.2943 
        H693  2 0.2591 0.5501 0.1909 
        H694  2 0.2664 0.2715 0.4621 
        H701  2 0.3534 0.2636 0.3830 
        H702  2 0.4369 0.3130 0.2501 
        H731  2 0.3448 0.4119 0.2433 
       H7359  2 0.3065 0.3182 0.3753 
       H7389  2 0.3442 0.2746 0.3812 
       H7390  2 0.3527 0.3697 0.2775 
       H7391  2 0.4821 0.3116 0.2063 
       H7392  2 0.3261 0.2883 0.3856 
       H7393  2 0.3617 0.3271 0.3111 
       H7398  2 0.3742 0.3466 0.2792 
       H7399  2 0.4186 0.2234 0.3580 
       H7400  2 0.1723 0.6413 0.1865 
        H745  2 0.2132 0.2503 0.5365 
        H746  2 0.4322 0.2172 0.3506 
        H747  2 0.3632 0.3517 0.2850 
        H748  2 0.4047 0.2776 0.3177 
       H7484  2 0.2370 0.5116 0.2514 
       H7485  2 0.2420 0.3344 0.4236 
        H749  2 0.3928 0.2496 0.3576 
        H930  2 0.3909 0.1996 0.4095 
        H931  2 0.2717 0.4313 0.2970 
        H932  2 0.4205 0.2667 0.3128 
        H002  4 0.2165 0.4713 0.3122 
        H003  4 0.4376 0.2478 0.3147 
        H009  4 0.2707 0.2319 0.4974 
        H010  4 0.4297 0.2521 0.3182 
        H011  4 0.2358 0.5615 0.2026 
        H012  4 0.4446 0.2833 0.2720 
        H013  4 0.3108 0.4695 0.2197 
        H014  4 0.3425 0.3121 0.3454 
        H045  4 0.2968 0.4479 0.2554 
        H046  4 0.3718 0.2537 0.3745 
        H051  4 0.2593 0.5147 0.2261 
        H052  4 0.2039 0.3939 0.4021 
        H053  4 0.4091 0.3107 0.2802 
        H056  4 0.2193 0.4576 0.3231 
        H076  4 0.3689 0.2210 0.4101 
        H151  4 0.2912 0.4286 0.2802 
        H152  4 0.2054 0.4649 0.3297 
     H171803  4 0.4324 0.2964 0.2713 
     H171804  4 0.3699 0.3848 0.2453 
     H171833  4 0.2766 0.2311 0.4924 
     H171855  4 0.2231 0.4490 0.3279 
     H171856  4 0.4041 0.2628 0.3331 
     H171857  4 0.2662 0.4005 0.3333 
     H171858  4 0.3504 0.3045 0.3451 
     H171859  4 0.3728 0.3013 0.3259 
     H171961  4 0.2731 0.4627 0.2643 
        H198  4 0.4152 0.1919 0.3930 
      H20001  4 0.2301 0.2325 0.5375 
        H403  4 0.3357 0.2960 0.3682 
        H404  4 0.3524 0.2961 0.3515 
        H405  4 0.4442 0.2253 0.3306 
        H406  4 0.2166 0.2642 0.5191 
        H407  4 0.4268 0.2707 0.3025 
        H410  4 0.4491 0.1900 0.3609 
        H411  4 0.2443 0.2542 0.5015 
        H468  4 0.3211 0.2471 0.4318 
        H476  4 0.3387 0.3532 0.3081 
        H477  4 0.2981 0.2027 0.4993 
        H478  4 0.4284 0.2433 0.3283 
        H479  4 0.2838 0.4482 0.2681 
        H480  4 0.3478 0.2035 0.4487 
        H498  4 0.3476 0.3388 0.3136 
        H499  4 0.2877 0.3566 0.3557 
        H500  4 0.3476 0.4254 0.2271 
        H515  4 0.3688 0.3111 0.3202 
        H516  4 0.3216 0.2651 0.4132 
        H517  4 0.4639 0.2157 0.3204 
        H518  4 0.2652 0.3637 0.3711 
        H520  4 0.3573 0.3019 0.3408 
        H521  4 0.3310 0.3490 0.3200 
        H522  4 0.3971 0.2866 0.3163 
        H523  4 0.3778 0.3245 0.2977 
        H536  4 0.3559 0.3240 0.3200 
        H645  4 0.3138 0.4741 0.2121 
        H646  4 0.3623 0.1894 0.4483 
        H647  4 0.3132 0.2604 0.4264 
        H657  4 0.4353 0.2118 0.3530 
        H658  4 0.4356 0.2733 0.2911 
        H659  4 0.3132 0.4493 0.2375 
        H660  4 0.2676 0.4074 0.3250 
        H661  4 0.2649 0.3864 0.3487 
        H668  4 0.4552 0.2197 0.3251 
        H669  4 0.3744 0.3405 0.2851 
        H670  4 0.3641 0.4237 0.2122 
        H678  4 0.3645 0.2688 0.3667 
        H679  4 0.3662 0.2711 0.3628 
        H680  4 0.2861 0.2769 0.4369 
        H681  4 0.3471 0.3953 0.2576 
        H682  4 0.5459 0.2172 0.2369 
        H683  4 0.2210 0.3834 0.3957 
        H718  4 0.2319 0.5173 0.2507 
        H719  4 0.2744 0.4423 0.2833 
        H720  4 0.2108 0.3998 0.3893 
        H721  4 0.2345 0.3767 0.3889 
        H722  4 0.1771 0.4222 0.4007 
        H723  4 0.3537 0.4294 0.2170 
        H724  4 0.2870 0.4607 0.2523 
        H725  4 0.2643 0.4638 0.2719 
        H726  4 0.3160 0.4216 0.2624 
        H727  4 0.3696 0.3963 0.2341 
        H910  4 0.3494 0.4140 0.2365 
        H911  4 0.3724 0.2659 0.3617 
        H912  4 0.3369 0.2915 0.3716 
        H913  4 0.3876 0.2990 0.3134 
        H914  4 0.4057 0.3953 0.1991 
        H915  4 0.3865 0.3084 0.3051 
        H916  4 0.2974 0.2735 0.4291 
       H9572  4 0.3307 0.2981 0.3712 
        H015  5 0.2864 0.2659 0.4478 
        H016  5 0.2722 0.2629 0.4649 
        H017  5 0.3090 0.2771 0.4139 
        H019  5 0.2640 0.3484 0.3877 
        H020  5 0.2466 0.4264 0.3270 
        H032  5 0.3975 0.2664 0.3361 
        H033  5 0.4252 0.2870 0.2877 
        H034  5 0.3830 0.3847 0.2324 
        H035  5 0.3901 0.2351 0.3749 
        H036  5 0.3313 0.2649 0.4038 
        H037  5 0.3871 0.3558 0.2571 
        H048  5 0.3341 0.4275 0.2384 
        H049  5 0.2471 0.3367 0.4162 
        H054  5 0.3809 0.3030 0.3161 
        H055  5 0.3014 0.4041 0.2946 
        H057  5 0.2317 0.3556 0.4127 
        H060  5 0.2625 0.3918 0.3457 
        H061  5 0.4458 0.2421 0.3120 
        H064  5 0.2453 0.4383 0.3164 
        H070  5 0.3530 0.4171 0.2299 
        H077  5 0.2383 0.5037 0.2579 
        H078  5 0.2999 0.3129 0.3872 
        H079  5 0.4248 0.2613 0.3139 
        H097  5 0.2346 0.3075 0.4579 
        H107  5 0.3358 0.4758 0.1884 
        H122  5 0.3779 0.2303 0.3918 
        H123  5 0.4334 0.1858 0.3808 
        H124  5 0.4244 0.2420 0.3337 
        H131  5 0.4220 0.2209 0.3570 
        H132  5 0.3177 0.3952 0.2871 
        H141  5 0.3945 0.3108 0.2948 
        H142  5 0.4052 0.2754 0.3193 
        H157  5 0.3280 0.4083 0.2637 
        H158  5 0.3288 0.2018 0.4694 
        H159  5 0.3848 0.2165 0.3987 
        H160  5 0.4203 0.2332 0.3465 
        H163  5 0.3857 0.2751 0.3393 
        H164  5 0.3491 0.3259 0.3250 
        H165  5 0.4344 0.2065 0.3590 
        H166  5 0.2831 0.3395 0.3773 
        H169  5 0.4401 0.2420 0.3179 
     H169613  5 0.3261 0.3550 0.3189 
     H169653  5 0.3685 0.2831 0.3484 
     H169728  5 0.3475 0.2754 0.3771 
     H169742  5 0.3186 0.4361 0.2453 
        H170  5 0.2169 0.2863 0.4969 
        H171  5 0.2224 0.3384 0.4392 
     H171851  5 0.2841 0.3088 0.4070 
     H171852  5 0.2761 0.3988 0.3251 
     H171853  5 0.4196 0.3056 0.2748 
     H171854  5 0.2692 0.3068 0.4240 
     H171938  5 0.4276 0.3484 0.2240 
     H171939  5 0.2652 0.2785 0.4563 
     H171941  5 0.2260 0.5495 0.2245 
     H171965  5 0.3374 0.2781 0.3845 
     H171970  5 0.2133 0.5682 0.2185 
     H171973  5 0.4116 0.3195 0.2689 
     H171974  5 0.4173 0.3023 0.2804 
     H171975  5 0.2900 0.4286 0.2813 
     H171976  5 0.2138 0.3076 0.4786 
        H175  5 0.3299 0.4014 0.2686 
        H178  5 0.2891 0.4314 0.2795 
        H189  5 0.3993 0.1896 0.4111 
        H399  5 0.3051 0.2129 0.4820 
        H416  5 0.3313 0.3783 0.2904 
        H438  5 0.4786 0.2821 0.2393 
        H450  5 0.2499 0.4788 0.2713 
        H455  5 0.2099 0.6023 0.1878 
        H456  5 0.4506 0.3018 0.2476 
        H457  5 0.2304 0.4614 0.3081 
        H458  5 0.3591 0.3773 0.2636 
        H459  5 0.4724 0.2115 0.3161 
        H460  5 0.4032 0.2969 0.2999 
        H461  5 0.2561 0.2870 0.4569 
        H462  5 0.3259 0.3310 0.3431 
        H469  5 0.3607 0.2720 0.3673 
        H470  5 0.3496 0.3153 0.3351 
        H471  5 0.3702 0.1733 0.4565 
        H481  5 0.2661 0.4915 0.2424 
        H482  5 0.2851 0.3883 0.3266 
        H501  5 0.3340 0.3866 0.2794 
        H502  5 0.3321 0.2439 0.4240 
        H503  5 0.3330 0.2459 0.4211 
        H509  5 0.3975 0.3375 0.2650 
        H510  5 0.2426 0.4497 0.3077 
        H511  5 0.3499 0.2789 0.3712 
        H530  5 0.4103 0.3476 0.2421 
        H531  5 0.3266 0.3345 0.3389 
        H564  5 0.2514 0.4244 0.3242 
        H565  5 0.2195 0.5464 0.2341 
        H567  5 0.3372 0.2062 0.4567 
     H568???  5 0.2868 0.2111 0.5022 
        H608  5 0.2766 0.4648 0.2586 
        H609  5 0.3756 0.3382 0.2862 
        H612  5 0.3339 0.4661 0.1999 
        H614  5 0.2730 0.4284 0.2986 
        H615  5 0.2537 0.4387 0.3076 
        H616  5 0.2853 0.5343 0.1804 
        H617  5 0.5186 0.2016 0.2798 
        H618  5 0.2437 0.5202 0.2361 
        H619  5 0.3278 0.3902 0.2820 
        H635  5 0.3232 0.3428 0.3340 
        H636  5 0.4459 0.3157 0.2384 
        H637  5 0.2434 0.4935 0.2631 
        H644  5 0.2564 0.1853 0.5584 
        H711  5 0.2802 0.2605 0.4593 
        H712  5 0.3102 0.4773 0.2125 
       H7360  5 0.3060 0.2738 0.4202 
       H7361  5 0.2712 0.4669 0.2619 
       H7362  5 0.2785 0.1672 0.5543 
       H7363  5 0.2596 0.3892 0.3512 
       H7394  5 0.4044 0.2380 0.3576 
       H7395  5 0.3224 0.4086 0.2690 
       H7396  5 0.3913 0.3190 0.2896 
        H742  5 0.3169 0.4503 0.2328 
        H743  5 0.2529 0.4065 0.3406 
        H744  5 0.3214 0.4388 0.2398 
        H957  5 0.2957 0.2836 0.4208 
        H958  5 0.4058 0.2686 0.3256 
        H959  5 0.2459 0.5489 0.2053 
        H960  5 0.3603 0.3378 0.3019 
        H431  8 0.4451 0.3103 0.2447 
        H432  8 0.2462 0.2639 0.4899 
        H433  8 0.4379 0.2954 0.2667 
        H434  8 0.3414 0.2632 0.3954 
        H444  8 0.3014 0.4293 0.2693 
        H454  8 0.2308 0.5530 0.2162 
        H475  8 0.2439 0.5282 0.2279 
        H491  8 0.2150 0.5100 0.2750 
        H492  8 0.2916 0.4511 0.2573 
        H493  8 0.3507 0.2479 0.4014 
        H494  8 0.2813 0.4376 0.2811 
        H495  8 0.1783 0.4519 0.3698 
        H662  8 0.3100 0.2645 0.4255 
        H663  8 0.2971 0.3850 0.3179 
        H695  8 0.3771 0.3532 0.2697 
       H7367  8 0.4189 0.2182 0.3629 
       H7368  8 0.3627 0.2484 0.3889 
       H7369  8 0.3444 0.3871 0.2685 
       H7370  8 0.4539 0.1790 0.3671 
       H7371  8 0.4090 0.3149 0.2761 
     H169705 10 0.4624 0.1878 0.3497 
     H171942 10 0.2500 0.2634 0.4866 
     H171943 10 0.3333 0.2695 0.3972 
     H171944 10 0.4804 0.2516 0.2680 
     H171946 10 0.3194 0.2956 0.3850 
     H171947 10 0.2780 0.3076 0.4145 
     H229641 10 0.3310 0.3424 0.3266 
      H30001 10 0.3641 0.3804 0.2555 
      H30002 10 0.3827 0.3157 0.3016 
      H30005 10 0.4394 0.2407 0.3198 
      H30006 10 0.2982 0.2468 0.4550 
      H30007 10 0.2003 0.2341 0.5657 
        H451 10 0.3458 0.2848 0.3694 
        H452 10 0.3680 0.2508 0.3813 
        H453 10 0.2452 0.4589 0.2959 
        H473 10 0.2598 0.4290 0.3113 
        H474 10 0.2356 0.4450 0.3194 
        H486 10 0.3054 0.4180 0.2766 
        H487 10 0.3024 0.3804 0.3172 
        H488 10 0.3301 0.4177 0.2522 
        H489 10 0.3266 0.3851 0.2883 
        H550 10 0.3773 0.1916 0.4312 
        H551 10 0.3620 0.3581 0.2799 
        H553 10 0.3638 0.3150 0.3212 
        H554 10 0.3454 0.2924 0.3622 
        H556 10 0.3468 0.2804 0.3728 
        H580 10 0.4377 0.2469 0.3154 
        H591 10 0.2175 0.5674 0.2152 
        H592 10 0.4264 0.3058 0.2678 
        H593 10 0.3033 0.3041 0.3927 
        H594 10 0.3446 0.1962 0.4592 
        H627 10 0.2694 0.3423 0.3883 
        H628 10 0.4181 0.2526 0.3293 
        H629 10 0.2533 0.2992 0.4475 
        H630 10 0.3840 0.2253 0.3907 
        H638 10 0.3672 0.2445 0.3883 
        H639 10 0.2594 0.4033 0.3373 
        H640 10 0.3641 0.2033 0.4326 
        H704 10 0.2921 0.2429 0.4650 
        H705 10 0.4632 0.1911 0.3457 
        H706 10 0.3257 0.4644 0.2099 
        H708 10 0.3415 0.4106 0.2479 
       H7351 10 0.3409 0.2547 0.4044 
       H7352 10 0.3903 0.2771 0.3325 
       H7353 10 0.2262 0.2484 0.5254 
       H7354 10 0.3067 0.4511 0.2422 
       H7365 10 0.3707 0.3776 0.2517 
       H7383 10 0.3688 0.3856 0.2456 
       H7384 10 0.3741 0.3262 0.2997 
       H7385 10 0.3049 0.4288 0.2663 
       H7386 10 0.3663 0.3152 0.3185 
       H7387 10 0.4092 0.2448 0.3461 
       H7388 10 0.4238 0.2644 0.3119 
        H906 10 0.1902 0.5247 0.2851 
        H907 10 0.3562 0.2435 0.4003 
        H908 10 0.3815 0.3174 0.3011 
        H909 10 0.3093 0.4648 0.2259 
       H9552 10 0.3382 0.3101 0.3518 
       H9553 10 0.4064 0.2710 0.3226 
       H9555 10 0.4571 0.2345 0.3085 
       H9575 10 0.3181 0.3761 0.3059 
       H9703 10 0.3402 0.4157 0.2441 
       H9707 10 0.3052 0.4278 0.2670 
       HSAA4 10 0.4363 0.2534 0.3103 
        H001 11 0.3518 0.3620 0.2862 
        H004 11 0.3223 0.3318 0.3459 
        H005 11 0.2513 0.5329 0.2158 
        H006 11 0.4175 0.2895 0.2930 
        H007 11 0.2249 0.5784 0.1968 
        H031 11 0.3440 0.4515 0.2045 
        H074 11 0.3039 0.3927 0.3034 
        H075 11 0.2758 0.5183 0.2058 
        H080 11 0.3271 0.4141 0.2588 
        H086 11 0.3421 0.2927 0.3652 
        H092 11 0.3622 0.3675 0.2703 
        H093 11 0.2625 0.2572 0.4803 
        H094 11 0.4293 0.2306 0.3401 
        H095 11 0.3153 0.4256 0.2591 
        H096 11 0.3423 0.4301 0.2275 
        H099 11 0.3113 0.3866 0.3021 
        H100 11 0.2925 0.2717 0.4357 
        H127 11 0.3584 0.3346 0.3071 
        H136 11 0.2409 0.4863 0.2728 
        H153 11 0.2868 0.3333 0.3800 
        H154 11 0.3865 0.3585 0.2550 
        H155 11 0.4580 0.2507 0.2913 
        H156 11 0.3869 0.2140 0.3991 
        H161 11 0.2415 0.3526 0.4059 
        H162 11 0.4247 0.1908 0.3845 
        H167 11 0.4026 0.2838 0.3136 
        H168 11 0.3925 0.2802 0.3273 
     H169586 11 0.2163 0.3340 0.4496 
     H169738 11 0.3398 0.3215 0.3387 
     H169741 11 0.3764 0.3642 0.2594 
     H171801 11 0.2550 0.2784 0.4666 
     H171810 11 0.2601 0.4841 0.2558 
     H171811 11 0.2956 0.3729 0.3315 
     H171812 11 0.3128 0.4110 0.2762 
     H171820 11 0.3013 0.4107 0.2879 
     H171821 11 0.3954 0.2594 0.3452 
     H171822 11 0.3783 0.2744 0.3473 
     H171823 11 0.1546 0.5155 0.3299 
     H171866 11 0.2628 0.3102 0.4270 
     H171867 11 0.4567 0.2718 0.2715 
     H171967 11 0.3168 0.4647 0.2185 
     H171969 11 0.2703 0.3936 0.3361 
        H172 11 0.3989 0.2985 0.3026 
        H173 11 0.4748 0.2712 0.2539 
        H174 11 0.3357 0.1781 0.4862 
        H196 11 0.4726 0.2104 0.3169 
        H197 11 0.4048 0.2496 0.3456 
        H346 11 0.3108 0.4623 0.2269 
        H355 11 0.3020 0.3887 0.3093 
        H356 11 0.2762 0.4228 0.3010 
        H357 11 0.3046 0.4252 0.2702 
        H358 11 0.4100 0.3615 0.2285 
        H359 11 0.3965 0.2583 0.3452 
        H360 11 0.4081 0.3053 0.2865 
        H361 11 0.3278 0.3625 0.3097 
        H362 11 0.4252 0.1982 0.3766 
        H363 11 0.3795 0.3931 0.2274 
        H364 11 0.3295 0.3205 0.3499 
        H365 11 0.3036 0.3234 0.3730 
        H366 11 0.4126 0.2543 0.3330 
        H367 11 0.3181 0.3905 0.2913 
        H368 11 0.2986 0.2225 0.4789 
        H369 11 0.3719 0.4326 0.1955 
        H370 11 0.4124 0.2367 0.3510 
        H371 11 0.3210 0.3182 0.3608 
        H372 11 0.4330 0.2840 0.2830 
        H373 11 0.3322 0.3484 0.3194 
        H374 11 0.2789 0.4275 0.2936 
        H375 11 0.3713 0.3927 0.2360 
        H376 11 0.3243 0.2658 0.4099 
        H377 11 0.3352 0.3676 0.2972 
        H378 11 0.3236 0.3390 0.3373 
        H379 11 0.3378 0.3078 0.3544 
        H380 11 0.4391 0.2674 0.2935 
        H381 11 0.2486 0.4109 0.3405 
        H382 11 0.3837 0.1814 0.4348 
        H383 11 0.3525 0.2393 0.4083 
        H384 11 0.3484 0.3631 0.2885 
        H385 11 0.3432 0.3445 0.3123 
        H386 11 0.4994 0.2948 0.2058 
        H387 11 0.2415 0.2866 0.4719 
        H388 11 0.4096 0.2158 0.3746 
        H389 11 0.3251 0.4501 0.2248 
        H390 11 0.4230 0.2343 0.3427 
        H391 11 0.3571 0.1998 0.4431 
        H392 11 0.2914 0.4988 0.2098 
        H393 11 0.2226 0.3225 0.4549 
        H394 11 0.1990 0.2708 0.5302 
        H395 11 0.3701 0.3808 0.2491 
        H408 11 0.3834 0.3629 0.2537 
        H412 11 0.2962 0.2826 0.4212 
        H417 11 0.3893 0.3280 0.2826 
        H418 11 0.3260 0.3038 0.3702 
        H429 11 0.3547 0.3586 0.2866 
        H430 11 0.3420 0.3056 0.3525 
        H439 11 0.3993 0.3163 0.2844 
        H440 11 0.2996 0.4314 0.2690 
        H441 11 0.4746 0.2053 0.3200 
        H442 11 0.4367 0.2427 0.3206 
        H446 11 0.3661 0.2571 0.3768 
        H447 11 0.4921 0.2484 0.2595 
        H448 11 0.4266 0.2921 0.2813 
        H534 11 0.2409 0.4869 0.2723 
        H537 11 0.3073 0.3910 0.3017 
        H568 11 0.2202 0.5203 0.2595 
        H569 11 0.3187 0.2194 0.4619 
        H586 11 0.2102 0.3187 0.4711 
        H587 11 0.3201 0.4466 0.2334 
        H588 11 0.2461 0.2603 0.4935 
        H589 11 0.2642 0.4978 0.2380 
        H590 11 0.2281 0.5153 0.2566 
        H601 11 0.2863 0.2816 0.4321 
        H602 11 0.3522 0.3618 0.2860 
        H603 11 0.4355 0.2851 0.2794 
        H610 11 0.3334 0.3266 0.3400 
        H611 11 0.3531 0.3745 0.2724 
        H649 11 0.2862 0.3983 0.3155 
        H650 11 0.3242 0.2338 0.4420 
        H651 11 0.3979 0.3339 0.2683 
        H652 11 0.3133 0.3099 0.3768 
       H7364 11 0.3723 0.2898 0.3379 
       H7366 11 0.3943 0.3449 0.2608 
       H7378 11 0.2230 0.1462 0.6308 
       H7379 11 0.3283 0.2982 0.3734 
        H739 11 0.3210 0.3965 0.2826 
        H740 11 0.3370 0.2414 0.4215 
        H741 11 0.3837 0.3670 0.2493 
        H926 11 0.2968 0.2969 0.4063 
        H927 11 0.5524 0.1854 0.2623 
        H928 11 0.3946 0.2481 0.3572 
       H9560 11 0.3916 0.2347 0.3736 
