        H008  2 0.1671 0.1351 0.0643 0.1499 0.1253 0.1822 0.1761 
        H021  2 0.0965 0.2190 0.1185 0.1101 0.2582 0.1140 0.0837 
        H023  2 0.0970 0.0984 0.2124 0.0995 0.0744 0.2880 0.1303 
        H024  2 0.1723 0.1176 0.0491 0.1860 0.1587 0.1163 0.2000 
        H025  2 0.1643 0.0925 0.2937 0.1431 0.0863 0.1221 0.0981 
        H026  2 0.2899 0.1540 0.0304 0.2473 0.1471 0.0511 0.0801 
        H027  2 0.0862 0.1962 0.0548 0.0991 0.3394 0.1215 0.1026 
        H028  2 0.1979 0.1146 0.0760 0.1937 0.1282 0.1501 0.1394 
        H029  2 0.1261 0.1572 0.0455 0.1390 0.1596 0.1292 0.2434 
        H030  2 0.1332 0.1933 0.0345 0.1450 0.3622 0.0604 0.0714 
        H038  2 0.0851 0.1885 0.2597 0.0709 0.1801 0.0970 0.1188 
        H039  2 0.0352 0.0384 0.5993 0.0393 0.0437 0.0501 0.1940 
        H040  2 0.1058 0.2284 0.2178 0.1055 0.1341 0.0849 0.1236 
        H041  2 0.1059 0.0926 0.0778 0.1037 0.0916 0.3073 0.2210 
        H042  2 0.1323 0.1125 0.1340 0.1442 0.0718 0.2900 0.1152 
        H043  2 0.0681 0.0899 0.5098 0.0673 0.1841 0.0365 0.0443 
        H044  2 0.2411 0.1585 0.0849 0.2390 0.1538 0.0609 0.0619 
        H047  2 0.1737 0.0898 0.2359 0.1715 0.0792 0.0728 0.1771 
        H050  2 0.1079 0.2041 0.0410 0.1121 0.4070 0.0489 0.0791 
        H058  2 0.1708 0.1812 0.1536 0.1976 0.1425 0.0791 0.0753 
        H062  2 0.0869 0.1115 0.1896 0.0755 0.1160 0.3406 0.0798 
        H063  2 0.0924 0.0899 0.3373 0.1035 0.1261 0.1141 0.1367 
        H065  2 0.2448 0.0942 0.1440 0.2682 0.0534 0.1163 0.0791 
        H066  2 0.1822 0.1844 0.0641 0.1886 0.0979 0.0860 0.1968 
        H067  2 0.1339 0.1207 0.0485 0.1390 0.0970 0.2690 0.1919 
        H068  2 0.1140 0.0858 0.2395 0.1035 0.0865 0.1861 0.1845 
        H069  2 0.1565 0.1605 0.1570 0.1890 0.1762 0.0732 0.0876 
        H071  2 0.1334 0.1574 0.1555 0.1510 0.1184 0.1493 0.1349 
        H072  2 0.0858 0.0567 0.4330 0.0821 0.0640 0.0911 0.1872 
        H073  2 0.1847 0.1799 0.0829 0.1818 0.0985 0.1260 0.1462 
        H081  2 0.0888 0.0908 0.1366 0.0989 0.0975 0.3482 0.1393 
        H082  2 0.1564 0.1782 0.0907 0.1552 0.2752 0.0791 0.0651 
        H083  2 0.2246 0.1627 0.0674 0.2340 0.1562 0.0851 0.0700 
        H084  2 0.1245 0.1884 0.1171 0.1346 0.1436 0.1208 0.1710 
        H085  2 0.0775 0.1384 0.0662 0.0914 0.3565 0.1640 0.1061 
        H087  2 0.0823 0.0763 0.0639 0.0798 0.0633 0.4897 0.1448 
        H088  2 0.1556 0.1453 0.1911 0.1513 0.1159 0.1312 0.1095 
        H089  2 0.1319 0.1535 0.0930 0.1260 0.1424 0.1942 0.1591 
        H090  2 0.0711 0.1742 0.0506 0.0843 0.4444 0.0818 0.0937 
        H091  2 0.0617 0.2105 0.0277 0.0611 0.4954 0.0656 0.0781 
        H098  2 0.1367 0.1104 0.1051 0.1297 0.0987 0.2627 0.1566 
      H10001  2 0.0514 0.0500 0.5599 0.0514 0.0776 0.0575 0.1522 
      H10002  2 0.1314 0.1628 0.2032 0.1451 0.1215 0.1032 0.1327 
        H101  2 0.1210 0.2222 0.0460 0.0920 0.3875 0.0509 0.0803 
        H108  2 0.0767 0.0496 0.2471 0.0815 0.0366 0.4183 0.0902 
        H109  2 0.1353 0.1427 0.1468 0.1492 0.1132 0.0926 0.2201 
        H110  2 0.0914 0.1512 0.0396 0.0972 0.1269 0.2917 0.2018 
        H116  2 0.2363 0.1398 0.0577 0.2417 0.1015 0.0806 0.1424 
        H117  2 0.0696 0.1183 0.0329 0.0649 0.2919 0.1435 0.2789 
        H118  2 0.1314 0.1662 0.0431 0.1203 0.3702 0.0849 0.0838 
        H119  2 0.0979 0.1083 0.0625 0.0973 0.0557 0.1697 0.4086 
        H120  2 0.0658 0.0633 0.3688 0.0631 0.0523 0.2953 0.0914 
        H121  2 0.0645 0.1861 0.0429 0.0611 0.4679 0.1220 0.0555 
        H125  2 0.0695 0.0710 0.4088 0.0576 0.0634 0.1008 0.2288 
        H126  2 0.2827 0.0935 0.1350 0.2282 0.0600 0.1326 0.0679 
        H128  2 0.0660 0.2192 0.0168 0.0528 0.5691 0.0381 0.0380 
        H129  2 0.2538 0.1353 0.0454 0.2948 0.0629 0.1023 0.1054 
        H130  2 0.1530 0.0788 0.3111 0.1682 0.1001 0.0599 0.1288 
        H133  2 0.1051 0.0844 0.3674 0.0958 0.1010 0.0617 0.1846 
        H134  2 0.3231 0.1189 0.0409 0.3467 0.0578 0.0568 0.0557 
        H135  2 0.1546 0.1513 0.1252 0.1421 0.1115 0.1615 0.1537 
        H137  2 0.1108 0.1237 0.0615 0.1093 0.1248 0.1630 0.3068 
        H138  2 0.2984 0.1909 0.0498 0.2646 0.0871 0.0413 0.0679 
        H140  2 0.1301 0.1419 0.0999 0.1265 0.2670 0.0857 0.1488 
        H146  2 0.0759 0.1979 0.0524 0.0799 0.4608 0.0490 0.0842 
        H147  2 0.0889 0.1561 0.0547 0.0887 0.2683 0.1524 0.1908 
        H148  2 0.0904 0.1611 0.0682 0.0795 0.2215 0.1376 0.2416 
     H166022  2 0.1324 0.1673 0.0438 0.1384 0.1571 0.1366 0.2245 
     H167359  2 0.1998 0.1832 0.1093 0.1864 0.0958 0.0659 0.1595 
     H167397  2 0.1739 0.1648 0.0378 0.1202 0.2411 0.0983 0.1639 
     H167428  2 0.1566 0.1047 0.0374 0.1347 0.1975 0.2610 0.1080 
     H167496  2 0.0943 0.1006 0.2570 0.0865 0.0807 0.2032 0.1777 
     H167513  2 0.0943 0.1595 0.2865 0.0933 0.2219 0.0691 0.0755 
     H167545  2 0.1893 0.2058 0.1401 0.2054 0.0981 0.0822 0.0790 
     H167547  2 0.1174 0.0872 0.0289 0.1157 0.0623 0.1583 0.4302 
     H169621  2 0.0934 0.2001 0.0390 0.1054 0.4178 0.0737 0.0707 
     H169622  2 0.2134 0.1522 0.0848 0.2542 0.1294 0.0631 0.1028 
     H169750  2 0.1729 0.1462 0.1251 0.1876 0.1426 0.0842 0.1413 
     H171806  2 0.1339 0.1167 0.0832 0.1428 0.1827 0.1253 0.2153 
     H171808  2 0.1572 0.1648 0.1474 0.1498 0.1437 0.1359 0.1012 
     H171809  2 0.1447 0.1057 0.1042 0.1345 0.1052 0.2683 0.1373 
     H171813  2 0.1875 0.1485 0.1352 0.1889 0.1363 0.1014 0.1022 
     H171815  2 0.0957 0.0699 0.5040 0.0836 0.1059 0.0540 0.0868 
     H171824  2 0.1145 0.1285 0.0984 0.1067 0.1371 0.1726 0.2423 
     H171825  2 0.2127 0.1585 0.0809 0.2121 0.0771 0.1314 0.1273 
     H171826  2 0.1960 0.1377 0.0867 0.1683 0.0969 0.1168 0.1977 
     H171827  2 0.1334 0.2438 0.0947 0.1337 0.1511 0.0752 0.1682 
     H171828  2 0.0585 0.0570 0.3454 0.0487 0.0696 0.2952 0.1256 
     H171829  2 0.1848 0.1694 0.0923 0.2251 0.1159 0.0887 0.1239 
     H171830  2 0.1356 0.1146 0.1687 0.1371 0.0992 0.1476 0.1973 
     H171831  2 0.2315 0.1564 0.0450 0.2204 0.1097 0.1251 0.1120 
     H171832  2 0.2527 0.1248 0.0897 0.2822 0.0847 0.0869 0.0789 
     H171863  2 0.2633 0.1385 0.0509 0.2719 0.1509 0.0534 0.0711 
     H171864  2 0.1232 0.1252 0.1128 0.1152 0.1426 0.1613 0.2198 
     H171865  2 0.1070 0.0711 0.4404 0.0860 0.0684 0.1003 0.1268 
     H171879  2 0.1506 0.1240 0.0598 0.1445 0.1157 0.1058 0.2996 
     H171880  2 0.1184 0.2057 0.0440 0.1210 0.3010 0.0817 0.1282 
     H171881  2 0.1708 0.1588 0.0755 0.1705 0.1634 0.1702 0.0909 
     H171882  2 0.0500 0.0457 0.5419 0.0427 0.0439 0.0956 0.1803 
     H171929  2 0.1661 0.1163 0.1182 0.1250 0.2283 0.1283 0.1178 
     H171930  2 0.2077 0.2164 0.0593 0.2116 0.1259 0.0880 0.0912 
     H171933  2 0.1142 0.1465 0.0547 0.1325 0.2292 0.1052 0.2177 
     H171934  2 0.1161 0.1194 0.0806 0.1160 0.1017 0.2712 0.1951 
     H171937  2 0.2659 0.1373 0.0840 0.2957 0.0600 0.0805 0.0766 
     H171962  2 0.2088 0.1190 0.0961 0.2302 0.0786 0.1770 0.0903 
        H190  2 0.2217 0.1552 0.0725 0.1887 0.1251 0.1373 0.0995 
        H191  2 0.1706 0.0912 0.1126 0.1375 0.0889 0.1908 0.2084 
        H396  2 0.0680 0.1249 0.1072 0.0680 0.0986 0.4073 0.1260 
        H397  2 0.1742 0.1622 0.0783 0.1735 0.1758 0.1322 0.1038 
        H398  2 0.2323 0.1293 0.1133 0.2204 0.1189 0.1077 0.0781 
        H400  2 0.1431 0.1520 0.1750 0.1307 0.1304 0.1562 0.1126 
        H401  2 0.0883 0.0957 0.0306 0.1167 0.0757 0.1709 0.4220 
        H402  2 0.1310 0.2039 0.0544 0.1315 0.2008 0.1010 0.1774 
        H427  2 0.0874 0.1157 0.0572 0.1034 0.0634 0.3880 0.1849 
        H428  2 0.1364 0.1077 0.0399 0.1554 0.2008 0.2548 0.1051 
        H497  2 0.0885 0.1105 0.4247 0.0867 0.1760 0.0557 0.0579 
        H512  2 0.1449 0.1645 0.0784 0.1545 0.1444 0.1104 0.2029 
        H513  2 0.0900 0.1529 0.2882 0.1001 0.2269 0.0615 0.0804 
        H514  2 0.2533 0.1515 0.0962 0.2688 0.1201 0.0433 0.0668 
        H519  2 0.1026 0.1608 0.2556 0.1112 0.2066 0.0811 0.0820 
        H532  2 0.1325 0.1920 0.0693 0.1193 0.1664 0.1619 0.1585 
        H543  2 0.1339 0.1810 0.0455 0.1050 0.2978 0.0754 0.1615 
        H544  2 0.2944 0.1153 0.1425 0.2225 0.0957 0.0723 0.0574 
        H545  2 0.1754 0.2085 0.1304 0.1998 0.1052 0.1009 0.0797 
        H546  2 0.1377 0.0904 0.3662 0.1087 0.0809 0.1153 0.1007 
        H547  2 0.1193 0.1052 0.0292 0.1038 0.0624 0.1583 0.4218 
        H548  2 0.1315 0.1541 0.1249 0.1240 0.1061 0.1408 0.2185 
        H549  2 0.0549 0.1781 0.3690 0.0605 0.2296 0.0450 0.0629 
        H620  2 0.0481 0.0403 0.5351 0.0440 0.0455 0.1035 0.1835 
        H623  2 0.1861 0.1540 0.1029 0.2663 0.1027 0.1225 0.0655 
        H624  2 0.1096 0.1355 0.4164 0.0832 0.1858 0.0324 0.0372 
        H625  2 0.1065 0.1021 0.1053 0.1226 0.0757 0.3511 0.1368 
        H626  2 0.1270 0.1824 0.1788 0.1228 0.1475 0.0750 0.1664 
        H654  2 0.0406 0.0580 0.6355 0.0412 0.1290 0.0476 0.0481 
        H655  2 0.1360 0.1535 0.2126 0.1387 0.1259 0.0828 0.1505 
        H656  2 0.0518 0.0326 0.4357 0.0497 0.0385 0.2578 0.1338 
        H666  2 0.0574 0.0835 0.4476 0.0607 0.1316 0.0422 0.1770 
        H667  2 0.1074 0.2203 0.0589 0.1039 0.1047 0.1579 0.2470 
        H677  2 0.1649 0.1918 0.0859 0.1296 0.1616 0.1081 0.1580 
        H693  2 0.0573 0.0435 0.1487 0.0585 0.0550 0.5434 0.0936 
        H694  2 0.2347 0.1606 0.0784 0.2088 0.1018 0.1451 0.0707 
        H701  2 0.1775 0.1889 0.0641 0.1982 0.2106 0.0783 0.0824 
        H702  2 0.1526 0.1747 0.0998 0.1367 0.1329 0.1023 0.2010 
        H731  2 0.1068 0.1197 0.1591 0.1214 0.2126 0.1328 0.1476 
       H7359  2 0.1880 0.1861 0.1240 0.1695 0.0934 0.0743 0.1646 
       H7389  2 0.1691 0.1566 0.0713 0.1750 0.1199 0.1375 0.1706 
       H7390  2 0.1355 0.2312 0.1571 0.1107 0.1767 0.0705 0.1185 
       H7391  2 0.0674 0.0815 0.0517 0.0752 0.0719 0.3763 0.2760 
       H7392  2 0.2031 0.1684 0.1137 0.1638 0.1787 0.0769 0.0953 
       H7393  2 0.1186 0.1678 0.1875 0.1249 0.1829 0.0788 0.1394 
       H7398  2 0.0981 0.1088 0.0770 0.0995 0.1751 0.2926 0.1488 
       H7399  2 0.1620 0.2130 0.0448 0.1702 0.1903 0.0809 0.1388 
       H7400  2 0.0373 0.0360 0.6127 0.0368 0.0692 0.0632 0.1449 
        H745  2 0.2922 0.1117 0.0570 0.3289 0.0929 0.0644 0.0530 
        H746  2 0.1451 0.2645 0.0612 0.1478 0.1167 0.0890 0.1758 
        H747  2 0.0850 0.1716 0.1963 0.1052 0.1494 0.0880 0.2045 
        H748  2 0.1637 0.2021 0.1098 0.1558 0.1455 0.0765 0.1466 
       H7484  2 0.0898 0.0703 0.3134 0.0753 0.0601 0.1718 0.2195 
       H7485  2 0.1741 0.1579 0.2264 0.1444 0.1713 0.0627 0.0633 
        H749  2 0.1255 0.2212 0.1840 0.1210 0.1585 0.0671 0.1228 
        H930  2 0.2032 0.2239 0.0575 0.1803 0.1357 0.0840 0.1154 
        H931  2 0.1381 0.1028 0.1208 0.1401 0.0941 0.2107 0.1935 
        H932  2 0.1531 0.1640 0.0660 0.1625 0.1104 0.1119 0.2320 
        H002  4 0.1755 0.0832 0.3724 0.1649 0.0583 0.0695 0.0761 
        H003  4 0.1332 0.2118 0.0431 0.1558 0.0865 0.1551 0.2144 
        H009  4 0.2588 0.1882 0.0934 0.2113 0.1378 0.0477 0.0629 
        H010  4 0.1637 0.1357 0.0672 0.1655 0.1366 0.1217 0.2096 
        H011  4 0.0672 0.0684 0.2374 0.0748 0.0558 0.4324 0.0640 
        H012  4 0.1502 0.1674 0.0683 0.1355 0.2334 0.1134 0.1318 
        H013  4 0.1002 0.1141 0.1630 0.1081 0.0865 0.2654 0.1627 
        H014  4 0.1843 0.1286 0.0550 0.1949 0.1522 0.1634 0.1216 
        H045  4 0.0683 0.0746 0.1529 0.0784 0.0645 0.4101 0.1512 
        H046  4 0.2083 0.1868 0.0545 0.2000 0.0757 0.1373 0.1375 
        H051  4 0.0967 0.0706 0.2083 0.0882 0.0776 0.3764 0.0822 
        H052  4 0.1350 0.0668 0.2828 0.1429 0.0693 0.1260 0.1773 
        H053  4 0.1499 0.2302 0.0866 0.1406 0.1841 0.0872 0.1215 
        H056  4 0.1135 0.0705 0.3515 0.1316 0.0776 0.1290 0.1262 
        H076  4 0.2317 0.1192 0.0496 0.1861 0.0651 0.1221 0.2262 
        H151  4 0.1508 0.1194 0.2490 0.1614 0.1349 0.0745 0.1100 
        H152  4 0.1479 0.0733 0.2654 0.1558 0.0526 0.1557 0.1494 
     H171803  4 0.1132 0.2290 0.1353 0.0977 0.1548 0.1107 0.1594 
     H171804  4 0.0943 0.1535 0.1509 0.0945 0.1141 0.1920 0.2007 
     H171833  4 0.2980 0.1577 0.0679 0.3026 0.0576 0.0488 0.0675 
     H171855  4 0.1343 0.1424 0.2126 0.1669 0.1029 0.1053 0.1356 
     H171856  4 0.0794 0.2079 0.2084 0.0844 0.2570 0.0595 0.1034 
     H171857  4 0.1707 0.1114 0.1738 0.1648 0.0939 0.1298 0.1556 
     H171858  4 0.1915 0.1163 0.1327 0.1980 0.1003 0.1184 0.1428 
     H171859  4 0.1714 0.1353 0.1002 0.1585 0.0903 0.1215 0.2228 
     H171961  4 0.1349 0.1237 0.2483 0.1180 0.1208 0.1626 0.0916 
        H198  4 0.2358 0.1741 0.0299 0.2243 0.1162 0.0809 0.1389 
      H20001  4 0.2536 0.1719 0.1058 0.2503 0.1146 0.0633 0.0404 
        H403  4 0.1314 0.1499 0.1494 0.1371 0.1184 0.1157 0.1981 
        H404  4 0.2101 0.1506 0.0757 0.1859 0.1178 0.1320 0.1278 
        H405  4 0.1725 0.1654 0.0533 0.1930 0.1162 0.1167 0.1829 
        H406  4 0.1490 0.0911 0.1313 0.1440 0.0692 0.1225 0.2928 
        H407  4 0.1233 0.1598 0.0969 0.1100 0.1702 0.1113 0.2286 
        H410  4 0.0600 0.0595 0.0305 0.0720 0.0764 0.1963 0.5054 
        H411  4 0.2669 0.1393 0.0766 0.2510 0.1371 0.0559 0.0732 
        H468  4 0.2080 0.2024 0.0994 0.2222 0.0845 0.0783 0.1053 
        H476  4 0.1417 0.1364 0.2285 0.1633 0.1287 0.0571 0.1443 
        H477  4 0.2043 0.2581 0.0999 0.2079 0.1170 0.0574 0.0554 
        H478  4 0.1284 0.2067 0.1107 0.1299 0.1199 0.1197 0.1847 
        H479  4 0.1043 0.1040 0.2251 0.1042 0.0970 0.2547 0.1107 
        H480  4 0.2203 0.2262 0.0716 0.1900 0.1332 0.0572 0.1015 
        H498  4 0.1470 0.1608 0.0962 0.1725 0.1575 0.1234 0.1426 
        H499  4 0.1511 0.1574 0.1630 0.1196 0.1169 0.2030 0.0891 
        H500  4 0.1255 0.1627 0.2360 0.1120 0.0965 0.0908 0.1766 
        H515  4 0.1287 0.1823 0.1967 0.1485 0.1620 0.0836 0.0983 
        H516  4 0.2085 0.1666 0.0820 0.2308 0.1759 0.0508 0.0855 
        H517  4 0.1003 0.0969 0.0493 0.0872 0.0562 0.1526 0.4575 
        H518  4 0.1601 0.1041 0.2096 0.1754 0.0881 0.1102 0.1526 
        H520  4 0.1596 0.1355 0.1490 0.1610 0.1090 0.1010 0.1848 
        H521  4 0.1393 0.1162 0.0768 0.1231 0.1028 0.3141 0.1277 
        H522  4 0.1191 0.2234 0.1312 0.1485 0.2070 0.0765 0.0944 
        H523  4 0.1282 0.1799 0.1130 0.1132 0.3170 0.0553 0.0934 
        H536  4 0.1790 0.1365 0.0722 0.1929 0.0677 0.2109 0.1408 
        H645  4 0.0634 0.0862 0.1334 0.0740 0.0544 0.3994 0.1891 
        H646  4 0.1343 0.2374 0.0448 0.1249 0.3434 0.0509 0.0642 
        H647  4 0.2087 0.1880 0.1182 0.1909 0.1521 0.0552 0.0869 
        H657  4 0.1289 0.1458 0.0423 0.1494 0.0882 0.1276 0.3177 
        H658  4 0.1461 0.2371 0.0795 0.1049 0.2746 0.0641 0.0938 
        H659  4 0.0814 0.1473 0.3795 0.0768 0.1705 0.0587 0.0858 
        H660  4 0.1617 0.1432 0.1825 0.1704 0.1554 0.1199 0.0669 
        H661  4 0.1379 0.1519 0.2526 0.1312 0.1952 0.0666 0.0645 
        H668  4 0.1932 0.1841 0.0577 0.1637 0.1116 0.1166 0.1731 
        H669  4 0.1298 0.1353 0.1224 0.1324 0.2121 0.1342 0.1338 
        H670  4 0.0960 0.0962 0.1098 0.1020 0.0718 0.3636 0.1608 
        H678  4 0.1349 0.2152 0.1467 0.1491 0.2032 0.0654 0.0856 
        H679  4 0.1798 0.1758 0.0961 0.1652 0.1620 0.0771 0.1441 
        H680  4 0.1593 0.1638 0.0663 0.1810 0.1158 0.1529 0.1609 
        H681  4 0.1373 0.1694 0.1791 0.1461 0.0906 0.1132 0.1643 
        H682  4 0.1059 0.2200 0.0624 0.1132 0.1586 0.1257 0.2143 
        H683  4 0.1590 0.1272 0.2055 0.1779 0.1517 0.0635 0.1153 
        H718  4 0.0595 0.0620 0.4328 0.0624 0.0697 0.1006 0.2130 
        H719  4 0.0737 0.0814 0.0944 0.0636 0.0715 0.5455 0.0698 
        H720  4 0.1018 0.0963 0.2582 0.1236 0.1305 0.2314 0.0580 
        H721  4 0.1948 0.1243 0.1555 0.1738 0.0906 0.1615 0.0995 
        H722  4 0.1767 0.1051 0.2725 0.2027 0.1103 0.0512 0.0816 
        H723  4 0.1065 0.0876 0.2274 0.0798 0.1023 0.2093 0.1870 
        H724  4 0.0845 0.0944 0.2999 0.0751 0.0884 0.1468 0.2109 
        H725  4 0.1077 0.0905 0.2872 0.1080 0.0809 0.1534 0.1723 
        H726  4 0.1546 0.1177 0.2485 0.1474 0.1032 0.0857 0.1428 
        H727  4 0.1068 0.1105 0.1137 0.1107 0.1003 0.2779 0.1800 
        H910  4 0.1026 0.1276 0.1565 0.1057 0.1130 0.2053 0.1894 
        H911  4 0.1286 0.1022 0.0761 0.1282 0.0892 0.1379 0.3378 
        H912  4 0.1852 0.1557 0.1049 0.1933 0.1068 0.1040 0.1501 
        H913  4 0.0774 0.2388 0.0738 0.0983 0.3642 0.0503 0.0972 
        H914  4 0.0857 0.1819 0.2124 0.0853 0.2092 0.0993 0.1263 
        H915  4 0.1396 0.1545 0.1559 0.1491 0.1312 0.0965 0.1733 
        H916  4 0.1527 0.1994 0.1987 0.1674 0.1605 0.0583 0.0630 
       H9572  4 0.0993 0.1091 0.1308 0.1021 0.1571 0.2171 0.1845 
        H015  5 0.1634 0.1594 0.0781 0.1882 0.1195 0.2117 0.0796 
        H016  5 0.2531 0.1404 0.0728 0.2592 0.1307 0.0681 0.0757 
        H017  5 0.1336 0.2064 0.1808 0.1563 0.2095 0.0458 0.0677 
        H019  5 0.1981 0.1116 0.1405 0.2033 0.1177 0.1463 0.0826 
        H020  5 0.0874 0.1211 0.1279 0.1032 0.2579 0.2487 0.0537 
        H032  5 0.2043 0.1590 0.1096 0.1747 0.0819 0.0826 0.1879 
        H033  5 0.1525 0.1874 0.0576 0.1448 0.1971 0.1580 0.1027 
        H034  5 0.1287 0.1157 0.1412 0.1184 0.1103 0.1569 0.2288 
        H035  5 0.1947 0.2285 0.0760 0.1827 0.1503 0.0653 0.1026 
        H036  5 0.1311 0.1648 0.0551 0.1291 0.1197 0.3026 0.0976 
        H037  5 0.0910 0.2496 0.1931 0.0882 0.1963 0.0984 0.0834 
        H048  5 0.0946 0.0900 0.1517 0.0871 0.0659 0.2880 0.2226 
        H049  5 0.2221 0.1554 0.0797 0.1933 0.0600 0.2235 0.0661 
        H054  5 0.1680 0.1042 0.0837 0.1855 0.0791 0.1558 0.2237 
        H055  5 0.1901 0.1095 0.1132 0.2162 0.1175 0.1467 0.1068 
        H057  5 0.2967 0.1220 0.1181 0.2950 0.0597 0.0563 0.0521 
        H060  5 0.1687 0.1371 0.2282 0.1853 0.1139 0.0836 0.0830 
        H061  5 0.1821 0.1740 0.0632 0.1494 0.1281 0.1554 0.1478 
        H064  5 0.1449 0.0818 0.1869 0.1386 0.0903 0.2315 0.1260 
        H070  5 0.1153 0.1349 0.1961 0.1108 0.1723 0.1466 0.1240 
        H077  5 0.0929 0.0670 0.4552 0.0843 0.0745 0.0778 0.1483 
        H078  5 0.1827 0.1725 0.1271 0.1953 0.1448 0.0534 0.1241 
        H079  5 0.0962 0.2084 0.0529 0.0959 0.3682 0.0802 0.0983 
        H097  5 0.2154 0.1401 0.1596 0.2123 0.1236 0.0411 0.1079 
        H107  5 0.0934 0.1021 0.2006 0.0878 0.0936 0.2886 0.1338 
        H122  5 0.1455 0.2210 0.1178 0.1804 0.1799 0.0674 0.0880 
        H123  5 0.1313 0.1674 0.0340 0.1575 0.2003 0.0948 0.2147 
        H124  5 0.1317 0.1665 0.0527 0.1643 0.1372 0.1017 0.2460 
        H131  5 0.1178 0.1704 0.0395 0.0996 0.3569 0.0995 0.1163 
        H132  5 0.1506 0.1259 0.1342 0.1523 0.1107 0.1993 0.1271 
        H141  5 0.1299 0.1683 0.1684 0.1230 0.1224 0.1212 0.1667 
        H142  5 0.1794 0.1972 0.0650 0.1769 0.1719 0.0986 0.1111 
        H157  5 0.1310 0.1465 0.1233 0.1443 0.0925 0.2058 0.1566 
        H158  5 0.2407 0.1661 0.0472 0.2692 0.1452 0.0638 0.0679 
        H159  5 0.1631 0.1488 0.0537 0.1611 0.0840 0.1822 0.2071 
        H160  5 0.1413 0.2043 0.0618 0.1646 0.0936 0.1203 0.2140 
        H163  5 0.1940 0.1388 0.0578 0.1861 0.1650 0.1306 0.1278 
        H164  5 0.1620 0.1672 0.0871 0.1907 0.1312 0.1109 0.1510 
        H165  5 0.1070 0.1685 0.0489 0.1146 0.2756 0.1155 0.1700 
        H166  5 0.1167 0.1424 0.0654 0.1271 0.1557 0.3390 0.0537 
        H169  5 0.2018 0.2074 0.0517 0.1497 0.1129 0.1342 0.1422 
     H169613  5 0.1706 0.1641 0.1349 0.1727 0.1736 0.0900 0.0942 
     H169653  5 0.1234 0.1170 0.0468 0.1284 0.1109 0.3610 0.1124 
     H169728  5 0.2149 0.1875 0.1080 0.1940 0.0945 0.0907 0.1103 
     H169742  5 0.1064 0.0861 0.1235 0.0991 0.0725 0.3638 0.1485 
        H170  5 0.2782 0.1192 0.1139 0.2627 0.0647 0.0677 0.0937 
        H171  5 0.2350 0.1467 0.0831 0.2801 0.0894 0.0864 0.0793 
     H171851  5 0.2179 0.1321 0.1049 0.2261 0.1645 0.0882 0.0663 
     H171852  5 0.1485 0.1380 0.2478 0.1656 0.1094 0.0760 0.1148 
     H171853  5 0.1198 0.1304 0.0688 0.1147 0.0907 0.2316 0.2440 
     H171854  5 0.2302 0.1530 0.1257 0.2200 0.0869 0.0749 0.1094 
     H171938  5 0.1308 0.1590 0.0955 0.1166 0.0931 0.1922 0.2127 
     H171939  5 0.1761 0.1337 0.0703 0.1890 0.2319 0.1301 0.0688 
     H171941  5 0.0879 0.0748 0.1891 0.0892 0.0924 0.3912 0.0755 
     H171965  5 0.2257 0.1587 0.0677 0.2791 0.0871 0.0728 0.1089 
     H171970  5 0.0647 0.0592 0.3150 0.0721 0.0747 0.3243 0.0899 
     H171973  5 0.1415 0.1436 0.0605 0.1668 0.0868 0.1913 0.2094 
     H171974  5 0.1512 0.1474 0.0723 0.1514 0.1748 0.1564 0.1465 
     H171975  5 0.0838 0.0774 0.1087 0.0912 0.0560 0.4478 0.1350 
     H171976  5 0.2339 0.1043 0.2203 0.2071 0.0602 0.0635 0.1108 
        H175  5 0.1359 0.1432 0.1275 0.1389 0.1130 0.1710 0.1705 
        H178  5 0.1288 0.1253 0.1399 0.1309 0.0803 0.3245 0.0704 
        H189  5 0.0977 0.1544 0.0439 0.1325 0.3794 0.0652 0.1268 
        H399  5 0.2320 0.1259 0.0532 0.2666 0.0545 0.0939 0.1738 
        H416  5 0.1146 0.1416 0.2211 0.1154 0.1598 0.1504 0.0971 
        H438  5 0.0974 0.1394 0.0710 0.0988 0.1303 0.2239 0.2391 
        H450  5 0.1236 0.1077 0.3981 0.1035 0.1221 0.0781 0.0670 
        H455  5 0.0505 0.0433 0.2718 0.0480 0.0649 0.4661 0.0553 
        H456  5 0.1231 0.1856 0.0682 0.1370 0.0909 0.2042 0.1911 
        H457  5 0.1514 0.0791 0.2535 0.1571 0.0642 0.1487 0.1459 
        H458  5 0.1732 0.1471 0.0952 0.1528 0.1188 0.1687 0.1441 
        H459  5 0.1609 0.2347 0.0348 0.1690 0.2119 0.0765 0.1123 
        H460  5 0.1003 0.2508 0.2186 0.0993 0.1571 0.0644 0.1095 
        H461  5 0.2947 0.1264 0.1229 0.2574 0.0701 0.0500 0.0785 
        H462  5 0.1411 0.1445 0.0623 0.1659 0.1536 0.2218 0.1108 
        H469  5 0.1437 0.1496 0.0600 0.1495 0.2367 0.1525 0.1080 
        H470  5 0.1841 0.1533 0.1014 0.1980 0.0990 0.1302 0.1340 
        H471  5 0.2321 0.2238 0.0466 0.2419 0.1320 0.0388 0.0848 
        H481  5 0.0801 0.0906 0.3800 0.0909 0.1094 0.0894 0.1595 
        H482  5 0.1889 0.1204 0.1983 0.1637 0.1144 0.0757 0.1387 
        H501  5 0.1748 0.1641 0.1294 0.1808 0.1121 0.1111 0.1279 
        H502  5 0.2336 0.1836 0.0650 0.2367 0.1281 0.0687 0.0844 
        H503  5 0.1678 0.1442 0.0573 0.1573 0.0935 0.2303 0.1494 
        H509  5 0.0792 0.1204 0.0768 0.0864 0.0913 0.2831 0.2628 
        H510  5 0.1566 0.0987 0.1313 0.1544 0.0752 0.3045 0.0794 
        H511  5 0.2256 0.1762 0.0615 0.2102 0.1408 0.0717 0.1139 
        H530  5 0.1223 0.1342 0.0979 0.1126 0.1021 0.1957 0.2353 
        H531  5 0.1562 0.1686 0.1733 0.1814 0.1486 0.0475 0.1243 
        H564  5 0.1542 0.1158 0.2774 0.1675 0.1127 0.0931 0.0793 
        H565  5 0.0688 0.0869 0.4270 0.0716 0.1207 0.1555 0.0695 
        H567  5 0.1006 0.1838 0.0382 0.1185 0.3718 0.1058 0.0814 
     H568???  5 0.2632 0.1440 0.0526 0.3127 0.0715 0.0747 0.0813 
        H608  5 0.1450 0.1210 0.3034 0.1335 0.0948 0.0942 0.1080 
        H609  5 0.1016 0.1085 0.0559 0.0920 0.1260 0.4170 0.0989 
        H612  5 0.0834 0.1133 0.3002 0.0684 0.1092 0.1619 0.1635 
        H614  5 0.1294 0.1271 0.3315 0.1264 0.1459 0.0554 0.0842 
        H615  5 0.1396 0.1240 0.3219 0.1138 0.1319 0.0632 0.1057 
        H616  5 0.0771 0.0747 0.3579 0.0689 0.0966 0.1815 0.1432 
        H617  5 0.1360 0.2011 0.0378 0.1403 0.1602 0.1215 0.2031 
        H618  5 0.0999 0.0671 0.2407 0.1019 0.0771 0.2734 0.1399 
        H619  5 0.0777 0.0907 0.0747 0.0905 0.0874 0.3932 0.1858 
        H635  5 0.1996 0.1186 0.1154 0.1504 0.1043 0.1907 0.1210 
        H636  5 0.1045 0.1644 0.0577 0.1199 0.0894 0.2147 0.2493 
        H637  5 0.0828 0.1011 0.2932 0.1045 0.1052 0.2062 0.1070 
        H644  5 0.2044 0.1443 0.0386 0.2399 0.2476 0.0633 0.0618 
        H711  5 0.2765 0.1352 0.1292 0.2295 0.1193 0.0442 0.0662 
        H712  5 0.0809 0.0912 0.1202 0.0756 0.1385 0.3831 0.1105 
       H7360  5 0.2386 0.1473 0.1231 0.1853 0.1404 0.0882 0.0770 
       H7361  5 0.1528 0.0977 0.2294 0.1414 0.0737 0.1632 0.1418 
       H7362  5 0.2594 0.1282 0.0306 0.2490 0.0981 0.1555 0.0791 
       H7363  5 0.1499 0.1331 0.1644 0.1463 0.1147 0.1817 0.1099 
       H7394  5 0.2016 0.1843 0.0477 0.2071 0.1642 0.0655 0.1296 
       H7395  5 0.1514 0.1583 0.0803 0.1625 0.0810 0.2250 0.1415 
       H7396  5 0.1094 0.1720 0.1353 0.1180 0.2852 0.0878 0.0923 
        H742  5 0.1015 0.0924 0.1078 0.0914 0.0802 0.3881 0.1385 
        H743  5 0.1061 0.1008 0.1441 0.1243 0.1819 0.1848 0.1580 
        H744  5 0.0741 0.0903 0.2311 0.0747 0.1120 0.1383 0.2794 
        H957  5 0.2603 0.1657 0.1262 0.2504 0.0955 0.0440 0.0579 
        H958  5 0.1278 0.1902 0.0797 0.1394 0.2039 0.0837 0.1754 
        H959  5 0.1170 0.0865 0.2781 0.1323 0.0832 0.2097 0.0932 
        H960  5 0.1264 0.1079 0.1014 0.1286 0.1467 0.2008 0.1882 
        H431  8 0.0926 0.0841 0.0890 0.0943 0.0680 0.1553 0.4168 
        H432  8 0.1300 0.1134 0.0398 0.1411 0.0523 0.4609 0.0623 
        H433  8 0.1224 0.1581 0.0673 0.1218 0.2247 0.1542 0.1516 
        H434  8 0.0886 0.2193 0.0440 0.1143 0.3941 0.0753 0.0645 
        H444  8 0.1020 0.0846 0.0990 0.0862 0.1050 0.4148 0.1084 
        H454  8 0.0717 0.0680 0.2855 0.0727 0.0830 0.3415 0.0776 
        H475  8 0.0858 0.0917 0.5116 0.0848 0.0686 0.0541 0.1033 
        H491  8 0.1553 0.0998 0.2150 0.1586 0.0975 0.2177 0.0561 
        H492  8 0.1267 0.1404 0.2654 0.1044 0.1386 0.1179 0.1066 
        H493  8 0.2055 0.1580 0.0645 0.2477 0.1344 0.0904 0.0996 
        H494  8 0.1208 0.1006 0.1308 0.1056 0.0789 0.3217 0.1416 
        H495  8 0.0689 0.1141 0.4677 0.0768 0.1797 0.0470 0.0458 
        H662  8 0.1896 0.1910 0.1003 0.1716 0.1784 0.0662 0.1028 
        H663  8 0.1139 0.1009 0.2051 0.1186 0.0995 0.2201 0.1420 
        H695  8 0.1330 0.1407 0.1393 0.1448 0.1060 0.0959 0.2402 
       H7367  8 0.1015 0.2084 0.0295 0.1013 0.4216 0.0582 0.0795 
       H7368  8 0.2077 0.1322 0.0469 0.2122 0.0709 0.1173 0.2128 
       H7369  8 0.1209 0.1020 0.1124 0.1295 0.0972 0.2981 0.1399 
       H7370  8 0.1422 0.2348 0.0481 0.1151 0.2653 0.0708 0.1238 
       H7371  8 0.1226 0.1313 0.0858 0.1419 0.1113 0.1732 0.2340 
     H169705 10 0.0838 0.2540 0.0390 0.0715 0.4247 0.0560 0.0710 
     H171942 10 0.1127 0.1173 0.0365 0.1358 0.0459 0.4973 0.0545 
     H171943 10 0.1228 0.2558 0.1728 0.1156 0.1830 0.0787 0.0712 
     H171944 10 0.1288 0.2439 0.1116 0.1193 0.1937 0.0796 0.1231 
     H171946 10 0.1384 0.1787 0.2215 0.1348 0.1796 0.0519 0.0951 
     H171947 10 0.1912 0.1661 0.0919 0.1791 0.2301 0.0807 0.0609 
     H229641 10 0.1280 0.1058 0.2040 0.1457 0.1040 0.1049 0.2075 
      H30001 10 0.1638 0.1574 0.1106 0.1589 0.0974 0.1500 0.1619 
      H30002 10 0.0872 0.1842 0.0682 0.0691 0.4409 0.0622 0.0882 
      H30005 10 0.1159 0.1036 0.0385 0.1051 0.0859 0.1527 0.3984 
      H30006 10 0.0543 0.2065 0.0502 0.0707 0.5142 0.0639 0.0401 
      H30007 10 0.1742 0.1758 0.1657 0.1713 0.1946 0.0798 0.0386 
        H451 10 0.1335 0.1368 0.0706 0.1408 0.1781 0.2291 0.1111 
        H452 10 0.0700 0.0915 0.0687 0.0869 0.0642 0.1699 0.4488 
        H453 10 0.1359 0.0998 0.2339 0.1408 0.0967 0.1811 0.1118 
        H473 10 0.1675 0.1120 0.2239 0.1818 0.1028 0.1338 0.0783 
        H474 10 0.0981 0.1262 0.3738 0.0921 0.1246 0.0451 0.1401 
        H486 10 0.0967 0.0959 0.2410 0.0844 0.0812 0.1495 0.2513 
        H487 10 0.1226 0.1245 0.1691 0.1461 0.0924 0.0847 0.2605 
        H488 10 0.1129 0.1027 0.1454 0.1195 0.0943 0.2627 0.1624 
        H489 10 0.1201 0.1670 0.2162 0.1064 0.1559 0.0658 0.1686 
        H550 10 0.1697 0.2132 0.0628 0.1990 0.2630 0.0396 0.0529 
        H551 10 0.1125 0.1543 0.0982 0.1081 0.1330 0.1974 0.1965 
        H553 10 0.0886 0.1442 0.1354 0.0777 0.1713 0.0968 0.2860 
        H554 10 0.1830 0.1626 0.0800 0.2051 0.1578 0.0852 0.1263 
        H556 10 0.1116 0.2189 0.0597 0.1091 0.3613 0.0620 0.0774 
        H580 10 0.1682 0.1611 0.0517 0.1535 0.1526 0.1412 0.1718 
        H591 10 0.0601 0.0645 0.4994 0.0630 0.1174 0.0697 0.1260 
        H592 10 0.1184 0.1549 0.1188 0.1291 0.1234 0.1153 0.2401 
        H593 10 0.2234 0.1736 0.1282 0.2000 0.1058 0.0636 0.1055 
        H594 10 0.2198 0.1726 0.0401 0.2493 0.1304 0.0762 0.1116 
        H627 10 0.2164 0.1617 0.1559 0.1887 0.1088 0.0622 0.1062 
        H628 10 0.1561 0.1101 0.0424 0.1640 0.0696 0.2047 0.2532 
        H629 10 0.1895 0.1258 0.1619 0.1891 0.1144 0.0981 0.1212 
        H630 10 0.1293 0.2357 0.1205 0.1340 0.2152 0.0702 0.0951 
        H638 10 0.2030 0.1829 0.0693 0.1510 0.1333 0.0933 0.1673 
        H639 10 0.1274 0.0965 0.2598 0.1426 0.0652 0.1435 0.1650 
        H640 10 0.1740 0.1951 0.0892 0.1814 0.1190 0.1112 0.1300 
        H704 10 0.2456 0.1516 0.0500 0.2133 0.1882 0.0958 0.0556 
        H705 10 0.0709 0.2211 0.0389 0.0699 0.4595 0.0640 0.0758 
        H706 10 0.0957 0.1066 0.1549 0.1118 0.1246 0.2333 0.1731 
        H708 10 0.0904 0.1646 0.3103 0.0778 0.2153 0.0492 0.0924 
       H7351 10 0.1853 0.1567 0.0818 0.2190 0.1658 0.1071 0.0843 
       H7352 10 0.1725 0.1517 0.0831 0.1587 0.0959 0.1070 0.2311 
       H7353 10 0.3267 0.1042 0.0460 0.3139 0.0777 0.0766 0.0550 
       H7354 10 0.1479 0.1089 0.1517 0.1317 0.1186 0.2477 0.0937 
       H7365 10 0.0899 0.1469 0.2190 0.1026 0.1012 0.1537 0.1867 
       H7383 10 0.1355 0.1147 0.1467 0.1447 0.1113 0.2185 0.1286 
       H7384 10 0.1265 0.1854 0.0875 0.1100 0.3388 0.0697 0.0821 
       H7385 10 0.1150 0.1557 0.2249 0.1085 0.1517 0.1381 0.1061 
       H7386 10 0.1394 0.1246 0.0613 0.1284 0.0920 0.2636 0.1907 
       H7387 10 0.1746 0.2524 0.0824 0.1693 0.1603 0.0719 0.0891 
       H7388 10 0.0738 0.0723 0.0530 0.0599 0.0491 0.1871 0.5048 
        H906 10 0.1618 0.0794 0.2358 0.1505 0.0522 0.2667 0.0535 
        H907 10 0.2176 0.1651 0.0657 0.2122 0.1177 0.0914 0.1304 
        H908 10 0.1502 0.1693 0.0705 0.1513 0.1204 0.1480 0.1904 
        H909 10 0.1261 0.0994 0.1178 0.1033 0.0732 0.3437 0.1365 
       H9552 10 0.1716 0.1244 0.0618 0.1755 0.1551 0.1513 0.1602 
       H9553 10 0.0766 0.1463 0.0846 0.0880 0.1895 0.1029 0.3121 
       H9555 10 0.1331 0.2173 0.0927 0.1478 0.1771 0.1097 0.1223 
       H9575 10 0.1956 0.1712 0.1642 0.1722 0.0931 0.0706 0.1331 
       H9703 10 0.0712 0.1540 0.2016 0.0746 0.2580 0.0920 0.1486 
       H9707 10 0.0957 0.0944 0.2918 0.0987 0.1094 0.0842 0.2259 
       HSAA4 10 0.1673 0.1769 0.0480 0.1468 0.1547 0.1376 0.1685 
        H001 11 0.1232 0.1005 0.0759 0.1560 0.0663 0.3404 0.1376 
        H004 11 0.1605 0.1432 0.1334 0.1955 0.2124 0.0653 0.0897 
        H005 11 0.0938 0.0808 0.3295 0.0983 0.0589 0.2337 0.1050 
        H006 11 0.1574 0.1829 0.1174 0.1553 0.1368 0.0954 0.1547 
        H007 11 0.0760 0.0684 0.2829 0.0704 0.0844 0.3362 0.0816 
        H031 11 0.0873 0.1035 0.3374 0.0862 0.1015 0.1085 0.1756 
        H074 11 0.1124 0.1406 0.1676 0.1327 0.1069 0.1612 0.1786 
        H075 11 0.0669 0.1007 0.3762 0.0634 0.1482 0.1658 0.0789 
        H080 11 0.1069 0.0887 0.1337 0.1057 0.0829 0.2516 0.2305 
        H086 11 0.1216 0.1804 0.0558 0.1359 0.2855 0.0838 0.1370 
        H092 11 0.1243 0.1501 0.1306 0.1431 0.2502 0.0951 0.1067 
        H093 11 0.2252 0.1313 0.0563 0.2235 0.1700 0.1059 0.0879 
        H094 11 0.1832 0.1901 0.0810 0.2075 0.1208 0.0705 0.1470 
        H095 11 0.1203 0.1400 0.1385 0.1476 0.0841 0.2021 0.1674 
        H096 11 0.1213 0.1018 0.1597 0.1104 0.0697 0.2676 0.1694 
        H099 11 0.1633 0.1416 0.1364 0.1703 0.1619 0.1286 0.0979 
        H100 11 0.1276 0.1332 0.0429 0.1416 0.0757 0.4012 0.0777 
        H127 11 0.1404 0.1204 0.0934 0.1411 0.1185 0.1360 0.2501 
        H136 11 0.1072 0.1110 0.3268 0.1308 0.1062 0.0498 0.1681 
        H153 11 0.2034 0.1476 0.1083 0.2170 0.1388 0.0935 0.0914 
        H154 11 0.0933 0.1525 0.1511 0.1260 0.0967 0.1225 0.2578 
        H155 11 0.0914 0.0944 0.0309 0.0850 0.1056 0.3930 0.1997 
        H156 11 0.2000 0.1596 0.0294 0.1971 0.1220 0.1451 0.1469 
        H161 11 0.1906 0.1090 0.1658 0.1847 0.1792 0.1014 0.0693 
        H162 11 0.1542 0.1438 0.0471 0.1402 0.1315 0.1245 0.2588 
        H167 11 0.1912 0.1770 0.0578 0.1932 0.1724 0.1113 0.0969 
        H168 11 0.1759 0.1083 0.0606 0.1854 0.0757 0.2196 0.1745 
     H169586 11 0.1725 0.1236 0.3295 0.1420 0.1639 0.0306 0.0380 
     H169738 11 0.1356 0.1141 0.0730 0.1227 0.1156 0.2174 0.2216 
     H169741 11 0.1118 0.1803 0.2277 0.1100 0.1886 0.0495 0.1322 
     H171801 11 0.2248 0.1397 0.0584 0.2721 0.0895 0.1540 0.0616 
     H171810 11 0.1305 0.0985 0.3188 0.1260 0.1179 0.1092 0.0990 
     H171811 11 0.1312 0.1821 0.2279 0.1401 0.1843 0.0571 0.0774 
     H171812 11 0.1001 0.0867 0.0916 0.0933 0.1293 0.4281 0.0709 
     H171820 11 0.1523 0.1533 0.2055 0.1270 0.1512 0.1115 0.0991 
     H171821 11 0.1782 0.1656 0.0557 0.1572 0.0770 0.1542 0.2122 
     H171822 11 0.1622 0.1550 0.0712 0.1638 0.1617 0.1233 0.1628 
     H171823 11 0.1767 0.0810 0.3356 0.1819 0.0514 0.0814 0.0920 
     H171866 11 0.1768 0.1014 0.0940 0.1738 0.1006 0.1396 0.2138 
     H171867 11 0.1164 0.1495 0.0751 0.1160 0.2281 0.1410 0.1739 
     H171967 11 0.1171 0.1262 0.1953 0.1169 0.0912 0.2170 0.1363 
     H171969 11 0.1921 0.1414 0.1297 0.1758 0.1314 0.1583 0.0714 
        H172 11 0.1389 0.1682 0.0872 0.1261 0.1635 0.1625 0.1535 
        H173 11 0.1147 0.1606 0.0521 0.0957 0.1630 0.2510 0.1631 
        H174 11 0.2130 0.1721 0.0456 0.2327 0.1134 0.0836 0.1396 
        H196 11 0.0672 0.0770 0.0312 0.0684 0.0770 0.1897 0.4894 
        H197 11 0.1845 0.1803 0.0508 0.2193 0.1204 0.0999 0.1448 
        H346 11 0.1058 0.1143 0.1535 0.1047 0.1646 0.2469 0.1102 
        H355 11 0.1329 0.0935 0.1243 0.1423 0.0860 0.3224 0.0986 
        H356 11 0.1119 0.1214 0.1110 0.1349 0.1678 0.1725 0.1805 
        H357 11 0.1324 0.1138 0.2407 0.1286 0.1185 0.1547 0.1114 
        H358 11 0.0968 0.1782 0.1370 0.0956 0.1641 0.1595 0.1688 
        H359 11 0.1478 0.1625 0.1154 0.1720 0.1775 0.0709 0.1538 
        H360 11 0.0884 0.1986 0.0609 0.0903 0.4101 0.0838 0.0679 
        H361 11 0.1062 0.1208 0.0710 0.0983 0.2709 0.2083 0.1246 
        H362 11 0.1406 0.1618 0.0432 0.1612 0.1430 0.1131 0.2371 
        H363 11 0.1273 0.1667 0.2107 0.1349 0.1291 0.0599 0.1714 
        H364 11 0.2295 0.1756 0.0880 0.2050 0.1249 0.0644 0.1126 
        H365 11 0.1659 0.1090 0.1412 0.1290 0.2303 0.1210 0.1037 
        H366 11 0.1623 0.1247 0.0539 0.1313 0.0810 0.2003 0.2465 
        H367 11 0.0777 0.0744 0.1543 0.0820 0.0556 0.2079 0.3481 
        H368 11 0.2386 0.2250 0.1223 0.1755 0.1337 0.0454 0.0596 
        H369 11 0.0753 0.0909 0.2104 0.0888 0.0660 0.2147 0.2540 
        H370 11 0.1837 0.1730 0.0598 0.2042 0.1312 0.0960 0.1522 
        H371 11 0.1581 0.1622 0.0821 0.1589 0.2067 0.1066 0.1254 
        H372 11 0.1420 0.1403 0.0768 0.1481 0.1014 0.1779 0.2135 
        H373 11 0.2054 0.1474 0.0677 0.1798 0.1148 0.1853 0.0995 
        H374 11 0.1571 0.1293 0.1248 0.1582 0.1565 0.1942 0.0800 
        H375 11 0.1099 0.0973 0.0828 0.0889 0.0798 0.4079 0.1335 
        H376 11 0.1999 0.1362 0.0603 0.2206 0.1200 0.1653 0.0977 
        H377 11 0.1372 0.1479 0.1526 0.1480 0.2202 0.0689 0.1253 
        H378 11 0.2165 0.1592 0.0824 0.1916 0.0864 0.1592 0.1047 
        H379 11 0.1854 0.2028 0.1012 0.1792 0.1597 0.0761 0.0956 
        H380 11 0.1358 0.1701 0.0572 0.1234 0.0988 0.2033 0.2115 
        H381 11 0.1508 0.1396 0.2846 0.1798 0.0990 0.0586 0.0875 
        H382 11 0.1964 0.1516 0.0379 0.1965 0.1282 0.1051 0.1842 
        H383 11 0.2472 0.1142 0.0438 0.2312 0.1409 0.1248 0.0980 
        H384 11 0.1173 0.2276 0.1303 0.1304 0.2525 0.0436 0.0984 
        H385 11 0.1308 0.1564 0.1701 0.1591 0.2249 0.0636 0.0950 
        H386 11 0.1027 0.1411 0.0422 0.1184 0.0694 0.2170 0.3092 
        H387 11 0.2492 0.1639 0.1019 0.2558 0.0900 0.0706 0.0687 
        H388 11 0.1176 0.1594 0.0491 0.1247 0.3160 0.0969 0.1364 
        H389 11 0.1056 0.1189 0.1622 0.1056 0.1020 0.2709 0.1347 
        H390 11 0.1330 0.2527 0.0860 0.1531 0.1415 0.1204 0.1132 
        H391 11 0.1358 0.2084 0.1184 0.1411 0.1659 0.0811 0.1493 
        H392 11 0.0835 0.0926 0.2853 0.0827 0.1103 0.2373 0.1082 
        H393 11 0.1736 0.1065 0.0548 0.1707 0.1233 0.3121 0.0589 
        H394 11 0.2315 0.1269 0.0801 0.2837 0.1179 0.0790 0.0808 
        H395 11 0.1315 0.1095 0.1667 0.1098 0.1010 0.1029 0.2786 
        H408 11 0.0992 0.1211 0.0843 0.1119 0.0773 0.3307 0.1754 
        H412 11 0.0930 0.1906 0.2390 0.0942 0.1619 0.0685 0.1527 
        H417 11 0.1454 0.1980 0.1653 0.1344 0.2087 0.0614 0.0869 
        H418 11 0.1437 0.1274 0.0753 0.1462 0.0953 0.1465 0.2656 
        H429 11 0.1462 0.1788 0.0998 0.1349 0.0931 0.1948 0.1524 
        H430 11 0.1240 0.1146 0.0634 0.1379 0.1165 0.3215 0.1221 
        H439 11 0.1216 0.2131 0.0960 0.1309 0.2372 0.0970 0.1042 
        H440 11 0.1156 0.1527 0.2903 0.1172 0.1104 0.0812 0.1326 
        H441 11 0.0835 0.0942 0.0354 0.0896 0.0688 0.1986 0.4299 
        H442 11 0.1315 0.1263 0.0716 0.1377 0.0708 0.1434 0.3186 
        H446 11 0.2011 0.1652 0.0581 0.2238 0.1570 0.0688 0.1260 
        H447 11 0.1350 0.2246 0.0482 0.1399 0.1033 0.1349 0.2141 
        H448 11 0.0800 0.1102 0.0641 0.1049 0.0876 0.2394 0.3138 
        H534 11 0.1279 0.1122 0.2973 0.1276 0.1274 0.1145 0.0932 
        H537 11 0.1549 0.0995 0.1311 0.1329 0.0588 0.2227 0.2000 
        H568 11 0.0774 0.0690 0.4628 0.0658 0.0843 0.0556 0.1852 
        H569 11 0.1002 0.1928 0.0460 0.1105 0.3162 0.1594 0.0750 
        H586 11 0.1385 0.1174 0.3672 0.1334 0.1836 0.0284 0.0315 
        H587 11 0.0908 0.1671 0.2592 0.0858 0.1394 0.1398 0.1180 
        H588 11 0.2602 0.1434 0.0615 0.3125 0.0823 0.0866 0.0535 
        H589 11 0.0867 0.1305 0.3788 0.0820 0.1311 0.1080 0.0829 
        H590 11 0.0951 0.0616 0.3459 0.0980 0.0542 0.1697 0.1754 
        H601 11 0.1776 0.1450 0.0868 0.1780 0.1727 0.1394 0.1006 
        H602 11 0.1046 0.1002 0.1608 0.1044 0.0748 0.1509 0.3041 
        H603 11 0.1161 0.1812 0.0603 0.1055 0.1191 0.2410 0.1768 
        H610 11 0.1381 0.1937 0.1233 0.1219 0.2601 0.0768 0.0861 
        H611 11 0.1017 0.1548 0.2691 0.1014 0.1282 0.0819 0.1630 
        H649 11 0.1455 0.1336 0.1169 0.1298 0.0891 0.3131 0.0720 
        H650 11 0.1799 0.1957 0.0808 0.1785 0.2369 0.0496 0.0786 
        H651 11 0.1245 0.1339 0.0766 0.1209 0.1720 0.1902 0.1819 
        H652 11 0.2310 0.1425 0.0955 0.2474 0.1204 0.0710 0.0922 
       H7364 11 0.1186 0.1742 0.0990 0.1373 0.1522 0.2072 0.1116 
       H7366 11 0.1086 0.1308 0.1159 0.1022 0.2965 0.1120 0.1341 
       H7378 11 0.2181 0.1409 0.0590 0.2570 0.0936 0.0985 0.1328 
       H7379 11 0.1687 0.1329 0.0702 0.1821 0.1579 0.1423 0.1460 
        H739 11 0.1081 0.1499 0.2431 0.1101 0.1267 0.0894 0.1727 
        H740 11 0.1702 0.1768 0.0712 0.1893 0.2482 0.0535 0.0910 
        H741 11 0.1100 0.1817 0.2080 0.1050 0.1915 0.0484 0.1555 
        H926 11 0.1836 0.1717 0.0753 0.1864 0.1818 0.1195 0.0818 
        H927 11 0.0833 0.1964 0.0511 0.0668 0.3730 0.0666 0.1628 
        H928 11 0.1666 0.2350 0.0959 0.1548 0.1855 0.0696 0.0927 
       H9560 11 0.1978 0.2299 0.0734 0.1977 0.1445 0.0609 0.0957 
