        H008  2 0.2284 0.2862 0.2271 0.2584 
        H021  2 0.2217 0.2862 0.2215 0.2706 
        H023  2 0.1949 0.2848 0.3296 0.1907 
        H024  2 0.3270 0.1649 0.1822 0.3259 
        H025  2 0.2762 0.1954 0.3557 0.1726 
        H026  2 0.3886 0.1575 0.1468 0.3070 
        H027  2 0.2275 0.2963 0.1913 0.2849 
        H028  2 0.3224 0.2165 0.2043 0.2567 
        H029  2 0.2531 0.2473 0.1691 0.3304 
        H030  2 0.3493 0.1773 0.1598 0.3136 
        H038  2 0.2139 0.2990 0.2932 0.1939 
        H039  2 0.1396 0.2044 0.4921 0.1639 
        H040  2 0.2288 0.2205 0.2718 0.2790 
        H041  2 0.1919 0.2914 0.2573 0.2594 
        H042  2 0.2308 0.2543 0.2932 0.2217 
        H043  2 0.2299 0.2171 0.3822 0.1708 
        H044  2 0.2998 0.2171 0.1917 0.2913 
        H047  2 0.2702 0.1841 0.3132 0.2325 
        H050  2 0.2745 0.1678 0.1465 0.4112 
        H058  2 0.2675 0.2148 0.2578 0.2598 
        H062  2 0.2154 0.3046 0.3040 0.1760 
        H063  2 0.1721 0.2480 0.3560 0.2239 
        H065  2 0.3531 0.2082 0.2947 0.1440 
        H066  2 0.2717 0.1511 0.1656 0.4115 
        H067  2 0.2296 0.3442 0.2123 0.2139 
        H068  2 0.2064 0.1994 0.3472 0.2470 
        H069  2 0.3080 0.1989 0.2126 0.2805 
        H071  2 0.2031 0.3034 0.2941 0.1994 
        H072  2 0.1685 0.2193 0.4222 0.1900 
        H073  2 0.2776 0.2990 0.2154 0.2080 
        H081  2 0.1629 0.3328 0.3138 0.1904 
        H082  2 0.3285 0.1885 0.1921 0.2909 
        H083  2 0.3480 0.2367 0.2098 0.2055 
        H084  2 0.2173 0.2151 0.2131 0.3545 
        H085  2 0.1992 0.3351 0.2451 0.2206 
        H087  2 0.1808 0.3597 0.2557 0.2038 
        H088  2 0.1947 0.2757 0.3135 0.2161 
        H089  2 0.2121 0.3362 0.2311 0.2207 
        H090  2 0.2949 0.1983 0.1888 0.3180 
        H091  2 0.2338 0.2872 0.1716 0.3073 
        H098  2 0.2339 0.2121 0.2356 0.3184 
      H10001  2 0.1533 0.2331 0.4562 0.1574 
      H10002  2 0.1808 0.3424 0.2951 0.1817 
        H101  2 0.2380 0.1416 0.1467 0.4737 
        H108  2 0.1838 0.2756 0.3982 0.1423 
        H109  2 0.2119 0.1765 0.2266 0.3850 
        H110  2 0.1719 0.4109 0.2232 0.1940 
        H116  2 0.3284 0.2291 0.1968 0.2458 
        H117  2 0.1727 0.2540 0.1834 0.3900 
        H118  2 0.3555 0.2463 0.1785 0.2197 
        H119  2 0.1827 0.3108 0.2663 0.2402 
        H120  2 0.1538 0.2753 0.4355 0.1354 
        H121  2 0.2980 0.2261 0.1934 0.2826 
        H125  2 0.1536 0.2337 0.4254 0.1873 
        H126  2 0.3639 0.2189 0.2618 0.1554 
        H128  2 0.4238 0.1590 0.1111 0.3061 
        H129  2 0.4202 0.1932 0.1754 0.2113 
        H130  2 0.2608 0.2094 0.3357 0.1941 
        H133  2 0.2278 0.2123 0.3681 0.1918 
        H134  2 0.5080 0.1598 0.1608 0.1713 
        H135  2 0.2163 0.3078 0.2691 0.2067 
        H137  2 0.2147 0.1655 0.1950 0.4248 
        H138  2 0.3727 0.2293 0.1858 0.2122 
        H140  2 0.2579 0.2165 0.2489 0.2766 
        H146  2 0.3270 0.2143 0.2004 0.2583 
        H147  2 0.1822 0.3529 0.2196 0.2453 
        H148  2 0.1646 0.3033 0.1811 0.3511 
     H166022  2 0.1984 0.2939 0.1845 0.3231 
     H167359  2 0.2712 0.2061 0.2257 0.2970 
     H167397  2 0.2781 0.2230 0.1373 0.3616 
     H167428  2 0.3634 0.2515 0.1655 0.2196 
     H167496  2 0.1671 0.2451 0.3523 0.2355 
     H167513  2 0.2197 0.1772 0.2425 0.3607 
     H167545  2 0.3297 0.2291 0.2006 0.2406 
     H167547  2 0.3071 0.1520 0.1399 0.4010 
     H169621  2 0.2771 0.2093 0.1600 0.3536 
     H169622  2 0.3022 0.2975 0.1910 0.2092 
     H169750  2 0.3025 0.1993 0.2540 0.2443 
     H171806  2 0.2598 0.2360 0.2331 0.2712 
     H171808  2 0.2634 0.2522 0.1966 0.2878 
     H171809  2 0.2013 0.3187 0.2552 0.2248 
     H171813  2 0.3140 0.2240 0.2302 0.2318 
     H171815  2 0.2222 0.2329 0.4056 0.1392 
     H171824  2 0.1691 0.3265 0.2854 0.2191 
     H171825  2 0.2783 0.3125 0.2263 0.1828 
     H171826  2 0.2180 0.2550 0.2483 0.2786 
     H171827  2 0.2114 0.3454 0.2230 0.2202 
     H171828  2 0.1436 0.2656 0.4350 0.1558 
     H171829  2 0.3121 0.2108 0.2159 0.2611 
     H171830  2 0.2013 0.2241 0.2913 0.2834 
     H171831  2 0.3505 0.1985 0.1642 0.2869 
     H171832  2 0.3228 0.2266 0.2383 0.2123 
     H171863  2 0.4222 0.1640 0.1496 0.2642 
     H171864  2 0.1891 0.2281 0.2323 0.3505 
     H171865  2 0.2127 0.2064 0.4143 0.1666 
     H171879  2 0.2506 0.2098 0.1906 0.3491 
     H171880  2 0.2185 0.2130 0.1616 0.4069 
     H171881  2 0.2983 0.2319 0.1810 0.2889 
     H171882  2 0.1607 0.2169 0.4696 0.1527 
     H171929  2 0.2471 0.2397 0.2528 0.2604 
     H171930  2 0.3044 0.1806 0.1538 0.3612 
     H171933  2 0.2346 0.2304 0.1760 0.3590 
     H171934  2 0.2113 0.2810 0.2364 0.2713 
     H171937  2 0.3875 0.1793 0.2239 0.2094 
     H171962  2 0.2865 0.2666 0.2366 0.2103 
        H190  2 0.2800 0.2486 0.2156 0.2558 
        H191  2 0.2683 0.2357 0.2463 0.2497 
        H396  2 0.2143 0.3355 0.2650 0.1852 
        H397  2 0.2497 0.2351 0.2312 0.2840 
        H398  2 0.3299 0.2275 0.2323 0.2102 
        H400  2 0.2213 0.2961 0.2297 0.2529 
        H401  2 0.2661 0.1601 0.1491 0.4247 
        H402  2 0.2215 0.2765 0.1702 0.3318 
        H427  2 0.1936 0.3618 0.2336 0.2111 
        H428  2 0.3485 0.2459 0.1707 0.2348 
        H497  2 0.2153 0.2114 0.3384 0.2349 
        H512  2 0.2308 0.2434 0.2026 0.3231 
        H513  2 0.2196 0.1765 0.2464 0.3574 
        H514  2 0.3173 0.2502 0.2257 0.2068 
        H519  2 0.2117 0.1771 0.2431 0.3681 
        H532  2 0.2278 0.3461 0.1771 0.2490 
        H543  2 0.2110 0.3420 0.1657 0.2812 
        H544  2 0.3727 0.1898 0.2476 0.1899 
        H545  2 0.3578 0.2250 0.1831 0.2341 
        H546  2 0.2986 0.1986 0.3280 0.1748 
        H547  2 0.3081 0.1503 0.1406 0.4009 
        H548  2 0.1979 0.3192 0.2372 0.2457 
        H549  2 0.2813 0.1950 0.2278 0.2960 
        H620  2 0.1379 0.2415 0.4852 0.1353 
        H623  2 0.3685 0.1840 0.2140 0.2335 
        H624  2 0.3090 0.2398 0.2992 0.1520 
        H625  2 0.2340 0.2977 0.2480 0.2203 
        H626  2 0.2069 0.2661 0.2335 0.2935 
        H654  2 0.1574 0.2331 0.4797 0.1299 
        H655  2 0.2076 0.2704 0.2882 0.2338 
        H656  2 0.1625 0.2546 0.4542 0.1286 
        H666  2 0.2051 0.1952 0.4022 0.1976 
        H667  2 0.1927 0.4030 0.2104 0.1939 
        H677  2 0.2419 0.3212 0.2062 0.2306 
        H693  2 0.1588 0.3135 0.3714 0.1563 
        H694  2 0.3465 0.1769 0.1969 0.2797 
        H701  2 0.2738 0.2340 0.1885 0.3037 
        H702  2 0.1945 0.2902 0.2380 0.2772 
        H731  2 0.1929 0.2971 0.3014 0.2086 
       H7359  2 0.2625 0.2092 0.2264 0.3019 
       H7389  2 0.2702 0.2422 0.2001 0.2875 
       H7390  2 0.2126 0.2340 0.2566 0.2968 
       H7391  2 0.1600 0.3438 0.2439 0.2522 
       H7392  2 0.3390 0.2109 0.2338 0.2164 
       H7393  2 0.2053 0.2200 0.2650 0.3097 
       H7398  2 0.1964 0.2912 0.2444 0.2680 
       H7399  2 0.2736 0.3311 0.1797 0.2156 
       H7400  2 0.1547 0.2381 0.4816 0.1256 
        H745  2 0.4199 0.1638 0.1779 0.2385 
        H746  2 0.2469 0.3824 0.1838 0.1869 
        H747  2 0.1854 0.2032 0.2730 0.3384 
        H748  2 0.2184 0.2794 0.2190 0.2832 
       H7484  2 0.1908 0.1920 0.3860 0.2311 
       H7485  2 0.2928 0.2174 0.2606 0.2293 
        H749  2 0.2411 0.3504 0.1870 0.2216 
        H930  2 0.2745 0.1820 0.1597 0.3838 
        H931  2 0.2298 0.2600 0.2884 0.2218 
        H932  2 0.2396 0.2536 0.2137 0.2930 
        H002  4 0.2578 0.2325 0.3768 0.1330 
        H003  4 0.2197 0.4202 0.2071 0.1530 
        H009  4 0.3845 0.1799 0.1924 0.2432 
        H010  4 0.2387 0.2735 0.1893 0.2986 
        H011  4 0.1789 0.2469 0.4049 0.1693 
        H012  4 0.1966 0.3424 0.2019 0.2592 
        H013  4 0.1718 0.3487 0.3211 0.1584 
        H014  4 0.2638 0.2332 0.2317 0.2713 
        H045  4 0.1926 0.2456 0.3339 0.2279 
        H046  4 0.3153 0.3076 0.2062 0.1710 
        H051  4 0.1930 0.2859 0.3469 0.1742 
        H052  4 0.3105 0.1684 0.3068 0.2143 
        H053  4 0.2291 0.2577 0.2344 0.2788 
        H056  4 0.2483 0.2048 0.3421 0.2049 
        H076  4 0.3235 0.2559 0.1777 0.2429 
        H151  4 0.2333 0.2531 0.3222 0.1914 
        H152  4 0.2703 0.2183 0.3556 0.1558 
     H171803  4 0.2170 0.2920 0.2428 0.2483 
     H171804  4 0.1766 0.2693 0.2855 0.2686 
     H171833  4 0.4151 0.2030 0.1889 0.1929 
     H171855  4 0.2507 0.2057 0.3425 0.2010 
     H171856  4 0.2294 0.2290 0.2215 0.3200 
     H171857  4 0.2366 0.1949 0.3168 0.2517 
     H171858  4 0.2786 0.2506 0.2352 0.2356 
     H171859  4 0.2718 0.2492 0.2365 0.2425 
     H171961  4 0.2190 0.2663 0.3191 0.1955 
        H198  4 0.2845 0.3164 0.1695 0.2296 
      H20001  4 0.4188 0.1777 0.1745 0.2289 
        H403  4 0.2664 0.2201 0.2313 0.2822 
        H404  4 0.2415 0.3244 0.2204 0.2137 
        H405  4 0.2648 0.3055 0.1885 0.2412 
        H406  4 0.3327 0.1486 0.2278 0.2909 
        H407  4 0.2008 0.2414 0.1918 0.3660 
        H410  4 0.2267 0.2076 0.1633 0.4024 
        H411  4 0.3536 0.1936 0.1955 0.2573 
        H468  4 0.3294 0.1705 0.1976 0.3025 
        H476  4 0.2269 0.2147 0.2664 0.2921 
        H477  4 0.3617 0.2147 0.1574 0.2663 
        H478  4 0.2264 0.3627 0.2177 0.1932 
        H479  4 0.2039 0.2932 0.3294 0.1735 
        H480  4 0.3080 0.2150 0.1689 0.3080 
        H498  4 0.2490 0.3063 0.2533 0.1914 
        H499  4 0.2790 0.2779 0.2598 0.1833 
        H500  4 0.1695 0.2776 0.3263 0.2266 
        H515  4 0.2329 0.2450 0.2516 0.2705 
        H516  4 0.3070 0.1969 0.2063 0.2898 
        H517  4 0.2361 0.2177 0.1976 0.3486 
        H518  4 0.2884 0.1811 0.2742 0.2563 
        H520  4 0.2555 0.2093 0.2569 0.2783 
        H521  4 0.2457 0.2664 0.2380 0.2500 
        H522  4 0.2481 0.2530 0.2194 0.2795 
        H523  4 0.2292 0.2430 0.2497 0.2781 
        H536  4 0.2712 0.3229 0.2256 0.1803 
        H645  4 0.1728 0.3511 0.3168 0.1592 
        H646  4 0.3362 0.1647 0.1401 0.3589 
        H647  4 0.3161 0.1980 0.1947 0.2912 
        H657  4 0.2469 0.2794 0.1821 0.2916 
        H658  4 0.2212 0.2319 0.2090 0.3380 
        H659  4 0.1776 0.2850 0.3570 0.1804 
        H660  4 0.2320 0.2403 0.2894 0.2382 
        H661  4 0.2545 0.2504 0.2980 0.1972 
        H668  4 0.2285 0.3450 0.1897 0.2368 
        H669  4 0.2192 0.2560 0.2525 0.2723 
        H670  4 0.1642 0.3702 0.3084 0.1573 
        H678  4 0.2363 0.2372 0.1935 0.3330 
        H679  4 0.2624 0.2230 0.2044 0.3102 
        H680  4 0.3087 0.2113 0.2096 0.2703 
        H681  4 0.2001 0.3335 0.2833 0.1830 
        H682  4 0.1749 0.2901 0.2109 0.3240 
        H683  4 0.2873 0.1696 0.3088 0.2342 
        H718  4 0.1931 0.2027 0.4223 0.1820 
        H719  4 0.2196 0.2516 0.3008 0.2280 
        H720  4 0.3065 0.2095 0.3026 0.1814 
        H721  4 0.3100 0.2107 0.2455 0.2338 
        H722  4 0.3165 0.1971 0.3293 0.1571 
        H723  4 0.1672 0.2857 0.3279 0.2192 
        H724  4 0.1810 0.1941 0.3499 0.2751 
        H725  4 0.2121 0.2135 0.3650 0.2093 
        H726  4 0.2127 0.2469 0.3356 0.2048 
        H727  4 0.1812 0.2611 0.2793 0.2783 
        H910  4 0.1721 0.2457 0.3012 0.2810 
        H911  4 0.2675 0.2058 0.2165 0.3102 
        H912  4 0.2733 0.2092 0.2400 0.2775 
        H913  4 0.2331 0.2516 0.2235 0.2918 
        H914  4 0.1601 0.3495 0.2803 0.2101 
        H915  4 0.2093 0.2612 0.2315 0.2980 
        H916  4 0.2784 0.2007 0.2121 0.3088 
       H9572  4 0.2532 0.1963 0.2324 0.3181 
        H015  5 0.3145 0.2054 0.1803 0.2998 
        H016  5 0.3919 0.2210 0.1894 0.1977 
        H017  5 0.3060 0.2330 0.2247 0.2363 
        H019  5 0.3234 0.2123 0.2496 0.2147 
        H020  5 0.2731 0.2556 0.2684 0.2029 
        H032  5 0.2473 0.2412 0.2443 0.2672 
        H033  5 0.2255 0.2958 0.2118 0.2668 
        H034  5 0.1800 0.2928 0.2896 0.2376 
        H035  5 0.2701 0.2368 0.1764 0.3166 
        H036  5 0.2653 0.1857 0.2012 0.3478 
        H037  5 0.2057 0.3035 0.2441 0.2467 
        H048  5 0.2044 0.2360 0.3185 0.2411 
        H049  5 0.3543 0.2068 0.2484 0.1905 
        H054  5 0.2583 0.2343 0.2379 0.2695 
        H055  5 0.2501 0.2807 0.2823 0.1870 
        H057  5 0.3649 0.2249 0.2407 0.1695 
        H060  5 0.2748 0.3017 0.2659 0.1577 
        H061  5 0.2419 0.2897 0.1926 0.2758 
        H064  5 0.2483 0.2420 0.3259 0.1838 
        H070  5 0.1793 0.3176 0.2982 0.2049 
        H077  5 0.1943 0.2236 0.3859 0.1961 
        H078  5 0.2749 0.1893 0.2356 0.3003 
        H079  5 0.2273 0.3303 0.1847 0.2578 
        H097  5 0.3663 0.1823 0.2506 0.2009 
        H107  5 0.1697 0.3189 0.3350 0.1764 
        H122  5 0.3174 0.2295 0.1656 0.2875 
        H123  5 0.2638 0.2467 0.1566 0.3329 
        H124  5 0.2540 0.2727 0.1956 0.2777 
        H131  5 0.2732 0.2325 0.1826 0.3117 
        H132  5 0.2374 0.2449 0.2923 0.2253 
        H141  5 0.2184 0.2857 0.2553 0.2406 
        H142  5 0.2393 0.3254 0.1938 0.2416 
        H157  5 0.2234 0.2455 0.2909 0.2402 
        H158  5 0.3931 0.2113 0.1663 0.2293 
        H159  5 0.2957 0.2397 0.1702 0.2943 
        H160  5 0.2680 0.2310 0.2025 0.2984 
        H163  5 0.2560 0.2348 0.2121 0.2971 
        H164  5 0.2567 0.3136 0.2452 0.1846 
        H165  5 0.2443 0.3171 0.1909 0.2477 
        H166  5 0.3131 0.2211 0.2111 0.2547 
        H169  5 0.2489 0.3441 0.2052 0.2018 
     H169613  5 0.2559 0.2704 0.2526 0.2211 
     H169653  5 0.2712 0.2728 0.2066 0.2495 
     H169728  5 0.2670 0.2171 0.2096 0.3063 
     H169742  5 0.2035 0.3570 0.2745 0.1651 
        H170  5 0.3985 0.1636 0.2256 0.2122 
        H171  5 0.3542 0.2315 0.2389 0.1754 
     H171851  5 0.3400 0.2124 0.2174 0.2302 
     H171852  5 0.2483 0.2353 0.3005 0.2159 
     H171853  5 0.2075 0.2633 0.2302 0.2990 
     H171854  5 0.2744 0.2006 0.2433 0.2817 
     H171938  5 0.1747 0.3753 0.2548 0.1952 
     H171939  5 0.3704 0.2112 0.1872 0.2312 
     H171941  5 0.1997 0.2658 0.3522 0.1823 
     H171965  5 0.2961 0.3045 0.2104 0.1889 
     H171970  5 0.1823 0.2100 0.4123 0.1955 
     H171973  5 0.1981 0.3260 0.2295 0.2464 
     H171974  5 0.1958 0.3010 0.2329 0.2703 
     H171975  5 0.2173 0.2389 0.3076 0.2363 
     H171976  5 0.3856 0.1658 0.2636 0.1850 
        H175  5 0.2096 0.2343 0.2774 0.2786 
        H178  5 0.2309 0.3014 0.2938 0.1740 
        H189  5 0.2994 0.2576 0.1829 0.2600 
        H399  5 0.3976 0.1596 0.1628 0.2799 
        H416  5 0.2150 0.3105 0.2455 0.2290 
        H438  5 0.1729 0.2858 0.2091 0.3321 
        H450  5 0.2245 0.2868 0.3364 0.1523 
        H455  5 0.1719 0.2441 0.4190 0.1650 
        H456  5 0.2010 0.3430 0.2260 0.2300 
        H457  5 0.2378 0.2264 0.3434 0.1924 
        H458  5 0.2143 0.3085 0.2539 0.2233 
        H459  5 0.2696 0.2927 0.1650 0.2727 
        H460  5 0.2141 0.3018 0.2469 0.2372 
        H461  5 0.3536 0.1900 0.2281 0.2283 
        H462  5 0.2312 0.2064 0.2165 0.3458 
        H469  5 0.2412 0.2281 0.1974 0.3333 
        H470  5 0.2438 0.2347 0.2497 0.2718 
        H471  5 0.3570 0.1725 0.1550 0.3155 
        H481  5 0.1904 0.2212 0.3783 0.2100 
        H482  5 0.2344 0.2454 0.2971 0.2230 
        H501  5 0.2180 0.2794 0.2655 0.2371 
        H502  5 0.3209 0.2656 0.1971 0.2165 
        H503  5 0.3070 0.2190 0.1995 0.2746 
        H509  5 0.2114 0.1964 0.2399 0.3523 
        H510  5 0.2682 0.2694 0.2929 0.1695 
        H511  5 0.2645 0.3011 0.2141 0.2203 
        H530  5 0.1977 0.3017 0.2608 0.2398 
        H531  5 0.2621 0.2106 0.2539 0.2733 
        H564  5 0.2740 0.2647 0.3067 0.1546 
        H565  5 0.1903 0.2671 0.3831 0.1595 
        H567  5 0.3060 0.1807 0.1608 0.3525 
     H568???  5 0.3941 0.1827 0.1766 0.2466 
        H608  5 0.2113 0.2893 0.3312 0.1682 
        H609  5 0.2129 0.3066 0.2229 0.2576 
        H612  5 0.1494 0.3285 0.3458 0.1763 
        H614  5 0.2261 0.2306 0.3189 0.2244 
        H615  5 0.2338 0.2214 0.3311 0.2136 
        H616  5 0.1523 0.2594 0.4200 0.1683 
        H617  5 0.2183 0.3072 0.1899 0.2846 
        H618  5 0.2018 0.2179 0.3734 0.2070 
        H619  5 0.2071 0.3981 0.2478 0.1470 
        H635  5 0.2515 0.2389 0.2561 0.2535 
        H636  5 0.1688 0.4204 0.2312 0.1796 
        H637  5 0.2275 0.2682 0.3204 0.1840 
        H644  5 0.4610 0.1577 0.1419 0.2394 
        H711  5 0.3669 0.2332 0.2161 0.1838 
        H712  5 0.1820 0.3238 0.2970 0.1972 
       H7360  5 0.3290 0.2427 0.2156 0.2127 
       H7361  5 0.2106 0.2433 0.3443 0.2019 
       H7362  5 0.4360 0.1724 0.1412 0.2504 
       H7363  5 0.2504 0.2069 0.2705 0.2723 
       H7394  5 0.2476 0.2714 0.1890 0.2921 
       H7395  5 0.2120 0.3546 0.2529 0.1806 
       H7396  5 0.2167 0.2919 0.2164 0.2751 
        H742  5 0.1985 0.3520 0.2818 0.1676 
        H743  5 0.2554 0.2242 0.2778 0.2427 
        H744  5 0.1764 0.2213 0.3276 0.2748 
        H957  5 0.3388 0.2232 0.2408 0.1971 
        H958  5 0.2343 0.2254 0.2054 0.3348 
        H959  5 0.1628 0.2967 0.3894 0.1510 
        H960  5 0.2276 0.2292 0.2553 0.2878 
        H431  8 0.1831 0.2586 0.2558 0.3026 
        H432  8 0.3951 0.1770 0.1866 0.2413 
        H433  8 0.2048 0.3033 0.2297 0.2622 
        H434  8 0.2503 0.2327 0.1677 0.3493 
        H444  8 0.2010 0.3217 0.2637 0.2136 
        H454  8 0.1807 0.2462 0.3871 0.1861 
        H475  8 0.1693 0.2616 0.4093 0.1597 
        H491  8 0.2429 0.2576 0.3433 0.1562 
        H492  8 0.2022 0.2352 0.3344 0.2282 
        H493  8 0.2814 0.2315 0.2018 0.2854 
        H494  8 0.2106 0.2178 0.2893 0.2824 
        H495  8 0.2399 0.2340 0.3802 0.1459 
        H662  8 0.3314 0.2222 0.1928 0.2535 
        H663  8 0.2365 0.2493 0.2922 0.2219 
        H695  8 0.2064 0.2421 0.2778 0.2736 
       H7367  8 0.2442 0.2063 0.1602 0.3893 
       H7368  8 0.2770 0.2639 0.2064 0.2526 
       H7369  8 0.1982 0.3223 0.2721 0.2074 
       H7370  8 0.2256 0.1711 0.1346 0.4686 
       H7371  8 0.2039 0.2785 0.2362 0.2814 
     H169705 10 0.2217 0.1899 0.1540 0.4343 
     H171942 10 0.3911 0.1816 0.1938 0.2335 
     H171943 10 0.2813 0.2594 0.1980 0.2613 
     H171944 10 0.1990 0.3232 0.2100 0.2678 
     H171946 10 0.2987 0.2033 0.2545 0.2434 
     H171947 10 0.2904 0.2053 0.2318 0.2725 
     H229641 10 0.2322 0.2215 0.2775 0.2687 
      H30001 10 0.1993 0.2871 0.2638 0.2498 
      H30002 10 0.2253 0.3100 0.2069 0.2578 
      H30005 10 0.2086 0.2196 0.1897 0.3821 
      H30006 10 0.3398 0.1632 0.1829 0.3141 
      H30007 10 0.4375 0.2061 0.1474 0.2089 
        H451 10 0.2446 0.2723 0.2239 0.2591 
        H452 10 0.2310 0.1816 0.2214 0.3661 
        H453 10 0.2477 0.2319 0.3314 0.1891 
        H473 10 0.2394 0.2598 0.3045 0.1963 
        H474 10 0.2117 0.1955 0.3625 0.2303 
        H486 10 0.2224 0.2266 0.3230 0.2280 
        H487 10 0.2192 0.1896 0.2754 0.3159 
        H488 10 0.1866 0.2981 0.2989 0.2164 
        H489 10 0.1862 0.2062 0.2802 0.3274 
        H550 10 0.3418 0.2220 0.1565 0.2797 
        H551 10 0.1858 0.2163 0.2576 0.3403 
        H553 10 0.2277 0.1763 0.2581 0.3379 
        H554 10 0.2814 0.2838 0.2312 0.2036 
        H556 10 0.3215 0.2122 0.2098 0.2564 
        H580 10 0.2458 0.2295 0.1783 0.3464 
        H591 10 0.1671 0.2361 0.4309 0.1660 
        H592 10 0.1962 0.2235 0.2388 0.3416 
        H593 10 0.3012 0.2536 0.2483 0.1969 
        H594 10 0.3425 0.2141 0.1526 0.2909 
        H627 10 0.2897 0.1954 0.2537 0.2612 
        H628 10 0.2476 0.3293 0.2074 0.2157 
        H629 10 0.3185 0.1733 0.2294 0.2788 
        H630 10 0.2470 0.1873 0.1908 0.3749 
        H638 10 0.2356 0.1946 0.1822 0.3875 
        H639 10 0.2493 0.1798 0.3338 0.2370 
        H640 10 0.3004 0.2199 0.1881 0.2916 
        H704 10 0.3919 0.2017 0.1723 0.2341 
        H705 10 0.2151 0.1993 0.1528 0.4328 
        H706 10 0.1746 0.2816 0.3051 0.2387 
        H708 10 0.1870 0.2816 0.3161 0.2153 
       H7351 10 0.3370 0.2344 0.1923 0.2363 
       H7352 10 0.2547 0.2331 0.2211 0.2911 
       H7353 10 0.4330 0.1790 0.1758 0.2122 
       H7354 10 0.2080 0.3257 0.2932 0.1732 
       H7365 10 0.1923 0.2552 0.3061 0.2464 
       H7383 10 0.1850 0.3181 0.2851 0.2119 
       H7384 10 0.2365 0.2789 0.2369 0.2478 
       H7385 10 0.1866 0.2671 0.2886 0.2576 
       H7386 10 0.2579 0.2940 0.2336 0.2145 
       H7387 10 0.2466 0.3164 0.1780 0.2589 
       H7388 10 0.2078 0.2417 0.2388 0.3117 
        H906 10 0.2808 0.2244 0.3487 0.1461 
        H907 10 0.2673 0.2214 0.1834 0.3279 
        H908 10 0.1991 0.2789 0.2475 0.2746 
        H909 10 0.1889 0.3697 0.2782 0.1631 
       H9552 10 0.2680 0.2621 0.2209 0.2489 
       H9553 10 0.2308 0.1950 0.2310 0.3432 
       H9555 10 0.2258 0.2639 0.1896 0.3207 
       H9575 10 0.2416 0.2816 0.2812 0.1956 
       H9703 10 0.2081 0.2540 0.3191 0.2188 
       H9707 10 0.1966 0.2261 0.3343 0.2430 
       HSAA4 10 0.2410 0.2322 0.1742 0.3526 
        H001 11 0.2398 0.3004 0.2654 0.1944 
        H004 11 0.2448 0.2498 0.2323 0.2731 
        H005 11 0.1653 0.2796 0.3961 0.1590 
        H006 11 0.2208 0.3278 0.2266 0.2247 
        H007 11 0.1672 0.2859 0.3871 0.1598 
        H031 11 0.1532 0.2624 0.3557 0.2287 
        H074 11 0.2167 0.1926 0.2850 0.3057 
        H075 11 0.1634 0.3276 0.3360 0.1730 
        H080 11 0.1864 0.2367 0.2960 0.2808 
        H086 11 0.2378 0.2134 0.2014 0.3474 
        H092 11 0.2104 0.2568 0.2758 0.2570 
        H093 11 0.3855 0.2231 0.1858 0.2057 
        H094 11 0.2444 0.2233 0.1971 0.3351 
        H095 11 0.2256 0.2710 0.2883 0.2150 
        H096 11 0.1863 0.3185 0.3279 0.1673 
        H099 11 0.2062 0.2475 0.2722 0.2741 
        H100 11 0.3359 0.2414 0.1891 0.2336 
        H127 11 0.2171 0.2198 0.2572 0.3059 
        H136 11 0.1882 0.2254 0.3805 0.2058 
        H153 11 0.2867 0.2405 0.2401 0.2327 
        H154 11 0.2043 0.2274 0.2768 0.2915 
        H155 11 0.2060 0.3205 0.1928 0.2807 
        H156 11 0.2557 0.3100 0.1753 0.2589 
        H161 11 0.2923 0.2443 0.2595 0.2039 
        H162 11 0.2716 0.2109 0.1714 0.3461 
        H167 11 0.2403 0.3391 0.2066 0.2139 
        H168 11 0.2461 0.2843 0.2240 0.2456 
     H169586 11 0.3725 0.2115 0.2507 0.1654 
     H169738 11 0.2189 0.2853 0.2233 0.2725 
     H169741 11 0.2025 0.2557 0.2820 0.2598 
     H171801 11 0.3845 0.1873 0.1895 0.2386 
     H171810 11 0.2004 0.2364 0.3672 0.1959 
     H171811 11 0.2516 0.2524 0.2862 0.2099 
     H171812 11 0.2247 0.3392 0.2422 0.1939 
     H171820 11 0.2414 0.2395 0.2996 0.2196 
     H171821 11 0.2484 0.2528 0.2129 0.2859 
     H171822 11 0.2263 0.2244 0.1957 0.3536 
     H171823 11 0.2785 0.1937 0.3938 0.1341 
     H171866 11 0.3096 0.2276 0.2421 0.2208 
     H171867 11 0.1903 0.3036 0.2195 0.2866 
     H171967 11 0.1861 0.2665 0.3438 0.2036 
     H171969 11 0.2833 0.2505 0.2618 0.2043 
        H172 11 0.2236 0.2900 0.2159 0.2705 
        H173 11 0.1854 0.2839 0.2198 0.3109 
        H174 11 0.3097 0.1846 0.1435 0.3622 
        H196 11 0.2098 0.2019 0.1621 0.4262 
        H197 11 0.2277 0.2769 0.2024 0.2930 
        H346 11 0.1865 0.3435 0.2964 0.1736 
        H355 11 0.2571 0.2534 0.2786 0.2109 
        H356 11 0.2292 0.2412 0.2756 0.2540 
        H357 11 0.1989 0.2390 0.3134 0.2486 
        H358 11 0.1656 0.3977 0.2264 0.2103 
        H359 11 0.2672 0.2597 0.2000 0.2730 
        H360 11 0.2282 0.3062 0.2191 0.2465 
        H361 11 0.2371 0.3175 0.2376 0.2079 
        H362 11 0.2447 0.2414 0.1633 0.3506 
        H363 11 0.1808 0.3233 0.2946 0.2013 
        H364 11 0.2822 0.3180 0.2267 0.1731 
        H365 11 0.2781 0.2464 0.2192 0.2563 
        H366 11 0.2452 0.2544 0.2227 0.2777 
        H367 11 0.2038 0.1944 0.3164 0.2854 
        H368 11 0.3661 0.1883 0.1794 0.2663 
        H369 11 0.1503 0.2947 0.3435 0.2115 
        H370 11 0.2704 0.2797 0.1996 0.2503 
        H371 11 0.2204 0.1962 0.2352 0.3483 
        H372 11 0.2328 0.2988 0.2224 0.2460 
        H373 11 0.2322 0.2808 0.2499 0.2371 
        H374 11 0.2245 0.2951 0.2712 0.2093 
        H375 11 0.2059 0.3002 0.2733 0.2206 
        H376 11 0.3166 0.2376 0.1918 0.2540 
        H377 11 0.2012 0.2588 0.2864 0.2537 
        H378 11 0.2662 0.2338 0.2385 0.2615 
        H379 11 0.2415 0.2404 0.2400 0.2780 
        H380 11 0.2219 0.3519 0.2346 0.1917 
        H381 11 0.2724 0.2158 0.2990 0.2128 
        H382 11 0.2880 0.2706 0.1722 0.2692 
        H383 11 0.3226 0.2830 0.1804 0.2140 
        H384 11 0.2289 0.2899 0.2497 0.2315 
        H385 11 0.2120 0.2373 0.2696 0.2810 
        H386 11 0.1591 0.4262 0.2282 0.1865 
        H387 11 0.3764 0.2263 0.2267 0.1706 
        H388 11 0.2910 0.2699 0.1625 0.2766 
        H389 11 0.1857 0.3140 0.3089 0.1913 
        H390 11 0.2280 0.2929 0.1975 0.2816 
        H391 11 0.2911 0.2201 0.1516 0.3372 
        H392 11 0.1733 0.3637 0.3250 0.1379 
        H393 11 0.3857 0.2026 0.1891 0.2226 
        H394 11 0.4459 0.1652 0.1961 0.1928 
        H395 11 0.1943 0.2829 0.3022 0.2206 
        H408 11 0.1710 0.3683 0.2696 0.1912 
        H412 11 0.2880 0.1556 0.2503 0.3062 
        H417 11 0.2194 0.2815 0.2379 0.2611 
        H418 11 0.2674 0.1961 0.2207 0.3158 
        H429 11 0.2196 0.3784 0.2347 0.1673 
        H430 11 0.2366 0.2528 0.2108 0.2998 
        H439 11 0.2048 0.2760 0.2181 0.3012 
        H440 11 0.1977 0.2798 0.3314 0.1911 
        H441 11 0.2042 0.2411 0.1816 0.3732 
        H442 11 0.2690 0.2908 0.2171 0.2231 
        H446 11 0.2823 0.2443 0.1978 0.2757 
        H447 11 0.1848 0.3680 0.2013 0.2458 
        H448 11 0.2031 0.2390 0.2199 0.3381 
        H534 11 0.2129 0.2509 0.3530 0.1832 
        H537 11 0.2532 0.2298 0.3126 0.2044 
        H568 11 0.1728 0.2025 0.3961 0.2285 
        H569 11 0.2779 0.1678 0.1674 0.3870 
        H586 11 0.3809 0.2058 0.2510 0.1624 
        H587 11 0.1865 0.2603 0.3420 0.2112 
        H588 11 0.4078 0.1921 0.1779 0.2222 
        H589 11 0.1727 0.2877 0.3753 0.1642 
        H590 11 0.2087 0.2473 0.3832 0.1609 
        H601 11 0.3142 0.2240 0.2113 0.2505 
        H602 11 0.1826 0.2386 0.2797 0.2991 
        H603 11 0.1860 0.3727 0.2260 0.2153 
        H610 11 0.2359 0.2182 0.2368 0.3090 
        H611 11 0.1871 0.2083 0.2815 0.3230 
        H649 11 0.2469 0.2457 0.2708 0.2365 
        H650 11 0.2904 0.2044 0.1834 0.3217 
        H651 11 0.1913 0.3201 0.2565 0.2321 
        H652 11 0.2804 0.2408 0.2404 0.2384 
       H7364 11 0.2559 0.2601 0.2047 0.2793 
       H7366 11 0.2013 0.3056 0.2539 0.2392 
       H7378 11 0.4436 0.1435 0.1288 0.2841 
       H7379 11 0.2571 0.2144 0.2115 0.3171 
        H739 11 0.2012 0.2006 0.2998 0.2983 
        H740 11 0.2845 0.2185 0.1914 0.3056 
        H741 11 0.1981 0.2566 0.2850 0.2604 
        H926 11 0.2756 0.1882 0.2191 0.3172 
        H927 11 0.2155 0.2647 0.1637 0.3561 
        H928 11 0.2431 0.2009 0.1943 0.3617 
       H9560 11 0.3059 0.2231 0.1866 0.2844 
