        H008  2 0.0830 0.0987 0.1643 0.0662 0.1153 0.0793 0.0883 0.0954 0.0433 0.1663 
        H021  2 0.1102 0.0691 0.1769 0.1163 0.0557 0.0369 0.0707 0.1626 0.0407 0.1610 
        H023  2 0.1200 0.0649 0.0189 0.1540 0.2492 0.0398 0.0583 0.0800 0.0840 0.1310 
        H024  2 0.0586 0.0956 0.1666 0.0918 0.0312 0.2895 0.1115 0.0524 0.0476 0.0551 
        H025  2 0.0985 0.1149 0.0524 0.0665 0.0529 0.0226 0.0942 0.1076 0.3377 0.0527 
        H026  2 0.0699 0.1601 0.1035 0.0907 0.0229 0.0919 0.1848 0.2193 0.0174 0.0393 
        H027  2 0.0456 0.0610 0.3977 0.0709 0.0909 0.0565 0.0691 0.0730 0.0234 0.1118 
        H028  2 0.0739 0.1466 0.1074 0.0788 0.0564 0.1666 0.1436 0.0921 0.0720 0.0626 
        H029  2 0.0833 0.0696 0.1084 0.0605 0.0584 0.3348 0.0902 0.0979 0.0249 0.0720 
        H030  2 0.0358 0.0875 0.5371 0.0471 0.0281 0.0799 0.0585 0.0382 0.0275 0.0603 
        H038  2 0.1255 0.0741 0.0225 0.1719 0.0611 0.0399 0.0785 0.1619 0.0447 0.2199 
        H039  2 0.0254 0.0258 0.0124 0.0236 0.0223 0.0240 0.0239 0.0268 0.7959 0.0197 
        H040  2 0.1061 0.0928 0.0544 0.2369 0.0557 0.0611 0.0563 0.0896 0.0824 0.1646 
        H041  2 0.1671 0.0593 0.0981 0.0414 0.1462 0.1705 0.0481 0.0473 0.1070 0.1149 
        H042  2 0.1337 0.0763 0.0394 0.0975 0.1637 0.0874 0.0939 0.0693 0.0831 0.1557 
        H043  2 0.2256 0.0663 0.0169 0.2161 0.0264 0.0249 0.1093 0.1060 0.1513 0.0571 
        H044  2 0.1749 0.1348 0.0718 0.1155 0.0644 0.0386 0.1630 0.1114 0.0262 0.0995 
        H047  2 0.0939 0.1233 0.0408 0.1474 0.0297 0.0727 0.1410 0.1220 0.1746 0.0546 
        H050  2 0.0524 0.0890 0.4687 0.1292 0.0390 0.0427 0.0578 0.0678 0.0183 0.0352 
        H058  2 0.2772 0.1147 0.0373 0.1400 0.0486 0.0286 0.0856 0.1129 0.0611 0.0941 
        H062  2 0.1143 0.0743 0.0232 0.1009 0.2734 0.0253 0.0683 0.1044 0.0745 0.1414 
        H063  2 0.1843 0.0807 0.0510 0.1239 0.0876 0.0755 0.0599 0.0701 0.2097 0.0574 
        H065  2 0.0589 0.1573 0.0211 0.1108 0.0818 0.0253 0.2144 0.1729 0.0888 0.0688 
        H066  2 0.1253 0.1333 0.0351 0.1641 0.0182 0.2238 0.1149 0.1104 0.0217 0.0533 
        H067  2 0.1255 0.1020 0.0673 0.0666 0.1582 0.0811 0.1003 0.0997 0.0282 0.1712 
        H068  2 0.1176 0.1445 0.0248 0.0998 0.1948 0.0330 0.0600 0.0666 0.2181 0.0409 
        H069  2 0.0595 0.1005 0.1050 0.1781 0.1292 0.0531 0.1294 0.1541 0.0440 0.0472 
        H071  2 0.0678 0.1270 0.0578 0.0816 0.1020 0.0494 0.1149 0.1292 0.0609 0.2093 
        H072  2 0.0611 0.0506 0.0294 0.0444 0.0437 0.0459 0.0664 0.0504 0.5679 0.0401 
        H073  2 0.0499 0.1183 0.0375 0.0960 0.1394 0.0743 0.1036 0.1179 0.0281 0.2350 
        H081  2 0.0673 0.0691 0.0957 0.0466 0.2016 0.0487 0.0533 0.0461 0.1426 0.2291 
        H082  2 0.1295 0.1025 0.2683 0.1006 0.0722 0.0581 0.0932 0.0712 0.0410 0.0633 
        H083  2 0.0708 0.1377 0.1306 0.0497 0.0928 0.0262 0.1802 0.0913 0.0501 0.1706 
        H084  2 0.1157 0.1047 0.0855 0.1407 0.0818 0.1998 0.0648 0.1160 0.0348 0.0561 
        H085  2 0.0339 0.0382 0.5656 0.0287 0.1014 0.0183 0.0427 0.0359 0.0412 0.0940 
        H087  2 0.2137 0.0561 0.0649 0.0573 0.2326 0.0590 0.0482 0.0549 0.0333 0.1800 
        H088  2 0.0954 0.1061 0.0457 0.0971 0.1032 0.0341 0.1567 0.1283 0.1165 0.1168 
        H089  2 0.0599 0.0738 0.0706 0.0874 0.3436 0.0476 0.0616 0.0715 0.0518 0.1322 
        H090  2 0.0382 0.0604 0.5531 0.0630 0.0488 0.0874 0.0381 0.0371 0.0412 0.0326 
        H091  2 0.0170 0.0243 0.7716 0.0196 0.0345 0.0191 0.0232 0.0177 0.0170 0.0559 
        H098  2 0.1928 0.0777 0.1186 0.0961 0.1075 0.1202 0.0651 0.0383 0.0715 0.1123 
      H10001  2 0.0208 0.0279 0.0333 0.0361 0.0312 0.0132 0.0326 0.0300 0.7458 0.0293 
      H10002  2 0.0439 0.1130 0.0502 0.0838 0.1026 0.0263 0.1379 0.1080 0.1354 0.1991 
        H101  2 0.0598 0.0816 0.4471 0.1633 0.0310 0.0484 0.0601 0.0562 0.0197 0.0327 
        H108  2 0.1399 0.0716 0.0239 0.0273 0.2105 0.0216 0.0434 0.0372 0.2988 0.1259 
        H109  2 0.1686 0.1161 0.0370 0.1515 0.0213 0.2106 0.0905 0.0816 0.0751 0.0478 
        H110  2 0.1235 0.0408 0.1078 0.0390 0.2003 0.0503 0.0675 0.0387 0.0192 0.3129 
        H116  2 0.0553 0.1493 0.1131 0.1134 0.0352 0.1254 0.1796 0.0930 0.0326 0.1032 
        H117  2 0.0647 0.0545 0.2638 0.0266 0.0284 0.4251 0.0385 0.0440 0.0207 0.0338 
        H118  2 0.0388 0.0514 0.6094 0.0336 0.0426 0.0308 0.0686 0.0510 0.0187 0.0551 
        H119  2 0.0355 0.0515 0.0239 0.0327 0.0856 0.5604 0.0331 0.0387 0.0441 0.0945 
        H120  2 0.0413 0.0492 0.0281 0.0334 0.1376 0.0251 0.0404 0.0424 0.4993 0.1033 
        H121  2 0.0231 0.0184 0.8149 0.0213 0.0292 0.0188 0.0185 0.0151 0.0237 0.0169 
        H125  2 0.0376 0.0379 0.0197 0.0339 0.0340 0.0937 0.0367 0.0475 0.6187 0.0402 
        H126  2 0.1287 0.1080 0.0802 0.0784 0.0952 0.0245 0.1539 0.0789 0.1109 0.1413 
        H128  2 0.0110 0.0132 0.8911 0.0107 0.0117 0.0172 0.0132 0.0114 0.0071 0.0133 
        H129  2 0.2007 0.1581 0.0313 0.0747 0.0999 0.0490 0.1130 0.1076 0.0212 0.1445 
        H130  2 0.0543 0.1276 0.0433 0.0664 0.0378 0.0125 0.2301 0.1617 0.2096 0.0567 
        H133  2 0.0318 0.0548 0.0436 0.0478 0.0292 0.0322 0.0929 0.0526 0.5709 0.0441 
        H134  2 0.0488 0.1956 0.0378 0.1023 0.0243 0.0355 0.2563 0.2218 0.0194 0.0581 
        H135  2 0.0661 0.1175 0.0586 0.0613 0.1370 0.0748 0.1176 0.0777 0.1281 0.1612 
        H137  2 0.0779 0.0753 0.0984 0.0833 0.0293 0.4845 0.0462 0.0340 0.0396 0.0316 
        H138  2 0.0618 0.1466 0.0291 0.1225 0.0221 0.0323 0.2104 0.2460 0.0135 0.1157 
        H140  2 0.0503 0.0742 0.3781 0.0691 0.0425 0.0783 0.0725 0.0818 0.1014 0.0517 
        H146  2 0.0240 0.0586 0.6875 0.0273 0.0206 0.0472 0.0414 0.0247 0.0371 0.0315 
        H147  2 0.0378 0.0527 0.2919 0.0316 0.1647 0.0783 0.0371 0.0397 0.0322 0.2341 
        H148  2 0.0559 0.0755 0.1883 0.1228 0.0701 0.2206 0.0517 0.0917 0.0280 0.0954 
     H166022  2 0.0715 0.0958 0.0849 0.0836 0.1101 0.2101 0.0940 0.0942 0.0248 0.1311 
     H167359  2 0.0592 0.1758 0.0396 0.0979 0.0335 0.0651 0.2903 0.1339 0.0600 0.0447 
     H167397  2 0.0980 0.0554 0.2718 0.0705 0.0548 0.1958 0.0849 0.0522 0.0125 0.1041 
     H167428  2 0.1171 0.0845 0.2117 0.0354 0.2952 0.0369 0.0693 0.0829 0.0233 0.0437 
     H167496  2 0.0693 0.0659 0.0592 0.0441 0.0727 0.0701 0.0517 0.0445 0.4422 0.0803 
     H167513  2 0.4156 0.0347 0.0217 0.2846 0.0176 0.0265 0.0241 0.0951 0.0233 0.0567 
     H167545  2 0.0855 0.0810 0.0306 0.2797 0.0610 0.0433 0.0850 0.1787 0.0243 0.1311 
     H167547  2 0.0168 0.0168 0.0157 0.0151 0.0108 0.8539 0.0183 0.0173 0.0143 0.0211 
     H169621  2 0.0383 0.0555 0.5724 0.0378 0.0491 0.0774 0.0564 0.0502 0.0210 0.0418 
     H169622  2 0.0289 0.1584 0.0293 0.1051 0.0786 0.0246 0.2963 0.1739 0.0217 0.0831 
     H169750  2 0.0799 0.1220 0.1578 0.0713 0.0519 0.0969 0.1542 0.0873 0.1094 0.0694 
     H171806  2 0.0422 0.1548 0.1253 0.0542 0.0853 0.2466 0.0779 0.0691 0.0639 0.0807 
     H171808  2 0.0611 0.1059 0.0604 0.1344 0.2058 0.0301 0.0846 0.1884 0.0399 0.0895 
     H171809  2 0.0948 0.1045 0.0425 0.0771 0.2282 0.0519 0.0954 0.1061 0.0636 0.1359 
     H171813  2 0.0667 0.1323 0.0549 0.1552 0.0458 0.0595 0.1778 0.1165 0.0345 0.1568 
     H171815  2 0.1096 0.0677 0.0230 0.1043 0.0475 0.0403 0.0631 0.0704 0.4104 0.0637 
     H171824  2 0.0732 0.0767 0.0777 0.0703 0.0809 0.1843 0.0961 0.1431 0.0654 0.1323 
     H171825  2 0.0408 0.1390 0.0293 0.0997 0.1224 0.0325 0.2485 0.1528 0.0243 0.1107 
     H171826  2 0.1479 0.1063 0.0289 0.1212 0.0379 0.1278 0.1249 0.1821 0.0503 0.0727 
     H171827  2 0.0598 0.1009 0.0656 0.1039 0.1056 0.0299 0.1142 0.1182 0.0232 0.2788 
     H171828  2 0.0475 0.0314 0.0450 0.0387 0.0469 0.0366 0.0305 0.0455 0.5928 0.0851 
     H171829  2 0.1249 0.2029 0.0553 0.0856 0.0461 0.1187 0.1270 0.0696 0.1017 0.0682 
     H171830  2 0.1573 0.0987 0.0823 0.0677 0.0703 0.0982 0.1016 0.0585 0.1760 0.0895 
     H171831  2 0.1642 0.1486 0.0465 0.1364 0.0777 0.0736 0.1055 0.1411 0.0210 0.0856 
     H171832  2 0.0790 0.1214 0.0336 0.1232 0.0659 0.0407 0.2145 0.2040 0.0424 0.0755 
     H171863  2 0.0812 0.1525 0.1300 0.1368 0.0637 0.0634 0.1381 0.1421 0.0175 0.0746 
     H171864  2 0.1915 0.0647 0.0467 0.1448 0.1253 0.1706 0.0509 0.0580 0.0751 0.0724 
     H171865  2 0.0906 0.0468 0.0240 0.0477 0.0404 0.0713 0.0475 0.0428 0.5434 0.0455 
     H171879  2 0.0578 0.0809 0.0590 0.0435 0.0199 0.4599 0.1090 0.0750 0.0371 0.0579 
     H171880  2 0.0599 0.0879 0.2988 0.0916 0.0328 0.2514 0.0559 0.0507 0.0245 0.0464 
     H171881  2 0.1688 0.1325 0.0770 0.1000 0.1148 0.0543 0.1001 0.1103 0.0233 0.1189 
     H171882  2 0.0143 0.0146 0.0160 0.0189 0.0165 0.0184 0.0173 0.0223 0.8416 0.0201 
     H171929  2 0.1196 0.0956 0.1951 0.0713 0.0589 0.0663 0.0958 0.0812 0.1015 0.1146 
     H171930  2 0.0790 0.1322 0.0575 0.2713 0.0651 0.0904 0.0913 0.1149 0.0184 0.0800 
     H171933  2 0.0416 0.0818 0.2370 0.0616 0.0638 0.2881 0.0775 0.0611 0.0295 0.0579 
     H171934  2 0.0887 0.0877 0.0448 0.1029 0.1051 0.1550 0.0821 0.1203 0.0403 0.1731 
     H171937  2 0.1165 0.1707 0.0439 0.1221 0.0754 0.0237 0.2271 0.1030 0.0479 0.0697 
     H171962  2 0.1118 0.1597 0.0447 0.1042 0.1142 0.0395 0.1404 0.1426 0.0447 0.0983 
        H190  2 0.1391 0.1359 0.0717 0.1041 0.1167 0.0717 0.1059 0.0804 0.0397 0.1347 
        H191  2 0.0962 0.1040 0.0426 0.0710 0.0611 0.2447 0.0793 0.0752 0.1331 0.0929 
        H396  2 0.0934 0.0736 0.0790 0.0530 0.1766 0.0215 0.0427 0.0668 0.0576 0.3359 
        H397  2 0.0571 0.1575 0.1514 0.0821 0.1171 0.0420 0.1347 0.1032 0.0563 0.0986 
        H398  2 0.0546 0.1936 0.0551 0.0950 0.0636 0.0232 0.1387 0.1766 0.0672 0.1323 
        H400  2 0.0541 0.0789 0.0537 0.1417 0.2800 0.0307 0.0772 0.1283 0.0536 0.1017 
        H401  2 0.0193 0.0295 0.0482 0.0227 0.0175 0.7711 0.0246 0.0249 0.0156 0.0265 
        H402  2 0.1002 0.0869 0.0645 0.0946 0.0808 0.1887 0.0910 0.0692 0.0167 0.2074 
        H427  2 0.1294 0.0581 0.0455 0.0568 0.2010 0.0843 0.0587 0.0607 0.0490 0.2565 
        H428  2 0.1297 0.0681 0.1861 0.0377 0.3183 0.0323 0.0575 0.1044 0.0189 0.0471 
        H497  2 0.3556 0.0598 0.0262 0.2282 0.0325 0.0256 0.0551 0.0785 0.0865 0.0520 
        H512  2 0.1187 0.0863 0.1104 0.0844 0.0520 0.2330 0.1258 0.0716 0.0349 0.0829 
        H513  2 0.4160 0.0308 0.0235 0.2971 0.0185 0.0319 0.0346 0.0656 0.0257 0.0563 
        H514  2 0.0905 0.2019 0.0491 0.0952 0.0591 0.0236 0.1459 0.1933 0.0428 0.0985 
        H519  2 0.3883 0.0420 0.0238 0.2996 0.0227 0.0368 0.0403 0.0657 0.0243 0.0563 
        H532  2 0.0562 0.0939 0.0642 0.0944 0.0822 0.0782 0.0898 0.1864 0.0246 0.2300 
        H543  2 0.0636 0.0868 0.2061 0.0741 0.1133 0.0837 0.1310 0.0726 0.0153 0.1535 
        H544  2 0.0771 0.1446 0.0795 0.0858 0.0960 0.0209 0.1853 0.1282 0.1181 0.0645 
        H545  2 0.0812 0.0895 0.0235 0.2984 0.0686 0.0295 0.0744 0.1777 0.0214 0.1358 
        H546  2 0.0705 0.0739 0.0414 0.0822 0.0492 0.0429 0.0769 0.0633 0.4373 0.0624 
        H547  2 0.0141 0.0162 0.0155 0.0194 0.0113 0.8581 0.0198 0.0166 0.0118 0.0173 
        H548  2 0.0454 0.0976 0.0436 0.0980 0.2411 0.1185 0.0879 0.0969 0.0557 0.1151 
        H549  2 0.2339 0.0494 0.0230 0.4069 0.0220 0.0316 0.0322 0.1324 0.0241 0.0444 
        H620  2 0.0196 0.0170 0.0111 0.0176 0.0350 0.0277 0.0164 0.0165 0.8161 0.0229 
        H623  2 0.1403 0.1158 0.0687 0.1610 0.1107 0.0340 0.1461 0.0974 0.0553 0.0706 
        H624  2 0.0533 0.0744 0.0242 0.1756 0.0228 0.0150 0.2517 0.2436 0.0585 0.0809 
        H625  2 0.1512 0.0727 0.0368 0.1063 0.2026 0.0502 0.0901 0.0607 0.0476 0.1817 
        H626  2 0.2332 0.0784 0.0202 0.1929 0.0793 0.0969 0.0665 0.1357 0.0298 0.0671 
        H654  2 0.1069 0.0399 0.0131 0.1453 0.0281 0.0146 0.0292 0.0563 0.5205 0.0462 
        H655  2 0.0289 0.1955 0.0424 0.0993 0.0661 0.0283 0.2304 0.1742 0.0616 0.0732 
        H656  2 0.0256 0.0237 0.0169 0.0187 0.0859 0.0124 0.0169 0.0216 0.7370 0.0413 
        H666  2 0.0259 0.0316 0.1472 0.0371 0.0152 0.0285 0.0300 0.0410 0.6213 0.0222 
        H667  2 0.0379 0.0389 0.0251 0.0616 0.1593 0.0763 0.0558 0.0428 0.0217 0.4808 
        H677  2 0.0324 0.0918 0.0622 0.0847 0.0463 0.0893 0.1625 0.1855 0.0416 0.2036 
        H693  2 0.1516 0.0344 0.0170 0.0484 0.3794 0.0217 0.0343 0.0408 0.1125 0.1599 
        H694  2 0.1553 0.1077 0.0947 0.1233 0.1664 0.0284 0.1375 0.0803 0.0490 0.0574 
        H701  2 0.0938 0.1216 0.1234 0.1133 0.0530 0.0345 0.1955 0.1545 0.0208 0.0894 
        H702  2 0.1176 0.1212 0.0626 0.1002 0.0581 0.1020 0.1655 0.0907 0.0416 0.1404 
        H731  2 0.0401 0.0644 0.3031 0.0478 0.0935 0.0376 0.0778 0.0620 0.1860 0.0878 
       H7359  2 0.0546 0.1505 0.0513 0.0846 0.0341 0.0737 0.3122 0.1156 0.0790 0.0443 
       H7389  2 0.0884 0.1097 0.0531 0.1078 0.0537 0.1807 0.0871 0.1260 0.0534 0.1400 
       H7390  2 0.1641 0.1507 0.0368 0.1885 0.0289 0.0503 0.1056 0.1808 0.0373 0.0571 
       H7391  2 0.0767 0.0457 0.0310 0.0479 0.1921 0.3221 0.0432 0.0417 0.0457 0.1541 
       H7392  2 0.0596 0.1525 0.2278 0.0788 0.0374 0.0482 0.1238 0.1136 0.0447 0.1136 
       H7393  2 0.0791 0.1187 0.1069 0.1257 0.0362 0.1112 0.1043 0.1150 0.1080 0.0949 
       H7398  2 0.1223 0.0508 0.2787 0.0478 0.0998 0.0874 0.0605 0.0495 0.0704 0.1329 
       H7399  2 0.0363 0.0650 0.0907 0.0635 0.1024 0.0253 0.1058 0.0786 0.0157 0.4166 
       H7400  2 0.0213 0.0171 0.0126 0.0379 0.0398 0.0137 0.0198 0.0196 0.8011 0.0170 
        H745  2 0.1383 0.2094 0.0651 0.1154 0.0428 0.0329 0.1633 0.1497 0.0236 0.0594 
        H746  2 0.0286 0.0399 0.0242 0.0738 0.1311 0.0251 0.0893 0.0607 0.0158 0.5114 
        H747  2 0.0660 0.1049 0.1087 0.1216 0.0633 0.0614 0.0705 0.0670 0.2718 0.0648 
        H748  2 0.0706 0.1090 0.0769 0.1472 0.0701 0.0971 0.1372 0.1339 0.0402 0.1177 
       H7484  2 0.0555 0.0491 0.0255 0.0411 0.0870 0.0887 0.0358 0.0317 0.5450 0.0406 
       H7485  2 0.3829 0.0638 0.0220 0.2047 0.0330 0.0176 0.0437 0.1124 0.0365 0.0834 
        H749  2 0.0563 0.0744 0.0286 0.1754 0.1611 0.0402 0.0891 0.1811 0.0187 0.1751 
        H930  2 0.0815 0.1202 0.0554 0.2492 0.0667 0.1356 0.0905 0.1122 0.0205 0.0681 
        H931  2 0.0869 0.1495 0.0676 0.0614 0.1358 0.1043 0.1145 0.0736 0.1249 0.0815 
        H932  2 0.0488 0.1214 0.0590 0.0735 0.0389 0.2780 0.1196 0.1308 0.0301 0.1000 
        H002  4 0.0542 0.1508 0.0202 0.1108 0.0610 0.0254 0.1645 0.0863 0.2421 0.0848 
        H003  4 0.0358 0.0500 0.0547 0.0302 0.2094 0.0304 0.0606 0.0375 0.0148 0.4765 
        H009  4 0.0984 0.1099 0.0552 0.1382 0.0460 0.0278 0.1844 0.2151 0.0299 0.0950 
        H010  4 0.0585 0.1122 0.0997 0.0921 0.0530 0.2239 0.1188 0.1114 0.0478 0.0826 
        H011  4 0.2428 0.0424 0.0234 0.0492 0.2568 0.0231 0.0484 0.0749 0.1547 0.0842 
        H012  4 0.0614 0.0924 0.1539 0.0750 0.1185 0.0684 0.1111 0.1123 0.0399 0.1671 
        H013  4 0.0706 0.0533 0.0502 0.0379 0.2224 0.0342 0.0633 0.0611 0.1266 0.2803 
        H014  4 0.1759 0.1018 0.0569 0.1009 0.0567 0.0539 0.1221 0.2271 0.0276 0.0771 
        H045  4 0.1492 0.0546 0.0945 0.0500 0.1469 0.0815 0.0379 0.0282 0.2263 0.1309 
        H046  4 0.0513 0.1571 0.0356 0.0738 0.1408 0.0325 0.1267 0.1639 0.0267 0.1916 
        H051  4 0.0829 0.0613 0.0889 0.0500 0.1532 0.0252 0.0687 0.0591 0.2114 0.1993 
        H052  4 0.0858 0.1329 0.0482 0.0572 0.1034 0.0336 0.1114 0.0538 0.3293 0.0444 
        H053  4 0.0694 0.1331 0.1350 0.0923 0.0452 0.0550 0.1438 0.1808 0.0446 0.1007 
        H056  4 0.0575 0.0575 0.0247 0.0553 0.0381 0.0840 0.0528 0.0471 0.5321 0.0508 
        H076  4 0.0987 0.1466 0.0326 0.0944 0.0478 0.2285 0.1051 0.1357 0.0207 0.0897 
        H151  4 0.1259 0.1446 0.0205 0.0992 0.0271 0.0350 0.1516 0.2286 0.0750 0.0926 
        H152  4 0.0697 0.1339 0.0311 0.1051 0.1283 0.0230 0.1512 0.1021 0.2023 0.0532 
     H171803  4 0.0814 0.0846 0.0253 0.2123 0.0707 0.0951 0.0534 0.1181 0.0276 0.2316 
     H171804  4 0.0886 0.0990 0.0620 0.1206 0.1009 0.1312 0.0674 0.0613 0.1391 0.1299 
     H171833  4 0.1719 0.1543 0.0284 0.0954 0.0462 0.0330 0.2152 0.1109 0.0228 0.1219 
     H171855  4 0.2970 0.0815 0.0127 0.1639 0.0296 0.0499 0.0471 0.1067 0.1139 0.0977 
     H171856  4 0.0996 0.0946 0.1342 0.2820 0.0342 0.0539 0.0590 0.1181 0.0306 0.0938 
     H171857  4 0.1892 0.1125 0.0238 0.1187 0.0483 0.0926 0.0898 0.1395 0.1194 0.0663 
     H171858  4 0.0499 0.1298 0.0711 0.0955 0.0674 0.1039 0.1550 0.1110 0.1196 0.0968 
     H171859  4 0.0760 0.1310 0.0715 0.0727 0.0591 0.1948 0.1089 0.0644 0.0861 0.1356 
     H171961  4 0.2042 0.0713 0.0378 0.1072 0.1184 0.0331 0.0680 0.1156 0.1311 0.1133 
        H198  4 0.0758 0.1430 0.0723 0.0815 0.1226 0.0474 0.1374 0.1384 0.0139 0.1677 
      H20001  4 0.2915 0.0823 0.0168 0.2703 0.0356 0.0170 0.0909 0.1193 0.0116 0.0647 
        H403  4 0.1061 0.1010 0.0626 0.1382 0.0479 0.1979 0.0779 0.0830 0.0779 0.1074 
        H404  4 0.0485 0.1045 0.1073 0.0878 0.2345 0.0333 0.1294 0.0919 0.0264 0.1364 
        H405  4 0.0577 0.1137 0.0526 0.0788 0.1294 0.1474 0.0952 0.0898 0.0320 0.2035 
        H406  4 0.0603 0.0583 0.0214 0.0607 0.0162 0.5575 0.0473 0.0335 0.0954 0.0493 
        H407  4 0.0533 0.0949 0.1027 0.1644 0.0729 0.1903 0.0731 0.1702 0.0253 0.0530 
        H410  4 0.0165 0.0187 0.0213 0.0190 0.0181 0.8394 0.0143 0.0176 0.0148 0.0203 
        H411  4 0.1127 0.1298 0.0560 0.1574 0.0323 0.0434 0.1469 0.2308 0.0165 0.0741 
        H468  4 0.0978 0.1437 0.0193 0.2395 0.0301 0.1663 0.0993 0.0946 0.0257 0.0836 
        H476  4 0.0667 0.1343 0.0450 0.1141 0.0305 0.0726 0.2344 0.1269 0.1182 0.0573 
        H477  4 0.0384 0.1242 0.0245 0.3236 0.0353 0.0204 0.0998 0.2224 0.0136 0.0977 
        H478  4 0.0642 0.0756 0.0271 0.0901 0.1598 0.0423 0.0855 0.0892 0.0278 0.3383 
        H479  4 0.0696 0.0949 0.0777 0.0557 0.1676 0.0255 0.0701 0.0493 0.2164 0.1732 
        H480  4 0.0482 0.1354 0.0848 0.1117 0.0376 0.0791 0.2271 0.1553 0.0202 0.1006 
        H498  4 0.0724 0.1363 0.1022 0.0540 0.1521 0.0608 0.0758 0.0670 0.0646 0.2148 
        H499  4 0.1316 0.1001 0.0256 0.1773 0.1619 0.0349 0.0668 0.1084 0.0401 0.1533 
        H500  4 0.0454 0.1023 0.0384 0.0940 0.0898 0.0708 0.1110 0.0936 0.2665 0.0882 
        H515  4 0.0908 0.1081 0.1104 0.1419 0.0389 0.0589 0.0983 0.1573 0.0863 0.1093 
        H516  4 0.0797 0.1831 0.1196 0.0935 0.0300 0.0538 0.1870 0.1475 0.0340 0.0719 
        H517  4 0.0195 0.0284 0.0198 0.0228 0.0300 0.7611 0.0304 0.0310 0.0336 0.0234 
        H518  4 0.0868 0.1841 0.0624 0.0787 0.0742 0.0542 0.1102 0.0896 0.2183 0.0415 
        H520  4 0.1081 0.1370 0.0835 0.0931 0.0368 0.1760 0.0912 0.0880 0.1192 0.0671 
        H521  4 0.1843 0.1071 0.0474 0.0742 0.1239 0.0493 0.0776 0.0951 0.0293 0.2118 
        H522  4 0.0782 0.1355 0.0577 0.1657 0.0620 0.0381 0.0982 0.1891 0.0247 0.1508 
        H523  4 0.0476 0.0929 0.3790 0.0756 0.0330 0.0349 0.1199 0.0785 0.0789 0.0597 
        H536  4 0.0711 0.1760 0.0375 0.0726 0.2310 0.0330 0.0751 0.0841 0.0456 0.1740 
        H645  4 0.1121 0.0524 0.0274 0.0350 0.3266 0.0512 0.0498 0.0424 0.1205 0.1825 
        H646  4 0.0503 0.1210 0.3487 0.0775 0.0201 0.0531 0.1405 0.1130 0.0218 0.0541 
        H647  4 0.0666 0.1507 0.0571 0.1238 0.0380 0.0518 0.2367 0.1688 0.0275 0.0790 
        H657  4 0.0424 0.0849 0.0404 0.0634 0.0549 0.4520 0.0752 0.0577 0.0220 0.1072 
        H658  4 0.0366 0.1813 0.1929 0.0802 0.0508 0.0361 0.1829 0.1561 0.0297 0.0534 
        H659  4 0.2389 0.0620 0.0167 0.2037 0.0284 0.0363 0.0607 0.1524 0.0810 0.1201 
        H660  4 0.1270 0.1004 0.1108 0.1198 0.1222 0.0249 0.1445 0.1163 0.0609 0.0732 
        H661  4 0.2753 0.0688 0.0184 0.2065 0.0239 0.0269 0.0530 0.1877 0.0274 0.1120 
        H668  4 0.0824 0.1340 0.0555 0.0933 0.0954 0.0694 0.1438 0.1550 0.0179 0.1532 
        H669  4 0.0813 0.1069 0.2119 0.0950 0.0650 0.0729 0.0807 0.1119 0.0725 0.1018 
        H670  4 0.1083 0.0720 0.0352 0.0663 0.1781 0.0418 0.0817 0.1028 0.0685 0.2453 
        H678  4 0.3051 0.0701 0.0367 0.2084 0.0374 0.0373 0.0529 0.1404 0.0168 0.0949 
        H679  4 0.0922 0.1177 0.1020 0.1129 0.0680 0.1514 0.1466 0.0880 0.0545 0.0667 
        H680  4 0.3833 0.0797 0.0126 0.2336 0.0232 0.0584 0.0440 0.0915 0.0151 0.0588 
        H681  4 0.0412 0.0918 0.0488 0.0725 0.1644 0.0604 0.1069 0.0701 0.1914 0.1524 
        H682  4 0.0632 0.0925 0.0634 0.0989 0.0719 0.2236 0.1008 0.0882 0.0344 0.1632 
        H683  4 0.0608 0.1298 0.1907 0.0541 0.0398 0.0461 0.1110 0.0664 0.2609 0.0404 
        H718  4 0.0271 0.0324 0.0821 0.0216 0.0251 0.0392 0.0287 0.0232 0.6985 0.0221 
        H719  4 0.3550 0.0336 0.0499 0.0257 0.3063 0.0184 0.0324 0.0295 0.0412 0.1079 
        H720  4 0.3288 0.0873 0.0168 0.2216 0.1090 0.0155 0.0479 0.0501 0.0807 0.0422 
        H721  4 0.0864 0.1585 0.0283 0.1609 0.1412 0.0573 0.1320 0.0778 0.0704 0.0872 
        H722  4 0.1644 0.1369 0.0822 0.1122 0.0328 0.0211 0.0605 0.0719 0.2440 0.0740 
        H723  4 0.0378 0.0637 0.0768 0.0410 0.0553 0.1750 0.0643 0.0624 0.3028 0.1210 
        H724  4 0.1185 0.0813 0.0577 0.0683 0.0543 0.1603 0.0423 0.0640 0.3182 0.0351 
        H725  4 0.0756 0.0942 0.0327 0.0433 0.0645 0.1123 0.0523 0.0436 0.4246 0.0568 
        H726  4 0.0794 0.0820 0.0250 0.1117 0.0313 0.0911 0.1589 0.1340 0.2227 0.0640 
        H727  4 0.1434 0.1048 0.0433 0.1020 0.1082 0.1091 0.0645 0.1367 0.0848 0.1031 
        H910  4 0.1195 0.0830 0.0673 0.1406 0.1591 0.0840 0.0714 0.0783 0.1123 0.0844 
        H911  4 0.0409 0.0459 0.0403 0.0250 0.0295 0.6402 0.0387 0.0436 0.0505 0.0454 
        H912  4 0.1723 0.1223 0.0356 0.1238 0.0491 0.1363 0.1066 0.1266 0.0639 0.0635 
        H913  4 0.0316 0.1205 0.3828 0.0712 0.0336 0.0194 0.1373 0.0995 0.0413 0.0629 
        H914  4 0.0647 0.1088 0.1153 0.1199 0.0985 0.0505 0.0889 0.1339 0.0702 0.1494 
        H915  4 0.1731 0.0911 0.0379 0.1544 0.0424 0.1435 0.1068 0.1313 0.0312 0.0883 
        H916  4 0.0930 0.1136 0.0532 0.3472 0.0363 0.0400 0.0789 0.1484 0.0264 0.0629 
       H9572  4 0.2071 0.1035 0.0465 0.1439 0.0922 0.1666 0.0570 0.0587 0.0346 0.0900 
        H015  5 0.2704 0.0901 0.0469 0.1395 0.1746 0.0463 0.0716 0.0773 0.0216 0.0617 
        H016  5 0.0744 0.1645 0.1167 0.0879 0.0694 0.0475 0.1563 0.1197 0.0383 0.1252 
        H017  5 0.1156 0.1053 0.0649 0.2201 0.0442 0.0219 0.1369 0.1268 0.0244 0.1398 
        H019  5 0.1250 0.1130 0.0800 0.1087 0.0763 0.0301 0.1325 0.1131 0.1353 0.0861 
        H020  5 0.0772 0.0539 0.1797 0.1026 0.3833 0.0173 0.0387 0.0629 0.0339 0.0506 
        H032  5 0.0575 0.1217 0.0541 0.0941 0.0449 0.1800 0.1750 0.1085 0.0862 0.0780 
        H033  5 0.1266 0.1159 0.1014 0.0759 0.1392 0.0342 0.1327 0.1046 0.0341 0.1354 
        H034  5 0.1035 0.1023 0.0609 0.0914 0.0748 0.1263 0.0943 0.1148 0.1051 0.1268 
        H035  5 0.1175 0.1632 0.0762 0.1468 0.0481 0.0720 0.0934 0.1517 0.0235 0.1077 
        H036  5 0.2193 0.0652 0.0554 0.1350 0.2701 0.0796 0.0569 0.0354 0.0296 0.0535 
        H037  5 0.0640 0.1198 0.0841 0.1605 0.0772 0.0234 0.1230 0.2187 0.0297 0.0997 
        H048  5 0.1114 0.0977 0.0284 0.0434 0.1003 0.2001 0.0751 0.0602 0.1945 0.0890 
        H049  5 0.1919 0.0865 0.0485 0.1687 0.1882 0.0222 0.1025 0.0694 0.0440 0.0781 
        H054  5 0.0734 0.1662 0.0639 0.0561 0.0570 0.2786 0.0906 0.0829 0.0603 0.0712 
        H055  5 0.1087 0.1299 0.0396 0.0807 0.0606 0.0309 0.1345 0.2077 0.0536 0.1538 
        H057  5 0.0543 0.2432 0.0214 0.0671 0.0683 0.0192 0.2584 0.1475 0.0466 0.0740 
        H060  5 0.0391 0.1626 0.0515 0.1415 0.0847 0.0317 0.1596 0.1223 0.0792 0.1279 
        H061  5 0.0621 0.0940 0.0385 0.0789 0.0767 0.0860 0.1132 0.2236 0.0294 0.1978 
        H064  5 0.0715 0.0754 0.0641 0.0767 0.1277 0.0314 0.1153 0.0625 0.2348 0.1406 
        H070  5 0.0499 0.0815 0.1569 0.0860 0.0794 0.0480 0.0963 0.1037 0.1063 0.1920 
        H077  5 0.0521 0.0452 0.0274 0.0572 0.0330 0.0526 0.0538 0.0612 0.5595 0.0581 
        H078  5 0.0735 0.1757 0.0857 0.1395 0.0286 0.0547 0.1486 0.1178 0.0884 0.0874 
        H079  5 0.0311 0.0509 0.4946 0.0640 0.1301 0.0219 0.0342 0.0410 0.0200 0.1122 
        H097  5 0.0334 0.1408 0.1091 0.0583 0.0330 0.0445 0.2811 0.1170 0.1156 0.0671 
        H107  5 0.1213 0.0948 0.0335 0.0716 0.1333 0.0595 0.0850 0.0736 0.1838 0.1437 
        H122  5 0.0529 0.1397 0.0370 0.1672 0.0373 0.0711 0.1810 0.1540 0.0195 0.1402 
        H123  5 0.0671 0.1037 0.1560 0.0579 0.0401 0.3061 0.0848 0.0835 0.0154 0.0854 
        H124  5 0.0326 0.1090 0.0654 0.0591 0.0424 0.3205 0.1479 0.1114 0.0359 0.0760 
        H131  5 0.0755 0.1185 0.3459 0.0885 0.0855 0.0773 0.0557 0.0793 0.0201 0.0537 
        H132  5 0.1227 0.0921 0.0962 0.0651 0.0697 0.1279 0.0902 0.0933 0.0829 0.1600 
        H141  5 0.1013 0.0927 0.0213 0.2238 0.0945 0.0935 0.1023 0.1032 0.0468 0.1207 
        H142  5 0.0564 0.0996 0.1036 0.0772 0.1285 0.0291 0.1429 0.1309 0.0205 0.2113 
        H157  5 0.1065 0.1417 0.0491 0.1111 0.0796 0.0886 0.1166 0.1009 0.0735 0.1324 
        H158  5 0.0656 0.1362 0.1323 0.1374 0.0673 0.0420 0.1941 0.1389 0.0188 0.0673 
        H159  5 0.0843 0.0914 0.0465 0.0965 0.1211 0.2383 0.0935 0.0944 0.0238 0.1102 
        H160  5 0.0666 0.1224 0.0574 0.1358 0.0577 0.2526 0.0958 0.0660 0.0363 0.1094 
        H163  5 0.1188 0.1262 0.1130 0.1166 0.0923 0.0877 0.1196 0.1134 0.0314 0.0810 
        H164  5 0.0808 0.1010 0.0915 0.0573 0.1029 0.0484 0.0971 0.0867 0.0638 0.2706 
        H165  5 0.0599 0.1019 0.2585 0.0628 0.1198 0.1096 0.0629 0.0727 0.0223 0.1296 
        H166  5 0.1805 0.0495 0.0832 0.0970 0.4212 0.0168 0.0469 0.0443 0.0196 0.0411 
        H169  5 0.0759 0.0990 0.0493 0.1304 0.1049 0.0353 0.1433 0.1428 0.0264 0.1927 
     H169613  5 0.0303 0.1188 0.1214 0.0650 0.0576 0.0206 0.1972 0.1866 0.0912 0.1113 
     H169653  5 0.2680 0.0677 0.0705 0.0750 0.2605 0.0403 0.0559 0.0771 0.0275 0.0574 
     H169728  5 0.1178 0.1421 0.0332 0.2002 0.0766 0.0796 0.1150 0.1159 0.0331 0.0865 
     H169742  5 0.1000 0.0386 0.0278 0.0698 0.5350 0.0155 0.0304 0.0499 0.0326 0.1003 
        H170  5 0.0623 0.1912 0.0265 0.0926 0.0267 0.0534 0.2359 0.1890 0.0488 0.0737 
        H171  5 0.1085 0.1844 0.0497 0.0892 0.0780 0.0345 0.1552 0.1677 0.0265 0.1063 
     H171851  5 0.1022 0.1196 0.1238 0.1027 0.0603 0.0279 0.1520 0.1765 0.0497 0.0854 
     H171852  5 0.0550 0.1701 0.0556 0.0846 0.0550 0.0749 0.1374 0.1322 0.1827 0.0525 
     H171853  5 0.2010 0.0809 0.0400 0.0694 0.0807 0.3059 0.0605 0.0646 0.0373 0.0597 
     H171854  5 0.2080 0.1619 0.0288 0.0919 0.0338 0.0531 0.1446 0.1328 0.0732 0.0720 
     H171938  5 0.0472 0.0754 0.0325 0.0525 0.2107 0.0780 0.0916 0.0681 0.0555 0.2886 
     H171939  5 0.0539 0.1571 0.2790 0.0666 0.1227 0.0359 0.1010 0.0759 0.0364 0.0715 
     H171941  5 0.1546 0.0758 0.0440 0.0507 0.2122 0.0140 0.0685 0.1329 0.1022 0.1453 
     H171965  5 0.0277 0.1283 0.0415 0.0886 0.0846 0.0273 0.2780 0.1676 0.0290 0.1275 
     H171970  5 0.2229 0.0540 0.0296 0.0556 0.1056 0.0400 0.0518 0.0810 0.2812 0.0784 
     H171973  5 0.0569 0.1128 0.0340 0.0856 0.2495 0.0821 0.1022 0.1087 0.0342 0.1341 
     H171974  5 0.1366 0.1297 0.1097 0.0954 0.0691 0.0746 0.0936 0.1540 0.0251 0.1122 
     H171975  5 0.2836 0.0620 0.0338 0.0475 0.2309 0.0805 0.0555 0.0478 0.0825 0.0759 
     H171976  5 0.0369 0.1327 0.0189 0.1442 0.0317 0.0686 0.1589 0.1211 0.2124 0.0748 
        H175  5 0.0740 0.1364 0.0742 0.0755 0.1216 0.0551 0.1436 0.1174 0.1333 0.0690 
        H178  5 0.0985 0.1029 0.0632 0.0696 0.2015 0.0251 0.1151 0.0951 0.0766 0.1523 
        H189  5 0.0374 0.0732 0.4344 0.0759 0.0677 0.0619 0.0771 0.0643 0.0265 0.0815 
        H399  5 0.0631 0.1659 0.0225 0.0825 0.0220 0.4162 0.1079 0.0559 0.0220 0.0420 
        H416  5 0.0761 0.0623 0.0323 0.1909 0.2041 0.0521 0.0675 0.1752 0.0503 0.0892 
        H438  5 0.1359 0.0812 0.0789 0.0892 0.1253 0.2050 0.0725 0.0807 0.0303 0.1010 
        H450  5 0.0696 0.1167 0.0362 0.1723 0.0753 0.0188 0.1072 0.1467 0.1317 0.1256 
        H455  5 0.2034 0.0402 0.0338 0.0317 0.1784 0.0266 0.0429 0.0473 0.2948 0.1007 
        H456  5 0.0463 0.0828 0.0427 0.0853 0.1250 0.0800 0.0770 0.0903 0.0436 0.3269 
        H457  5 0.0673 0.1521 0.0261 0.0760 0.0531 0.0307 0.1261 0.1296 0.2773 0.0618 
        H458  5 0.0702 0.1042 0.0524 0.0923 0.0876 0.0729 0.0944 0.1688 0.0351 0.2221 
        H459  5 0.0367 0.1791 0.1220 0.0635 0.0709 0.0347 0.2308 0.1400 0.0133 0.1090 
        H460  5 0.0779 0.0890 0.0492 0.2161 0.0982 0.0300 0.0713 0.1374 0.0559 0.1750 
        H461  5 0.0429 0.1030 0.0237 0.1582 0.0399 0.0393 0.2974 0.1858 0.0475 0.0622 
        H462  5 0.1189 0.0971 0.0874 0.1565 0.2356 0.0507 0.1038 0.0578 0.0303 0.0618 
        H469  5 0.1573 0.1079 0.2008 0.0798 0.1189 0.1007 0.0755 0.0558 0.0336 0.0697 
        H470  5 0.2555 0.1053 0.0323 0.1463 0.0544 0.0699 0.1104 0.0966 0.0350 0.0944 
        H471  5 0.0483 0.1766 0.1209 0.0763 0.0199 0.0665 0.2528 0.1433 0.0246 0.0707 
        H481  5 0.0475 0.0639 0.0978 0.0634 0.0620 0.0391 0.0558 0.0665 0.4606 0.0435 
        H482  5 0.0478 0.1264 0.0513 0.1019 0.0417 0.0857 0.2187 0.1126 0.1503 0.0637 
        H501  5 0.1025 0.1224 0.0485 0.0988 0.1338 0.0495 0.1569 0.1177 0.0800 0.0898 
        H502  5 0.0365 0.1538 0.0953 0.0850 0.0629 0.0364 0.2523 0.1531 0.0190 0.1057 
        H503  5 0.1892 0.0659 0.0390 0.1606 0.2008 0.1247 0.0553 0.0476 0.0241 0.0929 
        H509  5 0.2132 0.0497 0.0372 0.0571 0.1194 0.3274 0.0461 0.0659 0.0471 0.0369 
        H510  5 0.1403 0.1005 0.0397 0.0794 0.1646 0.0276 0.1104 0.1220 0.0622 0.1533 
        H511  5 0.0618 0.1245 0.0798 0.0573 0.0694 0.0739 0.1328 0.1757 0.0348 0.1901 
        H530  5 0.0757 0.1200 0.0777 0.0793 0.0806 0.1727 0.1060 0.1142 0.0656 0.1081 
        H531  5 0.1624 0.1003 0.0247 0.1547 0.0276 0.0469 0.1568 0.1572 0.1079 0.0616 
        H564  5 0.1219 0.0945 0.0232 0.1123 0.1287 0.0175 0.1214 0.1429 0.1217 0.1158 
        H565  5 0.1289 0.0410 0.0132 0.1461 0.2393 0.0228 0.0497 0.0895 0.2254 0.0441 
        H567  5 0.0568 0.0827 0.4101 0.1023 0.1211 0.0487 0.0549 0.0675 0.0221 0.0338 
     H568???  5 0.1188 0.2208 0.0353 0.0974 0.0419 0.0470 0.1908 0.1711 0.0284 0.0486 
        H608  5 0.0439 0.0932 0.0379 0.1467 0.0645 0.0473 0.1497 0.1389 0.1573 0.1206 
        H609  5 0.1869 0.0587 0.1363 0.0314 0.3575 0.0319 0.0455 0.0423 0.0301 0.0795 
        H612  5 0.0981 0.0707 0.0240 0.1103 0.1585 0.0656 0.0460 0.0685 0.2294 0.1290 
        H614  5 0.0955 0.1552 0.0332 0.1410 0.0498 0.0595 0.0947 0.1780 0.1589 0.0342 
        H615  5 0.0499 0.1547 0.0343 0.0865 0.0705 0.0227 0.2512 0.1576 0.1401 0.0325 
        H616  5 0.0524 0.0514 0.0484 0.0426 0.0734 0.0385 0.0434 0.0491 0.5459 0.0548 
        H617  5 0.0509 0.0972 0.0770 0.0779 0.1012 0.1851 0.0913 0.0854 0.0195 0.2147 
        H618  5 0.2443 0.0842 0.0211 0.0831 0.0642 0.0666 0.0563 0.0722 0.2483 0.0597 
        H619  5 0.0587 0.0343 0.0519 0.0293 0.5062 0.0126 0.0310 0.0242 0.0367 0.2151 
        H635  5 0.1657 0.1336 0.0681 0.0854 0.0758 0.0722 0.1020 0.1521 0.0620 0.0830 
        H636  5 0.0279 0.0529 0.0343 0.0467 0.3893 0.0458 0.0395 0.0474 0.0235 0.2926 
        H637  5 0.0535 0.0523 0.0593 0.0799 0.3696 0.0168 0.0617 0.0631 0.1970 0.0467 
        H644  5 0.0735 0.0858 0.4326 0.0470 0.0462 0.0661 0.1106 0.0588 0.0193 0.0601 
        H711  5 0.0391 0.1622 0.0358 0.1045 0.0301 0.0289 0.2659 0.2232 0.0264 0.0838 
        H712  5 0.0894 0.0603 0.2102 0.0554 0.2426 0.0255 0.0594 0.0498 0.1068 0.1005 
       H7360  5 0.1110 0.1629 0.0824 0.0753 0.0650 0.0223 0.1543 0.1328 0.0591 0.1349 
       H7361  5 0.0985 0.1217 0.0267 0.1057 0.0725 0.0637 0.1276 0.1684 0.1306 0.0846 
       H7362  5 0.2427 0.1234 0.1146 0.0713 0.1617 0.0458 0.1063 0.0462 0.0160 0.0719 
       H7363  5 0.1102 0.1161 0.0315 0.2055 0.1142 0.0618 0.0777 0.1297 0.0676 0.0857 
       H7394  5 0.0506 0.1019 0.1195 0.1031 0.0697 0.0454 0.1869 0.2106 0.0217 0.0907 
       H7395  5 0.1047 0.0953 0.0234 0.0505 0.1976 0.0214 0.0744 0.1090 0.0276 0.2962 
       H7396  5 0.0619 0.1133 0.1341 0.1582 0.1091 0.0324 0.1268 0.1797 0.0320 0.0525 
        H742  5 0.0851 0.0437 0.0243 0.0595 0.5475 0.0162 0.0453 0.0501 0.0229 0.1055 
        H743  5 0.0593 0.0682 0.1372 0.0659 0.2436 0.0652 0.0516 0.0570 0.2115 0.0404 
        H744  5 0.0590 0.0533 0.0842 0.0779 0.0642 0.1750 0.0468 0.0546 0.3465 0.0384 
        H957  5 0.0631 0.1485 0.0138 0.1021 0.0281 0.0248 0.1956 0.2899 0.0362 0.0980 
        H958  5 0.0350 0.1315 0.1560 0.1272 0.0787 0.0977 0.1100 0.0864 0.0712 0.1064 
        H959  5 0.1145 0.0796 0.0267 0.0853 0.1009 0.0271 0.1192 0.1213 0.2075 0.1179 
        H960  5 0.0698 0.0939 0.0652 0.0871 0.1299 0.2255 0.0811 0.1005 0.0603 0.0866 
        H431  8 0.0294 0.0695 0.0189 0.0466 0.0207 0.5715 0.0649 0.0767 0.0593 0.0425 
        H432  8 0.3949 0.0231 0.0180 0.0829 0.3973 0.0179 0.0193 0.0150 0.0141 0.0177 
        H433  8 0.0555 0.0782 0.2212 0.0419 0.1207 0.0954 0.0851 0.0611 0.0617 0.1790 
        H434  8 0.0722 0.0727 0.4434 0.0782 0.0731 0.0187 0.0850 0.0783 0.0145 0.0639 
        H444  8 0.1690 0.0524 0.0685 0.0422 0.3047 0.0233 0.0451 0.0447 0.0776 0.1725 
        H454  8 0.1349 0.0606 0.0573 0.0502 0.1303 0.0238 0.0555 0.0593 0.3494 0.0788 
        H475  8 0.0370 0.0463 0.0320 0.0675 0.0335 0.0223 0.0675 0.0542 0.5923 0.0474 
        H491  8 0.1834 0.0772 0.0521 0.0958 0.1119 0.0160 0.1267 0.1147 0.0851 0.1371 
        H492  8 0.1468 0.1427 0.0473 0.1080 0.1162 0.0288 0.1106 0.1150 0.1198 0.0647 
        H493  8 0.1198 0.1488 0.0863 0.1235 0.0436 0.0759 0.1289 0.1783 0.0356 0.0593 
        H494  8 0.2236 0.0768 0.0267 0.1337 0.2708 0.0425 0.0429 0.0552 0.0792 0.0486 
        H495  8 0.1658 0.0865 0.0195 0.2354 0.0337 0.0142 0.1038 0.1520 0.1041 0.0850 
        H662  8 0.1966 0.1299 0.0852 0.1411 0.0409 0.0438 0.0817 0.1359 0.0231 0.1219 
        H663  8 0.2020 0.0902 0.0340 0.1335 0.1312 0.0987 0.0593 0.0586 0.1071 0.0854 
        H695  8 0.0530 0.1496 0.0851 0.0687 0.0572 0.1618 0.1423 0.0826 0.1315 0.0682 
       H7367  8 0.0455 0.0577 0.5138 0.0549 0.0329 0.0740 0.0859 0.0762 0.0173 0.0417 
       H7368  8 0.0748 0.1599 0.0440 0.0970 0.0641 0.1735 0.1235 0.1386 0.0572 0.0675 
       H7369  8 0.0948 0.0818 0.0742 0.0576 0.1194 0.0836 0.0809 0.0818 0.0923 0.2336 
       H7370  8 0.0601 0.1180 0.1848 0.1812 0.0308 0.1407 0.1298 0.1042 0.0147 0.0358 
       H7371  8 0.0909 0.1089 0.0657 0.0638 0.1675 0.1513 0.1036 0.0699 0.0807 0.0979 
     H169705 10 0.0362 0.0556 0.6142 0.0986 0.0240 0.0555 0.0355 0.0299 0.0147 0.0358 
     H171942 10 0.4134 0.0214 0.0168 0.0686 0.4002 0.0148 0.0203 0.0133 0.0142 0.0170 
     H171943 10 0.0485 0.0823 0.0482 0.2750 0.0511 0.0203 0.0769 0.2242 0.0213 0.1522 
     H171944 10 0.0825 0.0888 0.0520 0.1615 0.0619 0.0991 0.0964 0.1994 0.0179 0.1405 
     H171946 10 0.1322 0.1294 0.0438 0.1454 0.0263 0.0585 0.1313 0.1526 0.0407 0.1395 
     H171947 10 0.0735 0.0994 0.2690 0.0709 0.0779 0.0313 0.1712 0.1162 0.0466 0.0438 
     H229641 10 0.0575 0.1160 0.0596 0.0680 0.0332 0.2235 0.0904 0.0543 0.2354 0.0622 
      H30001 10 0.1376 0.1114 0.0448 0.1046 0.0973 0.0746 0.1026 0.1212 0.0580 0.1479 
      H30002 10 0.0321 0.0388 0.6049 0.0389 0.0794 0.0150 0.0445 0.0502 0.0260 0.0703 
      H30005 10 0.0364 0.0580 0.0438 0.0563 0.0367 0.6085 0.0339 0.0376 0.0235 0.0652 
      H30006 10 0.0269 0.0286 0.7681 0.0373 0.0272 0.0156 0.0238 0.0241 0.0303 0.0180 
      H30007 10 0.0296 0.0628 0.1010 0.2397 0.1482 0.0128 0.0799 0.2277 0.0178 0.0806 
        H451 10 0.1915 0.0965 0.1679 0.0701 0.1758 0.0338 0.0608 0.0622 0.0268 0.1145 
        H452 10 0.0194 0.0282 0.0243 0.0225 0.0184 0.7817 0.0199 0.0148 0.0500 0.0208 
        H453 10 0.1248 0.1485 0.0500 0.0586 0.0906 0.0254 0.1379 0.1572 0.1540 0.0530 
        H473 10 0.0697 0.0979 0.0564 0.0736 0.1173 0.0213 0.1194 0.1748 0.1927 0.0769 
        H474 10 0.0614 0.1175 0.0580 0.1254 0.0273 0.0208 0.1254 0.1080 0.2991 0.0571 
        H486 10 0.0475 0.0344 0.0442 0.0369 0.0407 0.1738 0.0359 0.0260 0.5173 0.0433 
        H487 10 0.0439 0.0884 0.0563 0.0890 0.0425 0.1678 0.1825 0.0827 0.2070 0.0398 
        H488 10 0.1231 0.0859 0.0825 0.0603 0.1545 0.0638 0.0752 0.0562 0.1511 0.1473 
        H489 10 0.0534 0.1578 0.1000 0.0962 0.0311 0.0582 0.1890 0.1344 0.1427 0.0373 
        H550 10 0.0333 0.1322 0.1496 0.0857 0.0317 0.0237 0.2569 0.2180 0.0132 0.0559 
        H551 10 0.1340 0.0883 0.1395 0.0826 0.1517 0.1356 0.0554 0.0497 0.1136 0.0494 
        H553 10 0.0254 0.0517 0.2766 0.0424 0.0310 0.1826 0.0385 0.0400 0.2747 0.0370 
        H554 10 0.0648 0.0768 0.1088 0.0675 0.1047 0.0305 0.1336 0.1090 0.0471 0.2573 
        H556 10 0.0349 0.0805 0.5670 0.0563 0.0367 0.0256 0.0657 0.0494 0.0460 0.0380 
        H580 10 0.0912 0.1230 0.0635 0.1573 0.0713 0.1122 0.0976 0.1532 0.0207 0.1101 
        H591 10 0.0528 0.0497 0.0430 0.0776 0.0446 0.0266 0.0534 0.0594 0.5555 0.0374 
        H592 10 0.0916 0.1254 0.0695 0.1259 0.0434 0.1654 0.1179 0.1094 0.0787 0.0727 
        H593 10 0.1018 0.1673 0.0507 0.0873 0.0526 0.0335 0.1590 0.1521 0.0662 0.1293 
        H594 10 0.1281 0.1736 0.0969 0.0754 0.0553 0.0761 0.1491 0.1482 0.0152 0.0821 
        H627 10 0.0603 0.1487 0.0454 0.0907 0.0339 0.0241 0.2814 0.1141 0.1166 0.0849 
        H628 10 0.0808 0.1084 0.0371 0.0856 0.0833 0.1952 0.1065 0.1788 0.0191 0.1052 
        H629 10 0.2246 0.1524 0.0206 0.1359 0.0356 0.1378 0.0973 0.0722 0.0591 0.0646 
        H630 10 0.1962 0.0922 0.0956 0.2795 0.0276 0.0654 0.0581 0.0994 0.0189 0.0672 
        H638 10 0.2973 0.0768 0.0288 0.1533 0.0312 0.1623 0.0749 0.1015 0.0222 0.0517 
        H639 10 0.0972 0.0825 0.0511 0.0977 0.0464 0.1379 0.0563 0.0490 0.3154 0.0664 
        H640 10 0.1343 0.1125 0.0707 0.1966 0.1173 0.1121 0.0613 0.0700 0.0295 0.0958 
        H704 10 0.0449 0.1919 0.0932 0.1136 0.0398 0.0389 0.1174 0.1905 0.0189 0.1510 
        H705 10 0.0396 0.0480 0.6262 0.0894 0.0236 0.0595 0.0384 0.0275 0.0149 0.0330 
        H706 10 0.0797 0.1062 0.0825 0.0640 0.1840 0.0644 0.0768 0.0779 0.1723 0.0925 
        H708 10 0.2848 0.0745 0.0218 0.2158 0.0231 0.0406 0.0531 0.1545 0.0432 0.0886 
       H7351 10 0.1005 0.1733 0.1110 0.0596 0.0732 0.0352 0.1608 0.1497 0.0214 0.1153 
       H7352 10 0.0787 0.1119 0.0485 0.0905 0.0500 0.2648 0.1120 0.1327 0.0413 0.0695 
       H7353 10 0.1543 0.2586 0.0744 0.0482 0.0558 0.0267 0.1601 0.0852 0.0314 0.1053 
       H7354 10 0.0815 0.1057 0.0598 0.0689 0.1320 0.0191 0.1176 0.1389 0.0815 0.1950 
       H7365 10 0.0912 0.1034 0.0340 0.1412 0.0641 0.1948 0.0658 0.0838 0.1410 0.0806 
       H7383 10 0.0934 0.1114 0.0601 0.1141 0.1450 0.0640 0.1168 0.1113 0.0511 0.1328 
       H7384 10 0.0502 0.1003 0.3408 0.0791 0.0511 0.0351 0.1086 0.1190 0.0494 0.0665 
       H7385 10 0.0798 0.0852 0.0725 0.1725 0.1689 0.0376 0.0685 0.1291 0.0823 0.1036 
       H7386 10 0.1599 0.0926 0.0641 0.0515 0.1362 0.1744 0.1039 0.0572 0.0438 0.1165 
       H7387 10 0.0638 0.1313 0.0818 0.1881 0.0935 0.0279 0.1047 0.2071 0.0173 0.0844 
       H7388 10 0.0216 0.0277 0.0156 0.0170 0.0252 0.8035 0.0222 0.0185 0.0309 0.0178 
        H906 10 0.1228 0.1016 0.0574 0.0592 0.1801 0.0200 0.0957 0.0716 0.1815 0.1102 
        H907 10 0.1578 0.1281 0.0571 0.1104 0.0555 0.1036 0.1409 0.1302 0.0312 0.0851 
        H908 10 0.0966 0.0876 0.0715 0.0627 0.1213 0.0816 0.0928 0.0883 0.0602 0.2373 
        H909 10 0.0628 0.0969 0.0615 0.0502 0.1963 0.0221 0.0789 0.1257 0.0762 0.2294 
       H9552 10 0.0956 0.1692 0.1177 0.0828 0.0974 0.0752 0.1008 0.1628 0.0316 0.0668 
       H9553 10 0.0230 0.0442 0.3186 0.0348 0.0305 0.2551 0.0361 0.0280 0.2024 0.0274 
       H9555 10 0.0753 0.1194 0.0969 0.1553 0.0922 0.0887 0.1047 0.1216 0.0329 0.1130 
       H9575 10 0.1414 0.1369 0.0205 0.1099 0.0557 0.0639 0.0997 0.1781 0.0689 0.1249 
       H9703 10 0.0317 0.0633 0.3268 0.0459 0.0377 0.0483 0.0417 0.0556 0.3066 0.0424 
       H9707 10 0.0418 0.0717 0.0649 0.0424 0.0372 0.1399 0.0864 0.0545 0.4259 0.0353 
       HSAA4 10 0.0959 0.1174 0.0728 0.1671 0.0794 0.1047 0.1020 0.1355 0.0175 0.1077 
        H001 11 0.1803 0.1053 0.0253 0.0836 0.2260 0.0536 0.0631 0.1165 0.0422 0.1042 
        H004 11 0.0843 0.1195 0.1173 0.1263 0.0574 0.0323 0.1235 0.1730 0.0575 0.1090 
        H005 11 0.0529 0.0634 0.0295 0.0517 0.0707 0.0305 0.1260 0.1391 0.3480 0.0883 
