        H008  2 0.0589 0.2720 0.1728 0.1385 0.1452 0.1347 0.0779 
        H021  2 0.0827 0.1689 0.1194 0.1036 0.1069 0.2263 0.1922 
        H023  2 0.2039 0.1116 0.1661 0.0791 0.1299 0.1636 0.1459 
        H024  2 0.0574 0.2447 0.1090 0.2607 0.1905 0.0888 0.0490 
        H025  2 0.3785 0.1030 0.0949 0.0803 0.1243 0.1030 0.1159 
        H026  2 0.0353 0.0824 0.1145 0.2245 0.1436 0.2455 0.1541 
        H027  2 0.0536 0.2388 0.1682 0.1350 0.1279 0.1728 0.1037 
        H028  2 0.0886 0.1631 0.1540 0.2498 0.1166 0.1228 0.1051 
        H029  2 0.0420 0.1281 0.1331 0.2968 0.1464 0.1489 0.1047 
        H030  2 0.0388 0.3820 0.1025 0.1367 0.1339 0.1484 0.0577 
        H038  2 0.0749 0.0840 0.1709 0.0929 0.1096 0.2378 0.2299 
        H039  2 0.7663 0.0275 0.0396 0.0341 0.0360 0.0387 0.0578 
        H040  2 0.1339 0.0810 0.1158 0.0988 0.1981 0.1788 0.1936 
        H041  2 0.1238 0.2471 0.1405 0.1999 0.1171 0.1227 0.0489 
        H042  2 0.1579 0.1540 0.1371 0.1130 0.1609 0.1724 0.1048 
        H043  2 0.1686 0.0530 0.0820 0.0468 0.1305 0.1600 0.3590 
        H044  2 0.0553 0.1730 0.1593 0.1108 0.2608 0.1120 0.1288 
        H047  2 0.2124 0.0909 0.1138 0.1396 0.1657 0.1646 0.1131 
        H050  2 0.0393 0.3680 0.0818 0.0988 0.2145 0.1386 0.0590 
        H058  2 0.1023 0.0907 0.0991 0.0882 0.2234 0.1510 0.2454 
        H062  2 0.1903 0.1335 0.1988 0.0609 0.0747 0.2194 0.1225 
        H063  2 0.2967 0.1076 0.0938 0.1030 0.1795 0.0971 0.1222 
        H065  2 0.1544 0.0816 0.1517 0.1248 0.0972 0.2257 0.1647 
        H066  2 0.0554 0.0581 0.1005 0.2316 0.2328 0.1467 0.1749 
        H067  2 0.0616 0.1415 0.2888 0.1835 0.0984 0.1624 0.0638 
        H068  2 0.3935 0.0957 0.0648 0.0689 0.1442 0.0979 0.1350 
        H069  2 0.0947 0.1238 0.1200 0.0858 0.1821 0.1492 0.2443 
        H071  2 0.1282 0.1350 0.1927 0.1216 0.0901 0.1689 0.1635 
        H072  2 0.5686 0.0562 0.0723 0.0782 0.0744 0.0719 0.0784 
        H073  2 0.0550 0.1491 0.2899 0.1441 0.0884 0.1364 0.1371 
        H081  2 0.2227 0.2161 0.2193 0.1205 0.0789 0.0951 0.0474 
        H082  2 0.0576 0.3267 0.0707 0.0745 0.2722 0.1445 0.0537 
        H083  2 0.0595 0.3445 0.1265 0.0967 0.1241 0.1648 0.0838 
        H084  2 0.0731 0.1062 0.1157 0.1923 0.2147 0.1394 0.1586 
        H085  2 0.0727 0.4145 0.1390 0.0910 0.0868 0.1368 0.0592 
        H087  2 0.0896 0.1744 0.2338 0.2012 0.0914 0.1474 0.0622 
        H088  2 0.1978 0.1052 0.1436 0.1075 0.0921 0.1510 0.2028 
        H089  2 0.0906 0.1865 0.2874 0.1126 0.0920 0.1166 0.1143 
        H090  2 0.0649 0.4715 0.0664 0.1208 0.1086 0.1255 0.0425 
        H091  2 0.0313 0.5093 0.0824 0.0816 0.1141 0.1299 0.0513 
        H098  2 0.0997 0.2513 0.1125 0.1425 0.2547 0.0880 0.0514 
      H10001  2 0.7254 0.0427 0.0420 0.0359 0.0366 0.0506 0.0667 
      H10002  2 0.1686 0.1295 0.2193 0.0928 0.0737 0.1493 0.1667 
        H101  2 0.0391 0.3437 0.0646 0.0935 0.2662 0.1144 0.0786 
        H108  2 0.5070 0.0947 0.1304 0.0650 0.0531 0.0922 0.0576 
        H109  2 0.1235 0.0552 0.1060 0.1810 0.2708 0.0926 0.1709 
        H110  2 0.0470 0.2889 0.3026 0.1219 0.0772 0.1202 0.0421 
        H116  2 0.0619 0.1462 0.1933 0.1712 0.1530 0.1646 0.1098 
        H117  2 0.0324 0.1542 0.0924 0.4394 0.1519 0.0793 0.0505 
        H118  2 0.0392 0.3896 0.0962 0.1308 0.1155 0.1694 0.0593 
        H119  2 0.0827 0.0762 0.1909 0.4052 0.1072 0.0782 0.0595 
        H120  2 0.5435 0.0751 0.1178 0.0674 0.0415 0.0743 0.0803 
        H121  2 0.0374 0.6064 0.0457 0.0407 0.1003 0.1334 0.0360 
        H125  2 0.5868 0.0337 0.0570 0.1003 0.0537 0.0551 0.1134 
        H126  2 0.1992 0.1994 0.1649 0.0739 0.1471 0.1321 0.0834 
        H128  2 0.0164 0.5920 0.0424 0.0522 0.1252 0.1468 0.0249 
        H129  2 0.0497 0.1698 0.1559 0.1378 0.2375 0.1263 0.1231 
        H130  2 0.3884 0.0618 0.0849 0.0702 0.0514 0.1652 0.1782 
        H133  2 0.4715 0.0789 0.0841 0.0731 0.0568 0.0950 0.1407 
        H134  2 0.0444 0.1009 0.1722 0.1600 0.1348 0.2408 0.1469 
        H135  2 0.1536 0.1526 0.2279 0.1605 0.0948 0.1162 0.0944 
        H137  2 0.0666 0.1686 0.0804 0.3002 0.2365 0.1028 0.0448 
        H138  2 0.0403 0.0520 0.2254 0.1289 0.0846 0.2531 0.2156 
        H140  2 0.1594 0.2230 0.0963 0.1753 0.1016 0.1492 0.0952 
        H146  2 0.0710 0.3787 0.0764 0.1504 0.1168 0.1444 0.0623 
        H147  2 0.0506 0.3536 0.2444 0.1595 0.0682 0.0790 0.0445 
        H148  2 0.0507 0.1782 0.1615 0.2227 0.1377 0.1590 0.0901 
     H166022  2 0.0498 0.1490 0.2318 0.2409 0.1331 0.1153 0.0802 
     H167359  2 0.1365 0.0763 0.1173 0.1297 0.0920 0.1487 0.2995 
     H167397  2 0.0232 0.2916 0.1458 0.1969 0.1930 0.0956 0.0538 
     H167428  2 0.0396 0.3884 0.0973 0.0998 0.1615 0.1507 0.0627 
     H167496  2 0.4735 0.0909 0.0944 0.1031 0.0844 0.0838 0.0699 
     H167513  2 0.0475 0.0999 0.0455 0.0431 0.5158 0.1522 0.0960 
     H167545  2 0.0469 0.1235 0.1167 0.1257 0.2661 0.2142 0.1070 
     H167547  2 0.0232 0.0349 0.1244 0.5312 0.2101 0.0414 0.0349 
     H169621  2 0.0381 0.4350 0.0768 0.1363 0.0957 0.1581 0.0600 
     H169622  2 0.0403 0.0968 0.2148 0.1153 0.0719 0.1333 0.3276 
     H169750  2 0.1761 0.1826 0.1108 0.1381 0.1159 0.1552 0.1212 
     H171806  2 0.1112 0.1654 0.1402 0.2581 0.1276 0.1207 0.0767 
     H171808  2 0.0960 0.1048 0.1543 0.0868 0.1332 0.2247 0.2002 
     H171809  2 0.1365 0.1179 0.2279 0.1391 0.1133 0.1628 0.1026 
     H171813  2 0.0836 0.1088 0.1285 0.1417 0.1574 0.2031 0.1770 
     H171815  2 0.3833 0.0672 0.0795 0.0712 0.0951 0.1111 0.1926 
     H171824  2 0.1153 0.0727 0.1586 0.2656 0.0733 0.1497 0.1648 
     H171825  2 0.0596 0.0952 0.2602 0.1132 0.0557 0.1247 0.2914 
     H171826  2 0.0872 0.0584 0.1392 0.2379 0.1685 0.1714 0.1375 
     H171827  2 0.0472 0.1469 0.2544 0.0872 0.0788 0.1431 0.2425 
     H171828  2 0.6050 0.0793 0.0931 0.0666 0.0486 0.0596 0.0477 
     H171829  2 0.1427 0.0774 0.1333 0.1558 0.2314 0.1238 0.1356 
     H171830  2 0.1709 0.1703 0.1070 0.1210 0.2369 0.1118 0.0821 
     H171831  2 0.0435 0.1192 0.1209 0.1204 0.3496 0.1445 0.1018 
     H171832  2 0.0871 0.0825 0.1661 0.1034 0.1278 0.2050 0.2282 
     H171863  2 0.0375 0.2338 0.1367 0.1153 0.2210 0.1138 0.1419 
     H171864  2 0.1328 0.1426 0.1139 0.1860 0.2717 0.0967 0.0562 
     H171865  2 0.4853 0.0607 0.0654 0.1018 0.1112 0.0825 0.0932 
     H171879  2 0.0736 0.0820 0.1093 0.4082 0.1166 0.0899 0.1204 
     H171880  2 0.0355 0.1920 0.1109 0.2633 0.1804 0.1112 0.1067 
     H171881  2 0.0446 0.1694 0.1252 0.1383 0.1816 0.1897 0.1512 
     H171882  2 0.7762 0.0478 0.0425 0.0322 0.0333 0.0353 0.0327 
     H171929  2 0.1168 0.2644 0.1049 0.1148 0.1535 0.1640 0.0817 
     H171930  2 0.0340 0.1232 0.0909 0.1884 0.3327 0.1470 0.0839 
     H171933  2 0.0859 0.2076 0.1428 0.2265 0.1068 0.1155 0.1148 
     H171934  2 0.0855 0.1106 0.1716 0.2148 0.1240 0.1830 0.1104 
     H171937  2 0.0981 0.1707 0.1174 0.1292 0.2434 0.1350 0.1063 
     H171962  2 0.0975 0.1316 0.1616 0.1243 0.1246 0.1707 0.1899 
        H190  2 0.0637 0.1751 0.1909 0.1444 0.1855 0.1379 0.1025 
        H191  2 0.1673 0.1296 0.1358 0.2536 0.1428 0.0936 0.0774 
        H396  2 0.1353 0.1841 0.2501 0.0784 0.0733 0.2063 0.0724 
        H397  2 0.1154 0.1921 0.1373 0.1029 0.1531 0.1628 0.1364 
        H398  2 0.1227 0.0855 0.1384 0.0889 0.1152 0.2570 0.1922 
        H400  2 0.1059 0.1296 0.1764 0.0862 0.1105 0.2157 0.1756 
        H401  2 0.0292 0.1034 0.1153 0.4581 0.2123 0.0493 0.0324 
        H402  2 0.0300 0.1536 0.1690 0.2042 0.2070 0.1464 0.0899 
        H427  2 0.0855 0.1700 0.2957 0.1518 0.0793 0.1647 0.0530 
        H428  2 0.0414 0.3803 0.0976 0.0985 0.1516 0.1606 0.0700 
        H497  2 0.1177 0.0774 0.0730 0.0380 0.3488 0.1735 0.1715 
        H512  2 0.0587 0.1443 0.1504 0.2319 0.2373 0.0944 0.0831 
        H513  2 0.0518 0.1091 0.0471 0.0352 0.5243 0.1451 0.0873 
        H514  2 0.0732 0.1142 0.2064 0.1136 0.1345 0.1581 0.2001 
        H519  2 0.0539 0.1036 0.0487 0.0621 0.5133 0.1425 0.0759 
        H532  2 0.0411 0.1078 0.2452 0.1667 0.0860 0.2150 0.1383 
        H543  2 0.0317 0.2515 0.2367 0.1338 0.0920 0.1085 0.1458 
        H544  2 0.2130 0.1611 0.1164 0.0439 0.1364 0.1507 0.1787 
        H545  2 0.0439 0.1193 0.1263 0.1295 0.2732 0.2161 0.0918 
        H546  2 0.3851 0.0722 0.1073 0.1005 0.0971 0.1057 0.1321 
        H547  2 0.0251 0.0406 0.1210 0.5267 0.2034 0.0439 0.0393 
        H548  2 0.0947 0.1286 0.2543 0.1405 0.1025 0.1297 0.1497 
        H549  2 0.0443 0.0712 0.0674 0.0427 0.4000 0.2038 0.1706 
        H620  2 0.7276 0.0447 0.0565 0.0498 0.0331 0.0443 0.0440 
        H623  2 0.0978 0.2273 0.1073 0.0990 0.2671 0.1360 0.0655 
        H624  2 0.0910 0.0396 0.0945 0.0523 0.0599 0.1507 0.5120 
        H625  2 0.1332 0.1452 0.2003 0.1054 0.1465 0.1722 0.0972 
        H626  2 0.0633 0.0732 0.1615 0.1477 0.1913 0.1299 0.2331 
        H654  2 0.5158 0.0308 0.0542 0.0329 0.0746 0.1153 0.1763 
        H655  2 0.1743 0.0707 0.1063 0.0672 0.0602 0.1598 0.3615 
        H656  2 0.7195 0.0382 0.0793 0.0365 0.0301 0.0528 0.0435 
        H666  2 0.5982 0.0690 0.0438 0.0689 0.0458 0.0640 0.1103 
        H667  2 0.0384 0.1592 0.3356 0.1343 0.0635 0.1848 0.0841 
        H677  2 0.0567 0.0956 0.2047 0.1758 0.0703 0.1792 0.2178 
        H693  2 0.3343 0.1244 0.1986 0.0840 0.0935 0.1027 0.0626 
        H694  2 0.0913 0.2232 0.1106 0.1017 0.2334 0.1381 0.1016 
        H701  2 0.0436 0.2063 0.1388 0.1315 0.1489 0.1344 0.1964 
        H702  2 0.0859 0.1097 0.1696 0.1499 0.1439 0.1799 0.1612 
        H731  2 0.2399 0.1900 0.1700 0.1233 0.0682 0.1167 0.0919 
       H7359  2 0.1393 0.0820 0.1001 0.1324 0.1047 0.1259 0.3155 
       H7389  2 0.0634 0.1181 0.1618 0.2063 0.1489 0.1733 0.1282 
       H7390  2 0.0968 0.0387 0.0956 0.1017 0.1104 0.1778 0.3790 
       H7391  2 0.0696 0.1415 0.2317 0.2876 0.1103 0.1097 0.0496 
       H7392  2 0.0964 0.1437 0.1149 0.0970 0.1078 0.1580 0.2823 
       H7393  2 0.1633 0.1005 0.1008 0.1553 0.1753 0.1592 0.1458 
       H7398  2 0.1268 0.2864 0.1564 0.1383 0.1295 0.1127 0.0499 
       H7399  2 0.0283 0.2035 0.2543 0.1258 0.0871 0.2008 0.1001 
       H7400  2 0.7285 0.0298 0.0502 0.0352 0.0308 0.0440 0.0814 
        H745  2 0.0527 0.1616 0.1162 0.0907 0.3001 0.1704 0.1083 
        H746  2 0.0293 0.1539 0.3483 0.1071 0.0580 0.2005 0.1029 
        H747  2 0.3373 0.0885 0.0708 0.0946 0.1631 0.1197 0.1261 
        H748  2 0.0627 0.0940 0.1905 0.1586 0.1199 0.1639 0.2105 
       H7484  2 0.6096 0.0604 0.0581 0.0849 0.0738 0.0678 0.0455 
       H7485  2 0.0648 0.0905 0.0835 0.0701 0.3399 0.1493 0.2019 
        H749  2 0.0342 0.1264 0.2818 0.0660 0.0871 0.1969 0.2075 
        H930  2 0.0335 0.1317 0.1017 0.1916 0.3105 0.1505 0.0805 
        H931  2 0.1531 0.2087 0.1452 0.1555 0.1146 0.1124 0.1105 
        H932  2 0.0552 0.0738 0.1622 0.2991 0.1089 0.1366 0.1644 
        H002  4 0.3198 0.0729 0.1440 0.0863 0.1083 0.1373 0.1314 
        H003  4 0.0382 0.2284 0.3714 0.1307 0.0450 0.1335 0.0527 
        H009  4 0.0538 0.0739 0.1643 0.0665 0.1206 0.2205 0.3004 
        H010  4 0.0617 0.0944 0.1477 0.3113 0.0908 0.1307 0.1635 
        H011  4 0.4530 0.1138 0.0866 0.0731 0.0937 0.1045 0.0752 
        H012  4 0.0638 0.2216 0.2067 0.1561 0.0950 0.1588 0.0981 
        H013  4 0.1869 0.1980 0.2704 0.1087 0.0623 0.0782 0.0954 
        H014  4 0.0938 0.1375 0.1464 0.1803 0.1533 0.1718 0.1170 
        H045  4 0.3074 0.1904 0.1169 0.1057 0.1304 0.1077 0.0415 
        H046  4 0.0594 0.1198 0.3342 0.1301 0.0750 0.1914 0.0901 
        H051  4 0.3223 0.1920 0.1487 0.1006 0.0647 0.1011 0.0706 
        H052  4 0.4291 0.1047 0.0864 0.0652 0.0921 0.1047 0.1177 
        H053  4 0.0859 0.0852 0.1303 0.1264 0.1046 0.1650 0.3027 
        H056  4 0.4405 0.0730 0.0851 0.1047 0.1041 0.0984 0.0941 
        H076  4 0.0421 0.0697 0.1452 0.3341 0.1303 0.1275 0.1511 
        H151  4 0.1493 0.0414 0.1002 0.1238 0.0952 0.1758 0.3142 
        H152  4 0.3787 0.0877 0.0967 0.0733 0.0785 0.1631 0.1219 
     H171803  4 0.0588 0.0780 0.1525 0.1262 0.1711 0.2129 0.2005 
     H171804  4 0.2112 0.1012 0.1604 0.1260 0.1575 0.1518 0.0919 
     H171833  4 0.0466 0.0967 0.1724 0.1625 0.2355 0.1367 0.1496 
     H171855  4 0.2242 0.0370 0.0984 0.0998 0.1837 0.1338 0.2231 
     H171856  4 0.0544 0.1139 0.1071 0.1125 0.2280 0.2122 0.1719 
     H171857  4 0.2635 0.0524 0.1188 0.1358 0.2133 0.1321 0.0840 
     H171858  4 0.1903 0.0985 0.1254 0.1838 0.0965 0.1593 0.1463 
     H171859  4 0.1196 0.1027 0.1546 0.2225 0.1113 0.1537 0.1356 
     H171961  4 0.2123 0.1217 0.1315 0.1041 0.1299 0.1278 0.1727 
        H198  4 0.0288 0.1543 0.2744 0.1811 0.0940 0.1504 0.1170 
      H20001  4 0.0289 0.0517 0.0712 0.1195 0.4285 0.1274 0.1729 
        H403  4 0.1231 0.0957 0.1403 0.2046 0.1575 0.1743 0.1044 
        H404  4 0.0728 0.1963 0.2418 0.1100 0.1019 0.1644 0.1128 
        H405  4 0.0492 0.1194 0.2643 0.1794 0.1459 0.1465 0.0952 
        H406  4 0.1085 0.0802 0.0865 0.3428 0.2546 0.0620 0.0653 
        H407  4 0.0725 0.0792 0.1296 0.2042 0.1864 0.1633 0.1649 
        H410  4 0.0275 0.0453 0.1153 0.5622 0.1853 0.0362 0.0282 
        H411  4 0.0475 0.1349 0.1626 0.1336 0.1988 0.2035 0.1191 
        H468  4 0.0713 0.0892 0.1032 0.1599 0.2578 0.1555 0.1631 
        H476  4 0.1670 0.0950 0.0897 0.1036 0.1075 0.1212 0.3158 
        H477  4 0.0335 0.0709 0.1435 0.1228 0.2140 0.2505 0.1648 
        H478  4 0.0376 0.1441 0.2817 0.0998 0.1074 0.2052 0.1243 
        H479  4 0.3157 0.1786 0.1838 0.0629 0.0746 0.1088 0.0757 
        H480  4 0.0442 0.1335 0.1745 0.1325 0.1726 0.1856 0.1572 
        H498  4 0.0964 0.2583 0.2291 0.1441 0.0937 0.0833 0.0950 
        H499  4 0.0800 0.0918 0.1658 0.1058 0.2521 0.1759 0.1286 
        H500  4 0.2741 0.0792 0.1410 0.1128 0.0949 0.1042 0.1937 
        H515  4 0.1232 0.0945 0.1211 0.1384 0.1723 0.1693 0.1812 
        H516  4 0.0689 0.1273 0.1516 0.1459 0.1417 0.1601 0.2045 
        H517  4 0.0534 0.0474 0.1307 0.4922 0.1619 0.0633 0.0511 
        H518  4 0.3083 0.0733 0.0845 0.0931 0.1522 0.1231 0.1656 
        H520  4 0.1698 0.0586 0.0927 0.1838 0.2270 0.1284 0.1397 
        H521  4 0.0831 0.1550 0.1375 0.1296 0.1911 0.1851 0.1187 
        H522  4 0.0778 0.1027 0.1224 0.0985 0.1646 0.1751 0.2590 
        H523  4 0.1613 0.2178 0.1250 0.0980 0.0931 0.1705 0.1343 
        H536  4 0.0751 0.1695 0.2950 0.1047 0.0773 0.1929 0.0856 
        H645  4 0.1967 0.1545 0.2363 0.1037 0.0782 0.1528 0.0779 
        H646  4 0.0391 0.2248 0.0910 0.1710 0.1398 0.1933 0.1411 
        H647  4 0.0644 0.0545 0.0914 0.1172 0.1147 0.1410 0.4168 
        H657  4 0.0367 0.1155 0.1977 0.3326 0.1430 0.0917 0.0827 
        H658  4 0.0706 0.1093 0.1137 0.1094 0.0940 0.1621 0.3410 
        H659  4 0.1385 0.0543 0.1041 0.0695 0.1221 0.1685 0.3429 
        H660  4 0.1183 0.1865 0.1194 0.0693 0.1926 0.1726 0.1413 
        H661  4 0.0744 0.0379 0.0895 0.0759 0.1566 0.1552 0.4105 
        H668  4 0.0400 0.1300 0.2574 0.1736 0.1188 0.1771 0.1030 
        H669  4 0.1151 0.1797 0.1271 0.1484 0.1470 0.1514 0.1312 
        H670  4 0.1579 0.1035 0.2953 0.1494 0.0576 0.1652 0.0709 
        H678  4 0.0381 0.0665 0.0987 0.0997 0.2648 0.1617 0.2705 
        H679  4 0.0660 0.1915 0.1359 0.1615 0.1614 0.1082 0.1755 
        H680  4 0.0416 0.0427 0.1101 0.1451 0.4020 0.1157 0.1428 
        H681  4 0.1945 0.1548 0.2208 0.1123 0.0760 0.1078 0.1338 
        H682  4 0.0454 0.1196 0.1686 0.2426 0.1869 0.1312 0.1056 
        H683  4 0.3471 0.1589 0.0940 0.0610 0.1136 0.1156 0.1097 
        H718  4 0.6525 0.0566 0.0478 0.0869 0.0490 0.0531 0.0540 
        H719  4 0.1753 0.3275 0.1071 0.0644 0.1498 0.1203 0.0556 
        H720  4 0.1740 0.0866 0.0650 0.0566 0.3345 0.1635 0.1197 
        H721  4 0.1721 0.1073 0.1603 0.1078 0.1716 0.1618 0.1191 
        H722  4 0.2677 0.0935 0.0956 0.0618 0.1763 0.1483 0.1569 
        H723  4 0.2838 0.1012 0.1199 0.1860 0.1023 0.1065 0.1002 
        H724  4 0.4056 0.0546 0.0648 0.1363 0.1037 0.0950 0.1400 
        H725  4 0.4964 0.0564 0.0701 0.1125 0.1113 0.0843 0.0691 
        H726  4 0.2206 0.0508 0.1036 0.1708 0.1045 0.1197 0.2300 
        H727  4 0.1507 0.0967 0.1502 0.2220 0.1415 0.1184 0.1205 
        H910  4 0.1782 0.1470 0.1219 0.1375 0.1854 0.1424 0.0876 
        H911  4 0.0712 0.1087 0.1048 0.4364 0.1547 0.0622 0.0621 
        H912  4 0.0951 0.0615 0.1168 0.1813 0.2594 0.1039 0.1820 
        H913  4 0.0948 0.1619 0.0734 0.0764 0.0700 0.1434 0.3801 
        H914  4 0.1056 0.1018 0.1955 0.1128 0.0852 0.1677 0.2314 
        H915  4 0.0659 0.0855 0.1381 0.1746 0.1733 0.1479 0.2147 
        H916  4 0.0503 0.0892 0.0912 0.1067 0.3565 0.1864 0.1195 
       H9572  4 0.0774 0.1207 0.1011 0.1739 0.2541 0.1771 0.0957 
        H015  5 0.0518 0.2425 0.1020 0.1035 0.2953 0.1276 0.0773 
        H016  5 0.0646 0.1913 0.1545 0.0857 0.1388 0.1351 0.2300 
        H017  5 0.0514 0.1128 0.1430 0.0731 0.1604 0.2303 0.2291 
        H019  5 0.1685 0.1888 0.1347 0.1130 0.1234 0.1459 0.1256 
        H020  5 0.1511 0.2976 0.1195 0.0452 0.1383 0.1403 0.1079 
        H032  5 0.1358 0.0714 0.1615 0.2334 0.1371 0.1490 0.1118 
        H033  5 0.0617 0.2432 0.1651 0.1064 0.1434 0.1542 0.1261 
        H034  5 0.1786 0.0905 0.1374 0.2411 0.1018 0.1430 0.1076 
        H035  5 0.0468 0.1100 0.1472 0.1257 0.1578 0.1640 0.2485 
        H036  5 0.0856 0.2735 0.0670 0.1150 0.2875 0.1051 0.0663 
        H037  5 0.0705 0.0652 0.1231 0.0842 0.0800 0.2169 0.3600 
        H048  5 0.2629 0.0622 0.1262 0.1894 0.1429 0.1231 0.0932 
        H049  5 0.1130 0.2079 0.1348 0.0994 0.2138 0.1491 0.0819 
        H054  5 0.1143 0.1000 0.1318 0.3018 0.1456 0.1212 0.0854 
        H055  5 0.1323 0.0834 0.1216 0.1522 0.0744 0.2069 0.2293 
        H057  5 0.1263 0.1091 0.1683 0.0811 0.1032 0.1764 0.2356 
        H060  5 0.1498 0.0664 0.1678 0.0680 0.0551 0.2436 0.2495 
        H061  5 0.0624 0.0828 0.2230 0.1922 0.0890 0.2223 0.1284 
        H064  5 0.2825 0.1658 0.1474 0.0802 0.0957 0.1416 0.0868 
        H070  5 0.1605 0.1676 0.1544 0.1255 0.0729 0.2003 0.1187 
        H077  5 0.4734 0.0690 0.0810 0.0983 0.0855 0.1006 0.0922 
        H078  5 0.1323 0.1091 0.1220 0.1029 0.1284 0.1632 0.2422 
        H079  5 0.0344 0.3027 0.2266 0.0786 0.0936 0.1534 0.1106 
        H097  5 0.1720 0.1411 0.1171 0.0916 0.0766 0.1758 0.2258 
        H107  5 0.3432 0.0897 0.1580 0.0861 0.0603 0.1186 0.1442 
        H122  5 0.0387 0.0662 0.1147 0.1402 0.1050 0.2436 0.2915 
        H123  5 0.0276 0.1798 0.1299 0.2993 0.1358 0.1053 0.1223 
        H124  5 0.0416 0.0818 0.1577 0.3306 0.1075 0.1027 0.1781 
        H131  5 0.0408 0.3535 0.1062 0.1559 0.1226 0.1465 0.0745 
        H132  5 0.1608 0.1459 0.1208 0.1396 0.1232 0.1581 0.1517 
        H141  5 0.0883 0.0802 0.1582 0.1152 0.1824 0.1924 0.1834 
        H142  5 0.0517 0.1718 0.2701 0.1512 0.0660 0.1560 0.1331 
        H157  5 0.1976 0.0898 0.1228 0.1360 0.1197 0.1703 0.1638 
        H158  5 0.0349 0.2096 0.1767 0.1295 0.1494 0.1163 0.1837 
        H159  5 0.0515 0.1299 0.1804 0.2063 0.1897 0.1708 0.0713 
        H160  5 0.0681 0.0979 0.1385 0.2426 0.1888 0.1273 0.1369 
        H163  5 0.0673 0.1687 0.1580 0.1727 0.1780 0.1493 0.1061 
        H164  5 0.0878 0.2263 0.1832 0.1295 0.1295 0.1346 0.1091 
        H165  5 0.0321 0.2468 0.1820 0.1658 0.1465 0.1435 0.0833 
        H166  5 0.0602 0.3330 0.0962 0.0779 0.2140 0.1266 0.0922 
        H169  5 0.0455 0.1280 0.2676 0.1537 0.1092 0.1795 0.1164 
     H169613  5 0.1769 0.1209 0.2010 0.1236 0.0656 0.1915 0.1205 
     H169653  5 0.0560 0.3022 0.1440 0.1518 0.1493 0.1296 0.0671 
     H169728  5 0.0724 0.1036 0.1294 0.1416 0.2766 0.1609 0.1155 
     H169742  5 0.1297 0.1541 0.2413 0.0606 0.1152 0.1844 0.1147 
        H170  5 0.1072 0.0497 0.1493 0.1233 0.0868 0.2119 0.2718 
        H171  5 0.0703 0.1177 0.1930 0.1009 0.1521 0.2024 0.1636 
     H171851  5 0.1009 0.1786 0.1322 0.1160 0.1280 0.1763 0.1680 
     H171852  5 0.3326 0.0667 0.1201 0.0896 0.0939 0.0966 0.2005 
     H171853  5 0.0766 0.1197 0.1158 0.2857 0.2131 0.1172 0.0718 
     H171854  5 0.1214 0.0939 0.1507 0.1458 0.2566 0.1247 0.1069 
     H171938  5 0.0979 0.1543 0.3067 0.1336 0.0603 0.1327 0.1145 
     H171939  5 0.0687 0.3044 0.1151 0.0694 0.1420 0.1719 0.1286 
     H171941  5 0.2601 0.1670 0.1087 0.0911 0.0769 0.1526 0.1437 
     H171965  5 0.0612 0.1071 0.2692 0.1394 0.0480 0.1823 0.1927 
     H171970  5 0.5005 0.0915 0.0661 0.0805 0.0935 0.0934 0.0745 
     H171973  5 0.0633 0.1085 0.2799 0.1419 0.1139 0.1682 0.1243 
     H171974  5 0.0646 0.1415 0.1387 0.1568 0.1329 0.1946 0.1710 
     H171975  5 0.2658 0.1457 0.0952 0.1533 0.1857 0.0975 0.0570 
     H171976  5 0.1929 0.0572 0.1551 0.1462 0.1276 0.1637 0.1574 
        H175  5 0.2296 0.0891 0.1306 0.1282 0.1168 0.1374 0.1683 
        H178  5 0.1643 0.1795 0.1915 0.1046 0.0698 0.1701 0.1202 
        H189  5 0.0403 0.3607 0.1472 0.1231 0.1034 0.1526 0.0728 
        H399  5 0.0577 0.0483 0.1317 0.3311 0.2025 0.1228 0.1058 
        H416  5 0.0857 0.1044 0.1567 0.1059 0.1181 0.1728 0.2564 
        H438  5 0.0725 0.1198 0.1608 0.2114 0.2219 0.1467 0.0669 
        H450  5 0.2040 0.0595 0.1361 0.0581 0.0722 0.2391 0.2309 
        H455  5 0.5551 0.1224 0.0710 0.0635 0.0584 0.0791 0.0505 
        H456  5 0.0706 0.1394 0.2757 0.1272 0.0773 0.1879 0.1219 
        H457  5 0.4641 0.0614 0.1016 0.0777 0.0732 0.1391 0.0828 
        H458  5 0.1074 0.1237 0.1761 0.1665 0.0967 0.1802 0.1493 
        H459  5 0.0343 0.1620 0.1973 0.1325 0.0976 0.1493 0.2270 
        H460  5 0.0819 0.1270 0.2206 0.0726 0.1346 0.2006 0.1627 
        H461  5 0.0813 0.0840 0.2028 0.1221 0.1196 0.1941 0.1960 
        H462  5 0.0795 0.2317 0.0968 0.1070 0.2453 0.1622 0.0774 
        H469  5 0.0589 0.2987 0.1053 0.1363 0.2026 0.1173 0.0808 
        H470  5 0.0749 0.1071 0.1361 0.1324 0.2388 0.1366 0.1741 
        H471  5 0.0577 0.0739 0.1154 0.1936 0.1387 0.1361 0.2845 
        H481  5 0.5006 0.0662 0.0597 0.0577 0.0614 0.1147 0.1396 
        H482  5 0.2156 0.0761 0.1588 0.1233 0.0936 0.1863 0.1463 
        H501  5 0.1184 0.1066 0.1389 0.1195 0.1329 0.1300 0.2537 
        H502  5 0.0405 0.1573 0.2398 0.1287 0.0864 0.1686 0.1788 
        H503  5 0.0518 0.2720 0.1048 0.1293 0.2521 0.1208 0.0692 
        H509  5 0.1516 0.0736 0.0961 0.2804 0.2122 0.1243 0.0618 
        H510  5 0.1656 0.1794 0.1642 0.1214 0.0999 0.1719 0.0976 
        H511  5 0.0645 0.1236 0.2273 0.1690 0.0884 0.1848 0.1424 
        H530  5 0.1250 0.1032 0.1557 0.2128 0.1099 0.1327 0.1607 
        H531  5 0.1651 0.0369 0.0805 0.1021 0.0850 0.1220 0.4084 
        H564  5 0.1858 0.0646 0.1589 0.0926 0.1045 0.1352 0.2584 
        H565  5 0.3458 0.0650 0.1081 0.0574 0.0905 0.1298 0.2035 
        H567  5 0.0395 0.4358 0.0641 0.0974 0.1612 0.1396 0.0625 
     H568???  5 0.0494 0.0587 0.1742 0.1899 0.2210 0.1613 0.1456 
        H608  5 0.2266 0.0641 0.1387 0.1010 0.0603 0.2197 0.1896 
        H609  5 0.0857 0.3166 0.1714 0.1033 0.1201 0.1437 0.0592 
        H612  5 0.2539 0.0944 0.2091 0.0957 0.0922 0.1172 0.1375 
        H614  5 0.2625 0.0586 0.0974 0.0796 0.1049 0.1347 0.2623 
        H615  5 0.2064 0.0507 0.0712 0.0613 0.0585 0.1151 0.4368 
        H616  5 0.5700 0.0582 0.0800 0.0783 0.0482 0.0811 0.0842 
        H617  5 0.0363 0.1541 0.2400 0.2342 0.1202 0.1357 0.0794 
        H618  5 0.3922 0.0697 0.0884 0.1142 0.1480 0.1092 0.0782 
        H619  5 0.0946 0.2348 0.3317 0.0912 0.0525 0.1281 0.0671 
        H635  5 0.1406 0.1312 0.1605 0.1704 0.1166 0.1870 0.0938 
        H636  5 0.0540 0.1737 0.3936 0.1085 0.0625 0.1481 0.0597 
        H637  5 0.2915 0.1421 0.1537 0.0478 0.0948 0.1237 0.1464 
        H644  5 0.0397 0.4482 0.0932 0.0954 0.1551 0.1082 0.0602 
        H711  5 0.0537 0.0629 0.2042 0.0687 0.0705 0.2048 0.3351 
        H712  5 0.2633 0.1850 0.1805 0.0849 0.0737 0.1265 0.0861 
       H7360  5 0.0979 0.1245 0.1637 0.0665 0.0937 0.2042 0.2495 
       H7361  5 0.2676 0.0615 0.1425 0.1245 0.0954 0.1748 0.1336 
       H7362  5 0.0283 0.4354 0.1020 0.0941 0.2107 0.0866 0.0429 
       H7363  5 0.1579 0.1051 0.0800 0.1267 0.2477 0.1508 0.1318 
       H7394  5 0.0439 0.1491 0.2393 0.1769 0.0941 0.1849 0.1118 
       H7395  5 0.0857 0.1860 0.2914 0.1259 0.0653 0.1317 0.1140 
       H7396  5 0.0636 0.1379 0.1166 0.0847 0.1235 0.1676 0.3062 
        H742  5 0.1231 0.1599 0.2569 0.0635 0.1032 0.1823 0.1110 
        H743  5 0.2878 0.1954 0.0879 0.0933 0.0992 0.1028 0.1336 
        H744  5 0.3516 0.0746 0.0756 0.2020 0.1173 0.0958 0.0830 
        H957  5 0.0598 0.0456 0.1614 0.0965 0.0903 0.1813 0.3651 
        H958  5 0.1325 0.1605 0.1295 0.1395 0.1535 0.1524 0.1322 
        H959  5 0.3487 0.0829 0.1418 0.0790 0.0806 0.1289 0.1381 
        H960  5 0.1208 0.1170 0.1151 0.2443 0.1332 0.1498 0.1199 
        H431  8 0.0890 0.0351 0.1182 0.4550 0.1132 0.0774 0.1121 
        H432  8 0.0513 0.2854 0.0452 0.0668 0.4134 0.0762 0.0617 
        H433  8 0.1011 0.2642 0.2084 0.1535 0.1095 0.0973 0.0659 
        H434  8 0.0370 0.3999 0.0846 0.0720 0.1269 0.1534 0.1263 
        H444  8 0.1401 0.3041 0.1792 0.1156 0.0887 0.1059 0.0665 
        H454  8 0.4360 0.1491 0.0903 0.0612 0.0852 0.1024 0.0757 
        H475  8 0.5041 0.0552 0.0892 0.0594 0.0590 0.1238 0.1094 
        H491  8 0.1995 0.1317 0.1247 0.0969 0.1179 0.2001 0.1292 
        H492  8 0.2019 0.0962 0.0874 0.0734 0.1488 0.1245 0.2678 
        H493  8 0.0682 0.1051 0.1762 0.1545 0.1665 0.1919 0.1376 
        H494  8 0.2043 0.1408 0.0967 0.0857 0.2827 0.1166 0.0731 
        H495  8 0.1778 0.0579 0.1030 0.0462 0.1469 0.1961 0.2721 
        H662  8 0.0494 0.0895 0.1271 0.0800 0.1320 0.1723 0.3497 
        H663  8 0.1411 0.0923 0.1076 0.1209 0.3208 0.1211 0.0961 
        H695  8 0.1939 0.0914 0.1218 0.2043 0.0976 0.1242 0.1667 
       H7367  8 0.0367 0.3216 0.0999 0.1504 0.1432 0.1572 0.0910 
       H7368  8 0.0631 0.0755 0.2044 0.2914 0.1532 0.1297 0.0827 
       H7369  8 0.1404 0.1588 0.1909 0.1528 0.1017 0.1743 0.0811 
       H7370  8 0.0344 0.1665 0.0939 0.2005 0.2104 0.1295 0.1647 
       H7371  8 0.0970 0.1459 0.1699 0.1779 0.1678 0.1253 0.1163 
     H169705 10 0.0373 0.3401 0.0918 0.1354 0.1817 0.1452 0.0685 
     H171942 10 0.0553 0.3073 0.0441 0.0686 0.3867 0.0775 0.0605 
     H171943 10 0.0488 0.1113 0.1530 0.0931 0.1920 0.2551 0.1467 
     H171944 10 0.0410 0.0964 0.2003 0.1388 0.1169 0.1826 0.2240 
     H171946 10 0.0730 0.0438 0.0897 0.0866 0.0961 0.2046 0.4062 
     H171947 10 0.1007 0.2563 0.1131 0.0792 0.1918 0.1458 0.1131 
     H229641 10 0.2401 0.1155 0.1246 0.1969 0.1332 0.0804 0.1093 
      H30001 10 0.1173 0.1132 0.1940 0.1542 0.1548 0.1366 0.1298 
      H30002 10 0.0626 0.3693 0.1242 0.0850 0.0605 0.1580 0.1405 
      H30005 10 0.0424 0.0954 0.1337 0.4217 0.1729 0.0835 0.0505 
      H30006 10 0.0636 0.5162 0.0533 0.0529 0.1374 0.1366 0.0401 
      H30007 10 0.0339 0.1559 0.1610 0.0481 0.1797 0.2288 0.1927 
        H451 10 0.0699 0.3387 0.1579 0.1215 0.1600 0.1009 0.0511 
        H452 10 0.0769 0.0442 0.1128 0.4859 0.2043 0.0400 0.0359 
        H453 10 0.3870 0.0721 0.0891 0.0795 0.0865 0.1534 0.1325 
        H473 10 0.2981 0.1035 0.1317 0.0749 0.0881 0.1546 0.1492 
        H474 10 0.3117 0.0499 0.0615 0.0527 0.0837 0.1297 0.3107 
        H486 10 0.3719 0.1084 0.0935 0.1708 0.1336 0.0707 0.0510 
        H487 10 0.2708 0.0766 0.0898 0.1613 0.0639 0.1723 0.1653 
        H488 10 0.1887 0.1981 0.1709 0.1681 0.1056 0.1120 0.0567 
        H489 10 0.2262 0.0636 0.0826 0.0937 0.0949 0.1508 0.2882 
        H550 10 0.0303 0.1347 0.1188 0.1124 0.0803 0.1343 0.3891 
        H551 10 0.1185 0.1870 0.1031 0.1366 0.2850 0.0941 0.0758 
        H553 10 0.3293 0.1025 0.0801 0.2228 0.0907 0.0837 0.0909 
        H554 10 0.0738 0.2442 0.1796 0.1021 0.1378 0.1510 0.1116 
        H556 10 0.1212 0.2105 0.0892 0.0805 0.1139 0.1575 0.2271 
        H580 10 0.0482 0.1230 0.1279 0.2074 0.2306 0.1463 0.1167 
        H591 10 0.5030 0.0678 0.0771 0.0714 0.0559 0.0851 0.1397 
        H592 10 0.1166 0.0737 0.1272 0.1970 0.1638 0.1341 0.1876 
        H593 10 0.0836 0.1262 0.1833 0.1209 0.1461 0.1723 0.1676 
        H594 10 0.0290 0.1613 0.1544 0.1704 0.1627 0.1636 0.1586 
        H627 10 0.1606 0.0916 0.0978 0.0939 0.1506 0.1379 0.2674 
        H628 10 0.0398 0.0900 0.1760 0.3337 0.1154 0.1516 0.0935 
        H629 10 0.1136 0.0530 0.0922 0.1409 0.3319 0.1281 0.1402 
        H630 10 0.0387 0.0888 0.0924 0.1084 0.3474 0.1560 0.1682 
        H638 10 0.0429 0.0749 0.0941 0.1777 0.3737 0.1177 0.1190 
        H639 10 0.4195 0.0862 0.0717 0.1487 0.1010 0.0783 0.0946 
        H640 10 0.0455 0.1828 0.1098 0.1203 0.3144 0.1397 0.0874 
        H704 10 0.0464 0.1369 0.1258 0.1408 0.1272 0.2560 0.1669 
        H705 10 0.0343 0.3346 0.0926 0.1479 0.1803 0.1382 0.0721 
        H706 10 0.2714 0.1579 0.1473 0.1493 0.1028 0.0944 0.0770 
        H708 10 0.0779 0.0385 0.0688 0.0682 0.1152 0.1726 0.4589 
       H7351 10 0.0554 0.1538 0.1705 0.0888 0.1160 0.2089 0.2065 
       H7352 10 0.0776 0.0746 0.1601 0.2369 0.1328 0.1767 0.1413 
       H7353 10 0.0710 0.3072 0.1389 0.1271 0.1463 0.1203 0.0891 
       H7354 10 0.2094 0.1192 0.1874 0.1239 0.0554 0.1883 0.1164 
       H7365 10 0.2033 0.0559 0.1290 0.1854 0.1559 0.1468 0.1236 
       H7383 10 0.1281 0.1184 0.2257 0.1428 0.0911 0.1490 0.1449 
       H7384 10 0.0861 0.2171 0.1310 0.1501 0.0851 0.1881 0.1425 
       H7385 10 0.1507 0.1225 0.1199 0.0872 0.1636 0.2116 0.1445 
       H7386 10 0.0702 0.1928 0.1731 0.2210 0.1420 0.1138 0.0870 
       H7387 10 0.0357 0.0955 0.1896 0.1060 0.1302 0.2358 0.2074 
       H7388 10 0.0579 0.0453 0.1142 0.5453 0.1719 0.0358 0.0295 
        H906 10 0.3475 0.1294 0.1029 0.0545 0.1110 0.1529 0.1019 
        H907 10 0.0532 0.1319 0.1355 0.1764 0.2166 0.1341 0.1522 
        H908 10 0.0913 0.1964 0.1732 0.1438 0.1721 0.1360 0.0871 
        H909 10 0.1775 0.1414 0.2584 0.1256 0.0542 0.1589 0.0841 
       H9552 10 0.0747 0.1556 0.1827 0.1747 0.1326 0.1433 0.1365 
       H9553 10 0.2352 0.1241 0.0863 0.2906 0.0971 0.0865 0.0802 
       H9555 10 0.0457 0.1301 0.1516 0.1497 0.2226 0.1668 0.1336 
       H9575 10 0.1283 0.0568 0.1396 0.1130 0.0894 0.1231 0.3499 
       H9703 10 0.3748 0.1340 0.0772 0.1104 0.0696 0.1205 0.1135 
       H9707 10 0.3901 0.0989 0.0812 0.1274 0.1177 0.0925 0.0922 
       HSAA4 10 0.0551 0.1200 0.1213 0.2061 0.2132 0.1575 0.1270 
        H001 11 0.1159 0.0719 0.2069 0.1253 0.1721 0.1727 0.1352 
        H004 11 0.1258 0.1329 0.1508 0.1029 0.1104 0.1919 0.1852 
        H005 11 0.4336 0.0555 0.1405 0.1008 0.0620 0.1158 0.0918 
        H006 11 0.0709 0.1552 0.2275 0.1138 0.0961 0.1417 0.1948 
        H007 11 0.3960 0.1468 0.1402 0.0595 0.0719 0.1042 0.0814 
        H031 11 0.2750 0.0603 0.1242 0.1354 0.1024 0.1104 0.1923 
        H074 11 0.1826 0.0643 0.0840 0.1380 0.2003 0.1760 0.1548 
        H075 11 0.1830 0.1039 0.1710 0.0545 0.1062 0.1737 0.2076 
        H080 11 0.2018 0.0835 0.1150 0.2348 0.1983 0.0962 0.0704 
        H086 11 0.0745 0.3253 0.1048 0.1774 0.1147 0.1352 0.0681 
        H092 11 0.1658 0.1483 0.1462 0.1330 0.1099 0.1771 0.1197 
        H093 11 0.0520 0.3774 0.1785 0.1004 0.1127 0.1102 0.0687 
        H094 11 0.0423 0.0600 0.1091 0.1808 0.2314 0.1553 0.2212 
        H095 11 0.2446 0.1000 0.1640 0.0952 0.1036 0.1479 0.1448 
        H096 11 0.2060 0.1057 0.2103 0.1470 0.0806 0.1460 0.1045 
        H099 11 0.1417 0.0939 0.1674 0.0987 0.1860 0.1614 0.1508 
        H100 11 0.0505 0.2689 0.1108 0.0908 0.2313 0.1475 0.1002 
        H127 11 0.1469 0.1189 0.1198 0.2615 0.1266 0.1124 0.1138 
        H136 11 0.3419 0.0466 0.0670 0.0649 0.0754 0.1072 0.2970 
        H153 11 0.1061 0.1628 0.1740 0.1238 0.1063 0.2090 0.1180 
        H154 11 0.1448 0.0421 0.1078 0.2115 0.1482 0.1452 0.2003 
        H155 11 0.0391 0.2322 0.1889 0.2202 0.1206 0.1500 0.0489 
        H156 11 0.0397 0.2170 0.1920 0.1644 0.1390 0.1728 0.0750 
        H161 11 0.1028 0.2251 0.1468 0.0696 0.1081 0.2085 0.1392 
        H162 11 0.0431 0.1174 0.1421 0.3378 0.2098 0.0878 0.0620 
        H167 11 0.0523 0.1997 0.2218 0.1305 0.0933 0.1403 0.1622 
        H168 11 0.0915 0.1446 0.1832 0.2206 0.1464 0.1356 0.0780 
     H169586 11 0.0775 0.0480 0.1106 0.0398 0.0412 0.1593 0.5236 
     H169738 11 0.0988 0.3052 0.1634 0.1743 0.1096 0.0910 0.0577 
     H169741 11 0.1478 0.0523 0.0687 0.0724 0.0513 0.1116 0.4958 
     H171801 11 0.0650 0.2453 0.1212 0.1187 0.2225 0.1291 0.0982 
     H171810 11 0.1985 0.0588 0.0870 0.0564 0.1096 0.1522 0.3376 
     H171811 11 0.0575 0.0377 0.0944 0.0884 0.1165 0.1591 0.4465 
     H171812 11 0.1039 0.1335 0.1559 0.0923 0.1137 0.2094 0.1912 
     H171820 11 0.1423 0.0847 0.1201 0.1226 0.1219 0.1750 0.2334 
     H171821 11 0.0633 0.0874 0.1851 0.2576 0.1550 0.1592 0.0924 
     H171822 11 0.0689 0.1068 0.1587 0.1869 0.1988 0.1732 0.1067 
     H171823 11 0.4133 0.0477 0.0839 0.0588 0.0795 0.1584 0.1584 
     H171866 11 0.1159 0.1788 0.1734 0.2146 0.1072 0.1371 0.0730 
     H171867 11 0.0708 0.2513 0.1880 0.1433 0.1510 0.1238 0.0718 
     H171967 11 0.2727 0.0800 0.1337 0.1011 0.1046 0.1599 0.1480 
     H171969 11 0.1046 0.2013 0.1431 0.1005 0.1204 0.1373 0.1928 
        H172 11 0.0817 0.1800 0.1782 0.1187 0.1172 0.1642 0.1600 
        H173 11 0.0625 0.2102 0.1745 0.1609 0.1679 0.1325 0.0914 
        H174 11 0.0238 0.0485 0.1448 0.1799 0.3737 0.1246 0.1048 
        H196 11 0.0305 0.0430 0.1098 0.5721 0.1760 0.0379 0.0307 
        H197 11 0.0433 0.1287 0.1671 0.1608 0.2517 0.1211 0.1273 
        H346 11 0.1806 0.2051 0.2261 0.0915 0.0597 0.1355 0.1015 
        H355 11 0.2570 0.1361 0.1564 0.0975 0.1111 0.1321 0.1097 
        H356 11 0.2374 0.2208 0.0953 0.1015 0.0969 0.1242 0.1240 
        H357 11 0.1840 0.0945 0.0995 0.1293 0.2394 0.1057 0.1476 
        H358 11 0.0545 0.1792 0.3050 0.0788 0.0762 0.1921 0.1142 
        H359 11 0.0656 0.0740 0.1484 0.2101 0.0912 0.1591 0.2516 
        H360 11 0.0529 0.3506 0.1235 0.0827 0.0978 0.1657 0.1269 
        H361 11 0.1178 0.3512 0.1969 0.0983 0.0720 0.1041 0.0597 
        H362 11 0.0318 0.2020 0.1849 0.2447 0.1591 0.1023 0.0752 
        H363 11 0.1690 0.0863 0.1718 0.1228 0.0572 0.1545 0.2383 
        H364 11 0.0654 0.0806 0.1977 0.0924 0.0565 0.1419 0.3654 
        H365 11 0.0860 0.2180 0.1146 0.0999 0.1522 0.1748 0.1544 
        H366 11 0.1035 0.1141 0.1568 0.2822 0.1538 0.1279 0.0617 
        H367 11 0.2260 0.0487 0.0778 0.3056 0.2189 0.0709 0.0521 
        H368 11 0.0390 0.0505 0.0985 0.1077 0.2066 0.1412 0.3565 
        H369 11 0.2829 0.0932 0.1618 0.1933 0.1014 0.0863 0.0811 
        H370 11 0.0443 0.1446 0.1590 0.2019 0.1497 0.1386 0.1620 
        H371 11 0.0764 0.1920 0.0976 0.1043 0.3136 0.1205 0.0956 
        H372 11 0.0556 0.1083 0.1944 0.1994 0.1101 0.1947 0.1374 
        H373 11 0.0618 0.1289 0.1480 0.1609 0.1862 0.1892 0.1250 
        H374 11 0.1518 0.1626 0.1402 0.1000 0.0844 0.2104 0.1507 
        H375 11 0.1423 0.1402 0.2126 0.1300 0.1232 0.1551 0.0965 
        H376 11 0.0630 0.1696 0.1376 0.1597 0.2002 0.1411 0.1289 
        H377 11 0.1804 0.1334 0.1213 0.0847 0.0862 0.1708 0.2232 
        H378 11 0.0845 0.0746 0.1501 0.1414 0.1577 0.2176 0.1742 
        H379 11 0.1021 0.1047 0.1789 0.1372 0.1901 0.1638 0.1233 
        H380 11 0.0652 0.1565 0.2793 0.1944 0.1006 0.1346 0.0695 
        H381 11 0.1857 0.0398 0.0952 0.0919 0.0713 0.1202 0.3959 
        H382 11 0.0290 0.1568 0.1972 0.2094 0.2039 0.1382 0.0656 
        H383 11 0.0369 0.1237 0.1573 0.2091 0.1123 0.1830 0.1778 
        H384 11 0.0915 0.0839 0.0891 0.0627 0.0397 0.1357 0.4974 
        H385 11 0.0781 0.0947 0.1177 0.1109 0.1674 0.2310 0.2002 
        H386 11 0.0404 0.1484 0.3525 0.1720 0.0923 0.1353 0.0592 
        H387 11 0.1153 0.0565 0.2482 0.1014 0.0856 0.2355 0.1574 
        H388 11 0.0454 0.2266 0.1330 0.2211 0.1189 0.1600 0.0950 
        H389 11 0.1751 0.1750 0.2307 0.0818 0.1216 0.1296 0.0862 
        H390 11 0.0450 0.1578 0.2093 0.0854 0.2251 0.1702 0.1072 
        H391 11 0.0314 0.0605 0.1346 0.1760 0.2340 0.2116 0.1519 
        H392 11 0.1340 0.1337 0.2804 0.0751 0.0506 0.1621 0.1641 
        H393 11 0.0743 0.3267 0.1104 0.0725 0.1624 0.1667 0.0870 
        H394 11 0.0756 0.2437 0.1401 0.1135 0.2016 0.1267 0.0987 
        H395 11 0.1601 0.0606 0.1463 0.2616 0.1027 0.0985 0.1702 
        H408 11 0.1244 0.1608 0.3126 0.1115 0.0630 0.1677 0.0601 
        H412 11 0.1369 0.0386 0.0761 0.1351 0.2279 0.1407 0.2447 
        H417 11 0.0963 0.0757 0.1044 0.0753 0.0851 0.1201 0.4430 
        H418 11 0.0794 0.0747 0.1219 0.2799 0.2134 0.1226 0.1080 
        H429 11 0.0814 0.1822 0.2874 0.0848 0.0757 0.1508 0.1378 
        H430 11 0.0542 0.2723 0.1231 0.0966 0.2741 0.1103 0.0694 
        H439 11 0.0655 0.1599 0.1507 0.1276 0.1209 0.1883 0.1871 
        H440 11 0.3027 0.0650 0.1393 0.0815 0.0583 0.1712 0.1820 
        H441 11 0.0368 0.0741 0.1289 0.4501 0.2232 0.0519 0.0349 
        H442 11 0.0709 0.0708 0.1616 0.3840 0.1074 0.1161 0.0892 
        H446 11 0.0981 0.1961 0.1983 0.1349 0.0864 0.1674 0.1188 
        H447 11 0.0360 0.1712 0.3456 0.1151 0.0770 0.1679 0.0871 
        H448 11 0.1081 0.1280 0.1516 0.2874 0.1713 0.1059 0.0476 
        H534 11 0.1501 0.0464 0.0837 0.1183 0.1345 0.2027 0.2643 
        H537 11 0.2354 0.1010 0.1269 0.2063 0.1504 0.1059 0.0741 
        H568 11 0.5137 0.0435 0.0590 0.0612 0.0718 0.0981 0.1527 
        H569 11 0.0364 0.4248 0.0537 0.0644 0.2709 0.1115 0.0383 
        H586 11 0.0759 0.0527 0.1057 0.0351 0.0627 0.1569 0.5110 
        H587 11 0.3045 0.0959 0.0887 0.0681 0.0742 0.1343 0.2342 
        H588 11 0.0573 0.1301 0.1577 0.1029 0.1186 0.2243 0.2092 
        H589 11 0.2618 0.0584 0.1213 0.0640 0.0554 0.1951 0.2440 
        H590 11 0.5460 0.0744 0.0870 0.0865 0.0548 0.0833 0.0681 
        H601 11 0.0873 0.3073 0.1013 0.1137 0.1857 0.1269 0.0778 
        H602 11 0.1206 0.0602 0.1202 0.3015 0.1895 0.1103 0.0977 
        H603 11 0.0511 0.2215 0.2701 0.1684 0.1075 0.1205 0.0609 
        H610 11 0.1250 0.2035 0.0965 0.1303 0.1488 0.1657 0.1303 
        H611 11 0.1862 0.0697 0.0734 0.0790 0.1547 0.1235 0.3136 
        H649 11 0.1058 0.1458 0.1253 0.0999 0.2230 0.1657 0.1344 
        H650 11 0.0599 0.1941 0.1599 0.1148 0.1492 0.1602 0.1620 
        H651 11 0.0956 0.1947 0.1699 0.2063 0.1067 0.1485 0.0782 
        H652 11 0.1150 0.1585 0.1687 0.1344 0.1267 0.1704 0.1264 
       H7364 11 0.0713 0.1472 0.1412 0.1186 0.1711 0.1989 0.1516 
       H7366 11 0.1270 0.2372 0.1600 0.1518 0.1219 0.1251 0.0771 
       H7378 11 0.0259 0.0766 0.0751 0.1340 0.5087 0.1016 0.0781 
       H7379 11 0.0859 0.2218 0.1086 0.1888 0.1282 0.1399 0.1268 
        H739 11 0.2837 0.0901 0.0700 0.0901 0.0994 0.1185 0.2482 
        H740 11 0.0657 0.1880 0.1622 0.1471 0.1751 0.1559 0.1060 
        H741 11 0.1457 0.0436 0.0646 0.0664 0.0494 0.0948 0.5355 
        H926 11 0.0960 0.2131 0.1086 0.1272 0.2120 0.1616 0.0813 
        H927 11 0.0394 0.1659 0.1207 0.2824 0.1256 0.1458 0.1202 
        H928 11 0.0604 0.1369 0.1177 0.1365 0.1957 0.1259 0.2270 
       H9560 11 0.0653 0.0700 0.1371 0.1391 0.1729 0.1522 0.2634 
