        H008  2 0.0983 0.0586 0.1105 0.0616 0.1156 0.2000 0.0417 0.0785 0.0446 0.1065 0.0841 
        H021  2 0.0488 0.1230 0.0927 0.1116 0.0616 0.0965 0.1201 0.0914 0.0379 0.1549 0.0613 
        H023  2 0.0529 0.0925 0.0732 0.0895 0.0480 0.0900 0.0976 0.0590 0.0896 0.0264 0.2811 
        H024  2 0.2958 0.0528 0.0673 0.0556 0.1065 0.0798 0.0412 0.0866 0.0377 0.1442 0.0324 
        H025  2 0.0239 0.0810 0.0928 0.0654 0.0426 0.0774 0.0414 0.0988 0.3552 0.0603 0.0612 
        H026  2 0.0737 0.1849 0.1344 0.1069 0.0487 0.0668 0.0570 0.1817 0.0168 0.1008 0.0283 
        H027  2 0.0608 0.0684 0.1004 0.0977 0.0446 0.0652 0.1124 0.0696 0.0262 0.2664 0.0883 
        H028  2 0.1466 0.0764 0.1429 0.0949 0.0296 0.1029 0.0470 0.1336 0.0735 0.0896 0.0629 
        H029  2 0.3107 0.0655 0.0931 0.1040 0.0312 0.0710 0.0757 0.0791 0.0204 0.0846 0.0647 
        H030  2 0.0654 0.0670 0.1321 0.0544 0.0333 0.0816 0.0426 0.0910 0.0279 0.3806 0.0241 
        H038  2 0.0770 0.1078 0.0688 0.1538 0.0874 0.0659 0.1971 0.0623 0.0416 0.0217 0.1167 
        H039  2 0.0225 0.0320 0.0234 0.0247 0.0191 0.0274 0.0229 0.0243 0.7603 0.0211 0.0224 
        H040  2 0.0495 0.1346 0.0916 0.0995 0.0800 0.1102 0.1462 0.0624 0.0845 0.0476 0.0939 
        H041  2 0.1866 0.0533 0.0861 0.0553 0.0459 0.1203 0.0362 0.0901 0.0826 0.1054 0.1383 
        H042  2 0.0711 0.0874 0.1093 0.0815 0.0749 0.1007 0.0793 0.0802 0.1103 0.0380 0.1673 
        H043  2 0.0221 0.0537 0.0419 0.1393 0.3120 0.0473 0.1336 0.0617 0.1362 0.0232 0.0291 
        H044  2 0.0423 0.0872 0.0919 0.0950 0.1969 0.0989 0.1012 0.1150 0.0274 0.0818 0.0624 
        H047  2 0.0833 0.1023 0.1149 0.0969 0.0990 0.0907 0.0549 0.1216 0.1370 0.0578 0.0415 
        H050  2 0.0492 0.0666 0.0906 0.0697 0.0644 0.0510 0.0475 0.0707 0.0223 0.4237 0.0443 
        H058  2 0.0357 0.0908 0.0679 0.0880 0.2736 0.0797 0.0956 0.1136 0.0567 0.0538 0.0447 
        H062  2 0.0343 0.0960 0.0829 0.1272 0.0298 0.0764 0.1231 0.0690 0.0817 0.0378 0.2417 
        H063  2 0.0620 0.0509 0.0584 0.0655 0.3254 0.0619 0.0574 0.0581 0.1511 0.0526 0.0566 
        H065  2 0.0306 0.1150 0.1446 0.1420 0.0453 0.0944 0.0420 0.1751 0.0853 0.0356 0.0899 
        H066  2 0.2025 0.1051 0.0732 0.1150 0.1274 0.0924 0.0784 0.1037 0.0210 0.0530 0.0285 
        H067  2 0.1001 0.1193 0.1238 0.0875 0.0347 0.1245 0.0480 0.1073 0.0244 0.0501 0.1804 
        H068  2 0.0324 0.0819 0.0504 0.0500 0.1048 0.0955 0.0966 0.0816 0.1785 0.0626 0.1656 
        H069  2 0.0491 0.0545 0.0702 0.2339 0.0464 0.0437 0.2449 0.0689 0.0370 0.0825 0.0688 
        H071  2 0.0667 0.1133 0.1003 0.1012 0.0537 0.1118 0.0951 0.0954 0.0702 0.0727 0.1196 
        H072  2 0.0323 0.0620 0.0514 0.0417 0.0774 0.0558 0.0493 0.0452 0.5056 0.0416 0.0375 
        H073  2 0.1125 0.0441 0.1119 0.1148 0.0349 0.1046 0.1369 0.1275 0.0367 0.0486 0.1277 
        H081  2 0.0944 0.0452 0.1331 0.0456 0.0483 0.1574 0.0447 0.0645 0.1478 0.0861 0.1328 
        H082  2 0.0430 0.0381 0.0795 0.0552 0.3177 0.0522 0.0344 0.0803 0.0387 0.2284 0.0324 
        H083  2 0.0352 0.0695 0.1093 0.0754 0.0704 0.1460 0.0586 0.1540 0.0396 0.1815 0.0605 
        H084  2 0.1282 0.1097 0.0555 0.1407 0.1181 0.0945 0.1122 0.0818 0.0358 0.0597 0.0639 
        H085  2 0.0378 0.0426 0.0990 0.0356 0.0211 0.0973 0.0503 0.0547 0.0484 0.4282 0.0848 
        H087  2 0.1005 0.0898 0.1119 0.0482 0.0384 0.1316 0.0394 0.0611 0.0369 0.0458 0.2964 
        H088  2 0.0486 0.0948 0.0914 0.1042 0.0917 0.1167 0.1053 0.0861 0.1338 0.0544 0.0730 
        H089  2 0.0780 0.0531 0.1105 0.0880 0.0547 0.0961 0.1115 0.0680 0.0425 0.0708 0.2269 
        H090  2 0.0578 0.0348 0.0879 0.0283 0.0497 0.0390 0.0226 0.0553 0.0384 0.5411 0.0452 
        H091  2 0.0360 0.0264 0.1054 0.0291 0.0170 0.0574 0.0298 0.0312 0.0188 0.6178 0.0312 
        H098  2 0.1371 0.0463 0.0643 0.0673 0.2172 0.1047 0.0332 0.0710 0.0844 0.0797 0.0946 
      H10001  2 0.0185 0.0420 0.0260 0.0293 0.0222 0.0327 0.0481 0.0301 0.6906 0.0332 0.0275 
      H10002  2 0.0504 0.1004 0.1347 0.0857 0.0398 0.1235 0.1222 0.0935 0.0904 0.0576 0.1018 
        H101  2 0.0405 0.0621 0.0848 0.0555 0.1158 0.0461 0.0818 0.0616 0.0202 0.3900 0.0417 
        H108  2 0.0431 0.0477 0.0795 0.0534 0.0298 0.0826 0.0379 0.0605 0.4040 0.0235 0.1381 
        H109  2 0.1459 0.0651 0.0604 0.0898 0.2424 0.0691 0.1012 0.0729 0.0818 0.0434 0.0282 
        H110  2 0.0917 0.0384 0.2012 0.0337 0.0360 0.1963 0.0301 0.0432 0.0188 0.0806 0.2301 
        H116  2 0.0942 0.0884 0.0966 0.1438 0.0798 0.1518 0.0526 0.1556 0.0301 0.0684 0.0389 
        H117  2 0.4331 0.0371 0.0893 0.0344 0.0476 0.0522 0.0311 0.0472 0.0188 0.1732 0.0360 
        H118  2 0.0399 0.0341 0.1027 0.0580 0.0348 0.0456 0.0339 0.0798 0.0198 0.4908 0.0605 
        H119  2 0.3759 0.0801 0.0752 0.0473 0.0288 0.1240 0.0486 0.0565 0.0436 0.0289 0.0912 
        H120  2 0.0388 0.0504 0.0492 0.0443 0.0230 0.0676 0.0511 0.0410 0.5089 0.0264 0.0992 
        H121  2 0.0255 0.0175 0.0851 0.0305 0.0152 0.0325 0.0244 0.0292 0.0228 0.6458 0.0715 
        H125  2 0.0723 0.0794 0.0308 0.0432 0.0295 0.0828 0.0669 0.0464 0.5011 0.0207 0.0269 
        H126  2 0.0384 0.0559 0.1350 0.1229 0.0320 0.1010 0.0464 0.1681 0.1557 0.0576 0.0870 
        H128  2 0.0280 0.0171 0.1011 0.0237 0.0146 0.0198 0.0159 0.0209 0.0090 0.7328 0.0172 
        H129  2 0.0461 0.0864 0.0969 0.1527 0.0981 0.1688 0.0461 0.1749 0.0255 0.0398 0.0647 
        H130  2 0.0154 0.1521 0.0779 0.0622 0.0458 0.1043 0.1428 0.1159 0.1793 0.0622 0.0422 
        H133  2 0.0332 0.0619 0.0640 0.0818 0.0298 0.0899 0.0554 0.0777 0.4185 0.0525 0.0352 
        H134  2 0.0429 0.1362 0.1527 0.1848 0.0311 0.0789 0.0320 0.2393 0.0220 0.0413 0.0387 
        H135  2 0.0916 0.0808 0.1238 0.0996 0.0411 0.1096 0.0783 0.1100 0.0950 0.0658 0.1044 
        H137  2 0.2824 0.0711 0.0841 0.0590 0.1146 0.0790 0.0342 0.0682 0.0471 0.1227 0.0376 
        H138  2 0.0385 0.1313 0.1619 0.1413 0.0478 0.0887 0.1164 0.1758 0.0175 0.0373 0.0435 
        H140  2 0.0866 0.0803 0.0948 0.0591 0.0304 0.0699 0.0665 0.0722 0.1091 0.2743 0.0568 
        H146  2 0.0548 0.0302 0.1007 0.0411 0.0252 0.0309 0.0348 0.0435 0.0335 0.5816 0.0238 
        H147  2 0.1103 0.0406 0.1307 0.0393 0.0361 0.1769 0.0515 0.0638 0.0318 0.2220 0.0971 
        H148  2 0.1822 0.0871 0.1061 0.0643 0.0621 0.0932 0.0691 0.0684 0.0273 0.1612 0.0788 
     H166022  2 0.2202 0.0819 0.1304 0.0789 0.0572 0.0943 0.0836 0.0868 0.0225 0.0570 0.0871 
     H167359  2 0.0470 0.1024 0.0898 0.1325 0.0375 0.1140 0.1979 0.1069 0.0507 0.0717 0.0496 
     H167397  2 0.2303 0.0492 0.1203 0.0586 0.1120 0.1060 0.0390 0.0701 0.0133 0.1452 0.0559 
     H167428  2 0.0433 0.0437 0.0836 0.0523 0.0453 0.0722 0.0263 0.0930 0.0231 0.3012 0.2160 
     H167496  2 0.0579 0.0482 0.0602 0.0488 0.0361 0.0736 0.0549 0.0428 0.4542 0.0535 0.0698 
     H167513  2 0.0143 0.0187 0.0155 0.0151 0.8251 0.0180 0.0179 0.0209 0.0195 0.0182 0.0168 
     H167545  2 0.0418 0.1303 0.1961 0.1051 0.0515 0.0757 0.1075 0.0889 0.0306 0.0343 0.1381 
     H167547  2 0.7000 0.0258 0.0200 0.0231 0.1030 0.0245 0.0220 0.0338 0.0154 0.0173 0.0152 
     H169621  2 0.0766 0.0570 0.1069 0.0497 0.0330 0.0673 0.0551 0.0724 0.0253 0.4228 0.0340 
     H169622  2 0.0491 0.0715 0.1006 0.1910 0.0359 0.0893 0.2439 0.0790 0.0201 0.0420 0.0777 
     H169750  2 0.0754 0.1277 0.0952 0.1046 0.0410 0.1178 0.0923 0.1184 0.0845 0.1048 0.0382 
     H171806  2 0.1691 0.0682 0.0650 0.0870 0.0311 0.0878 0.0740 0.1318 0.0575 0.1413 0.0872 
     H171808  2 0.0492 0.1015 0.0900 0.1992 0.0381 0.0847 0.1663 0.0737 0.0307 0.0545 0.1122 
     H171809  2 0.0674 0.0882 0.1064 0.0927 0.0570 0.0961 0.0973 0.1036 0.0551 0.0346 0.2016 
     H171813  2 0.0647 0.1630 0.1034 0.0982 0.0571 0.0896 0.0959 0.1402 0.0421 0.0870 0.0586 
     H171815  2 0.0346 0.0623 0.0531 0.1034 0.0725 0.0480 0.0668 0.0695 0.4152 0.0280 0.0465 
     H171824  2 0.1521 0.1592 0.0885 0.0708 0.0247 0.1053 0.0889 0.0780 0.0686 0.0729 0.0911 
     H171825  2 0.0436 0.0863 0.1229 0.1642 0.0200 0.0857 0.1794 0.1202 0.0277 0.0309 0.1191 
     H171826  2 0.1127 0.1392 0.1191 0.0805 0.1524 0.0836 0.0735 0.0932 0.0460 0.0584 0.0414 
     H171827  2 0.0607 0.0832 0.1428 0.0873 0.0617 0.1758 0.0982 0.1014 0.0208 0.0652 0.1029 
     H171828  2 0.0492 0.0435 0.0414 0.0314 0.0262 0.0818 0.0470 0.0442 0.5254 0.0449 0.0650 
     H171829  2 0.0662 0.1265 0.0741 0.0982 0.0946 0.0838 0.1186 0.1593 0.0743 0.0583 0.0460 
     H171830  2 0.0974 0.0348 0.0791 0.0539 0.2726 0.1123 0.0649 0.0666 0.0949 0.0537 0.0698 
     H171831  2 0.0767 0.0562 0.0856 0.0805 0.3175 0.0533 0.0423 0.1109 0.0224 0.0676 0.0871 
     H171832  2 0.0462 0.1108 0.1641 0.1581 0.0529 0.0694 0.0834 0.1591 0.0458 0.0454 0.0649 
     H171863  2 0.0515 0.0834 0.0881 0.1430 0.0732 0.0855 0.1345 0.1502 0.0206 0.1225 0.0474 
     H171864  2 0.1169 0.0478 0.0568 0.0472 0.3187 0.0705 0.0369 0.0550 0.0643 0.0691 0.1167 
     H171865  2 0.0714 0.0458 0.0437 0.0758 0.0587 0.0642 0.0374 0.0588 0.4722 0.0304 0.0416 
     H171879  2 0.3108 0.0701 0.0522 0.0745 0.0453 0.1049 0.0700 0.0928 0.0374 0.1040 0.0380 
     H171880  2 0.2505 0.0677 0.0958 0.0735 0.0722 0.0514 0.0657 0.0730 0.0232 0.1946 0.0325 
     H171881  2 0.0566 0.1170 0.1155 0.1062 0.0876 0.1263 0.0785 0.1222 0.0289 0.0937 0.0675 
     H171882  2 0.0205 0.0212 0.0208 0.0234 0.0202 0.0243 0.0225 0.0220 0.7783 0.0237 0.0231 
     H171929  2 0.0787 0.0591 0.0902 0.0621 0.1222 0.0970 0.0577 0.0951 0.1060 0.1736 0.0583 
     H171930  2 0.0909 0.0946 0.1564 0.0843 0.0932 0.0809 0.0896 0.0968 0.0195 0.0706 0.1232 
     H171933  2 0.1900 0.0899 0.0951 0.0819 0.0248 0.0868 0.0863 0.0776 0.0366 0.1794 0.0514 
     H171934  2 0.1140 0.1314 0.0950 0.0658 0.0487 0.1014 0.0991 0.0804 0.0419 0.0581 0.1641 
     H171937  2 0.0316 0.0683 0.1248 0.1379 0.0931 0.1072 0.0596 0.1916 0.0477 0.0420 0.0961 
     H171962  2 0.0433 0.0744 0.1286 0.1252 0.0757 0.1124 0.0994 0.1390 0.0369 0.0474 0.1176 
        H190  2 0.0627 0.0820 0.1191 0.1057 0.1034 0.1315 0.0583 0.1309 0.0384 0.0796 0.0882 
        H191  2 0.1923 0.0561 0.0664 0.0552 0.1151 0.1044 0.0468 0.1111 0.1210 0.0573 0.0744 
        H396  2 0.0686 0.0686 0.0807 0.0944 0.0215 0.1268 0.0793 0.0730 0.0743 0.0835 0.2294 
        H397  2 0.0465 0.0866 0.1046 0.0812 0.0386 0.0963 0.1217 0.1293 0.0534 0.1357 0.1062 
        H398  2 0.0386 0.1307 0.1605 0.1132 0.0488 0.0840 0.1142 0.1274 0.0607 0.0682 0.0536 
        H400  2 0.0390 0.0707 0.0959 0.1292 0.0540 0.0829 0.1640 0.0872 0.0530 0.0521 0.1720 
        H401  2 0.6409 0.0201 0.0260 0.0252 0.1443 0.0215 0.0150 0.0340 0.0185 0.0394 0.0150 
        H402  2 0.1570 0.0702 0.1186 0.0659 0.1272 0.1576 0.0693 0.0740 0.0160 0.0637 0.0803 
        H427  2 0.1169 0.0547 0.0870 0.0888 0.0305 0.1206 0.0575 0.0767 0.0364 0.0453 0.2855 
        H428  2 0.0454 0.0341 0.0931 0.0514 0.0406 0.0797 0.0252 0.1064 0.0216 0.3134 0.1889 
        H497  2 0.0184 0.0317 0.0407 0.0375 0.6215 0.0324 0.0348 0.0461 0.0802 0.0286 0.0282 
        H512  2 0.1946 0.0584 0.0582 0.0574 0.2132 0.0905 0.0660 0.0966 0.0343 0.0859 0.0449 
        H513  2 0.0149 0.0186 0.0160 0.0151 0.8314 0.0138 0.0154 0.0200 0.0224 0.0170 0.0154 
        H514  2 0.0290 0.0919 0.1099 0.1307 0.1816 0.1207 0.0988 0.1105 0.0347 0.0505 0.0418 
        H519  2 0.0184 0.0212 0.0171 0.0186 0.8114 0.0160 0.0196 0.0185 0.0221 0.0191 0.0181 
        H532  2 0.0908 0.0977 0.0678 0.1480 0.0298 0.0729 0.1712 0.0833 0.0198 0.0633 0.1553 
        H543  2 0.0941 0.0924 0.1147 0.0793 0.0491 0.1339 0.0853 0.0878 0.0169 0.1453 0.1012 
        H544  2 0.0225 0.0705 0.1083 0.1361 0.0444 0.0832 0.1458 0.1506 0.1146 0.0799 0.0442 
        H545  2 0.0475 0.1379 0.1851 0.1146 0.0499 0.0678 0.0943 0.1119 0.0247 0.0383 0.1279 
        H546  2 0.0381 0.0555 0.0795 0.0807 0.0516 0.0663 0.0487 0.0720 0.4191 0.0345 0.0540 
        H547  2 0.6970 0.0274 0.0184 0.0231 0.0987 0.0250 0.0208 0.0418 0.0145 0.0186 0.0148 
        H548  2 0.1178 0.0519 0.0827 0.1093 0.0726 0.0930 0.1337 0.0738 0.0453 0.0481 0.1718 
        H549  2 0.0380 0.0818 0.0351 0.1208 0.4498 0.0292 0.1189 0.0286 0.0242 0.0298 0.0437 
        H620  2 0.0268 0.0205 0.0196 0.0183 0.0166 0.0305 0.0225 0.0239 0.7786 0.0153 0.0276 
        H623  2 0.0323 0.0728 0.1464 0.0902 0.1669 0.0676 0.0388 0.1400 0.0718 0.0705 0.1027 
        H624  2 0.0168 0.1144 0.0617 0.2422 0.0325 0.0369 0.3231 0.0570 0.0531 0.0254 0.0370 
        H625  2 0.0846 0.0848 0.0793 0.0948 0.0678 0.1191 0.0737 0.0894 0.0551 0.0415 0.2098 
        H626  2 0.1289 0.0591 0.0833 0.1114 0.2116 0.0646 0.1338 0.0834 0.0346 0.0259 0.0635 
        H654  2 0.0195 0.0574 0.0330 0.0903 0.0727 0.0388 0.1103 0.0408 0.4815 0.0170 0.0387 
        H655  2 0.0306 0.1716 0.0689 0.1134 0.0234 0.1068 0.1933 0.0910 0.0572 0.0952 0.0485 
        H656  2 0.0193 0.0207 0.0314 0.0240 0.0156 0.0277 0.0258 0.0226 0.7497 0.0176 0.0456 
        H666  2 0.0299 0.0373 0.0424 0.0365 0.0318 0.0330 0.0296 0.0413 0.5861 0.1133 0.0188 
        H667  2 0.1053 0.0746 0.1778 0.0566 0.0265 0.1773 0.0792 0.0589 0.0202 0.0363 0.1874 
        H677  2 0.0941 0.1028 0.1043 0.1149 0.0158 0.0909 0.2024 0.0808 0.0398 0.0638 0.0904 
        H693  2 0.0502 0.0517 0.0488 0.0505 0.0649 0.1059 0.0384 0.0511 0.1609 0.0256 0.3520 
        H694  2 0.0272 0.0801 0.1295 0.0776 0.1214 0.0860 0.0510 0.1140 0.0688 0.0931 0.1514 
        H701  2 0.0369 0.1062 0.1296 0.0933 0.0872 0.0981 0.1271 0.0977 0.0226 0.1348 0.0665 
        H702  2 0.0905 0.1283 0.1170 0.0860 0.1278 0.1241 0.0890 0.0902 0.0360 0.0600 0.0509 
        H731  2 0.0773 0.1021 0.0986 0.0592 0.0231 0.0971 0.0818 0.0807 0.1403 0.1666 0.0732 
       H7359  2 0.0560 0.1144 0.0788 0.1102 0.0283 0.1286 0.2134 0.1020 0.0459 0.0729 0.0495 
       H7389  2 0.1327 0.0945 0.0604 0.0939 0.0816 0.1139 0.1099 0.1184 0.0329 0.0690 0.0930 
       H7390  2 0.0421 0.1843 0.0755 0.1533 0.0541 0.1032 0.1786 0.0756 0.0465 0.0519 0.0347 
       H7391  2 0.2470 0.0429 0.0861 0.0416 0.0504 0.0994 0.0323 0.0523 0.0507 0.0522 0.2452 
       H7392  2 0.0506 0.1216 0.0794 0.1640 0.0203 0.0961 0.1497 0.1074 0.0631 0.1112 0.0366 
       H7393  2 0.1036 0.1041 0.0811 0.1005 0.1071 0.0651 0.1243 0.0804 0.1026 0.0942 0.0370 
       H7398  2 0.0859 0.0469 0.0914 0.0628 0.0659 0.1154 0.0410 0.0809 0.0756 0.1828 0.1515 
       H7399  2 0.0505 0.0998 0.1471 0.0627 0.0255 0.1492 0.0797 0.0928 0.0164 0.1245 0.1519 
       H7400  2 0.0167 0.0276 0.0236 0.0372 0.0152 0.0221 0.0347 0.0185 0.7581 0.0144 0.0318 
        H745  2 0.0254 0.1076 0.1022 0.1105 0.2452 0.0601 0.0318 0.1778 0.0221 0.0767 0.0407 
        H746  2 0.0687 0.0684 0.1759 0.0608 0.0240 0.1981 0.1032 0.0719 0.0165 0.0389 0.1737 
        H747  2 0.0605 0.1002 0.0460 0.0726 0.0637 0.0648 0.1061 0.0744 0.2389 0.1247 0.0481 
        H748  2 0.1022 0.1019 0.1106 0.1143 0.0837 0.0981 0.1375 0.1055 0.0411 0.0561 0.0490 
       H7484  2 0.0497 0.0354 0.0330 0.0400 0.0295 0.0479 0.0291 0.0508 0.5748 0.0436 0.0661 
       H7485  2 0.0247 0.0375 0.0474 0.0599 0.5554 0.0496 0.0653 0.0616 0.0347 0.0264 0.0375 
        H749  2 0.0504 0.0595 0.1235 0.1931 0.0557 0.0819 0.1835 0.0729 0.0187 0.0271 0.1337 
        H930  2 0.1168 0.0774 0.1291 0.0859 0.1176 0.0892 0.0811 0.0840 0.0219 0.0865 0.1105 
        H931  2 0.1118 0.0546 0.0893 0.0785 0.0653 0.0983 0.0686 0.1220 0.1008 0.0800 0.1307 
        H932  2 0.2159 0.0976 0.0766 0.0999 0.0427 0.0888 0.1147 0.1148 0.0269 0.0606 0.0615 
        H002  4 0.0360 0.0791 0.1165 0.1117 0.0517 0.1053 0.0584 0.1208 0.2410 0.0211 0.0583 
        H003  4 0.0943 0.0358 0.2110 0.0415 0.0187 0.2443 0.0432 0.0617 0.0186 0.0323 0.1985 
        H009  4 0.0273 0.1031 0.1423 0.1400 0.0793 0.1100 0.1209 0.1409 0.0278 0.0536 0.0548 
        H010  4 0.1726 0.1164 0.1009 0.0801 0.0267 0.0865 0.0889 0.1413 0.0312 0.0982 0.0572 
        H011  4 0.0314 0.0632 0.0658 0.0505 0.0896 0.0888 0.0486 0.0522 0.2753 0.0315 0.2030 
        H012  4 0.0929 0.0789 0.1547 0.0697 0.0554 0.1216 0.1162 0.0686 0.0392 0.1198 0.0829 
        H013  4 0.0881 0.0524 0.0967 0.0537 0.0596 0.1874 0.0430 0.0854 0.1395 0.0446 0.1495 
        H014  4 0.0852 0.1644 0.1291 0.1075 0.0651 0.1022 0.0662 0.1254 0.0318 0.0658 0.0573 
        H045  4 0.0780 0.0431 0.0489 0.0421 0.1008 0.0921 0.0335 0.0552 0.2253 0.0853 0.1957 
        H046  4 0.0657 0.0937 0.1620 0.1015 0.0227 0.1089 0.0720 0.1551 0.0419 0.0443 0.1322 
        H051  4 0.0554 0.0570 0.0960 0.0588 0.0479 0.1440 0.0479 0.0750 0.2302 0.0572 0.1306 
        H052  4 0.0284 0.0629 0.0689 0.0474 0.0442 0.0719 0.0555 0.1067 0.3664 0.0633 0.0845 
        H053  4 0.0465 0.1556 0.1107 0.1111 0.0402 0.1067 0.1521 0.0951 0.0419 0.0945 0.0454 
        H056  4 0.0502 0.0536 0.0606 0.0615 0.0771 0.0579 0.0544 0.0732 0.4429 0.0274 0.0412 
        H076  4 0.2139 0.1260 0.0777 0.1022 0.0665 0.0945 0.0510 0.1565 0.0222 0.0448 0.0448 
        H151  4 0.0345 0.2701 0.0810 0.0893 0.0737 0.0991 0.1210 0.0968 0.0514 0.0490 0.0340 
        H152  4 0.0278 0.1133 0.1109 0.0698 0.0269 0.0958 0.0722 0.1055 0.2046 0.0436 0.1296 
     H171803  4 0.0813 0.1591 0.0772 0.1302 0.0436 0.1216 0.1524 0.0660 0.0241 0.0384 0.1062 
     H171804  4 0.1114 0.0903 0.0823 0.0640 0.0995 0.0955 0.0881 0.0786 0.1156 0.0527 0.1219 
     H171833  4 0.0365 0.1094 0.1019 0.1733 0.0761 0.1684 0.0799 0.1527 0.0189 0.0391 0.0438 
     H171855  4 0.0494 0.0899 0.0709 0.0998 0.2046 0.1149 0.0858 0.0748 0.1480 0.0188 0.0429 
     H171856  4 0.0629 0.1187 0.0896 0.1005 0.1388 0.0714 0.1139 0.0922 0.0267 0.1140 0.0713 
     H171857  4 0.0917 0.0780 0.1048 0.0859 0.1911 0.0842 0.0695 0.0854 0.1246 0.0306 0.0543 
     H171858  4 0.0845 0.1486 0.1214 0.1041 0.0294 0.0805 0.1141 0.1108 0.0653 0.0719 0.0693 
     H171859  4 0.1416 0.0865 0.0936 0.1053 0.0440 0.1447 0.0706 0.1128 0.0748 0.0622 0.0638 
     H171961  4 0.0495 0.0795 0.0598 0.0926 0.1952 0.0694 0.0885 0.0989 0.1225 0.0416 0.1024 
        H198  4 0.0687 0.0949 0.1592 0.0903 0.0425 0.1456 0.0715 0.1466 0.0148 0.0662 0.0997 
      H20001  4 0.0202 0.1100 0.0707 0.1093 0.3690 0.0523 0.0834 0.0805 0.0152 0.0301 0.0591 
        H403  4 0.1842 0.0845 0.0636 0.0935 0.1263 0.0941 0.0892 0.0961 0.0579 0.0548 0.0560 
        H404  4 0.0415 0.0634 0.1236 0.1030 0.0620 0.1283 0.0878 0.1302 0.0291 0.0951 0.1361 
        H405  4 0.1361 0.0789 0.1246 0.1076 0.0580 0.0905 0.0656 0.1431 0.0312 0.0407 0.1237 
        H406  4 0.4278 0.0424 0.0427 0.0583 0.1618 0.0349 0.0350 0.0612 0.0842 0.0294 0.0222 
        H407  4 0.1604 0.1076 0.0516 0.1050 0.0633 0.0769 0.1277 0.0838 0.0292 0.1059 0.0887 
        H410  4 0.6859 0.0191 0.0220 0.0192 0.1099 0.0360 0.0184 0.0234 0.0154 0.0229 0.0279 
        H411  4 0.0512 0.1220 0.1518 0.1024 0.1830 0.0774 0.0579 0.1248 0.0251 0.0712 0.0332 
        H468  4 0.0924 0.1826 0.0747 0.1213 0.0752 0.1001 0.1349 0.1144 0.0247 0.0361 0.0435 
        H476  4 0.0571 0.1423 0.0829 0.1247 0.0583 0.0887 0.1688 0.0959 0.0754 0.0699 0.0360 
        H477  4 0.0293 0.1282 0.1640 0.1365 0.0563 0.0727 0.1491 0.1254 0.0134 0.0287 0.0964 
        H478  4 0.0805 0.0567 0.1758 0.0718 0.0988 0.1405 0.0965 0.0590 0.0224 0.0246 0.1734 
        H479  4 0.0443 0.0454 0.0710 0.0720 0.0371 0.1020 0.0524 0.0808 0.2721 0.0819 0.1409 
        H480  4 0.0792 0.1097 0.1115 0.1216 0.0964 0.0806 0.1185 0.1280 0.0207 0.0894 0.0443 
        H498  4 0.0920 0.0739 0.1541 0.0719 0.0365 0.1778 0.0684 0.0944 0.0565 0.1016 0.0727 
        H499  4 0.0413 0.1155 0.0915 0.1024 0.0913 0.0970 0.0868 0.1127 0.0482 0.0320 0.1813 
        H500  4 0.0588 0.0920 0.0752 0.0968 0.0499 0.0901 0.1684 0.0603 0.1677 0.0459 0.0950 
        H515  4 0.0793 0.1376 0.1050 0.1102 0.0811 0.0778 0.1101 0.0945 0.0887 0.0708 0.0449 
        H516  4 0.0470 0.1581 0.0775 0.0987 0.0429 0.1191 0.1102 0.1325 0.0350 0.1489 0.0301 
        H517  4 0.5710 0.0450 0.0363 0.0359 0.0544 0.0757 0.0344 0.0455 0.0319 0.0323 0.0377 
        H518  4 0.0421 0.1205 0.0806 0.0870 0.0567 0.0920 0.0957 0.1152 0.1975 0.0486 0.0642 
        H520  4 0.0791 0.1621 0.0803 0.0902 0.0808 0.1098 0.1149 0.0888 0.1003 0.0583 0.0353 
        H521  4 0.0638 0.1138 0.0867 0.0822 0.1007 0.1206 0.0644 0.1037 0.0332 0.0685 0.1624 
        H522  4 0.0408 0.1728 0.0864 0.1033 0.0498 0.0961 0.1774 0.0880 0.0266 0.0859 0.0728 
        H523  4 0.0493 0.1349 0.0912 0.0592 0.0492 0.0779 0.0975 0.0908 0.0741 0.2475 0.0285 
        H536  4 0.0642 0.0633 0.1061 0.0898 0.0281 0.1135 0.0836 0.1748 0.0461 0.0403 0.1902 
        H645  4 0.0825 0.0481 0.0767 0.0499 0.0449 0.1021 0.0460 0.0666 0.0947 0.0283 0.3601 
        H646  4 0.0501 0.1244 0.0996 0.0627 0.0304 0.0651 0.0664 0.0986 0.0177 0.3529 0.0321 
        H647  4 0.0426 0.1024 0.0531 0.2085 0.0423 0.0686 0.2903 0.0807 0.0237 0.0467 0.0412 
        H657  4 0.3275 0.0628 0.0673 0.0716 0.0602 0.1111 0.0726 0.1021 0.0206 0.0484 0.0558 
        H658  4 0.0331 0.1551 0.0735 0.1484 0.0230 0.0795 0.1789 0.0933 0.0271 0.1414 0.0468 
        H659  4 0.0407 0.0872 0.0682 0.1469 0.2300 0.0822 0.1444 0.0659 0.0673 0.0212 0.0462 
        H660  4 0.0289 0.0764 0.0841 0.1178 0.1639 0.0798 0.1320 0.0916 0.0629 0.0791 0.0835 
        H661  4 0.0359 0.1434 0.0838 0.0790 0.2641 0.0632 0.1386 0.0778 0.0373 0.0351 0.0418 
        H668  4 0.0959 0.1130 0.1742 0.0862 0.0433 0.1243 0.0740 0.1156 0.0242 0.0435 0.1058 
        H669  4 0.0700 0.0836 0.0922 0.0910 0.0892 0.0994 0.0762 0.0883 0.0769 0.1609 0.0723 
        H670  4 0.0820 0.1078 0.1295 0.0774 0.0240 0.1083 0.0756 0.0614 0.0620 0.0316 0.2404 
        H678  4 0.0478 0.0767 0.0567 0.0765 0.4091 0.0502 0.1094 0.0616 0.0202 0.0515 0.0403 
        H679  4 0.1134 0.0702 0.0863 0.1026 0.0870 0.0964 0.1056 0.1208 0.0435 0.1139 0.0602 
        H680  4 0.0641 0.0809 0.0413 0.0725 0.4606 0.0842 0.0390 0.0710 0.0158 0.0230 0.0476 
        H681  4 0.0619 0.0496 0.1629 0.0691 0.0344 0.1459 0.0908 0.0725 0.1201 0.0630 0.1297 
        H682  4 0.1994 0.0913 0.1212 0.0757 0.0636 0.1103 0.0901 0.0822 0.0298 0.0612 0.0753 
        H683  4 0.0351 0.0653 0.0613 0.0931 0.0427 0.0657 0.0642 0.0828 0.3118 0.1489 0.0291 
        H718  4 0.0411 0.0285 0.0373 0.0276 0.0238 0.0363 0.0305 0.0341 0.6378 0.0672 0.0357 
        H719  4 0.0494 0.0513 0.0708 0.0436 0.1299 0.1226 0.0417 0.0659 0.0944 0.1004 0.2299 
        H720  4 0.0217 0.0361 0.0452 0.0391 0.4725 0.0473 0.0391 0.0563 0.1196 0.0218 0.1015 
        H721  4 0.0549 0.1145 0.0819 0.1149 0.0517 0.0991 0.1004 0.1667 0.0849 0.0336 0.0975 
        H722  4 0.0267 0.0410 0.0642 0.1111 0.1905 0.0457 0.0596 0.1546 0.2180 0.0519 0.0367 
        H723  4 0.1558 0.0762 0.0644 0.0598 0.0461 0.0678 0.0965 0.0629 0.2479 0.0557 0.0671 
        H724  4 0.1090 0.1010 0.0410 0.0579 0.0406 0.1005 0.1124 0.0492 0.2618 0.0536 0.0730 
        H725  4 0.0485 0.1010 0.0487 0.0628 0.0365 0.0772 0.0881 0.0764 0.3795 0.0379 0.0435 
        H726  4 0.0779 0.1397 0.0749 0.0821 0.0561 0.0778 0.1143 0.0959 0.1772 0.0593 0.0449 
        H727  4 0.1173 0.1468 0.0740 0.0627 0.0578 0.1142 0.0852 0.0893 0.0750 0.0595 0.1182 
        H910  4 0.0749 0.1036 0.0775 0.0606 0.1091 0.0967 0.0762 0.0703 0.1105 0.0741 0.1465 
        H911  4 0.4947 0.0445 0.0483 0.0470 0.0534 0.0585 0.0331 0.0763 0.0601 0.0505 0.0335 
        H912  4 0.1077 0.0816 0.0736 0.1360 0.1623 0.0854 0.1120 0.1001 0.0559 0.0428 0.0426 
        H913  4 0.0354 0.1288 0.0699 0.1049 0.0235 0.0656 0.1901 0.0613 0.0413 0.2475 0.0317 
        H914  4 0.0623 0.1330 0.0883 0.1125 0.0424 0.0851 0.1243 0.0774 0.0511 0.1040 0.1195 
        H915  4 0.1393 0.0866 0.0761 0.1390 0.1268 0.0905 0.1148 0.0941 0.0314 0.0393 0.0620 
        H916  4 0.0452 0.1008 0.0736 0.0974 0.2415 0.0586 0.1236 0.1049 0.0328 0.0612 0.0604 
       H9572  4 0.1248 0.1009 0.0668 0.0879 0.2553 0.1069 0.0560 0.0672 0.0488 0.0459 0.0396 
        H015  5 0.0608 0.0997 0.1094 0.0649 0.2354 0.0977 0.0490 0.0872 0.0226 0.0510 0.1223 
        H016  5 0.0478 0.0644 0.0827 0.1737 0.0282 0.0965 0.1362 0.1680 0.0399 0.1151 0.0474 
        H017  5 0.0284 0.1313 0.0949 0.1373 0.1269 0.0784 0.1036 0.1396 0.0277 0.0854 0.0465 
        H019  5 0.0429 0.0952 0.1456 0.0938 0.0595 0.0942 0.0823 0.1302 0.1104 0.0756 0.0703 
        H020  5 0.0197 0.0400 0.0706 0.0824 0.0642 0.0530 0.0631 0.0665 0.0590 0.2153 0.2661 
        H032  5 0.1317 0.1108 0.0897 0.1073 0.0444 0.1168 0.0819 0.1293 0.0872 0.0500 0.0507 
        H033  5 0.0462 0.0793 0.1372 0.0763 0.0592 0.1577 0.0705 0.1008 0.0308 0.1232 0.1188 
        H034  5 0.1189 0.1725 0.1211 0.0651 0.0478 0.1009 0.0745 0.0882 0.0954 0.0528 0.0628 
        H035  5 0.0654 0.1184 0.0664 0.1508 0.0906 0.0989 0.1383 0.1163 0.0248 0.0860 0.0441 
        H036  5 0.0758 0.0675 0.0777 0.0784 0.1659 0.0736 0.0629 0.0874 0.0321 0.0810 0.1978 
        H037  5 0.0266 0.1483 0.0747 0.1780 0.0348 0.0647 0.2004 0.0627 0.0300 0.0587 0.1213 
        H048  5 0.1390 0.0840 0.0474 0.0788 0.0487 0.1234 0.0927 0.0702 0.1372 0.0265 0.1521 
        H049  5 0.0250 0.0809 0.1577 0.1379 0.0765 0.0770 0.0551 0.1233 0.0552 0.0445 0.1668 
        H054  5 0.1723 0.0907 0.0977 0.1014 0.0450 0.0953 0.0620 0.1400 0.0638 0.0598 0.0719 
        H055  5 0.0510 0.2246 0.1110 0.0726 0.0294 0.0958 0.1164 0.1200 0.0465 0.0588 0.0739 
        H057  5 0.0228 0.0732 0.1001 0.1592 0.0479 0.1142 0.0952 0.2384 0.0463 0.0419 0.0608 
        H060  5 0.0300 0.1670 0.1017 0.1617 0.0238 0.0657 0.1578 0.1004 0.0913 0.0362 0.0644 
        H061  5 0.1120 0.1015 0.1490 0.0832 0.0268 0.0900 0.1613 0.0851 0.0244 0.0415 0.1252 
        H064  5 0.0366 0.0725 0.1014 0.0827 0.0543 0.1380 0.0507 0.0970 0.1918 0.0816 0.0934 
        H070  5 0.0599 0.1399 0.1337 0.0568 0.0446 0.0962 0.1182 0.0756 0.1035 0.1013 0.0702 
        H077  5 0.0509 0.0977 0.0653 0.0432 0.0592 0.0516 0.0876 0.0507 0.4322 0.0336 0.0280 
        H078  5 0.0453 0.1369 0.0811 0.1263 0.0795 0.1057 0.1041 0.1192 0.0570 0.1122 0.0327 
        H079  5 0.0440 0.0596 0.1103 0.0700 0.0388 0.0834 0.0791 0.0882 0.0240 0.3027 0.0998 
        H097  5 0.0508 0.0965 0.0982 0.1374 0.0248 0.0962 0.1141 0.1539 0.1178 0.0791 0.0312 
        H107  5 0.0648 0.1042 0.0778 0.0689 0.0290 0.1432 0.0840 0.0696 0.1809 0.0418 0.1359 
        H122  5 0.0767 0.1324 0.0780 0.1786 0.0364 0.0597 0.1966 0.1047 0.0171 0.0743 0.0454 
        H123  5 0.2521 0.0690 0.0814 0.0879 0.0397 0.0974 0.0879 0.1165 0.0169 0.1058 0.0453 
        H124  5 0.2504 0.0630 0.0737 0.1265 0.0241 0.0956 0.1401 0.0809 0.0196 0.0760 0.0501 
        H131  5 0.0964 0.0810 0.1102 0.0713 0.0401 0.0806 0.0433 0.1062 0.0219 0.2839 0.0652 
        H132  5 0.1127 0.1210 0.1058 0.1011 0.0327 0.1019 0.0950 0.0862 0.0823 0.0696 0.0918 
        H141  5 0.0920 0.1140 0.1000 0.1151 0.0812 0.1027 0.0967 0.0934 0.0390 0.0284 0.1377 
        H142  5 0.0682 0.1001 0.1687 0.0903 0.0272 0.1242 0.1138 0.1018 0.0248 0.0806 0.1004 
        H157  5 0.0794 0.1543 0.0854 0.1074 0.0369 0.1335 0.0962 0.0914 0.0863 0.0515 0.0777 
        H158  5 0.0357 0.0549 0.1146 0.1855 0.0548 0.0706 0.0793 0.2049 0.0209 0.1196 0.0590 
        H159  5 0.1924 0.1137 0.0953 0.1085 0.0587 0.1347 0.0701 0.0934 0.0264 0.0383 0.0686 
        H160  5 0.1945 0.1355 0.0829 0.0909 0.0330 0.1127 0.1036 0.0956 0.0444 0.0581 0.0488 
        H163  5 0.0874 0.1274 0.1413 0.1107 0.0567 0.0959 0.0537 0.1218 0.0306 0.0819 0.0926 
        H164  5 0.0642 0.0560 0.1765 0.0755 0.0641 0.1884 0.0591 0.0795 0.0630 0.0881 0.0857 
        H165  5 0.1056 0.0556 0.1349 0.0563 0.0736 0.0825 0.0556 0.0957 0.0169 0.1795 0.1437 
        H166  5 0.0197 0.0666 0.1201 0.0686 0.1039 0.0583 0.0365 0.0603 0.0267 0.1187 0.3207 
        H169  5 0.0616 0.1098 0.2075 0.1021 0.0257 0.1282 0.0676 0.1107 0.0252 0.0506 0.1111 
     H169613  5 0.0518 0.1730 0.1185 0.0736 0.0176 0.0891 0.1359 0.0928 0.0855 0.1054 0.0568 
     H169653  5 0.0692 0.1158 0.1405 0.0816 0.0619 0.1206 0.0371 0.0967 0.0329 0.0757 0.1678 
     H169728  5 0.0630 0.1203 0.1031 0.1047 0.1284 0.1024 0.0767 0.1467 0.0307 0.0357 0.0883 
     H169742  5 0.0315 0.0423 0.0722 0.0651 0.0474 0.0529 0.0651 0.0607 0.0340 0.0275 0.5015 
        H170  5 0.0540 0.1129 0.1231 0.1348 0.0474 0.1189 0.0841 0.1995 0.0522 0.0349 0.0382 
        H171  5 0.0536 0.0716 0.1100 0.1367 0.1417 0.1152 0.0596 0.1593 0.0346 0.0540 0.0639 
     H171851  5 0.0295 0.1241 0.1054 0.1066 0.0513 0.1032 0.0983 0.1721 0.0525 0.1038 0.0533 
     H171852  5 0.0540 0.1043 0.0677 0.1866 0.0490 0.0785 0.1421 0.0925 0.1224 0.0566 0.0464 
     H171853  5 0.2307 0.0847 0.0886 0.0635 0.1119 0.1160 0.0493 0.1025 0.0372 0.0438 0.0718 
     H171854  5 0.0566 0.0849 0.0958 0.0768 0.2684 0.0943 0.0728 0.0980 0.0850 0.0334 0.0341 
     H171938  5 0.0957 0.0629 0.1603 0.0633 0.0342 0.1623 0.0724 0.0746 0.0430 0.0353 0.1960 
     H171939  5 0.0453 0.0548 0.0874 0.1464 0.0310 0.0611 0.1196 0.0973 0.0358 0.2190 0.1022 
     H171941  5 0.0265 0.1556 0.0830 0.0669 0.0398 0.1365 0.0701 0.0898 0.1362 0.0764 0.1192 
     H171965  5 0.0401 0.0902 0.1500 0.1336 0.0220 0.1355 0.1178 0.1792 0.0258 0.0482 0.0577 
     H171970  5 0.0372 0.0999 0.0485 0.0450 0.0826 0.0867 0.0565 0.0573 0.3733 0.0365 0.0765 
     H171973  5 0.0954 0.0681 0.0954 0.0797 0.0494 0.1037 0.1048 0.1093 0.0285 0.0387 0.2271 
     H171974  5 0.0839 0.1414 0.1035 0.0815 0.0871 0.0990 0.1110 0.0868 0.0275 0.0961 0.0822 
     H171975  5 0.0846 0.0726 0.0940 0.0596 0.1317 0.0605 0.0454 0.0781 0.1356 0.0364 0.2015 
     H171976  5 0.0327 0.1106 0.1606 0.1043 0.0333 0.0960 0.0758 0.1187 0.2023 0.0196 0.0462 
        H175  5 0.0602 0.0937 0.0789 0.0977 0.0447 0.0991 0.0903 0.0875 0.1181 0.1017 0.1281 
        H178  5 0.0466 0.0922 0.1183 0.1029 0.0303 0.1257 0.0726 0.1043 0.1033 0.0611 0.1427 
        H189  5 0.0616 0.0669 0.1361 0.0523 0.0377 0.0978 0.0431 0.0917 0.0232 0.3225 0.0671 
        H399  5 0.2405 0.1142 0.0415 0.1282 0.0424 0.0633 0.0655 0.2284 0.0245 0.0274 0.0241 
        H416  5 0.0725 0.0794 0.0671 0.1645 0.0791 0.0532 0.1883 0.0770 0.0411 0.0318 0.1461 
        H438  5 0.1398 0.0881 0.0823 0.0665 0.1410 0.1019 0.0503 0.0741 0.0423 0.0837 0.1301 
        H450  5 0.0264 0.1698 0.1140 0.1371 0.0519 0.0832 0.1496 0.0571 0.1313 0.0297 0.0498 
        H455  5 0.0302 0.0612 0.0425 0.0354 0.0479 0.1135 0.0381 0.0425 0.4142 0.0460 0.1283 
        H456  5 0.1059 0.1045 0.0824 0.0896 0.0235 0.1274 0.1186 0.0756 0.0400 0.0356 0.1970 
        H457  5 0.0319 0.1037 0.0913 0.0871 0.0516 0.0949 0.0992 0.0918 0.2520 0.0356 0.0609 
        H458  5 0.0755 0.1690 0.0969 0.0930 0.0273 0.1588 0.0937 0.1085 0.0392 0.0666 0.0714 
        H459  5 0.0466 0.1465 0.0972 0.1064 0.0185 0.1350 0.1415 0.1012 0.0180 0.1289 0.0601 
        H460  5 0.0767 0.0814 0.1428 0.0946 0.0993 0.1074 0.0871 0.0840 0.0521 0.0605 0.1140 
        H461  5 0.0413 0.1090 0.1462 0.1588 0.0567 0.0902 0.1214 0.1623 0.0400 0.0320 0.0419 
        H462  5 0.0422 0.0841 0.0802 0.0694 0.1173 0.0892 0.0677 0.0892 0.0358 0.1114 0.2134 
        H469  5 0.1189 0.0671 0.1027 0.0778 0.1517 0.0815 0.0504 0.0924 0.0388 0.1339 0.0848 
        H470  5 0.0689 0.1059 0.0752 0.0940 0.2270 0.1205 0.0761 0.0990 0.0346 0.0373 0.0617 
        H471  5 0.0780 0.1090 0.0625 0.1490 0.0427 0.1062 0.1452 0.1285 0.0227 0.1330 0.0233 
        H481  5 0.0378 0.0780 0.0525 0.0917 0.0270 0.0611 0.1070 0.0584 0.3441 0.0944 0.0480 
        H482  5 0.0774 0.1350 0.1037 0.0973 0.0634 0.0585 0.1565 0.0933 0.1272 0.0482 0.0393 
        H501  5 0.0522 0.0776 0.0793 0.1309 0.1051 0.1102 0.1417 0.1013 0.0648 0.0563 0.0806 
        H502  5 0.0431 0.1022 0.0968 0.1333 0.0454 0.1579 0.1235 0.1442 0.0196 0.0729 0.0612 
        H503  5 0.1098 0.0695 0.1062 0.0840 0.1210 0.1047 0.0447 0.1099 0.0233 0.0480 0.1790 
        H509  5 0.2320 0.1559 0.0651 0.0474 0.0646 0.1014 0.0643 0.0566 0.0683 0.0455 0.0988 
        H510  5 0.0462 0.0886 0.1382 0.0949 0.0580 0.1438 0.0530 0.1006 0.0857 0.0455 0.1455 
        H511  5 0.0804 0.1368 0.1525 0.1001 0.0309 0.1053 0.0912 0.1386 0.0331 0.0665 0.0647 
        H530  5 0.1101 0.0923 0.0872 0.1136 0.0484 0.1125 0.1049 0.0963 0.0656 0.0696 0.0995 
        H531  5 0.0323 0.0936 0.0652 0.1440 0.1181 0.0980 0.1949 0.0852 0.0973 0.0382 0.0333 
        H564  5 0.0276 0.0935 0.1255 0.1097 0.0668 0.0675 0.1207 0.1137 0.1420 0.0272 0.1059 
        H565  5 0.0278 0.0572 0.0508 0.1194 0.0723 0.0499 0.1224 0.0686 0.2150 0.0219 0.1946 
        H567  5 0.0500 0.0431 0.0849 0.0454 0.0569 0.0367 0.0375 0.0567 0.0239 0.4598 0.1051 
     H568???  5 0.0301 0.1210 0.1057 0.1297 0.0509 0.1197 0.1101 0.1874 0.0259 0.0723 0.0471 
        H608  5 0.0428 0.1801 0.1027 0.1159 0.0397 0.0635 0.1487 0.0736 0.1407 0.0380 0.0543 
        H609  5 0.0448 0.0835 0.0885 0.0556 0.0523 0.0797 0.0545 0.0909 0.0318 0.1576 0.2608 
        H612  5 0.0683 0.0655 0.0818 0.0621 0.1053 0.0740 0.0771 0.0628 0.1725 0.0316 0.1990 
        H614  5 0.0415 0.1033 0.0561 0.1878 0.1104 0.0639 0.1318 0.0886 0.1139 0.0502 0.0523 
        H615  5 0.0249 0.0906 0.0505 0.1889 0.0304 0.0794 0.2386 0.0692 0.1204 0.0464 0.0607 
        H616  5 0.0405 0.0775 0.0498 0.0486 0.0269 0.0684 0.0556 0.0475 0.4730 0.0449 0.0672 
        H617  5 0.1955 0.0797 0.1050 0.0767 0.0364 0.1001 0.0858 0.0862 0.0198 0.0670 0.1477 
        H618  5 0.0619 0.0817 0.0700 0.0581 0.1280 0.0911 0.0429 0.0683 0.2911 0.0307 0.0763 
        H619  5 0.0481 0.0357 0.1513 0.0446 0.0236 0.0945 0.0448 0.0541 0.0586 0.0581 0.3867 
        H635  5 0.0764 0.1488 0.1509 0.0730 0.0439 0.1292 0.0575 0.1059 0.0868 0.0686 0.0590 
        H636  5 0.0908 0.0387 0.1980 0.0549 0.0296 0.1578 0.0437 0.0494 0.0267 0.0365 0.2738 
        H637  5 0.0236 0.0499 0.0753 0.1270 0.0345 0.0495 0.1016 0.0893 0.1829 0.0578 0.2087 
        H644  5 0.0556 0.0485 0.1063 0.1244 0.0460 0.0684 0.0403 0.1196 0.0199 0.3306 0.0403 
        H711  5 0.0303 0.1046 0.1033 0.2189 0.0330 0.0804 0.1978 0.1202 0.0310 0.0345 0.0460 
        H712  5 0.0562 0.0757 0.0775 0.0648 0.0317 0.0916 0.0764 0.0672 0.1263 0.1388 0.1938 
       H7360  5 0.0329 0.1167 0.0958 0.1289 0.0511 0.1024 0.1120 0.1671 0.0749 0.0628 0.0554 
       H7361  5 0.0482 0.1423 0.1218 0.0858 0.0732 0.0955 0.0750 0.1161 0.1412 0.0283 0.0726 
       H7362  5 0.0775 0.0570 0.0960 0.1300 0.0760 0.1137 0.0277 0.1714 0.0186 0.1268 0.1053 
       H7363  5 0.0490 0.1443 0.0871 0.0827 0.0788 0.1154 0.0957 0.0893 0.0855 0.0467 0.1256 
       H7394  5 0.0535 0.1222 0.1565 0.0979 0.0299 0.1309 0.0965 0.1106 0.0230 0.1081 0.0710 
       H7395  5 0.0769 0.0928 0.1521 0.0697 0.0475 0.1839 0.0624 0.0900 0.0340 0.0342 0.1565 
       H7396  5 0.0327 0.1090 0.0802 0.1326 0.0676 0.0684 0.1654 0.0904 0.0288 0.1226 0.1024 
        H742  5 0.0272 0.0475 0.0601 0.0727 0.0414 0.0627 0.0626 0.0629 0.0396 0.0230 0.5003 
        H743  5 0.0699 0.0360 0.0499 0.0841 0.0528 0.0588 0.1015 0.0715 0.1510 0.1708 0.1539 
        H744  5 0.1587 0.0770 0.0417 0.0611 0.0548 0.0745 0.0670 0.0683 0.2185 0.1124 0.0661 
        H957  5 0.0333 0.1394 0.1472 0.1476 0.0375 0.0624 0.1595 0.1567 0.0345 0.0398 0.0420 
        H958  5 0.1043 0.1216 0.0946 0.0730 0.0416 0.0817 0.1364 0.0904 0.0572 0.1237 0.0754 
        H959  5 0.0382 0.0854 0.1009 0.0841 0.1159 0.0844 0.0897 0.0838 0.1803 0.0364 0.1008 
        H960  5 0.2061 0.0769 0.0674 0.0920 0.0565 0.0572 0.0792 0.1060 0.0506 0.0926 0.1156 
        H431  8 0.4568 0.0905 0.0446 0.0517 0.0366 0.0962 0.0613 0.0497 0.0530 0.0330 0.0267 
        H432  8 0.0243 0.0314 0.0911 0.0545 0.2822 0.0430 0.0158 0.0625 0.0222 0.0245 0.3486 
        H433  8 0.0850 0.0558 0.1589 0.0672 0.0330 0.1355 0.0573 0.0825 0.0636 0.1637 0.0976 
        H434  8 0.0280 0.0625 0.0694 0.0514 0.0882 0.0785 0.0977 0.0704 0.0188 0.3748 0.0603 
        H444  8 0.0644 0.0596 0.0989 0.0617 0.0782 0.1737 0.0473 0.0663 0.1103 0.0792 0.1605 
        H454  8 0.0361 0.0587 0.0645 0.0468 0.0620 0.0895 0.0671 0.0548 0.3419 0.0865 0.0922 
        H475  8 0.0297 0.0920 0.0588 0.0508 0.0507 0.0389 0.1081 0.0516 0.4590 0.0340 0.0264 
        H491  8 0.0282 0.1126 0.1144 0.0850 0.1162 0.1258 0.0614 0.1056 0.1149 0.0514 0.0845 
        H492  8 0.0323 0.0781 0.0897 0.1363 0.1636 0.0725 0.1109 0.0707 0.0799 0.0587 0.1073 
        H493  8 0.0681 0.1440 0.1324 0.0897 0.0884 0.1167 0.0901 0.1112 0.0305 0.0766 0.0521 
        H494  8 0.0513 0.0513 0.0721 0.0442 0.1904 0.0594 0.0555 0.0542 0.0848 0.0472 0.2895 
        H495  8 0.0188 0.0825 0.0673 0.1548 0.2287 0.0423 0.1344 0.0671 0.1379 0.0267 0.0396 
        H662  8 0.0464 0.0844 0.0738 0.1790 0.1280 0.0911 0.1696 0.0915 0.0218 0.0655 0.0488 
        H663  8 0.0723 0.0582 0.0546 0.0675 0.3046 0.0520 0.0566 0.0717 0.0893 0.0404 0.1326 
        H695  8 0.1062 0.0844 0.1106 0.1006 0.0405 0.1144 0.1043 0.0936 0.0961 0.0770 0.0723 
       H7367  8 0.0614 0.0699 0.0977 0.0556 0.0399 0.0730 0.0606 0.0665 0.0182 0.4216 0.0355 
       H7368  8 0.1437 0.0748 0.1371 0.1219 0.0630 0.0912 0.0452 0.1474 0.0509 0.0406 0.0843 
       H7369  8 0.1155 0.0786 0.1191 0.0873 0.0507 0.1328 0.0740 0.0840 0.0807 0.0562 0.1213 
       H7370  8 0.1139 0.1040 0.0679 0.1012 0.1055 0.0622 0.1603 0.0678 0.0139 0.1686 0.0346 
       H7371  8 0.1217 0.0720 0.0946 0.0691 0.0842 0.1158 0.1021 0.0905 0.0585 0.0659 0.1255 
     H169705 10 0.0998 0.0545 0.1086 0.0431 0.0538 0.0459 0.0647 0.0501 0.0191 0.4321 0.0282 
     H171942 10 0.0250 0.0276 0.0711 0.0712 0.2947 0.0539 0.0165 0.0629 0.0265 0.0321 0.3185 
     H171943 10 0.0360 0.1491 0.1218 0.1358 0.0480 0.0707 0.1508 0.1036 0.0263 0.0703 0.0875 
     H171944 10 0.0870 0.1114 0.0888 0.1292 0.1021 0.0774 0.1621 0.0797 0.0190 0.0437 0.0995 
     H171946 10 0.0560 0.1493 0.0641 0.1719 0.0565 0.0831 0.2100 0.0859 0.0416 0.0411 0.0406 
     H171947 10 0.0312 0.0720 0.1014 0.0888 0.0854 0.0795 0.1018 0.0909 0.0437 0.2377 0.0677 
     H229641 10 0.1769 0.0693 0.0650 0.0967 0.0720 0.0885 0.0791 0.0816 0.1877 0.0501 0.0332 
      H30001 10 0.0819 0.0870 0.1055 0.0951 0.1199 0.1261 0.0804 0.1120 0.0519 0.0432 0.0971 
      H30002 10 0.0275 0.0885 0.0760 0.0615 0.0233 0.0729 0.0965 0.0500 0.0263 0.4416 0.0359 
      H30005 10 0.4844 0.0705 0.0561 0.0508 0.0429 0.0718 0.0346 0.0605 0.0226 0.0576 0.0483 
      H30006 10 0.0183 0.0226 0.0916 0.0339 0.0341 0.0246 0.0259 0.0299 0.0402 0.6433 0.0357 
      H30007 10 0.0179 0.0642 0.0880 0.2248 0.0612 0.0326 0.2518 0.0850 0.0126 0.0910 0.0709 
        H451 10 0.0591 0.0630 0.1746 0.0656 0.1080 0.1174 0.0338 0.0875 0.0437 0.1348 0.1125 
        H452 10 0.6203 0.0224 0.0265 0.0267 0.1123 0.0361 0.0281 0.0219 0.0491 0.0367 0.0199 
        H453 10 0.0358 0.1443 0.0900 0.1011 0.0408 0.0859 0.1291 0.1091 0.1368 0.0578 0.0694 
        H473 10 0.0327 0.0717 0.1084 0.1329 0.0386 0.0944 0.1273 0.0921 0.1688 0.0564 0.0768 
        H474 10 0.0234 0.1316 0.0601 0.1020 0.0429 0.1038 0.1779 0.0707 0.1806 0.0764 0.0306 
        H486 10 0.1184 0.0294 0.0705 0.0350 0.0699 0.0560 0.0258 0.0625 0.4321 0.0524 0.0480 
        H487 10 0.0926 0.1115 0.0609 0.0614 0.0318 0.1165 0.0868 0.0759 0.1433 0.1808 0.0386 
        H488 10 0.0756 0.0748 0.1154 0.0510 0.0610 0.1323 0.0546 0.0827 0.1325 0.0979 0.1221 
        H489 10 0.0428 0.1350 0.0757 0.1085 0.0541 0.0930 0.1763 0.0730 0.0979 0.1092 0.0346 
        H550 10 0.0279 0.1262 0.0707 0.1847 0.0214 0.0586 0.3034 0.0599 0.0137 0.0997 0.0339 
        H551 10 0.0992 0.0495 0.0511 0.0546 0.2578 0.0533 0.0614 0.0621 0.0686 0.1287 0.1139 
        H553 10 0.1187 0.0986 0.0509 0.0435 0.0189 0.0691 0.0678 0.0619 0.2040 0.2351 0.0316 
        H554 10 0.0435 0.0706 0.1498 0.0671 0.0894 0.1639 0.0651 0.1134 0.0524 0.1014 0.0832 
        H556 10 0.0280 0.0797 0.0906 0.1137 0.0215 0.0775 0.1168 0.0854 0.0516 0.2965 0.0387 
        H580 10 0.0962 0.1550 0.0670 0.0661 0.0938 0.0896 0.1002 0.1025 0.0232 0.1268 0.0796 
        H591 10 0.0342 0.0573 0.0411 0.0669 0.0893 0.0519 0.0872 0.0516 0.3985 0.0680 0.0540 
        H592 10 0.1525 0.0989 0.0815 0.1024 0.0873 0.0907 0.1248 0.0827 0.0644 0.0659 0.0488 
        H593 10 0.0394 0.0955 0.1437 0.1195 0.0747 0.1219 0.0899 0.1267 0.0779 0.0493 0.0615 
        H594 10 0.0699 0.1082 0.1152 0.1122 0.0683 0.1140 0.0675 0.1503 0.0174 0.1126 0.0643 
        H627 10 0.0336 0.1297 0.0982 0.0977 0.0527 0.0951 0.1931 0.0820 0.0834 0.0875 0.0469 
        H628 10 0.1905 0.1009 0.1208 0.0813 0.0461 0.0835 0.0444 0.1176 0.0254 0.0525 0.1369 
