1:    0.084 0.698 0.143 0.075 1    
2:    0.141 0.150 0.639 0.070 1    
3:    0.208 0.150 0.398 0.244 1    
4:    0.070 0.104 0.789 0.038 1    
5:    0.161 0.164 0.133 0.542 1    
6:    0.112 0.197 0.620 0.071 1    
7:    0.614 0.072 0.255 0.059 1    
8:    0.037 0.032 0.866 0.065 1    
9:    0.384 0.256 0.148 0.212 1    
10:   0.111 0.281 0.278 0.330 1    
11:   0.105 0.200 0.632 0.062 1    
12:   0.418 0.041 0.147 0.394 1    
13:   0.079 0.427 0.154 0.340 1    
14:   0.755 0.035 0.152 0.058 1    
15:   0.444 0.325 0.145 0.086 1    
16:   0.099 0.845 0.028 0.028 1    
17:   0.109 0.143 0.103 0.645 1    
18:   0.111 0.558 0.220 0.111 1    
19:   0.104 0.416 0.385 0.095 1    
20:   0.133 0.677 0.082 0.108 1    
21:   0.200 0.484 0.180 0.136 1    
22:   0.862 0.044 0.058 0.036 1    
23:   0.052 0.055 0.852 0.042 1    
24:   0.039 0.691 0.083 0.187 1    
25:   0.115 0.110 0.179 0.595 1    
26:   0.832 0.073 0.055 0.040 1    
27:   0.017 0.046 0.913 0.023 1    
28:   0.733 0.022 0.048 0.198 1    
29:   0.683 0.036 0.245 0.037 1    
30:   0.058 0.063 0.833 0.045 1    
31:   0.064 0.490 0.362 0.084 1    
32:   0.060 0.060 0.140 0.740 1    
33:   0.050 0.054 0.866 0.031 1    
34:   0.293 0.390 0.252 0.064 1    
35:   0.060 0.416 0.267 0.257 1    
36:   0.070 0.215 0.212 0.503 1    
37:   0.091 0.742 0.124 0.043 1    
38:   0.075 0.521 0.340 0.064 1    
39:   0.169 0.260 0.519 0.053 1    
40:   0.537 0.188 0.154 0.122 1    
41:   0.175 0.410 0.053 0.362 1    
42:   0.186 0.348 0.265 0.200 1    
43:   0.038 0.036 0.901 0.026 1    
44:   0.148 0.052 0.091 0.710 1    
45:   0.578 0.136 0.201 0.085 1    
46:   0.039 0.071 0.853 0.038 1    
47:   0.326 0.277 0.232 0.165 1    
48:   0.235 0.103 0.548 0.115 1    
49:   0.725 0.184 0.034 0.057 1    
50:   0.591 0.109 0.123 0.177 1    
51:   0.161 0.352 0.410 0.076 1    
52:   0.046 0.795 0.078 0.081 1    
53:   0.096 0.531 0.305 0.068 1    
54:   0.119 0.695 0.098 0.088 1    
55:   0.036 0.056 0.468 0.440 1    
56:   0.112 0.537 0.304 0.047 1    
57:   0.327 0.066 0.256 0.350 1    
58:   0.236 0.231 0.467 0.067 1    
59:   0.180 0.273 0.462 0.084 1    
60:   0.146 0.674 0.072 0.107 1    
61:   0.079 0.764 0.096 0.061 1    
62:   0.783 0.064 0.089 0.064 1    
63:   0.039 0.073 0.851 0.037 1    
64:   0.133 0.191 0.348 0.327 1    
65:   0.699 0.097 0.074 0.130 1    
66:   0.074 0.712 0.155 0.059 1    
67:   0.199 0.135 0.417 0.249 1    
68:   0.118 0.306 0.534 0.043 1    
69:   0.638 0.130 0.035 0.197 1    
70:   0.644 0.173 0.131 0.052 1    
71:   0.370 0.263 0.207 0.160 1    
72:   0.035 0.030 0.895 0.039 1    
73:   0.103 0.771 0.054 0.073 1    
74:   0.074 0.260 0.628 0.038 1    
75:   0.167 0.698 0.063 0.072 1    
76:   0.126 0.214 0.267 0.393 1    
77:   0.851 0.050 0.052 0.048 1    
78:   0.034 0.233 0.122 0.610 1    
79:   0.627 0.143 0.194 0.036 1    
80:   0.948 0.019 0.015 0.018 1    
81:   0.037 0.573 0.292 0.098 1    
82:   0.070 0.085 0.097 0.748 1    
83:   0.286 0.272 0.363 0.079 1    
84:   0.071 0.824 0.060 0.046 1    
85:   0.093 0.424 0.300 0.182 1    
86:   0.163 0.131 0.540 0.165 1    
87:   0.060 0.135 0.526 0.279 1    
88:   0.150 0.234 0.466 0.150 1    
89:   0.041 0.067 0.854 0.038 1    
90:   0.115 0.538 0.281 0.066 1    
91:   0.838 0.078 0.057 0.026 1    
92:   0.108 0.434 0.334 0.124 1    
93:   0.083 0.089 0.714 0.114 1    
94:   0.057 0.859 0.061 0.024 1    
95:   0.102 0.684 0.075 0.139 1    
96:   0.074 0.211 0.583 0.132 1    
97:   0.862 0.053 0.045 0.040 1    
98:   0.126 0.567 0.091 0.216 1    
99:   0.698 0.068 0.181 0.053 1    
100:  0.430 0.359 0.172 0.039 1    
101:  0.065 0.041 0.827 0.067 1    
102:  0.854 0.050 0.042 0.054 1    
103:  0.057 0.289 0.543 0.110 1    
104:  0.855 0.046 0.048 0.052 1    
105:  0.139 0.625 0.152 0.085 1    
106:  0.376 0.089 0.325 0.209 1    
107:  0.067 0.327 0.315 0.291 1    
108:  0.114 0.596 0.230 0.060 1    
109:  0.482 0.159 0.076 0.283 1    
110:  0.130 0.398 0.166 0.307 1    
111:  0.124 0.126 0.505 0.246 1    
112:  0.125 0.045 0.709 0.121 1    
113:  0.095 0.222 0.373 0.310 1    
114:  0.250 0.175 0.509 0.066 1    
115:  0.070 0.056 0.818 0.056 1    
116:  0.105 0.718 0.041 0.137 1    
117:  0.074 0.161 0.378 0.387 1    
118:  0.203 0.345 0.072 0.380 1    
119:  0.136 0.272 0.513 0.079 1    
120:  0.043 0.516 0.271 0.171 1    
121:  0.085 0.777 0.062 0.076 1    
122:  0.106 0.702 0.080 0.112 1    
123:  0.098 0.136 0.636 0.130 1    
124:  0.761 0.058 0.131 0.050 1    
125:  0.080 0.058 0.064 0.799 1    
126:  0.226 0.089 0.444 0.240 1    
127:  0.470 0.111 0.074 0.345 1    
128:  0.156 0.497 0.069 0.278 1    
129:  0.150 0.048 0.717 0.085 1    
130:  0.400 0.246 0.121 0.233 1    
131:  0.114 0.703 0.069 0.114 1    
132:  0.370 0.070 0.217 0.342 1    
133:  0.240 0.198 0.327 0.234 1    
134:  0.183 0.043 0.184 0.590 1    
135:  0.144 0.161 0.294 0.402 1    
136:  0.636 0.069 0.228 0.066 1    
137:  0.072 0.393 0.412 0.123 1    
138:  0.416 0.038 0.040 0.506 1    
139:  0.048 0.248 0.490 0.213 1    
140:  0.242 0.640 0.037 0.080 1    
141:  0.057 0.607 0.219 0.116 1    
142:  0.462 0.119 0.300 0.119 1    
143:  0.122 0.130 0.254 0.494 1    
144:  0.087 0.159 0.596 0.158 1    
145:  0.513 0.049 0.262 0.176 1    
146:  0.609 0.083 0.085 0.223 1    
147:  0.350 0.072 0.146 0.433 1    
148:  0.051 0.565 0.118 0.266 1    
149:  0.470 0.062 0.098 0.369 1    
150:  0.245 0.152 0.392 0.212 1    
151:  0.148 0.071 0.673 0.108 1    
152:  0.067 0.121 0.755 0.057 1    
153:  0.098 0.362 0.459 0.081 1    
154:  0.695 0.049 0.134 0.122 1    
155:  0.203 0.699 0.046 0.052 1    
156:  0.077 0.818 0.033 0.072 1    
157:  0.071 0.108 0.543 0.279 1    
158:  0.401 0.128 0.034 0.437 1    
159:  0.159 0.057 0.723 0.061 1    
160:  0.131 0.576 0.142 0.151 1    
161:  0.648 0.156 0.104 0.092 1    
162:  0.197 0.196 0.125 0.482 1    
163:  0.085 0.454 0.081 0.380 1    
164:  0.124 0.494 0.124 0.258 1    
165:  0.851 0.036 0.053 0.060 1    
166:  0.146 0.052 0.058 0.744 1    
167:  0.483 0.090 0.083 0.343 1    
168:  0.108 0.782 0.060 0.050 1    
169:  0.215 0.059 0.044 0.681 1    
170:  0.301 0.108 0.450 0.140 1    
171:  0.561 0.092 0.246 0.101 1    
172:  0.267 0.241 0.053 0.439 1    
173:  0.245 0.158 0.120 0.477 1    
174:  0.048 0.536 0.318 0.098 1    
175:  0.326 0.443 0.063 0.168 1    
176:  0.043 0.238 0.649 0.070 1    
177:  0.521 0.070 0.132 0.276 1    
178:  0.563 0.130 0.113 0.194 1    
179:  0.769 0.037 0.137 0.058 1    
180:  0.149 0.520 0.069 0.262 1    
181:  0.573 0.082 0.164 0.181 1    
182:  0.179 0.074 0.678 0.069 1    
183:  0.828 0.051 0.095 0.027 1    
184:  0.060 0.338 0.487 0.115 1    
185:  0.334 0.134 0.049 0.483 1    
186:  0.250 0.309 0.128 0.313 1    
187:  0.070 0.193 0.202 0.535 1    
188:  0.793 0.043 0.085 0.078 1    
189:  0.519 0.357 0.066 0.059 1    
190:  0.102 0.268 0.545 0.085 1    
191:  0.186 0.262 0.246 0.306 1    
192:  0.137 0.150 0.545 0.168 1    
193:  0.408 0.319 0.140 0.133 1    
194:  0.105 0.684 0.064 0.147 1    
195:  0.668 0.056 0.183 0.093 1    
196:  0.791 0.048 0.092 0.069 1    
197:  0.198 0.058 0.045 0.699 1    
198:  0.149 0.102 0.650 0.098 1    
199:  0.140 0.083 0.370 0.407 1    
200:  0.084 0.041 0.034 0.841 1    
201:  0.051 0.831 0.074 0.043 1    
202:  0.355 0.172 0.334 0.139 1    
203:  0.700 0.124 0.112 0.063 1    
204:  0.214 0.302 0.337 0.148 1    
205:  0.256 0.372 0.156 0.215 1    
206:  0.539 0.115 0.209 0.137 1    
207:  0.180 0.100 0.137 0.583 1    
208:  0.315 0.144 0.447 0.094 1    
209:  0.212 0.352 0.198 0.238 1    
210:  0.060 0.573 0.298 0.070 1    
211:  0.254 0.549 0.096 0.101 1    
212:  0.060 0.250 0.398 0.292 1    
213:  0.421 0.128 0.220 0.230 1    
214:  0.451 0.207 0.121 0.221 1    
215:  0.072 0.645 0.183 0.100 1    
216:  0.912 0.027 0.037 0.025 1    
217:  0.399 0.226 0.115 0.261 1    
218:  0.093 0.301 0.443 0.162 1    
219:  0.885 0.033 0.041 0.041 1    
220:  0.110 0.506 0.320 0.064 1    
221:  0.791 0.096 0.053 0.061 1    
222:  0.101 0.187 0.117 0.595 1    
223:  0.176 0.093 0.239 0.492 1    
224:  0.300 0.297 0.266 0.138 1    
225:  0.061 0.759 0.136 0.044 1    
226:  0.151 0.223 0.169 0.458 1    
227:  0.336 0.302 0.215 0.148 1    
228:  0.037 0.801 0.070 0.092 1    
229:  0.041 0.061 0.866 0.031 1    
230:  0.204 0.186 0.475 0.136 1    
231:  0.117 0.132 0.429 0.321 1    
232:  0.194 0.279 0.226 0.301 1    
233:  0.076 0.124 0.658 0.142 1    
234:  0.222 0.064 0.557 0.157 1    
235:  0.068 0.142 0.645 0.145 1    
236:  0.191 0.052 0.382 0.375 1    
237:  0.117 0.613 0.118 0.152 1    
238:  0.356 0.079 0.091 0.474 1    
239:  0.185 0.571 0.118 0.126 1    
240:  0.191 0.431 0.344 0.034 1    
241:  0.093 0.328 0.220 0.360 1    
242:  0.143 0.447 0.141 0.269 1    
243:  0.290 0.266 0.239 0.205 1    
244:  0.071 0.583 0.244 0.101 1    
245:  0.231 0.221 0.240 0.308 1    
246:  0.218 0.377 0.310 0.096 1    
247:  0.158 0.203 0.601 0.038 1    
248:  0.914 0.028 0.027 0.032 1    
249:  0.153 0.060 0.127 0.659 1    
250:  0.131 0.091 0.701 0.078 1    
251:  0.068 0.813 0.072 0.047 1    
252:  0.056 0.064 0.842 0.038 1    
253:  0.693 0.139 0.041 0.127 1    
254:  0.187 0.626 0.106 0.082 1    
255:  0.153 0.125 0.670 0.051 1    
256:  0.130 0.076 0.753 0.041 1    
257:  0.293 0.136 0.321 0.250 1    
258:  0.097 0.812 0.041 0.050 1    
259:  0.111 0.484 0.115 0.289 1    
260:  0.065 0.148 0.736 0.051 1    
261:  0.116 0.423 0.387 0.074 1    
262:  0.179 0.218 0.127 0.476 1    
263:  0.234 0.154 0.214 0.398 1    
264:  0.350 0.107 0.276 0.267 1    
265:  0.349 0.192 0.269 0.189 1    
266:  0.064 0.524 0.334 0.078 1    
267:  0.189 0.083 0.636 0.092 1    
268:  0.139 0.246 0.548 0.068 1    
269:  0.409 0.303 0.205 0.083 1    
270:  0.146 0.254 0.252 0.348 1    
271:  0.756 0.121 0.065 0.059 1    
272:  0.862 0.059 0.030 0.049 1    
273:  0.835 0.059 0.066 0.040 1    
274:  0.081 0.244 0.549 0.125 1    
275:  0.778 0.032 0.160 0.030 1    
276:  0.830 0.050 0.059 0.062 1    
277:  0.038 0.070 0.782 0.110 1    
278:  0.724 0.055 0.081 0.140 1    
279:  0.904 0.018 0.059 0.019 1    
280:  0.737 0.029 0.159 0.075 1    
281:  0.345 0.174 0.068 0.413 1    
282:  0.534 0.042 0.331 0.093 1    
283:  0.592 0.033 0.233 0.141 1    
284:  0.197 0.289 0.067 0.448 1    
285:  0.231 0.106 0.542 0.121 1    
286:  0.123 0.073 0.505 0.298 1    
287:  0.097 0.609 0.117 0.177 1    
288:  0.751 0.030 0.164 0.055 1    
289:  0.073 0.464 0.216 0.247 1    
290:  0.284 0.134 0.345 0.237 1    
291:  0.732 0.050 0.106 0.112 1    
292:  0.321 0.373 0.219 0.087 1    
293:  0.562 0.247 0.054 0.137 1    
294:  0.306 0.183 0.330 0.181 1    
295:  0.578 0.102 0.043 0.276 1    
296:  0.722 0.050 0.080 0.147 1    
297:  0.184 0.333 0.066 0.417 1    
298:  0.336 0.375 0.134 0.156 1    
299:  0.063 0.267 0.068 0.602 1    
300:  0.593 0.176 0.074 0.157 1    
301:  0.479 0.041 0.162 0.318 1    
302:  0.375 0.289 0.111 0.225 1    
303:  0.764 0.051 0.138 0.047 1    
304:  0.072 0.075 0.188 0.664 1    
305:  0.599 0.202 0.057 0.142 1    
306:  0.273 0.162 0.149 0.415 1    
307:  0.123 0.050 0.702 0.125 1    
308:  0.392 0.196 0.151 0.261 1    
309:  0.783 0.046 0.052 0.120 1    
310:  0.180 0.237 0.144 0.440 1    
311:  0.325 0.282 0.300 0.093 1    
312:  0.691 0.032 0.083 0.194 1    
313:  0.904 0.021 0.034 0.040 1    
314:  0.128 0.444 0.348 0.080 1    
315:  0.202 0.072 0.051 0.675 1    
316:  0.511 0.135 0.189 0.165 1    
317:  0.164 0.160 0.200 0.476 1    
318:  0.237 0.184 0.437 0.142 1    
319:  0.016 0.017 0.948 0.019 1    
320:  0.069 0.029 0.858 0.043 1    
321:  0.145 0.212 0.550 0.093 1    
322:  0.112 0.153 0.395 0.339 1    
323:  0.022 0.017 0.922 0.040 1    
324:  0.024 0.046 0.883 0.047 1    
325:  0.064 0.031 0.875 0.030 1    
326:  0.119 0.088 0.354 0.438 1    
327:  0.700 0.044 0.059 0.198 1    
328:  0.019 0.013 0.947 0.021 1    
329:  0.400 0.103 0.302 0.195 1    
330:  0.688 0.081 0.162 0.069 1    
331:  0.062 0.557 0.279 0.102 1    
332:  0.057 0.065 0.756 0.122 1    
333:  0.298 0.209 0.292 0.201 1    
334:  0.043 0.072 0.770 0.115 1    
335:  0.495 0.239 0.183 0.084 1    
336:  0.212 0.194 0.539 0.055 1    
337:  0.143 0.194 0.615 0.048 1    
338:  0.458 0.107 0.365 0.070 1    
339:  0.017 0.017 0.949 0.017 1    
340:  0.043 0.063 0.820 0.075 1    
341:  0.134 0.765 0.037 0.064 1    
342:  0.541 0.080 0.231 0.148 1    
343:  0.272 0.510 0.060 0.158 1    
344:  0.204 0.439 0.107 0.250 1    
345:  0.041 0.040 0.863 0.056 1    
346:  0.074 0.156 0.660 0.110 1    
347:  0.032 0.111 0.824 0.033 1    
348:  0.096 0.051 0.805 0.048 1    
349:  0.203 0.102 0.607 0.088 1    
350:  0.038 0.033 0.887 0.041 1    
351:  0.230 0.040 0.689 0.040 1    
352:  0.071 0.074 0.694 0.162 1    
353:  0.535 0.077 0.232 0.157 1    
354:  0.099 0.037 0.774 0.090 1    
355:  0.821 0.050 0.074 0.054 1    
356:  0.163 0.055 0.536 0.247 1    
357:  0.362 0.150 0.191 0.296 1    
358:  0.038 0.031 0.878 0.053 1    
359:  0.081 0.043 0.791 0.085 1    
360:  0.101 0.302 0.360 0.237 1    
361:  0.068 0.041 0.850 0.041 1    
362:  0.412 0.041 0.411 0.136 1    
363:  0.257 0.040 0.445 0.257 1    
364:  0.084 0.689 0.068 0.159 1    
365:  0.037 0.055 0.867 0.041 1    
366:  0.040 0.021 0.916 0.024 1    
367:  0.032 0.082 0.830 0.056 1    
368:  0.058 0.142 0.661 0.139 1    
369:  0.043 0.040 0.876 0.041 1    
370:  0.086 0.792 0.056 0.067 1    
371:  0.093 0.134 0.621 0.152 1    
372:  0.568 0.035 0.241 0.156 1    
373:  0.104 0.356 0.377 0.163 1    
374:  0.439 0.206 0.249 0.106 1    
375:  0.046 0.148 0.621 0.184 1    
376:  0.431 0.093 0.394 0.083 1    
377:  0.211 0.363 0.086 0.339 1    
378:  0.355 0.053 0.524 0.069 1    
379:  0.315 0.181 0.235 0.268 1    
380:  0.050 0.794 0.043 0.113 1    
381:  0.107 0.070 0.739 0.084 1    
382:  0.653 0.035 0.192 0.121 1    
383:  0.073 0.129 0.718 0.080 1    
384:  0.276 0.041 0.624 0.059 1    
385:  0.917 0.033 0.029 0.022 1    
386:  0.092 0.264 0.282 0.362 1    
387:  0.282 0.146 0.339 0.233 1    
388:  0.100 0.158 0.529 0.212 1    
389:  0.164 0.152 0.324 0.360 1    
390:  0.823 0.042 0.065 0.070 1    
391:  0.061 0.206 0.457 0.277 1    
392:  0.035 0.223 0.680 0.062 1    
393:  0.101 0.233 0.627 0.039 1    
394:  0.658 0.050 0.225 0.067 1    
395:  0.274 0.524 0.113 0.089 1    
396:  0.041 0.394 0.401 0.163 1    
397:  0.161 0.184 0.468 0.187 1    
398:  0.153 0.351 0.223 0.273 1    
399:  0.493 0.058 0.181 0.267 1    
400:  0.092 0.446 0.312 0.150 1    
401:  0.221 0.046 0.426 0.307 1    
402:  0.199 0.315 0.416 0.070 1    
403:  0.034 0.057 0.608 0.300 1    
404:  0.146 0.101 0.661 0.092 1    
405:  0.028 0.071 0.845 0.057 1    
406:  0.347 0.173 0.367 0.113 1    
407:  0.824 0.063 0.052 0.061 1    
408:  0.320 0.066 0.089 0.526 1    
409:  0.197 0.129 0.081 0.593 1    
410:  0.100 0.315 0.203 0.382 1    
411:  0.129 0.052 0.704 0.116 1    
412:  0.871 0.039 0.026 0.063 1    
413:  0.106 0.096 0.743 0.055 1    
414:  0.063 0.752 0.084 0.101 1    
415:  0.059 0.123 0.717 0.101 1    
416:  0.079 0.028 0.842 0.051 1    
417:  0.051 0.061 0.679 0.209 1    
418:  0.045 0.042 0.804 0.109 1    
419:  0.041 0.113 0.095 0.751 1    
420:  0.164 0.279 0.454 0.103 1    
421:  0.156 0.080 0.246 0.517 1    
422:  0.125 0.703 0.104 0.068 1    
423:  0.273 0.053 0.281 0.393 1    
424:  0.269 0.249 0.254 0.228 1    
425:  0.030 0.022 0.897 0.051 1    
426:  0.074 0.097 0.710 0.119 1    
427:  0.472 0.170 0.168 0.191 1    
428:  0.095 0.034 0.824 0.047 1    
429:  0.357 0.039 0.462 0.142 1    
430:  0.741 0.073 0.087 0.098 1    
431:  0.050 0.853 0.033 0.064 1    
432:  0.614 0.111 0.126 0.149 1    
433:  0.067 0.098 0.740 0.095 1    
434:  0.187 0.637 0.071 0.105 1    
435:  0.865 0.063 0.033 0.039 1    
436:  0.671 0.126 0.067 0.137 1    
437:  0.751 0.100 0.061 0.088 1    
438:  0.123 0.059 0.719 0.099 1    
439:  0.463 0.073 0.116 0.348 1    
440:  0.175 0.714 0.049 0.062 1    
441:  0.372 0.141 0.370 0.117 1    
442:  0.059 0.157 0.744 0.040 1    
443:  0.755 0.032 0.088 0.125 1    
444:  0.115 0.454 0.126 0.305 1    
445:  0.107 0.615 0.083 0.194 1    
446:  0.619 0.101 0.239 0.041 1    
447:  0.076 0.358 0.440 0.127 1    
448:  0.080 0.764 0.078 0.077 1    
449:  0.236 0.106 0.321 0.338 1    
450:  0.053 0.708 0.155 0.084 1    
451:  0.541 0.043 0.361 0.054 1    
452:  0.204 0.042 0.660 0.095 1    
453:  0.174 0.144 0.116 0.565 1    
454:  0.035 0.155 0.769 0.040 1    
455:  0.086 0.392 0.266 0.256 1    
456:  0.166 0.268 0.456 0.110 1    
457:  0.183 0.324 0.386 0.106 1    
458:  0.031 0.032 0.889 0.048 1    
459:  0.039 0.061 0.853 0.047 1    
460:  0.250 0.122 0.180 0.448 1    
461:  0.046 0.872 0.030 0.051 1    
462:  0.245 0.398 0.243 0.114 1    
463:  0.166 0.052 0.667 0.115 1    
464:  0.024 0.896 0.034 0.046 1    
465:  0.426 0.087 0.266 0.220 1    
466:  0.154 0.173 0.559 0.114 1    
467:  0.413 0.093 0.295 0.199 1    
468:  0.038 0.046 0.681 0.236 1    
469:  0.029 0.033 0.898 0.040 1    
470:  0.088 0.211 0.453 0.248 1    
471:  0.045 0.886 0.042 0.027 1    
472:  0.024 0.032 0.921 0.023 1    
473:  0.050 0.649 0.042 0.259 1    
474:  0.722 0.148 0.081 0.048 1    
475:  0.023 0.014 0.944 0.019 1    
476:  0.071 0.034 0.091 0.804 1    
477:  0.077 0.838 0.020 0.065 1    
478:  0.135 0.629 0.083 0.153 1    
479:  0.113 0.037 0.776 0.075 1    
480:  0.155 0.170 0.620 0.056 1    
481:  0.117 0.057 0.308 0.518 1    
482:  0.142 0.106 0.258 0.494 1    
483:  0.073 0.130 0.530 0.267 1    
484:  0.019 0.030 0.915 0.036 1    
485:  0.103 0.073 0.585 0.239 1    
486:  0.125 0.106 0.390 0.379 1    
487:  0.313 0.232 0.178 0.278 1    
488:  0.305 0.291 0.193 0.211 1    
489:  0.448 0.041 0.350 0.161 1    
490:  0.034 0.027 0.916 0.023 1    
491:  0.079 0.447 0.318 0.156 1    
492:  0.875 0.036 0.027 0.061 1    
493:  0.881 0.046 0.035 0.038 1    
494:  0.102 0.036 0.105 0.756 1    
495:  0.160 0.038 0.237 0.565 1    
496:  0.444 0.340 0.148 0.068 1    
497:  0.268 0.179 0.364 0.190 1    
498:  0.032 0.116 0.745 0.106 1    
499:  0.206 0.469 0.285 0.040 1    
500:  0.131 0.585 0.163 0.122 1    
501:  0.172 0.062 0.054 0.712 1    
502:  0.765 0.079 0.073 0.083 1    
503:  0.035 0.461 0.342 0.163 1    
504:  0.140 0.728 0.063 0.069 1    
505:  0.098 0.150 0.597 0.154 1    
506:  0.381 0.068 0.328 0.223 1    
507:  0.033 0.789 0.060 0.118 1    
508:  0.101 0.352 0.050 0.498 1    
509:  0.387 0.206 0.301 0.106 1    
510:  0.280 0.157 0.115 0.448 1    
511:  0.725 0.120 0.066 0.089 1    
512:  0.687 0.034 0.238 0.042 1    
513:  0.210 0.242 0.427 0.122 1    
514:  0.497 0.112 0.338 0.053 1    
515:  0.070 0.054 0.312 0.563 1    
516:  0.156 0.056 0.503 0.285 1    
517:  0.166 0.106 0.213 0.515 1    
518:  0.066 0.821 0.052 0.062 1    
519:  0.156 0.239 0.505 0.099 1    
520:  0.885 0.028 0.046 0.041 1    
521:  0.087 0.122 0.137 0.653 1    
522:  0.116 0.595 0.090 0.198 1    
523:  0.569 0.132 0.100 0.200 1    
524:  0.561 0.083 0.252 0.105 1    
525:  0.148 0.065 0.240 0.547 1    
526:  0.456 0.120 0.156 0.267 1    
527:  0.078 0.312 0.521 0.089 1    
528:  0.097 0.554 0.184 0.164 1    
529:  0.092 0.229 0.573 0.105 1    
530:  0.313 0.474 0.165 0.049 1    
531:  0.077 0.033 0.048 0.842 1    
532:  0.595 0.036 0.221 0.147 1    
533:  0.112 0.156 0.464 0.268 1    
534:  0.028 0.028 0.923 0.021 1    
535:  0.839 0.054 0.061 0.046 1    
536:  0.134 0.065 0.353 0.448 1    
537:  0.873 0.042 0.027 0.058 1    
538:  0.418 0.069 0.384 0.129 1    
539:  0.812 0.047 0.036 0.105 1    
540:  0.092 0.075 0.759 0.073 1    
541:  0.305 0.076 0.381 0.239 1    
542:  0.262 0.551 0.151 0.036 1    
543:  0.904 0.037 0.030 0.029 1    
544:  0.460 0.268 0.133 0.139 1    
545:  0.115 0.039 0.100 0.745 1    
546:  0.174 0.592 0.165 0.069 1    
547:  0.934 0.024 0.022 0.020 1    
548:  0.095 0.752 0.063 0.090 1    
549:  0.765 0.042 0.049 0.143 1    
550:  0.857 0.074 0.036 0.033 1    
551:  0.297 0.470 0.172 0.062 1    
552:  0.501 0.192 0.105 0.202 1    
553:  0.743 0.138 0.028 0.091 1    
554:  0.208 0.486 0.098 0.208 1    
555:  0.038 0.905 0.028 0.029 1    
556:  0.081 0.443 0.272 0.204 1    
557:  0.616 0.101 0.177 0.106 1    
558:  0.122 0.261 0.501 0.116 1    
559:  0.069 0.724 0.084 0.123 1    
560:  0.699 0.098 0.089 0.114 1    
561:  0.297 0.093 0.372 0.239 1    
562:  0.236 0.454 0.114 0.196 1    
563:  0.090 0.536 0.173 0.201 1    
564:  0.245 0.324 0.204 0.227 1    
565:  0.109 0.077 0.648 0.166 1    
566:  0.069 0.166 0.086 0.678 1    
567:  0.050 0.243 0.482 0.224 1    
568:  0.122 0.126 0.382 0.370 1    
569:  0.229 0.161 0.055 0.556 1    
570:  0.058 0.112 0.710 0.120 1    
571:  0.173 0.055 0.668 0.104 1    
572:  0.193 0.706 0.031 0.070 1    
573:  0.206 0.049 0.249 0.495 1    
574:  0.555 0.050 0.313 0.083 1    
575:  0.090 0.600 0.077 0.233 1    
576:  0.553 0.116 0.229 0.102 1    
577:  0.055 0.776 0.031 0.138 1    
578:  0.877 0.029 0.059 0.035 1    
579:  0.811 0.093 0.062 0.034 1    
580:  0.806 0.039 0.088 0.066 1    
581:  0.082 0.303 0.565 0.049 1    
582:  0.076 0.121 0.648 0.155 1    
583:  0.072 0.270 0.605 0.053 1    
584:  0.662 0.042 0.214 0.081 1    
585:  0.047 0.051 0.846 0.056 1    
586:  0.139 0.108 0.136 0.617 1    
587:  0.280 0.468 0.205 0.047 1    
588:  0.029 0.017 0.934 0.020 1    
589:  0.040 0.037 0.875 0.048 1    
590:  0.360 0.248 0.243 0.150 1    
591:  0.181 0.668 0.061 0.089 1    
592:  0.217 0.619 0.071 0.093 1    
593:  0.908 0.037 0.034 0.021 1    
594:  0.776 0.097 0.065 0.062 1    
595:  0.605 0.118 0.160 0.118 1    
596:  0.314 0.361 0.149 0.176 1    
597:  0.302 0.202 0.296 0.199 1    
598:  0.345 0.173 0.273 0.208 1    
599:  0.595 0.030 0.283 0.092 1    
600:  0.525 0.047 0.051 0.376 1    
601:  0.163 0.225 0.569 0.043 1    
602:  0.031 0.036 0.910 0.024 1    
603:  0.029 0.025 0.905 0.042 1    
604:  0.020 0.016 0.942 0.022 1    
605:  0.756 0.044 0.069 0.131 1    
606:  0.304 0.424 0.085 0.187 1    
607:  0.090 0.816 0.041 0.053 1    
608:  0.324 0.261 0.330 0.085 1    
609:  0.258 0.113 0.261 0.367 1    
610:  0.270 0.417 0.150 0.163 1    
611:  0.098 0.040 0.747 0.115 1    
612:  0.750 0.038 0.125 0.087 1    
613:  0.097 0.174 0.533 0.197 1    
614:  0.835 0.061 0.050 0.055 1    
615:  0.202 0.182 0.140 0.476 1    
616:  0.116 0.262 0.356 0.267 1    
617:  0.719 0.055 0.154 0.072 1    
618:  0.832 0.039 0.063 0.066 1    
619:  0.111 0.227 0.589 0.073 1    
620:  0.100 0.184 0.106 0.609 1    
621:  0.063 0.036 0.859 0.042 1    
622:  0.114 0.069 0.769 0.048 1    
623:  0.099 0.046 0.820 0.035 1    
624:  0.115 0.053 0.749 0.082 1    
625:  0.342 0.067 0.131 0.461 1    
626:  0.591 0.037 0.206 0.166 1    
627:  0.373 0.155 0.382 0.090 1    
628:  0.439 0.037 0.452 0.072 1    
629:  0.939 0.025 0.019 0.018 1    
630:  0.388 0.053 0.495 0.063 1    
631:  0.068 0.048 0.702 0.182 1    
632:  0.809 0.087 0.072 0.031 1    
633:  0.101 0.175 0.648 0.077 1    
634:  0.246 0.398 0.103 0.253 1    
635:  0.129 0.580 0.178 0.112 1    
636:  0.304 0.047 0.576 0.073 1    
637:  0.085 0.188 0.318 0.409 1    
638:  0.248 0.215 0.114 0.423 1    
639:  0.085 0.198 0.145 0.573 1    
640:  0.129 0.223 0.272 0.375 1    
641:  0.270 0.152 0.178 0.401 1    
642:  0.592 0.102 0.148 0.158 1    
643:  0.324 0.342 0.107 0.228 1    
644:  0.240 0.077 0.092 0.591 1    
645:  0.489 0.042 0.101 0.367 1    
646:  0.058 0.076 0.104 0.762 1    
647:  0.281 0.372 0.047 0.301 1    
648:  0.130 0.393 0.135 0.343 1    
649:  0.657 0.040 0.050 0.254 1    
650:  0.292 0.194 0.332 0.181 1    
651:  0.155 0.559 0.176 0.110 1    
652:  0.189 0.497 0.089 0.225 1    
653:  0.571 0.099 0.196 0.134 1    
654:  0.080 0.493 0.355 0.072 1    
655:  0.222 0.060 0.236 0.482 1    
656:  0.062 0.106 0.571 0.261 1    
657:  0.242 0.216 0.295 0.248 1    
658:  0.032 0.860 0.075 0.033 1    
659:  0.096 0.333 0.257 0.314 1    
660:  0.187 0.140 0.621 0.052 1    
661:  0.377 0.046 0.377 0.200 1    
662:  0.486 0.112 0.186 0.216 1    
663:  0.034 0.035 0.793 0.138 1    
664:  0.231 0.458 0.115 0.196 1    
665:  0.363 0.506 0.079 0.052 1    
666:  0.344 0.162 0.084 0.410 1    
667:  0.126 0.576 0.188 0.110 1    
668:  0.748 0.027 0.047 0.178 1    
669:  0.100 0.447 0.228 0.224 1    
670:  0.498 0.102 0.174 0.226 1    
671:  0.066 0.037 0.070 0.828 1    
672:  0.045 0.070 0.133 0.752 1    
673:  0.436 0.341 0.058 0.166 1    
674:  0.629 0.051 0.055 0.265 1    
675:  0.173 0.536 0.093 0.198 1    
676:  0.471 0.102 0.071 0.356 1    
677:  0.468 0.111 0.295 0.127 1    
678:  0.110 0.182 0.439 0.268 1    
679:  0.081 0.218 0.395 0.305 1    
680:  0.277 0.429 0.133 0.162 1    
681:  0.697 0.058 0.208 0.037 1    
682:  0.048 0.081 0.781 0.089 1    
683:  0.092 0.301 0.122 0.485 1    
684:  0.568 0.073 0.057 0.302 1    
685:  0.289 0.064 0.281 0.366 1    
686:  0.307 0.491 0.081 0.122 1    
687:  0.688 0.132 0.050 0.129 1    
688:  0.263 0.168 0.100 0.470 1    
689:  0.155 0.077 0.578 0.190 1    
690:  0.145 0.083 0.061 0.711 1    
691:  0.024 0.050 0.026 0.899 1    
692:  0.041 0.064 0.038 0.858 1    
693:  0.119 0.504 0.110 0.266 1    
694:  0.058 0.531 0.280 0.131 1    
695:  0.487 0.236 0.168 0.109 1    
696:  0.417 0.091 0.173 0.319 1    
697:  0.129 0.630 0.101 0.140 1    
698:  0.027 0.033 0.099 0.841 1    
699:  0.278 0.124 0.246 0.353 1    
700:  0.078 0.064 0.216 0.642 1    
701:  0.134 0.120 0.153 0.592 1    
702:  0.129 0.243 0.133 0.496 1    
703:  0.034 0.029 0.129 0.809 1    
704:  0.087 0.277 0.180 0.457 1    
705:  0.769 0.057 0.062 0.112 1    
706:  0.092 0.239 0.476 0.193 1    
707:  0.124 0.266 0.139 0.471 1    
708:  0.181 0.239 0.128 0.452 1    
709:  0.138 0.351 0.177 0.335 1    
710:  0.797 0.059 0.031 0.113 1    
711:  0.173 0.235 0.361 0.231 1    
712:  0.093 0.735 0.087 0.084 1    
713:  0.053 0.529 0.094 0.323 1    
714:  0.297 0.043 0.093 0.566 1    
715:  0.236 0.439 0.123 0.203 1    
716:  0.766 0.124 0.036 0.074 1    
717:  0.074 0.267 0.579 0.080 1    
718:  0.089 0.723 0.072 0.117 1    
719:  0.626 0.081 0.105 0.187 1    
720:  0.434 0.049 0.367 0.150 1    
721:  0.271 0.339 0.165 0.225 1    
722:  0.180 0.500 0.094 0.226 1    
723:  0.050 0.749 0.120 0.081 1    
724:  0.136 0.217 0.573 0.075 1    
725:  0.447 0.369 0.092 0.093 1    
726:  0.047 0.654 0.248 0.051 1    
727:  0.045 0.075 0.026 0.854 1    
728:  0.838 0.043 0.073 0.046 1    
729:  0.785 0.060 0.059 0.096 1    
730:  0.730 0.058 0.048 0.163 1    
731:  0.661 0.057 0.037 0.245 1    
732:  0.326 0.355 0.114 0.205 1    
733:  0.067 0.084 0.424 0.425 1    
734:  0.131 0.249 0.278 0.342 1    
735:  0.073 0.094 0.080 0.753 1    
736:  0.262 0.297 0.280 0.160 1    
737:  0.767 0.035 0.077 0.121 1    
738:  0.297 0.259 0.201 0.243 1    
739:  0.029 0.034 0.074 0.863 1    
740:  0.047 0.033 0.069 0.851 1    
741:  0.223 0.032 0.585 0.159 1    
742:  0.295 0.182 0.178 0.345 1    
743:  0.167 0.028 0.659 0.146 1    
744:  0.179 0.221 0.427 0.173 1    
745:  0.211 0.243 0.413 0.133 1    
746:  0.106 0.268 0.154 0.473 1    
747:  0.103 0.130 0.327 0.440 1    
748:  0.825 0.051 0.087 0.037 1    
749:  0.107 0.045 0.149 0.698 1    
750:  0.246 0.042 0.509 0.204 1    
751:  0.103 0.776 0.047 0.073 1    
752:  0.334 0.152 0.382 0.132 1    
753:  0.062 0.512 0.191 0.234 1    
754:  0.128 0.552 0.066 0.254 1    
755:  0.203 0.638 0.062 0.097 1    
756:  0.145 0.562 0.152 0.142 1    
757:  0.300 0.092 0.066 0.542 1    
758:  0.286 0.202 0.046 0.466 1    
759:  0.039 0.036 0.644 0.281 1    
760:  0.066 0.105 0.601 0.227 1    
761:  0.057 0.136 0.683 0.125 1    
762:  0.130 0.102 0.564 0.203 1    
763:  0.042 0.053 0.057 0.847 1    
764:  0.172 0.052 0.083 0.693 1    
765:  0.216 0.543 0.147 0.094 1    
766:  0.183 0.474 0.029 0.314 1    
767:  0.032 0.095 0.204 0.669 1    
768:  0.277 0.049 0.535 0.139 1    
769:  0.114 0.172 0.273 0.441 1    
770:  0.780 0.039 0.082 0.100 1    
771:  0.408 0.067 0.057 0.468 1    
772:  0.095 0.186 0.522 0.197 1    
773:  0.338 0.123 0.202 0.337 1    
774:  0.886 0.055 0.021 0.038 1    
775:  0.130 0.137 0.243 0.490 1    
776:  0.130 0.378 0.418 0.075 1    
777:  0.191 0.398 0.245 0.166 1    
778:  0.119 0.384 0.096 0.402 1    
779:  0.067 0.056 0.358 0.520 1    
780:  0.515 0.164 0.166 0.155 1    
781:  0.105 0.219 0.219 0.457 1    
782:  0.026 0.127 0.030 0.817 1    
783:  0.308 0.515 0.112 0.065 1    
784:  0.020 0.021 0.043 0.916 1    
785:  0.080 0.207 0.512 0.201 1    
786:  0.191 0.161 0.367 0.281 1    
787:  0.211 0.165 0.399 0.226 1    
788:  0.362 0.142 0.454 0.042 1    
789:  0.058 0.222 0.658 0.062 1    
790:  0.348 0.210 0.132 0.310 1    
791:  0.102 0.104 0.272 0.521 1    
792:  0.797 0.078 0.037 0.088 1    
793:  0.164 0.185 0.296 0.355 1    
794:  0.153 0.531 0.094 0.222 1    
795:  0.246 0.224 0.222 0.308 1    
796:  0.104 0.221 0.336 0.340 1    
797:  0.103 0.111 0.107 0.679 1    
798:  0.082 0.186 0.378 0.354 1    
799:  0.134 0.169 0.120 0.577 1    
800:  0.097 0.613 0.108 0.181 1    
801:  0.069 0.817 0.040 0.075 1    
802:  0.113 0.131 0.561 0.194 1    
803:  0.271 0.608 0.030 0.091 1    
804:  0.028 0.035 0.106 0.831 1    
805:  0.119 0.211 0.244 0.427 1    
806:  0.069 0.729 0.102 0.100 1    
807:  0.316 0.102 0.096 0.486 1    
808:  0.200 0.427 0.073 0.300 1    
809:  0.761 0.042 0.058 0.138 1    
810:  0.085 0.099 0.035 0.781 1    
811:  0.423 0.089 0.149 0.339 1    
812:  0.078 0.269 0.075 0.578 1    
813:  0.057 0.636 0.131 0.176 1    
814:  0.087 0.565 0.119 0.230 1    
815:  0.176 0.253 0.325 0.245 1    
816:  0.085 0.083 0.519 0.312 1    
817:  0.876 0.021 0.025 0.078 1    
818:  0.449 0.097 0.073 0.381 1    
819:  0.128 0.138 0.604 0.130 1    
820:  0.452 0.122 0.232 0.194 1    
821:  0.742 0.031 0.088 0.138 1    
822:  0.083 0.219 0.135 0.562 1    
823:  0.047 0.034 0.295 0.623 1    
824:  0.538 0.051 0.059 0.352 1    
825:  0.439 0.040 0.054 0.467 1    
826:  0.531 0.271 0.115 0.084 1    
827:  0.856 0.074 0.029 0.040 1    
828:  0.832 0.060 0.059 0.049 1    
829:  0.084 0.520 0.321 0.075 1    
830:  0.256 0.166 0.222 0.356 1    
831:  0.086 0.074 0.122 0.718 1    
832:  0.568 0.233 0.078 0.121 1    
833:  0.283 0.276 0.261 0.180 1    
834:  0.397 0.160 0.135 0.309 1    
835:  0.146 0.047 0.177 0.631 1    
836:  0.047 0.241 0.480 0.231 1    
837:  0.065 0.811 0.033 0.092 1    
838:  0.181 0.395 0.107 0.316 1    
839:  0.243 0.146 0.423 0.188 1    
840:  0.473 0.070 0.085 0.372 1    
841:  0.114 0.388 0.301 0.197 1    
842:  0.224 0.358 0.263 0.156 1    
843:  0.053 0.653 0.252 0.042 1    
844:  0.041 0.034 0.739 0.187 1    
845:  0.685 0.105 0.153 0.057 1    
846:  0.070 0.184 0.256 0.490 1    
847:  0.120 0.479 0.267 0.133 1    
848:  0.695 0.122 0.062 0.122 1    
849:  0.374 0.437 0.063 0.126 1    
850:  0.475 0.047 0.032 0.445 1    
851:  0.291 0.221 0.379 0.109 1    
852:  0.074 0.041 0.807 0.078 1    
853:  0.043 0.674 0.180 0.103 1    
854:  0.445 0.055 0.220 0.280 1    
855:  0.206 0.075 0.628 0.091 1    
856:  0.057 0.059 0.040 0.844 1    
857:  0.078 0.755 0.124 0.043 1    
858:  0.172 0.081 0.588 0.159 1    
859:  0.541 0.140 0.235 0.083 1    
860:  0.059 0.346 0.252 0.343 1    
861:  0.096 0.193 0.178 0.532 1    
862:  0.695 0.215 0.022 0.068 1    
863:  0.044 0.090 0.021 0.845 1    
864:  0.478 0.099 0.121 0.302 1    
865:  0.201 0.316 0.295 0.188 1    
866:  0.039 0.692 0.072 0.196 1    
867:  0.068 0.385 0.044 0.502 1    
868:  0.199 0.144 0.225 0.432 1    
869:  0.058 0.289 0.224 0.429 1    
870:  0.075 0.588 0.102 0.234 1    
871:  0.292 0.066 0.483 0.158 1    
872:  0.419 0.089 0.195 0.296 1    
873:  0.129 0.309 0.293 0.269 1    
874:  0.088 0.557 0.193 0.162 1    
875:  0.612 0.095 0.180 0.113 1    
876:  0.693 0.068 0.053 0.186 1    
877:  0.259 0.029 0.030 0.682 1    
878:  0.152 0.744 0.042 0.062 1    
879:  0.194 0.140 0.405 0.261 1    
880:  0.055 0.021 0.118 0.806 1    
881:  0.023 0.023 0.035 0.920 1    
882:  0.030 0.026 0.093 0.851 1    
883:  0.578 0.088 0.044 0.290 1    
884:  0.214 0.349 0.356 0.081 1    
885:  0.506 0.108 0.125 0.260 1    
886:  0.164 0.112 0.296 0.428 1    
887:  0.169 0.103 0.320 0.407 1    
888:  0.518 0.182 0.093 0.206 1    
889:  0.060 0.235 0.479 0.225 1    
890:  0.154 0.105 0.225 0.516 1    
891:  0.044 0.090 0.064 0.802 1    
892:  0.086 0.679 0.039 0.195 1    
893:  0.413 0.115 0.084 0.388 1    
894:  0.067 0.601 0.202 0.129 1    
895:  0.032 0.787 0.057 0.124 1    
896:  0.049 0.190 0.164 0.597 1    
897:  0.446 0.094 0.299 0.160 1    
898:  0.037 0.514 0.085 0.364 1    
899:  0.052 0.780 0.090 0.078 1    
900:  0.183 0.147 0.056 0.615 1    
901:  0.064 0.638 0.171 0.127 1    
902:  0.295 0.070 0.557 0.078 1    
903:  0.219 0.083 0.224 0.474 1    
904:  0.140 0.576 0.067 0.217 1    
905:  0.049 0.752 0.080 0.119 1    
906:  0.396 0.105 0.331 0.168 1    
907:  0.703 0.057 0.088 0.151 1    
908:  0.800 0.118 0.043 0.039 1    
909:  0.050 0.032 0.478 0.439 1    
910:  0.481 0.374 0.034 0.112 1    
911:  0.499 0.180 0.241 0.080 1    
912:  0.069 0.867 0.031 0.033 1    
913:  0.131 0.119 0.064 0.686 1    
914:  0.040 0.899 0.033 0.029 1    
915:  0.085 0.528 0.248 0.139 1    
916:  0.158 0.073 0.273 0.496 1    
917:  0.103 0.055 0.227 0.615 1    
918:  0.069 0.714 0.055 0.162 1    
919:  0.287 0.191 0.468 0.053 1    
920:  0.057 0.749 0.059 0.134 1    
921:  0.126 0.487 0.181 0.207 1    
922:  0.859 0.076 0.025 0.040 1    
923:  0.761 0.116 0.045 0.078 1    
924:  0.031 0.816 0.070 0.084 1    
925:  0.179 0.070 0.696 0.054 1    
926:  0.257 0.308 0.322 0.113 1    
927:  0.038 0.887 0.048 0.028 1    
928:  0.110 0.450 0.049 0.391 1    
929:  0.089 0.089 0.752 0.069 1    
930:  0.106 0.582 0.144 0.169 1    
931:  0.110 0.135 0.686 0.069 1    
932:  0.128 0.393 0.327 0.151 1    
933:  0.060 0.101 0.049 0.790 1    
934:  0.119 0.400 0.164 0.317 1    
935:  0.032 0.087 0.172 0.709 1    
936:  0.069 0.640 0.189 0.102 1    
937:  0.162 0.180 0.149 0.510 1    
938:  0.042 0.696 0.052 0.210 1    
939:  0.076 0.541 0.099 0.285 1    
940:  0.080 0.744 0.033 0.143 1    
941:  0.155 0.264 0.245 0.336 1    
942:  0.834 0.094 0.037 0.036 1    
943:  0.176 0.082 0.418 0.324 1    
944:  0.041 0.848 0.033 0.078 1    
945:  0.044 0.753 0.098 0.105 1    
946:  0.082 0.787 0.072 0.058 1    
947:  0.911 0.043 0.019 0.027 1    
948:  0.097 0.237 0.055 0.612 1    
949:  0.240 0.164 0.479 0.118 1    
950:  0.044 0.842 0.060 0.054 1    
951:  0.145 0.187 0.458 0.210 1    
952:  0.042 0.848 0.040 0.070 1    
953:  0.041 0.878 0.034 0.047 1    
954:  0.690 0.118 0.069 0.123 1    
955:  0.038 0.886 0.037 0.038 1    
956:  0.033 0.882 0.055 0.030 1    
957:  0.076 0.423 0.150 0.351 1    
958:  0.085 0.793 0.040 0.081 1    
959:  0.308 0.334 0.168 0.190 1    
960:  0.130 0.727 0.086 0.058 1    
961:  0.820 0.119 0.027 0.035 1    
962:  0.055 0.105 0.154 0.686 1    
963:  0.033 0.062 0.238 0.668 1    
964:  0.170 0.519 0.210 0.101 1    
965:  0.187 0.236 0.089 0.489 1    
966:  0.130 0.371 0.303 0.196 1    
967:  0.079 0.701 0.152 0.068 1    
968:  0.135 0.648 0.144 0.073 1    
969:  0.855 0.080 0.032 0.033 1    
970:  0.027 0.035 0.913 0.025 1    
971:  0.142 0.680 0.046 0.133 1    
972:  0.179 0.644 0.060 0.118 1    
973:  0.115 0.084 0.541 0.260 1    
974:  0.152 0.686 0.093 0.068 1    
975:  0.091 0.666 0.093 0.151 1    
976:  0.766 0.034 0.056 0.143 1    
977:  0.709 0.119 0.075 0.097 1    
978:  0.229 0.056 0.570 0.145 1    
979:  0.096 0.116 0.192 0.596 1    
980:  0.100 0.120 0.094 0.685 1    
981:  0.120 0.151 0.036 0.693 1    
982:  0.222 0.469 0.155 0.154 1    
983:  0.086 0.742 0.066 0.106 1    
984:  0.181 0.607 0.116 0.096 1    
985:  0.137 0.062 0.129 0.672 1    
986:  0.140 0.057 0.552 0.251 1    
987:  0.053 0.783 0.053 0.111 1    
988:  0.023 0.037 0.762 0.177 1    
989:  0.791 0.082 0.082 0.045 1    
990:  0.127 0.318 0.267 0.287 1    
991:  0.076 0.410 0.425 0.089 1    
992:  0.120 0.450 0.289 0.141 1    
993:  0.268 0.424 0.059 0.249 1    
994:  0.048 0.586 0.115 0.251 1    
995:  0.053 0.038 0.783 0.126 1    
996:  0.539 0.071 0.351 0.038 1    
997:  0.187 0.417 0.131 0.266 1    
998:  0.137 0.517 0.227 0.119 1    
999:  0.150 0.224 0.060 0.566 1    
1000: 0.075 0.700 0.188 0.037 1    
1001: 0.107 0.486 0.046 0.361 1    
1002: 0.045 0.751 0.161 0.043 1    
1003: 0.477 0.115 0.269 0.140 1    
1004: 0.163 0.472 0.265 0.099 1    
1005: 0.114 0.489 0.275 0.122 1    
1006: 0.114 0.729 0.116 0.041 1    
1007: 0.113 0.602 0.205 0.079 1    
1008: 0.130 0.592 0.128 0.150 1    
1009: 0.777 0.037 0.072 0.113 1    
1010: 0.069 0.660 0.120 0.151 1    
1011: 0.713 0.110 0.135 0.042 1    
1012: 0.136 0.060 0.667 0.137 1    
1013: 0.385 0.227 0.149 0.238 1    
1014: 0.056 0.595 0.087 0.263 1    
1015: 0.060 0.626 0.241 0.073 1    
1016: 0.095 0.397 0.193 0.315 1    
1017: 0.131 0.299 0.463 0.106 1    
1018: 0.106 0.154 0.033 0.707 1    
1019: 0.673 0.035 0.043 0.249 1    
1020: 0.097 0.252 0.386 0.265 1    
1021: 0.174 0.137 0.149 0.539 1    
1022: 0.061 0.811 0.051 0.076 1    
1023: 0.467 0.046 0.230 0.257 1    
1024: 0.090 0.265 0.380 0.265 1    
1025: 0.059 0.304 0.539 0.097 1    
1026: 0.084 0.846 0.033 0.038 1    
1027: 0.697 0.071 0.146 0.086 1    
1028: 0.026 0.910 0.032 0.031 1    
1029: 0.132 0.297 0.465 0.106 1    
1030: 0.074 0.498 0.176 0.252 1    
1031: 0.045 0.103 0.502 0.350 1    
1032: 0.217 0.111 0.279 0.394 1    
1033: 0.240 0.199 0.087 0.473 1    
1034: 0.066 0.625 0.052 0.258 1    
1035: 0.138 0.092 0.242 0.528 1    
1036: 0.185 0.345 0.143 0.328 1    
1037: 0.062 0.717 0.172 0.049 1    
1038: 0.164 0.657 0.093 0.086 1    
1039: 0.061 0.365 0.361 0.213 1    
1040: 0.749 0.085 0.092 0.074 1    
1041: 0.364 0.090 0.202 0.344 1    
1042: 0.155 0.749 0.040 0.056 1    
1043: 0.269 0.402 0.058 0.271 1    
1044: 0.068 0.544 0.240 0.148 1    
1045: 0.020 0.052 0.160 0.768 1    
1046: 0.076 0.152 0.384 0.389 1    
1047: 0.176 0.054 0.051 0.719 1    
1048: 0.095 0.300 0.072 0.533 1    
1049: 0.766 0.174 0.035 0.025 1    
1050: 0.704 0.227 0.034 0.035 1    
1051: 0.036 0.062 0.266 0.635 1    
1052: 0.250 0.117 0.584 0.049 1    
1053: 0.187 0.316 0.350 0.147 1    
1054: 0.096 0.757 0.090 0.057 1    
1055: 0.094 0.608 0.259 0.039 1    
1056: 0.095 0.360 0.069 0.476 1    
1057: 0.080 0.789 0.078 0.053 1    
1058: 0.062 0.431 0.398 0.108 1    
1059: 0.153 0.151 0.090 0.606 1    
1060: 0.263 0.346 0.207 0.184 1    
1061: 0.144 0.333 0.444 0.079 1    
1062: 0.417 0.227 0.154 0.201 1    
1063: 0.271 0.403 0.110 0.216 1    
1064: 0.832 0.037 0.034 0.097 1    
1065: 0.279 0.113 0.541 0.067 1    
1066: 0.641 0.044 0.041 0.274 1    
1067: 0.629 0.176 0.066 0.128 1    
1068: 0.094 0.216 0.635 0.054 1    
1069: 0.208 0.465 0.215 0.112 1    
1070: 0.112 0.327 0.453 0.108 1    
1071: 0.067 0.666 0.114 0.153 1    
1072: 0.107 0.058 0.603 0.232 1    
1073: 0.208 0.087 0.307 0.398 1    
1074: 0.209 0.444 0.181 0.166 1    
1075: 0.048 0.409 0.200 0.343 1    
1076: 0.795 0.064 0.072 0.070 1    
1077: 0.044 0.189 0.504 0.263 1    
1078: 0.121 0.149 0.119 0.611 1    
1079: 0.462 0.254 0.134 0.150 1    
1080: 0.065 0.811 0.055 0.069 1    
1081: 0.157 0.325 0.258 0.260 1    
1082: 0.365 0.156 0.085 0.395 1    
1083: 0.108 0.686 0.094 0.113 1    
1084: 0.258 0.407 0.069 0.266 1    
1085: 0.322 0.059 0.082 0.536 1    
1086: 0.069 0.067 0.818 0.046 1    
1087: 0.327 0.250 0.232 0.191 1    
1088: 0.057 0.578 0.164 0.201 1    
1089: 0.321 0.205 0.081 0.393 1    
1090: 0.187 0.041 0.680 0.092 1    
1091: 0.052 0.077 0.841 0.030 1    
1092: 0.054 0.052 0.758 0.136 1    
1093: 0.206 0.336 0.192 0.266 1    
1094: 0.595 0.269 0.079 0.056 1    
1095: 0.183 0.276 0.145 0.396 1    
1096: 0.039 0.413 0.121 0.427 1    
1097: 0.524 0.042 0.370 0.064 1    
1098: 0.176 0.120 0.039 0.665 1    
1099: 0.450 0.122 0.138 0.290 1    
1100: 0.296 0.203 0.199 0.302 1    
1101: 0.549 0.164 0.186 0.101 1    
1102: 0.100 0.046 0.809 0.045 1    
1103: 0.489 0.295 0.134 0.081 1    
1104: 0.717 0.082 0.137 0.064 1    
1105: 0.046 0.757 0.071 0.126 1    
1106: 0.125 0.214 0.155 0.506 1    
1107: 0.206 0.194 0.119 0.481 1    
1108: 0.114 0.611 0.241 0.033 1    
1109: 0.095 0.165 0.036 0.705 1    
1110: 0.259 0.105 0.375 0.261 1    
1111: 0.427 0.151 0.222 0.199 1    
