1:    0.013 0.056 0.045 0.760 0.019 0.016 0.027 0.018 0.018 0.028 1    
2:    0.012 0.041 0.011 0.725 0.112 0.015 0.023 0.019 0.030 0.011 1    
3:    0.008 0.049 0.011 0.816 0.015 0.011 0.013 0.010 0.037 0.029 1    
4:    0.010 0.054 0.012 0.626 0.063 0.037 0.029 0.101 0.053 0.015 1    
5:    0.012 0.107 0.036 0.583 0.030 0.035 0.019 0.145 0.021 0.010 1    
6:    0.008 0.031 0.005 0.814 0.009 0.021 0.009 0.040 0.042 0.019 1    
7:    0.006 0.032 0.021 0.767 0.030 0.016 0.008 0.017 0.022 0.082 1    
8:    0.015 0.043 0.011 0.702 0.029 0.011 0.047 0.023 0.031 0.088 1    
9:    0.021 0.105 0.033 0.095 0.038 0.045 0.056 0.262 0.235 0.110 1    
10:   0.049 0.022 0.055 0.337 0.017 0.051 0.058 0.346 0.049 0.018 1    
11:   0.013 0.010 0.039 0.090 0.011 0.039 0.013 0.764 0.011 0.012 1    
12:   0.014 0.140 0.114 0.353 0.044 0.028 0.129 0.111 0.052 0.015 1    
13:   0.112 0.029 0.038 0.146 0.086 0.027 0.019 0.477 0.030 0.036 1    
14:   0.035 0.017 0.051 0.165 0.045 0.085 0.019 0.516 0.039 0.029 1    
15:   0.007 0.021 0.027 0.112 0.105 0.084 0.026 0.116 0.493 0.009 1    
16:   0.235 0.014 0.036 0.131 0.031 0.018 0.021 0.338 0.024 0.152 1    
17:   0.008 0.022 0.016 0.012 0.008 0.012 0.009 0.859 0.015 0.041 1    
18:   0.035 0.019 0.011 0.006 0.006 0.863 0.008 0.022 0.018 0.012 1    
19:   0.072 0.118 0.012 0.015 0.011 0.576 0.015 0.138 0.030 0.013 1    
20:   0.078 0.018 0.015 0.007 0.027 0.750 0.008 0.017 0.013 0.066 1    
21:   0.018 0.008 0.012 0.006 0.007 0.887 0.009 0.011 0.032 0.010 1    
22:   0.233 0.015 0.012 0.008 0.009 0.682 0.007 0.009 0.015 0.011 1    
23:   0.062 0.026 0.019 0.009 0.070 0.639 0.018 0.117 0.027 0.012 1    
24:   0.014 0.009 0.011 0.005 0.021 0.884 0.012 0.013 0.012 0.019 1    
25:   0.007 0.007 0.005 0.007 0.006 0.943 0.007 0.005 0.005 0.008 1    
26:   0.004 0.009 0.008 0.006 0.005 0.946 0.006 0.005 0.006 0.005 1    
27:   0.004 0.011 0.014 0.009 0.009 0.917 0.012 0.006 0.011 0.007 1    
28:   0.011 0.014 0.010 0.012 0.008 0.895 0.022 0.009 0.010 0.008 1    
29:   0.006 0.019 0.033 0.011 0.014 0.879 0.014 0.006 0.009 0.008 1    
30:   0.005 0.011 0.009 0.008 0.009 0.936 0.005 0.005 0.007 0.005 1    
31:   0.012 0.043 0.042 0.034 0.037 0.697 0.068 0.009 0.036 0.022 1    
32:   0.039 0.009 0.010 0.215 0.009 0.008 0.019 0.636 0.020 0.036 1    
33:   0.112 0.025 0.018 0.472 0.020 0.052 0.056 0.161 0.070 0.013 1    
34:   0.027 0.016 0.008 0.061 0.018 0.039 0.030 0.259 0.501 0.039 1    
35:   0.025 0.007 0.008 0.014 0.013 0.006 0.011 0.879 0.017 0.019 1    
36:   0.017 0.014 0.113 0.379 0.032 0.050 0.061 0.227 0.091 0.015 1    
37:   0.010 0.009 0.025 0.835 0.029 0.021 0.040 0.015 0.013 0.005 1    
38:   0.023 0.007 0.007 0.026 0.008 0.013 0.010 0.864 0.029 0.013 1    
39:   0.034 0.323 0.047 0.012 0.078 0.111 0.233 0.077 0.057 0.028 1    
40:   0.006 0.056 0.019 0.013 0.016 0.160 0.126 0.534 0.020 0.051 1    
41:   0.018 0.158 0.285 0.023 0.151 0.107 0.075 0.093 0.028 0.062 1    
42:   0.011 0.074 0.018 0.010 0.012 0.373 0.069 0.413 0.012 0.009 1    
43:   0.012 0.038 0.084 0.010 0.012 0.258 0.070 0.435 0.010 0.071 1    
44:   0.006 0.057 0.025 0.025 0.024 0.120 0.125 0.574 0.009 0.036 1    
45:   0.008 0.027 0.017 0.042 0.023 0.048 0.616 0.126 0.018 0.074 1    
46:   0.005 0.080 0.034 0.010 0.026 0.134 0.071 0.597 0.010 0.033 1    
47:   0.035 0.011 0.011 0.036 0.028 0.817 0.009 0.015 0.027 0.012 1    
48:   0.012 0.058 0.009 0.196 0.078 0.466 0.026 0.009 0.074 0.072 1    
49:   0.013 0.023 0.017 0.090 0.016 0.725 0.017 0.007 0.041 0.050 1    
50:   0.030 0.017 0.016 0.018 0.012 0.863 0.007 0.010 0.017 0.009 1    
51:   0.030 0.013 0.019 0.013 0.010 0.876 0.008 0.009 0.013 0.010 1    
52:   0.005 0.018 0.008 0.006 0.675 0.135 0.103 0.022 0.013 0.015 1    
53:   0.022 0.009 0.013 0.030 0.402 0.013 0.466 0.019 0.009 0.018 1    
54:   0.010 0.007 0.014 0.010 0.085 0.049 0.793 0.011 0.014 0.007 1    
55:   0.046 0.007 0.033 0.020 0.031 0.019 0.652 0.169 0.010 0.012 1    
56:   0.038 0.008 0.037 0.021 0.050 0.021 0.576 0.226 0.010 0.013 1    
57:   0.036 0.013 0.007 0.018 0.157 0.029 0.666 0.057 0.006 0.010 1    
58:   0.010 0.008 0.012 0.009 0.026 0.051 0.852 0.014 0.009 0.009 1    
59:   0.081 0.022 0.022 0.113 0.338 0.077 0.040 0.142 0.149 0.015 1    
60:   0.011 0.008 0.010 0.033 0.009 0.880 0.009 0.018 0.010 0.012 1    
61:   0.012 0.016 0.015 0.042 0.045 0.793 0.028 0.018 0.014 0.017 1    
62:   0.009 0.025 0.014 0.125 0.018 0.748 0.022 0.010 0.010 0.019 1    
63:   0.010 0.046 0.016 0.084 0.012 0.759 0.043 0.012 0.009 0.011 1    
64:   0.007 0.025 0.010 0.053 0.007 0.845 0.014 0.017 0.011 0.011 1    
65:   0.008 0.011 0.012 0.024 0.012 0.849 0.050 0.010 0.008 0.016 1    
66:   0.160 0.078 0.011 0.013 0.029 0.544 0.100 0.034 0.008 0.024 1    
67:   0.017 0.013 0.009 0.013 0.009 0.764 0.145 0.016 0.007 0.006 1    
68:   0.088 0.028 0.018 0.070 0.273 0.274 0.123 0.021 0.013 0.092 1    
69:   0.014 0.028 0.011 0.036 0.019 0.462 0.369 0.034 0.011 0.016 1    
70:   0.028 0.005 0.007 0.007 0.008 0.918 0.005 0.007 0.007 0.008 1    
71:   0.017 0.016 0.006 0.011 0.011 0.814 0.088 0.020 0.007 0.010 1    
72:   0.051 0.009 0.008 0.010 0.008 0.854 0.030 0.015 0.009 0.007 1    
73:   0.034 0.022 0.010 0.021 0.017 0.672 0.172 0.029 0.013 0.009 1    
74:   0.100 0.018 0.013 0.015 0.015 0.695 0.044 0.063 0.019 0.018 1    
75:   0.006 0.042 0.029 0.032 0.012 0.041 0.018 0.781 0.010 0.030 1    
76:   0.012 0.156 0.101 0.040 0.016 0.020 0.032 0.532 0.011 0.081 1    
77:   0.028 0.171 0.355 0.070 0.021 0.070 0.053 0.154 0.021 0.058 1    
78:   0.013 0.020 0.096 0.043 0.173 0.351 0.079 0.162 0.048 0.015 1    
79:   0.017 0.122 0.305 0.048 0.026 0.043 0.263 0.109 0.015 0.051 1    
80:   0.006 0.031 0.282 0.012 0.023 0.227 0.222 0.169 0.009 0.019 1    
81:   0.013 0.033 0.032 0.016 0.051 0.770 0.044 0.024 0.007 0.009 1    
82:   0.019 0.346 0.090 0.015 0.018 0.264 0.136 0.036 0.015 0.061 1    
83:   0.017 0.066 0.027 0.013 0.010 0.772 0.046 0.027 0.009 0.013 1    
84:   0.011 0.158 0.073 0.026 0.051 0.607 0.044 0.010 0.007 0.014 1    
85:   0.009 0.017 0.417 0.071 0.299 0.095 0.031 0.023 0.010 0.028 1    
86:   0.020 0.060 0.019 0.020 0.008 0.767 0.063 0.024 0.008 0.011 1    
87:   0.007 0.306 0.032 0.066 0.087 0.017 0.393 0.020 0.041 0.031 1    
88:   0.006 0.282 0.053 0.030 0.019 0.009 0.540 0.012 0.018 0.030 1    
89:   0.008 0.043 0.045 0.015 0.120 0.011 0.617 0.051 0.015 0.074 1    
90:   0.006 0.636 0.014 0.012 0.032 0.028 0.216 0.009 0.009 0.037 1    
91:   0.017 0.040 0.034 0.793 0.026 0.008 0.028 0.034 0.010 0.009 1    
92:   0.013 0.018 0.010 0.851 0.026 0.011 0.012 0.044 0.008 0.008 1    
93:   0.026 0.097 0.114 0.204 0.012 0.007 0.014 0.432 0.032 0.063 1    
94:   0.010 0.009 0.018 0.889 0.019 0.007 0.016 0.008 0.011 0.013 1    
95:   0.028 0.020 0.020 0.791 0.031 0.011 0.025 0.036 0.010 0.029 1    
96:   0.071 0.012 0.012 0.222 0.023 0.042 0.020 0.062 0.016 0.520 1    
97:   0.035 0.116 0.246 0.084 0.152 0.268 0.048 0.030 0.007 0.014 1    
98:   0.032 0.232 0.035 0.192 0.224 0.186 0.057 0.014 0.015 0.013 1    
99:   0.029 0.045 0.018 0.058 0.619 0.156 0.043 0.012 0.009 0.011 1    
100:  0.006 0.083 0.569 0.031 0.052 0.147 0.038 0.041 0.015 0.018 1    
101:  0.014 0.064 0.018 0.017 0.795 0.033 0.027 0.007 0.013 0.011 1    
102:  0.011 0.317 0.020 0.428 0.059 0.042 0.063 0.021 0.015 0.025 1    
103:  0.020 0.115 0.030 0.038 0.204 0.087 0.438 0.016 0.010 0.042 1    
104:  0.010 0.006 0.007 0.013 0.011 0.880 0.009 0.034 0.016 0.013 1    
105:  0.015 0.007 0.015 0.015 0.055 0.838 0.008 0.024 0.016 0.008 1    
106:  0.007 0.008 0.006 0.011 0.007 0.921 0.009 0.007 0.011 0.012 1    
107:  0.013 0.007 0.008 0.008 0.032 0.894 0.008 0.011 0.007 0.011 1    
108:  0.006 0.022 0.007 0.013 0.011 0.889 0.012 0.012 0.011 0.017 1    
109:  0.009 0.038 0.013 0.016 0.041 0.833 0.015 0.012 0.009 0.014 1    
110:  0.011 0.009 0.018 0.015 0.036 0.724 0.011 0.046 0.021 0.109 1    
111:  0.011 0.023 0.024 0.013 0.104 0.758 0.013 0.022 0.013 0.020 1    
112:  0.012 0.008 0.014 0.016 0.018 0.736 0.009 0.025 0.044 0.118 1    
113:  0.005 0.029 0.006 0.624 0.023 0.250 0.022 0.016 0.016 0.011 1    
114:  0.041 0.012 0.029 0.019 0.024 0.764 0.056 0.014 0.030 0.010 1    
115:  0.012 0.051 0.015 0.364 0.036 0.281 0.056 0.125 0.011 0.050 1    
116:  0.070 0.011 0.015 0.033 0.019 0.754 0.034 0.018 0.017 0.027 1    
117:  0.009 0.026 0.019 0.337 0.037 0.085 0.071 0.370 0.021 0.024 1    
118:  0.011 0.011 0.009 0.015 0.009 0.907 0.007 0.012 0.012 0.007 1    
119:  0.005 0.025 0.011 0.454 0.010 0.432 0.016 0.016 0.023 0.008 1    
120:  0.012 0.009 0.019 0.009 0.118 0.730 0.018 0.013 0.018 0.054 1    
121:  0.006 0.021 0.008 0.704 0.033 0.160 0.020 0.019 0.023 0.007 1    
122:  0.014 0.018 0.011 0.022 0.028 0.832 0.015 0.016 0.034 0.011 1    
123:  0.010 0.035 0.021 0.426 0.027 0.250 0.028 0.173 0.017 0.014 1    
124:  0.014 0.030 0.007 0.022 0.012 0.834 0.023 0.014 0.033 0.012 1    
125:  0.005 0.036 0.017 0.077 0.117 0.517 0.164 0.017 0.016 0.035 1    
126:  0.298 0.018 0.050 0.023 0.025 0.464 0.053 0.025 0.030 0.013 1    
127:  0.025 0.010 0.039 0.015 0.100 0.682 0.026 0.041 0.031 0.030 1    
128:  0.009 0.022 0.017 0.013 0.018 0.849 0.017 0.015 0.014 0.025 1    
129:  0.119 0.066 0.016 0.209 0.031 0.256 0.022 0.057 0.118 0.106 1    
130:  0.029 0.401 0.052 0.029 0.008 0.371 0.036 0.030 0.032 0.012 1    
131:  0.013 0.483 0.024 0.177 0.009 0.076 0.084 0.007 0.108 0.018 1    
132:  0.023 0.266 0.028 0.277 0.013 0.061 0.015 0.059 0.178 0.079 1    
133:  0.020 0.432 0.023 0.300 0.011 0.093 0.027 0.009 0.072 0.013 1    
134:  0.032 0.305 0.027 0.250 0.019 0.072 0.013 0.056 0.160 0.067 1    
135:  0.022 0.393 0.044 0.017 0.007 0.339 0.122 0.012 0.031 0.013 1    
136:  0.013 0.917 0.007 0.010 0.009 0.005 0.015 0.005 0.009 0.010 1    
137:  0.009 0.920 0.006 0.008 0.007 0.015 0.014 0.005 0.007 0.008 1    
138:  0.105 0.678 0.024 0.022 0.049 0.012 0.070 0.006 0.014 0.018 1    
139:  0.029 0.852 0.015 0.013 0.021 0.008 0.031 0.009 0.011 0.013 1    
140:  0.013 0.929 0.007 0.008 0.010 0.008 0.008 0.005 0.006 0.007 1    
141:  0.090 0.481 0.093 0.014 0.053 0.015 0.187 0.034 0.011 0.021 1    
142:  0.012 0.916 0.008 0.011 0.012 0.009 0.008 0.006 0.009 0.010 1    
143:  0.030 0.545 0.013 0.025 0.017 0.022 0.324 0.006 0.008 0.010 1    
144:  0.053 0.661 0.012 0.022 0.016 0.029 0.188 0.007 0.006 0.008 1    
145:  0.014 0.663 0.031 0.010 0.011 0.017 0.219 0.012 0.008 0.014 1    
146:  0.030 0.512 0.018 0.020 0.027 0.060 0.294 0.016 0.012 0.011 1    
147:  0.005 0.900 0.012 0.009 0.008 0.014 0.018 0.017 0.010 0.008 1    
148:  0.004 0.781 0.019 0.018 0.041 0.046 0.013 0.009 0.006 0.062 1    
149:  0.005 0.808 0.018 0.025 0.052 0.016 0.012 0.016 0.007 0.040 1    
150:  0.004 0.902 0.008 0.013 0.012 0.029 0.007 0.006 0.011 0.007 1    
151:  0.004 0.925 0.006 0.008 0.011 0.010 0.014 0.009 0.007 0.006 1    
152:  0.006 0.797 0.015 0.009 0.060 0.018 0.023 0.038 0.014 0.021 1    
153:  0.005 0.934 0.006 0.008 0.008 0.006 0.011 0.010 0.005 0.009 1    
154:  0.005 0.874 0.006 0.009 0.044 0.011 0.014 0.015 0.006 0.015 1    
155:  0.008 0.900 0.006 0.018 0.008 0.011 0.010 0.022 0.006 0.010 1    
156:  0.008 0.005 0.005 0.005 0.004 0.006 0.004 0.952 0.005 0.006 1    
157:  0.031 0.073 0.041 0.054 0.076 0.020 0.359 0.283 0.026 0.037 1    
158:  0.028 0.008 0.007 0.010 0.012 0.014 0.013 0.872 0.014 0.023 1    
159:  0.098 0.009 0.023 0.042 0.011 0.008 0.043 0.730 0.012 0.025 1    
160:  0.009 0.007 0.005 0.005 0.005 0.006 0.005 0.937 0.005 0.015 1    
161:  0.009 0.008 0.006 0.007 0.007 0.010 0.009 0.919 0.009 0.016 1    
162:  0.009 0.006 0.008 0.016 0.007 0.010 0.013 0.913 0.012 0.007 1    
163:  0.169 0.015 0.026 0.130 0.028 0.023 0.034 0.514 0.047 0.015 1    
164:  0.031 0.007 0.009 0.010 0.006 0.005 0.007 0.901 0.006 0.018 1    
165:  0.021 0.013 0.033 0.008 0.008 0.017 0.025 0.857 0.008 0.008 1    
166:  0.006 0.006 0.011 0.008 0.006 0.008 0.009 0.930 0.009 0.007 1    
167:  0.426 0.035 0.080 0.024 0.052 0.065 0.030 0.214 0.067 0.007 1    
168:  0.010 0.016 0.034 0.023 0.012 0.018 0.077 0.774 0.030 0.007 1    
169:  0.051 0.010 0.025 0.007 0.013 0.016 0.022 0.834 0.009 0.012 1    
170:  0.021 0.020 0.042 0.007 0.018 0.024 0.035 0.792 0.015 0.024 1    
171:  0.008 0.009 0.019 0.017 0.010 0.021 0.035 0.850 0.015 0.017 1    
172:  0.014 0.015 0.088 0.031 0.009 0.209 0.041 0.572 0.014 0.009 1    
173:  0.007 0.007 0.005 0.008 0.006 0.007 0.009 0.940 0.006 0.005 1    
174:  0.012 0.007 0.006 0.011 0.008 0.007 0.011 0.922 0.006 0.010 1    
175:  0.024 0.010 0.010 0.016 0.006 0.008 0.006 0.895 0.011 0.014 1    
176:  0.010 0.009 0.011 0.011 0.007 0.007 0.028 0.905 0.006 0.006 1    
177:  0.083 0.018 0.025 0.051 0.013 0.010 0.064 0.712 0.016 0.007 1    
178:  0.015 0.012 0.051 0.011 0.009 0.013 0.006 0.779 0.017 0.087 1    
179:  0.009 0.274 0.025 0.011 0.017 0.528 0.039 0.009 0.011 0.076 1    
180:  0.016 0.056 0.015 0.017 0.019 0.691 0.020 0.008 0.027 0.132 1    
181:  0.007 0.101 0.013 0.012 0.008 0.818 0.009 0.008 0.011 0.013 1    
182:  0.010 0.031 0.014 0.019 0.011 0.867 0.012 0.008 0.013 0.016 1    
183:  0.004 0.043 0.012 0.022 0.010 0.853 0.013 0.009 0.012 0.020 1    
184:  0.011 0.026 0.022 0.007 0.008 0.882 0.008 0.007 0.017 0.013 1    
185:  0.007 0.282 0.010 0.008 0.012 0.618 0.017 0.007 0.007 0.033 1    
186:  0.011 0.240 0.018 0.015 0.017 0.649 0.014 0.005 0.013 0.016 1    
187:  0.006 0.013 0.012 0.011 0.008 0.895 0.013 0.014 0.013 0.016 1    
188:  0.007 0.013 0.009 0.013 0.012 0.011 0.018 0.016 0.015 0.887 1    
189:  0.205 0.089 0.025 0.071 0.050 0.040 0.137 0.161 0.017 0.206 1    
190:  0.109 0.171 0.029 0.094 0.150 0.030 0.165 0.081 0.038 0.133 1    
191:  0.056 0.019 0.008 0.019 0.014 0.022 0.012 0.025 0.031 0.795 1    
192:  0.019 0.018 0.014 0.017 0.019 0.015 0.015 0.014 0.024 0.844 1    
193:  0.183 0.136 0.024 0.043 0.014 0.058 0.032 0.046 0.027 0.436 1    
194:  0.149 0.083 0.010 0.040 0.099 0.025 0.029 0.029 0.045 0.490 1    
195:  0.023 0.049 0.015 0.016 0.026 0.034 0.166 0.375 0.024 0.271 1    
196:  0.510 0.065 0.018 0.064 0.032 0.120 0.036 0.078 0.027 0.050 1    
197:  0.024 0.024 0.011 0.012 0.027 0.011 0.010 0.023 0.021 0.838 1    
198:  0.027 0.094 0.031 0.016 0.052 0.017 0.056 0.024 0.029 0.653 1    
199:  0.031 0.076 0.014 0.019 0.077 0.043 0.011 0.012 0.008 0.708 1    
200:  0.037 0.109 0.060 0.010 0.038 0.069 0.054 0.016 0.009 0.599 1    
201:  0.167 0.126 0.033 0.009 0.145 0.044 0.047 0.013 0.009 0.406 1    
202:  0.010 0.018 0.015 0.017 0.018 0.009 0.019 0.007 0.013 0.874 1    
203:  0.014 0.006 0.008 0.007 0.013 0.006 0.007 0.005 0.011 0.923 1    
204:  0.027 0.015 0.021 0.016 0.114 0.010 0.052 0.025 0.028 0.691 1    
205:  0.008 0.010 0.007 0.013 0.022 0.009 0.005 0.006 0.018 0.902 1    
206:  0.012 0.009 0.007 0.008 0.011 0.007 0.027 0.007 0.014 0.896 1    
207:  0.044 0.008 0.010 0.007 0.158 0.012 0.015 0.006 0.011 0.729 1    
208:  0.012 0.059 0.027 0.035 0.044 0.091 0.063 0.009 0.038 0.620 1    
209:  0.027 0.025 0.007 0.009 0.028 0.030 0.007 0.011 0.007 0.850 1    
210:  0.006 0.019 0.777 0.069 0.051 0.017 0.015 0.007 0.016 0.023 1    
211:  0.097 0.053 0.195 0.226 0.169 0.010 0.011 0.013 0.053 0.175 1    
212:  0.031 0.006 0.008 0.005 0.011 0.008 0.008 0.010 0.006 0.908 1    
213:  0.008 0.011 0.012 0.010 0.009 0.008 0.006 0.005 0.012 0.919 1    
214:  0.045 0.017 0.089 0.016 0.008 0.012 0.015 0.014 0.017 0.768 1    
215:  0.037 0.014 0.016 0.018 0.007 0.013 0.009 0.008 0.027 0.851 1    
216:  0.035 0.007 0.017 0.011 0.011 0.009 0.018 0.006 0.009 0.877 1    
217:  0.011 0.009 0.013 0.006 0.008 0.007 0.011 0.008 0.004 0.923 1    
218:  0.012 0.024 0.022 0.012 0.005 0.005 0.012 0.009 0.007 0.892 1    
219:  0.121 0.017 0.065 0.011 0.007 0.009 0.010 0.008 0.016 0.736 1    
220:  0.027 0.009 0.019 0.094 0.182 0.033 0.013 0.019 0.155 0.449 1    
221:  0.013 0.031 0.018 0.020 0.033 0.018 0.009 0.009 0.552 0.298 1    
222:  0.021 0.015 0.016 0.031 0.048 0.035 0.010 0.021 0.037 0.767 1    
223:  0.015 0.018 0.017 0.027 0.098 0.036 0.011 0.063 0.084 0.631 1    
224:  0.017 0.016 0.023 0.027 0.552 0.109 0.030 0.074 0.134 0.018 1    
225:  0.138 0.233 0.050 0.109 0.023 0.056 0.041 0.057 0.200 0.093 1    
226:  0.028 0.018 0.013 0.015 0.105 0.019 0.076 0.019 0.090 0.616 1    
227:  0.006 0.030 0.015 0.025 0.020 0.057 0.014 0.023 0.644 0.165 1    
228:  0.030 0.015 0.038 0.027 0.271 0.086 0.093 0.056 0.363 0.021 1    
229:  0.037 0.012 0.022 0.057 0.102 0.049 0.073 0.075 0.390 0.184 1    
230:  0.022 0.015 0.040 0.022 0.548 0.173 0.018 0.018 0.096 0.046 1    
231:  0.007 0.013 0.043 0.078 0.537 0.090 0.012 0.074 0.029 0.117 1    
232:  0.005 0.008 0.013 0.032 0.860 0.019 0.011 0.024 0.016 0.012 1    
233:  0.011 0.014 0.019 0.018 0.741 0.012 0.017 0.114 0.011 0.042 1    
234:  0.007 0.028 0.024 0.043 0.311 0.047 0.016 0.035 0.434 0.055 1    
235:  0.032 0.012 0.006 0.028 0.528 0.023 0.022 0.042 0.276 0.031 1    
236:  0.040 0.040 0.018 0.041 0.018 0.031 0.030 0.531 0.103 0.149 1    
237:  0.042 0.049 0.013 0.044 0.021 0.031 0.030 0.563 0.073 0.135 1    
238:  0.275 0.014 0.052 0.145 0.022 0.023 0.078 0.331 0.008 0.052 1    
239:  0.119 0.018 0.012 0.007 0.008 0.014 0.025 0.694 0.009 0.094 1    
240:  0.042 0.049 0.019 0.022 0.007 0.013 0.023 0.195 0.012 0.618 1    
241:  0.097 0.013 0.015 0.032 0.009 0.038 0.014 0.664 0.012 0.106 1    
242:  0.406 0.014 0.020 0.013 0.008 0.013 0.060 0.122 0.023 0.320 1    
243:  0.266 0.017 0.025 0.008 0.007 0.016 0.023 0.167 0.024 0.447 1    
244:  0.038 0.011 0.026 0.015 0.005 0.008 0.011 0.828 0.019 0.039 1    
245:  0.034 0.022 0.085 0.024 0.014 0.019 0.371 0.308 0.038 0.086 1    
246:  0.097 0.017 0.032 0.059 0.023 0.016 0.053 0.498 0.014 0.193 1    
247:  0.013 0.048 0.010 0.137 0.007 0.012 0.013 0.130 0.011 0.620 1    
248:  0.010 0.075 0.025 0.252 0.041 0.031 0.038 0.017 0.020 0.490 1    
249:  0.007 0.068 0.013 0.362 0.034 0.018 0.023 0.032 0.076 0.368 1    
250:  0.006 0.122 0.015 0.083 0.018 0.021 0.013 0.022 0.066 0.634 1    
251:  0.004 0.052 0.015 0.326 0.008 0.014 0.022 0.067 0.087 0.405 1    
252:  0.011 0.096 0.012 0.554 0.024 0.014 0.020 0.036 0.061 0.172 1    
253:  0.012 0.043 0.008 0.195 0.012 0.013 0.009 0.081 0.020 0.606 1    
254:  0.008 0.096 0.007 0.513 0.016 0.015 0.026 0.043 0.056 0.220 1    
255:  0.005 0.054 0.017 0.222 0.008 0.042 0.013 0.064 0.027 0.548 1    
256:  0.006 0.009 0.010 0.006 0.005 0.010 0.007 0.017 0.007 0.924 1    
257:  0.012 0.012 0.125 0.013 0.008 0.035 0.009 0.119 0.019 0.648 1    
258:  0.009 0.006 0.016 0.006 0.009 0.005 0.010 0.007 0.006 0.926 1    
259:  0.007 0.012 0.010 0.005 0.007 0.010 0.010 0.014 0.008 0.917 1    
260:  0.004 0.006 0.006 0.004 0.005 0.006 0.005 0.008 0.005 0.953 1    
261:  0.010 0.013 0.018 0.020 0.009 0.007 0.008 0.008 0.017 0.891 1    
262:  0.014 0.008 0.015 0.010 0.009 0.010 0.015 0.010 0.007 0.901 1    
263:  0.003 0.008 0.008 0.008 0.005 0.005 0.008 0.006 0.005 0.943 1    
264:  0.006 0.005 0.009 0.006 0.007 0.007 0.007 0.009 0.005 0.940 1    
265:  0.005 0.010 0.018 0.011 0.005 0.009 0.013 0.018 0.010 0.901 1    
266:  0.005 0.011 0.008 0.006 0.005 0.006 0.020 0.006 0.006 0.926 1    
267:  0.004 0.008 0.024 0.007 0.005 0.008 0.008 0.008 0.006 0.922 1    
268:  0.004 0.009 0.005 0.006 0.004 0.005 0.007 0.007 0.005 0.948 1    
269:  0.006 0.007 0.029 0.008 0.006 0.017 0.011 0.014 0.007 0.895 1    
270:  0.008 0.009 0.006 0.006 0.007 0.007 0.009 0.011 0.008 0.929 1    
271:  0.017 0.009 0.032 0.019 0.013 0.012 0.037 0.016 0.019 0.826 1    
272:  0.005 0.007 0.007 0.005 0.006 0.009 0.006 0.015 0.007 0.934 1    
273:  0.346 0.152 0.196 0.019 0.052 0.086 0.026 0.029 0.026 0.068 1    
274:  0.005 0.009 0.007 0.008 0.008 0.008 0.005 0.023 0.006 0.921 1    
275:  0.013 0.008 0.826 0.010 0.025 0.012 0.021 0.044 0.011 0.031 1    
276:  0.009 0.007 0.014 0.017 0.007 0.012 0.008 0.011 0.009 0.905 1    
277:  0.024 0.011 0.650 0.021 0.026 0.040 0.077 0.111 0.014 0.026 1    
278:  0.005 0.008 0.012 0.008 0.008 0.011 0.009 0.008 0.008 0.925 1    
279:  0.019 0.043 0.723 0.010 0.044 0.048 0.029 0.043 0.022 0.019 1    
280:  0.007 0.009 0.016 0.006 0.006 0.011 0.007 0.011 0.007 0.920 1    
281:  0.028 0.092 0.546 0.021 0.027 0.069 0.015 0.092 0.050 0.059 1    
282:  0.005 0.011 0.009 0.006 0.005 0.009 0.006 0.013 0.008 0.928 1    
283:  0.005 0.009 0.016 0.009 0.007 0.015 0.007 0.018 0.010 0.904 1    
284:  0.016 0.013 0.041 0.009 0.017 0.018 0.017 0.010 0.014 0.845 1    
285:  0.011 0.019 0.012 0.013 0.027 0.007 0.010 0.009 0.006 0.886 1    
286:  0.008 0.014 0.009 0.031 0.020 0.010 0.013 0.021 0.007 0.867 1    
287:  0.019 0.011 0.006 0.018 0.049 0.006 0.016 0.014 0.009 0.851 1    
288:  0.028 0.020 0.008 0.018 0.032 0.010 0.010 0.010 0.006 0.859 1    
289:  0.012 0.030 0.013 0.008 0.061 0.012 0.018 0.009 0.009 0.827 1    
290:  0.018 0.015 0.006 0.026 0.064 0.007 0.021 0.015 0.010 0.818 1    
291:  0.009 0.017 0.007 0.036 0.020 0.011 0.012 0.016 0.008 0.863 1    
292:  0.012 0.012 0.008 0.015 0.069 0.009 0.008 0.008 0.008 0.851 1    
293:  0.058 0.007 0.817 0.023 0.018 0.013 0.014 0.012 0.028 0.011 1    
294:  0.054 0.009 0.856 0.007 0.018 0.009 0.021 0.006 0.008 0.013 1    
295:  0.271 0.044 0.372 0.034 0.028 0.021 0.014 0.008 0.199 0.008 1    
296:  0.174 0.032 0.643 0.016 0.017 0.012 0.012 0.008 0.073 0.013 1    
297:  0.084 0.025 0.696 0.027 0.009 0.009 0.011 0.007 0.124 0.008 1    
298:  0.195 0.015 0.517 0.034 0.024 0.019 0.010 0.012 0.168 0.008 1    
299:  0.014 0.008 0.892 0.011 0.015 0.013 0.015 0.008 0.011 0.013 1    
300:  0.158 0.015 0.607 0.045 0.015 0.012 0.012 0.008 0.123 0.006 1    
301:  0.030 0.013 0.028 0.016 0.165 0.038 0.009 0.312 0.010 0.380 1    
302:  0.016 0.007 0.047 0.035 0.163 0.012 0.016 0.017 0.026 0.662 1    
303:  0.108 0.018 0.175 0.011 0.224 0.184 0.022 0.152 0.027 0.079 1    
304:  0.016 0.015 0.025 0.025 0.060 0.015 0.018 0.015 0.017 0.795 1    
305:  0.009 0.009 0.135 0.034 0.148 0.064 0.011 0.458 0.034 0.096 1    
306:  0.006 0.008 0.070 0.016 0.010 0.008 0.011 0.013 0.030 0.826 1    
307:  0.067 0.012 0.037 0.011 0.080 0.068 0.022 0.251 0.021 0.432 1    
308:  0.008 0.011 0.041 0.016 0.016 0.028 0.007 0.015 0.057 0.801 1    
309:  0.007 0.007 0.055 0.032 0.020 0.035 0.008 0.684 0.025 0.125 1    
310:  0.010 0.013 0.034 0.016 0.041 0.007 0.013 0.010 0.011 0.846 1    
311:  0.022 0.014 0.136 0.049 0.192 0.073 0.013 0.355 0.015 0.132 1    
312:  0.009 0.019 0.252 0.068 0.015 0.058 0.013 0.059 0.282 0.225 1    
313:  0.023 0.039 0.175 0.034 0.162 0.183 0.013 0.168 0.019 0.184 1    
314:  0.010 0.008 0.020 0.033 0.018 0.011 0.012 0.012 0.044 0.832 1    
315:  0.016 0.016 0.492 0.012 0.023 0.079 0.016 0.179 0.066 0.102 1    
316:  0.015 0.017 0.055 0.069 0.365 0.055 0.019 0.024 0.074 0.306 1    
317:  0.041 0.015 0.039 0.017 0.076 0.087 0.010 0.343 0.025 0.346 1    
318:  0.011 0.019 0.017 0.022 0.805 0.026 0.046 0.021 0.017 0.016 1    
319:  0.009 0.031 0.014 0.017 0.839 0.032 0.017 0.020 0.011 0.010 1    
320:  0.007 0.033 0.022 0.016 0.855 0.012 0.017 0.018 0.011 0.009 1    
321:  0.012 0.024 0.108 0.014 0.710 0.012 0.049 0.015 0.022 0.033 1    
322:  0.008 0.011 0.015 0.008 0.895 0.008 0.018 0.014 0.013 0.009 1    
323:  0.008 0.020 0.024 0.019 0.826 0.015 0.037 0.008 0.020 0.022 1    
324:  0.011 0.035 0.019 0.086 0.591 0.020 0.027 0.012 0.039 0.161 1    
325:  0.011 0.023 0.035 0.101 0.446 0.047 0.061 0.010 0.060 0.206 1    
326:  0.008 0.008 0.035 0.024 0.830 0.011 0.011 0.012 0.040 0.020 1    
327:  0.006 0.009 0.015 0.022 0.780 0.014 0.020 0.013 0.070 0.052 1    
328:  0.051 0.025 0.103 0.120 0.039 0.017 0.427 0.092 0.091 0.034 1    
329:  0.017 0.022 0.551 0.117 0.029 0.021 0.061 0.032 0.053 0.098 1    
330:  0.015 0.025 0.097 0.343 0.013 0.088 0.255 0.014 0.062 0.087 1    
331:  0.035 0.012 0.128 0.081 0.028 0.034 0.500 0.061 0.079 0.041 1    
332:  0.005 0.019 0.061 0.075 0.023 0.152 0.037 0.016 0.218 0.396 1    
333:  0.021 0.052 0.389 0.137 0.019 0.063 0.167 0.058 0.047 0.048 1    
334:  0.009 0.039 0.009 0.018 0.017 0.052 0.127 0.673 0.040 0.016 1    
335:  0.046 0.024 0.010 0.022 0.020 0.019 0.059 0.249 0.010 0.541 1    
336:  0.023 0.046 0.005 0.012 0.011 0.016 0.076 0.089 0.030 0.692 1    
337:  0.012 0.072 0.015 0.013 0.020 0.028 0.112 0.675 0.015 0.039 1    
338:  0.008 0.195 0.012 0.013 0.010 0.057 0.045 0.407 0.014 0.239 1    
339:  0.006 0.055 0.005 0.013 0.014 0.017 0.009 0.042 0.007 0.832 1    
340:  0.004 0.015 0.008 0.011 0.011 0.007 0.014 0.017 0.006 0.909 1    
341:  0.010 0.022 0.181 0.075 0.106 0.206 0.154 0.200 0.030 0.016 1    
342:  0.010 0.012 0.789 0.034 0.036 0.030 0.040 0.014 0.012 0.024 1    
343:  0.006 0.010 0.313 0.047 0.018 0.110 0.439 0.013 0.009 0.034 1    
344:  0.041 0.031 0.193 0.070 0.056 0.148 0.281 0.149 0.017 0.013 1    
345:  0.007 0.010 0.731 0.026 0.069 0.049 0.022 0.040 0.016 0.029 1    
346:  0.174 0.021 0.190 0.152 0.051 0.056 0.173 0.056 0.035 0.093 1    
347:  0.015 0.024 0.324 0.085 0.016 0.107 0.064 0.302 0.026 0.039 1    
348:  0.128 0.016 0.100 0.224 0.051 0.112 0.079 0.023 0.044 0.223 1    
349:  0.077 0.015 0.085 0.411 0.019 0.101 0.158 0.066 0.036 0.033 1    
350:  0.017 0.017 0.098 0.013 0.015 0.039 0.737 0.046 0.006 0.012 1    
351:  0.011 0.015 0.384 0.033 0.057 0.033 0.198 0.227 0.014 0.027 1    
352:  0.046 0.010 0.015 0.776 0.013 0.028 0.010 0.022 0.052 0.028 1    
353:  0.141 0.027 0.057 0.206 0.037 0.052 0.183 0.165 0.098 0.032 1    
354:  0.146 0.026 0.128 0.169 0.078 0.059 0.277 0.037 0.030 0.050 1    
355:  0.017 0.034 0.092 0.025 0.040 0.014 0.005 0.033 0.409 0.331 1    
356:  0.006 0.016 0.037 0.007 0.009 0.009 0.006 0.023 0.015 0.873 1    
357:  0.006 0.014 0.030 0.008 0.008 0.012 0.006 0.031 0.018 0.866 1    
358:  0.030 0.019 0.039 0.010 0.011 0.009 0.005 0.010 0.019 0.848 1    
359:  0.009 0.025 0.251 0.013 0.061 0.019 0.017 0.054 0.037 0.512 1    
360:  0.010 0.038 0.320 0.019 0.086 0.019 0.020 0.048 0.043 0.398 1    
361:  0.035 0.018 0.049 0.011 0.014 0.013 0.007 0.010 0.038 0.806 1    
362:  0.035 0.015 0.059 0.012 0.063 0.007 0.008 0.006 0.027 0.767 1    
363:  0.007 0.012 0.020 0.005 0.007 0.009 0.005 0.020 0.011 0.902 1    
364:  0.112 0.095 0.204 0.035 0.102 0.056 0.062 0.071 0.245 0.019 1    
365:  0.079 0.050 0.040 0.022 0.022 0.053 0.037 0.054 0.619 0.024 1    
366:  0.027 0.014 0.015 0.035 0.012 0.297 0.011 0.013 0.568 0.008 1    
367:  0.069 0.249 0.029 0.017 0.018 0.144 0.038 0.059 0.356 0.021 1    
368:  0.066 0.051 0.032 0.031 0.032 0.074 0.019 0.025 0.656 0.014 1    
369:  0.179 0.050 0.025 0.036 0.064 0.206 0.017 0.028 0.378 0.016 1    
370:  0.034 0.025 0.022 0.044 0.025 0.030 0.080 0.012 0.718 0.010 1    
371:  0.030 0.010 0.013 0.011 0.014 0.390 0.009 0.021 0.496 0.007 1    
372:  0.247 0.034 0.028 0.110 0.025 0.056 0.054 0.125 0.306 0.014 1    
373:  0.009 0.010 0.019 0.010 0.891 0.010 0.005 0.009 0.022 0.015 1    
374:  0.011 0.082 0.294 0.025 0.476 0.024 0.013 0.013 0.027 0.036 1    
375:  0.005 0.013 0.018 0.013 0.903 0.009 0.018 0.005 0.010 0.006 1    
376:  0.006 0.027 0.034 0.012 0.872 0.008 0.017 0.006 0.010 0.008 1    
377:  0.005 0.034 0.206 0.014 0.682 0.012 0.017 0.006 0.012 0.013 1    
378:  0.016 0.014 0.059 0.017 0.825 0.010 0.008 0.017 0.021 0.012 1    
379:  0.027 0.008 0.011 0.008 0.006 0.006 0.907 0.011 0.006 0.009 1    
380:  0.007 0.224 0.368 0.024 0.256 0.029 0.010 0.032 0.034 0.017 1    
381:  0.455 0.102 0.021 0.017 0.038 0.025 0.012 0.020 0.195 0.114 1    
382:  0.428 0.268 0.014 0.020 0.047 0.086 0.010 0.021 0.081 0.025 1    
383:  0.556 0.118 0.010 0.018 0.026 0.041 0.006 0.010 0.136 0.077 1    
384:  0.690 0.027 0.016 0.019 0.019 0.036 0.021 0.012 0.119 0.039 1    
385:  0.615 0.102 0.042 0.023 0.025 0.028 0.027 0.022 0.069 0.046 1    
386:  0.531 0.018 0.007 0.024 0.027 0.037 0.011 0.015 0.278 0.054 1    
387:  0.010 0.014 0.040 0.070 0.112 0.619 0.056 0.008 0.048 0.022 1    
388:  0.020 0.261 0.119 0.186 0.025 0.067 0.054 0.023 0.072 0.174 1    
389:  0.009 0.021 0.045 0.100 0.255 0.379 0.033 0.066 0.048 0.043 1    
390:  0.007 0.014 0.013 0.009 0.894 0.011 0.015 0.008 0.010 0.021 1    
391:  0.007 0.130 0.260 0.018 0.446 0.012 0.038 0.018 0.015 0.056 1    
392:  0.006 0.056 0.097 0.166 0.047 0.256 0.058 0.013 0.281 0.020 1    
393:  0.010 0.104 0.279 0.025 0.430 0.016 0.019 0.015 0.029 0.074 1    
394:  0.012 0.018 0.014 0.887 0.014 0.006 0.013 0.012 0.012 0.012 1    
395:  0.034 0.010 0.015 0.837 0.010 0.015 0.011 0.018 0.036 0.013 1    
396:  0.015 0.029 0.040 0.820 0.019 0.011 0.042 0.007 0.009 0.010 1    
397:  0.012 0.024 0.035 0.683 0.153 0.007 0.020 0.012 0.038 0.014 1    
398:  0.040 0.012 0.018 0.843 0.019 0.010 0.008 0.017 0.023 0.010 1    
399:  0.015 0.029 0.032 0.820 0.030 0.022 0.009 0.018 0.013 0.012 1    
400:  0.045 0.017 0.053 0.764 0.046 0.010 0.027 0.012 0.008 0.018 1    
401:  0.038 0.067 0.063 0.756 0.010 0.006 0.037 0.009 0.006 0.009 1    
402:  0.017 0.018 0.018 0.146 0.026 0.099 0.018 0.016 0.634 0.007 1    
403:  0.012 0.006 0.009 0.028 0.019 0.025 0.008 0.008 0.877 0.007 1    
404:  0.010 0.006 0.009 0.022 0.022 0.023 0.007 0.009 0.884 0.007 1    
405:  0.038 0.012 0.016 0.048 0.574 0.101 0.023 0.064 0.114 0.009 1    
406:  0.009 0.006 0.009 0.012 0.055 0.014 0.008 0.015 0.863 0.009 1    
407:  0.008 0.006 0.011 0.012 0.058 0.010 0.010 0.014 0.865 0.007 1    
408:  0.012 0.009 0.015 0.107 0.012 0.738 0.026 0.045 0.020 0.016 1    
409:  0.013 0.024 0.058 0.486 0.091 0.130 0.110 0.043 0.013 0.033 1    
410:  0.049 0.058 0.261 0.112 0.018 0.079 0.045 0.040 0.205 0.134 1    
411:  0.004 0.009 0.126 0.639 0.025 0.037 0.086 0.038 0.012 0.025 1    
412:  0.077 0.341 0.036 0.125 0.021 0.151 0.114 0.043 0.051 0.041 1    
413:  0.017 0.019 0.079 0.295 0.111 0.114 0.150 0.040 0.017 0.158 1    
414:  0.014 0.015 0.209 0.066 0.026 0.013 0.103 0.099 0.020 0.434 1    
415:  0.026 0.173 0.056 0.344 0.018 0.125 0.090 0.059 0.037 0.071 1    
416:  0.086 0.009 0.007 0.796 0.012 0.017 0.008 0.027 0.024 0.012 1    
417:  0.042 0.017 0.042 0.737 0.053 0.022 0.006 0.021 0.034 0.026 1    
418:  0.065 0.012 0.012 0.825 0.011 0.011 0.009 0.029 0.014 0.011 1    
419:  0.006 0.005 0.007 0.936 0.008 0.008 0.006 0.008 0.011 0.005 1    
420:  0.023 0.005 0.009 0.894 0.012 0.008 0.006 0.008 0.025 0.010 1    
421:  0.005 0.009 0.011 0.837 0.026 0.032 0.010 0.027 0.016 0.026 1    
422:  0.012 0.007 0.007 0.928 0.007 0.007 0.007 0.008 0.009 0.008 1    
423:  0.015 0.007 0.007 0.928 0.008 0.004 0.007 0.008 0.008 0.008 1    
424:  0.007 0.006 0.006 0.894 0.010 0.015 0.009 0.027 0.009 0.017 1    
425:  0.008 0.005 0.009 0.895 0.010 0.016 0.005 0.035 0.007 0.010 1    
426:  0.006 0.014 0.027 0.837 0.021 0.013 0.008 0.037 0.008 0.028 1    
427:  0.050 0.048 0.485 0.130 0.011 0.011 0.180 0.018 0.051 0.015 1    
428:  0.011 0.007 0.740 0.032 0.034 0.014 0.060 0.020 0.068 0.015 1    
429:  0.032 0.009 0.828 0.009 0.015 0.016 0.052 0.008 0.020 0.010 1    
430:  0.017 0.022 0.644 0.011 0.031 0.016 0.122 0.007 0.121 0.009 1    
431:  0.025 0.014 0.537 0.108 0.018 0.021 0.156 0.072 0.023 0.027 1    
432:  0.007 0.012 0.809 0.011 0.019 0.012 0.037 0.009 0.048 0.035 1    
433:  0.031 0.013 0.866 0.013 0.008 0.010 0.017 0.010 0.022 0.010 1    
434:  0.014 0.020 0.880 0.018 0.008 0.011 0.007 0.010 0.020 0.012 1    
435:  0.034 0.006 0.015 0.021 0.869 0.018 0.009 0.007 0.015 0.007 1    
436:  0.063 0.017 0.022 0.017 0.798 0.017 0.012 0.022 0.019 0.015 1    
437:  0.014 0.008 0.016 0.023 0.834 0.027 0.009 0.030 0.031 0.007 1    
438:  0.006 0.023 0.039 0.474 0.400 0.017 0.009 0.011 0.013 0.008 1    
439:  0.009 0.019 0.057 0.679 0.138 0.034 0.018 0.020 0.021 0.006 1    
440:  0.005 0.007 0.009 0.008 0.915 0.008 0.010 0.008 0.009 0.020 1    
441:  0.027 0.059 0.147 0.024 0.545 0.025 0.021 0.080 0.057 0.015 1    
442:  0.056 0.069 0.177 0.160 0.424 0.024 0.010 0.030 0.032 0.018 1    
443:  0.005 0.011 0.029 0.023 0.887 0.008 0.011 0.011 0.008 0.007 1    
444:  0.006 0.016 0.652 0.030 0.034 0.033 0.173 0.009 0.032 0.014 1    
445:  0.006 0.009 0.031 0.008 0.009 0.010 0.007 0.025 0.876 0.019 1    
446:  0.008 0.008 0.036 0.021 0.032 0.070 0.023 0.107 0.673 0.022 1    
447:  0.009 0.006 0.428 0.101 0.191 0.115 0.096 0.026 0.018 0.010 1    
448:  0.007 0.018 0.069 0.018 0.020 0.007 0.016 0.042 0.763 0.040 1    
449:  0.009 0.006 0.370 0.117 0.149 0.205 0.062 0.041 0.025 0.016 1    
450:  0.013 0.012 0.037 0.061 0.035 0.357 0.011 0.418 0.041 0.015 1    
451:  0.006 0.039 0.615 0.021 0.016 0.015 0.022 0.061 0.168 0.037 1    
452:  0.014 0.016 0.225 0.102 0.019 0.050 0.019 0.125 0.414 0.017 1    
453:  0.007 0.010 0.021 0.011 0.910 0.007 0.007 0.010 0.008 0.009 1    
454:  0.008 0.009 0.016 0.011 0.902 0.005 0.009 0.010 0.013 0.017 1    
455:  0.013 0.012 0.045 0.011 0.820 0.027 0.023 0.015 0.020 0.015 1    
456:  0.005 0.010 0.042 0.018 0.839 0.008 0.017 0.012 0.018 0.030 1    
457:  0.008 0.006 0.021 0.033 0.871 0.020 0.014 0.010 0.008 0.010 1    
458:  0.005 0.008 0.013 0.008 0.914 0.007 0.007 0.016 0.011 0.012 1    
459:  0.006 0.010 0.017 0.019 0.897 0.010 0.008 0.015 0.010 0.007 1    
460:  0.006 0.008 0.004 0.007 0.934 0.008 0.010 0.007 0.007 0.009 1    
461:  0.007 0.020 0.005 0.012 0.906 0.018 0.006 0.007 0.007 0.014 1    
462:  0.009 0.006 0.006 0.011 0.935 0.009 0.006 0.005 0.007 0.006 1    
463:  0.007 0.013 0.013 0.013 0.886 0.007 0.007 0.008 0.009 0.037 1    
464:  0.004 0.007 0.006 0.006 0.942 0.010 0.007 0.004 0.005 0.008 1    
465:  0.013 0.016 0.009 0.016 0.866 0.011 0.014 0.010 0.008 0.038 1    
466:  0.006 0.008 0.005 0.009 0.930 0.014 0.010 0.004 0.006 0.006 1    
467:  0.006 0.006 0.005 0.005 0.941 0.009 0.007 0.007 0.006 0.009 1    
468:  0.020 0.006 0.005 0.008 0.927 0.005 0.006 0.006 0.006 0.011 1    
469:  0.005 0.011 0.005 0.009 0.927 0.015 0.008 0.007 0.006 0.008 1    
470:  0.027 0.013 0.008 0.009 0.877 0.011 0.025 0.010 0.006 0.013 1    
471:  0.005 0.006 0.006 0.004 0.944 0.004 0.010 0.009 0.005 0.007 1    
472:  0.013 0.006 0.013 0.009 0.910 0.005 0.014 0.009 0.007 0.015 1    
473:  0.012 0.005 0.006 0.006 0.938 0.004 0.006 0.008 0.006 0.008 1    
474:  0.009 0.036 0.173 0.010 0.651 0.010 0.032 0.010 0.010 0.059 1    
475:  0.006 0.014 0.541 0.008 0.357 0.011 0.034 0.013 0.008 0.010 1    
476:  0.004 0.008 0.494 0.008 0.424 0.020 0.009 0.014 0.007 0.011 1    
477:  0.004 0.008 0.537 0.009 0.386 0.011 0.014 0.010 0.009 0.012 1    
478:  0.005 0.009 0.476 0.008 0.397 0.012 0.018 0.008 0.010 0.056 1    
479:  0.006 0.009 0.166 0.007 0.688 0.006 0.017 0.007 0.008 0.086 1    
480:  0.005 0.036 0.599 0.045 0.039 0.046 0.011 0.075 0.020 0.124 1    
481:  0.006 0.023 0.695 0.044 0.070 0.032 0.012 0.024 0.025 0.068 1    
482:  0.005 0.020 0.746 0.010 0.035 0.009 0.017 0.023 0.009 0.126 1    
483:  0.005 0.018 0.450 0.008 0.287 0.017 0.158 0.014 0.021 0.021 1    
484:  0.079 0.090 0.363 0.015 0.049 0.046 0.231 0.012 0.065 0.050 1    
485:  0.014 0.175 0.163 0.015 0.111 0.022 0.229 0.025 0.230 0.016 1    
486:  0.015 0.077 0.048 0.008 0.026 0.039 0.734 0.007 0.035 0.011 1    
487:  0.016 0.091 0.665 0.018 0.041 0.021 0.021 0.011 0.072 0.045 1    
488:  0.014 0.071 0.013 0.014 0.021 0.049 0.790 0.006 0.012 0.010 1    
489:  0.006 0.091 0.216 0.018 0.029 0.107 0.477 0.012 0.035 0.008 1    
490:  0.011 0.030 0.011 0.017 0.035 0.010 0.849 0.007 0.014 0.016 1    
491:  0.008 0.101 0.164 0.023 0.027 0.015 0.166 0.015 0.471 0.010 1    
492:  0.013 0.039 0.027 0.011 0.074 0.032 0.759 0.014 0.017 0.013 1    
493:  0.011 0.007 0.013 0.007 0.933 0.005 0.005 0.005 0.007 0.007 1    
494:  0.010 0.007 0.009 0.012 0.914 0.006 0.007 0.009 0.011 0.014 1    
495:  0.006 0.008 0.009 0.011 0.929 0.006 0.009 0.006 0.008 0.007 1    
496:  0.005 0.013 0.019 0.013 0.874 0.009 0.011 0.012 0.016 0.028 1    
497:  0.011 0.014 0.017 0.011 0.893 0.008 0.022 0.007 0.008 0.009 1    
498:  0.313 0.016 0.115 0.044 0.391 0.017 0.034 0.029 0.022 0.019 1    
499:  0.017 0.026 0.014 0.014 0.689 0.022 0.057 0.010 0.018 0.133 1    
500:  0.012 0.012 0.198 0.030 0.516 0.061 0.016 0.020 0.033 0.102 1    
501:  0.007 0.016 0.426 0.074 0.264 0.075 0.018 0.020 0.012 0.087 1    
502:  0.013 0.037 0.048 0.030 0.210 0.079 0.012 0.030 0.012 0.527 1    
503:  0.019 0.013 0.010 0.014 0.836 0.017 0.031 0.013 0.013 0.035 1    
504:  0.014 0.076 0.152 0.018 0.332 0.058 0.016 0.015 0.012 0.305 1    
505:  0.013 0.009 0.032 0.018 0.528 0.016 0.030 0.007 0.008 0.339 1    
506:  0.018 0.016 0.021 0.033 0.618 0.019 0.066 0.018 0.025 0.165 1    
507:  0.923 0.006 0.008 0.007 0.020 0.011 0.006 0.006 0.008 0.006 1    
508:  0.809 0.006 0.010 0.019 0.074 0.022 0.012 0.011 0.028 0.009 1    
509:  0.911 0.008 0.007 0.012 0.010 0.010 0.009 0.009 0.010 0.013 1    
510:  0.925 0.006 0.009 0.007 0.008 0.015 0.005 0.007 0.013 0.006 1    
511:  0.932 0.005 0.008 0.007 0.008 0.008 0.006 0.007 0.012 0.006 1    
512:  0.771 0.010 0.011 0.082 0.041 0.026 0.010 0.034 0.005 0.010 1    
513:  0.958 0.005 0.004 0.005 0.004 0.005 0.004 0.005 0.005 0.006 1    
514:  0.871 0.011 0.008 0.008 0.027 0.011 0.015 0.011 0.013 0.025 1    
515:  0.897 0.007 0.006 0.011 0.018 0.011 0.012 0.014 0.015 0.010 1    
516:  0.966 0.004 0.004 0.004 0.004 0.003 0.004 0.004 0.003 0.004 1    
517:  0.949 0.006 0.004 0.005 0.005 0.006 0.006 0.005 0.008 0.007 1    
518:  0.921 0.005 0.005 0.007 0.008 0.007 0.019 0.012 0.009 0.006 1    
519:  0.957 0.004 0.005 0.005 0.007 0.004 0.005 0.005 0.004 0.004 1    
520:  0.926 0.008 0.006 0.009 0.006 0.011 0.011 0.007 0.009 0.007 1    
521:  0.950 0.005 0.004 0.004 0.006 0.004 0.007 0.007 0.005 0.008 1    
522:  0.924 0.008 0.005 0.010 0.005 0.014 0.007 0.009 0.012 0.006 1    
523:  0.946 0.005 0.005 0.006 0.005 0.006 0.007 0.008 0.007 0.005 1    
524:  0.942 0.005 0.006 0.004 0.007 0.004 0.013 0.006 0.005 0.007 1    
525:  0.936 0.006 0.006 0.008 0.007 0.009 0.009 0.007 0.008 0.005 1    
526:  0.963 0.004 0.004 0.005 0.004 0.004 0.005 0.005 0.004 0.004 1    
527:  0.951 0.004 0.005 0.007 0.006 0.005 0.006 0.007 0.005 0.005 1    
528:  0.955 0.004 0.005 0.005 0.005 0.004 0.007 0.006 0.005 0.005 1    
529:  0.943 0.006 0.005 0.005 0.007 0.005 0.009 0.006 0.006 0.008 1    
530:  0.921 0.007 0.007 0.009 0.010 0.007 0.010 0.013 0.008 0.008 1    
531:  0.953 0.005 0.006 0.005 0.006 0.005 0.007 0.005 0.004 0.006 1    
532:  0.944 0.007 0.006 0.005 0.006 0.008 0.007 0.007 0.006 0.004 1    
533:  0.007 0.010 0.009 0.023 0.871 0.018 0.013 0.018 0.023 0.007 1    
534:  0.010 0.038 0.006 0.008 0.648 0.009 0.008 0.017 0.248 0.009 1    
535:  0.014 0.043 0.054 0.159 0.590 0.052 0.017 0.038 0.026 0.007 1    
536:  0.008 0.050 0.018 0.125 0.538 0.024 0.014 0.061 0.134 0.027 1    
537:  0.006 0.024 0.008 0.021 0.662 0.013 0.008 0.016 0.236 0.005 1    
538:  0.016 0.009 0.008 0.007 0.872 0.016 0.008 0.018 0.038 0.007 1    
539:  0.018 0.055 0.031 0.033 0.699 0.024 0.023 0.045 0.063 0.009 1    
540:  0.011 0.012 0.008 0.027 0.868 0.022 0.010 0.026 0.011 0.005 1    
541:  0.942 0.007 0.005 0.008 0.005 0.006 0.007 0.007 0.007 0.005 1    
542:  0.930 0.009 0.008 0.007 0.007 0.009 0.010 0.007 0.006 0.008 1    
543:  0.944 0.007 0.005 0.005 0.004 0.008 0.007 0.008 0.005 0.006 1    
544:  0.810 0.022 0.018 0.012 0.011 0.021 0.030 0.026 0.019 0.030 1    
545:  0.945 0.007 0.007 0.006 0.004 0.006 0.006 0.006 0.006 0.007 1    
546:  0.932 0.008 0.006 0.009 0.004 0.009 0.013 0.007 0.006 0.005 1    
547:  0.939 0.006 0.005 0.006 0.006 0.008 0.009 0.006 0.007 0.008 1    
548:  0.924 0.006 0.014 0.008 0.004 0.008 0.008 0.010 0.005 0.012 1    
549:  0.890 0.006 0.015 0.011 0.009 0.015 0.016 0.016 0.010 0.013 1    
550:  0.009 0.008 0.010 0.012 0.909 0.006 0.012 0.008 0.016 0.009 1    
551:  0.033 0.006 0.016 0.008 0.891 0.007 0.006 0.006 0.017 0.010 1    
552:  0.015 0.007 0.009 0.008 0.911 0.006 0.012 0.005 0.019 0.009 1    
553:  0.037 0.009 0.010 0.007 0.862 0.008 0.028 0.019 0.006 0.014 1    
554:  0.021 0.011 0.030 0.016 0.813 0.012 0.054 0.020 0.006 0.016 1    
555:  0.009 0.010 0.029 0.050 0.598 0.018 0.232 0.006 0.010 0.039 1    
