      H008.1  2 0.0130 0.0093 0.0082 0.0069 0.0131 0.0096 0.0081 0.0092 0.0118 0.8621 0.0107 0.0382 
      H008.2  2 0.0387 0.0185 0.0254 0.0248 0.0220 0.0139 0.0159 0.0271 0.0130 0.0399 0.0127 0.7481 
      H008.3  2 0.1386 0.0302 0.1009 0.0429 0.0276 0.0246 0.0281 0.0698 0.0219 0.0522 0.0205 0.4427 
      H008.4  2 0.0135 0.0093 0.0190 0.0645 0.0199 0.0183 0.0124 0.0291 0.0383 0.4967 0.0217 0.2573 
      H008.5  2 0.0271 0.0148 0.0307 0.0219 0.0085 0.0137 0.0161 0.0253 0.0165 0.7303 0.0112 0.0838 
      H008.6  2 0.0283 0.0058 0.0094 0.0522 0.0273 0.0140 0.0160 0.0328 0.0167 0.0990 0.0127 0.6858 
      H008.7  2 0.0313 0.0276 0.0660 0.0745 0.0256 0.0160 0.0115 0.0235 0.0291 0.2397 0.0280 0.4272 
      H008.8  2 0.0129 0.0098 0.0118 0.0068 0.0597 0.0167 0.0082 0.0259 0.0173 0.0549 0.0147 0.7614 
      H008.9  2 0.0171 0.0092 0.0104 0.0865 0.0546 0.0120 0.0102 0.0214 0.0069 0.0126 0.0227 0.7363 
 H029.1_2002  2 0.0099 0.0112 0.0243 0.0307 0.0335 0.0232 0.0103 0.0063 0.0209 0.7732 0.0155 0.0411 
 H029.1_2003  2 0.0161 0.0080 0.0202 0.0131 0.0091 0.0084 0.0088 0.0087 0.0125 0.0650 0.0100 0.8203 
 H029.2_2002  2 0.0418 0.0130 0.0793 0.0374 0.0104 0.0281 0.0088 0.0164 0.0102 0.7091 0.0119 0.0335 
 H029.2_2003  2 0.0707 0.0120 0.0302 0.0458 0.0208 0.0463 0.0238 0.0296 0.0114 0.1251 0.0087 0.5756 
 H029.3_2002  2 0.0183 0.0224 0.2035 0.1072 0.0082 0.0277 0.0276 0.0149 0.0196 0.3211 0.0067 0.2227 
 H029.3_2003  2 0.0182 0.0270 0.0255 0.0084 0.0048 0.0088 0.0132 0.0055 0.0108 0.5761 0.0082 0.2933 
 H029.4_2002  2 0.0068 0.0108 0.0162 0.0126 0.0053 0.0038 0.0079 0.0042 0.0122 0.8648 0.0098 0.0456 
 H029.4_2003  2 0.0290 0.0672 0.0470 0.0321 0.0154 0.0147 0.0189 0.0108 0.0235 0.3852 0.0153 0.3408 
 H029.5_2002  2 0.0062 0.0091 0.0126 0.0054 0.0064 0.0102 0.0062 0.0048 0.0062 0.9142 0.0104 0.0084 
 H029.5_2003  2 0.0155 0.0168 0.0146 0.0166 0.0089 0.0072 0.0083 0.0043 0.0152 0.3043 0.0055 0.5828 
 H029.6_2002  2 0.0084 0.0167 0.1482 0.0347 0.0062 0.0052 0.0089 0.0076 0.0068 0.6340 0.0106 0.1128 
 H029.6_2003  2 0.0518 0.0203 0.0157 0.0088 0.0127 0.0523 0.0171 0.0100 0.0137 0.6459 0.0288 0.1229 
      H029.7  2 0.0208 0.0106 0.0239 0.0312 0.0101 0.0148 0.0052 0.0174 0.0128 0.8338 0.0058 0.0135 
      H030.1  2 0.0541 0.1178 0.0778 0.0045 0.0140 0.0965 0.5399 0.0083 0.0058 0.0466 0.0183 0.0165 
      H030.2  2 0.0082 0.0835 0.1284 0.0650 0.0105 0.0140 0.2372 0.0052 0.3326 0.0853 0.0182 0.0120 
      H038.1  2 0.0049 0.0059 0.0063 0.0282 0.0098 0.0069 0.0081 0.0118 0.0088 0.8932 0.0058 0.0104 
      H038.2  2 0.0078 0.0077 0.0066 0.0053 0.0051 0.0103 0.0099 0.0029 0.0102 0.9197 0.0083 0.0063 
      H038.3  2 0.0068 0.0132 0.0081 0.0348 0.0090 0.0269 0.0175 0.0049 0.0143 0.8425 0.0110 0.0110 
      H038.4  2 0.0051 0.0114 0.0059 0.0283 0.0065 0.0132 0.0064 0.0046 0.0102 0.8835 0.0171 0.0079 
      H038.5  2 0.0060 0.0349 0.0075 0.0201 0.0052 0.0067 0.0165 0.0045 0.0069 0.8708 0.0062 0.0146 
      H038.6  2 0.0124 0.0096 0.0057 0.0099 0.0067 0.0075 0.0090 0.0060 0.0076 0.9126 0.0051 0.0081 
      H038.7  2 0.0066 0.0105 0.0035 0.0114 0.0057 0.0259 0.0101 0.0041 0.0099 0.8978 0.0052 0.0095 
      H038.8  2 0.0067 0.0071 0.0071 0.0830 0.0067 0.0176 0.0091 0.0045 0.0138 0.8262 0.0128 0.0054 
      H041.1  2 0.0138 0.1663 0.1600 0.0380 0.0199 0.0364 0.0083 0.0226 0.0108 0.4547 0.0537 0.0156 
      H041.2  2 0.0090 0.0109 0.0734 0.0277 0.0169 0.0344 0.0151 0.0074 0.0277 0.4775 0.1707 0.1294 
      H041.4  2 0.0114 0.0261 0.0244 0.0242 0.0321 0.0175 0.0146 0.0172 0.0109 0.6706 0.0511 0.0999 
      H041.6  2 0.0082 0.0185 0.0357 0.0129 0.0344 0.0335 0.0176 0.0353 0.0394 0.6889 0.0434 0.0322 
 H042.1_2002  2 0.0372 0.0105 0.5477 0.0157 0.0777 0.0208 0.0151 0.0258 0.1587 0.0121 0.0694 0.0095 
 H042.1_2003  2 0.1025 0.0165 0.0253 0.1528 0.0687 0.1032 0.0506 0.0149 0.0829 0.1052 0.0567 0.2207 
 H042.2_2002  2 0.0407 0.0212 0.0637 0.0320 0.0052 0.0078 0.0078 0.0112 0.4524 0.3317 0.0184 0.0079 
 H042.2_2003  2 0.0397 0.0130 0.0189 0.0065 0.0731 0.0400 0.0210 0.0117 0.0349 0.4524 0.2508 0.0380 
 H042.3_2002  2 0.0172 0.0088 0.1772 0.0058 0.0102 0.0059 0.0172 0.0088 0.7248 0.0069 0.0125 0.0047 
 H042.3_2003  2 0.0195 0.0344 0.0447 0.0160 0.0149 0.0074 0.0105 0.0102 0.7834 0.0356 0.0141 0.0093 
 H042.4_2002  2 0.0469 0.0130 0.4845 0.0199 0.0482 0.0297 0.0963 0.0122 0.0211 0.1035 0.1051 0.0197 
 H042.4_2003  2 0.0223 0.0513 0.3246 0.0074 0.0518 0.1463 0.0192 0.0386 0.0090 0.2763 0.0445 0.0087 
      H042.5  2 0.0224 0.0227 0.7988 0.0037 0.0204 0.0160 0.0091 0.0496 0.0107 0.0105 0.0259 0.0103 
      H042.6  2 0.0163 0.0242 0.6348 0.0089 0.0227 0.0265 0.0133 0.1647 0.0329 0.0302 0.0142 0.0114 
      H042.7  2 0.0115 0.0338 0.2153 0.0047 0.0203 0.1271 0.0073 0.0179 0.2949 0.0521 0.2053 0.0098 
      H042.8  2 0.0475 0.0213 0.5151 0.0220 0.0136 0.0116 0.0087 0.0295 0.2038 0.0223 0.0846 0.0201 
   H042_2002  2 0.0464 0.0544 0.0167 0.0403 0.0640 0.0940 0.0165 0.1579 0.2846 0.1572 0.0447 0.0234 
   H042_2003  2 0.0479 0.0438 0.0183 0.0425 0.0755 0.0851 0.0194 0.1623 0.2783 0.1523 0.0424 0.0322 
      H043.1  2 0.0100 0.7600 0.0099 0.1045 0.0072 0.0274 0.0125 0.0228 0.0113 0.0188 0.0046 0.0110 
      H043.2  2 0.0165 0.0134 0.0068 0.3807 0.1069 0.0311 0.0084 0.2321 0.0289 0.0854 0.0246 0.0652 
      H043.3  2 0.0109 0.0871 0.0059 0.0503 0.0263 0.1828 0.0094 0.0533 0.0673 0.4723 0.0071 0.0272 
      H043.4  2 0.0165 0.1406 0.0075 0.1994 0.0352 0.2036 0.0081 0.2074 0.0254 0.1337 0.0138 0.0086 
      H043.5  2 0.0143 0.0451 0.0086 0.4640 0.0563 0.0289 0.0107 0.0142 0.0732 0.2189 0.0120 0.0537 
      H043.6  2 0.0097 0.0170 0.0084 0.3602 0.0671 0.0216 0.0112 0.0315 0.0571 0.3818 0.0107 0.0238 
      H043.7  2 0.0084 0.1123 0.0042 0.1583 0.1186 0.3724 0.0106 0.1234 0.0289 0.0468 0.0088 0.0073 
      H043.8  2 0.0125 0.2621 0.0137 0.0618 0.0582 0.0808 0.0864 0.0665 0.1177 0.0724 0.0202 0.1477 
      H043.9  2 0.0094 0.7371 0.0085 0.0673 0.0115 0.0228 0.0107 0.0344 0.0171 0.0683 0.0040 0.0089 
      H047.1  2 0.0216 0.1413 0.0055 0.0133 0.0324 0.0094 0.0095 0.0142 0.0669 0.6670 0.0125 0.0064 
      H047.2  2 0.0598 0.0730 0.0362 0.0076 0.0374 0.0612 0.0175 0.0103 0.0094 0.6262 0.0253 0.0361 
      H047.3  2 0.0859 0.1310 0.0247 0.0065 0.0228 0.0285 0.0164 0.0293 0.0185 0.5361 0.0708 0.0294 
      H047.4  2 0.0125 0.0364 0.0153 0.0049 0.0258 0.0969 0.0107 0.0087 0.0175 0.7059 0.0371 0.0285 
      H047.5  2 0.0314 0.1248 0.0073 0.0036 0.0110 0.0227 0.0176 0.0778 0.0727 0.5542 0.0643 0.0125 
      H047.6  2 0.0204 0.4197 0.0185 0.0094 0.0329 0.0201 0.0070 0.0134 0.0148 0.3852 0.0326 0.0261 
      H047.7  2 0.0168 0.1355 0.0089 0.0129 0.0217 0.0094 0.0085 0.0117 0.0911 0.6605 0.0188 0.0046 
      H047.8  2 0.0752 0.2882 0.0164 0.0118 0.0506 0.0177 0.0058 0.0175 0.0256 0.4237 0.0390 0.0285 
      H047.9  2 0.0635 0.0356 0.0081 0.0039 0.0159 0.0163 0.0127 0.0904 0.0968 0.6115 0.0380 0.0072 
 H071.1_2002  2 0.0065 0.0064 0.0049 0.0052 0.0075 0.0070 0.0085 0.0119 0.0112 0.9206 0.0059 0.0043 
 H071.1_2003  2 0.0119 0.0122 0.0069 0.0117 0.0328 0.0855 0.0608 0.1276 0.0109 0.6172 0.0121 0.0102 
     H071.10  2 0.0039 0.0077 0.0077 0.0082 0.0056 0.0050 0.0222 0.0061 0.0183 0.9045 0.0047 0.0063 
 H071.2_2002  2 0.0075 0.0074 0.0048 0.0090 0.0131 0.0066 0.0085 0.0112 0.0102 0.8856 0.0069 0.0293 
 H071.2_2003  2 0.0057 0.0037 0.0042 0.0035 0.0059 0.0056 0.0053 0.0076 0.0053 0.9446 0.0041 0.0045 
      H071.3  2 0.0051 0.0168 0.0075 0.0098 0.0051 0.0126 0.0305 0.0058 0.0262 0.8549 0.0104 0.0154 
 H071.4_2002  2 0.0057 0.0151 0.0079 0.0169 0.0085 0.0057 0.0181 0.0095 0.0198 0.8623 0.0084 0.0220 
 H071.4_2003  2 0.0060 0.0056 0.0043 0.0031 0.0041 0.0068 0.0096 0.0054 0.0066 0.9376 0.0053 0.0057 
 H071.5_2002  2 0.0041 0.0066 0.0052 0.0047 0.0040 0.0061 0.0086 0.0071 0.0080 0.9360 0.0046 0.0050 
 H071.5_2003  2 0.0098 0.0138 0.0040 0.0031 0.0137 0.0155 0.0227 0.0109 0.0160 0.8694 0.0096 0.0117 
 H071.6_2002  2 0.0052 0.0089 0.0043 0.0054 0.0058 0.0063 0.0087 0.0113 0.0339 0.8906 0.0051 0.0145 
 H071.6_2003  2 0.0053 0.0099 0.0047 0.0043 0.0086 0.0171 0.0220 0.0057 0.0137 0.8964 0.0056 0.0067 
 H071.7_2002  2 0.0041 0.0044 0.0034 0.0055 0.0055 0.0072 0.0036 0.0082 0.0102 0.9349 0.0046 0.0084 
 H071.7_2003  2 0.0087 0.0122 0.0049 0.0050 0.0118 0.0115 0.0301 0.0098 0.0125 0.8808 0.0071 0.0056 
      H071.8  2 0.0059 0.0050 0.0050 0.0069 0.0105 0.0078 0.0042 0.0141 0.0071 0.8714 0.0060 0.0562 
      H071.9  2 0.0071 0.0784 0.0110 0.0155 0.0210 0.0100 0.0175 0.0180 0.0226 0.6605 0.0198 0.1187 
 H081.1_2002  2 0.0055 0.0038 0.0049 0.0041 0.0084 0.0070 0.0060 0.0128 0.0066 0.9295 0.0062 0.0051 
 H081.1_2003  2 0.0294 0.0120 0.0456 0.2592 0.0705 0.2927 0.0969 0.0126 0.0174 0.0621 0.0189 0.0827 
 H081.2_2002  2 0.0048 0.0050 0.0048 0.0050 0.0111 0.0096 0.0039 0.0511 0.0059 0.8875 0.0061 0.0052 
 H081.2_2003  2 0.0078 0.0082 0.0150 0.0096 0.0247 0.0228 0.7501 0.0710 0.0094 0.0306 0.0088 0.0420 
 H081.3_2002  2 0.0066 0.0114 0.0062 0.0074 0.0149 0.0096 0.0118 0.0302 0.0061 0.8653 0.0080 0.0225 
 H081.3_2003  2 0.0142 0.0267 0.0172 0.0198 0.0462 0.0132 0.6689 0.0510 0.0110 0.0189 0.0139 0.0990 
 H081.4_2002  2 0.0064 0.0071 0.0056 0.0036 0.0055 0.0107 0.0114 0.0067 0.0137 0.9177 0.0052 0.0062 
 H081.4_2003  2 0.0391 0.0132 0.0347 0.0194 0.0834 0.1640 0.4579 0.0465 0.0181 0.0288 0.0180 0.0772 
 H081.5_2002  2 0.0056 0.0063 0.0072 0.0056 0.0088 0.0113 0.0154 0.0088 0.0068 0.9096 0.0048 0.0099 
 H081.5_2003  2 0.0223 0.0076 0.0236 0.0284 0.0570 0.5957 0.0869 0.0645 0.0230 0.0403 0.0245 0.0262 
      H081.6  2 0.0063 0.0040 0.0049 0.0046 0.0068 0.0095 0.0069 0.0128 0.0125 0.9198 0.0058 0.0062 
      H081.7  2 0.0046 0.0089 0.0056 0.0050 0.0130 0.0145 0.0116 0.0545 0.0072 0.8582 0.0075 0.0095 
      H081.8  2 0.0057 0.0113 0.0104 0.0108 0.0118 0.0102 0.0430 0.0094 0.0145 0.8017 0.0114 0.0599 
      H083.1  2 0.0098 0.0091 0.0294 0.0088 0.0043 0.0101 0.0096 0.0083 0.0155 0.8725 0.0053 0.0175 
      H083.2  2 0.0077 0.0310 0.0111 0.0092 0.0106 0.0087 0.0072 0.0168 0.0090 0.8714 0.0061 0.0113 
      H083.4  2 0.0065 0.0158 0.0346 0.0130 0.0081 0.0059 0.0065 0.0157 0.0126 0.8402 0.0065 0.0346 
      H083.5  2 0.0086 0.0130 0.0486 0.0299 0.0070 0.0103 0.0058 0.0162 0.0077 0.8158 0.0101 0.0270 
      H083.6  2 0.0112 0.0068 0.0591 0.0150 0.0057 0.0097 0.0145 0.0130 0.0141 0.7482 0.0116 0.0909 
      H083.7  2 0.0065 0.0141 0.0443 0.0118 0.0084 0.0055 0.0063 0.0202 0.0095 0.8349 0.0171 0.0212 
      H083.8  2 0.0086 0.0321 0.0087 0.0062 0.0096 0.0094 0.0051 0.0116 0.0072 0.8841 0.0063 0.0111 
      H083.9  2 0.0074 0.0066 0.0493 0.0109 0.0050 0.0087 0.0069 0.0088 0.0069 0.8603 0.0101 0.0191 
      H084.1  2 0.0090 0.0297 0.0116 0.0770 0.0093 0.0065 0.8026 0.0085 0.0081 0.0108 0.0158 0.0111 
      H084.2  2 0.0137 0.0322 0.0138 0.0929 0.0126 0.0141 0.7706 0.0040 0.0135 0.0109 0.0047 0.0171 
      H084.3  2 0.0185 0.0108 0.0230 0.2270 0.0095 0.0383 0.5243 0.0066 0.0264 0.0088 0.0982 0.0086 
      H084.4  2 0.0138 0.0158 0.0242 0.1997 0.0121 0.1448 0.4673 0.0046 0.0222 0.0099 0.0384 0.0473 
      H084.5  2 0.0135 0.0149 0.0073 0.0393 0.0074 0.0371 0.7285 0.0101 0.0869 0.0060 0.0401 0.0090 
      H084.6  2 0.0065 0.0169 0.0133 0.0777 0.0063 0.0099 0.7413 0.0090 0.0217 0.0055 0.0765 0.0153 
      H084.7  2 0.0108 0.0201 0.0130 0.0124 0.0076 0.0088 0.8797 0.0058 0.0094 0.0096 0.0090 0.0137 
      H084.8  2 0.0106 0.0162 0.0084 0.0696 0.0067 0.0131 0.7398 0.0128 0.0182 0.0051 0.0900 0.0094 
 H085.1_2002  2 0.0036 0.0084 0.0185 0.0166 0.0100 0.0076 0.0125 0.8817 0.0085 0.0150 0.0050 0.0126 
 H085.1_2003  2 0.0096 0.0586 0.1415 0.0164 0.0097 0.0446 0.0110 0.1090 0.0086 0.5293 0.0191 0.0424 
 H085.2_2002  2 0.0075 0.0132 0.1266 0.0630 0.1654 0.0278 0.0202 0.4775 0.0278 0.0281 0.0191 0.0238 
 H085.2_2003  2 0.0184 0.0452 0.0776 0.0101 0.0149 0.0349 0.0164 0.0254 0.0098 0.6987 0.0097 0.0388 
 H085.3_2002  2 0.0053 0.0087 0.0135 0.0040 0.0112 0.0163 0.0039 0.9107 0.0053 0.0060 0.0103 0.0049 
 H085.3_2003  2 0.0142 0.0150 0.0117 0.0043 0.0074 0.1314 0.0089 0.0364 0.0073 0.7447 0.0095 0.0091 
 H085.4_2002  2 0.0090 0.0094 0.0245 0.0342 0.0470 0.0122 0.0194 0.6820 0.0211 0.1032 0.0114 0.0267 
 H085.4_2003  2 0.0071 0.0061 0.0113 0.0078 0.0214 0.0320 0.0235 0.0093 0.0262 0.8295 0.0195 0.0063 
 H085.5_2002  2 0.0056 0.0057 0.0048 0.0044 0.0089 0.0138 0.0051 0.9310 0.0055 0.0038 0.0075 0.0037 
 H085.5_2003  2 0.0144 0.0115 0.0581 0.0074 0.0068 0.0127 0.0169 0.0239 0.0090 0.8233 0.0056 0.0102 
 H085.6_2002  2 0.0043 0.0158 0.0136 0.0099 0.0134 0.0096 0.0065 0.8953 0.0073 0.0093 0.0055 0.0096 
 H085.6_2003  2 0.0155 0.0194 0.0080 0.0097 0.0306 0.7620 0.0111 0.0248 0.0068 0.0727 0.0311 0.0082 
 H085.7_2002  2 0.0098 0.0218 0.0815 0.0185 0.0620 0.0701 0.0123 0.6431 0.0104 0.0450 0.0100 0.0155 
 H085.7_2003  2 0.0134 0.0389 0.0136 0.0095 0.0082 0.0482 0.0076 0.0197 0.0163 0.8037 0.0110 0.0099 
 H085.8_2002  2 0.0100 0.0104 0.0159 0.0151 0.0752 0.4203 0.0150 0.3447 0.0171 0.0292 0.0304 0.0165 
 H085.8_2003  2 0.0158 0.0589 0.4138 0.0168 0.0310 0.0508 0.0252 0.0394 0.0169 0.2888 0.0260 0.0168 
      H085.9  2 0.0079 0.0093 0.0300 0.0270 0.0167 0.0179 0.0172 0.8117 0.0137 0.0271 0.0104 0.0111 
      H088.1  2 0.0455 0.0190 0.6655 0.0080 0.0255 0.0189 0.0162 0.0220 0.0077 0.0145 0.0520 0.1051 
      H088.2  2 0.0174 0.0176 0.7121 0.0067 0.0254 0.0617 0.0147 0.0497 0.0224 0.0080 0.0247 0.0396 
      H088.3  2 0.0152 0.0308 0.7780 0.0055 0.0182 0.0402 0.0106 0.0165 0.0121 0.0083 0.0164 0.0482 
      H088.4  2 0.0387 0.0185 0.4030 0.0105 0.0247 0.1258 0.0815 0.0069 0.0173 0.0276 0.0158 0.2297 
      H088.5  2 0.0152 0.0107 0.8342 0.0074 0.0205 0.0099 0.0186 0.0064 0.0100 0.0085 0.0173 0.0413 
      H088.6  2 0.0211 0.0104 0.6573 0.0071 0.0148 0.0104 0.0371 0.0056 0.0139 0.0267 0.0362 0.1594 
      H088.7  2 0.0170 0.0471 0.2978 0.0103 0.0081 0.0354 0.0222 0.0165 0.0170 0.1277 0.0380 0.3630 
      H088.8  2 0.0388 0.0148 0.1509 0.0124 0.0093 0.0143 0.0326 0.0075 0.0143 0.1273 0.0525 0.5253 
      H091.1  2 0.0142 0.0305 0.8261 0.0061 0.0090 0.0236 0.0075 0.0145 0.0238 0.0173 0.0190 0.0083 
      H091.2  2 0.0175 0.0164 0.7677 0.0048 0.0125 0.0236 0.0049 0.0106 0.0653 0.0350 0.0287 0.0129 
      H109.1  2 0.0146 0.7323 0.0151 0.0284 0.0157 0.0095 0.0351 0.0300 0.0205 0.0246 0.0229 0.0512 
      H109.2  2 0.0066 0.3846 0.0179 0.0147 0.0227 0.0260 0.3842 0.0091 0.0202 0.0618 0.0314 0.0208 
      H109.3  2 0.0195 0.7860 0.0119 0.0076 0.0085 0.0248 0.0475 0.0058 0.0113 0.0213 0.0343 0.0217 
      H109.4  2 0.0118 0.7212 0.0093 0.0186 0.0161 0.0181 0.0966 0.0082 0.0134 0.0152 0.0280 0.0435 
      H109.5  2 0.0202 0.2928 0.0160 0.0046 0.0110 0.0401 0.0797 0.0108 0.0166 0.3371 0.1230 0.0482 
      H109.6  2 0.0180 0.3496 0.0110 0.0215 0.0245 0.0391 0.2299 0.0162 0.0233 0.0487 0.0610 0.1571 
      H126.1  2 0.1084 0.0522 0.0112 0.0101 0.1795 0.0359 0.0110 0.1140 0.4007 0.0102 0.0241 0.0427 
      H126.2  2 0.0439 0.1099 0.0148 0.0381 0.0849 0.0354 0.0184 0.0838 0.0665 0.2344 0.0097 0.2603 
      H126.3  2 0.0104 0.0096 0.0276 0.0095 0.0102 0.0051 0.0050 0.0281 0.4804 0.0591 0.0071 0.3479 
      H126.4  2 0.1338 0.0370 0.0185 0.0188 0.3736 0.0196 0.0187 0.0246 0.2598 0.0528 0.0107 0.0320 
      H126.5  2 0.0525 0.0073 0.0096 0.0070 0.1471 0.1057 0.0093 0.0330 0.4208 0.1621 0.0083 0.0372 
      H126.6  2 0.0090 0.0140 0.0112 0.0058 0.0205 0.0294 0.0047 0.2263 0.1270 0.3657 0.0045 0.1819 
      H126.7  2 0.0112 0.0092 0.0088 0.0034 0.0075 0.0160 0.0080 0.0275 0.0365 0.8465 0.0049 0.0204 
      H130.1  2 0.0267 0.0305 0.0196 0.0082 0.7915 0.0229 0.0136 0.0112 0.0074 0.0071 0.0143 0.0469 
      H130.2  2 0.0367 0.0430 0.0472 0.0076 0.1323 0.0278 0.5846 0.0135 0.0058 0.0297 0.0164 0.0553 
      H130.3  2 0.5366 0.0288 0.0273 0.0045 0.1039 0.0355 0.1738 0.0096 0.0080 0.0305 0.0079 0.0337 
      H130.4  2 0.0646 0.0480 0.0294 0.0231 0.6754 0.0128 0.0481 0.0211 0.0074 0.0102 0.0130 0.0469 
      H130.5  2 0.0116 0.0263 0.0685 0.0069 0.4664 0.0513 0.2233 0.0330 0.0063 0.0664 0.0166 0.0232 
      H133.1  2 0.0343 0.7020 0.0119 0.0552 0.0756 0.0251 0.0316 0.0122 0.0077 0.0246 0.0097 0.0101 
      H133.2  2 0.0189 0.5283 0.0091 0.0117 0.0513 0.0850 0.1005 0.0824 0.0107 0.0135 0.0127 0.0760 
      H133.3  2 0.0268 0.7390 0.0190 0.0534 0.0188 0.0164 0.0211 0.0319 0.0122 0.0274 0.0191 0.0150 
      H133.4  2 0.0151 0.8461 0.0064 0.0258 0.0168 0.0144 0.0189 0.0152 0.0077 0.0122 0.0080 0.0134 
      H133.5  2 0.0458 0.7184 0.0220 0.0153 0.0307 0.0257 0.0351 0.0409 0.0150 0.0085 0.0057 0.0369 
      H133.6  2 0.0243 0.5272 0.0309 0.0088 0.0902 0.0702 0.0924 0.0665 0.0187 0.0145 0.0100 0.0463 
      H133.7  2 0.0093 0.8093 0.0068 0.0406 0.0167 0.0176 0.0074 0.0184 0.0082 0.0182 0.0421 0.0054 
      H133.8  2 0.0209 0.7292 0.0091 0.0367 0.0238 0.0091 0.0142 0.0741 0.0430 0.0092 0.0094 0.0213 
      H133.9  2 0.0507 0.7684 0.0149 0.0378 0.0428 0.0186 0.0177 0.0102 0.0074 0.0144 0.0098 0.0073 
      H147.1  2 0.0050 0.0073 0.0426 0.0277 0.0191 0.1787 0.1542 0.0544 0.0240 0.4151 0.0623 0.0096 
      H147.2  2 0.0041 0.0041 0.0080 0.0064 0.0115 0.0352 0.0199 0.0108 0.0108 0.8725 0.0090 0.0078 
      H147.3  2 0.0066 0.0049 0.0074 0.0050 0.0114 0.0301 0.0348 0.0285 0.0071 0.8478 0.0108 0.0057 
      H147.4  2 0.0054 0.0047 0.0114 0.0286 0.0063 0.0170 0.0639 0.0164 0.0098 0.8190 0.0107 0.0067 
      H147.5  2 0.0260 0.0069 0.0930 0.0071 0.0091 0.0634 0.2352 0.0205 0.0111 0.4871 0.0117 0.0288 
      H147.6  2 0.0239 0.0091 0.1009 0.0078 0.0101 0.0545 0.3269 0.0168 0.0134 0.3992 0.0200 0.0173 
      H147.7  2 0.0102 0.0057 0.0123 0.0245 0.0077 0.0158 0.1069 0.0101 0.0133 0.7656 0.0169 0.0111 
      H147.8  2 0.0068 0.0080 0.0986 0.0277 0.0041 0.0168 0.1380 0.0092 0.0211 0.6276 0.0097 0.0326 
      H147.9  2 0.0070 0.0047 0.0065 0.0066 0.0071 0.0426 0.0211 0.0164 0.0090 0.8642 0.0075 0.0073 
      H148.1  2 0.0109 0.0489 0.0446 0.0607 0.3962 0.0743 0.0837 0.0084 0.0404 0.0120 0.0970 0.1229 
      H148.2  2 0.0098 0.0316 0.0185 0.0688 0.1498 0.0233 0.0493 0.0153 0.0565 0.0180 0.4510 0.1080 
      H148.3  2 0.0071 0.0082 0.0086 0.0207 0.0140 0.0116 0.0171 0.0086 0.0236 0.0121 0.8530 0.0154 
      H148.4  2 0.0155 0.0106 0.0181 0.0389 0.2706 0.1049 0.0176 0.0125 0.0377 0.0175 0.1997 0.2564 
      H148.5  2 0.0193 0.0110 0.0295 0.0354 0.0157 0.0117 0.0540 0.0118 0.0303 0.0115 0.5918 0.1781 
      H148.6  2 0.0054 0.0101 0.0474 0.1049 0.0866 0.0264 0.0261 0.0121 0.0162 0.0108 0.5685 0.0857 
      H148.7  2 0.0362 0.0312 0.0179 0.0407 0.0397 0.0225 0.0381 0.0073 0.0529 0.0087 0.4633 0.2414 
      H148.8  2 0.0104 0.0047 0.0168 0.0240 0.1018 0.0130 0.0139 0.0115 0.0099 0.0071 0.7607 0.0263 
      H148.9  2 0.0207 0.0591 0.0306 0.1945 0.0851 0.0147 0.0193 0.0656 0.2329 0.0076 0.2223 0.0476 
   H166022.1  2 0.0051 0.0061 0.8832 0.0093 0.0063 0.0091 0.0264 0.0115 0.0082 0.0114 0.0131 0.0102 
   H166022.2  2 0.0125 0.0148 0.6471 0.0112 0.0088 0.0791 0.1050 0.0132 0.0121 0.0440 0.0202 0.0319 
   H166022.3  2 0.0089 0.0092 0.9024 0.0041 0.0072 0.0134 0.0139 0.0044 0.0052 0.0048 0.0063 0.0200 
   H166022.4  2 0.0170 0.0093 0.8734 0.0065 0.0072 0.0160 0.0176 0.0041 0.0061 0.0063 0.0076 0.0290 
   H166022.5  2 0.0139 0.0142 0.7321 0.0061 0.0065 0.0317 0.1469 0.0049 0.0069 0.0102 0.0081 0.0184 
   H166022.6  2 0.0098 0.0118 0.8500 0.0127 0.0234 0.0189 0.0220 0.0143 0.0068 0.0085 0.0074 0.0144 
   H166022.7  2 0.0056 0.0057 0.0044 0.0055 0.0058 0.0058 0.0081 0.0039 0.0050 0.0053 0.0042 0.9408 
   H166022.8  2 0.0107 0.0154 0.3899 0.0067 0.0540 0.3072 0.1401 0.0288 0.0076 0.0122 0.0117 0.0157 
   H167397.1  2 0.0085 0.0097 0.0365 0.5508 0.0168 0.0309 0.0596 0.0077 0.0264 0.1132 0.1260 0.0139 
   H167397.2  2 0.0135 0.0150 0.0388 0.6012 0.0710 0.0485 0.0252 0.0690 0.0262 0.0413 0.0166 0.0338 
   H167397.3  2 0.0138 0.0191 0.0395 0.6436 0.0237 0.0124 0.0188 0.0087 0.0447 0.1132 0.0509 0.0116 
   H167397.4  2 0.0114 0.0249 0.0234 0.7247 0.0083 0.0086 0.0222 0.0362 0.0182 0.0455 0.0512 0.0255 
   H167397.5  2 0.0126 0.0147 0.0366 0.6463 0.0412 0.0662 0.0423 0.0077 0.0268 0.0427 0.0408 0.0222 
   H167397.6  2 0.0205 0.0310 0.0268 0.6548 0.0207 0.0162 0.0084 0.0139 0.1012 0.0560 0.0387 0.0118 
   H167496.1  2 0.0332 0.2322 0.1721 0.0097 0.0216 0.1272 0.0226 0.0061 0.0388 0.0279 0.2835 0.0251 
   H167496.2  2 0.0104 0.0805 0.0142 0.0142 0.0261 0.2725 0.0249 0.0132 0.0526 0.0799 0.0965 0.3148 
   H167496.3  2 0.0489 0.0541 0.1599 0.0130 0.0642 0.1982 0.0175 0.2739 0.0189 0.0561 0.0801 0.0152 
   H167496.4  2 0.0111 0.0103 0.8399 0.0063 0.0072 0.0322 0.0096 0.0143 0.0198 0.0292 0.0059 0.0141 
   H167496.6  2 0.0152 0.0105 0.0304 0.0073 0.0060 0.8680 0.0079 0.0085 0.0090 0.0169 0.0060 0.0143 
   H167496.7  2 0.0299 0.0644 0.0581 0.0100 0.1346 0.3585 0.0278 0.0096 0.0961 0.0166 0.1808 0.0136 
   H167496.8  2 0.0066 0.0088 0.0577 0.0080 0.0071 0.8015 0.0220 0.0096 0.0125 0.0390 0.0134 0.0137 
   H167513.1  2 0.0094 0.8608 0.0119 0.0122 0.0163 0.0154 0.0120 0.0100 0.0089 0.0089 0.0090 0.0254 
   H167513.2  2 0.0118 0.6822 0.0148 0.0416 0.0200 0.0372 0.0124 0.0154 0.0245 0.0111 0.1177 0.0113 
   H167513.3  2 0.0298 0.7878 0.0327 0.0095 0.0091 0.0092 0.0684 0.0058 0.0100 0.0086 0.0120 0.0170 
   H167513.4  2 0.0098 0.8220 0.0447 0.0097 0.0137 0.0193 0.0222 0.0086 0.0095 0.0105 0.0191 0.0109 
   H167513.5  2 0.0071 0.8348 0.0138 0.0286 0.0135 0.0188 0.0112 0.0136 0.0107 0.0094 0.0303 0.0083 
   H167513.6  2 0.0090 0.7876 0.0288 0.0144 0.0178 0.0176 0.0397 0.0207 0.0135 0.0114 0.0272 0.0124 
   H167513.7  2 0.0087 0.8822 0.0167 0.0193 0.0067 0.0090 0.0120 0.0111 0.0065 0.0112 0.0067 0.0099 
   H167513.8  2 0.0101 0.8588 0.0062 0.0155 0.0058 0.0119 0.0466 0.0052 0.0068 0.0094 0.0055 0.0179 
   H167547.1  2 0.0199 0.0120 0.0319 0.0252 0.0658 0.0217 0.0127 0.0094 0.0132 0.0077 0.7703 0.0102 
   H167547.2  2 0.0100 0.0086 0.0405 0.0165 0.0189 0.0108 0.0082 0.0086 0.0126 0.0122 0.8480 0.0051 
   H167547.3  2 0.0103 0.0082 0.0372 0.0147 0.0133 0.0068 0.0070 0.0083 0.0100 0.0105 0.8683 0.0054 
   H167547.4  2 0.0387 0.0289 0.5644 0.0330 0.0829 0.0157 0.0147 0.0213 0.0099 0.0088 0.1588 0.0230 
   H167547.5  2 0.0115 0.0095 0.0795 0.0070 0.0173 0.0076 0.0139 0.0095 0.0127 0.0086 0.8018 0.0212 
   H167547.6  2 0.0115 0.0094 0.0911 0.0080 0.0150 0.0055 0.0120 0.0092 0.0154 0.0096 0.8005 0.0127 
   H167547.7  2 0.0385 0.1918 0.0285 0.0226 0.0598 0.0242 0.0270 0.1736 0.0231 0.0244 0.3232 0.0634 
   H169750.1  2 0.0212 0.7038 0.0678 0.0069 0.0421 0.0356 0.0166 0.0221 0.0202 0.0136 0.0133 0.0369 
   H169750.2  2 0.0491 0.2205 0.0109 0.0615 0.0732 0.2679 0.0841 0.0297 0.0229 0.1012 0.0220 0.0570 
   H169750.3  2 0.0216 0.7048 0.0187 0.0034 0.0141 0.0309 0.0366 0.0280 0.0102 0.0142 0.0186 0.0989 
   H169750.4  2 0.1987 0.2884 0.0118 0.0722 0.1073 0.1201 0.0118 0.0258 0.0408 0.0238 0.0383 0.0609 
   H169750.5  2 0.0096 0.8490 0.0287 0.0051 0.0132 0.0089 0.0136 0.0138 0.0088 0.0303 0.0059 0.0132 
   H169750.6  2 0.0175 0.4724 0.0210 0.0097 0.0403 0.0479 0.0344 0.0222 0.0095 0.2721 0.0123 0.0407 
   H169750.7  2 0.0459 0.2880 0.0104 0.0204 0.0283 0.2098 0.0239 0.0424 0.0391 0.0253 0.0215 0.2449 
   H171929.1  2 0.0135 0.2273 0.0142 0.3393 0.0531 0.0079 0.0068 0.1896 0.0097 0.0142 0.0905 0.0339 
  H171929.10  2 0.0104 0.3404 0.0545 0.0946 0.0324 0.0237 0.0494 0.1458 0.0157 0.0428 0.1532 0.0372 
  H171929.11  2 0.0165 0.6217 0.0092 0.1517 0.0170 0.0092 0.0092 0.0896 0.0117 0.0131 0.0352 0.0160 
   H171929.2  2 0.0069 0.9208 0.0065 0.0052 0.0096 0.0059 0.0047 0.0092 0.0045 0.0055 0.0165 0.0048 
   H171929.3  2 0.0080 0.8863 0.0078 0.0196 0.0093 0.0054 0.0074 0.0102 0.0063 0.0117 0.0189 0.0090 
   H171929.4  2 0.0165 0.6677 0.0552 0.0063 0.0715 0.0133 0.0119 0.0679 0.0052 0.0264 0.0375 0.0205 
   H171929.5  2 0.0092 0.8782 0.0070 0.0176 0.0085 0.0077 0.0122 0.0077 0.0120 0.0072 0.0122 0.0205 
   H171929.6  2 0.0066 0.8955 0.0056 0.0225 0.0098 0.0058 0.0103 0.0054 0.0089 0.0066 0.0089 0.0143 
   H171929.7  2 0.0154 0.6764 0.0106 0.0112 0.0567 0.0125 0.0052 0.1298 0.0063 0.0264 0.0336 0.0158 
   H171929.8  2 0.0161 0.6099 0.0205 0.0115 0.0789 0.0103 0.0096 0.1791 0.0061 0.0123 0.0308 0.0149 
   H171929.9  2 0.0126 0.5418 0.0290 0.0060 0.0612 0.0205 0.0230 0.1881 0.0085 0.0307 0.0136 0.0649 
   H171930.1  2 0.0231 0.1411 0.0090 0.0336 0.0161 0.0137 0.7083 0.0043 0.0127 0.0077 0.0132 0.0171 
   H171930.2  2 0.0333 0.0320 0.0263 0.0056 0.0145 0.0199 0.7774 0.0118 0.0149 0.0197 0.0276 0.0170 
   H171930.3  2 0.0178 0.0119 0.0103 0.0141 0.0060 0.0090 0.8848 0.0066 0.0089 0.0063 0.0127 0.0117 
   H171930.4  2 0.0198 0.0109 0.0132 0.0082 0.0048 0.0136 0.8753 0.0040 0.0195 0.0057 0.0084 0.0166 
   H171930.5  2 0.0246 0.1321 0.0173 0.0223 0.0561 0.0126 0.6645 0.0110 0.0140 0.0248 0.0112 0.0095 
   H171930.6  2 0.0116 0.0076 0.0069 0.0053 0.0060 0.0094 0.8995 0.0044 0.0240 0.0105 0.0087 0.0061 
   H171930.7  2 0.0082 0.0104 0.0063 0.0178 0.0064 0.0148 0.8792 0.0074 0.0104 0.0064 0.0082 0.0245 
   H171930.8  2 0.0085 0.0143 0.0079 0.0100 0.0081 0.0271 0.8622 0.0045 0.0065 0.0065 0.0109 0.0334 
   H171933.1  2 0.0051 0.0149 0.8772 0.0237 0.0114 0.0047 0.0107 0.0088 0.0099 0.0059 0.0191 0.0087 
   H171933.2  2 0.0050 0.0090 0.8344 0.0338 0.0076 0.0081 0.0137 0.0200 0.0185 0.0115 0.0152 0.0232 
   H171933.3  2 0.0075 0.0129 0.8222 0.0125 0.0084 0.0091 0.0244 0.0318 0.0150 0.0058 0.0422 0.0084 
   H171933.4  2 0.0123 0.0236 0.8512 0.0048 0.0080 0.0251 0.0241 0.0129 0.0068 0.0093 0.0136 0.0084 
   H171933.5  2 0.0935 0.1218 0.4118 0.0106 0.0604 0.0724 0.0752 0.0194 0.0139 0.0072 0.0975 0.0163 
   H171933.6  2 0.0072 0.0072 0.9165 0.0043 0.0060 0.0078 0.0088 0.0076 0.0094 0.0108 0.0077 0.0067 
   H171933.7  2 0.0249 0.0166 0.6352 0.0240 0.0137 0.0164 0.0734 0.0685 0.0875 0.0122 0.0198 0.0078 
   H171933.8  2 0.0077 0.0279 0.6753 0.0387 0.0132 0.0360 0.0793 0.0395 0.0211 0.0177 0.0290 0.0145 
   H171933.9  2 0.0177 0.0134 0.8935 0.0043 0.0067 0.0125 0.0165 0.0067 0.0067 0.0073 0.0084 0.0064 
      H190.1  2 0.0549 0.0198 0.0312 0.0067 0.0497 0.0357 0.7274 0.0057 0.0144 0.0149 0.0273 0.0124 
      H190.2  2 0.0121 0.0125 0.0126 0.0096 0.0224 0.2876 0.0253 0.0980 0.1627 0.0526 0.2982 0.0065 
      H190.3  2 0.0264 0.0280 0.0502 0.0108 0.1800 0.0599 0.0504 0.0719 0.0539 0.0438 0.4119 0.0129 
      H190.4  2 0.0269 0.0288 0.0653 0.0075 0.0391 0.0102 0.7466 0.0113 0.0059 0.0081 0.0419 0.0084 
      H190.5  2 0.0197 0.0199 0.0214 0.0058 0.0147 0.4459 0.0357 0.0755 0.2083 0.0774 0.0584 0.0172 
      H190.6  2 0.0197 0.0245 0.0591 0.0060 0.0439 0.0113 0.7343 0.0176 0.0068 0.0080 0.0607 0.0081 
      H190.7  2 0.0350 0.0147 0.0362 0.0110 0.0768 0.0815 0.0640 0.5298 0.0165 0.0153 0.0968 0.0226 
      H190.8  2 0.0386 0.0122 0.0144 0.0050 0.0173 0.6547 0.0648 0.0529 0.0650 0.0308 0.0345 0.0098 
      H190.9  2 0.0358 0.0464 0.0249 0.0171 0.0608 0.3742 0.0774 0.1665 0.0289 0.0185 0.1356 0.0138 
      H400.1  2 0.0098 0.0174 0.8633 0.0070 0.0202 0.0099 0.0316 0.0068 0.0123 0.0080 0.0048 0.0088 
      H400.2  2 0.0053 0.0121 0.8668 0.0123 0.0100 0.0061 0.0191 0.0079 0.0266 0.0206 0.0060 0.0072 
      H400.3  2 0.0150 0.0283 0.7716 0.0112 0.0262 0.0118 0.0382 0.0112 0.0553 0.0118 0.0118 0.0077 
      H400.4  2 0.0119 0.0165 0.8143 0.0050 0.0094 0.0117 0.0410 0.0104 0.0143 0.0200 0.0151 0.0304 
      H400.5  2 0.0125 0.0631 0.8032 0.0078 0.0151 0.0063 0.0422 0.0072 0.0160 0.0112 0.0083 0.0071 
      H400.6  2 0.0070 0.0092 0.8802 0.0045 0.0122 0.0051 0.0124 0.0241 0.0170 0.0113 0.0067 0.0102 
      H400.7  2 0.0072 0.0215 0.8712 0.0055 0.0128 0.0091 0.0183 0.0168 0.0145 0.0069 0.0091 0.0073 
 H428.1_2005  2 0.0070 0.0100 0.9316 0.0057 0.0056 0.0040 0.0043 0.0079 0.0050 0.0067 0.0054 0.0068 
 H428.1_2006  2 0.0083 0.0076 0.9091 0.0060 0.0054 0.0122 0.0047 0.0117 0.0083 0.0139 0.0065 0.0064 
 H428.2_2005  2 0.0048 0.0114 0.9297 0.0065 0.0080 0.0041 0.0050 0.0051 0.0048 0.0052 0.0086 0.0068 
 H428.2_2006  2 0.0054 0.0087 0.8819 0.0057 0.0051 0.0094 0.0106 0.0078 0.0069 0.0437 0.0070 0.0080 
 H428.3_2005  2 0.0048 0.0066 0.9423 0.0034 0.0052 0.0057 0.0052 0.0046 0.0046 0.0065 0.0060 0.0050 
 H428.3_2006  2 0.0074 0.0107 0.8962 0.0070 0.0053 0.0101 0.0073 0.0076 0.0094 0.0215 0.0055 0.0121 
 H428.4_2005  2 0.0071 0.0069 0.9402 0.0054 0.0045 0.0044 0.0041 0.0054 0.0048 0.0053 0.0066 0.0053 
 H428.4_2006  2 0.0052 0.0044 0.9439 0.0052 0.0043 0.0037 0.0039 0.0084 0.0037 0.0088 0.0046 0.0038 
 H428.5_2005  2 0.0042 0.0072 0.9219 0.0146 0.0055 0.0048 0.0051 0.0061 0.0037 0.0129 0.0056 0.0083 
 H428.6_2005  2 0.0050 0.0078 0.9267 0.0047 0.0079 0.0062 0.0052 0.0108 0.0058 0.0084 0.0051 0.0065 
 H428.6_2006  2 0.0221 0.0078 0.8685 0.0220 0.0055 0.0056 0.0089 0.0142 0.0052 0.0140 0.0051 0.0210 
      H428.7  2 0.0048 0.0039 0.9419 0.0040 0.0043 0.0047 0.0054 0.0089 0.0048 0.0079 0.0039 0.0055 
      H428.8  2 0.0078 0.0066 0.9186 0.0086 0.0052 0.0062 0.0083 0.0068 0.0065 0.0131 0.0048 0.0075 
      H428.9  2 0.0046 0.0056 0.9340 0.0095 0.0061 0.0037 0.0066 0.0049 0.0047 0.0086 0.0050 0.0067 
      H453.1  2 0.0161 0.0114 0.7141 0.0061 0.0084 0.0746 0.0456 0.0110 0.0083 0.0698 0.0084 0.0262 
      H453.2  2 0.0201 0.0166 0.6805 0.0059 0.0216 0.0749 0.1162 0.0186 0.0136 0.0125 0.0086 0.0108 
      H453.3  2 0.0128 0.0161 0.7384 0.0039 0.0451 0.0771 0.0340 0.0247 0.0094 0.0125 0.0137 0.0121 
      H453.4  2 0.0175 0.0247 0.7212 0.0036 0.0194 0.0885 0.0725 0.0104 0.0089 0.0099 0.0118 0.0117 
      H453.5  2 0.0296 0.0128 0.6977 0.0057 0.0092 0.0287 0.1040 0.0082 0.0100 0.0784 0.0065 0.0094 
      H453.6  2 0.0104 0.0055 0.8052 0.0044 0.0038 0.0117 0.0502 0.0061 0.0057 0.0836 0.0053 0.0081 
      H453.7  2 0.0096 0.0166 0.0234 0.0050 0.0742 0.5360 0.0424 0.1214 0.0076 0.1140 0.0188 0.0310 
      H453.8  2 0.0111 0.0220 0.0269 0.0061 0.0329 0.7954 0.0191 0.0100 0.0060 0.0417 0.0143 0.0145 
      H453.9  2 0.0126 0.0233 0.0475 0.0048 0.0348 0.4370 0.1455 0.0440 0.0088 0.2268 0.0042 0.0106 
      H512.1  2 0.0955 0.0123 0.4479 0.0035 0.0124 0.0982 0.2340 0.0332 0.0117 0.0314 0.0095 0.0105 
     H512.10  2 0.2462 0.0223 0.1348 0.0882 0.0351 0.1946 0.1296 0.0096 0.0294 0.0703 0.0244 0.0156 
      H512.2  2 0.1069 0.0106 0.1777 0.0150 0.0261 0.4951 0.0282 0.0124 0.0323 0.0126 0.0464 0.0366 
      H512.3  2 0.3313 0.0278 0.0620 0.0330 0.0147 0.3119 0.0882 0.0102 0.0736 0.0100 0.0194 0.0179 
      H512.4  2 0.0253 0.0197 0.1162 0.0165 0.0510 0.3180 0.2466 0.0096 0.0139 0.0995 0.0480 0.0356 
      H512.5  2 0.4918 0.0433 0.0436 0.0260 0.0207 0.2216 0.0185 0.0069 0.0460 0.0124 0.0163 0.0529 
      H512.6  2 0.1601 0.0168 0.0636 0.0056 0.0293 0.5123 0.0871 0.0108 0.0471 0.0091 0.0363 0.0218 
      H512.7  2 0.6299 0.0331 0.1108 0.0136 0.0066 0.0453 0.0162 0.0109 0.0502 0.0251 0.0103 0.0480 
      H512.8  2 0.1200 0.0182 0.0577 0.0097 0.0185 0.4907 0.0787 0.0088 0.0770 0.0161 0.0697 0.0349 
      H512.9  2 0.4848 0.0391 0.1819 0.0201 0.0195 0.0997 0.0187 0.0445 0.0445 0.0231 0.0083 0.0158 
      H513.1  2 0.0048 0.0073 0.9264 0.0079 0.0049 0.0068 0.0080 0.0074 0.0059 0.0102 0.0051 0.0054 
      H513.2  2 0.0039 0.0145 0.8984 0.0099 0.0095 0.0083 0.0128 0.0066 0.0055 0.0113 0.0111 0.0082 
      H513.3  2 0.0046 0.0090 0.9309 0.0055 0.0067 0.0074 0.0059 0.0060 0.0051 0.0100 0.0046 0.0043 
      H513.4  2 0.0088 0.0089 0.8741 0.0038 0.0051 0.0113 0.0221 0.0096 0.0116 0.0250 0.0131 0.0067 
      H513.5  2 0.0143 0.0160 0.8851 0.0092 0.0063 0.0067 0.0195 0.0088 0.0060 0.0087 0.0049 0.0146 
      H513.6  2 0.0101 0.0525 0.3914 0.2937 0.0216 0.0197 0.1208 0.0234 0.0101 0.0132 0.0212 0.0223 
      H532.1  2 0.0272 0.1080 0.3044 0.0207 0.0290 0.0165 0.0174 0.0158 0.0235 0.3984 0.0109 0.0281 
      H532.2  2 0.0082 0.0200 0.4754 0.0100 0.0508 0.0547 0.1153 0.0379 0.0060 0.1374 0.0694 0.0148 
      H532.3  2 0.0309 0.0252 0.3025 0.0054 0.0533 0.1537 0.1690 0.0218 0.0053 0.1532 0.0622 0.0174 
      H532.4  2 0.0189 0.0163 0.1296 0.0110 0.1298 0.0519 0.0118 0.0285 0.0087 0.5660 0.0101 0.0174 
      H532.5  2 0.0110 0.0117 0.8007 0.0107 0.0147 0.0078 0.0095 0.0131 0.0074 0.0534 0.0182 0.0418 
      H532.6  2 0.0161 0.0145 0.3038 0.0103 0.0872 0.0907 0.0391 0.0091 0.0086 0.3987 0.0057 0.0161 
      H532.7  2 0.0445 0.0499 0.1359 0.0151 0.0102 0.0163 0.0186 0.0098 0.0056 0.6633 0.0173 0.0136 
      H532.8  2 0.0271 0.0759 0.1471 0.0201 0.0181 0.0246 0.0133 0.0192 0.0068 0.5303 0.0526 0.0649 
      H543.1  2 0.0067 0.0057 0.0209 0.9175 0.0053 0.0044 0.0093 0.0081 0.0036 0.0045 0.0079 0.0062 
      H543.2  2 0.0076 0.0249 0.0574 0.7928 0.0083 0.0044 0.0182 0.0230 0.0061 0.0098 0.0367 0.0110 
      H543.3  2 0.0079 0.0072 0.0134 0.9029 0.0061 0.0039 0.0080 0.0160 0.0043 0.0082 0.0080 0.0140 
      H543.4  2 0.0047 0.0056 0.0066 0.9297 0.0099 0.0053 0.0068 0.0059 0.0053 0.0045 0.0113 0.0045 
      H543.5  2 0.0046 0.0080 0.0076 0.9227 0.0060 0.0047 0.0087 0.0083 0.0061 0.0048 0.0120 0.0066 
      H543.6  2 0.0088 0.0420 0.0149 0.7605 0.0197 0.0089 0.0098 0.0897 0.0028 0.0066 0.0149 0.0214 
      H543.7  2 0.0037 0.0041 0.0042 0.9498 0.0044 0.0039 0.0044 0.0066 0.0051 0.0040 0.0052 0.0046 
      H543.8  2 0.0080 0.0134 0.0270 0.7513 0.0100 0.0056 0.0117 0.0186 0.0066 0.0190 0.0101 0.1187 
      H543.9  2 0.0094 0.0100 0.0117 0.8839 0.0052 0.0036 0.0078 0.0340 0.0049 0.0070 0.0113 0.0111 
 H545.1_2005  2 0.0035 0.0038 0.0030 0.9626 0.0036 0.0037 0.0036 0.0031 0.0029 0.0031 0.0028 0.0043 
 H545.1_2006  2 0.0046 0.0056 0.0051 0.9418 0.0051 0.0048 0.0050 0.0050 0.0064 0.0060 0.0055 0.0050 
 H545.2_2005  2 0.0109 0.0102 0.0065 0.9173 0.0066 0.0048 0.0042 0.0056 0.0121 0.0070 0.0069 0.0079 
 H545.2_2006  2 0.0048 0.0045 0.0054 0.9519 0.0043 0.0041 0.0043 0.0033 0.0031 0.0043 0.0046 0.0054 
 H545.3_2005  2 0.0129 0.0087 0.0058 0.9165 0.0099 0.0050 0.0071 0.0063 0.0083 0.0044 0.0079 0.0072 
 H545.3_2006  2 0.0040 0.0063 0.0058 0.9466 0.0047 0.0044 0.0034 0.0040 0.0053 0.0070 0.0034 0.0051 
 H545.4_2005  2 0.0092 0.0070 0.0052 0.9193 0.0125 0.0053 0.0053 0.0067 0.0084 0.0055 0.0099 0.0057 
 H545.4_2006  2 0.0054 0.0078 0.0043 0.9426 0.0046 0.0048 0.0037 0.0050 0.0080 0.0046 0.0051 0.0041 
 H545.5_2005  2 0.0056 0.0075 0.0079 0.9372 0.0044 0.0052 0.0047 0.0045 0.0061 0.0068 0.0040 0.0061 
 H545.5_2006  2 0.0117 0.0072 0.0074 0.9254 0.0071 0.0054 0.0060 0.0054 0.0051 0.0040 0.0068 0.0085 
 H545.6_2005  2 0.0045 0.0045 0.0045 0.9572 0.0035 0.0046 0.0036 0.0032 0.0034 0.0035 0.0031 0.0045 
 H545.6_2006  2 0.0058 0.0053 0.0041 0.9487 0.0058 0.0043 0.0048 0.0042 0.0042 0.0040 0.0044 0.0047 
 H545.7_2005  2 0.0045 0.0059 0.0052 0.9503 0.0044 0.0036 0.0040 0.0037 0.0041 0.0047 0.0035 0.0062 
 H545.7_2006  2 0.0059 0.0095 0.0064 0.9261 0.0063 0.0043 0.0048 0.0062 0.0113 0.0070 0.0054 0.0067 
 H545.8_2005  2 0.0106 0.0061 0.0114 0.9131 0.0087 0.0065 0.0085 0.0073 0.0066 0.0070 0.0067 0.0076 
 H545.8_2006  2 0.0050 0.0037 0.0049 0.9492 0.0048 0.0054 0.0053 0.0043 0.0039 0.0047 0.0041 0.0048 
      H545.9  2 0.0077 0.0054 0.0062 0.9362 0.0075 0.0044 0.0058 0.0056 0.0050 0.0043 0.0062 0.0057 
      H547.1  2 0.0147 0.0065 0.8892 0.0078 0.0092 0.0077 0.0076 0.0189 0.0079 0.0057 0.0099 0.0149 
      H547.2  2 0.0063 0.0041 0.7126 0.0093 0.0100 0.0102 0.0062 0.0106 0.1081 0.0089 0.0932 0.0204 
      H547.3  2 0.0583 0.0120 0.4604 0.0224 0.0326 0.2770 0.0114 0.0164 0.0078 0.0072 0.0588 0.0356 
      H547.4  2 0.0417 0.0172 0.6971 0.0091 0.0160 0.0678 0.0126 0.0155 0.0140 0.0187 0.0552 0.0352 
      H547.5  2 0.0097 0.0056 0.7336 0.0056 0.0084 0.0095 0.0058 0.0101 0.0418 0.0030 0.1571 0.0097 
      H547.6  2 0.0093 0.0065 0.8730 0.0202 0.0184 0.0097 0.0069 0.0082 0.0091 0.0065 0.0163 0.0159 
      H547.7  2 0.0566 0.0079 0.7065 0.0160 0.0344 0.0600 0.0118 0.0119 0.0100 0.0097 0.0293 0.0460 
      H547.8  2 0.0148 0.0075 0.8807 0.0095 0.0117 0.0088 0.0075 0.0173 0.0064 0.0047 0.0118 0.0194 
      H548.1  2 0.0071 0.0095 0.0060 0.9277 0.0081 0.0040 0.0043 0.0038 0.0070 0.0042 0.0063 0.0121 
      H548.2  2 0.0094 0.0058 0.0064 0.9220 0.0077 0.0061 0.0079 0.0056 0.0063 0.0060 0.0083 0.0086 
      H548.3  2 0.0049 0.0076 0.0059 0.9242 0.0114 0.0038 0.0076 0.0056 0.0068 0.0049 0.0053 0.0120 
      H548.4  2 0.0152 0.0257 0.0110 0.7507 0.0441 0.0099 0.0265 0.0071 0.0277 0.0204 0.0156 0.0463 
      H548.5  2 0.0061 0.0054 0.0043 0.9319 0.0052 0.0062 0.0071 0.0046 0.0056 0.0068 0.0077 0.0091 
      H548.6  2 0.0085 0.0082 0.0065 0.9217 0.0088 0.0053 0.0053 0.0039 0.0067 0.0053 0.0068 0.0132 
      H548.7  2 0.0053 0.0049 0.0064 0.9259 0.0081 0.0034 0.0051 0.0056 0.0085 0.0061 0.0068 0.0138 
      H548.8  2 0.0076 0.0081 0.0049 0.9098 0.0078 0.0064 0.0168 0.0079 0.0055 0.0105 0.0051 0.0095 
      H548.9  2 0.0148 0.0134 0.0081 0.8610 0.0142 0.0087 0.0188 0.0101 0.0111 0.0114 0.0129 0.0155 
     H7389.1  2 0.0060 0.0187 0.8886 0.0075 0.0104 0.0071 0.0096 0.0106 0.0059 0.0081 0.0184 0.0091 
     H7389.2  2 0.0054 0.0099 0.8663 0.0373 0.0069 0.0061 0.0178 0.0062 0.0042 0.0082 0.0254 0.0061 
     H7389.3  2 0.0066 0.0064 0.9073 0.0111 0.0035 0.0048 0.0085 0.0053 0.0042 0.0098 0.0276 0.0049 
     H7389.4  2 0.0074 0.0114 0.8554 0.0339 0.0059 0.0066 0.0102 0.0247 0.0076 0.0156 0.0044 0.0169 
     H7389.5  2 0.0081 0.0469 0.8027 0.0137 0.0105 0.0104 0.0246 0.0184 0.0067 0.0131 0.0061 0.0388 
     H7389.6  2 0.0061 0.1736 0.6609 0.0054 0.0043 0.0054 0.0212 0.0052 0.0094 0.0311 0.0093 0.0679 
     H7389.7  2 0.0064 0.0113 0.8823 0.0168 0.0053 0.0048 0.0067 0.0055 0.0056 0.0142 0.0297 0.0115 
     H7389.8  2 0.0112 0.0475 0.5407 0.1263 0.0184 0.0187 0.1000 0.0165 0.0101 0.0194 0.0156 0.0756 
     H7389.9  2 0.0068 0.0313 0.8068 0.0188 0.0067 0.0064 0.0340 0.0073 0.0045 0.0312 0.0067 0.0396 
      H747.1  2 0.0429 0.7713 0.0216 0.0099 0.0123 0.0146 0.0126 0.0173 0.0195 0.0157 0.0535 0.0087 
      H747.2  2 0.0139 0.9049 0.0056 0.0056 0.0109 0.0057 0.0122 0.0034 0.0134 0.0053 0.0087 0.0104 
      H747.3  2 0.0348 0.8598 0.0113 0.0081 0.0111 0.0111 0.0174 0.0061 0.0106 0.0050 0.0083 0.0163 
      H747.4  2 0.0389 0.8474 0.0060 0.0068 0.0092 0.0164 0.0091 0.0064 0.0295 0.0107 0.0114 0.0081 
      H747.5  2 0.0246 0.8840 0.0052 0.0060 0.0106 0.0082 0.0115 0.0045 0.0156 0.0051 0.0062 0.0185 
      H747.6  2 0.0071 0.9027 0.0076 0.0108 0.0057 0.0103 0.0132 0.0059 0.0081 0.0063 0.0123 0.0099 
      H747.7  2 0.0134 0.8921 0.0096 0.0075 0.0092 0.0084 0.0169 0.0081 0.0099 0.0055 0.0080 0.0113 
     H7484.1  2 0.0119 0.0678 0.0470 0.0053 0.0151 0.0870 0.0131 0.3808 0.0827 0.2488 0.0078 0.0326 
     H7484.2  2 0.0131 0.1067 0.0120 0.0061 0.0506 0.1406 0.0866 0.2645 0.1528 0.1109 0.0181 0.0382 
     H7484.3  2 0.0181 0.0851 0.0115 0.0099 0.0564 0.2595 0.0471 0.0894 0.1369 0.2084 0.0217 0.0560 
     H7484.4  2 0.0117 0.0931 0.0368 0.0048 0.0168 0.1426 0.0211 0.4259 0.1253 0.0760 0.0128 0.0330 
     H7484.5  2 0.0096 0.0687 0.0154 0.0093 0.1103 0.0386 0.1898 0.0203 0.0606 0.2818 0.0213 0.1743 
     H7484.6  2 0.0739 0.2391 0.0112 0.0103 0.1209 0.0990 0.0372 0.0118 0.2782 0.0256 0.0287 0.0639 
     H7484.7  2 0.0574 0.0484 0.0158 0.0061 0.1695 0.2318 0.0164 0.0843 0.0292 0.1743 0.0074 0.1593 
     H7484.8  2 0.0135 0.0749 0.1385 0.0054 0.1070 0.0520 0.0523 0.0336 0.1488 0.2648 0.0155 0.0937 
     H7485.1  2 0.0073 0.0068 0.0086 0.9043 0.0143 0.0058 0.0073 0.0113 0.0082 0.0084 0.0082 0.0095 
     H7485.2  2 0.0030 0.0098 0.0116 0.8926 0.0049 0.0039 0.0095 0.0203 0.0046 0.0056 0.0037 0.0305 
     H7485.3  2 0.0037 0.0070 0.0056 0.9400 0.0057 0.0050 0.0036 0.0035 0.0103 0.0048 0.0050 0.0057 
     H7485.4  2 0.0038 0.0088 0.0080 0.8741 0.0091 0.0039 0.0135 0.0179 0.0048 0.0072 0.0043 0.0447 
     H7485.5  2 0.0074 0.0080 0.0071 0.9041 0.0127 0.0087 0.0098 0.0097 0.0096 0.0093 0.0054 0.0081 
     H7485.6  2 0.0058 0.0109 0.0077 0.8819 0.0137 0.0042 0.0049 0.0166 0.0080 0.0168 0.0135 0.0160 
     H7485.7  2 0.0064 0.0069 0.0057 0.9178 0.0098 0.0048 0.0064 0.0062 0.0154 0.0087 0.0061 0.0058 
     H7496.1  2 0.0163 0.0190 0.5957 0.0059 0.0074 0.2119 0.0409 0.0146 0.0226 0.0386 0.0166 0.0104 
    H7496.10  2 0.0076 0.0124 0.8136 0.0058 0.0082 0.0362 0.0127 0.0325 0.0162 0.0268 0.0110 0.0170 
    H7496.11  2 0.0226 0.0468 0.0349 0.6852 0.0070 0.0324 0.0102 0.0066 0.0296 0.0777 0.0147 0.0322 
