      H008.1  2 0.0077 0.0060 0.0076 0.8757 0.0188 0.0223 0.0163 0.0099 0.0118 0.0161 0.0078 
      H008.2  2 0.0309 0.1526 0.0195 0.1648 0.1580 0.1265 0.0205 0.0485 0.0950 0.0551 0.1287 
      H008.3  2 0.0269 0.0765 0.0192 0.1042 0.0753 0.3388 0.0397 0.1382 0.0607 0.0332 0.0874 
      H008.4  2 0.0112 0.0593 0.0173 0.7621 0.0257 0.0126 0.0252 0.0161 0.0133 0.0238 0.0333 
      H008.5  2 0.0141 0.0219 0.0072 0.8493 0.0155 0.0225 0.0116 0.0225 0.0073 0.0083 0.0198 
      H008.6  2 0.0249 0.2096 0.0266 0.4158 0.0638 0.0902 0.0185 0.0150 0.0251 0.0521 0.0584 
      H008.7  2 0.0091 0.1328 0.0148 0.4833 0.0925 0.0522 0.0381 0.0799 0.0386 0.0380 0.0207 
      H008.8  2 0.0109 0.0164 0.0198 0.1169 0.0177 0.0188 0.0223 0.0131 0.5965 0.0717 0.0959 
      H008.9  2 0.0131 0.4360 0.0162 0.0512 0.0480 0.0698 0.0245 0.0230 0.0500 0.2003 0.0679 
 H029.1_2002  2 0.0080 0.0208 0.0311 0.8226 0.0132 0.0105 0.0124 0.0194 0.0184 0.0346 0.0090 
 H029.1_2003  2 0.0187 0.0280 0.0332 0.6360 0.0219 0.0662 0.0284 0.0722 0.0256 0.0420 0.0278 
 H029.2_2002  2 0.0070 0.0268 0.0216 0.8075 0.0131 0.0374 0.0090 0.0495 0.0069 0.0059 0.0152 
 H029.2_2003  2 0.0159 0.0458 0.0394 0.6311 0.0105 0.1573 0.0088 0.0274 0.0147 0.0220 0.0270 
 H029.3_2002  2 0.0247 0.1522 0.0376 0.5569 0.0109 0.0406 0.0119 0.1104 0.0149 0.0089 0.0310 
 H029.3_2003  2 0.0152 0.0073 0.0079 0.8998 0.0118 0.0192 0.0102 0.0113 0.0082 0.0038 0.0052 
 H029.4_2002  2 0.0068 0.0121 0.0036 0.9284 0.0092 0.0061 0.0080 0.0089 0.0086 0.0042 0.0040 
 H029.4_2003  2 0.0116 0.0264 0.0101 0.7822 0.0256 0.0316 0.0137 0.0323 0.0332 0.0176 0.0158 
 H029.5_2002  2 0.0072 0.0052 0.0080 0.9107 0.0130 0.0070 0.0172 0.0131 0.0062 0.0082 0.0042 
 H029.5_2003  2 0.0063 0.0117 0.0061 0.8903 0.0136 0.0284 0.0090 0.0081 0.0094 0.0116 0.0055 
 H029.6_2002  2 0.0075 0.0240 0.0066 0.8296 0.0074 0.0089 0.0095 0.0837 0.0109 0.0050 0.0070 
 H029.6_2003  2 0.0169 0.0065 0.0303 0.7945 0.0099 0.0504 0.0281 0.0163 0.0225 0.0142 0.0103 
      H029.7  2 0.0048 0.0174 0.0126 0.8976 0.0070 0.0126 0.0078 0.0141 0.0048 0.0086 0.0127 
      H030.1  2 0.6753 0.0058 0.0444 0.0405 0.0523 0.0560 0.0215 0.0680 0.0125 0.0134 0.0104 
      H030.2  2 0.3308 0.1137 0.0397 0.1289 0.1340 0.0178 0.0259 0.1708 0.0186 0.0127 0.0071 
      H038.1  2 0.0059 0.0256 0.0059 0.9133 0.0052 0.0052 0.0067 0.0061 0.0091 0.0072 0.0099 
      H038.2  2 0.0141 0.0062 0.0145 0.9161 0.0109 0.0068 0.0081 0.0075 0.0063 0.0055 0.0040 
      H038.3  2 0.0422 0.0467 0.0270 0.7928 0.0228 0.0073 0.0148 0.0077 0.0191 0.0132 0.0063 
      H038.4  2 0.0138 0.0354 0.0174 0.8602 0.0140 0.0059 0.0193 0.0083 0.0144 0.0062 0.0051 
      H038.5  2 0.0201 0.0276 0.0079 0.8607 0.0131 0.0081 0.0084 0.0100 0.0325 0.0067 0.0049 
      H038.6  2 0.0097 0.0094 0.0082 0.9277 0.0084 0.0092 0.0037 0.0062 0.0081 0.0046 0.0048 
      H038.7  2 0.0155 0.0120 0.0370 0.8877 0.0142 0.0063 0.0055 0.0045 0.0086 0.0048 0.0037 
      H038.8  2 0.0498 0.1195 0.0213 0.7447 0.0103 0.0067 0.0136 0.0065 0.0132 0.0078 0.0066 
      H041.1  2 0.0100 0.0251 0.0104 0.4979 0.2125 0.0210 0.0811 0.1022 0.0074 0.0142 0.0183 
      H041.2  2 0.0096 0.0124 0.0230 0.4496 0.0650 0.0094 0.3476 0.0507 0.0074 0.0187 0.0067 
      H041.4  2 0.0105 0.0248 0.0142 0.7372 0.0470 0.0127 0.0509 0.0328 0.0106 0.0308 0.0286 
      H041.6  2 0.0179 0.0122 0.0289 0.6587 0.0321 0.0134 0.0753 0.0552 0.0134 0.0504 0.0427 
 H042.1_2002  2 0.0162 0.0219 0.0227 0.0135 0.0153 0.0398 0.1463 0.5815 0.0329 0.0828 0.0272 
 H042.1_2003  2 0.0351 0.1474 0.1238 0.1499 0.0674 0.0992 0.1868 0.0410 0.0426 0.0859 0.0210 
 H042.2_2002  2 0.0172 0.0450 0.0097 0.6002 0.0418 0.1109 0.0643 0.0564 0.0200 0.0059 0.0286 
 H042.2_2003  2 0.0140 0.0074 0.0343 0.2830 0.0248 0.0283 0.5155 0.0167 0.0144 0.0506 0.0109 
 H042.3_2002  2 0.0223 0.0239 0.0191 0.0263 0.0322 0.0951 0.3934 0.3000 0.0274 0.0290 0.0313 
 H042.3_2003  2 0.0253 0.0607 0.0183 0.2200 0.0839 0.1888 0.1937 0.0935 0.0274 0.0490 0.0393 
 H042.4_2002  2 0.0880 0.0247 0.0189 0.1102 0.0107 0.0563 0.1197 0.5045 0.0146 0.0361 0.0164 
 H042.4_2003  2 0.0298 0.0089 0.0462 0.2620 0.0360 0.0197 0.0807 0.3705 0.0137 0.0831 0.0494 
      H042.5  2 0.0086 0.0043 0.0128 0.0107 0.0259 0.0223 0.0205 0.8160 0.0125 0.0195 0.0469 
      H042.6  2 0.0098 0.0083 0.0222 0.0235 0.0136 0.0159 0.0150 0.6332 0.0214 0.0248 0.2124 
      H042.7  2 0.0060 0.0062 0.1257 0.0572 0.0185 0.0171 0.4574 0.2487 0.0249 0.0175 0.0209 
      H042.8  2 0.0082 0.0451 0.0116 0.0420 0.0496 0.0575 0.1937 0.5213 0.0135 0.0177 0.0400 
   H042_2002  2 0.0150 0.0546 0.1916 0.1184 0.0898 0.0451 0.0870 0.0202 0.0474 0.0580 0.2728 
   H042_2003  2 0.0137 0.0568 0.1277 0.1356 0.0942 0.0628 0.0836 0.0185 0.0487 0.0624 0.2960 
      H043.1  2 0.0167 0.1686 0.0195 0.0330 0.2223 0.0125 0.0071 0.0179 0.4167 0.0124 0.0732 
      H043.2  2 0.0081 0.2843 0.0117 0.0486 0.0083 0.0106 0.0167 0.0054 0.1687 0.0786 0.3589 
      H043.3  2 0.0078 0.0405 0.3123 0.3223 0.0481 0.0115 0.0104 0.0068 0.1038 0.0331 0.1034 
      H043.4  2 0.0079 0.1962 0.0377 0.0529 0.0624 0.0097 0.0095 0.0081 0.0684 0.0493 0.4977 
      H043.5  2 0.0156 0.3794 0.0181 0.1895 0.0227 0.0105 0.0187 0.0064 0.2483 0.0479 0.0430 
      H043.6  2 0.0124 0.3162 0.0297 0.3906 0.0114 0.0086 0.0164 0.0074 0.1015 0.0544 0.0515 
      H043.7  2 0.0181 0.1750 0.2039 0.0476 0.0413 0.0065 0.0171 0.0057 0.0690 0.1294 0.2864 
      H043.8  2 0.0465 0.0289 0.0309 0.0182 0.0436 0.0155 0.0255 0.0109 0.6837 0.0333 0.0630 
      H043.9  2 0.0236 0.1080 0.0744 0.1217 0.1882 0.0098 0.0118 0.0197 0.3418 0.0136 0.0874 
      H047.1  2 0.0078 0.0096 0.0260 0.4913 0.3712 0.0227 0.0130 0.0043 0.0125 0.0254 0.0162 
      H047.2  2 0.0115 0.0069 0.0372 0.2340 0.5980 0.0239 0.0218 0.0193 0.0085 0.0295 0.0094 
      H047.3  2 0.0104 0.0044 0.0149 0.1112 0.7454 0.0336 0.0297 0.0132 0.0075 0.0143 0.0155 
      H047.4  2 0.0137 0.0054 0.0894 0.3870 0.3654 0.0138 0.0540 0.0138 0.0119 0.0322 0.0133 
      H047.5  2 0.0100 0.0047 0.0176 0.1340 0.7095 0.0232 0.0224 0.0064 0.0073 0.0165 0.0485 
      H047.6  2 0.0069 0.0063 0.0130 0.0307 0.8762 0.0104 0.0209 0.0084 0.0055 0.0137 0.0079 
      H047.7  2 0.0109 0.0112 0.0187 0.4150 0.4555 0.0169 0.0237 0.0124 0.0109 0.0134 0.0113 
      H047.8  2 0.0078 0.0046 0.0146 0.0505 0.8183 0.0251 0.0203 0.0106 0.0091 0.0212 0.0181 
      H047.9  2 0.0129 0.0049 0.0503 0.2870 0.4742 0.0308 0.0400 0.0076 0.0105 0.0138 0.0681 
 H071.1_2002  2 0.0078 0.0059 0.0104 0.9190 0.0071 0.0080 0.0059 0.0059 0.0080 0.0083 0.0135 
 H071.1_2003  2 0.0426 0.0115 0.0300 0.6755 0.0097 0.0130 0.0157 0.0068 0.0061 0.0342 0.1548 
     H071.10  2 0.0297 0.0084 0.0053 0.8967 0.0076 0.0047 0.0054 0.0075 0.0217 0.0058 0.0071 
 H071.2_2002  2 0.0084 0.0086 0.0078 0.9014 0.0087 0.0086 0.0091 0.0052 0.0142 0.0175 0.0104 
 H071.2_2003  2 0.0051 0.0038 0.0077 0.9458 0.0048 0.0053 0.0048 0.0052 0.0041 0.0055 0.0079 
      H071.3  2 0.0256 0.0088 0.0065 0.8999 0.0115 0.0070 0.0068 0.0059 0.0143 0.0053 0.0082 
 H071.4_2002  2 0.0253 0.0174 0.0074 0.8259 0.0105 0.0047 0.0086 0.0083 0.0718 0.0101 0.0102 
 H071.4_2003  2 0.0100 0.0032 0.0066 0.9329 0.0091 0.0056 0.0057 0.0046 0.0109 0.0048 0.0065 
 H071.5_2002  2 0.0099 0.0055 0.0077 0.9333 0.0072 0.0050 0.0045 0.0064 0.0081 0.0057 0.0069 
 H071.5_2003  2 0.0272 0.0039 0.0108 0.8890 0.0117 0.0093 0.0073 0.0046 0.0168 0.0106 0.0088 
 H071.6_2002  2 0.0085 0.0066 0.0083 0.8933 0.0095 0.0069 0.0066 0.0048 0.0385 0.0061 0.0110 
 H071.6_2003  2 0.0207 0.0037 0.0104 0.9116 0.0090 0.0063 0.0052 0.0047 0.0105 0.0098 0.0081 
 H071.7_2002  2 0.0048 0.0047 0.0113 0.9329 0.0073 0.0061 0.0054 0.0050 0.0075 0.0054 0.0096 
 H071.7_2003  2 0.0282 0.0051 0.0098 0.8893 0.0119 0.0087 0.0078 0.0060 0.0107 0.0123 0.0101 
      H071.8  2 0.0057 0.0094 0.0059 0.9162 0.0063 0.0077 0.0065 0.0050 0.0106 0.0104 0.0161 
      H071.9  2 0.0300 0.0194 0.0097 0.6543 0.0512 0.0070 0.0189 0.0146 0.1583 0.0177 0.0189 
 H081.1_2002  2 0.0076 0.0046 0.0081 0.9264 0.0046 0.0054 0.0067 0.0073 0.0049 0.0078 0.0167 
 H081.1_2003  2 0.1144 0.3276 0.1878 0.0794 0.0201 0.0376 0.0256 0.0565 0.0229 0.1033 0.0248 
 H081.2_2002  2 0.0053 0.0044 0.0122 0.8603 0.0072 0.0061 0.0067 0.0072 0.0057 0.0108 0.0740 
 H081.2_2003  2 0.6997 0.0101 0.0111 0.0418 0.0102 0.0142 0.0079 0.0240 0.0713 0.0225 0.0870 
 H081.3_2002  2 0.0134 0.0077 0.0101 0.8707 0.0155 0.0062 0.0092 0.0066 0.0118 0.0174 0.0312 
 H081.3_2003  2 0.6175 0.0200 0.0111 0.0145 0.0169 0.0169 0.0110 0.0176 0.1293 0.0678 0.0774 
 H081.4_2002  2 0.0083 0.0045 0.0106 0.9245 0.0072 0.0093 0.0065 0.0080 0.0095 0.0052 0.0064 
 H081.4_2003  2 0.5284 0.0222 0.0658 0.0331 0.0116 0.0328 0.0186 0.0323 0.0511 0.1581 0.0460 
 H081.5_2002  2 0.0118 0.0045 0.0142 0.9140 0.0077 0.0069 0.0068 0.0060 0.0081 0.0105 0.0096 
 H081.5_2003  2 0.2307 0.0401 0.2391 0.0693 0.0174 0.0327 0.0400 0.0432 0.0164 0.1515 0.1196 
      H081.6  2 0.0076 0.0060 0.0095 0.9224 0.0054 0.0079 0.0064 0.0050 0.0058 0.0092 0.0148 
      H081.7  2 0.0124 0.0057 0.0086 0.8345 0.0115 0.0062 0.0108 0.0075 0.0089 0.0175 0.0763 
      H081.8  2 0.0480 0.0142 0.0115 0.8250 0.0091 0.0089 0.0109 0.0126 0.0401 0.0098 0.0099 
      H083.1  2 0.0100 0.0132 0.0111 0.8920 0.0157 0.0099 0.0050 0.0229 0.0081 0.0045 0.0076 
      H083.2  2 0.0080 0.0074 0.0153 0.8461 0.0451 0.0083 0.0068 0.0152 0.0150 0.0132 0.0195 
      H083.4  2 0.0084 0.0180 0.0090 0.7986 0.0201 0.0071 0.0089 0.0441 0.0565 0.0104 0.0189 
      H083.5  2 0.0064 0.0258 0.0150 0.8540 0.0098 0.0085 0.0068 0.0396 0.0106 0.0070 0.0164 
      H083.6  2 0.0129 0.0117 0.0098 0.8599 0.0068 0.0117 0.0113 0.0424 0.0163 0.0053 0.0120 
      H083.7  2 0.0073 0.0161 0.0093 0.7836 0.0208 0.0078 0.0142 0.0643 0.0420 0.0120 0.0225 
      H083.8  2 0.0070 0.0067 0.0129 0.8284 0.0667 0.0098 0.0071 0.0159 0.0135 0.0145 0.0176 
      H083.9  2 0.0070 0.0097 0.0091 0.8694 0.0126 0.0079 0.0080 0.0547 0.0075 0.0050 0.0092 
      H084.1  2 0.8088 0.0909 0.0056 0.0132 0.0186 0.0100 0.0100 0.0166 0.0088 0.0081 0.0095 
      H084.2  2 0.7483 0.1281 0.0114 0.0121 0.0121 0.0154 0.0049 0.0258 0.0220 0.0136 0.0063 
      H084.3  2 0.6124 0.2171 0.0232 0.0090 0.0141 0.0206 0.0588 0.0195 0.0080 0.0097 0.0076 
      H084.4  2 0.4792 0.2266 0.0698 0.0168 0.0174 0.0197 0.1036 0.0274 0.0123 0.0206 0.0066 
      H084.5  2 0.8187 0.0335 0.0230 0.0068 0.0359 0.0106 0.0397 0.0070 0.0062 0.0072 0.0115 
      H084.6  2 0.7778 0.0958 0.0114 0.0060 0.0229 0.0064 0.0451 0.0126 0.0077 0.0065 0.0077 
      H084.7  2 0.8882 0.0126 0.0060 0.0133 0.0148 0.0167 0.0106 0.0130 0.0103 0.0076 0.0070 
      H084.8  2 0.7938 0.0767 0.0125 0.0061 0.0198 0.0107 0.0494 0.0098 0.0063 0.0067 0.0081 
 H085.1_2002  2 0.0092 0.0153 0.0063 0.0189 0.0102 0.0075 0.0063 0.0153 0.0063 0.0107 0.8939 
 H085.1_2003  2 0.0183 0.0146 0.0109 0.6694 0.0341 0.0137 0.0191 0.0875 0.0199 0.0113 0.1012 
 H085.2_2002  2 0.0349 0.0786 0.0160 0.0337 0.0115 0.0084 0.0257 0.1174 0.0293 0.2256 0.4190 
 H085.2_2003  2 0.0140 0.0131 0.0164 0.7764 0.0238 0.0188 0.0154 0.0722 0.0156 0.0112 0.0231 
 H085.3_2002  2 0.0060 0.0065 0.0094 0.0135 0.0086 0.0061 0.0103 0.0146 0.0055 0.0121 0.9075 
 H085.3_2003  2 0.0102 0.0051 0.0243 0.8405 0.0123 0.0152 0.0211 0.0096 0.0149 0.0101 0.0366 
 H085.4_2002  2 0.0248 0.0418 0.0098 0.0904 0.0091 0.0089 0.0176 0.0280 0.0221 0.0618 0.6856 
 H085.4_2003  2 0.0335 0.0071 0.0209 0.7993 0.0158 0.0096 0.0329 0.0245 0.0087 0.0367 0.0112 
 H085.5_2002  2 0.0045 0.0045 0.0071 0.0067 0.0061 0.0051 0.0070 0.0071 0.0050 0.0114 0.9357 
 H085.5_2003  2 0.0105 0.0068 0.0114 0.8582 0.0126 0.0161 0.0079 0.0299 0.0132 0.0088 0.0244 
 H085.6_2002  2 0.0084 0.0106 0.0081 0.0098 0.0141 0.0056 0.0062 0.0208 0.0062 0.0171 0.8932 
 H085.6_2003  2 0.0199 0.0076 0.3020 0.2049 0.0405 0.0269 0.2165 0.0123 0.0163 0.0911 0.0619 
 H085.7_2002  2 0.0136 0.0155 0.0410 0.0519 0.0168 0.0120 0.0141 0.0804 0.0129 0.0857 0.6561 
 H085.7_2003  2 0.0099 0.0089 0.0107 0.8477 0.0223 0.0125 0.0282 0.0128 0.0120 0.0105 0.0245 
 H085.8_2002  2 0.0193 0.0156 0.0940 0.0541 0.0099 0.0099 0.0664 0.0168 0.0374 0.1763 0.5003 
 H085.8_2003  2 0.0312 0.0144 0.0275 0.2645 0.1126 0.0238 0.0508 0.3752 0.0156 0.0400 0.0445 
      H085.9  2 0.0157 0.0331 0.0197 0.0562 0.0100 0.0076 0.0139 0.0172 0.0122 0.0224 0.7920 
      H088.1  2 0.0264 0.0093 0.0081 0.0166 0.0135 0.0350 0.0244 0.7422 0.0748 0.0308 0.0188 
      H088.2  2 0.0139 0.0072 0.0525 0.0119 0.0345 0.0145 0.0195 0.7354 0.0322 0.0227 0.0556 
      H088.3  2 0.0109 0.0059 0.0443 0.0076 0.0258 0.0161 0.0138 0.8156 0.0173 0.0212 0.0214 
      H088.4  2 0.0667 0.0109 0.0828 0.0730 0.0149 0.0445 0.0149 0.6321 0.0273 0.0267 0.0063 
      H088.5  2 0.0165 0.0085 0.0110 0.0127 0.0116 0.0140 0.0124 0.8710 0.0166 0.0170 0.0085 
      H088.6  2 0.0193 0.0063 0.0100 0.0385 0.0166 0.0193 0.0323 0.8135 0.0267 0.0104 0.0071 
      H088.7  2 0.0199 0.0111 0.0466 0.2014 0.1629 0.0260 0.0452 0.4258 0.0193 0.0187 0.0231 
      H088.8  2 0.0503 0.0160 0.0147 0.3322 0.0392 0.0683 0.0536 0.3203 0.0807 0.0143 0.0104 
      H091.1  2 0.0093 0.0075 0.0178 0.0223 0.0241 0.0193 0.0312 0.8253 0.0136 0.0107 0.0190 
      H091.2  2 0.0075 0.0063 0.0109 0.0409 0.0290 0.0199 0.0619 0.7627 0.0293 0.0125 0.0193 
      H109.1  2 0.0850 0.0675 0.0114 0.0162 0.5256 0.0141 0.0306 0.0318 0.1319 0.0140 0.0719 
      H109.2  2 0.5571 0.0196 0.0390 0.0700 0.1585 0.0109 0.0391 0.0278 0.0411 0.0249 0.0121 
      H109.3  2 0.1320 0.0149 0.0232 0.0419 0.5077 0.0499 0.1149 0.0171 0.0798 0.0091 0.0096 
      H109.4  2 0.1516 0.0259 0.0164 0.0278 0.1131 0.0249 0.0767 0.0176 0.5107 0.0234 0.0119 
      H109.5  2 0.0640 0.0041 0.0290 0.4295 0.0965 0.0236 0.3002 0.0207 0.0101 0.0120 0.0103 
      H109.6  2 0.4088 0.0276 0.0402 0.0593 0.1795 0.0247 0.0462 0.0190 0.1547 0.0191 0.0210 
      H126.1  2 0.0116 0.0134 0.0841 0.0158 0.0438 0.1813 0.0293 0.0129 0.0845 0.2059 0.3174 
      H126.2  2 0.0156 0.0556 0.0421 0.2442 0.0614 0.0418 0.0095 0.0161 0.2022 0.0478 0.2636 
      H126.3  2 0.0050 0.0261 0.0201 0.3423 0.1074 0.0380 0.0203 0.0372 0.0620 0.0227 0.3189 
      H126.4  2 0.0214 0.0255 0.0447 0.0885 0.0301 0.2166 0.0156 0.0232 0.1246 0.3640 0.0458 
      H126.5  2 0.0109 0.0082 0.4116 0.1708 0.0113 0.0513 0.0108 0.0111 0.1303 0.1004 0.0832 
      H126.6  2 0.0062 0.0068 0.0391 0.3916 0.0503 0.0103 0.0039 0.0179 0.0082 0.0127 0.4530 
      H126.7  2 0.0072 0.0033 0.0154 0.8796 0.0093 0.0129 0.0048 0.0084 0.0242 0.0081 0.0266 
      H130.1  2 0.0156 0.0090 0.0238 0.0103 0.0151 0.0254 0.0194 0.0269 0.0471 0.7882 0.0192 
      H130.2  2 0.6352 0.0076 0.0121 0.0288 0.0308 0.0293 0.0180 0.0415 0.0407 0.1361 0.0198 
      H130.3  2 0.2167 0.0049 0.0130 0.0291 0.0158 0.5583 0.0063 0.0200 0.0489 0.0783 0.0085 
      H130.4  2 0.0600 0.0313 0.0123 0.0082 0.0231 0.0573 0.0124 0.0276 0.0601 0.6770 0.0307 
      H130.5  2 0.2832 0.0058 0.0225 0.0630 0.0127 0.0120 0.0211 0.0791 0.0272 0.4306 0.0428 
      H133.1  2 0.0707 0.1112 0.0231 0.0610 0.3179 0.1216 0.0235 0.0291 0.0135 0.2069 0.0216 
      H133.2  2 0.1703 0.0149 0.0573 0.0235 0.2866 0.0339 0.0286 0.0283 0.0347 0.0815 0.2403 
      H133.3  2 0.0378 0.1240 0.0206 0.1240 0.4208 0.0618 0.0502 0.0223 0.0130 0.0420 0.0835 
      H133.4  2 0.0462 0.0514 0.0190 0.0218 0.6981 0.0330 0.0143 0.0129 0.0318 0.0380 0.0335 
      H133.5  2 0.1006 0.0434 0.0426 0.0171 0.2064 0.1873 0.0096 0.0368 0.0736 0.0842 0.1985 
      H133.6  2 0.2369 0.0137 0.0515 0.0272 0.0973 0.0748 0.0195 0.0781 0.0852 0.1168 0.1989 
      H133.7  2 0.0100 0.0407 0.0099 0.0266 0.7642 0.0189 0.0661 0.0079 0.0079 0.0288 0.0190 
      H133.8  2 0.0274 0.0648 0.0100 0.0243 0.5903 0.0197 0.0348 0.0216 0.0441 0.0461 0.1168 
      H133.9  2 0.0478 0.1108 0.0188 0.0447 0.3111 0.1967 0.0131 0.0353 0.0161 0.1871 0.0185 
      H147.1  2 0.1291 0.0179 0.0610 0.4758 0.0229 0.0052 0.1448 0.0638 0.0055 0.0216 0.0525 
      H147.2  2 0.0220 0.0066 0.0272 0.8796 0.0068 0.0070 0.0102 0.0108 0.0064 0.0134 0.0100 
      H147.3  2 0.0217 0.0047 0.0159 0.8759 0.0065 0.0079 0.0155 0.0077 0.0049 0.0092 0.0300 
      H147.4  2 0.0336 0.0209 0.0128 0.8731 0.0075 0.0062 0.0099 0.0117 0.0051 0.0058 0.0134 
      H147.5  2 0.1275 0.0064 0.0340 0.6221 0.0088 0.0321 0.0239 0.0975 0.0093 0.0132 0.0253 
      H147.6  2 0.1555 0.0107 0.0617 0.4729 0.0095 0.0374 0.0291 0.1727 0.0100 0.0110 0.0295 
      H147.7  2 0.0530 0.0208 0.0115 0.8388 0.0091 0.0079 0.0227 0.0106 0.0051 0.0099 0.0104 
      H147.8  2 0.0628 0.0316 0.0120 0.7647 0.0120 0.0100 0.0108 0.0718 0.0078 0.0037 0.0127 
      H147.9  2 0.0164 0.0062 0.0195 0.8871 0.0080 0.0083 0.0121 0.0061 0.0052 0.0109 0.0203 
      H148.1  2 0.0742 0.0760 0.0916 0.0180 0.0315 0.0120 0.0845 0.0465 0.0596 0.4957 0.0104 
      H148.2  2 0.0846 0.0962 0.0313 0.0243 0.0463 0.0241 0.3851 0.0231 0.0370 0.2187 0.0295 
      H148.3  2 0.0178 0.0235 0.0282 0.0063 0.0084 0.0080 0.8715 0.0068 0.0099 0.0116 0.0081 
      H148.4  2 0.0218 0.0475 0.1370 0.0268 0.0164 0.0205 0.2533 0.0227 0.0644 0.3720 0.0177 
      H148.5  2 0.1261 0.1034 0.0464 0.0155 0.0132 0.0412 0.5060 0.0476 0.0611 0.0282 0.0112 
      H148.6  2 0.0331 0.1778 0.0327 0.0154 0.0196 0.0119 0.4920 0.0605 0.0209 0.1239 0.0122 
      H148.7  2 0.0527 0.0767 0.0329 0.0163 0.0299 0.0714 0.4547 0.0309 0.1621 0.0628 0.0097 
      H148.8  2 0.0230 0.0431 0.0145 0.0085 0.0065 0.0148 0.6929 0.0220 0.0196 0.1446 0.0104 
      H148.9  2 0.0448 0.2856 0.0344 0.0117 0.1178 0.0361 0.1632 0.0216 0.0722 0.1092 0.1035 
   H166022.1  2 0.0192 0.0106 0.0089 0.0137 0.0064 0.0055 0.0126 0.9033 0.0050 0.0077 0.0073 
   H166022.2  2 0.0844 0.0133 0.0579 0.0427 0.0159 0.0154 0.0189 0.7140 0.0129 0.0121 0.0124 
   H166022.3  2 0.0117 0.0053 0.0095 0.0055 0.0080 0.0103 0.0075 0.9177 0.0124 0.0076 0.0046 
   H166022.4  2 0.0110 0.0054 0.0177 0.0061 0.0097 0.0176 0.0068 0.8972 0.0185 0.0060 0.0040 
   H166022.5  2 0.0683 0.0060 0.0241 0.0152 0.0096 0.0150 0.0081 0.8335 0.0093 0.0056 0.0052 
   H166022.6  2 0.0165 0.0149 0.0258 0.0110 0.0130 0.0145 0.0119 0.8516 0.0072 0.0222 0.0114 
   H166022.7  2 0.0121 0.0202 0.0060 0.0096 0.0100 0.0089 0.0066 0.0057 0.9024 0.0112 0.0073 
   H166022.8  2 0.0908 0.0091 0.1886 0.0246 0.0118 0.0148 0.0141 0.5608 0.0079 0.0488 0.0287 
   H167397.1  2 0.0373 0.4982 0.0267 0.1120 0.0195 0.0102 0.2094 0.0487 0.0097 0.0205 0.0077 
   H167397.2  2 0.0143 0.5994 0.0780 0.0486 0.0127 0.0191 0.0242 0.0571 0.0095 0.0790 0.0582 
   H167397.3  2 0.0192 0.6060 0.0192 0.1302 0.0359 0.0121 0.0758 0.0532 0.0060 0.0347 0.0078 
   H167397.4  2 0.0156 0.7743 0.0122 0.0391 0.0183 0.0170 0.0440 0.0257 0.0102 0.0106 0.0329 
   H167397.5  2 0.0330 0.6347 0.0697 0.0470 0.0090 0.0173 0.0593 0.0339 0.0338 0.0549 0.0073 
   H167397.6  2 0.0082 0.6084 0.0184 0.0880 0.0957 0.0197 0.0892 0.0270 0.0088 0.0227 0.0139 
   H167496.1  2 0.0383 0.0097 0.0652 0.0283 0.0652 0.0499 0.3855 0.2128 0.1091 0.0241 0.0119 
   H167496.2  2 0.0951 0.0140 0.3621 0.1053 0.1338 0.0141 0.0883 0.0186 0.1132 0.0336 0.0218 
   H167496.3  2 0.0190 0.0127 0.0664 0.0618 0.0430 0.0485 0.1105 0.2142 0.0406 0.0822 0.3010 
   H167496.4  2 0.0102 0.0069 0.0279 0.0284 0.0122 0.0143 0.0068 0.8659 0.0068 0.0086 0.0119 
   H167496.6  2 0.0133 0.0059 0.7389 0.0366 0.0112 0.0227 0.0073 0.1360 0.0101 0.0095 0.0085 
   H167496.7  2 0.0438 0.0081 0.1585 0.0208 0.1073 0.0304 0.3530 0.0656 0.0421 0.1585 0.0119 
   H167496.8  2 0.0270 0.0082 0.6671 0.0539 0.0245 0.0088 0.0210 0.1534 0.0114 0.0119 0.0128 
   H167513.1  2 0.0097 0.0098 0.0106 0.0085 0.9003 0.0094 0.0072 0.0123 0.0091 0.0141 0.0090 
   H167513.2  2 0.0139 0.0326 0.0224 0.0095 0.7900 0.0090 0.0596 0.0099 0.0112 0.0263 0.0156 
   H167513.3  2 0.0769 0.0065 0.0104 0.0101 0.7584 0.0745 0.0116 0.0184 0.0164 0.0091 0.0075 
   H167513.4  2 0.0145 0.0078 0.0131 0.0069 0.8736 0.0078 0.0099 0.0385 0.0089 0.0126 0.0063 
   H167513.5  2 0.0087 0.0230 0.0130 0.0075 0.8737 0.0055 0.0211 0.0152 0.0064 0.0144 0.0116 
   H167513.6  2 0.0388 0.0091 0.0126 0.0120 0.8055 0.0110 0.0244 0.0346 0.0091 0.0205 0.0224 
   H167513.7  2 0.0147 0.0231 0.0065 0.0106 0.8889 0.0062 0.0064 0.0184 0.0061 0.0077 0.0113 
   H167513.8  2 0.0436 0.0173 0.0101 0.0075 0.8712 0.0105 0.0064 0.0100 0.0116 0.0067 0.0051 
   H167547.1  2 0.0171 0.0226 0.0220 0.0102 0.0116 0.0186 0.6874 0.0407 0.0212 0.1398 0.0088 
   H167547.2  2 0.0077 0.0104 0.0084 0.0078 0.0084 0.0081 0.8957 0.0274 0.0064 0.0115 0.0081 
   H167547.3  2 0.0093 0.0114 0.0057 0.0087 0.0093 0.0089 0.8964 0.0245 0.0057 0.0142 0.0060 
   H167547.4  2 0.0181 0.0447 0.0164 0.0091 0.0103 0.0346 0.0653 0.6398 0.0390 0.1058 0.0169 
   H167547.5  2 0.0159 0.0080 0.0065 0.0121 0.0152 0.0117 0.8109 0.0725 0.0124 0.0248 0.0100 
   H167547.6  2 0.0153 0.0090 0.0066 0.0103 0.0113 0.0091 0.7936 0.0984 0.0145 0.0215 0.0103 
   H167547.7  2 0.0408 0.0262 0.0326 0.0257 0.1341 0.0416 0.2451 0.0311 0.1618 0.0817 0.1794 
   H169750.1  2 0.0498 0.0179 0.0763 0.0327 0.2957 0.0796 0.0147 0.1697 0.1132 0.1260 0.0243 
   H169750.2  2 0.1104 0.0575 0.1369 0.2253 0.1577 0.0599 0.0729 0.0147 0.0403 0.0895 0.0347 
   H169750.3  2 0.1310 0.0044 0.0181 0.0341 0.4770 0.0296 0.0211 0.0253 0.1829 0.0313 0.0452 
   H169750.4  2 0.0131 0.0801 0.2744 0.0275 0.2297 0.1477 0.0354 0.0194 0.0246 0.1183 0.0298 
   H169750.5  2 0.0409 0.0108 0.0236 0.1495 0.4191 0.0463 0.0153 0.0920 0.0562 0.1136 0.0326 
   H169750.6  2 0.0657 0.0114 0.0249 0.5437 0.1323 0.0354 0.0102 0.0230 0.0697 0.0529 0.0308 
   H169750.7  2 0.0333 0.0361 0.2027 0.0597 0.2829 0.0742 0.0312 0.0180 0.1441 0.0238 0.0940 
   H171929.1  2 0.0078 0.1565 0.0065 0.0170 0.6296 0.0113 0.0221 0.0106 0.0135 0.0294 0.0957 
  H171929.10  2 0.0355 0.0565 0.0200 0.0268 0.5761 0.0085 0.0794 0.0566 0.0093 0.0278 0.1036 
  H171929.11  2 0.0102 0.0740 0.0095 0.0144 0.7549 0.0148 0.0298 0.0124 0.0104 0.0216 0.0481 
   H171929.2  2 0.0086 0.0054 0.0060 0.0072 0.9198 0.0081 0.0119 0.0082 0.0064 0.0096 0.0088 
   H171929.3  2 0.0102 0.0177 0.0057 0.0111 0.8790 0.0130 0.0188 0.0120 0.0082 0.0115 0.0127 
   H171929.4  2 0.0179 0.0084 0.0114 0.0317 0.5175 0.0396 0.0720 0.0945 0.0129 0.1063 0.0877 
   H171929.5  2 0.0121 0.0117 0.0055 0.0070 0.9086 0.0089 0.0087 0.0062 0.0121 0.0106 0.0085 
   H171929.6  2 0.0096 0.0132 0.0046 0.0078 0.9168 0.0067 0.0082 0.0056 0.0093 0.0101 0.0081 
   H171929.7  2 0.0057 0.0075 0.0077 0.0155 0.7975 0.0125 0.0157 0.0098 0.0098 0.0505 0.0678 
   H171929.8  2 0.0114 0.0104 0.0083 0.0114 0.7160 0.0113 0.0234 0.0151 0.0086 0.0771 0.1070 
   H171929.9  2 0.0236 0.0061 0.0127 0.0296 0.6082 0.0126 0.0124 0.0302 0.0188 0.0720 0.1739 
   H171930.1  2 0.6645 0.0392 0.0148 0.0133 0.0994 0.0479 0.0344 0.0090 0.0545 0.0182 0.0049 
   H171930.2  2 0.7653 0.0069 0.0120 0.0139 0.0165 0.0220 0.0386 0.0241 0.0689 0.0189 0.0127 
   H171930.3  2 0.8902 0.0103 0.0089 0.0089 0.0073 0.0156 0.0172 0.0093 0.0197 0.0057 0.0069 
   H171930.4  2 0.8498 0.0110 0.0115 0.0064 0.0087 0.0217 0.0202 0.0194 0.0420 0.0052 0.0042 
   H171930.5  2 0.6081 0.0156 0.0119 0.0200 0.0856 0.0270 0.0190 0.0151 0.1402 0.0447 0.0128 
   H171930.6  2 0.9010 0.0057 0.0090 0.0164 0.0079 0.0125 0.0103 0.0103 0.0166 0.0058 0.0045 
   H171930.7  2 0.8995 0.0173 0.0115 0.0066 0.0126 0.0077 0.0117 0.0067 0.0103 0.0075 0.0086 
   H171930.8  2 0.8901 0.0132 0.0166 0.0094 0.0151 0.0080 0.0155 0.0067 0.0091 0.0099 0.0065 
   H171933.1  2 0.0131 0.0257 0.0071 0.0064 0.0089 0.0066 0.0220 0.8834 0.0086 0.0116 0.0067 
   H171933.2  2 0.0189 0.0545 0.0155 0.0162 0.0102 0.0050 0.0220 0.8095 0.0082 0.0082 0.0317 
   H171933.3  2 0.0301 0.0149 0.0111 0.0058 0.0086 0.0094 0.0397 0.8368 0.0096 0.0090 0.0250 
   H171933.4  2 0.0442 0.0051 0.0340 0.0072 0.0197 0.0124 0.0108 0.8370 0.0067 0.0107 0.0123 
   H171933.5  2 0.1457 0.0092 0.0745 0.0067 0.0610 0.1012 0.0482 0.4526 0.0275 0.0525 0.0208 
   H171933.6  2 0.0078 0.0045 0.0079 0.0188 0.0092 0.0096 0.0071 0.9111 0.0089 0.0067 0.0085 
   H171933.7  2 0.0714 0.0263 0.0380 0.0146 0.0142 0.0249 0.0310 0.6769 0.0194 0.0125 0.0708 
   H171933.8  2 0.1283 0.0465 0.0846 0.0135 0.0251 0.0086 0.0233 0.6027 0.0108 0.0162 0.0404 
   H171933.9  2 0.0162 0.0037 0.0106 0.0067 0.0080 0.0134 0.0081 0.9103 0.0083 0.0070 0.0076 
      H190.1  2 0.8022 0.0068 0.0155 0.0140 0.0111 0.0465 0.0191 0.0238 0.0207 0.0327 0.0076 
      H190.2  2 0.0202 0.0053 0.0314 0.0300 0.0116 0.0098 0.8336 0.0094 0.0074 0.0115 0.0298 
      H190.3  2 0.0242 0.0075 0.0120 0.0242 0.0141 0.0139 0.7674 0.0226 0.0182 0.0726 0.0234 
      H190.4  2 0.7842 0.0070 0.0060 0.0080 0.0100 0.0203 0.0165 0.0807 0.0146 0.0409 0.0118 
      H190.5  2 0.0455 0.0069 0.0931 0.0772 0.0244 0.0188 0.5866 0.0246 0.0227 0.0215 0.0786 
      H190.6  2 0.7950 0.0068 0.0065 0.0083 0.0099 0.0176 0.0207 0.0585 0.0198 0.0425 0.0144 
      H190.7  2 0.0928 0.0101 0.0379 0.0171 0.0133 0.0412 0.0791 0.0417 0.0161 0.0747 0.5760 
      H190.8  2 0.2324 0.0059 0.1986 0.0336 0.0296 0.0587 0.2977 0.0214 0.0324 0.0345 0.0552 
      H190.9  2 0.1330 0.0152 0.0967 0.0142 0.0729 0.0553 0.3229 0.0187 0.0165 0.0853 0.1693 
      H400.1  2 0.0203 0.0093 0.0127 0.0091 0.0123 0.0122 0.0056 0.8899 0.0089 0.0121 0.0077 
      H400.2  2 0.0143 0.0098 0.0073 0.0218 0.0214 0.0090 0.0096 0.8795 0.0086 0.0079 0.0107 
      H400.3  2 0.0296 0.0161 0.0138 0.0096 0.0138 0.0231 0.0213 0.8079 0.0219 0.0324 0.0105 
      H400.4  2 0.0395 0.0041 0.0093 0.0246 0.0273 0.0124 0.0190 0.8331 0.0108 0.0086 0.0112 
      H400.5  2 0.0390 0.0084 0.0063 0.0113 0.0173 0.0217 0.0117 0.8452 0.0110 0.0177 0.0105 
      H400.6  2 0.0116 0.0045 0.0058 0.0115 0.0134 0.0076 0.0087 0.8908 0.0068 0.0152 0.0241 
      H400.7  2 0.0266 0.0066 0.0142 0.0055 0.0152 0.0064 0.0122 0.8775 0.0115 0.0125 0.0118 
 H428.1_2005  2 0.0050 0.0061 0.0052 0.0076 0.0123 0.0077 0.0053 0.9296 0.0085 0.0051 0.0076 
 H428.1_2006  2 0.0043 0.0061 0.0136 0.0139 0.0204 0.0086 0.0076 0.9012 0.0052 0.0059 0.0131 
 H428.2_2005  2 0.0050 0.0063 0.0046 0.0046 0.0093 0.0050 0.0062 0.9420 0.0060 0.0067 0.0042 
 H428.2_2006  2 0.0080 0.0070 0.0092 0.0417 0.0134 0.0070 0.0057 0.8849 0.0082 0.0048 0.0101 
 H428.3_2005  2 0.0053 0.0034 0.0055 0.0074 0.0079 0.0056 0.0054 0.9427 0.0060 0.0050 0.0058 
 H428.3_2006  2 0.0067 0.0071 0.0121 0.0201 0.0115 0.0074 0.0054 0.9069 0.0096 0.0058 0.0075 
 H428.4_2005  2 0.0047 0.0060 0.0049 0.0061 0.0090 0.0088 0.0054 0.9408 0.0048 0.0044 0.0050 
 H428.4_2006  2 0.0039 0.0067 0.0049 0.0096 0.0049 0.0091 0.0057 0.9349 0.0044 0.0054 0.0104 
 H428.5_2005  2 0.0071 0.0201 0.0039 0.0146 0.0062 0.0044 0.0051 0.9181 0.0079 0.0049 0.0078 
 H428.6_2005  2 0.0060 0.0044 0.0090 0.0083 0.0095 0.0094 0.0048 0.9242 0.0054 0.0076 0.0112 
 H428.6_2006  2 0.0123 0.0206 0.0068 0.0148 0.0146 0.0258 0.0064 0.8671 0.0105 0.0064 0.0146 
      H428.7  2 0.0046 0.0046 0.0041 0.0090 0.0039 0.0061 0.0045 0.9461 0.0063 0.0041 0.0067 
      H428.8  2 0.0068 0.0084 0.0061 0.0133 0.0071 0.0094 0.0052 0.9229 0.0104 0.0046 0.0058 
      H428.9  2 0.0073 0.0129 0.0047 0.0086 0.0051 0.0057 0.0051 0.9320 0.0064 0.0051 0.0072 
      H453.1  2 0.0239 0.0062 0.0377 0.0539 0.0118 0.0174 0.0069 0.8006 0.0187 0.0116 0.0114 
      H453.2  2 0.0773 0.0054 0.0321 0.0146 0.0101 0.0294 0.0110 0.7671 0.0196 0.0177 0.0157 
      H453.3  2 0.0490 0.0051 0.0202 0.0104 0.0113 0.0141 0.0146 0.7865 0.0220 0.0450 0.0216 
      H453.4  2 0.0707 0.0036 0.0277 0.0119 0.0149 0.0224 0.0157 0.7727 0.0159 0.0335 0.0111 
      H453.5  2 0.1201 0.0073 0.0126 0.0817 0.0088 0.0324 0.0081 0.6992 0.0113 0.0087 0.0097 
      H453.6  2 0.0369 0.0048 0.0081 0.1170 0.0047 0.0127 0.0054 0.7919 0.0079 0.0042 0.0065 
      H453.7  2 0.1257 0.0045 0.1535 0.1695 0.0253 0.0187 0.0334 0.0414 0.0307 0.2256 0.1717 
      H453.8  2 0.0693 0.0066 0.4793 0.0483 0.0205 0.0144 0.0234 0.1047 0.0305 0.1767 0.0262 
      H453.9  2 0.1729 0.0052 0.1048 0.3925 0.0115 0.0263 0.0092 0.0867 0.0211 0.0660 0.1039 
      H512.1  2 0.2143 0.0048 0.0169 0.0397 0.0113 0.2095 0.0099 0.4185 0.0161 0.0215 0.0375 
     H512.10  2 0.1282 0.0645 0.1339 0.0819 0.0191 0.3558 0.0372 0.1154 0.0208 0.0355 0.0077 
      H512.2  2 0.0643 0.0187 0.2680 0.0179 0.0154 0.1598 0.1461 0.2151 0.0447 0.0357 0.0143 
      H512.3  2 0.0551 0.0151 0.1642 0.0181 0.0144 0.5872 0.0351 0.0437 0.0397 0.0181 0.0093 
      H512.4  2 0.3738 0.0178 0.1964 0.0903 0.0161 0.0303 0.0609 0.1122 0.0353 0.0574 0.0095 
      H512.5  2 0.0129 0.0175 0.1440 0.0125 0.0187 0.6020 0.0258 0.0358 0.1050 0.0178 0.0081 
      H512.6  2 0.1246 0.0060 0.2122 0.0126 0.0146 0.2717 0.0654 0.0574 0.1913 0.0310 0.0132 
      H512.7  2 0.0112 0.0135 0.0435 0.0255 0.0303 0.7534 0.0107 0.0624 0.0340 0.0076 0.0078 
      H512.8  2 0.1017 0.0102 0.2427 0.0140 0.0193 0.2013 0.2398 0.0724 0.0627 0.0225 0.0133 
      H512.9  2 0.0201 0.0195 0.0482 0.0222 0.0304 0.6402 0.0086 0.1138 0.0297 0.0203 0.0470 
      H513.1  2 0.0065 0.0103 0.0074 0.0109 0.0125 0.0043 0.0053 0.9243 0.0060 0.0061 0.0064 
      H513.2  2 0.0129 0.0103 0.0057 0.0103 0.0086 0.0050 0.0099 0.9139 0.0058 0.0099 0.0077 
      H513.3  2 0.0051 0.0049 0.0055 0.0086 0.0127 0.0060 0.0051 0.9307 0.0080 0.0071 0.0064 
      H513.4  2 0.0168 0.0038 0.0110 0.0183 0.0163 0.0100 0.0107 0.8944 0.0056 0.0051 0.0083 
      H513.5  2 0.0199 0.0094 0.0072 0.0093 0.0152 0.0131 0.0046 0.8945 0.0100 0.0066 0.0102 
      H513.6  2 0.1040 0.2596 0.0099 0.0166 0.0386 0.0186 0.0278 0.4632 0.0272 0.0176 0.0170 
      H532.1  2 0.0152 0.0210 0.0260 0.3986 0.0355 0.0334 0.0147 0.3293 0.0732 0.0336 0.0195 
      H532.2  2 0.1502 0.0098 0.0259 0.1312 0.0134 0.0101 0.0659 0.5029 0.0229 0.0441 0.0237 
      H532.3  2 0.2815 0.0061 0.0415 0.1619 0.0107 0.0382 0.0282 0.3056 0.0163 0.0830 0.0271 
      H532.4  2 0.0193 0.0128 0.0518 0.5990 0.0091 0.0221 0.0127 0.1112 0.0152 0.1114 0.0353 
      H532.5  2 0.0085 0.0123 0.0160 0.0421 0.0139 0.0111 0.0237 0.8158 0.0310 0.0131 0.0126 
      H532.6  2 0.0373 0.0093 0.0637 0.4336 0.0094 0.0223 0.0077 0.3213 0.0158 0.0708 0.0087 
      H532.7  2 0.0336 0.0139 0.0088 0.6606 0.0126 0.0303 0.0117 0.1677 0.0360 0.0136 0.0111 
      H532.8  2 0.0292 0.0239 0.0211 0.5308 0.0250 0.0307 0.0520 0.1496 0.0882 0.0192 0.0304 
      H543.1  2 0.0075 0.9254 0.0056 0.0052 0.0054 0.0068 0.0069 0.0166 0.0057 0.0058 0.0091 
      H543.2  2 0.0144 0.8383 0.0040 0.0079 0.0195 0.0086 0.0186 0.0575 0.0081 0.0078 0.0153 
      H543.3  2 0.0065 0.9135 0.0048 0.0112 0.0071 0.0104 0.0084 0.0121 0.0054 0.0064 0.0143 
      H543.4  2 0.0109 0.9304 0.0069 0.0058 0.0044 0.0057 0.0099 0.0074 0.0046 0.0072 0.0068 
      H543.5  2 0.0067 0.9356 0.0045 0.0063 0.0061 0.0052 0.0101 0.0066 0.0066 0.0065 0.0056 
      H543.6  2 0.0118 0.7729 0.0073 0.0077 0.0307 0.0071 0.0068 0.0239 0.0086 0.0261 0.0971 
      H543.7  2 0.0043 0.9564 0.0052 0.0034 0.0039 0.0037 0.0052 0.0040 0.0037 0.0050 0.0052 
      H543.8  2 0.0086 0.8494 0.0064 0.0264 0.0113 0.0091 0.0123 0.0294 0.0174 0.0101 0.0196 
      H543.9  2 0.0055 0.9051 0.0039 0.0075 0.0093 0.0083 0.0122 0.0109 0.0062 0.0063 0.0248 
 H545.1_2005  2 0.0041 0.9619 0.0039 0.0036 0.0032 0.0043 0.0032 0.0036 0.0046 0.0044 0.0032 
 H545.1_2006  2 0.0045 0.9412 0.0064 0.0060 0.0058 0.0074 0.0063 0.0060 0.0054 0.0050 0.0060 
 H545.2_2005  2 0.0053 0.9186 0.0064 0.0060 0.0085 0.0132 0.0076 0.0078 0.0142 0.0068 0.0056 
 H545.2_2006  2 0.0061 0.9544 0.0039 0.0038 0.0048 0.0044 0.0041 0.0048 0.0046 0.0050 0.0039 
 H545.3_2005  2 0.0062 0.9237 0.0061 0.0053 0.0086 0.0103 0.0102 0.0068 0.0085 0.0083 0.0062 
 H545.3_2006  2 0.0040 0.9470 0.0045 0.0075 0.0055 0.0049 0.0044 0.0043 0.0101 0.0042 0.0035 
 H545.4_2005  2 0.0054 0.9319 0.0055 0.0052 0.0066 0.0071 0.0127 0.0050 0.0057 0.0085 0.0063 
 H545.4_2006  2 0.0036 0.9419 0.0040 0.0047 0.0079 0.0068 0.0082 0.0059 0.0064 0.0057 0.0049 
 H545.5_2005  2 0.0046 0.9361 0.0044 0.0080 0.0061 0.0069 0.0046 0.0070 0.0130 0.0045 0.0047 
 H545.5_2006  2 0.0074 0.9273 0.0059 0.0051 0.0057 0.0116 0.0063 0.0085 0.0084 0.0087 0.0052 
 H545.6_2005  2 0.0033 0.9588 0.0040 0.0037 0.0042 0.0057 0.0037 0.0045 0.0045 0.0051 0.0027 
 H545.6_2006  2 0.0053 0.9491 0.0052 0.0048 0.0050 0.0056 0.0050 0.0048 0.0049 0.0060 0.0044 
 H545.7_2005  2 0.0048 0.9511 0.0038 0.0044 0.0039 0.0053 0.0036 0.0065 0.0071 0.0054 0.0041 
 H545.7_2006  2 0.0056 0.9341 0.0049 0.0083 0.0069 0.0047 0.0054 0.0074 0.0108 0.0065 0.0053 
 H545.8_2005  2 0.0082 0.9060 0.0063 0.0086 0.0064 0.0114 0.0090 0.0137 0.0153 0.0081 0.0070 
 H545.8_2006  2 0.0066 0.9512 0.0044 0.0045 0.0038 0.0052 0.0049 0.0053 0.0047 0.0050 0.0043 
      H545.9  2 0.0058 0.9391 0.0050 0.0051 0.0058 0.0072 0.0071 0.0053 0.0065 0.0084 0.0047 
      H547.1  2 0.0052 0.0075 0.0089 0.0064 0.0064 0.0234 0.0137 0.8873 0.0146 0.0112 0.0154 
      H547.2  2 0.0069 0.0091 0.0440 0.0094 0.0175 0.0061 0.1210 0.7549 0.0097 0.0107 0.0106 
      H547.3  2 0.0139 0.0181 0.1967 0.0086 0.0117 0.0666 0.0406 0.5638 0.0257 0.0412 0.0132 
      H547.4  2 0.0135 0.0092 0.0241 0.0286 0.0373 0.0394 0.0435 0.7578 0.0106 0.0210 0.0150 
      H547.5  2 0.0067 0.0065 0.0188 0.0046 0.0079 0.0099 0.1521 0.7678 0.0092 0.0070 0.0094 
      H547.6  2 0.0063 0.0185 0.0101 0.0066 0.0082 0.0095 0.0139 0.8895 0.0109 0.0195 0.0071 
      H547.7  2 0.0139 0.0185 0.0483 0.0098 0.0104 0.0511 0.0326 0.7372 0.0250 0.0423 0.0108 
      H547.8  2 0.0065 0.0121 0.0094 0.0039 0.0069 0.0127 0.0147 0.8849 0.0166 0.0118 0.0205 
      H548.1  2 0.0036 0.9365 0.0049 0.0046 0.0071 0.0084 0.0063 0.0061 0.0096 0.0092 0.0037 
      H548.2  2 0.0100 0.9239 0.0080 0.0065 0.0057 0.0092 0.0068 0.0058 0.0107 0.0083 0.0052 
      H548.3  2 0.0055 0.9327 0.0045 0.0061 0.0068 0.0063 0.0045 0.0052 0.0101 0.0114 0.0068 
      H548.4  2 0.0211 0.7712 0.0153 0.0318 0.0284 0.0156 0.0166 0.0090 0.0381 0.0460 0.0069 
      H548.5  2 0.0067 0.9412 0.0065 0.0056 0.0056 0.0053 0.0056 0.0047 0.0072 0.0066 0.0048 
      H548.6  2 0.0051 0.9266 0.0068 0.0063 0.0085 0.0094 0.0057 0.0050 0.0144 0.0084 0.0038 
      H548.7  2 0.0059 0.9291 0.0037 0.0080 0.0068 0.0053 0.0084 0.0076 0.0109 0.0086 0.0056 
      H548.8  2 0.0110 0.9223 0.0066 0.0130 0.0058 0.0090 0.0064 0.0048 0.0074 0.0073 0.0065 
      H548.9  2 0.0198 0.8624 0.0096 0.0133 0.0110 0.0199 0.0146 0.0093 0.0082 0.0176 0.0143 
     H7389.1  2 0.0076 0.0090 0.0090 0.0091 0.0075 0.0057 0.0149 0.9069 0.0121 0.0100 0.0082 
     H7389.2  2 0.0184 0.0321 0.0063 0.0102 0.0061 0.0069 0.0177 0.8830 0.0076 0.0063 0.0054 
     H7389.3  2 0.0078 0.0169 0.0047 0.0081 0.0077 0.0071 0.0195 0.9122 0.0067 0.0040 0.0052 
     H7389.4  2 0.0125 0.0427 0.0078 0.0134 0.0063 0.0071 0.0040 0.8418 0.0359 0.0068 0.0217 
     H7389.5  2 0.0186 0.0151 0.0109 0.0162 0.0099 0.0100 0.0057 0.8108 0.0765 0.0118 0.0144 
     H7389.6  2 0.0363 0.0064 0.0066 0.0328 0.0526 0.0111 0.0085 0.7053 0.1298 0.0051 0.0056 
     H7389.7  2 0.0060 0.0206 0.0060 0.0163 0.0064 0.0073 0.0176 0.8732 0.0345 0.0058 0.0063 
     H7389.8  2 0.0942 0.1506 0.0170 0.0234 0.0199 0.0148 0.0102 0.5596 0.0786 0.0124 0.0193 
     H7389.9  2 0.0288 0.0164 0.0047 0.0148 0.0102 0.0071 0.0065 0.8602 0.0371 0.0052 0.0091 
      H747.1  2 0.0286 0.0104 0.0099 0.0147 0.7744 0.0703 0.0279 0.0258 0.0099 0.0111 0.0170 
      H747.2  2 0.0093 0.0054 0.0068 0.0050 0.9339 0.0094 0.0054 0.0058 0.0087 0.0058 0.0046 
      H747.3  2 0.0138 0.0083 0.0123 0.0061 0.8713 0.0402 0.0104 0.0070 0.0086 0.0137 0.0085 
      H747.4  2 0.0159 0.0070 0.0139 0.0096 0.8683 0.0388 0.0104 0.0070 0.0116 0.0109 0.0067 
      H747.5  2 0.0120 0.0056 0.0074 0.0043 0.9154 0.0193 0.0065 0.0055 0.0111 0.0079 0.0051 
      H747.6  2 0.0169 0.0084 0.0086 0.0062 0.8991 0.0104 0.0102 0.0123 0.0109 0.0099 0.0070 
      H747.7  2 0.0226 0.0063 0.0093 0.0057 0.8678 0.0272 0.0091 0.0119 0.0133 0.0160 0.0107 
     H7484.1  2 0.0196 0.0059 0.0729 0.1820 0.1264 0.0159 0.0140 0.0381 0.0175 0.0140 0.4938 
     H7484.2  2 0.0655 0.0055 0.1180 0.0884 0.1810 0.0144 0.0311 0.0134 0.0321 0.0433 0.4073 
     H7484.3  2 0.0679 0.0129 0.1593 0.2610 0.1288 0.0221 0.0551 0.0185 0.0947 0.0542 0.1254 
     H7484.4  2 0.0167 0.0058 0.1407 0.0694 0.2966 0.0130 0.0131 0.0213 0.0134 0.0178 0.3923 
     H7484.5  2 0.1352 0.0085 0.0176 0.4217 0.0576 0.0109 0.0211 0.0158 0.1741 0.1182 0.0194 
     H7484.6  2 0.0957 0.0097 0.0831 0.0445 0.1753 0.1158 0.0511 0.0162 0.2211 0.1685 0.0190 
     H7484.7  2 0.0270 0.0050 0.1800 0.2260 0.0772 0.0716 0.0074 0.0149 0.0404 0.1820 0.1684 
     H7484.8  2 0.0508 0.0051 0.0318 0.4038 0.1038 0.0138 0.0217 0.0852 0.1165 0.1130 0.0544 
     H7485.1  2 0.0083 0.9168 0.0069 0.0074 0.0093 0.0062 0.0064 0.0085 0.0056 0.0145 0.0100 
     H7485.2  2 0.0083 0.9126 0.0040 0.0061 0.0058 0.0034 0.0035 0.0101 0.0215 0.0046 0.0202 
     H7485.3  2 0.0039 0.9433 0.0051 0.0064 0.0083 0.0048 0.0048 0.0052 0.0090 0.0054 0.0040 
     H7485.4  2 0.0145 0.9055 0.0049 0.0062 0.0079 0.0031 0.0052 0.0066 0.0208 0.0075 0.0179 
     H7485.5  2 0.0081 0.9034 0.0101 0.0119 0.0104 0.0074 0.0098 0.0090 0.0063 0.0135 0.0100 
     H7485.6  2 0.0072 0.9087 0.0063 0.0141 0.0081 0.0052 0.0081 0.0083 0.0107 0.0096 0.0137 
     H7485.7  2 0.0054 0.9222 0.0069 0.0075 0.0115 0.0066 0.0083 0.0050 0.0113 0.0087 0.0066 
     H7496.1  2 0.0252 0.0050 0.0729 0.0357 0.0215 0.0202 0.0194 0.7698 0.0116 0.0094 0.0092 
    H7496.10  2 0.0218 0.0061 0.0234 0.0262 0.0239 0.0065 0.0116 0.8311 0.0114 0.0106 0.0275 
    H7496.11  2 0.0095 0.6883 0.0425 0.0848 0.0614 0.0336 0.0155 0.0315 0.0190 0.0064 0.0074 
     H7496.2  2 0.0275 0.0049 0.0668 0.0310 0.0552 0.0239 0.0103 0.7236 0.0154 0.0182 0.0233 
     H7496.3  2 0.0833 0.0080 0.3290 0.3045 0.0260 0.0177 0.0273 0.0916 0.0195 0.0156 0.0775 
     H7496.4  2 0.0242 0.0076 0.0662 0.0156 0.0209 0.0115 0.0159 0.8022 0.0135 0.0142 0.0082 
     H7496.5  2 0.0265 0.0086 0.3451 0.0239 0.0169 0.0399 0.0167 0.4881 0.0154 0.0082 0.0107 
     H7496.6  2 0.0172 0.0048 0.4382 0.0208 0.0153 0.0397 0.0106 0.4195 0.0141 0.0100 0.0098 
     H7496.7  2 0.0167 0.0061 0.0506 0.0174 0.0287 0.0091 0.0073 0.8153 0.0099 0.0123 0.0266 
     H7496.8  2 0.0205 0.0126 0.7620 0.0215 0.0268 0.0078 0.0143 0.0867 0.0102 0.0217 0.0158 
        UNK4  2 0.3153 0.0710 0.0406 0.0222 0.1197 0.0142 0.0161 0.2358 0.0731 0.0829 0.0092 
        UNK5  2 0.0124 0.0444 0.0094 0.0460 0.0408 0.0058 0.0217 0.7325 0.0147 0.0197 0.0526 
        UNK6  2 0.5495 0.0313 0.0119 0.0261 0.0436 0.0104 0.0290 0.2446 0.0240 0.0218 0.0079 
        UNK7  2 0.0082 0.1167 0.0102 0.0118 0.0330 0.0055 0.0134 0.7703 0.0075 0.0105 0.0128 
        UNK8  2 0.0303 0.1754 0.0285 0.0214 0.0127 0.0057 0.0072 0.6518 0.0190 0.0385 0.0094 
        UNK9  2 0.0799 0.1582 0.0127 0.1855 0.1506 0.0120 0.0107 0.3015 0.0662 0.0108 0.0119 
      H009.1  4 0.0063 0.0055 0.0071 0.0076 0.0058 0.0184 0.0065 0.0060 0.0063 0.9226 0.0080 
      H009.2  4 0.0461 0.0052 0.0504 0.0068 0.0205 0.1354 0.0092 0.0096 0.0172 0.6837 0.0158 
      H009.3  4 0.0082 0.0052 0.0211 0.0094 0.0055 0.0216 0.0063 0.0063 0.0087 0.8960 0.0117 
      H009.4  4 0.0111 0.0074 0.0156 0.0097 0.0127 0.0585 0.0072 0.0072 0.0212 0.8434 0.0060 
      H009.5  4 0.0329 0.0317 0.0755 0.0111 0.0796 0.0229 0.0061 0.0061 0.0289 0.5927 0.1125 
      H009.6  4 0.0096 0.0060 0.0152 0.0110 0.0049 0.0146 0.0103 0.0061 0.0073 0.9015 0.0136 
      H046.4  4 0.0644 0.0278 0.0435 0.2951 0.0287 0.1373 0.0194 0.0555 0.0507 0.2592 0.0183 
      H046.8  4 0.0388 0.0293 0.0214 0.0447 0.0309 0.0652 0.1933 0.0259 0.3513 0.1828 0.0164 
 H076.1_2002  4 0.0068 0.0081 0.0044 0.0063 0.0090 0.0109 0.9224 0.0140 0.0042 0.0054 0.0085 
 H076.1_2003  4 0.0046 0.0059 0.0072 0.0046 0.0074 0.0068 0.9429 0.0046 0.0066 0.0049 0.0046 
 H076.1_2004  4 0.0055 0.0070 0.0093 0.0088 0.0100 0.0081 0.9272 0.0062 0.0051 0.0050 0.0078 
 H076.2_2002  4 0.0060 0.0083 0.0043 0.0054 0.0097 0.0137 0.9201 0.0113 0.0055 0.0054 0.0102 
 H076.2_2003  4 0.0069 0.0096 0.0091 0.0052 0.0100 0.0064 0.9213 0.0062 0.0084 0.0106 0.0065 
 H076.2_2004  4 0.0208 0.0087 0.0362 0.0102 0.0251 0.1728 0.6615 0.0201 0.0119 0.0190 0.0137 
 H076.3_2002  4 0.0231 0.0090 0.1486 0.0208 0.0303 0.5122 0.1302 0.0135 0.0278 0.0526 0.0321 
 H076.3_2003  4 0.0076 0.0144 0.0064 0.0057 0.0093 0.0074 0.9240 0.0094 0.0047 0.0057 0.0053 
