      H008.1  2 0.9146 0.0131 0.0081 0.0120 0.0149 0.0171 0.0075 0.0126 
      H008.2  2 0.2075 0.2011 0.1894 0.0700 0.0169 0.1831 0.0297 0.1024 
      H008.3  2 0.1345 0.1123 0.0892 0.2145 0.0358 0.3239 0.0238 0.0660 
      H008.4  2 0.8252 0.0247 0.0598 0.0191 0.0252 0.0182 0.0096 0.0182 
      H008.5  2 0.8541 0.0171 0.0251 0.0208 0.0207 0.0374 0.0108 0.0140 
      H008.6  2 0.4430 0.0983 0.1739 0.0145 0.0262 0.2009 0.0166 0.0267 
      H008.7  2 0.5933 0.0463 0.1280 0.0670 0.0477 0.0650 0.0152 0.0375 
      H008.8  2 0.3280 0.3604 0.0258 0.0241 0.0310 0.0350 0.0148 0.1809 
      H008.9  2 0.0398 0.3050 0.4751 0.0300 0.0325 0.0675 0.0164 0.0336 
 H029.1_2002  2 0.8980 0.0152 0.0193 0.0239 0.0108 0.0133 0.0082 0.0113 
 H029.1_2003  2 0.7047 0.0322 0.0318 0.0699 0.0180 0.0736 0.0228 0.0471 
 H029.2_2002  2 0.8527 0.0087 0.0300 0.0342 0.0089 0.0481 0.0099 0.0074 
 H029.2_2003  2 0.7076 0.0291 0.0450 0.0393 0.0093 0.1121 0.0421 0.0156 
 H029.3_2002  2 0.5704 0.0182 0.1433 0.1471 0.0108 0.0379 0.0362 0.0362 
 H029.3_2003  2 0.9156 0.0062 0.0080 0.0207 0.0092 0.0150 0.0098 0.0154 
 H029.4_2002  2 0.9253 0.0053 0.0156 0.0176 0.0134 0.0064 0.0073 0.0092 
 H029.4_2003  2 0.7676 0.0166 0.0281 0.0752 0.0201 0.0225 0.0146 0.0553 
 H029.5_2002  2 0.9314 0.0069 0.0073 0.0190 0.0140 0.0078 0.0079 0.0056 
 H029.5_2003  2 0.9159 0.0078 0.0131 0.0104 0.0084 0.0227 0.0079 0.0138 
 H029.6_2002  2 0.8492 0.0062 0.0309 0.0750 0.0087 0.0075 0.0099 0.0127 
 H029.6_2003  2 0.7998 0.0167 0.0129 0.0280 0.0324 0.0723 0.0224 0.0155 
      H029.7  2 0.9156 0.0102 0.0208 0.0196 0.0076 0.0151 0.0049 0.0063 
      H030.1  2 0.0377 0.0137 0.0071 0.0866 0.0174 0.0559 0.7458 0.0357 
      H030.2  2 0.2127 0.0101 0.1140 0.2123 0.0767 0.0150 0.2789 0.0802 
      H038.1  2 0.9153 0.0133 0.0343 0.0076 0.0076 0.0066 0.0077 0.0075 
      H038.2  2 0.9421 0.0048 0.0066 0.0070 0.0087 0.0101 0.0135 0.0072 
      H038.3  2 0.8045 0.0073 0.0493 0.0065 0.0161 0.0100 0.0869 0.0193 
      H038.4  2 0.8840 0.0073 0.0363 0.0083 0.0231 0.0087 0.0173 0.0149 
      H038.5  2 0.8829 0.0060 0.0332 0.0126 0.0083 0.0077 0.0174 0.0319 
      H038.6  2 0.9420 0.0055 0.0094 0.0076 0.0047 0.0106 0.0098 0.0105 
      H038.7  2 0.9332 0.0042 0.0147 0.0051 0.0052 0.0090 0.0153 0.0133 
      H038.8  2 0.7630 0.0075 0.1030 0.0080 0.0130 0.0089 0.0807 0.0159 
      H041.1  2 0.5509 0.0240 0.0429 0.1788 0.1329 0.0134 0.0230 0.0340 
      H041.2  2 0.4143 0.0128 0.0216 0.0510 0.4611 0.0163 0.0126 0.0103 
      H041.4  2 0.8198 0.0236 0.0261 0.0380 0.0471 0.0166 0.0145 0.0142 
      H041.6  2 0.7893 0.0424 0.0157 0.0554 0.0575 0.0103 0.0159 0.0134 
 H042.1_2002  2 0.0223 0.0622 0.0210 0.6454 0.1653 0.0423 0.0175 0.0239 
 H042.1_2003  2 0.1692 0.0477 0.1633 0.0374 0.2423 0.2725 0.0490 0.0186 
 H042.2_2002  2 0.6619 0.0130 0.0289 0.1078 0.0714 0.0366 0.0106 0.0698 
 H042.2_2003  2 0.2948 0.0255 0.0065 0.0244 0.5848 0.0349 0.0129 0.0162 
 H042.3_2002  2 0.0259 0.0526 0.0316 0.3400 0.3697 0.0616 0.0173 0.1013 
 H042.3_2003  2 0.2775 0.0500 0.0549 0.1126 0.3122 0.0627 0.0241 0.1060 
 H042.4_2002  2 0.0737 0.0309 0.0305 0.6725 0.0686 0.0357 0.0721 0.0161 
 H042.4_2003  2 0.2685 0.0519 0.0075 0.4992 0.0700 0.0292 0.0545 0.0193 
      H042.5  2 0.0134 0.0264 0.0054 0.8998 0.0192 0.0160 0.0092 0.0105 
      H042.6  2 0.0549 0.0518 0.0134 0.8061 0.0172 0.0221 0.0135 0.0210 
      H042.7  2 0.0612 0.0263 0.0061 0.3126 0.5271 0.0239 0.0153 0.0275 
      H042.8  2 0.0767 0.0371 0.0393 0.5605 0.2260 0.0291 0.0081 0.0233 
   H042_2002  2 0.4049 0.2354 0.0439 0.0204 0.1363 0.0865 0.0190 0.0536 
   H042_2003  2 0.3954 0.2036 0.0481 0.0220 0.1684 0.0761 0.0190 0.0674 
      H043.1  2 0.0542 0.0358 0.2425 0.0187 0.0162 0.0232 0.0340 0.5754 
      H043.2  2 0.1382 0.3463 0.3653 0.0094 0.0310 0.0238 0.0149 0.0712 
      H043.3  2 0.7024 0.0433 0.0505 0.0082 0.0209 0.0245 0.0154 0.1348 
      H043.4  2 0.3353 0.2752 0.2386 0.0081 0.0188 0.0317 0.0331 0.0592 
      H043.5  2 0.3187 0.0289 0.4759 0.0069 0.0269 0.0187 0.0229 0.1011 
      H043.6  2 0.4596 0.0533 0.3742 0.0093 0.0204 0.0182 0.0224 0.0427 
      H043.7  2 0.0640 0.5650 0.2173 0.0060 0.0278 0.0133 0.0247 0.0819 
      H043.8  2 0.0335 0.1207 0.0266 0.0091 0.0323 0.0143 0.0401 0.7233 
      H043.9  2 0.2199 0.0438 0.1253 0.0283 0.0139 0.0159 0.0340 0.5189 
      H047.1  2 0.8046 0.0372 0.0153 0.0088 0.0351 0.0432 0.0118 0.0441 
      H047.2  2 0.6654 0.0255 0.0085 0.0315 0.0368 0.1779 0.0225 0.0320 
      H047.3  2 0.5600 0.0352 0.0082 0.0354 0.0826 0.2049 0.0216 0.0522 
      H047.4  2 0.8326 0.0205 0.0046 0.0173 0.0631 0.0202 0.0163 0.0254 
      H047.5  2 0.6712 0.0744 0.0054 0.0101 0.0852 0.0590 0.0249 0.0698 
      H047.6  2 0.5228 0.0878 0.0242 0.0334 0.1398 0.0539 0.0171 0.1209 
      H047.7  2 0.8147 0.0230 0.0133 0.0090 0.0583 0.0212 0.0094 0.0510 
      H047.8  2 0.5136 0.1067 0.0147 0.0240 0.1302 0.0939 0.0124 0.1045 
      H047.9  2 0.7579 0.0308 0.0050 0.0139 0.0739 0.0660 0.0226 0.0298 
 H071.1_2002  2 0.9451 0.0080 0.0066 0.0062 0.0096 0.0100 0.0095 0.0049 
 H071.1_2003  2 0.7499 0.1192 0.0120 0.0080 0.0247 0.0172 0.0584 0.0105 
     H071.10  2 0.8973 0.0062 0.0078 0.0080 0.0076 0.0046 0.0329 0.0356 
 H071.2_2002  2 0.9311 0.0168 0.0094 0.0053 0.0071 0.0097 0.0109 0.0097 
 H071.2_2003  2 0.9591 0.0087 0.0043 0.0048 0.0058 0.0056 0.0070 0.0045 
      H071.3  2 0.9170 0.0063 0.0092 0.0085 0.0111 0.0067 0.0245 0.0166 
 H071.4_2002  2 0.8754 0.0124 0.0208 0.0086 0.0080 0.0075 0.0233 0.0440 
 H071.4_2003  2 0.9517 0.0054 0.0033 0.0061 0.0051 0.0069 0.0105 0.0111 
 H071.5_2002  2 0.9495 0.0064 0.0057 0.0064 0.0063 0.0056 0.0101 0.0101 
 H071.5_2003  2 0.9021 0.0156 0.0048 0.0054 0.0110 0.0164 0.0294 0.0154 
 H071.6_2002  2 0.9252 0.0077 0.0071 0.0069 0.0079 0.0076 0.0116 0.0260 
 H071.6_2003  2 0.9162 0.0093 0.0039 0.0067 0.0075 0.0080 0.0347 0.0136 
 H071.7_2002  2 0.9591 0.0071 0.0051 0.0036 0.0052 0.0070 0.0054 0.0075 
 H071.7_2003  2 0.9057 0.0103 0.0058 0.0077 0.0111 0.0109 0.0319 0.0166 
      H071.8  2 0.9376 0.0113 0.0100 0.0065 0.0096 0.0100 0.0079 0.0072 
      H071.9  2 0.7449 0.0349 0.0228 0.0144 0.0168 0.0074 0.0268 0.1319 
 H081.1_2002  2 0.9506 0.0111 0.0058 0.0071 0.0072 0.0055 0.0076 0.0051 
 H081.1_2003  2 0.1084 0.0661 0.3820 0.0741 0.0349 0.0684 0.2447 0.0213 
 H081.2_2002  2 0.9455 0.0184 0.0058 0.0062 0.0065 0.0061 0.0066 0.0048 
 H081.2_2003  2 0.0368 0.0614 0.0136 0.0291 0.0117 0.0122 0.8122 0.0230 
 H081.3_2002  2 0.9083 0.0343 0.0073 0.0090 0.0118 0.0083 0.0129 0.0081 
 H081.3_2003  2 0.0235 0.2146 0.0285 0.0320 0.0148 0.0196 0.5349 0.1321 
 H081.4_2002  2 0.9415 0.0106 0.0052 0.0073 0.0079 0.0080 0.0115 0.0080 
 H081.4_2003  2 0.0277 0.1209 0.0199 0.0400 0.0209 0.0345 0.7207 0.0154 
 H081.5_2002  2 0.9428 0.0121 0.0058 0.0077 0.0067 0.0077 0.0097 0.0075 
 H081.5_2003  2 0.0770 0.3723 0.0307 0.0364 0.0446 0.0406 0.3790 0.0194 
      H081.6  2 0.9489 0.0104 0.0060 0.0061 0.0078 0.0072 0.0072 0.0063 
      H081.7  2 0.9130 0.0320 0.0052 0.0081 0.0105 0.0066 0.0157 0.0089 
      H081.8  2 0.8453 0.0195 0.0204 0.0247 0.0138 0.0074 0.0427 0.0262 
      H083.1  2 0.9218 0.0071 0.0135 0.0180 0.0069 0.0113 0.0093 0.0121 
      H083.2  2 0.9161 0.0128 0.0087 0.0161 0.0085 0.0084 0.0120 0.0174 
      H083.4  2 0.8830 0.0111 0.0183 0.0289 0.0077 0.0069 0.0073 0.0368 
      H083.5  2 0.8921 0.0097 0.0261 0.0347 0.0075 0.0127 0.0068 0.0105 
      H083.6  2 0.8673 0.0099 0.0132 0.0606 0.0091 0.0090 0.0144 0.0165 
      H083.7  2 0.8728 0.0110 0.0115 0.0440 0.0128 0.0081 0.0088 0.0310 
      H083.8  2 0.9299 0.0102 0.0094 0.0127 0.0077 0.0119 0.0061 0.0121 
      H083.9  2 0.9071 0.0079 0.0136 0.0399 0.0107 0.0068 0.0063 0.0077 
      H084.1  2 0.0142 0.0106 0.0585 0.0134 0.0133 0.0106 0.8627 0.0166 
      H084.2  2 0.0141 0.0076 0.0588 0.0187 0.0066 0.0134 0.8572 0.0235 
      H084.3  2 0.0110 0.0090 0.1825 0.0217 0.1033 0.0201 0.6329 0.0195 
      H084.4  2 0.0192 0.0088 0.1981 0.0286 0.1071 0.0307 0.5858 0.0217 
      H084.5  2 0.0109 0.0114 0.0429 0.0105 0.0638 0.0173 0.8261 0.0172 
      H084.6  2 0.0069 0.0108 0.1328 0.0266 0.0790 0.0084 0.7154 0.0200 
      H084.7  2 0.0130 0.0093 0.0133 0.0218 0.0097 0.0128 0.9021 0.0181 
      H084.8  2 0.0090 0.0095 0.1328 0.0127 0.0587 0.0121 0.7505 0.0146 
 H085.1_2002  2 0.1609 0.7010 0.0285 0.0608 0.0100 0.0092 0.0155 0.0141 
 H085.1_2003  2 0.6246 0.0274 0.0288 0.1924 0.0231 0.0092 0.0386 0.0559 
 H085.2_2002  2 0.0347 0.6597 0.0745 0.1253 0.0179 0.0085 0.0564 0.0231 
 H085.2_2003  2 0.7142 0.0262 0.0157 0.1407 0.0170 0.0230 0.0217 0.0415 
 H085.3_2002  2 0.0278 0.8590 0.0077 0.0379 0.0194 0.0078 0.0295 0.0109 
 H085.3_2003  2 0.8556 0.0225 0.0078 0.0171 0.0294 0.0143 0.0337 0.0196 
 H085.4_2002  2 0.1353 0.6961 0.0591 0.0457 0.0165 0.0083 0.0217 0.0174 
 H085.4_2003  2 0.8490 0.0195 0.0082 0.0137 0.0484 0.0143 0.0375 0.0094 
 H085.5_2002  2 0.0287 0.9102 0.0070 0.0095 0.0159 0.0062 0.0142 0.0083 
 H085.5_2003  2 0.8626 0.0179 0.0088 0.0537 0.0115 0.0130 0.0188 0.0138 
 H085.6_2002  2 0.0222 0.8498 0.0147 0.0452 0.0113 0.0071 0.0337 0.0161 
 H085.6_2003  2 0.2662 0.1910 0.0080 0.0175 0.3063 0.0544 0.1306 0.0260 
 H085.7_2002  2 0.0821 0.7240 0.0180 0.0890 0.0153 0.0147 0.0430 0.0138 
 H085.7_2003  2 0.8275 0.0181 0.0115 0.0255 0.0485 0.0130 0.0240 0.0318 
 H085.8_2002  2 0.0309 0.7258 0.0162 0.0210 0.0501 0.0092 0.1269 0.0199 
 H085.8_2003  2 0.2773 0.0567 0.0185 0.5011 0.0539 0.0171 0.0503 0.0251 
      H085.9  2 0.2288 0.6188 0.0421 0.0509 0.0202 0.0086 0.0185 0.0122 
      H088.1  2 0.0142 0.0253 0.0094 0.8635 0.0168 0.0318 0.0160 0.0231 
      H088.2  2 0.0148 0.0363 0.0098 0.8514 0.0180 0.0258 0.0203 0.0236 
      H088.3  2 0.0101 0.0223 0.0069 0.8939 0.0131 0.0175 0.0137 0.0226 
      H088.4  2 0.0448 0.0133 0.0118 0.8123 0.0179 0.0321 0.0487 0.0190 
      H088.5  2 0.0105 0.0124 0.0074 0.9172 0.0153 0.0132 0.0110 0.0130 
      H088.6  2 0.0253 0.0129 0.0080 0.8661 0.0214 0.0230 0.0239 0.0193 
      H088.7  2 0.2467 0.0145 0.0157 0.5873 0.0501 0.0295 0.0154 0.0407 
      H088.8  2 0.2454 0.0164 0.0145 0.5614 0.0486 0.0455 0.0289 0.0394 
      H091.1  2 0.0255 0.0104 0.0086 0.8625 0.0317 0.0152 0.0184 0.0278 
      H091.2  2 0.0743 0.0124 0.0061 0.7836 0.0666 0.0155 0.0082 0.0333 
      H109.1  2 0.0150 0.0233 0.0252 0.0245 0.0280 0.0115 0.0379 0.8347 
      H109.2  2 0.0619 0.0239 0.0148 0.0286 0.0533 0.0123 0.5425 0.2628 
      H109.3  2 0.0788 0.0124 0.0151 0.0177 0.0872 0.0413 0.0964 0.6512 
      H109.4  2 0.0229 0.0231 0.0269 0.0184 0.0445 0.0154 0.0689 0.7799 
      H109.5  2 0.4437 0.0182 0.0050 0.0237 0.3657 0.0244 0.0447 0.0745 
      H109.6  2 0.0513 0.0378 0.0198 0.0156 0.0381 0.0245 0.3758 0.4370 
      H126.1  2 0.0267 0.5507 0.0102 0.0182 0.0441 0.1280 0.0115 0.2104 
      H126.2  2 0.6497 0.1073 0.0394 0.0153 0.0117 0.0366 0.0125 0.1275 
      H126.3  2 0.6589 0.0511 0.0154 0.0145 0.0135 0.0233 0.0060 0.2173 
      H126.4  2 0.1848 0.4035 0.0237 0.0334 0.0182 0.0982 0.0233 0.2148 
      H126.5  2 0.4759 0.1494 0.0085 0.0170 0.0216 0.2465 0.0155 0.0656 
      H126.6  2 0.8724 0.0465 0.0070 0.0113 0.0078 0.0144 0.0065 0.0342 
      H126.7  2 0.9406 0.0123 0.0041 0.0083 0.0053 0.0102 0.0068 0.0123 
      H130.1  2 0.0130 0.7159 0.0095 0.0478 0.0295 0.0782 0.0496 0.0565 
      H130.2  2 0.0274 0.0483 0.0111 0.0398 0.0151 0.0205 0.7942 0.0436 
      H130.3  2 0.0248 0.0238 0.0076 0.0182 0.0074 0.4641 0.4191 0.0349 
      H130.4  2 0.0109 0.6107 0.0330 0.0400 0.0171 0.0806 0.1015 0.1061 
      H130.5  2 0.0462 0.2143 0.0070 0.0511 0.0168 0.0148 0.6297 0.0201 
      H133.1  2 0.0886 0.0966 0.1840 0.0501 0.0699 0.1591 0.1979 0.1538 
      H133.2  2 0.0413 0.4141 0.0185 0.0246 0.0355 0.0462 0.1716 0.2482 
      H133.3  2 0.2588 0.0901 0.1644 0.0514 0.1008 0.0566 0.0905 0.1874 
      H133.4  2 0.0432 0.0949 0.0984 0.0225 0.0501 0.0781 0.0928 0.5200 
      H133.5  2 0.0214 0.1828 0.0397 0.0356 0.0093 0.0593 0.1025 0.5495 
      H133.6  2 0.0266 0.2325 0.0134 0.0773 0.0223 0.0448 0.3559 0.2272 
      H133.7  2 0.0737 0.0916 0.1325 0.0215 0.5059 0.0291 0.0577 0.0879 
      H133.8  2 0.0459 0.2734 0.1754 0.0548 0.0783 0.0723 0.0345 0.2653 
      H133.9  2 0.0654 0.0769 0.1901 0.0788 0.0443 0.2392 0.1863 0.1191 
      H147.1  2 0.4324 0.0780 0.0298 0.0947 0.2338 0.0100 0.1123 0.0091 
      H147.2  2 0.9154 0.0194 0.0062 0.0112 0.0126 0.0071 0.0221 0.0062 
      H147.3  2 0.9019 0.0209 0.0062 0.0101 0.0138 0.0094 0.0311 0.0066 
      H147.4  2 0.8636 0.0137 0.0365 0.0135 0.0175 0.0106 0.0394 0.0053 
      H147.5  2 0.6114 0.0250 0.0092 0.1154 0.0279 0.0275 0.1724 0.0113 
      H147.6  2 0.4609 0.0169 0.0119 0.1847 0.0342 0.0302 0.2436 0.0176 
      H147.7  2 0.8341 0.0095 0.0341 0.0160 0.0313 0.0128 0.0558 0.0065 
      H147.8  2 0.7591 0.0079 0.0429 0.1144 0.0119 0.0111 0.0442 0.0084 
      H147.9  2 0.9277 0.0150 0.0053 0.0074 0.0117 0.0078 0.0189 0.0062 
      H148.1  2 0.0219 0.3235 0.0775 0.0553 0.2022 0.0198 0.1829 0.1170 
      H148.2  2 0.0281 0.3152 0.0937 0.0231 0.3854 0.0127 0.0750 0.0668 
      H148.3  2 0.0159 0.0273 0.0411 0.0092 0.8522 0.0122 0.0277 0.0143 
      H148.4  2 0.0304 0.3290 0.0681 0.0226 0.4198 0.0374 0.0402 0.0524 
      H148.5  2 0.0182 0.0480 0.1366 0.0510 0.5366 0.0438 0.1239 0.0418 
      H148.6  2 0.0192 0.1080 0.1640 0.0746 0.5357 0.0130 0.0564 0.0291 
      H148.7  2 0.0123 0.0819 0.0795 0.0355 0.4664 0.0560 0.0619 0.2066 
      H148.8  2 0.0104 0.1596 0.0518 0.0183 0.6986 0.0167 0.0295 0.0151 
      H148.9  2 0.0147 0.3567 0.1940 0.0259 0.1529 0.0244 0.0359 0.1954 
   H166022.1  2 0.0130 0.0114 0.0104 0.9237 0.0128 0.0085 0.0137 0.0066 
   H166022.2  2 0.0399 0.0194 0.0136 0.7434 0.0185 0.0254 0.1208 0.0189 
   H166022.3  2 0.0060 0.0065 0.0056 0.9397 0.0076 0.0108 0.0118 0.0120 
   H166022.4  2 0.0087 0.0054 0.0065 0.9221 0.0071 0.0203 0.0156 0.0144 
   H166022.5  2 0.0097 0.0078 0.0054 0.8706 0.0133 0.0185 0.0599 0.0148 
   H166022.6  2 0.0087 0.0192 0.0148 0.8951 0.0103 0.0150 0.0282 0.0087 
   H166022.7  2 0.0080 0.0111 0.0264 0.0059 0.0056 0.0090 0.0112 0.9228 
   H166022.8  2 0.0215 0.1092 0.0088 0.5812 0.0200 0.0406 0.2028 0.0160 
   H167397.1  2 0.0858 0.0133 0.4632 0.0476 0.3225 0.0097 0.0403 0.0176 
   H167397.2  2 0.0442 0.2149 0.5560 0.0472 0.0825 0.0169 0.0178 0.0206 
   H167397.3  2 0.0998 0.0144 0.5980 0.0421 0.1990 0.0107 0.0162 0.0198 
   H167397.4  2 0.0443 0.0290 0.7974 0.0261 0.0487 0.0128 0.0158 0.0260 
   H167397.5  2 0.0422 0.0324 0.6355 0.0378 0.1525 0.0207 0.0488 0.0301 
   H167397.6  2 0.0846 0.0173 0.6001 0.0247 0.2040 0.0194 0.0084 0.0416 
   H167496.1  2 0.0260 0.0169 0.0125 0.3052 0.2147 0.0775 0.1361 0.2110 
   H167496.2  2 0.2700 0.0362 0.0159 0.0233 0.2064 0.0534 0.1626 0.2322 
   H167496.3  2 0.0772 0.3725 0.0101 0.2820 0.0946 0.0506 0.0833 0.0296 
   H167496.4  2 0.0203 0.0078 0.0070 0.9290 0.0077 0.0091 0.0090 0.0100 
   H167496.6  2 0.0629 0.0189 0.0076 0.7115 0.0163 0.0603 0.0931 0.0294 
   H167496.7  2 0.0286 0.0478 0.0081 0.0616 0.4866 0.0742 0.2014 0.0917 
   H167496.8  2 0.1108 0.0183 0.0109 0.6694 0.0302 0.0241 0.1038 0.0325 
   H167513.1  2 0.0230 0.1565 0.0423 0.0452 0.0351 0.0310 0.0242 0.6427 
   H167513.2  2 0.0238 0.0780 0.1161 0.0303 0.4366 0.0444 0.0619 0.2089 
   H167513.3  2 0.0154 0.0189 0.0160 0.1369 0.0343 0.1130 0.1524 0.5131 
   H167513.4  2 0.0162 0.0499 0.0186 0.3349 0.0702 0.0361 0.1218 0.3523 
   H167513.5  2 0.0444 0.2314 0.1659 0.0448 0.1389 0.0286 0.0319 0.3141 
   H167513.6  2 0.0368 0.2396 0.0392 0.1367 0.0852 0.0406 0.1627 0.2592 
   H167513.7  2 0.0237 0.0425 0.0844 0.1948 0.0145 0.0223 0.1013 0.5165 
   H167513.8  2 0.0130 0.0160 0.0353 0.0132 0.0136 0.0302 0.1161 0.7626 
   H167547.1  2 0.0091 0.0291 0.0213 0.0381 0.8185 0.0386 0.0301 0.0151 
   H167547.2  2 0.0077 0.0102 0.0114 0.0338 0.9064 0.0106 0.0111 0.0089 
   H167547.3  2 0.0083 0.0111 0.0136 0.0262 0.9054 0.0098 0.0169 0.0087 
   H167547.4  2 0.0112 0.0953 0.0494 0.6785 0.0657 0.0489 0.0299 0.0212 
   H167547.5  2 0.0119 0.0222 0.0094 0.1641 0.7424 0.0178 0.0201 0.0120 
   H167547.6  2 0.0114 0.0270 0.0082 0.1877 0.7233 0.0158 0.0129 0.0136 
   H167547.7  2 0.0438 0.4577 0.0256 0.0289 0.2199 0.0398 0.0562 0.1281 
   H169750.1  2 0.0224 0.1428 0.0138 0.1413 0.0219 0.1186 0.0715 0.4677 
   H169750.2  2 0.1949 0.1840 0.0646 0.0234 0.0981 0.1288 0.1947 0.1115 
   H169750.3  2 0.0650 0.1121 0.0048 0.0366 0.0316 0.0630 0.1689 0.5180 
   H169750.4  2 0.0391 0.1556 0.0723 0.0176 0.0674 0.4942 0.0166 0.1373 
   H169750.5  2 0.0923 0.1035 0.0148 0.1006 0.0131 0.0205 0.0311 0.6242 
   H169750.6  2 0.5164 0.0934 0.0130 0.0380 0.0206 0.0295 0.0870 0.2020 
   H169750.7  2 0.0745 0.1737 0.0228 0.0221 0.0617 0.1971 0.0408 0.4074 
   H171929.1  2 0.0323 0.3066 0.4888 0.0245 0.0822 0.0177 0.0109 0.0370 
  H171929.10  2 0.0926 0.2155 0.1359 0.1504 0.2171 0.0319 0.1272 0.0292 
  H171929.11  2 0.0342 0.2007 0.4279 0.0399 0.1332 0.0462 0.0359 0.0820 
   H171929.2  2 0.0129 0.1668 0.0148 0.0242 0.1728 0.0167 0.0215 0.5705 
   H171929.3  2 0.0433 0.1314 0.1978 0.0453 0.3004 0.0198 0.0213 0.2405 
   H171929.4  2 0.0517 0.5582 0.0105 0.1779 0.0704 0.0385 0.0276 0.0651 
   H171929.5  2 0.0232 0.0381 0.0947 0.0457 0.1080 0.0256 0.0415 0.6232 
   H171929.6  2 0.0188 0.0515 0.1749 0.0253 0.0756 0.0168 0.0336 0.6035 
   H171929.7  2 0.0327 0.7870 0.0193 0.0267 0.0273 0.0190 0.0088 0.0793 
   H171929.8  2 0.0203 0.8292 0.0166 0.0268 0.0360 0.0197 0.0126 0.0387 
   H171929.9  2 0.0380 0.7268 0.0081 0.0613 0.0211 0.0181 0.0568 0.0698 
   H171930.1  2 0.0193 0.0115 0.0311 0.0144 0.0627 0.0478 0.2217 0.5914 
   H171930.2  2 0.0276 0.0239 0.0096 0.0803 0.0708 0.0396 0.5294 0.2189 
   H171930.3  2 0.0111 0.0089 0.0233 0.0178 0.0299 0.0320 0.5275 0.3495 
   H171930.4  2 0.0110 0.0074 0.0148 0.0655 0.0692 0.0419 0.3675 0.4227 
   H171930.5  2 0.0406 0.0486 0.0202 0.0276 0.0358 0.0249 0.3542 0.4479 
   H171930.6  2 0.0436 0.0067 0.0087 0.0258 0.0352 0.0314 0.7123 0.1364 
   H171930.7  2 0.0119 0.0113 0.0385 0.0123 0.0181 0.0247 0.6024 0.2810 
   H171930.8  2 0.0176 0.0142 0.0163 0.0131 0.0374 0.0138 0.6692 0.2183 
   H171933.1  2 0.0081 0.0088 0.0276 0.9002 0.0254 0.0069 0.0113 0.0118 
   H171933.2  2 0.0203 0.0139 0.0513 0.8594 0.0268 0.0084 0.0111 0.0087 
   H171933.3  2 0.0085 0.0231 0.0138 0.8753 0.0328 0.0123 0.0201 0.0140 
   H171933.4  2 0.0077 0.0183 0.0056 0.7463 0.0136 0.0200 0.1744 0.0141 
   H171933.5  2 0.0084 0.0416 0.0112 0.4530 0.0772 0.1679 0.1996 0.0410 
   H171933.6  2 0.0212 0.0061 0.0053 0.9327 0.0099 0.0081 0.0066 0.0100 
   H171933.7  2 0.0155 0.0390 0.0243 0.7420 0.0402 0.0181 0.1002 0.0208 
   H171933.8  2 0.0186 0.0462 0.0443 0.4709 0.0457 0.0240 0.3226 0.0277 
   H171933.9  2 0.0068 0.0074 0.0046 0.9196 0.0097 0.0125 0.0244 0.0150 
      H190.1  2 0.0145 0.0112 0.0054 0.0309 0.0236 0.0382 0.8440 0.0322 
      H190.2  2 0.0223 0.0205 0.0051 0.0098 0.9056 0.0096 0.0180 0.0091 
      H190.3  2 0.0256 0.1885 0.0099 0.0300 0.6736 0.0178 0.0322 0.0224 
      H190.4  2 0.0110 0.0234 0.0090 0.0790 0.0130 0.0161 0.8168 0.0318 
      H190.5  2 0.1011 0.0344 0.0067 0.0204 0.6669 0.0239 0.0949 0.0517 
      H190.6  2 0.0115 0.0236 0.0105 0.0765 0.0188 0.0126 0.8111 0.0355 
      H190.7  2 0.0187 0.7278 0.0158 0.0395 0.0902 0.0438 0.0513 0.0130 
      H190.8  2 0.0482 0.0407 0.0054 0.0207 0.2591 0.0556 0.5244 0.0458 
      H190.9  2 0.0245 0.1089 0.0126 0.0228 0.4924 0.0308 0.2795 0.0285 
      H400.1  2 0.0102 0.0097 0.0075 0.9287 0.0068 0.0101 0.0158 0.0113 
      H400.2  2 0.0238 0.0064 0.0095 0.9123 0.0127 0.0049 0.0135 0.0170 
      H400.3  2 0.0118 0.0245 0.0159 0.8534 0.0188 0.0187 0.0323 0.0246 
      H400.4  2 0.0242 0.0134 0.0056 0.8732 0.0221 0.0115 0.0228 0.0272 
      H400.5  2 0.0113 0.0164 0.0088 0.8907 0.0095 0.0097 0.0280 0.0255 
      H400.6  2 0.0127 0.0194 0.0049 0.9267 0.0107 0.0059 0.0103 0.0094 
      H400.7  2 0.0075 0.0126 0.0063 0.9215 0.0106 0.0065 0.0166 0.0184 
 H428.1_2005  2 0.0085 0.0090 0.0061 0.9446 0.0055 0.0095 0.0053 0.0116 
 H428.1_2006  2 0.0243 0.0123 0.0080 0.9215 0.0091 0.0096 0.0063 0.0090 
 H428.2_2005  2 0.0074 0.0076 0.0073 0.9460 0.0074 0.0064 0.0070 0.0110 
 H428.2_2006  2 0.0376 0.0070 0.0077 0.9109 0.0067 0.0071 0.0133 0.0096 
 H428.3_2005  2 0.0103 0.0068 0.0041 0.9529 0.0060 0.0055 0.0071 0.0073 
 H428.3_2006  2 0.0214 0.0064 0.0088 0.9248 0.0096 0.0093 0.0085 0.0114 
 H428.4_2005  2 0.0067 0.0050 0.0065 0.9534 0.0068 0.0080 0.0048 0.0088 
 H428.4_2006  2 0.0085 0.0067 0.0056 0.9563 0.0051 0.0079 0.0052 0.0048 
 H428.5_2005  2 0.0131 0.0066 0.0160 0.9376 0.0067 0.0052 0.0078 0.0070 
 H428.6_2005  2 0.0097 0.0123 0.0046 0.9401 0.0064 0.0081 0.0073 0.0116 
 H428.6_2006  2 0.0147 0.0099 0.0228 0.9093 0.0058 0.0195 0.0090 0.0090 
      H428.7  2 0.0094 0.0053 0.0051 0.9565 0.0044 0.0067 0.0066 0.0060 
      H428.8  2 0.0112 0.0072 0.0127 0.9362 0.0079 0.0085 0.0103 0.0060 
      H428.9  2 0.0090 0.0064 0.0132 0.9454 0.0066 0.0047 0.0072 0.0075 
      H453.1  2 0.0496 0.0126 0.0067 0.8482 0.0092 0.0238 0.0311 0.0189 
      H453.2  2 0.0128 0.0198 0.0072 0.7790 0.0130 0.0201 0.1215 0.0266 
      H453.3  2 0.0136 0.0285 0.0049 0.7833 0.0100 0.0124 0.1330 0.0141 
      H453.4  2 0.0105 0.0167 0.0042 0.7939 0.0123 0.0122 0.1329 0.0173 
      H453.5  2 0.0856 0.0065 0.0075 0.6778 0.0094 0.0166 0.1779 0.0187 
      H453.6  2 0.1250 0.0057 0.0053 0.8032 0.0065 0.0104 0.0336 0.0103 
      H453.7  2 0.1518 0.5338 0.0048 0.0394 0.0187 0.0211 0.2086 0.0219 
      H453.8  2 0.1280 0.0711 0.0066 0.1028 0.0307 0.0682 0.5719 0.0207 
      H453.9  2 0.2693 0.0529 0.0051 0.0640 0.0080 0.0213 0.5621 0.0172 
      H512.1  2 0.0163 0.0160 0.0050 0.3370 0.0140 0.0479 0.5510 0.0129 
     H512.10  2 0.0565 0.0242 0.0724 0.0532 0.0372 0.3204 0.4049 0.0312 
      H512.2  2 0.0207 0.0291 0.0201 0.1803 0.1888 0.3026 0.2133 0.0451 
      H512.3  2 0.0234 0.0144 0.0245 0.0576 0.0547 0.4956 0.1639 0.1659 
      H512.4  2 0.0590 0.0238 0.0191 0.0756 0.0448 0.0348 0.7227 0.0202 
      H512.5  2 0.0165 0.0111 0.0183 0.0411 0.0202 0.5124 0.0348 0.3456 
      H512.6  2 0.0179 0.0313 0.0065 0.0531 0.0494 0.1734 0.5031 0.1653 
      H512.7  2 0.0291 0.0147 0.0186 0.1893 0.0208 0.4864 0.0166 0.2245 
      H512.8  2 0.0182 0.0292 0.0118 0.0801 0.3452 0.1900 0.2601 0.0655 
      H512.9  2 0.0286 0.0314 0.0333 0.2546 0.0222 0.4553 0.0795 0.0949 
      H513.1  2 0.0112 0.0052 0.0127 0.9405 0.0068 0.0049 0.0099 0.0088 
      H513.2  2 0.0111 0.0102 0.0104 0.9332 0.0097 0.0055 0.0127 0.0072 
      H513.3  2 0.0101 0.0071 0.0044 0.9521 0.0051 0.0062 0.0080 0.0070 
      H513.4  2 0.0221 0.0062 0.0051 0.9233 0.0105 0.0087 0.0120 0.0121 
      H513.5  2 0.0083 0.0081 0.0089 0.9228 0.0062 0.0099 0.0148 0.0209 
      H513.6  2 0.0140 0.0200 0.2739 0.5076 0.0190 0.0184 0.1072 0.0399 
      H532.1  2 0.4689 0.0177 0.0176 0.2553 0.0174 0.0176 0.0226 0.1829 
      H532.2  2 0.0846 0.0369 0.0152 0.3840 0.0363 0.0126 0.4133 0.0172 
      H532.3  2 0.1021 0.0339 0.0078 0.1870 0.0248 0.0514 0.5793 0.0136 
      H532.4  2 0.7080 0.0611 0.0125 0.1061 0.0114 0.0472 0.0359 0.0178 
      H532.5  2 0.0566 0.0126 0.0125 0.8192 0.0180 0.0104 0.0141 0.0566 
      H532.6  2 0.4063 0.0360 0.0148 0.3082 0.0105 0.0448 0.1578 0.0216 
      H532.7  2 0.7273 0.0120 0.0185 0.1273 0.0111 0.0286 0.0429 0.0322 
      H532.8  2 0.6262 0.0249 0.0210 0.1305 0.0346 0.0178 0.0273 0.1175 
      H543.1  2 0.0057 0.0087 0.9429 0.0164 0.0072 0.0068 0.0067 0.0058 
      H543.2  2 0.0103 0.0211 0.8498 0.0649 0.0152 0.0070 0.0162 0.0155 
      H543.3  2 0.0081 0.0101 0.9369 0.0161 0.0085 0.0075 0.0069 0.0058 
      H543.4  2 0.0053 0.0087 0.9481 0.0074 0.0099 0.0068 0.0081 0.0058 
      H543.5  2 0.0060 0.0075 0.9464 0.0085 0.0099 0.0059 0.0085 0.0073 
      H543.6  2 0.0104 0.0808 0.8252 0.0257 0.0108 0.0135 0.0189 0.0146 
      H543.7  2 0.0045 0.0058 0.9653 0.0058 0.0060 0.0038 0.0044 0.0044 
      H543.8  2 0.0214 0.0138 0.8882 0.0323 0.0116 0.0090 0.0096 0.0141 
      H543.9  2 0.0067 0.0136 0.9364 0.0128 0.0074 0.0073 0.0060 0.0098 
 H545.1_2005  2 0.0039 0.0045 0.9715 0.0036 0.0042 0.0042 0.0042 0.0039 
 H545.1_2006  2 0.0082 0.0049 0.9548 0.0064 0.0081 0.0059 0.0058 0.0058 
 H545.2_2005  2 0.0079 0.0091 0.9386 0.0085 0.0086 0.0100 0.0059 0.0115 
 H545.2_2006  2 0.0047 0.0049 0.9635 0.0054 0.0050 0.0048 0.0056 0.0060 
 H545.3_2005  2 0.0052 0.0105 0.9385 0.0080 0.0106 0.0110 0.0057 0.0105 
 H545.3_2006  2 0.0074 0.0044 0.9599 0.0057 0.0050 0.0040 0.0044 0.0093 
 H545.4_2005  2 0.0057 0.0099 0.9444 0.0059 0.0132 0.0081 0.0065 0.0064 
 H545.4_2006  2 0.0048 0.0054 0.9567 0.0063 0.0082 0.0064 0.0043 0.0079 
 H545.5_2005  2 0.0071 0.0051 0.9510 0.0094 0.0051 0.0048 0.0067 0.0108 
 H545.5_2006  2 0.0064 0.0072 0.9442 0.0090 0.0087 0.0094 0.0079 0.0072 
 H545.6_2005  2 0.0040 0.0045 0.9686 0.0046 0.0045 0.0050 0.0040 0.0049 
 H545.6_2006  2 0.0051 0.0061 0.9609 0.0052 0.0059 0.0066 0.0041 0.0062 
 H545.7_2005  2 0.0048 0.0048 0.9601 0.0065 0.0047 0.0046 0.0048 0.0096 
 H545.7_2006  2 0.0094 0.0061 0.9485 0.0065 0.0073 0.0057 0.0062 0.0103 
 H545.8_2005  2 0.0111 0.0070 0.9334 0.0106 0.0100 0.0086 0.0083 0.0110 
 H545.8_2006  2 0.0050 0.0049 0.9620 0.0057 0.0042 0.0063 0.0059 0.0059 
      H545.9  2 0.0056 0.0067 0.9531 0.0069 0.0057 0.0081 0.0072 0.0066 
      H547.1  2 0.0073 0.0143 0.0086 0.9221 0.0128 0.0201 0.0081 0.0066 
      H547.2  2 0.0167 0.0141 0.0121 0.7497 0.1804 0.0104 0.0063 0.0104 
      H547.3  2 0.0080 0.0336 0.0184 0.7025 0.0311 0.1569 0.0401 0.0094 
      H547.4  2 0.0319 0.0348 0.0118 0.7224 0.0950 0.0836 0.0098 0.0107 
      H547.5  2 0.0053 0.0135 0.0073 0.7600 0.1831 0.0123 0.0115 0.0071 
      H547.6  2 0.0082 0.0138 0.0192 0.9113 0.0160 0.0126 0.0083 0.0105 
      H547.7  2 0.0149 0.0337 0.0215 0.7966 0.0189 0.0767 0.0226 0.0151 
      H547.8  2 0.0061 0.0163 0.0127 0.9219 0.0122 0.0159 0.0078 0.0071 
      H548.1  2 0.0048 0.0070 0.9536 0.0064 0.0065 0.0076 0.0052 0.0090 
      H548.2  2 0.0064 0.0075 0.9445 0.0052 0.0068 0.0103 0.0099 0.0094 
      H548.3  2 0.0066 0.0098 0.9484 0.0062 0.0056 0.0066 0.0067 0.0100 
      H548.4  2 0.0354 0.0208 0.8333 0.0115 0.0167 0.0128 0.0146 0.0549 
      H548.5  2 0.0075 0.0049 0.9548 0.0048 0.0067 0.0077 0.0065 0.0070 
      H548.6  2 0.0057 0.0063 0.9512 0.0054 0.0054 0.0098 0.0061 0.0101 
      H548.7  2 0.0074 0.0075 0.9519 0.0058 0.0072 0.0056 0.0050 0.0097 
      H548.8  2 0.0080 0.0078 0.9467 0.0064 0.0062 0.0075 0.0098 0.0076 
      H548.9  2 0.0128 0.0135 0.9134 0.0091 0.0154 0.0131 0.0115 0.0112 
     H7389.1  2 0.0071 0.0103 0.0086 0.9305 0.0146 0.0071 0.0105 0.0113 
     H7389.2  2 0.0104 0.0056 0.0471 0.8774 0.0218 0.0066 0.0247 0.0065 
     H7389.3  2 0.0094 0.0048 0.0136 0.9259 0.0202 0.0059 0.0115 0.0087 
     H7389.4  2 0.0178 0.0130 0.0395 0.8839 0.0051 0.0063 0.0108 0.0236 
     H7389.5  2 0.0181 0.0165 0.0145 0.8652 0.0063 0.0119 0.0178 0.0497 
     H7389.6  2 0.0236 0.0060 0.0067 0.5094 0.0069 0.0080 0.0181 0.4214 
     H7389.7  2 0.0205 0.0067 0.0222 0.8971 0.0176 0.0075 0.0070 0.0215 
     H7389.8  2 0.0158 0.0243 0.1185 0.6913 0.0100 0.0132 0.0694 0.0575 
     H7389.9  2 0.0241 0.0122 0.0235 0.8611 0.0062 0.0071 0.0324 0.0334 
      H747.1  2 0.0191 0.0334 0.0241 0.0555 0.0663 0.0633 0.0421 0.6962 
      H747.2  2 0.0072 0.0078 0.0128 0.0101 0.0116 0.0312 0.0228 0.8964 
      H747.3  2 0.0117 0.0318 0.0123 0.0328 0.0271 0.2067 0.0744 0.6032 
      H747.4  2 0.0143 0.0176 0.0089 0.0121 0.0374 0.0708 0.0320 0.8069 
      H747.5  2 0.0090 0.0096 0.0078 0.0079 0.0128 0.0684 0.0232 0.8612 
      H747.6  2 0.0096 0.0237 0.0259 0.0231 0.0249 0.0128 0.0291 0.8509 
      H747.7  2 0.0091 0.0337 0.0198 0.0221 0.0178 0.0505 0.0423 0.8046 
     H7484.1  2 0.5640 0.1803 0.0086 0.0927 0.0222 0.0233 0.0181 0.0907 
     H7484.2  2 0.2756 0.4821 0.0076 0.0191 0.0449 0.0250 0.0659 0.0797 
     H7484.3  2 0.4700 0.2001 0.0113 0.0179 0.0695 0.0566 0.0625 0.1121 
     H7484.4  2 0.3920 0.3268 0.0050 0.0562 0.0332 0.0344 0.0426 0.1098 
     H7484.5  2 0.4409 0.0681 0.0121 0.0188 0.0279 0.0090 0.1579 0.2651 
     H7484.6  2 0.0351 0.0307 0.0088 0.0119 0.0470 0.0679 0.1041 0.6946 
     H7484.7  2 0.3354 0.3423 0.0063 0.0285 0.0128 0.0717 0.0312 0.1719 
     H7484.8  2 0.2837 0.0888 0.0054 0.0739 0.0217 0.0136 0.1217 0.3912 
     H7485.1  2 0.0089 0.0133 0.9397 0.0063 0.0093 0.0065 0.0085 0.0075 
     H7485.2  2 0.0062 0.0104 0.9367 0.0135 0.0039 0.0039 0.0088 0.0167 
     H7485.3  2 0.0060 0.0050 0.9607 0.0056 0.0055 0.0051 0.0042 0.0078 
     H7485.4  2 0.0073 0.0162 0.9366 0.0087 0.0052 0.0046 0.0103 0.0110 
     H7485.5  2 0.0108 0.0145 0.9332 0.0078 0.0097 0.0071 0.0089 0.0080 
     H7485.6  2 0.0162 0.0132 0.9297 0.0066 0.0091 0.0058 0.0093 0.0101 
     H7485.7  2 0.0084 0.0062 0.9477 0.0048 0.0086 0.0076 0.0070 0.0097 
     H7496.1  2 0.0381 0.0101 0.0054 0.8506 0.0256 0.0216 0.0323 0.0163 
    H7496.10  2 0.0336 0.0135 0.0060 0.9023 0.0118 0.0072 0.0130 0.0126 
    H7496.11  2 0.0910 0.0086 0.7133 0.0655 0.0231 0.0449 0.0168 0.0368 
     H7496.2  2 0.0272 0.0331 0.0064 0.8314 0.0111 0.0258 0.0362 0.0287 
     H7496.3  2 0.5516 0.0585 0.0084 0.2082 0.0310 0.0328 0.0764 0.0332 
     H7496.4  2 0.0132 0.0112 0.0098 0.8912 0.0161 0.0126 0.0194 0.0265 
     H7496.5  2 0.0356 0.0083 0.0090 0.8268 0.0199 0.0419 0.0404 0.0181 
     H7496.6  2 0.0236 0.0135 0.0052 0.8402 0.0184 0.0470 0.0325 0.0197 
     H7496.7  2 0.0200 0.0172 0.0067 0.9079 0.0115 0.0102 0.0154 0.0111 
     H7496.8  2 0.0940 0.0706 0.0122 0.4662 0.0264 0.0289 0.2697 0.0321 
        UNK4  2 0.0231 0.0399 0.0545 0.2989 0.0391 0.0121 0.3962 0.1362 
        UNK5  2 0.0411 0.0705 0.0648 0.7456 0.0362 0.0071 0.0130 0.0216 
        UNK6  2 0.0213 0.0177 0.0361 0.4510 0.0395 0.0124 0.3801 0.0420 
        UNK7  2 0.0141 0.0154 0.1472 0.7592 0.0329 0.0071 0.0096 0.0145 
        UNK8  2 0.0216 0.0390 0.1858 0.6874 0.0101 0.0076 0.0319 0.0166 
        UNK9  2 0.1650 0.0149 0.1985 0.3385 0.0162 0.0092 0.0714 0.1863 
      H009.1  4 0.0088 0.5483 0.0090 0.0099 0.0101 0.3904 0.0123 0.0112 
      H009.2  4 0.0065 0.3401 0.0064 0.0086 0.0100 0.5701 0.0323 0.0259 
      H009.3  4 0.0144 0.5854 0.0065 0.0080 0.0100 0.3469 0.0152 0.0136 
      H009.4  4 0.0107 0.3322 0.0108 0.0113 0.0160 0.5645 0.0201 0.0344 
      H009.5  4 0.0126 0.5201 0.0338 0.0073 0.0068 0.3264 0.0588 0.0343 
      H009.6  4 0.0180 0.6284 0.0080 0.0087 0.0432 0.2680 0.0169 0.0087 
      H046.4  4 0.2456 0.1144 0.0375 0.0577 0.0296 0.2617 0.2076 0.0459 
      H046.8  4 0.0836 0.1418 0.0336 0.0353 0.3256 0.0689 0.0658 0.2455 
 H076.1_2002  4 0.0065 0.0104 0.0084 0.0190 0.9255 0.0134 0.0082 0.0086 
 H076.1_2003  4 0.0071 0.0069 0.0085 0.0051 0.9539 0.0086 0.0044 0.0054 
 H076.1_2004  4 0.0093 0.0059 0.0081 0.0063 0.9456 0.0094 0.0079 0.0076 
 H076.2_2002  4 0.0068 0.0093 0.0096 0.0172 0.9278 0.0133 0.0077 0.0083 
 H076.2_2003  4 0.0053 0.0091 0.0110 0.0072 0.9439 0.0088 0.0077 0.0071 
 H076.2_2004  4 0.0147 0.0263 0.0128 0.0202 0.4869 0.3874 0.0309 0.0209 
 H076.3_2002  4 0.0272 0.0293 0.0082 0.0153 0.0823 0.7238 0.0943 0.0197 
 H076.3_2003  4 0.0062 0.0080 0.0112 0.0077 0.9425 0.0092 0.0077 0.0075 
 H076.3_2004  4 0.0094 0.0073 0.0073 0.0092 0.9388 0.0090 0.0133 0.0058 
 H076.4_2002  4 0.0235 0.0767 0.0139 0.0222 0.6983 0.0908 0.0494 0.0252 
 H076.4_2003  4 0.0068 0.0121 0.0093 0.0092 0.9016 0.0381 0.0114 0.0115 
 H076.4_2004  4 0.0122 0.0617 0.0089 0.0340 0.1748 0.6493 0.0424 0.0167 
 H076.5_2002  4 0.0145 0.0134 0.0071 0.0185 0.9037 0.0182 0.0148 0.0098 
 H076.5_2003  4 0.0070 0.0175 0.0359 0.0157 0.8876 0.0126 0.0111 0.0125 
 H076.5_2004  4 0.0212 0.0687 0.0118 0.0499 0.7812 0.0300 0.0249 0.0123 
 H076.6_2002  4 0.0121 0.0191 0.0102 0.0091 0.9207 0.0097 0.0089 0.0102 
 H076.6_2003  4 0.0054 0.0120 0.0153 0.0153 0.9203 0.0099 0.0148 0.0071 
 H076.6_2004  4 0.0103 0.0194 0.0109 0.0104 0.8924 0.0303 0.0170 0.0093 
 H076.7_2002  4 0.0421 0.1248 0.0146 0.0696 0.0826 0.5143 0.1247 0.0272 
 H076.7_2003  4 0.0113 0.0092 0.0159 0.0257 0.8619 0.0477 0.0123 0.0161 
 H076.7_2004  4 0.0157 0.0305 0.0137 0.0133 0.7109 0.1791 0.0178 0.0190 
      H477.1  4 0.0073 0.0097 0.0116 0.0517 0.0112 0.0411 0.4072 0.4602 
      H477.2  4 0.0063 0.0125 0.0048 0.0420 0.0119 0.0430 0.0513 0.8281 
      H477.3  4 0.0136 0.0089 0.0142 0.0163 0.0064 0.0253 0.0682 0.8471 
      H477.4  4 0.0120 0.0109 0.0377 0.0232 0.0086 0.0278 0.0940 0.7859 
      H477.5  4 0.0072 0.0124 0.0116 0.0284 0.0093 0.0149 0.0177 0.8985 
      H477.6  4 0.0096 0.0089 0.0121 0.0171 0.0056 0.0289 0.0259 0.8918 
      H477.7  4 0.0055 0.0092 0.0244 0.0139 0.0142 0.0126 0.0485 0.8718 
 H479.1_2005  4 0.3226 0.0378 0.0104 0.1373 0.0087 0.0578 0.0128 0.4126 
 H479.1_2006  4 0.1127 0.0148 0.0708 0.0174 0.2812 0.4367 0.0118 0.0546 
     H479.10  4 0.2445 0.0153 0.0094 0.0168 0.0372 0.0345 0.0115 0.6308 
 H479.2_2005  4 0.3685 0.1674 0.0237 0.1074 0.0673 0.0236 0.0357 0.2064 
 H479.2_2006  4 0.1384 0.0154 0.0370 0.0539 0.0073 0.6787 0.0262 0.0431 
 H479.3_2005  4 0.1330 0.0091 0.0056 0.0923 0.0208 0.0953 0.0358 0.6081 
 H479.3_2006  4 0.0604 0.0192 0.0066 0.1238 0.0323 0.1930 0.0201 0.5446 
 H479.4_2005  4 0.0312 0.0156 0.0065 0.0234 0.0173 0.0512 0.0120 0.8429 
 H479.4_2006  4 0.3900 0.0206 0.0064 0.0694 0.0140 0.0970 0.0199 0.3826 
 H479.5_2005  4 0.6013 0.0336 0.0135 0.0258 0.0932 0.0403 0.0362 0.1562 
 H479.5_2006  4 0.1183 0.0101 0.0056 0.1068 0.0092 0.2425 0.0078 0.4996 
 H479.6_2005  4 0.0192 0.0085 0.0162 0.0106 0.0648 0.0260 0.0115 0.8432 
 H479.6_2006  4 0.4947 0.0150 0.0109 0.0946 0.0099 0.0114 0.0103 0.3532 
 H479.7_2005  4 0.0465 0.0316 0.0138 0.2334 0.0219 0.0315 0.0569 0.5644 
 H479.7_2006  4 0.1150 0.0194 0.0256 0.2082 0.0161 0.0948 0.0085 0.5125 
 H479.8_2005  4 0.0570 0.0098 0.0067 0.4194 0.0122 0.0195 0.0210 0.4542 
 H479.8_2006  4 0.0591 0.0101 0.0237 0.0058 0.1155 0.1002 0.0085 0.6771 
      H479.9  4 0.0433 0.0086 0.0058 0.0103 0.0747 0.7133 0.0086 0.1354 
      H516.1  4 0.0146 0.3097 0.0134 0.0182 0.0587 0.5030 0.0577 0.0247 
      H516.2  4 0.0085 0.0192 0.0072 0.0074 0.0082 0.9114 0.0107 0.0274 
      H516.3  4 0.0105 0.0421 0.0062 0.0057 0.0107 0.8564 0.0200 0.0484 
      H516.4  4 0.0122 0.0230 0.0070 0.0068 0.0130 0.8927 0.0187 0.0266 
      H516.5  4 0.0099 0.1024 0.0325 0.0136 0.0196 0.7683 0.0311 0.0226 
      H516.6  4 0.0069 0.0107 0.0100 0.0051 0.0062 0.9390 0.0100 0.0120 
      H516.7  4 0.0181 0.0091 0.0080 0.0129 0.0135 0.8493 0.0638 0.0253 
      H516.8  4 0.0084 0.1473 0.0076 0.0064 0.0149 0.7757 0.0184 0.0213 
      H516.9  4 0.0124 0.0165 0.0052 0.0090 0.0113 0.8907 0.0155 0.0393 
      H646.1  4 0.0092 0.0671 0.0052 0.0127 0.0758 0.7276 0.0597 0.0428 
      H646.2  4 0.0063 0.0794 0.0049 0.0181 0.1322 0.6991 0.0181 0.0419 
      H646.3  4 0.0138 0.1178 0.0044 0.0100 0.0320 0.7717 0.0157 0.0346 
      H646.4  4 0.0121 0.0406 0.0092 0.0321 0.2568 0.5496 0.0515 0.0482 
      H646.5  4 0.0133 0.0546 0.0071 0.0094 0.0341 0.8557 0.0107 0.0151 
      H658.1  4 0.0073 0.0185 0.0509 0.0078 0.0230 0.8689 0.0119 0.0118 
     H658.10  4 0.0060 0.0102 0.0053 0.0089 0.0070 0.9473 0.0069 0.0084 
      H658.2  4 0.0088 0.0219 0.0322 0.0051 0.0261 0.8708 0.0268 0.0083 
      H658.3  4 0.0112 0.0102 0.0134 0.0172 0.0129 0.9129 0.0097 0.0125 
      H658.4  4 0.0138 0.0176 0.0063 0.0102 0.0093 0.9131 0.0120 0.0176 
      H658.5  4 0.0075 0.0063 0.0039 0.0079 0.0045 0.9534 0.0082 0.0082 
      H658.6  4 0.0116 0.0210 0.0085 0.0076 0.0168 0.8759 0.0475 0.0112 
      H658.7  4 0.0166 0.0221 0.0161 0.0078 0.0531 0.8490 0.0217 0.0136 
      H658.8  4 0.0073 0.0453 0.0339 0.0066 0.0687 0.8063 0.0158 0.0162 
      H658.9  4 0.0144 0.0186 0.0108 0.0063 0.0282 0.8933 0.0159 0.0125 
      H682.1  4 0.1981 0.0477 0.0115 0.0455 0.0640 0.0316 0.1472 0.4544 
      H682.6  4 0.2245 0.2549 0.0159 0.0691 0.0780 0.2371 0.0783 0.0421 
      H720.1  4 0.0391 0.0226 0.0066 0.1864 0.1706 0.0973 0.0672 0.4102 
      H720.2  4 0.0297 0.0310 0.0055 0.1483 0.0710 0.2236 0.0324 0.4584 
      H720.3  4 0.0689 0.0174 0.0078 0.0156 0.3733 0.0336 0.0834 0.3999 
      H720.4  4 0.0498 0.0146 0.0182 0.0392 0.0524 0.3580 0.1907 0.2772 
      H720.5  4 0.0576 0.0274 0.0298 0.0254 0.2057 0.0213 0.0691 0.5637 
      H720.6  4 0.0640 0.0183 0.0291 0.0213 0.1632 0.0197 0.0466 0.6379 
      H720.7  4 0.0203 0.0325 0.0064 0.1273 0.0138 0.0516 0.0384 0.7096 
      H720.8  4 0.1626 0.0266 0.0072 0.0462 0.2127 0.0196 0.0730 0.4520 
      H720.9  4 0.6069 0.0488 0.0064 0.0220 0.0675 0.1620 0.0401 0.0463 
      H724.1  4 0.0171 0.0320 0.0104 0.0126 0.8647 0.0109 0.0336 0.0187 
      H724.2  4 0.0280 0.0270 0.0238 0.0510 0.7728 0.0200 0.0396 0.0379 
      H724.3  4 0.1097 0.0222 0.0064 0.2651 0.1052 0.4112 0.0128 0.0674 
      H724.4  4 0.0526 0.0220 0.0093 0.0154 0.7952 0.0367 0.0183 0.0506 
      H724.5  4 0.2404 0.0364 0.0055 0.1150 0.0854 0.4411 0.0214 0.0549 
      H724.6  4 0.0189 0.0131 0.0130 0.0189 0.8997 0.0141 0.0101 0.0122 
      H725.1  4 0.5940 0.0475 0.0066 0.0266 0.0520 0.1674 0.0561 0.0498 
      H725.2  4 0.0360 0.5412 0.0110 0.1079 0.0180 0.1763 0.0613 0.0482 
      H725.3  4 0.0654 0.2864 0.0258 0.0481 0.0211 0.3297 0.0441 0.1794 
      H725.4  4 0.3885 0.1537 0.0802 0.0755 0.0529 0.0612 0.1663 0.0216 
      H725.5  4 0.0149 0.0105 0.0074 0.1905 0.0180 0.0978 0.6209 0.0401 
      H725.6  4 0.0230 0.0145 0.0217 0.0205 0.0842 0.7487 0.0359 0.0516 
      H725.7  4 0.3753 0.0318 0.0123 0.0198 0.0594 0.4066 0.0359 0.0588 
      H725.8  4 0.0404 0.0374 0.1130 0.0145 0.2108 0.4060 0.1101 0.0679 
      H726.1  4 0.0048 0.0094 0.0057 0.0065 0.0085 0.9523 0.0070 0.0059 
      H726.2  4 0.0147 0.0107 0.0068 0.0284 0.0138 0.8884 0.0269 0.0104 
      H726.3  4 0.0069 0.0367 0.0245 0.0149 0.0300 0.8572 0.0235 0.0063 
      H726.4  4 0.0084 0.0079 0.0101 0.0052 0.0085 0.9455 0.0068 0.0077 
      H726.5  4 0.0144 0.0130 0.0058 0.0077 0.0097 0.9287 0.0097 0.0110 
        UNK1  4 0.0241 0.1495 0.0092 0.2894 0.0140 0.2173 0.0425 0.2540 
        UNK2  4 0.3998 0.1049 0.0130 0.0135 0.0194 0.3654 0.0654 0.0186 
        UNK3  4 0.0337 0.1198 0.0121 0.2448 0.0139 0.4107 0.0567 0.1084 
      H016.1  5 0.1207 0.0426 0.2753 0.0589 0.0849 0.0599 0.0152 0.3425 
      H016.2  5 0.5498 0.0341 0.0775 0.0223 0.0249 0.0107 0.0116 0.2691 
      H016.3  5 0.0221 0.0751 0.0776 0.0326 0.3550 0.1128 0.0432 0.2816 
      H016.4  5 0.5257 0.0222 0.0706 0.0361 0.0354 0.0122 0.0118 0.2861 
 H017.1_2002  5 0.0070 0.7927 0.0105 0.0216 0.0405 0.0896 0.0265 0.0115 
 H017.1_2003  5 0.0092 0.0286 0.0542 0.0282 0.0092 0.0359 0.1860 0.6486 
 H017.2_2002  5 0.0169 0.4768 0.0123 0.0199 0.4079 0.0309 0.0096 0.0257 
 H017.2_2003  5 0.0199 0.0250 0.0059 0.0080 0.0122 0.6639 0.0109 0.2542 
 H017.3_2002  5 0.0109 0.6622 0.1654 0.0159 0.0141 0.0382 0.0349 0.0583 
 H017.3_2003  5 0.0066 0.7821 0.0167 0.0161 0.0446 0.0392 0.0628 0.0318 
 H017.4_2002  5 0.0141 0.8812 0.0245 0.0186 0.0160 0.0093 0.0183 0.0180 
 H017.4_2003  5 0.0130 0.1686 0.0210 0.0059 0.0101 0.5415 0.0153 0.2246 
 H017.5_2002  5 0.0145 0.3852 0.4988 0.0060 0.0220 0.0304 0.0163 0.0269 
 H017.5_2003  5 0.0149 0.2858 0.0388 0.0098 0.0104 0.5407 0.0189 0.0806 
 H017.6_2002  5 0.0090 0.8260 0.0321 0.0218 0.0734 0.0098 0.0178 0.0101 
 H017.6_2003  5 0.0099 0.1106 0.0070 0.0191 0.0492 0.7251 0.0272 0.0519 
 H017.7_2002  5 0.0189 0.7257 0.0867 0.0267 0.0458 0.0140 0.0372 0.0452 
 H017.7_2003  5 0.0087 0.0281 0.0216 0.0077 0.0070 0.7523 0.0153 0.1593 
      H017.8  5 0.0086 0.7684 0.0689 0.0161 0.0287 0.0673 0.0163 0.0257 
      H017.9  5 0.0162 0.5501 0.3088 0.0305 0.0279 0.0259 0.0180 0.0226 
      H032.1  5 0.0086 0.0077 0.0105 0.0100 0.0115 0.7073 0.0150 0.2294 
      H032.2  5 0.0093 0.0058 0.0148 0.0080 0.0077 0.6336 0.0071 0.3137 
      H032.3  5 0.0135 0.0072 0.0111 0.0077 0.0080 0.9201 0.0083 0.0240 
      H032.4  5 0.0076 0.0141 0.0158 0.0045 0.0099 0.9114 0.0081 0.0286 
      H032.5  5 0.0108 0.0104 0.0091 0.0080 0.0097 0.9292 0.0087 0.0140 
      H032.6  5 0.0081 0.0108 0.0100 0.0063 0.0082 0.9365 0.0067 0.0135 
      H032.7  5 0.0078 0.0169 0.0089 0.0283 0.0228 0.2781 0.0667 0.5704 
