      H008.1  2 0.6653 0.0131 0.0052 0.0155 0.0066 0.0122 0.0061 0.0075 0.0062 0.0352 0.0092 0.0786 0.0075 0.0144 0.0150 0.0074 0.0085 0.0071 0.0052 0.0240 0.0082 0.0101 0.0046 0.0068 0.0120 0.0085 
      H008.2  2 0.3640 0.0191 0.0070 0.0148 0.0091 0.0193 0.0118 0.0089 0.0336 0.0280 0.0421 0.0089 0.0789 0.0493 0.1024 0.0085 0.0174 0.0876 0.0088 0.0122 0.0095 0.0057 0.0166 0.0123 0.0194 0.0050 
      H008.3  2 0.4821 0.0106 0.0050 0.0158 0.0064 0.0081 0.0135 0.0110 0.0149 0.0138 0.0383 0.0075 0.0268 0.0287 0.0857 0.0131 0.0088 0.0150 0.0057 0.1262 0.0166 0.0113 0.0073 0.0146 0.0059 0.0073 
      H008.4  2 0.7179 0.0076 0.0038 0.0155 0.0149 0.0082 0.0116 0.0168 0.0092 0.0201 0.0102 0.0095 0.0410 0.0123 0.0133 0.0065 0.0053 0.0123 0.0156 0.0049 0.0042 0.0053 0.0166 0.0077 0.0041 0.0057 
      H008.5  2 0.8483 0.0046 0.0047 0.0081 0.0044 0.0040 0.0096 0.0089 0.0105 0.0109 0.0045 0.0062 0.0047 0.0074 0.0101 0.0051 0.0050 0.0032 0.0046 0.0065 0.0044 0.0060 0.0050 0.0046 0.0052 0.0036 
      H008.6  2 0.6169 0.0257 0.0058 0.0195 0.0106 0.0184 0.0101 0.0089 0.0202 0.0190 0.0035 0.0069 0.0619 0.0243 0.0441 0.0070 0.0074 0.0269 0.0110 0.0079 0.0048 0.0041 0.0166 0.0092 0.0060 0.0034 
      H008.7  2 0.4737 0.0133 0.0049 0.0173 0.0150 0.0147 0.0199 0.0191 0.0158 0.0432 0.0399 0.0176 0.0595 0.0368 0.0769 0.0161 0.0063 0.0127 0.0148 0.0112 0.0063 0.0073 0.0322 0.0064 0.0097 0.0095 
      H008.8  2 0.1789 0.0191 0.0059 0.0539 0.0124 0.0350 0.0048 0.0106 0.0078 0.0155 0.0223 0.0483 0.0318 0.0351 0.0147 0.0080 0.0080 0.3474 0.0101 0.0209 0.0372 0.0148 0.0067 0.0161 0.0278 0.0070 
      H008.9  2 0.1751 0.0345 0.0039 0.0364 0.0114 0.0329 0.0083 0.0192 0.0187 0.0154 0.0100 0.0066 0.2929 0.0311 0.1201 0.0087 0.0101 0.0622 0.0073 0.0211 0.0084 0.0070 0.0362 0.0111 0.0042 0.0071 
 H029.1_2002  2 0.0842 0.0041 0.0057 0.0095 0.0271 0.0161 0.0148 0.0063 0.0056 0.4476 0.0057 0.2109 0.0118 0.0219 0.0042 0.0113 0.0145 0.0104 0.0438 0.0045 0.0110 0.0038 0.0112 0.0054 0.0049 0.0037 
 H029.1_2003  2 0.0075 0.0062 0.0067 0.0091 0.0041 0.0100 0.0194 0.0343 0.0101 0.7444 0.0047 0.0041 0.0157 0.0121 0.0084 0.0078 0.0068 0.0185 0.0064 0.0105 0.0239 0.0053 0.0078 0.0063 0.0056 0.0042 
 H029.2_2002  2 0.0243 0.0077 0.0090 0.0099 0.0098 0.0033 0.0097 0.0210 0.0179 0.6395 0.0198 0.1153 0.0080 0.0207 0.0119 0.0050 0.0049 0.0040 0.0081 0.0058 0.0115 0.0048 0.0133 0.0063 0.0049 0.0035 
 H029.2_2003  2 0.0137 0.0077 0.0164 0.0154 0.0033 0.0071 0.0120 0.0188 0.0113 0.7719 0.0051 0.0048 0.0082 0.0140 0.0058 0.0095 0.0074 0.0050 0.0049 0.0080 0.0134 0.0064 0.0087 0.0106 0.0059 0.0047 
 H029.3_2002  2 0.0091 0.0068 0.0087 0.0560 0.0044 0.0054 0.0123 0.0385 0.0129 0.5015 0.0217 0.1180 0.0072 0.0409 0.0058 0.0153 0.0117 0.0162 0.0115 0.0075 0.0106 0.0092 0.0470 0.0098 0.0079 0.0041 
 H029.3_2003  2 0.0162 0.0119 0.0088 0.0060 0.0031 0.0031 0.0090 0.0085 0.0055 0.8362 0.0078 0.0060 0.0038 0.0076 0.0082 0.0066 0.0077 0.0058 0.0044 0.0064 0.0038 0.0037 0.0054 0.0054 0.0054 0.0037 
 H029.4_2002  2 0.0040 0.0059 0.0041 0.0063 0.0035 0.0047 0.0045 0.0064 0.0047 0.7857 0.0130 0.0769 0.0033 0.0086 0.0046 0.0056 0.0056 0.0083 0.0084 0.0044 0.0026 0.0083 0.0076 0.0034 0.0054 0.0044 
 H029.4_2003  2 0.0040 0.0049 0.0046 0.0062 0.0048 0.0063 0.0068 0.0072 0.0048 0.8460 0.0037 0.0054 0.0051 0.0068 0.0051 0.0063 0.0044 0.0098 0.0041 0.0161 0.0103 0.0060 0.0043 0.0053 0.0084 0.0031 
 H029.5_2002  2 0.0237 0.0036 0.0048 0.0048 0.0085 0.0044 0.0080 0.0057 0.0043 0.7891 0.0074 0.0696 0.0054 0.0066 0.0056 0.0036 0.0036 0.0036 0.0088 0.0040 0.0050 0.0029 0.0043 0.0041 0.0049 0.0039 
 H029.5_2003  2 0.0050 0.0039 0.0038 0.0055 0.0041 0.0055 0.0040 0.0047 0.0053 0.8821 0.0029 0.0062 0.0044 0.0048 0.0052 0.0047 0.0034 0.0073 0.0040 0.0064 0.0070 0.0054 0.0031 0.0037 0.0049 0.0028 
 H029.6_2002  2 0.0052 0.0031 0.0046 0.0218 0.0032 0.0038 0.0115 0.0081 0.0054 0.7248 0.0102 0.0848 0.0049 0.0089 0.0033 0.0077 0.0048 0.0199 0.0090 0.0031 0.0051 0.0063 0.0234 0.0055 0.0072 0.0045 
 H029.6_2003  2 0.0091 0.0072 0.0123 0.0066 0.0041 0.0058 0.0052 0.0096 0.0057 0.8252 0.0037 0.0054 0.0055 0.0091 0.0033 0.0094 0.0094 0.0049 0.0034 0.0120 0.0058 0.0060 0.0035 0.0089 0.0134 0.0057 
      H029.7  2 0.0106 0.0037 0.0042 0.0057 0.0086 0.0032 0.0058 0.0047 0.0058 0.7968 0.0070 0.0744 0.0053 0.0061 0.0048 0.0035 0.0026 0.0031 0.0039 0.0042 0.0081 0.0034 0.0094 0.0067 0.0059 0.0027 
      H030.1  2 0.0441 0.0135 0.0852 0.0073 0.0314 0.0065 0.0994 0.0073 0.0690 0.0200 0.0105 0.0225 0.0099 0.0597 0.0660 0.0618 0.2614 0.0116 0.0058 0.0058 0.0125 0.0074 0.0045 0.0090 0.0314 0.0362 
      H030.2  2 0.0328 0.0086 0.0076 0.0067 0.0098 0.0073 0.0343 0.0044 0.0061 0.0094 0.0921 0.0426 0.0043 0.0413 0.0340 0.0077 0.2754 0.0047 0.1893 0.0271 0.0118 0.0237 0.0660 0.0035 0.0188 0.0308 
      H038.1  2 0.0058 0.0040 0.0060 0.0124 0.0045 0.0130 0.0045 0.0069 0.0045 0.0306 0.0038 0.8139 0.0087 0.0061 0.0040 0.0042 0.0048 0.0070 0.0054 0.0049 0.0068 0.0049 0.0127 0.0067 0.0116 0.0027 
      H038.2  2 0.0076 0.0060 0.0043 0.0042 0.0098 0.0028 0.0045 0.0036 0.0071 0.0107 0.0052 0.8687 0.0025 0.0057 0.0045 0.0043 0.0054 0.0037 0.0055 0.0056 0.0047 0.0041 0.0043 0.0026 0.0054 0.0071 
      H038.3  2 0.0084 0.0159 0.0262 0.0052 0.0101 0.0061 0.0037 0.0054 0.0078 0.0067 0.0051 0.7885 0.0088 0.0070 0.0092 0.0046 0.0078 0.0051 0.0097 0.0035 0.0076 0.0083 0.0169 0.0038 0.0117 0.0069 
      H038.4  2 0.0094 0.0082 0.0169 0.0051 0.0072 0.0053 0.0048 0.0057 0.0056 0.0080 0.0058 0.8106 0.0091 0.0101 0.0070 0.0045 0.0050 0.0056 0.0070 0.0033 0.0068 0.0060 0.0152 0.0032 0.0158 0.0086 
      H038.5  2 0.0059 0.0068 0.0063 0.0064 0.0053 0.0046 0.0051 0.0091 0.0066 0.0619 0.0058 0.7524 0.0055 0.0105 0.0068 0.0078 0.0124 0.0101 0.0046 0.0101 0.0041 0.0062 0.0128 0.0029 0.0255 0.0044 
      H038.6  2 0.0193 0.0088 0.0043 0.0108 0.0067 0.0061 0.0065 0.0065 0.0090 0.0424 0.0039 0.7827 0.0034 0.0089 0.0061 0.0069 0.0055 0.0059 0.0056 0.0128 0.0073 0.0057 0.0100 0.0040 0.0082 0.0029 
      H038.7  2 0.0072 0.0112 0.0150 0.0065 0.0070 0.0046 0.0041 0.0040 0.0062 0.0109 0.0026 0.8289 0.0035 0.0076 0.0050 0.0074 0.0059 0.0042 0.0122 0.0053 0.0095 0.0044 0.0062 0.0033 0.0141 0.0033 
      H038.8  2 0.0056 0.0057 0.0102 0.0039 0.0059 0.0042 0.0035 0.0034 0.0050 0.0056 0.0060 0.8385 0.0042 0.0049 0.0044 0.0042 0.0049 0.0048 0.0068 0.0030 0.0058 0.0068 0.0321 0.0032 0.0079 0.0096 
      H041.1  2 0.0381 0.0116 0.0419 0.0057 0.0105 0.0063 0.0407 0.0044 0.0069 0.3832 0.0758 0.0113 0.0206 0.0504 0.0382 0.0065 0.0053 0.0026 0.0057 0.0152 0.0056 0.0049 0.0106 0.0072 0.1778 0.0131 
      H041.2  2 0.0504 0.0125 0.0096 0.0091 0.0153 0.0124 0.0197 0.0094 0.0044 0.7537 0.0040 0.0054 0.0102 0.0070 0.0122 0.0044 0.0049 0.0053 0.0070 0.0038 0.0053 0.0054 0.0089 0.0067 0.0077 0.0052 
      H041.4  2 0.0126 0.0089 0.0066 0.0090 0.0097 0.0131 0.0240 0.0113 0.0043 0.7168 0.0113 0.0205 0.0172 0.0188 0.0103 0.0045 0.0055 0.0065 0.0043 0.0207 0.0069 0.0042 0.0093 0.0144 0.0204 0.0094 
      H041.6  2 0.0268 0.0125 0.0127 0.0150 0.0323 0.0202 0.0534 0.0139 0.0045 0.5046 0.0198 0.0512 0.0123 0.0481 0.0155 0.0064 0.0091 0.0084 0.0145 0.0262 0.0191 0.0078 0.0095 0.0297 0.0172 0.0092 
 H042.1_2002  2 0.0086 0.0084 0.0065 0.0105 0.0318 0.0197 0.6110 0.0091 0.0154 0.0054 0.0066 0.0085 0.0202 0.0205 0.0060 0.0051 0.0060 0.0062 0.0162 0.0107 0.0093 0.0911 0.0123 0.0079 0.0088 0.0383 
 H042.1_2003  2 0.3865 0.0416 0.0173 0.0126 0.0319 0.0817 0.0129 0.0121 0.0379 0.0339 0.0099 0.0061 0.0087 0.0542 0.0441 0.0088 0.0205 0.0116 0.0186 0.0133 0.0260 0.0150 0.0623 0.0088 0.0106 0.0130 
 H042.2_2002  2 0.0063 0.0036 0.0041 0.0202 0.0058 0.0047 0.0826 0.0370 0.0093 0.3958 0.0081 0.0496 0.0185 0.0537 0.0054 0.0425 0.0042 0.0038 0.0949 0.0146 0.0091 0.0712 0.0208 0.0078 0.0204 0.0064 
 H042.2_2003  2 0.1035 0.0154 0.0097 0.0060 0.1874 0.0300 0.0461 0.0151 0.0119 0.3863 0.0034 0.0181 0.0121 0.0182 0.0139 0.0049 0.0069 0.0059 0.0112 0.0343 0.0068 0.0179 0.0050 0.0104 0.0057 0.0138 
 H042.3_2002  2 0.0065 0.0084 0.0075 0.0052 0.0116 0.0102 0.2866 0.0259 0.0132 0.0113 0.0042 0.0068 0.0150 0.0411 0.0136 0.0139 0.0065 0.0035 0.0494 0.0195 0.0063 0.3917 0.0095 0.0102 0.0093 0.0133 
 H042.3_2003  2 0.0165 0.0091 0.0077 0.0176 0.0318 0.0146 0.0575 0.0116 0.0157 0.0775 0.0202 0.0076 0.0136 0.1076 0.0188 0.0165 0.0080 0.0035 0.0515 0.0809 0.0066 0.3106 0.0216 0.0103 0.0508 0.0123 
 H042.4_2002  2 0.0111 0.0066 0.0096 0.0158 0.0421 0.0102 0.4187 0.0217 0.0082 0.0882 0.0111 0.0298 0.0218 0.0926 0.0074 0.0096 0.0102 0.0058 0.0069 0.0798 0.0086 0.0100 0.0129 0.0056 0.0234 0.0324 
 H042.4_2003  2 0.0068 0.0050 0.0226 0.0147 0.2308 0.0109 0.2588 0.0103 0.0091 0.0382 0.0276 0.1155 0.0091 0.0538 0.0102 0.0052 0.0055 0.0040 0.0065 0.0158 0.0261 0.0066 0.0062 0.0150 0.0694 0.0161 
      H042.5  2 0.0047 0.0039 0.0058 0.0098 0.0211 0.0049 0.8154 0.0058 0.0078 0.0148 0.0040 0.0070 0.0071 0.0095 0.0090 0.0038 0.0045 0.0039 0.0044 0.0087 0.0077 0.0078 0.0028 0.0085 0.0095 0.0080 
      H042.6  2 0.0056 0.0037 0.0095 0.0516 0.0213 0.0092 0.5933 0.0071 0.0096 0.0129 0.0083 0.0194 0.0126 0.0211 0.0054 0.0064 0.0050 0.0041 0.0093 0.0044 0.0512 0.0326 0.0121 0.0307 0.0439 0.0098 
      H042.7  2 0.0059 0.0134 0.0276 0.0122 0.0208 0.0200 0.3612 0.0392 0.0104 0.0191 0.0061 0.0287 0.0107 0.0644 0.0093 0.0073 0.0052 0.0063 0.0864 0.0096 0.0228 0.0693 0.0058 0.0079 0.0674 0.0630 
      H042.8  2 0.0118 0.0112 0.0045 0.0087 0.0085 0.0114 0.5731 0.0241 0.0144 0.0693 0.0037 0.0066 0.0264 0.0263 0.0146 0.0096 0.0044 0.0078 0.0525 0.0332 0.0083 0.0234 0.0115 0.0147 0.0100 0.0098 
   H042_2002  2 0.0376 0.0097 0.0125 0.0686 0.0821 0.0190 0.0204 0.0216 0.0242 0.0373 0.0044 0.0553 0.0142 0.0718 0.0265 0.0087 0.0069 0.0081 0.1941 0.0327 0.0974 0.0269 0.0273 0.0438 0.0398 0.0091 
   H042_2003  2 0.0437 0.0092 0.0089 0.0454 0.0968 0.0193 0.0219 0.0184 0.0178 0.0378 0.0036 0.0416 0.0120 0.0918 0.0292 0.0082 0.0079 0.0116 0.1640 0.0327 0.1240 0.0346 0.0243 0.0481 0.0381 0.0090 
      H043.1  2 0.0067 0.0058 0.0055 0.0084 0.0044 0.0039 0.0047 0.0028 0.0067 0.0054 0.0063 0.0112 0.0031 0.0057 0.0080 0.0061 0.0072 0.0057 0.0044 0.0040 0.0107 0.0094 0.0098 0.0072 0.8425 0.0045 
      H043.2  2 0.0128 0.0121 0.0095 0.0182 0.0053 0.0143 0.0038 0.0077 0.0095 0.0061 0.0030 0.0180 0.0147 0.0137 0.0054 0.0045 0.0052 0.0139 0.0043 0.0061 0.0157 0.0266 0.0204 0.0292 0.7165 0.0033 
      H043.3  2 0.0201 0.0049 0.0143 0.0070 0.0072 0.0061 0.0043 0.0033 0.0046 0.0037 0.0036 0.0152 0.0063 0.0057 0.0041 0.0037 0.0046 0.0049 0.0079 0.0039 0.0095 0.0100 0.0057 0.0070 0.8284 0.0038 
      H043.4  2 0.0107 0.0050 0.0116 0.0149 0.0078 0.0117 0.0041 0.0035 0.0085 0.0041 0.0035 0.0243 0.0057 0.0076 0.0068 0.0053 0.0056 0.0039 0.0056 0.0031 0.0234 0.0083 0.0087 0.0178 0.7846 0.0040 
      H043.5  2 0.0111 0.0118 0.0089 0.0134 0.0064 0.0083 0.0038 0.0053 0.0072 0.0067 0.0052 0.0135 0.0140 0.0058 0.0078 0.0054 0.0036 0.0118 0.0069 0.0053 0.0116 0.0366 0.0354 0.0047 0.7455 0.0040 
      H043.6  2 0.0111 0.0037 0.0073 0.0068 0.0052 0.0099 0.0045 0.0048 0.0055 0.0044 0.0030 0.0132 0.0085 0.0055 0.0028 0.0051 0.0053 0.0040 0.0051 0.0039 0.0045 0.0115 0.0143 0.0042 0.8427 0.0031 
      H043.7  2 0.0049 0.0072 0.0154 0.0040 0.0047 0.0148 0.0038 0.0028 0.0040 0.0040 0.0025 0.0104 0.0076 0.0056 0.0029 0.0035 0.0040 0.0028 0.0058 0.0031 0.0094 0.0089 0.0081 0.0227 0.8337 0.0032 
      H043.8  2 0.0043 0.0098 0.0061 0.0065 0.0039 0.0057 0.0027 0.0034 0.0047 0.0035 0.0044 0.0068 0.0052 0.0053 0.0030 0.0050 0.0057 0.0079 0.0050 0.0037 0.0036 0.0141 0.0063 0.0076 0.8612 0.0045 
      H043.9  2 0.0042 0.0035 0.0063 0.0065 0.0052 0.0037 0.0048 0.0033 0.0047 0.0074 0.0053 0.0193 0.0043 0.0048 0.0046 0.0042 0.0050 0.0055 0.0066 0.0051 0.0160 0.0051 0.0059 0.0063 0.8491 0.0030 
      H047.1  2 0.1096 0.0128 0.0064 0.0084 0.0185 0.0155 0.0045 0.0043 0.0156 0.0661 0.0048 0.2753 0.0051 0.0148 0.3224 0.0033 0.0046 0.0034 0.0460 0.0055 0.0097 0.0214 0.0057 0.0064 0.0051 0.0047 
      H047.2  2 0.0135 0.0197 0.0172 0.0102 0.0182 0.0180 0.0070 0.0105 0.0226 0.1206 0.0186 0.2192 0.0140 0.0157 0.3578 0.0138 0.0064 0.0063 0.0095 0.0054 0.0301 0.0049 0.0048 0.0050 0.0217 0.0094 
      H047.3  2 0.0290 0.0078 0.0115 0.0067 0.0165 0.0103 0.0088 0.0192 0.0238 0.1398 0.0158 0.1031 0.0156 0.0288 0.4112 0.0245 0.0052 0.0050 0.0263 0.0078 0.0328 0.0059 0.0039 0.0095 0.0210 0.0102 
      H047.4  2 0.0230 0.0638 0.0274 0.0147 0.0367 0.0207 0.0141 0.0087 0.0091 0.2697 0.0064 0.0993 0.0087 0.0299 0.2151 0.0064 0.0054 0.0066 0.0326 0.0105 0.0412 0.0059 0.0034 0.0074 0.0220 0.0114 
      H047.5  2 0.0620 0.0099 0.0146 0.0155 0.0106 0.0108 0.0059 0.0157 0.0185 0.0602 0.0048 0.1493 0.0181 0.0272 0.3715 0.0148 0.0082 0.0042 0.0793 0.0061 0.0230 0.0096 0.0032 0.0232 0.0201 0.0136 
      H047.6  2 0.0082 0.0077 0.0099 0.0071 0.0095 0.0177 0.0109 0.0111 0.0088 0.1861 0.0088 0.0190 0.0119 0.0116 0.5765 0.0083 0.0038 0.0054 0.0326 0.0039 0.0118 0.0039 0.0054 0.0058 0.0084 0.0063 
      H047.7  2 0.0654 0.0090 0.0049 0.0062 0.0188 0.0103 0.0070 0.0054 0.0085 0.1141 0.0077 0.2270 0.0043 0.0184 0.2836 0.0035 0.0038 0.0032 0.1442 0.0060 0.0060 0.0166 0.0101 0.0049 0.0042 0.0068 
      H047.8  2 0.0215 0.0082 0.0071 0.0097 0.0179 0.0145 0.0141 0.0090 0.0165 0.1465 0.0078 0.0300 0.0073 0.0193 0.5297 0.0109 0.0042 0.0049 0.0511 0.0122 0.0217 0.0082 0.0043 0.0099 0.0072 0.0064 
      H047.9  2 0.0200 0.0076 0.0104 0.0190 0.0357 0.0084 0.0055 0.0083 0.0345 0.0653 0.0050 0.3418 0.0143 0.0256 0.1714 0.0049 0.0075 0.0038 0.1025 0.0084 0.0154 0.0265 0.0038 0.0185 0.0153 0.0208 
 H071.1_2002  2 0.0707 0.0037 0.0056 0.0083 0.0070 0.0061 0.0053 0.0046 0.0081 0.0059 0.0028 0.7759 0.0060 0.0070 0.0044 0.0053 0.0054 0.0035 0.0056 0.0048 0.0058 0.0109 0.0040 0.0081 0.0210 0.0041 
 H071.1_2003  2 0.4759 0.0098 0.0507 0.0146 0.0136 0.0146 0.0071 0.0095 0.0139 0.0091 0.0033 0.0883 0.0185 0.0341 0.0080 0.0071 0.0384 0.0034 0.0086 0.0062 0.0099 0.0082 0.0084 0.0292 0.1043 0.0053 
     H071.10  2 0.0041 0.0029 0.0053 0.0047 0.0033 0.0043 0.0037 0.0031 0.0038 0.0053 0.0057 0.8744 0.0033 0.0047 0.0029 0.0038 0.0095 0.0052 0.0046 0.0044 0.0038 0.0166 0.0053 0.0038 0.0070 0.0044 
 H071.2_2002  2 0.0193 0.0077 0.0074 0.0148 0.0058 0.0203 0.0046 0.0086 0.0079 0.0092 0.0026 0.7760 0.0119 0.0106 0.0067 0.0054 0.0071 0.0144 0.0054 0.0075 0.0087 0.0097 0.0058 0.0085 0.0095 0.0044 
 H071.2_2003  2 0.1825 0.0030 0.0043 0.0061 0.0073 0.0041 0.0047 0.0031 0.0070 0.0051 0.0032 0.7056 0.0049 0.0059 0.0045 0.0029 0.0058 0.0029 0.0041 0.0045 0.0048 0.0050 0.0033 0.0068 0.0055 0.0031 
      H071.3  2 0.2751 0.0425 0.0186 0.0118 0.0070 0.0045 0.0100 0.0040 0.0065 0.0469 0.0146 0.2734 0.0047 0.0408 0.0164 0.0081 0.0386 0.0085 0.0138 0.0092 0.0093 0.0866 0.0144 0.0079 0.0176 0.0090 
 H071.4_2002  2 0.0035 0.0034 0.0079 0.0086 0.0030 0.0060 0.0037 0.0057 0.0046 0.0105 0.0043 0.8377 0.0070 0.0052 0.0038 0.0059 0.0087 0.0064 0.0048 0.0036 0.0053 0.0175 0.0071 0.0052 0.0108 0.0098 
 H071.4_2003  2 0.1406 0.0101 0.0047 0.0054 0.0069 0.0038 0.0047 0.0027 0.0047 0.0058 0.0035 0.7056 0.0040 0.0072 0.0068 0.0053 0.0130 0.0061 0.0074 0.0055 0.0061 0.0228 0.0025 0.0038 0.0040 0.0068 
 H071.5_2002  2 0.0239 0.0028 0.0044 0.0048 0.0048 0.0030 0.0033 0.0026 0.0031 0.0056 0.0041 0.8704 0.0029 0.0046 0.0030 0.0035 0.0059 0.0029 0.0053 0.0032 0.0048 0.0128 0.0038 0.0046 0.0058 0.0042 
 H071.5_2003  2 0.2594 0.0161 0.0238 0.0132 0.0190 0.0063 0.0046 0.0040 0.0094 0.0120 0.0039 0.3941 0.0188 0.0193 0.0087 0.0137 0.0339 0.0084 0.0195 0.0092 0.0140 0.0400 0.0034 0.0059 0.0265 0.0131 
 H071.6_2002  2 0.0423 0.0035 0.0056 0.0148 0.0039 0.0063 0.0035 0.0040 0.0044 0.0056 0.0031 0.7801 0.0045 0.0099 0.0042 0.0064 0.0078 0.0118 0.0100 0.0041 0.0058 0.0372 0.0045 0.0057 0.0056 0.0052 
 H071.6_2003  2 0.1964 0.0079 0.0246 0.0081 0.0187 0.0069 0.0043 0.0030 0.0067 0.0056 0.0049 0.5529 0.0115 0.0100 0.0053 0.0078 0.0324 0.0053 0.0112 0.0059 0.0088 0.0150 0.0034 0.0058 0.0325 0.0053 
 H071.7_2002  2 0.1959 0.0060 0.0063 0.0066 0.0062 0.0049 0.0035 0.0037 0.0053 0.0042 0.0030 0.6633 0.0069 0.0056 0.0067 0.0037 0.0052 0.0067 0.0133 0.0043 0.0086 0.0106 0.0036 0.0070 0.0055 0.0035 
 H071.7_2003  2 0.1724 0.0095 0.0197 0.0086 0.0164 0.0055 0.0065 0.0032 0.0088 0.0073 0.0041 0.5195 0.0110 0.0199 0.0053 0.0117 0.0445 0.0031 0.0084 0.0068 0.0074 0.0294 0.0043 0.0077 0.0475 0.0117 
      H071.8  2 0.0222 0.0067 0.0064 0.0094 0.0051 0.0154 0.0044 0.0079 0.0047 0.0137 0.0028 0.8022 0.0147 0.0062 0.0060 0.0039 0.0048 0.0162 0.0043 0.0051 0.0063 0.0056 0.0050 0.0101 0.0066 0.0042 
      H071.9  2 0.0052 0.0085 0.0153 0.0260 0.0055 0.0123 0.0058 0.0116 0.0054 0.1153 0.0057 0.5374 0.0190 0.0155 0.0094 0.0131 0.0144 0.0293 0.0158 0.0064 0.0069 0.0214 0.0067 0.0084 0.0709 0.0088 
 H081.1_2002  2 0.3014 0.0040 0.0108 0.0149 0.0064 0.0098 0.0054 0.0088 0.0042 0.0164 0.0100 0.4991 0.0121 0.0085 0.0044 0.0073 0.0057 0.0038 0.0062 0.0076 0.0057 0.0075 0.0044 0.0233 0.0045 0.0080 
 H081.1_2003  2 0.1029 0.0165 0.0427 0.0616 0.0197 0.0237 0.0292 0.0361 0.0173 0.0590 0.0108 0.0206 0.0123 0.0771 0.0112 0.0642 0.0337 0.0156 0.0141 0.0096 0.0763 0.0100 0.1973 0.0113 0.0148 0.0125 
 H081.2_2002  2 0.2039 0.0031 0.0106 0.0121 0.0094 0.0060 0.0054 0.0075 0.0046 0.0087 0.0059 0.5560 0.0084 0.0084 0.0075 0.0059 0.0040 0.0041 0.0062 0.0045 0.0149 0.0042 0.0042 0.0795 0.0078 0.0074 
 H081.2_2003  2 0.0425 0.0077 0.0174 0.0553 0.0088 0.0093 0.0075 0.0059 0.0084 0.0167 0.0269 0.0142 0.0096 0.0160 0.0089 0.0110 0.6171 0.0201 0.0058 0.0095 0.0093 0.0201 0.0059 0.0268 0.0121 0.0071 
 H081.3_2002  2 0.0259 0.0085 0.0155 0.0102 0.0112 0.0118 0.0056 0.0050 0.0046 0.0149 0.0050 0.7636 0.0079 0.0078 0.0189 0.0034 0.0087 0.0150 0.0048 0.0039 0.0074 0.0050 0.0055 0.0159 0.0071 0.0069 
 H081.3_2003  2 0.0091 0.0083 0.0159 0.0628 0.0099 0.0255 0.0113 0.0122 0.0145 0.0210 0.0151 0.0131 0.0116 0.0313 0.0116 0.0168 0.4020 0.0684 0.0078 0.0106 0.0146 0.0133 0.0080 0.0214 0.1521 0.0118 
 H081.4_2002  2 0.2531 0.0075 0.0136 0.0149 0.0075 0.0071 0.0072 0.0042 0.0068 0.0172 0.0063 0.5431 0.0053 0.0096 0.0066 0.0090 0.0125 0.0078 0.0059 0.0100 0.0050 0.0148 0.0041 0.0051 0.0071 0.0085 
 H081.4_2003  2 0.0252 0.0079 0.1789 0.0581 0.0159 0.0514 0.0218 0.0366 0.0287 0.0247 0.0125 0.0131 0.0392 0.0933 0.0068 0.0559 0.1948 0.0174 0.0087 0.0130 0.0193 0.0088 0.0116 0.0187 0.0185 0.0193 
 H081.5_2002  2 0.2722 0.0130 0.0223 0.0177 0.0063 0.0113 0.0070 0.0039 0.0057 0.0124 0.0058 0.5030 0.0072 0.0121 0.0093 0.0079 0.0212 0.0115 0.0069 0.0058 0.0064 0.0089 0.0049 0.0063 0.0066 0.0046 
 H081.5_2003  2 0.1207 0.0153 0.4016 0.0236 0.0139 0.0383 0.0207 0.0292 0.0134 0.0129 0.0111 0.0177 0.0226 0.0368 0.0112 0.0453 0.0329 0.0073 0.0183 0.0060 0.0219 0.0081 0.0175 0.0268 0.0164 0.0107 
      H081.6  2 0.5436 0.0040 0.0095 0.0104 0.0059 0.0068 0.0045 0.0055 0.0044 0.0059 0.0045 0.2986 0.0061 0.0102 0.0044 0.0079 0.0068 0.0035 0.0077 0.0089 0.0064 0.0073 0.0043 0.0141 0.0044 0.0043 
      H081.7  2 0.0648 0.0042 0.0466 0.0159 0.0053 0.0122 0.0042 0.0048 0.0046 0.0114 0.0050 0.6241 0.0070 0.0116 0.0072 0.0060 0.0110 0.0065 0.0044 0.0042 0.0052 0.0094 0.0034 0.1056 0.0059 0.0097 
      H081.8  2 0.0210 0.0168 0.0317 0.0245 0.0075 0.0097 0.0090 0.0076 0.0045 0.0721 0.0129 0.5934 0.0084 0.0274 0.0062 0.0084 0.0394 0.0275 0.0064 0.0108 0.0053 0.0180 0.0065 0.0078 0.0075 0.0097 
      H083.1  2 0.0184 0.0055 0.0091 0.0170 0.0033 0.0037 0.0295 0.0159 0.0135 0.0121 0.0344 0.6984 0.0091 0.0173 0.0152 0.0104 0.0089 0.0071 0.0163 0.0050 0.0156 0.0056 0.0107 0.0065 0.0081 0.0034 
      H083.2  2 0.0049 0.0049 0.0074 0.0059 0.0046 0.0065 0.0051 0.0038 0.0047 0.0045 0.0102 0.8228 0.0057 0.0090 0.0137 0.0060 0.0036 0.0049 0.0063 0.0078 0.0124 0.0053 0.0052 0.0091 0.0193 0.0065 
      H083.4  2 0.0065 0.0039 0.0046 0.0057 0.0032 0.0057 0.0059 0.0039 0.0035 0.0068 0.0243 0.8074 0.0041 0.0084 0.0112 0.0056 0.0047 0.0186 0.0068 0.0067 0.0126 0.0074 0.0084 0.0081 0.0078 0.0081 
      H083.5  2 0.0180 0.0078 0.0084 0.0130 0.0054 0.0044 0.0340 0.0249 0.0113 0.0412 0.0888 0.5909 0.0145 0.0148 0.0178 0.0045 0.0049 0.0092 0.0081 0.0043 0.0203 0.0058 0.0244 0.0109 0.0066 0.0058 
      H083.6  2 0.0316 0.0056 0.0147 0.0273 0.0030 0.0060 0.0177 0.0464 0.0084 0.0343 0.1064 0.5316 0.0133 0.0199 0.0073 0.0151 0.0126 0.0218 0.0075 0.0120 0.0084 0.0108 0.0072 0.0144 0.0043 0.0124 
      H083.7  2 0.0057 0.0042 0.0051 0.0060 0.0046 0.0063 0.0046 0.0059 0.0040 0.0083 0.0974 0.7111 0.0081 0.0079 0.0100 0.0047 0.0042 0.0108 0.0044 0.0143 0.0136 0.0103 0.0080 0.0107 0.0060 0.0241 
      H083.8  2 0.0038 0.0048 0.0064 0.0061 0.0054 0.0054 0.0051 0.0050 0.0045 0.0076 0.0105 0.8134 0.0077 0.0076 0.0250 0.0048 0.0039 0.0040 0.0066 0.0084 0.0134 0.0054 0.0035 0.0079 0.0150 0.0088 
      H083.9  2 0.0378 0.0062 0.0048 0.0091 0.0066 0.0031 0.0349 0.0200 0.0084 0.0313 0.1561 0.5688 0.0088 0.0114 0.0179 0.0056 0.0056 0.0073 0.0091 0.0058 0.0111 0.0043 0.0072 0.0073 0.0047 0.0066 
      H084.1  2 0.0044 0.0151 0.0104 0.0236 0.0085 0.0050 0.0103 0.0635 0.0148 0.0452 0.0062 0.0093 0.0111 0.0547 0.0154 0.0397 0.5206 0.0100 0.0129 0.0082 0.0120 0.0059 0.0581 0.0064 0.0210 0.0078 
      H084.2  2 0.0033 0.0064 0.0208 0.0189 0.0055 0.0055 0.0112 0.0060 0.0135 0.1062 0.0046 0.0074 0.0063 0.0247 0.0051 0.0647 0.4612 0.0111 0.0060 0.0048 0.0254 0.0126 0.0597 0.0030 0.1005 0.0055 
      H084.3  2 0.0099 0.0114 0.0150 0.0082 0.0324 0.0048 0.0183 0.0944 0.0245 0.0078 0.0130 0.0099 0.0087 0.0518 0.0109 0.0528 0.2115 0.0068 0.0459 0.0066 0.0187 0.0068 0.2302 0.0063 0.0175 0.0757 
      H084.4  2 0.0116 0.2542 0.0256 0.0131 0.0339 0.0088 0.0288 0.0351 0.0140 0.0597 0.0049 0.0055 0.0047 0.0388 0.0134 0.0395 0.0924 0.0122 0.0162 0.0060 0.0235 0.0079 0.1994 0.0032 0.0323 0.0151 
      H084.5  2 0.0103 0.0520 0.0367 0.0073 0.0112 0.0074 0.0068 0.0893 0.0210 0.0085 0.0070 0.0065 0.0097 0.0479 0.0177 0.0271 0.3272 0.0076 0.2067 0.0048 0.0128 0.0058 0.0343 0.0080 0.0099 0.0166 
      H084.6  2 0.0061 0.0122 0.0072 0.0045 0.0113 0.0062 0.0084 0.0511 0.0075 0.0062 0.0236 0.0071 0.0045 0.0213 0.0205 0.0103 0.5996 0.0104 0.0628 0.0037 0.0106 0.0040 0.0465 0.0069 0.0085 0.0390 
      H084.7  2 0.0040 0.0285 0.0134 0.0177 0.0088 0.0071 0.0155 0.0095 0.0121 0.0903 0.0056 0.0055 0.0088 0.0226 0.0073 0.0874 0.5695 0.0098 0.0068 0.0074 0.0057 0.0110 0.0163 0.0051 0.0166 0.0076 
      H084.8  2 0.0074 0.0647 0.0092 0.0054 0.0142 0.0045 0.0090 0.1946 0.0153 0.0096 0.0058 0.0052 0.0073 0.0211 0.0211 0.0131 0.4417 0.0099 0.0332 0.0056 0.0062 0.0045 0.0529 0.0064 0.0054 0.0266 
 H085.1_2002  2 0.0292 0.0033 0.0323 0.2150 0.0070 0.0079 0.0221 0.0056 0.0074 0.0060 0.0116 0.0513 0.0252 0.0165 0.0085 0.0091 0.0133 0.0058 0.0098 0.0036 0.0069 0.0083 0.0158 0.4490 0.0204 0.0089 
 H085.1_2003  2 0.2671 0.0075 0.1464 0.0993 0.0054 0.0093 0.0203 0.0087 0.0050 0.0787 0.0822 0.0400 0.0112 0.0377 0.0110 0.0129 0.0083 0.0184 0.0049 0.0069 0.0051 0.0108 0.0149 0.0319 0.0427 0.0135 
 H085.2_2002  2 0.0084 0.0056 0.1365 0.1433 0.0092 0.0751 0.0149 0.0163 0.0064 0.0104 0.1394 0.0407 0.0922 0.0358 0.0069 0.0247 0.0172 0.0085 0.0113 0.0038 0.0131 0.0390 0.0430 0.0595 0.0169 0.0219 
 H085.2_2003  2 0.4477 0.0149 0.0307 0.0419 0.0137 0.0097 0.0356 0.0056 0.0167 0.0317 0.0446 0.0888 0.0098 0.0312 0.0309 0.0176 0.0154 0.0153 0.0067 0.0084 0.0079 0.0111 0.0096 0.0138 0.0309 0.0097 
 H085.3_2002  2 0.0337 0.0051 0.3256 0.0469 0.0244 0.0094 0.0306 0.0078 0.0061 0.0116 0.0288 0.0087 0.0994 0.0292 0.0078 0.0083 0.0050 0.0043 0.0034 0.0041 0.0186 0.0106 0.0043 0.2375 0.0196 0.0093 
 H085.3_2003  2 0.8206 0.0056 0.0549 0.0043 0.0058 0.0047 0.0048 0.0026 0.0052 0.0045 0.0033 0.0072 0.0028 0.0081 0.0040 0.0058 0.0054 0.0030 0.0026 0.0045 0.0050 0.0099 0.0029 0.0057 0.0121 0.0044 
 H085.4_2002  2 0.0333 0.0040 0.0456 0.1601 0.0086 0.0594 0.0192 0.0180 0.0137 0.0166 0.0249 0.1386 0.0813 0.0377 0.0069 0.0117 0.0191 0.0069 0.0101 0.0061 0.0084 0.0370 0.0251 0.1556 0.0344 0.0175 
 H085.4_2003  2 0.3131 0.0092 0.0389 0.0058 0.0954 0.0105 0.0443 0.0070 0.0110 0.0724 0.0063 0.1605 0.0198 0.0323 0.0094 0.0101 0.0320 0.0041 0.0494 0.0044 0.0079 0.0102 0.0066 0.0075 0.0180 0.0138 
 H085.5_2002  2 0.1017 0.0050 0.3026 0.0247 0.0067 0.0134 0.0115 0.0098 0.0081 0.0074 0.0058 0.0073 0.0521 0.0108 0.0072 0.0050 0.0044 0.0039 0.0045 0.0054 0.0064 0.0073 0.0046 0.3541 0.0207 0.0093 
 H085.5_2003  2 0.6664 0.0046 0.0109 0.0206 0.0099 0.0056 0.0145 0.0033 0.0099 0.0072 0.0362 0.0774 0.0039 0.0120 0.0078 0.0186 0.0219 0.0058 0.0059 0.0081 0.0043 0.0143 0.0057 0.0109 0.0074 0.0067 
 H085.6_2002  2 0.0147 0.0044 0.1165 0.3664 0.0082 0.0089 0.0126 0.0046 0.0042 0.0090 0.0131 0.0107 0.0329 0.0124 0.0118 0.0097 0.0070 0.0050 0.0059 0.0035 0.0104 0.0061 0.0115 0.2530 0.0515 0.0060 
 H085.6_2003  2 0.2167 0.0178 0.5010 0.0060 0.0197 0.0152 0.0102 0.0125 0.0104 0.0240 0.0043 0.0107 0.0125 0.0229 0.0084 0.0071 0.0077 0.0064 0.0055 0.0069 0.0093 0.0067 0.0054 0.0073 0.0360 0.0094 
 H085.7_2002  2 0.0865 0.0074 0.1816 0.0695 0.0362 0.0288 0.0844 0.0066 0.0079 0.0158 0.0599 0.0341 0.0439 0.0371 0.0227 0.0114 0.0160 0.0081 0.0061 0.0051 0.0560 0.0114 0.0108 0.1267 0.0162 0.0094 
 H085.7_2003  2 0.5072 0.0064 0.0401 0.0168 0.0078 0.0105 0.0100 0.0069 0.0091 0.0556 0.0073 0.0579 0.0062 0.0551 0.0099 0.0062 0.0066 0.0070 0.0060 0.0065 0.0067 0.0289 0.0085 0.0113 0.0938 0.0118 
 H085.8_2002  2 0.0357 0.0093 0.6280 0.0230 0.0123 0.0494 0.0101 0.0106 0.0057 0.0108 0.0158 0.0088 0.0238 0.0119 0.0048 0.0090 0.0093 0.0086 0.0049 0.0045 0.0184 0.0341 0.0095 0.0183 0.0148 0.0086 
 H085.8_2003  2 0.1172 0.0087 0.0504 0.0313 0.0475 0.0158 0.1512 0.0128 0.0119 0.0374 0.0901 0.0848 0.0247 0.0916 0.0318 0.0280 0.0156 0.0079 0.0188 0.0059 0.0107 0.0149 0.0109 0.0219 0.0341 0.0242 
      H085.9  2 0.1244 0.0055 0.1147 0.0357 0.0137 0.0138 0.0449 0.0091 0.0109 0.0117 0.0202 0.0417 0.0594 0.0246 0.0090 0.0086 0.0178 0.0084 0.0096 0.0057 0.0092 0.0149 0.0220 0.3179 0.0342 0.0126 
      H088.1  2 0.0067 0.0058 0.0070 0.0144 0.0093 0.0080 0.4525 0.0760 0.0070 0.1188 0.0108 0.0138 0.0663 0.0129 0.0125 0.0077 0.0094 0.0374 0.0041 0.0468 0.0142 0.0108 0.0053 0.0126 0.0085 0.0214 
      H088.2  2 0.0043 0.0042 0.0126 0.0242 0.0140 0.0116 0.6839 0.0349 0.0083 0.0116 0.0075 0.0084 0.0280 0.0153 0.0114 0.0106 0.0063 0.0098 0.0123 0.0074 0.0214 0.0088 0.0052 0.0147 0.0114 0.0121 
      H088.3  2 0.0038 0.0041 0.0069 0.0128 0.0060 0.0091 0.7798 0.0187 0.0058 0.0061 0.0055 0.0050 0.0106 0.0078 0.0142 0.0080 0.0047 0.0124 0.0088 0.0066 0.0285 0.0071 0.0050 0.0091 0.0086 0.0051 
      H088.4  2 0.0052 0.0076 0.0097 0.0080 0.0060 0.0128 0.5135 0.0068 0.0056 0.3215 0.0028 0.0055 0.0033 0.0078 0.0029 0.0075 0.0073 0.0095 0.0055 0.0208 0.0059 0.0051 0.0047 0.0039 0.0078 0.0028 
      H088.5  2 0.0032 0.0064 0.0042 0.0069 0.0078 0.0089 0.7534 0.0088 0.0047 0.0885 0.0045 0.0045 0.0089 0.0079 0.0054 0.0035 0.0082 0.0166 0.0044 0.0111 0.0052 0.0067 0.0048 0.0043 0.0061 0.0052 
      H088.6  2 0.0063 0.0080 0.0059 0.0074 0.0068 0.0067 0.5516 0.0151 0.0047 0.2512 0.0058 0.0076 0.0084 0.0075 0.0111 0.0057 0.0095 0.0251 0.0054 0.0144 0.0068 0.0084 0.0039 0.0035 0.0054 0.0076 
      H088.7  2 0.0102 0.0079 0.0100 0.0206 0.0089 0.0057 0.3350 0.0101 0.0082 0.4330 0.0051 0.0117 0.0056 0.0147 0.0150 0.0089 0.0069 0.0153 0.0138 0.0095 0.0106 0.0046 0.0058 0.0071 0.0116 0.0042 
      H088.8  2 0.0119 0.0088 0.0063 0.0068 0.0073 0.0053 0.0483 0.0098 0.0047 0.7060 0.0057 0.0070 0.0062 0.0130 0.0088 0.0081 0.0095 0.0299 0.0044 0.0548 0.0056 0.0084 0.0053 0.0070 0.0040 0.0069 
      H091.1  2 0.0662 0.0033 0.0306 0.0111 0.0070 0.0047 0.6869 0.0050 0.0067 0.0039 0.0099 0.0076 0.0052 0.0145 0.0083 0.0042 0.0050 0.0042 0.0062 0.0061 0.0038 0.0210 0.0080 0.0044 0.0593 0.0070 
      H091.2  2 0.0636 0.0076 0.0155 0.0152 0.0074 0.0060 0.6304 0.0055 0.0060 0.0114 0.0227 0.0119 0.0079 0.0220 0.0136 0.0068 0.0037 0.0058 0.0084 0.0094 0.0063 0.0315 0.0039 0.0041 0.0552 0.0185 
      H109.1  2 0.0057 0.0275 0.0104 0.0888 0.0065 0.0095 0.0044 0.0141 0.0102 0.0249 0.0904 0.0122 0.0457 0.1614 0.1451 0.0359 0.0354 0.0591 0.0512 0.0146 0.0078 0.0078 0.0236 0.0194 0.0789 0.0096 
      H109.2  2 0.0121 0.0296 0.0203 0.0536 0.0452 0.0177 0.0059 0.0075 0.0056 0.0247 0.0125 0.0353 0.0232 0.2628 0.0314 0.0448 0.2083 0.0118 0.0417 0.0094 0.0074 0.0089 0.0144 0.0062 0.0451 0.0147 
      H109.3  2 0.0096 0.0674 0.0123 0.0152 0.0414 0.0038 0.0146 0.0135 0.0174 0.0150 0.0081 0.0116 0.0103 0.0553 0.0639 0.0314 0.0279 0.0113 0.0113 0.0095 0.0083 0.0149 0.0070 0.0036 0.5021 0.0133 
      H109.4  2 0.0066 0.1318 0.0123 0.0349 0.0328 0.0101 0.0080 0.0095 0.0073 0.0216 0.0182 0.0117 0.0365 0.1698 0.0186 0.0333 0.0394 0.0670 0.0142 0.0347 0.0085 0.0264 0.0223 0.0071 0.2034 0.0141 
      H109.5  2 0.0277 0.0682 0.0097 0.0377 0.1098 0.0073 0.0220 0.0251 0.0096 0.1495 0.0047 0.0255 0.0140 0.0295 0.0219 0.0152 0.0466 0.0056 0.0142 0.0069 0.0067 0.0074 0.0044 0.0051 0.3158 0.0098 
      H109.6  2 0.0108 0.0198 0.0145 0.0207 0.0325 0.0120 0.0067 0.0219 0.0062 0.0169 0.0145 0.0300 0.0322 0.1975 0.0667 0.0271 0.1788 0.0772 0.0380 0.0157 0.0098 0.0136 0.0120 0.0095 0.0966 0.0187 
      H126.1  2 0.0054 0.0073 0.0066 0.1408 0.0817 0.1158 0.0110 0.0114 0.0260 0.0257 0.0052 0.0063 0.0904 0.0994 0.0089 0.0440 0.0045 0.0181 0.0568 0.0376 0.0270 0.0444 0.0069 0.0975 0.0138 0.0073 
      H126.2  2 0.0208 0.0134 0.0100 0.4831 0.0200 0.0711 0.0072 0.0045 0.0142 0.0230 0.0120 0.0284 0.0103 0.0819 0.0350 0.0112 0.0064 0.0062 0.0125 0.0189 0.0104 0.0347 0.0303 0.0220 0.0055 0.0069 
      H126.3  2 0.0042 0.0033 0.0030 0.4640 0.0043 0.0072 0.0172 0.0056 0.0059 0.0524 0.0129 0.0162 0.0170 0.0348 0.0044 0.0115 0.0035 0.0092 0.2718 0.0159 0.0070 0.0089 0.0050 0.0058 0.0051 0.0037 
      H126.4  2 0.0057 0.0056 0.0074 0.0106 0.0051 0.4021 0.0059 0.0077 0.0080 0.0071 0.0057 0.0092 0.0086 0.0464 0.0064 0.0079 0.0050 0.0078 0.0155 0.3736 0.0056 0.0174 0.0058 0.0090 0.0059 0.0047 
      H126.5  2 0.0604 0.0062 0.0093 0.2126 0.0580 0.0943 0.0050 0.0053 0.0268 0.0104 0.0066 0.0682 0.0186 0.0644 0.0049 0.0085 0.0054 0.0079 0.0595 0.0286 0.0637 0.1315 0.0058 0.0234 0.0078 0.0067 
      H126.6  2 0.0171 0.0050 0.0096 0.6817 0.0049 0.0121 0.0098 0.0035 0.0075 0.0330 0.0037 0.0438 0.0051 0.0099 0.0082 0.0049 0.0031 0.0034 0.0743 0.0033 0.0151 0.0061 0.0036 0.0214 0.0064 0.0038 
      H126.7  2 0.0874 0.0061 0.0230 0.0734 0.0067 0.0067 0.0252 0.0039 0.0078 0.1019 0.0116 0.2948 0.0064 0.0410 0.0091 0.0087 0.0068 0.0059 0.0266 0.0604 0.0181 0.0706 0.0029 0.0825 0.0068 0.0057 
      H130.1  2 0.0071 0.0216 0.0200 0.2279 0.1305 0.0959 0.0518 0.0136 0.0361 0.0134 0.0112 0.0064 0.0496 0.0418 0.0158 0.0239 0.0125 0.0292 0.0053 0.0157 0.0752 0.0119 0.0059 0.0096 0.0548 0.0132 
      H130.2  2 0.0194 0.0399 0.0567 0.0481 0.0104 0.0428 0.0190 0.0079 0.0300 0.0090 0.0399 0.0370 0.1000 0.0549 0.0313 0.0720 0.2095 0.0635 0.0051 0.0065 0.0164 0.0093 0.0079 0.0101 0.0293 0.0241 
      H130.3  2 0.0097 0.0037 0.0088 0.0194 0.0135 0.0121 0.0148 0.0114 0.0634 0.0161 0.0028 0.0162 0.0167 0.0302 0.0210 0.6107 0.0222 0.0103 0.0042 0.0386 0.0165 0.0080 0.0041 0.0069 0.0085 0.0101 
      H130.4  2 0.0050 0.0068 0.0269 0.0900 0.0236 0.1714 0.0274 0.0107 0.1383 0.0105 0.0247 0.0112 0.1182 0.0454 0.0226 0.0367 0.0230 0.0492 0.0061 0.0102 0.0277 0.0088 0.0155 0.0158 0.0470 0.0273 
      H130.5  2 0.0229 0.0082 0.0828 0.1689 0.0354 0.0437 0.0293 0.0176 0.0083 0.0101 0.0199 0.0412 0.1503 0.0381 0.0074 0.0962 0.0855 0.0132 0.0044 0.0062 0.0302 0.0073 0.0052 0.0150 0.0245 0.0282 
      H133.1  2 0.0048 0.0057 0.0070 0.0085 0.0077 0.0080 0.0062 0.0038 0.0079 0.0313 0.0055 0.0052 0.0086 0.0080 0.0085 0.0196 0.0060 0.0034 0.0049 0.0056 0.0042 0.0044 0.0096 0.0072 0.8037 0.0048 
      H133.2  2 0.0070 0.0105 0.0106 0.0254 0.0141 0.0091 0.0085 0.0057 0.0052 0.0077 0.0042 0.0036 0.0142 0.0081 0.0096 0.0065 0.0154 0.0060 0.0065 0.0050 0.0070 0.0035 0.0043 0.0125 0.7856 0.0046 
      H133.3  2 0.0059 0.0036 0.0087 0.0202 0.0085 0.0044 0.0107 0.0115 0.0056 0.0876 0.0067 0.0061 0.0170 0.0204 0.0073 0.0087 0.0095 0.0042 0.0054 0.0047 0.0045 0.0062 0.0163 0.0112 0.6990 0.0062 
      H133.4  2 0.0050 0.0175 0.0058 0.0056 0.0060 0.0045 0.0050 0.0046 0.0055 0.0087 0.0044 0.0057 0.0059 0.0064 0.0119 0.0058 0.0051 0.0051 0.0047 0.0043 0.0060 0.0032 0.0067 0.0061 0.8460 0.0046 
      H133.5  2 0.0061 0.0061 0.0151 0.0585 0.0038 0.0130 0.0119 0.0039 0.0075 0.0113 0.0059 0.0037 0.0103 0.0128 0.0063 0.0455 0.0100 0.0078 0.0041 0.0063 0.0063 0.0078 0.0056 0.0181 0.7079 0.0042 
      H133.6  2 0.0040 0.0048 0.0212 0.0268 0.0154 0.0232 0.0205 0.0110 0.0106 0.0341 0.0089 0.0074 0.0112 0.0310 0.0069 0.0301 0.0138 0.0106 0.0065 0.0063 0.0152 0.0076 0.0054 0.0185 0.6395 0.0096 
      H133.7  2 0.0054 0.0095 0.0107 0.0049 0.0092 0.0044 0.0059 0.0111 0.0042 0.0163 0.0081 0.0065 0.0107 0.0068 0.0121 0.0047 0.0051 0.0039 0.0055 0.0040 0.0042 0.0040 0.0150 0.0089 0.8081 0.0108 
      H133.8  2 0.0044 0.0086 0.0044 0.0185 0.0050 0.0066 0.0044 0.0050 0.0057 0.0116 0.0074 0.0043 0.0674 0.0119 0.0086 0.0113 0.0046 0.0029 0.0068 0.0035 0.0046 0.0121 0.0094 0.0213 0.7453 0.0043 
      H133.9  2 0.0056 0.0050 0.0078 0.0068 0.0079 0.0090 0.0061 0.0041 0.0100 0.0270 0.0079 0.0054 0.0094 0.0099 0.0083 0.0301 0.0064 0.0033 0.0037 0.0080 0.0081 0.0054 0.0153 0.0058 0.7794 0.0046 
      H147.1  2 0.7878 0.0098 0.0108 0.0070 0.0164 0.0085 0.0091 0.0121 0.0033 0.0091 0.0079 0.0063 0.0098 0.0098 0.0069 0.0053 0.0158 0.0039 0.0105 0.0038 0.0086 0.0036 0.0061 0.0117 0.0068 0.0095 
      H147.2  2 0.8399 0.0045 0.0125 0.0045 0.0058 0.0058 0.0049 0.0049 0.0037 0.0052 0.0039 0.0323 0.0061 0.0048 0.0040 0.0060 0.0072 0.0042 0.0071 0.0031 0.0059 0.0032 0.0034 0.0093 0.0046 0.0034 
      H147.3  2 0.8751 0.0034 0.0083 0.0053 0.0059 0.0046 0.0031 0.0047 0.0031 0.0037 0.0030 0.0093 0.0058 0.0057 0.0039 0.0050 0.0049 0.0027 0.0058 0.0038 0.0053 0.0043 0.0032 0.0111 0.0055 0.0035 
      H147.4  2 0.9131 0.0037 0.0038 0.0034 0.0034 0.0028 0.0033 0.0029 0.0029 0.0034 0.0037 0.0038 0.0038 0.0042 0.0031 0.0031 0.0061 0.0029 0.0031 0.0030 0.0029 0.0030 0.0053 0.0034 0.0033 0.0025 
      H147.5  2 0.7870 0.0074 0.0102 0.0095 0.0098 0.0061 0.0256 0.0099 0.0052 0.0065 0.0096 0.0111 0.0054 0.0123 0.0051 0.0054 0.0133 0.0057 0.0071 0.0155 0.0067 0.0056 0.0039 0.0074 0.0042 0.0047 
      H147.6  2 0.7855 0.0115 0.0177 0.0102 0.0079 0.0061 0.0230 0.0064 0.0049 0.0053 0.0069 0.0074 0.0049 0.0093 0.0048 0.0057 0.0227 0.0067 0.0099 0.0129 0.0053 0.0048 0.0036 0.0080 0.0046 0.0040 
      H147.7  2 0.8839 0.0085 0.0054 0.0037 0.0048 0.0039 0.0039 0.0042 0.0040 0.0046 0.0070 0.0059 0.0037 0.0053 0.0044 0.0036 0.0052 0.0026 0.0050 0.0057 0.0034 0.0034 0.0063 0.0041 0.0037 0.0038 
      H147.8  2 0.8291 0.0100 0.0054 0.0088 0.0029 0.0026 0.0166 0.0045 0.0034 0.0066 0.0093 0.0151 0.0034 0.0065 0.0062 0.0060 0.0165 0.0055 0.0058 0.0065 0.0033 0.0049 0.0100 0.0052 0.0034 0.0027 
      H147.9  2 0.8928 0.0044 0.0059 0.0046 0.0059 0.0033 0.0034 0.0039 0.0032 0.0037 0.0031 0.0098 0.0037 0.0044 0.0042 0.0035 0.0050 0.0029 0.0043 0.0029 0.0058 0.0033 0.0028 0.0063 0.0040 0.0027 
      H148.1  2 0.0177 0.0174 0.0125 0.0169 0.0099 0.5953 0.0118 0.0304 0.0060 0.0145 0.0164 0.0063 0.0194 0.0270 0.0165 0.0339 0.0212 0.0242 0.0231 0.0147 0.0085 0.0075 0.0246 0.0046 0.0062 0.0135 
      H148.2  2 0.0139 0.0100 0.0088 0.0401 0.0064 0.2509 0.0055 0.2780 0.0048 0.0106 0.0093 0.0075 0.0757 0.0417 0.0091 0.0474 0.0145 0.0297 0.0311 0.0172 0.0057 0.0056 0.0203 0.0184 0.0082 0.0295 
      H148.3  2 0.0313 0.0106 0.0103 0.0051 0.0120 0.0343 0.0121 0.1282 0.0061 0.0396 0.0092 0.0066 0.0353 0.1843 0.0129 0.0076 0.0118 0.0232 0.0191 0.0073 0.0077 0.0166 0.0502 0.0102 0.0055 0.3028 
      H148.4  2 0.0278 0.0124 0.0136 0.0111 0.0192 0.3547 0.0087 0.1017 0.0066 0.0169 0.0087 0.0091 0.0859 0.0300 0.0086 0.0293 0.0087 0.1195 0.0164 0.0152 0.0169 0.0091 0.0211 0.0126 0.0094 0.0269 
      H148.5  2 0.0097 0.0042 0.0078 0.0093 0.0053 0.0279 0.0187 0.3184 0.0071 0.0238 0.0079 0.0057 0.0285 0.0482 0.0078 0.0151 0.0550 0.1298 0.0241 0.0293 0.0129 0.0153 0.0207 0.0132 0.0048 0.1495 
      H148.6  2 0.0345 0.0098 0.0110 0.0135 0.0196 0.1610 0.0113 0.1897 0.0043 0.0157 0.0379 0.0099 0.0511 0.0254 0.0109 0.0296 0.0121 0.0398 0.0232 0.0093 0.0060 0.0065 0.0956 0.0117 0.0041 0.1565 
      H148.7  2 0.0097 0.0070 0.0106 0.0112 0.0071 0.0926 0.0132 0.2291 0.0072 0.0137 0.0091 0.0053 0.0549 0.0701 0.0209 0.0988 0.0142 0.1051 0.0218 0.1130 0.0116 0.0125 0.0162 0.0053 0.0085 0.0314 
      H148.8  2 0.0138 0.0058 0.0089 0.0081 0.0135 0.1226 0.0203 0.2695 0.0049 0.0116 0.0059 0.0047 0.1817 0.0255 0.0054 0.0286 0.0078 0.0274 0.0086 0.0343 0.0071 0.0066 0.0196 0.0128 0.0046 0.1403 
      H148.9  2 0.0150 0.0077 0.0120 0.0123 0.0067 0.1088 0.0053 0.0466 0.0120 0.0083 0.0164 0.0092 0.1485 0.0852 0.0340 0.0749 0.0141 0.0284 0.0860 0.0266 0.0083 0.0330 0.0574 0.0518 0.0058 0.0858 
   H166022.1  2 0.0289 0.0072 0.0042 0.0141 0.0131 0.0043 0.7709 0.0108 0.0033 0.0095 0.0255 0.0056 0.0068 0.0129 0.0058 0.0073 0.0131 0.0043 0.0072 0.0048 0.0088 0.0039 0.0092 0.0076 0.0052 0.0057 
   H166022.2  2 0.0607 0.0497 0.0555 0.0088 0.0125 0.0112 0.4684 0.0137 0.0098 0.0148 0.0310 0.0242 0.0135 0.0376 0.0175 0.0148 0.0365 0.0198 0.0091 0.0157 0.0248 0.0109 0.0121 0.0102 0.0057 0.0118 
   H166022.3  2 0.0070 0.0060 0.0101 0.0099 0.0065 0.0054 0.6698 0.0099 0.0048 0.0067 0.0991 0.0038 0.0104 0.0092 0.0122 0.0266 0.0079 0.0157 0.0036 0.0322 0.0129 0.0076 0.0040 0.0047 0.0035 0.0104 
   H166022.4  2 0.0088 0.0041 0.0123 0.0071 0.0052 0.0032 0.7943 0.0087 0.0068 0.0081 0.0110 0.0042 0.0044 0.0074 0.0063 0.0281 0.0079 0.0178 0.0048 0.0095 0.0133 0.0095 0.0038 0.0034 0.0053 0.0046 
   H166022.5  2 0.0083 0.0068 0.0122 0.0082 0.0143 0.0036 0.7710 0.0068 0.0113 0.0094 0.0118 0.0063 0.0055 0.0108 0.0066 0.0353 0.0190 0.0085 0.0054 0.0048 0.0112 0.0049 0.0043 0.0038 0.0044 0.0055 
   H166022.6  2 0.0261 0.0129 0.0146 0.0150 0.0124 0.0147 0.7004 0.0097 0.0064 0.0054 0.0210 0.0048 0.0114 0.0163 0.0299 0.0120 0.0113 0.0075 0.0063 0.0081 0.0145 0.0044 0.0141 0.0056 0.0095 0.0056 
   H166022.7  2 0.0063 0.0267 0.0054 0.0078 0.0067 0.0068 0.0045 0.0041 0.0043 0.0124 0.0036 0.0067 0.0041 0.0067 0.0042 0.0045 0.0063 0.8400 0.0048 0.0058 0.0040 0.0062 0.0056 0.0037 0.0051 0.0040 
   H166022.8  2 0.0727 0.0143 0.0738 0.0317 0.0367 0.0418 0.3094 0.0097 0.0155 0.0074 0.0309 0.0072 0.0172 0.0697 0.0114 0.0324 0.0727 0.0063 0.0089 0.0056 0.0831 0.0047 0.0061 0.0125 0.0119 0.0066 
   H167397.1  2 0.0837 0.0187 0.0159 0.0052 0.0311 0.0364 0.0612 0.0080 0.0048 0.1824 0.0047 0.0074 0.0079 0.0413 0.0071 0.0078 0.0255 0.0093 0.0140 0.0059 0.0049 0.0088 0.3790 0.0048 0.0125 0.0118 
   H167397.2  2 0.1982 0.0077 0.0088 0.0382 0.0080 0.1009 0.0113 0.0132 0.0080 0.0084 0.0284 0.0070 0.0186 0.0376 0.0087 0.0206 0.0130 0.0086 0.0097 0.0046 0.0053 0.0073 0.3813 0.0295 0.0094 0.0079 
   H167397.3  2 0.0684 0.0132 0.0047 0.0086 0.0324 0.0442 0.0201 0.0051 0.0078 0.1262 0.0074 0.0108 0.0064 0.0313 0.0078 0.0090 0.0147 0.0057 0.0247 0.0047 0.0041 0.0071 0.5027 0.0060 0.0127 0.0139 
   H167397.4  2 0.1010 0.0096 0.0073 0.0314 0.0044 0.0080 0.0134 0.0602 0.0093 0.0176 0.0153 0.0140 0.0277 0.0157 0.0387 0.0332 0.0123 0.0115 0.0170 0.0092 0.0044 0.0085 0.4816 0.0291 0.0069 0.0128 
   H167397.5  2 0.0765 0.0212 0.0295 0.0119 0.0150 0.0716 0.0189 0.0111 0.0061 0.0317 0.0115 0.0107 0.0097 0.0291 0.0071 0.0150 0.0151 0.0149 0.0074 0.0137 0.0068 0.0195 0.5185 0.0053 0.0099 0.0119 
   H167397.6  2 0.0217 0.0077 0.0053 0.0113 0.0107 0.0206 0.0134 0.0245 0.0128 0.1365 0.0074 0.0098 0.0188 0.0454 0.0105 0.0139 0.0058 0.0077 0.0763 0.0092 0.0051 0.0079 0.4702 0.0133 0.0252 0.0090 
   H167496.1  2 0.0043 0.0090 0.0170 0.0177 0.3122 0.0077 0.0848 0.1237 0.0205 0.0571 0.0215 0.0163 0.0124 0.0558 0.0150 0.0271 0.0104 0.0075 0.0130 0.0104 0.0111 0.0528 0.0080 0.0047 0.0333 0.0467 
   H167496.2  2 0.0104 0.0143 0.1132 0.0385 0.0480 0.0199 0.0139 0.0490 0.0122 0.1035 0.0064 0.0858 0.0188 0.0714 0.0372 0.0157 0.0229 0.0502 0.0596 0.0116 0.0652 0.0226 0.0088 0.0094 0.0323 0.0593 
