      H008.1  2 0.0173 0.0141 0.0113 0.9468 0.0105 
      H008.2  2 0.4391 0.0199 0.0632 0.2807 0.1971 
      H008.3  2 0.4231 0.0521 0.2263 0.2324 0.0661 
      H008.4  2 0.0206 0.0315 0.0196 0.8894 0.0389 
      H008.5  2 0.0269 0.0215 0.0298 0.9046 0.0173 
      H008.6  2 0.2928 0.0327 0.0238 0.5420 0.1087 
      H008.7  2 0.0674 0.0423 0.0620 0.7241 0.1041 
      H008.8  2 0.0907 0.0372 0.0259 0.7021 0.1442 
      H008.9  2 0.3387 0.0486 0.0312 0.0555 0.5260 
 H029.1_2002  2 0.0134 0.0172 0.0280 0.9008 0.0405 
 H029.1_2003  2 0.0600 0.0309 0.0612 0.7082 0.1397 
 H029.2_2002  2 0.0365 0.0194 0.0546 0.8578 0.0318 
 H029.2_2003  2 0.1353 0.0238 0.0670 0.6952 0.0788 
 H029.3_2002  2 0.0313 0.0242 0.2603 0.4264 0.2578 
 H029.3_2003  2 0.0156 0.0185 0.0455 0.8992 0.0212 
 H029.4_2002  2 0.0073 0.0122 0.0237 0.9345 0.0223 
 H029.4_2003  2 0.0308 0.0193 0.0571 0.6748 0.2180 
 H029.5_2002  2 0.0085 0.0198 0.0154 0.9419 0.0144 
 H029.5_2003  2 0.0199 0.0103 0.0151 0.9259 0.0288 
 H029.6_2002  2 0.0079 0.0172 0.1439 0.7548 0.0762 
 H029.6_2003  2 0.0845 0.0606 0.0470 0.7620 0.0459 
      H029.7  2 0.0175 0.0145 0.0183 0.9216 0.0280 
      H030.1  2 0.0427 0.0346 0.8697 0.0383 0.0146 
      H030.2  2 0.0346 0.0360 0.5918 0.2063 0.1312 
      H038.1  2 0.0105 0.0119 0.0171 0.9267 0.0337 
      H038.2  2 0.0118 0.0080 0.0161 0.9524 0.0116 
      H038.3  2 0.0116 0.0133 0.0105 0.9194 0.0452 
      H038.4  2 0.0100 0.0177 0.0115 0.9170 0.0438 
      H038.5  2 0.0122 0.0128 0.0317 0.8557 0.0876 
      H038.6  2 0.0138 0.0073 0.0219 0.9411 0.0160 
      H038.7  2 0.0110 0.0070 0.0085 0.9536 0.0199 
      H038.8  2 0.0091 0.0124 0.0192 0.8900 0.0693 
      H041.1  2 0.0197 0.1564 0.1481 0.5671 0.1087 
      H041.2  2 0.0157 0.2132 0.0659 0.5952 0.1101 
      H041.4  2 0.0185 0.0929 0.0404 0.7722 0.0760 
      H041.6  2 0.0238 0.1081 0.0660 0.7657 0.0365 
 H042.1_2002  2 0.0776 0.1658 0.6757 0.0572 0.0237 
 H042.1_2003  2 0.3372 0.1492 0.0480 0.2516 0.2141 
 H042.2_2002  2 0.0129 0.0157 0.0275 0.9245 0.0193 
 H042.2_2003  2 0.0374 0.5186 0.0317 0.3963 0.0161 
 H042.3_2002  2 0.0860 0.2867 0.4231 0.1578 0.0464 
 H042.3_2003  2 0.0550 0.1482 0.0799 0.6574 0.0595 
 H042.4_2002  2 0.0233 0.0971 0.7769 0.0571 0.0456 
 H042.4_2003  2 0.0387 0.1480 0.5826 0.2116 0.0192 
      H042.5  2 0.0205 0.0580 0.8843 0.0290 0.0082 
      H042.6  2 0.0311 0.0374 0.8017 0.1092 0.0206 
      H042.7  2 0.0167 0.6743 0.1774 0.1150 0.0167 
      H042.8  2 0.0338 0.1484 0.5988 0.1702 0.0489 
   H042_2002  2 0.0676 0.1165 0.0214 0.7311 0.0634 
   H042_2003  2 0.0754 0.0933 0.0179 0.7495 0.0639 
      H043.1  2 0.0247 0.0163 0.0219 0.0792 0.8580 
      H043.2  2 0.0494 0.0653 0.0125 0.1325 0.7404 
      H043.3  2 0.0322 0.0197 0.0137 0.7493 0.1852 
      H043.4  2 0.0597 0.0322 0.0200 0.4780 0.4102 
      H043.5  2 0.0182 0.0155 0.0095 0.1098 0.8470 
      H043.6  2 0.0184 0.0201 0.0137 0.3301 0.6177 
      H043.7  2 0.0948 0.0982 0.0152 0.2302 0.5616 
      H043.8  2 0.0516 0.0464 0.0328 0.0757 0.7934 
      H043.9  2 0.0246 0.0159 0.0294 0.3524 0.5777 
      H047.1  2 0.0232 0.0153 0.0073 0.9386 0.0156 
      H047.2  2 0.1247 0.0308 0.0456 0.7787 0.0203 
      H047.3  2 0.0530 0.0445 0.0371 0.8410 0.0244 
      H047.4  2 0.0315 0.1017 0.0290 0.8216 0.0162 
      H047.5  2 0.0235 0.0602 0.0144 0.8914 0.0105 
      H047.6  2 0.0619 0.0895 0.0331 0.7180 0.0975 
      H047.7  2 0.0119 0.0305 0.0096 0.9353 0.0127 
      H047.8  2 0.0770 0.0839 0.0234 0.7811 0.0345 
      H047.9  2 0.0232 0.0378 0.0116 0.9190 0.0084 
 H071.1_2002  2 0.0126 0.0112 0.0114 0.9560 0.0087 
 H071.1_2003  2 0.0514 0.0599 0.0591 0.8063 0.0232 
     H071.10  2 0.0077 0.0090 0.0173 0.9496 0.0163 
 H071.2_2002  2 0.0113 0.0092 0.0103 0.9569 0.0124 
 H071.2_2003  2 0.0079 0.0082 0.0097 0.9681 0.0060 
      H071.3  2 0.0104 0.0155 0.0173 0.9322 0.0245 
 H071.4_2002  2 0.0135 0.0127 0.0165 0.9278 0.0295 
 H071.4_2003  2 0.0092 0.0065 0.0080 0.9692 0.0070 
 H071.5_2002  2 0.0076 0.0083 0.0125 0.9623 0.0093 
 H071.5_2003  2 0.0201 0.0128 0.0137 0.9412 0.0122 
 H071.6_2002  2 0.0073 0.0067 0.0091 0.9662 0.0106 
 H071.6_2003  2 0.0119 0.0098 0.0155 0.9531 0.0097 
 H071.7_2002  2 0.0092 0.0067 0.0078 0.9684 0.0079 
 H071.7_2003  2 0.0189 0.0182 0.0189 0.9329 0.0112 
      H071.8  2 0.0108 0.0101 0.0102 0.9570 0.0119 
      H071.9  2 0.0137 0.0215 0.0222 0.7694 0.1732 
 H081.1_2002  2 0.0092 0.0088 0.0136 0.9615 0.0070 
 H081.1_2003  2 0.1052 0.0395 0.1862 0.1502 0.5188 
 H081.2_2002  2 0.0122 0.0134 0.0104 0.9557 0.0082 
 H081.2_2003  2 0.0384 0.0201 0.7787 0.0645 0.0984 
 H081.3_2002  2 0.0120 0.0195 0.0170 0.9359 0.0155 
 H081.3_2003  2 0.1120 0.0414 0.2725 0.0938 0.4802 
 H081.4_2002  2 0.0136 0.0120 0.0140 0.9525 0.0079 
 H081.4_2003  2 0.2110 0.0875 0.4872 0.0609 0.1534 
 H081.5_2002  2 0.0130 0.0104 0.0187 0.9486 0.0093 
 H081.5_2003  2 0.1426 0.2236 0.2522 0.2437 0.1379 
      H081.6  2 0.0107 0.0088 0.0171 0.9553 0.0081 
      H081.7  2 0.0114 0.0195 0.0182 0.9397 0.0111 
      H081.8  2 0.0142 0.0195 0.0779 0.8329 0.0557 
      H083.1  2 0.0106 0.0080 0.0458 0.9231 0.0125 
      H083.2  2 0.0103 0.0101 0.0296 0.9363 0.0136 
      H083.4  2 0.0087 0.0085 0.0390 0.9224 0.0213 
      H083.5  2 0.0117 0.0124 0.0337 0.9237 0.0184 
      H083.6  2 0.0104 0.0124 0.0469 0.9158 0.0144 
      H083.7  2 0.0114 0.0166 0.0327 0.9214 0.0179 
      H083.8  2 0.0129 0.0124 0.0152 0.9467 0.0128 
      H083.9  2 0.0092 0.0130 0.0420 0.9242 0.0116 
      H084.1  2 0.0183 0.0314 0.2189 0.0172 0.7142 
      H084.2  2 0.0190 0.0106 0.2325 0.0150 0.7228 
      H084.3  2 0.0280 0.0932 0.1136 0.0186 0.7466 
      H084.4  2 0.0250 0.0603 0.0420 0.0187 0.8540 
      H084.5  2 0.0237 0.0749 0.0925 0.0253 0.7836 
      H084.6  2 0.0135 0.0805 0.1099 0.0147 0.7814 
      H084.7  2 0.0252 0.0256 0.4056 0.0255 0.5181 
      H084.8  2 0.0186 0.1054 0.1047 0.0138 0.7574 
 H085.1_2002  2 0.0197 0.0332 0.3838 0.5248 0.0384 
 H085.1_2003  2 0.0135 0.0387 0.2161 0.6747 0.0570 
 H085.2_2002  2 0.0261 0.0868 0.6470 0.1515 0.0887 
 H085.2_2003  2 0.0272 0.0228 0.2700 0.6509 0.0291 
 H085.3_2002  2 0.0440 0.6176 0.1619 0.1539 0.0227 
 H085.3_2003  2 0.0255 0.0421 0.0588 0.8601 0.0136 
 H085.4_2002  2 0.0287 0.0677 0.1814 0.6646 0.0576 
 H085.4_2003  2 0.0232 0.0596 0.0683 0.8356 0.0134 
 H085.5_2002  2 0.0625 0.5260 0.0497 0.3356 0.0262 
 H085.5_2003  2 0.0159 0.0119 0.2068 0.7497 0.0156 
 H085.6_2002  2 0.0559 0.1164 0.4179 0.2612 0.1486 
 H085.6_2003  2 0.0963 0.6617 0.0203 0.2009 0.0209 
 H085.7_2002  2 0.0883 0.1440 0.5176 0.2214 0.0287 
 H085.7_2003  2 0.0165 0.0535 0.0233 0.8815 0.0252 
 H085.8_2002  2 0.0905 0.5693 0.0838 0.2074 0.0490 
 H085.8_2003  2 0.0319 0.0742 0.5358 0.3203 0.0379 
      H085.9  2 0.0316 0.1555 0.2165 0.5330 0.0633 
      H088.1  2 0.0521 0.0507 0.8353 0.0299 0.0320 
      H088.2  2 0.0320 0.0755 0.8444 0.0263 0.0218 
      H088.3  2 0.0381 0.0220 0.9020 0.0171 0.0207 
      H088.4  2 0.0295 0.0231 0.8821 0.0285 0.0368 
      H088.5  2 0.0208 0.0219 0.9184 0.0179 0.0209 
      H088.6  2 0.0266 0.0313 0.8687 0.0489 0.0245 
      H088.7  2 0.0301 0.0644 0.6375 0.1851 0.0829 
      H088.8  2 0.0521 0.0783 0.5711 0.1904 0.1081 
      H091.1  2 0.0223 0.0353 0.8570 0.0538 0.0317 
      H091.2  2 0.0210 0.0783 0.7214 0.1632 0.0161 
      H109.1  2 0.0248 0.0235 0.0594 0.0603 0.8320 
      H109.2  2 0.0340 0.0578 0.3316 0.2566 0.3201 
      H109.3  2 0.0645 0.0796 0.0997 0.2356 0.5206 
      H109.4  2 0.0383 0.0289 0.0362 0.0341 0.8625 
      H109.5  2 0.0280 0.3262 0.0587 0.5519 0.0353 
      H109.6  2 0.0754 0.0538 0.0863 0.1084 0.6760 
      H126.1  2 0.4945 0.1404 0.0235 0.1386 0.2030 
      H126.2  2 0.0679 0.0237 0.0195 0.8040 0.0849 
      H126.3  2 0.0176 0.0127 0.0121 0.9236 0.0340 
      H126.4  2 0.3390 0.0311 0.0322 0.4835 0.1142 
      H126.5  2 0.1567 0.0239 0.0121 0.7898 0.0175 
      H126.6  2 0.0116 0.0070 0.0101 0.9631 0.0082 
      H126.7  2 0.0120 0.0090 0.0116 0.9604 0.0069 
      H130.1  2 0.6605 0.1633 0.1159 0.0237 0.0366 
      H130.2  2 0.0762 0.0389 0.7952 0.0413 0.0485 
      H130.3  2 0.7490 0.0116 0.1779 0.0459 0.0155 
      H130.4  2 0.5429 0.0621 0.1628 0.0236 0.2086 
      H130.5  2 0.0681 0.0869 0.7585 0.0581 0.0284 
      H133.1  2 0.0958 0.0377 0.0738 0.0615 0.7312 
      H133.2  2 0.1001 0.0620 0.1009 0.0779 0.6591 
      H133.3  2 0.0325 0.0660 0.0508 0.0831 0.7676 
      H133.4  2 0.0465 0.0318 0.0225 0.0361 0.8631 
      H133.5  2 0.1674 0.0225 0.1548 0.0359 0.6194 
      H133.6  2 0.1739 0.0586 0.3832 0.0786 0.3058 
      H133.7  2 0.0207 0.3281 0.0187 0.0441 0.5883 
      H133.8  2 0.0543 0.0872 0.0264 0.0407 0.7914 
      H133.9  2 0.1350 0.0451 0.1037 0.0395 0.6766 
      H147.1  2 0.0134 0.3062 0.2794 0.3564 0.0446 
      H147.2  2 0.0166 0.0162 0.0296 0.9267 0.0109 
      H147.3  2 0.0204 0.0254 0.0253 0.9181 0.0108 
      H147.4  2 0.0187 0.0290 0.0799 0.8353 0.0370 
      H147.5  2 0.0255 0.0254 0.7159 0.2216 0.0116 
      H147.6  2 0.0256 0.0310 0.7667 0.1615 0.0151 
      H147.7  2 0.0206 0.0489 0.0590 0.8330 0.0385 
      H147.8  2 0.0101 0.0156 0.5074 0.4308 0.0360 
      H147.9  2 0.0185 0.0199 0.0488 0.9031 0.0097 
      H148.1  2 0.0655 0.0853 0.0853 0.0261 0.7378 
      H148.2  2 0.0350 0.1564 0.0406 0.0425 0.7255 
      H148.3  2 0.0179 0.8179 0.0215 0.0185 0.1242 
      H148.4  2 0.0878 0.2327 0.0304 0.0432 0.6059 
      H148.5  2 0.0671 0.4717 0.0760 0.0238 0.3615 
      H148.6  2 0.0244 0.2815 0.1010 0.0268 0.5664 
      H148.7  2 0.1149 0.2016 0.0381 0.0213 0.6241 
      H148.8  2 0.0286 0.8148 0.0281 0.0144 0.1141 
      H148.9  2 0.0658 0.1691 0.0396 0.0409 0.6847 
   H166022.1  2 0.0083 0.0139 0.9509 0.0158 0.0111 
   H166022.2  2 0.0287 0.0248 0.8768 0.0406 0.0292 
   H166022.3  2 0.0161 0.0136 0.9486 0.0083 0.0133 
   H166022.4  2 0.0170 0.0108 0.9501 0.0089 0.0132 
   H166022.5  2 0.0138 0.0108 0.9553 0.0109 0.0093 
   H166022.6  2 0.0232 0.0151 0.9311 0.0092 0.0213 
   H166022.7  2 0.0198 0.0079 0.0104 0.0133 0.9486 
   H166022.8  2 0.0626 0.0432 0.8596 0.0158 0.0188 
   H167397.1  2 0.0139 0.0482 0.0318 0.0428 0.8633 
   H167397.2  2 0.0311 0.0438 0.0475 0.0427 0.8350 
   H167397.3  2 0.0109 0.0189 0.0175 0.0501 0.9026 
   H167397.4  2 0.0147 0.0464 0.0266 0.0512 0.8610 
   H167397.5  2 0.0188 0.0263 0.0227 0.0247 0.9075 
   H167397.6  2 0.0170 0.0384 0.0162 0.0648 0.8636 
   H167496.1  2 0.1088 0.4260 0.3774 0.0537 0.0341 
   H167496.2  2 0.0722 0.2354 0.0312 0.4854 0.1759 
   H167496.3  2 0.1462 0.4573 0.3117 0.0707 0.0142 
   H167496.4  2 0.0120 0.0117 0.9400 0.0269 0.0094 
   H167496.6  2 0.0774 0.0292 0.8008 0.0723 0.0202 
   H167496.7  2 0.2869 0.5603 0.0914 0.0450 0.0164 
   H167496.8  2 0.0314 0.0583 0.7752 0.1129 0.0222 
   H167513.1  2 0.1721 0.0432 0.0764 0.0415 0.6669 
   H167513.2  2 0.1101 0.3944 0.0407 0.0443 0.4105 
   H167513.3  2 0.4470 0.0419 0.4288 0.0284 0.0538 
   H167513.4  2 0.0588 0.0807 0.5900 0.0257 0.2448 
   H167513.5  2 0.0385 0.1266 0.0478 0.0406 0.7464 
   H167513.6  2 0.1154 0.2015 0.2568 0.1229 0.3034 
   H167513.7  2 0.0936 0.0259 0.3107 0.0494 0.5204 
   H167513.8  2 0.1270 0.0277 0.0540 0.0339 0.7574 
   H167547.1  2 0.0694 0.8250 0.0364 0.0136 0.0557 
   H167547.2  2 0.0175 0.9071 0.0317 0.0193 0.0244 
   H167547.3  2 0.0192 0.9043 0.0387 0.0181 0.0197 
   H167547.4  2 0.1611 0.3200 0.4074 0.0145 0.0970 
   H167547.5  2 0.0154 0.8798 0.0680 0.0155 0.0212 
   H167547.6  2 0.0151 0.8876 0.0679 0.0129 0.0165 
   H167547.7  2 0.2423 0.4775 0.0659 0.0885 0.1259 
   H169750.1  2 0.5499 0.1029 0.1764 0.0481 0.1227 
   H169750.2  2 0.1709 0.1318 0.0653 0.2051 0.4268 
   H169750.3  2 0.3082 0.2639 0.2063 0.1492 0.0724 
   H169750.4  2 0.3709 0.0535 0.0208 0.0559 0.4990 
   H169750.5  2 0.1652 0.0866 0.3017 0.2073 0.2392 
   H169750.6  2 0.0723 0.0406 0.1150 0.6852 0.0870 
   H169750.7  2 0.4190 0.1486 0.0481 0.1853 0.1991 
   H171929.1  2 0.0286 0.2921 0.0185 0.0364 0.6244 
  H171929.10  2 0.0350 0.3776 0.1893 0.0815 0.3167 
  H171929.11  2 0.0453 0.3266 0.0287 0.0575 0.5419 
   H171929.2  2 0.0641 0.5485 0.0301 0.0192 0.3382 
   H171929.3  2 0.0370 0.3563 0.0433 0.0422 0.5212 
   H171929.4  2 0.1365 0.5314 0.2516 0.0549 0.0256 
   H171929.5  2 0.0534 0.1099 0.0423 0.0310 0.7634 
   H171929.6  2 0.0322 0.0466 0.0211 0.0150 0.8852 
   H171929.7  2 0.2297 0.5278 0.0332 0.1086 0.1006 
   H171929.8  2 0.1114 0.7204 0.0481 0.0407 0.0794 
   H171929.9  2 0.2060 0.2276 0.4125 0.1146 0.0392 
   H171930.1  2 0.2080 0.1023 0.1141 0.0753 0.5004 
   H171930.2  2 0.0792 0.1414 0.6490 0.0784 0.0520 
   H171930.3  2 0.1754 0.0780 0.0935 0.0419 0.6112 
   H171930.4  2 0.0995 0.0590 0.6849 0.0219 0.1346 
   H171930.5  2 0.2124 0.1441 0.1878 0.2741 0.1817 
   H171930.6  2 0.1316 0.0738 0.3759 0.3551 0.0636 
   H171930.7  2 0.1016 0.0252 0.0263 0.0201 0.8269 
   H171930.8  2 0.0918 0.0379 0.0481 0.0233 0.7989 
   H171933.1  2 0.0122 0.0185 0.9260 0.0125 0.0308 
   H171933.2  2 0.0111 0.0530 0.8294 0.0275 0.0790 
   H171933.3  2 0.0135 0.0534 0.9071 0.0092 0.0168 
   H171933.4  2 0.0501 0.0786 0.8525 0.0103 0.0086 
   H171933.5  2 0.2873 0.1907 0.4865 0.0120 0.0234 
   H171933.6  2 0.0103 0.0152 0.9261 0.0391 0.0093 
   H171933.7  2 0.0349 0.0297 0.8977 0.0242 0.0134 
   H171933.8  2 0.0348 0.0519 0.8644 0.0163 0.0326 
   H171933.9  2 0.0168 0.0163 0.9507 0.0090 0.0072 
      H190.1  2 0.5709 0.0883 0.2709 0.0491 0.0208 
      H190.2  2 0.0169 0.8330 0.0133 0.1227 0.0141 
      H190.3  2 0.0316 0.8596 0.0357 0.0534 0.0197 
      H190.4  2 0.0713 0.0804 0.8054 0.0176 0.0252 
      H190.5  2 0.0261 0.4502 0.0335 0.4681 0.0221 
      H190.6  2 0.0784 0.2301 0.6408 0.0211 0.0296 
      H190.7  2 0.0486 0.8370 0.0732 0.0214 0.0198 
      H190.8  2 0.0857 0.5738 0.0404 0.2775 0.0226 
      H190.9  2 0.0557 0.8062 0.0437 0.0295 0.0649 
      H400.1  2 0.0139 0.0093 0.9484 0.0140 0.0145 
      H400.2  2 0.0077 0.0095 0.9401 0.0273 0.0155 
      H400.3  2 0.0205 0.0187 0.9012 0.0274 0.0322 
      H400.4  2 0.0126 0.0172 0.9201 0.0363 0.0139 
      H400.5  2 0.0151 0.0137 0.9359 0.0199 0.0154 
      H400.6  2 0.0093 0.0122 0.9411 0.0275 0.0100 
      H400.7  2 0.0104 0.0143 0.9557 0.0107 0.0089 
 H428.1_2005  2 0.0191 0.0131 0.9156 0.0243 0.0278 
 H428.1_2006  2 0.0169 0.0147 0.9242 0.0339 0.0104 
 H428.2_2005  2 0.0123 0.0155 0.9352 0.0101 0.0269 
 H428.2_2006  2 0.0149 0.0123 0.9128 0.0480 0.0119 
 H428.3_2005  2 0.0092 0.0103 0.9590 0.0148 0.0068 
 H428.3_2006  2 0.0189 0.0125 0.8984 0.0558 0.0144 
 H428.4_2005  2 0.0120 0.0140 0.9556 0.0098 0.0086 
 H428.4_2006  2 0.0125 0.0107 0.9510 0.0177 0.0080 
 H428.5_2005  2 0.0084 0.0124 0.9322 0.0181 0.0290 
 H428.6_2005  2 0.0221 0.0134 0.9209 0.0318 0.0118 
 H428.6_2006  2 0.0169 0.0117 0.9230 0.0343 0.0141 
      H428.7  2 0.0083 0.0080 0.9645 0.0110 0.0082 
      H428.8  2 0.0135 0.0117 0.9371 0.0225 0.0152 
      H428.9  2 0.0084 0.0100 0.9469 0.0129 0.0218 
      H453.1  2 0.0197 0.0116 0.9153 0.0380 0.0153 
      H453.2  2 0.0167 0.0144 0.9400 0.0150 0.0139 
      H453.3  2 0.0153 0.0135 0.9505 0.0125 0.0082 
      H453.4  2 0.0118 0.0132 0.9491 0.0124 0.0136 
      H453.5  2 0.0165 0.0105 0.9323 0.0282 0.0125 
      H453.6  2 0.0086 0.0069 0.9585 0.0175 0.0085 
      H453.7  2 0.0495 0.2194 0.4709 0.2389 0.0214 
      H453.8  2 0.1236 0.1308 0.6354 0.0826 0.0276 
      H453.9  2 0.0294 0.0176 0.7610 0.1794 0.0125 
      H512.1  2 0.0295 0.0109 0.9370 0.0128 0.0097 
     H512.10  2 0.2673 0.0509 0.5021 0.0524 0.1274 
      H512.2  2 0.2358 0.1283 0.5545 0.0391 0.0423 
      H512.3  2 0.4832 0.0390 0.3302 0.0342 0.1134 
      H512.4  2 0.0564 0.0758 0.7384 0.0789 0.0504 
      H512.5  2 0.7746 0.0407 0.0716 0.0340 0.0791 
      H512.6  2 0.5124 0.1161 0.3031 0.0395 0.0289 
      H512.7  2 0.4672 0.0207 0.3459 0.0682 0.0980 
      H512.8  2 0.2258 0.3578 0.3315 0.0383 0.0465 
      H512.9  2 0.3415 0.0201 0.5148 0.0491 0.0745 
      H513.1  2 0.0071 0.0095 0.9488 0.0155 0.0191 
      H513.2  2 0.0085 0.0123 0.9449 0.0148 0.0196 
      H513.3  2 0.0111 0.0091 0.9602 0.0096 0.0100 
      H513.4  2 0.0133 0.0179 0.9249 0.0360 0.0080 
      H513.5  2 0.0116 0.0077 0.9557 0.0146 0.0104 
      H513.6  2 0.0274 0.0255 0.5899 0.0172 0.3400 
      H532.1  2 0.0211 0.0241 0.3551 0.5307 0.0690 
      H532.2  2 0.0143 0.0509 0.8895 0.0284 0.0169 
      H532.3  2 0.0341 0.0522 0.8679 0.0341 0.0118 
      H532.4  2 0.0457 0.0272 0.3415 0.5596 0.0260 
      H532.5  2 0.0154 0.0236 0.8607 0.0634 0.0369 
      H532.6  2 0.0293 0.0115 0.7683 0.1648 0.0261 
      H532.7  2 0.0183 0.0196 0.4243 0.5127 0.0251 
      H532.8  2 0.0243 0.0556 0.2938 0.5638 0.0625 
      H543.1  2 0.0098 0.0090 0.0207 0.0077 0.9528 
      H543.2  2 0.0112 0.0183 0.0633 0.0143 0.8929 
      H543.3  2 0.0123 0.0131 0.0288 0.0143 0.9315 
      H543.4  2 0.0106 0.0163 0.0121 0.0074 0.9537 
      H543.5  2 0.0074 0.0088 0.0095 0.0083 0.9660 
      H543.6  2 0.0096 0.0143 0.0236 0.0085 0.9440 
      H543.7  2 0.0087 0.0137 0.0078 0.0081 0.9617 
      H543.8  2 0.0128 0.0175 0.0412 0.0244 0.9040 
      H543.9  2 0.0090 0.0129 0.0202 0.0115 0.9464 
 H545.1_2005  2 0.0076 0.0051 0.0063 0.0077 0.9733 
 H545.1_2006  2 0.0088 0.0088 0.0095 0.0120 0.9608 
 H545.2_2005  2 0.0215 0.0150 0.0086 0.0161 0.9388 
 H545.2_2006  2 0.0085 0.0092 0.0107 0.0090 0.9626 
 H545.3_2005  2 0.0354 0.0251 0.0090 0.0110 0.9195 
 H545.3_2006  2 0.0064 0.0068 0.0074 0.0145 0.9649 
 H545.4_2005  2 0.0183 0.0288 0.0102 0.0180 0.9247 
 H545.4_2006  2 0.0138 0.0154 0.0084 0.0103 0.9521 
 H545.5_2005  2 0.0063 0.0062 0.0109 0.0118 0.9648 
 H545.5_2006  2 0.0191 0.0151 0.0171 0.0119 0.9368 
 H545.6_2005  2 0.0074 0.0056 0.0072 0.0071 0.9727 
 H545.6_2006  2 0.0112 0.0101 0.0095 0.0090 0.9601 
 H545.7_2005  2 0.0074 0.0069 0.0093 0.0102 0.9662 
 H545.7_2006  2 0.0079 0.0091 0.0084 0.0105 0.9641 
 H545.8_2005  2 0.0133 0.0189 0.0201 0.0184 0.9293 
 H545.8_2006  2 0.0072 0.0070 0.0100 0.0077 0.9682 
      H545.9  2 0.0149 0.0155 0.0103 0.0112 0.9481 
      H547.1  2 0.0441 0.0726 0.8615 0.0096 0.0123 
      H547.2  2 0.0134 0.3446 0.5858 0.0334 0.0228 
      H547.3  2 0.1473 0.3382 0.4750 0.0111 0.0284 
      H547.4  2 0.0586 0.4977 0.3749 0.0462 0.0226 
      H547.5  2 0.0233 0.5806 0.3790 0.0070 0.0100 
      H547.6  2 0.0188 0.0426 0.8834 0.0146 0.0407 
      H547.7  2 0.0935 0.2506 0.5868 0.0184 0.0507 
      H547.8  2 0.0341 0.1094 0.8296 0.0093 0.0176 
      H548.1  2 0.0113 0.0087 0.0078 0.0088 0.9634 
      H548.2  2 0.0170 0.0144 0.0121 0.0099 0.9467 
      H548.3  2 0.0097 0.0102 0.0099 0.0087 0.9615 
      H548.4  2 0.0275 0.0133 0.0131 0.0264 0.9198 
      H548.5  2 0.0086 0.0080 0.0067 0.0107 0.9660 
      H548.6  2 0.0140 0.0076 0.0068 0.0100 0.9616 
      H548.7  2 0.0088 0.0095 0.0089 0.0104 0.9624 
      H548.8  2 0.0112 0.0072 0.0097 0.0101 0.9617 
      H548.9  2 0.0136 0.0175 0.0145 0.0129 0.9416 
     H7389.1  2 0.0153 0.0174 0.9424 0.0122 0.0127 
     H7389.2  2 0.0113 0.0138 0.9271 0.0159 0.0319 
     H7389.3  2 0.0095 0.0184 0.9396 0.0170 0.0155 
     H7389.4  2 0.0139 0.0083 0.8870 0.0410 0.0497 
     H7389.5  2 0.0304 0.0071 0.8912 0.0277 0.0437 
     H7389.6  2 0.0118 0.0102 0.8939 0.0466 0.0375 
     H7389.7  2 0.0130 0.0179 0.8947 0.0278 0.0466 
     H7389.8  2 0.0306 0.0196 0.5695 0.0279 0.3525 
     H7389.9  2 0.0167 0.0094 0.8930 0.0233 0.0575 
      H747.1  2 0.4252 0.3209 0.1398 0.0760 0.0380 
      H747.2  2 0.7985 0.0632 0.0256 0.0344 0.0783 
      H747.3  2 0.8243 0.0443 0.0732 0.0245 0.0337 
      H747.4  2 0.6430 0.1820 0.0362 0.0764 0.0625 
      H747.5  2 0.8681 0.0336 0.0270 0.0272 0.0442 
      H747.6  2 0.1652 0.0751 0.0660 0.0218 0.6720 
      H747.7  2 0.8402 0.0415 0.0527 0.0168 0.0489 
     H7484.1  2 0.0359 0.0301 0.0808 0.8297 0.0236 
     H7484.2  2 0.0451 0.1300 0.0403 0.7461 0.0384 
     H7484.3  2 0.0969 0.1178 0.0354 0.7096 0.0403 
     H7484.4  2 0.0313 0.0302 0.0798 0.8403 0.0184 
     H7484.5  2 0.0374 0.0352 0.0582 0.8010 0.0682 
     H7484.6  2 0.6741 0.0726 0.0327 0.1842 0.0365 
     H7484.7  2 0.1499 0.0228 0.0551 0.7545 0.0176 
     H7484.8  2 0.0442 0.0361 0.2283 0.6707 0.0207 
     H7485.1  2 0.0112 0.0139 0.0144 0.0177 0.9428 
     H7485.2  2 0.0059 0.0075 0.0105 0.0139 0.9623 
     H7485.3  2 0.0068 0.0077 0.0074 0.0105 0.9676 
     H7485.4  2 0.0061 0.0067 0.0081 0.0105 0.9685 
     H7485.5  2 0.0115 0.0131 0.0102 0.0182 0.9470 
     H7485.6  2 0.0113 0.0159 0.0129 0.0235 0.9364 
     H7485.7  2 0.0101 0.0104 0.0088 0.0162 0.9544 
     H7496.1  2 0.0258 0.0765 0.8056 0.0821 0.0100 
    H7496.10  2 0.0104 0.0196 0.9224 0.0377 0.0099 
    H7496.11  2 0.0175 0.0139 0.0232 0.0397 0.9056 
     H7496.2  2 0.0252 0.0206 0.9023 0.0361 0.0158 
     H7496.3  2 0.0342 0.0774 0.3482 0.5156 0.0246 
     H7496.4  2 0.0172 0.0178 0.9252 0.0189 0.0209 
     H7496.5  2 0.0323 0.0362 0.8782 0.0377 0.0155 
     H7496.6  2 0.0621 0.0283 0.8677 0.0321 0.0098 
     H7496.7  2 0.0154 0.0148 0.9321 0.0266 0.0110 
     H7496.8  2 0.0563 0.1034 0.7049 0.0888 0.0466 
        UNK4  2 0.0478 0.0681 0.5002 0.0455 0.3384 
        UNK5  2 0.0162 0.0409 0.6127 0.1096 0.2206 
        UNK6  2 0.0253 0.0325 0.7913 0.0240 0.1270 
        UNK7  2 0.0135 0.0178 0.7190 0.0393 0.2104 
        UNK8  2 0.0156 0.0134 0.5502 0.0271 0.3937 
        UNK9  2 0.0235 0.0211 0.3326 0.1800 0.4427 
      H009.1  4 0.9407 0.0241 0.0104 0.0151 0.0097 
      H009.2  4 0.9470 0.0155 0.0151 0.0087 0.0137 
      H009.3  4 0.9308 0.0265 0.0121 0.0207 0.0099 
      H009.4  4 0.9376 0.0188 0.0134 0.0157 0.0145 
      H009.5  4 0.9231 0.0178 0.0125 0.0131 0.0334 
      H009.6  4 0.8784 0.0659 0.0153 0.0262 0.0142 
      H046.4  4 0.3805 0.0770 0.1213 0.3079 0.1134 
      H046.8  4 0.2510 0.4917 0.0368 0.1298 0.0907 
 H076.1_2002  4 0.0117 0.9546 0.0128 0.0089 0.0119 
 H076.1_2003  4 0.0100 0.9595 0.0081 0.0082 0.0141 
 H076.1_2004  4 0.0100 0.9598 0.0086 0.0106 0.0111 
 H076.2_2002  4 0.0111 0.9546 0.0149 0.0082 0.0111 
 H076.2_2003  4 0.0131 0.9540 0.0079 0.0091 0.0158 
 H076.2_2004  4 0.0504 0.8946 0.0227 0.0179 0.0144 
 H076.3_2002  4 0.5027 0.4126 0.0251 0.0394 0.0201 
 H076.3_2003  4 0.0125 0.9274 0.0140 0.0113 0.0348 
 H076.3_2004  4 0.0083 0.9496 0.0119 0.0126 0.0176 
 H076.4_2002  4 0.0371 0.8784 0.0253 0.0352 0.0240 
 H076.4_2003  4 0.0314 0.9261 0.0122 0.0115 0.0188 
 H076.4_2004  4 0.2170 0.6998 0.0397 0.0184 0.0251 
 H076.5_2002  4 0.0132 0.9387 0.0264 0.0124 0.0093 
 H076.5_2003  4 0.0201 0.8527 0.0136 0.0137 0.0999 
 H076.5_2004  4 0.0242 0.8968 0.0346 0.0229 0.0215 
 H076.6_2002  4 0.0084 0.9480 0.0091 0.0195 0.0150 
 H076.6_2003  4 0.0114 0.9404 0.0193 0.0083 0.0206 
 H076.6_2004  4 0.0154 0.9459 0.0103 0.0133 0.0151 
 H076.7_2002  4 0.2512 0.6043 0.0678 0.0403 0.0365 
 H076.7_2003  4 0.0567 0.8485 0.0351 0.0177 0.0420 
 H076.7_2004  4 0.0299 0.9269 0.0124 0.0132 0.0175 
      H477.1  4 0.6326 0.0223 0.2988 0.0147 0.0315 
      H477.2  4 0.7689 0.0729 0.1062 0.0248 0.0272 
      H477.3  4 0.6486 0.0131 0.1828 0.0718 0.0837 
      H477.4  4 0.4926 0.0195 0.2110 0.0242 0.2527 
      H477.5  4 0.7085 0.0465 0.0793 0.0314 0.1343 
      H477.6  4 0.7625 0.0218 0.0509 0.0463 0.1185 
      H477.7  4 0.2748 0.0174 0.2259 0.0165 0.4654 
 H479.1_2005  4 0.0691 0.0113 0.1093 0.7878 0.0223 
 H479.1_2006  4 0.4365 0.2716 0.0286 0.2046 0.0588 
     H479.10  4 0.0650 0.0413 0.0289 0.8147 0.0501 
 H479.2_2005  4 0.0587 0.0451 0.0992 0.7540 0.0429 
 H479.2_2006  4 0.6773 0.0109 0.0853 0.1921 0.0343 
 H479.3_2005  4 0.1224 0.0350 0.1881 0.6345 0.0200 
 H479.3_2006  4 0.1621 0.0824 0.4798 0.2531 0.0226 
 H479.4_2005  4 0.2125 0.0292 0.0658 0.6266 0.0659 
 H479.4_2006  4 0.0549 0.0157 0.0886 0.8178 0.0230 
 H479.5_2005  4 0.0305 0.0247 0.0241 0.8967 0.0239 
 H479.5_2006  4 0.2221 0.0187 0.0985 0.6392 0.0215 
 H479.6_2005  4 0.1502 0.2221 0.0715 0.3127 0.2436 
 H479.6_2006  4 0.0236 0.0096 0.1908 0.7406 0.0355 
 H479.7_2005  4 0.0443 0.0340 0.6242 0.2328 0.0648 
 H479.7_2006  4 0.1173 0.0351 0.3235 0.4573 0.0667 
 H479.8_2005  4 0.0339 0.0132 0.7320 0.1907 0.0301 
 H479.8_2006  4 0.1347 0.0475 0.0097 0.7148 0.0932 
      H479.9  4 0.7119 0.0678 0.0174 0.1803 0.0226 
      H516.1  4 0.4892 0.4257 0.0291 0.0267 0.0293 
      H516.2  4 0.9348 0.0114 0.0137 0.0212 0.0189 
      H516.3  4 0.9356 0.0264 0.0112 0.0149 0.0120 
      H516.4  4 0.9162 0.0306 0.0120 0.0221 0.0192 
      H516.5  4 0.8004 0.1306 0.0229 0.0202 0.0259 
      H516.6  4 0.9551 0.0093 0.0081 0.0115 0.0160 
      H516.7  4 0.8477 0.0602 0.0327 0.0404 0.0191 
      H516.8  4 0.8970 0.0525 0.0120 0.0171 0.0214 
      H516.9  4 0.8847 0.0320 0.0201 0.0497 0.0135 
      H646.1  4 0.7628 0.1937 0.0198 0.0136 0.0101 
      H646.2  4 0.6748 0.2801 0.0205 0.0109 0.0137 
      H646.3  4 0.8893 0.0737 0.0095 0.0171 0.0104 
      H646.4  4 0.3927 0.5053 0.0672 0.0213 0.0134 
      H646.5  4 0.6953 0.2280 0.0285 0.0382 0.0100 
      H658.1  4 0.9268 0.0185 0.0097 0.0119 0.0331 
     H658.10  4 0.9489 0.0103 0.0182 0.0086 0.0140 
      H658.2  4 0.9219 0.0253 0.0135 0.0118 0.0274 
      H658.3  4 0.9198 0.0147 0.0170 0.0271 0.0214 
      H658.4  4 0.9197 0.0169 0.0183 0.0271 0.0180 
      H658.5  4 0.9551 0.0100 0.0130 0.0137 0.0081 
      H658.6  4 0.9387 0.0211 0.0127 0.0156 0.0119 
      H658.7  4 0.8747 0.0487 0.0200 0.0242 0.0325 
      H658.8  4 0.8662 0.0630 0.0130 0.0126 0.0453 
      H658.9  4 0.9162 0.0313 0.0122 0.0222 0.0180 
      H682.1  4 0.1037 0.0984 0.1119 0.6451 0.0409 
      H682.6  4 0.3143 0.2187 0.1320 0.2945 0.0406 
      H720.1  4 0.0728 0.2780 0.5289 0.1007 0.0197 
      H720.2  4 0.1997 0.2110 0.4766 0.0905 0.0223 
      H720.3  4 0.0351 0.7081 0.0388 0.1938 0.0243 
      H720.4  4 0.4868 0.0997 0.0719 0.3013 0.0404 
      H720.5  4 0.0278 0.4220 0.0440 0.3945 0.1117 
      H720.6  4 0.0312 0.4189 0.0407 0.4081 0.1010 
      H720.7  4 0.1252 0.0462 0.7264 0.0727 0.0295 
      H720.8  4 0.0163 0.4192 0.1510 0.3986 0.0149 
      H720.9  4 0.1687 0.0703 0.0251 0.7146 0.0213 
      H724.1  4 0.0151 0.9384 0.0099 0.0187 0.0179 
      H724.2  4 0.0186 0.8815 0.0376 0.0285 0.0338 
      H724.3  4 0.2253 0.2673 0.1163 0.3719 0.0191 
      H724.4  4 0.0352 0.8480 0.0144 0.0833 0.0190 
      H724.5  4 0.1733 0.1316 0.0638 0.6193 0.0120 
      H724.6  4 0.0183 0.8911 0.0204 0.0275 0.0427 
      H725.1  4 0.1649 0.0839 0.0242 0.7077 0.0193 
      H725.2  4 0.6847 0.0513 0.1634 0.0530 0.0476 
      H725.3  4 0.7395 0.0241 0.0590 0.0787 0.0988 
      H725.4  4 0.1562 0.0877 0.2186 0.3088 0.2288 
      H725.5  4 0.1758 0.0445 0.7323 0.0218 0.0256 
      H725.6  4 0.8194 0.0634 0.0201 0.0557 0.0414 
      H725.7  4 0.2477 0.0716 0.0230 0.6305 0.0273 
      H725.8  4 0.4822 0.0410 0.0185 0.0744 0.3839 
      H726.1  4 0.9578 0.0131 0.0100 0.0087 0.0104 
      H726.2  4 0.9162 0.0213 0.0297 0.0198 0.0131 
      H726.3  4 0.8932 0.0494 0.0253 0.0110 0.0211 
      H726.4  4 0.9513 0.0129 0.0080 0.0115 0.0163 
      H726.5  4 0.9349 0.0175 0.0126 0.0231 0.0120 
        UNK1  4 0.4058 0.0622 0.3586 0.0726 0.1008 
        UNK2  4 0.5138 0.0386 0.0254 0.3954 0.0268 
        UNK3  4 0.6728 0.0563 0.2035 0.0408 0.0265 
      H016.1  5 0.0309 0.0244 0.0390 0.0749 0.8308 
      H016.2  5 0.0174 0.0173 0.0168 0.6717 0.2768 
      H016.3  5 0.2466 0.3965 0.0277 0.0466 0.2826 
      H016.4  5 0.0140 0.0191 0.0330 0.7107 0.2232 
 H017.1_2002  5 0.3461 0.5701 0.0401 0.0143 0.0294 
 H017.1_2003  5 0.3852 0.0213 0.1172 0.0248 0.4515 
 H017.2_2002  5 0.0453 0.8715 0.0216 0.0384 0.0233 
 H017.2_2003  5 0.9237 0.0151 0.0160 0.0166 0.0286 
 H017.3_2002  5 0.1038 0.0568 0.0271 0.0214 0.7908 
 H017.3_2003  5 0.3586 0.3880 0.0770 0.0124 0.1639 
 H017.4_2002  5 0.0795 0.2432 0.0773 0.0630 0.5370 
 H017.4_2003  5 0.8077 0.0171 0.0077 0.0155 0.1520 
 H017.5_2002  5 0.0500 0.0239 0.0104 0.0161 0.8996 
 H017.5_2003  5 0.9233 0.0212 0.0115 0.0122 0.0317 
 H017.6_2002  5 0.0206 0.8334 0.0814 0.0159 0.0487 
 H017.6_2003  5 0.8745 0.0786 0.0230 0.0127 0.0112 
 H017.7_2002  5 0.0475 0.4358 0.0593 0.0422 0.4154 
 H017.7_2003  5 0.9528 0.0090 0.0114 0.0100 0.0168 
      H017.8  5 0.4687 0.2961 0.0278 0.0448 0.1626 
      H017.9  5 0.1221 0.3109 0.0646 0.0455 0.4569 
      H032.1  5 0.8882 0.0159 0.0156 0.0105 0.0698 
      H032.2  5 0.8471 0.0110 0.0152 0.0172 0.1096 
      H032.3  5 0.9094 0.0140 0.0198 0.0271 0.0297 
      H032.4  5 0.9240 0.0137 0.0074 0.0139 0.0410 
      H032.5  5 0.9351 0.0167 0.0112 0.0150 0.0220 
      H032.6  5 0.9370 0.0172 0.0135 0.0150 0.0173 
      H032.7  5 0.7466 0.0325 0.0372 0.0117 0.1720 
 H034.1_2002  5 0.2170 0.6804 0.0148 0.0341 0.0536 
 H034.1_2003  5 0.4393 0.4937 0.0220 0.0176 0.0274 
 H034.2_2002  5 0.5134 0.2141 0.0239 0.0711 0.1774 
 H034.2_2003  5 0.3197 0.5727 0.0638 0.0230 0.0208 
 H034.3_2002  5 0.2295 0.3575 0.0333 0.0715 0.3082 
 H034.3_2003  5 0.2955 0.6220 0.0489 0.0147 0.0188 
 H034.4_2002  5 0.0333 0.7785 0.0286 0.0675 0.0920 
 H034.4_2003  5 0.8343 0.1096 0.0171 0.0118 0.0271 
 H034.5_2002  5 0.1895 0.4914 0.0158 0.0167 0.2866 
 H034.5_2003  5 0.5125 0.1969 0.0319 0.0205 0.2382 
 H034.6_2002  5 0.1704 0.3904 0.0241 0.0497 0.3654 
 H034.6_2003  5 0.8400 0.0703 0.0290 0.0126 0.0480 
 H034.7_2002  5 0.6060 0.3118 0.0223 0.0258 0.0340 
 H034.7_2003  5 0.7897 0.0562 0.0197 0.0145 0.1200 
 H034.8_2002  5 0.0582 0.8670 0.0207 0.0194 0.0347 
 H034.8_2003  5 0.6635 0.1309 0.0153 0.0173 0.1729 
      H034.9  5 0.3090 0.3609 0.0486 0.1240 0.1576 
      H048.1  5 0.7895 0.0175 0.0287 0.1222 0.0421 
      H048.2  5 0.4090 0.0658 0.0998 0.3682 0.0572 
      H048.3  5 0.2820 0.3795 0.1226 0.1086 0.1072 
      H048.4  5 0.3680 0.1845 0.0437 0.3059 0.0979 
      H048.5  5 0.5188 0.0190 0.0466 0.3630 0.0525 
      H048.6  5 0.2812 0.2538 0.0325 0.3675 0.0650 
      H048.7  5 0.5562 0.0218 0.0205 0.2969 0.1046 
      H048.8  5 0.5978 0.1174 0.0133 0.1724 0.0991 
      H060.1  5 0.2152 0.0495 0.0396 0.0745 0.6211 
     H060.10  5 0.7168 0.0749 0.0132 0.0175 0.1777 
      H060.2  5 0.6944 0.0884 0.0253 0.0351 0.1568 
      H060.3  5 0.5855 0.1976 0.0117 0.0313 0.1738 
      H060.4  5 0.3115 0.0519 0.0533 0.0254 0.5579 
      H060.5  5 0.1661 0.0472 0.0207 0.0380 0.7281 
      H060.6  5 0.1495 0.0424 0.0167 0.0337 0.7576 
      H060.7  5 0.3252 0.3724 0.0585 0.0478 0.1960 
      H060.8  5 0.5751 0.0914 0.0363 0.0428 0.2544 
      H060.9  5 0.4037 0.0398 0.0189 0.0315 0.5060 
 H070.1_2002  5 0.1037 0.1390 0.4899 0.1250 0.1423 
 H070.1_2003  5 0.7234 0.0454 0.0205 0.1401 0.0706 
 H070.1_2004  5 0.0496 0.9007 0.0122 0.0189 0.0186 
 H070.2_2002  5 0.2383 0.3586 0.3263 0.0333 0.0435 
 H070.2_2003  5 0.5476 0.1318 0.0764 0.0534 0.1908 
 H070.2_2004  5 0.1342 0.8293 0.0100 0.0132 0.0132 
 H070.3_2002  5 0.3646 0.1053 0.0701 0.3908 0.0692 
 H070.3_2003  5 0.9240 0.0284 0.0112 0.0160 0.0204 
 H070.3_2004  5 0.6195 0.2095 0.0332 0.0529 0.0850 
 H070.4_2002  5 0.6342 0.2500 0.0530 0.0446 0.0182 
 H070.4_2003  5 0.7806 0.0648 0.0255 0.0536 0.0755 
 H070.4_2004  5 0.3548 0.3357 0.0584 0.2178 0.0334 
 H070.5_2002  5 0.0698 0.0226 0.0385 0.7912 0.0779 
 H070.5_2003  5 0.8653 0.0352 0.0127 0.0511 0.0356 
 H070.5_2004  5 0.1380 0.7545 0.0172 0.0503 0.0400 
 H070.6_2002  5 0.4934 0.0257 0.1311 0.2910 0.0589 
 H070.6_2003  5 0.6006 0.3417 0.0276 0.0127 0.0174 
 H070.6_2004  5 0.2627 0.5624 0.0417 0.1083 0.0248 
      H077.1  5 0.5337 0.2997 0.0134 0.0987 0.0545 
      H077.2  5 0.6965 0.0309 0.0119 0.1276 0.1332 
      H077.3  5 0.1958 0.7122 0.0229 0.0382 0.0308 
      H077.4  5 0.7557 0.1464 0.0246 0.0260 0.0474 
      H077.5  5 0.3133 0.1817 0.0151 0.0501 0.4397 
      H077.6  5 0.8341 0.0183 0.0114 0.0242 0.1120 
      H097.1  5 0.0756 0.6995 0.0582 0.1309 0.0358 
      H097.2  5 0.0314 0.4598 0.4417 0.0222 0.0450 
      H097.3  5 0.1627 0.6837 0.0741 0.0506 0.0289 
      H097.4  5 0.1862 0.3859 0.3545 0.0617 0.0118 
      H097.5  5 0.6683 0.1953 0.0910 0.0295 0.0159 
      H097.6  5 0.0467 0.3680 0.4687 0.0770 0.0397 
      H097.7  5 0.1121 0.5417 0.2434 0.0791 0.0238 
      H124.1  5 0.1584 0.0923 0.0289 0.7016 0.0188 
      H124.2  5 0.1753 0.0423 0.0700 0.1750 0.5373 
      H124.3  5 0.0355 0.0190 0.0280 0.6289 0.2886 
      H124.4  5 0.2849 0.0677 0.1241 0.2070 0.3163 
      H124.5  5 0.0926 0.0692 0.0233 0.5102 0.3047 
      H132.1  5 0.0515 0.2275 0.0160 0.6770 0.0279 
      H132.2  5 0.0269 0.3195 0.0121 0.6059 0.0356 
      H132.3  5 0.0716 0.2529 0.0195 0.5335 0.1225 
      H132.4  5 0.0475 0.2574 0.0165 0.6641 0.0145 
      H132.5  5 0.0445 0.3001 0.0257 0.4895 0.1402 
      H132.6  5 0.0261 0.2203 0.0182 0.6286 0.1067 
      H132.7  5 0.1012 0.0638 0.0917 0.6088 0.1344 
      H155.1  5 0.0105 0.0125 0.0104 0.9445 0.0221 
      H155.2  5 0.0285 0.0270 0.0174 0.9057 0.0214 
      H155.3  5 0.0147 0.0110 0.0257 0.9373 0.0114 
      H155.4  5 0.0084 0.0114 0.0110 0.9474 0.0220 
      H155.5  5 0.0141 0.0176 0.0123 0.9324 0.0235 
      H155.6  5 0.0348 0.0163 0.0509 0.7751 0.1229 
      H155.7  5 0.0105 0.0160 0.0102 0.9488 0.0145 
      H155.8  5 0.0143 0.0146 0.0275 0.9112 0.0324 
      H155.9  5 0.0295 0.0152 0.0205 0.9072 0.0275 
      H169.1  5 0.8943 0.0302 0.0217 0.0125 0.0413 
      H169.2  5 0.7735 0.0956 0.0285 0.0126 0.0898 
      H169.3  5 0.8270 0.1088 0.0353 0.0096 0.0193 
      H169.4  5 0.7740 0.0467 0.0330 0.0155 0.1307 
      H169.5  5 0.7589 0.0494 0.0290 0.0153 0.1474 
      H169.6  5 0.6453 0.0419 0.0430 0.0157 0.2540 
      H457.1  5 0.0718 0.1037 0.7372 0.0699 0.0173 
      H457.2  5 0.0915 0.0260 0.7671 0.0981 0.0173 
      H457.3  5 0.0422 0.0162 0.9200 0.0114 0.0102 
      H457.4  5 0.1014 0.2058 0.6126 0.0412 0.0391 
      H457.5  5 0.5825 0.0687 0.1003 0.0886 0.1599 
      H457.6  5 0.3415 0.0602 0.4107 0.1531 0.0344 
      H457.7  5 0.5067 0.1780 0.2465 0.0382 0.0305 
      H457.8  5 0.5447 0.0177 0.3007 0.0474 0.0895 
      H462.1  5 0.1243 0.0853 0.1302 0.5841 0.0759 
      H462.2  5 0.0684 0.1368 0.0652 0.7086 0.0210 
      H462.3  5 0.1523 0.0358 0.2071 0.4932 0.1116 
      H462.4  5 0.3317 0.3708 0.0426 0.1967 0.0581 
      H462.5  5 0.1162 0.4757 0.0528 0.3049 0.0504 
      H462.6  5 0.5133 0.1197 0.0414 0.2945 0.0311 
      H462.7  5 0.1808 0.0309 0.4879 0.2600 0.0404 
      H462.8  5 0.5738 0.2996 0.0194 0.0887 0.0185 
      H462.9  5 0.2654 0.0676 0.1609 0.4149 0.0913 
      H481.1  5 0.5371 0.4157 0.0135 0.0127 0.0210 
      H481.2  5 0.1620 0.6311 0.0196 0.1128 0.0745 
      H481.3  5 0.5491 0.3311 0.0140 0.0703 0.0355 
      H481.4  5 0.2261 0.4611 0.0233 0.1182 0.1712 
      H481.5  5 0.3932 0.4888 0.0168 0.0677 0.0334 
      H481.6  5 0.5368 0.2130 0.1614 0.0752 0.0136 
      H481.7  5 0.4886 0.3213 0.0828 0.0860 0.0214 
      H481.8  5 0.4311 0.3817 0.1461 0.0313 0.0098 
      H509.1  5 0.3084 0.1077 0.0795 0.0314 0.4730 
      H509.2  5 0.5033 0.1287 0.2963 0.0502 0.0215 
      H509.3  5 0.4784 0.0410 0.4313 0.0338 0.0154 
      H509.4  5 0.1485 0.1392 0.6308 0.0485 0.0329 
      H509.5  5 0.1291 0.0423 0.1390 0.6618 0.0279 
      H509.6  5 0.1334 0.1423 0.0948 0.1602 0.4693 
      H509.7  5 0.2731 0.0772 0.5098 0.1150 0.0249 
      H567.1  5 0.2297 0.0169 0.7172 0.0186 0.0177 
      H567.2  5 0.1602 0.1430 0.0947 0.5882 0.0140 
      H567.3  5 0.3138 0.2419 0.1840 0.2431 0.0172 
      H567.4  5 0.0389 0.0189 0.9069 0.0124 0.0229 
      H567.5  5 0.1735 0.0191 0.7715 0.0208 0.0151 
      H567.6  5 0.2108 0.0173 0.7149 0.0125 0.0444 
      H567.7  5 0.1390 0.0519 0.3338 0.4548 0.0205 
      H567.8  5 0.2444 0.0354 0.6591 0.0372 0.0239 
      H608.1  5 0.2372 0.2434 0.1076 0.2917 0.1201 
      H608.2  5 0.2287 0.0970 0.0473 0.5187 0.1083 
      H608.3  5 0.2201 0.0463 0.0506 0.5261 0.1568 
      H608.4  5 0.9224 0.0172 0.0213 0.0243 0.0148 
      H608.5  5 0.5402 0.0332 0.0821 0.2027 0.1418 
      H608.6  5 0.5310 0.0537 0.0344 0.1724 0.2085 
      H608.7  5 0.6848 0.0332 0.0747 0.1301 0.0772 
      H608.8  5 0.4518 0.0200 0.1049 0.1710 0.2523 
      H615.1  5 0.0683 0.0197 0.0114 0.0121 0.8885 
      H615.2  5 0.2628 0.0394 0.0675 0.0505 0.5799 
      H615.3  5 0.7398 0.2049 0.0275 0.0133 0.0145 
      H615.4  5 0.6223 0.2150 0.0668 0.0612 0.0348 
      H615.5  5 0.3715 0.2180 0.0299 0.0304 0.3502 
      H615.6  5 0.5209 0.3997 0.0141 0.0169 0.0485 
      H635.1  5 0.0539 0.8320 0.0225 0.0725 0.0191 
      H635.2  5 0.2530 0.3129 0.2787 0.0768 0.0785 
      H635.3  5 0.0617 0.3137 0.0530 0.5482 0.0234 
      H635.4  5 0.0705 0.2801 0.0278 0.5565 0.0651 
      H635.5  5 0.0681 0.7749 0.0360 0.0963 0.0247 
      H635.6  5 0.0452 0.9029 0.0149 0.0190 0.0180 
      H635.7  5 0.0532 0.6407 0.0301 0.2478 0.0283 
      H635.8  5 0.0884 0.1744 0.3818 0.3084 0.0471 
      H635.9  5 0.5284 0.2869 0.0650 0.0965 0.0232 
      H728.1  5 0.2050 0.0188 0.0120 0.0444 0.7199 
      H728.2  5 0.0852 0.0276 0.0304 0.0328 0.8240 
      H728.3  5 0.0656 0.0112 0.0193 0.0143 0.8896 
      H728.4  5 0.0176 0.0134 0.0182 0.0138 0.9371 
      H728.5  5 0.0306 0.0129 0.0204 0.0140 0.9221 
      H728.6  5 0.0183 0.0144 0.0140 0.0104 0.9429 
      H728.7  5 0.3165 0.1093 0.2344 0.0786 0.2612 
 H7395.1_200  5 0.0493 0.4537 0.0680 0.1716 0.2574 
 H7395.1_200  5 0.0348 0.0133 0.0419 0.0152 0.8948 
     H7395.2  5 0.0185 0.0096 0.0143 0.0098 0.9478 
     H7395.3  5 0.0185 0.0132 0.0192 0.0380 0.9111 
     H7395.4  5 0.0654 0.0144 0.0132 0.0557 0.8513 
     H7395.5  5 0.0123 0.0091 0.0228 0.0281 0.9277 
     H7395.6  5 0.0307 0.0094 0.0134 0.0533 0.8932 
     H7395.7  5 0.1172 0.0234 0.0309 0.0649 0.7637 
     H7395.8  5 0.0186 0.0308 0.0290 0.0187 0.9029 
     H7395.9  5 0.0298 0.0223 0.0345 0.0319 0.8815 
      H742.1  5 0.2701 0.1266 0.0155 0.5736 0.0141 
      H742.2  5 0.0773 0.5955 0.0268 0.2852 0.0154 
      H742.3  5 0.7851 0.0532 0.0229 0.0944 0.0444 
      H958.1  5 0.8729 0.0379 0.0665 0.0098 0.0128 
      H958.2  5 0.7379 0.0175 0.2190 0.0162 0.0095 
      H958.3  5 0.6779 0.0225 0.2667 0.0222 0.0107 
      H958.4  5 0.9219 0.0334 0.0279 0.0070 0.0098 
      H958.5  5 0.7151 0.0530 0.2019 0.0161 0.0139 
      H958.6  5 0.6068 0.0281 0.3318 0.0194 0.0138 
      H958.7  5 0.6179 0.0253 0.3281 0.0188 0.0099 
      H452.1 10 0.0295 0.9346 0.0103 0.0148 0.0108 
     H452.10 10 0.0210 0.9155 0.0204 0.0137 0.0293 
      H452.2 10 0.2273 0.3500 0.3408 0.0276 0.0544 
      H452.3 10 0.0156 0.9321 0.0273 0.0082 0.0169 
      H452.4 10 0.0092 0.9436 0.0119 0.0166 0.0187 
      H452.5 10 0.0448 0.8543 0.0543 0.0199 0.0267 
      H452.6 10 0.6010 0.2342 0.0711 0.0500 0.0438 
      H452.7 10 0.0857 0.7724 0.0711 0.0239 0.0469 
      H452.8 10 0.0474 0.8210 0.0528 0.0240 0.0547 
      H452.9 10 0.0146 0.9418 0.0082 0.0172 0.0183 
      H473.1 10 0.8740 0.0192 0.0548 0.0340 0.0181 
      H473.2 10 0.0338 0.0174 0.8177 0.0528 0.0783 
      H473.3 10 0.0567 0.0122 0.6855 0.1946 0.0510 
      H473.4 10 0.0544 0.0248 0.7346 0.1243 0.0619 
      H473.5 10 0.1020 0.0095 0.7893 0.0494 0.0499 
      H473.6 10 0.0441 0.0185 0.5444 0.3420 0.0510 
      H473.7 10 0.0757 0.0132 0.8313 0.0334 0.0464 
      H473.8 10 0.0677 0.0115 0.8046 0.0249 0.0913 
      H487.1 10 0.0127 0.9563 0.0120 0.0099 0.0091 
      H487.2 10 0.0164 0.9376 0.0184 0.0145 0.0131 
      H487.3 10 0.0323 0.9301 0.0144 0.0125 0.0108 
      H487.4 10 0.0290 0.9314 0.0141 0.0123 0.0132 
      H487.5 10 0.0128 0.9618 0.0100 0.0073 0.0080 
      H703.1 10 0.1023 0.1190 0.0204 0.2554 0.5029 
     H703.10 10 0.2626 0.3228 0.0549 0.0970 0.2627 
      H703.2 10 0.2535 0.2554 0.0193 0.3320 0.1397 
      H703.3 10 0.3022 0.1643 0.0387 0.0476 0.4472 
      H703.4 10 0.2420 0.3695 0.2252 0.0557 0.1077 
      H703.5 10 0.2006 0.0964 0.6400 0.0398 0.0232 
      H703.6 10 0.7415 0.0711 0.0949 0.0504 0.0420 
      H703.7 10 0.0697 0.0625 0.2010 0.0815 0.5853 
      H703.8 10 0.3459 0.5965 0.0145 0.0272 0.0159 
      H703.9 10 0.7132 0.1889 0.0180 0.0445 0.0355 
      H705.1 10 0.0297 0.5114 0.4335 0.0087 0.0168 
      H705.2 10 0.0241 0.8653 0.0696 0.0134 0.0276 
      H705.3 10 0.0114 0.9508 0.0179 0.0099 0.0099 
      H705.4 10 0.0140 0.9240 0.0357 0.0111 0.0152 
      H705.5 10 0.0098 0.9476 0.0184 0.0115 0.0128 
      H705.6 10 0.0137 0.9431 0.0101 0.0164 0.0168 
