      H008.1  2 0.0168 0.0077 0.0136 0.0095 0.0075 0.0085 0.8326 0.0102 0.0130 0.0375 0.0199 0.0093 0.0139 
      H008.2  2 0.0575 0.0862 0.0524 0.0193 0.0819 0.0508 0.1179 0.0183 0.0127 0.3232 0.0928 0.0166 0.0703 
      H008.3  2 0.0409 0.0984 0.1305 0.0562 0.0450 0.0365 0.0837 0.0243 0.0176 0.2131 0.2102 0.0209 0.0227 
      H008.4  2 0.0193 0.0139 0.0122 0.0360 0.0670 0.0109 0.7035 0.0379 0.0278 0.0292 0.0202 0.0116 0.0105 
      H008.5  2 0.0114 0.0179 0.0166 0.0303 0.0181 0.0120 0.7812 0.0148 0.0119 0.0434 0.0231 0.0117 0.0075 
      H008.6  2 0.0411 0.0372 0.0084 0.0302 0.1147 0.0189 0.2448 0.0241 0.0128 0.3532 0.0785 0.0246 0.0114 
      H008.7  2 0.0457 0.0144 0.0448 0.0417 0.1044 0.0110 0.3923 0.0281 0.0439 0.1784 0.0478 0.0180 0.0296 
      H008.8  2 0.2102 0.0644 0.0385 0.0210 0.0191 0.0180 0.2450 0.0442 0.0148 0.0191 0.0244 0.0310 0.2505 
      H008.9  2 0.1758 0.0415 0.0161 0.0248 0.2926 0.0185 0.0356 0.0117 0.0226 0.2655 0.0484 0.0206 0.0263 
 H029.1_2002  2 0.0266 0.0061 0.0118 0.1104 0.0242 0.0107 0.7220 0.0178 0.0151 0.0108 0.0099 0.0181 0.0165 
 H029.1_2003  2 0.0214 0.0135 0.0094 0.6145 0.0174 0.0244 0.1756 0.0133 0.0086 0.0146 0.0408 0.0195 0.0270 
 H029.2_2002  2 0.0091 0.0149 0.0363 0.0362 0.0261 0.0105 0.7491 0.0103 0.0096 0.0194 0.0375 0.0327 0.0084 
 H029.2_2003  2 0.0182 0.0221 0.0147 0.3014 0.0410 0.0285 0.3106 0.0110 0.0082 0.0143 0.1687 0.0470 0.0143 
 H029.3_2002  2 0.0096 0.0217 0.0471 0.0608 0.1454 0.0493 0.5245 0.0224 0.0119 0.0108 0.0331 0.0329 0.0305 
 H029.3_2003  2 0.0048 0.0045 0.0061 0.1261 0.0077 0.0165 0.7577 0.0090 0.0075 0.0193 0.0173 0.0106 0.0128 
 H029.4_2002  2 0.0041 0.0042 0.0123 0.0249 0.0149 0.0068 0.8955 0.0058 0.0067 0.0070 0.0054 0.0040 0.0084 
 H029.4_2003  2 0.0166 0.0111 0.0067 0.5922 0.0216 0.0142 0.2246 0.0179 0.0054 0.0115 0.0174 0.0103 0.0505 
 H029.5_2002  2 0.0088 0.0044 0.0116 0.0530 0.0066 0.0073 0.8504 0.0077 0.0129 0.0123 0.0061 0.0106 0.0082 
 H029.5_2003  2 0.0109 0.0055 0.0056 0.3189 0.0120 0.0108 0.5230 0.0093 0.0068 0.0206 0.0523 0.0060 0.0181 
 H029.6_2002  2 0.0048 0.0056 0.0184 0.1458 0.0358 0.0098 0.7301 0.0068 0.0082 0.0050 0.0082 0.0060 0.0155 
 H029.6_2003  2 0.0147 0.0106 0.0124 0.0682 0.0106 0.0196 0.6192 0.0103 0.0377 0.0208 0.0826 0.0636 0.0299 
      H029.7  2 0.0073 0.0186 0.0203 0.0251 0.0236 0.0046 0.8425 0.0080 0.0066 0.0080 0.0159 0.0130 0.0065 
      H030.1  2 0.0129 0.0090 0.0186 0.1146 0.0050 0.6023 0.0370 0.0074 0.0216 0.0419 0.0214 0.0725 0.0358 
      H030.2  2 0.0103 0.0043 0.1544 0.0345 0.0771 0.3055 0.0775 0.2353 0.0210 0.0348 0.0101 0.0142 0.0210 
      H038.1  2 0.0123 0.0110 0.0061 0.0087 0.0275 0.0066 0.8932 0.0061 0.0053 0.0047 0.0043 0.0073 0.0067 
      H038.2  2 0.0053 0.0034 0.0065 0.0062 0.0053 0.0082 0.9171 0.0082 0.0087 0.0080 0.0070 0.0089 0.0072 
      H038.3  2 0.0131 0.0053 0.0093 0.0060 0.0348 0.0167 0.8173 0.0265 0.0103 0.0129 0.0059 0.0320 0.0098 
      H038.4  2 0.0069 0.0048 0.0079 0.0058 0.0280 0.0082 0.8677 0.0092 0.0164 0.0121 0.0049 0.0176 0.0105 
      H038.5  2 0.0049 0.0039 0.0112 0.0098 0.0247 0.0122 0.8505 0.0082 0.0088 0.0068 0.0077 0.0072 0.0442 
      H038.6  2 0.0055 0.0047 0.0041 0.0094 0.0100 0.0097 0.9127 0.0078 0.0032 0.0070 0.0090 0.0086 0.0084 
      H038.7  2 0.0055 0.0033 0.0034 0.0047 0.0123 0.0099 0.8957 0.0095 0.0046 0.0090 0.0069 0.0272 0.0080 
      H038.8  2 0.0069 0.0047 0.0088 0.0052 0.0798 0.0120 0.8195 0.0136 0.0130 0.0085 0.0052 0.0146 0.0082 
      H041.1  2 0.0138 0.0169 0.0766 0.4292 0.0387 0.0071 0.1550 0.0081 0.0220 0.1669 0.0152 0.0352 0.0154 
      H041.2  2 0.0109 0.0065 0.0066 0.6563 0.0159 0.0096 0.0959 0.0105 0.0248 0.1342 0.0056 0.0173 0.0060 
      H041.4  2 0.0266 0.0198 0.0097 0.5675 0.0225 0.0092 0.2425 0.0087 0.0241 0.0329 0.0079 0.0139 0.0147 
      H041.6  2 0.0433 0.0252 0.0207 0.5655 0.0151 0.0148 0.1980 0.0195 0.0222 0.0352 0.0086 0.0230 0.0090 
 H042.1_2002  2 0.0282 0.0157 0.0288 0.7619 0.0128 0.0113 0.0086 0.0552 0.0384 0.0072 0.0136 0.0103 0.0080 
 H042.1_2003  2 0.0597 0.0179 0.0141 0.0422 0.0974 0.0334 0.0564 0.0624 0.0474 0.3934 0.0560 0.1054 0.0142 
 H042.2_2002  2 0.0043 0.0121 0.0128 0.4565 0.0385 0.0071 0.1156 0.2946 0.0122 0.0073 0.0214 0.0081 0.0094 
 H042.2_2003  2 0.0342 0.0108 0.0054 0.6390 0.0068 0.0124 0.1281 0.0287 0.0448 0.0380 0.0205 0.0227 0.0085 
 H042.3_2002  2 0.0117 0.0108 0.0084 0.3964 0.0111 0.0103 0.0083 0.4862 0.0183 0.0083 0.0143 0.0087 0.0070 
 H042.3_2003  2 0.0146 0.0115 0.0292 0.1939 0.0218 0.0117 0.0478 0.5875 0.0163 0.0126 0.0257 0.0093 0.0181 
 H042.4_2002  2 0.0117 0.0082 0.0297 0.8392 0.0125 0.0173 0.0162 0.0075 0.0281 0.0059 0.0106 0.0072 0.0058 
 H042.4_2003  2 0.0229 0.0188 0.0125 0.8022 0.0076 0.0075 0.0410 0.0060 0.0136 0.0095 0.0117 0.0349 0.0119 
      H042.5  2 0.0080 0.0093 0.0346 0.8957 0.0026 0.0053 0.0072 0.0058 0.0066 0.0069 0.0060 0.0057 0.0063 
      H042.6  2 0.0144 0.0443 0.0060 0.8387 0.0110 0.0060 0.0126 0.0189 0.0093 0.0057 0.0087 0.0099 0.0145 
      H042.7  2 0.0218 0.0096 0.0131 0.5884 0.0062 0.0070 0.0210 0.2062 0.0644 0.0150 0.0095 0.0252 0.0126 
      H042.8  2 0.0079 0.0190 0.0257 0.7759 0.0230 0.0057 0.0144 0.0626 0.0200 0.0158 0.0141 0.0063 0.0095 
   H042_2002  2 0.0651 0.1410 0.0050 0.1507 0.0346 0.0162 0.1034 0.2851 0.0341 0.0324 0.0270 0.0669 0.0385 
   H042_2003  2 0.0712 0.1343 0.0078 0.1766 0.0370 0.0136 0.1064 0.2776 0.0269 0.0381 0.0323 0.0478 0.0304 
      H043.1  2 0.0106 0.0259 0.0148 0.0540 0.0985 0.0098 0.0197 0.0136 0.0044 0.0331 0.0106 0.0244 0.6806 
      H043.2  2 0.1029 0.2259 0.0055 0.0353 0.3173 0.0083 0.1306 0.0201 0.0077 0.0181 0.0116 0.0297 0.0871 
      H043.3  2 0.0332 0.0309 0.0042 0.0429 0.0317 0.0089 0.3544 0.0839 0.0074 0.0221 0.0105 0.2256 0.1444 
      H043.4  2 0.0595 0.2425 0.0071 0.0530 0.1986 0.0092 0.0930 0.0273 0.0059 0.0400 0.0106 0.1983 0.0550 
      H043.5  2 0.0581 0.0104 0.0064 0.0333 0.4052 0.0127 0.2098 0.0610 0.0072 0.0434 0.0122 0.0292 0.1111 
      H043.6  2 0.0511 0.0164 0.0041 0.0331 0.2837 0.0161 0.4479 0.0354 0.0095 0.0059 0.0119 0.0313 0.0535 
      H043.7  2 0.0714 0.1129 0.0043 0.0253 0.1420 0.0122 0.0320 0.0249 0.0041 0.0211 0.0051 0.4914 0.0533 
      H043.8  2 0.0284 0.0239 0.0107 0.0449 0.0164 0.0275 0.0225 0.0421 0.0103 0.0197 0.0118 0.0385 0.7032 
      H043.9  2 0.0117 0.0334 0.0124 0.0734 0.0553 0.0143 0.0566 0.0182 0.0042 0.0158 0.0059 0.0358 0.6629 
      H047.1  2 0.0159 0.0094 0.0077 0.0062 0.0052 0.0070 0.3794 0.0314 0.0049 0.5029 0.0140 0.0113 0.0046 
      H047.2  2 0.0110 0.0067 0.0142 0.0120 0.0033 0.0073 0.0599 0.0073 0.0127 0.8264 0.0142 0.0190 0.0060 
      H047.3  2 0.0116 0.0135 0.0185 0.0190 0.0048 0.0078 0.0653 0.0105 0.0125 0.7916 0.0137 0.0196 0.0117 
      H047.4  2 0.0134 0.0079 0.0066 0.0319 0.0041 0.0068 0.1113 0.0172 0.0094 0.7286 0.0098 0.0441 0.0086 
      H047.5  2 0.0095 0.0538 0.0072 0.0113 0.0044 0.0121 0.1551 0.0399 0.0254 0.6308 0.0194 0.0222 0.0089 
      H047.6  2 0.0078 0.0066 0.0072 0.0171 0.0043 0.0046 0.0137 0.0080 0.0116 0.8991 0.0056 0.0087 0.0057 
      H047.7  2 0.0128 0.0078 0.0134 0.0141 0.0080 0.0063 0.3886 0.0583 0.0086 0.4605 0.0090 0.0080 0.0047 
      H047.8  2 0.0116 0.0097 0.0073 0.0192 0.0031 0.0065 0.0353 0.0185 0.0087 0.8426 0.0156 0.0143 0.0075 
      H047.9  2 0.0127 0.0496 0.0080 0.0177 0.0054 0.0105 0.3187 0.0815 0.0297 0.4102 0.0317 0.0152 0.0091 
 H071.1_2002  2 0.0069 0.0095 0.0043 0.0054 0.0058 0.0067 0.9179 0.0109 0.0050 0.0046 0.0079 0.0103 0.0049 
 H071.1_2003  2 0.0230 0.1409 0.0047 0.0127 0.0110 0.0639 0.6053 0.0127 0.0086 0.0151 0.0127 0.0824 0.0070 
     H071.10  2 0.0056 0.0058 0.0098 0.0050 0.0095 0.0224 0.8875 0.0190 0.0059 0.0032 0.0043 0.0055 0.0165 
 H071.2_2002  2 0.0109 0.0114 0.0040 0.0063 0.0076 0.0070 0.9052 0.0097 0.0076 0.0060 0.0060 0.0084 0.0098 
 H071.2_2003  2 0.0057 0.0071 0.0039 0.0069 0.0040 0.0052 0.9391 0.0044 0.0040 0.0041 0.0045 0.0064 0.0047 
      H071.3  2 0.0040 0.0060 0.0084 0.0063 0.0082 0.0154 0.8843 0.0166 0.0070 0.0189 0.0049 0.0124 0.0076 
 H071.4_2002  2 0.0089 0.0069 0.0068 0.0062 0.0143 0.0154 0.8604 0.0153 0.0135 0.0048 0.0065 0.0073 0.0337 
 H071.4_2003  2 0.0052 0.0049 0.0053 0.0038 0.0035 0.0087 0.9313 0.0086 0.0043 0.0053 0.0061 0.0059 0.0072 
 H071.5_2002  2 0.0040 0.0063 0.0064 0.0063 0.0043 0.0086 0.9290 0.0087 0.0039 0.0040 0.0043 0.0055 0.0088 
 H071.5_2003  2 0.0135 0.0091 0.0043 0.0064 0.0042 0.0181 0.8765 0.0174 0.0075 0.0087 0.0098 0.0163 0.0084 
 H071.6_2002  2 0.0052 0.0092 0.0048 0.0057 0.0051 0.0078 0.8985 0.0276 0.0053 0.0039 0.0047 0.0063 0.0159 
 H071.6_2003  2 0.0091 0.0052 0.0039 0.0053 0.0041 0.0212 0.8984 0.0111 0.0043 0.0054 0.0061 0.0141 0.0117 
 H071.7_2002  2 0.0053 0.0083 0.0041 0.0049 0.0040 0.0044 0.9326 0.0108 0.0039 0.0052 0.0045 0.0072 0.0048 
 H071.7_2003  2 0.0115 0.0099 0.0042 0.0068 0.0051 0.0308 0.8780 0.0112 0.0073 0.0078 0.0077 0.0116 0.0082 
      H071.8  2 0.0102 0.0132 0.0042 0.0054 0.0067 0.0057 0.9140 0.0066 0.0055 0.0078 0.0060 0.0063 0.0084 
      H071.9  2 0.0161 0.0192 0.0076 0.0235 0.0182 0.0198 0.5535 0.0221 0.0139 0.0098 0.0057 0.0098 0.2810 
 H081.1_2002  2 0.0073 0.0169 0.0077 0.0053 0.0046 0.0075 0.9142 0.0051 0.0085 0.0046 0.0051 0.0090 0.0041 
 H081.1_2003  2 0.1075 0.0160 0.0184 0.0711 0.2871 0.1013 0.0535 0.0297 0.0266 0.0139 0.0284 0.2261 0.0203 
 H081.2_2002  2 0.0120 0.0743 0.0049 0.0070 0.0051 0.0053 0.8516 0.0064 0.0063 0.0053 0.0046 0.0125 0.0048 
 H081.2_2003  2 0.0180 0.0881 0.0316 0.0178 0.0080 0.7220 0.0326 0.0126 0.0078 0.0099 0.0111 0.0192 0.0215 
 H081.3_2002  2 0.0172 0.0321 0.0062 0.0110 0.0063 0.0119 0.8517 0.0054 0.0101 0.0205 0.0044 0.0108 0.0124 
 H081.3_2003  2 0.0628 0.0505 0.0137 0.0297 0.0166 0.5797 0.0141 0.0158 0.0170 0.0122 0.0140 0.0110 0.1632 
 H081.4_2002  2 0.0059 0.0062 0.0057 0.0068 0.0035 0.0086 0.9203 0.0091 0.0055 0.0058 0.0086 0.0072 0.0069 
 H081.4_2003  2 0.1088 0.0426 0.0176 0.0822 0.0212 0.4184 0.0266 0.0158 0.0420 0.0076 0.0224 0.1523 0.0425 
 H081.5_2002  2 0.0100 0.0078 0.0057 0.0093 0.0045 0.0182 0.8949 0.0059 0.0044 0.0089 0.0068 0.0160 0.0076 
 H081.5_2003  2 0.0498 0.0682 0.0180 0.0497 0.0228 0.1172 0.0358 0.0209 0.0241 0.0172 0.0162 0.5492 0.0110 
      H081.6  2 0.0082 0.0144 0.0041 0.0048 0.0049 0.0057 0.9122 0.0106 0.0064 0.0044 0.0078 0.0124 0.0041 
      H081.7  2 0.0102 0.0743 0.0068 0.0075 0.0045 0.0121 0.8375 0.0063 0.0106 0.0073 0.0050 0.0112 0.0068 
      H081.8  2 0.0102 0.0096 0.0114 0.0179 0.0113 0.0355 0.8353 0.0111 0.0127 0.0092 0.0075 0.0102 0.0182 
      H083.1  2 0.0045 0.0073 0.0154 0.0196 0.0107 0.0130 0.8731 0.0136 0.0052 0.0063 0.0093 0.0141 0.0080 
      H083.2  2 0.0140 0.0180 0.0284 0.0164 0.0092 0.0092 0.8050 0.0115 0.0076 0.0312 0.0104 0.0155 0.0237 
      H083.4  2 0.0079 0.0157 0.1081 0.0078 0.0130 0.0059 0.7484 0.0124 0.0109 0.0111 0.0058 0.0086 0.0442 
      H083.5  2 0.0072 0.0126 0.0661 0.0141 0.0240 0.0060 0.8095 0.0063 0.0111 0.0134 0.0078 0.0108 0.0112 
      H083.6  2 0.0054 0.0090 0.0902 0.0136 0.0111 0.0118 0.7969 0.0097 0.0150 0.0054 0.0106 0.0094 0.0119 
      H083.7  2 0.0090 0.0164 0.2249 0.0092 0.0133 0.0061 0.6330 0.0106 0.0251 0.0137 0.0094 0.0075 0.0218 
      H083.8  2 0.0124 0.0176 0.0283 0.0144 0.0081 0.0058 0.7725 0.0088 0.0107 0.0780 0.0110 0.0145 0.0178 
      H083.9  2 0.0047 0.0097 0.0979 0.0157 0.0089 0.0069 0.8018 0.0067 0.0113 0.0141 0.0055 0.0090 0.0079 
      H084.1  2 0.0085 0.0086 0.0088 0.0177 0.0656 0.7932 0.0105 0.0111 0.0207 0.0163 0.0130 0.0054 0.0207 
      H084.2  2 0.0094 0.0051 0.0067 0.0391 0.0606 0.7741 0.0124 0.0122 0.0048 0.0056 0.0100 0.0100 0.0500 
      H084.3  2 0.0091 0.0069 0.0124 0.0190 0.2361 0.4378 0.0088 0.0300 0.1676 0.0107 0.0148 0.0322 0.0145 
      H084.4  2 0.0146 0.0043 0.0089 0.0498 0.1535 0.5574 0.0094 0.0247 0.0388 0.0370 0.0126 0.0741 0.0149 
      H084.5  2 0.0075 0.0088 0.0069 0.0101 0.0407 0.6907 0.0072 0.0853 0.0613 0.0351 0.0097 0.0288 0.0079 
      H084.6  2 0.0074 0.0093 0.0290 0.0074 0.0769 0.6990 0.0062 0.0212 0.0892 0.0214 0.0071 0.0111 0.0147 
      H084.7  2 0.0079 0.0051 0.0062 0.0205 0.0095 0.8741 0.0072 0.0112 0.0087 0.0083 0.0112 0.0077 0.0222 
      H084.8  2 0.0070 0.0078 0.0075 0.0102 0.0584 0.7089 0.0051 0.0202 0.0981 0.0408 0.0116 0.0157 0.0088 
 H085.1_2002  2 0.0084 0.8755 0.0105 0.0157 0.0145 0.0131 0.0212 0.0103 0.0059 0.0045 0.0054 0.0070 0.0080 
 H085.1_2003  2 0.0077 0.1085 0.0696 0.1040 0.0182 0.0111 0.5213 0.0100 0.0236 0.0152 0.0102 0.0490 0.0515 
 H085.2_2002  2 0.1401 0.4372 0.1190 0.0316 0.0952 0.0254 0.0315 0.0322 0.0267 0.0079 0.0061 0.0283 0.0188 
 H085.2_2003  2 0.0157 0.0253 0.0482 0.0352 0.0134 0.0270 0.6979 0.0111 0.0083 0.0363 0.0192 0.0381 0.0243 
 H085.3_2002  2 0.0104 0.8915 0.0132 0.0166 0.0047 0.0050 0.0078 0.0047 0.0059 0.0057 0.0049 0.0229 0.0067 
 H085.3_2003  2 0.0076 0.0420 0.0069 0.0213 0.0048 0.0090 0.7202 0.0077 0.0074 0.0130 0.0109 0.1346 0.0144 
 H085.4_2002  2 0.0512 0.6294 0.0156 0.0285 0.0402 0.0212 0.1164 0.0274 0.0199 0.0054 0.0101 0.0174 0.0173 
 H085.4_2003  2 0.0264 0.0104 0.0066 0.0913 0.0064 0.0298 0.6970 0.0318 0.0222 0.0127 0.0072 0.0518 0.0063 
 H085.5_2002  2 0.0115 0.9134 0.0042 0.0099 0.0050 0.0053 0.0056 0.0046 0.0077 0.0069 0.0054 0.0166 0.0039 
 H085.5_2003  2 0.0070 0.0187 0.0455 0.0211 0.0064 0.0186 0.8273 0.0079 0.0061 0.0089 0.0106 0.0121 0.0097 
 H085.6_2002  2 0.0147 0.8799 0.0124 0.0190 0.0088 0.0067 0.0094 0.0056 0.0051 0.0085 0.0047 0.0121 0.0132 
 H085.6_2003  2 0.0213 0.0194 0.0059 0.0360 0.0064 0.0069 0.0430 0.0072 0.0185 0.0256 0.0107 0.7902 0.0090 
 H085.7_2002  2 0.0631 0.5847 0.0546 0.0737 0.0160 0.0152 0.0413 0.0099 0.0090 0.0283 0.0075 0.0826 0.0142 
 H085.7_2003  2 0.0132 0.0243 0.0095 0.0372 0.0109 0.0070 0.7828 0.0120 0.0156 0.0155 0.0129 0.0347 0.0246 
 H085.8_2002  2 0.0778 0.2832 0.0145 0.0181 0.0188 0.0160 0.0260 0.0198 0.0216 0.0109 0.0086 0.4684 0.0164 
 H085.8_2003  2 0.0325 0.0555 0.1278 0.2702 0.0181 0.0298 0.2651 0.0270 0.0364 0.0272 0.0172 0.0654 0.0278 
      H085.9  2 0.0233 0.7737 0.0174 0.0306 0.0373 0.0151 0.0328 0.0140 0.0103 0.0079 0.0098 0.0176 0.0102 
      H088.1  2 0.0129 0.0239 0.0377 0.7984 0.0087 0.0112 0.0112 0.0069 0.0278 0.0094 0.0302 0.0067 0.0149 
      H088.2  2 0.0164 0.0179 0.0222 0.8503 0.0074 0.0090 0.0088 0.0104 0.0138 0.0097 0.0110 0.0153 0.0079 
      H088.3  2 0.0117 0.0078 0.0365 0.8690 0.0049 0.0081 0.0059 0.0074 0.0074 0.0116 0.0092 0.0105 0.0100 
      H088.4  2 0.0091 0.0051 0.0231 0.8641 0.0053 0.0236 0.0164 0.0067 0.0045 0.0050 0.0106 0.0164 0.0102 
      H088.5  2 0.0078 0.0057 0.0357 0.8919 0.0055 0.0080 0.0055 0.0056 0.0087 0.0056 0.0085 0.0044 0.0072 
      H088.6  2 0.0078 0.0054 0.0239 0.8763 0.0048 0.0132 0.0088 0.0084 0.0115 0.0121 0.0103 0.0062 0.0115 
      H088.7  2 0.0057 0.0102 0.0194 0.8374 0.0064 0.0094 0.0301 0.0067 0.0090 0.0313 0.0094 0.0124 0.0124 
      H088.8  2 0.0106 0.0074 0.0148 0.8218 0.0081 0.0119 0.0453 0.0078 0.0160 0.0155 0.0163 0.0087 0.0159 
      H091.1  2 0.0068 0.0083 0.0535 0.8015 0.0075 0.0069 0.0326 0.0242 0.0098 0.0075 0.0080 0.0137 0.0195 
      H091.2  2 0.0078 0.0083 0.0794 0.7396 0.0043 0.0050 0.0349 0.0358 0.0152 0.0149 0.0102 0.0117 0.0328 
      H109.1  2 0.0088 0.0228 0.0457 0.0114 0.0225 0.0514 0.0217 0.0325 0.0220 0.1173 0.0147 0.0110 0.6182 
      H109.2  2 0.0250 0.0080 0.0196 0.0288 0.0227 0.5085 0.0806 0.0298 0.0188 0.0633 0.0105 0.0335 0.1510 
      H109.3  2 0.0103 0.0059 0.0090 0.0482 0.0176 0.0764 0.0358 0.0155 0.0196 0.5355 0.0338 0.0641 0.1284 
      H109.4  2 0.0202 0.0087 0.0119 0.0335 0.0244 0.1688 0.0225 0.0155 0.0159 0.0585 0.0181 0.0238 0.5782 
      H109.5  2 0.0141 0.0080 0.0057 0.3351 0.0047 0.1021 0.2647 0.0226 0.0225 0.1285 0.0222 0.0405 0.0295 
      H109.6  2 0.0239 0.0112 0.0191 0.0242 0.0224 0.3055 0.0580 0.0289 0.0607 0.0975 0.0253 0.0554 0.2679 
      H126.1  2 0.1866 0.1260 0.0084 0.0237 0.0103 0.0121 0.0127 0.3795 0.0209 0.0114 0.1161 0.0304 0.0619 
      H126.2  2 0.1009 0.0485 0.0166 0.0238 0.0684 0.0168 0.4717 0.0824 0.0099 0.0367 0.0364 0.0391 0.0487 
      H126.3  2 0.0109 0.0127 0.0194 0.0542 0.0125 0.0055 0.2922 0.5314 0.0060 0.0078 0.0171 0.0057 0.0246 
      H126.4  2 0.3613 0.0256 0.0264 0.0317 0.0174 0.0221 0.0619 0.2218 0.0169 0.0245 0.1300 0.0203 0.0400 
      H126.5  2 0.1137 0.0505 0.0117 0.0087 0.0067 0.0077 0.1362 0.4654 0.0090 0.0076 0.0397 0.1325 0.0106 
      H126.6  2 0.0284 0.1497 0.0095 0.0455 0.0053 0.0050 0.6187 0.0784 0.0042 0.0104 0.0120 0.0230 0.0099 
      H126.7  2 0.0084 0.0238 0.0071 0.0233 0.0030 0.0070 0.8544 0.0208 0.0047 0.0088 0.0107 0.0177 0.0103 
      H130.1  2 0.6993 0.0132 0.0136 0.0606 0.0067 0.0150 0.0089 0.0063 0.0154 0.0152 0.0326 0.0235 0.0898 
      H130.2  2 0.1046 0.0141 0.0236 0.0380 0.0117 0.6173 0.0265 0.0083 0.0174 0.0364 0.0266 0.0264 0.0491 
      H130.3  2 0.0944 0.0107 0.0091 0.0347 0.0051 0.1664 0.0382 0.0069 0.0126 0.0192 0.4714 0.0315 0.0999 
      H130.4  2 0.5143 0.0296 0.0164 0.0662 0.0316 0.0632 0.0068 0.0085 0.0218 0.0127 0.0770 0.0105 0.1414 
      H130.5  2 0.2423 0.0315 0.0353 0.1544 0.0055 0.2954 0.0622 0.0055 0.0383 0.0099 0.0109 0.0482 0.0606 
      H133.1  2 0.1866 0.0134 0.0230 0.0874 0.1197 0.0917 0.0432 0.0191 0.0129 0.0824 0.1505 0.0386 0.1314 
      H133.2  2 0.0773 0.1101 0.0071 0.1167 0.0153 0.2283 0.0177 0.0145 0.0081 0.1224 0.0269 0.0802 0.1753 
      H133.3  2 0.0269 0.0480 0.0122 0.3627 0.1121 0.0207 0.0929 0.0142 0.0182 0.0201 0.0440 0.0433 0.1845 
      H133.4  2 0.0460 0.0206 0.0088 0.0585 0.0520 0.0323 0.0182 0.0090 0.0104 0.2235 0.0368 0.0185 0.4653 
      H133.5  2 0.0396 0.0746 0.0102 0.0969 0.0208 0.0813 0.0118 0.0140 0.0050 0.0192 0.0905 0.0288 0.5072 
      H133.6  2 0.0680 0.0813 0.0140 0.1831 0.0105 0.1608 0.0163 0.0232 0.0100 0.0188 0.0306 0.0613 0.3221 
      H133.7  2 0.0458 0.0478 0.0091 0.1309 0.1227 0.0111 0.0395 0.0167 0.0471 0.2496 0.0232 0.0787 0.1778 
      H133.8  2 0.0498 0.1174 0.0299 0.0740 0.1054 0.0324 0.0293 0.0943 0.0097 0.1729 0.0700 0.0266 0.1882 
      H133.9  2 0.1848 0.0154 0.0286 0.0935 0.1188 0.0459 0.0293 0.0145 0.0142 0.0583 0.2267 0.0399 0.1300 
      H147.1  2 0.0198 0.0572 0.0351 0.0933 0.0201 0.1236 0.3697 0.0194 0.0433 0.0636 0.0051 0.1449 0.0049 
      H147.2  2 0.0116 0.0132 0.0053 0.0146 0.0056 0.0195 0.8277 0.0086 0.0096 0.0098 0.0060 0.0640 0.0046 
      H147.3  2 0.0091 0.0279 0.0081 0.0066 0.0053 0.0248 0.8471 0.0069 0.0100 0.0075 0.0068 0.0361 0.0039 
      H147.4  2 0.0046 0.0144 0.0150 0.0077 0.0225 0.0538 0.8301 0.0055 0.0087 0.0127 0.0055 0.0159 0.0035 
      H147.5  2 0.0094 0.0219 0.0278 0.0709 0.0094 0.2382 0.4940 0.0111 0.0161 0.0118 0.0183 0.0653 0.0057 
      H147.6  2 0.0063 0.0188 0.0325 0.0774 0.0083 0.3320 0.3879 0.0142 0.0123 0.0193 0.0319 0.0521 0.0070 
      H147.7  2 0.0071 0.0112 0.0229 0.0089 0.0244 0.0657 0.7807 0.0073 0.0130 0.0227 0.0080 0.0244 0.0039 
      H147.8  2 0.0035 0.0109 0.0267 0.0369 0.0309 0.1459 0.6862 0.0101 0.0084 0.0161 0.0073 0.0117 0.0053 
      H147.9  2 0.0105 0.0227 0.0081 0.0042 0.0056 0.0168 0.8648 0.0092 0.0083 0.0087 0.0063 0.0301 0.0048 
      H148.1  2 0.4042 0.0123 0.0307 0.0314 0.0504 0.0853 0.0148 0.0593 0.1376 0.0196 0.0117 0.0870 0.0556 
      H148.2  2 0.0760 0.0169 0.0196 0.0096 0.0433 0.0436 0.0262 0.0347 0.6642 0.0108 0.0082 0.0185 0.0283 
      H148.3  2 0.0106 0.0069 0.0083 0.0087 0.0164 0.0098 0.0084 0.0181 0.8728 0.0168 0.0071 0.0101 0.0060 
      H148.4  2 0.2332 0.0163 0.0120 0.0206 0.0500 0.0172 0.0182 0.0445 0.3487 0.0161 0.0129 0.1662 0.0441 
      H148.5  2 0.0089 0.0071 0.0081 0.0143 0.0145 0.0156 0.0071 0.0165 0.8698 0.0067 0.0108 0.0095 0.0112 
      H148.6  2 0.0317 0.0110 0.0268 0.0138 0.0758 0.0141 0.0129 0.0128 0.7576 0.0076 0.0064 0.0147 0.0149 
      H148.7  2 0.0271 0.0061 0.0102 0.0163 0.0163 0.0245 0.0099 0.0215 0.7664 0.0140 0.0274 0.0128 0.0474 
      H148.8  2 0.0299 0.0070 0.0054 0.0118 0.0139 0.0078 0.0062 0.0087 0.8833 0.0047 0.0074 0.0092 0.0047 
      H148.9  2 0.0585 0.0430 0.0238 0.0099 0.1290 0.0179 0.0122 0.1526 0.4343 0.0310 0.0253 0.0128 0.0496 
   H166022.1  2 0.0069 0.0107 0.1044 0.7749 0.0117 0.0337 0.0114 0.0082 0.0098 0.0075 0.0049 0.0095 0.0064 
   H166022.2  2 0.0115 0.0128 0.1063 0.3656 0.0112 0.2592 0.0556 0.0147 0.0155 0.0346 0.0193 0.0831 0.0107 
   H166022.3  2 0.0107 0.0055 0.2273 0.6233 0.0062 0.0354 0.0054 0.0061 0.0182 0.0103 0.0137 0.0138 0.0242 
   H166022.4  2 0.0058 0.0052 0.0653 0.8063 0.0059 0.0173 0.0063 0.0071 0.0087 0.0066 0.0151 0.0317 0.0186 
   H166022.5  2 0.0060 0.0047 0.0531 0.6863 0.0051 0.1607 0.0113 0.0063 0.0065 0.0077 0.0098 0.0242 0.0183 
   H166022.6  2 0.0199 0.0079 0.1059 0.6861 0.0220 0.0435 0.0092 0.0061 0.0088 0.0258 0.0103 0.0311 0.0235 
   H166022.7  2 0.0123 0.0052 0.0046 0.0064 0.0236 0.0187 0.0071 0.0062 0.0045 0.0179 0.0120 0.0059 0.8757 
   H166022.8  2 0.0789 0.0319 0.1123 0.1494 0.0074 0.2480 0.0153 0.0075 0.0114 0.0146 0.0158 0.2880 0.0194 
   H167397.1  2 0.0211 0.0057 0.0115 0.2178 0.5097 0.0421 0.0609 0.0227 0.0403 0.0303 0.0068 0.0229 0.0083 
   H167397.2  2 0.0699 0.0668 0.0796 0.0207 0.5789 0.0159 0.0500 0.0179 0.0146 0.0087 0.0141 0.0553 0.0076 
   H167397.3  2 0.0306 0.0077 0.0213 0.0777 0.6220 0.0201 0.0909 0.0359 0.0208 0.0364 0.0093 0.0185 0.0087 
   H167397.4  2 0.0081 0.0373 0.0273 0.0178 0.7226 0.0211 0.0343 0.0190 0.0304 0.0468 0.0152 0.0102 0.0098 
   H167397.5  2 0.0296 0.0072 0.0178 0.0434 0.6479 0.0412 0.0282 0.0190 0.0201 0.0209 0.0129 0.0937 0.0179 
   H167397.6  2 0.0228 0.0126 0.0167 0.0593 0.6304 0.0079 0.0551 0.1054 0.0210 0.0225 0.0209 0.0116 0.0140 
   H167496.1  2 0.0118 0.0070 0.0198 0.6341 0.0071 0.0127 0.0106 0.0300 0.1363 0.0199 0.0200 0.0299 0.0608 
   H167496.2  2 0.0384 0.0157 0.0107 0.0576 0.0169 0.0299 0.0853 0.0912 0.1171 0.0570 0.0154 0.3751 0.0896 
   H167496.3  2 0.0321 0.2021 0.0706 0.3217 0.0096 0.0156 0.0318 0.0155 0.0999 0.0172 0.0343 0.1279 0.0217 
   H167496.4  2 0.0053 0.0131 0.0496 0.8553 0.0051 0.0075 0.0145 0.0077 0.0048 0.0083 0.0083 0.0126 0.0079 
   H167496.6  2 0.0093 0.0072 0.0103 0.4050 0.0061 0.0133 0.0200 0.0098 0.0055 0.0086 0.0115 0.4834 0.0101 
   H167496.7  2 0.1295 0.0078 0.0471 0.0986 0.0080 0.0217 0.0164 0.1011 0.1108 0.0740 0.0264 0.3126 0.0461 
   H167496.8  2 0.0071 0.0089 0.0124 0.4373 0.0087 0.0179 0.0217 0.0204 0.0097 0.0135 0.0061 0.4280 0.0083 
   H167513.1  2 0.0075 0.0070 0.0122 0.0072 0.0076 0.0103 0.0086 0.0074 0.0050 0.8956 0.0068 0.0091 0.0155 
   H167513.2  2 0.0088 0.0080 0.0062 0.0139 0.0191 0.0062 0.0051 0.0082 0.0211 0.8750 0.0063 0.0122 0.0101 
   H167513.3  2 0.0074 0.0059 0.0157 0.0074 0.0076 0.0314 0.0080 0.0098 0.0061 0.8630 0.0177 0.0072 0.0129 
   H167513.4  2 0.0203 0.0088 0.0650 0.0164 0.0114 0.0167 0.0085 0.0121 0.0111 0.7568 0.0096 0.0192 0.0439 
   H167513.5  2 0.0070 0.0083 0.0073 0.0078 0.0122 0.0057 0.0053 0.0036 0.0086 0.9133 0.0042 0.0091 0.0075 
   H167513.6  2 0.0081 0.0125 0.0153 0.0167 0.0105 0.0220 0.0083 0.0089 0.0088 0.8610 0.0077 0.0094 0.0108 
   H167513.7  2 0.0077 0.0128 0.0309 0.0098 0.0301 0.0122 0.0115 0.0075 0.0055 0.8321 0.0070 0.0082 0.0246 
   H167513.8  2 0.0048 0.0046 0.0059 0.0054 0.0178 0.0159 0.0071 0.0063 0.0038 0.8976 0.0062 0.0098 0.0148 
   H167547.1  2 0.0886 0.0083 0.0231 0.0632 0.0272 0.0086 0.0091 0.0106 0.6701 0.0232 0.0177 0.0368 0.0135 
   H167547.2  2 0.0426 0.0110 0.0238 0.3272 0.0153 0.0128 0.0150 0.0261 0.4482 0.0421 0.0116 0.0163 0.0080 
   H167547.3  2 0.0310 0.0084 0.0205 0.3240 0.0181 0.0134 0.0129 0.0272 0.4704 0.0418 0.0126 0.0122 0.0076 
   H167547.4  2 0.1530 0.0218 0.2224 0.3286 0.0361 0.0142 0.0086 0.0090 0.0912 0.0221 0.0392 0.0145 0.0394 
   H167547.5  2 0.0141 0.0071 0.0213 0.4920 0.0068 0.0154 0.0085 0.0162 0.3809 0.0121 0.0100 0.0075 0.0080 
   H167547.6  2 0.0121 0.0089 0.0150 0.5004 0.0089 0.0126 0.0073 0.0182 0.3792 0.0101 0.0119 0.0056 0.0097 
   H167547.7  2 0.0725 0.2007 0.0328 0.0248 0.0158 0.0298 0.0320 0.0244 0.2130 0.1170 0.0397 0.0330 0.1646 
   H169750.1  2 0.0476 0.0115 0.0371 0.1984 0.0116 0.0185 0.0201 0.0128 0.0175 0.0274 0.0208 0.0487 0.5280 
   H169750.2  2 0.0523 0.0233 0.0080 0.0664 0.0583 0.1275 0.1285 0.0262 0.0190 0.1463 0.0508 0.2392 0.0543 
   H169750.3  2 0.0180 0.0244 0.0092 0.0878 0.0047 0.0320 0.0178 0.0080 0.0139 0.0597 0.0161 0.0205 0.6880 
   H169750.4  2 0.0889 0.0236 0.0056 0.1672 0.1146 0.0130 0.0191 0.0342 0.0282 0.0610 0.1606 0.1872 0.0968 
   H169750.5  2 0.0429 0.0178 0.0365 0.2043 0.0103 0.0254 0.0760 0.0131 0.0102 0.0350 0.0201 0.0301 0.4784 
   H169750.6  2 0.0533 0.0282 0.0118 0.1622 0.0100 0.0849 0.3380 0.0098 0.0104 0.0378 0.0358 0.0594 0.1582 
   H169750.7  2 0.0192 0.0643 0.0097 0.0548 0.0289 0.0246 0.0450 0.0518 0.0157 0.2192 0.0623 0.2144 0.1901 
   H171929.1  2 0.0167 0.0479 0.0064 0.0154 0.0407 0.0045 0.0109 0.0069 0.0228 0.8113 0.0060 0.0050 0.0056 
  H171929.10  2 0.0179 0.0741 0.0181 0.0534 0.0334 0.0311 0.0153 0.0116 0.0545 0.6524 0.0079 0.0144 0.0159 
  H171929.11  2 0.0132 0.0240 0.0057 0.0154 0.0342 0.0076 0.0090 0.0078 0.0138 0.8453 0.0097 0.0064 0.0079 
   H171929.2  2 0.0123 0.0138 0.0098 0.0104 0.0050 0.0099 0.0065 0.0055 0.0498 0.8356 0.0074 0.0063 0.0277 
   H171929.3  2 0.0087 0.0092 0.0063 0.0129 0.0102 0.0078 0.0101 0.0059 0.0191 0.8816 0.0090 0.0058 0.0135 
   H171929.4  2 0.0366 0.0550 0.0263 0.0343 0.0052 0.0115 0.0174 0.0051 0.0239 0.7206 0.0216 0.0100 0.0326 
   H171929.5  2 0.0110 0.0080 0.0060 0.0080 0.0113 0.0085 0.0080 0.0096 0.0125 0.8754 0.0111 0.0067 0.0239 
   H171929.6  2 0.0088 0.0069 0.0041 0.0050 0.0121 0.0058 0.0061 0.0067 0.0085 0.9109 0.0075 0.0049 0.0128 
   H171929.7  2 0.0136 0.0534 0.0081 0.0059 0.0051 0.0048 0.0098 0.0040 0.0121 0.8572 0.0081 0.0065 0.0114 
   H171929.8  2 0.0324 0.0688 0.0087 0.0174 0.0091 0.0087 0.0072 0.0061 0.0273 0.7832 0.0104 0.0077 0.0129 
   H171929.9  2 0.0295 0.0813 0.0119 0.0189 0.0044 0.0136 0.0152 0.0045 0.0113 0.7586 0.0096 0.0113 0.0300 
   H171930.1  2 0.0115 0.0031 0.0042 0.0211 0.0231 0.6010 0.0077 0.0088 0.0144 0.2322 0.0464 0.0139 0.0126 
   H171930.2  2 0.0166 0.0099 0.0117 0.0782 0.0053 0.7585 0.0130 0.0135 0.0145 0.0158 0.0244 0.0142 0.0244 
   H171930.3  2 0.0068 0.0057 0.0068 0.0122 0.0141 0.8811 0.0067 0.0130 0.0111 0.0114 0.0153 0.0076 0.0083 
   H171930.4  2 0.0047 0.0038 0.0075 0.0215 0.0068 0.8879 0.0060 0.0138 0.0070 0.0077 0.0113 0.0090 0.0130 
   H171930.5  2 0.0403 0.0124 0.0076 0.0182 0.0220 0.7271 0.0130 0.0141 0.0137 0.0730 0.0203 0.0120 0.0264 
   H171930.6  2 0.0049 0.0038 0.0048 0.0118 0.0056 0.8952 0.0129 0.0218 0.0073 0.0068 0.0102 0.0081 0.0067 
   H171930.7  2 0.0064 0.0071 0.0050 0.0108 0.0125 0.8966 0.0065 0.0080 0.0073 0.0137 0.0078 0.0093 0.0090 
   H171930.8  2 0.0086 0.0055 0.0034 0.0105 0.0078 0.8720 0.0080 0.0078 0.0098 0.0292 0.0078 0.0178 0.0117 
   H171933.1  2 0.0135 0.0121 0.7659 0.0389 0.0467 0.0244 0.0131 0.0157 0.0314 0.0068 0.0089 0.0050 0.0177 
   H171933.2  2 0.0117 0.0416 0.5509 0.1424 0.0573 0.0520 0.0285 0.0263 0.0291 0.0129 0.0101 0.0178 0.0193 
   H171933.3  2 0.0133 0.0787 0.4936 0.1354 0.0156 0.0565 0.0069 0.0263 0.1177 0.0079 0.0157 0.0167 0.0157 
   H171933.4  2 0.0181 0.0346 0.6743 0.0298 0.0054 0.0717 0.0076 0.0063 0.0223 0.0333 0.0281 0.0439 0.0247 
   H171933.5  2 0.0611 0.0212 0.2033 0.0577 0.0131 0.1118 0.0072 0.0142 0.1357 0.0734 0.1249 0.0657 0.1107 
   H171933.6  2 0.0081 0.0105 0.6201 0.2444 0.0060 0.0144 0.0200 0.0128 0.0095 0.0059 0.0161 0.0135 0.0187 
   H171933.7  2 0.0216 0.0709 0.5532 0.0153 0.0202 0.0959 0.0139 0.1189 0.0278 0.0127 0.0187 0.0217 0.0093 
   H171933.8  2 0.0119 0.0744 0.5582 0.0161 0.0416 0.1183 0.0159 0.0244 0.0268 0.0443 0.0073 0.0396 0.0210 
   H171933.9  2 0.0070 0.0094 0.8469 0.0103 0.0034 0.0307 0.0066 0.0063 0.0106 0.0107 0.0211 0.0207 0.0162 
      H190.1  2 0.0546 0.0077 0.0238 0.0205 0.0051 0.5719 0.0211 0.0162 0.0813 0.0130 0.0957 0.0563 0.0328 
      H190.2  2 0.0229 0.0556 0.0055 0.0987 0.0096 0.0316 0.0400 0.1919 0.1295 0.0102 0.0143 0.3813 0.0090 
      H190.3  2 0.1946 0.0494 0.0162 0.2357 0.0169 0.0855 0.0486 0.0567 0.1823 0.0230 0.0352 0.0372 0.0189 
      H190.4  2 0.0403 0.0133 0.0442 0.0527 0.0066 0.5023 0.0082 0.0064 0.2062 0.0091 0.0427 0.0098 0.0583 
      H190.5  2 0.0263 0.0404 0.0093 0.0416 0.0079 0.0433 0.0577 0.1660 0.0193 0.0146 0.0205 0.5358 0.0173 
      H190.6  2 0.0289 0.0142 0.0225 0.0628 0.0072 0.3330 0.0120 0.0077 0.4498 0.0075 0.0275 0.0072 0.0196 
      H190.7  2 0.0754 0.3017 0.0088 0.3526 0.0104 0.0383 0.0115 0.0099 0.0913 0.0110 0.0180 0.0604 0.0104 
      H190.8  2 0.0178 0.0440 0.0097 0.0230 0.0060 0.0582 0.0228 0.0673 0.0290 0.0098 0.0243 0.6772 0.0109 
      H190.9  2 0.0670 0.1458 0.0081 0.0990 0.0188 0.0582 0.0147 0.0231 0.0651 0.0266 0.0281 0.4234 0.0221 
      H400.1  2 0.0277 0.0127 0.0861 0.7069 0.0119 0.0382 0.0095 0.0392 0.0053 0.0060 0.0131 0.0094 0.0340 
      H400.2  2 0.0105 0.0125 0.1222 0.6672 0.0212 0.0496 0.0263 0.0309 0.0097 0.0138 0.0081 0.0048 0.0232 
      H400.3  2 0.0532 0.0114 0.1350 0.4087 0.0170 0.1551 0.0175 0.0874 0.0129 0.0107 0.0245 0.0142 0.0523 
      H400.4  2 0.0102 0.0127 0.0309 0.7778 0.0053 0.0628 0.0146 0.0154 0.0084 0.0162 0.0141 0.0095 0.0223 
      H400.5  2 0.0189 0.0079 0.3813 0.3004 0.0086 0.1008 0.0127 0.0384 0.0240 0.0119 0.0602 0.0058 0.0291 
      H400.6  2 0.0197 0.0757 0.0672 0.7372 0.0038 0.0167 0.0131 0.0307 0.0049 0.0064 0.0095 0.0052 0.0098 
      H400.7  2 0.0325 0.0117 0.2012 0.5769 0.0071 0.0410 0.0072 0.0272 0.0214 0.0179 0.0133 0.0109 0.0317 
 H428.1_2005  2 0.0042 0.0051 0.9463 0.0051 0.0038 0.0033 0.0042 0.0037 0.0043 0.0052 0.0052 0.0039 0.0056 
 H428.1_2006  2 0.0048 0.0091 0.9180 0.0065 0.0048 0.0040 0.0122 0.0076 0.0046 0.0096 0.0048 0.0094 0.0046 
 H428.2_2005  2 0.0065 0.0034 0.9383 0.0072 0.0046 0.0046 0.0043 0.0045 0.0062 0.0051 0.0044 0.0048 0.0059 
 H428.2_2006  2 0.0040 0.0067 0.9001 0.0082 0.0057 0.0060 0.0269 0.0060 0.0060 0.0101 0.0053 0.0085 0.0065 
 H428.3_2005  2 0.0036 0.0045 0.9449 0.0070 0.0028 0.0044 0.0059 0.0051 0.0049 0.0038 0.0041 0.0047 0.0042 
 H428.3_2006  2 0.0049 0.0078 0.9112 0.0059 0.0047 0.0063 0.0133 0.0074 0.0046 0.0119 0.0059 0.0096 0.0063 
 H428.4_2005  2 0.0035 0.0047 0.9441 0.0054 0.0040 0.0041 0.0048 0.0034 0.0075 0.0054 0.0047 0.0042 0.0043 
 H428.4_2006  2 0.0039 0.0057 0.9487 0.0044 0.0043 0.0034 0.0065 0.0031 0.0048 0.0047 0.0040 0.0034 0.0031 
 H428.5_2005  2 0.0038 0.0042 0.9450 0.0052 0.0063 0.0043 0.0062 0.0034 0.0055 0.0044 0.0035 0.0033 0.0050 
 H428.6_2005  2 0.0063 0.0101 0.9356 0.0054 0.0034 0.0039 0.0061 0.0046 0.0038 0.0058 0.0053 0.0054 0.0043 
 H428.6_2006  2 0.0035 0.0082 0.9100 0.0044 0.0107 0.0085 0.0114 0.0043 0.0049 0.0121 0.0110 0.0045 0.0064 
      H428.7  2 0.0036 0.0041 0.9511 0.0063 0.0033 0.0041 0.0050 0.0036 0.0037 0.0033 0.0040 0.0037 0.0042 
      H428.8  2 0.0036 0.0053 0.9415 0.0039 0.0047 0.0050 0.0075 0.0040 0.0050 0.0048 0.0046 0.0044 0.0056 
      H428.9  2 0.0041 0.0042 0.9443 0.0059 0.0050 0.0047 0.0042 0.0046 0.0057 0.0048 0.0039 0.0037 0.0050 
      H453.1  2 0.0063 0.0150 0.0292 0.6325 0.0073 0.1156 0.0578 0.0062 0.0058 0.0165 0.0270 0.0649 0.0159 
      H453.2  2 0.0074 0.0160 0.0138 0.5703 0.0047 0.2904 0.0086 0.0071 0.0066 0.0075 0.0160 0.0420 0.0097 
      H453.3  2 0.0157 0.0237 0.0162 0.7253 0.0039 0.1277 0.0091 0.0046 0.0078 0.0068 0.0113 0.0360 0.0119 
      H453.4  2 0.0101 0.0070 0.0096 0.6971 0.0037 0.1941 0.0060 0.0074 0.0040 0.0101 0.0126 0.0262 0.0121 
      H453.5  2 0.0077 0.0061 0.0156 0.6164 0.0057 0.2494 0.0353 0.0071 0.0056 0.0057 0.0239 0.0124 0.0091 
      H453.6  2 0.0041 0.0053 0.0609 0.5924 0.0052 0.2201 0.0593 0.0053 0.0048 0.0063 0.0149 0.0115 0.0097 
      H453.7  2 0.0392 0.1035 0.0135 0.0420 0.0054 0.0363 0.0780 0.0086 0.0229 0.0146 0.0106 0.5887 0.0367 
      H453.8  2 0.0144 0.0153 0.0050 0.1442 0.0056 0.0396 0.0221 0.0058 0.0099 0.0129 0.0084 0.6941 0.0227 
      H453.9  2 0.0332 0.0449 0.0125 0.1177 0.0042 0.2201 0.2443 0.0059 0.0049 0.0112 0.0125 0.2575 0.0310 
      H512.1  2 0.0181 0.0453 0.1879 0.0427 0.0047 0.3851 0.0213 0.0127 0.0135 0.0088 0.1249 0.0719 0.0632 
     H512.10  2 0.0239 0.0096 0.1396 0.0111 0.0707 0.1576 0.0805 0.0237 0.0212 0.0173 0.2056 0.1535 0.0857 
      H512.2  2 0.0277 0.0128 0.2131 0.0144 0.0178 0.0404 0.0130 0.0325 0.0347 0.0145 0.0620 0.4521 0.0650 
      H512.3  2 0.0123 0.0094 0.0913 0.0183 0.0286 0.0901 0.0197 0.0606 0.0129 0.0160 0.3697 0.1830 0.0882 
      H512.4  2 0.0441 0.0079 0.0888 0.0180 0.0162 0.3194 0.0794 0.0139 0.0484 0.0156 0.0208 0.2770 0.0505 
      H512.5  2 0.0176 0.0069 0.0522 0.0236 0.0189 0.0188 0.0138 0.0392 0.0153 0.0119 0.3790 0.1697 0.2330 
      H512.6  2 0.0346 0.0113 0.0359 0.0423 0.0057 0.0959 0.0131 0.0606 0.0405 0.0098 0.1029 0.4781 0.0693 
      H512.7  2 0.0065 0.0110 0.0282 0.0662 0.0144 0.0150 0.0196 0.0418 0.0072 0.0150 0.5961 0.0390 0.1400 
      H512.8  2 0.0124 0.0121 0.0768 0.0221 0.0069 0.1091 0.0099 0.0682 0.0628 0.0301 0.1077 0.4542 0.0277 
      H512.9  2 0.0135 0.0423 0.0730 0.0259 0.0152 0.0204 0.0251 0.0337 0.0087 0.0064 0.5658 0.0726 0.0974 
      H513.1  2 0.0060 0.0043 0.9307 0.0068 0.0053 0.0068 0.0075 0.0076 0.0038 0.0043 0.0038 0.0085 0.0046 
      H513.2  2 0.0127 0.0095 0.8710 0.0135 0.0068 0.0173 0.0134 0.0050 0.0103 0.0201 0.0046 0.0083 0.0073 
      H513.3  2 0.0060 0.0057 0.9292 0.0073 0.0037 0.0069 0.0061 0.0047 0.0036 0.0055 0.0046 0.0089 0.0079 
      H513.4  2 0.0069 0.0132 0.7777 0.0486 0.0035 0.0235 0.0366 0.0136 0.0144 0.0304 0.0076 0.0141 0.0100 
      H513.5  2 0.0041 0.0062 0.9149 0.0072 0.0059 0.0105 0.0082 0.0054 0.0036 0.0109 0.0093 0.0048 0.0091 
      H513.6  2 0.0098 0.0095 0.6955 0.0101 0.0854 0.0476 0.0123 0.0058 0.0073 0.0784 0.0096 0.0108 0.0179 
      H532.1  2 0.0206 0.0137 0.0949 0.1305 0.0127 0.0129 0.1211 0.0138 0.0153 0.0070 0.0172 0.0140 0.5263 
      H532.2  2 0.0378 0.0375 0.1712 0.2306 0.0121 0.0963 0.1377 0.0070 0.1413 0.0068 0.0114 0.0384 0.0720 
      H532.3  2 0.0479 0.0188 0.0308 0.4545 0.0052 0.1461 0.1101 0.0041 0.0561 0.0087 0.0192 0.0556 0.0429 
      H532.4  2 0.1035 0.0223 0.0493 0.1243 0.0109 0.0189 0.5467 0.0065 0.0156 0.0050 0.0186 0.0475 0.0308 
      H532.5  2 0.0252 0.0189 0.4105 0.0510 0.0191 0.0121 0.0658 0.0074 0.0542 0.0061 0.0153 0.0100 0.3045 
      H532.6  2 0.0960 0.0118 0.0555 0.1578 0.0137 0.0844 0.3815 0.0094 0.0082 0.0054 0.0171 0.0978 0.0613 
      H532.7  2 0.0084 0.0111 0.0240 0.1495 0.0156 0.0246 0.5088 0.0063 0.0215 0.0072 0.0297 0.0084 0.1850 
      H532.8  2 0.0150 0.0263 0.0401 0.1491 0.0250 0.0193 0.1835 0.0102 0.0645 0.0158 0.0180 0.0183 0.4149 
      H543.1  2 0.0069 0.0085 0.0158 0.0134 0.9086 0.0087 0.0052 0.0038 0.0076 0.0053 0.0066 0.0045 0.0052 
      H543.2  2 0.0070 0.0245 0.0466 0.0235 0.7753 0.0133 0.0118 0.0064 0.0523 0.0069 0.0081 0.0039 0.0203 
      H543.3  2 0.0055 0.0125 0.0100 0.0134 0.8992 0.0072 0.0104 0.0042 0.0102 0.0061 0.0109 0.0046 0.0059 
      H543.4  2 0.0063 0.0076 0.0065 0.0058 0.9185 0.0072 0.0047 0.0060 0.0176 0.0037 0.0042 0.0056 0.0063 
      H543.5  2 0.0047 0.0078 0.0097 0.0058 0.9126 0.0096 0.0052 0.0061 0.0156 0.0038 0.0054 0.0035 0.0101 
      H543.6  2 0.0208 0.0856 0.0087 0.0257 0.7609 0.0087 0.0050 0.0036 0.0161 0.0293 0.0072 0.0093 0.0190 
      H543.7  2 0.0036 0.0060 0.0037 0.0046 0.9497 0.0047 0.0036 0.0036 0.0061 0.0034 0.0032 0.0042 0.0037 
      H543.8  2 0.0087 0.0198 0.0450 0.0155 0.8173 0.0095 0.0301 0.0053 0.0130 0.0076 0.0080 0.0051 0.0151 
      H543.9  2 0.0056 0.0410 0.0093 0.0101 0.8679 0.0056 0.0064 0.0053 0.0205 0.0067 0.0093 0.0036 0.0086 
 H545.1_2005  2 0.0037 0.0033 0.0038 0.0031 0.9582 0.0034 0.0038 0.0029 0.0033 0.0032 0.0038 0.0038 0.0037 
 H545.1_2006  2 0.0043 0.0050 0.0081 0.0052 0.9343 0.0049 0.0065 0.0063 0.0054 0.0049 0.0054 0.0044 0.0052 
 H545.2_2005  2 0.0075 0.0055 0.0055 0.0067 0.9133 0.0052 0.0067 0.0104 0.0069 0.0071 0.0113 0.0047 0.0091 
 H545.2_2006  2 0.0041 0.0036 0.0071 0.0042 0.9461 0.0049 0.0035 0.0036 0.0042 0.0064 0.0045 0.0036 0.0043 
 H545.3_2005  2 0.0095 0.0066 0.0051 0.0082 0.8974 0.0063 0.0039 0.0149 0.0090 0.0146 0.0126 0.0056 0.0062 
 H545.3_2006  2 0.0042 0.0037 0.0054 0.0046 0.9411 0.0037 0.0074 0.0071 0.0041 0.0033 0.0039 0.0045 0.0070 
 H545.4_2005  2 0.0080 0.0071 0.0049 0.0056 0.9190 0.0036 0.0064 0.0084 0.0118 0.0064 0.0080 0.0055 0.0055 
 H545.4_2006  2 0.0060 0.0042 0.0041 0.0059 0.9324 0.0044 0.0035 0.0100 0.0059 0.0080 0.0059 0.0042 0.0055 
 H545.5_2005  2 0.0041 0.0049 0.0116 0.0053 0.9213 0.0056 0.0071 0.0066 0.0057 0.0034 0.0050 0.0059 0.0136 
 H545.5_2006  2 0.0078 0.0047 0.0087 0.0070 0.9216 0.0065 0.0050 0.0043 0.0068 0.0075 0.0095 0.0052 0.0056 
 H545.6_2005  2 0.0038 0.0031 0.0046 0.0039 0.9531 0.0042 0.0034 0.0033 0.0034 0.0045 0.0039 0.0045 0.0044 
 H545.6_2006  2 0.0050 0.0042 0.0042 0.0051 0.9390 0.0042 0.0036 0.0058 0.0043 0.0094 0.0052 0.0050 0.0051 
 H545.7_2005  2 0.0054 0.0045 0.0056 0.0045 0.9413 0.0038 0.0046 0.0044 0.0039 0.0038 0.0045 0.0044 0.0093 
 H545.7_2006  2 0.0067 0.0050 0.0064 0.0065 0.9253 0.0049 0.0069 0.0108 0.0045 0.0058 0.0046 0.0041 0.0086 
 H545.8_2005  2 0.0071 0.0069 0.0148 0.0060 0.9003 0.0079 0.0075 0.0080 0.0100 0.0055 0.0098 0.0060 0.0103 
 H545.8_2006  2 0.0053 0.0044 0.0074 0.0041 0.9419 0.0061 0.0034 0.0041 0.0045 0.0042 0.0049 0.0044 0.0053 
      H545.9  2 0.0071 0.0048 0.0065 0.0042 0.9312 0.0060 0.0045 0.0041 0.0061 0.0069 0.0080 0.0045 0.0061 
      H547.1  2 0.0080 0.0197 0.0864 0.8188 0.0067 0.0064 0.0061 0.0058 0.0071 0.0067 0.0110 0.0090 0.0083 
      H547.2  2 0.0069 0.0119 0.0541 0.7666 0.0098 0.0078 0.0088 0.0603 0.0383 0.0137 0.0060 0.0091 0.0067 
      H547.3  2 0.0219 0.0098 0.0519 0.7253 0.0123 0.0098 0.0070 0.0055 0.0231 0.0125 0.0361 0.0721 0.0128 
      H547.4  2 0.0059 0.0114 0.0707 0.8191 0.0068 0.0088 0.0133 0.0097 0.0108 0.0094 0.0154 0.0137 0.0050 
      H547.5  2 0.0075 0.0088 0.1024 0.7021 0.0071 0.0090 0.0035 0.0237 0.0920 0.0212 0.0075 0.0104 0.0048 
      H547.6  2 0.0103 0.0063 0.0702 0.8482 0.0149 0.0062 0.0046 0.0057 0.0094 0.0046 0.0052 0.0062 0.0082 
      H547.7  2 0.0263 0.0076 0.0690 0.7370 0.0194 0.0139 0.0080 0.0122 0.0237 0.0117 0.0257 0.0314 0.0142 
      H547.8  2 0.0091 0.0124 0.0826 0.8323 0.0092 0.0059 0.0050 0.0054 0.0112 0.0047 0.0080 0.0064 0.0079 
      H548.1  2 0.0064 0.0033 0.0076 0.0044 0.9272 0.0034 0.0049 0.0069 0.0060 0.0072 0.0099 0.0049 0.0080 
      H548.2  2 0.0073 0.0044 0.0092 0.0044 0.9168 0.0080 0.0070 0.0068 0.0077 0.0062 0.0083 0.0059 0.0080 
      H548.3  2 0.0112 0.0070 0.0057 0.0049 0.9218 0.0051 0.0057 0.0068 0.0059 0.0043 0.0064 0.0048 0.0105 
      H548.4  2 0.0384 0.0071 0.0107 0.0084 0.7546 0.0217 0.0224 0.0268 0.0167 0.0240 0.0201 0.0115 0.0378 
      H548.5  2 0.0059 0.0037 0.0041 0.0036 0.9334 0.0071 0.0060 0.0062 0.0057 0.0093 0.0048 0.0055 0.0047 
      H548.6  2 0.0089 0.0038 0.0082 0.0039 0.9131 0.0050 0.0047 0.0066 0.0085 0.0097 0.0107 0.0050 0.0120 
      H548.7  2 0.0098 0.0047 0.0056 0.0065 0.9220 0.0042 0.0072 0.0069 0.0070 0.0038 0.0062 0.0045 0.0115 
      H548.8  2 0.0074 0.0074 0.0049 0.0042 0.9025 0.0157 0.0113 0.0071 0.0058 0.0109 0.0093 0.0079 0.0058 
      H548.9  2 0.0130 0.0107 0.0052 0.0073 0.8627 0.0222 0.0109 0.0083 0.0106 0.0138 0.0144 0.0092 0.0117 
     H7389.1  2 0.0085 0.0098 0.9044 0.0060 0.0066 0.0057 0.0075 0.0059 0.0072 0.0122 0.0066 0.0070 0.0126 
     H7389.2  2 0.0058 0.0049 0.9139 0.0058 0.0155 0.0083 0.0059 0.0041 0.0077 0.0110 0.0050 0.0058 0.0062 
     H7389.3  2 0.0028 0.0035 0.9444 0.0055 0.0049 0.0041 0.0054 0.0037 0.0074 0.0060 0.0048 0.0036 0.0040 
     H7389.4  2 0.0068 0.0132 0.8811 0.0140 0.0263 0.0083 0.0088 0.0077 0.0034 0.0041 0.0052 0.0065 0.0146 
     H7389.5  2 0.0120 0.0085 0.8749 0.0067 0.0097 0.0125 0.0082 0.0078 0.0046 0.0077 0.0067 0.0107 0.0300 
     H7389.6  2 0.0035 0.0037 0.8303 0.0151 0.0045 0.0117 0.0212 0.0072 0.0061 0.0081 0.0078 0.0066 0.0742 
     H7389.7  2 0.0039 0.0038 0.9096 0.0057 0.0089 0.0045 0.0150 0.0061 0.0094 0.0061 0.0060 0.0033 0.0178 
     H7389.8  2 0.0143 0.0084 0.8480 0.0078 0.0243 0.0150 0.0081 0.0075 0.0057 0.0103 0.0100 0.0156 0.0251 
