      H008.1  2 0.0050 0.0184 0.0141 0.0111 0.0272 0.0057 0.0047 0.0064 0.0056 0.0139 0.0067 0.7520 0.0154 0.0067 0.0054 0.0146 0.0087 0.0109 0.0102 0.0066 0.0212 0.0292 
      H008.2  2 0.0134 0.0244 0.0234 0.0899 0.3394 0.0156 0.0297 0.0902 0.0282 0.0156 0.0191 0.1285 0.0385 0.0120 0.0091 0.0311 0.0056 0.0289 0.0076 0.0110 0.0206 0.0180 
      H008.3  2 0.0091 0.0063 0.0289 0.0760 0.2480 0.0263 0.0335 0.0152 0.0199 0.0136 0.0175 0.2344 0.0942 0.0152 0.0090 0.0215 0.0096 0.0440 0.0292 0.0200 0.0202 0.0085 
      H008.4  2 0.0247 0.0118 0.0252 0.0348 0.0455 0.0256 0.0160 0.0121 0.0361 0.0079 0.0089 0.6257 0.0116 0.0088 0.0072 0.0176 0.0112 0.0115 0.0070 0.0175 0.0101 0.0234 
      H008.5  2 0.0050 0.0054 0.0082 0.0080 0.0321 0.0212 0.0083 0.0052 0.0087 0.0073 0.0065 0.7977 0.0163 0.0077 0.0057 0.0075 0.0056 0.0085 0.0089 0.0102 0.0078 0.0081 
      H008.6  2 0.0176 0.0185 0.0611 0.0286 0.2020 0.0212 0.0128 0.0510 0.0502 0.0088 0.0085 0.3781 0.0385 0.0114 0.0086 0.0249 0.0040 0.0041 0.0065 0.0103 0.0192 0.0138 
      H008.7  2 0.0219 0.0219 0.0443 0.0751 0.2240 0.0402 0.0102 0.0189 0.0544 0.0226 0.0068 0.2255 0.0239 0.0084 0.0083 0.0095 0.0129 0.0373 0.0111 0.0168 0.0151 0.0910 
      H008.8  2 0.0070 0.0963 0.0742 0.0457 0.0203 0.0082 0.0200 0.3445 0.0078 0.0123 0.0100 0.1447 0.0112 0.0238 0.0127 0.0126 0.0093 0.0275 0.0204 0.0118 0.0499 0.0301 
      H008.9  2 0.0099 0.0116 0.2545 0.0348 0.2630 0.0112 0.0201 0.0728 0.0823 0.0067 0.0099 0.0531 0.0231 0.0335 0.0101 0.0416 0.0084 0.0093 0.0068 0.0140 0.0155 0.0079 
 H029.1_2002  2 0.0465 0.0238 0.0133 0.0145 0.0058 0.0319 0.0045 0.0198 0.0125 0.0061 0.0063 0.0392 0.0070 0.0122 0.0171 0.0084 0.0064 0.0082 0.0041 0.0086 0.0073 0.6966 
 H029.1_2003  2 0.0088 0.0076 0.0222 0.1145 0.0137 0.0607 0.0094 0.0269 0.0114 0.0114 0.0088 0.0090 0.0176 0.0166 0.0156 0.0091 0.0043 0.0052 0.0071 0.0618 0.0096 0.5488 
 H029.2_2002  2 0.0086 0.0042 0.0051 0.0086 0.0104 0.0096 0.0061 0.0041 0.0107 0.0053 0.0042 0.0105 0.0107 0.0051 0.0177 0.0071 0.0043 0.0114 0.0041 0.0221 0.0042 0.8261 
 H029.2_2003  2 0.0061 0.0068 0.0091 0.1178 0.0104 0.0269 0.0245 0.0081 0.0155 0.0147 0.0173 0.0117 0.0201 0.0148 0.0432 0.0092 0.0048 0.0085 0.0103 0.0319 0.0066 0.5820 
 H029.3_2002  2 0.0070 0.0052 0.0047 0.0113 0.0068 0.0068 0.0093 0.0076 0.0184 0.0082 0.0073 0.0054 0.0076 0.0060 0.0137 0.0079 0.0026 0.0133 0.0063 0.0181 0.0035 0.8232 
 H029.3_2003  2 0.0042 0.0028 0.0049 0.0116 0.0114 0.0376 0.0051 0.0086 0.0064 0.0139 0.0133 0.0244 0.0112 0.0047 0.0143 0.0159 0.0046 0.0103 0.0059 0.0175 0.0107 0.7608 
 H029.4_2002  2 0.0046 0.0034 0.0030 0.0045 0.0048 0.0061 0.0030 0.0052 0.0062 0.0066 0.0036 0.0050 0.0040 0.0035 0.0031 0.0059 0.0032 0.0058 0.0047 0.0047 0.0052 0.9039 
 H029.4_2003  2 0.0064 0.0147 0.0079 0.0401 0.0061 0.0544 0.0064 0.0133 0.0104 0.0368 0.0068 0.0073 0.0113 0.0112 0.0082 0.0135 0.0040 0.0046 0.0092 0.0132 0.0145 0.6997 
 H029.5_2002  2 0.0091 0.0068 0.0078 0.0072 0.0101 0.0211 0.0039 0.0062 0.0048 0.0046 0.0044 0.0263 0.0046 0.0055 0.0103 0.0148 0.0060 0.0072 0.0036 0.0142 0.0075 0.8139 
 H029.5_2003  2 0.0045 0.0056 0.0074 0.0228 0.0083 0.0090 0.0033 0.0122 0.0056 0.0085 0.0048 0.0082 0.0095 0.0071 0.0054 0.0067 0.0036 0.0039 0.0085 0.0087 0.0080 0.8384 
 H029.6_2002  2 0.0035 0.0032 0.0032 0.0044 0.0038 0.0100 0.0054 0.0048 0.0068 0.0047 0.0039 0.0050 0.0039 0.0040 0.0031 0.0050 0.0037 0.0062 0.0042 0.0056 0.0035 0.9019 
 H029.6_2003  2 0.0056 0.0110 0.0111 0.0613 0.0064 0.0230 0.0080 0.0110 0.0067 0.0290 0.0192 0.0410 0.0251 0.0096 0.0365 0.0250 0.0109 0.0065 0.0121 0.0486 0.0228 0.5698 
      H029.7  2 0.0049 0.0036 0.0053 0.0077 0.0051 0.0068 0.0059 0.0029 0.0069 0.0060 0.0030 0.0131 0.0069 0.0042 0.0063 0.0053 0.0027 0.0092 0.0038 0.0071 0.0040 0.8794 
      H030.1  2 0.0049 0.0079 0.0145 0.0535 0.0610 0.1637 0.0090 0.0166 0.0048 0.0359 0.3182 0.0276 0.0477 0.0117 0.0878 0.0201 0.0359 0.0131 0.0087 0.0115 0.0131 0.0327 
      H030.2  2 0.1203 0.0084 0.0088 0.0593 0.0321 0.0363 0.0039 0.0062 0.0532 0.0124 0.3483 0.0354 0.0088 0.0079 0.0089 0.0071 0.0299 0.1280 0.0311 0.0075 0.0201 0.0261 
      H038.1  2 0.0057 0.0079 0.0104 0.0061 0.0035 0.0045 0.0084 0.0073 0.0131 0.0035 0.0044 0.0187 0.0049 0.0063 0.0055 0.0048 0.0032 0.0037 0.0070 0.0056 0.0071 0.8585 
      H038.2  2 0.0049 0.0037 0.0033 0.0056 0.0053 0.0043 0.0027 0.0029 0.0038 0.0047 0.0049 0.0124 0.0055 0.0059 0.0060 0.0063 0.0059 0.0063 0.0047 0.0036 0.0042 0.8930 
      H038.3  2 0.0077 0.0142 0.0067 0.0096 0.0078 0.0039 0.0038 0.0039 0.0146 0.0050 0.0081 0.0109 0.0050 0.0043 0.0160 0.0098 0.0096 0.0048 0.0085 0.0040 0.0257 0.8163 
      H038.4  2 0.0060 0.0083 0.0065 0.0104 0.0084 0.0044 0.0051 0.0048 0.0151 0.0054 0.0050 0.0185 0.0048 0.0050 0.0101 0.0079 0.0111 0.0049 0.0071 0.0046 0.0273 0.8193 
      H038.5  2 0.0040 0.0055 0.0037 0.0060 0.0046 0.0045 0.0026 0.0061 0.0081 0.0063 0.0064 0.0050 0.0048 0.0036 0.0058 0.0155 0.0046 0.0051 0.0053 0.0037 0.0059 0.8830 
      H038.6  2 0.0076 0.0055 0.0038 0.0059 0.0049 0.0066 0.0037 0.0044 0.0059 0.0068 0.0060 0.0144 0.0058 0.0060 0.0054 0.0081 0.0023 0.0039 0.0052 0.0043 0.0041 0.8795 
      H038.7  2 0.0128 0.0047 0.0036 0.0077 0.0053 0.0055 0.0031 0.0041 0.0068 0.0082 0.0061 0.0427 0.0062 0.0044 0.0189 0.0142 0.0036 0.0027 0.0051 0.0034 0.0121 0.8192 
      H038.8  2 0.0069 0.0089 0.0052 0.0084 0.0051 0.0035 0.0038 0.0042 0.0342 0.0044 0.0073 0.0071 0.0049 0.0039 0.0071 0.0058 0.0090 0.0054 0.0083 0.0043 0.0159 0.8363 
      H041.1  2 0.0065 0.0071 0.0245 0.0785 0.0529 0.1183 0.0170 0.0037 0.0222 0.0903 0.0071 0.0375 0.0080 0.0049 0.0158 0.0125 0.0100 0.1146 0.0063 0.0182 0.2192 0.1248 
      H041.2  2 0.0155 0.0088 0.0144 0.0122 0.0420 0.2911 0.0063 0.0093 0.0124 0.0048 0.0078 0.0335 0.0093 0.0054 0.0144 0.0135 0.0073 0.0074 0.0060 0.0206 0.4103 0.0474 
      H041.4  2 0.0065 0.0136 0.0436 0.0329 0.0256 0.0650 0.0136 0.0090 0.0134 0.0079 0.0059 0.0128 0.0082 0.0096 0.0077 0.0157 0.0109 0.0073 0.0069 0.0347 0.0286 0.6206 
      H041.6  2 0.0167 0.0383 0.0471 0.0476 0.0159 0.1332 0.0237 0.0102 0.0134 0.0076 0.0151 0.0268 0.0065 0.0125 0.0212 0.0120 0.0180 0.0163 0.0134 0.0456 0.1112 0.3477 
 H042.1_2002  2 0.0119 0.0221 0.0200 0.0178 0.0051 0.6661 0.0084 0.0052 0.0126 0.0052 0.0063 0.0100 0.0136 0.0086 0.0086 0.0089 0.0476 0.0072 0.0904 0.0082 0.0115 0.0048 
 H042.1_2003  2 0.0233 0.0269 0.0274 0.0618 0.0851 0.0247 0.0083 0.0150 0.0503 0.0061 0.0309 0.1832 0.0370 0.0355 0.0418 0.0099 0.0149 0.0073 0.0257 0.0100 0.2617 0.0132 
 H042.2_2002  2 0.1213 0.0045 0.0053 0.0312 0.0055 0.1682 0.0078 0.0038 0.0248 0.0320 0.0045 0.0101 0.0184 0.0053 0.0061 0.0157 0.0068 0.0086 0.0723 0.0630 0.0068 0.3782 
 H042.2_2003  2 0.0091 0.0205 0.0535 0.0288 0.0189 0.3165 0.0111 0.0103 0.0058 0.0069 0.0114 0.1062 0.0174 0.0117 0.0104 0.0284 0.0128 0.0038 0.0101 0.0187 0.2484 0.0393 
 H042.3_2002  2 0.0429 0.0144 0.0118 0.0259 0.0119 0.3147 0.0099 0.0031 0.0110 0.0173 0.0075 0.0065 0.0186 0.0056 0.0067 0.0153 0.0139 0.0048 0.4045 0.0197 0.0266 0.0072 
 H042.3_2003  2 0.0389 0.0250 0.0112 0.1134 0.0174 0.1029 0.0097 0.0038 0.0208 0.0523 0.0089 0.0155 0.0150 0.0087 0.0064 0.0151 0.0121 0.0318 0.3881 0.0208 0.0602 0.0220 
 H042.4_2002  2 0.0056 0.0141 0.0226 0.0289 0.0066 0.7236 0.0057 0.0055 0.0159 0.0071 0.0082 0.0082 0.0115 0.0114 0.0064 0.0110 0.0181 0.0082 0.0173 0.0209 0.0112 0.0318 
 H042.4_2003  2 0.0083 0.0583 0.0181 0.0417 0.0125 0.5344 0.0188 0.0037 0.0056 0.0079 0.0084 0.0157 0.0095 0.0324 0.0248 0.0115 0.0257 0.0207 0.0064 0.0243 0.0160 0.0953 
      H042.5  2 0.0046 0.0066 0.0069 0.0065 0.0101 0.8645 0.0098 0.0036 0.0030 0.0069 0.0040 0.0044 0.0083 0.0087 0.0049 0.0062 0.0064 0.0052 0.0060 0.0095 0.0052 0.0086 
      H042.6  2 0.0129 0.0449 0.0071 0.0178 0.0046 0.6789 0.0324 0.0038 0.0114 0.0140 0.0058 0.0106 0.0059 0.0369 0.0115 0.0094 0.0093 0.0075 0.0447 0.0091 0.0053 0.0161 
      H042.7  2 0.0701 0.0439 0.0118 0.0379 0.0113 0.4071 0.0091 0.0063 0.0054 0.0126 0.0047 0.0077 0.0090 0.0054 0.0339 0.0115 0.0517 0.0060 0.1260 0.0678 0.0361 0.0248 
      H042.8  2 0.0357 0.0069 0.0145 0.0184 0.0156 0.6789 0.0186 0.0058 0.0192 0.0109 0.0036 0.0136 0.0155 0.0058 0.0072 0.0096 0.0123 0.0029 0.0241 0.0254 0.0474 0.0081 
   H042_2002  2 0.2058 0.0626 0.0306 0.0689 0.0289 0.0394 0.0609 0.0088 0.0379 0.0127 0.0095 0.0580 0.0238 0.0829 0.0224 0.0309 0.0114 0.0042 0.0745 0.0343 0.0547 0.0370 
   H042_2003  2 0.2059 0.0576 0.0277 0.1064 0.0338 0.0494 0.0640 0.0077 0.0399 0.0140 0.0080 0.0621 0.0198 0.0835 0.0265 0.0276 0.0108 0.0046 0.0573 0.0265 0.0387 0.0282 
      H043.1  2 0.0065 0.2903 0.0039 0.0297 0.0188 0.0050 0.0102 0.0078 0.0325 0.2260 0.0114 0.0094 0.0064 0.0160 0.0103 0.0112 0.0042 0.0090 0.0174 0.0030 0.2580 0.0130 
      H043.2  2 0.0047 0.4338 0.0080 0.0274 0.0050 0.0032 0.0259 0.0178 0.0650 0.0064 0.0050 0.0156 0.0077 0.0456 0.0070 0.0049 0.0036 0.0030 0.0393 0.0092 0.2471 0.0148 
      H043.3  2 0.0152 0.3208 0.0122 0.0518 0.0105 0.0074 0.0114 0.0088 0.0199 0.0688 0.0064 0.0621 0.0079 0.0163 0.0426 0.0084 0.0033 0.0032 0.0656 0.0067 0.2170 0.0337 
      H043.4  2 0.0097 0.3737 0.0074 0.0281 0.0147 0.0047 0.0348 0.0036 0.0376 0.0720 0.0061 0.0144 0.0080 0.0535 0.0195 0.0050 0.0043 0.0039 0.0274 0.0048 0.2532 0.0135 
      H043.5  2 0.0067 0.3478 0.0073 0.0193 0.0095 0.0052 0.0045 0.0187 0.1099 0.0101 0.0045 0.0186 0.0070 0.0154 0.0081 0.0124 0.0045 0.0040 0.0496 0.0047 0.3061 0.0263 
      H043.6  2 0.0078 0.3952 0.0122 0.0223 0.0032 0.0051 0.0072 0.0069 0.1009 0.0201 0.0084 0.0225 0.0088 0.0105 0.0078 0.0059 0.0038 0.0028 0.0616 0.0099 0.1808 0.0964 
      H043.7  2 0.0098 0.4517 0.0083 0.0207 0.0044 0.0047 0.0251 0.0042 0.0515 0.0291 0.0065 0.0082 0.0046 0.0064 0.0494 0.0043 0.0033 0.0027 0.0126 0.0032 0.2778 0.0115 
      H043.8  2 0.0071 0.3950 0.0045 0.0342 0.0038 0.0040 0.0113 0.0237 0.0128 0.0917 0.0149 0.0121 0.0051 0.0077 0.0141 0.0138 0.0057 0.0088 0.0534 0.0036 0.2629 0.0097 
      H043.9  2 0.0130 0.2763 0.0048 0.0197 0.0071 0.0078 0.0149 0.0084 0.0178 0.2917 0.0082 0.0117 0.0057 0.0180 0.0125 0.0171 0.0047 0.0070 0.0103 0.0038 0.1968 0.0426 
      H047.1  2 0.0355 0.0175 0.0076 0.0124 0.4023 0.0053 0.0060 0.0033 0.0064 0.0026 0.0048 0.3678 0.0115 0.0044 0.0077 0.0239 0.0038 0.0037 0.0143 0.0042 0.0100 0.0448 
      H047.2  2 0.0100 0.0137 0.0135 0.0131 0.6241 0.0077 0.0055 0.0063 0.0036 0.0121 0.0046 0.0226 0.0198 0.0082 0.0321 0.0090 0.0088 0.0113 0.0055 0.0112 0.0199 0.1373 
      H047.3  2 0.0271 0.0139 0.0092 0.0155 0.5855 0.0117 0.0116 0.0056 0.0045 0.0118 0.0067 0.0358 0.0210 0.0072 0.0356 0.0070 0.0095 0.0181 0.0078 0.0190 0.0430 0.0930 
      H047.4  2 0.0333 0.0291 0.0181 0.0341 0.3001 0.0177 0.0067 0.0108 0.0036 0.0105 0.0059 0.0514 0.0108 0.0081 0.0582 0.0302 0.0113 0.0057 0.0060 0.0130 0.1003 0.2352 
      H047.5  2 0.0593 0.0132 0.0112 0.0173 0.5563 0.0063 0.0336 0.0039 0.0034 0.0159 0.0062 0.1042 0.0163 0.0063 0.0198 0.0133 0.0101 0.0045 0.0135 0.0209 0.0221 0.0425 
      H047.6  2 0.0288 0.0138 0.0092 0.0100 0.6999 0.0203 0.0060 0.0053 0.0056 0.0075 0.0044 0.0099 0.0061 0.0046 0.0156 0.0060 0.0068 0.0065 0.0036 0.0137 0.0535 0.0628 
      H047.7  2 0.1159 0.0121 0.0057 0.0139 0.3538 0.0105 0.0061 0.0029 0.0099 0.0041 0.0051 0.1637 0.0083 0.0041 0.0059 0.0233 0.0097 0.0112 0.0121 0.0071 0.0238 0.1907 
      H047.8  2 0.0376 0.0185 0.0071 0.0178 0.6544 0.0213 0.0091 0.0042 0.0034 0.0069 0.0048 0.0262 0.0142 0.0072 0.0164 0.0063 0.0056 0.0059 0.0074 0.0087 0.0749 0.0420 
      H047.9  2 0.1262 0.0154 0.0129 0.0290 0.3727 0.0102 0.0246 0.0036 0.0033 0.0061 0.0065 0.0960 0.0276 0.0082 0.0134 0.0347 0.0178 0.0064 0.0409 0.0145 0.0117 0.1181 
 H071.1_2002  2 0.0095 0.0130 0.0066 0.0107 0.0045 0.0057 0.0111 0.0037 0.0063 0.0099 0.0118 0.6605 0.0106 0.0084 0.0082 0.0050 0.0048 0.0030 0.0177 0.0065 0.0130 0.1696 
 H071.1_2003  2 0.0080 0.0371 0.0286 0.0117 0.0079 0.0069 0.0271 0.0042 0.0101 0.0133 0.0477 0.6599 0.0109 0.0156 0.0172 0.0082 0.0057 0.0031 0.0093 0.0162 0.0307 0.0205 
     H071.10  2 0.0156 0.0079 0.0041 0.0081 0.0032 0.0045 0.0059 0.0083 0.0080 0.0117 0.0382 0.0170 0.0036 0.0052 0.0061 0.0075 0.0094 0.0052 0.0637 0.0029 0.0049 0.7592 
 H071.2_2002  2 0.0093 0.0298 0.0157 0.0125 0.0076 0.0042 0.0190 0.0285 0.0094 0.0069 0.0115 0.1975 0.0079 0.0177 0.0082 0.0110 0.0053 0.0039 0.0168 0.0106 0.0117 0.5550 
 H071.2_2003  2 0.0045 0.0055 0.0052 0.0054 0.0044 0.0052 0.0062 0.0031 0.0033 0.0045 0.0063 0.8636 0.0068 0.0058 0.0039 0.0045 0.0029 0.0033 0.0053 0.0043 0.0037 0.0423 
      H071.3  2 0.0079 0.0047 0.0049 0.0197 0.0113 0.0050 0.0050 0.0075 0.0076 0.0096 0.0126 0.7563 0.0049 0.0040 0.0079 0.0143 0.0073 0.0062 0.0449 0.0033 0.0230 0.0319 
 H071.4_2002  2 0.0106 0.0098 0.0059 0.0099 0.0046 0.0043 0.0069 0.0084 0.0087 0.0160 0.0174 0.0073 0.0042 0.0098 0.0055 0.0061 0.0203 0.0042 0.0429 0.0047 0.0045 0.7880 
 H071.4_2003  2 0.0073 0.0043 0.0035 0.0070 0.0061 0.0042 0.0047 0.0082 0.0034 0.0067 0.0063 0.8387 0.0062 0.0057 0.0053 0.0098 0.0054 0.0054 0.0233 0.0027 0.0038 0.0321 
 H071.5_2002  2 0.0178 0.0064 0.0051 0.0121 0.0039 0.0065 0.0075 0.0059 0.0049 0.0105 0.0188 0.3580 0.0039 0.0045 0.0059 0.0051 0.0082 0.0066 0.0278 0.0034 0.0060 0.4711 
 H071.5_2003  2 0.0145 0.0075 0.0076 0.0085 0.0056 0.0034 0.0053 0.0068 0.0034 0.0107 0.0086 0.8150 0.0106 0.0083 0.0117 0.0219 0.0062 0.0037 0.0202 0.0048 0.0066 0.0089 
 H071.6_2002  2 0.0400 0.0124 0.0045 0.0194 0.0047 0.0043 0.0089 0.0391 0.0061 0.0120 0.0199 0.3749 0.0046 0.0157 0.0103 0.0174 0.0073 0.0057 0.1456 0.0048 0.0049 0.2375 
 H071.6_2003  2 0.0122 0.0101 0.0086 0.0071 0.0038 0.0049 0.0047 0.0046 0.0033 0.0108 0.0257 0.8274 0.0046 0.0043 0.0106 0.0108 0.0056 0.0042 0.0148 0.0028 0.0080 0.0111 
 H071.7_2002  2 0.0110 0.0048 0.0050 0.0050 0.0045 0.0036 0.0063 0.0061 0.0034 0.0048 0.0036 0.8799 0.0037 0.0046 0.0091 0.0053 0.0032 0.0033 0.0077 0.0035 0.0051 0.0163 
 H071.7_2003  2 0.0091 0.0174 0.0066 0.0096 0.0054 0.0043 0.0074 0.0038 0.0052 0.0211 0.0224 0.7676 0.0072 0.0095 0.0059 0.0111 0.0139 0.0039 0.0229 0.0033 0.0156 0.0267 
      H071.8  2 0.0061 0.0127 0.0129 0.0108 0.0121 0.0057 0.0174 0.0411 0.0061 0.0057 0.0056 0.1542 0.0065 0.0094 0.0064 0.0086 0.0046 0.0031 0.0120 0.0086 0.0079 0.6425 
      H071.9  2 0.0141 0.0178 0.0147 0.0244 0.0112 0.0080 0.0088 0.0306 0.0075 0.0635 0.0084 0.0114 0.0049 0.0129 0.0082 0.0457 0.0149 0.0069 0.0262 0.0143 0.0152 0.6307 
 H081.1_2002  2 0.0082 0.0052 0.0108 0.0084 0.0056 0.0075 0.0191 0.0050 0.0065 0.0054 0.0082 0.7803 0.0052 0.0067 0.0069 0.0064 0.0105 0.0119 0.0055 0.0125 0.0050 0.0591 
 H081.1_2003  2 0.0180 0.0168 0.0617 0.0865 0.0150 0.0394 0.0131 0.0136 0.1927 0.0157 0.0577 0.0492 0.0211 0.0823 0.1786 0.0124 0.0100 0.0138 0.0132 0.0272 0.0274 0.0345 
 H081.2_2002  2 0.0061 0.0088 0.0070 0.0088 0.0131 0.0050 0.0722 0.0054 0.0040 0.0081 0.0047 0.7194 0.0047 0.0081 0.0158 0.0042 0.0092 0.0043 0.0043 0.0159 0.0041 0.0668 
 H081.2_2003  2 0.0042 0.0169 0.0117 0.1387 0.0093 0.0166 0.0474 0.0269 0.0073 0.0175 0.4247 0.0336 0.0126 0.0407 0.0139 0.0764 0.0078 0.0355 0.0189 0.0064 0.0224 0.0109 
 H081.3_2002  2 0.0051 0.0322 0.0103 0.0126 0.0376 0.0078 0.0505 0.0243 0.0063 0.0062 0.0129 0.1357 0.0043 0.0187 0.0124 0.0101 0.0077 0.0063 0.0075 0.0060 0.0112 0.5743 
 H081.3_2003  2 0.0079 0.0731 0.0127 0.0781 0.0100 0.0132 0.0269 0.0554 0.0099 0.0458 0.4026 0.0098 0.0133 0.1252 0.0078 0.0220 0.0137 0.0134 0.0152 0.0119 0.0165 0.0155 
 H081.4_2002  2 0.0059 0.0064 0.0052 0.0098 0.0068 0.0054 0.0042 0.0083 0.0046 0.0050 0.0090 0.8078 0.0093 0.0059 0.0082 0.0078 0.0070 0.0099 0.0130 0.0048 0.0061 0.0493 
 H081.4_2003  2 0.0101 0.0254 0.0768 0.0630 0.0067 0.0671 0.0265 0.0183 0.0146 0.0296 0.2643 0.0296 0.0274 0.1598 0.0654 0.0135 0.0247 0.0136 0.0172 0.0246 0.0121 0.0095 
 H081.5_2002  2 0.0067 0.0136 0.0119 0.0102 0.0085 0.0089 0.0076 0.0089 0.0062 0.0068 0.0255 0.7792 0.0065 0.0128 0.0125 0.0083 0.0046 0.0045 0.0093 0.0043 0.0092 0.0339 
 H081.5_2003  2 0.0169 0.0181 0.0926 0.0665 0.0134 0.0322 0.0555 0.0102 0.0223 0.0239 0.0807 0.0860 0.0170 0.0350 0.2737 0.0077 0.0227 0.0129 0.0143 0.0307 0.0556 0.0122 
      H081.6  2 0.0075 0.0040 0.0057 0.0072 0.0037 0.0050 0.0065 0.0037 0.0042 0.0045 0.0059 0.8854 0.0054 0.0051 0.0055 0.0053 0.0044 0.0040 0.0070 0.0052 0.0042 0.0105 
      H081.7  2 0.0080 0.0215 0.0077 0.0204 0.0098 0.0055 0.1791 0.0184 0.0070 0.0068 0.0219 0.3804 0.0052 0.0124 0.0171 0.0119 0.0149 0.0074 0.0118 0.0099 0.0082 0.2148 
      H081.8  2 0.0076 0.0121 0.0138 0.0210 0.0069 0.0091 0.0100 0.0338 0.0093 0.0076 0.0276 0.0371 0.0055 0.0133 0.0102 0.0233 0.0136 0.0129 0.0239 0.0061 0.0138 0.6815 
      H083.1  2 0.0301 0.0039 0.0032 0.0133 0.0108 0.0161 0.0076 0.0049 0.0077 0.0079 0.0100 0.0622 0.0064 0.0063 0.0126 0.0052 0.0045 0.0220 0.0132 0.0128 0.0057 0.7337 
      H083.2  2 0.0081 0.0105 0.0056 0.0090 0.0186 0.0050 0.0114 0.0049 0.0053 0.0184 0.0056 0.0130 0.0062 0.0087 0.0098 0.0046 0.0055 0.0084 0.0077 0.0058 0.0075 0.8203 
      H083.4  2 0.0094 0.0122 0.0038 0.0078 0.0083 0.0083 0.0144 0.0245 0.0100 0.0101 0.0057 0.0231 0.0052 0.0079 0.0086 0.0045 0.0076 0.0464 0.0172 0.0052 0.0060 0.7536 
      H083.5  2 0.0085 0.0045 0.0058 0.0081 0.0182 0.0089 0.0121 0.0081 0.0157 0.0049 0.0039 0.0400 0.0079 0.0068 0.0113 0.0060 0.0053 0.0488 0.0063 0.0194 0.0053 0.7440 
      H083.6  2 0.0081 0.0043 0.0057 0.0222 0.0072 0.0104 0.0189 0.0228 0.0086 0.0077 0.0128 0.0451 0.0065 0.0071 0.0148 0.0087 0.0084 0.0726 0.0188 0.0250 0.0047 0.6596 
      H083.7  2 0.0081 0.0117 0.0051 0.0107 0.0076 0.0045 0.0127 0.0137 0.0100 0.0070 0.0041 0.0071 0.0053 0.0049 0.0063 0.0056 0.0157 0.0786 0.0130 0.0078 0.0055 0.7550 
      H083.8  2 0.0073 0.0083 0.0068 0.0081 0.0362 0.0044 0.0088 0.0041 0.0040 0.0120 0.0036 0.0140 0.0061 0.0083 0.0103 0.0040 0.0075 0.0092 0.0053 0.0063 0.0062 0.8192 
      H083.9  2 0.0098 0.0036 0.0048 0.0098 0.0156 0.0173 0.0101 0.0042 0.0065 0.0048 0.0051 0.0786 0.0051 0.0052 0.0107 0.0066 0.0050 0.0991 0.0062 0.0142 0.0044 0.6732 
      H084.1  2 0.0183 0.0065 0.0072 0.0748 0.0136 0.0137 0.0077 0.0065 0.0649 0.1176 0.3187 0.0055 0.0111 0.0293 0.0066 0.1933 0.0127 0.0094 0.0069 0.0360 0.0154 0.0242 
      H084.2  2 0.0053 0.0129 0.0055 0.0274 0.0045 0.0165 0.0035 0.0094 0.0558 0.3424 0.2850 0.0041 0.0072 0.0440 0.0087 0.0796 0.0051 0.0055 0.0105 0.0064 0.0196 0.0410 
      H084.3  2 0.0331 0.0076 0.0050 0.0463 0.0091 0.0223 0.0061 0.0056 0.2488 0.0225 0.2700 0.0070 0.0191 0.0290 0.0237 0.0197 0.1086 0.0142 0.0087 0.0504 0.0324 0.0108 
      H084.4  2 0.0174 0.0108 0.0051 0.0519 0.0139 0.0424 0.0035 0.0133 0.2238 0.0309 0.1557 0.0050 0.0119 0.0399 0.0410 0.1418 0.0188 0.0051 0.0093 0.0213 0.1071 0.0303 
      H084.5  2 0.1449 0.0084 0.0067 0.0457 0.0250 0.0084 0.0099 0.0077 0.0696 0.0490 0.2370 0.0080 0.0125 0.0100 0.0404 0.1506 0.0153 0.0065 0.0072 0.0584 0.0720 0.0069 
      H084.6  2 0.0375 0.0089 0.0044 0.0310 0.0157 0.0107 0.0054 0.0149 0.0941 0.0137 0.4794 0.0042 0.0069 0.0157 0.0080 0.0558 0.0474 0.0520 0.0064 0.0263 0.0541 0.0073 
      H084.7  2 0.0080 0.0077 0.0076 0.0317 0.0073 0.0205 0.0046 0.0111 0.0174 0.2018 0.3173 0.0063 0.0083 0.0105 0.0088 0.2569 0.0103 0.0071 0.0156 0.0093 0.0099 0.0221 
      H084.8  2 0.0236 0.0060 0.0058 0.0298 0.0190 0.0110 0.0078 0.0117 0.1798 0.0217 0.2659 0.0049 0.0131 0.0093 0.0090 0.1877 0.0198 0.0081 0.0060 0.0973 0.0542 0.0086 
 H085.1_2002  2 0.0133 0.0097 0.0083 0.0092 0.0067 0.0133 0.8055 0.0063 0.0132 0.0145 0.0141 0.0128 0.0041 0.0162 0.0051 0.0053 0.0052 0.0075 0.0058 0.0044 0.0047 0.0147 
 H085.1_2003  2 0.0061 0.0097 0.0094 0.0886 0.0136 0.0440 0.1287 0.0165 0.0185 0.0486 0.0108 0.2876 0.0055 0.0156 0.0151 0.0103 0.0126 0.0753 0.0170 0.0124 0.0566 0.0976 
 H085.2_2002  2 0.0145 0.0436 0.1121 0.0622 0.0076 0.0282 0.2129 0.0103 0.0654 0.0167 0.0230 0.0078 0.0066 0.0864 0.0218 0.0090 0.0230 0.1170 0.0574 0.0125 0.0123 0.0496 
 H085.2_2003  2 0.0090 0.0124 0.0158 0.0338 0.0303 0.0643 0.0244 0.0194 0.0103 0.0483 0.0129 0.4377 0.0128 0.0218 0.0237 0.0143 0.0083 0.0435 0.0151 0.0051 0.0144 0.1224 
 H085.3_2002  2 0.0033 0.0086 0.0435 0.0128 0.0053 0.0238 0.7480 0.0039 0.0040 0.0075 0.0045 0.0107 0.0045 0.0215 0.0231 0.0045 0.0063 0.0191 0.0130 0.0071 0.0196 0.0054 
 H085.3_2003  2 0.0028 0.0046 0.0044 0.0088 0.0074 0.0065 0.0105 0.0034 0.0033 0.0105 0.0052 0.8221 0.0071 0.0038 0.0198 0.0036 0.0051 0.0052 0.0160 0.0031 0.0418 0.0049 
 H085.4_2002  2 0.0148 0.0724 0.0272 0.0251 0.0087 0.0182 0.4520 0.0113 0.0332 0.0164 0.0275 0.0317 0.0091 0.0485 0.0093 0.0104 0.0135 0.0261 0.0400 0.0188 0.0120 0.0738 
 H085.4_2003  2 0.0362 0.0198 0.0408 0.0155 0.0093 0.0799 0.0116 0.0050 0.0069 0.0078 0.0363 0.3948 0.0072 0.0081 0.0218 0.0106 0.0197 0.0081 0.0137 0.0067 0.1092 0.1310 
 H085.5_2002  2 0.0038 0.0096 0.0266 0.0118 0.0049 0.0062 0.8110 0.0030 0.0039 0.0086 0.0040 0.0299 0.0063 0.0060 0.0123 0.0049 0.0070 0.0044 0.0081 0.0061 0.0174 0.0042 
 H085.5_2003  2 0.0051 0.0074 0.0051 0.0157 0.0100 0.0219 0.0197 0.0073 0.0069 0.0191 0.0124 0.7282 0.0088 0.0131 0.0089 0.0094 0.0064 0.0426 0.0115 0.0035 0.0076 0.0294 
 H085.6_2002  2 0.0056 0.0118 0.0172 0.0167 0.0070 0.0169 0.7198 0.0072 0.0090 0.0200 0.0056 0.0088 0.0038 0.0820 0.0141 0.0065 0.0044 0.0119 0.0069 0.0063 0.0092 0.0091 
 H085.6_2003  2 0.0044 0.0213 0.0576 0.0221 0.0145 0.0191 0.0202 0.0065 0.0059 0.0109 0.0104 0.1591 0.0121 0.0119 0.3408 0.0095 0.0206 0.0052 0.0085 0.0107 0.2193 0.0093 
 H085.7_2002  2 0.0066 0.0116 0.1075 0.0389 0.0246 0.0618 0.3873 0.0091 0.0133 0.0086 0.0173 0.0526 0.0085 0.0480 0.0630 0.0056 0.0128 0.0522 0.0248 0.0066 0.0120 0.0274 
 H085.7_2003  2 0.0048 0.0098 0.0093 0.0286 0.0135 0.0106 0.0136 0.0052 0.0079 0.0282 0.0047 0.6846 0.0104 0.0074 0.0095 0.0063 0.0132 0.0089 0.0262 0.0097 0.0531 0.0345 
 H085.8_2002  2 0.0052 0.0247 0.0785 0.0825 0.0080 0.0164 0.1444 0.0162 0.0171 0.0118 0.0166 0.0389 0.0056 0.0413 0.1965 0.0087 0.0152 0.0185 0.0876 0.0137 0.1374 0.0149 
 H085.8_2003  2 0.0191 0.0202 0.0333 0.0730 0.0281 0.2280 0.0560 0.0055 0.0174 0.0395 0.0112 0.1071 0.0130 0.0199 0.0307 0.0318 0.0348 0.0960 0.0168 0.0088 0.0264 0.0833 
      H085.9  2 0.0094 0.0122 0.0358 0.0144 0.0064 0.0423 0.6385 0.0113 0.0343 0.0125 0.0160 0.0424 0.0086 0.0176 0.0129 0.0056 0.0094 0.0118 0.0166 0.0081 0.0136 0.0204 
      H088.1  2 0.0044 0.0071 0.0206 0.0160 0.0096 0.6189 0.0172 0.0348 0.0071 0.0108 0.0075 0.0061 0.0156 0.0356 0.0071 0.0180 0.0183 0.0125 0.0127 0.0958 0.0037 0.0206 
      H088.2  2 0.0131 0.0101 0.0142 0.0136 0.0125 0.7279 0.0134 0.0099 0.0078 0.0160 0.0062 0.0044 0.0072 0.0168 0.0118 0.0099 0.0132 0.0069 0.0077 0.0640 0.0042 0.0092 
      H088.3  2 0.0096 0.0078 0.0088 0.0071 0.0113 0.7992 0.0100 0.0117 0.0056 0.0107 0.0046 0.0044 0.0059 0.0173 0.0155 0.0097 0.0056 0.0049 0.0051 0.0346 0.0041 0.0065 
      H088.4  2 0.0065 0.0121 0.0069 0.0064 0.0041 0.8349 0.0041 0.0136 0.0054 0.0092 0.0104 0.0060 0.0100 0.0099 0.0070 0.0123 0.0033 0.0035 0.0054 0.0088 0.0057 0.0145 
      H088.5  2 0.0044 0.0077 0.0080 0.0067 0.0049 0.8631 0.0047 0.0111 0.0045 0.0052 0.0046 0.0036 0.0047 0.0108 0.0037 0.0127 0.0043 0.0045 0.0058 0.0130 0.0048 0.0073 
      H088.6  2 0.0061 0.0069 0.0069 0.0100 0.0112 0.8024 0.0051 0.0246 0.0055 0.0061 0.0079 0.0052 0.0099 0.0087 0.0057 0.0216 0.0069 0.0063 0.0083 0.0132 0.0065 0.0150 
      H088.7  2 0.0116 0.0057 0.0066 0.0063 0.0264 0.7946 0.0086 0.0077 0.0057 0.0109 0.0052 0.0071 0.0056 0.0063 0.0093 0.0161 0.0069 0.0059 0.0042 0.0137 0.0060 0.0293 
      H088.8  2 0.0066 0.0063 0.0099 0.0242 0.0168 0.6772 0.0060 0.0280 0.0057 0.0082 0.0084 0.0119 0.0101 0.0151 0.0081 0.0278 0.0092 0.0056 0.0071 0.0109 0.0082 0.0889 
      H091.1  2 0.0049 0.0082 0.0062 0.0262 0.0078 0.7302 0.0084 0.0048 0.0054 0.0157 0.0059 0.0437 0.0071 0.0058 0.0094 0.0045 0.0105 0.0096 0.0401 0.0052 0.0318 0.0086 
      H091.2  2 0.0073 0.0091 0.0105 0.0277 0.0138 0.6333 0.0054 0.0081 0.0043 0.0208 0.0034 0.0334 0.0084 0.0039 0.0047 0.0061 0.0194 0.0256 0.0511 0.0064 0.0823 0.0149 
      H109.1  2 0.0176 0.0089 0.0061 0.0326 0.0487 0.0036 0.0130 0.0294 0.0122 0.0429 0.0079 0.0063 0.0103 0.0095 0.0044 0.6566 0.0054 0.0328 0.0047 0.0242 0.0134 0.0095 
      H109.2  2 0.0061 0.0060 0.0057 0.0050 0.0049 0.0044 0.0034 0.0047 0.0044 0.0058 0.0080 0.0055 0.0029 0.0047 0.0060 0.8913 0.0061 0.0049 0.0045 0.0055 0.0034 0.0068 
      H109.3  2 0.0078 0.0107 0.0052 0.0138 0.0297 0.0072 0.0040 0.0097 0.0075 0.0688 0.0076 0.0071 0.0111 0.0083 0.0109 0.7054 0.0066 0.0089 0.0115 0.0135 0.0354 0.0095 
      H109.4  2 0.0069 0.0110 0.0060 0.0097 0.0082 0.0048 0.0036 0.0136 0.0096 0.0127 0.0055 0.0046 0.0065 0.0085 0.0069 0.8329 0.0049 0.0056 0.0102 0.0081 0.0141 0.0061 
      H109.5  2 0.0067 0.0061 0.0058 0.0075 0.0074 0.0120 0.0040 0.0044 0.0040 0.0093 0.0065 0.0099 0.0061 0.0044 0.0063 0.8259 0.0057 0.0045 0.0041 0.0291 0.0112 0.0190 
      H109.6  2 0.0160 0.0090 0.0144 0.0333 0.0162 0.0052 0.0045 0.0438 0.0067 0.0140 0.0200 0.0069 0.0077 0.0076 0.0135 0.7184 0.0165 0.0064 0.0073 0.0182 0.0063 0.0080 
      H126.1  2 0.1512 0.2384 0.0301 0.1239 0.0100 0.0124 0.0881 0.0170 0.0082 0.0905 0.0058 0.0070 0.0334 0.0231 0.0168 0.0361 0.0070 0.0092 0.0577 0.0173 0.0069 0.0097 
      H126.2  2 0.0480 0.0885 0.0103 0.4298 0.0320 0.0126 0.0504 0.0075 0.0190 0.0120 0.0063 0.0479 0.0154 0.0213 0.0180 0.0618 0.0067 0.0107 0.0565 0.0050 0.0072 0.0333 
      H126.3  2 0.4195 0.0141 0.0073 0.2273 0.0067 0.0515 0.0163 0.0120 0.0058 0.0260 0.0037 0.0080 0.0056 0.0104 0.0044 0.0083 0.0046 0.0173 0.0347 0.0076 0.0055 0.1038 
      H126.4  2 0.0354 0.2133 0.0370 0.3259 0.0154 0.0182 0.0177 0.0144 0.0098 0.0280 0.0112 0.0168 0.0500 0.0123 0.0140 0.0126 0.0101 0.0160 0.0813 0.0224 0.0090 0.0292 
      H126.5  2 0.1121 0.1019 0.0675 0.0790 0.0064 0.0062 0.0272 0.0102 0.0042 0.0088 0.0077 0.2057 0.0413 0.0334 0.0474 0.0340 0.0101 0.0080 0.1561 0.0058 0.0078 0.0194 
      H126.6  2 0.3314 0.0127 0.0117 0.1148 0.0134 0.0100 0.2136 0.0042 0.0048 0.0083 0.0056 0.0541 0.0079 0.0349 0.0140 0.0069 0.0033 0.0068 0.0098 0.0050 0.0052 0.1217 
      H126.7  2 0.0241 0.0096 0.0056 0.0618 0.0097 0.0678 0.0490 0.0098 0.0028 0.0132 0.0092 0.3146 0.0120 0.0194 0.0369 0.0183 0.0069 0.0118 0.0740 0.0061 0.0106 0.2271 
      H130.1  2 0.0071 0.0295 0.2267 0.0193 0.0122 0.0214 0.0077 0.0224 0.0061 0.0171 0.0070 0.0077 0.0156 0.4849 0.0175 0.0242 0.0108 0.0066 0.0098 0.0195 0.0183 0.0086 
      H130.2  2 0.0056 0.0254 0.1186 0.0866 0.0404 0.0209 0.0133 0.0605 0.0065 0.0184 0.2628 0.0215 0.0217 0.1041 0.0407 0.0408 0.0205 0.0344 0.0064 0.0078 0.0247 0.0184 
      H130.3  2 0.0049 0.0088 0.0489 0.1096 0.0134 0.0210 0.0042 0.0157 0.0039 0.0285 0.0571 0.0295 0.1815 0.3868 0.0215 0.0063 0.0118 0.0039 0.0049 0.0084 0.0058 0.0235 
      H130.4  2 0.0069 0.0538 0.2792 0.0447 0.0233 0.0228 0.0189 0.0441 0.0207 0.0384 0.0247 0.0042 0.0673 0.2513 0.0110 0.0121 0.0189 0.0165 0.0064 0.0120 0.0103 0.0124 
      H130.5  2 0.0055 0.0160 0.2938 0.0439 0.0064 0.0320 0.0217 0.0176 0.0050 0.0105 0.0942 0.0338 0.0079 0.2471 0.0426 0.0145 0.0167 0.0141 0.0061 0.0153 0.0095 0.0460 
      H133.1  2 0.0073 0.0728 0.0192 0.0168 0.0174 0.0097 0.0106 0.0069 0.0294 0.6210 0.0122 0.0129 0.0165 0.0104 0.0098 0.0191 0.0074 0.0082 0.0053 0.0112 0.0413 0.0347 
      H133.2  2 0.0099 0.1847 0.0252 0.0389 0.0195 0.0214 0.0248 0.0109 0.0065 0.2312 0.0372 0.0110 0.0116 0.0422 0.0141 0.1237 0.0059 0.0057 0.0061 0.0171 0.1444 0.0081 
      H133.3  2 0.0094 0.0125 0.0170 0.0484 0.0176 0.0257 0.0238 0.0046 0.0302 0.6049 0.0101 0.0131 0.0069 0.0113 0.0101 0.0299 0.0091 0.0085 0.0060 0.0308 0.0247 0.0455 
      H133.4  2 0.0062 0.1037 0.0151 0.0129 0.0266 0.0081 0.0141 0.0146 0.0287 0.4376 0.0106 0.0085 0.0159 0.0085 0.0141 0.0219 0.0066 0.0078 0.0063 0.0102 0.2060 0.0160 
      H133.5  2 0.0052 0.0351 0.0104 0.0285 0.0072 0.0118 0.0279 0.0161 0.0075 0.6884 0.0194 0.0054 0.0128 0.0413 0.0105 0.0184 0.0038 0.0066 0.0065 0.0065 0.0244 0.0062 
      H133.6  2 0.0091 0.1845 0.0195 0.0402 0.0080 0.0368 0.0272 0.0171 0.0061 0.3983 0.0195 0.0054 0.0114 0.0732 0.0237 0.0355 0.0097 0.0096 0.0128 0.0172 0.0169 0.0183 
      H133.7  2 0.0048 0.0557 0.0316 0.0235 0.0593 0.0138 0.0192 0.0041 0.0615 0.3593 0.0059 0.0091 0.0107 0.0070 0.0130 0.0181 0.0175 0.0063 0.0070 0.0260 0.2237 0.0228 
      H133.8  2 0.0060 0.0636 0.0155 0.0593 0.0195 0.0095 0.0500 0.0060 0.0244 0.5367 0.0066 0.0068 0.0121 0.0206 0.0048 0.0148 0.0041 0.0085 0.0216 0.0078 0.0893 0.0127 
      H133.9  2 0.0052 0.0469 0.0162 0.0232 0.0121 0.0081 0.0076 0.0051 0.0237 0.6869 0.0105 0.0070 0.0165 0.0097 0.0110 0.0104 0.0064 0.0085 0.0041 0.0120 0.0351 0.0339 
      H147.1  2 0.0087 0.0089 0.0119 0.0111 0.0081 0.0152 0.0083 0.0044 0.0080 0.0044 0.0174 0.7701 0.0037 0.0057 0.0197 0.0084 0.0121 0.0091 0.0046 0.0113 0.0450 0.0042 
      H147.2  2 0.0068 0.0067 0.0077 0.0065 0.0042 0.0069 0.0050 0.0044 0.0035 0.0031 0.0115 0.8732 0.0041 0.0046 0.0163 0.0038 0.0054 0.0034 0.0044 0.0054 0.0084 0.0048 
      H147.3  2 0.0035 0.0036 0.0046 0.0044 0.0028 0.0035 0.0068 0.0022 0.0031 0.0035 0.0056 0.9119 0.0034 0.0035 0.0079 0.0050 0.0044 0.0032 0.0034 0.0049 0.0047 0.0041 
      H147.4  2 0.0036 0.0028 0.0031 0.0043 0.0046 0.0039 0.0047 0.0026 0.0079 0.0029 0.0078 0.9114 0.0040 0.0029 0.0042 0.0041 0.0033 0.0053 0.0035 0.0034 0.0063 0.0033 
      H147.5  2 0.0066 0.0064 0.0075 0.0125 0.0051 0.0384 0.0096 0.0069 0.0042 0.0037 0.0179 0.7890 0.0055 0.0061 0.0178 0.0181 0.0075 0.0079 0.0049 0.0114 0.0085 0.0047 
      H147.6  2 0.0078 0.0055 0.0066 0.0111 0.0050 0.0484 0.0077 0.0082 0.0047 0.0047 0.0219 0.7711 0.0056 0.0058 0.0185 0.0292 0.0065 0.0065 0.0042 0.0073 0.0082 0.0057 
      H147.7  2 0.0043 0.0032 0.0052 0.0053 0.0070 0.0043 0.0039 0.0030 0.0094 0.0034 0.0091 0.8823 0.0034 0.0027 0.0062 0.0073 0.0048 0.0084 0.0042 0.0060 0.0115 0.0049 
      H147.8  2 0.0064 0.0024 0.0033 0.0080 0.0064 0.0243 0.0050 0.0073 0.0102 0.0034 0.0096 0.8573 0.0034 0.0033 0.0068 0.0089 0.0027 0.0083 0.0051 0.0041 0.0073 0.0062 
      H147.9  2 0.0042 0.0038 0.0040 0.0039 0.0040 0.0038 0.0059 0.0027 0.0034 0.0032 0.0056 0.9099 0.0030 0.0033 0.0083 0.0050 0.0031 0.0040 0.0041 0.0048 0.0059 0.0041 
      H148.1  2 0.0466 0.0764 0.1943 0.0695 0.0189 0.0142 0.0078 0.0643 0.0489 0.0304 0.0454 0.0104 0.0073 0.0349 0.0694 0.1063 0.0601 0.0226 0.0120 0.0317 0.0179 0.0107 
      H148.2  2 0.0702 0.0337 0.1173 0.0825 0.0124 0.0067 0.0232 0.0467 0.0541 0.0471 0.0169 0.0151 0.0048 0.0217 0.0163 0.0604 0.1394 0.0169 0.0087 0.1775 0.0130 0.0153 
      H148.3  2 0.0143 0.0141 0.0154 0.1728 0.0168 0.0105 0.0068 0.0127 0.0483 0.0072 0.0191 0.0104 0.0073 0.0046 0.0078 0.0091 0.5033 0.0073 0.0150 0.0680 0.0191 0.0101 
      H148.4  2 0.0367 0.0426 0.2402 0.0353 0.0096 0.0103 0.0092 0.2249 0.0407 0.0234 0.0115 0.0165 0.0088 0.0130 0.0717 0.0203 0.0648 0.0069 0.0136 0.0616 0.0218 0.0169 
      H148.5  2 0.0242 0.0116 0.0150 0.0412 0.0119 0.0188 0.0087 0.1182 0.0273 0.0068 0.0317 0.0070 0.0084 0.0066 0.0158 0.0147 0.4193 0.0094 0.0144 0.1755 0.0051 0.0083 
      H148.6  2 0.0299 0.0136 0.0983 0.0257 0.0098 0.0123 0.0096 0.0541 0.1103 0.0162 0.0158 0.0120 0.0043 0.0145 0.0233 0.0216 0.4036 0.0258 0.0058 0.0700 0.0086 0.0149 
      H148.7  2 0.0295 0.0119 0.0551 0.1330 0.0246 0.0243 0.0081 0.2007 0.0269 0.0355 0.0154 0.0093 0.0152 0.0152 0.0226 0.0212 0.1105 0.0122 0.0147 0.1915 0.0150 0.0076 
      H148.8  2 0.0074 0.0110 0.2925 0.0197 0.0039 0.0168 0.0076 0.0325 0.0301 0.0051 0.0066 0.0083 0.0057 0.0048 0.0116 0.0078 0.4002 0.0052 0.0095 0.0979 0.0093 0.0067 
      H148.9  2 0.1433 0.0123 0.1212 0.0804 0.0518 0.0084 0.0417 0.0365 0.1113 0.0588 0.0176 0.0081 0.0150 0.0168 0.0135 0.0165 0.1322 0.0181 0.0410 0.0304 0.0183 0.0069 
   H166022.1  2 0.0080 0.0045 0.0076 0.0130 0.0059 0.8031 0.0097 0.0039 0.0090 0.0050 0.0110 0.0151 0.0034 0.0107 0.0098 0.0156 0.0064 0.0274 0.0061 0.0087 0.0088 0.0071 
   H166022.2  2 0.0113 0.0052 0.0122 0.0518 0.0244 0.5156 0.0120 0.0143 0.0132 0.0089 0.0310 0.0486 0.0114 0.0090 0.0736 0.0239 0.0169 0.0351 0.0122 0.0117 0.0205 0.0370 
   H166022.3  2 0.0044 0.0039 0.0160 0.0127 0.0107 0.6829 0.0048 0.0200 0.0061 0.0102 0.0067 0.0053 0.0064 0.0273 0.0116 0.0093 0.0108 0.1263 0.0065 0.0088 0.0045 0.0049 
   H166022.4  2 0.0046 0.0035 0.0057 0.0083 0.0060 0.8401 0.0037 0.0133 0.0043 0.0077 0.0073 0.0060 0.0078 0.0142 0.0218 0.0043 0.0047 0.0109 0.0082 0.0083 0.0041 0.0050 
   H166022.5  2 0.0059 0.0048 0.0038 0.0176 0.0061 0.8025 0.0038 0.0077 0.0043 0.0086 0.0192 0.0096 0.0081 0.0119 0.0247 0.0125 0.0059 0.0156 0.0070 0.0071 0.0046 0.0087 
   H166022.6  2 0.0067 0.0072 0.0261 0.0174 0.0269 0.6658 0.0068 0.0058 0.0170 0.0120 0.0153 0.0104 0.0063 0.0850 0.0209 0.0110 0.0062 0.0233 0.0051 0.0108 0.0089 0.0051 
   H166022.7  2 0.0056 0.0079 0.0054 0.0062 0.0059 0.0060 0.0038 0.8668 0.0042 0.0064 0.0083 0.0057 0.0061 0.0052 0.0049 0.0183 0.0042 0.0032 0.0060 0.0051 0.0072 0.0074 
   H166022.8  2 0.0085 0.0144 0.0707 0.0502 0.0097 0.2850 0.0169 0.0062 0.0056 0.0128 0.0761 0.0380 0.0111 0.0482 0.2418 0.0193 0.0087 0.0339 0.0062 0.0094 0.0164 0.0109 
   H167397.1  2 0.0167 0.0256 0.0086 0.0301 0.0066 0.0879 0.0058 0.0084 0.3825 0.0053 0.0187 0.0323 0.0048 0.0048 0.0220 0.0174 0.0135 0.0071 0.0113 0.0116 0.2576 0.0214 
   H167397.2  2 0.0102 0.0212 0.0502 0.0379 0.0079 0.0126 0.0491 0.0112 0.4704 0.0166 0.0183 0.0714 0.0066 0.0124 0.0441 0.0065 0.0096 0.0349 0.0111 0.0107 0.0749 0.0120 
   H167397.3  2 0.0275 0.0220 0.0121 0.0226 0.0082 0.0233 0.0044 0.0059 0.5338 0.0055 0.0115 0.0268 0.0075 0.0045 0.0146 0.0164 0.0151 0.0081 0.0066 0.0052 0.1801 0.0385 
   H167397.4  2 0.0089 0.0044 0.0137 0.0161 0.0340 0.0138 0.0305 0.0157 0.5897 0.0187 0.0150 0.0644 0.0089 0.0058 0.0110 0.0071 0.0128 0.0155 0.0138 0.0307 0.0570 0.0125 
   H167397.5  2 0.0080 0.0238 0.0164 0.0257 0.0097 0.0214 0.0049 0.0216 0.5167 0.0100 0.0278 0.0287 0.0066 0.0087 0.0553 0.0124 0.0116 0.0089 0.0202 0.0082 0.1419 0.0115 
   H167397.6  2 0.0662 0.0109 0.0226 0.0199 0.0090 0.0179 0.0103 0.0057 0.5274 0.0207 0.0067 0.0147 0.0105 0.0088 0.0103 0.0067 0.0079 0.0078 0.0089 0.0134 0.1394 0.0543 
   H167496.1  2 0.0190 0.0125 0.0129 0.0330 0.0161 0.2457 0.0048 0.0066 0.0088 0.0504 0.0145 0.0053 0.0209 0.0692 0.0363 0.0998 0.0638 0.0255 0.0474 0.1513 0.0067 0.0495 
   H167496.2  2 0.0545 0.0217 0.0223 0.1065 0.0351 0.0257 0.0137 0.0550 0.0101 0.0412 0.0159 0.0149 0.0099 0.0585 0.1280 0.0821 0.0685 0.0080 0.0207 0.0555 0.0202 0.1318 
   H167496.3  2 0.0089 0.0088 0.0833 0.0834 0.0289 0.1953 0.0940 0.0053 0.0087 0.0166 0.0082 0.0331 0.0201 0.0670 0.0589 0.0110 0.0851 0.0805 0.0234 0.0468 0.0144 0.0184 
   H167496.4  2 0.0067 0.0034 0.0049 0.0062 0.0057 0.8685 0.0082 0.0038 0.0042 0.0063 0.0070 0.0176 0.0041 0.0052 0.0092 0.0067 0.0030 0.0060 0.0071 0.0047 0.0038 0.0078 
   H167496.6  2 0.0111 0.0069 0.0076 0.0205 0.0101 0.6037 0.0068 0.0078 0.0053 0.0097 0.0092 0.0373 0.0112 0.0091 0.1895 0.0117 0.0034 0.0053 0.0072 0.0117 0.0061 0.0088 
   H167496.7  2 0.0358 0.0202 0.0801 0.0701 0.0252 0.0397 0.0074 0.0047 0.0052 0.0230 0.0105 0.0246 0.0125 0.1284 0.1007 0.0565 0.1181 0.0302 0.0514 0.0109 0.1352 0.0096 
   H167496.8  2 0.0255 0.0056 0.0079 0.0114 0.0143 0.5883 0.0081 0.0077 0.0054 0.0091 0.0089 0.0312 0.0053 0.0043 0.1847 0.0299 0.0057 0.0077 0.0063 0.0110 0.0111 0.0105 
   H167513.1  2 0.0115 0.0071 0.0064 0.0073 0.8424 0.0083 0.0059 0.0076 0.0071 0.0101 0.0079 0.0072 0.0057 0.0161 0.0099 0.0053 0.0045 0.0070 0.0042 0.0044 0.0097 0.0044 
   H167513.2  2 0.0129 0.0079 0.0144 0.0081 0.8013 0.0097 0.0065 0.0040 0.0245 0.0054 0.0050 0.0051 0.0048 0.0074 0.0111 0.0165 0.0131 0.0050 0.0049 0.0140 0.0129 0.0056 
   H167513.3  2 0.0084 0.0044 0.0061 0.0091 0.7905 0.0091 0.0042 0.0056 0.0053 0.0143 0.0290 0.0143 0.0117 0.0089 0.0089 0.0265 0.0088 0.0096 0.0075 0.0031 0.0084 0.0060 
   H167513.4  2 0.0172 0.0079 0.0115 0.0238 0.6676 0.0170 0.0065 0.0070 0.0093 0.0925 0.0134 0.0055 0.0057 0.0106 0.0156 0.0091 0.0100 0.0311 0.0037 0.0106 0.0125 0.0117 
   H167513.5  2 0.0065 0.0094 0.0098 0.0057 0.8507 0.0100 0.0064 0.0038 0.0132 0.0049 0.0035 0.0049 0.0034 0.0038 0.0080 0.0153 0.0058 0.0062 0.0032 0.0102 0.0107 0.0045 
   H167513.6  2 0.0117 0.0079 0.0066 0.0164 0.7761 0.0186 0.0060 0.0062 0.0073 0.0063 0.0230 0.0081 0.0063 0.0110 0.0126 0.0236 0.0108 0.0127 0.0045 0.0049 0.0118 0.0074 
   H167513.7  2 0.0072 0.0064 0.0060 0.0107 0.7928 0.0073 0.0059 0.0066 0.0309 0.0176 0.0090 0.0063 0.0059 0.0062 0.0085 0.0214 0.0042 0.0214 0.0039 0.0036 0.0065 0.0114 
   H167513.8  2 0.0088 0.0059 0.0034 0.0099 0.8172 0.0049 0.0038 0.0072 0.0136 0.0129 0.0201 0.0088 0.0061 0.0052 0.0113 0.0251 0.0039 0.0058 0.0042 0.0029 0.0137 0.0052 
   H167547.1  2 0.0087 0.0228 0.1207 0.0413 0.0164 0.0266 0.0075 0.0109 0.0278 0.0113 0.0073 0.0093 0.0222 0.0496 0.0130 0.0082 0.4887 0.0170 0.0083 0.0150 0.0594 0.0079 
   H167547.2  2 0.0109 0.0071 0.0190 0.0177 0.0123 0.0582 0.0068 0.0030 0.0159 0.0054 0.0073 0.0094 0.0076 0.0091 0.0054 0.0111 0.3742 0.0163 0.0112 0.0053 0.3772 0.0096 
   H167547.3  2 0.0154 0.0081 0.0208 0.0310 0.0147 0.0692 0.0065 0.0030 0.0169 0.0046 0.0061 0.0072 0.0073 0.0089 0.0060 0.0100 0.3374 0.0208 0.0097 0.0067 0.3837 0.0060 
   H167547.4  2 0.0046 0.0838 0.0670 0.1108 0.0176 0.1523 0.0121 0.0097 0.0293 0.0124 0.0063 0.0084 0.0250 0.0502 0.0127 0.0177 0.1150 0.1979 0.0252 0.0127 0.0223 0.0070 
   H167547.5  2 0.0114 0.0323 0.0077 0.0440 0.0113 0.2986 0.0066 0.0063 0.0081 0.0057 0.0174 0.0049 0.0131 0.0077 0.0068 0.0271 0.2162 0.0144 0.0181 0.1490 0.0732 0.0202 
   H167547.6  2 0.0102 0.0378 0.0075 0.0189 0.0101 0.3377 0.0062 0.0056 0.0096 0.0043 0.0128 0.0052 0.0102 0.0060 0.0049 0.0249 0.2537 0.0147 0.0144 0.1387 0.0506 0.0160 
   H167547.7  2 0.0171 0.0194 0.0728 0.1114 0.1097 0.0128 0.0611 0.0262 0.0136 0.0270 0.0159 0.0169 0.0228 0.0769 0.0140 0.0423 0.2196 0.0225 0.0211 0.0277 0.0342 0.0147 
   H169750.1  2 0.0166 0.0211 0.0478 0.1258 0.0277 0.1013 0.0101 0.0105 0.0131 0.2562 0.0118 0.0101 0.0248 0.0932 0.0345 0.0867 0.0308 0.0256 0.0147 0.0118 0.0133 0.0125 
   H169750.2  2 0.0087 0.0299 0.1200 0.1198 0.0723 0.0216 0.0131 0.0160 0.0287 0.0998 0.0571 0.0791 0.0422 0.0083 0.0578 0.0304 0.0116 0.0062 0.0155 0.0174 0.1165 0.0280 
   H169750.3  2 0.0055 0.0223 0.0158 0.0736 0.0615 0.0293 0.0214 0.0157 0.0035 0.2909 0.0299 0.0085 0.0207 0.0426 0.0148 0.2372 0.0353 0.0054 0.0140 0.0097 0.0199 0.0225 
   H169750.4  2 0.0345 0.0418 0.1202 0.0714 0.0537 0.0513 0.0142 0.0126 0.0816 0.1514 0.0068 0.0164 0.0625 0.0367 0.1059 0.0308 0.0124 0.0048 0.0165 0.0459 0.0153 0.0133 
   H169750.5  2 0.0064 0.0158 0.0335 0.0685 0.0190 0.0618 0.0106 0.0059 0.0065 0.5447 0.0173 0.0097 0.0093 0.0172 0.0102 0.0444 0.0059 0.0272 0.0134 0.0105 0.0290 0.0330 
   H169750.6  2 0.0058 0.0367 0.0486 0.1313 0.0243 0.0435 0.0212 0.0338 0.0078 0.1713 0.0400 0.0235 0.0188 0.0100 0.0324 0.0375 0.0093 0.0117 0.0123 0.0143 0.0700 0.1958 
   H169750.7  2 0.0198 0.0152 0.0259 0.1943 0.1325 0.0244 0.0418 0.0282 0.0193 0.1117 0.0152 0.0339 0.0386 0.0206 0.0739 0.0536 0.0221 0.0078 0.0563 0.0108 0.0414 0.0128 
   H171929.1  2 0.0055 0.0053 0.0114 0.0068 0.8359 0.0069 0.0233 0.0052 0.0158 0.0045 0.0036 0.0066 0.0061 0.0109 0.0038 0.0049 0.0077 0.0060 0.0051 0.0119 0.0068 0.0060 
  H171929.10  2 0.0078 0.0079 0.0151 0.0127 0.7683 0.0164 0.0325 0.0054 0.0160 0.0074 0.0096 0.0106 0.0052 0.0143 0.0050 0.0088 0.0140 0.0106 0.0063 0.0087 0.0094 0.0080 
  H171929.11  2 0.0050 0.0079 0.0068 0.0087 0.8375 0.0066 0.0193 0.0034 0.0168 0.0065 0.0052 0.0058 0.0059 0.0079 0.0034 0.0052 0.0055 0.0036 0.0064 0.0126 0.0144 0.0057 
   H171929.2  2 0.0038 0.0147 0.0096 0.0085 0.7866 0.0069 0.0090 0.0035 0.0051 0.0558 0.0053 0.0037 0.0066 0.0076 0.0050 0.0077 0.0184 0.0078 0.0048 0.0122 0.0109 0.0065 
   H171929.3  2 0.0040 0.0050 0.0060 0.0079 0.8617 0.0059 0.0055 0.0033 0.0077 0.0128 0.0067 0.0058 0.0072 0.0062 0.0036 0.0057 0.0057 0.0063 0.0056 0.0082 0.0095 0.0100 
