      H008.1  2 0.0157 0.0133 0.0113 0.0101 0.9283 0.0099 0.0114 
      H008.2  2 0.1453 0.1262 0.0129 0.3864 0.2730 0.0427 0.0135 
      H008.3  2 0.1505 0.2720 0.0368 0.1074 0.2416 0.1578 0.0340 
      H008.4  2 0.0353 0.0150 0.0125 0.0704 0.8330 0.0154 0.0184 
      H008.5  2 0.0152 0.0237 0.0158 0.0169 0.8957 0.0196 0.0132 
      H008.6  2 0.1057 0.0726 0.0159 0.2256 0.5515 0.0135 0.0152 
      H008.7  2 0.0460 0.0436 0.0467 0.1216 0.6832 0.0326 0.0263 
      H008.8  2 0.3183 0.0169 0.0174 0.2249 0.3689 0.0197 0.0338 
      H008.9  2 0.2171 0.0410 0.0216 0.6489 0.0387 0.0240 0.0087 
 H029.1_2002  2 0.0194 0.0120 0.0128 0.0288 0.8848 0.0226 0.0196 
 H029.1_2003  2 0.0345 0.0465 0.0181 0.0689 0.7575 0.0464 0.0280 
 H029.2_2002  2 0.0132 0.0231 0.0107 0.0194 0.9019 0.0166 0.0152 
 H029.2_2003  2 0.0304 0.0704 0.0146 0.0647 0.7645 0.0356 0.0199 
 H029.3_2002  2 0.0176 0.0344 0.0135 0.1795 0.5851 0.1394 0.0305 
 H029.3_2003  2 0.0060 0.0131 0.0106 0.0119 0.9355 0.0136 0.0093 
 H029.4_2002  2 0.0046 0.0074 0.0083 0.0178 0.9398 0.0147 0.0074 
 H029.4_2003  2 0.0205 0.0348 0.0210 0.0501 0.8102 0.0395 0.0239 
 H029.5_2002  2 0.0071 0.0068 0.0129 0.0068 0.9455 0.0132 0.0078 
 H029.5_2003  2 0.0079 0.0178 0.0104 0.0160 0.9298 0.0107 0.0075 
 H029.6_2002  2 0.0074 0.0076 0.0091 0.0325 0.9124 0.0240 0.0070 
 H029.6_2003  2 0.0174 0.0519 0.0399 0.0167 0.8235 0.0278 0.0229 
      H029.7  2 0.0107 0.0101 0.0094 0.0130 0.9356 0.0114 0.0098 
      H030.1  2 0.0183 0.0393 0.0246 0.0088 0.0190 0.8672 0.0228 
      H030.2  2 0.0113 0.0246 0.0317 0.0634 0.0688 0.6631 0.1371 
      H038.1  2 0.0107 0.0071 0.0069 0.0310 0.9275 0.0077 0.0091 
      H038.2  2 0.0054 0.0112 0.0124 0.0074 0.9417 0.0090 0.0129 
      H038.3  2 0.0080 0.0128 0.0158 0.0461 0.8505 0.0123 0.0545 
      H038.4  2 0.0073 0.0083 0.0164 0.0368 0.8979 0.0093 0.0240 
      H038.5  2 0.0064 0.0150 0.0084 0.0371 0.9114 0.0135 0.0083 
      H038.6  2 0.0056 0.0132 0.0048 0.0124 0.9414 0.0133 0.0093 
      H038.7  2 0.0055 0.0118 0.0063 0.0148 0.9190 0.0068 0.0358 
      H038.8  2 0.0061 0.0094 0.0136 0.0939 0.8285 0.0151 0.0334 
      H041.1  2 0.0140 0.0172 0.1078 0.0141 0.7438 0.0715 0.0315 
      H041.2  2 0.0186 0.0087 0.1940 0.0449 0.6666 0.0429 0.0243 
      H041.4  2 0.0254 0.0125 0.0405 0.0343 0.8527 0.0200 0.0146 
      H041.6  2 0.0379 0.0095 0.1030 0.0222 0.7560 0.0442 0.0271 
 H042.1_2002  2 0.0653 0.0499 0.1257 0.0252 0.0244 0.6133 0.0963 
 H042.1_2003  2 0.0716 0.1005 0.0886 0.3583 0.1882 0.0442 0.1487 
 H042.2_2002  2 0.0104 0.0799 0.0310 0.0298 0.6870 0.0445 0.1176 
 H042.2_2003  2 0.0493 0.0335 0.3336 0.0112 0.4961 0.0270 0.0494 
 H042.3_2002  2 0.0270 0.1283 0.0823 0.0258 0.0241 0.2995 0.4130 
 H042.3_2003  2 0.0390 0.1602 0.1225 0.0405 0.2433 0.0845 0.3100 
 H042.4_2002  2 0.0284 0.0397 0.1509 0.0559 0.1082 0.6014 0.0156 
 H042.4_2003  2 0.0734 0.0202 0.1799 0.0091 0.3308 0.3677 0.0189 
      H042.5  2 0.0246 0.0290 0.0915 0.0061 0.0230 0.8095 0.0164 
      H042.6  2 0.0687 0.0285 0.0266 0.0141 0.0752 0.7318 0.0550 
      H042.7  2 0.0220 0.0201 0.3164 0.0062 0.0874 0.1414 0.4065 
      H042.8  2 0.0392 0.0555 0.1734 0.0518 0.1358 0.4857 0.0587 
   H042_2002  2 0.2265 0.0352 0.0516 0.0553 0.2376 0.0128 0.3811 
   H042_2003  2 0.1880 0.0320 0.0626 0.0467 0.2549 0.0155 0.4003 
      H043.1  2 0.0571 0.0520 0.0330 0.4970 0.1255 0.0359 0.1994 
      H043.2  2 0.3652 0.0113 0.0210 0.5092 0.0611 0.0085 0.0237 
      H043.3  2 0.0442 0.0157 0.0123 0.0536 0.3768 0.0114 0.4860 
      H043.4  2 0.1903 0.0180 0.0165 0.1514 0.2111 0.0135 0.3991 
      H043.5  2 0.0380 0.0126 0.0186 0.7449 0.1222 0.0103 0.0534 
      H043.6  2 0.0577 0.0151 0.0156 0.3948 0.4054 0.0135 0.0979 
      H043.7  2 0.4171 0.0123 0.0119 0.1249 0.0551 0.0084 0.3702 
      H043.8  2 0.2703 0.0341 0.0249 0.3339 0.0744 0.0354 0.2270 
      H043.9  2 0.0569 0.0290 0.0157 0.2698 0.2746 0.0381 0.3159 
      H047.1  2 0.0432 0.0584 0.0364 0.0124 0.7946 0.0092 0.0459 
      H047.2  2 0.0294 0.1036 0.0468 0.0120 0.7476 0.0374 0.0232 
      H047.3  2 0.0408 0.1488 0.1015 0.0125 0.6309 0.0302 0.0353 
      H047.4  2 0.0249 0.0122 0.0754 0.0077 0.7837 0.0212 0.0749 
      H047.5  2 0.0586 0.0896 0.1093 0.0061 0.6257 0.0169 0.0937 
      H047.6  2 0.0766 0.0994 0.2508 0.0296 0.4843 0.0263 0.0329 
      H047.7  2 0.0264 0.0261 0.0911 0.0097 0.7952 0.0130 0.0386 
      H047.8  2 0.0966 0.1764 0.1906 0.0131 0.4826 0.0172 0.0236 
      H047.9  2 0.0290 0.0474 0.0631 0.0057 0.7691 0.0123 0.0733 
 H071.1_2002  2 0.0118 0.0077 0.0057 0.0061 0.9416 0.0089 0.0182 
 H071.1_2003  2 0.1148 0.0124 0.0180 0.0153 0.7928 0.0238 0.0230 
     H071.10  2 0.0064 0.0081 0.0069 0.0104 0.9279 0.0239 0.0164 
 H071.2_2002  2 0.0138 0.0101 0.0089 0.0137 0.9374 0.0069 0.0092 
 H071.2_2003  2 0.0085 0.0058 0.0054 0.0046 0.9624 0.0059 0.0073 
      H071.3  2 0.0080 0.0094 0.0155 0.0132 0.9100 0.0147 0.0291 
 H071.4_2002  2 0.0123 0.0119 0.0134 0.0159 0.9114 0.0129 0.0223 
 H071.4_2003  2 0.0060 0.0089 0.0071 0.0048 0.9570 0.0071 0.0091 
 H071.5_2002  2 0.0070 0.0065 0.0066 0.0062 0.9489 0.0090 0.0158 
 H071.5_2003  2 0.0125 0.0139 0.0112 0.0068 0.9207 0.0114 0.0236 
 H071.6_2002  2 0.0093 0.0094 0.0080 0.0113 0.9317 0.0084 0.0218 
 H071.6_2003  2 0.0100 0.0102 0.0074 0.0053 0.9362 0.0108 0.0202 
 H071.7_2002  2 0.0079 0.0056 0.0058 0.0064 0.9570 0.0057 0.0117 
 H071.7_2003  2 0.0137 0.0121 0.0113 0.0068 0.9274 0.0118 0.0169 
      H071.8  2 0.0176 0.0066 0.0067 0.0133 0.9433 0.0053 0.0072 
      H071.9  2 0.0229 0.0128 0.0170 0.0238 0.8814 0.0179 0.0241 
 H081.1_2002  2 0.0136 0.0061 0.0072 0.0056 0.9532 0.0073 0.0070 
 H081.1_2003  2 0.0547 0.0225 0.0167 0.6695 0.0614 0.0782 0.0970 
 H081.2_2002  2 0.0225 0.0065 0.0075 0.0054 0.9374 0.0097 0.0110 
 H081.2_2003  2 0.1178 0.0120 0.0153 0.0799 0.0493 0.7022 0.0234 
 H081.3_2002  2 0.0265 0.0083 0.0106 0.0083 0.9256 0.0106 0.0100 
 H081.3_2003  2 0.5640 0.0333 0.0254 0.1673 0.0360 0.1488 0.0252 
 H081.4_2002  2 0.0108 0.0091 0.0080 0.0060 0.9431 0.0095 0.0135 
 H081.4_2003  2 0.4205 0.0490 0.0317 0.0925 0.0448 0.2908 0.0707 
 H081.5_2002  2 0.0116 0.0078 0.0072 0.0080 0.9446 0.0110 0.0098 
 H081.5_2003  2 0.4834 0.0294 0.0307 0.0827 0.0892 0.0804 0.2042 
      H081.6  2 0.0129 0.0086 0.0074 0.0064 0.9459 0.0077 0.0110 
      H081.7  2 0.0261 0.0064 0.0120 0.0070 0.9241 0.0137 0.0107 
      H081.8  2 0.0165 0.0094 0.0150 0.0275 0.8939 0.0215 0.0162 
      H083.1  2 0.0059 0.0101 0.0068 0.0122 0.9215 0.0239 0.0197 
      H083.2  2 0.0099 0.0103 0.0124 0.0086 0.9282 0.0150 0.0156 
      H083.4  2 0.0117 0.0085 0.0085 0.0184 0.9170 0.0207 0.0153 
      H083.5  2 0.0099 0.0079 0.0150 0.0192 0.9143 0.0237 0.0099 
      H083.6  2 0.0086 0.0114 0.0102 0.0132 0.9082 0.0367 0.0117 
      H083.7  2 0.0112 0.0135 0.0165 0.0204 0.9003 0.0242 0.0140 
      H083.8  2 0.0108 0.0125 0.0102 0.0072 0.9347 0.0128 0.0119 
      H083.9  2 0.0077 0.0083 0.0135 0.0113 0.9229 0.0276 0.0087 
      H084.1  2 0.0150 0.0443 0.0606 0.5372 0.0150 0.3012 0.0267 
      H084.2  2 0.0140 0.0425 0.0134 0.3885 0.0217 0.4717 0.0481 
      H084.3  2 0.0126 0.0231 0.1566 0.5323 0.0132 0.1538 0.1084 
      H084.4  2 0.0096 0.0276 0.0986 0.6901 0.0160 0.0668 0.0913 
      H084.5  2 0.0116 0.0222 0.0727 0.5038 0.0117 0.1300 0.2479 
      H084.6  2 0.0158 0.0085 0.1639 0.6437 0.0096 0.1283 0.0303 
      H084.7  2 0.0129 0.0521 0.0323 0.1912 0.0247 0.6651 0.0218 
      H084.8  2 0.0078 0.0141 0.1767 0.6275 0.0093 0.1380 0.0267 
 H085.1_2002  2 0.6346 0.0102 0.0086 0.0249 0.2493 0.0588 0.0135 
 H085.1_2003  2 0.0285 0.0151 0.0242 0.0209 0.8074 0.0811 0.0229 
 H085.2_2002  2 0.6801 0.0107 0.0190 0.0578 0.0297 0.1796 0.0230 
 H085.2_2003  2 0.0208 0.0293 0.0128 0.0168 0.8194 0.0838 0.0170 
 H085.3_2002  2 0.8416 0.0059 0.0341 0.0067 0.0573 0.0351 0.0194 
 H085.3_2003  2 0.0166 0.0176 0.0127 0.0059 0.8934 0.0171 0.0369 
 H085.4_2002  2 0.6398 0.0095 0.0159 0.0300 0.2430 0.0391 0.0227 
 H085.4_2003  2 0.0255 0.0091 0.0191 0.0102 0.8652 0.0340 0.0369 
 H085.5_2002  2 0.8709 0.0072 0.0182 0.0060 0.0726 0.0089 0.0161 
 H085.5_2003  2 0.0151 0.0149 0.0088 0.0083 0.8707 0.0719 0.0103 
 H085.6_2002  2 0.8694 0.0068 0.0119 0.0177 0.0378 0.0395 0.0169 
 H085.6_2003  2 0.2432 0.0376 0.1639 0.0109 0.3077 0.0273 0.2094 
 H085.7_2002  2 0.7262 0.0132 0.0216 0.0153 0.0889 0.1111 0.0236 
 H085.7_2003  2 0.0164 0.0118 0.0185 0.0106 0.8988 0.0127 0.0314 
 H085.8_2002  2 0.7121 0.0108 0.0499 0.0170 0.0467 0.0216 0.1420 
 H085.8_2003  2 0.0517 0.0196 0.0435 0.0180 0.4879 0.3464 0.0329 
      H085.9  2 0.6514 0.0090 0.0142 0.0304 0.2420 0.0342 0.0189 
      H088.1  2 0.0408 0.0478 0.1579 0.0203 0.0302 0.6907 0.0123 
      H088.2  2 0.0589 0.0264 0.0926 0.0129 0.0158 0.7655 0.0280 
      H088.3  2 0.0289 0.0222 0.0311 0.0142 0.0116 0.8691 0.0228 
      H088.4  2 0.0133 0.0362 0.0320 0.0191 0.0541 0.8168 0.0285 
      H088.5  2 0.0154 0.0159 0.0984 0.0117 0.0133 0.8328 0.0124 
      H088.6  2 0.0104 0.0259 0.1454 0.0154 0.0425 0.7458 0.0145 
      H088.7  2 0.0165 0.0389 0.0566 0.0370 0.4018 0.4219 0.0274 
      H088.8  2 0.0193 0.0452 0.1191 0.0624 0.3649 0.3701 0.0189 
      H091.1  2 0.0152 0.0294 0.0349 0.0108 0.0421 0.7804 0.0873 
      H091.2  2 0.0141 0.0206 0.0696 0.0093 0.1242 0.6585 0.1036 
      H109.1  2 0.0533 0.1654 0.0472 0.3843 0.0539 0.1991 0.0968 
      H109.2  2 0.0323 0.0649 0.0689 0.0422 0.1315 0.5548 0.1055 
      H109.3  2 0.0122 0.3079 0.2442 0.0454 0.1677 0.0936 0.1290 
      H109.4  2 0.0468 0.2061 0.1383 0.2921 0.0668 0.1403 0.1096 
      H109.5  2 0.0158 0.0350 0.2178 0.0084 0.6319 0.0430 0.0482 
      H109.6  2 0.0520 0.1094 0.1147 0.2599 0.0794 0.2691 0.1155 
      H126.1  2 0.6429 0.0871 0.0196 0.0174 0.0222 0.0107 0.2001 
      H126.2  2 0.1552 0.0736 0.0135 0.0653 0.6479 0.0122 0.0324 
      H126.3  2 0.0743 0.0373 0.0109 0.0472 0.7340 0.0077 0.0887 
      H126.4  2 0.4393 0.2318 0.0292 0.0447 0.1287 0.0354 0.0909 
      H126.5  2 0.1956 0.0452 0.0080 0.0103 0.2583 0.0130 0.4695 
      H126.6  2 0.0589 0.0113 0.0063 0.0069 0.8649 0.0099 0.0419 
      H126.7  2 0.0136 0.0138 0.0073 0.0052 0.9290 0.0095 0.0216 
      H130.1  2 0.7884 0.0657 0.0439 0.0142 0.0116 0.0580 0.0183 
      H130.2  2 0.1331 0.0800 0.0310 0.0298 0.0526 0.6529 0.0206 
      H130.3  2 0.0330 0.7594 0.0102 0.0100 0.0384 0.1378 0.0111 
      H130.4  2 0.6613 0.1715 0.0240 0.0552 0.0126 0.0610 0.0145 
      H130.5  2 0.3504 0.0206 0.0415 0.0135 0.0745 0.4740 0.0255 
      H133.1  2 0.1474 0.2976 0.0495 0.2284 0.0978 0.1123 0.0670 
      H133.2  2 0.6739 0.0523 0.0358 0.0539 0.0415 0.0806 0.0620 
      H133.3  2 0.1054 0.1254 0.0735 0.1530 0.3783 0.0640 0.1003 
      H133.4  2 0.1233 0.1443 0.0628 0.4620 0.0727 0.0516 0.0833 
      H133.5  2 0.3850 0.2947 0.0086 0.1247 0.0296 0.1062 0.0512 
      H133.6  2 0.5082 0.0853 0.0214 0.0477 0.0365 0.2344 0.0664 
      H133.7  2 0.0751 0.0356 0.5525 0.1285 0.0885 0.0152 0.1046 
      H133.8  2 0.3399 0.1172 0.0347 0.2534 0.0605 0.0630 0.1314 
      H133.9  2 0.0843 0.4411 0.0408 0.1953 0.0683 0.1174 0.0528 
      H147.1  2 0.0782 0.0076 0.0773 0.0417 0.5199 0.2015 0.0738 
      H147.2  2 0.0174 0.0077 0.0096 0.0075 0.9189 0.0167 0.0221 
      H147.3  2 0.0193 0.0102 0.0123 0.0090 0.9156 0.0167 0.0169 
      H147.4  2 0.0110 0.0077 0.0086 0.0192 0.9028 0.0347 0.0162 
      H147.5  2 0.0164 0.0167 0.0183 0.0108 0.3429 0.5786 0.0163 
      H147.6  2 0.0214 0.0276 0.0169 0.0125 0.2816 0.6087 0.0313 
      H147.7  2 0.0141 0.0121 0.0250 0.0244 0.8588 0.0432 0.0224 
      H147.8  2 0.0079 0.0117 0.0102 0.0354 0.6195 0.2984 0.0169 
      H147.9  2 0.0180 0.0083 0.0080 0.0075 0.9257 0.0170 0.0155 
      H148.1  2 0.2293 0.0276 0.0520 0.4743 0.0179 0.0949 0.1040 
      H148.2  2 0.2196 0.0244 0.1242 0.5269 0.0237 0.0291 0.0520 
      H148.3  2 0.0177 0.0175 0.6784 0.2097 0.0145 0.0221 0.0401 
      H148.4  2 0.1819 0.0200 0.1056 0.5151 0.0282 0.0227 0.1265 
      H148.5  2 0.0386 0.0383 0.3791 0.3955 0.0175 0.0801 0.0508 
      H148.6  2 0.0532 0.0131 0.1487 0.7015 0.0158 0.0442 0.0235 
      H148.7  2 0.0443 0.1146 0.2371 0.4967 0.0119 0.0429 0.0524 
      H148.8  2 0.1342 0.0165 0.3788 0.4073 0.0156 0.0201 0.0275 
      H148.9  2 0.2533 0.0641 0.1331 0.4111 0.0129 0.0337 0.0918 
   H166022.1  2 0.0139 0.0060 0.0124 0.0103 0.0129 0.9363 0.0083 
   H166022.2  2 0.0177 0.0143 0.0214 0.0219 0.0375 0.8580 0.0292 
   H166022.3  2 0.0083 0.0152 0.0103 0.0100 0.0053 0.9419 0.0090 
   H166022.4  2 0.0063 0.0154 0.0087 0.0100 0.0085 0.9380 0.0132 
   H166022.5  2 0.0091 0.0139 0.0100 0.0079 0.0103 0.9373 0.0115 
   H166022.6  2 0.0182 0.0130 0.0133 0.0143 0.0097 0.9238 0.0077 
   H166022.7  2 0.0112 0.0206 0.0090 0.9276 0.0130 0.0099 0.0088 
   H166022.8  2 0.0908 0.0162 0.0126 0.0127 0.0184 0.8235 0.0258 
   H167397.1  2 0.0144 0.0078 0.0745 0.7334 0.0882 0.0329 0.0488 
   H167397.2  2 0.1562 0.0128 0.0134 0.7169 0.0298 0.0431 0.0278 
   H167397.3  2 0.0240 0.0102 0.0335 0.7733 0.0826 0.0347 0.0418 
   H167397.4  2 0.0171 0.0108 0.0262 0.8813 0.0355 0.0179 0.0111 
   H167397.5  2 0.0190 0.0145 0.0156 0.8854 0.0268 0.0156 0.0229 
   H167397.6  2 0.0262 0.0197 0.0472 0.7556 0.0706 0.0219 0.0587 
   H167496.1  2 0.0126 0.0634 0.6653 0.0098 0.0241 0.1746 0.0503 
   H167496.2  2 0.0446 0.0280 0.2202 0.0447 0.2425 0.0356 0.3844 
   H167496.3  2 0.3479 0.0452 0.2338 0.0114 0.0807 0.2240 0.0570 
   H167496.4  2 0.0104 0.0118 0.0076 0.0073 0.0287 0.9159 0.0182 
   H167496.6  2 0.0243 0.0406 0.0185 0.0110 0.0661 0.5880 0.2514 
   H167496.7  2 0.0611 0.0687 0.4286 0.0119 0.0209 0.0836 0.3253 
   H167496.8  2 0.0192 0.0179 0.0201 0.0125 0.0854 0.5090 0.3360 
   H167513.1  2 0.2287 0.2944 0.1775 0.1373 0.0338 0.0812 0.0473 
   H167513.2  2 0.0582 0.0657 0.6542 0.1146 0.0231 0.0208 0.0634 
   H167513.3  2 0.0148 0.7288 0.0361 0.0138 0.0160 0.1749 0.0157 
   H167513.4  2 0.0582 0.1846 0.1953 0.0443 0.0292 0.4408 0.0476 
   H167513.5  2 0.1499 0.0542 0.4798 0.2085 0.0371 0.0367 0.0338 
   H167513.6  2 0.1732 0.0948 0.3751 0.0525 0.0512 0.2050 0.0482 
   H167513.7  2 0.0437 0.1825 0.0240 0.1062 0.0456 0.5684 0.0296 
   H167513.8  2 0.0298 0.5556 0.0513 0.1956 0.0292 0.0798 0.0587 
   H167547.1  2 0.0291 0.0194 0.8790 0.0337 0.0076 0.0125 0.0187 
   H167547.2  2 0.0154 0.0131 0.8997 0.0134 0.0135 0.0290 0.0158 
   H167547.3  2 0.0110 0.0100 0.9209 0.0155 0.0084 0.0207 0.0134 
   H167547.4  2 0.0836 0.0564 0.5112 0.0493 0.0103 0.2715 0.0176 
   H167547.5  2 0.0112 0.0111 0.9252 0.0080 0.0131 0.0230 0.0085 
   H167547.6  2 0.0112 0.0115 0.9069 0.0084 0.0124 0.0372 0.0123 
   H167547.7  2 0.3859 0.0530 0.3612 0.0742 0.0477 0.0440 0.0341 
   H169750.1  2 0.1830 0.4652 0.0977 0.0231 0.0337 0.1370 0.0604 
   H169750.2  2 0.1470 0.1546 0.0602 0.1207 0.3290 0.0470 0.1416 
   H169750.3  2 0.1468 0.4429 0.1697 0.0111 0.1079 0.0809 0.0406 
   H169750.4  2 0.2168 0.3066 0.0617 0.1720 0.0714 0.0213 0.1501 
   H169750.5  2 0.1330 0.2977 0.0534 0.0339 0.1762 0.2193 0.0867 
   H169750.6  2 0.0714 0.1055 0.0235 0.0215 0.7002 0.0530 0.0248 
   H169750.7  2 0.1986 0.3080 0.0495 0.0467 0.1437 0.0301 0.2235 
   H171929.1  2 0.0851 0.0125 0.5396 0.3170 0.0238 0.0130 0.0092 
  H171929.10  2 0.1145 0.0149 0.4724 0.1219 0.0905 0.1571 0.0288 
  H171929.11  2 0.0558 0.0274 0.6941 0.1639 0.0241 0.0200 0.0148 
   H171929.2  2 0.0447 0.0339 0.8731 0.0152 0.0101 0.0142 0.0087 
   H171929.3  2 0.0277 0.0291 0.8111 0.0740 0.0244 0.0236 0.0101 
   H171929.4  2 0.2412 0.1101 0.4783 0.0105 0.0584 0.0890 0.0124 
   H171929.5  2 0.0429 0.0795 0.5990 0.1657 0.0233 0.0481 0.0416 
   H171929.6  2 0.0427 0.0540 0.5424 0.2853 0.0156 0.0284 0.0316 
   H171929.7  2 0.4316 0.0528 0.4271 0.0142 0.0477 0.0156 0.0108 
   H171929.8  2 0.3875 0.0212 0.5235 0.0159 0.0221 0.0205 0.0093 
   H171929.9  2 0.6876 0.0373 0.0910 0.0119 0.0453 0.1077 0.0192 
   H171930.1  2 0.0134 0.5546 0.1261 0.1620 0.0312 0.0732 0.0395 
   H171930.2  2 0.0298 0.1357 0.0969 0.0236 0.0412 0.6309 0.0420 
   H171930.3  2 0.0106 0.2403 0.0870 0.4679 0.0171 0.0837 0.0933 
   H171930.4  2 0.0088 0.2158 0.0290 0.0549 0.0130 0.6016 0.0769 
   H171930.5  2 0.0576 0.3904 0.1441 0.0633 0.1125 0.1798 0.0523 
   H171930.6  2 0.0148 0.2169 0.0344 0.0178 0.0959 0.3443 0.2760 
   H171930.7  2 0.0115 0.0348 0.0179 0.8514 0.0232 0.0361 0.0251 
   H171930.8  2 0.0112 0.0312 0.0433 0.7608 0.0254 0.0672 0.0608 
   H171933.1  2 0.0110 0.0110 0.0259 0.0178 0.0087 0.9169 0.0087 
   H171933.2  2 0.0247 0.0132 0.0324 0.0357 0.0247 0.8507 0.0185 
   H171933.3  2 0.0241 0.0139 0.0553 0.0109 0.0096 0.8699 0.0164 
   H171933.4  2 0.0201 0.0208 0.1001 0.0063 0.0083 0.8326 0.0118 
   H171933.5  2 0.0731 0.2686 0.2483 0.0168 0.0096 0.3510 0.0324 
   H171933.6  2 0.0089 0.0180 0.0138 0.0065 0.0565 0.8831 0.0132 
   H171933.7  2 0.0319 0.0170 0.0160 0.0118 0.0128 0.8608 0.0498 
   H171933.8  2 0.0308 0.0128 0.0481 0.0273 0.0114 0.8419 0.0277 
   H171933.9  2 0.0075 0.0154 0.0108 0.0053 0.0072 0.9453 0.0084 
      H190.1  2 0.0264 0.5966 0.0614 0.0082 0.0233 0.2110 0.0732 
      H190.2  2 0.0253 0.0146 0.1939 0.0100 0.0490 0.0151 0.6922 
      H190.3  2 0.2742 0.0431 0.4680 0.0164 0.0459 0.0586 0.0938 
      H190.4  2 0.0268 0.1103 0.0651 0.0150 0.0105 0.7601 0.0121 
      H190.5  2 0.0257 0.0144 0.0418 0.0086 0.0435 0.0200 0.8460 
      H190.6  2 0.0557 0.0908 0.1754 0.0153 0.0194 0.6321 0.0113 
      H190.7  2 0.5843 0.0288 0.2826 0.0161 0.0194 0.0428 0.0260 
      H190.8  2 0.0387 0.0340 0.0587 0.0076 0.0256 0.0276 0.8079 
      H190.9  2 0.2109 0.0583 0.2749 0.0308 0.0228 0.0600 0.3423 
      H400.1  2 0.0126 0.0090 0.0049 0.0101 0.0090 0.9429 0.0114 
      H400.2  2 0.0081 0.0075 0.0088 0.0106 0.0355 0.9191 0.0105 
      H400.3  2 0.0197 0.0230 0.0084 0.0122 0.0153 0.8800 0.0414 
      H400.4  2 0.0110 0.0154 0.0231 0.0071 0.0350 0.8980 0.0103 
      H400.5  2 0.0127 0.0239 0.0088 0.0105 0.0176 0.9141 0.0123 
      H400.6  2 0.0169 0.0064 0.0075 0.0069 0.0192 0.9326 0.0105 
      H400.7  2 0.0119 0.0094 0.0090 0.0061 0.0064 0.9485 0.0086 
 H428.1_2005  2 0.0129 0.0217 0.0128 0.0108 0.0143 0.9201 0.0074 
 H428.1_2006  2 0.0159 0.0111 0.0145 0.0090 0.0458 0.8916 0.0120 
 H428.2_2005  2 0.0117 0.0120 0.0124 0.0107 0.0084 0.9374 0.0074 
 H428.2_2006  2 0.0075 0.0084 0.0124 0.0094 0.0550 0.8987 0.0086 
 H428.3_2005  2 0.0078 0.0170 0.0079 0.0058 0.0113 0.9433 0.0069 
 H428.3_2006  2 0.0156 0.0164 0.0114 0.0123 0.0446 0.8864 0.0134 
 H428.4_2005  2 0.0082 0.0202 0.0122 0.0093 0.0087 0.9348 0.0066 
 H428.4_2006  2 0.0113 0.0124 0.0099 0.0060 0.0195 0.9344 0.0063 
 H428.5_2005  2 0.0084 0.0088 0.0112 0.0255 0.0180 0.9228 0.0054 
 H428.6_2005  2 0.0248 0.0190 0.0079 0.0067 0.0203 0.9098 0.0116 
 H428.6_2006  2 0.0121 0.0260 0.0059 0.0253 0.0310 0.8926 0.0071 
      H428.7  2 0.0074 0.0088 0.0064 0.0064 0.0124 0.9528 0.0058 
      H428.8  2 0.0094 0.0135 0.0104 0.0106 0.0168 0.9326 0.0066 
      H428.9  2 0.0083 0.0064 0.0079 0.0165 0.0093 0.9455 0.0060 
      H453.1  2 0.0105 0.0225 0.0091 0.0125 0.0437 0.8877 0.0140 
      H453.2  2 0.0236 0.0229 0.0079 0.0089 0.0115 0.9092 0.0162 
      H453.3  2 0.0294 0.0138 0.0154 0.0068 0.0117 0.9087 0.0142 
      H453.4  2 0.0140 0.0186 0.0114 0.0067 0.0101 0.9223 0.0169 
      H453.5  2 0.0089 0.0229 0.0059 0.0091 0.0229 0.9152 0.0151 
      H453.6  2 0.0059 0.0127 0.0071 0.0068 0.0205 0.9385 0.0084 
      H453.7  2 0.6128 0.0177 0.0326 0.0099 0.1572 0.1428 0.0272 
      H453.8  2 0.1407 0.0463 0.0597 0.0133 0.1317 0.4796 0.1286 
      H453.9  2 0.0810 0.0277 0.0115 0.0096 0.3005 0.5170 0.0526 
      H512.1  2 0.0180 0.0537 0.0149 0.0062 0.0111 0.8785 0.0175 
     H512.10  2 0.0272 0.2467 0.0229 0.1357 0.0447 0.4437 0.0790 
      H512.2  2 0.0441 0.1683 0.0675 0.0392 0.0258 0.3960 0.2592 
      H512.3  2 0.0173 0.5514 0.0186 0.0376 0.0150 0.1177 0.2424 
      H512.4  2 0.0328 0.0430 0.0478 0.0472 0.0676 0.6646 0.0969 
      H512.5  2 0.0131 0.7249 0.0247 0.0275 0.0150 0.0390 0.1558 
      H512.6  2 0.0568 0.3013 0.0633 0.0135 0.0167 0.1721 0.3763 
      H512.7  2 0.0105 0.7791 0.0115 0.0210 0.0219 0.0852 0.0708 
      H512.8  2 0.0263 0.1654 0.1074 0.0220 0.0177 0.2019 0.4592 
      H512.9  2 0.0348 0.6802 0.0097 0.0206 0.0217 0.1695 0.0636 
      H513.1  2 0.0064 0.0070 0.0066 0.0093 0.0110 0.9500 0.0097 
      H513.2  2 0.0092 0.0065 0.0173 0.0113 0.0106 0.9393 0.0059 
      H513.3  2 0.0088 0.0093 0.0054 0.0070 0.0107 0.9526 0.0061 
      H513.4  2 0.0089 0.0124 0.0175 0.0065 0.0337 0.9085 0.0125 
      H513.5  2 0.0084 0.0132 0.0066 0.0083 0.0118 0.9427 0.0090 
      H513.6  2 0.0208 0.0221 0.0262 0.1920 0.0162 0.7090 0.0137 
      H532.1  2 0.0325 0.0362 0.0184 0.0312 0.6055 0.2499 0.0264 
      H532.2  2 0.0184 0.0103 0.0715 0.0140 0.0451 0.8271 0.0135 
      H532.3  2 0.0336 0.0258 0.0851 0.0090 0.0678 0.7642 0.0145 
      H532.4  2 0.0834 0.0243 0.0130 0.0234 0.5514 0.2833 0.0212 
      H532.5  2 0.0193 0.0187 0.0289 0.0287 0.1080 0.7857 0.0107 
      H532.6  2 0.0291 0.0230 0.0091 0.0212 0.1592 0.7379 0.0205 
      H532.7  2 0.0115 0.0248 0.0216 0.0182 0.7639 0.1515 0.0084 
      H532.8  2 0.0209 0.0305 0.0728 0.0445 0.7082 0.1083 0.0147 
      H543.1  2 0.0089 0.0082 0.0095 0.9429 0.0067 0.0175 0.0063 
      H543.2  2 0.0181 0.0139 0.0235 0.8724 0.0088 0.0568 0.0066 
      H543.3  2 0.0102 0.0082 0.0078 0.9374 0.0129 0.0176 0.0058 
      H543.4  2 0.0100 0.0059 0.0169 0.9408 0.0075 0.0109 0.0079 
      H543.5  2 0.0074 0.0073 0.0097 0.9534 0.0068 0.0086 0.0068 
      H543.6  2 0.0165 0.0084 0.0175 0.9262 0.0087 0.0175 0.0051 
      H543.7  2 0.0062 0.0048 0.0067 0.9663 0.0051 0.0052 0.0056 
      H543.8  2 0.0176 0.0115 0.0130 0.9006 0.0222 0.0286 0.0065 
      H543.9  2 0.0141 0.0075 0.0086 0.9439 0.0110 0.0097 0.0052 
 H545.1_2005  2 0.0055 0.0041 0.0036 0.9720 0.0051 0.0047 0.0050 
 H545.1_2006  2 0.0065 0.0060 0.0058 0.9587 0.0075 0.0066 0.0089 
 H545.2_2005  2 0.0111 0.0173 0.0087 0.9329 0.0107 0.0073 0.0120 
 H545.2_2006  2 0.0051 0.0056 0.0055 0.9681 0.0051 0.0058 0.0048 
 H545.3_2005  2 0.0139 0.0162 0.0162 0.9275 0.0070 0.0076 0.0117 
 H545.3_2006  2 0.0053 0.0056 0.0044 0.9599 0.0113 0.0065 0.0070 
 H545.4_2005  2 0.0144 0.0091 0.0176 0.9347 0.0077 0.0056 0.0110 
 H545.4_2006  2 0.0086 0.0109 0.0115 0.9414 0.0079 0.0069 0.0127 
 H545.5_2005  2 0.0067 0.0065 0.0057 0.9537 0.0111 0.0092 0.0071 
 H545.5_2006  2 0.0068 0.0118 0.0094 0.9504 0.0073 0.0078 0.0065 
 H545.6_2005  2 0.0047 0.0056 0.0046 0.9696 0.0052 0.0058 0.0044 
 H545.6_2006  2 0.0084 0.0074 0.0069 0.9580 0.0063 0.0062 0.0068 
 H545.7_2005  2 0.0058 0.0073 0.0049 0.9659 0.0049 0.0059 0.0054 
 H545.7_2006  2 0.0072 0.0070 0.0059 0.9511 0.0098 0.0071 0.0120 
 H545.8_2005  2 0.0133 0.0107 0.0117 0.9305 0.0133 0.0111 0.0095 
 H545.8_2006  2 0.0058 0.0060 0.0051 0.9664 0.0057 0.0065 0.0045 
      H545.9  2 0.0094 0.0098 0.0094 0.9521 0.0064 0.0067 0.0064 
      H547.1  2 0.0371 0.0332 0.1531 0.0115 0.0084 0.7437 0.0129 
      H547.2  2 0.0231 0.0082 0.2737 0.0165 0.0201 0.5519 0.1065 
      H547.3  2 0.0340 0.0481 0.5393 0.0189 0.0080 0.3000 0.0517 
      H547.4  2 0.0316 0.0326 0.5576 0.0112 0.0514 0.2705 0.0452 
      H547.5  2 0.0149 0.0158 0.5791 0.0081 0.0054 0.3593 0.0175 
      H547.6  2 0.0232 0.0115 0.1890 0.0403 0.0098 0.7148 0.0113 
      H547.7  2 0.0448 0.0460 0.3996 0.0304 0.0116 0.4349 0.0325 
      H547.8  2 0.0379 0.0252 0.2311 0.0144 0.0084 0.6739 0.0089 
      H548.1  2 0.0067 0.0097 0.0075 0.9559 0.0062 0.0076 0.0063 
      H548.2  2 0.0088 0.0099 0.0089 0.9512 0.0069 0.0080 0.0062 
      H548.3  2 0.0094 0.0070 0.0051 0.9557 0.0071 0.0091 0.0067 
      H548.4  2 0.0146 0.0200 0.0115 0.8965 0.0245 0.0118 0.0212 
      H548.5  2 0.0046 0.0061 0.0058 0.9632 0.0073 0.0054 0.0075 
      H548.6  2 0.0070 0.0113 0.0067 0.9546 0.0059 0.0051 0.0094 
      H548.7  2 0.0069 0.0070 0.0064 0.9566 0.0096 0.0065 0.0070 
      H548.8  2 0.0093 0.0105 0.0063 0.9495 0.0086 0.0087 0.0072 
      H548.9  2 0.0163 0.0141 0.0120 0.9227 0.0157 0.0103 0.0088 
     H7389.1  2 0.0177 0.0115 0.0159 0.0115 0.0119 0.9213 0.0103 
     H7389.2  2 0.0059 0.0080 0.0180 0.0261 0.0173 0.9196 0.0051 
     H7389.3  2 0.0073 0.0111 0.0192 0.0165 0.0138 0.9266 0.0055 
     H7389.4  2 0.0136 0.0142 0.0060 0.0528 0.0316 0.8687 0.0132 
     H7389.5  2 0.0228 0.0194 0.0076 0.0354 0.0203 0.8832 0.0113 
     H7389.6  2 0.0069 0.0236 0.0101 0.0196 0.0500 0.8807 0.0090 
     H7389.7  2 0.0072 0.0139 0.0400 0.0705 0.0298 0.8303 0.0084 
     H7389.8  2 0.0230 0.0276 0.0111 0.3416 0.0282 0.5525 0.0159 
     H7389.9  2 0.0075 0.0104 0.0087 0.0369 0.0237 0.9071 0.0058 
      H747.1  2 0.0297 0.6903 0.1728 0.0210 0.0234 0.0403 0.0227 
      H747.2  2 0.0165 0.7871 0.1294 0.0214 0.0105 0.0131 0.0221 
      H747.3  2 0.0262 0.8381 0.0358 0.0143 0.0163 0.0320 0.0373 
      H747.4  2 0.0181 0.6126 0.1965 0.0113 0.0186 0.0168 0.1261 
      H747.5  2 0.0130 0.8562 0.0410 0.0114 0.0131 0.0159 0.0495 
      H747.6  2 0.0396 0.4928 0.2618 0.1085 0.0178 0.0450 0.0344 
      H747.7  2 0.0296 0.8255 0.0689 0.0194 0.0099 0.0286 0.0180 
     H7484.1  2 0.1843 0.0288 0.0162 0.0123 0.5845 0.0657 0.1082 
     H7484.2  2 0.4568 0.0179 0.0335 0.0101 0.1694 0.0382 0.2741 
     H7484.3  2 0.1705 0.0373 0.0342 0.0171 0.3300 0.0218 0.3891 
     H7484.4  2 0.2876 0.0295 0.0243 0.0061 0.3116 0.0804 0.2606 
     H7484.5  2 0.0969 0.0457 0.0201 0.0182 0.7115 0.0471 0.0605 
     H7484.6  2 0.1141 0.4201 0.0334 0.0188 0.0606 0.0193 0.3338 
     H7484.7  2 0.5647 0.0814 0.0106 0.0086 0.2191 0.0223 0.0933 
     H7484.8  2 0.1225 0.0516 0.0241 0.0125 0.3941 0.2321 0.1630 
     H7485.1  2 0.0165 0.0075 0.0087 0.9333 0.0151 0.0094 0.0096 
     H7485.2  2 0.0075 0.0042 0.0054 0.9591 0.0106 0.0078 0.0054 
     H7485.3  2 0.0049 0.0055 0.0072 0.9601 0.0056 0.0058 0.0110 
     H7485.4  2 0.0078 0.0047 0.0042 0.9613 0.0077 0.0078 0.0065 
     H7485.5  2 0.0158 0.0077 0.0076 0.9310 0.0123 0.0120 0.0138 
     H7485.6  2 0.0150 0.0078 0.0106 0.9254 0.0192 0.0119 0.0101 
     H7485.7  2 0.0109 0.0080 0.0064 0.9363 0.0096 0.0071 0.0216 
     H7496.1  2 0.0107 0.0222 0.0197 0.0083 0.0546 0.8184 0.0663 
    H7496.10  2 0.0125 0.0081 0.0122 0.0076 0.0233 0.9131 0.0233 
    H7496.11  2 0.0143 0.0321 0.0262 0.7608 0.0986 0.0348 0.0332 
     H7496.2  2 0.0228 0.0267 0.0177 0.0085 0.0342 0.8672 0.0229 
     H7496.3  2 0.0813 0.0169 0.0286 0.0170 0.4965 0.2048 0.1549 
     H7496.4  2 0.0100 0.0138 0.0275 0.0102 0.0156 0.9009 0.0221 
     H7496.5  2 0.0138 0.0326 0.0340 0.0101 0.0307 0.7513 0.1274 
     H7496.6  2 0.0174 0.0264 0.0188 0.0069 0.0326 0.7787 0.1192 
     H7496.7  2 0.0177 0.0105 0.0127 0.0091 0.0220 0.9006 0.0273 
     H7496.8  2 0.0714 0.0139 0.0501 0.0229 0.0630 0.4547 0.3240 
        UNK4  2 0.0363 0.0243 0.0287 0.0625 0.0198 0.7476 0.0808 
        UNK5  2 0.0520 0.0108 0.0172 0.0685 0.0481 0.7179 0.0854 
        UNK6  2 0.0179 0.0125 0.0238 0.0333 0.0208 0.8777 0.0138 
        UNK7  2 0.0184 0.0083 0.0161 0.1074 0.0171 0.8048 0.0279 
        UNK8  2 0.0392 0.0074 0.0073 0.1389 0.0155 0.7692 0.0225 
        UNK9  2 0.0108 0.0272 0.0203 0.1795 0.1898 0.5398 0.0326 
      H009.1  4 0.9317 0.0257 0.0118 0.0055 0.0082 0.0077 0.0095 
      H009.2  4 0.8579 0.0749 0.0122 0.0096 0.0095 0.0120 0.0238 
      H009.3  4 0.9306 0.0233 0.0100 0.0068 0.0088 0.0077 0.0127 
      H009.4  4 0.8106 0.1052 0.0118 0.0128 0.0140 0.0137 0.0318 
      H009.5  4 0.8828 0.0247 0.0077 0.0298 0.0093 0.0116 0.0341 
      H009.6  4 0.9259 0.0134 0.0150 0.0057 0.0132 0.0093 0.0175 
      H046.4  4 0.1740 0.1693 0.0483 0.0775 0.3507 0.1137 0.0664 
      H046.8  4 0.1514 0.1086 0.3513 0.0732 0.0849 0.0386 0.1921 
 H076.1_2002  4 0.0072 0.0096 0.9520 0.0094 0.0059 0.0105 0.0056 
 H076.1_2003  4 0.0059 0.0061 0.9608 0.0084 0.0064 0.0055 0.0069 
 H076.1_2004  4 0.0083 0.0079 0.9490 0.0086 0.0101 0.0059 0.0101 
 H076.2_2002  4 0.0068 0.0100 0.9519 0.0085 0.0067 0.0089 0.0072 
 H076.2_2003  4 0.0076 0.0074 0.9480 0.0119 0.0060 0.0060 0.0130 
 H076.2_2004  4 0.0250 0.0305 0.8760 0.0122 0.0131 0.0182 0.0251 
 H076.3_2002  4 0.0555 0.1933 0.6083 0.0166 0.0410 0.0218 0.0635 
 H076.3_2003  4 0.0093 0.0080 0.9318 0.0194 0.0070 0.0100 0.0144 
 H076.3_2004  4 0.0069 0.0065 0.9426 0.0133 0.0105 0.0112 0.0090 
 H076.4_2002  4 0.0444 0.0292 0.6061 0.0230 0.0330 0.0399 0.2244 
 H076.4_2003  4 0.0119 0.0120 0.9432 0.0101 0.0079 0.0062 0.0087 
 H076.4_2004  4 0.1117 0.1021 0.6365 0.0206 0.0198 0.0366 0.0728 
 H076.5_2002  4 0.0095 0.0170 0.9277 0.0075 0.0121 0.0183 0.0079 
 H076.5_2003  4 0.0124 0.0152 0.8659 0.0460 0.0080 0.0143 0.0382 
 H076.5_2004  4 0.0541 0.0132 0.5799 0.0150 0.0298 0.0558 0.2524 
 H076.6_2002  4 0.0119 0.0074 0.9484 0.0091 0.0090 0.0066 0.0076 
 H076.6_2003  4 0.0125 0.0080 0.9081 0.0339 0.0064 0.0172 0.0138 
 H076.6_2004  4 0.0149 0.0131 0.8673 0.0102 0.0089 0.0102 0.0754 
 H076.7_2002  4 0.1197 0.1466 0.5488 0.0199 0.0332 0.0495 0.0823 
 H076.7_2003  4 0.0083 0.0199 0.9207 0.0249 0.0066 0.0093 0.0103 
 H076.7_2004  4 0.0239 0.0272 0.8830 0.0136 0.0156 0.0097 0.0270 
      H477.1  4 0.0094 0.6383 0.0346 0.0127 0.0094 0.2812 0.0144 
      H477.2  4 0.0180 0.7186 0.0375 0.0094 0.0118 0.0649 0.1397 
      H477.3  4 0.0153 0.7042 0.0137 0.0310 0.0333 0.1476 0.0549 
      H477.4  4 0.0124 0.6944 0.0238 0.1010 0.0136 0.1436 0.0112 
      H477.5  4 0.0338 0.6216 0.0646 0.0604 0.0168 0.0924 0.1103 
      H477.6  4 0.0139 0.6986 0.0196 0.0353 0.0170 0.0292 0.1863 
      H477.7  4 0.0182 0.4951 0.0475 0.1282 0.0102 0.2538 0.0470 
 H479.1_2005  4 0.0645 0.1914 0.0071 0.0156 0.5242 0.1462 0.0510 
 H479.1_2006  4 0.0278 0.6218 0.0887 0.0512 0.1421 0.0161 0.0522 
     H479.10  4 0.0260 0.1978 0.0292 0.0189 0.4988 0.0214 0.2078 
 H479.2_2005  4 0.0623 0.0099 0.0115 0.0143 0.0593 0.0502 0.7925 
 H479.2_2006  4 0.0118 0.8193 0.0061 0.0316 0.0878 0.0320 0.0113 
 H479.3_2005  4 0.0166 0.4990 0.0238 0.0158 0.2667 0.0998 0.0783 
 H479.3_2006  4 0.0189 0.7077 0.0276 0.0150 0.1319 0.0638 0.0351 
 H479.4_2005  4 0.0238 0.6078 0.0196 0.0194 0.0934 0.0360 0.2000 
 H479.4_2006  4 0.0165 0.2397 0.0141 0.0140 0.6232 0.0513 0.0412 
 H479.5_2005  4 0.0254 0.0148 0.0223 0.0169 0.2419 0.0305 0.6481 
 H479.5_2006  4 0.0112 0.6821 0.0112 0.0122 0.2310 0.0316 0.0207 
 H479.6_2005  4 0.0066 0.0126 0.0110 0.0188 0.0138 0.0135 0.9237 
 H479.6_2006  4 0.0108 0.0521 0.0071 0.0183 0.7888 0.1063 0.0167 
 H479.7_2005  4 0.0312 0.0884 0.0212 0.0313 0.0643 0.5044 0.2593 
 H479.7_2006  4 0.0201 0.5135 0.0206 0.0294 0.2833 0.1066 0.0265 
 H479.8_2005  4 0.0105 0.0319 0.0088 0.0235 0.1062 0.7375 0.0817 
 H479.8_2006  4 0.0094 0.0786 0.0176 0.0362 0.0566 0.0082 0.7935 
      H479.9  4 0.0096 0.7557 0.0227 0.0107 0.0642 0.0078 0.1293 
      H516.1  4 0.3203 0.3611 0.2318 0.0137 0.0180 0.0197 0.0355 
      H516.2  4 0.0227 0.8980 0.0118 0.0100 0.0170 0.0076 0.0330 
      H516.3  4 0.1258 0.3089 0.0281 0.0111 0.0127 0.0108 0.5025 
      H516.4  4 0.0455 0.5620 0.0340 0.0147 0.0191 0.0098 0.3148 
      H516.5  4 0.1630 0.6359 0.0995 0.0498 0.0122 0.0149 0.0248 
      H516.6  4 0.0209 0.9066 0.0073 0.0191 0.0110 0.0055 0.0297 
      H516.7  4 0.0133 0.8579 0.0637 0.0145 0.0196 0.0155 0.0155 
      H516.8  4 0.2369 0.6457 0.0486 0.0125 0.0125 0.0103 0.0335 
      H516.9  4 0.0277 0.8756 0.0401 0.0069 0.0154 0.0118 0.0224 
      H646.1  4 0.1664 0.5281 0.1910 0.0078 0.0145 0.0181 0.0741 
      H646.2  4 0.1189 0.5992 0.2453 0.0065 0.0063 0.0093 0.0145 
      H646.3  4 0.2766 0.6181 0.0453 0.0059 0.0184 0.0094 0.0263 
      H646.4  4 0.0375 0.5035 0.4120 0.0097 0.0112 0.0164 0.0096 
      H646.5  4 0.1024 0.7735 0.0709 0.0077 0.0193 0.0127 0.0134 
      H658.1  4 0.0304 0.8705 0.0142 0.0423 0.0109 0.0089 0.0227 
     H658.10  4 0.0103 0.9518 0.0073 0.0058 0.0073 0.0095 0.0081 
      H658.2  4 0.0266 0.8723 0.0311 0.0312 0.0118 0.0099 0.0170 
      H658.3  4 0.0157 0.9128 0.0096 0.0124 0.0155 0.0162 0.0177 
      H658.4  4 0.0250 0.9147 0.0102 0.0067 0.0170 0.0109 0.0155 
      H658.5  4 0.0082 0.9577 0.0060 0.0040 0.0099 0.0075 0.0067 
      H658.6  4 0.0247 0.8902 0.0128 0.0102 0.0179 0.0116 0.0327 
      H658.7  4 0.0289 0.7917 0.0246 0.0180 0.0185 0.0108 0.1075 
      H658.8  4 0.0955 0.6631 0.0358 0.0254 0.0081 0.0117 0.1604 
      H658.9  4 0.0173 0.8957 0.0257 0.0143 0.0179 0.0080 0.0211 
      H682.1  4 0.0345 0.0475 0.0253 0.0111 0.1583 0.0551 0.6683 
      H682.6  4 0.3019 0.1239 0.1081 0.0202 0.2057 0.0745 0.1658 
      H720.1  4 0.0254 0.4765 0.2160 0.0108 0.0453 0.1823 0.0436 
      H720.2  4 0.0368 0.6952 0.0899 0.0106 0.0306 0.1102 0.0267 
      H720.3  4 0.0132 0.0491 0.6723 0.0102 0.0868 0.0278 0.1407 
      H720.4  4 0.0212 0.6907 0.0664 0.0191 0.0460 0.0398 0.1169 
      H720.5  4 0.0319 0.0614 0.5539 0.0552 0.0954 0.0456 0.1564 
      H720.6  4 0.0313 0.0536 0.5733 0.0577 0.0966 0.0454 0.1422 
      H720.7  4 0.0359 0.8166 0.0170 0.0089 0.0242 0.0827 0.0147 
      H720.8  4 0.0469 0.0724 0.4002 0.0081 0.2535 0.1064 0.1125 
      H720.9  4 0.0539 0.0182 0.0152 0.0069 0.0962 0.0110 0.7986 
      H724.1  4 0.0302 0.0104 0.7047 0.0291 0.0257 0.0158 0.1841 
      H724.2  4 0.0316 0.0243 0.7123 0.0292 0.0488 0.0627 0.0911 
      H724.3  4 0.0314 0.4545 0.0847 0.0093 0.1593 0.0534 0.2075 
      H724.4  4 0.0150 0.0131 0.1067 0.0112 0.0274 0.0096 0.8170 
      H724.5  4 0.0553 0.1677 0.0479 0.0070 0.2304 0.0695 0.4222 
      H724.6  4 0.0236 0.0194 0.7886 0.0206 0.0231 0.0308 0.0940 
      H725.1  4 0.0565 0.0162 0.0163 0.0093 0.1227 0.0144 0.7646 
      H725.2  4 0.5948 0.0552 0.0153 0.0149 0.0327 0.1077 0.1793 
      H725.3  4 0.3894 0.1817 0.0127 0.0346 0.0558 0.0382 0.2876 
      H725.4  4 0.1485 0.0193 0.0217 0.1629 0.2214 0.0740 0.3522 
      H725.5  4 0.0105 0.1270 0.0182 0.0126 0.0132 0.6113 0.2072 
      H725.6  4 0.0205 0.1334 0.0495 0.0171 0.0182 0.0165 0.7447 
      H725.7  4 0.0280 0.0164 0.0178 0.0113 0.0550 0.0131 0.8585 
      H725.8  4 0.0377 0.0785 0.0246 0.1284 0.0302 0.0132 0.6874 
      H726.1  4 0.0317 0.9029 0.0201 0.0095 0.0058 0.0093 0.0207 
      H726.2  4 0.0205 0.8428 0.0229 0.0104 0.0206 0.0357 0.0470 
      H726.3  4 0.1364 0.6874 0.0654 0.0340 0.0133 0.0304 0.0332 
      H726.4  4 0.0112 0.9367 0.0109 0.0126 0.0100 0.0058 0.0128 
      H726.5  4 0.0257 0.8536 0.0140 0.0095 0.0207 0.0092 0.0673 
        UNK1  4 0.2364 0.2444 0.0475 0.0298 0.0267 0.1503 0.2649 
        UNK2  4 0.1733 0.0377 0.0179 0.0185 0.2032 0.0137 0.5356 
        UNK3  4 0.2895 0.3705 0.0630 0.0328 0.0513 0.1202 0.0727 
      H016.1  5 0.0298 0.0416 0.0333 0.5924 0.1442 0.0400 0.1188 
      H016.2  5 0.0302 0.0176 0.0153 0.1529 0.7236 0.0176 0.0429 
      H016.3  5 0.0403 0.1443 0.1597 0.1191 0.0158 0.0268 0.4941 
      H016.4  5 0.0227 0.0191 0.0184 0.1002 0.7809 0.0261 0.0326 
 H017.1_2002  5 0.7488 0.1130 0.0764 0.0129 0.0074 0.0296 0.0119 
 H017.1_2003  5 0.0306 0.6439 0.0142 0.1737 0.0132 0.0716 0.0527 
 H017.2_2002  5 0.5308 0.0641 0.2512 0.0212 0.0261 0.0217 0.0849 
 H017.2_2003  5 0.0217 0.9274 0.0072 0.0093 0.0097 0.0067 0.0180 
 H017.3_2002  5 0.5153 0.0521 0.0190 0.3378 0.0118 0.0205 0.0434 
 H017.3_2003  5 0.7361 0.0296 0.0730 0.0436 0.0087 0.0395 0.0695 
 H017.4_2002  5 0.8252 0.0099 0.0278 0.0754 0.0250 0.0191 0.0178 
 H017.4_2003  5 0.1910 0.5970 0.0099 0.1466 0.0152 0.0077 0.0325 
 H017.5_2002  5 0.1413 0.0181 0.0154 0.7883 0.0121 0.0102 0.0145 
 H017.5_2003  5 0.1821 0.7317 0.0115 0.0297 0.0124 0.0074 0.0253 
 H017.6_2002  5 0.8210 0.0092 0.0598 0.0338 0.0130 0.0459 0.0173 
 H017.6_2003  5 0.1360 0.6717 0.0338 0.0127 0.0123 0.0142 0.1192 
 H017.7_2002  5 0.6418 0.0212 0.0478 0.1560 0.0300 0.0553 0.0479 
 H017.7_2003  5 0.0167 0.9372 0.0071 0.0149 0.0077 0.0064 0.0100 
      H017.8  5 0.8105 0.0720 0.0123 0.0584 0.0107 0.0113 0.0249 
      H017.9  5 0.5108 0.0248 0.0389 0.3127 0.0328 0.0569 0.0230 
      H032.1  5 0.0079 0.9227 0.0102 0.0245 0.0070 0.0088 0.0190 
      H032.2  5 0.0066 0.9349 0.0069 0.0260 0.0083 0.0068 0.0104 
      H032.3  5 0.0082 0.9370 0.0079 0.0144 0.0152 0.0087 0.0085 
      H032.4  5 0.0206 0.9202 0.0108 0.0211 0.0145 0.0052 0.0076 
      H032.5  5 0.0124 0.9123 0.0110 0.0156 0.0136 0.0091 0.0259 
      H032.6  5 0.0138 0.9258 0.0160 0.0151 0.0094 0.0064 0.0135 
      H032.7  5 0.0227 0.8391 0.0217 0.0491 0.0082 0.0206 0.0386 
 H034.1_2002  5 0.8062 0.0267 0.0756 0.0202 0.0352 0.0133 0.0228 
 H034.1_2003  5 0.8108 0.0382 0.0867 0.0087 0.0091 0.0140 0.0325 
 H034.2_2002  5 0.7911 0.0301 0.0264 0.0742 0.0437 0.0113 0.0232 
 H034.2_2003  5 0.8109 0.0233 0.0627 0.0076 0.0113 0.0317 0.0524 
 H034.3_2002  5 0.8577 0.0192 0.0214 0.0509 0.0242 0.0101 0.0165 
 H034.3_2003  5 0.7636 0.0200 0.1618 0.0109 0.0092 0.0153 0.0194 
 H034.4_2002  5 0.7920 0.0110 0.1205 0.0216 0.0211 0.0131 0.0207 
 H034.4_2003  5 0.8865 0.0449 0.0292 0.0091 0.0072 0.0110 0.0121 
 H034.5_2002  5 0.8610 0.0166 0.0330 0.0522 0.0090 0.0085 0.0198 
 H034.5_2003  5 0.7195 0.0969 0.0616 0.0750 0.0116 0.0166 0.0189 
 H034.6_2002  5 0.8286 0.0204 0.0366 0.0637 0.0282 0.0103 0.0122 
 H034.6_2003  5 0.8744 0.0557 0.0231 0.0212 0.0073 0.0112 0.0070 
 H034.7_2002  5 0.9242 0.0118 0.0179 0.0111 0.0105 0.0087 0.0159 
 H034.7_2003  5 0.7252 0.1813 0.0227 0.0422 0.0063 0.0115 0.0108 
 H034.8_2002  5 0.6245 0.0200 0.2905 0.0242 0.0164 0.0146 0.0099 
 H034.8_2003  5 0.8309 0.0452 0.0512 0.0462 0.0066 0.0064 0.0136 
      H034.9  5 0.7887 0.0271 0.0403 0.0451 0.0524 0.0184 0.0280 
      H048.1  5 0.0111 0.8699 0.0206 0.0110 0.0315 0.0202 0.0357 
      H048.2  5 0.0377 0.3298 0.1835 0.0179 0.3257 0.0754 0.0300 
      H048.3  5 0.0159 0.1455 0.6909 0.0219 0.0258 0.0733 0.0266 
      H048.4  5 0.0163 0.0978 0.5156 0.0262 0.2779 0.0438 0.0224 
      H048.5  5 0.0134 0.7353 0.0286 0.0171 0.1310 0.0257 0.0488 
      H048.6  5 0.0190 0.0606 0.5422 0.0169 0.3137 0.0190 0.0285 
      H048.7  5 0.0169 0.4902 0.0328 0.0628 0.3453 0.0169 0.0351 
      H048.8  5 0.0416 0.2694 0.3039 0.0557 0.2480 0.0176 0.0638 
      H060.1  5 0.9181 0.0062 0.0069 0.0306 0.0105 0.0101 0.0176 
     H060.10  5 0.9589 0.0078 0.0073 0.0076 0.0049 0.0069 0.0067 
      H060.2  5 0.9285 0.0189 0.0106 0.0106 0.0100 0.0096 0.0118 
      H060.3  5 0.9564 0.0068 0.0083 0.0077 0.0070 0.0054 0.0086 
      H060.4  5 0.9221 0.0101 0.0098 0.0243 0.0079 0.0112 0.0147 
      H060.5  5 0.9318 0.0066 0.0117 0.0228 0.0063 0.0090 0.0117 
      H060.6  5 0.9331 0.0062 0.0081 0.0202 0.0072 0.0073 0.0179 
      H060.7  5 0.9046 0.0104 0.0349 0.0152 0.0094 0.0106 0.0150 
      H060.8  5 0.8986 0.0131 0.0165 0.0140 0.0113 0.0140 0.0325 
      H060.9  5 0.9073 0.0107 0.0085 0.0306 0.0089 0.0071 0.0270 
 H070.1_2002  5 0.6739 0.0113 0.0421 0.0612 0.0349 0.1562 0.0205 
 H070.1_2003  5 0.8925 0.0126 0.0084 0.0182 0.0225 0.0108 0.0351 
 H070.1_2004  5 0.6457 0.0147 0.2597 0.0172 0.0124 0.0100 0.0403 
 H070.2_2002  5 0.4412 0.0260 0.1039 0.0449 0.0135 0.2936 0.0770 
 H070.2_2003  5 0.7114 0.0267 0.0245 0.0354 0.0214 0.0420 0.1385 
 H070.2_2004  5 0.6266 0.0147 0.2417 0.0100 0.0095 0.0084 0.0891 
 H070.3_2002  5 0.8716 0.0169 0.0278 0.0135 0.0252 0.0245 0.0205 
 H070.3_2003  5 0.9181 0.0363 0.0100 0.0091 0.0069 0.0096 0.0100 
 H070.3_2004  5 0.7803 0.0100 0.0116 0.0283 0.0138 0.0132 0.1427 
 H070.4_2002  5 0.7984 0.0211 0.0552 0.0104 0.0171 0.0251 0.0727 
 H070.4_2003  5 0.8690 0.0456 0.0148 0.0178 0.0105 0.0149 0.0273 
 H070.4_2004  5 0.8621 0.0183 0.0219 0.0102 0.0320 0.0176 0.0380 
 H070.5_2002  5 0.8118 0.0088 0.0082 0.0368 0.0562 0.0197 0.0584 
 H070.5_2003  5 0.9168 0.0299 0.0075 0.0155 0.0091 0.0067 0.0145 
 H070.5_2004  5 0.2865 0.0116 0.0706 0.0212 0.0143 0.0093 0.5865 
 H070.6_2002  5 0.7450 0.0121 0.0074 0.0193 0.0208 0.0333 0.1621 
 H070.6_2003  5 0.9129 0.0200 0.0273 0.0073 0.0077 0.0121 0.0127 
 H070.6_2004  5 0.3355 0.0131 0.0572 0.0139 0.0406 0.0209 0.5188 
      H077.1  5 0.5014 0.0150 0.0512 0.0214 0.0135 0.0080 0.3896 
      H077.2  5 0.0812 0.1884 0.0273 0.1687 0.1716 0.0069 0.3558 
      H077.3  5 0.2067 0.0602 0.4641 0.0168 0.0299 0.0197 0.2027 
      H077.4  5 0.4240 0.0260 0.0245 0.0401 0.0100 0.0125 0.4629 
      H077.5  5 0.1034 0.3199 0.1420 0.2356 0.0471 0.0177 0.1341 
      H077.6  5 0.5033 0.0581 0.0112 0.0780 0.0135 0.0105 0.3254 
