      H008.1  2 0.0180 0.0081 0.0105 0.0162 0.0080 0.0100 0.0071 0.0116 0.8898 0.0068 0.0139 
      H008.2  2 0.1232 0.0963 0.2204 0.0464 0.0253 0.0186 0.0183 0.0668 0.1963 0.1679 0.0205 
      H008.3  2 0.3116 0.0969 0.0498 0.0423 0.0514 0.0222 0.0313 0.1585 0.1142 0.0906 0.0313 
      H008.4  2 0.0213 0.0318 0.0190 0.0230 0.0268 0.0414 0.0085 0.0104 0.6984 0.0888 0.0307 
      H008.5  2 0.0253 0.0207 0.0134 0.0100 0.0309 0.0159 0.0123 0.0166 0.8161 0.0241 0.0147 
      H008.6  2 0.1279 0.0549 0.0490 0.0592 0.0393 0.0242 0.0115 0.0079 0.3536 0.2423 0.0302 
      H008.7  2 0.0546 0.0363 0.0694 0.0429 0.0413 0.0306 0.0102 0.0607 0.4598 0.1463 0.0479 
      H008.8  2 0.0310 0.2689 0.0733 0.2360 0.0099 0.0379 0.0153 0.0452 0.2234 0.0229 0.0362 
      H008.9  2 0.0441 0.0544 0.0731 0.2029 0.0247 0.0115 0.0094 0.0159 0.0311 0.4905 0.0422 
 H029.1_2002  2 0.0120 0.0123 0.0157 0.0423 0.0703 0.0230 0.0101 0.0095 0.7627 0.0235 0.0186 
 H029.1_2003  2 0.0249 0.0214 0.0204 0.0257 0.6546 0.0138 0.0172 0.0066 0.1855 0.0159 0.0140 
 H029.2_2002  2 0.0455 0.0205 0.0079 0.0124 0.0650 0.0103 0.0096 0.0375 0.7462 0.0349 0.0102 
 H029.2_2003  2 0.1778 0.0399 0.0148 0.0179 0.3494 0.0112 0.0315 0.0125 0.2955 0.0420 0.0075 
 H029.3_2002  2 0.0363 0.0378 0.0298 0.0127 0.0468 0.0239 0.0272 0.1243 0.4658 0.1877 0.0077 
 H029.3_2003  2 0.0232 0.0068 0.0175 0.0054 0.1830 0.0094 0.0088 0.0094 0.7187 0.0101 0.0076 
 H029.4_2002  2 0.0061 0.0050 0.0098 0.0044 0.0276 0.0109 0.0068 0.0155 0.8825 0.0197 0.0116 
 H029.4_2003  2 0.0247 0.0194 0.0330 0.0232 0.4848 0.0271 0.0156 0.0099 0.3199 0.0297 0.0127 
 H029.5_2002  2 0.0069 0.0044 0.0076 0.0077 0.0263 0.0075 0.0056 0.0102 0.9026 0.0066 0.0144 
 H029.5_2003  2 0.0343 0.0080 0.0117 0.0081 0.3277 0.0107 0.0072 0.0056 0.5668 0.0102 0.0095 
 H029.6_2002  2 0.0084 0.0078 0.0103 0.0047 0.2068 0.0089 0.0070 0.0329 0.6673 0.0363 0.0096 
 H029.6_2003  2 0.0772 0.0091 0.0144 0.0320 0.0488 0.0123 0.0176 0.0124 0.7334 0.0115 0.0313 
      H029.7  2 0.0154 0.0228 0.0063 0.0108 0.0263 0.0102 0.0075 0.0261 0.8410 0.0269 0.0068 
      H030.1  2 0.0330 0.0098 0.0735 0.0131 0.2151 0.0088 0.5495 0.0226 0.0497 0.0065 0.0184 
      H030.2  2 0.0110 0.0060 0.0335 0.0159 0.0434 0.3284 0.2214 0.1581 0.0928 0.0663 0.0232 
      H038.1  2 0.0054 0.0100 0.0067 0.0086 0.0063 0.0082 0.0082 0.0049 0.9046 0.0316 0.0054 
      H038.2  2 0.0080 0.0039 0.0062 0.0057 0.0065 0.0107 0.0157 0.0071 0.9208 0.0060 0.0093 
      H038.3  2 0.0070 0.0066 0.0134 0.0093 0.0070 0.0223 0.0495 0.0089 0.8277 0.0339 0.0144 
      H038.4  2 0.0045 0.0059 0.0161 0.0078 0.0052 0.0120 0.0145 0.0086 0.8756 0.0296 0.0201 
      H038.5  2 0.0070 0.0047 0.0302 0.0057 0.0111 0.0073 0.0165 0.0115 0.8685 0.0287 0.0087 
      H038.6  2 0.0093 0.0048 0.0070 0.0064 0.0108 0.0079 0.0092 0.0063 0.9222 0.0111 0.0052 
      H038.7  2 0.0076 0.0047 0.0163 0.0075 0.0063 0.0163 0.0117 0.0042 0.9093 0.0106 0.0055 
      H038.8  2 0.0070 0.0062 0.0099 0.0063 0.0055 0.0185 0.0501 0.0145 0.7773 0.0925 0.0122 
      H041.1  2 0.0148 0.0201 0.0445 0.0150 0.2519 0.0148 0.0128 0.0758 0.3841 0.0392 0.1270 
      H041.2  2 0.0081 0.0084 0.0083 0.0134 0.5952 0.0254 0.0064 0.0106 0.1567 0.0248 0.1427 
      H041.4  2 0.0114 0.0201 0.0177 0.0222 0.3051 0.0125 0.0105 0.0125 0.5061 0.0282 0.0537 
      H041.6  2 0.0108 0.0345 0.0161 0.0464 0.2626 0.0303 0.0132 0.0182 0.4867 0.0137 0.0676 
 H042.1_2002  2 0.0251 0.0229 0.0065 0.0270 0.7936 0.0501 0.0077 0.0098 0.0084 0.0186 0.0304 
 H042.1_2003  2 0.1422 0.0180 0.0377 0.1051 0.0701 0.0815 0.0397 0.0183 0.1729 0.1496 0.1650 
 H042.2_2002  2 0.0234 0.0143 0.0117 0.0060 0.4146 0.2962 0.0064 0.0180 0.1500 0.0438 0.0155 
 H042.2_2003  2 0.0233 0.0168 0.0101 0.0566 0.4858 0.0306 0.0100 0.0046 0.1887 0.0077 0.1658 
 H042.3_2002  2 0.0238 0.0142 0.0136 0.0153 0.4014 0.4570 0.0098 0.0067 0.0076 0.0157 0.0351 
 H042.3_2003  2 0.0342 0.0203 0.0164 0.0224 0.1773 0.5967 0.0133 0.0254 0.0335 0.0365 0.0241 
 H042.4_2002  2 0.0082 0.0079 0.0076 0.0121 0.8657 0.0089 0.0131 0.0085 0.0225 0.0186 0.0270 
 H042.4_2003  2 0.0095 0.0287 0.0076 0.0229 0.7954 0.0065 0.0128 0.0204 0.0665 0.0094 0.0204 
      H042.5  2 0.0089 0.0103 0.0062 0.0089 0.9289 0.0059 0.0053 0.0055 0.0075 0.0039 0.0087 
      H042.6  2 0.0085 0.0772 0.0098 0.0149 0.8004 0.0252 0.0095 0.0108 0.0208 0.0154 0.0076 
      H042.7  2 0.0109 0.0119 0.0153 0.0182 0.5375 0.2345 0.0069 0.0065 0.0207 0.0077 0.1299 
      H042.8  2 0.0259 0.0245 0.0122 0.0107 0.7779 0.0512 0.0057 0.0046 0.0153 0.0256 0.0465 
   H042_2002  2 0.0319 0.2678 0.0295 0.0630 0.1176 0.2669 0.0183 0.0069 0.1147 0.0428 0.0406 
   H042_2003  2 0.0376 0.2348 0.0309 0.0835 0.1497 0.2421 0.0163 0.0068 0.1189 0.0397 0.0397 
      H043.1  2 0.0144 0.0692 0.5855 0.0162 0.0114 0.0244 0.0284 0.0253 0.0371 0.1810 0.0071 
      H043.2  2 0.0109 0.5535 0.0136 0.0278 0.0058 0.0117 0.0102 0.0048 0.0594 0.2874 0.0149 
      H043.3  2 0.0149 0.1457 0.1161 0.0462 0.0139 0.1249 0.0191 0.0060 0.4511 0.0524 0.0095 
      H043.4  2 0.0153 0.5054 0.0476 0.0523 0.0137 0.0415 0.0185 0.0090 0.1095 0.1785 0.0088 
      H043.5  2 0.0130 0.0486 0.0505 0.0246 0.0106 0.0971 0.0117 0.0074 0.2253 0.4940 0.0171 
      H043.6  2 0.0149 0.0761 0.0179 0.0459 0.0187 0.0557 0.0211 0.0063 0.3670 0.3629 0.0134 
      H043.7  2 0.0105 0.4108 0.0789 0.1697 0.0089 0.0405 0.0228 0.0052 0.0509 0.1917 0.0102 
      H043.8  2 0.0152 0.1377 0.4414 0.0911 0.0078 0.0865 0.0747 0.0249 0.0503 0.0440 0.0265 
      H043.9  2 0.0117 0.0987 0.5507 0.0181 0.0223 0.0406 0.0170 0.0173 0.1096 0.1071 0.0069 
      H047.1  2 0.0334 0.0216 0.0575 0.0412 0.0101 0.1221 0.0138 0.0059 0.6687 0.0135 0.0123 
      H047.2  2 0.0721 0.0139 0.1245 0.0491 0.0217 0.0090 0.0219 0.0515 0.6043 0.0058 0.0262 
      H047.3  2 0.1374 0.0313 0.1239 0.0194 0.0205 0.0214 0.0218 0.0384 0.4857 0.0082 0.0921 
      H047.4  2 0.0157 0.0156 0.0384 0.0509 0.0428 0.0267 0.0147 0.0117 0.7352 0.0051 0.0430 
      H047.5  2 0.0589 0.1267 0.0992 0.0194 0.0106 0.0738 0.0295 0.0084 0.5219 0.0048 0.0467 
      H047.6  2 0.0327 0.0360 0.3149 0.0573 0.0475 0.0286 0.0155 0.0237 0.3495 0.0187 0.0757 
      H047.7  2 0.0163 0.0169 0.0558 0.0245 0.0189 0.1631 0.0075 0.0092 0.6442 0.0161 0.0275 
      H047.8  2 0.0903 0.0465 0.2369 0.0563 0.0273 0.0462 0.0073 0.0172 0.3918 0.0111 0.0692 
      H047.9  2 0.0476 0.0832 0.0267 0.0197 0.0208 0.1257 0.0170 0.0057 0.6113 0.0050 0.0374 
 H071.1_2002  2 0.0078 0.0110 0.0066 0.0091 0.0080 0.0089 0.0089 0.0045 0.9233 0.0060 0.0059 
 H071.1_2003  2 0.0131 0.1207 0.0110 0.0333 0.0155 0.0154 0.0356 0.0042 0.7231 0.0116 0.0166 
     H071.10  2 0.0043 0.0071 0.0105 0.0056 0.0054 0.0207 0.0206 0.0125 0.8970 0.0102 0.0062 
 H071.2_2002  2 0.0105 0.0168 0.0085 0.0124 0.0057 0.0109 0.0100 0.0048 0.9035 0.0088 0.0081 
 H071.2_2003  2 0.0050 0.0076 0.0040 0.0056 0.0070 0.0052 0.0043 0.0042 0.9481 0.0039 0.0052 
      H071.3  2 0.0063 0.0077 0.0149 0.0060 0.0091 0.0209 0.0175 0.0126 0.8853 0.0087 0.0110 
 H071.4_2002  2 0.0068 0.0131 0.0315 0.0083 0.0057 0.0217 0.0295 0.0111 0.8450 0.0178 0.0095 
 H071.4_2003  2 0.0058 0.0060 0.0094 0.0054 0.0055 0.0119 0.0081 0.0053 0.9344 0.0040 0.0041 
 H071.5_2002  2 0.0040 0.0064 0.0065 0.0047 0.0056 0.0140 0.0108 0.0072 0.9302 0.0059 0.0047 
 H071.5_2003  2 0.0100 0.0110 0.0137 0.0121 0.0086 0.0193 0.0238 0.0043 0.8843 0.0046 0.0085 
 H071.6_2002  2 0.0069 0.0117 0.0119 0.0055 0.0055 0.0449 0.0077 0.0059 0.8888 0.0060 0.0052 
 H071.6_2003  2 0.0061 0.0075 0.0100 0.0124 0.0060 0.0126 0.0197 0.0048 0.9108 0.0041 0.0058 
 H071.7_2002  2 0.0047 0.0074 0.0064 0.0077 0.0048 0.0131 0.0048 0.0039 0.9374 0.0051 0.0047 
 H071.7_2003  2 0.0089 0.0108 0.0111 0.0107 0.0059 0.0140 0.0324 0.0044 0.8894 0.0056 0.0067 
      H071.8  2 0.0064 0.0128 0.0085 0.0100 0.0080 0.0078 0.0055 0.0045 0.9209 0.0083 0.0073 
      H071.9  2 0.0072 0.0241 0.1452 0.0137 0.0134 0.0273 0.0240 0.0077 0.7019 0.0173 0.0183 
 H081.1_2002  2 0.0065 0.0127 0.0042 0.0078 0.0077 0.0070 0.0084 0.0070 0.9271 0.0050 0.0066 
 H081.1_2003  2 0.0371 0.0309 0.0177 0.1092 0.1496 0.0321 0.2394 0.0205 0.0606 0.2785 0.0244 
 H081.2_2002  2 0.0057 0.0499 0.0059 0.0139 0.0082 0.0065 0.0060 0.0060 0.8868 0.0050 0.0060 
 H081.2_2003  2 0.0092 0.0818 0.0170 0.0235 0.0256 0.0136 0.7337 0.0325 0.0432 0.0106 0.0093 
 H081.3_2002  2 0.0051 0.0322 0.0211 0.0144 0.0088 0.0067 0.0110 0.0082 0.8760 0.0086 0.0079 
 H081.3_2003  2 0.0195 0.0946 0.0640 0.0451 0.0196 0.0149 0.6734 0.0183 0.0160 0.0222 0.0125 
 H081.4_2002  2 0.0072 0.0071 0.0059 0.0079 0.0084 0.0104 0.0104 0.0077 0.9229 0.0041 0.0080 
 H081.4_2003  2 0.0304 0.0346 0.0185 0.0881 0.1296 0.0162 0.5997 0.0135 0.0270 0.0235 0.0188 
 H081.5_2002  2 0.0073 0.0094 0.0083 0.0094 0.0084 0.0064 0.0112 0.0067 0.9207 0.0056 0.0066 
 H081.5_2003  2 0.0311 0.1084 0.0143 0.1588 0.1437 0.0317 0.3489 0.0179 0.0876 0.0249 0.0328 
      H081.6  2 0.0073 0.0118 0.0043 0.0095 0.0074 0.0079 0.0093 0.0050 0.9259 0.0056 0.0061 
      H081.7  2 0.0057 0.0622 0.0092 0.0126 0.0075 0.0091 0.0111 0.0061 0.8638 0.0061 0.0067 
      H081.8  2 0.0071 0.0142 0.0156 0.0105 0.0186 0.0187 0.0386 0.0236 0.8145 0.0201 0.0183 
      H083.1  2 0.0112 0.0079 0.0127 0.0062 0.0168 0.0141 0.0120 0.0348 0.8692 0.0091 0.0059 
      H083.2  2 0.0098 0.0130 0.0235 0.0132 0.0109 0.0131 0.0091 0.0229 0.8693 0.0079 0.0072 
      H083.4  2 0.0087 0.0200 0.0254 0.0110 0.0084 0.0144 0.0077 0.1128 0.7676 0.0166 0.0075 
      H083.5  2 0.0092 0.0158 0.0119 0.0073 0.0281 0.0098 0.0058 0.0774 0.7956 0.0288 0.0103 
      H083.6  2 0.0130 0.0120 0.0089 0.0059 0.0166 0.0105 0.0172 0.1357 0.7573 0.0113 0.0116 
      H083.7  2 0.0092 0.0183 0.0197 0.0088 0.0090 0.0108 0.0073 0.2398 0.6505 0.0147 0.0118 
      H083.8  2 0.0096 0.0140 0.0237 0.0094 0.0100 0.0095 0.0087 0.0232 0.8745 0.0088 0.0087 
      H083.9  2 0.0083 0.0109 0.0094 0.0060 0.0229 0.0082 0.0074 0.0978 0.8136 0.0089 0.0065 
      H084.1  2 0.0148 0.0126 0.0208 0.0079 0.0214 0.0122 0.8269 0.0081 0.0096 0.0482 0.0175 
      H084.2  2 0.0154 0.0062 0.0282 0.0093 0.0347 0.0155 0.7906 0.0100 0.0080 0.0763 0.0057 
      H084.3  2 0.0123 0.0090 0.0125 0.0088 0.0188 0.0263 0.6709 0.0121 0.0091 0.1632 0.0571 
      H084.4  2 0.0194 0.0075 0.0428 0.0184 0.0786 0.0276 0.5474 0.0106 0.0116 0.1873 0.0488 
      H084.5  2 0.0100 0.0088 0.0211 0.0078 0.0105 0.0564 0.7783 0.0079 0.0074 0.0518 0.0399 
      H084.6  2 0.0067 0.0078 0.0337 0.0073 0.0091 0.0257 0.6997 0.0338 0.0068 0.1135 0.0558 
      H084.7  2 0.0120 0.0088 0.0313 0.0073 0.0410 0.0115 0.8466 0.0078 0.0096 0.0146 0.0095 
      H084.8  2 0.0102 0.0107 0.0213 0.0075 0.0108 0.0122 0.7384 0.0106 0.0068 0.1049 0.0667 
 H085.1_2002  2 0.0064 0.8904 0.0083 0.0102 0.0158 0.0094 0.0103 0.0094 0.0189 0.0151 0.0057 
 H085.1_2003  2 0.0123 0.1068 0.0301 0.0141 0.0604 0.0087 0.0299 0.1049 0.5746 0.0184 0.0398 
 H085.2_2002  2 0.0077 0.4870 0.0112 0.0808 0.0564 0.0285 0.0701 0.1187 0.0372 0.0849 0.0176 
 H085.2_2003  2 0.0200 0.0264 0.0270 0.0128 0.0585 0.0094 0.0161 0.0487 0.7535 0.0152 0.0124 
 H085.3_2002  2 0.0058 0.8767 0.0078 0.0108 0.0415 0.0068 0.0101 0.0144 0.0084 0.0056 0.0122 
 H085.3_2003  2 0.0138 0.0408 0.0133 0.0123 0.0236 0.0116 0.0242 0.0087 0.8277 0.0061 0.0179 
 H085.4_2002  2 0.0103 0.6654 0.0133 0.0304 0.0324 0.0282 0.0246 0.0257 0.0977 0.0543 0.0177 
 H085.4_2003  2 0.0113 0.0108 0.0086 0.0340 0.0587 0.0213 0.0212 0.0093 0.7880 0.0079 0.0288 
 H085.5_2002  2 0.0061 0.9134 0.0066 0.0201 0.0096 0.0053 0.0072 0.0056 0.0112 0.0075 0.0076 
 H085.5_2003  2 0.0133 0.0220 0.0117 0.0079 0.0267 0.0096 0.0191 0.0426 0.8301 0.0086 0.0084 
 H085.6_2002  2 0.0044 0.8967 0.0087 0.0111 0.0196 0.0062 0.0094 0.0143 0.0110 0.0122 0.0064 
 H085.6_2003  2 0.0266 0.0791 0.0348 0.1795 0.1236 0.0134 0.0614 0.0094 0.2772 0.0084 0.1868 
 H085.7_2002  2 0.0097 0.6587 0.0146 0.0459 0.1246 0.0108 0.0275 0.0417 0.0422 0.0151 0.0091 
 H085.7_2003  2 0.0126 0.0355 0.0250 0.0099 0.0296 0.0144 0.0168 0.0099 0.8021 0.0119 0.0322 
 H085.8_2002  2 0.0099 0.5638 0.0166 0.1421 0.0178 0.0176 0.0981 0.0156 0.0346 0.0150 0.0689 
 H085.8_2003  2 0.0185 0.0471 0.0374 0.0381 0.3010 0.0292 0.0264 0.1144 0.3305 0.0190 0.0384 
      H085.9  2 0.0082 0.7724 0.0081 0.0322 0.0429 0.0113 0.0134 0.0143 0.0609 0.0240 0.0123 
      H088.1  2 0.0196 0.0227 0.0123 0.0151 0.8508 0.0073 0.0134 0.0111 0.0133 0.0093 0.0253 
      H088.2  2 0.0087 0.0245 0.0114 0.0127 0.8852 0.0114 0.0074 0.0101 0.0070 0.0081 0.0136 
      H088.3  2 0.0082 0.0111 0.0107 0.0086 0.9138 0.0095 0.0081 0.0076 0.0063 0.0068 0.0094 
      H088.4  2 0.0118 0.0061 0.0063 0.0102 0.9238 0.0072 0.0102 0.0038 0.0089 0.0057 0.0060 
      H088.5  2 0.0075 0.0083 0.0064 0.0074 0.9313 0.0052 0.0067 0.0058 0.0060 0.0068 0.0086 
      H088.6  2 0.0115 0.0068 0.0126 0.0080 0.9070 0.0064 0.0080 0.0057 0.0139 0.0063 0.0138 
      H088.7  2 0.0088 0.0076 0.0146 0.0078 0.9035 0.0081 0.0076 0.0076 0.0188 0.0083 0.0071 
      H088.8  2 0.0148 0.0071 0.0161 0.0093 0.8716 0.0102 0.0113 0.0063 0.0270 0.0090 0.0173 
      H091.1  2 0.0134 0.0196 0.0206 0.0070 0.8056 0.0324 0.0155 0.0266 0.0370 0.0077 0.0146 
      H091.2  2 0.0169 0.0176 0.0367 0.0078 0.7130 0.0427 0.0096 0.0616 0.0531 0.0057 0.0353 
      H109.1  2 0.0154 0.0213 0.7728 0.0114 0.0082 0.0277 0.0274 0.0398 0.0169 0.0266 0.0325 
      H109.2  2 0.0129 0.0127 0.3192 0.0361 0.0268 0.0354 0.4206 0.0238 0.0672 0.0144 0.0308 
      H109.3  2 0.0232 0.0082 0.7519 0.0113 0.0491 0.0119 0.0492 0.0102 0.0283 0.0109 0.0457 
      H109.4  2 0.0189 0.0121 0.7635 0.0197 0.0281 0.0154 0.0614 0.0084 0.0182 0.0157 0.0385 
      H109.5  2 0.0150 0.0106 0.1357 0.0218 0.3402 0.0234 0.0268 0.0048 0.3034 0.0063 0.1120 
      H109.6  2 0.0193 0.0174 0.4232 0.0357 0.0137 0.0329 0.3118 0.0162 0.0488 0.0193 0.0618 
      H126.1  2 0.0955 0.2266 0.0391 0.1943 0.0195 0.3671 0.0112 0.0104 0.0101 0.0098 0.0166 
      H126.2  2 0.0484 0.3396 0.0983 0.0855 0.0198 0.1754 0.0258 0.0187 0.1384 0.0421 0.0081 
      H126.3  2 0.0144 0.2128 0.0143 0.0129 0.0557 0.5850 0.0046 0.0309 0.0534 0.0091 0.0070 
      H126.4  2 0.1202 0.0490 0.0352 0.3093 0.0272 0.2960 0.0230 0.0278 0.0690 0.0295 0.0136 
      H126.5  2 0.0530 0.0613 0.0093 0.2252 0.0089 0.4324 0.0129 0.0117 0.1690 0.0073 0.0090 
      H126.6  2 0.0126 0.5039 0.0115 0.0104 0.0127 0.2064 0.0055 0.0092 0.2175 0.0054 0.0050 
      H126.7  2 0.0111 0.0202 0.0106 0.0091 0.0273 0.0243 0.0092 0.0070 0.8719 0.0039 0.0055 
      H130.1  2 0.0263 0.0271 0.0338 0.7752 0.0641 0.0077 0.0182 0.0136 0.0093 0.0072 0.0173 
      H130.2  2 0.0305 0.0192 0.0831 0.0672 0.0404 0.0069 0.6422 0.0440 0.0373 0.0125 0.0167 
      H130.3  2 0.5245 0.0081 0.0192 0.0421 0.0197 0.0064 0.3424 0.0058 0.0197 0.0053 0.0069 
      H130.4  2 0.1468 0.0592 0.1024 0.4197 0.0470 0.0097 0.1033 0.0337 0.0110 0.0473 0.0200 
      H130.5  2 0.0136 0.0470 0.0207 0.2577 0.1539 0.0089 0.3797 0.0283 0.0611 0.0070 0.0221 
      H133.1  2 0.1356 0.0278 0.3118 0.1495 0.0618 0.0193 0.0625 0.0202 0.0508 0.1393 0.0212 
      H133.2  2 0.0310 0.2021 0.4719 0.0813 0.0777 0.0173 0.0605 0.0074 0.0211 0.0124 0.0173 
      H133.3  2 0.0511 0.0700 0.3087 0.0269 0.2325 0.0195 0.0401 0.0124 0.0705 0.1420 0.0264 
      H133.4  2 0.0354 0.0202 0.7886 0.0413 0.0134 0.0088 0.0127 0.0078 0.0210 0.0369 0.0139 
      H133.5  2 0.1070 0.1714 0.4796 0.0418 0.0645 0.0263 0.0552 0.0115 0.0120 0.0223 0.0082 
      H133.6  2 0.0298 0.1509 0.2990 0.0825 0.1868 0.0274 0.1665 0.0158 0.0166 0.0128 0.0119 
      H133.7  2 0.0220 0.0398 0.3702 0.0408 0.0487 0.0170 0.0262 0.0094 0.0565 0.1183 0.2512 
      H133.8  2 0.0458 0.1688 0.4432 0.0339 0.0260 0.0795 0.0268 0.0191 0.0186 0.1204 0.0179 
      H133.9  2 0.2136 0.0262 0.2619 0.1317 0.0674 0.0232 0.0593 0.0315 0.0345 0.1300 0.0208 
      H147.1  2 0.0062 0.0586 0.0093 0.0318 0.1349 0.0233 0.0957 0.0329 0.5062 0.0241 0.0770 
      H147.2  2 0.0057 0.0134 0.0057 0.0148 0.0117 0.0115 0.0163 0.0067 0.8990 0.0071 0.0082 
      H147.3  2 0.0075 0.0216 0.0051 0.0113 0.0079 0.0070 0.0233 0.0077 0.8892 0.0058 0.0134 
      H147.4  2 0.0067 0.0107 0.0046 0.0067 0.0088 0.0069 0.0245 0.0171 0.8780 0.0254 0.0105 
      H147.5  2 0.0295 0.0319 0.0073 0.0171 0.1225 0.0099 0.1204 0.0252 0.6019 0.0089 0.0255 
      H147.6  2 0.0385 0.0189 0.0111 0.0097 0.1796 0.0113 0.1484 0.0221 0.5291 0.0090 0.0222 
      H147.7  2 0.0100 0.0108 0.0076 0.0093 0.0084 0.0121 0.0390 0.0197 0.8301 0.0286 0.0245 
      H147.8  2 0.0091 0.0130 0.0061 0.0048 0.0889 0.0227 0.0613 0.0213 0.7260 0.0367 0.0101 
      H147.9  2 0.0089 0.0195 0.0054 0.0135 0.0062 0.0076 0.0151 0.0092 0.8996 0.0056 0.0094 
      H148.1  2 0.0124 0.0138 0.0622 0.5136 0.0300 0.0505 0.0653 0.0244 0.0120 0.0628 0.1529 
      H148.2  2 0.0148 0.0293 0.0453 0.1433 0.0142 0.0511 0.0532 0.0308 0.0257 0.0645 0.5277 
      H148.3  2 0.0085 0.0083 0.0085 0.0117 0.0102 0.0186 0.0124 0.0090 0.0101 0.0205 0.8822 
      H148.4  2 0.0183 0.0171 0.0234 0.3055 0.0174 0.0518 0.0180 0.0129 0.0204 0.0504 0.4647 
      H148.5  2 0.0199 0.0107 0.0144 0.0229 0.0220 0.0283 0.0482 0.0110 0.0093 0.0333 0.7800 
      H148.6  2 0.0072 0.0130 0.0196 0.0675 0.0162 0.0133 0.0202 0.0321 0.0148 0.0897 0.7064 
      H148.7  2 0.0593 0.0089 0.0350 0.0495 0.0339 0.0421 0.0416 0.0137 0.0096 0.0492 0.6573 
      H148.8  2 0.0106 0.0109 0.0075 0.0656 0.0254 0.0107 0.0134 0.0061 0.0067 0.0305 0.8126 
      H148.9  2 0.0291 0.0794 0.0901 0.0410 0.0111 0.1920 0.0371 0.0292 0.0101 0.2066 0.2744 
   H166022.1  2 0.0047 0.0125 0.0065 0.0079 0.8619 0.0071 0.0194 0.0466 0.0107 0.0110 0.0117 
   H166022.2  2 0.0230 0.0167 0.0216 0.0132 0.5917 0.0183 0.1394 0.0844 0.0573 0.0143 0.0199 
   H166022.3  2 0.0143 0.0082 0.0223 0.0165 0.7061 0.0078 0.0386 0.1578 0.0053 0.0073 0.0158 
   H166022.4  2 0.0112 0.0061 0.0083 0.0073 0.9158 0.0073 0.0099 0.0163 0.0065 0.0058 0.0056 
   H166022.5  2 0.0084 0.0053 0.0095 0.0064 0.8976 0.0082 0.0214 0.0220 0.0083 0.0056 0.0072 
   H166022.6  2 0.0093 0.0117 0.0234 0.0294 0.7774 0.0072 0.0304 0.0579 0.0077 0.0283 0.0172 
   H166022.7  2 0.0087 0.0072 0.9133 0.0135 0.0081 0.0069 0.0069 0.0048 0.0073 0.0181 0.0052 
   H166022.8  2 0.0189 0.0442 0.0199 0.0829 0.4526 0.0144 0.1971 0.1288 0.0181 0.0083 0.0148 
   H167397.1  2 0.0111 0.0069 0.0091 0.0173 0.2112 0.0160 0.0268 0.0077 0.0727 0.5396 0.0816 
   H167397.2  2 0.0164 0.0658 0.0121 0.0697 0.0252 0.0212 0.0167 0.0939 0.0356 0.6099 0.0334 
   H167397.3  2 0.0116 0.0093 0.0102 0.0325 0.0665 0.0454 0.0183 0.0215 0.1114 0.6228 0.0504 
   H167397.4  2 0.0153 0.0362 0.0179 0.0080 0.0207 0.0143 0.0147 0.0294 0.0355 0.7631 0.0448 
   H167397.5  2 0.0140 0.0102 0.0300 0.0507 0.0627 0.0241 0.0296 0.0236 0.0344 0.6653 0.0553 
   H167397.6  2 0.0209 0.0104 0.0142 0.0230 0.0399 0.1043 0.0076 0.0182 0.0601 0.6316 0.0700 
   H167496.1  2 0.0186 0.0076 0.0477 0.0240 0.7152 0.0290 0.0349 0.0208 0.0145 0.0096 0.0781 
   H167496.2  2 0.0241 0.0231 0.2068 0.1067 0.1270 0.1361 0.0866 0.0128 0.1443 0.0174 0.1150 
   H167496.3  2 0.0348 0.1669 0.0201 0.0739 0.4861 0.0159 0.0298 0.0591 0.0422 0.0118 0.0594 
   H167496.4  2 0.0057 0.0090 0.0062 0.0055 0.9306 0.0071 0.0069 0.0077 0.0123 0.0048 0.0041 
   H167496.6  2 0.0139 0.0100 0.0113 0.0103 0.8874 0.0111 0.0141 0.0070 0.0223 0.0066 0.0059 
   H167496.7  2 0.0342 0.0093 0.0293 0.4687 0.0613 0.0965 0.0776 0.0362 0.0228 0.0073 0.1569 
   H167496.8  2 0.0096 0.0067 0.0101 0.0099 0.8880 0.0133 0.0116 0.0070 0.0265 0.0074 0.0098 
   H167513.1  2 0.0132 0.0175 0.8512 0.0224 0.0117 0.0114 0.0104 0.0212 0.0105 0.0138 0.0167 
   H167513.2  2 0.0277 0.0286 0.4878 0.0658 0.0476 0.0337 0.0239 0.0100 0.0157 0.0743 0.1850 
   H167513.3  2 0.1533 0.0125 0.6012 0.0231 0.0130 0.0172 0.0850 0.0536 0.0113 0.0117 0.0180 
   H167513.4  2 0.0165 0.0162 0.6903 0.0252 0.0217 0.0160 0.0542 0.0988 0.0117 0.0122 0.0372 
   H167513.5  2 0.0090 0.0333 0.7037 0.0267 0.0417 0.0149 0.0126 0.0137 0.0167 0.0635 0.0641 
   H167513.6  2 0.0197 0.0768 0.5402 0.0466 0.0873 0.0296 0.0942 0.0318 0.0192 0.0253 0.0294 
   H167513.7  2 0.0150 0.0255 0.7536 0.0093 0.0188 0.0109 0.0284 0.0804 0.0199 0.0298 0.0084 
   H167513.8  2 0.0120 0.0063 0.8845 0.0081 0.0084 0.0079 0.0376 0.0107 0.0075 0.0103 0.0067 
   H167547.1  2 0.0182 0.0081 0.0126 0.0915 0.0204 0.0135 0.0191 0.0199 0.0060 0.0213 0.7694 
   H167547.2  2 0.0087 0.0064 0.0074 0.0148 0.0421 0.0098 0.0082 0.0122 0.0097 0.0171 0.8636 
   H167547.3  2 0.0093 0.0065 0.0078 0.0193 0.0372 0.0175 0.0106 0.0173 0.0119 0.0117 0.8509 
   H167547.4  2 0.0644 0.0283 0.0415 0.1758 0.1698 0.0132 0.0228 0.2555 0.0119 0.0546 0.1623 
   H167547.5  2 0.0123 0.0073 0.0137 0.0139 0.2253 0.0186 0.0134 0.0134 0.0108 0.0090 0.6622 
   H167547.6  2 0.0124 0.0093 0.0094 0.0156 0.2125 0.0120 0.0148 0.0098 0.0110 0.0080 0.6852 
   H167547.7  2 0.0404 0.1564 0.1569 0.1729 0.0261 0.0178 0.0336 0.0305 0.0281 0.0243 0.3129 
   H169750.1  2 0.0303 0.0239 0.5628 0.1419 0.1142 0.0251 0.0206 0.0459 0.0159 0.0095 0.0100 
   H169750.2  2 0.0779 0.0395 0.2079 0.0949 0.0872 0.0278 0.1058 0.0084 0.2223 0.0667 0.0617 
   H169750.3  2 0.0190 0.0299 0.7711 0.0258 0.0671 0.0098 0.0348 0.0090 0.0156 0.0049 0.0129 
   H169750.4  2 0.2079 0.0362 0.1938 0.2013 0.1182 0.0495 0.0111 0.0068 0.0328 0.1054 0.0370 
   H169750.5  2 0.0147 0.0205 0.6834 0.0266 0.1093 0.0137 0.0195 0.0346 0.0559 0.0109 0.0108 
   H169750.6  2 0.0269 0.0395 0.3014 0.0390 0.1289 0.0147 0.0496 0.0140 0.3613 0.0095 0.0152 
   H169750.7  2 0.0798 0.0750 0.4736 0.0675 0.0957 0.0660 0.0274 0.0102 0.0471 0.0294 0.0284 
   H171929.1  2 0.0178 0.1883 0.1360 0.0375 0.0226 0.0152 0.0089 0.0087 0.0158 0.4515 0.0977 
  H171929.10  2 0.0135 0.1782 0.1377 0.0308 0.1907 0.0263 0.0614 0.0399 0.0439 0.0864 0.1912 
  H171929.11  2 0.0356 0.1623 0.2442 0.0236 0.0383 0.0189 0.0257 0.0119 0.0152 0.3623 0.0621 
   H171929.2  2 0.0102 0.0155 0.8354 0.0248 0.0088 0.0056 0.0091 0.0128 0.0089 0.0084 0.0605 
   H171929.3  2 0.0135 0.0155 0.6529 0.0211 0.0208 0.0145 0.0136 0.0145 0.0221 0.0860 0.1255 
   H171929.4  2 0.0375 0.1183 0.3920 0.1322 0.0721 0.0062 0.0181 0.0559 0.0416 0.0093 0.1168 
   H171929.5  2 0.0146 0.0127 0.8139 0.0126 0.0099 0.0200 0.0153 0.0149 0.0107 0.0424 0.0331 
   H171929.6  2 0.0093 0.0082 0.8558 0.0095 0.0072 0.0150 0.0113 0.0095 0.0102 0.0500 0.0140 
   H171929.7  2 0.0201 0.2115 0.4882 0.1155 0.0154 0.0093 0.0084 0.0227 0.0261 0.0202 0.0626 
   H171929.8  2 0.0255 0.3252 0.3478 0.1137 0.0289 0.0092 0.0143 0.0231 0.0155 0.0268 0.0698 
   H171929.9  2 0.0132 0.2832 0.4470 0.0982 0.0262 0.0082 0.0281 0.0365 0.0356 0.0062 0.0176 
   H171930.1  2 0.0521 0.0047 0.5521 0.0204 0.0625 0.0212 0.2056 0.0068 0.0187 0.0259 0.0301 
   H171930.2  2 0.0490 0.0128 0.0856 0.0362 0.2785 0.0274 0.4181 0.0171 0.0231 0.0129 0.0394 
   H171930.3  2 0.0775 0.0086 0.3745 0.0114 0.0390 0.0387 0.3654 0.0102 0.0091 0.0227 0.0429 
   H171930.4  2 0.0629 0.0054 0.1826 0.0112 0.2170 0.0486 0.3971 0.0159 0.0102 0.0173 0.0317 
   H171930.5  2 0.0500 0.0247 0.2855 0.0494 0.0740 0.0332 0.3696 0.0123 0.0445 0.0241 0.0328 
   H171930.6  2 0.0391 0.0061 0.0398 0.0115 0.0290 0.0963 0.6982 0.0091 0.0399 0.0078 0.0232 
   H171930.7  2 0.0187 0.0104 0.5586 0.0122 0.0112 0.0169 0.3082 0.0091 0.0108 0.0254 0.0184 
   H171930.8  2 0.0175 0.0080 0.4712 0.0141 0.0296 0.0163 0.3778 0.0071 0.0145 0.0164 0.0275 
   H171933.1  2 0.0096 0.0132 0.0132 0.0109 0.0290 0.0156 0.0120 0.8165 0.0080 0.0526 0.0194 
   H171933.2  2 0.0079 0.0479 0.0262 0.0236 0.0852 0.0265 0.0298 0.6342 0.0213 0.0751 0.0222 
   H171933.3  2 0.0163 0.0614 0.0176 0.0223 0.1004 0.0316 0.0429 0.6067 0.0102 0.0191 0.0713 
   H171933.4  2 0.0177 0.0273 0.0285 0.0388 0.0407 0.0064 0.0908 0.7218 0.0125 0.0048 0.0107 
   H171933.5  2 0.1491 0.0189 0.1211 0.1511 0.0504 0.0175 0.1777 0.2264 0.0084 0.0104 0.0690 
   H171933.6  2 0.0111 0.0098 0.0104 0.0102 0.1636 0.0140 0.0111 0.7360 0.0175 0.0055 0.0108 
   H171933.7  2 0.0211 0.0871 0.0129 0.0194 0.0158 0.1074 0.0645 0.6046 0.0149 0.0199 0.0324 
   H171933.8  2 0.0115 0.0605 0.0289 0.0174 0.0154 0.0274 0.1358 0.6273 0.0229 0.0309 0.0219 
   H171933.9  2 0.0190 0.0082 0.0083 0.0095 0.0144 0.0075 0.0251 0.8895 0.0065 0.0036 0.0084 
      H190.1  2 0.0387 0.0074 0.0160 0.0199 0.0133 0.0120 0.8378 0.0175 0.0128 0.0049 0.0197 
      H190.2  2 0.0108 0.0597 0.0126 0.0349 0.0255 0.1258 0.0544 0.0065 0.0688 0.0059 0.5950 
      H190.3  2 0.0243 0.0600 0.0235 0.0737 0.0699 0.0367 0.0324 0.0171 0.0371 0.0122 0.6130 
      H190.4  2 0.0356 0.0107 0.0185 0.0192 0.0323 0.0056 0.8098 0.0319 0.0055 0.0071 0.0237 
      H190.5  2 0.0266 0.1073 0.0273 0.0242 0.0341 0.2756 0.1042 0.0165 0.1131 0.0071 0.2640 
      H190.6  2 0.0214 0.0140 0.0148 0.0287 0.0413 0.0070 0.7724 0.0257 0.0139 0.0083 0.0526 
      H190.7  2 0.0338 0.3349 0.0104 0.1184 0.2887 0.0133 0.0808 0.0065 0.0203 0.0169 0.0760 
      H190.8  2 0.0248 0.0712 0.0185 0.0285 0.0255 0.1104 0.5187 0.0119 0.0435 0.0062 0.1409 
      H190.9  2 0.0214 0.1443 0.0258 0.0685 0.0499 0.0416 0.3488 0.0086 0.0233 0.0134 0.2545 
      H400.1  2 0.0132 0.0224 0.0243 0.0223 0.7241 0.0313 0.0245 0.1102 0.0105 0.0120 0.0052 
      H400.2  2 0.0111 0.0186 0.0330 0.0128 0.6668 0.0327 0.0250 0.1497 0.0201 0.0218 0.0083 
      H400.3  2 0.0252 0.0230 0.0557 0.0217 0.4425 0.0973 0.0596 0.2223 0.0161 0.0185 0.0181 
      H400.4  2 0.0152 0.0187 0.0327 0.0072 0.8236 0.0152 0.0259 0.0243 0.0190 0.0064 0.0117 
      H400.5  2 0.0357 0.0162 0.0530 0.0207 0.2777 0.0437 0.0748 0.4350 0.0122 0.0103 0.0206 
      H400.6  2 0.0117 0.0934 0.0126 0.0160 0.7486 0.0345 0.0132 0.0481 0.0112 0.0050 0.0058 
      H400.7  2 0.0098 0.0130 0.0324 0.0189 0.5626 0.0226 0.0261 0.2911 0.0059 0.0064 0.0113 
 H428.1_2005  2 0.0052 0.0048 0.0052 0.0051 0.0049 0.0048 0.0037 0.9516 0.0057 0.0043 0.0047 
 H428.1_2006  2 0.0059 0.0095 0.0082 0.0052 0.0089 0.0089 0.0047 0.9210 0.0153 0.0052 0.0072 
 H428.2_2005  2 0.0054 0.0045 0.0071 0.0059 0.0075 0.0043 0.0054 0.9425 0.0054 0.0051 0.0068 
 H428.2_2006  2 0.0075 0.0074 0.0106 0.0052 0.0094 0.0078 0.0068 0.9111 0.0217 0.0058 0.0066 
 H428.3_2005  2 0.0051 0.0058 0.0051 0.0049 0.0073 0.0043 0.0047 0.9475 0.0058 0.0039 0.0057 
 H428.3_2006  2 0.0069 0.0079 0.0088 0.0060 0.0120 0.0121 0.0055 0.9181 0.0118 0.0056 0.0055 
 H428.4_2005  2 0.0056 0.0049 0.0059 0.0047 0.0068 0.0039 0.0050 0.9474 0.0053 0.0036 0.0070 
 H428.4_2006  2 0.0048 0.0079 0.0035 0.0046 0.0050 0.0036 0.0039 0.9487 0.0078 0.0047 0.0056 
 H428.5_2005  2 0.0042 0.0058 0.0050 0.0044 0.0047 0.0038 0.0043 0.9482 0.0079 0.0074 0.0044 
 H428.6_2005  2 0.0055 0.0083 0.0051 0.0060 0.0049 0.0045 0.0048 0.9484 0.0049 0.0034 0.0043 
 H428.6_2006  2 0.0118 0.0086 0.0088 0.0045 0.0057 0.0048 0.0048 0.9255 0.0098 0.0098 0.0058 
      H428.7  2 0.0049 0.0051 0.0042 0.0045 0.0059 0.0045 0.0060 0.9524 0.0053 0.0034 0.0038 
      H428.8  2 0.0060 0.0052 0.0050 0.0039 0.0049 0.0052 0.0065 0.9468 0.0072 0.0051 0.0042 
      H428.9  2 0.0041 0.0048 0.0056 0.0052 0.0064 0.0041 0.0066 0.9475 0.0055 0.0051 0.0050 
      H453.1  2 0.0165 0.0107 0.0184 0.0079 0.8536 0.0057 0.0197 0.0200 0.0316 0.0090 0.0070 
      H453.2  2 0.0142 0.0136 0.0130 0.0104 0.8821 0.0058 0.0311 0.0110 0.0067 0.0059 0.0063 
      H453.3  2 0.0064 0.0156 0.0061 0.0155 0.9049 0.0064 0.0142 0.0120 0.0077 0.0039 0.0073 
      H453.4  2 0.0121 0.0093 0.0117 0.0094 0.9115 0.0057 0.0177 0.0074 0.0065 0.0035 0.0052 
      H453.5  2 0.0150 0.0082 0.0101 0.0076 0.8184 0.0068 0.0607 0.0110 0.0508 0.0067 0.0048 
      H453.6  2 0.0099 0.0070 0.0057 0.0051 0.8270 0.0057 0.0345 0.0226 0.0726 0.0055 0.0045 
      H453.7  2 0.0117 0.1988 0.0480 0.1812 0.1959 0.0087 0.1494 0.0161 0.1560 0.0053 0.0287 
      H453.8  2 0.0178 0.0265 0.0313 0.1149 0.6382 0.0085 0.0642 0.0071 0.0640 0.0069 0.0206 
      H453.9  2 0.0122 0.0752 0.0227 0.0267 0.3398 0.0088 0.2593 0.0244 0.2199 0.0048 0.0062 
      H512.1  2 0.1401 0.0350 0.0112 0.0211 0.0566 0.0150 0.5603 0.1211 0.0235 0.0049 0.0112 
     H512.10  2 0.2801 0.0118 0.0256 0.0296 0.0140 0.0239 0.2805 0.1406 0.0881 0.0793 0.0265 
      H512.2  2 0.1449 0.0183 0.0210 0.0813 0.0341 0.0529 0.1803 0.3033 0.0321 0.0137 0.1183 
      H512.3  2 0.4851 0.0128 0.0290 0.0287 0.0402 0.0979 0.1108 0.1211 0.0205 0.0321 0.0217 
      H512.4  2 0.0286 0.0086 0.0227 0.0619 0.0304 0.0153 0.5661 0.1011 0.0953 0.0131 0.0569 
      H512.5  2 0.6055 0.0097 0.0936 0.0309 0.0320 0.0515 0.0388 0.0864 0.0142 0.0186 0.0187 
      H512.6  2 0.2080 0.0137 0.0312 0.0622 0.1015 0.0719 0.4241 0.0286 0.0137 0.0060 0.0391 
      H512.7  2 0.6927 0.0116 0.0482 0.0092 0.0899 0.0573 0.0114 0.0286 0.0252 0.0147 0.0112 
      H512.8  2 0.2205 0.0123 0.0307 0.0540 0.0530 0.0964 0.2562 0.0795 0.0195 0.0109 0.1670 
      H512.9  2 0.6226 0.0473 0.0205 0.0217 0.0451 0.0472 0.0496 0.0953 0.0225 0.0196 0.0085 
      H513.1  2 0.0048 0.0063 0.0058 0.0066 0.0090 0.0080 0.0063 0.9342 0.0092 0.0051 0.0049 
      H513.2  2 0.0046 0.0129 0.0084 0.0146 0.0134 0.0065 0.0114 0.8906 0.0172 0.0073 0.0130 
      H513.3  2 0.0064 0.0061 0.0061 0.0070 0.0067 0.0048 0.0072 0.9387 0.0074 0.0040 0.0055 
      H513.4  2 0.0095 0.0162 0.0192 0.0125 0.0526 0.0141 0.0210 0.7977 0.0323 0.0051 0.0197 
      H513.5  2 0.0117 0.0069 0.0079 0.0049 0.0077 0.0062 0.0070 0.9310 0.0065 0.0057 0.0045 
      H513.6  2 0.0113 0.0159 0.0303 0.0127 0.0105 0.0064 0.0465 0.7164 0.0231 0.1114 0.0155 
      H532.1  2 0.0400 0.0240 0.1139 0.0359 0.0411 0.0204 0.0137 0.2888 0.3838 0.0224 0.0161 
      H532.2  2 0.0129 0.0291 0.0290 0.0312 0.2335 0.0089 0.2896 0.1572 0.1404 0.0113 0.0570 
      H532.3  2 0.0154 0.0151 0.0149 0.0467 0.5075 0.0044 0.2324 0.0300 0.1059 0.0052 0.0225 
      H532.4  2 0.0173 0.0412 0.0140 0.1255 0.0780 0.0103 0.0260 0.0660 0.5981 0.0131 0.0105 
      H532.5  2 0.0249 0.0267 0.0575 0.0257 0.0551 0.0081 0.0140 0.6553 0.0700 0.0269 0.0357 
      H532.6  2 0.0219 0.0176 0.0197 0.1242 0.1539 0.0146 0.1176 0.0982 0.4075 0.0150 0.0098 
      H532.7  2 0.0399 0.0097 0.0294 0.0112 0.0607 0.0067 0.0340 0.0840 0.6889 0.0164 0.0191 
      H532.8  2 0.0254 0.0345 0.0895 0.0197 0.0654 0.0099 0.0192 0.1183 0.5436 0.0209 0.0536 
      H543.1  2 0.0069 0.0076 0.0061 0.0058 0.0125 0.0048 0.0073 0.0111 0.0048 0.9265 0.0066 
      H543.2  2 0.0110 0.0153 0.0132 0.0073 0.0138 0.0073 0.0129 0.0371 0.0098 0.8423 0.0301 
      H543.3  2 0.0100 0.0092 0.0074 0.0068 0.0121 0.0047 0.0058 0.0101 0.0094 0.9169 0.0077 
      H543.4  2 0.0052 0.0070 0.0046 0.0088 0.0058 0.0070 0.0087 0.0071 0.0063 0.9262 0.0133 
      H543.5  2 0.0053 0.0072 0.0084 0.0066 0.0049 0.0068 0.0068 0.0096 0.0057 0.9262 0.0126 
      H543.6  2 0.0068 0.0865 0.0268 0.0205 0.0269 0.0032 0.0134 0.0094 0.0057 0.7908 0.0102 
      H543.7  2 0.0041 0.0062 0.0041 0.0048 0.0040 0.0041 0.0041 0.0047 0.0045 0.9530 0.0063 
      H543.8  2 0.0091 0.0173 0.0170 0.0074 0.0113 0.0058 0.0095 0.0475 0.0195 0.8416 0.0139 
      H543.9  2 0.0093 0.0218 0.0093 0.0065 0.0087 0.0047 0.0068 0.0090 0.0075 0.9019 0.0146 
 H545.1_2005  2 0.0039 0.0036 0.0039 0.0045 0.0037 0.0036 0.0038 0.0036 0.0037 0.9619 0.0040 
 H545.1_2006  2 0.0052 0.0056 0.0052 0.0042 0.0049 0.0080 0.0052 0.0074 0.0058 0.9424 0.0061 
 H545.2_2005  2 0.0102 0.0052 0.0065 0.0069 0.0066 0.0117 0.0049 0.0079 0.0076 0.9250 0.0074 
 H545.2_2006  2 0.0057 0.0047 0.0064 0.0045 0.0046 0.0040 0.0049 0.0085 0.0042 0.9472 0.0053 
 H545.3_2005  2 0.0151 0.0071 0.0077 0.0088 0.0071 0.0116 0.0055 0.0053 0.0057 0.9151 0.0110 
 H545.3_2006  2 0.0047 0.0047 0.0058 0.0049 0.0049 0.0056 0.0049 0.0073 0.0074 0.9454 0.0044 
 H545.4_2005  2 0.0086 0.0073 0.0058 0.0074 0.0051 0.0083 0.0045 0.0055 0.0069 0.9273 0.0133 
 H545.4_2006  2 0.0075 0.0045 0.0063 0.0060 0.0047 0.0084 0.0034 0.0047 0.0045 0.9437 0.0062 
 H545.5_2005  2 0.0072 0.0053 0.0083 0.0044 0.0060 0.0067 0.0066 0.0104 0.0074 0.9326 0.0050 
 H545.5_2006  2 0.0099 0.0063 0.0071 0.0073 0.0063 0.0061 0.0078 0.0075 0.0061 0.9280 0.0077 
 H545.6_2005  2 0.0047 0.0033 0.0053 0.0046 0.0042 0.0034 0.0035 0.0042 0.0045 0.9588 0.0035 
 H545.6_2006  2 0.0058 0.0050 0.0071 0.0049 0.0066 0.0051 0.0050 0.0058 0.0043 0.9454 0.0051 
 H545.7_2005  2 0.0046 0.0039 0.0091 0.0041 0.0053 0.0047 0.0046 0.0065 0.0047 0.9483 0.0042 
 H545.7_2006  2 0.0072 0.0055 0.0076 0.0050 0.0076 0.0089 0.0057 0.0097 0.0071 0.9309 0.0047 
 H545.8_2005  2 0.0113 0.0082 0.0060 0.0106 0.0081 0.0086 0.0076 0.0199 0.0091 0.9010 0.0094 
 H545.8_2006  2 0.0054 0.0050 0.0060 0.0057 0.0042 0.0048 0.0061 0.0070 0.0043 0.9469 0.0045 
      H545.9  2 0.0081 0.0048 0.0071 0.0072 0.0056 0.0066 0.0061 0.0069 0.0050 0.9352 0.0074 
      H547.1  2 0.0154 0.0220 0.0068 0.0097 0.8739 0.0091 0.0063 0.0264 0.0069 0.0111 0.0125 
      H547.2  2 0.0063 0.0149 0.0086 0.0081 0.7623 0.0800 0.0064 0.0153 0.0071 0.0110 0.0799 
      H547.3  2 0.0192 0.0143 0.0110 0.0386 0.8347 0.0090 0.0157 0.0131 0.0082 0.0131 0.0232 
      H547.4  2 0.0116 0.0083 0.0062 0.0138 0.9044 0.0094 0.0070 0.0085 0.0099 0.0109 0.0101 
      H547.5  2 0.0076 0.0123 0.0086 0.0086 0.6732 0.0279 0.0095 0.0395 0.0048 0.0086 0.1993 
      H547.6  2 0.0089 0.0094 0.0081 0.0107 0.8995 0.0078 0.0070 0.0082 0.0050 0.0230 0.0124 
      H547.7  2 0.0445 0.0120 0.0120 0.0445 0.7794 0.0134 0.0176 0.0124 0.0075 0.0286 0.0281 
      H547.8  2 0.0101 0.0132 0.0077 0.0101 0.8816 0.0076 0.0054 0.0241 0.0044 0.0202 0.0156 
      H548.1  2 0.0092 0.0050 0.0085 0.0078 0.0053 0.0078 0.0041 0.0072 0.0048 0.9341 0.0061 
      H548.2  2 0.0092 0.0054 0.0082 0.0083 0.0050 0.0067 0.0096 0.0091 0.0079 0.9225 0.0082 
      H548.3  2 0.0067 0.0067 0.0074 0.0105 0.0047 0.0076 0.0077 0.0061 0.0053 0.9321 0.0053 
      H548.4  2 0.0138 0.0104 0.0286 0.0395 0.0077 0.0318 0.0221 0.0100 0.0334 0.7854 0.0173 
      H548.5  2 0.0048 0.0057 0.0069 0.0058 0.0043 0.0068 0.0062 0.0052 0.0061 0.9417 0.0066 
      H548.6  2 0.0124 0.0045 0.0106 0.0090 0.0035 0.0088 0.0061 0.0097 0.0059 0.9227 0.0068 
      H548.7  2 0.0060 0.0068 0.0104 0.0071 0.0066 0.0083 0.0048 0.0069 0.0058 0.9301 0.0071 
      H548.8  2 0.0091 0.0071 0.0070 0.0065 0.0054 0.0065 0.0110 0.0052 0.0097 0.9257 0.0068 
      H548.9  2 0.0182 0.0130 0.0139 0.0170 0.0148 0.0093 0.0116 0.0061 0.0122 0.8720 0.0121 
     H7389.1  2 0.0048 0.0071 0.0112 0.0091 0.0076 0.0063 0.0080 0.9200 0.0066 0.0072 0.0120 
     H7389.2  2 0.0049 0.0050 0.0061 0.0045 0.0063 0.0045 0.0101 0.9258 0.0080 0.0131 0.0118 
     H7389.3  2 0.0048 0.0037 0.0046 0.0032 0.0046 0.0042 0.0055 0.9471 0.0052 0.0058 0.0112 
     H7389.4  2 0.0055 0.0102 0.0103 0.0061 0.0066 0.0075 0.0065 0.9150 0.0087 0.0189 0.0047 
     H7389.5  2 0.0082 0.0097 0.0212 0.0095 0.0087 0.0083 0.0092 0.9010 0.0095 0.0097 0.0049 
     H7389.6  2 0.0050 0.0040 0.0463 0.0043 0.0065 0.0089 0.0110 0.8852 0.0170 0.0048 0.0070 
     H7389.7  2 0.0063 0.0044 0.0067 0.0047 0.0043 0.0048 0.0045 0.9375 0.0093 0.0080 0.0097 
     H7389.8  2 0.0092 0.0074 0.0187 0.0132 0.0081 0.0089 0.0140 0.8801 0.0085 0.0237 0.0082 
     H7389.9  2 0.0060 0.0047 0.0080 0.0045 0.0070 0.0035 0.0072 0.9360 0.0096 0.0091 0.0045 
      H747.1  2 0.1114 0.0267 0.5707 0.0136 0.0241 0.0304 0.0362 0.0493 0.0204 0.0135 0.1039 
      H747.2  2 0.0226 0.0052 0.9020 0.0089 0.0056 0.0125 0.0141 0.0085 0.0064 0.0065 0.0078 
      H747.3  2 0.0687 0.0118 0.7764 0.0200 0.0177 0.0265 0.0370 0.0114 0.0077 0.0079 0.0148 
      H747.4  2 0.0817 0.0083 0.7059 0.0156 0.0257 0.0726 0.0186 0.0093 0.0153 0.0066 0.0404 
      H747.5  2 0.0508 0.0052 0.8567 0.0103 0.0073 0.0243 0.0158 0.0053 0.0062 0.0061 0.0119 
      H747.6  2 0.0086 0.0084 0.8815 0.0075 0.0138 0.0141 0.0144 0.0138 0.0078 0.0144 0.0157 
      H747.7  2 0.0301 0.0113 0.8521 0.0201 0.0133 0.0126 0.0174 0.0149 0.0067 0.0109 0.0106 
     H7484.1  2 0.0149 0.5232 0.0271 0.0177 0.0360 0.0925 0.0152 0.0296 0.2287 0.0065 0.0087 
     H7484.2  2 0.0173 0.4308 0.0624 0.0595 0.0595 0.1770 0.0480 0.0067 0.1157 0.0055 0.0176 
     H7484.3  2 0.0404 0.1436 0.0601 0.1043 0.0620 0.1865 0.0521 0.0130 0.3057 0.0088 0.0236 
     H7484.4  2 0.0118 0.6175 0.0459 0.0265 0.0476 0.1187 0.0228 0.0137 0.0768 0.0046 0.0140 
     H7484.5  2 0.0151 0.0199 0.1143 0.1367 0.0149 0.0483 0.1197 0.0206 0.4716 0.0101 0.0289 
     H7484.6  2 0.0758 0.0154 0.2050 0.1952 0.0173 0.3064 0.0765 0.0157 0.0395 0.0098 0.0434 
     H7484.7  2 0.0783 0.1693 0.0955 0.3017 0.0186 0.0459 0.0263 0.0207 0.2301 0.0045 0.0092 
     H7484.8  2 0.0090 0.0592 0.0705 0.0643 0.0170 0.1575 0.0775 0.1871 0.3260 0.0068 0.0250 
     H7485.1  2 0.0057 0.0106 0.0079 0.0086 0.0052 0.0093 0.0077 0.0110 0.0108 0.9162 0.0070 
     H7485.2  2 0.0039 0.0170 0.0155 0.0052 0.0051 0.0062 0.0086 0.0144 0.0070 0.9131 0.0041 
     H7485.3  2 0.0047 0.0050 0.0077 0.0057 0.0048 0.0112 0.0042 0.0051 0.0050 0.9414 0.0052 
     H7485.4  2 0.0036 0.0206 0.0175 0.0089 0.0050 0.0061 0.0120 0.0131 0.0066 0.9022 0.0044 
     H7485.5  2 0.0062 0.0086 0.0090 0.0140 0.0057 0.0090 0.0085 0.0114 0.0121 0.9086 0.0070 
     H7485.6  2 0.0056 0.0133 0.0114 0.0088 0.0050 0.0109 0.0065 0.0141 0.0157 0.9011 0.0076 
     H7485.7  2 0.0065 0.0062 0.0070 0.0071 0.0049 0.0157 0.0068 0.0074 0.0085 0.9211 0.0089 
     H7496.1  2 0.0118 0.0110 0.0130 0.0089 0.7938 0.0165 0.0296 0.0741 0.0269 0.0054 0.0090 
    H7496.10  2 0.0050 0.0178 0.0056 0.0058 0.9179 0.0084 0.0081 0.0095 0.0104 0.0053 0.0062 
    H7496.11  2 0.0304 0.0086 0.0417 0.0112 0.0835 0.0327 0.0118 0.0226 0.0686 0.6772 0.0115 
     H7496.2  2 0.0065 0.0103 0.0092 0.0074 0.9240 0.0076 0.0083 0.0065 0.0097 0.0046 0.0059 
     H7496.3  2 0.0112 0.0374 0.0167 0.0187 0.6990 0.0206 0.0238 0.0114 0.1443 0.0067 0.0102 
     H7496.4  2 0.0047 0.0047 0.0108 0.0072 0.9299 0.0078 0.0092 0.0063 0.0066 0.0054 0.0076 
     H7496.5  2 0.0137 0.0070 0.0086 0.0092 0.9032 0.0158 0.0131 0.0061 0.0107 0.0056 0.0071 
     H7496.6  2 0.0122 0.0086 0.0090 0.0092 0.8988 0.0119 0.0115 0.0138 0.0139 0.0041 0.0070 
     H7496.7  2 0.0046 0.0120 0.0084 0.0070 0.9238 0.0077 0.0083 0.0066 0.0104 0.0054 0.0057 
     H7496.8  2 0.0079 0.0170 0.0177 0.0293 0.8569 0.0093 0.0154 0.0058 0.0224 0.0075 0.0107 
        UNK4  2 0.0079 0.0080 0.1837 0.0663 0.0179 0.0225 0.2819 0.3457 0.0142 0.0327 0.0192 
        UNK5  2 0.0072 0.0650 0.0316 0.0230 0.0450 0.0456 0.0142 0.6221 0.0680 0.0434 0.0350 
        UNK6  2 0.0159 0.0134 0.0648 0.0419 0.0261 0.0143 0.2793 0.4705 0.0196 0.0144 0.0398 
        UNK7  2 0.0065 0.0134 0.0182 0.0107 0.0181 0.0178 0.0087 0.7583 0.0172 0.1154 0.0159 
        UNK8  2 0.0061 0.0111 0.0239 0.0241 0.0153 0.0090 0.0278 0.7660 0.0189 0.0869 0.0109 
        UNK9  2 0.0093 0.0107 0.2321 0.0118 0.0327 0.0237 0.0776 0.4072 0.0830 0.1006 0.0115 
      H009.1  4 0.0117 0.0067 0.0054 0.9330 0.0064 0.0055 0.0062 0.0047 0.0061 0.0063 0.0081 
      H009.2  4 0.1196 0.0223 0.0444 0.7090 0.0113 0.0248 0.0416 0.0064 0.0080 0.0055 0.0070 
      H009.3  4 0.0127 0.0117 0.0069 0.9238 0.0081 0.0044 0.0069 0.0041 0.0089 0.0054 0.0072 
      H009.4  4 0.0333 0.0068 0.0110 0.8912 0.0081 0.0104 0.0119 0.0055 0.0080 0.0064 0.0073 
      H009.5  4 0.0272 0.1323 0.1091 0.5709 0.0057 0.0161 0.0836 0.0060 0.0117 0.0312 0.0062 
      H009.6  4 0.0070 0.0116 0.0045 0.9264 0.0086 0.0063 0.0088 0.0041 0.0074 0.0060 0.0092 
      H046.4  4 0.1434 0.0198 0.0263 0.2206 0.0540 0.0313 0.1132 0.0296 0.2902 0.0383 0.0331 
      H046.8  4 0.0616 0.0203 0.0332 0.1656 0.0170 0.3030 0.0496 0.0548 0.0416 0.0249 0.2284 
 H076.1_2002  4 0.0110 0.0088 0.0069 0.0047 0.0147 0.0059 0.0055 0.0052 0.0058 0.0066 0.9249 
 H076.1_2003  4 0.0063 0.0048 0.0063 0.0063 0.0054 0.0061 0.0048 0.0040 0.0048 0.0059 0.9453 
 H076.1_2004  4 0.0092 0.0092 0.0071 0.0056 0.0094 0.0139 0.0061 0.0048 0.0113 0.0071 0.9163 
 H076.2_2002  4 0.0122 0.0095 0.0063 0.0046 0.0142 0.0065 0.0062 0.0053 0.0056 0.0076 0.9220 
 H076.2_2003  4 0.0063 0.0062 0.0069 0.0070 0.0068 0.0091 0.0061 0.0052 0.0039 0.0098 0.9328 
 H076.2_2004  4 0.1667 0.0109 0.0184 0.0170 0.0669 0.0126 0.0234 0.0085 0.0093 0.0087 0.6575 
 H076.3_2002  4 0.5715 0.0335 0.0227 0.0295 0.0477 0.0154 0.0816 0.0082 0.0326 0.0071 0.1500 
 H076.3_2003  4 0.0079 0.0063 0.0070 0.0067 0.0093 0.0100 0.0055 0.0044 0.0058 0.0167 0.9205 
