      H008.1  2 0.0090 0.0066 0.0065 0.0091 0.0123 0.0063 0.0058 0.0076 0.0070 0.6008 0.0034 0.2355 0.0123 0.0065 0.0070 0.0437 0.0084 0.0057 0.0067 
      H008.2  2 0.0057 0.0050 0.0099 0.0105 0.0093 0.0051 0.0097 0.0098 0.0054 0.8284 0.0127 0.0055 0.0076 0.0174 0.0217 0.0096 0.0141 0.0058 0.0067 
      H008.3  2 0.0068 0.0068 0.0078 0.0087 0.0063 0.0083 0.0058 0.0317 0.0063 0.8475 0.0056 0.0064 0.0067 0.0099 0.0056 0.0091 0.0090 0.0049 0.0068 
      H008.4  2 0.0048 0.0063 0.0062 0.0046 0.0076 0.0086 0.0057 0.0052 0.0081 0.8442 0.0110 0.0158 0.0048 0.0084 0.0058 0.0152 0.0150 0.0115 0.0112 
      H008.5  2 0.0050 0.0044 0.0054 0.0060 0.0060 0.0068 0.0052 0.0075 0.0071 0.8675 0.0064 0.0222 0.0071 0.0049 0.0038 0.0096 0.0095 0.0081 0.0074 
      H008.6  2 0.0056 0.0040 0.0047 0.0061 0.0079 0.0044 0.0076 0.0059 0.0083 0.8870 0.0092 0.0063 0.0040 0.0028 0.0057 0.0105 0.0082 0.0060 0.0059 
      H008.7  2 0.0058 0.0129 0.0122 0.0079 0.0093 0.0122 0.0059 0.0062 0.0107 0.8290 0.0141 0.0110 0.0051 0.0160 0.0047 0.0102 0.0102 0.0072 0.0093 
      H008.8  2 0.0110 0.0061 0.0054 0.0089 0.0356 0.0098 0.0105 0.0076 0.0054 0.6225 0.0070 0.0295 0.0252 0.0133 0.1320 0.0247 0.0285 0.0073 0.0098 
      H008.9  2 0.0055 0.0088 0.0121 0.0060 0.0521 0.0055 0.0058 0.0197 0.0050 0.7577 0.0381 0.0049 0.0048 0.0076 0.0282 0.0093 0.0126 0.0059 0.0104 
 H029.1_2002  2 0.0116 0.0051 0.0113 0.0084 0.0286 0.0123 0.0077 0.0085 0.0366 0.0333 0.0223 0.6304 0.0089 0.0090 0.0259 0.0090 0.0051 0.0195 0.1064 
 H029.1_2003  2 0.0117 0.0035 0.0049 0.0105 0.0127 0.0270 0.0094 0.0076 0.0731 0.7538 0.0090 0.0118 0.0059 0.0036 0.0243 0.0074 0.0062 0.0079 0.0096 
 H029.2_2002  2 0.0317 0.0053 0.0085 0.0333 0.0052 0.0735 0.0075 0.0193 0.0911 0.1479 0.0455 0.4273 0.0058 0.0390 0.0074 0.0061 0.0146 0.0109 0.0201 
 H029.2_2003  2 0.0337 0.0053 0.0067 0.0311 0.0097 0.0231 0.0171 0.0363 0.1635 0.5507 0.0278 0.0266 0.0169 0.0067 0.0112 0.0055 0.0135 0.0061 0.0085 
 H029.3_2002  2 0.0290 0.0051 0.0120 0.0152 0.0078 0.0524 0.0246 0.0692 0.1223 0.2012 0.1816 0.1298 0.0180 0.0424 0.0349 0.0053 0.0183 0.0226 0.0083 
 H029.3_2003  2 0.0111 0.0060 0.0126 0.0156 0.0042 0.0249 0.0168 0.0187 0.1481 0.4874 0.0075 0.1808 0.0063 0.0067 0.0180 0.0175 0.0043 0.0050 0.0085 
 H029.4_2002  2 0.0035 0.0052 0.0084 0.0055 0.0039 0.0109 0.0098 0.0173 0.0255 0.1318 0.0304 0.6703 0.0060 0.0191 0.0127 0.0074 0.0056 0.0131 0.0137 
 H029.4_2003  2 0.0087 0.0038 0.0244 0.0085 0.0120 0.0254 0.0153 0.0460 0.0801 0.5086 0.0186 0.0841 0.0254 0.0064 0.0342 0.0340 0.0087 0.0074 0.0485 
 H029.5_2002  2 0.0081 0.0061 0.0091 0.0066 0.0061 0.0244 0.0069 0.0054 0.0338 0.0240 0.0075 0.7557 0.0046 0.0108 0.0098 0.0179 0.0040 0.0068 0.0525 
 H029.5_2003  2 0.0055 0.0038 0.0085 0.0125 0.0070 0.0112 0.0072 0.0065 0.0408 0.7311 0.0112 0.0897 0.0078 0.0055 0.0121 0.0161 0.0042 0.0062 0.0131 
 H029.6_2002  2 0.0058 0.0066 0.0066 0.0058 0.0048 0.0188 0.0077 0.0126 0.5194 0.0325 0.0481 0.2447 0.0080 0.0161 0.0343 0.0049 0.0066 0.0098 0.0070 
 H029.6_2003  2 0.0256 0.0158 0.0203 0.0478 0.0143 0.1255 0.0210 0.0595 0.0281 0.2193 0.0098 0.2869 0.0173 0.0102 0.0170 0.0357 0.0082 0.0067 0.0307 
      H029.7  2 0.0113 0.0050 0.0088 0.0168 0.0055 0.0194 0.0042 0.0104 0.0216 0.0772 0.0414 0.6649 0.0076 0.0242 0.0049 0.0060 0.0171 0.0137 0.0399 
      H030.1  2 0.0557 0.0289 0.0873 0.0372 0.0104 0.0093 0.2662 0.0110 0.3642 0.0083 0.0049 0.0220 0.0079 0.0127 0.0104 0.0109 0.0092 0.0081 0.0354 
      H030.2  2 0.0188 0.0259 0.0799 0.0065 0.0112 0.0059 0.2998 0.0132 0.0218 0.0118 0.0476 0.0549 0.0224 0.1448 0.0067 0.0246 0.0044 0.1834 0.0163 
      H038.1  2 0.0059 0.0032 0.0047 0.0061 0.0084 0.0087 0.0057 0.0052 0.0072 0.0071 0.0217 0.8689 0.0081 0.0047 0.0107 0.0053 0.0068 0.0074 0.0042 
      H038.2  2 0.0055 0.0146 0.0051 0.0062 0.0036 0.0041 0.0072 0.0079 0.0075 0.0072 0.0063 0.8783 0.0064 0.0056 0.0046 0.0059 0.0029 0.0084 0.0129 
      H038.3  2 0.0151 0.0108 0.0072 0.0049 0.0070 0.0051 0.0131 0.0057 0.0045 0.0091 0.0299 0.7954 0.0250 0.0075 0.0089 0.0187 0.0044 0.0172 0.0104 
      H038.4  2 0.0074 0.0163 0.0085 0.0046 0.0067 0.0052 0.0060 0.0046 0.0051 0.0103 0.0224 0.8400 0.0111 0.0061 0.0075 0.0133 0.0044 0.0085 0.0120 
      H038.5  2 0.0046 0.0070 0.0148 0.0069 0.0051 0.0081 0.0193 0.0075 0.0117 0.0109 0.0224 0.8211 0.0158 0.0080 0.0150 0.0041 0.0039 0.0059 0.0079 
      H038.6  2 0.0062 0.0034 0.0069 0.0093 0.0053 0.0058 0.0123 0.0120 0.0109 0.0096 0.0102 0.8656 0.0129 0.0053 0.0053 0.0042 0.0037 0.0054 0.0057 
      H038.7  2 0.0150 0.0049 0.0077 0.0049 0.0040 0.0040 0.0085 0.0100 0.0067 0.0069 0.0083 0.8686 0.0137 0.0028 0.0048 0.0087 0.0032 0.0108 0.0064 
      H038.8  2 0.0080 0.0126 0.0065 0.0058 0.0047 0.0040 0.0075 0.0043 0.0056 0.0044 0.0515 0.8117 0.0255 0.0083 0.0059 0.0084 0.0036 0.0133 0.0082 
      H041.1  2 0.0080 0.0122 0.1051 0.0093 0.0123 0.0328 0.0070 0.0216 0.0540 0.0783 0.0148 0.0512 0.0079 0.1511 0.0040 0.3889 0.0150 0.0066 0.0200 
      H041.2  2 0.0088 0.0076 0.0093 0.0060 0.0107 0.0171 0.0078 0.0069 0.0594 0.2362 0.0099 0.0251 0.0044 0.0084 0.0084 0.3534 0.0066 0.0092 0.2045 
      H041.4  2 0.0076 0.0142 0.0250 0.0069 0.0244 0.1266 0.0076 0.0116 0.1452 0.3234 0.0269 0.1509 0.0093 0.0139 0.0128 0.0524 0.0183 0.0082 0.0148 
      H041.6  2 0.0178 0.0162 0.0148 0.0051 0.0332 0.1086 0.0118 0.0115 0.1216 0.1804 0.0120 0.1416 0.0132 0.0288 0.0105 0.1877 0.0258 0.0131 0.0462 
 H042.1_2002  2 0.0080 0.0667 0.0083 0.0286 0.0330 0.0086 0.0088 0.0117 0.6029 0.0124 0.0140 0.0090 0.0371 0.0099 0.0049 0.0219 0.0114 0.0385 0.0643 
 H042.1_2003  2 0.0444 0.0136 0.0073 0.0387 0.0352 0.0069 0.0170 0.0131 0.0138 0.2539 0.0430 0.0310 0.0147 0.0114 0.0118 0.3681 0.0088 0.0294 0.0379 
 H042.2_2002  2 0.0068 0.0089 0.0129 0.0189 0.0054 0.0479 0.0062 0.0302 0.5081 0.0178 0.0244 0.0977 0.0153 0.0073 0.0056 0.0110 0.0113 0.1575 0.0068 
 H042.2_2003  2 0.0091 0.0103 0.0090 0.0140 0.0220 0.0123 0.0107 0.0131 0.0371 0.0857 0.0051 0.0859 0.0083 0.0043 0.0089 0.1043 0.0070 0.0147 0.5383 
 H042.3_2002  2 0.0065 0.0259 0.0117 0.0261 0.0119 0.0197 0.0120 0.0355 0.3505 0.0127 0.0164 0.0060 0.0438 0.0066 0.0044 0.0300 0.0081 0.3540 0.0180 
 H042.3_2003  2 0.0067 0.0196 0.0503 0.0185 0.0226 0.0139 0.0120 0.1147 0.0747 0.0428 0.0394 0.0329 0.0847 0.0412 0.0055 0.1351 0.0144 0.1908 0.0799 
 H042.4_2002  2 0.0065 0.0355 0.0059 0.0103 0.0136 0.0133 0.0079 0.0107 0.7644 0.0101 0.0111 0.0179 0.0095 0.0046 0.0051 0.0108 0.0065 0.0093 0.0471 
 H042.4_2003  2 0.0095 0.0155 0.0150 0.0110 0.0118 0.0127 0.0051 0.0047 0.6389 0.0075 0.0062 0.0597 0.0122 0.0118 0.0047 0.0079 0.0142 0.0072 0.1443 
      H042.5  2 0.0043 0.0110 0.0103 0.0112 0.0096 0.0145 0.0051 0.0079 0.7993 0.0079 0.0028 0.0057 0.0093 0.0040 0.0042 0.0058 0.0121 0.0077 0.0673 
      H042.6  2 0.0108 0.0073 0.0074 0.0076 0.0099 0.0073 0.0040 0.0065 0.7972 0.0062 0.0097 0.0135 0.0307 0.0061 0.0043 0.0044 0.0427 0.0112 0.0132 
      H042.7  2 0.0174 0.0617 0.0156 0.0109 0.0206 0.0684 0.0049 0.0097 0.3785 0.0073 0.0055 0.0251 0.0176 0.0073 0.0064 0.0148 0.0087 0.2686 0.0511 
      H042.8  2 0.0067 0.0119 0.0152 0.0220 0.0117 0.0216 0.0046 0.0194 0.6215 0.0272 0.0261 0.0112 0.0148 0.0034 0.0071 0.0742 0.0170 0.0670 0.0175 
   H042_2002  2 0.0327 0.0100 0.0282 0.0189 0.0237 0.0385 0.0097 0.0216 0.0632 0.0414 0.0402 0.0856 0.1545 0.0048 0.0107 0.0532 0.0877 0.1587 0.1167 
   H042_2003  2 0.0252 0.0121 0.0271 0.0219 0.0314 0.0409 0.0097 0.0173 0.0771 0.0448 0.0295 0.0886 0.1643 0.0053 0.0127 0.0546 0.0842 0.1869 0.0665 
      H043.1  2 0.0092 0.0046 0.0714 0.0072 0.0048 0.0036 0.0115 0.0075 0.0096 0.0063 0.0326 0.0105 0.7164 0.0189 0.0093 0.0564 0.0086 0.0057 0.0058 
      H043.2  2 0.0122 0.0037 0.0073 0.0102 0.0187 0.0072 0.0063 0.0055 0.0062 0.0145 0.0431 0.0127 0.6802 0.0031 0.0108 0.1023 0.0462 0.0044 0.0053 
      H043.3  2 0.0633 0.0059 0.0366 0.0158 0.0202 0.0094 0.0077 0.0076 0.0117 0.0156 0.0193 0.1706 0.4727 0.0033 0.0092 0.0731 0.0189 0.0278 0.0113 
      H043.4  2 0.0285 0.0053 0.0218 0.0189 0.0143 0.0050 0.0055 0.0056 0.0068 0.0070 0.0363 0.0396 0.6656 0.0043 0.0039 0.0821 0.0322 0.0096 0.0076 
      H043.5  2 0.0073 0.0038 0.0101 0.0085 0.0146 0.0060 0.0072 0.0060 0.0051 0.0273 0.0752 0.0158 0.6180 0.0043 0.0108 0.1599 0.0051 0.0076 0.0073 
      H043.6  2 0.0129 0.0049 0.0109 0.0091 0.0267 0.0112 0.0110 0.0066 0.0119 0.0122 0.1012 0.0975 0.5647 0.0035 0.0082 0.0707 0.0109 0.0161 0.0097 
      H043.7  2 0.1656 0.0054 0.0266 0.0079 0.0443 0.0051 0.0074 0.0040 0.0093 0.0054 0.0477 0.0375 0.4385 0.0041 0.0048 0.1153 0.0536 0.0115 0.0059 
      H043.8  2 0.0497 0.0076 0.0216 0.0097 0.0182 0.0041 0.0342 0.0080 0.0054 0.0131 0.0134 0.0136 0.5765 0.0145 0.0343 0.1405 0.0173 0.0143 0.0041 
      H043.9  2 0.0147 0.0059 0.1021 0.0074 0.0083 0.0057 0.0214 0.0094 0.0168 0.0093 0.0274 0.0851 0.5896 0.0100 0.0148 0.0329 0.0218 0.0098 0.0077 
      H047.1  2 0.0058 0.0072 0.1128 0.0228 0.0292 0.0049 0.0107 0.0108 0.0054 0.0128 0.0121 0.6140 0.0320 0.0033 0.0041 0.0196 0.0094 0.0675 0.0156 
      H047.2  2 0.0657 0.0177 0.0796 0.0693 0.0322 0.0130 0.0079 0.0087 0.0143 0.0961 0.0047 0.4557 0.0115 0.0381 0.0101 0.0421 0.0085 0.0097 0.0151 
      H047.3  2 0.0409 0.0188 0.1190 0.0864 0.0111 0.0393 0.0085 0.0090 0.0172 0.1219 0.0050 0.3326 0.0078 0.0343 0.0064 0.0940 0.0179 0.0123 0.0177 
      H047.4  2 0.0656 0.0149 0.0611 0.0125 0.0268 0.0185 0.0080 0.0096 0.0260 0.0740 0.0041 0.4022 0.0078 0.0075 0.0137 0.1909 0.0085 0.0144 0.0339 
      H047.5  2 0.0152 0.0122 0.2538 0.0366 0.0099 0.0203 0.0113 0.0096 0.0089 0.0449 0.0034 0.4247 0.0072 0.0048 0.0050 0.0396 0.0443 0.0421 0.0061 
      H047.6  2 0.0237 0.0076 0.3846 0.0376 0.0377 0.0256 0.0045 0.0053 0.0254 0.1008 0.0068 0.1733 0.0058 0.0119 0.0068 0.0940 0.0105 0.0175 0.0206 
      H047.7  2 0.0052 0.0149 0.1351 0.0148 0.0099 0.0074 0.0071 0.0073 0.0105 0.0227 0.0113 0.5925 0.0200 0.0052 0.0032 0.0226 0.0066 0.0762 0.0276 
      H047.8  2 0.0212 0.0078 0.2613 0.0559 0.0442 0.0178 0.0045 0.0102 0.0183 0.1230 0.0069 0.2199 0.0135 0.0083 0.0049 0.1205 0.0122 0.0223 0.0272 
      H047.9  2 0.0131 0.0520 0.0405 0.0601 0.0107 0.0143 0.0084 0.0111 0.0140 0.0238 0.0042 0.5714 0.0235 0.0044 0.0041 0.0122 0.0355 0.0755 0.0212 
 H071.1_2002  2 0.0056 0.0053 0.0069 0.0071 0.0060 0.0051 0.0066 0.0051 0.0058 0.0053 0.0047 0.8879 0.0101 0.0035 0.0037 0.0069 0.0087 0.0086 0.0068 
 H071.1_2003  2 0.0586 0.0066 0.0138 0.0152 0.0332 0.0277 0.0629 0.0087 0.0098 0.0230 0.0138 0.5684 0.0150 0.0051 0.0040 0.0295 0.0822 0.0104 0.0122 
     H071.10  2 0.0040 0.0060 0.0051 0.0034 0.0038 0.0040 0.0170 0.0051 0.0046 0.0036 0.0063 0.8873 0.0138 0.0069 0.0082 0.0046 0.0054 0.0071 0.0038 
 H071.2_2002  2 0.0063 0.0046 0.0057 0.0085 0.0176 0.0096 0.0076 0.0075 0.0063 0.0155 0.0062 0.8377 0.0126 0.0029 0.0185 0.0069 0.0131 0.0081 0.0049 
 H071.2_2003  2 0.0044 0.0029 0.0041 0.0062 0.0054 0.0039 0.0047 0.0034 0.0045 0.0071 0.0033 0.9168 0.0049 0.0034 0.0034 0.0043 0.0064 0.0049 0.0060 
      H071.3  2 0.0186 0.0094 0.0112 0.0050 0.0044 0.0045 0.0453 0.0103 0.0047 0.0222 0.0113 0.7098 0.0190 0.0146 0.0074 0.0781 0.0070 0.0092 0.0082 
 H071.4_2002  2 0.0048 0.0116 0.0066 0.0054 0.0076 0.0055 0.0138 0.0045 0.0060 0.0059 0.0128 0.8447 0.0268 0.0060 0.0143 0.0044 0.0070 0.0083 0.0039 
 H071.4_2003  2 0.0055 0.0043 0.0047 0.0048 0.0038 0.0031 0.0082 0.0074 0.0038 0.0062 0.0028 0.9038 0.0105 0.0038 0.0063 0.0058 0.0043 0.0056 0.0055 
 H071.5_2002  2 0.0045 0.0058 0.0043 0.0041 0.0038 0.0035 0.0076 0.0041 0.0046 0.0035 0.0051 0.9137 0.0085 0.0042 0.0033 0.0036 0.0055 0.0060 0.0042 
 H071.5_2003  2 0.0195 0.0114 0.0086 0.0117 0.0128 0.0061 0.0271 0.0116 0.0049 0.0095 0.0039 0.8015 0.0217 0.0037 0.0077 0.0093 0.0081 0.0114 0.0097 
 H071.6_2002  2 0.0069 0.0059 0.0053 0.0054 0.0041 0.0041 0.0060 0.0066 0.0051 0.0068 0.0041 0.8684 0.0260 0.0034 0.0133 0.0039 0.0064 0.0145 0.0037 
 H071.6_2003  2 0.0084 0.0064 0.0069 0.0061 0.0081 0.0050 0.0274 0.0063 0.0055 0.0046 0.0031 0.8644 0.0083 0.0039 0.0051 0.0080 0.0050 0.0091 0.0085 
 H071.7_2002  2 0.0075 0.0029 0.0044 0.0053 0.0057 0.0037 0.0034 0.0043 0.0041 0.0081 0.0037 0.9017 0.0078 0.0029 0.0049 0.0084 0.0071 0.0100 0.0045 
 H071.7_2003  2 0.0123 0.0112 0.0066 0.0073 0.0071 0.0052 0.0286 0.0096 0.0049 0.0071 0.0041 0.8389 0.0127 0.0042 0.0034 0.0090 0.0080 0.0089 0.0108 
      H071.8  2 0.0065 0.0039 0.0056 0.0072 0.0090 0.0097 0.0053 0.0060 0.0059 0.0831 0.0055 0.7836 0.0091 0.0045 0.0239 0.0064 0.0110 0.0079 0.0057 
      H071.9  2 0.0094 0.0108 0.0409 0.0078 0.0177 0.0229 0.0148 0.0073 0.0198 0.0180 0.0143 0.6368 0.0592 0.0075 0.0763 0.0086 0.0125 0.0101 0.0052 
 H081.1_2002  2 0.0078 0.0087 0.0036 0.0056 0.0065 0.0074 0.0060 0.0070 0.0077 0.0104 0.0047 0.8791 0.0042 0.0053 0.0039 0.0048 0.0164 0.0059 0.0051 
 H081.1_2003  2 0.1629 0.0197 0.0098 0.0219 0.0395 0.0180 0.0442 0.0202 0.1361 0.1430 0.2247 0.0268 0.0214 0.0178 0.0146 0.0286 0.0146 0.0226 0.0135 
 H081.2_2002  2 0.0128 0.0072 0.0050 0.0046 0.0081 0.0069 0.0046 0.0054 0.0061 0.0076 0.0034 0.8427 0.0051 0.0040 0.0038 0.0042 0.0589 0.0047 0.0049 
 H081.2_2003  2 0.0157 0.0102 0.0081 0.0086 0.0161 0.0080 0.6381 0.0066 0.0236 0.0517 0.0084 0.0236 0.0335 0.0279 0.0284 0.0220 0.0565 0.0069 0.0063 
 H081.3_2002  2 0.0062 0.0062 0.0117 0.0050 0.0142 0.0062 0.0087 0.0040 0.0081 0.0172 0.0060 0.8359 0.0083 0.0059 0.0141 0.0060 0.0224 0.0067 0.0072 
 H081.3_2003  2 0.0131 0.0185 0.0284 0.0221 0.0431 0.0112 0.4016 0.0072 0.0651 0.0472 0.0126 0.0148 0.1589 0.0151 0.0601 0.0108 0.0499 0.0099 0.0103 
 H081.4_2002  2 0.0078 0.0065 0.0058 0.0057 0.0050 0.0032 0.0106 0.0110 0.0093 0.0139 0.0039 0.8695 0.0075 0.0056 0.0053 0.0100 0.0044 0.0085 0.0065 
 H081.4_2003  2 0.0968 0.0326 0.0112 0.0307 0.0614 0.0277 0.2225 0.0122 0.3253 0.0282 0.0114 0.0166 0.0292 0.0129 0.0147 0.0162 0.0267 0.0113 0.0126 
 H081.5_2002  2 0.0117 0.0056 0.0059 0.0049 0.0079 0.0046 0.0137 0.0074 0.0104 0.0168 0.0060 0.8553 0.0076 0.0037 0.0091 0.0093 0.0070 0.0081 0.0051 
 H081.5_2003  2 0.3855 0.0180 0.0112 0.0216 0.0535 0.0202 0.0533 0.0102 0.1407 0.0241 0.0250 0.0280 0.0111 0.0102 0.0111 0.0761 0.0544 0.0279 0.0178 
      H081.6  2 0.0150 0.0062 0.0041 0.0049 0.0063 0.0061 0.0067 0.0133 0.0052 0.0092 0.0044 0.8708 0.0050 0.0037 0.0040 0.0044 0.0157 0.0092 0.0058 
      H081.7  2 0.0068 0.0104 0.0066 0.0044 0.0098 0.0054 0.0093 0.0045 0.0065 0.0057 0.0036 0.8238 0.0079 0.0043 0.0083 0.0047 0.0673 0.0050 0.0058 
      H081.8  2 0.0097 0.0135 0.0073 0.0059 0.0129 0.0074 0.0267 0.0067 0.0144 0.0141 0.0111 0.7592 0.0218 0.0154 0.0405 0.0073 0.0086 0.0119 0.0056 
      H083.1  2 0.0235 0.0054 0.0121 0.0158 0.0054 0.0285 0.0092 0.0148 0.0388 0.0251 0.0131 0.7309 0.0072 0.0344 0.0089 0.0060 0.0076 0.0086 0.0049 
      H083.2  2 0.0151 0.0098 0.0380 0.0058 0.0078 0.0094 0.0056 0.0096 0.0091 0.0095 0.0071 0.8023 0.0144 0.0172 0.0082 0.0094 0.0113 0.0061 0.0043 
      H083.4  2 0.0106 0.0123 0.0176 0.0050 0.0070 0.0064 0.0049 0.0085 0.0092 0.0193 0.0107 0.6777 0.0279 0.0867 0.0700 0.0052 0.0105 0.0069 0.0036 
      H083.5  2 0.0178 0.0075 0.0111 0.0109 0.0060 0.0753 0.0078 0.0084 0.0289 0.0344 0.0289 0.6274 0.0068 0.0785 0.0170 0.0061 0.0128 0.0075 0.0069 
      H083.6  2 0.0266 0.0116 0.0059 0.0099 0.0063 0.0559 0.0113 0.0336 0.0188 0.0575 0.0115 0.5331 0.0086 0.1453 0.0335 0.0042 0.0120 0.0094 0.0050 
      H083.7  2 0.0089 0.0366 0.0120 0.0052 0.0072 0.0112 0.0045 0.0070 0.0057 0.0242 0.0096 0.6038 0.0169 0.1894 0.0294 0.0048 0.0130 0.0057 0.0049 
      H083.8  2 0.0120 0.0122 0.0338 0.0081 0.0102 0.0103 0.0048 0.0072 0.0104 0.0132 0.0071 0.8055 0.0108 0.0170 0.0087 0.0078 0.0106 0.0052 0.0051 
      H083.9  2 0.0120 0.0064 0.0102 0.0090 0.0035 0.0407 0.0072 0.0085 0.0285 0.0454 0.0128 0.6173 0.0062 0.1522 0.0102 0.0074 0.0093 0.0060 0.0072 
      H084.1  2 0.0071 0.0114 0.0243 0.0126 0.0064 0.0296 0.6824 0.0095 0.0392 0.0075 0.0902 0.0087 0.0206 0.0089 0.0087 0.0115 0.0076 0.0075 0.0065 
      H084.2  2 0.0116 0.0055 0.0238 0.0122 0.0082 0.0055 0.6410 0.0125 0.0903 0.0124 0.1015 0.0090 0.0232 0.0062 0.0104 0.0052 0.0034 0.0114 0.0067 
      H084.3  2 0.0312 0.0967 0.0104 0.0157 0.0053 0.0412 0.2957 0.0146 0.0389 0.0076 0.2837 0.0061 0.0128 0.0134 0.0078 0.0235 0.0063 0.0425 0.0466 
      H084.4  2 0.0652 0.0165 0.0136 0.0079 0.0100 0.0193 0.2699 0.0220 0.0618 0.0412 0.2559 0.0058 0.0114 0.0053 0.0149 0.0732 0.0040 0.0347 0.0673 
      H084.5  2 0.0338 0.0212 0.0237 0.0092 0.0057 0.0596 0.5639 0.0127 0.0097 0.0125 0.0360 0.0042 0.0069 0.0077 0.0078 0.0788 0.0089 0.0876 0.0101 
      H084.6  2 0.0146 0.0484 0.0157 0.0060 0.0056 0.0208 0.6146 0.0080 0.0084 0.0071 0.0825 0.0058 0.0101 0.0369 0.0158 0.0350 0.0099 0.0402 0.0147 
      H084.7  2 0.0099 0.0065 0.0205 0.0090 0.0078 0.0115 0.7565 0.0166 0.0616 0.0149 0.0174 0.0076 0.0066 0.0046 0.0094 0.0077 0.0059 0.0133 0.0127 
      H084.8  2 0.0134 0.0262 0.0124 0.0091 0.0050 0.1044 0.6141 0.0117 0.0078 0.0093 0.0664 0.0048 0.0045 0.0077 0.0100 0.0430 0.0090 0.0228 0.0184 
 H085.1_2002  2 0.0079 0.0056 0.0117 0.0061 0.0091 0.0048 0.0129 0.0074 0.0421 0.0108 0.0134 0.0188 0.0067 0.0113 0.0064 0.0041 0.8012 0.0141 0.0056 
 H085.1_2003  2 0.0275 0.0160 0.0524 0.0071 0.0099 0.0092 0.0104 0.0474 0.0542 0.1201 0.0185 0.1669 0.0208 0.1194 0.0282 0.1163 0.1575 0.0056 0.0126 
 H085.2_2002  2 0.0426 0.0274 0.0119 0.0074 0.1467 0.0151 0.0133 0.0091 0.1411 0.0169 0.0744 0.0273 0.0373 0.1338 0.0148 0.0105 0.2339 0.0258 0.0107 
 H085.2_2003  2 0.0232 0.0076 0.0329 0.0158 0.0147 0.0055 0.0166 0.0373 0.1257 0.2045 0.0141 0.3450 0.0165 0.0486 0.0143 0.0285 0.0218 0.0120 0.0153 
 H085.3_2002  2 0.0269 0.0063 0.0099 0.0047 0.0168 0.0087 0.0040 0.0051 0.0233 0.0070 0.0047 0.0073 0.0154 0.0195 0.0039 0.0303 0.7869 0.0042 0.0150 
 H085.3_2003  2 0.0534 0.0066 0.0157 0.0092 0.0060 0.0043 0.0159 0.0191 0.0097 0.0234 0.0050 0.4336 0.0345 0.0066 0.0048 0.2937 0.0412 0.0054 0.0118 
 H085.4_2002  2 0.0120 0.0193 0.0098 0.0110 0.0797 0.0218 0.0184 0.0073 0.0547 0.0294 0.0432 0.0547 0.0331 0.0186 0.0131 0.0058 0.5364 0.0244 0.0073 
 H085.4_2003  2 0.0226 0.0152 0.0074 0.0089 0.0185 0.0078 0.0252 0.0055 0.0822 0.0107 0.0090 0.5199 0.0113 0.0079 0.0053 0.0837 0.0114 0.0316 0.1158 
 H085.5_2002  2 0.0127 0.0061 0.0069 0.0054 0.0117 0.0072 0.0036 0.0045 0.0075 0.0062 0.0048 0.0056 0.0106 0.0041 0.0040 0.0252 0.8627 0.0051 0.0061 
 H085.5_2003  2 0.0149 0.0052 0.0135 0.0121 0.0083 0.0043 0.0251 0.0366 0.0503 0.0530 0.0069 0.6138 0.0149 0.0533 0.0067 0.0192 0.0345 0.0059 0.0216 
 H085.6_2002  2 0.0170 0.0054 0.0140 0.0045 0.0195 0.0063 0.0066 0.0053 0.0475 0.0149 0.0085 0.0078 0.0166 0.0167 0.0051 0.0121 0.7779 0.0076 0.0067 
 H085.6_2003  2 0.2440 0.0158 0.0248 0.0159 0.0344 0.0147 0.0101 0.0094 0.0266 0.0165 0.0066 0.0511 0.0193 0.0067 0.0080 0.4200 0.0379 0.0082 0.0298 
 H085.7_2002  2 0.0825 0.0106 0.0209 0.0099 0.0613 0.0065 0.0092 0.0104 0.1489 0.0330 0.0111 0.0428 0.0302 0.0553 0.0105 0.0167 0.4085 0.0128 0.0188 
 H085.7_2003  2 0.0165 0.0120 0.0429 0.0117 0.0112 0.0091 0.0070 0.0083 0.0110 0.0871 0.0090 0.4296 0.0277 0.0088 0.0063 0.2558 0.0250 0.0057 0.0153 
 H085.8_2002  2 0.3234 0.0193 0.0087 0.0065 0.1115 0.0143 0.0115 0.0091 0.0250 0.0129 0.0138 0.0176 0.1112 0.0168 0.0089 0.1373 0.1315 0.0093 0.0114 
 H085.8_2003  2 0.0213 0.0196 0.0480 0.0106 0.0204 0.0089 0.0138 0.0099 0.4394 0.0264 0.0184 0.0957 0.0091 0.0790 0.0088 0.0255 0.0436 0.0201 0.0816 
      H085.9  2 0.0117 0.0105 0.0095 0.0098 0.0122 0.0084 0.0116 0.0073 0.0485 0.0134 0.0257 0.0328 0.0127 0.0122 0.0108 0.0128 0.7209 0.0185 0.0106 
      H088.1  2 0.0061 0.0229 0.0079 0.0192 0.0143 0.0966 0.0089 0.0186 0.6140 0.0444 0.0104 0.0072 0.0239 0.0138 0.0545 0.0042 0.0170 0.0043 0.0119 
      H088.2  2 0.0181 0.0144 0.0098 0.0103 0.0151 0.0808 0.0060 0.0102 0.7272 0.0132 0.0069 0.0078 0.0119 0.0135 0.0132 0.0041 0.0140 0.0098 0.0139 
      H088.3  2 0.0198 0.0077 0.0105 0.0060 0.0137 0.0597 0.0062 0.0091 0.7624 0.0166 0.0066 0.0043 0.0088 0.0071 0.0207 0.0038 0.0129 0.0073 0.0169 
      H088.4  2 0.0089 0.0032 0.0051 0.0061 0.0079 0.0067 0.0152 0.0084 0.8713 0.0080 0.0042 0.0051 0.0052 0.0029 0.0111 0.0055 0.0036 0.0048 0.0167 
      H088.5  2 0.0045 0.0055 0.0047 0.0058 0.0079 0.0134 0.0062 0.0072 0.8727 0.0119 0.0046 0.0047 0.0075 0.0047 0.0137 0.0046 0.0045 0.0043 0.0115 
      H088.6  2 0.0067 0.0065 0.0087 0.0103 0.0061 0.0173 0.0086 0.0100 0.8120 0.0327 0.0042 0.0092 0.0096 0.0051 0.0238 0.0075 0.0043 0.0053 0.0122 
      H088.7  2 0.0077 0.0050 0.0110 0.0066 0.0047 0.0116 0.0062 0.0072 0.8575 0.0156 0.0049 0.0089 0.0054 0.0063 0.0090 0.0057 0.0082 0.0072 0.0111 
      H088.8  2 0.0067 0.0098 0.0067 0.0100 0.0078 0.0129 0.0130 0.0233 0.6442 0.0913 0.0067 0.0330 0.0136 0.0062 0.0542 0.0087 0.0064 0.0062 0.0394 
      H091.1  2 0.0112 0.0072 0.0678 0.0121 0.0086 0.0097 0.0081 0.0203 0.5517 0.0231 0.0133 0.0143 0.0562 0.0251 0.0060 0.1002 0.0082 0.0112 0.0458 
      H091.2  2 0.0066 0.0134 0.0258 0.0090 0.0082 0.0064 0.0044 0.0265 0.5400 0.0780 0.0041 0.0149 0.0424 0.0219 0.0070 0.1629 0.0059 0.0106 0.0119 
      H109.1  2 0.0100 0.0117 0.3931 0.0190 0.0133 0.0203 0.0400 0.0298 0.0106 0.0282 0.0297 0.0176 0.0376 0.1202 0.1001 0.0305 0.0309 0.0485 0.0090 
      H109.2  2 0.0176 0.0229 0.1587 0.0051 0.0273 0.0088 0.3747 0.1415 0.0187 0.0126 0.0179 0.0554 0.0286 0.0132 0.0157 0.0119 0.0071 0.0384 0.0240 
      H109.3  2 0.0296 0.0121 0.3911 0.0262 0.0089 0.0207 0.0679 0.1045 0.0170 0.0253 0.0112 0.0299 0.0518 0.0109 0.0107 0.0856 0.0039 0.0152 0.0776 
      H109.4  2 0.0091 0.0095 0.1717 0.0116 0.0154 0.0165 0.1515 0.1104 0.0108 0.0140 0.0269 0.0162 0.1944 0.0146 0.0504 0.0560 0.0084 0.0137 0.0988 
      H109.5  2 0.0157 0.0096 0.0839 0.0107 0.0077 0.1363 0.0965 0.1697 0.0513 0.0310 0.0042 0.1336 0.0088 0.0051 0.0083 0.0545 0.0065 0.0159 0.1508 
      H109.6  2 0.0310 0.0239 0.1512 0.0155 0.0199 0.0294 0.3214 0.0257 0.0117 0.0506 0.0219 0.0456 0.0367 0.0158 0.1095 0.0165 0.0077 0.0374 0.0285 
      H126.1  2 0.0140 0.0091 0.0201 0.0536 0.1526 0.0202 0.0077 0.0633 0.0180 0.0781 0.0078 0.0086 0.0466 0.0078 0.0252 0.0109 0.1171 0.2228 0.1165 
      H126.2  2 0.0266 0.0086 0.0295 0.0215 0.0567 0.0066 0.0131 0.0301 0.0106 0.4208 0.0357 0.0657 0.1185 0.0120 0.0085 0.0110 0.0654 0.0243 0.0348 
      H126.3  2 0.0048 0.0067 0.0097 0.0079 0.0088 0.0123 0.0036 0.0457 0.0450 0.5813 0.0071 0.0381 0.0147 0.0169 0.0131 0.0071 0.0180 0.1539 0.0054 
      H126.4  2 0.0130 0.0087 0.0124 0.0207 0.3465 0.0191 0.0168 0.2713 0.0177 0.0367 0.0147 0.0387 0.0931 0.0126 0.0127 0.0179 0.0156 0.0259 0.0058 
      H126.5  2 0.0548 0.0121 0.0055 0.0437 0.1505 0.0057 0.0072 0.0559 0.0090 0.1495 0.0050 0.1657 0.1574 0.0071 0.0103 0.0163 0.0371 0.0866 0.0206 
      H126.6  2 0.0382 0.0037 0.0187 0.0090 0.0255 0.0060 0.0040 0.0158 0.0237 0.4043 0.0060 0.2208 0.0126 0.0063 0.0060 0.0068 0.1045 0.0804 0.0079 
      H126.7  2 0.0290 0.0064 0.0072 0.0078 0.0067 0.0042 0.0064 0.0323 0.0395 0.0193 0.0035 0.7318 0.0355 0.0068 0.0076 0.0090 0.0271 0.0117 0.0081 
      H130.1  2 0.0240 0.0096 0.0242 0.0254 0.5904 0.0126 0.0100 0.0155 0.1027 0.0168 0.0062 0.0063 0.0312 0.0126 0.0217 0.0084 0.0107 0.0069 0.0646 
      H130.2  2 0.0384 0.0303 0.0441 0.0410 0.1510 0.0113 0.2796 0.0199 0.1820 0.0154 0.0094 0.0250 0.0132 0.0357 0.0504 0.0192 0.0131 0.0072 0.0138 
      H130.3  2 0.0728 0.0284 0.0174 0.4265 0.0471 0.0095 0.0847 0.0517 0.1353 0.0094 0.0054 0.0222 0.0366 0.0056 0.0162 0.0053 0.0063 0.0059 0.0137 
      H130.4  2 0.0140 0.0236 0.0315 0.1248 0.4868 0.0142 0.0255 0.0207 0.0860 0.0084 0.0266 0.0081 0.0203 0.0188 0.0475 0.0065 0.0178 0.0065 0.0126 
      H130.5  2 0.0341 0.0291 0.0143 0.0117 0.2358 0.0128 0.0671 0.0115 0.4490 0.0072 0.0052 0.0269 0.0178 0.0156 0.0097 0.0087 0.0212 0.0062 0.0162 
      H133.1  2 0.0192 0.0083 0.5313 0.0419 0.0812 0.0149 0.0258 0.0301 0.0428 0.0133 0.0575 0.0207 0.0102 0.0109 0.0063 0.0393 0.0146 0.0092 0.0223 
      H133.2  2 0.0368 0.0051 0.3063 0.0288 0.0659 0.0353 0.1445 0.0313 0.0684 0.0488 0.0106 0.0103 0.0238 0.0077 0.0242 0.0596 0.0562 0.0133 0.0232 
      H133.3  2 0.0149 0.0100 0.5595 0.0242 0.0187 0.0351 0.0186 0.0236 0.0818 0.0238 0.0590 0.0209 0.0117 0.0069 0.0090 0.0189 0.0285 0.0102 0.0248 
      H133.4  2 0.0142 0.0056 0.7029 0.0199 0.0139 0.0075 0.0250 0.0084 0.0128 0.0105 0.0233 0.0089 0.0170 0.0085 0.0239 0.0613 0.0206 0.0062 0.0096 
      H133.5  2 0.0678 0.0036 0.2571 0.0540 0.0589 0.0082 0.0533 0.0634 0.2086 0.0286 0.0246 0.0063 0.0314 0.0127 0.0220 0.0079 0.0645 0.0207 0.0066 
      H133.6  2 0.0320 0.0068 0.1135 0.0190 0.0438 0.0156 0.0442 0.0170 0.4584 0.0158 0.0098 0.0121 0.0494 0.0148 0.0280 0.0082 0.0660 0.0140 0.0314 
      H133.7  2 0.0081 0.0107 0.7103 0.0186 0.0130 0.0176 0.0054 0.0059 0.0131 0.0061 0.0235 0.0099 0.0070 0.0046 0.0042 0.1094 0.0152 0.0049 0.0124 
      H133.8  2 0.0081 0.0056 0.5863 0.0621 0.0286 0.0066 0.0153 0.0146 0.0166 0.0123 0.0336 0.0111 0.0175 0.0080 0.0077 0.0582 0.0784 0.0233 0.0063 
      H133.9  2 0.0257 0.0068 0.5641 0.0670 0.0682 0.0156 0.0171 0.0354 0.0293 0.0165 0.0594 0.0139 0.0115 0.0151 0.0057 0.0139 0.0129 0.0086 0.0133 
      H147.1  2 0.1179 0.0090 0.0097 0.0049 0.0223 0.0142 0.0958 0.0096 0.0128 0.0604 0.0164 0.0796 0.0041 0.0219 0.0050 0.3777 0.0629 0.0256 0.0501 
      H147.2  2 0.1072 0.0067 0.0046 0.0055 0.0105 0.0074 0.0360 0.0051 0.0201 0.0108 0.0055 0.6942 0.0051 0.0059 0.0057 0.0259 0.0173 0.0148 0.0115 
      H147.3  2 0.1411 0.0115 0.0051 0.0053 0.0079 0.0104 0.0374 0.0134 0.0052 0.0212 0.0052 0.6608 0.0045 0.0091 0.0026 0.0157 0.0217 0.0087 0.0134 
      H147.4  2 0.0515 0.0051 0.0057 0.0053 0.0051 0.0076 0.1041 0.0101 0.0047 0.1313 0.0304 0.4831 0.0042 0.0190 0.0049 0.0854 0.0200 0.0107 0.0117 
      H147.5  2 0.1328 0.0057 0.0063 0.0077 0.0080 0.0166 0.2057 0.1474 0.0601 0.0213 0.0079 0.2618 0.0048 0.0215 0.0080 0.0217 0.0206 0.0083 0.0338 
      H147.6  2 0.1163 0.0068 0.0080 0.0076 0.0061 0.0110 0.2658 0.1852 0.0648 0.0150 0.0089 0.1785 0.0070 0.0254 0.0079 0.0317 0.0117 0.0095 0.0327 
      H147.7  2 0.0398 0.0084 0.0070 0.0075 0.0080 0.0122 0.1061 0.0157 0.0044 0.1903 0.0276 0.3600 0.0051 0.0186 0.0041 0.1426 0.0118 0.0090 0.0217 
      H147.8  2 0.0348 0.0050 0.0115 0.0035 0.0036 0.0061 0.2420 0.0481 0.0586 0.1146 0.0279 0.3108 0.0049 0.0327 0.0109 0.0470 0.0101 0.0163 0.0117 
      H147.9  2 0.0820 0.0058 0.0062 0.0057 0.0104 0.0130 0.0407 0.0165 0.0070 0.0215 0.0076 0.6936 0.0058 0.0089 0.0053 0.0313 0.0171 0.0099 0.0120 
      H148.1  2 0.0643 0.0385 0.0195 0.0061 0.4940 0.0219 0.0426 0.0362 0.0169 0.0227 0.0400 0.0084 0.0086 0.0232 0.0661 0.0149 0.0071 0.0513 0.0177 
      H148.2  2 0.0252 0.1726 0.0289 0.0056 0.2601 0.1498 0.0207 0.0426 0.0104 0.0264 0.0466 0.0148 0.0072 0.0213 0.0447 0.0179 0.0180 0.0782 0.0089 
      H148.3  2 0.0131 0.6401 0.0153 0.0072 0.0220 0.0620 0.0139 0.0084 0.0087 0.0129 0.0435 0.0113 0.0077 0.0064 0.0284 0.0148 0.0082 0.0541 0.0220 
      H148.4  2 0.1059 0.0798 0.0115 0.0097 0.3062 0.0402 0.0112 0.0194 0.0109 0.0485 0.0420 0.0118 0.0084 0.0070 0.1743 0.0162 0.0161 0.0589 0.0219 
      H148.5  2 0.0137 0.6175 0.0061 0.0085 0.0117 0.0962 0.0235 0.0137 0.0164 0.0174 0.0230 0.0069 0.0098 0.0082 0.0843 0.0047 0.0087 0.0226 0.0069 
      H148.6  2 0.0215 0.4253 0.0102 0.0045 0.1208 0.0546 0.0173 0.0185 0.0125 0.0167 0.1125 0.0094 0.0050 0.0324 0.0503 0.0092 0.0113 0.0430 0.0250 
      H148.7  2 0.0480 0.2185 0.0372 0.0152 0.0608 0.1558 0.0265 0.0620 0.0237 0.0303 0.0467 0.0072 0.0149 0.0103 0.1609 0.0180 0.0070 0.0429 0.0140 
      H148.8  2 0.0127 0.6772 0.0040 0.0044 0.1195 0.0351 0.0090 0.0112 0.0147 0.0088 0.0191 0.0062 0.0040 0.0042 0.0227 0.0073 0.0088 0.0131 0.0180 
      H148.9  2 0.0105 0.2006 0.0857 0.0144 0.1046 0.0329 0.0144 0.0524 0.0107 0.0249 0.1169 0.0067 0.0144 0.0222 0.0437 0.0127 0.0413 0.1790 0.0120 
   H166022.1  2 0.0223 0.0137 0.0064 0.0049 0.0071 0.0126 0.0850 0.0135 0.5841 0.0346 0.0141 0.0093 0.0049 0.0535 0.0043 0.0200 0.0167 0.0093 0.0836 
   H166022.2  2 0.2052 0.0210 0.0110 0.0137 0.0081 0.0129 0.1492 0.0291 0.2803 0.0300 0.0149 0.0361 0.0093 0.0408 0.0213 0.0290 0.0164 0.0113 0.0604 
   H166022.3  2 0.0267 0.0254 0.0104 0.0075 0.0103 0.0163 0.0163 0.0417 0.5888 0.0187 0.0063 0.0043 0.0111 0.1388 0.0219 0.0049 0.0059 0.0068 0.0376 
   H166022.4  2 0.0318 0.0062 0.0080 0.0114 0.0044 0.0108 0.0074 0.0101 0.8205 0.0199 0.0057 0.0042 0.0095 0.0132 0.0127 0.0040 0.0043 0.0087 0.0074 
   H166022.5  2 0.0362 0.0090 0.0103 0.0080 0.0050 0.0081 0.1056 0.0140 0.6977 0.0084 0.0048 0.0091 0.0058 0.0155 0.0091 0.0108 0.0042 0.0074 0.0308 
   H166022.6  2 0.0297 0.0098 0.0321 0.0081 0.0260 0.0136 0.0290 0.0105 0.6593 0.0204 0.0267 0.0058 0.0085 0.0229 0.0063 0.0124 0.0075 0.0092 0.0622 
   H166022.7  2 0.0041 0.0032 0.0058 0.0058 0.0068 0.0042 0.0103 0.0084 0.0086 0.0084 0.0055 0.0073 0.0048 0.0039 0.8875 0.0096 0.0043 0.0056 0.0059 
   H166022.8  2 0.3854 0.0063 0.0187 0.0137 0.0594 0.0119 0.1229 0.0201 0.1588 0.0243 0.0069 0.0082 0.0050 0.0479 0.0061 0.0100 0.0220 0.0114 0.0608 
   H167397.1  2 0.0277 0.0112 0.0075 0.0045 0.0162 0.0085 0.0291 0.0103 0.0246 0.0174 0.4003 0.0283 0.0087 0.0042 0.0102 0.1372 0.0060 0.0190 0.2291 
   H167397.2  2 0.0899 0.0149 0.0132 0.0051 0.0968 0.0093 0.0112 0.0290 0.0301 0.0394 0.4718 0.0222 0.0053 0.0386 0.0182 0.0304 0.0443 0.0246 0.0057 
   H167397.3  2 0.0101 0.0122 0.0089 0.0087 0.0182 0.0059 0.0146 0.0121 0.0162 0.0166 0.5427 0.0340 0.0050 0.0100 0.0083 0.1262 0.0055 0.0249 0.1198 
   H167397.4  2 0.0162 0.0119 0.0244 0.0091 0.0088 0.0343 0.0165 0.0232 0.0154 0.0307 0.6525 0.0246 0.0057 0.0221 0.0145 0.0316 0.0302 0.0236 0.0047 
   H167397.5  2 0.0764 0.0137 0.0083 0.0074 0.0485 0.0084 0.0287 0.0249 0.0280 0.0126 0.5510 0.0198 0.0128 0.0121 0.0266 0.0554 0.0069 0.0166 0.0418 
   H167397.6  2 0.0066 0.0068 0.0318 0.0116 0.0167 0.0178 0.0051 0.0152 0.0251 0.0171 0.5432 0.0345 0.0078 0.0070 0.0077 0.1511 0.0110 0.0521 0.0317 
   H167496.1  2 0.0131 0.0407 0.0230 0.0152 0.0086 0.1242 0.0145 0.0143 0.3450 0.0111 0.0083 0.0103 0.0387 0.0176 0.0083 0.0062 0.0046 0.0252 0.2709 
   H167496.2  2 0.1510 0.1012 0.0457 0.0171 0.0204 0.0640 0.0227 0.0185 0.1158 0.0451 0.0131 0.1142 0.0663 0.0086 0.0755 0.0212 0.0130 0.0604 0.0264 
   H167496.3  2 0.0589 0.0842 0.0292 0.0253 0.0279 0.0460 0.0068 0.0155 0.3159 0.0175 0.0081 0.0267 0.0369 0.0425 0.0061 0.0129 0.1095 0.0072 0.1231 
   H167496.4  2 0.0072 0.0038 0.0060 0.0042 0.0037 0.0039 0.0073 0.0077 0.8964 0.0072 0.0037 0.0101 0.0053 0.0059 0.0037 0.0056 0.0061 0.0063 0.0059 
   H167496.6  2 0.2545 0.0034 0.0087 0.0121 0.0055 0.0143 0.0112 0.0142 0.5831 0.0122 0.0047 0.0131 0.0081 0.0049 0.0067 0.0105 0.0071 0.0086 0.0172 
   H167496.7  2 0.0206 0.0527 0.0194 0.0089 0.0124 0.0078 0.0064 0.0129 0.0248 0.0109 0.0051 0.0085 0.0181 0.0170 0.0040 0.0347 0.0065 0.0184 0.7109 
   H167496.8  2 0.1352 0.0055 0.0118 0.0074 0.0053 0.0119 0.0101 0.0092 0.6902 0.0154 0.0064 0.0197 0.0058 0.0079 0.0074 0.0163 0.0056 0.0187 0.0104 
   H167513.1  2 0.0135 0.0061 0.8236 0.0070 0.0111 0.0085 0.0079 0.0066 0.0105 0.0224 0.0056 0.0055 0.0079 0.0104 0.0104 0.0148 0.0072 0.0091 0.0120 
   H167513.2  2 0.0125 0.0148 0.7424 0.0064 0.0182 0.0260 0.0080 0.0086 0.0108 0.0110 0.0208 0.0083 0.0084 0.0055 0.0047 0.0177 0.0091 0.0175 0.0493 
   H167513.3  2 0.0111 0.0134 0.7108 0.0220 0.0074 0.0044 0.0446 0.0634 0.0076 0.0207 0.0064 0.0079 0.0108 0.0148 0.0065 0.0154 0.0062 0.0121 0.0145 
   H167513.4  2 0.0189 0.0092 0.8185 0.0060 0.0109 0.0122 0.0112 0.0070 0.0140 0.0066 0.0062 0.0066 0.0047 0.0259 0.0069 0.0103 0.0052 0.0106 0.0093 
   H167513.5  2 0.0122 0.0056 0.8147 0.0049 0.0188 0.0158 0.0061 0.0041 0.0158 0.0091 0.0163 0.0043 0.0050 0.0068 0.0055 0.0181 0.0097 0.0086 0.0188 
   H167513.6  2 0.0168 0.0160 0.7191 0.0115 0.0128 0.0077 0.0380 0.0083 0.0165 0.0178 0.0071 0.0107 0.0095 0.0193 0.0075 0.0171 0.0102 0.0117 0.0426 
   H167513.7  2 0.0061 0.0045 0.8658 0.0078 0.0050 0.0038 0.0081 0.0075 0.0069 0.0079 0.0154 0.0092 0.0053 0.0169 0.0051 0.0060 0.0062 0.0070 0.0054 
   H167513.8  2 0.0148 0.0048 0.8340 0.0088 0.0046 0.0035 0.0371 0.0110 0.0043 0.0100 0.0089 0.0071 0.0104 0.0053 0.0085 0.0102 0.0043 0.0058 0.0065 
   H167547.1  2 0.0058 0.0619 0.0065 0.0095 0.0209 0.0066 0.0044 0.0090 0.0039 0.0064 0.0116 0.0050 0.0106 0.0094 0.0082 0.0125 0.0051 0.0045 0.7980 
   H167547.2  2 0.0042 0.0265 0.0052 0.0048 0.0075 0.0043 0.0042 0.0050 0.0054 0.0040 0.0078 0.0039 0.0050 0.0074 0.0042 0.0310 0.0055 0.0045 0.8596 
   H167547.3  2 0.0039 0.0191 0.0060 0.0049 0.0084 0.0046 0.0045 0.0051 0.0054 0.0044 0.0064 0.0039 0.0059 0.0080 0.0032 0.0307 0.0056 0.0057 0.8643 
   H167547.4  2 0.0054 0.0145 0.0071 0.0075 0.0166 0.0052 0.0039 0.0082 0.0050 0.0069 0.0101 0.0037 0.0106 0.0292 0.0069 0.0044 0.0059 0.0034 0.8456 
   H167547.5  2 0.0052 0.0835 0.0062 0.0079 0.0096 0.2004 0.0182 0.0058 0.0124 0.0069 0.0106 0.0093 0.0112 0.0092 0.0069 0.0228 0.0072 0.0123 0.5542 
   H167547.6  2 0.0047 0.0600 0.0058 0.0074 0.0089 0.2280 0.0155 0.0058 0.0115 0.0093 0.0104 0.0092 0.0125 0.0108 0.0069 0.0152 0.0051 0.0220 0.5511 
   H167547.7  2 0.0157 0.2277 0.0941 0.0396 0.0482 0.0315 0.0167 0.0139 0.0173 0.0196 0.0154 0.0250 0.0615 0.0329 0.0459 0.0231 0.0949 0.0197 0.1572 
   H169750.1  2 0.0138 0.0479 0.3368 0.0235 0.0937 0.0133 0.0147 0.0530 0.1295 0.0203 0.0128 0.0147 0.0655 0.0323 0.0094 0.0065 0.0186 0.0226 0.0711 
   H169750.2  2 0.0834 0.0110 0.2442 0.0547 0.0570 0.0251 0.0660 0.0219 0.0374 0.0970 0.0433 0.0569 0.0153 0.0067 0.0148 0.1108 0.0183 0.0163 0.0200 
   H169750.3  2 0.0059 0.0230 0.5477 0.0282 0.0159 0.0179 0.0539 0.0202 0.0249 0.0526 0.0039 0.0197 0.0401 0.0079 0.0202 0.0063 0.0230 0.0063 0.0824 
   H169750.4  2 0.1300 0.0115 0.1884 0.1333 0.1162 0.0722 0.0109 0.0125 0.0675 0.0407 0.0734 0.0171 0.0146 0.0044 0.0135 0.0103 0.0153 0.0477 0.0205 
   H169750.5  2 0.0113 0.0077 0.6036 0.0094 0.0241 0.0113 0.0178 0.0490 0.1235 0.0120 0.0055 0.0339 0.0188 0.0319 0.0073 0.0114 0.0093 0.0067 0.0057 
   H169750.6  2 0.0337 0.0097 0.2571 0.0178 0.0431 0.0231 0.0444 0.0615 0.1009 0.0146 0.0107 0.2344 0.0305 0.0114 0.0303 0.0380 0.0203 0.0077 0.0109 
   H169750.7  2 0.0547 0.0277 0.2568 0.0616 0.0310 0.0126 0.0195 0.0430 0.0231 0.1979 0.0201 0.0206 0.0461 0.0066 0.0192 0.0274 0.0518 0.0451 0.0353 
   H171929.1  2 0.0057 0.0150 0.6062 0.0080 0.0315 0.0338 0.0062 0.0069 0.0085 0.0677 0.0826 0.0079 0.0080 0.0076 0.0071 0.0118 0.0672 0.0063 0.0119 
  H171929.10  2 0.0077 0.0280 0.5944 0.0082 0.0202 0.0180 0.0196 0.0050 0.0196 0.0902 0.0258 0.0133 0.0068 0.0170 0.0066 0.0192 0.0721 0.0114 0.0172 
  H171929.11  2 0.0062 0.0101 0.7600 0.0133 0.0099 0.0156 0.0068 0.0066 0.0101 0.0367 0.0489 0.0063 0.0137 0.0042 0.0043 0.0101 0.0206 0.0086 0.0077 
   H171929.2  2 0.0045 0.0115 0.9003 0.0047 0.0071 0.0082 0.0042 0.0053 0.0058 0.0038 0.0037 0.0050 0.0040 0.0047 0.0033 0.0073 0.0080 0.0034 0.0053 
   H171929.3  2 0.0037 0.0061 0.8704 0.0054 0.0060 0.0104 0.0073 0.0073 0.0053 0.0122 0.0095 0.0067 0.0055 0.0071 0.0042 0.0105 0.0067 0.0050 0.0108 
   H171929.4  2 0.0065 0.0412 0.6890 0.0128 0.0256 0.0125 0.0078 0.0157 0.0209 0.0229 0.0045 0.0209 0.0101 0.0109 0.0070 0.0121 0.0416 0.0056 0.0323 
   H171929.5  2 0.0053 0.0079 0.8650 0.0057 0.0062 0.0073 0.0093 0.0072 0.0051 0.0138 0.0089 0.0047 0.0082 0.0044 0.0073 0.0158 0.0065 0.0055 0.0060 
   H171929.6  2 0.0037 0.0061 0.8838 0.0066 0.0056 0.0061 0.0080 0.0068 0.0044 0.0122 0.0087 0.0052 0.0076 0.0045 0.0078 0.0086 0.0056 0.0042 0.0044 
   H171929.7  2 0.0064 0.0136 0.7385 0.0064 0.0301 0.0082 0.0041 0.0110 0.0112 0.0201 0.0071 0.0160 0.0081 0.0068 0.0053 0.0096 0.0863 0.0040 0.0074 
   H171929.8  2 0.0047 0.0462 0.6490 0.0099 0.0664 0.0107 0.0071 0.0061 0.0157 0.0205 0.0075 0.0105 0.0101 0.0107 0.0061 0.0062 0.0911 0.0044 0.0168 
   H171929.9  2 0.0123 0.0092 0.6500 0.0078 0.0220 0.0048 0.0122 0.0137 0.0147 0.0488 0.0043 0.0186 0.0091 0.0120 0.0084 0.0133 0.1237 0.0049 0.0104 
   H171930.1  2 0.0092 0.0047 0.0584 0.0181 0.0228 0.0172 0.6127 0.0648 0.0118 0.0138 0.0303 0.0064 0.0083 0.0036 0.0143 0.0813 0.0030 0.0105 0.0088 
   H171930.2  2 0.0113 0.0092 0.0148 0.0207 0.0137 0.0180 0.7097 0.0146 0.0286 0.0093 0.0058 0.0132 0.0253 0.0079 0.0192 0.0207 0.0109 0.0071 0.0400 
   H171930.3  2 0.0078 0.0076 0.0055 0.0240 0.0058 0.0277 0.6747 0.0284 0.0146 0.0094 0.0140 0.0067 0.0085 0.0076 0.0126 0.1162 0.0067 0.0136 0.0085 
   H171930.4  2 0.0108 0.0064 0.0060 0.0245 0.0048 0.0066 0.7747 0.0196 0.0127 0.0076 0.0084 0.0054 0.0094 0.0083 0.0283 0.0316 0.0043 0.0178 0.0127 
   H171930.5  2 0.0104 0.0095 0.0802 0.0260 0.0462 0.0115 0.5839 0.0267 0.0186 0.0061 0.0175 0.0291 0.0629 0.0073 0.0101 0.0192 0.0114 0.0083 0.0150 
   H171930.6  2 0.0055 0.0075 0.0069 0.0115 0.0045 0.0065 0.8583 0.0162 0.0108 0.0063 0.0049 0.0090 0.0123 0.0046 0.0037 0.0125 0.0035 0.0100 0.0056 
   H171930.7  2 0.0141 0.0069 0.0069 0.0131 0.0076 0.0064 0.6895 0.0079 0.0062 0.0118 0.0123 0.0050 0.0039 0.0057 0.0150 0.1595 0.0069 0.0129 0.0083 
   H171930.8  2 0.0104 0.0053 0.0127 0.0084 0.0097 0.0146 0.6972 0.0056 0.0092 0.0194 0.0068 0.0058 0.0045 0.0040 0.0174 0.1513 0.0039 0.0063 0.0075 
   H171933.1  2 0.0058 0.0174 0.0212 0.0067 0.0121 0.0137 0.0192 0.0202 0.0198 0.0386 0.0689 0.0063 0.0107 0.6570 0.0083 0.0063 0.0139 0.0246 0.0291 
   H171933.2  2 0.0104 0.0217 0.0126 0.0059 0.0102 0.0202 0.0291 0.0246 0.0340 0.1218 0.0778 0.0108 0.0076 0.3741 0.0135 0.0064 0.0552 0.0828 0.0813 
   H171933.3  2 0.0040 0.1020 0.0154 0.0086 0.0122 0.0240 0.0345 0.0372 0.0382 0.0103 0.0133 0.0048 0.0153 0.3828 0.0069 0.0042 0.0925 0.0450 0.1487 
   H171933.4  2 0.0398 0.0731 0.0736 0.0301 0.0119 0.0143 0.0664 0.0140 0.0174 0.0200 0.0072 0.0098 0.0134 0.3710 0.0083 0.0054 0.0358 0.0106 0.1779 
   H171933.5  2 0.0219 0.1508 0.1034 0.1046 0.0211 0.0120 0.0562 0.0164 0.0242 0.0072 0.0135 0.0055 0.0240 0.1026 0.0095 0.0131 0.0152 0.0155 0.2834 
   H171933.6  2 0.0137 0.0115 0.0086 0.0098 0.0070 0.0082 0.0090 0.0374 0.3346 0.0146 0.0061 0.0155 0.0068 0.4368 0.0110 0.0091 0.0083 0.0102 0.0418 
   H171933.7  2 0.0450 0.0264 0.0103 0.0185 0.0110 0.0055 0.0822 0.0268 0.0114 0.0079 0.0151 0.0157 0.0356 0.4401 0.0046 0.0123 0.0579 0.1594 0.0144 
   H171933.8  2 0.0373 0.0314 0.0272 0.0075 0.0121 0.0123 0.0909 0.0160 0.0083 0.0256 0.0289 0.0171 0.0083 0.4289 0.0081 0.0121 0.0767 0.1232 0.0279 
   H171933.9  2 0.0273 0.0187 0.0134 0.0550 0.0074 0.0078 0.0480 0.0154 0.0237 0.0051 0.0034 0.0056 0.0170 0.7004 0.0069 0.0080 0.0115 0.0073 0.0182 
      H190.1  2 0.0371 0.1901 0.0132 0.0201 0.0317 0.0064 0.2242 0.2562 0.0198 0.0142 0.0050 0.0252 0.0417 0.0224 0.0122 0.0212 0.0071 0.0112 0.0410 
      H190.2  2 0.0384 0.0221 0.0065 0.0104 0.0156 0.1574 0.0339 0.0155 0.0135 0.0065 0.0054 0.0218 0.0482 0.0071 0.0088 0.5288 0.0163 0.0217 0.0219 
      H190.3  2 0.0144 0.0378 0.0326 0.0179 0.1944 0.2585 0.0301 0.0390 0.0244 0.0114 0.0100 0.0443 0.0381 0.0215 0.0085 0.0810 0.0137 0.0127 0.1096 
      H190.4  2 0.0068 0.4943 0.0175 0.0274 0.0277 0.0113 0.1330 0.0616 0.0399 0.0058 0.0085 0.0070 0.0193 0.0436 0.0070 0.0070 0.0189 0.0046 0.0585 
      H190.5  2 0.0724 0.0094 0.0074 0.0102 0.0105 0.0311 0.0312 0.0266 0.0193 0.0137 0.0053 0.0450 0.0758 0.0076 0.0072 0.5753 0.0183 0.0222 0.0113 
      H190.6  2 0.0056 0.6024 0.0103 0.0141 0.0260 0.0201 0.0861 0.0335 0.0444 0.0073 0.0067 0.0115 0.0217 0.0135 0.0073 0.0051 0.0128 0.0060 0.0655 
      H190.7  2 0.0111 0.0427 0.0135 0.0139 0.0433 0.1024 0.0162 0.0180 0.0290 0.0175 0.0105 0.0137 0.0155 0.0059 0.0058 0.0184 0.1783 0.0084 0.4359 
      H190.8  2 0.2681 0.0259 0.0078 0.0237 0.0123 0.0269 0.0376 0.0281 0.0184 0.0121 0.0044 0.0259 0.1486 0.0064 0.0089 0.2785 0.0292 0.0197 0.0173 
      H190.9  2 0.0665 0.1191 0.0202 0.0110 0.0240 0.0310 0.0245 0.0235 0.0277 0.0103 0.0090 0.0090 0.0234 0.0066 0.0077 0.4349 0.0725 0.0075 0.0717 
      H400.1  2 0.0042 0.0043 0.0092 0.0055 0.0115 0.0043 0.0132 0.0090 0.8687 0.0060 0.0040 0.0049 0.0073 0.0158 0.0040 0.0037 0.0059 0.0136 0.0050 
