      H008.1  2 0.0258 0.0102 0.0104 0.0158 0.0090 0.0098 0.0059 0.0106 0.8410 0.0127 0.0065 0.0164 0.0140 0.0118 
      H008.2  2 0.0621 0.0385 0.0083 0.0125 0.0236 0.0210 0.0578 0.0224 0.0877 0.0561 0.0708 0.1230 0.3909 0.0254 
      H008.3  2 0.0386 0.1074 0.0090 0.0232 0.0156 0.0690 0.0733 0.0304 0.0870 0.0425 0.0614 0.3198 0.0950 0.0277 
      H008.4  2 0.0316 0.0127 0.0134 0.0100 0.0255 0.0516 0.0195 0.0430 0.6463 0.0310 0.0612 0.0152 0.0268 0.0121 
      H008.5  2 0.0134 0.0132 0.0077 0.0102 0.0096 0.0526 0.0211 0.0147 0.7705 0.0091 0.0213 0.0276 0.0175 0.0114 
      H008.6  2 0.0636 0.0075 0.0090 0.0068 0.0208 0.0356 0.0269 0.0266 0.3121 0.1025 0.1418 0.0928 0.1285 0.0255 
      H008.7  2 0.0441 0.0504 0.0155 0.0147 0.0210 0.0554 0.0212 0.0516 0.3605 0.0483 0.0876 0.0440 0.1724 0.0133 
      H008.8  2 0.3771 0.0284 0.0085 0.1363 0.0291 0.0110 0.0263 0.0223 0.1606 0.0967 0.0145 0.0234 0.0537 0.0121 
      H008.9  2 0.0666 0.0153 0.0094 0.0087 0.0131 0.0268 0.0366 0.0312 0.0266 0.2936 0.2837 0.0369 0.1343 0.0172 
 H029.1_2002  2 0.0234 0.0101 0.0211 0.0087 0.0639 0.0502 0.0051 0.0115 0.7237 0.0354 0.0196 0.0088 0.0094 0.0091 
 H029.1_2003  2 0.0400 0.0052 0.0079 0.0167 0.0175 0.5665 0.0096 0.0134 0.2020 0.0271 0.0174 0.0394 0.0231 0.0141 
 H029.2_2002  2 0.0168 0.0360 0.0214 0.0052 0.0221 0.0418 0.0163 0.0071 0.7547 0.0069 0.0299 0.0211 0.0142 0.0065 
 H029.2_2003  2 0.0693 0.0080 0.0138 0.0123 0.0158 0.3013 0.0286 0.0061 0.3607 0.0200 0.0243 0.0978 0.0162 0.0256 
 H029.3_2002  2 0.0757 0.0436 0.0091 0.0149 0.0306 0.0407 0.0189 0.0092 0.5262 0.0108 0.1457 0.0351 0.0191 0.0204 
 H029.3_2003  2 0.0198 0.0077 0.0076 0.0061 0.0072 0.1650 0.0047 0.0099 0.7101 0.0059 0.0072 0.0161 0.0194 0.0134 
 H029.4_2002  2 0.0154 0.0118 0.0057 0.0063 0.0061 0.0198 0.0038 0.0101 0.8845 0.0045 0.0114 0.0061 0.0076 0.0069 
 H029.4_2003  2 0.3091 0.0063 0.0073 0.0294 0.0152 0.3470 0.0076 0.0095 0.1960 0.0145 0.0169 0.0142 0.0157 0.0113 
 H029.5_2002  2 0.0076 0.0128 0.0146 0.0055 0.0119 0.0407 0.0040 0.0187 0.8500 0.0082 0.0058 0.0059 0.0073 0.0071 
 H029.5_2003  2 0.0330 0.0042 0.0055 0.0096 0.0078 0.2656 0.0042 0.0078 0.5931 0.0093 0.0126 0.0269 0.0138 0.0067 
 H029.6_2002  2 0.0260 0.0160 0.0076 0.0072 0.0063 0.0953 0.0067 0.0068 0.7705 0.0043 0.0316 0.0061 0.0084 0.0072 
 H029.6_2003  2 0.0254 0.0138 0.0339 0.0233 0.0166 0.0520 0.0101 0.0282 0.6234 0.0176 0.0114 0.1138 0.0104 0.0201 
      H029.7  2 0.0134 0.0173 0.0126 0.0071 0.0120 0.0170 0.0168 0.0055 0.8439 0.0088 0.0201 0.0137 0.0073 0.0046 
      H030.1  2 0.0123 0.0212 0.0983 0.0167 0.0101 0.2392 0.0092 0.0143 0.0379 0.0134 0.0056 0.0254 0.0656 0.4308 
      H030.2  2 0.0144 0.1461 0.0210 0.0200 0.2030 0.0493 0.0052 0.0164 0.0739 0.0110 0.0712 0.0097 0.0377 0.3212 
      H038.1  2 0.0096 0.0048 0.0042 0.0093 0.0062 0.0052 0.0089 0.0074 0.9008 0.0085 0.0178 0.0052 0.0054 0.0069 
      H038.2  2 0.0057 0.0058 0.0159 0.0089 0.0111 0.0057 0.0028 0.0067 0.9069 0.0035 0.0060 0.0067 0.0048 0.0093 
      H038.3  2 0.0059 0.0075 0.0170 0.0450 0.0200 0.0050 0.0045 0.0124 0.8033 0.0075 0.0291 0.0058 0.0098 0.0271 
      H038.4  2 0.0053 0.0075 0.0166 0.0212 0.0136 0.0052 0.0056 0.0165 0.8607 0.0055 0.0197 0.0045 0.0114 0.0068 
      H038.5  2 0.0096 0.0113 0.0077 0.0137 0.0054 0.0064 0.0035 0.0075 0.8603 0.0052 0.0248 0.0071 0.0188 0.0187 
      H038.6  2 0.0101 0.0048 0.0050 0.0105 0.0079 0.0086 0.0052 0.0039 0.9057 0.0047 0.0103 0.0098 0.0054 0.0079 
      H038.7  2 0.0136 0.0034 0.0111 0.0157 0.0212 0.0055 0.0033 0.0045 0.8815 0.0042 0.0104 0.0053 0.0093 0.0110 
      H038.8  2 0.0049 0.0110 0.0153 0.0374 0.0130 0.0044 0.0036 0.0118 0.8159 0.0050 0.0533 0.0045 0.0063 0.0135 
      H041.1  2 0.0360 0.0838 0.0163 0.0193 0.0086 0.2129 0.0184 0.0965 0.3832 0.0159 0.0371 0.0143 0.0463 0.0112 
      H041.2  2 0.0090 0.0072 0.0143 0.0063 0.0469 0.6371 0.0075 0.1110 0.0978 0.0135 0.0236 0.0090 0.0080 0.0089 
      H041.4  2 0.0374 0.0091 0.0179 0.0106 0.0107 0.3355 0.0189 0.0511 0.3995 0.0391 0.0291 0.0103 0.0189 0.0118 
      H041.6  2 0.0252 0.0189 0.0286 0.0281 0.0269 0.3699 0.0294 0.0521 0.3354 0.0399 0.0178 0.0083 0.0078 0.0117 
 H042.1_2002  2 0.0125 0.0088 0.0374 0.0500 0.0208 0.7366 0.0119 0.0362 0.0124 0.0291 0.0133 0.0154 0.0069 0.0086 
 H042.1_2003  2 0.0241 0.0173 0.0357 0.0359 0.0840 0.0885 0.0155 0.1430 0.1166 0.0670 0.1372 0.1432 0.0464 0.0457 
 H042.2_2002  2 0.2083 0.0087 0.0123 0.0226 0.0669 0.3046 0.0133 0.0239 0.2596 0.0047 0.0279 0.0318 0.0075 0.0080 
 H042.2_2003  2 0.0114 0.0045 0.0939 0.0104 0.0286 0.3776 0.0118 0.2148 0.1572 0.0266 0.0065 0.0312 0.0111 0.0143 
 H042.3_2002  2 0.0522 0.0068 0.0271 0.1300 0.0488 0.4924 0.0208 0.0950 0.0140 0.0210 0.0365 0.0261 0.0140 0.0153 
 H042.3_2003  2 0.2690 0.0322 0.0782 0.1445 0.0392 0.1661 0.0164 0.0569 0.0526 0.0246 0.0401 0.0497 0.0186 0.0120 
 H042.4_2002  2 0.0114 0.0079 0.0371 0.0150 0.0065 0.7838 0.0063 0.0221 0.0374 0.0128 0.0217 0.0141 0.0062 0.0177 
 H042.4_2003  2 0.0191 0.0202 0.2579 0.0158 0.0097 0.5154 0.0135 0.0102 0.0937 0.0105 0.0102 0.0076 0.0072 0.0089 
      H042.5  2 0.0066 0.0047 0.0221 0.0066 0.0050 0.9021 0.0121 0.0071 0.0052 0.0061 0.0031 0.0074 0.0065 0.0055 
      H042.6  2 0.0527 0.0084 0.0237 0.0577 0.0148 0.7410 0.0345 0.0065 0.0193 0.0086 0.0140 0.0060 0.0060 0.0066 
      H042.7  2 0.0191 0.0079 0.0448 0.0446 0.1122 0.4896 0.0096 0.1889 0.0305 0.0201 0.0074 0.0081 0.0100 0.0072 
      H042.8  2 0.0229 0.0039 0.0085 0.0117 0.0297 0.7531 0.0201 0.0516 0.0136 0.0129 0.0320 0.0217 0.0133 0.0050 
   H042_2002  2 0.1063 0.0045 0.0892 0.1223 0.2496 0.0849 0.0768 0.0333 0.0929 0.0327 0.0485 0.0237 0.0225 0.0128 
   H042_2003  2 0.1467 0.0054 0.0839 0.1524 0.1999 0.0772 0.0717 0.0420 0.0886 0.0324 0.0445 0.0238 0.0182 0.0132 
      H043.1  2 0.0524 0.0175 0.0099 0.7536 0.0075 0.0055 0.0130 0.0045 0.0112 0.0054 0.0395 0.0055 0.0610 0.0138 
      H043.2  2 0.0123 0.0039 0.0058 0.8127 0.0032 0.0056 0.0647 0.0101 0.0116 0.0272 0.0243 0.0067 0.0051 0.0068 
      H043.3  2 0.0160 0.0033 0.0118 0.7429 0.0380 0.0115 0.0164 0.0065 0.0810 0.0205 0.0175 0.0077 0.0189 0.0081 
      H043.4  2 0.0161 0.0045 0.0113 0.8403 0.0123 0.0054 0.0278 0.0049 0.0191 0.0138 0.0211 0.0075 0.0091 0.0066 
      H043.5  2 0.0146 0.0036 0.0060 0.8555 0.0060 0.0047 0.0062 0.0097 0.0245 0.0140 0.0357 0.0055 0.0071 0.0069 
      H043.6  2 0.0185 0.0029 0.0059 0.7513 0.0075 0.0091 0.0095 0.0152 0.0763 0.0246 0.0582 0.0085 0.0049 0.0077 
      H043.7  2 0.0119 0.0030 0.0130 0.7096 0.0191 0.0057 0.0808 0.0118 0.0272 0.0609 0.0330 0.0059 0.0076 0.0105 
      H043.8  2 0.0880 0.0115 0.0064 0.7023 0.0096 0.0045 0.0281 0.0127 0.0140 0.0221 0.0140 0.0087 0.0297 0.0485 
      H043.9  2 0.1558 0.0108 0.0110 0.5955 0.0172 0.0121 0.0198 0.0059 0.0458 0.0089 0.0285 0.0058 0.0678 0.0152 
      H047.1  2 0.0399 0.0051 0.0398 0.0277 0.2311 0.0060 0.0078 0.0079 0.5163 0.0319 0.0142 0.0118 0.0501 0.0105 
      H047.2  2 0.0247 0.0438 0.0346 0.0129 0.1190 0.0171 0.0086 0.0201 0.4314 0.0295 0.0049 0.0752 0.1664 0.0118 
      H047.3  2 0.0194 0.0369 0.0302 0.0124 0.2117 0.0173 0.0204 0.0436 0.2462 0.0138 0.0054 0.0736 0.2601 0.0091 
      H047.4  2 0.0338 0.0095 0.0531 0.0113 0.2957 0.0360 0.0089 0.0407 0.4013 0.0326 0.0049 0.0149 0.0471 0.0103 
      H047.5  2 0.0913 0.0061 0.0266 0.0115 0.2666 0.0072 0.0441 0.0464 0.3314 0.0140 0.0037 0.0260 0.1113 0.0139 
      H047.6  2 0.0173 0.0123 0.0167 0.0083 0.2747 0.0382 0.0105 0.0208 0.1210 0.0272 0.0094 0.0156 0.4222 0.0058 
      H047.7  2 0.0234 0.0125 0.0714 0.0198 0.2681 0.0108 0.0069 0.0188 0.4554 0.0178 0.0253 0.0083 0.0533 0.0082 
      H047.8  2 0.0243 0.0137 0.0250 0.0108 0.3123 0.0288 0.0127 0.0225 0.1528 0.0402 0.0095 0.0544 0.2867 0.0063 
      H047.9  2 0.0342 0.0051 0.2458 0.0133 0.2023 0.0091 0.0345 0.0181 0.3790 0.0090 0.0041 0.0149 0.0225 0.0082 
 H071.1_2002  2 0.0066 0.0036 0.0073 0.0155 0.0084 0.0058 0.0098 0.0053 0.9079 0.0063 0.0051 0.0059 0.0050 0.0077 
 H071.1_2003  2 0.0133 0.0037 0.0125 0.0190 0.0112 0.0096 0.1211 0.0166 0.6829 0.0300 0.0105 0.0121 0.0068 0.0506 
     H071.10  2 0.0058 0.0102 0.0055 0.0195 0.0071 0.0051 0.0048 0.0047 0.9008 0.0048 0.0077 0.0042 0.0058 0.0141 
 H071.2_2002  2 0.0119 0.0037 0.0071 0.0158 0.0072 0.0052 0.0142 0.0090 0.8783 0.0093 0.0098 0.0074 0.0107 0.0104 
 H071.2_2003  2 0.0041 0.0039 0.0049 0.0046 0.0056 0.0053 0.0063 0.0042 0.9374 0.0062 0.0037 0.0054 0.0043 0.0042 
      H071.3  2 0.0157 0.0082 0.0075 0.0161 0.0106 0.0084 0.0061 0.0079 0.8567 0.0053 0.0087 0.0053 0.0110 0.0324 
 H071.4_2002  2 0.0150 0.0073 0.0069 0.0306 0.0106 0.0055 0.0075 0.0089 0.8447 0.0108 0.0161 0.0055 0.0143 0.0164 
 H071.4_2003  2 0.0089 0.0040 0.0077 0.0123 0.0068 0.0044 0.0044 0.0038 0.9202 0.0044 0.0033 0.0049 0.0076 0.0070 
 H071.5_2002  2 0.0059 0.0071 0.0068 0.0110 0.0057 0.0044 0.0055 0.0037 0.9217 0.0047 0.0045 0.0036 0.0062 0.0092 
 H071.5_2003  2 0.0319 0.0043 0.0301 0.0232 0.0154 0.0051 0.0084 0.0062 0.8177 0.0138 0.0037 0.0076 0.0109 0.0216 
 H071.6_2002  2 0.0161 0.0043 0.0071 0.0327 0.0207 0.0045 0.0076 0.0052 0.8661 0.0053 0.0056 0.0056 0.0081 0.0111 
 H071.6_2003  2 0.0089 0.0042 0.0121 0.0097 0.0117 0.0061 0.0055 0.0046 0.8887 0.0104 0.0034 0.0051 0.0078 0.0218 
 H071.7_2002  2 0.0059 0.0037 0.0046 0.0080 0.0147 0.0045 0.0074 0.0048 0.9205 0.0063 0.0040 0.0049 0.0062 0.0045 
 H071.7_2003  2 0.0175 0.0046 0.0179 0.0196 0.0116 0.0067 0.0095 0.0066 0.8488 0.0095 0.0046 0.0083 0.0059 0.0288 
      H071.8  2 0.0085 0.0039 0.0042 0.0133 0.0059 0.0052 0.0111 0.0096 0.8971 0.0138 0.0077 0.0065 0.0078 0.0054 
      H071.9  2 0.0810 0.0089 0.0100 0.0604 0.0152 0.0138 0.0128 0.0156 0.6768 0.0217 0.0173 0.0064 0.0446 0.0155 
 H081.1_2002  2 0.0091 0.0069 0.0057 0.0056 0.0064 0.0070 0.0143 0.0078 0.9091 0.0068 0.0051 0.0050 0.0044 0.0068 
 H081.1_2003  2 0.0495 0.0149 0.0224 0.0319 0.0764 0.1237 0.0167 0.0224 0.0673 0.0704 0.3139 0.0467 0.0188 0.1250 
 H081.2_2002  2 0.0078 0.0046 0.0093 0.0064 0.0091 0.0069 0.0686 0.0059 0.8514 0.0121 0.0040 0.0045 0.0053 0.0040 
 H081.2_2003  2 0.0276 0.0269 0.0073 0.0319 0.0066 0.0223 0.0506 0.0083 0.0307 0.0167 0.0088 0.0102 0.0134 0.7387 
 H081.3_2002  2 0.0105 0.0074 0.0116 0.0087 0.0061 0.0089 0.0397 0.0091 0.8350 0.0185 0.0082 0.0046 0.0197 0.0121 
 H081.3_2003  2 0.1359 0.0120 0.0132 0.0524 0.0108 0.0191 0.0316 0.0138 0.0165 0.0511 0.0139 0.0151 0.0248 0.5897 
 H081.4_2002  2 0.0096 0.0072 0.0058 0.0068 0.0069 0.0070 0.0051 0.0078 0.9107 0.0068 0.0045 0.0070 0.0056 0.0091 
 H081.4_2003  2 0.0417 0.0108 0.0170 0.0298 0.0175 0.1154 0.0383 0.0174 0.0272 0.1286 0.0185 0.0350 0.0166 0.4862 
 H081.5_2002  2 0.0092 0.0045 0.0077 0.0072 0.0067 0.0091 0.0106 0.0056 0.9024 0.0098 0.0045 0.0054 0.0067 0.0106 
 H081.5_2003  2 0.0422 0.0182 0.0360 0.0227 0.1085 0.1789 0.1016 0.0286 0.0658 0.1635 0.0342 0.0283 0.0240 0.1474 
      H081.6  2 0.0088 0.0049 0.0080 0.0071 0.0072 0.0061 0.0166 0.0063 0.9040 0.0088 0.0046 0.0077 0.0037 0.0063 
      H081.7  2 0.0120 0.0045 0.0105 0.0097 0.0053 0.0083 0.1057 0.0062 0.7972 0.0121 0.0045 0.0049 0.0086 0.0105 
      H081.8  2 0.0152 0.0145 0.0097 0.0156 0.0070 0.0120 0.0067 0.0189 0.8264 0.0103 0.0120 0.0063 0.0133 0.0320 
      H083.1  2 0.0135 0.0203 0.0058 0.0075 0.0175 0.0202 0.0079 0.0056 0.8583 0.0037 0.0108 0.0104 0.0108 0.0078 
      H083.2  2 0.0168 0.0197 0.0124 0.0141 0.0290 0.0098 0.0190 0.0049 0.8139 0.0095 0.0068 0.0079 0.0291 0.0070 
      H083.4  2 0.0146 0.0816 0.0071 0.0183 0.0130 0.0064 0.0147 0.0061 0.7722 0.0083 0.0172 0.0055 0.0300 0.0050 
      H083.5  2 0.0086 0.0685 0.0084 0.0066 0.0162 0.0218 0.0123 0.0067 0.7856 0.0081 0.0252 0.0098 0.0159 0.0064 
      H083.6  2 0.0110 0.0930 0.0069 0.0106 0.0088 0.0149 0.0112 0.0084 0.7775 0.0076 0.0134 0.0134 0.0130 0.0103 
      H083.7  2 0.0132 0.2331 0.0119 0.0134 0.0102 0.0060 0.0154 0.0084 0.6352 0.0080 0.0106 0.0071 0.0221 0.0054 
      H083.8  2 0.0154 0.0257 0.0118 0.0133 0.0177 0.0078 0.0172 0.0063 0.8198 0.0084 0.0071 0.0101 0.0346 0.0049 
      H083.9  2 0.0061 0.0802 0.0087 0.0054 0.0118 0.0246 0.0087 0.0077 0.8082 0.0047 0.0117 0.0068 0.0094 0.0059 
      H084.1  2 0.0337 0.0080 0.0117 0.0167 0.0124 0.0140 0.0079 0.0154 0.0102 0.0072 0.0905 0.0120 0.0201 0.7401 
      H084.2  2 0.0464 0.0068 0.0124 0.0515 0.0073 0.0292 0.0043 0.0052 0.0103 0.0087 0.0665 0.0096 0.0166 0.7251 
      H084.3  2 0.0104 0.0161 0.0733 0.0177 0.0480 0.0213 0.0073 0.0730 0.0079 0.0066 0.2483 0.0152 0.0149 0.4400 
      H084.4  2 0.0238 0.0073 0.0799 0.0258 0.0280 0.0530 0.0040 0.0570 0.0074 0.0071 0.2125 0.0110 0.0191 0.4639 
      H084.5  2 0.0070 0.0074 0.0202 0.0082 0.1052 0.0089 0.0102 0.0581 0.0070 0.0074 0.0329 0.0129 0.0203 0.6943 
      H084.6  2 0.0067 0.0316 0.0189 0.0079 0.0350 0.0071 0.0104 0.0592 0.0066 0.0054 0.0964 0.0061 0.0203 0.6885 
      H084.7  2 0.0351 0.0078 0.0163 0.0091 0.0068 0.0252 0.0064 0.0065 0.0097 0.0085 0.0141 0.0070 0.0152 0.8324 
      H084.8  2 0.0060 0.0075 0.0253 0.0070 0.0284 0.0108 0.0091 0.0685 0.0055 0.0057 0.0744 0.0088 0.0229 0.7201 
 H085.1_2002  2 0.0147 0.0127 0.0065 0.0084 0.0087 0.0112 0.8553 0.0048 0.0262 0.0098 0.0195 0.0046 0.0072 0.0104 
 H085.1_2003  2 0.0543 0.0977 0.0118 0.0466 0.0052 0.0612 0.1443 0.0240 0.4836 0.0093 0.0161 0.0094 0.0254 0.0110 
 H085.2_2002  2 0.0406 0.1140 0.0194 0.0775 0.0131 0.0344 0.3537 0.0193 0.0413 0.1887 0.0596 0.0068 0.0112 0.0203 
 H085.2_2003  2 0.0186 0.0419 0.0134 0.0226 0.0082 0.0616 0.0203 0.0123 0.7100 0.0143 0.0148 0.0171 0.0318 0.0133 
 H085.3_2002  2 0.0102 0.0130 0.0111 0.0156 0.0046 0.0170 0.8806 0.0089 0.0078 0.0104 0.0049 0.0055 0.0058 0.0047 
 H085.3_2003  2 0.0071 0.0084 0.0117 0.0705 0.0056 0.0186 0.0546 0.0206 0.7568 0.0091 0.0058 0.0088 0.0121 0.0103 
 H085.4_2002  2 0.0424 0.0209 0.0132 0.0354 0.0124 0.0255 0.5900 0.0212 0.0839 0.0746 0.0387 0.0116 0.0094 0.0209 
 H085.4_2003  2 0.0086 0.0083 0.0398 0.0134 0.0379 0.1307 0.0138 0.0301 0.6456 0.0214 0.0065 0.0087 0.0064 0.0286 
 H085.5_2002  2 0.0080 0.0036 0.0076 0.0098 0.0039 0.0080 0.9103 0.0088 0.0082 0.0106 0.0049 0.0067 0.0049 0.0048 
 H085.5_2003  2 0.0099 0.0369 0.0082 0.0204 0.0049 0.0305 0.0277 0.0056 0.8091 0.0065 0.0071 0.0126 0.0095 0.0111 
 H085.6_2002  2 0.0368 0.0142 0.0073 0.0128 0.0082 0.0119 0.8492 0.0063 0.0094 0.0121 0.0096 0.0047 0.0118 0.0059 
 H085.6_2003  2 0.0166 0.0074 0.0935 0.0847 0.0118 0.0960 0.1139 0.2238 0.1754 0.0948 0.0066 0.0332 0.0285 0.0137 
 H085.7_2002  2 0.0204 0.0571 0.0212 0.0235 0.0113 0.1429 0.5450 0.0108 0.0608 0.0539 0.0132 0.0107 0.0149 0.0145 
 H085.7_2003  2 0.0187 0.0128 0.0236 0.0553 0.0086 0.0124 0.0226 0.0297 0.7594 0.0103 0.0080 0.0135 0.0181 0.0069 
 H085.8_2002  2 0.0153 0.0159 0.0150 0.2661 0.0076 0.0227 0.3557 0.0731 0.0347 0.1466 0.0147 0.0092 0.0093 0.0141 
 H085.8_2003  2 0.0298 0.0924 0.0901 0.0211 0.0178 0.3019 0.0446 0.0352 0.2412 0.0256 0.0196 0.0163 0.0404 0.0238 
      H085.9  2 0.0120 0.0138 0.0124 0.0157 0.0117 0.0455 0.7541 0.0131 0.0437 0.0175 0.0288 0.0091 0.0076 0.0149 
      H088.1  2 0.0278 0.0131 0.0138 0.0159 0.0060 0.8006 0.0229 0.0145 0.0081 0.0167 0.0101 0.0266 0.0140 0.0102 
      H088.2  2 0.0225 0.0093 0.0133 0.0123 0.0191 0.8380 0.0192 0.0094 0.0072 0.0148 0.0079 0.0087 0.0114 0.0068 
      H088.3  2 0.0156 0.0055 0.0063 0.0078 0.0118 0.8970 0.0083 0.0053 0.0045 0.0079 0.0062 0.0081 0.0097 0.0059 
      H088.4  2 0.0079 0.0033 0.0057 0.0070 0.0057 0.9097 0.0042 0.0043 0.0096 0.0081 0.0060 0.0091 0.0050 0.0145 
      H088.5  2 0.0084 0.0045 0.0062 0.0076 0.0043 0.9188 0.0051 0.0076 0.0057 0.0094 0.0049 0.0058 0.0063 0.0055 
      H088.6  2 0.0095 0.0072 0.0076 0.0089 0.0059 0.8861 0.0051 0.0107 0.0141 0.0072 0.0055 0.0125 0.0114 0.0085 
      H088.7  2 0.0137 0.0058 0.0090 0.0056 0.0125 0.8813 0.0078 0.0065 0.0147 0.0071 0.0062 0.0060 0.0161 0.0077 
      H088.8  2 0.0177 0.0073 0.0108 0.0098 0.0077 0.8359 0.0066 0.0101 0.0352 0.0095 0.0058 0.0166 0.0141 0.0128 
      H091.1  2 0.0112 0.0146 0.0150 0.0908 0.0060 0.7636 0.0085 0.0154 0.0317 0.0063 0.0077 0.0093 0.0129 0.0069 
      H091.2  2 0.0213 0.0382 0.0147 0.0876 0.0127 0.6715 0.0086 0.0405 0.0469 0.0095 0.0051 0.0107 0.0265 0.0060 
      H109.1  2 0.5951 0.0448 0.0112 0.0139 0.0131 0.0059 0.0094 0.0277 0.0126 0.0085 0.0286 0.0106 0.1822 0.0365 
      H109.2  2 0.5349 0.0115 0.0496 0.0153 0.0252 0.0091 0.0054 0.0161 0.0273 0.0180 0.0153 0.0054 0.0382 0.2287 
      H109.3  2 0.4771 0.0110 0.0757 0.0925 0.0154 0.0165 0.0041 0.0408 0.0350 0.0068 0.0157 0.0304 0.1352 0.0437 
      H109.4  2 0.5208 0.0114 0.0287 0.1329 0.0098 0.0113 0.0073 0.0196 0.0119 0.0210 0.0239 0.0088 0.0862 0.1064 
      H109.5  2 0.4938 0.0062 0.0846 0.0114 0.0186 0.0720 0.0059 0.0928 0.1293 0.0096 0.0046 0.0113 0.0253 0.0345 
      H109.6  2 0.4410 0.0138 0.0355 0.0387 0.0387 0.0102 0.0060 0.0321 0.0261 0.0210 0.0155 0.0160 0.1238 0.1815 
      H126.1  2 0.6921 0.0063 0.0274 0.0305 0.0547 0.0081 0.0457 0.0079 0.0056 0.0714 0.0088 0.0244 0.0116 0.0055 
      H126.2  2 0.7546 0.0110 0.0107 0.0274 0.0186 0.0097 0.0187 0.0062 0.0322 0.0372 0.0273 0.0157 0.0210 0.0098 
      H126.3  2 0.7564 0.0096 0.0043 0.0090 0.1023 0.0278 0.0067 0.0082 0.0372 0.0116 0.0063 0.0077 0.0092 0.0037 
      H126.4  2 0.3673 0.0173 0.0093 0.0657 0.0273 0.0177 0.0154 0.0115 0.0392 0.2809 0.0218 0.1028 0.0138 0.0100 
      H126.5  2 0.3714 0.0090 0.0234 0.0972 0.2006 0.0082 0.0196 0.0087 0.1035 0.1069 0.0067 0.0285 0.0081 0.0082 
      H126.6  2 0.5988 0.0070 0.0055 0.0078 0.1414 0.0145 0.0565 0.0041 0.1283 0.0147 0.0043 0.0064 0.0061 0.0045 
      H126.7  2 0.0478 0.0083 0.0101 0.0352 0.0194 0.0294 0.0344 0.0052 0.7730 0.0079 0.0037 0.0116 0.0068 0.0072 
      H130.1  2 0.0818 0.0135 0.0448 0.0436 0.0086 0.0380 0.0107 0.0137 0.0080 0.6720 0.0074 0.0206 0.0224 0.0152 
      H130.2  2 0.0457 0.0289 0.0238 0.0150 0.0089 0.0405 0.0179 0.0144 0.0240 0.1844 0.0088 0.0239 0.0515 0.5123 
      H130.3  2 0.0261 0.0065 0.0255 0.0389 0.0089 0.0272 0.0081 0.0061 0.0246 0.0371 0.0036 0.6275 0.0224 0.1376 
      H130.4  2 0.0452 0.0211 0.0270 0.0240 0.0115 0.0288 0.0240 0.0098 0.0083 0.6278 0.0245 0.0504 0.0658 0.0317 
      H130.5  2 0.0666 0.0260 0.0757 0.0253 0.0090 0.0991 0.0305 0.0145 0.0497 0.3839 0.0057 0.0098 0.0100 0.1944 
      H133.1  2 0.7153 0.0081 0.0221 0.0086 0.0102 0.0148 0.0080 0.0086 0.0206 0.0636 0.0437 0.0211 0.0396 0.0157 
      H133.2  2 0.6998 0.0049 0.0178 0.0208 0.0160 0.0323 0.0297 0.0133 0.0085 0.0383 0.0083 0.0096 0.0370 0.0638 
      H133.3  2 0.5550 0.0086 0.0583 0.0193 0.0113 0.0609 0.0372 0.0202 0.0285 0.0149 0.0747 0.0170 0.0781 0.0161 
      H133.4  2 0.2373 0.0072 0.0209 0.0201 0.0171 0.0140 0.0157 0.0147 0.0171 0.0346 0.0404 0.0246 0.5098 0.0265 
      H133.5  2 0.8546 0.0053 0.0067 0.0182 0.0072 0.0096 0.0137 0.0039 0.0055 0.0203 0.0138 0.0123 0.0174 0.0115 
      H133.6  2 0.5083 0.0124 0.0678 0.0575 0.0115 0.1096 0.0413 0.0097 0.0097 0.0424 0.0080 0.0155 0.0450 0.0613 
      H133.7  2 0.0891 0.0068 0.1373 0.0328 0.0151 0.0250 0.0401 0.1251 0.0396 0.0373 0.1099 0.0156 0.3165 0.0097 
      H133.8  2 0.7326 0.0082 0.0066 0.0196 0.0089 0.0106 0.0316 0.0213 0.0097 0.0236 0.0429 0.0258 0.0503 0.0085 
      H133.9  2 0.6088 0.0158 0.0378 0.0184 0.0100 0.0241 0.0091 0.0102 0.0200 0.0611 0.0587 0.0561 0.0532 0.0165 
      H147.1  2 0.0194 0.0373 0.0266 0.0088 0.0459 0.1215 0.0822 0.1524 0.3044 0.0267 0.0212 0.0059 0.0070 0.1408 
      H147.2  2 0.0063 0.0067 0.0128 0.0072 0.0144 0.0195 0.0187 0.0156 0.8430 0.0151 0.0061 0.0072 0.0050 0.0226 
      H147.3  2 0.0102 0.0075 0.0122 0.0067 0.0086 0.0076 0.0358 0.0111 0.8395 0.0096 0.0050 0.0069 0.0045 0.0349 
      H147.4  2 0.0058 0.0147 0.0053 0.0053 0.0067 0.0092 0.0149 0.0088 0.8283 0.0057 0.0193 0.0061 0.0050 0.0649 
      H147.5  2 0.0233 0.0261 0.0225 0.0078 0.0146 0.1315 0.0239 0.0207 0.4254 0.0093 0.0079 0.0231 0.0066 0.2571 
      H147.6  2 0.0330 0.0350 0.0235 0.0069 0.0175 0.1352 0.0211 0.0138 0.3350 0.0076 0.0086 0.0179 0.0081 0.3368 
      H147.7  2 0.0076 0.0230 0.0122 0.0055 0.0132 0.0084 0.0114 0.0253 0.7692 0.0084 0.0224 0.0088 0.0057 0.0789 
      H147.8  2 0.0122 0.0214 0.0045 0.0059 0.0095 0.0923 0.0120 0.0131 0.5990 0.0040 0.0359 0.0116 0.0094 0.1693 
      H147.9  2 0.0094 0.0098 0.0101 0.0075 0.0083 0.0061 0.0219 0.0099 0.8597 0.0098 0.0058 0.0058 0.0047 0.0312 
      H148.1  2 0.0253 0.0231 0.0189 0.0149 0.0210 0.0239 0.0078 0.1155 0.0109 0.5814 0.0506 0.0094 0.0336 0.0637 
      H148.2  2 0.0732 0.0173 0.0128 0.0096 0.0371 0.0092 0.0184 0.4667 0.0116 0.2286 0.0485 0.0117 0.0310 0.0242 
      H148.3  2 0.0071 0.0059 0.0185 0.0105 0.0111 0.0092 0.0091 0.8435 0.0087 0.0152 0.0214 0.0100 0.0116 0.0184 
      H148.4  2 0.0205 0.0127 0.0250 0.0184 0.0290 0.0200 0.0131 0.3197 0.0128 0.4357 0.0448 0.0150 0.0234 0.0101 
      H148.5  2 0.0169 0.0090 0.0374 0.0152 0.0246 0.0284 0.0106 0.6168 0.0108 0.0381 0.0645 0.0435 0.0188 0.0653 
      H148.6  2 0.0227 0.0357 0.0213 0.0065 0.0163 0.0139 0.0114 0.6410 0.0111 0.0906 0.0840 0.0065 0.0233 0.0158 
      H148.7  2 0.0263 0.0107 0.0123 0.0250 0.0172 0.0244 0.0055 0.5722 0.0089 0.0869 0.0416 0.0986 0.0386 0.0317 
      H148.8  2 0.0117 0.0057 0.0140 0.0050 0.0081 0.0251 0.0082 0.7381 0.0056 0.1211 0.0266 0.0141 0.0057 0.0111 
      H148.9  2 0.0565 0.0169 0.0286 0.0303 0.0442 0.0089 0.0678 0.1796 0.0104 0.1388 0.2233 0.0172 0.1532 0.0243 
   H166022.1  2 0.0117 0.0377 0.0098 0.0045 0.0086 0.8453 0.0098 0.0124 0.0112 0.0071 0.0076 0.0048 0.0065 0.0229 
   H166022.2  2 0.0171 0.0585 0.0280 0.0151 0.0295 0.6204 0.0108 0.0197 0.0469 0.0113 0.0085 0.0224 0.0178 0.0942 
   H166022.3  2 0.0122 0.1558 0.0156 0.0084 0.0068 0.7137 0.0055 0.0115 0.0056 0.0132 0.0065 0.0101 0.0206 0.0144 
   H166022.4  2 0.0054 0.0120 0.0055 0.0081 0.0060 0.9056 0.0039 0.0051 0.0051 0.0057 0.0049 0.0148 0.0085 0.0093 
   H166022.5  2 0.0079 0.0204 0.0120 0.0065 0.0091 0.8600 0.0047 0.0056 0.0069 0.0055 0.0048 0.0088 0.0104 0.0376 
   H166022.6  2 0.0114 0.0387 0.0097 0.0107 0.0087 0.7902 0.0079 0.0106 0.0056 0.0281 0.0209 0.0085 0.0246 0.0244 
   H166022.7  2 0.0284 0.0070 0.0059 0.0311 0.0070 0.0088 0.0065 0.0067 0.0090 0.0165 0.0268 0.0317 0.7781 0.0364 
   H166022.8  2 0.0172 0.0983 0.0267 0.0088 0.0344 0.4766 0.0175 0.0163 0.0174 0.1003 0.0072 0.0276 0.0156 0.1360 
   H167397.1  2 0.0102 0.0063 0.0354 0.0147 0.0212 0.1583 0.0055 0.0991 0.0639 0.0153 0.5217 0.0105 0.0051 0.0328 
   H167397.2  2 0.0307 0.0569 0.0081 0.0089 0.0152 0.0190 0.0557 0.0373 0.0195 0.1275 0.5779 0.0121 0.0105 0.0204 
   H167397.3  2 0.0246 0.0161 0.0292 0.0068 0.0392 0.0461 0.0061 0.0438 0.1064 0.0259 0.6216 0.0115 0.0085 0.0142 
   H167397.4  2 0.0165 0.0239 0.0039 0.0077 0.0105 0.0165 0.0380 0.0735 0.0314 0.0089 0.7262 0.0119 0.0165 0.0148 
   H167397.5  2 0.0188 0.0171 0.0237 0.0323 0.0110 0.0525 0.0085 0.0324 0.0388 0.0455 0.6429 0.0156 0.0106 0.0503 
   H167397.6  2 0.0282 0.0117 0.0124 0.0105 0.0732 0.0281 0.0095 0.0740 0.0570 0.0215 0.6383 0.0196 0.0099 0.0062 
   H167496.1  2 0.0284 0.0165 0.6064 0.0284 0.0180 0.1791 0.0057 0.0370 0.0120 0.0086 0.0122 0.0170 0.0192 0.0115 
   H167496.2  2 0.0806 0.0090 0.1988 0.1009 0.1515 0.0495 0.0141 0.0655 0.1100 0.0337 0.0138 0.0108 0.1221 0.0395 
   H167496.3  2 0.0186 0.0616 0.3299 0.0326 0.0079 0.2829 0.1065 0.0224 0.0370 0.0351 0.0079 0.0338 0.0173 0.0066 
   H167496.4  2 0.0088 0.0063 0.0058 0.0055 0.0087 0.9145 0.0063 0.0051 0.0112 0.0043 0.0046 0.0054 0.0064 0.0071 
   H167496.6  2 0.0120 0.0054 0.0069 0.0069 0.0206 0.8724 0.0061 0.0072 0.0195 0.0068 0.0059 0.0112 0.0095 0.0093 
   H167496.7  2 0.0241 0.0155 0.8095 0.0240 0.0225 0.0144 0.0053 0.0276 0.0086 0.0131 0.0056 0.0089 0.0121 0.0088 
   H167496.8  2 0.0121 0.0071 0.0106 0.0075 0.0350 0.8335 0.0077 0.0090 0.0243 0.0070 0.0056 0.0083 0.0134 0.0190 
   H167513.1  2 0.0150 0.0149 0.0084 0.0068 0.0140 0.0098 0.0124 0.0102 0.0082 0.0136 0.0084 0.0067 0.8601 0.0115 
   H167513.2  2 0.0176 0.0095 0.1710 0.0187 0.0401 0.0291 0.0159 0.0703 0.0125 0.0358 0.0838 0.0106 0.4721 0.0131 
   H167513.3  2 0.0393 0.0268 0.0251 0.0095 0.0192 0.0090 0.0073 0.0115 0.0115 0.0098 0.0102 0.0341 0.7302 0.0566 
   H167513.4  2 0.0134 0.0619 0.0139 0.0071 0.0292 0.0211 0.0118 0.0165 0.0080 0.0223 0.0101 0.0128 0.7610 0.0108 
   H167513.5  2 0.0168 0.0150 0.0278 0.0108 0.0203 0.0323 0.0159 0.0276 0.0131 0.0256 0.0552 0.0060 0.7237 0.0099 
   H167513.6  2 0.0209 0.0355 0.0432 0.0131 0.0651 0.0363 0.0182 0.0147 0.0099 0.0297 0.0152 0.0099 0.6286 0.0596 
   H167513.7  2 0.0320 0.0339 0.0090 0.0094 0.0136 0.0106 0.0137 0.0063 0.0125 0.0098 0.0319 0.0073 0.7955 0.0145 
   H167513.8  2 0.0149 0.0094 0.0098 0.0109 0.0109 0.0072 0.0050 0.0059 0.0078 0.0076 0.0140 0.0078 0.8492 0.0395 
   H167547.1  2 0.0086 0.0236 0.5484 0.0105 0.0133 0.0157 0.0062 0.2646 0.0061 0.0442 0.0261 0.0134 0.0121 0.0072 
   H167547.2  2 0.0092 0.0246 0.3056 0.0145 0.0175 0.0733 0.0083 0.4684 0.0121 0.0123 0.0285 0.0098 0.0053 0.0105 
   H167547.3  2 0.0079 0.0264 0.3458 0.0097 0.0155 0.0689 0.0072 0.4389 0.0113 0.0121 0.0340 0.0071 0.0058 0.0093 
   H167547.4  2 0.0247 0.2347 0.1792 0.0239 0.0084 0.1903 0.0180 0.0496 0.0086 0.1295 0.0396 0.0560 0.0264 0.0111 
   H167547.5  2 0.0052 0.0131 0.0161 0.0137 0.0064 0.2782 0.0075 0.5917 0.0073 0.0202 0.0086 0.0113 0.0064 0.0142 
   H167547.6  2 0.0063 0.0145 0.0182 0.0120 0.0066 0.2701 0.0063 0.5865 0.0095 0.0197 0.0086 0.0138 0.0081 0.0197 
   H167547.7  2 0.0409 0.0288 0.3283 0.0386 0.0183 0.0165 0.0890 0.1451 0.0250 0.0441 0.0203 0.0218 0.1617 0.0218 
   H169750.1  2 0.2703 0.0286 0.1330 0.0340 0.0207 0.1406 0.0123 0.0070 0.0121 0.0793 0.0147 0.0205 0.2075 0.0196 
   H169750.2  2 0.0240 0.0071 0.0250 0.0336 0.0185 0.0679 0.0240 0.0910 0.1423 0.1300 0.0656 0.0977 0.1401 0.1333 
   H169750.3  2 0.1357 0.0085 0.1109 0.0363 0.0068 0.0470 0.0176 0.0096 0.0190 0.0152 0.0048 0.0211 0.5306 0.0368 
   H169750.4  2 0.1697 0.0057 0.0383 0.0252 0.0716 0.0990 0.0180 0.0286 0.0221 0.1614 0.0803 0.1522 0.1184 0.0095 
   H169750.5  2 0.6465 0.0221 0.0183 0.0334 0.0064 0.0486 0.0103 0.0074 0.0225 0.0322 0.0072 0.0164 0.1066 0.0221 
   H169750.6  2 0.2094 0.0120 0.0260 0.0554 0.0079 0.0931 0.0193 0.0155 0.3014 0.0773 0.0115 0.0349 0.0931 0.0432 
   H169750.7  2 0.1067 0.0088 0.0535 0.0513 0.0386 0.0493 0.0580 0.0171 0.0320 0.0334 0.0268 0.0867 0.4136 0.0242 
   H171929.1  2 0.0234 0.0098 0.0129 0.0121 0.0077 0.0270 0.1174 0.0357 0.0114 0.0259 0.2857 0.0096 0.4148 0.0066 
  H171929.10  2 0.0434 0.0228 0.0402 0.0145 0.0130 0.1326 0.0883 0.0592 0.0371 0.0289 0.0697 0.0081 0.3922 0.0501 
  H171929.11  2 0.0300 0.0082 0.0310 0.0227 0.0140 0.0299 0.0767 0.0324 0.0134 0.0213 0.2220 0.0131 0.4716 0.0137 
   H171929.2  2 0.0146 0.0094 0.0221 0.0058 0.0058 0.0113 0.0137 0.0154 0.0077 0.0153 0.0068 0.0061 0.8608 0.0054 
   H171929.3  2 0.0136 0.0127 0.0114 0.0087 0.0078 0.0147 0.0108 0.0399 0.0205 0.0118 0.0460 0.0088 0.7850 0.0082 
   H171929.4  2 0.0421 0.0361 0.1250 0.0113 0.0073 0.0452 0.0954 0.0352 0.0284 0.0786 0.0073 0.0172 0.4589 0.0119 
   H171929.5  2 0.0404 0.0073 0.0079 0.0096 0.0094 0.0076 0.0087 0.0128 0.0080 0.0114 0.0194 0.0064 0.8426 0.0088 
   H171929.6  2 0.0278 0.0079 0.0080 0.0083 0.0087 0.0082 0.0085 0.0093 0.0071 0.0089 0.0302 0.0056 0.8557 0.0059 
   H171929.7  2 0.0234 0.0107 0.0164 0.0097 0.0078 0.0096 0.1182 0.0183 0.0148 0.0799 0.0093 0.0141 0.6626 0.0052 
   H171929.8  2 0.0235 0.0110 0.0557 0.0135 0.0068 0.0173 0.1201 0.0184 0.0107 0.1066 0.0111 0.0114 0.5831 0.0108 
   H171929.9  2 0.0795 0.0120 0.0191 0.0106 0.0069 0.0208 0.1197 0.0086 0.0198 0.0467 0.0050 0.0053 0.6338 0.0122 
   H171930.1  2 0.0203 0.0038 0.0101 0.0114 0.0089 0.0169 0.0034 0.0178 0.0090 0.0210 0.0259 0.0158 0.0860 0.7497 
   H171930.2  2 0.0184 0.0107 0.0405 0.0210 0.0088 0.0611 0.0111 0.0228 0.0149 0.0176 0.0061 0.0224 0.0118 0.7329 
   H171930.3  2 0.0118 0.0085 0.0117 0.0066 0.0085 0.0136 0.0058 0.0158 0.0071 0.0056 0.0170 0.0143 0.0106 0.8630 
   H171930.4  2 0.0080 0.0077 0.0090 0.0124 0.0091 0.0266 0.0037 0.0105 0.0055 0.0043 0.0072 0.0154 0.0076 0.8730 
   H171930.5  2 0.0430 0.0070 0.0306 0.0552 0.0086 0.0227 0.0112 0.0153 0.0337 0.0522 0.0210 0.0229 0.0381 0.6383 
   H171930.6  2 0.0152 0.0056 0.0074 0.0192 0.0091 0.0085 0.0037 0.0077 0.0104 0.0060 0.0042 0.0104 0.0061 0.8864 
   H171930.7  2 0.0103 0.0055 0.0067 0.0057 0.0076 0.0085 0.0053 0.0080 0.0050 0.0089 0.0142 0.0093 0.0127 0.8924 
   H171930.8  2 0.0094 0.0042 0.0096 0.0048 0.0135 0.0157 0.0042 0.0135 0.0064 0.0086 0.0074 0.0077 0.0209 0.8742 
   H171933.1  2 0.0127 0.7444 0.0272 0.0185 0.0053 0.0251 0.0151 0.0203 0.0081 0.0152 0.0616 0.0081 0.0172 0.0211 
   H171933.2  2 0.0277 0.5223 0.0488 0.0101 0.0192 0.1019 0.0674 0.0342 0.0169 0.0110 0.0698 0.0058 0.0319 0.0331 
   H171933.3  2 0.0215 0.5156 0.1408 0.0239 0.0116 0.0560 0.1033 0.0325 0.0084 0.0121 0.0143 0.0078 0.0124 0.0396 
   H171933.4  2 0.0080 0.5396 0.1555 0.0100 0.0191 0.0401 0.0315 0.0104 0.0106 0.0119 0.0059 0.0171 0.1007 0.0396 
   H171933.5  2 0.0192 0.1642 0.5037 0.0137 0.0241 0.0236 0.0097 0.0245 0.0065 0.0180 0.0165 0.0419 0.0827 0.0517 
   H171933.6  2 0.0204 0.6259 0.0520 0.0104 0.0091 0.1966 0.0104 0.0083 0.0218 0.0062 0.0064 0.0095 0.0103 0.0127 
   H171933.7  2 0.0142 0.5212 0.0251 0.0786 0.0455 0.0186 0.0797 0.0230 0.0120 0.0151 0.0198 0.0235 0.0090 0.1148 
   H171933.8  2 0.0106 0.5135 0.0268 0.0146 0.0847 0.0126 0.0782 0.0232 0.0195 0.0147 0.0397 0.0057 0.0598 0.0965 
   H171933.9  2 0.0074 0.8251 0.0274 0.0178 0.0131 0.0146 0.0101 0.0063 0.0074 0.0044 0.0035 0.0182 0.0113 0.0332 
      H190.1  2 0.0429 0.0244 0.1371 0.0346 0.0116 0.0202 0.0059 0.0283 0.0192 0.0297 0.0061 0.1045 0.0132 0.5223 
      H190.2  2 0.0130 0.0049 0.0664 0.0956 0.0195 0.0118 0.0394 0.6708 0.0291 0.0149 0.0047 0.0076 0.0058 0.0163 
      H190.3  2 0.0205 0.0102 0.0501 0.0389 0.0098 0.0388 0.0180 0.6488 0.0232 0.0860 0.0072 0.0114 0.0107 0.0263 
      H190.4  2 0.0283 0.0464 0.2833 0.0162 0.0042 0.0332 0.0158 0.0142 0.0070 0.0314 0.0114 0.0324 0.0154 0.4608 
      H190.5  2 0.0322 0.0166 0.0327 0.3390 0.0443 0.0201 0.0340 0.3680 0.0453 0.0098 0.0047 0.0165 0.0094 0.0274 
      H190.6  2 0.0208 0.0242 0.4432 0.0149 0.0056 0.0558 0.0204 0.0215 0.0074 0.0345 0.0099 0.0186 0.0130 0.3101 
      H190.7  2 0.0137 0.0061 0.2257 0.0232 0.0083 0.1392 0.3660 0.0463 0.0140 0.0625 0.0114 0.0395 0.0129 0.0312 
      H190.8  2 0.0513 0.0079 0.0938 0.4411 0.0394 0.0181 0.0506 0.1300 0.0310 0.0197 0.0056 0.0237 0.0091 0.0788 
      H190.9  2 0.0238 0.0074 0.2783 0.0913 0.0333 0.0331 0.1530 0.1993 0.0121 0.0243 0.0144 0.0312 0.0207 0.0779 
      H400.1  2 0.1630 0.0438 0.0095 0.0204 0.0229 0.6371 0.0090 0.0047 0.0108 0.0205 0.0127 0.0086 0.0107 0.0263 
      H400.2  2 0.3252 0.0475 0.0058 0.0117 0.0170 0.5045 0.0053 0.0052 0.0174 0.0074 0.0174 0.0050 0.0163 0.0144 
      H400.3  2 0.3254 0.0838 0.0137 0.1158 0.0136 0.2918 0.0068 0.0111 0.0119 0.0342 0.0156 0.0152 0.0147 0.0464 
      H400.4  2 0.1186 0.0146 0.0069 0.0077 0.0118 0.7254 0.0098 0.0080 0.0149 0.0082 0.0050 0.0072 0.0238 0.0381 
      H400.5  2 0.4301 0.2847 0.0247 0.0409 0.0055 0.0860 0.0055 0.0144 0.0101 0.0151 0.0089 0.0129 0.0183 0.0429 
      H400.6  2 0.1570 0.0195 0.0077 0.0069 0.0212 0.6777 0.0376 0.0058 0.0087 0.0192 0.0047 0.0058 0.0111 0.0173 
      H400.7  2 0.0446 0.1388 0.0194 0.0179 0.0231 0.5667 0.0097 0.0139 0.0083 0.0450 0.0081 0.0067 0.0605 0.0373 
 H428.1_2005  2 0.0055 0.9448 0.0038 0.0036 0.0039 0.0044 0.0041 0.0038 0.0042 0.0039 0.0044 0.0051 0.0053 0.0031 
 H428.1_2006  2 0.0079 0.9125 0.0077 0.0046 0.0125 0.0060 0.0069 0.0060 0.0114 0.0046 0.0046 0.0054 0.0065 0.0034 
 H428.2_2005  2 0.0044 0.9347 0.0047 0.0051 0.0052 0.0064 0.0040 0.0051 0.0044 0.0066 0.0040 0.0049 0.0067 0.0038 
 H428.2_2006  2 0.0081 0.8914 0.0073 0.0068 0.0103 0.0094 0.0057 0.0037 0.0291 0.0035 0.0042 0.0057 0.0081 0.0066 
 H428.3_2005  2 0.0043 0.9373 0.0054 0.0034 0.0044 0.0074 0.0056 0.0045 0.0056 0.0047 0.0031 0.0046 0.0051 0.0046 
 H428.3_2006  2 0.0078 0.8970 0.0060 0.0078 0.0114 0.0096 0.0054 0.0042 0.0187 0.0037 0.0046 0.0077 0.0093 0.0067 
 H428.4_2005  2 0.0045 0.9394 0.0058 0.0030 0.0042 0.0064 0.0040 0.0064 0.0051 0.0038 0.0038 0.0051 0.0049 0.0034 
 H428.4_2006  2 0.0041 0.9464 0.0039 0.0028 0.0033 0.0040 0.0068 0.0043 0.0070 0.0033 0.0037 0.0044 0.0030 0.0031 
 H428.5_2005  2 0.0044 0.9446 0.0036 0.0041 0.0033 0.0044 0.0044 0.0038 0.0073 0.0038 0.0056 0.0033 0.0045 0.0030 
 H428.6_2005  2 0.0058 0.9332 0.0047 0.0036 0.0049 0.0050 0.0091 0.0036 0.0058 0.0056 0.0040 0.0051 0.0052 0.0042 
 H428.6_2006  2 0.0066 0.8973 0.0046 0.0038 0.0055 0.0049 0.0082 0.0051 0.0107 0.0049 0.0125 0.0183 0.0106 0.0069 
      H428.7  2 0.0041 0.9462 0.0037 0.0045 0.0035 0.0069 0.0053 0.0040 0.0049 0.0038 0.0026 0.0041 0.0031 0.0034 
      H428.8  2 0.0037 0.9399 0.0041 0.0055 0.0034 0.0045 0.0038 0.0041 0.0070 0.0042 0.0044 0.0057 0.0048 0.0051 
      H428.9  2 0.0043 0.9402 0.0047 0.0052 0.0045 0.0058 0.0037 0.0046 0.0045 0.0048 0.0055 0.0040 0.0044 0.0038 
      H453.1  2 0.0172 0.0133 0.0061 0.0096 0.0097 0.8502 0.0071 0.0058 0.0274 0.0071 0.0061 0.0152 0.0102 0.0151 
      H453.2  2 0.0216 0.0083 0.0121 0.0083 0.0069 0.8408 0.0111 0.0087 0.0081 0.0094 0.0051 0.0099 0.0102 0.0395 
      H453.3  2 0.0225 0.0101 0.0200 0.0127 0.0060 0.8517 0.0149 0.0077 0.0064 0.0181 0.0035 0.0087 0.0049 0.0128 
      H453.4  2 0.0372 0.0064 0.0102 0.0100 0.0052 0.8710 0.0056 0.0064 0.0050 0.0093 0.0036 0.0097 0.0081 0.0121 
      H453.5  2 0.0231 0.0066 0.0071 0.0101 0.0074 0.8169 0.0065 0.0052 0.0467 0.0068 0.0054 0.0194 0.0065 0.0324 
      H453.6  2 0.0093 0.0174 0.0042 0.0060 0.0050 0.8303 0.0047 0.0044 0.0594 0.0037 0.0048 0.0110 0.0057 0.0340 
      H453.7  2 0.0263 0.0164 0.1022 0.0191 0.0113 0.1225 0.1762 0.0237 0.1424 0.1945 0.0041 0.0153 0.0681 0.0780 
      H453.8  2 0.0176 0.0078 0.1895 0.0208 0.0132 0.5484 0.0274 0.0108 0.0419 0.0475 0.0060 0.0138 0.0222 0.0331 
      H453.9  2 0.1244 0.0197 0.0189 0.0276 0.0124 0.2465 0.0654 0.0064 0.2851 0.0294 0.0051 0.0167 0.0217 0.1207 
      H512.1  2 0.1114 0.1630 0.0196 0.0174 0.0295 0.0576 0.0381 0.0095 0.0290 0.0111 0.0036 0.2689 0.0066 0.2346 
     H512.10  2 0.0184 0.1078 0.0119 0.0231 0.0499 0.0188 0.0104 0.0292 0.0952 0.0261 0.0522 0.4354 0.0131 0.1085 
      H512.2  2 0.0184 0.1854 0.0138 0.0518 0.2154 0.0249 0.0133 0.0895 0.0179 0.0309 0.0183 0.2671 0.0165 0.0368 
      H512.3  2 0.0591 0.0670 0.0244 0.0355 0.1215 0.0230 0.0073 0.0199 0.0137 0.0086 0.0172 0.5232 0.0108 0.0690 
      H512.4  2 0.0226 0.1368 0.0277 0.0441 0.0745 0.0355 0.0088 0.0868 0.1028 0.0556 0.0160 0.0751 0.0226 0.2912 
      H512.5  2 0.0474 0.0490 0.0162 0.0735 0.0422 0.0270 0.0063 0.0142 0.0089 0.0121 0.0154 0.6527 0.0230 0.0120 
      H512.6  2 0.1188 0.0260 0.1153 0.2823 0.0265 0.0446 0.0097 0.0260 0.0101 0.0210 0.0050 0.2266 0.0146 0.0734 
      H512.7  2 0.0233 0.0274 0.0096 0.0178 0.0480 0.0670 0.0098 0.0090 0.0231 0.0067 0.0115 0.7006 0.0329 0.0132 
      H512.8  2 0.0118 0.0485 0.0360 0.0634 0.1556 0.0346 0.0100 0.1471 0.0113 0.0262 0.0104 0.2847 0.0214 0.1390 
      H512.9  2 0.1374 0.0620 0.0102 0.0200 0.0601 0.0205 0.0266 0.0086 0.0250 0.0117 0.0166 0.5792 0.0099 0.0121 
      H513.1  2 0.0074 0.9245 0.0062 0.0055 0.0112 0.0072 0.0042 0.0037 0.0071 0.0040 0.0055 0.0039 0.0046 0.0051 
      H513.2  2 0.0128 0.8477 0.0088 0.0060 0.0078 0.0156 0.0091 0.0162 0.0175 0.0147 0.0058 0.0051 0.0121 0.0209 
      H513.3  2 0.0052 0.9179 0.0050 0.0065 0.0080 0.0087 0.0056 0.0044 0.0099 0.0054 0.0043 0.0067 0.0063 0.0059 
      H513.4  2 0.0278 0.7776 0.0256 0.0104 0.0135 0.0247 0.0102 0.0159 0.0393 0.0087 0.0039 0.0083 0.0123 0.0219 
      H513.5  2 0.0108 0.9102 0.0045 0.0040 0.0086 0.0051 0.0043 0.0036 0.0057 0.0044 0.0064 0.0113 0.0126 0.0084 
      H513.6  2 0.0247 0.6705 0.0082 0.0199 0.0084 0.0108 0.0091 0.0101 0.0207 0.0082 0.1082 0.0100 0.0220 0.0692 
      H532.1  2 0.0346 0.1623 0.0220 0.0488 0.0352 0.0337 0.0104 0.0118 0.4769 0.0384 0.0192 0.0327 0.0544 0.0195 
      H532.2  2 0.0087 0.1634 0.2634 0.0199 0.0089 0.1429 0.0240 0.0237 0.2085 0.0288 0.0127 0.0102 0.0212 0.0638 
      H532.3  2 0.0122 0.0280 0.2959 0.0118 0.0053 0.3580 0.0164 0.0153 0.1386 0.0150 0.0050 0.0244 0.0103 0.0638 
      H532.4  2 0.0371 0.0335 0.1069 0.0153 0.0183 0.0438 0.0282 0.0065 0.5925 0.0724 0.0095 0.0177 0.0101 0.0082 
      H532.5  2 0.0225 0.5610 0.0331 0.0219 0.0099 0.0592 0.0169 0.0303 0.0958 0.0263 0.0221 0.0329 0.0546 0.0135 
      H532.6  2 0.0324 0.0479 0.0474 0.0245 0.0404 0.1129 0.0077 0.0068 0.5165 0.0787 0.0118 0.0351 0.0120 0.0259 
      H532.7  2 0.0110 0.0396 0.0285 0.0308 0.0042 0.0436 0.0074 0.0129 0.7209 0.0091 0.0154 0.0363 0.0241 0.0163 
      H532.8  2 0.0307 0.0743 0.0447 0.0409 0.0108 0.0367 0.0211 0.0330 0.5556 0.0230 0.0222 0.0159 0.0766 0.0144 
      H543.1  2 0.0059 0.0126 0.0051 0.0055 0.0035 0.0132 0.0072 0.0071 0.0047 0.0055 0.9074 0.0082 0.0065 0.0077 
      H543.2  2 0.0121 0.0505 0.0087 0.0080 0.0067 0.0168 0.0201 0.0307 0.0096 0.0092 0.7858 0.0082 0.0206 0.0131 
      H543.3  2 0.0122 0.0074 0.0037 0.0041 0.0050 0.0126 0.0141 0.0086 0.0099 0.0065 0.8952 0.0079 0.0070 0.0058 
      H543.4  2 0.0040 0.0064 0.0086 0.0062 0.0048 0.0054 0.0082 0.0087 0.0041 0.0077 0.9172 0.0054 0.0044 0.0088 
      H543.5  2 0.0036 0.0081 0.0051 0.0077 0.0047 0.0048 0.0071 0.0113 0.0053 0.0059 0.9152 0.0060 0.0076 0.0077 
      H543.6  2 0.0173 0.0081 0.0122 0.0058 0.0035 0.0187 0.1010 0.0067 0.0044 0.0164 0.7600 0.0042 0.0324 0.0093 
      H543.7  2 0.0047 0.0040 0.0041 0.0036 0.0047 0.0040 0.0060 0.0054 0.0039 0.0046 0.9426 0.0032 0.0046 0.0045 
      H543.8  2 0.0182 0.0324 0.0061 0.0070 0.0056 0.0132 0.0206 0.0141 0.0154 0.0108 0.8263 0.0073 0.0141 0.0088 
      H543.9  2 0.0104 0.0081 0.0049 0.0042 0.0045 0.0077 0.0381 0.0147 0.0079 0.0056 0.8706 0.0095 0.0081 0.0059 
 H545.1_2005  2 0.0029 0.0034 0.0031 0.0037 0.0031 0.0036 0.0029 0.0027 0.0034 0.0042 0.9550 0.0037 0.0046 0.0038 
 H545.1_2006  2 0.0051 0.0064 0.0050 0.0060 0.0056 0.0045 0.0051 0.0058 0.0066 0.0046 0.9301 0.0051 0.0054 0.0047 
 H545.2_2005  2 0.0067 0.0058 0.0063 0.0124 0.0052 0.0070 0.0047 0.0058 0.0071 0.0074 0.9073 0.0105 0.0073 0.0063 
 H545.2_2006  2 0.0041 0.0059 0.0037 0.0034 0.0042 0.0042 0.0032 0.0034 0.0037 0.0038 0.9455 0.0049 0.0054 0.0046 
 H545.3_2005  2 0.0050 0.0043 0.0071 0.0073 0.0061 0.0065 0.0046 0.0085 0.0044 0.0118 0.9114 0.0105 0.0075 0.0051 
 H545.3_2006  2 0.0044 0.0061 0.0041 0.0101 0.0046 0.0040 0.0037 0.0037 0.0071 0.0041 0.9354 0.0043 0.0051 0.0035 
 H545.4_2005  2 0.0060 0.0057 0.0059 0.0096 0.0077 0.0052 0.0071 0.0118 0.0062 0.0085 0.9062 0.0098 0.0053 0.0050 
 H545.4_2006  2 0.0038 0.0050 0.0061 0.0094 0.0053 0.0048 0.0041 0.0060 0.0042 0.0053 0.9309 0.0061 0.0051 0.0039 
 H545.5_2005  2 0.0054 0.0128 0.0052 0.0154 0.0049 0.0055 0.0041 0.0049 0.0079 0.0041 0.9116 0.0055 0.0071 0.0056 
 H545.5_2006  2 0.0045 0.0089 0.0060 0.0055 0.0062 0.0061 0.0047 0.0070 0.0057 0.0075 0.9153 0.0085 0.0072 0.0069 
 H545.6_2005  2 0.0027 0.0041 0.0032 0.0041 0.0034 0.0036 0.0025 0.0032 0.0036 0.0039 0.9527 0.0041 0.0046 0.0043 
 H545.6_2006  2 0.0039 0.0038 0.0039 0.0040 0.0042 0.0055 0.0040 0.0044 0.0037 0.0062 0.9401 0.0059 0.0056 0.0047 
 H545.7_2005  2 0.0047 0.0063 0.0034 0.0057 0.0036 0.0035 0.0036 0.0038 0.0048 0.0044 0.9415 0.0043 0.0060 0.0044 
 H545.7_2006  2 0.0077 0.0066 0.0041 0.0147 0.0064 0.0058 0.0048 0.0059 0.0070 0.0056 0.9150 0.0058 0.0055 0.0052 
 H545.8_2005  2 0.0063 0.0183 0.0074 0.0098 0.0071 0.0065 0.0056 0.0089 0.0081 0.0084 0.8917 0.0083 0.0063 0.0073 
 H545.8_2006  2 0.0038 0.0066 0.0052 0.0037 0.0051 0.0042 0.0039 0.0049 0.0042 0.0045 0.9391 0.0049 0.0046 0.0055 
      H545.9  2 0.0050 0.0073 0.0052 0.0043 0.0051 0.0044 0.0049 0.0064 0.0037 0.0079 0.9279 0.0077 0.0055 0.0047 
      H547.1  2 0.0079 0.0183 0.0178 0.0111 0.0042 0.8563 0.0251 0.0088 0.0060 0.0081 0.0105 0.0146 0.0059 0.0055 
      H547.2  2 0.0067 0.0107 0.0071 0.0043 0.1047 0.7452 0.0075 0.0708 0.0065 0.0069 0.0107 0.0058 0.0080 0.0049 
