      H008.1  2 0.0077 0.1350 0.0070 0.0085 0.0060 0.7027 0.0080 0.0088 0.0052 0.0088 0.0231 0.0059 0.0113 0.0045 0.0045 0.0045 0.0055 0.0059 0.0064 0.0039 0.0076 0.0046 0.0061 0.0082 
      H008.2  2 0.0055 0.0055 0.0040 0.0066 0.0052 0.8691 0.0171 0.0037 0.0029 0.0045 0.0056 0.0041 0.0048 0.0087 0.0045 0.0060 0.0049 0.0066 0.0050 0.0037 0.0059 0.0051 0.0067 0.0042 
      H008.3  2 0.0059 0.0099 0.0093 0.0090 0.0125 0.7874 0.0421 0.0074 0.0048 0.0045 0.0059 0.0058 0.0071 0.0069 0.0058 0.0075 0.0088 0.0169 0.0052 0.0045 0.0095 0.0093 0.0089 0.0053 
      H008.4  2 0.0110 0.0491 0.0036 0.0075 0.0075 0.7943 0.0091 0.0039 0.0048 0.0057 0.0107 0.0043 0.0110 0.0098 0.0079 0.0136 0.0067 0.0044 0.0073 0.0056 0.0052 0.0083 0.0046 0.0041 
      H008.5  2 0.0052 0.0678 0.0039 0.0050 0.0059 0.8150 0.0130 0.0043 0.0029 0.0061 0.0071 0.0043 0.0062 0.0051 0.0048 0.0082 0.0047 0.0061 0.0036 0.0040 0.0037 0.0052 0.0042 0.0035 
      H008.6  2 0.0109 0.0164 0.0048 0.0064 0.0036 0.8367 0.0190 0.0032 0.0033 0.0042 0.0055 0.0051 0.0076 0.0088 0.0065 0.0061 0.0059 0.0059 0.0082 0.0051 0.0076 0.0063 0.0071 0.0058 
      H008.7  2 0.0107 0.0098 0.0041 0.0079 0.0107 0.8179 0.0158 0.0041 0.0056 0.0055 0.0186 0.0045 0.0068 0.0122 0.0062 0.0127 0.0048 0.0051 0.0070 0.0040 0.0059 0.0093 0.0073 0.0034 
      H008.8  2 0.0167 0.0115 0.0084 0.0112 0.0077 0.6969 0.0086 0.0112 0.0061 0.0197 0.0125 0.0052 0.0095 0.0052 0.0079 0.0046 0.0060 0.0076 0.0083 0.0046 0.0910 0.0066 0.0073 0.0258 
      H008.9  2 0.1321 0.0118 0.0074 0.0251 0.0089 0.4931 0.0930 0.0077 0.0079 0.0067 0.0064 0.0069 0.0089 0.0181 0.0066 0.0075 0.0117 0.0093 0.0186 0.0060 0.0711 0.0131 0.0132 0.0087 
 H029.1_2002  2 0.0160 0.0770 0.0123 0.0084 0.0075 0.0106 0.0061 0.0033 0.0041 0.0076 0.6484 0.0066 0.0082 0.0149 0.0343 0.0316 0.0049 0.0051 0.0075 0.0229 0.0184 0.0124 0.0094 0.0224 
 H029.1_2003  2 0.0181 0.0044 0.0324 0.0623 0.0058 0.0143 0.0111 0.0059 0.0046 0.0169 0.5896 0.0072 0.0085 0.0113 0.0119 0.0357 0.0081 0.0169 0.0174 0.0078 0.0266 0.0641 0.0129 0.0066 
 H029.2_2002  2 0.0046 0.0109 0.0127 0.0082 0.0145 0.0067 0.0102 0.0037 0.0030 0.0056 0.8192 0.0039 0.0031 0.0087 0.0097 0.0093 0.0059 0.0099 0.0071 0.0078 0.0039 0.0221 0.0058 0.0036 
 H029.2_2003  2 0.0153 0.0109 0.0515 0.0587 0.0068 0.0091 0.0090 0.0070 0.0053 0.0247 0.6008 0.0151 0.0050 0.0129 0.0071 0.0275 0.0185 0.0224 0.0129 0.0164 0.0061 0.0318 0.0208 0.0047 
 H029.3_2002  2 0.0047 0.0048 0.0131 0.0083 0.0090 0.0068 0.0070 0.0068 0.0033 0.0103 0.8052 0.0054 0.0034 0.0146 0.0090 0.0090 0.0066 0.0094 0.0106 0.0063 0.0101 0.0267 0.0056 0.0040 
 H029.3_2003  2 0.0047 0.0201 0.0158 0.0118 0.0080 0.0058 0.0104 0.0065 0.0044 0.0082 0.7630 0.0125 0.0112 0.0048 0.0059 0.0341 0.0065 0.0108 0.0154 0.0074 0.0078 0.0111 0.0108 0.0030 
 H029.4_2002  2 0.0026 0.0042 0.0031 0.0037 0.0051 0.0039 0.0050 0.0053 0.0030 0.0039 0.9031 0.0033 0.0055 0.0051 0.0052 0.0049 0.0027 0.0032 0.0073 0.0041 0.0039 0.0041 0.0043 0.0036 
 H029.4_2003  2 0.0077 0.0066 0.0105 0.0237 0.0048 0.0079 0.0065 0.0117 0.0038 0.0214 0.7442 0.0050 0.0120 0.0086 0.0068 0.0263 0.0066 0.0134 0.0183 0.0069 0.0137 0.0098 0.0140 0.0096 
 H029.5_2002  2 0.0058 0.0258 0.0116 0.0079 0.0071 0.0061 0.0072 0.0033 0.0052 0.0069 0.8065 0.0038 0.0112 0.0038 0.0083 0.0229 0.0030 0.0047 0.0084 0.0114 0.0059 0.0139 0.0042 0.0051 
 H029.5_2003  2 0.0058 0.0053 0.0055 0.0078 0.0032 0.0066 0.0069 0.0077 0.0034 0.0085 0.8531 0.0041 0.0060 0.0065 0.0060 0.0083 0.0038 0.0076 0.0064 0.0045 0.0097 0.0067 0.0108 0.0060 
 H029.6_2002  2 0.0033 0.0040 0.0042 0.0040 0.0060 0.0047 0.0041 0.0035 0.0031 0.0051 0.8992 0.0032 0.0032 0.0065 0.0034 0.0077 0.0038 0.0049 0.0036 0.0034 0.0059 0.0062 0.0043 0.0027 
 H029.6_2003  2 0.0130 0.0346 0.0422 0.0370 0.0062 0.0050 0.0069 0.0104 0.0103 0.0185 0.5751 0.0155 0.0218 0.0064 0.0046 0.0178 0.0093 0.0332 0.0141 0.0492 0.0078 0.0406 0.0138 0.0069 
      H029.7  2 0.0048 0.0100 0.0074 0.0057 0.0079 0.0063 0.0057 0.0030 0.0025 0.0053 0.8734 0.0026 0.0043 0.0054 0.0051 0.0060 0.0071 0.0060 0.0042 0.0076 0.0031 0.0080 0.0048 0.0039 
      H030.1  2 0.0165 0.0289 0.0417 0.0499 0.0152 0.0056 0.0642 0.0094 0.0220 0.0100 0.0356 0.2299 0.0082 0.0051 0.0066 0.0766 0.0101 0.0154 0.0189 0.2812 0.0141 0.0080 0.0221 0.0051 
      H030.2  2 0.0079 0.0345 0.0142 0.0487 0.1025 0.0237 0.0428 0.0288 0.0225 0.0095 0.0361 0.3319 0.0366 0.0698 0.1025 0.0392 0.0031 0.0100 0.0058 0.0076 0.0050 0.0056 0.0053 0.0064 
      H038.1  2 0.0090 0.0255 0.0043 0.0080 0.0034 0.0129 0.0037 0.0047 0.0032 0.0092 0.8397 0.0051 0.0051 0.0123 0.0051 0.0046 0.0090 0.0039 0.0036 0.0049 0.0067 0.0043 0.0040 0.0078 
      H038.2  2 0.0032 0.0147 0.0046 0.0051 0.0052 0.0038 0.0054 0.0062 0.0066 0.0048 0.8746 0.0062 0.0043 0.0032 0.0066 0.0051 0.0024 0.0074 0.0056 0.0099 0.0030 0.0034 0.0038 0.0049 
      H038.3  2 0.0069 0.0154 0.0062 0.0096 0.0045 0.0049 0.0065 0.0084 0.0068 0.0082 0.7868 0.0074 0.0181 0.0206 0.0123 0.0040 0.0040 0.0049 0.0128 0.0283 0.0045 0.0041 0.0038 0.0110 
      H038.4  2 0.0075 0.0145 0.0050 0.0103 0.0047 0.0086 0.0068 0.0048 0.0085 0.0093 0.8146 0.0049 0.0151 0.0150 0.0081 0.0038 0.0047 0.0044 0.0087 0.0165 0.0052 0.0055 0.0045 0.0092 
      H038.5  2 0.0036 0.0049 0.0039 0.0049 0.0051 0.0036 0.0048 0.0066 0.0048 0.0071 0.8796 0.0049 0.0032 0.0066 0.0050 0.0043 0.0025 0.0041 0.0157 0.0065 0.0064 0.0037 0.0046 0.0034 
      H038.6  2 0.0034 0.0298 0.0061 0.0044 0.0036 0.0065 0.0047 0.0054 0.0024 0.0079 0.8582 0.0055 0.0036 0.0062 0.0083 0.0054 0.0039 0.0068 0.0057 0.0063 0.0046 0.0034 0.0042 0.0040 
      H038.7  2 0.0031 0.1034 0.0096 0.0075 0.0024 0.0043 0.0068 0.0052 0.0033 0.0106 0.7395 0.0053 0.0048 0.0066 0.0127 0.0043 0.0033 0.0063 0.0156 0.0270 0.0034 0.0037 0.0054 0.0055 
      H038.8  2 0.0043 0.0117 0.0053 0.0068 0.0053 0.0048 0.0042 0.0068 0.0122 0.0074 0.8194 0.0066 0.0114 0.0312 0.0086 0.0034 0.0036 0.0051 0.0070 0.0149 0.0044 0.0037 0.0036 0.0082 
      H041.1  2 0.0277 0.0179 0.0056 0.0552 0.1179 0.0210 0.0418 0.0072 0.0156 0.0278 0.1633 0.0077 0.2823 0.0164 0.0056 0.0858 0.0133 0.0127 0.0117 0.0252 0.0031 0.0167 0.0114 0.0070 
      H041.2  2 0.0166 0.0155 0.0122 0.0090 0.0088 0.0121 0.0303 0.0042 0.0051 0.0100 0.0338 0.0058 0.5106 0.0114 0.0086 0.2274 0.0059 0.0078 0.0083 0.0130 0.0069 0.0226 0.0068 0.0071 
      H041.4  2 0.0389 0.0112 0.0086 0.0280 0.0098 0.0294 0.0236 0.0057 0.0131 0.0170 0.5875 0.0064 0.0316 0.0139 0.0064 0.0701 0.0150 0.0065 0.0154 0.0098 0.0121 0.0222 0.0089 0.0091 
      H041.6  2 0.0356 0.0136 0.0158 0.0583 0.0193 0.0356 0.0196 0.0084 0.0127 0.0150 0.3108 0.0103 0.1899 0.0085 0.0137 0.0971 0.0248 0.0096 0.0108 0.0161 0.0098 0.0307 0.0057 0.0282 
 H042.1_2002  2 0.0187 0.0078 0.0078 0.0110 0.0069 0.0486 0.0051 0.0524 0.0301 0.0131 0.0036 0.0065 0.0268 0.0115 0.0171 0.6616 0.0082 0.0121 0.0062 0.0076 0.0051 0.0086 0.0065 0.0169 
 H042.1_2003  2 0.0172 0.0835 0.0558 0.0390 0.0113 0.1364 0.0436 0.0107 0.0104 0.0116 0.0111 0.0203 0.3446 0.0519 0.0116 0.0180 0.0056 0.0311 0.0081 0.0193 0.0172 0.0093 0.0138 0.0184 
 H042.2_2002  2 0.0059 0.0092 0.0071 0.0284 0.0055 0.0301 0.0061 0.0244 0.0070 0.0136 0.3796 0.0050 0.0109 0.0204 0.1166 0.1617 0.0104 0.0119 0.0083 0.0035 0.0040 0.0580 0.0689 0.0035 
 H042.2_2003  2 0.0342 0.0514 0.0134 0.0320 0.0041 0.0799 0.0098 0.0080 0.0155 0.0055 0.0521 0.0094 0.3536 0.0054 0.0107 0.1940 0.0070 0.0250 0.0125 0.0230 0.0100 0.0258 0.0063 0.0116 
 H042.3_2002  2 0.0118 0.0073 0.0068 0.0514 0.0047 0.0324 0.0139 0.2075 0.0129 0.0110 0.0059 0.0062 0.0701 0.0197 0.0295 0.3786 0.0099 0.0188 0.0172 0.0102 0.0047 0.0291 0.0233 0.0172 
 H042.3_2003  2 0.0187 0.0163 0.0049 0.1479 0.0285 0.0296 0.0304 0.2037 0.0108 0.0535 0.0298 0.0093 0.1063 0.0258 0.0271 0.0945 0.0114 0.0634 0.0197 0.0125 0.0050 0.0159 0.0179 0.0171 
 H042.4_2002  2 0.0198 0.0079 0.0063 0.0396 0.0062 0.0140 0.0073 0.0067 0.0203 0.0144 0.0253 0.0075 0.0148 0.0148 0.0055 0.6992 0.0043 0.0148 0.0092 0.0158 0.0063 0.0184 0.0093 0.0121 
 H042.4_2003  2 0.0190 0.0188 0.0086 0.0307 0.0275 0.0120 0.0108 0.0084 0.0227 0.0277 0.0860 0.0089 0.0126 0.0074 0.0061 0.4937 0.0177 0.0117 0.0086 0.0868 0.0041 0.0177 0.0063 0.0461 
      H042.5  2 0.0069 0.0050 0.0049 0.0063 0.0040 0.0063 0.0081 0.0062 0.0069 0.0085 0.0074 0.0038 0.0046 0.0024 0.0033 0.8580 0.0098 0.0095 0.0043 0.0069 0.0038 0.0107 0.0054 0.0071 
      H042.6  2 0.0058 0.0100 0.0097 0.0162 0.0060 0.0172 0.0059 0.0252 0.0079 0.0806 0.0086 0.0055 0.0046 0.0113 0.0103 0.6721 0.0381 0.0052 0.0041 0.0084 0.0039 0.0089 0.0079 0.0264 
      H042.7  2 0.0091 0.0165 0.0122 0.0532 0.0051 0.0125 0.0112 0.0533 0.0589 0.0199 0.0299 0.0050 0.0654 0.0052 0.0566 0.4255 0.0071 0.0089 0.0095 0.0193 0.0089 0.0647 0.0078 0.0341 
      H042.8  2 0.0112 0.0084 0.0054 0.0198 0.0035 0.0363 0.0143 0.0128 0.0081 0.0081 0.0112 0.0034 0.0419 0.0194 0.0282 0.6534 0.0145 0.0257 0.0104 0.0047 0.0061 0.0337 0.0120 0.0072 
   H042_2002  2 0.0265 0.0324 0.0236 0.0903 0.0035 0.2746 0.0242 0.0222 0.0102 0.0788 0.0238 0.0086 0.0472 0.0266 0.0936 0.0299 0.0466 0.0297 0.0098 0.0176 0.0101 0.0316 0.0093 0.0294 
   H042_2003  2 0.0203 0.0295 0.0207 0.0929 0.0049 0.2745 0.0263 0.0191 0.0100 0.0803 0.0188 0.0078 0.0493 0.0276 0.1001 0.0368 0.0348 0.0212 0.0113 0.0236 0.0111 0.0304 0.0121 0.0365 
      H043.1  2 0.0034 0.0055 0.0064 0.0079 0.0060 0.0074 0.0081 0.0101 0.0047 0.8592 0.0055 0.0048 0.0109 0.0103 0.0043 0.0039 0.0048 0.0060 0.0052 0.0059 0.0049 0.0030 0.0061 0.0059 
      H043.2  2 0.0077 0.0091 0.0074 0.0117 0.0027 0.0101 0.0045 0.0174 0.0044 0.7490 0.0066 0.0050 0.0213 0.0237 0.0053 0.0038 0.0233 0.0047 0.0065 0.0057 0.0122 0.0082 0.0053 0.0442 
      H043.3  2 0.0091 0.0316 0.0185 0.0075 0.0034 0.0120 0.0071 0.0160 0.0035 0.7702 0.0101 0.0050 0.0125 0.0124 0.0094 0.0054 0.0078 0.0066 0.0057 0.0221 0.0061 0.0045 0.0048 0.0086 
      H043.4  2 0.0059 0.0113 0.0062 0.0065 0.0031 0.0085 0.0053 0.0107 0.0047 0.8524 0.0045 0.0043 0.0087 0.0081 0.0054 0.0033 0.0092 0.0054 0.0029 0.0076 0.0030 0.0030 0.0041 0.0159 
      H043.5  2 0.0091 0.0119 0.0089 0.0096 0.0029 0.0095 0.0067 0.0343 0.0040 0.7159 0.0094 0.0040 0.0366 0.0486 0.0083 0.0036 0.0042 0.0055 0.0132 0.0091 0.0160 0.0048 0.0065 0.0174 
      H043.6  2 0.0140 0.0141 0.0048 0.0082 0.0027 0.0084 0.0033 0.0168 0.0044 0.7798 0.0182 0.0066 0.0125 0.0311 0.0069 0.0036 0.0062 0.0064 0.0065 0.0084 0.0071 0.0091 0.0038 0.0173 
      H043.7  2 0.0111 0.0117 0.0113 0.0110 0.0030 0.0055 0.0037 0.0066 0.0042 0.7865 0.0052 0.0055 0.0192 0.0141 0.0080 0.0037 0.0342 0.0037 0.0067 0.0136 0.0034 0.0028 0.0041 0.0212 
      H043.8  2 0.0048 0.0059 0.0081 0.0173 0.0069 0.0080 0.0047 0.0196 0.0065 0.7899 0.0058 0.0099 0.0229 0.0083 0.0088 0.0031 0.0061 0.0043 0.0096 0.0080 0.0088 0.0041 0.0081 0.0205 
      H043.9  2 0.0039 0.0106 0.0103 0.0079 0.0044 0.0088 0.0054 0.0066 0.0041 0.8495 0.0148 0.0062 0.0058 0.0054 0.0067 0.0063 0.0060 0.0055 0.0063 0.0064 0.0048 0.0033 0.0052 0.0057 
      H047.1  2 0.0057 0.4378 0.0058 0.0124 0.0040 0.0353 0.3153 0.0165 0.0045 0.0057 0.0229 0.0043 0.0096 0.0061 0.0328 0.0057 0.0047 0.0089 0.0185 0.0085 0.0035 0.0042 0.0051 0.0222 
      H047.2  2 0.0105 0.0344 0.0531 0.0162 0.0201 0.0073 0.4017 0.0060 0.0096 0.0148 0.2538 0.0047 0.0295 0.0046 0.0110 0.0081 0.0057 0.0086 0.0086 0.0177 0.0059 0.0101 0.0365 0.0216 
      H047.3  2 0.0085 0.0349 0.0471 0.0138 0.0180 0.0194 0.4460 0.0059 0.0092 0.0114 0.0968 0.0056 0.0634 0.0045 0.0208 0.0117 0.0097 0.0143 0.0075 0.0103 0.0060 0.0178 0.1042 0.0132 
      H047.4  2 0.0227 0.0575 0.0508 0.0299 0.0054 0.0123 0.2154 0.0052 0.0108 0.0132 0.2149 0.0049 0.1746 0.0033 0.0225 0.0165 0.0070 0.0069 0.0242 0.0543 0.0117 0.0123 0.0087 0.0148 
      H047.5  2 0.0100 0.1544 0.0288 0.0483 0.0058 0.0303 0.4097 0.0058 0.0131 0.0190 0.0346 0.0064 0.0314 0.0034 0.0434 0.0059 0.0273 0.0073 0.0115 0.0115 0.0045 0.0196 0.0597 0.0082 
      H047.6  2 0.0114 0.0096 0.0216 0.0149 0.0064 0.0064 0.6476 0.0037 0.0065 0.0067 0.0725 0.0036 0.0791 0.0052 0.0179 0.0144 0.0056 0.0051 0.0053 0.0108 0.0047 0.0124 0.0161 0.0125 
      H047.7  2 0.0074 0.1802 0.0079 0.0251 0.0092 0.0231 0.2962 0.0257 0.0072 0.0050 0.1842 0.0039 0.0397 0.0087 0.1034 0.0110 0.0046 0.0076 0.0178 0.0064 0.0038 0.0055 0.0057 0.0106 
      H047.8  2 0.0072 0.0319 0.0271 0.0307 0.0054 0.0192 0.5715 0.0065 0.0051 0.0078 0.0429 0.0051 0.1231 0.0038 0.0283 0.0176 0.0078 0.0115 0.0049 0.0063 0.0038 0.0090 0.0075 0.0159 
      H047.9  2 0.0141 0.1813 0.0084 0.0292 0.0070 0.0333 0.2979 0.0189 0.0419 0.0206 0.1025 0.0072 0.0163 0.0039 0.0964 0.0100 0.0242 0.0170 0.0172 0.0152 0.0044 0.0138 0.0097 0.0097 
 H071.1_2002  2 0.0078 0.7429 0.0062 0.0102 0.0042 0.0069 0.0059 0.0096 0.0042 0.0259 0.0872 0.0107 0.0078 0.0059 0.0067 0.0060 0.0086 0.0093 0.0033 0.0077 0.0035 0.0072 0.0056 0.0068 
 H071.1_2003  2 0.0244 0.6577 0.0135 0.0143 0.0028 0.0134 0.0087 0.0087 0.0043 0.0586 0.0119 0.0477 0.0119 0.0094 0.0062 0.0080 0.0244 0.0085 0.0074 0.0150 0.0046 0.0180 0.0060 0.0149 
     H071.10  2 0.0039 0.0641 0.0061 0.0097 0.0073 0.0122 0.0033 0.1104 0.0083 0.0109 0.6285 0.0540 0.0057 0.0058 0.0187 0.0052 0.0062 0.0036 0.0052 0.0067 0.0107 0.0029 0.0053 0.0053 
 H071.2_2002  2 0.0144 0.2173 0.0074 0.0123 0.0029 0.0155 0.0083 0.0194 0.0058 0.0179 0.4989 0.0125 0.0096 0.0071 0.0119 0.0044 0.0149 0.0061 0.0091 0.0065 0.0327 0.0117 0.0112 0.0421 
 H071.2_2003  2 0.0076 0.8543 0.0045 0.0057 0.0033 0.0115 0.0038 0.0038 0.0028 0.0084 0.0262 0.0065 0.0044 0.0036 0.0040 0.0078 0.0061 0.0063 0.0038 0.0048 0.0046 0.0058 0.0046 0.0059 
      H071.3  2 0.0044 0.8051 0.0065 0.0088 0.0051 0.0068 0.0105 0.0326 0.0058 0.0085 0.0180 0.0093 0.0126 0.0064 0.0064 0.0047 0.0048 0.0044 0.0135 0.0058 0.0073 0.0032 0.0052 0.0044 
 H071.4_2002  2 0.0064 0.0180 0.0064 0.0204 0.0057 0.0073 0.0044 0.0701 0.0212 0.0141 0.7138 0.0178 0.0038 0.0098 0.0151 0.0036 0.0069 0.0044 0.0055 0.0092 0.0126 0.0052 0.0063 0.0117 
 H071.4_2003  2 0.0031 0.8596 0.0049 0.0063 0.0039 0.0078 0.0050 0.0196 0.0057 0.0047 0.0113 0.0068 0.0039 0.0031 0.0060 0.0039 0.0037 0.0063 0.0071 0.0047 0.0081 0.0028 0.0054 0.0064 
 H071.5_2002  2 0.0039 0.6033 0.0051 0.0091 0.0115 0.0087 0.0044 0.0254 0.0100 0.0123 0.2140 0.0181 0.0049 0.0069 0.0117 0.0084 0.0084 0.0051 0.0037 0.0052 0.0054 0.0042 0.0048 0.0056 
 H071.5_2003  2 0.0077 0.8224 0.0066 0.0089 0.0036 0.0063 0.0052 0.0342 0.0069 0.0081 0.0075 0.0051 0.0044 0.0032 0.0102 0.0048 0.0047 0.0054 0.0139 0.0076 0.0067 0.0036 0.0070 0.0060 
 H071.6_2002  2 0.0041 0.5499 0.0078 0.0125 0.0046 0.0253 0.0046 0.1167 0.0079 0.0179 0.0757 0.0179 0.0038 0.0082 0.0448 0.0038 0.0090 0.0043 0.0120 0.0042 0.0432 0.0046 0.0085 0.0089 
 H071.6_2003  2 0.0059 0.8585 0.0046 0.0063 0.0034 0.0059 0.0041 0.0135 0.0052 0.0075 0.0063 0.0175 0.0031 0.0029 0.0074 0.0041 0.0046 0.0040 0.0085 0.0095 0.0040 0.0028 0.0046 0.0057 
 H071.7_2002  2 0.0041 0.8862 0.0081 0.0043 0.0032 0.0074 0.0044 0.0082 0.0030 0.0068 0.0063 0.0029 0.0046 0.0045 0.0083 0.0037 0.0050 0.0033 0.0039 0.0044 0.0059 0.0027 0.0046 0.0039 
 H071.7_2003  2 0.0061 0.8167 0.0054 0.0129 0.0040 0.0063 0.0050 0.0251 0.0065 0.0172 0.0111 0.0130 0.0069 0.0040 0.0076 0.0041 0.0052 0.0060 0.0087 0.0073 0.0041 0.0042 0.0063 0.0061 
      H071.8  2 0.0130 0.1226 0.0059 0.0083 0.0033 0.0465 0.0079 0.0079 0.0048 0.0121 0.6295 0.0067 0.0108 0.0058 0.0059 0.0049 0.0129 0.0071 0.0112 0.0069 0.0369 0.0107 0.0054 0.0129 
      H071.9  2 0.0150 0.0171 0.0059 0.0348 0.0079 0.0102 0.0125 0.0346 0.0187 0.0721 0.5824 0.0126 0.0074 0.0057 0.0196 0.0075 0.0092 0.0044 0.0339 0.0130 0.0386 0.0111 0.0144 0.0117 
 H081.1_2002  2 0.0130 0.7895 0.0073 0.0110 0.0100 0.0159 0.0049 0.0057 0.0136 0.0062 0.0332 0.0074 0.0041 0.0070 0.0066 0.0075 0.0157 0.0044 0.0058 0.0049 0.0039 0.0117 0.0067 0.0039 
 H081.1_2003  2 0.0411 0.0296 0.2811 0.0839 0.0129 0.0827 0.0120 0.0054 0.0096 0.0478 0.0248 0.0249 0.0141 0.1501 0.0147 0.0251 0.0091 0.0134 0.0177 0.0263 0.0158 0.0235 0.0186 0.0157 
 H081.2_2002  2 0.0118 0.7793 0.0166 0.0105 0.0034 0.0095 0.0103 0.0036 0.0118 0.0102 0.0201 0.0046 0.0045 0.0054 0.0055 0.0059 0.0408 0.0044 0.0038 0.0095 0.0063 0.0093 0.0042 0.0085 
 H081.2_2003  2 0.0123 0.0320 0.0108 0.0690 0.0344 0.0593 0.0085 0.0213 0.0102 0.1850 0.0135 0.1727 0.0142 0.0058 0.0053 0.0149 0.0512 0.0115 0.1785 0.0136 0.0468 0.0055 0.0101 0.0135 
 H081.3_2002  2 0.0128 0.1116 0.0065 0.0138 0.0063 0.0309 0.0512 0.0069 0.0091 0.0164 0.5541 0.0117 0.0083 0.0067 0.0042 0.0083 0.0492 0.0049 0.0113 0.0222 0.0172 0.0053 0.0057 0.0252 
 H081.3_2003  2 0.0138 0.0069 0.0071 0.0356 0.0116 0.0190 0.0108 0.0171 0.0114 0.5213 0.0173 0.1498 0.0096 0.0099 0.0084 0.0091 0.0120 0.0093 0.0178 0.0090 0.0394 0.0082 0.0182 0.0272 
 H081.4_2002  2 0.0056 0.7843 0.0090 0.0110 0.0073 0.0076 0.0103 0.0085 0.0080 0.0065 0.0492 0.0112 0.0067 0.0048 0.0059 0.0074 0.0042 0.0097 0.0068 0.0090 0.0118 0.0054 0.0052 0.0045 
 H081.4_2003  2 0.0997 0.0235 0.0940 0.0876 0.0126 0.0195 0.0078 0.0130 0.0200 0.0914 0.0140 0.2312 0.0090 0.0115 0.0100 0.0460 0.0249 0.0249 0.0189 0.0321 0.0254 0.0274 0.0376 0.0180 
 H081.5_2002  2 0.0126 0.7555 0.0094 0.0105 0.0049 0.0137 0.0089 0.0071 0.0047 0.0116 0.0370 0.0208 0.0064 0.0067 0.0107 0.0075 0.0059 0.0071 0.0095 0.0134 0.0124 0.0050 0.0077 0.0109 
 H081.5_2003  2 0.0768 0.0863 0.3412 0.0471 0.0113 0.0292 0.0130 0.0055 0.0172 0.0425 0.0116 0.0399 0.0317 0.0167 0.0118 0.0273 0.0450 0.0079 0.0160 0.0454 0.0090 0.0266 0.0241 0.0170 
      H081.6  2 0.0063 0.8692 0.0083 0.0061 0.0035 0.0102 0.0045 0.0040 0.0050 0.0047 0.0089 0.0081 0.0039 0.0043 0.0081 0.0034 0.0083 0.0058 0.0043 0.0042 0.0039 0.0053 0.0056 0.0040 
      H081.7  2 0.0078 0.4542 0.0092 0.0186 0.0076 0.0226 0.0116 0.0116 0.0138 0.0231 0.1481 0.0207 0.0060 0.0062 0.0075 0.0062 0.1296 0.0050 0.0095 0.0156 0.0252 0.0074 0.0076 0.0253 
      H081.8  2 0.0135 0.0378 0.0083 0.0319 0.0153 0.0133 0.0067 0.0146 0.0129 0.0156 0.6382 0.0378 0.0146 0.0083 0.0068 0.0079 0.0128 0.0052 0.0209 0.0166 0.0400 0.0062 0.0058 0.0090 
      H083.1  2 0.0039 0.1688 0.0219 0.0109 0.0315 0.0063 0.0102 0.0130 0.0045 0.0186 0.5811 0.0093 0.0048 0.0095 0.0270 0.0217 0.0073 0.0086 0.0058 0.0063 0.0055 0.0120 0.0077 0.0038 
      H083.2  2 0.0066 0.0556 0.0233 0.0153 0.0129 0.0041 0.0258 0.0072 0.0078 0.0265 0.7222 0.0077 0.0054 0.0057 0.0088 0.0052 0.0127 0.0062 0.0039 0.0053 0.0047 0.0066 0.0121 0.0086 
      H083.4  2 0.0045 0.0244 0.0170 0.0323 0.0544 0.0244 0.0090 0.0204 0.0083 0.0168 0.6738 0.0056 0.0051 0.0103 0.0089 0.0051 0.0195 0.0048 0.0038 0.0042 0.0261 0.0039 0.0081 0.0093 
      H083.5  2 0.0055 0.0886 0.0238 0.0132 0.0563 0.0178 0.0141 0.0070 0.0056 0.0088 0.6381 0.0043 0.0042 0.0214 0.0098 0.0193 0.0122 0.0049 0.0050 0.0047 0.0079 0.0174 0.0059 0.0043 
      H083.6  2 0.0048 0.0627 0.0286 0.0148 0.0856 0.0086 0.0063 0.0178 0.0133 0.0074 0.5976 0.0138 0.0045 0.0078 0.0078 0.0166 0.0199 0.0102 0.0066 0.0079 0.0170 0.0260 0.0097 0.0046 
      H083.7  2 0.0056 0.0139 0.0117 0.0132 0.1052 0.0194 0.0097 0.0201 0.0180 0.0080 0.6745 0.0052 0.0049 0.0086 0.0094 0.0051 0.0185 0.0062 0.0036 0.0046 0.0129 0.0064 0.0065 0.0088 
      H083.8  2 0.0064 0.0271 0.0163 0.0148 0.0121 0.0046 0.0341 0.0075 0.0081 0.0214 0.7600 0.0045 0.0059 0.0040 0.0082 0.0058 0.0115 0.0064 0.0038 0.0059 0.0053 0.0066 0.0104 0.0092 
      H083.9  2 0.0052 0.1496 0.0126 0.0103 0.1324 0.0118 0.0159 0.0062 0.0055 0.0055 0.5405 0.0049 0.0072 0.0054 0.0086 0.0179 0.0083 0.0081 0.0071 0.0048 0.0057 0.0182 0.0049 0.0034 
      H084.1  2 0.0067 0.0049 0.0111 0.0442 0.0089 0.0073 0.0154 0.0113 0.0178 0.0408 0.0291 0.0297 0.0068 0.0973 0.0167 0.0100 0.0058 0.0091 0.5231 0.0099 0.0093 0.0313 0.0414 0.0119 
      H084.2  2 0.0072 0.0051 0.0163 0.0698 0.0073 0.0055 0.0083 0.0147 0.0109 0.1802 0.0554 0.0532 0.0038 0.0809 0.0124 0.0167 0.0035 0.0108 0.3284 0.0243 0.0160 0.0068 0.0509 0.0116 
      H084.3  2 0.0079 0.0063 0.0422 0.0656 0.0121 0.0072 0.0113 0.0061 0.1015 0.0193 0.0099 0.1090 0.0392 0.3125 0.0374 0.0235 0.0060 0.0328 0.0507 0.0210 0.0093 0.0473 0.0121 0.0098 
      H084.4  2 0.0070 0.0056 0.0596 0.0364 0.0057 0.0077 0.0113 0.0055 0.0163 0.0306 0.0173 0.0222 0.0774 0.2629 0.0154 0.0325 0.0036 0.0097 0.2770 0.0317 0.0143 0.0165 0.0161 0.0177 
      H084.5  2 0.0056 0.0064 0.0404 0.0209 0.0078 0.0057 0.0163 0.0059 0.0131 0.0116 0.0070 0.0126 0.0907 0.1046 0.1139 0.0095 0.0093 0.0097 0.4145 0.0173 0.0074 0.0450 0.0153 0.0095 
      H084.6  2 0.0043 0.0045 0.0078 0.0311 0.0546 0.0073 0.0259 0.0048 0.0533 0.0141 0.0105 0.3022 0.0726 0.1344 0.0472 0.0094 0.0074 0.0058 0.1294 0.0102 0.0194 0.0243 0.0071 0.0125 
      H084.7  2 0.0073 0.0052 0.0081 0.0310 0.0069 0.0059 0.0088 0.0191 0.0101 0.0365 0.0225 0.0254 0.0056 0.0240 0.0098 0.0166 0.0048 0.0078 0.6173 0.0114 0.0141 0.0103 0.0819 0.0096 
      H084.8  2 0.0061 0.0032 0.0106 0.0188 0.0091 0.0086 0.0277 0.0035 0.0215 0.0066 0.0103 0.0137 0.0371 0.1735 0.0202 0.0107 0.0095 0.0148 0.4836 0.0080 0.0089 0.0741 0.0125 0.0072 
 H085.1_2002  2 0.0145 0.0159 0.0056 0.0116 0.0133 0.0140 0.0063 0.0055 0.0052 0.2557 0.0159 0.0127 0.0066 0.0164 0.0115 0.0139 0.5338 0.0049 0.0043 0.0048 0.0060 0.0051 0.0075 0.0090 
 H085.1_2003  2 0.0097 0.2173 0.0055 0.0771 0.0891 0.0242 0.0127 0.0249 0.0144 0.1296 0.0836 0.0111 0.0241 0.0176 0.0035 0.0388 0.0940 0.0079 0.0079 0.0525 0.0214 0.0111 0.0118 0.0101 
 H085.2_2002  2 0.1142 0.0095 0.0216 0.0493 0.1115 0.0133 0.0067 0.0313 0.0252 0.2191 0.0485 0.0253 0.0068 0.0607 0.0158 0.0200 0.1163 0.0051 0.0080 0.0148 0.0087 0.0138 0.0120 0.0426 
 H085.2_2003  2 0.0149 0.2895 0.0156 0.0376 0.0567 0.0670 0.0356 0.0163 0.0077 0.0449 0.1432 0.0197 0.0152 0.0144 0.0062 0.0427 0.0247 0.0221 0.0101 0.0530 0.0263 0.0059 0.0194 0.0114 
 H085.3_2002  2 0.0587 0.0123 0.0150 0.0342 0.0207 0.0361 0.0070 0.0140 0.0092 0.0766 0.0073 0.0050 0.0175 0.0047 0.0039 0.0235 0.5712 0.0047 0.0043 0.0398 0.0037 0.0066 0.0056 0.0185 
 H085.3_2003  2 0.0055 0.7234 0.0069 0.0101 0.0055 0.0211 0.0080 0.0298 0.0058 0.0047 0.0047 0.0061 0.0521 0.0051 0.0031 0.0092 0.0102 0.0100 0.0032 0.0577 0.0041 0.0044 0.0043 0.0049 
 H085.4_2002  2 0.0267 0.0266 0.0079 0.0348 0.0234 0.1299 0.0062 0.0393 0.0127 0.1955 0.0542 0.0324 0.0065 0.0345 0.0147 0.0172 0.2321 0.0077 0.0076 0.0138 0.0099 0.0174 0.0118 0.0371 
 H085.4_2003  2 0.0396 0.3743 0.0162 0.0240 0.0075 0.0182 0.0081 0.0082 0.0157 0.0105 0.0850 0.0323 0.1930 0.0072 0.0192 0.0479 0.0103 0.0058 0.0075 0.0400 0.0049 0.0068 0.0066 0.0114 
 H085.5_2002  2 0.0190 0.0184 0.0061 0.0122 0.0040 0.0289 0.0063 0.0086 0.0080 0.0633 0.0038 0.0049 0.0189 0.0041 0.0036 0.0092 0.7177 0.0061 0.0036 0.0244 0.0034 0.0092 0.0058 0.0104 
 H085.5_2003  2 0.0060 0.6006 0.0066 0.0100 0.0712 0.0837 0.0117 0.0188 0.0052 0.0114 0.0303 0.0309 0.0064 0.0076 0.0066 0.0220 0.0158 0.0129 0.0062 0.0089 0.0092 0.0037 0.0083 0.0063 
 H085.6_2002  2 0.0177 0.0082 0.0103 0.0164 0.0124 0.0102 0.0094 0.0084 0.0051 0.4019 0.0113 0.0048 0.0062 0.0073 0.0057 0.0099 0.4068 0.0040 0.0058 0.0108 0.0049 0.0055 0.0063 0.0107 
 H085.6_2003  2 0.0260 0.0957 0.0210 0.0231 0.0042 0.0212 0.0147 0.0089 0.0106 0.0131 0.0113 0.0061 0.0913 0.0067 0.0044 0.0131 0.0166 0.0069 0.0068 0.5588 0.0056 0.0124 0.0085 0.0131 
 H085.7_2002  2 0.1258 0.0514 0.0500 0.0328 0.0710 0.0347 0.0263 0.0162 0.0093 0.0737 0.0303 0.0211 0.0155 0.0131 0.0069 0.0881 0.2253 0.0071 0.0049 0.0311 0.0110 0.0072 0.0102 0.0369 
 H085.7_2003  2 0.0093 0.5086 0.0079 0.0375 0.0113 0.0436 0.0208 0.0320 0.0110 0.0552 0.0528 0.0068 0.0798 0.0086 0.0041 0.0106 0.0131 0.0127 0.0052 0.0375 0.0070 0.0093 0.0074 0.0080 
 H085.8_2002  2 0.0888 0.0431 0.0767 0.0894 0.0162 0.0238 0.0095 0.1118 0.0108 0.0542 0.0104 0.0154 0.0676 0.0151 0.0055 0.0104 0.1406 0.0062 0.0072 0.0952 0.0138 0.0143 0.0072 0.0668 
 H085.8_2003  2 0.0283 0.0581 0.0187 0.0682 0.1061 0.0426 0.0383 0.0117 0.0265 0.0370 0.0816 0.0201 0.0304 0.0180 0.0139 0.2010 0.0370 0.0121 0.0174 0.0799 0.0080 0.0138 0.0176 0.0134 
      H085.9  2 0.0677 0.0433 0.0096 0.0199 0.0159 0.0348 0.0084 0.0114 0.0096 0.0687 0.0208 0.0213 0.0138 0.0333 0.0118 0.0316 0.5078 0.0091 0.0043 0.0203 0.0087 0.0089 0.0107 0.0083 
      H088.1  2 0.0201 0.0059 0.0085 0.0236 0.0121 0.0137 0.0078 0.0179 0.0223 0.0118 0.0212 0.0065 0.0038 0.0068 0.0042 0.6274 0.0189 0.0136 0.0117 0.0055 0.0339 0.0782 0.0139 0.0106 
      H088.2  2 0.0182 0.0044 0.0125 0.0127 0.0088 0.0054 0.0092 0.0074 0.0113 0.0222 0.0087 0.0052 0.0043 0.0065 0.0114 0.7311 0.0178 0.0063 0.0073 0.0082 0.0079 0.0478 0.0143 0.0111 
      H088.3  2 0.0126 0.0035 0.0116 0.0091 0.0050 0.0051 0.0117 0.0064 0.0051 0.0116 0.0059 0.0049 0.0040 0.0046 0.0103 0.8054 0.0097 0.0045 0.0087 0.0093 0.0120 0.0229 0.0090 0.0070 
      H088.4  2 0.0074 0.0053 0.0080 0.0105 0.0032 0.0055 0.0044 0.0056 0.0038 0.0093 0.0174 0.0098 0.0041 0.0044 0.0074 0.8092 0.0038 0.0092 0.0243 0.0085 0.0133 0.0082 0.0071 0.0102 
      H088.5  2 0.0066 0.0030 0.0033 0.0048 0.0039 0.0047 0.0058 0.0058 0.0051 0.0063 0.0097 0.0050 0.0044 0.0038 0.0043 0.8632 0.0048 0.0050 0.0104 0.0054 0.0111 0.0107 0.0054 0.0075 
      H088.6  2 0.0052 0.0053 0.0067 0.0078 0.0054 0.0085 0.0112 0.0094 0.0073 0.0057 0.0213 0.0079 0.0071 0.0047 0.0045 0.8086 0.0044 0.0066 0.0105 0.0055 0.0176 0.0138 0.0070 0.0080 
      H088.7  2 0.0086 0.0087 0.0114 0.0123 0.0060 0.0080 0.0235 0.0050 0.0054 0.0125 0.0530 0.0047 0.0054 0.0053 0.0096 0.7367 0.0084 0.0066 0.0159 0.0138 0.0111 0.0162 0.0081 0.0038 
      H088.8  2 0.0073 0.0112 0.0079 0.0277 0.0072 0.0228 0.0172 0.0137 0.0116 0.0095 0.1552 0.0077 0.0084 0.0055 0.0052 0.5217 0.0064 0.0278 0.0362 0.0100 0.0523 0.0127 0.0080 0.0069 
      H091.1  2 0.0064 0.0231 0.0044 0.0272 0.0114 0.0183 0.0103 0.0383 0.0071 0.0316 0.0088 0.0072 0.0247 0.0054 0.0064 0.7109 0.0058 0.0066 0.0038 0.0220 0.0046 0.0050 0.0049 0.0058 
      H091.2  2 0.0062 0.0148 0.0053 0.0132 0.0167 0.0984 0.0112 0.0539 0.0126 0.0241 0.0137 0.0039 0.0810 0.0038 0.0080 0.5886 0.0044 0.0066 0.0041 0.0074 0.0052 0.0050 0.0063 0.0055 
      H109.1  2 0.0079 0.0046 0.0085 0.0228 0.0267 0.0085 0.0244 0.0050 0.0061 0.0210 0.0087 0.0052 0.0110 0.0135 0.0166 0.0041 0.0112 0.0080 0.6891 0.0042 0.0163 0.0199 0.0513 0.0053 
      H109.2  2 0.0074 0.0044 0.0047 0.0046 0.0059 0.0054 0.0048 0.0037 0.0059 0.0054 0.0065 0.0078 0.0039 0.0040 0.0067 0.0046 0.0044 0.0037 0.8810 0.0059 0.0038 0.0055 0.0055 0.0044 
      H109.3  2 0.0047 0.0082 0.0102 0.0187 0.0080 0.0037 0.0362 0.0196 0.0058 0.0411 0.0107 0.0069 0.0142 0.0061 0.0075 0.0068 0.0043 0.0130 0.7154 0.0116 0.0076 0.0160 0.0185 0.0053 
      H109.4  2 0.0074 0.0038 0.0039 0.0083 0.0048 0.0038 0.0094 0.0161 0.0045 0.0129 0.0087 0.0050 0.0094 0.0071 0.0062 0.0061 0.0039 0.0090 0.8284 0.0074 0.0148 0.0069 0.0079 0.0043 
      H109.5  2 0.0062 0.0168 0.0058 0.0103 0.0031 0.0048 0.0097 0.0065 0.0055 0.0214 0.0237 0.0062 0.0097 0.0040 0.0066 0.0126 0.0053 0.0079 0.7804 0.0099 0.0045 0.0280 0.0078 0.0033 
      H109.6  2 0.0132 0.0059 0.0108 0.0141 0.0050 0.0077 0.0115 0.0072 0.0159 0.0075 0.0093 0.0073 0.0063 0.0070 0.0148 0.0053 0.0045 0.0081 0.7660 0.0054 0.0327 0.0148 0.0129 0.0068 
      H126.1  2 0.0402 0.0066 0.0135 0.1176 0.0070 0.0151 0.0113 0.0378 0.0084 0.0465 0.0102 0.0048 0.0111 0.0084 0.1256 0.0140 0.0902 0.0398 0.0312 0.0243 0.0165 0.0131 0.1390 0.1678 
      H126.2  2 0.0112 0.0416 0.0143 0.3749 0.0119 0.0398 0.0258 0.0596 0.0060 0.1408 0.0256 0.0067 0.0061 0.0245 0.0201 0.0074 0.0384 0.0162 0.0414 0.0218 0.0089 0.0058 0.0120 0.0393 
      H126.3  2 0.0063 0.0070 0.0040 0.0686 0.0165 0.0087 0.0048 0.0099 0.0034 0.2499 0.0709 0.0028 0.0068 0.0042 0.4053 0.0437 0.0112 0.0061 0.0081 0.0035 0.0128 0.0076 0.0284 0.0096 
      H126.4  2 0.0372 0.0156 0.0167 0.2387 0.0172 0.0142 0.0151 0.0707 0.0101 0.0187 0.0308 0.0113 0.0097 0.0124 0.0371 0.0147 0.0170 0.1089 0.0146 0.0129 0.0224 0.0152 0.0236 0.2151 
      H126.5  2 0.0293 0.1425 0.0209 0.0586 0.0063 0.3237 0.0051 0.0961 0.0095 0.0221 0.0128 0.0049 0.0065 0.0047 0.1080 0.0058 0.0189 0.0303 0.0110 0.0194 0.0119 0.0065 0.0130 0.0322 
      H126.6  2 0.0060 0.0792 0.0115 0.0247 0.0058 0.0243 0.0115 0.0077 0.0036 0.4815 0.0939 0.0044 0.0084 0.0044 0.1352 0.0135 0.0400 0.0078 0.0055 0.0071 0.0040 0.0045 0.0052 0.0103 
      H126.7  2 0.0065 0.4123 0.0183 0.0326 0.0139 0.0241 0.0078 0.0603 0.0059 0.0240 0.1651 0.0091 0.0110 0.0031 0.0212 0.0612 0.0515 0.0167 0.0078 0.0137 0.0101 0.0047 0.0096 0.0095 
      H130.1  2 0.5189 0.0043 0.0178 0.0226 0.0083 0.0071 0.0109 0.0112 0.0081 0.1934 0.0100 0.0069 0.0064 0.0057 0.0060 0.0304 0.0067 0.0123 0.0144 0.0218 0.0230 0.0126 0.0091 0.0322 
      H130.2  2 0.1412 0.0257 0.0607 0.0890 0.0363 0.0053 0.0328 0.0067 0.0191 0.0793 0.0253 0.1687 0.0200 0.0084 0.0049 0.0221 0.0098 0.0129 0.0421 0.0178 0.0708 0.0055 0.0774 0.0181 
      H130.3  2 0.0710 0.0211 0.1180 0.1138 0.0055 0.0077 0.0151 0.0091 0.0155 0.0559 0.0190 0.0396 0.0053 0.0050 0.0051 0.0195 0.0058 0.1932 0.0080 0.0107 0.0159 0.0092 0.2126 0.0184 
      H130.4  2 0.3195 0.0039 0.0134 0.0363 0.0195 0.0076 0.0157 0.0089 0.0224 0.2548 0.0100 0.0205 0.0066 0.0180 0.0067 0.0158 0.0100 0.0459 0.0082 0.0096 0.0376 0.0094 0.0687 0.0311 
      H130.5  2 0.4130 0.0372 0.0589 0.0336 0.0150 0.0035 0.0062 0.0090 0.0197 0.1605 0.0329 0.0628 0.0065 0.0044 0.0048 0.0185 0.0168 0.0058 0.0136 0.0194 0.0156 0.0158 0.0149 0.0117 
      H133.1  2 0.0286 0.0150 0.0091 0.0221 0.0085 0.0043 0.0214 0.0047 0.0074 0.4509 0.0309 0.0086 0.0123 0.0381 0.0054 0.0092 0.0068 0.0188 0.0223 0.0128 0.0062 0.0124 0.2287 0.0154 
      H133.2  2 0.0301 0.0096 0.0140 0.0171 0.0032 0.0080 0.0091 0.0041 0.0050 0.6986 0.0047 0.0222 0.0113 0.0048 0.0058 0.0082 0.0117 0.0080 0.0533 0.0235 0.0069 0.0132 0.0115 0.0161 
      H133.3  2 0.0199 0.0125 0.0059 0.0908 0.0079 0.0047 0.0306 0.0076 0.0080 0.4345 0.0492 0.0096 0.0109 0.0515 0.0106 0.0336 0.0223 0.0157 0.0220 0.0414 0.0060 0.0316 0.0650 0.0082 
      H133.4  2 0.0126 0.0100 0.0229 0.0393 0.0066 0.0112 0.0670 0.0055 0.0092 0.5535 0.0172 0.0068 0.0292 0.0236 0.0048 0.0094 0.0078 0.0176 0.0296 0.0173 0.0127 0.0086 0.0667 0.0109 
      H133.5  2 0.0123 0.0055 0.0199 0.0234 0.0043 0.0062 0.0059 0.0076 0.0046 0.7074 0.0066 0.0083 0.0045 0.0067 0.0046 0.0107 0.0113 0.0113 0.0098 0.0099 0.0059 0.0044 0.0990 0.0099 
      H133.6  2 0.0230 0.0043 0.0149 0.0347 0.0091 0.0067 0.0108 0.0094 0.0094 0.6370 0.0141 0.0180 0.0068 0.0062 0.0085 0.0327 0.0107 0.0088 0.0148 0.0264 0.0086 0.0143 0.0323 0.0386 
      H133.7  2 0.0402 0.0080 0.0099 0.0555 0.0075 0.0069 0.1177 0.0059 0.0219 0.3315 0.0169 0.0044 0.1378 0.0556 0.0046 0.0069 0.0143 0.0099 0.0113 0.0522 0.0041 0.0254 0.0405 0.0109 
      H133.8  2 0.0105 0.0054 0.0066 0.0142 0.0053 0.0045 0.0089 0.0071 0.0049 0.7032 0.0070 0.0059 0.0385 0.0185 0.0071 0.0040 0.0192 0.0060 0.0092 0.0055 0.0031 0.0047 0.0957 0.0052 
      H133.9  2 0.0234 0.0110 0.0182 0.0519 0.0113 0.0055 0.0229 0.0067 0.0085 0.2837 0.0485 0.0080 0.0087 0.0314 0.0054 0.0117 0.0066 0.0218 0.0131 0.0115 0.0041 0.0127 0.3569 0.0165 
      H147.1  2 0.0110 0.7162 0.0179 0.0122 0.0102 0.0141 0.0080 0.0031 0.0081 0.0058 0.0044 0.0235 0.0615 0.0080 0.0098 0.0123 0.0124 0.0033 0.0154 0.0117 0.0049 0.0159 0.0037 0.0063 
      H147.2  2 0.0079 0.8653 0.0175 0.0054 0.0038 0.0052 0.0031 0.0029 0.0048 0.0041 0.0037 0.0111 0.0062 0.0034 0.0052 0.0077 0.0051 0.0035 0.0045 0.0096 0.0049 0.0055 0.0037 0.0060 
      H147.3  2 0.0048 0.9052 0.0060 0.0048 0.0037 0.0073 0.0037 0.0028 0.0036 0.0037 0.0037 0.0049 0.0037 0.0034 0.0035 0.0032 0.0060 0.0031 0.0043 0.0048 0.0024 0.0046 0.0035 0.0035 
      H147.4  2 0.0029 0.8914 0.0052 0.0035 0.0060 0.0078 0.0047 0.0034 0.0028 0.0034 0.0046 0.0106 0.0087 0.0096 0.0041 0.0038 0.0041 0.0037 0.0043 0.0034 0.0030 0.0036 0.0029 0.0026 
      H147.5  2 0.0085 0.7234 0.0182 0.0179 0.0099 0.0062 0.0064 0.0044 0.0062 0.0049 0.0054 0.0152 0.0100 0.0042 0.0053 0.0572 0.0102 0.0143 0.0233 0.0152 0.0074 0.0158 0.0053 0.0054 
      H147.6  2 0.0058 0.7198 0.0161 0.0100 0.0071 0.0053 0.0075 0.0043 0.0049 0.0055 0.0043 0.0139 0.0118 0.0044 0.0072 0.0687 0.0080 0.0104 0.0462 0.0108 0.0086 0.0104 0.0043 0.0046 
      H147.7  2 0.0049 0.8536 0.0073 0.0052 0.0081 0.0115 0.0083 0.0033 0.0045 0.0033 0.0066 0.0094 0.0126 0.0121 0.0052 0.0048 0.0040 0.0035 0.0097 0.0056 0.0030 0.0067 0.0032 0.0036 
      H147.8  2 0.0032 0.8031 0.0073 0.0087 0.0137 0.0057 0.0100 0.0034 0.0029 0.0072 0.0052 0.0085 0.0093 0.0172 0.0063 0.0346 0.0069 0.0067 0.0174 0.0057 0.0062 0.0053 0.0031 0.0021 
      H147.9  2 0.0041 0.8999 0.0080 0.0040 0.0037 0.0063 0.0038 0.0037 0.0032 0.0036 0.0034 0.0057 0.0058 0.0030 0.0041 0.0030 0.0049 0.0032 0.0052 0.0059 0.0036 0.0048 0.0032 0.0038 
      H148.1  2 0.1975 0.0105 0.0396 0.0587 0.0244 0.0225 0.0182 0.0139 0.0370 0.0115 0.0126 0.0282 0.0204 0.0468 0.0402 0.0143 0.0102 0.0050 0.0692 0.0573 0.0987 0.0654 0.0224 0.0754 
      H148.2  2 0.1432 0.0147 0.0181 0.1158 0.0171 0.0105 0.0125 0.0079 0.1160 0.0116 0.0189 0.0193 0.0143 0.0347 0.0488 0.0073 0.0197 0.0064 0.0458 0.0131 0.0543 0.1856 0.0420 0.0225 
      H148.3  2 0.0173 0.0071 0.0124 0.1860 0.0083 0.0252 0.0162 0.0106 0.3705 0.0039 0.0111 0.0245 0.0415 0.0441 0.0176 0.0093 0.0066 0.0051 0.0065 0.0152 0.0282 0.1110 0.0121 0.0095 
      H148.4  2 0.1954 0.0118 0.0709 0.0538 0.0077 0.0229 0.0103 0.0086 0.0677 0.0066 0.0111 0.0109 0.0240 0.0340 0.0301 0.0084 0.0144 0.0065 0.0150 0.0412 0.2010 0.0893 0.0216 0.0366 
      H148.5  2 0.0127 0.0069 0.0152 0.0224 0.0092 0.0067 0.0130 0.0099 0.3865 0.0047 0.0097 0.0316 0.0049 0.0157 0.0194 0.0132 0.0088 0.0071 0.0193 0.0063 0.1626 0.1910 0.0156 0.0077 
      H148.6  2 0.0873 0.0093 0.0194 0.0294 0.0278 0.0246 0.0106 0.0055 0.3186 0.0053 0.0129 0.0130 0.0144 0.1098 0.0268 0.0108 0.0144 0.0048 0.0156 0.0211 0.0659 0.1264 0.0123 0.0139 
      H148.7  2 0.0578 0.0084 0.0265 0.1039 0.0106 0.0069 0.0314 0.0158 0.1425 0.0056 0.0061 0.0101 0.0133 0.0183 0.0324 0.0184 0.0092 0.0180 0.0363 0.0131 0.1805 0.1936 0.0319 0.0094 
      H148.8  2 0.2991 0.0081 0.0187 0.0181 0.0047 0.0082 0.0035 0.0059 0.3226 0.0047 0.0066 0.0064 0.0103 0.0213 0.0065 0.0129 0.0098 0.0067 0.0103 0.0068 0.0468 0.1462 0.0089 0.0069 
      H148.9  2 0.1170 0.0070 0.0090 0.0785 0.0152 0.0377 0.0378 0.0235 0.1039 0.0073 0.0081 0.0161 0.0167 0.0881 0.0809 0.0056 0.0513 0.0081 0.0122 0.0099 0.0302 0.0380 0.1847 0.0133 
   H166022.1  2 0.0108 0.0140 0.0280 0.0097 0.0282 0.0105 0.0065 0.0045 0.0072 0.0086 0.0057 0.0096 0.0119 0.0081 0.0058 0.7666 0.0073 0.0041 0.0229 0.0054 0.0040 0.0106 0.0045 0.0055 
   H166022.2  2 0.0145 0.0465 0.1070 0.0338 0.0329 0.0097 0.0250 0.0087 0.0121 0.0074 0.0267 0.0259 0.0246 0.0107 0.0119 0.4541 0.0156 0.0116 0.0453 0.0342 0.0170 0.0076 0.0100 0.0072 
   H166022.3  2 0.0224 0.0047 0.0232 0.0102 0.1624 0.0056 0.0120 0.0101 0.0132 0.0056 0.0046 0.0077 0.0057 0.0054 0.0046 0.6232 0.0051 0.0104 0.0085 0.0083 0.0214 0.0095 0.0116 0.0046 
   H166022.4  2 0.0042 0.0057 0.0501 0.0081 0.0127 0.0036 0.0061 0.0130 0.0048 0.0067 0.0054 0.0084 0.0037 0.0043 0.0048 0.7952 0.0037 0.0122 0.0051 0.0079 0.0148 0.0091 0.0064 0.0039 
   H166022.5  2 0.0060 0.0082 0.0638 0.0110 0.0114 0.0077 0.0056 0.0060 0.0057 0.0089 0.0084 0.0192 0.0067 0.0039 0.0057 0.7501 0.0033 0.0083 0.0217 0.0122 0.0069 0.0071 0.0066 0.0057 
   H166022.6  2 0.0366 0.0090 0.0301 0.0166 0.0299 0.0115 0.0253 0.0063 0.0076 0.0182 0.0055 0.0165 0.0107 0.0175 0.0063 0.6763 0.0069 0.0088 0.0117 0.0107 0.0086 0.0099 0.0081 0.0114 
   H166022.7  2 0.0046 0.0072 0.0043 0.0071 0.0031 0.0118 0.0057 0.0047 0.0040 0.0061 0.0074 0.0051 0.0054 0.0039 0.0040 0.0054 0.0031 0.0043 0.0332 0.0077 0.8457 0.0041 0.0060 0.0061 
   H166022.8  2 0.0826 0.0297 0.2908 0.0465 0.0317 0.0192 0.0104 0.0061 0.0073 0.0231 0.0067 0.0673 0.0106 0.0071 0.0095 0.2213 0.0166 0.0142 0.0168 0.0395 0.0068 0.0103 0.0056 0.0204 
   H167397.1  2 0.0067 0.0152 0.0127 0.0248 0.0034 0.0165 0.0055 0.0062 0.0106 0.0055 0.0238 0.0131 0.2268 0.4501 0.0068 0.0905 0.0046 0.0063 0.0217 0.0145 0.0076 0.0078 0.0053 0.0140 
   H167397.2  2 0.0499 0.0423 0.0532 0.0416 0.0372 0.0219 0.0088 0.0090 0.0087 0.0218 0.0095 0.0268 0.0295 0.4997 0.0072 0.0115 0.0439 0.0080 0.0047 0.0175 0.0133 0.0122 0.0083 0.0135 
   H167397.3  2 0.0119 0.0206 0.0098 0.0270 0.0070 0.0360 0.0064 0.0062 0.0111 0.0089 0.0401 0.0105 0.1327 0.5514 0.0178 0.0390 0.0049 0.0073 0.0147 0.0086 0.0046 0.0045 0.0042 0.0149 
   H167397.4  2 0.0160 0.0288 0.0152 0.0169 0.0228 0.0112 0.0392 0.0102 0.0103 0.0100 0.0158 0.0141 0.0320 0.5927 0.0072 0.0130 0.0438 0.0089 0.0068 0.0078 0.0100 0.0414 0.0221 0.0036 
   H167397.5  2 0.0229 0.0257 0.0313 0.0199 0.0093 0.0077 0.0062 0.0203 0.0147 0.0106 0.0133 0.0325 0.0653 0.5747 0.0061 0.0167 0.0075 0.0062 0.0125 0.0392 0.0267 0.0106 0.0077 0.0123 
   H167397.6  2 0.0238 0.0101 0.0081 0.0350 0.0054 0.0144 0.0102 0.0088 0.0072 0.0088 0.0670 0.0076 0.1388 0.5277 0.0338 0.0183 0.0089 0.0136 0.0060 0.0084 0.0069 0.0149 0.0081 0.0082 
   H167496.1  2 0.0178 0.0053 0.0236 0.0402 0.0257 0.0091 0.0193 0.1011 0.0663 0.0329 0.0344 0.0140 0.0074 0.0065 0.0188 0.2602 0.0049 0.0221 0.0583 0.0595 0.0072 0.1413 0.0114 0.0127 
   H167496.2  2 0.0214 0.0127 0.0555 0.0907 0.0074 0.0098 0.0377 0.0165 0.0604 0.0343 0.1334 0.0164 0.0121 0.0126 0.0669 0.0254 0.0131 0.0094 0.0882 0.1555 0.0480 0.0422 0.0135 0.0168 
   H167496.3  2 0.0946 0.0247 0.0385 0.1172 0.0587 0.0503 0.0324 0.0316 0.0709 0.0282 0.0153 0.0109 0.0103 0.0064 0.0102 0.1485 0.0946 0.0271 0.0071 0.0613 0.0052 0.0236 0.0185 0.0136 
   H167496.4  2 0.0049 0.0175 0.0088 0.0052 0.0065 0.0122 0.0054 0.0064 0.0034 0.0059 0.0069 0.0075 0.0041 0.0041 0.0091 0.8472 0.0086 0.0052 0.0058 0.0068 0.0049 0.0046 0.0058 0.0029 
   H167496.6  2 0.0063 0.0473 0.0872 0.0157 0.0053 0.0217 0.0070 0.0069 0.0032 0.0088 0.0086 0.0105 0.0073 0.0042 0.0092 0.5395 0.0076 0.0114 0.0075 0.1566 0.0089 0.0070 0.0071 0.0051 
   H167496.7  2 0.0976 0.0157 0.0527 0.0573 0.0360 0.0171 0.0280 0.0637 0.1300 0.0269 0.0068 0.0079 0.1000 0.0051 0.0314 0.0391 0.0052 0.0209 0.0251 0.1788 0.0058 0.0101 0.0154 0.0234 
   H167496.8  2 0.0073 0.0422 0.0580 0.0160 0.0073 0.0119 0.0128 0.0057 0.0049 0.0091 0.0135 0.0103 0.0140 0.0071 0.0180 0.5059 0.0062 0.0055 0.0300 0.1853 0.0077 0.0103 0.0065 0.0047 
   H167513.1  2 0.0074 0.0063 0.0160 0.0067 0.0084 0.0039 0.8217 0.0060 0.0042 0.0112 0.0044 0.0073 0.0097 0.0072 0.0093 0.0064 0.0061 0.0064 0.0088 0.0070 0.0125 0.0049 0.0103 0.0079 
   H167513.2  2 0.0176 0.0045 0.0059 0.0137 0.0052 0.0063 0.7676 0.0042 0.0115 0.0102 0.0069 0.0048 0.0157 0.0241 0.0069 0.0116 0.0065 0.0052 0.0199 0.0184 0.0050 0.0154 0.0057 0.0074 
   H167513.3  2 0.0039 0.0125 0.0196 0.0156 0.0141 0.0191 0.7320 0.0072 0.0111 0.0077 0.0050 0.0196 0.0114 0.0065 0.0081 0.0085 0.0044 0.0142 0.0329 0.0046 0.0082 0.0031 0.0257 0.0050 
   H167513.4  2 0.0105 0.0063 0.0219 0.0200 0.0462 0.0057 0.6666 0.0035 0.0137 0.0142 0.0105 0.0113 0.0171 0.0091 0.0188 0.0143 0.0055 0.0059 0.0124 0.0078 0.0081 0.0084 0.0521 0.0100 
   H167513.5  2 0.0092 0.0042 0.0065 0.0091 0.0065 0.0064 0.8050 0.0032 0.0048 0.0087 0.0057 0.0043 0.0102 0.0167 0.0086 0.0126 0.0065 0.0035 0.0197 0.0203 0.0038 0.0127 0.0054 0.0065 
   H167513.6  2 0.0084 0.0100 0.0226 0.0137 0.0138 0.0101 0.7078 0.0044 0.0145 0.0114 0.0066 0.0171 0.0133 0.0087 0.0123 0.0318 0.0084 0.0059 0.0393 0.0061 0.0072 0.0049 0.0087 0.0129 
   H167513.7  2 0.0076 0.0085 0.0059 0.0180 0.0305 0.0080 0.7298 0.0046 0.0048 0.0297 0.0107 0.0071 0.0075 0.0248 0.0070 0.0089 0.0076 0.0054 0.0281 0.0059 0.0049 0.0030 0.0279 0.0040 
   H167513.8  2 0.0032 0.0072 0.0154 0.0114 0.0053 0.0074 0.7686 0.0045 0.0046 0.0136 0.0051 0.0126 0.0064 0.0149 0.0060 0.0053 0.0033 0.0053 0.0602 0.0067 0.0063 0.0032 0.0191 0.0042 
   H167547.1  2 0.1241 0.0066 0.0136 0.0641 0.0243 0.0166 0.0157 0.0086 0.3413 0.0091 0.0083 0.0099 0.0990 0.0295 0.0074 0.0357 0.0052 0.0278 0.0073 0.0328 0.0146 0.0196 0.0230 0.0558 
   H167547.2  2 0.0235 0.0077 0.0049 0.0219 0.0255 0.0073 0.0088 0.0108 0.1585 0.0049 0.0063 0.0090 0.5659 0.0098 0.0077 0.0593 0.0062 0.0163 0.0085 0.0127 0.0033 0.0050 0.0054 0.0110 
