      H008.1  2 0.0060 0.0096 0.0132 0.0473 0.0141 0.0092 0.0075 0.0101 0.0088 0.7227 0.0097 0.0070 0.0114 0.0374 0.0060 0.0078 0.0598 0.0122 
      H008.2  2 0.0361 0.0053 0.0137 0.0143 0.0461 0.0095 0.0104 0.0112 0.0155 0.0398 0.0354 0.0106 0.0584 0.4735 0.0370 0.0236 0.1307 0.0288 
      H008.3  2 0.0267 0.0110 0.0062 0.0289 0.0562 0.0171 0.0088 0.0125 0.0169 0.0281 0.0205 0.0137 0.0169 0.2871 0.0468 0.0155 0.3436 0.0434 
      H008.4  2 0.0440 0.0091 0.0074 0.0270 0.0152 0.0155 0.0310 0.0291 0.0265 0.4631 0.0264 0.0064 0.0127 0.1190 0.0153 0.0110 0.1266 0.0148 
      H008.5  2 0.0139 0.0060 0.0086 0.0276 0.0149 0.0147 0.0077 0.0208 0.0354 0.6049 0.0079 0.0078 0.0068 0.1064 0.0206 0.0136 0.0719 0.0106 
      H008.6  2 0.0513 0.0062 0.0068 0.0293 0.0422 0.0115 0.0157 0.0208 0.0168 0.0886 0.0678 0.0103 0.0131 0.5281 0.0220 0.0124 0.0516 0.0055 
      H008.7  2 0.0462 0.0119 0.0135 0.0164 0.0249 0.0155 0.0230 0.0256 0.0288 0.1969 0.0341 0.0079 0.0439 0.3501 0.0144 0.0087 0.1032 0.0351 
      H008.8  2 0.0100 0.0068 0.0148 0.0186 0.0107 0.0104 0.0065 0.0100 0.0058 0.0479 0.0718 0.0169 0.1422 0.0186 0.0233 0.0084 0.5647 0.0126 
      H008.9  2 0.0769 0.0110 0.0055 0.0141 0.0223 0.0127 0.0079 0.0136 0.0107 0.0116 0.1885 0.0083 0.0211 0.4642 0.0203 0.0095 0.0910 0.0107 
 H029.1_2002  2 0.0179 0.0073 0.0125 0.0069 0.0086 0.0104 0.0553 0.0765 0.0379 0.6658 0.0318 0.0140 0.0200 0.0078 0.0046 0.0081 0.0077 0.0069 
 H029.1_2003  2 0.0141 0.0046 0.0088 0.0101 0.0265 0.0829 0.0094 0.0105 0.5953 0.0876 0.0249 0.0227 0.0366 0.0177 0.0110 0.0146 0.0162 0.0067 
 H029.2_2002  2 0.0312 0.0057 0.0117 0.0059 0.0328 0.0705 0.0127 0.0179 0.0986 0.5958 0.0053 0.0195 0.0092 0.0203 0.0147 0.0052 0.0094 0.0335 
 H029.2_2003  2 0.0175 0.0044 0.0127 0.0055 0.1320 0.0425 0.0064 0.0070 0.5097 0.1407 0.0099 0.0291 0.0141 0.0159 0.0147 0.0194 0.0102 0.0082 
 H029.3_2002  2 0.1500 0.0057 0.0309 0.0073 0.0257 0.0695 0.0208 0.0076 0.1195 0.3136 0.0104 0.0376 0.0424 0.0109 0.0261 0.0289 0.0456 0.0475 
 H029.3_2003  2 0.0071 0.0053 0.0192 0.0130 0.0126 0.0225 0.0041 0.0081 0.3066 0.5275 0.0039 0.0063 0.0118 0.0195 0.0054 0.0135 0.0079 0.0058 
 H029.4_2002  2 0.0151 0.0046 0.0178 0.0088 0.0060 0.0102 0.0062 0.0094 0.0382 0.8269 0.0040 0.0038 0.0086 0.0074 0.0043 0.0054 0.0118 0.0115 
 H029.4_2003  2 0.0283 0.0040 0.1784 0.0193 0.0208 0.0330 0.0117 0.0961 0.2188 0.1962 0.0125 0.0135 0.0336 0.0145 0.0125 0.0187 0.0787 0.0092 
 H029.5_2002  2 0.0057 0.0065 0.0114 0.0076 0.0069 0.0219 0.0086 0.0368 0.0421 0.7958 0.0071 0.0069 0.0074 0.0099 0.0037 0.0066 0.0053 0.0097 
 H029.5_2003  2 0.0131 0.0038 0.0257 0.0081 0.0273 0.0236 0.0076 0.0120 0.3251 0.4580 0.0108 0.0060 0.0191 0.0307 0.0042 0.0067 0.0135 0.0049 
 H029.6_2002  2 0.0360 0.0062 0.0193 0.0063 0.0052 0.0175 0.0084 0.0060 0.4947 0.3210 0.0052 0.0046 0.0216 0.0048 0.0072 0.0070 0.0179 0.0108 
 H029.6_2003  2 0.0062 0.0147 0.0749 0.0094 0.0847 0.0669 0.0057 0.0433 0.0398 0.5554 0.0148 0.0250 0.0124 0.0063 0.0071 0.0169 0.0091 0.0073 
      H029.7  2 0.0212 0.0044 0.0208 0.0053 0.0163 0.0220 0.0055 0.0246 0.0325 0.7645 0.0069 0.0099 0.0071 0.0060 0.0193 0.0047 0.0099 0.0193 
      H030.1  2 0.0057 0.0309 0.0429 0.0137 0.0250 0.0107 0.0067 0.0323 0.2426 0.0425 0.0090 0.0518 0.0212 0.0549 0.0108 0.3771 0.0080 0.0141 
      H030.2  2 0.0746 0.0299 0.0227 0.0286 0.0071 0.0045 0.1464 0.0212 0.0307 0.0629 0.0104 0.0162 0.0095 0.0436 0.0047 0.3111 0.0288 0.1470 
      H038.1  2 0.0201 0.0033 0.0154 0.0052 0.0047 0.0074 0.0062 0.0041 0.0073 0.8748 0.0073 0.0055 0.0080 0.0051 0.0086 0.0057 0.0069 0.0043 
      H038.2  2 0.0052 0.0132 0.0052 0.0060 0.0066 0.0036 0.0095 0.0091 0.0092 0.8898 0.0036 0.0062 0.0041 0.0068 0.0029 0.0067 0.0064 0.0059 
      H038.3  2 0.0324 0.0097 0.0149 0.0165 0.0069 0.0050 0.0269 0.0082 0.0050 0.7907 0.0076 0.0210 0.0080 0.0105 0.0052 0.0155 0.0072 0.0090 
      H038.4  2 0.0294 0.0182 0.0166 0.0113 0.0040 0.0069 0.0117 0.0103 0.0048 0.8348 0.0053 0.0073 0.0091 0.0104 0.0033 0.0053 0.0049 0.0064 
      H038.5  2 0.0228 0.0071 0.0345 0.0047 0.0085 0.0086 0.0063 0.0063 0.0104 0.8088 0.0041 0.0050 0.0286 0.0100 0.0030 0.0155 0.0070 0.0088 
      H038.6  2 0.0096 0.0033 0.0132 0.0046 0.0093 0.0068 0.0069 0.0064 0.0120 0.8723 0.0047 0.0075 0.0068 0.0052 0.0038 0.0115 0.0120 0.0042 
      H038.7  2 0.0106 0.0037 0.0163 0.0067 0.0054 0.0039 0.0216 0.0076 0.0058 0.8580 0.0042 0.0189 0.0054 0.0080 0.0034 0.0089 0.0082 0.0034 
      H038.8  2 0.0794 0.0152 0.0119 0.0087 0.0051 0.0051 0.0143 0.0076 0.0045 0.7829 0.0041 0.0114 0.0066 0.0067 0.0039 0.0127 0.0092 0.0107 
      H041.1  2 0.0178 0.0104 0.2752 0.1268 0.0080 0.0180 0.0085 0.0284 0.1409 0.1412 0.0124 0.0124 0.0044 0.0552 0.0134 0.0066 0.0087 0.1117 
      H041.2  2 0.0265 0.0064 0.0182 0.2302 0.0101 0.0186 0.0131 0.1770 0.2944 0.0687 0.0119 0.0120 0.0075 0.0772 0.0055 0.0074 0.0064 0.0089 
      H041.4  2 0.0315 0.0192 0.0498 0.0351 0.0077 0.1006 0.0090 0.0205 0.2710 0.2855 0.0346 0.0090 0.0128 0.0517 0.0215 0.0087 0.0186 0.0133 
      H041.6  2 0.0184 0.0168 0.0197 0.1148 0.0069 0.1037 0.0174 0.0575 0.1966 0.2722 0.0409 0.0190 0.0088 0.0221 0.0363 0.0108 0.0207 0.0175 
 H042.1_2002  2 0.0132 0.0478 0.0096 0.0379 0.0218 0.0074 0.0203 0.0490 0.6366 0.0067 0.0305 0.0099 0.0049 0.0086 0.0137 0.0097 0.0644 0.0081 
 H042.1_2003  2 0.0737 0.0140 0.0120 0.3148 0.0640 0.0078 0.0214 0.0626 0.0156 0.0704 0.0417 0.0482 0.0145 0.1622 0.0151 0.0356 0.0155 0.0110 
 H042.2_2002  2 0.0244 0.0103 0.0132 0.0089 0.0146 0.0331 0.1094 0.0066 0.6310 0.0371 0.0062 0.0052 0.0071 0.0060 0.0098 0.0044 0.0672 0.0055 
 H042.2_2003  2 0.0056 0.0111 0.0099 0.1193 0.0167 0.0224 0.0075 0.5184 0.1040 0.0911 0.0141 0.0076 0.0078 0.0170 0.0104 0.0111 0.0217 0.0043 
 H042.3_2002  2 0.0181 0.0228 0.0128 0.2401 0.0219 0.0193 0.0590 0.0189 0.3665 0.0085 0.0134 0.0073 0.0079 0.0127 0.0114 0.0130 0.1404 0.0059 
 H042.3_2003  2 0.0306 0.0236 0.1001 0.2401 0.0321 0.0161 0.0337 0.1417 0.0824 0.0425 0.0179 0.0077 0.0101 0.0193 0.0155 0.0131 0.1435 0.0301 
 H042.4_2002  2 0.0134 0.0242 0.0164 0.0120 0.0091 0.0149 0.0058 0.0419 0.7747 0.0193 0.0157 0.0069 0.0047 0.0082 0.0078 0.0100 0.0099 0.0051 
 H042.4_2003  2 0.0061 0.0201 0.0943 0.0091 0.0078 0.0185 0.0052 0.1731 0.5002 0.0667 0.0139 0.0120 0.0045 0.0173 0.0184 0.0055 0.0101 0.0173 
      H042.5  2 0.0031 0.0126 0.0113 0.0063 0.0104 0.0120 0.0049 0.0451 0.8241 0.0064 0.0080 0.0063 0.0044 0.0106 0.0139 0.0042 0.0121 0.0042 
      H042.6  2 0.0096 0.0084 0.0322 0.0067 0.0069 0.0064 0.0107 0.0168 0.7674 0.0132 0.0084 0.0148 0.0064 0.0051 0.0455 0.0057 0.0306 0.0053 
      H042.7  2 0.0072 0.0729 0.0477 0.1424 0.0091 0.0899 0.0567 0.0450 0.3702 0.0231 0.0169 0.0271 0.0078 0.0124 0.0089 0.0049 0.0511 0.0067 
      H042.8  2 0.0301 0.0094 0.0089 0.0479 0.0274 0.0214 0.0291 0.0153 0.6857 0.0099 0.0142 0.0053 0.0058 0.0236 0.0212 0.0044 0.0371 0.0033 
   H042_2002  2 0.0314 0.0100 0.0843 0.0654 0.0185 0.0276 0.1388 0.0839 0.0616 0.0425 0.0306 0.0210 0.0142 0.0533 0.0533 0.0093 0.2498 0.0044 
   H042_2003  2 0.0466 0.0103 0.0759 0.0661 0.0264 0.0411 0.1172 0.0997 0.0568 0.0515 0.0263 0.0319 0.0108 0.0405 0.0580 0.0120 0.2231 0.0057 
      H043.1  2 0.0109 0.0044 0.8912 0.0062 0.0049 0.0035 0.0052 0.0050 0.0050 0.0066 0.0039 0.0072 0.0081 0.0096 0.0077 0.0061 0.0081 0.0066 
      H043.2  2 0.0482 0.0045 0.7171 0.0275 0.0094 0.0093 0.0059 0.0052 0.0044 0.0241 0.0297 0.0191 0.0140 0.0050 0.0451 0.0048 0.0232 0.0035 
      H043.3  2 0.0122 0.0045 0.8331 0.0139 0.0052 0.0042 0.0134 0.0078 0.0053 0.0304 0.0107 0.0137 0.0072 0.0063 0.0091 0.0053 0.0138 0.0038 
      H043.4  2 0.0149 0.0053 0.8374 0.0145 0.0066 0.0042 0.0072 0.0065 0.0046 0.0173 0.0113 0.0172 0.0047 0.0070 0.0232 0.0055 0.0087 0.0040 
      H043.5  2 0.0476 0.0037 0.7673 0.0369 0.0081 0.0063 0.0081 0.0063 0.0043 0.0220 0.0144 0.0099 0.0135 0.0083 0.0058 0.0058 0.0271 0.0045 
      H043.6  2 0.0241 0.0036 0.8441 0.0103 0.0046 0.0068 0.0075 0.0048 0.0050 0.0287 0.0125 0.0074 0.0065 0.0031 0.0084 0.0064 0.0132 0.0032 
      H043.7  2 0.0210 0.0039 0.8082 0.0134 0.0035 0.0033 0.0075 0.0059 0.0040 0.0112 0.0190 0.0340 0.0038 0.0042 0.0423 0.0051 0.0064 0.0031 
      H043.8  2 0.0062 0.0060 0.8733 0.0190 0.0042 0.0033 0.0072 0.0035 0.0043 0.0074 0.0062 0.0070 0.0138 0.0032 0.0109 0.0064 0.0134 0.0047 
      H043.9  2 0.0057 0.0031 0.9044 0.0050 0.0043 0.0035 0.0059 0.0043 0.0055 0.0115 0.0041 0.0066 0.0061 0.0039 0.0078 0.0050 0.0079 0.0054 
      H047.1  2 0.0063 0.0035 0.0052 0.0116 0.0087 0.0047 0.0391 0.0146 0.0050 0.3918 0.0114 0.0082 0.0038 0.4515 0.0056 0.0057 0.0187 0.0047 
      H047.2  2 0.0049 0.0095 0.0132 0.0097 0.0168 0.0109 0.0090 0.0124 0.0115 0.1021 0.0144 0.0188 0.0095 0.7267 0.0066 0.0061 0.0047 0.0132 
      H047.3  2 0.0036 0.0096 0.0134 0.0247 0.0199 0.0213 0.0185 0.0137 0.0137 0.0640 0.0099 0.0174 0.0084 0.7195 0.0090 0.0057 0.0075 0.0201 
      H047.4  2 0.0030 0.0103 0.0123 0.0585 0.0084 0.0139 0.0388 0.0305 0.0422 0.1700 0.0206 0.0448 0.0077 0.5031 0.0067 0.0080 0.0140 0.0073 
      H047.5  2 0.0030 0.0089 0.0137 0.0216 0.0133 0.0204 0.0366 0.0096 0.0074 0.1191 0.0077 0.0160 0.0052 0.6598 0.0297 0.0092 0.0146 0.0043 
      H047.6  2 0.0045 0.0065 0.0088 0.0207 0.0055 0.0148 0.0245 0.0172 0.0299 0.0249 0.0087 0.0085 0.0061 0.7957 0.0060 0.0042 0.0042 0.0091 
      H047.7  2 0.0100 0.0069 0.0045 0.0187 0.0067 0.0057 0.0801 0.0307 0.0117 0.3800 0.0072 0.0047 0.0031 0.3877 0.0053 0.0059 0.0214 0.0097 
      H047.8  2 0.0037 0.0052 0.0059 0.0461 0.0104 0.0089 0.0283 0.0281 0.0220 0.0452 0.0096 0.0102 0.0073 0.7390 0.0098 0.0051 0.0082 0.0072 
      H047.9  2 0.0038 0.0294 0.0089 0.0190 0.0132 0.0158 0.0812 0.0285 0.0085 0.2748 0.0089 0.0070 0.0039 0.4259 0.0226 0.0083 0.0346 0.0057 
 H071.1_2002  2 0.0048 0.0040 0.0138 0.0081 0.0074 0.0053 0.0055 0.0062 0.0061 0.8948 0.0062 0.0067 0.0034 0.0045 0.0072 0.0056 0.0074 0.0030 
 H071.1_2003  2 0.0095 0.0044 0.0366 0.0192 0.0117 0.0265 0.0075 0.0092 0.0077 0.6820 0.0214 0.0278 0.0044 0.0113 0.0705 0.0401 0.0065 0.0036 
     H071.10  2 0.0074 0.0094 0.0103 0.0061 0.0038 0.0036 0.0142 0.0037 0.0043 0.8606 0.0041 0.0057 0.0108 0.0031 0.0049 0.0147 0.0258 0.0075 
 H071.2_2002  2 0.0079 0.0047 0.0087 0.0065 0.0100 0.0079 0.0076 0.0055 0.0053 0.8511 0.0179 0.0091 0.0129 0.0069 0.0124 0.0071 0.0151 0.0033 
 H071.2_2003  2 0.0029 0.0029 0.0046 0.0049 0.0046 0.0042 0.0043 0.0062 0.0052 0.9252 0.0048 0.0049 0.0032 0.0046 0.0064 0.0044 0.0042 0.0028 
      H071.3  2 0.0078 0.0090 0.0119 0.0136 0.0048 0.0046 0.0090 0.0076 0.0054 0.8195 0.0046 0.0115 0.0066 0.0112 0.0050 0.0262 0.0350 0.0069 
 H071.4_2002  2 0.0119 0.0213 0.0333 0.0046 0.0043 0.0074 0.0106 0.0045 0.0059 0.8077 0.0074 0.0091 0.0152 0.0048 0.0077 0.0155 0.0207 0.0080 
 H071.4_2003  2 0.0027 0.0077 0.0045 0.0047 0.0048 0.0032 0.0058 0.0059 0.0036 0.8775 0.0038 0.0076 0.0051 0.0055 0.0040 0.0064 0.0434 0.0039 
 H071.5_2002  2 0.0039 0.0062 0.0088 0.0040 0.0033 0.0034 0.0100 0.0046 0.0055 0.9026 0.0039 0.0048 0.0049 0.0038 0.0051 0.0073 0.0124 0.0056 
 H071.5_2003  2 0.0038 0.0100 0.0234 0.0068 0.0112 0.0054 0.0192 0.0106 0.0056 0.7679 0.0117 0.0191 0.0096 0.0079 0.0063 0.0209 0.0563 0.0042 
 H071.6_2002  2 0.0048 0.0078 0.0076 0.0053 0.0043 0.0043 0.0201 0.0040 0.0046 0.7032 0.0051 0.0098 0.0143 0.0051 0.0064 0.0128 0.1763 0.0043 
 H071.6_2003  2 0.0040 0.0058 0.0281 0.0068 0.0054 0.0029 0.0145 0.0085 0.0054 0.8471 0.0066 0.0097 0.0057 0.0046 0.0054 0.0226 0.0131 0.0039 
 H071.7_2002  2 0.0040 0.0033 0.0050 0.0064 0.0054 0.0035 0.0125 0.0048 0.0042 0.8924 0.0068 0.0097 0.0053 0.0071 0.0070 0.0040 0.0152 0.0032 
 H071.7_2003  2 0.0041 0.0119 0.0307 0.0062 0.0074 0.0045 0.0111 0.0087 0.0048 0.8270 0.0076 0.0118 0.0051 0.0053 0.0057 0.0219 0.0223 0.0039 
      H071.8  2 0.0073 0.0037 0.0077 0.0057 0.0065 0.0104 0.0055 0.0057 0.0051 0.8729 0.0127 0.0072 0.0119 0.0082 0.0097 0.0040 0.0119 0.0041 
      H071.9  2 0.0109 0.0149 0.2161 0.0096 0.0062 0.0182 0.0148 0.0065 0.0226 0.3877 0.0130 0.0105 0.1158 0.0137 0.0152 0.0176 0.0960 0.0109 
 H081.1_2002  2 0.0044 0.0075 0.0040 0.0050 0.0048 0.0066 0.0060 0.0052 0.0062 0.8913 0.0079 0.0053 0.0040 0.0042 0.0183 0.0049 0.0092 0.0052 
 H081.1_2003  2 0.2182 0.0227 0.0162 0.0300 0.0203 0.0192 0.0224 0.0153 0.1689 0.0496 0.0543 0.1865 0.0246 0.0232 0.0151 0.0689 0.0253 0.0194 
 H081.2_2002  2 0.0049 0.0084 0.0067 0.0046 0.0047 0.0085 0.0061 0.0060 0.0054 0.8290 0.0086 0.0121 0.0045 0.0088 0.0653 0.0041 0.0083 0.0041 
 H081.2_2003  2 0.0083 0.0091 0.0188 0.0184 0.0082 0.0078 0.0059 0.0073 0.0255 0.0414 0.0170 0.0125 0.0213 0.0090 0.0711 0.6512 0.0447 0.0225 
 H081.3_2002  2 0.0069 0.0121 0.0121 0.0084 0.0050 0.0080 0.0057 0.0071 0.0086 0.8026 0.0168 0.0127 0.0135 0.0327 0.0250 0.0099 0.0063 0.0065 
 H081.3_2003  2 0.0117 0.0154 0.2516 0.0125 0.0148 0.0143 0.0090 0.0120 0.0198 0.0155 0.0348 0.0123 0.1040 0.0140 0.0391 0.3796 0.0234 0.0163 
 H081.4_2002  2 0.0038 0.0051 0.0067 0.0075 0.0057 0.0037 0.0065 0.0056 0.0066 0.8990 0.0047 0.0073 0.0052 0.0063 0.0045 0.0082 0.0084 0.0052 
 H081.4_2003  2 0.0125 0.0280 0.0196 0.0148 0.0275 0.0254 0.0093 0.0127 0.2561 0.0230 0.0740 0.0732 0.0437 0.0075 0.0347 0.3045 0.0181 0.0155 
 H081.5_2002  2 0.0053 0.0040 0.0075 0.0088 0.0055 0.0039 0.0079 0.0054 0.0091 0.8801 0.0078 0.0103 0.0064 0.0081 0.0070 0.0110 0.0079 0.0038 
 H081.5_2003  2 0.0266 0.0246 0.0168 0.0920 0.0235 0.0263 0.0231 0.0151 0.1681 0.0638 0.0913 0.2029 0.0202 0.0226 0.0881 0.0701 0.0145 0.0105 
      H081.6  2 0.0045 0.0062 0.0040 0.0069 0.0054 0.0059 0.0076 0.0068 0.0035 0.8897 0.0071 0.0074 0.0039 0.0048 0.0158 0.0061 0.0099 0.0045 
      H081.7  2 0.0039 0.0135 0.0108 0.0084 0.0040 0.0053 0.0049 0.0048 0.0054 0.8053 0.0118 0.0106 0.0083 0.0077 0.0735 0.0066 0.0101 0.0052 
      H081.8  2 0.0117 0.0133 0.0090 0.0117 0.0064 0.0084 0.0107 0.0065 0.0130 0.7996 0.0149 0.0086 0.0201 0.0085 0.0067 0.0279 0.0094 0.0134 
      H083.1  2 0.0098 0.0055 0.0108 0.0047 0.0097 0.0198 0.0186 0.0058 0.0293 0.8075 0.0039 0.0130 0.0105 0.0087 0.0051 0.0076 0.0094 0.0203 
      H083.2  2 0.0076 0.0128 0.0421 0.0054 0.0082 0.0098 0.0091 0.0052 0.0073 0.7526 0.0089 0.0131 0.0122 0.0561 0.0134 0.0044 0.0108 0.0210 
      H083.4  2 0.0169 0.0133 0.0185 0.0070 0.0059 0.0078 0.0081 0.0037 0.0095 0.6370 0.0081 0.0135 0.0712 0.0146 0.0204 0.0047 0.0627 0.0770 
      H083.5  2 0.0247 0.0071 0.0058 0.0053 0.0085 0.0529 0.0086 0.0057 0.0318 0.6909 0.0069 0.0183 0.0105 0.0186 0.0117 0.0056 0.0101 0.0771 
      H083.6  2 0.0125 0.0179 0.0049 0.0050 0.0109 0.0494 0.0071 0.0047 0.0163 0.6996 0.0053 0.0116 0.0252 0.0096 0.0127 0.0075 0.0224 0.0775 
      H083.7  2 0.0128 0.0396 0.0074 0.0043 0.0075 0.0138 0.0067 0.0051 0.0058 0.5754 0.0079 0.0088 0.0404 0.0182 0.0166 0.0044 0.0417 0.1836 
      H083.8  2 0.0073 0.0120 0.0240 0.0058 0.0073 0.0133 0.0086 0.0045 0.0082 0.7152 0.0082 0.0190 0.0112 0.1065 0.0122 0.0037 0.0068 0.0260 
      H083.9  2 0.0091 0.0080 0.0040 0.0061 0.0087 0.0302 0.0064 0.0080 0.0219 0.7157 0.0039 0.0098 0.0088 0.0158 0.0085 0.0050 0.0084 0.1217 
      H084.1  2 0.0840 0.0109 0.0254 0.0051 0.0140 0.0303 0.0123 0.0057 0.0286 0.0086 0.0053 0.0106 0.0126 0.0111 0.0085 0.7101 0.0090 0.0077 
      H084.2  2 0.0677 0.0052 0.1299 0.0060 0.0094 0.0056 0.0075 0.0053 0.0571 0.0081 0.0063 0.0154 0.0373 0.0048 0.0039 0.6152 0.0109 0.0046 
      H084.3  2 0.2737 0.0991 0.0188 0.0334 0.0156 0.0316 0.0433 0.0548 0.0273 0.0071 0.0052 0.0248 0.0115 0.0081 0.0067 0.3164 0.0080 0.0146 
      H084.4  2 0.2093 0.0190 0.0316 0.1472 0.0096 0.0216 0.0189 0.0551 0.0657 0.0059 0.0071 0.0531 0.0193 0.0142 0.0033 0.3025 0.0112 0.0056 
      H084.5  2 0.0374 0.0208 0.0076 0.0560 0.0101 0.0459 0.1419 0.0066 0.0088 0.0057 0.0077 0.0207 0.0117 0.0263 0.0078 0.5734 0.0052 0.0064 
      H084.6  2 0.0954 0.0538 0.0072 0.0456 0.0062 0.0240 0.0449 0.0126 0.0059 0.0076 0.0056 0.0142 0.0241 0.0169 0.0077 0.5772 0.0049 0.0462 
      H084.7  2 0.0131 0.0098 0.0247 0.0092 0.0084 0.0107 0.0064 0.0095 0.0464 0.0058 0.0065 0.0074 0.0195 0.0057 0.0051 0.7983 0.0080 0.0057 
      H084.8  2 0.0671 0.0259 0.0063 0.0402 0.0072 0.0865 0.0302 0.0138 0.0091 0.0062 0.0041 0.0105 0.0150 0.0255 0.0077 0.6292 0.0057 0.0099 
 H085.1_2002  2 0.0138 0.0057 0.0211 0.0052 0.0054 0.0052 0.0132 0.0057 0.0294 0.0221 0.0113 0.0053 0.0079 0.0048 0.8159 0.0107 0.0085 0.0089 
 H085.1_2003  2 0.0139 0.0134 0.1456 0.0287 0.0070 0.0104 0.0038 0.0074 0.0433 0.3977 0.0101 0.0269 0.0164 0.0107 0.1251 0.0093 0.0411 0.0892 
 H085.2_2002  2 0.0775 0.0226 0.0510 0.0130 0.0065 0.0126 0.0132 0.0097 0.0437 0.0251 0.1952 0.0448 0.0225 0.0069 0.2816 0.0206 0.0226 0.1307 
 H085.2_2003  2 0.0083 0.0072 0.0493 0.0152 0.0184 0.0050 0.0057 0.0190 0.0698 0.5860 0.0108 0.0199 0.0267 0.0518 0.0286 0.0153 0.0281 0.0348 
 H085.3_2002  2 0.0041 0.0094 0.0207 0.0213 0.0047 0.0071 0.0037 0.0105 0.0155 0.0066 0.0153 0.0318 0.0036 0.0069 0.8133 0.0044 0.0066 0.0145 
 H085.3_2003  2 0.0039 0.0071 0.0188 0.1736 0.0094 0.0036 0.0037 0.0162 0.0104 0.5970 0.0073 0.0773 0.0069 0.0089 0.0262 0.0088 0.0143 0.0066 
 H085.4_2002  2 0.0288 0.0137 0.0495 0.0162 0.0088 0.0189 0.0151 0.0111 0.0488 0.1107 0.0933 0.0130 0.0172 0.0092 0.4476 0.0233 0.0535 0.0212 
 H085.4_2003  2 0.0070 0.0176 0.0106 0.0547 0.0066 0.0054 0.0162 0.1061 0.0943 0.5869 0.0137 0.0176 0.0073 0.0078 0.0118 0.0241 0.0063 0.0061 
 H085.5_2002  2 0.0042 0.0061 0.0178 0.0118 0.0062 0.0079 0.0039 0.0057 0.0094 0.0082 0.0126 0.0152 0.0044 0.0049 0.8663 0.0040 0.0076 0.0037 
 H085.5_2003  2 0.0063 0.0076 0.0106 0.0146 0.0091 0.0046 0.0045 0.0137 0.0246 0.7635 0.0058 0.0079 0.0090 0.0128 0.0225 0.0149 0.0309 0.0370 
 H085.6_2002  2 0.0070 0.0038 0.0588 0.0075 0.0044 0.0061 0.0065 0.0073 0.0252 0.0064 0.0134 0.0202 0.0063 0.0084 0.7930 0.0055 0.0066 0.0134 
 H085.6_2003  2 0.0073 0.0193 0.0677 0.2915 0.0152 0.0117 0.0060 0.0224 0.0317 0.0802 0.0388 0.2928 0.0082 0.0381 0.0422 0.0096 0.0116 0.0058 
 H085.7_2002  2 0.0135 0.0103 0.0187 0.0309 0.0095 0.0087 0.0076 0.0207 0.0692 0.0459 0.0441 0.1012 0.0141 0.0330 0.4883 0.0132 0.0090 0.0621 
 H085.7_2003  2 0.0081 0.0144 0.0950 0.0817 0.0100 0.0066 0.0054 0.0142 0.0108 0.6247 0.0087 0.0301 0.0071 0.0138 0.0216 0.0060 0.0323 0.0094 
 H085.8_2002  2 0.0130 0.0170 0.0249 0.1663 0.0073 0.0160 0.0058 0.0105 0.0118 0.0282 0.0844 0.3907 0.0086 0.0074 0.1693 0.0093 0.0151 0.0144 
 H085.8_2003  2 0.0170 0.0327 0.0360 0.0344 0.0155 0.0083 0.0159 0.0780 0.3154 0.1601 0.0296 0.0147 0.0134 0.0362 0.0544 0.0250 0.0218 0.0916 
      H085.9  2 0.0281 0.0079 0.0157 0.0191 0.0111 0.0075 0.0107 0.0100 0.0463 0.0568 0.0151 0.0118 0.0118 0.0098 0.6943 0.0165 0.0133 0.0143 
      H088.1  2 0.0062 0.0196 0.0078 0.0041 0.0194 0.1065 0.0051 0.0122 0.6923 0.0078 0.0141 0.0101 0.0187 0.0087 0.0157 0.0102 0.0321 0.0095 
      H088.2  2 0.0070 0.0115 0.0084 0.0045 0.0090 0.0603 0.0104 0.0098 0.7706 0.0053 0.0107 0.0159 0.0107 0.0109 0.0219 0.0072 0.0146 0.0112 
      H088.3  2 0.0054 0.0065 0.0094 0.0048 0.0071 0.0435 0.0105 0.0076 0.8187 0.0048 0.0098 0.0140 0.0112 0.0138 0.0126 0.0047 0.0085 0.0071 
      H088.4  2 0.0046 0.0033 0.0103 0.0043 0.0064 0.0077 0.0049 0.0081 0.8882 0.0071 0.0080 0.0056 0.0091 0.0040 0.0037 0.0161 0.0054 0.0031 
      H088.5  2 0.0036 0.0042 0.0067 0.0034 0.0063 0.0118 0.0043 0.0057 0.8994 0.0047 0.0093 0.0053 0.0077 0.0062 0.0038 0.0056 0.0080 0.0040 
      H088.6  2 0.0046 0.0071 0.0061 0.0053 0.0101 0.0157 0.0045 0.0070 0.8726 0.0075 0.0060 0.0048 0.0138 0.0079 0.0046 0.0096 0.0076 0.0048 
      H088.7  2 0.0045 0.0059 0.0102 0.0042 0.0050 0.0105 0.0075 0.0072 0.8749 0.0096 0.0051 0.0054 0.0077 0.0201 0.0054 0.0057 0.0063 0.0050 
      H088.8  2 0.0077 0.0083 0.0052 0.0053 0.0158 0.0115 0.0055 0.0120 0.8187 0.0288 0.0073 0.0070 0.0186 0.0113 0.0059 0.0116 0.0143 0.0053 
      H091.1  2 0.0122 0.0098 0.1044 0.0548 0.0119 0.0091 0.0111 0.0615 0.5804 0.0296 0.0071 0.0125 0.0080 0.0140 0.0085 0.0068 0.0330 0.0253 
      H091.2  2 0.0048 0.0132 0.0383 0.0930 0.0122 0.0064 0.0082 0.0132 0.5811 0.0217 0.0068 0.0118 0.0138 0.0135 0.0065 0.0040 0.1254 0.0260 
      H109.1  2 0.0225 0.0118 0.1680 0.0240 0.0123 0.0195 0.0587 0.0075 0.0085 0.0143 0.0114 0.0089 0.2773 0.1604 0.0200 0.0339 0.0361 0.1051 
      H109.2  2 0.0234 0.0205 0.1222 0.0147 0.0075 0.0107 0.0555 0.0269 0.0158 0.0377 0.0288 0.0191 0.0321 0.0396 0.0051 0.4626 0.0587 0.0192 
      H109.3  2 0.0056 0.0157 0.6975 0.0190 0.0157 0.0133 0.0078 0.0313 0.0121 0.0087 0.0051 0.0159 0.0154 0.0535 0.0036 0.0460 0.0254 0.0085 
      H109.4  2 0.0246 0.0126 0.4569 0.0278 0.0125 0.0103 0.0097 0.0743 0.0089 0.0119 0.0146 0.0101 0.0942 0.0168 0.0067 0.1226 0.0692 0.0163 
      H109.5  2 0.0037 0.0082 0.5946 0.0310 0.0076 0.0375 0.0083 0.0647 0.0254 0.0612 0.0059 0.0091 0.0063 0.0203 0.0053 0.0748 0.0304 0.0057 
      H109.6  2 0.0219 0.0438 0.1808 0.0142 0.0163 0.0273 0.0585 0.0244 0.0114 0.0220 0.0207 0.0275 0.1125 0.0809 0.0083 0.2652 0.0489 0.0154 
      H126.1  2 0.0098 0.0089 0.0235 0.0156 0.0598 0.0209 0.1602 0.1622 0.0194 0.0082 0.1294 0.0160 0.0758 0.0141 0.0957 0.0080 0.1648 0.0075 
      H126.2  2 0.0316 0.0067 0.0083 0.0076 0.0165 0.0067 0.0271 0.0321 0.0068 0.0350 0.0705 0.0116 0.0145 0.0527 0.0470 0.0124 0.5983 0.0145 
      H126.3  2 0.0046 0.0049 0.0160 0.0076 0.0089 0.0092 0.2398 0.0062 0.0544 0.0242 0.0089 0.0033 0.0147 0.0080 0.0092 0.0040 0.5646 0.0115 
      H126.4  2 0.0169 0.0105 0.0097 0.0105 0.0986 0.0210 0.0367 0.0054 0.0217 0.0455 0.3310 0.0153 0.0178 0.0206 0.0159 0.0146 0.2894 0.0187 
      H126.5  2 0.0039 0.0066 0.0067 0.0060 0.0088 0.0047 0.0249 0.0089 0.0053 0.0200 0.0498 0.0074 0.0052 0.0064 0.0130 0.0051 0.8126 0.0047 
      H126.6  2 0.0038 0.0037 0.0158 0.0056 0.0072 0.0066 0.1763 0.0092 0.0281 0.0801 0.0162 0.0162 0.0052 0.0167 0.1194 0.0040 0.4805 0.0051 
      H126.7  2 0.0032 0.0061 0.0092 0.0074 0.0097 0.0063 0.0197 0.0092 0.0402 0.6200 0.0073 0.0171 0.0070 0.0078 0.0331 0.0069 0.1837 0.0061 
      H130.1  2 0.0067 0.0108 0.1915 0.0089 0.0262 0.0182 0.0059 0.0739 0.0386 0.0058 0.4795 0.0328 0.0336 0.0140 0.0124 0.0173 0.0130 0.0111 
      H130.2  2 0.0077 0.0221 0.0695 0.0197 0.0213 0.0093 0.0058 0.0140 0.0679 0.0250 0.1274 0.0380 0.0881 0.0352 0.0178 0.3783 0.0157 0.0373 
      H130.3  2 0.0049 0.0216 0.0433 0.0054 0.4781 0.0067 0.0068 0.0179 0.0386 0.0249 0.0253 0.1177 0.0956 0.0142 0.0057 0.0807 0.0058 0.0067 
      H130.4  2 0.0215 0.0188 0.0777 0.0058 0.0659 0.0131 0.0074 0.0183 0.0349 0.0076 0.5494 0.0146 0.0691 0.0215 0.0173 0.0232 0.0138 0.0201 
      H130.5  2 0.0064 0.0299 0.1223 0.0107 0.0119 0.0177 0.0049 0.0230 0.1911 0.0451 0.2331 0.0898 0.0333 0.0093 0.0270 0.1095 0.0127 0.0221 
      H133.1  2 0.0110 0.0048 0.8788 0.0074 0.0094 0.0070 0.0049 0.0068 0.0066 0.0071 0.0111 0.0065 0.0072 0.0069 0.0068 0.0071 0.0052 0.0053 
      H133.2  2 0.0046 0.0039 0.8692 0.0070 0.0052 0.0065 0.0061 0.0117 0.0088 0.0047 0.0147 0.0091 0.0060 0.0069 0.0117 0.0140 0.0063 0.0036 
      H133.3  2 0.0196 0.0076 0.8413 0.0046 0.0056 0.0152 0.0060 0.0095 0.0202 0.0095 0.0081 0.0035 0.0067 0.0057 0.0134 0.0084 0.0077 0.0073 
      H133.4  2 0.0086 0.0051 0.8802 0.0111 0.0065 0.0052 0.0045 0.0065 0.0050 0.0066 0.0081 0.0079 0.0075 0.0150 0.0052 0.0074 0.0047 0.0048 
      H133.5  2 0.0048 0.0046 0.8685 0.0063 0.0074 0.0041 0.0053 0.0047 0.0208 0.0055 0.0069 0.0132 0.0075 0.0048 0.0107 0.0110 0.0082 0.0058 
      H133.6  2 0.0080 0.0085 0.7566 0.0074 0.0106 0.0117 0.0067 0.0138 0.0520 0.0077 0.0145 0.0155 0.0284 0.0086 0.0196 0.0133 0.0090 0.0081 
      H133.7  2 0.0181 0.0133 0.8344 0.0213 0.0058 0.0128 0.0055 0.0104 0.0072 0.0069 0.0094 0.0054 0.0052 0.0153 0.0118 0.0060 0.0046 0.0064 
      H133.8  2 0.0084 0.0046 0.8551 0.0267 0.0095 0.0058 0.0042 0.0043 0.0062 0.0041 0.0069 0.0044 0.0076 0.0060 0.0280 0.0064 0.0056 0.0063 
      H133.9  2 0.0134 0.0055 0.8660 0.0057 0.0119 0.0078 0.0039 0.0105 0.0060 0.0077 0.0110 0.0091 0.0064 0.0078 0.0063 0.0081 0.0050 0.0080 
      H147.1  2 0.0174 0.0134 0.0061 0.3310 0.0043 0.0147 0.0132 0.0518 0.0178 0.2634 0.0202 0.0475 0.0043 0.0259 0.0442 0.0895 0.0086 0.0268 
      H147.2  2 0.0038 0.0065 0.0059 0.0205 0.0038 0.0061 0.0097 0.0134 0.0144 0.8124 0.0118 0.0392 0.0045 0.0059 0.0120 0.0206 0.0046 0.0050 
      H147.3  2 0.0054 0.0060 0.0046 0.0111 0.0049 0.0092 0.0059 0.0091 0.0046 0.8364 0.0076 0.0281 0.0038 0.0048 0.0205 0.0259 0.0065 0.0059 
      H147.4  2 0.0199 0.0051 0.0043 0.0171 0.0052 0.0059 0.0041 0.0070 0.0054 0.8323 0.0048 0.0089 0.0033 0.0078 0.0118 0.0418 0.0054 0.0098 
      H147.5  2 0.0066 0.0115 0.0065 0.0177 0.0175 0.0260 0.0109 0.0287 0.0959 0.4704 0.0081 0.0423 0.0060 0.0103 0.0287 0.1773 0.0146 0.0210 
      H147.6  2 0.0081 0.0090 0.0103 0.0359 0.0152 0.0137 0.0133 0.0306 0.1129 0.3634 0.0064 0.0374 0.0062 0.0127 0.0119 0.2641 0.0224 0.0265 
      H147.7  2 0.0182 0.0064 0.0045 0.0439 0.0060 0.0107 0.0086 0.0207 0.0050 0.7491 0.0053 0.0142 0.0030 0.0129 0.0102 0.0592 0.0073 0.0147 
      H147.8  2 0.0256 0.0052 0.0066 0.0225 0.0055 0.0083 0.0088 0.0065 0.0699 0.6502 0.0033 0.0092 0.0054 0.0144 0.0114 0.1169 0.0087 0.0215 
      H147.9  2 0.0055 0.0049 0.0062 0.0161 0.0045 0.0094 0.0074 0.0107 0.0058 0.8425 0.0080 0.0189 0.0036 0.0072 0.0190 0.0134 0.0096 0.0074 
      H148.1  2 0.0529 0.0301 0.0107 0.0279 0.0065 0.0246 0.0317 0.0153 0.0189 0.0093 0.5095 0.0504 0.0877 0.0212 0.0069 0.0592 0.0143 0.0228 
      H148.2  2 0.0506 0.2192 0.0126 0.0184 0.0068 0.1402 0.0547 0.0113 0.0097 0.0176 0.2648 0.0110 0.0921 0.0154 0.0199 0.0299 0.0115 0.0143 
      H148.3  2 0.0552 0.6760 0.0060 0.0738 0.0067 0.0343 0.0108 0.0144 0.0077 0.0093 0.0209 0.0112 0.0190 0.0177 0.0098 0.0121 0.0077 0.0075 
      H148.4  2 0.0421 0.0900 0.0088 0.0316 0.0111 0.0468 0.0247 0.0256 0.0138 0.0199 0.4485 0.0501 0.1240 0.0128 0.0118 0.0166 0.0136 0.0084 
      H148.5  2 0.0184 0.7511 0.0040 0.0080 0.0116 0.0567 0.0104 0.0092 0.0128 0.0080 0.0141 0.0075 0.0424 0.0059 0.0061 0.0173 0.0094 0.0071 
      H148.6  2 0.0997 0.4886 0.0064 0.0234 0.0049 0.0399 0.0238 0.0284 0.0187 0.0157 0.1114 0.0102 0.0465 0.0121 0.0132 0.0143 0.0098 0.0329 
      H148.7  2 0.0353 0.2718 0.0094 0.0194 0.0268 0.1127 0.0296 0.0093 0.0249 0.0094 0.0752 0.0207 0.2728 0.0248 0.0082 0.0264 0.0126 0.0107 
      H148.8  2 0.0174 0.7416 0.0065 0.0176 0.0068 0.0360 0.0086 0.0175 0.0126 0.0064 0.0726 0.0069 0.0207 0.0038 0.0083 0.0060 0.0065 0.0041 
      H148.9  2 0.1309 0.1678 0.0060 0.0267 0.0187 0.0317 0.0953 0.0150 0.0079 0.0091 0.1234 0.0127 0.1283 0.0746 0.0678 0.0204 0.0507 0.0131 
   H166022.1  2 0.0123 0.0118 0.0074 0.0192 0.0043 0.0112 0.0076 0.0417 0.6911 0.0144 0.0077 0.0149 0.0051 0.0099 0.0130 0.0569 0.0100 0.0615 
   H166022.2  2 0.0159 0.0220 0.0068 0.0251 0.0109 0.0149 0.0103 0.0303 0.3334 0.0689 0.0151 0.1203 0.0140 0.0330 0.0145 0.1875 0.0228 0.0542 
   H166022.3  2 0.0068 0.0200 0.0066 0.0076 0.0102 0.0104 0.0045 0.0189 0.6499 0.0043 0.0089 0.0165 0.0350 0.0120 0.0052 0.0121 0.0101 0.1609 
   H166022.4  2 0.0051 0.0063 0.0069 0.0053 0.0087 0.0080 0.0057 0.0060 0.8635 0.0056 0.0045 0.0202 0.0145 0.0081 0.0050 0.0077 0.0055 0.0134 
   H166022.5  2 0.0041 0.0111 0.0075 0.0089 0.0068 0.0062 0.0050 0.0235 0.7634 0.0129 0.0048 0.0167 0.0119 0.0084 0.0043 0.0752 0.0067 0.0225 
   H166022.6  2 0.0177 0.0103 0.0242 0.0159 0.0098 0.0127 0.0068 0.0469 0.6742 0.0068 0.0286 0.0227 0.0097 0.0371 0.0107 0.0243 0.0073 0.0341 
   H166022.7  2 0.0092 0.0034 0.0080 0.0087 0.0065 0.0053 0.0054 0.0055 0.0071 0.0072 0.0086 0.0056 0.8674 0.0086 0.0050 0.0215 0.0131 0.0037 
   H166022.8  2 0.0078 0.0068 0.0274 0.0137 0.0147 0.0113 0.0103 0.0714 0.1393 0.0135 0.0787 0.3079 0.0106 0.0214 0.0283 0.1712 0.0108 0.0550 
   H167397.1  2 0.3941 0.0094 0.0159 0.1858 0.0067 0.0091 0.0107 0.2089 0.0297 0.0418 0.0130 0.0147 0.0069 0.0081 0.0063 0.0260 0.0083 0.0047 
   H167397.2  2 0.4571 0.0116 0.0144 0.0855 0.0122 0.0119 0.0072 0.0096 0.0246 0.0526 0.1488 0.0316 0.0094 0.0133 0.0399 0.0137 0.0211 0.0356 
   H167397.3  2 0.5537 0.0064 0.0112 0.1005 0.0089 0.0055 0.0159 0.1556 0.0239 0.0360 0.0225 0.0061 0.0043 0.0109 0.0048 0.0118 0.0147 0.0074 
   H167397.4  2 0.6557 0.0120 0.0081 0.0466 0.0068 0.0265 0.0104 0.0055 0.0215 0.0375 0.0076 0.0073 0.0124 0.0485 0.0375 0.0145 0.0148 0.0269 
   H167397.5  2 0.5497 0.0148 0.0142 0.1154 0.0098 0.0086 0.0067 0.0469 0.0295 0.0190 0.0441 0.0473 0.0209 0.0081 0.0076 0.0285 0.0158 0.0132 
   H167397.6  2 0.5816 0.0085 0.0186 0.0904 0.0128 0.0147 0.0642 0.0388 0.0315 0.0349 0.0198 0.0067 0.0108 0.0158 0.0111 0.0060 0.0239 0.0100 
   H167496.1  2 0.0110 0.0470 0.1116 0.0104 0.0132 0.0786 0.0187 0.2539 0.3378 0.0122 0.0089 0.0111 0.0193 0.0145 0.0050 0.0134 0.0155 0.0178 
   H167496.2  2 0.0125 0.1333 0.1083 0.0185 0.0102 0.0511 0.0869 0.0255 0.1188 0.0725 0.0230 0.1409 0.0565 0.0515 0.0112 0.0235 0.0469 0.0089 
   H167496.3  2 0.0080 0.0968 0.0393 0.0166 0.0273 0.0359 0.0084 0.1693 0.2131 0.0409 0.0238 0.0470 0.0106 0.0392 0.1341 0.0085 0.0201 0.0611 
   H167496.4  2 0.0042 0.0036 0.0045 0.0052 0.0045 0.0042 0.0063 0.0054 0.9073 0.0069 0.0034 0.0065 0.0048 0.0050 0.0061 0.0066 0.0101 0.0053 
   H167496.6  2 0.0042 0.0039 0.0066 0.0067 0.0099 0.0150 0.0150 0.0112 0.7897 0.0169 0.0063 0.0604 0.0084 0.0106 0.0077 0.0124 0.0098 0.0054 
   H167496.7  2 0.0054 0.0403 0.0229 0.0658 0.0080 0.0075 0.0157 0.7037 0.0182 0.0070 0.0148 0.0245 0.0085 0.0155 0.0054 0.0073 0.0153 0.0144 
   H167496.8  2 0.0061 0.0043 0.0083 0.0107 0.0048 0.0096 0.0167 0.0108 0.8229 0.0147 0.0070 0.0299 0.0059 0.0161 0.0056 0.0097 0.0105 0.0065 
   H167513.1  2 0.0054 0.0042 0.0119 0.0079 0.0067 0.0035 0.0111 0.0068 0.0072 0.0058 0.0067 0.0077 0.0134 0.8746 0.0057 0.0071 0.0056 0.0088 
   H167513.2  2 0.0152 0.0090 0.0076 0.0097 0.0048 0.0123 0.0071 0.0208 0.0108 0.0055 0.0107 0.0074 0.0055 0.8530 0.0053 0.0051 0.0049 0.0052 
   H167513.3  2 0.0064 0.0061 0.0082 0.0097 0.0136 0.0037 0.0097 0.0073 0.0063 0.0075 0.0055 0.0069 0.0084 0.8409 0.0044 0.0319 0.0136 0.0101 
   H167513.4  2 0.0071 0.0108 0.0255 0.0115 0.0069 0.0116 0.0152 0.0067 0.0245 0.0078 0.0143 0.0160 0.0384 0.7317 0.0080 0.0091 0.0049 0.0501 
   H167513.5  2 0.0128 0.0050 0.0113 0.0060 0.0039 0.0132 0.0076 0.0081 0.0104 0.0050 0.0078 0.0077 0.0050 0.8758 0.0057 0.0044 0.0038 0.0065 
   H167513.6  2 0.0074 0.0096 0.0086 0.0118 0.0060 0.0042 0.0123 0.0141 0.0131 0.0089 0.0068 0.0136 0.0071 0.8187 0.0070 0.0265 0.0077 0.0166 
   H167513.7  2 0.0229 0.0054 0.0224 0.0059 0.0052 0.0041 0.0080 0.0048 0.0070 0.0096 0.0064 0.0074 0.0090 0.8370 0.0065 0.0095 0.0069 0.0220 
   H167513.8  2 0.0145 0.0044 0.0121 0.0062 0.0058 0.0035 0.0074 0.0040 0.0057 0.0078 0.0045 0.0112 0.0097 0.8594 0.0034 0.0286 0.0064 0.0055 
   H167547.1  2 0.0100 0.0427 0.0056 0.0057 0.0076 0.0068 0.0046 0.8401 0.0049 0.0036 0.0209 0.0061 0.0077 0.0077 0.0063 0.0046 0.0057 0.0094 
   H167547.2  2 0.0082 0.0166 0.0054 0.0417 0.0053 0.0048 0.0049 0.8584 0.0061 0.0038 0.0085 0.0055 0.0042 0.0056 0.0058 0.0038 0.0045 0.0070 
   H167547.3  2 0.0081 0.0294 0.0046 0.0225 0.0043 0.0051 0.0053 0.8634 0.0063 0.0045 0.0089 0.0050 0.0036 0.0051 0.0049 0.0046 0.0044 0.0100 
   H167547.4  2 0.0099 0.0153 0.0058 0.0049 0.0067 0.0059 0.0039 0.8683 0.0042 0.0036 0.0086 0.0058 0.0082 0.0057 0.0069 0.0050 0.0061 0.0252 
   H167547.5  2 0.0121 0.0688 0.0081 0.0334 0.0050 0.2267 0.0136 0.5321 0.0198 0.0110 0.0064 0.0055 0.0063 0.0073 0.0063 0.0198 0.0060 0.0118 
   H167547.6  2 0.0123 0.0887 0.0071 0.0457 0.0080 0.1919 0.0124 0.5453 0.0121 0.0100 0.0077 0.0048 0.0045 0.0076 0.0044 0.0175 0.0066 0.0135 
   H167547.7  2 0.0163 0.2300 0.1172 0.0218 0.0213 0.0290 0.0161 0.1390 0.0126 0.0191 0.0347 0.0188 0.0435 0.1130 0.0697 0.0210 0.0495 0.0273 
   H169750.1  2 0.0061 0.0206 0.7799 0.0056 0.0052 0.0087 0.0088 0.0394 0.0224 0.0058 0.0162 0.0071 0.0093 0.0134 0.0073 0.0124 0.0152 0.0166 
   H169750.2  2 0.0378 0.0125 0.2956 0.1116 0.0393 0.0162 0.0115 0.0157 0.0334 0.0823 0.0678 0.0338 0.0208 0.1019 0.0164 0.0835 0.0130 0.0067 
   H169750.3  2 0.0037 0.0119 0.8141 0.0039 0.0120 0.0056 0.0049 0.0185 0.0075 0.0057 0.0066 0.0061 0.0141 0.0215 0.0106 0.0343 0.0132 0.0058 
   H169750.4  2 0.0303 0.0092 0.6766 0.0096 0.0262 0.0211 0.0199 0.0146 0.0476 0.0118 0.0467 0.0171 0.0097 0.0263 0.0102 0.0074 0.0114 0.0044 
   H169750.5  2 0.0041 0.0083 0.8110 0.0061 0.0064 0.0054 0.0047 0.0056 0.0322 0.0136 0.0150 0.0082 0.0103 0.0109 0.0077 0.0122 0.0156 0.0225 
   H169750.6  2 0.0082 0.0080 0.5965 0.0106 0.0171 0.0087 0.0061 0.0089 0.0433 0.1189 0.0234 0.0226 0.0232 0.0203 0.0173 0.0341 0.0224 0.0106 
   H169750.7  2 0.0178 0.0187 0.6345 0.0198 0.0275 0.0072 0.0100 0.0280 0.0150 0.0135 0.0172 0.0182 0.0206 0.0653 0.0271 0.0214 0.0313 0.0068 
   H171929.1  2 0.0220 0.0094 0.0079 0.0066 0.0053 0.0150 0.0039 0.0091 0.0056 0.0060 0.0076 0.0043 0.0057 0.8528 0.0216 0.0037 0.0074 0.0059 
  H171929.10  2 0.0187 0.0198 0.0322 0.0070 0.0067 0.0144 0.0081 0.0161 0.0170 0.0093 0.0094 0.0067 0.0053 0.7610 0.0344 0.0193 0.0071 0.0077 
  H171929.11  2 0.0132 0.0071 0.0161 0.0100 0.0067 0.0146 0.0045 0.0103 0.0055 0.0074 0.0113 0.0043 0.0043 0.8513 0.0178 0.0052 0.0063 0.0041 
   H171929.2  2 0.0049 0.0256 0.0329 0.0083 0.0081 0.0207 0.0040 0.0078 0.0076 0.0045 0.0112 0.0043 0.0072 0.8274 0.0099 0.0052 0.0040 0.0063 
   H171929.3  2 0.0082 0.0084 0.0141 0.0103 0.0051 0.0101 0.0037 0.0099 0.0055 0.0095 0.0051 0.0035 0.0051 0.8761 0.0079 0.0064 0.0054 0.0059 
   H171929.4  2 0.0040 0.0184 0.0163 0.0077 0.0094 0.0087 0.0033 0.0172 0.0114 0.0115 0.0132 0.0068 0.0068 0.8189 0.0213 0.0070 0.0087 0.0094 
   H171929.5  2 0.0126 0.0077 0.0266 0.0084 0.0051 0.0089 0.0060 0.0062 0.0053 0.0059 0.0061 0.0047 0.0105 0.8606 0.0069 0.0064 0.0070 0.0051 
   H171929.6  2 0.0100 0.0062 0.0182 0.0074 0.0050 0.0065 0.0053 0.0054 0.0034 0.0043 0.0053 0.0037 0.0071 0.8917 0.0055 0.0044 0.0065 0.0042 
   H171929.7  2 0.0043 0.0091 0.0054 0.0068 0.0055 0.0067 0.0034 0.0044 0.0046 0.0069 0.0103 0.0054 0.0047 0.8831 0.0250 0.0031 0.0053 0.0060 
   H171929.8  2 0.0050 0.0214 0.0095 0.0056 0.0062 0.0081 0.0045 0.0091 0.0090 0.0053 0.0202 0.0054 0.0056 0.8356 0.0315 0.0067 0.0060 0.0054 
   H171929.9  2 0.0034 0.0063 0.0124 0.0070 0.0060 0.0041 0.0038 0.0067 0.0083 0.0096 0.0174 0.0064 0.0062 0.8546 0.0250 0.0076 0.0094 0.0059 
   H171930.1  2 0.0193 0.0054 0.0076 0.0203 0.0157 0.0141 0.0067 0.0080 0.0219 0.0049 0.0173 0.0063 0.0097 0.1261 0.0022 0.6948 0.0164 0.0032 
   H171930.2  2 0.0066 0.0097 0.0191 0.0205 0.0127 0.0222 0.0073 0.0286 0.0323 0.0095 0.0141 0.0118 0.0148 0.0151 0.0093 0.7317 0.0264 0.0085 
   H171930.3  2 0.0089 0.0083 0.0058 0.0137 0.0105 0.0160 0.0086 0.0100 0.0143 0.0081 0.0055 0.0052 0.0118 0.0079 0.0058 0.8414 0.0113 0.0071 
   H171930.4  2 0.0069 0.0051 0.0061 0.0288 0.0109 0.0063 0.0067 0.0133 0.0118 0.0042 0.0037 0.0069 0.0136 0.0054 0.0031 0.8532 0.0080 0.0060 
   H171930.5  2 0.0176 0.0097 0.0266 0.0153 0.0134 0.0099 0.0068 0.0154 0.0144 0.0099 0.0493 0.0091 0.0099 0.0813 0.0140 0.6357 0.0540 0.0079 
   H171930.6  2 0.0048 0.0059 0.0101 0.0107 0.0124 0.0088 0.0127 0.0072 0.0094 0.0115 0.0045 0.0058 0.0045 0.0055 0.0029 0.8628 0.0160 0.0044 
   H171930.7  2 0.0104 0.0054 0.0081 0.0137 0.0094 0.0063 0.0068 0.0073 0.0068 0.0058 0.0080 0.0081 0.0069 0.0121 0.0064 0.8675 0.0056 0.0053 
   H171930.8  2 0.0077 0.0051 0.0078 0.0136 0.0056 0.0096 0.0070 0.0107 0.0093 0.0066 0.0083 0.0075 0.0099 0.0175 0.0041 0.8612 0.0044 0.0042 
   H171933.1  2 0.0575 0.0142 0.0217 0.0379 0.0066 0.0131 0.0058 0.0306 0.0228 0.0078 0.0112 0.0058 0.0170 0.0091 0.0126 0.0189 0.0215 0.6858 
   H171933.2  2 0.0730 0.0196 0.0250 0.0420 0.0056 0.0244 0.0239 0.0811 0.0490 0.0197 0.0115 0.0074 0.0342 0.0201 0.0751 0.0485 0.0234 0.4169 
   H171933.3  2 0.0168 0.1103 0.0197 0.0161 0.0121 0.0236 0.0172 0.1526 0.0216 0.0063 0.0139 0.0057 0.0099 0.0094 0.0663 0.0525 0.0200 0.4257 
   H171933.4  2 0.0050 0.0462 0.0106 0.0097 0.0269 0.0202 0.0094 0.1558 0.0178 0.0107 0.0123 0.0259 0.0138 0.0995 0.0297 0.0632 0.0094 0.4340 
   H171933.5  2 0.0132 0.1762 0.0237 0.0169 0.0676 0.0125 0.0162 0.2696 0.0223 0.0076 0.0292 0.0234 0.0257 0.0602 0.0177 0.0693 0.0112 0.1376 
   H171933.6  2 0.0047 0.0086 0.0080 0.0156 0.0089 0.0080 0.0058 0.0363 0.4145 0.0119 0.0057 0.0087 0.0194 0.0067 0.0095 0.0079 0.0147 0.4051 
   H171933.7  2 0.0205 0.0364 0.0111 0.1171 0.0143 0.0081 0.0324 0.0165 0.0115 0.0136 0.0105 0.0329 0.0073 0.0131 0.0640 0.0948 0.0332 0.4627 
   H171933.8  2 0.0337 0.0280 0.0101 0.0697 0.0074 0.0102 0.0484 0.0224 0.0071 0.0183 0.0119 0.0328 0.0109 0.0678 0.0678 0.1189 0.0105 0.4242 
   H171933.9  2 0.0040 0.0190 0.0044 0.0138 0.0382 0.0086 0.0058 0.0239 0.0182 0.0078 0.0044 0.0318 0.0108 0.0128 0.0093 0.0454 0.0085 0.7334 
      H190.1  2 0.0059 0.2141 0.0158 0.0279 0.0810 0.0063 0.0113 0.0684 0.0295 0.0197 0.0183 0.0887 0.0419 0.0116 0.0081 0.2809 0.0434 0.0271 
      H190.2  2 0.0053 0.0194 0.0145 0.7498 0.0077 0.0469 0.0077 0.0237 0.0081 0.0136 0.0141 0.0226 0.0056 0.0040 0.0172 0.0178 0.0164 0.0055 
      H190.3  2 0.0087 0.0356 0.0477 0.2949 0.0216 0.1526 0.0053 0.1046 0.0306 0.0187 0.1338 0.0092 0.0107 0.0136 0.0213 0.0284 0.0485 0.0144 
      H190.4  2 0.0056 0.5461 0.0195 0.0065 0.0508 0.0151 0.0038 0.0256 0.0372 0.0061 0.0221 0.0087 0.0221 0.0078 0.0158 0.1432 0.0184 0.0455 
      H190.5  2 0.0030 0.0054 0.0095 0.8728 0.0052 0.0084 0.0063 0.0058 0.0086 0.0128 0.0054 0.0167 0.0048 0.0046 0.0085 0.0072 0.0094 0.0057 
      H190.6  2 0.0063 0.6399 0.0118 0.0048 0.0198 0.0211 0.0052 0.0794 0.0404 0.0096 0.0170 0.0058 0.0132 0.0070 0.0152 0.0721 0.0217 0.0099 
      H190.7  2 0.0086 0.0634 0.0306 0.0236 0.0198 0.0839 0.0057 0.3355 0.0333 0.0202 0.0345 0.0120 0.0068 0.0136 0.2715 0.0240 0.0089 0.0041 
      H190.8  2 0.0039 0.0191 0.0175 0.5410 0.0128 0.0173 0.0086 0.0152 0.0123 0.0130 0.0124 0.2179 0.0073 0.0083 0.0330 0.0209 0.0344 0.0049 
      H190.9  2 0.0102 0.1180 0.1048 0.3163 0.0269 0.0191 0.0123 0.1097 0.0304 0.0073 0.0227 0.0637 0.0101 0.0107 0.1051 0.0184 0.0077 0.0064 
      H400.1  2 0.0062 0.0050 0.0364 0.0040 0.0057 0.0038 0.0327 0.0061 0.8096 0.0057 0.0165 0.0048 0.0071 0.0053 0.0074 0.0130 0.0122 0.0187 
      H400.2  2 0.0099 0.0078 0.0186 0.0068 0.0038 0.0037 0.0224 0.0039 0.7783 0.0107 0.0073 0.0045 0.0112 0.0116 0.0065 0.0092 0.0400 0.0438 
      H400.3  2 0.0119 0.0199 0.1852 0.0258 0.0226 0.0065 0.0220 0.0178 0.4078 0.0103 0.0253 0.0120 0.0127 0.0114 0.0057 0.0360 0.0969 0.0700 
      H400.4  2 0.0036 0.0058 0.0153 0.0064 0.0065 0.0064 0.0104 0.0063 0.8371 0.0110 0.0059 0.0040 0.0079 0.0115 0.0079 0.0329 0.0131 0.0081 
      H400.5  2 0.0066 0.0434 0.0627 0.0087 0.0176 0.0079 0.0120 0.0092 0.5030 0.0076 0.0157 0.0042 0.0106 0.0121 0.0052 0.0361 0.0462 0.1912 
      H400.6  2 0.0037 0.0045 0.0113 0.0056 0.0060 0.0041 0.0248 0.0060 0.8255 0.0073 0.0167 0.0038 0.0061 0.0056 0.0223 0.0140 0.0186 0.0141 
      H400.7  2 0.0075 0.0600 0.0315 0.0170 0.0075 0.0102 0.0159 0.0062 0.5959 0.0050 0.0336 0.0085 0.0184 0.0357 0.0077 0.0195 0.0292 0.0908 
 H428.1_2005  2 0.0032 0.0045 0.0035 0.0033 0.0054 0.0040 0.0040 0.0036 0.0041 0.0042 0.0037 0.0030 0.0042 0.0047 0.0039 0.0029 0.0055 0.9326 
 H428.1_2006  2 0.0042 0.0042 0.0052 0.0048 0.0061 0.0090 0.0081 0.0057 0.0107 0.0143 0.0038 0.0075 0.0034 0.0107 0.0062 0.0041 0.0069 0.8850 
 H428.2_2005  2 0.0051 0.0080 0.0050 0.0036 0.0049 0.0046 0.0044 0.0057 0.0049 0.0037 0.0074 0.0042 0.0067 0.0042 0.0033 0.0045 0.0038 0.9159 
 H428.2_2006  2 0.0035 0.0055 0.0059 0.0038 0.0050 0.0043 0.0082 0.0062 0.0074 0.0255 0.0038 0.0099 0.0060 0.0119 0.0058 0.0062 0.0075 0.8735 
 H428.3_2005  2 0.0028 0.0049 0.0037 0.0048 0.0030 0.0040 0.0048 0.0051 0.0074 0.0042 0.0041 0.0046 0.0034 0.0043 0.0042 0.0040 0.0044 0.9263 
 H428.3_2006  2 0.0046 0.0046 0.0070 0.0057 0.0061 0.0040 0.0124 0.0071 0.0093 0.0163 0.0044 0.0091 0.0054 0.0129 0.0054 0.0066 0.0094 0.8698 
 H428.4_2005  2 0.0041 0.0070 0.0035 0.0038 0.0042 0.0054 0.0034 0.0061 0.0067 0.0042 0.0042 0.0038 0.0041 0.0051 0.0039 0.0036 0.0043 0.9228 
