      H008.1  2 0.0060 0.0110 0.0155 0.0129 0.0088 0.0092 0.0141 0.0125 0.0219 0.8800 0.0082 
      H008.2  2 0.0597 0.0427 0.0488 0.0114 0.0204 0.0409 0.0309 0.0185 0.6568 0.0588 0.0111 
      H008.3  2 0.0583 0.0976 0.2499 0.0270 0.0372 0.1364 0.0318 0.0299 0.2369 0.0787 0.0163 
      H008.4  2 0.0635 0.0377 0.0272 0.0438 0.0105 0.0220 0.0188 0.0359 0.0999 0.6342 0.0066 
      H008.5  2 0.0177 0.0241 0.0376 0.0137 0.0130 0.0257 0.0092 0.0138 0.0253 0.8066 0.0132 
      H008.6  2 0.1070 0.0435 0.0602 0.0132 0.0129 0.0154 0.0430 0.0166 0.4537 0.2241 0.0105 
      H008.7  2 0.0996 0.0350 0.0410 0.0291 0.0283 0.0783 0.0388 0.0437 0.1993 0.3942 0.0126 
      H008.8  2 0.0107 0.1029 0.0137 0.0239 0.0119 0.0150 0.0563 0.0176 0.6203 0.1167 0.0110 
      H008.9  2 0.2633 0.0342 0.0448 0.0086 0.0191 0.0169 0.1014 0.0284 0.4459 0.0275 0.0101 
 H029.1_2002  2 0.0251 0.0066 0.0107 0.0215 0.0098 0.0147 0.0324 0.0143 0.0418 0.8154 0.0080 
 H029.1_2003  2 0.0269 0.0168 0.0469 0.0185 0.0180 0.0543 0.0185 0.0146 0.4254 0.3475 0.0126 
 H029.2_2002  2 0.0225 0.0232 0.0412 0.0088 0.0102 0.0652 0.0076 0.0088 0.0246 0.7787 0.0092 
 H029.2_2003  2 0.0557 0.0321 0.0964 0.0122 0.0098 0.0334 0.0150 0.0080 0.3312 0.3774 0.0289 
 H029.3_2002  2 0.1404 0.0313 0.0236 0.0176 0.0225 0.1830 0.0084 0.0074 0.1197 0.4230 0.0232 
 H029.3_2003  2 0.0079 0.0066 0.0178 0.0091 0.0164 0.0217 0.0047 0.0103 0.0866 0.8080 0.0108 
 H029.4_2002  2 0.0140 0.0042 0.0066 0.0087 0.0110 0.0097 0.0041 0.0107 0.0082 0.9176 0.0051 
 H029.4_2003  2 0.0288 0.0155 0.0251 0.0312 0.0778 0.0436 0.0188 0.0192 0.0789 0.6471 0.0139 
 H029.5_2002  2 0.0054 0.0038 0.0067 0.0046 0.0065 0.0156 0.0073 0.0153 0.0116 0.9170 0.0061 
 H029.5_2003  2 0.0201 0.0069 0.0238 0.0155 0.0140 0.0123 0.0068 0.0098 0.1625 0.7212 0.0071 
 H029.6_2002  2 0.0386 0.0079 0.0092 0.0076 0.0102 0.1219 0.0051 0.0108 0.0170 0.7645 0.0072 
 H029.6_2003  2 0.0113 0.0122 0.0513 0.0136 0.0229 0.0157 0.0177 0.0273 0.0673 0.7444 0.0163 
      H029.7  2 0.0243 0.0157 0.0127 0.0091 0.0088 0.0159 0.0084 0.0066 0.0101 0.8822 0.0060 
      H030.1  2 0.0059 0.0093 0.0290 0.0091 0.0882 0.0851 0.0153 0.0184 0.0329 0.0426 0.6641 
      H030.2  2 0.0593 0.0055 0.0096 0.3669 0.0935 0.1497 0.0114 0.0186 0.0113 0.1063 0.1679 
      H038.1  2 0.0323 0.0115 0.0061 0.0066 0.0053 0.0076 0.0070 0.0054 0.0106 0.9015 0.0063 
      H038.2  2 0.0046 0.0035 0.0081 0.0086 0.0069 0.0062 0.0051 0.0081 0.0082 0.9274 0.0134 
      H038.3  2 0.0321 0.0067 0.0067 0.0248 0.0149 0.0061 0.0098 0.0126 0.0156 0.8230 0.0478 
      H038.4  2 0.0246 0.0056 0.0059 0.0125 0.0117 0.0069 0.0076 0.0151 0.0125 0.8830 0.0144 
      H038.5  2 0.0213 0.0049 0.0088 0.0077 0.0278 0.0096 0.0045 0.0085 0.0251 0.8678 0.0139 
      H038.6  2 0.0115 0.0041 0.0083 0.0076 0.0099 0.0065 0.0051 0.0045 0.0111 0.9226 0.0089 
      H038.7  2 0.0115 0.0046 0.0064 0.0133 0.0132 0.0040 0.0074 0.0049 0.0125 0.9112 0.0109 
      H038.8  2 0.0787 0.0051 0.0050 0.0142 0.0088 0.0061 0.0073 0.0118 0.0089 0.8177 0.0364 
      H041.1  2 0.0420 0.0205 0.0143 0.0116 0.1263 0.1839 0.0152 0.1279 0.0069 0.4401 0.0114 
      H041.2  2 0.0170 0.0100 0.0108 0.0251 0.0112 0.0491 0.0150 0.3175 0.0490 0.4844 0.0109 
      H041.4  2 0.0210 0.0195 0.0135 0.0118 0.0288 0.0278 0.0273 0.0552 0.0372 0.7473 0.0107 
      H041.6  2 0.0135 0.0271 0.0094 0.0392 0.0155 0.0421 0.0507 0.0913 0.0216 0.6706 0.0189 
 H042.1_2002  2 0.0171 0.0276 0.0392 0.1471 0.0109 0.5460 0.0800 0.0943 0.0098 0.0107 0.0173 
 H042.1_2003  2 0.1424 0.0197 0.1158 0.0837 0.0158 0.0273 0.0917 0.1409 0.2010 0.1171 0.0447 
 H042.2_2002  2 0.0298 0.0116 0.0295 0.4895 0.0239 0.0579 0.0049 0.0193 0.0085 0.3153 0.0099 
 H042.2_2003  2 0.0068 0.0129 0.0399 0.0330 0.0138 0.0142 0.0732 0.4194 0.0334 0.3412 0.0122 
 H042.3_2002  2 0.0106 0.0077 0.0145 0.7111 0.0113 0.1933 0.0068 0.0178 0.0056 0.0077 0.0134 
 H042.3_2003  2 0.0171 0.0130 0.0215 0.7758 0.0376 0.0318 0.0161 0.0270 0.0068 0.0414 0.0118 
 H042.4_2002  2 0.0237 0.0129 0.0457 0.0217 0.0164 0.4806 0.0396 0.1261 0.0274 0.0980 0.1079 
 H042.4_2003  2 0.0081 0.0445 0.0276 0.0115 0.0485 0.3824 0.0581 0.1191 0.0179 0.2555 0.0268 
      H042.5  2 0.0038 0.0352 0.0203 0.0100 0.0228 0.8226 0.0203 0.0269 0.0139 0.0137 0.0105 
      H042.6  2 0.0123 0.1778 0.0200 0.0345 0.0222 0.6558 0.0190 0.0125 0.0124 0.0185 0.0149 
      H042.7  2 0.0053 0.0183 0.0142 0.2600 0.0387 0.2815 0.0223 0.2760 0.0247 0.0488 0.0103 
      H042.8  2 0.0384 0.0281 0.0415 0.1627 0.0232 0.5156 0.0180 0.1183 0.0160 0.0307 0.0076 
   H042_2002  2 0.0397 0.2899 0.0387 0.2475 0.0402 0.0173 0.0570 0.0677 0.0390 0.1430 0.0201 
   H042_2003  2 0.0404 0.2732 0.0388 0.2601 0.0401 0.0160 0.0409 0.0737 0.0402 0.1589 0.0176 
      H043.1  2 0.1379 0.0598 0.0091 0.0183 0.6754 0.0131 0.0092 0.0067 0.0169 0.0287 0.0249 
      H043.2  2 0.3597 0.4644 0.0102 0.0132 0.0116 0.0062 0.0381 0.0107 0.0195 0.0569 0.0094 
      H043.3  2 0.0509 0.1207 0.0115 0.1230 0.0854 0.0070 0.0400 0.0095 0.0446 0.4944 0.0128 
      H043.4  2 0.1773 0.5048 0.0128 0.0349 0.0840 0.0076 0.0256 0.0108 0.0079 0.1148 0.0194 
      H043.5  2 0.4720 0.0565 0.0156 0.0812 0.0275 0.0094 0.0455 0.0136 0.0409 0.2188 0.0193 
      H043.6  2 0.3315 0.0591 0.0094 0.0739 0.0187 0.0080 0.0523 0.0158 0.0183 0.3966 0.0164 
      H043.7  2 0.1515 0.3999 0.0102 0.0481 0.1599 0.0052 0.1225 0.0122 0.0203 0.0494 0.0208 
      H043.8  2 0.0564 0.1601 0.0173 0.1236 0.2333 0.0141 0.0799 0.0266 0.1203 0.0508 0.1175 
      H043.9  2 0.0810 0.0583 0.0094 0.0227 0.6743 0.0156 0.0092 0.0056 0.0228 0.0818 0.0195 
      H047.1  2 0.0120 0.0217 0.0370 0.1013 0.1230 0.0050 0.0399 0.0128 0.0101 0.6301 0.0071 
      H047.2  2 0.0091 0.0129 0.0597 0.0096 0.0628 0.0321 0.0440 0.0326 0.0961 0.6152 0.0259 
      H047.3  2 0.0070 0.0287 0.1116 0.0170 0.1368 0.0327 0.0197 0.0832 0.0359 0.5047 0.0226 
      H047.4  2 0.0047 0.0129 0.0124 0.0232 0.0361 0.0140 0.0312 0.0507 0.0733 0.7281 0.0133 
      H047.5  2 0.0039 0.1044 0.0614 0.0688 0.1439 0.0085 0.0171 0.0350 0.0221 0.5156 0.0194 
      H047.6  2 0.0123 0.0146 0.0288 0.0161 0.4077 0.0219 0.0320 0.0589 0.0295 0.3669 0.0114 
      H047.7  2 0.0122 0.0133 0.0192 0.1241 0.1387 0.0112 0.0212 0.0231 0.0047 0.6243 0.0079 
      H047.8  2 0.0094 0.0226 0.0627 0.0196 0.3163 0.0155 0.0521 0.0560 0.0228 0.4130 0.0100 
      H047.9  2 0.0045 0.0963 0.0617 0.0997 0.0418 0.0085 0.0161 0.0460 0.0120 0.5960 0.0175 
 H071.1_2002  2 0.0053 0.0112 0.0079 0.0083 0.0078 0.0042 0.0077 0.0066 0.0058 0.9257 0.0095 
 H071.1_2003  2 0.0134 0.1172 0.0133 0.0103 0.0090 0.0063 0.0380 0.0132 0.0119 0.7274 0.0402 
     H071.10  2 0.0099 0.0073 0.0039 0.0219 0.0099 0.0075 0.0054 0.0051 0.0055 0.9032 0.0203 
 H071.2_2002  2 0.0080 0.0155 0.0103 0.0114 0.0060 0.0049 0.0126 0.0084 0.0193 0.8931 0.0106 
 H071.2_2003  2 0.0039 0.0094 0.0050 0.0055 0.0039 0.0048 0.0059 0.0044 0.0054 0.9464 0.0054 
      H071.3  2 0.0087 0.0065 0.0057 0.0180 0.0182 0.0064 0.0050 0.0080 0.0088 0.8954 0.0193 
 H071.4_2002  2 0.0153 0.0088 0.0057 0.0246 0.0189 0.0072 0.0104 0.0085 0.0106 0.8732 0.0168 
 H071.4_2003  2 0.0031 0.0053 0.0054 0.0077 0.0061 0.0038 0.0048 0.0054 0.0067 0.9432 0.0083 
 H071.5_2002  2 0.0053 0.0073 0.0042 0.0125 0.0092 0.0057 0.0047 0.0042 0.0054 0.9333 0.0081 
 H071.5_2003  2 0.0042 0.0076 0.0090 0.0222 0.0103 0.0053 0.0142 0.0084 0.0149 0.8827 0.0213 
 H071.6_2002  2 0.0066 0.0100 0.0054 0.0465 0.0104 0.0038 0.0063 0.0039 0.0158 0.8804 0.0109 
 H071.6_2003  2 0.0039 0.0051 0.0058 0.0125 0.0110 0.0050 0.0124 0.0058 0.0080 0.9135 0.0171 
 H071.7_2002  2 0.0038 0.0096 0.0053 0.0117 0.0058 0.0037 0.0071 0.0036 0.0079 0.9367 0.0048 
 H071.7_2003  2 0.0043 0.0123 0.0077 0.0133 0.0128 0.0043 0.0131 0.0082 0.0060 0.8889 0.0290 
      H071.8  2 0.0102 0.0120 0.0061 0.0062 0.0057 0.0061 0.0113 0.0071 0.0134 0.9165 0.0054 
      H071.9  2 0.0207 0.0237 0.0072 0.0361 0.1395 0.0124 0.0144 0.0120 0.0583 0.6502 0.0256 
 H081.1_2002  2 0.0044 0.0176 0.0057 0.0089 0.0041 0.0059 0.0073 0.0065 0.0063 0.9264 0.0069 
 H081.1_2003  2 0.3199 0.0228 0.0461 0.0244 0.0120 0.0492 0.0694 0.0178 0.1226 0.0653 0.2505 
 H081.2_2002  2 0.0052 0.0525 0.0055 0.0059 0.0065 0.0046 0.0116 0.0060 0.0063 0.8902 0.0057 
 H081.2_2003  2 0.0111 0.0873 0.0102 0.0114 0.0110 0.0317 0.0167 0.0083 0.0462 0.0381 0.7279 
 H081.3_2002  2 0.0078 0.0295 0.0059 0.0067 0.0127 0.0091 0.0157 0.0080 0.0295 0.8656 0.0095 
 H081.3_2003  2 0.0161 0.1217 0.0141 0.0122 0.0331 0.0147 0.0376 0.0150 0.0718 0.0170 0.6466 
 H081.4_2002  2 0.0037 0.0068 0.0068 0.0104 0.0062 0.0061 0.0065 0.0060 0.0092 0.9288 0.0096 
 H081.4_2003  2 0.0199 0.0366 0.0216 0.0122 0.0099 0.0310 0.0590 0.0115 0.1176 0.0164 0.6643 
 H081.5_2002  2 0.0049 0.0091 0.0079 0.0097 0.0063 0.0057 0.0088 0.0054 0.0141 0.9191 0.0090 
 H081.5_2003  2 0.0322 0.1291 0.0245 0.0267 0.0128 0.0251 0.1071 0.0263 0.1438 0.0749 0.3976 
      H081.6  2 0.0065 0.0110 0.0074 0.0097 0.0036 0.0062 0.0071 0.0059 0.0080 0.9275 0.0069 
      H081.7  2 0.0053 0.0575 0.0047 0.0072 0.0080 0.0059 0.0136 0.0096 0.0092 0.8668 0.0122 
      H081.8  2 0.0142 0.0117 0.0064 0.0202 0.0106 0.0154 0.0129 0.0151 0.0343 0.8233 0.0358 
      H083.1  2 0.0107 0.0090 0.0093 0.0147 0.0095 0.0228 0.0048 0.0051 0.0111 0.8934 0.0095 
      H083.2  2 0.0082 0.0159 0.0098 0.0087 0.0306 0.0159 0.0112 0.0062 0.0105 0.8722 0.0108 
      H083.4  2 0.0133 0.0174 0.0070 0.0196 0.0226 0.0349 0.0091 0.0071 0.0230 0.8383 0.0078 
      H083.5  2 0.0269 0.0147 0.0081 0.0097 0.0112 0.0266 0.0078 0.0101 0.0194 0.8580 0.0076 
      H083.6  2 0.0107 0.0145 0.0119 0.0116 0.0062 0.0496 0.0070 0.0096 0.0283 0.8359 0.0147 
      H083.7  2 0.0169 0.0168 0.0071 0.0107 0.0180 0.0528 0.0090 0.0135 0.0139 0.8321 0.0092 
      H083.8  2 0.0075 0.0163 0.0114 0.0106 0.0295 0.0148 0.0111 0.0090 0.0159 0.8654 0.0084 
      H083.9  2 0.0089 0.0129 0.0079 0.0079 0.0081 0.0421 0.0055 0.0095 0.0117 0.8785 0.0070 
      H084.1  2 0.0428 0.0099 0.0138 0.0096 0.0285 0.0120 0.0066 0.0152 0.0104 0.0098 0.8416 
      H084.2  2 0.0426 0.0076 0.0117 0.0121 0.0172 0.0174 0.0093 0.0048 0.0134 0.0123 0.8517 
      H084.3  2 0.1675 0.0082 0.0211 0.0270 0.0110 0.0343 0.0078 0.0680 0.0131 0.0082 0.6338 
      H084.4  2 0.1832 0.0060 0.0131 0.0198 0.0239 0.0223 0.0121 0.0546 0.0865 0.0103 0.5682 
      H084.5  2 0.0532 0.0096 0.0095 0.0551 0.0168 0.0092 0.0084 0.0356 0.0167 0.0079 0.7780 
      H084.6  2 0.1064 0.0096 0.0060 0.0173 0.0246 0.0130 0.0080 0.0467 0.0165 0.0062 0.7458 
      H084.7  2 0.0157 0.0068 0.0104 0.0132 0.0306 0.0154 0.0085 0.0084 0.0160 0.0096 0.8655 
      H084.8  2 0.1214 0.0077 0.0130 0.0133 0.0174 0.0105 0.0063 0.0832 0.0178 0.0060 0.7034 
 H085.1_2002  2 0.0150 0.8917 0.0054 0.0078 0.0096 0.0114 0.0091 0.0045 0.0068 0.0281 0.0106 
 H085.1_2003  2 0.0192 0.1661 0.0087 0.0080 0.0667 0.0991 0.0096 0.0362 0.0190 0.5433 0.0241 
 H085.2_2002  2 0.0716 0.5153 0.0073 0.0262 0.0151 0.1272 0.1029 0.0194 0.0127 0.0240 0.0783 
 H085.2_2003  2 0.0126 0.0262 0.0191 0.0112 0.0316 0.0960 0.0138 0.0134 0.0395 0.7146 0.0219 
 H085.3_2002  2 0.0050 0.9117 0.0059 0.0061 0.0094 0.0134 0.0120 0.0119 0.0052 0.0072 0.0123 
 H085.3_2003  2 0.0051 0.0699 0.0158 0.0098 0.0178 0.0095 0.0115 0.0186 0.0129 0.7919 0.0373 
 H085.4_2002  2 0.0500 0.6986 0.0112 0.0283 0.0112 0.0326 0.0379 0.0177 0.0128 0.0721 0.0275 
 H085.4_2003  2 0.0057 0.0099 0.0090 0.0246 0.0077 0.0093 0.0328 0.0265 0.0096 0.8350 0.0299 
 H085.5_2002  2 0.0051 0.9301 0.0064 0.0055 0.0071 0.0058 0.0091 0.0101 0.0058 0.0082 0.0069 
 H085.5_2003  2 0.0077 0.0275 0.0114 0.0113 0.0150 0.0572 0.0107 0.0085 0.0098 0.8244 0.0163 
 H085.6_2002  2 0.0086 0.9063 0.0054 0.0054 0.0205 0.0119 0.0094 0.0079 0.0069 0.0071 0.0106 
 H085.6_2003  2 0.0075 0.0969 0.0305 0.0182 0.0533 0.0143 0.1254 0.2290 0.0575 0.2768 0.0907 
 H085.7_2002  2 0.0139 0.7580 0.0087 0.0091 0.0150 0.0434 0.0473 0.0129 0.0225 0.0361 0.0332 
 H085.7_2003  2 0.0088 0.0351 0.0127 0.0108 0.0376 0.0121 0.0123 0.0266 0.0098 0.8164 0.0176 
 H085.8_2002  2 0.0163 0.4829 0.0100 0.0193 0.0150 0.0201 0.1849 0.0765 0.0375 0.0387 0.0988 
 H085.8_2003  2 0.0109 0.0500 0.0156 0.0200 0.0422 0.3924 0.0352 0.0450 0.0177 0.3316 0.0395 
      H085.9  2 0.0330 0.8194 0.0076 0.0097 0.0083 0.0217 0.0176 0.0106 0.0106 0.0478 0.0137 
      H088.1  2 0.0116 0.0203 0.0450 0.0066 0.0109 0.6742 0.0223 0.0460 0.1326 0.0141 0.0164 
      H088.2  2 0.0087 0.0429 0.0173 0.0197 0.0212 0.7398 0.0300 0.0275 0.0630 0.0088 0.0212 
      H088.3  2 0.0060 0.0226 0.0113 0.0150 0.0274 0.7798 0.0219 0.0175 0.0762 0.0099 0.0123 
      H088.4  2 0.0104 0.0057 0.0245 0.0166 0.0108 0.3991 0.0193 0.0182 0.4169 0.0407 0.0379 
      H088.5  2 0.0075 0.0078 0.0170 0.0101 0.0100 0.8166 0.0126 0.0215 0.0728 0.0092 0.0148 
      H088.6  2 0.0076 0.0072 0.0230 0.0124 0.0151 0.7412 0.0141 0.0288 0.1062 0.0256 0.0188 
      H088.7  2 0.0110 0.0202 0.0196 0.0146 0.0494 0.3226 0.0123 0.0348 0.2804 0.2202 0.0148 
      H088.8  2 0.0121 0.0094 0.0418 0.0128 0.0240 0.1908 0.0113 0.0395 0.3900 0.2511 0.0170 
      H091.1  2 0.0070 0.0190 0.0165 0.0179 0.0327 0.8278 0.0106 0.0261 0.0065 0.0142 0.0217 
      H091.2  2 0.0061 0.0162 0.0161 0.0506 0.0183 0.7693 0.0122 0.0602 0.0073 0.0330 0.0107 
      H109.1  2 0.0292 0.0449 0.0122 0.0251 0.7261 0.0186 0.0144 0.0329 0.0471 0.0175 0.0319 
      H109.2  2 0.0122 0.0101 0.0088 0.0229 0.5364 0.0179 0.0293 0.0397 0.0222 0.0451 0.2553 
      H109.3  2 0.0053 0.0057 0.0147 0.0107 0.8459 0.0095 0.0085 0.0356 0.0129 0.0183 0.0328 
      H109.4  2 0.0158 0.0081 0.0142 0.0104 0.7960 0.0121 0.0156 0.0408 0.0336 0.0116 0.0419 
      H109.5  2 0.0048 0.0094 0.0160 0.0148 0.3039 0.0147 0.0127 0.2599 0.0275 0.3111 0.0251 
      H109.6  2 0.0188 0.0210 0.0237 0.0339 0.3594 0.0114 0.0275 0.0545 0.1238 0.0403 0.2857 
      H126.1  2 0.0113 0.1915 0.1141 0.3288 0.0447 0.0105 0.2163 0.0192 0.0428 0.0094 0.0112 
      H126.2  2 0.0494 0.3913 0.0468 0.0775 0.1408 0.0146 0.0549 0.0079 0.0632 0.1420 0.0115 
      H126.3  2 0.0079 0.2739 0.0128 0.5224 0.0112 0.0318 0.0109 0.0063 0.0253 0.0921 0.0053 
      H126.4  2 0.0407 0.0301 0.1290 0.3136 0.0390 0.0204 0.3102 0.0100 0.0282 0.0589 0.0197 
      H126.5  2 0.0054 0.0856 0.0605 0.5124 0.0079 0.0121 0.1347 0.0098 0.0407 0.1203 0.0106 
      H126.6  2 0.0058 0.5779 0.0096 0.1124 0.0116 0.0166 0.0112 0.0066 0.0143 0.2277 0.0062 
      H126.7  2 0.0036 0.0309 0.0087 0.0179 0.0092 0.0071 0.0071 0.0051 0.0159 0.8849 0.0095 
      H130.1  2 0.0101 0.0246 0.0269 0.0072 0.0297 0.0215 0.7842 0.0137 0.0589 0.0082 0.0150 
      H130.2  2 0.0091 0.0148 0.0164 0.0057 0.0335 0.0466 0.0743 0.0138 0.0696 0.0223 0.6939 
      H130.3  2 0.0049 0.0069 0.4355 0.0057 0.0145 0.0142 0.0491 0.0066 0.0395 0.0189 0.4042 
      H130.4  2 0.0382 0.0471 0.0919 0.0077 0.0562 0.0359 0.5597 0.0146 0.0546 0.0094 0.0847 
      H130.5  2 0.0072 0.0295 0.0142 0.0069 0.0193 0.0545 0.2181 0.0138 0.0236 0.0340 0.5789 
      H133.1  2 0.0652 0.0148 0.0552 0.0151 0.6595 0.0246 0.0752 0.0154 0.0190 0.0209 0.0351 
      H133.2  2 0.0123 0.1399 0.0226 0.0141 0.5188 0.0153 0.0745 0.0190 0.0973 0.0163 0.0701 
      H133.3  2 0.0808 0.0391 0.0272 0.0118 0.7240 0.0129 0.0144 0.0247 0.0148 0.0239 0.0265 
      H133.4  2 0.0283 0.0139 0.0128 0.0071 0.8415 0.0078 0.0158 0.0133 0.0273 0.0135 0.0185 
      H133.5  2 0.0204 0.1087 0.0686 0.0149 0.6300 0.0218 0.0232 0.0059 0.0591 0.0092 0.0382 
      H133.6  2 0.0109 0.1273 0.0330 0.0246 0.4252 0.0424 0.0757 0.0124 0.0386 0.0173 0.1926 
      H133.7  2 0.0555 0.0218 0.0175 0.0094 0.6986 0.0086 0.0302 0.1166 0.0065 0.0220 0.0133 
      H133.8  2 0.0503 0.0682 0.0218 0.0584 0.7133 0.0131 0.0185 0.0122 0.0194 0.0129 0.0118 
      H133.9  2 0.0510 0.0137 0.0505 0.0104 0.7419 0.0233 0.0408 0.0083 0.0081 0.0250 0.0272 
      H147.1  2 0.0271 0.0557 0.0067 0.0216 0.0080 0.0526 0.0250 0.0870 0.0212 0.5835 0.1116 
      H147.2  2 0.0048 0.0100 0.0056 0.0094 0.0045 0.0074 0.0116 0.0086 0.0119 0.9098 0.0163 
      H147.3  2 0.0053 0.0348 0.0075 0.0075 0.0049 0.0064 0.0116 0.0108 0.0092 0.8796 0.0225 
      H147.4  2 0.0212 0.0132 0.0061 0.0086 0.0055 0.0084 0.0047 0.0121 0.0078 0.8854 0.0270 
      H147.5  2 0.0102 0.0290 0.0273 0.0114 0.0076 0.0771 0.0133 0.0204 0.0607 0.6420 0.1009 
      H147.6  2 0.0100 0.0206 0.0226 0.0127 0.0107 0.1307 0.0106 0.0214 0.0639 0.5675 0.1293 
      H147.7  2 0.0240 0.0100 0.0096 0.0083 0.0069 0.0118 0.0082 0.0255 0.0103 0.8574 0.0280 
      H147.8  2 0.0342 0.0132 0.0089 0.0145 0.0063 0.0728 0.0040 0.0106 0.0251 0.7723 0.0381 
      H147.9  2 0.0058 0.0183 0.0070 0.0086 0.0049 0.0073 0.0113 0.0090 0.0094 0.9038 0.0147 
      H148.1  2 0.0513 0.0112 0.0097 0.0308 0.0323 0.0258 0.4548 0.0651 0.2449 0.0125 0.0614 
      H148.2  2 0.0967 0.0247 0.0138 0.0643 0.0356 0.0241 0.1804 0.3426 0.1342 0.0208 0.0627 
      H148.3  2 0.0396 0.0121 0.0106 0.0273 0.0130 0.0094 0.0204 0.8083 0.0223 0.0075 0.0296 
      H148.4  2 0.0415 0.0176 0.0185 0.0309 0.0119 0.0170 0.3116 0.1555 0.3551 0.0210 0.0194 
      H148.5  2 0.0790 0.0175 0.0473 0.0415 0.0127 0.0326 0.0258 0.4271 0.1587 0.0129 0.1447 
      H148.6  2 0.1358 0.0142 0.0083 0.0211 0.0121 0.0362 0.1269 0.5109 0.0889 0.0185 0.0272 
      H148.7  2 0.0620 0.0099 0.0658 0.0568 0.0358 0.0333 0.0495 0.3771 0.2332 0.0119 0.0647 
      H148.8  2 0.0419 0.0157 0.0152 0.0134 0.0076 0.0125 0.1134 0.7117 0.0331 0.0106 0.0249 
      H148.9  2 0.2355 0.0710 0.0379 0.2113 0.0864 0.0228 0.0812 0.1646 0.0334 0.0095 0.0466 
   H166022.1  2 0.0097 0.0137 0.0060 0.0076 0.0082 0.9029 0.0066 0.0112 0.0087 0.0106 0.0149 
   H166022.2  2 0.0115 0.0175 0.0126 0.0150 0.0139 0.6839 0.0133 0.0219 0.0534 0.0428 0.1142 
   H166022.3  2 0.0048 0.0041 0.0086 0.0075 0.0087 0.9181 0.0074 0.0059 0.0177 0.0055 0.0117 
   H166022.4  2 0.0066 0.0050 0.0213 0.0064 0.0096 0.8786 0.0067 0.0073 0.0363 0.0086 0.0137 
   H166022.5  2 0.0057 0.0046 0.0139 0.0077 0.0118 0.8088 0.0086 0.0086 0.0289 0.0105 0.0909 
   H166022.6  2 0.0167 0.0117 0.0104 0.0064 0.0155 0.8456 0.0250 0.0116 0.0242 0.0090 0.0238 
   H166022.7  2 0.0071 0.0053 0.0056 0.0055 0.0080 0.0040 0.0055 0.0042 0.9420 0.0058 0.0072 
   H166022.8  2 0.0082 0.0343 0.0196 0.0111 0.0231 0.5998 0.0577 0.0155 0.0386 0.0195 0.1726 
   H167397.1  2 0.5120 0.0058 0.0096 0.0205 0.0127 0.0403 0.0230 0.2073 0.0255 0.1160 0.0273 
   H167397.2  2 0.6027 0.0804 0.0149 0.0231 0.0094 0.0498 0.1086 0.0182 0.0325 0.0441 0.0161 
   H167397.3  2 0.6157 0.0064 0.0124 0.0437 0.0175 0.0485 0.0322 0.0748 0.0106 0.1197 0.0184 
   H167397.4  2 0.7545 0.0373 0.0133 0.0143 0.0201 0.0248 0.0109 0.0468 0.0164 0.0432 0.0184 
   H167397.5  2 0.6577 0.0093 0.0133 0.0191 0.0163 0.0306 0.0662 0.0501 0.0494 0.0492 0.0389 
   H167397.6  2 0.6316 0.0104 0.0159 0.1072 0.0318 0.0344 0.0196 0.0638 0.0086 0.0685 0.0082 
   H167496.1  2 0.0073 0.0096 0.0376 0.0392 0.2281 0.1732 0.0292 0.3705 0.0308 0.0214 0.0530 
   H167496.2  2 0.0141 0.0147 0.0155 0.0677 0.0692 0.0149 0.0522 0.0703 0.5342 0.0854 0.0619 
   H167496.3  2 0.0107 0.2815 0.0500 0.0209 0.0534 0.2095 0.0796 0.1250 0.0298 0.0736 0.0660 
   H167496.4  2 0.0057 0.0130 0.0113 0.0142 0.0103 0.8645 0.0073 0.0091 0.0250 0.0241 0.0155 
   H167496.6  2 0.0070 0.0141 0.0449 0.0176 0.0173 0.3479 0.0182 0.0116 0.4231 0.0556 0.0426 
   H167496.7  2 0.0071 0.0097 0.0229 0.1485 0.0763 0.0583 0.2886 0.2291 0.0249 0.0176 0.1171 
   H167496.8  2 0.0067 0.0102 0.0129 0.0290 0.0152 0.3200 0.0184 0.0140 0.4557 0.0744 0.0434 
   H167513.1  2 0.0138 0.0132 0.0098 0.0100 0.8800 0.0125 0.0140 0.0101 0.0142 0.0099 0.0126 
   H167513.2  2 0.0312 0.0153 0.0120 0.0190 0.6910 0.0114 0.0272 0.1510 0.0179 0.0121 0.0116 
   H167513.3  2 0.0080 0.0082 0.0641 0.0097 0.8026 0.0236 0.0119 0.0098 0.0112 0.0104 0.0406 
   H167513.4  2 0.0084 0.0083 0.0078 0.0103 0.8386 0.0439 0.0191 0.0188 0.0158 0.0112 0.0176 
   H167513.5  2 0.0230 0.0115 0.0073 0.0085 0.8516 0.0128 0.0228 0.0305 0.0130 0.0106 0.0082 
   H167513.6  2 0.0173 0.0334 0.0130 0.0134 0.7482 0.0469 0.0219 0.0169 0.0197 0.0162 0.0531 
   H167513.7  2 0.0192 0.0105 0.0083 0.0072 0.8698 0.0282 0.0104 0.0074 0.0121 0.0164 0.0106 
   H167513.8  2 0.0101 0.0055 0.0107 0.0077 0.9098 0.0071 0.0059 0.0053 0.0140 0.0070 0.0169 
   H167547.1  2 0.0206 0.0072 0.0245 0.0120 0.0137 0.0254 0.1001 0.7651 0.0137 0.0067 0.0111 
   H167547.2  2 0.0124 0.0052 0.0066 0.0118 0.0093 0.0249 0.0127 0.8965 0.0049 0.0077 0.0082 
   H167547.3  2 0.0160 0.0055 0.0081 0.0149 0.0113 0.0287 0.0174 0.8726 0.0055 0.0089 0.0111 
   H167547.4  2 0.0408 0.0198 0.0443 0.0098 0.0224 0.6163 0.1014 0.1038 0.0173 0.0072 0.0170 
   H167547.5  2 0.0080 0.0068 0.0091 0.0089 0.0069 0.0721 0.0132 0.8370 0.0136 0.0111 0.0134 
   H167547.6  2 0.0070 0.0077 0.0125 0.0106 0.0082 0.0751 0.0167 0.8299 0.0116 0.0083 0.0123 
   H167547.7  2 0.0210 0.1702 0.0234 0.0161 0.1616 0.0281 0.0910 0.3706 0.0632 0.0246 0.0303 
   H169750.1  2 0.0075 0.0179 0.0222 0.0192 0.6929 0.0724 0.0875 0.0122 0.0358 0.0109 0.0214 
   H169750.2  2 0.0546 0.0344 0.0645 0.0274 0.2059 0.0114 0.0810 0.0644 0.1905 0.1675 0.0982 
   H169750.3  2 0.0039 0.0235 0.0142 0.0084 0.8093 0.0191 0.0188 0.0101 0.0502 0.0139 0.0287 
   H169750.4  2 0.0942 0.0277 0.2121 0.0480 0.2229 0.0144 0.1469 0.0587 0.1254 0.0348 0.0148 
   H169750.5  2 0.0055 0.0141 0.0126 0.0091 0.8350 0.0394 0.0155 0.0071 0.0123 0.0376 0.0117 
   H169750.6  2 0.0086 0.0285 0.0262 0.0102 0.4719 0.0258 0.0398 0.0111 0.0431 0.3012 0.0336 
   H169750.7  2 0.0163 0.0779 0.0420 0.0636 0.3728 0.0157 0.0457 0.0295 0.2747 0.0398 0.0220 
   H171929.1  2 0.3607 0.1740 0.0158 0.0119 0.2784 0.0139 0.0301 0.0661 0.0252 0.0157 0.0083 
  H171929.10  2 0.0940 0.1460 0.0173 0.0177 0.3231 0.0759 0.0212 0.1358 0.0554 0.0502 0.0633 
  H171929.11  2 0.1612 0.0635 0.0188 0.0103 0.6447 0.0135 0.0180 0.0277 0.0088 0.0181 0.0155 
   H171929.2  2 0.0050 0.0075 0.0069 0.0042 0.9181 0.0071 0.0137 0.0183 0.0052 0.0074 0.0067 
   H171929.3  2 0.0211 0.0078 0.0085 0.0064 0.8604 0.0146 0.0093 0.0417 0.0069 0.0157 0.0077 
   H171929.4  2 0.0066 0.0717 0.0296 0.0052 0.6538 0.0367 0.0650 0.0696 0.0220 0.0292 0.0105 
   H171929.5  2 0.0155 0.0104 0.0085 0.0146 0.8817 0.0078 0.0112 0.0120 0.0162 0.0113 0.0109 
   H171929.6  2 0.0207 0.0069 0.0068 0.0108 0.9067 0.0063 0.0068 0.0081 0.0100 0.0085 0.0084 
   H171929.7  2 0.0159 0.1389 0.0152 0.0065 0.7006 0.0119 0.0449 0.0194 0.0121 0.0270 0.0076 
   H171929.8  2 0.0159 0.1741 0.0119 0.0067 0.6253 0.0217 0.0613 0.0380 0.0158 0.0151 0.0143 
   H171929.9  2 0.0066 0.2049 0.0137 0.0085 0.5085 0.0514 0.0634 0.0118 0.0665 0.0351 0.0296 
   H171930.1  2 0.0237 0.0038 0.0360 0.0211 0.5192 0.0162 0.0135 0.0481 0.1919 0.0116 0.1148 
   H171930.2  2 0.0105 0.0103 0.0475 0.0196 0.1445 0.0664 0.0256 0.0870 0.0963 0.0200 0.4724 
   H171930.3  2 0.0195 0.0076 0.0474 0.0376 0.0537 0.0236 0.0076 0.0705 0.6056 0.0132 0.1137 
   H171930.4  2 0.0157 0.0061 0.0768 0.0623 0.1345 0.0871 0.0082 0.0574 0.2130 0.0106 0.3282 
   H171930.5  2 0.0252 0.0136 0.0422 0.0236 0.4730 0.0254 0.0349 0.0295 0.0259 0.0328 0.2738 
   H171930.6  2 0.0089 0.0048 0.0428 0.0891 0.0836 0.0269 0.0091 0.0219 0.0373 0.0440 0.6317 
   H171930.7  2 0.0220 0.0081 0.0104 0.0149 0.0186 0.0089 0.0073 0.0129 0.8280 0.0083 0.0605 
   H171930.8  2 0.0123 0.0052 0.0084 0.0083 0.0155 0.0099 0.0097 0.0184 0.8203 0.0136 0.0782 
   H171933.1  2 0.0180 0.0084 0.0056 0.0111 0.0166 0.8831 0.0096 0.0175 0.0057 0.0073 0.0170 
   H171933.2  2 0.0339 0.0137 0.0066 0.0170 0.0108 0.8542 0.0102 0.0158 0.0118 0.0132 0.0128 
   H171933.3  2 0.0144 0.0256 0.0110 0.0174 0.0126 0.8425 0.0113 0.0308 0.0088 0.0068 0.0189 
   H171933.4  2 0.0045 0.0132 0.0119 0.0062 0.0213 0.8171 0.0131 0.0090 0.0131 0.0082 0.0825 
   H171933.5  2 0.0095 0.0189 0.0994 0.0113 0.1011 0.4077 0.0688 0.0639 0.0312 0.0072 0.1812 
   H171933.6  2 0.0044 0.0082 0.0080 0.0079 0.0083 0.9231 0.0068 0.0069 0.0073 0.0115 0.0076 
   H171933.7  2 0.0160 0.0665 0.0236 0.0769 0.0154 0.6288 0.0148 0.0191 0.0112 0.0131 0.1145 
   H171933.8  2 0.0377 0.0329 0.0076 0.0213 0.0347 0.5595 0.0188 0.0267 0.0231 0.0142 0.2233 
   H171933.9  2 0.0044 0.0064 0.0116 0.0055 0.0074 0.9138 0.0061 0.0077 0.0083 0.0075 0.0211 
      H190.1  2 0.0050 0.0070 0.0324 0.0106 0.0148 0.0220 0.0208 0.0154 0.0196 0.0123 0.8402 
      H190.2  2 0.0057 0.0338 0.0123 0.0984 0.0116 0.0149 0.0197 0.7090 0.0079 0.0480 0.0386 
      H190.3  2 0.0112 0.0281 0.0161 0.0310 0.0271 0.0235 0.0746 0.7184 0.0090 0.0297 0.0312 
      H190.4  2 0.0067 0.0092 0.0179 0.0055 0.0198 0.0406 0.0167 0.0213 0.0057 0.0070 0.8497 
      H190.5  2 0.0084 0.0958 0.0230 0.2186 0.0296 0.0331 0.0247 0.3200 0.0158 0.1011 0.1299 
      H190.6  2 0.0081 0.0134 0.0200 0.0088 0.0150 0.0548 0.0242 0.0410 0.0099 0.0111 0.7938 
      H190.7  2 0.0116 0.4270 0.0366 0.0143 0.0188 0.0443 0.1273 0.1625 0.0233 0.0211 0.1131 
      H190.8  2 0.0046 0.0585 0.0359 0.1109 0.0234 0.0117 0.0250 0.0935 0.0353 0.0298 0.5714 
      H190.9  2 0.0132 0.1154 0.0267 0.0315 0.0274 0.0194 0.0593 0.3077 0.0170 0.0210 0.3614 
      H400.1  2 0.0087 0.0067 0.0123 0.0147 0.0132 0.8888 0.0165 0.0054 0.0108 0.0061 0.0169 
      H400.2  2 0.0101 0.0079 0.0065 0.0276 0.0147 0.8778 0.0080 0.0073 0.0073 0.0169 0.0160 
      H400.3  2 0.0120 0.0116 0.0102 0.0494 0.0243 0.8027 0.0290 0.0130 0.0100 0.0073 0.0305 
      H400.4  2 0.0037 0.0107 0.0112 0.0159 0.0280 0.8206 0.0091 0.0171 0.0337 0.0232 0.0268 
      H400.5  2 0.0076 0.0083 0.0152 0.0153 0.0382 0.8397 0.0140 0.0109 0.0067 0.0101 0.0340 
      H400.6  2 0.0046 0.0242 0.0071 0.0169 0.0099 0.8923 0.0102 0.0073 0.0064 0.0107 0.0104 
      H400.7  2 0.0060 0.0139 0.0090 0.0131 0.0195 0.8911 0.0132 0.0072 0.0073 0.0064 0.0132 
 H428.1_2005  2 0.0058 0.0070 0.0056 0.0060 0.0074 0.9389 0.0064 0.0048 0.0059 0.0073 0.0048 
 H428.1_2006  2 0.0064 0.0137 0.0095 0.0065 0.0076 0.9125 0.0063 0.0073 0.0105 0.0137 0.0059 
 H428.2_2005  2 0.0063 0.0043 0.0052 0.0057 0.0191 0.9259 0.0084 0.0063 0.0066 0.0059 0.0064 
 H428.2_2006  2 0.0070 0.0110 0.0059 0.0058 0.0091 0.8814 0.0053 0.0086 0.0088 0.0434 0.0135 
 H428.3_2005  2 0.0036 0.0075 0.0053 0.0056 0.0083 0.9415 0.0044 0.0053 0.0050 0.0080 0.0054 
 H428.3_2006  2 0.0064 0.0094 0.0088 0.0090 0.0087 0.9082 0.0051 0.0063 0.0083 0.0226 0.0071 
 H428.4_2005  2 0.0045 0.0055 0.0066 0.0042 0.0083 0.9447 0.0042 0.0060 0.0055 0.0066 0.0039 
 H428.4_2006  2 0.0053 0.0094 0.0073 0.0041 0.0041 0.9387 0.0045 0.0052 0.0050 0.0121 0.0043 
 H428.5_2005  2 0.0189 0.0078 0.0042 0.0034 0.0071 0.9230 0.0044 0.0062 0.0067 0.0127 0.0056 
 H428.6_2005  2 0.0043 0.0112 0.0080 0.0069 0.0079 0.9279 0.0092 0.0051 0.0070 0.0064 0.0062 
 H428.6_2006  2 0.0198 0.0104 0.0248 0.0061 0.0087 0.8836 0.0064 0.0053 0.0134 0.0138 0.0078 
      H428.7  2 0.0038 0.0079 0.0050 0.0044 0.0040 0.9464 0.0048 0.0044 0.0046 0.0073 0.0073 
      H428.8  2 0.0099 0.0083 0.0074 0.0081 0.0070 0.9194 0.0050 0.0049 0.0067 0.0129 0.0105 
      H428.9  2 0.0114 0.0060 0.0040 0.0054 0.0068 0.9332 0.0061 0.0055 0.0060 0.0086 0.0071 
      H453.1  2 0.0076 0.0126 0.0237 0.0092 0.0141 0.7813 0.0107 0.0085 0.0614 0.0482 0.0228 
      H453.2  2 0.0057 0.0127 0.0210 0.0151 0.0145 0.6863 0.0211 0.0083 0.0336 0.0119 0.1699 
      H453.3  2 0.0047 0.0214 0.0140 0.0121 0.0128 0.7161 0.0444 0.0121 0.0362 0.0117 0.1144 
      H453.4  2 0.0037 0.0109 0.0169 0.0111 0.0254 0.6881 0.0262 0.0095 0.0631 0.0116 0.1334 
      H453.5  2 0.0061 0.0072 0.0242 0.0111 0.0100 0.6640 0.0083 0.0068 0.0187 0.0627 0.1809 
      H453.6  2 0.0053 0.0050 0.0092 0.0055 0.0054 0.8021 0.0041 0.0044 0.0122 0.1062 0.0406 
      H453.7  2 0.0048 0.1454 0.0106 0.0062 0.0270 0.0280 0.1298 0.0277 0.2902 0.1376 0.1927 
      H453.8  2 0.0065 0.0226 0.0189 0.0111 0.0384 0.0656 0.1952 0.0214 0.3811 0.0783 0.1608 
      H453.9  2 0.0053 0.0700 0.0158 0.0094 0.0273 0.0609 0.0337 0.0063 0.0292 0.2260 0.5162 
      H512.1  2 0.0044 0.0331 0.0822 0.0186 0.0117 0.2515 0.0112 0.0101 0.0175 0.0177 0.5421 
     H512.10  2 0.0818 0.0103 0.2313 0.0259 0.0241 0.1079 0.0314 0.0275 0.0421 0.0647 0.3529 
      H512.2  2 0.0163 0.0160 0.1549 0.0409 0.0144 0.1946 0.0368 0.0812 0.0997 0.0201 0.3251 
      H512.3  2 0.0269 0.0116 0.4840 0.0901 0.0299 0.0803 0.0162 0.0201 0.0306 0.0193 0.1910 
      H512.4  2 0.0155 0.0089 0.0210 0.0107 0.0139 0.0746 0.0373 0.0463 0.0582 0.0531 0.6605 
      H512.5  2 0.0186 0.0099 0.6346 0.0577 0.0552 0.0396 0.0228 0.0221 0.0749 0.0138 0.0508 
      H512.6  2 0.0062 0.0164 0.1654 0.0759 0.0278 0.0394 0.0435 0.0322 0.0562 0.0121 0.5248 
      H512.7  2 0.0135 0.0088 0.6425 0.0551 0.0353 0.1020 0.0070 0.0110 0.0821 0.0270 0.0157 
      H512.8  2 0.0107 0.0104 0.1784 0.0843 0.0150 0.0860 0.0193 0.1173 0.1138 0.0153 0.3494 
      H512.9  2 0.0197 0.0503 0.5239 0.0557 0.0284 0.1710 0.0255 0.0113 0.0309 0.0256 0.0576 
      H513.1  2 0.0092 0.0077 0.0044 0.0060 0.0066 0.9305 0.0063 0.0049 0.0056 0.0097 0.0091 
      H513.2  2 0.0086 0.0096 0.0046 0.0042 0.0112 0.9085 0.0104 0.0096 0.0097 0.0127 0.0109 
      H513.3  2 0.0055 0.0070 0.0050 0.0053 0.0106 0.9344 0.0076 0.0062 0.0041 0.0070 0.0076 
      H513.4  2 0.0045 0.0099 0.0069 0.0108 0.0115 0.8894 0.0061 0.0111 0.0086 0.0302 0.0112 
      H513.5  2 0.0073 0.0064 0.0102 0.0055 0.0172 0.9034 0.0055 0.0065 0.0150 0.0077 0.0151 
      H513.6  2 0.2508 0.0187 0.0119 0.0075 0.0832 0.4516 0.0124 0.0215 0.0222 0.0183 0.1019 
      H532.1  2 0.0164 0.0146 0.0176 0.0201 0.0601 0.4704 0.0280 0.0144 0.0455 0.2958 0.0172 
      H532.2  2 0.0128 0.0245 0.0106 0.0071 0.0181 0.4517 0.0306 0.0438 0.0207 0.1012 0.2789 
      H532.3  2 0.0062 0.0159 0.0281 0.0057 0.0211 0.2413 0.0430 0.0463 0.0283 0.0977 0.4663 
      H532.4  2 0.0127 0.0364 0.0183 0.0074 0.0154 0.1694 0.1286 0.0106 0.0156 0.5549 0.0306 
      H532.5  2 0.0115 0.0097 0.0105 0.0080 0.0099 0.8543 0.0094 0.0239 0.0235 0.0313 0.0081 
      H532.6  2 0.0111 0.0134 0.0241 0.0130 0.0119 0.3495 0.0699 0.0077 0.0270 0.3550 0.1174 
      H532.7  2 0.0127 0.0095 0.0348 0.0056 0.0277 0.3145 0.0083 0.0169 0.0231 0.5117 0.0353 
      H532.8  2 0.0157 0.0241 0.0176 0.0076 0.0573 0.2807 0.0138 0.0510 0.1642 0.3500 0.0182 
      H543.1  2 0.9272 0.0074 0.0053 0.0034 0.0063 0.0183 0.0058 0.0060 0.0067 0.0051 0.0085 
      H543.2  2 0.8325 0.0193 0.0063 0.0068 0.0218 0.0548 0.0085 0.0211 0.0075 0.0077 0.0136 
      H543.3  2 0.9153 0.0142 0.0083 0.0049 0.0066 0.0123 0.0071 0.0090 0.0065 0.0106 0.0053 
      H543.4  2 0.9260 0.0076 0.0061 0.0056 0.0055 0.0075 0.0070 0.0147 0.0055 0.0049 0.0096 
      H543.5  2 0.9278 0.0067 0.0051 0.0057 0.0077 0.0080 0.0068 0.0124 0.0069 0.0055 0.0074 
      H543.6  2 0.7724 0.0838 0.0073 0.0033 0.0437 0.0191 0.0227 0.0120 0.0155 0.0066 0.0138 
      H543.7  2 0.9543 0.0047 0.0038 0.0044 0.0042 0.0048 0.0046 0.0059 0.0044 0.0047 0.0040 
      H543.8  2 0.8499 0.0226 0.0084 0.0057 0.0095 0.0339 0.0072 0.0132 0.0215 0.0180 0.0101 
      H543.9  2 0.9074 0.0226 0.0063 0.0056 0.0094 0.0126 0.0046 0.0095 0.0082 0.0075 0.0062 
 H545.1_2005  2 0.9640 0.0036 0.0039 0.0027 0.0038 0.0033 0.0037 0.0030 0.0041 0.0038 0.0040 
 H545.1_2006  2 0.9436 0.0051 0.0060 0.0076 0.0050 0.0054 0.0047 0.0062 0.0047 0.0063 0.0054 
 H545.2_2005  2 0.9245 0.0051 0.0085 0.0099 0.0115 0.0067 0.0077 0.0078 0.0070 0.0065 0.0049 
 H545.2_2006  2 0.9505 0.0038 0.0049 0.0038 0.0059 0.0065 0.0042 0.0042 0.0070 0.0048 0.0045 
 H545.3_2005  2 0.9211 0.0067 0.0126 0.0087 0.0085 0.0058 0.0086 0.0106 0.0067 0.0051 0.0054 
 H545.3_2006  2 0.9451 0.0043 0.0039 0.0067 0.0065 0.0062 0.0042 0.0049 0.0054 0.0089 0.0040 
 H545.4_2005  2 0.9301 0.0058 0.0092 0.0067 0.0067 0.0049 0.0092 0.0105 0.0053 0.0062 0.0054 
 H545.4_2006  2 0.9427 0.0053 0.0071 0.0075 0.0085 0.0050 0.0058 0.0052 0.0042 0.0045 0.0041 
 H545.5_2005  2 0.9385 0.0054 0.0060 0.0067 0.0077 0.0066 0.0054 0.0051 0.0059 0.0069 0.0057 
 H545.5_2006  2 0.9235 0.0059 0.0108 0.0070 0.0059 0.0067 0.0079 0.0096 0.0110 0.0055 0.0062 
 H545.6_2005  2 0.9613 0.0029 0.0045 0.0036 0.0049 0.0046 0.0036 0.0035 0.0043 0.0036 0.0033 
 H545.6_2006  2 0.9499 0.0046 0.0059 0.0050 0.0052 0.0050 0.0045 0.0049 0.0054 0.0044 0.0052 
 H545.7_2005  2 0.9525 0.0036 0.0045 0.0041 0.0057 0.0070 0.0039 0.0040 0.0061 0.0041 0.0044 
 H545.7_2006  2 0.9308 0.0053 0.0062 0.0088 0.0097 0.0074 0.0056 0.0058 0.0059 0.0087 0.0058 
 H545.8_2005  2 0.9140 0.0064 0.0082 0.0088 0.0076 0.0145 0.0099 0.0084 0.0061 0.0088 0.0076 
 H545.8_2006  2 0.9522 0.0042 0.0051 0.0036 0.0042 0.0046 0.0047 0.0041 0.0063 0.0051 0.0059 
      H545.9  2 0.9403 0.0043 0.0077 0.0052 0.0073 0.0057 0.0076 0.0063 0.0058 0.0041 0.0056 
      H547.1  2 0.0069 0.0177 0.0182 0.0083 0.0076 0.8931 0.0112 0.0123 0.0114 0.0060 0.0074 
      H547.2  2 0.0106 0.0132 0.0055 0.0812 0.0054 0.7161 0.0127 0.1148 0.0244 0.0108 0.0054 
      H547.3  2 0.0142 0.0141 0.0887 0.0106 0.0143 0.6082 0.0617 0.0817 0.0822 0.0080 0.0163 
      H547.4  2 0.0080 0.0171 0.0372 0.0166 0.0116 0.7045 0.0246 0.1145 0.0319 0.0227 0.0113 
      H547.5  2 0.0065 0.0086 0.0105 0.0288 0.0056 0.7240 0.0090 0.1825 0.0132 0.0035 0.0080 
      H547.6  2 0.0242 0.0073 0.0098 0.0086 0.0062 0.8768 0.0181 0.0181 0.0165 0.0075 0.0071 
      H547.7  2 0.0173 0.0100 0.0490 0.0126 0.0086 0.7163 0.0487 0.0464 0.0634 0.0067 0.0211 
      H547.8  2 0.0121 0.0168 0.0168 0.0071 0.0085 0.8818 0.0148 0.0197 0.0108 0.0052 0.0064 
      H548.1  2 0.9351 0.0036 0.0074 0.0074 0.0089 0.0075 0.0077 0.0058 0.0079 0.0045 0.0043 
      H548.2  2 0.9290 0.0049 0.0088 0.0081 0.0059 0.0060 0.0074 0.0055 0.0102 0.0068 0.0075 
      H548.3  2 0.9320 0.0084 0.0049 0.0065 0.0082 0.0058 0.0097 0.0055 0.0067 0.0057 0.0066 
      H548.4  2 0.7505 0.0089 0.0151 0.0373 0.0309 0.0119 0.0371 0.0155 0.0422 0.0381 0.0126 
      H548.5  2 0.9404 0.0041 0.0045 0.0073 0.0065 0.0048 0.0058 0.0068 0.0076 0.0063 0.0058 
      H548.6  2 0.9309 0.0038 0.0109 0.0070 0.0079 0.0064 0.0073 0.0061 0.0090 0.0057 0.0050 
      H548.7  2 0.9380 0.0055 0.0062 0.0060 0.0082 0.0059 0.0058 0.0068 0.0070 0.0062 0.0045 
      H548.8  2 0.9256 0.0077 0.0077 0.0064 0.0074 0.0042 0.0066 0.0074 0.0086 0.0101 0.0082 
      H548.9  2 0.8785 0.0147 0.0132 0.0093 0.0106 0.0081 0.0135 0.0108 0.0163 0.0120 0.0131 
     H7389.1  2 0.0066 0.0106 0.0062 0.0060 0.0118 0.9022 0.0102 0.0188 0.0090 0.0079 0.0105 
     H7389.2  2 0.0315 0.0052 0.0057 0.0050 0.0088 0.8823 0.0059 0.0241 0.0068 0.0097 0.0151 
     H7389.3  2 0.0108 0.0053 0.0088 0.0041 0.0073 0.9116 0.0040 0.0257 0.0057 0.0093 0.0073 
     H7389.4  2 0.0311 0.0236 0.0086 0.0104 0.0163 0.8655 0.0054 0.0042 0.0153 0.0117 0.0079 
     H7389.5  2 0.0133 0.0166 0.0091 0.0085 0.0382 0.8408 0.0133 0.0063 0.0278 0.0118 0.0143 
     H7389.6  2 0.0055 0.0072 0.0089 0.0076 0.1901 0.6919 0.0042 0.0066 0.0335 0.0303 0.0141 
     H7389.7  2 0.0144 0.0075 0.0072 0.0056 0.0109 0.8886 0.0054 0.0343 0.0085 0.0120 0.0055 
     H7389.8  2 0.1007 0.0170 0.0123 0.0109 0.0582 0.6327 0.0131 0.0142 0.0647 0.0142 0.0619 
     H7389.9  2 0.0146 0.0090 0.0064 0.0044 0.0204 0.8798 0.0050 0.0047 0.0121 0.0227 0.0208 
      H747.1  2 0.0118 0.0191 0.0414 0.0218 0.7999 0.0193 0.0109 0.0326 0.0122 0.0137 0.0172 
      H747.2  2 0.0063 0.0041 0.0108 0.0127 0.9239 0.0050 0.0085 0.0076 0.0090 0.0050 0.0073 
      H747.3  2 0.0090 0.0101 0.0621 0.0167 0.8271 0.0066 0.0124 0.0133 0.0106 0.0065 0.0255 
      H747.4  2 0.0048 0.0054 0.0348 0.0394 0.8494 0.0082 0.0084 0.0140 0.0115 0.0116 0.0125 
      H747.5  2 0.0059 0.0058 0.0322 0.0180 0.8784 0.0065 0.0124 0.0068 0.0174 0.0060 0.0105 
      H747.6  2 0.0090 0.0076 0.0084 0.0066 0.9080 0.0093 0.0075 0.0114 0.0128 0.0071 0.0123 
      H747.7  2 0.0060 0.0078 0.0165 0.0093 0.9051 0.0098 0.0096 0.0082 0.0106 0.0067 0.0105 
     H7484.1  2 0.0053 0.4616 0.0150 0.0726 0.0508 0.0340 0.0156 0.0128 0.0816 0.2362 0.0144 
     H7484.2  2 0.0057 0.3623 0.0157 0.1932 0.0908 0.0106 0.0485 0.0157 0.0873 0.1136 0.0569 
     H7484.3  2 0.0085 0.1025 0.0254 0.1766 0.0689 0.0117 0.0722 0.0241 0.2552 0.2231 0.0318 
     H7484.4  2 0.0045 0.5384 0.0193 0.1018 0.0757 0.0249 0.0173 0.0142 0.0756 0.1051 0.0233 
     H7484.5  2 0.0063 0.0250 0.0075 0.0563 0.1151 0.0142 0.1132 0.0154 0.1813 0.3735 0.0922 
     H7484.6  2 0.0086 0.0164 0.0829 0.3275 0.1745 0.0151 0.1107 0.0345 0.1345 0.0300 0.0653 
     H7484.7  2 0.0041 0.1078 0.0402 0.0285 0.0457 0.0108 0.1295 0.0069 0.4877 0.1206 0.0181 
     H7484.8  2 0.0065 0.0617 0.0125 0.1784 0.1110 0.1032 0.0778 0.0226 0.0767 0.2721 0.0776 
     H7485.1  2 0.9213 0.0122 0.0061 0.0062 0.0066 0.0078 0.0081 0.0093 0.0066 0.0095 0.0062 
     H7485.2  2 0.9048 0.0193 0.0035 0.0045 0.0067 0.0127 0.0051 0.0036 0.0240 0.0065 0.0092 
     H7485.3  2 0.9444 0.0042 0.0043 0.0116 0.0064 0.0054 0.0043 0.0057 0.0045 0.0044 0.0046 
     H7485.4  2 0.8990 0.0205 0.0033 0.0068 0.0103 0.0090 0.0067 0.0043 0.0237 0.0070 0.0094 
     H7485.5  2 0.9093 0.0115 0.0068 0.0101 0.0084 0.0075 0.0122 0.0080 0.0080 0.0103 0.0079 
     H7485.6  2 0.9095 0.0111 0.0055 0.0077 0.0102 0.0066 0.0097 0.0080 0.0098 0.0150 0.0070 
     H7485.7  2 0.9186 0.0058 0.0077 0.0172 0.0107 0.0055 0.0081 0.0068 0.0061 0.0074 0.0061 
     H7496.1  2 0.0053 0.0132 0.0246 0.0245 0.0173 0.7489 0.0109 0.0185 0.0304 0.0691 0.0373 
    H7496.10  2 0.0049 0.0361 0.0078 0.0161 0.0146 0.8337 0.0105 0.0116 0.0263 0.0262 0.0122 
    H7496.11  2 0.6838 0.0085 0.0340 0.0222 0.0645 0.0345 0.0087 0.0102 0.0370 0.0853 0.0113 
     H7496.2  2 0.0054 0.0254 0.0207 0.0176 0.0329 0.6990 0.0174 0.0132 0.1153 0.0350 0.0182 
     H7496.3  2 0.0069 0.0725 0.0163 0.0277 0.0192 0.0754 0.0157 0.0167 0.3234 0.3832 0.0431 
     H7496.4  2 0.0076 0.0088 0.0134 0.0272 0.0151 0.7438 0.0148 0.0146 0.1217 0.0123 0.0206 
     H7496.5  2 0.0065 0.0096 0.0400 0.0212 0.0143 0.7224 0.0161 0.0144 0.0768 0.0446 0.0340 
     H7496.6  2 0.0048 0.0097 0.0586 0.0198 0.0137 0.6563 0.0203 0.0096 0.1362 0.0303 0.0408 
     H7496.7  2 0.0066 0.0277 0.0094 0.0141 0.0224 0.8117 0.0155 0.0085 0.0541 0.0169 0.0132 
     H7496.8  2 0.0094 0.0238 0.0064 0.0128 0.0180 0.1277 0.0189 0.0149 0.6987 0.0211 0.0484 
        UNK4  2 0.0350 0.0086 0.0086 0.0257 0.4108 0.1725 0.0684 0.0137 0.0174 0.0197 0.2195 
        UNK5  2 0.0504 0.0392 0.0070 0.0940 0.0578 0.6557 0.0225 0.0210 0.0073 0.0338 0.0112 
        UNK6  2 0.0249 0.0088 0.0103 0.0187 0.1035 0.3375 0.0287 0.0336 0.0418 0.0258 0.3663 
        UNK7  2 0.1124 0.0126 0.0054 0.0198 0.0259 0.7698 0.0100 0.0172 0.0074 0.0122 0.0075 
        UNK8  2 0.1644 0.0090 0.0050 0.0115 0.0344 0.6788 0.0290 0.0057 0.0124 0.0157 0.0341 
        UNK9  2 0.0658 0.0094 0.0080 0.0179 0.5343 0.1713 0.0126 0.0088 0.0123 0.1275 0.0322 
      H009.1  4 0.0047 0.0083 0.0125 0.0038 0.0074 0.0049 0.9338 0.0075 0.0055 0.0063 0.0055 
      H009.2  4 0.0050 0.0146 0.1372 0.0159 0.0300 0.0100 0.7170 0.0109 0.0213 0.0061 0.0321 
      H009.3  4 0.0045 0.0111 0.0169 0.0041 0.0068 0.0056 0.9226 0.0063 0.0079 0.0073 0.0068 
      H009.4  4 0.0066 0.0061 0.0421 0.0116 0.0115 0.0070 0.8671 0.0062 0.0175 0.0109 0.0135 
      H009.5  4 0.0253 0.0893 0.0266 0.0121 0.1873 0.0056 0.5720 0.0049 0.0141 0.0085 0.0543 
      H009.6  4 0.0057 0.0083 0.0114 0.0090 0.0052 0.0051 0.9246 0.0088 0.0070 0.0087 0.0062 
      H046.4  4 0.0234 0.0222 0.1753 0.0272 0.0159 0.0392 0.1948 0.0338 0.0930 0.2810 0.0942 
      H046.8  4 0.0201 0.0189 0.0587 0.2913 0.0339 0.0365 0.2484 0.1524 0.0323 0.0407 0.0668 
 H076.1_2002  4 0.0059 0.0069 0.0073 0.0064 0.0069 0.0097 0.0044 0.9379 0.0057 0.0041 0.0048 
 H076.1_2003  4 0.0052 0.0048 0.0060 0.0068 0.0055 0.0046 0.0054 0.9429 0.0097 0.0046 0.0044 
 H076.1_2004  4 0.0058 0.0077 0.0073 0.0132 0.0057 0.0054 0.0062 0.9265 0.0067 0.0092 0.0064 
 H076.2_2002  4 0.0064 0.0081 0.0094 0.0049 0.0065 0.0072 0.0049 0.9357 0.0073 0.0047 0.0049 
 H076.2_2003  4 0.0078 0.0049 0.0069 0.0081 0.0065 0.0056 0.0081 0.9257 0.0131 0.0053 0.0078 
 H076.2_2004  4 0.0129 0.0186 0.1142 0.0119 0.0105 0.0192 0.0119 0.6739 0.0850 0.0119 0.0298 
 H076.3_2002  4 0.0073 0.0241 0.6622 0.0122 0.0246 0.0134 0.0132 0.1082 0.0412 0.0232 0.0703 
 H076.3_2003  4 0.0172 0.0045 0.0062 0.0087 0.0066 0.0063 0.0057 0.9258 0.0077 0.0059 0.0055 
