      H008.1  2 0.0089 0.0146 0.0064 0.0088 0.0047 0.0106 0.7083 0.0114 0.0108 0.0115 0.0088 0.0115 0.0169 0.0099 0.0289 0.0084 0.0111 0.0080 0.0134 0.0065 0.0323 0.0291 0.0190 
      H008.2  2 0.0054 0.0099 0.0285 0.1063 0.0192 0.0163 0.0351 0.0114 0.0153 0.0380 0.0578 0.0082 0.0150 0.0201 0.0281 0.0638 0.0062 0.0130 0.0111 0.0226 0.3074 0.1118 0.0496 
      H008.3  2 0.0079 0.0058 0.0967 0.0307 0.0123 0.0204 0.0250 0.0259 0.0057 0.0492 0.0297 0.0064 0.0210 0.0149 0.1414 0.0108 0.0155 0.0131 0.0187 0.0375 0.1474 0.2194 0.0447 
      H008.4  2 0.0082 0.0090 0.0515 0.1108 0.0264 0.0314 0.4369 0.0286 0.0045 0.0101 0.0141 0.0242 0.0155 0.0095 0.0118 0.0117 0.0113 0.0309 0.0073 0.0134 0.0422 0.0149 0.0757 
      H008.5  2 0.0050 0.0056 0.1016 0.0203 0.0102 0.0221 0.5739 0.0158 0.0069 0.0120 0.0229 0.0081 0.0102 0.0089 0.0220 0.0046 0.0126 0.0072 0.0110 0.0127 0.0642 0.0220 0.0199 
      H008.6  2 0.0044 0.0101 0.0236 0.2290 0.0274 0.0181 0.0917 0.0250 0.0052 0.0058 0.0466 0.0173 0.0175 0.0225 0.0338 0.0222 0.0081 0.0162 0.0091 0.0154 0.2642 0.0446 0.0423 
      H008.7  2 0.0090 0.0136 0.0420 0.1502 0.0431 0.0354 0.1492 0.0168 0.0163 0.0578 0.0197 0.0126 0.0191 0.0067 0.0165 0.0240 0.0162 0.0192 0.0092 0.0075 0.2310 0.0321 0.0528 
      H008.8  2 0.0069 0.0501 0.0104 0.0242 0.0079 0.0094 0.0713 0.0143 0.0105 0.0264 0.0096 0.0110 0.0196 0.0118 0.0196 0.2797 0.0174 0.0087 0.0192 0.0161 0.0198 0.1495 0.1867 
      H008.9  2 0.0062 0.0097 0.0265 0.3359 0.0481 0.0071 0.0120 0.0194 0.0055 0.0097 0.0119 0.0092 0.0072 0.0130 0.0466 0.0423 0.0079 0.0068 0.0100 0.0143 0.1810 0.1036 0.0663 
 H029.1_2002  2 0.0053 0.0223 0.0575 0.0208 0.0159 0.0543 0.6128 0.0093 0.0080 0.0083 0.0083 0.0437 0.0072 0.0072 0.0057 0.0220 0.0043 0.0425 0.0110 0.0042 0.0061 0.0083 0.0151 
 H029.1_2003  2 0.0056 0.0092 0.0394 0.0285 0.0103 0.4756 0.0080 0.0408 0.0087 0.0066 0.0106 0.0059 0.0443 0.0134 0.1015 0.0516 0.0079 0.0101 0.0357 0.0069 0.0115 0.0208 0.0469 
 H029.2_2002  2 0.0044 0.0047 0.0096 0.0233 0.0387 0.1220 0.4617 0.0561 0.0176 0.0409 0.0388 0.0281 0.0176 0.0062 0.0275 0.0079 0.0064 0.0071 0.0233 0.0138 0.0174 0.0046 0.0222 
 H029.2_2003  2 0.0052 0.0083 0.0065 0.0289 0.0201 0.4676 0.0357 0.0173 0.0083 0.0072 0.0556 0.0056 0.0497 0.0101 0.1324 0.0106 0.0047 0.0046 0.0361 0.0168 0.0140 0.0045 0.0503 
 H029.3_2002  2 0.0052 0.0114 0.0089 0.0145 0.1177 0.1541 0.1465 0.0527 0.0287 0.0339 0.0209 0.0079 0.0295 0.0187 0.0430 0.0403 0.0130 0.0112 0.0476 0.0198 0.0094 0.0045 0.1605 
 H029.3_2003  2 0.0044 0.0035 0.0134 0.0075 0.0066 0.5136 0.2440 0.0182 0.0161 0.0069 0.0106 0.0059 0.0178 0.0110 0.0315 0.0100 0.0061 0.0048 0.0181 0.0055 0.0254 0.0051 0.0143 
 H029.4_2002  2 0.0052 0.0059 0.0106 0.0060 0.0181 0.1788 0.6206 0.0102 0.0257 0.0135 0.0051 0.0074 0.0061 0.0088 0.0156 0.0076 0.0140 0.0068 0.0029 0.0044 0.0069 0.0038 0.0160 
 H029.4_2003  2 0.0039 0.0152 0.0571 0.0067 0.0153 0.3524 0.0425 0.0186 0.0645 0.0073 0.0080 0.0087 0.0134 0.0079 0.2221 0.0145 0.0121 0.0121 0.0087 0.0103 0.0104 0.0183 0.0699 
 H029.5_2002  2 0.0061 0.0066 0.0292 0.0071 0.0068 0.1145 0.6924 0.0198 0.0074 0.0098 0.0070 0.0236 0.0087 0.0044 0.0061 0.0058 0.0039 0.0079 0.0080 0.0034 0.0087 0.0062 0.0066 
 H029.5_2003  2 0.0036 0.0083 0.0246 0.0106 0.0121 0.4349 0.1690 0.0116 0.0246 0.0045 0.0189 0.0063 0.0429 0.0053 0.0989 0.0226 0.0119 0.0068 0.0066 0.0047 0.0237 0.0095 0.0381 
 H029.6_2002  2 0.0055 0.0052 0.0063 0.0060 0.0313 0.6899 0.1149 0.0114 0.0131 0.0120 0.0048 0.0052 0.0060 0.0054 0.0067 0.0269 0.0084 0.0082 0.0052 0.0051 0.0038 0.0038 0.0148 
 H029.6_2003  2 0.0097 0.0108 0.0155 0.0238 0.0077 0.2039 0.2874 0.0367 0.0358 0.0093 0.0323 0.0358 0.0352 0.0120 0.1388 0.0108 0.0091 0.0054 0.0348 0.0080 0.0152 0.0068 0.0154 
      H029.7  2 0.0035 0.0080 0.0058 0.0102 0.0350 0.0840 0.6397 0.0158 0.0173 0.0197 0.0126 0.0234 0.0080 0.0051 0.0293 0.0052 0.0084 0.0060 0.0104 0.0187 0.0077 0.0050 0.0214 
      H030.1  2 0.0190 0.0083 0.0561 0.0163 0.0060 0.1177 0.0393 0.0088 0.0446 0.0155 0.0500 0.0604 0.0604 0.3352 0.0101 0.0137 0.0116 0.0054 0.0500 0.0091 0.0459 0.0075 0.0091 
      H030.2  2 0.0221 0.0056 0.0355 0.0041 0.0596 0.0138 0.0582 0.0082 0.0121 0.1153 0.0048 0.0065 0.0182 0.2966 0.0074 0.0053 0.0221 0.2128 0.0147 0.0037 0.0278 0.0411 0.0043 
      H038.1  2 0.0030 0.0156 0.0038 0.0086 0.0170 0.0089 0.8380 0.0078 0.0093 0.0040 0.0046 0.0039 0.0071 0.0062 0.0042 0.0089 0.0045 0.0064 0.0055 0.0072 0.0046 0.0056 0.0151 
      H038.2  2 0.0166 0.0054 0.0045 0.0029 0.0050 0.0099 0.8559 0.0043 0.0056 0.0066 0.0076 0.0142 0.0078 0.0064 0.0061 0.0037 0.0056 0.0080 0.0064 0.0029 0.0053 0.0039 0.0056 
      H038.3  2 0.0086 0.0285 0.0053 0.0156 0.0232 0.0044 0.7250 0.0072 0.0122 0.0074 0.0061 0.0147 0.0516 0.0126 0.0069 0.0071 0.0118 0.0184 0.0075 0.0041 0.0117 0.0042 0.0056 
      H038.4  2 0.0187 0.0186 0.0046 0.0118 0.0208 0.0055 0.7784 0.0085 0.0119 0.0086 0.0047 0.0115 0.0332 0.0056 0.0042 0.0073 0.0072 0.0105 0.0060 0.0045 0.0091 0.0033 0.0054 
      H038.5  2 0.0080 0.0087 0.0050 0.0095 0.0253 0.0144 0.7515 0.0071 0.0548 0.0127 0.0070 0.0079 0.0067 0.0162 0.0090 0.0110 0.0143 0.0060 0.0037 0.0036 0.0070 0.0045 0.0060 
      H038.6  2 0.0034 0.0060 0.0044 0.0035 0.0117 0.0131 0.8410 0.0045 0.0085 0.0043 0.0099 0.0079 0.0050 0.0093 0.0149 0.0068 0.0066 0.0077 0.0059 0.0041 0.0068 0.0048 0.0098 
      H038.7  2 0.0043 0.0101 0.0030 0.0044 0.0116 0.0071 0.8200 0.0052 0.0110 0.0033 0.0053 0.0166 0.0219 0.0069 0.0087 0.0048 0.0065 0.0166 0.0111 0.0028 0.0073 0.0040 0.0074 
      H038.8  2 0.0166 0.0188 0.0049 0.0065 0.0699 0.0043 0.7541 0.0061 0.0070 0.0087 0.0060 0.0112 0.0201 0.0079 0.0040 0.0061 0.0118 0.0137 0.0044 0.0036 0.0054 0.0032 0.0057 
      H041.1  2 0.0099 0.0054 0.0252 0.0294 0.0299 0.2020 0.0715 0.0171 0.1479 0.1138 0.0063 0.0139 0.1765 0.0061 0.0145 0.0036 0.0080 0.0098 0.0045 0.0093 0.0615 0.0246 0.0091 
      H041.2  2 0.0063 0.0095 0.4553 0.0191 0.0184 0.1981 0.0408 0.0691 0.0072 0.0046 0.0083 0.0268 0.0164 0.0066 0.0122 0.0107 0.0065 0.0247 0.0122 0.0044 0.0229 0.0103 0.0096 
      H041.4  2 0.0140 0.0108 0.0079 0.0529 0.0331 0.4266 0.1285 0.0499 0.0130 0.0126 0.0053 0.0205 0.0215 0.0066 0.0457 0.0106 0.0058 0.0094 0.0109 0.0146 0.0377 0.0445 0.0175 
      H041.6  2 0.0159 0.0438 0.0243 0.0274 0.0131 0.3230 0.1985 0.0529 0.0082 0.0135 0.0057 0.0414 0.0276 0.0101 0.0272 0.0106 0.0095 0.0186 0.0137 0.0260 0.0243 0.0453 0.0196 
 H042.1_2002  2 0.0443 0.0240 0.0403 0.0240 0.0106 0.5353 0.0074 0.0117 0.0049 0.0095 0.0139 0.0342 0.0139 0.0062 0.0073 0.0033 0.0817 0.0182 0.0061 0.0096 0.0078 0.0748 0.0109 
 H042.1_2003  2 0.0154 0.0373 0.0830 0.0201 0.0722 0.0197 0.0598 0.0678 0.0058 0.0103 0.0546 0.0291 0.0428 0.0264 0.0193 0.0140 0.0252 0.0283 0.0840 0.0122 0.1709 0.0765 0.0252 
 H042.2_2002  2 0.0068 0.0049 0.0038 0.0120 0.0239 0.6735 0.0266 0.0177 0.0209 0.0047 0.0126 0.0051 0.0059 0.0037 0.0100 0.0049 0.0165 0.1002 0.0093 0.0095 0.0053 0.0084 0.0136 
 H042.2_2003  2 0.0089 0.0073 0.2305 0.0142 0.0053 0.0884 0.0983 0.0614 0.0047 0.0038 0.0121 0.2661 0.0182 0.0062 0.0146 0.0076 0.0087 0.0193 0.0091 0.0082 0.0249 0.0749 0.0071 
 H042.3_2002  2 0.0198 0.0181 0.0192 0.0252 0.0151 0.3317 0.0077 0.0412 0.0150 0.0048 0.0126 0.0115 0.0153 0.0105 0.0174 0.0039 0.3133 0.0437 0.0055 0.0107 0.0113 0.0386 0.0079 
 H042.3_2003  2 0.0106 0.0167 0.0211 0.0219 0.0249 0.1031 0.0255 0.0249 0.0478 0.0301 0.0141 0.0279 0.0198 0.0106 0.0305 0.0043 0.3422 0.0742 0.0059 0.0124 0.0249 0.0696 0.0370 
 H042.4_2002  2 0.0254 0.0120 0.0325 0.0370 0.0129 0.6665 0.0161 0.0137 0.0087 0.0059 0.0070 0.0316 0.0193 0.0091 0.0053 0.0042 0.0075 0.0056 0.0054 0.0055 0.0066 0.0552 0.0071 
 H042.4_2003  2 0.0144 0.0270 0.0201 0.0103 0.0074 0.3790 0.0498 0.0129 0.0139 0.0193 0.0095 0.3169 0.0327 0.0055 0.0081 0.0035 0.0062 0.0060 0.0082 0.0188 0.0082 0.0124 0.0100 
      H042.5  2 0.0103 0.0096 0.0473 0.0057 0.0035 0.7321 0.0067 0.0077 0.0077 0.0041 0.0108 0.0555 0.0085 0.0042 0.0072 0.0039 0.0095 0.0061 0.0045 0.0104 0.0138 0.0210 0.0102 
      H042.6  2 0.0086 0.0226 0.0107 0.0075 0.0071 0.7113 0.0145 0.0042 0.0187 0.0068 0.0095 0.0195 0.0134 0.0052 0.0049 0.0040 0.0260 0.0095 0.0114 0.0436 0.0056 0.0097 0.0254 
      H042.7  2 0.0851 0.0248 0.0161 0.0086 0.0050 0.3843 0.0179 0.1009 0.0134 0.0072 0.0110 0.0324 0.0396 0.0049 0.0127 0.0072 0.0892 0.0765 0.0142 0.0077 0.0120 0.0191 0.0104 
      H042.8  2 0.0107 0.0105 0.0149 0.0168 0.0234 0.6503 0.0088 0.0435 0.0066 0.0031 0.0148 0.0110 0.0065 0.0039 0.0150 0.0052 0.0187 0.0458 0.0054 0.0160 0.0131 0.0469 0.0091 
   H042_2002  2 0.0086 0.0331 0.0113 0.0118 0.0354 0.0352 0.0635 0.0327 0.0259 0.0051 0.0190 0.1811 0.0245 0.0079 0.0172 0.0065 0.0262 0.1743 0.0207 0.0539 0.0229 0.0724 0.1106 
   H042_2003  2 0.0091 0.0478 0.0141 0.0162 0.0354 0.0441 0.0694 0.0251 0.0250 0.0043 0.0171 0.1535 0.0227 0.0077 0.0177 0.0102 0.0252 0.1808 0.0174 0.0561 0.0293 0.0805 0.0913 
      H043.1  2 0.0047 0.0794 0.0041 0.0040 0.0586 0.0078 0.0199 0.0036 0.6500 0.0105 0.0090 0.0083 0.0109 0.0093 0.0089 0.0067 0.0166 0.0056 0.0110 0.0165 0.0106 0.0045 0.0395 
      H043.2  2 0.0036 0.6500 0.0041 0.0169 0.0792 0.0046 0.0280 0.0132 0.0132 0.0030 0.0062 0.0044 0.0266 0.0039 0.0085 0.0170 0.0359 0.0039 0.0046 0.0365 0.0038 0.0055 0.0274 
      H043.3  2 0.0038 0.2510 0.0060 0.0136 0.0288 0.0073 0.1318 0.0090 0.2048 0.0036 0.0122 0.0387 0.0594 0.0059 0.0071 0.0082 0.0737 0.0359 0.0259 0.0137 0.0134 0.0094 0.0368 
      H043.4  2 0.0052 0.4317 0.0052 0.0065 0.0532 0.0055 0.0608 0.0055 0.1550 0.0040 0.0097 0.0166 0.0860 0.0055 0.0083 0.0033 0.0315 0.0108 0.0166 0.0322 0.0110 0.0061 0.0300 
      H043.5  2 0.0041 0.4672 0.0034 0.0155 0.1413 0.0066 0.0372 0.0120 0.0694 0.0043 0.0060 0.0101 0.0437 0.0047 0.0164 0.0135 0.0605 0.0081 0.0075 0.0058 0.0096 0.0055 0.0474 
      H043.6  2 0.0038 0.4625 0.0062 0.0279 0.0962 0.0076 0.0884 0.0084 0.1357 0.0032 0.0075 0.0083 0.0263 0.0068 0.0047 0.0068 0.0342 0.0092 0.0083 0.0061 0.0036 0.0072 0.0312 
      H043.7  2 0.0039 0.5532 0.0037 0.0101 0.0506 0.0045 0.0130 0.0057 0.1152 0.0026 0.0045 0.0069 0.1020 0.0067 0.0076 0.0038 0.0141 0.0124 0.0097 0.0505 0.0052 0.0056 0.0085 
      H043.8  2 0.0059 0.3295 0.0038 0.0088 0.0127 0.0049 0.0194 0.0080 0.3375 0.0138 0.0058 0.0072 0.0176 0.0265 0.0258 0.0276 0.0649 0.0076 0.0127 0.0187 0.0050 0.0091 0.0273 
      H043.9  2 0.0032 0.0399 0.0041 0.0051 0.0283 0.0071 0.0187 0.0032 0.7740 0.0044 0.0042 0.0088 0.0096 0.0050 0.0077 0.0060 0.0095 0.0091 0.0076 0.0116 0.0047 0.0065 0.0216 
      H047.1  2 0.0040 0.0140 0.0040 0.0043 0.0068 0.0057 0.4495 0.0067 0.0039 0.0045 0.0157 0.0154 0.0090 0.0061 0.0114 0.0040 0.0386 0.0369 0.0056 0.0057 0.3323 0.0086 0.0071 
      H047.2  2 0.0090 0.0150 0.0070 0.0122 0.0051 0.0103 0.1702 0.0146 0.0132 0.0200 0.0186 0.0236 0.0172 0.0052 0.0121 0.0065 0.0042 0.0105 0.0404 0.0045 0.5632 0.0094 0.0081 
      H047.3  2 0.0120 0.0086 0.0075 0.0160 0.0042 0.0116 0.1167 0.0229 0.0185 0.0207 0.0226 0.0273 0.0152 0.0069 0.0098 0.0052 0.0060 0.0242 0.0479 0.0100 0.5682 0.0092 0.0087 
      H047.4  2 0.0114 0.0181 0.0101 0.0086 0.0036 0.0502 0.2115 0.0171 0.0128 0.0074 0.0104 0.0556 0.0465 0.0073 0.0206 0.0091 0.0058 0.0528 0.0740 0.0058 0.3342 0.0123 0.0147 
      H047.5  2 0.0195 0.0111 0.0047 0.0171 0.0031 0.0094 0.1778 0.0161 0.0154 0.0048 0.0175 0.0167 0.0229 0.0078 0.0102 0.0044 0.0087 0.0596 0.0190 0.0317 0.4949 0.0085 0.0191 
      H047.6  2 0.0071 0.0171 0.0138 0.0091 0.0044 0.0325 0.0352 0.0190 0.0084 0.0086 0.0095 0.0134 0.0113 0.0049 0.0053 0.0055 0.0037 0.0466 0.0232 0.0064 0.7031 0.0058 0.0062 
      H047.7  2 0.0085 0.0100 0.0065 0.0044 0.0082 0.0134 0.4474 0.0069 0.0035 0.0075 0.0084 0.0323 0.0065 0.0052 0.0067 0.0030 0.0262 0.0917 0.0050 0.0052 0.2815 0.0061 0.0060 
      H047.8  2 0.0054 0.0197 0.0151 0.0058 0.0035 0.0264 0.0793 0.0132 0.0058 0.0078 0.0170 0.0180 0.0121 0.0043 0.0072 0.0057 0.0081 0.0570 0.0297 0.0096 0.6331 0.0086 0.0076 
      H047.9  2 0.0408 0.0085 0.0045 0.0095 0.0034 0.0122 0.3345 0.0112 0.0056 0.0053 0.0443 0.0750 0.0184 0.0086 0.0086 0.0032 0.0175 0.0882 0.0095 0.0274 0.2353 0.0126 0.0162 
 H071.1_2002  2 0.0046 0.0089 0.0057 0.0057 0.0051 0.0045 0.8670 0.0050 0.0062 0.0030 0.0074 0.0083 0.0078 0.0065 0.0044 0.0031 0.0066 0.0060 0.0056 0.0100 0.0041 0.0057 0.0087 
 H071.1_2003  2 0.0046 0.0192 0.0093 0.0349 0.0115 0.0080 0.5508 0.0227 0.0121 0.0038 0.0117 0.0159 0.0681 0.0572 0.0126 0.0050 0.0069 0.0079 0.0288 0.0649 0.0105 0.0158 0.0176 
     H071.10  2 0.0070 0.0069 0.0034 0.0033 0.0064 0.0055 0.8251 0.0034 0.0121 0.0087 0.0028 0.0039 0.0055 0.0250 0.0041 0.0069 0.0383 0.0076 0.0046 0.0055 0.0029 0.0046 0.0065 
 H071.2_2002  2 0.0038 0.0283 0.0047 0.0174 0.0057 0.0061 0.7917 0.0110 0.0058 0.0033 0.0081 0.0052 0.0106 0.0080 0.0114 0.0147 0.0113 0.0068 0.0053 0.0139 0.0064 0.0078 0.0128 
 H071.2_2003  2 0.0026 0.0050 0.0062 0.0046 0.0034 0.0045 0.9049 0.0044 0.0041 0.0028 0.0053 0.0047 0.0053 0.0055 0.0034 0.0033 0.0041 0.0029 0.0030 0.0058 0.0040 0.0051 0.0052 
      H071.3  2 0.0079 0.0044 0.0229 0.0073 0.0106 0.0041 0.7530 0.0055 0.0107 0.0086 0.0045 0.0051 0.0173 0.0306 0.0178 0.0081 0.0188 0.0131 0.0135 0.0054 0.0137 0.0070 0.0100 
 H071.4_2002  2 0.0137 0.0146 0.0036 0.0061 0.0117 0.0068 0.7591 0.0057 0.0422 0.0082 0.0051 0.0037 0.0167 0.0150 0.0062 0.0123 0.0291 0.0099 0.0046 0.0065 0.0065 0.0051 0.0075 
 H071.4_2003  2 0.0061 0.0045 0.0060 0.0035 0.0033 0.0032 0.8746 0.0031 0.0042 0.0035 0.0042 0.0051 0.0062 0.0089 0.0068 0.0063 0.0169 0.0059 0.0082 0.0037 0.0053 0.0056 0.0052 
 H071.5_2002  2 0.0062 0.0035 0.0040 0.0032 0.0037 0.0050 0.8944 0.0027 0.0104 0.0042 0.0033 0.0038 0.0045 0.0068 0.0028 0.0044 0.0092 0.0063 0.0045 0.0045 0.0030 0.0037 0.0059 
 H071.5_2003  2 0.0103 0.0074 0.0053 0.0116 0.0041 0.0045 0.7537 0.0040 0.0132 0.0033 0.0090 0.0177 0.0272 0.0310 0.0115 0.0072 0.0177 0.0131 0.0099 0.0064 0.0096 0.0137 0.0087 
 H071.6_2002  2 0.0071 0.0063 0.0031 0.0042 0.0041 0.0048 0.7884 0.0033 0.0106 0.0041 0.0050 0.0037 0.0067 0.0083 0.0047 0.0158 0.0574 0.0158 0.0080 0.0063 0.0044 0.0041 0.0239 
 H071.6_2003  2 0.0060 0.0072 0.0040 0.0063 0.0034 0.0066 0.8160 0.0042 0.0131 0.0030 0.0062 0.0159 0.0178 0.0248 0.0064 0.0046 0.0129 0.0096 0.0058 0.0055 0.0043 0.0093 0.0070 
 H071.7_2002  2 0.0029 0.0049 0.0039 0.0067 0.0036 0.0041 0.8789 0.0037 0.0043 0.0033 0.0045 0.0048 0.0072 0.0039 0.0039 0.0066 0.0084 0.0105 0.0101 0.0060 0.0058 0.0054 0.0066 
 H071.7_2003  2 0.0111 0.0076 0.0055 0.0060 0.0041 0.0057 0.7946 0.0035 0.0183 0.0045 0.0076 0.0116 0.0135 0.0384 0.0075 0.0038 0.0154 0.0083 0.0069 0.0082 0.0034 0.0085 0.0058 
      H071.8  2 0.0037 0.0127 0.0049 0.0123 0.0069 0.0066 0.8112 0.0114 0.0063 0.0033 0.0054 0.0043 0.0083 0.0059 0.0069 0.0391 0.0063 0.0062 0.0060 0.0088 0.0061 0.0079 0.0096 
      H071.9  2 0.0111 0.0208 0.0051 0.0309 0.0108 0.0375 0.2740 0.0170 0.3338 0.0126 0.0048 0.0059 0.0369 0.0156 0.0130 0.0592 0.0203 0.0099 0.0060 0.0165 0.0075 0.0096 0.0411 
 H081.1_2002  2 0.0068 0.0047 0.0030 0.0105 0.0036 0.0068 0.8546 0.0070 0.0044 0.0064 0.0051 0.0056 0.0082 0.0078 0.0045 0.0033 0.0055 0.0051 0.0101 0.0139 0.0040 0.0088 0.0102 
 H081.1_2003  2 0.0108 0.0194 0.0119 0.0310 0.1769 0.0606 0.0359 0.0194 0.0095 0.0119 0.0148 0.0172 0.0598 0.0276 0.0111 0.0093 0.0059 0.0167 0.3041 0.0106 0.0141 0.0370 0.0844 
 H081.2_2002  2 0.0072 0.0088 0.0034 0.0092 0.0039 0.0050 0.7855 0.0061 0.0050 0.0036 0.0045 0.0099 0.0084 0.0044 0.0047 0.0043 0.0041 0.0052 0.0145 0.0745 0.0078 0.0065 0.0135 
 H081.2_2003  2 0.0090 0.0142 0.0059 0.0111 0.0081 0.0166 0.0245 0.0056 0.0142 0.0249 0.0086 0.0090 0.0285 0.5928 0.0085 0.0163 0.0131 0.0051 0.0119 0.0354 0.0083 0.0212 0.1069 
 H081.3_2002  2 0.0102 0.0223 0.0046 0.0086 0.0061 0.0081 0.7751 0.0066 0.0105 0.0051 0.0047 0.0085 0.0132 0.0105 0.0058 0.0153 0.0046 0.0052 0.0064 0.0237 0.0245 0.0055 0.0150 
 H081.3_2003  2 0.0149 0.1034 0.0071 0.0199 0.0106 0.0247 0.0127 0.0086 0.0901 0.0173 0.0154 0.0147 0.0221 0.3308 0.0101 0.0878 0.0185 0.0081 0.0104 0.0212 0.0105 0.0153 0.1258 
 H081.4_2002  2 0.0056 0.0042 0.0040 0.0052 0.0038 0.0085 0.8625 0.0042 0.0035 0.0050 0.0055 0.0069 0.0088 0.0092 0.0077 0.0058 0.0116 0.0054 0.0087 0.0040 0.0054 0.0053 0.0092 
 H081.4_2003  2 0.0236 0.0234 0.0119 0.0487 0.0157 0.1440 0.0137 0.0220 0.0189 0.0108 0.0217 0.0135 0.1728 0.2387 0.0161 0.0154 0.0092 0.0081 0.0675 0.0199 0.0063 0.0227 0.0556 
 H081.5_2002  2 0.0045 0.0069 0.0036 0.0076 0.0040 0.0090 0.8407 0.0050 0.0050 0.0040 0.0051 0.0072 0.0098 0.0146 0.0059 0.0068 0.0057 0.0070 0.0113 0.0063 0.0077 0.0088 0.0134 
 H081.5_2003  2 0.0125 0.0143 0.0092 0.0526 0.0154 0.0364 0.0322 0.0172 0.0104 0.0092 0.0140 0.0152 0.4027 0.0282 0.0136 0.0101 0.0069 0.0110 0.2000 0.0305 0.0159 0.0109 0.0315 
      H081.6  2 0.0062 0.0052 0.0039 0.0091 0.0044 0.0054 0.8406 0.0063 0.0041 0.0044 0.0049 0.0054 0.0106 0.0079 0.0077 0.0040 0.0051 0.0075 0.0211 0.0126 0.0041 0.0078 0.0116 
      H081.7  2 0.0138 0.0162 0.0041 0.0102 0.0038 0.0077 0.7460 0.0048 0.0098 0.0045 0.0044 0.0066 0.0194 0.0125 0.0053 0.0077 0.0066 0.0047 0.0057 0.0757 0.0104 0.0042 0.0159 
      H081.8  2 0.0110 0.0128 0.0036 0.0159 0.0133 0.0197 0.6853 0.0077 0.0095 0.0161 0.0063 0.0070 0.0134 0.0506 0.0092 0.0318 0.0220 0.0087 0.0072 0.0065 0.0099 0.0080 0.0245 
      H083.1  2 0.0065 0.0034 0.0119 0.0076 0.0089 0.0288 0.7208 0.0122 0.0122 0.0368 0.0148 0.0057 0.0138 0.0078 0.0077 0.0094 0.0113 0.0143 0.0255 0.0073 0.0111 0.0043 0.0179 
      H083.2  2 0.0110 0.0120 0.0036 0.0070 0.0066 0.0123 0.7120 0.0048 0.0398 0.0255 0.0055 0.0053 0.0095 0.0060 0.0201 0.0073 0.0062 0.0096 0.0210 0.0158 0.0396 0.0081 0.0112 
      H083.4  2 0.0141 0.0132 0.0038 0.0045 0.0102 0.0136 0.6223 0.0056 0.0227 0.1012 0.0046 0.0043 0.0053 0.0068 0.0090 0.0571 0.0165 0.0111 0.0172 0.0137 0.0152 0.0105 0.0177 
      H083.5  2 0.0058 0.0051 0.0124 0.0212 0.0251 0.0268 0.6280 0.0390 0.0086 0.0834 0.0091 0.0051 0.0077 0.0047 0.0075 0.0153 0.0079 0.0083 0.0299 0.0131 0.0179 0.0072 0.0110 
      H083.6  2 0.0125 0.0050 0.0095 0.0179 0.0083 0.0197 0.5682 0.0388 0.0050 0.1366 0.0115 0.0037 0.0136 0.0107 0.0074 0.0339 0.0136 0.0077 0.0262 0.0097 0.0087 0.0048 0.0273 
      H083.7  2 0.0312 0.0116 0.0037 0.0077 0.0078 0.0066 0.4967 0.0074 0.0100 0.2652 0.0068 0.0057 0.0072 0.0045 0.0201 0.0291 0.0160 0.0068 0.0089 0.0171 0.0144 0.0074 0.0082 
      H083.8  2 0.0177 0.0120 0.0034 0.0100 0.0065 0.0094 0.6998 0.0056 0.0480 0.0205 0.0086 0.0062 0.0080 0.0042 0.0189 0.0057 0.0056 0.0071 0.0146 0.0140 0.0588 0.0061 0.0094 
      H083.9  2 0.0068 0.0030 0.0182 0.0121 0.0077 0.0269 0.6514 0.0302 0.0067 0.1318 0.0090 0.0050 0.0080 0.0063 0.0075 0.0082 0.0055 0.0071 0.0127 0.0100 0.0123 0.0052 0.0086 
      H084.1  2 0.0106 0.0099 0.0072 0.0092 0.1027 0.0310 0.0074 0.0306 0.1084 0.0064 0.0125 0.0082 0.0103 0.5472 0.0180 0.0089 0.0061 0.0146 0.0074 0.0069 0.0120 0.0048 0.0195 
      H084.2  2 0.0053 0.0113 0.0053 0.0064 0.0658 0.0375 0.0051 0.0051 0.3212 0.0044 0.0111 0.0070 0.0101 0.4006 0.0099 0.0102 0.0103 0.0053 0.0115 0.0033 0.0061 0.0054 0.0418 
      H084.3  2 0.0827 0.0136 0.0768 0.0103 0.2640 0.0140 0.0071 0.0483 0.0317 0.0103 0.0194 0.0242 0.0206 0.2237 0.0095 0.0081 0.0065 0.0547 0.0447 0.0052 0.0091 0.0061 0.0095 
      H084.4  2 0.0187 0.0182 0.0290 0.0067 0.2691 0.0375 0.0072 0.0713 0.0301 0.0046 0.0103 0.0711 0.0363 0.1760 0.0707 0.0107 0.0087 0.0178 0.0657 0.0034 0.0127 0.0073 0.0171 
      H084.5  2 0.0203 0.0084 0.0094 0.0139 0.0381 0.0089 0.0051 0.0953 0.0211 0.0058 0.0142 0.0136 0.0563 0.4074 0.0207 0.0089 0.0062 0.1675 0.0320 0.0068 0.0277 0.0053 0.0071 
      H084.6  2 0.0514 0.0117 0.0273 0.0071 0.0818 0.0062 0.0047 0.0467 0.0146 0.0460 0.0071 0.0115 0.0096 0.5349 0.0101 0.0126 0.0046 0.0630 0.0108 0.0065 0.0229 0.0041 0.0050 
      H084.7  2 0.0093 0.0071 0.0075 0.0067 0.0104 0.0569 0.0046 0.0137 0.1471 0.0053 0.0103 0.0116 0.0157 0.6017 0.0226 0.0085 0.0109 0.0052 0.0108 0.0047 0.0070 0.0044 0.0178 
      H084.8  2 0.0333 0.0068 0.0173 0.0100 0.0681 0.0098 0.0046 0.1601 0.0136 0.0083 0.0168 0.0159 0.0107 0.4892 0.0266 0.0109 0.0039 0.0366 0.0131 0.0078 0.0264 0.0046 0.0058 
 H085.1_2002  2 0.0078 0.0118 0.0135 0.0380 0.0167 0.0138 0.0219 0.0052 0.0173 0.0136 0.0064 0.0071 0.0096 0.0097 0.0040 0.0043 0.0073 0.0088 0.0058 0.5785 0.0090 0.0074 0.1826 
 H085.1_2003  2 0.0125 0.0071 0.0145 0.0140 0.0168 0.0624 0.2159 0.0117 0.0411 0.0901 0.0058 0.0078 0.2385 0.0115 0.0128 0.0169 0.0253 0.0048 0.0072 0.0450 0.0124 0.0061 0.1199 
 H085.2_2002  2 0.0166 0.0839 0.0136 0.2822 0.0346 0.0235 0.0214 0.0103 0.0177 0.1401 0.0048 0.0060 0.0846 0.0124 0.0058 0.0079 0.0272 0.0124 0.0167 0.0631 0.0051 0.0118 0.0980 
 H085.2_2003  2 0.0071 0.0127 0.0369 0.0166 0.0106 0.0560 0.4931 0.0075 0.0243 0.0443 0.0172 0.0157 0.0348 0.0132 0.0185 0.0255 0.0206 0.0072 0.0180 0.0246 0.0509 0.0104 0.0342 
 H085.3_2002  2 0.0082 0.0145 0.0272 0.0489 0.0044 0.0134 0.0077 0.0099 0.0111 0.0232 0.0068 0.0127 0.3442 0.0048 0.0049 0.0035 0.0110 0.0039 0.0123 0.3651 0.0079 0.0175 0.0369 
 H085.3_2003  2 0.0056 0.0070 0.0095 0.0058 0.0038 0.0064 0.5306 0.0043 0.0115 0.0057 0.0078 0.0086 0.2582 0.0102 0.0105 0.0068 0.0404 0.0040 0.0156 0.0216 0.0064 0.0121 0.0074 
 H085.4_2002  2 0.0111 0.0508 0.0164 0.2274 0.0315 0.0428 0.0703 0.0139 0.0178 0.0216 0.0107 0.0064 0.0504 0.0202 0.0066 0.0108 0.0274 0.0113 0.0082 0.1947 0.0088 0.0171 0.1238 
 H085.4_2003  2 0.0137 0.0128 0.0669 0.0219 0.0066 0.0304 0.5865 0.0111 0.0068 0.0067 0.0078 0.0459 0.0587 0.0197 0.0054 0.0046 0.0073 0.0280 0.0212 0.0091 0.0056 0.0164 0.0070 
 H085.5_2002  2 0.0068 0.0084 0.0090 0.0450 0.0038 0.0103 0.0078 0.0061 0.0106 0.0040 0.0081 0.0072 0.2751 0.0037 0.0051 0.0037 0.0085 0.0038 0.0060 0.5367 0.0081 0.0099 0.0122 
 H085.5_2003  2 0.0056 0.0052 0.0608 0.0086 0.0053 0.0219 0.6769 0.0039 0.0099 0.0323 0.0091 0.0068 0.0170 0.0176 0.0091 0.0064 0.0238 0.0041 0.0095 0.0191 0.0126 0.0095 0.0249 
 H085.6_2002  2 0.0052 0.0180 0.0134 0.0255 0.0076 0.0188 0.0106 0.0066 0.0317 0.0146 0.0048 0.0079 0.1319 0.0058 0.0048 0.0061 0.0091 0.0057 0.0086 0.3942 0.0124 0.0068 0.2499 
 H085.6_2003  2 0.0086 0.0089 0.0127 0.0157 0.0056 0.0120 0.0438 0.0289 0.0074 0.0043 0.0124 0.0430 0.6842 0.0065 0.0095 0.0078 0.0094 0.0048 0.0302 0.0101 0.0144 0.0144 0.0053 
 H085.7_2002  2 0.0082 0.0344 0.0774 0.0768 0.0134 0.0374 0.0477 0.0078 0.0081 0.0504 0.0083 0.0119 0.1758 0.0114 0.0071 0.0093 0.0142 0.0065 0.0631 0.1822 0.0379 0.0281 0.0826 
 H085.7_2003  2 0.0073 0.0095 0.0175 0.0077 0.0092 0.0096 0.5037 0.0093 0.0225 0.0105 0.0114 0.0101 0.2297 0.0050 0.0075 0.0104 0.0415 0.0048 0.0062 0.0112 0.0125 0.0064 0.0364 
 H085.8_2002  2 0.0088 0.0527 0.0093 0.0270 0.0098 0.0078 0.0197 0.0167 0.0070 0.0174 0.0051 0.0092 0.6469 0.0094 0.0095 0.0097 0.0412 0.0044 0.0317 0.0187 0.0062 0.0157 0.0159 
 H085.8_2003  2 0.0181 0.0124 0.1145 0.0648 0.0136 0.1484 0.1607 0.0111 0.0432 0.0959 0.0124 0.0425 0.0730 0.0197 0.0119 0.0070 0.0126 0.0173 0.0159 0.0320 0.0239 0.0183 0.0308 
      H085.9  2 0.0108 0.0088 0.0169 0.0822 0.0300 0.0372 0.0596 0.0108 0.0137 0.0176 0.0095 0.0143 0.0876 0.0145 0.0061 0.0092 0.0140 0.0095 0.0174 0.4608 0.0091 0.0220 0.0382 
      H088.1  2 0.0180 0.0105 0.0153 0.0374 0.0069 0.6652 0.0057 0.0361 0.0082 0.0128 0.0098 0.0076 0.0069 0.0065 0.0504 0.0274 0.0131 0.0042 0.0081 0.0117 0.0094 0.0170 0.0118 
      H088.2  2 0.0138 0.0100 0.0106 0.0252 0.0062 0.7441 0.0056 0.0279 0.0091 0.0078 0.0056 0.0098 0.0078 0.0058 0.0086 0.0136 0.0084 0.0086 0.0152 0.0169 0.0105 0.0067 0.0223 
      H088.3  2 0.0063 0.0101 0.0107 0.0153 0.0057 0.7849 0.0040 0.0146 0.0083 0.0060 0.0042 0.0131 0.0059 0.0047 0.0110 0.0169 0.0054 0.0091 0.0126 0.0129 0.0139 0.0093 0.0153 
      H088.4  2 0.0034 0.0059 0.0111 0.0035 0.0036 0.8687 0.0060 0.0065 0.0075 0.0029 0.0059 0.0075 0.0051 0.0079 0.0090 0.0092 0.0039 0.0055 0.0070 0.0037 0.0047 0.0073 0.0042 
      H088.5  2 0.0052 0.0067 0.0099 0.0066 0.0040 0.8730 0.0040 0.0084 0.0042 0.0039 0.0043 0.0051 0.0040 0.0044 0.0131 0.0088 0.0047 0.0045 0.0048 0.0035 0.0050 0.0072 0.0048 
      H088.6  2 0.0059 0.0062 0.0107 0.0053 0.0038 0.8465 0.0056 0.0107 0.0066 0.0051 0.0057 0.0069 0.0047 0.0053 0.0167 0.0144 0.0067 0.0048 0.0045 0.0038 0.0082 0.0050 0.0069 
      H088.7  2 0.0040 0.0041 0.0086 0.0063 0.0041 0.8507 0.0079 0.0073 0.0085 0.0049 0.0047 0.0090 0.0053 0.0064 0.0067 0.0078 0.0037 0.0073 0.0074 0.0061 0.0142 0.0057 0.0090 
      H088.8  2 0.0059 0.0042 0.0082 0.0060 0.0056 0.8073 0.0113 0.0088 0.0058 0.0051 0.0072 0.0083 0.0061 0.0062 0.0190 0.0266 0.0093 0.0056 0.0068 0.0056 0.0129 0.0098 0.0084 
      H091.1  2 0.0050 0.0070 0.3871 0.0058 0.0068 0.2580 0.0142 0.0089 0.0316 0.0259 0.0083 0.0056 0.0887 0.0071 0.0067 0.0060 0.0787 0.0059 0.0036 0.0042 0.0087 0.0077 0.0184 
      H091.2  2 0.0165 0.0072 0.0816 0.0060 0.0046 0.5220 0.0181 0.0089 0.0315 0.0315 0.0109 0.0077 0.0453 0.0047 0.0111 0.0078 0.1089 0.0097 0.0055 0.0043 0.0136 0.0166 0.0262 
      H109.1  2 0.0102 0.0108 0.0064 0.0817 0.0269 0.0095 0.0115 0.0187 0.2619 0.0913 0.0118 0.0095 0.0162 0.0367 0.0192 0.0614 0.0171 0.0487 0.0067 0.0177 0.1315 0.0136 0.0808 
      H109.2  2 0.0173 0.0115 0.0082 0.0457 0.0158 0.0147 0.0343 0.0102 0.0887 0.0143 0.0050 0.1155 0.0385 0.3302 0.0378 0.0137 0.0193 0.0420 0.0098 0.0071 0.0341 0.0198 0.0662 
      H109.3  2 0.0113 0.0109 0.0118 0.0135 0.0103 0.0214 0.0144 0.0185 0.2537 0.0103 0.0166 0.2344 0.0295 0.0423 0.0675 0.0092 0.0313 0.0099 0.0142 0.0040 0.1393 0.0066 0.0190 
      H109.4  2 0.0087 0.0186 0.0154 0.0555 0.0356 0.0083 0.0110 0.0131 0.2011 0.0153 0.0071 0.1695 0.0246 0.0748 0.1194 0.0428 0.0842 0.0114 0.0088 0.0071 0.0220 0.0188 0.0268 
      H109.5  2 0.0073 0.0062 0.0134 0.0129 0.0048 0.0618 0.0438 0.0626 0.0887 0.0056 0.0081 0.4954 0.0228 0.0355 0.0411 0.0053 0.0076 0.0111 0.0096 0.0070 0.0206 0.0054 0.0234 
      H109.6  2 0.0247 0.0151 0.0059 0.0451 0.0210 0.0095 0.0285 0.0152 0.0721 0.0146 0.0111 0.0958 0.0326 0.2470 0.0270 0.1051 0.0194 0.0540 0.0174 0.0069 0.0723 0.0261 0.0338 
      H126.1  2 0.0079 0.0697 0.0080 0.1029 0.0089 0.0157 0.0073 0.0124 0.0362 0.0057 0.0290 0.0881 0.0119 0.0053 0.0608 0.0145 0.0515 0.0629 0.0171 0.0751 0.0111 0.0308 0.2675 
      H126.2  2 0.0056 0.0434 0.0112 0.0133 0.0306 0.0098 0.0282 0.0049 0.0067 0.0136 0.0164 0.0274 0.0137 0.0091 0.0200 0.0051 0.0703 0.0131 0.0119 0.0249 0.0409 0.0132 0.5666 
      H126.3  2 0.0039 0.0076 0.0065 0.0233 0.0056 0.0964 0.0154 0.0059 0.0081 0.0105 0.0063 0.0042 0.0040 0.0033 0.0096 0.0081 0.0106 0.1989 0.0050 0.0078 0.0073 0.0071 0.5445 
      H126.4  2 0.0083 0.2126 0.0032 0.0245 0.0132 0.0315 0.0204 0.0118 0.0075 0.0126 0.0186 0.0065 0.0112 0.0081 0.1799 0.0121 0.0836 0.0200 0.0095 0.0130 0.0233 0.1176 0.1510 
      H126.5  2 0.0072 0.0332 0.0050 0.0192 0.0046 0.0089 0.0715 0.0055 0.0056 0.0062 0.0253 0.0291 0.0154 0.0063 0.0238 0.0106 0.0943 0.0478 0.0287 0.0197 0.0066 0.1198 0.4058 
      H126.6  2 0.0035 0.0089 0.0077 0.0043 0.0039 0.0212 0.0835 0.0040 0.0047 0.0043 0.0068 0.0053 0.0075 0.0036 0.0061 0.0045 0.0069 0.0770 0.0161 0.0318 0.0098 0.0065 0.6722 
      H126.7  2 0.0076 0.0087 0.0050 0.0051 0.0031 0.0698 0.5926 0.0039 0.0077 0.0060 0.0069 0.0076 0.0190 0.0069 0.0253 0.0076 0.0517 0.0176 0.0155 0.0500 0.0082 0.0151 0.0592 
      H130.1  2 0.0129 0.1358 0.0718 0.0367 0.0063 0.0336 0.0073 0.0146 0.0353 0.0099 0.0380 0.0966 0.0201 0.0127 0.0176 0.0383 0.0181 0.0054 0.0294 0.0102 0.0183 0.0454 0.2856 
      H130.2  2 0.0249 0.0249 0.0131 0.1160 0.0076 0.0234 0.0361 0.0073 0.0240 0.0388 0.0250 0.0226 0.0573 0.2839 0.0182 0.0624 0.0091 0.0044 0.0553 0.0128 0.0402 0.0193 0.0734 
      H130.3  2 0.0134 0.0287 0.0177 0.0149 0.0048 0.0216 0.0319 0.0052 0.0331 0.0046 0.3342 0.0079 0.0327 0.0668 0.0067 0.0160 0.0110 0.0067 0.1748 0.0054 0.0284 0.0751 0.0584 
      H130.4  2 0.0307 0.1071 0.0224 0.1569 0.0286 0.0261 0.0060 0.0089 0.0696 0.0186 0.1593 0.0175 0.0222 0.0217 0.0142 0.0537 0.0119 0.0061 0.0143 0.0183 0.0249 0.0445 0.1165 
      H130.5  2 0.0342 0.0336 0.0232 0.1516 0.0052 0.0533 0.0432 0.0151 0.0285 0.0217 0.0117 0.0281 0.0669 0.0969 0.0077 0.0204 0.0088 0.0048 0.1198 0.0166 0.0061 0.0184 0.1842 
      H133.1  2 0.0052 0.0152 0.0052 0.0129 0.0222 0.0193 0.0132 0.0093 0.7333 0.0073 0.0111 0.0165 0.0176 0.0114 0.0283 0.0052 0.0042 0.0050 0.0076 0.0116 0.0119 0.0098 0.0166 
      H133.2  2 0.0057 0.0368 0.0073 0.0316 0.0072 0.0361 0.0075 0.0146 0.4725 0.0043 0.0120 0.0542 0.0349 0.0566 0.0298 0.0118 0.0047 0.0100 0.0133 0.0332 0.0227 0.0140 0.0792 
      H133.3  2 0.0071 0.0072 0.0068 0.0201 0.0307 0.0520 0.0101 0.0135 0.6812 0.0098 0.0141 0.0137 0.0243 0.0099 0.0118 0.0042 0.0063 0.0063 0.0038 0.0154 0.0115 0.0052 0.0347 
      H133.4  2 0.0080 0.0126 0.0047 0.0118 0.0123 0.0091 0.0088 0.0127 0.7686 0.0047 0.0123 0.0148 0.0132 0.0092 0.0268 0.0079 0.0043 0.0056 0.0098 0.0110 0.0160 0.0080 0.0078 
      H133.5  2 0.0039 0.0124 0.0050 0.0134 0.0082 0.0415 0.0051 0.0058 0.6904 0.0075 0.0080 0.0048 0.0160 0.0125 0.0107 0.0099 0.0061 0.0047 0.0118 0.0214 0.0051 0.0062 0.0896 
      H133.6  2 0.0092 0.0542 0.0080 0.0128 0.0059 0.0837 0.0079 0.0106 0.5707 0.0092 0.0131 0.0246 0.0213 0.0165 0.0100 0.0151 0.0086 0.0082 0.0178 0.0221 0.0068 0.0106 0.0530 
      H133.7  2 0.0142 0.0179 0.0076 0.0214 0.0306 0.0120 0.0126 0.0264 0.6508 0.0052 0.0063 0.0256 0.0801 0.0050 0.0145 0.0043 0.0049 0.0077 0.0055 0.0144 0.0174 0.0070 0.0086 
      H133.8  2 0.0043 0.0109 0.0069 0.0922 0.0148 0.0114 0.0057 0.0115 0.6885 0.0082 0.0057 0.0054 0.0111 0.0073 0.0088 0.0041 0.0077 0.0070 0.0060 0.0291 0.0109 0.0046 0.0381 
      H133.9  2 0.0057 0.0184 0.0066 0.0119 0.0169 0.0111 0.0088 0.0076 0.7714 0.0051 0.0113 0.0103 0.0190 0.0084 0.0262 0.0041 0.0050 0.0047 0.0098 0.0105 0.0089 0.0103 0.0080 
      H147.1  2 0.0124 0.0078 0.2196 0.0443 0.0150 0.0150 0.1454 0.0507 0.0052 0.0138 0.0038 0.0157 0.1628 0.0540 0.0177 0.0040 0.0035 0.0163 0.0733 0.0526 0.0262 0.0254 0.0156 
      H147.2  2 0.0070 0.0083 0.0124 0.0123 0.0048 0.0098 0.7112 0.0120 0.0042 0.0048 0.0050 0.0091 0.0521 0.0170 0.0067 0.0040 0.0041 0.0109 0.0715 0.0141 0.0056 0.0081 0.0052 
      H147.3  2 0.0076 0.0045 0.0090 0.0188 0.0048 0.0047 0.7169 0.0091 0.0036 0.0051 0.0058 0.0112 0.0301 0.0359 0.0140 0.0032 0.0046 0.0071 0.0523 0.0285 0.0048 0.0127 0.0056 
      H147.4  2 0.0056 0.0032 0.0608 0.0064 0.0233 0.0033 0.6984 0.0075 0.0034 0.0083 0.0037 0.0050 0.0155 0.0768 0.0075 0.0048 0.0038 0.0073 0.0205 0.0153 0.0071 0.0074 0.0052 
      H147.5  2 0.0054 0.0069 0.0369 0.0107 0.0075 0.0433 0.3646 0.0158 0.0036 0.0256 0.0062 0.0345 0.0248 0.2006 0.0208 0.0073 0.0061 0.0095 0.0756 0.0321 0.0080 0.0299 0.0242 
      H147.6  2 0.0069 0.0066 0.0474 0.0084 0.0077 0.0354 0.2893 0.0112 0.0044 0.0274 0.0097 0.0357 0.0440 0.2612 0.0231 0.0079 0.0074 0.0150 0.0887 0.0188 0.0100 0.0147 0.0193 
      H147.7  2 0.0073 0.0036 0.0700 0.0098 0.0249 0.0036 0.6197 0.0157 0.0039 0.0145 0.0055 0.0137 0.0134 0.0896 0.0176 0.0043 0.0047 0.0130 0.0259 0.0115 0.0130 0.0091 0.0057 
      H147.8  2 0.0032 0.0030 0.1095 0.0071 0.0173 0.0231 0.4655 0.0105 0.0045 0.0214 0.0042 0.0047 0.0131 0.1774 0.0148 0.0070 0.0072 0.0119 0.0327 0.0134 0.0135 0.0074 0.0277 
      H147.9  2 0.0044 0.0050 0.0068 0.0098 0.0049 0.0050 0.7599 0.0119 0.0044 0.0057 0.0040 0.0108 0.0252 0.0387 0.0123 0.0039 0.0052 0.0079 0.0238 0.0210 0.0079 0.0119 0.0095 
      H148.1  2 0.0208 0.0614 0.0266 0.4028 0.0270 0.0132 0.0088 0.0429 0.0163 0.0259 0.0044 0.0157 0.0288 0.0422 0.0226 0.0575 0.0103 0.0332 0.0475 0.0074 0.0134 0.0447 0.0266 
      H148.2  2 0.0714 0.0155 0.0060 0.5926 0.0178 0.0074 0.0112 0.0657 0.0170 0.0137 0.0046 0.0073 0.0069 0.0173 0.0194 0.0220 0.0044 0.0300 0.0152 0.0154 0.0091 0.0111 0.0188 
      H148.3  2 0.3416 0.0126 0.0191 0.1437 0.0397 0.0118 0.0092 0.1991 0.0055 0.0074 0.0145 0.0339 0.0211 0.0171 0.0129 0.0195 0.0161 0.0172 0.0123 0.0091 0.0154 0.0137 0.0075 
      H148.4  2 0.0326 0.0230 0.0131 0.4376 0.0218 0.0094 0.0111 0.0606 0.0105 0.0096 0.0061 0.0184 0.0154 0.0097 0.0131 0.1228 0.0067 0.0252 0.0930 0.0126 0.0080 0.0284 0.0114 
      H148.5  2 0.3468 0.0098 0.0117 0.1811 0.0254 0.0218 0.0069 0.0995 0.0060 0.0090 0.0081 0.0064 0.0108 0.0387 0.0131 0.0985 0.0124 0.0300 0.0169 0.0091 0.0096 0.0176 0.0108 
      H148.6  2 0.2194 0.0120 0.0259 0.3706 0.0651 0.0112 0.0082 0.0763 0.0074 0.0208 0.0033 0.0193 0.0065 0.0102 0.0103 0.0356 0.0052 0.0195 0.0217 0.0084 0.0095 0.0211 0.0126 
      H148.7  2 0.0590 0.0086 0.0252 0.4438 0.0170 0.0250 0.0059 0.0844 0.0107 0.0104 0.0082 0.0073 0.0121 0.0237 0.0285 0.0851 0.0114 0.0282 0.0248 0.0058 0.0239 0.0423 0.0088 
      H148.8  2 0.1848 0.0082 0.0220 0.5522 0.0123 0.0114 0.0051 0.0425 0.0042 0.0039 0.0044 0.0073 0.0098 0.0075 0.0058 0.0162 0.0048 0.0067 0.0140 0.0073 0.0038 0.0595 0.0063 
      H148.9  2 0.0624 0.0124 0.0142 0.4528 0.0421 0.0085 0.0076 0.0148 0.0237 0.0163 0.0095 0.0062 0.0099 0.0178 0.0230 0.0251 0.0292 0.1026 0.0106 0.0360 0.0334 0.0281 0.0139 
   H166022.1  2 0.0040 0.0043 0.7954 0.0094 0.0067 0.0420 0.0088 0.0069 0.0072 0.0146 0.0039 0.0067 0.0054 0.0102 0.0065 0.0048 0.0043 0.0122 0.0126 0.0079 0.0058 0.0060 0.0146 
   H166022.2  2 0.0111 0.0062 0.4572 0.0179 0.0095 0.0677 0.0276 0.0130 0.0085 0.0300 0.0095 0.0184 0.0293 0.0355 0.0353 0.0176 0.0094 0.0145 0.1335 0.0089 0.0142 0.0092 0.0160 
   H166022.3  2 0.0095 0.0034 0.6793 0.0111 0.0048 0.0696 0.0043 0.0060 0.0079 0.0469 0.0055 0.0080 0.0112 0.0103 0.0125 0.0196 0.0082 0.0051 0.0270 0.0045 0.0091 0.0240 0.0121 
   H166022.4  2 0.0078 0.0037 0.4181 0.0069 0.0043 0.3404 0.0061 0.0068 0.0069 0.0134 0.0104 0.0072 0.0109 0.0127 0.0084 0.0229 0.0128 0.0050 0.0647 0.0044 0.0092 0.0073 0.0098 
   H166022.5  2 0.0055 0.0049 0.7119 0.0067 0.0050 0.0528 0.0084 0.0070 0.0105 0.0097 0.0123 0.0109 0.0121 0.0311 0.0063 0.0131 0.0065 0.0073 0.0479 0.0037 0.0087 0.0063 0.0113 
   H166022.6  2 0.0034 0.0080 0.8114 0.0057 0.0083 0.0212 0.0057 0.0083 0.0102 0.0069 0.0065 0.0066 0.0084 0.0115 0.0078 0.0075 0.0047 0.0073 0.0157 0.0049 0.0105 0.0083 0.0111 
   H166022.7  2 0.0035 0.0059 0.0046 0.0061 0.0046 0.0082 0.0053 0.0058 0.0050 0.0039 0.0066 0.0086 0.0057 0.0078 0.0144 0.8643 0.0050 0.0059 0.0040 0.0032 0.0071 0.0060 0.0085 
   H166022.8  2 0.0038 0.0147 0.5384 0.0082 0.0057 0.0158 0.0080 0.0063 0.0077 0.0126 0.0087 0.0097 0.0266 0.0222 0.0068 0.0065 0.0046 0.0090 0.2127 0.0144 0.0073 0.0230 0.0271 
   H167397.1  2 0.0085 0.0279 0.3406 0.0087 0.4105 0.0241 0.0259 0.0116 0.0045 0.0039 0.0061 0.0181 0.0105 0.0127 0.0100 0.0088 0.0092 0.0131 0.0194 0.0045 0.0063 0.0081 0.0071 
   H167397.2  2 0.0131 0.0151 0.0287 0.0304 0.4907 0.0142 0.0232 0.0125 0.0086 0.0338 0.0087 0.0058 0.0193 0.0136 0.0135 0.0125 0.0077 0.0078 0.0852 0.0385 0.0094 0.0301 0.0777 
   H167397.3  2 0.0101 0.0184 0.1352 0.0065 0.5637 0.0258 0.0698 0.0096 0.0078 0.0079 0.0087 0.0196 0.0060 0.0107 0.0076 0.0052 0.0060 0.0240 0.0152 0.0046 0.0065 0.0216 0.0095 
   H167397.4  2 0.0097 0.0039 0.0138 0.0632 0.5410 0.0148 0.0220 0.0908 0.0105 0.0166 0.0085 0.0049 0.0099 0.0173 0.0144 0.0123 0.0083 0.0127 0.0141 0.0314 0.0451 0.0072 0.0277 
   H167397.5  2 0.0118 0.0157 0.0525 0.0171 0.5690 0.0241 0.0239 0.0172 0.0075 0.0092 0.0070 0.0162 0.0286 0.0234 0.0126 0.0275 0.0204 0.0067 0.0523 0.0073 0.0058 0.0352 0.0089 
   H167397.6  2 0.0084 0.0066 0.0500 0.0213 0.5354 0.0419 0.0332 0.0312 0.0178 0.0073 0.0187 0.0099 0.0133 0.0064 0.0128 0.0084 0.0133 0.0913 0.0085 0.0105 0.0124 0.0259 0.0154 
   H167496.1  2 0.0509 0.0142 0.0244 0.0130 0.0075 0.1587 0.0106 0.0435 0.0518 0.0237 0.0142 0.4065 0.0181 0.0115 0.0121 0.0071 0.0539 0.0110 0.0183 0.0044 0.0179 0.0101 0.0167 
   H167496.2  2 0.0785 0.0215 0.0057 0.0392 0.0124 0.1136 0.0604 0.0286 0.0331 0.0086 0.0134 0.0979 0.1176 0.0144 0.0223 0.0598 0.0299 0.0830 0.0572 0.0101 0.0462 0.0102 0.0362 
   H167496.3  2 0.0694 0.0146 0.0493 0.0827 0.0065 0.0798 0.0306 0.0211 0.0264 0.0784 0.0213 0.1053 0.1167 0.0075 0.0167 0.0077 0.0320 0.0078 0.0523 0.0571 0.0259 0.0618 0.0290 
   H167496.4  2 0.0033 0.0037 0.0142 0.0034 0.0039 0.8651 0.0100 0.0037 0.0048 0.0062 0.0047 0.0053 0.0079 0.0048 0.0048 0.0050 0.0062 0.0061 0.0073 0.0069 0.0069 0.0056 0.0101 
   H167496.6  2 0.0042 0.0054 0.0293 0.0065 0.0056 0.5332 0.0148 0.0103 0.0071 0.0066 0.0141 0.0126 0.0914 0.0150 0.0149 0.0055 0.0089 0.0139 0.1623 0.0066 0.0094 0.0109 0.0116 
   H167496.7  2 0.0651 0.0139 0.0569 0.0216 0.0050 0.0142 0.0059 0.0115 0.0155 0.0218 0.0112 0.4571 0.0918 0.0072 0.0154 0.0045 0.0513 0.0255 0.0228 0.0041 0.0216 0.0342 0.0219 
   H167496.8  2 0.0052 0.0036 0.0101 0.0078 0.0061 0.5616 0.0176 0.0129 0.0097 0.0075 0.0069 0.0193 0.1674 0.0140 0.0112 0.0061 0.0073 0.0322 0.0610 0.0061 0.0086 0.0075 0.0103 
   H167513.1  2 0.0044 0.0069 0.0101 0.0044 0.0073 0.0061 0.0052 0.0052 0.0081 0.0084 0.0064 0.0076 0.0053 0.0077 0.0058 0.0087 0.0050 0.0100 0.0135 0.0053 0.8389 0.0049 0.0148 
   H167513.2  2 0.0078 0.0074 0.0117 0.0166 0.0182 0.0099 0.0051 0.0176 0.0074 0.0057 0.0048 0.0366 0.0076 0.0063 0.0088 0.0042 0.0065 0.0085 0.0067 0.0058 0.7773 0.0140 0.0053 
   H167513.3  2 0.0140 0.0043 0.0116 0.0031 0.0061 0.0051 0.0070 0.0046 0.0131 0.0125 0.0221 0.0068 0.0057 0.0307 0.0291 0.0070 0.0072 0.0115 0.0157 0.0037 0.7527 0.0155 0.0108 
   H167513.4  2 0.0115 0.0091 0.0097 0.0146 0.0075 0.0135 0.0058 0.0117 0.1192 0.0561 0.0069 0.0105 0.0120 0.0093 0.0138 0.0079 0.0052 0.0178 0.0216 0.0070 0.6141 0.0077 0.0073 
   H167513.5  2 0.0041 0.0078 0.0080 0.0154 0.0130 0.0095 0.0049 0.0134 0.0055 0.0064 0.0038 0.0147 0.0089 0.0050 0.0045 0.0035 0.0042 0.0078 0.0047 0.0057 0.8402 0.0045 0.0045 
   H167513.6  2 0.0085 0.0083 0.0283 0.0060 0.0083 0.0122 0.0068 0.0062 0.0089 0.0145 0.0055 0.0132 0.0082 0.0298 0.0062 0.0062 0.0048 0.0108 0.0202 0.0076 0.7612 0.0101 0.0080 
   H167513.7  2 0.0042 0.0054 0.0060 0.0074 0.0242 0.0065 0.0100 0.0036 0.0227 0.0194 0.0058 0.0055 0.0068 0.0096 0.0051 0.0055 0.0052 0.0081 0.0077 0.0064 0.8098 0.0042 0.0108 
   H167513.8  2 0.0038 0.0077 0.0064 0.0041 0.0098 0.0048 0.0065 0.0032 0.0116 0.0056 0.0079 0.0059 0.0048 0.0338 0.0095 0.0083 0.0043 0.0087 0.0154 0.0035 0.8219 0.0056 0.0068 
   H167547.1  2 0.0759 0.0237 0.6912 0.0337 0.0096 0.0038 0.0040 0.0089 0.0045 0.0065 0.0114 0.0297 0.0141 0.0041 0.0043 0.0075 0.0075 0.0106 0.0092 0.0045 0.0059 0.0236 0.0059 
   H167547.2  2 0.0418 0.0116 0.7990 0.0128 0.0049 0.0047 0.0058 0.0076 0.0046 0.0053 0.0076 0.0194 0.0123 0.0037 0.0069 0.0031 0.0096 0.0077 0.0052 0.0048 0.0051 0.0123 0.0040 
   H167547.3  2 0.0502 0.0093 0.7808 0.0115 0.0075 0.0060 0.0054 0.0087 0.0040 0.0058 0.0083 0.0233 0.0138 0.0033 0.0070 0.0031 0.0090 0.0105 0.0061 0.0048 0.0058 0.0115 0.0044 
   H167547.4  2 0.0085 0.0067 0.8725 0.0105 0.0050 0.0036 0.0033 0.0045 0.0055 0.0075 0.0070 0.0074 0.0034 0.0039 0.0077 0.0055 0.0064 0.0032 0.0055 0.0047 0.0050 0.0074 0.0050 
   H167547.5  2 0.0845 0.0126 0.6362 0.0096 0.0110 0.0116 0.0076 0.1135 0.0062 0.0069 0.0060 0.0094 0.0057 0.0122 0.0078 0.0075 0.0151 0.0098 0.0059 0.0059 0.0044 0.0057 0.0048 
   H167547.6  2 0.0706 0.0146 0.6362 0.0090 0.0094 0.0104 0.0114 0.1247 0.0086 0.0087 0.0072 0.0079 0.0053 0.0111 0.0108 0.0088 0.0131 0.0073 0.0058 0.0042 0.0052 0.0052 0.0044 
   H167547.7  2 0.2042 0.0123 0.0176 0.0376 0.0145 0.0130 0.0228 0.0256 0.0526 0.0255 0.0294 0.1083 0.0175 0.0170 0.0174 0.0371 0.0295 0.0163 0.0154 0.0639 0.0693 0.1030 0.0501 
   H169750.1  2 0.0162 0.0189 0.0271 0.0280 0.0095 0.0815 0.0090 0.0078 0.4641 0.0314 0.0142 0.0970 0.0227 0.0089 0.0108 0.0080 0.0178 0.0133 0.0101 0.0159 0.0197 0.0301 0.0381 
   H169750.2  2 0.0072 0.0142 0.0226 0.2843 0.0321 0.0223 0.0434 0.0173 0.0926 0.0052 0.0208 0.0129 0.1440 0.0440 0.0375 0.0121 0.0087 0.0118 0.0435 0.0097 0.0533 0.0491 0.0116 
   H169750.3  2 0.0158 0.0104 0.0198 0.0365 0.0039 0.0169 0.0116 0.0066 0.5088 0.0063 0.0231 0.1157 0.0307 0.0217 0.0163 0.0220 0.0106 0.0057 0.0037 0.0166 0.0539 0.0119 0.0315 
