      H008.1  2 0.0124 0.0116 0.0066 0.0053 0.0551 0.0090 0.0075 0.0119 0.0215 0.7725 0.0063 0.0053 0.0084 0.0083 0.0071 0.0101 0.0048 0.0122 0.0071 0.0058 0.0046 0.0067 
      H008.2  2 0.0820 0.0171 0.0048 0.0082 0.0077 0.0874 0.0280 0.0134 0.0115 0.6018 0.0128 0.0140 0.0142 0.0068 0.0266 0.0045 0.0069 0.0209 0.0075 0.0049 0.0074 0.0115 
      H008.3  2 0.0851 0.0250 0.0083 0.0211 0.0068 0.0111 0.0338 0.0052 0.0706 0.5747 0.0150 0.0113 0.0095 0.0086 0.0079 0.0130 0.0065 0.0164 0.0089 0.0061 0.0375 0.0178 
      H008.4  2 0.0107 0.0103 0.0069 0.0040 0.0096 0.0091 0.0070 0.0068 0.0037 0.8212 0.0080 0.0126 0.0057 0.0116 0.0056 0.0039 0.0134 0.0132 0.0100 0.0055 0.0120 0.0094 
      H008.5  2 0.0070 0.0062 0.0030 0.0047 0.0077 0.0036 0.0046 0.0033 0.0056 0.8918 0.0055 0.0055 0.0048 0.0058 0.0039 0.0056 0.0043 0.0046 0.0075 0.0035 0.0055 0.0060 
      H008.6  2 0.0350 0.0174 0.0036 0.0055 0.0065 0.0262 0.0032 0.0114 0.0064 0.7684 0.0064 0.0121 0.0081 0.0120 0.0055 0.0032 0.0086 0.0180 0.0074 0.0071 0.0089 0.0190 
      H008.7  2 0.0512 0.0197 0.0107 0.0064 0.0137 0.0126 0.0278 0.0113 0.0162 0.6676 0.0091 0.0213 0.0071 0.0107 0.0127 0.0048 0.0135 0.0350 0.0136 0.0087 0.0140 0.0122 
      H008.8  2 0.0165 0.0591 0.0082 0.0174 0.0571 0.3787 0.0223 0.0491 0.0272 0.1999 0.0154 0.0059 0.0069 0.0158 0.0118 0.0124 0.0077 0.0559 0.0055 0.0099 0.0078 0.0093 
      H008.9  2 0.1612 0.0541 0.0076 0.0126 0.0066 0.0720 0.0077 0.0112 0.0151 0.2422 0.0152 0.0631 0.0122 0.0260 0.0066 0.0071 0.0076 0.2028 0.0090 0.0100 0.0319 0.0184 
 H029.1_2002  2 0.0077 0.0115 0.0057 0.0065 0.5342 0.0187 0.0111 0.0191 0.0079 0.1043 0.0056 0.0226 0.0085 0.0111 0.0105 0.0045 0.0677 0.0143 0.0516 0.0217 0.0464 0.0089 
 H029.1_2003  2 0.0122 0.0208 0.0041 0.0213 0.0132 0.0521 0.0072 0.0096 0.3674 0.0139 0.0085 0.0107 0.0132 0.0159 0.0075 0.0071 0.0096 0.0195 0.3515 0.0066 0.0171 0.0111 
 H029.2_2002  2 0.0194 0.0195 0.0047 0.0312 0.4904 0.0065 0.0266 0.0046 0.0736 0.0227 0.0166 0.0354 0.0073 0.0177 0.0105 0.0049 0.0096 0.0094 0.1081 0.0233 0.0071 0.0509 
 H029.2_2003  2 0.0099 0.0437 0.0035 0.0309 0.0414 0.0053 0.0074 0.0080 0.3206 0.0404 0.0130 0.0177 0.0141 0.0072 0.0092 0.0047 0.0051 0.0089 0.3403 0.0146 0.0046 0.0494 
 H029.3_2002  2 0.0090 0.1316 0.0051 0.0441 0.2601 0.0268 0.0354 0.0083 0.0954 0.0108 0.0167 0.1036 0.0192 0.0206 0.0172 0.0097 0.0106 0.0095 0.1275 0.0192 0.0042 0.0155 
 H029.3_2003  2 0.0214 0.0219 0.0048 0.0139 0.1355 0.0117 0.0063 0.0033 0.2621 0.0892 0.0057 0.0055 0.0121 0.0231 0.0131 0.0059 0.0065 0.0045 0.3233 0.0092 0.0102 0.0107 
 H029.4_2002  2 0.0089 0.0173 0.0043 0.0036 0.6951 0.0070 0.0144 0.0045 0.0614 0.0117 0.0032 0.0194 0.0064 0.0109 0.0204 0.0104 0.0144 0.0040 0.0625 0.0049 0.0103 0.0053 
 H029.4_2003  2 0.0090 0.0655 0.0030 0.0052 0.0412 0.0130 0.0062 0.0082 0.5296 0.0187 0.0064 0.0137 0.0082 0.0089 0.0551 0.0120 0.0117 0.0079 0.1242 0.0064 0.0407 0.0053 
 H029.5_2002  2 0.0162 0.0054 0.0063 0.0106 0.6550 0.0075 0.0129 0.0063 0.0149 0.0829 0.0043 0.0079 0.0065 0.0208 0.0096 0.0036 0.0165 0.0088 0.0588 0.0116 0.0281 0.0054 
 H029.5_2003  2 0.0154 0.0167 0.0033 0.0054 0.1546 0.0157 0.0036 0.0074 0.3858 0.0531 0.0046 0.0098 0.0053 0.0088 0.0160 0.0096 0.0080 0.0062 0.2388 0.0059 0.0122 0.0139 
 H029.6_2002  2 0.0040 0.0199 0.0061 0.0067 0.2835 0.0258 0.0160 0.0049 0.0101 0.0069 0.0054 0.0233 0.0059 0.0105 0.0128 0.0088 0.0075 0.0038 0.5232 0.0047 0.0055 0.0049 
 H029.6_2003  2 0.0122 0.0140 0.0118 0.0172 0.0907 0.0113 0.0096 0.0062 0.5416 0.1114 0.0055 0.0081 0.0123 0.0239 0.0199 0.0061 0.0072 0.0090 0.0214 0.0252 0.0167 0.0188 
      H029.7  2 0.0060 0.0139 0.0036 0.0092 0.6856 0.0037 0.0231 0.0059 0.0745 0.0156 0.0153 0.0347 0.0042 0.0080 0.0125 0.0079 0.0069 0.0082 0.0323 0.0127 0.0062 0.0102 
      H030.1  2 0.0596 0.0082 0.0173 0.0477 0.0211 0.0099 0.0144 0.0080 0.0090 0.0421 0.0088 0.0044 0.2784 0.0085 0.0334 0.0143 0.0057 0.0121 0.2158 0.1118 0.0221 0.0474 
      H030.2  2 0.0388 0.0070 0.0296 0.0162 0.0464 0.0052 0.0947 0.0069 0.0106 0.0336 0.0045 0.0461 0.2748 0.0077 0.0188 0.0268 0.2253 0.0085 0.0201 0.0090 0.0642 0.0053 
      H038.1  2 0.0044 0.0065 0.0030 0.0047 0.8821 0.0084 0.0037 0.0085 0.0046 0.0078 0.0062 0.0118 0.0046 0.0051 0.0046 0.0046 0.0048 0.0067 0.0050 0.0048 0.0036 0.0048 
      H038.2  2 0.0058 0.0054 0.0104 0.0048 0.8872 0.0048 0.0052 0.0041 0.0050 0.0045 0.0029 0.0039 0.0054 0.0036 0.0045 0.0054 0.0072 0.0033 0.0069 0.0093 0.0056 0.0047 
      H038.3  2 0.0074 0.0046 0.0076 0.0061 0.8303 0.0064 0.0048 0.0105 0.0043 0.0055 0.0043 0.0147 0.0089 0.0082 0.0084 0.0099 0.0131 0.0058 0.0043 0.0254 0.0048 0.0046 
      H038.4  2 0.0079 0.0058 0.0096 0.0058 0.8538 0.0058 0.0046 0.0074 0.0036 0.0097 0.0042 0.0156 0.0055 0.0083 0.0073 0.0062 0.0082 0.0052 0.0040 0.0128 0.0045 0.0042 
      H038.5  2 0.0074 0.0061 0.0058 0.0040 0.8420 0.0097 0.0070 0.0039 0.0135 0.0050 0.0032 0.0093 0.0100 0.0064 0.0196 0.0079 0.0054 0.0039 0.0086 0.0110 0.0054 0.0049 
      H038.6  2 0.0052 0.0125 0.0029 0.0076 0.8606 0.0061 0.0033 0.0043 0.0129 0.0067 0.0033 0.0085 0.0074 0.0040 0.0074 0.0066 0.0066 0.0051 0.0120 0.0054 0.0040 0.0077 
      H038.7  2 0.0057 0.0073 0.0040 0.0104 0.8656 0.0045 0.0026 0.0054 0.0049 0.0067 0.0025 0.0072 0.0066 0.0034 0.0088 0.0051 0.0122 0.0044 0.0055 0.0179 0.0035 0.0058 
      H038.8  2 0.0047 0.0044 0.0089 0.0043 0.8587 0.0041 0.0064 0.0069 0.0034 0.0058 0.0032 0.0319 0.0064 0.0052 0.0048 0.0080 0.0096 0.0038 0.0039 0.0079 0.0035 0.0043 
      H041.1  2 0.0495 0.0127 0.0081 0.0050 0.0506 0.0041 0.0915 0.0049 0.0662 0.3582 0.0090 0.0221 0.0054 0.0227 0.0920 0.0058 0.0087 0.0184 0.1008 0.0219 0.0361 0.0062 
      H041.2  2 0.0462 0.0080 0.0053 0.0096 0.0173 0.0080 0.0058 0.0074 0.0093 0.4394 0.0039 0.0144 0.0066 0.1218 0.0069 0.0044 0.0272 0.0128 0.1371 0.0112 0.0894 0.0081 
      H041.4  2 0.0280 0.0097 0.0110 0.0089 0.1160 0.0091 0.0131 0.0094 0.2799 0.0672 0.0165 0.0264 0.0079 0.0646 0.0158 0.0060 0.0144 0.0592 0.1990 0.0121 0.0206 0.0053 
      H041.6  2 0.0203 0.0138 0.0157 0.0177 0.1791 0.0141 0.0151 0.0365 0.1467 0.0806 0.0300 0.0138 0.0113 0.0633 0.0110 0.0111 0.0218 0.0437 0.1836 0.0136 0.0516 0.0057 
 H042.1_2002  2 0.0061 0.0099 0.0529 0.0069 0.0065 0.0047 0.0072 0.0222 0.0072 0.0173 0.0131 0.0127 0.0070 0.0156 0.0053 0.0773 0.0181 0.0347 0.5405 0.0098 0.1086 0.0163 
 H042.1_2003  2 0.0539 0.0134 0.0128 0.0550 0.0087 0.0149 0.0114 0.0474 0.0093 0.4745 0.0095 0.0529 0.0171 0.0265 0.0076 0.0154 0.0206 0.0210 0.0142 0.0139 0.0575 0.0425 
 H042.2_2002  2 0.0063 0.0277 0.0085 0.0072 0.0552 0.0045 0.0050 0.0038 0.0246 0.0051 0.0084 0.0210 0.0040 0.0111 0.0170 0.0184 0.1224 0.0066 0.6178 0.0042 0.0045 0.0166 
 H042.2_2003  2 0.0102 0.0090 0.0123 0.0112 0.0499 0.0088 0.0042 0.0135 0.0198 0.2859 0.0104 0.0058 0.0087 0.1405 0.0060 0.0077 0.0171 0.0314 0.0855 0.0236 0.2242 0.0143 
 H042.3_2002  2 0.0099 0.0125 0.0135 0.0056 0.0086 0.0044 0.0062 0.0191 0.0209 0.0106 0.0108 0.0163 0.0126 0.0478 0.0165 0.3021 0.0660 0.0132 0.3406 0.0089 0.0332 0.0207 
 H042.3_2003  2 0.0272 0.0339 0.0135 0.0052 0.0168 0.0037 0.0276 0.0216 0.0607 0.0225 0.0179 0.0331 0.0124 0.0309 0.0639 0.3685 0.0544 0.0141 0.0701 0.0153 0.0741 0.0125 
 H042.4_2002  2 0.0055 0.0068 0.0294 0.0041 0.0211 0.0043 0.0071 0.0103 0.0081 0.0089 0.0063 0.0122 0.0076 0.0179 0.0115 0.0076 0.0057 0.0213 0.6668 0.0172 0.1127 0.0074 
 H042.4_2003  2 0.0129 0.0082 0.0144 0.0107 0.1102 0.0036 0.0114 0.0510 0.0127 0.0116 0.0207 0.0067 0.0073 0.0113 0.0173 0.0062 0.0069 0.0183 0.5320 0.0738 0.0435 0.0091 
      H042.5  2 0.0127 0.0069 0.0060 0.0040 0.0079 0.0035 0.0040 0.0123 0.0204 0.0048 0.0107 0.0032 0.0038 0.0078 0.0053 0.0098 0.0058 0.0096 0.7911 0.0097 0.0508 0.0101 
      H042.6  2 0.0055 0.0193 0.0096 0.0079 0.0165 0.0043 0.0056 0.0176 0.0088 0.0044 0.0368 0.0081 0.0051 0.0049 0.0142 0.0243 0.0125 0.0084 0.7609 0.0097 0.0065 0.0089 
      H042.7  2 0.0091 0.0080 0.0962 0.0168 0.0396 0.0072 0.0062 0.0324 0.0165 0.0051 0.0097 0.0050 0.0055 0.1063 0.0135 0.0652 0.0709 0.0108 0.4137 0.0318 0.0187 0.0119 
      H042.8  2 0.0151 0.0135 0.0086 0.0066 0.0088 0.0056 0.0038 0.0083 0.0184 0.0181 0.0181 0.0221 0.0040 0.0607 0.0071 0.0184 0.0449 0.0171 0.6415 0.0051 0.0415 0.0127 
   H042_2002  2 0.0271 0.0887 0.0098 0.0160 0.0625 0.0093 0.0046 0.0599 0.0374 0.0283 0.0687 0.0406 0.0104 0.0433 0.0227 0.0280 0.2460 0.0333 0.0769 0.0371 0.0272 0.0221 
   H042_2003  2 0.0245 0.0626 0.0126 0.0170 0.0820 0.0105 0.0045 0.0597 0.0305 0.0383 0.0762 0.0317 0.0103 0.0344 0.0344 0.0292 0.2629 0.0403 0.0606 0.0367 0.0204 0.0206 
      H043.1  2 0.0094 0.0170 0.0042 0.0099 0.0334 0.0069 0.0054 0.0226 0.0075 0.0065 0.0112 0.0384 0.0090 0.0034 0.7552 0.0204 0.0053 0.0044 0.0066 0.0133 0.0035 0.0066 
      H043.2  2 0.0056 0.0257 0.0036 0.0064 0.0444 0.0208 0.0037 0.4557 0.0070 0.0356 0.0525 0.1523 0.0057 0.0160 0.0514 0.0720 0.0048 0.0089 0.0043 0.0094 0.0039 0.0099 
      H043.3  2 0.0100 0.0150 0.0052 0.0274 0.1953 0.0095 0.0034 0.0402 0.0111 0.0723 0.0143 0.0254 0.0058 0.0092 0.3246 0.0684 0.0348 0.0202 0.0060 0.0826 0.0065 0.0127 
      H043.4  2 0.0113 0.0164 0.0058 0.0228 0.1469 0.0047 0.0046 0.1641 0.0066 0.0140 0.0618 0.0725 0.0067 0.0067 0.3366 0.0282 0.0150 0.0121 0.0054 0.0300 0.0055 0.0223 
      H043.5  2 0.0159 0.0406 0.0047 0.0096 0.1066 0.0237 0.0044 0.1302 0.0076 0.0546 0.0064 0.2704 0.0071 0.0349 0.0953 0.1170 0.0094 0.0218 0.0053 0.0161 0.0041 0.0144 
      H043.6  2 0.0055 0.0159 0.0049 0.0092 0.3172 0.0100 0.0028 0.0971 0.0089 0.0350 0.0095 0.1640 0.0109 0.0153 0.1539 0.0554 0.0113 0.0313 0.0084 0.0167 0.0061 0.0107 
      H043.7  2 0.0061 0.0064 0.0046 0.0242 0.0683 0.0042 0.0029 0.2157 0.0052 0.0095 0.0849 0.0851 0.0061 0.0125 0.3218 0.0347 0.0168 0.0197 0.0054 0.0553 0.0032 0.0074 
      H043.8  2 0.0055 0.0229 0.0054 0.0151 0.0238 0.0320 0.0058 0.0918 0.0041 0.0118 0.0248 0.0105 0.0186 0.0152 0.5533 0.1182 0.0103 0.0058 0.0045 0.0081 0.0033 0.0093 
      H043.9  2 0.0043 0.0110 0.0038 0.0089 0.0406 0.0042 0.0048 0.0103 0.0063 0.0046 0.0114 0.0213 0.0066 0.0045 0.8056 0.0084 0.0103 0.0036 0.0088 0.0117 0.0034 0.0055 
      H047.1  2 0.3327 0.0084 0.0046 0.0068 0.4513 0.0034 0.0033 0.0148 0.0075 0.0295 0.0052 0.0060 0.0063 0.0076 0.0042 0.0259 0.0434 0.0057 0.0055 0.0113 0.0052 0.0115 
      H047.2  2 0.4830 0.0082 0.0124 0.0398 0.2502 0.0070 0.0189 0.0199 0.0093 0.0102 0.0063 0.0046 0.0069 0.0112 0.0190 0.0042 0.0089 0.0119 0.0139 0.0261 0.0056 0.0221 
      H047.3  2 0.5030 0.0073 0.0138 0.0287 0.1715 0.0066 0.0231 0.0129 0.0151 0.0246 0.0106 0.0045 0.0058 0.0253 0.0259 0.0057 0.0393 0.0097 0.0160 0.0143 0.0066 0.0296 
      H047.4  2 0.3056 0.0146 0.0120 0.0369 0.2419 0.0097 0.0064 0.0173 0.0229 0.0608 0.0073 0.0038 0.0067 0.0347 0.0128 0.0054 0.0494 0.0215 0.0571 0.0554 0.0083 0.0095 
      H047.5  2 0.4115 0.0157 0.0111 0.0201 0.2337 0.0046 0.0044 0.0107 0.0127 0.0380 0.0278 0.0031 0.0065 0.0209 0.0166 0.0079 0.0897 0.0091 0.0099 0.0137 0.0041 0.0283 
      H047.6  2 0.7058 0.0052 0.0063 0.0200 0.0464 0.0051 0.0091 0.0143 0.0099 0.0121 0.0067 0.0045 0.0045 0.0171 0.0076 0.0041 0.0469 0.0104 0.0314 0.0096 0.0100 0.0133 
      H047.7  2 0.2974 0.0069 0.0066 0.0051 0.4333 0.0031 0.0047 0.0152 0.0062 0.0220 0.0054 0.0069 0.0052 0.0090 0.0033 0.0232 0.1077 0.0059 0.0115 0.0054 0.0076 0.0084 
      H047.8  2 0.6165 0.0089 0.0080 0.0272 0.0715 0.0041 0.0073 0.0217 0.0222 0.0379 0.0105 0.0044 0.0049 0.0159 0.0077 0.0077 0.0480 0.0088 0.0180 0.0075 0.0188 0.0227 
      H047.9  2 0.1696 0.0140 0.0369 0.0085 0.4213 0.0043 0.0044 0.0087 0.0123 0.0121 0.0248 0.0041 0.0090 0.0134 0.0071 0.0246 0.1216 0.0147 0.0107 0.0181 0.0066 0.0532 
 H071.1_2002  2 0.0028 0.0058 0.0035 0.0060 0.8690 0.0034 0.0030 0.0055 0.0054 0.0183 0.0094 0.0038 0.0068 0.0056 0.0071 0.0070 0.0073 0.0056 0.0047 0.0063 0.0061 0.0075 
 H071.1_2003  2 0.0101 0.0113 0.0063 0.0332 0.1281 0.0051 0.0036 0.0144 0.0199 0.5157 0.0593 0.0108 0.0397 0.0167 0.0234 0.0110 0.0112 0.0216 0.0097 0.0280 0.0065 0.0145 
     H071.10  2 0.0022 0.0046 0.0046 0.0041 0.8948 0.0046 0.0052 0.0047 0.0042 0.0038 0.0042 0.0047 0.0079 0.0033 0.0087 0.0141 0.0064 0.0031 0.0043 0.0044 0.0031 0.0028 
 H071.2_2002  2 0.0063 0.0079 0.0045 0.0084 0.8350 0.0150 0.0033 0.0142 0.0084 0.0114 0.0108 0.0057 0.0077 0.0096 0.0053 0.0102 0.0047 0.0105 0.0055 0.0056 0.0036 0.0064 
 H071.2_2003  2 0.0044 0.0037 0.0029 0.0039 0.8808 0.0028 0.0028 0.0042 0.0043 0.0352 0.0059 0.0035 0.0047 0.0041 0.0038 0.0047 0.0053 0.0056 0.0040 0.0042 0.0043 0.0049 
      H071.3  2 0.0225 0.0285 0.0129 0.0144 0.4045 0.0110 0.0104 0.0055 0.0189 0.2387 0.0077 0.0129 0.0544 0.0088 0.0249 0.0635 0.0155 0.0048 0.0055 0.0146 0.0154 0.0046 
 H071.4_2002  2 0.0036 0.0060 0.0093 0.0041 0.8630 0.0057 0.0044 0.0078 0.0067 0.0034 0.0061 0.0089 0.0088 0.0057 0.0137 0.0124 0.0059 0.0047 0.0059 0.0061 0.0030 0.0048 
 H071.4_2003  2 0.0065 0.0130 0.0094 0.0098 0.8454 0.0060 0.0043 0.0049 0.0050 0.0161 0.0047 0.0026 0.0181 0.0042 0.0049 0.0151 0.0063 0.0032 0.0033 0.0054 0.0070 0.0049 
 H071.5_2002  2 0.0031 0.0041 0.0052 0.0036 0.9071 0.0033 0.0052 0.0036 0.0038 0.0042 0.0053 0.0036 0.0051 0.0030 0.0062 0.0091 0.0053 0.0036 0.0047 0.0043 0.0034 0.0032 
 H071.5_2003  2 0.0097 0.0178 0.0149 0.0177 0.4916 0.0094 0.0040 0.0092 0.0126 0.1801 0.0079 0.0035 0.0583 0.0054 0.0303 0.0412 0.0269 0.0130 0.0041 0.0229 0.0075 0.0119 
 H071.6_2002  2 0.0038 0.0163 0.0051 0.0064 0.8297 0.0106 0.0032 0.0063 0.0047 0.0074 0.0057 0.0038 0.0068 0.0043 0.0071 0.0472 0.0107 0.0033 0.0045 0.0048 0.0033 0.0051 
 H071.6_2003  2 0.0048 0.0145 0.0067 0.0081 0.7401 0.0042 0.0037 0.0083 0.0096 0.0323 0.0061 0.0033 0.0381 0.0045 0.0203 0.0149 0.0096 0.0143 0.0053 0.0391 0.0045 0.0078 
 H071.7_2002  2 0.0052 0.0099 0.0034 0.0130 0.8473 0.0057 0.0032 0.0052 0.0040 0.0331 0.0073 0.0041 0.0048 0.0047 0.0048 0.0067 0.0114 0.0073 0.0041 0.0063 0.0034 0.0049 
 H071.7_2003  2 0.0056 0.0108 0.0172 0.0122 0.6755 0.0035 0.0041 0.0093 0.0111 0.0638 0.0094 0.0045 0.0709 0.0038 0.0236 0.0167 0.0098 0.0121 0.0040 0.0127 0.0109 0.0085 
      H071.8  2 0.0066 0.0067 0.0038 0.0051 0.8585 0.0113 0.0032 0.0083 0.0071 0.0176 0.0088 0.0063 0.0048 0.0095 0.0055 0.0054 0.0037 0.0083 0.0053 0.0043 0.0040 0.0059 
      H071.9  2 0.0063 0.0162 0.0078 0.0064 0.6143 0.0325 0.0065 0.0125 0.0193 0.0062 0.0115 0.0117 0.0134 0.0168 0.1426 0.0163 0.0129 0.0110 0.0140 0.0122 0.0040 0.0054 
 H081.1_2002  2 0.0044 0.0124 0.0087 0.0164 0.7511 0.0049 0.0081 0.0051 0.0090 0.0785 0.0249 0.0039 0.0089 0.0075 0.0043 0.0057 0.0068 0.0125 0.0069 0.0083 0.0069 0.0049 
 H081.1_2003  2 0.0131 0.0426 0.0113 0.3095 0.0351 0.0119 0.0115 0.0263 0.0065 0.0944 0.0110 0.1746 0.0393 0.0169 0.0106 0.0081 0.0168 0.0515 0.0645 0.0162 0.0085 0.0198 
 H081.2_2002  2 0.0070 0.0068 0.0068 0.0190 0.7062 0.0039 0.0044 0.0074 0.0081 0.0652 0.0993 0.0051 0.0036 0.0064 0.0059 0.0036 0.0061 0.0108 0.0060 0.0099 0.0037 0.0048 
 H081.2_2003  2 0.0099 0.0333 0.0088 0.0085 0.0195 0.0262 0.0301 0.0113 0.0089 0.0473 0.0487 0.0075 0.6345 0.0061 0.0121 0.0164 0.0049 0.0170 0.0248 0.0115 0.0059 0.0070 
 H081.3_2002  2 0.0240 0.0073 0.0068 0.0049 0.7998 0.0119 0.0051 0.0165 0.0049 0.0154 0.0295 0.0061 0.0086 0.0059 0.0086 0.0049 0.0044 0.0086 0.0061 0.0116 0.0042 0.0049 
 H081.3_2003  2 0.0132 0.0241 0.0133 0.0090 0.0160 0.0438 0.0140 0.0681 0.0169 0.0092 0.0263 0.0118 0.5008 0.0097 0.1147 0.0171 0.0084 0.0211 0.0301 0.0100 0.0066 0.0157 
 H081.4_2002  2 0.0068 0.0143 0.0077 0.0112 0.7584 0.0095 0.0059 0.0047 0.0077 0.0650 0.0075 0.0044 0.0138 0.0054 0.0056 0.0169 0.0067 0.0064 0.0125 0.0166 0.0061 0.0068 
 H081.4_2003  2 0.0086 0.0234 0.0253 0.0739 0.0179 0.0178 0.0141 0.0212 0.0136 0.0375 0.0238 0.0160 0.3229 0.0111 0.0193 0.0121 0.0087 0.0930 0.1616 0.0431 0.0084 0.0268 
 H081.5_2002  2 0.0086 0.0102 0.0041 0.0158 0.7108 0.0079 0.0058 0.0064 0.0068 0.1188 0.0083 0.0042 0.0162 0.0052 0.0056 0.0098 0.0062 0.0104 0.0105 0.0167 0.0056 0.0058 
 H081.5_2003  2 0.0119 0.0233 0.0145 0.2912 0.0223 0.0114 0.0116 0.0202 0.0058 0.1418 0.0381 0.0236 0.0528 0.0263 0.0153 0.0066 0.0229 0.0841 0.0629 0.0806 0.0084 0.0243 
      H081.6  2 0.0041 0.0179 0.0068 0.0259 0.5556 0.0039 0.0058 0.0051 0.0085 0.2635 0.0193 0.0047 0.0099 0.0083 0.0051 0.0070 0.0099 0.0110 0.0054 0.0100 0.0057 0.0066 
      H081.7  2 0.0081 0.0108 0.0115 0.0079 0.6555 0.0113 0.0066 0.0120 0.0070 0.0659 0.1192 0.0038 0.0101 0.0072 0.0058 0.0081 0.0035 0.0075 0.0084 0.0204 0.0037 0.0057 
      H081.8  2 0.0066 0.0134 0.0123 0.0096 0.7122 0.0488 0.0160 0.0091 0.0085 0.0135 0.0101 0.0112 0.0376 0.0122 0.0092 0.0109 0.0060 0.0082 0.0191 0.0138 0.0051 0.0064 
      H083.1  2 0.0142 0.0226 0.0047 0.0374 0.7104 0.0075 0.0366 0.0035 0.0110 0.0142 0.0086 0.0106 0.0096 0.0073 0.0078 0.0072 0.0194 0.0049 0.0316 0.0093 0.0085 0.0131 
      H083.2  2 0.0217 0.0062 0.0081 0.0134 0.8081 0.0058 0.0125 0.0086 0.0166 0.0051 0.0083 0.0049 0.0044 0.0037 0.0293 0.0044 0.0083 0.0097 0.0076 0.0048 0.0036 0.0048 
      H083.4  2 0.0122 0.0097 0.0103 0.0089 0.7732 0.0275 0.0516 0.0077 0.0157 0.0061 0.0111 0.0090 0.0042 0.0035 0.0104 0.0089 0.0053 0.0047 0.0083 0.0043 0.0034 0.0039 
      H083.5  2 0.0194 0.0126 0.0070 0.0289 0.6221 0.0106 0.1189 0.0043 0.0157 0.0128 0.0164 0.0277 0.0071 0.0150 0.0075 0.0062 0.0095 0.0076 0.0238 0.0058 0.0109 0.0103 
      H083.6  2 0.0074 0.0371 0.0109 0.0289 0.5305 0.0382 0.1534 0.0051 0.0209 0.0302 0.0137 0.0107 0.0129 0.0152 0.0051 0.0103 0.0082 0.0066 0.0262 0.0081 0.0112 0.0092 
      H083.7  2 0.0087 0.0076 0.0292 0.0066 0.6717 0.0229 0.1371 0.0107 0.0242 0.0055 0.0105 0.0073 0.0044 0.0061 0.0067 0.0088 0.0066 0.0051 0.0070 0.0040 0.0052 0.0042 
      H083.8  2 0.0258 0.0087 0.0080 0.0099 0.8061 0.0046 0.0129 0.0079 0.0289 0.0047 0.0088 0.0052 0.0035 0.0039 0.0224 0.0044 0.0064 0.0062 0.0074 0.0053 0.0029 0.0062 
      H083.9  2 0.0187 0.0120 0.0064 0.0216 0.6084 0.0096 0.1792 0.0027 0.0107 0.0185 0.0104 0.0104 0.0071 0.0121 0.0048 0.0048 0.0064 0.0075 0.0196 0.0072 0.0131 0.0087 
      H084.1  2 0.0104 0.0172 0.0095 0.0060 0.0098 0.0164 0.0066 0.0081 0.0194 0.0046 0.0072 0.0564 0.6479 0.0150 0.0826 0.0053 0.0113 0.0081 0.0342 0.0078 0.0042 0.0122 
      H084.2  2 0.0045 0.0169 0.0064 0.0108 0.0100 0.0113 0.0046 0.0124 0.0122 0.0037 0.0034 0.0627 0.5331 0.0052 0.2038 0.0116 0.0057 0.0063 0.0504 0.0092 0.0034 0.0122 
      H084.3  2 0.0141 0.0096 0.0811 0.0395 0.0065 0.0069 0.0118 0.0125 0.0090 0.0089 0.0065 0.2387 0.3552 0.0287 0.0216 0.0060 0.0441 0.0074 0.0235 0.0206 0.0301 0.0177 
      H084.4  2 0.0236 0.0253 0.0191 0.0657 0.0072 0.0118 0.0050 0.0212 0.0077 0.0117 0.0052 0.2012 0.3431 0.0690 0.0216 0.0085 0.0172 0.0078 0.0520 0.0508 0.0155 0.0097 
      H084.5  2 0.0205 0.0087 0.0163 0.0283 0.0047 0.0123 0.0057 0.0077 0.0052 0.0075 0.0090 0.0344 0.5280 0.0809 0.0175 0.0071 0.1553 0.0061 0.0088 0.0195 0.0049 0.0117 
      H084.6  2 0.0174 0.0040 0.0311 0.0111 0.0061 0.0126 0.0376 0.0114 0.0059 0.0050 0.0073 0.0609 0.6214 0.0531 0.0163 0.0051 0.0567 0.0045 0.0065 0.0096 0.0101 0.0063 
      H084.7  2 0.0048 0.0197 0.0083 0.0084 0.0078 0.0204 0.0062 0.0056 0.0105 0.0047 0.0055 0.0119 0.6980 0.0099 0.0804 0.0122 0.0050 0.0060 0.0548 0.0092 0.0048 0.0060 
      H084.8  2 0.0295 0.0067 0.0211 0.0168 0.0051 0.0157 0.0076 0.0064 0.0073 0.0106 0.0067 0.0558 0.5976 0.1192 0.0123 0.0041 0.0332 0.0058 0.0087 0.0113 0.0085 0.0100 
 H085.1_2002  2 0.0057 0.0257 0.0065 0.0071 0.0264 0.0056 0.0090 0.0067 0.0034 0.0250 0.7474 0.0116 0.0144 0.0055 0.0155 0.0071 0.0118 0.0152 0.0310 0.0056 0.0055 0.0084 
 H085.1_2003  2 0.0108 0.0371 0.0117 0.0061 0.0341 0.0164 0.0561 0.0113 0.0160 0.5932 0.0518 0.0156 0.0086 0.0090 0.0371 0.0135 0.0053 0.0078 0.0320 0.0145 0.0075 0.0046 
 H085.2_2002  2 0.0055 0.0413 0.0189 0.0272 0.0390 0.0135 0.1367 0.0905 0.0072 0.0172 0.1869 0.0762 0.0143 0.0195 0.0228 0.0442 0.0127 0.1505 0.0454 0.0156 0.0082 0.0069 
 H085.2_2003  2 0.0185 0.0263 0.0078 0.0090 0.0561 0.0195 0.0346 0.0104 0.0081 0.6209 0.0160 0.0086 0.0127 0.0078 0.0327 0.0142 0.0074 0.0122 0.0348 0.0184 0.0141 0.0097 
 H085.3_2002  2 0.0060 0.0159 0.0069 0.0153 0.0054 0.0033 0.0190 0.0242 0.0057 0.1028 0.6170 0.0039 0.0043 0.0102 0.0131 0.0119 0.0036 0.0621 0.0160 0.0320 0.0140 0.0075 
 H085.3_2003  2 0.0035 0.0049 0.0034 0.0051 0.0076 0.0031 0.0033 0.0036 0.0044 0.9069 0.0058 0.0026 0.0044 0.0045 0.0039 0.0061 0.0027 0.0034 0.0040 0.0084 0.0047 0.0038 
 H085.4_2002  2 0.0064 0.0540 0.0192 0.0080 0.1194 0.0099 0.0190 0.0480 0.0098 0.0599 0.3607 0.0404 0.0196 0.0162 0.0314 0.0423 0.0145 0.0589 0.0286 0.0130 0.0096 0.0110 
 H085.4_2003  2 0.0081 0.0060 0.0183 0.0131 0.2699 0.0045 0.0074 0.0127 0.0039 0.3663 0.0101 0.0073 0.0199 0.0187 0.0088 0.0111 0.0303 0.0302 0.0786 0.0298 0.0333 0.0118 
 H085.5_2002  2 0.0054 0.0083 0.0061 0.0053 0.0058 0.0030 0.0042 0.0081 0.0062 0.1744 0.6676 0.0051 0.0039 0.0081 0.0080 0.0089 0.0038 0.0267 0.0079 0.0212 0.0058 0.0062 
 H085.5_2003  2 0.0068 0.0186 0.0055 0.0053 0.0536 0.0078 0.0284 0.0061 0.0048 0.7456 0.0130 0.0059 0.0161 0.0033 0.0116 0.0161 0.0059 0.0048 0.0129 0.0096 0.0110 0.0072 
 H085.6_2002  2 0.0090 0.0429 0.0054 0.0130 0.0084 0.0061 0.0177 0.0192 0.0044 0.0486 0.6730 0.0074 0.0057 0.0062 0.0370 0.0066 0.0070 0.0334 0.0238 0.0155 0.0052 0.0047 
 H085.6_2003  2 0.0118 0.0067 0.0098 0.0207 0.0114 0.0066 0.0038 0.0154 0.0090 0.5606 0.0102 0.0049 0.0068 0.0201 0.0109 0.0088 0.0052 0.0236 0.0147 0.2218 0.0070 0.0105 
 H085.7_2002  2 0.0244 0.0235 0.0119 0.0663 0.0398 0.0113 0.0560 0.0338 0.0072 0.0953 0.2941 0.0138 0.0122 0.0122 0.0098 0.0144 0.0056 0.1478 0.0634 0.0238 0.0233 0.0100 
 H085.7_2003  2 0.0077 0.0134 0.0089 0.0051 0.0552 0.0058 0.0065 0.0104 0.0097 0.7616 0.0077 0.0056 0.0074 0.0085 0.0138 0.0206 0.0048 0.0095 0.0100 0.0145 0.0051 0.0082 
 H085.8_2002  2 0.0049 0.0115 0.0125 0.0591 0.0115 0.0111 0.0141 0.1159 0.0122 0.2499 0.0936 0.0173 0.0106 0.0329 0.0130 0.1133 0.0061 0.0960 0.0137 0.0887 0.0061 0.0061 
 H085.8_2003  2 0.0267 0.0168 0.0206 0.0113 0.0785 0.0061 0.0858 0.0144 0.0051 0.2119 0.0366 0.0128 0.0128 0.0114 0.0422 0.0151 0.0149 0.0383 0.2517 0.0442 0.0285 0.0142 
      H085.9  2 0.0072 0.0089 0.0101 0.0136 0.0249 0.0093 0.0149 0.0063 0.0061 0.1487 0.5397 0.0236 0.0118 0.0079 0.0178 0.0143 0.0115 0.0469 0.0398 0.0165 0.0109 0.0093 
      H088.1  2 0.0099 0.0131 0.0195 0.0063 0.0081 0.0492 0.0127 0.0087 0.1039 0.0059 0.0187 0.0075 0.0063 0.0126 0.0079 0.0126 0.0040 0.0153 0.6402 0.0060 0.0222 0.0095 
      H088.2  2 0.0103 0.0160 0.0161 0.0200 0.0063 0.0122 0.0096 0.0102 0.0163 0.0035 0.0201 0.0082 0.0058 0.0115 0.0080 0.0066 0.0094 0.0158 0.7673 0.0098 0.0098 0.0071 
      H088.3  2 0.0129 0.0103 0.0082 0.0152 0.0053 0.0190 0.0088 0.0115 0.0203 0.0048 0.0099 0.0066 0.0043 0.0116 0.0075 0.0065 0.0088 0.0107 0.7908 0.0087 0.0092 0.0090 
      H088.4  2 0.0040 0.0076 0.0030 0.0055 0.0052 0.0088 0.0028 0.0060 0.0199 0.0048 0.0038 0.0038 0.0105 0.0054 0.0079 0.0056 0.0057 0.0061 0.8575 0.0092 0.0110 0.0056 
      H088.5  2 0.0062 0.0048 0.0045 0.0042 0.0043 0.0109 0.0043 0.0074 0.0148 0.0033 0.0043 0.0055 0.0061 0.0066 0.0052 0.0063 0.0044 0.0066 0.8717 0.0045 0.0093 0.0049 
      H088.6  2 0.0082 0.0074 0.0050 0.0059 0.0088 0.0240 0.0044 0.0056 0.0272 0.0060 0.0045 0.0040 0.0067 0.0080 0.0045 0.0081 0.0048 0.0059 0.8286 0.0064 0.0090 0.0070 
      H088.7  2 0.0126 0.0078 0.0049 0.0072 0.0070 0.0092 0.0045 0.0036 0.0089 0.0088 0.0054 0.0042 0.0050 0.0085 0.0107 0.0033 0.0075 0.0055 0.8533 0.0093 0.0077 0.0049 
      H088.8  2 0.0118 0.0097 0.0073 0.0062 0.0150 0.0301 0.0057 0.0050 0.0492 0.0150 0.0060 0.0054 0.0075 0.0059 0.0061 0.0114 0.0046 0.0067 0.7650 0.0068 0.0145 0.0052 
      H091.1  2 0.0091 0.0150 0.0070 0.0032 0.0057 0.0039 0.0127 0.0074 0.0089 0.1958 0.0068 0.0070 0.0073 0.0097 0.0156 0.0479 0.0072 0.0069 0.3599 0.0189 0.2332 0.0109 
      H091.2  2 0.0143 0.0282 0.0178 0.0044 0.0100 0.0052 0.0235 0.0068 0.0092 0.1466 0.0063 0.0048 0.0043 0.0101 0.0176 0.0620 0.0103 0.0120 0.5662 0.0101 0.0211 0.0093 
      H109.1  2 0.1344 0.0476 0.0110 0.0073 0.0176 0.0760 0.0878 0.0069 0.0092 0.0053 0.0315 0.0316 0.0450 0.0257 0.3373 0.0193 0.0542 0.0116 0.0070 0.0111 0.0113 0.0112 
      H109.2  2 0.0405 0.1226 0.0277 0.0147 0.0433 0.0113 0.0131 0.0071 0.0104 0.0084 0.0057 0.0185 0.3537 0.0145 0.1581 0.0173 0.0333 0.0180 0.0124 0.0498 0.0142 0.0054 
      H109.3  2 0.1457 0.0993 0.0162 0.0188 0.0159 0.0114 0.0094 0.0079 0.0139 0.0124 0.0040 0.0104 0.0625 0.0460 0.3392 0.0279 0.0072 0.0085 0.0178 0.0850 0.0135 0.0272 
      H109.4  2 0.0323 0.0692 0.0150 0.0090 0.0095 0.0503 0.0107 0.0097 0.0217 0.0127 0.0076 0.0185 0.1303 0.0170 0.3505 0.0893 0.0125 0.0134 0.0084 0.0338 0.0703 0.0083 
      H109.5  2 0.0329 0.1891 0.0096 0.0176 0.0548 0.0058 0.0050 0.0041 0.0227 0.0540 0.0061 0.0041 0.0672 0.1567 0.1507 0.0082 0.0159 0.0101 0.0629 0.0923 0.0161 0.0141 
      H109.6  2 0.0999 0.0286 0.0430 0.0243 0.0289 0.1047 0.0142 0.0126 0.0149 0.0138 0.0096 0.0209 0.2669 0.0264 0.1253 0.0203 0.0414 0.0282 0.0077 0.0469 0.0087 0.0127 
      H126.1  2 0.0126 0.2036 0.0076 0.0134 0.0074 0.0291 0.0072 0.1642 0.0560 0.0059 0.1010 0.0094 0.0075 0.0102 0.0344 0.0616 0.1327 0.0498 0.0231 0.0176 0.0140 0.0316 
      H126.2  2 0.0409 0.5494 0.0068 0.0111 0.0417 0.0089 0.0180 0.0600 0.0169 0.0161 0.0427 0.0322 0.0102 0.0049 0.0067 0.0532 0.0149 0.0097 0.0070 0.0222 0.0131 0.0134 
      H126.3  2 0.0066 0.5649 0.0039 0.0046 0.0253 0.0119 0.0092 0.0083 0.0122 0.0052 0.0079 0.0061 0.0033 0.0053 0.0098 0.0077 0.2296 0.0069 0.0524 0.0037 0.0099 0.0054 
      H126.4  2 0.0099 0.1240 0.0070 0.0098 0.0110 0.0112 0.0097 0.2838 0.3427 0.0065 0.0100 0.0138 0.0074 0.0080 0.0067 0.0455 0.0187 0.0225 0.0187 0.0120 0.0104 0.0105 
      H126.5  2 0.0063 0.3640 0.0093 0.0327 0.1069 0.0125 0.0078 0.0592 0.0220 0.0195 0.0287 0.0052 0.0052 0.0055 0.0061 0.0830 0.0924 0.0584 0.0090 0.0342 0.0061 0.0259 
      H126.6  2 0.0105 0.6320 0.0039 0.0140 0.0899 0.0046 0.0039 0.0101 0.0096 0.0187 0.0392 0.0043 0.0039 0.0037 0.0066 0.0063 0.0917 0.0090 0.0165 0.0100 0.0049 0.0066 
      H126.7  2 0.0062 0.0787 0.0075 0.0247 0.5241 0.0066 0.0063 0.0071 0.0549 0.0333 0.0614 0.0030 0.0062 0.0039 0.0067 0.0349 0.0149 0.0059 0.0801 0.0154 0.0105 0.0075 
      H130.1  2 0.0165 0.0344 0.0099 0.0162 0.0064 0.0177 0.0116 0.0646 0.0125 0.0092 0.0073 0.0075 0.0116 0.0094 0.0206 0.0126 0.0070 0.6176 0.0423 0.0180 0.0153 0.0320 
      H130.2  2 0.0380 0.0466 0.0208 0.0412 0.0295 0.0659 0.0528 0.0178 0.0057 0.0314 0.0138 0.0082 0.2864 0.0117 0.0392 0.0087 0.0057 0.1596 0.0374 0.0284 0.0120 0.0393 
      H130.3  2 0.0213 0.0325 0.0146 0.1371 0.0244 0.0157 0.0050 0.0281 0.0127 0.0127 0.0061 0.0039 0.0754 0.0044 0.0357 0.0112 0.0053 0.0834 0.0430 0.0104 0.0414 0.3756 
      H130.4  2 0.0171 0.0324 0.0164 0.0153 0.0104 0.0351 0.0227 0.0396 0.0079 0.0053 0.0156 0.0187 0.0358 0.0052 0.0630 0.0107 0.0061 0.4570 0.0402 0.0072 0.0170 0.1215 
      H130.5  2 0.0104 0.0313 0.0239 0.0624 0.0383 0.0119 0.0145 0.0242 0.0061 0.0201 0.0197 0.0058 0.0834 0.0068 0.0159 0.0109 0.0044 0.4948 0.0709 0.0177 0.0144 0.0121 
      H133.1  2 0.0110 0.0120 0.0062 0.0095 0.0096 0.0053 0.0060 0.0141 0.0344 0.0098 0.0086 0.0200 0.0121 0.0084 0.7619 0.0056 0.0059 0.0191 0.0089 0.0104 0.0057 0.0155 
      H133.2  2 0.0196 0.0591 0.0050 0.0130 0.0049 0.0131 0.0056 0.0195 0.0109 0.0229 0.0295 0.0071 0.0547 0.0113 0.5494 0.0045 0.0131 0.0562 0.0273 0.0487 0.0075 0.0171 
      H133.3  2 0.0133 0.0410 0.0067 0.0051 0.0080 0.0055 0.0087 0.0076 0.0328 0.0130 0.0165 0.0260 0.0118 0.0098 0.7065 0.0071 0.0051 0.0185 0.0299 0.0078 0.0046 0.0149 
      H133.4  2 0.0153 0.0066 0.0059 0.0105 0.0086 0.0064 0.0046 0.0078 0.0082 0.0154 0.0099 0.0086 0.0085 0.0138 0.8177 0.0041 0.0053 0.0124 0.0083 0.0101 0.0045 0.0076 
      H133.5  2 0.0046 0.0337 0.0039 0.0128 0.0037 0.0076 0.0082 0.0093 0.0100 0.0081 0.0221 0.0077 0.0116 0.0051 0.7735 0.0077 0.0051 0.0096 0.0351 0.0088 0.0035 0.0083 
      H133.6  2 0.0085 0.0131 0.0087 0.0183 0.0073 0.0144 0.0108 0.0526 0.0115 0.0047 0.0252 0.0059 0.0195 0.0089 0.6360 0.0066 0.0073 0.0242 0.0688 0.0294 0.0075 0.0108 
      H133.7  2 0.0281 0.0067 0.0138 0.0072 0.0103 0.0037 0.0056 0.0100 0.0091 0.0166 0.0176 0.0257 0.0062 0.0267 0.7324 0.0037 0.0052 0.0218 0.0084 0.0271 0.0071 0.0072 
      H133.8  2 0.0113 0.0347 0.0040 0.0063 0.0053 0.0049 0.0085 0.0073 0.0070 0.0058 0.0491 0.0143 0.0080 0.0217 0.7462 0.0111 0.0068 0.0173 0.0085 0.0053 0.0047 0.0117 
      H133.9  2 0.0088 0.0100 0.0052 0.0087 0.0073 0.0041 0.0069 0.0208 0.0414 0.0116 0.0078 0.0213 0.0082 0.0048 0.7591 0.0057 0.0050 0.0188 0.0100 0.0121 0.0063 0.0161 
      H147.1  2 0.0091 0.0118 0.0094 0.0295 0.0100 0.0051 0.0082 0.0070 0.0046 0.7787 0.0124 0.0059 0.0164 0.0247 0.0043 0.0030 0.0086 0.0125 0.0061 0.0153 0.0140 0.0035 
      H147.2  2 0.0038 0.0059 0.0041 0.0388 0.0458 0.0033 0.0037 0.0058 0.0034 0.8150 0.0088 0.0043 0.0068 0.0053 0.0051 0.0038 0.0051 0.0052 0.0068 0.0092 0.0058 0.0044 
      H147.3  2 0.0041 0.0077 0.0045 0.0195 0.0120 0.0028 0.0040 0.0052 0.0063 0.8683 0.0102 0.0038 0.0044 0.0055 0.0044 0.0043 0.0066 0.0050 0.0040 0.0079 0.0044 0.0050 
      H147.4  2 0.0033 0.0036 0.0026 0.0052 0.0053 0.0025 0.0037 0.0027 0.0033 0.9244 0.0039 0.0047 0.0060 0.0029 0.0027 0.0029 0.0036 0.0032 0.0029 0.0034 0.0040 0.0035 
      H147.5  2 0.0080 0.0139 0.0059 0.0288 0.0265 0.0066 0.0133 0.0048 0.0098 0.7205 0.0096 0.0044 0.0420 0.0085 0.0033 0.0067 0.0115 0.0069 0.0126 0.0227 0.0277 0.0060 
      H147.6  2 0.0073 0.0178 0.0035 0.0218 0.0153 0.0064 0.0094 0.0039 0.0062 0.7342 0.0068 0.0052 0.0497 0.0063 0.0035 0.0078 0.0124 0.0051 0.0277 0.0220 0.0208 0.0068 
      H147.7  2 0.0064 0.0056 0.0057 0.0075 0.0097 0.0033 0.0081 0.0033 0.0074 0.8781 0.0045 0.0051 0.0146 0.0046 0.0029 0.0041 0.0056 0.0033 0.0027 0.0071 0.0055 0.0048 
      H147.8  2 0.0061 0.0107 0.0029 0.0081 0.0246 0.0065 0.0092 0.0026 0.0038 0.8197 0.0060 0.0078 0.0269 0.0060 0.0043 0.0047 0.0077 0.0031 0.0153 0.0064 0.0134 0.0042 
      H147.9  2 0.0046 0.0059 0.0037 0.0114 0.0133 0.0033 0.0038 0.0042 0.0053 0.8839 0.0068 0.0030 0.0054 0.0059 0.0042 0.0037 0.0054 0.0053 0.0035 0.0097 0.0037 0.0039 
      H148.1  2 0.0200 0.0341 0.0380 0.0551 0.0080 0.1142 0.0302 0.0779 0.0138 0.0262 0.0085 0.0470 0.0523 0.0694 0.0272 0.0116 0.0452 0.1942 0.0184 0.0635 0.0398 0.0054 
      H148.2  2 0.0104 0.0580 0.1587 0.0206 0.0102 0.0710 0.0201 0.0237 0.0195 0.0170 0.0204 0.0401 0.0200 0.2520 0.0232 0.0073 0.0752 0.1098 0.0098 0.0155 0.0121 0.0056 
      H148.3  2 0.0182 0.0059 0.2825 0.0089 0.0061 0.0189 0.0076 0.0121 0.0092 0.0264 0.0095 0.0396 0.0175 0.3992 0.0104 0.0201 0.0160 0.0235 0.0103 0.0148 0.0272 0.0161 
      H148.4  2 0.0108 0.0122 0.0513 0.0796 0.0095 0.2753 0.0074 0.0496 0.0140 0.0249 0.0143 0.0333 0.0093 0.1498 0.0109 0.0084 0.0280 0.1440 0.0074 0.0277 0.0238 0.0084 
      H148.5  2 0.0097 0.0060 0.5172 0.0210 0.0073 0.1833 0.0072 0.0087 0.0194 0.0109 0.0076 0.0318 0.0251 0.0420 0.0048 0.0075 0.0201 0.0137 0.0169 0.0053 0.0282 0.0063 
      H148.6  2 0.0079 0.0162 0.2862 0.0132 0.0064 0.1020 0.0275 0.0145 0.0067 0.0302 0.0136 0.0910 0.0122 0.1803 0.0087 0.0051 0.0247 0.0807 0.0096 0.0190 0.0408 0.0037 
      H148.7  2 0.0258 0.0163 0.1404 0.0344 0.0057 0.2239 0.0108 0.0129 0.0623 0.0170 0.0070 0.0326 0.0186 0.1517 0.0207 0.0150 0.0394 0.0581 0.0218 0.0155 0.0552 0.0152 
      H148.8  2 0.0044 0.0070 0.3822 0.0260 0.0056 0.0498 0.0052 0.0127 0.0069 0.0133 0.0060 0.0227 0.0066 0.1344 0.0046 0.0058 0.0083 0.1736 0.0138 0.0114 0.0941 0.0055 
      H148.9  2 0.0526 0.0315 0.1427 0.0139 0.0071 0.0581 0.0179 0.0149 0.0190 0.0176 0.0561 0.1151 0.0178 0.0440 0.0258 0.0292 0.1483 0.1299 0.0079 0.0133 0.0249 0.0125 
   H166022.1  2 0.0102 0.0236 0.0088 0.0437 0.0071 0.0049 0.0595 0.0071 0.0041 0.0572 0.0135 0.0107 0.0356 0.0261 0.0091 0.0046 0.0098 0.0113 0.3151 0.0071 0.3260 0.0049 
   H166022.2  2 0.0222 0.0171 0.0107 0.2445 0.0234 0.0210 0.0437 0.0062 0.0100 0.0436 0.0151 0.0132 0.1027 0.0202 0.0066 0.0085 0.0140 0.0131 0.1747 0.0350 0.1428 0.0119 
   H166022.3  2 0.0097 0.0150 0.0114 0.0288 0.0038 0.0174 0.0675 0.0041 0.0085 0.0089 0.0049 0.0035 0.0108 0.0062 0.0077 0.0086 0.0060 0.0154 0.1753 0.0100 0.5706 0.0061 
   H166022.4  2 0.0087 0.0089 0.0050 0.0969 0.0047 0.0179 0.0216 0.0053 0.0120 0.0100 0.0040 0.0055 0.0114 0.0054 0.0068 0.0156 0.0059 0.0063 0.6284 0.0068 0.1052 0.0076 
   H166022.5  2 0.0077 0.0158 0.0075 0.1636 0.0072 0.0112 0.0248 0.0045 0.0063 0.0164 0.0047 0.0044 0.0879 0.0073 0.0087 0.0073 0.0070 0.0068 0.4285 0.0120 0.1498 0.0106 
   H166022.6  2 0.0317 0.0149 0.0052 0.0599 0.0053 0.0082 0.0282 0.0142 0.0085 0.0453 0.0092 0.0176 0.0235 0.0111 0.0181 0.0082 0.0081 0.0312 0.2494 0.0140 0.3787 0.0093 
   H166022.7  2 0.0059 0.0079 0.0032 0.0039 0.0093 0.8690 0.0035 0.0059 0.0075 0.0064 0.0041 0.0048 0.0129 0.0068 0.0065 0.0049 0.0054 0.0059 0.0080 0.0067 0.0043 0.0073 
   H166022.8  2 0.0140 0.0225 0.0074 0.3964 0.0063 0.0067 0.0346 0.0292 0.0070 0.0776 0.0166 0.0068 0.0711 0.0099 0.0108 0.0051 0.0064 0.0693 0.0482 0.0356 0.1047 0.0139 
   H167397.1  2 0.0072 0.0094 0.0112 0.0172 0.0177 0.0102 0.0050 0.0155 0.0070 0.2151 0.0045 0.4220 0.0194 0.0293 0.0070 0.0102 0.0148 0.0064 0.0251 0.0183 0.1222 0.0052 
   H167397.2  2 0.0079 0.0523 0.0083 0.0521 0.0084 0.0099 0.0230 0.0110 0.0056 0.2272 0.0245 0.4401 0.0079 0.0139 0.0094 0.0069 0.0104 0.0480 0.0108 0.0114 0.0045 0.0064 
   H167397.3  2 0.0073 0.0244 0.0084 0.0160 0.0310 0.0058 0.0078 0.0208 0.0055 0.1484 0.0041 0.5464 0.0149 0.0161 0.0104 0.0067 0.0286 0.0144 0.0231 0.0063 0.0453 0.0082 
   H167397.4  2 0.0276 0.0271 0.0101 0.0124 0.0149 0.0114 0.0189 0.0036 0.0091 0.1203 0.0199 0.5440 0.0095 0.0821 0.0168 0.0076 0.0118 0.0173 0.0119 0.0064 0.0077 0.0094 
   H167397.5  2 0.0063 0.0183 0.0126 0.0254 0.0124 0.0228 0.0099 0.0100 0.0069 0.1480 0.0067 0.5306 0.0176 0.0284 0.0115 0.0166 0.0059 0.0177 0.0324 0.0326 0.0225 0.0050 
   H167397.6  2 0.0117 0.0230 0.0082 0.0097 0.0283 0.0074 0.0075 0.0089 0.0222 0.0585 0.0115 0.5416 0.0066 0.0362 0.0221 0.0101 0.0816 0.0268 0.0290 0.0094 0.0246 0.0149 
   H167496.1  2 0.0129 0.0225 0.0475 0.0302 0.0199 0.0074 0.0219 0.0132 0.0295 0.0054 0.0053 0.0076 0.0151 0.0361 0.0720 0.0811 0.0153 0.0201 0.4559 0.0345 0.0298 0.0169 
   H167496.2  2 0.0495 0.0287 0.0725 0.0450 0.1143 0.0582 0.0097 0.0198 0.0248 0.0115 0.0090 0.0142 0.0204 0.0290 0.0406 0.0308 0.0627 0.0166 0.0976 0.2290 0.0059 0.0103 
   H167496.3  2 0.0314 0.0150 0.1025 0.0395 0.0209 0.0054 0.0688 0.0170 0.0479 0.0974 0.0830 0.0053 0.0055 0.0139 0.0293 0.0356 0.0081 0.0905 0.1603 0.0477 0.0464 0.0284 
   H167496.4  2 0.0061 0.0086 0.0038 0.0088 0.0068 0.0047 0.0048 0.0028 0.0057 0.0154 0.0061 0.0035 0.0063 0.0042 0.0037 0.0062 0.0060 0.0043 0.8720 0.0083 0.0076 0.0045 
   H167496.6  2 0.0075 0.0083 0.0040 0.0708 0.0100 0.0063 0.0048 0.0049 0.0222 0.0657 0.0077 0.0049 0.0103 0.0068 0.0078 0.0065 0.0119 0.0064 0.4454 0.2632 0.0111 0.0135 
   H167496.7  2 0.0271 0.0387 0.1105 0.0480 0.0112 0.0048 0.0299 0.0343 0.0087 0.0150 0.0061 0.0062 0.0116 0.0221 0.0302 0.0801 0.0553 0.0946 0.0342 0.2187 0.0926 0.0202 
   H167496.8  2 0.0093 0.0080 0.0055 0.0294 0.0137 0.0059 0.0066 0.0041 0.0058 0.0411 0.0058 0.0050 0.0166 0.0098 0.0075 0.0067 0.0228 0.0080 0.5150 0.2608 0.0064 0.0064 
   H167513.1  2 0.8540 0.0123 0.0043 0.0099 0.0048 0.0095 0.0075 0.0062 0.0041 0.0086 0.0047 0.0063 0.0082 0.0053 0.0101 0.0049 0.0097 0.0077 0.0054 0.0066 0.0046 0.0052 
   H167513.2  2 0.8286 0.0049 0.0096 0.0054 0.0052 0.0044 0.0053 0.0080 0.0062 0.0069 0.0067 0.0153 0.0042 0.0148 0.0052 0.0054 0.0111 0.0114 0.0106 0.0138 0.0115 0.0052 
   H167513.3  2 0.8049 0.0134 0.0071 0.0186 0.0067 0.0052 0.0073 0.0051 0.0075 0.0126 0.0052 0.0053 0.0343 0.0039 0.0099 0.0064 0.0087 0.0052 0.0066 0.0047 0.0092 0.0122 
   H167513.4  2 0.6719 0.0092 0.0088 0.0207 0.0083 0.0077 0.0430 0.0069 0.0096 0.0070 0.0058 0.0090 0.0115 0.0114 0.0876 0.0045 0.0182 0.0122 0.0233 0.0102 0.0068 0.0066 
   H167513.5  2 0.8609 0.0037 0.0055 0.0049 0.0047 0.0039 0.0057 0.0069 0.0052 0.0064 0.0051 0.0109 0.0043 0.0144 0.0073 0.0037 0.0054 0.0087 0.0104 0.0116 0.0067 0.0039 
   H167513.6  2 0.7996 0.0084 0.0074 0.0209 0.0097 0.0076 0.0099 0.0086 0.0042 0.0059 0.0084 0.0076 0.0241 0.0062 0.0071 0.0050 0.0150 0.0068 0.0127 0.0054 0.0137 0.0059 
   H167513.7  2 0.8151 0.0091 0.0043 0.0082 0.0105 0.0062 0.0264 0.0034 0.0032 0.0073 0.0070 0.0199 0.0077 0.0040 0.0206 0.0051 0.0102 0.0068 0.0075 0.0060 0.0047 0.0068 
   H167513.8  2 0.8509 0.0068 0.0036 0.0119 0.0063 0.0078 0.0056 0.0044 0.0053 0.0091 0.0034 0.0118 0.0229 0.0034 0.0089 0.0055 0.0066 0.0031 0.0043 0.0059 0.0051 0.0073 
   H167547.1  2 0.0051 0.0060 0.0377 0.0069 0.0040 0.0070 0.0055 0.0171 0.0047 0.0063 0.0041 0.0065 0.0038 0.0082 0.0051 0.0058 0.0082 0.0220 0.0049 0.0143 0.8088 0.0082 
   H167547.2  2 0.0054 0.0047 0.0185 0.0077 0.0040 0.0030 0.0041 0.0100 0.0040 0.0086 0.0055 0.0069 0.0046 0.0106 0.0043 0.0052 0.0088 0.0120 0.0048 0.0091 0.8527 0.0055 
   H167547.3  2 0.0054 0.0041 0.0312 0.0053 0.0048 0.0035 0.0048 0.0086 0.0036 0.0071 0.0051 0.0052 0.0044 0.0088 0.0039 0.0054 0.0096 0.0110 0.0053 0.0096 0.8470 0.0062 
   H167547.4  2 0.0052 0.0093 0.0075 0.0053 0.0028 0.0045 0.0145 0.0104 0.0050 0.0049 0.0061 0.0053 0.0048 0.0043 0.0050 0.0096 0.0037 0.0104 0.0040 0.0053 0.8650 0.0070 
   H167547.5  2 0.0052 0.0046 0.1085 0.0048 0.0089 0.0078 0.0093 0.0145 0.0169 0.0065 0.0049 0.0097 0.0118 0.1343 0.0075 0.0122 0.0085 0.0058 0.0136 0.0055 0.5929 0.0063 
   H167547.6  2 0.0049 0.0037 0.0821 0.0059 0.0152 0.0077 0.0084 0.0115 0.0305 0.0059 0.0065 0.0130 0.0117 0.1505 0.0076 0.0132 0.0106 0.0053 0.0129 0.0060 0.5796 0.0074 
   H167547.7  2 0.0824 0.0172 0.2048 0.0127 0.0216 0.0375 0.0372 0.0154 0.0235 0.0248 0.0894 0.0148 0.0195 0.0285 0.0988 0.0316 0.0186 0.1123 0.0145 0.0241 0.0364 0.0344 
   H169750.1  2 0.0168 0.0323 0.0214 0.0062 0.0088 0.0083 0.0226 0.0153 0.0185 0.0068 0.0136 0.0098 0.0075 0.0059 0.5056 0.0193 0.0102 0.0381 0.0697 0.0903 0.0601 0.0129 
   H169750.2  2 0.0465 0.0081 0.0093 0.0462 0.0273 0.0132 0.0055 0.0144 0.0362 0.2090 0.0111 0.0192 0.0535 0.0478 0.1800 0.0077 0.0110 0.1072 0.0194 0.0658 0.0269 0.0346 
   H169750.3  2 0.0504 0.0273 0.0117 0.0047 0.0128 0.0170 0.0058 0.0079 0.0326 0.0057 0.0175 0.0045 0.0251 0.0073 0.6169 0.0084 0.0041 0.0124 0.0134 0.0683 0.0314 0.0146 
   H169750.4  2 0.0379 0.0227 0.0091 0.1182 0.0101 0.0129 0.0052 0.0124 0.0186 0.0251 0.0124 0.0617 0.0079 0.0300 0.2185 0.0086 0.0293 0.1153 0.0915 0.0378 0.0102 0.1045 
   H169750.5  2 0.0097 0.0302 0.0061 0.0051 0.0148 0.0064 0.0248 0.0077 0.0265 0.0060 0.0119 0.0033 0.0111 0.0056 0.7103 0.0096 0.0046 0.0126 0.0669 0.0112 0.0100 0.0057 
   H169750.6  2 0.0158 0.0217 0.0065 0.0160 0.1005 0.0187 0.0109 0.0166 0.2443 0.0308 0.0167 0.0090 0.0379 0.0118 0.2554 0.0118 0.0070 0.0337 0.0513 0.0566 0.0161 0.0106 
   H169750.7  2 0.1081 0.0391 0.0237 0.0361 0.0150 0.0212 0.0083 0.0066 0.0188 0.0916 0.0354 0.0237 0.0136 0.0116 0.2331 0.0318 0.0230 0.0330 0.0190 0.1253 0.0269 0.0550 
   H171929.1  2 0.8272 0.0047 0.0066 0.0040 0.0047 0.0048 0.0059 0.0050 0.0091 0.0100 0.0265 0.0185 0.0039 0.0151 0.0053 0.0048 0.0045 0.0132 0.0057 0.0051 0.0091 0.0062 
  H171929.10  2 0.7414 0.0064 0.0177 0.0050 0.0074 0.0049 0.0101 0.0069 0.0062 0.0192 0.0339 0.0189 0.0124 0.0195 0.0123 0.0045 0.0073 0.0221 0.0126 0.0092 0.0123 0.0096 
  H171929.11  2 0.8158 0.0087 0.0064 0.0044 0.0057 0.0038 0.0033 0.0078 0.0137 0.0181 0.0139 0.0236 0.0055 0.0134 0.0103 0.0056 0.0044 0.0076 0.0059 0.0052 0.0097 0.0072 
   H171929.2  2 0.7697 0.0049 0.0201 0.0039 0.0056 0.0036 0.0069 0.0087 0.0164 0.0041 0.0087 0.0048 0.0066 0.0096 0.0781 0.0051 0.0044 0.0129 0.0079 0.0062 0.0059 0.0059 
   H171929.3  2 0.8382 0.0062 0.0064 0.0036 0.0092 0.0040 0.0075 0.0051 0.0136 0.0086 0.0067 0.0088 0.0074 0.0153 0.0171 0.0040 0.0043 0.0053 0.0048 0.0039 0.0148 0.0052 
