      H008.1  2 0.0109 0.0146 0.0062 0.9126 0.0063 0.0177 0.0114 0.0093 0.0111 
      H008.2  2 0.1996 0.0136 0.1564 0.2159 0.0267 0.1602 0.0144 0.1542 0.0590 
      H008.3  2 0.0393 0.0387 0.0815 0.1128 0.0221 0.3392 0.0219 0.1281 0.2164 
      H008.4  2 0.0121 0.0279 0.0590 0.8166 0.0092 0.0167 0.0184 0.0249 0.0154 
      H008.5  2 0.0096 0.0108 0.0229 0.8692 0.0093 0.0220 0.0132 0.0141 0.0289 
      H008.6  2 0.0335 0.0199 0.1863 0.4566 0.0205 0.1357 0.0195 0.1113 0.0168 
      H008.7  2 0.0383 0.0369 0.1146 0.5553 0.0131 0.0672 0.0385 0.0444 0.0918 
      H008.8  2 0.1312 0.0878 0.0398 0.3181 0.0163 0.0319 0.0244 0.3268 0.0236 
      H008.9  2 0.0671 0.0135 0.5450 0.0334 0.0153 0.0785 0.0279 0.1998 0.0194 
 H029.1_2002  2 0.0153 0.0155 0.0213 0.8787 0.0088 0.0114 0.0129 0.0191 0.0169 
 H029.1_2003  2 0.0283 0.0207 0.0241 0.6808 0.0183 0.0736 0.0192 0.0346 0.1005 
 H029.2_2002  2 0.0078 0.0105 0.0209 0.8497 0.0105 0.0364 0.0095 0.0130 0.0417 
 H029.2_2003  2 0.0229 0.0121 0.0376 0.6576 0.0707 0.1117 0.0101 0.0259 0.0515 
 H029.3_2002  2 0.0323 0.0180 0.1132 0.5823 0.0394 0.0302 0.0097 0.0171 0.1578 
 H029.3_2003  2 0.0189 0.0074 0.0071 0.9147 0.0095 0.0127 0.0076 0.0070 0.0151 
 H029.4_2002  2 0.0101 0.0085 0.0129 0.9279 0.0062 0.0056 0.0081 0.0051 0.0155 
 H029.4_2003  2 0.0621 0.0355 0.0224 0.7570 0.0122 0.0363 0.0154 0.0177 0.0415 
 H029.5_2002  2 0.0078 0.0070 0.0055 0.9330 0.0061 0.0057 0.0126 0.0055 0.0166 
 H029.5_2003  2 0.0135 0.0109 0.0108 0.9053 0.0081 0.0245 0.0075 0.0081 0.0114 
 H029.6_2002  2 0.0118 0.0084 0.0259 0.7811 0.0090 0.0070 0.0090 0.0056 0.1422 
 H029.6_2003  2 0.0206 0.0146 0.0084 0.8129 0.0252 0.0552 0.0263 0.0151 0.0218 
      H029.7  2 0.0054 0.0084 0.0213 0.9087 0.0070 0.0117 0.0071 0.0104 0.0199 
      H030.1  2 0.0791 0.0080 0.0064 0.0335 0.7313 0.0309 0.0183 0.0154 0.0772 
      H030.2  2 0.0476 0.3137 0.0911 0.1107 0.2246 0.0128 0.0263 0.0081 0.1651 
      H038.1  2 0.0058 0.0090 0.0335 0.9123 0.0092 0.0051 0.0061 0.0122 0.0068 
      H038.2  2 0.0067 0.0128 0.0063 0.9324 0.0126 0.0074 0.0101 0.0040 0.0078 
      H038.3  2 0.0190 0.0259 0.0387 0.7913 0.0900 0.0073 0.0128 0.0077 0.0072 
      H038.4  2 0.0129 0.0135 0.0360 0.8802 0.0164 0.0063 0.0205 0.0073 0.0069 
      H038.5  2 0.0396 0.0074 0.0337 0.8599 0.0212 0.0094 0.0096 0.0052 0.0139 
      H038.6  2 0.0095 0.0084 0.0091 0.9368 0.0109 0.0094 0.0040 0.0044 0.0075 
      H038.7  2 0.0135 0.0160 0.0122 0.9188 0.0186 0.0074 0.0052 0.0042 0.0042 
      H038.8  2 0.0117 0.0177 0.1077 0.7286 0.0954 0.0063 0.0149 0.0072 0.0106 
      H041.1  2 0.0443 0.0123 0.0421 0.6359 0.0208 0.0152 0.0544 0.0220 0.1528 
      H041.2  2 0.0122 0.0347 0.0146 0.7332 0.0154 0.0101 0.1072 0.0122 0.0605 
      H041.4  2 0.0152 0.0145 0.0201 0.8170 0.0105 0.0160 0.0586 0.0205 0.0276 
      H041.6  2 0.0148 0.0498 0.0121 0.7676 0.0172 0.0126 0.0468 0.0349 0.0443 
 H042.1_2002  2 0.0115 0.1554 0.0167 0.0129 0.0132 0.0479 0.1061 0.0368 0.5995 
 H042.1_2003  2 0.0260 0.1286 0.1650 0.1822 0.0835 0.2362 0.1047 0.0383 0.0354 
 H042.2_2002  2 0.0157 0.3463 0.0319 0.3966 0.0088 0.0409 0.0284 0.0077 0.1237 
 H042.2_2003  2 0.0122 0.0358 0.0075 0.5186 0.0164 0.0482 0.3071 0.0294 0.0249 
 H042.3_2002  2 0.0111 0.6722 0.0115 0.0090 0.0192 0.0163 0.0221 0.0158 0.2228 
 H042.3_2003  2 0.0248 0.7068 0.0240 0.0705 0.0177 0.0451 0.0293 0.0138 0.0680 
 H042.4_2002  2 0.0177 0.0248 0.0300 0.0752 0.0879 0.0415 0.1228 0.0183 0.5818 
 H042.4_2003  2 0.0281 0.0181 0.0087 0.2451 0.0584 0.0278 0.1055 0.0718 0.4364 
      H042.5  2 0.0154 0.0089 0.0043 0.0129 0.0112 0.0215 0.0343 0.0259 0.8656 
      H042.6  2 0.0235 0.0436 0.0118 0.0401 0.0229 0.0210 0.0188 0.0784 0.7399 
      H042.7  2 0.0263 0.3012 0.0065 0.0502 0.0119 0.0183 0.2544 0.0250 0.3061 
      H042.8  2 0.0166 0.1267 0.0426 0.0474 0.0084 0.0468 0.1128 0.0233 0.5754 
   H042_2002  2 0.0372 0.3795 0.0419 0.2403 0.0164 0.0459 0.0500 0.1632 0.0256 
   H042_2003  2 0.0364 0.3543 0.0492 0.2112 0.0227 0.0488 0.0642 0.1862 0.0271 
      H043.1  2 0.6242 0.0274 0.2010 0.0466 0.0365 0.0118 0.0122 0.0228 0.0174 
      H043.2  2 0.0408 0.0237 0.3582 0.1031 0.0146 0.0187 0.0213 0.4115 0.0081 
      H043.3  2 0.1077 0.1393 0.0563 0.5806 0.0235 0.0148 0.0115 0.0577 0.0086 
      H043.4  2 0.0854 0.0993 0.2535 0.1720 0.0346 0.0245 0.0155 0.3066 0.0085 
      H043.5  2 0.0768 0.0845 0.4877 0.2466 0.0180 0.0115 0.0179 0.0479 0.0093 
      H043.6  2 0.0213 0.0867 0.3631 0.3913 0.0213 0.0134 0.0108 0.0822 0.0099 
      H043.7  2 0.0767 0.0472 0.1951 0.0483 0.0344 0.0119 0.0092 0.5721 0.0052 
      H043.8  2 0.5753 0.0849 0.0397 0.0397 0.0695 0.0132 0.0163 0.1532 0.0083 
      H043.9  2 0.5960 0.0342 0.0972 0.1679 0.0293 0.0118 0.0078 0.0429 0.0129 
      H047.1  2 0.0447 0.1086 0.0143 0.7347 0.0082 0.0279 0.0144 0.0395 0.0077 
      H047.2  2 0.0429 0.0092 0.0084 0.7406 0.0265 0.0645 0.0327 0.0325 0.0427 
      H047.3  2 0.0672 0.0283 0.0089 0.5757 0.0221 0.1341 0.0888 0.0381 0.0368 
      H047.4  2 0.0232 0.0231 0.0056 0.8277 0.0202 0.0179 0.0455 0.0198 0.0169 
      H047.5  2 0.0748 0.0840 0.0046 0.5830 0.0182 0.0622 0.0871 0.0769 0.0091 
      H047.6  2 0.1841 0.0278 0.0234 0.4984 0.0137 0.0344 0.0925 0.0991 0.0266 
      H047.7  2 0.0361 0.0858 0.0175 0.7486 0.0114 0.0237 0.0391 0.0276 0.0102 
      H047.8  2 0.1229 0.0489 0.0213 0.4853 0.0125 0.0807 0.1006 0.1085 0.0195 
      H047.9  2 0.0222 0.1158 0.0048 0.6798 0.0190 0.0594 0.0566 0.0331 0.0092 
 H071.1_2002  2 0.0063 0.0152 0.0065 0.9295 0.0126 0.0085 0.0061 0.0093 0.0060 
 H071.1_2003  2 0.0109 0.0138 0.0170 0.7624 0.0710 0.0133 0.0172 0.0868 0.0076 
     H071.10  2 0.0168 0.0199 0.0115 0.9006 0.0259 0.0035 0.0065 0.0084 0.0070 
 H071.2_2002  2 0.0103 0.0128 0.0095 0.9191 0.0113 0.0101 0.0075 0.0145 0.0050 
 H071.2_2003  2 0.0047 0.0061 0.0042 0.9563 0.0059 0.0060 0.0049 0.0066 0.0052 
      H071.3  2 0.0189 0.0214 0.0096 0.8903 0.0293 0.0064 0.0084 0.0073 0.0084 
 H071.4_2002  2 0.0280 0.0176 0.0209 0.8682 0.0225 0.0068 0.0123 0.0124 0.0113 
 H071.4_2003  2 0.0090 0.0085 0.0037 0.9456 0.0095 0.0060 0.0061 0.0056 0.0058 
 H071.5_2002  2 0.0079 0.0103 0.0059 0.9435 0.0093 0.0046 0.0051 0.0068 0.0065 
 H071.5_2003  2 0.0162 0.0188 0.0044 0.9003 0.0205 0.0108 0.0095 0.0137 0.0059 
 H071.6_2002  2 0.0156 0.0336 0.0070 0.9027 0.0128 0.0065 0.0057 0.0096 0.0063 
 H071.6_2003  2 0.0091 0.0182 0.0040 0.9109 0.0297 0.0090 0.0050 0.0089 0.0053 
 H071.7_2002  2 0.0055 0.0146 0.0045 0.9490 0.0052 0.0055 0.0042 0.0070 0.0044 
 H071.7_2003  2 0.0116 0.0102 0.0057 0.9063 0.0292 0.0099 0.0111 0.0105 0.0056 
      H071.8  2 0.0077 0.0107 0.0079 0.9308 0.0065 0.0073 0.0080 0.0159 0.0052 
      H071.9  2 0.1807 0.0277 0.0139 0.6898 0.0272 0.0067 0.0166 0.0272 0.0103 
 H081.1_2002  2 0.0040 0.0087 0.0051 0.9469 0.0083 0.0055 0.0064 0.0089 0.0062 
 H081.1_2003  2 0.0190 0.0554 0.3231 0.1070 0.2717 0.0636 0.0295 0.0548 0.0759 
 H081.2_2002  2 0.0057 0.0089 0.0061 0.9269 0.0066 0.0054 0.0083 0.0241 0.0080 
 H081.2_2003  2 0.0186 0.0099 0.0123 0.0310 0.8402 0.0095 0.0113 0.0388 0.0283 
 H081.3_2002  2 0.0113 0.0061 0.0069 0.9085 0.0120 0.0063 0.0115 0.0278 0.0095 
 H081.3_2003  2 0.0996 0.0177 0.0225 0.0220 0.5958 0.0174 0.0160 0.1812 0.0278 
 H081.4_2002  2 0.0070 0.0103 0.0044 0.9363 0.0109 0.0083 0.0060 0.0078 0.0089 
 H081.4_2003  2 0.0162 0.0137 0.0232 0.0304 0.7555 0.0325 0.0217 0.0747 0.0320 
 H081.5_2002  2 0.0064 0.0093 0.0055 0.9366 0.0124 0.0076 0.0059 0.0103 0.0059 
 H081.5_2003  2 0.0157 0.0449 0.0288 0.0732 0.4675 0.0274 0.0279 0.2850 0.0295 
      H081.6  2 0.0045 0.0129 0.0065 0.9365 0.0090 0.0074 0.0064 0.0106 0.0061 
      H081.7  2 0.0101 0.0084 0.0050 0.8875 0.0221 0.0061 0.0134 0.0399 0.0076 
      H081.8  2 0.0230 0.0201 0.0157 0.8263 0.0499 0.0096 0.0157 0.0156 0.0242 
      H083.1  2 0.0078 0.0138 0.0088 0.9164 0.0108 0.0085 0.0056 0.0061 0.0222 
      H083.2  2 0.0151 0.0130 0.0079 0.9106 0.0099 0.0080 0.0079 0.0124 0.0153 
      H083.4  2 0.0287 0.0168 0.0174 0.8533 0.0071 0.0070 0.0079 0.0131 0.0486 
      H083.5  2 0.0095 0.0097 0.0214 0.8970 0.0073 0.0085 0.0086 0.0069 0.0311 
      H083.6  2 0.0112 0.0123 0.0146 0.8632 0.0138 0.0088 0.0129 0.0112 0.0521 
      H083.7  2 0.0263 0.0126 0.0155 0.8418 0.0069 0.0113 0.0136 0.0117 0.0603 
      H083.8  2 0.0170 0.0102 0.0074 0.9106 0.0064 0.0098 0.0106 0.0127 0.0153 
      H083.9  2 0.0087 0.0074 0.0116 0.8843 0.0081 0.0074 0.0099 0.0061 0.0565 
      H084.1  2 0.0209 0.0124 0.0530 0.0097 0.8388 0.0143 0.0262 0.0128 0.0120 
      H084.2  2 0.0269 0.0188 0.0380 0.0113 0.8584 0.0150 0.0060 0.0067 0.0190 
      H084.3  2 0.0168 0.0259 0.2676 0.0074 0.5014 0.0229 0.1288 0.0089 0.0203 
      H084.4  2 0.0336 0.0296 0.1743 0.0147 0.6538 0.0121 0.0422 0.0090 0.0306 
      H084.5  2 0.0209 0.0719 0.0558 0.0094 0.7688 0.0122 0.0412 0.0096 0.0101 
      H084.6  2 0.0230 0.0192 0.2065 0.0059 0.6318 0.0074 0.0795 0.0084 0.0184 
      H084.7  2 0.0265 0.0103 0.0183 0.0147 0.8845 0.0086 0.0143 0.0072 0.0155 
      H084.8  2 0.0153 0.0147 0.1588 0.0071 0.6559 0.0101 0.1186 0.0079 0.0116 
 H085.1_2002  2 0.0087 0.0097 0.0245 0.1482 0.0154 0.0078 0.0083 0.7139 0.0634 
 H085.1_2003  2 0.0341 0.0117 0.0149 0.6895 0.0322 0.0106 0.0206 0.0269 0.1595 
 H085.2_2002  2 0.0167 0.0278 0.0673 0.0226 0.0640 0.0089 0.0222 0.6734 0.0970 
 H085.2_2003  2 0.0486 0.0150 0.0132 0.7383 0.0190 0.0173 0.0100 0.0257 0.1130 
 H085.3_2002  2 0.0114 0.0083 0.0054 0.0249 0.0466 0.0074 0.0216 0.8324 0.0419 
 H085.3_2003  2 0.0132 0.0116 0.0056 0.8618 0.0463 0.0115 0.0157 0.0215 0.0129 
 H085.4_2002  2 0.0085 0.0258 0.0464 0.1176 0.0239 0.0119 0.0118 0.7140 0.0401 
 H085.4_2003  2 0.0082 0.0315 0.0076 0.8480 0.0438 0.0083 0.0230 0.0148 0.0147 
 H085.5_2002  2 0.0071 0.0078 0.0069 0.0345 0.0189 0.0075 0.0108 0.8952 0.0113 
 H085.5_2003  2 0.0145 0.0104 0.0080 0.8584 0.0207 0.0123 0.0077 0.0172 0.0508 
 H085.6_2002  2 0.0246 0.0060 0.0180 0.0260 0.0172 0.0057 0.0085 0.8532 0.0406 
 H085.6_2003  2 0.0313 0.0177 0.0082 0.3617 0.1706 0.0448 0.1601 0.1908 0.0147 
 H085.7_2002  2 0.0158 0.0120 0.0162 0.1065 0.0555 0.0127 0.0171 0.6865 0.0777 
 H085.7_2003  2 0.0204 0.0151 0.0107 0.8684 0.0212 0.0120 0.0221 0.0171 0.0129 
 H085.8_2002  2 0.0161 0.0242 0.0132 0.0300 0.1947 0.0104 0.0418 0.6508 0.0187 
 H085.8_2003  2 0.0369 0.0271 0.0130 0.3377 0.0512 0.0219 0.0417 0.0627 0.4079 
      H085.9  2 0.0130 0.0185 0.0393 0.1361 0.0335 0.0119 0.0153 0.6918 0.0407 
      H088.1  2 0.0202 0.0108 0.0133 0.0143 0.0163 0.0445 0.0549 0.0291 0.7967 
      H088.2  2 0.0294 0.0204 0.0085 0.0134 0.0303 0.0208 0.0378 0.0307 0.8087 
      H088.3  2 0.0218 0.0144 0.0083 0.0104 0.0134 0.0169 0.0148 0.0220 0.8779 
      H088.4  2 0.0277 0.0208 0.0085 0.0619 0.0860 0.0475 0.0238 0.0136 0.7102 
      H088.5  2 0.0132 0.0085 0.0072 0.0119 0.0141 0.0147 0.0201 0.0138 0.8965 
      H088.6  2 0.0227 0.0108 0.0075 0.0255 0.0157 0.0245 0.0420 0.0110 0.8402 
      H088.7  2 0.0354 0.0149 0.0117 0.3251 0.0222 0.0209 0.0316 0.0176 0.5206 
      H088.8  2 0.0486 0.0145 0.0146 0.3413 0.0281 0.0660 0.0606 0.0156 0.4106 
      H091.1  2 0.0249 0.0280 0.0081 0.0226 0.0190 0.0141 0.0183 0.0133 0.8517 
      H091.2  2 0.0153 0.0607 0.0056 0.0472 0.0113 0.0176 0.0341 0.0130 0.7950 
      H109.1  2 0.8274 0.0163 0.0277 0.0178 0.0386 0.0141 0.0183 0.0226 0.0174 
      H109.2  2 0.3045 0.0276 0.0116 0.0449 0.5191 0.0103 0.0341 0.0231 0.0249 
      H109.3  2 0.7169 0.0174 0.0128 0.0706 0.0677 0.0395 0.0537 0.0083 0.0133 
      H109.4  2 0.8507 0.0085 0.0110 0.0160 0.0468 0.0139 0.0314 0.0119 0.0097 
      H109.5  2 0.1488 0.0195 0.0049 0.5613 0.0467 0.0158 0.1788 0.0090 0.0153 
      H109.6  2 0.4409 0.0296 0.0181 0.0278 0.3668 0.0200 0.0598 0.0233 0.0136 
      H126.1  2 0.0433 0.3967 0.0089 0.0177 0.0109 0.0957 0.0227 0.3907 0.0134 
      H126.2  2 0.0926 0.0968 0.0512 0.5595 0.0140 0.0317 0.0117 0.1267 0.0159 
      H126.3  2 0.0393 0.4109 0.0164 0.4556 0.0045 0.0160 0.0086 0.0288 0.0199 
      H126.4  2 0.0537 0.3031 0.0274 0.0811 0.0190 0.1494 0.0142 0.3296 0.0224 
      H126.5  2 0.0111 0.6636 0.0085 0.1153 0.0127 0.0566 0.0107 0.1128 0.0088 
      H126.6  2 0.0120 0.1115 0.0056 0.7359 0.0064 0.0137 0.0047 0.0910 0.0191 
      H126.7  2 0.0093 0.0215 0.0044 0.9121 0.0100 0.0147 0.0053 0.0125 0.0103 
      H130.1  2 0.1794 0.0134 0.0085 0.0142 0.0670 0.1332 0.0539 0.4679 0.0626 
      H130.2  2 0.0825 0.0070 0.0109 0.0316 0.7503 0.0221 0.0179 0.0404 0.0374 
      H130.3  2 0.0339 0.0066 0.0060 0.0192 0.4267 0.4658 0.0101 0.0159 0.0158 
      H130.4  2 0.1701 0.0088 0.0342 0.0101 0.1285 0.1830 0.0281 0.3963 0.0409 
      H130.5  2 0.0363 0.0100 0.0065 0.0343 0.6625 0.0168 0.0244 0.1589 0.0504 
      H133.1  2 0.4004 0.0173 0.1240 0.0747 0.1236 0.1480 0.0239 0.0646 0.0235 
      H133.2  2 0.4851 0.0201 0.0131 0.0294 0.1545 0.0293 0.0171 0.2405 0.0108 
      H133.3  2 0.3958 0.0235 0.1305 0.1576 0.0848 0.0654 0.0387 0.0575 0.0460 
      H133.4  2 0.8255 0.0106 0.0418 0.0223 0.0174 0.0285 0.0158 0.0278 0.0104 
      H133.5  2 0.6004 0.0246 0.0260 0.0144 0.1496 0.0560 0.0063 0.1005 0.0221 
      H133.6  2 0.3310 0.0308 0.0109 0.0258 0.3470 0.0298 0.0177 0.1501 0.0570 
      H133.7  2 0.3943 0.0149 0.1280 0.0710 0.0284 0.0213 0.2652 0.0585 0.0183 
      H133.8  2 0.5140 0.0680 0.0899 0.0255 0.0203 0.0523 0.0125 0.1829 0.0346 
      H133.9  2 0.3269 0.0216 0.1201 0.0374 0.1154 0.2525 0.0173 0.0576 0.0511 
      H147.1  2 0.0099 0.0434 0.0246 0.5950 0.1365 0.0083 0.0714 0.0498 0.0611 
      H147.2  2 0.0052 0.0125 0.0068 0.9048 0.0247 0.0062 0.0080 0.0214 0.0105 
      H147.3  2 0.0043 0.0094 0.0058 0.8934 0.0401 0.0075 0.0134 0.0182 0.0080 
      H147.4  2 0.0048 0.0119 0.0262 0.8825 0.0359 0.0061 0.0096 0.0098 0.0130 
      H147.5  2 0.0087 0.0133 0.0098 0.5712 0.2264 0.0348 0.0217 0.0240 0.0901 
      H147.6  2 0.0091 0.0190 0.0088 0.4760 0.3241 0.0238 0.0161 0.0144 0.1087 
      H147.7  2 0.0066 0.0139 0.0268 0.8579 0.0385 0.0093 0.0201 0.0114 0.0155 
      H147.8  2 0.0073 0.0116 0.0352 0.7805 0.0563 0.0088 0.0077 0.0083 0.0843 
      H147.9  2 0.0049 0.0082 0.0053 0.9203 0.0212 0.0084 0.0095 0.0167 0.0054 
      H148.1  2 0.2022 0.1003 0.0847 0.0156 0.1782 0.0194 0.1577 0.1747 0.0673 
      H148.2  2 0.0809 0.0630 0.0831 0.0267 0.0658 0.0182 0.4064 0.2306 0.0253 
      H148.3  2 0.0153 0.0319 0.0295 0.0106 0.0125 0.0113 0.8571 0.0169 0.0149 
      H148.4  2 0.0370 0.1570 0.0649 0.0505 0.0539 0.0359 0.3751 0.2071 0.0186 
      H148.5  2 0.0210 0.0494 0.0798 0.0121 0.0731 0.0412 0.6560 0.0296 0.0378 
      H148.6  2 0.0309 0.0247 0.1563 0.0209 0.0443 0.0146 0.6179 0.0502 0.0402 
      H148.7  2 0.1117 0.0735 0.0673 0.0161 0.0518 0.0949 0.5153 0.0345 0.0349 
      H148.8  2 0.0089 0.0187 0.0568 0.0085 0.0140 0.0215 0.7778 0.0780 0.0157 
      H148.9  2 0.0887 0.2000 0.2339 0.0116 0.0367 0.0283 0.1611 0.2174 0.0224 
   H166022.1  2 0.0071 0.0077 0.0085 0.0128 0.0129 0.0057 0.0143 0.0102 0.9208 
   H166022.2  2 0.0126 0.0189 0.0129 0.0314 0.1150 0.0202 0.0228 0.0141 0.7520 
   H166022.3  2 0.0082 0.0057 0.0054 0.0054 0.0107 0.0138 0.0092 0.0058 0.9358 
   H166022.4  2 0.0133 0.0080 0.0051 0.0092 0.0203 0.0111 0.0079 0.0056 0.9194 
   H166022.5  2 0.0180 0.0074 0.0052 0.0136 0.0622 0.0123 0.0103 0.0067 0.8644 
   H166022.6  2 0.0182 0.0090 0.0142 0.0103 0.0384 0.0131 0.0100 0.0166 0.8702 
   H166022.7  2 0.9257 0.0051 0.0206 0.0084 0.0115 0.0079 0.0059 0.0100 0.0049 
   H166022.8  2 0.0188 0.0151 0.0090 0.0166 0.2290 0.0229 0.0144 0.0657 0.6083 
   H167397.1  2 0.0138 0.0367 0.5338 0.1364 0.0591 0.0084 0.1371 0.0204 0.0543 
   H167397.2  2 0.0173 0.0293 0.6094 0.0471 0.0188 0.0197 0.0216 0.1921 0.0446 
   H167397.3  2 0.0191 0.0473 0.6373 0.1383 0.0146 0.0117 0.0498 0.0181 0.0637 
   H167397.4  2 0.0273 0.0171 0.7950 0.0456 0.0175 0.0149 0.0301 0.0268 0.0258 
   H167397.5  2 0.0241 0.0385 0.6788 0.0500 0.0570 0.0244 0.0504 0.0311 0.0456 
   H167397.6  2 0.0171 0.1122 0.6569 0.0733 0.0071 0.0232 0.0505 0.0196 0.0402 
   H167496.1  2 0.1565 0.0369 0.0090 0.0163 0.0583 0.0486 0.4725 0.0134 0.1885 
   H167496.2  2 0.1703 0.1614 0.0177 0.2185 0.1282 0.0339 0.2134 0.0322 0.0245 
   H167496.3  2 0.0340 0.0299 0.0126 0.0684 0.0822 0.0447 0.2453 0.1930 0.2899 
   H167496.4  2 0.0083 0.0129 0.0058 0.0198 0.0126 0.0084 0.0089 0.0098 0.9135 
   H167496.6  2 0.0256 0.0286 0.0076 0.0730 0.1333 0.0597 0.0127 0.0226 0.6370 
   H167496.7  2 0.0577 0.1514 0.0069 0.0207 0.1869 0.0557 0.4235 0.0242 0.0730 
   H167496.8  2 0.0206 0.0619 0.0081 0.0935 0.1800 0.0202 0.0250 0.0113 0.5793 
   H167513.1  2 0.8340 0.0141 0.0219 0.0124 0.0175 0.0190 0.0171 0.0371 0.0268 
   H167513.2  2 0.3088 0.0277 0.0923 0.0195 0.0361 0.0230 0.4358 0.0397 0.0171 
   H167513.3  2 0.7071 0.0165 0.0098 0.0135 0.0733 0.1181 0.0193 0.0109 0.0315 
   H167513.4  2 0.6703 0.0208 0.0140 0.0149 0.0614 0.0151 0.0404 0.0274 0.1358 
   H167513.5  2 0.5979 0.0161 0.1073 0.0207 0.0223 0.0115 0.1012 0.0854 0.0376 
   H167513.6  2 0.5052 0.0361 0.0296 0.0279 0.0732 0.0305 0.0540 0.1333 0.1102 
   H167513.7  2 0.8020 0.0108 0.0289 0.0216 0.0378 0.0150 0.0112 0.0157 0.0569 
   H167513.8  2 0.8772 0.0094 0.0181 0.0088 0.0447 0.0150 0.0081 0.0087 0.0101 
   H167547.1  2 0.0094 0.0131 0.0218 0.0086 0.0141 0.0214 0.8754 0.0189 0.0172 
   H167547.2  2 0.0081 0.0130 0.0106 0.0113 0.0098 0.0084 0.8971 0.0102 0.0314 
   H167547.3  2 0.0067 0.0107 0.0147 0.0099 0.0070 0.0100 0.8999 0.0088 0.0323 
   H167547.4  2 0.0342 0.0171 0.0424 0.0077 0.0171 0.0541 0.2213 0.0574 0.5486 
   H167547.5  2 0.0122 0.0102 0.0078 0.0145 0.0113 0.0138 0.8685 0.0122 0.0495 
   H167547.6  2 0.0121 0.0094 0.0071 0.0097 0.0123 0.0092 0.8610 0.0125 0.0665 
   H167547.7  2 0.2131 0.0211 0.0212 0.0282 0.0422 0.0288 0.4352 0.1829 0.0273 
   H169750.1  2 0.7828 0.0183 0.0059 0.0235 0.0185 0.0355 0.0180 0.0363 0.0613 
   H169750.2  2 0.2357 0.0386 0.0578 0.1800 0.2158 0.0840 0.0459 0.1264 0.0158 
   H169750.3  2 0.8213 0.0100 0.0038 0.0210 0.0452 0.0260 0.0234 0.0314 0.0177 
   H169750.4  2 0.3022 0.0495 0.0773 0.0511 0.0183 0.3378 0.0360 0.1119 0.0160 
   H169750.5  2 0.7802 0.0110 0.0097 0.0605 0.0290 0.0219 0.0085 0.0296 0.0496 
   H169750.6  2 0.3523 0.0168 0.0126 0.4038 0.0841 0.0334 0.0144 0.0564 0.0261 
   H169750.7  2 0.5877 0.0561 0.0211 0.0650 0.0331 0.1153 0.0396 0.0665 0.0156 
   H171929.1  2 0.0690 0.0116 0.4657 0.0217 0.0104 0.0281 0.1773 0.1946 0.0216 
  H171929.10  2 0.1122 0.0202 0.1074 0.0633 0.0795 0.0160 0.3062 0.1792 0.1159 
  H171929.11  2 0.2616 0.0210 0.3738 0.0174 0.0218 0.0381 0.1125 0.1357 0.0180 
   H171929.2  2 0.7587 0.0061 0.0117 0.0109 0.0090 0.0107 0.1366 0.0412 0.0149 
   H171929.3  2 0.5947 0.0122 0.1213 0.0240 0.0113 0.0161 0.1643 0.0248 0.0314 
   H171929.4  2 0.3223 0.0079 0.0089 0.0438 0.0306 0.0564 0.2198 0.1855 0.1248 
   H171929.5  2 0.8156 0.0200 0.0489 0.0140 0.0174 0.0106 0.0471 0.0111 0.0154 
   H171929.6  2 0.8268 0.0158 0.0741 0.0093 0.0161 0.0131 0.0231 0.0114 0.0104 
   H171929.7  2 0.3011 0.0102 0.0186 0.0253 0.0101 0.0342 0.0851 0.4991 0.0164 
   H171929.8  2 0.1891 0.0089 0.0162 0.0142 0.0145 0.0230 0.1311 0.5773 0.0257 
   H171929.9  2 0.3276 0.0104 0.0048 0.0305 0.0425 0.0166 0.0245 0.4861 0.0571 
   H171930.1  2 0.5393 0.0228 0.0333 0.0167 0.2917 0.0491 0.0251 0.0103 0.0118 
   H171930.2  2 0.1691 0.0220 0.0096 0.0240 0.5905 0.0431 0.0480 0.0189 0.0748 
   H171930.3  2 0.4188 0.0319 0.0225 0.0094 0.4157 0.0376 0.0336 0.0112 0.0193 
   H171930.4  2 0.2647 0.0452 0.0127 0.0094 0.5326 0.0445 0.0293 0.0060 0.0555 
   H171930.5  2 0.2867 0.0361 0.0393 0.0354 0.4503 0.0431 0.0374 0.0405 0.0312 
   H171930.6  2 0.0524 0.0763 0.0079 0.0291 0.7517 0.0430 0.0176 0.0062 0.0159 
   H171930.7  2 0.4406 0.0123 0.0309 0.0110 0.4542 0.0195 0.0118 0.0108 0.0088 
   H171930.8  2 0.4456 0.0159 0.0179 0.0129 0.4300 0.0219 0.0290 0.0095 0.0174 
   H171933.1  2 0.0138 0.0097 0.0325 0.0087 0.0130 0.0058 0.0244 0.0092 0.8830 
   H171933.2  2 0.0156 0.0203 0.0449 0.0136 0.0142 0.0095 0.0183 0.0128 0.8509 
   H171933.3  2 0.0144 0.0203 0.0128 0.0080 0.0246 0.0109 0.0461 0.0198 0.8431 
   H171933.4  2 0.0271 0.0093 0.0055 0.0084 0.0756 0.0246 0.0275 0.0119 0.8101 
   H171933.5  2 0.1115 0.0187 0.0103 0.0077 0.1388 0.1716 0.1754 0.0391 0.3269 
   H171933.6  2 0.0094 0.0107 0.0048 0.0167 0.0075 0.0075 0.0070 0.0076 0.9289 
   H171933.7  2 0.0175 0.0792 0.0263 0.0112 0.1023 0.0166 0.0225 0.0427 0.6817 
   H171933.8  2 0.0504 0.0410 0.0442 0.0189 0.2172 0.0169 0.0359 0.0370 0.5385 
   H171933.9  2 0.0115 0.0060 0.0046 0.0067 0.0218 0.0169 0.0134 0.0080 0.9110 
      H190.1  2 0.0169 0.0158 0.0053 0.0141 0.8707 0.0282 0.0179 0.0110 0.0201 
      H190.2  2 0.0146 0.2725 0.0099 0.0735 0.1678 0.0162 0.3736 0.0617 0.0104 
      H190.3  2 0.0244 0.0431 0.0119 0.0388 0.0472 0.0307 0.5622 0.2077 0.0339 
      H190.4  2 0.0212 0.0073 0.0082 0.0072 0.7621 0.0448 0.0470 0.0197 0.0826 
      H190.5  2 0.0248 0.3878 0.0092 0.1245 0.2122 0.0246 0.1160 0.0769 0.0240 
      H190.6  2 0.0453 0.0079 0.0104 0.0138 0.6217 0.0337 0.1376 0.0328 0.0970 
      H190.7  2 0.0130 0.0147 0.0140 0.0170 0.0590 0.0340 0.2066 0.6110 0.0306 
      H190.8  2 0.0189 0.1349 0.0049 0.0304 0.6931 0.0300 0.0393 0.0392 0.0092 
      H190.9  2 0.0183 0.0522 0.0137 0.0288 0.4734 0.0304 0.1945 0.1723 0.0165 
      H400.1  2 0.0134 0.0132 0.0081 0.0078 0.0181 0.0110 0.0047 0.0101 0.9137 
      H400.2  2 0.0146 0.0226 0.0121 0.0184 0.0130 0.0067 0.0078 0.0090 0.8957 
      H400.3  2 0.0301 0.0460 0.0143 0.0133 0.0331 0.0199 0.0154 0.0227 0.8051 
      H400.4  2 0.0208 0.0141 0.0052 0.0333 0.0346 0.0107 0.0198 0.0141 0.8473 
      H400.5  2 0.0317 0.0177 0.0088 0.0123 0.0254 0.0139 0.0110 0.0118 0.8673 
      H400.6  2 0.0085 0.0141 0.0052 0.0135 0.0133 0.0059 0.0069 0.0173 0.9151 
      H400.7  2 0.0221 0.0164 0.0057 0.0072 0.0147 0.0076 0.0104 0.0154 0.9004 
 H428.1_2005  2 0.0110 0.0069 0.0064 0.0078 0.0042 0.0073 0.0081 0.0085 0.9398 
 H428.1_2006  2 0.0068 0.0080 0.0065 0.0168 0.0050 0.0092 0.0097 0.0104 0.9275 
 H428.2_2005  2 0.0159 0.0047 0.0073 0.0054 0.0059 0.0064 0.0081 0.0071 0.9392 
 H428.2_2006  2 0.0104 0.0065 0.0071 0.0398 0.0170 0.0084 0.0088 0.0064 0.8957 
 H428.3_2005  2 0.0073 0.0059 0.0046 0.0064 0.0062 0.0069 0.0048 0.0051 0.9527 
 H428.3_2006  2 0.0117 0.0094 0.0082 0.0212 0.0093 0.0082 0.0074 0.0068 0.9177 
 H428.4_2005  2 0.0104 0.0039 0.0061 0.0071 0.0045 0.0068 0.0087 0.0048 0.9478 
 H428.4_2006  2 0.0044 0.0039 0.0067 0.0104 0.0052 0.0062 0.0058 0.0061 0.9512 
 H428.5_2005  2 0.0066 0.0046 0.0157 0.0117 0.0075 0.0045 0.0051 0.0071 0.9373 
 H428.6_2005  2 0.0099 0.0076 0.0047 0.0068 0.0071 0.0085 0.0067 0.0097 0.9391 
 H428.6_2006  2 0.0158 0.0048 0.0219 0.0149 0.0095 0.0266 0.0055 0.0108 0.8901 
      H428.7  2 0.0054 0.0064 0.0055 0.0069 0.0061 0.0060 0.0044 0.0062 0.9531 
      H428.8  2 0.0081 0.0066 0.0117 0.0115 0.0102 0.0083 0.0065 0.0068 0.9302 
      H428.9  2 0.0055 0.0048 0.0125 0.0081 0.0105 0.0056 0.0055 0.0047 0.9427 
      H453.1  2 0.0163 0.0098 0.0078 0.0623 0.0504 0.0197 0.0074 0.0099 0.8162 
      H453.2  2 0.0229 0.0166 0.0062 0.0132 0.2853 0.0196 0.0124 0.0148 0.6090 
      H453.3  2 0.0138 0.0088 0.0049 0.0116 0.3077 0.0138 0.0106 0.0284 0.6003 
      H453.4  2 0.0170 0.0101 0.0044 0.0123 0.3422 0.0132 0.0109 0.0140 0.5759 
      H453.5  2 0.0113 0.0103 0.0065 0.0881 0.3144 0.0241 0.0065 0.0076 0.5312 
      H453.6  2 0.0084 0.0074 0.0043 0.1083 0.0771 0.0107 0.0059 0.0055 0.7725 
      H453.7  2 0.0471 0.0081 0.0050 0.1486 0.3122 0.0137 0.0323 0.4079 0.0252 
      H453.8  2 0.0381 0.0134 0.0071 0.1179 0.6442 0.0329 0.0333 0.0730 0.0400 
      H453.9  2 0.0227 0.0119 0.0054 0.1629 0.6910 0.0180 0.0064 0.0343 0.0475 
      H512.1  2 0.0113 0.0124 0.0044 0.0140 0.6703 0.0789 0.0112 0.0126 0.1850 
     H512.10  2 0.0267 0.0371 0.0896 0.0481 0.4610 0.2314 0.0279 0.0213 0.0568 
      H512.2  2 0.0322 0.1171 0.0201 0.0251 0.3229 0.1851 0.0656 0.0341 0.1978 
      H512.3  2 0.0326 0.1414 0.0336 0.0250 0.2385 0.4246 0.0191 0.0104 0.0749 
      H512.4  2 0.0250 0.0148 0.0163 0.0414 0.7757 0.0296 0.0330 0.0155 0.0486 
      H512.5  2 0.1925 0.0850 0.0221 0.0169 0.0406 0.5679 0.0162 0.0138 0.0452 
      H512.6  2 0.0407 0.0842 0.0056 0.0121 0.5888 0.1605 0.0470 0.0166 0.0445 
      H512.7  2 0.0858 0.0851 0.0181 0.0271 0.0238 0.5613 0.0096 0.0106 0.1785 
      H512.8  2 0.0387 0.2227 0.0093 0.0199 0.3219 0.1430 0.1464 0.0199 0.0782 
      H512.9  2 0.0417 0.0825 0.0244 0.0269 0.1009 0.4874 0.0127 0.0286 0.1948 
      H513.1  2 0.0086 0.0065 0.0105 0.0096 0.0092 0.0051 0.0069 0.0072 0.9362 
      H513.2  2 0.0088 0.0049 0.0094 0.0143 0.0125 0.0046 0.0083 0.0112 0.9258 
      H513.3  2 0.0093 0.0066 0.0055 0.0068 0.0078 0.0066 0.0054 0.0056 0.9463 
      H513.4  2 0.0116 0.0108 0.0042 0.0251 0.0161 0.0082 0.0115 0.0089 0.9036 
      H513.5  2 0.0163 0.0064 0.0101 0.0084 0.0184 0.0161 0.0056 0.0078 0.9109 
      H513.6  2 0.0749 0.0098 0.2396 0.0185 0.1262 0.0113 0.0248 0.0218 0.4732 
      H532.1  2 0.2468 0.0213 0.0184 0.3009 0.0118 0.0161 0.0189 0.0277 0.3382 
      H532.2  2 0.0307 0.0087 0.0132 0.1268 0.3010 0.0112 0.0882 0.0392 0.3810 
      H532.3  2 0.0252 0.0060 0.0056 0.1053 0.5155 0.0398 0.0568 0.0311 0.2148 
      H532.4  2 0.0153 0.0138 0.0129 0.6170 0.0471 0.0285 0.0142 0.0770 0.1744 
      H532.5  2 0.0568 0.0105 0.0140 0.0410 0.0118 0.0103 0.0228 0.0138 0.8189 
      H532.6  2 0.0365 0.0173 0.0124 0.2795 0.2362 0.0286 0.0100 0.0317 0.3477 
      H532.7  2 0.0571 0.0056 0.0165 0.5926 0.0318 0.0340 0.0206 0.0119 0.2297 
      H532.8  2 0.1333 0.0136 0.0308 0.4532 0.0200 0.0183 0.0806 0.0172 0.2331 
      H543.1  2 0.0057 0.0046 0.9400 0.0050 0.0072 0.0068 0.0068 0.0074 0.0165 
      H543.2  2 0.0150 0.0059 0.8609 0.0107 0.0098 0.0078 0.0242 0.0134 0.0522 
      H543.3  2 0.0070 0.0047 0.9301 0.0120 0.0071 0.0083 0.0079 0.0094 0.0135 
      H543.4  2 0.0066 0.0055 0.9425 0.0054 0.0078 0.0051 0.0110 0.0075 0.0085 
      H543.5  2 0.0082 0.0050 0.9435 0.0055 0.0080 0.0051 0.0095 0.0073 0.0079 
      H543.6  2 0.0323 0.0042 0.8140 0.0097 0.0109 0.0088 0.0221 0.0700 0.0279 
      H543.7  2 0.0040 0.0055 0.9612 0.0046 0.0049 0.0039 0.0059 0.0052 0.0048 
      H543.8  2 0.0214 0.0063 0.8817 0.0195 0.0082 0.0089 0.0120 0.0145 0.0275 
      H543.9  2 0.0084 0.0048 0.9343 0.0075 0.0057 0.0071 0.0095 0.0105 0.0122 
 H545.1_2005  2 0.0036 0.0038 0.9704 0.0040 0.0038 0.0043 0.0031 0.0037 0.0033 
 H545.1_2006  2 0.0049 0.0075 0.9541 0.0059 0.0051 0.0063 0.0060 0.0046 0.0056 
 H545.2_2005  2 0.0091 0.0096 0.9366 0.0085 0.0059 0.0092 0.0065 0.0072 0.0076 
 H545.2_2006  2 0.0063 0.0042 0.9593 0.0049 0.0051 0.0048 0.0048 0.0045 0.0061 
 H545.3_2005  2 0.0088 0.0087 0.9362 0.0054 0.0067 0.0112 0.0089 0.0082 0.0059 
 H545.3_2006  2 0.0073 0.0059 0.9557 0.0069 0.0050 0.0044 0.0051 0.0046 0.0051 
 H545.4_2005  2 0.0069 0.0087 0.9391 0.0063 0.0054 0.0089 0.0111 0.0085 0.0052 
 H545.4_2006  2 0.0067 0.0080 0.9531 0.0040 0.0040 0.0064 0.0063 0.0055 0.0060 
 H545.5_2005  2 0.0092 0.0072 0.9494 0.0066 0.0059 0.0051 0.0042 0.0046 0.0078 
 H545.5_2006  2 0.0064 0.0068 0.9384 0.0056 0.0071 0.0108 0.0078 0.0074 0.0096 
 H545.6_2005  2 0.0064 0.0037 0.9651 0.0041 0.0041 0.0042 0.0037 0.0038 0.0049 
 H545.6_2006  2 0.0060 0.0045 0.9595 0.0044 0.0053 0.0056 0.0051 0.0052 0.0044 
 H545.7_2005  2 0.0084 0.0042 0.9554 0.0053 0.0058 0.0050 0.0042 0.0060 0.0057 
 H545.7_2006  2 0.0097 0.0101 0.9435 0.0073 0.0051 0.0052 0.0058 0.0059 0.0075 
 H545.8_2005  2 0.0084 0.0073 0.9255 0.0095 0.0096 0.0101 0.0091 0.0089 0.0116 
 H545.8_2006  2 0.0060 0.0043 0.9603 0.0046 0.0047 0.0055 0.0047 0.0048 0.0053 
      H545.9  2 0.0074 0.0060 0.9463 0.0049 0.0063 0.0081 0.0071 0.0081 0.0059 
      H547.1  2 0.0107 0.0097 0.0063 0.0078 0.0081 0.0216 0.0139 0.0187 0.9031 
      H547.2  2 0.0082 0.1126 0.0093 0.0134 0.0069 0.0073 0.0928 0.0158 0.7338 
      H547.3  2 0.0155 0.0125 0.0153 0.0076 0.0290 0.1227 0.1257 0.0327 0.6391 
      H547.4  2 0.0132 0.0194 0.0080 0.0252 0.0118 0.0499 0.1050 0.0206 0.7469 
      H547.5  2 0.0068 0.0419 0.0053 0.0043 0.0068 0.0121 0.1806 0.0073 0.7349 
      H547.6  2 0.0108 0.0072 0.0202 0.0070 0.0075 0.0107 0.0212 0.0184 0.8971 
      H547.7  2 0.0146 0.0152 0.0135 0.0093 0.0168 0.0821 0.0386 0.0338 0.7760 
      H547.8  2 0.0102 0.0087 0.0093 0.0063 0.0053 0.0198 0.0217 0.0180 0.9007 
      H548.1  2 0.0080 0.0087 0.9488 0.0055 0.0040 0.0074 0.0062 0.0054 0.0059 
      H548.2  2 0.0079 0.0061 0.9403 0.0067 0.0074 0.0112 0.0078 0.0059 0.0066 
      H548.3  2 0.0104 0.0081 0.9407 0.0062 0.0073 0.0075 0.0057 0.0078 0.0064 
      H548.4  2 0.0351 0.0256 0.8424 0.0285 0.0182 0.0132 0.0111 0.0155 0.0103 
      H548.5  2 0.0072 0.0062 0.9510 0.0064 0.0061 0.0058 0.0065 0.0062 0.0047 
      H548.6  2 0.0125 0.0079 0.9414 0.0057 0.0050 0.0112 0.0060 0.0052 0.0051 
      H548.7  2 0.0094 0.0063 0.9435 0.0083 0.0055 0.0076 0.0064 0.0062 0.0068 
      H548.8  2 0.0080 0.0060 0.9382 0.0097 0.0100 0.0092 0.0066 0.0073 0.0050 
      H548.9  2 0.0119 0.0110 0.9068 0.0108 0.0135 0.0128 0.0120 0.0125 0.0086 
     H7389.1  2 0.0171 0.0066 0.0089 0.0084 0.0111 0.0058 0.0197 0.0102 0.9123 
     H7389.2  2 0.0073 0.0046 0.0379 0.0113 0.0174 0.0073 0.0237 0.0049 0.8856 
     H7389.3  2 0.0064 0.0061 0.0134 0.0094 0.0101 0.0061 0.0239 0.0049 0.9197 
     H7389.4  2 0.0377 0.0096 0.0416 0.0126 0.0098 0.0086 0.0052 0.0111 0.8639 
     H7389.5  2 0.1371 0.0098 0.0180 0.0147 0.0159 0.0110 0.0087 0.0155 0.7692 
     H7389.6  2 0.5912 0.0066 0.0048 0.0216 0.0149 0.0079 0.0073 0.0058 0.3399 
     H7389.7  2 0.0404 0.0071 0.0228 0.0165 0.0064 0.0075 0.0303 0.0065 0.8625 
     H7389.8  2 0.1372 0.0152 0.1644 0.0238 0.0809 0.0196 0.0145 0.0186 0.5259 
     H7389.9  2 0.0870 0.0066 0.0287 0.0247 0.0257 0.0084 0.0079 0.0095 0.8014 
      H747.1  2 0.5589 0.0236 0.0160 0.0185 0.0272 0.0973 0.1895 0.0311 0.0380 
      H747.2  2 0.9056 0.0159 0.0088 0.0067 0.0152 0.0207 0.0147 0.0057 0.0068 
      H747.3  2 0.7790 0.0166 0.0106 0.0100 0.0350 0.0890 0.0231 0.0185 0.0182 
      H747.4  2 0.6467 0.1058 0.0086 0.0116 0.0230 0.0800 0.0935 0.0128 0.0181 
      H747.5  2 0.8596 0.0250 0.0067 0.0074 0.0110 0.0609 0.0130 0.0072 0.0093 
      H747.6  2 0.8865 0.0141 0.0185 0.0090 0.0187 0.0086 0.0233 0.0097 0.0116 
      H747.7  2 0.8744 0.0086 0.0111 0.0078 0.0165 0.0277 0.0194 0.0213 0.0131 
     H7484.1  2 0.0525 0.0779 0.0072 0.5130 0.0225 0.0197 0.0181 0.2080 0.0809 
     H7484.2  2 0.0516 0.1988 0.0058 0.1849 0.0800 0.0176 0.0196 0.4287 0.0129 
     H7484.3  2 0.0684 0.2486 0.0112 0.3554 0.0771 0.0333 0.0354 0.1519 0.0186 
     H7484.4  2 0.0735 0.1662 0.0057 0.2304 0.0531 0.0220 0.0139 0.3886 0.0466 
     H7484.5  2 0.1484 0.0591 0.0085 0.4340 0.2268 0.0166 0.0253 0.0620 0.0193 
     H7484.6  2 0.3070 0.3285 0.0077 0.0362 0.1189 0.0950 0.0377 0.0557 0.0131 
     H7484.7  2 0.1265 0.0524 0.0055 0.1921 0.0482 0.0667 0.0119 0.4797 0.0170 
     H7484.8  2 0.1570 0.1298 0.0054 0.3408 0.1381 0.0108 0.0211 0.1160 0.0810 
     H7485.1  2 0.0072 0.0079 0.9326 0.0111 0.0071 0.0078 0.0082 0.0099 0.0082 
     H7485.2  2 0.0127 0.0056 0.9434 0.0051 0.0076 0.0041 0.0039 0.0096 0.0079 
     H7485.3  2 0.0070 0.0091 0.9550 0.0050 0.0038 0.0050 0.0042 0.0056 0.0053 
     H7485.4  2 0.0177 0.0053 0.9308 0.0072 0.0094 0.0039 0.0044 0.0133 0.0081 
     H7485.5  2 0.0079 0.0087 0.9255 0.0123 0.0090 0.0060 0.0084 0.0149 0.0073 
     H7485.6  2 0.0084 0.0069 0.9277 0.0129 0.0066 0.0059 0.0093 0.0148 0.0075 
     H7485.7  2 0.0086 0.0156 0.9329 0.0076 0.0061 0.0084 0.0069 0.0086 0.0053 
     H7496.1  2 0.0189 0.0207 0.0049 0.0439 0.0479 0.0222 0.0195 0.0107 0.8112 
    H7496.10  2 0.0094 0.0166 0.0050 0.0223 0.0126 0.0063 0.0122 0.0165 0.8991 
    H7496.11  2 0.0439 0.0358 0.7060 0.0969 0.0158 0.0261 0.0207 0.0072 0.0474 
     H7496.2  2 0.0304 0.0215 0.0051 0.0414 0.0379 0.0223 0.0120 0.0237 0.8058 
     H7496.3  2 0.0327 0.0459 0.0074 0.5448 0.1095 0.0240 0.0268 0.0540 0.1548 
     H7496.4  2 0.0196 0.0234 0.0087 0.0222 0.0443 0.0102 0.0144 0.0131 0.8440 
     H7496.5  2 0.0131 0.0281 0.0073 0.0297 0.0308 0.0357 0.0178 0.0081 0.8295 
     H7496.6  2 0.0218 0.0190 0.0042 0.0236 0.0722 0.0503 0.0098 0.0145 0.7846 
     H7496.7  2 0.0195 0.0177 0.0058 0.0173 0.0183 0.0083 0.0102 0.0128 0.8901 
     H7496.8  2 0.0695 0.0454 0.0108 0.0788 0.3216 0.0186 0.0329 0.0495 0.3730 
        UNK4  2 0.2494 0.0298 0.0446 0.0208 0.3338 0.0152 0.0327 0.0361 0.2376 
        UNK5  2 0.0408 0.0472 0.0397 0.0412 0.0175 0.0063 0.0119 0.0400 0.7555 
        UNK6  2 0.0893 0.0149 0.0326 0.0262 0.3958 0.0113 0.0361 0.0153 0.3786 
        UNK7  2 0.0175 0.0200 0.1329 0.0145 0.0088 0.0054 0.0133 0.0119 0.7757 
        UNK8  2 0.0391 0.0156 0.1790 0.0175 0.0527 0.0071 0.0086 0.0291 0.6512 
        UNK9  2 0.2955 0.0217 0.1594 0.1436 0.0704 0.0108 0.0102 0.0100 0.2784 
      H009.1  4 0.0137 0.0096 0.0075 0.0098 0.0089 0.2040 0.0146 0.7220 0.0097 
      H009.2  4 0.0305 0.0116 0.0054 0.0081 0.0322 0.3260 0.0096 0.5682 0.0085 
      H009.3  4 0.0186 0.0104 0.0064 0.0132 0.0120 0.1809 0.0133 0.7366 0.0085 
      H009.4  4 0.0484 0.0215 0.0122 0.0141 0.0320 0.3130 0.0163 0.5292 0.0133 
      H009.5  4 0.0711 0.0103 0.0244 0.0095 0.0583 0.1403 0.0066 0.6734 0.0063 
      H009.6  4 0.0101 0.0184 0.0085 0.0140 0.0172 0.1714 0.0268 0.7257 0.0079 
      H046.4  4 0.0320 0.0368 0.0314 0.3107 0.1037 0.2807 0.0413 0.0860 0.0773 
      H046.8  4 0.0440 0.3270 0.0292 0.0471 0.0365 0.0803 0.3151 0.0829 0.0378 
 H076.1_2002  4 0.0067 0.0079 0.0080 0.0067 0.0066 0.0132 0.9314 0.0080 0.0116 
 H076.1_2003  4 0.0062 0.0052 0.0052 0.0048 0.0057 0.0086 0.9538 0.0058 0.0047 
 H076.1_2004  4 0.0065 0.0100 0.0073 0.0076 0.0079 0.0081 0.9383 0.0077 0.0066 
 H076.2_2002  4 0.0069 0.0067 0.0078 0.0060 0.0054 0.0125 0.9363 0.0062 0.0121 
 H076.2_2003  4 0.0063 0.0116 0.0106 0.0061 0.0077 0.0070 0.9349 0.0094 0.0064 
 H076.2_2004  4 0.0120 0.0119 0.0078 0.0122 0.0252 0.1189 0.7764 0.0190 0.0167 
 H076.3_2002  4 0.0297 0.0209 0.0074 0.0402 0.0709 0.5056 0.2839 0.0283 0.0131 
 H076.3_2003  4 0.0091 0.0156 0.0162 0.0063 0.0067 0.0099 0.9182 0.0089 0.0091 
 H076.3_2004  4 0.0055 0.0090 0.0111 0.0126 0.0121 0.0065 0.9280 0.0065 0.0087 
 H076.4_2002  4 0.0183 0.1746 0.0149 0.0283 0.0530 0.0612 0.5641 0.0613 0.0243 
 H076.4_2003  4 0.0100 0.0092 0.0060 0.0052 0.0082 0.0209 0.9234 0.0098 0.0073 
 H076.4_2004  4 0.0163 0.0186 0.0106 0.0163 0.0763 0.2674 0.4990 0.0560 0.0395 
 H076.5_2002  4 0.0072 0.0061 0.0053 0.0125 0.0107 0.0160 0.9123 0.0145 0.0152 
 H076.5_2003  4 0.0100 0.0795 0.0481 0.0072 0.0092 0.0152 0.8028 0.0134 0.0147 
 H076.5_2004  4 0.0095 0.2526 0.0142 0.0258 0.0186 0.0186 0.5474 0.0611 0.0521 
 H076.6_2002  4 0.0076 0.0091 0.0091 0.0070 0.0067 0.0073 0.9361 0.0107 0.0063 
 H076.6_2003  4 0.0071 0.0092 0.0167 0.0060 0.0133 0.0110 0.9123 0.0117 0.0127 
 H076.6_2004  4 0.0064 0.1087 0.0099 0.0097 0.0191 0.0166 0.8003 0.0193 0.0100 
 H076.7_2002  4 0.0545 0.0231 0.0106 0.0330 0.1168 0.2915 0.3630 0.0654 0.0419 
 H076.7_2003  4 0.0098 0.0095 0.0133 0.0071 0.0086 0.0283 0.9019 0.0062 0.0152 
 H076.7_2004  4 0.0139 0.0163 0.0141 0.0142 0.0109 0.0619 0.8320 0.0251 0.0115 
      H477.1  4 0.5937 0.0062 0.0082 0.0071 0.2959 0.0434 0.0187 0.0062 0.0204 
      H477.2  4 0.7145 0.0317 0.0062 0.0097 0.0738 0.0895 0.0167 0.0104 0.0475 
      H477.3  4 0.7738 0.0166 0.0156 0.0223 0.1031 0.0295 0.0121 0.0079 0.0191 
      H477.4  4 0.8272 0.0070 0.0199 0.0091 0.0722 0.0258 0.0091 0.0061 0.0236 
      H477.5  4 0.7545 0.1018 0.0168 0.0082 0.0264 0.0238 0.0147 0.0159 0.0380 
      H477.6  4 0.7902 0.0230 0.0135 0.0156 0.0435 0.0705 0.0078 0.0109 0.0248 
      H477.7  4 0.8372 0.0213 0.0199 0.0068 0.0696 0.0138 0.0103 0.0062 0.0150 
 H479.1_2005  4 0.3134 0.0406 0.0077 0.2614 0.0120 0.0780 0.0058 0.0374 0.2437 
 H479.1_2006  4 0.0243 0.1252 0.0773 0.1061 0.0130 0.4628 0.1606 0.0150 0.0156 
     H479.10  4 0.2585 0.2855 0.0128 0.2704 0.0230 0.0655 0.0233 0.0221 0.0390 
 H479.2_2005  4 0.0441 0.6982 0.0096 0.0733 0.0245 0.0114 0.0125 0.0897 0.0366 
 H479.2_2006  4 0.0224 0.0200 0.0322 0.1387 0.0215 0.6957 0.0053 0.0122 0.0521 
 H479.3_2005  4 0.3082 0.0850 0.0067 0.1981 0.0451 0.1573 0.0262 0.0161 0.1574 
 H479.3_2006  4 0.3143 0.0282 0.0053 0.0762 0.0157 0.3026 0.0521 0.0134 0.1921 
 H479.4_2005  4 0.6215 0.1243 0.0072 0.0440 0.0146 0.1038 0.0168 0.0177 0.0501 
 H479.4_2006  4 0.1374 0.0634 0.0085 0.4487 0.0418 0.1505 0.0087 0.0217 0.1194 
 H479.5_2005  4 0.0331 0.6865 0.0105 0.1610 0.0217 0.0187 0.0149 0.0259 0.0277 
 H479.5_2006  4 0.2157 0.0306 0.0080 0.1722 0.0074 0.4659 0.0095 0.0124 0.0783 
 H479.6_2005  4 0.0292 0.9011 0.0113 0.0105 0.0088 0.0102 0.0081 0.0070 0.0138 
 H479.6_2006  4 0.2343 0.0252 0.0123 0.5796 0.0157 0.0247 0.0071 0.0099 0.0913 
 H479.7_2005  4 0.2149 0.2413 0.0124 0.0403 0.0529 0.0245 0.0170 0.0187 0.3780 
 H479.7_2006  4 0.4877 0.0198 0.0155 0.1005 0.0097 0.1594 0.0129 0.0175 0.1770 
 H479.8_2005  4 0.1074 0.1136 0.0089 0.0713 0.0264 0.0235 0.0071 0.0093 0.6325 
 H479.8_2006  4 0.0370 0.8424 0.0216 0.0176 0.0094 0.0493 0.0091 0.0080 0.0057 
      H479.9  4 0.0229 0.2052 0.0050 0.0457 0.0080 0.6648 0.0316 0.0081 0.0087 
      H516.1  4 0.0162 0.0186 0.0136 0.0176 0.0292 0.5799 0.1230 0.1865 0.0154 
      H516.2  4 0.0291 0.0164 0.0062 0.0079 0.0124 0.8916 0.0099 0.0197 0.0070 
      H516.3  4 0.0558 0.1360 0.0066 0.0102 0.0233 0.6915 0.0172 0.0505 0.0089 
      H516.4  4 0.0377 0.0423 0.0075 0.0121 0.0143 0.8373 0.0204 0.0217 0.0066 
      H516.5  4 0.0097 0.0161 0.0285 0.0093 0.0159 0.8069 0.0455 0.0577 0.0105 
      H516.6  4 0.0145 0.0097 0.0127 0.0072 0.0093 0.9275 0.0061 0.0087 0.0043 
      H516.7  4 0.0277 0.0115 0.0072 0.0164 0.0545 0.8316 0.0319 0.0096 0.0096 
      H516.8  4 0.0176 0.0257 0.0088 0.0121 0.0179 0.7949 0.0256 0.0907 0.0067 
      H516.9  4 0.0376 0.0193 0.0054 0.0163 0.0204 0.8621 0.0139 0.0155 0.0093 
      H646.1  4 0.0556 0.0128 0.0040 0.0119 0.0795 0.6046 0.1219 0.0938 0.0158 
      H646.2  4 0.0343 0.0080 0.0050 0.0050 0.0122 0.5935 0.2259 0.0997 0.0163 
      H646.3  4 0.0293 0.0066 0.0048 0.0111 0.0155 0.7259 0.0389 0.1618 0.0061 
      H646.4  4 0.0324 0.0103 0.0093 0.0088 0.0235 0.4944 0.3696 0.0275 0.0241 
      H646.5  4 0.0081 0.0077 0.0047 0.0140 0.0093 0.8617 0.0578 0.0284 0.0082 
      H658.1  4 0.0088 0.0234 0.0651 0.0078 0.0128 0.8455 0.0116 0.0186 0.0063 
     H658.10  4 0.0090 0.0062 0.0048 0.0047 0.0068 0.9467 0.0059 0.0078 0.0081 
      H658.2  4 0.0111 0.0153 0.0384 0.0073 0.0357 0.8372 0.0265 0.0226 0.0059 
      H658.3  4 0.0130 0.0152 0.0111 0.0134 0.0103 0.9021 0.0084 0.0118 0.0147 
      H658.4  4 0.0212 0.0121 0.0065 0.0135 0.0117 0.9016 0.0080 0.0149 0.0105 
      H658.5  4 0.0065 0.0061 0.0032 0.0081 0.0086 0.9498 0.0043 0.0061 0.0074 
      H658.6  4 0.0116 0.0159 0.0113 0.0100 0.0653 0.8378 0.0155 0.0256 0.0070 
      H658.7  4 0.0157 0.0372 0.0153 0.0121 0.0485 0.8164 0.0265 0.0218 0.0065 
      H658.8  4 0.0129 0.0886 0.0441 0.0077 0.0227 0.7148 0.0423 0.0584 0.0085 
      H658.9  4 0.0135 0.0148 0.0118 0.0145 0.0228 0.8783 0.0216 0.0170 0.0058 
      H682.1  4 0.0673 0.6127 0.0080 0.1134 0.1093 0.0205 0.0203 0.0207 0.0278 
      H682.6  4 0.0485 0.0976 0.0153 0.1771 0.0759 0.1823 0.0737 0.2606 0.0689 
      H720.1  4 0.2254 0.0462 0.0081 0.0395 0.0718 0.1929 0.1950 0.0226 0.1984 
      H720.2  4 0.2561 0.0357 0.0066 0.0324 0.0432 0.3636 0.0822 0.0352 0.1449 
      H720.3  4 0.2384 0.1160 0.0087 0.0835 0.0679 0.0233 0.4298 0.0173 0.0150 
      H720.4  4 0.1190 0.0377 0.0159 0.0483 0.2893 0.3938 0.0528 0.0164 0.0269 
      H720.5  4 0.3525 0.0687 0.0381 0.0745 0.1079 0.0236 0.2803 0.0316 0.0229 
      H720.6  4 0.3861 0.0716 0.0349 0.0726 0.0782 0.0209 0.2870 0.0298 0.0190 
      H720.7  4 0.7556 0.0120 0.0063 0.0220 0.0276 0.0721 0.0118 0.0281 0.0646 
      H720.8  4 0.2762 0.1143 0.0080 0.1687 0.0755 0.0148 0.2316 0.0552 0.0557 
      H720.9  4 0.0335 0.2823 0.0067 0.4205 0.0584 0.0695 0.0371 0.0737 0.0183 
      H724.1  4 0.0110 0.0436 0.0101 0.0195 0.0352 0.0100 0.8370 0.0237 0.0099 
      H724.2  4 0.0226 0.0622 0.0299 0.0397 0.0413 0.0265 0.6975 0.0203 0.0600 
