      H008.1  2 0.0089 0.0130 0.0070 0.9378 0.0133 0.0103 0.0096 
      H008.2  2 0.0426 0.1689 0.2815 0.2872 0.0252 0.1409 0.0537 
      H008.3  2 0.0320 0.3535 0.1059 0.1876 0.0286 0.0959 0.1966 
      H008.4  2 0.0113 0.0129 0.0483 0.8608 0.0276 0.0204 0.0187 
      H008.5  2 0.0126 0.0306 0.0265 0.8634 0.0163 0.0189 0.0316 
      H008.6  2 0.0153 0.0948 0.2163 0.5669 0.0254 0.0670 0.0143 
      H008.7  2 0.0212 0.0654 0.1068 0.6469 0.0466 0.0340 0.0791 
      H008.8  2 0.0352 0.0409 0.0460 0.4997 0.0286 0.3244 0.0253 
      H008.9  2 0.0269 0.0559 0.6324 0.0445 0.0217 0.1949 0.0237 
 H029.1_2002  2 0.0109 0.0086 0.0188 0.8904 0.0151 0.0149 0.0412 
 H029.1_2003  2 0.0208 0.0456 0.0418 0.7603 0.0262 0.0325 0.0728 
 H029.2_2002  2 0.0121 0.0313 0.0300 0.8393 0.0093 0.0145 0.0635 
 H029.2_2003  2 0.0237 0.0803 0.0490 0.7452 0.0095 0.0351 0.0572 
 H029.3_2002  2 0.0268 0.0405 0.1295 0.5449 0.0122 0.0199 0.2262 
 H029.3_2003  2 0.0135 0.0176 0.0091 0.9107 0.0128 0.0072 0.0291 
 H029.4_2002  2 0.0109 0.0064 0.0179 0.9277 0.0149 0.0063 0.0159 
 H029.4_2003  2 0.0188 0.0246 0.0291 0.8234 0.0195 0.0189 0.0657 
 H029.5_2002  2 0.0080 0.0069 0.0097 0.9335 0.0166 0.0070 0.0183 
 H029.5_2003  2 0.0093 0.0156 0.0148 0.9293 0.0099 0.0089 0.0122 
 H029.6_2002  2 0.0093 0.0101 0.0432 0.7060 0.0145 0.0075 0.2092 
 H029.6_2003  2 0.0301 0.0747 0.0122 0.7983 0.0323 0.0233 0.0292 
      H029.7  2 0.0067 0.0124 0.0260 0.9140 0.0082 0.0124 0.0202 
      H030.1  2 0.5671 0.0326 0.0059 0.0515 0.0195 0.0178 0.3056 
      H030.2  2 0.2606 0.0341 0.0968 0.2207 0.1304 0.0095 0.2480 
      H038.1  2 0.0059 0.0082 0.0453 0.9029 0.0111 0.0137 0.0130 
      H038.2  2 0.0114 0.0090 0.0081 0.9488 0.0076 0.0049 0.0101 
      H038.3  2 0.0579 0.0127 0.0436 0.8526 0.0152 0.0092 0.0088 
      H038.4  2 0.0219 0.0083 0.0338 0.8944 0.0215 0.0093 0.0108 
      H038.5  2 0.0529 0.0122 0.0360 0.8654 0.0100 0.0062 0.0173 
      H038.6  2 0.0080 0.0113 0.0154 0.9426 0.0054 0.0064 0.0110 
      H038.7  2 0.0148 0.0097 0.0136 0.9440 0.0076 0.0058 0.0045 
      H038.8  2 0.0392 0.0112 0.1334 0.7825 0.0163 0.0077 0.0098 
      H041.1  2 0.0305 0.0168 0.0443 0.5034 0.1578 0.0237 0.2235 
      H041.2  2 0.0116 0.0135 0.0230 0.3156 0.5573 0.0155 0.0635 
      H041.4  2 0.0156 0.0131 0.0375 0.8145 0.0417 0.0295 0.0481 
      H041.6  2 0.0150 0.0124 0.0146 0.7921 0.0608 0.0421 0.0631 
 H042.1_2002  2 0.0178 0.0577 0.0245 0.0309 0.1429 0.0767 0.6494 
 H042.1_2003  2 0.0316 0.2088 0.1620 0.2547 0.2109 0.0840 0.0480 
 H042.2_2002  2 0.0166 0.0539 0.0269 0.7069 0.0878 0.0115 0.0964 
 H042.2_2003  2 0.0134 0.0235 0.0085 0.3428 0.5415 0.0482 0.0222 
 H042.3_2002  2 0.0250 0.0930 0.0275 0.0310 0.4609 0.0312 0.3315 
 H042.3_2003  2 0.0373 0.1042 0.0568 0.3473 0.3026 0.0528 0.0991 
 H042.4_2002  2 0.0268 0.0358 0.0275 0.0590 0.0811 0.0300 0.7399 
 H042.4_2003  2 0.0210 0.0167 0.0071 0.1693 0.0371 0.0738 0.6751 
      H042.5  2 0.0114 0.0198 0.0052 0.0172 0.0165 0.0255 0.9045 
      H042.6  2 0.0119 0.0210 0.0110 0.0502 0.0195 0.0542 0.8322 
      H042.7  2 0.0128 0.0179 0.0055 0.0533 0.5600 0.0236 0.3269 
      H042.8  2 0.0118 0.0435 0.0465 0.0834 0.2391 0.0248 0.5509 
   H042_2002  2 0.0181 0.0683 0.0389 0.4100 0.1434 0.2929 0.0283 
   H042_2003  2 0.0168 0.0698 0.0469 0.4434 0.1459 0.2548 0.0224 
      H043.1  2 0.2607 0.0577 0.3944 0.1458 0.0218 0.0750 0.0446 
      H043.2  2 0.0145 0.0276 0.4292 0.1321 0.0216 0.3642 0.0109 
      H043.3  2 0.0316 0.0306 0.0637 0.8074 0.0166 0.0421 0.0080 
      H043.4  2 0.0189 0.0292 0.2617 0.3376 0.0250 0.3162 0.0114 
      H043.5  2 0.0287 0.0250 0.5208 0.3426 0.0258 0.0439 0.0131 
      H043.6  2 0.0143 0.0255 0.3980 0.4796 0.0291 0.0435 0.0100 
      H043.7  2 0.0314 0.0103 0.2622 0.0938 0.0272 0.5690 0.0062 
      H043.8  2 0.4572 0.0360 0.0777 0.1214 0.0533 0.2357 0.0188 
      H043.9  2 0.1972 0.0253 0.2083 0.4180 0.0147 0.1006 0.0358 
      H047.1  2 0.0205 0.0254 0.0106 0.8916 0.0191 0.0249 0.0080 
      H047.2  2 0.0341 0.0657 0.0075 0.8049 0.0227 0.0263 0.0389 
      H047.3  2 0.0385 0.0666 0.0097 0.7735 0.0559 0.0289 0.0270 
      H047.4  2 0.0258 0.0154 0.0055 0.8484 0.0538 0.0308 0.0203 
      H047.5  2 0.0317 0.0542 0.0052 0.7886 0.0601 0.0490 0.0111 
      H047.6  2 0.0640 0.0279 0.0243 0.6967 0.0873 0.0684 0.0314 
      H047.7  2 0.0161 0.0141 0.0119 0.8551 0.0746 0.0170 0.0112 
      H047.8  2 0.0312 0.0516 0.0154 0.7112 0.0814 0.0870 0.0223 
      H047.9  2 0.0168 0.0312 0.0043 0.8587 0.0451 0.0321 0.0119 
 H071.1_2002  2 0.0067 0.0100 0.0086 0.9488 0.0079 0.0113 0.0068 
 H071.1_2003  2 0.0221 0.0229 0.0165 0.7774 0.0175 0.1304 0.0131 
     H071.10  2 0.0350 0.0057 0.0108 0.9209 0.0089 0.0076 0.0112 
 H071.2_2002  2 0.0098 0.0087 0.0115 0.9422 0.0085 0.0117 0.0076 
 H071.2_2003  2 0.0048 0.0057 0.0039 0.9659 0.0053 0.0071 0.0073 
      H071.3  2 0.0240 0.0089 0.0111 0.9298 0.0104 0.0071 0.0087 
 H071.4_2002  2 0.0438 0.0101 0.0158 0.8997 0.0107 0.0101 0.0099 
 H071.4_2003  2 0.0111 0.0080 0.0035 0.9606 0.0063 0.0057 0.0047 
 H071.5_2002  2 0.0119 0.0063 0.0064 0.9530 0.0057 0.0075 0.0091 
 H071.5_2003  2 0.0186 0.0137 0.0050 0.9372 0.0085 0.0106 0.0064 
 H071.6_2002  2 0.0118 0.0066 0.0071 0.9504 0.0094 0.0092 0.0055 
 H071.6_2003  2 0.0189 0.0069 0.0041 0.9459 0.0081 0.0104 0.0057 
 H071.7_2002  2 0.0054 0.0062 0.0049 0.9645 0.0065 0.0077 0.0048 
 H071.7_2003  2 0.0226 0.0131 0.0061 0.9285 0.0100 0.0131 0.0066 
      H071.8  2 0.0066 0.0067 0.0097 0.9464 0.0090 0.0136 0.0079 
      H071.9  2 0.1054 0.0090 0.0188 0.8124 0.0199 0.0220 0.0125 
 H081.1_2002  2 0.0050 0.0063 0.0053 0.9566 0.0073 0.0104 0.0091 
 H081.1_2003  2 0.0734 0.0602 0.4326 0.1255 0.0565 0.1206 0.1313 
 H081.2_2002  2 0.0075 0.0065 0.0064 0.9452 0.0073 0.0183 0.0088 
 H081.2_2003  2 0.6641 0.0216 0.0179 0.1119 0.0112 0.1199 0.0534 
 H081.3_2002  2 0.0130 0.0076 0.0098 0.9278 0.0090 0.0225 0.0103 
 H081.3_2003  2 0.4646 0.0218 0.0342 0.0585 0.0198 0.3572 0.0439 
 H081.4_2002  2 0.0092 0.0098 0.0044 0.9486 0.0091 0.0090 0.0099 
 H081.4_2003  2 0.2044 0.0911 0.0440 0.0766 0.0311 0.4052 0.1475 
 H081.5_2002  2 0.0091 0.0088 0.0071 0.9457 0.0079 0.0127 0.0087 
 H081.5_2003  2 0.0608 0.0438 0.0492 0.1322 0.0583 0.5666 0.0891 
      H081.6  2 0.0072 0.0077 0.0063 0.9551 0.0074 0.0094 0.0069 
      H081.7  2 0.0118 0.0061 0.0069 0.9348 0.0077 0.0250 0.0076 
      H081.8  2 0.0440 0.0100 0.0194 0.8722 0.0112 0.0174 0.0256 
      H083.1  2 0.0122 0.0102 0.0131 0.9244 0.0060 0.0063 0.0277 
      H083.2  2 0.0143 0.0078 0.0109 0.9249 0.0062 0.0118 0.0241 
      H083.4  2 0.0129 0.0097 0.0150 0.9040 0.0087 0.0093 0.0404 
      H083.5  2 0.0096 0.0136 0.0244 0.8819 0.0078 0.0104 0.0524 
      H083.6  2 0.0145 0.0117 0.0135 0.8939 0.0116 0.0099 0.0449 
      H083.7  2 0.0138 0.0099 0.0141 0.8747 0.0130 0.0112 0.0633 
      H083.8  2 0.0110 0.0088 0.0080 0.9352 0.0081 0.0120 0.0168 
      H083.9  2 0.0093 0.0077 0.0108 0.9010 0.0103 0.0077 0.0532 
      H084.1  2 0.8234 0.0105 0.0929 0.0187 0.0142 0.0117 0.0284 
      H084.2  2 0.7745 0.0147 0.1453 0.0151 0.0106 0.0104 0.0293 
      H084.3  2 0.2910 0.0280 0.3172 0.0090 0.2567 0.0179 0.0802 
      H084.4  2 0.3337 0.0246 0.3119 0.0242 0.2392 0.0139 0.0524 
      H084.5  2 0.7526 0.0131 0.0542 0.0121 0.1417 0.0142 0.0120 
      H084.6  2 0.7122 0.0087 0.1420 0.0078 0.0915 0.0136 0.0242 
      H084.7  2 0.9182 0.0075 0.0143 0.0170 0.0126 0.0107 0.0197 
      H084.8  2 0.7423 0.0114 0.1281 0.0090 0.0855 0.0113 0.0125 
 H085.1_2002  2 0.0128 0.0101 0.0499 0.2832 0.0113 0.4428 0.1899 
 H085.1_2003  2 0.0443 0.0107 0.0206 0.6240 0.0250 0.0300 0.2454 
 H085.2_2002  2 0.0235 0.0130 0.1040 0.0387 0.0250 0.5904 0.2054 
 H085.2_2003  2 0.0259 0.0210 0.0176 0.6649 0.0168 0.0263 0.2275 
 H085.3_2002  2 0.0116 0.0090 0.0088 0.0338 0.0239 0.8563 0.0567 
 H085.3_2003  2 0.0292 0.0190 0.0063 0.8668 0.0220 0.0336 0.0231 
 H085.4_2002  2 0.0180 0.0189 0.0986 0.2455 0.0191 0.4989 0.1010 
 H085.4_2003  2 0.0145 0.0107 0.0083 0.8639 0.0518 0.0275 0.0233 
 H085.5_2002  2 0.0083 0.0087 0.0110 0.0488 0.0134 0.8936 0.0161 
 H085.5_2003  2 0.0203 0.0168 0.0090 0.7712 0.0126 0.0155 0.1546 
 H085.6_2002  2 0.0236 0.0070 0.0188 0.0437 0.0118 0.7915 0.1036 
 H085.6_2003  2 0.0461 0.0308 0.0095 0.2236 0.2333 0.4275 0.0293 
 H085.7_2002  2 0.0171 0.0167 0.0181 0.0672 0.0146 0.7025 0.1638 
 H085.7_2003  2 0.0248 0.0158 0.0128 0.8567 0.0360 0.0303 0.0236 
 H085.8_2002  2 0.0217 0.0142 0.0115 0.0386 0.0329 0.8567 0.0243 
 H085.8_2003  2 0.0331 0.0167 0.0180 0.2343 0.0652 0.0490 0.5838 
      H085.9  2 0.0116 0.0112 0.0604 0.2012 0.0149 0.6098 0.0910 
      H088.1  2 0.0234 0.0475 0.0111 0.0185 0.0168 0.0294 0.8533 
      H088.2  2 0.0176 0.0205 0.0094 0.0120 0.0180 0.0326 0.8899 
      H088.3  2 0.0118 0.0179 0.0074 0.0103 0.0140 0.0226 0.9161 
      H088.4  2 0.0350 0.0362 0.0115 0.0417 0.0225 0.0173 0.8356 
      H088.5  2 0.0108 0.0134 0.0077 0.0121 0.0158 0.0145 0.9257 
      H088.6  2 0.0243 0.0152 0.0098 0.0329 0.0298 0.0124 0.8755 
      H088.7  2 0.0248 0.0171 0.0130 0.2522 0.0490 0.0197 0.6241 
      H088.8  2 0.0457 0.0538 0.0175 0.2708 0.0436 0.0219 0.5467 
      H091.1  2 0.0179 0.0131 0.0089 0.0212 0.0401 0.0144 0.8844 
      H091.2  2 0.0147 0.0213 0.0071 0.0573 0.0830 0.0150 0.8016 
      H109.1  2 0.8658 0.0124 0.0253 0.0259 0.0365 0.0192 0.0148 
      H109.2  2 0.8880 0.0086 0.0087 0.0389 0.0281 0.0110 0.0167 
      H109.3  2 0.6899 0.0531 0.0147 0.1372 0.0692 0.0150 0.0209 
      H109.4  2 0.8860 0.0147 0.0241 0.0224 0.0270 0.0138 0.0119 
      H109.5  2 0.1055 0.0206 0.0057 0.4760 0.3483 0.0158 0.0280 
      H109.6  2 0.8646 0.0178 0.0151 0.0326 0.0385 0.0221 0.0092 
      H126.1  2 0.0260 0.1539 0.0115 0.0292 0.0506 0.7163 0.0124 
      H126.2  2 0.0318 0.0263 0.0376 0.7870 0.0176 0.0808 0.0189 
      H126.3  2 0.0120 0.0283 0.0203 0.8734 0.0260 0.0283 0.0118 
      H126.4  2 0.0386 0.1993 0.0321 0.3511 0.0193 0.3405 0.0191 
      H126.5  2 0.0097 0.1556 0.0083 0.6182 0.0305 0.1662 0.0115 
      H126.6  2 0.0077 0.0122 0.0059 0.9206 0.0102 0.0293 0.0142 
      H126.7  2 0.0089 0.0106 0.0043 0.9493 0.0063 0.0112 0.0094 
      H130.1  2 0.0319 0.0487 0.0120 0.0129 0.0161 0.8382 0.0403 
      H130.2  2 0.6994 0.0337 0.0132 0.0489 0.0162 0.0887 0.0999 
      H130.3  2 0.1883 0.6481 0.0067 0.0388 0.0105 0.0501 0.0576 
      H130.4  2 0.1100 0.1312 0.0305 0.0142 0.0143 0.6478 0.0519 
      H130.5  2 0.1982 0.0148 0.0079 0.0727 0.0207 0.4281 0.2575 
      H133.1  2 0.3438 0.1242 0.1689 0.1169 0.0421 0.1436 0.0605 
      H133.2  2 0.3939 0.0333 0.0212 0.0392 0.0299 0.4487 0.0338 
      H133.3  2 0.2627 0.0613 0.1766 0.2245 0.0828 0.1233 0.0687 
      H133.4  2 0.5408 0.0791 0.1260 0.0597 0.0370 0.1302 0.0272 
      H133.5  2 0.3996 0.1225 0.0449 0.0264 0.0124 0.3261 0.0681 
      H133.6  2 0.3710 0.0532 0.0146 0.0446 0.0235 0.3628 0.1303 
      H133.7  2 0.1793 0.0291 0.1538 0.0698 0.3859 0.1562 0.0258 
      H133.8  2 0.1327 0.0936 0.2190 0.0565 0.0842 0.3476 0.0665 
      H133.9  2 0.2837 0.2253 0.1593 0.0831 0.0470 0.0969 0.1047 
      H147.1  2 0.0289 0.0076 0.0276 0.5023 0.2746 0.0615 0.0974 
      H147.2  2 0.0098 0.0077 0.0063 0.9306 0.0134 0.0156 0.0166 
      H147.3  2 0.0130 0.0102 0.0067 0.9241 0.0136 0.0216 0.0108 
      H147.4  2 0.0195 0.0078 0.0349 0.8921 0.0172 0.0120 0.0166 
      H147.5  2 0.0357 0.0279 0.0104 0.6876 0.0252 0.0240 0.1892 
      H147.6  2 0.0629 0.0269 0.0099 0.5843 0.0291 0.0204 0.2665 
      H147.7  2 0.0178 0.0113 0.0314 0.8814 0.0318 0.0124 0.0139 
      H147.8  2 0.0228 0.0101 0.0375 0.6794 0.0163 0.0062 0.2277 
      H147.9  2 0.0123 0.0082 0.0064 0.9265 0.0082 0.0229 0.0155 
      H148.1  2 0.2840 0.0182 0.0571 0.0149 0.2995 0.2656 0.0607 
      H148.2  2 0.1396 0.0119 0.0566 0.0312 0.5460 0.1912 0.0236 
      H148.3  2 0.0426 0.0139 0.0452 0.0118 0.8585 0.0142 0.0136 
      H148.4  2 0.0375 0.0250 0.0416 0.0267 0.6567 0.1925 0.0201 
      H148.5  2 0.0965 0.0482 0.0746 0.0231 0.6838 0.0306 0.0431 
      H148.6  2 0.0546 0.0116 0.1068 0.0184 0.6771 0.0703 0.0613 
      H148.7  2 0.2049 0.1206 0.0676 0.0188 0.4903 0.0630 0.0348 
      H148.8  2 0.0199 0.0196 0.0487 0.0137 0.7259 0.1509 0.0213 
      H148.9  2 0.1407 0.0461 0.1631 0.0137 0.4286 0.1813 0.0266 
   H166022.1  2 0.0091 0.0064 0.0088 0.0115 0.0143 0.0101 0.9399 
   H166022.2  2 0.0368 0.0199 0.0129 0.0482 0.0211 0.0162 0.8449 
   H166022.3  2 0.0110 0.0120 0.0056 0.0060 0.0057 0.0079 0.9518 
   H166022.4  2 0.0134 0.0182 0.0069 0.0087 0.0084 0.0068 0.9378 
   H166022.5  2 0.0273 0.0180 0.0061 0.0114 0.0086 0.0078 0.9208 
   H166022.6  2 0.0134 0.0107 0.0193 0.0092 0.0113 0.0134 0.9227 
   H166022.7  2 0.8475 0.0380 0.0795 0.0113 0.0079 0.0089 0.0069 
   H166022.8  2 0.0368 0.0134 0.0106 0.0141 0.0199 0.0830 0.8222 
   H167397.1  2 0.0241 0.0106 0.4983 0.0872 0.3116 0.0198 0.0486 
   H167397.2  2 0.0188 0.0190 0.5773 0.0445 0.0980 0.1652 0.0772 
   H167397.3  2 0.0141 0.0101 0.6044 0.0902 0.2170 0.0184 0.0457 
   H167397.4  2 0.0213 0.0157 0.7986 0.0403 0.0727 0.0233 0.0281 
   H167397.5  2 0.0364 0.0277 0.6818 0.0514 0.1002 0.0439 0.0586 
   H167397.6  2 0.0125 0.0143 0.5964 0.0745 0.2501 0.0173 0.0348 
   H167496.1  2 0.1650 0.0865 0.0093 0.0280 0.2907 0.0323 0.3882 
   H167496.2  2 0.2630 0.0406 0.0172 0.3211 0.2428 0.0890 0.0263 
   H167496.3  2 0.0346 0.0603 0.0155 0.0491 0.0609 0.3865 0.3930 
   H167496.4  2 0.0113 0.0094 0.0064 0.0238 0.0099 0.0093 0.9299 
   H167496.6  2 0.0311 0.0612 0.0067 0.0620 0.0176 0.0187 0.8027 
   H167496.7  2 0.0933 0.1070 0.0077 0.0291 0.5095 0.1541 0.0993 
   H167496.8  2 0.0373 0.0207 0.0090 0.0782 0.0436 0.0201 0.7910 
   H167513.1  2 0.5048 0.0461 0.0595 0.0613 0.0525 0.2159 0.0600 
   H167513.2  2 0.3432 0.0341 0.1379 0.0300 0.2549 0.1642 0.0358 
   H167513.3  2 0.6927 0.1513 0.0121 0.0163 0.0271 0.0162 0.0843 
   H167513.4  2 0.6428 0.0240 0.0164 0.0162 0.0411 0.0375 0.2220 
   H167513.5  2 0.3815 0.0200 0.1810 0.0485 0.1056 0.2068 0.0567 
   H167513.6  2 0.5142 0.0289 0.0339 0.0408 0.0805 0.1614 0.1403 
   H167513.7  2 0.7279 0.0244 0.0509 0.0246 0.0149 0.0341 0.1232 
   H167513.8  2 0.9089 0.0201 0.0285 0.0131 0.0065 0.0132 0.0096 
   H167547.1  2 0.0235 0.0352 0.0223 0.0110 0.8002 0.0724 0.0355 
   H167547.2  2 0.0139 0.0114 0.0138 0.0082 0.9138 0.0160 0.0229 
   H167547.3  2 0.0148 0.0113 0.0142 0.0078 0.9058 0.0157 0.0304 
   H167547.4  2 0.0290 0.0512 0.0502 0.0082 0.0711 0.1040 0.6863 
   H167547.5  2 0.0223 0.0212 0.0097 0.0125 0.7684 0.0196 0.1463 
   H167547.6  2 0.0194 0.0215 0.0098 0.0147 0.7592 0.0219 0.1536 
   H167547.7  2 0.1395 0.0513 0.0317 0.0427 0.1966 0.5035 0.0348 
   H169750.1  2 0.3417 0.2091 0.0148 0.0489 0.0291 0.2239 0.1324 
   H169750.2  2 0.2287 0.1420 0.0694 0.1975 0.1525 0.1830 0.0269 
   H169750.3  2 0.6749 0.0989 0.0061 0.0511 0.0270 0.0999 0.0422 
   H169750.4  2 0.0459 0.5061 0.0698 0.0536 0.0970 0.2075 0.0202 
   H169750.5  2 0.4885 0.0751 0.0209 0.1330 0.0185 0.1299 0.1341 
   H169750.6  2 0.2318 0.0660 0.0122 0.5493 0.0159 0.0798 0.0450 
   H169750.7  2 0.1916 0.4057 0.0247 0.0940 0.0661 0.1934 0.0245 
   H171929.1  2 0.0274 0.0268 0.6023 0.0424 0.0561 0.2258 0.0192 
  H171929.10  2 0.1425 0.0205 0.1289 0.1134 0.1770 0.1959 0.2218 
  H171929.11  2 0.1105 0.0711 0.4796 0.0391 0.1044 0.1584 0.0370 
   H171929.2  2 0.7248 0.0162 0.0212 0.0176 0.0538 0.1356 0.0308 
   H171929.3  2 0.3000 0.0270 0.2651 0.0541 0.1864 0.1027 0.0649 
   H171929.4  2 0.1099 0.0684 0.0099 0.0500 0.0366 0.4316 0.2937 
   H171929.5  2 0.6612 0.0302 0.1421 0.0271 0.0687 0.0360 0.0347 
   H171929.6  2 0.6462 0.0224 0.2055 0.0207 0.0419 0.0431 0.0202 
   H171929.7  2 0.0602 0.0251 0.0360 0.0364 0.0206 0.8047 0.0171 
   H171929.8  2 0.0781 0.0182 0.0226 0.0228 0.0218 0.8050 0.0315 
   H171929.9  2 0.1584 0.0268 0.0071 0.0417 0.0169 0.6413 0.1079 
   H171930.1  2 0.8578 0.0521 0.0221 0.0130 0.0299 0.0105 0.0146 
   H171930.2  2 0.6951 0.0783 0.0120 0.0302 0.0550 0.0270 0.1024 
   H171930.3  2 0.9037 0.0210 0.0204 0.0108 0.0206 0.0077 0.0157 
   H171930.4  2 0.7650 0.0842 0.0114 0.0123 0.0639 0.0073 0.0558 
   H171930.5  2 0.8105 0.0437 0.0187 0.0375 0.0261 0.0290 0.0346 
   H171930.6  2 0.7191 0.0721 0.0097 0.0781 0.0886 0.0082 0.0242 
   H171930.7  2 0.9060 0.0133 0.0298 0.0120 0.0159 0.0129 0.0100 
   H171930.8  2 0.8998 0.0099 0.0154 0.0155 0.0360 0.0112 0.0121 
   H171933.1  2 0.0169 0.0066 0.0309 0.0082 0.0182 0.0079 0.9114 
   H171933.2  2 0.0154 0.0081 0.0362 0.0135 0.0336 0.0138 0.8793 
   H171933.3  2 0.0261 0.0118 0.0135 0.0085 0.0367 0.0156 0.8878 
   H171933.4  2 0.0738 0.0132 0.0064 0.0081 0.0140 0.0302 0.8542 
   H171933.5  2 0.2120 0.1299 0.0137 0.0084 0.0866 0.0817 0.4676 
   H171933.6  2 0.0114 0.0079 0.0054 0.0138 0.0090 0.0081 0.9443 
   H171933.7  2 0.0316 0.0331 0.0225 0.0175 0.0386 0.0310 0.8258 
   H171933.8  2 0.1091 0.0154 0.0418 0.0209 0.0551 0.0483 0.7094 
   H171933.9  2 0.0172 0.0143 0.0052 0.0058 0.0074 0.0090 0.9411 
      H190.1  2 0.6637 0.2012 0.0083 0.0245 0.0422 0.0289 0.0312 
      H190.2  2 0.0173 0.0108 0.0078 0.0316 0.8832 0.0375 0.0119 
      H190.3  2 0.0282 0.0405 0.0130 0.0277 0.6665 0.1922 0.0319 
      H190.4  2 0.7606 0.0436 0.0078 0.0125 0.0144 0.0345 0.1266 
      H190.5  2 0.0351 0.0252 0.0058 0.1262 0.7283 0.0425 0.0368 
      H190.6  2 0.6970 0.0501 0.0094 0.0251 0.0225 0.0534 0.1425 
      H190.7  2 0.0331 0.0440 0.0192 0.0180 0.0743 0.7628 0.0486 
      H190.8  2 0.1304 0.1230 0.0077 0.0957 0.5041 0.1024 0.0367 
      H190.9  2 0.1449 0.0455 0.0136 0.0354 0.3606 0.3714 0.0287 
      H400.1  2 0.0143 0.0129 0.0066 0.0107 0.0097 0.0075 0.9382 
      H400.2  2 0.0108 0.0081 0.0085 0.0289 0.0134 0.0087 0.9216 
      H400.3  2 0.0249 0.0228 0.0123 0.0138 0.0201 0.0194 0.8866 
      H400.4  2 0.0262 0.0139 0.0059 0.0213 0.0200 0.0107 0.9021 
      H400.5  2 0.0354 0.0112 0.0085 0.0127 0.0117 0.0104 0.9100 
      H400.6  2 0.0105 0.0066 0.0057 0.0166 0.0106 0.0129 0.9372 
      H400.7  2 0.0162 0.0088 0.0060 0.0079 0.0086 0.0120 0.9405 
 H428.1_2005  2 0.0081 0.0089 0.0080 0.0101 0.0073 0.0074 0.9503 
 H428.1_2006  2 0.0077 0.0116 0.0092 0.0145 0.0106 0.0111 0.9352 
 H428.2_2005  2 0.0120 0.0062 0.0097 0.0065 0.0073 0.0110 0.9473 
 H428.2_2006  2 0.0079 0.0082 0.0099 0.0288 0.0073 0.0075 0.9303 
 H428.3_2005  2 0.0120 0.0064 0.0048 0.0100 0.0063 0.0073 0.9532 
 H428.3_2006  2 0.0104 0.0101 0.0096 0.0273 0.0096 0.0082 0.9247 
 H428.4_2005  2 0.0087 0.0083 0.0055 0.0082 0.0075 0.0062 0.9556 
 H428.4_2006  2 0.0055 0.0086 0.0071 0.0129 0.0056 0.0079 0.9525 
 H428.5_2005  2 0.0090 0.0056 0.0234 0.0134 0.0059 0.0065 0.9362 
 H428.6_2005  2 0.0079 0.0097 0.0063 0.0088 0.0077 0.0130 0.9466 
 H428.6_2006  2 0.0142 0.0282 0.0265 0.0221 0.0074 0.0117 0.8898 
      H428.7  2 0.0052 0.0077 0.0056 0.0082 0.0051 0.0068 0.9615 
      H428.8  2 0.0118 0.0106 0.0170 0.0159 0.0063 0.0073 0.9311 
      H428.9  2 0.0082 0.0068 0.0157 0.0113 0.0061 0.0078 0.9441 
      H453.1  2 0.0140 0.0210 0.0073 0.0379 0.0096 0.0101 0.9002 
      H453.2  2 0.0230 0.0160 0.0065 0.0097 0.0094 0.0192 0.9162 
      H453.3  2 0.0232 0.0117 0.0056 0.0127 0.0107 0.0292 0.9069 
      H453.4  2 0.0329 0.0148 0.0046 0.0107 0.0107 0.0175 0.9088 
      H453.5  2 0.0161 0.0157 0.0074 0.0383 0.0085 0.0088 0.9052 
      H453.6  2 0.0095 0.0072 0.0055 0.0255 0.0057 0.0063 0.9403 
      H453.7  2 0.0947 0.0132 0.0047 0.1183 0.0167 0.6674 0.0851 
      H453.8  2 0.1713 0.0288 0.0085 0.1460 0.0319 0.2576 0.3558 
      H453.9  2 0.0871 0.0324 0.0061 0.4442 0.0100 0.0814 0.3388 
      H512.1  2 0.0431 0.0703 0.0046 0.0195 0.0184 0.0223 0.8218 
     H512.10  2 0.1085 0.4610 0.0692 0.0603 0.0441 0.0373 0.2196 
      H512.2  2 0.0385 0.3347 0.0228 0.0284 0.1696 0.0530 0.3530 
      H512.3  2 0.0567 0.7249 0.0253 0.0189 0.0555 0.0149 0.1039 
      H512.4  2 0.2319 0.0856 0.0245 0.1070 0.0976 0.0490 0.4045 
      H512.5  2 0.0433 0.8497 0.0165 0.0119 0.0246 0.0149 0.0392 
      H512.6  2 0.2168 0.5125 0.0075 0.0224 0.0740 0.0627 0.1040 
      H512.7  2 0.0267 0.7225 0.0169 0.0278 0.0214 0.0106 0.1742 
      H512.8  2 0.0922 0.2786 0.0107 0.0238 0.4431 0.0324 0.1191 
      H512.9  2 0.0226 0.6294 0.0263 0.0305 0.0178 0.0260 0.2475 
      H513.1  2 0.0081 0.0048 0.0130 0.0142 0.0080 0.0081 0.9438 
      H513.2  2 0.0148 0.0045 0.0109 0.0120 0.0102 0.0111 0.9366 
      H513.3  2 0.0076 0.0069 0.0054 0.0068 0.0071 0.0083 0.9579 
      H513.4  2 0.0154 0.0096 0.0055 0.0291 0.0115 0.0078 0.9212 
      H513.5  2 0.0209 0.0144 0.0116 0.0090 0.0058 0.0079 0.9305 
      H513.6  2 0.1202 0.0220 0.3322 0.0232 0.0198 0.0316 0.4509 
      H532.1  2 0.0357 0.0239 0.0158 0.1862 0.0125 0.0205 0.7053 
      H532.2  2 0.0465 0.0113 0.0104 0.0314 0.0234 0.0272 0.8498 
      H532.3  2 0.0556 0.0237 0.0062 0.0578 0.0151 0.0336 0.8079 
      H532.4  2 0.0177 0.0173 0.0119 0.4054 0.0114 0.0615 0.4748 
      H532.5  2 0.0187 0.0155 0.0124 0.0282 0.0136 0.0147 0.8968 
      H532.6  2 0.0207 0.0180 0.0128 0.1523 0.0078 0.0298 0.7585 
      H532.7  2 0.0181 0.0145 0.0168 0.2153 0.0106 0.0127 0.7120 
      H532.8  2 0.0620 0.0291 0.0159 0.2503 0.0207 0.0261 0.5961 
      H543.1  2 0.0069 0.0070 0.9540 0.0051 0.0064 0.0072 0.0133 
      H543.2  2 0.0259 0.0088 0.8757 0.0102 0.0198 0.0125 0.0471 
      H543.3  2 0.0059 0.0079 0.9452 0.0102 0.0081 0.0088 0.0139 
      H543.4  2 0.0080 0.0055 0.9552 0.0054 0.0095 0.0076 0.0088 
      H543.5  2 0.0082 0.0061 0.9565 0.0057 0.0078 0.0079 0.0078 
      H543.6  2 0.0267 0.0089 0.8530 0.0104 0.0076 0.0574 0.0360 
      H543.7  2 0.0049 0.0048 0.9678 0.0053 0.0057 0.0069 0.0045 
      H543.8  2 0.0141 0.0094 0.9020 0.0225 0.0066 0.0141 0.0314 
      H543.9  2 0.0079 0.0081 0.9442 0.0101 0.0085 0.0098 0.0114 
 H545.1_2005  2 0.0043 0.0045 0.9750 0.0042 0.0039 0.0045 0.0036 
 H545.1_2006  2 0.0052 0.0071 0.9604 0.0078 0.0081 0.0049 0.0065 
 H545.2_2005  2 0.0077 0.0120 0.9472 0.0082 0.0097 0.0071 0.0080 
 H545.2_2006  2 0.0050 0.0053 0.9687 0.0053 0.0046 0.0057 0.0054 
 H545.3_2005  2 0.0077 0.0178 0.9414 0.0055 0.0118 0.0090 0.0068 
 H545.3_2006  2 0.0061 0.0058 0.9649 0.0071 0.0048 0.0057 0.0056 
 H545.4_2005  2 0.0063 0.0104 0.9478 0.0064 0.0124 0.0096 0.0072 
 H545.4_2006  2 0.0053 0.0073 0.9625 0.0053 0.0078 0.0059 0.0059 
 H545.5_2005  2 0.0095 0.0063 0.9564 0.0085 0.0063 0.0050 0.0081 
 H545.5_2006  2 0.0075 0.0102 0.9528 0.0062 0.0088 0.0065 0.0080 
 H545.6_2005  2 0.0052 0.0046 0.9731 0.0042 0.0038 0.0047 0.0044 
 H545.6_2006  2 0.0054 0.0066 0.9656 0.0047 0.0068 0.0053 0.0056 
 H545.7_2005  2 0.0065 0.0056 0.9673 0.0049 0.0043 0.0048 0.0066 
 H545.7_2006  2 0.0066 0.0067 0.9551 0.0088 0.0073 0.0061 0.0093 
 H545.8_2005  2 0.0094 0.0125 0.9339 0.0117 0.0111 0.0085 0.0130 
 H545.8_2006  2 0.0053 0.0061 0.9671 0.0051 0.0053 0.0057 0.0055 
      H545.9  2 0.0067 0.0073 0.9598 0.0063 0.0066 0.0068 0.0065 
      H547.1  2 0.0078 0.0180 0.0096 0.0070 0.0175 0.0252 0.9149 
      H547.2  2 0.0081 0.0072 0.0103 0.0125 0.2700 0.0148 0.6771 
      H547.3  2 0.0199 0.0535 0.0167 0.0081 0.0339 0.0589 0.8090 
      H547.4  2 0.0138 0.0420 0.0098 0.0307 0.1251 0.0386 0.7400 
      H547.5  2 0.0069 0.0153 0.0080 0.0049 0.2415 0.0112 0.7121 
      H547.6  2 0.0109 0.0110 0.0227 0.0087 0.0214 0.0184 0.9070 
      H547.7  2 0.0216 0.0608 0.0220 0.0122 0.0249 0.0476 0.8109 
      H547.8  2 0.0085 0.0191 0.0116 0.0067 0.0171 0.0192 0.9180 
      H548.1  2 0.0065 0.0076 0.9602 0.0052 0.0063 0.0079 0.0063 
      H548.2  2 0.0080 0.0128 0.9506 0.0074 0.0075 0.0082 0.0055 
      H548.3  2 0.0082 0.0059 0.9563 0.0071 0.0058 0.0087 0.0079 
      H548.4  2 0.0213 0.0224 0.8697 0.0350 0.0212 0.0186 0.0118 
      H548.5  2 0.0062 0.0065 0.9639 0.0067 0.0069 0.0049 0.0047 
      H548.6  2 0.0074 0.0113 0.9549 0.0071 0.0073 0.0059 0.0062 
      H548.7  2 0.0061 0.0063 0.9582 0.0090 0.0067 0.0065 0.0072 
      H548.8  2 0.0104 0.0087 0.9499 0.0094 0.0075 0.0075 0.0066 
      H548.9  2 0.0138 0.0112 0.9302 0.0100 0.0114 0.0126 0.0107 
     H7389.1  2 0.0135 0.0082 0.0110 0.0095 0.0148 0.0128 0.9302 
     H7389.2  2 0.0163 0.0088 0.0555 0.0136 0.0185 0.0076 0.8797 
     H7389.3  2 0.0222 0.0061 0.0175 0.0104 0.0180 0.0064 0.9194 
     H7389.4  2 0.0198 0.0095 0.0573 0.0213 0.0060 0.0125 0.8735 
     H7389.5  2 0.0777 0.0153 0.0205 0.0248 0.0066 0.0234 0.8317 
     H7389.6  2 0.3377 0.0128 0.0069 0.0255 0.0082 0.0063 0.6027 
     H7389.7  2 0.0163 0.0088 0.0272 0.0119 0.0164 0.0065 0.9129 
     H7389.8  2 0.1509 0.0253 0.1989 0.0319 0.0113 0.0205 0.5612 
     H7389.9  2 0.0566 0.0081 0.0318 0.0356 0.0058 0.0112 0.8509 
      H747.1  2 0.4981 0.2088 0.0172 0.0351 0.0956 0.0700 0.0752 
      H747.2  2 0.8574 0.0768 0.0135 0.0093 0.0187 0.0147 0.0096 
      H747.3  2 0.4856 0.3839 0.0136 0.0105 0.0343 0.0379 0.0341 
      H747.4  2 0.5251 0.3086 0.0088 0.0218 0.0956 0.0222 0.0179 
      H747.5  2 0.7148 0.2144 0.0085 0.0132 0.0204 0.0155 0.0132 
      H747.6  2 0.8905 0.0165 0.0243 0.0096 0.0193 0.0242 0.0156 
      H747.7  2 0.8021 0.0761 0.0132 0.0097 0.0167 0.0577 0.0244 
     H7484.1  2 0.0289 0.0213 0.0095 0.6948 0.0321 0.1046 0.1088 
     H7484.2  2 0.0845 0.0214 0.0076 0.4033 0.0632 0.4019 0.0181 
     H7484.3  2 0.0584 0.0457 0.0127 0.6120 0.0763 0.1761 0.0188 
     H7484.4  2 0.0480 0.0273 0.0059 0.5691 0.0571 0.2080 0.0848 
     H7484.5  2 0.1469 0.0151 0.0091 0.7220 0.0242 0.0620 0.0207 
     H7484.6  2 0.3460 0.2723 0.0097 0.1219 0.0982 0.1370 0.0149 
     H7484.7  2 0.0826 0.0516 0.0064 0.4221 0.0112 0.3961 0.0300 
     H7484.8  2 0.1469 0.0226 0.0058 0.5592 0.0474 0.1126 0.1054 
     H7485.1  2 0.0078 0.0073 0.9450 0.0118 0.0078 0.0130 0.0075 
     H7485.2  2 0.0096 0.0043 0.9580 0.0071 0.0048 0.0072 0.0091 
     H7485.3  2 0.0059 0.0057 0.9653 0.0058 0.0067 0.0056 0.0051 
     H7485.4  2 0.0119 0.0047 0.9534 0.0078 0.0054 0.0105 0.0062 
     H7485.5  2 0.0071 0.0070 0.9437 0.0106 0.0074 0.0161 0.0082 
     H7485.6  2 0.0118 0.0076 0.9400 0.0156 0.0083 0.0094 0.0073 
     H7485.7  2 0.0080 0.0084 0.9502 0.0089 0.0124 0.0072 0.0048 
     H7496.1  2 0.0160 0.0136 0.0051 0.0349 0.0196 0.0100 0.9008 
    H7496.10  2 0.0104 0.0093 0.0075 0.0264 0.0120 0.0121 0.9223 
    H7496.11  2 0.0312 0.0393 0.7316 0.0844 0.0378 0.0120 0.0637 
     H7496.2  2 0.0240 0.0164 0.0064 0.0285 0.0136 0.0195 0.8917 
     H7496.3  2 0.0381 0.0278 0.0079 0.5133 0.0290 0.0751 0.3089 
     H7496.4  2 0.0190 0.0136 0.0077 0.0211 0.0239 0.0119 0.9028 
     H7496.5  2 0.0319 0.0383 0.0072 0.0259 0.0167 0.0108 0.8693 
     H7496.6  2 0.0217 0.0408 0.0043 0.0233 0.0138 0.0120 0.8841 
     H7496.7  2 0.0138 0.0089 0.0071 0.0152 0.0116 0.0151 0.9283 
     H7496.8  2 0.1206 0.0195 0.0109 0.0858 0.0412 0.1017 0.6204 
        UNK4  2 0.6526 0.0155 0.0424 0.0256 0.0326 0.0341 0.1971 
        UNK5  2 0.0135 0.0082 0.0698 0.0434 0.0446 0.0296 0.7909 
        UNK6  2 0.3981 0.0142 0.0299 0.0275 0.0248 0.0213 0.4842 
        UNK7  2 0.0115 0.0074 0.1412 0.0139 0.0176 0.0153 0.7931 
        UNK8  2 0.0318 0.0077 0.2128 0.0226 0.0129 0.0512 0.6610 
        UNK9  2 0.2556 0.0132 0.1905 0.1931 0.0125 0.0116 0.3235 
      H009.1  4 0.0090 0.0194 0.0058 0.0081 0.0127 0.9359 0.0091 
      H009.2  4 0.0368 0.0796 0.0047 0.0100 0.0097 0.8494 0.0100 
      H009.3  4 0.0135 0.0145 0.0060 0.0089 0.0079 0.9425 0.0067 
      H009.4  4 0.0230 0.1161 0.0084 0.0142 0.0092 0.8170 0.0121 
      H009.5  4 0.0862 0.0264 0.0373 0.0118 0.0064 0.8239 0.0080 
      H009.6  4 0.0095 0.0171 0.0057 0.0120 0.0172 0.9296 0.0090 
      H046.4  4 0.0933 0.2242 0.0458 0.3817 0.0371 0.1357 0.0822 
      H046.8  4 0.0927 0.1778 0.0305 0.0932 0.4458 0.1322 0.0278 
 H076.1_2002  4 0.0077 0.0160 0.0117 0.0087 0.9254 0.0079 0.0226 
 H076.1_2003  4 0.0059 0.0074 0.0074 0.0053 0.9607 0.0069 0.0064 
 H076.1_2004  4 0.0066 0.0099 0.0068 0.0080 0.9538 0.0075 0.0074 
 H076.2_2002  4 0.0086 0.0143 0.0104 0.0081 0.9340 0.0087 0.0159 
 H076.2_2003  4 0.0078 0.0082 0.0113 0.0066 0.9480 0.0100 0.0081 
 H076.2_2004  4 0.0291 0.2591 0.0133 0.0211 0.6191 0.0301 0.0282 
 H076.3_2002  4 0.0513 0.5404 0.0075 0.0285 0.1293 0.2191 0.0240 
 H076.3_2003  4 0.0078 0.0098 0.0149 0.0068 0.9448 0.0077 0.0084 
 H076.3_2004  4 0.0066 0.0065 0.0090 0.0080 0.9520 0.0082 0.0098 
 H076.4_2002  4 0.0337 0.0883 0.0132 0.0232 0.7559 0.0633 0.0226 
 H076.4_2003  4 0.0091 0.0282 0.0103 0.0081 0.9153 0.0176 0.0114 
 H076.4_2004  4 0.0356 0.4323 0.0116 0.0248 0.2823 0.1497 0.0637 
 H076.5_2002  4 0.0119 0.0223 0.0092 0.0153 0.8973 0.0168 0.0271 
 H076.5_2003  4 0.0087 0.0116 0.0373 0.0077 0.9130 0.0100 0.0118 
 H076.5_2004  4 0.0159 0.0243 0.0138 0.0245 0.8223 0.0555 0.0435 
 H076.6_2002  4 0.0127 0.0127 0.0112 0.0145 0.9149 0.0231 0.0109 
 H076.6_2003  4 0.0106 0.0113 0.0149 0.0062 0.9281 0.0157 0.0132 
 H076.6_2004  4 0.0110 0.0225 0.0091 0.0093 0.9177 0.0193 0.0112 
 H076.7_2002  4 0.1887 0.2825 0.0139 0.0486 0.1215 0.2436 0.1012 
 H076.7_2003  4 0.0193 0.0601 0.0180 0.0128 0.8475 0.0121 0.0302 
 H076.7_2004  4 0.0187 0.1047 0.0146 0.0190 0.7816 0.0407 0.0209 
      H477.1  4 0.8024 0.1156 0.0086 0.0077 0.0084 0.0110 0.0464 
      H477.2  4 0.5302 0.3422 0.0071 0.0137 0.0231 0.0201 0.0636 
      H477.3  4 0.6679 0.2257 0.0203 0.0241 0.0107 0.0207 0.0306 
      H477.4  4 0.8695 0.0462 0.0310 0.0114 0.0088 0.0140 0.0192 
      H477.5  4 0.4951 0.2826 0.0410 0.0184 0.0420 0.0589 0.0620 
      H477.6  4 0.5148 0.3768 0.0275 0.0175 0.0098 0.0235 0.0302 
      H477.7  4 0.8600 0.0357 0.0337 0.0090 0.0184 0.0140 0.0292 
 H479.1_2005  4 0.0684 0.0867 0.0092 0.3909 0.0105 0.0520 0.3823 
 H479.1_2006  4 0.0190 0.5585 0.0700 0.1267 0.1725 0.0300 0.0234 
     H479.10  4 0.0494 0.1718 0.0165 0.6350 0.0823 0.0225 0.0225 
 H479.2_2005  4 0.0237 0.0341 0.0236 0.4923 0.0804 0.2040 0.1418 
 H479.2_2006  4 0.0203 0.7114 0.0309 0.1247 0.0108 0.0203 0.0816 
 H479.3_2005  4 0.2857 0.2224 0.0072 0.1957 0.0252 0.0155 0.2483 
 H479.3_2006  4 0.1574 0.3962 0.0061 0.0646 0.0408 0.0156 0.3193 
 H479.4_2005  4 0.2353 0.4139 0.0166 0.1359 0.0526 0.0357 0.1099 
 H479.4_2006  4 0.0667 0.2094 0.0075 0.5500 0.0141 0.0147 0.1376 
 H479.5_2005  4 0.0377 0.0536 0.0100 0.7302 0.0810 0.0468 0.0406 
 H479.5_2006  4 0.0219 0.6793 0.0088 0.1522 0.0097 0.0127 0.1154 
 H479.6_2005  4 0.0580 0.2319 0.0383 0.0774 0.4963 0.0313 0.0667 
 H479.6_2006  4 0.0361 0.0387 0.0164 0.7700 0.0112 0.0110 0.1168 
 H479.7_2005  4 0.1485 0.0768 0.0194 0.0670 0.0456 0.0330 0.6095 
 H479.7_2006  4 0.0424 0.4344 0.0313 0.1827 0.0308 0.0207 0.2576 
 H479.8_2005  4 0.0537 0.0382 0.0083 0.0611 0.0155 0.0105 0.8127 
 H479.8_2006  4 0.0269 0.4756 0.0402 0.1606 0.2736 0.0154 0.0077 
      H479.9  4 0.0156 0.8945 0.0065 0.0234 0.0411 0.0086 0.0104 
      H516.1  4 0.0691 0.5782 0.0179 0.0243 0.0680 0.2227 0.0197 
      H516.2  4 0.0145 0.9293 0.0100 0.0102 0.0093 0.0189 0.0079 
      H516.3  4 0.0350 0.8649 0.0061 0.0160 0.0210 0.0493 0.0077 
      H516.4  4 0.0190 0.9089 0.0071 0.0116 0.0190 0.0257 0.0088 
      H516.5  4 0.0213 0.8575 0.0340 0.0104 0.0177 0.0455 0.0137 
      H516.6  4 0.0101 0.9443 0.0119 0.0089 0.0066 0.0124 0.0059 
      H516.7  4 0.0779 0.8510 0.0073 0.0206 0.0185 0.0100 0.0148 
      H516.8  4 0.0373 0.7826 0.0125 0.0128 0.0212 0.1247 0.0090 
      H516.9  4 0.0248 0.9060 0.0061 0.0178 0.0168 0.0172 0.0112 
      H646.1  4 0.0387 0.5173 0.0046 0.0169 0.1013 0.3003 0.0209 
      H646.2  4 0.0220 0.5326 0.0053 0.0066 0.1034 0.2976 0.0326 
      H646.3  4 0.0385 0.4707 0.0055 0.0207 0.0245 0.4284 0.0117 
      H646.4  4 0.0323 0.5190 0.0102 0.0106 0.2912 0.0865 0.0503 
      H646.5  4 0.0184 0.8286 0.0053 0.0167 0.0437 0.0750 0.0123 
      H658.1  4 0.0089 0.8571 0.0646 0.0096 0.0217 0.0293 0.0087 
     H658.10  4 0.0083 0.9516 0.0074 0.0064 0.0073 0.0096 0.0095 
      H658.2  4 0.0143 0.8836 0.0301 0.0103 0.0283 0.0265 0.0069 
      H658.3  4 0.0152 0.9100 0.0144 0.0160 0.0143 0.0148 0.0152 
      H658.4  4 0.0184 0.9014 0.0077 0.0211 0.0155 0.0212 0.0146 
      H658.5  4 0.0067 0.9603 0.0041 0.0083 0.0056 0.0079 0.0071 
      H658.6  4 0.0256 0.9059 0.0099 0.0138 0.0129 0.0224 0.0095 
      H658.7  4 0.0332 0.8332 0.0162 0.0187 0.0459 0.0416 0.0113 
      H658.8  4 0.0203 0.7246 0.0454 0.0082 0.0975 0.0957 0.0083 
      H658.9  4 0.0206 0.8998 0.0097 0.0162 0.0268 0.0180 0.0090 
      H682.1  4 0.1952 0.0775 0.0096 0.3989 0.1356 0.1131 0.0701 
      H682.6  4 0.0397 0.2002 0.0165 0.1901 0.0891 0.3626 0.1019 
      H720.1  4 0.2971 0.2043 0.0073 0.0448 0.1798 0.0243 0.2425 
      H720.2  4 0.3019 0.3203 0.0072 0.0269 0.0691 0.0368 0.2378 
      H720.3  4 0.6532 0.0287 0.0074 0.0547 0.2252 0.0160 0.0147 
      H720.4  4 0.5011 0.3064 0.0157 0.0764 0.0465 0.0194 0.0345 
      H720.5  4 0.7584 0.0305 0.0233 0.0566 0.0926 0.0175 0.0212 
      H720.6  4 0.7138 0.0249 0.0243 0.0821 0.1095 0.0232 0.0220 
      H720.7  4 0.6951 0.0664 0.0062 0.0168 0.0117 0.0280 0.1759 
      H720.8  4 0.4192 0.0298 0.0072 0.2254 0.2004 0.0431 0.0749 
      H720.9  4 0.0387 0.0950 0.0069 0.5377 0.0622 0.2294 0.0300 
      H724.1  4 0.0205 0.0131 0.0177 0.0234 0.8720 0.0309 0.0224 
      H724.2  4 0.0450 0.0282 0.0252 0.0288 0.7793 0.0296 0.0639 
      H724.3  4 0.0183 0.5181 0.0083 0.1219 0.1246 0.0298 0.1790 
      H724.4  4 0.0164 0.0475 0.0108 0.0646 0.8244 0.0230 0.0132 
      H724.5  4 0.0261 0.4066 0.0058 0.3180 0.0847 0.0598 0.0989 
      H724.6  4 0.0119 0.0131 0.0139 0.0167 0.9101 0.0157 0.0185 
      H725.1  4 0.0434 0.1014 0.0066 0.5616 0.0674 0.1893 0.0302 
      H725.2  4 0.0371 0.0850 0.0119 0.0344 0.0131 0.6699 0.1485 
      H725.3  4 0.0529 0.2907 0.0208 0.0738 0.0208 0.4886 0.0524 
      H725.4  4 0.0612 0.0439 0.0729 0.4053 0.0546 0.2126 0.1496 
      H725.5  4 0.2875 0.1897 0.0086 0.0177 0.0375 0.0138 0.4452 
      H725.6  4 0.0890 0.6160 0.0206 0.0340 0.1927 0.0285 0.0192 
      H725.7  4 0.0447 0.2127 0.0124 0.5141 0.1003 0.0947 0.0212 
      H725.8  4 0.1326 0.2491 0.1298 0.0885 0.2945 0.0879 0.0177 
      H726.1  4 0.0082 0.9356 0.0088 0.0061 0.0124 0.0184 0.0104 
      H726.2  4 0.0237 0.8880 0.0109 0.0141 0.0156 0.0172 0.0305 
      H726.3  4 0.0185 0.7576 0.0382 0.0095 0.0538 0.0860 0.0363 
      H726.4  4 0.0092 0.9444 0.0114 0.0098 0.0092 0.0090 0.0070 
      H726.5  4 0.0100 0.9195 0.0061 0.0116 0.0171 0.0250 0.0108 
        UNK1  4 0.1725 0.2260 0.0098 0.0301 0.0167 0.2384 0.3065 
        UNK2  4 0.0334 0.2071 0.0125 0.4117 0.0295 0.2878 0.0180 
        UNK3  4 0.1933 0.2912 0.0142 0.0257 0.0152 0.2053 0.2551 
      H016.1  5 0.0637 0.0941 0.3365 0.1856 0.2222 0.0374 0.0604 
      H016.2  5 0.0296 0.0189 0.0986 0.7792 0.0318 0.0244 0.0175 
      H016.3  5 0.0519 0.2422 0.0483 0.0291 0.5449 0.0645 0.0191 
      H016.4  5 0.0467 0.0128 0.0750 0.7637 0.0521 0.0212 0.0286 
 H017.1_2002  5 0.0322 0.3553 0.0181 0.0101 0.0458 0.5034 0.0352 
 H017.1_2003  5 0.7389 0.1512 0.0578 0.0086 0.0130 0.0118 0.0187 
 H017.2_2002  5 0.0162 0.0520 0.0126 0.0275 0.6540 0.2085 0.0292 
 H017.2_2003  5 0.0253 0.9243 0.0053 0.0117 0.0103 0.0157 0.0074 
 H017.3_2002  5 0.2073 0.0679 0.2275 0.0197 0.0221 0.4357 0.0198 
 H017.3_2003  5 0.1074 0.0405 0.0168 0.0072 0.0389 0.7664 0.0228 
 H017.4_2002  5 0.0183 0.0109 0.0286 0.0226 0.0268 0.8687 0.0241 
 H017.4_2003  5 0.0418 0.8409 0.0202 0.0110 0.0114 0.0687 0.0060 
 H017.5_2002  5 0.0321 0.0563 0.6848 0.0195 0.0339 0.1650 0.0084 
 H017.5_2003  5 0.0490 0.7291 0.0438 0.0133 0.0102 0.1474 0.0073 
 H017.6_2002  5 0.0213 0.0121 0.0880 0.0098 0.1008 0.7293 0.0386 
 H017.6_2003  5 0.0139 0.8302 0.0066 0.0102 0.0436 0.0793 0.0163 
 H017.7_2002  5 0.1117 0.0218 0.1246 0.0288 0.0593 0.6116 0.0422 
 H017.7_2003  5 0.0414 0.8912 0.0249 0.0106 0.0053 0.0207 0.0058 
      H017.8  5 0.0236 0.1737 0.1348 0.0200 0.0525 0.5771 0.0184 
      H017.9  5 0.0372 0.0554 0.4242 0.0266 0.0357 0.3683 0.0526 
      H032.1  5 0.0537 0.8979 0.0097 0.0088 0.0113 0.0083 0.0102 
      H032.2  5 0.0224 0.9391 0.0091 0.0054 0.0076 0.0078 0.0086 
      H032.3  5 0.0088 0.9384 0.0088 0.0145 0.0098 0.0080 0.0115 
      H032.4  5 0.0129 0.9247 0.0218 0.0116 0.0076 0.0158 0.0055 
      H032.5  5 0.0094 0.9379 0.0074 0.0107 0.0123 0.0126 0.0099 
      H032.6  5 0.0088 0.9420 0.0111 0.0090 0.0107 0.0102 0.0083 
      H032.7  5 0.3704 0.5238 0.0133 0.0123 0.0287 0.0276 0.0239 
 H034.1_2002  5 0.0167 0.0247 0.0133 0.0333 0.0497 0.8526 0.0097 
 H034.1_2003  5 0.0284 0.0138 0.0059 0.0106 0.0345 0.8970 0.0098 
 H034.2_2002  5 0.0119 0.0276 0.0483 0.0420 0.0434 0.8119 0.0149 
 H034.2_2003  5 0.0468 0.0117 0.0058 0.0095 0.0606 0.8542 0.0114 
 H034.3_2002  5 0.0154 0.0129 0.0389 0.0239 0.0246 0.8752 0.0091 
 H034.3_2003  5 0.0227 0.0229 0.0075 0.0087 0.0182 0.9055 0.0145 
 H034.4_2002  5 0.0207 0.0086 0.0124 0.0341 0.3039 0.6047 0.0156 
 H034.4_2003  5 0.0117 0.0467 0.0053 0.0066 0.0280 0.8884 0.0133 
 H034.5_2002  5 0.0230 0.0160 0.0449 0.0120 0.0199 0.8771 0.0070 
 H034.5_2003  5 0.0807 0.0898 0.0289 0.0109 0.0357 0.7415 0.0126 
 H034.6_2002  5 0.0202 0.0146 0.0595 0.0161 0.0274 0.8524 0.0098 
 H034.6_2003  5 0.0137 0.0711 0.0141 0.0069 0.0176 0.8652 0.0115 
 H034.7_2002  5 0.0112 0.0131 0.0079 0.0106 0.0136 0.9352 0.0083 
 H034.7_2003  5 0.0186 0.1322 0.0366 0.0076 0.0132 0.7755 0.0161 
 H034.8_2002  5 0.0112 0.0223 0.0196 0.0121 0.0550 0.8692 0.0105 
 H034.8_2003  5 0.0127 0.0516 0.0299 0.0064 0.0293 0.8624 0.0076 
      H034.9  5 0.0215 0.0350 0.0370 0.0609 0.0237 0.7970 0.0249 
      H048.1  5 0.0865 0.7805 0.0123 0.0553 0.0197 0.0156 0.0301 
      H048.2  5 0.0412 0.3423 0.0115 0.3037 0.0585 0.0374 0.2054 
      H048.3  5 0.0773 0.3530 0.0110 0.0334 0.3734 0.0162 0.1356 
      H048.4  5 0.0313 0.3846 0.0195 0.2462 0.1968 0.0161 0.1054 
      H048.5  5 0.1844 0.5483 0.0118 0.1782 0.0201 0.0162 0.0410 
      H048.6  5 0.0340 0.2942 0.0097 0.3171 0.2580 0.0193 0.0676 
      H048.7  5 0.0912 0.6298 0.0261 0.2036 0.0285 0.0118 0.0090 
      H048.8  5 0.0513 0.5292 0.0272 0.1853 0.1553 0.0405 0.0113 
      H060.1  5 0.0098 0.0077 0.0263 0.0146 0.0092 0.9219 0.0106 
     H060.10  5 0.0057 0.0097 0.0092 0.0059 0.0069 0.9544 0.0082 
      H060.2  5 0.0117 0.0146 0.0111 0.0090 0.0075 0.9340 0.0121 
      H060.3  5 0.0064 0.0066 0.0095 0.0073 0.0068 0.9578 0.0056 
      H060.4  5 0.0177 0.0133 0.0237 0.0110 0.0121 0.9055 0.0168 
      H060.5  5 0.0160 0.0055 0.0116 0.0081 0.0124 0.9396 0.0068 
      H060.6  5 0.0113 0.0069 0.0178 0.0084 0.0124 0.9363 0.0068 
      H060.7  5 0.0095 0.0131 0.0100 0.0167 0.0161 0.9180 0.0167 
      H060.8  5 0.0148 0.0286 0.0235 0.0129 0.0195 0.8881 0.0126 
      H060.9  5 0.0109 0.0140 0.0330 0.0090 0.0121 0.9123 0.0088 
 H070.1_2002  5 0.0591 0.0096 0.0264 0.0308 0.0693 0.6676 0.1372 
 H070.1_2003  5 0.0094 0.0241 0.0155 0.0278 0.0172 0.8965 0.0094 
 H070.1_2004  5 0.0110 0.0124 0.0117 0.0092 0.2769 0.6704 0.0085 
 H070.2_2002  5 0.0224 0.0343 0.0381 0.0161 0.1460 0.4169 0.3262 
 H070.2_2003  5 0.0389 0.0277 0.0202 0.0353 0.0516 0.8006 0.0257 
 H070.2_2004  5 0.0078 0.0244 0.0078 0.0072 0.1485 0.7972 0.0072 
 H070.3_2002  5 0.0162 0.0271 0.0162 0.0360 0.0414 0.8376 0.0256 
 H070.3_2003  5 0.0109 0.0441 0.0084 0.0078 0.0107 0.9077 0.0103 
 H070.3_2004  5 0.0123 0.0147 0.0190 0.0165 0.0271 0.8984 0.0120 
 H070.4_2002  5 0.0208 0.0236 0.0115 0.0154 0.0342 0.8655 0.0289 
 H070.4_2003  5 0.0272 0.0870 0.0354 0.0231 0.0421 0.7653 0.0199 
 H070.4_2004  5 0.0119 0.0186 0.0088 0.0437 0.0373 0.8598 0.0198 
 H070.5_2002  5 0.0129 0.0147 0.0333 0.1373 0.0202 0.7560 0.0256 
 H070.5_2003  5 0.0095 0.0427 0.0221 0.0161 0.0140 0.8890 0.0065 
 H070.5_2004  5 0.0167 0.0114 0.0143 0.0184 0.4712 0.4583 0.0097 
 H070.6_2002  5 0.0163 0.0219 0.0241 0.0338 0.0111 0.8489 0.0439 
 H070.6_2003  5 0.0113 0.0230 0.0055 0.0077 0.0283 0.9132 0.0108 
 H070.6_2004  5 0.0267 0.0304 0.0098 0.0420 0.1721 0.7028 0.0163 
      H077.1  5 0.0123 0.0533 0.0173 0.0161 0.0252 0.8683 0.0075 
      H077.2  5 0.0207 0.6015 0.0624 0.1404 0.0310 0.1352 0.0088 
      H077.3  5 0.0278 0.1860 0.0239 0.0319 0.0953 0.6207 0.0144 
      H077.4  5 0.0211 0.1585 0.0289 0.0120 0.0289 0.7339 0.0167 
      H077.5  5 0.0429 0.4395 0.2186 0.0316 0.1132 0.1327 0.0215 
      H077.6  5 0.0164 0.2111 0.0488 0.0131 0.0150 0.6860 0.0096 
