      H008.1  2 0.0089 0.0062 0.0119 0.7367 0.0077 0.0108 0.0052 0.1092 0.0121 0.0057 0.0112 0.0176 0.0087 0.0074 0.0077 0.0052 0.0088 0.0191 
      H008.2  2 0.0114 0.0096 0.0220 0.4071 0.0136 0.0285 0.0109 0.0099 0.0368 0.0403 0.0891 0.0394 0.0224 0.0471 0.0307 0.0123 0.0053 0.1637 
      H008.3  2 0.0125 0.0094 0.0112 0.4727 0.0237 0.0083 0.0106 0.0103 0.0340 0.0164 0.0417 0.0950 0.0165 0.0208 0.0410 0.0272 0.0083 0.1403 
      H008.4  2 0.0078 0.0161 0.0097 0.7235 0.0227 0.0067 0.0055 0.0246 0.0115 0.0337 0.0463 0.0094 0.0106 0.0075 0.0097 0.0255 0.0084 0.0208 
      H008.5  2 0.0056 0.0056 0.0062 0.8570 0.0090 0.0056 0.0052 0.0113 0.0079 0.0094 0.0090 0.0150 0.0057 0.0051 0.0084 0.0116 0.0044 0.0181 
      H008.6  2 0.0066 0.0144 0.0169 0.5995 0.0153 0.0101 0.0114 0.0099 0.0047 0.0294 0.1150 0.0245 0.0125 0.0117 0.0095 0.0159 0.0046 0.0880 
      H008.7  2 0.0151 0.0190 0.0169 0.4407 0.0163 0.0143 0.0087 0.0754 0.0432 0.0557 0.0832 0.0209 0.0076 0.0129 0.0109 0.0287 0.0109 0.1196 
      H008.8  2 0.0129 0.0150 0.0930 0.3357 0.0224 0.0585 0.0136 0.0384 0.0236 0.0110 0.0606 0.0143 0.0084 0.2399 0.0231 0.0062 0.0083 0.0151 
      H008.9  2 0.0099 0.0083 0.0225 0.2720 0.0237 0.0091 0.0084 0.0073 0.0112 0.0611 0.3108 0.0171 0.0124 0.0229 0.0135 0.0159 0.0090 0.1649 
 H029.1_2002  2 0.0086 0.0418 0.0324 0.0621 0.0099 0.0122 0.0211 0.6759 0.0086 0.0155 0.0200 0.0073 0.0080 0.0155 0.0048 0.0440 0.0070 0.0056 
 H029.1_2003  2 0.0125 0.0123 0.0134 0.0190 0.0347 0.0156 0.0145 0.5092 0.0054 0.0145 0.1140 0.0250 0.0148 0.0096 0.0075 0.1555 0.0043 0.0181 
 H029.2_2002  2 0.0065 0.0093 0.0046 0.0104 0.0115 0.0085 0.0137 0.8162 0.0136 0.0154 0.0163 0.0172 0.0064 0.0038 0.0090 0.0181 0.0045 0.0149 
 H029.2_2003  2 0.0250 0.0068 0.0076 0.0177 0.0151 0.0195 0.0316 0.5734 0.0104 0.0193 0.0750 0.0561 0.0221 0.0063 0.0225 0.0764 0.0046 0.0107 
 H029.3_2002  2 0.0137 0.0105 0.0049 0.0124 0.0145 0.0110 0.0143 0.7667 0.0141 0.0481 0.0115 0.0125 0.0138 0.0088 0.0121 0.0194 0.0043 0.0075 
 H029.3_2003  2 0.0240 0.0072 0.0038 0.0230 0.0152 0.0147 0.0088 0.7490 0.0085 0.0073 0.0093 0.0117 0.0173 0.0059 0.0059 0.0686 0.0057 0.0141 
 H029.4_2002  2 0.0054 0.0063 0.0043 0.0074 0.0065 0.0111 0.0039 0.8954 0.0057 0.0087 0.0050 0.0044 0.0058 0.0056 0.0030 0.0114 0.0043 0.0060 
 H029.4_2003  2 0.0145 0.0083 0.0132 0.0207 0.0100 0.0590 0.0101 0.6059 0.0059 0.0123 0.0118 0.0126 0.0102 0.0217 0.0077 0.1615 0.0047 0.0099 
 H029.5_2002  2 0.0049 0.0098 0.0057 0.0606 0.0163 0.0075 0.0106 0.7719 0.0125 0.0060 0.0069 0.0063 0.0067 0.0060 0.0036 0.0465 0.0066 0.0117 
 H029.5_2003  2 0.0075 0.0072 0.0065 0.0094 0.0077 0.0149 0.0054 0.7943 0.0042 0.0095 0.0262 0.0121 0.0059 0.0079 0.0041 0.0638 0.0038 0.0096 
 H029.6_2002  2 0.0059 0.0049 0.0038 0.0079 0.0075 0.0112 0.0036 0.8418 0.0072 0.0165 0.0060 0.0052 0.0051 0.0075 0.0043 0.0534 0.0040 0.0044 
 H029.6_2003  2 0.0308 0.0078 0.0090 0.0354 0.0459 0.0690 0.0402 0.5914 0.0082 0.0072 0.0168 0.0413 0.0199 0.0128 0.0090 0.0282 0.0143 0.0130 
      H029.7  2 0.0047 0.0057 0.0043 0.0117 0.0063 0.0116 0.0100 0.8675 0.0110 0.0131 0.0113 0.0086 0.0034 0.0044 0.0087 0.0083 0.0033 0.0061 
      H030.1  2 0.0612 0.0057 0.0104 0.0196 0.0102 0.0361 0.1013 0.0397 0.0137 0.0046 0.0173 0.0444 0.4108 0.0100 0.0102 0.1017 0.0406 0.0626 
      H030.2  2 0.0094 0.1557 0.0097 0.0338 0.0070 0.0305 0.0116 0.0354 0.1323 0.0711 0.0057 0.0126 0.3733 0.0153 0.0048 0.0370 0.0266 0.0282 
      H038.1  2 0.0036 0.0049 0.0076 0.0183 0.0067 0.0092 0.0058 0.8820 0.0038 0.0167 0.0066 0.0058 0.0053 0.0046 0.0068 0.0050 0.0039 0.0035 
      H038.2  2 0.0048 0.0084 0.0035 0.0122 0.0043 0.0043 0.0085 0.9031 0.0058 0.0040 0.0036 0.0063 0.0054 0.0039 0.0027 0.0052 0.0087 0.0054 
      H038.3  2 0.0064 0.0175 0.0085 0.0081 0.0071 0.0108 0.0199 0.8406 0.0059 0.0179 0.0101 0.0050 0.0117 0.0055 0.0039 0.0047 0.0087 0.0078 
      H038.4  2 0.0055 0.0109 0.0063 0.0093 0.0114 0.0125 0.0142 0.8504 0.0049 0.0168 0.0085 0.0043 0.0047 0.0068 0.0053 0.0044 0.0122 0.0116 
      H038.5  2 0.0081 0.0054 0.0033 0.0051 0.0065 0.0122 0.0053 0.8728 0.0069 0.0114 0.0099 0.0079 0.0086 0.0153 0.0034 0.0055 0.0052 0.0071 
      H038.6  2 0.0059 0.0058 0.0052 0.0410 0.0038 0.0092 0.0060 0.8680 0.0044 0.0074 0.0038 0.0066 0.0082 0.0065 0.0039 0.0062 0.0029 0.0052 
      H038.7  2 0.0062 0.0144 0.0034 0.0217 0.0039 0.0140 0.0185 0.8694 0.0029 0.0074 0.0041 0.0056 0.0062 0.0050 0.0033 0.0045 0.0036 0.0058 
      H038.8  2 0.0043 0.0088 0.0054 0.0056 0.0045 0.0063 0.0135 0.8583 0.0064 0.0401 0.0048 0.0046 0.0071 0.0067 0.0037 0.0042 0.0106 0.0049 
      H041.1  2 0.0092 0.0098 0.0121 0.0807 0.0559 0.2488 0.0175 0.1553 0.0845 0.0193 0.0190 0.0131 0.0078 0.0050 0.0150 0.1588 0.0153 0.0731 
      H041.2  2 0.0067 0.0267 0.0114 0.1463 0.1612 0.0125 0.0152 0.0278 0.0056 0.0161 0.0104 0.0070 0.0082 0.0059 0.0055 0.4722 0.0086 0.0525 
      H041.4  2 0.0094 0.0089 0.0204 0.0273 0.0463 0.0281 0.0102 0.5461 0.0069 0.0157 0.0280 0.0073 0.0077 0.0072 0.0161 0.1706 0.0108 0.0331 
      H041.6  2 0.0063 0.0157 0.0440 0.0283 0.0811 0.0283 0.0213 0.3308 0.0132 0.0143 0.0204 0.0074 0.0095 0.0116 0.0290 0.2936 0.0207 0.0245 
 H042.1_2002  2 0.0054 0.0243 0.0240 0.0207 0.0144 0.0106 0.0097 0.0061 0.0057 0.0126 0.0182 0.0131 0.0063 0.0146 0.0102 0.7625 0.0353 0.0063 
 H042.1_2003  2 0.0162 0.0317 0.0479 0.2551 0.0645 0.0212 0.0661 0.0185 0.0150 0.0825 0.0326 0.0473 0.0318 0.0184 0.0134 0.0529 0.0169 0.1679 
 H042.2_2002  2 0.0519 0.1418 0.0049 0.0110 0.0238 0.0169 0.0047 0.3298 0.0059 0.0246 0.0406 0.0151 0.0063 0.0091 0.0089 0.2892 0.0079 0.0076 
 H042.2_2003  2 0.0080 0.0176 0.0307 0.1838 0.1988 0.0082 0.0159 0.0423 0.0037 0.0062 0.0106 0.0194 0.0093 0.0095 0.0108 0.3805 0.0191 0.0258 
 H042.3_2002  2 0.0205 0.1393 0.0178 0.0245 0.0820 0.0137 0.0098 0.0071 0.0042 0.0198 0.0437 0.0307 0.0125 0.0151 0.0126 0.5181 0.0170 0.0112 
 H042.3_2003  2 0.0256 0.1177 0.0325 0.0443 0.0348 0.1403 0.0103 0.0345 0.0270 0.0348 0.0298 0.0941 0.0146 0.0228 0.0173 0.2675 0.0252 0.0270 
 H042.4_2002  2 0.0116 0.0052 0.0100 0.0143 0.0136 0.0190 0.0090 0.0314 0.0070 0.0176 0.0152 0.0114 0.0087 0.0057 0.0056 0.7852 0.0240 0.0054 
 H042.4_2003  2 0.0075 0.0074 0.0245 0.0160 0.0163 0.0955 0.0247 0.0498 0.0157 0.0075 0.0163 0.0092 0.0081 0.0048 0.0213 0.6383 0.0247 0.0126 
      H042.5  2 0.0052 0.0039 0.0074 0.0049 0.0074 0.0108 0.0059 0.0073 0.0038 0.0024 0.0051 0.0075 0.0043 0.0042 0.0092 0.8962 0.0064 0.0081 
      H042.6  2 0.0067 0.0142 0.0133 0.0155 0.0066 0.0753 0.0151 0.0157 0.0080 0.0119 0.0282 0.0078 0.0058 0.0096 0.0426 0.7050 0.0119 0.0067 
      H042.7  2 0.0076 0.0948 0.0161 0.0151 0.1034 0.0442 0.0166 0.0241 0.0059 0.0074 0.0144 0.0113 0.0057 0.0135 0.0090 0.5519 0.0499 0.0092 
      H042.8  2 0.0069 0.0456 0.0078 0.0160 0.0453 0.0134 0.0065 0.0108 0.0038 0.0194 0.0184 0.0227 0.0050 0.0090 0.0205 0.7268 0.0085 0.0136 
   H042_2002  2 0.0089 0.2316 0.0438 0.1082 0.0469 0.1206 0.0502 0.0435 0.0047 0.0380 0.0416 0.0239 0.0113 0.0228 0.0729 0.0820 0.0154 0.0337 
   H042_2003  2 0.0106 0.2378 0.0393 0.1129 0.0407 0.1193 0.0296 0.0381 0.0064 0.0369 0.0369 0.0341 0.0082 0.0197 0.0775 0.0936 0.0143 0.0439 
      H043.1  2 0.0052 0.0048 0.0051 0.0070 0.0031 0.8945 0.0080 0.0056 0.0073 0.0149 0.0043 0.0050 0.0056 0.0079 0.0065 0.0043 0.0037 0.0073 
      H043.2  2 0.0056 0.0044 0.0206 0.0129 0.0136 0.8020 0.0098 0.0135 0.0027 0.0233 0.0213 0.0066 0.0044 0.0190 0.0264 0.0047 0.0038 0.0055 
      H043.3  2 0.0052 0.0138 0.0177 0.0220 0.0054 0.8114 0.0232 0.0338 0.0033 0.0104 0.0084 0.0058 0.0064 0.0088 0.0070 0.0051 0.0039 0.0084 
      H043.4  2 0.0062 0.0065 0.0141 0.0109 0.0051 0.8537 0.0218 0.0084 0.0028 0.0163 0.0085 0.0048 0.0052 0.0061 0.0161 0.0039 0.0045 0.0052 
      H043.5  2 0.0050 0.0108 0.0090 0.0119 0.0125 0.8168 0.0080 0.0110 0.0040 0.0394 0.0183 0.0065 0.0054 0.0191 0.0043 0.0040 0.0041 0.0099 
      H043.6  2 0.0054 0.0071 0.0126 0.0093 0.0080 0.8495 0.0060 0.0204 0.0029 0.0293 0.0108 0.0047 0.0064 0.0079 0.0063 0.0053 0.0049 0.0034 
      H043.7  2 0.0044 0.0086 0.0217 0.0075 0.0056 0.8449 0.0192 0.0070 0.0030 0.0136 0.0096 0.0043 0.0035 0.0049 0.0295 0.0037 0.0048 0.0043 
      H043.8  2 0.0068 0.0076 0.0087 0.0074 0.0072 0.8825 0.0063 0.0059 0.0047 0.0075 0.0055 0.0044 0.0087 0.0164 0.0085 0.0032 0.0051 0.0036 
      H043.9  2 0.0053 0.0070 0.0053 0.0071 0.0040 0.8979 0.0067 0.0120 0.0066 0.0055 0.0053 0.0042 0.0057 0.0061 0.0076 0.0051 0.0033 0.0053 
      H047.1  2 0.0043 0.0365 0.0160 0.2589 0.0072 0.0069 0.0089 0.1541 0.0047 0.0066 0.0065 0.0123 0.0061 0.0061 0.0058 0.0066 0.0042 0.4484 
      H047.2  2 0.0131 0.0087 0.0148 0.0178 0.0146 0.0092 0.0236 0.1590 0.0182 0.0053 0.0164 0.0116 0.0065 0.0052 0.0046 0.0084 0.0089 0.6541 
      H047.3  2 0.0186 0.0261 0.0098 0.0298 0.0341 0.0171 0.0178 0.0709 0.0196 0.0040 0.0246 0.0107 0.0072 0.0066 0.0108 0.0126 0.0107 0.6690 
      H047.4  2 0.0096 0.0406 0.0210 0.0543 0.0293 0.0195 0.0493 0.2570 0.0080 0.0035 0.0134 0.0092 0.0088 0.0090 0.0102 0.0238 0.0143 0.4191 
      H047.5  2 0.0171 0.0619 0.0136 0.0761 0.0236 0.0207 0.0183 0.0663 0.0053 0.0033 0.0603 0.0141 0.0071 0.0049 0.0317 0.0063 0.0092 0.5603 
      H047.6  2 0.0088 0.0271 0.0118 0.0102 0.0202 0.0081 0.0095 0.0419 0.0083 0.0039 0.0125 0.0063 0.0042 0.0041 0.0055 0.0192 0.0064 0.7921 
      H047.7  2 0.0036 0.1238 0.0141 0.1455 0.0120 0.0073 0.0067 0.2395 0.0099 0.0125 0.0060 0.0107 0.0047 0.0060 0.0062 0.0150 0.0093 0.3672 
      H047.8  2 0.0107 0.0449 0.0121 0.0352 0.0241 0.0093 0.0095 0.0395 0.0073 0.0037 0.0077 0.0178 0.0046 0.0074 0.0131 0.0191 0.0063 0.7278 
      H047.9  2 0.0064 0.1279 0.0113 0.0731 0.0156 0.0171 0.0200 0.2088 0.0066 0.0041 0.0367 0.0312 0.0073 0.0076 0.0306 0.0086 0.0378 0.3492 
 H071.1_2002  2 0.0060 0.0089 0.0079 0.3536 0.0074 0.0259 0.0085 0.5066 0.0033 0.0070 0.0068 0.0098 0.0071 0.0057 0.0188 0.0065 0.0048 0.0054 
 H071.1_2003  2 0.0064 0.0084 0.0229 0.4514 0.0156 0.0684 0.0306 0.1791 0.0038 0.0103 0.0194 0.0144 0.0484 0.0079 0.0902 0.0079 0.0053 0.0095 
     H071.10  2 0.0050 0.0141 0.0053 0.0172 0.0041 0.0082 0.0056 0.8490 0.0074 0.0079 0.0042 0.0049 0.0198 0.0265 0.0052 0.0037 0.0087 0.0034 
 H071.2_2002  2 0.0051 0.0098 0.0158 0.0888 0.0120 0.0139 0.0095 0.7524 0.0030 0.0053 0.0153 0.0075 0.0092 0.0170 0.0171 0.0047 0.0052 0.0085 
 H071.2_2003  2 0.0042 0.0053 0.0064 0.4473 0.0037 0.0050 0.0049 0.4774 0.0035 0.0031 0.0050 0.0051 0.0054 0.0038 0.0066 0.0054 0.0036 0.0044 
      H071.3  2 0.0063 0.0099 0.0045 0.5866 0.0078 0.0123 0.0088 0.2527 0.0080 0.0079 0.0051 0.0057 0.0286 0.0218 0.0056 0.0063 0.0057 0.0163 
 H071.4_2002  2 0.0075 0.0106 0.0069 0.0072 0.0043 0.0214 0.0069 0.8405 0.0058 0.0082 0.0061 0.0057 0.0128 0.0253 0.0063 0.0040 0.0163 0.0043 
 H071.4_2003  2 0.0062 0.0076 0.0046 0.5545 0.0037 0.0054 0.0048 0.3441 0.0047 0.0029 0.0046 0.0053 0.0099 0.0174 0.0047 0.0052 0.0069 0.0077 
 H071.5_2002  2 0.0048 0.0125 0.0043 0.2083 0.0038 0.0131 0.0091 0.6803 0.0069 0.0059 0.0044 0.0036 0.0079 0.0112 0.0078 0.0058 0.0069 0.0033 
 H071.5_2003  2 0.0067 0.0163 0.0108 0.6576 0.0053 0.0120 0.0149 0.1893 0.0039 0.0030 0.0149 0.0071 0.0156 0.0142 0.0065 0.0048 0.0093 0.0077 
 H071.6_2002  2 0.0091 0.0170 0.0056 0.3048 0.0057 0.0136 0.0083 0.4500 0.0050 0.0060 0.0059 0.0047 0.0096 0.1308 0.0092 0.0047 0.0052 0.0047 
 H071.6_2003  2 0.0065 0.0100 0.0089 0.6013 0.0033 0.0173 0.0115 0.2623 0.0044 0.0038 0.0061 0.0057 0.0288 0.0077 0.0052 0.0062 0.0060 0.0052 
 H071.7_2002  2 0.0043 0.0125 0.0071 0.6124 0.0037 0.0066 0.0085 0.2987 0.0030 0.0037 0.0048 0.0043 0.0036 0.0076 0.0060 0.0038 0.0032 0.0064 
 H071.7_2003  2 0.0104 0.0085 0.0084 0.5389 0.0045 0.0459 0.0161 0.2702 0.0047 0.0046 0.0080 0.0074 0.0251 0.0097 0.0118 0.0064 0.0147 0.0047 
      H071.8  2 0.0043 0.0064 0.0136 0.0713 0.0151 0.0073 0.0076 0.7886 0.0033 0.0067 0.0123 0.0067 0.0063 0.0134 0.0150 0.0049 0.0053 0.0120 
      H071.9  2 0.0084 0.0174 0.0105 0.0150 0.0123 0.1097 0.0068 0.6646 0.0062 0.0078 0.0195 0.0051 0.0203 0.0570 0.0102 0.0069 0.0112 0.0110 
 H081.1_2002  2 0.0105 0.0065 0.0071 0.4293 0.0084 0.0052 0.0058 0.4443 0.0092 0.0052 0.0106 0.0042 0.0058 0.0045 0.0202 0.0069 0.0111 0.0052 
 H081.1_2003  2 0.1073 0.0225 0.0369 0.0675 0.0326 0.0269 0.1458 0.0298 0.0147 0.2835 0.0526 0.0200 0.0569 0.0120 0.0134 0.0498 0.0134 0.0143 
 H081.2_2002  2 0.0068 0.0063 0.0112 0.3992 0.0060 0.0098 0.0115 0.3734 0.0052 0.0054 0.0096 0.0060 0.0038 0.0047 0.1170 0.0061 0.0084 0.0099 
 H081.2_2003  2 0.0107 0.0044 0.0172 0.0428 0.0069 0.0360 0.0124 0.0279 0.0234 0.0089 0.0132 0.0096 0.6638 0.0322 0.0591 0.0134 0.0086 0.0096 
 H081.3_2002  2 0.0046 0.0058 0.0178 0.0337 0.0095 0.0127 0.0115 0.7516 0.0073 0.0056 0.0103 0.0047 0.0140 0.0076 0.0550 0.0079 0.0091 0.0312 
 H081.3_2003  2 0.0178 0.0070 0.0269 0.0124 0.0117 0.3101 0.0102 0.0196 0.0100 0.0121 0.0226 0.0106 0.4194 0.0369 0.0312 0.0164 0.0144 0.0105 
 H081.4_2002  2 0.0089 0.0081 0.0060 0.4472 0.0062 0.0071 0.0089 0.4337 0.0060 0.0046 0.0056 0.0082 0.0107 0.0091 0.0063 0.0089 0.0070 0.0075 
 H081.4_2003  2 0.0897 0.0127 0.0664 0.0232 0.0164 0.0381 0.0743 0.0232 0.0137 0.0171 0.1100 0.0307 0.3495 0.0198 0.0340 0.0477 0.0246 0.0090 
 H081.5_2002  2 0.0078 0.0084 0.0127 0.3947 0.0060 0.0113 0.0170 0.4596 0.0052 0.0063 0.0075 0.0065 0.0172 0.0070 0.0131 0.0070 0.0041 0.0086 
 H081.5_2003  2 0.0732 0.0319 0.0536 0.0605 0.0401 0.0318 0.2869 0.0259 0.0121 0.0387 0.0860 0.0120 0.0808 0.0092 0.0734 0.0482 0.0206 0.0151 
      H081.6  2 0.0095 0.0104 0.0060 0.6128 0.0055 0.0043 0.0085 0.2854 0.0037 0.0046 0.0061 0.0057 0.0062 0.0040 0.0136 0.0047 0.0046 0.0041 
      H081.7  2 0.0094 0.0068 0.0152 0.1574 0.0090 0.0155 0.0133 0.5008 0.0082 0.0053 0.0128 0.0054 0.0140 0.0108 0.1801 0.0074 0.0158 0.0126 
      H081.8  2 0.0130 0.0097 0.0110 0.0244 0.0135 0.0191 0.0161 0.7471 0.0163 0.0071 0.0134 0.0051 0.0384 0.0240 0.0111 0.0085 0.0129 0.0091 
      H083.1  2 0.0124 0.0183 0.0035 0.0289 0.0059 0.0121 0.0090 0.8131 0.0167 0.0093 0.0061 0.0075 0.0075 0.0080 0.0107 0.0167 0.0052 0.0092 
      H083.2  2 0.0101 0.0074 0.0083 0.0077 0.0050 0.0211 0.0110 0.8334 0.0122 0.0057 0.0068 0.0074 0.0056 0.0063 0.0139 0.0063 0.0065 0.0250 
      H083.4  2 0.0059 0.0118 0.0064 0.0182 0.0036 0.0132 0.0073 0.7875 0.0489 0.0106 0.0059 0.0060 0.0049 0.0284 0.0157 0.0055 0.0103 0.0098 
      H083.5  2 0.0050 0.0098 0.0055 0.0187 0.0095 0.0067 0.0073 0.7815 0.0494 0.0202 0.0126 0.0063 0.0045 0.0080 0.0125 0.0174 0.0060 0.0191 
      H083.6  2 0.0162 0.0076 0.0047 0.0302 0.0127 0.0077 0.0106 0.7415 0.0581 0.0095 0.0135 0.0089 0.0105 0.0211 0.0160 0.0124 0.0108 0.0078 
      H083.7  2 0.0054 0.0075 0.0077 0.0179 0.0058 0.0060 0.0059 0.7518 0.0970 0.0096 0.0083 0.0058 0.0041 0.0221 0.0117 0.0044 0.0200 0.0091 
      H083.8  2 0.0092 0.0075 0.0085 0.0080 0.0037 0.0142 0.0115 0.8294 0.0170 0.0054 0.0088 0.0057 0.0041 0.0058 0.0098 0.0048 0.0089 0.0379 
      H083.9  2 0.0058 0.0095 0.0045 0.0304 0.0092 0.0051 0.0071 0.7551 0.0869 0.0103 0.0078 0.0070 0.0058 0.0063 0.0085 0.0178 0.0072 0.0157 
      H084.1  2 0.0292 0.0164 0.0071 0.0061 0.0193 0.0250 0.0064 0.0180 0.0094 0.0801 0.0141 0.0168 0.6974 0.0059 0.0069 0.0118 0.0126 0.0177 
      H084.2  2 0.0423 0.0069 0.0094 0.0036 0.0047 0.0999 0.0130 0.0247 0.0056 0.0692 0.0086 0.0096 0.6623 0.0093 0.0034 0.0166 0.0050 0.0058 
      H084.3  2 0.0724 0.0518 0.0107 0.0049 0.0386 0.0135 0.0254 0.0090 0.0143 0.2801 0.0087 0.0244 0.2887 0.0057 0.0069 0.0235 0.1088 0.0126 
      H084.4  2 0.0394 0.0253 0.0157 0.0112 0.1026 0.0342 0.0611 0.0244 0.0066 0.1717 0.0087 0.0123 0.4199 0.0049 0.0031 0.0265 0.0170 0.0153 
      H084.5  2 0.0224 0.1547 0.0075 0.0052 0.0729 0.0066 0.0211 0.0069 0.0055 0.0380 0.0124 0.0110 0.5626 0.0057 0.0092 0.0068 0.0186 0.0330 
      H084.6  2 0.0105 0.0520 0.0084 0.0037 0.0596 0.0114 0.0102 0.0072 0.0320 0.0911 0.0065 0.0074 0.6020 0.0071 0.0085 0.0081 0.0540 0.0203 
      H084.7  2 0.0404 0.0075 0.0064 0.0061 0.0090 0.0259 0.0069 0.0122 0.0063 0.0116 0.0077 0.0068 0.8090 0.0067 0.0048 0.0199 0.0072 0.0057 
      H084.8  2 0.0144 0.0208 0.0065 0.0059 0.1961 0.0051 0.0112 0.0060 0.0067 0.0638 0.0088 0.0130 0.5722 0.0048 0.0077 0.0096 0.0230 0.0244 
 H085.1_2002  2 0.0077 0.0108 0.0079 0.0110 0.0040 0.0305 0.0048 0.0278 0.0127 0.0133 0.0069 0.0058 0.0091 0.0056 0.8068 0.0248 0.0050 0.0058 
 H085.1_2003  2 0.0187 0.0059 0.0090 0.2662 0.0201 0.1437 0.0291 0.1346 0.0806 0.0198 0.0096 0.0071 0.0083 0.0379 0.1420 0.0363 0.0155 0.0156 
 H085.2_2002  2 0.0390 0.0132 0.0919 0.0128 0.0183 0.1039 0.0283 0.0529 0.1292 0.0584 0.1069 0.0068 0.0195 0.0199 0.2448 0.0350 0.0132 0.0060 
 H085.2_2003  2 0.0261 0.0073 0.0143 0.4199 0.0095 0.0418 0.0277 0.2297 0.0416 0.0122 0.0112 0.0210 0.0178 0.0174 0.0232 0.0387 0.0079 0.0326 
 H085.3_2002  2 0.0093 0.0046 0.0194 0.0129 0.0141 0.0344 0.0340 0.0083 0.0175 0.0050 0.0265 0.0060 0.0050 0.0066 0.7343 0.0422 0.0107 0.0094 
 H085.3_2003  2 0.0086 0.0032 0.0060 0.7131 0.0084 0.0100 0.0496 0.1157 0.0045 0.0034 0.0045 0.0073 0.0072 0.0075 0.0265 0.0096 0.0062 0.0087 
 H085.4_2002  2 0.0164 0.0124 0.0450 0.0410 0.0132 0.1146 0.0108 0.1197 0.0188 0.0365 0.0624 0.0108 0.0155 0.0171 0.4178 0.0230 0.0177 0.0072 
 H085.4_2003  2 0.0100 0.0518 0.0372 0.3680 0.0184 0.0177 0.0344 0.2480 0.0090 0.0076 0.0150 0.0058 0.0274 0.0073 0.0153 0.0855 0.0310 0.0105 
 H085.5_2002  2 0.0055 0.0040 0.0099 0.0285 0.0120 0.0278 0.0292 0.0050 0.0039 0.0055 0.0155 0.0057 0.0042 0.0048 0.8151 0.0096 0.0076 0.0062 
 H085.5_2003  2 0.0183 0.0060 0.0078 0.6399 0.0049 0.0104 0.0082 0.1483 0.0415 0.0084 0.0058 0.0100 0.0184 0.0116 0.0227 0.0187 0.0081 0.0110 
 H085.6_2002  2 0.0123 0.0054 0.0155 0.0126 0.0090 0.1293 0.0187 0.0100 0.0114 0.0085 0.0106 0.0049 0.0059 0.0076 0.7094 0.0160 0.0048 0.0082 
 H085.6_2003  2 0.0141 0.0048 0.0255 0.1589 0.0832 0.0476 0.5002 0.0208 0.0056 0.0065 0.0197 0.0114 0.0075 0.0070 0.0228 0.0232 0.0136 0.0275 
 H085.7_2002  2 0.0184 0.0076 0.0538 0.0445 0.0100 0.0376 0.0994 0.0390 0.0573 0.0156 0.0316 0.0088 0.0140 0.0111 0.4189 0.0960 0.0108 0.0255 
 H085.7_2003  2 0.0095 0.0044 0.0118 0.5909 0.0222 0.0782 0.0255 0.1398 0.0091 0.0090 0.0082 0.0097 0.0076 0.0161 0.0138 0.0137 0.0150 0.0156 
 H085.8_2002  2 0.0162 0.0069 0.0807 0.0345 0.0581 0.0656 0.3416 0.0219 0.0171 0.0157 0.0438 0.0056 0.0112 0.0279 0.2058 0.0182 0.0213 0.0079 
 H085.8_2003  2 0.0412 0.0189 0.0230 0.1100 0.0187 0.0624 0.0464 0.1279 0.1156 0.0149 0.0335 0.0147 0.0150 0.0120 0.0438 0.2359 0.0315 0.0347 
      H085.9  2 0.0100 0.0108 0.0126 0.0404 0.0093 0.0324 0.0129 0.0283 0.0160 0.0352 0.0323 0.0082 0.0164 0.0103 0.6821 0.0235 0.0106 0.0088 
      H088.1  2 0.0086 0.0040 0.0100 0.0071 0.0172 0.0118 0.0056 0.0118 0.0123 0.0066 0.0733 0.0157 0.0081 0.0315 0.0157 0.7367 0.0157 0.0085 
      H088.2  2 0.0099 0.0094 0.0104 0.0049 0.0099 0.0175 0.0117 0.0084 0.0072 0.0085 0.0266 0.0074 0.0047 0.0068 0.0237 0.8122 0.0099 0.0108 
      H088.3  2 0.0088 0.0078 0.0072 0.0048 0.0087 0.0144 0.0116 0.0063 0.0049 0.0057 0.0186 0.0075 0.0051 0.0089 0.0104 0.8502 0.0055 0.0136 
      H088.4  2 0.0103 0.0056 0.0084 0.0073 0.0081 0.0117 0.0084 0.0166 0.0034 0.0058 0.0058 0.0094 0.0235 0.0084 0.0044 0.8555 0.0039 0.0034 
      H088.5  2 0.0037 0.0042 0.0081 0.0032 0.0073 0.0067 0.0055 0.0064 0.0040 0.0041 0.0102 0.0049 0.0057 0.0093 0.0046 0.9020 0.0049 0.0053 
      H088.6  2 0.0054 0.0048 0.0070 0.0073 0.0199 0.0054 0.0065 0.0147 0.0051 0.0054 0.0083 0.0081 0.0081 0.0198 0.0053 0.8512 0.0074 0.0103 
      H088.7  2 0.0068 0.0109 0.0059 0.0123 0.0083 0.0147 0.0094 0.0382 0.0052 0.0074 0.0084 0.0064 0.0089 0.0067 0.0069 0.8155 0.0069 0.0211 
      H088.8  2 0.0095 0.0049 0.0081 0.0279 0.0139 0.0056 0.0066 0.0842 0.0070 0.0057 0.0115 0.0160 0.0134 0.0239 0.0075 0.7254 0.0161 0.0129 
      H091.1  2 0.0071 0.0097 0.0053 0.0482 0.0095 0.0834 0.0138 0.0112 0.0089 0.0058 0.0059 0.0084 0.0067 0.0143 0.0066 0.7390 0.0069 0.0094 
      H091.2  2 0.0109 0.0094 0.0068 0.0922 0.0132 0.0486 0.0094 0.0177 0.0279 0.0034 0.0076 0.0089 0.0054 0.0186 0.0055 0.6754 0.0218 0.0172 
      H109.1  2 0.0694 0.0513 0.0088 0.0185 0.0263 0.1636 0.0091 0.0163 0.1253 0.0253 0.1219 0.0128 0.0668 0.0697 0.0183 0.0062 0.0118 0.1787 
      H109.2  2 0.0835 0.0450 0.0239 0.0383 0.0206 0.1008 0.0294 0.0490 0.0212 0.0219 0.0546 0.0064 0.3731 0.0210 0.0071 0.0185 0.0326 0.0531 
      H109.3  2 0.0453 0.0108 0.0075 0.0180 0.0366 0.5703 0.0184 0.0110 0.0089 0.0063 0.0131 0.0172 0.0622 0.0201 0.0039 0.0217 0.0210 0.1077 
      H109.4  2 0.0350 0.0176 0.0116 0.0308 0.0238 0.3133 0.0107 0.0157 0.0165 0.0228 0.0484 0.0115 0.1324 0.2275 0.0071 0.0280 0.0134 0.0339 
      H109.5  2 0.0178 0.0157 0.0079 0.1464 0.1883 0.3575 0.0144 0.0321 0.0056 0.0041 0.0108 0.0118 0.0636 0.0082 0.0059 0.0698 0.0128 0.0273 
      H109.6  2 0.0421 0.0393 0.0164 0.0296 0.0169 0.1521 0.0266 0.0338 0.0184 0.0206 0.0828 0.0106 0.2827 0.0667 0.0067 0.0126 0.0406 0.1017 
      H126.1  2 0.0547 0.1230 0.2123 0.0200 0.0101 0.0478 0.0261 0.0134 0.0079 0.0101 0.2607 0.0429 0.0094 0.0279 0.0884 0.0250 0.0090 0.0115 
      H126.2  2 0.0213 0.0319 0.0760 0.1614 0.0055 0.1377 0.0348 0.0957 0.0158 0.0429 0.0439 0.0257 0.0183 0.1554 0.0649 0.0132 0.0103 0.0454 
      H126.3  2 0.0221 0.4047 0.0114 0.0871 0.0061 0.1823 0.0039 0.0690 0.0166 0.0065 0.0626 0.0131 0.0039 0.0237 0.0147 0.0601 0.0051 0.0072 
      H126.4  2 0.0514 0.0439 0.4198 0.0281 0.0114 0.0120 0.0183 0.0519 0.0281 0.0155 0.0476 0.1014 0.0183 0.0746 0.0215 0.0257 0.0134 0.0172 
      H126.5  2 0.0115 0.1240 0.1692 0.3603 0.0071 0.0202 0.0593 0.0376 0.0073 0.0049 0.0427 0.0366 0.0054 0.0631 0.0295 0.0072 0.0080 0.0060 
      H126.6  2 0.0056 0.1402 0.0144 0.2008 0.0035 0.2386 0.0112 0.2005 0.0069 0.0054 0.0089 0.0069 0.0043 0.0084 0.1167 0.0101 0.0038 0.0138 
      H126.7  2 0.0091 0.0159 0.0116 0.2817 0.0034 0.0239 0.0275 0.4099 0.0119 0.0034 0.0122 0.0112 0.0083 0.0283 0.0689 0.0548 0.0086 0.0095 
      H130.1  2 0.0254 0.0065 0.3324 0.0069 0.0116 0.3067 0.0372 0.0077 0.0111 0.0075 0.0505 0.0362 0.0167 0.0485 0.0091 0.0565 0.0166 0.0129 
      H130.2  2 0.0957 0.0054 0.0373 0.0181 0.0100 0.0920 0.0223 0.0248 0.0339 0.0081 0.1052 0.0178 0.3988 0.0222 0.0140 0.0181 0.0286 0.0477 
      H130.3  2 0.6630 0.0054 0.0272 0.0115 0.0048 0.0261 0.0083 0.0214 0.0036 0.0038 0.0210 0.0975 0.0257 0.0176 0.0076 0.0151 0.0198 0.0207 
      H130.4  2 0.0420 0.0080 0.2086 0.0076 0.0084 0.1897 0.0131 0.0120 0.0201 0.0218 0.2029 0.0682 0.0404 0.0511 0.0202 0.0270 0.0369 0.0220 
      H130.5  2 0.1803 0.0049 0.1468 0.0229 0.0134 0.1729 0.0399 0.0527 0.0236 0.0048 0.0998 0.0077 0.1054 0.0187 0.0276 0.0405 0.0306 0.0076 
      H133.1  2 0.0280 0.0055 0.0182 0.0080 0.0073 0.8218 0.0078 0.0155 0.0048 0.0163 0.0120 0.0101 0.0105 0.0037 0.0078 0.0057 0.0059 0.0109 
      H133.2  2 0.0097 0.0072 0.0138 0.0065 0.0086 0.8596 0.0128 0.0044 0.0034 0.0055 0.0100 0.0094 0.0163 0.0045 0.0090 0.0075 0.0044 0.0074 
      H133.3  2 0.0089 0.0069 0.0080 0.0061 0.0100 0.7959 0.0105 0.0197 0.0066 0.0301 0.0156 0.0105 0.0098 0.0050 0.0112 0.0183 0.0105 0.0163 
      H133.4  2 0.0136 0.0059 0.0071 0.0077 0.0085 0.8331 0.0077 0.0081 0.0077 0.0149 0.0096 0.0113 0.0089 0.0069 0.0053 0.0075 0.0067 0.0296 
      H133.5  2 0.0240 0.0043 0.0072 0.0059 0.0046 0.8661 0.0071 0.0054 0.0045 0.0074 0.0101 0.0084 0.0078 0.0077 0.0097 0.0105 0.0034 0.0059 
      H133.6  2 0.0216 0.0090 0.0232 0.0066 0.0099 0.7757 0.0156 0.0100 0.0085 0.0059 0.0152 0.0096 0.0144 0.0120 0.0159 0.0295 0.0092 0.0082 
      H133.7  2 0.0059 0.0050 0.0060 0.0062 0.0298 0.7599 0.0091 0.0126 0.0073 0.0327 0.0113 0.0073 0.0068 0.0038 0.0147 0.0105 0.0191 0.0519 
      H133.8  2 0.0116 0.0078 0.0056 0.0038 0.0108 0.8475 0.0044 0.0054 0.0058 0.0086 0.0408 0.0061 0.0074 0.0036 0.0122 0.0056 0.0038 0.0091 
      H133.9  2 0.0582 0.0056 0.0174 0.0066 0.0055 0.7510 0.0093 0.0181 0.0061 0.0251 0.0151 0.0312 0.0088 0.0047 0.0068 0.0074 0.0074 0.0158 
      H147.1  2 0.0081 0.0143 0.0112 0.6221 0.0801 0.0080 0.0441 0.0372 0.0128 0.0131 0.0087 0.0031 0.0314 0.0034 0.0254 0.0444 0.0134 0.0191 
      H147.2  2 0.0098 0.0058 0.0083 0.6721 0.0086 0.0070 0.0236 0.1968 0.0053 0.0044 0.0086 0.0035 0.0124 0.0042 0.0120 0.0062 0.0060 0.0055 
      H147.3  2 0.0072 0.0053 0.0051 0.7541 0.0060 0.0043 0.0107 0.1410 0.0039 0.0035 0.0067 0.0048 0.0113 0.0032 0.0189 0.0043 0.0050 0.0047 
      H147.4  2 0.0049 0.0052 0.0037 0.7602 0.0062 0.0040 0.0053 0.1344 0.0086 0.0126 0.0035 0.0038 0.0180 0.0031 0.0104 0.0048 0.0043 0.0070 
      H147.5  2 0.0168 0.0070 0.0058 0.6353 0.0225 0.0061 0.0208 0.0798 0.0140 0.0052 0.0078 0.0115 0.0882 0.0062 0.0159 0.0394 0.0082 0.0094 
      H147.6  2 0.0119 0.0091 0.0070 0.6384 0.0074 0.0080 0.0277 0.0629 0.0117 0.0055 0.0063 0.0089 0.0973 0.0064 0.0094 0.0672 0.0066 0.0083 
      H147.7  2 0.0049 0.0082 0.0041 0.7394 0.0116 0.0039 0.0083 0.1320 0.0098 0.0130 0.0060 0.0056 0.0195 0.0037 0.0064 0.0045 0.0064 0.0126 
      H147.8  2 0.0067 0.0084 0.0030 0.6860 0.0114 0.0055 0.0077 0.1072 0.0107 0.0159 0.0037 0.0061 0.0744 0.0055 0.0089 0.0280 0.0035 0.0073 
      H147.9  2 0.0047 0.0053 0.0053 0.7611 0.0060 0.0039 0.0103 0.1465 0.0054 0.0038 0.0047 0.0036 0.0116 0.0035 0.0111 0.0042 0.0041 0.0048 
      H148.1  2 0.0779 0.0310 0.2994 0.0146 0.0599 0.0105 0.0417 0.0122 0.0245 0.0467 0.2200 0.0061 0.0417 0.0377 0.0077 0.0214 0.0270 0.0200 
      H148.2  2 0.1418 0.0371 0.0771 0.0146 0.1757 0.0124 0.0137 0.0169 0.0153 0.0430 0.2947 0.0057 0.0196 0.0145 0.0170 0.0062 0.0857 0.0090 
      H148.3  2 0.0111 0.0202 0.0155 0.0155 0.3071 0.0050 0.0189 0.0088 0.0103 0.0461 0.0592 0.0067 0.0183 0.0104 0.0080 0.0095 0.4157 0.0135 
      H148.4  2 0.0964 0.0318 0.1328 0.0185 0.1420 0.0086 0.0699 0.0131 0.0101 0.0305 0.3011 0.0076 0.0085 0.0296 0.0114 0.0111 0.0633 0.0137 
      H148.5  2 0.0231 0.0167 0.0122 0.0078 0.0977 0.0048 0.0099 0.0092 0.0082 0.0399 0.1060 0.0126 0.0297 0.0231 0.0076 0.0277 0.5542 0.0096 
      H148.6  2 0.0600 0.0267 0.0349 0.0145 0.1587 0.0051 0.0161 0.0123 0.0216 0.0958 0.1399 0.0041 0.0157 0.0182 0.0125 0.0173 0.3363 0.0103 
      H148.7  2 0.2214 0.0221 0.0357 0.0090 0.1410 0.0082 0.0168 0.0067 0.0134 0.0403 0.2376 0.0236 0.0208 0.0508 0.0073 0.0237 0.1018 0.0200 
      H148.8  2 0.0557 0.0065 0.0533 0.0117 0.1005 0.0043 0.0065 0.0067 0.0047 0.0192 0.2595 0.0056 0.0088 0.0073 0.0067 0.0205 0.4186 0.0041 
      H148.9  2 0.0949 0.0978 0.0529 0.0118 0.0382 0.0065 0.0099 0.0088 0.0165 0.1210 0.2747 0.0102 0.0243 0.0276 0.0378 0.0085 0.1111 0.0474 
   H166022.1  2 0.0077 0.0079 0.0078 0.0150 0.0132 0.0076 0.0081 0.0076 0.0301 0.0094 0.0077 0.0044 0.0203 0.0042 0.0096 0.8254 0.0068 0.0071 
   H166022.2  2 0.0227 0.0131 0.0107 0.0453 0.0184 0.0064 0.0797 0.0472 0.0499 0.0118 0.0136 0.0132 0.1026 0.0169 0.0115 0.4929 0.0147 0.0294 
   H166022.3  2 0.0538 0.0055 0.0080 0.0072 0.0083 0.0069 0.0147 0.0044 0.1169 0.0062 0.0133 0.0057 0.0116 0.0231 0.0043 0.6795 0.0180 0.0125 
   H166022.4  2 0.0345 0.0071 0.0045 0.0056 0.0050 0.0061 0.0134 0.0066 0.0135 0.0045 0.0045 0.0107 0.0102 0.0186 0.0045 0.8380 0.0051 0.0074 
   H166022.5  2 0.0383 0.0054 0.0050 0.0089 0.0069 0.0065 0.0164 0.0084 0.0172 0.0046 0.0061 0.0098 0.0565 0.0097 0.0039 0.7825 0.0067 0.0072 
   H166022.6  2 0.0158 0.0075 0.0226 0.0162 0.0128 0.0255 0.0300 0.0064 0.0415 0.0188 0.0176 0.0081 0.0216 0.0100 0.0073 0.6997 0.0086 0.0301 
   H166022.7  2 0.0055 0.0064 0.0122 0.0112 0.0090 0.0081 0.0061 0.0065 0.0038 0.0120 0.0098 0.0064 0.0131 0.8654 0.0052 0.0060 0.0036 0.0098 
   H166022.8  2 0.0423 0.0096 0.0425 0.0451 0.0141 0.0406 0.2512 0.0121 0.0547 0.0098 0.0239 0.0178 0.1584 0.0064 0.0172 0.2333 0.0081 0.0130 
   H167397.1  2 0.0135 0.0166 0.0162 0.0746 0.0356 0.0080 0.0240 0.0179 0.0067 0.5205 0.0054 0.0070 0.0230 0.0083 0.0049 0.1914 0.0182 0.0081 
   H167397.2  2 0.0480 0.0093 0.0477 0.0742 0.0255 0.0220 0.0183 0.0204 0.0442 0.5385 0.0338 0.0090 0.0165 0.0094 0.0512 0.0142 0.0087 0.0092 
   H167397.3  2 0.0159 0.0276 0.0256 0.1063 0.0123 0.0162 0.0087 0.0576 0.0093 0.6043 0.0082 0.0108 0.0176 0.0049 0.0048 0.0477 0.0149 0.0073 
   H167397.4  2 0.0330 0.0098 0.0038 0.0487 0.0890 0.0095 0.0059 0.0165 0.0185 0.6172 0.0166 0.0076 0.0109 0.0084 0.0457 0.0115 0.0114 0.0357 
   H167397.5  2 0.0457 0.0079 0.0262 0.0342 0.0340 0.0098 0.0575 0.0137 0.0108 0.6322 0.0120 0.0087 0.0278 0.0254 0.0066 0.0261 0.0142 0.0072 
   H167397.6  2 0.0203 0.0886 0.0155 0.0413 0.0429 0.0212 0.0095 0.0564 0.0084 0.5845 0.0156 0.0186 0.0057 0.0079 0.0101 0.0270 0.0119 0.0147 
   H167496.1  2 0.0341 0.0178 0.0137 0.0053 0.0531 0.0795 0.0277 0.0333 0.0135 0.0094 0.0130 0.0215 0.0105 0.0265 0.0050 0.5580 0.0617 0.0164 
   H167496.2  2 0.0217 0.0816 0.0264 0.0167 0.0373 0.0640 0.2292 0.1447 0.0087 0.0123 0.0499 0.0129 0.0247 0.0678 0.0126 0.0414 0.0871 0.0609 
   H167496.3  2 0.0380 0.0080 0.0280 0.0345 0.0200 0.0425 0.0754 0.0255 0.0585 0.0064 0.0542 0.0256 0.0076 0.0129 0.0934 0.3167 0.1217 0.0312 
   H167496.4  2 0.0079 0.0073 0.0038 0.0195 0.0060 0.0056 0.0111 0.0102 0.0070 0.0048 0.0054 0.0049 0.0062 0.0063 0.0094 0.8743 0.0039 0.0066 
   H167496.6  2 0.0169 0.0111 0.0064 0.0416 0.0100 0.0091 0.3181 0.0127 0.0058 0.0056 0.0086 0.0133 0.0167 0.0073 0.0090 0.4964 0.0040 0.0074 
   H167496.7  2 0.0831 0.0567 0.0566 0.0370 0.0275 0.0623 0.1938 0.0138 0.0304 0.0056 0.0347 0.0209 0.0160 0.0189 0.0068 0.0640 0.2285 0.0433 
   H167496.8  2 0.0111 0.0250 0.0053 0.0383 0.0152 0.0076 0.2610 0.0155 0.0088 0.0068 0.0091 0.0079 0.0225 0.0082 0.0079 0.5307 0.0055 0.0135 
   H167513.1  2 0.0152 0.0072 0.0065 0.0074 0.0046 0.0113 0.0068 0.0051 0.0082 0.0061 0.0054 0.0059 0.0075 0.0096 0.0050 0.0069 0.0051 0.8762 
   H167513.2  2 0.0056 0.0098 0.0130 0.0071 0.0237 0.0074 0.0236 0.0061 0.0058 0.0227 0.0131 0.0064 0.0059 0.0067 0.0071 0.0109 0.0128 0.8123 
   H167513.3  2 0.0247 0.0122 0.0043 0.0216 0.0040 0.0063 0.0048 0.0057 0.0110 0.0067 0.0065 0.0139 0.0332 0.0088 0.0054 0.0075 0.0103 0.8130 
   H167513.4  2 0.0464 0.0115 0.0104 0.0062 0.0108 0.0159 0.0166 0.0133 0.0332 0.0093 0.0089 0.0056 0.0138 0.0072 0.0056 0.0148 0.0102 0.7603 
   H167513.5  2 0.0042 0.0073 0.0056 0.0063 0.0113 0.0092 0.0093 0.0053 0.0073 0.0150 0.0117 0.0030 0.0043 0.0040 0.0057 0.0094 0.0048 0.8763 
   H167513.6  2 0.0087 0.0131 0.0076 0.0106 0.0074 0.0111 0.0088 0.0078 0.0138 0.0081 0.0068 0.0070 0.0201 0.0061 0.0078 0.0233 0.0106 0.8215 
   H167513.7  2 0.0092 0.0077 0.0040 0.0074 0.0045 0.0237 0.0065 0.0095 0.0207 0.0222 0.0142 0.0051 0.0101 0.0055 0.0071 0.0051 0.0046 0.8326 
   H167513.8  2 0.0113 0.0058 0.0043 0.0090 0.0038 0.0083 0.0072 0.0054 0.0063 0.0139 0.0066 0.0050 0.0209 0.0072 0.0040 0.0065 0.0047 0.8697 
   H167547.1  2 0.0117 0.0107 0.0432 0.0200 0.0231 0.0129 0.0168 0.0081 0.0177 0.0355 0.0473 0.0211 0.0062 0.0119 0.0060 0.0368 0.6552 0.0157 
   H167547.2  2 0.0073 0.0201 0.0126 0.0306 0.0291 0.0076 0.0113 0.0115 0.0198 0.0230 0.0175 0.0123 0.0067 0.0066 0.0065 0.2030 0.5534 0.0212 
   H167547.3  2 0.0074 0.0249 0.0142 0.0340 0.0198 0.0087 0.0150 0.0137 0.0210 0.0201 0.0159 0.0165 0.0068 0.0051 0.0078 0.1942 0.5566 0.0183 
   H167547.4  2 0.0370 0.0056 0.1419 0.0171 0.0071 0.0180 0.0112 0.0071 0.1670 0.0372 0.0493 0.0360 0.0065 0.0229 0.0111 0.2923 0.1152 0.0177 
   H167547.5  2 0.0055 0.0124 0.0117 0.0077 0.1423 0.0088 0.0067 0.0134 0.0110 0.0076 0.0131 0.0125 0.0228 0.0121 0.0074 0.5557 0.1415 0.0075 
   H167547.6  2 0.0054 0.0139 0.0191 0.0080 0.1205 0.0075 0.0040 0.0114 0.0109 0.0103 0.0125 0.0118 0.0189 0.0106 0.0073 0.5069 0.2076 0.0134 
   H167547.7  2 0.0096 0.0166 0.0268 0.0418 0.0339 0.1139 0.0194 0.0172 0.0241 0.0150 0.0428 0.0269 0.0172 0.0846 0.0832 0.0200 0.2982 0.1088 
   H169750.1  2 0.0191 0.0115 0.0154 0.0088 0.0045 0.6455 0.0475 0.0080 0.0210 0.0082 0.0210 0.0221 0.0110 0.0279 0.0096 0.0563 0.0419 0.0208 
   H169750.2  2 0.0265 0.0143 0.0322 0.0712 0.0445 0.1541 0.0467 0.0488 0.0067 0.0337 0.2947 0.0302 0.0709 0.0109 0.0114 0.0197 0.0087 0.0749 
   H169750.3  2 0.0067 0.0053 0.0112 0.0117 0.0075 0.5850 0.0211 0.0148 0.0065 0.0038 0.0376 0.0327 0.0565 0.0316 0.0157 0.0296 0.0243 0.0984 
   H169750.4  2 0.0344 0.0250 0.0283 0.0152 0.0151 0.4625 0.0380 0.0130 0.0042 0.0582 0.1372 0.0391 0.0100 0.0104 0.0083 0.0462 0.0115 0.0434 
   H169750.5  2 0.0261 0.0062 0.0076 0.0119 0.0052 0.7243 0.0134 0.0178 0.0235 0.0051 0.0403 0.0065 0.0153 0.0142 0.0094 0.0482 0.0098 0.0152 
   H169750.6  2 0.0180 0.0069 0.0178 0.0403 0.0095 0.3799 0.0436 0.1951 0.0106 0.0088 0.0827 0.0218 0.0421 0.0315 0.0187 0.0366 0.0090 0.0271 
   H169750.7  2 0.0207 0.0213 0.0117 0.0493 0.0086 0.3577 0.0796 0.0144 0.0074 0.0190 0.0571 0.0361 0.0191 0.0304 0.0341 0.0285 0.0233 0.1818 
   H171929.1  2 0.0034 0.0048 0.0078 0.0067 0.0157 0.0092 0.0045 0.0066 0.0062 0.0192 0.0120 0.0063 0.0043 0.0055 0.0195 0.0103 0.0082 0.8499 
  H171929.10  2 0.0050 0.0078 0.0099 0.0092 0.0178 0.0273 0.0087 0.0105 0.0105 0.0222 0.0669 0.0061 0.0127 0.0046 0.0315 0.0307 0.0245 0.6939 
  H171929.11  2 0.0041 0.0043 0.0076 0.0097 0.0176 0.0186 0.0061 0.0063 0.0037 0.0248 0.0103 0.0101 0.0053 0.0044 0.0129 0.0098 0.0076 0.8369 
   H171929.2  2 0.0060 0.0042 0.0083 0.0043 0.0105 0.0164 0.0052 0.0069 0.0071 0.0040 0.0090 0.0053 0.0059 0.0050 0.0080 0.0078 0.0178 0.8683 
   H171929.3  2 0.0044 0.0039 0.0062 0.0071 0.0096 0.0117 0.0035 0.0087 0.0056 0.0070 0.0059 0.0062 0.0066 0.0040 0.0062 0.0079 0.0097 0.8859 
   H171929.4  2 0.0072 0.0036 0.0136 0.0178 0.0081 0.0183 0.0078 0.0129 0.0090 0.0041 0.0107 0.0150 0.0086 0.0064 0.0230 0.0249 0.0265 0.7824 
   H171929.5  2 0.0084 0.0059 0.0066 0.0050 0.0068 0.0192 0.0054 0.0057 0.0060 0.0084 0.0086 0.0046 0.0070 0.0075 0.0090 0.0053 0.0075 0.8728 
   H171929.6  2 0.0056 0.0066 0.0073 0.0049 0.0065 0.0139 0.0040 0.0048 0.0040 0.0092 0.0092 0.0053 0.0065 0.0058 0.0050 0.0056 0.0059 0.8899 
   H171929.7  2 0.0052 0.0043 0.0063 0.0103 0.0047 0.0054 0.0061 0.0061 0.0048 0.0040 0.0089 0.0057 0.0036 0.0042 0.0285 0.0052 0.0081 0.8785 
   H171929.8  2 0.0039 0.0036 0.0177 0.0045 0.0059 0.0106 0.0071 0.0062 0.0060 0.0056 0.0159 0.0081 0.0065 0.0047 0.0363 0.0104 0.0241 0.8230 
   H171929.9  2 0.0039 0.0041 0.0086 0.0149 0.0048 0.0179 0.0104 0.0098 0.0074 0.0037 0.0213 0.0066 0.0087 0.0057 0.0378 0.0074 0.0080 0.8191 
   H171930.1  2 0.0135 0.0079 0.0144 0.0117 0.0302 0.0063 0.0085 0.0059 0.0035 0.0228 0.0102 0.0136 0.6736 0.0302 0.0026 0.0175 0.0046 0.1229 
   H171930.2  2 0.0092 0.0075 0.0146 0.0123 0.0153 0.0156 0.0135 0.0130 0.0081 0.0063 0.0178 0.0130 0.7124 0.0425 0.0086 0.0587 0.0157 0.0159 
   H171930.3  2 0.0086 0.0070 0.0052 0.0058 0.0155 0.0054 0.0070 0.0072 0.0069 0.0105 0.0304 0.0093 0.8336 0.0149 0.0046 0.0136 0.0068 0.0077 
   H171930.4  2 0.0083 0.0085 0.0041 0.0054 0.0110 0.0055 0.0075 0.0051 0.0069 0.0078 0.0099 0.0136 0.8532 0.0207 0.0036 0.0165 0.0053 0.0071 
   H171930.5  2 0.0100 0.0073 0.0574 0.0119 0.0146 0.0183 0.0080 0.0153 0.0083 0.0193 0.0208 0.0116 0.6078 0.0728 0.0117 0.0204 0.0153 0.0691 
   H171930.6  2 0.0098 0.0131 0.0046 0.0088 0.0075 0.0066 0.0073 0.0108 0.0044 0.0046 0.0070 0.0124 0.8709 0.0098 0.0032 0.0078 0.0065 0.0048 
   H171930.7  2 0.0049 0.0099 0.0052 0.0065 0.0126 0.0076 0.0100 0.0057 0.0044 0.0131 0.0149 0.0077 0.8599 0.0074 0.0054 0.0069 0.0048 0.0130 
   H171930.8  2 0.0060 0.0085 0.0067 0.0083 0.0213 0.0077 0.0148 0.0062 0.0038 0.0088 0.0054 0.0074 0.8530 0.0082 0.0040 0.0098 0.0053 0.0150 
   H171933.1  2 0.0197 0.0072 0.0185 0.0112 0.0311 0.0243 0.0071 0.0248 0.6699 0.0669 0.0131 0.0097 0.0188 0.0068 0.0100 0.0321 0.0190 0.0099 
   H171933.2  2 0.0416 0.0236 0.0142 0.0233 0.0429 0.0344 0.0156 0.0525 0.3772 0.0857 0.0152 0.0066 0.0457 0.0076 0.0442 0.1365 0.0212 0.0121 
   H171933.3  2 0.0127 0.0163 0.0127 0.0067 0.0207 0.0194 0.0118 0.0107 0.3327 0.0167 0.0265 0.0164 0.0382 0.0146 0.0491 0.2268 0.1591 0.0092 
   H171933.4  2 0.0225 0.0080 0.0123 0.0078 0.0112 0.0078 0.0836 0.0160 0.4647 0.0064 0.0162 0.0365 0.0756 0.0091 0.0305 0.0441 0.0708 0.0768 
   H171933.5  2 0.0660 0.0181 0.0346 0.0107 0.0119 0.0279 0.0544 0.0090 0.1045 0.0115 0.0259 0.1177 0.0646 0.0229 0.0159 0.0394 0.2816 0.0832 
   H171933.6  2 0.0503 0.0085 0.0081 0.0100 0.0110 0.0118 0.0157 0.0701 0.4867 0.0057 0.0084 0.0186 0.0099 0.0104 0.0108 0.2490 0.0090 0.0059 
   H171933.7  2 0.0159 0.0690 0.0280 0.0212 0.0131 0.0126 0.0221 0.0111 0.4992 0.0231 0.0155 0.0166 0.1067 0.0131 0.0681 0.0104 0.0441 0.0101 
   H171933.8  2 0.0292 0.0370 0.0143 0.0189 0.0218 0.0109 0.0504 0.0182 0.4078 0.0506 0.0118 0.0058 0.1284 0.0109 0.0743 0.0126 0.0196 0.0774 
   H171933.9  2 0.0154 0.0061 0.0074 0.0074 0.0048 0.0053 0.0281 0.0084 0.7365 0.0042 0.0111 0.0368 0.0418 0.0139 0.0151 0.0149 0.0329 0.0100 
      H190.1  2 0.2309 0.0109 0.0349 0.0391 0.0080 0.0150 0.0883 0.0204 0.0314 0.0056 0.0197 0.0838 0.1550 0.0291 0.0083 0.0272 0.1781 0.0143 
      H190.2  2 0.0089 0.0245 0.0134 0.0456 0.6431 0.0386 0.0771 0.0101 0.0046 0.0051 0.0346 0.0058 0.0132 0.0074 0.0171 0.0164 0.0273 0.0071 
      H190.3  2 0.0207 0.0121 0.0771 0.0242 0.2603 0.0415 0.0123 0.0205 0.0157 0.0107 0.3665 0.0122 0.0178 0.0103 0.0165 0.0368 0.0337 0.0111 
      H190.4  2 0.0693 0.0036 0.0230 0.0069 0.0094 0.0166 0.0093 0.0071 0.0380 0.0099 0.0214 0.0598 0.1335 0.0151 0.0144 0.0419 0.5124 0.0084 
      H190.5  2 0.0261 0.0252 0.0108 0.0406 0.5179 0.0579 0.1807 0.0229 0.0106 0.0045 0.0163 0.0091 0.0145 0.0073 0.0195 0.0148 0.0106 0.0108 
      H190.6  2 0.0328 0.0051 0.0179 0.0106 0.0108 0.0103 0.0091 0.0129 0.0121 0.0069 0.0213 0.0300 0.0607 0.0155 0.0166 0.0606 0.6607 0.0061 
      H190.7  2 0.0209 0.0094 0.0605 0.0217 0.0240 0.0265 0.0318 0.0098 0.0053 0.0068 0.0460 0.0258 0.0199 0.0106 0.3897 0.1967 0.0848 0.0097 
      H190.8  2 0.0490 0.0143 0.0180 0.0340 0.1274 0.0342 0.5074 0.0101 0.0087 0.0044 0.0455 0.0153 0.0387 0.0134 0.0284 0.0144 0.0271 0.0098 
      H190.9  2 0.0528 0.0208 0.0404 0.0242 0.1200 0.1129 0.2015 0.0101 0.0077 0.0139 0.0296 0.0277 0.0225 0.0081 0.1262 0.0459 0.1192 0.0164 
      H400.1  2 0.0119 0.0456 0.0352 0.0105 0.0039 0.0912 0.0068 0.0203 0.0434 0.0127 0.0132 0.0078 0.0285 0.0077 0.0104 0.6391 0.0043 0.0077 
      H400.2  2 0.0181 0.0503 0.0075 0.0112 0.0058 0.0760 0.0056 0.0212 0.1210 0.0191 0.0192 0.0044 0.0160 0.0127 0.0077 0.5758 0.0103 0.0183 
      H400.3  2 0.0579 0.0278 0.0468 0.0103 0.0081 0.2595 0.0106 0.0414 0.0800 0.0112 0.0303 0.0217 0.0495 0.0099 0.0055 0.3070 0.0115 0.0109 
      H400.4  2 0.0098 0.0149 0.0082 0.0113 0.0123 0.0217 0.0052 0.0315 0.0144 0.0047 0.0157 0.0088 0.0689 0.0120 0.0100 0.7264 0.0068 0.0176 
      H400.5  2 0.0410 0.0143 0.0174 0.0098 0.0075 0.1072 0.0038 0.0691 0.3098 0.0087 0.0684 0.0157 0.0921 0.0089 0.0060 0.1626 0.0389 0.0187 
      H400.6  2 0.0067 0.0474 0.0264 0.0317 0.0058 0.0234 0.0047 0.0164 0.0277 0.0039 0.0141 0.0065 0.0256 0.0067 0.0443 0.6964 0.0053 0.0070 
      H400.7  2 0.0203 0.0247 0.0387 0.0106 0.0070 0.0278 0.0073 0.0097 0.1251 0.0062 0.0218 0.0066 0.0298 0.0077 0.0099 0.5652 0.0462 0.0354 
 H428.1_2005  2 0.0044 0.0034 0.0034 0.0038 0.0031 0.0037 0.0028 0.0045 0.9321 0.0036 0.0040 0.0052 0.0023 0.0046 0.0048 0.0037 0.0046 0.0058 
 H428.1_2006  2 0.0053 0.0088 0.0034 0.0093 0.0056 0.0056 0.0085 0.0119 0.8869 0.0045 0.0044 0.0047 0.0035 0.0036 0.0104 0.0076 0.0053 0.0108 
 H428.2_2005  2 0.0035 0.0041 0.0074 0.0036 0.0039 0.0041 0.0050 0.0046 0.9188 0.0039 0.0055 0.0045 0.0039 0.0058 0.0036 0.0057 0.0063 0.0057 
 H428.2_2006  2 0.0105 0.0083 0.0032 0.0172 0.0052 0.0064 0.0097 0.0179 0.8599 0.0048 0.0050 0.0051 0.0060 0.0071 0.0060 0.0093 0.0047 0.0137 
 H428.3_2005  2 0.0051 0.0041 0.0040 0.0050 0.0037 0.0032 0.0049 0.0055 0.9230 0.0035 0.0047 0.0043 0.0035 0.0030 0.0049 0.0077 0.0050 0.0049 
 H428.3_2006  2 0.0119 0.0100 0.0042 0.0250 0.0045 0.0055 0.0080 0.0075 0.8652 0.0045 0.0046 0.0054 0.0060 0.0055 0.0060 0.0105 0.0053 0.0107 
 H428.4_2005  2 0.0041 0.0041 0.0042 0.0039 0.0051 0.0032 0.0042 0.0053 0.9257 0.0033 0.0041 0.0040 0.0035 0.0032 0.0043 0.0058 0.0065 0.0054 
