      H008.1  2 0.0087 0.0105 0.0377 0.0209 0.0079 0.0132 0.0161 0.0182 0.0062 0.0094 0.0082 0.0151 0.8159 0.0121 
      H008.2  2 0.0162 0.0310 0.4588 0.0668 0.0964 0.0176 0.0401 0.0102 0.0897 0.0077 0.0142 0.0372 0.0702 0.0440 
      H008.3  2 0.0510 0.0217 0.3378 0.2072 0.0647 0.0245 0.0315 0.0244 0.0333 0.0122 0.0269 0.0801 0.0740 0.0109 
      H008.4  2 0.0344 0.0128 0.0741 0.0155 0.0166 0.0564 0.0237 0.0342 0.0460 0.0115 0.0093 0.0089 0.6453 0.0112 
      H008.5  2 0.0418 0.0143 0.0499 0.0240 0.0173 0.0201 0.0095 0.0158 0.0131 0.0095 0.0079 0.0128 0.7553 0.0086 
      H008.6  2 0.0198 0.0177 0.5169 0.0392 0.0464 0.0207 0.0816 0.0166 0.0749 0.0122 0.0136 0.0059 0.1248 0.0096 
      H008.7  2 0.0429 0.0103 0.2785 0.0437 0.0250 0.0428 0.0341 0.0391 0.0840 0.0096 0.0136 0.0559 0.2922 0.0284 
      H008.8  2 0.0124 0.0207 0.0294 0.0293 0.1011 0.0430 0.2223 0.0309 0.0159 0.0112 0.0302 0.0465 0.2082 0.1988 
      H008.9  2 0.0194 0.0180 0.3844 0.0528 0.0309 0.0110 0.2580 0.0372 0.1246 0.0085 0.0136 0.0100 0.0174 0.0141 
 H029.1_2002  2 0.0843 0.0104 0.0106 0.0104 0.0076 0.0204 0.0313 0.0154 0.0280 0.0210 0.0188 0.0097 0.7112 0.0211 
 H029.1_2003  2 0.7001 0.0191 0.0113 0.0195 0.0106 0.0108 0.0252 0.0138 0.0171 0.0086 0.0199 0.0062 0.1192 0.0186 
 H029.2_2002  2 0.0815 0.0070 0.0224 0.0367 0.0210 0.0131 0.0084 0.0111 0.0288 0.0236 0.0251 0.0339 0.6748 0.0125 
 H029.2_2003  2 0.4242 0.0177 0.0135 0.1568 0.0187 0.0083 0.0148 0.0081 0.0312 0.0129 0.0543 0.0098 0.1955 0.0342 
 H029.3_2002  2 0.0930 0.0347 0.0092 0.0447 0.0274 0.0191 0.0145 0.0087 0.1467 0.0080 0.0428 0.0626 0.4469 0.0419 
 H029.3_2003  2 0.3149 0.0126 0.0172 0.0184 0.0048 0.0071 0.0050 0.0095 0.0066 0.0060 0.0083 0.0054 0.5650 0.0191 
 H029.4_2002  2 0.0565 0.0083 0.0079 0.0057 0.0047 0.0097 0.0047 0.0095 0.0166 0.0079 0.0039 0.0120 0.8420 0.0108 
 H029.4_2003  2 0.5736 0.0167 0.0126 0.0214 0.0119 0.0167 0.0172 0.0134 0.0187 0.0077 0.0105 0.0073 0.2150 0.0575 
 H029.5_2002  2 0.0523 0.0075 0.0168 0.0061 0.0044 0.0064 0.0076 0.0179 0.0057 0.0168 0.0069 0.0106 0.8328 0.0082 
 H029.5_2003  2 0.4254 0.0063 0.0248 0.0299 0.0067 0.0112 0.0097 0.0073 0.0119 0.0065 0.0071 0.0055 0.4219 0.0255 
 H029.6_2002  2 0.3098 0.0101 0.0048 0.0055 0.0072 0.0098 0.0066 0.0109 0.0414 0.0080 0.0053 0.0235 0.5407 0.0164 
 H029.6_2003  2 0.0940 0.0223 0.0140 0.0889 0.0078 0.0143 0.0172 0.0427 0.0098 0.0182 0.0333 0.0118 0.6007 0.0249 
      H029.7  2 0.0439 0.0044 0.0077 0.0145 0.0214 0.0083 0.0082 0.0073 0.0222 0.0159 0.0154 0.0189 0.8046 0.0072 
      H030.1  2 0.1957 0.4707 0.0710 0.0286 0.0102 0.0060 0.0116 0.0142 0.0048 0.0479 0.0463 0.0184 0.0408 0.0338 
      H030.2  2 0.0298 0.3339 0.0337 0.0088 0.0050 0.2318 0.0081 0.0173 0.0715 0.0260 0.0157 0.1467 0.0561 0.0157 
      H038.1  2 0.0060 0.0057 0.0055 0.0046 0.0104 0.0080 0.0087 0.0066 0.0248 0.0049 0.0068 0.0043 0.8965 0.0072 
      H038.2  2 0.0065 0.0076 0.0075 0.0074 0.0034 0.0093 0.0031 0.0071 0.0063 0.0200 0.0087 0.0082 0.9002 0.0047 
      H038.3  2 0.0045 0.0153 0.0138 0.0071 0.0053 0.0211 0.0064 0.0129 0.0305 0.0149 0.0240 0.0070 0.8228 0.0145 
      H038.4  2 0.0050 0.0080 0.0127 0.0047 0.0048 0.0118 0.0050 0.0175 0.0241 0.0106 0.0131 0.0073 0.8640 0.0114 
      H038.5  2 0.0117 0.0155 0.0088 0.0075 0.0041 0.0075 0.0043 0.0081 0.0267 0.0076 0.0053 0.0113 0.8407 0.0408 
      H038.6  2 0.0067 0.0092 0.0074 0.0111 0.0039 0.0072 0.0056 0.0045 0.0116 0.0058 0.0092 0.0042 0.9059 0.0078 
      H038.7  2 0.0041 0.0076 0.0073 0.0061 0.0035 0.0168 0.0048 0.0048 0.0117 0.0080 0.0193 0.0032 0.8945 0.0085 
      H038.8  2 0.0044 0.0112 0.0071 0.0047 0.0036 0.0165 0.0042 0.0103 0.0697 0.0125 0.0157 0.0085 0.8233 0.0083 
      H041.1  2 0.2299 0.0099 0.1059 0.0162 0.0267 0.0130 0.0155 0.0657 0.0371 0.0220 0.0183 0.1115 0.2872 0.0410 
      H041.2  2 0.5357 0.0077 0.1474 0.0083 0.0065 0.0171 0.0146 0.1042 0.0148 0.0137 0.0102 0.0071 0.1045 0.0083 
      H041.4  2 0.4511 0.0110 0.0506 0.0082 0.0233 0.0127 0.0280 0.0652 0.0328 0.0111 0.0130 0.0119 0.2623 0.0189 
      H041.6  2 0.4088 0.0108 0.0280 0.0096 0.0457 0.0225 0.0328 0.0505 0.0151 0.0300 0.0250 0.0142 0.2958 0.0110 
 H042.1_2002  2 0.7425 0.0084 0.0085 0.0124 0.0191 0.0517 0.0335 0.0329 0.0177 0.0386 0.0098 0.0080 0.0097 0.0070 
 H042.1_2003  2 0.0578 0.0355 0.3042 0.0513 0.0197 0.0530 0.0569 0.1164 0.0828 0.0401 0.0841 0.0163 0.0712 0.0107 
 H042.2_2002  2 0.4665 0.0065 0.0092 0.0196 0.0120 0.2873 0.0052 0.0162 0.0433 0.0080 0.0067 0.0141 0.0924 0.0128 
 H042.2_2003  2 0.3922 0.0142 0.0529 0.0212 0.0107 0.0193 0.0339 0.1560 0.0060 0.1409 0.0131 0.0043 0.1269 0.0084 
 H042.3_2002  2 0.3681 0.0138 0.0129 0.0130 0.0094 0.4786 0.0108 0.0293 0.0172 0.0194 0.0061 0.0058 0.0084 0.0072 
 H042.3_2003  2 0.1715 0.0149 0.0181 0.0404 0.0190 0.5142 0.0155 0.0296 0.0207 0.0619 0.0069 0.0269 0.0457 0.0146 
 H042.4_2002  2 0.8429 0.0103 0.0070 0.0116 0.0072 0.0080 0.0111 0.0306 0.0102 0.0253 0.0054 0.0055 0.0193 0.0055 
 H042.4_2003  2 0.6520 0.0068 0.0125 0.0077 0.0185 0.0082 0.0110 0.0130 0.0069 0.1663 0.0211 0.0202 0.0473 0.0084 
      H042.5  2 0.9026 0.0057 0.0110 0.0077 0.0103 0.0049 0.0064 0.0070 0.0030 0.0204 0.0052 0.0045 0.0057 0.0055 
      H042.6  2 0.7829 0.0062 0.0070 0.0098 0.0552 0.0287 0.0112 0.0064 0.0100 0.0228 0.0195 0.0073 0.0196 0.0134 
      H042.7  2 0.5064 0.0053 0.0136 0.0095 0.0107 0.1860 0.0183 0.1256 0.0057 0.0486 0.0245 0.0062 0.0210 0.0188 
      H042.8  2 0.7560 0.0057 0.0161 0.0202 0.0279 0.0626 0.0118 0.0382 0.0193 0.0093 0.0068 0.0043 0.0126 0.0092 
   H042_2002  2 0.0942 0.0154 0.0561 0.0237 0.1343 0.2100 0.0321 0.0398 0.0461 0.1167 0.0891 0.0074 0.1073 0.0279 
   H042_2003  2 0.0831 0.0137 0.0474 0.0192 0.1502 0.1990 0.0305 0.0505 0.0484 0.1158 0.0837 0.0072 0.1176 0.0337 
      H043.1  2 0.0072 0.0095 0.0299 0.0077 0.0203 0.0130 0.0076 0.0050 0.0752 0.0080 0.1244 0.0190 0.0255 0.6477 
      H043.2  2 0.0066 0.0076 0.0085 0.0113 0.2552 0.0184 0.0573 0.0205 0.2917 0.0070 0.1510 0.0051 0.1060 0.0537 
      H043.3  2 0.0109 0.0082 0.0226 0.0104 0.0328 0.0810 0.0281 0.0084 0.0345 0.0186 0.1928 0.0039 0.3372 0.2106 
      H043.4  2 0.0091 0.0052 0.0250 0.0088 0.2097 0.0352 0.0205 0.0070 0.1597 0.0159 0.3827 0.0048 0.0795 0.0368 
      H043.5  2 0.0074 0.0094 0.0275 0.0107 0.0161 0.0587 0.0358 0.0218 0.3638 0.0102 0.0870 0.0065 0.1844 0.1604 
      H043.6  2 0.0101 0.0142 0.0063 0.0107 0.0191 0.0440 0.0372 0.0199 0.2790 0.0108 0.0635 0.0042 0.4065 0.0745 
      H043.7  2 0.0066 0.0085 0.0079 0.0066 0.0913 0.0316 0.0621 0.0098 0.1079 0.0108 0.5620 0.0041 0.0314 0.0594 
      H043.8  2 0.0057 0.0241 0.0072 0.0098 0.0366 0.0413 0.0229 0.0235 0.0251 0.0052 0.0851 0.0110 0.0197 0.6829 
      H043.9  2 0.0095 0.0099 0.0096 0.0071 0.0271 0.0171 0.0069 0.0055 0.0416 0.0126 0.1006 0.0103 0.0564 0.6859 
      H047.1  2 0.0061 0.0081 0.4883 0.0115 0.0078 0.0241 0.0108 0.0058 0.0061 0.0142 0.0086 0.0056 0.3989 0.0042 
      H047.2  2 0.0087 0.0066 0.8258 0.0135 0.0056 0.0070 0.0104 0.0111 0.0051 0.0141 0.0185 0.0116 0.0539 0.0082 
      H047.3  2 0.0116 0.0070 0.7904 0.0123 0.0115 0.0143 0.0089 0.0167 0.0039 0.0170 0.0175 0.0185 0.0609 0.0094 
      H047.4  2 0.0320 0.0078 0.6478 0.0092 0.0077 0.0227 0.0147 0.0214 0.0045 0.0327 0.0345 0.0053 0.1481 0.0116 
      H047.5  2 0.0090 0.0091 0.6943 0.0124 0.0443 0.0346 0.0109 0.0093 0.0035 0.0196 0.0212 0.0059 0.1156 0.0103 
      H047.6  2 0.0108 0.0042 0.8935 0.0066 0.0061 0.0076 0.0083 0.0106 0.0044 0.0095 0.0104 0.0060 0.0145 0.0073 
      H047.7  2 0.0103 0.0056 0.4543 0.0076 0.0060 0.0568 0.0081 0.0120 0.0076 0.0364 0.0060 0.0129 0.3710 0.0054 
      H047.8  2 0.0176 0.0051 0.8376 0.0116 0.0106 0.0158 0.0094 0.0114 0.0042 0.0109 0.0203 0.0081 0.0324 0.0051 
      H047.9  2 0.0096 0.0090 0.4417 0.0159 0.0324 0.0559 0.0092 0.0124 0.0040 0.1810 0.0097 0.0059 0.2053 0.0080 
 H071.1_2002  2 0.0064 0.0078 0.0053 0.0059 0.0113 0.0095 0.0071 0.0044 0.0052 0.0063 0.0077 0.0033 0.9143 0.0055 
 H071.1_2003  2 0.0093 0.0380 0.0145 0.0104 0.0849 0.0097 0.0296 0.0096 0.0099 0.0112 0.0920 0.0045 0.6689 0.0074 
     H071.10  2 0.0052 0.0164 0.0031 0.0032 0.0047 0.0157 0.0046 0.0043 0.0077 0.0071 0.0059 0.0085 0.8994 0.0141 
 H071.2_2002  2 0.0064 0.0068 0.0095 0.0094 0.0166 0.0130 0.0160 0.0059 0.0088 0.0063 0.0084 0.0040 0.8805 0.0085 
 H071.2_2003  2 0.0043 0.0048 0.0044 0.0041 0.0084 0.0047 0.0049 0.0038 0.0039 0.0054 0.0044 0.0037 0.9394 0.0037 
      H071.3  2 0.0063 0.0208 0.0089 0.0053 0.0060 0.0153 0.0045 0.0061 0.0082 0.0085 0.0109 0.0088 0.8836 0.0067 
 H071.4_2002  2 0.0074 0.0139 0.0035 0.0058 0.0098 0.0173 0.0077 0.0079 0.0143 0.0071 0.0077 0.0082 0.8502 0.0392 
 H071.4_2003  2 0.0038 0.0075 0.0067 0.0044 0.0047 0.0090 0.0043 0.0039 0.0027 0.0073 0.0060 0.0036 0.9300 0.0060 
 H071.5_2002  2 0.0052 0.0079 0.0034 0.0040 0.0064 0.0103 0.0047 0.0038 0.0053 0.0060 0.0050 0.0061 0.9253 0.0067 
 H071.5_2003  2 0.0049 0.0158 0.0083 0.0076 0.0087 0.0150 0.0099 0.0039 0.0034 0.0215 0.0181 0.0035 0.8696 0.0097 
 H071.6_2002  2 0.0048 0.0081 0.0044 0.0059 0.0077 0.0392 0.0055 0.0037 0.0057 0.0056 0.0082 0.0045 0.8837 0.0130 
 H071.6_2003  2 0.0045 0.0225 0.0047 0.0045 0.0067 0.0159 0.0080 0.0039 0.0031 0.0097 0.0094 0.0039 0.8924 0.0109 
 H071.7_2002  2 0.0050 0.0040 0.0068 0.0046 0.0056 0.0116 0.0057 0.0040 0.0041 0.0053 0.0062 0.0029 0.9290 0.0053 
 H071.7_2003  2 0.0060 0.0231 0.0052 0.0068 0.0092 0.0110 0.0077 0.0047 0.0042 0.0179 0.0107 0.0041 0.8796 0.0099 
      H071.8  2 0.0062 0.0052 0.0076 0.0070 0.0152 0.0063 0.0121 0.0076 0.0064 0.0044 0.0076 0.0041 0.9033 0.0071 
      H071.9  2 0.0149 0.0190 0.0088 0.0062 0.0191 0.0197 0.0203 0.0149 0.0149 0.0070 0.0174 0.0097 0.5563 0.2717 
 H081.1_2002  2 0.0068 0.0055 0.0045 0.0048 0.0137 0.0069 0.0086 0.0085 0.0039 0.0075 0.0081 0.0068 0.9109 0.0036 
 H081.1_2003  2 0.1052 0.0687 0.0190 0.0358 0.0192 0.0277 0.0695 0.0150 0.2999 0.0177 0.2477 0.0190 0.0407 0.0149 
 H081.2_2002  2 0.0085 0.0045 0.0086 0.0054 0.0679 0.0059 0.0114 0.0059 0.0040 0.0107 0.0100 0.0057 0.8463 0.0052 
 H081.2_2003  2 0.0154 0.7084 0.0122 0.0089 0.0848 0.0096 0.0223 0.0087 0.0109 0.0097 0.0162 0.0337 0.0367 0.0224 
 H081.3_2002  2 0.0078 0.0111 0.0264 0.0043 0.0286 0.0059 0.0250 0.0072 0.0069 0.0074 0.0130 0.0069 0.8408 0.0087 
 H081.3_2003  2 0.0227 0.4836 0.0153 0.0205 0.0624 0.0148 0.0636 0.0111 0.0192 0.0131 0.0212 0.0147 0.0235 0.2142 
 H081.4_2002  2 0.0069 0.0103 0.0075 0.0084 0.0071 0.0072 0.0052 0.0065 0.0036 0.0080 0.0080 0.0055 0.9095 0.0062 
 H081.4_2003  2 0.1520 0.3201 0.0091 0.0368 0.0284 0.0154 0.2048 0.0214 0.0215 0.0213 0.0991 0.0174 0.0224 0.0302 
 H081.5_2002  2 0.0103 0.0099 0.0094 0.0058 0.0068 0.0089 0.0109 0.0047 0.0048 0.0045 0.0105 0.0046 0.9025 0.0064 
 H081.5_2003  2 0.0937 0.1144 0.0201 0.0171 0.0711 0.0298 0.1605 0.0341 0.0268 0.0270 0.3206 0.0139 0.0534 0.0175 
      H081.6  2 0.0046 0.0071 0.0047 0.0077 0.0129 0.0114 0.0072 0.0073 0.0047 0.0065 0.0097 0.0047 0.9079 0.0035 
      H081.7  2 0.0070 0.0112 0.0081 0.0050 0.0680 0.0062 0.0146 0.0070 0.0041 0.0078 0.0115 0.0054 0.8374 0.0068 
      H081.8  2 0.0115 0.0565 0.0114 0.0082 0.0101 0.0133 0.0168 0.0169 0.0120 0.0088 0.0083 0.0161 0.7912 0.0189 
      H083.1  2 0.0210 0.0085 0.0115 0.0100 0.0074 0.0155 0.0047 0.0051 0.0085 0.0077 0.0100 0.0224 0.8564 0.0113 
      H083.2  2 0.0129 0.0083 0.0530 0.0084 0.0167 0.0109 0.0086 0.0050 0.0101 0.0130 0.0303 0.0247 0.7719 0.0263 
      H083.4  2 0.0095 0.0062 0.0231 0.0067 0.0174 0.0138 0.0096 0.0069 0.0120 0.0099 0.0141 0.0853 0.7285 0.0571 
      H083.5  2 0.0346 0.0058 0.0191 0.0107 0.0175 0.0076 0.0058 0.0089 0.0254 0.0082 0.0153 0.0603 0.7705 0.0105 
      H083.6  2 0.0203 0.0106 0.0072 0.0116 0.0100 0.0099 0.0067 0.0106 0.0127 0.0064 0.0151 0.0870 0.7812 0.0106 
      H083.7  2 0.0077 0.0048 0.0250 0.0060 0.0202 0.0110 0.0089 0.0116 0.0104 0.0144 0.0087 0.2344 0.6155 0.0214 
      H083.8  2 0.0094 0.0046 0.1003 0.0078 0.0133 0.0080 0.0121 0.0074 0.0068 0.0153 0.0167 0.0209 0.7491 0.0283 
      H083.9  2 0.0303 0.0084 0.0199 0.0070 0.0083 0.0075 0.0050 0.0095 0.0086 0.0082 0.0082 0.0984 0.7724 0.0082 
      H084.1  2 0.0206 0.7656 0.0135 0.0135 0.0083 0.0094 0.0066 0.0170 0.0770 0.0099 0.0082 0.0094 0.0104 0.0306 
      H084.2  2 0.0355 0.7129 0.0061 0.0107 0.0054 0.0083 0.0082 0.0039 0.0982 0.0092 0.0173 0.0069 0.0081 0.0694 
      H084.3  2 0.0207 0.3835 0.0130 0.0168 0.0071 0.0241 0.0065 0.0944 0.2648 0.0820 0.0493 0.0092 0.0094 0.0191 
      H084.4  2 0.0519 0.3881 0.0202 0.0085 0.0049 0.0173 0.0087 0.0810 0.2296 0.0761 0.0687 0.0073 0.0083 0.0295 
      H084.5  2 0.0085 0.7148 0.0303 0.0102 0.0083 0.0643 0.0067 0.0612 0.0295 0.0217 0.0232 0.0055 0.0070 0.0088 
      H084.6  2 0.0080 0.6981 0.0264 0.0060 0.0072 0.0237 0.0049 0.0749 0.0789 0.0190 0.0128 0.0227 0.0055 0.0121 
      H084.7  2 0.0320 0.8318 0.0061 0.0136 0.0068 0.0107 0.0083 0.0068 0.0138 0.0180 0.0072 0.0062 0.0084 0.0304 
      H084.8  2 0.0089 0.6898 0.0297 0.0120 0.0069 0.0134 0.0048 0.1146 0.0618 0.0202 0.0138 0.0071 0.0059 0.0110 
 H085.1_2002  2 0.0220 0.0080 0.0054 0.0044 0.8517 0.0102 0.0188 0.0046 0.0138 0.0059 0.0058 0.0115 0.0275 0.0104 
 H085.1_2003  2 0.0794 0.0107 0.0146 0.0102 0.1066 0.0078 0.0102 0.0276 0.0157 0.0111 0.0238 0.0772 0.5600 0.0452 
 H085.2_2002  2 0.0386 0.0194 0.0069 0.0072 0.3836 0.0250 0.2074 0.0153 0.0720 0.0144 0.0347 0.1287 0.0248 0.0220 
 H085.2_2003  2 0.0501 0.0232 0.0214 0.0184 0.0205 0.0095 0.0118 0.0112 0.0130 0.0143 0.0226 0.0520 0.7053 0.0268 
 H085.3_2002  2 0.0170 0.0045 0.0056 0.0050 0.8560 0.0047 0.0145 0.0099 0.0049 0.0184 0.0255 0.0147 0.0098 0.0094 
 H085.3_2003  2 0.0204 0.0105 0.0092 0.0102 0.0285 0.0080 0.0079 0.0153 0.0041 0.0108 0.0930 0.0062 0.7627 0.0131 
 H085.4_2002  2 0.0236 0.0186 0.0064 0.0069 0.6105 0.0253 0.0834 0.0179 0.0442 0.0084 0.0127 0.0170 0.1076 0.0175 
 H085.4_2003  2 0.0687 0.0238 0.0181 0.0078 0.0124 0.0270 0.0252 0.0323 0.0065 0.0644 0.0211 0.0081 0.6764 0.0081 
 H085.5_2002  2 0.0056 0.0043 0.0041 0.0047 0.9106 0.0045 0.0078 0.0075 0.0052 0.0078 0.0172 0.0041 0.0105 0.0060 
 H085.5_2003  2 0.0242 0.0167 0.0104 0.0112 0.0168 0.0070 0.0073 0.0061 0.0067 0.0086 0.0098 0.0378 0.8275 0.0100 
 H085.6_2002  2 0.0128 0.0055 0.0074 0.0040 0.8670 0.0049 0.0223 0.0058 0.0067 0.0068 0.0170 0.0136 0.0081 0.0180 
 H085.6_2003  2 0.0477 0.0129 0.0447 0.0144 0.0416 0.0093 0.0845 0.1053 0.0078 0.0450 0.4477 0.0052 0.1150 0.0189 
 H085.7_2002  2 0.0850 0.0126 0.0282 0.0089 0.5464 0.0109 0.0709 0.0108 0.0141 0.0128 0.0788 0.0678 0.0397 0.0131 
 H085.7_2003  2 0.0216 0.0069 0.0156 0.0083 0.0226 0.0099 0.0111 0.0209 0.0105 0.0162 0.0298 0.0114 0.7936 0.0216 
 H085.8_2002  2 0.0152 0.0131 0.0101 0.0064 0.2747 0.0098 0.1179 0.0555 0.0173 0.0157 0.4001 0.0144 0.0308 0.0188 
 H085.8_2003  2 0.3300 0.0267 0.0358 0.0139 0.0439 0.0194 0.0362 0.0262 0.0154 0.0960 0.0256 0.0983 0.2062 0.0265 
      H085.9  2 0.0436 0.0149 0.0087 0.0090 0.7339 0.0155 0.0327 0.0092 0.0262 0.0122 0.0146 0.0172 0.0531 0.0093 
      H088.1  2 0.8431 0.0072 0.0108 0.0180 0.0180 0.0065 0.0146 0.0205 0.0068 0.0105 0.0087 0.0094 0.0104 0.0155 
      H088.2  2 0.8576 0.0067 0.0109 0.0090 0.0194 0.0112 0.0154 0.0113 0.0061 0.0129 0.0145 0.0068 0.0053 0.0128 
      H088.3  2 0.8982 0.0052 0.0141 0.0053 0.0091 0.0068 0.0098 0.0077 0.0055 0.0059 0.0109 0.0060 0.0056 0.0098 
      H088.4  2 0.9159 0.0128 0.0055 0.0095 0.0043 0.0052 0.0084 0.0038 0.0046 0.0049 0.0073 0.0033 0.0072 0.0072 
      H088.5  2 0.9255 0.0057 0.0065 0.0071 0.0054 0.0050 0.0071 0.0055 0.0050 0.0066 0.0047 0.0045 0.0051 0.0061 
      H088.6  2 0.9003 0.0099 0.0096 0.0079 0.0051 0.0058 0.0075 0.0094 0.0046 0.0061 0.0077 0.0058 0.0096 0.0105 
      H088.7  2 0.8782 0.0070 0.0212 0.0055 0.0079 0.0078 0.0074 0.0083 0.0054 0.0109 0.0069 0.0054 0.0165 0.0118 
      H088.8  2 0.8573 0.0109 0.0135 0.0152 0.0055 0.0073 0.0090 0.0106 0.0074 0.0107 0.0072 0.0065 0.0274 0.0116 
      H091.1  2 0.8043 0.0066 0.0078 0.0080 0.0126 0.0275 0.0062 0.0117 0.0069 0.0127 0.0164 0.0200 0.0327 0.0266 
      H091.2  2 0.7233 0.0054 0.0195 0.0146 0.0114 0.0363 0.0099 0.0287 0.0051 0.0122 0.0121 0.0419 0.0382 0.0412 
      H109.1  2 0.0078 0.0408 0.1306 0.0108 0.0269 0.0270 0.0118 0.0300 0.0209 0.0126 0.0120 0.0469 0.0166 0.6053 
      H109.2  2 0.0119 0.4423 0.0441 0.0120 0.0074 0.0361 0.0289 0.0273 0.0200 0.0793 0.0283 0.0194 0.0923 0.1508 
      H109.3  2 0.0206 0.1183 0.2370 0.0474 0.0065 0.0267 0.0099 0.0393 0.0126 0.0511 0.0626 0.0112 0.0508 0.3059 
      H109.4  2 0.0131 0.1646 0.0197 0.0216 0.0070 0.0164 0.0192 0.0248 0.0234 0.0392 0.0176 0.0106 0.0233 0.5994 
      H109.5  2 0.1196 0.1042 0.0332 0.0223 0.0110 0.0298 0.0175 0.0844 0.0051 0.0860 0.0182 0.0055 0.3685 0.0945 
      H109.6  2 0.0131 0.2797 0.0846 0.0292 0.0107 0.0305 0.0355 0.0446 0.0221 0.0589 0.0431 0.0153 0.0372 0.2955 
      H126.1  2 0.0271 0.0107 0.0130 0.0650 0.1641 0.3881 0.1644 0.0117 0.0092 0.0438 0.0235 0.0076 0.0102 0.0616 
      H126.2  2 0.0132 0.0136 0.0728 0.0342 0.1678 0.2184 0.1063 0.0081 0.0462 0.0171 0.0299 0.0117 0.2201 0.0407 
      H126.3  2 0.0484 0.0036 0.0090 0.0165 0.0822 0.6251 0.0136 0.0074 0.0069 0.0049 0.0047 0.0316 0.1174 0.0287 
      H126.4  2 0.0258 0.0145 0.0155 0.1514 0.0211 0.1730 0.4502 0.0117 0.0126 0.0092 0.0185 0.0270 0.0493 0.0203 
      H126.5  2 0.0084 0.0082 0.0078 0.0365 0.0461 0.4280 0.1520 0.0083 0.0058 0.0334 0.0664 0.0091 0.1788 0.0111 
      H126.6  2 0.0151 0.0041 0.0166 0.0084 0.3288 0.2428 0.0178 0.0038 0.0056 0.0066 0.0209 0.0083 0.3088 0.0123 
      H126.7  2 0.0336 0.0077 0.0109 0.0098 0.0287 0.0217 0.0107 0.0048 0.0037 0.0105 0.0240 0.0051 0.8209 0.0079 
      H130.1  2 0.0334 0.0135 0.0119 0.0179 0.0139 0.0067 0.7497 0.0138 0.0080 0.0370 0.0281 0.0161 0.0078 0.0422 
      H130.2  2 0.0245 0.5229 0.0325 0.0287 0.0134 0.0073 0.1684 0.0114 0.0070 0.0216 0.0375 0.0353 0.0339 0.0557 
      H130.3  2 0.0333 0.0942 0.0173 0.5071 0.0100 0.0058 0.0623 0.0065 0.0046 0.0410 0.1157 0.0063 0.0286 0.0673 
      H130.4  2 0.0284 0.0381 0.0177 0.0626 0.0215 0.0078 0.6774 0.0095 0.0190 0.0197 0.0151 0.0176 0.0065 0.0590 
      H130.5  2 0.0942 0.1522 0.0099 0.0097 0.0229 0.0052 0.4476 0.0169 0.0069 0.0608 0.0583 0.0251 0.0599 0.0305 
      H133.1  2 0.0410 0.0491 0.0586 0.0903 0.0197 0.0155 0.1243 0.0110 0.1338 0.0596 0.0349 0.0174 0.0304 0.3143 
      H133.2  2 0.0620 0.1657 0.0637 0.0245 0.1130 0.0173 0.1080 0.0115 0.0133 0.0185 0.0634 0.0081 0.0165 0.3144 
      H133.3  2 0.1752 0.0237 0.0248 0.0363 0.0587 0.0174 0.0402 0.0165 0.1415 0.0526 0.0446 0.0132 0.0757 0.2798 
      H133.4  2 0.0110 0.0259 0.0805 0.0246 0.0199 0.0108 0.0323 0.0136 0.0381 0.0205 0.0388 0.0073 0.0240 0.6528 
      H133.5  2 0.0761 0.0407 0.0112 0.0639 0.0589 0.0173 0.0524 0.0053 0.0178 0.0085 0.0299 0.0088 0.0118 0.5973 
      H133.6  2 0.1359 0.0801 0.0151 0.0239 0.0764 0.0156 0.0470 0.0105 0.0100 0.0525 0.0526 0.0114 0.0110 0.4579 
      H133.7  2 0.0361 0.0106 0.1360 0.0175 0.0421 0.0144 0.0390 0.1530 0.1001 0.0890 0.0345 0.0095 0.0254 0.2926 
      H133.8  2 0.0253 0.0272 0.0886 0.0616 0.1103 0.0557 0.0683 0.0222 0.1050 0.0104 0.0128 0.0203 0.0173 0.3751 
      H133.9  2 0.0658 0.0270 0.0504 0.1588 0.0149 0.0132 0.1041 0.0084 0.1248 0.0477 0.0482 0.0204 0.0249 0.2914 
      H147.1  2 0.0629 0.1081 0.0477 0.0045 0.0506 0.0124 0.0228 0.1294 0.0211 0.0327 0.0664 0.0300 0.4051 0.0062 
      H147.2  2 0.0126 0.0192 0.0088 0.0057 0.0099 0.0080 0.0141 0.0132 0.0064 0.0100 0.0386 0.0062 0.8424 0.0047 
      H147.3  2 0.0061 0.0263 0.0064 0.0062 0.0249 0.0075 0.0099 0.0115 0.0039 0.0092 0.0258 0.0077 0.8508 0.0038 
      H147.4  2 0.0074 0.0444 0.0134 0.0045 0.0111 0.0054 0.0057 0.0106 0.0246 0.0060 0.0119 0.0133 0.8378 0.0038 
      H147.5  2 0.0736 0.2074 0.0106 0.0176 0.0225 0.0096 0.0102 0.0293 0.0075 0.0175 0.0323 0.0189 0.5372 0.0057 
      H147.6  2 0.0986 0.2805 0.0128 0.0235 0.0183 0.0128 0.0084 0.0167 0.0072 0.0228 0.0369 0.0227 0.4310 0.0078 
      H147.7  2 0.0080 0.0770 0.0170 0.0061 0.0129 0.0075 0.0074 0.0212 0.0226 0.0104 0.0156 0.0162 0.7746 0.0036 
      H147.8  2 0.0776 0.1230 0.0108 0.0078 0.0092 0.0133 0.0039 0.0122 0.0288 0.0036 0.0090 0.0227 0.6717 0.0064 
      H147.9  2 0.0052 0.0216 0.0071 0.0061 0.0183 0.0060 0.0106 0.0097 0.0058 0.0073 0.0248 0.0071 0.8666 0.0040 
      H148.1  2 0.0180 0.0330 0.0148 0.0110 0.0078 0.0307 0.5361 0.1702 0.0451 0.0166 0.0493 0.0249 0.0106 0.0320 
      H148.2  2 0.0092 0.0234 0.0117 0.0112 0.0153 0.0459 0.2310 0.5257 0.0408 0.0106 0.0120 0.0145 0.0171 0.0315 
      H148.3  2 0.0107 0.0153 0.0113 0.0073 0.0063 0.0193 0.0104 0.8303 0.0391 0.0158 0.0106 0.0055 0.0061 0.0118 
      H148.4  2 0.0107 0.0086 0.0125 0.0123 0.0092 0.0340 0.3862 0.3692 0.0291 0.0180 0.0570 0.0128 0.0153 0.0250 
      H148.5  2 0.0292 0.0450 0.0116 0.0188 0.0126 0.0265 0.0239 0.7083 0.0415 0.0232 0.0180 0.0088 0.0087 0.0240 
      H148.6  2 0.0111 0.0161 0.0106 0.0080 0.0109 0.0158 0.0828 0.7017 0.0599 0.0156 0.0139 0.0252 0.0101 0.0183 
      H148.7  2 0.0310 0.0234 0.0234 0.0595 0.0067 0.0344 0.0806 0.5860 0.0434 0.0110 0.0302 0.0114 0.0071 0.0520 
      H148.8  2 0.0140 0.0095 0.0046 0.0099 0.0065 0.0081 0.0671 0.8244 0.0169 0.0163 0.0069 0.0046 0.0047 0.0064 
      H148.9  2 0.0115 0.0189 0.0514 0.0317 0.0517 0.1611 0.1131 0.2808 0.1513 0.0293 0.0165 0.0247 0.0072 0.0507 
   H166022.1  2 0.8176 0.0297 0.0071 0.0049 0.0121 0.0072 0.0063 0.0145 0.0112 0.0131 0.0099 0.0506 0.0107 0.0051 
   H166022.2  2 0.5165 0.1459 0.0350 0.0175 0.0138 0.0180 0.0143 0.0224 0.0096 0.0236 0.0763 0.0434 0.0534 0.0103 
   H166022.3  2 0.7143 0.0160 0.0096 0.0157 0.0049 0.0065 0.0109 0.0109 0.0063 0.0147 0.0189 0.1476 0.0054 0.0182 
   H166022.4  2 0.8908 0.0094 0.0062 0.0073 0.0046 0.0050 0.0046 0.0058 0.0047 0.0059 0.0244 0.0170 0.0057 0.0087 
   H166022.5  2 0.8434 0.0436 0.0088 0.0069 0.0041 0.0064 0.0058 0.0062 0.0048 0.0147 0.0206 0.0203 0.0069 0.0076 
   H166022.6  2 0.7522 0.0219 0.0399 0.0086 0.0084 0.0050 0.0300 0.0141 0.0188 0.0100 0.0267 0.0384 0.0081 0.0179 
   H166022.7  2 0.0067 0.0175 0.0101 0.0119 0.0053 0.0066 0.0586 0.0054 0.0147 0.0045 0.0065 0.0039 0.0082 0.8402 
   H166022.8  2 0.2521 0.1462 0.0161 0.0126 0.0243 0.0098 0.0962 0.0131 0.0059 0.0253 0.2748 0.0903 0.0157 0.0176 
   H167397.1  2 0.1562 0.0437 0.0130 0.0074 0.0076 0.0227 0.0137 0.0731 0.5211 0.0521 0.0188 0.0085 0.0555 0.0068 
   H167397.2  2 0.0172 0.0202 0.0106 0.0097 0.0578 0.0174 0.1273 0.0338 0.5502 0.0059 0.0386 0.0603 0.0380 0.0130 
   H167397.3  2 0.0529 0.0198 0.0151 0.0123 0.0080 0.0475 0.0203 0.0329 0.6195 0.0434 0.0111 0.0189 0.0867 0.0118 
   H167397.4  2 0.0153 0.0207 0.0434 0.0182 0.0310 0.0183 0.0117 0.0593 0.6962 0.0044 0.0113 0.0276 0.0293 0.0133 
   H167397.5  2 0.0529 0.0366 0.0129 0.0165 0.0075 0.0170 0.0396 0.0324 0.6538 0.0229 0.0473 0.0161 0.0276 0.0170 
   H167397.6  2 0.0360 0.0068 0.0183 0.0197 0.0101 0.1119 0.0206 0.0566 0.6379 0.0123 0.0090 0.0121 0.0341 0.0148 
   H167496.1  2 0.2125 0.0102 0.0158 0.0148 0.0067 0.0194 0.0087 0.0358 0.0082 0.5778 0.0143 0.0128 0.0102 0.0527 
   H167496.2  2 0.0780 0.0276 0.0908 0.0103 0.0156 0.1185 0.0357 0.0590 0.0132 0.1475 0.1789 0.0095 0.0976 0.1179 
   H167496.3  2 0.2226 0.0086 0.0347 0.0196 0.1078 0.0140 0.0342 0.0298 0.0101 0.3346 0.0635 0.0617 0.0389 0.0198 
   H167496.4  2 0.9159 0.0053 0.0079 0.0066 0.0084 0.0070 0.0042 0.0044 0.0048 0.0055 0.0065 0.0052 0.0132 0.0050 
   H167496.6  2 0.8115 0.0119 0.0091 0.0144 0.0081 0.0109 0.0078 0.0055 0.0057 0.0090 0.0682 0.0060 0.0212 0.0106 
   H167496.7  2 0.0174 0.0097 0.0195 0.0103 0.0053 0.0260 0.0193 0.0207 0.0052 0.8086 0.0233 0.0133 0.0097 0.0116 
   H167496.8  2 0.7590 0.0239 0.0211 0.0070 0.0058 0.0230 0.0083 0.0094 0.0053 0.0116 0.0793 0.0085 0.0277 0.0102 
   H167513.1  2 0.0079 0.0078 0.8989 0.0073 0.0064 0.0080 0.0081 0.0059 0.0074 0.0054 0.0085 0.0096 0.0071 0.0117 
   H167513.2  2 0.0117 0.0059 0.8723 0.0050 0.0065 0.0060 0.0106 0.0163 0.0136 0.0233 0.0099 0.0063 0.0052 0.0075 
   H167513.3  2 0.0087 0.0371 0.8401 0.0249 0.0058 0.0073 0.0070 0.0050 0.0070 0.0114 0.0100 0.0129 0.0069 0.0158 
   H167513.4  2 0.0133 0.0242 0.8008 0.0084 0.0066 0.0072 0.0106 0.0124 0.0094 0.0091 0.0136 0.0401 0.0069 0.0374 
   H167513.5  2 0.0077 0.0044 0.9114 0.0037 0.0071 0.0039 0.0070 0.0093 0.0154 0.0074 0.0071 0.0052 0.0043 0.0062 
   H167513.6  2 0.0126 0.0229 0.8526 0.0057 0.0097 0.0071 0.0088 0.0087 0.0101 0.0147 0.0140 0.0133 0.0109 0.0087 
   H167513.7  2 0.0069 0.0093 0.8568 0.0058 0.0079 0.0084 0.0071 0.0044 0.0249 0.0054 0.0087 0.0253 0.0106 0.0184 
   H167513.8  2 0.0050 0.0229 0.8841 0.0076 0.0041 0.0068 0.0048 0.0039 0.0162 0.0061 0.0129 0.0053 0.0064 0.0140 
   H167547.1  2 0.0101 0.0069 0.0128 0.0156 0.0061 0.0094 0.0315 0.1454 0.0287 0.6934 0.0070 0.0163 0.0057 0.0112 
   H167547.2  2 0.0613 0.0082 0.0145 0.0082 0.0075 0.0208 0.0119 0.3565 0.0277 0.4341 0.0072 0.0261 0.0098 0.0061 
   H167547.3  2 0.0572 0.0104 0.0165 0.0085 0.0073 0.0215 0.0087 0.3140 0.0298 0.4766 0.0060 0.0246 0.0125 0.0062 
   H167547.4  2 0.1320 0.0148 0.0277 0.0408 0.0180 0.0085 0.1468 0.0536 0.0279 0.2929 0.0119 0.2023 0.0075 0.0154 
   H167547.5  2 0.3616 0.0171 0.0152 0.0127 0.0077 0.0203 0.0168 0.4714 0.0087 0.0334 0.0068 0.0119 0.0074 0.0089 
   H167547.6  2 0.3820 0.0229 0.0136 0.0094 0.0085 0.0149 0.0167 0.4639 0.0061 0.0286 0.0059 0.0104 0.0098 0.0073 
   H167547.7  2 0.0151 0.0273 0.1307 0.0190 0.1083 0.0168 0.0793 0.0826 0.0198 0.3248 0.0130 0.0326 0.0169 0.1140 
   H169750.1  2 0.1414 0.0164 0.0387 0.0356 0.0173 0.0165 0.0962 0.0074 0.0102 0.0810 0.0177 0.0334 0.0161 0.4721 
   H169750.2  2 0.0626 0.1265 0.1805 0.0590 0.0193 0.0207 0.0897 0.0598 0.0406 0.0224 0.0846 0.0065 0.1264 0.1014 
   H169750.3  2 0.0502 0.0407 0.0592 0.0198 0.0317 0.0067 0.0194 0.0084 0.0038 0.0356 0.0070 0.0073 0.0188 0.6914 
   H169750.4  2 0.0960 0.0123 0.0905 0.0966 0.0219 0.0479 0.1651 0.0325 0.0977 0.0295 0.1202 0.0063 0.0216 0.1622 
   H169750.5  2 0.1370 0.0150 0.0220 0.0191 0.0172 0.0127 0.0386 0.0086 0.0096 0.0089 0.0247 0.0302 0.0499 0.6065 
   H169750.6  2 0.1270 0.0423 0.0346 0.0285 0.0250 0.0089 0.0592 0.0124 0.0123 0.0171 0.0485 0.0104 0.2915 0.2824 
   H169750.7  2 0.0475 0.0234 0.2461 0.0483 0.0654 0.0735 0.0502 0.0158 0.0228 0.0318 0.0743 0.0086 0.0545 0.2376 
   H171929.1  2 0.0069 0.0042 0.8711 0.0049 0.0323 0.0050 0.0082 0.0139 0.0202 0.0071 0.0046 0.0067 0.0085 0.0065 
  H171929.10  2 0.0216 0.0127 0.8219 0.0052 0.0352 0.0083 0.0128 0.0186 0.0171 0.0122 0.0070 0.0094 0.0095 0.0085 
  H171929.11  2 0.0085 0.0058 0.8838 0.0065 0.0198 0.0061 0.0081 0.0083 0.0254 0.0061 0.0051 0.0038 0.0064 0.0061 
   H171929.2  2 0.0066 0.0068 0.8738 0.0069 0.0094 0.0053 0.0113 0.0163 0.0065 0.0138 0.0055 0.0073 0.0062 0.0244 
   H171929.3  2 0.0062 0.0065 0.9071 0.0065 0.0070 0.0043 0.0058 0.0113 0.0084 0.0070 0.0046 0.0081 0.0092 0.0080 
   H171929.4  2 0.0152 0.0089 0.8254 0.0079 0.0209 0.0043 0.0188 0.0097 0.0045 0.0376 0.0085 0.0132 0.0143 0.0108 
   H171929.5  2 0.0051 0.0079 0.8903 0.0067 0.0064 0.0105 0.0071 0.0122 0.0081 0.0058 0.0063 0.0047 0.0065 0.0222 
   H171929.6  2 0.0048 0.0055 0.9188 0.0054 0.0060 0.0072 0.0079 0.0067 0.0083 0.0061 0.0047 0.0049 0.0053 0.0085 
   H171929.7  2 0.0067 0.0036 0.9040 0.0051 0.0182 0.0051 0.0120 0.0081 0.0041 0.0075 0.0063 0.0055 0.0078 0.0059 
   H171929.8  2 0.0096 0.0060 0.8674 0.0067 0.0345 0.0046 0.0163 0.0096 0.0068 0.0145 0.0048 0.0056 0.0062 0.0074 
   H171929.9  2 0.0101 0.0083 0.8717 0.0061 0.0285 0.0048 0.0146 0.0055 0.0031 0.0080 0.0073 0.0083 0.0096 0.0142 
   H171930.1  2 0.0192 0.7226 0.1128 0.0285 0.0031 0.0114 0.0221 0.0172 0.0249 0.0110 0.0075 0.0035 0.0068 0.0095 
   H171930.2  2 0.0646 0.7677 0.0108 0.0163 0.0111 0.0116 0.0143 0.0183 0.0065 0.0308 0.0103 0.0073 0.0109 0.0196 
   H171930.3  2 0.0134 0.8647 0.0087 0.0182 0.0057 0.0151 0.0058 0.0151 0.0124 0.0100 0.0064 0.0055 0.0066 0.0124 
   H171930.4  2 0.0235 0.8816 0.0056 0.0161 0.0038 0.0130 0.0044 0.0100 0.0061 0.0074 0.0058 0.0062 0.0051 0.0114 
   H171930.5  2 0.0133 0.7163 0.0784 0.0194 0.0105 0.0130 0.0423 0.0086 0.0158 0.0277 0.0104 0.0062 0.0162 0.0220 
   H171930.6  2 0.0078 0.8845 0.0052 0.0114 0.0034 0.0248 0.0049 0.0134 0.0053 0.0092 0.0057 0.0055 0.0113 0.0075 
   H171930.7  2 0.0076 0.8890 0.0138 0.0091 0.0073 0.0072 0.0080 0.0094 0.0128 0.0077 0.0070 0.0057 0.0060 0.0093 
   H171930.8  2 0.0125 0.8849 0.0167 0.0068 0.0040 0.0059 0.0080 0.0123 0.0079 0.0107 0.0094 0.0046 0.0073 0.0088 
   H171933.1  2 0.0307 0.0204 0.0099 0.0098 0.0163 0.0106 0.0100 0.0279 0.0792 0.0282 0.0060 0.7225 0.0106 0.0180 
   H171933.2  2 0.1444 0.0539 0.0236 0.0072 0.0424 0.0204 0.0152 0.0304 0.0914 0.0541 0.0103 0.4446 0.0229 0.0391 
   H171933.3  2 0.1145 0.0418 0.0105 0.0084 0.0756 0.0176 0.0136 0.0463 0.0147 0.1843 0.0077 0.4416 0.0067 0.0168 
   H171933.4  2 0.0308 0.0775 0.0862 0.0156 0.0234 0.0058 0.0132 0.0095 0.0064 0.2417 0.0271 0.4373 0.0084 0.0170 
   H171933.5  2 0.0216 0.0546 0.0423 0.0516 0.0126 0.0109 0.0339 0.0146 0.0176 0.5579 0.0204 0.1091 0.0067 0.0462 
   H171933.6  2 0.2840 0.0122 0.0050 0.0133 0.0114 0.0129 0.0084 0.0079 0.0054 0.0598 0.0111 0.5294 0.0206 0.0187 
   H171933.7  2 0.0185 0.0841 0.0180 0.0189 0.0734 0.0865 0.0126 0.0290 0.0174 0.0305 0.0680 0.5094 0.0156 0.0181 
   H171933.8  2 0.0150 0.1346 0.0730 0.0063 0.0740 0.0288 0.0142 0.0285 0.0394 0.0516 0.0346 0.4651 0.0204 0.0145 
   H171933.9  2 0.0203 0.0448 0.0125 0.0262 0.0123 0.0069 0.0066 0.0059 0.0043 0.0349 0.0290 0.7741 0.0076 0.0146 
      H190.1  2 0.0237 0.4052 0.0141 0.1489 0.0076 0.0189 0.0269 0.0261 0.0055 0.1791 0.0666 0.0283 0.0216 0.0276 
      H190.2  2 0.0153 0.0266 0.0054 0.0098 0.0423 0.0753 0.0122 0.5765 0.0067 0.0791 0.0932 0.0064 0.0400 0.0110 
      H190.3  2 0.0323 0.0373 0.0105 0.0208 0.0242 0.0291 0.0750 0.6194 0.0098 0.0573 0.0198 0.0125 0.0348 0.0173 
      H190.4  2 0.0359 0.3699 0.0111 0.0492 0.0142 0.0044 0.0241 0.0130 0.0119 0.3821 0.0091 0.0395 0.0065 0.0291 
      H190.5  2 0.0225 0.0326 0.0119 0.0172 0.0338 0.1426 0.0128 0.2294 0.0060 0.0175 0.3547 0.0091 0.0894 0.0205 
      H190.6  2 0.0381 0.2106 0.0069 0.0231 0.0129 0.0059 0.0224 0.0176 0.0081 0.5965 0.0065 0.0189 0.0089 0.0236 
      H190.7  2 0.1004 0.0336 0.0195 0.0222 0.3490 0.0121 0.0569 0.0547 0.0107 0.2825 0.0268 0.0056 0.0147 0.0114 
      H190.8  2 0.0183 0.0519 0.0132 0.0240 0.0368 0.0516 0.0109 0.0852 0.0053 0.0671 0.5842 0.0094 0.0318 0.0103 
      H190.9  2 0.0471 0.0414 0.0132 0.0173 0.1126 0.0231 0.0227 0.1716 0.0124 0.2017 0.2949 0.0070 0.0116 0.0234 
      H400.1  2 0.7905 0.0250 0.0059 0.0106 0.0103 0.0332 0.0250 0.0036 0.0093 0.0091 0.0081 0.0322 0.0076 0.0294 
      H400.2  2 0.7339 0.0227 0.0170 0.0072 0.0078 0.0271 0.0145 0.0079 0.0164 0.0064 0.0061 0.0826 0.0249 0.0256 
      H400.3  2 0.4583 0.0692 0.0127 0.0262 0.0092 0.1007 0.0234 0.0126 0.0177 0.0206 0.0153 0.1529 0.0136 0.0677 
      H400.4  2 0.8425 0.0283 0.0153 0.0089 0.0117 0.0147 0.0079 0.0073 0.0041 0.0083 0.0060 0.0125 0.0149 0.0175 
      H400.5  2 0.3775 0.0646 0.0141 0.0426 0.0111 0.0373 0.0195 0.0112 0.0109 0.0244 0.0048 0.3048 0.0113 0.0659 
      H400.6  2 0.8052 0.0139 0.0083 0.0064 0.0538 0.0339 0.0181 0.0045 0.0043 0.0085 0.0042 0.0212 0.0074 0.0105 
      H400.7  2 0.6158 0.0397 0.0244 0.0093 0.0105 0.0258 0.0384 0.0125 0.0075 0.0263 0.0084 0.1392 0.0058 0.0365 
 H428.1_2005  2 0.0041 0.0034 0.0052 0.0052 0.0055 0.0053 0.0041 0.0040 0.0039 0.0036 0.0042 0.9427 0.0041 0.0047 
 H428.1_2006  2 0.0065 0.0035 0.0102 0.0062 0.0090 0.0067 0.0041 0.0076 0.0047 0.0062 0.0082 0.9109 0.0108 0.0056 
 H428.2_2005  2 0.0076 0.0037 0.0059 0.0042 0.0043 0.0047 0.0074 0.0049 0.0044 0.0060 0.0054 0.9314 0.0040 0.0061 
 H428.2_2006  2 0.0085 0.0072 0.0127 0.0064 0.0064 0.0088 0.0041 0.0047 0.0042 0.0076 0.0111 0.8848 0.0277 0.0057 
 H428.3_2005  2 0.0082 0.0043 0.0045 0.0046 0.0048 0.0042 0.0053 0.0048 0.0029 0.0057 0.0053 0.9354 0.0054 0.0047 
 H428.3_2006  2 0.0059 0.0055 0.0112 0.0065 0.0059 0.0098 0.0040 0.0044 0.0062 0.0079 0.0120 0.8977 0.0161 0.0070 
 H428.4_2005  2 0.0065 0.0038 0.0057 0.0052 0.0043 0.0042 0.0037 0.0066 0.0037 0.0052 0.0040 0.9374 0.0048 0.0048 
 H428.4_2006  2 0.0043 0.0034 0.0044 0.0039 0.0066 0.0033 0.0032 0.0047 0.0042 0.0032 0.0040 0.9444 0.0070 0.0035 
 H428.5_2005  2 0.0040 0.0038 0.0062 0.0036 0.0036 0.0033 0.0044 0.0039 0.0055 0.0038 0.0040 0.9440 0.0058 0.0041 
 H428.6_2005  2 0.0051 0.0043 0.0041 0.0046 0.0090 0.0046 0.0064 0.0040 0.0038 0.0044 0.0047 0.9362 0.0050 0.0037 
 H428.6_2006  2 0.0053 0.0090 0.0125 0.0136 0.0088 0.0053 0.0050 0.0046 0.0129 0.0040 0.0043 0.8976 0.0094 0.0076 
      H428.7  2 0.0050 0.0040 0.0032 0.0046 0.0044 0.0039 0.0035 0.0038 0.0031 0.0039 0.0055 0.9472 0.0043 0.0037 
      H428.8  2 0.0045 0.0051 0.0049 0.0046 0.0043 0.0037 0.0035 0.0035 0.0042 0.0037 0.0040 0.9435 0.0062 0.0043 
      H428.9  2 0.0050 0.0046 0.0038 0.0039 0.0042 0.0038 0.0038 0.0054 0.0043 0.0048 0.0043 0.9432 0.0046 0.0045 
      H453.1  2 0.8273 0.0148 0.0102 0.0201 0.0090 0.0052 0.0080 0.0047 0.0058 0.0054 0.0351 0.0156 0.0223 0.0165 
      H453.2  2 0.8265 0.0490 0.0059 0.0153 0.0097 0.0065 0.0099 0.0046 0.0047 0.0076 0.0285 0.0098 0.0070 0.0151 
      H453.3  2 0.8559 0.0100 0.0047 0.0068 0.0170 0.0051 0.0229 0.0050 0.0033 0.0207 0.0231 0.0101 0.0061 0.0091 
      H453.4  2 0.8745 0.0246 0.0073 0.0110 0.0056 0.0054 0.0085 0.0062 0.0033 0.0086 0.0190 0.0077 0.0055 0.0127 
      H453.5  2 0.7941 0.0503 0.0046 0.0202 0.0069 0.0068 0.0080 0.0052 0.0065 0.0069 0.0274 0.0076 0.0400 0.0154 
      H453.6  2 0.7916 0.0593 0.0049 0.0105 0.0063 0.0047 0.0044 0.0045 0.0038 0.0038 0.0161 0.0171 0.0660 0.0068 
      H453.7  2 0.0838 0.0624 0.0250 0.0122 0.1318 0.0060 0.1613 0.0206 0.0045 0.0586 0.2682 0.0177 0.1052 0.0427 
      H453.8  2 0.3177 0.0202 0.0233 0.0093 0.0199 0.0083 0.0513 0.0114 0.0053 0.1158 0.3316 0.0065 0.0414 0.0381 
      H453.9  2 0.0899 0.1002 0.0070 0.0097 0.0442 0.0068 0.0173 0.0047 0.0050 0.0197 0.4282 0.0154 0.2153 0.0367 
      H512.1  2 0.0363 0.1864 0.0051 0.1906 0.0267 0.0071 0.0132 0.0116 0.0054 0.0140 0.3294 0.1085 0.0218 0.0439 
     H512.10  2 0.0077 0.0518 0.0091 0.0856 0.0060 0.0101 0.0153 0.0239 0.0488 0.0064 0.6258 0.0370 0.0344 0.0380 
      H512.2  2 0.0088 0.0105 0.0094 0.0406 0.0060 0.0105 0.0180 0.0352 0.0116 0.0079 0.7750 0.0443 0.0083 0.0138 
      H512.3  2 0.0127 0.0401 0.0066 0.2311 0.0048 0.0394 0.0088 0.0118 0.0206 0.0170 0.5220 0.0292 0.0123 0.0435 
      H512.4  2 0.0159 0.1024 0.0159 0.0198 0.0053 0.0099 0.0165 0.0383 0.0118 0.0104 0.6117 0.0447 0.0579 0.0394 
      H512.5  2 0.0195 0.0115 0.0133 0.3322 0.0053 0.0304 0.0125 0.0208 0.0204 0.0151 0.3701 0.0421 0.0092 0.0977 
      H512.6  2 0.0287 0.0283 0.0085 0.0880 0.0060 0.0213 0.0129 0.0204 0.0040 0.0718 0.6487 0.0159 0.0080 0.0376 
      H512.7  2 0.0691 0.0149 0.0115 0.5448 0.0069 0.0521 0.0081 0.0112 0.0166 0.0095 0.1059 0.0202 0.0205 0.1086 
      H512.8  2 0.0187 0.0469 0.0128 0.0887 0.0077 0.0256 0.0137 0.0673 0.0080 0.0245 0.6312 0.0217 0.0085 0.0247 
      H512.9  2 0.0213 0.0102 0.0054 0.4662 0.0228 0.0183 0.0112 0.0077 0.0179 0.0086 0.2844 0.0423 0.0161 0.0675 
      H513.1  2 0.0071 0.0057 0.0055 0.0041 0.0054 0.0062 0.0037 0.0045 0.0046 0.0060 0.0088 0.9221 0.0100 0.0064 
      H513.2  2 0.0148 0.0188 0.0173 0.0055 0.0131 0.0069 0.0135 0.0119 0.0057 0.0085 0.0078 0.8514 0.0180 0.0067 
      H513.3  2 0.0060 0.0061 0.0084 0.0056 0.0070 0.0049 0.0056 0.0046 0.0041 0.0057 0.0100 0.9171 0.0063 0.0087 
      H513.4  2 0.0293 0.0238 0.0339 0.0080 0.0101 0.0107 0.0085 0.0135 0.0040 0.0299 0.0139 0.7680 0.0386 0.0078 
      H513.5  2 0.0061 0.0131 0.0136 0.0117 0.0066 0.0056 0.0049 0.0039 0.0050 0.0040 0.0070 0.8990 0.0086 0.0109 
      H513.6  2 0.0073 0.0657 0.0663 0.0105 0.0098 0.0062 0.0101 0.0106 0.0884 0.0077 0.0135 0.6705 0.0189 0.0147 
      H532.1  2 0.0187 0.0097 0.0086 0.0120 0.0129 0.0179 0.0219 0.0108 0.0149 0.0228 0.0133 0.0525 0.1390 0.6450 
      H532.2  2 0.1588 0.0656 0.0078 0.0073 0.0270 0.0062 0.0282 0.0305 0.0145 0.3283 0.0412 0.0989 0.1379 0.0480 
      H532.3  2 0.2780 0.0738 0.0084 0.0150 0.0131 0.0043 0.0238 0.0151 0.0062 0.3704 0.0438 0.0209 0.1035 0.0235 
      H532.4  2 0.0569 0.0131 0.0067 0.0105 0.0276 0.0064 0.0683 0.0089 0.0099 0.1284 0.0570 0.0369 0.5300 0.0393 
      H532.5  2 0.0583 0.0139 0.0075 0.0150 0.0196 0.0075 0.0265 0.0281 0.0161 0.0239 0.0149 0.3892 0.0515 0.3277 
      H532.6  2 0.1997 0.0418 0.0052 0.0168 0.0130 0.0101 0.0854 0.0060 0.0137 0.0641 0.0704 0.0433 0.3553 0.0753 
      H532.7  2 0.0611 0.0190 0.0088 0.0310 0.0080 0.0053 0.0099 0.0114 0.0165 0.0326 0.0223 0.0269 0.5393 0.2079 
      H532.8  2 0.0411 0.0119 0.0183 0.0138 0.0243 0.0089 0.0137 0.0439 0.0204 0.0537 0.0394 0.0241 0.2076 0.4790 
      H543.1  2 0.0160 0.0080 0.0061 0.0056 0.0082 0.0037 0.0053 0.0069 0.9048 0.0061 0.0040 0.0144 0.0053 0.0056 
      H543.2  2 0.0199 0.0125 0.0115 0.0106 0.0145 0.0059 0.0103 0.0349 0.7940 0.0073 0.0041 0.0523 0.0085 0.0138 
      H543.3  2 0.0121 0.0064 0.0099 0.0085 0.0159 0.0042 0.0059 0.0108 0.8912 0.0050 0.0050 0.0092 0.0098 0.0061 
      H543.4  2 0.0060 0.0088 0.0041 0.0051 0.0066 0.0045 0.0073 0.0095 0.9174 0.0073 0.0058 0.0068 0.0050 0.0057 
      H543.5  2 0.0054 0.0097 0.0062 0.0039 0.0071 0.0063 0.0050 0.0127 0.9104 0.0056 0.0044 0.0088 0.0055 0.0092 
      H543.6  2 0.0202 0.0078 0.0446 0.0061 0.0847 0.0036 0.0228 0.0087 0.7481 0.0163 0.0097 0.0089 0.0044 0.0140 
      H543.7  2 0.0039 0.0038 0.0034 0.0033 0.0061 0.0046 0.0049 0.0069 0.9435 0.0039 0.0038 0.0045 0.0037 0.0036 
      H543.8  2 0.0155 0.0130 0.0087 0.0120 0.0180 0.0076 0.0112 0.0164 0.7974 0.0060 0.0059 0.0446 0.0195 0.0241 
      H543.9  2 0.0097 0.0060 0.0076 0.0107 0.0321 0.0057 0.0073 0.0136 0.8716 0.0042 0.0046 0.0101 0.0066 0.0104 
 H545.1_2005  2 0.0028 0.0033 0.0031 0.0034 0.0027 0.0030 0.0043 0.0031 0.9567 0.0030 0.0039 0.0034 0.0035 0.0037 
 H545.1_2006  2 0.0049 0.0050 0.0050 0.0042 0.0049 0.0053 0.0037 0.0088 0.9309 0.0044 0.0041 0.0070 0.0059 0.0057 
 H545.2_2005  2 0.0056 0.0049 0.0067 0.0098 0.0057 0.0113 0.0088 0.0063 0.9077 0.0056 0.0050 0.0068 0.0069 0.0090 
 H545.2_2006  2 0.0037 0.0051 0.0051 0.0053 0.0036 0.0032 0.0042 0.0042 0.9423 0.0039 0.0039 0.0071 0.0036 0.0048 
 H545.3_2005  2 0.0067 0.0060 0.0110 0.0131 0.0052 0.0108 0.0090 0.0107 0.9004 0.0075 0.0053 0.0051 0.0039 0.0053 
 H545.3_2006  2 0.0045 0.0040 0.0032 0.0042 0.0036 0.0061 0.0037 0.0041 0.9367 0.0039 0.0050 0.0056 0.0078 0.0077 
 H545.4_2005  2 0.0057 0.0048 0.0055 0.0081 0.0070 0.0083 0.0096 0.0149 0.9036 0.0087 0.0066 0.0045 0.0068 0.0058 
 H545.4_2006  2 0.0066 0.0039 0.0088 0.0060 0.0046 0.0095 0.0052 0.0065 0.9249 0.0063 0.0039 0.0051 0.0037 0.0051 
 H545.5_2005  2 0.0050 0.0050 0.0034 0.0056 0.0047 0.0086 0.0048 0.0053 0.9123 0.0041 0.0076 0.0128 0.0081 0.0130 
 H545.5_2006  2 0.0050 0.0070 0.0067 0.0093 0.0050 0.0062 0.0053 0.0063 0.9195 0.0067 0.0055 0.0064 0.0044 0.0066 
 H545.6_2005  2 0.0037 0.0044 0.0047 0.0042 0.0030 0.0033 0.0031 0.0039 0.9507 0.0033 0.0037 0.0038 0.0035 0.0046 
 H545.6_2006  2 0.0044 0.0043 0.0071 0.0058 0.0037 0.0048 0.0046 0.0054 0.9384 0.0044 0.0039 0.0048 0.0040 0.0043 
 H545.7_2005  2 0.0044 0.0063 0.0039 0.0044 0.0037 0.0035 0.0059 0.0041 0.9385 0.0036 0.0045 0.0064 0.0046 0.0061 
 H545.7_2006  2 0.0065 0.0053 0.0049 0.0052 0.0055 0.0085 0.0060 0.0051 0.9185 0.0042 0.0059 0.0084 0.0066 0.0094 
 H545.8_2005  2 0.0067 0.0081 0.0055 0.0084 0.0068 0.0079 0.0072 0.0065 0.8920 0.0074 0.0059 0.0198 0.0073 0.0105 
 H545.8_2006  2 0.0044 0.0061 0.0041 0.0060 0.0040 0.0039 0.0049 0.0047 0.9378 0.0048 0.0049 0.0059 0.0039 0.0046 
      H545.9  2 0.0046 0.0049 0.0069 0.0092 0.0048 0.0043 0.0080 0.0058 0.9228 0.0065 0.0054 0.0066 0.0044 0.0059 
      H547.1  2 0.8397 0.0079 0.0105 0.0170 0.0279 0.0059 0.0075 0.0112 0.0091 0.0197 0.0061 0.0243 0.0066 0.0066 
      H547.2  2 0.7769 0.0067 0.0070 0.0060 0.0124 0.0580 0.0071 0.0778 0.0100 0.0062 0.0071 0.0100 0.0074 0.0076 
