      H008.1  2 0.9381 0.0077 0.0123 0.0170 0.0061 0.0098 0.0090 
      H008.2  2 0.2453 0.0205 0.1289 0.1577 0.2616 0.0689 0.1171 
      H008.3  2 0.1625 0.0321 0.1108 0.3222 0.0998 0.2375 0.0351 
      H008.4  2 0.8611 0.0227 0.0211 0.0138 0.0544 0.0138 0.0132 
      H008.5  2 0.8794 0.0150 0.0146 0.0265 0.0277 0.0235 0.0133 
      H008.6  2 0.5679 0.0222 0.0818 0.0818 0.2002 0.0114 0.0348 
      H008.7  2 0.6800 0.0361 0.0367 0.0410 0.1139 0.0501 0.0422 
      H008.8  2 0.4372 0.0241 0.3778 0.0403 0.0325 0.0224 0.0657 
      H008.9  2 0.0464 0.0227 0.2770 0.0487 0.5510 0.0229 0.0313 
 H029.1_2002  2 0.9060 0.0150 0.0159 0.0100 0.0211 0.0235 0.0085 
 H029.1_2003  2 0.7721 0.0260 0.0258 0.0442 0.0325 0.0475 0.0518 
 H029.2_2002  2 0.8856 0.0116 0.0165 0.0151 0.0315 0.0237 0.0161 
 H029.2_2003  2 0.7656 0.0108 0.0482 0.0768 0.0426 0.0423 0.0138 
 H029.3_2002  2 0.6039 0.0111 0.0210 0.0248 0.1218 0.1736 0.0439 
 H029.3_2003  2 0.9098 0.0101 0.0062 0.0212 0.0091 0.0225 0.0212 
 H029.4_2002  2 0.9380 0.0116 0.0051 0.0055 0.0174 0.0110 0.0115 
 H029.4_2003  2 0.8112 0.0221 0.0202 0.0218 0.0265 0.0597 0.0385 
 H029.5_2002  2 0.9455 0.0141 0.0070 0.0065 0.0080 0.0112 0.0077 
 H029.5_2003  2 0.9368 0.0087 0.0072 0.0131 0.0145 0.0100 0.0097 
 H029.6_2002  2 0.8591 0.0116 0.0068 0.0078 0.0358 0.0690 0.0099 
 H029.6_2003  2 0.8267 0.0366 0.0204 0.0642 0.0113 0.0222 0.0188 
      H029.7  2 0.9329 0.0069 0.0096 0.0113 0.0188 0.0141 0.0065 
      H030.1  2 0.0331 0.0166 0.0141 0.0333 0.0062 0.7125 0.1841 
      H030.2  2 0.1135 0.1049 0.0123 0.0165 0.0735 0.5783 0.1009 
      H038.1  2 0.9237 0.0067 0.0112 0.0052 0.0373 0.0082 0.0078 
      H038.2  2 0.9533 0.0084 0.0050 0.0083 0.0077 0.0098 0.0076 
      H038.3  2 0.8569 0.0168 0.0089 0.0104 0.0492 0.0112 0.0465 
      H038.4  2 0.8920 0.0193 0.0087 0.0068 0.0468 0.0069 0.0195 
      H038.5  2 0.8443 0.0082 0.0064 0.0133 0.0432 0.0135 0.0711 
      H038.6  2 0.9496 0.0055 0.0067 0.0094 0.0122 0.0083 0.0082 
      H038.7  2 0.9421 0.0058 0.0053 0.0087 0.0141 0.0057 0.0183 
      H038.8  2 0.8066 0.0173 0.0084 0.0090 0.1180 0.0103 0.0303 
      H041.1  2 0.6214 0.1176 0.0149 0.0165 0.0392 0.1451 0.0453 
      H041.2  2 0.5050 0.3932 0.0116 0.0118 0.0159 0.0501 0.0124 
      H041.4  2 0.8556 0.0313 0.0205 0.0113 0.0319 0.0306 0.0186 
      H041.6  2 0.8235 0.0626 0.0375 0.0109 0.0137 0.0385 0.0133 
 H042.1_2002  2 0.0262 0.1451 0.0685 0.0760 0.0216 0.6457 0.0170 
 H042.1_2003  2 0.2285 0.2437 0.0797 0.1792 0.1724 0.0557 0.0407 
 H042.2_2002  2 0.7437 0.0549 0.0082 0.0880 0.0220 0.0605 0.0228 
 H042.2_2003  2 0.3314 0.5562 0.0404 0.0251 0.0065 0.0222 0.0181 
 H042.3_2002  2 0.0417 0.3254 0.0207 0.2185 0.0293 0.3389 0.0256 
 H042.3_2003  2 0.3547 0.2391 0.0403 0.1951 0.0541 0.0857 0.0310 
 H042.4_2002  2 0.0780 0.0940 0.0284 0.0401 0.0298 0.7055 0.0242 
 H042.4_2003  2 0.2989 0.0608 0.0777 0.0173 0.0082 0.5181 0.0189 
      H042.5  2 0.0187 0.0178 0.0261 0.0201 0.0049 0.8996 0.0127 
      H042.6  2 0.0613 0.0159 0.0548 0.0234 0.0122 0.8177 0.0146 
      H042.7  2 0.0900 0.5218 0.0264 0.0314 0.0065 0.2931 0.0307 
      H042.8  2 0.1020 0.1972 0.0325 0.0589 0.0379 0.5565 0.0151 
   H042_2002  2 0.4674 0.0994 0.2801 0.0740 0.0351 0.0187 0.0253 
   H042_2003  2 0.4706 0.1199 0.2648 0.0679 0.0398 0.0156 0.0215 
      H043.1  2 0.0788 0.0140 0.0670 0.0514 0.3450 0.0286 0.4152 
      H043.2  2 0.1274 0.0223 0.3594 0.0428 0.4168 0.0103 0.0211 
      H043.3  2 0.7357 0.0156 0.0538 0.0401 0.0668 0.0077 0.0802 
      H043.4  2 0.2990 0.0277 0.2977 0.0369 0.3008 0.0124 0.0256 
      H043.5  2 0.3373 0.0191 0.0402 0.0274 0.5174 0.0102 0.0485 
      H043.6  2 0.4770 0.0223 0.0574 0.0299 0.3872 0.0100 0.0162 
      H043.7  2 0.0652 0.0191 0.5840 0.0147 0.2544 0.0090 0.0537 
      H043.8  2 0.0833 0.0517 0.2285 0.0315 0.0719 0.0196 0.5135 
      H043.9  2 0.2756 0.0142 0.0660 0.0160 0.1648 0.0351 0.4283 
      H047.1  2 0.8648 0.0216 0.0298 0.0260 0.0107 0.0086 0.0384 
      H047.2  2 0.8066 0.0277 0.0231 0.0485 0.0087 0.0403 0.0451 
      H047.3  2 0.7277 0.0700 0.0277 0.0739 0.0071 0.0292 0.0644 
      H047.4  2 0.8693 0.0359 0.0192 0.0148 0.0059 0.0168 0.0381 
      H047.5  2 0.7689 0.0669 0.0420 0.0431 0.0051 0.0124 0.0617 
      H047.6  2 0.5855 0.0979 0.0547 0.0296 0.0164 0.0245 0.1914 
      H047.7  2 0.8659 0.0426 0.0215 0.0140 0.0119 0.0077 0.0364 
      H047.8  2 0.6545 0.0905 0.0754 0.0456 0.0160 0.0193 0.0988 
      H047.9  2 0.8308 0.0536 0.0218 0.0576 0.0041 0.0108 0.0213 
 H071.1_2002  2 0.9497 0.0068 0.0123 0.0086 0.0082 0.0085 0.0059 
 H071.1_2003  2 0.8096 0.0153 0.1120 0.0166 0.0135 0.0173 0.0157 
     H071.10  2 0.9344 0.0080 0.0052 0.0073 0.0105 0.0136 0.0210 
 H071.2_2002  2 0.9374 0.0099 0.0143 0.0096 0.0114 0.0068 0.0107 
 H071.2_2003  2 0.9649 0.0055 0.0077 0.0066 0.0048 0.0057 0.0049 
      H071.3  2 0.9298 0.0142 0.0071 0.0090 0.0097 0.0100 0.0202 
 H071.4_2002  2 0.8996 0.0113 0.0112 0.0095 0.0172 0.0141 0.0371 
 H071.4_2003  2 0.9607 0.0061 0.0067 0.0079 0.0034 0.0063 0.0089 
 H071.5_2002  2 0.9562 0.0062 0.0068 0.0067 0.0064 0.0084 0.0094 
 H071.5_2003  2 0.9314 0.0080 0.0126 0.0145 0.0043 0.0069 0.0221 
 H071.6_2002  2 0.9461 0.0070 0.0070 0.0101 0.0066 0.0099 0.0133 
 H071.6_2003  2 0.9509 0.0059 0.0095 0.0074 0.0043 0.0088 0.0132 
 H071.7_2002  2 0.9658 0.0045 0.0077 0.0060 0.0062 0.0045 0.0053 
 H071.7_2003  2 0.9216 0.0104 0.0139 0.0157 0.0053 0.0128 0.0202 
      H071.8  2 0.9500 0.0073 0.0126 0.0073 0.0096 0.0065 0.0067 
      H071.9  2 0.7533 0.0190 0.0275 0.0094 0.0223 0.0160 0.1525 
 H081.1_2002  2 0.9582 0.0069 0.0116 0.0049 0.0050 0.0079 0.0054 
 H081.1_2003  2 0.1378 0.0724 0.1181 0.0636 0.4438 0.1234 0.0409 
 H081.2_2002  2 0.9485 0.0073 0.0205 0.0062 0.0046 0.0074 0.0055 
 H081.2_2003  2 0.0945 0.0117 0.1358 0.0318 0.0205 0.3106 0.3951 
 H081.3_2002  2 0.9339 0.0093 0.0205 0.0074 0.0074 0.0093 0.0121 
 H081.3_2003  2 0.0524 0.0196 0.4315 0.0394 0.0595 0.1123 0.2853 
 H081.4_2002  2 0.9529 0.0064 0.0085 0.0096 0.0054 0.0083 0.0089 
 H081.4_2003  2 0.0604 0.0319 0.4583 0.0829 0.0395 0.2240 0.1029 
 H081.5_2002  2 0.9419 0.0069 0.0155 0.0080 0.0072 0.0107 0.0098 
 H081.5_2003  2 0.1459 0.0653 0.5597 0.0438 0.0474 0.0921 0.0459 
      H081.6  2 0.9565 0.0072 0.0083 0.0081 0.0054 0.0076 0.0069 
      H081.7  2 0.9298 0.0085 0.0257 0.0062 0.0067 0.0146 0.0085 
      H081.8  2 0.8845 0.0146 0.0143 0.0113 0.0191 0.0282 0.0280 
      H083.1  2 0.9133 0.0083 0.0053 0.0106 0.0118 0.0413 0.0095 
      H083.2  2 0.9268 0.0089 0.0109 0.0080 0.0100 0.0214 0.0140 
      H083.4  2 0.9123 0.0079 0.0124 0.0080 0.0176 0.0260 0.0158 
      H083.5  2 0.8874 0.0087 0.0096 0.0130 0.0307 0.0411 0.0096 
      H083.6  2 0.9040 0.0139 0.0079 0.0116 0.0135 0.0376 0.0114 
      H083.7  2 0.9099 0.0115 0.0100 0.0098 0.0125 0.0244 0.0219 
      H083.8  2 0.9416 0.0087 0.0088 0.0080 0.0076 0.0128 0.0125 
      H083.9  2 0.9203 0.0091 0.0067 0.0080 0.0108 0.0369 0.0082 
      H084.1  2 0.0200 0.0154 0.0121 0.0097 0.1233 0.0646 0.7548 
      H084.2  2 0.0268 0.0078 0.0100 0.0261 0.1492 0.0931 0.6868 
      H084.3  2 0.0137 0.3055 0.0200 0.0358 0.3669 0.0707 0.1874 
      H084.4  2 0.0223 0.2064 0.0217 0.0338 0.3086 0.0855 0.3217 
      H084.5  2 0.0167 0.1108 0.0123 0.0159 0.0856 0.0252 0.7335 
      H084.6  2 0.0115 0.1694 0.0200 0.0074 0.2729 0.0828 0.4359 
      H084.7  2 0.0119 0.0121 0.0098 0.0122 0.0184 0.0926 0.8429 
      H084.8  2 0.0084 0.1203 0.0105 0.0095 0.1632 0.0313 0.6567 
 H085.1_2002  2 0.2477 0.0091 0.5243 0.0080 0.0381 0.1567 0.0162 
 H085.1_2003  2 0.7380 0.0231 0.0245 0.0100 0.0164 0.1528 0.0352 
 H085.2_2002  2 0.0344 0.0240 0.5711 0.0091 0.1061 0.2416 0.0137 
 H085.2_2003  2 0.7458 0.0175 0.0262 0.0185 0.0144 0.1508 0.0267 
 H085.3_2002  2 0.0358 0.0308 0.8558 0.0074 0.0067 0.0525 0.0111 
 H085.3_2003  2 0.8913 0.0258 0.0269 0.0157 0.0048 0.0183 0.0172 
 H085.4_2002  2 0.2441 0.0195 0.5507 0.0126 0.0798 0.0788 0.0145 
 H085.4_2003  2 0.8830 0.0403 0.0266 0.0099 0.0069 0.0238 0.0094 
 H085.5_2002  2 0.0689 0.0169 0.8784 0.0076 0.0075 0.0120 0.0087 
 H085.5_2003  2 0.8223 0.0088 0.0114 0.0158 0.0086 0.1184 0.0148 
 H085.6_2002  2 0.0257 0.0109 0.8846 0.0063 0.0193 0.0337 0.0196 
 H085.6_2003  2 0.2941 0.2198 0.3866 0.0280 0.0083 0.0201 0.0430 
 H085.7_2002  2 0.0971 0.0157 0.7203 0.0132 0.0172 0.1194 0.0171 
 H085.7_2003  2 0.9053 0.0234 0.0129 0.0146 0.0123 0.0119 0.0196 
 H085.8_2002  2 0.0501 0.0357 0.8448 0.0152 0.0139 0.0240 0.0163 
 H085.8_2003  2 0.2608 0.0892 0.0678 0.0190 0.0182 0.5220 0.0230 
      H085.9  2 0.2543 0.0172 0.5917 0.0136 0.0443 0.0667 0.0123 
      H088.1  2 0.0205 0.0191 0.0412 0.0527 0.0156 0.8206 0.0303 
      H088.2  2 0.0177 0.0266 0.0320 0.0243 0.0099 0.8632 0.0263 
      H088.3  2 0.0142 0.0160 0.0297 0.0172 0.0084 0.8918 0.0228 
      H088.4  2 0.0325 0.0232 0.0130 0.0319 0.0097 0.8441 0.0456 
      H088.5  2 0.0138 0.0151 0.0149 0.0154 0.0082 0.9190 0.0135 
      H088.6  2 0.0274 0.0293 0.0107 0.0238 0.0076 0.8690 0.0322 
      H088.7  2 0.3089 0.0513 0.0191 0.0269 0.0149 0.4948 0.0842 
      H088.8  2 0.3333 0.0531 0.0205 0.0648 0.0171 0.4380 0.0733 
      H091.1  2 0.0337 0.0345 0.0132 0.0229 0.0093 0.8607 0.0258 
      H091.2  2 0.1070 0.0933 0.0123 0.0235 0.0057 0.7339 0.0242 
      H109.1  2 0.0184 0.0228 0.0175 0.0115 0.0257 0.0155 0.8885 
      H109.2  2 0.0339 0.0247 0.0167 0.0097 0.0125 0.0630 0.8394 
      H109.3  2 0.0357 0.0405 0.0099 0.0353 0.0117 0.0236 0.8433 
      H109.4  2 0.0148 0.0270 0.0166 0.0153 0.0211 0.0214 0.8837 
      H109.5  2 0.4112 0.2399 0.0182 0.0236 0.0051 0.0294 0.2726 
      H109.6  2 0.0208 0.0347 0.0246 0.0219 0.0141 0.0177 0.8662 
      H126.1  2 0.0283 0.0614 0.6347 0.1982 0.0119 0.0164 0.0491 
      H126.2  2 0.7711 0.0147 0.0722 0.0312 0.0559 0.0166 0.0383 
      H126.3  2 0.8732 0.0235 0.0214 0.0303 0.0180 0.0082 0.0255 
      H126.4  2 0.2455 0.0261 0.3122 0.2862 0.0436 0.0325 0.0539 
      H126.5  2 0.5795 0.0292 0.1979 0.1581 0.0093 0.0120 0.0139 
      H126.6  2 0.9198 0.0062 0.0353 0.0120 0.0061 0.0089 0.0117 
      H126.7  2 0.9481 0.0051 0.0116 0.0145 0.0035 0.0093 0.0078 
      H130.1  2 0.0123 0.0149 0.8386 0.0475 0.0110 0.0431 0.0326 
      H130.2  2 0.0766 0.0238 0.1292 0.0594 0.0110 0.4244 0.2754 
      H130.3  2 0.0314 0.0088 0.0359 0.7128 0.0056 0.1408 0.0648 
      H130.4  2 0.0172 0.0225 0.6459 0.1442 0.0348 0.0514 0.0840 
      H130.5  2 0.0839 0.0227 0.4398 0.0222 0.0074 0.3595 0.0646 
      H133.1  2 0.1466 0.0465 0.1060 0.1585 0.1560 0.0903 0.2961 
      H133.2  2 0.0341 0.0263 0.4003 0.0316 0.0139 0.0397 0.4541 
      H133.3  2 0.2421 0.0672 0.0841 0.0632 0.1713 0.0572 0.3150 
      H133.4  2 0.0339 0.0195 0.0931 0.0415 0.0873 0.0228 0.7019 
      H133.5  2 0.0209 0.0090 0.2447 0.1586 0.0332 0.0662 0.4675 
      H133.6  2 0.0290 0.0238 0.3397 0.0494 0.0133 0.1596 0.3851 
      H133.7  2 0.0623 0.3018 0.0854 0.0167 0.1412 0.0150 0.3776 
      H133.8  2 0.0476 0.0605 0.2133 0.0801 0.1986 0.0399 0.3600 
      H133.9  2 0.0728 0.0271 0.1161 0.2437 0.1513 0.1239 0.2652 
      H147.1  2 0.4519 0.2435 0.0698 0.0078 0.0248 0.1845 0.0176 
      H147.2  2 0.9302 0.0098 0.0171 0.0091 0.0070 0.0193 0.0075 
      H147.3  2 0.9149 0.0176 0.0217 0.0110 0.0079 0.0189 0.0081 
      H147.4  2 0.8762 0.0138 0.0130 0.0086 0.0350 0.0432 0.0103 
      H147.5  2 0.4239 0.0206 0.0199 0.0249 0.0088 0.4855 0.0165 
      H147.6  2 0.3993 0.0289 0.0166 0.0359 0.0091 0.4739 0.0363 
      H147.7  2 0.8440 0.0348 0.0105 0.0165 0.0367 0.0414 0.0161 
      H147.8  2 0.6721 0.0142 0.0088 0.0083 0.0417 0.2392 0.0156 
      H147.9  2 0.9394 0.0104 0.0147 0.0096 0.0066 0.0127 0.0066 
      H148.1  2 0.0201 0.2745 0.2883 0.0160 0.0653 0.1088 0.2271 
      H148.2  2 0.0262 0.5532 0.2268 0.0173 0.0650 0.0261 0.0853 
      H148.3  2 0.0111 0.8795 0.0121 0.0146 0.0474 0.0175 0.0178 
      H148.4  2 0.0352 0.5632 0.2683 0.0299 0.0470 0.0196 0.0367 
      H148.5  2 0.0205 0.7163 0.0379 0.0610 0.0586 0.0612 0.0446 
      H148.6  2 0.0246 0.6555 0.0851 0.0116 0.1301 0.0615 0.0316 
      H148.7  2 0.0158 0.5754 0.0528 0.1380 0.0657 0.0323 0.1201 
      H148.8  2 0.0086 0.8024 0.0884 0.0185 0.0384 0.0301 0.0136 
      H148.9  2 0.0148 0.4056 0.2314 0.0484 0.1783 0.0278 0.0938 
   H166022.1  2 0.0126 0.0153 0.0082 0.0061 0.0096 0.9406 0.0077 
   H166022.2  2 0.0389 0.0255 0.0164 0.0165 0.0123 0.8615 0.0289 
   H166022.3  2 0.0067 0.0075 0.0099 0.0115 0.0058 0.9469 0.0117 
   H166022.4  2 0.0101 0.0084 0.0073 0.0223 0.0063 0.9344 0.0111 
   H166022.5  2 0.0131 0.0084 0.0079 0.0118 0.0062 0.9288 0.0239 
   H166022.6  2 0.0079 0.0095 0.0135 0.0098 0.0131 0.9355 0.0107 
   H166022.7  2 0.0087 0.0059 0.0085 0.0225 0.0369 0.0060 0.9115 
   H166022.8  2 0.0185 0.0297 0.1121 0.0150 0.0084 0.7906 0.0256 
   H167397.1  2 0.0895 0.2324 0.0168 0.0123 0.5532 0.0655 0.0302 
   H167397.2  2 0.0440 0.0583 0.1769 0.0218 0.6124 0.0710 0.0156 
   H167397.3  2 0.1074 0.1585 0.0160 0.0130 0.6455 0.0360 0.0236 
   H167397.4  2 0.0398 0.0458 0.0192 0.0204 0.8144 0.0381 0.0222 
   H167397.5  2 0.0502 0.0704 0.0538 0.0232 0.7075 0.0548 0.0401 
   H167397.6  2 0.1027 0.1842 0.0189 0.0167 0.6327 0.0233 0.0216 
   H167496.1  2 0.0311 0.2567 0.0253 0.1097 0.0124 0.3486 0.2162 
   H167496.2  2 0.2444 0.2072 0.0992 0.0367 0.0197 0.0261 0.3667 
   H167496.3  2 0.0794 0.0974 0.4198 0.0787 0.0133 0.2788 0.0325 
   H167496.4  2 0.0213 0.0093 0.0098 0.0126 0.0061 0.9301 0.0107 
   H167496.6  2 0.0810 0.0237 0.0299 0.0481 0.0082 0.7594 0.0496 
   H167496.7  2 0.0326 0.4688 0.1961 0.0877 0.0060 0.0802 0.1286 
   H167496.8  2 0.1163 0.0351 0.0221 0.0196 0.0088 0.7242 0.0739 
   H167513.1  2 0.0173 0.0429 0.1170 0.0208 0.0269 0.0366 0.7385 
   H167513.2  2 0.0218 0.2443 0.1055 0.0209 0.0765 0.0136 0.5174 
   H167513.3  2 0.0137 0.0303 0.0158 0.0791 0.0098 0.0575 0.7937 
   H167513.4  2 0.0133 0.0532 0.0241 0.0138 0.0102 0.1608 0.7246 
   H167513.5  2 0.0222 0.0835 0.0969 0.0093 0.0971 0.0253 0.6658 
   H167513.6  2 0.0321 0.0716 0.1280 0.0206 0.0243 0.1138 0.6096 
   H167513.7  2 0.0213 0.0123 0.0209 0.0196 0.0409 0.1068 0.7782 
   H167513.8  2 0.0090 0.0069 0.0093 0.0150 0.0199 0.0113 0.9285 
   H167547.1  2 0.0083 0.8371 0.0581 0.0265 0.0223 0.0187 0.0289 
   H167547.2  2 0.0086 0.9059 0.0144 0.0110 0.0127 0.0331 0.0145 
   H167547.3  2 0.0125 0.9055 0.0133 0.0102 0.0141 0.0318 0.0127 
   H167547.4  2 0.0098 0.0853 0.1031 0.0851 0.0653 0.5982 0.0531 
   H167547.5  2 0.0112 0.8241 0.0167 0.0189 0.0082 0.1080 0.0130 
   H167547.6  2 0.0105 0.8413 0.0194 0.0134 0.0085 0.0891 0.0177 
   H167547.7  2 0.0435 0.2269 0.4836 0.0675 0.0285 0.0369 0.1130 
   H169750.1  2 0.0375 0.0186 0.1377 0.1536 0.0117 0.1145 0.5264 
   H169750.2  2 0.2073 0.1420 0.1477 0.1543 0.0584 0.0350 0.2554 
   H169750.3  2 0.0300 0.0199 0.0561 0.0499 0.0058 0.0341 0.8042 
   H169750.4  2 0.0642 0.0766 0.2279 0.3834 0.0817 0.0173 0.1489 
   H169750.5  2 0.1192 0.0140 0.0685 0.0856 0.0168 0.1187 0.5773 
   H169750.6  2 0.5718 0.0149 0.0449 0.0475 0.0119 0.0511 0.2579 
   H169750.7  2 0.0947 0.0514 0.1588 0.2471 0.0285 0.0211 0.3984 
   H171929.1  2 0.0391 0.0596 0.2115 0.0190 0.5970 0.0163 0.0576 
  H171929.10  2 0.1061 0.1921 0.1627 0.0184 0.1156 0.2305 0.1747 
  H171929.11  2 0.0472 0.1047 0.1621 0.0618 0.4269 0.0406 0.1567 
   H171929.2  2 0.0145 0.0956 0.1050 0.0133 0.0169 0.0174 0.7372 
   H171929.3  2 0.0399 0.1492 0.0655 0.0181 0.2058 0.0422 0.4794 
   H171929.4  2 0.0814 0.0816 0.4248 0.0367 0.0091 0.2122 0.1541 
   H171929.5  2 0.0206 0.0694 0.0243 0.0184 0.0833 0.0437 0.7402 
   H171929.6  2 0.0161 0.0536 0.0279 0.0165 0.1210 0.0170 0.7479 
   H171929.7  2 0.0244 0.0272 0.7632 0.0188 0.0192 0.0157 0.1316 
   H171929.8  2 0.0252 0.0363 0.7107 0.0238 0.0153 0.0371 0.1517 
   H171929.9  2 0.0430 0.0185 0.5828 0.0159 0.0066 0.1039 0.2293 
   H171930.1  2 0.0115 0.0269 0.0071 0.0239 0.0190 0.0179 0.8937 
   H171930.2  2 0.0408 0.0791 0.0241 0.1053 0.0087 0.2165 0.5255 
   H171930.3  2 0.0076 0.0253 0.0087 0.0293 0.0178 0.0216 0.8897 
   H171930.4  2 0.0097 0.0637 0.0084 0.1013 0.0124 0.1554 0.6493 
   H171930.5  2 0.0362 0.0252 0.0253 0.0676 0.0156 0.0541 0.7759 
   H171930.6  2 0.0830 0.0822 0.0094 0.1565 0.0100 0.1179 0.5408 
   H171930.7  2 0.0096 0.0142 0.0126 0.0097 0.0281 0.0081 0.9176 
   H171930.8  2 0.0089 0.0210 0.0119 0.0109 0.0163 0.0148 0.9162 
   H171933.1  2 0.0069 0.0112 0.0091 0.0076 0.0270 0.9245 0.0136 
   H171933.2  2 0.0187 0.0412 0.0164 0.0084 0.0542 0.8399 0.0213 
   H171933.3  2 0.0080 0.0303 0.0192 0.0078 0.0135 0.9059 0.0152 
   H171933.4  2 0.0090 0.0250 0.0422 0.0152 0.0063 0.8574 0.0449 
   H171933.5  2 0.0092 0.1486 0.0822 0.0864 0.0114 0.4988 0.1635 
   H171933.6  2 0.0276 0.0097 0.0083 0.0072 0.0060 0.9323 0.0089 
   H171933.7  2 0.0133 0.0250 0.0267 0.0383 0.0182 0.8643 0.0142 
   H171933.8  2 0.0120 0.0431 0.0277 0.0119 0.0290 0.8223 0.0541 
   H171933.9  2 0.0073 0.0072 0.0075 0.0130 0.0052 0.9473 0.0125 
      H190.1  2 0.0476 0.0741 0.0431 0.3624 0.0076 0.1790 0.2863 
      H190.2  2 0.0353 0.8985 0.0273 0.0108 0.0056 0.0094 0.0131 
      H190.3  2 0.0411 0.7514 0.1076 0.0362 0.0125 0.0307 0.0204 
      H190.4  2 0.0123 0.0341 0.0365 0.0661 0.0062 0.6093 0.2355 
      H190.5  2 0.1551 0.6807 0.0419 0.0353 0.0063 0.0318 0.0489 
      H190.6  2 0.0154 0.0965 0.0495 0.0516 0.0084 0.5161 0.2625 
      H190.7  2 0.0283 0.2078 0.6138 0.0472 0.0199 0.0623 0.0206 
      H190.8  2 0.1003 0.4918 0.0836 0.1172 0.0065 0.0342 0.1665 
      H190.9  2 0.0221 0.5231 0.2943 0.0441 0.0154 0.0341 0.0668 
      H400.1  2 0.0102 0.0071 0.0129 0.0092 0.0075 0.9406 0.0125 
      H400.2  2 0.0276 0.0113 0.0068 0.0073 0.0130 0.9198 0.0141 
      H400.3  2 0.0142 0.0192 0.0149 0.0218 0.0125 0.8937 0.0237 
      H400.4  2 0.0246 0.0167 0.0091 0.0114 0.0044 0.9152 0.0186 
      H400.5  2 0.0108 0.0106 0.0092 0.0088 0.0104 0.9220 0.0282 
      H400.6  2 0.0162 0.0093 0.0144 0.0053 0.0051 0.9397 0.0099 
      H400.7  2 0.0074 0.0115 0.0100 0.0084 0.0053 0.9473 0.0100 
 H428.1_2005  2 0.0135 0.0069 0.0090 0.0090 0.0099 0.9358 0.0159 
 H428.1_2006  2 0.0362 0.0114 0.0156 0.0163 0.0094 0.9002 0.0109 
 H428.2_2005  2 0.0058 0.0098 0.0102 0.0061 0.0112 0.9441 0.0127 
 H428.2_2006  2 0.0478 0.0075 0.0088 0.0111 0.0068 0.9020 0.0159 
 H428.3_2005  2 0.0102 0.0073 0.0064 0.0079 0.0039 0.9543 0.0100 
 H428.3_2006  2 0.0354 0.0097 0.0072 0.0112 0.0117 0.9123 0.0126 
 H428.4_2005  2 0.0088 0.0079 0.0056 0.0082 0.0078 0.9477 0.0141 
 H428.4_2006  2 0.0135 0.0060 0.0080 0.0072 0.0073 0.9519 0.0061 
 H428.5_2005  2 0.0167 0.0066 0.0084 0.0068 0.0379 0.9157 0.0078 
 H428.6_2005  2 0.0145 0.0062 0.0161 0.0099 0.0063 0.9361 0.0108 
 H428.6_2006  2 0.0213 0.0074 0.0096 0.0197 0.0283 0.9033 0.0104 
      H428.7  2 0.0095 0.0049 0.0062 0.0069 0.0055 0.9622 0.0048 
      H428.8  2 0.0176 0.0068 0.0060 0.0138 0.0151 0.9311 0.0096 
      H428.9  2 0.0126 0.0065 0.0066 0.0068 0.0166 0.9439 0.0070 
      H453.1  2 0.0410 0.0092 0.0104 0.0168 0.0058 0.8998 0.0170 
      H453.2  2 0.0111 0.0107 0.0156 0.0171 0.0057 0.9141 0.0256 
      H453.3  2 0.0121 0.0094 0.0265 0.0147 0.0058 0.9156 0.0159 
      H453.4  2 0.0115 0.0096 0.0171 0.0115 0.0040 0.9133 0.0329 
      H453.5  2 0.0184 0.0105 0.0070 0.0189 0.0069 0.9244 0.0138 
      H453.6  2 0.0240 0.0054 0.0060 0.0113 0.0058 0.9402 0.0073 
      H453.7  2 0.1377 0.0240 0.6567 0.0118 0.0052 0.1070 0.0577 
      H453.8  2 0.1562 0.0330 0.2414 0.0296 0.0091 0.4041 0.1266 
      H453.9  2 0.3985 0.0082 0.0768 0.0233 0.0055 0.4482 0.0395 
      H512.1  2 0.0135 0.0135 0.0180 0.0399 0.0050 0.8791 0.0310 
     H512.10  2 0.0452 0.0376 0.0315 0.3411 0.0991 0.4135 0.0320 
      H512.2  2 0.0246 0.1458 0.0518 0.3599 0.0161 0.3751 0.0267 
      H512.3  2 0.0135 0.0363 0.0115 0.7928 0.0196 0.0867 0.0397 
      H512.4  2 0.0717 0.0914 0.0439 0.0615 0.0209 0.6529 0.0577 
      H512.5  2 0.0118 0.0131 0.0133 0.8944 0.0145 0.0305 0.0224 
      H512.6  2 0.0184 0.0743 0.0685 0.5747 0.0076 0.1424 0.1141 
      H512.7  2 0.0308 0.0238 0.0120 0.7539 0.0143 0.1161 0.0490 
      H512.8  2 0.0175 0.4816 0.0287 0.2538 0.0096 0.1517 0.0572 
      H512.9  2 0.0283 0.0124 0.0272 0.6217 0.0281 0.2557 0.0267 
      H513.1  2 0.0120 0.0074 0.0060 0.0067 0.0112 0.9475 0.0091 
      H513.2  2 0.0101 0.0083 0.0107 0.0055 0.0135 0.9409 0.0110 
      H513.3  2 0.0074 0.0063 0.0076 0.0062 0.0060 0.9569 0.0096 
      H513.4  2 0.0216 0.0139 0.0081 0.0107 0.0053 0.9124 0.0281 
      H513.5  2 0.0135 0.0049 0.0061 0.0120 0.0083 0.9382 0.0169 
      H513.6  2 0.0201 0.0187 0.0282 0.0165 0.3002 0.5098 0.1065 
      H532.1  2 0.4295 0.0198 0.0221 0.0216 0.0141 0.4146 0.0783 
      H532.2  2 0.0375 0.0234 0.0253 0.0102 0.0121 0.8553 0.0362 
      H532.3  2 0.0766 0.0195 0.0327 0.0315 0.0071 0.7808 0.0518 
      H532.4  2 0.5886 0.0109 0.0680 0.0164 0.0129 0.2870 0.0163 
      H532.5  2 0.0658 0.0171 0.0144 0.0153 0.0157 0.8385 0.0331 
      H532.6  2 0.1530 0.0067 0.0277 0.0147 0.0127 0.7685 0.0166 
      H532.7  2 0.4854 0.0149 0.0110 0.0283 0.0164 0.4301 0.0139 
      H532.8  2 0.4903 0.0320 0.0169 0.0295 0.0232 0.3533 0.0548 
      H543.1  2 0.0050 0.0065 0.0066 0.0072 0.9523 0.0170 0.0054 
      H543.2  2 0.0093 0.0168 0.0112 0.0090 0.8956 0.0387 0.0193 
      H543.3  2 0.0081 0.0066 0.0077 0.0065 0.9490 0.0153 0.0069 
      H543.4  2 0.0054 0.0108 0.0062 0.0061 0.9578 0.0080 0.0057 
      H543.5  2 0.0050 0.0077 0.0064 0.0053 0.9590 0.0092 0.0072 
      H543.6  2 0.0107 0.0085 0.0551 0.0118 0.8489 0.0349 0.0301 
      H543.7  2 0.0044 0.0077 0.0064 0.0045 0.9673 0.0050 0.0047 
      H543.8  2 0.0175 0.0106 0.0105 0.0081 0.9147 0.0257 0.0128 
      H543.9  2 0.0066 0.0067 0.0112 0.0070 0.9493 0.0118 0.0074 
 H545.1_2005  2 0.0035 0.0039 0.0042 0.0038 0.9758 0.0044 0.0043 
 H545.1_2006  2 0.0083 0.0076 0.0055 0.0062 0.9622 0.0052 0.0050 
 H545.2_2005  2 0.0083 0.0066 0.0065 0.0138 0.9489 0.0075 0.0086 
 H545.2_2006  2 0.0050 0.0046 0.0038 0.0044 0.9718 0.0047 0.0057 
 H545.3_2005  2 0.0065 0.0104 0.0087 0.0146 0.9457 0.0060 0.0080 
 H545.3_2006  2 0.0087 0.0050 0.0044 0.0059 0.9638 0.0054 0.0067 
 H545.4_2005  2 0.0076 0.0101 0.0083 0.0092 0.9525 0.0060 0.0062 
 H545.4_2006  2 0.0055 0.0066 0.0052 0.0080 0.9638 0.0059 0.0051 
 H545.5_2005  2 0.0084 0.0057 0.0054 0.0066 0.9594 0.0082 0.0064 
 H545.5_2006  2 0.0060 0.0081 0.0064 0.0091 0.9559 0.0075 0.0071 
 H545.6_2005  2 0.0043 0.0039 0.0044 0.0047 0.9737 0.0039 0.0051 
 H545.6_2006  2 0.0045 0.0069 0.0068 0.0078 0.9621 0.0060 0.0058 
 H545.7_2005  2 0.0049 0.0034 0.0056 0.0053 0.9672 0.0063 0.0073 
 H545.7_2006  2 0.0102 0.0072 0.0059 0.0066 0.9569 0.0076 0.0057 
 H545.8_2005  2 0.0098 0.0091 0.0090 0.0110 0.9427 0.0109 0.0075 
 H545.8_2006  2 0.0038 0.0055 0.0048 0.0057 0.9666 0.0068 0.0068 
      H545.9  2 0.0053 0.0058 0.0075 0.0062 0.9623 0.0056 0.0073 
      H547.1  2 0.0072 0.0184 0.0230 0.0251 0.0107 0.9072 0.0084 
      H547.2  2 0.0129 0.3357 0.0148 0.0074 0.0109 0.6041 0.0141 
      H547.3  2 0.0093 0.0926 0.0746 0.0700 0.0132 0.7159 0.0244 
      H547.4  2 0.0322 0.2599 0.0403 0.0286 0.0108 0.6087 0.0195 
      H547.5  2 0.0051 0.3214 0.0134 0.0129 0.0067 0.6293 0.0111 
      H547.6  2 0.0109 0.0311 0.0139 0.0124 0.0255 0.8931 0.0131 
      H547.7  2 0.0112 0.0689 0.0470 0.0763 0.0282 0.7439 0.0244 
      H547.8  2 0.0065 0.0276 0.0274 0.0184 0.0135 0.8972 0.0095 
      H548.1  2 0.0060 0.0064 0.0062 0.0086 0.9606 0.0051 0.0072 
      H548.2  2 0.0072 0.0083 0.0074 0.0124 0.9484 0.0073 0.0091 
      H548.3  2 0.0071 0.0059 0.0104 0.0077 0.9544 0.0058 0.0088 
      H548.4  2 0.0331 0.0141 0.0193 0.0185 0.8595 0.0072 0.0483 
      H548.5  2 0.0063 0.0059 0.0058 0.0064 0.9633 0.0044 0.0078 
      H548.6  2 0.0057 0.0060 0.0057 0.0118 0.9569 0.0059 0.0079 
      H548.7  2 0.0075 0.0089 0.0081 0.0058 0.9573 0.0056 0.0068 
      H548.8  2 0.0085 0.0063 0.0067 0.0082 0.9561 0.0058 0.0085 
      H548.9  2 0.0123 0.0117 0.0146 0.0134 0.9250 0.0116 0.0113 
     H7389.1  2 0.0097 0.0094 0.0120 0.0088 0.0100 0.9371 0.0130 
     H7389.2  2 0.0131 0.0142 0.0059 0.0073 0.0536 0.8964 0.0096 
     H7389.3  2 0.0118 0.0158 0.0055 0.0089 0.0137 0.9355 0.0089 
     H7389.4  2 0.0259 0.0058 0.0095 0.0091 0.0565 0.8776 0.0155 
     H7389.5  2 0.0215 0.0061 0.0180 0.0145 0.0203 0.8647 0.0550 
     H7389.6  2 0.0263 0.0074 0.0041 0.0103 0.0057 0.5826 0.3636 
     H7389.7  2 0.0203 0.0168 0.0071 0.0106 0.0346 0.8957 0.0149 
     H7389.8  2 0.0256 0.0129 0.0235 0.0196 0.1753 0.6357 0.1074 
     H7389.9  2 0.0284 0.0053 0.0081 0.0071 0.0212 0.9061 0.0237 
      H747.1  2 0.0226 0.0894 0.0372 0.1810 0.0169 0.0451 0.6078 
      H747.2  2 0.0062 0.0136 0.0119 0.0334 0.0102 0.0094 0.9154 
      H747.3  2 0.0109 0.0303 0.0365 0.2208 0.0119 0.0227 0.6668 
      H747.4  2 0.0145 0.0586 0.0154 0.1411 0.0078 0.0112 0.7514 
      H747.5  2 0.0062 0.0151 0.0148 0.1541 0.0082 0.0076 0.7938 
      H747.6  2 0.0082 0.0145 0.0126 0.0095 0.0166 0.0140 0.9248 
      H747.7  2 0.0107 0.0166 0.0615 0.0778 0.0137 0.0241 0.7956 
     H7484.1  2 0.6914 0.0234 0.1103 0.0231 0.0099 0.0685 0.0735 
     H7484.2  2 0.3458 0.0625 0.3803 0.0376 0.0064 0.0243 0.1431 
     H7484.3  2 0.5922 0.0513 0.1558 0.0500 0.0132 0.0192 0.1185 
     H7484.4  2 0.4667 0.0438 0.2617 0.0249 0.0055 0.0879 0.1095 
     H7484.5  2 0.6243 0.0278 0.0726 0.0197 0.0085 0.0238 0.2232 
     H7484.6  2 0.0895 0.0588 0.0998 0.2656 0.0097 0.0187 0.4581 
     H7484.7  2 0.4414 0.0118 0.3688 0.0452 0.0051 0.0279 0.0998 
     H7484.8  2 0.4922 0.0285 0.1118 0.0282 0.0064 0.1429 0.1901 
     H7485.1  2 0.0097 0.0084 0.0154 0.0065 0.9437 0.0073 0.0089 
     H7485.2  2 0.0067 0.0048 0.0091 0.0035 0.9595 0.0072 0.0092 
     H7485.3  2 0.0049 0.0062 0.0054 0.0064 0.9671 0.0039 0.0059 
     H7485.4  2 0.0074 0.0051 0.0109 0.0043 0.9512 0.0085 0.0126 
     H7485.5  2 0.0100 0.0094 0.0104 0.0074 0.9486 0.0070 0.0073 
     H7485.6  2 0.0164 0.0058 0.0105 0.0065 0.9445 0.0073 0.0089 
     H7485.7  2 0.0095 0.0099 0.0093 0.0074 0.9491 0.0056 0.0092 
     H7496.1  2 0.0471 0.0363 0.0126 0.0208 0.0051 0.8527 0.0254 
    H7496.10  2 0.0292 0.0123 0.0131 0.0087 0.0056 0.9189 0.0122 
    H7496.11  2 0.1000 0.0325 0.0116 0.0384 0.7311 0.0381 0.0482 
     H7496.2  2 0.0335 0.0132 0.0224 0.0165 0.0057 0.8798 0.0289 
     H7496.3  2 0.6163 0.0371 0.0795 0.0219 0.0089 0.1827 0.0537 
     H7496.4  2 0.0173 0.0195 0.0105 0.0148 0.0060 0.9114 0.0205 
     H7496.5  2 0.0298 0.0310 0.0134 0.0300 0.0077 0.8689 0.0193 
     H7496.6  2 0.0235 0.0140 0.0119 0.0461 0.0043 0.8693 0.0309 
     H7496.7  2 0.0213 0.0118 0.0144 0.0104 0.0075 0.9208 0.0138 
     H7496.8  2 0.0703 0.0325 0.1037 0.0150 0.0125 0.5946 0.1714 
        UNK4  2 0.0305 0.0612 0.0587 0.0144 0.0651 0.3272 0.4428 
        UNK5  2 0.0545 0.0479 0.0483 0.0085 0.0847 0.7351 0.0210 
        UNK6  2 0.0305 0.0430 0.0235 0.0134 0.0196 0.6716 0.1984 
        UNK7  2 0.0187 0.0178 0.0165 0.0073 0.1826 0.7444 0.0127 
        UNK8  2 0.0175 0.0122 0.0863 0.0077 0.2594 0.5925 0.0245 
        UNK9  2 0.1700 0.0137 0.0119 0.0163 0.1814 0.3370 0.2698 
      H009.1  4 0.0077 0.0118 0.9337 0.0230 0.0070 0.0081 0.0087 
      H009.2  4 0.0094 0.0085 0.8504 0.0783 0.0061 0.0095 0.0376 
      H009.3  4 0.0096 0.0081 0.9351 0.0211 0.0063 0.0085 0.0113 
      H009.4  4 0.0106 0.0101 0.8321 0.1073 0.0065 0.0132 0.0201 
      H009.5  4 0.0111 0.0071 0.8217 0.0260 0.0373 0.0074 0.0895 
      H009.6  4 0.0095 0.0199 0.9235 0.0250 0.0067 0.0070 0.0084 
      H046.4  4 0.4223 0.0460 0.1627 0.1898 0.0309 0.0842 0.0641 
      H046.8  4 0.0814 0.4292 0.1267 0.2087 0.0364 0.0338 0.0837 
 H076.1_2002  4 0.0086 0.9324 0.0089 0.0127 0.0105 0.0176 0.0094 
 H076.1_2003  4 0.0052 0.9621 0.0069 0.0075 0.0064 0.0060 0.0058 
 H076.1_2004  4 0.0077 0.9559 0.0072 0.0078 0.0081 0.0068 0.0065 
 H076.2_2002  4 0.0068 0.9371 0.0105 0.0120 0.0084 0.0144 0.0108 
 H076.2_2003  4 0.0055 0.9554 0.0102 0.0068 0.0077 0.0070 0.0072 
 H076.2_2004  4 0.0144 0.7672 0.0344 0.1148 0.0099 0.0299 0.0295 
 H076.3_2002  4 0.0323 0.2409 0.1996 0.4534 0.0076 0.0219 0.0443 
 H076.3_2003  4 0.0058 0.9459 0.0063 0.0096 0.0165 0.0073 0.0085 
 H076.3_2004  4 0.0111 0.9451 0.0087 0.0075 0.0110 0.0096 0.0070 
 H076.4_2002  4 0.0243 0.7625 0.0649 0.0726 0.0132 0.0334 0.0291 
 H076.4_2003  4 0.0065 0.9347 0.0089 0.0230 0.0082 0.0085 0.0103 
 H076.4_2004  4 0.0153 0.4520 0.1585 0.2652 0.0105 0.0412 0.0573 
 H076.5_2002  4 0.0188 0.8952 0.0104 0.0257 0.0092 0.0320 0.0088 
 H076.5_2003  4 0.0083 0.8998 0.0110 0.0164 0.0384 0.0128 0.0133 
 H076.5_2004  4 0.0249 0.8474 0.0456 0.0246 0.0124 0.0310 0.0141 
 H076.6_2002  4 0.0145 0.9273 0.0179 0.0130 0.0077 0.0072 0.0124 
 H076.6_2003  4 0.0057 0.9359 0.0112 0.0075 0.0164 0.0128 0.0105 
 H076.6_2004  4 0.0086 0.9115 0.0221 0.0240 0.0103 0.0120 0.0115 
 H076.7_2002  4 0.0449 0.1865 0.2031 0.2446 0.0155 0.0802 0.2253 
 H076.7_2003  4 0.0082 0.8632 0.0173 0.0558 0.0161 0.0264 0.0130 
 H076.7_2004  4 0.0203 0.8150 0.0391 0.0765 0.0171 0.0164 0.0154 
      H477.1  4 0.0073 0.0111 0.0121 0.2198 0.0117 0.1628 0.5752 
      H477.2  4 0.0149 0.0217 0.0197 0.4055 0.0068 0.0628 0.4686 
      H477.3  4 0.0256 0.0105 0.0200 0.2744 0.0257 0.0928 0.5510 
      H477.4  4 0.0121 0.0105 0.0173 0.1257 0.0525 0.1072 0.6747 
      H477.5  4 0.0178 0.0228 0.0591 0.3695 0.0358 0.0518 0.4432 
      H477.6  4 0.0161 0.0113 0.0157 0.3508 0.0237 0.0321 0.5503 
      H477.7  4 0.0082 0.0177 0.0126 0.0793 0.0374 0.0862 0.7586 
 H479.1_2005  4 0.5271 0.0092 0.0504 0.0788 0.0087 0.2019 0.1239 
 H479.1_2006  4 0.1181 0.1147 0.0220 0.6337 0.0776 0.0173 0.0165 
     H479.10  4 0.5787 0.0512 0.0252 0.2220 0.0137 0.0187 0.0905 
 H479.2_2005  4 0.4768 0.0683 0.2429 0.0384 0.0252 0.1141 0.0344 
 H479.2_2006  4 0.1586 0.0090 0.0192 0.6953 0.0241 0.0642 0.0294 
 H479.3_2005  4 0.2476 0.0250 0.0143 0.1908 0.0064 0.1437 0.3721 
 H479.3_2006  4 0.0831 0.0449 0.0193 0.4978 0.0067 0.1392 0.2091 
 H479.4_2005  4 0.0947 0.0237 0.0347 0.1657 0.0103 0.0538 0.6170 
 H479.4_2006  4 0.5915 0.0131 0.0177 0.1654 0.0080 0.0733 0.1310 
 H479.5_2005  4 0.7620 0.0592 0.0600 0.0361 0.0138 0.0291 0.0398 
 H479.5_2006  4 0.1711 0.0088 0.0135 0.6792 0.0068 0.0591 0.0614 
 H479.6_2005  4 0.0455 0.2335 0.0202 0.5380 0.0414 0.0450 0.0763 
 H479.6_2006  4 0.7550 0.0109 0.0117 0.0347 0.0147 0.0840 0.0890 
 H479.7_2005  4 0.0960 0.0434 0.0398 0.1068 0.0186 0.5879 0.1076 
 H479.7_2006  4 0.1929 0.0242 0.0172 0.4374 0.0288 0.1687 0.1309 
 H479.8_2005  4 0.0882 0.0108 0.0085 0.0566 0.0104 0.7756 0.0499 
 H479.8_2006  4 0.1268 0.1878 0.0129 0.5684 0.0333 0.0066 0.0641 
      H479.9  4 0.0206 0.0377 0.0094 0.9053 0.0053 0.0062 0.0155 
      H516.1  4 0.0245 0.0906 0.1510 0.6399 0.0176 0.0285 0.0480 
      H516.2  4 0.0105 0.0095 0.0238 0.9118 0.0085 0.0079 0.0280 
      H516.3  4 0.0119 0.0220 0.0710 0.8216 0.0055 0.0115 0.0565 
      H516.4  4 0.0155 0.0213 0.0330 0.8737 0.0073 0.0096 0.0397 
      H516.5  4 0.0098 0.0236 0.0595 0.8535 0.0270 0.0129 0.0137 
      H516.6  4 0.0083 0.0052 0.0113 0.9499 0.0104 0.0048 0.0102 
      H516.7  4 0.0201 0.0331 0.0093 0.8185 0.0068 0.0144 0.0978 
      H516.8  4 0.0164 0.0257 0.1087 0.8083 0.0106 0.0094 0.0209 
      H516.9  4 0.0156 0.0148 0.0155 0.9058 0.0051 0.0117 0.0315 
      H646.1  4 0.0235 0.1789 0.2891 0.4436 0.0040 0.0211 0.0398 
      H646.2  4 0.0066 0.2345 0.2591 0.4448 0.0048 0.0185 0.0318 
      H646.3  4 0.0239 0.0490 0.4098 0.4579 0.0047 0.0108 0.0439 
      H646.4  4 0.0147 0.3172 0.1273 0.4545 0.0092 0.0332 0.0439 
      H646.5  4 0.0166 0.0530 0.0448 0.8571 0.0055 0.0112 0.0119 
      H658.1  4 0.0072 0.0285 0.0301 0.8690 0.0462 0.0085 0.0106 
     H658.10  4 0.0063 0.0061 0.0101 0.9539 0.0067 0.0085 0.0083 
      H658.2  4 0.0113 0.0271 0.0250 0.8706 0.0430 0.0078 0.0152 
      H658.3  4 0.0137 0.0148 0.0138 0.9105 0.0149 0.0176 0.0147 
      H658.4  4 0.0212 0.0128 0.0336 0.8828 0.0067 0.0123 0.0307 
      H658.5  4 0.0065 0.0050 0.0062 0.9614 0.0036 0.0098 0.0074 
      H658.6  4 0.0121 0.0195 0.0278 0.8982 0.0108 0.0098 0.0217 
      H658.7  4 0.0178 0.0343 0.0340 0.8692 0.0153 0.0088 0.0205 
      H658.8  4 0.0077 0.0625 0.0924 0.7725 0.0384 0.0110 0.0155 
      H658.9  4 0.0180 0.0292 0.0173 0.8900 0.0104 0.0103 0.0247 
      H682.1  4 0.4082 0.1177 0.1171 0.1313 0.0094 0.0872 0.1291 
      H682.6  4 0.2491 0.1047 0.3215 0.1773 0.0177 0.0831 0.0466 
      H720.1  4 0.0429 0.1616 0.0195 0.2463 0.0079 0.1897 0.3320 
      H720.2  4 0.0349 0.1054 0.0374 0.4121 0.0075 0.1616 0.2412 
      H720.3  4 0.0466 0.2383 0.0133 0.0246 0.0079 0.0218 0.6474 
      H720.4  4 0.0654 0.0639 0.0183 0.2810 0.0146 0.0318 0.5250 
      H720.5  4 0.0425 0.0934 0.0130 0.0367 0.0241 0.0215 0.7686 
      H720.6  4 0.0544 0.0989 0.0151 0.0258 0.0278 0.0187 0.7591 
      H720.7  4 0.0235 0.0216 0.0262 0.0966 0.0073 0.1645 0.6602 
      H720.8  4 0.2033 0.2290 0.0277 0.0411 0.0072 0.0929 0.3989 
      H720.9  4 0.6096 0.0771 0.1754 0.0526 0.0069 0.0251 0.0534 
      H724.1  4 0.0164 0.8953 0.0327 0.0086 0.0137 0.0130 0.0203 
      H724.2  4 0.0289 0.7893 0.0343 0.0287 0.0249 0.0502 0.0437 
      H724.3  4 0.1389 0.0869 0.0257 0.6288 0.0063 0.0749 0.0384 
      H724.4  4 0.0563 0.7863 0.0348 0.0515 0.0130 0.0135 0.0446 
      H724.5  4 0.3298 0.0652 0.0669 0.4058 0.0053 0.0657 0.0612 
      H724.6  4 0.0208 0.8870 0.0172 0.0140 0.0166 0.0189 0.0255 
      H725.1  4 0.6334 0.0541 0.1836 0.0515 0.0062 0.0170 0.0543 
      H725.2  4 0.0315 0.0157 0.7345 0.0597 0.0119 0.1035 0.0432 
      H725.3  4 0.0733 0.0166 0.4660 0.2202 0.0311 0.0616 0.1313 
      H725.4  4 0.3742 0.0550 0.2750 0.0256 0.0787 0.1204 0.0711 
      H725.5  4 0.0146 0.0413 0.0120 0.1494 0.0091 0.6182 0.1554 
      H725.6  4 0.0331 0.1713 0.0282 0.6106 0.0207 0.0184 0.1176 
      H725.7  4 0.5820 0.1100 0.0774 0.1502 0.0090 0.0174 0.0539 
      H725.8  4 0.1009 0.1670 0.0848 0.2188 0.1516 0.0186 0.2582 
      H726.1  4 0.0049 0.0127 0.0221 0.9304 0.0098 0.0103 0.0098 
      H726.2  4 0.0164 0.0199 0.0177 0.8837 0.0093 0.0369 0.0161 
      H726.3  4 0.0118 0.0596 0.0860 0.7649 0.0411 0.0258 0.0107 
      H726.4  4 0.0114 0.0088 0.0098 0.9434 0.0104 0.0055 0.0108 
      H726.5  4 0.0205 0.0236 0.0201 0.9103 0.0051 0.0099 0.0107 
        UNK1  4 0.0281 0.0202 0.2677 0.1820 0.0127 0.2693 0.2199 
        UNK2  4 0.3740 0.0296 0.3729 0.1493 0.0224 0.0210 0.0308 
        UNK3  4 0.0423 0.0194 0.2616 0.1868 0.0121 0.1954 0.2825 
      H016.1  5 0.2052 0.1771 0.0415 0.0968 0.3270 0.0460 0.1065 
      H016.2  5 0.7608 0.0265 0.0329 0.0168 0.0950 0.0177 0.0504 
      H016.3  5 0.0172 0.5735 0.0451 0.2419 0.0480 0.0193 0.0550 
      H016.4  5 0.7050 0.0403 0.0201 0.0139 0.0729 0.0268 0.1210 
 H017.1_2002  5 0.0094 0.0809 0.3636 0.4665 0.0241 0.0323 0.0232 
 H017.1_2003  5 0.0082 0.0136 0.0183 0.1564 0.0557 0.0345 0.7133 
 H017.2_2002  5 0.0265 0.6836 0.1700 0.0710 0.0127 0.0228 0.0134 
 H017.2_2003  5 0.0099 0.0060 0.0095 0.9411 0.0047 0.0077 0.0211 
 H017.3_2002  5 0.0130 0.0162 0.4530 0.0510 0.2226 0.0261 0.2181 
 H017.3_2003  5 0.0083 0.0439 0.8130 0.0323 0.0157 0.0353 0.0515 
 H017.4_2002  5 0.0145 0.0301 0.8591 0.0099 0.0301 0.0346 0.0216 
 H017.4_2003  5 0.0117 0.0092 0.0716 0.7865 0.0166 0.0083 0.0961 
 H017.5_2002  5 0.0159 0.0330 0.1784 0.0370 0.6895 0.0085 0.0378 
 H017.5_2003  5 0.0104 0.0132 0.0558 0.8320 0.0464 0.0091 0.0330 
 H017.6_2002  5 0.0120 0.1070 0.7064 0.0169 0.0958 0.0489 0.0130 
 H017.6_2003  5 0.0077 0.0291 0.0380 0.8926 0.0073 0.0133 0.0121 
 H017.7_2002  5 0.0326 0.0682 0.5388 0.0197 0.1331 0.0434 0.1643 
 H017.7_2003  5 0.0079 0.0059 0.0133 0.9138 0.0276 0.0059 0.0256 
      H017.8  5 0.0200 0.0400 0.5170 0.2227 0.1392 0.0268 0.0342 
      H017.9  5 0.0368 0.0552 0.3215 0.0655 0.4211 0.0553 0.0445 
      H032.1  5 0.0079 0.0092 0.0090 0.8937 0.0097 0.0081 0.0625 
      H032.2  5 0.0079 0.0069 0.0064 0.8800 0.0178 0.0060 0.0749 
      H032.3  5 0.0139 0.0098 0.0074 0.9248 0.0121 0.0082 0.0238 
      H032.4  5 0.0084 0.0068 0.0120 0.9394 0.0178 0.0053 0.0102 
      H032.5  5 0.0123 0.0123 0.0148 0.9283 0.0080 0.0105 0.0138 
      H032.6  5 0.0072 0.0118 0.0129 0.9431 0.0079 0.0078 0.0092 
      H032.7  5 0.0072 0.0377 0.0250 0.5226 0.0106 0.0209 0.3759 
 H034.1_2002  5 0.0400 0.0861 0.8115 0.0264 0.0103 0.0105 0.0152 
 H034.1_2003  5 0.0121 0.0477 0.8877 0.0151 0.0052 0.0090 0.0232 
 H034.2_2002  5 0.0383 0.0581 0.7898 0.0386 0.0491 0.0125 0.0134 
 H034.2_2003  5 0.0093 0.1091 0.8154 0.0157 0.0050 0.0138 0.0318 
 H034.3_2002  5 0.0224 0.0248 0.8318 0.0189 0.0644 0.0123 0.0254 
 H034.3_2003  5 0.0086 0.0575 0.8811 0.0175 0.0066 0.0176 0.0111 
 H034.4_2002  5 0.0216 0.3485 0.5681 0.0094 0.0118 0.0191 0.0214 
 H034.4_2003  5 0.0073 0.0434 0.9030 0.0147 0.0062 0.0092 0.0163 
 H034.5_2002  5 0.0104 0.0450 0.8365 0.0240 0.0450 0.0097 0.0293 
 H034.5_2003  5 0.0144 0.0442 0.7592 0.0996 0.0282 0.0164 0.0381 
 H034.6_2002  5 0.0265 0.0453 0.8125 0.0131 0.0723 0.0113 0.0191 
 H034.6_2003  5 0.0081 0.0293 0.8474 0.0672 0.0124 0.0191 0.0165 
 H034.7_2002  5 0.0112 0.0155 0.9280 0.0154 0.0069 0.0100 0.0130 
 H034.7_2003  5 0.0079 0.0162 0.7950 0.1052 0.0315 0.0141 0.0300 
 H034.8_2002  5 0.0141 0.1427 0.7792 0.0252 0.0134 0.0122 0.0133 
 H034.8_2003  5 0.0067 0.0374 0.8458 0.0526 0.0356 0.0082 0.0136 
      H034.9  5 0.0559 0.0265 0.8283 0.0131 0.0294 0.0188 0.0280 
      H048.1  5 0.0486 0.0170 0.0124 0.3657 0.0095 0.0235 0.5232 
      H048.2  5 0.2646 0.0533 0.0313 0.1931 0.0093 0.1144 0.3341 
      H048.3  5 0.0279 0.3582 0.0142 0.1177 0.0095 0.0806 0.3920 
      H048.4  5 0.1992 0.2067 0.0156 0.1441 0.0179 0.0469 0.3696 
      H048.5  5 0.1265 0.0147 0.0138 0.1768 0.0059 0.0206 0.6417 
      H048.6  5 0.2051 0.2365 0.0155 0.1325 0.0115 0.0282 0.3706 
      H048.7  5 0.2010 0.0252 0.0115 0.5808 0.0249 0.0144 0.1422 
      H048.8  5 0.1438 0.1713 0.0381 0.2371 0.0235 0.0098 0.3765 
      H060.1  5 0.0163 0.0094 0.9089 0.0084 0.0248 0.0147 0.0176 
     H060.10  5 0.0055 0.0068 0.9589 0.0070 0.0080 0.0065 0.0073 
      H060.2  5 0.0100 0.0108 0.9366 0.0094 0.0114 0.0099 0.0119 
      H060.3  5 0.0061 0.0070 0.9612 0.0046 0.0100 0.0056 0.0056 
      H060.4  5 0.0081 0.0095 0.9288 0.0074 0.0186 0.0173 0.0103 
      H060.5  5 0.0087 0.0105 0.9362 0.0054 0.0167 0.0084 0.0141 
      H060.6  5 0.0094 0.0090 0.9420 0.0051 0.0143 0.0075 0.0126 
      H060.7  5 0.0148 0.0225 0.9096 0.0149 0.0085 0.0117 0.0179 
      H060.8  5 0.0102 0.0141 0.9006 0.0210 0.0199 0.0163 0.0179 
      H060.9  5 0.0086 0.0114 0.9161 0.0114 0.0371 0.0069 0.0084 
 H070.1_2002  5 0.0291 0.0701 0.6827 0.0108 0.0246 0.1467 0.0361 
 H070.1_2003  5 0.0197 0.0125 0.9178 0.0161 0.0127 0.0086 0.0125 
 H070.1_2004  5 0.0119 0.2375 0.7109 0.0147 0.0087 0.0079 0.0084 
 H070.2_2002  5 0.0157 0.1225 0.5080 0.0290 0.0402 0.2683 0.0163 
 H070.2_2003  5 0.0182 0.0586 0.8471 0.0208 0.0137 0.0188 0.0228 
 H070.2_2004  5 0.0101 0.2241 0.7184 0.0246 0.0082 0.0066 0.0080 
 H070.3_2002  5 0.0239 0.0360 0.8683 0.0157 0.0150 0.0204 0.0208 
 H070.3_2003  5 0.0067 0.0125 0.9234 0.0238 0.0086 0.0116 0.0134 
 H070.3_2004  5 0.0131 0.0191 0.9127 0.0121 0.0209 0.0125 0.0095 
 H070.4_2002  5 0.0126 0.0474 0.8359 0.0367 0.0109 0.0362 0.0203 
 H070.4_2003  5 0.0202 0.0190 0.8474 0.0508 0.0251 0.0140 0.0236 
 H070.4_2004  5 0.0443 0.0390 0.8535 0.0166 0.0080 0.0215 0.0170 
 H070.5_2002  5 0.0807 0.0144 0.8337 0.0108 0.0242 0.0200 0.0163 
 H070.5_2003  5 0.0130 0.0132 0.9112 0.0298 0.0160 0.0081 0.0088 
 H070.5_2004  5 0.0142 0.3339 0.5958 0.0133 0.0165 0.0112 0.0151 
 H070.6_2002  5 0.0199 0.0099 0.8964 0.0163 0.0150 0.0263 0.0162 
 H070.6_2003  5 0.0066 0.0210 0.9295 0.0154 0.0046 0.0095 0.0135 
 H070.6_2004  5 0.0452 0.1278 0.7545 0.0201 0.0089 0.0209 0.0226 
      H077.1  5 0.0180 0.0241 0.8948 0.0273 0.0151 0.0069 0.0139 
      H077.2  5 0.1747 0.0453 0.1352 0.5005 0.0833 0.0095 0.0515 
      H077.3  5 0.0263 0.1505 0.5759 0.1570 0.0160 0.0202 0.0540 
      H077.4  5 0.0132 0.0315 0.7639 0.1321 0.0196 0.0151 0.0247 
      H077.5  5 0.0301 0.1331 0.1475 0.3754 0.1922 0.0182 0.1034 
      H077.6  5 0.0144 0.0164 0.7109 0.1850 0.0452 0.0081 0.0200 
