      H008.1  2 0.0116 0.0155 0.0077 0.9181 0.0131 0.0111 0.0102 0.0058 0.0069 
      H008.2  2 0.0199 0.1519 0.0229 0.2051 0.1827 0.0465 0.1686 0.1842 0.0182 
      H008.3  2 0.0433 0.3073 0.0273 0.1459 0.1107 0.1966 0.0544 0.0891 0.0253 
      H008.4  2 0.0346 0.0147 0.0121 0.8119 0.0318 0.0181 0.0120 0.0500 0.0148 
      H008.5  2 0.0210 0.0262 0.0114 0.8546 0.0129 0.0262 0.0130 0.0229 0.0117 
      H008.6  2 0.0240 0.1249 0.0163 0.4538 0.0816 0.0161 0.0319 0.2213 0.0302 
      H008.7  2 0.0504 0.0498 0.0121 0.5839 0.0448 0.0764 0.0556 0.1055 0.0216 
      H008.8  2 0.0255 0.0346 0.0159 0.3655 0.3438 0.0286 0.0970 0.0430 0.0462 
      H008.9  2 0.0302 0.0393 0.0236 0.0235 0.2691 0.0254 0.0586 0.5101 0.0203 
 H029.1_2002  2 0.0113 0.0091 0.0097 0.8659 0.0190 0.0234 0.0103 0.0239 0.0273 
 H029.1_2003  2 0.0227 0.1008 0.0248 0.6638 0.0278 0.0527 0.0358 0.0337 0.0380 
 H029.2_2002  2 0.0106 0.0379 0.0093 0.8038 0.0142 0.0568 0.0137 0.0270 0.0269 
 H029.2_2003  2 0.0088 0.1744 0.0264 0.6142 0.0240 0.0378 0.0141 0.0435 0.0568 
 H029.3_2002  2 0.0114 0.0325 0.0180 0.5371 0.0180 0.2035 0.0241 0.1196 0.0358 
 H029.3_2003  2 0.0147 0.0152 0.0147 0.8906 0.0071 0.0217 0.0193 0.0084 0.0083 
 H029.4_2002  2 0.0112 0.0067 0.0069 0.9340 0.0048 0.0117 0.0101 0.0102 0.0043 
 H029.4_2003  2 0.0265 0.0357 0.0155 0.7466 0.0138 0.0728 0.0392 0.0321 0.0177 
 H029.5_2002  2 0.0180 0.0070 0.0075 0.9171 0.0067 0.0201 0.0087 0.0066 0.0083 
 H029.5_2003  2 0.0092 0.0242 0.0082 0.9079 0.0071 0.0108 0.0141 0.0118 0.0067 
 H029.6_2002  2 0.0131 0.0090 0.0072 0.8034 0.0058 0.1051 0.0130 0.0355 0.0080 
 H029.6_2003  2 0.0444 0.1149 0.0236 0.6970 0.0203 0.0250 0.0225 0.0145 0.0378 
      H029.7  2 0.0066 0.0142 0.0057 0.8833 0.0106 0.0336 0.0067 0.0250 0.0142 
      H030.1  2 0.0174 0.0279 0.7424 0.0333 0.0133 0.0685 0.0509 0.0062 0.0400 
      H030.2  2 0.0561 0.0161 0.3084 0.1791 0.0095 0.1979 0.0526 0.1093 0.0709 
      H038.1  2 0.0066 0.0051 0.0068 0.9256 0.0104 0.0075 0.0065 0.0245 0.0070 
      H038.2  2 0.0125 0.0067 0.0132 0.9303 0.0042 0.0056 0.0087 0.0061 0.0127 
      H038.3  2 0.0177 0.0091 0.0327 0.8166 0.0074 0.0072 0.0255 0.0452 0.0387 
      H038.4  2 0.0238 0.0054 0.0118 0.8704 0.0064 0.0061 0.0166 0.0373 0.0223 
      H038.5  2 0.0076 0.0102 0.0118 0.8490 0.0057 0.0135 0.0590 0.0346 0.0086 
      H038.6  2 0.0045 0.0087 0.0078 0.9394 0.0052 0.0062 0.0077 0.0107 0.0098 
      H038.7  2 0.0064 0.0082 0.0106 0.9002 0.0050 0.0036 0.0142 0.0151 0.0367 
      H038.8  2 0.0185 0.0075 0.0404 0.7689 0.0050 0.0077 0.0178 0.1108 0.0234 
      H041.1  2 0.1869 0.0155 0.0125 0.4655 0.0232 0.1950 0.0391 0.0458 0.0164 
      H041.2  2 0.5533 0.0096 0.0114 0.2913 0.0093 0.0728 0.0126 0.0208 0.0191 
      H041.4  2 0.0653 0.0166 0.0161 0.7658 0.0396 0.0363 0.0176 0.0248 0.0180 
      H041.6  2 0.0891 0.0113 0.0258 0.7138 0.0518 0.0546 0.0128 0.0159 0.0250 
 H042.1_2002  2 0.1481 0.0695 0.0184 0.0234 0.0677 0.6147 0.0155 0.0177 0.0249 
 H042.1_2003  2 0.2491 0.1545 0.0720 0.1685 0.0471 0.0460 0.0242 0.1396 0.0990 
 H042.2_2002  2 0.0560 0.0733 0.0157 0.6909 0.0109 0.0759 0.0328 0.0350 0.0094 
 H042.2_2003  2 0.6921 0.0264 0.0153 0.1907 0.0187 0.0212 0.0111 0.0054 0.0191 
 H042.3_2002  2 0.3501 0.1699 0.0236 0.0346 0.0408 0.3029 0.0305 0.0317 0.0160 
 H042.3_2003  2 0.2604 0.2273 0.0191 0.2533 0.0469 0.0909 0.0414 0.0472 0.0134 
 H042.4_2002  2 0.1020 0.0461 0.1491 0.0714 0.0269 0.5463 0.0133 0.0249 0.0201 
 H042.4_2003  2 0.0589 0.0182 0.0650 0.2089 0.0743 0.4875 0.0189 0.0074 0.0609 
      H042.5  2 0.0213 0.0237 0.0098 0.0144 0.0283 0.8764 0.0107 0.0040 0.0114 
      H042.6  2 0.0126 0.0197 0.0140 0.0345 0.0630 0.7981 0.0170 0.0103 0.0309 
      H042.7  2 0.4832 0.0280 0.0098 0.0670 0.0191 0.2570 0.0209 0.0059 0.1090 
      H042.8  2 0.2356 0.0620 0.0079 0.0539 0.0271 0.5432 0.0157 0.0436 0.0109 
   H042_2002  2 0.1381 0.0453 0.0215 0.3157 0.1993 0.0150 0.0440 0.0507 0.1705 
   H042_2003  2 0.1159 0.0540 0.0188 0.3451 0.2089 0.0140 0.0314 0.0403 0.1716 
      H043.1  2 0.0086 0.0163 0.0357 0.0607 0.0277 0.0157 0.5541 0.2362 0.0449 
      H043.2  2 0.0203 0.0331 0.0098 0.1241 0.3382 0.0078 0.0314 0.3930 0.0423 
      H043.3  2 0.0139 0.0086 0.0086 0.4230 0.0422 0.0064 0.0971 0.0372 0.3630 
      H043.4  2 0.0185 0.0291 0.0199 0.2453 0.1902 0.0098 0.0433 0.2610 0.1827 
      H043.5  2 0.0223 0.0186 0.0107 0.3150 0.0317 0.0084 0.0566 0.5038 0.0329 
      H043.6  2 0.0237 0.0165 0.0154 0.4602 0.0391 0.0079 0.0275 0.3689 0.0409 
      H043.7  2 0.0150 0.0089 0.0068 0.0397 0.3220 0.0049 0.0450 0.1858 0.3719 
      H043.8  2 0.0367 0.0215 0.0392 0.0542 0.1229 0.0108 0.5432 0.0613 0.1104 
      H043.9  2 0.0100 0.0104 0.0182 0.1331 0.0355 0.0203 0.6041 0.1100 0.0584 
      H047.1  2 0.0217 0.0304 0.0110 0.7900 0.0492 0.0072 0.0551 0.0099 0.0255 
      H047.2  2 0.0209 0.0552 0.0426 0.7212 0.0229 0.0425 0.0545 0.0080 0.0322 
      H047.3  2 0.0770 0.0628 0.0432 0.6248 0.0446 0.0351 0.0863 0.0081 0.0181 
      H047.4  2 0.0636 0.0150 0.0162 0.7473 0.0207 0.0162 0.0483 0.0053 0.0673 
      H047.5  2 0.0601 0.0565 0.0361 0.6469 0.0703 0.0068 0.0803 0.0051 0.0379 
      H047.6  2 0.0992 0.0306 0.0162 0.4545 0.0979 0.0320 0.2276 0.0206 0.0214 
      H047.7  2 0.0438 0.0183 0.0099 0.8016 0.0354 0.0085 0.0502 0.0142 0.0181 
      H047.8  2 0.1184 0.0822 0.0129 0.4782 0.1096 0.0211 0.1440 0.0132 0.0203 
      H047.9  2 0.0382 0.0510 0.0232 0.7736 0.0342 0.0095 0.0188 0.0051 0.0464 
 H071.1_2002  2 0.0067 0.0077 0.0075 0.9407 0.0089 0.0068 0.0068 0.0069 0.0078 
 H071.1_2003  2 0.0210 0.0141 0.0452 0.7289 0.1050 0.0080 0.0088 0.0118 0.0572 
     H071.10  2 0.0058 0.0052 0.0189 0.9253 0.0057 0.0076 0.0145 0.0091 0.0077 
 H071.2_2002  2 0.0072 0.0086 0.0073 0.9274 0.0183 0.0048 0.0076 0.0097 0.0090 
 H071.2_2003  2 0.0044 0.0062 0.0070 0.9546 0.0070 0.0055 0.0045 0.0040 0.0067 
      H071.3  2 0.0098 0.0073 0.0173 0.9166 0.0054 0.0085 0.0171 0.0091 0.0088 
 H071.4_2002  2 0.0070 0.0092 0.0265 0.8688 0.0117 0.0067 0.0461 0.0153 0.0087 
 H071.4_2003  2 0.0055 0.0058 0.0082 0.9529 0.0041 0.0047 0.0089 0.0033 0.0066 
 H071.5_2002  2 0.0048 0.0046 0.0101 0.9459 0.0060 0.0061 0.0099 0.0050 0.0076 
 H071.5_2003  2 0.0077 0.0119 0.0189 0.9070 0.0126 0.0054 0.0175 0.0043 0.0148 
 H071.6_2002  2 0.0049 0.0061 0.0114 0.9358 0.0077 0.0050 0.0145 0.0072 0.0073 
 H071.6_2003  2 0.0055 0.0058 0.0190 0.9233 0.0121 0.0052 0.0115 0.0043 0.0134 
 H071.7_2002  2 0.0048 0.0054 0.0047 0.9538 0.0078 0.0042 0.0054 0.0051 0.0088 
 H071.7_2003  2 0.0076 0.0079 0.0361 0.8951 0.0160 0.0065 0.0119 0.0053 0.0136 
      H071.8  2 0.0076 0.0072 0.0062 0.9320 0.0135 0.0059 0.0074 0.0096 0.0106 
      H071.9  2 0.0159 0.0071 0.0310 0.7491 0.0232 0.0097 0.1408 0.0138 0.0095 
 H081.1_2002  2 0.0079 0.0047 0.0084 0.9449 0.0101 0.0067 0.0047 0.0048 0.0077 
 H081.1_2003  2 0.0362 0.0438 0.1974 0.0759 0.0514 0.0522 0.0141 0.3562 0.1727 
 H081.2_2002  2 0.0059 0.0066 0.0080 0.9336 0.0168 0.0064 0.0055 0.0063 0.0108 
 H081.2_2003  2 0.0136 0.0103 0.7462 0.0713 0.0726 0.0341 0.0152 0.0139 0.0228 
 H081.3_2002  2 0.0123 0.0072 0.0123 0.9067 0.0246 0.0084 0.0097 0.0079 0.0108 
 H081.3_2003  2 0.0144 0.0192 0.7198 0.0197 0.1138 0.0162 0.0696 0.0157 0.0117 
 H081.4_2002  2 0.0063 0.0084 0.0121 0.9376 0.0059 0.0075 0.0080 0.0051 0.0091 
 H081.4_2003  2 0.0214 0.0476 0.5573 0.0380 0.1347 0.0493 0.0164 0.0216 0.1137 
 H081.5_2002  2 0.0060 0.0072 0.0121 0.9326 0.0111 0.0063 0.0069 0.0060 0.0119 
 H081.5_2003  2 0.0522 0.0258 0.2104 0.0804 0.2255 0.0431 0.0153 0.0451 0.3023 
      H081.6  2 0.0077 0.0070 0.0073 0.9410 0.0100 0.0048 0.0052 0.0059 0.0111 
      H081.7  2 0.0091 0.0061 0.0145 0.9145 0.0263 0.0080 0.0081 0.0056 0.0078 
      H081.8  2 0.0129 0.0076 0.0334 0.8612 0.0197 0.0163 0.0226 0.0131 0.0132 
      H083.1  2 0.0050 0.0081 0.0103 0.9151 0.0046 0.0220 0.0096 0.0121 0.0132 
      H083.2  2 0.0062 0.0101 0.0094 0.9138 0.0093 0.0151 0.0149 0.0090 0.0121 
      H083.4  2 0.0078 0.0070 0.0076 0.8707 0.0138 0.0387 0.0240 0.0195 0.0109 
      H083.5  2 0.0069 0.0089 0.0087 0.8802 0.0080 0.0359 0.0123 0.0260 0.0130 
      H083.6  2 0.0074 0.0121 0.0151 0.8857 0.0077 0.0376 0.0110 0.0134 0.0100 
      H083.7  2 0.0151 0.0086 0.0090 0.8737 0.0121 0.0412 0.0181 0.0152 0.0070 
      H083.8  2 0.0061 0.0103 0.0071 0.9164 0.0139 0.0145 0.0136 0.0075 0.0106 
      H083.9  2 0.0076 0.0077 0.0091 0.8979 0.0063 0.0432 0.0091 0.0100 0.0090 
      H084.1  2 0.0098 0.0109 0.8699 0.0117 0.0073 0.0135 0.0312 0.0379 0.0078 
      H084.2  2 0.0062 0.0117 0.8453 0.0134 0.0063 0.0176 0.0353 0.0525 0.0117 
      H084.3  2 0.0549 0.0110 0.7353 0.0068 0.0074 0.0196 0.0115 0.1281 0.0254 
      H084.4  2 0.0866 0.0172 0.5772 0.0135 0.0104 0.0298 0.0500 0.1547 0.0607 
      H084.5  2 0.0581 0.0130 0.7972 0.0087 0.0094 0.0099 0.0235 0.0513 0.0288 
      H084.6  2 0.0359 0.0067 0.8238 0.0060 0.0068 0.0143 0.0255 0.0693 0.0116 
      H084.7  2 0.0128 0.0104 0.8860 0.0136 0.0085 0.0163 0.0279 0.0136 0.0108 
      H084.8  2 0.0592 0.0106 0.7905 0.0062 0.0081 0.0075 0.0239 0.0836 0.0104 
 H085.1_2002  2 0.0065 0.0086 0.0136 0.1611 0.7143 0.0535 0.0117 0.0222 0.0085 
 H085.1_2003  2 0.0295 0.0097 0.0132 0.6819 0.0255 0.1409 0.0574 0.0215 0.0206 
 H085.2_2002  2 0.0182 0.0101 0.0745 0.0381 0.6685 0.0946 0.0179 0.0626 0.0155 
 H085.2_2003  2 0.0133 0.0203 0.0193 0.7637 0.0240 0.1017 0.0263 0.0105 0.0209 
 H085.3_2002  2 0.0176 0.0056 0.0096 0.0230 0.8687 0.0404 0.0094 0.0073 0.0184 
 H085.3_2003  2 0.0260 0.0156 0.0147 0.8437 0.0147 0.0133 0.0125 0.0062 0.0532 
 H085.4_2002  2 0.0146 0.0110 0.0151 0.1441 0.7203 0.0340 0.0118 0.0391 0.0100 
 H085.4_2003  2 0.0620 0.0092 0.0243 0.8262 0.0213 0.0197 0.0066 0.0078 0.0229 
 H085.5_2002  2 0.0126 0.0060 0.0073 0.0328 0.9067 0.0090 0.0075 0.0063 0.0118 
 H085.5_2003  2 0.0097 0.0109 0.0160 0.8832 0.0135 0.0361 0.0135 0.0082 0.0089 
 H085.6_2002  2 0.0073 0.0052 0.0147 0.0229 0.8729 0.0287 0.0218 0.0139 0.0127 
 H085.6_2003  2 0.2567 0.0214 0.0268 0.1343 0.1179 0.0145 0.0192 0.0087 0.4005 
 H085.7_2002  2 0.0121 0.0082 0.0450 0.1006 0.6337 0.1211 0.0127 0.0177 0.0489 
 H085.7_2003  2 0.0416 0.0166 0.0105 0.8522 0.0142 0.0156 0.0160 0.0106 0.0226 
 H085.8_2002  2 0.0669 0.0118 0.0285 0.0582 0.6591 0.0200 0.0182 0.0136 0.1236 
 H085.8_2003  2 0.0637 0.0209 0.0486 0.2460 0.0811 0.4718 0.0301 0.0199 0.0179 
      H085.9  2 0.0222 0.0122 0.0249 0.1571 0.6519 0.0413 0.0101 0.0469 0.0333 
      H088.1  2 0.0162 0.0419 0.0190 0.0158 0.0218 0.8373 0.0184 0.0166 0.0130 
      H088.2  2 0.0158 0.0183 0.0225 0.0117 0.0421 0.8199 0.0244 0.0086 0.0368 
      H088.3  2 0.0097 0.0133 0.0129 0.0079 0.0226 0.8657 0.0186 0.0068 0.0425 
      H088.4  2 0.0187 0.0467 0.0498 0.0441 0.0146 0.7070 0.0239 0.0084 0.0868 
      H088.5  2 0.0107 0.0125 0.0109 0.0107 0.0113 0.9127 0.0134 0.0087 0.0092 
      H088.6  2 0.0262 0.0258 0.0192 0.0325 0.0091 0.8391 0.0311 0.0077 0.0093 
      H088.7  2 0.0366 0.0176 0.0229 0.1612 0.0164 0.6408 0.0583 0.0118 0.0343 
      H088.8  2 0.0477 0.0736 0.0528 0.2113 0.0151 0.5102 0.0550 0.0136 0.0206 
      H091.1  2 0.0338 0.0157 0.0065 0.0235 0.0121 0.8575 0.0227 0.0088 0.0193 
      H091.2  2 0.0811 0.0185 0.0064 0.0536 0.0124 0.7804 0.0230 0.0056 0.0191 
      H109.1  2 0.0229 0.0127 0.0278 0.0194 0.0174 0.0143 0.8518 0.0267 0.0071 
      H109.2  2 0.0312 0.0128 0.2407 0.0719 0.0280 0.0257 0.5315 0.0148 0.0433 
      H109.3  2 0.0352 0.0168 0.0271 0.0305 0.0090 0.0119 0.8441 0.0085 0.0168 
      H109.4  2 0.0260 0.0155 0.0268 0.0107 0.0211 0.0131 0.8569 0.0153 0.0146 
      H109.5  2 0.2559 0.0202 0.0287 0.3362 0.0158 0.0141 0.2962 0.0046 0.0282 
      H109.6  2 0.0410 0.0229 0.2181 0.0336 0.0282 0.0123 0.5715 0.0239 0.0485 
      H126.1  2 0.0269 0.1842 0.0116 0.0260 0.6038 0.0190 0.0515 0.0121 0.0649 
      H126.2  2 0.0148 0.0288 0.0113 0.6380 0.1303 0.0154 0.0736 0.0553 0.0324 
      H126.3  2 0.0145 0.0294 0.0056 0.7686 0.0728 0.0112 0.0503 0.0248 0.0229 
      H126.4  2 0.0127 0.2137 0.0164 0.1730 0.4336 0.0288 0.0584 0.0255 0.0379 
      H126.5  2 0.0104 0.0732 0.0124 0.2543 0.0858 0.0094 0.0116 0.0074 0.5353 
      H126.6  2 0.0062 0.0082 0.0048 0.8441 0.0496 0.0125 0.0153 0.0067 0.0526 
      H126.7  2 0.0044 0.0120 0.0092 0.9168 0.0095 0.0096 0.0115 0.0036 0.0234 
      H130.1  2 0.0376 0.0494 0.0725 0.0111 0.6692 0.0461 0.0724 0.0118 0.0298 
      H130.2  2 0.0143 0.0244 0.7628 0.0243 0.0578 0.0227 0.0761 0.0087 0.0090 
      H130.3  2 0.0070 0.3963 0.5213 0.0129 0.0122 0.0096 0.0229 0.0056 0.0122 
      H130.4  2 0.0176 0.1155 0.1663 0.0104 0.5158 0.0335 0.0972 0.0288 0.0150 
      H130.5  2 0.0144 0.0105 0.7016 0.0307 0.1643 0.0370 0.0206 0.0064 0.0145 
      H133.1  2 0.0454 0.1919 0.0986 0.0905 0.0902 0.0428 0.2522 0.1511 0.0373 
      H133.2  2 0.0294 0.0309 0.1238 0.0297 0.2515 0.0205 0.4386 0.0171 0.0585 
      H133.3  2 0.0492 0.0694 0.0378 0.2147 0.0958 0.0549 0.2978 0.1382 0.0422 
      H133.4  2 0.0339 0.0355 0.0343 0.0205 0.0392 0.0161 0.7420 0.0529 0.0255 
      H133.5  2 0.0087 0.1171 0.0819 0.0158 0.1192 0.0358 0.5615 0.0339 0.0260 
      H133.6  2 0.0213 0.0423 0.3246 0.0184 0.1897 0.0709 0.2715 0.0117 0.0496 
      H133.7  2 0.4769 0.0294 0.0156 0.0481 0.0840 0.0127 0.1762 0.1124 0.0448 
      H133.8  2 0.0736 0.0679 0.0361 0.0403 0.2493 0.0374 0.3225 0.1523 0.0207 
      H133.9  2 0.0361 0.3273 0.0879 0.0590 0.0738 0.0466 0.1928 0.1418 0.0346 
      H147.1  2 0.3382 0.0056 0.0709 0.3706 0.0485 0.0710 0.0081 0.0246 0.0626 
      H147.2  2 0.0135 0.0063 0.0240 0.8801 0.0215 0.0097 0.0053 0.0058 0.0337 
      H147.3  2 0.0174 0.0083 0.0276 0.8862 0.0217 0.0075 0.0053 0.0056 0.0204 
      H147.4  2 0.0182 0.0086 0.0360 0.8685 0.0096 0.0100 0.0058 0.0328 0.0105 
      H147.5  2 0.0286 0.0219 0.2506 0.5210 0.0150 0.0999 0.0101 0.0094 0.0434 
      H147.6  2 0.0348 0.0417 0.2454 0.3741 0.0166 0.2064 0.0166 0.0096 0.0548 
      H147.7  2 0.0325 0.0087 0.0550 0.8192 0.0126 0.0169 0.0064 0.0311 0.0176 
      H147.8  2 0.0180 0.0077 0.0385 0.7461 0.0069 0.1098 0.0075 0.0536 0.0120 
      H147.9  2 0.0116 0.0086 0.0139 0.9010 0.0167 0.0068 0.0064 0.0073 0.0278 
      H148.1  2 0.1568 0.0187 0.2737 0.0161 0.1737 0.0587 0.0993 0.0667 0.1363 
      H148.2  2 0.3543 0.0135 0.2351 0.0228 0.1891 0.0182 0.0513 0.0877 0.0280 
      H148.3  2 0.8707 0.0100 0.0262 0.0094 0.0118 0.0093 0.0114 0.0261 0.0250 
      H148.4  2 0.2831 0.0274 0.0643 0.0273 0.2046 0.0222 0.0334 0.0720 0.2657 
      H148.5  2 0.3378 0.0519 0.3549 0.0166 0.0354 0.0367 0.0225 0.0966 0.0475 
      H148.6  2 0.4704 0.0119 0.1622 0.0169 0.0827 0.0500 0.0259 0.1490 0.0311 
      H148.7  2 0.4063 0.0889 0.1756 0.0135 0.0591 0.0372 0.0845 0.0943 0.0406 
      H148.8  2 0.6860 0.0136 0.0678 0.0080 0.1374 0.0175 0.0099 0.0430 0.0169 
      H148.9  2 0.1446 0.0347 0.0814 0.0134 0.3852 0.0220 0.0898 0.1988 0.0301 
   H166022.1  2 0.0175 0.0060 0.0227 0.0144 0.0107 0.9040 0.0081 0.0091 0.0076 
   H166022.2  2 0.0233 0.0185 0.0759 0.0405 0.0159 0.7521 0.0166 0.0111 0.0460 
   H166022.3  2 0.0053 0.0083 0.0169 0.0051 0.0052 0.9352 0.0090 0.0056 0.0095 
   H166022.4  2 0.0066 0.0197 0.0188 0.0063 0.0056 0.9084 0.0104 0.0069 0.0174 
   H166022.5  2 0.0101 0.0168 0.0969 0.0119 0.0062 0.8145 0.0208 0.0056 0.0172 
   H166022.6  2 0.0114 0.0097 0.0223 0.0091 0.0194 0.8820 0.0109 0.0153 0.0200 
   H166022.7  2 0.0056 0.0124 0.0079 0.0070 0.0087 0.0053 0.9162 0.0289 0.0080 
   H166022.8  2 0.0203 0.0141 0.1413 0.0161 0.0676 0.6135 0.0127 0.0080 0.1064 
   H167397.1  2 0.2942 0.0112 0.0238 0.0678 0.0166 0.0505 0.0163 0.4833 0.0363 
   H167397.2  2 0.0486 0.0162 0.0172 0.0422 0.1162 0.0615 0.0198 0.6079 0.0704 
   H167397.3  2 0.1708 0.0125 0.0158 0.0878 0.0149 0.0523 0.0136 0.6135 0.0188 
   H167397.4  2 0.0542 0.0119 0.0204 0.0412 0.0238 0.0240 0.0192 0.7962 0.0091 
   H167397.5  2 0.0950 0.0162 0.0438 0.0299 0.0266 0.0336 0.0238 0.6644 0.0668 
   H167397.6  2 0.1647 0.0199 0.0080 0.0765 0.0216 0.0423 0.0209 0.6288 0.0174 
   H167496.1  2 0.1894 0.0609 0.1756 0.0232 0.0149 0.2681 0.2012 0.0096 0.0572 
   H167496.2  2 0.0934 0.0134 0.0758 0.1280 0.0309 0.0244 0.1393 0.0161 0.4786 
   H167496.3  2 0.0757 0.0643 0.0766 0.0616 0.3506 0.2723 0.0269 0.0114 0.0607 
   H167496.4  2 0.0082 0.0090 0.0095 0.0213 0.0076 0.9111 0.0097 0.0055 0.0181 
   H167496.6  2 0.0122 0.0252 0.0096 0.0247 0.0095 0.1623 0.0138 0.0071 0.7356 
   H167496.7  2 0.4073 0.0359 0.1949 0.0244 0.0327 0.0866 0.0633 0.0070 0.1480 
   H167496.8  2 0.0168 0.0085 0.0218 0.0309 0.0108 0.2232 0.0190 0.0087 0.6602 
   H167513.1  2 0.0231 0.0194 0.0296 0.0198 0.0532 0.0332 0.7823 0.0202 0.0193 
   H167513.2  2 0.2517 0.0211 0.0254 0.0255 0.0695 0.0218 0.4368 0.0945 0.0538 
   H167513.3  2 0.0242 0.1023 0.1469 0.0143 0.0165 0.0336 0.6371 0.0103 0.0148 
   H167513.4  2 0.0322 0.0205 0.1348 0.0136 0.0257 0.1416 0.6004 0.0144 0.0168 
   H167513.5  2 0.0863 0.0106 0.0133 0.0217 0.0816 0.0307 0.6345 0.0908 0.0305 
   H167513.6  2 0.0510 0.0208 0.1393 0.0470 0.1260 0.1026 0.4476 0.0292 0.0367 
   H167513.7  2 0.0112 0.0137 0.0395 0.0187 0.0230 0.0675 0.7686 0.0397 0.0180 
   H167513.8  2 0.0072 0.0144 0.0256 0.0100 0.0090 0.0097 0.8902 0.0164 0.0175 
   H167547.1  2 0.7601 0.0223 0.0531 0.0086 0.0405 0.0401 0.0129 0.0270 0.0354 
   H167547.2  2 0.9197 0.0081 0.0110 0.0067 0.0104 0.0220 0.0056 0.0106 0.0059 
   H167547.3  2 0.9222 0.0096 0.0104 0.0071 0.0096 0.0171 0.0073 0.0109 0.0057 
   H167547.4  2 0.1067 0.0507 0.0289 0.0080 0.0980 0.6257 0.0206 0.0428 0.0187 
   H167547.5  2 0.8295 0.0158 0.0127 0.0095 0.0208 0.0856 0.0124 0.0081 0.0056 
   H167547.6  2 0.8131 0.0118 0.0168 0.0082 0.0245 0.1008 0.0117 0.0069 0.0062 
   H167547.7  2 0.2326 0.0445 0.0730 0.0358 0.3837 0.0228 0.1604 0.0202 0.0270 
   H169750.1  2 0.0155 0.0494 0.0325 0.0220 0.0887 0.0985 0.6406 0.0101 0.0427 
   H169750.2  2 0.1541 0.0868 0.1082 0.1427 0.1438 0.0203 0.1478 0.0637 0.1326 
   H169750.3  2 0.0154 0.0267 0.0496 0.0250 0.0544 0.0216 0.7865 0.0041 0.0166 
   H169750.4  2 0.0491 0.2203 0.0205 0.0292 0.1169 0.0178 0.2257 0.0952 0.2253 
   H169750.5  2 0.0119 0.0282 0.0160 0.0707 0.0471 0.0772 0.7269 0.0112 0.0108 
   H169750.6  2 0.0141 0.0552 0.0488 0.4238 0.0772 0.0289 0.3174 0.0125 0.0221 
   H169750.7  2 0.0401 0.0927 0.0291 0.0606 0.1068 0.0206 0.4578 0.0353 0.1570 
   H171929.1  2 0.0618 0.0203 0.0105 0.0331 0.2827 0.0194 0.0683 0.4888 0.0151 
  H171929.10  2 0.1651 0.0220 0.1012 0.0936 0.2047 0.1829 0.0936 0.1079 0.0291 
  H171929.11  2 0.0984 0.0534 0.0335 0.0193 0.2030 0.0229 0.1344 0.4139 0.0211 
   H171929.2  2 0.0752 0.0146 0.0151 0.0090 0.0818 0.0156 0.7700 0.0096 0.0092 
   H171929.3  2 0.2099 0.0273 0.0272 0.0250 0.0621 0.0237 0.4706 0.1449 0.0094 
   H171929.4  2 0.0813 0.0641 0.0399 0.0555 0.4310 0.1195 0.1852 0.0096 0.0140 
   H171929.5  2 0.0634 0.0155 0.0236 0.0143 0.0289 0.0222 0.7418 0.0738 0.0166 
   H171929.6  2 0.0357 0.0113 0.0228 0.0119 0.0196 0.0135 0.7582 0.1160 0.0109 
   H171929.7  2 0.0343 0.0214 0.0112 0.0266 0.7117 0.0192 0.1511 0.0178 0.0068 
   H171929.8  2 0.0282 0.0153 0.0240 0.0149 0.7739 0.0269 0.0871 0.0169 0.0128 
   H171929.9  2 0.0135 0.0133 0.0299 0.0301 0.6690 0.0494 0.1703 0.0063 0.0182 
   H171930.1  2 0.0201 0.0462 0.0406 0.0117 0.0068 0.0138 0.8331 0.0164 0.0113 
   H171930.2  2 0.0992 0.0869 0.3482 0.0273 0.0274 0.0873 0.2935 0.0104 0.0198 
   H171930.3  2 0.0291 0.0472 0.0322 0.0110 0.0078 0.0220 0.8096 0.0238 0.0174 
   H171930.4  2 0.1126 0.0879 0.1381 0.0082 0.0078 0.0576 0.5562 0.0135 0.0181 
   H171930.5  2 0.0422 0.0613 0.1729 0.0433 0.0499 0.0262 0.5691 0.0201 0.0150 
   H171930.6  2 0.0672 0.0998 0.4192 0.0552 0.0072 0.0352 0.2702 0.0096 0.0363 
   H171930.7  2 0.0182 0.0140 0.0416 0.0111 0.0100 0.0129 0.8188 0.0383 0.0351 
   H171930.8  2 0.0401 0.0132 0.0928 0.0126 0.0140 0.0162 0.7161 0.0194 0.0755 
   H171933.1  2 0.0305 0.0074 0.0229 0.0073 0.0105 0.8827 0.0094 0.0233 0.0060 
   H171933.2  2 0.0253 0.0064 0.0266 0.0179 0.0172 0.8504 0.0122 0.0326 0.0114 
   H171933.3  2 0.0418 0.0113 0.0236 0.0068 0.0221 0.8517 0.0156 0.0140 0.0132 
   H171933.4  2 0.0119 0.0134 0.2887 0.0079 0.0179 0.6099 0.0186 0.0053 0.0263 
   H171933.5  2 0.0504 0.0776 0.3357 0.0081 0.0376 0.3817 0.0501 0.0087 0.0500 
   H171933.6  2 0.0113 0.0102 0.0076 0.0194 0.0055 0.9246 0.0084 0.0046 0.0083 
   H171933.7  2 0.0444 0.0247 0.1343 0.0134 0.0366 0.6669 0.0138 0.0252 0.0407 
   H171933.8  2 0.0206 0.0099 0.4989 0.0135 0.0249 0.3179 0.0384 0.0362 0.0396 
   H171933.9  2 0.0090 0.0150 0.0228 0.0078 0.0073 0.9051 0.0161 0.0042 0.0127 
      H190.1  2 0.0180 0.0472 0.8533 0.0160 0.0090 0.0232 0.0144 0.0047 0.0143 
      H190.2  2 0.8356 0.0118 0.0113 0.0257 0.0279 0.0093 0.0107 0.0064 0.0614 
      H190.3  2 0.7768 0.0138 0.0231 0.0178 0.1178 0.0176 0.0148 0.0076 0.0108 
      H190.4  2 0.0111 0.0153 0.8913 0.0075 0.0140 0.0357 0.0125 0.0066 0.0058 
      H190.5  2 0.6687 0.0185 0.0238 0.0602 0.0385 0.0203 0.0202 0.0055 0.1443 
      H190.6  2 0.0157 0.0248 0.8667 0.0090 0.0201 0.0367 0.0130 0.0077 0.0064 
      H190.7  2 0.0548 0.0319 0.1034 0.0172 0.7230 0.0254 0.0119 0.0120 0.0205 
      H190.8  2 0.3185 0.0575 0.0735 0.0365 0.0463 0.0259 0.0282 0.0051 0.4085 
      H190.9  2 0.5077 0.0280 0.1828 0.0197 0.1099 0.0163 0.0265 0.0142 0.0948 
      H400.1  2 0.0063 0.0110 0.0194 0.0094 0.0095 0.9126 0.0104 0.0064 0.0150 
      H400.2  2 0.0091 0.0065 0.0161 0.0192 0.0090 0.9062 0.0139 0.0100 0.0101 
      H400.3  2 0.0170 0.0185 0.0186 0.0151 0.0154 0.8534 0.0286 0.0165 0.0168 
      H400.4  2 0.0166 0.0132 0.0222 0.0177 0.0103 0.8792 0.0255 0.0051 0.0103 
      H400.5  2 0.0106 0.0155 0.0335 0.0108 0.0139 0.8814 0.0196 0.0078 0.0069 
      H400.6  2 0.0064 0.0062 0.0093 0.0120 0.0138 0.9309 0.0094 0.0045 0.0075 
      H400.7  2 0.0128 0.0078 0.0239 0.0069 0.0116 0.9021 0.0160 0.0058 0.0130 
 H428.1_2005  2 0.0056 0.0084 0.0058 0.0075 0.0079 0.9435 0.0108 0.0052 0.0053 
 H428.1_2006  2 0.0077 0.0075 0.0061 0.0154 0.0088 0.9274 0.0078 0.0076 0.0117 
 H428.2_2005  2 0.0059 0.0041 0.0082 0.0054 0.0068 0.9485 0.0086 0.0068 0.0057 
 H428.2_2006  2 0.0069 0.0072 0.0227 0.0329 0.0079 0.8974 0.0084 0.0074 0.0092 
 H428.3_2005  2 0.0057 0.0055 0.0055 0.0079 0.0059 0.9532 0.0076 0.0040 0.0045 
 H428.3_2006  2 0.0062 0.0085 0.0126 0.0231 0.0062 0.9138 0.0122 0.0087 0.0088 
 H428.4_2005  2 0.0072 0.0073 0.0052 0.0061 0.0057 0.9465 0.0116 0.0057 0.0048 
 H428.4_2006  2 0.0066 0.0076 0.0049 0.0093 0.0072 0.9493 0.0041 0.0065 0.0046 
 H428.5_2005  2 0.0050 0.0051 0.0116 0.0103 0.0063 0.9341 0.0058 0.0178 0.0040 
 H428.6_2005  2 0.0063 0.0081 0.0061 0.0077 0.0100 0.9434 0.0062 0.0042 0.0079 
 H428.6_2006  2 0.0060 0.0234 0.0084 0.0146 0.0085 0.8982 0.0127 0.0229 0.0053 
      H428.7  2 0.0041 0.0062 0.0075 0.0066 0.0059 0.9570 0.0045 0.0039 0.0043 
      H428.8  2 0.0070 0.0085 0.0106 0.0121 0.0058 0.9332 0.0075 0.0097 0.0056 
      H428.9  2 0.0053 0.0052 0.0115 0.0070 0.0065 0.9426 0.0060 0.0123 0.0035 
      H453.1  2 0.0091 0.0232 0.0125 0.0365 0.0084 0.8612 0.0181 0.0066 0.0243 
      H453.2  2 0.0108 0.0250 0.0865 0.0123 0.0143 0.7969 0.0197 0.0054 0.0291 
      H453.3  2 0.0141 0.0140 0.1104 0.0108 0.0312 0.7703 0.0157 0.0050 0.0284 
      H453.4  2 0.0141 0.0227 0.1054 0.0097 0.0173 0.7766 0.0245 0.0035 0.0262 
      H453.5  2 0.0088 0.0279 0.2593 0.0994 0.0083 0.5665 0.0132 0.0066 0.0100 
      H453.6  2 0.0065 0.0151 0.0692 0.1138 0.0053 0.7704 0.0079 0.0044 0.0074 
      H453.7  2 0.0199 0.0138 0.1039 0.0884 0.5306 0.0462 0.0358 0.0048 0.1566 
      H453.8  2 0.0330 0.0229 0.2569 0.0590 0.0472 0.0539 0.0309 0.0060 0.4901 
      H453.9  2 0.0096 0.0169 0.4657 0.3160 0.0435 0.0557 0.0211 0.0048 0.0667 
      H512.1  2 0.0123 0.0572 0.7917 0.0146 0.0139 0.0826 0.0100 0.0035 0.0143 
     H512.10  2 0.0345 0.1913 0.5501 0.0254 0.0146 0.0310 0.0182 0.0781 0.0567 
      H512.2  2 0.1725 0.1197 0.3810 0.0195 0.0198 0.1165 0.0203 0.0130 0.1377 
      H512.3  2 0.0381 0.4864 0.1953 0.0175 0.0110 0.0681 0.0713 0.0267 0.0856 
      H512.4  2 0.0532 0.0218 0.7547 0.0380 0.0103 0.0322 0.0161 0.0137 0.0601 
      H512.5  2 0.0255 0.6169 0.0362 0.0118 0.0112 0.0452 0.1348 0.0205 0.0978 
      H512.6  2 0.0324 0.1684 0.4966 0.0148 0.0166 0.0385 0.0602 0.0059 0.1666 
      H512.7  2 0.0162 0.6383 0.0215 0.0251 0.0098 0.1303 0.0897 0.0197 0.0494 
      H512.8  2 0.2955 0.1473 0.2303 0.0136 0.0165 0.0630 0.0468 0.0092 0.1780 
      H512.9  2 0.0134 0.4974 0.1254 0.0272 0.0268 0.1947 0.0426 0.0264 0.0461 
      H513.1  2 0.0071 0.0047 0.0092 0.0106 0.0055 0.9394 0.0070 0.0093 0.0071 
      H513.2  2 0.0085 0.0041 0.0137 0.0112 0.0095 0.9305 0.0095 0.0081 0.0049 
      H513.3  2 0.0057 0.0069 0.0080 0.0076 0.0076 0.9446 0.0089 0.0043 0.0065 
      H513.4  2 0.0095 0.0079 0.0120 0.0216 0.0079 0.9168 0.0128 0.0040 0.0074 
      H513.5  2 0.0049 0.0134 0.0165 0.0109 0.0079 0.9112 0.0194 0.0087 0.0071 
      H513.6  2 0.0200 0.0106 0.0972 0.0135 0.0246 0.4656 0.0682 0.2910 0.0094 
      H532.1  2 0.0167 0.0179 0.0183 0.3157 0.0193 0.3103 0.2553 0.0151 0.0314 
      H532.2  2 0.0252 0.0072 0.6431 0.0364 0.0301 0.2139 0.0159 0.0128 0.0154 
      H532.3  2 0.0183 0.0254 0.7849 0.0358 0.0195 0.0774 0.0143 0.0060 0.0184 
      H532.4  2 0.0095 0.0219 0.0945 0.6126 0.0657 0.1162 0.0227 0.0124 0.0444 
      H532.5  2 0.0220 0.0113 0.0160 0.0457 0.0205 0.7739 0.0821 0.0156 0.0128 
      H532.6  2 0.0086 0.0252 0.3059 0.2806 0.0278 0.2358 0.0335 0.0144 0.0682 
      H532.7  2 0.0127 0.0613 0.0664 0.6187 0.0121 0.1607 0.0441 0.0129 0.0111 
      H532.8  2 0.0336 0.0389 0.0263 0.4520 0.0201 0.1752 0.1996 0.0197 0.0345 
      H543.1  2 0.0056 0.0062 0.0089 0.0048 0.0067 0.0139 0.0063 0.9417 0.0058 
      H543.2  2 0.0179 0.0089 0.0195 0.0095 0.0200 0.0390 0.0175 0.8630 0.0048 
      H543.3  2 0.0069 0.0077 0.0076 0.0097 0.0071 0.0112 0.0059 0.9378 0.0060 
      H543.4  2 0.0115 0.0054 0.0104 0.0054 0.0087 0.0069 0.0056 0.9406 0.0056 
      H543.5  2 0.0086 0.0061 0.0086 0.0053 0.0079 0.0072 0.0071 0.9441 0.0052 
      H543.6  2 0.0098 0.0129 0.0188 0.0104 0.0645 0.0284 0.0289 0.8172 0.0091 
      H543.7  2 0.0059 0.0036 0.0059 0.0042 0.0054 0.0045 0.0040 0.9622 0.0042 
      H543.8  2 0.0086 0.0089 0.0136 0.0237 0.0141 0.0216 0.0141 0.8889 0.0065 
      H543.9  2 0.0085 0.0080 0.0085 0.0069 0.0117 0.0121 0.0075 0.9326 0.0042 
 H545.1_2005  2 0.0033 0.0046 0.0035 0.0038 0.0041 0.0035 0.0043 0.9693 0.0037 
 H545.1_2006  2 0.0084 0.0062 0.0053 0.0064 0.0048 0.0061 0.0053 0.9515 0.0058 
 H545.2_2005  2 0.0095 0.0160 0.0052 0.0076 0.0092 0.0070 0.0161 0.9246 0.0048 
 H545.2_2006  2 0.0046 0.0060 0.0050 0.0048 0.0047 0.0060 0.0054 0.9597 0.0038 
 H545.3_2005  2 0.0129 0.0127 0.0053 0.0055 0.0094 0.0056 0.0078 0.9328 0.0080 
 H545.3_2006  2 0.0050 0.0051 0.0057 0.0082 0.0043 0.0058 0.0081 0.9524 0.0053 
 H545.4_2005  2 0.0103 0.0109 0.0089 0.0071 0.0089 0.0049 0.0054 0.9363 0.0074 
 H545.4_2006  2 0.0077 0.0060 0.0041 0.0055 0.0058 0.0052 0.0067 0.9531 0.0060 
 H545.5_2005  2 0.0049 0.0062 0.0071 0.0066 0.0052 0.0092 0.0092 0.9457 0.0059 
 H545.5_2006  2 0.0086 0.0115 0.0065 0.0059 0.0054 0.0091 0.0085 0.9391 0.0056 
 H545.6_2005  2 0.0037 0.0041 0.0034 0.0036 0.0033 0.0042 0.0050 0.9688 0.0039 
 H545.6_2006  2 0.0054 0.0057 0.0048 0.0039 0.0054 0.0056 0.0059 0.9584 0.0049 
 H545.7_2005  2 0.0034 0.0047 0.0045 0.0057 0.0046 0.0061 0.0084 0.9585 0.0041 
 H545.7_2006  2 0.0068 0.0069 0.0049 0.0072 0.0051 0.0081 0.0094 0.9462 0.0055 
 H545.8_2005  2 0.0105 0.0114 0.0098 0.0083 0.0087 0.0112 0.0080 0.9252 0.0069 
 H545.8_2006  2 0.0044 0.0061 0.0058 0.0044 0.0053 0.0057 0.0053 0.9577 0.0054 
      H545.9  2 0.0055 0.0082 0.0068 0.0050 0.0059 0.0057 0.0056 0.9520 0.0053 
      H547.1  2 0.0123 0.0173 0.0074 0.0061 0.0126 0.9203 0.0080 0.0079 0.0081 
      H547.2  2 0.1628 0.0069 0.0050 0.0129 0.0155 0.7466 0.0092 0.0095 0.0316 
      H547.3  2 0.0374 0.0521 0.0218 0.0070 0.0267 0.6305 0.0198 0.0196 0.1852 
      H547.4  2 0.1060 0.0354 0.0133 0.0178 0.0239 0.7496 0.0134 0.0097 0.0309 
      H547.5  2 0.1694 0.0097 0.0069 0.0047 0.0100 0.7679 0.0064 0.0069 0.0181 
      H547.6  2 0.0165 0.0091 0.0079 0.0054 0.0136 0.9087 0.0077 0.0210 0.0103 
      H547.7  2 0.0235 0.0544 0.0214 0.0089 0.0243 0.7888 0.0169 0.0181 0.0437 
      H547.8  2 0.0126 0.0146 0.0075 0.0051 0.0210 0.9112 0.0081 0.0109 0.0090 
      H548.1  2 0.0069 0.0077 0.0051 0.0049 0.0067 0.0069 0.0086 0.9477 0.0056 
      H548.2  2 0.0067 0.0098 0.0080 0.0076 0.0078 0.0053 0.0073 0.9392 0.0084 
      H548.3  2 0.0065 0.0075 0.0069 0.0070 0.0105 0.0051 0.0080 0.9416 0.0069 
      H548.4  2 0.0131 0.0201 0.0154 0.0393 0.0143 0.0117 0.0388 0.8324 0.0150 
      H548.5  2 0.0064 0.0048 0.0044 0.0072 0.0060 0.0044 0.0058 0.9559 0.0050 
      H548.6  2 0.0057 0.0137 0.0066 0.0055 0.0062 0.0053 0.0084 0.9415 0.0071 
      H548.7  2 0.0064 0.0069 0.0060 0.0075 0.0078 0.0064 0.0094 0.9436 0.0060 
      H548.8  2 0.0061 0.0081 0.0093 0.0105 0.0067 0.0058 0.0077 0.9389 0.0070 
      H548.9  2 0.0124 0.0154 0.0137 0.0104 0.0185 0.0099 0.0135 0.8987 0.0075 
     H7389.1  2 0.0127 0.0060 0.0119 0.0084 0.0071 0.9264 0.0113 0.0083 0.0078 
     H7389.2  2 0.0179 0.0059 0.0157 0.0094 0.0058 0.8990 0.0081 0.0317 0.0065 
     H7389.3  2 0.0193 0.0074 0.0106 0.0074 0.0052 0.9285 0.0067 0.0108 0.0040 
     H7389.4  2 0.0049 0.0076 0.0129 0.0163 0.0101 0.8712 0.0275 0.0413 0.0083 
     H7389.5  2 0.0073 0.0102 0.0222 0.0138 0.0202 0.7979 0.0938 0.0249 0.0097 
     H7389.6  2 0.0084 0.0113 0.0188 0.0248 0.0056 0.3373 0.5822 0.0059 0.0058 
     H7389.7  2 0.0166 0.0072 0.0092 0.0140 0.0066 0.9023 0.0198 0.0194 0.0048 
     H7389.8  2 0.0126 0.0171 0.0730 0.0197 0.0214 0.5660 0.1096 0.1603 0.0203 
     H7389.9  2 0.0063 0.0077 0.0592 0.0410 0.0095 0.7843 0.0589 0.0258 0.0074 
      H747.1  2 0.0685 0.1221 0.0333 0.0212 0.0285 0.0516 0.6397 0.0162 0.0190 
      H747.2  2 0.0076 0.0159 0.0099 0.0066 0.0064 0.0080 0.9270 0.0075 0.0111 
      H747.3  2 0.0197 0.1128 0.0313 0.0099 0.0256 0.0161 0.7513 0.0111 0.0221 
      H747.4  2 0.0209 0.1309 0.0181 0.0143 0.0125 0.0096 0.7622 0.0071 0.0246 
      H747.5  2 0.0104 0.0671 0.0150 0.0063 0.0072 0.0081 0.8531 0.0064 0.0264 
      H747.6  2 0.0145 0.0082 0.0132 0.0077 0.0096 0.0139 0.9108 0.0102 0.0120 
      H747.7  2 0.0147 0.0417 0.0195 0.0068 0.0197 0.0130 0.8630 0.0116 0.0100 
     H7484.1  2 0.0203 0.0195 0.0100 0.5191 0.1712 0.0983 0.1006 0.0092 0.0519 
     H7484.2  2 0.0334 0.0174 0.0285 0.1877 0.5130 0.0165 0.0638 0.0074 0.1323 
     H7484.3  2 0.0593 0.0466 0.0216 0.3728 0.1989 0.0187 0.1034 0.0115 0.1671 
     H7484.4  2 0.0188 0.0183 0.0176 0.3264 0.2154 0.0555 0.1245 0.0058 0.2178 
     H7484.5  2 0.0263 0.0134 0.0514 0.5475 0.0819 0.0153 0.2301 0.0085 0.0256 
     H7484.6  2 0.0449 0.1181 0.0484 0.0598 0.0556 0.0110 0.5348 0.0100 0.1174 
     H7484.7  2 0.0080 0.0351 0.0196 0.2383 0.3240 0.0195 0.0906 0.0061 0.2589 
     H7484.8  2 0.0245 0.0116 0.1132 0.4117 0.0829 0.0748 0.2365 0.0058 0.0390 
     H7485.1  2 0.0085 0.0054 0.0075 0.0075 0.0140 0.0072 0.0067 0.9375 0.0058 
     H7485.2  2 0.0036 0.0035 0.0081 0.0068 0.0083 0.0089 0.0116 0.9440 0.0052 
     H7485.3  2 0.0058 0.0047 0.0042 0.0053 0.0045 0.0052 0.0092 0.9552 0.0059 
     H7485.4  2 0.0044 0.0031 0.0088 0.0062 0.0138 0.0090 0.0140 0.9359 0.0047 
     H7485.5  2 0.0079 0.0067 0.0067 0.0132 0.0162 0.0084 0.0075 0.9258 0.0077 
     H7485.6  2 0.0078 0.0066 0.0073 0.0125 0.0160 0.0084 0.0102 0.9238 0.0073 
     H7485.7  2 0.0077 0.0075 0.0072 0.0080 0.0086 0.0058 0.0068 0.9398 0.0087 
     H7496.1  2 0.0229 0.0179 0.0226 0.0365 0.0104 0.7950 0.0201 0.0052 0.0696 
    H7496.10  2 0.0124 0.0064 0.0137 0.0257 0.0153 0.8928 0.0109 0.0055 0.0173 
    H7496.11  2 0.0232 0.0315 0.0153 0.0780 0.0093 0.0419 0.0477 0.7134 0.0398 
     H7496.2  2 0.0115 0.0175 0.0362 0.0301 0.0183 0.7905 0.0370 0.0061 0.0530 
     H7496.3  2 0.0241 0.0171 0.0476 0.3109 0.0422 0.1545 0.0356 0.0095 0.3585 
     H7496.4  2 0.0169 0.0121 0.0144 0.0164 0.0113 0.8421 0.0244 0.0076 0.0548 
     H7496.5  2 0.0259 0.0313 0.0270 0.0187 0.0074 0.6346 0.0191 0.0075 0.2286 
     H7496.6  2 0.0130 0.0378 0.0205 0.0231 0.0107 0.5012 0.0142 0.0041 0.3755 
     H7496.7  2 0.0066 0.0078 0.0121 0.0228 0.0164 0.8641 0.0195 0.0074 0.0433 
     H7496.8  2 0.0181 0.0058 0.0123 0.0219 0.0197 0.0986 0.0195 0.0118 0.7924 
        UNK4  2 0.0381 0.0175 0.1521 0.0310 0.0317 0.3303 0.2642 0.0617 0.0735 
        UNK5  2 0.0318 0.0068 0.0095 0.0484 0.0475 0.7734 0.0250 0.0494 0.0082 
        UNK6  2 0.0379 0.0104 0.4212 0.0297 0.0160 0.3766 0.0618 0.0289 0.0176 
        UNK7  2 0.0232 0.0060 0.0065 0.0126 0.0104 0.7877 0.0172 0.1255 0.0109 
        UNK8  2 0.0092 0.0070 0.0414 0.0183 0.0407 0.6261 0.0241 0.2048 0.0283 
        UNK9  2 0.0121 0.0120 0.0383 0.1625 0.0127 0.2721 0.3072 0.1550 0.0279 
      H009.1  4 0.0158 0.0394 0.0116 0.0087 0.7317 0.0087 0.0093 0.0057 0.1691 
      H009.2  4 0.0069 0.0989 0.0272 0.0081 0.5349 0.0074 0.0294 0.0055 0.2816 
      H009.3  4 0.0089 0.0247 0.0116 0.0092 0.6969 0.0063 0.0118 0.0056 0.2250 
      H009.4  4 0.0099 0.1489 0.0287 0.0104 0.5275 0.0122 0.0411 0.0091 0.2122 
      H009.5  4 0.0050 0.0139 0.0193 0.0073 0.5978 0.0068 0.0593 0.0278 0.2627 
      H009.6  4 0.0255 0.0170 0.0107 0.0095 0.7405 0.0068 0.0084 0.0055 0.1761 
      H046.4  4 0.0223 0.2331 0.2362 0.2508 0.0718 0.0593 0.0276 0.0339 0.0651 
      H046.8  4 0.3119 0.1927 0.0752 0.0756 0.1423 0.0394 0.0708 0.0356 0.0565 
 H076.1_2002  4 0.9304 0.0120 0.0067 0.0066 0.0090 0.0158 0.0065 0.0083 0.0047 
 H076.1_2003  4 0.9530 0.0087 0.0051 0.0046 0.0059 0.0046 0.0054 0.0065 0.0064 
 H076.1_2004  4 0.9444 0.0078 0.0076 0.0086 0.0054 0.0051 0.0064 0.0064 0.0083 
 H076.2_2002  4 0.9312 0.0115 0.0066 0.0068 0.0085 0.0138 0.0090 0.0085 0.0041 
 H076.2_2003  4 0.9308 0.0074 0.0100 0.0046 0.0104 0.0077 0.0093 0.0097 0.0101 
 H076.2_2004  4 0.7212 0.1189 0.0451 0.0145 0.0183 0.0201 0.0164 0.0094 0.0361 
 H076.3_2002  4 0.0855 0.5089 0.1545 0.0281 0.0317 0.0143 0.0219 0.0076 0.1474 
 H076.3_2003  4 0.9410 0.0088 0.0053 0.0059 0.0079 0.0072 0.0059 0.0110 0.0070 
 H076.3_2004  4 0.9309 0.0059 0.0156 0.0083 0.0060 0.0078 0.0053 0.0100 0.0103 
 H076.4_2002  4 0.5184 0.0467 0.0471 0.0151 0.0498 0.0246 0.0207 0.0142 0.2635 
 H076.4_2003  4 0.8919 0.0293 0.0129 0.0053 0.0113 0.0077 0.0137 0.0084 0.0194 
 H076.4_2004  4 0.3230 0.2720 0.0356 0.0162 0.0614 0.0514 0.0269 0.0099 0.2036 
 H076.5_2002  4 0.8896 0.0248 0.0188 0.0127 0.0132 0.0211 0.0078 0.0065 0.0054 
 H076.5_2003  4 0.8920 0.0114 0.0084 0.0076 0.0145 0.0128 0.0083 0.0328 0.0120 
 H076.5_2004  4 0.6977 0.0208 0.0201 0.0195 0.0438 0.0559 0.0110 0.0139 0.1172 
 H076.6_2002  4 0.9152 0.0092 0.0097 0.0117 0.0156 0.0081 0.0134 0.0084 0.0086 
 H076.6_2003  4 0.9135 0.0094 0.0131 0.0054 0.0119 0.0117 0.0088 0.0178 0.0084 
 H076.6_2004  4 0.8598 0.0233 0.0109 0.0075 0.0163 0.0113 0.0068 0.0093 0.0549 
 H076.7_2002  4 0.0717 0.1696 0.0958 0.0309 0.0923 0.0517 0.0683 0.0143 0.4054 
 H076.7_2003  4 0.8596 0.0530 0.0138 0.0057 0.0079 0.0231 0.0125 0.0123 0.0121 
 H076.7_2004  4 0.7591 0.0944 0.0145 0.0150 0.0320 0.0154 0.0108 0.0141 0.0448 
      H477.1  4 0.0110 0.1171 0.1313 0.0086 0.0079 0.0238 0.6778 0.0098 0.0126 
      H477.2  4 0.0160 0.1708 0.0250 0.0083 0.0137 0.0539 0.6624 0.0054 0.0446 
      H477.3  4 0.0059 0.0862 0.0730 0.0149 0.0070 0.0200 0.7541 0.0151 0.0238 
      H477.4  4 0.0061 0.0784 0.0442 0.0089 0.0100 0.0171 0.8046 0.0190 0.0118 
      H477.5  4 0.0156 0.0975 0.0235 0.0094 0.0204 0.0272 0.7705 0.0134 0.0224 
      H477.6  4 0.0065 0.1673 0.0123 0.0157 0.0102 0.0175 0.7186 0.0156 0.0363 
      H477.7  4 0.0132 0.0380 0.0417 0.0050 0.0077 0.0157 0.8508 0.0141 0.0139 
 H479.1_2005  4 0.0056 0.0648 0.0113 0.3273 0.0356 0.2189 0.2861 0.0080 0.0425 
 H479.1_2006  4 0.2340 0.5198 0.0141 0.0950 0.0196 0.0118 0.0313 0.0620 0.0124 
     H479.10  4 0.0354 0.0752 0.0115 0.3623 0.0171 0.0152 0.4348 0.0119 0.0365 
 H479.2_2005  4 0.0432 0.0161 0.0298 0.2638 0.1140 0.0584 0.0588 0.0220 0.3940 
 H479.2_2006  4 0.0077 0.6587 0.0317 0.1662 0.0112 0.0621 0.0274 0.0192 0.0158 
 H479.3_2005  4 0.0262 0.1462 0.0259 0.1552 0.0104 0.0676 0.5341 0.0056 0.0288 
 H479.3_2006  4 0.0368 0.3966 0.0142 0.0526 0.0193 0.1291 0.3210 0.0061 0.0244 
 H479.4_2005  4 0.0161 0.0580 0.0111 0.0404 0.0145 0.0305 0.7613 0.0073 0.0607 
 H479.4_2006  4 0.0155 0.0971 0.0141 0.3679 0.0143 0.0776 0.3694 0.0072 0.0369 
 H479.5_2005  4 0.0529 0.0259 0.0224 0.5291 0.0291 0.0359 0.0419 0.0134 0.2495 
 H479.5_2006  4 0.0103 0.4136 0.0056 0.1216 0.0107 0.0898 0.3307 0.0057 0.0120 
 H479.6_2005  4 0.1669 0.0808 0.0214 0.0538 0.0107 0.0348 0.3639 0.0298 0.2380 
 H479.6_2006  4 0.0086 0.0292 0.0084 0.5459 0.0118 0.1024 0.2752 0.0106 0.0079 
 H479.7_2005  4 0.0316 0.0361 0.0615 0.0613 0.0199 0.3716 0.3541 0.0196 0.0443 
 H479.7_2006  4 0.0180 0.2163 0.0085 0.1020 0.0155 0.1231 0.4854 0.0180 0.0132 
 H479.8_2005  4 0.0119 0.0186 0.0321 0.0940 0.0086 0.5811 0.2196 0.0094 0.0246 
 H479.8_2006  4 0.1205 0.1955 0.0084 0.1023 0.0114 0.0073 0.3639 0.0382 0.1526 
      H479.9  4 0.0587 0.7950 0.0074 0.0415 0.0082 0.0083 0.0435 0.0046 0.0328 
      H516.1  4 0.0530 0.5134 0.0529 0.0140 0.2866 0.0162 0.0270 0.0124 0.0245 
      H516.2  4 0.0092 0.8162 0.0117 0.0127 0.0284 0.0076 0.0544 0.0073 0.0526 
      H516.3  4 0.0096 0.1064 0.0140 0.0074 0.0187 0.0071 0.0235 0.0055 0.8077 
      H516.4  4 0.0149 0.2724 0.0134 0.0124 0.0189 0.0063 0.0436 0.0103 0.6078 
      H516.5  4 0.0164 0.7888 0.0297 0.0083 0.0824 0.0110 0.0119 0.0401 0.0115 
      H516.6  4 0.0060 0.8933 0.0115 0.0069 0.0112 0.0049 0.0125 0.0090 0.0447 
      H516.7  4 0.0149 0.8198 0.0878 0.0130 0.0084 0.0094 0.0280 0.0058 0.0129 
      H516.8  4 0.0144 0.7135 0.0177 0.0125 0.1741 0.0067 0.0237 0.0089 0.0286 
      H516.9  4 0.0131 0.8490 0.0281 0.0158 0.0219 0.0120 0.0390 0.0047 0.0163 
      H646.1  4 0.0725 0.5293 0.0328 0.0103 0.0659 0.0159 0.0260 0.0042 0.2432 
      H646.2  4 0.1468 0.6281 0.0123 0.0052 0.1215 0.0163 0.0305 0.0045 0.0347 
      H646.3  4 0.0245 0.5838 0.0104 0.0094 0.1881 0.0067 0.0203 0.0046 0.1521 
      H646.4  4 0.2649 0.5632 0.0473 0.0083 0.0360 0.0333 0.0280 0.0094 0.0095 
      H646.5  4 0.0294 0.8869 0.0071 0.0109 0.0291 0.0104 0.0100 0.0049 0.0114 
      H658.1  4 0.0223 0.8552 0.0132 0.0078 0.0229 0.0069 0.0082 0.0518 0.0117 
     H658.10  4 0.0049 0.9451 0.0064 0.0059 0.0074 0.0080 0.0092 0.0059 0.0071 
      H658.2  4 0.0429 0.8367 0.0322 0.0077 0.0190 0.0061 0.0130 0.0319 0.0104 
      H658.3  4 0.0153 0.8969 0.0116 0.0125 0.0104 0.0173 0.0124 0.0133 0.0104 
      H658.4  4 0.0078 0.8849 0.0113 0.0159 0.0189 0.0124 0.0225 0.0058 0.0204 
      H658.5  4 0.0045 0.9516 0.0067 0.0070 0.0045 0.0083 0.0067 0.0032 0.0074 
      H658.6  4 0.0168 0.8681 0.0272 0.0106 0.0199 0.0060 0.0132 0.0092 0.0290 
      H658.7  4 0.0419 0.8291 0.0191 0.0141 0.0305 0.0067 0.0160 0.0147 0.0279 
      H658.8  4 0.0612 0.7757 0.0156 0.0060 0.0541 0.0073 0.0108 0.0366 0.0327 
      H658.9  4 0.0293 0.8841 0.0168 0.0108 0.0199 0.0056 0.0099 0.0115 0.0121 
      H682.1  4 0.0575 0.0428 0.1390 0.2521 0.0493 0.0426 0.2056 0.0090 0.2021 
      H682.6  4 0.0791 0.1519 0.0507 0.1758 0.2072 0.0595 0.0389 0.0152 0.2216 
      H720.1  4 0.1797 0.2149 0.0578 0.0362 0.0183 0.1529 0.3154 0.0069 0.0180 
      H720.2  4 0.0966 0.4027 0.0224 0.0246 0.0287 0.1356 0.2653 0.0063 0.0177 
      H720.3  4 0.2476 0.0219 0.0774 0.0596 0.0160 0.0145 0.5129 0.0069 0.0433 
      H720.4  4 0.0510 0.3352 0.0535 0.0552 0.0179 0.0282 0.3061 0.0166 0.1362 
      H720.5  4 0.1284 0.0176 0.0241 0.0411 0.0250 0.0174 0.6843 0.0283 0.0339 
      H720.6  4 0.1009 0.0118 0.0288 0.0414 0.0220 0.0207 0.7250 0.0190 0.0305 
      H720.7  4 0.0176 0.1149 0.0648 0.0233 0.0249 0.0996 0.6395 0.0053 0.0101 
      H720.8  4 0.2184 0.0245 0.0662 0.1877 0.0386 0.0441 0.3988 0.0063 0.0154 
      H720.9  4 0.0096 0.0063 0.0061 0.0205 0.0114 0.0073 0.0102 0.0049 0.9237 
      H724.1  4 0.8277 0.0097 0.0218 0.0176 0.0226 0.0120 0.0155 0.0157 0.0575 
      H724.2  4 0.7892 0.0250 0.0302 0.0286 0.0230 0.0352 0.0287 0.0207 0.0195 
