      H008.1  2 0.0054 0.0054 0.0073 0.0058 0.1127 0.7754 0.0097 0.0114 0.0057 0.0047 0.0052 0.0109 0.0049 0.0035 0.0043 0.0058 0.0045 0.0058 0.0051 0.0064 
      H008.2  2 0.0048 0.0041 0.0075 0.0049 0.0069 0.8763 0.0042 0.0133 0.0056 0.0100 0.0044 0.0103 0.0070 0.0059 0.0054 0.0078 0.0038 0.0062 0.0067 0.0049 
      H008.3  2 0.0063 0.0052 0.0066 0.0041 0.0065 0.8307 0.0102 0.0207 0.0069 0.0093 0.0073 0.0217 0.0114 0.0067 0.0068 0.0091 0.0071 0.0061 0.0088 0.0086 
      H008.4  2 0.0081 0.0067 0.0048 0.0042 0.0143 0.8558 0.0047 0.0125 0.0078 0.0133 0.0041 0.0051 0.0068 0.0139 0.0070 0.0049 0.0057 0.0071 0.0089 0.0043 
      H008.5  2 0.0051 0.0054 0.0037 0.0041 0.0396 0.8533 0.0060 0.0101 0.0072 0.0063 0.0040 0.0113 0.0060 0.0061 0.0055 0.0044 0.0034 0.0076 0.0060 0.0050 
      H008.6  2 0.0072 0.0065 0.0072 0.0047 0.0094 0.8436 0.0042 0.0164 0.0087 0.0300 0.0042 0.0091 0.0035 0.0087 0.0052 0.0070 0.0039 0.0082 0.0073 0.0051 
      H008.7  2 0.0069 0.0057 0.0060 0.0048 0.0118 0.8278 0.0046 0.0247 0.0120 0.0168 0.0040 0.0069 0.0152 0.0115 0.0054 0.0064 0.0068 0.0044 0.0125 0.0059 
      H008.8  2 0.0074 0.0093 0.0246 0.0099 0.0132 0.7510 0.0090 0.0087 0.0044 0.0148 0.0078 0.0082 0.0113 0.0051 0.0101 0.0835 0.0054 0.0052 0.0070 0.0041 
      H008.9  2 0.0092 0.0100 0.0445 0.0063 0.0075 0.5019 0.0062 0.0897 0.0118 0.1488 0.0080 0.0139 0.0116 0.0399 0.0105 0.0441 0.0079 0.0093 0.0110 0.0080 
 H029.1_2002  2 0.0309 0.0672 0.0319 0.0103 0.6597 0.0119 0.0044 0.0065 0.0573 0.0189 0.0083 0.0059 0.0092 0.0172 0.0048 0.0236 0.0049 0.0057 0.0125 0.0089 
 H029.1_2003  2 0.0110 0.0092 0.0248 0.0110 0.1068 0.0497 0.0074 0.0101 0.5066 0.0439 0.0155 0.0227 0.0064 0.0122 0.0081 0.0431 0.0056 0.0156 0.0737 0.0165 
 H029.2_2002  2 0.0063 0.0149 0.0038 0.0110 0.5758 0.0270 0.0059 0.0116 0.0704 0.0160 0.0209 0.0358 0.0349 0.0357 0.0134 0.0064 0.0051 0.0063 0.0914 0.0075 
 H029.2_2003  2 0.0066 0.0091 0.0073 0.0213 0.2177 0.0457 0.0075 0.0102 0.3665 0.0348 0.0402 0.0941 0.0078 0.0197 0.0236 0.0104 0.0043 0.0160 0.0326 0.0247 
 H029.3_2002  2 0.0110 0.0075 0.0072 0.0249 0.3754 0.0440 0.0203 0.0069 0.0828 0.0162 0.0425 0.0266 0.0501 0.1250 0.0138 0.0295 0.0052 0.0223 0.0652 0.0238 
 H029.3_2003  2 0.0060 0.0053 0.0046 0.0198 0.4923 0.0109 0.0068 0.0254 0.3181 0.0074 0.0062 0.0146 0.0045 0.0070 0.0053 0.0085 0.0041 0.0089 0.0261 0.0182 
 H029.4_2002  2 0.0078 0.0072 0.0037 0.0171 0.8180 0.0073 0.0105 0.0054 0.0457 0.0047 0.0037 0.0050 0.0102 0.0117 0.0044 0.0076 0.0049 0.0056 0.0114 0.0083 
 H029.4_2003  2 0.0103 0.0313 0.0175 0.1451 0.1984 0.0277 0.0378 0.0124 0.3632 0.0084 0.0097 0.0149 0.0063 0.0199 0.0124 0.0243 0.0034 0.0136 0.0262 0.0173 
 H029.5_2002  2 0.0110 0.0233 0.0064 0.0076 0.7856 0.0056 0.0044 0.0118 0.0632 0.0062 0.0054 0.0065 0.0095 0.0050 0.0038 0.0088 0.0068 0.0069 0.0170 0.0051 
 H029.5_2003  2 0.0072 0.0097 0.0099 0.0216 0.4607 0.0212 0.0149 0.0145 0.3188 0.0173 0.0059 0.0199 0.0041 0.0110 0.0046 0.0236 0.0039 0.0056 0.0175 0.0084 
 H029.6_2002  2 0.0063 0.0059 0.0053 0.0131 0.4512 0.0108 0.0073 0.0046 0.3629 0.0065 0.0048 0.0053 0.0123 0.0319 0.0064 0.0254 0.0065 0.0082 0.0137 0.0115 
 H029.6_2003  2 0.0061 0.0260 0.0137 0.0743 0.5077 0.0065 0.0170 0.0137 0.0321 0.0147 0.0211 0.0728 0.0078 0.0074 0.0096 0.0119 0.0095 0.0172 0.1045 0.0265 
      H029.7  2 0.0055 0.0148 0.0048 0.0149 0.7607 0.0133 0.0092 0.0054 0.0348 0.0116 0.0131 0.0186 0.0148 0.0267 0.0176 0.0037 0.0037 0.0036 0.0164 0.0067 
      H030.1  2 0.0063 0.0293 0.0093 0.0473 0.0321 0.0056 0.0111 0.0502 0.1595 0.0174 0.0412 0.0287 0.0141 0.0050 0.0107 0.0126 0.0311 0.4258 0.0114 0.0514 
      H030.2  2 0.2197 0.0127 0.0083 0.0197 0.0560 0.0242 0.0225 0.0275 0.0288 0.0053 0.0100 0.0107 0.1271 0.0730 0.0046 0.0054 0.0294 0.2978 0.0058 0.0113 
      H038.1  2 0.0064 0.0048 0.0121 0.0143 0.8409 0.0121 0.0065 0.0041 0.0077 0.0066 0.0072 0.0055 0.0036 0.0308 0.0073 0.0088 0.0036 0.0063 0.0072 0.0043 
      H038.2  2 0.0072 0.0119 0.0035 0.0048 0.8844 0.0040 0.0061 0.0050 0.0063 0.0028 0.0075 0.0079 0.0063 0.0053 0.0033 0.0046 0.0139 0.0064 0.0039 0.0050 
      H038.3  2 0.0252 0.0127 0.0082 0.0123 0.7794 0.0057 0.0142 0.0161 0.0042 0.0097 0.0215 0.0073 0.0075 0.0313 0.0044 0.0055 0.0105 0.0148 0.0048 0.0048 
      H038.4  2 0.0103 0.0079 0.0049 0.0117 0.8312 0.0054 0.0086 0.0090 0.0046 0.0102 0.0126 0.0042 0.0063 0.0274 0.0031 0.0088 0.0176 0.0053 0.0052 0.0056 
      H038.5  2 0.0039 0.0058 0.0053 0.0259 0.8113 0.0042 0.0161 0.0063 0.0087 0.0082 0.0042 0.0080 0.0072 0.0266 0.0037 0.0159 0.0084 0.0122 0.0092 0.0089 
      H038.6  2 0.0066 0.0066 0.0060 0.0102 0.8593 0.0080 0.0072 0.0062 0.0075 0.0047 0.0068 0.0128 0.0042 0.0124 0.0040 0.0053 0.0032 0.0135 0.0068 0.0086 
      H038.7  2 0.0147 0.0065 0.0044 0.0161 0.8589 0.0045 0.0077 0.0074 0.0055 0.0041 0.0205 0.0070 0.0030 0.0081 0.0030 0.0054 0.0043 0.0065 0.0038 0.0086 
      H038.8  2 0.0133 0.0081 0.0033 0.0085 0.8001 0.0055 0.0100 0.0060 0.0041 0.0058 0.0099 0.0052 0.0079 0.0743 0.0033 0.0042 0.0113 0.0086 0.0048 0.0058 
      H041.1  2 0.0134 0.0316 0.0064 0.3268 0.0996 0.0227 0.0084 0.0875 0.1627 0.0254 0.0158 0.0085 0.0872 0.0317 0.0143 0.0029 0.0207 0.0061 0.0210 0.0075 
      H041.2  2 0.0292 0.1352 0.0147 0.0125 0.0463 0.0137 0.0057 0.1151 0.5004 0.0097 0.0106 0.0080 0.0060 0.0242 0.0062 0.0058 0.0068 0.0096 0.0350 0.0053 
      H041.4  2 0.0111 0.0328 0.0226 0.0406 0.2909 0.0375 0.0060 0.0398 0.2757 0.0250 0.0118 0.0081 0.0131 0.0213 0.0199 0.0141 0.0134 0.0091 0.0997 0.0077 
      H041.6  2 0.0340 0.0399 0.0422 0.0297 0.1938 0.0384 0.0132 0.0360 0.3286 0.0155 0.0236 0.0083 0.0174 0.0181 0.0443 0.0142 0.0135 0.0113 0.0726 0.0055 
 H042.1_2002  2 0.0239 0.0299 0.0208 0.0108 0.0060 0.0714 0.0754 0.0066 0.6136 0.0209 0.0066 0.0186 0.0078 0.0137 0.0097 0.0045 0.0387 0.0082 0.0072 0.0057 
 H042.1_2003  2 0.0392 0.0449 0.0680 0.0111 0.0421 0.1958 0.0177 0.2053 0.0467 0.0166 0.0575 0.0491 0.0157 0.0824 0.0129 0.0138 0.0167 0.0349 0.0147 0.0146 
 H042.2_2002  2 0.0792 0.0063 0.0056 0.0153 0.1976 0.0374 0.0254 0.0077 0.4227 0.0251 0.0054 0.0109 0.0062 0.0293 0.0098 0.0043 0.0098 0.0052 0.0472 0.0498 
 H042.2_2003  2 0.0195 0.4620 0.0230 0.0084 0.0992 0.0725 0.0092 0.0224 0.1754 0.0103 0.0081 0.0148 0.0038 0.0053 0.0088 0.0078 0.0126 0.0111 0.0203 0.0057 
 H042.3_2002  2 0.1048 0.0101 0.0107 0.0132 0.0076 0.0360 0.3250 0.0132 0.3327 0.0199 0.0083 0.0173 0.0053 0.0157 0.0108 0.0034 0.0227 0.0082 0.0207 0.0144 
 H042.3_2003  2 0.0596 0.0608 0.0146 0.0705 0.0406 0.0562 0.3686 0.0271 0.0759 0.0130 0.0057 0.0637 0.0253 0.0289 0.0109 0.0045 0.0127 0.0154 0.0290 0.0170 
 H042.4_2002  2 0.0064 0.0234 0.0121 0.0256 0.0213 0.0115 0.0073 0.0073 0.7648 0.0153 0.0071 0.0106 0.0059 0.0153 0.0052 0.0055 0.0239 0.0098 0.0132 0.0082 
 H042.4_2003  2 0.0058 0.1835 0.0145 0.0943 0.0800 0.0097 0.0067 0.0102 0.4554 0.0106 0.0197 0.0102 0.0259 0.0072 0.0182 0.0041 0.0158 0.0063 0.0153 0.0065 
      H042.5  2 0.0053 0.0362 0.0062 0.0093 0.0070 0.0124 0.0063 0.0078 0.8327 0.0062 0.0066 0.0149 0.0037 0.0031 0.0090 0.0039 0.0118 0.0042 0.0092 0.0044 
      H042.6  2 0.0100 0.0165 0.0097 0.0609 0.0187 0.0401 0.0242 0.0049 0.6825 0.0201 0.0152 0.0081 0.0074 0.0089 0.0362 0.0046 0.0116 0.0050 0.0082 0.0071 
      H042.7  2 0.1038 0.0354 0.0196 0.0357 0.0376 0.0217 0.0695 0.0138 0.3666 0.0112 0.0288 0.0126 0.0075 0.0047 0.0106 0.0095 0.0912 0.0063 0.1077 0.0065 
      H042.8  2 0.0533 0.0122 0.0125 0.0094 0.0078 0.0625 0.0137 0.0157 0.6700 0.0168 0.0051 0.0310 0.0034 0.0177 0.0167 0.0048 0.0133 0.0039 0.0237 0.0065 
   H042_2002  2 0.1788 0.0731 0.0213 0.0519 0.0489 0.3431 0.0173 0.0357 0.0282 0.0148 0.0385 0.0220 0.0044 0.0239 0.0331 0.0091 0.0094 0.0081 0.0288 0.0097 
   H042_2003  2 0.1712 0.0606 0.0195 0.0521 0.0330 0.3782 0.0134 0.0205 0.0432 0.0144 0.0296 0.0214 0.0043 0.0246 0.0440 0.0102 0.0087 0.0095 0.0300 0.0115 
      H043.1  2 0.0051 0.0044 0.0038 0.8831 0.0068 0.0074 0.0103 0.0083 0.0044 0.0038 0.0072 0.0071 0.0057 0.0098 0.0055 0.0055 0.0045 0.0073 0.0034 0.0064 
      H043.2  2 0.0054 0.0053 0.0211 0.6696 0.0231 0.0280 0.0247 0.0105 0.0042 0.0187 0.0563 0.0106 0.0033 0.0419 0.0380 0.0168 0.0040 0.0046 0.0078 0.0060 
      H043.3  2 0.0154 0.0099 0.0077 0.7988 0.0378 0.0167 0.0195 0.0059 0.0057 0.0086 0.0142 0.0072 0.0034 0.0126 0.0110 0.0071 0.0041 0.0053 0.0037 0.0054 
      H043.4  2 0.0077 0.0081 0.0095 0.8073 0.0109 0.0121 0.0129 0.0062 0.0038 0.0073 0.0292 0.0056 0.0043 0.0187 0.0322 0.0036 0.0046 0.0052 0.0037 0.0071 
      H043.5  2 0.0105 0.0073 0.0166 0.6710 0.0202 0.0178 0.0748 0.0167 0.0047 0.0176 0.0111 0.0067 0.0043 0.0773 0.0064 0.0149 0.0046 0.0052 0.0070 0.0053 
      H043.6  2 0.0099 0.0058 0.0146 0.7919 0.0383 0.0096 0.0226 0.0038 0.0062 0.0138 0.0083 0.0047 0.0031 0.0325 0.0063 0.0063 0.0040 0.0071 0.0067 0.0043 
      H043.7  2 0.0095 0.0066 0.0180 0.7776 0.0118 0.0059 0.0072 0.0098 0.0042 0.0115 0.0576 0.0045 0.0031 0.0165 0.0363 0.0031 0.0043 0.0043 0.0043 0.0038 
      H043.8  2 0.0083 0.0047 0.0095 0.8304 0.0079 0.0075 0.0338 0.0090 0.0036 0.0056 0.0153 0.0040 0.0061 0.0073 0.0102 0.0128 0.0056 0.0074 0.0035 0.0074 
      H043.9  2 0.0052 0.0046 0.0046 0.8945 0.0113 0.0076 0.0053 0.0039 0.0057 0.0052 0.0085 0.0044 0.0050 0.0055 0.0068 0.0045 0.0033 0.0052 0.0037 0.0053 
      H047.1  2 0.0348 0.0142 0.0131 0.0049 0.4010 0.0510 0.0271 0.3843 0.0070 0.0060 0.0080 0.0081 0.0045 0.0070 0.0070 0.0038 0.0039 0.0070 0.0045 0.0028 
      H047.2  2 0.0078 0.0124 0.0154 0.0123 0.1688 0.0092 0.0042 0.6250 0.0074 0.0173 0.0265 0.0144 0.0215 0.0045 0.0055 0.0067 0.0127 0.0062 0.0093 0.0128 
      H047.3  2 0.0331 0.0172 0.0099 0.0142 0.1276 0.0244 0.0057 0.5700 0.0168 0.0332 0.0142 0.0169 0.0250 0.0043 0.0133 0.0055 0.0174 0.0061 0.0178 0.0276 
      H047.4  2 0.0378 0.0272 0.0174 0.0195 0.1631 0.0216 0.0047 0.5408 0.0291 0.0125 0.0459 0.0095 0.0067 0.0042 0.0076 0.0079 0.0132 0.0074 0.0160 0.0079 
      H047.5  2 0.0722 0.0117 0.0086 0.0209 0.1997 0.0390 0.0096 0.4331 0.0065 0.0578 0.0199 0.0087 0.0053 0.0033 0.0347 0.0043 0.0171 0.0073 0.0216 0.0186 
      H047.6  2 0.0201 0.0103 0.0082 0.0088 0.0270 0.0051 0.0032 0.8144 0.0230 0.0119 0.0103 0.0059 0.0064 0.0036 0.0075 0.0045 0.0073 0.0046 0.0109 0.0068 
      H047.7  2 0.0932 0.0261 0.0070 0.0048 0.3843 0.0202 0.0207 0.3596 0.0075 0.0059 0.0063 0.0088 0.0102 0.0129 0.0053 0.0030 0.0090 0.0053 0.0060 0.0039 
      H047.8  2 0.0345 0.0191 0.0105 0.0067 0.0657 0.0203 0.0081 0.7123 0.0254 0.0056 0.0179 0.0162 0.0083 0.0047 0.0129 0.0051 0.0069 0.0051 0.0085 0.0062 
      H047.9  2 0.0827 0.0341 0.0070 0.0102 0.3585 0.0565 0.0254 0.2345 0.0069 0.0322 0.0140 0.0208 0.0056 0.0041 0.0351 0.0038 0.0335 0.0084 0.0205 0.0059 
 H071.1_2002  2 0.0074 0.0065 0.0049 0.0136 0.8774 0.0069 0.0095 0.0034 0.0050 0.0075 0.0081 0.0075 0.0033 0.0046 0.0089 0.0034 0.0043 0.0072 0.0057 0.0048 
 H071.1_2003  2 0.0093 0.0124 0.0222 0.0698 0.5480 0.0206 0.0068 0.0108 0.0092 0.0191 0.0778 0.0138 0.0042 0.0098 0.0707 0.0042 0.0056 0.0635 0.0155 0.0066 
     H071.10  2 0.0085 0.0038 0.0043 0.0096 0.8646 0.0049 0.0326 0.0030 0.0051 0.0038 0.0042 0.0038 0.0065 0.0065 0.0046 0.0057 0.0061 0.0141 0.0039 0.0042 
 H071.2_2002  2 0.0064 0.0057 0.0227 0.0104 0.8253 0.0125 0.0112 0.0068 0.0050 0.0148 0.0062 0.0084 0.0028 0.0070 0.0138 0.0151 0.0042 0.0053 0.0108 0.0056 
 H071.2_2003  2 0.0045 0.0062 0.0049 0.0051 0.9085 0.0099 0.0040 0.0036 0.0051 0.0046 0.0049 0.0051 0.0040 0.0033 0.0064 0.0040 0.0031 0.0052 0.0037 0.0039 
      H071.3  2 0.0144 0.0067 0.0047 0.0144 0.7970 0.0130 0.0167 0.0158 0.0059 0.0056 0.0119 0.0041 0.0078 0.0091 0.0046 0.0081 0.0081 0.0424 0.0043 0.0054 
 H071.4_2002  2 0.0069 0.0039 0.0081 0.0233 0.8108 0.0055 0.0408 0.0043 0.0057 0.0073 0.0074 0.0048 0.0064 0.0117 0.0067 0.0104 0.0105 0.0136 0.0061 0.0059 
 H071.4_2003  2 0.0056 0.0067 0.0034 0.0047 0.8904 0.0093 0.0148 0.0067 0.0036 0.0031 0.0053 0.0050 0.0032 0.0027 0.0053 0.0061 0.0061 0.0102 0.0026 0.0054 
 H071.5_2002  2 0.0058 0.0041 0.0032 0.0056 0.9061 0.0054 0.0120 0.0028 0.0049 0.0036 0.0046 0.0045 0.0054 0.0046 0.0051 0.0038 0.0053 0.0063 0.0031 0.0039 
 H071.5_2003  2 0.0154 0.0192 0.0073 0.0162 0.7708 0.0162 0.0305 0.0097 0.0048 0.0131 0.0187 0.0095 0.0041 0.0035 0.0064 0.0064 0.0079 0.0249 0.0047 0.0107 
 H071.6_2002  2 0.0126 0.0041 0.0053 0.0075 0.8288 0.0110 0.0540 0.0045 0.0039 0.0055 0.0072 0.0041 0.0026 0.0044 0.0078 0.0130 0.0051 0.0076 0.0043 0.0065 
 H071.6_2003  2 0.0105 0.0145 0.0047 0.0159 0.8320 0.0099 0.0124 0.0050 0.0047 0.0079 0.0132 0.0048 0.0037 0.0036 0.0048 0.0055 0.0054 0.0312 0.0032 0.0071 
 H071.7_2002  2 0.0109 0.0064 0.0049 0.0065 0.8891 0.0119 0.0078 0.0059 0.0039 0.0068 0.0076 0.0040 0.0030 0.0042 0.0064 0.0057 0.0035 0.0042 0.0032 0.0041 
 H071.7_2003  2 0.0084 0.0152 0.0053 0.0209 0.8139 0.0085 0.0220 0.0048 0.0050 0.0082 0.0118 0.0091 0.0037 0.0038 0.0069 0.0037 0.0098 0.0257 0.0047 0.0083 
      H071.8  2 0.0055 0.0060 0.0154 0.0083 0.8387 0.0178 0.0072 0.0069 0.0062 0.0120 0.0076 0.0054 0.0040 0.0055 0.0125 0.0187 0.0037 0.0052 0.0083 0.0049 
      H071.9  2 0.0161 0.0069 0.0135 0.1816 0.5257 0.0097 0.0417 0.0073 0.0178 0.0199 0.0096 0.0052 0.0064 0.0127 0.0126 0.0580 0.0108 0.0170 0.0157 0.0117 
 H081.1_2002  2 0.0056 0.0069 0.0086 0.0040 0.8666 0.0129 0.0052 0.0040 0.0070 0.0088 0.0070 0.0054 0.0086 0.0043 0.0152 0.0048 0.0069 0.0049 0.0078 0.0056 
 H081.1_2003  2 0.0211 0.0227 0.0371 0.0230 0.0308 0.1312 0.0073 0.0127 0.0698 0.0157 0.1270 0.0152 0.0140 0.2343 0.0126 0.0196 0.0159 0.0707 0.0282 0.0910 
 H081.2_2002  2 0.0057 0.0083 0.0091 0.0086 0.7782 0.0128 0.0041 0.0053 0.0053 0.0095 0.0095 0.0044 0.0087 0.0049 0.0951 0.0036 0.0058 0.0053 0.0099 0.0058 
 H081.2_2003  2 0.0065 0.0095 0.0130 0.0216 0.0220 0.0876 0.0180 0.0076 0.0178 0.0111 0.0129 0.0108 0.0241 0.0060 0.0443 0.0289 0.0083 0.6336 0.0065 0.0098 
 H081.3_2002  2 0.0043 0.0071 0.0141 0.0109 0.8058 0.0189 0.0070 0.0147 0.0084 0.0122 0.0107 0.0050 0.0067 0.0068 0.0239 0.0146 0.0087 0.0101 0.0062 0.0040 
 H081.3_2003  2 0.0081 0.0132 0.0357 0.3327 0.0135 0.0317 0.0195 0.0089 0.0201 0.0163 0.0131 0.0158 0.0129 0.0108 0.0230 0.0564 0.0155 0.3235 0.0143 0.0149 
 H081.4_2002  2 0.0065 0.0063 0.0056 0.0063 0.8714 0.0079 0.0131 0.0074 0.0075 0.0051 0.0065 0.0087 0.0052 0.0036 0.0053 0.0057 0.0069 0.0111 0.0046 0.0054 
 H081.4_2003  2 0.0075 0.0175 0.0574 0.0412 0.0224 0.0263 0.0180 0.0057 0.1733 0.0572 0.0630 0.0273 0.0129 0.0162 0.0297 0.0234 0.0260 0.2913 0.0247 0.0589 
 H081.5_2002  2 0.0079 0.0075 0.0077 0.0064 0.8604 0.0113 0.0056 0.0094 0.0118 0.0071 0.0100 0.0055 0.0049 0.0053 0.0075 0.0081 0.0043 0.0098 0.0044 0.0050 
 H081.5_2003  2 0.0280 0.0270 0.0637 0.0338 0.0450 0.0366 0.0110 0.0155 0.0506 0.0800 0.2673 0.0130 0.0154 0.0218 0.0696 0.0126 0.0206 0.0935 0.0292 0.0657 
      H081.6  2 0.0092 0.0062 0.0090 0.0041 0.8605 0.0172 0.0075 0.0043 0.0057 0.0068 0.0086 0.0069 0.0045 0.0048 0.0105 0.0044 0.0053 0.0072 0.0066 0.0105 
      H081.7  2 0.0051 0.0066 0.0088 0.0098 0.7949 0.0087 0.0064 0.0061 0.0051 0.0077 0.0140 0.0039 0.0054 0.0047 0.0727 0.0077 0.0108 0.0097 0.0046 0.0070 
      H081.8  2 0.0095 0.0056 0.0155 0.0115 0.7528 0.0119 0.0186 0.0074 0.0098 0.0107 0.0076 0.0055 0.0156 0.0110 0.0084 0.0305 0.0112 0.0414 0.0085 0.0071 
      H083.1  2 0.0165 0.0046 0.0031 0.0080 0.8077 0.0077 0.0092 0.0081 0.0160 0.0084 0.0118 0.0101 0.0232 0.0110 0.0082 0.0073 0.0052 0.0087 0.0158 0.0094 
      H083.2  2 0.0085 0.0069 0.0107 0.0521 0.7570 0.0078 0.0069 0.0311 0.0081 0.0099 0.0148 0.0091 0.0201 0.0081 0.0112 0.0059 0.0102 0.0050 0.0064 0.0100 
      H083.4  2 0.0090 0.0038 0.0067 0.0208 0.6942 0.0209 0.0141 0.0102 0.0067 0.0059 0.0109 0.0046 0.0808 0.0112 0.0103 0.0522 0.0138 0.0060 0.0062 0.0115 
      H083.5  2 0.0064 0.0068 0.0051 0.0077 0.6831 0.0149 0.0058 0.0126 0.0310 0.0210 0.0131 0.0085 0.0778 0.0261 0.0095 0.0106 0.0064 0.0064 0.0413 0.0058 
      H083.6  2 0.0072 0.0034 0.0068 0.0060 0.6645 0.0143 0.0102 0.0039 0.0143 0.0133 0.0103 0.0086 0.1153 0.0079 0.0123 0.0171 0.0100 0.0103 0.0489 0.0155 
      H083.7  2 0.0054 0.0038 0.0080 0.0074 0.5818 0.0194 0.0134 0.0097 0.0057 0.0089 0.0092 0.0054 0.2104 0.0081 0.0123 0.0321 0.0367 0.0049 0.0100 0.0073 
      H083.8  2 0.0076 0.0060 0.0097 0.0273 0.7650 0.0080 0.0057 0.0340 0.0079 0.0106 0.0160 0.0085 0.0243 0.0066 0.0144 0.0073 0.0161 0.0041 0.0080 0.0129 
      H083.9  2 0.0094 0.0066 0.0032 0.0042 0.6955 0.0106 0.0055 0.0098 0.0200 0.0126 0.0077 0.0062 0.1362 0.0079 0.0076 0.0078 0.0060 0.0063 0.0291 0.0078 
      H084.1  2 0.0114 0.0061 0.0044 0.0273 0.0101 0.0100 0.0063 0.0137 0.0191 0.0116 0.0094 0.0110 0.0062 0.0667 0.0074 0.0081 0.0100 0.6989 0.0249 0.0375 
      H084.2  2 0.0056 0.0075 0.0058 0.1255 0.0069 0.0068 0.0131 0.0056 0.0412 0.0060 0.0123 0.0079 0.0051 0.0728 0.0041 0.0093 0.0048 0.6015 0.0055 0.0528 
      H084.3  2 0.0481 0.0381 0.0053 0.0135 0.0082 0.0061 0.0063 0.0086 0.0232 0.0069 0.0235 0.0243 0.0108 0.2109 0.0066 0.0062 0.0640 0.4020 0.0442 0.0434 
      H084.4  2 0.0195 0.0503 0.0088 0.0194 0.0090 0.0181 0.0069 0.0286 0.0422 0.0053 0.0544 0.0093 0.0043 0.2149 0.0039 0.0141 0.0188 0.4023 0.0229 0.0471 
      H084.5  2 0.2096 0.0120 0.0047 0.0063 0.0051 0.0064 0.0055 0.0221 0.0082 0.0082 0.0177 0.0106 0.0058 0.0231 0.0096 0.0056 0.0147 0.5504 0.0512 0.0232 
      H084.6  2 0.0471 0.0106 0.0054 0.0073 0.0059 0.0064 0.0054 0.0221 0.0062 0.0070 0.0128 0.0073 0.0367 0.0620 0.0091 0.0105 0.0516 0.6480 0.0262 0.0124 
      H084.7  2 0.0058 0.0099 0.0052 0.0232 0.0068 0.0092 0.0127 0.0070 0.0396 0.0067 0.0066 0.0079 0.0052 0.0135 0.0070 0.0083 0.0087 0.7568 0.0101 0.0498 
      H084.8  2 0.0274 0.0133 0.0045 0.0065 0.0048 0.0059 0.0039 0.0305 0.0125 0.0064 0.0136 0.0118 0.0064 0.0520 0.0081 0.0064 0.0336 0.6439 0.0904 0.0181 
 H085.1_2002  2 0.0108 0.0061 0.0078 0.0387 0.0272 0.0152 0.0054 0.0049 0.0225 0.0092 0.0073 0.0054 0.0105 0.0135 0.7786 0.0053 0.0053 0.0094 0.0063 0.0107 
 H085.1_2003  2 0.0047 0.0083 0.0115 0.1538 0.2910 0.0547 0.0266 0.0137 0.0632 0.0103 0.0379 0.0059 0.0819 0.0147 0.1386 0.0200 0.0243 0.0090 0.0092 0.0208 
 H085.2_2002  2 0.0171 0.0124 0.0984 0.1102 0.0251 0.0154 0.0558 0.0062 0.0448 0.0938 0.0315 0.0050 0.1663 0.0687 0.1633 0.0094 0.0238 0.0163 0.0117 0.0250 
 H085.2_2003  2 0.0077 0.0145 0.0109 0.0572 0.4670 0.0975 0.0210 0.0388 0.0586 0.0095 0.0389 0.0197 0.0503 0.0133 0.0239 0.0179 0.0081 0.0158 0.0059 0.0234 
 H085.3_2002  2 0.0038 0.0199 0.0079 0.0458 0.0080 0.0190 0.0135 0.0068 0.0205 0.0283 0.0641 0.0050 0.0194 0.0054 0.6926 0.0043 0.0123 0.0045 0.0084 0.0105 
 H085.3_2003  2 0.0036 0.0125 0.0091 0.0187 0.5443 0.0883 0.0546 0.0113 0.0080 0.0066 0.1069 0.0139 0.0054 0.0041 0.0615 0.0067 0.0137 0.0164 0.0038 0.0105 
 H085.4_2002  2 0.0130 0.0105 0.0592 0.0660 0.0858 0.1327 0.0407 0.0047 0.0365 0.0811 0.0147 0.0093 0.0266 0.0462 0.2975 0.0091 0.0190 0.0162 0.0167 0.0143 
 H085.4_2003  2 0.0284 0.1288 0.0148 0.0151 0.5781 0.0127 0.0098 0.0094 0.0727 0.0224 0.0162 0.0068 0.0062 0.0066 0.0092 0.0048 0.0144 0.0249 0.0083 0.0107 
 H085.5_2002  2 0.0051 0.0096 0.0131 0.0252 0.0081 0.0257 0.0112 0.0063 0.0081 0.0184 0.0242 0.0063 0.0043 0.0040 0.7967 0.0035 0.0105 0.0038 0.0099 0.0057 
 H085.5_2003  2 0.0055 0.0092 0.0061 0.0105 0.6788 0.0762 0.0183 0.0126 0.0321 0.0053 0.0075 0.0166 0.0361 0.0078 0.0240 0.0058 0.0062 0.0171 0.0044 0.0201 
 H085.6_2002  2 0.0052 0.0099 0.0104 0.2051 0.0113 0.0147 0.0059 0.0060 0.0249 0.0110 0.0143 0.0041 0.0155 0.0087 0.6168 0.0062 0.0045 0.0061 0.0080 0.0115 
 H085.6_2003  2 0.0059 0.0633 0.0342 0.0907 0.0637 0.0247 0.0173 0.0589 0.0262 0.0184 0.4747 0.0124 0.0053 0.0065 0.0339 0.0080 0.0255 0.0083 0.0095 0.0125 
 H085.7_2002  2 0.0065 0.0243 0.0229 0.0387 0.0423 0.0531 0.0244 0.0213 0.0650 0.0497 0.1636 0.0108 0.0578 0.0133 0.3557 0.0089 0.0106 0.0114 0.0063 0.0134 
 H085.7_2003  2 0.0057 0.0156 0.0084 0.0964 0.5805 0.0718 0.0571 0.0127 0.0172 0.0094 0.0360 0.0095 0.0080 0.0075 0.0144 0.0052 0.0250 0.0052 0.0072 0.0071 
 H085.8_2002  2 0.0095 0.0149 0.0620 0.0294 0.0191 0.0262 0.0849 0.0089 0.0114 0.0385 0.4817 0.0060 0.0137 0.0142 0.1103 0.0111 0.0206 0.0126 0.0169 0.0081 
 H085.8_2003  2 0.0235 0.0949 0.0167 0.0655 0.1434 0.0325 0.0148 0.0181 0.2781 0.0340 0.0204 0.0150 0.0922 0.0206 0.0412 0.0065 0.0277 0.0134 0.0091 0.0323 
      H085.9  2 0.0122 0.0137 0.0124 0.0367 0.0394 0.0361 0.0159 0.0072 0.0284 0.0370 0.0175 0.0093 0.0142 0.0395 0.6249 0.0103 0.0119 0.0151 0.0089 0.0094 
      H088.1  2 0.0040 0.0103 0.0109 0.0078 0.0068 0.0129 0.0161 0.0060 0.6276 0.0950 0.0074 0.0096 0.0102 0.0066 0.0163 0.0292 0.0180 0.0070 0.0911 0.0072 
      H088.2  2 0.0104 0.0093 0.0128 0.0117 0.0072 0.0074 0.0100 0.0098 0.7318 0.0432 0.0124 0.0047 0.0093 0.0069 0.0205 0.0082 0.0135 0.0052 0.0549 0.0109 
      H088.3  2 0.0065 0.0083 0.0081 0.0085 0.0042 0.0082 0.0065 0.0076 0.8028 0.0201 0.0145 0.0062 0.0051 0.0048 0.0122 0.0157 0.0073 0.0067 0.0386 0.0079 
      H088.4  2 0.0058 0.0068 0.0084 0.0085 0.0076 0.0063 0.0054 0.0040 0.8800 0.0036 0.0058 0.0074 0.0029 0.0048 0.0041 0.0085 0.0035 0.0116 0.0072 0.0077 
      H088.5  2 0.0034 0.0056 0.0063 0.0049 0.0040 0.0047 0.0063 0.0046 0.8905 0.0069 0.0059 0.0052 0.0043 0.0049 0.0042 0.0117 0.0042 0.0073 0.0104 0.0048 
      H088.6  2 0.0041 0.0071 0.0069 0.0060 0.0079 0.0090 0.0076 0.0074 0.8577 0.0069 0.0044 0.0079 0.0055 0.0042 0.0045 0.0156 0.0069 0.0076 0.0183 0.0046 
      H088.7  2 0.0090 0.0078 0.0049 0.0134 0.0116 0.0085 0.0039 0.0169 0.8512 0.0063 0.0069 0.0061 0.0056 0.0045 0.0056 0.0093 0.0055 0.0068 0.0099 0.0062 
      H088.8  2 0.0060 0.0081 0.0064 0.0060 0.0150 0.0103 0.0104 0.0129 0.8194 0.0072 0.0057 0.0125 0.0055 0.0045 0.0049 0.0300 0.0084 0.0110 0.0098 0.0059 
      H091.1  2 0.0103 0.0202 0.0056 0.0812 0.0192 0.0363 0.0682 0.0094 0.6400 0.0059 0.0156 0.0096 0.0165 0.0107 0.0090 0.0055 0.0141 0.0060 0.0098 0.0069 
      H091.2  2 0.0071 0.0079 0.0070 0.0289 0.0102 0.1778 0.0708 0.0135 0.5750 0.0053 0.0085 0.0083 0.0217 0.0038 0.0053 0.0056 0.0254 0.0045 0.0055 0.0081 
      H109.1  2 0.0519 0.0077 0.0129 0.1198 0.0243 0.0338 0.0230 0.1767 0.0062 0.1612 0.0087 0.0089 0.1083 0.0287 0.0193 0.0866 0.0098 0.0507 0.0125 0.0490 
      H109.2  2 0.0427 0.0343 0.0299 0.0805 0.0553 0.0190 0.0197 0.0732 0.0148 0.0913 0.0199 0.0054 0.0150 0.0184 0.0068 0.0167 0.0167 0.3436 0.0109 0.0859 
      H109.3  2 0.0082 0.0409 0.0055 0.4336 0.0135 0.0073 0.0222 0.2668 0.0124 0.0125 0.0105 0.0171 0.0074 0.0072 0.0038 0.0124 0.0181 0.0408 0.0148 0.0450 
      H109.4  2 0.0113 0.0613 0.0141 0.2825 0.0165 0.0105 0.1381 0.0582 0.0144 0.0398 0.0091 0.0097 0.0158 0.0217 0.0078 0.0797 0.0136 0.1461 0.0112 0.0387 
      H109.5  2 0.0152 0.0981 0.0073 0.4198 0.1006 0.0170 0.0097 0.0780 0.0424 0.0225 0.0089 0.0111 0.0058 0.0048 0.0053 0.0065 0.0092 0.0808 0.0398 0.0172 
      H109.6  2 0.0378 0.0263 0.0209 0.1044 0.0266 0.0561 0.0167 0.1086 0.0087 0.1290 0.0184 0.0088 0.0201 0.0161 0.0065 0.1265 0.0355 0.1893 0.0176 0.0259 
      H126.1  2 0.0943 0.1422 0.1351 0.0182 0.0082 0.0996 0.0758 0.0103 0.0182 0.1407 0.0139 0.0399 0.0059 0.0078 0.0939 0.0134 0.0101 0.0085 0.0181 0.0457 
      H126.2  2 0.0221 0.0169 0.0761 0.0124 0.0474 0.4562 0.1463 0.0298 0.0083 0.0237 0.0147 0.0184 0.0122 0.0342 0.0370 0.0101 0.0070 0.0110 0.0049 0.0111 
      H126.3  2 0.2374 0.0070 0.0131 0.0089 0.0387 0.4519 0.0159 0.0076 0.0844 0.0313 0.0046 0.0084 0.0211 0.0061 0.0124 0.0151 0.0036 0.0042 0.0123 0.0162 
      H126.4  2 0.0305 0.0082 0.4583 0.0091 0.0424 0.0275 0.1164 0.0168 0.0237 0.0175 0.0098 0.1100 0.0232 0.0074 0.0115 0.0114 0.0074 0.0106 0.0264 0.0319 
      H126.5  2 0.0505 0.0263 0.0666 0.0104 0.0636 0.5232 0.1163 0.0059 0.0056 0.0184 0.0142 0.0302 0.0067 0.0051 0.0127 0.0081 0.0078 0.0086 0.0069 0.0125 
      H126.6  2 0.1274 0.0088 0.0145 0.0243 0.1495 0.5149 0.0071 0.0110 0.0185 0.0061 0.0176 0.0063 0.0045 0.0049 0.0573 0.0050 0.0044 0.0048 0.0055 0.0077 
      H126.7  2 0.0135 0.0108 0.0073 0.0116 0.7298 0.0210 0.0418 0.0074 0.0373 0.0072 0.0251 0.0083 0.0046 0.0028 0.0349 0.0086 0.0077 0.0066 0.0054 0.0082 
      H130.1  2 0.0075 0.1982 0.1182 0.2951 0.0056 0.0179 0.0302 0.0109 0.0629 0.0501 0.0326 0.0293 0.0120 0.0064 0.0112 0.0349 0.0164 0.0147 0.0173 0.0287 
      H130.2  2 0.0054 0.0161 0.0465 0.0518 0.0304 0.0080 0.0101 0.0347 0.0307 0.1385 0.0267 0.0170 0.0334 0.0075 0.0121 0.0488 0.0271 0.3543 0.0070 0.0940 
      H130.3  2 0.0049 0.0227 0.0113 0.0204 0.0192 0.0108 0.0078 0.0113 0.0160 0.0166 0.0142 0.1144 0.0035 0.0043 0.0070 0.0104 0.0104 0.0308 0.0078 0.6562 
      H130.4  2 0.0067 0.0264 0.1815 0.1933 0.0067 0.0124 0.0139 0.0152 0.0266 0.1701 0.0185 0.0925 0.0242 0.0217 0.0226 0.0485 0.0385 0.0276 0.0121 0.0409 
      H130.5  2 0.0053 0.0379 0.0500 0.2011 0.0473 0.0069 0.0113 0.0076 0.0923 0.0953 0.0598 0.0075 0.0189 0.0056 0.0263 0.0184 0.0364 0.1098 0.0171 0.1452 
      H133.1  2 0.0045 0.0107 0.0096 0.8604 0.0088 0.0052 0.0049 0.0081 0.0049 0.0085 0.0062 0.0068 0.0046 0.0115 0.0063 0.0039 0.0047 0.0092 0.0070 0.0140 
      H133.2  2 0.0074 0.0142 0.0114 0.8535 0.0059 0.0064 0.0035 0.0078 0.0084 0.0094 0.0117 0.0065 0.0037 0.0049 0.0101 0.0055 0.0040 0.0121 0.0068 0.0069 
      H133.3  2 0.0056 0.0098 0.0060 0.8306 0.0092 0.0065 0.0064 0.0055 0.0174 0.0132 0.0058 0.0065 0.0072 0.0199 0.0125 0.0035 0.0072 0.0071 0.0125 0.0075 
      H133.4  2 0.0057 0.0068 0.0083 0.8575 0.0061 0.0066 0.0045 0.0204 0.0050 0.0066 0.0059 0.0065 0.0053 0.0109 0.0086 0.0066 0.0053 0.0070 0.0071 0.0094 
      H133.5  2 0.0041 0.0048 0.0090 0.8399 0.0048 0.0064 0.0063 0.0051 0.0128 0.0091 0.0089 0.0056 0.0056 0.0049 0.0124 0.0062 0.0037 0.0069 0.0046 0.0388 
      H133.6  2 0.0068 0.0154 0.0179 0.7686 0.0074 0.0105 0.0074 0.0058 0.0396 0.0101 0.0143 0.0074 0.0074 0.0058 0.0167 0.0079 0.0069 0.0124 0.0144 0.0175 
      H133.7  2 0.0050 0.0097 0.0057 0.8373 0.0073 0.0053 0.0041 0.0145 0.0069 0.0183 0.0055 0.0046 0.0071 0.0189 0.0111 0.0038 0.0140 0.0058 0.0097 0.0053 
      H133.8  2 0.0141 0.0047 0.0067 0.8249 0.0047 0.0043 0.0087 0.0072 0.0063 0.0483 0.0049 0.0053 0.0050 0.0102 0.0194 0.0032 0.0040 0.0054 0.0038 0.0088 
      H133.9  2 0.0043 0.0106 0.0107 0.8279 0.0082 0.0048 0.0055 0.0094 0.0075 0.0122 0.0083 0.0116 0.0064 0.0137 0.0059 0.0034 0.0048 0.0071 0.0085 0.0291 
      H147.1  2 0.0356 0.0741 0.0245 0.0103 0.2382 0.0802 0.0048 0.0413 0.0404 0.0150 0.0867 0.0051 0.0311 0.0236 0.0652 0.0053 0.0106 0.1801 0.0201 0.0078 
      H147.2  2 0.0157 0.0130 0.0202 0.0063 0.7770 0.0079 0.0046 0.0057 0.0125 0.0108 0.0419 0.0056 0.0053 0.0055 0.0172 0.0053 0.0061 0.0231 0.0087 0.0077 
      H147.3  2 0.0088 0.0165 0.0107 0.0054 0.7541 0.0195 0.0050 0.0062 0.0044 0.0134 0.0313 0.0073 0.0077 0.0050 0.0285 0.0029 0.0074 0.0437 0.0107 0.0114 
      H147.4  2 0.0105 0.0088 0.0050 0.0045 0.6994 0.0624 0.0050 0.0137 0.0082 0.0051 0.0169 0.0056 0.0127 0.0218 0.0120 0.0043 0.0045 0.0883 0.0061 0.0054 
      H147.5  2 0.0135 0.0288 0.0084 0.0079 0.3803 0.0115 0.0059 0.0119 0.0739 0.0110 0.0338 0.0173 0.0250 0.0071 0.0296 0.0104 0.0050 0.2618 0.0293 0.0277 
      H147.6  2 0.0137 0.0360 0.0054 0.0108 0.2890 0.0161 0.0075 0.0132 0.0915 0.0067 0.0292 0.0161 0.0208 0.0090 0.0202 0.0067 0.0056 0.3668 0.0098 0.0260 
      H147.7  2 0.0124 0.0197 0.0062 0.0051 0.6052 0.0513 0.0044 0.0231 0.0069 0.0071 0.0209 0.0074 0.0177 0.0321 0.0103 0.0039 0.0081 0.1398 0.0108 0.0075 
      H147.8  2 0.0150 0.0050 0.0039 0.0093 0.4952 0.0211 0.0069 0.0148 0.0679 0.0044 0.0086 0.0076 0.0272 0.0289 0.0091 0.0093 0.0035 0.2422 0.0099 0.0101 
      H147.9  2 0.0094 0.0166 0.0103 0.0047 0.7723 0.0246 0.0059 0.0082 0.0066 0.0095 0.0431 0.0056 0.0073 0.0061 0.0188 0.0047 0.0041 0.0280 0.0094 0.0050 
      H148.1  2 0.0250 0.0111 0.7204 0.0071 0.0059 0.0111 0.0084 0.0141 0.0109 0.0142 0.0146 0.0060 0.0143 0.0230 0.0056 0.0228 0.0115 0.0220 0.0188 0.0332 
      H148.2  2 0.0428 0.0064 0.4001 0.0088 0.0119 0.0072 0.0060 0.0120 0.0069 0.1565 0.0094 0.0066 0.0125 0.0242 0.0141 0.0196 0.0457 0.0217 0.1236 0.0641 
      H148.3  2 0.0293 0.0191 0.0332 0.0060 0.0134 0.0242 0.0180 0.0203 0.0184 0.1031 0.0136 0.0078 0.0095 0.0690 0.0108 0.0283 0.4412 0.0194 0.1043 0.0111 
      H148.4  2 0.0284 0.0345 0.4445 0.0091 0.0108 0.0146 0.0103 0.0100 0.0094 0.1106 0.0217 0.0131 0.0074 0.0262 0.0116 0.1233 0.0280 0.0120 0.0403 0.0342 
      H148.5  2 0.0266 0.0063 0.0370 0.0050 0.0074 0.0110 0.0133 0.0077 0.0295 0.0843 0.0098 0.0079 0.0093 0.0287 0.0088 0.1336 0.2986 0.0430 0.2146 0.0175 
      H148.6  2 0.0384 0.0191 0.2466 0.0057 0.0132 0.0136 0.0058 0.0140 0.0116 0.0580 0.0107 0.0052 0.0389 0.1125 0.0147 0.0466 0.1995 0.0120 0.1009 0.0328 
      H148.7  2 0.0271 0.0062 0.1663 0.0088 0.0064 0.0074 0.0156 0.0227 0.0298 0.0958 0.0128 0.0179 0.0117 0.0279 0.0065 0.1044 0.1000 0.0230 0.1590 0.1505 
      H148.8  2 0.0080 0.0164 0.2228 0.0071 0.0080 0.0089 0.0055 0.0057 0.0312 0.1958 0.0074 0.0089 0.0056 0.0338 0.0120 0.0336 0.2185 0.0115 0.1281 0.0312 
      H148.9  2 0.1042 0.0105 0.1168 0.0074 0.0069 0.0208 0.0287 0.0384 0.0107 0.2338 0.0121 0.0087 0.0172 0.0943 0.0420 0.0315 0.0993 0.0171 0.0246 0.0752 
   H166022.1  2 0.0082 0.0234 0.0051 0.0065 0.0134 0.0301 0.0036 0.0097 0.7082 0.0066 0.0106 0.0046 0.0687 0.0077 0.0084 0.0041 0.0079 0.0488 0.0108 0.0138 
   H166022.2  2 0.0169 0.0224 0.0102 0.0058 0.0599 0.0205 0.0118 0.0313 0.3699 0.0267 0.0651 0.0130 0.0458 0.0117 0.0181 0.0183 0.0146 0.2066 0.0142 0.0172 
   H166022.3  2 0.0051 0.0099 0.0072 0.0063 0.0044 0.0055 0.0153 0.0079 0.6321 0.0099 0.0164 0.0125 0.1498 0.0069 0.0052 0.0209 0.0170 0.0173 0.0109 0.0396 
   H166022.4  2 0.0052 0.0060 0.0035 0.0059 0.0046 0.0045 0.0113 0.0051 0.8332 0.0042 0.0200 0.0134 0.0172 0.0049 0.0037 0.0136 0.0045 0.0112 0.0068 0.0212 
   H166022.5  2 0.0061 0.0178 0.0042 0.0082 0.0077 0.0087 0.0054 0.0053 0.7104 0.0052 0.0164 0.0089 0.0199 0.0045 0.0047 0.0104 0.0088 0.0911 0.0077 0.0488 
   H166022.6  2 0.0060 0.0257 0.0237 0.0234 0.0080 0.0093 0.0091 0.0285 0.6707 0.0140 0.0298 0.0105 0.0341 0.0281 0.0110 0.0092 0.0067 0.0211 0.0137 0.0174 
   H166022.7  2 0.0052 0.0067 0.0075 0.0059 0.0075 0.0122 0.0050 0.0092 0.0064 0.0051 0.0048 0.0055 0.0031 0.0049 0.0040 0.8863 0.0033 0.0083 0.0040 0.0048 
   H166022.8  2 0.0109 0.0789 0.0529 0.0315 0.0144 0.0355 0.0050 0.0146 0.1851 0.0152 0.2001 0.0185 0.0696 0.0067 0.0207 0.0091 0.0068 0.1549 0.0125 0.0573 
   H167397.1  2 0.0167 0.1713 0.0170 0.0079 0.0344 0.0173 0.0067 0.0211 0.1224 0.0059 0.0105 0.0065 0.0048 0.4834 0.0048 0.0092 0.0116 0.0318 0.0098 0.0067 
   H167397.2  2 0.0098 0.0090 0.1617 0.0164 0.0232 0.0314 0.0073 0.0093 0.0187 0.0244 0.0125 0.0081 0.0429 0.5038 0.0548 0.0107 0.0098 0.0127 0.0104 0.0231 
   H167397.3  2 0.0226 0.1444 0.0271 0.0105 0.0533 0.0234 0.0074 0.0178 0.0469 0.0043 0.0059 0.0075 0.0072 0.5652 0.0055 0.0064 0.0122 0.0147 0.0050 0.0126 
   H167397.4  2 0.0170 0.0046 0.0094 0.0070 0.0227 0.0140 0.0106 0.0409 0.0196 0.0177 0.0091 0.0096 0.0218 0.6384 0.0537 0.0119 0.0123 0.0138 0.0351 0.0309 
   H167397.5  2 0.0102 0.0341 0.0871 0.0194 0.0245 0.0094 0.0204 0.0165 0.0301 0.0068 0.0350 0.0081 0.0121 0.5819 0.0071 0.0185 0.0157 0.0272 0.0111 0.0248 
   H167397.6  2 0.1239 0.0299 0.0179 0.0201 0.0361 0.0230 0.0101 0.0267 0.0300 0.0137 0.0044 0.0200 0.0089 0.5652 0.0093 0.0071 0.0136 0.0068 0.0165 0.0168 
   H167496.1  2 0.0132 0.2695 0.0091 0.0798 0.0174 0.0091 0.0707 0.0104 0.2190 0.0123 0.0139 0.0187 0.0178 0.0089 0.0049 0.0082 0.0497 0.0120 0.1257 0.0296 
   H167496.2  2 0.0821 0.0701 0.0291 0.0923 0.0795 0.0151 0.0255 0.0414 0.0590 0.0279 0.1482 0.0168 0.0094 0.0153 0.0124 0.0807 0.0982 0.0251 0.0526 0.0193 
   H167496.3  2 0.0061 0.1678 0.0158 0.0486 0.0293 0.0253 0.0385 0.0208 0.1469 0.0433 0.0612 0.0274 0.0750 0.0083 0.0943 0.0065 0.0984 0.0070 0.0362 0.0433 
   H167496.4  2 0.0060 0.0050 0.0052 0.0044 0.0109 0.0083 0.0072 0.0042 0.8898 0.0037 0.0067 0.0045 0.0068 0.0048 0.0077 0.0037 0.0043 0.0054 0.0045 0.0069 
   H167496.6  2 0.0132 0.0098 0.0079 0.0087 0.0169 0.0210 0.0075 0.0087 0.7180 0.0060 0.0983 0.0157 0.0052 0.0061 0.0067 0.0077 0.0036 0.0168 0.0124 0.0098 
   H167496.7  2 0.0214 0.6985 0.0126 0.0146 0.0067 0.0085 0.0388 0.0267 0.0107 0.0127 0.0215 0.0094 0.0177 0.0049 0.0049 0.0058 0.0415 0.0073 0.0070 0.0291 
   H167496.8  2 0.0333 0.0185 0.0074 0.0068 0.0233 0.0122 0.0078 0.0158 0.7292 0.0049 0.0653 0.0071 0.0069 0.0068 0.0067 0.0071 0.0043 0.0157 0.0118 0.0092 
   H167513.1  2 0.0101 0.0060 0.0107 0.0107 0.0076 0.0071 0.0057 0.8483 0.0084 0.0052 0.0131 0.0071 0.0067 0.0069 0.0068 0.0107 0.0044 0.0094 0.0044 0.0105 
   H167513.2  2 0.0153 0.0308 0.0103 0.0071 0.0051 0.0071 0.0063 0.8067 0.0075 0.0123 0.0087 0.0054 0.0063 0.0231 0.0051 0.0048 0.0124 0.0056 0.0133 0.0070 
   H167513.3  2 0.0091 0.0061 0.0053 0.0077 0.0062 0.0215 0.0074 0.8070 0.0079 0.0045 0.0088 0.0239 0.0113 0.0068 0.0048 0.0086 0.0072 0.0207 0.0032 0.0220 
   H167513.4  2 0.0192 0.0093 0.0172 0.0213 0.0091 0.0073 0.0040 0.6311 0.0190 0.0084 0.0181 0.0067 0.0611 0.0106 0.0063 0.0101 0.0154 0.0151 0.0148 0.0958 
   H167513.5  2 0.0079 0.0068 0.0088 0.0083 0.0046 0.0065 0.0040 0.8562 0.0112 0.0150 0.0084 0.0030 0.0064 0.0165 0.0072 0.0043 0.0060 0.0041 0.0105 0.0043 
   H167513.6  2 0.0185 0.0140 0.0095 0.0088 0.0084 0.0143 0.0053 0.7940 0.0148 0.0077 0.0136 0.0055 0.0145 0.0125 0.0083 0.0092 0.0088 0.0188 0.0053 0.0081 
   H167513.7  2 0.0111 0.0055 0.0062 0.0334 0.0112 0.0086 0.0053 0.7635 0.0121 0.0245 0.0114 0.0052 0.0264 0.0248 0.0094 0.0064 0.0055 0.0128 0.0040 0.0127 
   H167513.8  2 0.0083 0.0037 0.0046 0.0147 0.0070 0.0056 0.0064 0.8591 0.0055 0.0058 0.0086 0.0076 0.0045 0.0108 0.0041 0.0096 0.0036 0.0181 0.0027 0.0098 
   H167547.1  2 0.0076 0.6295 0.0255 0.0084 0.0050 0.0080 0.0069 0.0084 0.0146 0.0203 0.0088 0.0110 0.0158 0.0249 0.0063 0.0108 0.1624 0.0054 0.0120 0.0082 
   H167547.2  2 0.0155 0.5920 0.0098 0.0060 0.0083 0.0048 0.0110 0.0111 0.0759 0.0075 0.0064 0.0063 0.0135 0.0143 0.0066 0.0037 0.1910 0.0056 0.0053 0.0055 
   H167547.3  2 0.0143 0.5999 0.0075 0.0071 0.0094 0.0059 0.0092 0.0143 0.0727 0.0116 0.0049 0.0057 0.0127 0.0138 0.0059 0.0031 0.1867 0.0042 0.0055 0.0057 
   H167547.4  2 0.0043 0.5303 0.0489 0.0088 0.0056 0.0082 0.0270 0.0118 0.0914 0.0344 0.0062 0.0173 0.1026 0.0156 0.0085 0.0082 0.0368 0.0076 0.0086 0.0180 
   H167547.5  2 0.0161 0.2196 0.0182 0.0063 0.0089 0.0046 0.0191 0.0143 0.2258 0.0063 0.0049 0.0129 0.0134 0.0102 0.0067 0.0056 0.1835 0.0180 0.2016 0.0042 
   H167547.6  2 0.0171 0.2230 0.0219 0.0078 0.0114 0.0059 0.0178 0.0105 0.2117 0.0086 0.0050 0.0145 0.0164 0.0094 0.0055 0.0048 0.1759 0.0215 0.2063 0.0052 
   H167547.7  2 0.0178 0.1593 0.0232 0.1125 0.0247 0.0774 0.0276 0.0609 0.0107 0.0410 0.0135 0.0326 0.0294 0.0131 0.0427 0.0434 0.2251 0.0159 0.0201 0.0091 
   H169750.1  2 0.0111 0.0300 0.0226 0.6720 0.0075 0.0067 0.0303 0.0160 0.0606 0.0151 0.0080 0.0098 0.0242 0.0066 0.0080 0.0136 0.0306 0.0076 0.0073 0.0121 
   H169750.2  2 0.0143 0.0140 0.0698 0.2566 0.0620 0.0200 0.0106 0.0937 0.0259 0.1560 0.0588 0.0335 0.0061 0.0295 0.0124 0.0139 0.0092 0.0756 0.0140 0.0240 
   H169750.3  2 0.0052 0.0204 0.0094 0.7289 0.0128 0.0082 0.0082 0.0226 0.0090 0.0387 0.0070 0.0247 0.0060 0.0030 0.0141 0.0239 0.0201 0.0268 0.0047 0.0064 
   H169750.4  2 0.0262 0.0137 0.0330 0.5412 0.0090 0.0206 0.0100 0.0204 0.0424 0.0734 0.0211 0.0372 0.0052 0.0433 0.0099 0.0095 0.0120 0.0069 0.0309 0.0340 
   H169750.5  2 0.0045 0.0054 0.0074 0.7859 0.0194 0.0065 0.0114 0.0140 0.0311 0.0113 0.0097 0.0068 0.0293 0.0039 0.0085 0.0069 0.0094 0.0109 0.0051 0.0125 
   H169750.6  2 0.0057 0.0058 0.0476 0.4645 0.1641 0.0126 0.0128 0.0299 0.0497 0.0364 0.0384 0.0180 0.0114 0.0064 0.0156 0.0229 0.0087 0.0226 0.0111 0.0156 
   H169750.7  2 0.0257 0.0203 0.0320 0.4579 0.0135 0.0233 0.0175 0.1174 0.0246 0.0434 0.0208 0.0399 0.0055 0.0157 0.0416 0.0330 0.0195 0.0160 0.0078 0.0246 
   H171929.1  2 0.0072 0.0123 0.0083 0.0109 0.0078 0.0126 0.0062 0.6789 0.0125 0.0371 0.0073 0.0083 0.0065 0.0543 0.0688 0.0067 0.0126 0.0046 0.0322 0.0048 
  H171929.10  2 0.0154 0.0185 0.0078 0.0832 0.0154 0.0142 0.0063 0.3228 0.0361 0.2381 0.0133 0.0088 0.0267 0.0422 0.0535 0.0070 0.0339 0.0294 0.0225 0.0050 
  H171929.11  2 0.0058 0.0083 0.0126 0.0225 0.0095 0.0134 0.0100 0.7705 0.0082 0.0143 0.0055 0.0126 0.0049 0.0301 0.0233 0.0040 0.0101 0.0077 0.0214 0.0051 
   H171929.2  2 0.0046 0.0088 0.0169 0.0450 0.0057 0.0047 0.0053 0.7413 0.0106 0.0182 0.0050 0.0080 0.0106 0.0070 0.0114 0.0053 0.0540 0.0063 0.0205 0.0108 
   H171929.3  2 0.0048 0.0124 0.0082 0.0143 0.0140 0.0069 0.0075 0.8205 0.0107 0.0056 0.0037 0.0120 0.0106 0.0130 0.0071 0.0056 0.0128 0.0077 0.0167 0.0057 
   H171929.4  2 0.0041 0.0368 0.0155 0.0459 0.0177 0.0497 0.0091 0.5293 0.0222 0.0226 0.0077 0.0268 0.0175 0.0056 0.0570 0.0094 0.0891 0.0096 0.0118 0.0124 
   H171929.5  2 0.0074 0.0085 0.0081 0.0362 0.0063 0.0070 0.0115 0.7910 0.0064 0.0171 0.0067 0.0086 0.0056 0.0132 0.0090 0.0111 0.0131 0.0100 0.0125 0.0108 
   H171929.6  2 0.0061 0.0061 0.0101 0.0219 0.0055 0.0058 0.0081 0.8429 0.0041 0.0101 0.0049 0.0062 0.0048 0.0120 0.0094 0.0076 0.0096 0.0090 0.0083 0.0075 
   H171929.7  2 0.0037 0.0078 0.0107 0.0062 0.0071 0.0192 0.0056 0.7940 0.0062 0.0141 0.0083 0.0086 0.0069 0.0048 0.0538 0.0047 0.0149 0.0037 0.0113 0.0084 
   H171929.8  2 0.0039 0.0190 0.0168 0.0222 0.0062 0.0113 0.0078 0.6407 0.0125 0.0734 0.0078 0.0103 0.0102 0.0067 0.0806 0.0059 0.0437 0.0073 0.0085 0.0054 
   H171929.9  2 0.0041 0.0142 0.0143 0.0409 0.0186 0.0290 0.0062 0.5325 0.0126 0.1289 0.0179 0.0076 0.0143 0.0036 0.0950 0.0116 0.0201 0.0137 0.0051 0.0100 
   H171930.1  2 0.0077 0.0083 0.0184 0.0064 0.0066 0.0145 0.0203 0.2627 0.0235 0.0155 0.0070 0.0134 0.0032 0.0172 0.0026 0.0132 0.0063 0.5047 0.0359 0.0126 
   H171930.2  2 0.0097 0.0299 0.0134 0.0182 0.0117 0.0135 0.0206 0.0122 0.0505 0.0226 0.0096 0.0097 0.0061 0.0059 0.0094 0.0232 0.0134 0.6928 0.0166 0.0110 
   H171930.3  2 0.0073 0.0111 0.0059 0.0061 0.0065 0.0063 0.0230 0.0115 0.0090 0.0466 0.0066 0.0123 0.0076 0.0110 0.0069 0.0104 0.0099 0.7708 0.0223 0.0089 
   H171930.4  2 0.0078 0.0102 0.0038 0.0041 0.0036 0.0069 0.0210 0.0071 0.0198 0.0078 0.0053 0.0088 0.0067 0.0075 0.0032 0.0160 0.0064 0.8342 0.0068 0.0130 
   H171930.5  2 0.0072 0.0134 0.0558 0.0248 0.0163 0.0144 0.0942 0.0902 0.0227 0.0283 0.0095 0.0144 0.0066 0.0201 0.0095 0.0073 0.0133 0.5266 0.0131 0.0126 
   H171930.6  2 0.0104 0.0085 0.0045 0.0092 0.0116 0.0056 0.0348 0.0072 0.0095 0.0051 0.0062 0.0088 0.0036 0.0048 0.0030 0.0048 0.0056 0.8415 0.0073 0.0082 
   H171930.7  2 0.0083 0.0096 0.0078 0.0068 0.0055 0.0068 0.0081 0.0112 0.0066 0.0236 0.0082 0.0085 0.0049 0.0121 0.0062 0.0194 0.0055 0.8298 0.0060 0.0054 
   H171930.8  2 0.0103 0.0143 0.0069 0.0058 0.0060 0.0088 0.0036 0.0211 0.0138 0.0050 0.0084 0.0072 0.0036 0.0082 0.0041 0.0169 0.0042 0.8313 0.0146 0.0060 
   H171933.1  2 0.0063 0.0164 0.0096 0.0185 0.0073 0.0284 0.0438 0.0060 0.0287 0.0112 0.0034 0.0089 0.6638 0.0608 0.0109 0.0056 0.0230 0.0180 0.0150 0.0143 
   H171933.2  2 0.0259 0.0443 0.0179 0.0202 0.0161 0.0544 0.0089 0.0073 0.0634 0.0081 0.0065 0.0062 0.4320 0.0949 0.0667 0.0108 0.0173 0.0360 0.0275 0.0355 
   H171933.3  2 0.0177 0.0650 0.0117 0.0166 0.0072 0.0134 0.0179 0.0070 0.0572 0.0295 0.0079 0.0143 0.4414 0.0129 0.0615 0.0071 0.1303 0.0487 0.0217 0.0109 
   H171933.4  2 0.0080 0.1000 0.0059 0.0072 0.0077 0.0152 0.0088 0.0256 0.0310 0.0169 0.0300 0.0352 0.4856 0.0066 0.0338 0.0119 0.0705 0.0680 0.0153 0.0169 
   H171933.5  2 0.0147 0.2315 0.0225 0.0252 0.0064 0.0125 0.0104 0.0472 0.0129 0.0198 0.0234 0.0650 0.1282 0.0146 0.0158 0.0106 0.2128 0.0578 0.0124 0.0562 
   H171933.6  2 0.0080 0.0357 0.0051 0.0098 0.0213 0.0146 0.0123 0.0061 0.2786 0.0066 0.0118 0.0093 0.4930 0.0050 0.0118 0.0090 0.0097 0.0085 0.0114 0.0327 
   H171933.7  2 0.0534 0.0146 0.0182 0.0093 0.0137 0.0258 0.0959 0.0077 0.0089 0.0101 0.0399 0.0208 0.4820 0.0181 0.0521 0.0037 0.0275 0.0787 0.0076 0.0120 
