      H008.1  2 0.0120 0.0059 0.0110 0.7095 0.0176 0.0225 0.0078 0.0073 0.0068 0.0117 0.0096 0.0087 0.0428 0.0115 0.0261 0.0174 0.0061 0.0052 0.0128 0.0100 0.0244 0.0075 0.0060 
      H008.2  2 0.0701 0.0116 0.0101 0.0383 0.0386 0.0210 0.0145 0.0133 0.0241 0.0412 0.0613 0.0126 0.0345 0.0095 0.3804 0.0223 0.0086 0.0439 0.0196 0.0574 0.0105 0.0051 0.0517 
      H008.3  2 0.0469 0.0093 0.0146 0.0270 0.0175 0.1140 0.0213 0.0391 0.0278 0.0539 0.0126 0.0354 0.0306 0.0195 0.2970 0.0601 0.0072 0.0195 0.0059 0.0383 0.0495 0.0064 0.0465 
      H008.4  2 0.0168 0.0303 0.0297 0.4088 0.0225 0.0930 0.0258 0.0312 0.0097 0.0150 0.0174 0.0065 0.0258 0.0095 0.0994 0.0331 0.0061 0.0285 0.0073 0.0477 0.0082 0.0084 0.0194 
      H008.5  2 0.0191 0.0063 0.0298 0.5271 0.0081 0.0540 0.0279 0.0261 0.0103 0.0127 0.0064 0.0094 0.0149 0.0091 0.0799 0.0741 0.0076 0.0149 0.0098 0.0195 0.0112 0.0053 0.0164 
      H008.6  2 0.0630 0.0188 0.0152 0.0891 0.0377 0.0336 0.0186 0.0209 0.0086 0.0055 0.0271 0.0118 0.0602 0.0078 0.4072 0.0254 0.0096 0.0473 0.0089 0.0490 0.0078 0.0047 0.0221 
      H008.7  2 0.0245 0.0213 0.0243 0.1651 0.0337 0.0678 0.0174 0.0215 0.0067 0.0363 0.0255 0.0095 0.0224 0.0207 0.3489 0.0135 0.0082 0.0416 0.0152 0.0442 0.0119 0.0102 0.0097 
      H008.8  2 0.0128 0.0080 0.0081 0.0773 0.1015 0.0752 0.0105 0.0075 0.0085 0.0386 0.3843 0.0237 0.0386 0.0107 0.0272 0.0111 0.0088 0.0092 0.0325 0.0460 0.0226 0.0077 0.0297 
      H008.9  2 0.0241 0.0079 0.0101 0.0130 0.1482 0.0445 0.0216 0.0451 0.0102 0.0095 0.0682 0.0115 0.0407 0.0088 0.3151 0.0123 0.0080 0.0812 0.0073 0.0705 0.0087 0.0111 0.0226 
 H029.1_2002  2 0.0095 0.0631 0.0548 0.6396 0.0206 0.0056 0.0134 0.0427 0.0076 0.0073 0.0291 0.0101 0.0076 0.0079 0.0057 0.0045 0.0099 0.0154 0.0117 0.0175 0.0060 0.0055 0.0047 
 H029.1_2003  2 0.0134 0.0114 0.4117 0.0141 0.0208 0.0160 0.0946 0.0148 0.0113 0.0064 0.0688 0.0271 0.0093 0.0292 0.0116 0.0105 0.0090 0.0093 0.0075 0.1491 0.0397 0.0052 0.0092 
 H029.2_2002  2 0.0240 0.0096 0.1087 0.5110 0.0052 0.0073 0.0938 0.0067 0.0052 0.0303 0.0070 0.0165 0.0065 0.0171 0.0222 0.0083 0.0111 0.0257 0.0121 0.0181 0.0356 0.0042 0.0136 
 H029.2_2003  2 0.0643 0.0047 0.3729 0.0714 0.0084 0.0068 0.0505 0.0051 0.0104 0.0059 0.0208 0.0285 0.0056 0.0352 0.0176 0.0077 0.0154 0.0158 0.0188 0.1723 0.0428 0.0044 0.0145 
 H029.3_2002  2 0.0176 0.0112 0.1215 0.2385 0.0071 0.0410 0.0946 0.0051 0.0149 0.0374 0.0313 0.0253 0.0077 0.0626 0.0097 0.0118 0.0097 0.1083 0.0189 0.0525 0.0509 0.0048 0.0178 
 H029.3_2003  2 0.0101 0.0048 0.3816 0.3720 0.0037 0.0145 0.0301 0.0065 0.0100 0.0050 0.0106 0.0142 0.0169 0.0136 0.0245 0.0081 0.0051 0.0069 0.0135 0.0198 0.0190 0.0044 0.0048 
 H029.4_2002  2 0.0043 0.0087 0.0752 0.7300 0.0042 0.0169 0.0147 0.0086 0.0064 0.0106 0.0080 0.0038 0.0070 0.0163 0.0064 0.0117 0.0047 0.0159 0.0166 0.0115 0.0097 0.0054 0.0033 
 H029.4_2003  2 0.0061 0.0154 0.1635 0.1010 0.0105 0.0282 0.0114 0.0689 0.0123 0.0066 0.0233 0.0092 0.0251 0.0271 0.0109 0.0065 0.0078 0.0216 0.1023 0.0703 0.2595 0.0032 0.0093 
 H029.5_2002  2 0.0062 0.0125 0.0780 0.7415 0.0067 0.0046 0.0164 0.0274 0.0054 0.0085 0.0066 0.0083 0.0069 0.0040 0.0141 0.0049 0.0067 0.0055 0.0101 0.0100 0.0065 0.0060 0.0033 
 H029.5_2003  2 0.0260 0.0127 0.2794 0.3045 0.0078 0.0125 0.0339 0.0139 0.0088 0.0045 0.0420 0.0063 0.0077 0.0231 0.0216 0.0062 0.0055 0.0128 0.0172 0.1005 0.0459 0.0032 0.0039 
 H029.6_2002  2 0.0041 0.0104 0.5726 0.2119 0.0058 0.0135 0.0180 0.0044 0.0061 0.0155 0.0234 0.0049 0.0034 0.0128 0.0049 0.0095 0.0051 0.0315 0.0124 0.0119 0.0071 0.0054 0.0056 
 H029.6_2003  2 0.0367 0.0063 0.0414 0.4433 0.0107 0.0101 0.0610 0.0276 0.0143 0.0082 0.0206 0.0298 0.0210 0.0106 0.0125 0.0083 0.0231 0.0067 0.0764 0.0561 0.0561 0.0112 0.0081 
      H029.7  2 0.0106 0.0062 0.0509 0.7035 0.0066 0.0073 0.0160 0.0087 0.0042 0.0166 0.0042 0.0107 0.0044 0.0126 0.0066 0.0069 0.0084 0.0236 0.0208 0.0170 0.0321 0.0040 0.0181 
      H030.1  2 0.0330 0.0051 0.1501 0.0366 0.0075 0.0084 0.0087 0.0307 0.3025 0.0105 0.0161 0.0634 0.0119 0.0184 0.0462 0.0279 0.1210 0.0046 0.0359 0.0246 0.0111 0.0188 0.0069 
      H030.2  2 0.0052 0.1265 0.0128 0.0535 0.0072 0.0206 0.0044 0.0393 0.3270 0.1153 0.0064 0.0173 0.0148 0.0102 0.0245 0.0477 0.0074 0.0616 0.0188 0.0252 0.0206 0.0301 0.0037 
      H038.1  2 0.0055 0.0077 0.0068 0.8286 0.0088 0.0064 0.0063 0.0034 0.0048 0.0046 0.0092 0.0048 0.0059 0.0062 0.0045 0.0074 0.0039 0.0390 0.0107 0.0091 0.0072 0.0031 0.0059 
      H038.2  2 0.0059 0.0098 0.0089 0.8593 0.0035 0.0054 0.0047 0.0078 0.0061 0.0063 0.0039 0.0044 0.0068 0.0049 0.0066 0.0044 0.0110 0.0059 0.0056 0.0063 0.0083 0.0117 0.0025 
      H038.3  2 0.0062 0.0178 0.0036 0.7362 0.0082 0.0083 0.0063 0.0055 0.0090 0.0070 0.0069 0.0081 0.0174 0.0075 0.0084 0.0077 0.0607 0.0292 0.0125 0.0113 0.0062 0.0108 0.0050 
      H038.4  2 0.0043 0.0080 0.0052 0.8015 0.0048 0.0060 0.0075 0.0056 0.0062 0.0066 0.0084 0.0061 0.0075 0.0070 0.0074 0.0077 0.0260 0.0244 0.0182 0.0052 0.0041 0.0182 0.0040 
      H038.5  2 0.0072 0.0056 0.0120 0.7401 0.0052 0.0123 0.0076 0.0063 0.0133 0.0104 0.0304 0.0042 0.0049 0.0186 0.0117 0.0065 0.0111 0.0247 0.0351 0.0145 0.0076 0.0072 0.0035 
      H038.6  2 0.0078 0.0086 0.0134 0.8447 0.0041 0.0116 0.0041 0.0054 0.0069 0.0036 0.0063 0.0054 0.0076 0.0077 0.0056 0.0034 0.0048 0.0133 0.0088 0.0079 0.0123 0.0030 0.0038 
      H038.7  2 0.0051 0.0158 0.0059 0.8170 0.0044 0.0086 0.0039 0.0052 0.0061 0.0027 0.0033 0.0117 0.0107 0.0074 0.0062 0.0046 0.0305 0.0107 0.0196 0.0067 0.0067 0.0039 0.0033 
      H038.8  2 0.0050 0.0132 0.0052 0.7457 0.0041 0.0076 0.0050 0.0055 0.0083 0.0087 0.0057 0.0053 0.0081 0.0064 0.0045 0.0052 0.0326 0.0814 0.0138 0.0065 0.0046 0.0137 0.0039 
      H041.1  2 0.0088 0.0098 0.1356 0.0591 0.0111 0.0111 0.0103 0.0479 0.0059 0.1049 0.0029 0.0054 0.0703 0.0204 0.0542 0.0092 0.0346 0.0219 0.3003 0.0475 0.0086 0.0104 0.0099 
      H041.2  2 0.0125 0.0355 0.2217 0.0543 0.0142 0.0110 0.0409 0.1759 0.0083 0.0066 0.0098 0.0170 0.1510 0.0045 0.1025 0.0328 0.0138 0.0226 0.0175 0.0287 0.0048 0.0071 0.0071 
      H041.4  2 0.0068 0.0103 0.2863 0.1656 0.0342 0.0131 0.0259 0.0339 0.0067 0.0186 0.0132 0.0107 0.0525 0.0079 0.0604 0.0110 0.0083 0.0245 0.0529 0.0629 0.0566 0.0140 0.0235 
      H041.6  2 0.0058 0.0192 0.2450 0.1927 0.0425 0.0271 0.0180 0.0563 0.0085 0.0154 0.0138 0.0144 0.0457 0.0066 0.0384 0.0252 0.0122 0.0161 0.0288 0.0651 0.0553 0.0139 0.0339 
 H042.1_2002  2 0.0172 0.0138 0.5168 0.0061 0.0215 0.0489 0.0116 0.0887 0.0062 0.0106 0.0044 0.0065 0.0075 0.0059 0.0058 0.1196 0.0103 0.0146 0.0100 0.0153 0.0132 0.0338 0.0116 
 H042.1_2003  2 0.0371 0.0232 0.0173 0.0590 0.0334 0.0168 0.0113 0.0872 0.0220 0.0089 0.0114 0.0769 0.1256 0.0066 0.1699 0.1092 0.0180 0.0703 0.0094 0.0494 0.0109 0.0167 0.0095 
 H042.2_2002  2 0.0139 0.1093 0.6021 0.0291 0.0056 0.0361 0.0285 0.0062 0.0036 0.0054 0.0038 0.0128 0.0047 0.0222 0.0067 0.0188 0.0032 0.0180 0.0127 0.0246 0.0158 0.0091 0.0079 
 H042.2_2003  2 0.0117 0.0107 0.0991 0.0952 0.0155 0.0176 0.0228 0.5084 0.0108 0.0038 0.0087 0.0107 0.0381 0.0043 0.0183 0.0431 0.0142 0.0061 0.0079 0.0177 0.0141 0.0109 0.0104 
 H042.3_2002  2 0.0141 0.0343 0.2428 0.0054 0.0075 0.0699 0.0147 0.0270 0.0063 0.0056 0.0033 0.0046 0.0104 0.0179 0.0094 0.4268 0.0071 0.0110 0.0097 0.0220 0.0286 0.0138 0.0079 
 H042.3_2003  2 0.0100 0.0481 0.0416 0.0198 0.0141 0.1182 0.0141 0.0977 0.0112 0.0303 0.0051 0.0051 0.0320 0.0229 0.0189 0.1927 0.0097 0.0277 0.0816 0.0591 0.1114 0.0179 0.0109 
 H042.4_2002  2 0.0083 0.0056 0.5817 0.0172 0.0138 0.0085 0.0212 0.1710 0.0079 0.0072 0.0054 0.0066 0.0093 0.0081 0.0075 0.0222 0.0129 0.0136 0.0186 0.0149 0.0064 0.0255 0.0066 
 H042.4_2003  2 0.0083 0.0060 0.4854 0.0514 0.0155 0.0081 0.0108 0.0935 0.0068 0.0130 0.0038 0.0108 0.0056 0.0051 0.0157 0.0128 0.0410 0.0063 0.1140 0.0324 0.0139 0.0158 0.0239 
      H042.5  2 0.0086 0.0057 0.7747 0.0052 0.0095 0.0059 0.0059 0.0519 0.0048 0.0046 0.0035 0.0040 0.0048 0.0050 0.0116 0.0091 0.0075 0.0030 0.0098 0.0133 0.0316 0.0092 0.0106 
      H042.6  2 0.0094 0.0096 0.7336 0.0080 0.0079 0.0283 0.0056 0.0070 0.0043 0.0059 0.0037 0.0092 0.0033 0.0052 0.0059 0.0093 0.0100 0.0078 0.0435 0.0159 0.0142 0.0104 0.0418 
      H042.7  2 0.0077 0.0547 0.3250 0.0183 0.0170 0.0301 0.0367 0.0355 0.0050 0.0063 0.0070 0.0129 0.0104 0.0085 0.0125 0.2061 0.0271 0.0044 0.0421 0.0367 0.0345 0.0520 0.0093 
      H042.8  2 0.0143 0.0305 0.6197 0.0065 0.0162 0.0275 0.0278 0.0297 0.0035 0.0035 0.0052 0.0056 0.0272 0.0065 0.0180 0.0486 0.0048 0.0206 0.0085 0.0164 0.0306 0.0098 0.0193 
   H042_2002  2 0.0104 0.1550 0.0451 0.0476 0.0170 0.0999 0.0247 0.0437 0.0101 0.0037 0.0109 0.0249 0.0172 0.0108 0.0221 0.0638 0.0142 0.0326 0.0628 0.0951 0.1288 0.0094 0.0502 
   H042_2003  2 0.0101 0.1591 0.0557 0.0364 0.0258 0.0981 0.0155 0.0433 0.0073 0.0044 0.0085 0.0231 0.0180 0.0147 0.0307 0.0733 0.0172 0.0343 0.0419 0.0899 0.1327 0.0076 0.0525 
      H043.1  2 0.0050 0.0055 0.0052 0.0075 0.0041 0.0085 0.0028 0.0041 0.0075 0.0084 0.0057 0.0095 0.0077 0.0077 0.0079 0.0052 0.0078 0.0125 0.8536 0.0068 0.0073 0.0039 0.0059 
      H043.2  2 0.0102 0.0046 0.0039 0.0139 0.0150 0.0299 0.0076 0.0050 0.0051 0.0024 0.0177 0.0099 0.0100 0.0054 0.0052 0.0106 0.0093 0.0230 0.7628 0.0174 0.0079 0.0035 0.0196 
      H043.3  2 0.0068 0.0100 0.0058 0.0260 0.0077 0.0131 0.0040 0.0055 0.0040 0.0027 0.0078 0.0148 0.0095 0.0068 0.0057 0.0083 0.0120 0.0113 0.8122 0.0080 0.0055 0.0039 0.0086 
      H043.4  2 0.0089 0.0055 0.0044 0.0122 0.0083 0.0066 0.0028 0.0041 0.0047 0.0030 0.0034 0.0148 0.0065 0.0060 0.0077 0.0097 0.0092 0.0096 0.8361 0.0124 0.0056 0.0046 0.0137 
      H043.5  2 0.0078 0.0063 0.0036 0.0126 0.0100 0.0408 0.0050 0.0049 0.0044 0.0041 0.0142 0.0088 0.0131 0.0051 0.0085 0.0117 0.0132 0.0361 0.7651 0.0090 0.0071 0.0048 0.0040 
      H043.6  2 0.0049 0.0058 0.0043 0.0199 0.0121 0.0133 0.0045 0.0040 0.0052 0.0029 0.0064 0.0043 0.0050 0.0040 0.0028 0.0147 0.0078 0.0292 0.8257 0.0092 0.0048 0.0041 0.0050 
      H043.7  2 0.0060 0.0055 0.0039 0.0074 0.0121 0.0049 0.0032 0.0032 0.0041 0.0029 0.0030 0.0079 0.0111 0.0038 0.0042 0.0072 0.0092 0.0108 0.8574 0.0054 0.0044 0.0039 0.0185 
      H043.8  2 0.0043 0.0056 0.0034 0.0060 0.0059 0.0183 0.0032 0.0030 0.0063 0.0042 0.0099 0.0084 0.0111 0.0060 0.0032 0.0076 0.0049 0.0062 0.8590 0.0065 0.0039 0.0059 0.0071 
      H043.9  2 0.0042 0.0058 0.0065 0.0101 0.0043 0.0092 0.0030 0.0041 0.0055 0.0064 0.0043 0.0070 0.0044 0.0077 0.0041 0.0053 0.0045 0.0065 0.8740 0.0074 0.0055 0.0036 0.0065 
      H047.1  2 0.0108 0.0370 0.0055 0.4197 0.0136 0.0180 0.0034 0.0053 0.0051 0.0037 0.0033 0.0071 0.0113 0.0037 0.3886 0.0131 0.0076 0.0073 0.0038 0.0049 0.0167 0.0041 0.0064 
      H047.2  2 0.0345 0.0105 0.0122 0.1350 0.0163 0.0053 0.0089 0.0063 0.0058 0.0152 0.0074 0.0277 0.0175 0.0130 0.6051 0.0063 0.0148 0.0047 0.0199 0.0097 0.0065 0.0112 0.0066 
      H047.3  2 0.0325 0.0233 0.0171 0.1023 0.0085 0.0082 0.0161 0.0089 0.0059 0.0220 0.0062 0.0350 0.0228 0.0171 0.5898 0.0097 0.0102 0.0039 0.0179 0.0101 0.0097 0.0117 0.0111 
      H047.4  2 0.0069 0.0450 0.0521 0.1940 0.0212 0.0184 0.0105 0.0103 0.0071 0.0062 0.0095 0.0601 0.0918 0.0078 0.3468 0.0083 0.0208 0.0043 0.0257 0.0238 0.0104 0.0120 0.0069 
      H047.5  2 0.0206 0.0652 0.0072 0.1567 0.0099 0.0139 0.0146 0.0046 0.0060 0.0047 0.0038 0.0273 0.0157 0.0148 0.5160 0.0189 0.0075 0.0030 0.0193 0.0132 0.0134 0.0127 0.0309 
      H047.6  2 0.0071 0.0447 0.0274 0.0237 0.0112 0.0037 0.0120 0.0133 0.0043 0.0073 0.0055 0.0172 0.0219 0.0067 0.7467 0.0050 0.0072 0.0047 0.0079 0.0069 0.0045 0.0055 0.0059 
      H047.7  2 0.0075 0.1437 0.0086 0.3763 0.0085 0.0172 0.0054 0.0090 0.0036 0.0098 0.0025 0.0058 0.0144 0.0034 0.3198 0.0115 0.0051 0.0155 0.0046 0.0082 0.0097 0.0065 0.0033 
      H047.8  2 0.0147 0.0505 0.0236 0.0447 0.0098 0.0102 0.0088 0.0262 0.0047 0.0065 0.0053 0.0253 0.0159 0.0068 0.6859 0.0117 0.0071 0.0032 0.0069 0.0097 0.0085 0.0064 0.0075 
      H047.9  2 0.0353 0.1055 0.0108 0.3297 0.0092 0.0175 0.0088 0.0075 0.0062 0.0061 0.0034 0.0114 0.0084 0.0062 0.2876 0.0186 0.0117 0.0043 0.0096 0.0132 0.0298 0.0342 0.0250 
 H071.1_2002  2 0.0073 0.0056 0.0036 0.8689 0.0045 0.0077 0.0045 0.0057 0.0056 0.0032 0.0036 0.0053 0.0040 0.0050 0.0041 0.0113 0.0065 0.0038 0.0172 0.0073 0.0054 0.0039 0.0062 
 H071.1_2003  2 0.0131 0.0080 0.0066 0.6720 0.0191 0.0069 0.0109 0.0080 0.0354 0.0038 0.0041 0.0208 0.0132 0.0053 0.0088 0.0148 0.0179 0.0088 0.0608 0.0223 0.0124 0.0054 0.0214 
     H071.10  2 0.0034 0.0084 0.0056 0.7202 0.0041 0.1112 0.0033 0.0033 0.0489 0.0076 0.0099 0.0040 0.0035 0.0096 0.0032 0.0056 0.0068 0.0076 0.0091 0.0069 0.0063 0.0070 0.0044 
 H071.2_2002  2 0.0069 0.0069 0.0059 0.8045 0.0172 0.0184 0.0103 0.0049 0.0076 0.0034 0.0197 0.0059 0.0068 0.0074 0.0062 0.0094 0.0091 0.0073 0.0090 0.0092 0.0096 0.0045 0.0099 
 H071.2_2003  2 0.0055 0.0036 0.0036 0.9087 0.0044 0.0051 0.0034 0.0056 0.0038 0.0033 0.0031 0.0045 0.0031 0.0030 0.0035 0.0055 0.0044 0.0028 0.0052 0.0052 0.0041 0.0033 0.0053 
      H071.3  2 0.0042 0.0135 0.0043 0.6702 0.0044 0.0897 0.0044 0.0100 0.0362 0.0075 0.0094 0.0146 0.0348 0.0060 0.0156 0.0074 0.0098 0.0091 0.0112 0.0140 0.0077 0.0085 0.0075 
 H071.4_2002  2 0.0071 0.0104 0.0052 0.7506 0.0067 0.0504 0.0076 0.0039 0.0122 0.0071 0.0123 0.0053 0.0048 0.0166 0.0037 0.0074 0.0099 0.0133 0.0237 0.0109 0.0074 0.0158 0.0076 
 H071.4_2003  2 0.0044 0.0067 0.0032 0.8282 0.0039 0.0583 0.0028 0.0051 0.0096 0.0038 0.0078 0.0066 0.0054 0.0058 0.0051 0.0037 0.0048 0.0027 0.0043 0.0062 0.0087 0.0085 0.0045 
 H071.5_2002  2 0.0037 0.0078 0.0049 0.8794 0.0035 0.0161 0.0027 0.0039 0.0080 0.0045 0.0045 0.0045 0.0032 0.0069 0.0038 0.0040 0.0054 0.0050 0.0073 0.0050 0.0049 0.0064 0.0047 
 H071.5_2003  2 0.0097 0.0220 0.0059 0.6774 0.0103 0.0805 0.0038 0.0061 0.0186 0.0039 0.0066 0.0147 0.0134 0.0123 0.0058 0.0050 0.0202 0.0030 0.0233 0.0262 0.0110 0.0139 0.0065 
 H071.6_2002  2 0.0052 0.0179 0.0050 0.5654 0.0041 0.2927 0.0039 0.0033 0.0131 0.0035 0.0157 0.0071 0.0041 0.0080 0.0040 0.0043 0.0058 0.0043 0.0071 0.0079 0.0058 0.0055 0.0063 
 H071.6_2003  2 0.0057 0.0154 0.0041 0.7882 0.0079 0.0283 0.0028 0.0041 0.0291 0.0036 0.0066 0.0073 0.0058 0.0104 0.0037 0.0052 0.0168 0.0036 0.0251 0.0093 0.0053 0.0069 0.0048 
 H071.7_2002  2 0.0051 0.0131 0.0048 0.8565 0.0068 0.0226 0.0037 0.0036 0.0044 0.0032 0.0068 0.0138 0.0053 0.0045 0.0055 0.0061 0.0049 0.0037 0.0067 0.0046 0.0040 0.0030 0.0072 
 H071.7_2003  2 0.0091 0.0106 0.0046 0.7765 0.0077 0.0290 0.0031 0.0066 0.0336 0.0035 0.0035 0.0108 0.0063 0.0100 0.0044 0.0056 0.0099 0.0044 0.0297 0.0074 0.0067 0.0115 0.0056 
      H071.8  2 0.0057 0.0058 0.0053 0.8241 0.0104 0.0109 0.0097 0.0049 0.0051 0.0033 0.0320 0.0058 0.0050 0.0051 0.0098 0.0058 0.0054 0.0066 0.0081 0.0086 0.0096 0.0036 0.0096 
      H071.9  2 0.0049 0.0156 0.0171 0.3441 0.0127 0.1125 0.0222 0.0048 0.0151 0.0132 0.1039 0.0066 0.0125 0.0385 0.0081 0.0070 0.0120 0.0123 0.1658 0.0304 0.0126 0.0117 0.0167 
 H081.1_2002  2 0.0040 0.0068 0.0064 0.8646 0.0079 0.0058 0.0080 0.0051 0.0045 0.0061 0.0033 0.0090 0.0039 0.0046 0.0040 0.0058 0.0045 0.0040 0.0049 0.0071 0.0049 0.0073 0.0174 
 H081.1_2003  2 0.0083 0.0151 0.0549 0.0367 0.0270 0.0138 0.0307 0.0106 0.0286 0.0084 0.0102 0.2894 0.0139 0.0162 0.0156 0.0312 0.0205 0.1614 0.0172 0.1646 0.0053 0.0109 0.0096 
 H081.2_2002  2 0.0040 0.0050 0.0058 0.8060 0.0078 0.0075 0.0066 0.0044 0.0051 0.0044 0.0045 0.0152 0.0035 0.0042 0.0082 0.0068 0.0064 0.0042 0.0061 0.0098 0.0065 0.0074 0.0605 
 H081.2_2003  2 0.0068 0.0052 0.0251 0.0323 0.0120 0.0181 0.0063 0.0058 0.6100 0.0274 0.0255 0.0121 0.0183 0.0101 0.0108 0.0117 0.0126 0.0071 0.0343 0.0408 0.0118 0.0098 0.0462 
 H081.3_2002  2 0.0047 0.0045 0.0076 0.7872 0.0138 0.0071 0.0061 0.0039 0.0119 0.0057 0.0151 0.0063 0.0059 0.0053 0.0165 0.0110 0.0124 0.0050 0.0087 0.0186 0.0069 0.0079 0.0280 
 H081.3_2003  2 0.0119 0.0071 0.0241 0.0138 0.0174 0.0128 0.0115 0.0071 0.2232 0.0140 0.0374 0.0082 0.0098 0.0139 0.0116 0.0143 0.0120 0.0102 0.3021 0.1888 0.0123 0.0162 0.0204 
 H081.4_2002  2 0.0054 0.0059 0.0068 0.8632 0.0048 0.0091 0.0037 0.0059 0.0112 0.0052 0.0054 0.0077 0.0073 0.0051 0.0053 0.0111 0.0051 0.0039 0.0047 0.0070 0.0054 0.0057 0.0052 
 H081.4_2003  2 0.0241 0.0089 0.1372 0.0187 0.0360 0.0091 0.0469 0.0108 0.1272 0.0140 0.0163 0.0739 0.0128 0.0247 0.0085 0.0216 0.0554 0.0127 0.0574 0.2247 0.0068 0.0256 0.0266 
 H081.5_2002  2 0.0052 0.0061 0.0084 0.8561 0.0082 0.0065 0.0035 0.0044 0.0094 0.0032 0.0062 0.0089 0.0081 0.0050 0.0059 0.0084 0.0065 0.0041 0.0088 0.0108 0.0070 0.0037 0.0058 
 H081.5_2003  2 0.0174 0.0150 0.0707 0.0490 0.0494 0.0116 0.0374 0.0105 0.0269 0.0123 0.0109 0.3469 0.0309 0.0117 0.0176 0.0490 0.0440 0.0216 0.0363 0.0645 0.0057 0.0197 0.0410 
      H081.6  2 0.0068 0.0084 0.0048 0.8413 0.0060 0.0111 0.0068 0.0054 0.0061 0.0045 0.0036 0.0197 0.0049 0.0061 0.0043 0.0118 0.0058 0.0046 0.0047 0.0103 0.0048 0.0054 0.0128 
      H081.7  2 0.0045 0.0062 0.0051 0.7862 0.0108 0.0070 0.0045 0.0040 0.0119 0.0044 0.0072 0.0083 0.0041 0.0047 0.0087 0.0149 0.0103 0.0049 0.0115 0.0098 0.0063 0.0095 0.0551 
      H081.8  2 0.0056 0.0060 0.0117 0.7351 0.0137 0.0119 0.0081 0.0047 0.0266 0.0143 0.0437 0.0059 0.0094 0.0094 0.0073 0.0161 0.0089 0.0128 0.0090 0.0129 0.0064 0.0133 0.0073 
      H083.1  2 0.0123 0.0158 0.0403 0.7088 0.0038 0.0474 0.0122 0.0047 0.0064 0.0337 0.0089 0.0229 0.0052 0.0123 0.0087 0.0050 0.0053 0.0114 0.0079 0.0065 0.0082 0.0049 0.0075 
      H083.2  2 0.0055 0.0095 0.0099 0.6987 0.0080 0.0156 0.0043 0.0040 0.0059 0.0236 0.0066 0.0173 0.0071 0.0230 0.0406 0.0038 0.0069 0.0062 0.0383 0.0118 0.0318 0.0104 0.0112 
      H083.4  2 0.0039 0.0093 0.0116 0.5193 0.0071 0.0718 0.0051 0.0039 0.0053 0.1188 0.0817 0.0152 0.0047 0.0156 0.0137 0.0058 0.0059 0.0141 0.0169 0.0086 0.0283 0.0144 0.0190 
      H083.5  2 0.0131 0.0095 0.0303 0.6189 0.0063 0.0180 0.0315 0.0073 0.0052 0.0983 0.0130 0.0256 0.0073 0.0071 0.0178 0.0039 0.0051 0.0281 0.0074 0.0086 0.0180 0.0075 0.0122 
      H083.6  2 0.0143 0.0070 0.0165 0.5624 0.0058 0.0460 0.0549 0.0057 0.0075 0.1270 0.0279 0.0206 0.0049 0.0136 0.0071 0.0098 0.0067 0.0078 0.0051 0.0140 0.0111 0.0113 0.0131 
      H083.7  2 0.0059 0.0065 0.0062 0.4750 0.0082 0.0279 0.0071 0.0043 0.0058 0.2562 0.0333 0.0116 0.0033 0.0098 0.0158 0.0058 0.0046 0.0094 0.0083 0.0070 0.0327 0.0401 0.0151 
      H083.8  2 0.0077 0.0085 0.0115 0.6837 0.0094 0.0102 0.0051 0.0048 0.0034 0.0249 0.0063 0.0143 0.0059 0.0167 0.0739 0.0036 0.0077 0.0054 0.0353 0.0117 0.0259 0.0139 0.0101 
      H083.9  2 0.0093 0.0065 0.0300 0.6511 0.0045 0.0129 0.0220 0.0100 0.0043 0.1396 0.0092 0.0130 0.0051 0.0066 0.0182 0.0039 0.0052 0.0102 0.0062 0.0087 0.0080 0.0079 0.0077 
      H084.1  2 0.0133 0.0131 0.0405 0.0111 0.0067 0.0088 0.0578 0.0058 0.4879 0.0093 0.0085 0.0104 0.0272 0.0872 0.0113 0.0046 0.0120 0.0781 0.0345 0.0320 0.0162 0.0153 0.0083 
      H084.2  2 0.0139 0.0072 0.0633 0.0072 0.0063 0.0078 0.0081 0.0060 0.3827 0.0063 0.0118 0.0087 0.0132 0.1819 0.0051 0.0086 0.0191 0.0717 0.1049 0.0476 0.0090 0.0059 0.0037 
      H084.3  2 0.0142 0.0347 0.0161 0.0085 0.0043 0.0060 0.0966 0.0400 0.1931 0.0142 0.0074 0.0499 0.0238 0.0418 0.0109 0.0258 0.0224 0.2560 0.0200 0.0322 0.0121 0.0628 0.0071 
      H084.4  2 0.0080 0.0111 0.0507 0.0069 0.0072 0.0082 0.0363 0.0236 0.1035 0.0046 0.0129 0.0711 0.2280 0.0282 0.0140 0.0291 0.0356 0.2276 0.0327 0.0318 0.0111 0.0144 0.0034 
      H084.5  2 0.0114 0.1174 0.0145 0.0071 0.0053 0.0061 0.1604 0.0069 0.2899 0.0062 0.0070 0.0326 0.1163 0.0325 0.0200 0.0279 0.0199 0.0457 0.0093 0.0337 0.0082 0.0128 0.0089 
      H084.6  2 0.0050 0.0548 0.0057 0.0061 0.0055 0.0049 0.0635 0.0089 0.5719 0.0289 0.0166 0.0115 0.0168 0.0120 0.0175 0.0108 0.0117 0.0711 0.0067 0.0144 0.0062 0.0406 0.0088 
      H084.7  2 0.0098 0.0098 0.0622 0.0083 0.0074 0.0094 0.0198 0.0051 0.5573 0.0059 0.0122 0.0095 0.0298 0.1303 0.0074 0.0082 0.0085 0.0173 0.0268 0.0299 0.0117 0.0089 0.0045 
      H084.8  2 0.0077 0.0171 0.0086 0.0054 0.0042 0.0044 0.2489 0.0111 0.3618 0.0082 0.0083 0.0173 0.1148 0.0158 0.0225 0.0095 0.0086 0.0733 0.0053 0.0127 0.0113 0.0154 0.0078 
 H085.1_2002  2 0.0058 0.0103 0.0266 0.0179 0.0086 0.0122 0.0051 0.0046 0.0131 0.0107 0.0055 0.0065 0.0033 0.0116 0.0085 0.0123 0.0064 0.0124 0.0882 0.0653 0.0032 0.0069 0.6550 
 H085.1_2003  2 0.0079 0.0046 0.0430 0.2961 0.0100 0.0348 0.0101 0.0100 0.0090 0.1147 0.0238 0.0074 0.0212 0.0169 0.0144 0.0144 0.1114 0.0119 0.0924 0.0143 0.0093 0.0107 0.1118 
 H085.2_2002  2 0.0072 0.0099 0.0359 0.0307 0.0939 0.0212 0.0205 0.0070 0.0228 0.1422 0.0096 0.0212 0.0051 0.0207 0.0064 0.0765 0.0397 0.0568 0.1235 0.1125 0.0060 0.0223 0.1084 
 H085.2_2003  2 0.0143 0.0068 0.0558 0.5259 0.0129 0.0295 0.0064 0.0171 0.0122 0.0424 0.0165 0.0154 0.0175 0.0340 0.0318 0.0260 0.0347 0.0105 0.0310 0.0176 0.0112 0.0057 0.0248 
 H085.3_2002  2 0.0054 0.0039 0.0151 0.0105 0.0131 0.0063 0.0087 0.0108 0.0046 0.0174 0.0041 0.0167 0.0059 0.0064 0.0079 0.0363 0.1061 0.0048 0.0444 0.0244 0.0062 0.0114 0.6294 
 H085.3_2003  2 0.0064 0.0031 0.0095 0.5575 0.0066 0.0105 0.0032 0.0114 0.0101 0.0072 0.0059 0.0151 0.0327 0.0064 0.0079 0.0978 0.1469 0.0041 0.0127 0.0079 0.0083 0.0062 0.0225 
 H085.4_2002  2 0.0111 0.0076 0.0341 0.0911 0.0583 0.0467 0.0263 0.0071 0.0182 0.0203 0.0091 0.0082 0.0039 0.0179 0.0068 0.0747 0.0166 0.0259 0.0852 0.0973 0.0066 0.0076 0.3192 
 H085.4_2003  2 0.0104 0.0311 0.0605 0.5808 0.0184 0.0103 0.0088 0.0545 0.0196 0.0065 0.0049 0.0188 0.0252 0.0061 0.0075 0.0334 0.0321 0.0068 0.0179 0.0194 0.0036 0.0143 0.0092 
 H085.5_2002  2 0.0076 0.0040 0.0076 0.0064 0.0131 0.0055 0.0081 0.0063 0.0042 0.0045 0.0037 0.0054 0.0061 0.0069 0.0056 0.0201 0.0543 0.0046 0.0412 0.0094 0.0060 0.0053 0.7641 
 H085.5_2003  2 0.0090 0.0039 0.0184 0.7099 0.0046 0.0364 0.0031 0.0194 0.0181 0.0354 0.0046 0.0056 0.0078 0.0146 0.0152 0.0234 0.0149 0.0065 0.0068 0.0089 0.0083 0.0058 0.0195 
 H085.6_2002  2 0.0035 0.0062 0.0141 0.0098 0.0092 0.0056 0.0066 0.0042 0.0046 0.0151 0.0040 0.0102 0.0052 0.0085 0.0081 0.0098 0.0275 0.0096 0.2092 0.1917 0.0039 0.0056 0.4278 
 H085.6_2003  2 0.0115 0.0059 0.0205 0.0608 0.0370 0.0069 0.0108 0.0111 0.0072 0.0041 0.0073 0.0325 0.0488 0.0055 0.0184 0.0592 0.5350 0.0060 0.0380 0.0298 0.0079 0.0111 0.0245 
 H085.7_2002  2 0.0112 0.0061 0.0616 0.0659 0.0457 0.0135 0.0060 0.0117 0.0119 0.0543 0.0084 0.0762 0.0095 0.0087 0.0383 0.0622 0.1192 0.0147 0.0311 0.0809 0.0090 0.0071 0.2468 
 H085.7_2003  2 0.0083 0.0046 0.0089 0.5866 0.0075 0.0270 0.0063 0.0112 0.0068 0.0100 0.0058 0.0065 0.0192 0.0123 0.0127 0.0544 0.0825 0.0065 0.0816 0.0112 0.0066 0.0114 0.0119 
 H085.8_2002  2 0.0060 0.0051 0.0121 0.0317 0.0531 0.0143 0.0130 0.0071 0.0075 0.0173 0.0082 0.0338 0.0140 0.0067 0.0084 0.1525 0.4260 0.0159 0.0314 0.0307 0.0060 0.0087 0.0905 
 H085.8_2003  2 0.0171 0.0187 0.2633 0.1252 0.0204 0.0195 0.0119 0.0361 0.0156 0.0749 0.0066 0.0174 0.0142 0.0247 0.0323 0.0503 0.0434 0.0175 0.0502 0.0591 0.0058 0.0258 0.0502 
      H085.9  2 0.0124 0.0099 0.0560 0.0499 0.0111 0.0142 0.0080 0.0102 0.0124 0.0166 0.0088 0.0112 0.0086 0.0061 0.0104 0.0390 0.0171 0.0285 0.0490 0.0550 0.0066 0.0120 0.5469 
      H088.1  2 0.0115 0.0047 0.6246 0.0071 0.0144 0.0154 0.0887 0.0171 0.0055 0.0115 0.0373 0.0066 0.0044 0.0085 0.0082 0.0042 0.0054 0.0061 0.0098 0.0222 0.0469 0.0195 0.0204 
      H088.2  2 0.0079 0.0108 0.7308 0.0045 0.0175 0.0215 0.0347 0.0086 0.0061 0.0083 0.0107 0.0189 0.0027 0.0100 0.0114 0.0048 0.0086 0.0063 0.0112 0.0186 0.0118 0.0136 0.0209 
      H088.3  2 0.0082 0.0089 0.7863 0.0051 0.0160 0.0109 0.0254 0.0114 0.0053 0.0058 0.0127 0.0156 0.0037 0.0068 0.0112 0.0050 0.0058 0.0064 0.0075 0.0096 0.0126 0.0071 0.0128 
      H088.4  2 0.0044 0.0058 0.8681 0.0066 0.0072 0.0049 0.0064 0.0107 0.0064 0.0029 0.0091 0.0067 0.0058 0.0073 0.0042 0.0038 0.0045 0.0047 0.0075 0.0069 0.0098 0.0028 0.0034 
      H088.5  2 0.0050 0.0044 0.8742 0.0038 0.0076 0.0057 0.0083 0.0089 0.0061 0.0042 0.0108 0.0035 0.0042 0.0050 0.0053 0.0030 0.0046 0.0045 0.0056 0.0064 0.0097 0.0051 0.0039 
      H088.6  2 0.0059 0.0048 0.8418 0.0062 0.0060 0.0068 0.0119 0.0081 0.0064 0.0054 0.0204 0.0052 0.0061 0.0063 0.0087 0.0044 0.0052 0.0041 0.0066 0.0068 0.0118 0.0062 0.0049 
      H088.7  2 0.0049 0.0079 0.8503 0.0130 0.0047 0.0054 0.0095 0.0072 0.0042 0.0043 0.0065 0.0072 0.0071 0.0074 0.0113 0.0041 0.0053 0.0042 0.0085 0.0096 0.0059 0.0051 0.0063 
      H088.8  2 0.0067 0.0064 0.7650 0.0188 0.0071 0.0090 0.0110 0.0202 0.0076 0.0052 0.0367 0.0051 0.0099 0.0079 0.0118 0.0040 0.0061 0.0053 0.0059 0.0149 0.0219 0.0088 0.0046 
      H091.1  2 0.0091 0.0071 0.3878 0.0187 0.0052 0.0335 0.0078 0.1844 0.0064 0.0262 0.0055 0.0037 0.0121 0.0174 0.0106 0.0485 0.0515 0.0094 0.1053 0.0285 0.0087 0.0066 0.0059 
      H091.2  2 0.0089 0.0096 0.5221 0.0164 0.0059 0.1077 0.0052 0.0484 0.0045 0.0247 0.0077 0.0052 0.0163 0.0231 0.0189 0.0494 0.0233 0.0040 0.0463 0.0124 0.0138 0.0183 0.0079 
      H109.1  2 0.0127 0.0755 0.0076 0.0139 0.0098 0.0112 0.0144 0.0074 0.0275 0.1238 0.0974 0.0075 0.0339 0.0891 0.1808 0.0189 0.0199 0.0317 0.0851 0.0892 0.0103 0.0084 0.0241 
      H109.2  2 0.0060 0.0468 0.0094 0.0381 0.0296 0.0313 0.0123 0.0184 0.3638 0.0161 0.0150 0.0137 0.0178 0.0985 0.0394 0.0109 0.0321 0.0187 0.0713 0.0769 0.0070 0.0208 0.0063 
      H109.3  2 0.0152 0.0138 0.0164 0.0140 0.0068 0.0760 0.0089 0.0238 0.0437 0.0088 0.0104 0.0192 0.0515 0.0415 0.0815 0.0088 0.0242 0.0065 0.4448 0.0517 0.0165 0.0124 0.0035 
      H109.4  2 0.0101 0.0165 0.0095 0.0130 0.0189 0.0408 0.0104 0.0621 0.0595 0.0147 0.0681 0.0082 0.1411 0.0628 0.0276 0.0109 0.0287 0.0418 0.2276 0.0899 0.0206 0.0108 0.0062 
      H109.5  2 0.0145 0.0125 0.0580 0.0645 0.0105 0.0792 0.0424 0.0356 0.0529 0.0058 0.0048 0.0214 0.0626 0.0138 0.0169 0.0116 0.0080 0.0041 0.3920 0.0595 0.0133 0.0109 0.0049 
      H109.6  2 0.0118 0.0760 0.0121 0.0248 0.0153 0.0208 0.0152 0.0110 0.2366 0.0128 0.0999 0.0161 0.0183 0.0291 0.0700 0.0087 0.0344 0.0192 0.1100 0.0979 0.0111 0.0405 0.0086 
      H126.1  2 0.0351 0.1838 0.0129 0.0090 0.1445 0.0553 0.0103 0.0289 0.0066 0.0084 0.0219 0.0098 0.0083 0.0789 0.0103 0.0267 0.0187 0.0089 0.0224 0.0774 0.0909 0.0082 0.1228 
      H126.2  2 0.0206 0.0171 0.0111 0.0347 0.0867 0.4302 0.0058 0.0154 0.0067 0.0163 0.0124 0.0137 0.0109 0.0096 0.0528 0.0101 0.0140 0.0324 0.0113 0.1080 0.0303 0.0065 0.0433 
      H126.3  2 0.0067 0.2802 0.0505 0.0114 0.0083 0.4777 0.0069 0.0087 0.0033 0.0121 0.0091 0.0033 0.0047 0.0274 0.0074 0.0072 0.0032 0.0052 0.0069 0.0395 0.0091 0.0036 0.0076 
      H126.4  2 0.0091 0.0238 0.0149 0.0195 0.3315 0.1540 0.0097 0.0095 0.0094 0.0121 0.0067 0.0116 0.0095 0.0266 0.0150 0.0078 0.0078 0.0098 0.0074 0.0618 0.2199 0.0066 0.0160 
      H126.5  2 0.0212 0.0710 0.0076 0.0658 0.1006 0.4858 0.0059 0.0103 0.0056 0.0061 0.0088 0.0396 0.0090 0.0078 0.0067 0.0089 0.0089 0.0046 0.0127 0.0600 0.0254 0.0083 0.0194 
      H126.6  2 0.0092 0.1921 0.0217 0.0828 0.0171 0.3813 0.0050 0.0044 0.0040 0.0050 0.0051 0.0188 0.0056 0.0086 0.0164 0.0038 0.0078 0.0047 0.0226 0.0355 0.0075 0.0038 0.1372 
      H126.7  2 0.0069 0.0191 0.0654 0.4859 0.0056 0.1795 0.0032 0.0117 0.0060 0.0077 0.0063 0.0166 0.0067 0.0064 0.0073 0.0058 0.0104 0.0033 0.0083 0.0241 0.0668 0.0068 0.0405 
      H130.1  2 0.0174 0.0078 0.0211 0.0062 0.1184 0.0067 0.0119 0.0254 0.0073 0.0069 0.0147 0.0194 0.0135 0.0095 0.0093 0.0089 0.0267 0.0054 0.1650 0.4599 0.0215 0.0101 0.0071 
      H130.2  2 0.0483 0.0053 0.0327 0.0353 0.1047 0.0160 0.0095 0.0130 0.2776 0.0377 0.0671 0.0467 0.0253 0.0182 0.0278 0.0098 0.0379 0.0101 0.0498 0.0874 0.0052 0.0237 0.0110 
      H130.3  2 0.2198 0.0056 0.0204 0.0245 0.0125 0.0053 0.0095 0.0173 0.0853 0.0047 0.0253 0.0967 0.0048 0.0194 0.0133 0.0041 0.0213 0.0039 0.0305 0.3519 0.0076 0.0115 0.0046 
      H130.4  2 0.1116 0.0054 0.0266 0.0061 0.2602 0.0107 0.0089 0.0134 0.0187 0.0160 0.0334 0.0130 0.0069 0.0306 0.0147 0.0058 0.0105 0.0157 0.1370 0.2075 0.0082 0.0254 0.0135 
      H130.5  2 0.0102 0.0055 0.0542 0.0476 0.0766 0.0104 0.0127 0.0128 0.0865 0.0117 0.0129 0.0803 0.0071 0.0102 0.0052 0.0108 0.0244 0.0040 0.1707 0.2963 0.0049 0.0292 0.0154 
      H133.1  2 0.0112 0.0043 0.0083 0.0109 0.0128 0.0049 0.0052 0.0046 0.0070 0.0047 0.0044 0.0057 0.0067 0.0286 0.0091 0.0049 0.0046 0.0136 0.8207 0.0081 0.0103 0.0049 0.0045 
      H133.2  2 0.0076 0.0069 0.0095 0.0040 0.0130 0.0051 0.0067 0.0063 0.0131 0.0029 0.0065 0.0078 0.0097 0.0057 0.0104 0.0052 0.0101 0.0043 0.8285 0.0172 0.0060 0.0048 0.0088 
      H133.3  2 0.0087 0.0070 0.0241 0.0094 0.0069 0.0095 0.0117 0.0050 0.0058 0.0067 0.0041 0.0055 0.0042 0.0296 0.0080 0.0075 0.0085 0.0175 0.7774 0.0106 0.0114 0.0059 0.0149 
      H133.4  2 0.0108 0.0046 0.0058 0.0065 0.0080 0.0056 0.0050 0.0057 0.0069 0.0061 0.0085 0.0084 0.0269 0.0161 0.0145 0.0056 0.0059 0.0128 0.8095 0.0088 0.0065 0.0060 0.0055 
      H133.5  2 0.0104 0.0045 0.0202 0.0048 0.0114 0.0099 0.0052 0.0039 0.0111 0.0066 0.0089 0.0113 0.0067 0.0842 0.0054 0.0133 0.0118 0.0066 0.7157 0.0189 0.0094 0.0039 0.0157 
      H133.6  2 0.0118 0.0087 0.0762 0.0068 0.0155 0.0069 0.0130 0.0074 0.0113 0.0072 0.0090 0.0111 0.0062 0.0277 0.0075 0.0079 0.0182 0.0058 0.6690 0.0353 0.0133 0.0072 0.0171 
      H133.7  2 0.0071 0.0044 0.0070 0.0074 0.0094 0.0034 0.0093 0.0082 0.0047 0.0069 0.0035 0.0054 0.0168 0.0331 0.0149 0.0053 0.0088 0.0156 0.7922 0.0070 0.0067 0.0130 0.0098 
      H133.8  2 0.0146 0.0040 0.0047 0.0040 0.0069 0.0060 0.0040 0.0038 0.0051 0.0060 0.0026 0.0040 0.0068 0.0105 0.0058 0.0237 0.0037 0.0064 0.8348 0.0097 0.0046 0.0036 0.0244 
      H133.9  2 0.0203 0.0042 0.0069 0.0077 0.0158 0.0044 0.0065 0.0055 0.0068 0.0069 0.0034 0.0086 0.0049 0.0262 0.0087 0.0057 0.0102 0.0183 0.7820 0.0185 0.0174 0.0055 0.0054 
      H147.1  2 0.0036 0.0146 0.0095 0.2464 0.0171 0.0107 0.0238 0.0560 0.0941 0.0223 0.0052 0.1540 0.1003 0.0044 0.0311 0.0640 0.0144 0.0184 0.0171 0.0228 0.0047 0.0125 0.0531 
      H147.2  2 0.0041 0.0085 0.0103 0.7594 0.0097 0.0054 0.0083 0.0092 0.0160 0.0043 0.0048 0.0625 0.0079 0.0042 0.0059 0.0257 0.0154 0.0051 0.0057 0.0081 0.0036 0.0062 0.0099 
      H147.3  2 0.0046 0.0081 0.0047 0.7599 0.0079 0.0062 0.0067 0.0079 0.0228 0.0072 0.0028 0.0570 0.0095 0.0053 0.0059 0.0120 0.0138 0.0047 0.0067 0.0090 0.0053 0.0074 0.0248 
      H147.4  2 0.0043 0.0051 0.0047 0.7551 0.0033 0.0056 0.0052 0.0150 0.0710 0.0092 0.0035 0.0166 0.0163 0.0040 0.0120 0.0156 0.0063 0.0189 0.0042 0.0055 0.0041 0.0047 0.0099 
      H147.5  2 0.0071 0.0122 0.0670 0.3974 0.0088 0.0184 0.0213 0.0478 0.1678 0.0255 0.0094 0.0824 0.0148 0.0063 0.0098 0.0157 0.0202 0.0063 0.0050 0.0169 0.0102 0.0065 0.0232 
      H147.6  2 0.0065 0.0131 0.0726 0.3379 0.0080 0.0194 0.0080 0.0422 0.2073 0.0172 0.0081 0.0908 0.0491 0.0078 0.0110 0.0119 0.0192 0.0069 0.0072 0.0245 0.0114 0.0057 0.0141 
      H147.7  2 0.0048 0.0078 0.0042 0.6773 0.0069 0.0077 0.0096 0.0219 0.0552 0.0128 0.0037 0.0349 0.0499 0.0043 0.0122 0.0202 0.0087 0.0235 0.0047 0.0065 0.0074 0.0068 0.0090 
      H147.8  2 0.0035 0.0085 0.0429 0.5336 0.0037 0.0320 0.0109 0.0247 0.1427 0.0213 0.0101 0.0243 0.0247 0.0064 0.0141 0.0227 0.0070 0.0312 0.0089 0.0088 0.0035 0.0033 0.0111 
      H147.9  2 0.0052 0.0072 0.0050 0.7865 0.0079 0.0091 0.0068 0.0071 0.0246 0.0060 0.0049 0.0308 0.0153 0.0044 0.0070 0.0123 0.0097 0.0053 0.0050 0.0071 0.0111 0.0043 0.0174 
      H148.1  2 0.0055 0.0279 0.0134 0.0081 0.5294 0.0108 0.0508 0.0175 0.0278 0.0151 0.0318 0.0242 0.0153 0.0288 0.0141 0.0501 0.0222 0.0348 0.0068 0.0343 0.0072 0.0176 0.0064 
      H148.2  2 0.0041 0.0466 0.0088 0.0103 0.2322 0.0137 0.2809 0.0084 0.0183 0.0164 0.0470 0.0147 0.0135 0.0524 0.0109 0.0261 0.0094 0.0233 0.0086 0.0545 0.0066 0.0763 0.0169 
      H148.3  2 0.0088 0.0129 0.0143 0.0090 0.0203 0.0085 0.1389 0.0143 0.0185 0.0074 0.0316 0.0103 0.0111 0.0074 0.0179 0.2934 0.0227 0.0379 0.0060 0.0687 0.0089 0.2233 0.0079 
      H148.4  2 0.0072 0.0211 0.0088 0.0101 0.2999 0.0143 0.0987 0.0181 0.0110 0.0071 0.1790 0.0807 0.0112 0.0198 0.0098 0.0566 0.0175 0.0380 0.0088 0.0190 0.0069 0.0468 0.0097 
      H148.5  2 0.0077 0.0235 0.0175 0.0085 0.0226 0.0077 0.1816 0.0212 0.0378 0.0098 0.1602 0.0201 0.0051 0.0087 0.0099 0.0169 0.0058 0.0290 0.0038 0.0069 0.0098 0.3781 0.0079 
      H148.6  2 0.0043 0.0211 0.0103 0.0137 0.1175 0.0100 0.1587 0.0435 0.0124 0.0313 0.0488 0.0131 0.0096 0.0230 0.0123 0.0629 0.0112 0.0829 0.0049 0.0352 0.0046 0.2571 0.0117 
      H148.7  2 0.0086 0.0250 0.0230 0.0065 0.0948 0.0157 0.2475 0.0385 0.0224 0.0090 0.1753 0.0313 0.0111 0.0422 0.0154 0.0272 0.0124 0.0312 0.0067 0.0413 0.0159 0.0922 0.0067 
      H148.8  2 0.0061 0.0063 0.0218 0.0060 0.2179 0.0067 0.1904 0.0677 0.0097 0.0054 0.0401 0.0155 0.0072 0.0080 0.0046 0.0293 0.0087 0.0283 0.0055 0.0170 0.0039 0.2835 0.0104 
      H148.9  2 0.0118 0.0968 0.0077 0.0064 0.0991 0.0139 0.0456 0.0200 0.0194 0.0139 0.0409 0.0120 0.0104 0.1703 0.0545 0.0910 0.0122 0.0884 0.0060 0.0422 0.0139 0.0822 0.0414 
   H166022.1  2 0.0044 0.0078 0.4381 0.0129 0.0067 0.0129 0.0210 0.1595 0.0709 0.0737 0.0062 0.0580 0.0131 0.0076 0.0101 0.0191 0.0071 0.0100 0.0081 0.0254 0.0054 0.0092 0.0127 
   H166022.2  2 0.0109 0.0130 0.2563 0.0423 0.0120 0.0218 0.0140 0.0712 0.0897 0.0500 0.0165 0.1807 0.0559 0.0155 0.0302 0.0121 0.0203 0.0123 0.0066 0.0247 0.0098 0.0185 0.0159 
   H166022.3  2 0.0064 0.0047 0.3763 0.0049 0.0096 0.0109 0.0108 0.2435 0.0160 0.1545 0.0203 0.0310 0.0057 0.0218 0.0110 0.0071 0.0137 0.0051 0.0045 0.0194 0.0066 0.0106 0.0056 
   H166022.4  2 0.0080 0.0048 0.7173 0.0058 0.0036 0.0066 0.0098 0.0293 0.0113 0.0247 0.0120 0.0764 0.0045 0.0079 0.0073 0.0083 0.0163 0.0055 0.0054 0.0131 0.0111 0.0069 0.0040 
   H166022.5  2 0.0104 0.0052 0.4943 0.0109 0.0049 0.0069 0.0106 0.0598 0.0944 0.0290 0.0099 0.1463 0.0117 0.0164 0.0107 0.0104 0.0162 0.0051 0.0049 0.0232 0.0055 0.0089 0.0045 
   H166022.6  2 0.0074 0.0050 0.3626 0.0067 0.0205 0.0058 0.0127 0.1884 0.0303 0.0358 0.0079 0.0474 0.0134 0.0113 0.0386 0.0148 0.0301 0.0271 0.0181 0.0928 0.0097 0.0058 0.0077 
   H166022.7  2 0.0055 0.0047 0.0077 0.0069 0.0058 0.0096 0.0043 0.0042 0.0081 0.0035 0.8664 0.0043 0.0187 0.0046 0.0066 0.0047 0.0054 0.0045 0.0059 0.0054 0.0053 0.0038 0.0040 
   H166022.8  2 0.0176 0.0079 0.0526 0.0115 0.0397 0.0053 0.0159 0.0552 0.0988 0.0259 0.0043 0.4386 0.0133 0.0142 0.0154 0.0209 0.0373 0.0084 0.0194 0.0640 0.0073 0.0065 0.0202 
   H167397.1  2 0.0047 0.0140 0.0323 0.0244 0.0149 0.0088 0.0100 0.1793 0.0206 0.0055 0.0080 0.0255 0.0880 0.0067 0.0071 0.0251 0.0101 0.4582 0.0084 0.0282 0.0058 0.0086 0.0058 
   H167397.2  2 0.0090 0.0083 0.0204 0.0246 0.0990 0.0275 0.0133 0.0067 0.0142 0.0449 0.0083 0.0649 0.0128 0.0155 0.0098 0.1041 0.0102 0.4134 0.0083 0.0337 0.0046 0.0089 0.0376 
   H167397.3  2 0.0079 0.0231 0.0208 0.0465 0.0300 0.0097 0.0071 0.0752 0.0167 0.0081 0.0052 0.0179 0.0694 0.0084 0.0084 0.0119 0.0100 0.5664 0.0105 0.0265 0.0051 0.0093 0.0059 
   H167397.4  2 0.0093 0.0069 0.0161 0.0376 0.0077 0.0144 0.0472 0.0054 0.0161 0.0215 0.0094 0.0133 0.0136 0.0170 0.0440 0.1094 0.0070 0.5310 0.0069 0.0167 0.0063 0.0128 0.0304 
   H167397.5  2 0.0065 0.0057 0.0223 0.0249 0.0350 0.0149 0.0117 0.0263 0.0245 0.0080 0.0175 0.0435 0.0395 0.0131 0.0104 0.0639 0.0316 0.5521 0.0126 0.0147 0.0057 0.0096 0.0061 
   H167397.6  2 0.0150 0.0832 0.0261 0.0297 0.0192 0.0160 0.0266 0.0320 0.0061 0.0066 0.0075 0.0073 0.0428 0.0171 0.0105 0.0145 0.0077 0.5599 0.0174 0.0243 0.0100 0.0105 0.0099 
   H167496.1  2 0.0122 0.0158 0.2909 0.0121 0.0079 0.0149 0.1309 0.0572 0.0163 0.0189 0.0070 0.0240 0.0073 0.0307 0.0131 0.0206 0.0437 0.0083 0.0432 0.1251 0.0336 0.0626 0.0037 
   H167496.2  2 0.0084 0.0796 0.1026 0.0557 0.0168 0.0519 0.0572 0.0104 0.0143 0.0080 0.0506 0.0716 0.0192 0.0219 0.0451 0.0130 0.0799 0.0104 0.0660 0.0834 0.0282 0.0932 0.0124 
   H167496.3  2 0.0252 0.0086 0.1270 0.0380 0.0222 0.0087 0.0245 0.0570 0.0077 0.0714 0.0055 0.0365 0.0067 0.0135 0.0312 0.0412 0.0929 0.0097 0.0265 0.1143 0.0508 0.0966 0.0843 
   H167496.4  2 0.0042 0.0068 0.8861 0.0076 0.0038 0.0073 0.0038 0.0056 0.0058 0.0052 0.0043 0.0064 0.0049 0.0050 0.0052 0.0059 0.0048 0.0039 0.0042 0.0046 0.0047 0.0037 0.0061 
   H167496.6  2 0.0085 0.0116 0.7338 0.0110 0.0061 0.0069 0.0100 0.0108 0.0110 0.0045 0.0068 0.0608 0.0119 0.0095 0.0121 0.0108 0.0325 0.0042 0.0060 0.0095 0.0114 0.0030 0.0074 
   H167496.7  2 0.0148 0.0331 0.0186 0.0102 0.0189 0.0212 0.0113 0.2146 0.0064 0.0223 0.0043 0.0394 0.0483 0.0240 0.0209 0.0575 0.2426 0.0057 0.0257 0.0633 0.0085 0.0815 0.0070 
   H167496.8  2 0.0058 0.0237 0.7649 0.0140 0.0063 0.0056 0.0087 0.0064 0.0096 0.0075 0.0065 0.0419 0.0211 0.0069 0.0105 0.0100 0.0082 0.0061 0.0094 0.0084 0.0068 0.0049 0.0070 
   H167513.1  2 0.0050 0.0124 0.0076 0.0070 0.0064 0.0071 0.0045 0.0052 0.0078 0.0086 0.0111 0.0143 0.0061 0.0128 0.8310 0.0057 0.0081 0.0071 0.0086 0.0095 0.0047 0.0044 0.0049 
   H167513.2  2 0.0044 0.0122 0.0093 0.0052 0.0087 0.0029 0.0112 0.0138 0.0041 0.0054 0.0044 0.0072 0.0074 0.0063 0.8235 0.0078 0.0139 0.0122 0.0080 0.0085 0.0083 0.0087 0.0065 
   H167513.3  2 0.0143 0.0101 0.0066 0.0092 0.0055 0.0074 0.0032 0.0117 0.0362 0.0104 0.0055 0.0187 0.0162 0.0255 0.7507 0.0090 0.0049 0.0063 0.0048 0.0092 0.0144 0.0155 0.0046 
   H167513.4  2 0.0066 0.0207 0.0176 0.0095 0.0115 0.0047 0.0093 0.0081 0.0119 0.0437 0.0076 0.0273 0.0139 0.1408 0.6026 0.0055 0.0106 0.0089 0.0097 0.0084 0.0049 0.0081 0.0079 
   H167513.5  2 0.0034 0.0080 0.0101 0.0038 0.0081 0.0040 0.0102 0.0066 0.0053 0.0061 0.0037 0.0060 0.0073 0.0053 0.8533 0.0054 0.0097 0.0126 0.0105 0.0054 0.0041 0.0051 0.0059 
   H167513.6  2 0.0065 0.0118 0.0109 0.0105 0.0056 0.0051 0.0051 0.0142 0.0349 0.0126 0.0057 0.0207 0.0108 0.0087 0.7687 0.0078 0.0097 0.0068 0.0084 0.0133 0.0051 0.0099 0.0070 
   H167513.7  2 0.0057 0.0105 0.0083 0.0090 0.0048 0.0061 0.0030 0.0045 0.0070 0.0186 0.0058 0.0078 0.0054 0.0186 0.8112 0.0074 0.0059 0.0261 0.0158 0.0069 0.0032 0.0040 0.0044 
   H167513.8  2 0.0069 0.0077 0.0049 0.0072 0.0039 0.0062 0.0026 0.0046 0.0220 0.0059 0.0073 0.0160 0.0154 0.0121 0.8189 0.0039 0.0073 0.0141 0.0129 0.0086 0.0043 0.0041 0.0034 
   H167547.1  2 0.0076 0.0061 0.0039 0.0042 0.0134 0.0062 0.0068 0.8315 0.0036 0.0076 0.0058 0.0064 0.0053 0.0057 0.0059 0.0058 0.0092 0.0073 0.0047 0.0096 0.0060 0.0325 0.0048 
   H167547.2  2 0.0043 0.0060 0.0051 0.0047 0.0072 0.0042 0.0058 0.8694 0.0030 0.0052 0.0032 0.0052 0.0104 0.0044 0.0054 0.0058 0.0071 0.0065 0.0048 0.0063 0.0032 0.0174 0.0053 
   H167547.3  2 0.0050 0.0058 0.0051 0.0052 0.0067 0.0045 0.0054 0.8648 0.0049 0.0060 0.0028 0.0045 0.0116 0.0044 0.0046 0.0069 0.0094 0.0060 0.0051 0.0059 0.0042 0.0168 0.0044 
   H167547.4  2 0.0060 0.0040 0.0036 0.0034 0.0071 0.0054 0.0046 0.8376 0.0038 0.0299 0.0044 0.0091 0.0041 0.0063 0.0040 0.0047 0.0086 0.0065 0.0061 0.0201 0.0054 0.0096 0.0057 
   H167547.5  2 0.0047 0.0096 0.0131 0.0112 0.0089 0.0061 0.1569 0.5547 0.0121 0.0118 0.0062 0.0041 0.0125 0.0041 0.0069 0.0217 0.0097 0.0110 0.0065 0.0099 0.0241 0.0885 0.0056 
   H167547.6  2 0.0068 0.0071 0.0115 0.0110 0.0090 0.0043 0.2015 0.5539 0.0143 0.0111 0.0069 0.0058 0.0160 0.0041 0.0052 0.0135 0.0072 0.0113 0.0082 0.0156 0.0205 0.0508 0.0045 
   H167547.7  2 0.0190 0.0171 0.0120 0.0170 0.0320 0.0161 0.0180 0.0579 0.0159 0.0264 0.0332 0.0140 0.0192 0.0083 0.0760 0.0192 0.0177 0.0133 0.1176 0.1759 0.0301 0.1902 0.0539 
   H169750.1  2 0.0125 0.0096 0.0473 0.0056 0.0492 0.0339 0.0056 0.0647 0.0106 0.0314 0.0105 0.0079 0.0075 0.0582 0.0168 0.0098 0.0660 0.0129 0.3434 0.1368 0.0223 0.0276 0.0097 
   H169750.2  2 0.0354 0.0067 0.0128 0.0535 0.0348 0.0113 0.0172 0.0309 0.0356 0.0056 0.0152 0.0312 0.0801 0.0342 0.0803 0.1035 0.0327 0.0263 0.2107 0.1041 0.0143 0.0096 0.0138 
   H169750.3  2 0.0250 0.0047 0.0172 0.0084 0.0078 0.0413 0.0065 0.0400 0.0279 0.0083 0.0193 0.0039 0.0145 0.0747 0.0448 0.0072 0.0507 0.0034 0.4515 0.0945 0.0134 0.0184 0.0165 
