      H008.1  2 0.0091 0.0132 0.0110 0.0078 0.0626 0.0068 0.0128 0.0372 0.0105 0.0076 0.7308 0.0216 0.0089 0.0184 0.0198 0.0218 
      H008.2  2 0.0108 0.0239 0.0274 0.0145 0.0228 0.0420 0.0364 0.4918 0.0378 0.0198 0.0644 0.0156 0.0520 0.0271 0.0616 0.0520 
      H008.3  2 0.0135 0.0377 0.0118 0.0180 0.0178 0.0389 0.1019 0.1759 0.0584 0.0269 0.0606 0.0383 0.0736 0.0369 0.2231 0.0668 
      H008.4  2 0.0113 0.0119 0.0139 0.0129 0.0751 0.0514 0.0125 0.0787 0.0390 0.0096 0.5542 0.0114 0.0176 0.0433 0.0144 0.0426 
      H008.5  2 0.0101 0.0108 0.0080 0.0095 0.0103 0.0151 0.0140 0.0152 0.0483 0.0128 0.7628 0.0194 0.0175 0.0176 0.0195 0.0092 
      H008.6  2 0.0085 0.0136 0.0140 0.0162 0.0317 0.0706 0.0063 0.3805 0.0332 0.0229 0.1706 0.0058 0.0480 0.0291 0.0510 0.0981 
      H008.7  2 0.0189 0.0380 0.0159 0.0180 0.0460 0.0768 0.0561 0.1937 0.0664 0.0085 0.2757 0.0114 0.0148 0.0364 0.0425 0.0810 
      H008.8  2 0.0106 0.0078 0.0877 0.0209 0.0501 0.0062 0.0206 0.5505 0.0084 0.0071 0.0673 0.0263 0.0304 0.0154 0.0189 0.0718 
      H008.9  2 0.0094 0.0137 0.0090 0.0134 0.0073 0.0991 0.0113 0.4376 0.0159 0.0133 0.0225 0.0071 0.0223 0.0438 0.0147 0.2597 
 H029.1_2002  2 0.0169 0.0096 0.0261 0.0265 0.0551 0.0159 0.0077 0.0284 0.0812 0.0105 0.6668 0.0066 0.0069 0.0115 0.0095 0.0208 
 H029.1_2003  2 0.0073 0.0080 0.0205 0.0207 0.0117 0.0111 0.0065 0.0511 0.6746 0.0116 0.1012 0.0123 0.0081 0.0095 0.0250 0.0209 
 H029.2_2002  2 0.0201 0.0104 0.0080 0.0297 0.0175 0.0242 0.0262 0.0118 0.0525 0.0062 0.7185 0.0073 0.0155 0.0100 0.0316 0.0105 
 H029.2_2003  2 0.0109 0.0064 0.0272 0.0306 0.0112 0.0287 0.0078 0.0346 0.4636 0.0162 0.1970 0.0103 0.0246 0.0062 0.1114 0.0133 
 H029.3_2002  2 0.0110 0.0135 0.0351 0.0479 0.0108 0.1358 0.0419 0.0365 0.0385 0.0251 0.5219 0.0114 0.0191 0.0084 0.0313 0.0117 
 H029.3_2003  2 0.0057 0.0132 0.0058 0.0058 0.0185 0.0075 0.0054 0.0243 0.2456 0.0112 0.6113 0.0089 0.0061 0.0094 0.0173 0.0039 
 H029.4_2002  2 0.0050 0.0077 0.0051 0.0033 0.0526 0.0190 0.0124 0.0119 0.0348 0.0061 0.8099 0.0093 0.0044 0.0088 0.0056 0.0041 
 H029.4_2003  2 0.0064 0.0220 0.0484 0.0071 0.0280 0.0244 0.0059 0.0267 0.5753 0.0109 0.1711 0.0249 0.0119 0.0122 0.0169 0.0080 
 H029.5_2002  2 0.0125 0.0064 0.0073 0.0075 0.0463 0.0053 0.0104 0.0075 0.0477 0.0064 0.8044 0.0051 0.0035 0.0132 0.0077 0.0087 
 H029.5_2003  2 0.0062 0.0097 0.0140 0.0057 0.0235 0.0096 0.0054 0.0465 0.4335 0.0077 0.3740 0.0118 0.0055 0.0076 0.0309 0.0085 
 H029.6_2002  2 0.0065 0.0096 0.0082 0.0046 0.0094 0.0345 0.0170 0.0147 0.1687 0.0062 0.6853 0.0096 0.0063 0.0091 0.0055 0.0049 
 H029.6_2003  2 0.0289 0.0172 0.0191 0.0206 0.0206 0.0090 0.0121 0.0221 0.0584 0.0225 0.5866 0.0144 0.0089 0.0276 0.1092 0.0228 
      H029.7  2 0.0118 0.0080 0.0121 0.0143 0.0081 0.0199 0.0176 0.0056 0.0243 0.0047 0.8216 0.0074 0.0173 0.0052 0.0123 0.0098 
      H030.1  2 0.0774 0.1323 0.0093 0.0216 0.0115 0.0053 0.0181 0.0150 0.1422 0.4355 0.0562 0.0148 0.0091 0.0144 0.0246 0.0127 
      H030.2  2 0.0174 0.0757 0.0065 0.0622 0.0283 0.0984 0.1380 0.0081 0.0276 0.3848 0.0701 0.0458 0.0051 0.0132 0.0085 0.0105 
      H038.1  2 0.0036 0.0051 0.0191 0.0082 0.0065 0.0130 0.0049 0.0069 0.0056 0.0057 0.8898 0.0071 0.0067 0.0069 0.0054 0.0058 
      H038.2  2 0.0192 0.0047 0.0058 0.0088 0.0081 0.0054 0.0057 0.0082 0.0063 0.0077 0.8936 0.0060 0.0032 0.0073 0.0062 0.0038 
      H038.3  2 0.0208 0.0105 0.0237 0.0185 0.0219 0.0358 0.0088 0.0113 0.0054 0.0338 0.7632 0.0142 0.0049 0.0136 0.0061 0.0076 
      H038.4  2 0.0135 0.0079 0.0182 0.0092 0.0138 0.0241 0.0068 0.0094 0.0037 0.0075 0.8456 0.0089 0.0037 0.0173 0.0045 0.0060 
      H038.5  2 0.0083 0.0185 0.0111 0.0043 0.0069 0.0218 0.0116 0.0194 0.0072 0.0176 0.8350 0.0143 0.0038 0.0079 0.0077 0.0045 
      H038.6  2 0.0057 0.0072 0.0080 0.0095 0.0096 0.0099 0.0042 0.0082 0.0081 0.0108 0.8869 0.0077 0.0044 0.0045 0.0105 0.0046 
      H038.7  2 0.0103 0.0078 0.0167 0.0249 0.0169 0.0088 0.0033 0.0068 0.0059 0.0090 0.8632 0.0080 0.0035 0.0047 0.0060 0.0043 
      H038.8  2 0.0135 0.0056 0.0219 0.0115 0.0122 0.0533 0.0116 0.0065 0.0044 0.0129 0.8097 0.0120 0.0040 0.0116 0.0050 0.0042 
      H041.1  2 0.0270 0.1935 0.0089 0.0052 0.0538 0.0355 0.0775 0.0069 0.1764 0.0095 0.2773 0.0135 0.0185 0.0497 0.0144 0.0323 
      H041.2  2 0.0148 0.0116 0.0086 0.0157 0.0937 0.0293 0.0067 0.0092 0.5825 0.0077 0.0942 0.0076 0.0081 0.0809 0.0082 0.0212 
      H041.4  2 0.0160 0.0291 0.0181 0.0091 0.0725 0.0240 0.0118 0.0221 0.4407 0.0083 0.2072 0.0093 0.0199 0.0434 0.0087 0.0599 
      H041.6  2 0.0216 0.0125 0.0429 0.0121 0.2076 0.0168 0.0171 0.0139 0.3442 0.0090 0.1725 0.0137 0.0314 0.0417 0.0076 0.0356 
 H042.1_2002  2 0.0332 0.0067 0.0178 0.0104 0.0198 0.0163 0.0076 0.0060 0.6794 0.0080 0.0076 0.0780 0.0117 0.0420 0.0159 0.0397 
 H042.1_2003  2 0.0372 0.0177 0.0187 0.1052 0.0590 0.1638 0.0127 0.0943 0.0556 0.0546 0.0781 0.0210 0.0147 0.1352 0.0944 0.0376 
 H042.2_2002  2 0.0054 0.0124 0.0104 0.0109 0.2533 0.0411 0.0071 0.0051 0.4213 0.0076 0.1168 0.0524 0.0082 0.0177 0.0226 0.0076 
 H042.2_2003  2 0.1196 0.0070 0.0126 0.0124 0.0790 0.0082 0.0046 0.0113 0.3088 0.0172 0.1292 0.0114 0.0139 0.1952 0.0208 0.0488 
 H042.3_2002  2 0.0131 0.0176 0.0136 0.0105 0.0456 0.0215 0.0071 0.0050 0.3714 0.0155 0.0120 0.3513 0.0172 0.0651 0.0195 0.0141 
 H042.3_2003  2 0.0420 0.0601 0.0238 0.0083 0.1796 0.0464 0.0279 0.0051 0.1406 0.0133 0.0430 0.3044 0.0135 0.0222 0.0411 0.0286 
 H042.4_2002  2 0.0340 0.0062 0.0171 0.0061 0.0122 0.0155 0.0099 0.0059 0.7836 0.0111 0.0277 0.0087 0.0075 0.0241 0.0127 0.0177 
 H042.4_2003  2 0.2194 0.0130 0.0385 0.0082 0.0200 0.0076 0.0194 0.0045 0.5240 0.0067 0.0772 0.0088 0.0172 0.0139 0.0079 0.0138 
      H042.5  2 0.0208 0.0095 0.0062 0.0044 0.0085 0.0031 0.0043 0.0040 0.8909 0.0045 0.0066 0.0071 0.0100 0.0059 0.0069 0.0072 
      H042.6  2 0.0176 0.0083 0.0780 0.0123 0.0231 0.0129 0.0072 0.0062 0.7225 0.0055 0.0159 0.0334 0.0383 0.0060 0.0061 0.0067 
      H042.7  2 0.0386 0.0138 0.0349 0.0622 0.0724 0.0087 0.0078 0.0080 0.4731 0.0063 0.0236 0.0574 0.0089 0.1624 0.0087 0.0133 
      H042.8  2 0.0085 0.0126 0.0080 0.0110 0.0693 0.0304 0.0033 0.0076 0.7134 0.0038 0.0095 0.0183 0.0240 0.0427 0.0190 0.0187 
   H042_2002  2 0.0568 0.0228 0.1331 0.0452 0.3428 0.0662 0.0047 0.0151 0.0559 0.0128 0.0664 0.0387 0.0558 0.0317 0.0193 0.0327 
   H042_2003  2 0.0457 0.0262 0.1358 0.0514 0.3574 0.0554 0.0057 0.0105 0.0591 0.0123 0.0649 0.0379 0.0523 0.0368 0.0180 0.0307 
      H043.1  2 0.0073 0.0282 0.8477 0.0054 0.0091 0.0129 0.0108 0.0085 0.0069 0.0079 0.0097 0.0232 0.0060 0.0039 0.0089 0.0034 
      H043.2  2 0.0047 0.0045 0.9059 0.0045 0.0053 0.0115 0.0028 0.0081 0.0036 0.0038 0.0095 0.0113 0.0089 0.0049 0.0045 0.0063 
      H043.3  2 0.0105 0.0208 0.7480 0.0313 0.0222 0.0142 0.0043 0.0078 0.0074 0.0069 0.0555 0.0412 0.0086 0.0062 0.0057 0.0094 
      H043.4  2 0.0082 0.0062 0.8937 0.0088 0.0145 0.0109 0.0035 0.0036 0.0040 0.0047 0.0114 0.0082 0.0080 0.0044 0.0040 0.0061 
      H043.5  2 0.0052 0.0098 0.8603 0.0060 0.0080 0.0280 0.0037 0.0081 0.0044 0.0047 0.0160 0.0210 0.0047 0.0085 0.0051 0.0067 
      H043.6  2 0.0046 0.0042 0.8738 0.0067 0.0072 0.0192 0.0028 0.0043 0.0053 0.0066 0.0239 0.0150 0.0051 0.0072 0.0045 0.0095 
      H043.7  2 0.0063 0.0057 0.8882 0.0073 0.0120 0.0152 0.0031 0.0035 0.0042 0.0074 0.0100 0.0072 0.0150 0.0052 0.0039 0.0056 
      H043.8  2 0.0056 0.0097 0.8620 0.0074 0.0082 0.0069 0.0089 0.0092 0.0041 0.0184 0.0118 0.0235 0.0061 0.0065 0.0059 0.0055 
      H043.9  2 0.0072 0.0349 0.7910 0.0154 0.0161 0.0107 0.0120 0.0092 0.0089 0.0147 0.0312 0.0231 0.0096 0.0048 0.0053 0.0059 
      H047.1  2 0.0112 0.0210 0.0119 0.0094 0.7077 0.0109 0.0064 0.0056 0.0052 0.0054 0.1637 0.0134 0.0063 0.0071 0.0087 0.0061 
      H047.2  2 0.0217 0.0237 0.0178 0.0168 0.7099 0.0051 0.0202 0.0194 0.0074 0.0065 0.0921 0.0045 0.0065 0.0092 0.0266 0.0127 
      H047.3  2 0.0124 0.0155 0.0070 0.0064 0.8511 0.0041 0.0174 0.0086 0.0074 0.0052 0.0309 0.0031 0.0056 0.0087 0.0112 0.0054 
      H047.4  2 0.0109 0.0142 0.0125 0.0252 0.7895 0.0041 0.0088 0.0128 0.0147 0.0077 0.0473 0.0065 0.0096 0.0127 0.0100 0.0135 
      H047.5  2 0.0068 0.0148 0.0058 0.0059 0.8867 0.0036 0.0038 0.0057 0.0053 0.0058 0.0200 0.0048 0.0117 0.0063 0.0068 0.0062 
      H047.6  2 0.0092 0.0310 0.0160 0.0082 0.8479 0.0059 0.0142 0.0065 0.0105 0.0053 0.0097 0.0033 0.0054 0.0101 0.0097 0.0070 
      H047.7  2 0.0071 0.0115 0.0049 0.0053 0.8090 0.0116 0.0124 0.0038 0.0064 0.0049 0.0891 0.0119 0.0035 0.0064 0.0064 0.0059 
      H047.8  2 0.0109 0.0296 0.0117 0.0102 0.8346 0.0046 0.0082 0.0092 0.0065 0.0052 0.0187 0.0066 0.0080 0.0103 0.0169 0.0087 
      H047.9  2 0.0251 0.0071 0.0054 0.0072 0.8679 0.0036 0.0034 0.0042 0.0047 0.0043 0.0285 0.0076 0.0092 0.0079 0.0075 0.0063 
 H071.1_2002  2 0.0068 0.0060 0.0107 0.0086 0.0112 0.0056 0.0033 0.0039 0.0060 0.0072 0.8931 0.0089 0.0090 0.0057 0.0071 0.0069 
 H071.1_2003  2 0.0102 0.0098 0.0255 0.0223 0.0126 0.0104 0.0033 0.0097 0.0121 0.0483 0.6355 0.0072 0.1165 0.0179 0.0108 0.0479 
     H071.10  2 0.0065 0.0064 0.0104 0.0053 0.0075 0.0065 0.0072 0.0059 0.0040 0.0133 0.8854 0.0254 0.0047 0.0040 0.0036 0.0039 
 H071.2_2002  2 0.0058 0.0064 0.0260 0.0085 0.0091 0.0092 0.0035 0.0226 0.0051 0.0084 0.8438 0.0121 0.0136 0.0086 0.0072 0.0101 
 H071.2_2003  2 0.0048 0.0037 0.0057 0.0052 0.0060 0.0037 0.0038 0.0040 0.0036 0.0047 0.9285 0.0042 0.0066 0.0039 0.0053 0.0063 
      H071.3  2 0.0068 0.0127 0.0051 0.0077 0.0131 0.0087 0.0075 0.0075 0.0058 0.0298 0.8529 0.0195 0.0053 0.0068 0.0054 0.0054 
 H071.4_2002  2 0.0080 0.0109 0.0189 0.0066 0.0134 0.0133 0.0081 0.0132 0.0055 0.0134 0.8267 0.0321 0.0079 0.0096 0.0055 0.0070 
 H071.4_2003  2 0.0068 0.0049 0.0062 0.0065 0.0131 0.0029 0.0040 0.0069 0.0050 0.0062 0.9084 0.0119 0.0045 0.0034 0.0054 0.0038 
 H071.5_2002  2 0.0056 0.0080 0.0055 0.0054 0.0075 0.0049 0.0055 0.0038 0.0057 0.0068 0.9148 0.0095 0.0058 0.0036 0.0037 0.0039 
 H071.5_2003  2 0.0177 0.0101 0.0098 0.0071 0.0339 0.0040 0.0036 0.0105 0.0051 0.0241 0.8127 0.0245 0.0079 0.0058 0.0100 0.0131 
 H071.6_2002  2 0.0061 0.0063 0.0089 0.0086 0.0209 0.0046 0.0043 0.0174 0.0055 0.0079 0.8484 0.0398 0.0079 0.0043 0.0042 0.0048 
 H071.6_2003  2 0.0121 0.0061 0.0080 0.0069 0.0158 0.0035 0.0035 0.0055 0.0048 0.0217 0.8782 0.0104 0.0066 0.0045 0.0046 0.0078 
 H071.7_2002  2 0.0051 0.0047 0.0087 0.0131 0.0150 0.0046 0.0038 0.0062 0.0045 0.0044 0.8997 0.0095 0.0061 0.0040 0.0047 0.0060 
 H071.7_2003  2 0.0177 0.0098 0.0105 0.0072 0.0108 0.0044 0.0038 0.0053 0.0051 0.0210 0.8579 0.0158 0.0081 0.0063 0.0072 0.0093 
      H071.8  2 0.0043 0.0059 0.0121 0.0091 0.0085 0.0057 0.0035 0.0246 0.0048 0.0043 0.8796 0.0062 0.0107 0.0052 0.0063 0.0091 
      H071.9  2 0.0140 0.0543 0.0490 0.0067 0.0409 0.0141 0.0083 0.0517 0.0098 0.0195 0.6336 0.0473 0.0124 0.0145 0.0071 0.0167 
 H081.1_2002  2 0.0067 0.0040 0.0058 0.0073 0.0163 0.0043 0.0067 0.0062 0.0060 0.0061 0.8813 0.0051 0.0171 0.0072 0.0070 0.0129 
 H081.1_2003  2 0.0200 0.0103 0.0417 0.1304 0.0304 0.2811 0.0212 0.0304 0.1342 0.0737 0.0605 0.0111 0.0147 0.0167 0.0255 0.0982 
 H081.2_2002  2 0.0091 0.0076 0.0104 0.0090 0.0133 0.0050 0.0049 0.0052 0.0056 0.0046 0.8000 0.0034 0.1014 0.0058 0.0051 0.0096 
 H081.2_2003  2 0.0068 0.0072 0.0191 0.0083 0.0167 0.0075 0.0255 0.0500 0.0145 0.6959 0.0319 0.0235 0.0585 0.0066 0.0099 0.0180 
 H081.3_2002  2 0.0100 0.0148 0.0212 0.0064 0.0101 0.0072 0.0067 0.0257 0.0073 0.0097 0.8166 0.0053 0.0371 0.0069 0.0037 0.0114 
 H081.3_2003  2 0.0216 0.0162 0.2889 0.0091 0.0251 0.0153 0.0173 0.0629 0.0171 0.4059 0.0149 0.0197 0.0278 0.0140 0.0185 0.0257 
 H081.4_2002  2 0.0068 0.0055 0.0060 0.0067 0.0089 0.0038 0.0061 0.0071 0.0056 0.0113 0.8922 0.0144 0.0052 0.0075 0.0061 0.0068 
 H081.4_2003  2 0.0295 0.0134 0.0436 0.0200 0.0187 0.0156 0.0178 0.0781 0.1149 0.3961 0.0258 0.0203 0.0365 0.0184 0.0421 0.1092 
 H081.5_2002  2 0.0069 0.0066 0.0097 0.0103 0.0080 0.0050 0.0049 0.0105 0.0078 0.0127 0.8808 0.0071 0.0069 0.0058 0.0058 0.0111 
 H081.5_2003  2 0.0392 0.0146 0.0424 0.0838 0.0801 0.0306 0.0188 0.0219 0.1148 0.1480 0.0525 0.0119 0.0769 0.0237 0.0320 0.2088 
      H081.6  2 0.0073 0.0038 0.0056 0.0130 0.0121 0.0053 0.0046 0.0038 0.0056 0.0070 0.8843 0.0068 0.0159 0.0069 0.0091 0.0088 
      H081.7  2 0.0091 0.0086 0.0147 0.0053 0.0115 0.0046 0.0055 0.0136 0.0070 0.0102 0.8038 0.0076 0.0772 0.0061 0.0046 0.0106 
      H081.8  2 0.0079 0.0073 0.0131 0.0072 0.0106 0.0111 0.0142 0.0440 0.0133 0.0506 0.7630 0.0217 0.0094 0.0110 0.0051 0.0105 
      H083.1  2 0.0061 0.0099 0.0046 0.0173 0.0167 0.0084 0.0231 0.0090 0.0201 0.0075 0.8374 0.0089 0.0085 0.0058 0.0114 0.0052 
      H083.2  2 0.0120 0.0542 0.0296 0.0160 0.0554 0.0073 0.0192 0.0103 0.0092 0.0090 0.7241 0.0092 0.0165 0.0065 0.0088 0.0126 
      H083.4  2 0.0083 0.0199 0.0222 0.0179 0.0151 0.0122 0.1135 0.0406 0.0091 0.0060 0.6824 0.0186 0.0167 0.0057 0.0053 0.0066 
      H083.5  2 0.0077 0.0121 0.0064 0.0194 0.0118 0.0207 0.0603 0.0182 0.0294 0.0063 0.7673 0.0057 0.0134 0.0080 0.0059 0.0076 
      H083.6  2 0.0068 0.0057 0.0062 0.0100 0.0096 0.0083 0.0784 0.0350 0.0183 0.0098 0.7547 0.0123 0.0126 0.0110 0.0152 0.0059 
      H083.7  2 0.0130 0.0136 0.0123 0.0100 0.0279 0.0109 0.2403 0.0551 0.0099 0.0063 0.5465 0.0155 0.0163 0.0075 0.0069 0.0079 
      H083.8  2 0.0122 0.0597 0.0172 0.0140 0.0682 0.0061 0.0244 0.0114 0.0105 0.0053 0.7157 0.0093 0.0177 0.0065 0.0098 0.0121 
      H083.9  2 0.0068 0.0063 0.0044 0.0107 0.0154 0.0091 0.0950 0.0135 0.0225 0.0057 0.7753 0.0064 0.0082 0.0084 0.0065 0.0056 
      H084.1  2 0.0151 0.0281 0.0189 0.0059 0.0198 0.0908 0.0086 0.0096 0.0171 0.7171 0.0117 0.0097 0.0087 0.0158 0.0146 0.0083 
      H084.2  2 0.0104 0.0276 0.0646 0.0082 0.0051 0.1110 0.0054 0.0116 0.0271 0.6724 0.0148 0.0145 0.0036 0.0037 0.0128 0.0073 
      H084.3  2 0.1181 0.0157 0.0198 0.0174 0.0169 0.2851 0.0096 0.0094 0.0188 0.3746 0.0092 0.0076 0.0065 0.0611 0.0227 0.0075 
      H084.4  2 0.0598 0.0192 0.0334 0.0409 0.0097 0.2556 0.0056 0.0319 0.0490 0.3553 0.0109 0.0100 0.0040 0.0960 0.0114 0.0073 
      H084.5  2 0.0229 0.0242 0.0068 0.0237 0.0633 0.0492 0.0055 0.0095 0.0067 0.6702 0.0081 0.0067 0.0086 0.0766 0.0118 0.0060 
      H084.6  2 0.0219 0.0154 0.0121 0.0151 0.0187 0.1093 0.0313 0.0125 0.0081 0.6615 0.0055 0.0055 0.0082 0.0646 0.0052 0.0049 
      H084.7  2 0.0179 0.0314 0.0131 0.0057 0.0107 0.0160 0.0061 0.0088 0.0377 0.7958 0.0083 0.0141 0.0054 0.0078 0.0133 0.0081 
      H084.8  2 0.0265 0.0202 0.0059 0.0152 0.0142 0.0914 0.0082 0.0118 0.0068 0.6578 0.0057 0.0050 0.0076 0.1055 0.0127 0.0055 
 H085.1_2002  2 0.0072 0.0111 0.0177 0.0083 0.0134 0.0156 0.0115 0.0081 0.0188 0.0116 0.0467 0.0068 0.7873 0.0055 0.0066 0.0241 
 H085.1_2003  2 0.0159 0.0605 0.0129 0.0044 0.0092 0.0142 0.0503 0.0118 0.0442 0.0115 0.5994 0.0328 0.0943 0.0190 0.0085 0.0111 
 H085.2_2002  2 0.0126 0.0137 0.1386 0.0153 0.0110 0.0850 0.1351 0.0103 0.0307 0.0153 0.0292 0.0480 0.2420 0.0199 0.0073 0.1862 
 H085.2_2003  2 0.0104 0.0373 0.0142 0.0074 0.0072 0.0091 0.0323 0.0165 0.0401 0.0177 0.7303 0.0153 0.0153 0.0117 0.0182 0.0172 
 H085.3_2002  2 0.0228 0.0079 0.0217 0.0079 0.0074 0.0050 0.0180 0.0041 0.0144 0.0053 0.0081 0.0106 0.8173 0.0094 0.0057 0.0342 
 H085.3_2003  2 0.0170 0.0166 0.0080 0.0055 0.0055 0.0042 0.0058 0.0051 0.0123 0.0138 0.7868 0.0489 0.0405 0.0131 0.0089 0.0080 
 H085.4_2002  2 0.0105 0.0112 0.0890 0.0095 0.0177 0.0473 0.0223 0.0154 0.0264 0.0247 0.1274 0.0454 0.4595 0.0169 0.0093 0.0675 
 H085.4_2003  2 0.0572 0.0072 0.0143 0.0184 0.0657 0.0086 0.0070 0.0052 0.0593 0.0259 0.6449 0.0106 0.0079 0.0249 0.0074 0.0355 
 H085.5_2002  2 0.0088 0.0074 0.0088 0.0047 0.0068 0.0042 0.0042 0.0049 0.0093 0.0051 0.0090 0.0082 0.8798 0.0098 0.0057 0.0232 
 H085.5_2003  2 0.0080 0.0120 0.0096 0.0051 0.0049 0.0057 0.0233 0.0061 0.0174 0.0117 0.8356 0.0163 0.0198 0.0068 0.0111 0.0064 
 H085.6_2002  2 0.0089 0.0182 0.0641 0.0082 0.0095 0.0093 0.0185 0.0066 0.0240 0.0058 0.0100 0.0080 0.7750 0.0070 0.0051 0.0218 
 H085.6_2003  2 0.1724 0.0486 0.0315 0.0229 0.0166 0.0061 0.0069 0.0097 0.0505 0.0273 0.1992 0.0311 0.0646 0.1155 0.0266 0.1705 
 H085.7_2002  2 0.0209 0.0192 0.0421 0.0293 0.0077 0.0131 0.0553 0.0105 0.0946 0.0160 0.0653 0.0225 0.4251 0.0101 0.0079 0.1602 
 H085.7_2003  2 0.0227 0.0331 0.0095 0.0058 0.0140 0.0072 0.0072 0.0048 0.0166 0.0076 0.7697 0.0400 0.0167 0.0221 0.0130 0.0102 
 H085.8_2002  2 0.0243 0.0114 0.0856 0.0256 0.0087 0.0137 0.0169 0.0126 0.0186 0.0234 0.0424 0.1854 0.3026 0.0676 0.0080 0.1533 
 H085.8_2003  2 0.0930 0.0620 0.0209 0.0082 0.0444 0.0183 0.0982 0.0102 0.2129 0.0212 0.2526 0.0180 0.0414 0.0291 0.0131 0.0566 
      H085.9  2 0.0111 0.0100 0.0187 0.0159 0.0099 0.0381 0.0177 0.0088 0.0323 0.0140 0.0573 0.0140 0.6648 0.0151 0.0076 0.0647 
      H088.1  2 0.0135 0.0080 0.0094 0.0058 0.0064 0.0074 0.0100 0.0471 0.8007 0.0084 0.0095 0.0150 0.0160 0.0123 0.0140 0.0164 
      H088.2  2 0.0196 0.0101 0.0127 0.0127 0.0147 0.0064 0.0082 0.0078 0.8383 0.0055 0.0066 0.0087 0.0162 0.0101 0.0079 0.0144 
      H088.3  2 0.0076 0.0092 0.0087 0.0160 0.0087 0.0044 0.0058 0.0103 0.8858 0.0043 0.0048 0.0052 0.0093 0.0060 0.0059 0.0080 
      H088.4  2 0.0055 0.0054 0.0069 0.0063 0.0054 0.0060 0.0032 0.0082 0.9010 0.0147 0.0070 0.0056 0.0050 0.0055 0.0080 0.0064 
      H088.5  2 0.0059 0.0051 0.0066 0.0044 0.0048 0.0045 0.0047 0.0100 0.9111 0.0067 0.0047 0.0068 0.0053 0.0070 0.0061 0.0062 
      H088.6  2 0.0059 0.0084 0.0064 0.0048 0.0069 0.0045 0.0064 0.0203 0.8828 0.0068 0.0117 0.0086 0.0041 0.0094 0.0069 0.0060 
      H088.7  2 0.0074 0.0128 0.0053 0.0065 0.0129 0.0055 0.0059 0.0145 0.8710 0.0077 0.0170 0.0051 0.0066 0.0067 0.0067 0.0083 
      H088.8  2 0.0077 0.0099 0.0063 0.0050 0.0087 0.0054 0.0079 0.0424 0.8235 0.0092 0.0275 0.0105 0.0060 0.0068 0.0141 0.0092 
      H091.1  2 0.0141 0.0283 0.0140 0.0047 0.0087 0.0078 0.0136 0.0056 0.7455 0.0070 0.0325 0.0753 0.0085 0.0175 0.0103 0.0066 
      H091.2  2 0.0141 0.0333 0.0145 0.0065 0.0303 0.0055 0.0431 0.0119 0.6461 0.0063 0.0367 0.0900 0.0076 0.0270 0.0149 0.0120 
      H109.1  2 0.0077 0.1631 0.0329 0.0060 0.4253 0.0415 0.0995 0.0742 0.0062 0.0632 0.0107 0.0143 0.0159 0.0180 0.0096 0.0120 
      H109.2  2 0.0955 0.1294 0.0250 0.0138 0.0812 0.0157 0.0178 0.0223 0.0111 0.4632 0.0528 0.0222 0.0081 0.0136 0.0070 0.0215 
      H109.3  2 0.0738 0.5538 0.0460 0.0123 0.0306 0.0101 0.0092 0.0225 0.0204 0.0936 0.0249 0.0340 0.0049 0.0219 0.0335 0.0086 
      H109.4  2 0.0336 0.2270 0.0411 0.0095 0.0322 0.0292 0.0162 0.0589 0.0190 0.2095 0.0209 0.2068 0.0078 0.0505 0.0154 0.0223 
      H109.5  2 0.1045 0.2081 0.0184 0.0148 0.0676 0.0051 0.0062 0.0127 0.0794 0.1044 0.2290 0.0157 0.0079 0.0960 0.0190 0.0113 
      H109.6  2 0.0786 0.0579 0.0297 0.0296 0.1568 0.0185 0.0129 0.1609 0.0128 0.3220 0.0297 0.0211 0.0065 0.0248 0.0171 0.0210 
      H126.1  2 0.0265 0.0154 0.1632 0.0206 0.4978 0.0098 0.0060 0.0246 0.0185 0.0074 0.0078 0.0545 0.0522 0.0083 0.0484 0.0390 
      H126.2  2 0.0093 0.0112 0.1428 0.0214 0.5506 0.0131 0.0164 0.0137 0.0143 0.0133 0.0448 0.0820 0.0286 0.0071 0.0184 0.0130 
      H126.3  2 0.0038 0.0077 0.1543 0.0106 0.6676 0.0072 0.0148 0.0177 0.0456 0.0038 0.0208 0.0173 0.0094 0.0041 0.0086 0.0068 
      H126.4  2 0.0084 0.0195 0.1665 0.0294 0.2616 0.0197 0.0189 0.0231 0.0256 0.0115 0.0413 0.1492 0.0241 0.0105 0.1328 0.0581 
      H126.5  2 0.0179 0.0061 0.0547 0.1371 0.3454 0.0048 0.0086 0.0176 0.0099 0.0083 0.0720 0.1825 0.0237 0.0094 0.0393 0.0630 
      H126.6  2 0.0047 0.0063 0.1617 0.0260 0.5414 0.0054 0.0067 0.0086 0.0133 0.0052 0.1030 0.0060 0.0926 0.0030 0.0067 0.0093 
      H126.7  2 0.0096 0.0082 0.0104 0.0157 0.1195 0.0034 0.0085 0.0098 0.0392 0.0101 0.6432 0.0534 0.0453 0.0037 0.0125 0.0076 
      H130.1  2 0.0261 0.0265 0.1332 0.0145 0.0075 0.0075 0.0139 0.0290 0.0426 0.0148 0.0078 0.0250 0.0094 0.0096 0.0166 0.6159 
      H130.2  2 0.0297 0.0477 0.0468 0.0104 0.0182 0.0067 0.0418 0.0510 0.0200 0.4908 0.0353 0.0115 0.0137 0.0141 0.0300 0.1322 
      H130.3  2 0.0345 0.0138 0.0442 0.0135 0.0114 0.0045 0.0072 0.0222 0.0182 0.1581 0.0283 0.0138 0.0065 0.0061 0.5468 0.0709 
      H130.4  2 0.0252 0.0529 0.1586 0.0110 0.0173 0.0220 0.0244 0.0415 0.0177 0.0327 0.0073 0.0120 0.0200 0.0089 0.0708 0.4776 
      H130.5  2 0.0360 0.0109 0.0482 0.0107 0.0083 0.0062 0.0167 0.0140 0.0356 0.1455 0.0592 0.0071 0.0158 0.0115 0.0099 0.5644 
      H133.1  2 0.0277 0.5321 0.1141 0.0084 0.0272 0.0640 0.0114 0.0090 0.0252 0.0366 0.0271 0.0077 0.0143 0.0120 0.0382 0.0452 
      H133.2  2 0.0171 0.1012 0.5834 0.0117 0.0308 0.0076 0.0064 0.0166 0.0226 0.0838 0.0119 0.0079 0.0426 0.0110 0.0139 0.0314 
      H133.3  2 0.0400 0.5936 0.0301 0.0081 0.0208 0.0657 0.0068 0.0075 0.0529 0.0201 0.0455 0.0128 0.0368 0.0117 0.0186 0.0288 
      H133.4  2 0.0097 0.6582 0.1151 0.0098 0.0221 0.0263 0.0104 0.0244 0.0085 0.0263 0.0122 0.0049 0.0193 0.0120 0.0233 0.0175 
      H133.5  2 0.0105 0.2206 0.3995 0.0220 0.0190 0.0191 0.0120 0.0195 0.0399 0.0367 0.0098 0.0204 0.0422 0.0066 0.0936 0.0286 
      H133.6  2 0.0355 0.0326 0.6373 0.0120 0.0404 0.0085 0.0129 0.0130 0.0813 0.0327 0.0124 0.0189 0.0292 0.0088 0.0136 0.0108 
      H133.7  2 0.0209 0.8016 0.0146 0.0060 0.0145 0.0240 0.0047 0.0045 0.0091 0.0066 0.0149 0.0067 0.0157 0.0214 0.0090 0.0258 
      H133.8  2 0.0072 0.6087 0.1085 0.0064 0.0203 0.0357 0.0089 0.0074 0.0110 0.0122 0.0108 0.0261 0.0557 0.0240 0.0215 0.0357 
      H133.9  2 0.0191 0.6005 0.0789 0.0067 0.0204 0.0473 0.0120 0.0052 0.0223 0.0210 0.0229 0.0094 0.0159 0.0092 0.0740 0.0353 
      H147.1  2 0.0352 0.0106 0.0089 0.0422 0.0361 0.0178 0.0188 0.0068 0.0701 0.1497 0.3792 0.0056 0.0476 0.1326 0.0034 0.0355 
      H147.2  2 0.0137 0.0056 0.0079 0.0210 0.0141 0.0048 0.0063 0.0070 0.0169 0.0250 0.8293 0.0053 0.0124 0.0110 0.0054 0.0142 
      H147.3  2 0.0146 0.0050 0.0057 0.0143 0.0114 0.0055 0.0063 0.0048 0.0058 0.0150 0.8459 0.0045 0.0315 0.0108 0.0064 0.0126 
      H147.4  2 0.0053 0.0055 0.0038 0.0091 0.0039 0.0163 0.0087 0.0066 0.0082 0.0514 0.8386 0.0044 0.0163 0.0116 0.0047 0.0056 
      H147.5  2 0.0203 0.0063 0.0065 0.0215 0.0213 0.0077 0.0243 0.0211 0.0857 0.2053 0.4795 0.0100 0.0313 0.0239 0.0231 0.0122 
      H147.6  2 0.0279 0.0071 0.0072 0.0186 0.0266 0.0090 0.0251 0.0104 0.1011 0.3101 0.3717 0.0084 0.0207 0.0220 0.0242 0.0099 
      H147.7  2 0.0098 0.0073 0.0041 0.0125 0.0100 0.0226 0.0145 0.0052 0.0074 0.0782 0.7797 0.0041 0.0110 0.0194 0.0067 0.0073 
      H147.8  2 0.0047 0.0079 0.0044 0.0088 0.0095 0.0282 0.0174 0.0159 0.0732 0.0963 0.6900 0.0056 0.0124 0.0112 0.0101 0.0046 
      H147.9  2 0.0077 0.0052 0.0047 0.0111 0.0103 0.0055 0.0062 0.0078 0.0067 0.0196 0.8617 0.0055 0.0203 0.0091 0.0051 0.0134 
      H148.1  2 0.0311 0.0306 0.0384 0.0603 0.0261 0.0652 0.0263 0.1098 0.0261 0.0764 0.0179 0.0146 0.0107 0.2012 0.0087 0.2565 
      H148.2  2 0.0209 0.0288 0.0253 0.0188 0.0576 0.0455 0.0184 0.0485 0.0074 0.0225 0.0194 0.0103 0.0152 0.4856 0.0087 0.1672 
      H148.3  2 0.0482 0.0198 0.0107 0.0141 0.0110 0.0464 0.0073 0.0102 0.0083 0.0194 0.0093 0.0132 0.0078 0.7522 0.0066 0.0155 
      H148.4  2 0.0345 0.0168 0.0231 0.0776 0.0171 0.0442 0.0116 0.1606 0.0124 0.0139 0.0223 0.0135 0.0131 0.3143 0.0122 0.2129 
      H148.5  2 0.0325 0.0099 0.0079 0.0612 0.0251 0.0465 0.0163 0.1767 0.0309 0.0774 0.0095 0.0172 0.0140 0.4338 0.0184 0.0227 
      H148.6  2 0.0241 0.0120 0.0083 0.0167 0.0117 0.0746 0.0363 0.0467 0.0118 0.0171 0.0156 0.0064 0.0130 0.5676 0.0066 0.1314 
      H148.7  2 0.0135 0.0270 0.0105 0.0240 0.0215 0.0312 0.0127 0.1479 0.0327 0.0288 0.0059 0.0230 0.0097 0.4808 0.0455 0.0855 
      H148.8  2 0.0352 0.0061 0.0058 0.0095 0.0084 0.0283 0.0046 0.0187 0.0206 0.0092 0.0060 0.0055 0.0118 0.5900 0.0137 0.2266 
      H148.9  2 0.0318 0.1383 0.0153 0.0295 0.0491 0.1587 0.0208 0.0385 0.0100 0.0213 0.0093 0.0508 0.0682 0.1766 0.0181 0.1637 
   H166022.1  2 0.0111 0.0065 0.0060 0.0096 0.0076 0.0070 0.0419 0.0061 0.8149 0.0279 0.0119 0.0050 0.0117 0.0184 0.0053 0.0090 
   H166022.2  2 0.0305 0.0123 0.0083 0.0817 0.0140 0.0141 0.0439 0.0200 0.5252 0.1223 0.0532 0.0115 0.0133 0.0212 0.0141 0.0145 
   H166022.3  2 0.0168 0.0153 0.0055 0.0117 0.0046 0.0076 0.1360 0.0268 0.7044 0.0126 0.0049 0.0149 0.0051 0.0087 0.0087 0.0165 
   H166022.4  2 0.0062 0.0068 0.0057 0.0173 0.0044 0.0058 0.0121 0.0137 0.8801 0.0097 0.0053 0.0092 0.0039 0.0055 0.0088 0.0054 
   H166022.5  2 0.0145 0.0082 0.0056 0.0179 0.0058 0.0049 0.0204 0.0075 0.8215 0.0486 0.0081 0.0101 0.0041 0.0054 0.0111 0.0063 
   H166022.6  2 0.0121 0.0283 0.0118 0.0216 0.0040 0.0240 0.0383 0.0155 0.7300 0.0306 0.0067 0.0105 0.0070 0.0126 0.0090 0.0377 
   H166022.7  2 0.0070 0.0077 0.0064 0.0048 0.0068 0.0060 0.0037 0.9021 0.0071 0.0096 0.0077 0.0086 0.0048 0.0053 0.0072 0.0053 
   H166022.8  2 0.0301 0.0169 0.0408 0.1587 0.0068 0.0101 0.0599 0.0093 0.3358 0.1616 0.0218 0.0064 0.0253 0.0111 0.0163 0.0889 
   H167397.1  2 0.0392 0.0068 0.0141 0.0123 0.0169 0.5368 0.0079 0.0060 0.1623 0.0380 0.0556 0.0100 0.0058 0.0674 0.0104 0.0107 
   H167397.2  2 0.0068 0.0157 0.0170 0.0504 0.0064 0.5693 0.0573 0.0131 0.0127 0.0113 0.0311 0.0113 0.0577 0.0346 0.0106 0.0947 
   H167397.3  2 0.0338 0.0122 0.0158 0.0143 0.0524 0.6280 0.0126 0.0042 0.0481 0.0218 0.0870 0.0079 0.0072 0.0199 0.0167 0.0181 
   H167397.4  2 0.0054 0.0278 0.0047 0.0134 0.0163 0.6634 0.0179 0.0163 0.0203 0.0185 0.0407 0.0121 0.0330 0.0791 0.0151 0.0162 
   H167397.5  2 0.0275 0.0119 0.0225 0.0340 0.0059 0.6254 0.0149 0.0135 0.0400 0.0403 0.0355 0.0265 0.0084 0.0537 0.0133 0.0267 
   H167397.6  2 0.0111 0.0156 0.0117 0.0166 0.0901 0.6417 0.0118 0.0052 0.0321 0.0079 0.0511 0.0121 0.0104 0.0349 0.0197 0.0280 
   H167496.1  2 0.5056 0.0349 0.0118 0.0204 0.0136 0.0089 0.0215 0.0102 0.2149 0.0150 0.0128 0.0675 0.0059 0.0315 0.0143 0.0112 
   H167496.2  2 0.1741 0.0248 0.0249 0.0821 0.1197 0.0138 0.0079 0.2778 0.0453 0.0261 0.0780 0.0326 0.0119 0.0462 0.0115 0.0232 
   H167496.3  2 0.3033 0.0267 0.0167 0.0195 0.0193 0.0085 0.0649 0.0099 0.1672 0.0097 0.0352 0.0484 0.1128 0.0301 0.0292 0.0987 
   H167496.4  2 0.0051 0.0050 0.0045 0.0078 0.0069 0.0055 0.0065 0.0052 0.9055 0.0055 0.0115 0.0080 0.0064 0.0047 0.0062 0.0059 
   H167496.6  2 0.0081 0.0070 0.0052 0.0542 0.0119 0.0053 0.0059 0.0073 0.8210 0.0094 0.0222 0.0110 0.0089 0.0060 0.0105 0.0062 
   H167496.7  2 0.6968 0.0171 0.0102 0.0197 0.0407 0.0056 0.0217 0.0087 0.0143 0.0119 0.0104 0.0465 0.0047 0.0214 0.0103 0.0600 
   H167496.8  2 0.0232 0.0101 0.0071 0.0335 0.0318 0.0054 0.0064 0.0108 0.7874 0.0185 0.0235 0.0104 0.0077 0.0087 0.0066 0.0090 
   H167513.1  2 0.0084 0.8189 0.0231 0.0203 0.0195 0.0076 0.0113 0.0187 0.0138 0.0075 0.0063 0.0072 0.0085 0.0098 0.0097 0.0095 
   H167513.2  2 0.0813 0.6213 0.0138 0.0179 0.0391 0.0432 0.0093 0.0085 0.0228 0.0110 0.0086 0.0108 0.0120 0.0550 0.0090 0.0365 
   H167513.3  2 0.0168 0.7872 0.0060 0.0161 0.0146 0.0075 0.0183 0.0134 0.0084 0.0454 0.0098 0.0098 0.0065 0.0064 0.0256 0.0083 
   H167513.4  2 0.0167 0.7787 0.0114 0.0196 0.0261 0.0096 0.0404 0.0081 0.0187 0.0144 0.0065 0.0039 0.0073 0.0110 0.0083 0.0193 
   H167513.5  2 0.0183 0.7701 0.0190 0.0091 0.0464 0.0263 0.0086 0.0069 0.0184 0.0075 0.0094 0.0049 0.0099 0.0241 0.0051 0.0159 
   H167513.6  2 0.0328 0.6747 0.0379 0.0275 0.0457 0.0130 0.0199 0.0098 0.0206 0.0479 0.0103 0.0090 0.0118 0.0133 0.0103 0.0154 
   H167513.7  2 0.0075 0.8740 0.0073 0.0077 0.0090 0.0157 0.0147 0.0063 0.0073 0.0097 0.0099 0.0050 0.0087 0.0039 0.0062 0.0071 
   H167513.8  2 0.0059 0.8521 0.0083 0.0124 0.0111 0.0092 0.0056 0.0150 0.0058 0.0377 0.0066 0.0069 0.0039 0.0052 0.0087 0.0054 
   H167547.1  2 0.5729 0.0114 0.0084 0.0128 0.0065 0.0210 0.0172 0.0099 0.0114 0.0059 0.0075 0.0103 0.0066 0.2140 0.0164 0.0680 
   H167547.2  2 0.4132 0.0089 0.0047 0.0060 0.0407 0.0260 0.0287 0.0038 0.0734 0.0082 0.0120 0.0164 0.0062 0.3191 0.0114 0.0213 
   H167547.3  2 0.3978 0.0077 0.0062 0.0057 0.0344 0.0284 0.0282 0.0043 0.0690 0.0080 0.0159 0.0161 0.0065 0.3449 0.0074 0.0196 
   H167547.4  2 0.2126 0.0160 0.0609 0.0082 0.0049 0.0401 0.2194 0.0341 0.1495 0.0116 0.0088 0.0513 0.0226 0.0491 0.0414 0.0696 
   H167547.5  2 0.0177 0.0059 0.0173 0.0076 0.0111 0.0089 0.0108 0.0078 0.3675 0.0172 0.0091 0.0179 0.0073 0.4745 0.0111 0.0083 
   H167547.6  2 0.0232 0.0061 0.0165 0.0070 0.0089 0.0079 0.0108 0.0101 0.3428 0.0166 0.0080 0.0174 0.0073 0.4971 0.0107 0.0097 
   H167547.7  2 0.2768 0.0847 0.0302 0.0170 0.0325 0.0169 0.0402 0.0752 0.0140 0.0221 0.0157 0.0315 0.0905 0.0976 0.0149 0.1403 
   H169750.1  2 0.1009 0.4199 0.0349 0.0268 0.0145 0.0147 0.0264 0.0399 0.1713 0.0134 0.0116 0.0360 0.0155 0.0085 0.0237 0.0420 
   H169750.2  2 0.0221 0.2602 0.0334 0.0351 0.0176 0.0323 0.0064 0.0312 0.0495 0.0725 0.1000 0.0164 0.0215 0.0522 0.0359 0.2137 
   H169750.3  2 0.0976 0.5597 0.0386 0.0071 0.0093 0.0038 0.0061 0.0772 0.0518 0.0341 0.0105 0.0261 0.0319 0.0091 0.0200 0.0171 
   H169750.4  2 0.0278 0.2135 0.0469 0.1673 0.0318 0.0521 0.0061 0.0221 0.0764 0.0082 0.0177 0.0162 0.0182 0.0298 0.0938 0.1722 
   H169750.5  2 0.0100 0.6819 0.0298 0.0071 0.0130 0.0068 0.0274 0.0081 0.0851 0.0247 0.0339 0.0164 0.0137 0.0062 0.0126 0.0235 
   H169750.6  2 0.0186 0.3591 0.0401 0.0080 0.0241 0.0121 0.0119 0.0186 0.0895 0.0528 0.2236 0.0151 0.0224 0.0107 0.0235 0.0700 
   H169750.7  2 0.0632 0.3238 0.0303 0.0698 0.0245 0.0240 0.0064 0.1352 0.0362 0.0205 0.0207 0.0602 0.0563 0.0242 0.0475 0.0570 
   H171929.1  2 0.0155 0.4573 0.0123 0.0053 0.0164 0.1900 0.0115 0.0384 0.0155 0.0052 0.0146 0.0099 0.1117 0.0311 0.0107 0.0548 
  H171929.10  2 0.0491 0.5275 0.0112 0.0086 0.0212 0.0424 0.0205 0.0255 0.0633 0.0255 0.0253 0.0070 0.0872 0.0383 0.0065 0.0407 
  H171929.11  2 0.0099 0.7711 0.0160 0.0067 0.0111 0.0548 0.0059 0.0077 0.0137 0.0088 0.0099 0.0110 0.0324 0.0170 0.0094 0.0147 
   H171929.2  2 0.0112 0.9023 0.0075 0.0035 0.0103 0.0045 0.0064 0.0041 0.0063 0.0049 0.0054 0.0046 0.0069 0.0091 0.0052 0.0079 
   H171929.3  2 0.0064 0.8794 0.0054 0.0039 0.0086 0.0183 0.0069 0.0062 0.0085 0.0066 0.0092 0.0047 0.0077 0.0123 0.0076 0.0082 
   H171929.4  2 0.0387 0.7001 0.0151 0.0076 0.0077 0.0053 0.0166 0.0120 0.0226 0.0099 0.0180 0.0089 0.0363 0.0134 0.0230 0.0648 
   H171929.5  2 0.0068 0.8878 0.0054 0.0065 0.0070 0.0102 0.0052 0.0135 0.0045 0.0079 0.0067 0.0089 0.0070 0.0075 0.0069 0.0082 
   H171929.6  2 0.0055 0.8955 0.0062 0.0062 0.0063 0.0117 0.0044 0.0130 0.0058 0.0077 0.0055 0.0067 0.0059 0.0059 0.0055 0.0082 
   H171929.7  2 0.0084 0.6986 0.0136 0.0063 0.0262 0.0066 0.0106 0.0119 0.0083 0.0045 0.0243 0.0090 0.0846 0.0103 0.0081 0.0687 
   H171929.8  2 0.0301 0.6541 0.0254 0.0052 0.0137 0.0073 0.0118 0.0124 0.0135 0.0063 0.0114 0.0085 0.1189 0.0137 0.0089 0.0587 
   H171929.9  2 0.0130 0.6130 0.0225 0.0101 0.0100 0.0051 0.0171 0.0368 0.0169 0.0161 0.0224 0.0085 0.1394 0.0068 0.0069 0.0552 
   H171930.1  2 0.0098 0.1235 0.0114 0.0082 0.0164 0.0295 0.0040 0.0173 0.0149 0.6763 0.0056 0.0272 0.0034 0.0220 0.0218 0.0086 
   H171930.2  2 0.0342 0.0148 0.0177 0.0100 0.0116 0.0069 0.0092 0.0132 0.0399 0.7447 0.0138 0.0212 0.0099 0.0219 0.0168 0.0141 
   H171930.3  2 0.0123 0.0090 0.0044 0.0076 0.0196 0.0154 0.0078 0.0087 0.0143 0.8238 0.0059 0.0186 0.0063 0.0151 0.0195 0.0117 
   H171930.4  2 0.0068 0.0072 0.0036 0.0082 0.0093 0.0079 0.0080 0.0129 0.0285 0.8462 0.0054 0.0222 0.0035 0.0099 0.0148 0.0057 
   H171930.5  2 0.0252 0.0751 0.0517 0.0057 0.0396 0.0234 0.0066 0.0080 0.0231 0.5682 0.0164 0.0998 0.0106 0.0122 0.0207 0.0137 
   H171930.6  2 0.0099 0.0076 0.0069 0.0071 0.0137 0.0054 0.0048 0.0063 0.0101 0.8474 0.0159 0.0309 0.0035 0.0083 0.0166 0.0056 
   H171930.7  2 0.0076 0.0075 0.0058 0.0087 0.0177 0.0141 0.0076 0.0254 0.0103 0.8457 0.0059 0.0075 0.0073 0.0086 0.0098 0.0105 
   H171930.8  2 0.0113 0.0095 0.0063 0.0101 0.0099 0.0092 0.0042 0.0387 0.0127 0.8378 0.0070 0.0048 0.0046 0.0150 0.0090 0.0098 
   H171933.1  2 0.0227 0.0358 0.0162 0.0054 0.0037 0.0634 0.6918 0.0094 0.0264 0.0160 0.0111 0.0337 0.0146 0.0324 0.0065 0.0107 
   H171933.2  2 0.0630 0.0456 0.0196 0.0328 0.0162 0.1052 0.3947 0.0277 0.1073 0.0205 0.0297 0.0124 0.0660 0.0418 0.0080 0.0095 
   H171933.3  2 0.1976 0.0189 0.0095 0.0137 0.0084 0.0130 0.4333 0.0075 0.0811 0.0281 0.0086 0.0277 0.0828 0.0482 0.0108 0.0108 
   H171933.4  2 0.2396 0.0488 0.0054 0.0747 0.0068 0.0067 0.4436 0.0186 0.0411 0.0314 0.0095 0.0112 0.0269 0.0113 0.0115 0.0131 
   H171933.5  2 0.5041 0.0970 0.0132 0.0537 0.0085 0.0169 0.1037 0.0135 0.0188 0.0421 0.0065 0.0116 0.0092 0.0197 0.0517 0.0298 
   H171933.6  2 0.0435 0.0136 0.0082 0.0110 0.0188 0.0060 0.5465 0.0079 0.2540 0.0086 0.0254 0.0197 0.0102 0.0078 0.0110 0.0079 
   H171933.7  2 0.0227 0.0109 0.0150 0.1084 0.0142 0.0235 0.4619 0.0044 0.0127 0.0989 0.0171 0.0891 0.0686 0.0201 0.0183 0.0143 
   H171933.8  2 0.0289 0.0386 0.0107 0.2819 0.0086 0.0440 0.3586 0.0183 0.0090 0.0676 0.0192 0.0127 0.0617 0.0204 0.0058 0.0139 
   H171933.9  2 0.0367 0.0152 0.0052 0.0280 0.0076 0.0040 0.7476 0.0063 0.0190 0.0329 0.0069 0.0346 0.0115 0.0054 0.0331 0.0061 
      H190.1  2 0.1738 0.0177 0.0171 0.0150 0.0213 0.0056 0.0269 0.0228 0.0143 0.5127 0.0149 0.0291 0.0077 0.0232 0.0636 0.0342 
      H190.2  2 0.1141 0.0101 0.0147 0.0171 0.0456 0.0052 0.0058 0.0050 0.0210 0.0307 0.0274 0.0375 0.0442 0.5957 0.0088 0.0170 
      H190.3  2 0.0495 0.0198 0.0300 0.0081 0.0126 0.0102 0.0116 0.0055 0.0426 0.0305 0.0240 0.0486 0.0216 0.5074 0.0194 0.1587 
      H190.4  2 0.3601 0.0273 0.0144 0.0039 0.0082 0.0095 0.0505 0.0083 0.0417 0.3359 0.0060 0.0177 0.0185 0.0135 0.0494 0.0350 
      H190.5  2 0.0356 0.0218 0.1162 0.0419 0.1018 0.0053 0.0136 0.0070 0.0253 0.0340 0.0605 0.0813 0.0390 0.3884 0.0180 0.0104 
      H190.6  2 0.4438 0.0161 0.0084 0.0048 0.0073 0.0113 0.0186 0.0117 0.0585 0.2504 0.0075 0.0224 0.0185 0.0118 0.0226 0.0862 
      H190.7  2 0.2847 0.0131 0.0196 0.0096 0.0113 0.0097 0.0056 0.0103 0.1214 0.0153 0.0116 0.0107 0.3231 0.0419 0.0274 0.0847 
      H190.8  2 0.2229 0.0173 0.0701 0.0559 0.0855 0.0052 0.0090 0.0088 0.0204 0.1370 0.0370 0.0880 0.0609 0.1350 0.0368 0.0102 
      H190.9  2 0.3351 0.0292 0.0667 0.0141 0.0981 0.0139 0.0076 0.0092 0.0314 0.0580 0.0093 0.0126 0.1220 0.1383 0.0281 0.0265 
      H400.1  2 0.0089 0.0312 0.0826 0.0137 0.0412 0.0096 0.0390 0.0065 0.6777 0.0261 0.0099 0.0156 0.0120 0.0047 0.0116 0.0098 
      H400.2  2 0.0081 0.0391 0.0236 0.0058 0.1324 0.0203 0.0946 0.0083 0.5734 0.0279 0.0227 0.0199 0.0064 0.0060 0.0046 0.0069 
      H400.3  2 0.0146 0.0356 0.3032 0.0092 0.0267 0.0153 0.0831 0.0074 0.2838 0.0416 0.0127 0.0954 0.0071 0.0145 0.0366 0.0133 
      H400.4  2 0.0072 0.0345 0.0155 0.0069 0.0520 0.0050 0.0153 0.0179 0.7431 0.0340 0.0170 0.0129 0.0122 0.0094 0.0105 0.0064 
      H400.5  2 0.0300 0.1193 0.0490 0.0048 0.0201 0.0091 0.3010 0.0060 0.2207 0.0634 0.0115 0.1008 0.0068 0.0109 0.0287 0.0178 
      H400.6  2 0.0063 0.0187 0.0381 0.0081 0.0851 0.0046 0.0227 0.0071 0.7076 0.0208 0.0093 0.0106 0.0383 0.0049 0.0073 0.0104 
      H400.7  2 0.0280 0.1329 0.0210 0.0180 0.0160 0.0072 0.1191 0.0081 0.5366 0.0284 0.0072 0.0223 0.0132 0.0105 0.0100 0.0215 
 H428.1_2005  2 0.0039 0.0051 0.0042 0.0042 0.0051 0.0036 0.9351 0.0042 0.0040 0.0028 0.0049 0.0046 0.0060 0.0034 0.0047 0.0043 
 H428.1_2006  2 0.0058 0.0064 0.0042 0.0123 0.0166 0.0045 0.8934 0.0051 0.0072 0.0035 0.0108 0.0043 0.0094 0.0071 0.0055 0.0040 
 H428.2_2005  2 0.0055 0.0067 0.0063 0.0052 0.0046 0.0038 0.9252 0.0060 0.0053 0.0042 0.0044 0.0051 0.0029 0.0049 0.0049 0.0049 
 H428.2_2006  2 0.0061 0.0085 0.0043 0.0124 0.0084 0.0054 0.8776 0.0084 0.0068 0.0069 0.0281 0.0078 0.0055 0.0042 0.0054 0.0043 
 H428.3_2005  2 0.0058 0.0053 0.0036 0.0051 0.0046 0.0029 0.9283 0.0034 0.0076 0.0048 0.0054 0.0044 0.0047 0.0052 0.0037 0.0051 
 H428.3_2006  2 0.0071 0.0096 0.0051 0.0127 0.0084 0.0054 0.8800 0.0067 0.0093 0.0062 0.0186 0.0107 0.0067 0.0038 0.0054 0.0043 
 H428.4_2005  2 0.0057 0.0049 0.0033 0.0040 0.0052 0.0034 0.9334 0.0044 0.0058 0.0039 0.0041 0.0037 0.0039 0.0045 0.0046 0.0052 
 H428.4_2006  2 0.0043 0.0034 0.0026 0.0040 0.0046 0.0041 0.9378 0.0032 0.0045 0.0032 0.0061 0.0032 0.0064 0.0041 0.0054 0.0031 
 H428.5_2005  2 0.0035 0.0039 0.0036 0.0035 0.0032 0.0067 0.9380 0.0049 0.0038 0.0037 0.0050 0.0041 0.0049 0.0040 0.0037 0.0035 
 H428.6_2005  2 0.0045 0.0045 0.0036 0.0050 0.0052 0.0035 0.9286 0.0032 0.0047 0.0037 0.0059 0.0043 0.0074 0.0042 0.0049 0.0070 
 H428.6_2006  2 0.0044 0.0072 0.0040 0.0049 0.0062 0.0112 0.8895 0.0099 0.0053 0.0072 0.0108 0.0041 0.0079 0.0049 0.0153 0.0072 
      H428.7  2 0.0035 0.0033 0.0037 0.0036 0.0046 0.0035 0.9393 0.0049 0.0050 0.0037 0.0048 0.0046 0.0044 0.0031 0.0048 0.0032 
      H428.8  2 0.0037 0.0043 0.0029 0.0040 0.0035 0.0043 0.9318 0.0046 0.0053 0.0053 0.0060 0.0069 0.0052 0.0035 0.0045 0.0041 
      H428.9  2 0.0044 0.0044 0.0043 0.0048 0.0039 0.0050 0.9330 0.0052 0.0050 0.0041 0.0048 0.0052 0.0036 0.0043 0.0037 0.0042 
      H453.1  2 0.0060 0.0133 0.0111 0.0174 0.0109 0.0072 0.0129 0.0092 0.8268 0.0123 0.0317 0.0064 0.0088 0.0057 0.0151 0.0055 
      H453.2  2 0.0103 0.0142 0.0212 0.0087 0.0083 0.0057 0.0133 0.0056 0.8189 0.0358 0.0095 0.0069 0.0136 0.0065 0.0122 0.0093 
      H453.3  2 0.0250 0.0065 0.0136 0.0073 0.0066 0.0033 0.0114 0.0055 0.8301 0.0117 0.0082 0.0123 0.0170 0.0073 0.0071 0.0269 
      H453.4  2 0.0119 0.0108 0.0217 0.0061 0.0107 0.0037 0.0075 0.0062 0.8602 0.0199 0.0058 0.0056 0.0071 0.0043 0.0105 0.0079 
      H453.5  2 0.0107 0.0125 0.0193 0.0105 0.0094 0.0058 0.0075 0.0043 0.7451 0.0521 0.0802 0.0060 0.0068 0.0055 0.0192 0.0051 
      H453.6  2 0.0050 0.0060 0.0057 0.0074 0.0051 0.0047 0.0269 0.0054 0.7430 0.0534 0.1069 0.0046 0.0055 0.0043 0.0121 0.0041 
      H453.7  2 0.1746 0.0273 0.0370 0.0153 0.0177 0.0044 0.0143 0.0844 0.0472 0.0436 0.1573 0.0071 0.1798 0.0223 0.0083 0.1595 
      H453.8  2 0.2059 0.0259 0.0223 0.0332 0.0204 0.0071 0.0056 0.0319 0.3875 0.0230 0.0533 0.0079 0.0207 0.0179 0.0123 0.1251 
      H453.9  2 0.0249 0.0264 0.0792 0.0662 0.0129 0.0048 0.0219 0.0075 0.1223 0.1444 0.3643 0.0179 0.0640 0.0049 0.0180 0.0203 
      H512.1  2 0.0183 0.0084 0.0320 0.0477 0.0289 0.0042 0.1739 0.0098 0.0422 0.3214 0.0350 0.0107 0.0391 0.0118 0.2024 0.0143 
     H512.10  2 0.0115 0.0174 0.0104 0.2931 0.0127 0.0483 0.0982 0.0095 0.0083 0.0847 0.1117 0.0106 0.0087 0.0252 0.2296 0.0202 
      H512.2  2 0.0161 0.0122 0.0186 0.4620 0.0259 0.0103 0.1548 0.0148 0.0146 0.0229 0.0143 0.0142 0.0085 0.0649 0.1300 0.0159 
      H512.3  2 0.0190 0.0140 0.0110 0.2693 0.0111 0.0203 0.0491 0.0125 0.0168 0.0741 0.0165 0.0634 0.0066 0.0168 0.3888 0.0105 
      H512.4  2 0.0237 0.0159 0.0292 0.3254 0.0158 0.0141 0.0736 0.0206 0.0125 0.2230 0.1006 0.0117 0.0069 0.0582 0.0368 0.0321 
      H512.5  2 0.0179 0.0361 0.0078 0.1863 0.0099 0.0188 0.0346 0.0233 0.0179 0.0115 0.0125 0.1742 0.0052 0.0193 0.4097 0.0151 
      H512.6  2 0.1215 0.0155 0.0355 0.1859 0.0161 0.0055 0.0263 0.0177 0.0317 0.0870 0.0091 0.1766 0.0093 0.0321 0.1987 0.0315 
      H512.7  2 0.0100 0.0232 0.0070 0.0471 0.0372 0.0128 0.0199 0.0352 0.0624 0.0147 0.0259 0.0254 0.0123 0.0072 0.6524 0.0073 
      H512.8  2 0.0463 0.0130 0.0091 0.3234 0.0225 0.0080 0.0475 0.0207 0.0276 0.0887 0.0100 0.0372 0.0095 0.1311 0.1876 0.0177 
      H512.9  2 0.0091 0.0148 0.0263 0.0760 0.0391 0.0142 0.0497 0.0125 0.0251 0.0135 0.0192 0.0197 0.0394 0.0093 0.6206 0.0116 
      H513.1  2 0.0054 0.0057 0.0055 0.0093 0.0112 0.0051 0.9108 0.0047 0.0069 0.0054 0.0085 0.0048 0.0046 0.0042 0.0038 0.0041 
      H513.2  2 0.0086 0.0107 0.0105 0.0097 0.0154 0.0044 0.8348 0.0105 0.0130 0.0163 0.0190 0.0067 0.0109 0.0111 0.0046 0.0138 
      H513.3  2 0.0053 0.0068 0.0087 0.0098 0.0073 0.0037 0.8998 0.0049 0.0086 0.0074 0.0082 0.0060 0.0070 0.0044 0.0063 0.0059 
      H513.4  2 0.0290 0.0156 0.0118 0.0118 0.0436 0.0040 0.7409 0.0087 0.0304 0.0228 0.0275 0.0140 0.0135 0.0117 0.0078 0.0069 
      H513.5  2 0.0044 0.0098 0.0046 0.0075 0.0078 0.0055 0.8959 0.0109 0.0054 0.0145 0.0064 0.0051 0.0047 0.0035 0.0093 0.0048 
