      H008.1  2 0.0110 0.0113 0.0119 0.0186 0.0141 0.0071 0.0120 0.0091 0.0078 0.8461 0.0265 0.0076 0.0170 
      H008.2  2 0.0164 0.0163 0.0531 0.1087 0.0565 0.0110 0.0351 0.0283 0.1033 0.0899 0.3009 0.1226 0.0579 
      H008.3  2 0.0270 0.0246 0.0170 0.3108 0.1050 0.0265 0.0358 0.0440 0.0846 0.0873 0.1455 0.0615 0.0304 
      H008.4  2 0.0365 0.0261 0.0088 0.0173 0.0144 0.0088 0.0116 0.0411 0.0225 0.6982 0.0292 0.0574 0.0280 
      H008.5  2 0.0171 0.0110 0.0090 0.0202 0.0161 0.0087 0.0127 0.0399 0.0178 0.7956 0.0252 0.0163 0.0104 
      H008.6  2 0.0216 0.0174 0.0130 0.0645 0.0069 0.0174 0.0205 0.0293 0.0355 0.2483 0.3425 0.0915 0.0915 
      H008.7  2 0.0294 0.0429 0.0290 0.0551 0.0624 0.0124 0.0083 0.0554 0.0222 0.3881 0.1339 0.1053 0.0557 
      H008.8  2 0.0502 0.0219 0.1893 0.0316 0.0486 0.0272 0.0169 0.0130 0.1399 0.1893 0.0284 0.0276 0.2159 
      H008.9  2 0.0119 0.0288 0.0176 0.0501 0.0159 0.0147 0.0203 0.0204 0.0377 0.0298 0.2398 0.2300 0.2830 
 H029.1_2002  2 0.0194 0.0134 0.0191 0.0106 0.0110 0.0238 0.0072 0.0921 0.0073 0.7295 0.0107 0.0228 0.0332 
 H029.1_2003  2 0.0147 0.0104 0.0152 0.0487 0.0089 0.0163 0.0150 0.5832 0.0127 0.2210 0.0108 0.0201 0.0230 
 H029.2_2002  2 0.0106 0.0108 0.0121 0.0442 0.0424 0.0280 0.0061 0.0544 0.0146 0.7090 0.0182 0.0404 0.0091 
 H029.2_2003  2 0.0070 0.0078 0.0089 0.1631 0.0097 0.0479 0.0227 0.3445 0.0206 0.3047 0.0117 0.0394 0.0120 
 H029.3_2002  2 0.0249 0.0098 0.0336 0.0434 0.0750 0.0322 0.0331 0.0718 0.0275 0.4893 0.0080 0.1399 0.0115 
 H029.3_2003  2 0.0069 0.0072 0.0137 0.0149 0.0067 0.0095 0.0146 0.2362 0.0044 0.6582 0.0166 0.0068 0.0041 
 H029.4_2002  2 0.0100 0.0081 0.0093 0.0055 0.0139 0.0037 0.0057 0.0327 0.0042 0.8793 0.0076 0.0156 0.0044 
 H029.4_2003  2 0.0260 0.0077 0.0606 0.0131 0.0096 0.0103 0.0118 0.5646 0.0105 0.2292 0.0164 0.0210 0.0191 
 H029.5_2002  2 0.0063 0.0144 0.0075 0.0083 0.0115 0.0086 0.0067 0.0845 0.0037 0.8173 0.0174 0.0060 0.0078 
 H029.5_2003  2 0.0104 0.0082 0.0147 0.0372 0.0056 0.0057 0.0080 0.3431 0.0062 0.5276 0.0133 0.0108 0.0093 
 H029.6_2002  2 0.0080 0.0099 0.0173 0.0079 0.0304 0.0060 0.0088 0.2256 0.0084 0.6342 0.0050 0.0340 0.0044 
 H029.6_2003  2 0.0121 0.0235 0.0257 0.0861 0.0130 0.0368 0.0222 0.1065 0.0076 0.6266 0.0150 0.0106 0.0144 
      H029.7  2 0.0098 0.0077 0.0077 0.0169 0.0228 0.0118 0.0047 0.0375 0.0150 0.8172 0.0082 0.0313 0.0095 
      H030.1  2 0.0074 0.0173 0.0457 0.0304 0.0258 0.0679 0.5299 0.1708 0.0080 0.0384 0.0440 0.0052 0.0092 
      H030.2  2 0.2011 0.0168 0.0139 0.0117 0.1479 0.0099 0.3886 0.0390 0.0060 0.0555 0.0306 0.0685 0.0105 
      H038.1  2 0.0069 0.0040 0.0079 0.0051 0.0051 0.0053 0.0052 0.0066 0.0088 0.9146 0.0046 0.0185 0.0074 
      H038.2  2 0.0077 0.0107 0.0061 0.0079 0.0078 0.0111 0.0088 0.0065 0.0040 0.9089 0.0108 0.0060 0.0039 
      H038.3  2 0.0274 0.0122 0.0130 0.0067 0.0083 0.0294 0.0203 0.0052 0.0053 0.8145 0.0185 0.0315 0.0077 
      H038.4  2 0.0144 0.0174 0.0113 0.0052 0.0075 0.0160 0.0071 0.0060 0.0042 0.8666 0.0101 0.0278 0.0064 
      H038.5  2 0.0063 0.0070 0.0430 0.0082 0.0107 0.0059 0.0190 0.0092 0.0041 0.8492 0.0065 0.0260 0.0050 
      H038.6  2 0.0075 0.0044 0.0083 0.0081 0.0043 0.0075 0.0105 0.0106 0.0047 0.9122 0.0056 0.0112 0.0051 
      H038.7  2 0.0155 0.0052 0.0093 0.0055 0.0036 0.0273 0.0095 0.0060 0.0046 0.8873 0.0101 0.0113 0.0047 
      H038.8  2 0.0181 0.0138 0.0131 0.0054 0.0101 0.0204 0.0101 0.0045 0.0042 0.8098 0.0082 0.0771 0.0052 
      H041.1  2 0.0080 0.0258 0.0276 0.0107 0.0683 0.0283 0.0098 0.3299 0.0226 0.2823 0.1421 0.0237 0.0209 
      H041.2  2 0.0147 0.0121 0.0058 0.0060 0.0066 0.0128 0.0089 0.6605 0.0061 0.0576 0.1832 0.0139 0.0118 
      H041.4  2 0.0114 0.0250 0.0167 0.0111 0.0110 0.0126 0.0119 0.5111 0.0204 0.2571 0.0454 0.0273 0.0389 
      H041.6  2 0.0258 0.0211 0.0100 0.0095 0.0178 0.0292 0.0132 0.4756 0.0375 0.2648 0.0396 0.0151 0.0408 
 H042.1_2002  2 0.0576 0.0301 0.0068 0.0150 0.0084 0.0112 0.0086 0.7755 0.0197 0.0111 0.0075 0.0184 0.0301 
 H042.1_2003  2 0.0699 0.0348 0.0131 0.0810 0.0185 0.0997 0.0363 0.0604 0.0159 0.0687 0.3327 0.1036 0.0653 
 H042.2_2002  2 0.3356 0.0218 0.0125 0.0282 0.0136 0.0066 0.0063 0.3729 0.0120 0.1348 0.0091 0.0422 0.0044 
 H042.2_2003  2 0.0166 0.0300 0.0058 0.0178 0.0048 0.0216 0.0098 0.6994 0.0129 0.0874 0.0545 0.0062 0.0334 
 H042.3_2002  2 0.5415 0.0211 0.0071 0.0254 0.0067 0.0065 0.0199 0.3299 0.0087 0.0073 0.0076 0.0104 0.0079 
 H042.3_2003  2 0.6738 0.0120 0.0107 0.0388 0.0360 0.0076 0.0139 0.1052 0.0188 0.0296 0.0162 0.0196 0.0176 
 H042.4_2002  2 0.0094 0.0323 0.0074 0.0103 0.0088 0.0102 0.0107 0.8548 0.0074 0.0141 0.0066 0.0178 0.0102 
 H042.4_2003  2 0.0076 0.0203 0.0081 0.0089 0.0155 0.0301 0.0079 0.7952 0.0184 0.0509 0.0093 0.0075 0.0203 
      H042.5  2 0.0056 0.0057 0.0063 0.0081 0.0042 0.0055 0.0042 0.9271 0.0116 0.0061 0.0069 0.0027 0.0060 
      H042.6  2 0.0201 0.0107 0.0147 0.0087 0.0084 0.0140 0.0063 0.7978 0.0718 0.0180 0.0048 0.0126 0.0121 
      H042.7  2 0.2668 0.0474 0.0118 0.0095 0.0069 0.0261 0.0061 0.5488 0.0107 0.0213 0.0201 0.0061 0.0183 
      H042.8  2 0.0622 0.0223 0.0126 0.0203 0.0040 0.0056 0.0047 0.7736 0.0299 0.0121 0.0175 0.0231 0.0122 
   H042_2002  2 0.2396 0.0411 0.0391 0.0384 0.0065 0.0826 0.0202 0.1180 0.1862 0.1064 0.0365 0.0424 0.0429 
   H042_2003  2 0.2709 0.0309 0.0436 0.0377 0.0069 0.0702 0.0190 0.1251 0.1954 0.0891 0.0343 0.0377 0.0392 
      H043.1  2 0.0161 0.0043 0.6902 0.0108 0.0161 0.0238 0.0093 0.0091 0.0326 0.0223 0.0492 0.1089 0.0073 
      H043.2  2 0.0173 0.0063 0.0872 0.0107 0.0054 0.0489 0.0071 0.0059 0.3235 0.0882 0.0191 0.3062 0.0741 
      H043.3  2 0.0653 0.0060 0.1916 0.0073 0.0041 0.1794 0.0087 0.0120 0.0602 0.3730 0.0224 0.0382 0.0318 
      H043.4  2 0.0368 0.0059 0.0672 0.0090 0.0071 0.2507 0.0086 0.0100 0.2886 0.0907 0.0372 0.1684 0.0196 
      H043.5  2 0.0736 0.0070 0.1181 0.0117 0.0061 0.0357 0.0121 0.0082 0.0303 0.2038 0.0477 0.4016 0.0441 
      H043.6  2 0.0576 0.0082 0.0897 0.0104 0.0053 0.0314 0.0140 0.0121 0.0304 0.3482 0.0055 0.3265 0.0605 
      H043.7  2 0.0259 0.0047 0.0579 0.0066 0.0040 0.4777 0.0116 0.0057 0.1361 0.0318 0.0173 0.1344 0.0863 
      H043.8  2 0.0454 0.0065 0.6896 0.0106 0.0121 0.0425 0.0302 0.0065 0.0498 0.0213 0.0233 0.0242 0.0380 
      H043.9  2 0.0141 0.0039 0.7855 0.0067 0.0070 0.0237 0.0085 0.0125 0.0350 0.0432 0.0087 0.0415 0.0095 
      H047.1  2 0.0349 0.0045 0.0040 0.0085 0.0071 0.0111 0.0067 0.0054 0.0101 0.3597 0.5247 0.0073 0.0159 
      H047.2  2 0.0067 0.0107 0.0080 0.0140 0.0124 0.0189 0.0062 0.0105 0.0077 0.0458 0.8472 0.0035 0.0082 
      H047.3  2 0.0125 0.0146 0.0080 0.0147 0.0209 0.0196 0.0094 0.0163 0.0180 0.0565 0.7928 0.0042 0.0124 
      H047.4  2 0.0154 0.0136 0.0095 0.0093 0.0065 0.0284 0.0090 0.0303 0.0093 0.1174 0.7243 0.0046 0.0226 
      H047.5  2 0.0457 0.0138 0.0095 0.0210 0.0053 0.0180 0.0115 0.0107 0.0408 0.1007 0.7069 0.0043 0.0118 
      H047.6  2 0.0076 0.0104 0.0068 0.0055 0.0084 0.0089 0.0050 0.0183 0.0062 0.0182 0.8911 0.0040 0.0095 
      H047.7  2 0.0375 0.0075 0.0046 0.0074 0.0092 0.0056 0.0065 0.0117 0.0062 0.4022 0.4865 0.0077 0.0073 
      H047.8  2 0.0163 0.0091 0.0078 0.0134 0.0082 0.0175 0.0068 0.0189 0.0113 0.0416 0.8329 0.0038 0.0123 
      H047.9  2 0.0779 0.0365 0.0091 0.0276 0.0073 0.0148 0.0116 0.0143 0.0575 0.3359 0.3890 0.0040 0.0145 
 H071.1_2002  2 0.0097 0.0049 0.0055 0.0051 0.0047 0.0076 0.0086 0.0053 0.0133 0.9196 0.0046 0.0049 0.0062 
 H071.1_2003  2 0.0108 0.0080 0.0078 0.0141 0.0051 0.0505 0.0496 0.0122 0.1078 0.6790 0.0138 0.0092 0.0321 
     H071.10  2 0.0185 0.0069 0.0135 0.0041 0.0086 0.0053 0.0169 0.0059 0.0056 0.9002 0.0028 0.0073 0.0045 
 H071.2_2002  2 0.0103 0.0069 0.0065 0.0092 0.0039 0.0071 0.0066 0.0052 0.0139 0.9002 0.0065 0.0103 0.0133 
 H071.2_2003  2 0.0047 0.0038 0.0041 0.0049 0.0035 0.0064 0.0053 0.0047 0.0093 0.9409 0.0042 0.0029 0.0054 
      H071.3  2 0.0172 0.0070 0.0074 0.0051 0.0084 0.0091 0.0227 0.0077 0.0070 0.8831 0.0128 0.0082 0.0043 
 H071.4_2002  2 0.0193 0.0137 0.0375 0.0057 0.0067 0.0075 0.0166 0.0067 0.0111 0.8469 0.0057 0.0135 0.0091 
 H071.4_2003  2 0.0107 0.0040 0.0067 0.0051 0.0047 0.0056 0.0073 0.0047 0.0043 0.9334 0.0063 0.0030 0.0041 
 H071.5_2002  2 0.0088 0.0040 0.0071 0.0035 0.0064 0.0050 0.0074 0.0063 0.0072 0.9318 0.0043 0.0051 0.0033 
 H071.5_2003  2 0.0169 0.0094 0.0099 0.0096 0.0036 0.0148 0.0176 0.0052 0.0063 0.8817 0.0097 0.0040 0.0113 
 H071.6_2002  2 0.0378 0.0051 0.0157 0.0060 0.0040 0.0057 0.0103 0.0048 0.0064 0.8908 0.0049 0.0041 0.0043 
 H071.6_2003  2 0.0109 0.0050 0.0089 0.0063 0.0037 0.0098 0.0185 0.0060 0.0059 0.9052 0.0046 0.0033 0.0119 
 H071.7_2002  2 0.0087 0.0034 0.0053 0.0037 0.0036 0.0087 0.0043 0.0043 0.0055 0.9366 0.0058 0.0046 0.0054 
 H071.7_2003  2 0.0092 0.0080 0.0088 0.0085 0.0041 0.0108 0.0262 0.0065 0.0085 0.8895 0.0054 0.0050 0.0093 
      H071.8  2 0.0065 0.0051 0.0105 0.0064 0.0040 0.0066 0.0059 0.0053 0.0119 0.9135 0.0064 0.0070 0.0110 
      H071.9  2 0.0286 0.0147 0.2239 0.0068 0.0084 0.0092 0.0225 0.0155 0.0182 0.6111 0.0085 0.0164 0.0163 
 H081.1_2002  2 0.0061 0.0072 0.0039 0.0049 0.0061 0.0071 0.0061 0.0066 0.0172 0.9213 0.0035 0.0040 0.0060 
 H081.1_2003  2 0.0231 0.0248 0.0138 0.0329 0.0185 0.2676 0.0987 0.0990 0.0149 0.0448 0.0152 0.2768 0.0700 
 H081.2_2002  2 0.0060 0.0076 0.0052 0.0045 0.0054 0.0145 0.0054 0.0070 0.0663 0.8574 0.0066 0.0055 0.0085 
 H081.2_2003  2 0.0105 0.0072 0.0226 0.0072 0.0298 0.0130 0.7385 0.0180 0.0768 0.0385 0.0094 0.0096 0.0190 
 H081.3_2002  2 0.0070 0.0113 0.0104 0.0053 0.0073 0.0131 0.0139 0.0086 0.0339 0.8394 0.0214 0.0067 0.0218 
 H081.3_2003  2 0.0124 0.0155 0.1324 0.0179 0.0101 0.0124 0.6662 0.0136 0.0483 0.0163 0.0105 0.0109 0.0336 
 H081.4_2002  2 0.0101 0.0062 0.0049 0.0063 0.0073 0.0071 0.0089 0.0068 0.0060 0.9194 0.0067 0.0039 0.0064 
 H081.4_2003  2 0.0155 0.0279 0.0415 0.0239 0.0169 0.1298 0.4170 0.1095 0.0362 0.0279 0.0081 0.0170 0.1288 
 H081.5_2002  2 0.0072 0.0043 0.0058 0.0069 0.0047 0.0098 0.0125 0.0088 0.0091 0.9058 0.0093 0.0049 0.0110 
 H081.5_2003  2 0.0284 0.0335 0.0109 0.0228 0.0176 0.3978 0.1119 0.0807 0.0758 0.0583 0.0207 0.0298 0.1118 
      H081.6  2 0.0096 0.0061 0.0038 0.0057 0.0048 0.0077 0.0074 0.0057 0.0120 0.9213 0.0045 0.0053 0.0060 
      H081.7  2 0.0060 0.0079 0.0078 0.0062 0.0058 0.0125 0.0100 0.0058 0.0505 0.8627 0.0079 0.0041 0.0128 
      H081.8  2 0.0160 0.0135 0.0243 0.0072 0.0168 0.0077 0.0470 0.0085 0.0117 0.8121 0.0075 0.0143 0.0136 
      H083.1  2 0.0115 0.0055 0.0080 0.0085 0.0180 0.0106 0.0095 0.0159 0.0085 0.8831 0.0060 0.0096 0.0054 
      H083.2  2 0.0114 0.0089 0.0203 0.0082 0.0274 0.0124 0.0096 0.0087 0.0197 0.8131 0.0352 0.0104 0.0148 
      H083.4  2 0.0115 0.0113 0.0418 0.0060 0.0908 0.0087 0.0066 0.0068 0.0157 0.7704 0.0091 0.0125 0.0088 
      H083.5  2 0.0080 0.0100 0.0110 0.0110 0.0706 0.0097 0.0059 0.0235 0.0125 0.7902 0.0133 0.0290 0.0054 
      H083.6  2 0.0096 0.0202 0.0099 0.0140 0.0947 0.0104 0.0100 0.0126 0.0092 0.7877 0.0051 0.0112 0.0053 
      H083.7  2 0.0117 0.0263 0.0259 0.0086 0.2226 0.0084 0.0063 0.0063 0.0182 0.6278 0.0163 0.0122 0.0095 
      H083.8  2 0.0069 0.0115 0.0216 0.0105 0.0291 0.0147 0.0046 0.0109 0.0168 0.7810 0.0734 0.0078 0.0112 
      H083.9  2 0.0071 0.0080 0.0064 0.0070 0.0738 0.0074 0.0063 0.0309 0.0078 0.8196 0.0122 0.0095 0.0040 
      H084.1  2 0.0124 0.0232 0.0365 0.0111 0.0103 0.0075 0.7655 0.0149 0.0104 0.0101 0.0189 0.0738 0.0054 
      H084.2  2 0.0084 0.0054 0.0991 0.0120 0.0058 0.0173 0.7122 0.0300 0.0053 0.0126 0.0058 0.0784 0.0078 
      H084.3  2 0.0267 0.2088 0.0167 0.0148 0.0199 0.0376 0.3961 0.0136 0.0071 0.0093 0.0110 0.2327 0.0058 
      H084.4  2 0.0208 0.0451 0.0177 0.0146 0.0072 0.1226 0.4279 0.0569 0.0049 0.0121 0.0337 0.2256 0.0109 
      H084.5  2 0.0980 0.0699 0.0118 0.0124 0.0059 0.0301 0.6653 0.0094 0.0107 0.0069 0.0291 0.0420 0.0084 
      H084.6  2 0.0266 0.1200 0.0201 0.0073 0.0364 0.0130 0.6454 0.0072 0.0090 0.0067 0.0241 0.0769 0.0073 
      H084.7  2 0.0120 0.0099 0.0126 0.0143 0.0068 0.0102 0.8635 0.0286 0.0069 0.0079 0.0073 0.0127 0.0074 
      H084.8  2 0.0199 0.1204 0.0105 0.0119 0.0068 0.0161 0.6754 0.0103 0.0093 0.0057 0.0379 0.0706 0.0052 
 H085.1_2002  2 0.0095 0.0054 0.0078 0.0049 0.0098 0.0058 0.0105 0.0145 0.8618 0.0429 0.0041 0.0126 0.0102 
 H085.1_2003  2 0.0085 0.0204 0.0543 0.0088 0.0686 0.0299 0.0113 0.0580 0.1169 0.5798 0.0156 0.0174 0.0104 
 H085.2_2002  2 0.0278 0.0357 0.0208 0.0072 0.1053 0.0253 0.0209 0.0393 0.4776 0.0318 0.0057 0.0804 0.1221 
 H085.2_2003  2 0.0106 0.0100 0.0240 0.0165 0.0491 0.0258 0.0229 0.0578 0.0213 0.7091 0.0287 0.0113 0.0129 
 H085.3_2002  2 0.0053 0.0061 0.0074 0.0047 0.0118 0.0192 0.0039 0.0213 0.8880 0.0084 0.0063 0.0046 0.0129 
 H085.3_2003  2 0.0076 0.0086 0.0155 0.0114 0.0076 0.0849 0.0104 0.0155 0.0387 0.7737 0.0140 0.0045 0.0077 
 H085.4_2002  2 0.0188 0.0216 0.0152 0.0108 0.0146 0.0137 0.0211 0.0237 0.6249 0.1152 0.0066 0.0474 0.0663 
 H085.4_2003  2 0.0314 0.0258 0.0079 0.0070 0.0071 0.0337 0.0292 0.1329 0.0115 0.6633 0.0163 0.0065 0.0275 
 H085.5_2002  2 0.0040 0.0070 0.0051 0.0041 0.0032 0.0125 0.0042 0.0068 0.9285 0.0062 0.0054 0.0044 0.0086 
 H085.5_2003  2 0.0093 0.0060 0.0086 0.0108 0.0361 0.0108 0.0200 0.0288 0.0255 0.8190 0.0115 0.0072 0.0065 
 H085.6_2002  2 0.0045 0.0060 0.0115 0.0038 0.0109 0.0129 0.0058 0.0176 0.8918 0.0076 0.0059 0.0101 0.0115 
 H085.6_2003  2 0.0085 0.0174 0.0099 0.0120 0.0067 0.6793 0.0106 0.0584 0.0243 0.0773 0.0561 0.0076 0.0318 
 H085.7_2002  2 0.0108 0.0092 0.0099 0.0092 0.0565 0.0752 0.0167 0.0933 0.5745 0.0481 0.0227 0.0134 0.0605 
 H085.7_2003  2 0.0108 0.0121 0.0264 0.0098 0.0123 0.0469 0.0067 0.0189 0.0227 0.8021 0.0122 0.0104 0.0089 
 H085.8_2002  2 0.0123 0.0233 0.0190 0.0070 0.0137 0.4476 0.0172 0.0216 0.3190 0.0211 0.0096 0.0188 0.0700 
 H085.8_2003  2 0.0152 0.0303 0.0214 0.0122 0.1024 0.0389 0.0207 0.3851 0.0381 0.2578 0.0285 0.0145 0.0350 
      H085.9  2 0.0128 0.0105 0.0089 0.0084 0.0128 0.0141 0.0155 0.0224 0.8195 0.0269 0.0076 0.0269 0.0136 
      H088.1  2 0.0069 0.0322 0.0194 0.0175 0.0090 0.0080 0.0086 0.8387 0.0197 0.0124 0.0073 0.0092 0.0111 
      H088.2  2 0.0097 0.0128 0.0103 0.0095 0.0059 0.0131 0.0074 0.8726 0.0182 0.0074 0.0101 0.0071 0.0159 
      H088.3  2 0.0070 0.0108 0.0093 0.0083 0.0070 0.0110 0.0059 0.9012 0.0105 0.0046 0.0105 0.0066 0.0074 
      H088.4  2 0.0048 0.0048 0.0102 0.0120 0.0035 0.0083 0.0178 0.9079 0.0048 0.0073 0.0056 0.0053 0.0078 
      H088.5  2 0.0044 0.0051 0.0070 0.0065 0.0047 0.0043 0.0056 0.9363 0.0041 0.0047 0.0060 0.0045 0.0069 
      H088.6  2 0.0060 0.0113 0.0105 0.0077 0.0050 0.0062 0.0085 0.9090 0.0053 0.0072 0.0106 0.0056 0.0072 
      H088.7  2 0.0077 0.0077 0.0090 0.0068 0.0045 0.0070 0.0080 0.8836 0.0084 0.0166 0.0283 0.0071 0.0055 
      H088.8  2 0.0063 0.0090 0.0160 0.0120 0.0071 0.0079 0.0159 0.8615 0.0068 0.0282 0.0137 0.0076 0.0079 
      H091.1  2 0.0262 0.0113 0.0278 0.0079 0.0172 0.0148 0.0061 0.8204 0.0106 0.0356 0.0063 0.0085 0.0072 
      H091.2  2 0.0239 0.0183 0.0419 0.0129 0.0505 0.0127 0.0055 0.7449 0.0153 0.0411 0.0164 0.0056 0.0110 
      H109.1  2 0.0280 0.0236 0.5827 0.0154 0.0408 0.0101 0.0815 0.0091 0.0340 0.0137 0.1265 0.0230 0.0117 
      H109.2  2 0.0244 0.0298 0.1140 0.0105 0.0230 0.0317 0.5411 0.0226 0.0103 0.0753 0.0603 0.0205 0.0366 
      H109.3  2 0.0147 0.0210 0.0804 0.0321 0.0093 0.0400 0.0693 0.0260 0.0069 0.0454 0.6274 0.0185 0.0091 
      H109.4  2 0.0144 0.0184 0.5711 0.0136 0.0127 0.0180 0.1969 0.0230 0.0077 0.0218 0.0652 0.0209 0.0163 
      H109.5  2 0.0296 0.0274 0.0295 0.0195 0.0063 0.0258 0.0852 0.3108 0.0109 0.2437 0.1908 0.0057 0.0147 
      H109.6  2 0.0359 0.0478 0.2268 0.0213 0.0219 0.0452 0.3701 0.0141 0.0127 0.0376 0.1127 0.0270 0.0270 
      H126.1  2 0.3715 0.0170 0.0566 0.1093 0.0081 0.0296 0.0113 0.0234 0.1348 0.0097 0.0089 0.0071 0.2127 
      H126.2  2 0.1011 0.0117 0.0516 0.0515 0.0153 0.0394 0.0229 0.0143 0.1814 0.3105 0.0565 0.0505 0.0932 
      H126.3  2 0.5858 0.0071 0.0171 0.0130 0.0258 0.0052 0.0044 0.0365 0.0680 0.2104 0.0068 0.0081 0.0120 
      H126.4  2 0.2045 0.0146 0.0230 0.1840 0.0226 0.0160 0.0161 0.0198 0.0241 0.0590 0.0188 0.0190 0.3785 
      H126.5  2 0.4175 0.0075 0.0119 0.0343 0.0108 0.0981 0.0071 0.0116 0.0468 0.1836 0.0065 0.0079 0.1563 
      H126.6  2 0.0987 0.0040 0.0076 0.0077 0.0081 0.0185 0.0044 0.0116 0.3096 0.4879 0.0127 0.0054 0.0239 
      H126.7  2 0.0266 0.0061 0.0102 0.0080 0.0066 0.0163 0.0069 0.0170 0.0248 0.8556 0.0093 0.0030 0.0096 
      H130.1  2 0.0064 0.0137 0.0537 0.0135 0.0108 0.0257 0.0103 0.0360 0.0120 0.0072 0.0142 0.0081 0.7884 
      H130.2  2 0.0058 0.0159 0.0509 0.0317 0.0372 0.0254 0.5770 0.0235 0.0194 0.0264 0.0486 0.0087 0.1296 
      H130.3  2 0.0074 0.0116 0.0406 0.5302 0.0089 0.0763 0.1797 0.0372 0.0097 0.0252 0.0151 0.0054 0.0528 
      H130.4  2 0.0080 0.0154 0.1492 0.0548 0.0203 0.0100 0.0339 0.0204 0.0316 0.0096 0.0130 0.0292 0.6045 
      H130.5  2 0.0076 0.0254 0.0390 0.0117 0.0250 0.0614 0.1846 0.0958 0.0345 0.0720 0.0087 0.0053 0.4290 
      H133.1  2 0.0183 0.0109 0.1880 0.1060 0.0241 0.0389 0.0682 0.0517 0.0176 0.0479 0.0812 0.1276 0.2197 
      H133.2  2 0.0147 0.0094 0.2210 0.0274 0.0082 0.0630 0.1889 0.0679 0.1453 0.0216 0.1278 0.0103 0.0946 
      H133.3  2 0.0155 0.0186 0.2393 0.0569 0.0130 0.0471 0.0251 0.2160 0.0672 0.0967 0.0230 0.1397 0.0421 
      H133.4  2 0.0098 0.0069 0.5569 0.0243 0.0088 0.0424 0.0256 0.0154 0.0211 0.0161 0.1826 0.0474 0.0427 
      H133.5  2 0.0192 0.0056 0.5022 0.1445 0.0103 0.0285 0.0581 0.0576 0.0889 0.0108 0.0159 0.0268 0.0315 
      H133.6  2 0.0206 0.0095 0.4060 0.0289 0.0162 0.0501 0.0851 0.1611 0.1136 0.0134 0.0135 0.0089 0.0731 
      H133.7  2 0.0135 0.0699 0.2786 0.0142 0.0098 0.0545 0.0111 0.0484 0.0374 0.0384 0.2578 0.1164 0.0501 
      H133.8  2 0.0658 0.0088 0.2933 0.0756 0.0253 0.0210 0.0304 0.0215 0.1119 0.0191 0.1369 0.1129 0.0775 
      H133.9  2 0.0128 0.0119 0.2016 0.2029 0.0311 0.0568 0.0341 0.0676 0.0150 0.0315 0.0452 0.1167 0.1728 
      H147.1  2 0.0191 0.0513 0.0035 0.0066 0.0349 0.1074 0.1368 0.1246 0.0560 0.3565 0.0528 0.0278 0.0227 
      H147.2  2 0.0086 0.0098 0.0045 0.0062 0.0070 0.0418 0.0179 0.0128 0.0148 0.8551 0.0052 0.0051 0.0113 
      H147.3  2 0.0064 0.0088 0.0038 0.0072 0.0077 0.0186 0.0242 0.0072 0.0229 0.8714 0.0062 0.0051 0.0106 
      H147.4  2 0.0062 0.0070 0.0034 0.0056 0.0139 0.0080 0.0562 0.0068 0.0098 0.8500 0.0094 0.0185 0.0051 
      H147.5  2 0.0093 0.0175 0.0054 0.0237 0.0231 0.0424 0.1974 0.1043 0.0215 0.5250 0.0116 0.0080 0.0107 
      H147.6  2 0.0113 0.0122 0.0063 0.0174 0.0233 0.0547 0.2914 0.0892 0.0147 0.4479 0.0150 0.0087 0.0078 
      H147.7  2 0.0096 0.0110 0.0037 0.0058 0.0149 0.0132 0.0713 0.0085 0.0090 0.8082 0.0204 0.0182 0.0061 
      H147.8  2 0.0178 0.0097 0.0051 0.0099 0.0285 0.0082 0.1102 0.0575 0.0103 0.6926 0.0137 0.0328 0.0036 
      H147.9  2 0.0072 0.0056 0.0036 0.0069 0.0072 0.0212 0.0215 0.0066 0.0156 0.8803 0.0075 0.0052 0.0115 
      H148.1  2 0.0351 0.0934 0.0461 0.0109 0.0321 0.0611 0.0759 0.0221 0.0103 0.0161 0.0244 0.0603 0.5120 
      H148.2  2 0.0465 0.6003 0.0400 0.0080 0.0185 0.0136 0.0365 0.0112 0.0143 0.0217 0.0113 0.0390 0.1392 
      H148.3  2 0.0210 0.8550 0.0092 0.0067 0.0060 0.0142 0.0089 0.0103 0.0096 0.0085 0.0122 0.0233 0.0149 
      H148.4  2 0.0507 0.3345 0.0389 0.0151 0.0115 0.1487 0.0157 0.0176 0.0112 0.0206 0.0118 0.0454 0.2784 
      H148.5  2 0.0166 0.8622 0.0114 0.0125 0.0056 0.0105 0.0235 0.0113 0.0064 0.0072 0.0060 0.0174 0.0093 
      H148.6  2 0.0224 0.7088 0.0170 0.0073 0.0274 0.0149 0.0157 0.0148 0.0126 0.0149 0.0093 0.0751 0.0598 
      H148.7  2 0.0322 0.6744 0.0530 0.0475 0.0088 0.0278 0.0274 0.0262 0.0053 0.0073 0.0176 0.0290 0.0436 
      H148.8  2 0.0068 0.8455 0.0059 0.0079 0.0048 0.0089 0.0074 0.0147 0.0074 0.0061 0.0047 0.0192 0.0606 
      H148.9  2 0.1713 0.3815 0.0486 0.0304 0.0208 0.0180 0.0185 0.0110 0.0565 0.0121 0.0306 0.1263 0.0745 
   H166022.1  2 0.0052 0.0088 0.0064 0.0044 0.0297 0.0095 0.0232 0.8690 0.0114 0.0115 0.0070 0.0082 0.0057 
   H166022.2  2 0.0165 0.0192 0.0117 0.0170 0.0582 0.0746 0.0996 0.5803 0.0111 0.0536 0.0341 0.0132 0.0108 
   H166022.3  2 0.0058 0.0193 0.0273 0.0131 0.1392 0.0129 0.0170 0.7258 0.0055 0.0059 0.0115 0.0067 0.0100 
   H166022.4  2 0.0059 0.0063 0.0187 0.0091 0.0148 0.0179 0.0159 0.8815 0.0042 0.0092 0.0059 0.0059 0.0047 
   H166022.5  2 0.0071 0.0054 0.0129 0.0075 0.0168 0.0204 0.0505 0.8479 0.0045 0.0089 0.0075 0.0054 0.0052 
   H166022.6  2 0.0059 0.0098 0.0179 0.0118 0.0422 0.0189 0.0290 0.7804 0.0083 0.0090 0.0214 0.0229 0.0225 
   H166022.7  2 0.0072 0.0038 0.8940 0.0127 0.0047 0.0057 0.0119 0.0066 0.0068 0.0087 0.0163 0.0130 0.0085 
   H166022.8  2 0.0101 0.0141 0.0164 0.0139 0.0955 0.2933 0.1232 0.3175 0.0248 0.0200 0.0150 0.0067 0.0494 
   H167397.1  2 0.0172 0.0466 0.0068 0.0075 0.0066 0.0329 0.0358 0.2171 0.0062 0.0596 0.0250 0.5254 0.0134 
   H167397.2  2 0.0209 0.0147 0.0125 0.0162 0.0743 0.0411 0.0229 0.0191 0.0546 0.0499 0.0136 0.5709 0.0893 
   H167397.3  2 0.0507 0.0194 0.0106 0.0122 0.0174 0.0166 0.0157 0.0789 0.0088 0.0934 0.0335 0.6140 0.0289 
   H167397.4  2 0.0184 0.0428 0.0086 0.0129 0.0263 0.0098 0.0187 0.0156 0.0370 0.0429 0.0396 0.7195 0.0078 
   H167397.5  2 0.0172 0.0199 0.0187 0.0115 0.0234 0.0596 0.0431 0.0622 0.0058 0.0383 0.0188 0.6392 0.0424 
   H167397.6  2 0.1347 0.0189 0.0137 0.0193 0.0132 0.0118 0.0070 0.0340 0.0118 0.0535 0.0331 0.6291 0.0199 
   H167496.1  2 0.0215 0.1148 0.0767 0.0127 0.0202 0.0242 0.0142 0.6615 0.0064 0.0103 0.0146 0.0092 0.0136 
   H167496.2  2 0.0920 0.1309 0.1048 0.0154 0.0083 0.3082 0.0297 0.0940 0.0165 0.0747 0.0816 0.0181 0.0258 
   H167496.3  2 0.0095 0.1191 0.0214 0.0222 0.0436 0.0819 0.0128 0.4134 0.1685 0.0418 0.0188 0.0079 0.0390 
   H167496.4  2 0.0071 0.0045 0.0049 0.0064 0.0067 0.0085 0.0066 0.9154 0.0102 0.0150 0.0055 0.0047 0.0044 
   H167496.6  2 0.0121 0.0057 0.0119 0.0112 0.0074 0.1732 0.0149 0.7090 0.0083 0.0231 0.0082 0.0064 0.0086 
   H167496.7  2 0.1073 0.1061 0.0381 0.0303 0.0472 0.3564 0.0266 0.0608 0.0088 0.0152 0.0780 0.0097 0.1156 
   H167496.8  2 0.0163 0.0063 0.0089 0.0071 0.0075 0.0830 0.0179 0.7877 0.0092 0.0229 0.0175 0.0065 0.0091 
   H167513.1  2 0.0074 0.0050 0.0142 0.0069 0.0089 0.0093 0.0068 0.0091 0.0067 0.0070 0.9032 0.0079 0.0077 
   H167513.2  2 0.0096 0.0198 0.0086 0.0044 0.0070 0.0081 0.0067 0.0120 0.0068 0.0044 0.8845 0.0159 0.0122 
   H167513.3  2 0.0079 0.0062 0.0172 0.0138 0.0117 0.0116 0.0244 0.0067 0.0070 0.0079 0.8707 0.0076 0.0073 
   H167513.4  2 0.0110 0.0186 0.0584 0.0086 0.0505 0.0155 0.0237 0.0191 0.0072 0.0087 0.7571 0.0075 0.0141 
   H167513.5  2 0.0056 0.0091 0.0077 0.0046 0.0059 0.0077 0.0046 0.0107 0.0055 0.0042 0.9145 0.0120 0.0080 
   H167513.6  2 0.0107 0.0093 0.0101 0.0065 0.0129 0.0096 0.0185 0.0173 0.0141 0.0074 0.8669 0.0081 0.0086 
   H167513.7  2 0.0083 0.0059 0.0184 0.0083 0.0408 0.0099 0.0122 0.0101 0.0102 0.0112 0.8276 0.0292 0.0079 
   H167513.8  2 0.0074 0.0033 0.0155 0.0080 0.0062 0.0089 0.0146 0.0049 0.0049 0.0052 0.9015 0.0150 0.0046 
   H167547.1  2 0.0108 0.7348 0.0131 0.0211 0.0227 0.0287 0.0097 0.0361 0.0080 0.0108 0.0177 0.0180 0.0684 
   H167547.2  2 0.0309 0.5368 0.0061 0.0140 0.0198 0.0214 0.0116 0.2274 0.0104 0.0149 0.0641 0.0208 0.0219 
   H167547.3  2 0.0249 0.5441 0.0081 0.0141 0.0233 0.0167 0.0105 0.2220 0.0100 0.0148 0.0656 0.0209 0.0251 
   H167547.4  2 0.0088 0.0991 0.0238 0.0388 0.2215 0.0165 0.0166 0.3193 0.0182 0.0077 0.0216 0.0319 0.1762 
   H167547.5  2 0.0199 0.4227 0.0083 0.0095 0.0108 0.0056 0.0140 0.4519 0.0079 0.0081 0.0172 0.0098 0.0143 
   H167547.6  2 0.0177 0.4073 0.0091 0.0094 0.0104 0.0061 0.0166 0.4760 0.0058 0.0084 0.0142 0.0082 0.0107 
   H167547.7  2 0.0206 0.2450 0.1582 0.0382 0.0389 0.0268 0.0266 0.0253 0.1735 0.0182 0.1473 0.0207 0.0607 
   H169750.1  2 0.0168 0.0148 0.5756 0.0302 0.0331 0.0371 0.0210 0.1540 0.0209 0.0175 0.0178 0.0106 0.0507 
   H169750.2  2 0.0297 0.0204 0.1241 0.0532 0.0070 0.1078 0.1165 0.0544 0.0235 0.1516 0.1971 0.0557 0.0590 
   H169750.3  2 0.0077 0.0102 0.7636 0.0125 0.0090 0.0163 0.0355 0.0488 0.0264 0.0150 0.0381 0.0037 0.0132 
   H169750.4  2 0.0417 0.0305 0.1523 0.1512 0.0053 0.1058 0.0115 0.1698 0.0295 0.0207 0.0666 0.1164 0.0987 
   H169750.5  2 0.0137 0.0063 0.6045 0.0274 0.0372 0.0173 0.0228 0.1118 0.0180 0.0587 0.0356 0.0088 0.0378 
   H169750.6  2 0.0126 0.0142 0.1772 0.0411 0.0113 0.0552 0.0583 0.0753 0.0300 0.4014 0.0628 0.0099 0.0508 
   H169750.7  2 0.0480 0.0218 0.2631 0.0578 0.0093 0.0968 0.0243 0.0617 0.0776 0.0404 0.2484 0.0272 0.0238 
   H171929.1  2 0.0057 0.0194 0.0065 0.0076 0.0072 0.0057 0.0050 0.0114 0.0376 0.0078 0.8344 0.0418 0.0100 
  H171929.10  2 0.0118 0.0485 0.0151 0.0081 0.0184 0.0142 0.0288 0.0769 0.0695 0.0203 0.6397 0.0278 0.0210 
  H171929.11  2 0.0075 0.0131 0.0060 0.0147 0.0056 0.0062 0.0076 0.0166 0.0186 0.0067 0.8523 0.0352 0.0099 
   H171929.2  2 0.0049 0.0478 0.0360 0.0114 0.0101 0.0059 0.0096 0.0123 0.0139 0.0072 0.8129 0.0066 0.0215 
   H171929.3  2 0.0052 0.0150 0.0141 0.0096 0.0094 0.0044 0.0075 0.0133 0.0069 0.0101 0.8859 0.0100 0.0086 
   H171929.4  2 0.0057 0.0531 0.0355 0.0183 0.0210 0.0090 0.0084 0.0322 0.0620 0.0168 0.6899 0.0056 0.0423 
   H171929.5  2 0.0093 0.0095 0.0157 0.0098 0.0068 0.0060 0.0084 0.0071 0.0068 0.0079 0.8934 0.0096 0.0096 
   H171929.6  2 0.0061 0.0075 0.0185 0.0085 0.0058 0.0056 0.0085 0.0061 0.0068 0.0053 0.9015 0.0110 0.0089 
   H171929.7  2 0.0049 0.0102 0.0069 0.0083 0.0063 0.0079 0.0042 0.0060 0.0373 0.0085 0.8850 0.0044 0.0102 
   H171929.8  2 0.0055 0.0266 0.0111 0.0107 0.0079 0.0099 0.0083 0.0122 0.0695 0.0078 0.7767 0.0075 0.0463 
   H171929.9  2 0.0049 0.0064 0.0299 0.0098 0.0145 0.0120 0.0181 0.0152 0.0934 0.0177 0.7390 0.0037 0.0353 
   H171930.1  2 0.0106 0.0154 0.0164 0.0321 0.0043 0.0093 0.5651 0.0425 0.0031 0.0074 0.2581 0.0222 0.0135 
   H171930.2  2 0.0134 0.0142 0.0304 0.0173 0.0082 0.0145 0.7588 0.0888 0.0083 0.0091 0.0173 0.0074 0.0124 
   H171930.3  2 0.0143 0.0115 0.0086 0.0174 0.0070 0.0086 0.8716 0.0159 0.0059 0.0054 0.0134 0.0143 0.0061 
   H171930.4  2 0.0137 0.0088 0.0125 0.0132 0.0075 0.0080 0.8786 0.0304 0.0036 0.0053 0.0072 0.0065 0.0045 
   H171930.5  2 0.0130 0.0108 0.0166 0.0240 0.0062 0.0109 0.7246 0.0222 0.0101 0.0150 0.0694 0.0202 0.0570 
   H171930.6  2 0.0255 0.0088 0.0057 0.0141 0.0050 0.0091 0.8913 0.0065 0.0043 0.0126 0.0079 0.0050 0.0043 
   H171930.7  2 0.0077 0.0051 0.0110 0.0067 0.0056 0.0088 0.8995 0.0078 0.0064 0.0066 0.0151 0.0114 0.0081 
   H171930.8  2 0.0073 0.0093 0.0113 0.0091 0.0036 0.0128 0.8716 0.0124 0.0055 0.0072 0.0333 0.0095 0.0071 
   H171933.1  2 0.0170 0.0277 0.0222 0.0097 0.7568 0.0064 0.0221 0.0360 0.0145 0.0089 0.0071 0.0545 0.0172 
   H171933.2  2 0.0215 0.0363 0.0194 0.0094 0.5419 0.0194 0.0422 0.1374 0.0592 0.0196 0.0120 0.0712 0.0104 
   H171933.3  2 0.0212 0.1527 0.0176 0.0133 0.4495 0.0171 0.0622 0.1341 0.0844 0.0073 0.0097 0.0165 0.0143 
   H171933.4  2 0.0061 0.0346 0.0290 0.0259 0.6123 0.0706 0.0878 0.0497 0.0298 0.0091 0.0254 0.0055 0.0140 
   H171933.5  2 0.0139 0.1456 0.0734 0.1555 0.1850 0.0668 0.0902 0.0692 0.0189 0.0079 0.0829 0.0112 0.0794 
   H171933.6  2 0.0139 0.0108 0.0151 0.0163 0.6143 0.0119 0.0116 0.2482 0.0096 0.0262 0.0075 0.0057 0.0091 
   H171933.7  2 0.1140 0.0330 0.0105 0.0267 0.5383 0.0351 0.0985 0.0138 0.0696 0.0131 0.0106 0.0165 0.0203 
   H171933.8  2 0.0287 0.0375 0.0198 0.0074 0.5370 0.0639 0.1187 0.0177 0.0602 0.0178 0.0365 0.0430 0.0117 
   H171933.9  2 0.0076 0.0095 0.0217 0.0215 0.8272 0.0212 0.0349 0.0207 0.0082 0.0080 0.0094 0.0036 0.0066 
      H190.1  2 0.0233 0.0786 0.0333 0.1063 0.0219 0.0889 0.5397 0.0173 0.0067 0.0200 0.0202 0.0056 0.0383 
      H190.2  2 0.2266 0.1711 0.0152 0.0114 0.0052 0.2842 0.0330 0.0486 0.0806 0.0589 0.0124 0.0089 0.0438 
      H190.3  2 0.0607 0.1906 0.0308 0.0357 0.0177 0.0413 0.0538 0.1670 0.0430 0.0577 0.0218 0.0169 0.2630 
      H190.4  2 0.0051 0.1837 0.0360 0.0391 0.0500 0.0114 0.5693 0.0275 0.0168 0.0067 0.0105 0.0090 0.0350 
      H190.5  2 0.1573 0.0235 0.0147 0.0180 0.0101 0.5567 0.0326 0.0421 0.0546 0.0564 0.0172 0.0066 0.0103 
      H190.6  2 0.0071 0.4286 0.0202 0.0278 0.0194 0.0123 0.3677 0.0377 0.0149 0.0130 0.0071 0.0074 0.0368 
      H190.7  2 0.0119 0.0846 0.0137 0.0299 0.0061 0.0472 0.0546 0.2294 0.4125 0.0132 0.0115 0.0097 0.0757 
      H190.8  2 0.0911 0.0256 0.0115 0.0229 0.0062 0.6858 0.0404 0.0193 0.0489 0.0172 0.0104 0.0045 0.0161 
      H190.9  2 0.0303 0.0825 0.0237 0.0304 0.0073 0.4556 0.0587 0.0560 0.1650 0.0118 0.0255 0.0171 0.0361 
      H400.1  2 0.0289 0.0051 0.0375 0.0152 0.0740 0.0081 0.0357 0.7318 0.0181 0.0100 0.0055 0.0096 0.0205 
      H400.2  2 0.0317 0.0083 0.0213 0.0093 0.1268 0.0053 0.0406 0.6758 0.0122 0.0199 0.0173 0.0210 0.0105 
      H400.3  2 0.0969 0.0159 0.0679 0.0388 0.1656 0.0193 0.0850 0.4156 0.0116 0.0173 0.0088 0.0191 0.0382 
      H400.4  2 0.0140 0.0093 0.0231 0.0120 0.0168 0.0061 0.0531 0.8088 0.0125 0.0177 0.0134 0.0044 0.0088 
      H400.5  2 0.0442 0.0306 0.0321 0.0519 0.4087 0.0086 0.1150 0.2473 0.0091 0.0125 0.0110 0.0102 0.0189 
      H400.6  2 0.0260 0.0058 0.0120 0.0067 0.0399 0.0063 0.0255 0.7655 0.0725 0.0078 0.0058 0.0038 0.0224 
      H400.7  2 0.0292 0.0219 0.0348 0.0126 0.1984 0.0108 0.0384 0.5790 0.0110 0.0069 0.0206 0.0068 0.0296 
 H428.1_2005  2 0.0048 0.0043 0.0047 0.0054 0.9478 0.0033 0.0035 0.0038 0.0058 0.0045 0.0046 0.0034 0.0039 
 H428.1_2006  2 0.0066 0.0056 0.0037 0.0051 0.9229 0.0073 0.0041 0.0082 0.0067 0.0099 0.0110 0.0042 0.0047 
 H428.2_2005  2 0.0043 0.0078 0.0054 0.0042 0.9388 0.0046 0.0045 0.0059 0.0039 0.0045 0.0052 0.0043 0.0065 
 H428.2_2006  2 0.0066 0.0060 0.0063 0.0059 0.9055 0.0074 0.0065 0.0081 0.0080 0.0180 0.0133 0.0042 0.0042 
 H428.3_2005  2 0.0044 0.0055 0.0046 0.0044 0.9417 0.0046 0.0044 0.0069 0.0052 0.0059 0.0045 0.0030 0.0047 
 H428.3_2006  2 0.0083 0.0049 0.0066 0.0052 0.9162 0.0072 0.0058 0.0093 0.0057 0.0148 0.0081 0.0043 0.0036 
 H428.4_2005  2 0.0042 0.0076 0.0048 0.0041 0.9424 0.0044 0.0039 0.0062 0.0041 0.0047 0.0058 0.0042 0.0038 
 H428.4_2006  2 0.0035 0.0046 0.0028 0.0039 0.9488 0.0039 0.0030 0.0048 0.0060 0.0072 0.0044 0.0039 0.0032 
 H428.5_2005  2 0.0032 0.0043 0.0040 0.0032 0.9470 0.0032 0.0033 0.0056 0.0053 0.0056 0.0046 0.0067 0.0040 
 H428.6_2005  2 0.0039 0.0049 0.0040 0.0043 0.9411 0.0048 0.0045 0.0053 0.0081 0.0053 0.0043 0.0036 0.0057 
 H428.6_2006  2 0.0045 0.0047 0.0070 0.0140 0.9134 0.0040 0.0074 0.0048 0.0063 0.0115 0.0098 0.0085 0.0042 
      H428.7  2 0.0042 0.0032 0.0041 0.0037 0.9493 0.0046 0.0042 0.0057 0.0051 0.0054 0.0031 0.0032 0.0041 
      H428.8  2 0.0040 0.0040 0.0044 0.0060 0.9464 0.0041 0.0045 0.0050 0.0042 0.0041 0.0044 0.0055 0.0034 
      H428.9  2 0.0035 0.0048 0.0047 0.0031 0.9484 0.0041 0.0050 0.0051 0.0044 0.0047 0.0039 0.0046 0.0037 
      H453.1  2 0.0073 0.0043 0.0191 0.0139 0.0230 0.0263 0.0297 0.8022 0.0108 0.0373 0.0135 0.0072 0.0055 
      H453.2  2 0.0069 0.0051 0.0125 0.0138 0.0102 0.0234 0.0617 0.8173 0.0147 0.0070 0.0085 0.0052 0.0136 
      H453.3  2 0.0056 0.0070 0.0078 0.0066 0.0103 0.0206 0.0115 0.8760 0.0159 0.0069 0.0067 0.0036 0.0214 
      H453.4  2 0.0059 0.0050 0.0117 0.0152 0.0083 0.0232 0.0189 0.8677 0.0086 0.0059 0.0128 0.0043 0.0126 
      H453.5  2 0.0063 0.0063 0.0115 0.0207 0.0103 0.0165 0.0746 0.7747 0.0079 0.0533 0.0051 0.0053 0.0074 
      H453.6  2 0.0033 0.0044 0.0079 0.0122 0.0240 0.0096 0.0663 0.7654 0.0072 0.0845 0.0059 0.0051 0.0040 
      H453.7  2 0.0086 0.0177 0.0425 0.0092 0.0154 0.4387 0.0416 0.0673 0.0950 0.1088 0.0152 0.0048 0.1350 
      H453.8  2 0.0073 0.0190 0.0299 0.0096 0.0056 0.4655 0.0220 0.3127 0.0225 0.0452 0.0160 0.0051 0.0397 
      H453.9  2 0.0066 0.0041 0.0264 0.0130 0.0152 0.3232 0.1275 0.1535 0.0630 0.2331 0.0115 0.0050 0.0181 
      H512.1  2 0.0087 0.0129 0.0148 0.1414 0.1721 0.1893 0.3065 0.0567 0.0434 0.0276 0.0069 0.0042 0.0153 
     H512.10  2 0.0111 0.0222 0.0419 0.1465 0.1006 0.3368 0.1037 0.0126 0.0087 0.0807 0.0149 0.0889 0.0314 
      H512.2  2 0.0251 0.0366 0.0210 0.0402 0.1197 0.6530 0.0310 0.0097 0.0099 0.0130 0.0123 0.0173 0.0109 
      H512.3  2 0.0742 0.0131 0.0405 0.2805 0.0926 0.3338 0.0597 0.0217 0.0092 0.0170 0.0116 0.0348 0.0113 
      H512.4  2 0.0132 0.0374 0.0260 0.0215 0.0815 0.4255 0.2298 0.0235 0.0087 0.0771 0.0177 0.0160 0.0222 
      H512.5  2 0.0351 0.0166 0.1608 0.3776 0.0574 0.2536 0.0149 0.0203 0.0051 0.0097 0.0147 0.0242 0.0099 
      H512.6  2 0.0197 0.0357 0.0260 0.0687 0.0200 0.7007 0.0495 0.0267 0.0090 0.0106 0.0084 0.0045 0.0205 
      H512.7  2 0.0393 0.0061 0.0698 0.6494 0.0235 0.0622 0.0123 0.0646 0.0112 0.0216 0.0190 0.0145 0.0065 
      H512.8  2 0.0773 0.0581 0.0236 0.0627 0.0415 0.5520 0.0903 0.0242 0.0080 0.0121 0.0253 0.0070 0.0178 
      H512.9  2 0.0272 0.0090 0.0753 0.5138 0.0596 0.1488 0.0153 0.0439 0.0452 0.0203 0.0065 0.0233 0.0119 
      H513.1  2 0.0062 0.0040 0.0052 0.0036 0.9329 0.0066 0.0070 0.0075 0.0043 0.0092 0.0050 0.0042 0.0043 
      H513.2  2 0.0062 0.0083 0.0067 0.0051 0.8758 0.0077 0.0165 0.0132 0.0090 0.0160 0.0187 0.0047 0.0120 
      H513.3  2 0.0045 0.0053 0.0072 0.0051 0.9295 0.0086 0.0049 0.0076 0.0060 0.0068 0.0058 0.0040 0.0047 
      H513.4  2 0.0115 0.0122 0.0088 0.0079 0.7886 0.0157 0.0239 0.0384 0.0155 0.0278 0.0381 0.0039 0.0077 
      H513.5  2 0.0055 0.0045 0.0077 0.0100 0.9158 0.0042 0.0095 0.0056 0.0056 0.0084 0.0127 0.0063 0.0042 
      H513.6  2 0.0057 0.0069 0.0141 0.0081 0.6721 0.0106 0.0554 0.0108 0.0111 0.0150 0.0781 0.1024 0.0096 
      H532.1  2 0.0145 0.0128 0.7054 0.0090 0.0591 0.0152 0.0106 0.0261 0.0121 0.0945 0.0069 0.0108 0.0231 
      H532.2  2 0.0066 0.1284 0.0389 0.0125 0.1614 0.0347 0.1039 0.2790 0.0315 0.1462 0.0084 0.0150 0.0337 
      H532.3  2 0.0043 0.0411 0.0249 0.0174 0.0238 0.0542 0.0942 0.5957 0.0163 0.0901 0.0074 0.0054 0.0252 
      H532.4  2 0.0084 0.0136 0.0395 0.0142 0.0495 0.0653 0.0149 0.1290 0.0324 0.5161 0.0053 0.0131 0.0988 
      H532.5  2 0.0075 0.0455 0.3023 0.0188 0.4302 0.0109 0.0122 0.0585 0.0168 0.0515 0.0078 0.0176 0.0203 
      H532.6  2 0.0113 0.0087 0.0726 0.0203 0.0638 0.1003 0.0564 0.2089 0.0125 0.3591 0.0049 0.0154 0.0657 
      H532.7  2 0.0056 0.0199 0.2606 0.0295 0.0296 0.0126 0.0222 0.0887 0.0095 0.4906 0.0074 0.0137 0.0100 
      H532.8  2 0.0094 0.0600 0.5492 0.0144 0.0261 0.0195 0.0142 0.0433 0.0242 0.1899 0.0125 0.0181 0.0192 
      H543.1  2 0.0043 0.0079 0.0059 0.0061 0.0135 0.0045 0.0080 0.0116 0.0078 0.0044 0.0041 0.9156 0.0064 
      H543.2  2 0.0068 0.0672 0.0149 0.0087 0.0382 0.0040 0.0117 0.0153 0.0176 0.0094 0.0082 0.7886 0.0094 
      H543.3  2 0.0042 0.0097 0.0061 0.0098 0.0087 0.0050 0.0050 0.0120 0.0143 0.0086 0.0081 0.9023 0.0061 
      H543.4  2 0.0052 0.0156 0.0057 0.0045 0.0058 0.0047 0.0082 0.0064 0.0071 0.0060 0.0033 0.9197 0.0078 
      H543.5  2 0.0062 0.0175 0.0131 0.0052 0.0087 0.0037 0.0085 0.0047 0.0068 0.0048 0.0046 0.9109 0.0052 
      H543.6  2 0.0033 0.0187 0.0197 0.0074 0.0085 0.0091 0.0073 0.0233 0.0989 0.0056 0.0229 0.7543 0.0209 
      H543.7  2 0.0037 0.0055 0.0044 0.0033 0.0039 0.0038 0.0047 0.0038 0.0051 0.0038 0.0037 0.9494 0.0049 
      H543.8  2 0.0058 0.0116 0.0113 0.0098 0.0464 0.0048 0.0105 0.0113 0.0223 0.0240 0.0094 0.8247 0.0082 
      H543.9  2 0.0053 0.0178 0.0101 0.0073 0.0084 0.0038 0.0051 0.0091 0.0389 0.0094 0.0063 0.8734 0.0053 
 H545.1_2005  2 0.0028 0.0031 0.0039 0.0036 0.0032 0.0032 0.0035 0.0027 0.0032 0.0030 0.0039 0.9600 0.0039 
 H545.1_2006  2 0.0065 0.0054 0.0047 0.0052 0.0069 0.0054 0.0049 0.0041 0.0045 0.0057 0.0052 0.9376 0.0040 
 H545.2_2005  2 0.0103 0.0055 0.0103 0.0105 0.0080 0.0040 0.0047 0.0060 0.0052 0.0065 0.0095 0.9098 0.0097 
 H545.2_2006  2 0.0033 0.0042 0.0049 0.0044 0.0082 0.0047 0.0042 0.0042 0.0034 0.0038 0.0063 0.9437 0.0047 
 H545.3_2005  2 0.0091 0.0084 0.0055 0.0121 0.0048 0.0047 0.0055 0.0081 0.0068 0.0042 0.0085 0.9131 0.0092 
 H545.3_2006  2 0.0053 0.0043 0.0066 0.0041 0.0053 0.0042 0.0031 0.0047 0.0039 0.0058 0.0032 0.9453 0.0041 
 H545.4_2005  2 0.0076 0.0107 0.0055 0.0086 0.0049 0.0045 0.0045 0.0058 0.0061 0.0052 0.0072 0.9204 0.0090 
 H545.4_2006  2 0.0072 0.0043 0.0060 0.0054 0.0043 0.0029 0.0034 0.0056 0.0049 0.0039 0.0075 0.9392 0.0055 
 H545.5_2005  2 0.0063 0.0040 0.0128 0.0045 0.0092 0.0066 0.0048 0.0046 0.0052 0.0077 0.0032 0.9271 0.0040 
 H545.5_2006  2 0.0048 0.0065 0.0055 0.0103 0.0078 0.0048 0.0048 0.0048 0.0049 0.0049 0.0085 0.9251 0.0072 
 H545.6_2005  2 0.0033 0.0030 0.0043 0.0044 0.0041 0.0033 0.0034 0.0046 0.0033 0.0039 0.0044 0.9548 0.0034 
 H545.6_2006  2 0.0035 0.0051 0.0043 0.0061 0.0047 0.0044 0.0043 0.0048 0.0043 0.0037 0.0078 0.9412 0.0057 
 H545.7_2005  2 0.0039 0.0028 0.0071 0.0041 0.0068 0.0039 0.0044 0.0046 0.0035 0.0044 0.0039 0.9461 0.0043 
 H545.7_2006  2 0.0093 0.0043 0.0106 0.0063 0.0070 0.0055 0.0063 0.0059 0.0045 0.0069 0.0051 0.9227 0.0055 
 H545.8_2005  2 0.0064 0.0094 0.0085 0.0076 0.0200 0.0055 0.0073 0.0058 0.0069 0.0083 0.0052 0.9006 0.0085 
 H545.8_2006  2 0.0040 0.0053 0.0045 0.0059 0.0051 0.0046 0.0047 0.0042 0.0041 0.0037 0.0041 0.9454 0.0044 
      H545.9  2 0.0049 0.0056 0.0048 0.0089 0.0057 0.0041 0.0050 0.0044 0.0055 0.0038 0.0063 0.9344 0.0066 
      H547.1  2 0.0068 0.0093 0.0070 0.0159 0.0161 0.0056 0.0065 0.8793 0.0246 0.0056 0.0062 0.0098 0.0073 
      H547.2  2 0.0555 0.0457 0.0082 0.0048 0.0111 0.0077 0.0068 0.8011 0.0122 0.0074 0.0195 0.0116 0.0086 
      H547.3  2 0.0073 0.0169 0.0093 0.0224 0.0094 0.0427 0.0090 0.8199 0.0098 0.0051 0.0141 0.0119 0.0221 
      H547.4  2 0.0081 0.0094 0.0075 0.0107 0.0082 0.0120 0.0080 0.8908 0.0099 0.0072 0.0116 0.0087 0.0080 
      H547.5  2 0.0257 0.1549 0.0053 0.0068 0.0388 0.0072 0.0058 0.7071 0.0131 0.0045 0.0184 0.0071 0.0054 
      H547.6  2 0.0062 0.0092 0.0076 0.0089 0.0093 0.0051 0.0080 0.9034 0.0064 0.0046 0.0056 0.0174 0.0083 
      H547.7  2 0.0107 0.0260 0.0148 0.0242 0.0096 0.0214 0.0139 0.8088 0.0080 0.0078 0.0100 0.0165 0.0283 
      H547.8  2 0.0058 0.0099 0.0072 0.0102 0.0145 0.0065 0.0058 0.8916 0.0160 0.0052 0.0082 0.0096 0.0095 
      H548.1  2 0.0060 0.0066 0.0097 0.0080 0.0071 0.0042 0.0042 0.0050 0.0045 0.0042 0.0069 0.9246 0.0089 
      H548.2  2 0.0062 0.0086 0.0063 0.0100 0.0077 0.0064 0.0081 0.0042 0.0051 0.0068 0.0077 0.9136 0.0094 
      H548.3  2 0.0072 0.0054 0.0084 0.0061 0.0056 0.0051 0.0067 0.0053 0.0055 0.0061 0.0046 0.9216 0.0125 
      H548.4  2 0.0306 0.0127 0.0559 0.0205 0.0109 0.0128 0.0199 0.0076 0.0075 0.0240 0.0155 0.7204 0.0619 
      H548.5  2 0.0060 0.0052 0.0047 0.0054 0.0044 0.0045 0.0071 0.0047 0.0048 0.0072 0.0084 0.9326 0.0050 
      H548.6  2 0.0058 0.0070 0.0107 0.0105 0.0081 0.0047 0.0052 0.0039 0.0037 0.0044 0.0069 0.9213 0.0077 
      H548.7  2 0.0087 0.0090 0.0121 0.0054 0.0068 0.0046 0.0047 0.0052 0.0047 0.0065 0.0045 0.9197 0.0082 
      H548.8  2 0.0056 0.0060 0.0045 0.0075 0.0058 0.0069 0.0148 0.0051 0.0073 0.0114 0.0092 0.9090 0.0068 
      H548.9  2 0.0083 0.0080 0.0110 0.0148 0.0062 0.0099 0.0193 0.0109 0.0143 0.0109 0.0134 0.8577 0.0153 
     H7389.1  2 0.0059 0.0081 0.0127 0.0068 0.9064 0.0078 0.0069 0.0073 0.0069 0.0057 0.0112 0.0060 0.0082 
     H7389.2  2 0.0040 0.0080 0.0050 0.0055 0.9167 0.0054 0.0064 0.0053 0.0053 0.0063 0.0113 0.0144 0.0065 
     H7389.3  2 0.0030 0.0082 0.0039 0.0038 0.9454 0.0033 0.0043 0.0051 0.0037 0.0049 0.0058 0.0055 0.0031 
     H7389.4  2 0.0081 0.0042 0.0138 0.0065 0.9018 0.0065 0.0081 0.0052 0.0100 0.0060 0.0048 0.0201 0.0049 
     H7389.5  2 0.0060 0.0052 0.0235 0.0073 0.8875 0.0091 0.0109 0.0072 0.0091 0.0081 0.0066 0.0077 0.0119 
     H7389.6  2 0.0056 0.0058 0.0477 0.0063 0.8724 0.0052 0.0106 0.0053 0.0036 0.0216 0.0083 0.0037 0.0038 
     H7389.7  2 0.0043 0.0095 0.0118 0.0053 0.9265 0.0035 0.0036 0.0046 0.0048 0.0096 0.0046 0.0086 0.0034 
     H7389.8  2 0.0073 0.0063 0.0224 0.0067 0.8685 0.0118 0.0161 0.0069 0.0095 0.0085 0.0082 0.0161 0.0116 
