      H008.1  2 0.5947 0.0061 0.0066 0.0090 0.0050 0.0464 0.0111 0.0052 0.0050 0.0097 0.0060 0.0284 0.0101 0.0075 0.0058 0.0029 0.2013 0.0066 0.0089 0.0068 0.0069 0.0100 
      H008.2  2 0.8095 0.0070 0.0057 0.0122 0.0043 0.0223 0.0094 0.0042 0.0129 0.0065 0.0122 0.0089 0.0070 0.0046 0.0232 0.0074 0.0050 0.0036 0.0096 0.0066 0.0115 0.0067 
      H008.3  2 0.8297 0.0086 0.0047 0.0089 0.0049 0.0176 0.0137 0.0046 0.0057 0.0069 0.0128 0.0075 0.0179 0.0079 0.0051 0.0069 0.0052 0.0050 0.0077 0.0063 0.0039 0.0086 
      H008.4  2 0.8388 0.0109 0.0041 0.0135 0.0041 0.0111 0.0067 0.0063 0.0070 0.0069 0.0064 0.0130 0.0033 0.0043 0.0049 0.0076 0.0155 0.0070 0.0040 0.0089 0.0052 0.0104 
      H008.5  2 0.8564 0.0052 0.0067 0.0112 0.0047 0.0103 0.0072 0.0037 0.0054 0.0041 0.0047 0.0081 0.0064 0.0058 0.0032 0.0053 0.0124 0.0043 0.0055 0.0092 0.0035 0.0168 
      H008.6  2 0.8718 0.0057 0.0058 0.0078 0.0051 0.0087 0.0070 0.0033 0.0072 0.0088 0.0030 0.0074 0.0050 0.0042 0.0053 0.0077 0.0046 0.0056 0.0075 0.0056 0.0038 0.0090 
      H008.7  2 0.8170 0.0107 0.0044 0.0084 0.0048 0.0112 0.0122 0.0085 0.0063 0.0091 0.0126 0.0100 0.0079 0.0067 0.0051 0.0150 0.0106 0.0082 0.0078 0.0131 0.0055 0.0053 
      H008.8  2 0.5364 0.0066 0.0119 0.0128 0.0072 0.2087 0.0065 0.0058 0.0087 0.0309 0.0086 0.0132 0.0093 0.0054 0.0630 0.0049 0.0172 0.0055 0.0078 0.0055 0.0175 0.0067 
      H008.9  2 0.7512 0.0078 0.0049 0.0071 0.0104 0.0154 0.0390 0.0064 0.0063 0.0416 0.0074 0.0102 0.0094 0.0059 0.0219 0.0247 0.0047 0.0044 0.0061 0.0046 0.0041 0.0065 
 H029.1_2002  2 0.0193 0.0154 0.0216 0.0055 0.0119 0.0091 0.0081 0.0048 0.0064 0.0261 0.0073 0.0193 0.0067 0.0069 0.0276 0.0156 0.6435 0.0646 0.0097 0.0527 0.0121 0.0058 
 H029.1_2003  2 0.6974 0.0312 0.0080 0.0046 0.0069 0.0051 0.0049 0.0040 0.0073 0.0089 0.0035 0.0067 0.0120 0.0102 0.0264 0.0068 0.0102 0.0085 0.0093 0.1150 0.0077 0.0055 
 H029.2_2002  2 0.1317 0.0771 0.0235 0.0120 0.0083 0.0071 0.0081 0.0051 0.0071 0.0056 0.0358 0.0043 0.0085 0.0111 0.0072 0.0387 0.4838 0.0073 0.0478 0.0516 0.0108 0.0075 
 H029.2_2003  2 0.5597 0.0334 0.0394 0.0177 0.0276 0.0101 0.0052 0.0048 0.0218 0.0115 0.0070 0.0046 0.0240 0.0216 0.0088 0.0258 0.0282 0.0046 0.0253 0.0908 0.0186 0.0095 
 H029.3_2002  2 0.2195 0.0825 0.0200 0.0189 0.0118 0.0248 0.0059 0.0042 0.0224 0.0066 0.0445 0.0044 0.0136 0.0331 0.0341 0.1491 0.2115 0.0085 0.0187 0.0328 0.0177 0.0155 
 H029.3_2003  2 0.2809 0.0313 0.0104 0.0050 0.0045 0.0076 0.0084 0.0044 0.0170 0.0045 0.0072 0.0126 0.0121 0.0335 0.0158 0.0049 0.3436 0.0050 0.0113 0.1542 0.0169 0.0088 
 H029.4_2002  2 0.0520 0.0117 0.0036 0.0038 0.0050 0.0103 0.0046 0.0039 0.0057 0.0047 0.0127 0.0134 0.0057 0.0123 0.0081 0.0149 0.7410 0.0087 0.0050 0.0419 0.0165 0.0144 
 H029.4_2003  2 0.2251 0.0118 0.0087 0.0085 0.0151 0.0273 0.0076 0.0039 0.0119 0.0109 0.0066 0.0406 0.0904 0.0153 0.0195 0.0118 0.0672 0.0104 0.0067 0.2771 0.1164 0.0072 
 H029.5_2002  2 0.0115 0.0181 0.0117 0.0035 0.0079 0.0062 0.0093 0.0056 0.0054 0.0082 0.0104 0.0186 0.0061 0.0050 0.0065 0.0062 0.7628 0.0123 0.0058 0.0639 0.0104 0.0045 
 H029.5_2003  2 0.5852 0.0134 0.0052 0.0033 0.0087 0.0060 0.0057 0.0035 0.0080 0.0057 0.0062 0.0147 0.0162 0.0076 0.0096 0.0100 0.1514 0.0059 0.0095 0.0963 0.0223 0.0055 
 H029.6_2002  2 0.0591 0.0253 0.0039 0.0085 0.0075 0.0161 0.0046 0.0069 0.0080 0.0049 0.0223 0.0047 0.0044 0.0178 0.0256 0.0407 0.3950 0.0070 0.0061 0.3022 0.0180 0.0113 
 H029.6_2003  2 0.0637 0.0712 0.0317 0.0076 0.0139 0.0104 0.0077 0.0078 0.0188 0.0117 0.0064 0.0358 0.1932 0.0150 0.0143 0.0083 0.3364 0.0058 0.0230 0.0199 0.0902 0.0072 
      H029.7  2 0.0517 0.0185 0.0126 0.0162 0.0089 0.0072 0.0061 0.0041 0.0040 0.0073 0.0217 0.0065 0.0160 0.0075 0.0036 0.0314 0.7044 0.0044 0.0167 0.0231 0.0208 0.0072 
      H030.1  2 0.0097 0.0103 0.0855 0.0092 0.0136 0.0064 0.0887 0.0320 0.4032 0.0099 0.0157 0.0091 0.0099 0.0396 0.0142 0.0050 0.0290 0.0054 0.0661 0.0808 0.0379 0.0188 
      H030.2  2 0.0098 0.0041 0.0095 0.0035 0.0069 0.0221 0.0628 0.0299 0.3090 0.0079 0.1254 0.0228 0.0179 0.0090 0.0061 0.0673 0.0522 0.1380 0.0093 0.0346 0.0214 0.0303 
      H038.1  2 0.0078 0.0092 0.0048 0.0088 0.0055 0.0083 0.0038 0.0033 0.0044 0.0085 0.0035 0.0047 0.0042 0.0040 0.0083 0.0255 0.8516 0.0055 0.0053 0.0052 0.0086 0.0094 
      H038.2  2 0.0091 0.0041 0.0082 0.0028 0.0120 0.0065 0.0048 0.0104 0.0066 0.0031 0.0072 0.0065 0.0059 0.0048 0.0039 0.0059 0.8686 0.0078 0.0066 0.0055 0.0062 0.0035 
      H038.3  2 0.0116 0.0050 0.0288 0.0042 0.0124 0.0087 0.0072 0.0112 0.0092 0.0070 0.0066 0.0214 0.0057 0.0064 0.0069 0.0366 0.7608 0.0129 0.0078 0.0043 0.0160 0.0093 
      H038.4  2 0.0118 0.0065 0.0145 0.0037 0.0084 0.0063 0.0057 0.0138 0.0053 0.0042 0.0063 0.0121 0.0042 0.0053 0.0072 0.0242 0.8144 0.0095 0.0054 0.0040 0.0190 0.0082 
      H038.5  2 0.0077 0.0073 0.0069 0.0029 0.0079 0.0078 0.0075 0.0074 0.0128 0.0053 0.0085 0.0032 0.0110 0.0097 0.0136 0.0231 0.7971 0.0060 0.0068 0.0089 0.0328 0.0057 
      H038.6  2 0.0108 0.0050 0.0071 0.0036 0.0092 0.0109 0.0045 0.0030 0.0115 0.0049 0.0038 0.0038 0.0109 0.0067 0.0072 0.0103 0.8457 0.0083 0.0078 0.0080 0.0126 0.0043 
      H038.7  2 0.0080 0.0036 0.0316 0.0026 0.0085 0.0062 0.0061 0.0040 0.0066 0.0044 0.0029 0.0059 0.0063 0.0062 0.0038 0.0092 0.8422 0.0138 0.0058 0.0048 0.0131 0.0044 
      H038.8  2 0.0053 0.0057 0.0129 0.0030 0.0114 0.0067 0.0044 0.0119 0.0069 0.0040 0.0090 0.0085 0.0043 0.0052 0.0046 0.0690 0.7908 0.0075 0.0049 0.0039 0.0114 0.0085 
      H041.1  2 0.0381 0.0110 0.0162 0.0145 0.0052 0.0090 0.0500 0.0129 0.0055 0.0113 0.1378 0.2666 0.0174 0.0063 0.0033 0.0145 0.0604 0.0063 0.0068 0.0939 0.2074 0.0057 
      H041.2  2 0.0618 0.0353 0.0079 0.0059 0.0066 0.0057 0.0356 0.0064 0.0058 0.0106 0.0074 0.5368 0.0057 0.0070 0.0069 0.0099 0.0183 0.0092 0.0081 0.1859 0.0104 0.0126 
      H041.4  2 0.1733 0.0455 0.0091 0.0195 0.0121 0.0135 0.0315 0.0108 0.0076 0.0316 0.0174 0.0710 0.0623 0.0073 0.0109 0.0248 0.1317 0.0080 0.0054 0.2492 0.0492 0.0084 
      H041.6  2 0.0650 0.0232 0.0157 0.0350 0.0297 0.0126 0.0310 0.0117 0.0105 0.0330 0.0205 0.2358 0.0536 0.0067 0.0103 0.0110 0.1250 0.0107 0.0048 0.2196 0.0218 0.0126 
 H042.1_2002  2 0.0099 0.0086 0.0078 0.0094 0.0094 0.0423 0.0082 0.0259 0.0055 0.0240 0.0056 0.0218 0.0141 0.0045 0.0054 0.0120 0.0058 0.0176 0.0176 0.6841 0.0080 0.0525 
 H042.1_2003  2 0.1526 0.0078 0.0273 0.0103 0.0235 0.0111 0.0191 0.0091 0.0157 0.0209 0.0082 0.4511 0.0135 0.0077 0.0127 0.0428 0.0315 0.0147 0.0514 0.0152 0.0070 0.0467 
 H042.2_2002  2 0.0113 0.0302 0.0042 0.0114 0.0048 0.0459 0.0075 0.0091 0.0046 0.0056 0.0071 0.0075 0.0156 0.0263 0.0046 0.0308 0.0846 0.1394 0.0122 0.4960 0.0177 0.0236 
 H042.2_2003  2 0.0318 0.0295 0.0130 0.0102 0.0108 0.0166 0.0249 0.0102 0.0111 0.0282 0.0039 0.3832 0.0354 0.0086 0.0087 0.0057 0.0585 0.0083 0.0159 0.2349 0.0086 0.0420 
 H042.3_2002  2 0.0079 0.0149 0.0068 0.0094 0.0055 0.0558 0.0139 0.0108 0.0071 0.0078 0.0057 0.0245 0.0243 0.0117 0.0045 0.0126 0.0055 0.0407 0.0160 0.3258 0.0137 0.3753 
 H042.3_2003  2 0.0159 0.0111 0.0124 0.0095 0.0079 0.0539 0.0213 0.0131 0.0094 0.0228 0.0314 0.1199 0.1147 0.0164 0.0043 0.0287 0.0259 0.0347 0.0161 0.1407 0.0702 0.2197 
 H042.4_2002  2 0.0067 0.0180 0.0075 0.0063 0.0130 0.0091 0.0052 0.0182 0.0094 0.0111 0.0061 0.0103 0.0135 0.0071 0.0049 0.0142 0.0165 0.0053 0.0098 0.7728 0.0185 0.0164 
 H042.4_2003  2 0.0048 0.0106 0.0241 0.0191 0.0266 0.0078 0.0175 0.0163 0.0064 0.0151 0.0181 0.0089 0.0094 0.0053 0.0038 0.0052 0.0645 0.0070 0.0096 0.5604 0.1508 0.0087 
      H042.5  2 0.0041 0.0076 0.0062 0.0085 0.0108 0.0074 0.0089 0.0066 0.0048 0.0055 0.0036 0.0048 0.0084 0.0037 0.0039 0.0030 0.0052 0.0046 0.0075 0.8690 0.0077 0.0083 
      H042.6  2 0.0071 0.0053 0.0092 0.0313 0.0133 0.0361 0.0074 0.0115 0.0053 0.0086 0.0051 0.0043 0.0045 0.0047 0.0045 0.0092 0.0118 0.0121 0.0099 0.7369 0.0525 0.0092 
      H042.7  2 0.0084 0.0265 0.0238 0.0085 0.0071 0.0268 0.0111 0.0403 0.0043 0.0181 0.0064 0.0145 0.0091 0.0058 0.0080 0.0060 0.0253 0.0417 0.0125 0.4112 0.0613 0.2231 
      H042.8  2 0.0159 0.0285 0.0053 0.0123 0.0046 0.0184 0.0145 0.0081 0.0046 0.0096 0.0028 0.0499 0.0119 0.0067 0.0049 0.0167 0.0065 0.0341 0.0161 0.6987 0.0112 0.0188 
   H042_2002  2 0.0252 0.0217 0.0365 0.0567 0.0412 0.1857 0.0541 0.0098 0.0116 0.0279 0.0046 0.0359 0.0289 0.0126 0.0082 0.0314 0.0542 0.1462 0.0348 0.0596 0.0593 0.0539 
   H042_2003  2 0.0178 0.0216 0.0267 0.0477 0.0416 0.1806 0.0547 0.0102 0.0080 0.0364 0.0056 0.0304 0.0387 0.0113 0.0097 0.0265 0.0357 0.1693 0.0286 0.0521 0.0857 0.0611 
      H043.1  2 0.0074 0.0026 0.0060 0.0073 0.0081 0.0093 0.0085 0.0038 0.0072 0.0038 0.0050 0.0066 0.0052 0.0059 0.0055 0.0116 0.0076 0.0043 0.0069 0.0056 0.8662 0.0056 
      H043.2  2 0.0254 0.0062 0.0071 0.0476 0.0193 0.0337 0.0054 0.0036 0.0055 0.0152 0.0028 0.0179 0.0077 0.0060 0.0131 0.0476 0.0148 0.0040 0.0079 0.0040 0.6961 0.0088 
      H043.3  2 0.0074 0.0042 0.0119 0.0082 0.0055 0.0088 0.0061 0.0040 0.0049 0.0077 0.0028 0.0100 0.0042 0.0046 0.0050 0.0076 0.0179 0.0101 0.0074 0.0040 0.8502 0.0075 
      H043.4  2 0.0056 0.0034 0.0110 0.0198 0.0168 0.0088 0.0091 0.0052 0.0049 0.0084 0.0031 0.0111 0.0039 0.0064 0.0042 0.0103 0.0170 0.0072 0.0081 0.0049 0.8204 0.0104 
      H043.5  2 0.0224 0.0048 0.0067 0.0055 0.0069 0.0214 0.0072 0.0037 0.0053 0.0096 0.0036 0.0186 0.0058 0.0059 0.0135 0.0338 0.0115 0.0058 0.0069 0.0034 0.7893 0.0085 
      H043.6  2 0.0062 0.0046 0.0052 0.0058 0.0052 0.0087 0.0027 0.0039 0.0041 0.0138 0.0028 0.0061 0.0038 0.0037 0.0052 0.0118 0.0175 0.0050 0.0051 0.0042 0.8637 0.0109 
      H043.7  2 0.0035 0.0038 0.0100 0.0201 0.0052 0.0056 0.0047 0.0035 0.0035 0.0142 0.0025 0.0154 0.0030 0.0036 0.0033 0.0087 0.0088 0.0069 0.0048 0.0034 0.8579 0.0076 
      H043.8  2 0.0047 0.0031 0.0041 0.0074 0.0049 0.0100 0.0040 0.0044 0.0064 0.0062 0.0042 0.0103 0.0035 0.0067 0.0083 0.0057 0.0055 0.0058 0.0042 0.0033 0.8809 0.0063 
      H043.9  2 0.0034 0.0026 0.0049 0.0056 0.0042 0.0072 0.0042 0.0034 0.0054 0.0041 0.0040 0.0035 0.0040 0.0050 0.0041 0.0063 0.0069 0.0055 0.0040 0.0044 0.9027 0.0046 
      H047.1  2 0.0158 0.0037 0.0067 0.0058 0.0074 0.0213 0.3235 0.0047 0.0054 0.0131 0.0035 0.0147 0.0062 0.0038 0.0037 0.0057 0.4775 0.0379 0.0154 0.0059 0.0042 0.0139 
      H047.2  2 0.0517 0.0088 0.0243 0.0068 0.0197 0.0051 0.2647 0.0149 0.0063 0.0233 0.0271 0.0493 0.0093 0.0224 0.0080 0.0051 0.3432 0.0127 0.0486 0.0114 0.0323 0.0051 
      H047.3  2 0.0534 0.0197 0.0124 0.0117 0.0119 0.0054 0.2945 0.0145 0.0068 0.0111 0.0223 0.0743 0.0111 0.0391 0.0061 0.0035 0.2987 0.0196 0.0414 0.0110 0.0239 0.0076 
      H047.4  2 0.0341 0.0113 0.0573 0.0076 0.0080 0.0097 0.2340 0.0147 0.0078 0.0259 0.0068 0.1874 0.0158 0.0082 0.0095 0.0037 0.2622 0.0290 0.0102 0.0214 0.0257 0.0099 
      H047.5  2 0.0264 0.0146 0.0148 0.0250 0.0063 0.0131 0.3793 0.0145 0.0067 0.0098 0.0041 0.0208 0.0101 0.0126 0.0046 0.0029 0.2906 0.0506 0.0330 0.0080 0.0264 0.0257 
      H047.6  2 0.0292 0.0133 0.0104 0.0048 0.0090 0.0043 0.5747 0.0058 0.0039 0.0123 0.0084 0.0984 0.0068 0.0092 0.0045 0.0050 0.1224 0.0260 0.0191 0.0143 0.0139 0.0043 
      H047.7  2 0.0070 0.0059 0.0048 0.0045 0.0061 0.0159 0.3138 0.0070 0.0054 0.0086 0.0098 0.0320 0.0051 0.0031 0.0027 0.0076 0.4260 0.0993 0.0099 0.0084 0.0045 0.0126 
      H047.8  2 0.0434 0.0063 0.0100 0.0067 0.0113 0.0073 0.5179 0.0056 0.0043 0.0103 0.0065 0.1075 0.0088 0.0081 0.0048 0.0046 0.1491 0.0307 0.0280 0.0150 0.0070 0.0068 
      H047.9  2 0.0142 0.0083 0.0096 0.0173 0.0080 0.0411 0.1989 0.0351 0.0049 0.0091 0.0045 0.0121 0.0081 0.0043 0.0037 0.0032 0.4174 0.0963 0.0533 0.0084 0.0117 0.0303 
 H071.1_2002  2 0.0061 0.0057 0.0051 0.0086 0.0070 0.0076 0.0043 0.0034 0.0054 0.0060 0.0028 0.0067 0.0049 0.0059 0.0037 0.0043 0.8651 0.0068 0.0085 0.0057 0.0178 0.0087 
 H071.1_2003  2 0.0146 0.0159 0.0372 0.0624 0.0146 0.0070 0.0132 0.0062 0.0549 0.0264 0.0042 0.0194 0.0097 0.0088 0.0049 0.0112 0.6035 0.0073 0.0174 0.0082 0.0375 0.0158 
     H071.10  2 0.0039 0.0034 0.0046 0.0052 0.0047 0.0376 0.0036 0.0082 0.0218 0.0041 0.0067 0.0039 0.0040 0.0053 0.0078 0.0053 0.8393 0.0073 0.0035 0.0048 0.0096 0.0054 
 H071.2_2002  2 0.0228 0.0098 0.0056 0.0108 0.0086 0.0234 0.0045 0.0046 0.0091 0.0136 0.0027 0.0050 0.0070 0.0057 0.0161 0.0068 0.7999 0.0073 0.0097 0.0054 0.0127 0.0091 
 H071.2_2003  2 0.0084 0.0037 0.0047 0.0061 0.0042 0.0060 0.0033 0.0026 0.0043 0.0054 0.0031 0.0049 0.0036 0.0035 0.0026 0.0027 0.9053 0.0045 0.0056 0.0050 0.0046 0.0062 
      H071.3  2 0.0223 0.0042 0.0136 0.0063 0.0051 0.0710 0.0107 0.0084 0.0563 0.0050 0.0102 0.0478 0.0094 0.0080 0.0084 0.0111 0.6564 0.0158 0.0041 0.0071 0.0120 0.0068 
 H071.4_2002  2 0.0056 0.0054 0.0059 0.0072 0.0106 0.0273 0.0043 0.0157 0.0147 0.0072 0.0050 0.0037 0.0047 0.0078 0.0132 0.0115 0.7980 0.0123 0.0056 0.0048 0.0244 0.0052 
 H071.4_2003  2 0.0065 0.0026 0.0057 0.0042 0.0045 0.0516 0.0055 0.0093 0.0086 0.0036 0.0035 0.0069 0.0058 0.0066 0.0062 0.0029 0.8365 0.0103 0.0045 0.0047 0.0054 0.0044 
 H071.5_2002  2 0.0034 0.0026 0.0042 0.0055 0.0042 0.0142 0.0035 0.0063 0.0064 0.0034 0.0059 0.0035 0.0039 0.0040 0.0041 0.0046 0.8915 0.0077 0.0041 0.0043 0.0082 0.0045 
 H071.5_2003  2 0.0106 0.0051 0.0167 0.0075 0.0090 0.1042 0.0081 0.0090 0.0294 0.0092 0.0040 0.0086 0.0102 0.0112 0.0055 0.0036 0.6726 0.0243 0.0104 0.0077 0.0289 0.0044 
 H071.6_2002  2 0.0059 0.0037 0.0063 0.0061 0.0076 0.1575 0.0042 0.0059 0.0087 0.0043 0.0037 0.0038 0.0046 0.0098 0.0176 0.0052 0.7028 0.0216 0.0041 0.0036 0.0066 0.0066 
 H071.6_2003  2 0.0056 0.0029 0.0201 0.0052 0.0068 0.0212 0.0047 0.0064 0.0272 0.0074 0.0033 0.0053 0.0068 0.0081 0.0051 0.0036 0.7959 0.0116 0.0078 0.0042 0.0353 0.0056 
 H071.7_2002  2 0.0097 0.0034 0.0088 0.0058 0.0041 0.0203 0.0058 0.0034 0.0036 0.0067 0.0029 0.0079 0.0039 0.0043 0.0062 0.0044 0.8648 0.0087 0.0063 0.0041 0.0073 0.0076 
 H071.7_2003  2 0.0051 0.0039 0.0084 0.0061 0.0097 0.0369 0.0043 0.0103 0.0345 0.0072 0.0040 0.0080 0.0077 0.0104 0.0039 0.0042 0.7731 0.0129 0.0088 0.0057 0.0297 0.0053 
      H071.8  2 0.0734 0.0088 0.0064 0.0082 0.0074 0.0126 0.0057 0.0038 0.0054 0.0105 0.0037 0.0059 0.0068 0.0044 0.0280 0.0066 0.7720 0.0054 0.0055 0.0054 0.0068 0.0071 
      H071.9  2 0.0182 0.0177 0.0107 0.0156 0.0176 0.1076 0.0095 0.0088 0.0175 0.0157 0.0105 0.0064 0.0084 0.0121 0.0721 0.0134 0.4159 0.0146 0.0059 0.0152 0.1820 0.0047 
 H081.1_2002  2 0.0074 0.0110 0.0067 0.0146 0.0057 0.0101 0.0039 0.0061 0.0063 0.0084 0.0067 0.0045 0.0070 0.0067 0.0049 0.0042 0.8578 0.0062 0.0055 0.0061 0.0037 0.0065 
 H081.1_2003  2 0.1783 0.0353 0.0856 0.0124 0.0756 0.0125 0.0110 0.0090 0.0434 0.0449 0.0137 0.0171 0.0091 0.0538 0.0146 0.2224 0.0267 0.0152 0.0169 0.0414 0.0137 0.0472 
 H081.2_2002  2 0.0080 0.0076 0.0120 0.0486 0.0089 0.0054 0.0109 0.0085 0.0036 0.0100 0.0055 0.0042 0.0041 0.0067 0.0045 0.0041 0.8170 0.0066 0.0044 0.0052 0.0062 0.0080 
 H081.2_2003  2 0.0503 0.0059 0.0140 0.0531 0.0283 0.0338 0.0077 0.0071 0.6166 0.0131 0.0357 0.0111 0.0090 0.0074 0.0188 0.0060 0.0251 0.0041 0.0103 0.0115 0.0203 0.0108 
 H081.3_2002  2 0.0150 0.0066 0.0112 0.0219 0.0104 0.0063 0.0155 0.0067 0.0104 0.0165 0.0062 0.0069 0.0039 0.0041 0.0107 0.0059 0.8071 0.0050 0.0047 0.0057 0.0094 0.0101 
 H081.3_2003  2 0.0375 0.0105 0.0092 0.0492 0.1834 0.0161 0.0130 0.0165 0.2862 0.0307 0.0152 0.0107 0.0095 0.0157 0.0477 0.0110 0.0158 0.0100 0.0193 0.0145 0.1684 0.0100 
 H081.4_2002  2 0.0121 0.0040 0.0089 0.0057 0.0066 0.0119 0.0069 0.0051 0.0095 0.0050 0.0045 0.0074 0.0069 0.0054 0.0064 0.0034 0.8519 0.0060 0.0084 0.0064 0.0051 0.0125 
 H081.4_2003  2 0.0497 0.0419 0.0825 0.0384 0.0897 0.0142 0.0068 0.0243 0.2578 0.0755 0.0146 0.0100 0.0134 0.0745 0.0153 0.0157 0.0177 0.0090 0.0319 0.0578 0.0279 0.0315 
 H081.5_2002  2 0.0154 0.0042 0.0092 0.0072 0.0097 0.0062 0.0076 0.0037 0.0119 0.0072 0.0042 0.0076 0.0064 0.0046 0.0082 0.0045 0.8463 0.0067 0.0062 0.0051 0.0073 0.0105 
 H081.5_2003  2 0.0302 0.0322 0.3273 0.0655 0.0261 0.0106 0.0115 0.0169 0.0732 0.0859 0.0136 0.0411 0.0063 0.0545 0.0096 0.0259 0.0296 0.0214 0.0274 0.0272 0.0154 0.0484 
      H081.6  2 0.0110 0.0084 0.0107 0.0173 0.0066 0.0121 0.0047 0.0050 0.0091 0.0075 0.0037 0.0052 0.0075 0.0101 0.0039 0.0042 0.8327 0.0077 0.0051 0.0058 0.0040 0.0177 
      H081.7  2 0.0076 0.0060 0.0071 0.0559 0.0076 0.0064 0.0074 0.0089 0.0105 0.0096 0.0043 0.0050 0.0040 0.0059 0.0068 0.0045 0.8073 0.0044 0.0048 0.0047 0.0095 0.0118 
      H081.8  2 0.0157 0.0110 0.0094 0.0065 0.0114 0.0138 0.0057 0.0098 0.0303 0.0110 0.0118 0.0056 0.0075 0.0100 0.0290 0.0120 0.7517 0.0075 0.0060 0.0083 0.0077 0.0182 
      H083.1  2 0.0203 0.0144 0.0077 0.0077 0.0045 0.0141 0.0104 0.0051 0.0091 0.0034 0.0316 0.0048 0.0059 0.0141 0.0081 0.0080 0.7542 0.0148 0.0120 0.0326 0.0112 0.0059 
      H083.2  2 0.0092 0.0043 0.0069 0.0120 0.0091 0.0074 0.0292 0.0107 0.0035 0.0087 0.0173 0.0056 0.0133 0.0101 0.0070 0.0059 0.7733 0.0109 0.0048 0.0064 0.0405 0.0039 
      H083.4  2 0.0147 0.0041 0.0053 0.0108 0.0060 0.0353 0.0133 0.0132 0.0045 0.0067 0.0838 0.0049 0.0124 0.0120 0.0360 0.0118 0.6811 0.0085 0.0041 0.0091 0.0170 0.0054 
      H083.5  2 0.0447 0.0312 0.0101 0.0133 0.0069 0.0110 0.0131 0.0077 0.0060 0.0062 0.0904 0.0061 0.0062 0.0064 0.0157 0.0297 0.6328 0.0111 0.0115 0.0281 0.0082 0.0035 
      H083.6  2 0.0511 0.0632 0.0080 0.0132 0.0069 0.0266 0.0048 0.0118 0.0111 0.0047 0.1139 0.0033 0.0093 0.0149 0.0268 0.0104 0.5716 0.0084 0.0088 0.0174 0.0047 0.0090 
      H083.7  2 0.0172 0.0101 0.0046 0.0157 0.0066 0.0241 0.0120 0.0318 0.0049 0.0082 0.2166 0.0045 0.0186 0.0064 0.0359 0.0103 0.5393 0.0063 0.0055 0.0052 0.0113 0.0046 
      H083.8  2 0.0104 0.0059 0.0083 0.0095 0.0074 0.0076 0.0608 0.0113 0.0034 0.0072 0.0169 0.0070 0.0150 0.0077 0.0058 0.0061 0.7569 0.0063 0.0060 0.0073 0.0297 0.0037 
      H083.9  2 0.0391 0.0244 0.0085 0.0085 0.0042 0.0095 0.0123 0.0067 0.0051 0.0036 0.1603 0.0056 0.0063 0.0081 0.0078 0.0089 0.6297 0.0062 0.0075 0.0286 0.0042 0.0049 
      H084.1  2 0.0056 0.0416 0.0062 0.0065 0.0211 0.0089 0.0183 0.0104 0.6542 0.0059 0.0086 0.0100 0.0079 0.0351 0.0057 0.0621 0.0111 0.0169 0.0170 0.0202 0.0214 0.0052 
      H084.2  2 0.0107 0.0059 0.0108 0.0038 0.0271 0.0060 0.0051 0.0049 0.5649 0.0066 0.0050 0.0044 0.0059 0.0685 0.0109 0.0787 0.0087 0.0060 0.0098 0.0208 0.1250 0.0105 
      H084.3  2 0.0077 0.0649 0.0154 0.0064 0.0338 0.0072 0.0104 0.0805 0.3082 0.0048 0.0231 0.0359 0.0072 0.0534 0.0080 0.2039 0.0075 0.0358 0.0256 0.0242 0.0178 0.0183 
      H084.4  2 0.0397 0.0293 0.0509 0.0032 0.0309 0.0085 0.0094 0.0182 0.3075 0.0056 0.0053 0.0854 0.0052 0.0481 0.0099 0.2136 0.0059 0.0152 0.0152 0.0346 0.0288 0.0295 
      H084.5  2 0.0142 0.0744 0.0219 0.0110 0.0062 0.0051 0.0155 0.0188 0.5134 0.0070 0.0061 0.0483 0.0047 0.0230 0.0071 0.0428 0.0047 0.1245 0.0140 0.0086 0.0099 0.0190 
      H084.6  2 0.0081 0.0276 0.0103 0.0094 0.0151 0.0053 0.0219 0.0413 0.5949 0.0046 0.0271 0.0416 0.0043 0.0130 0.0146 0.0832 0.0057 0.0401 0.0060 0.0083 0.0088 0.0088 
      H084.7  2 0.0201 0.0127 0.0080 0.0049 0.0104 0.0075 0.0070 0.0084 0.7169 0.0081 0.0054 0.0100 0.0057 0.0588 0.0099 0.0118 0.0063 0.0061 0.0080 0.0308 0.0298 0.0137 
      H084.8  2 0.0122 0.1423 0.0130 0.0073 0.0104 0.0042 0.0173 0.0241 0.5696 0.0042 0.0070 0.0428 0.0056 0.0165 0.0066 0.0573 0.0044 0.0212 0.0118 0.0096 0.0055 0.0071 
 H085.1_2002  2 0.0169 0.0057 0.0066 0.7780 0.0159 0.0083 0.0064 0.0056 0.0097 0.0094 0.0115 0.0042 0.0035 0.0106 0.0055 0.0170 0.0282 0.0120 0.0070 0.0134 0.0174 0.0073 
 H085.1_2003  2 0.0411 0.0110 0.0345 0.1755 0.0134 0.0343 0.0186 0.0095 0.0091 0.0074 0.1012 0.0466 0.0064 0.0127 0.0234 0.0142 0.2565 0.0043 0.0059 0.0647 0.1003 0.0095 
 H085.2_2002  2 0.0147 0.0366 0.0173 0.2110 0.1033 0.0152 0.0071 0.0201 0.0166 0.1282 0.1364 0.0065 0.0054 0.0305 0.0115 0.0621 0.0186 0.0137 0.0068 0.0238 0.0301 0.0847 
 H085.2_2003  2 0.1148 0.0064 0.0395 0.0351 0.0151 0.0279 0.0298 0.0082 0.0177 0.0151 0.0436 0.0265 0.0130 0.0209 0.0138 0.0092 0.4153 0.0061 0.0167 0.0457 0.0360 0.0438 
 H085.3_2002  2 0.0074 0.0071 0.0224 0.7565 0.0251 0.0112 0.0063 0.0082 0.0041 0.0242 0.0201 0.0141 0.0048 0.0094 0.0030 0.0052 0.0069 0.0033 0.0068 0.0139 0.0140 0.0260 
 H085.3_2003  2 0.0159 0.0036 0.0910 0.0376 0.0057 0.0248 0.0097 0.0084 0.0114 0.0086 0.0056 0.1933 0.0104 0.0087 0.0049 0.0039 0.4679 0.0027 0.0074 0.0076 0.0154 0.0554 
 H085.4_2002  2 0.0331 0.0233 0.0102 0.3560 0.0368 0.0757 0.0055 0.0124 0.0225 0.0784 0.0249 0.0058 0.0064 0.0207 0.0104 0.0364 0.1061 0.0110 0.0086 0.0313 0.0331 0.0512 
 H085.4_2003  2 0.0093 0.0083 0.0365 0.0112 0.0094 0.0078 0.0077 0.0153 0.0258 0.0181 0.0074 0.1587 0.0048 0.0103 0.0044 0.0067 0.5267 0.0236 0.0087 0.0428 0.0134 0.0430 
 H085.5_2002  2 0.0090 0.0089 0.0128 0.8397 0.0057 0.0079 0.0069 0.0066 0.0036 0.0133 0.0046 0.0112 0.0049 0.0055 0.0034 0.0042 0.0064 0.0036 0.0065 0.0066 0.0178 0.0110 
 H085.5_2003  2 0.0464 0.0040 0.0109 0.0287 0.0113 0.0266 0.0125 0.0074 0.0159 0.0049 0.0470 0.0136 0.0076 0.0182 0.0048 0.0056 0.6534 0.0045 0.0160 0.0192 0.0074 0.0341 
 H085.6_2002  2 0.0111 0.0057 0.0133 0.7280 0.0718 0.0074 0.0115 0.0063 0.0061 0.0137 0.0159 0.0052 0.0030 0.0135 0.0063 0.0092 0.0090 0.0074 0.0043 0.0144 0.0280 0.0091 
 H085.6_2003  2 0.0145 0.0151 0.4645 0.0261 0.0104 0.0074 0.0196 0.0165 0.0070 0.0285 0.0051 0.2111 0.0091 0.0081 0.0066 0.0053 0.0354 0.0042 0.0121 0.0197 0.0357 0.0379 
 H085.7_2002  2 0.0339 0.0074 0.0675 0.3796 0.0542 0.0087 0.0338 0.0077 0.0149 0.0691 0.0586 0.0160 0.0078 0.0157 0.0093 0.0149 0.0518 0.0071 0.0105 0.0627 0.0138 0.0550 
 H085.7_2003  2 0.0405 0.0069 0.0324 0.0248 0.0084 0.0249 0.0234 0.0157 0.0074 0.0082 0.0084 0.1060 0.0078 0.0082 0.0047 0.0068 0.5460 0.0047 0.0082 0.0128 0.0746 0.0193 
 H085.8_2002  2 0.0144 0.0142 0.2027 0.2068 0.0319 0.0178 0.0074 0.0156 0.0097 0.1224 0.0171 0.0486 0.0057 0.0120 0.0153 0.0134 0.0325 0.0053 0.0071 0.0164 0.0242 0.1596 
 H085.8_2003  2 0.0269 0.0130 0.0518 0.0399 0.0190 0.0206 0.0308 0.0209 0.0175 0.0262 0.1153 0.0445 0.0087 0.0232 0.0082 0.0120 0.1442 0.0198 0.0156 0.2702 0.0443 0.0275 
      H085.9  2 0.0233 0.0074 0.0255 0.6531 0.0119 0.0113 0.0095 0.0105 0.0166 0.0167 0.0137 0.0129 0.0064 0.0082 0.0118 0.0310 0.0423 0.0085 0.0117 0.0121 0.0223 0.0333 
      H088.1  2 0.0234 0.0722 0.0066 0.0123 0.0290 0.0227 0.0068 0.0150 0.0085 0.0100 0.0105 0.0041 0.0467 0.0067 0.0222 0.0069 0.0083 0.0043 0.0100 0.6627 0.0069 0.0043 
      H088.2  2 0.0106 0.0375 0.0117 0.0201 0.0185 0.0077 0.0122 0.0105 0.0053 0.0101 0.0075 0.0037 0.0087 0.0084 0.0095 0.0064 0.0063 0.0151 0.0078 0.7673 0.0091 0.0061 
      H088.3  2 0.0171 0.0176 0.0109 0.0101 0.0130 0.0090 0.0135 0.0065 0.0054 0.0085 0.0054 0.0037 0.0064 0.0065 0.0118 0.0053 0.0040 0.0110 0.0067 0.8122 0.0113 0.0045 
      H088.4  2 0.0113 0.0096 0.0110 0.0040 0.0071 0.0058 0.0041 0.0034 0.0139 0.0098 0.0028 0.0059 0.0211 0.0061 0.0110 0.0048 0.0071 0.0048 0.0063 0.8363 0.0090 0.0047 
      H088.5  2 0.0092 0.0088 0.0042 0.0054 0.0059 0.0062 0.0046 0.0045 0.0065 0.0073 0.0039 0.0050 0.0094 0.0036 0.0110 0.0051 0.0042 0.0049 0.0043 0.8766 0.0059 0.0035 
      H088.6  2 0.0201 0.0131 0.0060 0.0050 0.0087 0.0077 0.0071 0.0055 0.0094 0.0061 0.0046 0.0062 0.0136 0.0046 0.0203 0.0051 0.0059 0.0063 0.0071 0.8278 0.0053 0.0044 
      H088.7  2 0.0191 0.0126 0.0133 0.0074 0.0071 0.0067 0.0178 0.0064 0.0054 0.0060 0.0065 0.0082 0.0054 0.0077 0.0080 0.0050 0.0147 0.0099 0.0055 0.8091 0.0138 0.0043 
      H088.8  2 0.0782 0.0116 0.0066 0.0064 0.0143 0.0128 0.0119 0.0070 0.0121 0.0082 0.0064 0.0108 0.0327 0.0078 0.0318 0.0073 0.0202 0.0064 0.0069 0.6898 0.0070 0.0038 
      H091.1  2 0.0178 0.0067 0.0140 0.0056 0.0062 0.0163 0.0121 0.0086 0.0060 0.0047 0.0116 0.0130 0.0089 0.0052 0.0052 0.0080 0.0146 0.0062 0.0064 0.6978 0.0972 0.0278 
      H091.2  2 0.0509 0.0049 0.0094 0.0054 0.0048 0.0519 0.0180 0.0188 0.0035 0.0062 0.0245 0.0503 0.0106 0.0092 0.0069 0.0045 0.0181 0.0051 0.0052 0.6315 0.0430 0.0171 
      H109.1  2 0.0170 0.0227 0.0121 0.0210 0.0235 0.0324 0.2450 0.0114 0.0411 0.0100 0.1267 0.0167 0.0247 0.0448 0.1157 0.0310 0.0149 0.0571 0.0170 0.0079 0.0859 0.0214 
      H109.2  2 0.0074 0.0096 0.0268 0.0058 0.0296 0.0841 0.0753 0.0204 0.3408 0.0322 0.0164 0.0113 0.0177 0.0717 0.0153 0.0200 0.0441 0.0652 0.0059 0.0134 0.0677 0.0193 
      H109.3  2 0.0163 0.0103 0.0117 0.0031 0.0091 0.0259 0.0744 0.0148 0.0508 0.0069 0.0062 0.0330 0.0103 0.0329 0.0092 0.0057 0.0110 0.0116 0.0175 0.0194 0.6124 0.0073 
      H109.4  2 0.0141 0.0100 0.0209 0.0072 0.0428 0.1010 0.0498 0.0118 0.1032 0.0147 0.0143 0.0555 0.1053 0.0422 0.0660 0.0267 0.0155 0.0160 0.0075 0.0147 0.2512 0.0095 
      H109.5  2 0.0123 0.0301 0.0188 0.0061 0.0062 0.0933 0.0165 0.0128 0.0498 0.0081 0.0044 0.0333 0.0068 0.0137 0.0054 0.0038 0.0408 0.0126 0.0081 0.0553 0.5524 0.0093 
      H109.6  2 0.0368 0.0210 0.0199 0.0087 0.0432 0.0385 0.1150 0.0353 0.2100 0.0187 0.0137 0.0136 0.0224 0.0184 0.1261 0.0226 0.0238 0.0571 0.0141 0.0089 0.1213 0.0108 
      H126.1  2 0.0697 0.0120 0.0305 0.1301 0.0332 0.0195 0.0116 0.0066 0.0071 0.1689 0.0072 0.0119 0.0949 0.0578 0.0218 0.0081 0.0104 0.1750 0.0453 0.0213 0.0227 0.0345 
      H126.2  2 0.3184 0.0068 0.0335 0.0600 0.0438 0.0652 0.0599 0.0085 0.0176 0.0731 0.0172 0.0099 0.0556 0.0158 0.0087 0.0345 0.0739 0.0388 0.0205 0.0111 0.0121 0.0152 
      H126.3  2 0.3917 0.0070 0.0040 0.0127 0.0056 0.0182 0.0057 0.0044 0.0039 0.0095 0.0206 0.0058 0.0152 0.0131 0.0110 0.0059 0.0228 0.3670 0.0043 0.0506 0.0128 0.0081 
      H126.4  2 0.0138 0.0060 0.0106 0.0148 0.0073 0.0366 0.0125 0.0055 0.0089 0.3502 0.0082 0.0090 0.4219 0.0108 0.0095 0.0102 0.0139 0.0196 0.0073 0.0100 0.0060 0.0072 
      H126.5  2 0.0509 0.0066 0.0501 0.0129 0.0121 0.5819 0.0043 0.0058 0.0060 0.0932 0.0057 0.0056 0.0158 0.0086 0.0075 0.0054 0.0329 0.0515 0.0232 0.0048 0.0061 0.0092 
      H126.6  2 0.2652 0.0042 0.0164 0.1287 0.0142 0.0213 0.0102 0.0038 0.0043 0.0139 0.0058 0.0056 0.0038 0.0099 0.0059 0.0056 0.1628 0.2803 0.0112 0.0114 0.0115 0.0040 
      H126.7  2 0.0216 0.0043 0.0281 0.0323 0.0084 0.0622 0.0081 0.0061 0.0068 0.0057 0.0071 0.0089 0.0450 0.0072 0.0089 0.0032 0.6569 0.0164 0.0080 0.0382 0.0096 0.0072 
      H130.1  2 0.0137 0.0160 0.0221 0.0093 0.3059 0.0119 0.0162 0.0093 0.0115 0.3643 0.0105 0.0135 0.0144 0.0114 0.0250 0.0060 0.0062 0.0072 0.0274 0.0436 0.0462 0.0085 
      H130.2  2 0.0157 0.0115 0.0190 0.0112 0.0696 0.0088 0.0568 0.0287 0.3556 0.0860 0.0400 0.0261 0.0091 0.0701 0.0618 0.0066 0.0274 0.0053 0.0304 0.0207 0.0310 0.0087 
      H130.3  2 0.0096 0.0097 0.0069 0.0059 0.2270 0.0051 0.0079 0.0088 0.0229 0.0160 0.0030 0.0048 0.0418 0.4551 0.0115 0.0043 0.0218 0.0054 0.1024 0.0152 0.0105 0.0044 
      H130.4  2 0.0090 0.0100 0.0075 0.0168 0.2688 0.0108 0.0208 0.0212 0.0165 0.3043 0.0113 0.0063 0.0098 0.0258 0.0401 0.0214 0.0076 0.0058 0.1112 0.0180 0.0519 0.0050 
      H130.5  2 0.0078 0.0260 0.0369 0.0236 0.2472 0.0081 0.0090 0.0211 0.1221 0.1950 0.0194 0.0140 0.0062 0.0898 0.0127 0.0047 0.0467 0.0050 0.0112 0.0403 0.0411 0.0120 
      H133.1  2 0.0051 0.0048 0.0050 0.0049 0.0061 0.0036 0.0073 0.0049 0.0076 0.0116 0.0048 0.0065 0.0046 0.0142 0.0040 0.0088 0.0070 0.0043 0.0083 0.0058 0.8654 0.0057 
      H133.2  2 0.0064 0.0072 0.0086 0.0102 0.0081 0.0061 0.0086 0.0046 0.0180 0.0108 0.0044 0.0087 0.0047 0.0076 0.0050 0.0048 0.0039 0.0049 0.0074 0.0082 0.8461 0.0056 
      H133.3  2 0.0106 0.0110 0.0056 0.0107 0.0062 0.0064 0.0094 0.0063 0.0069 0.0062 0.0088 0.0048 0.0040 0.0075 0.0041 0.0188 0.0088 0.0061 0.0078 0.0137 0.8305 0.0058 
      H133.4  2 0.0065 0.0046 0.0055 0.0059 0.0051 0.0038 0.0113 0.0048 0.0087 0.0056 0.0054 0.0171 0.0046 0.0061 0.0068 0.0086 0.0060 0.0045 0.0079 0.0050 0.8614 0.0047 
      H133.5  2 0.0069 0.0048 0.0111 0.0118 0.0064 0.0064 0.0046 0.0037 0.0103 0.0079 0.0070 0.0049 0.0055 0.0363 0.0058 0.0060 0.0048 0.0044 0.0067 0.0104 0.8251 0.0092 
      H133.6  2 0.0065 0.0097 0.0148 0.0133 0.0148 0.0056 0.0091 0.0080 0.0088 0.0185 0.0062 0.0052 0.0060 0.0228 0.0067 0.0069 0.0065 0.0092 0.0087 0.0234 0.7817 0.0075 
      H133.7  2 0.0046 0.0098 0.0069 0.0105 0.0049 0.0038 0.0191 0.0131 0.0049 0.0080 0.0066 0.0288 0.0042 0.0053 0.0035 0.0167 0.0096 0.0046 0.0054 0.0086 0.8161 0.0051 
      H133.8  2 0.0047 0.0043 0.0038 0.0256 0.0049 0.0044 0.0082 0.0038 0.0052 0.0066 0.0067 0.0078 0.0091 0.0063 0.0039 0.0100 0.0038 0.0044 0.0099 0.0064 0.8345 0.0259 
      H133.9  2 0.0050 0.0054 0.0055 0.0057 0.0057 0.0031 0.0081 0.0045 0.0067 0.0084 0.0068 0.0055 0.0075 0.0186 0.0034 0.0130 0.0067 0.0036 0.0095 0.0071 0.8555 0.0047 
      H147.1  2 0.0258 0.0253 0.0914 0.0622 0.0077 0.0150 0.0257 0.0114 0.0685 0.0157 0.0271 0.3347 0.0059 0.0082 0.0042 0.0156 0.1321 0.0118 0.0042 0.0200 0.0065 0.0812 
      H147.2  2 0.0070 0.0114 0.0647 0.0137 0.0057 0.0039 0.0052 0.0056 0.0221 0.0094 0.0047 0.0203 0.0044 0.0072 0.0043 0.0047 0.7356 0.0083 0.0043 0.0081 0.0053 0.0438 
      H147.3  2 0.0126 0.0100 0.0442 0.0300 0.0062 0.0113 0.0054 0.0090 0.0545 0.0110 0.0065 0.0161 0.0064 0.0114 0.0036 0.0053 0.7164 0.0076 0.0051 0.0054 0.0051 0.0169 
      H147.4  2 0.0406 0.0061 0.0161 0.0169 0.0041 0.0052 0.0091 0.0041 0.1026 0.0046 0.0120 0.0485 0.0066 0.0079 0.0044 0.0240 0.6474 0.0057 0.0044 0.0060 0.0052 0.0186 
      H147.5  2 0.0234 0.0365 0.0666 0.0315 0.0139 0.0123 0.0079 0.0063 0.2522 0.0091 0.0240 0.0219 0.0247 0.0217 0.0106 0.0064 0.3413 0.0111 0.0070 0.0496 0.0078 0.0143 
      H147.6  2 0.0180 0.0094 0.0598 0.0187 0.0078 0.0130 0.0087 0.0057 0.3201 0.0061 0.0212 0.0317 0.0190 0.0247 0.0068 0.0090 0.2906 0.0129 0.0094 0.0873 0.0080 0.0120 
      H147.7  2 0.0873 0.0132 0.0202 0.0113 0.0069 0.0096 0.0115 0.0087 0.1076 0.0079 0.0169 0.1209 0.0118 0.0073 0.0036 0.0205 0.4892 0.0082 0.0077 0.0070 0.0051 0.0176 
      H147.8  2 0.0620 0.0129 0.0130 0.0137 0.0034 0.0244 0.0132 0.0037 0.2738 0.0033 0.0264 0.0313 0.0081 0.0097 0.0128 0.0293 0.3717 0.0089 0.0036 0.0456 0.0082 0.0210 
      H147.9  2 0.0134 0.0108 0.0630 0.0232 0.0069 0.0092 0.0074 0.0046 0.0360 0.0091 0.0075 0.0202 0.0072 0.0092 0.0043 0.0060 0.7133 0.0084 0.0059 0.0053 0.0057 0.0232 
      H148.1  2 0.0239 0.1014 0.0770 0.0082 0.0416 0.0129 0.0199 0.0203 0.0290 0.3448 0.0214 0.0124 0.0136 0.0423 0.0694 0.0418 0.0082 0.0407 0.0044 0.0134 0.0090 0.0443 
      H148.2  2 0.0134 0.3692 0.0196 0.0152 0.0401 0.0138 0.0143 0.0327 0.0166 0.1645 0.0138 0.0095 0.0162 0.0923 0.0482 0.0392 0.0123 0.0262 0.0050 0.0068 0.0090 0.0221 
      H148.3  2 0.0161 0.2768 0.0115 0.0082 0.0063 0.0085 0.0203 0.1738 0.0144 0.0283 0.0090 0.0131 0.0063 0.0120 0.0375 0.0329 0.0117 0.0110 0.0076 0.0084 0.0062 0.2799 
      H148.4  2 0.0365 0.2501 0.0269 0.0119 0.0209 0.0085 0.0079 0.0140 0.0086 0.1791 0.0081 0.0163 0.0164 0.0371 0.1982 0.0266 0.0106 0.0197 0.0076 0.0093 0.0095 0.0763 
      H148.5  2 0.0187 0.4587 0.0084 0.0121 0.0062 0.0068 0.0135 0.1104 0.0392 0.0125 0.0070 0.0052 0.0284 0.0108 0.1576 0.0162 0.0064 0.0323 0.0087 0.0177 0.0048 0.0186 
      H148.6  2 0.0209 0.3202 0.0205 0.0175 0.0299 0.0086 0.0157 0.1172 0.0178 0.0881 0.0293 0.0149 0.0098 0.0372 0.0646 0.0958 0.0101 0.0189 0.0041 0.0116 0.0042 0.0430 
      H148.7  2 0.0224 0.3340 0.0132 0.0075 0.0181 0.0104 0.0274 0.0323 0.0175 0.0366 0.0127 0.0107 0.0997 0.0927 0.1591 0.0235 0.0069 0.0248 0.0094 0.0135 0.0094 0.0183 
      H148.8  2 0.0053 0.4768 0.0080 0.0120 0.0116 0.0078 0.0073 0.0679 0.0092 0.1814 0.0076 0.0120 0.0221 0.0243 0.0590 0.0199 0.0061 0.0061 0.0042 0.0169 0.0042 0.0305 
      H148.9  2 0.0138 0.0926 0.0086 0.0473 0.0260 0.0244 0.0850 0.0766 0.0135 0.1145 0.0207 0.0148 0.0184 0.0689 0.0473 0.0967 0.0075 0.1163 0.0140 0.0078 0.0050 0.0802 
   H166022.1  2 0.0155 0.0143 0.0073 0.0093 0.0107 0.0077 0.0069 0.0058 0.0187 0.0074 0.0359 0.0106 0.0044 0.0119 0.0042 0.0077 0.0092 0.0061 0.0031 0.7806 0.0061 0.0167 
   H166022.2  2 0.0354 0.0121 0.0896 0.0143 0.0083 0.0144 0.0222 0.0149 0.1382 0.0124 0.0439 0.0280 0.0138 0.0260 0.0170 0.0136 0.0331 0.0120 0.0140 0.4216 0.0066 0.0086 
   H166022.3  2 0.0100 0.0102 0.0120 0.0044 0.0228 0.0083 0.0124 0.0128 0.0171 0.0084 0.1586 0.0039 0.0485 0.0359 0.0208 0.0056 0.0035 0.0054 0.0052 0.5818 0.0041 0.0085 
   H166022.4  2 0.0110 0.0086 0.0251 0.0043 0.0138 0.0056 0.0057 0.0045 0.0168 0.0048 0.0149 0.0041 0.0139 0.0390 0.0162 0.0047 0.0052 0.0061 0.0081 0.7740 0.0054 0.0080 
   H166022.5  2 0.0133 0.0083 0.0260 0.0036 0.0144 0.0055 0.0073 0.0059 0.0918 0.0055 0.0192 0.0048 0.0059 0.0508 0.0084 0.0040 0.0064 0.0071 0.0093 0.6842 0.0062 0.0120 
   H166022.6  2 0.0175 0.0120 0.0284 0.0069 0.0636 0.0069 0.0419 0.0069 0.0230 0.0267 0.0345 0.0123 0.0112 0.0148 0.0075 0.0211 0.0059 0.0090 0.0091 0.6138 0.0118 0.0152 
   H166022.7  2 0.0082 0.0048 0.0061 0.0037 0.0041 0.0118 0.0055 0.0039 0.0108 0.0062 0.0031 0.0080 0.0058 0.0053 0.8732 0.0047 0.0055 0.0067 0.0057 0.0067 0.0051 0.0052 
   H166022.8  2 0.0282 0.0130 0.2293 0.0198 0.0479 0.0084 0.0186 0.0066 0.1403 0.0558 0.0487 0.0117 0.0072 0.0611 0.0080 0.0084 0.0162 0.0089 0.0162 0.2035 0.0171 0.0251 
   H167397.1  2 0.0067 0.0082 0.0231 0.0058 0.0047 0.0081 0.0063 0.0084 0.0155 0.0116 0.0037 0.4698 0.0060 0.0070 0.0095 0.3141 0.0193 0.0072 0.0044 0.0320 0.0143 0.0140 
   H167397.2  2 0.0213 0.0189 0.0328 0.0317 0.0072 0.0145 0.0116 0.0103 0.0146 0.1196 0.0411 0.0872 0.0058 0.0385 0.0130 0.3511 0.0207 0.0070 0.0085 0.0143 0.0144 0.1159 
   H167397.3  2 0.0130 0.0052 0.0092 0.0036 0.0046 0.0082 0.0068 0.0080 0.0094 0.0187 0.0053 0.3216 0.0034 0.0068 0.0066 0.4917 0.0216 0.0126 0.0080 0.0206 0.0079 0.0072 
   H167397.4  2 0.0242 0.0623 0.0081 0.0381 0.0072 0.0120 0.0529 0.0094 0.0139 0.0071 0.0207 0.0284 0.0058 0.0364 0.0117 0.5435 0.0209 0.0081 0.0085 0.0105 0.0092 0.0612 
   H167397.5  2 0.0084 0.0087 0.0535 0.0063 0.0066 0.0122 0.0084 0.0080 0.0190 0.0561 0.0099 0.1623 0.0108 0.0221 0.0195 0.4867 0.0175 0.0074 0.0058 0.0159 0.0110 0.0440 
   H167397.6  2 0.0123 0.0187 0.0082 0.0098 0.0072 0.0088 0.0147 0.0100 0.0057 0.0119 0.0077 0.2597 0.0071 0.0156 0.0068 0.4898 0.0230 0.0281 0.0104 0.0186 0.0161 0.0098 
   H167496.1  2 0.0109 0.1045 0.0229 0.0046 0.1039 0.0402 0.0259 0.0617 0.0145 0.0100 0.0215 0.0065 0.0151 0.0356 0.0097 0.0072 0.0120 0.0214 0.0229 0.3654 0.0492 0.0346 
   H167496.2  2 0.0365 0.0448 0.2308 0.0116 0.0583 0.0341 0.0265 0.0882 0.0223 0.0243 0.0085 0.0121 0.0146 0.0200 0.0622 0.0136 0.0943 0.0827 0.0089 0.0389 0.0516 0.0152 
   H167496.3  2 0.0267 0.0320 0.0506 0.1021 0.1216 0.0188 0.0341 0.0632 0.0087 0.0310 0.0847 0.0099 0.0434 0.0298 0.0060 0.0080 0.0425 0.0074 0.0240 0.1765 0.0327 0.0462 
   H167496.4  2 0.0079 0.0059 0.0112 0.0089 0.0041 0.0094 0.0053 0.0034 0.0061 0.0037 0.0065 0.0045 0.0060 0.0097 0.0045 0.0043 0.0110 0.0082 0.0040 0.8627 0.0044 0.0080 
   H167496.6  2 0.0148 0.0105 0.5608 0.0075 0.0071 0.0099 0.0068 0.0033 0.0129 0.0061 0.0043 0.0054 0.0091 0.0147 0.0057 0.0060 0.0128 0.0095 0.0095 0.2668 0.0061 0.0105 
   H167496.7  2 0.0103 0.0132 0.1104 0.0065 0.2180 0.0281 0.0304 0.0923 0.0112 0.0247 0.0250 0.1638 0.0165 0.0423 0.0050 0.0058 0.0143 0.0374 0.0193 0.0385 0.0199 0.0672 
   H167496.8  2 0.0109 0.0113 0.4951 0.0076 0.0046 0.0098 0.0104 0.0078 0.0186 0.0058 0.0098 0.0133 0.0068 0.0094 0.0074 0.0065 0.0213 0.0284 0.0068 0.2861 0.0080 0.0143 
   H167513.1  2 0.0104 0.0051 0.0072 0.0048 0.0102 0.0050 0.8624 0.0040 0.0071 0.0062 0.0086 0.0076 0.0047 0.0080 0.0072 0.0055 0.0058 0.0074 0.0062 0.0052 0.0059 0.0053 
   H167513.2  2 0.0052 0.0074 0.0076 0.0039 0.0062 0.0042 0.8661 0.0059 0.0057 0.0079 0.0043 0.0099 0.0046 0.0045 0.0039 0.0128 0.0052 0.0097 0.0052 0.0091 0.0058 0.0049 
   H167513.3  2 0.0099 0.0039 0.0061 0.0039 0.0068 0.0082 0.8372 0.0076 0.0200 0.0048 0.0100 0.0084 0.0064 0.0153 0.0055 0.0048 0.0064 0.0070 0.0111 0.0066 0.0052 0.0049 
   H167513.4  2 0.0071 0.0098 0.0091 0.0052 0.0086 0.0045 0.7808 0.0091 0.0097 0.0061 0.0254 0.0128 0.0054 0.0355 0.0074 0.0076 0.0071 0.0159 0.0059 0.0093 0.0113 0.0063 
   H167513.5  2 0.0054 0.0083 0.0085 0.0045 0.0039 0.0033 0.8879 0.0036 0.0044 0.0063 0.0041 0.0081 0.0034 0.0032 0.0039 0.0072 0.0047 0.0064 0.0036 0.0074 0.0080 0.0039 
   H167513.6  2 0.0062 0.0049 0.0071 0.0070 0.0081 0.0072 0.8316 0.0083 0.0153 0.0083 0.0114 0.0105 0.0045 0.0072 0.0066 0.0069 0.0064 0.0090 0.0087 0.0100 0.0081 0.0068 
   H167513.7  2 0.0079 0.0030 0.0050 0.0048 0.0043 0.0056 0.8682 0.0039 0.0069 0.0035 0.0126 0.0058 0.0035 0.0078 0.0051 0.0116 0.0067 0.0084 0.0054 0.0050 0.0101 0.0049 
   H167513.8  2 0.0086 0.0028 0.0058 0.0042 0.0050 0.0049 0.8682 0.0042 0.0133 0.0040 0.0057 0.0071 0.0043 0.0114 0.0077 0.0089 0.0046 0.0066 0.0060 0.0045 0.0084 0.0038 
   H167547.1  2 0.0130 0.0270 0.0157 0.0066 0.1501 0.0124 0.0146 0.3096 0.0065 0.0999 0.0195 0.1674 0.0253 0.0169 0.0102 0.0230 0.0073 0.0089 0.0247 0.0212 0.0125 0.0076 
   H167547.2  2 0.0029 0.0079 0.0081 0.0086 0.0347 0.0049 0.0093 0.1062 0.0061 0.0094 0.0198 0.6787 0.0137 0.0055 0.0039 0.0087 0.0046 0.0052 0.0064 0.0296 0.0059 0.0198 
   H167547.3  2 0.0033 0.0076 0.0067 0.0068 0.0312 0.0047 0.0073 0.1162 0.0071 0.0133 0.0175 0.6698 0.0126 0.0055 0.0033 0.0078 0.0046 0.0059 0.0111 0.0331 0.0060 0.0185 
   H167547.4  2 0.0317 0.0083 0.0115 0.0122 0.1544 0.0209 0.0118 0.0448 0.0103 0.0862 0.1671 0.0395 0.0698 0.0276 0.0105 0.0365 0.0068 0.0051 0.0311 0.1855 0.0134 0.0150 
   H167547.5  2 0.0090 0.0878 0.0068 0.0053 0.0119 0.0073 0.0062 0.1430 0.0236 0.0138 0.0110 0.0623 0.0320 0.0045 0.0065 0.0077 0.0095 0.0118 0.0102 0.4808 0.0095 0.0394 
   H167547.6  2 0.0088 0.0904 0.0061 0.0056 0.0144 0.0092 0.0064 0.1274 0.0270 0.0125 0.0117 0.0558 0.0441 0.0060 0.0070 0.0108 0.0087 0.0152 0.0122 0.4590 0.0085 0.0535 
   H167547.7  2 0.0109 0.0217 0.0155 0.0415 0.1565 0.0507 0.1251 0.1688 0.0157 0.0414 0.0221 0.0318 0.0114 0.0091 0.0389 0.0172 0.0193 0.0149 0.0260 0.0127 0.1165 0.0324 
   H169750.1  2 0.0088 0.0047 0.0221 0.0090 0.0263 0.0258 0.0279 0.0278 0.0095 0.0253 0.0283 0.0071 0.0312 0.0123 0.0087 0.0066 0.0067 0.0091 0.0100 0.0769 0.6064 0.0097 
   H169750.2  2 0.0535 0.0208 0.0522 0.0180 0.0088 0.0124 0.0532 0.0076 0.0463 0.0455 0.0066 0.0457 0.0490 0.0254 0.0140 0.0284 0.0423 0.0083 0.0255 0.0258 0.3535 0.0572 
   H169750.3  2 0.0278 0.0052 0.0205 0.0124 0.0199 0.0255 0.0211 0.0174 0.0250 0.0059 0.0059 0.0035 0.0167 0.0073 0.0161 0.0039 0.0064 0.0059 0.0168 0.0141 0.7170 0.0057 
   H169750.4  2 0.0225 0.0318 0.0285 0.0090 0.0109 0.0101 0.0254 0.0081 0.0080 0.0260 0.0040 0.0096 0.0083 0.0232 0.0107 0.0406 0.0062 0.0198 0.0584 0.0389 0.5854 0.0145 
   H169750.5  2 0.0048 0.0039 0.0116 0.0107 0.0136 0.0342 0.0236 0.0087 0.0114 0.0089 0.0370 0.0074 0.0214 0.0199 0.0082 0.0046 0.0148 0.0049 0.0052 0.0374 0.7011 0.0068 
   H169750.6  2 0.0088 0.0057 0.0272 0.0113 0.0058 0.0291 0.0233 0.0075 0.0193 0.0191 0.0097 0.0109 0.1197 0.0096 0.0142 0.0061 0.0651 0.0055 0.0088 0.0249 0.5600 0.0083 
   H169750.7  2 0.1072 0.0096 0.0718 0.0222 0.0085 0.0257 0.0464 0.0166 0.0192 0.0151 0.0056 0.0125 0.0246 0.0217 0.0197 0.0158 0.0121 0.0096 0.0318 0.0248 0.4518 0.0277 
   H171929.1  2 0.0182 0.0214 0.0051 0.0324 0.0110 0.0072 0.7765 0.0078 0.0041 0.0118 0.0073 0.0098 0.0061 0.0033 0.0048 0.0330 0.0064 0.0045 0.0076 0.0098 0.0073 0.0045 
  H171929.10  2 0.0411 0.0191 0.0102 0.0285 0.0154 0.0051 0.6889 0.0256 0.0127 0.0098 0.0119 0.0106 0.0048 0.0046 0.0061 0.0154 0.0105 0.0067 0.0084 0.0203 0.0367 0.0077 
  H171929.11  2 0.0135 0.0117 0.0043 0.0134 0.0057 0.0061 0.8364 0.0052 0.0053 0.0065 0.0038 0.0122 0.0063 0.0039 0.0039 0.0185 0.0052 0.0043 0.0068 0.0100 0.0118 0.0050 
   H171929.2  2 0.0046 0.0108 0.0048 0.0064 0.0070 0.0044 0.8547 0.0148 0.0040 0.0060 0.0057 0.0062 0.0059 0.0064 0.0033 0.0047 0.0050 0.0039 0.0054 0.0060 0.0258 0.0043 
   H171929.3  2 0.0069 0.0068 0.0042 0.0059 0.0063 0.0042 0.8781 0.0063 0.0051 0.0048 0.0058 0.0074 0.0066 0.0043 0.0041 0.0085 0.0076 0.0033 0.0045 0.0059 0.0082 0.0053 
