      H008.1  2 0.0107 0.0073 0.0061 0.0042 0.0090 0.0095 0.0057 0.0064 0.0088 0.0070 0.7351 0.0062 0.0039 0.0069 0.0109 0.0107 0.0065 0.0091 0.0083 0.1276 
      H008.2  2 0.0085 0.0112 0.0154 0.0057 0.0050 0.0057 0.0057 0.0051 0.0063 0.0109 0.8450 0.0121 0.0090 0.0050 0.0057 0.0158 0.0078 0.0092 0.0056 0.0056 
      H008.3  2 0.0069 0.0084 0.0050 0.0059 0.0060 0.0069 0.0056 0.0066 0.0084 0.0057 0.8654 0.0122 0.0070 0.0038 0.0074 0.0100 0.0044 0.0087 0.0094 0.0065 
      H008.4  2 0.0067 0.0077 0.0054 0.0068 0.0074 0.0042 0.0093 0.0038 0.0045 0.0048 0.8669 0.0064 0.0078 0.0063 0.0078 0.0057 0.0043 0.0121 0.0039 0.0182 
      H008.5  2 0.0055 0.0060 0.0042 0.0045 0.0052 0.0050 0.0093 0.0069 0.0065 0.0052 0.8670 0.0054 0.0058 0.0046 0.0091 0.0052 0.0045 0.0100 0.0060 0.0243 
      H008.6  2 0.0067 0.0083 0.0039 0.0039 0.0043 0.0042 0.0051 0.0044 0.0055 0.0052 0.8991 0.0030 0.0067 0.0050 0.0057 0.0069 0.0038 0.0066 0.0035 0.0083 
      H008.7  2 0.0091 0.0107 0.0067 0.0098 0.0090 0.0049 0.0092 0.0066 0.0086 0.0057 0.8450 0.0157 0.0117 0.0058 0.0059 0.0062 0.0051 0.0081 0.0055 0.0106 
      H008.8  2 0.0313 0.0075 0.0292 0.0051 0.0081 0.0116 0.0054 0.0072 0.0079 0.0086 0.7346 0.0121 0.0049 0.0064 0.0080 0.0476 0.0131 0.0210 0.0109 0.0196 
      H008.9  2 0.0341 0.0218 0.0109 0.0069 0.0085 0.0043 0.0044 0.0110 0.0072 0.0061 0.7949 0.0071 0.0224 0.0041 0.0066 0.0266 0.0041 0.0070 0.0078 0.0041 
 H029.1_2002  2 0.0232 0.0065 0.0137 0.0082 0.0515 0.0083 0.0576 0.0115 0.0101 0.0095 0.0460 0.0089 0.0247 0.0583 0.0061 0.0136 0.0121 0.0044 0.0066 0.6193 
 H029.1_2003  2 0.0092 0.0034 0.0176 0.0069 0.0063 0.0160 0.0245 0.0091 0.0093 0.0073 0.8406 0.0035 0.0056 0.0053 0.0056 0.0084 0.0058 0.0049 0.0050 0.0057 
 H029.2_2002  2 0.0067 0.0074 0.0124 0.0086 0.0178 0.0308 0.0865 0.0095 0.0461 0.0082 0.1591 0.0239 0.0451 0.0074 0.0104 0.0244 0.0082 0.0165 0.0053 0.4658 
 H029.2_2003  2 0.0110 0.0044 0.0100 0.0086 0.0061 0.0426 0.0610 0.0153 0.0493 0.0221 0.5875 0.0070 0.0380 0.0044 0.0132 0.0571 0.0228 0.0118 0.0078 0.0200 
 H029.3_2002  2 0.0104 0.0062 0.0473 0.0114 0.0066 0.0423 0.0546 0.0144 0.0277 0.0237 0.1979 0.0262 0.2046 0.0155 0.0156 0.0851 0.0170 0.0227 0.0141 0.1566 
 H029.3_2003  2 0.0044 0.0075 0.0147 0.0083 0.0073 0.0179 0.0865 0.0050 0.0102 0.0153 0.6611 0.0057 0.0045 0.0041 0.0107 0.0106 0.0148 0.0044 0.0066 0.1002 
 H029.4_2002  2 0.0054 0.0060 0.0173 0.0094 0.0102 0.0036 0.0287 0.0056 0.0062 0.0080 0.1086 0.0147 0.0270 0.0096 0.0128 0.0156 0.0155 0.0045 0.0087 0.6826 
 H029.4_2003  2 0.0083 0.0065 0.0151 0.0052 0.0139 0.0054 0.1029 0.0132 0.0118 0.0126 0.6133 0.0069 0.0120 0.0088 0.0064 0.0347 0.0647 0.0073 0.0137 0.0374 
 H029.5_2002  2 0.0079 0.0070 0.0063 0.0119 0.0345 0.0050 0.0501 0.0091 0.0069 0.0054 0.0224 0.0132 0.0064 0.0118 0.0058 0.0049 0.0117 0.0037 0.0054 0.7708 
 H029.5_2003  2 0.0063 0.0047 0.0071 0.0045 0.0079 0.0056 0.0184 0.0077 0.0101 0.0055 0.8303 0.0063 0.0068 0.0045 0.0055 0.0130 0.0167 0.0039 0.0061 0.0291 
 H029.6_2002  2 0.0055 0.0047 0.0287 0.0119 0.0073 0.0055 0.3671 0.0080 0.0050 0.0080 0.0489 0.0237 0.0553 0.0093 0.0095 0.0246 0.0086 0.0070 0.0100 0.3513 
 H029.6_2003  2 0.0131 0.0090 0.0090 0.0215 0.0339 0.0313 0.0313 0.0272 0.0825 0.0205 0.2159 0.0108 0.0103 0.0083 0.0095 0.0178 0.1455 0.0071 0.0224 0.2730 
      H029.7  2 0.0085 0.0053 0.0090 0.0062 0.0280 0.0120 0.0190 0.0083 0.0189 0.0040 0.0666 0.0195 0.0364 0.0077 0.0070 0.0212 0.0217 0.0174 0.0043 0.6790 
      H030.1  2 0.0103 0.0616 0.0180 0.0088 0.0324 0.0351 0.2533 0.0230 0.0293 0.3566 0.0127 0.0119 0.0043 0.0050 0.0289 0.0073 0.0490 0.0085 0.0152 0.0288 
      H030.2  2 0.0091 0.0487 0.0085 0.0100 0.0292 0.0135 0.0233 0.0088 0.0059 0.3398 0.0152 0.1067 0.0649 0.1794 0.0280 0.0082 0.0229 0.0040 0.0161 0.0580 
      H038.1  2 0.0106 0.0032 0.0078 0.0043 0.0039 0.0062 0.0064 0.0068 0.0048 0.0061 0.0086 0.0035 0.0194 0.0060 0.0059 0.0077 0.0135 0.0081 0.0060 0.8612 
      H038.2  2 0.0024 0.0045 0.0050 0.0072 0.0105 0.0062 0.0048 0.0110 0.0064 0.0075 0.0077 0.0056 0.0045 0.0085 0.0046 0.0045 0.0059 0.0033 0.0056 0.8842 
      H038.3  2 0.0076 0.0079 0.0104 0.0075 0.0110 0.0087 0.0049 0.0128 0.0061 0.0118 0.0074 0.0069 0.0320 0.0177 0.0297 0.0052 0.0277 0.0043 0.0083 0.7723 
      H038.4  2 0.0071 0.0067 0.0072 0.0126 0.0080 0.0071 0.0046 0.0098 0.0047 0.0058 0.0082 0.0068 0.0162 0.0092 0.0152 0.0036 0.0225 0.0035 0.0075 0.8336 
      H038.5  2 0.0045 0.0061 0.0213 0.0086 0.0057 0.0034 0.0111 0.0065 0.0070 0.0160 0.0119 0.0119 0.0219 0.0057 0.0085 0.0112 0.0391 0.0034 0.0187 0.7774 
      H038.6  2 0.0068 0.0067 0.0058 0.0039 0.0073 0.0057 0.0116 0.0065 0.0096 0.0113 0.0096 0.0035 0.0086 0.0083 0.0033 0.0167 0.0099 0.0040 0.0083 0.8526 
      H038.7  2 0.0039 0.0074 0.0062 0.0038 0.0068 0.0097 0.0069 0.0072 0.0068 0.0059 0.0062 0.0027 0.0089 0.0173 0.0062 0.0090 0.0205 0.0034 0.0054 0.8558 
      H038.8  2 0.0038 0.0056 0.0052 0.0090 0.0081 0.0046 0.0038 0.0105 0.0040 0.0066 0.0040 0.0065 0.0644 0.0118 0.0131 0.0041 0.0091 0.0036 0.0093 0.8127 
      H041.1  2 0.0121 0.0300 0.0052 0.0105 0.0211 0.0043 0.1251 0.0118 0.0071 0.0060 0.1950 0.0884 0.0188 0.0116 0.0202 0.0078 0.3624 0.0094 0.0051 0.0481 
      H041.2  2 0.0103 0.0586 0.0063 0.0097 0.0868 0.0104 0.2330 0.0090 0.0057 0.0072 0.4273 0.0057 0.0194 0.0312 0.0213 0.0052 0.0137 0.0058 0.0051 0.0284 
      H041.4  2 0.0241 0.0216 0.0083 0.0178 0.0170 0.0072 0.1651 0.0556 0.0084 0.0055 0.5139 0.0133 0.0138 0.0087 0.0088 0.0079 0.0199 0.0176 0.0045 0.0612 
      H041.6  2 0.0228 0.0270 0.0077 0.0136 0.0567 0.0162 0.1666 0.1409 0.0070 0.0095 0.2879 0.0156 0.0146 0.0170 0.0286 0.0068 0.0211 0.0224 0.0059 0.1121 
 H042.1_2002  2 0.0269 0.0090 0.0048 0.0211 0.0555 0.0068 0.5998 0.0138 0.0141 0.0075 0.0143 0.0081 0.0120 0.0206 0.1038 0.0141 0.0121 0.0114 0.0377 0.0067 
 H042.1_2003  2 0.0365 0.0645 0.0076 0.0157 0.0788 0.0722 0.0159 0.0438 0.0331 0.0176 0.3528 0.0106 0.0660 0.0255 0.0868 0.0106 0.0132 0.0104 0.0102 0.0281 
 H042.2_2002  2 0.0042 0.0058 0.0096 0.0261 0.0078 0.0073 0.4479 0.0140 0.0185 0.0054 0.0171 0.0070 0.0449 0.1381 0.0397 0.0680 0.0178 0.0103 0.0092 0.1014 
 H042.2_2003  2 0.0175 0.0162 0.0054 0.0144 0.5445 0.0102 0.0502 0.0157 0.0156 0.0088 0.1185 0.0043 0.0060 0.0091 0.0531 0.0070 0.0084 0.0091 0.0065 0.0796 
 H042.3_2002  2 0.0132 0.0121 0.0067 0.0208 0.0150 0.0058 0.2980 0.0098 0.0174 0.0104 0.0090 0.0065 0.0199 0.0728 0.3962 0.0134 0.0186 0.0108 0.0360 0.0077 
 H042.3_2003  2 0.0222 0.0256 0.0089 0.0186 0.0906 0.0069 0.0739 0.0176 0.0240 0.0127 0.0427 0.0355 0.0374 0.0677 0.2540 0.0638 0.1185 0.0126 0.0480 0.0191 
 H042.4_2002  2 0.0135 0.0060 0.0064 0.0173 0.1287 0.0053 0.6136 0.0466 0.0120 0.0101 0.0116 0.0077 0.0177 0.0059 0.0243 0.0098 0.0268 0.0069 0.0054 0.0244 
 H042.4_2003  2 0.0114 0.0097 0.0075 0.0155 0.1866 0.0120 0.4232 0.0764 0.0074 0.0059 0.0074 0.0203 0.0070 0.0067 0.0185 0.0118 0.0860 0.0116 0.0064 0.0686 
      H042.5  2 0.0085 0.0092 0.0049 0.0068 0.0403 0.0040 0.8406 0.0088 0.0076 0.0033 0.0059 0.0043 0.0029 0.0053 0.0088 0.0082 0.0077 0.0103 0.0081 0.0046 
      H042.6  2 0.0075 0.0040 0.0064 0.0067 0.0118 0.0121 0.7328 0.0192 0.0056 0.0052 0.0061 0.0061 0.0114 0.0117 0.0214 0.0382 0.0314 0.0348 0.0130 0.0148 
      H042.7  2 0.0180 0.0166 0.0087 0.0603 0.0411 0.0134 0.3200 0.0177 0.0067 0.0049 0.0072 0.0095 0.0053 0.0586 0.3255 0.0065 0.0319 0.0071 0.0149 0.0259 
      H042.8  2 0.0171 0.0198 0.0056 0.0327 0.0215 0.0056 0.6555 0.0100 0.0212 0.0046 0.0330 0.0043 0.0196 0.0491 0.0311 0.0154 0.0141 0.0201 0.0123 0.0077 
   H042_2002  2 0.0280 0.0295 0.0112 0.0200 0.1281 0.0210 0.0406 0.0554 0.0182 0.0087 0.0299 0.0043 0.0362 0.1813 0.0674 0.1290 0.0499 0.0482 0.0212 0.0717 
   H042_2003  2 0.0334 0.0232 0.0096 0.0185 0.1121 0.0273 0.0516 0.0359 0.0199 0.0092 0.0185 0.0056 0.0407 0.2056 0.0855 0.1141 0.0520 0.0613 0.0223 0.0537 
      H043.1  2 0.0040 0.0093 0.0088 0.0032 0.0043 0.0072 0.0045 0.0085 0.0051 0.0068 0.0059 0.0092 0.0109 0.0062 0.0051 0.0095 0.8668 0.0078 0.0080 0.0090 
      H043.2  2 0.0236 0.0075 0.0100 0.0052 0.0042 0.0111 0.0037 0.0134 0.0115 0.0054 0.0175 0.0032 0.0324 0.0045 0.0105 0.0101 0.7354 0.0420 0.0299 0.0189 
      H043.3  2 0.0074 0.0061 0.0054 0.0038 0.0081 0.0106 0.0070 0.0058 0.0057 0.0040 0.0074 0.0029 0.0064 0.0102 0.0086 0.0059 0.8463 0.0082 0.0129 0.0273 
      H043.4  2 0.0084 0.0073 0.0039 0.0037 0.0067 0.0130 0.0039 0.0107 0.0070 0.0047 0.0070 0.0040 0.0108 0.0083 0.0097 0.0072 0.8378 0.0207 0.0081 0.0172 
      H043.5  2 0.0098 0.0105 0.0100 0.0039 0.0057 0.0062 0.0046 0.0081 0.0066 0.0053 0.0230 0.0045 0.0393 0.0072 0.0130 0.0059 0.7878 0.0052 0.0261 0.0173 
      H043.6  2 0.0089 0.0035 0.0054 0.0046 0.0045 0.0056 0.0045 0.0066 0.0050 0.0043 0.0070 0.0028 0.0211 0.0065 0.0101 0.0048 0.8623 0.0052 0.0102 0.0171 
      H043.7  2 0.0118 0.0069 0.0030 0.0033 0.0041 0.0110 0.0039 0.0043 0.0041 0.0045 0.0040 0.0033 0.0082 0.0081 0.0070 0.0042 0.8699 0.0252 0.0053 0.0078 
      H043.8  2 0.0069 0.0054 0.0147 0.0038 0.0033 0.0075 0.0042 0.0044 0.0039 0.0057 0.0056 0.0064 0.0080 0.0065 0.0067 0.0107 0.8670 0.0073 0.0131 0.0087 
      H043.9  2 0.0046 0.0045 0.0075 0.0031 0.0059 0.0070 0.0053 0.0044 0.0038 0.0043 0.0037 0.0053 0.0095 0.0068 0.0045 0.0091 0.8842 0.0072 0.0054 0.0139 
      H047.1  2 0.0124 0.3018 0.0029 0.0036 0.0090 0.0055 0.0049 0.0049 0.0105 0.0053 0.0080 0.0036 0.0063 0.0387 0.0167 0.0118 0.0050 0.0057 0.0117 0.5317 
      H047.2  2 0.0149 0.1321 0.0346 0.0143 0.0157 0.0873 0.0126 0.0626 0.0608 0.0104 0.0706 0.0333 0.0049 0.0152 0.0081 0.0087 0.0233 0.0060 0.0040 0.3808 
      H047.3  2 0.0119 0.1813 0.0259 0.0301 0.0190 0.0437 0.0127 0.0612 0.0650 0.0076 0.0918 0.0380 0.0044 0.0442 0.0121 0.0093 0.0181 0.0135 0.0041 0.3062 
      H047.4  2 0.0293 0.2323 0.0166 0.0139 0.0294 0.0559 0.0351 0.0118 0.0128 0.0078 0.1067 0.0087 0.0044 0.0479 0.0169 0.0127 0.0295 0.0072 0.0052 0.3159 
      H047.5  2 0.0102 0.1759 0.0124 0.0313 0.0086 0.0173 0.0080 0.0181 0.0468 0.0099 0.0502 0.0055 0.0038 0.1204 0.0283 0.0367 0.0146 0.0266 0.0045 0.3708 
      H047.6  2 0.0205 0.5282 0.0109 0.0103 0.0148 0.0138 0.0229 0.0259 0.0138 0.0047 0.0811 0.0079 0.0055 0.0405 0.0077 0.0045 0.0096 0.0063 0.0039 0.1674 
      H047.7  2 0.0083 0.2829 0.0032 0.0062 0.0186 0.0050 0.0103 0.0057 0.0097 0.0050 0.0105 0.0054 0.0089 0.0775 0.0145 0.0082 0.0045 0.0052 0.0133 0.4970 
      H047.8  2 0.0139 0.4609 0.0085 0.0106 0.0207 0.0198 0.0159 0.0179 0.0244 0.0044 0.0988 0.0069 0.0043 0.0321 0.0133 0.0067 0.0047 0.0080 0.0088 0.2194 
      H047.9  2 0.0109 0.0964 0.0050 0.0295 0.0283 0.0092 0.0093 0.0154 0.0429 0.0085 0.0141 0.0047 0.0031 0.0975 0.0345 0.0193 0.0095 0.0339 0.0136 0.5145 
 H071.1_2002  2 0.0061 0.0034 0.0042 0.0039 0.0065 0.0068 0.0050 0.0079 0.0069 0.0063 0.0065 0.0032 0.0041 0.0057 0.0061 0.0058 0.0127 0.0088 0.0075 0.8828 
 H071.1_2003  2 0.0274 0.0110 0.0043 0.0083 0.0150 0.0485 0.0100 0.0191 0.0122 0.0492 0.0198 0.0036 0.0120 0.0071 0.0202 0.0136 0.0826 0.0716 0.0064 0.5578 
     H071.10  2 0.0043 0.0032 0.0097 0.0053 0.0043 0.0036 0.0045 0.0055 0.0030 0.0116 0.0044 0.0074 0.0058 0.0058 0.0049 0.0059 0.0091 0.0041 0.0248 0.8729 
 H071.2_2002  2 0.0140 0.0045 0.0093 0.0056 0.0045 0.0070 0.0056 0.0110 0.0102 0.0078 0.0229 0.0031 0.0065 0.0060 0.0079 0.0099 0.0105 0.0108 0.0115 0.8314 
 H071.2_2003  2 0.0053 0.0034 0.0032 0.0029 0.0049 0.0041 0.0050 0.0047 0.0052 0.0033 0.0063 0.0033 0.0033 0.0032 0.0055 0.0035 0.0044 0.0073 0.0041 0.9170 
      H071.3  2 0.0051 0.0206 0.0064 0.0064 0.0073 0.0124 0.0063 0.0055 0.0053 0.0408 0.0775 0.0099 0.0095 0.0096 0.0097 0.0090 0.0140 0.0058 0.0251 0.7139 
 H071.4_2002  2 0.0081 0.0046 0.0123 0.0108 0.0037 0.0046 0.0053 0.0102 0.0053 0.0098 0.0046 0.0048 0.0126 0.0089 0.0070 0.0081 0.0176 0.0062 0.0170 0.8385 
 H071.4_2003  2 0.0036 0.0048 0.0049 0.0041 0.0048 0.0057 0.0045 0.0039 0.0036 0.0089 0.0080 0.0036 0.0027 0.0063 0.0041 0.0087 0.0047 0.0036 0.0147 0.8948 
 H071.5_2002  2 0.0037 0.0032 0.0044 0.0035 0.0038 0.0037 0.0053 0.0033 0.0028 0.0057 0.0035 0.0047 0.0032 0.0055 0.0041 0.0037 0.0080 0.0048 0.0102 0.9128 
 H071.5_2003  2 0.0101 0.0086 0.0064 0.0079 0.0127 0.0133 0.0049 0.0093 0.0106 0.0242 0.0111 0.0031 0.0032 0.0141 0.0061 0.0243 0.0301 0.0061 0.0209 0.7732 
 H071.6_2002  2 0.0056 0.0029 0.0094 0.0042 0.0037 0.0064 0.0047 0.0055 0.0044 0.0064 0.0059 0.0035 0.0041 0.0148 0.0067 0.0095 0.0055 0.0076 0.0422 0.8469 
 H071.6_2003  2 0.0081 0.0052 0.0049 0.0042 0.0099 0.0050 0.0052 0.0061 0.0057 0.0223 0.0048 0.0029 0.0034 0.0093 0.0058 0.0101 0.0251 0.0042 0.0099 0.8478 
 H071.7_2002  2 0.0058 0.0037 0.0037 0.0032 0.0047 0.0077 0.0038 0.0032 0.0047 0.0037 0.0081 0.0032 0.0040 0.0087 0.0056 0.0052 0.0060 0.0049 0.0077 0.9025 
 H071.7_2003  2 0.0082 0.0049 0.0043 0.0056 0.0088 0.0074 0.0042 0.0065 0.0053 0.0285 0.0060 0.0044 0.0045 0.0087 0.0065 0.0100 0.0362 0.0077 0.0141 0.8183 
      H071.8  2 0.0122 0.0050 0.0131 0.0066 0.0043 0.0062 0.0059 0.0090 0.0075 0.0051 0.0636 0.0031 0.0075 0.0059 0.0079 0.0087 0.0066 0.0116 0.0062 0.8039 
      H071.9  2 0.0149 0.0081 0.0801 0.0164 0.0040 0.0055 0.0136 0.0171 0.0064 0.0141 0.0291 0.0143 0.0149 0.0134 0.0100 0.0431 0.1994 0.0189 0.0344 0.4424 
 H081.1_2002  2 0.0072 0.0029 0.0038 0.0079 0.0059 0.0113 0.0074 0.0103 0.0045 0.0048 0.0089 0.0051 0.0044 0.0064 0.0075 0.0107 0.0037 0.0129 0.0045 0.8700 
 H081.1_2003  2 0.0264 0.0077 0.0140 0.0116 0.0118 0.2320 0.0655 0.0801 0.0194 0.0495 0.1245 0.0109 0.1783 0.0222 0.0247 0.0614 0.0108 0.0106 0.0066 0.0319 
 H081.2_2002  2 0.0088 0.0055 0.0040 0.0057 0.0062 0.0152 0.0060 0.0090 0.0041 0.0033 0.0090 0.0037 0.0032 0.0045 0.0086 0.0078 0.0054 0.0498 0.0035 0.8367 
 H081.2_2003  2 0.0151 0.0060 0.0137 0.0073 0.0076 0.0157 0.0220 0.0149 0.0088 0.6155 0.0381 0.0214 0.0062 0.0057 0.0177 0.0616 0.0179 0.0594 0.0220 0.0233 
 H081.3_2002  2 0.0138 0.0113 0.0095 0.0072 0.0050 0.0085 0.0062 0.0120 0.0043 0.0088 0.0145 0.0047 0.0067 0.0044 0.0091 0.0094 0.0092 0.0261 0.0047 0.8245 
 H081.3_2003  2 0.0287 0.0102 0.0641 0.0151 0.0108 0.0087 0.0168 0.0780 0.0168 0.3916 0.0386 0.0134 0.0121 0.0105 0.0164 0.0871 0.1137 0.0362 0.0184 0.0129 
 H081.4_2002  2 0.0040 0.0044 0.0052 0.0041 0.0082 0.0084 0.0073 0.0065 0.0062 0.0137 0.0101 0.0057 0.0036 0.0059 0.0085 0.0093 0.0046 0.0057 0.0090 0.8694 
 H081.4_2003  2 0.0511 0.0047 0.0224 0.0264 0.0131 0.1038 0.1469 0.0535 0.0210 0.2841 0.0346 0.0110 0.0130 0.0102 0.0279 0.0869 0.0318 0.0275 0.0108 0.0192 
 H081.5_2002  2 0.0102 0.0096 0.0070 0.0039 0.0059 0.0095 0.0092 0.0060 0.0049 0.0112 0.0124 0.0041 0.0051 0.0064 0.0102 0.0081 0.0071 0.0065 0.0052 0.8575 
 H081.5_2003  2 0.0579 0.0151 0.0144 0.0266 0.0177 0.3621 0.0740 0.0238 0.0212 0.0485 0.0311 0.0101 0.0183 0.0233 0.1107 0.0312 0.0151 0.0605 0.0065 0.0318 
      H081.6  2 0.0070 0.0033 0.0036 0.0052 0.0061 0.0179 0.0048 0.0085 0.0060 0.0065 0.0071 0.0043 0.0045 0.0084 0.0098 0.0091 0.0036 0.0138 0.0043 0.8663 
      H081.7  2 0.0100 0.0055 0.0056 0.0066 0.0040 0.0057 0.0069 0.0092 0.0033 0.0102 0.0067 0.0054 0.0031 0.0045 0.0150 0.0101 0.0112 0.0690 0.0054 0.8028 
      H081.8  2 0.0155 0.0068 0.0222 0.0121 0.0049 0.0107 0.0127 0.0158 0.0055 0.0434 0.0209 0.0183 0.0150 0.0113 0.0211 0.0162 0.0112 0.0083 0.0124 0.7157 
      H083.1  2 0.0040 0.0057 0.0100 0.0071 0.0059 0.0252 0.0497 0.0074 0.0097 0.0090 0.0150 0.0400 0.0100 0.0174 0.0063 0.0090 0.0080 0.0082 0.0165 0.7360 
      H083.2  2 0.0105 0.0280 0.0139 0.0074 0.0048 0.0192 0.0090 0.0166 0.0081 0.0045 0.0084 0.0239 0.0086 0.0105 0.0046 0.0100 0.0282 0.0146 0.0070 0.7624 
      H083.4  2 0.0065 0.0079 0.0685 0.0094 0.0042 0.0165 0.0073 0.0090 0.0047 0.0055 0.0155 0.0681 0.0123 0.0091 0.0054 0.0082 0.0083 0.0128 0.0171 0.7038 
      H083.5  2 0.0048 0.0071 0.0143 0.0103 0.0084 0.0275 0.0363 0.0107 0.0102 0.0076 0.0586 0.0979 0.0265 0.0091 0.0051 0.0075 0.0065 0.0116 0.0092 0.6307 
      H083.6  2 0.0066 0.0039 0.0277 0.0258 0.0040 0.0252 0.0221 0.0132 0.0091 0.0150 0.0426 0.1281 0.0121 0.0078 0.0122 0.0125 0.0043 0.0146 0.0214 0.5919 
      H083.7  2 0.0070 0.0072 0.0417 0.0173 0.0060 0.0112 0.0047 0.0188 0.0055 0.0040 0.0249 0.1884 0.0101 0.0070 0.0062 0.0076 0.0061 0.0137 0.0148 0.5975 
      H083.8  2 0.0076 0.0239 0.0197 0.0084 0.0056 0.0177 0.0078 0.0221 0.0084 0.0045 0.0123 0.0227 0.0061 0.0076 0.0048 0.0077 0.0264 0.0119 0.0063 0.7684 
      H083.9  2 0.0048 0.0067 0.0093 0.0107 0.0063 0.0175 0.0348 0.0071 0.0081 0.0059 0.0363 0.1696 0.0085 0.0073 0.0060 0.0058 0.0044 0.0074 0.0067 0.6366 
      H084.1  2 0.0070 0.0141 0.0231 0.0286 0.0055 0.0065 0.0178 0.0229 0.0171 0.6810 0.0064 0.0088 0.0712 0.0143 0.0050 0.0328 0.0161 0.0078 0.0057 0.0083 
      H084.2  2 0.0062 0.0049 0.0614 0.0045 0.0055 0.0081 0.0205 0.0159 0.0115 0.6060 0.0132 0.0047 0.0710 0.0066 0.0091 0.0286 0.1041 0.0043 0.0067 0.0073 
      H084.3  2 0.0046 0.0079 0.0134 0.1591 0.0386 0.0369 0.0249 0.0311 0.0141 0.3040 0.0071 0.0175 0.2240 0.0452 0.0192 0.0166 0.0145 0.0072 0.0069 0.0071 
      H084.4  2 0.0080 0.0299 0.0186 0.0360 0.0455 0.0844 0.0250 0.0144 0.0091 0.3556 0.0435 0.0052 0.1887 0.0193 0.0365 0.0325 0.0321 0.0037 0.0048 0.0072 
      H084.5  2 0.0070 0.0324 0.0148 0.0461 0.0111 0.0370 0.0091 0.0140 0.0106 0.5043 0.0132 0.0059 0.0499 0.1796 0.0261 0.0069 0.0105 0.0102 0.0053 0.0058 
      H084.6  2 0.0045 0.0258 0.0166 0.0819 0.0093 0.0093 0.0081 0.0201 0.0058 0.6475 0.0071 0.0206 0.0520 0.0509 0.0115 0.0046 0.0064 0.0079 0.0057 0.0044 
      H084.7  2 0.0067 0.0058 0.0406 0.0084 0.0092 0.0088 0.0194 0.0076 0.0101 0.7542 0.0148 0.0058 0.0130 0.0064 0.0124 0.0317 0.0290 0.0063 0.0046 0.0051 
      H084.8  2 0.0044 0.0330 0.0171 0.1247 0.0109 0.0135 0.0095 0.0114 0.0148 0.5936 0.0084 0.0082 0.0825 0.0276 0.0102 0.0059 0.0053 0.0090 0.0048 0.0052 
 H085.1_2002  2 0.0102 0.0050 0.0087 0.0048 0.0050 0.0075 0.0151 0.0058 0.0044 0.0120 0.0070 0.0091 0.0139 0.0098 0.0086 0.0175 0.0140 0.8139 0.0059 0.0216 
 H085.1_2003  2 0.0073 0.0122 0.0269 0.0084 0.0078 0.0098 0.0424 0.0119 0.0075 0.0095 0.0833 0.0944 0.0160 0.0044 0.0398 0.0379 0.2173 0.1457 0.0211 0.1966 
 H085.2_2002  2 0.1263 0.0065 0.0148 0.0128 0.0069 0.0215 0.0299 0.1014 0.0068 0.0157 0.0160 0.1342 0.0639 0.0117 0.0758 0.0375 0.0424 0.2340 0.0189 0.0230 
 H085.2_2003  2 0.0124 0.0397 0.0269 0.0066 0.0156 0.0171 0.0650 0.0141 0.0145 0.0170 0.1295 0.0319 0.0122 0.0059 0.0314 0.0234 0.0339 0.0313 0.0232 0.4483 
 H085.3_2002  2 0.0159 0.0075 0.0048 0.0064 0.0096 0.0175 0.0150 0.0184 0.0067 0.0036 0.0075 0.0171 0.0043 0.0044 0.0568 0.0126 0.0276 0.7440 0.0089 0.0113 
 H085.3_2003  2 0.0071 0.0097 0.0067 0.0047 0.0150 0.0194 0.0124 0.0068 0.0075 0.0124 0.0255 0.0067 0.0045 0.0036 0.2574 0.0063 0.0263 0.0386 0.0267 0.5028 
 H085.4_2002  2 0.0953 0.0044 0.0139 0.0186 0.0066 0.0084 0.0266 0.0238 0.0098 0.0156 0.0258 0.0157 0.0349 0.0128 0.0587 0.0659 0.0282 0.4377 0.0217 0.0756 
 H085.4_2003  2 0.0208 0.0094 0.0057 0.0125 0.0845 0.0144 0.0667 0.0141 0.0073 0.0207 0.0174 0.0081 0.0050 0.0247 0.0457 0.0064 0.0172 0.0086 0.0060 0.6050 
 H085.5_2002  2 0.0121 0.0048 0.0040 0.0059 0.0047 0.0061 0.0062 0.0079 0.0075 0.0037 0.0089 0.0039 0.0045 0.0036 0.0432 0.0055 0.0418 0.8129 0.0056 0.0073 
 H085.5_2003  2 0.0068 0.0147 0.0100 0.0044 0.0140 0.0100 0.0357 0.0099 0.0091 0.0224 0.0350 0.0428 0.0082 0.0042 0.0335 0.0194 0.0105 0.0236 0.0182 0.6676 
 H085.6_2002  2 0.0152 0.0066 0.0118 0.0046 0.0061 0.0107 0.0236 0.0102 0.0037 0.0048 0.0095 0.0177 0.0084 0.0068 0.0125 0.0378 0.0427 0.7532 0.0079 0.0061 
 H085.6_2003  2 0.0490 0.0313 0.0073 0.0125 0.0297 0.0661 0.0293 0.0139 0.0157 0.0079 0.0289 0.0053 0.0063 0.0047 0.3289 0.0097 0.2272 0.0404 0.0088 0.0772 
 H085.7_2002  2 0.0403 0.0262 0.0100 0.0066 0.0196 0.0860 0.0862 0.0444 0.0088 0.0148 0.0315 0.0495 0.0118 0.0062 0.0572 0.0133 0.0176 0.4183 0.0126 0.0391 
 H085.7_2003  2 0.0106 0.0119 0.0085 0.0069 0.0095 0.0083 0.0103 0.0080 0.0109 0.0061 0.1171 0.0100 0.0124 0.0053 0.0820 0.0135 0.1756 0.0203 0.0258 0.4469 
 H085.8_2002  2 0.1087 0.0066 0.0060 0.0089 0.0096 0.0918 0.0194 0.0475 0.0071 0.0099 0.0141 0.0188 0.0119 0.0047 0.3711 0.0217 0.0491 0.1624 0.0189 0.0119 
 H085.8_2003  2 0.0218 0.0151 0.0124 0.0164 0.0527 0.0158 0.2704 0.0315 0.0115 0.0198 0.0297 0.1065 0.0185 0.0146 0.0664 0.0271 0.0592 0.0471 0.0143 0.1492 
      H085.9  2 0.0158 0.0061 0.0088 0.0090 0.0117 0.0161 0.0275 0.0090 0.0076 0.0128 0.0182 0.0124 0.0291 0.0113 0.0314 0.0099 0.0246 0.6865 0.0129 0.0393 
      H088.1  2 0.0155 0.0044 0.0178 0.0572 0.0081 0.0075 0.6740 0.0342 0.0270 0.0094 0.0353 0.0126 0.0078 0.0052 0.0047 0.0268 0.0064 0.0209 0.0176 0.0076 
      H088.2  2 0.0134 0.0060 0.0138 0.0234 0.0092 0.0159 0.7785 0.0240 0.0073 0.0072 0.0100 0.0108 0.0074 0.0106 0.0083 0.0141 0.0079 0.0195 0.0076 0.0052 
      H088.3  2 0.0117 0.0069 0.0110 0.0080 0.0076 0.0155 0.8374 0.0174 0.0092 0.0057 0.0093 0.0060 0.0054 0.0077 0.0054 0.0107 0.0065 0.0090 0.0058 0.0036 
      H088.4  2 0.0057 0.0040 0.0075 0.0049 0.0219 0.0075 0.8452 0.0071 0.0093 0.0127 0.0172 0.0028 0.0054 0.0065 0.0039 0.0092 0.0102 0.0047 0.0063 0.0080 
      H088.5  2 0.0070 0.0049 0.0062 0.0059 0.0068 0.0043 0.8912 0.0065 0.0065 0.0069 0.0100 0.0047 0.0045 0.0035 0.0030 0.0074 0.0047 0.0046 0.0068 0.0047 
      H088.6  2 0.0063 0.0079 0.0089 0.0096 0.0074 0.0055 0.8394 0.0102 0.0101 0.0106 0.0243 0.0051 0.0057 0.0047 0.0041 0.0090 0.0048 0.0058 0.0119 0.0087 
      H088.7  2 0.0048 0.0108 0.0084 0.0072 0.0077 0.0089 0.8547 0.0047 0.0060 0.0056 0.0193 0.0051 0.0054 0.0097 0.0046 0.0093 0.0079 0.0059 0.0048 0.0092 
      H088.8  2 0.0057 0.0090 0.0110 0.0107 0.0206 0.0073 0.6758 0.0154 0.0124 0.0119 0.1388 0.0073 0.0061 0.0063 0.0041 0.0130 0.0047 0.0073 0.0136 0.0191 
      H091.1  2 0.0069 0.0087 0.0069 0.0067 0.0372 0.0046 0.5828 0.0063 0.0096 0.0063 0.0293 0.0154 0.0090 0.0076 0.0525 0.0080 0.1505 0.0087 0.0289 0.0141 
      H091.2  2 0.0079 0.0121 0.0159 0.0084 0.0130 0.0042 0.5780 0.0055 0.0121 0.0043 0.0876 0.0280 0.0041 0.0111 0.0620 0.0139 0.0556 0.0050 0.0563 0.0150 
      H109.1  2 0.0080 0.0971 0.1686 0.0128 0.0079 0.0082 0.0084 0.0145 0.0128 0.0258 0.0131 0.0794 0.0267 0.0523 0.0228 0.3067 0.0748 0.0246 0.0213 0.0143 
      H109.2  2 0.0228 0.0570 0.0279 0.0142 0.0331 0.0118 0.0084 0.0137 0.0049 0.2598 0.0099 0.0135 0.0157 0.0266 0.0334 0.3295 0.0606 0.0059 0.0126 0.0387 
      H109.3  2 0.0070 0.2020 0.0079 0.0139 0.0349 0.0153 0.0123 0.0068 0.0149 0.0423 0.0149 0.0093 0.0065 0.0120 0.0131 0.0274 0.5139 0.0037 0.0311 0.0109 
      H109.4  2 0.0123 0.0476 0.0459 0.0157 0.0452 0.0076 0.0088 0.0154 0.0084 0.0785 0.0200 0.0168 0.0321 0.0119 0.0176 0.2276 0.2332 0.0060 0.1401 0.0092 
      H109.5  2 0.0091 0.0478 0.0068 0.0237 0.0479 0.0132 0.0592 0.0107 0.0108 0.0822 0.0369 0.0048 0.0038 0.0148 0.0237 0.0920 0.4025 0.0062 0.0126 0.0914 
      H109.6  2 0.0241 0.0492 0.0527 0.0483 0.0186 0.0176 0.0106 0.0459 0.0134 0.1688 0.0468 0.0118 0.0200 0.0429 0.0216 0.2190 0.1308 0.0076 0.0163 0.0339 
      H126.1  2 0.1033 0.0072 0.0225 0.0108 0.0411 0.0105 0.0147 0.0325 0.0365 0.0079 0.0436 0.0070 0.0068 0.1091 0.0224 0.3788 0.0151 0.0958 0.0283 0.0062 
      H126.2  2 0.0549 0.0345 0.0064 0.0058 0.0190 0.0203 0.0104 0.0115 0.0134 0.0098 0.2363 0.0091 0.0300 0.0186 0.0116 0.2286 0.0088 0.0527 0.1702 0.0480 
      H126.3  2 0.0106 0.0049 0.0173 0.0074 0.0075 0.0048 0.0268 0.0084 0.0058 0.0036 0.5161 0.0158 0.0065 0.2464 0.0095 0.0511 0.0079 0.0146 0.0091 0.0257 
      H126.4  2 0.2888 0.0230 0.0102 0.0147 0.0151 0.0124 0.0210 0.0546 0.0268 0.0145 0.0304 0.0214 0.0134 0.0377 0.0086 0.2135 0.0126 0.0230 0.1102 0.0481 
      H126.5  2 0.0803 0.0054 0.0048 0.0050 0.0202 0.0401 0.0078 0.0098 0.0265 0.0045 0.0690 0.0059 0.0049 0.0608 0.0137 0.4025 0.0090 0.0223 0.1312 0.0764 
      H126.6  2 0.0176 0.0065 0.0054 0.0037 0.0067 0.0269 0.0103 0.0084 0.0087 0.0048 0.2647 0.0058 0.0049 0.1600 0.0049 0.1656 0.0095 0.1136 0.0094 0.1629 
      H126.7  2 0.0055 0.0064 0.0063 0.0047 0.0103 0.0164 0.0407 0.0112 0.0075 0.0069 0.0295 0.0072 0.0030 0.0155 0.0079 0.0807 0.0089 0.0219 0.0265 0.6829 
      H130.1  2 0.5225 0.0166 0.0202 0.0130 0.0409 0.0324 0.0434 0.0365 0.0264 0.0116 0.0108 0.0143 0.0066 0.0047 0.0121 0.0863 0.0316 0.0107 0.0526 0.0066 
      H130.2  2 0.1476 0.0617 0.0762 0.0133 0.0171 0.0417 0.0474 0.0594 0.0221 0.3007 0.0161 0.0385 0.0085 0.0052 0.0135 0.0231 0.0335 0.0131 0.0272 0.0342 
      H130.3  2 0.0268 0.0070 0.0364 0.0083 0.0161 0.0569 0.0347 0.2901 0.3320 0.0661 0.0057 0.0050 0.0046 0.0060 0.0053 0.0440 0.0164 0.0064 0.0099 0.0224 
      H130.4  2 0.5376 0.0110 0.0741 0.0163 0.0148 0.0138 0.0211 0.0456 0.0527 0.0221 0.0078 0.0236 0.0197 0.0062 0.0068 0.0250 0.0335 0.0181 0.0443 0.0060 
      H130.5  2 0.3051 0.0087 0.0150 0.0203 0.0252 0.0731 0.0959 0.0921 0.0089 0.1290 0.0063 0.0220 0.0063 0.0059 0.0139 0.0608 0.0297 0.0262 0.0187 0.0369 
      H133.1  2 0.0145 0.0089 0.0082 0.0044 0.0072 0.0051 0.0088 0.0061 0.0094 0.0078 0.0073 0.0052 0.0116 0.0047 0.0051 0.0129 0.8562 0.0057 0.0036 0.0074 
      H133.2  2 0.0130 0.0079 0.0092 0.0047 0.0089 0.0076 0.0157 0.0092 0.0082 0.0184 0.0108 0.0038 0.0033 0.0060 0.0059 0.0248 0.8232 0.0111 0.0042 0.0042 
      H133.3  2 0.0070 0.0056 0.0059 0.0075 0.0075 0.0043 0.0236 0.0090 0.0067 0.0077 0.0110 0.0108 0.0222 0.0066 0.0063 0.0131 0.8170 0.0156 0.0036 0.0088 
      H133.4  2 0.0071 0.0178 0.0128 0.0058 0.0061 0.0077 0.0063 0.0059 0.0112 0.0061 0.0050 0.0065 0.0089 0.0054 0.0046 0.0071 0.8589 0.0060 0.0045 0.0063 
      H133.5  2 0.0093 0.0046 0.0114 0.0042 0.0034 0.0114 0.0143 0.0056 0.0138 0.0091 0.0083 0.0057 0.0078 0.0049 0.0086 0.0281 0.8236 0.0159 0.0058 0.0044 
      H133.6  2 0.0164 0.0089 0.0665 0.0101 0.0158 0.0155 0.0647 0.0341 0.0110 0.0204 0.0102 0.0115 0.0068 0.0126 0.0097 0.0475 0.6003 0.0237 0.0077 0.0064 
      H133.7  2 0.0087 0.0293 0.0068 0.0120 0.0083 0.0037 0.0088 0.0072 0.0086 0.0052 0.0063 0.0067 0.0183 0.0069 0.0079 0.0051 0.8231 0.0141 0.0042 0.0087 
      H133.8  2 0.0097 0.0098 0.0056 0.0049 0.0043 0.0054 0.0063 0.0052 0.0182 0.0060 0.0077 0.0079 0.0100 0.0059 0.0355 0.0160 0.7915 0.0408 0.0053 0.0042 
      H133.9  2 0.0134 0.0079 0.0093 0.0047 0.0081 0.0081 0.0077 0.0101 0.0121 0.0071 0.0056 0.0060 0.0155 0.0046 0.0057 0.0089 0.8513 0.0038 0.0047 0.0055 
      H147.1  2 0.0164 0.0401 0.0042 0.0226 0.0606 0.1612 0.0253 0.0083 0.0044 0.1199 0.0762 0.0167 0.0199 0.0222 0.1060 0.0197 0.0111 0.0597 0.0034 0.2021 
      H147.2  2 0.0108 0.0065 0.0042 0.0059 0.0091 0.1006 0.0118 0.0075 0.0049 0.0234 0.0122 0.0054 0.0063 0.0120 0.0276 0.0051 0.0074 0.0139 0.0032 0.7219 
      H147.3  2 0.0107 0.0057 0.0030 0.0100 0.0098 0.0869 0.0049 0.0075 0.0047 0.0379 0.0195 0.0069 0.0056 0.0080 0.0097 0.0132 0.0075 0.0192 0.0038 0.7254 
      H147.4  2 0.0051 0.0110 0.0033 0.0053 0.0080 0.0322 0.0071 0.0052 0.0041 0.0919 0.1071 0.0148 0.0361 0.0079 0.0150 0.0067 0.0071 0.0221 0.0039 0.6059 
      H147.5  2 0.0066 0.0138 0.0045 0.0093 0.0396 0.1104 0.1083 0.0376 0.0084 0.1954 0.0212 0.0194 0.0071 0.0080 0.0154 0.0169 0.0074 0.0183 0.0069 0.3452 
      H147.6  2 0.0058 0.0164 0.0058 0.0054 0.0452 0.0759 0.1202 0.0156 0.0076 0.2964 0.0192 0.0258 0.0087 0.0139 0.0110 0.0225 0.0100 0.0125 0.0099 0.2723 
      H147.7  2 0.0056 0.0166 0.0033 0.0082 0.0321 0.0399 0.0063 0.0101 0.0078 0.1129 0.1746 0.0147 0.0223 0.0121 0.0188 0.0075 0.0080 0.0085 0.0040 0.4868 
      H147.8  2 0.0037 0.0175 0.0056 0.0059 0.0096 0.0173 0.0650 0.0049 0.0036 0.2152 0.1020 0.0200 0.0352 0.0132 0.0158 0.0129 0.0092 0.0138 0.0071 0.4226 
      H147.9  2 0.0076 0.0099 0.0039 0.0058 0.0124 0.0691 0.0070 0.0079 0.0044 0.0354 0.0192 0.0059 0.0055 0.0089 0.0182 0.0084 0.0077 0.0182 0.0044 0.7401 
      H148.1  2 0.3835 0.0142 0.0415 0.0462 0.0116 0.0495 0.0135 0.1952 0.0069 0.0439 0.0202 0.0216 0.0302 0.0248 0.0421 0.0260 0.0061 0.0061 0.0104 0.0063 
      H148.2  2 0.1991 0.0096 0.0429 0.2512 0.0064 0.0214 0.0088 0.2191 0.0078 0.0192 0.0162 0.0127 0.0392 0.0518 0.0222 0.0313 0.0072 0.0153 0.0065 0.0120 
      H148.3  2 0.0235 0.0129 0.0225 0.3934 0.0201 0.0104 0.0106 0.0483 0.0096 0.0097 0.0211 0.0085 0.0453 0.0124 0.3148 0.0072 0.0057 0.0087 0.0074 0.0080 
      H148.4  2 0.3045 0.0089 0.0479 0.0884 0.0215 0.0987 0.0087 0.2405 0.0082 0.0118 0.0324 0.0086 0.0250 0.0162 0.0258 0.0132 0.0097 0.0099 0.0069 0.0135 
      H148.5  2 0.0158 0.0060 0.0217 0.5531 0.0109 0.0174 0.0159 0.2027 0.0112 0.0224 0.0189 0.0082 0.0259 0.0171 0.0186 0.0090 0.0046 0.0057 0.0080 0.0069 
      H148.6  2 0.1029 0.0129 0.0367 0.2694 0.0297 0.0331 0.0110 0.2373 0.0057 0.0144 0.0159 0.0283 0.1002 0.0186 0.0384 0.0120 0.0053 0.0126 0.0049 0.0107 
      H148.7  2 0.0696 0.0272 0.0856 0.3009 0.0145 0.0365 0.0239 0.2326 0.0175 0.0193 0.0201 0.0144 0.0286 0.0279 0.0227 0.0173 0.0089 0.0076 0.0196 0.0054 
      H148.8  2 0.1824 0.0046 0.0097 0.3834 0.0165 0.0159 0.0223 0.2598 0.0056 0.0063 0.0053 0.0048 0.0230 0.0085 0.0225 0.0068 0.0043 0.0089 0.0043 0.0050 
      H148.9  2 0.1122 0.0513 0.1007 0.1311 0.0089 0.0122 0.0083 0.1704 0.0181 0.0104 0.0157 0.0185 0.0878 0.0760 0.0592 0.0340 0.0067 0.0551 0.0170 0.0064 
   H166022.1  2 0.0068 0.0105 0.0043 0.0147 0.0266 0.0348 0.6727 0.0131 0.0041 0.0499 0.0255 0.0612 0.0105 0.0077 0.0105 0.0143 0.0044 0.0149 0.0036 0.0098 
   H166022.2  2 0.0089 0.0370 0.0151 0.0143 0.0322 0.1873 0.3891 0.0153 0.0104 0.1034 0.0338 0.0439 0.0161 0.0118 0.0109 0.0111 0.0060 0.0098 0.0096 0.0342 
   H166022.3  2 0.0095 0.0079 0.0198 0.0121 0.0470 0.0254 0.6074 0.0372 0.0075 0.0153 0.0106 0.1443 0.0052 0.0055 0.0049 0.0140 0.0044 0.0057 0.0127 0.0037 
   H166022.4  2 0.0039 0.0052 0.0106 0.0043 0.0060 0.0344 0.8385 0.0099 0.0061 0.0117 0.0104 0.0095 0.0055 0.0049 0.0063 0.0058 0.0057 0.0038 0.0129 0.0047 
   H166022.5  2 0.0046 0.0087 0.0112 0.0056 0.0147 0.0495 0.7202 0.0084 0.0083 0.0852 0.0096 0.0192 0.0048 0.0063 0.0084 0.0121 0.0047 0.0037 0.0081 0.0067 
   H166022.6  2 0.0300 0.0361 0.0080 0.0078 0.0337 0.0448 0.6229 0.0336 0.0070 0.0291 0.0180 0.0320 0.0288 0.0050 0.0100 0.0166 0.0121 0.0087 0.0100 0.0060 
   H166022.7  2 0.0087 0.0168 0.7973 0.0042 0.0050 0.0046 0.0066 0.0047 0.0066 0.0200 0.0430 0.0040 0.0086 0.0059 0.0056 0.0139 0.0058 0.0048 0.0255 0.0083 
   H166022.8  2 0.0564 0.0096 0.0086 0.0108 0.0295 0.3937 0.1353 0.0112 0.0182 0.1484 0.0235 0.0436 0.0053 0.0074 0.0189 0.0277 0.0162 0.0210 0.0053 0.0095 
   H167397.1  2 0.0168 0.0133 0.0062 0.0153 0.1760 0.0392 0.0652 0.0082 0.0060 0.0317 0.0319 0.0060 0.4580 0.0215 0.0218 0.0074 0.0186 0.0052 0.0090 0.0428 
   H167397.2  2 0.1214 0.0128 0.0100 0.0112 0.0102 0.1096 0.0161 0.0060 0.0087 0.0147 0.0242 0.0298 0.4531 0.0077 0.0568 0.0267 0.0109 0.0420 0.0099 0.0180 
   H167397.3  2 0.0261 0.0185 0.0049 0.0080 0.0876 0.0252 0.0256 0.0063 0.0101 0.0173 0.0429 0.0104 0.5854 0.0353 0.0090 0.0155 0.0105 0.0035 0.0065 0.0513 
   H167397.4  2 0.0097 0.0572 0.0127 0.0169 0.0055 0.0171 0.0209 0.0087 0.0084 0.0156 0.0213 0.0168 0.6444 0.0078 0.0517 0.0158 0.0060 0.0359 0.0079 0.0197 
   H167397.5  2 0.0297 0.0160 0.0185 0.0119 0.0337 0.0814 0.0226 0.0132 0.0073 0.0306 0.0093 0.0098 0.5872 0.0068 0.0467 0.0158 0.0144 0.0054 0.0140 0.0256 
   H167397.6  2 0.0171 0.0163 0.0123 0.0141 0.0255 0.0077 0.0288 0.0069 0.0163 0.0074 0.0372 0.0076 0.6114 0.0908 0.0104 0.0233 0.0160 0.0082 0.0114 0.0312 
   H167496.1  2 0.0087 0.0144 0.0165 0.0810 0.1946 0.0189 0.3411 0.0889 0.0163 0.0141 0.0117 0.0174 0.0084 0.0221 0.0307 0.0280 0.0330 0.0038 0.0374 0.0130 
   H167496.2  2 0.0213 0.0187 0.0592 0.1216 0.0418 0.0762 0.0826 0.0768 0.0148 0.0243 0.0378 0.0072 0.0132 0.0790 0.0378 0.0439 0.1131 0.0128 0.0326 0.0855 
   H167496.3  2 0.0222 0.0123 0.0089 0.0324 0.1001 0.0588 0.2320 0.2067 0.0197 0.0077 0.0190 0.0458 0.0064 0.0084 0.0464 0.0208 0.0248 0.0796 0.0194 0.0287 
   H167496.4  2 0.0039 0.0051 0.0050 0.0039 0.0045 0.0062 0.8970 0.0050 0.0043 0.0069 0.0069 0.0052 0.0042 0.0054 0.0042 0.0074 0.0046 0.0066 0.0059 0.0079 
   H167496.6  2 0.0055 0.0074 0.0082 0.0041 0.0086 0.1259 0.7327 0.0050 0.0079 0.0105 0.0116 0.0039 0.0051 0.0089 0.0088 0.0101 0.0062 0.0070 0.0094 0.0133 
   H167496.7  2 0.0213 0.0245 0.0067 0.0201 0.5091 0.0183 0.0227 0.1605 0.0093 0.0105 0.0088 0.0167 0.0049 0.0274 0.0605 0.0244 0.0166 0.0051 0.0242 0.0084 
   H167496.8  2 0.0063 0.0158 0.0075 0.0060 0.0104 0.0612 0.7546 0.0055 0.0057 0.0149 0.0084 0.0084 0.0064 0.0233 0.0189 0.0105 0.0068 0.0059 0.0060 0.0174 
   H167513.1  2 0.0080 0.8468 0.0098 0.0045 0.0048 0.0168 0.0080 0.0061 0.0060 0.0088 0.0099 0.0077 0.0059 0.0126 0.0051 0.0086 0.0074 0.0071 0.0093 0.0070 
   H167513.2  2 0.0080 0.8444 0.0052 0.0111 0.0191 0.0062 0.0118 0.0079 0.0058 0.0066 0.0064 0.0046 0.0111 0.0131 0.0062 0.0056 0.0099 0.0066 0.0053 0.0051 
   H167513.3  2 0.0045 0.8439 0.0115 0.0036 0.0045 0.0106 0.0057 0.0047 0.0128 0.0202 0.0089 0.0058 0.0062 0.0096 0.0063 0.0134 0.0048 0.0047 0.0095 0.0087 
   H167513.4  2 0.0107 0.6442 0.0751 0.0145 0.0100 0.0315 0.0217 0.0114 0.0081 0.0150 0.0096 0.0573 0.0107 0.0224 0.0082 0.0121 0.0164 0.0065 0.0051 0.0094 
   H167513.5  2 0.0063 0.8825 0.0049 0.0054 0.0086 0.0049 0.0114 0.0063 0.0036 0.0050 0.0055 0.0063 0.0093 0.0060 0.0055 0.0048 0.0098 0.0060 0.0035 0.0043 
   H167513.6  2 0.0072 0.7823 0.0132 0.0066 0.0140 0.0156 0.0194 0.0063 0.0066 0.0217 0.0112 0.0172 0.0073 0.0195 0.0072 0.0098 0.0078 0.0109 0.0072 0.0088 
   H167513.7  2 0.0048 0.8147 0.0133 0.0038 0.0037 0.0063 0.0108 0.0044 0.0066 0.0097 0.0061 0.0272 0.0157 0.0119 0.0096 0.0093 0.0133 0.0096 0.0076 0.0116 
   H167513.8  2 0.0044 0.8588 0.0102 0.0033 0.0035 0.0103 0.0040 0.0049 0.0079 0.0153 0.0108 0.0052 0.0107 0.0111 0.0040 0.0080 0.0099 0.0038 0.0077 0.0063 
   H167547.1  2 0.0212 0.0075 0.0083 0.0281 0.7472 0.0055 0.0060 0.0908 0.0095 0.0056 0.0060 0.0072 0.0114 0.0053 0.0059 0.0077 0.0065 0.0057 0.0105 0.0041 
   H167547.2  2 0.0093 0.0149 0.0038 0.0187 0.7893 0.0047 0.0252 0.0351 0.0053 0.0052 0.0061 0.0115 0.0121 0.0088 0.0190 0.0062 0.0054 0.0068 0.0076 0.0049 
   H167547.3  2 0.0075 0.0202 0.0040 0.0140 0.7887 0.0043 0.0258 0.0298 0.0049 0.0059 0.0063 0.0167 0.0132 0.0103 0.0155 0.0058 0.0049 0.0067 0.0085 0.0070 
   H167547.4  2 0.0315 0.0070 0.0060 0.0089 0.5717 0.0081 0.0759 0.0746 0.0104 0.0064 0.0116 0.0660 0.0156 0.0048 0.0102 0.0284 0.0073 0.0111 0.0399 0.0046 
   H167547.5  2 0.0135 0.0091 0.0047 0.3016 0.2644 0.0065 0.2155 0.0133 0.0062 0.0135 0.0136 0.0125 0.0106 0.0136 0.0512 0.0065 0.0065 0.0066 0.0216 0.0090 
   H167547.6  2 0.0136 0.0071 0.0048 0.3244 0.2687 0.0055 0.2026 0.0132 0.0070 0.0191 0.0157 0.0110 0.0113 0.0142 0.0245 0.0064 0.0072 0.0069 0.0284 0.0084 
   H167547.7  2 0.0660 0.0783 0.0484 0.1052 0.1526 0.0202 0.0131 0.1052 0.0253 0.0192 0.0163 0.0251 0.0195 0.0178 0.0339 0.0507 0.0887 0.0619 0.0341 0.0186 
   H169750.1  2 0.0254 0.0166 0.0100 0.0085 0.0622 0.0076 0.0422 0.0172 0.0101 0.0085 0.0120 0.0286 0.0079 0.0095 0.0093 0.0337 0.6466 0.0102 0.0276 0.0065 
   H169750.2  2 0.0466 0.0620 0.0191 0.0107 0.0144 0.0274 0.0179 0.0193 0.0226 0.0682 0.0713 0.0066 0.0249 0.0127 0.0812 0.0110 0.4359 0.0107 0.0084 0.0291 
   H169750.3  2 0.0113 0.0065 0.0108 0.0074 0.0375 0.0034 0.0124 0.0075 0.0124 0.0278 0.0264 0.0057 0.0031 0.0042 0.0105 0.0139 0.7625 0.0141 0.0153 0.0073 
   H169750.4  2 0.0715 0.0102 0.0139 0.0138 0.0188 0.0724 0.0622 0.0150 0.0630 0.0073 0.0301 0.0044 0.0431 0.0212 0.0111 0.0181 0.4909 0.0142 0.0111 0.0076 
   H169750.5  2 0.0153 0.0181 0.0135 0.0043 0.0106 0.0057 0.0364 0.0114 0.0077 0.0083 0.0077 0.0362 0.0044 0.0044 0.0069 0.0327 0.7425 0.0090 0.0093 0.0157 
   H169750.6  2 0.0171 0.0204 0.0241 0.0049 0.0103 0.0100 0.0366 0.0153 0.0093 0.0277 0.0073 0.0132 0.0072 0.0048 0.0101 0.0182 0.6636 0.0132 0.0187 0.0681 
   H169750.7  2 0.0158 0.0359 0.0139 0.0075 0.0398 0.0219 0.0162 0.0079 0.0303 0.0148 0.0825 0.0070 0.0115 0.0118 0.0476 0.0202 0.5358 0.0251 0.0432 0.0113 
   H171929.1  2 0.0290 0.5615 0.0078 0.0378 0.0091 0.0050 0.0175 0.0085 0.0108 0.0038 0.0719 0.0117 0.0897 0.0078 0.0070 0.0152 0.0134 0.0714 0.0096 0.0116 
  H171929.10  2 0.0193 0.2835 0.0105 0.0580 0.0152 0.0074 0.0454 0.0137 0.0145 0.0402 0.1193 0.0261 0.0436 0.0152 0.0278 0.0220 0.1065 0.1082 0.0072 0.0164 
  H171929.11  2 0.0118 0.7217 0.0068 0.0149 0.0101 0.0050 0.0114 0.0167 0.0187 0.0079 0.0325 0.0052 0.0425 0.0070 0.0068 0.0126 0.0246 0.0269 0.0099 0.0069 
   H171929.2  2 0.0118 0.7609 0.0158 0.0461 0.0094 0.0045 0.0110 0.0217 0.0166 0.0080 0.0064 0.0069 0.0056 0.0047 0.0056 0.0069 0.0345 0.0118 0.0044 0.0073 
   H171929.3  2 0.0086 0.8001 0.0098 0.0133 0.0165 0.0045 0.0122 0.0113 0.0085 0.0096 0.0152 0.0107 0.0135 0.0049 0.0095 0.0089 0.0151 0.0074 0.0058 0.0148 
   H171929.4  2 0.0308 0.5850 0.0172 0.0232 0.0403 0.0091 0.0233 0.0202 0.0183 0.0100 0.0254 0.0225 0.0046 0.0034 0.0190 0.0359 0.0245 0.0542 0.0090 0.0241 
   H171929.5  2 0.0094 0.7504 0.0179 0.0141 0.0085 0.0078 0.0064 0.0127 0.0103 0.0098 0.0355 0.0058 0.0119 0.0094 0.0073 0.0278 0.0251 0.0100 0.0135 0.0065 
   H171929.6  2 0.0093 0.8135 0.0125 0.0078 0.0070 0.0063 0.0058 0.0131 0.0094 0.0090 0.0179 0.0049 0.0146 0.0086 0.0043 0.0138 0.0162 0.0082 0.0118 0.0058 
   H171929.7  2 0.0206 0.7476 0.0061 0.0121 0.0068 0.0085 0.0085 0.0090 0.0110 0.0040 0.0134 0.0104 0.0052 0.0042 0.0081 0.0166 0.0070 0.0735 0.0098 0.0176 
   H171929.8  2 0.0598 0.5975 0.0072 0.0362 0.0101 0.0058 0.0166 0.0150 0.0132 0.0068 0.0160 0.0101 0.0069 0.0050 0.0074 0.0159 0.0219 0.1301 0.0077 0.0108 
   H171929.9  2 0.0347 0.4935 0.0226 0.0073 0.0074 0.0104 0.0157 0.0141 0.0086 0.0170 0.0478 0.0163 0.0041 0.0059 0.0123 0.0683 0.0311 0.1523 0.0066 0.0242 
   H171930.1  2 0.0130 0.2707 0.0108 0.0178 0.0075 0.0083 0.0219 0.0048 0.0371 0.5030 0.0089 0.0032 0.0173 0.0079 0.0127 0.0238 0.0075 0.0028 0.0158 0.0054 
   H171930.2  2 0.0146 0.0176 0.0141 0.0172 0.0393 0.0133 0.0459 0.0093 0.0172 0.6581 0.0096 0.0075 0.0055 0.0098 0.0286 0.0141 0.0161 0.0098 0.0403 0.0121 
   H171930.3  2 0.0067 0.0281 0.0118 0.0107 0.0125 0.0065 0.0240 0.0051 0.0174 0.7333 0.0064 0.0069 0.0160 0.0080 0.0297 0.0249 0.0066 0.0060 0.0326 0.0070 
   H171930.4  2 0.0048 0.0071 0.0105 0.0061 0.0136 0.0087 0.0294 0.0040 0.0110 0.7816 0.0063 0.0075 0.0079 0.0062 0.0458 0.0108 0.0063 0.0032 0.0253 0.0039 
   H171930.5  2 0.0368 0.1026 0.0095 0.0167 0.0177 0.0074 0.0268 0.0123 0.0180 0.4348 0.0057 0.0079 0.0173 0.0065 0.0239 0.0301 0.0275 0.0088 0.1656 0.0242 
   H171930.6  2 0.0044 0.0067 0.0038 0.0091 0.0076 0.0058 0.0091 0.0040 0.0150 0.8212 0.0054 0.0043 0.0048 0.0088 0.0097 0.0273 0.0136 0.0038 0.0252 0.0103 
   H171930.7  2 0.0054 0.0558 0.0171 0.0058 0.0098 0.0094 0.0084 0.0040 0.0072 0.7690 0.0130 0.0047 0.0145 0.0087 0.0169 0.0199 0.0073 0.0088 0.0089 0.0055 
   H171930.8  2 0.0077 0.0555 0.0152 0.0065 0.0127 0.0098 0.0115 0.0050 0.0078 0.7947 0.0132 0.0041 0.0075 0.0076 0.0083 0.0127 0.0072 0.0040 0.0036 0.0053 
   H171933.1  2 0.0120 0.0080 0.0159 0.0207 0.0139 0.0042 0.0205 0.0134 0.0069 0.0145 0.0260 0.6417 0.0602 0.0048 0.0777 0.0155 0.0154 0.0114 0.0108 0.0065 
   H171933.2  2 0.0102 0.0074 0.0493 0.0235 0.0354 0.0137 0.0572 0.0098 0.0044 0.0263 0.0941 0.3664 0.0728 0.0172 0.0995 0.0210 0.0154 0.0591 0.0064 0.0107 
   H171933.3  2 0.0127 0.0068 0.0144 0.0833 0.0837 0.0055 0.0538 0.0196 0.0086 0.0307 0.0109 0.3906 0.0142 0.0136 0.1025 0.0270 0.0152 0.0845 0.0162 0.0062 
   H171933.4  2 0.0094 0.0247 0.0197 0.0313 0.0867 0.0392 0.0293 0.0348 0.0363 0.0806 0.0125 0.4690 0.0065 0.0083 0.0285 0.0165 0.0090 0.0391 0.0096 0.0088 
   H171933.5  2 0.0214 0.0831 0.0433 0.0904 0.2706 0.0369 0.0298 0.0331 0.0651 0.0534 0.0081 0.1213 0.0135 0.0244 0.0211 0.0343 0.0150 0.0129 0.0152 0.0069 
   H171933.6  2 0.0067 0.0053 0.0358 0.0082 0.0484 0.0147 0.3021 0.0050 0.0077 0.0097 0.0134 0.4598 0.0046 0.0066 0.0226 0.0141 0.0070 0.0102 0.0086 0.0094 
   H171933.7  2 0.0057 0.0065 0.0044 0.0145 0.0100 0.0388 0.0075 0.0174 0.0094 0.0515 0.0060 0.3809 0.0107 0.0124 0.3410 0.0134 0.0071 0.0368 0.0182 0.0080 
