      H008.1  2 0.8780 0.0742 0.0478 
      H008.2  2 0.2957 0.6321 0.0722 
      H008.3  2 0.5375 0.2308 0.2317 
      H008.4  2 0.5512 0.3977 0.0511 
      H008.5  2 0.9021 0.0664 0.0315 
      H008.6  2 0.1930 0.6756 0.1314 
      H008.7  2 0.5218 0.4045 0.0737 
      H008.8  2 0.1922 0.7186 0.0893 
      H008.9  2 0.0676 0.6935 0.2389 
 H029.1_2002  2 0.9202 0.0568 0.0230 
 H029.1_2003  2 0.6197 0.3369 0.0435 
 H029.2_2002  2 0.9368 0.0399 0.0233 
 H029.2_2003  2 0.7206 0.2465 0.0329 
 H029.3_2002  2 0.7233 0.2532 0.0235 
 H029.3_2003  2 0.9170 0.0602 0.0228 
 H029.4_2002  2 0.8559 0.1269 0.0172 
 H029.4_2003  2 0.4479 0.5031 0.0489 
 H029.5_2002  2 0.9601 0.0252 0.0147 
 H029.5_2003  2 0.6675 0.3079 0.0246 
 H029.6_2002  2 0.9111 0.0782 0.0108 
 H029.6_2003  2 0.6715 0.1876 0.1409 
      H029.7  2 0.9266 0.0542 0.0192 
      H030.1  2 0.9271 0.0247 0.0482 
      H030.2  2 0.7995 0.1627 0.0378 
      H038.1  2 0.8511 0.1331 0.0158 
      H038.2  2 0.9469 0.0313 0.0218 
      H038.3  2 0.5937 0.3761 0.0302 
      H038.4  2 0.4188 0.5541 0.0271 
      H038.5  2 0.5298 0.4539 0.0163 
      H038.6  2 0.9572 0.0313 0.0115 
      H038.7  2 0.8182 0.1595 0.0224 
      H038.8  2 0.5999 0.3779 0.0222 
      H041.1  2 0.8551 0.0719 0.0730 
      H041.2  2 0.6861 0.2368 0.0770 
      H041.4  2 0.7595 0.1342 0.1063 
      H041.6  2 0.7311 0.0957 0.1731 
 H042.1_2002  2 0.7619 0.0349 0.2032 
 H042.1_2003  2 0.1866 0.6027 0.2107 
 H042.2_2002  2 0.6919 0.2820 0.0261 
 H042.2_2003  2 0.3240 0.0758 0.6002 
 H042.3_2002  2 0.5795 0.1564 0.2641 
 H042.3_2003  2 0.2760 0.3398 0.3842 
 H042.4_2002  2 0.8444 0.0365 0.1191 
 H042.4_2003  2 0.8551 0.0228 0.1221 
      H042.5  2 0.9256 0.0140 0.0604 
      H042.6  2 0.9471 0.0264 0.0266 
      H042.7  2 0.3189 0.0518 0.6293 
      H042.8  2 0.8816 0.0470 0.0714 
   H042_2002  2 0.1636 0.5802 0.2562 
   H042_2003  2 0.1384 0.6257 0.2359 
      H043.1  2 0.0350 0.9472 0.0178 
      H043.2  2 0.0256 0.9122 0.0622 
      H043.3  2 0.0488 0.9180 0.0332 
      H043.4  2 0.0450 0.9154 0.0396 
      H043.5  2 0.0177 0.9673 0.0150 
      H043.6  2 0.0349 0.9442 0.0209 
      H043.7  2 0.0274 0.8934 0.0792 
      H043.8  2 0.0569 0.9051 0.0380 
      H043.9  2 0.0525 0.9276 0.0199 
      H047.1  2 0.4355 0.3848 0.1797 
      H047.2  2 0.8557 0.0609 0.0835 
      H047.3  2 0.7810 0.0764 0.1426 
      H047.4  2 0.6844 0.0871 0.2286 
      H047.5  2 0.5803 0.0904 0.3293 
      H047.6  2 0.3152 0.4464 0.2384 
      H047.7  2 0.4767 0.3182 0.2051 
      H047.8  2 0.3145 0.2906 0.3949 
      H047.9  2 0.4832 0.0821 0.4347 
 H071.1_2002  2 0.9540 0.0247 0.0212 
 H071.1_2003  2 0.9003 0.0386 0.0610 
     H071.10  2 0.9166 0.0704 0.0130 
 H071.2_2002  2 0.8922 0.0810 0.0268 
 H071.2_2003  2 0.9740 0.0122 0.0138 
      H071.3  2 0.6593 0.3049 0.0358 
 H071.4_2002  2 0.5725 0.4062 0.0214 
 H071.4_2003  2 0.9427 0.0406 0.0167 
 H071.5_2002  2 0.9670 0.0209 0.0121 
 H071.5_2003  2 0.8470 0.1160 0.0370 
 H071.6_2002  2 0.9089 0.0739 0.0172 
 H071.6_2003  2 0.9578 0.0252 0.0170 
 H071.7_2002  2 0.9550 0.0296 0.0154 
 H071.7_2003  2 0.8829 0.0896 0.0275 
      H071.8  2 0.8708 0.1068 0.0224 
      H071.9  2 0.4043 0.5685 0.0272 
 H081.1_2002  2 0.9734 0.0143 0.0123 
 H081.1_2003  2 0.4635 0.4891 0.0474 
 H081.2_2002  2 0.9624 0.0166 0.0210 
 H081.2_2003  2 0.8088 0.1659 0.0252 
 H081.3_2002  2 0.9493 0.0316 0.0191 
 H081.3_2003  2 0.4258 0.5042 0.0699 
 H081.4_2002  2 0.9523 0.0272 0.0205 
 H081.4_2003  2 0.6606 0.1935 0.1459 
 H081.5_2002  2 0.9612 0.0236 0.0152 
 H081.5_2003  2 0.6791 0.1667 0.1542 
      H081.6  2 0.9639 0.0204 0.0157 
      H081.7  2 0.9612 0.0215 0.0173 
      H081.8  2 0.8279 0.1511 0.0211 
      H083.1  2 0.9621 0.0260 0.0119 
      H083.2  2 0.9508 0.0302 0.0190 
      H083.4  2 0.9182 0.0691 0.0127 
      H083.5  2 0.9510 0.0317 0.0174 
      H083.6  2 0.9638 0.0225 0.0137 
      H083.7  2 0.9364 0.0422 0.0214 
      H083.8  2 0.9434 0.0314 0.0251 
      H083.9  2 0.9691 0.0191 0.0119 
      H084.1  2 0.3949 0.5714 0.0337 
      H084.2  2 0.2923 0.6915 0.0163 
      H084.3  2 0.0917 0.8451 0.0632 
      H084.4  2 0.0481 0.9116 0.0403 
      H084.5  2 0.1412 0.8071 0.0517 
      H084.6  2 0.1185 0.8301 0.0513 
      H084.7  2 0.5304 0.4379 0.0317 
      H084.8  2 0.2347 0.6853 0.0800 
 H085.1_2002  2 0.9416 0.0374 0.0210 
 H085.1_2003  2 0.9134 0.0635 0.0231 
 H085.2_2002  2 0.8755 0.0880 0.0366 
 H085.2_2003  2 0.9412 0.0415 0.0173 
 H085.3_2002  2 0.6779 0.0270 0.2951 
 H085.3_2003  2 0.9405 0.0193 0.0402 
 H085.4_2002  2 0.8548 0.1168 0.0283 
 H085.4_2003  2 0.9206 0.0300 0.0494 
 H085.5_2002  2 0.4864 0.0528 0.4609 
 H085.5_2003  2 0.9729 0.0142 0.0128 
 H085.6_2002  2 0.8766 0.0661 0.0573 
 H085.6_2003  2 0.2321 0.0669 0.7009 
 H085.7_2002  2 0.9112 0.0277 0.0611 
 H085.7_2003  2 0.8153 0.1232 0.0615 
 H085.8_2002  2 0.4089 0.1289 0.4621 
 H085.8_2003  2 0.9274 0.0419 0.0307 
      H085.9  2 0.8771 0.0522 0.0707 
      H088.1  2 0.8121 0.0399 0.1480 
      H088.2  2 0.8569 0.0391 0.1041 
      H088.3  2 0.9379 0.0254 0.0367 
      H088.4  2 0.8780 0.0537 0.0683 
      H088.5  2 0.9313 0.0239 0.0447 
      H088.6  2 0.9169 0.0323 0.0509 
      H088.7  2 0.8991 0.0609 0.0399 
      H088.8  2 0.7565 0.1238 0.1198 
      H091.1  2 0.9477 0.0227 0.0296 
      H091.2  2 0.9554 0.0148 0.0298 
      H109.1  2 0.0609 0.9178 0.0212 
      H109.2  2 0.3898 0.5579 0.0523 
      H109.3  2 0.1067 0.8118 0.0815 
      H109.4  2 0.0639 0.8966 0.0395 
      H109.5  2 0.6310 0.1476 0.2215 
      H109.6  2 0.1288 0.8176 0.0535 
      H126.1  2 0.0267 0.5619 0.4114 
      H126.2  2 0.1182 0.8253 0.0565 
      H126.3  2 0.1619 0.8182 0.0199 
      H126.4  2 0.0831 0.5203 0.3966 
      H126.5  2 0.1037 0.4423 0.4540 
      H126.6  2 0.5252 0.4574 0.0174 
      H126.7  2 0.9395 0.0335 0.0270 
      H130.1  2 0.2130 0.0961 0.6909 
      H130.2  2 0.8950 0.0545 0.0505 
      H130.3  2 0.7842 0.0605 0.1553 
      H130.4  2 0.2577 0.4305 0.3118 
      H130.5  2 0.9102 0.0261 0.0637 
      H133.1  2 0.1404 0.7415 0.1181 
      H133.2  2 0.3126 0.5890 0.0984 
      H133.3  2 0.1910 0.6932 0.1158 
      H133.4  2 0.0508 0.8982 0.0511 
      H133.5  2 0.1202 0.8429 0.0369 
      H133.6  2 0.4807 0.4307 0.0886 
      H133.7  2 0.0477 0.4807 0.4716 
      H133.8  2 0.0305 0.9363 0.0332 
      H133.9  2 0.1708 0.6782 0.1510 
      H147.1  2 0.8854 0.0476 0.0670 
      H147.2  2 0.9705 0.0151 0.0145 
      H147.3  2 0.9632 0.0155 0.0213 
      H147.4  2 0.9564 0.0265 0.0170 
      H147.5  2 0.9654 0.0123 0.0223 
      H147.6  2 0.9404 0.0340 0.0255 
      H147.7  2 0.9056 0.0657 0.0287 
      H147.8  2 0.9692 0.0206 0.0102 
      H147.9  2 0.9625 0.0160 0.0215 
      H148.1  2 0.1369 0.7421 0.1210 
      H148.2  2 0.1056 0.7027 0.1917 
      H148.3  2 0.0663 0.3603 0.5735 
      H148.4  2 0.0551 0.6819 0.2630 
      H148.5  2 0.1215 0.3621 0.5164 
      H148.6  2 0.1827 0.5306 0.2867 
      H148.7  2 0.0532 0.5710 0.3757 
      H148.8  2 0.0414 0.1162 0.8424 
      H148.9  2 0.0530 0.7814 0.1656 
   H166022.1  2 0.9692 0.0142 0.0166 
   H166022.2  2 0.9328 0.0330 0.0341 
   H166022.3  2 0.9490 0.0171 0.0339 
   H166022.4  2 0.9645 0.0180 0.0175 
   H166022.5  2 0.9581 0.0158 0.0262 
   H166022.6  2 0.9089 0.0335 0.0576 
   H166022.7  2 0.0129 0.9764 0.0107 
   H166022.8  2 0.8626 0.0506 0.0868 
   H167397.1  2 0.0580 0.9011 0.0409 
   H167397.2  2 0.0754 0.8670 0.0575 
   H167397.3  2 0.0279 0.9573 0.0148 
   H167397.4  2 0.1020 0.8423 0.0557 
   H167397.5  2 0.0378 0.9345 0.0276 
   H167397.6  2 0.0210 0.9483 0.0306 
   H167496.1  2 0.3580 0.0979 0.5441 
   H167496.2  2 0.1456 0.6249 0.2295 
   H167496.3  2 0.5167 0.0292 0.4541 
   H167496.4  2 0.9743 0.0118 0.0139 
   H167496.6  2 0.8984 0.0430 0.0585 
   H167496.7  2 0.1044 0.0549 0.8407 
   H167496.8  2 0.9209 0.0350 0.0441 
   H167513.1  2 0.0715 0.8411 0.0874 
   H167513.2  2 0.0380 0.4801 0.4818 
   H167513.3  2 0.3328 0.4718 0.1955 
   H167513.4  2 0.5044 0.3183 0.1773 
   H167513.5  2 0.0435 0.7713 0.1853 
   H167513.6  2 0.2243 0.5528 0.2229 
   H167513.7  2 0.2309 0.7409 0.0282 
   H167513.8  2 0.0248 0.9481 0.0270 
   H167547.1  2 0.0235 0.0601 0.9164 
   H167547.2  2 0.0846 0.0993 0.8160 
   H167547.3  2 0.0786 0.1028 0.8186 
   H167547.4  2 0.1036 0.1310 0.7654 
   H167547.5  2 0.0807 0.0931 0.8262 
   H167547.6  2 0.0878 0.0927 0.8195 
   H167547.7  2 0.1447 0.2535 0.6018 
   H169750.1  2 0.1156 0.2340 0.6504 
   H169750.2  2 0.2196 0.5781 0.2023 
   H169750.3  2 0.2341 0.1877 0.5782 
   H169750.4  2 0.0457 0.8300 0.1243 
   H169750.5  2 0.4619 0.3184 0.2196 
   H169750.6  2 0.7246 0.1607 0.1147 
   H169750.7  2 0.1046 0.6698 0.2257 
   H171929.1  2 0.0371 0.6115 0.3514 
  H171929.10  2 0.3765 0.3023 0.3212 
  H171929.11  2 0.0469 0.6862 0.2669 
   H171929.2  2 0.0277 0.1361 0.8362 
   H171929.3  2 0.0598 0.5308 0.4094 
   H171929.4  2 0.2726 0.0309 0.6965 
   H171929.5  2 0.0465 0.8065 0.1471 
   H171929.6  2 0.0223 0.8806 0.0971 
   H171929.7  2 0.0438 0.1106 0.8456 
   H171929.8  2 0.0633 0.0981 0.8386 
   H171929.9  2 0.5639 0.0727 0.3634 
   H171930.1  2 0.0459 0.8079 0.1463 
   H171930.2  2 0.4857 0.2452 0.2691 
   H171930.3  2 0.0394 0.8985 0.0621 
   H171930.4  2 0.2470 0.6321 0.1208 
   H171930.5  2 0.1788 0.5606 0.2606 
   H171930.6  2 0.4634 0.4364 0.1002 
   H171930.7  2 0.0211 0.9455 0.0335 
   H171930.8  2 0.0362 0.9137 0.0502 
   H171933.1  2 0.8964 0.0605 0.0432 
   H171933.2  2 0.8846 0.0846 0.0307 
   H171933.3  2 0.8279 0.0425 0.1295 
   H171933.4  2 0.5527 0.0250 0.4224 
   H171933.5  2 0.1684 0.0644 0.7672 
   H171933.6  2 0.9672 0.0132 0.0196 
   H171933.7  2 0.9206 0.0356 0.0438 
   H171933.8  2 0.7459 0.1598 0.0943 
   H171933.9  2 0.8847 0.0165 0.0988 
      H190.1  2 0.3609 0.1054 0.5337 
      H190.2  2 0.0587 0.1035 0.8377 
      H190.3  2 0.1550 0.0884 0.7566 
      H190.4  2 0.4332 0.0423 0.5245 
      H190.5  2 0.2422 0.3224 0.4354 
      H190.6  2 0.2944 0.0300 0.6755 
      H190.7  2 0.0773 0.0269 0.8958 
      H190.8  2 0.1671 0.1806 0.6523 
      H190.9  2 0.0792 0.0743 0.8465 
      H400.1  2 0.9633 0.0224 0.0143 
      H400.2  2 0.9703 0.0188 0.0108 
      H400.3  2 0.9089 0.0597 0.0314 
      H400.4  2 0.9592 0.0218 0.0190 
      H400.5  2 0.9410 0.0336 0.0253 
      H400.6  2 0.9730 0.0143 0.0127 
      H400.7  2 0.9660 0.0152 0.0189 
 H428.1_2005  2 0.9534 0.0276 0.0190 
 H428.1_2006  2 0.9468 0.0224 0.0309 
 H428.2_2005  2 0.8845 0.0736 0.0419 
 H428.2_2006  2 0.9752 0.0129 0.0120 
 H428.3_2005  2 0.9714 0.0116 0.0170 
 H428.3_2006  2 0.9577 0.0217 0.0206 
 H428.4_2005  2 0.9521 0.0177 0.0302 
 H428.4_2006  2 0.9801 0.0084 0.0114 
 H428.5_2005  2 0.9597 0.0263 0.0140 
 H428.6_2005  2 0.9554 0.0168 0.0278 
 H428.6_2006  2 0.9683 0.0150 0.0167 
      H428.7  2 0.9798 0.0096 0.0106 
      H428.8  2 0.9693 0.0154 0.0153 
      H428.9  2 0.9595 0.0241 0.0164 
      H453.1  2 0.9705 0.0167 0.0128 
      H453.2  2 0.9652 0.0168 0.0180 
      H453.3  2 0.9611 0.0137 0.0252 
      H453.4  2 0.9639 0.0171 0.0190 
      H453.5  2 0.9765 0.0121 0.0114 
      H453.6  2 0.9795 0.0110 0.0095 
      H453.7  2 0.8724 0.0226 0.1050 
      H453.8  2 0.8646 0.0314 0.1040 
      H453.9  2 0.9641 0.0162 0.0197 
      H512.1  2 0.9607 0.0136 0.0257 
     H512.10  2 0.7320 0.1581 0.1099 
      H512.2  2 0.7253 0.0709 0.2039 
      H512.3  2 0.4499 0.3419 0.2082 
      H512.4  2 0.9081 0.0527 0.0391 
      H512.5  2 0.1495 0.5907 0.2598 
      H512.6  2 0.4025 0.1397 0.4578 
      H512.7  2 0.5591 0.3457 0.0952 
      H512.8  2 0.3991 0.1223 0.4786 
      H512.9  2 0.7563 0.1659 0.0778 
      H513.1  2 0.9579 0.0306 0.0115 
      H513.2  2 0.9585 0.0252 0.0163 
      H513.3  2 0.9660 0.0175 0.0166 
      H513.4  2 0.9681 0.0136 0.0182 
      H513.5  2 0.9686 0.0203 0.0111 
      H513.6  2 0.4474 0.5114 0.0412 
      H532.1  2 0.9315 0.0448 0.0237 
      H532.2  2 0.9436 0.0155 0.0409 
      H532.3  2 0.9194 0.0116 0.0690 
      H532.4  2 0.9500 0.0230 0.0270 
      H532.5  2 0.9426 0.0317 0.0258 
      H532.6  2 0.9627 0.0197 0.0175 
      H532.7  2 0.9689 0.0166 0.0146 
      H532.8  2 0.8987 0.0504 0.0509 
      H543.1  2 0.0212 0.9647 0.0141 
      H543.2  2 0.1141 0.8492 0.0368 
      H543.3  2 0.0513 0.9329 0.0158 
      H543.4  2 0.0171 0.9624 0.0205 
      H543.5  2 0.0163 0.9689 0.0148 
      H543.6  2 0.0438 0.9312 0.0249 
      H543.7  2 0.0138 0.9714 0.0148 
      H543.8  2 0.0885 0.8894 0.0221 
      H543.9  2 0.0312 0.9433 0.0255 
 H545.1_2005  2 0.0115 0.9809 0.0075 
 H545.1_2006  2 0.0131 0.9759 0.0110 
 H545.2_2005  2 0.0122 0.9740 0.0138 
 H545.2_2006  2 0.0202 0.9694 0.0104 
 H545.3_2005  2 0.0172 0.9505 0.0323 
 H545.3_2006  2 0.0110 0.9823 0.0067 
 H545.4_2005  2 0.0168 0.9546 0.0286 
 H545.4_2006  2 0.0095 0.9783 0.0122 
 H545.5_2005  2 0.0174 0.9739 0.0087 
 H545.5_2006  2 0.0286 0.9520 0.0194 
 H545.6_2005  2 0.0111 0.9806 0.0083 
 H545.6_2006  2 0.0128 0.9735 0.0137 
 H545.7_2005  2 0.0140 0.9764 0.0097 
 H545.7_2006  2 0.0126 0.9793 0.0081 
 H545.8_2005  2 0.0359 0.9477 0.0165 
 H545.8_2006  2 0.0150 0.9741 0.0109 
      H545.9  2 0.0223 0.9561 0.0216 
      H547.1  2 0.6512 0.0420 0.3067 
      H547.2  2 0.6357 0.1048 0.2594 
      H547.3  2 0.1343 0.0340 0.8317 
      H547.4  2 0.3298 0.0813 0.5889 
      H547.5  2 0.1876 0.0330 0.7794 
      H547.6  2 0.8421 0.0548 0.1031 
      H547.7  2 0.2858 0.0713 0.6429 
      H547.8  2 0.6310 0.0397 0.3293 
      H548.1  2 0.0122 0.9748 0.0130 
      H548.2  2 0.0128 0.9623 0.0249 
      H548.3  2 0.0134 0.9736 0.0130 
      H548.4  2 0.0191 0.9625 0.0184 
      H548.5  2 0.0116 0.9770 0.0114 
      H548.6  2 0.0088 0.9789 0.0123 
      H548.7  2 0.0153 0.9735 0.0111 
      H548.8  2 0.0161 0.9722 0.0117 
      H548.9  2 0.0248 0.9529 0.0224 
     H7389.1  2 0.9529 0.0162 0.0308 
     H7389.2  2 0.9439 0.0248 0.0313 
     H7389.3  2 0.9332 0.0270 0.0398 
     H7389.4  2 0.9286 0.0604 0.0110 
     H7389.5  2 0.9396 0.0433 0.0172 
     H7389.6  2 0.9339 0.0489 0.0172 
     H7389.7  2 0.9040 0.0567 0.0392 
     H7389.8  2 0.4955 0.4746 0.0299 
     H7389.9  2 0.8930 0.0947 0.0123 
      H747.1  2 0.1367 0.0996 0.7637 
      H747.2  2 0.0307 0.3836 0.5857 
      H747.3  2 0.1095 0.2446 0.6459 
      H747.4  2 0.0520 0.2109 0.7370 
      H747.5  2 0.0423 0.4370 0.5206 
      H747.6  2 0.0503 0.7181 0.2316 
      H747.7  2 0.0712 0.3347 0.5942 
     H7484.1  2 0.8689 0.0955 0.0357 
     H7484.2  2 0.5144 0.2560 0.2296 
     H7484.3  2 0.3230 0.3811 0.2960 
     H7484.4  2 0.8580 0.0810 0.0610 
     H7484.5  2 0.5345 0.3920 0.0734 
     H7484.6  2 0.1482 0.3513 0.5005 
     H7484.7  2 0.6612 0.1669 0.1719 
     H7484.8  2 0.8892 0.0770 0.0338 
     H7485.1  2 0.0254 0.9540 0.0206 
     H7485.2  2 0.0210 0.9695 0.0096 
     H7485.3  2 0.0087 0.9825 0.0087 
     H7485.4  2 0.0155 0.9762 0.0083 
     H7485.5  2 0.0221 0.9602 0.0177 
     H7485.6  2 0.0297 0.9550 0.0153 
     H7485.7  2 0.0140 0.9730 0.0130 
     H7496.1  2 0.8980 0.0219 0.0801 
    H7496.10  2 0.9714 0.0130 0.0156 
    H7496.11  2 0.0424 0.9440 0.0135 
     H7496.2  2 0.9530 0.0204 0.0266 
     H7496.3  2 0.9321 0.0248 0.0431 
     H7496.4  2 0.9539 0.0244 0.0217 
     H7496.5  2 0.8904 0.0269 0.0827 
     H7496.6  2 0.8753 0.0160 0.1087 
     H7496.7  2 0.9700 0.0150 0.0151 
     H7496.8  2 0.8930 0.0415 0.0655 
        UNK4  2 0.3102 0.5342 0.1557 
        UNK5  2 0.7725 0.2011 0.0263 
        UNK6  2 0.6499 0.2528 0.0973 
        UNK7  2 0.8237 0.1543 0.0220 
        UNK8  2 0.4829 0.4914 0.0257 
        UNK9  2 0.5092 0.4629 0.0279 
      H009.1  4 0.0169 0.0155 0.9677 
      H009.2  4 0.0254 0.0371 0.9375 
      H009.3  4 0.0188 0.0203 0.9609 
      H009.4  4 0.0310 0.0630 0.9060 
      H009.5  4 0.0397 0.2022 0.7581 
      H009.6  4 0.0140 0.0218 0.9642 
      H046.4  4 0.3956 0.2420 0.3624 
      H046.8  4 0.0611 0.2828 0.6561 
 H076.1_2002  4 0.0168 0.0205 0.9627 
 H076.1_2003  4 0.0091 0.0215 0.9693 
 H076.1_2004  4 0.0172 0.0244 0.9585 
 H076.2_2002  4 0.0178 0.0229 0.9593 
 H076.2_2003  4 0.0132 0.0198 0.9670 
 H076.2_2004  4 0.0300 0.0378 0.9321 
 H076.3_2002  4 0.0451 0.0273 0.9276 
 H076.3_2003  4 0.0212 0.1019 0.8769 
 H076.3_2004  4 0.0305 0.0386 0.9309 
 H076.4_2002  4 0.0644 0.0852 0.8504 
 H076.4_2003  4 0.0112 0.0142 0.9746 
 H076.4_2004  4 0.0441 0.0307 0.9253 
 H076.5_2002  4 0.0325 0.0177 0.9498 
 H076.5_2003  4 0.0207 0.3037 0.6756 
 H076.5_2004  4 0.0885 0.0939 0.8176 
 H076.6_2002  4 0.0228 0.0361 0.9411 
 H076.6_2003  4 0.0134 0.0218 0.9648 
 H076.6_2004  4 0.0161 0.0442 0.9397 
 H076.7_2002  4 0.0890 0.0531 0.8579 
 H076.7_2003  4 0.0294 0.0361 0.9344 
 H076.7_2004  4 0.0168 0.0312 0.9519 
      H477.1  4 0.2970 0.1654 0.5376 
      H477.2  4 0.1647 0.1597 0.6757 
      H477.3  4 0.3903 0.5368 0.0730 
      H477.4  4 0.1605 0.7422 0.0973 
      H477.5  4 0.0668 0.7606 0.1726 
      H477.6  4 0.1003 0.7368 0.1629 
      H477.7  4 0.0741 0.8624 0.0635 
 H479.1_2005  4 0.8993 0.0751 0.0256 
 H479.1_2006  4 0.0839 0.0398 0.8763 
     H479.10  4 0.2248 0.6942 0.0811 
 H479.2_2005  4 0.6177 0.3079 0.0744 
 H479.2_2006  4 0.6253 0.0879 0.2868 
 H479.3_2005  4 0.8480 0.0853 0.0666 
 H479.3_2006  4 0.7244 0.0442 0.2314 
 H479.4_2005  4 0.3879 0.5004 0.1117 
 H479.4_2006  4 0.8316 0.1360 0.0324 
 H479.5_2005  4 0.3317 0.6002 0.0681 
 H479.5_2006  4 0.7078 0.1804 0.1119 
 H479.6_2005  4 0.0599 0.9215 0.0186 
 H479.6_2006  4 0.9212 0.0661 0.0128 
 H479.7_2005  4 0.8358 0.1334 0.0309 
 H479.7_2006  4 0.7543 0.1953 0.0504 
 H479.8_2005  4 0.9204 0.0593 0.0203 
 H479.8_2006  4 0.0171 0.9048 0.0781 
      H479.9  4 0.0942 0.0774 0.8284 
      H516.1  4 0.0311 0.0452 0.9238 
      H516.2  4 0.0350 0.8616 0.1034 
      H516.3  4 0.0281 0.4273 0.5446 
      H516.4  4 0.0262 0.4664 0.5074 
      H516.5  4 0.0217 0.0796 0.8987 
      H516.6  4 0.0236 0.8253 0.1511 
      H516.7  4 0.1010 0.1006 0.7984 
      H516.8  4 0.0207 0.0973 0.8820 
      H516.9  4 0.0971 0.1738 0.7291 
      H646.1  4 0.0349 0.0186 0.9465 
      H646.2  4 0.0140 0.0121 0.9739 
      H646.3  4 0.0201 0.0121 0.9678 
      H646.4  4 0.0453 0.0170 0.9377 
      H646.5  4 0.0283 0.0140 0.9577 
      H658.1  4 0.0176 0.1933 0.7891 
     H658.10  4 0.0228 0.0308 0.9464 
      H658.2  4 0.0227 0.0741 0.9033 
      H658.3  4 0.0675 0.1651 0.7674 
      H658.4  4 0.0685 0.1202 0.8113 
      H658.5  4 0.0890 0.0407 0.8703 
      H658.6  4 0.0215 0.0224 0.9561 
      H658.7  4 0.0182 0.0338 0.9479 
      H658.8  4 0.0116 0.0597 0.9287 
      H658.9  4 0.0278 0.0457 0.9265 
      H682.1  4 0.5379 0.2598 0.2023 
      H682.6  4 0.3276 0.1212 0.5512 
      H720.1  4 0.6805 0.0567 0.2628 
      H720.2  4 0.5134 0.0378 0.4488 
      H720.3  4 0.1746 0.2608 0.5646 
      H720.4  4 0.1919 0.2697 0.5384 
      H720.5  4 0.0985 0.6682 0.2332 
      H720.6  4 0.0969 0.6825 0.2205 
      H720.7  4 0.8130 0.0802 0.1068 
      H720.8  4 0.7110 0.0852 0.2038 
      H720.9  4 0.3741 0.2202 0.4057 
      H724.1  4 0.0239 0.0827 0.8933 
      H724.2  4 0.0504 0.0978 0.8519 
      H724.3  4 0.2121 0.0868 0.7011 
      H724.4  4 0.0254 0.1353 0.8393 
      H724.5  4 0.2932 0.1068 0.6000 
      H724.6  4 0.0440 0.0960 0.8599 
      H725.1  4 0.3897 0.2106 0.3997 
      H725.2  4 0.3883 0.2736 0.3381 
      H725.3  4 0.1709 0.7077 0.1214 
      H725.4  4 0.6186 0.3074 0.0741 
      H725.5  4 0.6820 0.1385 0.1795 
      H725.6  4 0.0408 0.4063 0.5529 
      H725.7  4 0.1954 0.3460 0.4586 
      H725.8  4 0.0294 0.8538 0.1168 
      H726.1  4 0.0094 0.0237 0.9669 
      H726.2  4 0.0351 0.0277 0.9372 
      H726.3  4 0.0139 0.0274 0.9587 
      H726.4  4 0.0275 0.1332 0.8393 
      H726.5  4 0.0267 0.0352 0.9380 
        UNK1  4 0.4217 0.2331 0.3452 
        UNK2  4 0.2702 0.3131 0.4167 
        UNK3  4 0.2969 0.0756 0.6274 
      H016.1  5 0.0380 0.9358 0.0262 
      H016.2  5 0.0544 0.9273 0.0183 
      H016.3  5 0.0194 0.4683 0.5124 
      H016.4  5 0.0827 0.8992 0.0181 
 H017.1_2002  5 0.0206 0.0486 0.9308 
 H017.1_2003  5 0.0317 0.9383 0.0300 
 H017.2_2002  5 0.0430 0.1625 0.7945 
 H017.2_2003  5 0.0367 0.9080 0.0552 
 H017.3_2002  5 0.0226 0.8929 0.0845 
 H017.3_2003  5 0.0465 0.2071 0.7464 
 H017.4_2002  5 0.1221 0.6181 0.2598 
 H017.4_2003  5 0.0146 0.9434 0.0420 
 H017.5_2002  5 0.0123 0.9132 0.0745 
 H017.5_2003  5 0.0281 0.6127 0.3592 
 H017.6_2002  5 0.1582 0.1741 0.6677 
 H017.6_2003  5 0.0361 0.1676 0.7963 
 H017.7_2002  5 0.0731 0.7689 0.1580 
 H017.7_2003  5 0.0467 0.5774 0.3759 
      H017.8  5 0.0485 0.5238 0.4277 
      H017.9  5 0.0837 0.7066 0.2097 
      H032.1  5 0.0309 0.8475 0.1216 
      H032.2  5 0.0301 0.9065 0.0634 
      H032.3  5 0.1107 0.7000 0.1893 
      H032.4  5 0.0186 0.8496 0.1318 
      H032.5  5 0.0480 0.2354 0.7165 
      H032.6  5 0.0271 0.1153 0.8576 
      H032.7  5 0.0271 0.8961 0.0768 
 H034.1_2002  5 0.0334 0.0691 0.8975 
 H034.1_2003  5 0.0193 0.0262 0.9545 
 H034.2_2002  5 0.0429 0.2306 0.7265 
 H034.2_2003  5 0.0416 0.0230 0.9354 
 H034.3_2002  5 0.0539 0.3416 0.6046 
 H034.3_2003  5 0.0294 0.0187 0.9518 
 H034.4_2002  5 0.0962 0.1476 0.7562 
 H034.4_2003  5 0.0155 0.0465 0.9379 
 H034.5_2002  5 0.0177 0.1508 0.8315 
 H034.5_2003  5 0.0303 0.1132 0.8566 
 H034.6_2002  5 0.0361 0.1464 0.8175 
 H034.6_2003  5 0.0158 0.0479 0.9363 
 H034.7_2002  5 0.0287 0.0336 0.9377 
 H034.7_2003  5 0.0176 0.1187 0.8638 
 H034.8_2002  5 0.0247 0.0271 0.9482 
 H034.8_2003  5 0.0114 0.0747 0.9139 
      H034.9  5 0.1253 0.2105 0.6642 
      H048.1  5 0.1008 0.8246 0.0746 
      H048.2  5 0.4315 0.4318 0.1367 
      H048.3  5 0.0989 0.4811 0.4199 
      H048.4  5 0.1645 0.5554 0.2801 
      H048.5  5 0.2020 0.7357 0.0624 
      H048.6  5 0.1494 0.5020 0.3485 
      H048.7  5 0.0817 0.8489 0.0693 
      H048.8  5 0.0357 0.6992 0.2651 
      H060.1  5 0.0365 0.9083 0.0552 
     H060.10  5 0.0187 0.3777 0.6036 
      H060.2  5 0.0587 0.4461 0.4952 
      H060.3  5 0.0170 0.2390 0.7440 
      H060.4  5 0.0340 0.8736 0.0924 
      H060.5  5 0.0275 0.8411 0.1314 
      H060.6  5 0.0264 0.8679 0.1057 
      H060.7  5 0.0854 0.3682 0.5464 
      H060.8  5 0.0704 0.6858 0.2438 
      H060.9  5 0.0247 0.8550 0.1203 
 H070.1_2002  5 0.6371 0.2235 0.1394 
 H070.1_2003  5 0.1295 0.3315 0.5390 
 H070.1_2004  5 0.0184 0.0348 0.9468 
 H070.2_2002  5 0.1677 0.0840 0.7484 
 H070.2_2003  5 0.1947 0.3568 0.4485 
 H070.2_2004  5 0.0132 0.0217 0.9651 
 H070.3_2002  5 0.2961 0.3715 0.3324 
 H070.3_2003  5 0.0231 0.0834 0.8935 
 H070.3_2004  5 0.0749 0.3376 0.5875 
 H070.4_2002  5 0.0536 0.0317 0.9147 
 H070.4_2003  5 0.0598 0.2926 0.6477 
 H070.4_2004  5 0.2054 0.0813 0.7134 
 H070.5_2002  5 0.4936 0.4604 0.0460 
 H070.5_2003  5 0.0291 0.2926 0.6783 
 H070.5_2004  5 0.0317 0.1448 0.8235 
 H070.6_2002  5 0.5341 0.3608 0.1050 
 H070.6_2003  5 0.0194 0.0222 0.9584 
 H070.6_2004  5 0.1078 0.0815 0.8107 
      H077.1  5 0.0201 0.1844 0.7956 
      H077.2  5 0.0254 0.8802 0.0944 
      H077.3  5 0.0318 0.0651 0.9031 
      H077.4  5 0.0333 0.1643 0.8024 
      H077.5  5 0.0207 0.6042 0.3751 
      H077.6  5 0.0198 0.7626 0.2176 
      H097.1  5 0.1740 0.0614 0.7646 
      H097.2  5 0.4404 0.0572 0.5024 
      H097.3  5 0.0501 0.0263 0.9236 
      H097.4  5 0.2906 0.0283 0.6812 
      H097.5  5 0.0388 0.0154 0.9458 
      H097.6  5 0.4673 0.0364 0.4962 
      H097.7  5 0.2348 0.0287 0.7365 
      H124.1  5 0.7136 0.0917 0.1947 
      H124.2  5 0.1311 0.8027 0.0662 
      H124.3  5 0.3169 0.6442 0.0389 
      H124.4  5 0.3032 0.5264 0.1704 
      H124.5  5 0.0797 0.8735 0.0468 
      H132.1  5 0.0920 0.3509 0.5571 
      H132.2  5 0.0495 0.5557 0.3947 
      H132.3  5 0.0351 0.5906 0.3742 
      H132.4  5 0.1368 0.1948 0.6684 
      H132.5  5 0.0366 0.7996 0.1638 
      H132.6  5 0.0295 0.8383 0.1322 
      H132.7  5 0.5235 0.4141 0.0625 
      H155.1  5 0.3526 0.6232 0.0242 
      H155.2  5 0.5654 0.3523 0.0823 
      H155.3  5 0.8513 0.1297 0.0190 
      H155.4  5 0.7266 0.2499 0.0234 
      H155.5  5 0.3750 0.5951 0.0299 
      H155.6  5 0.4645 0.5073 0.0282 
      H155.7  5 0.3261 0.5916 0.0824 
      H155.8  5 0.8042 0.1750 0.0208 
      H155.9  5 0.3478 0.6239 0.0283 
      H169.1  5 0.0273 0.1380 0.8347 
      H169.2  5 0.0185 0.0603 0.9212 
      H169.3  5 0.0139 0.0216 0.9645 
      H169.4  5 0.0226 0.2568 0.7206 
      H169.5  5 0.0468 0.1959 0.7573 
      H169.6  5 0.0471 0.2753 0.6776 
      H457.1  5 0.8891 0.0207 0.0903 
      H457.2  5 0.9485 0.0176 0.0339 
      H457.3  5 0.9225 0.0172 0.0603 
      H457.4  5 0.7736 0.0611 0.1653 
      H457.5  5 0.3997 0.4801 0.1202 
      H457.6  5 0.7693 0.1049 0.1258 
      H457.7  5 0.3721 0.0344 0.5935 
      H457.8  5 0.7090 0.2424 0.0486 
      H462.1  5 0.3122 0.5955 0.0922 
      H462.2  5 0.5315 0.1973 0.2712 
      H462.3  5 0.4281 0.4775 0.0944 
      H462.4  5 0.0833 0.0900 0.8267 
      H462.5  5 0.1748 0.2167 0.6085 
      H462.6  5 0.1773 0.1690 0.6537 
      H462.7  5 0.7162 0.1725 0.1113 
      H462.8  5 0.0308 0.0473 0.9219 
      H462.9  5 0.4638 0.3787 0.1575 
      H481.1  5 0.0142 0.0462 0.9397 
      H481.2  5 0.0252 0.2306 0.7441 
      H481.3  5 0.0302 0.1169 0.8529 
      H481.4  5 0.0253 0.3780 0.5967 
      H481.5  5 0.0267 0.0565 0.9168 
      H481.6  5 0.1560 0.0158 0.8281 
      H481.7  5 0.1216 0.0327 0.8457 
      H481.8  5 0.0984 0.0141 0.8874 
      H509.1  5 0.0582 0.8389 0.1030 
      H509.2  5 0.2219 0.1292 0.6489 
      H509.3  5 0.4732 0.1216 0.4051 
      H509.4  5 0.4958 0.1496 0.3546 
      H509.5  5 0.6332 0.1085 0.2583 
      H509.6  5 0.1287 0.7429 0.1284 
      H509.7  5 0.5449 0.2466 0.2085 
      H567.1  5 0.5334 0.3150 0.1516 
      H567.2  5 0.4928 0.0442 0.4629 
      H567.3  5 0.2357 0.0746 0.6897 
      H567.4  5 0.9099 0.0404 0.0497 
      H567.5  5 0.6771 0.1891 0.1338 
      H567.6  5 0.4499 0.3552 0.1949 
      H567.7  5 0.7697 0.0955 0.1348 
      H567.8  5 0.5614 0.1796 0.2590 
      H608.1  5 0.2653 0.1902 0.5446 
      H608.2  5 0.2492 0.4151 0.3357 
      H608.3  5 0.1920 0.7319 0.0760 
      H608.4  5 0.2631 0.2674 0.4695 
      H608.5  5 0.4057 0.5535 0.0407 
      H608.6  5 0.0714 0.8468 0.0819 
      H608.7  5 0.3030 0.5759 0.1211 
      H608.8  5 0.1426 0.7986 0.0588 
      H615.1  5 0.0141 0.9519 0.0340 
      H615.2  5 0.0973 0.7940 0.1088 
      H615.3  5 0.0307 0.0284 0.9410 
      H615.4  5 0.0578 0.0632 0.8790 
      H615.5  5 0.0284 0.4878 0.4838 
      H615.6  5 0.0231 0.0602 0.9166 
      H635.1  5 0.0582 0.0611 0.8807 
      H635.2  5 0.3115 0.0789 0.6096 
      H635.3  5 0.3426 0.1801 0.4773 
      H635.4  5 0.3750 0.2003 0.4247 
      H635.5  5 0.1213 0.0367 0.8420 
      H635.6  5 0.0297 0.0242 0.9461 
      H635.7  5 0.1394 0.1595 0.7011 
      H635.8  5 0.8546 0.0335 0.1119 
      H635.9  5 0.0982 0.0493 0.8526 
      H728.1  5 0.0146 0.9645 0.0209 
      H728.2  5 0.0278 0.9402 0.0320 
      H728.3  5 0.0354 0.9433 0.0213 
      H728.4  5 0.0314 0.9497 0.0188 
      H728.5  5 0.0187 0.9640 0.0173 
      H728.6  5 0.0164 0.9645 0.0191 
      H728.7  5 0.3187 0.4275 0.2538 
 H7395.1_200  5 0.2350 0.4937 0.2713 
 H7395.1_200  5 0.0266 0.9532 0.0202 
     H7395.2  5 0.0160 0.9662 0.0178 
     H7395.3  5 0.0591 0.9210 0.0198 
     H7395.4  5 0.0262 0.9484 0.0254 
     H7395.5  5 0.0345 0.9532 0.0123 
     H7395.6  5 0.0290 0.9598 0.0112 
     H7395.7  5 0.0540 0.9229 0.0231 
     H7395.8  5 0.0328 0.9380 0.0292 
     H7395.9  5 0.0407 0.9242 0.0351 
      H742.1  5 0.1333 0.1668 0.6998 
      H742.2  5 0.1072 0.0478 0.8450 
      H742.3  5 0.0642 0.3734 0.5624 
      H958.1  5 0.0177 0.0113 0.9710 
      H958.2  5 0.0949 0.0235 0.8815 
      H958.3  5 0.1225 0.0302 0.8473 
      H958.4  5 0.0173 0.0137 0.9690 
      H958.5  5 0.0578 0.0136 0.9286 
      H958.6  5 0.1596 0.0307 0.8098 
      H958.7  5 0.1541 0.0204 0.8256 
      H452.1 10 0.0121 0.0155 0.9724 
     H452.10 10 0.0197 0.0271 0.9532 
      H452.2 10 0.0802 0.0489 0.8709 
      H452.3 10 0.0143 0.0145 0.9712 
      H452.4 10 0.0200 0.0273 0.9527 
      H452.5 10 0.0383 0.0230 0.9387 
      H452.6 10 0.0642 0.1018 0.8339 
      H452.7 10 0.0253 0.0329 0.9418 
      H452.8 10 0.0425 0.0563 0.9013 
      H452.9 10 0.0184 0.0255 0.9561 
      H473.1 10 0.5622 0.1467 0.2910 
      H473.2 10 0.8767 0.1003 0.0230 
      H473.3 10 0.8725 0.1120 0.0155 
      H473.4 10 0.8859 0.0871 0.0269 
      H473.5 10 0.9118 0.0729 0.0153 
      H473.6 10 0.9114 0.0697 0.0188 
      H473.7 10 0.8971 0.0791 0.0238 
      H473.8 10 0.8246 0.1541 0.0213 
      H487.1 10 0.0110 0.0107 0.9783 
      H487.2 10 0.0258 0.0156 0.9585 
      H487.3 10 0.0124 0.0141 0.9735 
      H487.4 10 0.0184 0.0208 0.9608 
      H487.5 10 0.0130 0.0086 0.9784 
      H703.1 10 0.0360 0.8808 0.0832 
     H703.10 10 0.1057 0.4023 0.4920 
      H703.2 10 0.0748 0.4721 0.4531 
      H703.3 10 0.0669 0.6612 0.2718 
      H703.4 10 0.2454 0.2038 0.5508 
      H703.5 10 0.7137 0.0454 0.2409 
      H703.6 10 0.2826 0.2448 0.4727 
      H703.7 10 0.2909 0.6145 0.0946 
      H703.8 10 0.0195 0.0339 0.9466 
      H703.9 10 0.0295 0.1079 0.8627 
      H705.1 10 0.1154 0.0391 0.8455 
      H705.2 10 0.1062 0.0667 0.8270 
      H705.3 10 0.0149 0.0183 0.9668 
      H705.4 10 0.0195 0.0243 0.9562 
      H705.5 10 0.0244 0.0272 0.9484 
      H705.6 10 0.0227 0.0793 0.8980 
      H705.7 10 0.1470 0.0310 0.8220 
     H7352.1 10 0.0166 0.9311 0.0523 
     H7352.2 10 0.0143 0.1839 0.8018 
     H7352.3 10 0.0127 0.0405 0.9469 
     H7352.4 10 0.0151 0.0394 0.9455 
     H7352.5 10 0.0173 0.9531 0.0296 
     H7352.6 10 0.0226 0.8861 0.0914 
     H7352.7 10 0.0113 0.0812 0.9076 
     H7354.1 10 0.0642 0.8041 0.1317 
     H7354.2 10 0.1441 0.4614 0.3945 
     H7354.3 10 0.0682 0.5350 0.3968 
     H7354.4 10 0.0736 0.7434 0.1831 
     H7354.5 10 0.0603 0.8075 0.1322 
     H7354.6 10 0.0938 0.0625 0.8436 
     H7354.7 10 0.0293 0.3528 0.6179 
     H7359.1 10 0.1931 0.5149 0.2920 
     H7359.2 10 0.1708 0.0489 0.7803 
     H7359.3 10 0.0924 0.0356 0.8720 
     H7359.4 10 0.1412 0.3739 0.4849 
     H7359.5 10 0.0478 0.0339 0.9183 
      H909.1 10 0.0147 0.0177 0.9676 
      H909.2 10 0.0337 0.0405 0.9257 
      H909.3 10 0.0121 0.0187 0.9691 
      H909.4 10 0.0258 0.0228 0.9514 
      H909.6 10 0.0247 0.0439 0.9314 
      H909.8 10 0.0276 0.0161 0.9563 
      H909.9 10 0.0193 0.1926 0.7881 
     H9555.1 10 0.0136 0.0117 0.9747 
     H9555.2 10 0.0387 0.0282 0.9331 
     H9555.3 10 0.0397 0.0216 0.9387 
     H9555.4 10 0.0102 0.0104 0.9795 
     H9555.5 10 0.0295 0.0206 0.9498 
     H9555.6 10 0.2385 0.1162 0.6453 
     H9555.7 10 0.0646 0.0390 0.8964 
     H9703.1 10 0.0328 0.0271 0.9401 
     H9703.2 10 0.1017 0.0236 0.8747 
     H9703.3 10 0.0450 0.0676 0.8874 
     H9703.4 10 0.0237 0.0386 0.9377 
     H9703.5 10 0.1489 0.4610 0.3901 
     H9707.1 10 0.1173 0.8064 0.0763 
     H9707.2 10 0.0849 0.5534 0.3617 
     H9707.3 10 0.2736 0.5548 0.1716 
     H9707.4 10 0.0216 0.0239 0.9545 
     H9707.5 10 0.1146 0.5915 0.2938 
     H9707.6 10 0.5246 0.0885 0.3869 
     H9707.7 10 0.1488 0.2526 0.5986 
     H9707.8 10 0.4742 0.3380 0.1879 
     HSAA4.1 10 0.0370 0.0550 0.9081 
     HSAA4.2 10 0.0180 0.0316 0.9504 
     HSAA4.3 10 0.0159 0.0155 0.9687 
     HSAA4.4 10 0.0317 0.1530 0.8153 
     HSAA4.5 10 0.0164 0.0235 0.9601 
     HSAA4.6 10 0.0130 0.0158 0.9712 
     HSAA4.7 10 0.0087 0.0111 0.9802 
   saaRTON.1 10 0.0220 0.0240 0.9540 
  saaRTON.10 10 0.0230 0.0216 0.9554 
   saaRTON.2 10 0.0289 0.0219 0.9491 
   saaRTON.3 10 0.0206 0.0280 0.9514 
   saaRTON.4 10 0.0286 0.0312 0.9402 
   saaRTON.5 10 0.0173 0.0140 0.9686 
   saaRTON.6 10 0.0530 0.0223 0.9247 
   saaRTON.7 10 0.5730 0.0415 0.3854 
   saaRTON.8 10 0.0201 0.0202 0.9596 
   saaRTON.9 10 0.0153 0.0162 0.9685 
      H005.1 11 0.0265 0.0437 0.9299 
      H005.2 11 0.5776 0.2187 0.2037 
      H005.3 11 0.0320 0.0496 0.9184 
      H005.4 11 0.3174 0.3404 0.3422 
      H005.5 11 0.0933 0.1567 0.7500 
      H005.6 11 0.2646 0.6675 0.0680 
      H005.7 11 0.1452 0.1014 0.7534 
      H005.8 11 0.0869 0.2969 0.6163 
      H005.9 11 0.5698 0.2104 0.2198 
      H031.1 11 0.0510 0.8624 0.0866 
      H031.2 11 0.0236 0.0424 0.9340 
      H031.3 11 0.4527 0.2728 0.2744 
      H031.4 11 0.0633 0.2552 0.6815 
      H031.5 11 0.1833 0.1651 0.6516 
      H031.6 11 0.0418 0.3619 0.5963 
      H031.7 11 0.2847 0.3180 0.3973 
      H031.8 11 0.0435 0.5080 0.4486 
      H136.1 11 0.2564 0.6208 0.1228 
      H136.2 11 0.6395 0.2022 0.1583 
      H136.3 11 0.7987 0.1731 0.0282 
      H136.4 11 0.2280 0.5513 0.2207 
      H153.1 11 0.1461 0.2382 0.6157 
      H153.2 11 0.0698 0.4546 0.4756 
      H153.3 11 0.1128 0.6415 0.2456 
      H153.4 11 0.0340 0.1540 0.8120 
      H167.1 11 0.7840 0.1768 0.0392 
      H167.2 11 0.2847 0.6803 0.0349 
      H167.3 11 0.3031 0.6693 0.0276 
      H167.4 11 0.6971 0.0556 0.2473 
      H167.5 11 0.4227 0.3718 0.2054 
      H167.6 11 0.1142 0.8640 0.0219 
      H167.7 11 0.1485 0.1011 0.7504 
      H167.8 11 0.4368 0.4295 0.1337 
      H173.1 11 0.3618 0.0801 0.5581 
      H173.2 11 0.3497 0.4311 0.2192 
      H173.3 11 0.4698 0.1352 0.3950 
      H173.4 11 0.5592 0.1632 0.2775 
      H173.5 11 0.6942 0.1827 0.1231 
 H194.1_2003 11 0.1341 0.0213 0.8446 
 H194.2_2003 11 0.0707 0.0519 0.8775 
 H194.3_2003 11 0.0230 0.0171 0.9600 
 H194.4_2003 11 0.0282 0.0370 0.9348 
 H194.5_2003 11 0.2158 0.0577 0.7265 
 H194.6_2003 11 0.1842 0.0333 0.7826 
 H194.7_2003 11 0.1784 0.0317 0.7899 
 H194.8_2003 11 0.0565 0.0304 0.9131 
      H196.1 11 0.0388 0.3917 0.5695 
      H196.2 11 0.2048 0.3024 0.4929 
      H196.3 11 0.0319 0.8359 0.1322 
      H196.4 11 0.0637 0.1050 0.8313 
      H196.5 11 0.3957 0.2924 0.3119 
      H196.6 11 0.0667 0.0417 0.8915 
 H356.1_2001 11 0.8490 0.0273 0.1236 
 H356.1_2002 11 0.9211 0.0386 0.0403 
 H356.2_2001 11 0.7047 0.1729 0.1224 
 H356.2_2002 11 0.8983 0.0165 0.0852 
 H356.3_2001 11 0.8565 0.0406 0.1028 
 H356.3_2002 11 0.9233 0.0375 0.0392 
 H356.4_2001 11 0.9358 0.0321 0.0320 
 H356.4_2002 11 0.8459 0.0284 0.1257 
 H356.5_2001 11 0.7600 0.0822 0.1578 
 H356.5_2002 11 0.9511 0.0137 0.0352 
 H356.6_2001 11 0.9280 0.0349 0.0371 
 H356.6_2002 11 0.9351 0.0196 0.0452 
 H356.7_2001 11 0.2214 0.2730 0.5056 
 H356.7_2002 11 0.8300 0.0396 0.1303 
      H356.8 11 0.5995 0.0248 0.3757 
      H360.1 11 0.8968 0.0456 0.0576 
     H360.10 11 0.9220 0.0414 0.0365 
      H360.2 11 0.9624 0.0168 0.0207 
      H360.3 11 0.8585 0.0953 0.0462 
      H360.4 11 0.9652 0.0145 0.0203 
      H360.5 11 0.9564 0.0182 0.0254 
      H360.6 11 0.9197 0.0354 0.0449 
      H360.7 11 0.9354 0.0167 0.0480 
      H360.8 11 0.9504 0.0203 0.0294 
      H360.9 11 0.8350 0.0426 0.1224 
 H369.1_2001 11 0.1839 0.6832 0.1329 
 H369.1_2002 11 0.0201 0.3212 0.6588 
      H369.2 11 0.0298 0.0587 0.9115 
      H369.3 11 0.0394 0.1758 0.7848 
      H369.4 11 0.0945 0.0554 0.8501 
      H369.5 11 0.1136 0.0164 0.8699 
      H369.6 11 0.0646 0.0404 0.8950 
      H374.1 11 0.2808 0.1503 0.5689 
      H374.2 11 0.0415 0.0555 0.9030 
      H374.3 11 0.0401 0.0592 0.9006 
      H374.4 11 0.1480 0.0382 0.8138 
      H374.5 11 0.1183 0.1235 0.7582 
      H374.6 11 0.0880 0.0544 0.8576 
      H374.7 11 0.0984 0.0532 0.8484 
      H376.1 11 0.8945 0.0869 0.0185 
      H376.2 11 0.8311 0.1441 0.0249 
      H376.3 11 0.6426 0.2806 0.0768 
      H376.4 11 0.8228 0.1455 0.0317 
      H376.5 11 0.8683 0.1044 0.0273 
      H376.6 11 0.7895 0.1832 0.0273 
      H381.1 11 0.1964 0.5527 0.2509 
      H381.2 11 0.0627 0.3535 0.5838 
      H381.3 11 0.2850 0.4898 0.2252 
      H381.4 11 0.1338 0.4348 0.4314 
      H381.5 11 0.0160 0.4988 0.4852 
      H381.6 11 0.1922 0.6019 0.2058 
      H381.7 11 0.1320 0.3685 0.4996 
      H386.1 11 0.0122 0.9408 0.0470 
      H386.2 11 0.0196 0.6218 0.3586 
      H386.3 11 0.0352 0.7188 0.2460 
      H386.4 11 0.1047 0.7648 0.1305 
      H386.5 11 0.0237 0.9350 0.0413 
      H386.6 11 0.0408 0.9240 0.0352 
 H387.1_2001 11 0.1202 0.2010 0.6788 
 H387.2_2001 11 0.5995 0.0229 0.3776 
 H387.3_2001 11 0.8795 0.0498 0.0706 
 H387.4_2001 11 0.1315 0.0779 0.7905 
 H387.5_2001 11 0.1351 0.0108 0.8541 
 H387.6_2001 11 0.0219 0.0219 0.9562 
 H387.7_2001 11 0.1954 0.0618 0.7428 
      H387.9 11 0.4544 0.0376 0.5080 
      H392.1 11 0.0118 0.9167 0.0714 
      H392.2 11 0.0245 0.9209 0.0546 
      H392.3 11 0.0099 0.9713 0.0187 
      H392.4 11 0.0236 0.8392 0.1372 
      H392.5 11 0.1259 0.7997 0.0744 
      H392.6 11 0.0110 0.9680 0.0210 
      H392.7 11 0.0430 0.8730 0.0840 
 H393.1_2001 11 0.9194 0.0137 0.0668 
 H393.1_2002 11 0.0739 0.0366 0.8894 
 H393.2_2001 11 0.1709 0.0295 0.7996 
 H393.2_2002 11 0.1951 0.0258 0.7790 
 H393.3_2001 11 0.6168 0.0202 0.3630 
 H393.3_2002 11 0.1778 0.0487 0.7735 
 H393.4_2001 11 0.8074 0.0332 0.1594 
 H393.4_2002 11 0.4596 0.0252 0.5152 
      H393.5 11 0.8920 0.0211 0.0869 
      H393.7 11 0.9327 0.0174 0.0499 
      H393.8 11 0.9423 0.0209 0.0368 
      H393.9 11 0.1746 0.0291 0.7962 
      H394.1 11 0.2271 0.0557 0.7172 
      H394.2 11 0.1449 0.0786 0.7765 
      H394.3 11 0.7831 0.0361 0.1808 
      H394.4 11 0.0229 0.0116 0.9655 
      H394.5 11 0.6874 0.1626 0.1500 
      H394.6 11 0.1015 0.0534 0.8451 
      H394.7 11 0.0153 0.0189 0.9658 
      H394.8 11 0.7277 0.0558 0.2165 
      H394.9 11 0.0403 0.0125 0.9472 
      H412.1 11 0.0141 0.0152 0.9707 
      H412.2 11 0.0156 0.1346 0.8497 
      H412.3 11 0.0218 0.0135 0.9648 
      H412.4 11 0.0167 0.1674 0.8160 
      H412.5 11 0.0136 0.0208 0.9656 
      H412.6 11 0.0131 0.0166 0.9704 
      H412.7 11 0.0135 0.0183 0.9682 
      H412.8 11 0.0275 0.0178 0.9547 
      H412.9 11 0.0130 0.0187 0.9683 
        H439 11 0.5953 0.3417 0.0630 
      H439.1 11 0.4890 0.0589 0.4521 
      H439.2 11 0.2536 0.5736 0.1728 
      H439.3 11 0.3962 0.4015 0.2022 
      H439.4 11 0.6177 0.3422 0.0401 
      H439.5 11 0.3754 0.3860 0.2386 
      H439.6 11 0.8641 0.0710 0.0649 
      H439.7 11 0.3767 0.3502 0.2731 
      H439.8 11 0.5486 0.3722 0.0792 
      H439.9 11 0.2716 0.6771 0.0514 
 H441.1_2004 11 0.0490 0.6708 0.2802 
 H441.1_2005 11 0.0129 0.9602 0.0269 
 H441.2_2004 11 0.0343 0.7093 0.2564 
 H441.2_2005 11 0.0159 0.8833 0.1008 
 H441.3_2004 11 0.0692 0.5785 0.3524 
 H441.3_2005 11 0.0140 0.9151 0.0709 
 H441.4_2004 11 0.0222 0.7075 0.2704 
 H441.4_2005 11 0.0194 0.8580 0.1226 
 H441.5_2004 11 0.0311 0.7321 0.2368 
 H441.5_2005 11 0.0205 0.8552 0.1242 
 H441.6_2004 11 0.0376 0.1128 0.8496 
 H441.6_2005 11 0.0229 0.7260 0.2511 
 H441.7_2004 11 0.0204 0.2652 0.7144 
 H441.7_2005 11 0.0627 0.7081 0.2293 
 H441.8_2004 11 0.0309 0.1085 0.8606 
 H441.8_2005 11 0.0130 0.9060 0.0810 
 H441.9_2004 11 0.1031 0.7835 0.1133 
 H441.9_2005 11 0.1004 0.7214 0.1783 
 H442.1_2004 11 0.0864 0.0538 0.8597 
 H442.1_2005 11 0.0865 0.0736 0.8399 
 H442.2_2004 11 0.2353 0.0956 0.6691 
 H442.2_2005 11 0.0645 0.0721 0.8634 
 H442.3_2004 11 0.0615 0.4093 0.5292 
 H442.3_2005 11 0.1270 0.0545 0.8185 
 H442.4_2004 11 0.0976 0.5723 0.3301 
 H442.4_2005 11 0.0251 0.0245 0.9504 
 H442.5_2004 11 0.0190 0.2907 0.6903 
 H442.5_2005 11 0.0290 0.0225 0.9485 
 H442.6_2004 11 0.0431 0.1617 0.7952 
 H442.6_2005 11 0.0858 0.0413 0.8730 
      H442.7 11 0.0406 0.1085 0.8509 
      H442.8 11 0.0163 0.0310 0.9527 
      H442.9 11 0.0604 0.1557 0.7839 
      H446.1 11 0.0403 0.8317 0.1280 
      H446.2 11 0.4129 0.1124 0.4747 
      H446.3 11 0.1361 0.4802 0.3838 
      H446.4 11 0.0840 0.8619 0.0542 
      H446.5 11 0.0337 0.9044 0.0620 
      H446.6 11 0.0304 0.8225 0.1470 
      H446.7 11 0.2338 0.3281 0.4381 
      H447.1 11 0.1495 0.8173 0.0333 
      H447.2 11 0.1848 0.6623 0.1529 
      H447.3 11 0.0364 0.8500 0.1136 
      H447.4 11 0.1026 0.8485 0.0489 
      H447.5 11 0.0255 0.8487 0.1259 
      H447.6 11 0.3075 0.6239 0.0686 
      H447.7 11 0.0747 0.8754 0.0499 
      H447.8 11 0.0330 0.8702 0.0968 
      H447.9 11 0.0508 0.9122 0.0370 
      H448.1 11 0.7686 0.0880 0.1434 
      H448.2 11 0.1306 0.0264 0.8429 
      H448.3 11 0.3321 0.0459 0.6220 
      H448.4 11 0.1191 0.0243 0.8566 
      H586.1 11 0.0448 0.9190 0.0362 
