      H008.1  2 0.0604 0.0049 0.0131 0.0374 0.0101 0.0167 0.0081 0.0137 0.0063 0.0098 0.0052 0.0063 0.0074 0.0057 0.0097 0.0101 0.2626 0.0100 0.0103 0.4475 0.0123 0.0055 0.0066 0.0082 0.0069 0.0054 
      H008.2  2 0.0335 0.0031 0.0056 0.0055 0.0075 0.0053 0.0077 0.0081 0.0072 0.0061 0.0054 0.0083 0.0049 0.0049 0.0070 0.0035 0.0062 0.0074 0.0083 0.8159 0.0052 0.0056 0.0106 0.0063 0.0046 0.0063 
      H008.3  2 0.0307 0.0043 0.0043 0.0039 0.0072 0.0105 0.0051 0.0082 0.0048 0.0110 0.0055 0.0084 0.0050 0.0072 0.0073 0.0059 0.0113 0.0039 0.0048 0.8168 0.0057 0.0045 0.0058 0.0061 0.0048 0.0070 
      H008.4  2 0.0572 0.0068 0.0056 0.0169 0.0109 0.0035 0.0061 0.0085 0.0041 0.0138 0.0077 0.0076 0.0039 0.0105 0.0052 0.0048 0.0473 0.0055 0.0069 0.7174 0.0131 0.0045 0.0053 0.0092 0.0058 0.0118 
      H008.5  2 0.0257 0.0034 0.0035 0.0077 0.0070 0.0073 0.0093 0.0101 0.0055 0.0148 0.0043 0.0053 0.0043 0.0083 0.0057 0.0075 0.1493 0.0046 0.0077 0.6694 0.0063 0.0043 0.0044 0.0072 0.0058 0.0111 
      H008.6  2 0.0100 0.0029 0.0050 0.0045 0.0089 0.0039 0.0052 0.0054 0.0056 0.0092 0.0073 0.0026 0.0037 0.0053 0.0062 0.0029 0.0136 0.0032 0.0056 0.8568 0.0059 0.0047 0.0056 0.0052 0.0060 0.0048 
      H008.7  2 0.0586 0.0081 0.0058 0.0199 0.0122 0.0056 0.0055 0.0098 0.0046 0.0085 0.0117 0.0142 0.0062 0.0100 0.0091 0.0055 0.0175 0.0057 0.0079 0.7303 0.0081 0.0059 0.0060 0.0064 0.0047 0.0124 
      H008.8  2 0.2780 0.0050 0.0355 0.0138 0.0299 0.0135 0.0062 0.0080 0.0056 0.0055 0.0052 0.0098 0.0046 0.0066 0.0070 0.0108 0.0358 0.0133 0.0101 0.3916 0.0083 0.0107 0.0628 0.0107 0.0069 0.0046 
      H008.9  2 0.0240 0.0079 0.0071 0.0032 0.0798 0.0078 0.0054 0.0068 0.0047 0.0074 0.0107 0.0069 0.0076 0.0094 0.0236 0.0050 0.0063 0.0039 0.0100 0.7216 0.0039 0.0052 0.0157 0.0082 0.0044 0.0036 
 H029.1_2002  2 0.0121 0.0042 0.0237 0.6611 0.0129 0.0043 0.0092 0.0068 0.0061 0.0037 0.0139 0.0065 0.0063 0.0082 0.0055 0.0048 0.0560 0.0065 0.0095 0.0092 0.0227 0.0253 0.0162 0.0038 0.0165 0.0451 
 H029.1_2003  2 0.0195 0.0051 0.0079 0.4790 0.0231 0.0176 0.0103 0.0146 0.0087 0.0091 0.0120 0.0046 0.0132 0.0511 0.0052 0.0044 0.0054 0.0095 0.0130 0.1304 0.0071 0.0220 0.0213 0.0092 0.0065 0.0903 
 H029.2_2002  2 0.0082 0.0035 0.0036 0.7898 0.0060 0.0065 0.0083 0.0084 0.0038 0.0057 0.0092 0.0165 0.0043 0.0213 0.0068 0.0031 0.0096 0.0058 0.0053 0.0188 0.0059 0.0191 0.0039 0.0072 0.0086 0.0107 
 H029.2_2003  2 0.0109 0.0043 0.0054 0.5445 0.0149 0.0209 0.0162 0.0161 0.0156 0.0140 0.0172 0.0066 0.0260 0.0262 0.0063 0.0057 0.0138 0.0137 0.0270 0.0693 0.0038 0.0175 0.0087 0.0238 0.0417 0.0302 
 H029.3_2002  2 0.0077 0.0034 0.0038 0.7631 0.0050 0.0068 0.0078 0.0134 0.0074 0.0075 0.0217 0.0147 0.0067 0.0276 0.0056 0.0036 0.0050 0.0059 0.0073 0.0192 0.0041 0.0183 0.0098 0.0071 0.0065 0.0109 
 H029.3_2003  2 0.0086 0.0047 0.0030 0.6889 0.0055 0.0097 0.0086 0.0267 0.0168 0.0125 0.0049 0.0081 0.0143 0.0150 0.0109 0.0051 0.0281 0.0120 0.0048 0.0301 0.0062 0.0056 0.0078 0.0074 0.0145 0.0400 
 H029.4_2002  2 0.0060 0.0029 0.0042 0.8932 0.0026 0.0042 0.0033 0.0050 0.0036 0.0047 0.0062 0.0050 0.0047 0.0063 0.0038 0.0044 0.0042 0.0050 0.0032 0.0038 0.0068 0.0025 0.0042 0.0027 0.0034 0.0041 
 H029.4_2003  2 0.0142 0.0035 0.0092 0.6066 0.0086 0.0542 0.0066 0.0137 0.0084 0.0048 0.0082 0.0050 0.0129 0.0121 0.0095 0.0128 0.0062 0.0386 0.0089 0.0121 0.0077 0.0080 0.0156 0.0072 0.0073 0.0982 
 H029.5_2002  2 0.0060 0.0045 0.0047 0.8200 0.0069 0.0042 0.0055 0.0048 0.0043 0.0044 0.0044 0.0063 0.0042 0.0104 0.0055 0.0032 0.0180 0.0079 0.0047 0.0055 0.0200 0.0076 0.0050 0.0035 0.0105 0.0177 
 H029.5_2003  2 0.0062 0.0041 0.0047 0.7778 0.0072 0.0132 0.0101 0.0069 0.0043 0.0064 0.0070 0.0031 0.0101 0.0063 0.0051 0.0063 0.0058 0.0076 0.0050 0.0406 0.0093 0.0061 0.0089 0.0036 0.0043 0.0300 
 H029.6_2002  2 0.0082 0.0029 0.0025 0.8777 0.0028 0.0032 0.0041 0.0061 0.0039 0.0040 0.0051 0.0064 0.0049 0.0075 0.0031 0.0034 0.0038 0.0041 0.0060 0.0062 0.0045 0.0028 0.0057 0.0045 0.0034 0.0131 
 H029.6_2003  2 0.0055 0.0077 0.0075 0.5305 0.0142 0.0800 0.0136 0.0190 0.0131 0.0087 0.0055 0.0066 0.0145 0.0391 0.0082 0.0132 0.0405 0.0398 0.0074 0.0099 0.0094 0.0090 0.0098 0.0097 0.0580 0.0196 
      H029.7  2 0.0070 0.0031 0.0046 0.8635 0.0044 0.0065 0.0049 0.0043 0.0030 0.0030 0.0071 0.0084 0.0034 0.0095 0.0036 0.0034 0.0092 0.0053 0.0045 0.0060 0.0066 0.0064 0.0026 0.0078 0.0069 0.0050 
      H030.1  2 0.0068 0.0261 0.0058 0.0392 0.0184 0.0091 0.0528 0.0447 0.2648 0.0199 0.0049 0.0155 0.0321 0.0070 0.0439 0.0075 0.0397 0.0293 0.0108 0.0107 0.0072 0.0109 0.0148 0.0081 0.1927 0.0775 
      H030.2  2 0.0249 0.0230 0.0090 0.0253 0.0063 0.0159 0.0054 0.0102 0.3692 0.0402 0.0803 0.1148 0.0084 0.0055 0.0372 0.0225 0.0252 0.0220 0.0043 0.0099 0.0349 0.0481 0.0052 0.0039 0.0096 0.0388 
      H038.1  2 0.0103 0.0033 0.0060 0.8446 0.0074 0.0040 0.0047 0.0051 0.0061 0.0099 0.0092 0.0031 0.0043 0.0047 0.0029 0.0045 0.0139 0.0079 0.0108 0.0056 0.0044 0.0065 0.0051 0.0070 0.0044 0.0042 
      H038.2  2 0.0038 0.0072 0.0033 0.8757 0.0028 0.0045 0.0041 0.0080 0.0058 0.0040 0.0035 0.0044 0.0038 0.0035 0.0032 0.0045 0.0108 0.0035 0.0046 0.0054 0.0067 0.0086 0.0030 0.0029 0.0075 0.0048 
      H038.3  2 0.0046 0.0073 0.0081 0.8012 0.0063 0.0030 0.0047 0.0129 0.0073 0.0121 0.0135 0.0046 0.0046 0.0042 0.0072 0.0085 0.0086 0.0136 0.0067 0.0076 0.0097 0.0092 0.0046 0.0039 0.0223 0.0036 
      H038.4  2 0.0064 0.0102 0.0066 0.8192 0.0061 0.0033 0.0049 0.0095 0.0045 0.0075 0.0129 0.0045 0.0043 0.0049 0.0043 0.0057 0.0103 0.0132 0.0078 0.0116 0.0082 0.0071 0.0054 0.0039 0.0134 0.0043 
      H038.5  2 0.0043 0.0042 0.0039 0.8650 0.0035 0.0054 0.0046 0.0074 0.0078 0.0044 0.0086 0.0048 0.0055 0.0050 0.0037 0.0075 0.0045 0.0135 0.0030 0.0051 0.0042 0.0041 0.0058 0.0024 0.0072 0.0045 
      H038.6  2 0.0069 0.0030 0.0044 0.8388 0.0036 0.0061 0.0053 0.0066 0.0048 0.0038 0.0062 0.0036 0.0055 0.0038 0.0042 0.0062 0.0356 0.0059 0.0063 0.0061 0.0055 0.0077 0.0051 0.0030 0.0068 0.0053 
      H038.7  2 0.0054 0.0029 0.0046 0.7555 0.0037 0.0041 0.0039 0.0202 0.0051 0.0041 0.0064 0.0027 0.0064 0.0036 0.0051 0.0057 0.0751 0.0118 0.0058 0.0054 0.0095 0.0200 0.0039 0.0029 0.0222 0.0041 
      H038.8  2 0.0038 0.0106 0.0049 0.8335 0.0043 0.0035 0.0044 0.0062 0.0055 0.0072 0.0265 0.0043 0.0039 0.0036 0.0051 0.0084 0.0065 0.0090 0.0074 0.0056 0.0060 0.0077 0.0037 0.0036 0.0113 0.0034 
      H041.1  2 0.0161 0.0141 0.0086 0.2019 0.0305 0.0133 0.0092 0.0286 0.0066 0.0065 0.0133 0.0727 0.0053 0.0075 0.0347 0.0056 0.0148 0.2954 0.0149 0.0231 0.0278 0.0036 0.0030 0.0113 0.0188 0.1129 
      H041.2  2 0.0171 0.0069 0.0105 0.1072 0.0244 0.0067 0.0066 0.0107 0.0076 0.0218 0.0187 0.0046 0.0056 0.0246 0.0245 0.0046 0.0134 0.0134 0.0078 0.0343 0.0466 0.0089 0.0079 0.0066 0.0119 0.5470 
      H041.4  2 0.0177 0.0086 0.0106 0.5557 0.0426 0.0349 0.0048 0.0110 0.0063 0.0091 0.0168 0.0078 0.0050 0.0188 0.0189 0.0047 0.0103 0.0292 0.0125 0.0321 0.0173 0.0061 0.0090 0.0122 0.0102 0.0879 
      H041.6  2 0.0331 0.0139 0.0263 0.3020 0.0372 0.0374 0.0058 0.0433 0.0081 0.0218 0.0121 0.0153 0.0042 0.0231 0.0323 0.0090 0.0197 0.0230 0.0124 0.0187 0.0576 0.0076 0.0102 0.0390 0.0159 0.1710 
 H042.1_2002  2 0.0412 0.0311 0.0238 0.0039 0.0156 0.0089 0.0132 0.0079 0.0053 0.0533 0.0110 0.0081 0.0048 0.0071 0.0068 0.0283 0.0092 0.0086 0.0098 0.0067 0.0123 0.0100 0.0045 0.0070 0.0073 0.6545 
 H042.1_2003  2 0.0255 0.0198 0.0383 0.0117 0.0282 0.0191 0.0479 0.0137 0.0238 0.1171 0.1106 0.0179 0.0089 0.0109 0.0659 0.0088 0.1518 0.0117 0.0337 0.1058 0.0177 0.0282 0.0146 0.0083 0.0264 0.0338 
 H042.2_2002  2 0.2223 0.0069 0.0034 0.2444 0.0064 0.0149 0.0170 0.0274 0.0042 0.0176 0.0193 0.0082 0.0372 0.0430 0.0047 0.0164 0.0073 0.0174 0.0047 0.0038 0.1144 0.0111 0.0035 0.0077 0.0041 0.1326 
 H042.2_2003  2 0.0768 0.0151 0.0252 0.0681 0.0426 0.0450 0.0166 0.0219 0.0075 0.0512 0.0055 0.0033 0.0043 0.0209 0.0210 0.0077 0.0637 0.0074 0.0092 0.0196 0.0361 0.0094 0.0074 0.0079 0.0203 0.3862 
 H042.3_2002  2 0.0502 0.0133 0.0195 0.0055 0.0074 0.0254 0.0171 0.0103 0.0080 0.3585 0.0129 0.0054 0.0148 0.0192 0.0125 0.0387 0.0058 0.0220 0.0059 0.0060 0.0385 0.0076 0.0036 0.0111 0.0055 0.2753 
 H042.3_2003  2 0.1225 0.0123 0.0268 0.0235 0.0095 0.1338 0.0103 0.0252 0.0081 0.1409 0.0216 0.0177 0.0186 0.0111 0.0222 0.0486 0.0089 0.0859 0.0093 0.0072 0.1137 0.0065 0.0037 0.0112 0.0085 0.0924 
 H042.4_2002  2 0.0189 0.0227 0.0085 0.0410 0.0246 0.0521 0.0071 0.0123 0.0097 0.0203 0.0191 0.0084 0.0071 0.0234 0.0063 0.0054 0.0088 0.0334 0.0208 0.0072 0.0094 0.0048 0.0053 0.0045 0.0082 0.6108 
 H042.4_2003  2 0.0281 0.0217 0.0333 0.1086 0.0204 0.0136 0.0105 0.0164 0.0070 0.0102 0.0058 0.0169 0.0050 0.0092 0.0112 0.0049 0.0172 0.1425 0.0356 0.0047 0.0210 0.0073 0.0042 0.0162 0.0485 0.3801 
      H042.5  2 0.0130 0.0071 0.0087 0.0104 0.0057 0.0121 0.0060 0.0082 0.0035 0.0060 0.0025 0.0039 0.0051 0.0064 0.0070 0.0042 0.0045 0.0118 0.0087 0.0033 0.0064 0.0044 0.0041 0.0096 0.0077 0.8296 
      H042.6  2 0.1844 0.0095 0.0151 0.0097 0.0060 0.0050 0.0085 0.0116 0.0051 0.0127 0.0100 0.0064 0.0074 0.0065 0.0040 0.0099 0.0099 0.0496 0.0312 0.0038 0.0117 0.0079 0.0035 0.0323 0.0079 0.5304 
      H042.7  2 0.0680 0.0419 0.0342 0.0242 0.0075 0.0103 0.0094 0.0144 0.0056 0.1787 0.0059 0.0060 0.0044 0.0305 0.0130 0.0126 0.0084 0.0531 0.0060 0.0038 0.0220 0.0412 0.0068 0.0068 0.0281 0.3572 
      H042.8  2 0.0631 0.0113 0.0107 0.0086 0.0094 0.0266 0.0121 0.0068 0.0030 0.0225 0.0175 0.0034 0.0087 0.0316 0.0145 0.0084 0.0091 0.0151 0.0036 0.0080 0.0324 0.0082 0.0063 0.0129 0.0047 0.6416 
   H042_2002  2 0.5431 0.0072 0.0197 0.0135 0.0173 0.0339 0.0105 0.0117 0.0070 0.0178 0.0165 0.0037 0.0086 0.0161 0.0171 0.0066 0.0173 0.0225 0.0245 0.0062 0.0950 0.0197 0.0078 0.0260 0.0147 0.0162 
   H042_2003  2 0.5557 0.0076 0.0189 0.0129 0.0152 0.0409 0.0096 0.0099 0.0062 0.0173 0.0186 0.0030 0.0083 0.0197 0.0205 0.0087 0.0158 0.0247 0.0213 0.0077 0.0788 0.0210 0.0086 0.0235 0.0112 0.0142 
      H043.1  2 0.0097 0.0038 0.0054 0.0055 0.0027 0.0056 0.0065 0.0070 0.0067 0.0055 0.0082 0.0048 0.0071 0.0026 0.0077 0.0093 0.0073 0.8456 0.0079 0.0080 0.0043 0.0060 0.0052 0.0073 0.0066 0.0038 
      H043.2  2 0.0135 0.0034 0.0361 0.0107 0.0077 0.0056 0.0114 0.0088 0.0052 0.0088 0.0191 0.0033 0.0058 0.0068 0.0086 0.0223 0.0161 0.6891 0.0372 0.0151 0.0050 0.0064 0.0120 0.0332 0.0045 0.0041 
      H043.3  2 0.0115 0.0034 0.0068 0.0060 0.0052 0.0039 0.0055 0.0044 0.0049 0.0080 0.0087 0.0031 0.0041 0.0040 0.0057 0.0096 0.0268 0.8194 0.0046 0.0050 0.0099 0.0134 0.0051 0.0064 0.0099 0.0046 
      H043.4  2 0.0143 0.0044 0.0163 0.0056 0.0060 0.0033 0.0103 0.0058 0.0056 0.0065 0.0111 0.0030 0.0055 0.0036 0.0063 0.0094 0.0209 0.7866 0.0239 0.0050 0.0092 0.0072 0.0040 0.0148 0.0071 0.0042 
      H043.5  2 0.0114 0.0033 0.0129 0.0078 0.0078 0.0054 0.0064 0.0066 0.0037 0.0092 0.0260 0.0038 0.0051 0.0045 0.0096 0.0381 0.0071 0.7603 0.0123 0.0136 0.0101 0.0059 0.0140 0.0059 0.0051 0.0039 
      H043.6  2 0.0105 0.0032 0.0101 0.0118 0.0074 0.0035 0.0053 0.0064 0.0042 0.0100 0.0192 0.0025 0.0040 0.0059 0.0033 0.0094 0.0096 0.8308 0.0088 0.0044 0.0058 0.0065 0.0046 0.0051 0.0040 0.0039 
      H043.7  2 0.0055 0.0039 0.0266 0.0043 0.0057 0.0025 0.0045 0.0039 0.0047 0.0052 0.0102 0.0024 0.0035 0.0024 0.0062 0.0060 0.0074 0.8381 0.0048 0.0038 0.0069 0.0068 0.0033 0.0201 0.0082 0.0031 
      H043.8  2 0.0070 0.0048 0.0195 0.0045 0.0037 0.0035 0.0038 0.0080 0.0072 0.0064 0.0065 0.0056 0.0061 0.0036 0.0070 0.0186 0.0049 0.8371 0.0044 0.0042 0.0054 0.0039 0.0083 0.0072 0.0055 0.0033 
      H043.9  2 0.0142 0.0027 0.0044 0.0095 0.0036 0.0040 0.0035 0.0050 0.0052 0.0041 0.0067 0.0050 0.0044 0.0027 0.0041 0.0049 0.0078 0.8653 0.0048 0.0034 0.0071 0.0066 0.0047 0.0059 0.0058 0.0048 
      H047.1  2 0.0339 0.0035 0.0144 0.0565 0.0053 0.0063 0.0143 0.0075 0.0043 0.0129 0.0061 0.0038 0.0038 0.0040 0.2499 0.0111 0.3662 0.0037 0.0041 0.0098 0.1413 0.0179 0.0034 0.0057 0.0061 0.0044 
      H047.2  2 0.0144 0.0126 0.0192 0.4563 0.0131 0.0064 0.0441 0.0129 0.0068 0.0053 0.0050 0.0201 0.0176 0.0084 0.0511 0.0038 0.0244 0.0220 0.0124 0.0234 0.1594 0.0173 0.0088 0.0066 0.0204 0.0082 
      H047.3  2 0.0114 0.0145 0.0124 0.2193 0.0107 0.0116 0.0720 0.0195 0.0064 0.0074 0.0038 0.0232 0.0288 0.0178 0.0562 0.0034 0.0536 0.0168 0.0070 0.0201 0.3383 0.0111 0.0045 0.0128 0.0114 0.0062 
      H047.4  2 0.0223 0.0114 0.0200 0.2804 0.0215 0.0084 0.0081 0.0393 0.0058 0.0064 0.0039 0.0058 0.0060 0.0096 0.1165 0.0058 0.0358 0.0236 0.0093 0.0240 0.2356 0.0211 0.0089 0.0091 0.0412 0.0202 
      H047.5  2 0.0213 0.0155 0.0080 0.0889 0.0097 0.0067 0.0223 0.0290 0.0081 0.0080 0.0030 0.0052 0.0099 0.0121 0.0818 0.0035 0.1403 0.0153 0.0062 0.0253 0.4312 0.0075 0.0046 0.0249 0.0075 0.0041 
      H047.6  2 0.0063 0.0079 0.0166 0.2270 0.0094 0.0049 0.0109 0.0087 0.0043 0.0042 0.0060 0.0076 0.0070 0.0105 0.3422 0.0030 0.0148 0.0101 0.0061 0.0106 0.2392 0.0100 0.0050 0.0056 0.0090 0.0130 
      H047.7  2 0.0385 0.0077 0.0188 0.1835 0.0059 0.0072 0.0081 0.0107 0.0043 0.0079 0.0078 0.0077 0.0031 0.0051 0.1692 0.0175 0.0954 0.0040 0.0030 0.0051 0.3571 0.0091 0.0030 0.0042 0.0064 0.0097 
      H047.8  2 0.0203 0.0082 0.0309 0.1573 0.0081 0.0133 0.0286 0.0119 0.0061 0.0084 0.0046 0.0074 0.0099 0.0090 0.3060 0.0093 0.0413 0.0065 0.0072 0.0138 0.2469 0.0104 0.0056 0.0117 0.0065 0.0107 
      H047.9  2 0.0852 0.0242 0.0090 0.1601 0.0108 0.0104 0.0516 0.0227 0.0047 0.0161 0.0034 0.0043 0.0030 0.0075 0.0300 0.0109 0.0842 0.0091 0.0069 0.0075 0.3889 0.0146 0.0042 0.0138 0.0113 0.0056 
 H071.1_2002  2 0.0066 0.0039 0.0076 0.0571 0.0067 0.0062 0.0133 0.0050 0.0075 0.0085 0.0055 0.0034 0.0047 0.0063 0.0034 0.0086 0.7515 0.0348 0.0085 0.0044 0.0130 0.0080 0.0034 0.0067 0.0082 0.0071 
 H071.1_2003  2 0.0072 0.0041 0.0188 0.0125 0.0228 0.0082 0.0096 0.0057 0.0201 0.0104 0.0085 0.0026 0.0050 0.0085 0.0062 0.0043 0.6864 0.0642 0.0291 0.0099 0.0064 0.0092 0.0043 0.0150 0.0146 0.0065 
     H071.10  2 0.0198 0.0083 0.0060 0.5644 0.0035 0.0038 0.0036 0.0083 0.0376 0.0079 0.0064 0.0070 0.0056 0.0031 0.0030 0.2152 0.0337 0.0107 0.0051 0.0028 0.0143 0.0075 0.0088 0.0047 0.0042 0.0048 
 H071.2_2002  2 0.0146 0.0064 0.0274 0.5844 0.0145 0.0075 0.0097 0.0094 0.0097 0.0143 0.0062 0.0031 0.0064 0.0120 0.0069 0.0188 0.1083 0.0112 0.0281 0.0346 0.0100 0.0087 0.0210 0.0175 0.0055 0.0039 
 H071.2_2003  2 0.0058 0.0029 0.0061 0.0295 0.0070 0.0048 0.0082 0.0045 0.0071 0.0061 0.0033 0.0024 0.0043 0.0046 0.0028 0.0039 0.8482 0.0063 0.0070 0.0071 0.0041 0.0040 0.0041 0.0052 0.0043 0.0066 
      H071.3  2 0.0165 0.0065 0.0043 0.0190 0.0042 0.0068 0.0044 0.0101 0.0104 0.0046 0.0078 0.0070 0.0057 0.0030 0.0084 0.0875 0.7265 0.0129 0.0038 0.0085 0.0119 0.0054 0.0078 0.0063 0.0059 0.0047 
 H071.4_2002  2 0.0114 0.0194 0.0112 0.6489 0.0050 0.0041 0.0063 0.0090 0.0181 0.0052 0.0115 0.0050 0.0070 0.0051 0.0032 0.1292 0.0134 0.0268 0.0102 0.0043 0.0086 0.0078 0.0132 0.0052 0.0068 0.0041 
 H071.4_2003  2 0.0283 0.0071 0.0046 0.0260 0.0035 0.0059 0.0061 0.0079 0.0067 0.0028 0.0029 0.0038 0.0044 0.0021 0.0048 0.0760 0.7576 0.0042 0.0036 0.0058 0.0073 0.0078 0.0074 0.0042 0.0047 0.0045 
 H071.5_2002  2 0.0212 0.0097 0.0050 0.2054 0.0048 0.0039 0.0042 0.0065 0.0212 0.0043 0.0064 0.0106 0.0046 0.0035 0.0040 0.0499 0.5622 0.0144 0.0057 0.0034 0.0170 0.0067 0.0050 0.0079 0.0063 0.0064 
 H071.5_2003  2 0.0242 0.0073 0.0069 0.0093 0.0067 0.0061 0.0076 0.0071 0.0080 0.0030 0.0029 0.0032 0.0088 0.0036 0.0069 0.0644 0.7447 0.0141 0.0049 0.0061 0.0226 0.0073 0.0080 0.0049 0.0076 0.0038 
 H071.6_2002  2 0.1417 0.0049 0.0066 0.1067 0.0042 0.0047 0.0041 0.0102 0.0207 0.0067 0.0058 0.0048 0.0144 0.0037 0.0037 0.2377 0.3287 0.0051 0.0106 0.0066 0.0174 0.0094 0.0230 0.0095 0.0051 0.0040 
 H071.6_2003  2 0.0156 0.0059 0.0088 0.0074 0.0050 0.0045 0.0051 0.0069 0.0242 0.0045 0.0033 0.0034 0.0053 0.0028 0.0052 0.0247 0.7995 0.0175 0.0043 0.0034 0.0119 0.0073 0.0048 0.0035 0.0108 0.0045 
 H071.7_2002  2 0.0161 0.0029 0.0044 0.0077 0.0045 0.0042 0.0043 0.0044 0.0032 0.0050 0.0046 0.0035 0.0046 0.0032 0.0040 0.0132 0.8479 0.0058 0.0042 0.0090 0.0074 0.0146 0.0082 0.0055 0.0043 0.0036 
 H071.7_2003  2 0.0125 0.0085 0.0087 0.0161 0.0045 0.0041 0.0068 0.0070 0.0156 0.0061 0.0039 0.0035 0.0082 0.0029 0.0051 0.0381 0.7610 0.0358 0.0057 0.0044 0.0140 0.0050 0.0044 0.0052 0.0087 0.0044 
      H071.8  2 0.0230 0.0046 0.0132 0.6009 0.0135 0.0059 0.0062 0.0114 0.0056 0.0090 0.0064 0.0032 0.0038 0.0098 0.0058 0.0078 0.0980 0.0086 0.0149 0.0671 0.0066 0.0073 0.0428 0.0146 0.0056 0.0046 
      H071.9  2 0.0167 0.0124 0.0121 0.5054 0.0160 0.0070 0.0054 0.0185 0.0167 0.0060 0.0077 0.0071 0.0125 0.0097 0.0103 0.0795 0.0118 0.0891 0.0269 0.0113 0.0396 0.0054 0.0413 0.0108 0.0101 0.0106 
 H081.1_2002  2 0.0118 0.0090 0.0051 0.0381 0.0161 0.0066 0.0055 0.0072 0.0082 0.0054 0.0049 0.0088 0.0071 0.0143 0.0038 0.0053 0.7775 0.0046 0.0112 0.0054 0.0105 0.0043 0.0041 0.0144 0.0043 0.0061 
 H081.1_2003  2 0.0503 0.0111 0.0107 0.0267 0.0491 0.0113 0.0181 0.0256 0.0298 0.0517 0.1730 0.0131 0.0627 0.0310 0.0094 0.0055 0.0390 0.0116 0.1403 0.0748 0.0173 0.0454 0.0133 0.0105 0.0427 0.0259 
 H081.2_2002  2 0.0168 0.0082 0.0078 0.0419 0.0065 0.0056 0.0053 0.0072 0.0040 0.0070 0.0049 0.0040 0.0062 0.0094 0.0062 0.0033 0.7508 0.0091 0.0099 0.0056 0.0090 0.0059 0.0059 0.0468 0.0081 0.0048 
 H081.2_2003  2 0.0384 0.0084 0.0113 0.0084 0.0113 0.0125 0.0083 0.0958 0.4577 0.0153 0.0055 0.0335 0.0106 0.0044 0.0056 0.0154 0.0274 0.0187 0.0745 0.0323 0.0089 0.0042 0.0217 0.0438 0.0173 0.0090 
 H081.3_2002  2 0.0225 0.0084 0.0424 0.5505 0.0096 0.0047 0.0049 0.0159 0.0110 0.0130 0.0060 0.0071 0.0048 0.0054 0.0131 0.0054 0.0958 0.0092 0.0382 0.0464 0.0073 0.0057 0.0185 0.0302 0.0176 0.0064 
 H081.3_2003  2 0.0221 0.0112 0.0374 0.0159 0.0122 0.0082 0.0123 0.0164 0.2636 0.0128 0.0094 0.0179 0.0148 0.0100 0.0093 0.0165 0.0077 0.1538 0.2262 0.0193 0.0133 0.0064 0.0445 0.0194 0.0090 0.0103 
 H081.4_2002  2 0.0133 0.0087 0.0056 0.0494 0.0052 0.0138 0.0075 0.0095 0.0104 0.0103 0.0042 0.0061 0.0067 0.0043 0.0057 0.0123 0.7577 0.0066 0.0064 0.0175 0.0080 0.0056 0.0083 0.0043 0.0074 0.0049 
 H081.4_2003  2 0.0091 0.0195 0.0164 0.0101 0.0520 0.0147 0.0210 0.0220 0.1750 0.0261 0.0104 0.0133 0.0508 0.0316 0.0047 0.0061 0.0225 0.0143 0.3087 0.0232 0.0091 0.0141 0.0155 0.0161 0.0728 0.0210 
 H081.5_2002  2 0.0076 0.0043 0.0114 0.0297 0.0083 0.0083 0.0065 0.0102 0.0236 0.0143 0.0052 0.0045 0.0059 0.0052 0.0072 0.0045 0.7485 0.0077 0.0176 0.0139 0.0064 0.0125 0.0091 0.0064 0.0126 0.0086 
 H081.5_2003  2 0.0151 0.0155 0.0202 0.0107 0.0636 0.0048 0.0231 0.0186 0.0490 0.0410 0.0171 0.0108 0.0693 0.0344 0.0120 0.0061 0.1511 0.0124 0.1833 0.0183 0.0288 0.0208 0.0106 0.0352 0.1011 0.0272 
      H081.6  2 0.0087 0.0047 0.0038 0.0125 0.0094 0.0074 0.0049 0.0051 0.0043 0.0080 0.0035 0.0036 0.0081 0.0049 0.0034 0.0039 0.8564 0.0035 0.0049 0.0051 0.0069 0.0076 0.0038 0.0046 0.0067 0.0044 
      H081.7  2 0.0188 0.0103 0.0274 0.1584 0.0089 0.0043 0.0057 0.0143 0.0116 0.0180 0.0068 0.0089 0.0095 0.0097 0.0049 0.0086 0.4241 0.0127 0.0335 0.0179 0.0091 0.0046 0.0226 0.1309 0.0125 0.0060 
      H081.8  2 0.0210 0.0114 0.0112 0.6056 0.0119 0.0076 0.0051 0.0333 0.0327 0.0312 0.0070 0.0152 0.0085 0.0083 0.0078 0.0165 0.0409 0.0071 0.0207 0.0165 0.0062 0.0054 0.0320 0.0109 0.0173 0.0085 
      H083.1  2 0.0087 0.0043 0.0031 0.5304 0.0053 0.0055 0.0095 0.0120 0.0094 0.0072 0.0076 0.0375 0.0110 0.0111 0.0065 0.0151 0.1932 0.0112 0.0065 0.0127 0.0317 0.0204 0.0059 0.0086 0.0065 0.0190 
      H083.2  2 0.0068 0.0069 0.0064 0.6651 0.0072 0.0122 0.0096 0.0052 0.0063 0.0032 0.0055 0.0149 0.0127 0.0060 0.0164 0.0082 0.0941 0.0330 0.0081 0.0067 0.0209 0.0132 0.0062 0.0112 0.0062 0.0082 
      H083.4  2 0.0653 0.0073 0.0080 0.5711 0.0044 0.0073 0.0045 0.0159 0.0053 0.0062 0.0138 0.0746 0.0066 0.0039 0.0052 0.0390 0.0308 0.0156 0.0065 0.0094 0.0085 0.0117 0.0464 0.0200 0.0048 0.0080 
      H083.5  2 0.0192 0.0055 0.0042 0.5624 0.0069 0.0061 0.0088 0.0077 0.0040 0.0033 0.0279 0.0754 0.0055 0.0162 0.0065 0.0118 0.1141 0.0060 0.0052 0.0197 0.0061 0.0319 0.0080 0.0130 0.0050 0.0195 
      H083.6  2 0.0136 0.0102 0.0043 0.5287 0.0081 0.0111 0.0075 0.0379 0.0113 0.0145 0.0078 0.1164 0.0188 0.0256 0.0043 0.0209 0.0479 0.0038 0.0070 0.0254 0.0079 0.0081 0.0195 0.0197 0.0070 0.0127 
      H083.7  2 0.0283 0.0164 0.0110 0.6253 0.0047 0.0146 0.0065 0.0100 0.0039 0.0040 0.0103 0.1175 0.0064 0.0051 0.0054 0.0264 0.0099 0.0082 0.0039 0.0115 0.0061 0.0128 0.0197 0.0216 0.0042 0.0063 
      H083.8  2 0.0073 0.0072 0.0069 0.7518 0.0079 0.0130 0.0080 0.0060 0.0034 0.0033 0.0040 0.0117 0.0092 0.0046 0.0130 0.0089 0.0302 0.0259 0.0092 0.0082 0.0207 0.0114 0.0040 0.0119 0.0052 0.0071 
      H083.9  2 0.0108 0.0058 0.0030 0.5312 0.0059 0.0062 0.0063 0.0098 0.0047 0.0055 0.0089 0.1272 0.0047 0.0135 0.0079 0.0083 0.1294 0.0051 0.0036 0.0317 0.0168 0.0120 0.0060 0.0089 0.0063 0.0207 
      H084.1  2 0.0112 0.0117 0.0044 0.0191 0.0077 0.0093 0.0087 0.2293 0.3971 0.0047 0.0776 0.0070 0.0301 0.0349 0.0140 0.0066 0.0042 0.0178 0.0378 0.0049 0.0276 0.0042 0.0090 0.0067 0.0073 0.0071 
      H084.2  2 0.0076 0.0054 0.0067 0.0394 0.0061 0.0075 0.0118 0.1572 0.3401 0.0112 0.0625 0.0049 0.0868 0.0063 0.0064 0.0072 0.0028 0.1132 0.0575 0.0060 0.0056 0.0092 0.0114 0.0033 0.0115 0.0124 
      H084.3  2 0.0072 0.1081 0.0082 0.0104 0.0058 0.0084 0.0139 0.0669 0.2001 0.0196 0.2330 0.0132 0.0552 0.0609 0.0105 0.0049 0.0061 0.0137 0.0429 0.0099 0.0246 0.0187 0.0069 0.0056 0.0258 0.0194 
      H084.4  2 0.0162 0.0279 0.0091 0.0197 0.0078 0.0061 0.0096 0.1610 0.1297 0.0414 0.2144 0.0059 0.0455 0.0326 0.0308 0.0035 0.0067 0.0321 0.0185 0.0342 0.0104 0.0302 0.0153 0.0033 0.0539 0.0344 
      H084.5  2 0.0047 0.0124 0.0076 0.0071 0.0061 0.0052 0.0079 0.1987 0.3236 0.0244 0.0570 0.0064 0.0245 0.0660 0.0185 0.0050 0.0050 0.0067 0.0121 0.0138 0.1217 0.0201 0.0070 0.0083 0.0228 0.0075 
      H084.6  2 0.0045 0.0546 0.0073 0.0089 0.0047 0.0057 0.0048 0.0996 0.5038 0.0129 0.0733 0.0223 0.0065 0.0363 0.0344 0.0045 0.0056 0.0089 0.0134 0.0091 0.0226 0.0164 0.0125 0.0080 0.0096 0.0097 
      H084.7  2 0.0121 0.0083 0.0067 0.0199 0.0079 0.0050 0.0114 0.2457 0.4258 0.0135 0.0120 0.0051 0.1048 0.0123 0.0075 0.0071 0.0054 0.0196 0.0087 0.0062 0.0090 0.0051 0.0105 0.0039 0.0111 0.0153 
      H084.8  2 0.0039 0.0267 0.0052 0.0089 0.0050 0.0053 0.0078 0.2215 0.3426 0.0069 0.0838 0.0075 0.0114 0.1290 0.0296 0.0033 0.0039 0.0052 0.0108 0.0150 0.0159 0.0114 0.0094 0.0062 0.0121 0.0115 
 H085.1_2002  2 0.0210 0.0044 0.0071 0.0155 0.0074 0.0033 0.0048 0.0049 0.0102 0.0108 0.0104 0.0102 0.0083 0.0053 0.0047 0.0053 0.0196 0.0180 0.5030 0.0138 0.0080 0.0049 0.0053 0.2756 0.0079 0.0100 
 H085.1_2003  2 0.0206 0.0130 0.0052 0.0761 0.0071 0.0054 0.0040 0.0952 0.0113 0.0078 0.0179 0.0862 0.0093 0.0087 0.0138 0.0242 0.1473 0.0749 0.1585 0.0204 0.0094 0.0033 0.0168 0.0901 0.0524 0.0210 
 H085.2_2002  2 0.0094 0.0111 0.0472 0.0296 0.0312 0.0037 0.0040 0.0094 0.0107 0.0484 0.0314 0.0672 0.0117 0.0147 0.0055 0.0123 0.0085 0.0143 0.4964 0.0067 0.0057 0.0085 0.0093 0.0835 0.0073 0.0123 
 H085.2_2003  2 0.0614 0.0073 0.0090 0.1482 0.0113 0.0104 0.0111 0.0189 0.0165 0.0248 0.0122 0.0368 0.0249 0.0065 0.0269 0.0138 0.1976 0.0288 0.0553 0.1126 0.0092 0.0072 0.0201 0.0163 0.0763 0.0367 
 H085.3_2002  2 0.0186 0.0094 0.0134 0.0077 0.0283 0.0044 0.0048 0.0154 0.0050 0.0137 0.0041 0.0187 0.0076 0.0078 0.0067 0.0083 0.0253 0.0187 0.3694 0.0052 0.0065 0.0062 0.0036 0.3393 0.0362 0.0156 
 H085.3_2003  2 0.0119 0.0078 0.0049 0.0050 0.0046 0.0085 0.0068 0.0287 0.0061 0.0205 0.0044 0.0051 0.0063 0.0045 0.0098 0.0232 0.6998 0.0182 0.0153 0.0120 0.0032 0.0037 0.0043 0.0115 0.0649 0.0090 
 H085.4_2002  2 0.0428 0.0094 0.0292 0.0302 0.0219 0.0041 0.0076 0.0080 0.0194 0.0376 0.0248 0.0145 0.0122 0.0114 0.0037 0.0208 0.0196 0.0237 0.4576 0.0211 0.0084 0.0060 0.0068 0.1410 0.0065 0.0115 
 H085.4_2003  2 0.0089 0.0203 0.0179 0.1409 0.0385 0.0050 0.0083 0.0088 0.0247 0.0301 0.0044 0.0092 0.0068 0.0070 0.0084 0.0076 0.3750 0.0110 0.0153 0.0066 0.1359 0.0059 0.0044 0.0086 0.0296 0.0609 
 H085.5_2002  2 0.0109 0.0076 0.0093 0.0035 0.0253 0.0044 0.0070 0.0100 0.0051 0.0090 0.0042 0.0044 0.0047 0.0071 0.0055 0.0047 0.0213 0.0245 0.3335 0.0072 0.0063 0.0037 0.0036 0.4552 0.0165 0.0056 
 H085.5_2003  2 0.0357 0.0044 0.0069 0.0208 0.0052 0.0077 0.0101 0.0123 0.0195 0.0174 0.0062 0.0634 0.0162 0.0036 0.0106 0.0232 0.6069 0.0070 0.0243 0.0338 0.0084 0.0039 0.0080 0.0130 0.0121 0.0196 
 H085.6_2002  2 0.0086 0.0055 0.0093 0.0064 0.0120 0.0024 0.0041 0.0077 0.0046 0.0058 0.0070 0.0087 0.0088 0.0058 0.0055 0.0043 0.0092 0.0246 0.5782 0.0103 0.0060 0.0048 0.0048 0.2385 0.0102 0.0070 
 H085.6_2003  2 0.0133 0.0135 0.0181 0.0105 0.0359 0.0069 0.0122 0.0160 0.0058 0.0203 0.0055 0.0051 0.0060 0.0126 0.0146 0.0063 0.0978 0.0447 0.0346 0.0150 0.0067 0.0064 0.0080 0.0158 0.5552 0.0132 
 H085.7_2002  2 0.0169 0.0086 0.0137 0.0341 0.0336 0.0062 0.0077 0.0105 0.0149 0.0400 0.0095 0.0402 0.0109 0.0053 0.0210 0.0062 0.0460 0.0126 0.4050 0.0170 0.0044 0.0152 0.0072 0.1483 0.0238 0.0411 
 H085.7_2003  2 0.0351 0.0120 0.0094 0.0328 0.0082 0.0075 0.0115 0.0664 0.0049 0.0155 0.0086 0.0086 0.0081 0.0086 0.0122 0.0402 0.4899 0.1022 0.0226 0.0272 0.0137 0.0037 0.0049 0.0090 0.0282 0.0092 
 H085.8_2002  2 0.0174 0.0102 0.0382 0.0084 0.0489 0.0070 0.0050 0.0098 0.0089 0.0829 0.0112 0.0121 0.0101 0.0142 0.0056 0.0300 0.0289 0.0259 0.3921 0.0093 0.0040 0.0114 0.0086 0.0999 0.0929 0.0072 
 H085.8_2003  2 0.0412 0.0315 0.0247 0.0699 0.0441 0.0063 0.0134 0.0226 0.0163 0.0493 0.0123 0.0800 0.0198 0.0111 0.0164 0.0134 0.0671 0.0502 0.0771 0.0303 0.0480 0.0067 0.0074 0.0322 0.0527 0.1560 
      H085.9  2 0.0164 0.0077 0.0069 0.0208 0.0250 0.0053 0.0094 0.0066 0.0118 0.0248 0.0175 0.0124 0.0073 0.0061 0.0066 0.0091 0.0373 0.0169 0.3659 0.0138 0.0115 0.0078 0.0068 0.3114 0.0174 0.0176 
      H088.1  2 0.0137 0.0147 0.0075 0.0176 0.0183 0.0362 0.0115 0.0101 0.0075 0.0036 0.0063 0.0087 0.0079 0.1103 0.0040 0.0139 0.0052 0.0065 0.0424 0.0465 0.0046 0.0052 0.0205 0.0165 0.0064 0.5542 
      H088.2  2 0.0108 0.0098 0.0091 0.0085 0.0193 0.0062 0.0116 0.0090 0.0056 0.0047 0.0064 0.0063 0.0076 0.0319 0.0091 0.0088 0.0036 0.0132 0.0231 0.0067 0.0122 0.0152 0.0081 0.0240 0.0111 0.7179 
      H088.3  2 0.0077 0.0049 0.0055 0.0057 0.0102 0.0051 0.0084 0.0061 0.0055 0.0044 0.0046 0.0050 0.0061 0.0178 0.0083 0.0054 0.0035 0.0099 0.0122 0.0096 0.0077 0.0171 0.0128 0.0065 0.0113 0.7985 
      H088.4  2 0.0059 0.0031 0.0080 0.0163 0.0071 0.0227 0.0056 0.0110 0.0128 0.0048 0.0046 0.0026 0.0074 0.0081 0.0043 0.0065 0.0058 0.0136 0.0085 0.0083 0.0054 0.0071 0.0139 0.0045 0.0135 0.7885 
      H088.5  2 0.0049 0.0046 0.0103 0.0086 0.0082 0.0090 0.0048 0.0100 0.0061 0.0031 0.0044 0.0043 0.0039 0.0076 0.0043 0.0070 0.0031 0.0054 0.0088 0.0066 0.0036 0.0046 0.0105 0.0049 0.0048 0.8467 
      H088.6  2 0.0051 0.0063 0.0061 0.0199 0.0061 0.0128 0.0055 0.0102 0.0097 0.0041 0.0052 0.0050 0.0045 0.0160 0.0061 0.0108 0.0042 0.0054 0.0084 0.0216 0.0060 0.0045 0.0239 0.0046 0.0041 0.7837 
      H088.7  2 0.0173 0.0062 0.0051 0.0669 0.0083 0.0076 0.0054 0.0108 0.0051 0.0052 0.0053 0.0068 0.0066 0.0209 0.0126 0.0047 0.0104 0.0124 0.0090 0.0168 0.0201 0.0078 0.0110 0.0091 0.0191 0.6896 
      H088.8  2 0.0176 0.0094 0.0065 0.0926 0.0090 0.0658 0.0080 0.0237 0.0110 0.0047 0.0056 0.0055 0.0068 0.0110 0.0100 0.0107 0.0126 0.0056 0.0140 0.0597 0.0081 0.0051 0.0308 0.0053 0.0095 0.5516 
      H091.1  2 0.0143 0.0074 0.0055 0.0075 0.0049 0.0058 0.0059 0.0231 0.0044 0.0219 0.0050 0.0107 0.0054 0.0052 0.0054 0.0338 0.0219 0.0661 0.0091 0.0104 0.0059 0.0049 0.0039 0.0042 0.0170 0.6901 
      H091.2  2 0.0514 0.0236 0.0051 0.0093 0.0082 0.0081 0.0071 0.0455 0.0038 0.0116 0.0040 0.0183 0.0076 0.0055 0.0127 0.0435 0.0132 0.0319 0.0068 0.0324 0.0152 0.0042 0.0053 0.0053 0.0081 0.6122 
      H109.1  2 0.0248 0.0090 0.0062 0.0159 0.0151 0.0089 0.0104 0.3298 0.0290 0.0101 0.0251 0.0844 0.0534 0.0168 0.0654 0.0129 0.0062 0.0503 0.0083 0.0120 0.1164 0.0062 0.0630 0.0090 0.0064 0.0051 
      H109.2  2 0.0381 0.0133 0.0152 0.0227 0.0204 0.0094 0.0048 0.4074 0.1682 0.0109 0.0118 0.0088 0.0769 0.0071 0.0318 0.0121 0.0126 0.0318 0.0060 0.0060 0.0223 0.0111 0.0081 0.0050 0.0268 0.0112 
      H109.3  2 0.0126 0.0130 0.0045 0.0083 0.0049 0.0079 0.0189 0.1982 0.0274 0.0062 0.0063 0.0071 0.0280 0.0095 0.1094 0.0244 0.0090 0.4106 0.0056 0.0185 0.0099 0.0080 0.0096 0.0034 0.0176 0.0212 
      H109.4  2 0.0115 0.0102 0.0102 0.0118 0.0155 0.0245 0.0077 0.3252 0.0538 0.0067 0.0208 0.0084 0.0452 0.0093 0.0364 0.1475 0.0101 0.1230 0.0087 0.0169 0.0222 0.0053 0.0367 0.0053 0.0116 0.0155 
      H109.5  2 0.0479 0.0080 0.0088 0.0312 0.0080 0.0089 0.0092 0.2726 0.0407 0.0095 0.0036 0.0036 0.0097 0.0419 0.0384 0.0064 0.0425 0.2875 0.0049 0.0084 0.0215 0.0098 0.0064 0.0049 0.0165 0.0492 
      H109.6  2 0.0324 0.0207 0.0085 0.0241 0.0287 0.0113 0.0095 0.3029 0.1481 0.0067 0.0167 0.0107 0.0221 0.0170 0.0259 0.0107 0.0100 0.0644 0.0093 0.0438 0.0808 0.0129 0.0527 0.0066 0.0154 0.0083 
      H126.1  2 0.1904 0.0048 0.2597 0.0080 0.0274 0.0507 0.0309 0.0196 0.0052 0.0219 0.0069 0.0053 0.0689 0.0139 0.0095 0.0171 0.0066 0.0093 0.0086 0.0121 0.0725 0.0368 0.0156 0.0727 0.0156 0.0100 
      H126.2  2 0.5093 0.0066 0.0885 0.0142 0.0081 0.0146 0.0157 0.0230 0.0054 0.0131 0.0297 0.0090 0.0120 0.0046 0.0270 0.0761 0.0233 0.0073 0.0088 0.0111 0.0193 0.0109 0.0083 0.0275 0.0173 0.0093 
      H126.3  2 0.6243 0.0035 0.0095 0.0382 0.0083 0.0140 0.0070 0.0053 0.0034 0.0060 0.0048 0.0126 0.0234 0.0124 0.0041 0.0068 0.0044 0.0068 0.0053 0.0107 0.1347 0.0067 0.0128 0.0077 0.0037 0.0236 
      H126.4  2 0.0432 0.0035 0.3495 0.0070 0.0115 0.3904 0.0067 0.0123 0.0060 0.0055 0.0091 0.0069 0.0168 0.0085 0.0083 0.0306 0.0114 0.0053 0.0074 0.0067 0.0100 0.0090 0.0083 0.0142 0.0058 0.0063 
      H126.5  2 0.4967 0.0067 0.0752 0.0136 0.0297 0.0201 0.0198 0.0116 0.0051 0.0078 0.0033 0.0049 0.0098 0.0055 0.0047 0.0639 0.0575 0.0090 0.0115 0.0212 0.0230 0.0562 0.0087 0.0151 0.0124 0.0068 
      H126.6  2 0.6599 0.0039 0.0164 0.0542 0.0067 0.0044 0.0063 0.0106 0.0049 0.0048 0.0049 0.0044 0.0072 0.0041 0.0063 0.0058 0.0277 0.0075 0.0273 0.0072 0.0598 0.0200 0.0057 0.0249 0.0082 0.0071 
      H126.7  2 0.2620 0.0055 0.0098 0.1035 0.0054 0.0715 0.0071 0.0126 0.0082 0.0067 0.0031 0.0108 0.0087 0.0031 0.0063 0.0518 0.2250 0.0092 0.0103 0.0069 0.0327 0.0089 0.0081 0.0612 0.0180 0.0436 
      H130.1  2 0.0118 0.0094 0.0473 0.0112 0.1544 0.0095 0.0239 0.0171 0.0069 0.0112 0.0046 0.0072 0.0131 0.0164 0.0130 0.0153 0.0053 0.0296 0.4975 0.0072 0.0075 0.0151 0.0213 0.0062 0.0203 0.0178 
      H130.2  2 0.0113 0.0193 0.0155 0.0286 0.1409 0.0071 0.0478 0.0347 0.2165 0.0095 0.0061 0.0323 0.0437 0.0080 0.0388 0.0071 0.0265 0.0237 0.1489 0.0127 0.0078 0.0068 0.0562 0.0101 0.0294 0.0106 
      H130.3  2 0.0040 0.0087 0.0140 0.0231 0.0157 0.0444 0.2189 0.0118 0.0410 0.0041 0.0039 0.0036 0.3469 0.0083 0.0063 0.0090 0.0179 0.0107 0.1502 0.0062 0.0071 0.0055 0.0130 0.0051 0.0064 0.0141 
      H130.4  2 0.0066 0.0188 0.0371 0.0080 0.1864 0.0075 0.1230 0.0125 0.0217 0.0062 0.0167 0.0091 0.0211 0.0062 0.0097 0.0093 0.0044 0.0341 0.3731 0.0065 0.0055 0.0076 0.0448 0.0075 0.0070 0.0097 
      H130.5  2 0.0071 0.0150 0.0171 0.0323 0.1729 0.0053 0.0113 0.0133 0.0639 0.0078 0.0038 0.0162 0.0865 0.0109 0.0058 0.0079 0.0401 0.0232 0.3703 0.0054 0.0072 0.0095 0.0095 0.0116 0.0298 0.0161 
      H133.1  2 0.0055 0.0035 0.0183 0.0120 0.0098 0.0081 0.0071 0.0072 0.0070 0.0048 0.0127 0.0052 0.0223 0.0060 0.0069 0.0034 0.0063 0.8160 0.0047 0.0041 0.0075 0.0032 0.0033 0.0044 0.0052 0.0056 
      H133.2  2 0.0073 0.0044 0.0157 0.0044 0.0143 0.0055 0.0073 0.0123 0.0124 0.0039 0.0044 0.0037 0.0069 0.0073 0.0098 0.0035 0.0052 0.7990 0.0147 0.0070 0.0068 0.0068 0.0065 0.0112 0.0106 0.0091 
      H133.3  2 0.0078 0.0082 0.0088 0.0158 0.0112 0.0057 0.0077 0.0162 0.0075 0.0065 0.0162 0.0071 0.0081 0.0095 0.0071 0.0042 0.0059 0.7832 0.0113 0.0045 0.0079 0.0032 0.0039 0.0112 0.0050 0.0164 
      H133.4  2 0.0052 0.0044 0.0068 0.0051 0.0066 0.0053 0.0057 0.0061 0.0056 0.0050 0.0085 0.0040 0.0063 0.0044 0.0168 0.0037 0.0051 0.8499 0.0058 0.0073 0.0069 0.0051 0.0056 0.0047 0.0060 0.0042 
      H133.5  2 0.0077 0.0030 0.0064 0.0059 0.0068 0.0059 0.0062 0.0080 0.0086 0.0110 0.0052 0.0071 0.0511 0.0048 0.0059 0.0054 0.0055 0.7725 0.0180 0.0047 0.0049 0.0045 0.0068 0.0146 0.0104 0.0093 
      H133.6  2 0.0128 0.0061 0.0214 0.0123 0.0139 0.0060 0.0069 0.0105 0.0153 0.0054 0.0064 0.0074 0.0185 0.0119 0.0094 0.0052 0.0049 0.6951 0.0536 0.0045 0.0108 0.0068 0.0077 0.0101 0.0142 0.0228 
      H133.7  2 0.0046 0.0106 0.0076 0.0107 0.0157 0.0046 0.0057 0.0072 0.0052 0.0051 0.0132 0.0071 0.0043 0.0086 0.0146 0.0028 0.0052 0.8106 0.0096 0.0048 0.0131 0.0030 0.0037 0.0090 0.0069 0.0066 
      H133.8  2 0.0051 0.0040 0.0063 0.0054 0.0072 0.0040 0.0146 0.0057 0.0048 0.0263 0.0066 0.0049 0.0095 0.0045 0.0078 0.0033 0.0042 0.8143 0.0094 0.0057 0.0056 0.0030 0.0035 0.0248 0.0045 0.0052 
      H133.9  2 0.0058 0.0042 0.0109 0.0083 0.0082 0.0054 0.0081 0.0059 0.0061 0.0047 0.0096 0.0061 0.0196 0.0062 0.0065 0.0034 0.0052 0.8360 0.0060 0.0038 0.0067 0.0035 0.0033 0.0044 0.0060 0.0061 
      H147.1  2 0.0060 0.0092 0.0076 0.0049 0.0143 0.0036 0.0029 0.0075 0.0148 0.0160 0.0080 0.0055 0.0046 0.0157 0.0099 0.0026 0.7910 0.0050 0.0066 0.0064 0.0120 0.0097 0.0047 0.0090 0.0111 0.0113 
      H147.2  2 0.0045 0.0036 0.0053 0.0042 0.0076 0.0033 0.0041 0.0032 0.0060 0.0082 0.0033 0.0032 0.0046 0.0060 0.0035 0.0028 0.8775 0.0044 0.0050 0.0046 0.0053 0.0053 0.0033 0.0048 0.0101 0.0063 
      H147.3  2 0.0048 0.0037 0.0037 0.0039 0.0046 0.0034 0.0044 0.0031 0.0049 0.0048 0.0027 0.0030 0.0041 0.0048 0.0027 0.0029 0.9009 0.0035 0.0032 0.0049 0.0050 0.0043 0.0025 0.0068 0.0042 0.0029 
      H147.4  2 0.0040 0.0035 0.0026 0.0036 0.0029 0.0034 0.0028 0.0034 0.0068 0.0066 0.0087 0.0039 0.0036 0.0033 0.0040 0.0032 0.8980 0.0029 0.0032 0.0073 0.0037 0.0041 0.0031 0.0045 0.0037 0.0029 
      H147.5  2 0.0079 0.0042 0.0057 0.0042 0.0082 0.0189 0.0052 0.0143 0.0234 0.0068 0.0039 0.0112 0.0052 0.0128 0.0071 0.0048 0.7394 0.0048 0.0060 0.0118 0.0061 0.0066 0.0090 0.0150 0.0157 0.0418 
      H147.6  2 0.0082 0.0051 0.0043 0.0041 0.0061 0.0109 0.0055 0.0152 0.0224 0.0063 0.0038 0.0078 0.0078 0.0082 0.0074 0.0048 0.7475 0.0057 0.0056 0.0101 0.0082 0.0070 0.0086 0.0089 0.0115 0.0590 
      H147.7  2 0.0051 0.0037 0.0034 0.0054 0.0047 0.0047 0.0037 0.0069 0.0091 0.0073 0.0096 0.0069 0.0038 0.0056 0.0067 0.0036 0.8598 0.0035 0.0028 0.0137 0.0062 0.0052 0.0027 0.0048 0.0068 0.0045 
      H147.8  2 0.0081 0.0024 0.0026 0.0083 0.0043 0.0069 0.0037 0.0103 0.0092 0.0062 0.0103 0.0106 0.0049 0.0063 0.0094 0.0046 0.8034 0.0040 0.0046 0.0157 0.0062 0.0051 0.0075 0.0081 0.0056 0.0315 
      H147.9  2 0.0052 0.0031 0.0041 0.0043 0.0047 0.0039 0.0030 0.0041 0.0046 0.0063 0.0031 0.0037 0.0036 0.0039 0.0047 0.0031 0.8981 0.0032 0.0030 0.0055 0.0040 0.0039 0.0031 0.0052 0.0056 0.0029 
      H148.1  2 0.0118 0.0133 0.0586 0.0098 0.3231 0.0126 0.0055 0.0446 0.0267 0.0590 0.0396 0.0202 0.0505 0.0778 0.0149 0.0097 0.0061 0.0068 0.0300 0.0252 0.0132 0.0179 0.0567 0.0064 0.0469 0.0131 
      H148.2  2 0.0112 0.0317 0.0215 0.0121 0.2532 0.0133 0.0048 0.0325 0.0124 0.0235 0.0272 0.0141 0.1131 0.2660 0.0075 0.0064 0.0095 0.0070 0.0164 0.0095 0.0208 0.0083 0.0395 0.0206 0.0121 0.0059 
      H148.3  2 0.0111 0.1688 0.0093 0.0185 0.0406 0.0042 0.0077 0.0235 0.0146 0.3384 0.0425 0.0078 0.0105 0.1617 0.0117 0.0042 0.0087 0.0077 0.0050 0.0108 0.0084 0.0159 0.0321 0.0103 0.0135 0.0125 
      H148.4  2 0.0087 0.0200 0.0312 0.0096 0.3796 0.0154 0.0055 0.0134 0.0067 0.0404 0.0227 0.0079 0.0330 0.1234 0.0060 0.0068 0.0063 0.0088 0.0119 0.0247 0.0110 0.0203 0.1526 0.0110 0.0149 0.0082 
      H148.5  2 0.0092 0.1127 0.0092 0.0102 0.0577 0.0277 0.0078 0.0268 0.0414 0.0243 0.0262 0.0077 0.0124 0.3388 0.0104 0.0080 0.0072 0.0049 0.0060 0.0143 0.0098 0.0274 0.1612 0.0122 0.0101 0.0163 
      H148.6  2 0.0094 0.0973 0.0127 0.0132 0.2614 0.0067 0.0038 0.0140 0.0109 0.0498 0.0802 0.0302 0.0313 0.1960 0.0084 0.0054 0.0092 0.0039 0.0146 0.0143 0.0123 0.0123 0.0618 0.0124 0.0148 0.0138 
      H148.7  2 0.0083 0.0282 0.0129 0.0075 0.1413 0.0833 0.0063 0.0216 0.0143 0.0170 0.0170 0.0098 0.1138 0.2694 0.0115 0.0164 0.0071 0.0072 0.0062 0.0171 0.0123 0.0135 0.1236 0.0058 0.0122 0.0161 
      H148.8  2 0.0046 0.0546 0.0081 0.0041 0.4943 0.0138 0.0041 0.0059 0.0052 0.0189 0.0253 0.0045 0.0155 0.2284 0.0043 0.0038 0.0081 0.0043 0.0058 0.0040 0.0037 0.0062 0.0399 0.0108 0.0050 0.0169 
      H148.9  2 0.0198 0.0609 0.0108 0.0080 0.2018 0.0161 0.0088 0.0255 0.0149 0.0791 0.0947 0.0194 0.0882 0.0799 0.0565 0.0134 0.0059 0.0056 0.0213 0.0198 0.0444 0.0129 0.0424 0.0358 0.0091 0.0048 
   H166022.1  2 0.0085 0.0056 0.0056 0.0067 0.0077 0.0037 0.0032 0.0146 0.0132 0.0100 0.0079 0.0311 0.0073 0.0123 0.0085 0.0043 0.0129 0.0049 0.0121 0.0099 0.0063 0.0098 0.0041 0.0078 0.0050 0.7769 
   H166022.2  2 0.0117 0.0141 0.0069 0.0345 0.0194 0.0149 0.0086 0.0277 0.0442 0.0105 0.0105 0.0335 0.0139 0.0117 0.0210 0.0087 0.0755 0.0064 0.0133 0.0234 0.0093 0.0363 0.0190 0.0118 0.0456 0.4675 
   H166022.3  2 0.0046 0.0091 0.0036 0.0044 0.0166 0.0282 0.0049 0.0141 0.0089 0.0076 0.0049 0.1277 0.0585 0.0087 0.0074 0.0139 0.0054 0.0039 0.0153 0.0112 0.0037 0.0075 0.0193 0.0046 0.0098 0.5962 
   H166022.4  2 0.0036 0.0061 0.0040 0.0057 0.0043 0.0090 0.0079 0.0093 0.0106 0.0072 0.0044 0.0142 0.0235 0.0078 0.0051 0.0128 0.0076 0.0055 0.0122 0.0172 0.0038 0.0136 0.0210 0.0037 0.0130 0.7669 
   H166022.5  2 0.0076 0.0051 0.0045 0.0072 0.0040 0.0059 0.0065 0.0190 0.0357 0.0106 0.0047 0.0142 0.0324 0.0072 0.0060 0.0065 0.0094 0.0053 0.0154 0.0091 0.0059 0.0227 0.0105 0.0033 0.0110 0.7303 
   H166022.6  2 0.0047 0.0066 0.0085 0.0056 0.0166 0.0091 0.0061 0.0083 0.0157 0.0140 0.0178 0.0299 0.0132 0.0112 0.0176 0.0067 0.0110 0.0104 0.0768 0.0218 0.0048 0.0228 0.0077 0.0060 0.0112 0.6360 
   H166022.7  2 0.0101 0.0040 0.0088 0.0077 0.0045 0.0060 0.0065 0.0266 0.0065 0.0045 0.0046 0.0038 0.0061 0.0051 0.0102 0.0058 0.0046 0.0050 0.0051 0.0076 0.0057 0.0041 0.8301 0.0040 0.0073 0.0056 
   H166022.8  2 0.0118 0.0082 0.0312 0.0099 0.0338 0.0054 0.0117 0.0339 0.1104 0.0205 0.0066 0.0325 0.0380 0.0096 0.0139 0.0053 0.0542 0.0104 0.0995 0.0203 0.0042 0.1153 0.0077 0.0119 0.0829 0.2109 
   H167397.1  2 0.0238 0.0174 0.0190 0.0255 0.0068 0.0056 0.0052 0.0181 0.0214 0.0256 0.4916 0.0052 0.0077 0.0119 0.0179 0.0072 0.0212 0.0063 0.0068 0.0059 0.0165 0.0083 0.0074 0.0039 0.0135 0.2002 
   H167397.2  2 0.0159 0.0070 0.0172 0.0091 0.0813 0.0056 0.0069 0.0232 0.0192 0.0846 0.4519 0.0390 0.0155 0.0130 0.0087 0.0054 0.0468 0.0092 0.0268 0.0093 0.0038 0.0146 0.0139 0.0434 0.0177 0.0112 
   H167397.3  2 0.0601 0.0146 0.0316 0.0551 0.0092 0.0040 0.0078 0.0196 0.0141 0.0117 0.5670 0.0060 0.0103 0.0052 0.0127 0.0068 0.0261 0.0092 0.0062 0.0072 0.0354 0.0088 0.0045 0.0049 0.0066 0.0552 
   H167397.4  2 0.0128 0.0081 0.0032 0.0159 0.0281 0.0058 0.0064 0.0181 0.0145 0.0749 0.5115 0.0187 0.0277 0.0561 0.0462 0.0069 0.0257 0.0083 0.0134 0.0171 0.0099 0.0061 0.0157 0.0299 0.0077 0.0112 
   H167397.5  2 0.0079 0.0095 0.0162 0.0095 0.0207 0.0092 0.0067 0.0158 0.0223 0.0689 0.5699 0.0095 0.0190 0.0145 0.0190 0.0178 0.0248 0.0085 0.0111 0.0055 0.0070 0.0067 0.0207 0.0063 0.0497 0.0233 
   H167397.6  2 0.0431 0.0097 0.0113 0.0697 0.0228 0.0106 0.0136 0.0149 0.0048 0.0135 0.5312 0.0059 0.0109 0.0206 0.0237 0.0101 0.0091 0.0138 0.0072 0.0061 0.0947 0.0097 0.0050 0.0097 0.0063 0.0217 
   H167496.1  2 0.0144 0.0606 0.0176 0.0425 0.0091 0.0173 0.0151 0.0456 0.0131 0.0243 0.0069 0.0179 0.0340 0.1172 0.0137 0.0468 0.0051 0.0498 0.0767 0.0094 0.0177 0.0274 0.0065 0.0040 0.0354 0.2719 
   H167496.2  2 0.0213 0.0661 0.0202 0.1183 0.0174 0.0124 0.0085 0.0605 0.0179 0.0099 0.0122 0.0063 0.0186 0.0509 0.0221 0.0232 0.0143 0.0479 0.0608 0.0382 0.0546 0.0518 0.0443 0.0081 0.1689 0.0254 
