      H008.1  2 0.0095 0.0251 0.0067 0.0319 0.0074 0.0088 0.0125 0.0087 0.0115 0.0168 0.0145 0.0106 0.0192 0.8043 0.0057 0.0069 
      H008.2  2 0.0124 0.0226 0.0130 0.3463 0.0149 0.0208 0.0556 0.0107 0.0296 0.1017 0.0666 0.0382 0.0514 0.0789 0.0699 0.0675 
      H008.3  2 0.0240 0.0336 0.0138 0.1817 0.0182 0.0797 0.0949 0.0203 0.0082 0.2251 0.0351 0.0383 0.0392 0.0755 0.0715 0.0411 
      H008.4  2 0.0127 0.0645 0.0099 0.0269 0.0242 0.0612 0.0100 0.0175 0.0108 0.0187 0.0144 0.0112 0.0239 0.6248 0.0147 0.0547 
      H008.5  2 0.0173 0.0137 0.0115 0.0397 0.0067 0.0523 0.0141 0.0103 0.0075 0.0240 0.0078 0.0100 0.0094 0.7441 0.0177 0.0138 
      H008.6  2 0.0142 0.0373 0.0133 0.3720 0.0269 0.0303 0.0065 0.0111 0.0072 0.0602 0.0200 0.0198 0.0622 0.1705 0.0291 0.1193 
      H008.7  2 0.0109 0.0449 0.0151 0.1496 0.0235 0.0786 0.0610 0.0413 0.0225 0.0411 0.0198 0.0065 0.0520 0.3255 0.0124 0.0955 
      H008.8  2 0.0104 0.0590 0.0106 0.0230 0.0256 0.0129 0.0292 0.0109 0.0219 0.0167 0.4196 0.0154 0.2067 0.1005 0.0252 0.0123 
      H008.9  2 0.0114 0.0228 0.0162 0.3317 0.0207 0.0267 0.0115 0.0197 0.0058 0.0274 0.0391 0.0132 0.1653 0.0162 0.0326 0.2396 
 H029.1_2002  2 0.0084 0.0502 0.0168 0.0061 0.0413 0.0726 0.0084 0.0155 0.0112 0.0081 0.0156 0.0083 0.0327 0.6786 0.0045 0.0217 
 H029.1_2003  2 0.0115 0.0413 0.0596 0.0139 0.0330 0.5293 0.0068 0.0113 0.0217 0.0583 0.0198 0.0175 0.0207 0.1286 0.0111 0.0155 
 H029.2_2002  2 0.0201 0.0079 0.0385 0.0140 0.0414 0.0334 0.0274 0.0081 0.0174 0.0398 0.0057 0.0065 0.0075 0.6760 0.0184 0.0380 
 H029.2_2003  2 0.0234 0.0101 0.2446 0.0116 0.0316 0.1202 0.0086 0.0067 0.0239 0.1880 0.0081 0.0180 0.0147 0.2246 0.0230 0.0431 
 H029.3_2002  2 0.0295 0.0224 0.0571 0.0093 0.0493 0.0265 0.0500 0.0077 0.0412 0.0332 0.0187 0.0234 0.0091 0.4494 0.0239 0.1493 
 H029.3_2003  2 0.0110 0.0150 0.0292 0.0233 0.0069 0.1346 0.0063 0.0104 0.0262 0.0181 0.0067 0.0158 0.0038 0.6805 0.0056 0.0066 
 H029.4_2002  2 0.0071 0.0176 0.0066 0.0063 0.0041 0.0274 0.0109 0.0080 0.0149 0.0065 0.0068 0.0063 0.0042 0.8562 0.0045 0.0127 
 H029.4_2003  2 0.0080 0.0398 0.0113 0.0101 0.0113 0.5172 0.0083 0.0063 0.1028 0.0125 0.0294 0.0205 0.0129 0.1852 0.0086 0.0159 
 H029.5_2002  2 0.0086 0.0114 0.0087 0.0105 0.0086 0.0668 0.0098 0.0146 0.0084 0.0057 0.0067 0.0070 0.0086 0.8154 0.0041 0.0052 
 H029.5_2003  2 0.0071 0.0187 0.0247 0.0132 0.0087 0.2397 0.0041 0.0065 0.0304 0.0498 0.0153 0.0085 0.0094 0.5487 0.0051 0.0101 
 H029.6_2002  2 0.0083 0.0202 0.0256 0.0056 0.0048 0.1271 0.0183 0.0083 0.0414 0.0077 0.0158 0.0073 0.0043 0.6636 0.0080 0.0339 
 H029.6_2003  2 0.0186 0.0137 0.0300 0.0149 0.0230 0.0655 0.0119 0.0232 0.0397 0.1084 0.0156 0.0206 0.0199 0.5734 0.0110 0.0105 
      H029.7  2 0.0120 0.0097 0.0099 0.0069 0.0139 0.0157 0.0192 0.0051 0.0183 0.0190 0.0043 0.0047 0.0076 0.8172 0.0176 0.0191 
      H030.1  2 0.0536 0.0088 0.2481 0.0539 0.0186 0.0527 0.0158 0.0216 0.0696 0.0290 0.0096 0.3616 0.0097 0.0323 0.0102 0.0049 
      H030.2  2 0.0249 0.0361 0.0129 0.0363 0.0490 0.0394 0.1398 0.0198 0.0412 0.0110 0.0174 0.4132 0.0124 0.0669 0.0054 0.0744 
      H038.1  2 0.0068 0.0064 0.0093 0.0056 0.0073 0.0058 0.0052 0.0043 0.0113 0.0046 0.0075 0.0065 0.0091 0.8770 0.0088 0.0244 
      H038.2  2 0.0081 0.0061 0.0098 0.0069 0.0128 0.0061 0.0066 0.0096 0.0064 0.0061 0.0048 0.0072 0.0029 0.8982 0.0031 0.0052 
      H038.3  2 0.0604 0.0101 0.0149 0.0110 0.0182 0.0053 0.0085 0.0095 0.0146 0.0048 0.0098 0.0168 0.0074 0.7697 0.0043 0.0346 
      H038.4  2 0.0293 0.0091 0.0066 0.0087 0.0107 0.0048 0.0111 0.0167 0.0143 0.0045 0.0083 0.0085 0.0070 0.8310 0.0047 0.0247 
      H038.5  2 0.0085 0.0074 0.0068 0.0049 0.0053 0.0088 0.0082 0.0105 0.0457 0.0087 0.0170 0.0146 0.0045 0.8176 0.0032 0.0284 
      H038.6  2 0.0057 0.0081 0.0088 0.0089 0.0086 0.0098 0.0039 0.0034 0.0088 0.0075 0.0074 0.0105 0.0048 0.8905 0.0042 0.0092 
      H038.7  2 0.0165 0.0135 0.0082 0.0116 0.0243 0.0050 0.0031 0.0043 0.0133 0.0050 0.0066 0.0095 0.0043 0.8610 0.0033 0.0106 
      H038.8  2 0.0251 0.0093 0.0135 0.0084 0.0158 0.0043 0.0084 0.0127 0.0130 0.0053 0.0082 0.0125 0.0048 0.7844 0.0041 0.0703 
      H041.1  2 0.0606 0.0210 0.0089 0.0709 0.0046 0.3245 0.0796 0.0109 0.1816 0.0109 0.0048 0.0063 0.0139 0.1642 0.0120 0.0253 
      H041.2  2 0.0158 0.0167 0.0104 0.1033 0.0122 0.7080 0.0050 0.0133 0.0064 0.0058 0.0056 0.0063 0.0131 0.0566 0.0057 0.0160 
      H041.4  2 0.0132 0.0427 0.0170 0.0393 0.0078 0.6011 0.0092 0.0183 0.0271 0.0077 0.0081 0.0079 0.0277 0.1338 0.0165 0.0226 
      H041.6  2 0.0187 0.0980 0.0177 0.0256 0.0130 0.5724 0.0111 0.0146 0.0110 0.0070 0.0084 0.0112 0.0248 0.1208 0.0316 0.0141 
 H042.1_2002  2 0.0327 0.0211 0.0116 0.0066 0.0105 0.7652 0.0073 0.0277 0.0083 0.0145 0.0170 0.0074 0.0294 0.0101 0.0138 0.0168 
 H042.1_2003  2 0.0839 0.0170 0.0504 0.2900 0.0787 0.0802 0.0136 0.0206 0.0078 0.0651 0.0202 0.0272 0.0510 0.0687 0.0145 0.1111 
 H042.2_2002  2 0.0090 0.2505 0.0278 0.0064 0.0094 0.3690 0.0088 0.0235 0.0652 0.0239 0.0085 0.0093 0.0048 0.1319 0.0085 0.0435 
 H042.2_2003  2 0.0373 0.0158 0.0109 0.0179 0.0176 0.7127 0.0036 0.0190 0.0066 0.0177 0.0085 0.0104 0.0318 0.0736 0.0105 0.0062 
 H042.3_2002  2 0.1258 0.1051 0.0243 0.0106 0.0128 0.4852 0.0069 0.0349 0.0440 0.0381 0.0223 0.0149 0.0190 0.0110 0.0204 0.0248 
 H042.3_2003  2 0.0643 0.3876 0.0115 0.0174 0.0081 0.2192 0.0190 0.0194 0.0683 0.0511 0.0175 0.0132 0.0339 0.0314 0.0134 0.0248 
 H042.4_2002  2 0.0157 0.0090 0.0446 0.0058 0.0057 0.7878 0.0078 0.0284 0.0172 0.0089 0.0054 0.0105 0.0114 0.0171 0.0070 0.0174 
 H042.4_2003  2 0.0302 0.0133 0.1326 0.0104 0.0089 0.5931 0.0194 0.0151 0.0457 0.0104 0.0068 0.0075 0.0214 0.0563 0.0210 0.0080 
      H042.5  2 0.0093 0.0060 0.0060 0.0072 0.0042 0.9047 0.0046 0.0069 0.0078 0.0065 0.0041 0.0041 0.0063 0.0066 0.0132 0.0026 
      H042.6  2 0.0256 0.0229 0.0922 0.0050 0.0111 0.6230 0.0078 0.0073 0.0476 0.0075 0.0104 0.0090 0.0137 0.0257 0.0759 0.0154 
      H042.7  2 0.2958 0.0269 0.0099 0.0147 0.0274 0.4379 0.0112 0.0572 0.0271 0.0103 0.0179 0.0050 0.0148 0.0270 0.0092 0.0076 
      H042.8  2 0.0099 0.0660 0.0059 0.0143 0.0062 0.7681 0.0037 0.0250 0.0122 0.0156 0.0076 0.0043 0.0103 0.0098 0.0202 0.0210 
   H042_2002  2 0.0376 0.2164 0.0344 0.0277 0.0780 0.1559 0.0041 0.0259 0.0513 0.0347 0.0307 0.0159 0.0391 0.0858 0.0969 0.0656 
   H042_2003  2 0.0390 0.2146 0.0424 0.0282 0.0841 0.1497 0.0061 0.0211 0.0444 0.0383 0.0238 0.0139 0.0295 0.1039 0.1163 0.0448 
      H043.1  2 0.0069 0.0054 0.0112 0.0079 0.0084 0.0053 0.0067 0.0034 0.8633 0.0068 0.0154 0.0073 0.0051 0.0136 0.0115 0.0219 
      H043.2  2 0.0203 0.0233 0.0368 0.0215 0.0077 0.0054 0.0037 0.0057 0.1182 0.0124 0.0985 0.0077 0.0693 0.1011 0.1791 0.2892 
      H043.3  2 0.0310 0.0438 0.0122 0.0130 0.0741 0.0109 0.0036 0.0053 0.5296 0.0092 0.0244 0.0075 0.0327 0.1553 0.0180 0.0294 
      H043.4  2 0.0405 0.0358 0.0438 0.0233 0.0186 0.0076 0.0041 0.0049 0.5346 0.0141 0.0153 0.0068 0.0202 0.0706 0.0748 0.0851 
      H043.5  2 0.0414 0.0668 0.0147 0.0252 0.0092 0.0065 0.0057 0.0063 0.2716 0.0086 0.0832 0.0087 0.0320 0.1271 0.0081 0.2848 
      H043.6  2 0.0402 0.0206 0.0257 0.0053 0.0086 0.0104 0.0040 0.0107 0.3192 0.0074 0.0302 0.0094 0.0405 0.2372 0.0139 0.2168 
      H043.7  2 0.0476 0.0274 0.0089 0.0178 0.0171 0.0057 0.0037 0.0045 0.5040 0.0050 0.0140 0.0063 0.0791 0.0360 0.1334 0.0894 
      H043.8  2 0.0221 0.0209 0.0118 0.0236 0.0079 0.0034 0.0092 0.0057 0.6678 0.0054 0.1100 0.0192 0.0300 0.0189 0.0267 0.0173 
      H043.9  2 0.0054 0.0102 0.0064 0.0044 0.0080 0.0066 0.0047 0.0034 0.8973 0.0041 0.0083 0.0055 0.0057 0.0141 0.0069 0.0091 
      H047.1  2 0.0232 0.0494 0.0060 0.4086 0.0209 0.0055 0.0045 0.0041 0.0046 0.0151 0.0093 0.0066 0.0130 0.4161 0.0063 0.0068 
      H047.2  2 0.0137 0.0177 0.0200 0.7291 0.0164 0.0097 0.0171 0.0107 0.0180 0.0265 0.0053 0.0084 0.0142 0.0819 0.0070 0.0042 
      H047.3  2 0.0155 0.0660 0.0138 0.6151 0.0140 0.0150 0.0227 0.0215 0.0341 0.0215 0.0060 0.0085 0.0114 0.1178 0.0129 0.0042 
      H047.4  2 0.0284 0.1285 0.0145 0.4729 0.0455 0.0500 0.0099 0.0172 0.0185 0.0132 0.0067 0.0084 0.0181 0.1573 0.0068 0.0042 
      H047.5  2 0.0193 0.2571 0.0089 0.3864 0.0197 0.0056 0.0055 0.0185 0.0207 0.0251 0.0048 0.0078 0.0111 0.1657 0.0396 0.0040 
      H047.6  2 0.0064 0.0401 0.0081 0.8128 0.0088 0.0262 0.0065 0.0096 0.0090 0.0062 0.0039 0.0055 0.0118 0.0324 0.0080 0.0046 
      H047.7  2 0.0125 0.1536 0.0038 0.3415 0.0090 0.0109 0.0115 0.0074 0.0051 0.0101 0.0067 0.0052 0.0128 0.3962 0.0063 0.0076 
      H047.8  2 0.0113 0.0839 0.0089 0.7184 0.0111 0.0278 0.0093 0.0076 0.0078 0.0144 0.0065 0.0056 0.0128 0.0590 0.0117 0.0039 
      H047.9  2 0.0478 0.2627 0.0111 0.2052 0.0308 0.0141 0.0067 0.0191 0.0118 0.0423 0.0087 0.0070 0.0083 0.2916 0.0285 0.0045 
 H071.1_2002  2 0.0094 0.0111 0.0086 0.0049 0.0060 0.0050 0.0034 0.0043 0.0091 0.0068 0.0046 0.0064 0.0064 0.8989 0.0091 0.0061 
 H071.1_2003  2 0.0326 0.0103 0.0277 0.0122 0.0130 0.0108 0.0039 0.0097 0.0103 0.0128 0.0060 0.0363 0.0289 0.6932 0.0806 0.0115 
     H071.10  2 0.0062 0.0100 0.0058 0.0033 0.0049 0.0050 0.0083 0.0057 0.0159 0.0041 0.0172 0.0142 0.0043 0.8823 0.0044 0.0082 
 H071.2_2002  2 0.0094 0.0110 0.0078 0.0067 0.0071 0.0059 0.0033 0.0058 0.0075 0.0081 0.0197 0.0070 0.0144 0.8626 0.0151 0.0086 
 H071.2_2003  2 0.0051 0.0052 0.0058 0.0041 0.0045 0.0043 0.0032 0.0030 0.0043 0.0039 0.0036 0.0052 0.0047 0.9335 0.0059 0.0038 
      H071.3  2 0.0109 0.0150 0.0052 0.0151 0.0075 0.0053 0.0076 0.0050 0.0094 0.0044 0.0166 0.0255 0.0041 0.8535 0.0054 0.0095 
 H071.4_2002  2 0.0075 0.0156 0.0118 0.0062 0.0066 0.0059 0.0079 0.0163 0.0349 0.0053 0.0414 0.0205 0.0070 0.7899 0.0079 0.0154 
 H071.4_2003  2 0.0046 0.0102 0.0038 0.0054 0.0048 0.0045 0.0040 0.0043 0.0050 0.0054 0.0128 0.0079 0.0042 0.9156 0.0046 0.0028 
 H071.5_2002  2 0.0054 0.0076 0.0049 0.0034 0.0056 0.0054 0.0055 0.0044 0.0113 0.0039 0.0069 0.0068 0.0042 0.9148 0.0048 0.0050 
 H071.5_2003  2 0.0119 0.0308 0.0068 0.0090 0.0081 0.0053 0.0035 0.0074 0.0116 0.0088 0.0161 0.0218 0.0114 0.8362 0.0077 0.0037 
 H071.6_2002  2 0.0074 0.0311 0.0073 0.0050 0.0076 0.0043 0.0036 0.0055 0.0087 0.0050 0.0597 0.0103 0.0056 0.8272 0.0073 0.0043 
 H071.6_2003  2 0.0112 0.0172 0.0071 0.0052 0.0076 0.0046 0.0036 0.0044 0.0144 0.0048 0.0071 0.0196 0.0099 0.8746 0.0048 0.0039 
 H071.7_2002  2 0.0072 0.0138 0.0048 0.0064 0.0113 0.0039 0.0037 0.0030 0.0047 0.0043 0.0072 0.0041 0.0048 0.9082 0.0081 0.0045 
 H071.7_2003  2 0.0112 0.0152 0.0074 0.0056 0.0083 0.0055 0.0036 0.0065 0.0166 0.0059 0.0085 0.0282 0.0098 0.8536 0.0091 0.0050 
      H071.8  2 0.0065 0.0077 0.0060 0.0064 0.0074 0.0049 0.0030 0.0053 0.0065 0.0062 0.0162 0.0057 0.0143 0.8860 0.0119 0.0061 
      H071.9  2 0.0188 0.0584 0.0162 0.0093 0.0063 0.0146 0.0080 0.0161 0.2925 0.0056 0.0997 0.0203 0.0163 0.3813 0.0194 0.0172 
 H081.1_2002  2 0.0065 0.0182 0.0080 0.0045 0.0047 0.0061 0.0069 0.0079 0.0055 0.0054 0.0043 0.0059 0.0077 0.8897 0.0146 0.0043 
 H081.1_2003  2 0.0398 0.0356 0.2791 0.0147 0.0718 0.0625 0.0163 0.0215 0.0123 0.0241 0.0090 0.0595 0.0450 0.0438 0.0147 0.2502 
 H081.2_2002  2 0.0075 0.0145 0.0105 0.0058 0.0079 0.0057 0.0049 0.0085 0.0069 0.0041 0.0055 0.0043 0.0125 0.8157 0.0810 0.0045 
 H081.2_2003  2 0.0183 0.0197 0.0300 0.0106 0.0066 0.0166 0.0244 0.0073 0.0116 0.0117 0.0447 0.6817 0.0212 0.0277 0.0587 0.0095 
 H081.3_2002  2 0.0166 0.0078 0.0185 0.0190 0.0094 0.0077 0.0070 0.0090 0.0146 0.0053 0.0100 0.0127 0.0191 0.8047 0.0315 0.0070 
 H081.3_2003  2 0.0148 0.0193 0.1015 0.0121 0.0085 0.0154 0.0134 0.0178 0.1236 0.0189 0.0737 0.4750 0.0345 0.0174 0.0358 0.0184 
 H081.4_2002  2 0.0090 0.0115 0.0080 0.0070 0.0071 0.0073 0.0056 0.0058 0.0048 0.0071 0.0072 0.0096 0.0063 0.8947 0.0054 0.0037 
 H081.4_2003  2 0.0399 0.0184 0.4862 0.0056 0.0149 0.0298 0.0122 0.0330 0.0158 0.0237 0.0117 0.1981 0.0441 0.0204 0.0261 0.0201 
 H081.5_2002  2 0.0093 0.0085 0.0145 0.0097 0.0080 0.0073 0.0044 0.0046 0.0069 0.0064 0.0081 0.0111 0.0101 0.8781 0.0080 0.0050 
 H081.5_2003  2 0.2669 0.0482 0.3055 0.0152 0.0371 0.0243 0.0124 0.0239 0.0118 0.0144 0.0093 0.0597 0.0622 0.0344 0.0500 0.0246 
      H081.6  2 0.0098 0.0169 0.0076 0.0038 0.0094 0.0044 0.0048 0.0067 0.0045 0.0064 0.0052 0.0073 0.0058 0.8899 0.0117 0.0060 
      H081.7  2 0.0187 0.0083 0.0194 0.0070 0.0056 0.0065 0.0065 0.0092 0.0102 0.0048 0.0082 0.0115 0.0159 0.7842 0.0791 0.0051 
      H081.8  2 0.0293 0.0149 0.0216 0.0076 0.0082 0.0113 0.0143 0.0101 0.0143 0.0071 0.0316 0.0346 0.0118 0.7571 0.0090 0.0172 
      H083.1  2 0.0090 0.0380 0.0125 0.0063 0.0138 0.0223 0.0240 0.0076 0.0119 0.0079 0.0106 0.0079 0.0041 0.8052 0.0068 0.0123 
      H083.2  2 0.0069 0.0292 0.0218 0.0325 0.0152 0.0107 0.0332 0.0100 0.0882 0.0084 0.0092 0.0072 0.0106 0.6942 0.0150 0.0077 
      H083.4  2 0.0061 0.0165 0.0096 0.0110 0.0156 0.0083 0.1433 0.0110 0.0453 0.0059 0.0801 0.0062 0.0105 0.5955 0.0209 0.0140 
      H083.5  2 0.0061 0.0151 0.0138 0.0141 0.0153 0.0301 0.0911 0.0119 0.0084 0.0081 0.0134 0.0066 0.0064 0.7208 0.0180 0.0209 
      H083.6  2 0.0117 0.0170 0.0155 0.0059 0.0082 0.0083 0.1176 0.0193 0.0063 0.0127 0.0260 0.0120 0.0060 0.7132 0.0098 0.0105 
      H083.7  2 0.0072 0.0131 0.0069 0.0159 0.0095 0.0061 0.2792 0.0250 0.0157 0.0081 0.0298 0.0059 0.0120 0.5368 0.0171 0.0116 
      H083.8  2 0.0078 0.0191 0.0137 0.0515 0.0107 0.0105 0.0261 0.0105 0.0684 0.0105 0.0080 0.0043 0.0117 0.7219 0.0170 0.0084 
      H083.9  2 0.0057 0.0137 0.0076 0.0095 0.0092 0.0243 0.1265 0.0090 0.0063 0.0083 0.0088 0.0071 0.0040 0.7440 0.0077 0.0085 
      H084.1  2 0.0068 0.0173 0.0448 0.0132 0.0044 0.0137 0.0087 0.0225 0.0776 0.0135 0.0062 0.6705 0.0074 0.0089 0.0077 0.0768 
      H084.2  2 0.0119 0.0075 0.0981 0.0052 0.0064 0.0100 0.0063 0.0058 0.2544 0.0091 0.0082 0.5015 0.0062 0.0079 0.0037 0.0578 
      H084.3  2 0.0256 0.0122 0.0777 0.0095 0.0183 0.0134 0.0138 0.1825 0.0302 0.0127 0.0072 0.3437 0.0055 0.0080 0.0077 0.2321 
      H084.4  2 0.0632 0.0105 0.1398 0.0491 0.0561 0.0370 0.0069 0.0460 0.0312 0.0089 0.0079 0.3318 0.0079 0.0114 0.0042 0.1880 
      H084.5  2 0.0361 0.0555 0.0230 0.0329 0.0303 0.0076 0.0068 0.0690 0.0195 0.0120 0.0060 0.6366 0.0067 0.0066 0.0108 0.0407 
      H084.6  2 0.0134 0.0142 0.0186 0.0259 0.0139 0.0072 0.0312 0.0975 0.0149 0.0054 0.0086 0.6485 0.0060 0.0047 0.0099 0.0799 
      H084.7  2 0.0192 0.0143 0.0287 0.0084 0.0055 0.0222 0.0064 0.0088 0.0524 0.0113 0.0073 0.7826 0.0071 0.0071 0.0054 0.0134 
      H084.8  2 0.0141 0.0122 0.0163 0.0343 0.0135 0.0141 0.0079 0.1316 0.0090 0.0114 0.0049 0.6464 0.0052 0.0055 0.0083 0.0654 
 H085.1_2002  2 0.0088 0.0161 0.0314 0.0050 0.0065 0.0090 0.0123 0.0052 0.0222 0.0070 0.0057 0.0140 0.0094 0.0305 0.8015 0.0155 
 H085.1_2003  2 0.1068 0.0182 0.0553 0.0147 0.0037 0.0306 0.0916 0.0117 0.0712 0.0094 0.0242 0.0113 0.0088 0.4371 0.0921 0.0132 
 H085.2_2002  2 0.1098 0.0220 0.3505 0.0062 0.0101 0.0175 0.1135 0.0320 0.0170 0.0053 0.0154 0.0156 0.0861 0.0212 0.1054 0.0725 
 H085.2_2003  2 0.0264 0.0108 0.0536 0.0297 0.0107 0.0263 0.0342 0.0086 0.0314 0.0118 0.0166 0.0176 0.0144 0.6848 0.0132 0.0100 
 H085.3_2002  2 0.1521 0.0071 0.0477 0.0061 0.0057 0.0192 0.0205 0.0081 0.0115 0.0057 0.0080 0.0051 0.0249 0.0094 0.6641 0.0048 
 H085.3_2003  2 0.2038 0.0059 0.0131 0.0087 0.0051 0.0114 0.0064 0.0041 0.0151 0.0090 0.0117 0.0118 0.0075 0.6535 0.0291 0.0038 
 H085.4_2002  2 0.0652 0.0327 0.0468 0.0057 0.0091 0.0216 0.0233 0.0191 0.0350 0.0091 0.0231 0.0177 0.0937 0.1330 0.4149 0.0499 
 H085.4_2003  2 0.0477 0.0522 0.0392 0.0100 0.0203 0.0524 0.0069 0.0190 0.0092 0.0094 0.0056 0.0330 0.0265 0.6548 0.0083 0.0055 
 H085.5_2002  2 0.0891 0.0064 0.0083 0.0059 0.0040 0.0077 0.0041 0.0069 0.0126 0.0070 0.0069 0.0041 0.0176 0.0066 0.8061 0.0066 
 H085.5_2003  2 0.0142 0.0068 0.0216 0.0104 0.0058 0.0188 0.0370 0.0054 0.0102 0.0134 0.0115 0.0114 0.0069 0.8036 0.0161 0.0069 
 H085.6_2002  2 0.0393 0.0132 0.1598 0.0069 0.0081 0.0167 0.0161 0.0065 0.0283 0.0041 0.0114 0.0067 0.0162 0.0097 0.6464 0.0106 
 H085.6_2003  2 0.7675 0.0084 0.0163 0.0219 0.0094 0.0189 0.0053 0.0159 0.0133 0.0101 0.0072 0.0069 0.0269 0.0469 0.0181 0.0070 
 H085.7_2002  2 0.1140 0.0082 0.2920 0.0231 0.0261 0.0531 0.0482 0.0067 0.0100 0.0078 0.0105 0.0126 0.0674 0.0490 0.2568 0.0145 
 H085.7_2003  2 0.1297 0.0178 0.0098 0.0111 0.0046 0.0193 0.0092 0.0087 0.0413 0.0102 0.0132 0.0062 0.0070 0.6903 0.0140 0.0076 
 H085.8_2002  2 0.7081 0.0067 0.0631 0.0061 0.0085 0.0081 0.0163 0.0071 0.0059 0.0054 0.0160 0.0071 0.0367 0.0171 0.0789 0.0091 
 H085.8_2003  2 0.0687 0.0581 0.1343 0.0189 0.0183 0.2003 0.1035 0.0267 0.0615 0.0159 0.0079 0.0255 0.0249 0.1858 0.0336 0.0160 
      H085.9  2 0.0315 0.0128 0.0426 0.0070 0.0150 0.0374 0.0146 0.0099 0.0181 0.0093 0.0133 0.0104 0.0232 0.0430 0.6741 0.0380 
      H088.1  2 0.0063 0.0091 0.0499 0.0075 0.0055 0.7400 0.0114 0.0331 0.0098 0.0271 0.0406 0.0085 0.0146 0.0099 0.0188 0.0080 
      H088.2  2 0.0104 0.0158 0.0265 0.0094 0.0133 0.8164 0.0089 0.0150 0.0121 0.0085 0.0075 0.0083 0.0119 0.0057 0.0210 0.0091 
      H088.3  2 0.0069 0.0116 0.0149 0.0113 0.0147 0.8627 0.0051 0.0085 0.0096 0.0069 0.0113 0.0078 0.0073 0.0052 0.0101 0.0061 
      H088.4  2 0.0059 0.0084 0.0092 0.0054 0.0101 0.8832 0.0033 0.0043 0.0085 0.0068 0.0101 0.0161 0.0086 0.0102 0.0046 0.0052 
      H088.5  2 0.0045 0.0049 0.0072 0.0048 0.0058 0.9145 0.0045 0.0060 0.0068 0.0058 0.0092 0.0065 0.0063 0.0037 0.0057 0.0039 
      H088.6  2 0.0057 0.0071 0.0101 0.0088 0.0062 0.8759 0.0050 0.0119 0.0063 0.0110 0.0177 0.0094 0.0058 0.0086 0.0050 0.0054 
      H088.7  2 0.0073 0.0160 0.0123 0.0224 0.0091 0.8534 0.0068 0.0083 0.0119 0.0064 0.0070 0.0060 0.0059 0.0147 0.0068 0.0058 
      H088.8  2 0.0053 0.0113 0.0099 0.0123 0.0059 0.8424 0.0062 0.0103 0.0077 0.0119 0.0183 0.0111 0.0077 0.0257 0.0074 0.0066 
      H091.1  2 0.0699 0.0143 0.0084 0.0062 0.0066 0.7461 0.0171 0.0071 0.0483 0.0086 0.0125 0.0070 0.0060 0.0263 0.0084 0.0071 
      H091.2  2 0.0339 0.0270 0.0070 0.0136 0.0059 0.7246 0.0439 0.0111 0.0532 0.0099 0.0182 0.0053 0.0081 0.0246 0.0084 0.0052 
      H109.1  2 0.0156 0.2511 0.0125 0.0845 0.0092 0.0088 0.1023 0.0194 0.3215 0.0116 0.0468 0.0445 0.0072 0.0137 0.0191 0.0323 
      H109.2  2 0.0448 0.0791 0.0113 0.0350 0.0205 0.0164 0.0186 0.0214 0.1838 0.0075 0.0238 0.4597 0.0262 0.0290 0.0064 0.0163 
      H109.3  2 0.0603 0.0140 0.0128 0.4146 0.0127 0.0311 0.0065 0.0184 0.2826 0.0148 0.0195 0.0639 0.0103 0.0216 0.0048 0.0120 
      H109.4  2 0.0373 0.0343 0.0123 0.0517 0.0077 0.0364 0.0124 0.0168 0.2391 0.0159 0.2788 0.1909 0.0175 0.0181 0.0076 0.0233 
      H109.5  2 0.0534 0.0297 0.0120 0.0863 0.0151 0.2918 0.0049 0.0235 0.1493 0.0121 0.0114 0.0732 0.0124 0.2120 0.0091 0.0040 
      H109.6  2 0.0279 0.1058 0.0167 0.0990 0.0296 0.0188 0.0147 0.0543 0.1324 0.0182 0.1113 0.2921 0.0193 0.0260 0.0103 0.0235 
      H126.1  2 0.0080 0.8074 0.0137 0.0062 0.0193 0.0063 0.0042 0.0068 0.0165 0.0215 0.0113 0.0046 0.0379 0.0061 0.0242 0.0058 
      H126.2  2 0.0101 0.7079 0.0150 0.0303 0.0109 0.0085 0.0093 0.0053 0.0047 0.0143 0.0466 0.0129 0.0454 0.0340 0.0220 0.0229 
      H126.3  2 0.0039 0.9050 0.0060 0.0034 0.0051 0.0123 0.0123 0.0041 0.0085 0.0055 0.0067 0.0036 0.0056 0.0089 0.0047 0.0042 
      H126.4  2 0.0071 0.4457 0.0211 0.0172 0.0171 0.0194 0.0141 0.0118 0.0103 0.0604 0.0886 0.0113 0.2089 0.0344 0.0173 0.0152 
      H126.5  2 0.0072 0.7069 0.0087 0.0042 0.0611 0.0087 0.0061 0.0054 0.0057 0.0214 0.0312 0.0060 0.0498 0.0569 0.0163 0.0044 
      H126.6  2 0.0055 0.7467 0.0144 0.0074 0.0200 0.0048 0.0048 0.0033 0.0066 0.0075 0.0077 0.0052 0.0103 0.0609 0.0895 0.0053 
      H126.7  2 0.0099 0.2164 0.0108 0.0075 0.0127 0.0235 0.0104 0.0047 0.0105 0.0102 0.0241 0.0068 0.0101 0.6051 0.0340 0.0034 
      H130.1  2 0.0187 0.0132 0.3632 0.0161 0.0161 0.0323 0.0099 0.0143 0.0197 0.0198 0.0551 0.0149 0.3816 0.0072 0.0121 0.0059 
      H130.2  2 0.0166 0.0109 0.5807 0.0327 0.0074 0.0105 0.0223 0.0126 0.0197 0.0154 0.0254 0.1604 0.0443 0.0201 0.0109 0.0100 
      H130.3  2 0.0072 0.0063 0.8040 0.0090 0.0040 0.0131 0.0026 0.0148 0.0107 0.0752 0.0081 0.0144 0.0142 0.0067 0.0050 0.0047 
      H130.4  2 0.0092 0.0131 0.3578 0.0148 0.0073 0.0115 0.0187 0.0120 0.0494 0.0694 0.0442 0.0248 0.3202 0.0056 0.0134 0.0286 
      H130.5  2 0.0124 0.0080 0.8231 0.0060 0.0070 0.0093 0.0085 0.0155 0.0108 0.0061 0.0084 0.0129 0.0396 0.0165 0.0119 0.0040 
      H133.1  2 0.0172 0.0125 0.0172 0.0133 0.0054 0.0083 0.0068 0.0070 0.8055 0.0211 0.0039 0.0176 0.0227 0.0140 0.0093 0.0182 
      H133.2  2 0.0174 0.0213 0.0433 0.0388 0.0165 0.0347 0.0060 0.0081 0.6189 0.0153 0.0091 0.0806 0.0402 0.0089 0.0318 0.0091 
      H133.3  2 0.0180 0.0218 0.0147 0.0084 0.0059 0.0219 0.0072 0.0096 0.7965 0.0105 0.0049 0.0106 0.0115 0.0151 0.0172 0.0262 
      H133.4  2 0.0088 0.0058 0.0121 0.0379 0.0081 0.0071 0.0046 0.0071 0.8243 0.0086 0.0095 0.0134 0.0138 0.0100 0.0114 0.0175 
      H133.5  2 0.0107 0.0133 0.0446 0.0060 0.0062 0.0084 0.0072 0.0052 0.8239 0.0096 0.0065 0.0134 0.0096 0.0065 0.0223 0.0065 
      H133.6  2 0.0198 0.0266 0.1109 0.0086 0.0112 0.0238 0.0077 0.0099 0.6706 0.0103 0.0128 0.0275 0.0254 0.0078 0.0213 0.0057 
      H133.7  2 0.0165 0.0126 0.0092 0.0331 0.0049 0.0144 0.0052 0.0149 0.7997 0.0064 0.0038 0.0062 0.0167 0.0154 0.0198 0.0212 
      H133.8  2 0.0357 0.0188 0.0130 0.0140 0.0044 0.0077 0.0089 0.0050 0.7929 0.0123 0.0045 0.0075 0.0090 0.0073 0.0448 0.0141 
      H133.9  2 0.0123 0.0137 0.0134 0.0097 0.0075 0.0084 0.0091 0.0062 0.8191 0.0183 0.0042 0.0119 0.0256 0.0094 0.0078 0.0234 
      H147.1  2 0.0870 0.0322 0.0233 0.0332 0.0301 0.0562 0.0237 0.0436 0.0070 0.0047 0.0038 0.1368 0.0218 0.4363 0.0388 0.0215 
      H147.2  2 0.0262 0.0081 0.0157 0.0082 0.0237 0.0124 0.0061 0.0108 0.0044 0.0051 0.0052 0.0222 0.0163 0.8177 0.0136 0.0044 
      H147.3  2 0.0150 0.0105 0.0098 0.0080 0.0090 0.0074 0.0069 0.0097 0.0046 0.0066 0.0040 0.0252 0.0117 0.8403 0.0258 0.0053 
      H147.4  2 0.0111 0.0059 0.0051 0.0097 0.0074 0.0078 0.0110 0.0067 0.0035 0.0042 0.0044 0.0440 0.0043 0.8492 0.0115 0.0140 
      H147.5  2 0.0251 0.0197 0.0329 0.0113 0.0192 0.1008 0.0190 0.0227 0.0045 0.0137 0.0067 0.1720 0.0115 0.5082 0.0244 0.0084 
      H147.6  2 0.0220 0.0288 0.0363 0.0143 0.0176 0.0676 0.0224 0.0078 0.0052 0.0089 0.0103 0.3554 0.0066 0.3726 0.0166 0.0075 
      H147.7  2 0.0141 0.0091 0.0063 0.0254 0.0106 0.0079 0.0146 0.0112 0.0049 0.0069 0.0040 0.0790 0.0077 0.7719 0.0094 0.0171 
      H147.8  2 0.0119 0.0131 0.0100 0.0161 0.0079 0.0559 0.0186 0.0066 0.0048 0.0062 0.0056 0.1060 0.0043 0.6930 0.0102 0.0297 
      H147.9  2 0.0150 0.0101 0.0072 0.0093 0.0105 0.0057 0.0064 0.0064 0.0030 0.0058 0.0048 0.0214 0.0096 0.8613 0.0175 0.0060 
      H148.1  2 0.0335 0.0336 0.1029 0.0195 0.0466 0.0299 0.0240 0.1211 0.0251 0.0082 0.0278 0.0861 0.3746 0.0118 0.0075 0.0480 
      H148.2  2 0.0138 0.0937 0.0669 0.0097 0.0158 0.0065 0.0168 0.5321 0.0196 0.0064 0.0173 0.0234 0.1014 0.0201 0.0172 0.0395 
      H148.3  2 0.0356 0.0054 0.0072 0.0152 0.0151 0.0121 0.0062 0.7981 0.0078 0.0074 0.0068 0.0204 0.0136 0.0088 0.0068 0.0334 
      H148.4  2 0.0391 0.0331 0.0554 0.0142 0.0968 0.0185 0.0117 0.3095 0.0182 0.0128 0.0258 0.0138 0.2897 0.0136 0.0104 0.0377 
      H148.5  2 0.0071 0.0099 0.0129 0.0056 0.0088 0.0178 0.0066 0.8485 0.0055 0.0085 0.0142 0.0175 0.0087 0.0063 0.0067 0.0154 
      H148.6  2 0.0126 0.0167 0.0286 0.0099 0.0188 0.0170 0.0321 0.6420 0.0088 0.0057 0.0117 0.0147 0.0676 0.0122 0.0135 0.0879 
      H148.7  2 0.0155 0.0332 0.0318 0.0168 0.0210 0.0329 0.0087 0.6643 0.0123 0.0198 0.0469 0.0244 0.0360 0.0081 0.0063 0.0218 
      H148.8  2 0.0100 0.0064 0.0098 0.0040 0.0069 0.0210 0.0055 0.8593 0.0046 0.0053 0.0086 0.0075 0.0285 0.0062 0.0064 0.0099 
      H148.9  2 0.0211 0.0665 0.0274 0.0438 0.0183 0.0077 0.0202 0.4251 0.0262 0.0200 0.0372 0.0194 0.0572 0.0098 0.0515 0.1486 
   H166022.1  2 0.0078 0.0103 0.0237 0.0063 0.0123 0.7804 0.0592 0.0090 0.0061 0.0038 0.0062 0.0344 0.0065 0.0123 0.0126 0.0089 
   H166022.2  2 0.0265 0.0184 0.0861 0.0360 0.0684 0.4189 0.0737 0.0203 0.0097 0.0166 0.0160 0.1191 0.0127 0.0474 0.0162 0.0141 
   H166022.3  2 0.0084 0.0064 0.0586 0.0092 0.0106 0.6297 0.1637 0.0130 0.0095 0.0106 0.0319 0.0200 0.0132 0.0051 0.0051 0.0051 
   H166022.4  2 0.0124 0.0053 0.0605 0.0063 0.0173 0.7960 0.0202 0.0048 0.0081 0.0130 0.0201 0.0142 0.0052 0.0069 0.0044 0.0052 
   H166022.5  2 0.0167 0.0070 0.1596 0.0092 0.0200 0.6337 0.0204 0.0060 0.0106 0.0086 0.0086 0.0743 0.0062 0.0082 0.0056 0.0053 
   H166022.6  2 0.0113 0.0056 0.0685 0.0302 0.0215 0.7029 0.0392 0.0088 0.0094 0.0092 0.0140 0.0216 0.0210 0.0068 0.0064 0.0236 
   H166022.7  2 0.0076 0.0117 0.0072 0.0120 0.0066 0.0063 0.0041 0.0043 0.0075 0.0081 0.8787 0.0119 0.0102 0.0083 0.0050 0.0104 
   H166022.8  2 0.0254 0.0073 0.4172 0.0208 0.1205 0.1002 0.0562 0.0100 0.0129 0.0115 0.0056 0.1286 0.0405 0.0183 0.0162 0.0088 
   H167397.1  2 0.0205 0.0121 0.0104 0.0175 0.0151 0.2566 0.0059 0.0190 0.0051 0.0067 0.0090 0.0333 0.0171 0.0473 0.0047 0.5197 
   H167397.2  2 0.0183 0.0167 0.0769 0.0117 0.0249 0.0177 0.0413 0.0157 0.0130 0.0091 0.0094 0.0175 0.0724 0.0257 0.0547 0.5750 
   H167397.3  2 0.0094 0.0416 0.0127 0.0191 0.0153 0.0776 0.0115 0.0178 0.0101 0.0114 0.0053 0.0232 0.0351 0.1008 0.0053 0.6034 
   H167397.4  2 0.0156 0.0129 0.0164 0.0459 0.0084 0.0150 0.0249 0.0310 0.0104 0.0099 0.0101 0.0183 0.0094 0.0411 0.0343 0.6966 
   H167397.5  2 0.0508 0.0085 0.0355 0.0160 0.0172 0.0445 0.0148 0.0187 0.0118 0.0087 0.0287 0.0375 0.0479 0.0254 0.0074 0.6265 
   H167397.6  2 0.0101 0.1215 0.0136 0.0208 0.0153 0.0390 0.0102 0.0163 0.0187 0.0141 0.0094 0.0083 0.0191 0.0424 0.0120 0.6290 
   H167496.1  2 0.0783 0.0159 0.1226 0.0162 0.0370 0.3620 0.0193 0.1344 0.0915 0.0164 0.0497 0.0152 0.0108 0.0158 0.0059 0.0090 
   H167496.2  2 0.1105 0.1467 0.0888 0.0440 0.1198 0.0572 0.0094 0.1179 0.0652 0.0136 0.0831 0.0227 0.0241 0.0685 0.0143 0.0144 
   H167496.3  2 0.1057 0.0165 0.2724 0.0192 0.0159 0.2336 0.0611 0.0550 0.0252 0.0192 0.0146 0.0085 0.0359 0.0285 0.0805 0.0081 
   H167496.4  2 0.0075 0.0094 0.0088 0.0072 0.0063 0.8891 0.0070 0.0041 0.0051 0.0062 0.0066 0.0077 0.0052 0.0141 0.0110 0.0047 
   H167496.6  2 0.0747 0.0109 0.0299 0.0111 0.0542 0.6994 0.0062 0.0042 0.0107 0.0173 0.0102 0.0161 0.0076 0.0350 0.0079 0.0045 
   H167496.7  2 0.3173 0.0495 0.2206 0.0447 0.0774 0.0446 0.0287 0.0622 0.0220 0.0111 0.0203 0.0176 0.0550 0.0132 0.0099 0.0058 
   H167496.8  2 0.1376 0.0444 0.0205 0.0150 0.0646 0.6056 0.0080 0.0064 0.0103 0.0065 0.0107 0.0233 0.0083 0.0245 0.0082 0.0064 
   H167513.1  2 0.0047 0.0100 0.0150 0.8638 0.0124 0.0082 0.0098 0.0056 0.0093 0.0065 0.0142 0.0088 0.0079 0.0076 0.0071 0.0089 
   H167513.2  2 0.0186 0.0089 0.0071 0.8359 0.0103 0.0157 0.0068 0.0196 0.0120 0.0054 0.0075 0.0074 0.0131 0.0043 0.0083 0.0190 
   H167513.3  2 0.0062 0.0072 0.0095 0.8552 0.0128 0.0079 0.0119 0.0045 0.0092 0.0167 0.0091 0.0225 0.0063 0.0077 0.0057 0.0076 
   H167513.4  2 0.0118 0.0227 0.0267 0.5890 0.0128 0.0184 0.0633 0.0168 0.1673 0.0068 0.0058 0.0205 0.0138 0.0078 0.0069 0.0096 
   H167513.5  2 0.0104 0.0072 0.0065 0.8869 0.0063 0.0099 0.0075 0.0099 0.0090 0.0037 0.0042 0.0047 0.0086 0.0045 0.0065 0.0140 
   H167513.6  2 0.0093 0.0127 0.0142 0.8142 0.0201 0.0189 0.0140 0.0095 0.0128 0.0057 0.0086 0.0237 0.0077 0.0095 0.0099 0.0092 
   H167513.7  2 0.0122 0.0119 0.0136 0.7736 0.0105 0.0106 0.0358 0.0050 0.0474 0.0070 0.0076 0.0120 0.0058 0.0116 0.0088 0.0267 
   H167513.8  2 0.0063 0.0062 0.0074 0.8733 0.0110 0.0049 0.0060 0.0035 0.0186 0.0066 0.0100 0.0178 0.0041 0.0060 0.0041 0.0142 
   H167547.1  2 0.0131 0.0079 0.0252 0.0221 0.0179 0.0676 0.0260 0.6545 0.0100 0.0202 0.0122 0.0073 0.0772 0.0081 0.0068 0.0241 
   H167547.2  2 0.0931 0.0270 0.0173 0.0627 0.0098 0.3488 0.0279 0.2959 0.0074 0.0131 0.0096 0.0140 0.0259 0.0161 0.0092 0.0222 
   H167547.3  2 0.0940 0.0209 0.0216 0.0491 0.0139 0.3764 0.0197 0.2980 0.0071 0.0121 0.0069 0.0106 0.0276 0.0133 0.0082 0.0207 
   H167547.4  2 0.0088 0.0085 0.0451 0.0203 0.0130 0.3735 0.1767 0.0435 0.0139 0.0375 0.0380 0.0118 0.1511 0.0091 0.0146 0.0346 
   H167547.5  2 0.0277 0.0109 0.0069 0.0075 0.0076 0.5870 0.0112 0.2649 0.0061 0.0083 0.0092 0.0156 0.0125 0.0083 0.0066 0.0097 
   H167547.6  2 0.0229 0.0113 0.0069 0.0097 0.0089 0.5918 0.0123 0.2570 0.0062 0.0133 0.0088 0.0177 0.0089 0.0086 0.0067 0.0091 
   H167547.7  2 0.0620 0.0145 0.0540 0.0869 0.0239 0.0274 0.0349 0.1975 0.1017 0.0277 0.1114 0.0214 0.0709 0.0273 0.1213 0.0171 
   H169750.1  2 0.0177 0.0150 0.0181 0.0228 0.0243 0.1013 0.0232 0.0119 0.6659 0.0099 0.0259 0.0115 0.0234 0.0096 0.0124 0.0072 
   H169750.2  2 0.0932 0.0180 0.0363 0.1326 0.0230 0.0272 0.0057 0.0168 0.2365 0.0711 0.0106 0.0798 0.0643 0.1248 0.0180 0.0421 
   H169750.3  2 0.0104 0.0080 0.0093 0.0273 0.0089 0.0235 0.0074 0.0078 0.7774 0.0283 0.0243 0.0264 0.0107 0.0071 0.0189 0.0041 
   H169750.4  2 0.0217 0.0324 0.0294 0.0322 0.1093 0.0804 0.0050 0.0255 0.4099 0.0620 0.0125 0.0085 0.0709 0.0142 0.0210 0.0651 
   H169750.5  2 0.0100 0.0194 0.0243 0.0102 0.0043 0.0268 0.0292 0.0050 0.7973 0.0087 0.0079 0.0129 0.0116 0.0166 0.0116 0.0043 
   H169750.6  2 0.0285 0.0226 0.0465 0.0359 0.0079 0.0440 0.0137 0.0090 0.5125 0.0149 0.0274 0.0324 0.0372 0.1349 0.0216 0.0110 
   H169750.7  2 0.0503 0.0217 0.0313 0.1824 0.0623 0.0412 0.0072 0.0163 0.3256 0.0566 0.0556 0.0235 0.0247 0.0214 0.0553 0.0246 
   H171929.1  2 0.0070 0.0104 0.0085 0.7669 0.0049 0.0143 0.0078 0.0348 0.0076 0.0086 0.0073 0.0059 0.0135 0.0071 0.0473 0.0482 
  H171929.10  2 0.0243 0.0175 0.0180 0.5877 0.0071 0.0501 0.0158 0.0606 0.0413 0.0077 0.0068 0.0278 0.0214 0.0153 0.0664 0.0323 
  H171929.11  2 0.0079 0.0061 0.0107 0.8357 0.0046 0.0176 0.0045 0.0150 0.0118 0.0115 0.0066 0.0058 0.0109 0.0081 0.0208 0.0226 
   H171929.2  2 0.0066 0.0082 0.0088 0.6412 0.0043 0.0088 0.0081 0.0376 0.2070 0.0087 0.0066 0.0085 0.0208 0.0048 0.0128 0.0071 
   H171929.3  2 0.0054 0.0056 0.0073 0.8565 0.0041 0.0182 0.0101 0.0149 0.0189 0.0080 0.0053 0.0091 0.0083 0.0104 0.0077 0.0103 
   H171929.4  2 0.0153 0.0068 0.0264 0.6690 0.0078 0.0335 0.0190 0.0275 0.0435 0.0206 0.0082 0.0127 0.0382 0.0166 0.0496 0.0054 
   H171929.5  2 0.0074 0.0088 0.0094 0.8473 0.0059 0.0053 0.0066 0.0126 0.0345 0.0085 0.0119 0.0086 0.0091 0.0053 0.0105 0.0083 
   H171929.6  2 0.0058 0.0065 0.0076 0.8902 0.0062 0.0060 0.0046 0.0068 0.0144 0.0078 0.0087 0.0068 0.0058 0.0052 0.0080 0.0097 
   H171929.7  2 0.0075 0.0099 0.0074 0.8669 0.0050 0.0045 0.0048 0.0081 0.0070 0.0076 0.0052 0.0040 0.0123 0.0079 0.0361 0.0057 
   H171929.8  2 0.0088 0.0062 0.0176 0.7344 0.0067 0.0134 0.0104 0.0292 0.0153 0.0122 0.0066 0.0074 0.0407 0.0088 0.0750 0.0073 
   H171929.9  2 0.0140 0.0098 0.0198 0.7099 0.0083 0.0120 0.0123 0.0070 0.0442 0.0095 0.0113 0.0137 0.0345 0.0148 0.0753 0.0036 
   H171930.1  2 0.0250 0.0070 0.0070 0.2457 0.0108 0.0207 0.0038 0.0109 0.0075 0.0234 0.0398 0.5582 0.0128 0.0080 0.0029 0.0165 
   H171930.2  2 0.0246 0.0103 0.0109 0.0140 0.0106 0.0402 0.0094 0.0149 0.0212 0.0201 0.0319 0.7491 0.0177 0.0108 0.0080 0.0065 
   H171930.3  2 0.0340 0.0242 0.0078 0.0110 0.0085 0.0125 0.0075 0.0108 0.0069 0.0220 0.0134 0.8097 0.0046 0.0073 0.0056 0.0142 
   H171930.4  2 0.0282 0.0085 0.0067 0.0101 0.0081 0.0230 0.0073 0.0057 0.0056 0.0122 0.0237 0.8396 0.0044 0.0061 0.0036 0.0075 
   H171930.5  2 0.0239 0.0154 0.0117 0.0812 0.0077 0.0194 0.0078 0.0112 0.0156 0.0283 0.0561 0.6167 0.0566 0.0179 0.0131 0.0175 
   H171930.6  2 0.0251 0.0147 0.0061 0.0072 0.0068 0.0088 0.0043 0.0081 0.0088 0.0120 0.0111 0.8597 0.0052 0.0123 0.0038 0.0059 
   H171930.7  2 0.0125 0.0185 0.0066 0.0203 0.0099 0.0066 0.0058 0.0059 0.0073 0.0087 0.0138 0.8493 0.0056 0.0056 0.0061 0.0175 
   H171930.8  2 0.0091 0.0080 0.0077 0.0200 0.0145 0.0123 0.0041 0.0069 0.0071 0.0069 0.0071 0.8677 0.0087 0.0074 0.0041 0.0085 
   H171933.1  2 0.0427 0.0056 0.0153 0.0076 0.0067 0.0372 0.6971 0.0240 0.0301 0.0078 0.0088 0.0203 0.0177 0.0119 0.0133 0.0540 
   H171933.2  2 0.0583 0.0163 0.0270 0.0114 0.0378 0.1218 0.4168 0.0329 0.0488 0.0062 0.0075 0.0469 0.0090 0.0223 0.0598 0.0774 
   H171933.3  2 0.0615 0.0101 0.0134 0.0082 0.0324 0.1222 0.4362 0.1138 0.0203 0.0136 0.0070 0.0545 0.0138 0.0073 0.0730 0.0128 
   H171933.4  2 0.0302 0.0049 0.0377 0.0358 0.1286 0.0348 0.5175 0.0342 0.0209 0.0223 0.0085 0.0614 0.0146 0.0104 0.0330 0.0051 
   H171933.5  2 0.0299 0.0103 0.0728 0.0512 0.1789 0.0410 0.1696 0.1234 0.0652 0.0818 0.0151 0.0886 0.0402 0.0059 0.0161 0.0099 
   H171933.6  2 0.0509 0.0201 0.0349 0.0050 0.0084 0.1518 0.6267 0.0075 0.0207 0.0125 0.0085 0.0082 0.0093 0.0210 0.0090 0.0057 
   H171933.7  2 0.1493 0.0167 0.0201 0.0105 0.0620 0.0089 0.4771 0.0174 0.0100 0.0173 0.0118 0.0977 0.0167 0.0147 0.0524 0.0176 
   H171933.8  2 0.0298 0.0066 0.0317 0.0368 0.2415 0.0140 0.4007 0.0180 0.0154 0.0064 0.0088 0.0652 0.0109 0.0155 0.0541 0.0445 
   H171933.9  2 0.0187 0.0060 0.0204 0.0078 0.0260 0.0124 0.7795 0.0087 0.0091 0.0375 0.0117 0.0371 0.0057 0.0058 0.0096 0.0038 
      H190.1  2 0.0607 0.0246 0.1268 0.0113 0.0198 0.0190 0.0189 0.0735 0.0222 0.0632 0.0280 0.4774 0.0243 0.0195 0.0060 0.0048 
      H190.2  2 0.8456 0.0162 0.0058 0.0074 0.0076 0.0139 0.0054 0.0143 0.0102 0.0064 0.0067 0.0084 0.0121 0.0195 0.0149 0.0058 
      H190.3  2 0.3207 0.0155 0.0263 0.0146 0.0088 0.1331 0.0160 0.0786 0.0552 0.0247 0.0185 0.0355 0.1878 0.0256 0.0240 0.0153 
      H190.4  2 0.0159 0.0099 0.0804 0.0082 0.0043 0.0497 0.0603 0.1930 0.0372 0.0466 0.0169 0.4156 0.0316 0.0071 0.0160 0.0075 
      H190.5  2 0.7901 0.0244 0.0184 0.0131 0.0142 0.0083 0.0100 0.0072 0.0258 0.0096 0.0085 0.0096 0.0112 0.0245 0.0191 0.0063 
      H190.6  2 0.0191 0.0137 0.0487 0.0064 0.0057 0.0748 0.0199 0.3833 0.0223 0.0230 0.0301 0.2715 0.0409 0.0118 0.0202 0.0085 
      H190.7  2 0.0400 0.0134 0.0210 0.0104 0.0158 0.3686 0.0046 0.0580 0.0196 0.0344 0.0078 0.0214 0.0820 0.0125 0.2819 0.0084 
      H190.8  2 0.8138 0.0155 0.0255 0.0092 0.0187 0.0082 0.0096 0.0084 0.0104 0.0149 0.0065 0.0156 0.0072 0.0091 0.0225 0.0050 
      H190.9  2 0.4156 0.0684 0.0400 0.0157 0.0147 0.0634 0.0076 0.0511 0.0648 0.0215 0.0098 0.0389 0.0424 0.0077 0.1253 0.0133 
      H400.1  2 0.0063 0.0771 0.0492 0.0053 0.0138 0.5782 0.0482 0.0052 0.1184 0.0086 0.0090 0.0283 0.0250 0.0079 0.0103 0.0092 
      H400.2  2 0.0071 0.2222 0.1244 0.0149 0.0055 0.4196 0.0699 0.0053 0.0373 0.0070 0.0114 0.0243 0.0087 0.0184 0.0080 0.0161 
      H400.3  2 0.0347 0.0360 0.2464 0.0091 0.0080 0.1302 0.0641 0.0119 0.3181 0.0230 0.0134 0.0584 0.0201 0.0104 0.0061 0.0100 
      H400.4  2 0.0115 0.0421 0.0386 0.0163 0.0088 0.6787 0.0162 0.0097 0.0274 0.0141 0.0139 0.0690 0.0089 0.0250 0.0145 0.0050 
      H400.5  2 0.0124 0.0269 0.2629 0.0098 0.0052 0.0559 0.1687 0.0202 0.3293 0.0255 0.0073 0.0414 0.0122 0.0094 0.0069 0.0060 
      H400.6  2 0.0078 0.1449 0.0380 0.0065 0.0085 0.6110 0.0186 0.0047 0.0245 0.0074 0.0055 0.0228 0.0250 0.0098 0.0605 0.0045 
      H400.7  2 0.0173 0.0205 0.0221 0.0173 0.0232 0.5275 0.1344 0.0190 0.0934 0.0102 0.0092 0.0418 0.0408 0.0071 0.0107 0.0055 
 H428.1_2005  2 0.0028 0.0055 0.0038 0.0050 0.0036 0.0039 0.9379 0.0045 0.0050 0.0049 0.0052 0.0031 0.0037 0.0033 0.0041 0.0038 
 H428.1_2006  2 0.0045 0.0135 0.0055 0.0116 0.0134 0.0089 0.8916 0.0046 0.0049 0.0058 0.0041 0.0034 0.0044 0.0112 0.0081 0.0043 
 H428.2_2005  2 0.0038 0.0053 0.0073 0.0049 0.0044 0.0065 0.9205 0.0079 0.0054 0.0049 0.0063 0.0050 0.0060 0.0048 0.0034 0.0037 
 H428.2_2006  2 0.0053 0.0075 0.0080 0.0095 0.0100 0.0104 0.8752 0.0049 0.0064 0.0057 0.0073 0.0090 0.0038 0.0270 0.0060 0.0040 
 H428.3_2005  2 0.0043 0.0053 0.0042 0.0042 0.0047 0.0084 0.9306 0.0047 0.0042 0.0045 0.0035 0.0050 0.0044 0.0046 0.0047 0.0029 
 H428.3_2006  2 0.0052 0.0121 0.0061 0.0116 0.0102 0.0071 0.8890 0.0047 0.0063 0.0065 0.0074 0.0061 0.0031 0.0134 0.0058 0.0054 
 H428.4_2005  2 0.0039 0.0040 0.0039 0.0043 0.0045 0.0055 0.9337 0.0070 0.0051 0.0038 0.0044 0.0035 0.0049 0.0044 0.0037 0.0034 
 H428.4_2006  2 0.0034 0.0040 0.0052 0.0044 0.0035 0.0042 0.9392 0.0038 0.0032 0.0031 0.0029 0.0030 0.0033 0.0056 0.0075 0.0037 
 H428.5_2005  2 0.0031 0.0039 0.0044 0.0039 0.0027 0.0039 0.9396 0.0052 0.0031 0.0034 0.0039 0.0032 0.0032 0.0062 0.0039 0.0064 
 H428.6_2005  2 0.0039 0.0079 0.0041 0.0052 0.0057 0.0049 0.9249 0.0039 0.0035 0.0041 0.0035 0.0045 0.0052 0.0058 0.0090 0.0038 
 H428.6_2006  2 0.0045 0.0056 0.0051 0.0109 0.0046 0.0052 0.8936 0.0047 0.0048 0.0145 0.0063 0.0073 0.0044 0.0095 0.0069 0.0121 
      H428.7  2 0.0039 0.0044 0.0057 0.0037 0.0033 0.0059 0.9376 0.0032 0.0032 0.0038 0.0049 0.0037 0.0035 0.0041 0.0065 0.0027 
      H428.8  2 0.0040 0.0044 0.0039 0.0059 0.0033 0.0045 0.9306 0.0048 0.0037 0.0047 0.0073 0.0046 0.0028 0.0067 0.0045 0.0044 
      H428.9  2 0.0037 0.0048 0.0049 0.0043 0.0039 0.0059 0.9336 0.0053 0.0032 0.0037 0.0060 0.0037 0.0040 0.0054 0.0034 0.0041 
      H453.1  2 0.0132 0.0086 0.5765 0.0107 0.0103 0.2441 0.0122 0.0051 0.0139 0.0187 0.0108 0.0149 0.0059 0.0429 0.0071 0.0050 
      H453.2  2 0.0342 0.0069 0.6768 0.0075 0.0062 0.1673 0.0079 0.0053 0.0162 0.0100 0.0047 0.0283 0.0078 0.0069 0.0099 0.0042 
      H453.3  2 0.0130 0.0055 0.7796 0.0052 0.0038 0.1212 0.0117 0.0052 0.0072 0.0063 0.0056 0.0104 0.0085 0.0059 0.0081 0.0029 
      H453.4  2 0.0165 0.0076 0.7467 0.0066 0.0048 0.1529 0.0067 0.0034 0.0134 0.0068 0.0044 0.0107 0.0065 0.0056 0.0045 0.0030 
      H453.5  2 0.0050 0.0073 0.8003 0.0037 0.0050 0.1085 0.0064 0.0050 0.0101 0.0087 0.0045 0.0091 0.0035 0.0146 0.0043 0.0040 
      H453.6  2 0.0106 0.0048 0.6273 0.0045 0.0063 0.2060 0.0219 0.0054 0.0064 0.0083 0.0059 0.0271 0.0033 0.0521 0.0054 0.0046 
      H453.7  2 0.1429 0.0090 0.6127 0.0105 0.0111 0.0110 0.0067 0.0107 0.0133 0.0062 0.0078 0.0174 0.0403 0.0445 0.0522 0.0038 
      H453.8  2 0.0603 0.0088 0.7601 0.0151 0.0236 0.0135 0.0057 0.0076 0.0139 0.0087 0.0073 0.0104 0.0234 0.0236 0.0117 0.0064 
      H453.9  2 0.0557 0.0088 0.7567 0.0076 0.0128 0.0144 0.0056 0.0038 0.0089 0.0044 0.0059 0.0188 0.0071 0.0644 0.0209 0.0042 
      H512.1  2 0.0050 0.0076 0.8658 0.0046 0.0053 0.0173 0.0103 0.0106 0.0042 0.0172 0.0058 0.0213 0.0046 0.0059 0.0113 0.0034 
     H512.10  2 0.0197 0.0072 0.5788 0.0124 0.0473 0.0049 0.0388 0.0224 0.0207 0.0597 0.0075 0.0273 0.0194 0.0201 0.0068 0.1070 
      H512.2  2 0.0745 0.0166 0.4808 0.0177 0.1224 0.0073 0.0985 0.0346 0.0144 0.0391 0.0171 0.0226 0.0163 0.0130 0.0075 0.0176 
      H512.3  2 0.0482 0.0206 0.3372 0.0170 0.1361 0.0214 0.0505 0.0139 0.0296 0.1704 0.0361 0.0504 0.0090 0.0188 0.0073 0.0335 
      H512.4  2 0.0299 0.0095 0.5927 0.0176 0.0697 0.0086 0.0377 0.0638 0.0160 0.0080 0.0101 0.0573 0.0177 0.0332 0.0048 0.0233 
      H512.5  2 0.0700 0.0138 0.1321 0.0163 0.1257 0.0264 0.0415 0.0166 0.0624 0.2824 0.1397 0.0129 0.0121 0.0133 0.0052 0.0293 
      H512.6  2 0.1229 0.0277 0.4640 0.0109 0.0634 0.0334 0.0183 0.0394 0.0138 0.0600 0.0671 0.0402 0.0163 0.0099 0.0069 0.0056 
      H512.7  2 0.0103 0.0499 0.1041 0.0198 0.0283 0.1112 0.0198 0.0074 0.0503 0.4329 0.0893 0.0153 0.0066 0.0248 0.0121 0.0178 
      H512.8  2 0.1602 0.0263 0.1333 0.0446 0.1357 0.0330 0.0727 0.0680 0.0196 0.1160 0.0374 0.0975 0.0207 0.0150 0.0106 0.0092 
      H512.9  2 0.0142 0.0334 0.6380 0.0048 0.0176 0.0177 0.0222 0.0068 0.0423 0.1068 0.0113 0.0111 0.0083 0.0140 0.0234 0.0281 
      H513.1  2 0.0053 0.0090 0.0078 0.0051 0.0117 0.0070 0.9068 0.0042 0.0059 0.0042 0.0047 0.0053 0.0042 0.0087 0.0046 0.0055 
      H513.2  2 0.0104 0.0124 0.0184 0.0193 0.0094 0.0135 0.8216 0.0096 0.0057 0.0043 0.0060 0.0188 0.0126 0.0226 0.0092 0.0060 
      H513.3  2 0.0075 0.0063 0.0073 0.0055 0.0081 0.0067 0.9031 0.0043 0.0055 0.0055 0.0060 0.0075 0.0062 0.0092 0.0073 0.0040 
      H513.4  2 0.0207 0.0275 0.0154 0.0330 0.0149 0.0500 0.7149 0.0097 0.0105 0.0089 0.0074 0.0208 0.0074 0.0445 0.0103 0.0040 
      H513.5  2 0.0043 0.0085 0.0082 0.0141 0.0065 0.0051 0.8918 0.0036 0.0055 0.0102 0.0082 0.0116 0.0035 0.0086 0.0053 0.0051 
