      H008.1  2 0.0210 0.0133 0.0067 0.0133 0.0111 0.0333 0.0141 0.0176 0.0100 0.0048 0.0405 0.0086 0.0323 0.7297 0.0064 0.0125 0.0091 0.0068 0.0087 
      H008.2  2 0.0338 0.0511 0.0461 0.0134 0.0273 0.3958 0.0123 0.0265 0.0065 0.0289 0.0199 0.0123 0.1895 0.0448 0.0085 0.0364 0.0237 0.0118 0.0115 
      H008.3  2 0.0791 0.0162 0.0626 0.0193 0.0479 0.2638 0.0541 0.0091 0.0125 0.0268 0.0215 0.0441 0.2137 0.0347 0.0136 0.0205 0.0272 0.0120 0.0215 
      H008.4  2 0.0148 0.0148 0.0146 0.0339 0.0105 0.0915 0.0083 0.0199 0.0123 0.0441 0.0378 0.0504 0.0231 0.5381 0.0065 0.0190 0.0101 0.0361 0.0142 
      H008.5  2 0.0226 0.0068 0.0220 0.0190 0.0159 0.0868 0.0171 0.0096 0.0061 0.0125 0.0210 0.0478 0.0200 0.6359 0.0104 0.0094 0.0112 0.0128 0.0131 
      H008.6  2 0.0455 0.0141 0.0361 0.0334 0.0057 0.4694 0.0119 0.0131 0.0051 0.0538 0.0211 0.0184 0.0420 0.0976 0.0139 0.0521 0.0189 0.0340 0.0139 
      H008.7  2 0.0439 0.0397 0.0133 0.0205 0.0399 0.2950 0.0114 0.0314 0.0159 0.0546 0.0181 0.0451 0.0457 0.2382 0.0092 0.0298 0.0071 0.0232 0.0180 
      H008.8  2 0.0239 0.2188 0.0236 0.0114 0.0199 0.0152 0.0230 0.0831 0.0091 0.0065 0.0302 0.0065 0.2944 0.0880 0.0156 0.0974 0.0106 0.0097 0.0133 
      H008.9  2 0.0441 0.0161 0.0242 0.0188 0.0119 0.3571 0.0110 0.0154 0.0112 0.1357 0.0237 0.0143 0.0738 0.0189 0.0117 0.1743 0.0127 0.0113 0.0140 
 H029.1_2002  2 0.0124 0.0211 0.0040 0.0252 0.0085 0.0087 0.0064 0.0170 0.0078 0.0199 0.0134 0.0687 0.0187 0.6781 0.0101 0.0379 0.0081 0.0214 0.0126 
 H029.1_2003  2 0.0731 0.0145 0.0098 0.0084 0.0059 0.0102 0.0066 0.0201 0.0046 0.0110 0.0103 0.6371 0.0296 0.0347 0.0136 0.0259 0.0097 0.0120 0.0629 
 H029.2_2002  2 0.0242 0.0134 0.0151 0.0289 0.0302 0.0137 0.0058 0.0131 0.0061 0.0340 0.0052 0.0506 0.0232 0.6082 0.0222 0.0054 0.0068 0.0149 0.0789 
 H029.2_2003  2 0.2106 0.0081 0.0162 0.0306 0.0068 0.0147 0.0071 0.0281 0.0045 0.0269 0.0061 0.3953 0.0464 0.0996 0.0314 0.0110 0.0149 0.0072 0.0346 
 H029.3_2002  2 0.0375 0.0307 0.0253 0.0131 0.0490 0.0108 0.0143 0.0580 0.0062 0.1439 0.0040 0.0627 0.0306 0.3532 0.0327 0.0080 0.0225 0.0243 0.0730 
 H029.3_2003  2 0.0248 0.0167 0.0054 0.0108 0.0059 0.0148 0.0081 0.0192 0.0050 0.0074 0.0136 0.2177 0.0060 0.5762 0.0109 0.0044 0.0130 0.0060 0.0340 
 H029.4_2002  2 0.0076 0.0088 0.0046 0.0063 0.0086 0.0071 0.0070 0.0165 0.0048 0.0177 0.0082 0.0401 0.0034 0.8207 0.0064 0.0044 0.0059 0.0098 0.0122 
 H029.4_2003  2 0.0418 0.0251 0.0102 0.0131 0.0065 0.0134 0.0173 0.1830 0.0049 0.0190 0.0377 0.3914 0.0157 0.1525 0.0079 0.0124 0.0115 0.0077 0.0288 
 H029.5_2002  2 0.0074 0.0056 0.0038 0.0099 0.0101 0.0117 0.0041 0.0095 0.0068 0.0055 0.0220 0.0563 0.0062 0.7867 0.0088 0.0075 0.0063 0.0059 0.0257 
 H029.5_2003  2 0.0901 0.0139 0.0048 0.0086 0.0045 0.0203 0.0111 0.0226 0.0042 0.0084 0.0122 0.4602 0.0099 0.2803 0.0080 0.0078 0.0072 0.0070 0.0189 
 H029.6_2002  2 0.0085 0.0237 0.0063 0.0045 0.0178 0.0048 0.0113 0.0167 0.0074 0.0448 0.0046 0.3200 0.0076 0.4763 0.0049 0.0041 0.0081 0.0101 0.0187 
 H029.6_2003  2 0.1009 0.0126 0.0094 0.0513 0.0088 0.0160 0.0224 0.0433 0.0151 0.0121 0.0325 0.0440 0.0162 0.4436 0.0367 0.0126 0.0204 0.0099 0.0923 
      H029.7  2 0.0191 0.0076 0.0197 0.0201 0.0214 0.0086 0.0041 0.0195 0.0036 0.0300 0.0054 0.0272 0.0164 0.7387 0.0119 0.0065 0.0050 0.0121 0.0227 
      H030.1  2 0.0396 0.0318 0.0100 0.0447 0.0180 0.0687 0.0211 0.0178 0.0202 0.0051 0.0104 0.0943 0.0156 0.0291 0.1383 0.0125 0.4059 0.0065 0.0103 
      H030.2  2 0.0172 0.0078 0.0041 0.0116 0.1205 0.0376 0.0151 0.0113 0.0298 0.0673 0.0248 0.0406 0.0176 0.0635 0.0123 0.0074 0.3022 0.2026 0.0065 
      H038.1  2 0.0047 0.0073 0.0074 0.0037 0.0041 0.0041 0.0044 0.0111 0.0034 0.0240 0.0038 0.0063 0.0065 0.8727 0.0058 0.0105 0.0052 0.0070 0.0080 
      H038.2  2 0.0045 0.0046 0.0031 0.0156 0.0062 0.0061 0.0055 0.0051 0.0150 0.0044 0.0071 0.0058 0.0076 0.8771 0.0069 0.0030 0.0074 0.0105 0.0044 
      H038.3  2 0.0080 0.0082 0.0045 0.0098 0.0071 0.0104 0.0093 0.0128 0.0086 0.0353 0.0171 0.0044 0.0079 0.7627 0.0414 0.0093 0.0139 0.0234 0.0061 
      H038.4  2 0.0048 0.0091 0.0040 0.0071 0.0069 0.0084 0.0083 0.0116 0.0165 0.0283 0.0111 0.0053 0.0056 0.8182 0.0242 0.0052 0.0065 0.0136 0.0053 
      H038.5  2 0.0080 0.0223 0.0038 0.0063 0.0101 0.0077 0.0203 0.0199 0.0083 0.0231 0.0042 0.0097 0.0036 0.8091 0.0084 0.0060 0.0127 0.0055 0.0110 
      H038.6  2 0.0093 0.0051 0.0042 0.0087 0.0037 0.0074 0.0070 0.0091 0.0032 0.0106 0.0037 0.0098 0.0078 0.8795 0.0053 0.0052 0.0082 0.0065 0.0058 
      H038.7  2 0.0068 0.0062 0.0033 0.0102 0.0029 0.0086 0.0075 0.0132 0.0043 0.0107 0.0084 0.0056 0.0094 0.8433 0.0297 0.0044 0.0076 0.0130 0.0049 
      H038.8  2 0.0054 0.0066 0.0043 0.0067 0.0090 0.0060 0.0132 0.0073 0.0205 0.0860 0.0097 0.0040 0.0068 0.7659 0.0162 0.0045 0.0101 0.0138 0.0042 
      H041.1  2 0.0155 0.0055 0.0138 0.0075 0.1267 0.0430 0.0096 0.0494 0.0104 0.0218 0.4315 0.1032 0.0069 0.0517 0.0418 0.0131 0.0081 0.0034 0.0370 
      H041.2  2 0.0099 0.0062 0.0062 0.0084 0.0088 0.0356 0.0051 0.0124 0.0065 0.0099 0.6485 0.1543 0.0068 0.0284 0.0092 0.0079 0.0081 0.0096 0.0183 
      H041.4  2 0.0181 0.0116 0.0207 0.0128 0.0145 0.0614 0.0050 0.0481 0.0168 0.0253 0.0684 0.2429 0.0123 0.2706 0.0115 0.0314 0.0078 0.0080 0.1126 
      H041.6  2 0.0192 0.0093 0.0280 0.0166 0.0231 0.0249 0.0053 0.0367 0.0155 0.0121 0.2009 0.2359 0.0235 0.1930 0.0147 0.0456 0.0145 0.0117 0.0697 
 H042.1_2002  2 0.0103 0.0053 0.0127 0.0219 0.0073 0.0053 0.0187 0.0109 0.0386 0.0118 0.0272 0.7230 0.0243 0.0090 0.0126 0.0249 0.0062 0.0186 0.0114 
 H042.1_2003  2 0.0469 0.0110 0.0104 0.0544 0.0076 0.0933 0.0137 0.0080 0.0136 0.0542 0.4578 0.0196 0.0303 0.0637 0.0404 0.0290 0.0216 0.0168 0.0080 
 H042.2_2002  2 0.0420 0.0075 0.0094 0.0066 0.0059 0.0088 0.0096 0.0244 0.0087 0.0368 0.0074 0.5145 0.0154 0.1026 0.0065 0.0058 0.0048 0.1338 0.0495 
 H042.2_2003  2 0.0151 0.0088 0.0105 0.1134 0.0048 0.0205 0.0084 0.0106 0.0111 0.0055 0.3365 0.2298 0.0127 0.1185 0.0157 0.0303 0.0143 0.0108 0.0227 
 H042.3_2002  2 0.0227 0.0069 0.0107 0.0189 0.0055 0.0081 0.0282 0.0100 0.0184 0.0192 0.0410 0.4401 0.0105 0.0080 0.0135 0.0116 0.0112 0.2952 0.0205 
 H042.3_2003  2 0.0584 0.0068 0.0167 0.1141 0.0314 0.0148 0.0339 0.0809 0.0225 0.0335 0.1445 0.1954 0.0212 0.0368 0.0185 0.0210 0.0127 0.1228 0.0140 
 H042.4_2002  2 0.0159 0.0051 0.0061 0.0170 0.0057 0.0069 0.0057 0.0132 0.0348 0.0133 0.0141 0.7698 0.0086 0.0265 0.0120 0.0125 0.0097 0.0054 0.0175 
 H042.4_2003  2 0.0168 0.0059 0.0198 0.0663 0.0207 0.0198 0.0072 0.0523 0.0244 0.0074 0.0110 0.5519 0.0308 0.0768 0.0239 0.0167 0.0070 0.0084 0.0330 
      H042.5  2 0.0065 0.0051 0.0129 0.0201 0.0038 0.0090 0.0066 0.0095 0.0084 0.0027 0.0046 0.8630 0.0088 0.0071 0.0067 0.0052 0.0032 0.0039 0.0131 
      H042.6  2 0.0097 0.0063 0.0513 0.0115 0.0075 0.0067 0.0138 0.0533 0.0094 0.0103 0.0049 0.7122 0.0410 0.0129 0.0152 0.0089 0.0053 0.0112 0.0088 
      H042.7  2 0.0200 0.0090 0.0091 0.0294 0.0070 0.0098 0.0225 0.0244 0.0604 0.0066 0.0252 0.4404 0.0219 0.0243 0.0387 0.0165 0.0061 0.1673 0.0614 
      H042.8  2 0.0142 0.0073 0.0191 0.0159 0.0038 0.0135 0.0125 0.0100 0.0097 0.0177 0.0499 0.7263 0.0090 0.0099 0.0065 0.0123 0.0048 0.0303 0.0275 
   H042_2002  2 0.0142 0.0102 0.0545 0.1174 0.0048 0.0342 0.0117 0.0510 0.0090 0.0300 0.0405 0.0506 0.3168 0.0809 0.0144 0.0169 0.0093 0.0988 0.0346 
   H042_2003  2 0.0246 0.0155 0.0441 0.1115 0.0038 0.0295 0.0164 0.0494 0.0100 0.0261 0.0315 0.0431 0.3197 0.0812 0.0164 0.0199 0.0105 0.1134 0.0334 
      H043.1  2 0.0081 0.0088 0.0064 0.0072 0.0080 0.0081 0.0094 0.8629 0.0051 0.0179 0.0100 0.0044 0.0121 0.0082 0.0055 0.0038 0.0064 0.0048 0.0030 
      H043.2  2 0.0084 0.0080 0.0306 0.0063 0.0029 0.0065 0.0191 0.7421 0.0048 0.0430 0.0235 0.0045 0.0206 0.0134 0.0151 0.0311 0.0049 0.0068 0.0084 
      H043.3  2 0.0061 0.0083 0.0099 0.0146 0.0035 0.0081 0.0214 0.7309 0.0051 0.0149 0.0139 0.0050 0.0216 0.0559 0.0424 0.0092 0.0059 0.0187 0.0049 
      H043.4  2 0.0054 0.0042 0.0269 0.0062 0.0032 0.0068 0.0087 0.8089 0.0036 0.0140 0.0175 0.0048 0.0215 0.0222 0.0202 0.0100 0.0051 0.0068 0.0040 
      H043.5  2 0.0095 0.0127 0.0060 0.0055 0.0034 0.0109 0.0353 0.6880 0.0036 0.0888 0.0380 0.0052 0.0146 0.0242 0.0159 0.0187 0.0047 0.0101 0.0049 
      H043.6  2 0.0074 0.0047 0.0085 0.0062 0.0029 0.0039 0.0154 0.7577 0.0052 0.0557 0.0091 0.0055 0.0106 0.0489 0.0107 0.0206 0.0065 0.0123 0.0082 
      H043.7  2 0.0053 0.0039 0.0433 0.0072 0.0028 0.0042 0.0091 0.7420 0.0042 0.0252 0.0198 0.0047 0.0096 0.0134 0.0654 0.0216 0.0051 0.0090 0.0041 
      H043.8  2 0.0071 0.0233 0.0111 0.0053 0.0076 0.0041 0.0145 0.8202 0.0087 0.0110 0.0155 0.0032 0.0086 0.0096 0.0153 0.0088 0.0095 0.0128 0.0038 
      H043.9  2 0.0058 0.0091 0.0081 0.0064 0.0061 0.0053 0.0086 0.8626 0.0042 0.0106 0.0064 0.0046 0.0154 0.0141 0.0103 0.0043 0.0068 0.0073 0.0040 
      H047.1  2 0.0068 0.0035 0.0067 0.0187 0.0048 0.4432 0.0120 0.0059 0.0049 0.0063 0.0133 0.0082 0.0141 0.3847 0.0080 0.0158 0.0061 0.0315 0.0054 
      H047.2  2 0.0254 0.0136 0.0054 0.0138 0.0160 0.6688 0.0046 0.0141 0.0122 0.0042 0.0231 0.0104 0.0196 0.1067 0.0289 0.0095 0.0049 0.0068 0.0119 
      H047.3  2 0.0170 0.0178 0.0108 0.0193 0.0173 0.6264 0.0058 0.0115 0.0089 0.0046 0.0491 0.0130 0.0215 0.1119 0.0174 0.0075 0.0078 0.0137 0.0189 
      H047.4  2 0.0122 0.0182 0.0083 0.0156 0.0066 0.3802 0.0062 0.0273 0.0106 0.0042 0.1347 0.0144 0.0268 0.2231 0.0458 0.0212 0.0071 0.0218 0.0158 
      H047.5  2 0.0190 0.0070 0.0388 0.0078 0.0049 0.5973 0.0061 0.0201 0.0120 0.0036 0.0269 0.0051 0.0256 0.1286 0.0248 0.0104 0.0080 0.0341 0.0199 
      H047.6  2 0.0081 0.0063 0.0069 0.0059 0.0073 0.7567 0.0039 0.0083 0.0070 0.0040 0.0783 0.0168 0.0087 0.0315 0.0106 0.0105 0.0039 0.0108 0.0148 
      H047.7  2 0.0058 0.0033 0.0049 0.0158 0.0097 0.3786 0.0131 0.0045 0.0100 0.0054 0.0193 0.0094 0.0091 0.4441 0.0062 0.0079 0.0044 0.0427 0.0058 
      H047.8  2 0.0076 0.0058 0.0067 0.0125 0.0063 0.6957 0.0073 0.0076 0.0055 0.0036 0.1165 0.0202 0.0145 0.0444 0.0101 0.0083 0.0042 0.0126 0.0105 
      H047.9  2 0.0137 0.0059 0.0220 0.0278 0.0053 0.3840 0.0093 0.0153 0.0435 0.0039 0.0171 0.0079 0.0239 0.3181 0.0189 0.0076 0.0096 0.0474 0.0186 
 H071.1_2002  2 0.0054 0.0040 0.0099 0.0095 0.0035 0.0049 0.0090 0.0142 0.0047 0.0054 0.0076 0.0047 0.0075 0.8742 0.0084 0.0060 0.0059 0.0086 0.0067 
 H071.1_2003  2 0.0166 0.0062 0.0791 0.0148 0.0034 0.0128 0.0092 0.0546 0.0045 0.0091 0.0231 0.0070 0.0261 0.5184 0.0889 0.0258 0.0655 0.0111 0.0236 
     H071.10  2 0.0041 0.0091 0.0041 0.0037 0.0070 0.0033 0.0234 0.0071 0.0069 0.0068 0.0039 0.0055 0.0052 0.8726 0.0046 0.0040 0.0158 0.0095 0.0034 
 H071.2_2002  2 0.0083 0.0123 0.0130 0.0059 0.0035 0.0083 0.0143 0.0141 0.0039 0.0067 0.0065 0.0047 0.0108 0.8342 0.0079 0.0184 0.0075 0.0082 0.0114 
 H071.2_2003  2 0.0035 0.0031 0.0058 0.0057 0.0033 0.0038 0.0043 0.0054 0.0031 0.0032 0.0044 0.0050 0.0066 0.9194 0.0047 0.0056 0.0043 0.0047 0.0041 
      H071.3  2 0.0072 0.0066 0.0052 0.0042 0.0086 0.0158 0.0186 0.0075 0.0071 0.0101 0.0330 0.0060 0.0097 0.7901 0.0143 0.0042 0.0364 0.0106 0.0048 
 H071.4_2002  2 0.0059 0.0133 0.0062 0.0038 0.0079 0.0044 0.0297 0.0222 0.0117 0.0136 0.0045 0.0061 0.0068 0.8135 0.0087 0.0087 0.0126 0.0124 0.0079 
 H071.4_2003  2 0.0060 0.0043 0.0042 0.0038 0.0037 0.0055 0.0131 0.0054 0.0053 0.0024 0.0053 0.0037 0.0086 0.9050 0.0052 0.0033 0.0073 0.0051 0.0028 
 H071.5_2002  2 0.0033 0.0049 0.0068 0.0033 0.0061 0.0035 0.0094 0.0079 0.0046 0.0044 0.0037 0.0053 0.0057 0.9056 0.0055 0.0040 0.0073 0.0058 0.0031 
 H071.5_2003  2 0.0147 0.0077 0.0081 0.0088 0.0038 0.0078 0.0210 0.0161 0.0125 0.0039 0.0101 0.0044 0.0165 0.7971 0.0230 0.0095 0.0196 0.0095 0.0057 
 H071.6_2002  2 0.0063 0.0129 0.0095 0.0036 0.0046 0.0047 0.0458 0.0102 0.0061 0.0052 0.0035 0.0040 0.0091 0.8323 0.0079 0.0054 0.0064 0.0187 0.0038 
 H071.6_2003  2 0.0065 0.0068 0.0050 0.0088 0.0039 0.0050 0.0107 0.0126 0.0052 0.0029 0.0058 0.0049 0.0058 0.8394 0.0259 0.0085 0.0274 0.0107 0.0040 
 H071.7_2002  2 0.0046 0.0048 0.0069 0.0040 0.0039 0.0055 0.0065 0.0057 0.0030 0.0036 0.0071 0.0043 0.0081 0.9018 0.0075 0.0062 0.0039 0.0098 0.0028 
 H071.7_2003  2 0.0097 0.0049 0.0088 0.0080 0.0043 0.0047 0.0155 0.0196 0.0093 0.0045 0.0079 0.0059 0.0089 0.8160 0.0138 0.0093 0.0358 0.0079 0.0052 
      H071.8  2 0.0057 0.0107 0.0103 0.0046 0.0036 0.0075 0.0069 0.0081 0.0038 0.0068 0.0056 0.0069 0.0092 0.8689 0.0058 0.0139 0.0050 0.0062 0.0105 
      H071.9  2 0.0232 0.1017 0.0157 0.0046 0.0087 0.0104 0.0383 0.2046 0.0145 0.0112 0.0066 0.0104 0.0117 0.4420 0.0198 0.0216 0.0188 0.0131 0.0231 
 H081.1_2002  2 0.0075 0.0045 0.0123 0.0037 0.0064 0.0045 0.0035 0.0059 0.0071 0.0045 0.0041 0.0058 0.0068 0.8844 0.0108 0.0081 0.0055 0.0066 0.0081 
 H081.1_2003  2 0.0613 0.0252 0.0122 0.0201 0.0117 0.0193 0.0068 0.0326 0.0165 0.1936 0.0176 0.0548 0.2241 0.0422 0.1257 0.0368 0.0562 0.0225 0.0207 
 H081.2_2002  2 0.0058 0.0048 0.0768 0.0064 0.0041 0.0069 0.0044 0.0104 0.0090 0.0037 0.0039 0.0057 0.0118 0.8037 0.0137 0.0098 0.0048 0.0053 0.0092 
 H081.2_2003  2 0.0135 0.0184 0.0651 0.0085 0.0303 0.0098 0.0114 0.0483 0.0105 0.0096 0.0144 0.0171 0.0364 0.0294 0.0180 0.0146 0.6334 0.0057 0.0057 
 H081.3_2002  2 0.0052 0.0120 0.0243 0.0068 0.0050 0.0228 0.0048 0.0107 0.0101 0.0063 0.0065 0.0081 0.0110 0.8108 0.0147 0.0145 0.0123 0.0062 0.0081 
 H081.3_2003  2 0.0171 0.0484 0.0243 0.0102 0.0164 0.0095 0.0120 0.4910 0.0139 0.0097 0.0127 0.0165 0.0363 0.0123 0.0180 0.0230 0.2061 0.0090 0.0135 
 H081.4_2002  2 0.0061 0.0049 0.0046 0.0077 0.0054 0.0058 0.0098 0.0066 0.0070 0.0033 0.0064 0.0067 0.0062 0.8829 0.0073 0.0053 0.0115 0.0080 0.0043 
 H081.4_2003  2 0.0602 0.0338 0.0343 0.0154 0.0138 0.0105 0.0102 0.0701 0.0257 0.0147 0.0111 0.0944 0.0343 0.0159 0.2463 0.0561 0.2174 0.0128 0.0230 
 H081.5_2002  2 0.0064 0.0068 0.0088 0.0074 0.0058 0.0061 0.0062 0.0074 0.0037 0.0042 0.0068 0.0095 0.0103 0.8569 0.0171 0.0113 0.0130 0.0080 0.0043 
 H081.5_2003  2 0.0421 0.0132 0.0368 0.0099 0.0116 0.0132 0.0072 0.0173 0.0133 0.0165 0.0353 0.0246 0.0216 0.0271 0.5865 0.0472 0.0404 0.0174 0.0187 
      H081.6  2 0.0091 0.0042 0.0099 0.0062 0.0050 0.0047 0.0053 0.0048 0.0052 0.0051 0.0046 0.0047 0.0060 0.8796 0.0142 0.0080 0.0064 0.0113 0.0058 
      H081.7  2 0.0061 0.0086 0.0751 0.0055 0.0052 0.0096 0.0080 0.0178 0.0102 0.0037 0.0050 0.0056 0.0086 0.7809 0.0197 0.0093 0.0090 0.0066 0.0056 
      H081.8  2 0.0084 0.0200 0.0089 0.0054 0.0152 0.0094 0.0144 0.0121 0.0154 0.0117 0.0079 0.0099 0.0076 0.7516 0.0242 0.0171 0.0371 0.0126 0.0110 
      H083.1  2 0.0095 0.0098 0.0079 0.0049 0.0195 0.0094 0.0196 0.0109 0.0055 0.0120 0.0055 0.0207 0.0091 0.8072 0.0141 0.0050 0.0068 0.0095 0.0132 
      H083.2  2 0.0112 0.0229 0.0126 0.0066 0.0231 0.0429 0.0071 0.0317 0.0110 0.0082 0.0074 0.0085 0.0346 0.7275 0.0147 0.0090 0.0060 0.0068 0.0082 
      H083.4  2 0.0085 0.0617 0.0157 0.0049 0.0754 0.0166 0.0168 0.0096 0.0119 0.0123 0.0043 0.0083 0.0204 0.6972 0.0083 0.0075 0.0057 0.0081 0.0069 
      H083.5  2 0.0077 0.0134 0.0118 0.0057 0.0778 0.0152 0.0076 0.0080 0.0084 0.0272 0.0057 0.0239 0.0188 0.7004 0.0149 0.0052 0.0053 0.0069 0.0360 
      H083.6  2 0.0137 0.0170 0.0085 0.0049 0.0913 0.0065 0.0174 0.0075 0.0119 0.0107 0.0037 0.0182 0.0088 0.7055 0.0181 0.0058 0.0103 0.0071 0.0331 
      H083.7  2 0.0111 0.0313 0.0132 0.0059 0.1990 0.0211 0.0149 0.0074 0.0415 0.0113 0.0044 0.0053 0.0152 0.5807 0.0083 0.0065 0.0055 0.0057 0.0116 
      H083.8  2 0.0136 0.0169 0.0127 0.0050 0.0280 0.0948 0.0071 0.0298 0.0136 0.0052 0.0081 0.0063 0.0209 0.6930 0.0118 0.0094 0.0045 0.0068 0.0124 
      H083.9  2 0.0078 0.0093 0.0072 0.0068 0.1100 0.0145 0.0090 0.0052 0.0067 0.0098 0.0053 0.0182 0.0075 0.7273 0.0090 0.0035 0.0061 0.0064 0.0304 
      H084.1  2 0.0153 0.0296 0.0074 0.0073 0.0071 0.0090 0.0051 0.0200 0.0106 0.0931 0.0076 0.0195 0.0147 0.0096 0.0084 0.0054 0.6971 0.0093 0.0239 
      H084.2  2 0.0173 0.0339 0.0036 0.0090 0.0064 0.0064 0.0078 0.1157 0.0056 0.0690 0.0041 0.0275 0.0166 0.0067 0.0138 0.0058 0.6327 0.0133 0.0046 
      H084.3  2 0.0195 0.0177 0.0066 0.0396 0.0107 0.0110 0.0078 0.0128 0.0752 0.2568 0.0375 0.0261 0.0326 0.0093 0.0239 0.0055 0.3383 0.0296 0.0395 
      H084.4  2 0.0184 0.0231 0.0041 0.0424 0.0058 0.0179 0.0050 0.0301 0.0179 0.2170 0.0793 0.0635 0.0309 0.0078 0.0392 0.0069 0.3517 0.0236 0.0153 
      H084.5  2 0.0127 0.0123 0.0085 0.0113 0.0055 0.0231 0.0058 0.0099 0.0150 0.0360 0.0838 0.0082 0.0096 0.0065 0.0264 0.0051 0.5744 0.1027 0.0431 
      H084.6  2 0.0087 0.0187 0.0083 0.0118 0.0446 0.0149 0.0046 0.0130 0.0430 0.1013 0.0433 0.0078 0.0125 0.0049 0.0113 0.0045 0.5798 0.0460 0.0209 
      H084.7  2 0.0168 0.0298 0.0062 0.0084 0.0061 0.0062 0.0066 0.0415 0.0083 0.0119 0.0069 0.0308 0.0058 0.0066 0.0169 0.0061 0.7635 0.0122 0.0092 
      H084.8  2 0.0112 0.0133 0.0067 0.0154 0.0077 0.0239 0.0048 0.0052 0.0257 0.0586 0.0472 0.0084 0.0076 0.0049 0.0120 0.0043 0.6377 0.0173 0.0881 
 H085.1_2002  2 0.0056 0.0087 0.7786 0.0048 0.0088 0.0065 0.0065 0.0533 0.0054 0.0168 0.0040 0.0142 0.0075 0.0264 0.0167 0.0078 0.0131 0.0109 0.0043 
 H085.1_2003  2 0.0164 0.0335 0.1028 0.0064 0.0900 0.0158 0.0228 0.0806 0.0108 0.0146 0.0568 0.0391 0.0091 0.3550 0.1121 0.0102 0.0088 0.0057 0.0096 
 H085.2_2002  2 0.0142 0.0160 0.2310 0.0055 0.1100 0.0081 0.0160 0.0957 0.0334 0.0842 0.0085 0.0398 0.0318 0.0302 0.0917 0.1361 0.0163 0.0205 0.0110 
 H085.2_2003  2 0.0222 0.0231 0.0257 0.0158 0.0429 0.0248 0.0224 0.0317 0.0082 0.0097 0.0212 0.0552 0.0142 0.6006 0.0345 0.0136 0.0174 0.0107 0.0062 
 H085.3_2002  2 0.0062 0.0064 0.6714 0.0086 0.0149 0.0070 0.0072 0.0326 0.0085 0.0045 0.0170 0.0193 0.0183 0.0095 0.1369 0.0138 0.0045 0.0041 0.0093 
 H085.3_2003  2 0.0071 0.0066 0.0279 0.0102 0.0066 0.0098 0.0196 0.0082 0.0066 0.0035 0.1903 0.0080 0.0102 0.5171 0.1436 0.0053 0.0080 0.0065 0.0051 
 H085.4_2002  2 0.0086 0.0128 0.4259 0.0081 0.0179 0.0086 0.0248 0.0940 0.0157 0.0405 0.0067 0.0259 0.0353 0.0914 0.0499 0.0724 0.0163 0.0257 0.0193 
 H085.4_2003  2 0.0139 0.0046 0.0137 0.0245 0.0086 0.0082 0.0063 0.0106 0.0190 0.0056 0.1645 0.0313 0.0106 0.5416 0.0478 0.0264 0.0325 0.0236 0.0069 
 H085.5_2002  2 0.0085 0.0049 0.7733 0.0048 0.0032 0.0066 0.0056 0.0148 0.0062 0.0047 0.0177 0.0087 0.0077 0.0074 0.0951 0.0145 0.0040 0.0038 0.0086 
 H085.5_2003  2 0.0120 0.0103 0.0214 0.0138 0.0303 0.0141 0.0179 0.0076 0.0061 0.0064 0.0119 0.0258 0.0126 0.7717 0.0081 0.0062 0.0148 0.0055 0.0034 
 H085.6_2002  2 0.0088 0.0075 0.5916 0.0056 0.0143 0.0077 0.0050 0.2228 0.0044 0.0100 0.0088 0.0119 0.0090 0.0093 0.0511 0.0143 0.0065 0.0052 0.0062 
 H085.6_2003  2 0.0142 0.0079 0.0217 0.0124 0.0049 0.0198 0.0110 0.0122 0.0113 0.0069 0.2221 0.0120 0.0115 0.0362 0.5453 0.0275 0.0061 0.0062 0.0106 
 H085.7_2002  2 0.0151 0.0138 0.3655 0.0104 0.0495 0.0270 0.0103 0.0383 0.0102 0.0160 0.0148 0.0802 0.0619 0.0472 0.1647 0.0457 0.0138 0.0095 0.0061 
 H085.7_2003  2 0.0122 0.0088 0.0180 0.0089 0.0107 0.0128 0.0281 0.0514 0.0134 0.0085 0.1272 0.0159 0.0097 0.5715 0.0713 0.0094 0.0074 0.0063 0.0083 
 H085.8_2002  2 0.0121 0.0104 0.1121 0.0069 0.0144 0.0064 0.0161 0.0234 0.0138 0.0157 0.0488 0.0115 0.0221 0.0190 0.5892 0.0536 0.0094 0.0062 0.0089 
 H085.8_2003  2 0.0204 0.0132 0.0422 0.0356 0.1016 0.0338 0.0153 0.0426 0.0237 0.0172 0.0573 0.2482 0.0116 0.2088 0.0614 0.0242 0.0158 0.0163 0.0108 
      H085.9  2 0.0077 0.0091 0.6186 0.0068 0.0129 0.0080 0.0143 0.0310 0.0121 0.0280 0.0108 0.0405 0.0227 0.0457 0.0675 0.0238 0.0154 0.0182 0.0068 
      H088.1  2 0.0185 0.0183 0.0137 0.0080 0.0088 0.0097 0.0189 0.0093 0.0207 0.0089 0.0047 0.7199 0.0189 0.0082 0.0080 0.0156 0.0071 0.0041 0.0787 
      H088.2  2 0.0111 0.0117 0.0217 0.0059 0.0075 0.0129 0.0079 0.0192 0.0122 0.0076 0.0043 0.7290 0.0179 0.0064 0.0192 0.0136 0.0066 0.0140 0.0711 
      H088.3  2 0.0074 0.0120 0.0076 0.0070 0.0064 0.0125 0.0061 0.0126 0.0058 0.0055 0.0037 0.8260 0.0148 0.0048 0.0115 0.0122 0.0051 0.0089 0.0302 
      H088.4  2 0.0083 0.0074 0.0038 0.0075 0.0026 0.0043 0.0063 0.0076 0.0030 0.0049 0.0062 0.8746 0.0073 0.0063 0.0084 0.0087 0.0203 0.0054 0.0071 
      H088.5  2 0.0069 0.0059 0.0041 0.0045 0.0043 0.0050 0.0055 0.0066 0.0040 0.0044 0.0048 0.9046 0.0049 0.0045 0.0052 0.0067 0.0065 0.0036 0.0081 
      H088.6  2 0.0119 0.0092 0.0041 0.0076 0.0050 0.0085 0.0107 0.0071 0.0056 0.0042 0.0084 0.8641 0.0059 0.0107 0.0050 0.0066 0.0095 0.0045 0.0112 
      H088.7  2 0.0080 0.0111 0.0081 0.0074 0.0061 0.0240 0.0061 0.0206 0.0063 0.0063 0.0059 0.8178 0.0090 0.0193 0.0095 0.0050 0.0057 0.0099 0.0136 
      H088.8  2 0.0122 0.0119 0.0078 0.0099 0.0068 0.0117 0.0105 0.0073 0.0125 0.0054 0.0106 0.8212 0.0090 0.0241 0.0063 0.0084 0.0110 0.0050 0.0084 
      H091.1  2 0.0100 0.0140 0.0079 0.0119 0.0123 0.0082 0.0268 0.0399 0.0074 0.0062 0.0315 0.7510 0.0055 0.0190 0.0226 0.0050 0.0059 0.0086 0.0061 
      H091.2  2 0.0128 0.0282 0.0055 0.0078 0.0285 0.0137 0.0256 0.0338 0.0169 0.0058 0.0851 0.6717 0.0083 0.0218 0.0116 0.0056 0.0044 0.0074 0.0057 
      H109.1  2 0.0625 0.2051 0.0286 0.0072 0.0731 0.1559 0.0169 0.2187 0.0116 0.0385 0.0198 0.0080 0.0117 0.0143 0.0111 0.0094 0.0443 0.0447 0.0187 
      H109.2  2 0.0408 0.0341 0.0055 0.0185 0.0154 0.0425 0.0268 0.1555 0.0284 0.0175 0.0098 0.0147 0.0129 0.0565 0.0328 0.0314 0.4123 0.0341 0.0106 
      H109.3  2 0.0270 0.0173 0.0033 0.0236 0.0075 0.0991 0.1264 0.4057 0.0168 0.0074 0.0662 0.0143 0.0104 0.0273 0.0398 0.0078 0.0692 0.0105 0.0203 
      H109.4  2 0.0587 0.0353 0.0067 0.0273 0.0133 0.0240 0.2604 0.2354 0.0139 0.0188 0.0521 0.0145 0.0099 0.0119 0.0231 0.0201 0.1444 0.0168 0.0137 
      H109.5  2 0.0395 0.0114 0.0043 0.0363 0.0046 0.0261 0.0225 0.3160 0.0133 0.0043 0.0445 0.0632 0.0066 0.1419 0.0181 0.0090 0.1101 0.0147 0.1136 
      H109.6  2 0.0676 0.0729 0.0073 0.0185 0.0146 0.0836 0.0181 0.1768 0.0462 0.0230 0.0133 0.0111 0.0347 0.0334 0.0383 0.0215 0.2626 0.0271 0.0294 
      H126.1  2 0.0750 0.0302 0.1144 0.1038 0.0074 0.0128 0.0199 0.1052 0.0103 0.0093 0.0132 0.0204 0.0852 0.0089 0.0146 0.1381 0.0066 0.2086 0.0162 
      H126.2  2 0.0323 0.0110 0.0450 0.0256 0.0194 0.0521 0.1301 0.3567 0.0097 0.0390 0.0088 0.0164 0.0376 0.0806 0.0251 0.0649 0.0104 0.0264 0.0086 
      H126.3  2 0.0349 0.0289 0.0137 0.0051 0.0171 0.0098 0.0088 0.3589 0.0054 0.0069 0.0118 0.0823 0.0161 0.0326 0.0042 0.0165 0.0037 0.3326 0.0107 
      H126.4  2 0.1729 0.0097 0.0151 0.0458 0.0220 0.0171 0.0524 0.0258 0.0157 0.0116 0.0134 0.0272 0.0236 0.0516 0.0170 0.4154 0.0142 0.0226 0.0271 
      H126.5  2 0.0380 0.0098 0.0427 0.0634 0.0069 0.0080 0.1008 0.0423 0.0077 0.0047 0.0142 0.0086 0.2059 0.1405 0.0363 0.1290 0.0079 0.1274 0.0059 
      H126.6  2 0.0065 0.0060 0.0368 0.0069 0.0061 0.0111 0.0103 0.4915 0.0037 0.0046 0.0116 0.0131 0.0183 0.2926 0.0133 0.0117 0.0041 0.0469 0.0048 
      H126.7  2 0.0127 0.0075 0.0310 0.0066 0.0061 0.0095 0.0234 0.0147 0.0084 0.0033 0.0058 0.0308 0.0287 0.7527 0.0288 0.0081 0.0068 0.0105 0.0046 
      H130.1  2 0.0266 0.0170 0.0130 0.0508 0.0133 0.0164 0.0506 0.3334 0.0133 0.0074 0.0123 0.0455 0.0373 0.0054 0.0260 0.2943 0.0122 0.0053 0.0200 
      H130.2  2 0.1067 0.0549 0.0133 0.0107 0.0316 0.0385 0.0362 0.0816 0.0282 0.0078 0.0226 0.0219 0.0165 0.0259 0.0900 0.0953 0.3041 0.0065 0.0079 
      H130.3  2 0.5534 0.0976 0.0065 0.0255 0.0042 0.0114 0.0143 0.0512 0.0157 0.0043 0.0041 0.0155 0.0430 0.0205 0.0490 0.0196 0.0501 0.0054 0.0089 
      H130.4  2 0.0700 0.0701 0.0231 0.0203 0.0182 0.0179 0.0765 0.2093 0.0280 0.0139 0.0090 0.0230 0.0205 0.0069 0.0191 0.3297 0.0228 0.0067 0.0149 
      H130.5  2 0.0722 0.0180 0.0277 0.0110 0.0281 0.0096 0.0204 0.2420 0.0232 0.0053 0.0087 0.0360 0.0212 0.0421 0.1495 0.1568 0.1064 0.0057 0.0161 
      H133.1  2 0.0535 0.0194 0.0050 0.0118 0.0084 0.0164 0.0056 0.7669 0.0074 0.0163 0.0098 0.0063 0.0092 0.0117 0.0077 0.0182 0.0096 0.0051 0.0119 
      H133.2  2 0.0137 0.0076 0.0131 0.0136 0.0040 0.0070 0.0038 0.8169 0.0056 0.0051 0.0119 0.0084 0.0079 0.0063 0.0207 0.0171 0.0240 0.0051 0.0083 
      H133.3  2 0.0427 0.0144 0.0144 0.0094 0.0074 0.0125 0.0093 0.7332 0.0103 0.0317 0.0087 0.0181 0.0049 0.0105 0.0179 0.0115 0.0090 0.0061 0.0282 
      H133.4  2 0.0235 0.0537 0.0074 0.0111 0.0085 0.0362 0.0061 0.7090 0.0066 0.0189 0.0419 0.0079 0.0102 0.0088 0.0087 0.0142 0.0142 0.0062 0.0069 
      H133.5  2 0.0130 0.0130 0.0096 0.0047 0.0056 0.0049 0.0065 0.8564 0.0041 0.0073 0.0042 0.0126 0.0093 0.0037 0.0151 0.0099 0.0084 0.0066 0.0051 
      H133.6  2 0.0233 0.0560 0.0180 0.0130 0.0086 0.0114 0.0081 0.6861 0.0094 0.0071 0.0075 0.0273 0.0216 0.0068 0.0345 0.0176 0.0159 0.0079 0.0199 
      H133.7  2 0.0259 0.0238 0.0192 0.0145 0.0084 0.0536 0.0049 0.5123 0.0206 0.0387 0.1607 0.0102 0.0057 0.0105 0.0286 0.0262 0.0072 0.0055 0.0234 
      H133.8  2 0.0256 0.0141 0.0248 0.0049 0.0056 0.0069 0.0051 0.8300 0.0055 0.0115 0.0084 0.0054 0.0045 0.0045 0.0057 0.0082 0.0059 0.0187 0.0046 
      H133.9  2 0.0625 0.0341 0.0078 0.0180 0.0127 0.0158 0.0087 0.6800 0.0103 0.0309 0.0157 0.0111 0.0096 0.0089 0.0142 0.0282 0.0106 0.0051 0.0159 
      H147.1  2 0.0113 0.0040 0.0556 0.0082 0.0203 0.0285 0.0040 0.0112 0.0148 0.0147 0.2981 0.0391 0.0221 0.1598 0.1824 0.0119 0.0829 0.0178 0.0134 
      H147.2  2 0.0074 0.0056 0.0155 0.0069 0.0046 0.0061 0.0039 0.0055 0.0071 0.0047 0.0191 0.0107 0.0153 0.7424 0.0911 0.0116 0.0263 0.0101 0.0059 
      H147.3  2 0.0093 0.0041 0.0298 0.0077 0.0065 0.0055 0.0041 0.0059 0.0087 0.0046 0.0104 0.0046 0.0124 0.7688 0.0601 0.0097 0.0299 0.0077 0.0102 
      H147.4  2 0.0060 0.0032 0.0135 0.0054 0.0116 0.0076 0.0034 0.0038 0.0057 0.0213 0.0309 0.0057 0.0064 0.7509 0.0246 0.0053 0.0810 0.0073 0.0064 
      H147.5  2 0.0263 0.0061 0.0218 0.0320 0.0198 0.0087 0.0089 0.0099 0.0121 0.0067 0.0186 0.0624 0.0160 0.4256 0.0642 0.0101 0.2138 0.0118 0.0252 
      H147.6  2 0.0285 0.0056 0.0125 0.0145 0.0228 0.0113 0.0105 0.0112 0.0094 0.0079 0.0222 0.1025 0.0105 0.3334 0.1041 0.0073 0.2630 0.0134 0.0096 
      H147.7  2 0.0103 0.0033 0.0107 0.0107 0.0128 0.0181 0.0040 0.0041 0.0086 0.0212 0.0714 0.0076 0.0106 0.6754 0.0338 0.0068 0.0672 0.0121 0.0116 
      H147.8  2 0.0098 0.0051 0.0126 0.0061 0.0193 0.0146 0.0056 0.0109 0.0048 0.0274 0.0262 0.0674 0.0040 0.5545 0.0179 0.0040 0.1939 0.0090 0.0067 
      H147.9  2 0.0086 0.0044 0.0122 0.0101 0.0069 0.0062 0.0051 0.0058 0.0048 0.0052 0.0154 0.0051 0.0099 0.8048 0.0443 0.0081 0.0244 0.0097 0.0090 
      H148.1  2 0.0208 0.0333 0.0065 0.0110 0.0197 0.0135 0.0080 0.0103 0.0405 0.0426 0.0165 0.0171 0.0228 0.0112 0.0415 0.5621 0.0573 0.0453 0.0199 
      H148.2  2 0.0404 0.0486 0.0198 0.0084 0.0133 0.0196 0.0059 0.0136 0.1918 0.0497 0.0139 0.0082 0.0115 0.0134 0.0176 0.2889 0.0244 0.0573 0.1537 
      H148.3  2 0.0228 0.0093 0.0077 0.0055 0.0059 0.0134 0.0084 0.0050 0.6746 0.0575 0.0304 0.0137 0.0083 0.0115 0.0098 0.0158 0.0147 0.0311 0.0547 
      H148.4  2 0.0397 0.0833 0.0106 0.0162 0.0091 0.0136 0.0080 0.0109 0.0918 0.0310 0.0229 0.0123 0.0538 0.0131 0.0443 0.4079 0.0125 0.0650 0.0538 
      H148.5  2 0.0225 0.0161 0.0055 0.0063 0.0055 0.0078 0.0063 0.0042 0.7526 0.0225 0.0058 0.0160 0.0090 0.0048 0.0082 0.0124 0.0184 0.0162 0.0598 
      H148.6  2 0.0162 0.0287 0.0112 0.0110 0.0281 0.0115 0.0052 0.0076 0.4855 0.1236 0.0143 0.0119 0.0131 0.0124 0.0109 0.1089 0.0189 0.0355 0.0456 
      H148.7  2 0.1113 0.1275 0.0066 0.0105 0.0097 0.0268 0.0142 0.0116 0.3302 0.0368 0.0178 0.0247 0.0192 0.0074 0.0153 0.0721 0.0211 0.0321 0.1052 
      H148.8  2 0.0136 0.0138 0.0075 0.0079 0.0041 0.0041 0.0035 0.0051 0.6863 0.0211 0.0087 0.0137 0.0058 0.0060 0.0074 0.1305 0.0068 0.0063 0.0477 
      H148.9  2 0.0594 0.0733 0.0453 0.0113 0.0176 0.0502 0.0130 0.0069 0.2149 0.1153 0.0179 0.0092 0.0290 0.0070 0.0134 0.1111 0.0187 0.1541 0.0325 
   H166022.1  2 0.0059 0.0051 0.0101 0.0085 0.0390 0.0058 0.0037 0.0096 0.0073 0.0080 0.0101 0.8169 0.0095 0.0079 0.0087 0.0063 0.0236 0.0068 0.0071 
   H166022.2  2 0.0165 0.0120 0.0143 0.0127 0.0553 0.0234 0.0133 0.0067 0.0177 0.0121 0.0231 0.4599 0.0412 0.0329 0.1242 0.0109 0.0976 0.0136 0.0126 
   H166022.3  2 0.0152 0.0202 0.0044 0.0085 0.1447 0.0077 0.0167 0.0045 0.0187 0.0063 0.0060 0.6859 0.0099 0.0046 0.0127 0.0095 0.0110 0.0042 0.0092 
   H166022.4  2 0.0089 0.0094 0.0040 0.0069 0.0093 0.0069 0.0112 0.0060 0.0051 0.0055 0.0045 0.8633 0.0145 0.0050 0.0150 0.0038 0.0085 0.0052 0.0070 
   H166022.5  2 0.0061 0.0126 0.0040 0.0076 0.0147 0.0083 0.0080 0.0067 0.0064 0.0050 0.0061 0.8285 0.0196 0.0076 0.0167 0.0045 0.0250 0.0057 0.0070 
   H166022.6  2 0.0101 0.0101 0.0100 0.0128 0.0325 0.0357 0.0091 0.0202 0.0070 0.0177 0.0118 0.7208 0.0171 0.0062 0.0240 0.0221 0.0141 0.0074 0.0113 
   H166022.7  2 0.0095 0.8141 0.0049 0.0052 0.0040 0.0098 0.0488 0.0102 0.0040 0.0088 0.0101 0.0068 0.0086 0.0072 0.0058 0.0118 0.0208 0.0052 0.0046 
   H166022.8  2 0.0189 0.0097 0.0243 0.0251 0.0455 0.0098 0.0081 0.0412 0.0084 0.0063 0.0184 0.2771 0.1477 0.0127 0.1688 0.0465 0.1090 0.0124 0.0101 
   H167397.1  2 0.0088 0.0074 0.0058 0.0121 0.0045 0.0048 0.0103 0.0100 0.0084 0.3539 0.4164 0.0702 0.0085 0.0148 0.0122 0.0130 0.0207 0.0107 0.0074 
   H167397.2  2 0.0235 0.0114 0.0371 0.0067 0.0367 0.0093 0.0127 0.0189 0.0107 0.4528 0.1091 0.0145 0.0198 0.0353 0.0324 0.1225 0.0138 0.0217 0.0110 
   H167397.3  2 0.0083 0.0071 0.0041 0.0152 0.0057 0.0079 0.0046 0.0100 0.0075 0.5064 0.3134 0.0209 0.0062 0.0311 0.0047 0.0127 0.0089 0.0198 0.0055 
   H167397.4  2 0.0196 0.0109 0.0344 0.0060 0.0215 0.0306 0.0105 0.0091 0.0140 0.6403 0.0464 0.0139 0.0069 0.0417 0.0119 0.0109 0.0153 0.0273 0.0290 
   H167397.5  2 0.0154 0.0157 0.0066 0.0088 0.0074 0.0081 0.0138 0.0105 0.0148 0.4998 0.2242 0.0237 0.0140 0.0218 0.0367 0.0374 0.0198 0.0119 0.0096 
   H167397.6  2 0.0148 0.0082 0.0090 0.0092 0.0062 0.0089 0.0105 0.0130 0.0065 0.4961 0.2882 0.0184 0.0058 0.0270 0.0052 0.0154 0.0053 0.0366 0.0156 
   H167496.1  2 0.0212 0.0200 0.0048 0.1206 0.0237 0.0136 0.0611 0.0658 0.0690 0.0117 0.0090 0.3143 0.0141 0.0118 0.0267 0.0106 0.0139 0.0229 0.1652 
   H167496.2  2 0.0254 0.0567 0.0117 0.0262 0.0100 0.0631 0.0336 0.0684 0.1169 0.0103 0.0157 0.0306 0.0487 0.0738 0.2230 0.0305 0.0335 0.0603 0.0616 
   H167496.3  2 0.0258 0.0100 0.1066 0.0739 0.0650 0.0443 0.0253 0.0200 0.1288 0.0091 0.0110 0.1694 0.0726 0.0335 0.1163 0.0210 0.0094 0.0137 0.0443 
   H167496.4  2 0.0075 0.0058 0.0091 0.0063 0.0080 0.0068 0.0075 0.0064 0.0038 0.0045 0.0062 0.8732 0.0070 0.0111 0.0109 0.0051 0.0064 0.0087 0.0055 
   H167496.6  2 0.0129 0.0071 0.0068 0.0134 0.0049 0.0081 0.0113 0.0083 0.0034 0.0070 0.0065 0.6203 0.0193 0.0147 0.2087 0.0090 0.0138 0.0117 0.0129 
   H167496.7  2 0.0344 0.0099 0.0062 0.2329 0.0330 0.0318 0.0339 0.0350 0.1158 0.0056 0.1442 0.0504 0.0321 0.0095 0.1111 0.0442 0.0136 0.0465 0.0098 
   H167496.8  2 0.0085 0.0088 0.0079 0.0124 0.0071 0.0135 0.0081 0.0132 0.0058 0.0062 0.0149 0.5262 0.0122 0.0292 0.2729 0.0073 0.0130 0.0225 0.0102 
   H167513.1  2 0.0063 0.0082 0.0053 0.0059 0.0092 0.8671 0.0090 0.0114 0.0045 0.0053 0.0115 0.0055 0.0091 0.0053 0.0087 0.0085 0.0071 0.0071 0.0049 
   H167513.2  2 0.0066 0.0082 0.0068 0.0276 0.0063 0.7957 0.0047 0.0073 0.0116 0.0245 0.0166 0.0129 0.0084 0.0046 0.0094 0.0150 0.0070 0.0074 0.0195 
   H167513.3  2 0.0141 0.0114 0.0048 0.0076 0.0115 0.8153 0.0123 0.0069 0.0078 0.0064 0.0138 0.0089 0.0160 0.0080 0.0075 0.0053 0.0280 0.0106 0.0039 
   H167513.4  2 0.0122 0.0601 0.0065 0.0060 0.0416 0.7291 0.0052 0.0123 0.0114 0.0101 0.0130 0.0125 0.0146 0.0077 0.0134 0.0079 0.0141 0.0104 0.0120 
   H167513.5  2 0.0050 0.0045 0.0057 0.0087 0.0055 0.8725 0.0036 0.0096 0.0052 0.0154 0.0103 0.0085 0.0039 0.0057 0.0097 0.0081 0.0055 0.0053 0.0072 
   H167513.6  2 0.0091 0.0078 0.0076 0.0075 0.0130 0.8041 0.0055 0.0111 0.0121 0.0067 0.0149 0.0161 0.0148 0.0084 0.0114 0.0084 0.0267 0.0096 0.0054 
   H167513.7  2 0.0055 0.0098 0.0056 0.0039 0.0247 0.8175 0.0079 0.0282 0.0044 0.0292 0.0050 0.0071 0.0076 0.0079 0.0093 0.0054 0.0102 0.0067 0.0041 
   H167513.8  2 0.0090 0.0078 0.0036 0.0046 0.0048 0.8554 0.0074 0.0110 0.0041 0.0170 0.0092 0.0051 0.0086 0.0063 0.0100 0.0035 0.0242 0.0057 0.0026 
   H167547.1  2 0.0186 0.0150 0.0088 0.1396 0.0204 0.0156 0.0132 0.0083 0.3627 0.0302 0.1775 0.0239 0.0283 0.0099 0.0115 0.0839 0.0064 0.0078 0.0185 
   H167547.2  2 0.0077 0.0050 0.0072 0.0172 0.0175 0.0057 0.0115 0.0051 0.0711 0.0063 0.7783 0.0175 0.0054 0.0043 0.0080 0.0132 0.0072 0.0065 0.0054 
   H167547.3  2 0.0078 0.0040 0.0060 0.0355 0.0149 0.0057 0.0118 0.0060 0.0787 0.0100 0.7409 0.0214 0.0067 0.0039 0.0101 0.0147 0.0089 0.0058 0.0073 
   H167547.4  2 0.0494 0.0102 0.0162 0.0776 0.1880 0.0214 0.0741 0.0127 0.0705 0.0336 0.0558 0.1897 0.0324 0.0073 0.0083 0.1140 0.0109 0.0063 0.0216 
   H167547.5  2 0.0166 0.0058 0.0081 0.0163 0.0201 0.0082 0.0359 0.0057 0.1200 0.0082 0.0985 0.3704 0.0091 0.0111 0.0073 0.0139 0.0257 0.0189 0.2003 
   H167547.6  2 0.0176 0.0060 0.0068 0.0217 0.0165 0.0089 0.0338 0.0062 0.1203 0.0104 0.1064 0.3360 0.0072 0.0111 0.0070 0.0162 0.0265 0.0185 0.2230 
   H167547.7  2 0.0296 0.0465 0.0975 0.0625 0.0296 0.1022 0.0327 0.1072 0.2013 0.0156 0.0337 0.0147 0.0821 0.0200 0.0212 0.0395 0.0194 0.0179 0.0268 
   H169750.1  2 0.0605 0.0292 0.0123 0.0533 0.0265 0.0224 0.0625 0.4639 0.0351 0.0081 0.0063 0.0687 0.0232 0.0108 0.0339 0.0387 0.0130 0.0199 0.0116 
   H169750.2  2 0.0585 0.0332 0.0180 0.0202 0.0062 0.1036 0.0209 0.0818 0.0093 0.0508 0.0910 0.0324 0.0181 0.0527 0.1832 0.0685 0.1026 0.0212 0.0278 
   H169750.3  2 0.0606 0.0527 0.0165 0.0309 0.0064 0.1015 0.1125 0.4135 0.0264 0.0036 0.0061 0.0336 0.0135 0.0143 0.0427 0.0125 0.0406 0.0053 0.0069 
   H169750.4  2 0.0448 0.0327 0.0121 0.0345 0.0045 0.0514 0.0175 0.3436 0.0159 0.0869 0.0118 0.0523 0.0330 0.0127 0.0602 0.0859 0.0117 0.0357 0.0528 
   H169750.5  2 0.0226 0.0342 0.0064 0.0099 0.0270 0.0090 0.0199 0.6686 0.0134 0.0050 0.0066 0.0472 0.0082 0.0163 0.0551 0.0207 0.0152 0.0073 0.0075 
   H169750.6  2 0.0673 0.0534 0.0200 0.0108 0.0126 0.0269 0.0518 0.2039 0.0109 0.0123 0.0208 0.0531 0.0156 0.1943 0.1299 0.0418 0.0426 0.0047 0.0273 
   H169750.7  2 0.0796 0.0331 0.0356 0.0391 0.0076 0.1909 0.1079 0.2299 0.0301 0.0165 0.0218 0.0230 0.0227 0.0245 0.0475 0.0352 0.0238 0.0211 0.0102 
   H171929.1  2 0.0054 0.0050 0.0252 0.0055 0.0055 0.8484 0.0050 0.0060 0.0098 0.0229 0.0085 0.0067 0.0064 0.0060 0.0051 0.0083 0.0037 0.0038 0.0130 
  H171929.10  2 0.0058 0.0054 0.0320 0.0074 0.0135 0.7720 0.0039 0.0179 0.0199 0.0186 0.0111 0.0117 0.0107 0.0098 0.0191 0.0107 0.0128 0.0051 0.0128 
  H171929.11  2 0.0050 0.0038 0.0116 0.0058 0.0034 0.8478 0.0072 0.0131 0.0060 0.0214 0.0147 0.0073 0.0060 0.0070 0.0058 0.0115 0.0046 0.0059 0.0123 
   H171929.2  2 0.0086 0.0148 0.0086 0.0082 0.0066 0.8258 0.0047 0.0174 0.0273 0.0054 0.0101 0.0067 0.0062 0.0054 0.0052 0.0161 0.0051 0.0041 0.0137 
   H171929.3  2 0.0052 0.0055 0.0053 0.0085 0.0068 0.8795 0.0041 0.0084 0.0063 0.0090 0.0107 0.0081 0.0049 0.0083 0.0045 0.0048 0.0053 0.0043 0.0104 
   H171929.4  2 0.0188 0.0109 0.0257 0.0203 0.0149 0.7456 0.0091 0.0232 0.0197 0.0051 0.0112 0.0193 0.0140 0.0132 0.0101 0.0173 0.0078 0.0041 0.0098 
   H171929.5  2 0.0065 0.0090 0.0065 0.0042 0.0053 0.8611 0.0079 0.0170 0.0070 0.0101 0.0158 0.0050 0.0078 0.0060 0.0054 0.0070 0.0056 0.0051 0.0077 
   H171929.6  2 0.0052 0.0090 0.0054 0.0042 0.0046 0.8806 0.0072 0.0133 0.0071 0.0082 0.0128 0.0039 0.0062 0.0047 0.0045 0.0071 0.0057 0.0046 0.0058 
   H171929.7  2 0.0070 0.0042 0.0249 0.0052 0.0053 0.8735 0.0058 0.0071 0.0097 0.0046 0.0050 0.0048 0.0071 0.0078 0.0051 0.0102 0.0034 0.0043 0.0050 
   H171929.8  2 0.0056 0.0054 0.0319 0.0078 0.0055 0.8153 0.0050 0.0124 0.0303 0.0054 0.0065 0.0091 0.0096 0.0051 0.0077 0.0196 0.0058 0.0043 0.0075 
   H171929.9  2 0.0080 0.0102 0.0327 0.0070 0.0074 0.8373 0.0050 0.0141 0.0058 0.0032 0.0074 0.0073 0.0099 0.0090 0.0082 0.0117 0.0075 0.0036 0.0049 
   H171930.1  2 0.0326 0.0114 0.0033 0.0119 0.0040 0.1161 0.0319 0.0064 0.0045 0.0291 0.0151 0.0226 0.0045 0.0059 0.0138 0.0178 0.6465 0.0075 0.0150 
   H171930.2  2 0.0195 0.0165 0.0115 0.0356 0.0082 0.0125 0.0401 0.0128 0.0118 0.0061 0.0193 0.0435 0.0160 0.0091 0.0145 0.0203 0.6800 0.0067 0.0160 
   H171930.3  2 0.0192 0.0123 0.0051 0.0062 0.0060 0.0074 0.0206 0.0071 0.0092 0.0168 0.0116 0.0120 0.0049 0.0054 0.0100 0.0062 0.8159 0.0075 0.0166 
   H171930.4  2 0.0117 0.0095 0.0036 0.0113 0.0054 0.0049 0.0295 0.0061 0.0054 0.0086 0.0169 0.0177 0.0059 0.0064 0.0075 0.0043 0.8236 0.0147 0.0071 
   H171930.5  2 0.0346 0.0108 0.0121 0.0184 0.0076 0.0739 0.1809 0.0178 0.0153 0.0137 0.0139 0.0187 0.0125 0.0127 0.0186 0.0413 0.4747 0.0090 0.0135 
   H171930.6  2 0.0108 0.0052 0.0032 0.0112 0.0052 0.0069 0.0219 0.0087 0.0075 0.0045 0.0099 0.0109 0.0057 0.0114 0.0122 0.0051 0.8419 0.0119 0.0059 
   H171930.7  2 0.0093 0.0093 0.0086 0.0063 0.0044 0.0153 0.0065 0.0090 0.0052 0.0161 0.0267 0.0072 0.0053 0.0049 0.0173 0.0059 0.8256 0.0109 0.0061 
   H171930.8  2 0.0060 0.0090 0.0041 0.0101 0.0034 0.0130 0.0042 0.0074 0.0049 0.0081 0.0165 0.0087 0.0055 0.0076 0.0133 0.0083 0.8485 0.0093 0.0121 
   H171933.1  2 0.0104 0.0199 0.0124 0.0317 0.6717 0.0089 0.0083 0.0184 0.0207 0.0630 0.0066 0.0328 0.0083 0.0095 0.0069 0.0138 0.0208 0.0225 0.0133 
   H171933.2  2 0.0151 0.0296 0.0700 0.0363 0.4079 0.0172 0.0064 0.0215 0.0187 0.0791 0.0105 0.1207 0.0152 0.0160 0.0090 0.0127 0.0225 0.0692 0.0224 
   H171933.3  2 0.0240 0.0141 0.0897 0.0530 0.3996 0.0114 0.0138 0.0102 0.1115 0.0141 0.0092 0.0988 0.0146 0.0078 0.0114 0.0119 0.0372 0.0338 0.0340 
   H171933.4  2 0.0269 0.0192 0.0272 0.0814 0.4278 0.1118 0.0085 0.0089 0.0639 0.0046 0.0045 0.0426 0.0404 0.0087 0.0289 0.0100 0.0563 0.0106 0.0178 
   H171933.5  2 0.0957 0.0345 0.0180 0.2220 0.1329 0.0792 0.0272 0.0152 0.1508 0.0118 0.0172 0.0191 0.0505 0.0065 0.0198 0.0234 0.0474 0.0171 0.0119 
   H171933.6  2 0.0148 0.0229 0.0091 0.0278 0.4637 0.0055 0.0084 0.0100 0.0111 0.0055 0.0101 0.3310 0.0102 0.0165 0.0218 0.0061 0.0094 0.0077 0.0082 
   H171933.7  2 0.0143 0.0056 0.0402 0.0122 0.4690 0.0125 0.0266 0.0103 0.0259 0.0185 0.0121 0.0111 0.0616 0.0141 0.0173 0.0094 0.0998 0.1334 0.0061 
   H171933.8  2 0.0329 0.0114 0.0542 0.0177 0.4024 0.0847 0.0087 0.0111 0.0346 0.0441 0.0119 0.0123 0.0382 0.0122 0.0344 0.0095 0.0897 0.0793 0.0107 
   H171933.9  2 0.0267 0.0111 0.0095 0.0245 0.7234 0.0092 0.0195 0.0050 0.0276 0.0034 0.0076 0.0181 0.0242 0.0069 0.0287 0.0056 0.0357 0.0064 0.0068 
      H190.1  2 0.1143 0.0326 0.0075 0.0756 0.0313 0.0129 0.0524 0.0130 0.1991 0.0044 0.0202 0.0298 0.0326 0.0235 0.1117 0.0249 0.1960 0.0104 0.0078 
      H190.2  2 0.0165 0.0088 0.0177 0.0176 0.0071 0.0061 0.0154 0.0133 0.0143 0.0089 0.3588 0.0122 0.0153 0.0274 0.2411 0.0122 0.0247 0.0154 0.1671 
      H190.3  2 0.0577 0.0116 0.0228 0.0333 0.0157 0.0122 0.0249 0.0367 0.0398 0.0151 0.1222 0.0557 0.0261 0.0336 0.0449 0.1610 0.0373 0.0144 0.2349 
      H190.4  2 0.0665 0.0226 0.0146 0.0433 0.0316 0.0094 0.0249 0.0195 0.5427 0.0080 0.0056 0.0273 0.0120 0.0058 0.0162 0.0192 0.1128 0.0047 0.0132 
      H190.5  2 0.0221 0.0121 0.0168 0.0058 0.0074 0.0055 0.0189 0.0229 0.0070 0.0050 0.3730 0.0179 0.0260 0.0234 0.3490 0.0096 0.0219 0.0211 0.0344 
      H190.6  2 0.0234 0.0114 0.0159 0.0401 0.0091 0.0053 0.0208 0.0114 0.6509 0.0057 0.0048 0.0555 0.0094 0.0094 0.0120 0.0192 0.0702 0.0052 0.0202 
      H190.7  2 0.0399 0.0097 0.3558 0.1725 0.0062 0.0127 0.0089 0.0163 0.0662 0.0088 0.0256 0.0704 0.0177 0.0124 0.0242 0.0515 0.0175 0.0081 0.0754 
      H190.8  2 0.0436 0.0056 0.0163 0.0131 0.0059 0.0072 0.0191 0.0109 0.0132 0.0049 0.1023 0.0119 0.0278 0.0169 0.6212 0.0118 0.0235 0.0188 0.0263 
      H190.9  2 0.0397 0.0110 0.1027 0.0507 0.0057 0.0111 0.0062 0.0405 0.0865 0.0103 0.2687 0.0189 0.0130 0.0080 0.2480 0.0187 0.0287 0.0082 0.0234 
      H400.1  2 0.0143 0.0126 0.0070 0.0097 0.0230 0.0063 0.0059 0.0546 0.0043 0.0063 0.0042 0.7431 0.0243 0.0095 0.0044 0.0175 0.0187 0.0312 0.0034 
