      H008.1  2 0.9176 0.0377 0.0448 
      H008.2  2 0.8030 0.0539 0.1432 
      H008.3  2 0.5759 0.0969 0.3272 
      H008.4  2 0.9474 0.0334 0.0193 
      H008.5  2 0.9484 0.0261 0.0254 
      H008.6  2 0.8772 0.0636 0.0591 
      H008.7  2 0.9342 0.0299 0.0359 
      H008.8  2 0.8696 0.0691 0.0612 
      H008.9  2 0.6071 0.2505 0.1425 
 H029.1_2002  2 0.9614 0.0174 0.0211 
 H029.1_2003  2 0.7399 0.0795 0.1806 
 H029.2_2002  2 0.9559 0.0209 0.0232 
 H029.2_2003  2 0.8453 0.0326 0.1221 
 H029.3_2002  2 0.9102 0.0162 0.0736 
 H029.3_2003  2 0.8443 0.0228 0.1329 
 H029.4_2002  2 0.9646 0.0114 0.0240 
 H029.4_2003  2 0.7776 0.0613 0.1612 
 H029.5_2002  2 0.9626 0.0199 0.0175 
 H029.5_2003  2 0.8971 0.0261 0.0768 
 H029.6_2002  2 0.9454 0.0114 0.0432 
 H029.6_2003  2 0.6989 0.1773 0.1238 
      H029.7  2 0.9707 0.0183 0.0110 
      H030.1  2 0.0411 0.0388 0.9201 
      H030.2  2 0.5170 0.0605 0.4225 
      H038.1  2 0.9746 0.0107 0.0147 
      H038.2  2 0.9501 0.0216 0.0283 
      H038.3  2 0.9357 0.0265 0.0378 
      H038.4  2 0.9611 0.0247 0.0142 
      H038.5  2 0.9176 0.0131 0.0693 
      H038.6  2 0.9494 0.0115 0.0391 
      H038.7  2 0.9446 0.0180 0.0373 
      H038.8  2 0.9569 0.0183 0.0248 
      H041.1  2 0.9462 0.0226 0.0312 
      H041.2  2 0.7925 0.1656 0.0419 
      H041.4  2 0.9058 0.0508 0.0435 
      H041.6  2 0.8661 0.0819 0.0520 
 H042.1_2002  2 0.0244 0.0802 0.8954 
 H042.1_2003  2 0.6072 0.3335 0.0593 
 H042.2_2002  2 0.4995 0.0449 0.4556 
 H042.2_2003  2 0.1590 0.7535 0.0875 
 H042.3_2002  2 0.0251 0.0531 0.9217 
 H042.3_2003  2 0.4534 0.2393 0.3074 
 H042.4_2002  2 0.2025 0.0762 0.7213 
 H042.4_2003  2 0.4159 0.2297 0.3544 
      H042.5  2 0.0178 0.0299 0.9523 
      H042.6  2 0.0602 0.0368 0.9030 
      H042.7  2 0.0392 0.5758 0.3850 
      H042.8  2 0.0550 0.0385 0.9064 
   H042_2002  2 0.4607 0.4468 0.0925 
   H042_2003  2 0.4031 0.4961 0.1008 
      H043.1  2 0.9470 0.0174 0.0356 
      H043.2  2 0.9498 0.0396 0.0106 
      H043.3  2 0.9290 0.0416 0.0294 
      H043.4  2 0.9373 0.0403 0.0225 
      H043.5  2 0.9643 0.0204 0.0153 
      H043.6  2 0.9593 0.0249 0.0158 
      H043.7  2 0.9050 0.0785 0.0164 
      H043.8  2 0.8650 0.0461 0.0889 
      H043.9  2 0.9418 0.0202 0.0380 
      H047.1  2 0.6835 0.2450 0.0715 
      H047.2  2 0.8093 0.1101 0.0806 
      H047.3  2 0.7369 0.1869 0.0761 
      H047.4  2 0.4131 0.4543 0.1326 
      H047.5  2 0.2169 0.6491 0.1340 
      H047.6  2 0.6942 0.2409 0.0649 
      H047.7  2 0.6149 0.3280 0.0572 
      H047.8  2 0.5575 0.3678 0.0747 
      H047.9  2 0.2322 0.6701 0.0976 
 H071.1_2002  2 0.9683 0.0188 0.0130 
 H071.1_2003  2 0.8830 0.0715 0.0455 
     H071.10  2 0.8970 0.0129 0.0900 
 H071.2_2002  2 0.9541 0.0182 0.0277 
 H071.2_2003  2 0.9778 0.0107 0.0115 
      H071.3  2 0.9070 0.0253 0.0677 
 H071.4_2002  2 0.9094 0.0233 0.0673 
 H071.4_2003  2 0.9215 0.0208 0.0577 
 H071.5_2002  2 0.9639 0.0123 0.0239 
 H071.5_2003  2 0.8192 0.0616 0.1192 
 H071.6_2002  2 0.8883 0.0170 0.0947 
 H071.6_2003  2 0.9086 0.0231 0.0683 
 H071.7_2002  2 0.9743 0.0124 0.0133 
 H071.7_2003  2 0.8839 0.0454 0.0707 
      H071.8  2 0.9686 0.0166 0.0148 
      H071.9  2 0.8076 0.0360 0.1564 
 H081.1_2002  2 0.9782 0.0120 0.0097 
 H081.1_2003  2 0.8091 0.0850 0.1059 
 H081.2_2002  2 0.9625 0.0266 0.0109 
 H081.2_2003  2 0.1367 0.0250 0.8383 
 H081.3_2002  2 0.9524 0.0249 0.0227 
 H081.3_2003  2 0.3777 0.0768 0.5455 
 H081.4_2002  2 0.9359 0.0247 0.0393 
 H081.4_2003  2 0.2288 0.1808 0.5904 
 H081.5_2002  2 0.9632 0.0168 0.0200 
 H081.5_2003  2 0.5916 0.2864 0.1220 
      H081.6  2 0.9705 0.0155 0.0140 
      H081.7  2 0.9588 0.0165 0.0247 
      H081.8  2 0.8777 0.0271 0.0952 
      H083.1  2 0.9613 0.0080 0.0307 
      H083.2  2 0.9581 0.0170 0.0249 
      H083.4  2 0.9736 0.0097 0.0168 
      H083.5  2 0.9747 0.0133 0.0120 
      H083.6  2 0.9292 0.0111 0.0597 
      H083.7  2 0.9601 0.0147 0.0253 
      H083.8  2 0.9693 0.0139 0.0169 
      H083.9  2 0.9744 0.0104 0.0152 
      H084.1  2 0.0575 0.0208 0.9217 
      H084.2  2 0.0569 0.0127 0.9304 
      H084.3  2 0.2661 0.2593 0.4746 
      H084.4  2 0.2876 0.2133 0.4990 
      H084.5  2 0.0774 0.1843 0.7383 
      H084.6  2 0.3488 0.2121 0.4390 
      H084.7  2 0.0372 0.0231 0.9397 
      H084.8  2 0.0901 0.1699 0.7400 
 H085.1_2002  2 0.9506 0.0184 0.0310 
 H085.1_2003  2 0.9529 0.0152 0.0319 
 H085.2_2002  2 0.8699 0.0455 0.0846 
 H085.2_2003  2 0.9250 0.0182 0.0568 
 H085.3_2002  2 0.7546 0.2093 0.0361 
 H085.3_2003  2 0.9275 0.0319 0.0406 
 H085.4_2002  2 0.9199 0.0310 0.0491 
 H085.4_2003  2 0.8728 0.0695 0.0576 
 H085.5_2002  2 0.6971 0.2697 0.0332 
 H085.5_2003  2 0.9402 0.0139 0.0459 
 H085.6_2002  2 0.9257 0.0366 0.0377 
 H085.6_2003  2 0.2191 0.7185 0.0624 
 H085.7_2002  2 0.8803 0.0700 0.0497 
 H085.7_2003  2 0.9426 0.0330 0.0244 
 H085.8_2002  2 0.6544 0.2757 0.0699 
 H085.8_2003  2 0.7544 0.0985 0.1471 
      H085.9  2 0.9247 0.0525 0.0228 
      H088.1  2 0.0303 0.0485 0.9212 
      H088.2  2 0.0280 0.0682 0.9038 
      H088.3  2 0.0151 0.0275 0.9574 
      H088.4  2 0.0240 0.0273 0.9487 
      H088.5  2 0.0161 0.0197 0.9642 
      H088.6  2 0.0273 0.0326 0.9401 
      H088.7  2 0.3795 0.0740 0.5465 
      H088.8  2 0.1776 0.0754 0.7471 
      H091.1  2 0.0613 0.0252 0.9135 
      H091.2  2 0.0338 0.0218 0.9444 
      H109.1  2 0.2513 0.0432 0.7055 
      H109.2  2 0.0805 0.0528 0.8667 
      H109.3  2 0.1510 0.0757 0.7733 
      H109.4  2 0.0892 0.0682 0.8426 
      H109.5  2 0.1268 0.3163 0.5569 
      H109.6  2 0.0637 0.0787 0.8575 
      H126.1  2 0.0495 0.8490 0.1014 
      H126.2  2 0.9251 0.0332 0.0417 
      H126.3  2 0.9154 0.0272 0.0574 
      H126.4  2 0.3762 0.3332 0.2906 
      H126.5  2 0.3150 0.6289 0.0561 
      H126.6  2 0.9657 0.0180 0.0162 
      H126.7  2 0.7446 0.0403 0.2151 
      H130.1  2 0.0638 0.5477 0.3884 
      H130.2  2 0.1625 0.0376 0.8000 
      H130.3  2 0.0326 0.0282 0.9392 
      H130.4  2 0.1042 0.1583 0.7376 
      H130.5  2 0.2857 0.1038 0.6105 
      H133.1  2 0.7428 0.1103 0.1469 
      H133.2  2 0.2411 0.1798 0.5790 
      H133.3  2 0.7951 0.1175 0.0874 
      H133.4  2 0.7031 0.1279 0.1690 
      H133.5  2 0.2543 0.0374 0.7083 
      H133.6  2 0.1693 0.1370 0.6938 
      H133.7  2 0.5347 0.4430 0.0223 
      H133.8  2 0.8452 0.0820 0.0729 
      H133.9  2 0.6895 0.1123 0.1982 
      H147.1  2 0.7976 0.1717 0.0307 
      H147.2  2 0.9716 0.0167 0.0117 
      H147.3  2 0.9400 0.0354 0.0247 
      H147.4  2 0.9712 0.0137 0.0151 
      H147.5  2 0.7178 0.0301 0.2521 
      H147.6  2 0.5316 0.0563 0.4121 
      H147.7  2 0.9503 0.0250 0.0247 
      H147.8  2 0.9497 0.0097 0.0407 
      H147.9  2 0.9617 0.0189 0.0193 
      H148.1  2 0.1695 0.4307 0.3998 
      H148.2  2 0.2435 0.6155 0.1410 
      H148.3  2 0.0733 0.8426 0.0841 
      H148.4  2 0.1226 0.7773 0.1000 
      H148.5  2 0.0808 0.5952 0.3240 
      H148.6  2 0.3169 0.5830 0.1002 
      H148.7  2 0.0640 0.4560 0.4801 
      H148.8  2 0.0692 0.8638 0.0670 
      H148.9  2 0.1080 0.6562 0.2358 
   H166022.1  2 0.1318 0.0239 0.8443 
   H166022.2  2 0.0715 0.0331 0.8954 
   H166022.3  2 0.0127 0.0141 0.9732 
   H166022.4  2 0.0129 0.0108 0.9763 
   H166022.5  2 0.0233 0.0146 0.9621 
   H166022.6  2 0.0554 0.0589 0.8857 
   H166022.7  2 0.0288 0.0107 0.9605 
   H166022.8  2 0.2705 0.2924 0.4370 
   H167397.1  2 0.9058 0.0604 0.0338 
   H167397.2  2 0.9535 0.0360 0.0105 
   H167397.3  2 0.9724 0.0177 0.0099 
   H167397.4  2 0.9159 0.0596 0.0245 
   H167397.5  2 0.9362 0.0344 0.0295 
   H167397.6  2 0.9609 0.0234 0.0157 
   H167496.1  2 0.0587 0.3841 0.5572 
   H167496.2  2 0.1159 0.6395 0.2446 
   H167496.3  2 0.3412 0.4946 0.1642 
   H167496.4  2 0.0329 0.0147 0.9524 
   H167496.6  2 0.0481 0.0750 0.8769 
   H167496.7  2 0.0318 0.8101 0.1582 
   H167496.8  2 0.0697 0.1057 0.8245 
   H167513.1  2 0.3703 0.2236 0.4062 
   H167513.2  2 0.2061 0.6238 0.1701 
   H167513.3  2 0.0316 0.0841 0.8843 
   H167513.4  2 0.2058 0.1913 0.6029 
   H167513.5  2 0.5456 0.2817 0.1727 
   H167513.6  2 0.2011 0.3507 0.4483 
   H167513.7  2 0.3812 0.0377 0.5811 
   H167513.8  2 0.1102 0.0454 0.8444 
   H167547.1  2 0.0237 0.9382 0.0381 
   H167547.2  2 0.0643 0.8748 0.0610 
   H167547.3  2 0.0683 0.8797 0.0520 
   H167547.4  2 0.1174 0.5555 0.3271 
   H167547.5  2 0.0244 0.8451 0.1305 
   H167547.6  2 0.0216 0.8833 0.0951 
   H167547.7  2 0.1755 0.6626 0.1619 
   H169750.1  2 0.0665 0.1279 0.8055 
   H169750.2  2 0.5294 0.2303 0.2404 
   H169750.3  2 0.0414 0.1439 0.8147 
   H169750.4  2 0.3361 0.4897 0.1743 
   H169750.5  2 0.1765 0.0425 0.7810 
   H169750.6  2 0.3268 0.0482 0.6250 
   H169750.7  2 0.2477 0.3079 0.4445 
   H171929.1  2 0.4817 0.4885 0.0298 
  H171929.10  2 0.4643 0.4340 0.1017 
  H171929.11  2 0.3558 0.5887 0.0555 
   H171929.2  2 0.0986 0.6907 0.2107 
   H171929.3  2 0.4675 0.4438 0.0887 
   H171929.4  2 0.1861 0.5224 0.2916 
   H171929.5  2 0.1847 0.5076 0.3077 
   H171929.6  2 0.2514 0.4958 0.2528 
   H171929.7  2 0.2285 0.6751 0.0963 
   H171929.8  2 0.0871 0.8283 0.0846 
   H171929.9  2 0.1737 0.3761 0.4502 
   H171930.1  2 0.0223 0.0739 0.9038 
   H171930.2  2 0.0222 0.0536 0.9242 
   H171930.3  2 0.0224 0.0376 0.9400 
   H171930.4  2 0.0121 0.0333 0.9546 
   H171930.5  2 0.0585 0.1200 0.8216 
   H171930.6  2 0.0372 0.0814 0.8815 
   H171930.7  2 0.0500 0.0499 0.9001 
   H171930.8  2 0.0578 0.1204 0.8219 
   H171933.1  2 0.5425 0.0540 0.4035 
   H171933.2  2 0.8430 0.0519 0.1051 
   H171933.3  2 0.1057 0.0950 0.7993 
   H171933.4  2 0.0838 0.4935 0.4227 
   H171933.5  2 0.0276 0.6047 0.3677 
   H171933.6  2 0.3212 0.0243 0.6545 
   H171933.7  2 0.4277 0.0722 0.5001 
   H171933.8  2 0.5905 0.2203 0.1893 
   H171933.9  2 0.0457 0.0472 0.9071 
      H190.1  2 0.0230 0.1021 0.8749 
      H190.2  2 0.0340 0.9204 0.0456 
      H190.3  2 0.0621 0.7827 0.1552 
      H190.4  2 0.0218 0.0875 0.8907 
      H190.5  2 0.1290 0.7082 0.1628 
      H190.6  2 0.0231 0.1667 0.8102 
      H190.7  2 0.0636 0.8288 0.1077 
      H190.8  2 0.0527 0.7335 0.2138 
      H190.9  2 0.0681 0.8160 0.1159 
      H400.1  2 0.0358 0.0172 0.9470 
      H400.2  2 0.0749 0.0121 0.9130 
      H400.3  2 0.0446 0.0250 0.9304 
      H400.4  2 0.0203 0.0225 0.9571 
      H400.5  2 0.0622 0.0320 0.9058 
      H400.6  2 0.0239 0.0185 0.9576 
      H400.7  2 0.0153 0.0245 0.9601 
 H428.1_2005  2 0.7886 0.0214 0.1900 
 H428.1_2006  2 0.9272 0.0173 0.0555 
 H428.2_2005  2 0.7313 0.0459 0.2228 
 H428.2_2006  2 0.9393 0.0092 0.0515 
 H428.3_2005  2 0.3696 0.0158 0.6146 
 H428.3_2006  2 0.8970 0.0157 0.0873 
 H428.4_2005  2 0.3292 0.0209 0.6500 
 H428.4_2006  2 0.9694 0.0084 0.0221 
 H428.5_2005  2 0.9671 0.0111 0.0218 
 H428.6_2005  2 0.6845 0.0341 0.2815 
 H428.6_2006  2 0.9267 0.0117 0.0617 
      H428.7  2 0.8061 0.0138 0.1801 
      H428.8  2 0.8884 0.0175 0.0942 
      H428.9  2 0.9263 0.0153 0.0584 
      H453.1  2 0.0634 0.0159 0.9207 
      H453.2  2 0.0185 0.0152 0.9664 
      H453.3  2 0.0180 0.0152 0.9669 
      H453.4  2 0.0109 0.0109 0.9782 
      H453.5  2 0.0227 0.0095 0.9678 
      H453.6  2 0.0533 0.0101 0.9366 
      H453.7  2 0.2750 0.3321 0.3930 
      H453.8  2 0.0672 0.2416 0.6913 
      H453.9  2 0.6893 0.0255 0.2851 
      H512.1  2 0.0998 0.0228 0.8773 
     H512.10  2 0.8295 0.0367 0.1338 
      H512.2  2 0.3327 0.2641 0.4031 
      H512.3  2 0.2483 0.0907 0.6610 
      H512.4  2 0.6070 0.0533 0.3397 
      H512.5  2 0.1547 0.1005 0.7448 
      H512.6  2 0.0318 0.1575 0.8107 
      H512.7  2 0.1136 0.0425 0.8438 
      H512.8  2 0.0431 0.3638 0.5931 
      H512.9  2 0.4331 0.0424 0.5245 
      H513.1  2 0.9456 0.0132 0.0412 
      H513.2  2 0.9251 0.0168 0.0581 
      H513.3  2 0.4623 0.0154 0.5222 
      H513.4  2 0.2806 0.0215 0.6979 
      H513.5  2 0.6281 0.0111 0.3608 
      H513.6  2 0.9242 0.0127 0.0631 
      H532.1  2 0.7146 0.0298 0.2556 
      H532.2  2 0.6207 0.0895 0.2898 
      H532.3  2 0.3058 0.1164 0.5777 
      H532.4  2 0.9316 0.0294 0.0391 
      H532.5  2 0.6904 0.0389 0.2707 
      H532.6  2 0.8069 0.0383 0.1548 
      H532.7  2 0.7035 0.0174 0.2791 
      H532.8  2 0.7028 0.0389 0.2583 
      H543.1  2 0.9686 0.0109 0.0205 
      H543.2  2 0.8520 0.0265 0.1215 
      H543.3  2 0.9748 0.0132 0.0120 
      H543.4  2 0.9684 0.0206 0.0110 
      H543.5  2 0.9715 0.0163 0.0122 
      H543.6  2 0.9699 0.0142 0.0159 
      H543.7  2 0.9711 0.0196 0.0093 
      H543.8  2 0.9569 0.0127 0.0304 
      H543.9  2 0.9568 0.0173 0.0259 
 H545.1_2005  2 0.9772 0.0099 0.0129 
 H545.1_2006  2 0.9811 0.0111 0.0078 
 H545.2_2005  2 0.9475 0.0157 0.0368 
 H545.2_2006  2 0.9728 0.0109 0.0163 
 H545.3_2005  2 0.8793 0.0751 0.0456 
 H545.3_2006  2 0.9827 0.0080 0.0093 
 H545.4_2005  2 0.9125 0.0745 0.0130 
 H545.4_2006  2 0.9667 0.0167 0.0166 
 H545.5_2005  2 0.9791 0.0086 0.0123 
 H545.5_2006  2 0.9323 0.0299 0.0378 
 H545.6_2005  2 0.9740 0.0102 0.0158 
 H545.6_2006  2 0.9566 0.0211 0.0222 
 H545.7_2005  2 0.9630 0.0107 0.0263 
 H545.7_2006  2 0.9750 0.0094 0.0156 
 H545.8_2005  2 0.9575 0.0229 0.0197 
 H545.8_2006  2 0.9733 0.0116 0.0151 
      H545.9  2 0.9417 0.0337 0.0246 
      H547.1  2 0.0450 0.0634 0.8917 
      H547.2  2 0.0569 0.3384 0.6047 
      H547.3  2 0.0253 0.6180 0.3567 
      H547.4  2 0.0948 0.7261 0.1791 
      H547.5  2 0.0135 0.5165 0.4700 
      H547.6  2 0.0544 0.0462 0.8995 
      H547.7  2 0.0361 0.3814 0.5825 
      H547.8  2 0.0457 0.1232 0.8311 
      H548.1  2 0.9646 0.0197 0.0157 
      H548.2  2 0.9542 0.0269 0.0189 
      H548.3  2 0.9597 0.0161 0.0242 
      H548.4  2 0.8674 0.0462 0.0864 
      H548.5  2 0.9742 0.0155 0.0103 
      H548.6  2 0.9670 0.0176 0.0154 
      H548.7  2 0.9519 0.0165 0.0315 
      H548.8  2 0.9815 0.0112 0.0073 
      H548.9  2 0.9498 0.0276 0.0226 
     H7389.1  2 0.3579 0.0332 0.6089 
     H7389.2  2 0.8809 0.0343 0.0848 
     H7389.3  2 0.7440 0.0369 0.2191 
     H7389.4  2 0.8167 0.0074 0.1759 
     H7389.5  2 0.3570 0.0100 0.6330 
     H7389.6  2 0.1764 0.0108 0.8128 
     H7389.7  2 0.6380 0.0341 0.3279 
     H7389.8  2 0.8745 0.0175 0.1080 
     H7389.9  2 0.7924 0.0106 0.1970 
      H747.1  2 0.0541 0.3101 0.6358 
      H747.2  2 0.0212 0.2528 0.7259 
      H747.3  2 0.0175 0.1195 0.8630 
      H747.4  2 0.0209 0.3161 0.6630 
      H747.5  2 0.0139 0.0984 0.8877 
      H747.6  2 0.0589 0.1270 0.8141 
      H747.7  2 0.0157 0.0816 0.9027 
     H7484.1  2 0.7432 0.0658 0.1910 
     H7484.2  2 0.1921 0.4947 0.3132 
     H7484.3  2 0.3602 0.4004 0.2394 
     H7484.4  2 0.2531 0.2300 0.5170 
     H7484.5  2 0.3155 0.1064 0.5781 
     H7484.6  2 0.0652 0.2872 0.6476 
     H7484.7  2 0.2485 0.2229 0.5286 
     H7484.8  2 0.4319 0.0630 0.5051 
     H7485.1  2 0.9711 0.0175 0.0115 
     H7485.2  2 0.9744 0.0098 0.0157 
     H7485.3  2 0.9789 0.0111 0.0100 
     H7485.4  2 0.9727 0.0083 0.0189 
     H7485.5  2 0.9707 0.0172 0.0121 
     H7485.6  2 0.9656 0.0150 0.0194 
     H7485.7  2 0.9706 0.0176 0.0119 
     H7496.1  2 0.1561 0.1853 0.6587 
    H7496.10  2 0.0436 0.0213 0.9351 
    H7496.11  2 0.9704 0.0123 0.0173 
     H7496.2  2 0.0197 0.0215 0.9588 
     H7496.3  2 0.4664 0.2233 0.3103 
     H7496.4  2 0.0124 0.0188 0.9688 
     H7496.5  2 0.0221 0.0750 0.9029 
     H7496.6  2 0.0225 0.0477 0.9299 
     H7496.7  2 0.0294 0.0192 0.9514 
     H7496.8  2 0.0807 0.1655 0.7538 
        UNK4  2 0.4497 0.1845 0.3658 
        UNK5  2 0.9314 0.0332 0.0354 
        UNK6  2 0.4794 0.1132 0.4074 
        UNK7  2 0.9666 0.0150 0.0183 
        UNK8  2 0.9616 0.0174 0.0209 
        UNK9  2 0.8763 0.0172 0.1064 
      H009.1  4 0.0174 0.9664 0.0162 
      H009.2  4 0.0109 0.9229 0.0661 
      H009.3  4 0.0146 0.9678 0.0176 
      H009.4  4 0.0204 0.8709 0.1086 
      H009.5  4 0.0685 0.7864 0.1451 
      H009.6  4 0.0151 0.9710 0.0140 
      H046.4  4 0.3864 0.3133 0.3002 
      H046.8  4 0.1215 0.6785 0.2000 
 H076.1_2002  4 0.0138 0.9610 0.0251 
 H076.1_2003  4 0.0082 0.9820 0.0097 
 H076.1_2004  4 0.0126 0.9736 0.0139 
 H076.2_2002  4 0.0150 0.9629 0.0221 
 H076.2_2003  4 0.0091 0.9799 0.0110 
 H076.2_2004  4 0.0208 0.9017 0.0775 
 H076.3_2002  4 0.0184 0.9237 0.0579 
 H076.3_2003  4 0.0184 0.9609 0.0207 
 H076.3_2004  4 0.0215 0.9649 0.0136 
 H076.4_2002  4 0.0220 0.9528 0.0252 
 H076.4_2003  4 0.0089 0.9760 0.0151 
 H076.4_2004  4 0.0195 0.8869 0.0936 
 H076.5_2002  4 0.0206 0.9415 0.0379 
 H076.5_2003  4 0.0207 0.9477 0.0316 
 H076.5_2004  4 0.0390 0.9321 0.0289 
 H076.6_2002  4 0.0223 0.9642 0.0134 
 H076.6_2003  4 0.0114 0.9658 0.0228 
 H076.6_2004  4 0.0135 0.9716 0.0149 
 H076.7_2002  4 0.0260 0.8863 0.0876 
 H076.7_2003  4 0.0208 0.9123 0.0669 
 H076.7_2004  4 0.0183 0.9677 0.0140 
      H477.1  4 0.0147 0.0190 0.9663 
      H477.2  4 0.0218 0.0850 0.8932 
      H477.3  4 0.0485 0.0269 0.9247 
      H477.4  4 0.0293 0.0173 0.9534 
      H477.5  4 0.0364 0.0912 0.8724 
      H477.6  4 0.1217 0.0385 0.8397 
      H477.7  4 0.0245 0.0228 0.9527 
 H479.1_2005  4 0.5613 0.0289 0.4098 
 H479.1_2006  4 0.1220 0.6793 0.1987 
     H479.10  4 0.3646 0.1018 0.5336 
 H479.2_2005  4 0.8520 0.1008 0.0472 
 H479.2_2006  4 0.2117 0.0967 0.6916 
 H479.3_2005  4 0.0701 0.0280 0.9019 
 H479.3_2006  4 0.0452 0.0664 0.8885 
 H479.4_2005  4 0.0912 0.1321 0.7767 
 H479.4_2006  4 0.1825 0.0264 0.7912 
 H479.5_2005  4 0.7756 0.1403 0.0841 
 H479.5_2006  4 0.0502 0.0196 0.9302 
 H479.6_2005  4 0.2013 0.0828 0.7159 
 H479.6_2006  4 0.4801 0.0108 0.5091 
 H479.7_2005  4 0.2614 0.0452 0.6935 
 H479.7_2006  4 0.1878 0.0234 0.7888 
 H479.8_2005  4 0.2621 0.0131 0.7249 
 H479.8_2006  4 0.1371 0.5334 0.3294 
      H479.9  4 0.0392 0.5066 0.4542 
      H516.1  4 0.0242 0.9193 0.0566 
      H516.2  4 0.0445 0.4053 0.5502 
      H516.3  4 0.0094 0.8290 0.1616 
      H516.4  4 0.0198 0.8392 0.1410 
      H516.5  4 0.0246 0.8473 0.1281 
      H516.6  4 0.0453 0.4693 0.4854 
      H516.7  4 0.0232 0.6127 0.3642 
      H516.8  4 0.0130 0.9115 0.0755 
      H516.9  4 0.0296 0.6566 0.3139 
      H646.1  4 0.0124 0.9509 0.0367 
      H646.2  4 0.0115 0.9293 0.0592 
      H646.3  4 0.0152 0.9625 0.0224 
      H646.4  4 0.0156 0.7110 0.2734 
      H646.5  4 0.0131 0.7713 0.2155 
      H658.1  4 0.0735 0.7836 0.1430 
     H658.10  4 0.0224 0.4894 0.4882 
      H658.2  4 0.0439 0.7666 0.1895 
      H658.3  4 0.1264 0.4810 0.3926 
      H658.4  4 0.0816 0.4554 0.4631 
      H658.5  4 0.0154 0.0906 0.8940 
      H658.6  4 0.0201 0.5863 0.3936 
      H658.7  4 0.0216 0.8780 0.1003 
      H658.8  4 0.0159 0.9633 0.0208 
      H658.9  4 0.0346 0.6768 0.2886 
      H682.1  4 0.2685 0.1661 0.5655 
      H682.6  4 0.2741 0.5175 0.2084 
      H720.1  4 0.0309 0.0776 0.8916 
      H720.2  4 0.0204 0.0746 0.9049 
      H720.3  4 0.0291 0.5733 0.3976 
      H720.4  4 0.0405 0.1099 0.8496 
      H720.5  4 0.0764 0.3024 0.6212 
      H720.6  4 0.0716 0.2634 0.6650 
      H720.7  4 0.0229 0.0261 0.9510 
      H720.8  4 0.0652 0.2740 0.6609 
      H720.9  4 0.1492 0.7054 0.1453 
      H724.1  4 0.0189 0.9542 0.0270 
      H724.2  4 0.0489 0.8576 0.0935 
      H724.3  4 0.0568 0.5131 0.4301 
      H724.4  4 0.0220 0.9444 0.0336 
      H724.5  4 0.0811 0.5512 0.3677 
      H724.6  4 0.0301 0.9303 0.0396 
      H725.1  4 0.1490 0.7053 0.1457 
      H725.2  4 0.4392 0.3072 0.2536 
      H725.3  4 0.5078 0.2126 0.2796 
      H725.4  4 0.7399 0.1789 0.0812 
      H725.5  4 0.0397 0.1248 0.8355 
      H725.6  4 0.0400 0.7569 0.2032 
      H725.7  4 0.1614 0.7516 0.0870 
      H725.8  4 0.1670 0.6993 0.1338 
      H726.1  4 0.0095 0.9723 0.0182 
      H726.2  4 0.0194 0.9034 0.0771 
      H726.3  4 0.0164 0.9710 0.0125 
      H726.4  4 0.0451 0.7898 0.1651 
      H726.5  4 0.0161 0.8702 0.1136 
        UNK1  4 0.0630 0.2166 0.7204 
        UNK2  4 0.3062 0.5953 0.0985 
        UNK3  4 0.0688 0.2922 0.6390 
      H016.1  5 0.7414 0.0759 0.1826 
      H016.2  5 0.9507 0.0263 0.0230 
      H016.3  5 0.0520 0.6230 0.3250 
      H016.4  5 0.9324 0.0247 0.0429 
 H017.1_2002  5 0.0229 0.8340 0.1431 
 H017.1_2003  5 0.0219 0.0130 0.9651 
 H017.2_2002  5 0.0579 0.8526 0.0895 
 H017.2_2003  5 0.0183 0.0202 0.9615 
 H017.3_2002  5 0.4515 0.2064 0.3421 
 H017.3_2003  5 0.0456 0.7171 0.2373 
 H017.4_2002  5 0.4606 0.4204 0.1190 
 H017.4_2003  5 0.0653 0.0902 0.8445 
 H017.5_2002  5 0.4568 0.3717 0.1715 
 H017.5_2003  5 0.0874 0.1782 0.7344 
 H017.6_2002  5 0.4035 0.4724 0.1241 
 H017.6_2003  5 0.0173 0.4131 0.5697 
 H017.7_2002  5 0.6155 0.2146 0.1699 
 H017.7_2003  5 0.0239 0.0198 0.9563 
      H017.8  5 0.3014 0.3063 0.3923 
      H017.9  5 0.8880 0.0599 0.0522 
      H032.1  5 0.0186 0.0443 0.9371 
      H032.2  5 0.0210 0.0257 0.9532 
      H032.3  5 0.0727 0.0687 0.8586 
      H032.4  5 0.1582 0.1686 0.6731 
      H032.5  5 0.0270 0.3672 0.6058 
      H032.6  5 0.0222 0.5044 0.4734 
      H032.7  5 0.0116 0.0475 0.9408 
 H034.1_2002  5 0.0723 0.8956 0.0322 
 H034.1_2003  5 0.0156 0.9440 0.0404 
 H034.2_2002  5 0.3248 0.6481 0.0270 
 H034.2_2003  5 0.0256 0.9177 0.0567 
 H034.3_2002  5 0.4906 0.4788 0.0306 
 H034.3_2003  5 0.0187 0.9110 0.0703 
 H034.4_2002  5 0.1076 0.8546 0.0378 
 H034.4_2003  5 0.0135 0.9592 0.0273 
 H034.5_2002  5 0.0737 0.9013 0.0250 
 H034.5_2003  5 0.0620 0.7794 0.1585 
 H034.6_2002  5 0.3515 0.6291 0.0194 
 H034.6_2003  5 0.0212 0.9240 0.0549 
 H034.7_2002  5 0.0411 0.9300 0.0289 
 H034.7_2003  5 0.0766 0.8436 0.0798 
 H034.8_2002  5 0.0301 0.9427 0.0272 
 H034.8_2003  5 0.0309 0.9462 0.0229 
      H034.9  5 0.5709 0.3836 0.0455 
      H048.1  5 0.0954 0.0843 0.8203 
      H048.2  5 0.1748 0.1490 0.6762 
      H048.3  5 0.0254 0.5257 0.4490 
      H048.4  5 0.1595 0.4496 0.3909 
      H048.5  5 0.1641 0.0651 0.7708 
      H048.6  5 0.1324 0.5786 0.2890 
      H048.7  5 0.2671 0.1165 0.6164 
      H048.8  5 0.1359 0.5807 0.2834 
      H060.1  5 0.2597 0.6271 0.1132 
     H060.10  5 0.0324 0.9490 0.0186 
      H060.2  5 0.1183 0.8148 0.0669 
      H060.3  5 0.0924 0.8965 0.0111 
      H060.4  5 0.1092 0.7588 0.1319 
      H060.5  5 0.2072 0.7465 0.0463 
      H060.6  5 0.2089 0.7534 0.0377 
      H060.7  5 0.0971 0.7474 0.1555 
      H060.8  5 0.1153 0.7932 0.0915 
      H060.9  5 0.2752 0.6963 0.0285 
 H070.1_2002  5 0.4984 0.3837 0.1179 
 H070.1_2003  5 0.2151 0.7428 0.0421 
 H070.1_2004  5 0.0171 0.9635 0.0193 
 H070.2_2002  5 0.1312 0.8201 0.0487 
 H070.2_2003  5 0.1265 0.7774 0.0961 
 H070.2_2004  5 0.0146 0.9585 0.0269 
 H070.3_2002  5 0.3702 0.5630 0.0668 
 H070.3_2003  5 0.0301 0.9378 0.0322 
 H070.3_2004  5 0.0807 0.8989 0.0205 
 H070.4_2002  5 0.0385 0.9352 0.0263 
 H070.4_2003  5 0.1353 0.7776 0.0871 
 H070.4_2004  5 0.1674 0.7950 0.0375 
 H070.5_2002  5 0.9149 0.0646 0.0206 
 H070.5_2003  5 0.1256 0.8303 0.0442 
 H070.5_2004  5 0.0308 0.9562 0.0131 
 H070.6_2002  5 0.7358 0.2195 0.0447 
 H070.6_2003  5 0.0167 0.9445 0.0388 
 H070.6_2004  5 0.0401 0.9345 0.0254 
      H077.1  5 0.0487 0.9295 0.0218 
      H077.2  5 0.3131 0.6488 0.0381 
      H077.3  5 0.0355 0.9362 0.0283 
      H077.4  5 0.0300 0.9293 0.0407 
      H077.5  5 0.1536 0.7942 0.0522 
      H077.6  5 0.0932 0.8565 0.0504 
      H097.1  5 0.0929 0.7452 0.1619 
      H097.2  5 0.0250 0.1835 0.7914 
      H097.3  5 0.0444 0.5740 0.3815 
      H097.4  5 0.0267 0.2881 0.6852 
      H097.5  5 0.0231 0.4534 0.5235 
      H097.6  5 0.0407 0.1432 0.8161 
      H097.7  5 0.0517 0.4189 0.5294 
      H124.1  5 0.8539 0.1110 0.0351 
      H124.2  5 0.9049 0.0348 0.0603 
      H124.3  5 0.9511 0.0191 0.0298 
      H124.4  5 0.8628 0.0559 0.0813 
      H124.5  5 0.8998 0.0576 0.0426 
      H132.1  5 0.1915 0.7818 0.0267 
      H132.2  5 0.0405 0.9048 0.0547 
      H132.3  5 0.2466 0.7280 0.0254 
      H132.4  5 0.0978 0.8637 0.0386 
      H132.5  5 0.2191 0.7605 0.0204 
      H132.6  5 0.3235 0.6428 0.0337 
      H132.7  5 0.6250 0.1733 0.2017 
      H155.1  5 0.9456 0.0198 0.0346 
      H155.2  5 0.8792 0.0624 0.0584 
      H155.3  5 0.8981 0.0204 0.0814 
      H155.4  5 0.9586 0.0192 0.0222 
      H155.5  5 0.8227 0.0500 0.1273 
      H155.6  5 0.8880 0.0268 0.0853 
      H155.7  5 0.8597 0.0597 0.0805 
      H155.8  5 0.9454 0.0164 0.0381 
      H155.9  5 0.6568 0.0387 0.3045 
      H169.1  5 0.0672 0.6725 0.2603 
      H169.2  5 0.0763 0.8332 0.0906 
      H169.3  5 0.0112 0.8727 0.1161 
      H169.4  5 0.0678 0.6898 0.2424 
      H169.5  5 0.0921 0.6160 0.2920 
      H169.6  5 0.2361 0.3934 0.3706 
      H457.1  5 0.1241 0.2418 0.6341 
      H457.2  5 0.0826 0.0324 0.8849 
      H457.3  5 0.2201 0.0699 0.7100 
      H457.4  5 0.1146 0.1121 0.7732 
      H457.5  5 0.2882 0.1109 0.6008 
      H457.6  5 0.2504 0.0838 0.6658 
      H457.7  5 0.2322 0.7006 0.0672 
      H457.8  5 0.2014 0.0575 0.7411 
      H462.1  5 0.1131 0.4224 0.4645 
      H462.2  5 0.1150 0.7282 0.1568 
      H462.3  5 0.3415 0.1339 0.5246 
      H462.4  5 0.1854 0.7184 0.0962 
      H462.5  5 0.1451 0.5652 0.2897 
      H462.6  5 0.3312 0.4247 0.2441 
      H462.7  5 0.1275 0.0826 0.7899 
      H462.8  5 0.0393 0.9399 0.0208 
      H462.9  5 0.1178 0.2394 0.6428 
      H481.1  5 0.0147 0.9639 0.0214 
      H481.2  5 0.0252 0.9058 0.0689 
      H481.3  5 0.1064 0.8770 0.0166 
      H481.4  5 0.0475 0.9130 0.0395 
      H481.5  5 0.0434 0.9411 0.0156 
      H481.6  5 0.0751 0.8960 0.0289 
      H481.7  5 0.1369 0.8412 0.0219 
      H481.8  5 0.0212 0.8935 0.0853 
      H509.1  5 0.0211 0.0519 0.9270 
      H509.2  5 0.0138 0.0788 0.9074 
      H509.3  5 0.0148 0.0455 0.9397 
      H509.4  5 0.0168 0.0461 0.9371 
      H509.5  5 0.0914 0.0836 0.8250 
      H509.6  5 0.0323 0.0509 0.9168 
      H509.7  5 0.0359 0.0711 0.8930 
      H567.1  5 0.0169 0.0196 0.9634 
      H567.2  5 0.1025 0.3782 0.5193 
      H567.3  5 0.0254 0.3821 0.5925 
      H567.4  5 0.0436 0.0362 0.9202 
      H567.5  5 0.0243 0.0252 0.9505 
      H567.6  5 0.0174 0.0263 0.9563 
      H567.7  5 0.1057 0.0984 0.7959 
      H567.8  5 0.0265 0.0571 0.9165 
      H608.1  5 0.2035 0.4675 0.3290 
      H608.2  5 0.3362 0.3315 0.3323 
      H608.3  5 0.4768 0.2676 0.2556 
      H608.4  5 0.2414 0.4853 0.2733 
      H608.5  5 0.5604 0.0567 0.3828 
      H608.6  5 0.2056 0.2559 0.5385 
      H608.7  5 0.2943 0.1626 0.5431 
      H608.8  5 0.1287 0.0737 0.7976 
      H615.1  5 0.3214 0.4908 0.1877 
      H615.2  5 0.2274 0.2472 0.5254 
      H615.3  5 0.0372 0.9255 0.0373 
      H615.4  5 0.0398 0.6835 0.2767 
      H615.5  5 0.0656 0.9008 0.0336 
      H615.6  5 0.0166 0.9714 0.0120 
      H635.1  5 0.0221 0.8862 0.0917 
      H635.2  5 0.1904 0.4619 0.3478 
      H635.3  5 0.1048 0.6634 0.2318 
      H635.4  5 0.1779 0.7140 0.1082 
      H635.5  5 0.0547 0.7242 0.2211 
      H635.6  5 0.0171 0.9647 0.0182 
      H635.7  5 0.0418 0.6527 0.3056 
      H635.8  5 0.5489 0.3099 0.1412 
      H635.9  5 0.0378 0.8256 0.1366 
      H728.1  5 0.0803 0.0323 0.8874 
      H728.2  5 0.0689 0.0547 0.8764 
      H728.3  5 0.0285 0.0206 0.9509 
      H728.4  5 0.1017 0.0197 0.8785 
      H728.5  5 0.0210 0.0219 0.9571 
      H728.6  5 0.0643 0.0192 0.9165 
      H728.7  5 0.4218 0.2947 0.2835 
 H7395.1_200  5 0.2107 0.4530 0.3363 
 H7395.1_200  5 0.0311 0.0115 0.9574 
     H7395.2  5 0.0682 0.0224 0.9094 
     H7395.3  5 0.0431 0.0154 0.9416 
     H7395.4  5 0.0818 0.0365 0.8817 
     H7395.5  5 0.0591 0.0086 0.9323 
     H7395.6  5 0.0461 0.0150 0.9389 
     H7395.7  5 0.0703 0.0225 0.9072 
     H7395.8  5 0.0889 0.0390 0.8721 
     H7395.9  5 0.2940 0.0445 0.6614 
      H742.1  5 0.1437 0.6976 0.1588 
      H742.2  5 0.0660 0.8712 0.0628 
      H742.3  5 0.4134 0.5150 0.0716 
      H958.1  5 0.0111 0.3400 0.6489 
      H958.2  5 0.0114 0.0647 0.9240 
      H958.3  5 0.0141 0.0325 0.9534 
      H958.4  5 0.0149 0.5042 0.4809 
      H958.5  5 0.0174 0.1206 0.8620 
      H958.6  5 0.0124 0.0333 0.9543 
      H958.7  5 0.0132 0.0376 0.9492 
      H452.1 10 0.0138 0.9720 0.0141 
     H452.10 10 0.0166 0.9599 0.0235 
      H452.2 10 0.0341 0.3940 0.5719 
      H452.3 10 0.0141 0.9548 0.0311 
      H452.4 10 0.0195 0.9677 0.0128 
      H452.5 10 0.0340 0.9133 0.0527 
      H452.6 10 0.0633 0.6822 0.2544 
      H452.7 10 0.0166 0.8514 0.1320 
      H452.8 10 0.0522 0.8995 0.0482 
      H452.9 10 0.0184 0.9666 0.0150 
      H473.1 10 0.0746 0.2908 0.6347 
      H473.2 10 0.6910 0.0266 0.2824 
      H473.3 10 0.9523 0.0150 0.0328 
      H473.4 10 0.8063 0.0565 0.1372 
      H473.5 10 0.7334 0.0244 0.2422 
      H473.6 10 0.8734 0.0232 0.1034 
      H473.7 10 0.7453 0.0247 0.2300 
      H473.8 10 0.8833 0.0214 0.0953 
      H487.1 10 0.0085 0.9769 0.0146 
      H487.2 10 0.0149 0.9592 0.0259 
      H487.3 10 0.0095 0.9771 0.0134 
      H487.4 10 0.0091 0.9689 0.0220 
      H487.5 10 0.0078 0.9807 0.0116 
      H703.1 10 0.1699 0.2295 0.6005 
     H703.10 10 0.1149 0.3383 0.5468 
      H703.2 10 0.1919 0.5378 0.2704 
      H703.3 10 0.0931 0.3363 0.5706 
      H703.4 10 0.0430 0.2556 0.7014 
      H703.5 10 0.0201 0.0974 0.8824 
      H703.6 10 0.0223 0.2216 0.7561 
      H703.7 10 0.0848 0.0414 0.8738 
      H703.8 10 0.0098 0.9509 0.0393 
      H703.9 10 0.0359 0.6394 0.3247 
      H705.1 10 0.0120 0.1875 0.8005 
      H705.2 10 0.0593 0.5315 0.4092 
      H705.3 10 0.0156 0.9546 0.0299 
      H705.4 10 0.0140 0.8403 0.1456 
      H705.5 10 0.0143 0.9607 0.0249 
      H705.6 10 0.0289 0.9132 0.0579 
      H705.7 10 0.0149 0.3778 0.6073 
     H7352.1 10 0.6160 0.2656 0.1184 
     H7352.2 10 0.0355 0.9541 0.0105 
     H7352.3 10 0.0231 0.9581 0.0188 
     H7352.4 10 0.0231 0.9629 0.0140 
     H7352.5 10 0.5064 0.3796 0.1139 
     H7352.6 10 0.3734 0.4937 0.1328 
     H7352.7 10 0.0412 0.9450 0.0138 
     H7354.1 10 0.1897 0.3485 0.4618 
     H7354.2 10 0.1105 0.6424 0.2471 
     H7354.3 10 0.0268 0.3611 0.6121 
     H7354.4 10 0.4243 0.3303 0.2454 
     H7354.5 10 0.3570 0.1309 0.5121 
     H7354.6 10 0.0241 0.7512 0.2247 
     H7354.7 10 0.0359 0.7830 0.1810 
     H7359.1 10 0.0799 0.3114 0.6088 
     H7359.2 10 0.0139 0.4755 0.5107 
     H7359.3 10 0.0559 0.7830 0.1612 
     H7359.4 10 0.0344 0.6710 0.2945 
     H7359.5 10 0.0186 0.4859 0.4954 
      H909.1 10 0.0131 0.8829 0.1040 
      H909.2 10 0.0167 0.9287 0.0546 
      H909.3 10 0.0094 0.9825 0.0081 
      H909.4 10 0.0195 0.9531 0.0274 
      H909.6 10 0.0258 0.9343 0.0399 
      H909.8 10 0.0306 0.9260 0.0433 
      H909.9 10 0.0227 0.9538 0.0234 
     H9555.1 10 0.0090 0.9719 0.0191 
     H9555.2 10 0.0188 0.9608 0.0204 
     H9555.3 10 0.0203 0.9443 0.0354 
     H9555.4 10 0.0071 0.9757 0.0172 
     H9555.5 10 0.0098 0.9511 0.0391 
     H9555.6 10 0.0975 0.6420 0.2606 
     H9555.7 10 0.0268 0.7184 0.2548 
     H9703.1 10 0.0117 0.7901 0.1982 
     H9703.2 10 0.0142 0.7017 0.2841 
     H9703.3 10 0.0201 0.7774 0.2025 
     H9703.4 10 0.0128 0.8470 0.1403 
     H9703.5 10 0.0909 0.2105 0.6985 
     H9707.1 10 0.8989 0.0672 0.0338 
     H9707.2 10 0.4365 0.4696 0.0940 
     H9707.3 10 0.8545 0.1024 0.0431 
     H9707.4 10 0.0310 0.8936 0.0754 
     H9707.5 10 0.5072 0.2566 0.2363 
     H9707.6 10 0.2116 0.3420 0.4464 
     H9707.7 10 0.2832 0.3656 0.3512 
     H9707.8 10 0.8609 0.0967 0.0423 
     HSAA4.1 10 0.0259 0.8184 0.1557 
     HSAA4.2 10 0.0197 0.9145 0.0658 
     HSAA4.3 10 0.0165 0.9654 0.0180 
     HSAA4.4 10 0.0183 0.6753 0.3064 
     HSAA4.5 10 0.0167 0.9567 0.0266 
     HSAA4.6 10 0.0087 0.9748 0.0166 
     HSAA4.7 10 0.0071 0.9801 0.0128 
   saaRTON.1 10 0.0138 0.8666 0.1196 
  saaRTON.10 10 0.0174 0.9417 0.0409 
   saaRTON.2 10 0.0155 0.8405 0.1440 
   saaRTON.3 10 0.0217 0.9354 0.0429 
   saaRTON.4 10 0.0110 0.9376 0.0514 
   saaRTON.5 10 0.0115 0.9633 0.0252 
   saaRTON.6 10 0.0168 0.8349 0.1483 
   saaRTON.7 10 0.0405 0.2190 0.7405 
   saaRTON.8 10 0.0104 0.9605 0.0291 
   saaRTON.9 10 0.0091 0.9514 0.0395 
      H005.1 11 0.0350 0.9320 0.0330 
      H005.2 11 0.3499 0.3931 0.2570 
      H005.3 11 0.0206 0.9466 0.0328 
      H005.4 11 0.2477 0.4376 0.3147 
      H005.5 11 0.0464 0.8918 0.0618 
      H005.6 11 0.3938 0.2125 0.3937 
      H005.7 11 0.0980 0.7612 0.1408 
      H005.8 11 0.0834 0.8489 0.0677 
      H005.9 11 0.4660 0.3888 0.1452 
      H031.1 11 0.1272 0.1212 0.7516 
      H031.2 11 0.0130 0.8922 0.0947 
      H031.3 11 0.2940 0.3125 0.3935 
      H031.4 11 0.0230 0.6302 0.3469 
      H031.5 11 0.0612 0.6491 0.2898 
      H031.6 11 0.0216 0.6094 0.3690 
      H031.7 11 0.0387 0.1674 0.7939 
      H031.8 11 0.1022 0.7753 0.1225 
      H136.1 11 0.0255 0.0847 0.8898 
      H136.2 11 0.0303 0.0380 0.9318 
      H136.3 11 0.2717 0.1012 0.6272 
      H136.4 11 0.0204 0.2824 0.6973 
      H153.1 11 0.0880 0.6283 0.2837 
      H153.2 11 0.0985 0.7624 0.1391 
      H153.3 11 0.1228 0.2894 0.5878 
      H153.4 11 0.0338 0.8234 0.1428 
      H167.1 11 0.8787 0.0261 0.0952 
      H167.2 11 0.9496 0.0348 0.0156 
      H167.3 11 0.9641 0.0188 0.0171 
      H167.4 11 0.5763 0.2662 0.1575 
      H167.5 11 0.8548 0.1211 0.0241 
      H167.6 11 0.9478 0.0223 0.0299 
      H167.7 11 0.2148 0.7333 0.0519 
      H167.8 11 0.6098 0.2068 0.1835 
      H173.1 11 0.2965 0.5372 0.1663 
      H173.2 11 0.3063 0.2670 0.4266 
      H173.3 11 0.3772 0.3456 0.2772 
      H173.4 11 0.4378 0.2384 0.3238 
      H173.5 11 0.0770 0.0355 0.8876 
 H194.1_2003 11 0.0235 0.7440 0.2325 
 H194.2_2003 11 0.0653 0.8713 0.0634 
 H194.3_2003 11 0.0142 0.9459 0.0398 
 H194.4_2003 11 0.0249 0.9355 0.0396 
 H194.5_2003 11 0.1945 0.5616 0.2439 
 H194.6_2003 11 0.0608 0.8596 0.0796 
 H194.7_2003 11 0.0293 0.7884 0.1823 
 H194.8_2003 11 0.0165 0.8725 0.1110 
      H196.1 11 0.2825 0.6934 0.0241 
      H196.2 11 0.2158 0.6925 0.0916 
      H196.3 11 0.6721 0.2702 0.0577 
      H196.4 11 0.1137 0.8648 0.0215 
      H196.5 11 0.5945 0.3676 0.0379 
      H196.6 11 0.0402 0.9429 0.0169 
 H356.1_2001 11 0.0188 0.0784 0.9028 
 H356.1_2002 11 0.0165 0.0145 0.9690 
 H356.2_2001 11 0.0340 0.0505 0.9154 
 H356.2_2002 11 0.0357 0.0967 0.8676 
 H356.3_2001 11 0.0794 0.0698 0.8508 
 H356.3_2002 11 0.0518 0.0202 0.9280 
 H356.4_2001 11 0.0967 0.0391 0.8643 
 H356.4_2002 11 0.0202 0.0484 0.9314 
 H356.5_2001 11 0.0148 0.0489 0.9363 
 H356.5_2002 11 0.0218 0.0176 0.9606 
 H356.6_2001 11 0.0591 0.0271 0.9139 
 H356.6_2002 11 0.0272 0.0441 0.9287 
 H356.7_2001 11 0.0140 0.0498 0.9361 
 H356.7_2002 11 0.0213 0.1477 0.8310 
      H356.8 11 0.0180 0.3266 0.6554 
      H360.1 11 0.2080 0.0870 0.7050 
     H360.10 11 0.0419 0.0219 0.9362 
      H360.2 11 0.0177 0.0240 0.9584 
      H360.3 11 0.1437 0.1019 0.7543 
      H360.4 11 0.0252 0.0148 0.9601 
      H360.5 11 0.0402 0.0262 0.9336 
      H360.6 11 0.2730 0.0719 0.6551 
      H360.7 11 0.0245 0.0428 0.9328 
      H360.8 11 0.0353 0.0280 0.9366 
      H360.9 11 0.0234 0.0418 0.9348 
 H369.1_2001 11 0.2638 0.6786 0.0576 
 H369.1_2002 11 0.0674 0.9135 0.0191 
      H369.2 11 0.0231 0.9534 0.0235 
      H369.3 11 0.2306 0.7401 0.0293 
      H369.4 11 0.0562 0.8145 0.1293 
      H369.5 11 0.1053 0.8445 0.0502 
      H369.6 11 0.0469 0.9250 0.0282 
      H374.1 11 0.2474 0.6850 0.0676 
      H374.2 11 0.0239 0.9451 0.0310 
      H374.3 11 0.0329 0.9233 0.0437 
      H374.4 11 0.0998 0.8569 0.0433 
      H374.5 11 0.0637 0.8409 0.0954 
      H374.6 11 0.0792 0.8894 0.0314 
      H374.7 11 0.0767 0.8785 0.0448 
      H376.1 11 0.0195 0.0151 0.9653 
      H376.2 11 0.0184 0.0147 0.9669 
      H376.3 11 0.0221 0.0552 0.9226 
      H376.4 11 0.0118 0.0175 0.9707 
      H376.5 11 0.0156 0.0137 0.9707 
      H376.6 11 0.0261 0.0218 0.9521 
      H381.1 11 0.1130 0.1921 0.6948 
      H381.2 11 0.0398 0.6653 0.2950 
      H381.3 11 0.1866 0.1964 0.6169 
      H381.4 11 0.1127 0.4808 0.4065 
      H381.5 11 0.0322 0.9093 0.0586 
      H381.6 11 0.1555 0.1942 0.6503 
      H381.7 11 0.1107 0.5477 0.3416 
      H386.1 11 0.7863 0.1713 0.0424 
      H386.2 11 0.2383 0.6991 0.0626 
      H386.3 11 0.3902 0.4935 0.1163 
      H386.4 11 0.4310 0.3696 0.1995 
      H386.5 11 0.7596 0.1592 0.0813 
      H386.6 11 0.8242 0.0937 0.0821 
 H387.1_2001 11 0.0707 0.5585 0.3708 
 H387.2_2001 11 0.0300 0.2178 0.7522 
 H387.3_2001 11 0.0661 0.0657 0.8683 
 H387.4_2001 11 0.0523 0.5447 0.4031 
 H387.5_2001 11 0.0115 0.8228 0.1657 
 H387.6_2001 11 0.0128 0.7336 0.2536 
 H387.7_2001 11 0.0466 0.4504 0.5030 
      H387.9 11 0.1964 0.3821 0.4215 
      H392.1 11 0.0276 0.8445 0.1279 
      H392.2 11 0.1911 0.5399 0.2691 
      H392.3 11 0.0294 0.9073 0.0633 
      H392.4 11 0.0190 0.7877 0.1933 
      H392.5 11 0.2359 0.5027 0.2614 
      H392.6 11 0.0212 0.7835 0.1953 
      H392.7 11 0.1227 0.4095 0.4677 
 H393.1_2001 11 0.9369 0.0325 0.0306 
 H393.1_2002 11 0.2636 0.7086 0.0278 
 H393.2_2001 11 0.3437 0.6384 0.0180 
 H393.2_2002 11 0.4108 0.5607 0.0286 
 H393.3_2001 11 0.7483 0.2291 0.0226 
 H393.3_2002 11 0.4781 0.4734 0.0485 
 H393.4_2001 11 0.8807 0.0808 0.0385 
 H393.4_2002 11 0.7146 0.2656 0.0198 
      H393.5 11 0.8891 0.0411 0.0698 
      H393.7 11 0.9153 0.0371 0.0476 
      H393.8 11 0.8712 0.0301 0.0987 
      H393.9 11 0.3801 0.5633 0.0567 
      H394.1 11 0.1743 0.7138 0.1119 
      H394.2 11 0.1065 0.7675 0.1260 
      H394.3 11 0.5796 0.1559 0.2644 
      H394.4 11 0.0251 0.9650 0.0099 
      H394.5 11 0.8802 0.0886 0.0312 
      H394.6 11 0.1782 0.7782 0.0436 
      H394.7 11 0.0209 0.9624 0.0167 
      H394.8 11 0.8375 0.0946 0.0679 
      H394.9 11 0.0670 0.9175 0.0155 
      H412.1 11 0.0107 0.9752 0.0141 
      H412.2 11 0.0330 0.8585 0.1085 
      H412.3 11 0.0100 0.9254 0.0646 
      H412.4 11 0.0393 0.8858 0.0749 
      H412.5 11 0.0122 0.9766 0.0112 
      H412.6 11 0.0096 0.9748 0.0156 
      H412.7 11 0.0097 0.9655 0.0248 
      H412.8 11 0.0129 0.8487 0.1384 
      H412.9 11 0.0079 0.9796 0.0126 
        H439 11 0.2322 0.0959 0.6719 
      H439.1 11 0.2481 0.3566 0.3954 
      H439.2 11 0.0560 0.1693 0.7747 
      H439.3 11 0.1242 0.1214 0.7544 
      H439.4 11 0.3024 0.0883 0.6093 
      H439.5 11 0.1921 0.2473 0.5606 
      H439.6 11 0.0755 0.0600 0.8645 
      H439.7 11 0.2331 0.1800 0.5869 
      H439.8 11 0.1312 0.0770 0.7917 
      H439.9 11 0.0707 0.0219 0.9074 
 H441.1_2004 11 0.6252 0.3267 0.0481 
 H441.1_2005 11 0.0337 0.9273 0.0390 
 H441.2_2004 11 0.0552 0.8710 0.0738 
 H441.2_2005 11 0.0216 0.9584 0.0200 
 H441.3_2004 11 0.0410 0.8967 0.0623 
 H441.3_2005 11 0.0328 0.9254 0.0419 
 H441.4_2004 11 0.0535 0.9190 0.0274 
 H441.4_2005 11 0.0147 0.9641 0.0212 
 H441.5_2004 11 0.1810 0.7735 0.0455 
 H441.5_2005 11 0.0606 0.9118 0.0277 
 H441.6_2004 11 0.0209 0.8913 0.0878 
 H441.6_2005 11 0.0161 0.9560 0.0279 
 H441.7_2004 11 0.0441 0.9210 0.0350 
 H441.7_2005 11 0.0972 0.8572 0.0456 
 H441.8_2004 11 0.0256 0.9474 0.0270 
 H441.8_2005 11 0.0170 0.9649 0.0181 
 H441.9_2004 11 0.0883 0.2502 0.6615 
 H441.9_2005 11 0.0628 0.8937 0.0435 
 H442.1_2004 11 0.0097 0.1054 0.8850 
 H442.1_2005 11 0.0454 0.2412 0.7134 
 H442.2_2004 11 0.0238 0.1142 0.8621 
 H442.2_2005 11 0.0718 0.5326 0.3956 
 H442.3_2004 11 0.0305 0.1811 0.7885 
 H442.3_2005 11 0.0436 0.3038 0.6526 
 H442.4_2004 11 0.4200 0.2907 0.2893 
 H442.4_2005 11 0.0473 0.7376 0.2151 
 H442.5_2004 11 0.0223 0.4555 0.5222 
 H442.5_2005 11 0.0357 0.7016 0.2627 
 H442.6_2004 11 0.0131 0.3223 0.6646 
 H442.6_2005 11 0.0313 0.1154 0.8533 
      H442.7 11 0.0272 0.6979 0.2749 
      H442.8 11 0.0180 0.5835 0.3986 
      H442.9 11 0.0381 0.2068 0.7550 
      H446.1 11 0.0141 0.1658 0.8201 
      H446.2 11 0.0266 0.0838 0.8896 
      H446.3 11 0.1445 0.4257 0.4298 
      H446.4 11 0.0650 0.2444 0.6906 
      H446.5 11 0.0313 0.1981 0.7706 
      H446.6 11 0.0242 0.3691 0.6067 
      H446.7 11 0.0587 0.4833 0.4580 
      H447.1 11 0.0819 0.0316 0.8865 
      H447.2 11 0.3404 0.2241 0.4355 
      H447.3 11 0.0585 0.2122 0.7293 
      H447.4 11 0.1279 0.0725 0.7996 
      H447.5 11 0.0369 0.2857 0.6775 
      H447.6 11 0.5644 0.0632 0.3724 
      H447.7 11 0.0752 0.0788 0.8460 
      H447.8 11 0.0457 0.2575 0.6968 
      H447.9 11 0.0939 0.0705 0.8356 
      H448.1 11 0.0700 0.1576 0.7724 
      H448.2 11 0.0503 0.8618 0.0879 
      H448.3 11 0.0529 0.7860 0.1610 
      H448.4 11 0.0723 0.8386 0.0891 
      H586.1 11 0.0096 0.0143 0.9761 
