      H008.1  2 0.0116 0.0115 0.0158 0.0130 0.9358 0.0123 
      H008.2  2 0.4287 0.0461 0.1419 0.1171 0.2492 0.0171 
      H008.3  2 0.1484 0.1999 0.2658 0.1397 0.2041 0.0421 
      H008.4  2 0.0941 0.0140 0.0168 0.0219 0.8266 0.0266 
      H008.5  2 0.0253 0.0273 0.0233 0.0168 0.8884 0.0188 
      H008.6  2 0.2971 0.0164 0.0611 0.0825 0.5199 0.0230 
      H008.7  2 0.1581 0.0538 0.0543 0.0438 0.6539 0.0361 
      H008.8  2 0.2209 0.0243 0.0290 0.3108 0.3949 0.0201 
      H008.9  2 0.7665 0.0180 0.0261 0.1368 0.0347 0.0179 
 H029.1_2002  2 0.0240 0.0275 0.0093 0.0182 0.9042 0.0168 
 H029.1_2003  2 0.1303 0.0542 0.0432 0.0486 0.6975 0.0262 
 H029.2_2002  2 0.0245 0.0296 0.0297 0.0133 0.8884 0.0144 
 H029.2_2003  2 0.0890 0.0389 0.0963 0.0495 0.7148 0.0115 
 H029.3_2002  2 0.1960 0.1056 0.0435 0.0224 0.6181 0.0144 
 H029.3_2003  2 0.0162 0.0266 0.0176 0.0063 0.9190 0.0143 
 H029.4_2002  2 0.0179 0.0153 0.0078 0.0055 0.9422 0.0112 
 H029.4_2003  2 0.0730 0.0722 0.0327 0.0214 0.7817 0.0190 
 H029.5_2002  2 0.0118 0.0154 0.0080 0.0096 0.9401 0.0151 
 H029.5_2003  2 0.0430 0.0126 0.0159 0.0117 0.9064 0.0104 
 H029.6_2002  2 0.0422 0.0482 0.0100 0.0071 0.8810 0.0116 
 H029.6_2003  2 0.0218 0.0393 0.0615 0.0249 0.8229 0.0296 
      H029.7  2 0.0180 0.0195 0.0139 0.0122 0.9261 0.0104 
      H030.1  2 0.0095 0.8584 0.0467 0.0192 0.0388 0.0275 
      H030.2  2 0.0746 0.7060 0.0302 0.0166 0.1052 0.0675 
      H038.1  2 0.0310 0.0111 0.0076 0.0152 0.9276 0.0074 
      H038.2  2 0.0084 0.0104 0.0099 0.0059 0.9529 0.0126 
      H038.3  2 0.0323 0.0126 0.0205 0.0121 0.9044 0.0182 
      H038.4  2 0.0313 0.0093 0.0074 0.0114 0.9184 0.0222 
      H038.5  2 0.0486 0.0213 0.0179 0.0069 0.8945 0.0109 
      H038.6  2 0.0130 0.0147 0.0141 0.0081 0.9434 0.0066 
      H038.7  2 0.0127 0.0072 0.0100 0.0073 0.9553 0.0076 
      H038.8  2 0.0598 0.0151 0.0111 0.0078 0.8828 0.0234 
      H041.1  2 0.0392 0.1512 0.0215 0.0200 0.6600 0.1081 
      H041.2  2 0.0526 0.0575 0.0110 0.0188 0.4934 0.3667 
      H041.4  2 0.0503 0.0385 0.0160 0.0239 0.8370 0.0343 
      H041.6  2 0.0257 0.0390 0.0122 0.0390 0.8378 0.0463 
 H042.1_2002  2 0.0243 0.6581 0.0537 0.0868 0.0261 0.1511 
 H042.1_2003  2 0.3965 0.0463 0.1253 0.0932 0.1907 0.1481 
 H042.2_2002  2 0.0214 0.0394 0.0702 0.0080 0.8237 0.0373 
 H042.2_2003  2 0.0097 0.0275 0.0285 0.0351 0.3455 0.5537 
 H042.3_2002  2 0.0309 0.3609 0.2243 0.0374 0.0687 0.2778 
 H042.3_2003  2 0.0620 0.1053 0.1741 0.0302 0.4308 0.1975 
 H042.4_2002  2 0.0473 0.7458 0.0319 0.0318 0.0668 0.0765 
 H042.4_2003  2 0.0132 0.5026 0.0183 0.0974 0.2915 0.0770 
      H042.5  2 0.0066 0.8939 0.0218 0.0307 0.0219 0.0250 
      H042.6  2 0.0143 0.7819 0.0271 0.0618 0.0884 0.0266 
      H042.7  2 0.0073 0.2425 0.0287 0.0194 0.0880 0.6140 
      H042.8  2 0.0646 0.5605 0.0437 0.0352 0.1507 0.1453 
   H042_2002  2 0.0377 0.0173 0.0311 0.3376 0.4493 0.1270 
   H042_2003  2 0.0489 0.0154 0.0443 0.3473 0.4379 0.1062 
      H043.1  2 0.5678 0.0422 0.0855 0.0698 0.1936 0.0412 
      H043.2  2 0.5596 0.0079 0.0187 0.3297 0.0654 0.0187 
      H043.3  2 0.0724 0.0113 0.0428 0.0721 0.7842 0.0172 
      H043.4  2 0.1627 0.0115 0.0349 0.3722 0.3907 0.0280 
      H043.5  2 0.7297 0.0128 0.0199 0.0398 0.1742 0.0236 
      H043.6  2 0.4492 0.0114 0.0230 0.0662 0.4262 0.0239 
      H043.7  2 0.2240 0.0099 0.0181 0.6289 0.0902 0.0289 
      H043.8  2 0.4024 0.0419 0.0633 0.3111 0.1269 0.0543 
      H043.9  2 0.3046 0.0433 0.0574 0.0895 0.4778 0.0273 
      H047.1  2 0.0101 0.0085 0.0305 0.0259 0.9065 0.0185 
      H047.2  2 0.0125 0.0369 0.0699 0.0262 0.8134 0.0411 
      H047.3  2 0.0106 0.0247 0.0528 0.0327 0.8001 0.0791 
      H047.4  2 0.0080 0.0162 0.0169 0.0245 0.8266 0.1078 
      H047.5  2 0.0078 0.0122 0.0347 0.0409 0.8295 0.0751 
      H047.6  2 0.0280 0.0261 0.0570 0.0775 0.6755 0.1359 
      H047.7  2 0.0124 0.0095 0.0216 0.0123 0.9023 0.0419 
      H047.8  2 0.0206 0.0230 0.0893 0.0758 0.6951 0.0962 
      H047.9  2 0.0068 0.0108 0.0428 0.0228 0.8606 0.0562 
 H071.1_2002  2 0.0079 0.0099 0.0110 0.0115 0.9517 0.0079 
 H071.1_2003  2 0.0149 0.0289 0.0165 0.1982 0.7223 0.0193 
     H071.10  2 0.0124 0.0296 0.0104 0.0078 0.9315 0.0084 
 H071.2_2002  2 0.0143 0.0078 0.0096 0.0154 0.9434 0.0096 
 H071.2_2003  2 0.0051 0.0094 0.0070 0.0092 0.9642 0.0051 
      H071.3  2 0.0197 0.0181 0.0154 0.0089 0.9215 0.0164 
 H071.4_2002  2 0.0208 0.0117 0.0137 0.0108 0.9311 0.0119 
 H071.4_2003  2 0.0048 0.0076 0.0107 0.0062 0.9630 0.0076 
 H071.5_2002  2 0.0058 0.0126 0.0059 0.0091 0.9588 0.0078 
 H071.5_2003  2 0.0064 0.0093 0.0137 0.0167 0.9395 0.0143 
 H071.6_2002  2 0.0080 0.0087 0.0101 0.0107 0.9516 0.0108 
 H071.6_2003  2 0.0062 0.0141 0.0108 0.0130 0.9478 0.0081 
 H071.7_2002  2 0.0057 0.0065 0.0065 0.0101 0.9654 0.0058 
 H071.7_2003  2 0.0069 0.0121 0.0182 0.0136 0.9339 0.0154 
      H071.8  2 0.0086 0.0073 0.0079 0.0137 0.9548 0.0077 
      H071.9  2 0.0316 0.0137 0.0127 0.0182 0.9050 0.0189 
 H081.1_2002  2 0.0060 0.0103 0.0069 0.0111 0.9578 0.0079 
 H081.1_2003  2 0.7335 0.0570 0.0246 0.0812 0.0753 0.0285 
 H081.2_2002  2 0.0060 0.0080 0.0069 0.0213 0.9500 0.0079 
 H081.2_2003  2 0.0787 0.7281 0.0238 0.0869 0.0656 0.0171 
 H081.3_2002  2 0.0135 0.0123 0.0070 0.0215 0.9353 0.0104 
 H081.3_2003  2 0.2216 0.1781 0.0365 0.4862 0.0578 0.0197 
 H081.4_2002  2 0.0066 0.0116 0.0132 0.0102 0.9500 0.0084 
 H081.4_2003  2 0.0993 0.2649 0.0630 0.4788 0.0531 0.0409 
 H081.5_2002  2 0.0081 0.0138 0.0088 0.0133 0.9480 0.0080 
 H081.5_2003  2 0.0953 0.0901 0.0266 0.5990 0.1124 0.0765 
      H081.6  2 0.0074 0.0105 0.0111 0.0156 0.9468 0.0086 
      H081.7  2 0.0072 0.0158 0.0100 0.0341 0.9233 0.0096 
      H081.8  2 0.0302 0.0328 0.0131 0.0175 0.8902 0.0161 
      H083.1  2 0.0098 0.0291 0.0125 0.0068 0.9316 0.0102 
      H083.2  2 0.0084 0.0142 0.0102 0.0153 0.9454 0.0065 
      H083.4  2 0.0161 0.0165 0.0096 0.0088 0.9400 0.0089 
      H083.5  2 0.0232 0.0249 0.0083 0.0131 0.9187 0.0118 
      H083.6  2 0.0212 0.0476 0.0140 0.0091 0.8958 0.0124 
      H083.7  2 0.0182 0.0240 0.0110 0.0125 0.9206 0.0137 
      H083.8  2 0.0087 0.0104 0.0097 0.0101 0.9537 0.0073 
      H083.9  2 0.0105 0.0373 0.0082 0.0089 0.9240 0.0111 
      H084.1  2 0.4871 0.3802 0.0352 0.0150 0.0207 0.0617 
      H084.2  2 0.3805 0.5044 0.0518 0.0163 0.0273 0.0196 
      H084.3  2 0.5235 0.1137 0.0419 0.0181 0.0181 0.2847 
      H084.4  2 0.6563 0.0931 0.0334 0.0249 0.0185 0.1738 
      H084.5  2 0.4669 0.1094 0.0234 0.0258 0.0152 0.3593 
      H084.6  2 0.5847 0.1405 0.0150 0.0239 0.0151 0.2209 
      H084.7  2 0.2042 0.6650 0.0374 0.0123 0.0288 0.0522 
      H084.8  2 0.5353 0.1349 0.0169 0.0123 0.0110 0.2895 
 H085.1_2002  2 0.0347 0.1029 0.0095 0.5268 0.3110 0.0150 
 H085.1_2003  2 0.0394 0.1516 0.0227 0.0339 0.7270 0.0254 
 H085.2_2002  2 0.0550 0.1965 0.0138 0.6498 0.0589 0.0260 
 H085.2_2003  2 0.0229 0.1308 0.0294 0.0279 0.7711 0.0179 
 H085.3_2002  2 0.0080 0.0413 0.0096 0.8714 0.0359 0.0337 
 H085.3_2003  2 0.0097 0.0248 0.0253 0.0283 0.8911 0.0208 
 H085.4_2002  2 0.0567 0.0846 0.0175 0.5316 0.2894 0.0202 
 H085.4_2003  2 0.0093 0.0623 0.0127 0.0289 0.8257 0.0611 
 H085.5_2002  2 0.0075 0.0131 0.0095 0.8930 0.0556 0.0212 
 H085.5_2003  2 0.0133 0.1280 0.0176 0.0138 0.8156 0.0118 
 H085.6_2002  2 0.0202 0.0396 0.0115 0.8578 0.0525 0.0184 
 H085.6_2003  2 0.0139 0.0257 0.0306 0.3916 0.3093 0.2289 
 H085.7_2002  2 0.0165 0.1310 0.0135 0.7519 0.0715 0.0156 
 H085.7_2003  2 0.0133 0.0156 0.0159 0.0246 0.8943 0.0363 
 H085.8_2002  2 0.0191 0.0216 0.0204 0.8447 0.0432 0.0510 
 H085.8_2003  2 0.0196 0.4601 0.0263 0.0487 0.3843 0.0610 
      H085.9  2 0.0409 0.0606 0.0110 0.6118 0.2560 0.0197 
      H088.1  2 0.0290 0.8157 0.0505 0.0426 0.0291 0.0332 
      H088.2  2 0.0148 0.8266 0.0313 0.0577 0.0201 0.0495 
      H088.3  2 0.0170 0.8879 0.0186 0.0395 0.0149 0.0221 
      H088.4  2 0.0237 0.8693 0.0250 0.0161 0.0349 0.0310 
      H088.5  2 0.0169 0.9212 0.0184 0.0135 0.0139 0.0161 
      H088.6  2 0.0162 0.8648 0.0223 0.0134 0.0390 0.0443 
      H088.7  2 0.0412 0.5310 0.0323 0.0215 0.2915 0.0825 
      H088.8  2 0.0673 0.5533 0.0587 0.0230 0.2234 0.0744 
      H091.1  2 0.0113 0.8730 0.0316 0.0159 0.0344 0.0338 
      H091.2  2 0.0085 0.7319 0.0361 0.0162 0.1322 0.0750 
      H109.1  2 0.4702 0.1692 0.1255 0.0494 0.0998 0.0860 
      H109.2  2 0.0528 0.4298 0.0586 0.0276 0.2342 0.1971 
      H109.3  2 0.0619 0.0913 0.2542 0.0162 0.2416 0.3348 
      H109.4  2 0.3242 0.1405 0.1649 0.0394 0.1122 0.2188 
      H109.5  2 0.0091 0.0455 0.0303 0.0134 0.4902 0.4115 
      H109.6  2 0.2847 0.1998 0.0753 0.0798 0.1332 0.2272 
      H126.1  2 0.0297 0.0114 0.1718 0.6838 0.0417 0.0616 
      H126.2  2 0.0609 0.0172 0.0382 0.0839 0.7795 0.0203 
      H126.3  2 0.0325 0.0081 0.0283 0.0371 0.8795 0.0146 
      H126.4  2 0.0685 0.0308 0.2376 0.3081 0.3318 0.0231 
      H126.5  2 0.0107 0.0102 0.0627 0.2004 0.6889 0.0271 
      H126.6  2 0.0070 0.0103 0.0098 0.0315 0.9333 0.0081 
      H126.7  2 0.0060 0.0127 0.0172 0.0137 0.9426 0.0078 
      H130.1  2 0.0165 0.0481 0.0473 0.8542 0.0110 0.0229 
      H130.2  2 0.0431 0.6470 0.0702 0.1322 0.0740 0.0336 
      H130.3  2 0.0082 0.1623 0.7391 0.0435 0.0378 0.0091 
      H130.4  2 0.0619 0.0803 0.1397 0.6782 0.0169 0.0230 
      H130.5  2 0.0142 0.4782 0.0222 0.3921 0.0707 0.0225 
      H133.1  2 0.2973 0.1208 0.2650 0.1181 0.1475 0.0513 
      H133.2  2 0.0889 0.0893 0.0482 0.6814 0.0502 0.0421 
      H133.3  2 0.2034 0.0772 0.1398 0.1106 0.2968 0.1721 
      H133.4  2 0.5180 0.0628 0.1010 0.1553 0.0854 0.0774 
      H133.5  2 0.1202 0.1183 0.2837 0.4341 0.0274 0.0163 
      H133.6  2 0.0476 0.2233 0.0711 0.5765 0.0467 0.0347 
      H133.7  2 0.1593 0.0163 0.0376 0.0653 0.0794 0.6421 
      H133.8  2 0.3908 0.0482 0.1542 0.2664 0.0477 0.0927 
      H133.9  2 0.2193 0.1510 0.3790 0.0985 0.0978 0.0544 
      H147.1  2 0.0425 0.2660 0.0085 0.0715 0.4490 0.1623 
      H147.2  2 0.0098 0.0247 0.0079 0.0248 0.9202 0.0126 
      H147.3  2 0.0091 0.0230 0.0099 0.0298 0.9144 0.0138 
      H147.4  2 0.0438 0.0577 0.0107 0.0163 0.8536 0.0178 
      H147.5  2 0.0108 0.6084 0.0170 0.0211 0.3264 0.0163 
      H147.6  2 0.0156 0.6713 0.0285 0.0192 0.2364 0.0291 
      H147.7  2 0.0421 0.0485 0.0146 0.0157 0.8304 0.0488 
      H147.8  2 0.0539 0.4002 0.0101 0.0074 0.5143 0.0141 
      H147.9  2 0.0096 0.0215 0.0095 0.0176 0.9318 0.0100 
      H148.1  2 0.4391 0.1023 0.0301 0.2442 0.0186 0.1657 
      H148.2  2 0.4785 0.0345 0.0200 0.1516 0.0316 0.2837 
      H148.3  2 0.1354 0.0149 0.0140 0.0162 0.0164 0.8031 
      H148.4  2 0.4454 0.0213 0.0291 0.2073 0.0294 0.2675 
      H148.5  2 0.4169 0.0854 0.0371 0.0382 0.0225 0.3999 
      H148.6  2 0.5901 0.0454 0.0129 0.0427 0.0158 0.2930 
      H148.7  2 0.5166 0.0479 0.0834 0.0496 0.0160 0.2866 
      H148.8  2 0.3729 0.0288 0.0146 0.1258 0.0135 0.4445 
      H148.9  2 0.4814 0.0278 0.0744 0.1651 0.0149 0.2364 
   H166022.1  2 0.0134 0.9436 0.0066 0.0095 0.0154 0.0115 
   H166022.2  2 0.0233 0.8807 0.0181 0.0192 0.0306 0.0281 
   H166022.3  2 0.0090 0.9499 0.0146 0.0114 0.0064 0.0088 
   H166022.4  2 0.0101 0.9438 0.0213 0.0094 0.0073 0.0081 
   H166022.5  2 0.0091 0.9478 0.0129 0.0081 0.0111 0.0110 
   H166022.6  2 0.0159 0.9213 0.0161 0.0245 0.0085 0.0138 
   H166022.7  2 0.9278 0.0121 0.0240 0.0120 0.0130 0.0113 
   H166022.8  2 0.0112 0.8464 0.0154 0.0836 0.0224 0.0209 
   H167397.1  2 0.7227 0.0459 0.0100 0.0225 0.0620 0.1368 
   H167397.2  2 0.7402 0.0385 0.0203 0.1341 0.0367 0.0302 
   H167397.3  2 0.7632 0.0314 0.0115 0.0178 0.0953 0.0808 
   H167397.4  2 0.8914 0.0200 0.0171 0.0151 0.0308 0.0256 
   H167397.5  2 0.8983 0.0212 0.0119 0.0179 0.0243 0.0263 
   H167397.6  2 0.7293 0.0210 0.0205 0.0188 0.0862 0.1241 
   H167496.1  2 0.0135 0.3478 0.1203 0.0263 0.0340 0.4582 
   H167496.2  2 0.0480 0.0407 0.0436 0.0933 0.4214 0.3529 
   H167496.3  2 0.0152 0.2844 0.0757 0.4281 0.0812 0.1154 
   H167496.4  2 0.0082 0.9324 0.0149 0.0133 0.0212 0.0100 
   H167496.6  2 0.0104 0.8201 0.0432 0.0316 0.0638 0.0309 
   H167496.7  2 0.0127 0.0983 0.1310 0.1274 0.0323 0.5984 
   H167496.8  2 0.0170 0.7654 0.0213 0.0237 0.1220 0.0507 
   H167513.1  2 0.2851 0.0930 0.1645 0.3151 0.0590 0.0834 
   H167513.2  2 0.1860 0.0349 0.0774 0.1023 0.0294 0.5700 
   H167513.3  2 0.0268 0.3010 0.5549 0.0268 0.0226 0.0678 
   H167513.4  2 0.0541 0.5675 0.0959 0.0677 0.0293 0.1854 
   H167513.5  2 0.3417 0.0565 0.0464 0.2027 0.0688 0.2839 
   H167513.6  2 0.0872 0.2614 0.0717 0.2409 0.0739 0.2649 
   H167513.7  2 0.1654 0.5584 0.1491 0.0477 0.0511 0.0284 
   H167513.8  2 0.2916 0.1003 0.4759 0.0462 0.0351 0.0509 
   H167547.1  2 0.0388 0.0209 0.0239 0.0652 0.0113 0.8399 
   H167547.2  2 0.0189 0.0420 0.0144 0.0197 0.0112 0.8938 
   H167547.3  2 0.0178 0.0311 0.0131 0.0142 0.0105 0.9133 
   H167547.4  2 0.0716 0.5519 0.0661 0.1470 0.0157 0.1476 
   H167547.5  2 0.0132 0.1141 0.0162 0.0210 0.0148 0.8207 
   H167547.6  2 0.0141 0.1139 0.0173 0.0173 0.0148 0.8227 
   H167547.7  2 0.0830 0.0458 0.0507 0.5010 0.0416 0.2779 
   H169750.1  2 0.0255 0.1688 0.5291 0.1733 0.0440 0.0593 
   H169750.2  2 0.1664 0.0553 0.2282 0.1897 0.2229 0.1375 
   H169750.3  2 0.0123 0.1217 0.5715 0.1167 0.0839 0.0939 
   H169750.4  2 0.2374 0.0233 0.3302 0.2167 0.0647 0.1277 
   H169750.5  2 0.0341 0.2203 0.3557 0.1679 0.1793 0.0428 
   H169750.6  2 0.0270 0.0866 0.1152 0.0683 0.6778 0.0251 
   H169750.7  2 0.0495 0.0336 0.5029 0.1716 0.1015 0.1410 
   H171929.1  2 0.7495 0.0157 0.0156 0.1193 0.0284 0.0715 
  H171929.10  2 0.2234 0.2270 0.0230 0.1413 0.1080 0.2774 
  H171929.11  2 0.5596 0.0411 0.0524 0.1172 0.0454 0.1843 
   H171929.2  2 0.0767 0.0430 0.1267 0.1635 0.0324 0.5577 
   H171929.3  2 0.3597 0.0575 0.0707 0.0629 0.0511 0.3981 
   H171929.4  2 0.0141 0.2409 0.1246 0.4295 0.0812 0.1097 
   H171929.5  2 0.4863 0.0799 0.0870 0.0676 0.0402 0.2391 
   H171929.6  2 0.6794 0.0347 0.0495 0.0704 0.0165 0.1493 
   H171929.7  2 0.0452 0.0219 0.0562 0.7402 0.0665 0.0700 
   H171929.8  2 0.0306 0.0449 0.0305 0.7572 0.0336 0.1033 
   H171929.9  2 0.0131 0.1776 0.0261 0.7013 0.0522 0.0296 
   H171930.1  2 0.2002 0.0716 0.4412 0.0128 0.0479 0.2263 
   H171930.2  2 0.0252 0.6798 0.1130 0.0308 0.0375 0.1137 
   H171930.3  2 0.4483 0.1106 0.2545 0.0111 0.0214 0.1541 
   H171930.4  2 0.0612 0.5554 0.2187 0.0107 0.0190 0.1349 
   H171930.5  2 0.0731 0.2458 0.3642 0.0415 0.1446 0.1308 
   H171930.6  2 0.0210 0.3034 0.3485 0.0100 0.1540 0.1631 
   H171930.7  2 0.8594 0.0406 0.0249 0.0131 0.0195 0.0424 
   H171930.8  2 0.7652 0.0718 0.0257 0.0157 0.0263 0.0954 
   H171933.1  2 0.0195 0.9346 0.0097 0.0106 0.0095 0.0162 
   H171933.2  2 0.0387 0.8437 0.0125 0.0242 0.0227 0.0583 
   H171933.3  2 0.0122 0.8952 0.0155 0.0177 0.0079 0.0515 
   H171933.4  2 0.0076 0.8993 0.0200 0.0309 0.0084 0.0337 
   H171933.5  2 0.0129 0.5183 0.1535 0.0681 0.0104 0.2368 
   H171933.6  2 0.0076 0.9046 0.0140 0.0099 0.0465 0.0175 
   H171933.7  2 0.0142 0.8835 0.0329 0.0358 0.0131 0.0205 
   H171933.8  2 0.0328 0.8013 0.0170 0.0610 0.0141 0.0738 
   H171933.9  2 0.0059 0.9518 0.0165 0.0099 0.0081 0.0077 
      H190.1  2 0.0128 0.2236 0.6069 0.0466 0.0349 0.0751 
      H190.2  2 0.0086 0.0156 0.0152 0.0429 0.0928 0.8248 
      H190.3  2 0.0159 0.0526 0.0565 0.1204 0.0519 0.7028 
      H190.4  2 0.0134 0.7876 0.0993 0.0423 0.0143 0.0431 
      H190.5  2 0.0106 0.0211 0.0574 0.0671 0.2619 0.5820 
      H190.6  2 0.0136 0.7579 0.1035 0.0378 0.0202 0.0670 
      H190.7  2 0.0207 0.0751 0.0247 0.7197 0.0188 0.1410 
      H190.8  2 0.0109 0.0392 0.1087 0.1072 0.1458 0.5882 
      H190.9  2 0.0248 0.0420 0.0570 0.3369 0.0349 0.5043 
      H400.1  2 0.0089 0.9459 0.0113 0.0138 0.0124 0.0076 
      H400.2  2 0.0139 0.9275 0.0101 0.0079 0.0301 0.0105 
      H400.3  2 0.0162 0.8956 0.0309 0.0195 0.0184 0.0195 
      H400.4  2 0.0090 0.9275 0.0119 0.0108 0.0215 0.0194 
      H400.5  2 0.0143 0.9281 0.0160 0.0109 0.0166 0.0141 
      H400.6  2 0.0063 0.9387 0.0086 0.0143 0.0213 0.0108 
      H400.7  2 0.0062 0.9530 0.0090 0.0109 0.0076 0.0133 
 H428.1_2005  2 0.0167 0.9031 0.0221 0.0167 0.0271 0.0143 
 H428.1_2006  2 0.0078 0.8855 0.0133 0.0189 0.0577 0.0169 
 H428.2_2005  2 0.0152 0.9392 0.0097 0.0146 0.0089 0.0123 
 H428.2_2006  2 0.0143 0.9040 0.0119 0.0087 0.0513 0.0097 
 H428.3_2005  2 0.0060 0.9521 0.0154 0.0092 0.0086 0.0087 
 H428.3_2006  2 0.0152 0.8995 0.0181 0.0161 0.0401 0.0110 
 H428.4_2005  2 0.0101 0.9404 0.0185 0.0076 0.0112 0.0122 
 H428.4_2006  2 0.0087 0.9444 0.0108 0.0126 0.0155 0.0079 
 H428.5_2005  2 0.0311 0.9230 0.0069 0.0112 0.0200 0.0078 
 H428.6_2005  2 0.0069 0.9040 0.0261 0.0217 0.0306 0.0106 
 H428.6_2006  2 0.0246 0.9078 0.0229 0.0119 0.0260 0.0067 
      H428.7  2 0.0080 0.9559 0.0102 0.0081 0.0119 0.0059 
      H428.8  2 0.0182 0.9344 0.0143 0.0069 0.0181 0.0080 
      H428.9  2 0.0172 0.9477 0.0072 0.0082 0.0118 0.0079 
      H453.1  2 0.0106 0.8984 0.0193 0.0133 0.0474 0.0110 
      H453.2  2 0.0108 0.9157 0.0240 0.0209 0.0144 0.0141 
      H453.3  2 0.0069 0.9251 0.0124 0.0309 0.0111 0.0135 
      H453.4  2 0.0068 0.9350 0.0174 0.0156 0.0142 0.0110 
      H453.5  2 0.0090 0.9289 0.0183 0.0086 0.0247 0.0106 
      H453.6  2 0.0068 0.9419 0.0129 0.0070 0.0239 0.0075 
      H453.7  2 0.0093 0.1155 0.0149 0.7073 0.1248 0.0283 
      H453.8  2 0.0193 0.5239 0.0470 0.2153 0.1026 0.0919 
      H453.9  2 0.0116 0.4875 0.0271 0.1062 0.3576 0.0100 
      H512.1  2 0.0073 0.8976 0.0472 0.0201 0.0128 0.0150 
     H512.10  2 0.1245 0.4359 0.2905 0.0455 0.0514 0.0521 
      H512.2  2 0.0294 0.4466 0.2611 0.0668 0.0381 0.1581 
      H512.3  2 0.0269 0.1000 0.7959 0.0182 0.0193 0.0397 
      H512.4  2 0.0465 0.6825 0.0401 0.0465 0.1114 0.0730 
      H512.5  2 0.0278 0.0326 0.8830 0.0168 0.0177 0.0222 
      H512.6  2 0.0135 0.1784 0.5854 0.0888 0.0298 0.1040 
      H512.7  2 0.0272 0.0908 0.8204 0.0155 0.0269 0.0194 
      H512.8  2 0.0187 0.1590 0.2583 0.0382 0.0213 0.5044 
      H512.9  2 0.0259 0.2175 0.6609 0.0493 0.0301 0.0163 
      H513.1  2 0.0103 0.9499 0.0068 0.0081 0.0170 0.0081 
      H513.2  2 0.0119 0.9480 0.0067 0.0117 0.0128 0.0090 
      H513.3  2 0.0066 0.9554 0.0110 0.0108 0.0096 0.0066 
      H513.4  2 0.0066 0.9159 0.0146 0.0102 0.0372 0.0155 
      H513.5  2 0.0098 0.9493 0.0117 0.0101 0.0108 0.0082 
      H513.6  2 0.2195 0.7156 0.0163 0.0160 0.0160 0.0166 
      H532.1  2 0.0274 0.2442 0.0609 0.0233 0.6129 0.0314 
      H532.2  2 0.0151 0.8763 0.0101 0.0287 0.0439 0.0259 
      H532.3  2 0.0104 0.8683 0.0219 0.0333 0.0408 0.0253 
      H532.4  2 0.0235 0.2331 0.0179 0.0845 0.6237 0.0172 
      H532.5  2 0.0402 0.8163 0.0265 0.0221 0.0701 0.0247 
      H532.6  2 0.0197 0.6700 0.0269 0.0455 0.2231 0.0147 
      H532.7  2 0.0240 0.2569 0.0377 0.0142 0.6499 0.0173 
      H532.8  2 0.0428 0.1795 0.0487 0.0233 0.6476 0.0580 
      H543.1  2 0.9479 0.0195 0.0081 0.0087 0.0070 0.0087 
      H543.2  2 0.9012 0.0475 0.0117 0.0135 0.0088 0.0173 
      H543.3  2 0.9467 0.0155 0.0088 0.0117 0.0092 0.0081 
      H543.4  2 0.9511 0.0114 0.0072 0.0105 0.0067 0.0130 
      H543.5  2 0.9596 0.0092 0.0074 0.0085 0.0074 0.0079 
      H543.6  2 0.9399 0.0168 0.0092 0.0185 0.0071 0.0086 
      H543.7  2 0.9716 0.0057 0.0049 0.0064 0.0053 0.0061 
      H543.8  2 0.9255 0.0223 0.0086 0.0151 0.0200 0.0085 
      H543.9  2 0.9520 0.0102 0.0082 0.0113 0.0083 0.0099 
 H545.1_2005  2 0.9732 0.0048 0.0055 0.0056 0.0059 0.0050 
 H545.1_2006  2 0.9623 0.0067 0.0061 0.0066 0.0093 0.0090 
 H545.2_2005  2 0.9392 0.0075 0.0186 0.0103 0.0125 0.0120 
 H545.2_2006  2 0.9709 0.0068 0.0059 0.0051 0.0064 0.0049 
 H545.3_2005  2 0.9351 0.0106 0.0194 0.0115 0.0086 0.0148 
 H545.3_2006  2 0.9633 0.0071 0.0063 0.0054 0.0121 0.0059 
 H545.4_2005  2 0.9453 0.0075 0.0100 0.0121 0.0112 0.0139 
 H545.4_2006  2 0.9555 0.0078 0.0100 0.0085 0.0072 0.0110 
 H545.5_2005  2 0.9535 0.0096 0.0088 0.0079 0.0123 0.0079 
 H545.5_2006  2 0.9527 0.0113 0.0101 0.0084 0.0063 0.0112 
 H545.6_2005  2 0.9719 0.0055 0.0062 0.0058 0.0061 0.0045 
 H545.6_2006  2 0.9650 0.0074 0.0074 0.0076 0.0059 0.0069 
 H545.7_2005  2 0.9688 0.0078 0.0061 0.0052 0.0069 0.0052 
 H545.7_2006  2 0.9550 0.0100 0.0092 0.0076 0.0107 0.0076 
 H545.8_2005  2 0.9362 0.0162 0.0093 0.0124 0.0139 0.0120 
 H545.8_2006  2 0.9697 0.0065 0.0053 0.0065 0.0062 0.0059 
      H545.9  2 0.9589 0.0071 0.0102 0.0095 0.0059 0.0084 
      H547.1  2 0.0118 0.9051 0.0250 0.0249 0.0096 0.0236 
      H547.2  2 0.0154 0.6129 0.0078 0.0203 0.0160 0.3276 
      H547.3  2 0.0259 0.6405 0.0462 0.0926 0.0097 0.1851 
      H547.4  2 0.0168 0.5567 0.0326 0.0461 0.0339 0.3139 
      H547.5  2 0.0085 0.6141 0.0158 0.0230 0.0066 0.3321 
      H547.6  2 0.0344 0.8957 0.0155 0.0200 0.0103 0.0241 
      H547.7  2 0.0493 0.7430 0.0459 0.0653 0.0148 0.0816 
      H547.8  2 0.0199 0.8799 0.0212 0.0336 0.0077 0.0378 
      H548.1  2 0.9606 0.0081 0.0089 0.0072 0.0074 0.0078 
      H548.2  2 0.9573 0.0080 0.0095 0.0087 0.0063 0.0102 
      H548.3  2 0.9571 0.0085 0.0092 0.0100 0.0083 0.0068 
      H548.4  2 0.9046 0.0108 0.0257 0.0178 0.0229 0.0184 
      H548.5  2 0.9652 0.0060 0.0067 0.0060 0.0082 0.0079 
      H548.6  2 0.9596 0.0070 0.0123 0.0056 0.0070 0.0084 
      H548.7  2 0.9584 0.0072 0.0074 0.0090 0.0091 0.0090 
      H548.8  2 0.9607 0.0064 0.0075 0.0083 0.0100 0.0071 
      H548.9  2 0.9371 0.0123 0.0134 0.0158 0.0110 0.0105 
     H7389.1  2 0.0131 0.9374 0.0125 0.0135 0.0116 0.0118 
     H7389.2  2 0.0400 0.9180 0.0092 0.0072 0.0133 0.0123 
     H7389.3  2 0.0188 0.9312 0.0098 0.0074 0.0165 0.0163 
     H7389.4  2 0.0575 0.8642 0.0159 0.0128 0.0423 0.0072 
     H7389.5  2 0.0303 0.8952 0.0252 0.0228 0.0172 0.0093 
     H7389.6  2 0.0208 0.8763 0.0472 0.0054 0.0409 0.0094 
     H7389.7  2 0.0587 0.8675 0.0177 0.0102 0.0285 0.0173 
     H7389.8  2 0.3703 0.5350 0.0257 0.0256 0.0262 0.0173 
     H7389.9  2 0.0404 0.9046 0.0110 0.0092 0.0270 0.0077 
      H747.1  2 0.0295 0.0675 0.6672 0.0609 0.0295 0.1454 
      H747.2  2 0.0421 0.0189 0.8295 0.0251 0.0164 0.0680 
      H747.3  2 0.0188 0.0361 0.8524 0.0386 0.0181 0.0359 
      H747.4  2 0.0102 0.0168 0.7999 0.0160 0.0197 0.1374 
      H747.5  2 0.0138 0.0203 0.9066 0.0134 0.0132 0.0327 
      H747.6  2 0.1774 0.0568 0.4994 0.0532 0.0233 0.1898 
      H747.7  2 0.0325 0.0395 0.8187 0.0562 0.0148 0.0382 
     H7484.1  2 0.0146 0.0539 0.0286 0.0885 0.7890 0.0254 
     H7484.2  2 0.0152 0.0369 0.0404 0.3058 0.5220 0.0797 
     H7484.3  2 0.0222 0.0290 0.0570 0.1272 0.6842 0.0804 
     H7484.4  2 0.0099 0.0562 0.0221 0.2420 0.6385 0.0314 
     H7484.5  2 0.0207 0.0329 0.0453 0.0610 0.8045 0.0355 
     H7484.6  2 0.0218 0.0325 0.6383 0.1181 0.1134 0.0760 
     H7484.7  2 0.0123 0.0233 0.0970 0.4614 0.3871 0.0189 
     H7484.8  2 0.0098 0.1962 0.0730 0.1079 0.5725 0.0406 
     H7485.1  2 0.9391 0.0111 0.0084 0.0161 0.0132 0.0121 
     H7485.2  2 0.9623 0.0090 0.0054 0.0076 0.0108 0.0049 
     H7485.3  2 0.9649 0.0068 0.0070 0.0059 0.0079 0.0076 
     H7485.4  2 0.9660 0.0080 0.0052 0.0082 0.0075 0.0051 
     H7485.5  2 0.9419 0.0122 0.0094 0.0153 0.0132 0.0079 
     H7485.6  2 0.9247 0.0128 0.0074 0.0241 0.0204 0.0107 
     H7485.7  2 0.9513 0.0073 0.0091 0.0099 0.0121 0.0104 
     H7496.1  2 0.0077 0.8456 0.0263 0.0198 0.0607 0.0398 
    H7496.10  2 0.0091 0.9199 0.0093 0.0169 0.0314 0.0134 
    H7496.11  2 0.8066 0.0322 0.0329 0.0108 0.0927 0.0248 
     H7496.2  2 0.0120 0.8781 0.0255 0.0263 0.0361 0.0220 
     H7496.3  2 0.0198 0.2557 0.0286 0.0962 0.5467 0.0528 
     H7496.4  2 0.0109 0.9182 0.0139 0.0163 0.0207 0.0200 
     H7496.5  2 0.0102 0.8587 0.0328 0.0160 0.0357 0.0466 
     H7496.6  2 0.0070 0.8826 0.0406 0.0147 0.0281 0.0271 
     H7496.7  2 0.0091 0.9278 0.0121 0.0205 0.0205 0.0100 
     H7496.8  2 0.0232 0.6616 0.0208 0.1190 0.0865 0.0889 
        UNK4  2 0.0989 0.7181 0.0431 0.0482 0.0361 0.0557 
        UNK5  2 0.0616 0.7694 0.0116 0.0405 0.0715 0.0454 
        UNK6  2 0.0378 0.8375 0.0188 0.0215 0.0319 0.0526 
        UNK7  2 0.1208 0.7977 0.0096 0.0188 0.0229 0.0301 
        UNK8  2 0.1638 0.7556 0.0092 0.0400 0.0194 0.0120 
        UNK9  2 0.2393 0.5167 0.0344 0.0095 0.1783 0.0218 
      H009.1  4 0.0074 0.0092 0.0276 0.9347 0.0093 0.0118 
      H009.2  4 0.0107 0.0180 0.0758 0.8702 0.0107 0.0147 
      H009.3  4 0.0078 0.0094 0.0224 0.9380 0.0099 0.0126 
      H009.4  4 0.0158 0.0184 0.1109 0.8233 0.0135 0.0181 
      H009.5  4 0.0318 0.0087 0.0379 0.8974 0.0146 0.0095 
      H009.6  4 0.0100 0.0106 0.0172 0.9263 0.0154 0.0205 
      H046.4  4 0.0986 0.1275 0.1861 0.1552 0.3830 0.0496 
      H046.8  4 0.0888 0.0403 0.2125 0.1349 0.1046 0.4189 
 H076.1_2002  4 0.0137 0.0153 0.0133 0.0093 0.0094 0.9390 
 H076.1_2003  4 0.0106 0.0057 0.0083 0.0067 0.0086 0.9601 
 H076.1_2004  4 0.0090 0.0080 0.0093 0.0110 0.0101 0.9527 
 H076.2_2002  4 0.0127 0.0139 0.0129 0.0100 0.0099 0.9405 
 H076.2_2003  4 0.0127 0.0070 0.0073 0.0118 0.0069 0.9542 
 H076.2_2004  4 0.0177 0.0279 0.0388 0.0403 0.0197 0.8557 
 H076.3_2002  4 0.0171 0.0249 0.2247 0.2221 0.0561 0.4551 
 H076.3_2003  4 0.0196 0.0096 0.0115 0.0087 0.0091 0.9416 
 H076.3_2004  4 0.0107 0.0129 0.0072 0.0119 0.0082 0.9491 
 H076.4_2002  4 0.0125 0.0290 0.0365 0.0535 0.0200 0.8485 
 H076.4_2003  4 0.0122 0.0086 0.0188 0.0162 0.0084 0.9358 
 H076.4_2004  4 0.0221 0.0386 0.1402 0.1485 0.0292 0.6214 
 H076.5_2002  4 0.0087 0.0264 0.0181 0.0150 0.0160 0.9158 
 H076.5_2003  4 0.0632 0.0113 0.0169 0.0157 0.0079 0.8850 
 H076.5_2004  4 0.0139 0.0403 0.0144 0.0653 0.0205 0.8456 
 H076.6_2002  4 0.0151 0.0095 0.0089 0.0134 0.0111 0.9421 
 H076.6_2003  4 0.0363 0.0228 0.0120 0.0133 0.0069 0.9085 
 H076.6_2004  4 0.0107 0.0097 0.0172 0.0235 0.0091 0.9297 
 H076.7_2002  4 0.0259 0.0934 0.1483 0.2746 0.0446 0.4131 
 H076.7_2003  4 0.0329 0.0216 0.0260 0.0141 0.0095 0.8959 
 H076.7_2004  4 0.0152 0.0110 0.0476 0.0312 0.0192 0.8758 
      H477.1  4 0.0151 0.3135 0.6349 0.0114 0.0116 0.0136 
      H477.2  4 0.0079 0.0570 0.8837 0.0151 0.0116 0.0247 
      H477.3  4 0.0321 0.1371 0.7615 0.0241 0.0341 0.0111 
      H477.4  4 0.1259 0.2110 0.6055 0.0274 0.0173 0.0130 
      H477.5  4 0.0534 0.0720 0.7609 0.0577 0.0215 0.0346 
      H477.6  4 0.0286 0.0298 0.8849 0.0203 0.0174 0.0190 
      H477.7  4 0.1995 0.2910 0.4244 0.0406 0.0147 0.0298 
 H479.1_2005  4 0.0176 0.1479 0.1719 0.0500 0.6013 0.0113 
 H479.1_2006  4 0.0507 0.0185 0.6685 0.0306 0.1307 0.1010 
     H479.10  4 0.0190 0.0227 0.2751 0.0206 0.6169 0.0456 
 H479.2_2005  4 0.0254 0.0944 0.0384 0.2295 0.5807 0.0315 
 H479.2_2006  4 0.0356 0.0353 0.7896 0.0220 0.1091 0.0084 
 H479.3_2005  4 0.0110 0.0920 0.5800 0.0132 0.2766 0.0273 
 H479.3_2006  4 0.0115 0.0864 0.7507 0.0199 0.0840 0.0475 
 H479.4_2005  4 0.0205 0.0305 0.7603 0.0280 0.1176 0.0431 
 H479.4_2006  4 0.0135 0.0684 0.2362 0.0175 0.6486 0.0158 
 H479.5_2005  4 0.0173 0.0291 0.0239 0.0482 0.8347 0.0468 
 H479.5_2006  4 0.0109 0.0362 0.7101 0.0157 0.2156 0.0115 
 H479.6_2005  4 0.0600 0.0347 0.6222 0.0318 0.0900 0.1613 
 H479.6_2006  4 0.0258 0.1122 0.0678 0.0131 0.7694 0.0116 
 H479.7_2005  4 0.0297 0.5187 0.2386 0.0615 0.1140 0.0374 
 H479.7_2006  4 0.0241 0.1033 0.6111 0.0164 0.2238 0.0212 
 H479.8_2005  4 0.0241 0.6806 0.1218 0.0131 0.1456 0.0148 
 H479.8_2006  4 0.0492 0.0085 0.5013 0.0194 0.2506 0.1711 
      H479.9  4 0.0099 0.0071 0.8968 0.0127 0.0411 0.0324 
      H516.1  4 0.0159 0.0318 0.5032 0.1940 0.0237 0.2314 
      H516.2  4 0.0124 0.0088 0.9233 0.0267 0.0170 0.0117 
      H516.3  4 0.0126 0.0102 0.7993 0.1269 0.0164 0.0346 
      H516.4  4 0.0132 0.0085 0.8762 0.0439 0.0227 0.0355 
      H516.5  4 0.0362 0.0143 0.8026 0.0630 0.0149 0.0690 
      H516.6  4 0.0143 0.0074 0.9447 0.0158 0.0086 0.0093 
      H516.7  4 0.0116 0.0165 0.8924 0.0095 0.0221 0.0479 
      H516.8  4 0.0154 0.0138 0.7495 0.1533 0.0161 0.0518 
      H516.9  4 0.0076 0.0124 0.9251 0.0155 0.0210 0.0183 
      H646.1  4 0.0093 0.0199 0.4404 0.3179 0.0182 0.1944 
      H646.2  4 0.0055 0.0142 0.5277 0.2464 0.0072 0.1990 
      H646.3  4 0.0083 0.0115 0.5829 0.3219 0.0152 0.0603 
      H646.4  4 0.0138 0.0384 0.4141 0.1358 0.0130 0.3850 
      H646.5  4 0.0088 0.0119 0.7991 0.0901 0.0207 0.0694 
      H658.1  4 0.0458 0.0125 0.8654 0.0440 0.0122 0.0202 
     H658.10  4 0.0069 0.0112 0.9494 0.0163 0.0076 0.0086 
      H658.2  4 0.0345 0.0101 0.8891 0.0293 0.0145 0.0224 
      H658.3  4 0.0145 0.0165 0.9188 0.0181 0.0182 0.0139 
      H658.4  4 0.0097 0.0121 0.9177 0.0241 0.0234 0.0130 
      H658.5  4 0.0045 0.0093 0.9634 0.0079 0.0084 0.0065 
      H658.6  4 0.0110 0.0114 0.9178 0.0279 0.0147 0.0173 
      H658.7  4 0.0152 0.0139 0.8806 0.0358 0.0198 0.0347 
      H658.8  4 0.0322 0.0142 0.7305 0.1428 0.0108 0.0694 
      H658.9  4 0.0140 0.0087 0.9188 0.0199 0.0201 0.0184 
      H682.1  4 0.0148 0.1151 0.1810 0.0843 0.5179 0.0869 
      H682.6  4 0.0249 0.0979 0.1400 0.3733 0.2343 0.1296 
      H720.1  4 0.0112 0.1952 0.4607 0.0193 0.0570 0.2567 
      H720.2  4 0.0135 0.1053 0.7213 0.0366 0.0317 0.0915 
      H720.3  4 0.0125 0.0248 0.0989 0.0249 0.0771 0.7617 
      H720.4  4 0.0213 0.0339 0.7356 0.0204 0.0723 0.1165 
      H720.5  4 0.0589 0.0532 0.1171 0.0330 0.1966 0.5412 
      H720.6  4 0.0658 0.0422 0.1393 0.0348 0.1579 0.5600 
      H720.7  4 0.0132 0.1079 0.7935 0.0342 0.0297 0.0214 
      H720.8  4 0.0104 0.1203 0.0765 0.0342 0.3254 0.4333 
      H720.9  4 0.0126 0.0254 0.0458 0.2127 0.5710 0.1325 
      H724.1  4 0.0194 0.0140 0.0100 0.0280 0.0253 0.9033 
      H724.2  4 0.0291 0.0704 0.0235 0.0277 0.0301 0.8192 
      H724.3  4 0.0085 0.0730 0.5471 0.0464 0.1741 0.1510 
      H724.4  4 0.0145 0.0135 0.0435 0.0338 0.0631 0.8316 
      H724.5  4 0.0078 0.0582 0.2767 0.0868 0.4274 0.1431 
      H724.6  4 0.0248 0.0207 0.0169 0.0225 0.0167 0.8983 
      H725.1  4 0.0110 0.0220 0.0415 0.2101 0.6096 0.1058 
      H725.2  4 0.0162 0.0825 0.0566 0.8027 0.0257 0.0164 
      H725.3  4 0.0364 0.0549 0.1866 0.6173 0.0809 0.0239 
      H725.4  4 0.2201 0.1461 0.0211 0.3208 0.2422 0.0498 
      H725.5  4 0.0134 0.7539 0.1593 0.0129 0.0149 0.0457 
      H725.6  4 0.0445 0.0341 0.4845 0.0432 0.0475 0.3462 
      H725.7  4 0.0217 0.0202 0.1108 0.1155 0.5492 0.1826 
      H725.8  4 0.2560 0.0179 0.3088 0.1132 0.0849 0.2192 
      H726.1  4 0.0131 0.0108 0.9056 0.0318 0.0077 0.0309 
      H726.2  4 0.0131 0.0338 0.8626 0.0239 0.0176 0.0490 
      H726.3  4 0.0389 0.0386 0.6230 0.1867 0.0119 0.1009 
      H726.4  4 0.0126 0.0082 0.9439 0.0107 0.0126 0.0120 
      H726.5  4 0.0095 0.0082 0.8995 0.0302 0.0230 0.0295 
        UNK1  4 0.0447 0.2004 0.2885 0.3756 0.0422 0.0486 
        UNK2  4 0.0239 0.0217 0.0684 0.5237 0.3375 0.0249 
        UNK3  4 0.0330 0.1654 0.3531 0.3630 0.0527 0.0330 
      H016.1  5 0.6436 0.0349 0.0609 0.0409 0.1309 0.0888 
      H016.2  5 0.2034 0.0163 0.0131 0.0288 0.7170 0.0215 
      H016.3  5 0.2284 0.0274 0.2606 0.0776 0.0256 0.3804 
      H016.4  5 0.1755 0.0251 0.0186 0.0292 0.7276 0.0239 
 H017.1_2002  5 0.0192 0.0416 0.2300 0.5727 0.0118 0.1248 
 H017.1_2003  5 0.1761 0.0835 0.6875 0.0211 0.0153 0.0165 
 H017.2_2002  5 0.0176 0.0217 0.0702 0.1971 0.0276 0.6658 
 H017.2_2003  5 0.0138 0.0074 0.9441 0.0149 0.0118 0.0079 
 H017.3_2002  5 0.4651 0.0303 0.0694 0.3862 0.0210 0.0281 
 H017.3_2003  5 0.0318 0.0327 0.0275 0.8461 0.0105 0.0513 
 H017.4_2002  5 0.1211 0.0320 0.0137 0.7794 0.0301 0.0237 
 H017.4_2003  5 0.1247 0.0094 0.7181 0.1126 0.0203 0.0149 
 H017.5_2002  5 0.8710 0.0084 0.0167 0.0758 0.0119 0.0161 
 H017.5_2003  5 0.0256 0.0113 0.8491 0.0902 0.0112 0.0126 
 H017.6_2002  5 0.0780 0.0759 0.0144 0.7038 0.0127 0.1152 
 H017.6_2003  5 0.0108 0.0238 0.8359 0.0632 0.0121 0.0541 
 H017.7_2002  5 0.2033 0.0556 0.0266 0.5539 0.0429 0.1177 
 H017.7_2003  5 0.0146 0.0096 0.9336 0.0250 0.0087 0.0084 
      H017.8  5 0.1243 0.0300 0.1210 0.6676 0.0171 0.0399 
      H017.9  5 0.4553 0.0485 0.0564 0.3554 0.0344 0.0500 
      H032.1  5 0.0210 0.0120 0.9305 0.0112 0.0099 0.0154 
      H032.2  5 0.0288 0.0080 0.9399 0.0061 0.0091 0.0081 
      H032.3  5 0.0200 0.0092 0.9337 0.0091 0.0165 0.0115 
      H032.4  5 0.0417 0.0066 0.9026 0.0234 0.0161 0.0095 
      H032.5  5 0.0176 0.0104 0.9276 0.0166 0.0131 0.0148 
      H032.6  5 0.0117 0.0096 0.9361 0.0145 0.0125 0.0156 
      H032.7  5 0.0354 0.0273 0.8439 0.0301 0.0138 0.0495 
 H034.1_2002  5 0.0164 0.0154 0.0252 0.8578 0.0400 0.0453 
 H034.1_2003  5 0.0076 0.0170 0.0237 0.8444 0.0123 0.0950 
 H034.2_2002  5 0.0903 0.0140 0.0212 0.7527 0.0630 0.0588 
 H034.2_2003  5 0.0090 0.0250 0.0174 0.8268 0.0154 0.1064 
 H034.3_2002  5 0.0735 0.0129 0.0215 0.8327 0.0317 0.0276 
 H034.3_2003  5 0.0103 0.0251 0.0178 0.8841 0.0101 0.0525 
 H034.4_2002  5 0.0227 0.0233 0.0139 0.4986 0.0343 0.4072 
 H034.4_2003  5 0.0135 0.0112 0.0310 0.8935 0.0088 0.0420 
 H034.5_2002  5 0.0881 0.0110 0.0357 0.7724 0.0122 0.0806 
 H034.5_2003  5 0.1093 0.0234 0.1043 0.6849 0.0156 0.0625 
 H034.6_2002  5 0.1064 0.0163 0.0185 0.7717 0.0329 0.0543 
 H034.6_2003  5 0.0343 0.0125 0.0622 0.8553 0.0098 0.0258 
 H034.7_2002  5 0.0158 0.0106 0.0144 0.9262 0.0116 0.0213 
 H034.7_2003  5 0.0728 0.0106 0.1154 0.7720 0.0097 0.0194 
 H034.8_2002  5 0.0309 0.0146 0.0179 0.7754 0.0180 0.1432 
 H034.8_2003  5 0.0799 0.0118 0.0354 0.8140 0.0092 0.0498 
      H034.9  5 0.0491 0.0275 0.0336 0.7611 0.0686 0.0601 
      H048.1  5 0.0147 0.0182 0.8840 0.0161 0.0366 0.0304 
      H048.2  5 0.0219 0.1227 0.2924 0.0822 0.4085 0.0724 
      H048.3  5 0.0220 0.1121 0.1869 0.0269 0.0625 0.5896 
      H048.4  5 0.0453 0.0733 0.1582 0.0220 0.3885 0.3127 
      H048.5  5 0.0188 0.0300 0.7171 0.0227 0.1809 0.0304 
      H048.6  5 0.0171 0.0401 0.1155 0.0254 0.4237 0.3783 
      H048.7  5 0.0762 0.0165 0.5869 0.0153 0.2724 0.0327 
      H048.8  5 0.1028 0.0209 0.2808 0.0607 0.2644 0.2704 
      H060.1  5 0.0259 0.0123 0.0078 0.9207 0.0229 0.0105 
     H060.10  5 0.0113 0.0071 0.0094 0.9588 0.0063 0.0069 
      H060.2  5 0.0097 0.0090 0.0088 0.9537 0.0104 0.0084 
      H060.3  5 0.0119 0.0066 0.0066 0.9569 0.0092 0.0088 
      H060.4  5 0.0293 0.0146 0.0171 0.9185 0.0099 0.0105 
      H060.5  5 0.0297 0.0107 0.0087 0.9235 0.0136 0.0138 
      H060.6  5 0.0323 0.0092 0.0074 0.9294 0.0102 0.0115 
      H060.7  5 0.0147 0.0132 0.0130 0.9184 0.0182 0.0225 
      H060.8  5 0.0233 0.0109 0.0143 0.9205 0.0149 0.0162 
      H060.9  5 0.0328 0.0081 0.0169 0.9220 0.0106 0.0096 
 H070.1_2002  5 0.0676 0.1837 0.0135 0.6349 0.0452 0.0550 
 H070.1_2003  5 0.0169 0.0097 0.0146 0.9263 0.0220 0.0104 
 H070.1_2004  5 0.0188 0.0122 0.0175 0.7262 0.0147 0.2106 
 H070.2_2002  5 0.0315 0.2650 0.0218 0.5354 0.0177 0.1286 
 H070.2_2003  5 0.0374 0.0225 0.0272 0.8279 0.0229 0.0622 
 H070.2_2004  5 0.0116 0.0095 0.0256 0.7665 0.0110 0.1758 
 H070.3_2002  5 0.0194 0.0204 0.0216 0.8703 0.0356 0.0327 
 H070.3_2003  5 0.0137 0.0082 0.0283 0.9301 0.0078 0.0119 
 H070.3_2004  5 0.0217 0.0144 0.0107 0.9188 0.0100 0.0244 
 H070.4_2002  5 0.0103 0.0387 0.0320 0.8464 0.0145 0.0580 
 H070.4_2003  5 0.0248 0.0166 0.0468 0.8624 0.0236 0.0257 
 H070.4_2004  5 0.0108 0.0225 0.0275 0.8542 0.0439 0.0409 
 H070.5_2002  5 0.0386 0.0161 0.0113 0.7913 0.1288 0.0139 
 H070.5_2003  5 0.0217 0.0088 0.0290 0.9199 0.0112 0.0094 
 H070.5_2004  5 0.0198 0.0110 0.0122 0.6376 0.0208 0.2987 
 H070.6_2002  5 0.0208 0.0271 0.0141 0.8884 0.0375 0.0121 
 H070.6_2003  5 0.0088 0.0159 0.0187 0.9229 0.0082 0.0256 
 H070.6_2004  5 0.0118 0.0208 0.0170 0.8257 0.0464 0.0784 
      H077.1  5 0.0187 0.0065 0.0142 0.9288 0.0162 0.0157 
      H077.2  5 0.2387 0.0066 0.2484 0.1854 0.2544 0.0665 
      H077.3  5 0.0267 0.0161 0.0868 0.6990 0.0389 0.1325 
      H077.4  5 0.0391 0.0199 0.0443 0.8451 0.0146 0.0370 
      H077.5  5 0.2905 0.0184 0.3067 0.1447 0.0428 0.1969 
      H077.6  5 0.0776 0.0096 0.1134 0.7582 0.0235 0.0177 
      H097.1  5 0.0207 0.0427 0.0559 0.5206 0.1935 0.1667 
      H097.2  5 0.0441 0.6051 0.0441 0.0858 0.0281 0.1928 
      H097.3  5 0.0144 0.0740 0.3995 0.2591 0.0428 0.2102 
      H097.4  5 0.0102 0.2650 0.1525 0.4649 0.0474 0.0601 
      H097.5  5 0.0116 0.0759 0.2492 0.6144 0.0224 0.0265 
      H097.6  5 0.0277 0.6576 0.0776 0.0816 0.0766 0.0788 
      H097.7  5 0.0127 0.3125 0.1299 0.4109 0.0689 0.0652 
      H124.1  5 0.0229 0.0190 0.1107 0.0894 0.7067 0.0513 
      H124.2  5 0.4654 0.0556 0.1300 0.1216 0.1921 0.0353 
      H124.3  5 0.2139 0.0175 0.0334 0.0210 0.7023 0.0119 
      H124.4  5 0.2654 0.0757 0.0776 0.2644 0.2776 0.0393 
      H124.5  5 0.3361 0.0228 0.0711 0.0706 0.4193 0.0800 
      H132.1  5 0.0180 0.0217 0.0248 0.2298 0.3476 0.3582 
      H132.2  5 0.0137 0.0104 0.0161 0.0196 0.2023 0.7379 
      H132.3  5 0.0769 0.0192 0.0347 0.3073 0.1981 0.3637 
      H132.4  5 0.0097 0.0152 0.0218 0.0734 0.4502 0.4297 
      H132.5  5 0.0310 0.0152 0.0340 0.0253 0.0897 0.8047 
      H132.6  5 0.0352 0.0126 0.0182 0.0235 0.1781 0.7323 
      H132.7  5 0.0723 0.0829 0.0486 0.1089 0.6032 0.0841 
      H155.1  5 0.0355 0.0076 0.0122 0.0083 0.9234 0.0130 
      H155.2  5 0.0219 0.0128 0.0240 0.0211 0.8849 0.0353 
      H155.3  5 0.0088 0.0134 0.0138 0.0101 0.9455 0.0085 
      H155.4  5 0.0167 0.0080 0.0065 0.0077 0.9505 0.0107 
      H155.5  5 0.0142 0.0125 0.0200 0.0101 0.9091 0.0340 
      H155.6  5 0.0601 0.0274 0.0254 0.0140 0.8565 0.0166 
      H155.7  5 0.0206 0.0099 0.0208 0.0109 0.9166 0.0212 
      H155.8  5 0.0370 0.0283 0.0107 0.0149 0.8914 0.0176 
      H155.9  5 0.0233 0.0168 0.0532 0.0166 0.8744 0.0158 
      H169.1  5 0.0264 0.0206 0.5079 0.3966 0.0134 0.0351 
      H169.2  5 0.0212 0.0116 0.0288 0.9206 0.0068 0.0110 
      H169.3  5 0.0142 0.0517 0.2384 0.6023 0.0094 0.0841 
      H169.4  5 0.0530 0.0172 0.0436 0.8570 0.0100 0.0192 
      H169.5  5 0.1320 0.0308 0.1182 0.6672 0.0172 0.0347 
      H169.6  5 0.0875 0.0469 0.1348 0.7007 0.0128 0.0173 
      H457.1  5 0.0129 0.6384 0.0482 0.0493 0.1276 0.1235 
      H457.2  5 0.0081 0.7453 0.0594 0.0543 0.1106 0.0224 
      H457.3  5 0.0102 0.7319 0.0271 0.2084 0.0096 0.0127 
      H457.4  5 0.0214 0.4888 0.1284 0.0962 0.0480 0.2172 
      H457.5  5 0.1198 0.1297 0.4600 0.1127 0.1345 0.0433 
      H457.6  5 0.0202 0.2244 0.3854 0.1920 0.1212 0.0567 
      H457.7  5 0.0162 0.0575 0.0293 0.8404 0.0295 0.0271 
      H457.8  5 0.0476 0.3939 0.3054 0.1551 0.0793 0.0187 
      H462.1  5 0.0307 0.1630 0.0880 0.4710 0.1404 0.1067 
      H462.2  5 0.0145 0.0842 0.0637 0.3411 0.3105 0.1861 
      H462.3  5 0.0521 0.2773 0.1201 0.2849 0.2003 0.0653 
      H462.4  5 0.0571 0.0527 0.1228 0.3438 0.1631 0.2605 
      H462.5  5 0.0504 0.0532 0.1535 0.1664 0.2183 0.3582 
      H462.6  5 0.0268 0.0325 0.3037 0.3349 0.2563 0.0457 
      H462.7  5 0.0216 0.4976 0.1126 0.2214 0.1082 0.0385 
      H462.8  5 0.0072 0.0155 0.0473 0.8645 0.0235 0.0420 
      H462.9  5 0.0318 0.1558 0.1079 0.5167 0.1298 0.0579 
      H481.1  5 0.0080 0.0102 0.0213 0.8409 0.0114 0.1081 
      H481.2  5 0.0291 0.0209 0.0309 0.5579 0.0602 0.3010 
      H481.3  5 0.0195 0.0134 0.0547 0.8479 0.0295 0.0350 
      H481.4  5 0.0275 0.0159 0.0311 0.8022 0.0405 0.0829 
      H481.5  5 0.0185 0.0127 0.0231 0.7397 0.0383 0.1677 
      H481.6  5 0.0078 0.0672 0.0224 0.8339 0.0415 0.0271 
      H481.7  5 0.0104 0.0244 0.0365 0.8664 0.0355 0.0268 
      H481.8  5 0.0065 0.0520 0.0248 0.8680 0.0199 0.0287 
      H509.1  5 0.1319 0.1329 0.4388 0.0719 0.0402 0.1843 
      H509.2  5 0.0117 0.2301 0.5536 0.0353 0.0429 0.1263 
      H509.3  5 0.0136 0.2458 0.6250 0.0364 0.0319 0.0473 
      H509.4  5 0.0193 0.4594 0.3480 0.0264 0.0501 0.0968 
      H509.5  5 0.0179 0.0527 0.2351 0.0272 0.6416 0.0255 
      H509.6  5 0.1113 0.1016 0.3220 0.0386 0.2120 0.2145 
      H509.7  5 0.0148 0.3134 0.4787 0.0147 0.0767 0.1017 
      H567.1  5 0.0109 0.2270 0.7096 0.0221 0.0155 0.0150 
      H567.2  5 0.0098 0.0984 0.2159 0.0644 0.4976 0.1140 
      H567.3  5 0.0121 0.0804 0.5427 0.0311 0.0928 0.2409 
      H567.4  5 0.0214 0.8575 0.0616 0.0205 0.0159 0.0231 
      H567.5  5 0.0141 0.3100 0.6229 0.0203 0.0189 0.0138 
