      H008.1  2 0.0158 0.0162 0.9533 0.0148 
      H008.2  2 0.0588 0.7158 0.1713 0.0541 
      H008.3  2 0.1816 0.1722 0.1897 0.4566 
      H008.4  2 0.0206 0.0592 0.9009 0.0192 
      H008.5  2 0.0201 0.0267 0.9106 0.0426 
      H008.6  2 0.0718 0.4614 0.4404 0.0264 
      H008.7  2 0.0568 0.2495 0.6329 0.0608 
      H008.8  2 0.0400 0.2178 0.7158 0.0263 
      H008.9  2 0.1312 0.7962 0.0384 0.0342 
 H029.1_2002  2 0.0119 0.0268 0.9296 0.0317 
 H029.1_2003  2 0.0336 0.3528 0.4570 0.1567 
 H029.2_2002  2 0.0325 0.0641 0.8303 0.0730 
 H029.2_2003  2 0.0478 0.3937 0.4049 0.1536 
 H029.3_2002  2 0.0188 0.2555 0.3861 0.3396 
 H029.3_2003  2 0.0175 0.0659 0.8174 0.0992 
 H029.4_2002  2 0.0084 0.0340 0.9190 0.0386 
 H029.4_2003  2 0.0285 0.2890 0.5586 0.1239 
 H029.5_2002  2 0.0126 0.0169 0.9537 0.0168 
 H029.5_2003  2 0.0156 0.2528 0.7027 0.0289 
 H029.6_2002  2 0.0088 0.0782 0.5247 0.3883 
 H029.6_2003  2 0.1242 0.2141 0.5956 0.0660 
      H029.7  2 0.0155 0.0358 0.9123 0.0364 
      H030.1  2 0.0323 0.0159 0.0185 0.9333 
      H030.2  2 0.0213 0.0713 0.4921 0.4152 
      H038.1  2 0.0088 0.0497 0.9157 0.0259 
      H038.2  2 0.0090 0.0125 0.9618 0.0167 
      H038.3  2 0.0116 0.0343 0.9397 0.0145 
      H038.4  2 0.0119 0.0622 0.9116 0.0143 
      H038.5  2 0.0085 0.2008 0.7648 0.0259 
      H038.6  2 0.0075 0.0188 0.9455 0.0282 
      H038.7  2 0.0065 0.0149 0.9670 0.0116 
      H038.8  2 0.0099 0.0828 0.8862 0.0211 
      H041.1  2 0.0403 0.1092 0.5866 0.2639 
      H041.2  2 0.0361 0.0952 0.7684 0.1002 
      H041.4  2 0.0560 0.1079 0.7296 0.1065 
      H041.6  2 0.0351 0.0254 0.8543 0.0852 
 H042.1_2002  2 0.0815 0.0246 0.0701 0.8238 
 H042.1_2003  2 0.1723 0.5001 0.2783 0.0493 
 H042.2_2002  2 0.0086 0.0200 0.9410 0.0304 
 H042.2_2003  2 0.1446 0.0224 0.7800 0.0530 
 H042.3_2002  2 0.0879 0.0417 0.3580 0.5124 
 H042.3_2003  2 0.0633 0.0456 0.8241 0.0669 
 H042.4_2002  2 0.0446 0.0336 0.0480 0.8738 
 H042.4_2003  2 0.0847 0.0287 0.1656 0.7209 
      H042.5  2 0.0218 0.0086 0.0151 0.9545 
      H042.6  2 0.0223 0.0187 0.0852 0.8738 
      H042.7  2 0.1761 0.0203 0.4747 0.3289 
      H042.8  2 0.0408 0.0290 0.1643 0.7660 
   H042_2002  2 0.0690 0.0536 0.8508 0.0266 
   H042_2003  2 0.0759 0.0566 0.8447 0.0227 
      H043.1  2 0.0172 0.9162 0.0471 0.0195 
      H043.2  2 0.0303 0.9135 0.0445 0.0117 
      H043.3  2 0.0186 0.3455 0.6227 0.0132 
      H043.4  2 0.0328 0.5796 0.3700 0.0176 
      H043.5  2 0.0108 0.8978 0.0838 0.0077 
      H043.6  2 0.0136 0.7620 0.2128 0.0116 
      H043.7  2 0.0518 0.8201 0.1114 0.0166 
      H043.8  2 0.0338 0.8821 0.0645 0.0195 
      H043.9  2 0.0193 0.6840 0.2673 0.0293 
      H047.1  2 0.0134 0.0098 0.9689 0.0080 
      H047.2  2 0.0765 0.0567 0.8195 0.0473 
      H047.3  2 0.0698 0.0317 0.8614 0.0371 
      H047.4  2 0.0455 0.0133 0.9169 0.0243 
      H047.5  2 0.0418 0.0146 0.9321 0.0115 
      H047.6  2 0.0654 0.1951 0.7059 0.0335 
      H047.7  2 0.0129 0.0097 0.9688 0.0087 
      H047.8  2 0.0589 0.0396 0.8790 0.0225 
      H047.9  2 0.0328 0.0089 0.9474 0.0109 
 H071.1_2002  2 0.0111 0.0095 0.9654 0.0140 
 H071.1_2003  2 0.0645 0.0299 0.8175 0.0881 
     H071.10  2 0.0057 0.0158 0.9520 0.0265 
 H071.2_2002  2 0.0084 0.0129 0.9662 0.0126 
 H071.2_2003  2 0.0079 0.0085 0.9696 0.0140 
      H071.3  2 0.0099 0.0223 0.9530 0.0149 
 H071.4_2002  2 0.0120 0.0513 0.9196 0.0171 
 H071.4_2003  2 0.0075 0.0071 0.9740 0.0115 
 H071.5_2002  2 0.0069 0.0082 0.9725 0.0124 
 H071.5_2003  2 0.0139 0.0133 0.9613 0.0114 
 H071.6_2002  2 0.0059 0.0102 0.9709 0.0130 
 H071.6_2003  2 0.0083 0.0104 0.9644 0.0169 
 H071.7_2002  2 0.0069 0.0072 0.9802 0.0057 
 H071.7_2003  2 0.0186 0.0131 0.9499 0.0184 
      H071.8  2 0.0108 0.0176 0.9611 0.0104 
      H071.9  2 0.0147 0.2136 0.7423 0.0294 
 H081.1_2002  2 0.0090 0.0086 0.9699 0.0125 
 H081.1_2003  2 0.0404 0.6649 0.1156 0.1791 
 H081.2_2002  2 0.0121 0.0075 0.9699 0.0104 
 H081.2_2003  2 0.0159 0.1121 0.0508 0.8211 
 H081.3_2002  2 0.0149 0.0263 0.9385 0.0203 
 H081.3_2003  2 0.0584 0.6005 0.0682 0.2730 
 H081.4_2002  2 0.0106 0.0088 0.9596 0.0210 
 H081.4_2003  2 0.1257 0.2898 0.0705 0.5140 
 H081.5_2002  2 0.0082 0.0120 0.9540 0.0258 
 H081.5_2003  2 0.1547 0.2717 0.3064 0.2672 
      H081.6  2 0.0078 0.0085 0.9703 0.0134 
      H081.7  2 0.0133 0.0138 0.9395 0.0334 
      H081.8  2 0.0142 0.0680 0.8074 0.1104 
      H083.1  2 0.0088 0.0098 0.9175 0.0640 
      H083.2  2 0.0102 0.0152 0.9409 0.0337 
      H083.4  2 0.0098 0.0203 0.9037 0.0662 
      H083.5  2 0.0158 0.0175 0.9161 0.0506 
      H083.6  2 0.0101 0.0151 0.8650 0.1098 
      H083.7  2 0.0144 0.0182 0.9302 0.0372 
      H083.8  2 0.0137 0.0137 0.9568 0.0158 
      H083.9  2 0.0090 0.0129 0.9217 0.0564 
      H084.1  2 0.0299 0.5190 0.0187 0.4324 
      H084.2  2 0.0116 0.6306 0.0160 0.3418 
      H084.3  2 0.0869 0.6724 0.0337 0.2071 
      H084.4  2 0.0338 0.8302 0.0472 0.0888 
      H084.5  2 0.0683 0.6892 0.0778 0.1647 
      H084.6  2 0.0542 0.7750 0.0332 0.1377 
      H084.7  2 0.0235 0.3259 0.0240 0.6266 
      H084.8  2 0.0679 0.6176 0.0305 0.2839 
 H085.1_2002  2 0.0240 0.0856 0.3128 0.5777 
 H085.1_2003  2 0.0237 0.1540 0.4211 0.4013 
 H085.2_2002  2 0.0294 0.2343 0.1046 0.6317 
 H085.2_2003  2 0.0184 0.0751 0.4172 0.4893 
 H085.3_2002  2 0.2875 0.0576 0.1851 0.4697 
 H085.3_2003  2 0.0269 0.0137 0.8893 0.0701 
 H085.4_2002  2 0.0315 0.1459 0.4932 0.3294 
 H085.4_2003  2 0.0249 0.0184 0.8888 0.0679 
 H085.5_2002  2 0.4184 0.0912 0.3332 0.1572 
 H085.5_2003  2 0.0126 0.0136 0.5098 0.4640 
 H085.6_2002  2 0.0596 0.2751 0.1236 0.5417 
 H085.6_2003  2 0.5504 0.0642 0.3361 0.0493 
 H085.7_2002  2 0.0848 0.0634 0.1288 0.7229 
 H085.7_2003  2 0.0204 0.0361 0.9052 0.0383 
 H085.8_2002  2 0.3880 0.2061 0.2742 0.1318 
 H085.8_2003  2 0.0372 0.0537 0.2350 0.6740 
      H085.9  2 0.0848 0.1195 0.3728 0.4230 
      H088.1  2 0.0391 0.0309 0.0229 0.9071 
      H088.2  2 0.0345 0.0200 0.0255 0.9200 
      H088.3  2 0.0174 0.0204 0.0164 0.9458 
      H088.4  2 0.0196 0.0361 0.0326 0.9116 
      H088.5  2 0.0213 0.0162 0.0114 0.9511 
      H088.6  2 0.0232 0.0281 0.0276 0.9211 
      H088.7  2 0.0331 0.0636 0.1236 0.7797 
      H088.8  2 0.0685 0.1032 0.1298 0.6986 
      H091.1  2 0.0182 0.0227 0.0361 0.9230 
      H091.2  2 0.0170 0.0142 0.1137 0.8552 
      H109.1  2 0.0199 0.8258 0.0664 0.0880 
      H109.2  2 0.0320 0.2864 0.3669 0.3146 
      H109.3  2 0.1066 0.5286 0.2663 0.0985 
      H109.4  2 0.0301 0.8777 0.0391 0.0530 
      H109.5  2 0.1188 0.0377 0.7031 0.1404 
      H109.6  2 0.0562 0.5639 0.2548 0.1251 
      H126.1  2 0.3338 0.3124 0.3230 0.0309 
      H126.2  2 0.0258 0.0638 0.8865 0.0239 
      H126.3  2 0.0092 0.0125 0.9669 0.0113 
      H126.4  2 0.1006 0.1385 0.7354 0.0254 
      H126.5  2 0.0339 0.0137 0.9416 0.0108 
      H126.6  2 0.0082 0.0104 0.9717 0.0097 
      H126.7  2 0.0087 0.0072 0.9560 0.0281 
      H130.1  2 0.6190 0.1198 0.0275 0.2337 
      H130.2  2 0.0416 0.0790 0.0265 0.8529 
      H130.3  2 0.2527 0.0785 0.0646 0.6041 
      H130.4  2 0.1707 0.4969 0.0222 0.3102 
      H130.5  2 0.0916 0.0341 0.0411 0.8331 
      H133.1  2 0.0592 0.8610 0.0262 0.0536 
      H133.2  2 0.0962 0.7227 0.0591 0.1220 
      H133.3  2 0.0588 0.7923 0.0934 0.0555 
      H133.4  2 0.0427 0.9127 0.0244 0.0202 
      H133.5  2 0.0298 0.8289 0.0262 0.1150 
      H133.6  2 0.0706 0.5350 0.0456 0.3489 
      H133.7  2 0.2216 0.7189 0.0423 0.0171 
      H133.8  2 0.0250 0.9228 0.0325 0.0196 
      H133.9  2 0.0480 0.8411 0.0175 0.0934 
      H147.1  2 0.0515 0.0677 0.6243 0.2565 
      H147.2  2 0.0122 0.0112 0.9550 0.0215 
      H147.3  2 0.0204 0.0112 0.9450 0.0235 
      H147.4  2 0.0134 0.0570 0.8573 0.0724 
      H147.5  2 0.0307 0.0119 0.2112 0.7461 
      H147.6  2 0.0352 0.0180 0.1830 0.7639 
      H147.7  2 0.0288 0.0531 0.8614 0.0567 
      H147.8  2 0.0082 0.0305 0.4227 0.5385 
      H147.9  2 0.0176 0.0115 0.9238 0.0471 
      H148.1  2 0.0742 0.8175 0.0268 0.0815 
      H148.2  2 0.0785 0.7975 0.0693 0.0547 
      H148.3  2 0.3885 0.3983 0.1437 0.0696 
      H148.4  2 0.1264 0.7703 0.0708 0.0324 
      H148.5  2 0.3686 0.4543 0.0499 0.1272 
      H148.6  2 0.1411 0.7091 0.0353 0.1144 
      H148.7  2 0.1514 0.7736 0.0217 0.0532 
      H148.8  2 0.5943 0.3260 0.0224 0.0573 
      H148.9  2 0.1502 0.7237 0.0662 0.0599 
   H166022.1  2 0.0083 0.0102 0.0121 0.9694 
   H166022.2  2 0.0169 0.0263 0.0288 0.9280 
   H166022.3  2 0.0123 0.0135 0.0074 0.9668 
   H166022.4  2 0.0129 0.0107 0.0088 0.9675 
   H166022.5  2 0.0116 0.0118 0.0148 0.9618 
   H166022.6  2 0.0201 0.0203 0.0082 0.9514 
   H166022.7  2 0.0074 0.9712 0.0125 0.0088 
   H166022.8  2 0.0491 0.0309 0.0206 0.8994 
   H167397.1  2 0.0244 0.8734 0.0645 0.0377 
   H167397.2  2 0.0238 0.9275 0.0228 0.0259 
   H167397.3  2 0.0133 0.9322 0.0377 0.0168 
   H167397.4  2 0.0314 0.8770 0.0527 0.0388 
   H167397.5  2 0.0143 0.9402 0.0224 0.0232 
   H167397.6  2 0.0177 0.9060 0.0596 0.0168 
   H167496.1  2 0.5060 0.0559 0.0466 0.3915 
   H167496.2  2 0.1777 0.1586 0.6279 0.0358 
   H167496.3  2 0.4760 0.0254 0.0594 0.4392 
   H167496.4  2 0.0089 0.0092 0.0172 0.9647 
   H167496.6  2 0.0367 0.0249 0.0654 0.8730 
   H167496.7  2 0.8609 0.0257 0.0667 0.0467 
   H167496.8  2 0.0231 0.0236 0.1301 0.8233 
   H167513.1  2 0.0914 0.7943 0.0411 0.0733 
   H167513.2  2 0.3974 0.4900 0.0698 0.0427 
   H167513.3  2 0.1526 0.1235 0.0392 0.6847 
   H167513.4  2 0.0698 0.2786 0.0267 0.6249 
   H167513.5  2 0.0697 0.8716 0.0323 0.0264 
   H167513.6  2 0.1911 0.2911 0.2212 0.2966 
   H167513.7  2 0.0236 0.5760 0.0431 0.3573 
   H167513.8  2 0.0371 0.8833 0.0347 0.0449 
   H167547.1  2 0.8709 0.0833 0.0155 0.0303 
   H167547.2  2 0.5873 0.0962 0.0825 0.2340 
   H167547.3  2 0.5630 0.1253 0.0749 0.2368 
   H167547.4  2 0.1569 0.2484 0.0158 0.5790 
   H167547.5  2 0.3356 0.0577 0.0524 0.5543 
   H167547.6  2 0.3326 0.0449 0.0640 0.5585 
   H167547.7  2 0.6371 0.2055 0.0734 0.0839 
   H169750.1  2 0.3681 0.2202 0.0473 0.3644 
   H169750.2  2 0.0892 0.7389 0.0907 0.0812 
   H169750.3  2 0.3766 0.1592 0.0769 0.3873 
   H169750.4  2 0.1400 0.7864 0.0460 0.0276 
   H169750.5  2 0.1335 0.2700 0.1444 0.4521 
   H169750.6  2 0.0627 0.1969 0.3919 0.3485 
   H169750.7  2 0.2504 0.5242 0.1452 0.0802 
   H171929.1  2 0.1678 0.7296 0.0749 0.0278 
  H171929.10  2 0.2093 0.4520 0.1175 0.2213 
  H171929.11  2 0.2203 0.6624 0.0855 0.0317 
   H171929.2  2 0.5222 0.4185 0.0187 0.0405 
   H171929.3  2 0.1548 0.7380 0.0517 0.0554 
   H171929.4  2 0.4707 0.0400 0.0338 0.4556 
   H171929.5  2 0.1242 0.7958 0.0386 0.0414 
   H171929.6  2 0.0502 0.9020 0.0223 0.0255 
   H171929.7  2 0.6439 0.2430 0.0551 0.0581 
   H171929.8  2 0.7665 0.1256 0.0445 0.0635 
   H171929.9  2 0.2799 0.0831 0.0961 0.5408 
   H171930.1  2 0.1584 0.6858 0.0878 0.0680 
   H171930.2  2 0.1416 0.1182 0.1226 0.6176 
   H171930.3  2 0.0626 0.8195 0.0362 0.0817 
   H171930.4  2 0.0496 0.2529 0.0359 0.6615 
   H171930.5  2 0.1993 0.3530 0.2064 0.2412 
   H171930.6  2 0.0615 0.0686 0.6079 0.2619 
   H171930.7  2 0.0166 0.9378 0.0192 0.0263 
   H171930.8  2 0.0414 0.8936 0.0312 0.0338 
   H171933.1  2 0.0187 0.0296 0.0106 0.9411 
   H171933.2  2 0.0142 0.0363 0.0351 0.9145 
   H171933.3  2 0.0173 0.0161 0.0110 0.9556 
   H171933.4  2 0.1195 0.0144 0.0096 0.8565 
   H171933.5  2 0.3543 0.0267 0.0106 0.6084 
   H171933.6  2 0.0128 0.0095 0.0316 0.9461 
   H171933.7  2 0.0160 0.0135 0.0235 0.9470 
   H171933.8  2 0.0327 0.0585 0.0277 0.8810 
   H171933.9  2 0.0121 0.0092 0.0077 0.9710 
      H190.1  2 0.4076 0.0408 0.0739 0.4777 
      H190.2  2 0.2584 0.0296 0.6864 0.0255 
      H190.3  2 0.5609 0.1170 0.1612 0.1609 
      H190.4  2 0.1674 0.0239 0.0084 0.8003 
      H190.5  2 0.0561 0.0394 0.8835 0.0210 
      H190.6  2 0.2945 0.0305 0.0161 0.6589 
      H190.7  2 0.7996 0.0346 0.0236 0.1421 
      H190.8  2 0.2777 0.0347 0.6407 0.0468 
      H190.9  2 0.7775 0.0890 0.0693 0.0642 
      H400.1  2 0.0089 0.0145 0.0123 0.9643 
      H400.2  2 0.0064 0.0150 0.0416 0.9370 
      H400.3  2 0.0186 0.0318 0.0261 0.9235 
      H400.4  2 0.0116 0.0119 0.0240 0.9525 
      H400.5  2 0.0171 0.0210 0.0235 0.9384 
      H400.6  2 0.0094 0.0083 0.0256 0.9567 
      H400.7  2 0.0115 0.0076 0.0109 0.9700 
 H428.1_2005  2 0.0122 0.0199 0.0225 0.9455 
 H428.1_2006  2 0.0207 0.0175 0.0571 0.9047 
 H428.2_2005  2 0.0140 0.0381 0.0086 0.9393 
 H428.2_2006  2 0.0091 0.0152 0.0283 0.9474 
 H428.3_2005  2 0.0109 0.0062 0.0139 0.9690 
 H428.3_2006  2 0.0115 0.0144 0.0385 0.9357 
 H428.4_2005  2 0.0136 0.0121 0.0092 0.9651 
 H428.4_2006  2 0.0110 0.0090 0.0149 0.9652 
 H428.5_2005  2 0.0103 0.0227 0.0130 0.9540 
 H428.6_2005  2 0.0225 0.0130 0.0236 0.9409 
 H428.6_2006  2 0.0115 0.0130 0.0212 0.9543 
      H428.7  2 0.0060 0.0060 0.0133 0.9748 
      H428.8  2 0.0089 0.0161 0.0170 0.9580 
      H428.9  2 0.0083 0.0187 0.0134 0.9596 
      H453.1  2 0.0105 0.0168 0.0309 0.9417 
      H453.2  2 0.0118 0.0139 0.0149 0.9594 
      H453.3  2 0.0174 0.0123 0.0101 0.9602 
      H453.4  2 0.0117 0.0103 0.0124 0.9656 
      H453.5  2 0.0090 0.0112 0.0188 0.9610 
      H453.6  2 0.0067 0.0082 0.0134 0.9718 
      H453.7  2 0.1006 0.0534 0.1885 0.6575 
      H453.8  2 0.1477 0.0877 0.0602 0.7043 
      H453.9  2 0.0159 0.0109 0.0934 0.8798 
      H512.1  2 0.0144 0.0085 0.0102 0.9669 
     H512.10  2 0.1037 0.1796 0.0526 0.6642 
      H512.2  2 0.1460 0.0557 0.0556 0.7427 
      H512.3  2 0.2454 0.1477 0.0669 0.5399 
      H512.4  2 0.0552 0.0627 0.0707 0.8115 
      H512.5  2 0.3262 0.3927 0.0666 0.2145 
      H512.6  2 0.3466 0.0546 0.0581 0.5407 
      H512.7  2 0.1056 0.1534 0.0874 0.6536 
      H512.8  2 0.3908 0.0573 0.0738 0.4781 
      H512.9  2 0.0585 0.1012 0.0460 0.7943 
      H513.1  2 0.0076 0.0231 0.0213 0.9480 
      H513.2  2 0.0122 0.0226 0.0130 0.9522 
      H513.3  2 0.0091 0.0111 0.0103 0.9694 
      H513.4  2 0.0115 0.0089 0.0236 0.9560 
      H513.5  2 0.0062 0.0113 0.0104 0.9721 
      H513.6  2 0.0189 0.4574 0.0256 0.4982 
      H532.1  2 0.0245 0.0820 0.1408 0.7527 
      H532.2  2 0.0267 0.0154 0.0262 0.9317 
      H532.3  2 0.0652 0.0154 0.0228 0.8966 
      H532.4  2 0.0270 0.0360 0.2993 0.6376 
      H532.5  2 0.0180 0.0461 0.0366 0.8992 
      H532.6  2 0.0164 0.0268 0.0802 0.8766 
      H532.7  2 0.0151 0.0206 0.0906 0.8737 
      H532.8  2 0.0511 0.0896 0.1572 0.7021 
      H543.1  2 0.0089 0.9649 0.0070 0.0192 
      H543.2  2 0.0151 0.8892 0.0149 0.0807 
      H543.3  2 0.0099 0.9521 0.0099 0.0280 
      H543.4  2 0.0115 0.9695 0.0073 0.0117 
      H543.5  2 0.0107 0.9721 0.0077 0.0095 
      H543.6  2 0.0119 0.9588 0.0058 0.0235 
      H543.7  2 0.0097 0.9740 0.0077 0.0085 
      H543.8  2 0.0114 0.9302 0.0208 0.0376 
      H543.9  2 0.0138 0.9552 0.0097 0.0213 
 H545.1_2005  2 0.0053 0.9818 0.0069 0.0060 
 H545.1_2006  2 0.0086 0.9646 0.0184 0.0084 
 H545.2_2005  2 0.0107 0.9652 0.0155 0.0086 
 H545.2_2006  2 0.0073 0.9734 0.0079 0.0114 
 H545.3_2005  2 0.0245 0.9456 0.0176 0.0123 
 H545.3_2006  2 0.0058 0.9705 0.0173 0.0065 
 H545.4_2005  2 0.0281 0.9455 0.0146 0.0118 
 H545.4_2006  2 0.0084 0.9703 0.0129 0.0083 
 H545.5_2005  2 0.0059 0.9693 0.0150 0.0097 
 H545.5_2006  2 0.0166 0.9507 0.0125 0.0201 
 H545.6_2005  2 0.0056 0.9800 0.0075 0.0068 
 H545.6_2006  2 0.0086 0.9725 0.0086 0.0103 
 H545.7_2005  2 0.0062 0.9769 0.0081 0.0088 
 H545.7_2006  2 0.0062 0.9734 0.0118 0.0085 
 H545.8_2005  2 0.0115 0.9473 0.0205 0.0207 
 H545.8_2006  2 0.0067 0.9751 0.0093 0.0089 
      H545.9  2 0.0127 0.9653 0.0101 0.0118 
      H547.1  2 0.0213 0.0155 0.0098 0.9533 
      H547.2  2 0.0545 0.0226 0.0928 0.8301 
      H547.3  2 0.2581 0.0379 0.0107 0.6933 
      H547.4  2 0.0854 0.0267 0.0465 0.8414 
      H547.5  2 0.1443 0.0145 0.0154 0.8258 
      H547.6  2 0.0134 0.0383 0.0124 0.9359 
      H547.7  2 0.0827 0.0867 0.0182 0.8123 
      H547.8  2 0.0242 0.0167 0.0062 0.9528 
      H548.1  2 0.0071 0.9776 0.0085 0.0068 
      H548.2  2 0.0144 0.9665 0.0102 0.0089 
      H548.3  2 0.0083 0.9718 0.0092 0.0107 
      H548.4  2 0.0176 0.9299 0.0375 0.0150 
      H548.5  2 0.0082 0.9720 0.0119 0.0079 
      H548.6  2 0.0115 0.9739 0.0084 0.0063 
      H548.7  2 0.0091 0.9712 0.0112 0.0084 
      H548.8  2 0.0103 0.9687 0.0134 0.0076 
      H548.9  2 0.0126 0.9551 0.0157 0.0166 
     H7389.1  2 0.0147 0.0172 0.0099 0.9582 
     H7389.2  2 0.0167 0.0259 0.0110 0.9463 
     H7389.3  2 0.0182 0.0148 0.0141 0.9529 
     H7389.4  2 0.0082 0.0395 0.0333 0.9190 
     H7389.5  2 0.0131 0.0290 0.0153 0.9427 
     H7389.6  2 0.0101 0.0380 0.0259 0.9260 
     H7389.7  2 0.0156 0.0387 0.0170 0.9287 
     H7389.8  2 0.0168 0.5349 0.0210 0.4273 
     H7389.9  2 0.0083 0.0578 0.0164 0.9175 
      H747.1  2 0.7643 0.0348 0.0419 0.1590 
      H747.2  2 0.7232 0.1578 0.0617 0.0573 
      H747.3  2 0.7049 0.0659 0.0297 0.1995 
      H747.4  2 0.7146 0.0808 0.1449 0.0597 
      H747.5  2 0.8048 0.0878 0.0401 0.0673 
      H747.6  2 0.1680 0.7524 0.0237 0.0560 
      H747.7  2 0.5942 0.1953 0.0304 0.1800 
     H7484.1  2 0.0219 0.0240 0.8483 0.1057 
     H7484.2  2 0.0265 0.0328 0.9068 0.0339 
     H7484.3  2 0.0667 0.0554 0.8520 0.0259 
     H7484.4  2 0.0202 0.0179 0.8755 0.0865 
     H7484.5  2 0.0433 0.1060 0.7629 0.0878 
     H7484.6  2 0.4811 0.1207 0.3539 0.0443 
     H7484.7  2 0.0653 0.0370 0.8045 0.0932 
     H7484.8  2 0.0304 0.0374 0.6278 0.3044 
     H7485.1  2 0.0143 0.9554 0.0156 0.0146 
     H7485.2  2 0.0060 0.9726 0.0116 0.0097 
     H7485.3  2 0.0061 0.9761 0.0116 0.0062 
     H7485.4  2 0.0057 0.9740 0.0091 0.0112 
     H7485.5  2 0.0103 0.9529 0.0255 0.0114 
     H7485.6  2 0.0135 0.9391 0.0322 0.0151 
     H7485.7  2 0.0097 0.9651 0.0181 0.0071 
     H7496.1  2 0.0465 0.0161 0.0598 0.8776 
    H7496.10  2 0.0139 0.0095 0.0311 0.9455 
    H7496.11  2 0.0131 0.9269 0.0356 0.0243 
     H7496.2  2 0.0176 0.0156 0.0278 0.9390 
     H7496.3  2 0.0410 0.0268 0.5155 0.4167 
     H7496.4  2 0.0148 0.0181 0.0151 0.9521 
     H7496.5  2 0.0368 0.0204 0.0460 0.8967 
     H7496.6  2 0.0197 0.0092 0.0227 0.9484 
     H7496.7  2 0.0141 0.0145 0.0188 0.9526 
     H7496.8  2 0.0637 0.0764 0.0873 0.7726 
        UNK4  2 0.0737 0.5282 0.0370 0.3612 
        UNK5  2 0.0196 0.2135 0.1216 0.6453 
        UNK6  2 0.0378 0.2253 0.0418 0.6951 
        UNK7  2 0.0205 0.2365 0.0254 0.7176 
        UNK8  2 0.0140 0.6011 0.0236 0.3613 
        UNK9  2 0.0145 0.4744 0.1500 0.3610 
      H009.1  4 0.9505 0.0214 0.0125 0.0156 
      H009.2  4 0.9480 0.0183 0.0151 0.0186 
      H009.3  4 0.9441 0.0237 0.0171 0.0152 
      H009.4  4 0.9253 0.0283 0.0235 0.0229 
      H009.5  4 0.8079 0.1368 0.0337 0.0216 
      H009.6  4 0.9441 0.0173 0.0267 0.0119 
      H046.4  4 0.2686 0.1698 0.4002 0.1615 
      H046.8  4 0.4559 0.1339 0.3533 0.0569 
 H076.1_2002  4 0.9434 0.0234 0.0151 0.0182 
 H076.1_2003  4 0.9676 0.0124 0.0111 0.0089 
 H076.1_2004  4 0.9437 0.0204 0.0272 0.0087 
 H076.2_2002  4 0.9552 0.0146 0.0122 0.0180 
 H076.2_2003  4 0.9649 0.0132 0.0125 0.0094 
 H076.2_2004  4 0.9247 0.0341 0.0197 0.0215 
 H076.3_2002  4 0.9306 0.0179 0.0289 0.0226 
 H076.3_2003  4 0.8123 0.1309 0.0392 0.0176 
 H076.3_2004  4 0.9029 0.0335 0.0392 0.0244 
 H076.4_2002  4 0.7889 0.0296 0.1288 0.0526 
 H076.4_2003  4 0.9685 0.0132 0.0081 0.0102 
 H076.4_2004  4 0.9138 0.0330 0.0227 0.0305 
 H076.5_2002  4 0.9295 0.0130 0.0238 0.0337 
 H076.5_2003  4 0.6583 0.2263 0.0776 0.0378 
 H076.5_2004  4 0.6837 0.0280 0.2272 0.0611 
 H076.6_2002  4 0.9146 0.0298 0.0365 0.0192 
 H076.6_2003  4 0.9355 0.0355 0.0094 0.0196 
 H076.6_2004  4 0.9410 0.0175 0.0295 0.0120 
 H076.7_2002  4 0.8768 0.0315 0.0264 0.0653 
 H076.7_2003  4 0.9024 0.0504 0.0172 0.0300 
 H076.7_2004  4 0.9452 0.0190 0.0247 0.0111 
      H477.1  4 0.1697 0.1124 0.0167 0.7013 
      H477.2  4 0.4956 0.0787 0.0440 0.3817 
      H477.3  4 0.0876 0.2962 0.0976 0.5185 
      H477.4  4 0.0538 0.5392 0.0209 0.3860 
      H477.5  4 0.1852 0.4334 0.0920 0.2894 
      H477.6  4 0.1941 0.4799 0.1161 0.2098 
      H477.7  4 0.0313 0.6494 0.0238 0.2955 
 H479.1_2005  4 0.0226 0.0357 0.5949 0.3468 
 H479.1_2006  4 0.7943 0.0282 0.1431 0.0343 
     H479.10  4 0.0452 0.0804 0.8249 0.0495 
 H479.2_2005  4 0.0292 0.0499 0.8262 0.0947 
 H479.2_2006  4 0.2903 0.0621 0.2247 0.4229 
 H479.3_2005  4 0.0692 0.0250 0.5483 0.3575 
 H479.3_2006  4 0.1693 0.0301 0.1289 0.6717 
 H479.4_2005  4 0.1059 0.1189 0.6029 0.1723 
 H479.4_2006  4 0.0200 0.0346 0.6929 0.2526 
 H479.5_2005  4 0.0277 0.0249 0.9226 0.0247 
 H479.5_2006  4 0.0606 0.0320 0.5455 0.3618 
 H479.6_2005  4 0.0367 0.1659 0.7499 0.0475 
 H479.6_2006  4 0.0102 0.0350 0.5728 0.3820 
 H479.7_2005  4 0.0275 0.0689 0.1530 0.7505 
 H479.7_2006  4 0.0415 0.1148 0.1950 0.6488 
 H479.8_2005  4 0.0172 0.0307 0.1231 0.8290 
 H479.8_2006  4 0.0250 0.0480 0.9153 0.0117 
      H479.9  4 0.7610 0.0179 0.1849 0.0361 
      H516.1  4 0.9188 0.0248 0.0309 0.0255 
      H516.2  4 0.5408 0.3170 0.1184 0.0238 
      H516.3  4 0.8148 0.0376 0.1305 0.0171 
      H516.4  4 0.8276 0.1000 0.0576 0.0147 
      H516.5  4 0.9338 0.0290 0.0172 0.0200 
      H516.6  4 0.5402 0.3939 0.0482 0.0176 
      H516.7  4 0.8635 0.0361 0.0751 0.0252 
      H516.8  4 0.9306 0.0340 0.0228 0.0125 
      H516.9  4 0.6594 0.0395 0.2714 0.0297 
      H646.1  4 0.9467 0.0145 0.0162 0.0226 
      H646.2  4 0.9674 0.0076 0.0086 0.0164 
      H646.3  4 0.9672 0.0097 0.0123 0.0108 
      H646.4  4 0.9164 0.0116 0.0146 0.0574 
      H646.5  4 0.9547 0.0093 0.0130 0.0230 
      H658.1  4 0.8478 0.1204 0.0167 0.0150 
     H658.10  4 0.9495 0.0159 0.0075 0.0272 
      H658.2  4 0.9093 0.0558 0.0177 0.0173 
      H658.3  4 0.8448 0.0626 0.0543 0.0383 
      H658.4  4 0.8379 0.0629 0.0731 0.0261 
      H658.5  4 0.8890 0.0187 0.0265 0.0659 
      H658.6  4 0.9366 0.0210 0.0147 0.0277 
      H658.7  4 0.9496 0.0204 0.0193 0.0107 
      H658.8  4 0.9581 0.0222 0.0106 0.0091 
      H658.9  4 0.9209 0.0332 0.0314 0.0145 
      H682.1  4 0.1082 0.0633 0.6756 0.1529 
      H682.6  4 0.3710 0.0891 0.3648 0.1752 
      H720.1  4 0.1252 0.0289 0.1519 0.6941 
      H720.2  4 0.2608 0.0283 0.0770 0.6338 
      H720.3  4 0.2155 0.0302 0.7061 0.0482 
      H720.4  4 0.3269 0.0800 0.4642 0.1290 
      H720.5  4 0.0929 0.1091 0.7638 0.0342 
      H720.6  4 0.0635 0.0888 0.8195 0.0282 
      H720.7  4 0.0496 0.0666 0.0374 0.8464 
      H720.8  4 0.0677 0.0201 0.7113 0.2009 
      H720.9  4 0.0875 0.0267 0.8551 0.0307 
      H724.1  4 0.7179 0.0438 0.2189 0.0193 
      H724.2  4 0.6978 0.0459 0.1366 0.1196 
      H724.3  4 0.3047 0.0139 0.5688 0.1126 
      H724.4  4 0.3512 0.0175 0.6200 0.0112 
      H724.5  4 0.1737 0.0097 0.7514 0.0652 
      H724.6  4 0.6401 0.0612 0.2491 0.0497 
      H725.1  4 0.0899 0.0318 0.8421 0.0361 
      H725.2  4 0.2035 0.3069 0.0840 0.4055 
      H725.3  4 0.1264 0.6055 0.1315 0.1366 
      H725.4  4 0.0533 0.3857 0.3932 0.1679 
      H725.5  4 0.1060 0.0542 0.0402 0.7997 
      H725.6  4 0.6367 0.0932 0.2417 0.0284 
      H725.7  4 0.0765 0.0248 0.8796 0.0191 
      H725.8  4 0.2039 0.6305 0.1447 0.0209 
      H726.1  4 0.9703 0.0135 0.0078 0.0084 
      H726.2  4 0.9248 0.0135 0.0275 0.0341 
      H726.3  4 0.9577 0.0194 0.0121 0.0107 
      H726.4  4 0.8805 0.0738 0.0333 0.0123 
      H726.5  4 0.9240 0.0210 0.0390 0.0161 
        UNK1  4 0.2130 0.1477 0.0929 0.5464 
        UNK2  4 0.1950 0.0608 0.7126 0.0317 
        UNK3  4 0.5003 0.0469 0.0569 0.3960 
      H016.1  5 0.0265 0.8453 0.0897 0.0386 
      H016.2  5 0.0103 0.1963 0.7735 0.0198 
      H016.3  5 0.5551 0.2955 0.1056 0.0438 
      H016.4  5 0.0123 0.1878 0.7725 0.0274 
 H017.1_2002  5 0.8838 0.0587 0.0185 0.0391 
 H017.1_2003  5 0.0164 0.9018 0.0188 0.0630 
 H017.2_2002  5 0.4919 0.1831 0.2920 0.0330 
 H017.2_2003  5 0.0687 0.7992 0.0932 0.0389 
 H017.3_2002  5 0.0522 0.9037 0.0214 0.0226 
 H017.3_2003  5 0.4872 0.4184 0.0179 0.0765 
 H017.4_2002  5 0.0683 0.7958 0.0633 0.0726 
 H017.4_2003  5 0.0287 0.9479 0.0152 0.0082 
 H017.5_2002  5 0.0322 0.9480 0.0131 0.0067 
 H017.5_2003  5 0.1933 0.7466 0.0389 0.0212 
 H017.6_2002  5 0.3058 0.4598 0.0461 0.1883 
 H017.6_2003  5 0.6676 0.1721 0.1148 0.0456 
 H017.7_2002  5 0.0372 0.8811 0.0346 0.0470 
 H017.7_2003  5 0.3321 0.5370 0.0481 0.0828 
      H017.8  5 0.1573 0.7603 0.0474 0.0349 
      H017.9  5 0.0801 0.8149 0.0376 0.0675 
      H032.1  5 0.1397 0.7885 0.0297 0.0422 
      H032.2  5 0.0808 0.8600 0.0207 0.0384 
      H032.3  5 0.2128 0.6956 0.0428 0.0488 
      H032.4  5 0.1107 0.8556 0.0213 0.0124 
      H032.5  5 0.8001 0.1165 0.0453 0.0382 
      H032.6  5 0.8972 0.0480 0.0291 0.0257 
      H032.7  5 0.0651 0.8574 0.0207 0.0568 
 H034.1_2002  5 0.8513 0.0854 0.0453 0.0179 
 H034.1_2003  5 0.9165 0.0547 0.0132 0.0156 
 H034.2_2002  5 0.5790 0.3519 0.0522 0.0170 
 H034.2_2003  5 0.9151 0.0331 0.0178 0.0340 
 H034.3_2002  5 0.4847 0.4113 0.0715 0.0324 
 H034.3_2003  5 0.9186 0.0297 0.0115 0.0402 
 H034.4_2002  5 0.6971 0.1457 0.1181 0.0391 
 H034.4_2003  5 0.9327 0.0435 0.0115 0.0123 
 H034.5_2002  5 0.7932 0.1791 0.0146 0.0131 
 H034.5_2003  5 0.6361 0.3170 0.0171 0.0298 
 H034.6_2002  5 0.6172 0.3273 0.0325 0.0230 
 H034.6_2003  5 0.8630 0.1024 0.0103 0.0243 
 H034.7_2002  5 0.8912 0.0592 0.0238 0.0257 
 H034.7_2003  5 0.7373 0.2334 0.0105 0.0188 
 H034.8_2002  5 0.8980 0.0657 0.0157 0.0205 
 H034.8_2003  5 0.8676 0.1083 0.0107 0.0134 
      H034.9  5 0.5499 0.2656 0.1258 0.0587 
      H048.1  5 0.1498 0.4007 0.3641 0.0854 
      H048.2  5 0.0647 0.4190 0.3075 0.2088 
      H048.3  5 0.3418 0.4032 0.0880 0.1669 
      H048.4  5 0.1449 0.5982 0.2064 0.0505 
      H048.5  5 0.0589 0.2311 0.6319 0.0781 
      H048.6  5 0.2048 0.4568 0.2916 0.0468 
      H048.7  5 0.0920 0.5444 0.3422 0.0214 
      H048.8  5 0.2303 0.5332 0.2217 0.0148 
      H060.1  5 0.0153 0.9250 0.0372 0.0226 
     H060.10  5 0.2157 0.7543 0.0185 0.0114 
      H060.2  5 0.1234 0.8039 0.0320 0.0407 
      H060.3  5 0.4622 0.4944 0.0295 0.0138 
      H060.4  5 0.0325 0.9052 0.0231 0.0393 
      H060.5  5 0.0472 0.9062 0.0293 0.0173 
      H060.6  5 0.0329 0.9340 0.0206 0.0125 
      H060.7  5 0.1332 0.7657 0.0489 0.0522 
      H060.8  5 0.0800 0.8222 0.0551 0.0428 
      H060.9  5 0.0973 0.8659 0.0220 0.0148 
 H070.1_2002  5 0.1182 0.2407 0.1682 0.4729 
 H070.1_2003  5 0.3665 0.3431 0.2626 0.0278 
 H070.1_2004  5 0.8578 0.0697 0.0508 0.0218 
 H070.2_2002  5 0.5747 0.0752 0.0418 0.3083 
 H070.2_2003  5 0.3710 0.4367 0.1110 0.0813 
 H070.2_2004  5 0.9484 0.0225 0.0173 0.0118 
 H070.3_2002  5 0.2028 0.1427 0.5742 0.0803 
 H070.3_2003  5 0.7842 0.1784 0.0203 0.0172 
 H070.3_2004  5 0.4639 0.2527 0.2413 0.0421 
 H070.4_2002  5 0.8684 0.0243 0.0500 0.0573 
 H070.4_2003  5 0.4817 0.3914 0.0788 0.0480 
 H070.4_2004  5 0.5506 0.0595 0.3096 0.0804 
 H070.5_2002  5 0.0263 0.0642 0.8770 0.0325 
 H070.5_2003  5 0.6088 0.2329 0.1315 0.0267 
 H070.5_2004  5 0.7016 0.0624 0.2184 0.0176 
 H070.6_2002  5 0.1104 0.1118 0.5607 0.2171 
 H070.6_2003  5 0.9422 0.0194 0.0136 0.0247 
 H070.6_2004  5 0.6174 0.0429 0.2975 0.0422 
      H077.1  5 0.7686 0.0720 0.1424 0.0170 
      H077.2  5 0.0948 0.6629 0.2334 0.0089 
      H077.3  5 0.8844 0.0402 0.0489 0.0265 
      H077.4  5 0.8189 0.0995 0.0501 0.0315 
      H077.5  5 0.3511 0.5716 0.0582 0.0190 
      H077.6  5 0.2196 0.6898 0.0764 0.0142 
      H097.1  5 0.3873 0.2580 0.1408 0.2140 
      H097.2  5 0.0857 0.0760 0.0333 0.8050 
      H097.3  5 0.7966 0.0276 0.0659 0.1098 
      H097.4  5 0.1596 0.0244 0.0570 0.7590 
      H097.5  5 0.5945 0.0320 0.0239 0.3495 
      H097.6  5 0.0824 0.0624 0.0405 0.8147 
      H097.7  5 0.2256 0.0384 0.0591 0.6769 
      H124.1  5 0.1826 0.0314 0.7379 0.0480 
      H124.2  5 0.0507 0.8218 0.0750 0.0525 
      H124.3  5 0.0235 0.6123 0.3247 0.0395 
      H124.4  5 0.1065 0.6608 0.1378 0.0949 
      H124.5  5 0.0528 0.4691 0.4345 0.0436 
      H132.1  5 0.1227 0.0290 0.8324 0.0159 
      H132.2  5 0.0528 0.0221 0.9166 0.0084 
      H132.3  5 0.1216 0.1028 0.7603 0.0152 
      H132.4  5 0.0559 0.0145 0.9139 0.0157 
      H132.5  5 0.0600 0.0446 0.8781 0.0173 
      H132.6  5 0.0333 0.0656 0.8903 0.0108 
      H132.7  5 0.0373 0.1921 0.6892 0.0814 
      H155.1  5 0.0119 0.0189 0.9589 0.0103 
      H155.2  5 0.0293 0.0429 0.9034 0.0244 
      H155.3  5 0.0109 0.0119 0.9505 0.0267 
      H155.4  5 0.0095 0.0164 0.9606 0.0135 
      H155.5  5 0.0094 0.0145 0.9639 0.0122 
      H155.6  5 0.0209 0.1939 0.7057 0.0795 
      H155.7  5 0.0141 0.0133 0.9610 0.0116 
      H155.8  5 0.0146 0.0303 0.9034 0.0518 
      H155.9  5 0.0217 0.0281 0.9255 0.0247 
      H169.1  5 0.8340 0.1233 0.0090 0.0337 
      H169.2  5 0.7552 0.2048 0.0088 0.0312 
      H169.3  5 0.9515 0.0214 0.0068 0.0203 
      H169.4  5 0.4373 0.5067 0.0187 0.0374 
      H169.5  5 0.5925 0.3439 0.0150 0.0486 
      H169.6  5 0.2962 0.6356 0.0152 0.0530 
      H457.1  5 0.1117 0.0230 0.0445 0.8208 
      H457.2  5 0.0488 0.0351 0.0462 0.8699 
      H457.3  5 0.0337 0.0133 0.0107 0.9423 
      H457.4  5 0.1930 0.0304 0.0417 0.7349 
      H457.5  5 0.1716 0.6836 0.0441 0.1008 
      H457.6  5 0.2074 0.1209 0.1412 0.5306 
      H457.7  5 0.7343 0.0446 0.0323 0.1888 
      H457.8  5 0.0771 0.5093 0.0390 0.3746 
      H462.1  5 0.0424 0.0630 0.7949 0.0997 
      H462.2  5 0.0497 0.0166 0.8875 0.0462 
      H462.3  5 0.0636 0.1180 0.5055 0.3129 
      H462.4  5 0.7284 0.0639 0.1666 0.0411 
      H462.5  5 0.2675 0.0849 0.5801 0.0674 
      H462.6  5 0.4154 0.0912 0.3904 0.1031 
      H462.7  5 0.0611 0.0399 0.1536 0.7454 
      H462.8  5 0.7966 0.0167 0.1652 0.0215 
      H462.9  5 0.1296 0.0728 0.5469 0.2506 
      H481.1  5 0.9476 0.0204 0.0196 0.0123 
      H481.2  5 0.4779 0.1899 0.3045 0.0277 
      H481.3  5 0.8074 0.0687 0.1092 0.0147 
      H481.4  5 0.3678 0.3319 0.2820 0.0184 
      H481.5  5 0.8339 0.0341 0.1166 0.0154 
      H481.6  5 0.7627 0.0167 0.0739 0.1466 
      H481.7  5 0.8266 0.0212 0.0836 0.0685 
      H481.8  5 0.8184 0.0127 0.0320 0.1369 
      H509.1  5 0.0813 0.8156 0.0370 0.0661 
      H509.2  5 0.3676 0.0691 0.0811 0.4822 
      H509.3  5 0.0889 0.0404 0.0347 0.8360 
      H509.4  5 0.1517 0.0608 0.0617 0.7259 
      H509.5  5 0.1678 0.0659 0.4284 0.3379 
      H509.6  5 0.0825 0.6753 0.1548 0.0875 
      H509.7  5 0.1224 0.0369 0.2980 0.5427 
      H567.1  5 0.0490 0.0455 0.0193 0.8862 
      H567.2  5 0.1458 0.0179 0.7000 0.1363 
      H567.3  5 0.3601 0.0197 0.4080 0.2121 
      H567.4  5 0.0284 0.0203 0.0144 0.9369 
      H567.5  5 0.0356 0.0285 0.0253 0.9106 
      H567.6  5 0.0616 0.0723 0.0132 0.8529 
      H567.7  5 0.0631 0.0264 0.4366 0.4738 
      H567.8  5 0.1256 0.0352 0.0493 0.7899 
      H608.1  5 0.4273 0.1374 0.2856 0.1496 
      H608.2  5 0.1713 0.1965 0.5570 0.0752 
      H608.3  5 0.0453 0.1816 0.7286 0.0445 
      H608.4  5 0.3059 0.3851 0.1404 0.1686 
      H608.5  5 0.0382 0.6077 0.2149 0.1393 
      H608.6  5 0.0472 0.7486 0.1389 0.0654 
      H608.7  5 0.0766 0.6904 0.1238 0.1092 
      H608.8  5 0.0250 0.7416 0.1000 0.1333 
      H615.1  5 0.0180 0.9578 0.0157 0.0086 
      H615.2  5 0.0683 0.8406 0.0394 0.0517 
      H615.3  5 0.9041 0.0377 0.0149 0.0432 
      H615.4  5 0.7931 0.0746 0.0567 0.0756 
      H615.5  5 0.3601 0.5542 0.0441 0.0416 
      H615.6  5 0.8800 0.0910 0.0176 0.0113 
      H635.1  5 0.7052 0.0234 0.2241 0.0473 
      H635.2  5 0.4018 0.1273 0.0551 0.4158 
      H635.3  5 0.0961 0.0261 0.8144 0.0635 
      H635.4  5 0.1971 0.0612 0.7071 0.0347 
      H635.5  5 0.6366 0.0451 0.2115 0.1067 
      H635.6  5 0.9279 0.0247 0.0271 0.0204 
      H635.7  5 0.2727 0.0349 0.6481 0.0443 
      H635.8  5 0.1611 0.0768 0.2455 0.5167 
      H635.9  5 0.7659 0.0260 0.1225 0.0857 
      H728.1  5 0.0149 0.9135 0.0504 0.0211 
      H728.2  5 0.0189 0.9005 0.0584 0.0222 
      H728.3  5 0.0141 0.9436 0.0138 0.0285 
      H728.4  5 0.0166 0.9591 0.0097 0.0146 
      H728.5  5 0.0125 0.9613 0.0130 0.0131 
      H728.6  5 0.0129 0.9652 0.0105 0.0115 
      H728.7  5 0.1901 0.4724 0.0804 0.2572 
 H7395.1_200  5 0.1927 0.5497 0.1479 0.1097 
 H7395.1_200  5 0.0128 0.9504 0.0114 0.0255 
     H7395.2  5 0.0143 0.9580 0.0088 0.0188 
     H7395.3  5 0.0141 0.9238 0.0365 0.0256 
     H7395.4  5 0.0159 0.9333 0.0384 0.0124 
     H7395.5  5 0.0093 0.9456 0.0199 0.0252 
     H7395.6  5 0.0104 0.9297 0.0361 0.0238 
     H7395.7  5 0.0168 0.9232 0.0363 0.0238 
     H7395.8  5 0.0149 0.9477 0.0167 0.0207 
     H7395.9  5 0.0188 0.9321 0.0247 0.0245 
      H742.1  5 0.2029 0.0212 0.7606 0.0153 
      H742.2  5 0.4104 0.0209 0.5303 0.0384 
      H742.3  5 0.6279 0.0824 0.2640 0.0256 
      H958.1  5 0.8591 0.0132 0.0101 0.1177 
      H958.2  5 0.5414 0.0164 0.0134 0.4287 
      H958.3  5 0.3688 0.0166 0.0148 0.5998 
      H958.4  5 0.9337 0.0146 0.0072 0.0446 
      H958.5  5 0.6249 0.0121 0.0163 0.3467 
      H958.6  5 0.2264 0.0204 0.0154 0.7377 
      H958.7  5 0.2544 0.0110 0.0150 0.7195 
      H452.1 10 0.9659 0.0110 0.0139 0.0092 
     H452.10 10 0.9413 0.0228 0.0166 0.0193 
      H452.2 10 0.8077 0.0579 0.0190 0.1154 
      H452.3 10 0.9658 0.0112 0.0101 0.0129 
      H452.4 10 0.9373 0.0236 0.0249 0.0142 
      H452.5 10 0.9230 0.0217 0.0159 0.0394 
      H452.6 10 0.8494 0.0366 0.0623 0.0517 
      H452.7 10 0.9328 0.0218 0.0186 0.0268 
      H452.8 10 0.9031 0.0362 0.0201 0.0406 
      H452.9 10 0.9199 0.0307 0.0388 0.0107 
      H473.1 10 0.4721 0.0786 0.1032 0.3462 
      H473.2 10 0.0204 0.1565 0.0290 0.7942 
      H473.3 10 0.0172 0.1044 0.1114 0.7670 
      H473.4 10 0.0265 0.1589 0.0664 0.7482 
      H473.5 10 0.0123 0.0717 0.0230 0.8930 
      H473.6 10 0.0236 0.0909 0.2062 0.6792 
      H473.7 10 0.0206 0.0908 0.0252 0.8634 
      H473.8 10 0.0147 0.2674 0.0178 0.7001 
      H487.1 10 0.9723 0.0074 0.0092 0.0112 
      H487.2 10 0.9459 0.0120 0.0157 0.0264 
      H487.3 10 0.9693 0.0092 0.0112 0.0103 
      H487.4 10 0.9542 0.0153 0.0187 0.0118 
      H487.5 10 0.9726 0.0075 0.0102 0.0097 
      H703.1 10 0.0711 0.4920 0.4198 0.0172 
     H703.10 10 0.3887 0.3560 0.1887 0.0666 
      H703.2 10 0.3116 0.1777 0.4896 0.0211 
      H703.3 10 0.1488 0.7217 0.0861 0.0434 
      H703.4 10 0.3298 0.1618 0.1185 0.3900 
      H703.5 10 0.0835 0.0378 0.0357 0.8429 
      H703.6 10 0.4435 0.1479 0.1006 0.3080 
      H703.7 10 0.0413 0.6503 0.1047 0.2037 
      H703.8 10 0.9454 0.0185 0.0264 0.0097 
      H703.9 10 0.8355 0.0521 0.0921 0.0203 
      H705.1 10 0.2540 0.0277 0.0118 0.7065 
      H705.2 10 0.4642 0.1100 0.0235 0.4023 
      H705.3 10 0.9568 0.0115 0.0118 0.0200 
      H705.4 10 0.9219 0.0198 0.0140 0.0443 
      H705.5 10 0.9442 0.0130 0.0225 0.0203 
      H705.6 10 0.8444 0.0694 0.0650 0.0212 
      H705.7 10 0.4484 0.0175 0.0181 0.5160 
     H7352.1 10 0.1508 0.7585 0.0585 0.0321 
     H7352.2 10 0.7621 0.1300 0.0951 0.0127 
     H7352.3 10 0.9519 0.0259 0.0118 0.0104 
     H7352.4 10 0.9503 0.0296 0.0102 0.0099 
     H7352.5 10 0.0780 0.6746 0.2185 0.0289 
     H7352.6 10 0.1765 0.5569 0.1974 0.0692 
     H7352.7 10 0.8569 0.1156 0.0179 0.0096 
     H7354.1 10 0.1944 0.6835 0.0346 0.0876 
     H7354.2 10 0.5497 0.2307 0.0636 0.1560 
     H7354.3 10 0.5359 0.3304 0.0342 0.0996 
     H7354.4 10 0.2016 0.6045 0.1435 0.0504 
     H7354.5 10 0.0705 0.8468 0.0127 0.0700 
     H7354.6 10 0.8617 0.0224 0.0353 0.0805 
     H7354.7 10 0.6420 0.2495 0.0866 0.0219 
     H7359.1 10 0.2018 0.3532 0.2129 0.2321 
     H7359.2 10 0.7587 0.0138 0.0537 0.1738 
     H7359.3 10 0.8917 0.0118 0.0332 0.0634 
     H7359.4 10 0.3550 0.0549 0.5176 0.0725 
     H7359.5 10 0.8933 0.0135 0.0213 0.0718 
      H909.1 10 0.9548 0.0199 0.0092 0.0161 
      H909.2 10 0.9095 0.0151 0.0215 0.0538 
      H909.3 10 0.9541 0.0097 0.0286 0.0077 
      H909.4 10 0.9224 0.0182 0.0388 0.0206 
      H909.6 10 0.9114 0.0355 0.0306 0.0226 
      H909.8 10 0.9275 0.0166 0.0226 0.0333 
      H909.9 10 0.6246 0.0514 0.3123 0.0117 
     H9555.1 10 0.9626 0.0095 0.0132 0.0147 
     H9555.2 10 0.9018 0.0256 0.0225 0.0502 
     H9555.3 10 0.9344 0.0132 0.0193 0.0331 
     H9555.4 10 0.9746 0.0075 0.0073 0.0106 
     H9555.5 10 0.9323 0.0139 0.0210 0.0328 
     H9555.6 10 0.5150 0.0723 0.1625 0.2503 
     H9555.7 10 0.8744 0.0224 0.0155 0.0878 
     H9703.1 10 0.8554 0.0310 0.0088 0.1049 
     H9703.2 10 0.7317 0.0202 0.0496 0.1985 
     H9703.3 10 0.7898 0.0197 0.1532 0.0373 
     H9703.4 10 0.9228 0.0183 0.0281 0.0307 
     H9703.5 10 0.2964 0.2418 0.3746 0.0871 
     H9707.1 10 0.0840 0.7881 0.0673 0.0606 
     H9707.2 10 0.3188 0.4221 0.2111 0.0480 
     H9707.3 10 0.1385 0.5397 0.1610 0.1608 
     H9707.4 10 0.9251 0.0289 0.0145 0.0315 
     H9707.5 10 0.1334 0.7509 0.0166 0.0991 
     H9707.6 10 0.3162 0.1212 0.1297 0.4328 
     H9707.7 10 0.3637 0.3628 0.0148 0.2587 
     H9707.8 10 0.1538 0.5716 0.1252 0.1494 
     HSAA4.1 10 0.8412 0.0732 0.0167 0.0689 
     HSAA4.2 10 0.9338 0.0170 0.0240 0.0252 
     HSAA4.3 10 0.9575 0.0126 0.0155 0.0145 
     HSAA4.4 10 0.7981 0.1258 0.0335 0.0426 
     HSAA4.5 10 0.9567 0.0186 0.0121 0.0127 
     HSAA4.6 10 0.9662 0.0131 0.0095 0.0111 
     HSAA4.7 10 0.9749 0.0073 0.0100 0.0078 
   saaRTON.1 10 0.9357 0.0133 0.0127 0.0382 
  saaRTON.10 10 0.9316 0.0211 0.0194 0.0280 
   saaRTON.2 10 0.9472 0.0102 0.0150 0.0276 
   saaRTON.3 10 0.9197 0.0170 0.0443 0.0191 
   saaRTON.4 10 0.9430 0.0164 0.0136 0.0270 
   saaRTON.5 10 0.9555 0.0115 0.0129 0.0201 
   saaRTON.6 10 0.8899 0.0166 0.0474 0.0462 
   saaRTON.7 10 0.2226 0.0325 0.0678 0.6770 
   saaRTON.8 10 0.9558 0.0169 0.0089 0.0184 
   saaRTON.9 10 0.9646 0.0088 0.0112 0.0154 
      H005.1 11 0.9131 0.0217 0.0466 0.0186 
      H005.2 11 0.2522 0.2230 0.2152 0.3096 
      H005.3 11 0.9196 0.0133 0.0538 0.0133 
      H005.4 11 0.3091 0.1246 0.4546 0.1117 
      H005.5 11 0.6384 0.0630 0.2716 0.0270 
      H005.6 11 0.0673 0.5656 0.2554 0.1117 
      H005.7 11 0.6066 0.0452 0.2808 0.0675 
      H005.8 11 0.6786 0.0762 0.2065 0.0388 
      H005.9 11 0.2791 0.1784 0.3867 0.1558 
      H031.1 11 0.1807 0.6418 0.1098 0.0678 
      H031.2 11 0.9176 0.0341 0.0201 0.0281 
      H031.3 11 0.2743 0.0973 0.2677 0.3607 
      H031.4 11 0.7337 0.1103 0.0858 0.0701 
      H031.5 11 0.5977 0.1113 0.0848 0.2062 
      H031.6 11 0.5886 0.3033 0.0460 0.0621 
      H031.7 11 0.2810 0.1576 0.0359 0.5255 
      H031.8 11 0.4929 0.1401 0.3378 0.0292 
      H136.1 11 0.1130 0.0554 0.3353 0.4962 
      H136.2 11 0.0974 0.0464 0.0669 0.7893 
      H136.3 11 0.0370 0.0605 0.6013 0.3012 
      H136.4 11 0.3448 0.0473 0.1299 0.4780 
      H153.1 11 0.6856 0.1421 0.0342 0.1381 
      H153.2 11 0.5919 0.2826 0.0546 0.0709 
      H153.3 11 0.3397 0.3720 0.0329 0.2553 
      H153.4 11 0.8397 0.0381 0.0397 0.0824 
      H167.1 11 0.0182 0.0589 0.7771 0.1458 
      H167.2 11 0.0164 0.0223 0.9406 0.0207 
      H167.3 11 0.0247 0.0737 0.8383 0.0633 
      H167.4 11 0.1040 0.0109 0.8333 0.0518 
      H167.5 11 0.1123 0.0201 0.8367 0.0309 
      H167.6 11 0.0272 0.0625 0.8738 0.0365 
      H167.7 11 0.5875 0.0760 0.2504 0.0861 
      H167.8 11 0.0856 0.1180 0.6622 0.1343 
      H173.1 11 0.5084 0.0224 0.1086 0.3606 
      H173.2 11 0.2114 0.1586 0.3701 0.2600 
      H173.3 11 0.3697 0.0368 0.1617 0.4318 
      H173.4 11 0.2358 0.0411 0.1576 0.5655 
      H173.5 11 0.0535 0.0789 0.0418 0.8259 
 H194.1_2003 11 0.6750 0.0129 0.0474 0.2647 
 H194.2_2003 11 0.7466 0.0599 0.0537 0.1398 
 H194.3_2003 11 0.9015 0.0161 0.0470 0.0355 
 H194.4_2003 11 0.8612 0.0346 0.0584 0.0458 
 H194.5_2003 11 0.4222 0.0418 0.0356 0.5004 
 H194.6_2003 11 0.5888 0.0292 0.1612 0.2208 
 H194.7_2003 11 0.5689 0.0134 0.1909 0.2268 
 H194.8_2003 11 0.7548 0.0253 0.1517 0.0681 
      H196.1 11 0.4751 0.2961 0.2031 0.0257 
      H196.2 11 0.2559 0.1843 0.4703 0.0895 
      H196.3 11 0.0823 0.6925 0.2030 0.0221 
      H196.4 11 0.5844 0.1804 0.2011 0.0341 
      H196.5 11 0.0897 0.1312 0.7319 0.0471 
      H196.6 11 0.4065 0.0133 0.5412 0.0390 
 H356.1_2001 11 0.0971 0.0166 0.0302 0.8561 
 H356.1_2002 11 0.0152 0.0159 0.0128 0.9561 
 H356.2_2001 11 0.1279 0.0402 0.0260 0.8059 
