      H008.1  2 0.0092 0.0063 0.0135 0.0078 0.0127 0.5407 0.0095 0.0052 0.0073 0.0063 0.0069 0.0078 0.0137 0.0419 0.0054 0.0126 0.0060 0.2274 0.0149 0.0060 0.0085 0.0136 0.0056 0.0062 0.0052 
      H008.2  2 0.0063 0.0063 0.0049 0.0055 0.0048 0.8593 0.0074 0.0051 0.0041 0.0060 0.0059 0.0062 0.0049 0.0045 0.0042 0.0067 0.0070 0.0056 0.0062 0.0139 0.0059 0.0078 0.0042 0.0042 0.0031 
      H008.3  2 0.0094 0.0057 0.0124 0.0093 0.0214 0.8403 0.0049 0.0057 0.0052 0.0058 0.0068 0.0035 0.0048 0.0038 0.0055 0.0064 0.0047 0.0083 0.0045 0.0044 0.0060 0.0084 0.0040 0.0044 0.0043 
      H008.4  2 0.0094 0.0076 0.0084 0.0073 0.0046 0.8107 0.0050 0.0114 0.0039 0.0076 0.0158 0.0040 0.0123 0.0132 0.0048 0.0053 0.0042 0.0206 0.0048 0.0054 0.0106 0.0080 0.0043 0.0043 0.0064 
      H008.5  2 0.0141 0.0052 0.0093 0.0046 0.0072 0.8092 0.0058 0.0051 0.0044 0.0072 0.0116 0.0054 0.0052 0.0088 0.0053 0.0051 0.0043 0.0501 0.0036 0.0030 0.0076 0.0054 0.0058 0.0041 0.0027 
      H008.6  2 0.0070 0.0060 0.0038 0.0028 0.0047 0.8807 0.0044 0.0055 0.0031 0.0054 0.0054 0.0030 0.0049 0.0054 0.0028 0.0050 0.0041 0.0087 0.0064 0.0045 0.0050 0.0075 0.0056 0.0053 0.0031 
      H008.7  2 0.0065 0.0124 0.0070 0.0135 0.0063 0.8015 0.0057 0.0103 0.0042 0.0113 0.0152 0.0049 0.0067 0.0172 0.0058 0.0102 0.0053 0.0110 0.0056 0.0050 0.0055 0.0118 0.0056 0.0044 0.0070 
      H008.8  2 0.0083 0.0050 0.0154 0.0100 0.0099 0.5643 0.0077 0.0074 0.0117 0.0075 0.0057 0.0141 0.0100 0.0159 0.0064 0.0101 0.0078 0.0373 0.0502 0.1220 0.0170 0.0373 0.0067 0.0084 0.0041 
      H008.9  2 0.0048 0.0081 0.0065 0.0076 0.0083 0.7806 0.0063 0.0144 0.0127 0.0048 0.0056 0.0034 0.0038 0.0040 0.0067 0.0238 0.0050 0.0054 0.0065 0.0161 0.0062 0.0423 0.0045 0.0061 0.0065 
 H029.1_2002  2 0.0049 0.0094 0.0067 0.0069 0.0063 0.0096 0.0058 0.0127 0.0109 0.0099 0.0885 0.0066 0.0278 0.5497 0.0052 0.0044 0.0064 0.1197 0.0339 0.0145 0.0039 0.0108 0.0190 0.0222 0.0043 
 H029.1_2003  2 0.0077 0.0620 0.0077 0.0055 0.0180 0.1081 0.0153 0.0093 0.0154 0.0112 0.0465 0.0078 0.0067 0.5576 0.0131 0.0073 0.0084 0.0056 0.0079 0.0225 0.0072 0.0178 0.0088 0.0186 0.0039 
 H029.2_2002  2 0.0049 0.0240 0.0050 0.0157 0.0082 0.0196 0.0101 0.0105 0.0051 0.0065 0.0079 0.0058 0.0063 0.7840 0.0039 0.0054 0.0038 0.0252 0.0030 0.0036 0.0065 0.0047 0.0082 0.0187 0.0034 
 H029.2_2003  2 0.0138 0.0308 0.0049 0.0080 0.0213 0.0322 0.0190 0.0156 0.0144 0.0336 0.0122 0.0105 0.0040 0.6208 0.0249 0.0075 0.0154 0.0107 0.0046 0.0074 0.0259 0.0123 0.0271 0.0188 0.0047 
 H029.3_2002  2 0.0071 0.0253 0.0047 0.0105 0.0053 0.0188 0.0057 0.0203 0.0052 0.0061 0.0071 0.0056 0.0051 0.7966 0.0058 0.0059 0.0081 0.0059 0.0045 0.0084 0.0078 0.0048 0.0070 0.0153 0.0030 
 H029.3_2003  2 0.0102 0.0143 0.0071 0.0079 0.0073 0.0215 0.0083 0.0050 0.0042 0.0194 0.0302 0.0104 0.0071 0.7395 0.0148 0.0127 0.0128 0.0194 0.0032 0.0084 0.0077 0.0044 0.0127 0.0065 0.0051 
 H029.4_2002  2 0.0050 0.0062 0.0047 0.0062 0.0032 0.0045 0.0040 0.0061 0.0031 0.0037 0.0060 0.0076 0.0065 0.8929 0.0042 0.0037 0.0040 0.0044 0.0046 0.0035 0.0027 0.0031 0.0038 0.0029 0.0034 
 H029.4_2003  2 0.0063 0.0104 0.0169 0.0050 0.0467 0.0130 0.0075 0.0091 0.0124 0.0052 0.0425 0.0366 0.0091 0.6856 0.0124 0.0077 0.0078 0.0068 0.0095 0.0160 0.0084 0.0074 0.0063 0.0077 0.0036 
 H029.5_2002  2 0.0040 0.0127 0.0047 0.0088 0.0058 0.0056 0.0061 0.0039 0.0078 0.0086 0.0270 0.0079 0.0199 0.7481 0.0041 0.0067 0.0058 0.0681 0.0070 0.0044 0.0038 0.0066 0.0112 0.0068 0.0045 
 H029.5_2003  2 0.0051 0.0089 0.0058 0.0033 0.0101 0.0212 0.0094 0.0051 0.0068 0.0053 0.0105 0.0095 0.0073 0.8280 0.0066 0.0052 0.0050 0.0077 0.0070 0.0095 0.0028 0.0066 0.0052 0.0055 0.0029 
 H029.6_2002  2 0.0043 0.0066 0.0045 0.0075 0.0031 0.0057 0.0038 0.0065 0.0034 0.0103 0.0082 0.0045 0.0039 0.8818 0.0057 0.0034 0.0044 0.0046 0.0032 0.0069 0.0038 0.0034 0.0038 0.0032 0.0035 
 H029.6_2003  2 0.0075 0.0487 0.0120 0.0070 0.0644 0.0080 0.0169 0.0070 0.0091 0.0181 0.0164 0.0491 0.0096 0.5549 0.0200 0.0074 0.0152 0.0303 0.0083 0.0110 0.0111 0.0126 0.0383 0.0081 0.0089 
      H029.7  2 0.0034 0.0072 0.0043 0.0082 0.0070 0.0073 0.0044 0.0098 0.0045 0.0052 0.0058 0.0058 0.0044 0.8345 0.0039 0.0035 0.0033 0.0390 0.0047 0.0034 0.0064 0.0058 0.0070 0.0088 0.0025 
      H030.1  2 0.0164 0.0046 0.0052 0.0064 0.0060 0.0072 0.0156 0.0039 0.0058 0.6875 0.0103 0.0175 0.0102 0.0100 0.0069 0.0309 0.0594 0.0058 0.0051 0.0089 0.0051 0.0055 0.0383 0.0094 0.0182 
      H030.2  2 0.0561 0.0046 0.0292 0.1254 0.0180 0.0076 0.0046 0.0715 0.0060 0.0146 0.0338 0.0246 0.0304 0.0258 0.0071 0.0422 0.3261 0.0556 0.0067 0.0057 0.0040 0.0080 0.0081 0.0465 0.0377 
      H038.1  2 0.0090 0.0062 0.0068 0.0031 0.0036 0.0086 0.0045 0.0149 0.0057 0.0136 0.0038 0.0085 0.0063 0.7629 0.0036 0.0049 0.0051 0.0833 0.0094 0.0072 0.0076 0.0068 0.0049 0.0068 0.0030 
      H038.2  2 0.0036 0.0033 0.0053 0.0055 0.0062 0.0050 0.0049 0.0041 0.0078 0.0048 0.0048 0.0045 0.0078 0.7837 0.0049 0.0049 0.0063 0.0940 0.0029 0.0035 0.0026 0.0037 0.0083 0.0083 0.0093 
      H038.3  2 0.0127 0.0043 0.0064 0.0060 0.0058 0.0133 0.0058 0.0201 0.0065 0.0103 0.0046 0.0177 0.0094 0.7257 0.0050 0.0087 0.0120 0.0524 0.0088 0.0053 0.0037 0.0064 0.0253 0.0149 0.0089 
      H038.4  2 0.0102 0.0054 0.0085 0.0045 0.0036 0.0105 0.0047 0.0216 0.0063 0.0121 0.0039 0.0149 0.0101 0.7610 0.0049 0.0058 0.0045 0.0510 0.0063 0.0058 0.0040 0.0075 0.0120 0.0093 0.0117 
      H038.5  2 0.0051 0.0038 0.0082 0.0039 0.0063 0.0045 0.0049 0.0082 0.0050 0.0043 0.0048 0.0131 0.0044 0.8504 0.0069 0.0041 0.0084 0.0223 0.0041 0.0064 0.0027 0.0038 0.0063 0.0039 0.0042 
      H038.6  2 0.0040 0.0042 0.0086 0.0039 0.0085 0.0068 0.0057 0.0073 0.0055 0.0055 0.0058 0.0063 0.0058 0.7718 0.0058 0.0039 0.0066 0.1010 0.0036 0.0044 0.0035 0.0040 0.0073 0.0084 0.0019 
      H038.7  2 0.0037 0.0033 0.0075 0.0024 0.0052 0.0062 0.0042 0.0081 0.0056 0.0044 0.0037 0.0123 0.0099 0.6986 0.0073 0.0065 0.0079 0.1416 0.0043 0.0042 0.0031 0.0037 0.0239 0.0185 0.0042 
      H038.8  2 0.0083 0.0038 0.0071 0.0055 0.0040 0.0052 0.0041 0.0417 0.0068 0.0097 0.0037 0.0083 0.0075 0.7763 0.0043 0.0043 0.0080 0.0464 0.0055 0.0046 0.0038 0.0045 0.0095 0.0066 0.0105 
      H041.1  2 0.0067 0.0084 0.0073 0.0703 0.0118 0.0210 0.0113 0.0159 0.0051 0.0715 0.1314 0.2901 0.0357 0.1752 0.0073 0.0278 0.0063 0.0214 0.0044 0.0038 0.0070 0.0274 0.0171 0.0038 0.0118 
      H041.2  2 0.0186 0.0163 0.0049 0.0052 0.0047 0.0320 0.0071 0.0106 0.0053 0.0167 0.6540 0.0130 0.0354 0.0707 0.0038 0.0211 0.0075 0.0095 0.0092 0.0066 0.0056 0.0194 0.0108 0.0065 0.0056 
      H041.4  2 0.0081 0.0221 0.0062 0.0091 0.0251 0.0503 0.0061 0.0157 0.0080 0.0153 0.1030 0.0311 0.0225 0.5420 0.0062 0.0168 0.0066 0.0127 0.0097 0.0116 0.0115 0.0340 0.0112 0.0056 0.0095 
      H041.6  2 0.0223 0.0187 0.0100 0.0130 0.0283 0.0209 0.0051 0.0099 0.0133 0.0178 0.2669 0.0223 0.0453 0.2881 0.0050 0.0289 0.0103 0.0368 0.0349 0.0096 0.0239 0.0332 0.0116 0.0121 0.0116 
 H042.1_2002  2 0.0746 0.0098 0.0380 0.0074 0.0110 0.0085 0.0183 0.0105 0.0072 0.0435 0.6301 0.0096 0.0141 0.0041 0.0049 0.0061 0.0057 0.0090 0.0129 0.0050 0.0081 0.0145 0.0068 0.0121 0.0282 
 H042.1_2003  2 0.1353 0.0139 0.0123 0.0139 0.0189 0.1227 0.0359 0.0874 0.0464 0.0249 0.0421 0.0131 0.0153 0.0099 0.0103 0.0749 0.0232 0.1511 0.0240 0.0157 0.0110 0.0267 0.0261 0.0312 0.0137 
 H042.2_2002  2 0.0425 0.0462 0.0625 0.0062 0.0249 0.0050 0.0161 0.0276 0.0046 0.0117 0.1090 0.0135 0.1246 0.3927 0.0436 0.0043 0.0057 0.0162 0.0047 0.0035 0.0082 0.0047 0.0039 0.0114 0.0067 
 H042.2_2003  2 0.0606 0.0113 0.0115 0.0031 0.0230 0.0184 0.0136 0.0036 0.0086 0.0224 0.5993 0.0100 0.0215 0.0384 0.0054 0.0158 0.0077 0.0328 0.0087 0.0063 0.0068 0.0327 0.0171 0.0106 0.0106 
 H042.3_2002  2 0.5117 0.0157 0.0325 0.0067 0.0289 0.0056 0.0112 0.0088 0.0061 0.0445 0.1837 0.0156 0.0327 0.0051 0.0143 0.0100 0.0063 0.0057 0.0089 0.0038 0.0080 0.0068 0.0057 0.0087 0.0131 
 H042.3_2003  2 0.2628 0.0094 0.0755 0.0271 0.1057 0.0092 0.0148 0.0292 0.0119 0.0182 0.0681 0.0832 0.1110 0.0269 0.0207 0.0233 0.0097 0.0168 0.0211 0.0037 0.0115 0.0125 0.0077 0.0063 0.0138 
 H042.4_2002  2 0.0222 0.0317 0.0100 0.0107 0.0424 0.0078 0.0103 0.0177 0.0174 0.0272 0.6255 0.0350 0.0092 0.0361 0.0077 0.0059 0.0077 0.0099 0.0064 0.0061 0.0038 0.0174 0.0112 0.0037 0.0171 
 H042.4_2003  2 0.0119 0.0142 0.0107 0.0207 0.0143 0.0049 0.0108 0.0063 0.0314 0.1635 0.2532 0.1908 0.0109 0.0840 0.0063 0.0075 0.0053 0.0212 0.0214 0.0044 0.0110 0.0181 0.0548 0.0069 0.0155 
      H042.5  2 0.0099 0.0064 0.0074 0.0043 0.0083 0.0047 0.0055 0.0026 0.0074 0.0218 0.8188 0.0154 0.0064 0.0115 0.0052 0.0071 0.0041 0.0061 0.0074 0.0037 0.0118 0.0048 0.0071 0.0046 0.0077 
      H042.6  2 0.0265 0.0083 0.0705 0.0084 0.0051 0.0041 0.0148 0.0123 0.0279 0.0975 0.4744 0.0942 0.0147 0.0141 0.0061 0.0040 0.0068 0.0147 0.0194 0.0038 0.0412 0.0063 0.0085 0.0087 0.0077 
      H042.7  2 0.2713 0.0182 0.0294 0.0079 0.0136 0.0038 0.0112 0.0054 0.0060 0.0194 0.3372 0.0678 0.0252 0.0231 0.0046 0.0117 0.0045 0.0131 0.0295 0.0061 0.0092 0.0082 0.0222 0.0221 0.0291 
      H042.8  2 0.0575 0.0234 0.0173 0.0041 0.0260 0.0127 0.0119 0.0171 0.0043 0.0100 0.6441 0.0187 0.0461 0.0107 0.0129 0.0129 0.0040 0.0062 0.0084 0.0062 0.0133 0.0104 0.0044 0.0081 0.0094 
   H042_2002  2 0.1102 0.0180 0.0802 0.0054 0.0718 0.0098 0.0161 0.0390 0.0521 0.0116 0.0364 0.0859 0.1460 0.0281 0.0094 0.0226 0.0081 0.0465 0.0190 0.0096 0.0656 0.0366 0.0198 0.0416 0.0106 
   H042_2003  2 0.0999 0.0236 0.1018 0.0044 0.0795 0.0127 0.0187 0.0386 0.0575 0.0115 0.0457 0.0716 0.1175 0.0201 0.0108 0.0274 0.0078 0.0655 0.0208 0.0086 0.0519 0.0241 0.0237 0.0460 0.0102 
      H043.1  2 0.0061 0.0029 0.0095 0.0071 0.0047 0.0058 0.0057 0.0101 0.0096 0.0059 0.0040 0.8517 0.0052 0.0052 0.0063 0.0091 0.0068 0.0075 0.0064 0.0051 0.0064 0.0029 0.0060 0.0062 0.0037 
      H043.2  2 0.0102 0.0063 0.0204 0.0030 0.0074 0.0168 0.0162 0.0282 0.0163 0.0080 0.0038 0.7168 0.0055 0.0106 0.0049 0.0077 0.0052 0.0135 0.0300 0.0154 0.0334 0.0068 0.0041 0.0051 0.0044 
      H043.3  2 0.0075 0.0033 0.0123 0.0031 0.0040 0.0078 0.0085 0.0083 0.0042 0.0080 0.0039 0.8242 0.0089 0.0064 0.0034 0.0054 0.0037 0.0216 0.0093 0.0045 0.0059 0.0048 0.0108 0.0169 0.0034 
      H043.4  2 0.0091 0.0034 0.0086 0.0039 0.0046 0.0058 0.0122 0.0093 0.0130 0.0157 0.0041 0.8050 0.0101 0.0054 0.0050 0.0061 0.0049 0.0187 0.0113 0.0037 0.0167 0.0060 0.0050 0.0075 0.0046 
      H043.5  2 0.0088 0.0056 0.0323 0.0033 0.0051 0.0166 0.0099 0.0405 0.0076 0.0060 0.0036 0.7487 0.0096 0.0095 0.0040 0.0093 0.0045 0.0162 0.0135 0.0119 0.0042 0.0098 0.0096 0.0058 0.0041 
      H043.6  2 0.0108 0.0064 0.0095 0.0030 0.0034 0.0052 0.0065 0.0250 0.0042 0.0071 0.0042 0.8236 0.0052 0.0122 0.0043 0.0038 0.0046 0.0130 0.0138 0.0051 0.0045 0.0096 0.0051 0.0064 0.0034 
      H043.7  2 0.0072 0.0032 0.0058 0.0024 0.0035 0.0035 0.0051 0.0086 0.0053 0.0114 0.0029 0.8336 0.0072 0.0045 0.0042 0.0056 0.0039 0.0075 0.0288 0.0031 0.0199 0.0069 0.0056 0.0071 0.0033 
      H043.8  2 0.0066 0.0034 0.0122 0.0042 0.0037 0.0052 0.0056 0.0054 0.0042 0.0047 0.0030 0.8526 0.0048 0.0058 0.0051 0.0058 0.0065 0.0056 0.0233 0.0069 0.0069 0.0040 0.0050 0.0052 0.0042 
      H043.9  2 0.0045 0.0030 0.0057 0.0041 0.0042 0.0027 0.0035 0.0056 0.0054 0.0048 0.0042 0.8814 0.0050 0.0091 0.0050 0.0038 0.0047 0.0081 0.0036 0.0045 0.0064 0.0039 0.0056 0.0077 0.0038 
      H047.1  2 0.0129 0.0036 0.0148 0.0041 0.0074 0.0086 0.0136 0.0053 0.0053 0.0057 0.0044 0.0042 0.1371 0.0374 0.0029 0.2669 0.0065 0.3969 0.0132 0.0037 0.0053 0.0079 0.0065 0.0228 0.0032 
      H047.2  2 0.0062 0.0103 0.0049 0.0261 0.0072 0.0356 0.0477 0.0059 0.0118 0.0264 0.0088 0.0261 0.0921 0.4137 0.0194 0.0849 0.0066 0.0595 0.0316 0.0073 0.0066 0.0134 0.0188 0.0182 0.0110 
      H047.3  2 0.0073 0.0185 0.0034 0.0280 0.0122 0.0366 0.0566 0.0046 0.0093 0.0167 0.0104 0.0226 0.2557 0.2202 0.0247 0.0910 0.0068 0.0856 0.0186 0.0057 0.0174 0.0097 0.0114 0.0108 0.0162 
      H047.4  2 0.0088 0.0118 0.0073 0.0062 0.0090 0.0274 0.0104 0.0033 0.0079 0.0167 0.0163 0.0175 0.2063 0.2637 0.0069 0.1368 0.0066 0.0643 0.0444 0.0134 0.0070 0.0174 0.0475 0.0308 0.0121 
      H047.5  2 0.0073 0.0112 0.0042 0.0049 0.0099 0.0222 0.0364 0.0027 0.0049 0.0116 0.0060 0.0144 0.4178 0.0809 0.0076 0.1064 0.0070 0.1712 0.0082 0.0045 0.0179 0.0087 0.0084 0.0105 0.0154 
      H047.6  2 0.0046 0.0114 0.0033 0.0115 0.0066 0.0130 0.0168 0.0067 0.0065 0.0108 0.0187 0.0105 0.2067 0.2108 0.0073 0.3400 0.0043 0.0240 0.0392 0.0062 0.0067 0.0072 0.0078 0.0104 0.0089 
      H047.7  2 0.0148 0.0062 0.0163 0.0098 0.0097 0.0054 0.0099 0.0174 0.0047 0.0042 0.0139 0.0065 0.3599 0.1319 0.0037 0.1928 0.0041 0.1384 0.0088 0.0033 0.0056 0.0066 0.0054 0.0131 0.0075 
      H047.8  2 0.0100 0.0110 0.0087 0.0087 0.0158 0.0131 0.0330 0.0039 0.0099 0.0093 0.0141 0.0080 0.2112 0.1451 0.0111 0.3287 0.0045 0.0699 0.0317 0.0057 0.0103 0.0073 0.0083 0.0121 0.0085 
      H047.9  2 0.0185 0.0064 0.0181 0.0058 0.0127 0.0086 0.0638 0.0030 0.0088 0.0106 0.0075 0.0117 0.3972 0.1419 0.0040 0.0439 0.0066 0.1311 0.0066 0.0036 0.0184 0.0145 0.0104 0.0163 0.0303 
 H071.1_2002  2 0.0112 0.0062 0.0081 0.0039 0.0078 0.0053 0.0106 0.0055 0.0083 0.0132 0.0071 0.0317 0.0074 0.0441 0.0057 0.0043 0.0067 0.7718 0.0077 0.0033 0.0084 0.0059 0.0051 0.0068 0.0039 
 H071.1_2003  2 0.0089 0.0096 0.0063 0.0027 0.0095 0.0118 0.0093 0.0105 0.0121 0.0375 0.0053 0.0593 0.0061 0.0102 0.0051 0.0067 0.0195 0.6743 0.0133 0.0048 0.0165 0.0311 0.0135 0.0111 0.0050 
     H071.10  2 0.0071 0.0032 0.1310 0.0079 0.0039 0.0033 0.0034 0.0074 0.0061 0.0061 0.0045 0.0161 0.0122 0.5415 0.0097 0.0034 0.0432 0.1391 0.0102 0.0092 0.0059 0.0039 0.0051 0.0076 0.0088 
 H071.2_2002  2 0.0145 0.0105 0.0228 0.0029 0.0068 0.0356 0.0142 0.0063 0.0214 0.0179 0.0043 0.0125 0.0094 0.4772 0.0072 0.0063 0.0091 0.2115 0.0439 0.0217 0.0139 0.0127 0.0060 0.0072 0.0042 
 H071.2_2003  2 0.0070 0.0041 0.0034 0.0034 0.0061 0.0069 0.0087 0.0032 0.0063 0.0097 0.0061 0.0084 0.0049 0.0236 0.0032 0.0027 0.0051 0.8561 0.0049 0.0038 0.0046 0.0056 0.0041 0.0051 0.0031 
      H071.3  2 0.0044 0.0033 0.0621 0.0058 0.0066 0.0083 0.0046 0.0071 0.0048 0.0037 0.0057 0.0119 0.0119 0.0205 0.0050 0.0083 0.0153 0.7720 0.0045 0.0054 0.0062 0.0042 0.0066 0.0065 0.0050 
 H071.4_2002  2 0.0063 0.0051 0.0552 0.0048 0.0042 0.0042 0.0065 0.0076 0.0139 0.0084 0.0049 0.0283 0.0125 0.6451 0.0081 0.0038 0.0161 0.0850 0.0136 0.0139 0.0063 0.0062 0.0060 0.0080 0.0260 
 H071.4_2003  2 0.0035 0.0026 0.0753 0.0036 0.0071 0.0063 0.0050 0.0024 0.0050 0.0032 0.0048 0.0041 0.0062 0.0158 0.0051 0.0037 0.0083 0.8051 0.0041 0.0058 0.0046 0.0029 0.0045 0.0058 0.0049 
 H071.5_2002  2 0.0040 0.0039 0.0377 0.0101 0.0049 0.0033 0.0040 0.0068 0.0053 0.0090 0.0070 0.0167 0.0107 0.1479 0.0054 0.0037 0.0131 0.6627 0.0040 0.0052 0.0073 0.0046 0.0059 0.0066 0.0100 
 H071.5_2003  2 0.0038 0.0031 0.0461 0.0027 0.0069 0.0074 0.0083 0.0033 0.0060 0.0047 0.0038 0.0114 0.0215 0.0097 0.0092 0.0063 0.0093 0.7915 0.0068 0.0067 0.0050 0.0061 0.0073 0.0063 0.0070 
 H071.6_2002  2 0.0089 0.0039 0.2411 0.0055 0.0048 0.0070 0.0049 0.0070 0.0112 0.0106 0.0048 0.0094 0.0200 0.0931 0.0137 0.0036 0.0205 0.4533 0.0102 0.0306 0.0099 0.0035 0.0052 0.0108 0.0062 
 H071.6_2003  2 0.0049 0.0024 0.0173 0.0036 0.0045 0.0043 0.0051 0.0033 0.0055 0.0060 0.0044 0.0162 0.0127 0.0161 0.0047 0.0040 0.0259 0.8143 0.0067 0.0042 0.0037 0.0068 0.0116 0.0062 0.0054 
 H071.7_2002  2 0.0047 0.0033 0.0123 0.0029 0.0032 0.0085 0.0053 0.0038 0.0045 0.0052 0.0030 0.0055 0.0107 0.0054 0.0036 0.0033 0.0037 0.8704 0.0037 0.0068 0.0053 0.0055 0.0040 0.0126 0.0028 
 H071.7_2003  2 0.0045 0.0030 0.0272 0.0036 0.0054 0.0044 0.0063 0.0037 0.0068 0.0061 0.0051 0.0321 0.0119 0.0126 0.0063 0.0040 0.0199 0.7930 0.0067 0.0032 0.0055 0.0066 0.0083 0.0056 0.0081 
      H071.8  2 0.0103 0.0101 0.0122 0.0042 0.0054 0.0684 0.0081 0.0069 0.0099 0.0173 0.0046 0.0083 0.0071 0.5755 0.0038 0.0046 0.0050 0.1370 0.0233 0.0303 0.0161 0.0132 0.0057 0.0080 0.0049 
      H071.9  2 0.0046 0.0098 0.0548 0.0073 0.0066 0.0108 0.0055 0.0077 0.0173 0.0254 0.0076 0.1194 0.0462 0.4752 0.0127 0.0078 0.0185 0.0420 0.0150 0.0538 0.0089 0.0153 0.0091 0.0052 0.0137 
 H081.1_2002  2 0.0063 0.0124 0.0070 0.0082 0.0054 0.0076 0.0050 0.0052 0.0055 0.0126 0.0061 0.0044 0.0123 0.0331 0.0062 0.0034 0.0088 0.7967 0.0051 0.0040 0.0130 0.0118 0.0048 0.0047 0.0103 
 H081.1_2003  2 0.0444 0.0490 0.0095 0.0132 0.0105 0.1082 0.0179 0.2068 0.0905 0.0827 0.0237 0.0149 0.0176 0.0223 0.0439 0.0098 0.0400 0.0390 0.0131 0.0135 0.0105 0.0436 0.0344 0.0293 0.0117 
 H081.2_2002  2 0.0054 0.0093 0.0055 0.0051 0.0047 0.0059 0.0058 0.0047 0.0065 0.0192 0.0050 0.0118 0.0080 0.0603 0.0065 0.0072 0.0043 0.7252 0.0086 0.0067 0.0530 0.0079 0.0084 0.0069 0.0081 
 H081.2_2003  2 0.0111 0.0050 0.0128 0.0187 0.0104 0.0475 0.0095 0.0073 0.0323 0.0443 0.0104 0.0152 0.0090 0.0101 0.0093 0.0070 0.6200 0.0268 0.0107 0.0175 0.0308 0.0128 0.0086 0.0051 0.0078 
 H081.3_2002  2 0.0134 0.0056 0.0057 0.0064 0.0050 0.0497 0.0057 0.0054 0.0176 0.0798 0.0066 0.0091 0.0067 0.5133 0.0049 0.0083 0.0142 0.1303 0.0321 0.0120 0.0317 0.0104 0.0113 0.0069 0.0079 
 H081.3_2003  2 0.0135 0.0104 0.0140 0.0152 0.0102 0.0261 0.0170 0.0125 0.1512 0.0301 0.0153 0.1499 0.0119 0.0187 0.0159 0.0103 0.2918 0.0119 0.0565 0.0587 0.0211 0.0108 0.0074 0.0065 0.0132 
 H081.4_2002  2 0.0139 0.0053 0.0114 0.0075 0.0085 0.0133 0.0091 0.0049 0.0096 0.0113 0.0070 0.0064 0.0068 0.0661 0.0060 0.0044 0.0108 0.7392 0.0057 0.0104 0.0045 0.0069 0.0139 0.0069 0.0100 
 H081.4_2003  2 0.0158 0.0360 0.0097 0.0100 0.0149 0.0308 0.0215 0.0102 0.0705 0.3217 0.0159 0.0155 0.0136 0.0100 0.0279 0.0058 0.1998 0.0175 0.0211 0.0167 0.0124 0.0312 0.0452 0.0132 0.0132 
 H081.5_2002  2 0.0150 0.0050 0.0059 0.0050 0.0081 0.0180 0.0060 0.0068 0.0136 0.0201 0.0081 0.0090 0.0066 0.0387 0.0057 0.0070 0.0204 0.7379 0.0118 0.0088 0.0047 0.0106 0.0127 0.0100 0.0045 
 H081.5_2003  2 0.0268 0.0197 0.0046 0.0097 0.0058 0.0232 0.0116 0.0139 0.0093 0.6371 0.0107 0.0062 0.0236 0.0066 0.0204 0.0108 0.0276 0.0280 0.0095 0.0060 0.0099 0.0231 0.0267 0.0213 0.0083 
      H081.6  2 0.0093 0.0055 0.0036 0.0032 0.0065 0.0073 0.0047 0.0043 0.0047 0.0068 0.0039 0.0041 0.0074 0.0073 0.0071 0.0030 0.0064 0.8676 0.0036 0.0031 0.0061 0.0067 0.0058 0.0077 0.0044 
      H081.7  2 0.0199 0.0065 0.0090 0.0065 0.0037 0.0187 0.0054 0.0067 0.0142 0.1556 0.0059 0.0106 0.0096 0.1714 0.0093 0.0053 0.0167 0.3504 0.0321 0.0120 0.0942 0.0078 0.0110 0.0051 0.0122 
      H081.8  2 0.0270 0.0062 0.0207 0.0159 0.0065 0.0218 0.0060 0.0071 0.0120 0.0497 0.0064 0.0074 0.0086 0.5709 0.0094 0.0074 0.0420 0.0629 0.0168 0.0410 0.0098 0.0103 0.0155 0.0057 0.0131 
      H083.1  2 0.0069 0.0101 0.0215 0.0316 0.0058 0.0149 0.0094 0.0103 0.0061 0.0206 0.0158 0.0104 0.0318 0.4581 0.0129 0.0069 0.0085 0.2717 0.0030 0.0073 0.0067 0.0047 0.0065 0.0149 0.0038 
      H083.2  2 0.0040 0.0041 0.0083 0.0172 0.0090 0.0055 0.0084 0.0061 0.0072 0.0103 0.0054 0.0324 0.0193 0.6161 0.0122 0.0176 0.0042 0.1525 0.0074 0.0062 0.0122 0.0060 0.0045 0.0157 0.0081 
      H083.4  2 0.0069 0.0038 0.0385 0.0600 0.0096 0.0121 0.0053 0.0087 0.0072 0.0128 0.0055 0.0095 0.0117 0.5954 0.0082 0.0065 0.0053 0.0859 0.0074 0.0483 0.0225 0.0038 0.0040 0.0130 0.0082 
      H083.5  2 0.0043 0.0152 0.0166 0.0759 0.0046 0.0271 0.0077 0.0232 0.0062 0.0132 0.0122 0.0067 0.0062 0.5573 0.0042 0.0068 0.0049 0.1408 0.0033 0.0084 0.0141 0.0058 0.0060 0.0221 0.0070 
      H083.6  2 0.0130 0.0323 0.0251 0.0867 0.0099 0.0273 0.0071 0.0081 0.0065 0.0140 0.0116 0.0045 0.0105 0.5692 0.0229 0.0039 0.0118 0.0619 0.0060 0.0158 0.0201 0.0056 0.0083 0.0082 0.0098 
      H083.7  2 0.0051 0.0068 0.0298 0.1118 0.0125 0.0117 0.0050 0.0089 0.0054 0.0047 0.0057 0.0076 0.0075 0.6082 0.0054 0.0050 0.0043 0.0704 0.0113 0.0139 0.0194 0.0057 0.0048 0.0097 0.0195 
      H083.8  2 0.0038 0.0052 0.0079 0.0152 0.0090 0.0064 0.0083 0.0060 0.0066 0.0085 0.0053 0.0219 0.0125 0.6734 0.0088 0.0141 0.0034 0.1260 0.0077 0.0051 0.0119 0.0082 0.0062 0.0107 0.0079 
      H083.9  2 0.0049 0.0145 0.0134 0.1176 0.0069 0.0360 0.0068 0.0069 0.0052 0.0086 0.0133 0.0058 0.0130 0.4924 0.0058 0.0076 0.0065 0.1894 0.0027 0.0073 0.0092 0.0060 0.0064 0.0087 0.0055 
      H084.1  2 0.0062 0.0416 0.0072 0.0066 0.0122 0.0066 0.0125 0.0836 0.0346 0.0121 0.0100 0.0198 0.0209 0.0238 0.0434 0.0166 0.5829 0.0046 0.0058 0.0096 0.0061 0.0069 0.0104 0.0045 0.0116 
      H084.2  2 0.0105 0.0072 0.0072 0.0045 0.0086 0.0050 0.0113 0.0647 0.0431 0.0185 0.0064 0.0828 0.0057 0.0451 0.1002 0.0059 0.5146 0.0037 0.0068 0.0123 0.0032 0.0052 0.0155 0.0067 0.0053 
      H084.3  2 0.0186 0.0846 0.0055 0.0121 0.0152 0.0100 0.0108 0.2634 0.0344 0.0147 0.0247 0.0122 0.0217 0.0111 0.0669 0.0085 0.2140 0.0085 0.0060 0.0065 0.0056 0.0069 0.0226 0.0244 0.0912 
      H084.4  2 0.0560 0.0298 0.0073 0.0056 0.0107 0.0352 0.0102 0.2293 0.0319 0.0168 0.0252 0.0297 0.0090 0.0223 0.0556 0.0447 0.1979 0.0072 0.0116 0.0117 0.0034 0.0084 0.0768 0.0425 0.0211 
      H084.5  2 0.0202 0.1009 0.0049 0.0045 0.0074 0.0193 0.0084 0.0504 0.0076 0.0139 0.0070 0.0100 0.1025 0.0071 0.0434 0.0275 0.4456 0.0058 0.0072 0.0073 0.0071 0.0072 0.0363 0.0307 0.0179 
      H084.6  2 0.0093 0.0319 0.0046 0.0161 0.0075 0.0092 0.0048 0.0829 0.0139 0.0084 0.0089 0.0066 0.0237 0.0073 0.0104 0.0358 0.6073 0.0033 0.0067 0.0124 0.0067 0.0046 0.0087 0.0190 0.0502 
      H084.7  2 0.0136 0.0135 0.0084 0.0060 0.0070 0.0078 0.0106 0.0149 0.0078 0.0412 0.0104 0.0226 0.0104 0.0272 0.0816 0.0112 0.6475 0.0057 0.0075 0.0092 0.0038 0.0072 0.0101 0.0054 0.0092 
      H084.8  2 0.0073 0.1489 0.0040 0.0082 0.0088 0.0117 0.0076 0.0683 0.0092 0.0115 0.0109 0.0057 0.0202 0.0095 0.0138 0.0435 0.5200 0.0043 0.0041 0.0086 0.0059 0.0050 0.0160 0.0118 0.0352 
 H085.1_2002  2 0.0061 0.0054 0.0057 0.0084 0.0031 0.0183 0.0038 0.0105 0.0101 0.7105 0.0087 0.0119 0.0089 0.0107 0.0074 0.0040 0.0075 0.0129 0.0067 0.0057 0.1101 0.0084 0.0059 0.0047 0.0047 
 H085.1_2003  2 0.0043 0.0073 0.0140 0.0304 0.0046 0.0110 0.0046 0.0170 0.0093 0.6109 0.0130 0.0252 0.0080 0.1070 0.0081 0.0088 0.0069 0.0490 0.0056 0.0194 0.0113 0.0048 0.0119 0.0024 0.0051 
 H085.2_2002  2 0.0181 0.0125 0.0100 0.0225 0.0041 0.0051 0.0034 0.0228 0.0207 0.7254 0.0073 0.0097 0.0079 0.0202 0.0099 0.0038 0.0132 0.0058 0.0254 0.0095 0.0110 0.0118 0.0049 0.0063 0.0086 
 H085.2_2003  2 0.0125 0.0046 0.0148 0.0197 0.0066 0.0398 0.0063 0.0076 0.0083 0.6151 0.0113 0.0112 0.0064 0.0813 0.0102 0.0118 0.0075 0.0573 0.0046 0.0193 0.0062 0.0094 0.0175 0.0062 0.0043 
 H085.3_2002  2 0.0061 0.0061 0.0058 0.0066 0.0054 0.0048 0.0055 0.0041 0.0061 0.8484 0.0084 0.0064 0.0049 0.0051 0.0039 0.0055 0.0039 0.0090 0.0054 0.0032 0.0211 0.0083 0.0069 0.0041 0.0050 
 H085.3_2003  2 0.0277 0.0036 0.0175 0.0053 0.0066 0.0135 0.0081 0.0033 0.0041 0.3675 0.0066 0.0142 0.0046 0.0073 0.0046 0.0108 0.0061 0.4234 0.0043 0.0053 0.0068 0.0057 0.0327 0.0041 0.0062 
 H085.4_2002  2 0.0284 0.0194 0.0245 0.0187 0.0063 0.0210 0.0065 0.0263 0.0263 0.5514 0.0107 0.0187 0.0116 0.0311 0.0109 0.0032 0.0128 0.0223 0.0498 0.0098 0.0480 0.0194 0.0065 0.0069 0.0095 
 H085.4_2003  2 0.0191 0.0064 0.0063 0.0055 0.0047 0.0067 0.0083 0.0061 0.0056 0.4182 0.0546 0.0067 0.1230 0.0646 0.0041 0.0063 0.0134 0.1638 0.0088 0.0034 0.0058 0.0292 0.0121 0.0073 0.0101 
 H085.5_2002  2 0.0071 0.0062 0.0054 0.0034 0.0043 0.0064 0.0059 0.0043 0.0081 0.7576 0.0068 0.0151 0.0045 0.0038 0.0040 0.0039 0.0033 0.0139 0.0083 0.0034 0.0944 0.0118 0.0089 0.0031 0.0060 
 H085.5_2003  2 0.0222 0.0031 0.0210 0.0344 0.0084 0.0411 0.0063 0.0068 0.0090 0.3706 0.0158 0.0073 0.0070 0.0260 0.0189 0.0090 0.0091 0.3334 0.0048 0.0100 0.0150 0.0041 0.0068 0.0043 0.0057 
 H085.6_2002  2 0.0043 0.0060 0.0042 0.0063 0.0034 0.0076 0.0044 0.0056 0.0249 0.8259 0.0063 0.0103 0.0062 0.0057 0.0069 0.0052 0.0047 0.0040 0.0091 0.0041 0.0244 0.0084 0.0043 0.0033 0.0045 
 H085.6_2003  2 0.0115 0.0073 0.0062 0.0037 0.0054 0.0090 0.0070 0.0045 0.0054 0.8179 0.0056 0.0125 0.0062 0.0048 0.0038 0.0093 0.0047 0.0135 0.0076 0.0053 0.0059 0.0092 0.0222 0.0054 0.0060 
 H085.7_2002  2 0.0077 0.0035 0.0039 0.0064 0.0041 0.0077 0.0044 0.0053 0.0070 0.8554 0.0072 0.0044 0.0046 0.0073 0.0041 0.0074 0.0058 0.0083 0.0045 0.0051 0.0101 0.0097 0.0056 0.0061 0.0045 
 H085.7_2003  2 0.0127 0.0087 0.0380 0.0088 0.0087 0.0347 0.0129 0.0089 0.0106 0.1622 0.0157 0.1163 0.0121 0.0641 0.0076 0.0115 0.0074 0.3798 0.0063 0.0063 0.0110 0.0082 0.0293 0.0051 0.0131 
 H085.8_2002  2 0.0293 0.0099 0.0148 0.0055 0.0047 0.0079 0.0044 0.0107 0.0091 0.7593 0.0062 0.0114 0.0049 0.0087 0.0052 0.0050 0.0094 0.0096 0.0281 0.0111 0.0063 0.0128 0.0119 0.0063 0.0074 
 H085.8_2003  2 0.0127 0.0068 0.0090 0.0172 0.0054 0.0099 0.0061 0.0048 0.0060 0.7683 0.0225 0.0108 0.0238 0.0126 0.0080 0.0076 0.0063 0.0104 0.0057 0.0054 0.0070 0.0107 0.0106 0.0051 0.0072 
      H085.9  2 0.0083 0.0078 0.0050 0.0057 0.0044 0.0082 0.0063 0.0101 0.0069 0.8070 0.0098 0.0076 0.0065 0.0070 0.0046 0.0039 0.0051 0.0095 0.0051 0.0051 0.0371 0.0122 0.0071 0.0042 0.0053 
      H088.1  2 0.0039 0.0933 0.0203 0.0101 0.0429 0.0350 0.0204 0.0071 0.0494 0.0747 0.4811 0.0084 0.0052 0.0143 0.0084 0.0045 0.0122 0.0059 0.0063 0.0252 0.0205 0.0229 0.0061 0.0054 0.0166 
      H088.2  2 0.0068 0.0461 0.0102 0.0067 0.0071 0.0076 0.0138 0.0074 0.0178 0.0327 0.6958 0.0123 0.0089 0.0090 0.0115 0.0072 0.0058 0.0059 0.0134 0.0067 0.0139 0.0135 0.0103 0.0183 0.0112 
      H088.3  2 0.0046 0.0119 0.0055 0.0057 0.0054 0.0108 0.0072 0.0045 0.0130 0.0110 0.7974 0.0114 0.0055 0.0058 0.0085 0.0086 0.0067 0.0042 0.0080 0.0118 0.0074 0.0110 0.0097 0.0193 0.0050 
      H088.4  2 0.0047 0.0057 0.0059 0.0032 0.0126 0.0066 0.0050 0.0061 0.0097 0.0061 0.7944 0.0092 0.0049 0.0130 0.0089 0.0058 0.0259 0.0065 0.0119 0.0147 0.0039 0.0070 0.0175 0.0073 0.0033 
      H088.5  2 0.0035 0.0091 0.0060 0.0044 0.0101 0.0078 0.0059 0.0051 0.0092 0.0051 0.8558 0.0048 0.0045 0.0079 0.0033 0.0047 0.0076 0.0032 0.0082 0.0092 0.0048 0.0067 0.0051 0.0035 0.0045 
      H088.6  2 0.0036 0.0116 0.0128 0.0054 0.0102 0.0165 0.0073 0.0046 0.0131 0.0113 0.8006 0.0059 0.0051 0.0147 0.0040 0.0076 0.0090 0.0047 0.0072 0.0187 0.0054 0.0050 0.0059 0.0045 0.0052 
      H088.7  2 0.0046 0.0160 0.0059 0.0053 0.0058 0.0181 0.0052 0.0062 0.0102 0.0213 0.6924 0.0133 0.0131 0.0676 0.0084 0.0127 0.0067 0.0117 0.0067 0.0154 0.0085 0.0078 0.0227 0.0095 0.0050 
      H088.8  2 0.0054 0.0155 0.0107 0.0068 0.0326 0.0559 0.0059 0.0050 0.0206 0.0139 0.6151 0.0069 0.0076 0.0806 0.0067 0.0085 0.0118 0.0128 0.0068 0.0300 0.0072 0.0089 0.0102 0.0050 0.0094 
      H091.1  2 0.0212 0.0053 0.0281 0.0119 0.0077 0.0132 0.0072 0.0062 0.0044 0.0509 0.6681 0.0813 0.0079 0.0081 0.0070 0.0049 0.0041 0.0163 0.0035 0.0041 0.0039 0.0054 0.0181 0.0049 0.0063 
      H091.2  2 0.0085 0.0057 0.0614 0.0160 0.0098 0.0365 0.0066 0.0039 0.0046 0.0287 0.6492 0.0443 0.0130 0.0147 0.0136 0.0095 0.0043 0.0149 0.0040 0.0064 0.0028 0.0099 0.0064 0.0049 0.0204 
      H109.1  2 0.0186 0.0196 0.0149 0.1363 0.0086 0.0196 0.0178 0.0388 0.0259 0.0055 0.0052 0.0919 0.2045 0.0273 0.0375 0.1413 0.0377 0.0059 0.0076 0.0786 0.0231 0.0080 0.0086 0.0086 0.0085 
      H109.2  2 0.0150 0.0091 0.0203 0.0163 0.0082 0.0101 0.0064 0.0187 0.0234 0.0052 0.0155 0.0497 0.0672 0.0424 0.0736 0.0725 0.3918 0.0241 0.0141 0.0124 0.0052 0.0226 0.0450 0.0104 0.0208 
      H109.3  2 0.0070 0.0113 0.0425 0.0078 0.0098 0.0162 0.0124 0.0070 0.0104 0.0062 0.0360 0.5173 0.0140 0.0096 0.0256 0.1455 0.0391 0.0129 0.0064 0.0094 0.0035 0.0075 0.0184 0.0096 0.0146 
      H109.4  2 0.0136 0.0096 0.1523 0.0195 0.0221 0.0135 0.0117 0.0248 0.0599 0.0052 0.0288 0.2241 0.0343 0.0109 0.0461 0.0614 0.1275 0.0125 0.0170 0.0406 0.0063 0.0135 0.0293 0.0053 0.0102 
      H109.5  2 0.0096 0.0391 0.0339 0.0055 0.0086 0.0086 0.0093 0.0041 0.0058 0.0092 0.0940 0.4552 0.0219 0.0342 0.0155 0.0306 0.0561 0.0834 0.0091 0.0053 0.0048 0.0105 0.0258 0.0097 0.0101 
      H109.6  2 0.0088 0.0234 0.0212 0.0137 0.0137 0.0546 0.0205 0.0213 0.0220 0.0045 0.0148 0.1152 0.0905 0.0272 0.0228 0.0535 0.2635 0.0170 0.0110 0.0903 0.0089 0.0105 0.0270 0.0158 0.0284 
      H126.1  2 0.0314 0.0103 0.0244 0.0062 0.0730 0.0122 0.0300 0.0089 0.0221 0.0067 0.0179 0.0139 0.1612 0.0125 0.0655 0.0091 0.0064 0.0069 0.3150 0.0158 0.0777 0.0264 0.0133 0.0253 0.0080 
      H126.2  2 0.0152 0.0048 0.1714 0.0164 0.0271 0.0861 0.0164 0.0216 0.0483 0.0076 0.0149 0.0065 0.1071 0.0621 0.0192 0.0209 0.0095 0.0664 0.1672 0.0103 0.0414 0.0085 0.0296 0.0157 0.0060 
      H126.3  2 0.0117 0.0085 0.1480 0.0156 0.0131 0.0852 0.0082 0.0071 0.0068 0.0102 0.0195 0.0083 0.4149 0.0950 0.0284 0.0047 0.0035 0.0096 0.0454 0.0156 0.0107 0.0063 0.0042 0.0156 0.0038 
      H126.4  2 0.0060 0.0089 0.0281 0.0107 0.3521 0.0084 0.0089 0.0062 0.0089 0.0068 0.0065 0.0057 0.0170 0.0118 0.0330 0.0076 0.0063 0.0138 0.3939 0.0103 0.0136 0.0139 0.0091 0.0078 0.0047 
      H126.5  2 0.0099 0.0068 0.2274 0.0075 0.0271 0.0601 0.0239 0.0044 0.0208 0.0077 0.0056 0.0066 0.0961 0.0126 0.0168 0.0047 0.0054 0.1623 0.0991 0.0105 0.0248 0.0579 0.0296 0.0667 0.0058 
      H126.6  2 0.0037 0.0034 0.1117 0.0059 0.0041 0.0664 0.0098 0.0044 0.0238 0.0184 0.0108 0.0105 0.2862 0.1247 0.0076 0.0056 0.0039 0.0451 0.0403 0.0066 0.1447 0.0126 0.0107 0.0357 0.0032 
      H126.7  2 0.0084 0.0035 0.1052 0.0084 0.0548 0.0094 0.0086 0.0032 0.0138 0.0171 0.0488 0.0089 0.0485 0.1347 0.0098 0.0053 0.0081 0.3639 0.0099 0.0072 0.0837 0.0058 0.0173 0.0099 0.0054 
      H130.1  2 0.0083 0.0130 0.0113 0.0070 0.0135 0.0089 0.0242 0.0054 0.3781 0.0702 0.0173 0.0347 0.0088 0.0082 0.0127 0.0135 0.0082 0.0044 0.0225 0.0249 0.0060 0.2583 0.0209 0.0123 0.0074 
      H130.2  2 0.0063 0.0060 0.0155 0.0239 0.0063 0.0107 0.0216 0.0086 0.0300 0.5413 0.0066 0.0182 0.0077 0.0092 0.0151 0.0461 0.0664 0.0079 0.0202 0.0729 0.0060 0.0289 0.0085 0.0050 0.0114 
      H130.3  2 0.0048 0.0112 0.0054 0.0035 0.0318 0.0079 0.1689 0.0042 0.2736 0.0356 0.0146 0.0105 0.0060 0.0193 0.2504 0.0055 0.0436 0.0252 0.0060 0.0169 0.0047 0.0285 0.0075 0.0058 0.0089 
      H130.4  2 0.0065 0.0089 0.0099 0.0188 0.0102 0.0062 0.1376 0.0169 0.1995 0.1327 0.0113 0.0464 0.0076 0.0115 0.0159 0.0126 0.0175 0.0049 0.0339 0.0324 0.0107 0.2163 0.0063 0.0073 0.0182 
      H130.5  2 0.0052 0.0079 0.0073 0.0140 0.0043 0.0043 0.0076 0.0045 0.0641 0.6702 0.0058 0.0176 0.0063 0.0095 0.0133 0.0080 0.0186 0.0079 0.0156 0.0112 0.0080 0.0630 0.0097 0.0055 0.0106 
      H133.1  2 0.0051 0.0043 0.0037 0.0056 0.0044 0.0038 0.0069 0.0096 0.0053 0.0082 0.0057 0.8474 0.0081 0.0100 0.0074 0.0069 0.0081 0.0056 0.0134 0.0037 0.0059 0.0064 0.0057 0.0042 0.0047 
      H133.2  2 0.0051 0.0071 0.0046 0.0039 0.0044 0.0066 0.0069 0.0048 0.0119 0.0114 0.0103 0.8214 0.0064 0.0047 0.0056 0.0072 0.0137 0.0058 0.0142 0.0057 0.0086 0.0120 0.0076 0.0062 0.0040 
      H133.3  2 0.0048 0.0082 0.0073 0.0083 0.0053 0.0043 0.0076 0.0161 0.0079 0.0114 0.0138 0.8038 0.0105 0.0181 0.0077 0.0071 0.0080 0.0059 0.0058 0.0045 0.0081 0.0078 0.0072 0.0039 0.0065 
      H133.4  2 0.0056 0.0050 0.0044 0.0052 0.0042 0.0064 0.0059 0.0074 0.0054 0.0125 0.0037 0.8510 0.0056 0.0054 0.0066 0.0156 0.0059 0.0043 0.0057 0.0066 0.0052 0.0056 0.0075 0.0053 0.0041 
      H133.5  2 0.0122 0.0048 0.0056 0.0070 0.0047 0.0044 0.0066 0.0060 0.0094 0.0320 0.0063 0.7678 0.0054 0.0048 0.0476 0.0055 0.0124 0.0064 0.0089 0.0067 0.0138 0.0057 0.0095 0.0037 0.0028 
      H133.6  2 0.0073 0.0140 0.0055 0.0088 0.0048 0.0048 0.0102 0.0054 0.0292 0.0620 0.0161 0.6598 0.0092 0.0187 0.0181 0.0061 0.0128 0.0047 0.0387 0.0069 0.0150 0.0118 0.0133 0.0092 0.0077 
      H133.7  2 0.0049 0.0108 0.0046 0.0066 0.0051 0.0055 0.0063 0.0170 0.0049 0.0146 0.0072 0.8069 0.0124 0.0114 0.0043 0.0156 0.0045 0.0060 0.0051 0.0037 0.0082 0.0127 0.0060 0.0036 0.0124 
      H133.8  2 0.0244 0.0042 0.0044 0.0064 0.0049 0.0059 0.0173 0.0087 0.0050 0.0064 0.0051 0.8174 0.0061 0.0054 0.0088 0.0096 0.0050 0.0045 0.0067 0.0040 0.0231 0.0052 0.0043 0.0034 0.0039 
      H133.9  2 0.0044 0.0042 0.0041 0.0078 0.0075 0.0042 0.0083 0.0091 0.0064 0.0092 0.0063 0.8392 0.0049 0.0095 0.0127 0.0073 0.0061 0.0054 0.0105 0.0031 0.0051 0.0098 0.0053 0.0046 0.0048 
      H147.1  2 0.0224 0.0172 0.0031 0.0103 0.0041 0.0107 0.0028 0.0086 0.0042 0.0132 0.0173 0.0067 0.0142 0.0050 0.0042 0.0086 0.0307 0.7472 0.0087 0.0043 0.0104 0.0141 0.0122 0.0096 0.0101 
      H147.2  2 0.0112 0.0062 0.0031 0.0033 0.0039 0.0051 0.0040 0.0033 0.0049 0.0262 0.0058 0.0044 0.0065 0.0044 0.0045 0.0036 0.0078 0.8478 0.0053 0.0040 0.0062 0.0055 0.0102 0.0084 0.0043 
      H147.3  2 0.0061 0.0047 0.0029 0.0039 0.0042 0.0046 0.0040 0.0039 0.0038 0.0047 0.0032 0.0039 0.0049 0.0034 0.0041 0.0035 0.0082 0.8941 0.0037 0.0023 0.0074 0.0038 0.0052 0.0053 0.0041 
      H147.4  2 0.0101 0.0040 0.0034 0.0062 0.0038 0.0116 0.0032 0.0111 0.0036 0.0055 0.0054 0.0028 0.0047 0.0046 0.0035 0.0061 0.0179 0.8655 0.0023 0.0032 0.0050 0.0032 0.0053 0.0044 0.0036 
      H147.5  2 0.0087 0.0176 0.0078 0.0113 0.0134 0.0123 0.0054 0.0043 0.0060 0.0086 0.0488 0.0052 0.0077 0.0044 0.0091 0.0060 0.0427 0.7199 0.0048 0.0080 0.0128 0.0066 0.0154 0.0083 0.0048 
      H147.6  2 0.0080 0.0101 0.0060 0.0115 0.0099 0.0082 0.0044 0.0039 0.0070 0.0092 0.0626 0.0062 0.0102 0.0042 0.0090 0.0102 0.0631 0.7040 0.0045 0.0078 0.0088 0.0048 0.0161 0.0063 0.0041 
      H147.7  2 0.0096 0.0078 0.0040 0.0076 0.0048 0.0456 0.0044 0.0129 0.0032 0.0035 0.0071 0.0037 0.0071 0.0159 0.0045 0.0092 0.0176 0.7992 0.0039 0.0029 0.0052 0.0051 0.0068 0.0044 0.0039 
      H147.8  2 0.0076 0.0074 0.0088 0.0165 0.0081 0.0170 0.0034 0.0175 0.0036 0.0102 0.0313 0.0051 0.0088 0.0191 0.0074 0.0106 0.0486 0.7352 0.0028 0.0063 0.0063 0.0031 0.0079 0.0050 0.0025 
      H147.9  2 0.0077 0.0049 0.0042 0.0039 0.0043 0.0070 0.0031 0.0035 0.0032 0.0069 0.0041 0.0033 0.0064 0.0040 0.0033 0.0057 0.0098 0.8790 0.0036 0.0034 0.0056 0.0047 0.0108 0.0045 0.0032 
      H148.1  2 0.0664 0.1001 0.0109 0.0258 0.0119 0.0260 0.0056 0.0480 0.0308 0.0185 0.0202 0.0096 0.0151 0.0091 0.0653 0.0264 0.0469 0.0093 0.1483 0.1028 0.0082 0.0904 0.0654 0.0152 0.0239 
      H148.2  2 0.0279 0.3369 0.0077 0.0205 0.0142 0.0154 0.0046 0.0382 0.0289 0.0140 0.0058 0.0072 0.0309 0.0175 0.0860 0.0124 0.0251 0.0121 0.0540 0.0616 0.0163 0.0730 0.0149 0.0114 0.0634 
      H148.3  2 0.2382 0.2086 0.0063 0.0086 0.0072 0.0139 0.0124 0.0345 0.0054 0.0209 0.0159 0.0050 0.0060 0.0178 0.0059 0.0192 0.0173 0.0063 0.0200 0.0417 0.0065 0.0196 0.0175 0.0098 0.2356 
      H148.4  2 0.0641 0.1791 0.0071 0.0063 0.0127 0.0415 0.0085 0.0279 0.0149 0.0234 0.0104 0.0081 0.0115 0.0122 0.0526 0.0083 0.0069 0.0129 0.0502 0.2133 0.0125 0.1325 0.0283 0.0177 0.0370 
      H148.5  2 0.0267 0.3874 0.0088 0.0077 0.0195 0.0107 0.0126 0.0202 0.0074 0.0079 0.0284 0.0049 0.0083 0.0094 0.0142 0.0100 0.0434 0.0061 0.0111 0.1546 0.0112 0.0148 0.0097 0.0244 0.1406 
      H148.6  2 0.0480 0.2649 0.0060 0.0428 0.0079 0.0197 0.0047 0.0907 0.0170 0.0160 0.0157 0.0051 0.0109 0.0136 0.0254 0.0124 0.0140 0.0098 0.0263 0.0609 0.0117 0.0937 0.0196 0.0134 0.1499 
      H148.7  2 0.0258 0.3277 0.0145 0.0126 0.0893 0.0198 0.0069 0.0208 0.0182 0.0071 0.0171 0.0067 0.0143 0.0078 0.1040 0.0189 0.0177 0.0075 0.0223 0.1291 0.0062 0.0336 0.0137 0.0153 0.0435 
      H148.8  2 0.0222 0.3774 0.0050 0.0068 0.0150 0.0059 0.0056 0.0283 0.0062 0.0100 0.0212 0.0048 0.0059 0.0053 0.0247 0.0059 0.0088 0.0094 0.0115 0.0506 0.0080 0.2490 0.0100 0.0086 0.0939 
      H148.9  2 0.0806 0.0855 0.0140 0.0146 0.0193 0.0173 0.0124 0.1173 0.0137 0.0172 0.0079 0.0059 0.0335 0.0090 0.1538 0.0528 0.0162 0.0069 0.0187 0.0550 0.0500 0.0868 0.0088 0.0160 0.0870 
   H166022.1  2 0.0116 0.0095 0.0063 0.0400 0.0041 0.0114 0.0039 0.0082 0.0102 0.0161 0.7600 0.0060 0.0080 0.0060 0.0105 0.0078 0.0232 0.0142 0.0042 0.0037 0.0051 0.0080 0.0046 0.0126 0.0047 
   H166022.2  2 0.0089 0.0155 0.0113 0.0367 0.0164 0.0340 0.0120 0.0101 0.0066 0.1331 0.3262 0.0058 0.0091 0.0237 0.0152 0.0271 0.0702 0.0698 0.0049 0.0241 0.0099 0.0159 0.0618 0.0389 0.0126 
   H166022.3  2 0.0071 0.0115 0.0072 0.1442 0.0198 0.0099 0.0061 0.0054 0.0298 0.0271 0.5168 0.0043 0.0040 0.0049 0.0826 0.0095 0.0142 0.0062 0.0031 0.0272 0.0044 0.0215 0.0133 0.0082 0.0119 
   H166022.4  2 0.0101 0.0109 0.0101 0.0161 0.0110 0.0133 0.0090 0.0046 0.0155 0.0640 0.6535 0.0056 0.0043 0.0054 0.0531 0.0054 0.0184 0.0081 0.0030 0.0261 0.0047 0.0054 0.0189 0.0168 0.0067 
   H166022.5  2 0.0118 0.0081 0.0064 0.0176 0.0077 0.0177 0.0103 0.0054 0.0128 0.1179 0.5620 0.0062 0.0060 0.0120 0.0429 0.0070 0.0592 0.0169 0.0034 0.0110 0.0033 0.0065 0.0210 0.0210 0.0058 
   H166022.6  2 0.0111 0.0114 0.0079 0.0307 0.0092 0.0169 0.0058 0.0180 0.0808 0.0252 0.6071 0.0097 0.0050 0.0069 0.0163 0.0220 0.0214 0.0112 0.0068 0.0078 0.0048 0.0230 0.0154 0.0201 0.0056 
   H166022.7  2 0.0057 0.0051 0.0076 0.0035 0.0063 0.0084 0.0068 0.0051 0.0049 0.0056 0.0054 0.0065 0.0069 0.0089 0.0046 0.0112 0.0093 0.0065 0.0096 0.8477 0.0042 0.0059 0.0065 0.0041 0.0039 
   H166022.8  2 0.0147 0.0145 0.0063 0.0358 0.0082 0.0211 0.0110 0.0055 0.0334 0.2059 0.1226 0.0094 0.0062 0.0155 0.0325 0.0125 0.1281 0.0438 0.0201 0.0063 0.0099 0.0676 0.0434 0.1195 0.0065 
   H167397.1  2 0.0151 0.0088 0.0079 0.0054 0.0051 0.0071 0.0060 0.4436 0.0046 0.0095 0.2757 0.0081 0.0129 0.0413 0.0063 0.0107 0.0260 0.0162 0.0220 0.0081 0.0048 0.0078 0.0272 0.0075 0.0124 
   H167397.2  2 0.0624 0.0147 0.0077 0.0385 0.0063 0.0147 0.0074 0.4641 0.0076 0.0856 0.0081 0.0103 0.0075 0.0172 0.0248 0.0097 0.0140 0.0355 0.0321 0.0131 0.0304 0.0455 0.0186 0.0141 0.0103 
   H167397.3  2 0.0102 0.0058 0.0108 0.0078 0.0058 0.0076 0.0067 0.5485 0.0043 0.0069 0.1048 0.0110 0.0353 0.0751 0.0137 0.0101 0.0180 0.0218 0.0346 0.0068 0.0039 0.0161 0.0102 0.0087 0.0155 
   H167397.4  2 0.0705 0.0660 0.0107 0.0163 0.0075 0.0194 0.0098 0.5245 0.0064 0.0464 0.0108 0.0115 0.0083 0.0104 0.0285 0.0375 0.0130 0.0237 0.0029 0.0138 0.0275 0.0103 0.0063 0.0061 0.0120 
   H167397.5  2 0.0540 0.0102 0.0157 0.0117 0.0092 0.0075 0.0055 0.5389 0.0066 0.0494 0.0230 0.0116 0.0050 0.0113 0.0214 0.0268 0.0266 0.0214 0.0207 0.0211 0.0077 0.0149 0.0610 0.0091 0.0097 
   H167397.6  2 0.0140 0.0188 0.0156 0.0065 0.0115 0.0067 0.0102 0.5384 0.0080 0.0087 0.0344 0.0159 0.0824 0.1067 0.0144 0.0128 0.0066 0.0100 0.0120 0.0064 0.0097 0.0278 0.0058 0.0100 0.0068 
   H167496.1  2 0.0287 0.1363 0.0378 0.0182 0.0156 0.0101 0.0130 0.0071 0.0908 0.0741 0.2322 0.0467 0.0197 0.0353 0.0431 0.0149 0.0135 0.0059 0.0096 0.0079 0.0038 0.0101 0.0356 0.0243 0.0657 
   H167496.2  2 0.0108 0.0508 0.0374 0.0075 0.0114 0.0345 0.0082 0.0109 0.0528 0.0425 0.0203 0.0483 0.0750 0.1282 0.0191 0.0153 0.0198 0.0143 0.0175 0.0529 0.0099 0.0174 0.1714 0.0521 0.0716 
   H167496.3  2 0.0221 0.0174 0.0100 0.0240 0.0241 0.0174 0.0164 0.0059 0.0483 0.5452 0.0427 0.0165 0.0174 0.0128 0.0126 0.0098 0.0055 0.0164 0.0052 0.0049 0.0164 0.0277 0.0306 0.0104 0.0402 
   H167496.4  2 0.0081 0.0045 0.0073 0.0090 0.0064 0.0129 0.0056 0.0055 0.0064 0.0443 0.7544 0.0049 0.0069 0.0080 0.0097 0.0059 0.0063 0.0333 0.0042 0.0060 0.0114 0.0061 0.0241 0.0051 0.0037 
   H167496.6  2 0.0077 0.0097 0.0060 0.0050 0.0123 0.0184 0.0089 0.0052 0.0053 0.0285 0.1588 0.0070 0.0097 0.0103 0.0152 0.0075 0.0128 0.0400 0.0047 0.0077 0.0074 0.0064 0.5859 0.0161 0.0036 
   H167496.7  2 0.0697 0.0086 0.0362 0.0315 0.0193 0.0123 0.0103 0.0053 0.1088 0.0664 0.0341 0.0175 0.0967 0.0083 0.0285 0.0345 0.0097 0.0148 0.0098 0.0048 0.0052 0.1010 0.1316 0.0407 0.0942 
   H167496.8  2 0.0104 0.0129 0.0072 0.0105 0.0058 0.0175 0.0057 0.0095 0.0036 0.0332 0.1551 0.0073 0.0323 0.0133 0.0084 0.0125 0.0166 0.0373 0.0056 0.0082 0.0061 0.0085 0.5528 0.0139 0.0057 
   H167513.1  2 0.0059 0.0067 0.0067 0.0084 0.0053 0.0116 0.0086 0.0060 0.0178 0.0121 0.0087 0.0101 0.0110 0.0057 0.0129 0.7794 0.0094 0.0088 0.0078 0.0134 0.0072 0.0070 0.0095 0.0159 0.0043 
   H167513.2  2 0.0065 0.0143 0.0065 0.0047 0.0085 0.0064 0.0040 0.0164 0.0086 0.0069 0.0137 0.0070 0.0103 0.0065 0.0063 0.7916 0.0053 0.0035 0.0070 0.0046 0.0068 0.0151 0.0206 0.0069 0.0121 
