      H008.1  2 0.0079 0.0111 0.0115 0.0090 0.6702 0.1284 0.0081 0.0087 0.0095 0.0065 0.0264 0.0407 0.0100 0.0086 0.0101 0.0065 0.0114 0.0155 
      H008.2  2 0.0078 0.0330 0.0370 0.0187 0.0477 0.1576 0.0134 0.0150 0.0073 0.0345 0.0316 0.3997 0.0089 0.0689 0.0124 0.0407 0.0093 0.0564 
      H008.3  2 0.0178 0.0108 0.0310 0.0057 0.0187 0.4408 0.0082 0.0319 0.0122 0.0229 0.0312 0.2341 0.0076 0.0128 0.0260 0.0296 0.0151 0.0434 
      H008.4  2 0.0066 0.0210 0.0112 0.0086 0.4597 0.0699 0.0301 0.0278 0.0098 0.0392 0.1219 0.0936 0.0233 0.0227 0.0093 0.0128 0.0193 0.0132 
      H008.5  2 0.0086 0.0084 0.0132 0.0091 0.5987 0.0541 0.0069 0.0384 0.0075 0.0151 0.0811 0.0819 0.0119 0.0084 0.0120 0.0154 0.0073 0.0219 
      H008.6  2 0.0054 0.0535 0.0062 0.0071 0.1157 0.0555 0.0228 0.0185 0.0113 0.0562 0.0557 0.4109 0.0163 0.0501 0.0174 0.0239 0.0108 0.0627 
      H008.7  2 0.0079 0.0330 0.0426 0.0111 0.1793 0.0936 0.0235 0.0421 0.0160 0.0609 0.0854 0.2922 0.0129 0.0219 0.0124 0.0089 0.0290 0.0272 
      H008.8  2 0.0061 0.0756 0.0195 0.0230 0.0642 0.4667 0.0142 0.0075 0.0164 0.0106 0.0290 0.0182 0.0176 0.1530 0.0216 0.0249 0.0161 0.0158 
      H008.9  2 0.0087 0.2036 0.0128 0.0067 0.0139 0.0657 0.0082 0.0163 0.0116 0.1206 0.0208 0.3007 0.0119 0.1065 0.0179 0.0272 0.0179 0.0288 
 H029.1_2002  2 0.0058 0.0255 0.0076 0.0105 0.6809 0.0112 0.0519 0.0524 0.0130 0.0165 0.0086 0.0068 0.0518 0.0215 0.0114 0.0047 0.0108 0.0094 
 H029.1_2003  2 0.0064 0.0207 0.0044 0.0077 0.0588 0.0082 0.0075 0.7217 0.0133 0.0104 0.0175 0.0105 0.0066 0.0459 0.0263 0.0069 0.0117 0.0155 
 H029.2_2002  2 0.0045 0.0069 0.0328 0.0076 0.6601 0.0056 0.0079 0.0581 0.0105 0.0302 0.0162 0.0196 0.0282 0.0118 0.0386 0.0163 0.0077 0.0375 
 H029.2_2003  2 0.0088 0.0149 0.0098 0.0161 0.1944 0.0075 0.0060 0.4761 0.0336 0.0201 0.0163 0.0149 0.0096 0.0157 0.0450 0.0171 0.0066 0.0873 
 H029.3_2002  2 0.0102 0.0089 0.0449 0.0160 0.4269 0.0169 0.0088 0.0717 0.0334 0.1267 0.0322 0.0092 0.0103 0.0831 0.0382 0.0257 0.0075 0.0294 
 H029.3_2003  2 0.0080 0.0044 0.0064 0.0154 0.5131 0.0072 0.0056 0.3281 0.0085 0.0065 0.0168 0.0186 0.0057 0.0170 0.0095 0.0048 0.0088 0.0154 
 H029.4_2002  2 0.0054 0.0040 0.0091 0.0099 0.8358 0.0080 0.0108 0.0327 0.0073 0.0162 0.0121 0.0071 0.0094 0.0103 0.0039 0.0042 0.0089 0.0049 
 H029.4_2003  2 0.0059 0.0146 0.0085 0.0740 0.1297 0.0239 0.0094 0.5960 0.0226 0.0126 0.0108 0.0091 0.0099 0.0314 0.0101 0.0131 0.0071 0.0113 
 H029.5_2002  2 0.0065 0.0071 0.0105 0.0118 0.8056 0.0044 0.0125 0.0514 0.0054 0.0049 0.0061 0.0104 0.0225 0.0094 0.0058 0.0039 0.0145 0.0074 
 H029.5_2003  2 0.0059 0.0077 0.0045 0.0138 0.3043 0.0092 0.0082 0.5074 0.0132 0.0093 0.0128 0.0256 0.0085 0.0187 0.0101 0.0041 0.0085 0.0283 
 H029.6_2002  2 0.0044 0.0051 0.0139 0.0110 0.5508 0.0138 0.0075 0.2799 0.0113 0.0365 0.0108 0.0052 0.0058 0.0191 0.0053 0.0066 0.0066 0.0064 
 H029.6_2003  2 0.0156 0.0168 0.0093 0.0944 0.5305 0.0093 0.0069 0.0757 0.0174 0.0094 0.0127 0.0144 0.0331 0.0162 0.0359 0.0102 0.0230 0.0692 
      H029.7  2 0.0038 0.0073 0.0162 0.0142 0.7878 0.0061 0.0066 0.0268 0.0111 0.0216 0.0087 0.0076 0.0345 0.0055 0.0115 0.0115 0.0062 0.0129 
      H030.1  2 0.3735 0.0119 0.0253 0.0941 0.0373 0.0077 0.0081 0.1128 0.0269 0.0052 0.0374 0.0558 0.0468 0.0343 0.0662 0.0092 0.0127 0.0347 
      H030.2  2 0.2907 0.0075 0.1183 0.0295 0.0525 0.0269 0.2336 0.0341 0.0110 0.0710 0.0201 0.0359 0.0157 0.0106 0.0141 0.0046 0.0160 0.0081 
      H038.1  2 0.0036 0.0076 0.0038 0.0103 0.8756 0.0137 0.0068 0.0057 0.0055 0.0224 0.0075 0.0047 0.0047 0.0064 0.0055 0.0054 0.0064 0.0044 
      H038.2  2 0.0076 0.0031 0.0060 0.0051 0.8899 0.0068 0.0089 0.0053 0.0072 0.0052 0.0053 0.0062 0.0144 0.0053 0.0061 0.0029 0.0072 0.0075 
      H038.3  2 0.0216 0.0090 0.0067 0.0231 0.7904 0.0065 0.0150 0.0044 0.0102 0.0307 0.0127 0.0119 0.0145 0.0120 0.0102 0.0038 0.0123 0.0050 
      H038.4  2 0.0101 0.0044 0.0075 0.0197 0.8294 0.0061 0.0076 0.0046 0.0083 0.0274 0.0138 0.0079 0.0117 0.0103 0.0077 0.0043 0.0145 0.0048 
      H038.5  2 0.0110 0.0052 0.0092 0.0279 0.7989 0.0087 0.0043 0.0098 0.0121 0.0176 0.0075 0.0084 0.0052 0.0534 0.0045 0.0033 0.0073 0.0057 
      H038.6  2 0.0053 0.0046 0.0040 0.0078 0.8887 0.0082 0.0068 0.0095 0.0077 0.0086 0.0045 0.0062 0.0060 0.0082 0.0064 0.0037 0.0033 0.0105 
      H038.7  2 0.0077 0.0045 0.0030 0.0161 0.8564 0.0065 0.0203 0.0054 0.0097 0.0089 0.0068 0.0074 0.0112 0.0096 0.0121 0.0037 0.0052 0.0055 
      H038.8  2 0.0135 0.0043 0.0072 0.0116 0.8074 0.0071 0.0129 0.0044 0.0081 0.0647 0.0115 0.0064 0.0104 0.0068 0.0062 0.0036 0.0088 0.0051 
      H041.1  2 0.0106 0.0089 0.0908 0.3869 0.1199 0.0140 0.0141 0.1912 0.0055 0.0207 0.0160 0.0456 0.0181 0.0051 0.0074 0.0151 0.0180 0.0122 
      H041.2  2 0.0073 0.0180 0.0058 0.0130 0.0531 0.0110 0.0285 0.6498 0.0047 0.0279 0.0259 0.0490 0.0486 0.0099 0.0104 0.0071 0.0232 0.0067 
      H041.4  2 0.0105 0.0393 0.0100 0.0366 0.2373 0.0138 0.0128 0.4340 0.0096 0.0237 0.0130 0.0503 0.0151 0.0154 0.0107 0.0225 0.0372 0.0083 
      H041.6  2 0.0117 0.0420 0.0149 0.0284 0.2342 0.0162 0.0252 0.3923 0.0089 0.0170 0.0544 0.0356 0.0376 0.0142 0.0172 0.0263 0.0177 0.0062 
 H042.1_2002  2 0.0097 0.0334 0.0080 0.0091 0.0056 0.0445 0.0180 0.6170 0.0097 0.0119 0.1270 0.0066 0.0343 0.0055 0.0092 0.0138 0.0191 0.0174 
 H042.1_2003  2 0.0202 0.0431 0.0123 0.0161 0.0634 0.0191 0.0314 0.0489 0.0144 0.0846 0.1110 0.2263 0.0533 0.0160 0.1177 0.0139 0.0601 0.0482 
 H042.2_2002  2 0.0063 0.0050 0.0091 0.0178 0.0958 0.0438 0.2014 0.4375 0.0244 0.0410 0.0457 0.0072 0.0102 0.0069 0.0080 0.0090 0.0143 0.0166 
 H042.2_2003  2 0.0079 0.0228 0.0040 0.0097 0.1302 0.0139 0.0188 0.2805 0.0063 0.0063 0.0506 0.0204 0.3489 0.0126 0.0092 0.0087 0.0322 0.0170 
 H042.3_2002  2 0.0100 0.0154 0.0068 0.0125 0.0067 0.0389 0.0658 0.3418 0.0140 0.0173 0.3655 0.0101 0.0195 0.0067 0.0071 0.0117 0.0314 0.0187 
 H042.3_2003  2 0.0121 0.0162 0.0336 0.0824 0.0322 0.0532 0.1133 0.1178 0.0303 0.0284 0.2917 0.0188 0.0924 0.0078 0.0053 0.0141 0.0200 0.0304 
 H042.4_2002  2 0.0140 0.0137 0.0085 0.0322 0.0275 0.0078 0.0060 0.7295 0.0126 0.0169 0.0231 0.0073 0.0473 0.0094 0.0059 0.0082 0.0172 0.0129 
 H042.4_2003  2 0.0099 0.0115 0.0262 0.1699 0.0545 0.0100 0.0063 0.2826 0.0137 0.0068 0.0125 0.0125 0.3414 0.0042 0.0079 0.0127 0.0101 0.0074 
      H042.5  2 0.0047 0.0067 0.0046 0.0082 0.0086 0.0073 0.0056 0.8441 0.0065 0.0031 0.0068 0.0130 0.0460 0.0048 0.0052 0.0110 0.0058 0.0079 
      H042.6  2 0.0061 0.0098 0.0073 0.0683 0.0168 0.0292 0.0134 0.6582 0.0235 0.0085 0.0400 0.0049 0.0257 0.0051 0.0177 0.0529 0.0062 0.0064 
      H042.7  2 0.0062 0.0187 0.0079 0.0479 0.0158 0.0220 0.0681 0.3592 0.0090 0.0052 0.2583 0.0121 0.0349 0.0061 0.0233 0.0080 0.0892 0.0081 
      H042.8  2 0.0035 0.0135 0.0037 0.0091 0.0098 0.0217 0.0410 0.7120 0.0085 0.0235 0.0296 0.0143 0.0124 0.0071 0.0065 0.0238 0.0368 0.0235 
   H042_2002  2 0.0074 0.0242 0.0054 0.0748 0.0532 0.1083 0.2442 0.0292 0.0445 0.0384 0.0676 0.0333 0.1571 0.0118 0.0178 0.0459 0.0191 0.0179 
   H042_2003  2 0.0086 0.0233 0.0045 0.0545 0.0497 0.1256 0.2022 0.0370 0.0539 0.0462 0.0566 0.0293 0.1652 0.0098 0.0327 0.0557 0.0227 0.0226 
      H043.1  2 0.0066 0.0042 0.0074 0.8789 0.0093 0.0118 0.0044 0.0050 0.0102 0.0105 0.0073 0.0078 0.0046 0.0064 0.0088 0.0080 0.0031 0.0058 
      H043.2  2 0.0050 0.0127 0.0029 0.7814 0.0226 0.0253 0.0052 0.0055 0.0145 0.0192 0.0190 0.0068 0.0046 0.0110 0.0096 0.0330 0.0081 0.0135 
      H043.3  2 0.0040 0.0071 0.0033 0.8661 0.0185 0.0129 0.0126 0.0046 0.0058 0.0098 0.0093 0.0054 0.0107 0.0049 0.0100 0.0060 0.0041 0.0050 
      H043.4  2 0.0081 0.0081 0.0041 0.8477 0.0155 0.0085 0.0081 0.0049 0.0107 0.0091 0.0110 0.0080 0.0087 0.0037 0.0112 0.0226 0.0036 0.0061 
      H043.5  2 0.0039 0.0118 0.0041 0.8282 0.0154 0.0232 0.0082 0.0044 0.0088 0.0202 0.0202 0.0082 0.0054 0.0132 0.0064 0.0044 0.0062 0.0079 
      H043.6  2 0.0057 0.0130 0.0032 0.8623 0.0204 0.0111 0.0065 0.0044 0.0052 0.0193 0.0133 0.0028 0.0059 0.0058 0.0046 0.0057 0.0052 0.0056 
      H043.7  2 0.0039 0.0098 0.0033 0.8842 0.0074 0.0051 0.0077 0.0043 0.0057 0.0083 0.0081 0.0038 0.0066 0.0045 0.0077 0.0208 0.0046 0.0042 
      H043.8  2 0.0062 0.0060 0.0055 0.8869 0.0072 0.0146 0.0076 0.0035 0.0064 0.0060 0.0087 0.0034 0.0044 0.0102 0.0050 0.0068 0.0064 0.0052 
      H043.9  2 0.0041 0.0038 0.0052 0.8968 0.0100 0.0100 0.0088 0.0049 0.0070 0.0074 0.0057 0.0045 0.0049 0.0051 0.0067 0.0079 0.0029 0.0043 
      H047.1  2 0.0046 0.0083 0.0053 0.0051 0.3866 0.0241 0.0385 0.0060 0.0045 0.0064 0.0174 0.4365 0.0210 0.0051 0.0086 0.0063 0.0051 0.0107 
      H047.2  2 0.0078 0.0128 0.0140 0.0147 0.1135 0.0056 0.0109 0.0077 0.0103 0.0048 0.0092 0.6983 0.0144 0.0076 0.0323 0.0057 0.0119 0.0185 
      H047.3  2 0.0064 0.0113 0.0170 0.0191 0.0858 0.0080 0.0306 0.0119 0.0119 0.0051 0.0146 0.6645 0.0274 0.0058 0.0321 0.0114 0.0177 0.0196 
      H047.4  2 0.0108 0.0247 0.0078 0.0241 0.2324 0.0113 0.0648 0.0294 0.0093 0.0043 0.0128 0.4084 0.0518 0.0100 0.0562 0.0084 0.0212 0.0125 
      H047.5  2 0.0084 0.0095 0.0048 0.0192 0.0964 0.0138 0.0740 0.0084 0.0077 0.0035 0.0263 0.6160 0.0179 0.0058 0.0312 0.0304 0.0109 0.0159 
      H047.6  2 0.0040 0.0110 0.0087 0.0086 0.0312 0.0044 0.0594 0.0332 0.0081 0.0044 0.0066 0.7584 0.0168 0.0063 0.0130 0.0051 0.0119 0.0088 
      H047.7  2 0.0049 0.0106 0.0063 0.0050 0.3906 0.0141 0.1202 0.0082 0.0046 0.0112 0.0133 0.3203 0.0600 0.0060 0.0051 0.0056 0.0070 0.0070 
      H047.8  2 0.0041 0.0119 0.0072 0.0063 0.0599 0.0084 0.0663 0.0210 0.0097 0.0036 0.0183 0.7011 0.0276 0.0051 0.0206 0.0083 0.0112 0.0093 
      H047.9  2 0.0086 0.0099 0.0052 0.0114 0.2582 0.0250 0.1087 0.0072 0.0061 0.0044 0.0371 0.3661 0.0791 0.0057 0.0107 0.0216 0.0129 0.0221 
 H071.1_2002  2 0.0065 0.0052 0.0036 0.0136 0.8958 0.0101 0.0062 0.0044 0.0058 0.0041 0.0056 0.0040 0.0067 0.0037 0.0059 0.0079 0.0046 0.0063 
 H071.1_2003  2 0.0244 0.0274 0.0040 0.0708 0.6709 0.0105 0.0084 0.0061 0.0069 0.0119 0.0099 0.0108 0.0101 0.0057 0.0547 0.0451 0.0091 0.0132 
     H071.10  2 0.0225 0.0052 0.0091 0.0116 0.8291 0.0523 0.0086 0.0055 0.0095 0.0077 0.0065 0.0034 0.0050 0.0061 0.0048 0.0054 0.0043 0.0034 
 H071.2_2002  2 0.0068 0.0187 0.0033 0.0084 0.8471 0.0178 0.0074 0.0053 0.0085 0.0084 0.0092 0.0091 0.0050 0.0121 0.0078 0.0090 0.0063 0.0097 
 H071.2_2003  2 0.0044 0.0042 0.0031 0.0045 0.9266 0.0045 0.0046 0.0045 0.0038 0.0032 0.0053 0.0048 0.0058 0.0033 0.0037 0.0063 0.0033 0.0040 
      H071.3  2 0.0286 0.0049 0.0060 0.0238 0.7205 0.0846 0.0174 0.0077 0.0064 0.0101 0.0084 0.0236 0.0077 0.0175 0.0133 0.0053 0.0096 0.0046 
 H071.4_2002  2 0.0229 0.0089 0.0063 0.0262 0.7996 0.0304 0.0119 0.0052 0.0176 0.0119 0.0114 0.0057 0.0046 0.0122 0.0047 0.0062 0.0093 0.0050 
 H071.4_2003  2 0.0095 0.0042 0.0043 0.0063 0.8517 0.0562 0.0080 0.0042 0.0058 0.0027 0.0053 0.0058 0.0063 0.0091 0.0075 0.0038 0.0039 0.0054 
 H071.5_2002  2 0.0094 0.0048 0.0048 0.0094 0.8946 0.0171 0.0093 0.0051 0.0070 0.0043 0.0054 0.0037 0.0043 0.0036 0.0040 0.0062 0.0035 0.0037 
 H071.5_2003  2 0.0192 0.0110 0.0044 0.0287 0.7140 0.0915 0.0216 0.0057 0.0115 0.0034 0.0055 0.0093 0.0181 0.0181 0.0130 0.0094 0.0068 0.0088 
 H071.6_2002  2 0.0147 0.0051 0.0035 0.0074 0.6784 0.2017 0.0178 0.0042 0.0132 0.0045 0.0081 0.0040 0.0047 0.0093 0.0060 0.0086 0.0044 0.0042 
 H071.6_2003  2 0.0161 0.0086 0.0047 0.0311 0.8302 0.0235 0.0096 0.0049 0.0096 0.0032 0.0084 0.0047 0.0118 0.0096 0.0082 0.0058 0.0037 0.0062 
 H071.7_2002  2 0.0034 0.0056 0.0033 0.0087 0.8834 0.0190 0.0126 0.0042 0.0037 0.0041 0.0062 0.0073 0.0070 0.0048 0.0111 0.0068 0.0037 0.0053 
 H071.7_2003  2 0.0388 0.0062 0.0047 0.0384 0.7879 0.0310 0.0092 0.0044 0.0121 0.0043 0.0057 0.0047 0.0106 0.0077 0.0115 0.0095 0.0063 0.0069 
      H071.8  2 0.0046 0.0127 0.0036 0.0083 0.8679 0.0122 0.0055 0.0045 0.0064 0.0059 0.0091 0.0075 0.0056 0.0134 0.0066 0.0134 0.0069 0.0059 
      H071.9  2 0.0172 0.0203 0.0111 0.1604 0.3953 0.1430 0.0153 0.0149 0.0276 0.0149 0.0089 0.0102 0.0084 0.1052 0.0064 0.0158 0.0186 0.0065 
 H081.1_2002  2 0.0081 0.0090 0.0064 0.0050 0.8813 0.0090 0.0058 0.0054 0.0071 0.0034 0.0079 0.0046 0.0062 0.0046 0.0099 0.0137 0.0069 0.0056 
 H081.1_2003  2 0.0317 0.0351 0.0153 0.0181 0.0393 0.0165 0.0194 0.0513 0.0451 0.2040 0.0497 0.0133 0.0146 0.0223 0.3771 0.0127 0.0105 0.0242 
 H081.2_2002  2 0.0070 0.0088 0.0042 0.0078 0.8016 0.0084 0.0064 0.0058 0.0060 0.0046 0.0087 0.0084 0.0117 0.0038 0.0116 0.0844 0.0060 0.0047 
 H081.2_2003  2 0.0671 0.0147 0.0691 0.0298 0.0376 0.0313 0.0072 0.0244 0.0425 0.0084 0.0436 0.0093 0.0111 0.4518 0.0322 0.0971 0.0101 0.0127 
 H081.3_2002  2 0.0097 0.0153 0.0065 0.0132 0.8087 0.0063 0.0058 0.0068 0.0083 0.0063 0.0188 0.0296 0.0096 0.0128 0.0078 0.0256 0.0052 0.0039 
 H081.3_2003  2 0.2738 0.0272 0.0145 0.1878 0.0194 0.0205 0.0083 0.0213 0.1222 0.0149 0.0305 0.0131 0.0136 0.1559 0.0126 0.0335 0.0119 0.0191 
 H081.4_2002  2 0.0071 0.0048 0.0053 0.0062 0.8823 0.0106 0.0074 0.0071 0.0054 0.0036 0.0141 0.0079 0.0073 0.0072 0.0077 0.0046 0.0057 0.0058 
 H081.4_2003  2 0.3103 0.0877 0.0144 0.0308 0.0168 0.0140 0.0095 0.0899 0.0759 0.0159 0.0353 0.0102 0.0184 0.0307 0.1665 0.0291 0.0184 0.0263 
 H081.5_2002  2 0.0097 0.0130 0.0047 0.0083 0.8694 0.0062 0.0059 0.0076 0.0058 0.0051 0.0096 0.0072 0.0090 0.0092 0.0110 0.0081 0.0049 0.0053 
 H081.5_2003  2 0.0598 0.0839 0.0107 0.0226 0.0483 0.0128 0.0208 0.0314 0.0133 0.0186 0.0679 0.0177 0.0257 0.0145 0.4711 0.0466 0.0211 0.0133 
      H081.6  2 0.0098 0.0084 0.0033 0.0053 0.8626 0.0106 0.0085 0.0044 0.0061 0.0054 0.0125 0.0049 0.0073 0.0046 0.0196 0.0145 0.0058 0.0064 
      H081.7  2 0.0165 0.0102 0.0050 0.0112 0.7856 0.0057 0.0047 0.0045 0.0069 0.0040 0.0155 0.0094 0.0070 0.0097 0.0085 0.0839 0.0070 0.0048 
      H081.8  2 0.0218 0.0132 0.0141 0.0091 0.7439 0.0163 0.0079 0.0126 0.0102 0.0114 0.0279 0.0063 0.0068 0.0635 0.0105 0.0086 0.0096 0.0064 
      H083.1  2 0.0077 0.0036 0.0232 0.0093 0.8124 0.0142 0.0181 0.0238 0.0069 0.0093 0.0071 0.0099 0.0055 0.0089 0.0176 0.0080 0.0045 0.0101 
      H083.2  2 0.0107 0.0102 0.0204 0.0380 0.7492 0.0107 0.0125 0.0073 0.0152 0.0068 0.0061 0.0487 0.0084 0.0042 0.0212 0.0158 0.0060 0.0087 
      H083.4  2 0.0080 0.0081 0.0988 0.0178 0.6719 0.0554 0.0110 0.0077 0.0166 0.0163 0.0106 0.0186 0.0048 0.0097 0.0174 0.0148 0.0075 0.0050 
      H083.5  2 0.0062 0.0074 0.0830 0.0067 0.7097 0.0110 0.0108 0.0251 0.0067 0.0259 0.0087 0.0200 0.0073 0.0107 0.0271 0.0159 0.0096 0.0081 
      H083.6  2 0.0148 0.0054 0.0778 0.0048 0.7275 0.0179 0.0083 0.0190 0.0092 0.0101 0.0141 0.0069 0.0048 0.0253 0.0193 0.0128 0.0124 0.0098 
      H083.7  2 0.0086 0.0086 0.2220 0.0104 0.5774 0.0403 0.0067 0.0057 0.0138 0.0111 0.0092 0.0234 0.0060 0.0074 0.0101 0.0172 0.0146 0.0077 
      H083.8  2 0.0078 0.0074 0.0281 0.0294 0.7359 0.0087 0.0085 0.0081 0.0114 0.0074 0.0056 0.0867 0.0068 0.0046 0.0129 0.0136 0.0070 0.0102 
      H083.9  2 0.0057 0.0038 0.1293 0.0057 0.7273 0.0103 0.0084 0.0215 0.0052 0.0084 0.0078 0.0152 0.0070 0.0080 0.0128 0.0086 0.0067 0.0082 
      H084.1  2 0.0466 0.0076 0.0092 0.0287 0.0107 0.0088 0.0172 0.0131 0.1535 0.0912 0.0069 0.0155 0.0089 0.5294 0.0073 0.0104 0.0226 0.0126 
      H084.2  2 0.0307 0.0059 0.0071 0.1714 0.0086 0.0064 0.0089 0.0243 0.2678 0.0493 0.0094 0.0068 0.0076 0.3635 0.0127 0.0043 0.0055 0.0097 
      H084.3  2 0.3258 0.0045 0.0092 0.0127 0.0049 0.0060 0.0320 0.0199 0.0878 0.3016 0.0129 0.0080 0.0354 0.0279 0.0269 0.0074 0.0629 0.0143 
      H084.4  2 0.0551 0.0065 0.0061 0.0290 0.0093 0.0076 0.0187 0.0492 0.0657 0.2346 0.0379 0.0182 0.0832 0.2364 0.0716 0.0045 0.0594 0.0071 
      H084.5  2 0.0347 0.0070 0.0082 0.0139 0.0068 0.0058 0.2779 0.0097 0.0183 0.0852 0.0279 0.0331 0.0193 0.3442 0.0393 0.0105 0.0487 0.0096 
      H084.6  2 0.3636 0.0059 0.0546 0.0129 0.0050 0.0070 0.0417 0.0119 0.0231 0.1538 0.0192 0.0223 0.0107 0.1425 0.0102 0.0096 0.1009 0.0051 
      H084.7  2 0.0343 0.0069 0.0106 0.0498 0.0086 0.0099 0.0091 0.0337 0.0860 0.0179 0.0216 0.0093 0.0144 0.6529 0.0101 0.0065 0.0078 0.0105 
      H084.8  2 0.0274 0.0043 0.0123 0.0072 0.0052 0.0058 0.0426 0.0101 0.0206 0.1165 0.0129 0.0378 0.0193 0.4731 0.0130 0.0100 0.1707 0.0111 
 H085.1_2002  2 0.0147 0.0084 0.0134 0.0191 0.0247 0.0082 0.0126 0.0138 0.0131 0.0163 0.0100 0.0068 0.0063 0.0070 0.0098 0.8062 0.0047 0.0051 
 H085.1_2003  2 0.0136 0.0104 0.0902 0.1508 0.3056 0.0449 0.0057 0.0345 0.0145 0.0203 0.1632 0.0102 0.0085 0.0117 0.0079 0.0895 0.0131 0.0056 
 H085.2_2002  2 0.0254 0.2081 0.1295 0.0417 0.0431 0.0129 0.0135 0.0263 0.0681 0.0638 0.1078 0.0082 0.0118 0.0086 0.0255 0.1832 0.0173 0.0053 
 H085.2_2003  2 0.0092 0.0122 0.0451 0.0514 0.5810 0.0308 0.0053 0.0359 0.0177 0.0137 0.0767 0.0335 0.0105 0.0136 0.0172 0.0201 0.0104 0.0156 
 H085.3_2002  2 0.0065 0.0225 0.0183 0.0430 0.0103 0.0107 0.0044 0.0202 0.0189 0.0050 0.0585 0.0064 0.0368 0.0042 0.0134 0.7066 0.0067 0.0076 
 H085.3_2003  2 0.0113 0.0067 0.0064 0.0442 0.5830 0.0288 0.0046 0.0084 0.0077 0.0038 0.1964 0.0071 0.0191 0.0044 0.0279 0.0243 0.0068 0.0094 
 H085.4_2002  2 0.0228 0.0922 0.0241 0.0612 0.1096 0.0586 0.0128 0.0210 0.0252 0.0292 0.0821 0.0078 0.0097 0.0082 0.0122 0.4008 0.0143 0.0081 
 H085.4_2003  2 0.0290 0.0206 0.0076 0.0213 0.6559 0.0081 0.0290 0.0455 0.0072 0.0069 0.0198 0.0106 0.0735 0.0073 0.0246 0.0101 0.0147 0.0083 
 H085.5_2002  2 0.0081 0.0202 0.0043 0.0543 0.0110 0.0089 0.0043 0.0082 0.0069 0.0047 0.0364 0.0062 0.0100 0.0047 0.0077 0.7886 0.0080 0.0075 
 H085.5_2003  2 0.0144 0.0076 0.0380 0.0090 0.7426 0.0293 0.0049 0.0208 0.0091 0.0075 0.0502 0.0129 0.0084 0.0051 0.0098 0.0162 0.0042 0.0098 
 H085.6_2002  2 0.0066 0.0154 0.0227 0.0897 0.0112 0.0084 0.0073 0.0141 0.0497 0.0094 0.0215 0.0084 0.0098 0.0067 0.0122 0.6969 0.0049 0.0052 
 H085.6_2003  2 0.0149 0.0581 0.0060 0.3364 0.1026 0.0108 0.0062 0.0245 0.0096 0.0054 0.1328 0.0261 0.0799 0.0095 0.0875 0.0424 0.0319 0.0154 
 H085.7_2002  2 0.0164 0.0811 0.0629 0.0190 0.0695 0.0111 0.0059 0.0500 0.0252 0.0142 0.1234 0.0283 0.0268 0.0070 0.1112 0.3302 0.0110 0.0069 
 H085.7_2003  2 0.0145 0.0088 0.0098 0.1062 0.5462 0.0359 0.0049 0.0124 0.0095 0.0104 0.1612 0.0160 0.0154 0.0059 0.0076 0.0121 0.0117 0.0115 
 H085.8_2002  2 0.0130 0.1212 0.0177 0.1109 0.0391 0.0183 0.0046 0.0141 0.0198 0.0116 0.3085 0.0083 0.0169 0.0098 0.1175 0.1438 0.0198 0.0050 
 H085.8_2003  2 0.0268 0.0348 0.1373 0.0712 0.1851 0.0292 0.0246 0.1505 0.0286 0.0183 0.0630 0.0289 0.0867 0.0119 0.0272 0.0422 0.0216 0.0120 
      H085.9  2 0.0146 0.0205 0.0152 0.0365 0.0702 0.0130 0.0101 0.0330 0.0102 0.0319 0.0297 0.0124 0.0116 0.0083 0.0303 0.6337 0.0123 0.0066 
      H088.1  2 0.0074 0.0176 0.0092 0.0067 0.0087 0.0197 0.0050 0.7951 0.0151 0.0083 0.0063 0.0078 0.0091 0.0197 0.0084 0.0189 0.0195 0.0175 
      H088.2  2 0.0120 0.0136 0.0076 0.0135 0.0064 0.0127 0.0164 0.8011 0.0125 0.0067 0.0099 0.0140 0.0123 0.0080 0.0159 0.0187 0.0106 0.0081 
      H088.3  2 0.0055 0.0085 0.0060 0.0078 0.0056 0.0079 0.0090 0.8666 0.0077 0.0046 0.0056 0.0131 0.0081 0.0085 0.0128 0.0104 0.0059 0.0065 
      H088.4  2 0.0061 0.0076 0.0026 0.0072 0.0060 0.0061 0.0060 0.8946 0.0063 0.0047 0.0040 0.0045 0.0057 0.0150 0.0085 0.0039 0.0048 0.0065 
      H088.5  2 0.0053 0.0073 0.0046 0.0043 0.0042 0.0062 0.0046 0.9065 0.0049 0.0044 0.0048 0.0048 0.0057 0.0120 0.0046 0.0050 0.0051 0.0058 
      H088.6  2 0.0062 0.0066 0.0049 0.0056 0.0082 0.0086 0.0051 0.8705 0.0066 0.0058 0.0073 0.0089 0.0059 0.0217 0.0062 0.0045 0.0106 0.0068 
      H088.7  2 0.0042 0.0055 0.0057 0.0157 0.0199 0.0078 0.0114 0.8319 0.0070 0.0064 0.0063 0.0177 0.0124 0.0126 0.0132 0.0077 0.0077 0.0071 
      H088.8  2 0.0077 0.0069 0.0061 0.0064 0.0271 0.0165 0.0059 0.8096 0.0094 0.0058 0.0056 0.0145 0.0093 0.0359 0.0089 0.0059 0.0101 0.0083 
      H091.1  2 0.0102 0.0071 0.0138 0.0903 0.0175 0.0225 0.0063 0.6559 0.0086 0.0074 0.1020 0.0092 0.0157 0.0045 0.0053 0.0060 0.0070 0.0107 
      H091.2  2 0.0060 0.0061 0.0263 0.0350 0.0146 0.0741 0.0087 0.5729 0.0104 0.0038 0.1797 0.0158 0.0102 0.0050 0.0050 0.0045 0.0126 0.0093 
      H109.1  2 0.0071 0.0082 0.0371 0.0371 0.0080 0.0189 0.0477 0.0061 0.0393 0.0200 0.0183 0.1067 0.0078 0.5884 0.0079 0.0149 0.0161 0.0104 
      H109.2  2 0.0543 0.0220 0.0093 0.0348 0.0232 0.0627 0.0322 0.0100 0.0276 0.0112 0.0206 0.0215 0.0284 0.6046 0.0101 0.0060 0.0127 0.0086 
      H109.3  2 0.0209 0.0057 0.0108 0.6124 0.0087 0.0363 0.0139 0.0183 0.0074 0.0057 0.0125 0.0673 0.0375 0.0918 0.0159 0.0039 0.0149 0.0158 
      H109.4  2 0.0075 0.0073 0.0065 0.1630 0.0109 0.0392 0.0120 0.0074 0.0260 0.0135 0.0075 0.0164 0.0188 0.6326 0.0075 0.0077 0.0083 0.0080 
      H109.5  2 0.0182 0.0077 0.0059 0.4038 0.0844 0.0805 0.0173 0.0558 0.0050 0.0042 0.0262 0.0211 0.1501 0.0622 0.0131 0.0059 0.0313 0.0074 
      H109.6  2 0.0203 0.0140 0.0051 0.0282 0.0142 0.0162 0.0262 0.0069 0.0078 0.0100 0.0124 0.0230 0.0261 0.7455 0.0138 0.0071 0.0117 0.0117 
      H126.1  2 0.0067 0.1282 0.0077 0.0136 0.0076 0.0250 0.1575 0.0205 0.1426 0.0114 0.1250 0.0114 0.1376 0.0292 0.0126 0.1013 0.0087 0.0533 
      H126.2  2 0.0137 0.0819 0.0149 0.0113 0.0759 0.0849 0.0712 0.0136 0.0556 0.0268 0.2829 0.0589 0.0277 0.0348 0.0352 0.0755 0.0056 0.0295 
      H126.3  2 0.0039 0.0114 0.0298 0.0101 0.0188 0.0244 0.5484 0.0736 0.0172 0.0061 0.2039 0.0077 0.0057 0.0116 0.0043 0.0110 0.0047 0.0075 
      H126.4  2 0.0177 0.4191 0.0208 0.0097 0.0608 0.1448 0.0536 0.0313 0.0346 0.0132 0.0183 0.0186 0.0076 0.0135 0.0180 0.0225 0.0116 0.0845 
      H126.5  2 0.0079 0.0808 0.0068 0.0084 0.0308 0.6731 0.0574 0.0056 0.0116 0.0039 0.0164 0.0072 0.0196 0.0081 0.0266 0.0144 0.0059 0.0155 
      H126.6  2 0.0051 0.0177 0.0076 0.0118 0.1215 0.0314 0.3974 0.0101 0.0101 0.0064 0.0749 0.0249 0.0061 0.0049 0.0295 0.2286 0.0040 0.0079 
      H126.7  2 0.0127 0.0085 0.0077 0.0146 0.6757 0.0934 0.0186 0.0424 0.0127 0.0034 0.0106 0.0078 0.0081 0.0068 0.0232 0.0399 0.0036 0.0104 
      H130.1  2 0.0070 0.4568 0.0139 0.0428 0.0066 0.0130 0.0056 0.0428 0.1669 0.0077 0.0214 0.0148 0.1086 0.0262 0.0222 0.0120 0.0172 0.0146 
      H130.2  2 0.2895 0.1315 0.0454 0.0522 0.0430 0.0134 0.0071 0.0217 0.0659 0.0094 0.0352 0.0500 0.0160 0.1184 0.0503 0.0135 0.0121 0.0254 
      H130.3  2 0.0655 0.0192 0.0056 0.0125 0.0277 0.0055 0.0067 0.0204 0.4406 0.0041 0.0071 0.0110 0.0114 0.0098 0.0482 0.0045 0.0077 0.2925 
      H130.4  2 0.0272 0.5144 0.0235 0.0531 0.0064 0.0086 0.0070 0.0213 0.1321 0.0234 0.0147 0.0151 0.0146 0.0244 0.0133 0.0155 0.0098 0.0757 
      H130.5  2 0.1227 0.2581 0.0235 0.0575 0.0632 0.0160 0.0048 0.0390 0.1634 0.0059 0.0208 0.0109 0.0489 0.0264 0.0797 0.0291 0.0205 0.0098 
      H133.1  2 0.0060 0.0080 0.0063 0.8802 0.0079 0.0048 0.0054 0.0070 0.0058 0.0129 0.0068 0.0077 0.0092 0.0068 0.0067 0.0050 0.0057 0.0078 
      H133.2  2 0.0074 0.0139 0.0040 0.8612 0.0044 0.0057 0.0062 0.0093 0.0071 0.0048 0.0063 0.0098 0.0152 0.0116 0.0073 0.0142 0.0049 0.0065 
      H133.3  2 0.0094 0.0066 0.0097 0.8220 0.0121 0.0056 0.0061 0.0219 0.0074 0.0260 0.0104 0.0093 0.0123 0.0064 0.0048 0.0165 0.0075 0.0061 
      H133.4  2 0.0048 0.0070 0.0051 0.8822 0.0077 0.0047 0.0047 0.0050 0.0057 0.0105 0.0053 0.0120 0.0069 0.0091 0.0068 0.0073 0.0070 0.0082 
      H133.5  2 0.0062 0.0073 0.0058 0.8395 0.0062 0.0055 0.0045 0.0144 0.0374 0.0066 0.0128 0.0052 0.0056 0.0092 0.0113 0.0119 0.0039 0.0067 
      H133.6  2 0.0181 0.0133 0.0104 0.7409 0.0077 0.0070 0.0079 0.0358 0.0406 0.0083 0.0121 0.0085 0.0230 0.0149 0.0156 0.0194 0.0083 0.0084 
      H133.7  2 0.0058 0.0100 0.0091 0.8555 0.0074 0.0053 0.0057 0.0082 0.0059 0.0186 0.0082 0.0114 0.0130 0.0046 0.0043 0.0115 0.0104 0.0051 
      H133.8  2 0.0042 0.0072 0.0081 0.8228 0.0054 0.0060 0.0050 0.0052 0.0078 0.0105 0.0367 0.0077 0.0050 0.0060 0.0059 0.0405 0.0052 0.0106 
      H133.9  2 0.0079 0.0153 0.0097 0.8406 0.0089 0.0047 0.0050 0.0077 0.0135 0.0196 0.0081 0.0082 0.0111 0.0061 0.0102 0.0056 0.0057 0.0121 
      H147.1  2 0.0510 0.0231 0.0222 0.0191 0.3641 0.0097 0.0212 0.0356 0.0054 0.0229 0.0361 0.0334 0.0633 0.0198 0.1743 0.0512 0.0434 0.0044 
      H147.2  2 0.0160 0.0113 0.0057 0.0097 0.7824 0.0051 0.0109 0.0098 0.0047 0.0049 0.0127 0.0054 0.0110 0.0061 0.0840 0.0094 0.0066 0.0043 
      H147.3  2 0.0187 0.0094 0.0056 0.0071 0.7634 0.0115 0.0075 0.0051 0.0049 0.0038 0.0090 0.0057 0.0114 0.0059 0.0976 0.0210 0.0069 0.0056 
      H147.4  2 0.0270 0.0038 0.0098 0.0060 0.7969 0.0053 0.0065 0.0062 0.0034 0.0201 0.0084 0.0083 0.0067 0.0063 0.0667 0.0082 0.0061 0.0042 
      H147.5  2 0.0597 0.0093 0.0166 0.0104 0.4498 0.0128 0.0107 0.0979 0.0078 0.0075 0.0183 0.0102 0.0309 0.0286 0.1747 0.0249 0.0153 0.0145 
      H147.6  2 0.0439 0.0092 0.0201 0.0116 0.4340 0.0113 0.0160 0.1352 0.0066 0.0083 0.0185 0.0104 0.0320 0.0538 0.1453 0.0183 0.0141 0.0114 
      H147.7  2 0.0368 0.0078 0.0129 0.0056 0.7157 0.0134 0.0140 0.0060 0.0037 0.0256 0.0122 0.0201 0.0186 0.0124 0.0652 0.0114 0.0121 0.0066 
      H147.8  2 0.0229 0.0036 0.0153 0.0077 0.6526 0.0104 0.0124 0.0622 0.0039 0.0324 0.0296 0.0149 0.0043 0.0340 0.0677 0.0125 0.0082 0.0057 
      H147.9  2 0.0114 0.0071 0.0073 0.0065 0.7899 0.0091 0.0071 0.0066 0.0050 0.0055 0.0121 0.0067 0.0135 0.0078 0.0742 0.0157 0.0095 0.0048 
      H148.1  2 0.0228 0.5049 0.0210 0.0103 0.0086 0.0120 0.0306 0.0206 0.0435 0.0361 0.0322 0.0187 0.0170 0.1078 0.0512 0.0076 0.0489 0.0062 
      H148.2  2 0.0201 0.2475 0.0138 0.0086 0.0140 0.0140 0.0464 0.0089 0.0645 0.0456 0.0298 0.0153 0.0095 0.1249 0.0237 0.0217 0.2843 0.0074 
      H148.3  2 0.0114 0.0181 0.0074 0.0054 0.0069 0.0077 0.0113 0.0116 0.0070 0.0249 0.2881 0.0173 0.0097 0.0180 0.0143 0.0070 0.5249 0.0091 
      H148.4  2 0.0101 0.3380 0.0096 0.0084 0.0166 0.0156 0.0353 0.0158 0.0279 0.0416 0.0251 0.0132 0.0199 0.1230 0.1206 0.0117 0.1600 0.0076 
      H148.5  2 0.0454 0.0293 0.0090 0.0055 0.0079 0.0125 0.0166 0.0408 0.0108 0.0305 0.0316 0.0119 0.0092 0.3259 0.0257 0.0085 0.3670 0.0120 
      H148.6  2 0.0151 0.1464 0.0300 0.0046 0.0132 0.0106 0.0280 0.0129 0.0244 0.0881 0.0184 0.0137 0.0190 0.0775 0.0193 0.0132 0.4604 0.0052 
      H148.7  2 0.0187 0.0791 0.0106 0.0089 0.0077 0.0136 0.0299 0.0411 0.0624 0.0265 0.0357 0.0265 0.0110 0.2545 0.0362 0.0088 0.2978 0.0310 
      H148.8  2 0.0142 0.2939 0.0046 0.0057 0.0059 0.0066 0.0081 0.0318 0.0109 0.0293 0.0256 0.0064 0.0157 0.0407 0.0154 0.0125 0.4633 0.0093 
      H148.9  2 0.0273 0.1617 0.0219 0.0065 0.0085 0.0525 0.1067 0.0080 0.0787 0.1281 0.0680 0.0773 0.0118 0.0504 0.0124 0.0399 0.1250 0.0152 
   H166022.1  2 0.0097 0.0075 0.0330 0.0054 0.0096 0.0069 0.0086 0.8016 0.0091 0.0080 0.0100 0.0072 0.0171 0.0134 0.0267 0.0113 0.0109 0.0040 
   H166022.2  2 0.0334 0.0112 0.0470 0.0069 0.0468 0.0168 0.0118 0.4636 0.0102 0.0132 0.0146 0.0222 0.0163 0.0638 0.1859 0.0135 0.0110 0.0119 
   H166022.3  2 0.0110 0.0097 0.1488 0.0043 0.0045 0.0079 0.0044 0.6774 0.0309 0.0058 0.0083 0.0106 0.0080 0.0151 0.0269 0.0054 0.0116 0.0094 
   H166022.4  2 0.0091 0.0040 0.0139 0.0049 0.0046 0.0053 0.0060 0.8335 0.0180 0.0041 0.0061 0.0055 0.0068 0.0099 0.0493 0.0038 0.0050 0.0101 
   H166022.5  2 0.0148 0.0050 0.0175 0.0049 0.0089 0.0055 0.0071 0.7934 0.0135 0.0049 0.0083 0.0077 0.0142 0.0240 0.0551 0.0040 0.0046 0.0067 
   H166022.6  2 0.0122 0.0316 0.0519 0.0125 0.0063 0.0065 0.0067 0.6779 0.0414 0.0192 0.0084 0.0364 0.0124 0.0134 0.0356 0.0066 0.0134 0.0078 
   H166022.7  2 0.0033 0.0043 0.0031 0.0036 0.0042 0.0050 0.0040 0.0044 0.0047 0.0059 0.0042 0.0048 0.0044 0.9275 0.0041 0.0035 0.0038 0.0050 
   H166022.8  2 0.0382 0.0499 0.0504 0.0196 0.0129 0.0096 0.0071 0.1994 0.0121 0.0066 0.0327 0.0128 0.0284 0.0172 0.4574 0.0216 0.0106 0.0135 
   H167397.1  2 0.0227 0.0140 0.0068 0.0116 0.0470 0.0147 0.0197 0.1471 0.0049 0.4589 0.0232 0.0087 0.1111 0.0276 0.0347 0.0057 0.0365 0.0051 
   H167397.2  2 0.0137 0.1221 0.0361 0.0120 0.0383 0.0152 0.0063 0.0129 0.0077 0.4491 0.1268 0.0092 0.0060 0.0095 0.0850 0.0290 0.0139 0.0072 
   H167397.3  2 0.0147 0.0280 0.0089 0.0110 0.0924 0.0110 0.0317 0.0492 0.0062 0.5787 0.0136 0.0072 0.0855 0.0130 0.0204 0.0048 0.0159 0.0079 
   H167397.4  2 0.0113 0.0088 0.0198 0.0068 0.0417 0.0109 0.0088 0.0168 0.0087 0.6480 0.0750 0.0393 0.0042 0.0085 0.0159 0.0246 0.0425 0.0082 
   H167397.5  2 0.0221 0.0564 0.0148 0.0130 0.0297 0.0187 0.0078 0.0291 0.0095 0.5892 0.0417 0.0082 0.0332 0.0130 0.0706 0.0085 0.0270 0.0074 
   H167397.6  2 0.0075 0.0186 0.0090 0.0151 0.0387 0.0206 0.1053 0.0404 0.0106 0.6167 0.0188 0.0116 0.0169 0.0073 0.0077 0.0105 0.0266 0.0181 
   H167496.1  2 0.0197 0.0103 0.0192 0.0383 0.0090 0.0135 0.0166 0.1100 0.0519 0.0102 0.0290 0.0169 0.5238 0.0142 0.0177 0.0054 0.0800 0.0145 
   H167496.2  2 0.0414 0.0331 0.0095 0.1008 0.0615 0.0426 0.0696 0.0411 0.0507 0.0110 0.0334 0.0641 0.0820 0.1260 0.1382 0.0157 0.0641 0.0153 
   H167496.3  2 0.0251 0.0226 0.0644 0.0255 0.0418 0.0229 0.0075 0.1137 0.0694 0.0091 0.0450 0.0313 0.2592 0.0062 0.0907 0.1154 0.0281 0.0221 
   H167496.4  2 0.0062 0.0042 0.0067 0.0062 0.0149 0.0127 0.0066 0.8648 0.0059 0.0040 0.0084 0.0068 0.0076 0.0051 0.0196 0.0114 0.0044 0.0045 
   H167496.6  2 0.0073 0.0085 0.0054 0.0096 0.0195 0.0178 0.0131 0.4543 0.0078 0.0051 0.0077 0.0082 0.0123 0.0121 0.3863 0.0078 0.0052 0.0122 
   H167496.7  2 0.0099 0.0174 0.0145 0.0110 0.0069 0.0187 0.0122 0.0114 0.0356 0.0053 0.0132 0.0196 0.7757 0.0080 0.0138 0.0055 0.0152 0.0063 
   H167496.8  2 0.0083 0.0074 0.0091 0.0089 0.0359 0.0107 0.0333 0.4804 0.0062 0.0060 0.0123 0.0128 0.0260 0.0225 0.2931 0.0082 0.0123 0.0065 
   H167513.1  2 0.0057 0.0071 0.0088 0.0092 0.0046 0.0055 0.0110 0.0064 0.0131 0.0080 0.0072 0.8697 0.0065 0.0080 0.0132 0.0053 0.0053 0.0053 
   H167513.2  2 0.0066 0.0127 0.0045 0.0071 0.0067 0.0051 0.0091 0.0101 0.0075 0.0180 0.0066 0.8410 0.0251 0.0066 0.0058 0.0071 0.0146 0.0056 
   H167513.3  2 0.0188 0.0063 0.0120 0.0054 0.0087 0.0096 0.0087 0.0065 0.0111 0.0077 0.0071 0.8431 0.0065 0.0149 0.0121 0.0050 0.0060 0.0105 
   H167513.4  2 0.0115 0.0095 0.0451 0.0086 0.0100 0.0049 0.0183 0.0139 0.0316 0.0089 0.0088 0.7638 0.0102 0.0115 0.0189 0.0070 0.0104 0.0069 
   H167513.5  2 0.0056 0.0097 0.0051 0.0131 0.0040 0.0039 0.0091 0.0100 0.0058 0.0160 0.0076 0.8649 0.0112 0.0066 0.0073 0.0062 0.0103 0.0036 
   H167513.6  2 0.0242 0.0082 0.0111 0.0069 0.0086 0.0059 0.0109 0.0192 0.0106 0.0079 0.0087 0.8083 0.0133 0.0186 0.0154 0.0084 0.0086 0.0052 
   H167513.7  2 0.0081 0.0074 0.0197 0.0178 0.0089 0.0083 0.0091 0.0061 0.0131 0.0277 0.0084 0.8275 0.0057 0.0104 0.0062 0.0067 0.0038 0.0051 
   H167513.8  2 0.0113 0.0045 0.0057 0.0103 0.0053 0.0068 0.0081 0.0044 0.0095 0.0128 0.0051 0.8601 0.0050 0.0282 0.0090 0.0039 0.0033 0.0068 
   H167547.1  2 0.0140 0.0438 0.0194 0.0069 0.0058 0.0117 0.0074 0.0129 0.0317 0.0196 0.0093 0.0122 0.6070 0.0117 0.0119 0.0062 0.1562 0.0122 
   H167547.2  2 0.0076 0.0114 0.0281 0.0056 0.0098 0.0089 0.0148 0.0543 0.0114 0.0326 0.0118 0.0107 0.6076 0.0053 0.0054 0.0066 0.1606 0.0074 
   H167547.3  2 0.0081 0.0142 0.0312 0.0052 0.0094 0.0075 0.0151 0.0571 0.0099 0.0242 0.0111 0.0103 0.6259 0.0053 0.0046 0.0062 0.1484 0.0063 
   H167547.4  2 0.0136 0.0873 0.1509 0.0091 0.0057 0.0153 0.0047 0.1764 0.0955 0.0335 0.0081 0.0295 0.2908 0.0104 0.0086 0.0120 0.0220 0.0266 
   H167547.5  2 0.0141 0.0142 0.0146 0.0074 0.0071 0.0071 0.0123 0.3845 0.0068 0.0101 0.0203 0.0093 0.0807 0.0124 0.0054 0.0079 0.3734 0.0127 
   H167547.6  2 0.0170 0.0121 0.0155 0.0074 0.0095 0.0086 0.0120 0.3992 0.0086 0.0092 0.0198 0.0103 0.0763 0.0140 0.0065 0.0064 0.3563 0.0112 
   H167547.7  2 0.0190 0.0352 0.0412 0.1048 0.0163 0.0465 0.0149 0.0113 0.0356 0.0190 0.0353 0.1095 0.2311 0.0446 0.0136 0.0795 0.1171 0.0253 
   H169750.1  2 0.0122 0.0214 0.0273 0.6221 0.0066 0.0287 0.0091 0.0659 0.0823 0.0087 0.0090 0.0174 0.0408 0.0109 0.0062 0.0127 0.0088 0.0100 
   H169750.2  2 0.0398 0.0383 0.0063 0.4222 0.0793 0.0175 0.0117 0.0182 0.0079 0.0361 0.0523 0.0984 0.0158 0.0361 0.0391 0.0120 0.0188 0.0503 
   H169750.3  2 0.0426 0.0080 0.0084 0.7353 0.0077 0.0260 0.0050 0.0136 0.0169 0.0029 0.0081 0.0359 0.0289 0.0264 0.0042 0.0116 0.0053 0.0131 
   H169750.4  2 0.0059 0.0777 0.0047 0.5159 0.0105 0.0137 0.0206 0.0461 0.0241 0.0439 0.0249 0.0270 0.0201 0.0151 0.0691 0.0106 0.0165 0.0536 
   H169750.5  2 0.0072 0.0141 0.0370 0.7859 0.0118 0.0211 0.0051 0.0306 0.0200 0.0040 0.0121 0.0128 0.0057 0.0073 0.0061 0.0077 0.0054 0.0060 
   H169750.6  2 0.0188 0.0204 0.0117 0.6984 0.0589 0.0348 0.0055 0.0329 0.0078 0.0064 0.0115 0.0151 0.0079 0.0260 0.0095 0.0123 0.0061 0.0158 
   H169750.7  2 0.0234 0.0154 0.0060 0.4810 0.0130 0.0485 0.0144 0.0268 0.0133 0.0213 0.0716 0.1135 0.0254 0.0195 0.0319 0.0211 0.0098 0.0441 
   H171929.1  2 0.0044 0.0098 0.0056 0.0065 0.0058 0.0053 0.0057 0.0082 0.0047 0.0265 0.0055 0.8421 0.0086 0.0051 0.0047 0.0321 0.0142 0.0052 
  H171929.10  2 0.0189 0.0123 0.0119 0.0393 0.0105 0.0062 0.0060 0.0161 0.0080 0.0172 0.0080 0.7494 0.0154 0.0122 0.0062 0.0348 0.0212 0.0065 
  H171929.11  2 0.0047 0.0076 0.0051 0.0158 0.0073 0.0084 0.0047 0.0100 0.0058 0.0230 0.0063 0.8529 0.0065 0.0050 0.0045 0.0164 0.0082 0.0079 
   H171929.2  2 0.0071 0.0091 0.0079 0.0306 0.0049 0.0051 0.0041 0.0069 0.0135 0.0058 0.0052 0.8446 0.0087 0.0053 0.0043 0.0102 0.0200 0.0066 
   H171929.3  2 0.0057 0.0059 0.0055 0.0095 0.0096 0.0061 0.0042 0.0089 0.0077 0.0081 0.0060 0.8817 0.0070 0.0054 0.0038 0.0067 0.0119 0.0063 
   H171929.4  2 0.0088 0.0142 0.0112 0.0110 0.0117 0.0100 0.0035 0.0122 0.0114 0.0038 0.0136 0.8167 0.0175 0.0064 0.0049 0.0206 0.0135 0.0090 
   H171929.5  2 0.0080 0.0082 0.0044 0.0184 0.0057 0.0084 0.0082 0.0058 0.0109 0.0089 0.0047 0.8689 0.0055 0.0082 0.0042 0.0076 0.0076 0.0063 
   H171929.6  2 0.0055 0.0055 0.0039 0.0129 0.0042 0.0068 0.0057 0.0042 0.0074 0.0093 0.0043 0.8940 0.0058 0.0077 0.0044 0.0062 0.0075 0.0048 
   H171929.7  2 0.0040 0.0100 0.0052 0.0062 0.0073 0.0059 0.0041 0.0038 0.0067 0.0045 0.0053 0.8877 0.0055 0.0035 0.0054 0.0215 0.0068 0.0065 
   H171929.8  2 0.0104 0.0128 0.0060 0.0154 0.0067 0.0053 0.0045 0.0075 0.0082 0.0046 0.0071 0.8335 0.0150 0.0050 0.0044 0.0382 0.0085 0.0071 
   H171929.9  2 0.0113 0.0156 0.0082 0.0139 0.0108 0.0115 0.0038 0.0077 0.0100 0.0036 0.0080 0.8226 0.0099 0.0100 0.0052 0.0368 0.0054 0.0056 
   H171930.1  2 0.0096 0.0115 0.0033 0.0064 0.0065 0.0339 0.0054 0.0148 0.0052 0.0199 0.0085 0.0952 0.0062 0.7352 0.0057 0.0028 0.0105 0.0194 
   H171930.2  2 0.1084 0.0168 0.0083 0.0394 0.0149 0.0705 0.0081 0.1029 0.0127 0.0070 0.0340 0.0157 0.0887 0.4086 0.0126 0.0103 0.0201 0.0211 
   H171930.3  2 0.0180 0.0058 0.0069 0.0059 0.0074 0.0198 0.0109 0.0144 0.0074 0.0104 0.0230 0.0088 0.0108 0.7987 0.0068 0.0057 0.0167 0.0227 
   H171930.4  2 0.0290 0.0045 0.0087 0.0075 0.0054 0.0168 0.0098 0.0291 0.0068 0.0060 0.0318 0.0054 0.0129 0.7871 0.0093 0.0037 0.0084 0.0179 
   H171930.5  2 0.1943 0.0572 0.0096 0.0369 0.0221 0.1670 0.0112 0.0295 0.0178 0.0253 0.0372 0.0926 0.0370 0.1963 0.0082 0.0099 0.0104 0.0374 
   H171930.6  2 0.3542 0.0080 0.0067 0.0255 0.0282 0.1365 0.0270 0.0225 0.0123 0.0084 0.0224 0.0087 0.0187 0.2637 0.0094 0.0034 0.0180 0.0264 
   H171930.7  2 0.0138 0.0082 0.0057 0.0104 0.0077 0.0085 0.0137 0.0061 0.0041 0.0167 0.0113 0.0194 0.0079 0.8261 0.0123 0.0069 0.0110 0.0103 
   H171930.8  2 0.0097 0.0067 0.0048 0.0075 0.0085 0.0063 0.0137 0.0081 0.0038 0.0103 0.0071 0.0235 0.0119 0.8452 0.0112 0.0050 0.0101 0.0065 
   H171933.1  2 0.0161 0.0091 0.6696 0.0147 0.0095 0.0119 0.0052 0.0238 0.0396 0.0481 0.0678 0.0091 0.0209 0.0085 0.0050 0.0089 0.0265 0.0057 
   H171933.2  2 0.0296 0.0134 0.4101 0.0224 0.0140 0.0191 0.0237 0.0948 0.0202 0.0784 0.0930 0.0176 0.0662 0.0218 0.0129 0.0382 0.0193 0.0054 
   H171933.3  2 0.0898 0.0128 0.4679 0.0210 0.0071 0.0235 0.0158 0.0573 0.0185 0.0115 0.0448 0.0101 0.0782 0.0109 0.0065 0.0745 0.0412 0.0084 
   H171933.4  2 0.1215 0.0144 0.4606 0.0072 0.0107 0.0068 0.0084 0.0304 0.0537 0.0057 0.0131 0.0773 0.0837 0.0164 0.0313 0.0271 0.0107 0.0210 
   H171933.5  2 0.1143 0.0287 0.1572 0.0149 0.0060 0.0118 0.0166 0.0164 0.1033 0.0151 0.0132 0.0757 0.2524 0.0176 0.0282 0.0161 0.0395 0.0731 
   H171933.6  2 0.0092 0.0057 0.5636 0.0072 0.0176 0.0107 0.0063 0.2028 0.0122 0.0045 0.0307 0.0053 0.0719 0.0121 0.0132 0.0085 0.0080 0.0107 
   H171933.7  2 0.0930 0.0086 0.4566 0.0113 0.0166 0.0208 0.0253 0.0102 0.0136 0.0166 0.1884 0.0127 0.0139 0.0060 0.0339 0.0421 0.0161 0.0143 
   H171933.8  2 0.0989 0.0122 0.4063 0.0084 0.0198 0.0170 0.0339 0.0133 0.0335 0.0340 0.0608 0.0802 0.0164 0.0137 0.0700 0.0608 0.0160 0.0047 
   H171933.9  2 0.0438 0.0050 0.7610 0.0052 0.0092 0.0083 0.0067 0.0135 0.0205 0.0033 0.0171 0.0113 0.0127 0.0103 0.0319 0.0099 0.0053 0.0250 
      H190.1  2 0.5125 0.0210 0.0225 0.0105 0.0145 0.0342 0.0077 0.0281 0.2053 0.0054 0.0095 0.0076 0.0363 0.0235 0.0162 0.0069 0.0121 0.0262 
      H190.2  2 0.0390 0.0199 0.0058 0.1113 0.0209 0.0391 0.0176 0.0123 0.0050 0.0073 0.4739 0.0054 0.1335 0.0083 0.0116 0.0218 0.0585 0.0088 
      H190.3  2 0.0304 0.1433 0.0155 0.0830 0.0239 0.0861 0.0099 0.0428 0.0113 0.0098 0.2085 0.0114 0.1092 0.0100 0.0143 0.0215 0.1453 0.0240 
      H190.4  2 0.5914 0.0175 0.0341 0.0063 0.0060 0.0138 0.0042 0.0424 0.1761 0.0072 0.0048 0.0077 0.0237 0.0162 0.0045 0.0132 0.0113 0.0194 
      H190.5  2 0.0102 0.0096 0.0059 0.0738 0.0238 0.0537 0.0144 0.0101 0.0092 0.0040 0.6733 0.0061 0.0288 0.0055 0.0354 0.0085 0.0191 0.0085 
      H190.6  2 0.6370 0.0225 0.0248 0.0085 0.0081 0.0224 0.0043 0.0561 0.0600 0.0082 0.0060 0.0066 0.0534 0.0176 0.0053 0.0158 0.0302 0.0134 
      H190.7  2 0.0606 0.0538 0.0056 0.0380 0.0152 0.0092 0.0072 0.1179 0.0163 0.0109 0.0164 0.0134 0.2266 0.0097 0.0137 0.3376 0.0162 0.0317 
      H190.8  2 0.0925 0.0115 0.0086 0.0667 0.0164 0.0489 0.0135 0.0093 0.0168 0.0038 0.5052 0.0089 0.0693 0.0110 0.0582 0.0174 0.0216 0.0201 
      H190.9  2 0.0872 0.0223 0.0073 0.2395 0.0076 0.0113 0.0278 0.0352 0.0324 0.0129 0.0923 0.0108 0.2319 0.0144 0.0331 0.0796 0.0327 0.0216 
      H400.1  2 0.0137 0.0192 0.0473 0.0365 0.0100 0.0152 0.0506 0.6981 0.0397 0.0075 0.0112 0.0075 0.0078 0.0127 0.0042 0.0069 0.0036 0.0081 
      H400.2  2 0.0116 0.0091 0.0888 0.0207 0.0137 0.0475 0.0463 0.6305 0.0369 0.0148 0.0132 0.0164 0.0046 0.0213 0.0048 0.0092 0.0060 0.0046 
      H400.3  2 0.0293 0.0281 0.0837 0.1042 0.0144 0.0736 0.0189 0.3020 0.2135 0.0124 0.0470 0.0096 0.0171 0.0108 0.0055 0.0077 0.0094 0.0128 
      H400.4  2 0.0165 0.0097 0.0141 0.0099 0.0104 0.0155 0.0156 0.7674 0.0105 0.0039 0.0184 0.0144 0.0065 0.0566 0.0041 0.0097 0.0096 0.0074 
      H400.5  2 0.0549 0.0202 0.2912 0.0397 0.0130 0.0226 0.0127 0.2514 0.1294 0.0086 0.0692 0.0159 0.0128 0.0160 0.0037 0.0065 0.0090 0.0235 
      H400.6  2 0.0131 0.0223 0.0224 0.0085 0.0079 0.0218 0.0408 0.7451 0.0135 0.0048 0.0227 0.0088 0.0068 0.0121 0.0044 0.0333 0.0054 0.0062 
      H400.7  2 0.0457 0.0435 0.1417 0.0160 0.0057 0.0329 0.0258 0.5340 0.0247 0.0071 0.0411 0.0351 0.0073 0.0080 0.0061 0.0092 0.0088 0.0072 
 H428.1_2005  2 0.0035 0.0034 0.9291 0.0030 0.0046 0.0069 0.0039 0.0035 0.0036 0.0031 0.0035 0.0073 0.0034 0.0038 0.0038 0.0043 0.0041 0.0051 
 H428.1_2006  2 0.0031 0.0034 0.8799 0.0049 0.0134 0.0059 0.0109 0.0067 0.0041 0.0047 0.0059 0.0102 0.0088 0.0036 0.0133 0.0079 0.0070 0.0061 
 H428.2_2005  2 0.0053 0.0054 0.9191 0.0034 0.0042 0.0039 0.0047 0.0056 0.0063 0.0044 0.0040 0.0057 0.0051 0.0053 0.0054 0.0031 0.0049 0.0042 
 H428.2_2006  2 0.0079 0.0031 0.8565 0.0050 0.0327 0.0087 0.0092 0.0066 0.0065 0.0046 0.0047 0.0127 0.0060 0.0057 0.0142 0.0059 0.0047 0.0052 
 H428.3_2005  2 0.0037 0.0041 0.9224 0.0029 0.0056 0.0045 0.0044 0.0086 0.0042 0.0028 0.0058 0.0045 0.0046 0.0040 0.0047 0.0049 0.0045 0.0039 
 H428.3_2006  2 0.0058 0.0035 0.8583 0.0051 0.0165 0.0112 0.0122 0.0081 0.0073 0.0050 0.0052 0.0148 0.0075 0.0066 0.0180 0.0054 0.0037 0.0058 
 H428.4_2005  2 0.0039 0.0041 0.9244 0.0033 0.0045 0.0038 0.0038 0.0074 0.0038 0.0041 0.0043 0.0052 0.0052 0.0036 0.0050 0.0032 0.0066 0.0039 
