      H008.1  2 0.0165 0.0097 0.0069 0.0045 0.0074 0.0072 0.0140 0.0042 0.0062 0.0142 0.1658 0.0072 0.0056 0.0053 0.0078 0.0124 0.0084 0.6969 
      H008.2  2 0.0229 0.0176 0.0089 0.0163 0.0234 0.0181 0.0245 0.0071 0.0071 0.0189 0.0071 0.0100 0.0066 0.0051 0.0221 0.0200 0.0129 0.7516 
      H008.3  2 0.0065 0.0106 0.0071 0.0089 0.0103 0.0151 0.0077 0.0042 0.0122 0.0152 0.0056 0.0137 0.0069 0.0099 0.0205 0.0243 0.0077 0.8138 
      H008.4  2 0.0059 0.0210 0.0148 0.0143 0.0063 0.0085 0.0070 0.0059 0.0125 0.0119 0.0130 0.0057 0.0128 0.0069 0.0075 0.0062 0.0089 0.8307 
      H008.5  2 0.0041 0.0077 0.0044 0.0042 0.0039 0.0047 0.0050 0.0047 0.0056 0.0062 0.0083 0.0045 0.0086 0.0035 0.0045 0.0071 0.0055 0.9076 
      H008.6  2 0.0087 0.0104 0.0085 0.0133 0.0075 0.0054 0.0090 0.0068 0.0080 0.0176 0.0062 0.0047 0.0062 0.0039 0.0032 0.0102 0.0067 0.8637 
      H008.7  2 0.0119 0.0181 0.0098 0.0264 0.0079 0.0266 0.0096 0.0059 0.0155 0.0186 0.0175 0.0142 0.0167 0.0095 0.0271 0.0150 0.0084 0.7414 
      H008.8  2 0.1954 0.0205 0.0072 0.0079 0.1489 0.0076 0.0239 0.0116 0.0114 0.0767 0.0444 0.0099 0.0077 0.0088 0.0185 0.0142 0.0253 0.3603 
      H008.9  2 0.0102 0.0155 0.0086 0.0418 0.0255 0.0379 0.0333 0.0074 0.0176 0.1937 0.0061 0.0105 0.0077 0.0077 0.0120 0.0174 0.0095 0.5375 
 H029.1_2002  2 0.0280 0.0193 0.0626 0.0236 0.0108 0.0086 0.0068 0.0200 0.0116 0.0205 0.6678 0.0096 0.0462 0.0054 0.0102 0.0081 0.0055 0.0355 
 H029.1_2003  2 0.0200 0.0559 0.0074 0.0136 0.0115 0.0062 0.0225 0.0148 0.0768 0.0220 0.1067 0.0157 0.5489 0.0063 0.0065 0.0230 0.0098 0.0323 
 H029.2_2002  2 0.0082 0.0075 0.0086 0.0278 0.0052 0.0119 0.0118 0.0206 0.0954 0.0071 0.5908 0.0110 0.0790 0.0041 0.0317 0.0425 0.0128 0.0240 
 H029.2_2003  2 0.0176 0.0463 0.0057 0.0284 0.0073 0.0062 0.0216 0.0307 0.0370 0.0130 0.1501 0.0261 0.4334 0.0071 0.0099 0.0891 0.0181 0.0525 
 H029.3_2002  2 0.0300 0.0235 0.0100 0.1483 0.0195 0.0076 0.0408 0.0247 0.0657 0.0046 0.3488 0.0308 0.1198 0.0076 0.0475 0.0290 0.0210 0.0208 
 H029.3_2003  2 0.0074 0.0270 0.0066 0.0102 0.0069 0.0162 0.0240 0.0083 0.0258 0.0059 0.3784 0.0275 0.2870 0.0074 0.0073 0.0119 0.0050 0.1373 
 H029.4_2002  2 0.0053 0.0133 0.0083 0.0185 0.0056 0.0059 0.0088 0.0044 0.0072 0.0036 0.8625 0.0084 0.0178 0.0048 0.0094 0.0040 0.0042 0.0081 
 H029.4_2003  2 0.0529 0.0548 0.0143 0.0329 0.0224 0.0255 0.0449 0.0094 0.0413 0.0155 0.3208 0.0228 0.2831 0.0050 0.0082 0.0129 0.0101 0.0232 
 H029.5_2002  2 0.0060 0.0170 0.0127 0.0064 0.0050 0.0093 0.0086 0.0098 0.0172 0.0074 0.7943 0.0062 0.0413 0.0060 0.0093 0.0054 0.0039 0.0343 
 H029.5_2003  2 0.0107 0.0490 0.0090 0.0138 0.0139 0.0097 0.0111 0.0055 0.0187 0.0094 0.4536 0.0094 0.2894 0.0036 0.0058 0.0207 0.0055 0.0612 
 H029.6_2002  2 0.0073 0.0120 0.0080 0.0300 0.0098 0.0047 0.0116 0.0042 0.0163 0.0041 0.5225 0.0092 0.3198 0.0051 0.0158 0.0054 0.0069 0.0073 
 H029.6_2003  2 0.0102 0.0485 0.0066 0.0087 0.0166 0.0146 0.0306 0.0431 0.0747 0.0206 0.4411 0.0310 0.0416 0.0148 0.0141 0.0542 0.0092 0.1197 
      H029.7  2 0.0111 0.0077 0.0051 0.0249 0.0045 0.0059 0.0072 0.0129 0.0235 0.0088 0.7874 0.0085 0.0219 0.0033 0.0222 0.0152 0.0155 0.0143 
      H030.1  2 0.0108 0.0192 0.0063 0.0048 0.0094 0.1661 0.0173 0.0856 0.0084 0.0138 0.0156 0.0439 0.3631 0.1500 0.0121 0.0300 0.0085 0.0349 
      H030.2  2 0.0067 0.0535 0.2396 0.0376 0.0129 0.1253 0.0109 0.0121 0.0064 0.0104 0.0801 0.0097 0.0370 0.2040 0.0967 0.0083 0.0042 0.0448 
      H038.1  2 0.0105 0.0058 0.0057 0.0141 0.0066 0.0039 0.0049 0.0058 0.0067 0.0063 0.8931 0.0047 0.0056 0.0036 0.0039 0.0047 0.0084 0.0058 
      H038.2  2 0.0053 0.0052 0.0075 0.0050 0.0046 0.0042 0.0052 0.0063 0.0039 0.0034 0.9096 0.0045 0.0056 0.0099 0.0049 0.0074 0.0030 0.0045 
      H038.3  2 0.0143 0.0124 0.0150 0.0220 0.0088 0.0059 0.0190 0.0302 0.0060 0.0073 0.8167 0.0066 0.0049 0.0093 0.0056 0.0058 0.0038 0.0062 
      H038.4  2 0.0116 0.0085 0.0104 0.0233 0.0076 0.0064 0.0107 0.0135 0.0059 0.0061 0.8533 0.0058 0.0039 0.0080 0.0067 0.0042 0.0037 0.0100 
      H038.5  2 0.0093 0.0055 0.0042 0.0165 0.0123 0.0068 0.0137 0.0071 0.0064 0.0050 0.8668 0.0072 0.0089 0.0071 0.0087 0.0060 0.0031 0.0054 
      H038.6  2 0.0061 0.0042 0.0071 0.0069 0.0076 0.0053 0.0070 0.0080 0.0057 0.0049 0.8954 0.0061 0.0109 0.0040 0.0042 0.0074 0.0037 0.0055 
      H038.7  2 0.0097 0.0042 0.0100 0.0088 0.0055 0.0042 0.0167 0.0236 0.0041 0.0038 0.8744 0.0065 0.0051 0.0049 0.0027 0.0056 0.0031 0.0071 
      H038.8  2 0.0105 0.0079 0.0077 0.0439 0.0071 0.0052 0.0072 0.0107 0.0045 0.0041 0.8527 0.0046 0.0033 0.0117 0.0063 0.0048 0.0036 0.0041 
      H041.1  2 0.0069 0.0978 0.0105 0.0124 0.0038 0.3229 0.0108 0.0136 0.0231 0.0214 0.0925 0.0082 0.0698 0.0093 0.0787 0.0084 0.0129 0.1970 
      H041.2  2 0.0092 0.3241 0.0350 0.0126 0.0055 0.0184 0.0117 0.0106 0.0301 0.0098 0.0267 0.0064 0.1609 0.0072 0.0054 0.0055 0.0041 0.3166 
      H041.4  2 0.0115 0.0344 0.0134 0.0245 0.0069 0.0743 0.0251 0.0099 0.0868 0.0496 0.3378 0.0092 0.2101 0.0113 0.0118 0.0075 0.0240 0.0521 
      H041.6  2 0.0512 0.0824 0.0349 0.0142 0.0094 0.0275 0.0127 0.0248 0.0651 0.0422 0.3430 0.0083 0.1756 0.0150 0.0153 0.0078 0.0304 0.0404 
 H042.1_2002  2 0.0141 0.4186 0.0203 0.0114 0.0175 0.0084 0.0077 0.0108 0.0108 0.0248 0.0065 0.0057 0.3804 0.0133 0.0109 0.0179 0.0104 0.0106 
 H042.1_2003  2 0.0359 0.0705 0.0226 0.0724 0.0211 0.0170 0.0213 0.0318 0.0098 0.0390 0.0126 0.0149 0.0230 0.0140 0.0156 0.0455 0.0082 0.5248 
 H042.2_2002  2 0.0083 0.0430 0.1100 0.0308 0.0083 0.0075 0.0059 0.0057 0.0367 0.0055 0.2555 0.0442 0.3979 0.0057 0.0045 0.0168 0.0083 0.0053 
 H042.2_2003  2 0.0081 0.4252 0.0124 0.0050 0.0083 0.0127 0.0170 0.0132 0.0204 0.0531 0.0481 0.0056 0.1117 0.0083 0.0040 0.0126 0.0074 0.2269 
 H042.3_2002  2 0.0106 0.5966 0.0515 0.0170 0.0154 0.0125 0.0100 0.0082 0.0237 0.0186 0.0079 0.0127 0.1668 0.0083 0.0049 0.0213 0.0088 0.0051 
 H042.3_2003  2 0.0197 0.6194 0.0445 0.0280 0.0148 0.0195 0.0133 0.0083 0.0130 0.0298 0.0272 0.0205 0.0739 0.0092 0.0152 0.0236 0.0117 0.0084 
 H042.4_2002  2 0.0136 0.1304 0.0055 0.0140 0.0049 0.0091 0.0062 0.0084 0.0138 0.0281 0.0212 0.0065 0.6960 0.0118 0.0066 0.0088 0.0055 0.0096 
 H042.4_2003  2 0.0364 0.0599 0.0055 0.0064 0.0050 0.0229 0.0044 0.0380 0.0192 0.0211 0.1156 0.0059 0.5885 0.0105 0.0175 0.0123 0.0223 0.0087 
      H042.5  2 0.0093 0.0317 0.0048 0.0033 0.0072 0.0152 0.0062 0.0070 0.0112 0.0138 0.0074 0.0053 0.8368 0.0060 0.0046 0.0104 0.0149 0.0048 
      H042.6  2 0.0811 0.0276 0.0107 0.0116 0.0120 0.0061 0.0044 0.0105 0.0068 0.0073 0.0242 0.0067 0.7122 0.0073 0.0070 0.0124 0.0464 0.0054 
      H042.7  2 0.0263 0.4687 0.0534 0.0051 0.0135 0.0190 0.0072 0.0330 0.0488 0.0123 0.0400 0.0058 0.2155 0.0168 0.0063 0.0120 0.0120 0.0044 
      H042.8  2 0.0117 0.1520 0.0626 0.0273 0.0092 0.0144 0.0086 0.0049 0.0266 0.0188 0.0138 0.0078 0.5767 0.0036 0.0038 0.0212 0.0218 0.0153 
   H042_2002  2 0.1720 0.0642 0.2717 0.0392 0.0119 0.0279 0.0102 0.0337 0.0279 0.0483 0.0955 0.0121 0.0531 0.0068 0.0049 0.0338 0.0619 0.0250 
   H042_2003  2 0.1831 0.0620 0.2861 0.0399 0.0131 0.0275 0.0148 0.0301 0.0297 0.0433 0.0750 0.0088 0.0628 0.0084 0.0043 0.0346 0.0517 0.0249 
      H043.1  2 0.7562 0.0055 0.0083 0.0350 0.0227 0.0475 0.0209 0.0127 0.0044 0.0046 0.0182 0.0148 0.0057 0.0064 0.0122 0.0082 0.0090 0.0077 
      H043.2  2 0.8950 0.0052 0.0046 0.0135 0.0104 0.0042 0.0056 0.0063 0.0069 0.0061 0.0065 0.0038 0.0039 0.0034 0.0026 0.0045 0.0114 0.0063 
      H043.3  2 0.7272 0.0098 0.0201 0.0155 0.0147 0.0210 0.0076 0.0430 0.0076 0.0108 0.0690 0.0082 0.0086 0.0038 0.0034 0.0084 0.0074 0.0140 
      H043.4  2 0.9007 0.0049 0.0059 0.0090 0.0037 0.0094 0.0041 0.0066 0.0036 0.0060 0.0106 0.0044 0.0039 0.0043 0.0030 0.0042 0.0096 0.0063 
      H043.5  2 0.8512 0.0076 0.0064 0.0297 0.0156 0.0089 0.0144 0.0061 0.0057 0.0078 0.0098 0.0062 0.0042 0.0032 0.0032 0.0055 0.0042 0.0104 
      H043.6  2 0.8398 0.0089 0.0075 0.0351 0.0096 0.0043 0.0050 0.0066 0.0080 0.0110 0.0260 0.0054 0.0057 0.0036 0.0026 0.0058 0.0067 0.0085 
      H043.7  2 0.8383 0.0061 0.0113 0.0202 0.0055 0.0102 0.0080 0.0274 0.0050 0.0096 0.0108 0.0062 0.0046 0.0040 0.0032 0.0051 0.0195 0.0049 
      H043.8  2 0.7873 0.0084 0.0129 0.0098 0.0279 0.0061 0.0552 0.0117 0.0055 0.0057 0.0122 0.0148 0.0049 0.0083 0.0079 0.0072 0.0066 0.0075 
      H043.9  2 0.7010 0.0055 0.0126 0.0212 0.0137 0.0308 0.0188 0.0216 0.0045 0.0059 0.0955 0.0164 0.0107 0.0048 0.0096 0.0088 0.0125 0.0061 
      H047.1  2 0.0285 0.0105 0.1365 0.0082 0.0078 0.1445 0.0245 0.0103 0.0058 0.0110 0.5186 0.0038 0.0056 0.0052 0.0038 0.0282 0.0062 0.0410 
      H047.2  2 0.0403 0.0089 0.0120 0.0047 0.0062 0.0786 0.0184 0.0436 0.0160 0.0138 0.5883 0.0347 0.0147 0.0112 0.0384 0.0489 0.0074 0.0137 
      H047.3  2 0.0288 0.0207 0.0459 0.0064 0.0050 0.1477 0.0179 0.0172 0.0389 0.0122 0.4454 0.0461 0.0138 0.0111 0.0347 0.0560 0.0146 0.0377 
      H047.4  2 0.0242 0.0138 0.0409 0.0037 0.0082 0.0794 0.0291 0.0522 0.0205 0.0250 0.5858 0.0075 0.0359 0.0128 0.0082 0.0139 0.0079 0.0309 
      H047.5  2 0.0166 0.0202 0.1265 0.0037 0.0047 0.1924 0.0175 0.0126 0.0206 0.0106 0.4166 0.0118 0.0082 0.0165 0.0041 0.0342 0.0356 0.0476 
      H047.6  2 0.0311 0.0183 0.0636 0.0084 0.0050 0.4360 0.0098 0.0150 0.0206 0.0107 0.2608 0.0175 0.0246 0.0050 0.0149 0.0236 0.0078 0.0273 
      H047.7  2 0.0108 0.0190 0.2048 0.0136 0.0076 0.1451 0.0158 0.0059 0.0080 0.0106 0.4945 0.0037 0.0088 0.0072 0.0075 0.0166 0.0055 0.0151 
      H047.8  2 0.0564 0.0364 0.0744 0.0082 0.0074 0.3161 0.0091 0.0105 0.0205 0.0141 0.2754 0.0196 0.0166 0.0074 0.0116 0.0506 0.0095 0.0564 
      H047.9  2 0.0093 0.0175 0.1191 0.0034 0.0061 0.0652 0.0177 0.0101 0.0161 0.0146 0.5589 0.0051 0.0109 0.0306 0.0042 0.0602 0.0406 0.0106 
 H071.1_2002  2 0.0138 0.0069 0.0080 0.0048 0.0054 0.0048 0.0040 0.0084 0.0053 0.0091 0.8810 0.0058 0.0056 0.0062 0.0033 0.0067 0.0121 0.0088 
 H071.1_2003  2 0.0421 0.0154 0.0107 0.0100 0.0065 0.0212 0.0132 0.0465 0.0217 0.0247 0.1605 0.0112 0.0136 0.0240 0.0051 0.0141 0.0924 0.4673 
     H071.10  2 0.0070 0.0040 0.0063 0.0055 0.0115 0.0033 0.0043 0.0038 0.0029 0.0034 0.9123 0.0041 0.0052 0.0082 0.0065 0.0038 0.0041 0.0036 
 H071.2_2002  2 0.0222 0.0075 0.0069 0.0064 0.0104 0.0058 0.0069 0.0062 0.0088 0.0106 0.8517 0.0064 0.0063 0.0067 0.0031 0.0070 0.0134 0.0137 
 H071.2_2003  2 0.0063 0.0067 0.0044 0.0034 0.0038 0.0034 0.0031 0.0045 0.0036 0.0059 0.8593 0.0038 0.0040 0.0038 0.0033 0.0057 0.0074 0.0675 
      H071.3  2 0.0065 0.0211 0.0125 0.0128 0.0167 0.0229 0.0568 0.0158 0.0054 0.0069 0.5954 0.0111 0.0060 0.0318 0.0153 0.0052 0.0064 0.1514 
 H071.4_2002  2 0.0132 0.0074 0.0086 0.0103 0.0136 0.0056 0.0067 0.0059 0.0045 0.0047 0.8697 0.0050 0.0045 0.0197 0.0060 0.0055 0.0059 0.0033 
 H071.4_2003  2 0.0048 0.0070 0.0058 0.0032 0.0114 0.0051 0.0184 0.0050 0.0034 0.0040 0.8648 0.0071 0.0055 0.0105 0.0047 0.0060 0.0046 0.0285 
 H071.5_2002  2 0.0046 0.0041 0.0061 0.0037 0.0072 0.0044 0.0035 0.0044 0.0030 0.0038 0.9210 0.0049 0.0050 0.0059 0.0058 0.0035 0.0049 0.0041 
 H071.5_2003  2 0.0132 0.0099 0.0200 0.0046 0.0276 0.0077 0.0634 0.0244 0.0067 0.0249 0.5778 0.0154 0.0058 0.0237 0.0039 0.0124 0.0112 0.1472 
 H071.6_2002  2 0.0086 0.0063 0.0138 0.0050 0.0323 0.0044 0.0053 0.0067 0.0036 0.0044 0.8605 0.0086 0.0055 0.0078 0.0033 0.0047 0.0100 0.0092 
 H071.6_2003  2 0.0104 0.0053 0.0130 0.0043 0.0089 0.0057 0.0226 0.0185 0.0056 0.0181 0.8057 0.0107 0.0054 0.0185 0.0036 0.0095 0.0077 0.0266 
 H071.7_2002  2 0.0062 0.0053 0.0091 0.0042 0.0067 0.0045 0.0054 0.0079 0.0038 0.0066 0.8627 0.0048 0.0050 0.0035 0.0032 0.0061 0.0079 0.0471 
 H071.7_2003  2 0.0123 0.0095 0.0108 0.0041 0.0073 0.0082 0.0245 0.0163 0.0048 0.0154 0.7424 0.0186 0.0057 0.0494 0.0045 0.0121 0.0111 0.0430 
      H071.8  2 0.0121 0.0064 0.0047 0.0052 0.0079 0.0053 0.0062 0.0056 0.0087 0.0081 0.8834 0.0044 0.0056 0.0038 0.0034 0.0041 0.0092 0.0159 
      H071.9  2 0.0263 0.0071 0.0139 0.0123 0.0577 0.0136 0.0243 0.0093 0.0175 0.0078 0.7420 0.0076 0.0199 0.0123 0.0059 0.0065 0.0105 0.0055 
 H081.1_2002  2 0.0064 0.0075 0.0058 0.0042 0.0047 0.0036 0.0049 0.0076 0.0070 0.0124 0.8235 0.0081 0.0068 0.0092 0.0073 0.0045 0.0230 0.0536 
 H081.1_2003  2 0.0363 0.0358 0.0160 0.2701 0.0104 0.0113 0.0177 0.0640 0.0266 0.0619 0.0275 0.1031 0.1501 0.0170 0.0156 0.0151 0.0150 0.1066 
 H081.2_2002  2 0.0081 0.0069 0.0055 0.0043 0.0042 0.0062 0.0032 0.0101 0.0060 0.0101 0.7990 0.0058 0.0065 0.0060 0.0052 0.0051 0.0869 0.0208 
 H081.2_2003  2 0.0846 0.0242 0.0073 0.0086 0.1121 0.0102 0.2436 0.0143 0.0064 0.0220 0.0319 0.0260 0.0803 0.0370 0.0596 0.0109 0.1733 0.0476 
 H081.3_2002  2 0.0151 0.0093 0.0044 0.0063 0.0089 0.0113 0.0077 0.0108 0.0055 0.0083 0.8410 0.0051 0.0073 0.0077 0.0057 0.0051 0.0249 0.0155 
 H081.3_2003  2 0.4954 0.0157 0.0100 0.0184 0.0777 0.0238 0.0400 0.0106 0.0150 0.0293 0.0302 0.0230 0.0620 0.0439 0.0239 0.0232 0.0450 0.0129 
 H081.4_2002  2 0.0076 0.0097 0.0078 0.0037 0.0100 0.0055 0.0075 0.0110 0.0047 0.0070 0.8071 0.0092 0.0110 0.0082 0.0080 0.0079 0.0066 0.0675 
 H081.4_2003  2 0.0406 0.0405 0.0090 0.0204 0.0188 0.0073 0.0171 0.0542 0.0249 0.0792 0.0162 0.0570 0.4618 0.0586 0.0175 0.0274 0.0206 0.0288 
 H081.5_2002  2 0.0081 0.0069 0.0064 0.0052 0.0091 0.0068 0.0078 0.0141 0.0044 0.0101 0.7834 0.0094 0.0188 0.0096 0.0051 0.0050 0.0134 0.0763 
 H081.5_2003  2 0.0305 0.0395 0.0209 0.0251 0.0070 0.0129 0.0171 0.2117 0.0265 0.0851 0.0215 0.0782 0.1813 0.0242 0.0155 0.0242 0.0694 0.1093 
      H081.6  2 0.0066 0.0073 0.0096 0.0043 0.0062 0.0041 0.0049 0.0133 0.0061 0.0129 0.6895 0.0115 0.0069 0.0092 0.0058 0.0062 0.0286 0.1670 
      H081.7  2 0.0098 0.0103 0.0047 0.0042 0.0077 0.0101 0.0060 0.0131 0.0056 0.0100 0.7139 0.0064 0.0103 0.0219 0.0062 0.0047 0.1194 0.0356 
      H081.8  2 0.0126 0.0117 0.0082 0.0124 0.0359 0.0071 0.0186 0.0115 0.0084 0.0102 0.7621 0.0148 0.0199 0.0236 0.0151 0.0052 0.0086 0.0139 
      H083.1  2 0.0078 0.0059 0.0186 0.0146 0.0114 0.0129 0.0077 0.0123 0.0183 0.0055 0.7491 0.0126 0.0339 0.0073 0.0388 0.0095 0.0075 0.0262 
      H083.2  2 0.0099 0.0037 0.0089 0.0050 0.0060 0.0245 0.0037 0.0062 0.0069 0.0072 0.8677 0.0073 0.0066 0.0084 0.0097 0.0052 0.0078 0.0053 
      H083.4  2 0.0074 0.0044 0.0075 0.0102 0.0158 0.0098 0.0036 0.0052 0.0050 0.0051 0.8538 0.0066 0.0058 0.0090 0.0295 0.0041 0.0105 0.0067 
      H083.5  2 0.0068 0.0067 0.0099 0.0202 0.0100 0.0145 0.0090 0.0119 0.0613 0.0075 0.6692 0.0051 0.0228 0.0059 0.0963 0.0104 0.0131 0.0193 
      H083.6  2 0.0069 0.0159 0.0079 0.0101 0.0274 0.0055 0.0089 0.0126 0.0471 0.0069 0.5793 0.0141 0.0247 0.0155 0.1565 0.0088 0.0147 0.0371 
      H083.7  2 0.0065 0.0059 0.0054 0.0085 0.0180 0.0108 0.0045 0.0045 0.0116 0.0070 0.7783 0.0057 0.0047 0.0111 0.0935 0.0057 0.0137 0.0047 
      H083.8  2 0.0101 0.0053 0.0066 0.0055 0.0067 0.0289 0.0038 0.0060 0.0070 0.0071 0.8596 0.0055 0.0065 0.0068 0.0122 0.0076 0.0101 0.0048 
      H083.9  2 0.0046 0.0093 0.0096 0.0119 0.0072 0.0141 0.0081 0.0073 0.0322 0.0055 0.6629 0.0065 0.0301 0.0067 0.1412 0.0068 0.0088 0.0273 
      H084.1  2 0.0204 0.0149 0.0241 0.1872 0.0131 0.0288 0.4517 0.0085 0.0360 0.0104 0.0197 0.0801 0.0407 0.0326 0.0103 0.0075 0.0083 0.0057 
      H084.2  2 0.0949 0.0230 0.0132 0.1563 0.0210 0.0165 0.2716 0.0222 0.0061 0.0125 0.0166 0.1428 0.1504 0.0226 0.0080 0.0142 0.0040 0.0041 
      H084.3  2 0.0176 0.0745 0.0440 0.4056 0.0085 0.0117 0.0358 0.0348 0.0456 0.0091 0.0063 0.0597 0.0491 0.1435 0.0152 0.0210 0.0065 0.0116 
      H084.4  2 0.0288 0.0464 0.0163 0.2977 0.0067 0.0087 0.3700 0.0517 0.0250 0.0073 0.0092 0.0330 0.0466 0.0109 0.0062 0.0131 0.0037 0.0187 
      H084.5  2 0.0100 0.0167 0.2137 0.1637 0.0072 0.0141 0.4071 0.0250 0.0391 0.0066 0.0055 0.0300 0.0115 0.0125 0.0071 0.0104 0.0124 0.0074 
      H084.6  2 0.0232 0.0601 0.0882 0.2839 0.0137 0.0181 0.1043 0.0156 0.0257 0.0056 0.0073 0.0140 0.0154 0.1751 0.1201 0.0084 0.0096 0.0115 
      H084.7  2 0.0190 0.0148 0.0213 0.0353 0.0174 0.0176 0.5539 0.0096 0.0138 0.0110 0.0151 0.1262 0.0815 0.0325 0.0077 0.0101 0.0081 0.0050 
      H084.8  2 0.0059 0.0206 0.0286 0.2821 0.0048 0.0164 0.4622 0.0102 0.0740 0.0051 0.0046 0.0144 0.0102 0.0251 0.0095 0.0088 0.0098 0.0077 
 H085.1_2002  2 0.0305 0.0092 0.0087 0.0164 0.0071 0.0092 0.0042 0.0076 0.0057 0.0108 0.0225 0.0088 0.0261 0.0084 0.0104 0.0046 0.7934 0.0164 
 H085.1_2003  2 0.0157 0.0273 0.0050 0.0188 0.0271 0.0491 0.0111 0.0244 0.0120 0.0073 0.0686 0.0158 0.0345 0.0119 0.0793 0.0055 0.1312 0.4554 
 H085.2_2002  2 0.1316 0.0439 0.0147 0.0881 0.0172 0.0097 0.0063 0.0187 0.0120 0.0964 0.0271 0.0321 0.0694 0.0289 0.1157 0.0072 0.2665 0.0145 
 H085.2_2003  2 0.0169 0.0163 0.0083 0.0078 0.0140 0.0200 0.0133 0.0219 0.0073 0.0111 0.0621 0.0201 0.0326 0.0089 0.0300 0.0132 0.0142 0.6821 
 H085.3_2002  2 0.0195 0.0268 0.0041 0.0046 0.0064 0.0135 0.0045 0.0231 0.0105 0.0236 0.0079 0.0090 0.0202 0.0048 0.0171 0.0044 0.7821 0.0177 
 H085.3_2003  2 0.0052 0.0186 0.0036 0.0025 0.0069 0.0111 0.0045 0.0299 0.0042 0.0062 0.0179 0.0057 0.0092 0.0046 0.0035 0.0055 0.0147 0.8462 
 H085.4_2002  2 0.0996 0.0625 0.0133 0.0387 0.0143 0.0106 0.0064 0.0111 0.0134 0.0513 0.0914 0.0163 0.0541 0.0169 0.0220 0.0115 0.4480 0.0186 
 H085.4_2003  2 0.0088 0.1316 0.0278 0.0074 0.0051 0.0080 0.0075 0.0368 0.0071 0.0318 0.4038 0.0089 0.0880 0.0216 0.0066 0.0081 0.0150 0.1763 
 H085.5_2002  2 0.0102 0.0176 0.0041 0.0050 0.0051 0.0112 0.0035 0.0151 0.0065 0.0111 0.0053 0.0044 0.0085 0.0048 0.0048 0.0060 0.8460 0.0309 
 H085.5_2003  2 0.0086 0.0109 0.0057 0.0055 0.0107 0.0081 0.0066 0.0094 0.0037 0.0061 0.0830 0.0147 0.0162 0.0130 0.0274 0.0072 0.0127 0.7505 
 H085.6_2002  2 0.0404 0.0069 0.0071 0.0077 0.0064 0.0174 0.0057 0.0148 0.0065 0.0158 0.0080 0.0128 0.0188 0.0046 0.0126 0.0048 0.7953 0.0146 
 H085.6_2003  2 0.0117 0.0546 0.0057 0.0052 0.0075 0.0322 0.0084 0.4189 0.0125 0.0343 0.0182 0.0104 0.0162 0.0101 0.0054 0.0103 0.0177 0.3206 
 H085.7_2002  2 0.0466 0.0272 0.0068 0.0136 0.0111 0.0322 0.0076 0.0596 0.0083 0.0826 0.0322 0.0225 0.0920 0.0135 0.0529 0.0097 0.4144 0.0672 
 H085.7_2003  2 0.0148 0.0606 0.0054 0.0067 0.0121 0.0573 0.0076 0.0158 0.0090 0.0103 0.2204 0.0091 0.0093 0.0091 0.0072 0.0088 0.0189 0.5177 
 H085.8_2002  2 0.0602 0.0741 0.0069 0.0198 0.0283 0.0140 0.0099 0.2591 0.0216 0.0906 0.0173 0.0173 0.0183 0.0139 0.0185 0.0071 0.2237 0.0993 
 H085.8_2003  2 0.0199 0.1185 0.0154 0.0181 0.0091 0.0434 0.0114 0.0395 0.0082 0.0310 0.1001 0.0201 0.2613 0.0227 0.0876 0.0115 0.0390 0.1431 
      H085.9  2 0.0198 0.0232 0.0124 0.0336 0.0081 0.0118 0.0051 0.0201 0.0076 0.0341 0.0243 0.0072 0.0641 0.0145 0.0109 0.0110 0.6275 0.0646 
      H088.1  2 0.0070 0.0074 0.0058 0.0076 0.0387 0.0072 0.0094 0.0096 0.0585 0.0189 0.0121 0.0070 0.7418 0.0134 0.0142 0.0175 0.0153 0.0088 
      H088.2  2 0.0141 0.0104 0.0146 0.0071 0.0087 0.0117 0.0049 0.0133 0.0564 0.0130 0.0083 0.0122 0.7662 0.0130 0.0114 0.0104 0.0183 0.0060 
      H088.3  2 0.0126 0.0068 0.0085 0.0052 0.0084 0.0143 0.0071 0.0125 0.0343 0.0111 0.0069 0.0062 0.8279 0.0068 0.0065 0.0061 0.0107 0.0080 
      H088.4  2 0.0057 0.0057 0.0056 0.0040 0.0070 0.0041 0.0084 0.0073 0.0076 0.0063 0.0062 0.0056 0.9035 0.0036 0.0024 0.0077 0.0039 0.0054 
      H088.5  2 0.0077 0.0061 0.0044 0.0042 0.0082 0.0050 0.0075 0.0039 0.0109 0.0072 0.0048 0.0042 0.9035 0.0043 0.0045 0.0042 0.0048 0.0047 
      H088.6  2 0.0061 0.0076 0.0056 0.0043 0.0183 0.0067 0.0113 0.0048 0.0126 0.0066 0.0103 0.0060 0.8658 0.0064 0.0055 0.0090 0.0049 0.0081 
      H088.7  2 0.0050 0.0061 0.0107 0.0048 0.0050 0.0154 0.0086 0.0086 0.0111 0.0047 0.0171 0.0047 0.8649 0.0046 0.0052 0.0068 0.0075 0.0093 
      H088.8  2 0.0051 0.0080 0.0052 0.0063 0.0198 0.0076 0.0186 0.0078 0.0114 0.0060 0.0279 0.0081 0.8233 0.0073 0.0062 0.0093 0.0063 0.0157 
      H091.1  2 0.0113 0.3997 0.0076 0.0053 0.0121 0.0374 0.0048 0.0097 0.0065 0.0070 0.0109 0.0054 0.3600 0.0053 0.0151 0.0076 0.0053 0.0889 
      H091.2  2 0.0177 0.2636 0.0105 0.0037 0.0203 0.0458 0.0052 0.0077 0.0072 0.0105 0.0208 0.0082 0.4244 0.0068 0.0315 0.0093 0.0063 0.1004 
      H109.1  2 0.0104 0.0161 0.0303 0.0294 0.0160 0.0386 0.6842 0.0066 0.0295 0.0066 0.0173 0.0305 0.0074 0.0073 0.0399 0.0103 0.0132 0.0064 
      H109.2  2 0.0085 0.0090 0.0121 0.0084 0.0072 0.0073 0.8431 0.0127 0.0099 0.0125 0.0116 0.0118 0.0111 0.0098 0.0076 0.0056 0.0055 0.0061 
      H109.3  2 0.0192 0.0100 0.0173 0.0094 0.0165 0.0578 0.6832 0.0216 0.0345 0.0061 0.0130 0.0299 0.0151 0.0081 0.0074 0.0224 0.0040 0.0246 
      H109.4  2 0.0123 0.0098 0.0101 0.0134 0.0436 0.0123 0.8026 0.0106 0.0153 0.0101 0.0074 0.0120 0.0072 0.0059 0.0073 0.0083 0.0045 0.0072 
      H109.5  2 0.0077 0.0237 0.0096 0.0040 0.0061 0.0227 0.7016 0.0143 0.0803 0.0074 0.0374 0.0087 0.0271 0.0094 0.0043 0.0120 0.0043 0.0193 
      H109.6  2 0.0208 0.0105 0.0270 0.0137 0.0332 0.0186 0.6780 0.0127 0.0333 0.0202 0.0175 0.0227 0.0108 0.0336 0.0109 0.0153 0.0063 0.0150 
      H126.1  2 0.2486 0.0856 0.1327 0.0124 0.0444 0.0142 0.0159 0.0388 0.0229 0.0746 0.0106 0.0651 0.0135 0.0061 0.0083 0.0800 0.1194 0.0068 
      H126.2  2 0.3255 0.0501 0.0347 0.0236 0.0790 0.0175 0.0340 0.0419 0.0074 0.0202 0.1321 0.0302 0.0162 0.0077 0.0238 0.0451 0.0714 0.0395 
      H126.3  2 0.2817 0.0765 0.3873 0.0066 0.0101 0.0071 0.0062 0.0053 0.0094 0.0064 0.0592 0.0233 0.0651 0.0035 0.0283 0.0074 0.0103 0.0063 
      H126.4  2 0.1898 0.0663 0.0424 0.0227 0.1270 0.0230 0.0158 0.0285 0.0298 0.1456 0.0673 0.0756 0.0309 0.0119 0.0222 0.0585 0.0292 0.0134 
      H126.5  2 0.0873 0.0270 0.1590 0.0058 0.0766 0.0050 0.0129 0.1105 0.0062 0.1272 0.2085 0.0115 0.0116 0.0084 0.0093 0.0586 0.0313 0.0434 
      H126.6  2 0.3314 0.0068 0.1215 0.0045 0.0065 0.0056 0.0048 0.0133 0.0049 0.0074 0.3318 0.0055 0.0143 0.0042 0.0060 0.0079 0.0928 0.0307 
      H126.7  2 0.0096 0.0090 0.0140 0.0027 0.0160 0.0064 0.0058 0.0218 0.0048 0.0098 0.7747 0.0109 0.0284 0.0079 0.0064 0.0102 0.0424 0.0192 
      H130.1  2 0.2288 0.0133 0.0065 0.0066 0.0447 0.0251 0.0318 0.0247 0.0168 0.4513 0.0066 0.0187 0.0557 0.0078 0.0130 0.0288 0.0105 0.0093 
      H130.2  2 0.0587 0.0145 0.0073 0.0120 0.0624 0.0595 0.0466 0.0216 0.0083 0.1285 0.0260 0.0894 0.1993 0.1433 0.0477 0.0301 0.0101 0.0348 
      H130.3  2 0.0197 0.0103 0.0045 0.0037 0.0162 0.0076 0.0058 0.0081 0.0090 0.0546 0.0182 0.6459 0.0312 0.0200 0.0037 0.1213 0.0055 0.0146 
      H130.4  2 0.2063 0.0201 0.0075 0.0352 0.0551 0.0491 0.0094 0.0104 0.0106 0.3106 0.0094 0.0354 0.0426 0.0376 0.0226 0.1124 0.0195 0.0060 
      H130.5  2 0.0820 0.0208 0.0053 0.0053 0.0172 0.0149 0.0109 0.0309 0.0138 0.2724 0.0237 0.0575 0.2920 0.0891 0.0160 0.0074 0.0234 0.0174 
      H133.1  2 0.1428 0.0138 0.0092 0.0765 0.0076 0.2167 0.0377 0.0205 0.0208 0.0443 0.0354 0.2323 0.0314 0.0124 0.0101 0.0650 0.0102 0.0132 
      H133.2  2 0.5428 0.0137 0.0112 0.0065 0.0106 0.0544 0.1331 0.0385 0.0210 0.0211 0.0082 0.0164 0.0383 0.0088 0.0045 0.0164 0.0385 0.0160 
      H133.3  2 0.0487 0.0399 0.0099 0.0885 0.0079 0.4006 0.0194 0.0323 0.0398 0.0181 0.0323 0.0477 0.0924 0.0174 0.0084 0.0298 0.0475 0.0196 
      H133.4  2 0.0977 0.0104 0.0065 0.0299 0.0144 0.5578 0.1112 0.0139 0.0073 0.0145 0.0111 0.0464 0.0083 0.0068 0.0107 0.0233 0.0180 0.0118 
      H133.5  2 0.3416 0.0135 0.0087 0.0192 0.0199 0.0411 0.0280 0.0174 0.0064 0.0148 0.0062 0.3014 0.0783 0.0059 0.0084 0.0322 0.0489 0.0081 
      H133.6  2 0.5598 0.0192 0.0106 0.0077 0.0171 0.0194 0.0219 0.0172 0.0126 0.0199 0.0136 0.0374 0.1675 0.0102 0.0109 0.0147 0.0357 0.0047 
      H133.7  2 0.0112 0.0093 0.0056 0.0163 0.0046 0.8281 0.0131 0.0090 0.0139 0.0187 0.0089 0.0083 0.0090 0.0076 0.0044 0.0077 0.0158 0.0084 
      H133.8  2 0.1918 0.0499 0.0101 0.0418 0.0118 0.4399 0.0373 0.0084 0.0105 0.0158 0.0091 0.0457 0.0144 0.0068 0.0105 0.0278 0.0613 0.0071 
      H133.9  2 0.0724 0.0251 0.0102 0.0707 0.0063 0.2026 0.0185 0.0201 0.0137 0.0415 0.0240 0.3205 0.0352 0.0104 0.0155 0.0827 0.0153 0.0153 
      H147.1  2 0.0067 0.0860 0.0171 0.0074 0.0041 0.0076 0.0173 0.0183 0.0127 0.0154 0.0116 0.0083 0.0121 0.0112 0.0101 0.0038 0.0236 0.7268 
      H147.2  2 0.0071 0.0117 0.0087 0.0050 0.0036 0.0042 0.0058 0.0302 0.0053 0.0095 0.1400 0.0086 0.0116 0.0077 0.0044 0.0050 0.0222 0.7091 
      H147.3  2 0.0056 0.0076 0.0077 0.0039 0.0028 0.0049 0.0048 0.0100 0.0076 0.0076 0.0109 0.0064 0.0045 0.0076 0.0045 0.0065 0.0178 0.8793 
      H147.4  2 0.0028 0.0043 0.0038 0.0058 0.0032 0.0037 0.0038 0.0036 0.0036 0.0033 0.0060 0.0035 0.0038 0.0043 0.0048 0.0032 0.0045 0.9322 
      H147.5  2 0.0053 0.0085 0.0061 0.0042 0.0050 0.0035 0.0162 0.0176 0.0092 0.0126 0.0191 0.0094 0.0256 0.0099 0.0077 0.0068 0.0092 0.8240 
      H147.6  2 0.0064 0.0099 0.0109 0.0034 0.0064 0.0052 0.0317 0.0135 0.0048 0.0057 0.0146 0.0101 0.0259 0.0066 0.0071 0.0066 0.0056 0.8258 
      H147.7  2 0.0035 0.0060 0.0057 0.0060 0.0037 0.0045 0.0090 0.0087 0.0057 0.0054 0.0109 0.0058 0.0034 0.0074 0.0087 0.0054 0.0044 0.8959 
      H147.8  2 0.0039 0.0075 0.0058 0.0070 0.0054 0.0062 0.0176 0.0057 0.0033 0.0035 0.0167 0.0061 0.0153 0.0043 0.0099 0.0040 0.0054 0.8725 
      H147.9  2 0.0038 0.0040 0.0063 0.0029 0.0030 0.0038 0.0060 0.0122 0.0051 0.0068 0.0159 0.0041 0.0042 0.0050 0.0056 0.0048 0.0100 0.8965 
      H148.1  2 0.0446 0.1542 0.0421 0.0741 0.0420 0.0157 0.0691 0.0618 0.0408 0.1955 0.0087 0.1217 0.0215 0.0358 0.0258 0.0058 0.0090 0.0318 
      H148.2  2 0.0193 0.1048 0.0711 0.0926 0.0128 0.0131 0.0303 0.0212 0.1077 0.1313 0.0118 0.2301 0.0115 0.0848 0.0152 0.0045 0.0198 0.0181 
      H148.3  2 0.0055 0.5750 0.0131 0.0379 0.0101 0.0159 0.0077 0.0176 0.0933 0.0251 0.0114 0.0128 0.0093 0.1113 0.0107 0.0067 0.0078 0.0286 
      H148.4  2 0.0254 0.1478 0.0433 0.0443 0.0350 0.0090 0.0131 0.0897 0.0920 0.2698 0.0111 0.1132 0.0099 0.0304 0.0101 0.0094 0.0120 0.0346 
      H148.5  2 0.0083 0.1493 0.0241 0.0422 0.0418 0.0087 0.0094 0.0108 0.1241 0.0392 0.0067 0.0261 0.0216 0.4433 0.0091 0.0113 0.0082 0.0157 
      H148.6  2 0.0107 0.1948 0.0195 0.1847 0.0179 0.0094 0.0170 0.0271 0.0866 0.1236 0.0101 0.0638 0.0144 0.1333 0.0335 0.0047 0.0133 0.0356 
      H148.7  2 0.0131 0.1957 0.0272 0.0415 0.0707 0.0182 0.0206 0.0156 0.1272 0.1021 0.0063 0.2563 0.0264 0.0333 0.0116 0.0110 0.0067 0.0166 
      H148.8  2 0.0094 0.2292 0.0109 0.0297 0.0109 0.0067 0.0067 0.0081 0.1232 0.3498 0.0066 0.0446 0.0142 0.1175 0.0054 0.0054 0.0090 0.0125 
      H148.9  2 0.0106 0.1610 0.1049 0.1695 0.0269 0.0631 0.0156 0.0093 0.0274 0.1354 0.0078 0.1128 0.0098 0.0471 0.0142 0.0129 0.0583 0.0133 
   H166022.1  2 0.0082 0.1017 0.0070 0.0113 0.0052 0.0071 0.0242 0.0086 0.0082 0.0130 0.0080 0.0122 0.6394 0.0095 0.0472 0.0038 0.0162 0.0691 
   H166022.2  2 0.0095 0.0595 0.0131 0.0129 0.0120 0.0183 0.0745 0.0761 0.0153 0.0122 0.0286 0.0263 0.4401 0.0199 0.0488 0.0143 0.0122 0.1063 
   H166022.3  2 0.0043 0.0228 0.0046 0.0076 0.0204 0.0117 0.0116 0.0106 0.0088 0.0276 0.0042 0.0318 0.6565 0.0136 0.1430 0.0075 0.0048 0.0088 
   H166022.4  2 0.0059 0.0091 0.0051 0.0040 0.0170 0.0077 0.0049 0.0115 0.0077 0.0044 0.0045 0.0154 0.8587 0.0072 0.0124 0.0084 0.0042 0.0119 
   H166022.5  2 0.0063 0.0197 0.0058 0.0038 0.0070 0.0089 0.0178 0.0135 0.0054 0.0058 0.0068 0.0298 0.8007 0.0116 0.0194 0.0071 0.0046 0.0260 
   H166022.6  2 0.0177 0.0409 0.0049 0.0177 0.0113 0.0406 0.0158 0.0225 0.0143 0.0328 0.0050 0.0174 0.6403 0.0084 0.0306 0.0092 0.0088 0.0618 
   H166022.7  2 0.0083 0.0044 0.0073 0.0094 0.8394 0.0088 0.0502 0.0070 0.0053 0.0086 0.0080 0.0058 0.0072 0.0048 0.0042 0.0074 0.0052 0.0087 
   H166022.8  2 0.0338 0.0364 0.0093 0.0083 0.0078 0.0204 0.0263 0.2406 0.0109 0.0493 0.0096 0.0424 0.2663 0.0121 0.0560 0.0140 0.0203 0.1363 
   H167397.1  2 0.0203 0.2237 0.0149 0.3494 0.0095 0.0058 0.0225 0.0202 0.0088 0.0078 0.0244 0.0102 0.0483 0.0116 0.0065 0.0045 0.0054 0.2062 
   H167397.2  2 0.0174 0.0259 0.0119 0.4033 0.0082 0.0134 0.0066 0.0227 0.0090 0.0323 0.0078 0.0268 0.0195 0.0123 0.0217 0.0069 0.0180 0.3363 
   H167397.3  2 0.0116 0.1061 0.0336 0.5102 0.0064 0.0111 0.0129 0.0105 0.0082 0.0143 0.0374 0.0135 0.0208 0.0111 0.0096 0.0077 0.0044 0.1707 
   H167397.4  2 0.0052 0.0280 0.0097 0.5571 0.0073 0.0458 0.0099 0.0079 0.0467 0.0100 0.0126 0.0343 0.0134 0.0131 0.0189 0.0063 0.0274 0.1464 
   H167397.5  2 0.0123 0.0890 0.0084 0.4954 0.0230 0.0097 0.0187 0.0363 0.0112 0.0236 0.0144 0.0248 0.0262 0.0142 0.0117 0.0050 0.0084 0.1679 
   H167397.6  2 0.0101 0.0913 0.0834 0.5535 0.0074 0.0252 0.0079 0.0101 0.0144 0.0233 0.0387 0.0173 0.0237 0.0086 0.0090 0.0103 0.0109 0.0548 
   H167496.1  2 0.0117 0.0969 0.0185 0.0090 0.0326 0.0291 0.0203 0.0315 0.0971 0.0146 0.0180 0.0364 0.4983 0.0298 0.0221 0.0220 0.0050 0.0070 
   H167496.2  2 0.0265 0.0245 0.1051 0.0110 0.0614 0.0430 0.0513 0.2026 0.0557 0.0185 0.1848 0.0194 0.0854 0.0654 0.0089 0.0119 0.0130 0.0118 
   H167496.3  2 0.0169 0.1022 0.0096 0.0091 0.0172 0.0449 0.0067 0.0783 0.0439 0.0890 0.0209 0.0383 0.2160 0.0287 0.0694 0.0276 0.1359 0.0456 
   H167496.4  2 0.0047 0.0066 0.0060 0.0038 0.0049 0.0048 0.0047 0.0062 0.0049 0.0045 0.0078 0.0082 0.8958 0.0036 0.0065 0.0049 0.0061 0.0161 
   H167496.6  2 0.0060 0.0117 0.0139 0.0052 0.0054 0.0077 0.0095 0.1141 0.0111 0.0071 0.0080 0.0113 0.7174 0.0043 0.0053 0.0089 0.0076 0.0455 
   H167496.7  2 0.0158 0.2559 0.0470 0.0070 0.0154 0.0359 0.0394 0.1880 0.0132 0.1357 0.0109 0.0602 0.0571 0.0405 0.0312 0.0178 0.0060 0.0231 
   H167496.8  2 0.0054 0.0095 0.0199 0.0056 0.0064 0.0102 0.0165 0.0668 0.0100 0.0051 0.0099 0.0059 0.7586 0.0050 0.0090 0.0065 0.0073 0.0424 
   H167513.1  2 0.0122 0.0059 0.0105 0.0048 0.0083 0.8605 0.0089 0.0107 0.0073 0.0060 0.0063 0.0115 0.0076 0.0050 0.0087 0.0074 0.0062 0.0122 
   H167513.2  2 0.0072 0.0253 0.0184 0.0217 0.0066 0.7824 0.0197 0.0171 0.0249 0.0182 0.0063 0.0060 0.0110 0.0077 0.0045 0.0057 0.0073 0.0098 
   H167513.3  2 0.0061 0.0116 0.0098 0.0059 0.0071 0.7895 0.0435 0.0061 0.0046 0.0071 0.0061 0.0266 0.0066 0.0156 0.0135 0.0147 0.0052 0.0203 
   H167513.4  2 0.0109 0.0092 0.0108 0.0069 0.0047 0.8078 0.0111 0.0116 0.0107 0.0122 0.0080 0.0266 0.0194 0.0071 0.0260 0.0054 0.0056 0.0059 
   H167513.5  2 0.0116 0.0092 0.0101 0.0149 0.0045 0.8485 0.0131 0.0110 0.0141 0.0067 0.0045 0.0040 0.0154 0.0048 0.0063 0.0047 0.0061 0.0105 
   H167513.6  2 0.0158 0.0179 0.0143 0.0070 0.0051 0.7825 0.0300 0.0064 0.0072 0.0077 0.0069 0.0102 0.0192 0.0149 0.0238 0.0090 0.0107 0.0113 
   H167513.7  2 0.0094 0.0051 0.0078 0.0172 0.0056 0.8531 0.0177 0.0073 0.0035 0.0041 0.0085 0.0075 0.0078 0.0043 0.0198 0.0058 0.0070 0.0084 
   H167513.8  2 0.0137 0.0046 0.0075 0.0124 0.0072 0.7930 0.0753 0.0091 0.0041 0.0048 0.0066 0.0140 0.0057 0.0075 0.0063 0.0078 0.0037 0.0167 
   H167547.1  2 0.0108 0.5890 0.0102 0.0189 0.0147 0.0149 0.0105 0.0233 0.0144 0.1472 0.0043 0.0128 0.0152 0.0562 0.0169 0.0146 0.0060 0.0202 
   H167547.2  2 0.0038 0.7707 0.0142 0.0076 0.0051 0.0097 0.0081 0.0120 0.0072 0.0124 0.0057 0.0050 0.0461 0.0305 0.0151 0.0076 0.0052 0.0338 
   H167547.3  2 0.0043 0.7665 0.0139 0.0078 0.0066 0.0076 0.0074 0.0139 0.0119 0.0174 0.0051 0.0051 0.0371 0.0302 0.0185 0.0069 0.0047 0.0352 
   H167547.4  2 0.0171 0.6243 0.0047 0.0167 0.0324 0.0125 0.0073 0.0118 0.0074 0.0300 0.0049 0.0396 0.0511 0.0083 0.0907 0.0184 0.0092 0.0137 
   H167547.5  2 0.0067 0.7319 0.0067 0.0074 0.0081 0.0044 0.0110 0.0053 0.0431 0.0067 0.0093 0.0038 0.1015 0.0232 0.0073 0.0091 0.0058 0.0085 
   H167547.6  2 0.0070 0.7112 0.0074 0.0075 0.0073 0.0067 0.0136 0.0053 0.0602 0.0064 0.0094 0.0049 0.0996 0.0243 0.0095 0.0088 0.0056 0.0055 
   H167547.7  2 0.0414 0.1184 0.0166 0.0189 0.0770 0.1687 0.0343 0.0226 0.0407 0.1101 0.0224 0.0144 0.0126 0.1071 0.0325 0.0438 0.0954 0.0230 
   H169750.1  2 0.0434 0.0699 0.0159 0.0119 0.0403 0.3330 0.0233 0.1091 0.0109 0.0936 0.0172 0.0236 0.0983 0.0191 0.0328 0.0290 0.0202 0.0087 
   H169750.2  2 0.0259 0.0726 0.0145 0.0266 0.0117 0.3370 0.0329 0.0540 0.0248 0.0699 0.0354 0.0386 0.0311 0.0142 0.0066 0.0364 0.0178 0.1501 
   H169750.3  2 0.0467 0.0501 0.0092 0.0033 0.0437 0.5342 0.0608 0.0487 0.0112 0.0196 0.0183 0.0101 0.0391 0.0291 0.0059 0.0321 0.0276 0.0102 
   H169750.4  2 0.0605 0.0177 0.0469 0.0898 0.0127 0.2239 0.0115 0.0622 0.0698 0.0973 0.0158 0.0656 0.0762 0.0086 0.0047 0.0940 0.0150 0.0278 
   H169750.5  2 0.0270 0.0415 0.0060 0.0070 0.0138 0.5422 0.0251 0.0175 0.0092 0.0395 0.0362 0.0409 0.1201 0.0134 0.0318 0.0093 0.0125 0.0070 
   H169750.6  2 0.0353 0.0427 0.0086 0.0099 0.0343 0.2807 0.0370 0.0443 0.0172 0.0759 0.2131 0.0255 0.0846 0.0169 0.0120 0.0119 0.0177 0.0323 
   H169750.7  2 0.0340 0.0603 0.0344 0.0177 0.0294 0.3429 0.0190 0.1443 0.0106 0.0259 0.0176 0.0231 0.0189 0.0192 0.0074 0.0485 0.0401 0.1066 
   H171929.1  2 0.0074 0.0091 0.0068 0.0324 0.0064 0.8031 0.0046 0.0047 0.0181 0.0157 0.0062 0.0038 0.0076 0.0063 0.0077 0.0062 0.0359 0.0180 
  H171929.10  2 0.0061 0.0146 0.0077 0.0139 0.0047 0.8010 0.0088 0.0071 0.0105 0.0125 0.0069 0.0043 0.0124 0.0122 0.0099 0.0052 0.0341 0.0281 
  H171929.11  2 0.0066 0.0103 0.0054 0.0130 0.0060 0.8772 0.0050 0.0048 0.0103 0.0079 0.0044 0.0044 0.0058 0.0063 0.0041 0.0051 0.0124 0.0112 
   H171929.2  2 0.0053 0.0050 0.0043 0.0043 0.0032 0.9101 0.0052 0.0047 0.0079 0.0069 0.0046 0.0061 0.0054 0.0066 0.0054 0.0059 0.0055 0.0036 
   H171929.3  2 0.0044 0.0079 0.0034 0.0064 0.0036 0.9071 0.0055 0.0043 0.0078 0.0051 0.0059 0.0043 0.0050 0.0061 0.0060 0.0047 0.0050 0.0075 
   H171929.4  2 0.0121 0.0179 0.0039 0.0033 0.0059 0.8361 0.0068 0.0071 0.0084 0.0128 0.0109 0.0066 0.0093 0.0109 0.0100 0.0087 0.0189 0.0104 
   H171929.5  2 0.0062 0.0057 0.0051 0.0095 0.0082 0.8802 0.0099 0.0053 0.0079 0.0077 0.0046 0.0100 0.0048 0.0072 0.0046 0.0076 0.0054 0.0101 
   H171929.6  2 0.0066 0.0039 0.0053 0.0071 0.0063 0.9095 0.0058 0.0041 0.0055 0.0065 0.0041 0.0054 0.0037 0.0060 0.0036 0.0060 0.0048 0.0058 
   H171929.7  2 0.0068 0.0063 0.0039 0.0037 0.0049 0.8540 0.0039 0.0053 0.0086 0.0089 0.0098 0.0048 0.0055 0.0071 0.0065 0.0064 0.0400 0.0135 
   H171929.8  2 0.0072 0.0061 0.0042 0.0054 0.0064 0.8435 0.0052 0.0059 0.0070 0.0231 0.0075 0.0040 0.0098 0.0096 0.0066 0.0078 0.0330 0.0077 
   H171929.9  2 0.0180 0.0066 0.0038 0.0040 0.0077 0.7898 0.0148 0.0117 0.0043 0.0125 0.0163 0.0058 0.0105 0.0063 0.0101 0.0072 0.0517 0.0190 
   H171930.1  2 0.0083 0.0054 0.0049 0.0221 0.0121 0.0306 0.8571 0.0048 0.0093 0.0058 0.0050 0.0054 0.0072 0.0037 0.0027 0.0083 0.0025 0.0048 
   H171930.2  2 0.0287 0.0926 0.0111 0.0066 0.1015 0.0265 0.3474 0.0221 0.0237 0.0233 0.0247 0.0159 0.1732 0.0458 0.0131 0.0185 0.0122 0.0132 
   H171930.3  2 0.0045 0.0114 0.0101 0.0194 0.0116 0.0064 0.8345 0.0065 0.0218 0.0049 0.0060 0.0079 0.0159 0.0108 0.0064 0.0088 0.0082 0.0050 
   H171930.4  2 0.0060 0.0463 0.0165 0.0101 0.0537 0.0080 0.7102 0.0257 0.0089 0.0075 0.0073 0.0142 0.0356 0.0142 0.0091 0.0149 0.0044 0.0076 
   H171930.5  2 0.0676 0.0411 0.0142 0.0250 0.1135 0.1056 0.3596 0.0177 0.0115 0.0253 0.0397 0.0194 0.0333 0.0628 0.0104 0.0286 0.0144 0.0103 
   H171930.6  2 0.0174 0.0155 0.0208 0.0088 0.0224 0.0081 0.7157 0.0160 0.0082 0.0078 0.0257 0.0285 0.0268 0.0273 0.0084 0.0266 0.0049 0.0112 
   H171930.7  2 0.0046 0.0073 0.0051 0.0099 0.0083 0.0060 0.8868 0.0078 0.0064 0.0071 0.0035 0.0067 0.0057 0.0067 0.0041 0.0083 0.0088 0.0070 
   H171930.8  2 0.0047 0.0067 0.0081 0.0073 0.0051 0.0078 0.8740 0.0118 0.0122 0.0103 0.0043 0.0043 0.0107 0.0052 0.0041 0.0061 0.0041 0.0130 
   H171933.1  2 0.0114 0.1415 0.0051 0.0500 0.0065 0.0119 0.0066 0.0055 0.0142 0.0115 0.0070 0.0155 0.0215 0.0161 0.6482 0.0076 0.0097 0.0101 
   H171933.2  2 0.0218 0.2599 0.0193 0.0581 0.0059 0.0126 0.0134 0.0137 0.0208 0.0075 0.0177 0.0379 0.0428 0.0103 0.3850 0.0056 0.0445 0.0232 
   H171933.3  2 0.0051 0.4092 0.0131 0.0086 0.0071 0.0121 0.0128 0.0087 0.0133 0.0082 0.0083 0.0109 0.0311 0.0385 0.3384 0.0096 0.0540 0.0110 
   H171933.4  2 0.0087 0.0553 0.0108 0.0052 0.0091 0.0689 0.0222 0.0913 0.0144 0.0176 0.0111 0.0148 0.0270 0.0566 0.4901 0.0404 0.0353 0.0212 
   H171933.5  2 0.0148 0.1002 0.0219 0.0105 0.0172 0.1113 0.0345 0.0725 0.0180 0.0572 0.0069 0.0480 0.0247 0.1603 0.1213 0.1513 0.0172 0.0121 
   H171933.6  2 0.0084 0.0323 0.0083 0.0061 0.0096 0.0069 0.0077 0.0134 0.0097 0.0092 0.0290 0.0320 0.3389 0.0078 0.4570 0.0082 0.0080 0.0074 
   H171933.7  2 0.0217 0.1397 0.0377 0.0160 0.0109 0.0119 0.0088 0.0126 0.0091 0.0124 0.0088 0.0191 0.0101 0.1060 0.4769 0.0192 0.0635 0.0154 
   H171933.8  2 0.0101 0.0711 0.0424 0.0388 0.0102 0.0481 0.0261 0.0424 0.0160 0.0095 0.0185 0.0253 0.0123 0.0822 0.4152 0.0111 0.0669 0.0539 
   H171933.9  2 0.0046 0.0280 0.0069 0.0032 0.0164 0.0144 0.0129 0.0230 0.0071 0.0086 0.0077 0.0134 0.0251 0.0291 0.7314 0.0474 0.0119 0.0089 
      H190.1  2 0.0168 0.0527 0.0065 0.0045 0.0252 0.0087 0.0678 0.0569 0.0056 0.1012 0.0253 0.2546 0.0315 0.2598 0.0272 0.0336 0.0066 0.0153 
      H190.2  2 0.0186 0.4807 0.0301 0.0063 0.0063 0.0133 0.0317 0.1114 0.1752 0.0192 0.0152 0.0091 0.0088 0.0168 0.0042 0.0080 0.0226 0.0225 
      H190.3  2 0.0168 0.4911 0.0071 0.0074 0.0089 0.0201 0.0273 0.0170 0.1356 0.1635 0.0150 0.0131 0.0197 0.0133 0.0102 0.0109 0.0097 0.0134 
      H190.4  2 0.0145 0.0630 0.0042 0.0100 0.0182 0.0178 0.0178 0.0113 0.0114 0.0883 0.0080 0.0775 0.0638 0.4995 0.0442 0.0295 0.0161 0.0050 
      H190.5  2 0.0749 0.3984 0.0217 0.0062 0.0104 0.0168 0.0418 0.1885 0.0722 0.0104 0.0403 0.0421 0.0149 0.0068 0.0086 0.0109 0.0201 0.0150 
      H190.6  2 0.0089 0.0396 0.0053 0.0072 0.0131 0.0085 0.0089 0.0097 0.0143 0.1386 0.0120 0.0359 0.0606 0.5842 0.0154 0.0159 0.0154 0.0065 
      H190.7  2 0.0253 0.1878 0.0070 0.0087 0.0062 0.0172 0.0081 0.0316 0.0747 0.1582 0.0112 0.0179 0.0562 0.0361 0.0056 0.0189 0.2935 0.0355 
      H190.8  2 0.0433 0.1109 0.0200 0.0060 0.0174 0.0096 0.0364 0.5201 0.0274 0.0072 0.0177 0.0739 0.0164 0.0164 0.0084 0.0224 0.0323 0.0140 
      H190.9  2 0.0668 0.1754 0.0308 0.0095 0.0068 0.0500 0.0469 0.1455 0.0340 0.0831 0.0101 0.0402 0.0248 0.0443 0.0082 0.0195 0.1672 0.0369 
      H400.1  2 0.0537 0.0071 0.0320 0.0079 0.0054 0.0087 0.0144 0.0064 0.0035 0.0138 0.0093 0.0081 0.7791 0.0060 0.0251 0.0083 0.0058 0.0054 
      H400.2  2 0.0215 0.0248 0.0342 0.0147 0.0094 0.0151 0.0253 0.0043 0.0043 0.0081 0.0202 0.0121 0.7180 0.0097 0.0584 0.0043 0.0073 0.0083 
      H400.3  2 0.2922 0.0510 0.0153 0.0132 0.0158 0.0128 0.0417 0.0138 0.0105 0.0133 0.0184 0.0572 0.3156 0.0178 0.0703 0.0286 0.0054 0.0070 
      H400.4  2 0.0106 0.0084 0.0124 0.0040 0.0075 0.0122 0.0494 0.0058 0.0065 0.0041 0.0102 0.0074 0.8194 0.0094 0.0111 0.0066 0.0073 0.0077 
      H400.5  2 0.0273 0.0645 0.0104 0.0115 0.0085 0.0492 0.0319 0.0051 0.0064 0.0177 0.0162 0.0269 0.4612 0.0377 0.2001 0.0153 0.0057 0.0042 
      H400.6  2 0.0308 0.0104 0.0308 0.0036 0.0052 0.0077 0.0107 0.0053 0.0058 0.0096 0.0091 0.0065 0.7997 0.0066 0.0198 0.0082 0.0236 0.0065 
      H400.7  2 0.0186 0.0274 0.0213 0.0081 0.0070 0.0980 0.0099 0.0099 0.0082 0.0215 0.0090 0.0189 0.5661 0.0478 0.1062 0.0079 0.0092 0.0050 
 H428.1_2005  2 0.0037 0.0039 0.0041 0.0033 0.0048 0.0047 0.0032 0.0033 0.0039 0.0044 0.0042 0.0045 0.0040 0.0039 0.9297 0.0047 0.0053 0.0045 
 H428.1_2006  2 0.0051 0.0056 0.0093 0.0039 0.0038 0.0058 0.0059 0.0069 0.0106 0.0047 0.0150 0.0054 0.0091 0.0037 0.8809 0.0060 0.0076 0.0107 
 H428.2_2005  2 0.0053 0.0062 0.0040 0.0044 0.0061 0.0062 0.0032 0.0046 0.0042 0.0054 0.0045 0.0053 0.0056 0.0070 0.9173 0.0035 0.0036 0.0037 
 H428.2_2006  2 0.0048 0.0059 0.0095 0.0050 0.0063 0.0083 0.0052 0.0074 0.0054 0.0031 0.0206 0.0060 0.0067 0.0058 0.8758 0.0050 0.0056 0.0136 
 H428.3_2005  2 0.0039 0.0049 0.0040 0.0034 0.0036 0.0043 0.0044 0.0048 0.0045 0.0044 0.0046 0.0042 0.0062 0.0047 0.9248 0.0031 0.0055 0.0049 
 H428.3_2006  2 0.0054 0.0068 0.0131 0.0057 0.0064 0.0076 0.0061 0.0071 0.0041 0.0035 0.0099 0.0123 0.0084 0.0047 0.8698 0.0064 0.0049 0.0180 
 H428.4_2005  2 0.0027 0.0063 0.0037 0.0035 0.0037 0.0053 0.0047 0.0042 0.0062 0.0044 0.0047 0.0038 0.0060 0.0051 0.9232 0.0041 0.0039 0.0044 
