      H008.1  2 0.9408 0.0084 0.0125 0.0132 0.0125 0.0125 
      H008.2  2 0.2391 0.4123 0.1095 0.1514 0.0644 0.0233 
      H008.3  2 0.1916 0.1506 0.1310 0.3156 0.1742 0.0371 
      H008.4  2 0.8510 0.0692 0.0221 0.0145 0.0157 0.0275 
      H008.5  2 0.8839 0.0246 0.0197 0.0258 0.0292 0.0167 
      H008.6  2 0.5154 0.2902 0.0810 0.0795 0.0141 0.0198 
      H008.7  2 0.6562 0.1735 0.0284 0.0493 0.0495 0.0432 
      H008.8  2 0.4301 0.1989 0.2983 0.0285 0.0211 0.0231 
      H008.9  2 0.0429 0.7564 0.1205 0.0430 0.0176 0.0196 
 H029.1_2002  2 0.9133 0.0222 0.0149 0.0094 0.0263 0.0139 
 H029.1_2003  2 0.6877 0.1426 0.0391 0.0328 0.0706 0.0273 
 H029.2_2002  2 0.8641 0.0352 0.0169 0.0360 0.0358 0.0119 
 H029.2_2003  2 0.6892 0.0896 0.0480 0.1001 0.0607 0.0125 
 H029.3_2002  2 0.4799 0.2658 0.0263 0.0400 0.1711 0.0168 
 H029.3_2003  2 0.9120 0.0187 0.0071 0.0188 0.0273 0.0161 
 H029.4_2002  2 0.9433 0.0159 0.0060 0.0088 0.0142 0.0118 
 H029.4_2003  2 0.7737 0.0709 0.0244 0.0345 0.0780 0.0184 
 H029.5_2002  2 0.9441 0.0085 0.0074 0.0065 0.0162 0.0174 
 H029.5_2003  2 0.9235 0.0295 0.0088 0.0168 0.0111 0.0101 
 H029.6_2002  2 0.7399 0.0744 0.0066 0.0099 0.1553 0.0140 
 H029.6_2003  2 0.8057 0.0258 0.0222 0.0719 0.0391 0.0353 
      H029.7  2 0.9353 0.0176 0.0133 0.0118 0.0122 0.0097 
      H030.1  2 0.0259 0.0089 0.0182 0.0300 0.8843 0.0327 
      H030.2  2 0.0949 0.0923 0.0153 0.0292 0.7129 0.0554 
      H038.1  2 0.9347 0.0272 0.0098 0.0071 0.0137 0.0076 
      H038.2  2 0.9541 0.0082 0.0063 0.0088 0.0120 0.0105 
      H038.3  2 0.9185 0.0290 0.0094 0.0181 0.0111 0.0140 
      H038.4  2 0.9222 0.0292 0.0080 0.0105 0.0099 0.0203 
      H038.5  2 0.9103 0.0387 0.0073 0.0140 0.0194 0.0103 
      H038.6  2 0.9503 0.0136 0.0074 0.0099 0.0123 0.0066 
      H038.7  2 0.9569 0.0115 0.0059 0.0115 0.0071 0.0070 
      H038.8  2 0.8844 0.0639 0.0087 0.0098 0.0169 0.0162 
      H041.1  2 0.6460 0.0393 0.0217 0.0208 0.1447 0.1276 
      H041.2  2 0.5022 0.0750 0.0147 0.0114 0.0556 0.3410 
      H041.4  2 0.8496 0.0510 0.0248 0.0132 0.0313 0.0302 
      H041.6  2 0.8271 0.0202 0.0449 0.0105 0.0510 0.0463 
 H042.1_2002  2 0.0445 0.0235 0.0675 0.0637 0.6478 0.1530 
 H042.1_2003  2 0.2317 0.3908 0.0910 0.1080 0.0406 0.1380 
 H042.2_2002  2 0.8759 0.0169 0.0082 0.0437 0.0313 0.0241 
 H042.2_2003  2 0.3558 0.0141 0.0267 0.0203 0.0299 0.5532 
 H042.3_2002  2 0.1006 0.0354 0.0298 0.1874 0.3785 0.2682 
 H042.3_2003  2 0.5641 0.0378 0.0387 0.1332 0.0712 0.1551 
 H042.4_2002  2 0.0636 0.0480 0.0291 0.0270 0.7301 0.1022 
 H042.4_2003  2 0.2704 0.0114 0.1021 0.0189 0.5262 0.0710 
      H042.5  2 0.0213 0.0060 0.0196 0.0229 0.9044 0.0258 
      H042.6  2 0.0969 0.0167 0.0724 0.0321 0.7504 0.0316 
      H042.7  2 0.0707 0.0083 0.0228 0.0267 0.2535 0.6180 
      H042.8  2 0.1679 0.0543 0.0282 0.0478 0.5637 0.1381 
   H042_2002  2 0.5197 0.0424 0.3002 0.0318 0.0176 0.0884 
   H042_2003  2 0.5226 0.0411 0.2827 0.0467 0.0183 0.0886 
      H043.1  2 0.1709 0.5673 0.0978 0.0856 0.0448 0.0337 
      H043.2  2 0.0555 0.5067 0.3905 0.0168 0.0073 0.0232 
      H043.3  2 0.8113 0.0576 0.0670 0.0387 0.0109 0.0143 
      H043.4  2 0.3610 0.1529 0.4317 0.0250 0.0116 0.0178 
      H043.5  2 0.1849 0.7325 0.0382 0.0144 0.0108 0.0193 
      H043.6  2 0.4209 0.4506 0.0659 0.0237 0.0131 0.0257 
      H043.7  2 0.1082 0.1914 0.6549 0.0218 0.0071 0.0166 
      H043.8  2 0.1235 0.4122 0.3345 0.0432 0.0265 0.0601 
      H043.9  2 0.4678 0.2775 0.1501 0.0413 0.0413 0.0219 
      H047.1  2 0.9177 0.0092 0.0250 0.0233 0.0073 0.0175 
      H047.2  2 0.8206 0.0113 0.0323 0.0673 0.0431 0.0253 
      H047.3  2 0.7853 0.0101 0.0312 0.0814 0.0262 0.0658 
      H047.4  2 0.8282 0.0072 0.0332 0.0171 0.0192 0.0951 
      H047.5  2 0.8644 0.0058 0.0250 0.0343 0.0112 0.0593 
      H047.6  2 0.7113 0.0359 0.0628 0.0519 0.0246 0.1136 
      H047.7  2 0.9120 0.0088 0.0132 0.0160 0.0100 0.0400 
      H047.8  2 0.6912 0.0214 0.0762 0.0765 0.0214 0.1134 
      H047.9  2 0.8905 0.0050 0.0243 0.0252 0.0091 0.0459 
 H071.1_2002  2 0.9526 0.0081 0.0122 0.0108 0.0084 0.0079 
 H071.1_2003  2 0.7266 0.0164 0.1964 0.0142 0.0272 0.0192 
     H071.10  2 0.9396 0.0118 0.0071 0.0089 0.0232 0.0093 
 H071.2_2002  2 0.9447 0.0121 0.0146 0.0100 0.0098 0.0088 
 H071.2_2003  2 0.9646 0.0056 0.0085 0.0079 0.0075 0.0060 
      H071.3  2 0.9382 0.0149 0.0059 0.0104 0.0177 0.0128 
 H071.4_2002  2 0.9308 0.0182 0.0088 0.0161 0.0158 0.0103 
 H071.4_2003  2 0.9680 0.0052 0.0063 0.0076 0.0073 0.0057 
 H071.5_2002  2 0.9621 0.0059 0.0082 0.0064 0.0104 0.0069 
 H071.5_2003  2 0.9457 0.0056 0.0137 0.0128 0.0104 0.0118 
 H071.6_2002  2 0.9622 0.0092 0.0067 0.0101 0.0054 0.0065 
 H071.6_2003  2 0.9573 0.0055 0.0102 0.0085 0.0114 0.0071 
 H071.7_2002  2 0.9662 0.0067 0.0100 0.0057 0.0055 0.0059 
 H071.7_2003  2 0.9306 0.0073 0.0175 0.0153 0.0156 0.0136 
      H071.8  2 0.9481 0.0102 0.0180 0.0079 0.0082 0.0077 
      H071.9  2 0.8866 0.0357 0.0270 0.0148 0.0180 0.0178 
 H081.1_2002  2 0.9617 0.0056 0.0101 0.0066 0.0086 0.0073 
 H081.1_2003  2 0.0864 0.7056 0.0785 0.0258 0.0715 0.0321 
 H081.2_2002  2 0.9472 0.0065 0.0252 0.0071 0.0076 0.0065 
 H081.2_2003  2 0.0555 0.1101 0.0825 0.0213 0.7139 0.0166 
 H081.3_2002  2 0.9234 0.0109 0.0347 0.0078 0.0149 0.0084 
 H081.3_2003  2 0.0550 0.2123 0.5353 0.0375 0.1349 0.0250 
 H081.4_2002  2 0.9546 0.0060 0.0108 0.0092 0.0108 0.0086 
 H081.4_2003  2 0.0431 0.0999 0.5510 0.0562 0.2067 0.0429 
 H081.5_2002  2 0.9372 0.0072 0.0191 0.0087 0.0199 0.0079 
 H081.5_2003  2 0.1145 0.1019 0.5811 0.0258 0.0835 0.0931 
      H081.6  2 0.9577 0.0076 0.0115 0.0088 0.0072 0.0072 
      H081.7  2 0.9283 0.0086 0.0308 0.0088 0.0125 0.0110 
      H081.8  2 0.8990 0.0248 0.0140 0.0108 0.0391 0.0124 
      H083.1  2 0.9263 0.0143 0.0073 0.0113 0.0321 0.0087 
      H083.2  2 0.9390 0.0107 0.0120 0.0103 0.0194 0.0085 
      H083.4  2 0.9142 0.0202 0.0118 0.0135 0.0322 0.0080 
      H083.5  2 0.9124 0.0205 0.0110 0.0109 0.0336 0.0116 
      H083.6  2 0.9053 0.0190 0.0084 0.0143 0.0410 0.0119 
      H083.7  2 0.9236 0.0182 0.0134 0.0112 0.0195 0.0140 
      H083.8  2 0.9504 0.0077 0.0103 0.0102 0.0114 0.0100 
      H083.9  2 0.9241 0.0117 0.0066 0.0084 0.0395 0.0096 
      H084.1  2 0.0275 0.5578 0.0154 0.0304 0.3059 0.0630 
      H084.2  2 0.0218 0.4125 0.0174 0.0569 0.4736 0.0177 
      H084.3  2 0.0170 0.5290 0.0173 0.0318 0.1127 0.2921 
      H084.4  2 0.0170 0.6848 0.0214 0.0292 0.0721 0.1755 
      H084.5  2 0.0190 0.5279 0.0201 0.0342 0.0991 0.2997 
      H084.6  2 0.0136 0.6709 0.0257 0.0160 0.1039 0.1698 
      H084.7  2 0.0242 0.2195 0.0122 0.0438 0.6371 0.0632 
      H084.8  2 0.0098 0.5681 0.0130 0.0138 0.0988 0.2965 
 H085.1_2002  2 0.2562 0.0368 0.5863 0.0109 0.0987 0.0110 
 H085.1_2003  2 0.7487 0.0389 0.0317 0.0197 0.1311 0.0299 
 H085.2_2002  2 0.0466 0.0531 0.6567 0.0113 0.2049 0.0275 
 H085.2_2003  2 0.7028 0.0271 0.0279 0.0349 0.1926 0.0146 
 H085.3_2002  2 0.0511 0.0096 0.8428 0.0135 0.0466 0.0364 
 H085.3_2003  2 0.9023 0.0066 0.0370 0.0189 0.0149 0.0203 
 H085.4_2002  2 0.3207 0.0494 0.5147 0.0154 0.0820 0.0178 
 H085.4_2003  2 0.8652 0.0120 0.0274 0.0133 0.0408 0.0413 
 H085.5_2002  2 0.0521 0.0080 0.9000 0.0099 0.0108 0.0192 
 H085.5_2003  2 0.7878 0.0117 0.0159 0.0161 0.1574 0.0111 
 H085.6_2002  2 0.0536 0.0173 0.8584 0.0105 0.0422 0.0180 
 H085.6_2003  2 0.3370 0.0145 0.3312 0.0362 0.0257 0.2554 
 H085.7_2002  2 0.0671 0.0165 0.7715 0.0183 0.1123 0.0144 
 H085.7_2003  2 0.9119 0.0118 0.0179 0.0211 0.0133 0.0240 
 H085.8_2002  2 0.0446 0.0176 0.8485 0.0141 0.0254 0.0499 
 H085.8_2003  2 0.2562 0.0205 0.0622 0.0237 0.5761 0.0612 
      H085.9  2 0.1922 0.0299 0.6848 0.0099 0.0630 0.0202 
      H088.1  2 0.0289 0.0360 0.0412 0.0399 0.8168 0.0372 
      H088.2  2 0.0250 0.0134 0.0540 0.0224 0.8280 0.0571 
      H088.3  2 0.0146 0.0131 0.0372 0.0217 0.8944 0.0191 
      H088.4  2 0.0390 0.0273 0.0172 0.0284 0.8574 0.0307 
      H088.5  2 0.0112 0.0164 0.0138 0.0142 0.9238 0.0207 
      H088.6  2 0.0269 0.0168 0.0127 0.0215 0.8889 0.0331 
      H088.7  2 0.2259 0.0348 0.0201 0.0209 0.6327 0.0655 
      H088.8  2 0.2829 0.0850 0.0177 0.0569 0.4952 0.0623 
      H091.1  2 0.0403 0.0107 0.0164 0.0342 0.8662 0.0322 
      H091.2  2 0.1285 0.0093 0.0161 0.0387 0.7356 0.0718 
      H109.1  2 0.1223 0.4794 0.0608 0.1148 0.1659 0.0568 
      H109.2  2 0.2722 0.0645 0.0383 0.0692 0.4114 0.1444 
      H109.3  2 0.2639 0.0521 0.0204 0.3122 0.1047 0.2467 
      H109.4  2 0.1086 0.3718 0.0511 0.1758 0.1451 0.1476 
      H109.5  2 0.5150 0.0077 0.0168 0.0435 0.0524 0.3647 
      H109.6  2 0.2156 0.3179 0.0691 0.0835 0.1953 0.1186 
      H126.1  2 0.0455 0.0179 0.6988 0.1582 0.0157 0.0638 
      H126.2  2 0.8020 0.0473 0.0679 0.0445 0.0164 0.0219 
      H126.3  2 0.9187 0.0210 0.0189 0.0202 0.0077 0.0135 
      H126.4  2 0.4158 0.0595 0.2825 0.1861 0.0316 0.0246 
      H126.5  2 0.7366 0.0142 0.1598 0.0528 0.0099 0.0267 
      H126.6  2 0.9320 0.0075 0.0328 0.0106 0.0091 0.0080 
      H126.7  2 0.9569 0.0054 0.0121 0.0105 0.0092 0.0058 
      H130.1  2 0.0104 0.0170 0.8451 0.0541 0.0472 0.0262 
      H130.2  2 0.0500 0.0403 0.1150 0.0605 0.7081 0.0261 
      H130.3  2 0.0367 0.0083 0.0411 0.7484 0.1567 0.0088 
      H130.4  2 0.0143 0.0678 0.6669 0.1517 0.0752 0.0242 
      H130.5  2 0.0571 0.0139 0.4014 0.0279 0.4713 0.0285 
      H133.1  2 0.1168 0.2984 0.1422 0.2330 0.1363 0.0733 
      H133.2  2 0.0560 0.0738 0.6841 0.0530 0.0985 0.0347 
      H133.3  2 0.2628 0.2678 0.1098 0.1321 0.0738 0.1536 
      H133.4  2 0.0713 0.5083 0.1700 0.1283 0.0375 0.0846 
      H133.5  2 0.0269 0.1337 0.4237 0.2986 0.1041 0.0129 
      H133.6  2 0.0425 0.0410 0.5726 0.0680 0.2483 0.0276 
      H133.7  2 0.0835 0.1847 0.1073 0.0411 0.0202 0.5632 
      H133.8  2 0.0587 0.4078 0.2417 0.1658 0.0510 0.0750 
      H133.9  2 0.0700 0.2398 0.0824 0.3863 0.1807 0.0408 
      H147.1  2 0.4127 0.0454 0.0670 0.0085 0.2759 0.1905 
      H147.2  2 0.9229 0.0091 0.0255 0.0067 0.0204 0.0153 
      H147.3  2 0.9163 0.0087 0.0245 0.0093 0.0248 0.0164 
      H147.4  2 0.8698 0.0341 0.0155 0.0099 0.0557 0.0149 
      H147.5  2 0.2393 0.0109 0.0188 0.0219 0.6894 0.0197 
      H147.6  2 0.2474 0.0135 0.0216 0.0250 0.6707 0.0218 
      H147.7  2 0.8447 0.0482 0.0167 0.0116 0.0417 0.0371 
      H147.8  2 0.4413 0.0497 0.0097 0.0097 0.4785 0.0110 
      H147.9  2 0.9316 0.0077 0.0201 0.0078 0.0227 0.0101 
      H148.1  2 0.0218 0.4487 0.2352 0.0324 0.1130 0.1488 
      H148.2  2 0.0337 0.5195 0.1880 0.0233 0.0317 0.2038 
      H148.3  2 0.0164 0.1663 0.0138 0.0121 0.0149 0.7765 
      H148.4  2 0.0305 0.4685 0.2060 0.0261 0.0210 0.2479 
      H148.5  2 0.0283 0.4229 0.0330 0.0406 0.0609 0.4144 
      H148.6  2 0.0178 0.5854 0.0547 0.0137 0.0497 0.2787 
      H148.7  2 0.0163 0.4847 0.0519 0.1264 0.0416 0.2791 
      H148.8  2 0.0134 0.2622 0.0941 0.0148 0.0341 0.5814 
      H148.9  2 0.0198 0.4843 0.1749 0.0618 0.0327 0.2265 
   H166022.1  2 0.0127 0.0114 0.0092 0.0067 0.9485 0.0116 
   H166022.2  2 0.0405 0.0241 0.0212 0.0192 0.8745 0.0205 
   H166022.3  2 0.0066 0.0077 0.0109 0.0137 0.9526 0.0085 
   H166022.4  2 0.0070 0.0093 0.0079 0.0150 0.9517 0.0092 
   H166022.5  2 0.0103 0.0089 0.0080 0.0170 0.9457 0.0101 
   H166022.6  2 0.0070 0.0135 0.0201 0.0114 0.9364 0.0116 
   H166022.7  2 0.0128 0.9400 0.0118 0.0172 0.0102 0.0080 
   H166022.8  2 0.0176 0.0132 0.1015 0.0224 0.8248 0.0205 
   H167397.1  2 0.0544 0.7748 0.0171 0.0099 0.0422 0.1017 
   H167397.2  2 0.0389 0.7452 0.1305 0.0189 0.0387 0.0278 
   H167397.3  2 0.0559 0.8088 0.0185 0.0099 0.0280 0.0788 
   H167397.4  2 0.0255 0.9003 0.0124 0.0119 0.0181 0.0318 
   H167397.5  2 0.0212 0.9128 0.0153 0.0121 0.0205 0.0180 
   H167397.6  2 0.0845 0.7570 0.0189 0.0158 0.0185 0.1054 
   H167496.1  2 0.0353 0.0134 0.0309 0.1410 0.3155 0.4639 
   H167496.2  2 0.4599 0.0563 0.0963 0.0565 0.0327 0.2983 
   H167496.3  2 0.0937 0.0163 0.4346 0.0553 0.2454 0.1547 
   H167496.4  2 0.0227 0.0076 0.0110 0.0106 0.9384 0.0097 
   H167496.6  2 0.0590 0.0104 0.0328 0.0374 0.8378 0.0226 
   H167496.7  2 0.0374 0.0101 0.1429 0.1533 0.0748 0.5814 
   H167496.8  2 0.1341 0.0163 0.0462 0.0226 0.7222 0.0587 
   H167513.1  2 0.0473 0.2309 0.3563 0.1776 0.0859 0.1019 
   H167513.2  2 0.0428 0.1932 0.1148 0.0988 0.0290 0.5213 
   H167513.3  2 0.0181 0.0289 0.0212 0.6589 0.2155 0.0574 
   H167513.4  2 0.0299 0.0481 0.0581 0.1171 0.5542 0.1927 
   H167513.5  2 0.0752 0.3477 0.1921 0.0510 0.0452 0.2889 
   H167513.6  2 0.0594 0.0923 0.3036 0.0640 0.2670 0.2136 
   H167513.7  2 0.0409 0.1689 0.0518 0.1981 0.5104 0.0300 
   H167513.8  2 0.0418 0.2749 0.0397 0.5227 0.0768 0.0442 
   H167547.1  2 0.0089 0.0341 0.0376 0.0219 0.0171 0.8804 
   H167547.2  2 0.0117 0.0182 0.0115 0.0122 0.0211 0.9253 
   H167547.3  2 0.0093 0.0195 0.0153 0.0128 0.0277 0.9153 
   H167547.4  2 0.0135 0.0709 0.1255 0.0799 0.5482 0.1620 
   H167547.5  2 0.0154 0.0121 0.0201 0.0134 0.0943 0.8446 
   H167547.6  2 0.0115 0.0129 0.0151 0.0104 0.0878 0.8622 
   H167547.7  2 0.0521 0.0649 0.5319 0.0515 0.0445 0.2550 
   H169750.1  2 0.0409 0.0291 0.1974 0.4751 0.1657 0.0919 
   H169750.2  2 0.2276 0.1585 0.1599 0.2581 0.0562 0.1397 
   H169750.3  2 0.0931 0.0107 0.1174 0.5604 0.1184 0.0998 
   H169750.4  2 0.0611 0.2246 0.2495 0.3070 0.0280 0.1299 
   H169750.5  2 0.1676 0.0404 0.1431 0.3948 0.2086 0.0456 
   H169750.6  2 0.6505 0.0286 0.0687 0.1319 0.0925 0.0278 
   H169750.7  2 0.0891 0.0629 0.1681 0.5383 0.0243 0.1173 
   H171929.1  2 0.0354 0.6967 0.1313 0.0174 0.0162 0.1029 
  H171929.10  2 0.1115 0.2417 0.1087 0.0213 0.2364 0.2803 
  H171929.11  2 0.0443 0.4996 0.1332 0.0507 0.0251 0.2471 
   H171929.2  2 0.0279 0.0604 0.2008 0.1218 0.0407 0.5483 
   H171929.3  2 0.0384 0.3388 0.0676 0.0835 0.0352 0.4365 
   H171929.4  2 0.0578 0.0144 0.4051 0.1039 0.2249 0.1939 
   H171929.5  2 0.0340 0.4780 0.0558 0.1102 0.0560 0.2660 
   H171929.6  2 0.0264 0.6466 0.0684 0.0719 0.0330 0.1536 
   H171929.7  2 0.0616 0.0523 0.7199 0.0454 0.0265 0.0943 
   H171929.8  2 0.0233 0.0254 0.7620 0.0314 0.0351 0.1229 
   H171929.9  2 0.0674 0.0146 0.7136 0.0351 0.1334 0.0359 
   H171930.1  2 0.0505 0.2190 0.0149 0.4299 0.0854 0.2003 
   H171930.2  2 0.0500 0.0221 0.0235 0.1239 0.6225 0.1580 
   H171930.3  2 0.0321 0.4583 0.0098 0.2531 0.0853 0.1614 
   H171930.4  2 0.0141 0.0554 0.0085 0.2253 0.5903 0.1063 
   H171930.5  2 0.1722 0.0664 0.0417 0.3570 0.2177 0.1450 
   H171930.6  2 0.2102 0.0257 0.0097 0.3668 0.2672 0.1203 
   H171930.7  2 0.0180 0.8675 0.0122 0.0275 0.0277 0.0472 
   H171930.8  2 0.0262 0.7959 0.0163 0.0315 0.0406 0.0895 
   H171933.1  2 0.0077 0.0196 0.0079 0.0135 0.9360 0.0153 
   H171933.2  2 0.0200 0.0500 0.0192 0.0113 0.8506 0.0488 
   H171933.3  2 0.0083 0.0114 0.0159 0.0125 0.9121 0.0397 
   H171933.4  2 0.0091 0.0068 0.0385 0.0314 0.8678 0.0464 
   H171933.5  2 0.0105 0.0141 0.1151 0.1705 0.3896 0.3001 
   H171933.6  2 0.0263 0.0068 0.0071 0.0142 0.9308 0.0148 
   H171933.7  2 0.0160 0.0130 0.0415 0.0224 0.8832 0.0238 
   H171933.8  2 0.0174 0.0321 0.0628 0.0241 0.8144 0.0493 
   H171933.9  2 0.0071 0.0056 0.0120 0.0316 0.9279 0.0159 
      H190.1  2 0.0393 0.0116 0.0339 0.6556 0.1922 0.0674 
      H190.2  2 0.0872 0.0087 0.0262 0.0128 0.0112 0.8538 
      H190.3  2 0.0454 0.0146 0.1376 0.0476 0.0519 0.7029 
      H190.4  2 0.0144 0.0129 0.0303 0.0995 0.7815 0.0614 
      H190.5  2 0.3052 0.0107 0.0691 0.0360 0.0278 0.5512 
      H190.6  2 0.0207 0.0133 0.0344 0.0848 0.7524 0.0944 
      H190.7  2 0.0229 0.0200 0.6452 0.0415 0.0632 0.2073 
      H190.8  2 0.1769 0.0087 0.1122 0.1249 0.0318 0.5456 
      H190.9  2 0.0297 0.0219 0.3694 0.0505 0.0480 0.4805 
      H400.1  2 0.0119 0.0086 0.0129 0.0099 0.9507 0.0060 
      H400.2  2 0.0391 0.0118 0.0091 0.0091 0.9230 0.0080 
      H400.3  2 0.0188 0.0152 0.0174 0.0228 0.9105 0.0153 
      H400.4  2 0.0294 0.0082 0.0090 0.0119 0.9264 0.0151 
      H400.5  2 0.0132 0.0127 0.0125 0.0172 0.9313 0.0131 
      H400.6  2 0.0164 0.0071 0.0130 0.0083 0.9455 0.0097 
      H400.7  2 0.0074 0.0056 0.0094 0.0102 0.9542 0.0132 
 H428.1_2005  2 0.0155 0.0133 0.0124 0.0147 0.9323 0.0119 
 H428.1_2006  2 0.0345 0.0081 0.0175 0.0154 0.9081 0.0164 
 H428.2_2005  2 0.0084 0.0134 0.0131 0.0087 0.9486 0.0078 
 H428.2_2006  2 0.0450 0.0109 0.0145 0.0089 0.9122 0.0084 
 H428.3_2005  2 0.0135 0.0054 0.0074 0.0112 0.9541 0.0084 
 H428.3_2006  2 0.0371 0.0139 0.0136 0.0150 0.9099 0.0105 
 H428.4_2005  2 0.0088 0.0086 0.0077 0.0150 0.9493 0.0106 
 H428.4_2006  2 0.0196 0.0082 0.0080 0.0099 0.9467 0.0076 
 H428.5_2005  2 0.0149 0.0319 0.0110 0.0081 0.9247 0.0094 
 H428.6_2005  2 0.0176 0.0063 0.0215 0.0197 0.9227 0.0122 
 H428.6_2006  2 0.0223 0.0190 0.0096 0.0219 0.9191 0.0080 
      H428.7  2 0.0111 0.0051 0.0084 0.0071 0.9622 0.0061 
      H428.8  2 0.0203 0.0158 0.0063 0.0127 0.9376 0.0073 
      H428.9  2 0.0101 0.0178 0.0078 0.0078 0.9504 0.0060 
      H453.1  2 0.0380 0.0108 0.0185 0.0155 0.9057 0.0115 
      H453.2  2 0.0121 0.0075 0.0187 0.0183 0.9332 0.0102 
      H453.3  2 0.0118 0.0063 0.0323 0.0136 0.9242 0.0119 
      H453.4  2 0.0129 0.0071 0.0136 0.0175 0.9365 0.0124 
      H453.5  2 0.0244 0.0106 0.0097 0.0177 0.9278 0.0099 
      H453.6  2 0.0186 0.0070 0.0057 0.0125 0.9488 0.0074 
      H453.7  2 0.1628 0.0094 0.6646 0.0180 0.1162 0.0291 
      H453.8  2 0.1248 0.0179 0.2355 0.0313 0.5182 0.0723 
      H453.9  2 0.3048 0.0110 0.1018 0.0252 0.5458 0.0115 
      H512.1  2 0.0132 0.0052 0.0271 0.0342 0.9060 0.0144 
     H512.10  2 0.0572 0.1409 0.0428 0.2574 0.4442 0.0575 
      H512.2  2 0.0283 0.0269 0.0867 0.2423 0.4579 0.1579 
      H512.3  2 0.0198 0.0296 0.0197 0.7723 0.1223 0.0362 
      H512.4  2 0.0852 0.0360 0.0655 0.0446 0.7026 0.0660 
      H512.5  2 0.0214 0.0312 0.0170 0.8475 0.0491 0.0338 
      H512.6  2 0.0302 0.0143 0.1180 0.5088 0.2082 0.1204 
      H512.7  2 0.0280 0.0279 0.0132 0.7970 0.1084 0.0256 
      H512.8  2 0.0295 0.0237 0.0372 0.1922 0.2160 0.5014 
      H512.9  2 0.0254 0.0285 0.0516 0.6646 0.2115 0.0184 
      H513.1  2 0.0142 0.0117 0.0085 0.0070 0.9496 0.0091 
      H513.2  2 0.0136 0.0128 0.0103 0.0077 0.9475 0.0081 
      H513.3  2 0.0087 0.0083 0.0103 0.0135 0.9523 0.0069 
      H513.4  2 0.0286 0.0060 0.0084 0.0142 0.9233 0.0194 
      H513.5  2 0.0093 0.0083 0.0075 0.0141 0.9539 0.0069 
      H513.6  2 0.0150 0.2354 0.0132 0.0201 0.6938 0.0225 
      H532.1  2 0.4259 0.0336 0.0273 0.0387 0.4479 0.0267 
      H532.2  2 0.0341 0.0155 0.0344 0.0131 0.8682 0.0347 
      H532.3  2 0.0529 0.0117 0.0354 0.0203 0.8444 0.0353 
      H532.4  2 0.5524 0.0199 0.0740 0.0207 0.3173 0.0157 
      H532.5  2 0.0739 0.0289 0.0251 0.0177 0.8300 0.0243 
      H532.6  2 0.1457 0.0220 0.0341 0.0141 0.7717 0.0124 
      H532.7  2 0.4834 0.0192 0.0129 0.0284 0.4379 0.0183 
      H532.8  2 0.5088 0.0390 0.0231 0.0343 0.3350 0.0598 
      H543.1  2 0.0054 0.9523 0.0089 0.0088 0.0182 0.0065 
      H543.2  2 0.0117 0.8950 0.0126 0.0117 0.0508 0.0183 
      H543.3  2 0.0118 0.9501 0.0086 0.0074 0.0137 0.0084 
      H543.4  2 0.0067 0.9522 0.0094 0.0068 0.0099 0.0150 
      H543.5  2 0.0077 0.9558 0.0083 0.0072 0.0108 0.0102 
      H543.6  2 0.0064 0.9443 0.0189 0.0072 0.0151 0.0080 
      H543.7  2 0.0061 0.9678 0.0074 0.0055 0.0067 0.0065 
      H543.8  2 0.0187 0.9231 0.0136 0.0107 0.0232 0.0108 
      H543.9  2 0.0086 0.9527 0.0091 0.0091 0.0107 0.0098 
 H545.1_2005  2 0.0043 0.9773 0.0051 0.0053 0.0042 0.0039 
 H545.1_2006  2 0.0090 0.9608 0.0076 0.0074 0.0064 0.0088 
 H545.2_2005  2 0.0122 0.9397 0.0111 0.0173 0.0084 0.0113 
 H545.2_2006  2 0.0057 0.9697 0.0058 0.0056 0.0074 0.0057 
 H545.3_2005  2 0.0085 0.9406 0.0131 0.0154 0.0085 0.0140 
 H545.3_2006  2 0.0112 0.9662 0.0050 0.0058 0.0066 0.0052 
 H545.4_2005  2 0.0083 0.9405 0.0151 0.0118 0.0066 0.0176 
 H545.4_2006  2 0.0064 0.9529 0.0076 0.0122 0.0067 0.0142 
 H545.5_2005  2 0.0115 0.9580 0.0065 0.0087 0.0088 0.0066 
 H545.5_2006  2 0.0073 0.9553 0.0090 0.0090 0.0080 0.0113 
 H545.6_2005  2 0.0056 0.9732 0.0052 0.0057 0.0054 0.0049 
 H545.6_2006  2 0.0049 0.9684 0.0071 0.0076 0.0061 0.0059 
 H545.7_2005  2 0.0067 0.9690 0.0063 0.0058 0.0070 0.0052 
 H545.7_2006  2 0.0099 0.9570 0.0066 0.0094 0.0093 0.0078 
 H545.8_2005  2 0.0121 0.9352 0.0114 0.0104 0.0180 0.0129 
 H545.8_2006  2 0.0060 0.9699 0.0057 0.0060 0.0059 0.0065 
      H545.9  2 0.0061 0.9598 0.0095 0.0074 0.0076 0.0095 
      H547.1  2 0.0086 0.0128 0.0294 0.0285 0.8755 0.0453 
      H547.2  2 0.0161 0.0141 0.0193 0.0096 0.5898 0.3511 
      H547.3  2 0.0112 0.0280 0.0850 0.0429 0.5645 0.2684 
      H547.4  2 0.0363 0.0127 0.0418 0.0363 0.4724 0.4005 
      H547.5  2 0.0054 0.0081 0.0153 0.0130 0.5300 0.4282 
      H547.6  2 0.0096 0.0411 0.0217 0.0151 0.8830 0.0296 
      H547.7  2 0.0138 0.0512 0.0442 0.0543 0.6411 0.1954 
      H547.8  2 0.0077 0.0145 0.0363 0.0298 0.8455 0.0661 
      H548.1  2 0.0070 0.9611 0.0078 0.0086 0.0069 0.0086 
      H548.2  2 0.0078 0.9539 0.0091 0.0117 0.0093 0.0083 
      H548.3  2 0.0082 0.9591 0.0085 0.0094 0.0087 0.0062 
      H548.4  2 0.0228 0.9113 0.0182 0.0225 0.0127 0.0125 
      H548.5  2 0.0069 0.9698 0.0050 0.0063 0.0061 0.0059 
      H548.6  2 0.0068 0.9624 0.0067 0.0104 0.0065 0.0073 
      H548.7  2 0.0074 0.9652 0.0069 0.0064 0.0068 0.0074 
      H548.8  2 0.0110 0.9614 0.0061 0.0084 0.0069 0.0062 
      H548.9  2 0.0107 0.9326 0.0153 0.0188 0.0141 0.0085 
     H7389.1  2 0.0115 0.0122 0.0143 0.0138 0.9346 0.0136 
     H7389.2  2 0.0118 0.0348 0.0076 0.0072 0.9251 0.0135 
     H7389.3  2 0.0133 0.0163 0.0063 0.0101 0.9390 0.0151 
     H7389.4  2 0.0269 0.0518 0.0117 0.0117 0.8909 0.0071 
     H7389.5  2 0.0232 0.0255 0.0164 0.0188 0.9086 0.0075 
     H7389.6  2 0.0300 0.0196 0.0059 0.0267 0.9085 0.0092 
     H7389.7  2 0.0225 0.0548 0.0115 0.0164 0.8774 0.0175 
     H7389.8  2 0.0283 0.4233 0.0273 0.0286 0.4757 0.0168 
     H7389.9  2 0.0259 0.0688 0.0086 0.0109 0.8787 0.0071 
      H747.1  2 0.0334 0.0257 0.0369 0.7183 0.0484 0.1373 
      H747.2  2 0.0123 0.0381 0.0204 0.8619 0.0205 0.0467 
      H747.3  2 0.0148 0.0153 0.0315 0.8758 0.0275 0.0352 
      H747.4  2 0.0228 0.0113 0.0215 0.7881 0.0177 0.1387 
      H747.5  2 0.0156 0.0149 0.0115 0.8956 0.0177 0.0447 
      H747.6  2 0.0231 0.1712 0.0506 0.5183 0.0727 0.1642 
      H747.7  2 0.0154 0.0254 0.0421 0.8510 0.0321 0.0340 
     H7484.1  2 0.7965 0.0131 0.0881 0.0206 0.0617 0.0201 
     H7484.2  2 0.5632 0.0121 0.3199 0.0204 0.0350 0.0493 
     H7484.3  2 0.7347 0.0223 0.1167 0.0448 0.0215 0.0599 
     H7484.4  2 0.6731 0.0080 0.1971 0.0266 0.0655 0.0298 
     H7484.5  2 0.8211 0.0208 0.0446 0.0389 0.0444 0.0302 
     H7484.6  2 0.1621 0.0197 0.1285 0.5900 0.0214 0.0782 
     H7484.7  2 0.4752 0.0094 0.3734 0.1077 0.0204 0.0139 
     H7484.8  2 0.6771 0.0120 0.1054 0.0544 0.1266 0.0246 
     H7485.1  2 0.0108 0.9432 0.0152 0.0085 0.0115 0.0106 
     H7485.2  2 0.0085 0.9657 0.0073 0.0050 0.0080 0.0055 
     H7485.3  2 0.0077 0.9644 0.0064 0.0076 0.0064 0.0075 
     H7485.4  2 0.0077 0.9689 0.0079 0.0048 0.0064 0.0045 
     H7485.5  2 0.0155 0.9390 0.0193 0.0077 0.0103 0.0083 
     H7485.6  2 0.0227 0.9278 0.0183 0.0088 0.0112 0.0111 
     H7485.7  2 0.0134 0.9481 0.0118 0.0095 0.0078 0.0094 
     H7496.1  2 0.0761 0.0074 0.0135 0.0232 0.8190 0.0609 
    H7496.10  2 0.0275 0.0092 0.0137 0.0096 0.9246 0.0154 
    H7496.11  2 0.0674 0.8318 0.0132 0.0285 0.0327 0.0265 
     H7496.2  2 0.0277 0.0105 0.0248 0.0178 0.9048 0.0143 
     H7496.3  2 0.6220 0.0173 0.0791 0.0245 0.2096 0.0476 
     H7496.4  2 0.0207 0.0122 0.0130 0.0148 0.9242 0.0151 
     H7496.5  2 0.0297 0.0087 0.0164 0.0310 0.8628 0.0514 
     H7496.6  2 0.0355 0.0059 0.0188 0.0399 0.8783 0.0216 
     H7496.7  2 0.0232 0.0088 0.0176 0.0110 0.9259 0.0135 
     H7496.8  2 0.0761 0.0318 0.1395 0.0203 0.6635 0.0688 
        UNK4  2 0.0387 0.0853 0.0465 0.0340 0.7578 0.0377 
        UNK5  2 0.0722 0.0599 0.0358 0.0081 0.7890 0.0348 
        UNK6  2 0.0331 0.0376 0.0180 0.0240 0.8559 0.0314 
        UNK7  2 0.0256 0.1232 0.0177 0.0127 0.7902 0.0306 
        UNK8  2 0.0222 0.2036 0.0564 0.0090 0.6979 0.0110 
        UNK9  2 0.1965 0.2437 0.0125 0.0305 0.4999 0.0168 
      H009.1  4 0.0097 0.0072 0.9350 0.0287 0.0086 0.0108 
      H009.2  4 0.0093 0.0104 0.8973 0.0542 0.0152 0.0136 
      H009.3  4 0.0112 0.0069 0.9367 0.0227 0.0090 0.0136 
      H009.4  4 0.0144 0.0123 0.8357 0.1108 0.0100 0.0168 
      H009.5  4 0.0101 0.0295 0.9113 0.0312 0.0103 0.0076 
      H009.6  4 0.0173 0.0089 0.9255 0.0186 0.0102 0.0195 
      H046.4  4 0.3758 0.1081 0.1539 0.2118 0.1040 0.0464 
      H046.8  4 0.1018 0.1002 0.1288 0.1849 0.0328 0.4516 
 H076.1_2002  4 0.0087 0.0134 0.0123 0.0123 0.0143 0.9390 
 H076.1_2003  4 0.0062 0.0092 0.0060 0.0073 0.0071 0.9642 
 H076.1_2004  4 0.0099 0.0092 0.0089 0.0086 0.0078 0.9557 
 H076.2_2002  4 0.0077 0.0090 0.0091 0.0134 0.0110 0.9499 
 H076.2_2003  4 0.0060 0.0142 0.0121 0.0081 0.0074 0.9522 
 H076.2_2004  4 0.0202 0.0155 0.0215 0.0401 0.0197 0.8830 
 H076.3_2002  4 0.0342 0.0153 0.2307 0.1839 0.0280 0.5080 
 H076.3_2003  4 0.0083 0.0175 0.0091 0.0102 0.0092 0.9457 
 H076.3_2004  4 0.0092 0.0112 0.0085 0.0080 0.0082 0.9549 
 H076.4_2002  4 0.0199 0.0131 0.0565 0.0288 0.0286 0.8531 
 H076.4_2003  4 0.0071 0.0132 0.0099 0.0185 0.0077 0.9435 
 H076.4_2004  4 0.0196 0.0204 0.1140 0.1277 0.0341 0.6842 
 H076.5_2002  4 0.0154 0.0097 0.0139 0.0162 0.0306 0.9142 
 H076.5_2003  4 0.0094 0.0468 0.0111 0.0140 0.0103 0.9084 
 H076.5_2004  4 0.0246 0.0155 0.0541 0.0131 0.0312 0.8616 
 H076.6_2002  4 0.0113 0.0116 0.0140 0.0105 0.0087 0.9438 
 H076.6_2003  4 0.0051 0.0302 0.0179 0.0103 0.0233 0.9132 
 H076.6_2004  4 0.0107 0.0100 0.0216 0.0141 0.0099 0.9338 
 H076.7_2002  4 0.0400 0.0243 0.2323 0.1333 0.0803 0.4897 
 H076.7_2003  4 0.0101 0.0264 0.0132 0.0194 0.0177 0.9132 
 H076.7_2004  4 0.0139 0.0139 0.0283 0.0258 0.0114 0.9067 
      H477.1  4 0.0113 0.0164 0.0099 0.6165 0.3338 0.0123 
      H477.2  4 0.0148 0.0074 0.0209 0.8750 0.0598 0.0221 
      H477.3  4 0.0415 0.0241 0.0231 0.7589 0.1436 0.0087 
      H477.4  4 0.0150 0.1316 0.0290 0.6156 0.1961 0.0128 
      H477.5  4 0.0257 0.0522 0.0655 0.7181 0.0944 0.0442 
      H477.6  4 0.0178 0.0229 0.0167 0.8944 0.0343 0.0139 
      H477.7  4 0.0141 0.1776 0.0359 0.4599 0.2884 0.0242 
 H479.1_2005  4 0.6080 0.0160 0.0699 0.1706 0.1263 0.0090 
 H479.1_2006  4 0.1408 0.0562 0.0263 0.6540 0.0180 0.1046 
     H479.10  4 0.6104 0.0263 0.0182 0.2789 0.0186 0.0475 
 H479.2_2005  4 0.5585 0.0228 0.2508 0.0262 0.0985 0.0432 
 H479.2_2006  4 0.1047 0.0353 0.0201 0.8020 0.0302 0.0078 
 H479.3_2005  4 0.2553 0.0128 0.0157 0.5850 0.1039 0.0273 
 H479.3_2006  4 0.0915 0.0121 0.0176 0.7194 0.1002 0.0592 
 H479.4_2005  4 0.1611 0.0189 0.0420 0.7000 0.0414 0.0367 
 H479.4_2006  4 0.6254 0.0191 0.0205 0.2455 0.0745 0.0151 
 H479.5_2005  4 0.8451 0.0147 0.0396 0.0292 0.0246 0.0467 
 H479.5_2006  4 0.2011 0.0111 0.0112 0.7259 0.0420 0.0086 
 H479.6_2005  4 0.1344 0.0507 0.0302 0.4690 0.0379 0.2778 
 H479.6_2006  4 0.7367 0.0228 0.0138 0.0781 0.1370 0.0116 
 H479.7_2005  4 0.1318 0.0300 0.0358 0.1632 0.6117 0.0276 
 H479.7_2006  4 0.2036 0.0411 0.0183 0.5987 0.1153 0.0230 
 H479.8_2005  4 0.1353 0.0216 0.0149 0.1165 0.6960 0.0158 
 H479.8_2006  4 0.3485 0.0455 0.0154 0.4462 0.0077 0.1368 
      H479.9  4 0.0373 0.0088 0.0109 0.9018 0.0083 0.0329 
      H516.1  4 0.0292 0.0164 0.1829 0.4835 0.0259 0.2620 
      H516.2  4 0.0128 0.0122 0.0205 0.9377 0.0079 0.0089 
      H516.3  4 0.0212 0.0096 0.0707 0.8581 0.0106 0.0298 
      H516.4  4 0.0160 0.0135 0.0306 0.8984 0.0093 0.0322 
      H516.5  4 0.0146 0.0368 0.0658 0.7974 0.0141 0.0713 
      H516.6  4 0.0098 0.0201 0.0168 0.9375 0.0067 0.0090 
      H516.7  4 0.0242 0.0136 0.0114 0.8746 0.0202 0.0560 
      H516.8  4 0.0165 0.0137 0.1573 0.7488 0.0112 0.0524 
      H516.9  4 0.0315 0.0079 0.0139 0.9149 0.0086 0.0233 
      H646.1  4 0.0194 0.0080 0.3296 0.3781 0.0242 0.2406 
      H646.2  4 0.0061 0.0079 0.2656 0.4670 0.0145 0.2388 
      H646.3  4 0.0194 0.0063 0.3479 0.5312 0.0136 0.0815 
      H646.4  4 0.0117 0.0098 0.0900 0.3793 0.0362 0.4729 
      H646.5  4 0.0191 0.0097 0.0824 0.7637 0.0166 0.1084 
      H658.1  4 0.0119 0.0317 0.0417 0.8890 0.0086 0.0171 
     H658.10  4 0.0077 0.0078 0.0110 0.9556 0.0095 0.0084 
      H658.2  4 0.0134 0.0345 0.0250 0.8880 0.0104 0.0287 
      H658.3  4 0.0125 0.0126 0.0146 0.9315 0.0150 0.0137 
      H658.4  4 0.0301 0.0095 0.0222 0.9164 0.0117 0.0101 
      H658.5  4 0.0098 0.0050 0.0083 0.9603 0.0108 0.0058 
      H658.6  4 0.0138 0.0121 0.0243 0.9171 0.0140 0.0188 
      H658.7  4 0.0174 0.0216 0.0405 0.8533 0.0121 0.0551 
      H658.8  4 0.0087 0.0388 0.0709 0.7966 0.0109 0.0741 
      H658.9  4 0.0185 0.0157 0.0202 0.9139 0.0082 0.0235 
      H682.1  4 0.5214 0.0169 0.0845 0.1846 0.1148 0.0778 
      H682.6  4 0.2397 0.0224 0.3736 0.1447 0.0917 0.1280 
      H720.1  4 0.0653 0.0143 0.0181 0.3912 0.2471 0.2640 
      H720.2  4 0.0327 0.0108 0.0255 0.7381 0.1117 0.0810 
      H720.3  4 0.1571 0.0148 0.0171 0.0557 0.0317 0.7236 
      H720.4  4 0.0897 0.0194 0.0221 0.7399 0.0379 0.0910 
      H720.5  4 0.2640 0.0671 0.0254 0.1109 0.0506 0.4820 
      H720.6  4 0.2805 0.0548 0.0296 0.1028 0.0470 0.4853 
      H720.7  4 0.0283 0.0113 0.0395 0.7837 0.1181 0.0191 
      H720.8  4 0.4431 0.0076 0.0351 0.0570 0.1151 0.3420 
      H720.9  4 0.6579 0.0109 0.1985 0.0400 0.0251 0.0676 
      H724.1  4 0.0231 0.0159 0.0232 0.0083 0.0123 0.9172 
      H724.2  4 0.0255 0.0319 0.0296 0.0240 0.0498 0.8392 
      H724.3  4 0.2705 0.0100 0.0430 0.4436 0.0735 0.1594 
      H724.4  4 0.0725 0.0123 0.0298 0.0433 0.0127 0.8295 
      H724.5  4 0.5074 0.0061 0.0777 0.2989 0.0440 0.0659 
      H724.6  4 0.0205 0.0120 0.0202 0.0177 0.0130 0.9166 
      H725.1  4 0.6689 0.0113 0.1890 0.0414 0.0241 0.0654 
      H725.2  4 0.0338 0.0162 0.7808 0.0705 0.0859 0.0129 
      H725.3  4 0.0863 0.0362 0.5979 0.2280 0.0361 0.0155 
      H725.4  4 0.2479 0.2276 0.3131 0.0291 0.1208 0.0615 
      H725.5  4 0.0181 0.0150 0.0159 0.2584 0.6470 0.0456 
      H725.6  4 0.0379 0.0356 0.0351 0.5792 0.0264 0.2858 
      H725.7  4 0.6043 0.0202 0.1106 0.0911 0.0200 0.1537 
      H725.8  4 0.0940 0.3041 0.0875 0.3280 0.0207 0.1656 
      H726.1  4 0.0076 0.0131 0.0348 0.9140 0.0083 0.0222 
      H726.2  4 0.0192 0.0112 0.0140 0.8877 0.0372 0.0308 
      H726.3  4 0.0115 0.0274 0.1151 0.7148 0.0328 0.0983 
      H726.4  4 0.0104 0.0126 0.0108 0.9482 0.0073 0.0108 
      H726.5  4 0.0180 0.0075 0.0342 0.9022 0.0114 0.0266 
        UNK1  4 0.0369 0.0616 0.3916 0.2806 0.1921 0.0372 
        UNK2  4 0.3757 0.0317 0.4732 0.0691 0.0208 0.0294 
        UNK3  4 0.0520 0.0424 0.3994 0.3669 0.1123 0.0269 
      H016.1  5 0.1253 0.6899 0.0398 0.0491 0.0327 0.0632 
      H016.2  5 0.6630 0.2669 0.0223 0.0137 0.0162 0.0179 
      H016.3  5 0.0283 0.2316 0.0846 0.2567 0.0254 0.3734 
      H016.4  5 0.6809 0.2196 0.0204 0.0190 0.0311 0.0289 
 H017.1_2002  5 0.0114 0.0240 0.5042 0.2731 0.0343 0.1531 
 H017.1_2003  5 0.0139 0.1596 0.0217 0.7119 0.0757 0.0172 
 H017.2_2002  5 0.0293 0.0115 0.1530 0.0630 0.0192 0.7240 
 H017.2_2003  5 0.0119 0.0112 0.0136 0.9467 0.0068 0.0097 
 H017.3_2002  5 0.0170 0.5021 0.3556 0.0818 0.0217 0.0218 
 H017.3_2003  5 0.0082 0.0370 0.8146 0.0249 0.0387 0.0766 
 H017.4_2002  5 0.0275 0.1091 0.7900 0.0128 0.0349 0.0257 
 H017.4_2003  5 0.0180 0.1197 0.1003 0.7406 0.0082 0.0132 
 H017.5_2002  5 0.0117 0.8464 0.1008 0.0170 0.0107 0.0135 
 H017.5_2003  5 0.0115 0.0218 0.0971 0.8463 0.0093 0.0141 
 H017.6_2002  5 0.0118 0.0679 0.6500 0.0144 0.0791 0.1769 
 H017.6_2003  5 0.0109 0.0115 0.0697 0.8261 0.0187 0.0630 
 H017.7_2002  5 0.0363 0.2107 0.5267 0.0246 0.0715 0.1302 
 H017.7_2003  5 0.0075 0.0147 0.0202 0.9449 0.0070 0.0057 
      H017.8  5 0.0225 0.1437 0.5867 0.1501 0.0252 0.0718 
      H017.9  5 0.0346 0.4903 0.3112 0.0534 0.0549 0.0557 
      H032.1  5 0.0084 0.0237 0.0106 0.9316 0.0107 0.0151 
      H032.2  5 0.0084 0.0303 0.0066 0.9378 0.0067 0.0102 
      H032.3  5 0.0177 0.0113 0.0083 0.9432 0.0082 0.0112 
      H032.4  5 0.0131 0.0445 0.0242 0.9027 0.0056 0.0099 
      H032.5  5 0.0155 0.0157 0.0149 0.9276 0.0116 0.0147 
      H032.6  5 0.0138 0.0136 0.0149 0.9305 0.0107 0.0165 
      H032.7  5 0.0092 0.0427 0.0239 0.8573 0.0221 0.0447 
 H034.1_2002  5 0.0398 0.0245 0.8186 0.0196 0.0166 0.0808 
 H034.1_2003  5 0.0135 0.0068 0.8525 0.0158 0.0117 0.0997 
 H034.2_2002  5 0.0585 0.0949 0.7336 0.0296 0.0146 0.0687 
 H034.2_2003  5 0.0122 0.0084 0.7621 0.0291 0.0207 0.1675 
 H034.3_2002  5 0.0301 0.1122 0.7652 0.0239 0.0145 0.0540 
 H034.3_2003  5 0.0081 0.0099 0.9048 0.0160 0.0169 0.0442 
 H034.4_2002  5 0.0376 0.0330 0.4866 0.0132 0.0179 0.4116 
 H034.4_2003  5 0.0078 0.0123 0.8815 0.0292 0.0139 0.0553 
 H034.5_2002  5 0.0112 0.0571 0.8541 0.0310 0.0086 0.0379 
 H034.5_2003  5 0.0131 0.1035 0.6593 0.1064 0.0216 0.0961 
 H034.6_2002  5 0.0314 0.1329 0.7354 0.0198 0.0131 0.0674 
 H034.6_2003  5 0.0081 0.0242 0.8108 0.0912 0.0173 0.0483 
 H034.7_2002  5 0.0124 0.0137 0.9196 0.0171 0.0103 0.0269 
 H034.7_2003  5 0.0096 0.0613 0.7735 0.1224 0.0119 0.0213 
 H034.8_2002  5 0.0132 0.0378 0.7342 0.0243 0.0156 0.1748 
 H034.8_2003  5 0.0094 0.0815 0.8085 0.0450 0.0090 0.0466 
      H034.9  5 0.0685 0.0436 0.7659 0.0418 0.0231 0.0571 
      H048.1  5 0.0383 0.0148 0.0140 0.8993 0.0165 0.0170 
      H048.2  5 0.3880 0.0196 0.0556 0.3640 0.1027 0.0701 
      H048.3  5 0.0558 0.0237 0.0252 0.3008 0.0960 0.4985 
      H048.4  5 0.3376 0.0354 0.0245 0.2004 0.0585 0.3437 
      H048.5  5 0.1014 0.0211 0.0212 0.8075 0.0227 0.0260 
      H048.6  5 0.4001 0.0191 0.0250 0.1716 0.0370 0.3472 
      H048.7  5 0.1858 0.0584 0.0141 0.6998 0.0167 0.0252 
      H048.8  5 0.2381 0.0853 0.0463 0.3869 0.0135 0.2299 
      H060.1  5 0.0215 0.0384 0.9105 0.0090 0.0111 0.0096 
     H060.10  5 0.0065 0.0099 0.9596 0.0084 0.0076 0.0081 
      H060.2  5 0.0107 0.0109 0.9455 0.0114 0.0119 0.0096 
      H060.3  5 0.0070 0.0071 0.9664 0.0060 0.0055 0.0082 
      H060.4  5 0.0090 0.0299 0.9227 0.0108 0.0168 0.0108 
      H060.5  5 0.0110 0.0261 0.9333 0.0068 0.0115 0.0112 
      H060.6  5 0.0106 0.0257 0.9410 0.0071 0.0074 0.0082 
      H060.7  5 0.0146 0.0127 0.9148 0.0134 0.0150 0.0294 
      H060.8  5 0.0129 0.0164 0.9278 0.0117 0.0150 0.0161 
      H060.9  5 0.0121 0.0351 0.9219 0.0108 0.0104 0.0098 
 H070.1_2002  5 0.0362 0.0674 0.6558 0.0135 0.1678 0.0593 
 H070.1_2003  5 0.0285 0.0130 0.9234 0.0150 0.0105 0.0097 
 H070.1_2004  5 0.0087 0.0147 0.6456 0.0150 0.0098 0.3062 
 H070.2_2002  5 0.0179 0.0385 0.5454 0.0292 0.2439 0.1252 
 H070.2_2003  5 0.0253 0.0338 0.8446 0.0217 0.0304 0.0442 
 H070.2_2004  5 0.0100 0.0093 0.7851 0.0186 0.0076 0.1694 
 H070.3_2002  5 0.0495 0.0230 0.8570 0.0173 0.0226 0.0305 
 H070.3_2003  5 0.0067 0.0127 0.9205 0.0367 0.0101 0.0133 
 H070.3_2004  5 0.0135 0.0198 0.9257 0.0092 0.0116 0.0203 
 H070.4_2002  5 0.0208 0.0103 0.8395 0.0264 0.0362 0.0667 
 H070.4_2003  5 0.0288 0.0368 0.8257 0.0662 0.0155 0.0270 
 H070.4_2004  5 0.0433 0.0092 0.8783 0.0131 0.0147 0.0413 
 H070.5_2002  5 0.1565 0.0323 0.7716 0.0098 0.0171 0.0127 
 H070.5_2003  5 0.0214 0.0208 0.8941 0.0387 0.0096 0.0155 
 H070.5_2004  5 0.0199 0.0175 0.6322 0.0114 0.0125 0.3064 
 H070.6_2002  5 0.0253 0.0195 0.9115 0.0117 0.0220 0.0099 
 H070.6_2003  5 0.0078 0.0074 0.9067 0.0280 0.0136 0.0366 
 H070.6_2004  5 0.0400 0.0122 0.7700 0.0196 0.0221 0.1361 
      H077.1  5 0.0172 0.0208 0.9205 0.0140 0.0072 0.0203 
      H077.2  5 0.2355 0.2277 0.1916 0.2883 0.0078 0.0491 
      H077.3  5 0.0348 0.0265 0.7059 0.0600 0.0175 0.1553 
      H077.4  5 0.0160 0.0392 0.8527 0.0370 0.0125 0.0427 
      H077.5  5 0.0376 0.2562 0.1698 0.2924 0.0179 0.2261 
      H077.6  5 0.0186 0.0777 0.8036 0.0734 0.0087 0.0179 
      H097.1  5 0.1701 0.0168 0.4829 0.0713 0.0467 0.2122 
      H097.2  5 0.0222 0.0371 0.0504 0.0465 0.5995 0.2443 
      H097.3  5 0.0580 0.0168 0.2289 0.3844 0.0725 0.2394 
      H097.4  5 0.0498 0.0076 0.3893 0.1929 0.2702 0.0902 
      H097.5  5 0.0262 0.0104 0.5390 0.3415 0.0466 0.0363 
      H097.6  5 0.0581 0.0181 0.1077 0.0821 0.5942 0.1397 
      H097.7  5 0.0752 0.0102 0.4376 0.1141 0.2629 0.1000 
      H124.1  5 0.6836 0.0199 0.0762 0.1320 0.0340 0.0543 
      H124.2  5 0.1550 0.4954 0.0973 0.1514 0.0691 0.0317 
      H124.3  5 0.6120 0.2990 0.0212 0.0334 0.0208 0.0136 
      H124.4  5 0.1899 0.3433 0.2756 0.0897 0.0706 0.0309 
      H124.5  5 0.3873 0.3661 0.0473 0.0796 0.0299 0.0899 
      H132.1  5 0.4601 0.0174 0.2081 0.0206 0.0185 0.2753 
      H132.2  5 0.3683 0.0166 0.0158 0.0194 0.0098 0.5701 
      H132.3  5 0.2598 0.0564 0.3381 0.0434 0.0217 0.2806 
      H132.4  5 0.5805 0.0104 0.0645 0.0379 0.0138 0.2929 
      H132.5  5 0.1731 0.0324 0.0266 0.0275 0.0149 0.7255 
      H132.6  5 0.3617 0.0299 0.0178 0.0330 0.0157 0.5420 
      H132.7  5 0.6059 0.0803 0.1057 0.0411 0.0859 0.0811 
      H155.1  5 0.9332 0.0299 0.0094 0.0100 0.0069 0.0107 
      H155.2  5 0.9094 0.0154 0.0207 0.0175 0.0124 0.0247 
      H155.3  5 0.9321 0.0081 0.0116 0.0173 0.0213 0.0095 
      H155.4  5 0.9490 0.0155 0.0098 0.0072 0.0080 0.0104 
      H155.5  5 0.9334 0.0144 0.0095 0.0131 0.0094 0.0203 
      H155.6  5 0.8411 0.0594 0.0133 0.0254 0.0400 0.0209 
      H155.7  5 0.9379 0.0205 0.0091 0.0136 0.0077 0.0113 
      H155.8  5 0.9037 0.0282 0.0150 0.0135 0.0243 0.0153 
      H155.9  5 0.8792 0.0257 0.0132 0.0476 0.0146 0.0198 
      H169.1  5 0.0116 0.0234 0.3799 0.5156 0.0328 0.0366 
      H169.2  5 0.0059 0.0190 0.9268 0.0283 0.0103 0.0096 
      H169.3  5 0.0101 0.0108 0.5059 0.2991 0.0425 0.1316 
      H169.4  5 0.0092 0.0506 0.8463 0.0540 0.0178 0.0221 
      H169.5  5 0.0122 0.1308 0.6693 0.1100 0.0299 0.0479 
      H169.6  5 0.0120 0.0620 0.6926 0.1840 0.0318 0.0175 
      H457.1  5 0.0872 0.0129 0.0316 0.0491 0.7364 0.0828 
      H457.2  5 0.0894 0.0110 0.0478 0.0667 0.7647 0.0205 
      H457.3  5 0.0116 0.0086 0.2087 0.0243 0.7369 0.0099 
      H457.4  5 0.0548 0.0180 0.0761 0.1535 0.5321 0.1656 
      H457.5  5 0.1123 0.1151 0.1544 0.4517 0.1187 0.0477 
      H457.6  5 0.1376 0.0192 0.1622 0.3564 0.2770 0.0476 
      H457.7  5 0.0279 0.0189 0.8432 0.0265 0.0551 0.0283 
      H457.8  5 0.0856 0.0595 0.1576 0.3117 0.3691 0.0165 
      H462.1  5 0.1666 0.0344 0.4801 0.0796 0.1273 0.1120 
      H462.2  5 0.3357 0.0145 0.3727 0.0467 0.0866 0.1440 
      H462.3  5 0.2623 0.0600 0.3030 0.1200 0.2097 0.0450 
      H462.4  5 0.1576 0.0700 0.3600 0.1264 0.0500 0.2361 
      H462.5  5 0.2565 0.0440 0.1523 0.1421 0.0476 0.3574 
      H462.6  5 0.2628 0.0294 0.3301 0.2841 0.0360 0.0576 
      H462.7  5 0.1214 0.0203 0.2314 0.1416 0.4598 0.0255 
      H462.8  5 0.0320 0.0077 0.8706 0.0336 0.0123 0.0439 
      H462.9  5 0.2139 0.0480 0.4180 0.1295 0.1462 0.0443 
      H481.1  5 0.0109 0.0074 0.8467 0.0212 0.0122 0.1017 
      H481.2  5 0.0642 0.0333 0.6148 0.0320 0.0195 0.2361 
      H481.3  5 0.0394 0.0249 0.8172 0.0514 0.0125 0.0546 
      H481.4  5 0.0480 0.0264 0.7881 0.0292 0.0144 0.0939 
      H481.5  5 0.0465 0.0146 0.7030 0.0239 0.0146 0.1975 
      H481.6  5 0.0532 0.0084 0.8153 0.0270 0.0729 0.0232 
      H481.7  5 0.0366 0.0102 0.8510 0.0224 0.0321 0.0477 
      H481.8  5 0.0172 0.0049 0.8767 0.0212 0.0504 0.0297 
      H509.1  5 0.0405 0.1579 0.0721 0.4609 0.1030 0.1656 
      H509.2  5 0.0474 0.0127 0.0407 0.5434 0.1939 0.1619 
      H509.3  5 0.0301 0.0115 0.0318 0.6613 0.2235 0.0418 
      H509.4  5 0.0396 0.0163 0.0190 0.3268 0.4850 0.1132 
      H509.5  5 0.5924 0.0234 0.0263 0.2564 0.0773 0.0242 
      H509.6  5 0.2142 0.1466 0.0358 0.3186 0.1004 0.1843 
      H509.7  5 0.0562 0.0137 0.0173 0.5931 0.2521 0.0676 
      H567.1  5 0.0120 0.0102 0.0162 0.7957 0.1535 0.0123 
      H567.2  5 0.5522 0.0078 0.0598 0.2134 0.0800 0.0868 
      H567.3  5 0.1365 0.0093 0.0335 0.5180 0.0821 0.2207 
      H567.4  5 0.0104 0.0183 0.0183 0.0474 0.8855 0.0201 
      H567.5  5 0.0157 0.0098 0.0228 0.6975 0.2409 0.0132 
