      H008.1  2 0.0105 0.0143 0.0107 0.0078 0.0074 0.0107 0.9386 
      H008.2  2 0.1198 0.2191 0.0673 0.0713 0.2570 0.0153 0.2502 
      H008.3  2 0.0917 0.4333 0.1787 0.0296 0.0857 0.0338 0.1473 
      H008.4  2 0.0204 0.0148 0.0173 0.0084 0.0476 0.0373 0.8540 
      H008.5  2 0.0193 0.0249 0.0436 0.0097 0.0243 0.0213 0.8570 
      H008.6  2 0.0595 0.1724 0.0173 0.0144 0.1957 0.0232 0.5175 
      H008.7  2 0.0403 0.0751 0.0673 0.0184 0.1539 0.0445 0.6006 
      H008.8  2 0.3324 0.0542 0.0276 0.0373 0.0458 0.0231 0.4797 
      H008.9  2 0.2249 0.0840 0.0209 0.0240 0.5871 0.0287 0.0304 
 H029.1_2002  2 0.0133 0.0075 0.0308 0.0079 0.0188 0.0161 0.9056 
 H029.1_2003  2 0.0399 0.0743 0.0911 0.0267 0.0298 0.0213 0.7169 
 H029.2_2002  2 0.0186 0.0368 0.0591 0.0127 0.0275 0.0097 0.8355 
 H029.2_2003  2 0.0293 0.1429 0.0522 0.0191 0.0489 0.0112 0.6962 
 H029.3_2002  2 0.0227 0.0356 0.2342 0.0325 0.1301 0.0123 0.5327 
 H029.3_2003  2 0.0062 0.0216 0.0305 0.0138 0.0087 0.0145 0.9047 
 H029.4_2002  2 0.0051 0.0062 0.0167 0.0101 0.0213 0.0145 0.9260 
 H029.4_2003  2 0.0187 0.0292 0.0591 0.0208 0.0300 0.0350 0.8072 
 H029.5_2002  2 0.0055 0.0060 0.0231 0.0075 0.0080 0.0144 0.9355 
 H029.5_2003  2 0.0082 0.0179 0.0113 0.0091 0.0154 0.0104 0.9277 
 H029.6_2002  2 0.0092 0.0074 0.1528 0.0105 0.0418 0.0111 0.7672 
 H029.6_2003  2 0.0219 0.0818 0.0376 0.0230 0.0142 0.0313 0.7902 
      H029.7  2 0.0117 0.0121 0.0259 0.0066 0.0236 0.0080 0.9121 
      H030.1  2 0.0143 0.0323 0.2373 0.6565 0.0057 0.0193 0.0345 
      H030.2  2 0.0150 0.0180 0.3036 0.2943 0.0848 0.1213 0.1630 
      H038.1  2 0.0089 0.0071 0.0109 0.0070 0.0246 0.0073 0.9343 
      H038.2  2 0.0052 0.0097 0.0121 0.0113 0.0077 0.0080 0.9461 
      H038.3  2 0.0091 0.0101 0.0076 0.0486 0.0410 0.0195 0.8641 
      H038.4  2 0.0089 0.0067 0.0065 0.0196 0.0384 0.0174 0.9024 
      H038.5  2 0.0057 0.0077 0.0157 0.0456 0.0330 0.0098 0.8826 
      H038.6  2 0.0059 0.0111 0.0092 0.0080 0.0113 0.0062 0.9483 
      H038.7  2 0.0050 0.0079 0.0051 0.0156 0.0139 0.0078 0.9447 
      H038.8  2 0.0077 0.0091 0.0111 0.0302 0.1123 0.0150 0.8145 
      H041.1  2 0.0253 0.0199 0.2697 0.0250 0.0485 0.1245 0.4871 
      H041.2  2 0.0150 0.0104 0.0709 0.0127 0.0206 0.5873 0.2831 
      H041.4  2 0.0322 0.0169 0.0643 0.0194 0.0271 0.0505 0.7895 
      H041.6  2 0.0423 0.0109 0.0589 0.0109 0.0143 0.0736 0.7891 
 H042.1_2002  2 0.0609 0.0628 0.6542 0.0149 0.0218 0.1554 0.0301 
 H042.1_2003  2 0.0875 0.2205 0.0490 0.0301 0.1450 0.2462 0.2217 
 H042.2_2002  2 0.0078 0.0629 0.0819 0.0156 0.0294 0.0795 0.7230 
 H042.2_2003  2 0.0457 0.0270 0.0260 0.0122 0.0076 0.5752 0.3063 
 H042.3_2002  2 0.0264 0.1475 0.3269 0.0185 0.0234 0.4189 0.0384 
 H042.3_2003  2 0.0402 0.1427 0.1020 0.0290 0.0443 0.3190 0.3228 
 H042.4_2002  2 0.0281 0.0342 0.7086 0.0358 0.0306 0.0819 0.0808 
 H042.4_2003  2 0.0857 0.0175 0.6384 0.0208 0.0084 0.0378 0.1914 
      H042.5  2 0.0247 0.0185 0.9125 0.0101 0.0042 0.0177 0.0123 
      H042.6  2 0.0510 0.0229 0.8369 0.0139 0.0140 0.0141 0.0472 
      H042.7  2 0.0216 0.0189 0.3409 0.0110 0.0062 0.5599 0.0415 
      H042.8  2 0.0270 0.0509 0.5820 0.0095 0.0315 0.2320 0.0671 
   H042_2002  2 0.3154 0.0770 0.0219 0.0116 0.0340 0.1390 0.4011 
   H042_2003  2 0.2353 0.0578 0.0195 0.0150 0.0388 0.1729 0.4607 
      H043.1  2 0.0823 0.0481 0.0331 0.2617 0.3932 0.0206 0.1611 
      H043.2  2 0.3377 0.0313 0.0107 0.0220 0.4218 0.0280 0.1485 
      H043.3  2 0.0303 0.0284 0.0087 0.0315 0.0646 0.0172 0.8193 
      H043.4  2 0.2998 0.0467 0.0130 0.0275 0.2711 0.0254 0.3165 
      H043.5  2 0.0307 0.0296 0.0125 0.0214 0.5078 0.0250 0.3731 
      H043.6  2 0.0438 0.0242 0.0117 0.0164 0.3363 0.0168 0.5507 
      H043.7  2 0.5503 0.0125 0.0075 0.0286 0.2888 0.0364 0.0759 
      H043.8  2 0.2184 0.0390 0.0163 0.5317 0.0527 0.0415 0.1003 
      H043.9  2 0.0697 0.0290 0.0421 0.2392 0.1726 0.0203 0.4270 
      H047.1  2 0.0306 0.0223 0.0068 0.0199 0.0121 0.0241 0.8842 
      H047.2  2 0.0235 0.0684 0.0453 0.0328 0.0097 0.0294 0.7909 
      H047.3  2 0.0329 0.0645 0.0338 0.0343 0.0072 0.0894 0.7379 
      H047.4  2 0.0256 0.0123 0.0173 0.0225 0.0056 0.0591 0.8576 
      H047.5  2 0.0573 0.0542 0.0103 0.0387 0.0045 0.0764 0.7587 
      H047.6  2 0.1094 0.0336 0.0336 0.0548 0.0247 0.0837 0.6602 
      H047.7  2 0.0189 0.0133 0.0081 0.0195 0.0129 0.0449 0.8825 
      H047.8  2 0.1042 0.0482 0.0231 0.0404 0.0179 0.0868 0.6795 
      H047.9  2 0.0276 0.0371 0.0086 0.0169 0.0042 0.0420 0.8637 
 H071.1_2002  2 0.0087 0.0089 0.0066 0.0074 0.0064 0.0097 0.9523 
 H071.1_2003  2 0.1195 0.0143 0.0160 0.0164 0.0163 0.0220 0.7955 
     H071.10  2 0.0058 0.0069 0.0095 0.0172 0.0086 0.0081 0.9439 
 H071.2_2002  2 0.0090 0.0111 0.0068 0.0097 0.0129 0.0073 0.9432 
 H071.2_2003  2 0.0088 0.0056 0.0064 0.0057 0.0044 0.0056 0.9633 
      H071.3  2 0.0076 0.0086 0.0116 0.0245 0.0116 0.0152 0.9209 
 H071.4_2002  2 0.0097 0.0094 0.0093 0.0326 0.0189 0.0108 0.9093 
 H071.4_2003  2 0.0053 0.0089 0.0055 0.0093 0.0036 0.0068 0.9606 
 H071.5_2002  2 0.0067 0.0067 0.0098 0.0099 0.0054 0.0057 0.9558 
 H071.5_2003  2 0.0141 0.0147 0.0060 0.0231 0.0046 0.0132 0.9242 
 H071.6_2002  2 0.0069 0.0078 0.0071 0.0130 0.0061 0.0077 0.9515 
 H071.6_2003  2 0.0105 0.0089 0.0074 0.0140 0.0041 0.0058 0.9493 
 H071.7_2002  2 0.0073 0.0062 0.0054 0.0053 0.0051 0.0081 0.9626 
 H071.7_2003  2 0.0134 0.0129 0.0076 0.0185 0.0053 0.0104 0.9319 
      H071.8  2 0.0119 0.0085 0.0068 0.0088 0.0091 0.0092 0.9457 
      H071.9  2 0.0191 0.0108 0.0132 0.1039 0.0223 0.0228 0.8079 
 H081.1_2002  2 0.0092 0.0061 0.0080 0.0058 0.0047 0.0083 0.9579 
 H081.1_2003  2 0.1519 0.0681 0.1291 0.0477 0.4421 0.0515 0.1097 
 H081.2_2002  2 0.0165 0.0074 0.0063 0.0068 0.0056 0.0079 0.9495 
 H081.2_2003  2 0.1051 0.0245 0.0554 0.6793 0.0167 0.0114 0.1075 
 H081.3_2002  2 0.0274 0.0061 0.0097 0.0143 0.0079 0.0102 0.9244 
 H081.3_2003  2 0.3043 0.0294 0.0377 0.5330 0.0401 0.0162 0.0393 
 H081.4_2002  2 0.0092 0.0098 0.0105 0.0107 0.0054 0.0074 0.9470 
 H081.4_2003  2 0.4214 0.0904 0.1452 0.2033 0.0358 0.0362 0.0679 
 H081.5_2002  2 0.0119 0.0078 0.0105 0.0092 0.0069 0.0075 0.9460 
 H081.5_2003  2 0.5482 0.0372 0.0987 0.0658 0.0453 0.0713 0.1334 
      H081.6  2 0.0101 0.0079 0.0061 0.0059 0.0056 0.0079 0.9565 
      H081.7  2 0.0289 0.0063 0.0096 0.0119 0.0058 0.0099 0.9276 
      H081.8  2 0.0172 0.0080 0.0201 0.0283 0.0199 0.0107 0.8958 
      H083.1  2 0.0052 0.0101 0.0384 0.0093 0.0121 0.0078 0.9172 
      H083.2  2 0.0099 0.0115 0.0167 0.0152 0.0099 0.0071 0.9298 
      H083.4  2 0.0081 0.0088 0.0382 0.0128 0.0148 0.0082 0.9091 
      H083.5  2 0.0104 0.0085 0.0426 0.0091 0.0213 0.0082 0.8998 
      H083.6  2 0.0105 0.0128 0.0491 0.0133 0.0115 0.0096 0.8931 
      H083.7  2 0.0076 0.0111 0.0403 0.0130 0.0131 0.0120 0.9029 
      H083.8  2 0.0132 0.0096 0.0135 0.0102 0.0074 0.0072 0.9388 
      H083.9  2 0.0065 0.0089 0.0662 0.0081 0.0122 0.0097 0.8885 
      H084.1  2 0.0137 0.0108 0.0179 0.8200 0.1101 0.0113 0.0162 
      H084.2  2 0.0138 0.0198 0.0286 0.7883 0.1206 0.0085 0.0204 
      H084.3  2 0.0199 0.0301 0.0557 0.3351 0.3004 0.2509 0.0079 
      H084.4  2 0.0198 0.0236 0.0592 0.4275 0.2512 0.1997 0.0189 
      H084.5  2 0.0141 0.0158 0.0126 0.7013 0.0766 0.1671 0.0127 
      H084.6  2 0.0106 0.0084 0.0210 0.6933 0.1643 0.0915 0.0108 
      H084.7  2 0.0077 0.0115 0.0162 0.9243 0.0150 0.0121 0.0133 
      H084.8  2 0.0093 0.0097 0.0123 0.7419 0.1026 0.1174 0.0068 
 H085.1_2002  2 0.4765 0.0096 0.1950 0.0143 0.0523 0.0127 0.2396 
 H085.1_2003  2 0.0356 0.0104 0.3133 0.0509 0.0224 0.0255 0.5418 
 H085.2_2002  2 0.5098 0.0109 0.2376 0.0413 0.1145 0.0348 0.0510 
 H085.2_2003  2 0.0228 0.0251 0.2904 0.0248 0.0130 0.0180 0.6060 
 H085.3_2002  2 0.8086 0.0109 0.0879 0.0165 0.0080 0.0174 0.0506 
 H085.3_2003  2 0.0345 0.0150 0.0276 0.0286 0.0061 0.0255 0.8626 
 H085.4_2002  2 0.5133 0.0146 0.0961 0.0166 0.0836 0.0254 0.2504 
 H085.4_2003  2 0.0298 0.0092 0.0411 0.0136 0.0088 0.0541 0.8435 
 H085.5_2002  2 0.8765 0.0104 0.0164 0.0133 0.0092 0.0196 0.0546 
 H085.5_2003  2 0.0157 0.0145 0.1979 0.0119 0.0091 0.0090 0.7419 
 H085.6_2002  2 0.7877 0.0086 0.1080 0.0247 0.0219 0.0105 0.0386 
 H085.6_2003  2 0.4030 0.0277 0.0229 0.0428 0.0096 0.2587 0.2354 
 H085.7_2002  2 0.6376 0.0148 0.1917 0.0172 0.0201 0.0184 0.1001 
 H085.7_2003  2 0.0189 0.0141 0.0271 0.0212 0.0127 0.0392 0.8669 
 H085.8_2002  2 0.8481 0.0112 0.0245 0.0275 0.0148 0.0381 0.0358 
 H085.8_2003  2 0.0565 0.0193 0.6248 0.0248 0.0187 0.0569 0.1989 
      H085.9  2 0.5792 0.0112 0.0943 0.0135 0.0476 0.0180 0.2361 
      H088.1  2 0.0263 0.0541 0.8461 0.0237 0.0142 0.0164 0.0192 
      H088.2  2 0.0362 0.0184 0.8794 0.0232 0.0095 0.0187 0.0146 
      H088.3  2 0.0226 0.0192 0.9101 0.0144 0.0071 0.0156 0.0110 
      H088.4  2 0.0165 0.0338 0.8551 0.0367 0.0089 0.0206 0.0284 
      H088.5  2 0.0125 0.0152 0.9256 0.0094 0.0073 0.0146 0.0155 
      H088.6  2 0.0116 0.0201 0.8683 0.0256 0.0091 0.0316 0.0338 
      H088.7  2 0.0188 0.0235 0.7015 0.0212 0.0119 0.0457 0.1773 
      H088.8  2 0.0165 0.0579 0.5793 0.0499 0.0162 0.0553 0.2249 
      H091.1  2 0.0140 0.0168 0.9001 0.0147 0.0078 0.0302 0.0164 
      H091.2  2 0.0135 0.0178 0.8218 0.0148 0.0056 0.0746 0.0518 
      H109.1  2 0.0138 0.0146 0.0200 0.8575 0.0309 0.0338 0.0293 
      H109.2  2 0.0127 0.0102 0.0158 0.8873 0.0097 0.0315 0.0328 
      H109.3  2 0.0107 0.0514 0.0221 0.7209 0.0171 0.0860 0.0919 
      H109.4  2 0.0159 0.0213 0.0155 0.8779 0.0200 0.0252 0.0242 
      H109.5  2 0.0194 0.0287 0.0298 0.1100 0.0043 0.3778 0.4299 
      H109.6  2 0.0233 0.0126 0.0104 0.8730 0.0162 0.0368 0.0277 
      H126.1  2 0.7136 0.1237 0.0147 0.0247 0.0114 0.0794 0.0325 
      H126.2  2 0.0795 0.0334 0.0149 0.0303 0.0498 0.0122 0.7798 
      H126.3  2 0.0334 0.0266 0.0107 0.0107 0.0233 0.0275 0.8677 
      H126.4  2 0.3256 0.2200 0.0264 0.0346 0.0393 0.0246 0.3295 
      H126.5  2 0.2026 0.1727 0.0108 0.0108 0.0072 0.0325 0.5634 
      H126.6  2 0.0351 0.0113 0.0108 0.0066 0.0062 0.0094 0.9206 
      H126.7  2 0.0142 0.0130 0.0176 0.0066 0.0046 0.0065 0.9375 
      H130.1  2 0.8646 0.0390 0.0286 0.0274 0.0104 0.0176 0.0125 
      H130.2  2 0.0827 0.0275 0.0740 0.7449 0.0114 0.0155 0.0440 
      H130.3  2 0.0359 0.6519 0.0531 0.1984 0.0074 0.0085 0.0447 
      H130.4  2 0.6057 0.1554 0.0474 0.1211 0.0442 0.0125 0.0138 
      H130.5  2 0.4483 0.0199 0.1894 0.2375 0.0078 0.0181 0.0789 
      H133.1  2 0.1313 0.1638 0.0697 0.3188 0.1722 0.0370 0.1072 
      H133.2  2 0.5352 0.0318 0.0312 0.3046 0.0188 0.0290 0.0495 
      H133.3  2 0.1168 0.0785 0.0597 0.2740 0.1661 0.0752 0.2296 
      H133.4  2 0.1273 0.0667 0.0268 0.5639 0.1195 0.0375 0.0584 
      H133.5  2 0.3045 0.1872 0.0773 0.3486 0.0474 0.0127 0.0223 
      H133.6  2 0.3448 0.0300 0.0961 0.4658 0.0149 0.0220 0.0265 
      H133.7  2 0.1547 0.0234 0.0228 0.1687 0.1717 0.3450 0.1137 
      H133.8  2 0.3480 0.1077 0.0599 0.1137 0.2222 0.0949 0.0536 
      H133.9  2 0.1080 0.2523 0.0831 0.2970 0.1496 0.0411 0.0689 
      H147.1  2 0.0510 0.0080 0.1748 0.0230 0.0262 0.3370 0.3800 
      H147.2  2 0.0199 0.0070 0.0149 0.0103 0.0081 0.0100 0.9299 
      H147.3  2 0.0178 0.0109 0.0105 0.0104 0.0067 0.0150 0.9287 
      H147.4  2 0.0127 0.0103 0.0215 0.0159 0.0317 0.0185 0.8894 
      H147.5  2 0.0208 0.0297 0.3265 0.0376 0.0089 0.0257 0.5507 
      H147.6  2 0.0219 0.0410 0.4087 0.0541 0.0097 0.0381 0.4266 
      H147.7  2 0.0135 0.0128 0.0215 0.0239 0.0378 0.0419 0.8486 
      H147.8  2 0.0068 0.0115 0.2843 0.0221 0.0397 0.0137 0.6218 
      H147.9  2 0.0163 0.0076 0.0130 0.0105 0.0076 0.0127 0.9324 
      H148.1  2 0.2450 0.0148 0.0632 0.2789 0.0525 0.3294 0.0162 
      H148.2  2 0.1729 0.0136 0.0201 0.1299 0.0596 0.5682 0.0358 
      H148.3  2 0.0116 0.0092 0.0137 0.0180 0.0300 0.9064 0.0110 
      H148.4  2 0.1927 0.0308 0.0180 0.0357 0.0355 0.6590 0.0284 
      H148.5  2 0.0340 0.0670 0.0518 0.1073 0.0836 0.6356 0.0206 
      H148.6  2 0.0775 0.0124 0.0683 0.0443 0.1185 0.6624 0.0166 
      H148.7  2 0.0542 0.1326 0.0347 0.2157 0.0650 0.4810 0.0169 
      H148.8  2 0.1002 0.0160 0.0256 0.0221 0.0576 0.7674 0.0110 
      H148.9  2 0.1929 0.0402 0.0213 0.1201 0.1601 0.4511 0.0142 
   H166022.1  2 0.0071 0.0055 0.9398 0.0106 0.0093 0.0155 0.0121 
   H166022.2  2 0.0173 0.0128 0.8737 0.0240 0.0138 0.0274 0.0311 
   H166022.3  2 0.0079 0.0108 0.9555 0.0084 0.0053 0.0072 0.0048 
   H166022.4  2 0.0070 0.0164 0.9431 0.0120 0.0065 0.0086 0.0064 
   H166022.5  2 0.0086 0.0117 0.9308 0.0248 0.0057 0.0083 0.0100 
   H166022.6  2 0.0200 0.0127 0.9156 0.0132 0.0203 0.0112 0.0069 
   H166022.7  2 0.0106 0.0236 0.0079 0.8865 0.0521 0.0096 0.0098 
   H166022.8  2 0.0602 0.0188 0.8488 0.0290 0.0098 0.0221 0.0113 
   H167397.1  2 0.0193 0.0091 0.0539 0.0252 0.5025 0.2987 0.0913 
   H167397.2  2 0.1810 0.0197 0.0715 0.0159 0.5948 0.0712 0.0459 
   H167397.3  2 0.0152 0.0115 0.0368 0.0160 0.6067 0.2293 0.0845 
   H167397.4  2 0.0226 0.0169 0.0302 0.0229 0.8009 0.0676 0.0390 
   H167397.5  2 0.0514 0.0224 0.0645 0.0436 0.6746 0.1016 0.0419 
   H167397.6  2 0.0185 0.0157 0.0419 0.0119 0.5960 0.2378 0.0782 
   H167496.1  2 0.0263 0.0954 0.3581 0.1852 0.0117 0.2964 0.0269 
   H167496.2  2 0.0965 0.0640 0.0222 0.2509 0.0164 0.2331 0.3170 
   H167496.3  2 0.3389 0.0738 0.3931 0.0320 0.0164 0.0705 0.0753 
   H167496.4  2 0.0100 0.0148 0.9332 0.0079 0.0067 0.0096 0.0178 
   H167496.6  2 0.0186 0.0451 0.8398 0.0256 0.0089 0.0193 0.0427 
   H167496.7  2 0.1538 0.1053 0.0971 0.1284 0.0077 0.4785 0.0293 
   H167496.8  2 0.0187 0.0225 0.7653 0.0446 0.0073 0.0474 0.0942 
   H167513.1  2 0.1970 0.0403 0.0690 0.5580 0.0561 0.0417 0.0379 
   H167513.2  2 0.1186 0.0430 0.0301 0.3713 0.1070 0.3022 0.0278 
   H167513.3  2 0.0146 0.1871 0.0550 0.6856 0.0110 0.0292 0.0174 
   H167513.4  2 0.0303 0.0216 0.1946 0.6776 0.0145 0.0435 0.0180 
   H167513.5  2 0.1943 0.0194 0.0617 0.3956 0.1675 0.1235 0.0381 
   H167513.6  2 0.1678 0.0366 0.1126 0.5234 0.0328 0.0832 0.0436 
   H167513.7  2 0.0288 0.0273 0.1055 0.7369 0.0488 0.0119 0.0409 
   H167513.8  2 0.0124 0.0344 0.0102 0.8910 0.0293 0.0087 0.0141 
   H167547.1  2 0.0582 0.0332 0.0352 0.0378 0.0253 0.7990 0.0114 
   H167547.2  2 0.0189 0.0119 0.0270 0.0117 0.0133 0.9081 0.0091 
   H167547.3  2 0.0156 0.0106 0.0278 0.0153 0.0170 0.9046 0.0090 
   H167547.4  2 0.0801 0.0646 0.6948 0.0290 0.0455 0.0706 0.0154 
   H167547.5  2 0.0190 0.0273 0.1439 0.0163 0.0093 0.7748 0.0094 
   H167547.6  2 0.0218 0.0215 0.1280 0.0163 0.0097 0.7902 0.0125 
   H167547.7  2 0.5512 0.0417 0.0353 0.1204 0.0326 0.1742 0.0445 
   H169750.1  2 0.1874 0.2935 0.1166 0.3225 0.0127 0.0245 0.0427 
   H169750.2  2 0.1438 0.1643 0.0368 0.2078 0.0738 0.1401 0.2333 
   H169750.3  2 0.0948 0.1308 0.0466 0.6266 0.0067 0.0267 0.0679 
   H169750.4  2 0.1683 0.5060 0.0240 0.0544 0.0780 0.1023 0.0671 
   H169750.5  2 0.1474 0.1012 0.1357 0.3959 0.0221 0.0224 0.1753 
   H169750.6  2 0.0596 0.0660 0.0422 0.1955 0.0143 0.0179 0.6046 
   H169750.7  2 0.1669 0.4172 0.0217 0.1605 0.0263 0.0873 0.1201 
   H171929.1  2 0.2306 0.0211 0.0222 0.0364 0.5960 0.0577 0.0360 
  H171929.10  2 0.1872 0.0217 0.1818 0.1576 0.1590 0.1654 0.1273 
  H171929.11  2 0.1663 0.0752 0.0320 0.1138 0.4901 0.0736 0.0490 
   H171929.2  2 0.1200 0.0171 0.0309 0.7095 0.0277 0.0733 0.0216 
   H171929.3  2 0.0987 0.0245 0.0595 0.3463 0.2402 0.1784 0.0524 
   H171929.4  2 0.5271 0.0597 0.2003 0.1024 0.0112 0.0442 0.0551 
   H171929.5  2 0.0410 0.0320 0.0391 0.6258 0.1194 0.1121 0.0307 
   H171929.6  2 0.0504 0.0255 0.0188 0.6153 0.2217 0.0469 0.0214 
   H171929.7  2 0.8142 0.0298 0.0218 0.0494 0.0289 0.0222 0.0337 
   H171929.8  2 0.8127 0.0233 0.0329 0.0666 0.0202 0.0260 0.0183 
   H171929.9  2 0.6814 0.0157 0.0767 0.1524 0.0066 0.0121 0.0550 
   H171930.1  2 0.0096 0.0476 0.0106 0.8544 0.0225 0.0399 0.0153 
   H171930.2  2 0.0219 0.0823 0.0998 0.6633 0.0112 0.0848 0.0367 
   H171930.3  2 0.0081 0.0334 0.0175 0.8930 0.0151 0.0199 0.0130 
   H171930.4  2 0.0061 0.0660 0.0399 0.8287 0.0096 0.0408 0.0089 
   H171930.5  2 0.0227 0.0473 0.0247 0.8291 0.0159 0.0231 0.0373 
   H171930.6  2 0.0069 0.1067 0.0418 0.6949 0.0101 0.0687 0.0709 
   H171930.7  2 0.0096 0.0099 0.0107 0.8902 0.0415 0.0212 0.0170 
   H171930.8  2 0.0118 0.0126 0.0216 0.8906 0.0167 0.0303 0.0162 
   H171933.1  2 0.0165 0.0087 0.9025 0.0183 0.0258 0.0209 0.0073 
   H171933.2  2 0.0123 0.0087 0.8526 0.0186 0.0467 0.0452 0.0158 
   H171933.3  2 0.0151 0.0131 0.8979 0.0203 0.0137 0.0325 0.0073 
   H171933.4  2 0.0367 0.0220 0.7864 0.1226 0.0049 0.0191 0.0082 
   H171933.5  2 0.0825 0.1286 0.4332 0.2601 0.0093 0.0769 0.0093 
   H171933.6  2 0.0073 0.0083 0.9500 0.0094 0.0053 0.0074 0.0123 
   H171933.7  2 0.0395 0.0218 0.8370 0.0248 0.0231 0.0361 0.0177 
   H171933.8  2 0.0380 0.0123 0.6647 0.1765 0.0377 0.0542 0.0165 
   H171933.9  2 0.0105 0.0133 0.9381 0.0197 0.0044 0.0076 0.0066 
      H190.1  2 0.0326 0.1834 0.0377 0.6666 0.0063 0.0453 0.0280 
      H190.2  2 0.0315 0.0147 0.0127 0.0134 0.0055 0.8835 0.0388 
      H190.3  2 0.0804 0.0394 0.0386 0.0212 0.0125 0.7746 0.0334 
      H190.4  2 0.0356 0.0525 0.1396 0.7395 0.0086 0.0131 0.0110 
      H190.5  2 0.0336 0.0259 0.0234 0.0388 0.0061 0.7684 0.1037 
      H190.6  2 0.0525 0.0656 0.1432 0.6790 0.0107 0.0279 0.0211 
      H190.7  2 0.7647 0.0387 0.0414 0.0303 0.0198 0.0888 0.0163 
      H190.8  2 0.0859 0.1114 0.0289 0.1799 0.0056 0.4741 0.1142 
      H190.9  2 0.3785 0.0488 0.0354 0.1193 0.0157 0.3793 0.0229 
      H400.1  2 0.0130 0.0095 0.9379 0.0137 0.0097 0.0080 0.0083 
      H400.2  2 0.0076 0.0075 0.9280 0.0133 0.0087 0.0106 0.0244 
      H400.3  2 0.0155 0.0183 0.8978 0.0234 0.0152 0.0183 0.0114 
      H400.4  2 0.0110 0.0128 0.9002 0.0234 0.0056 0.0205 0.0264 
      H400.5  2 0.0125 0.0152 0.9066 0.0340 0.0098 0.0119 0.0100 
      H400.6  2 0.0100 0.0074 0.9460 0.0090 0.0051 0.0090 0.0135 
      H400.7  2 0.0126 0.0074 0.9365 0.0188 0.0059 0.0106 0.0081 
 H428.1_2005  2 0.0081 0.0120 0.9466 0.0075 0.0076 0.0080 0.0104 
 H428.1_2006  2 0.0113 0.0079 0.9399 0.0067 0.0072 0.0096 0.0174 
 H428.2_2005  2 0.0089 0.0059 0.9527 0.0114 0.0080 0.0067 0.0064 
 H428.2_2006  2 0.0078 0.0075 0.9271 0.0122 0.0094 0.0077 0.0283 
 H428.3_2005  2 0.0063 0.0080 0.9599 0.0083 0.0045 0.0052 0.0078 
 H428.3_2006  2 0.0079 0.0098 0.9350 0.0104 0.0108 0.0081 0.0181 
 H428.4_2005  2 0.0067 0.0091 0.9521 0.0108 0.0065 0.0066 0.0083 
 H428.4_2006  2 0.0060 0.0061 0.9590 0.0055 0.0070 0.0059 0.0106 
 H428.5_2005  2 0.0062 0.0058 0.9380 0.0085 0.0212 0.0062 0.0140 
 H428.6_2005  2 0.0133 0.0108 0.9472 0.0069 0.0056 0.0056 0.0104 
 H428.6_2006  2 0.0073 0.0247 0.8959 0.0130 0.0300 0.0066 0.0225 
      H428.7  2 0.0063 0.0068 0.9614 0.0067 0.0050 0.0045 0.0094 
      H428.8  2 0.0060 0.0134 0.9338 0.0122 0.0141 0.0055 0.0150 
      H428.9  2 0.0080 0.0057 0.9418 0.0134 0.0171 0.0062 0.0079 
      H453.1  2 0.0115 0.0199 0.9057 0.0187 0.0071 0.0104 0.0267 
      H453.2  2 0.0165 0.0159 0.9057 0.0261 0.0057 0.0124 0.0177 
      H453.3  2 0.0327 0.0169 0.9069 0.0185 0.0052 0.0098 0.0098 
      H453.4  2 0.0164 0.0171 0.9037 0.0323 0.0047 0.0116 0.0143 
      H453.5  2 0.0082 0.0137 0.9057 0.0235 0.0077 0.0093 0.0319 
      H453.6  2 0.0044 0.0097 0.9421 0.0087 0.0046 0.0059 0.0247 
      H453.7  2 0.6743 0.0159 0.0736 0.0904 0.0049 0.0190 0.1219 
      H453.8  2 0.2149 0.0456 0.3567 0.2108 0.0082 0.0340 0.1298 
      H453.9  2 0.0965 0.0205 0.3604 0.1111 0.0062 0.0074 0.3979 
      H512.1  2 0.0183 0.0513 0.8380 0.0570 0.0044 0.0163 0.0146 
     H512.10  2 0.0294 0.3699 0.2784 0.1080 0.0946 0.0535 0.0663 
      H512.2  2 0.0603 0.3106 0.3731 0.0496 0.0211 0.1541 0.0312 
      H512.3  2 0.0156 0.7372 0.1146 0.0438 0.0221 0.0466 0.0200 
      H512.4  2 0.0488 0.0520 0.3552 0.3250 0.0246 0.0695 0.1250 
      H512.5  2 0.0114 0.8606 0.0509 0.0248 0.0159 0.0196 0.0167 
      H512.6  2 0.0726 0.4491 0.1214 0.2436 0.0063 0.0835 0.0236 
      H512.7  2 0.0121 0.7237 0.1745 0.0202 0.0218 0.0281 0.0195 
      H512.8  2 0.0319 0.2443 0.1444 0.0973 0.0081 0.4524 0.0216 
      H512.9  2 0.0285 0.6150 0.2617 0.0281 0.0246 0.0164 0.0257 
      H513.1  2 0.0075 0.0057 0.9499 0.0083 0.0133 0.0061 0.0092 
      H513.2  2 0.0099 0.0061 0.9346 0.0146 0.0137 0.0088 0.0124 
      H513.3  2 0.0079 0.0064 0.9535 0.0114 0.0056 0.0068 0.0083 
      H513.4  2 0.0077 0.0091 0.9248 0.0156 0.0054 0.0131 0.0242 
      H513.5  2 0.0062 0.0159 0.9283 0.0208 0.0118 0.0061 0.0108 
      H513.6  2 0.0294 0.0160 0.4301 0.1783 0.3077 0.0207 0.0178 
      H532.1  2 0.0201 0.0285 0.5436 0.0418 0.0163 0.0184 0.3314 
      H532.2  2 0.0361 0.0093 0.7468 0.1303 0.0124 0.0215 0.0436 
      H532.3  2 0.0437 0.0271 0.7425 0.1075 0.0061 0.0121 0.0610 
      H532.4  2 0.0493 0.0171 0.3840 0.0259 0.0128 0.0157 0.4951 
      H532.5  2 0.0098 0.0111 0.8983 0.0231 0.0136 0.0114 0.0327 
      H532.6  2 0.0289 0.0183 0.7093 0.0294 0.0122 0.0118 0.1901 
      H532.7  2 0.0124 0.0226 0.4743 0.0230 0.0129 0.0095 0.4454 
      H532.8  2 0.0187 0.0280 0.4143 0.0502 0.0221 0.0235 0.4431 
      H543.1  2 0.0077 0.0088 0.0134 0.0065 0.9519 0.0066 0.0051 
      H543.2  2 0.0107 0.0075 0.0472 0.0194 0.8913 0.0152 0.0087 
      H543.3  2 0.0080 0.0078 0.0160 0.0057 0.9465 0.0075 0.0085 
      H543.4  2 0.0091 0.0057 0.0066 0.0095 0.9533 0.0101 0.0056 
      H543.5  2 0.0082 0.0046 0.0080 0.0102 0.9529 0.0102 0.0059 
      H543.6  2 0.0472 0.0102 0.0302 0.0348 0.8606 0.0069 0.0102 
      H543.7  2 0.0057 0.0043 0.0051 0.0041 0.9707 0.0058 0.0043 
      H543.8  2 0.0099 0.0088 0.0298 0.0110 0.9121 0.0095 0.0188 
      H543.9  2 0.0107 0.0081 0.0107 0.0079 0.9491 0.0070 0.0064 
 H545.1_2005  2 0.0044 0.0049 0.0040 0.0034 0.9759 0.0033 0.0042 
 H545.1_2006  2 0.0054 0.0075 0.0053 0.0050 0.9622 0.0086 0.0061 
 H545.2_2005  2 0.0072 0.0122 0.0081 0.0077 0.9476 0.0100 0.0071 
 H545.2_2006  2 0.0041 0.0052 0.0059 0.0067 0.9687 0.0045 0.0049 
 H545.3_2005  2 0.0093 0.0123 0.0082 0.0075 0.9461 0.0109 0.0059 
 H545.3_2006  2 0.0047 0.0053 0.0057 0.0054 0.9681 0.0040 0.0067 
 H545.4_2005  2 0.0084 0.0087 0.0062 0.0059 0.9524 0.0123 0.0060 
 H545.4_2006  2 0.0064 0.0084 0.0047 0.0060 0.9618 0.0083 0.0045 
 H545.5_2005  2 0.0056 0.0063 0.0080 0.0073 0.9585 0.0063 0.0080 
 H545.5_2006  2 0.0075 0.0112 0.0067 0.0092 0.9505 0.0087 0.0062 
 H545.6_2005  2 0.0042 0.0053 0.0054 0.0055 0.9709 0.0040 0.0047 
 H545.6_2006  2 0.0048 0.0072 0.0054 0.0051 0.9670 0.0059 0.0046 
 H545.7_2005  2 0.0050 0.0052 0.0066 0.0076 0.9653 0.0043 0.0058 
 H545.7_2006  2 0.0063 0.0068 0.0072 0.0093 0.9539 0.0073 0.0091 
 H545.8_2005  2 0.0100 0.0100 0.0119 0.0093 0.9402 0.0085 0.0100 
 H545.8_2006  2 0.0052 0.0057 0.0062 0.0068 0.9661 0.0055 0.0044 
      H545.9  2 0.0067 0.0078 0.0063 0.0059 0.9624 0.0061 0.0049 
      H547.1  2 0.0164 0.0289 0.9139 0.0073 0.0094 0.0158 0.0082 
      H547.2  2 0.0114 0.0089 0.6623 0.0060 0.0076 0.2903 0.0135 
      H547.3  2 0.0663 0.0666 0.7783 0.0229 0.0182 0.0374 0.0104 
      H547.4  2 0.0423 0.0373 0.7409 0.0106 0.0091 0.1367 0.0230 
      H547.5  2 0.0136 0.0112 0.7063 0.0053 0.0084 0.2495 0.0057 
      H547.6  2 0.0168 0.0095 0.9140 0.0076 0.0235 0.0215 0.0071 
      H547.7  2 0.0372 0.0682 0.8157 0.0176 0.0195 0.0305 0.0113 
      H547.8  2 0.0164 0.0209 0.9231 0.0077 0.0118 0.0143 0.0057 
      H548.1  2 0.0059 0.0075 0.0061 0.0056 0.9610 0.0089 0.0050 
      H548.2  2 0.0080 0.0114 0.0071 0.0095 0.9475 0.0082 0.0084 
      H548.3  2 0.0106 0.0056 0.0056 0.0076 0.9578 0.0066 0.0063 
      H548.4  2 0.0230 0.0193 0.0110 0.0290 0.8617 0.0205 0.0355 
      H548.5  2 0.0054 0.0062 0.0050 0.0062 0.9647 0.0062 0.0064 
      H548.6  2 0.0064 0.0108 0.0062 0.0073 0.9577 0.0060 0.0056 
      H548.7  2 0.0066 0.0064 0.0061 0.0073 0.9568 0.0072 0.0095 
      H548.8  2 0.0076 0.0085 0.0044 0.0103 0.9521 0.0072 0.0099 
      H548.9  2 0.0136 0.0131 0.0120 0.0116 0.9257 0.0108 0.0132 
     H7389.1  2 0.0108 0.0084 0.9294 0.0171 0.0098 0.0148 0.0098 
     H7389.2  2 0.0067 0.0074 0.8657 0.0217 0.0590 0.0231 0.0164 
     H7389.3  2 0.0057 0.0077 0.9327 0.0129 0.0140 0.0180 0.0090 
     H7389.4  2 0.0128 0.0099 0.8908 0.0196 0.0455 0.0052 0.0162 
     H7389.5  2 0.0135 0.0159 0.8383 0.0816 0.0227 0.0070 0.0211 
     H7389.6  2 0.0069 0.0110 0.6164 0.3239 0.0069 0.0068 0.0281 
     H7389.7  2 0.0060 0.0114 0.9050 0.0149 0.0287 0.0183 0.0157 
     H7389.8  2 0.0242 0.0176 0.4915 0.2160 0.1990 0.0141 0.0375 
     H7389.9  2 0.0094 0.0097 0.8225 0.0854 0.0393 0.0059 0.0278 
      H747.1  2 0.0447 0.2471 0.0784 0.4781 0.0187 0.1080 0.0250 
      H747.2  2 0.0135 0.0612 0.0083 0.8836 0.0114 0.0142 0.0079 
      H747.3  2 0.0322 0.3583 0.0254 0.5274 0.0127 0.0282 0.0157 
      H747.4  2 0.0194 0.3289 0.0170 0.5052 0.0091 0.0938 0.0266 
      H747.5  2 0.0182 0.2823 0.0106 0.6539 0.0092 0.0169 0.0088 
      H747.6  2 0.0136 0.0242 0.0193 0.8968 0.0184 0.0175 0.0103 
      H747.7  2 0.0436 0.1511 0.0196 0.7406 0.0185 0.0162 0.0105 
     H7484.1  2 0.1125 0.0223 0.1094 0.0359 0.0110 0.0314 0.6775 
     H7484.2  2 0.3954 0.0223 0.0263 0.0596 0.0065 0.0845 0.4053 
     H7484.3  2 0.1396 0.0423 0.0198 0.0633 0.0127 0.0788 0.6435 
     H7484.4  2 0.2790 0.0265 0.0796 0.0496 0.0065 0.0546 0.5042 
     H7484.5  2 0.0427 0.0161 0.0157 0.1854 0.0092 0.0265 0.7044 
     H7484.6  2 0.1170 0.3240 0.0176 0.3306 0.0092 0.0808 0.1207 
     H7484.7  2 0.3605 0.0587 0.0254 0.0882 0.0076 0.0140 0.4456 
     H7484.8  2 0.1072 0.0205 0.1018 0.1293 0.0050 0.0404 0.5957 
     H7485.1  2 0.0106 0.0078 0.0083 0.0084 0.9491 0.0068 0.0090 
     H7485.2  2 0.0096 0.0046 0.0082 0.0094 0.9560 0.0054 0.0068 
     H7485.3  2 0.0043 0.0056 0.0059 0.0061 0.9662 0.0058 0.0061 
     H7485.4  2 0.0100 0.0047 0.0086 0.0134 0.9513 0.0044 0.0075 
     H7485.5  2 0.0114 0.0073 0.0080 0.0082 0.9445 0.0090 0.0115 
     H7485.6  2 0.0131 0.0068 0.0092 0.0082 0.9411 0.0084 0.0131 
     H7485.7  2 0.0088 0.0074 0.0061 0.0078 0.9515 0.0102 0.0082 
     H7496.1  2 0.0111 0.0188 0.8982 0.0278 0.0045 0.0220 0.0177 
    H7496.10  2 0.0120 0.0105 0.9262 0.0109 0.0062 0.0122 0.0219 
    H7496.11  2 0.0123 0.0559 0.0553 0.0286 0.7370 0.0326 0.0782 
     H7496.2  2 0.0207 0.0201 0.8978 0.0142 0.0055 0.0138 0.0280 
     H7496.3  2 0.0800 0.0238 0.3098 0.0310 0.0110 0.0345 0.5099 
     H7496.4  2 0.0098 0.0098 0.9200 0.0174 0.0085 0.0184 0.0162 
     H7496.5  2 0.0134 0.0256 0.8898 0.0168 0.0071 0.0236 0.0238 
     H7496.6  2 0.0115 0.0350 0.9089 0.0133 0.0045 0.0127 0.0141 
     H7496.7  2 0.0128 0.0082 0.9300 0.0136 0.0069 0.0106 0.0179 
     H7496.8  2 0.0930 0.0160 0.7009 0.0901 0.0119 0.0330 0.0552 
        UNK4  2 0.0469 0.0166 0.2460 0.5824 0.0510 0.0320 0.0251 
        UNK5  2 0.0396 0.0087 0.7537 0.0222 0.0687 0.0666 0.0403 
        UNK6  2 0.0186 0.0121 0.4817 0.3961 0.0273 0.0314 0.0328 
        UNK7  2 0.0114 0.0080 0.7916 0.0101 0.1399 0.0287 0.0102 
        UNK8  2 0.0572 0.0073 0.6313 0.0426 0.2280 0.0115 0.0221 
        UNK9  2 0.0123 0.0200 0.3064 0.2679 0.1756 0.0147 0.2031 
      H009.1  4 0.9395 0.0195 0.0083 0.0098 0.0059 0.0094 0.0076 
      H009.2  4 0.8457 0.0821 0.0112 0.0383 0.0059 0.0081 0.0086 
      H009.3  4 0.9434 0.0162 0.0082 0.0115 0.0052 0.0082 0.0073 
      H009.4  4 0.8429 0.0897 0.0110 0.0223 0.0085 0.0135 0.0121 
      H009.5  4 0.8004 0.0177 0.0073 0.1153 0.0390 0.0069 0.0134 
      H009.6  4 0.9225 0.0191 0.0098 0.0088 0.0074 0.0201 0.0123 
      H046.4  4 0.1455 0.2357 0.0727 0.0864 0.0285 0.0377 0.3936 
      H046.8  4 0.1239 0.1705 0.0401 0.0827 0.0373 0.4475 0.0981 
 H076.1_2002  4 0.0088 0.0169 0.0144 0.0119 0.0123 0.9272 0.0084 
 H076.1_2003  4 0.0066 0.0073 0.0058 0.0072 0.0080 0.9592 0.0058 
 H076.1_2004  4 0.0077 0.0086 0.0063 0.0052 0.0088 0.9559 0.0075 
 H076.2_2002  4 0.0084 0.0134 0.0188 0.0088 0.0108 0.9322 0.0077 
 H076.2_2003  4 0.0100 0.0058 0.0074 0.0076 0.0141 0.9494 0.0057 
 H076.2_2004  4 0.0413 0.2132 0.0403 0.0227 0.0099 0.6557 0.0169 
 H076.3_2002  4 0.1948 0.5352 0.0196 0.0400 0.0094 0.1703 0.0307 
 H076.3_2003  4 0.0088 0.0079 0.0093 0.0075 0.0134 0.9459 0.0071 
 H076.3_2004  4 0.0098 0.0057 0.0109 0.0078 0.0118 0.9441 0.0099 
 H076.4_2002  4 0.1031 0.0612 0.0212 0.0396 0.0119 0.7404 0.0227 
 H076.4_2003  4 0.0164 0.0278 0.0086 0.0139 0.0078 0.9178 0.0078 
 H076.4_2004  4 0.1372 0.4294 0.0629 0.0338 0.0098 0.3072 0.0196 
 H076.5_2002  4 0.0168 0.0180 0.0214 0.0129 0.0086 0.9065 0.0157 
 H076.5_2003  4 0.0114 0.0121 0.0138 0.0088 0.0352 0.9117 0.0069 
 H076.5_2004  4 0.0480 0.0267 0.0331 0.0104 0.0150 0.8471 0.0198 
 H076.6_2002  4 0.0215 0.0121 0.0131 0.0166 0.0122 0.9094 0.0152 
 H076.6_2003  4 0.0096 0.0075 0.0151 0.0100 0.0189 0.9324 0.0065 
 H076.6_2004  4 0.0216 0.0233 0.0097 0.0113 0.0094 0.9182 0.0064 
 H076.7_2002  4 0.2525 0.3256 0.0848 0.1757 0.0145 0.1075 0.0393 
 H076.7_2003  4 0.0150 0.0780 0.0476 0.0136 0.0199 0.8141 0.0118 
 H076.7_2004  4 0.0457 0.1148 0.0157 0.0166 0.0179 0.7741 0.0151 
      H477.1  4 0.0124 0.0794 0.0462 0.8385 0.0067 0.0090 0.0077 
      H477.2  4 0.0214 0.3020 0.0628 0.5771 0.0076 0.0151 0.0140 
      H477.3  4 0.0198 0.1742 0.0264 0.7207 0.0173 0.0090 0.0326 
      H477.4  4 0.0152 0.0439 0.0203 0.8739 0.0275 0.0099 0.0093 
      H477.5  4 0.0682 0.2512 0.0509 0.5523 0.0302 0.0318 0.0155 
      H477.6  4 0.0230 0.2955 0.0281 0.6029 0.0225 0.0080 0.0200 
      H477.7  4 0.0137 0.0323 0.0213 0.8832 0.0265 0.0147 0.0084 
 H479.1_2005  4 0.0416 0.0971 0.4109 0.0422 0.0091 0.0067 0.3923 
 H479.1_2006  4 0.0193 0.5624 0.0194 0.0228 0.0778 0.1872 0.1111 
     H479.10  4 0.0173 0.2017 0.0307 0.0385 0.0145 0.0971 0.6002 
 H479.2_2005  4 0.1910 0.0396 0.1343 0.0276 0.0210 0.0713 0.5152 
 H479.2_2006  4 0.0212 0.7139 0.0735 0.0229 0.0353 0.0067 0.1263 
 H479.3_2005  4 0.0141 0.2686 0.2197 0.2380 0.0068 0.0227 0.2301 
 H479.3_2006  4 0.0211 0.4429 0.2998 0.1425 0.0072 0.0388 0.0476 
 H479.4_2005  4 0.0379 0.3992 0.1039 0.2524 0.0146 0.0366 0.1553 
 H479.4_2006  4 0.0177 0.2865 0.1520 0.0495 0.0085 0.0173 0.4685 
 H479.5_2005  4 0.0374 0.0488 0.0307 0.0375 0.0133 0.0864 0.7458 
 H479.5_2006  4 0.0160 0.7343 0.0900 0.0197 0.0066 0.0094 0.1240 
 H479.6_2005  4 0.0239 0.1747 0.0670 0.0701 0.0335 0.5275 0.1034 
 H479.6_2006  4 0.0113 0.0372 0.1512 0.0346 0.0130 0.0115 0.7412 
 H479.7_2005  4 0.0312 0.0797 0.6033 0.1370 0.0154 0.0374 0.0960 
 H479.7_2006  4 0.0184 0.5025 0.2414 0.0355 0.0269 0.0245 0.1509 
 H479.8_2005  4 0.0095 0.0392 0.8016 0.0541 0.0089 0.0126 0.0741 
 H479.8_2006  4 0.0157 0.5051 0.0079 0.0213 0.0344 0.2846 0.1309 
      H479.9  4 0.0108 0.8881 0.0102 0.0134 0.0049 0.0467 0.0259 
      H516.1  4 0.1688 0.6284 0.0227 0.0792 0.0154 0.0572 0.0283 
      H516.2  4 0.0205 0.9238 0.0090 0.0159 0.0085 0.0079 0.0144 
      H516.3  4 0.0640 0.8272 0.0070 0.0617 0.0062 0.0186 0.0154 
      H516.4  4 0.0323 0.8807 0.0083 0.0356 0.0080 0.0232 0.0120 
      H516.5  4 0.0346 0.8689 0.0107 0.0215 0.0325 0.0202 0.0117 
      H516.6  4 0.0120 0.9474 0.0047 0.0098 0.0121 0.0067 0.0073 
      H516.7  4 0.0100 0.8203 0.0138 0.1012 0.0079 0.0216 0.0253 
      H516.8  4 0.0830 0.8526 0.0084 0.0167 0.0091 0.0183 0.0120 
      H516.9  4 0.0146 0.9058 0.0109 0.0320 0.0047 0.0126 0.0194 
      H646.1  4 0.3083 0.4894 0.0292 0.0518 0.0046 0.1030 0.0136 
      H646.2  4 0.2521 0.5369 0.0355 0.0222 0.0055 0.1408 0.0069 
      H646.3  4 0.3956 0.4955 0.0099 0.0459 0.0057 0.0274 0.0200 
      H646.4  4 0.1311 0.5015 0.0548 0.0398 0.0079 0.2533 0.0116 
      H646.5  4 0.0433 0.8848 0.0115 0.0126 0.0062 0.0257 0.0159 
      H658.1  4 0.0183 0.8591 0.0088 0.0101 0.0570 0.0368 0.0099 
     H658.10  4 0.0109 0.9486 0.0116 0.0075 0.0078 0.0075 0.0062 
      H658.2  4 0.0265 0.8747 0.0073 0.0162 0.0350 0.0298 0.0104 
      H658.3  4 0.0112 0.9195 0.0157 0.0109 0.0152 0.0159 0.0116 
      H658.4  4 0.0210 0.9112 0.0119 0.0136 0.0068 0.0155 0.0200 
      H658.5  4 0.0097 0.9572 0.0098 0.0069 0.0033 0.0048 0.0082 
      H658.6  4 0.0227 0.9032 0.0090 0.0264 0.0090 0.0146 0.0150 
      H658.7  4 0.0331 0.8566 0.0081 0.0301 0.0159 0.0396 0.0166 
      H658.8  4 0.0895 0.7563 0.0101 0.0154 0.0372 0.0840 0.0075 
      H658.9  4 0.0187 0.9082 0.0071 0.0185 0.0125 0.0210 0.0140 
      H682.1  4 0.0919 0.0837 0.0706 0.2153 0.0082 0.1033 0.4269 
      H682.6  4 0.3071 0.2056 0.0944 0.0414 0.0191 0.0893 0.2431 
      H720.1  4 0.0201 0.2220 0.2844 0.3013 0.0069 0.1326 0.0327 
      H720.2  4 0.0329 0.4109 0.2275 0.2198 0.0077 0.0747 0.0265 
      H720.3  4 0.0173 0.0304 0.0163 0.6229 0.0074 0.2358 0.0699 
      H720.4  4 0.0219 0.3325 0.0284 0.4732 0.0174 0.0478 0.0789 
      H720.5  4 0.0192 0.0332 0.0178 0.7484 0.0247 0.0772 0.0795 
      H720.6  4 0.0232 0.0259 0.0235 0.7114 0.0314 0.1153 0.0694 
      H720.7  4 0.0229 0.0630 0.1613 0.7177 0.0052 0.0103 0.0195 
      H720.8  4 0.0306 0.0326 0.0916 0.4532 0.0062 0.1956 0.1902 
      H720.9  4 0.2525 0.0929 0.0275 0.0374 0.0078 0.0592 0.5228 
      H724.1  4 0.0291 0.0106 0.0152 0.0204 0.0125 0.8905 0.0217 
      H724.2  4 0.0319 0.0267 0.0554 0.0546 0.0230 0.7750 0.0334 
      H724.3  4 0.0303 0.4881 0.2053 0.0157 0.0058 0.1359 0.1188 
      H724.4  4 0.0270 0.0493 0.0155 0.0188 0.0098 0.8250 0.0546 
      H724.5  4 0.0663 0.3621 0.1070 0.0205 0.0064 0.1107 0.3270 
      H724.6  4 0.0195 0.0146 0.0186 0.0094 0.0141 0.9102 0.0135 
      H725.1  4 0.2427 0.0927 0.0346 0.0452 0.0071 0.0619 0.5158 
      H725.2  4 0.6723 0.0709 0.1480 0.0548 0.0127 0.0140 0.0273 
      H725.3  4 0.5198 0.2409 0.0652 0.0465 0.0325 0.0197 0.0755 
      H725.4  4 0.2631 0.0438 0.1359 0.0682 0.0664 0.0831 0.3394 
      H725.5  4 0.0119 0.1339 0.5029 0.2991 0.0074 0.0304 0.0143 
      H725.6  4 0.0289 0.6546 0.0154 0.0579 0.0246 0.1918 0.0270 
      H725.7  4 0.0918 0.1857 0.0309 0.0488 0.0106 0.1067 0.5255 
      H725.8  4 0.1032 0.2668 0.0151 0.1146 0.1512 0.2765 0.0726 
      H726.1  4 0.0189 0.9377 0.0099 0.0066 0.0083 0.0131 0.0054 
      H726.2  4 0.0146 0.8639 0.0429 0.0298 0.0087 0.0222 0.0179 
      H726.3  4 0.0561 0.8067 0.0344 0.0169 0.0340 0.0394 0.0126 
      H726.4  4 0.0070 0.9498 0.0069 0.0078 0.0087 0.0090 0.0107 
      H726.5  4 0.0295 0.9051 0.0118 0.0101 0.0057 0.0220 0.0158 
        UNK1  4 0.2414 0.2103 0.3044 0.1840 0.0108 0.0186 0.0305 
        UNK2  4 0.3915 0.1988 0.0165 0.0373 0.0185 0.0298 0.3077 
        UNK3  4 0.2249 0.2609 0.2666 0.1888 0.0108 0.0196 0.0283 
      H016.1  5 0.0424 0.0911 0.0759 0.0412 0.3497 0.2136 0.1862 
      H016.2  5 0.0264 0.0172 0.0238 0.0241 0.0855 0.0347 0.7883 
      H016.3  5 0.0583 0.2047 0.0233 0.0504 0.0503 0.5904 0.0227 
      H016.4  5 0.0233 0.0094 0.0311 0.0403 0.0706 0.0506 0.7748 
 H017.1_2002  5 0.4857 0.3576 0.0329 0.0392 0.0163 0.0558 0.0124 
 H017.1_2003  5 0.0214 0.1508 0.0167 0.7324 0.0553 0.0152 0.0083 
 H017.2_2002  5 0.1817 0.0712 0.0314 0.0118 0.0142 0.6631 0.0266 
 H017.2_2003  5 0.0125 0.9414 0.0071 0.0139 0.0047 0.0100 0.0104 
 H017.3_2002  5 0.4456 0.0684 0.0187 0.1970 0.2296 0.0179 0.0227 
 H017.3_2003  5 0.7343 0.0495 0.0327 0.0975 0.0183 0.0585 0.0093 
 H017.4_2002  5 0.8634 0.0130 0.0212 0.0295 0.0300 0.0244 0.0186 
 H017.4_2003  5 0.0738 0.7918 0.0061 0.0801 0.0238 0.0103 0.0141 
 H017.5_2002  5 0.1753 0.0407 0.0073 0.0292 0.7017 0.0275 0.0183 
 H017.5_2003  5 0.1034 0.7811 0.0080 0.0378 0.0490 0.0069 0.0138 
 H017.6_2002  5 0.6916 0.0164 0.0479 0.0203 0.0752 0.1379 0.0107 
 H017.6_2003  5 0.0487 0.8583 0.0160 0.0174 0.0063 0.0434 0.0100 
 H017.7_2002  5 0.5769 0.0209 0.0446 0.1087 0.1371 0.0817 0.0301 
 H017.7_2003  5 0.0157 0.8940 0.0065 0.0415 0.0267 0.0072 0.0084 
      H017.8  5 0.4784 0.2140 0.0251 0.0290 0.1674 0.0621 0.0241 
      H017.9  5 0.3387 0.0719 0.0461 0.0295 0.4435 0.0376 0.0328 
      H032.1  5 0.0096 0.8938 0.0110 0.0497 0.0120 0.0154 0.0086 
      H032.2  5 0.0061 0.9167 0.0076 0.0388 0.0135 0.0100 0.0073 
      H032.3  5 0.0063 0.9461 0.0084 0.0106 0.0108 0.0073 0.0104 
      H032.4  5 0.0129 0.9444 0.0060 0.0084 0.0135 0.0070 0.0078 
      H032.5  5 0.0133 0.9283 0.0091 0.0162 0.0080 0.0123 0.0128 
      H032.6  5 0.0086 0.9339 0.0113 0.0117 0.0091 0.0140 0.0114 
      H032.7  5 0.0285 0.4840 0.0239 0.4152 0.0107 0.0280 0.0097 
 H034.1_2002  5 0.8611 0.0304 0.0088 0.0160 0.0100 0.0488 0.0250 
 H034.1_2003  5 0.8821 0.0157 0.0095 0.0280 0.0058 0.0488 0.0101 
 H034.2_2002  5 0.8367 0.0360 0.0111 0.0131 0.0395 0.0404 0.0230 
 H034.2_2003  5 0.8263 0.0149 0.0119 0.0543 0.0045 0.0789 0.0092 
 H034.3_2002  5 0.8476 0.0177 0.0111 0.0175 0.0532 0.0239 0.0291 
 H034.3_2003  5 0.9190 0.0213 0.0137 0.0149 0.0059 0.0184 0.0069 
 H034.4_2002  5 0.5624 0.0101 0.0139 0.0226 0.0092 0.3556 0.0263 
 H034.4_2003  5 0.8838 0.0372 0.0107 0.0126 0.0059 0.0420 0.0077 
 H034.5_2002  5 0.8908 0.0165 0.0054 0.0226 0.0361 0.0200 0.0086 
 H034.5_2003  5 0.7411 0.1155 0.0128 0.0527 0.0255 0.0370 0.0154 
 H034.6_2002  5 0.8302 0.0135 0.0112 0.0179 0.0663 0.0329 0.0279 
 H034.6_2003  5 0.8582 0.0753 0.0113 0.0139 0.0162 0.0178 0.0074 
 H034.7_2002  5 0.9249 0.0234 0.0088 0.0112 0.0066 0.0127 0.0125 
 H034.7_2003  5 0.7265 0.1896 0.0164 0.0180 0.0313 0.0106 0.0076 
 H034.8_2002  5 0.8618 0.0333 0.0182 0.0113 0.0173 0.0456 0.0126 
 H034.8_2003  5 0.8150 0.0608 0.0093 0.0183 0.0330 0.0560 0.0075 
      H034.9  5 0.8111 0.0289 0.0197 0.0203 0.0359 0.0244 0.0598 
      H048.1  5 0.0135 0.8212 0.0285 0.0714 0.0111 0.0206 0.0337 
      H048.2  5 0.0328 0.4928 0.1550 0.0315 0.0107 0.0346 0.2425 
      H048.3  5 0.0129 0.4079 0.1182 0.0658 0.0133 0.3485 0.0333 
      H048.4  5 0.0131 0.3833 0.1089 0.0316 0.0205 0.2153 0.2272 
      H048.5  5 0.0149 0.5555 0.0361 0.2139 0.0080 0.0187 0.1530 
      H048.6  5 0.0178 0.3500 0.0711 0.0351 0.0088 0.2608 0.2565 
      H048.7  5 0.0118 0.5893 0.0146 0.1001 0.0260 0.0300 0.2283 
      H048.8  5 0.0332 0.4910 0.0106 0.0398 0.0290 0.1903 0.2062 
      H060.1  5 0.9156 0.0081 0.0133 0.0141 0.0228 0.0088 0.0173 
     H060.10  5 0.9581 0.0081 0.0068 0.0068 0.0081 0.0056 0.0064 
      H060.2  5 0.9341 0.0150 0.0110 0.0114 0.0097 0.0073 0.0115 
      H060.3  5 0.9612 0.0058 0.0058 0.0059 0.0075 0.0065 0.0073 
      H060.4  5 0.9236 0.0131 0.0136 0.0143 0.0191 0.0089 0.0073 
      H060.5  5 0.9393 0.0060 0.0076 0.0122 0.0126 0.0134 0.0089 
      H060.6  5 0.9419 0.0053 0.0062 0.0101 0.0169 0.0097 0.0100 
      H060.7  5 0.9158 0.0150 0.0148 0.0119 0.0115 0.0159 0.0151 
      H060.8  5 0.9027 0.0180 0.0163 0.0143 0.0173 0.0167 0.0147 
      H060.9  5 0.9125 0.0124 0.0064 0.0093 0.0364 0.0134 0.0095 
 H070.1_2002  5 0.6676 0.0103 0.1261 0.0612 0.0247 0.0815 0.0286 
 H070.1_2003  5 0.8941 0.0261 0.0074 0.0105 0.0156 0.0183 0.0280 
 H070.1_2004  5 0.7032 0.0142 0.0077 0.0130 0.0098 0.2434 0.0087 
 H070.2_2002  5 0.4118 0.0277 0.3248 0.0262 0.0405 0.1560 0.0130 
 H070.2_2003  5 0.7674 0.0319 0.0260 0.0382 0.0152 0.0857 0.0356 
 H070.2_2004  5 0.7100 0.0298 0.0070 0.0086 0.0091 0.2261 0.0093 
 H070.3_2002  5 0.8542 0.0207 0.0209 0.0187 0.0145 0.0377 0.0334 
 H070.3_2003  5 0.8952 0.0591 0.0091 0.0116 0.0091 0.0091 0.0068 
 H070.3_2004  5 0.8811 0.0203 0.0119 0.0122 0.0162 0.0440 0.0143 
 H070.4_2002  5 0.8315 0.0389 0.0354 0.0296 0.0098 0.0412 0.0136 
 H070.4_2003  5 0.7788 0.0987 0.0171 0.0231 0.0338 0.0248 0.0237 
 H070.4_2004  5 0.8515 0.0152 0.0171 0.0159 0.0071 0.0568 0.0363 
 H070.5_2002  5 0.7926 0.0125 0.0239 0.0135 0.0315 0.0199 0.1061 
 H070.5_2003  5 0.8812 0.0579 0.0074 0.0113 0.0185 0.0127 0.0110 
 H070.5_2004  5 0.5073 0.0179 0.0090 0.0119 0.0125 0.4126 0.0287 
 H070.6_2002  5 0.8696 0.0146 0.0346 0.0154 0.0160 0.0140 0.0357 
 H070.6_2003  5 0.9012 0.0274 0.0121 0.0106 0.0051 0.0367 0.0069 
 H070.6_2004  5 0.7435 0.0204 0.0163 0.0245 0.0098 0.1354 0.0499 
      H077.1  5 0.9151 0.0145 0.0062 0.0111 0.0198 0.0202 0.0131 
      H077.2  5 0.1235 0.5492 0.0095 0.0212 0.0775 0.0517 0.1673 
      H077.3  5 0.6433 0.1618 0.0149 0.0317 0.0211 0.0945 0.0326 
      H077.4  5 0.7846 0.0890 0.0161 0.0318 0.0232 0.0404 0.0150 
      H077.5  5 0.1410 0.4371 0.0177 0.0367 0.1967 0.1354 0.0354 
      H077.6  5 0.6886 0.2244 0.0081 0.0138 0.0358 0.0152 0.0142 
