      H008.1  2 0.0089 0.0101 0.9095 0.0149 0.0129 0.0171 0.0084 0.0098 0.0082 
      H008.2  2 0.0518 0.1205 0.1672 0.0149 0.0342 0.3123 0.0174 0.1604 0.1213 
      H008.3  2 0.1385 0.0216 0.1012 0.0305 0.0282 0.4691 0.0290 0.1033 0.0785 
      H008.4  2 0.0161 0.0129 0.7613 0.0359 0.0245 0.0234 0.0103 0.0369 0.0787 
      H008.5  2 0.0291 0.0091 0.8498 0.0175 0.0113 0.0259 0.0110 0.0298 0.0165 
      H008.6  2 0.0166 0.0319 0.4022 0.0183 0.0530 0.2139 0.0122 0.0798 0.1720 
      H008.7  2 0.0844 0.0378 0.5273 0.0313 0.0338 0.0793 0.0233 0.0408 0.1419 
      H008.8  2 0.0188 0.0634 0.2336 0.0413 0.1088 0.0295 0.0167 0.4566 0.0314 
      H008.9  2 0.0313 0.0450 0.0345 0.0145 0.1152 0.0881 0.0194 0.0754 0.5766 
 H029.1_2002  2 0.0181 0.0114 0.8533 0.0231 0.0306 0.0128 0.0089 0.0126 0.0293 
 H029.1_2003  2 0.1033 0.0307 0.6152 0.0251 0.0278 0.1200 0.0159 0.0294 0.0325 
 H029.2_2002  2 0.0568 0.0117 0.8276 0.0093 0.0134 0.0295 0.0084 0.0198 0.0236 
 H029.2_2003  2 0.0561 0.0223 0.6169 0.0152 0.0234 0.1756 0.0133 0.0408 0.0365 
 H029.3_2002  2 0.1981 0.0501 0.5326 0.0186 0.0116 0.0306 0.0099 0.0295 0.1189 
 H029.3_2003  2 0.0223 0.0153 0.9058 0.0072 0.0066 0.0170 0.0100 0.0074 0.0084 
 H029.4_2002  2 0.0123 0.0086 0.9339 0.0090 0.0056 0.0061 0.0067 0.0050 0.0127 
 H029.4_2003  2 0.0749 0.0455 0.7371 0.0313 0.0235 0.0284 0.0112 0.0160 0.0321 
 H029.5_2002  2 0.0121 0.0064 0.9443 0.0060 0.0072 0.0059 0.0074 0.0047 0.0060 
 H029.5_2003  2 0.0162 0.0133 0.8970 0.0104 0.0097 0.0246 0.0065 0.0085 0.0137 
 H029.6_2002  2 0.1162 0.0136 0.7883 0.0073 0.0058 0.0088 0.0085 0.0092 0.0423 
 H029.6_2003  2 0.0138 0.0162 0.8392 0.0133 0.0199 0.0589 0.0170 0.0103 0.0115 
      H029.7  2 0.0167 0.0085 0.9053 0.0092 0.0088 0.0097 0.0057 0.0150 0.0213 
      H030.1  2 0.2673 0.2165 0.0743 0.0124 0.0336 0.0553 0.3179 0.0165 0.0061 
      H030.2  2 0.2180 0.0717 0.1112 0.3628 0.0138 0.0146 0.1429 0.0062 0.0589 
      H038.1  2 0.0085 0.0080 0.8999 0.0089 0.0099 0.0072 0.0070 0.0227 0.0278 
      H038.2  2 0.0077 0.0059 0.9372 0.0122 0.0075 0.0077 0.0107 0.0048 0.0064 
      H038.3  2 0.0072 0.0199 0.8578 0.0297 0.0116 0.0069 0.0157 0.0064 0.0447 
      H038.4  2 0.0073 0.0160 0.8857 0.0182 0.0090 0.0068 0.0153 0.0082 0.0334 
      H038.5  2 0.0104 0.0445 0.8777 0.0089 0.0056 0.0087 0.0084 0.0046 0.0313 
      H038.6  2 0.0092 0.0065 0.9364 0.0091 0.0068 0.0101 0.0050 0.0055 0.0114 
      H038.7  2 0.0057 0.0172 0.9196 0.0146 0.0082 0.0085 0.0064 0.0056 0.0142 
      H038.8  2 0.0110 0.0125 0.8186 0.0192 0.0069 0.0069 0.0239 0.0063 0.0949 
      H041.1  2 0.1275 0.0407 0.7072 0.0125 0.0143 0.0156 0.0268 0.0219 0.0334 
      H041.2  2 0.0538 0.0113 0.8300 0.0278 0.0212 0.0113 0.0179 0.0082 0.0186 
      H041.4  2 0.0379 0.0196 0.8290 0.0113 0.0185 0.0148 0.0186 0.0305 0.0198 
      H041.6  2 0.0293 0.0111 0.8138 0.0285 0.0279 0.0101 0.0235 0.0379 0.0179 
 H042.1_2002  2 0.5914 0.0116 0.0171 0.1681 0.0762 0.0463 0.0368 0.0338 0.0186 
 H042.1_2003  2 0.0465 0.0211 0.2354 0.1179 0.1131 0.1859 0.0678 0.0289 0.1833 
 H042.2_2002  2 0.0885 0.0133 0.3783 0.4163 0.0060 0.0291 0.0104 0.0230 0.0351 
 H042.2_2003  2 0.0331 0.0150 0.6896 0.0502 0.1139 0.0325 0.0437 0.0138 0.0081 
 H042.3_2002  2 0.2193 0.0106 0.0099 0.6999 0.0091 0.0168 0.0129 0.0121 0.0092 
 H042.3_2003  2 0.0536 0.0238 0.0483 0.7603 0.0176 0.0421 0.0146 0.0180 0.0217 
 H042.4_2002  2 0.6175 0.0137 0.1094 0.0194 0.0532 0.0357 0.1058 0.0157 0.0295 
 H042.4_2003  2 0.4914 0.0211 0.2549 0.0155 0.0824 0.0208 0.0421 0.0636 0.0080 
      H042.5  2 0.8595 0.0134 0.0156 0.0096 0.0178 0.0195 0.0141 0.0456 0.0048 
      H042.6  2 0.6495 0.0119 0.0295 0.0347 0.0179 0.0153 0.0102 0.2206 0.0105 
      H042.7  2 0.3128 0.0336 0.0467 0.4399 0.0448 0.0182 0.0708 0.0269 0.0062 
      H042.8  2 0.5585 0.0173 0.0386 0.1951 0.0168 0.0491 0.0287 0.0487 0.0473 
   H042_2002  2 0.0216 0.0251 0.1388 0.2208 0.0802 0.0376 0.0226 0.4110 0.0424 
   H042_2003  2 0.0188 0.0331 0.1446 0.2688 0.0716 0.0326 0.0239 0.3749 0.0316 
      H043.1  2 0.0170 0.5605 0.0377 0.0258 0.0155 0.0184 0.0121 0.1417 0.1714 
      H043.2  2 0.0056 0.0119 0.0295 0.0133 0.0183 0.0103 0.0104 0.6580 0.2428 
      H043.3  2 0.0092 0.0998 0.4104 0.1052 0.0586 0.0146 0.0088 0.2493 0.0440 
      H043.4  2 0.0070 0.0173 0.0535 0.0247 0.0336 0.0102 0.0082 0.7058 0.1398 
      H043.5  2 0.0088 0.0598 0.1967 0.0966 0.0273 0.0114 0.0105 0.1412 0.4477 
      H043.6  2 0.0103 0.0163 0.3104 0.0676 0.0421 0.0142 0.0131 0.2133 0.3127 
      H043.7  2 0.0064 0.0571 0.0292 0.0370 0.1356 0.0064 0.0086 0.5991 0.1206 
      H043.8  2 0.0118 0.4662 0.0373 0.0778 0.0668 0.0171 0.0347 0.2453 0.0431 
      H043.9  2 0.0212 0.4616 0.1265 0.0315 0.0254 0.0129 0.0088 0.2261 0.0860 
      H047.1  2 0.0066 0.0512 0.6782 0.1397 0.0386 0.0284 0.0141 0.0286 0.0146 
      H047.2  2 0.0421 0.0466 0.7262 0.0125 0.0445 0.0755 0.0260 0.0173 0.0092 
      H047.3  2 0.0403 0.0531 0.5862 0.0263 0.0297 0.1382 0.0624 0.0563 0.0074 
      H047.4  2 0.0128 0.0346 0.8384 0.0207 0.0380 0.0174 0.0185 0.0140 0.0056 
      H047.5  2 0.0094 0.0513 0.5351 0.0796 0.0205 0.0791 0.0560 0.1632 0.0056 
      H047.6  2 0.0293 0.2125 0.5274 0.0287 0.0707 0.0358 0.0370 0.0330 0.0259 
      H047.7  2 0.0119 0.0491 0.6629 0.1629 0.0310 0.0174 0.0226 0.0195 0.0227 
      H047.8  2 0.0251 0.1079 0.4818 0.0611 0.0955 0.1128 0.0446 0.0484 0.0229 
      H047.9  2 0.0127 0.0222 0.6050 0.1447 0.0251 0.0407 0.0337 0.1111 0.0047 
 H071.1_2002  2 0.0069 0.0059 0.9322 0.0142 0.0093 0.0070 0.0069 0.0110 0.0066 
 H071.1_2003  2 0.0092 0.0077 0.6958 0.0132 0.0338 0.0151 0.0340 0.1794 0.0118 
     H071.10  2 0.0092 0.0186 0.9003 0.0283 0.0072 0.0054 0.0117 0.0073 0.0121 
 H071.2_2002  2 0.0060 0.0092 0.9106 0.0135 0.0112 0.0104 0.0095 0.0202 0.0095 
 H071.2_2003  2 0.0056 0.0048 0.9519 0.0053 0.0073 0.0063 0.0055 0.0098 0.0035 
      H071.3  2 0.0087 0.0165 0.9105 0.0203 0.0069 0.0086 0.0120 0.0066 0.0098 
 H071.4_2002  2 0.0110 0.0283 0.8656 0.0214 0.0115 0.0069 0.0219 0.0118 0.0215 
 H071.4_2003  2 0.0038 0.0107 0.9428 0.0109 0.0061 0.0079 0.0069 0.0072 0.0038 
 H071.5_2002  2 0.0077 0.0080 0.9366 0.0154 0.0064 0.0050 0.0077 0.0074 0.0059 
 H071.5_2003  2 0.0050 0.0195 0.9004 0.0152 0.0177 0.0123 0.0129 0.0118 0.0052 
 H071.6_2002  2 0.0062 0.0133 0.8824 0.0524 0.0088 0.0086 0.0093 0.0131 0.0061 
 H071.6_2003  2 0.0063 0.0151 0.9221 0.0166 0.0115 0.0064 0.0091 0.0081 0.0048 
 H071.7_2002  2 0.0052 0.0064 0.9436 0.0135 0.0072 0.0064 0.0041 0.0087 0.0049 
 H071.7_2003  2 0.0068 0.0141 0.9064 0.0170 0.0148 0.0086 0.0140 0.0124 0.0059 
      H071.8  2 0.0062 0.0080 0.9310 0.0095 0.0095 0.0077 0.0073 0.0135 0.0073 
      H071.9  2 0.0142 0.2151 0.6346 0.0276 0.0235 0.0080 0.0274 0.0281 0.0214 
 H081.1_2002  2 0.0062 0.0047 0.9360 0.0094 0.0070 0.0062 0.0078 0.0170 0.0057 
 H081.1_2003  2 0.0939 0.0228 0.1160 0.0473 0.1308 0.0709 0.0370 0.0379 0.4435 
 H081.2_2002  2 0.0069 0.0058 0.8966 0.0060 0.0129 0.0071 0.0072 0.0513 0.0061 
 H081.2_2003  2 0.0527 0.5115 0.0714 0.0201 0.0323 0.0193 0.0242 0.2517 0.0168 
 H081.3_2002  2 0.0096 0.0127 0.9058 0.0069 0.0136 0.0074 0.0094 0.0266 0.0079 
 H081.3_2003  2 0.0458 0.2417 0.0371 0.0256 0.0641 0.0305 0.0816 0.4417 0.0317 
 H081.4_2002  2 0.0075 0.0082 0.9359 0.0105 0.0104 0.0082 0.0081 0.0063 0.0049 
 H081.4_2003  2 0.1499 0.0549 0.0569 0.0298 0.3298 0.0905 0.1722 0.0790 0.0371 
 H081.5_2002  2 0.0074 0.0091 0.9340 0.0097 0.0120 0.0058 0.0074 0.0088 0.0059 
 H081.5_2003  2 0.0848 0.0365 0.1186 0.0462 0.3536 0.0449 0.0936 0.1756 0.0462 
      H081.6  2 0.0069 0.0053 0.9313 0.0120 0.0094 0.0075 0.0078 0.0141 0.0057 
      H081.7  2 0.0077 0.0092 0.8820 0.0076 0.0159 0.0068 0.0156 0.0495 0.0057 
      H081.8  2 0.0119 0.0207 0.8788 0.0174 0.0120 0.0075 0.0230 0.0137 0.0149 
      H083.1  2 0.0266 0.0115 0.9013 0.0152 0.0061 0.0095 0.0071 0.0111 0.0115 
      H083.2  2 0.0158 0.0171 0.8906 0.0128 0.0126 0.0101 0.0129 0.0200 0.0081 
      H083.4  2 0.0489 0.0145 0.8493 0.0190 0.0078 0.0073 0.0075 0.0280 0.0176 
      H083.5  2 0.0357 0.0108 0.8795 0.0108 0.0083 0.0107 0.0080 0.0154 0.0208 
      H083.6  2 0.0574 0.0110 0.8600 0.0113 0.0066 0.0130 0.0134 0.0157 0.0116 
      H083.7  2 0.0554 0.0199 0.8362 0.0118 0.0106 0.0100 0.0202 0.0185 0.0173 
      H083.8  2 0.0161 0.0187 0.8983 0.0080 0.0118 0.0140 0.0102 0.0155 0.0073 
      H083.9  2 0.0529 0.0079 0.8810 0.0098 0.0064 0.0095 0.0070 0.0136 0.0118 
      H084.1  2 0.0216 0.7651 0.0160 0.0093 0.0084 0.0110 0.0482 0.0135 0.1069 
      H084.2  2 0.0186 0.7985 0.0122 0.0152 0.0125 0.0142 0.0092 0.0083 0.1112 
      H084.3  2 0.0550 0.0674 0.0120 0.0551 0.0274 0.0362 0.4207 0.0120 0.3141 
      H084.4  2 0.0606 0.3095 0.0227 0.0507 0.0662 0.0381 0.1294 0.0091 0.3137 
      H084.5  2 0.0134 0.5727 0.0173 0.1622 0.0192 0.0155 0.0946 0.0120 0.0930 
      H084.6  2 0.0407 0.2348 0.0095 0.0343 0.0176 0.0079 0.4362 0.0125 0.2064 
      H084.7  2 0.0161 0.9075 0.0105 0.0086 0.0087 0.0106 0.0143 0.0080 0.0158 
      H084.8  2 0.0147 0.5471 0.0110 0.0196 0.0125 0.0162 0.1721 0.0084 0.1983 
 H085.1_2002  2 0.0334 0.0091 0.0357 0.0074 0.0081 0.0073 0.0085 0.8734 0.0171 
 H085.1_2003  2 0.1428 0.0413 0.6484 0.0106 0.0105 0.0116 0.0214 0.0920 0.0216 
 H085.2_2002  2 0.1232 0.0139 0.0265 0.0293 0.0864 0.0090 0.0413 0.5997 0.0707 
 H085.2_2003  2 0.0928 0.0326 0.7683 0.0151 0.0213 0.0200 0.0135 0.0250 0.0114 
 H085.3_2002  2 0.0188 0.0074 0.0136 0.0068 0.0207 0.0056 0.0103 0.9112 0.0055 
 H085.3_2003  2 0.0127 0.0131 0.8884 0.0096 0.0095 0.0101 0.0140 0.0373 0.0054 
 H085.4_2002  2 0.0286 0.0123 0.0836 0.0218 0.0274 0.0078 0.0148 0.7699 0.0338 
 H085.4_2003  2 0.0224 0.0078 0.8569 0.0305 0.0349 0.0074 0.0197 0.0121 0.0084 
 H085.5_2002  2 0.0070 0.0077 0.0149 0.0061 0.0153 0.0060 0.0094 0.9276 0.0061 
 H085.5_2003  2 0.0519 0.0118 0.8493 0.0119 0.0103 0.0139 0.0117 0.0302 0.0089 
 H085.6_2002  2 0.0180 0.0138 0.0128 0.0071 0.0120 0.0061 0.0079 0.9121 0.0100 
 H085.6_2003  2 0.0232 0.0468 0.4072 0.0206 0.2831 0.0425 0.0718 0.0958 0.0089 
 H085.7_2002  2 0.0858 0.0118 0.0727 0.0129 0.0779 0.0098 0.0139 0.6963 0.0189 
 H085.7_2003  2 0.0126 0.0223 0.8687 0.0172 0.0108 0.0134 0.0185 0.0250 0.0115 
 H085.8_2002  2 0.0215 0.0190 0.0533 0.0297 0.1988 0.0116 0.0738 0.5756 0.0168 
 H085.8_2003  2 0.4027 0.0403 0.3612 0.0267 0.0542 0.0218 0.0249 0.0496 0.0186 
      H085.9  2 0.0246 0.0091 0.0418 0.0132 0.0263 0.0081 0.0098 0.8389 0.0282 
      H088.1  2 0.8175 0.0226 0.0132 0.0097 0.0174 0.0581 0.0240 0.0253 0.0120 
      H088.2  2 0.8149 0.0194 0.0099 0.0149 0.0304 0.0199 0.0228 0.0601 0.0076 
      H088.3  2 0.8790 0.0228 0.0085 0.0144 0.0218 0.0134 0.0105 0.0217 0.0079 
      H088.4  2 0.7379 0.0659 0.0643 0.0163 0.0335 0.0445 0.0205 0.0082 0.0090 
      H088.5  2 0.9081 0.0158 0.0099 0.0100 0.0160 0.0111 0.0102 0.0088 0.0102 
      H088.6  2 0.8487 0.0317 0.0342 0.0120 0.0134 0.0225 0.0209 0.0089 0.0078 
      H088.7  2 0.4613 0.0535 0.3620 0.0202 0.0184 0.0301 0.0167 0.0243 0.0136 
      H088.8  2 0.3577 0.0468 0.4491 0.0164 0.0178 0.0590 0.0270 0.0096 0.0166 
      H091.1  2 0.8367 0.0256 0.0217 0.0470 0.0099 0.0118 0.0146 0.0254 0.0072 
      H091.2  2 0.7492 0.0168 0.0486 0.1097 0.0133 0.0149 0.0149 0.0264 0.0062 
      H109.1  2 0.0132 0.8642 0.0179 0.0146 0.0126 0.0153 0.0216 0.0239 0.0167 
      H109.2  2 0.0154 0.8037 0.0492 0.0199 0.0317 0.0104 0.0462 0.0131 0.0104 
      H109.3  2 0.0094 0.8909 0.0200 0.0114 0.0101 0.0279 0.0120 0.0092 0.0091 
      H109.4  2 0.0086 0.9071 0.0144 0.0103 0.0148 0.0112 0.0142 0.0089 0.0104 
      H109.5  2 0.0160 0.3859 0.4871 0.0164 0.0278 0.0192 0.0302 0.0122 0.0052 
      H109.6  2 0.0143 0.7625 0.0414 0.0246 0.0460 0.0245 0.0521 0.0184 0.0160 
      H126.1  2 0.0165 0.0474 0.0133 0.3231 0.2024 0.1076 0.0135 0.2651 0.0113 
      H126.2  2 0.0186 0.1243 0.1963 0.0731 0.0772 0.0616 0.0134 0.3922 0.0432 
      H126.3  2 0.0457 0.0144 0.1122 0.4733 0.0087 0.0158 0.0057 0.3133 0.0108 
      H126.4  2 0.0245 0.0536 0.0890 0.3267 0.2662 0.1423 0.0206 0.0470 0.0301 
      H126.5  2 0.0112 0.0126 0.1379 0.4325 0.2610 0.0647 0.0101 0.0607 0.0093 
      H126.6  2 0.0174 0.0068 0.3573 0.0808 0.0125 0.0114 0.0066 0.5012 0.0059 
      H126.7  2 0.0092 0.0095 0.8828 0.0321 0.0090 0.0135 0.0076 0.0315 0.0048 
      H130.1  2 0.0335 0.0358 0.0105 0.0083 0.8397 0.0217 0.0157 0.0248 0.0100 
      H130.2  2 0.1600 0.2708 0.0750 0.0090 0.1287 0.0598 0.2489 0.0335 0.0144 
      H130.3  2 0.0460 0.0434 0.0375 0.0091 0.0459 0.6613 0.1393 0.0113 0.0062 
      H130.4  2 0.0559 0.1268 0.0112 0.0111 0.5070 0.1173 0.0540 0.0715 0.0452 
      H130.5  2 0.1285 0.0352 0.0535 0.0082 0.3746 0.0169 0.3063 0.0689 0.0078 
      H133.1  2 0.0339 0.3953 0.0847 0.0160 0.1734 0.1148 0.0196 0.0333 0.1291 
      H133.2  2 0.0189 0.5140 0.0219 0.0237 0.1145 0.0253 0.0173 0.2529 0.0113 
      H133.3  2 0.0397 0.4280 0.1123 0.0251 0.0478 0.0472 0.0303 0.1103 0.1595 
      H133.4  2 0.0089 0.8017 0.0214 0.0128 0.0362 0.0305 0.0182 0.0246 0.0457 
      H133.5  2 0.0301 0.6404 0.0118 0.0201 0.0451 0.0852 0.0092 0.1349 0.0233 
      H133.6  2 0.0813 0.4797 0.0197 0.0216 0.1380 0.0333 0.0230 0.1926 0.0108 
      H133.7  2 0.0164 0.4388 0.0972 0.0190 0.1031 0.0153 0.0732 0.0647 0.1723 
      H133.8  2 0.0412 0.3578 0.0374 0.0763 0.0419 0.0526 0.0145 0.2437 0.1346 
      H133.9  2 0.0581 0.3833 0.0432 0.0176 0.1210 0.2034 0.0226 0.0246 0.1261 
      H147.1  2 0.0841 0.0144 0.7075 0.0302 0.0463 0.0071 0.0543 0.0344 0.0218 
      H147.2  2 0.0106 0.0052 0.9256 0.0097 0.0119 0.0056 0.0090 0.0157 0.0068 
      H147.3  2 0.0090 0.0063 0.9041 0.0081 0.0163 0.0099 0.0139 0.0260 0.0064 
      H147.4  2 0.0127 0.0067 0.9121 0.0075 0.0064 0.0076 0.0109 0.0156 0.0206 
      H147.5  2 0.1087 0.0124 0.7602 0.0106 0.0163 0.0198 0.0354 0.0278 0.0088 
      H147.6  2 0.1246 0.0237 0.7157 0.0154 0.0199 0.0263 0.0385 0.0261 0.0098 
      H147.7  2 0.0114 0.0078 0.8874 0.0108 0.0103 0.0124 0.0207 0.0106 0.0286 
      H147.8  2 0.0727 0.0146 0.8185 0.0191 0.0047 0.0088 0.0113 0.0152 0.0351 
      H147.9  2 0.0067 0.0061 0.9204 0.0079 0.0157 0.0085 0.0113 0.0181 0.0054 
      H148.1  2 0.0610 0.1072 0.0166 0.0562 0.5577 0.0123 0.0976 0.0177 0.0740 
      H148.2  2 0.0296 0.1024 0.0278 0.0956 0.1869 0.0177 0.3851 0.0421 0.1128 
      H148.3  2 0.0116 0.0115 0.0250 0.0547 0.0252 0.0167 0.7542 0.0142 0.0870 
      H148.4  2 0.0167 0.0197 0.0236 0.0655 0.6616 0.0247 0.0990 0.0158 0.0734 
      H148.5  2 0.0277 0.0248 0.0123 0.0330 0.0214 0.0303 0.7656 0.0123 0.0726 
      H148.6  2 0.0862 0.0300 0.0283 0.0344 0.2386 0.0119 0.3282 0.0176 0.2248 
      H148.7  2 0.0383 0.1433 0.0107 0.0711 0.0712 0.1087 0.4510 0.0129 0.0926 
      H148.8  2 0.0319 0.0083 0.0136 0.0158 0.2490 0.0158 0.5740 0.0131 0.0785 
      H148.9  2 0.0269 0.0870 0.0085 0.2294 0.0566 0.0361 0.1957 0.0816 0.2782 
   H166022.1  2 0.9170 0.0094 0.0161 0.0082 0.0096 0.0062 0.0115 0.0106 0.0115 
   H166022.2  2 0.8132 0.0358 0.0466 0.0144 0.0214 0.0213 0.0175 0.0170 0.0127 
   H166022.3  2 0.9324 0.0116 0.0069 0.0062 0.0090 0.0112 0.0105 0.0061 0.0060 
   H166022.4  2 0.9261 0.0108 0.0093 0.0085 0.0080 0.0166 0.0083 0.0052 0.0072 
   H166022.5  2 0.9166 0.0194 0.0108 0.0082 0.0110 0.0120 0.0098 0.0074 0.0046 
   H166022.6  2 0.8986 0.0130 0.0094 0.0074 0.0202 0.0141 0.0118 0.0081 0.0175 
   H166022.7  2 0.0058 0.9138 0.0065 0.0067 0.0091 0.0188 0.0064 0.0072 0.0259 
   H166022.8  2 0.8003 0.0210 0.0214 0.0143 0.0796 0.0176 0.0185 0.0164 0.0109 
   H167397.1  2 0.0613 0.0231 0.1906 0.0397 0.0317 0.0110 0.0521 0.0088 0.5815 
   H167397.2  2 0.0557 0.0135 0.0598 0.0321 0.0923 0.0218 0.0251 0.0593 0.6404 
   H167397.3  2 0.0623 0.0186 0.1116 0.0476 0.0422 0.0125 0.0190 0.0082 0.6780 
   H167397.4  2 0.0246 0.0166 0.0473 0.0199 0.0093 0.0125 0.0281 0.0338 0.8081 
   H167397.5  2 0.0424 0.0281 0.0802 0.0336 0.0627 0.0190 0.0495 0.0097 0.6749 
   H167397.6  2 0.0319 0.0166 0.0658 0.1080 0.0264 0.0211 0.0149 0.0111 0.7042 
   H167496.1  2 0.3314 0.1800 0.0370 0.0595 0.0915 0.0400 0.2364 0.0121 0.0121 
   H167496.2  2 0.0347 0.1761 0.2370 0.1207 0.2180 0.0358 0.1381 0.0239 0.0156 
   H167496.3  2 0.2650 0.0184 0.0678 0.0197 0.2027 0.0563 0.1145 0.2405 0.0149 
   H167496.4  2 0.9102 0.0095 0.0246 0.0135 0.0092 0.0095 0.0073 0.0103 0.0059 
   H167496.6  2 0.7108 0.0349 0.0810 0.0303 0.0545 0.0506 0.0136 0.0147 0.0096 
   H167496.7  2 0.0540 0.0316 0.0215 0.1281 0.6058 0.0282 0.1107 0.0120 0.0081 
   H167496.8  2 0.6081 0.0493 0.1230 0.0803 0.0744 0.0231 0.0141 0.0170 0.0107 
   H167513.1  2 0.0200 0.8568 0.0139 0.0130 0.0251 0.0219 0.0114 0.0189 0.0189 
   H167513.2  2 0.0200 0.6691 0.0177 0.0318 0.0938 0.0187 0.0478 0.0314 0.0697 
   H167513.3  2 0.0270 0.7743 0.0122 0.0160 0.0135 0.0983 0.0364 0.0124 0.0098 
   H167513.4  2 0.1293 0.7239 0.0134 0.0115 0.0198 0.0160 0.0555 0.0191 0.0113 
   H167513.5  2 0.0190 0.7701 0.0230 0.0113 0.0413 0.0103 0.0164 0.0439 0.0647 
   H167513.6  2 0.0638 0.7082 0.0239 0.0231 0.0455 0.0175 0.0246 0.0716 0.0217 
   H167513.7  2 0.0479 0.8360 0.0175 0.0117 0.0125 0.0121 0.0084 0.0238 0.0301 
   H167513.8  2 0.0088 0.9229 0.0074 0.0082 0.0072 0.0180 0.0070 0.0092 0.0113 
   H167547.1  2 0.0465 0.0147 0.0140 0.0188 0.4997 0.0312 0.3100 0.0099 0.0551 
   H167547.2  2 0.2185 0.0203 0.0298 0.1113 0.1775 0.0143 0.3622 0.0112 0.0550 
   H167547.3  2 0.2560 0.0186 0.0245 0.0944 0.1782 0.0151 0.3649 0.0119 0.0363 
   H167547.4  2 0.6618 0.0216 0.0123 0.0149 0.1169 0.0507 0.0423 0.0237 0.0558 
   H167547.5  2 0.3571 0.0164 0.0202 0.0447 0.0245 0.0345 0.4804 0.0111 0.0111 
   H167547.6  2 0.3780 0.0158 0.0191 0.0388 0.0255 0.0235 0.4791 0.0078 0.0124 
   H167547.7  2 0.0321 0.1586 0.0366 0.0185 0.3108 0.0374 0.1903 0.1878 0.0280 
   H169750.1  2 0.1020 0.5167 0.0316 0.0247 0.2020 0.0647 0.0220 0.0261 0.0102 
   H169750.2  2 0.0230 0.2009 0.2587 0.0429 0.1660 0.1309 0.0572 0.0600 0.0604 
   H169750.3  2 0.0214 0.7747 0.0277 0.0105 0.0520 0.0393 0.0265 0.0433 0.0046 
   H169750.4  2 0.0202 0.1272 0.0432 0.0329 0.3547 0.2759 0.0187 0.0454 0.0817 
   H169750.5  2 0.0772 0.7022 0.0627 0.0184 0.0517 0.0298 0.0127 0.0340 0.0113 
   H169750.6  2 0.0366 0.3603 0.4344 0.0157 0.0429 0.0475 0.0165 0.0347 0.0113 
   H169750.7  2 0.0194 0.2768 0.0691 0.0719 0.1330 0.2005 0.0435 0.1594 0.0263 
   H171929.1  2 0.0190 0.0649 0.0159 0.0126 0.0390 0.0216 0.0301 0.2452 0.5517 
  H171929.10  2 0.1315 0.1402 0.0759 0.0303 0.0290 0.0255 0.1402 0.2681 0.1594 
  H171929.11  2 0.0195 0.1383 0.0205 0.0234 0.0261 0.0494 0.0692 0.2073 0.4463 
   H171929.2  2 0.0146 0.8048 0.0117 0.0081 0.0411 0.0106 0.0773 0.0195 0.0124 
   H171929.3  2 0.0364 0.6053 0.0358 0.0180 0.0286 0.0230 0.0761 0.0230 0.1539 
   H171929.4  2 0.1543 0.2626 0.0496 0.0081 0.1867 0.0464 0.1161 0.1676 0.0084 
   H171929.5  2 0.0323 0.7368 0.0175 0.0277 0.0161 0.0195 0.0593 0.0196 0.0711 
   H171929.6  2 0.0150 0.8048 0.0140 0.0166 0.0127 0.0125 0.0164 0.0159 0.0922 
   H171929.7  2 0.0251 0.3747 0.0265 0.0113 0.1833 0.0397 0.0487 0.2535 0.0371 
   H171929.8  2 0.0329 0.2436 0.0236 0.0102 0.2068 0.0274 0.0879 0.3369 0.0307 
   H171929.9  2 0.0621 0.3603 0.0296 0.0103 0.0754 0.0193 0.0248 0.4102 0.0081 
   H171930.1  2 0.0098 0.9150 0.0103 0.0147 0.0091 0.0145 0.0094 0.0049 0.0123 
   H171930.2  2 0.0942 0.5823 0.0367 0.0366 0.0398 0.0478 0.1347 0.0183 0.0096 
   H171930.3  2 0.0151 0.8744 0.0097 0.0255 0.0071 0.0183 0.0240 0.0084 0.0175 
   H171930.4  2 0.0554 0.7787 0.0091 0.0491 0.0120 0.0503 0.0270 0.0055 0.0128 
   H171930.5  2 0.0311 0.7759 0.0280 0.0269 0.0343 0.0396 0.0333 0.0165 0.0144 
   H171930.6  2 0.0514 0.5138 0.0640 0.1744 0.0173 0.0645 0.0986 0.0067 0.0093 
   H171930.7  2 0.0096 0.9017 0.0113 0.0142 0.0113 0.0095 0.0107 0.0059 0.0257 
   H171930.8  2 0.0107 0.8938 0.0136 0.0111 0.0162 0.0114 0.0181 0.0070 0.0182 
   H171933.1  2 0.8665 0.0221 0.0076 0.0116 0.0096 0.0075 0.0283 0.0100 0.0368 
   H171933.2  2 0.8629 0.0107 0.0150 0.0230 0.0108 0.0066 0.0103 0.0219 0.0386 
   H171933.3  2 0.8570 0.0147 0.0078 0.0201 0.0102 0.0145 0.0325 0.0280 0.0152 
   H171933.4  2 0.8417 0.0193 0.0086 0.0068 0.0200 0.0132 0.0683 0.0166 0.0055 
   H171933.5  2 0.4383 0.0950 0.0095 0.0167 0.1195 0.1180 0.1752 0.0178 0.0098 
   H171933.6  2 0.9195 0.0113 0.0188 0.0104 0.0086 0.0095 0.0078 0.0092 0.0049 
   H171933.7  2 0.7100 0.0172 0.0133 0.0936 0.0162 0.0225 0.0468 0.0578 0.0226 
   H171933.8  2 0.7039 0.0411 0.0173 0.0273 0.0270 0.0104 0.0945 0.0385 0.0400 
   H171933.9  2 0.9294 0.0099 0.0079 0.0056 0.0084 0.0129 0.0142 0.0073 0.0043 
      H190.1  2 0.0773 0.1248 0.0371 0.0345 0.0856 0.1471 0.4751 0.0115 0.0069 
      H190.2  2 0.0108 0.0230 0.0914 0.5080 0.0543 0.0127 0.1864 0.1060 0.0074 
      H190.3  2 0.0645 0.0492 0.0568 0.1035 0.2269 0.0297 0.3341 0.1210 0.0142 
      H190.4  2 0.1155 0.0690 0.0108 0.0082 0.0367 0.0318 0.7071 0.0135 0.0075 
      H190.5  2 0.0231 0.0368 0.1150 0.5929 0.0337 0.0256 0.0547 0.1112 0.0070 
      H190.6  2 0.0676 0.0454 0.0153 0.0082 0.0316 0.0241 0.7846 0.0150 0.0082 
      H190.7  2 0.0479 0.0168 0.0250 0.0154 0.1418 0.0511 0.1617 0.5234 0.0169 
      H190.8  2 0.0230 0.0467 0.0651 0.3635 0.0685 0.0447 0.2485 0.1337 0.0063 
      H190.9  2 0.0268 0.0429 0.0287 0.0593 0.1552 0.0347 0.3645 0.2739 0.0140 
      H400.1  2 0.9153 0.0162 0.0088 0.0118 0.0119 0.0092 0.0086 0.0104 0.0077 
      H400.2  2 0.8983 0.0146 0.0216 0.0231 0.0069 0.0070 0.0081 0.0111 0.0095 
      H400.3  2 0.8290 0.0334 0.0113 0.0485 0.0161 0.0157 0.0154 0.0141 0.0166 
      H400.4  2 0.8609 0.0362 0.0250 0.0135 0.0095 0.0128 0.0226 0.0130 0.0064 
      H400.5  2 0.8853 0.0310 0.0120 0.0125 0.0141 0.0104 0.0159 0.0096 0.0092 
      H400.6  2 0.9083 0.0096 0.0126 0.0182 0.0083 0.0085 0.0079 0.0213 0.0054 
      H400.7  2 0.9051 0.0191 0.0067 0.0156 0.0101 0.0077 0.0158 0.0137 0.0061 
 H428.1_2005  2 0.9335 0.0093 0.0084 0.0070 0.0057 0.0109 0.0081 0.0100 0.0072 
 H428.1_2006  2 0.9103 0.0091 0.0211 0.0076 0.0104 0.0084 0.0067 0.0187 0.0078 
 H428.2_2005  2 0.9373 0.0104 0.0067 0.0061 0.0090 0.0072 0.0093 0.0056 0.0084 
 H428.2_2006  2 0.8895 0.0095 0.0462 0.0076 0.0072 0.0085 0.0105 0.0114 0.0096 
 H428.3_2005  2 0.9453 0.0082 0.0082 0.0066 0.0069 0.0072 0.0062 0.0071 0.0043 
 H428.3_2006  2 0.9206 0.0085 0.0226 0.0083 0.0064 0.0101 0.0066 0.0083 0.0085 
 H428.4_2005  2 0.9482 0.0090 0.0050 0.0048 0.0049 0.0088 0.0081 0.0053 0.0059 
 H428.4_2006  2 0.9390 0.0051 0.0102 0.0046 0.0056 0.0077 0.0062 0.0128 0.0087 
 H428.5_2005  2 0.9225 0.0074 0.0146 0.0048 0.0065 0.0052 0.0071 0.0070 0.0249 
 H428.6_2005  2 0.9276 0.0093 0.0103 0.0076 0.0099 0.0099 0.0074 0.0132 0.0049 
 H428.6_2006  2 0.8285 0.0127 0.0306 0.0058 0.0073 0.0339 0.0119 0.0347 0.0347 
      H428.7  2 0.9499 0.0046 0.0096 0.0051 0.0051 0.0062 0.0058 0.0090 0.0046 
      H428.8  2 0.9145 0.0078 0.0171 0.0071 0.0057 0.0125 0.0111 0.0102 0.0138 
      H428.9  2 0.9414 0.0072 0.0090 0.0048 0.0052 0.0053 0.0080 0.0062 0.0130 
      H453.1  2 0.8589 0.0202 0.0488 0.0080 0.0144 0.0193 0.0115 0.0121 0.0068 
      H453.2  2 0.8660 0.0260 0.0144 0.0143 0.0181 0.0220 0.0117 0.0211 0.0064 
      H453.3  2 0.8498 0.0174 0.0112 0.0107 0.0388 0.0144 0.0219 0.0305 0.0052 
      H453.4  2 0.8614 0.0380 0.0126 0.0140 0.0316 0.0135 0.0101 0.0140 0.0047 
      H453.5  2 0.8492 0.0123 0.0634 0.0096 0.0105 0.0158 0.0220 0.0102 0.0070 
      H453.6  2 0.8902 0.0098 0.0555 0.0061 0.0048 0.0090 0.0114 0.0074 0.0057 
      H453.7  2 0.0671 0.0571 0.2397 0.0091 0.3701 0.0150 0.0590 0.1779 0.0049 
      H453.8  2 0.1036 0.0898 0.1894 0.0099 0.4904 0.0316 0.0450 0.0324 0.0079 
      H453.9  2 0.2435 0.0646 0.4487 0.0108 0.0653 0.0292 0.0175 0.1135 0.0070 
      H512.1  2 0.7066 0.0162 0.0260 0.0123 0.0243 0.0943 0.0969 0.0188 0.0046 
     H512.10  2 0.1427 0.0299 0.0652 0.0243 0.0402 0.3554 0.2617 0.0138 0.0669 
      H512.2  2 0.2818 0.0214 0.0325 0.0531 0.0751 0.2435 0.2534 0.0200 0.0193 
      H512.3  2 0.1214 0.0540 0.0198 0.0860 0.0368 0.6132 0.0313 0.0122 0.0254 
      H512.4  2 0.1729 0.0281 0.0658 0.0232 0.0540 0.0463 0.5811 0.0141 0.0145 
      H512.5  2 0.0633 0.0574 0.0168 0.0565 0.0271 0.7164 0.0301 0.0092 0.0230 
      H512.6  2 0.1038 0.0664 0.0156 0.0906 0.2276 0.2891 0.1825 0.0175 0.0069 
      H512.7  2 0.1078 0.0434 0.0346 0.0432 0.0132 0.7240 0.0100 0.0104 0.0134 
      H512.8  2 0.1470 0.0590 0.0235 0.1286 0.0652 0.2729 0.2746 0.0181 0.0112 
      H512.9  2 0.2170 0.0243 0.0244 0.0400 0.0314 0.5703 0.0189 0.0500 0.0239 
      H513.1  2 0.9347 0.0086 0.0109 0.0077 0.0078 0.0049 0.0067 0.0088 0.0099 
      H513.2  2 0.9245 0.0137 0.0148 0.0055 0.0084 0.0051 0.0088 0.0071 0.0122 
      H513.3  2 0.9424 0.0128 0.0065 0.0067 0.0083 0.0063 0.0064 0.0063 0.0044 
      H513.4  2 0.9042 0.0154 0.0223 0.0155 0.0079 0.0106 0.0111 0.0083 0.0047 
      H513.5  2 0.9103 0.0246 0.0088 0.0069 0.0067 0.0135 0.0080 0.0100 0.0114 
      H513.6  2 0.4520 0.1033 0.0217 0.0099 0.0229 0.0185 0.0452 0.0231 0.3035 
      H532.1  2 0.4416 0.0710 0.3254 0.0248 0.0270 0.0334 0.0164 0.0351 0.0252 
      H532.2  2 0.6213 0.0218 0.0709 0.0084 0.0410 0.0100 0.1926 0.0215 0.0126 
      H532.3  2 0.4865 0.0174 0.1217 0.0072 0.0721 0.0274 0.2433 0.0178 0.0065 
      H532.4  2 0.2249 0.0133 0.5411 0.0119 0.1152 0.0170 0.0204 0.0403 0.0159 
      H532.5  2 0.8314 0.0393 0.0473 0.0084 0.0137 0.0101 0.0244 0.0126 0.0129 
      H532.6  2 0.5244 0.0168 0.3125 0.0126 0.0733 0.0177 0.0170 0.0119 0.0138 
      H532.7  2 0.2962 0.0190 0.5756 0.0073 0.0120 0.0388 0.0192 0.0180 0.0139 
      H532.8  2 0.2418 0.0758 0.4795 0.0128 0.0221 0.0343 0.0508 0.0574 0.0256 
      H543.1  2 0.0167 0.0064 0.0058 0.0042 0.0072 0.0066 0.0091 0.0087 0.9352 
      H543.2  2 0.0414 0.0148 0.0112 0.0072 0.0070 0.0101 0.0290 0.0147 0.8645 
      H543.3  2 0.0131 0.0058 0.0100 0.0050 0.0069 0.0090 0.0062 0.0109 0.9331 
      H543.4  2 0.0071 0.0051 0.0047 0.0054 0.0078 0.0051 0.0146 0.0072 0.9431 
      H543.5  2 0.0081 0.0070 0.0045 0.0072 0.0052 0.0055 0.0111 0.0067 0.9446 
      H543.6  2 0.0219 0.0283 0.0079 0.0041 0.0249 0.0089 0.0199 0.0846 0.7995 
      H543.7  2 0.0046 0.0049 0.0048 0.0046 0.0058 0.0037 0.0063 0.0052 0.9602 
      H543.8  2 0.0221 0.0141 0.0172 0.0067 0.0075 0.0087 0.0120 0.0178 0.8938 
      H543.9  2 0.0127 0.0066 0.0080 0.0055 0.0049 0.0087 0.0091 0.0216 0.9230 
 H545.1_2005  2 0.0038 0.0050 0.0035 0.0043 0.0045 0.0047 0.0034 0.0037 0.9671 
 H545.1_2006  2 0.0056 0.0059 0.0075 0.0078 0.0058 0.0060 0.0069 0.0057 0.9488 
 H545.2_2005  2 0.0087 0.0094 0.0072 0.0141 0.0062 0.0102 0.0066 0.0058 0.9319 
 H545.2_2006  2 0.0057 0.0064 0.0049 0.0042 0.0052 0.0055 0.0047 0.0052 0.9582 
 H545.3_2005  2 0.0078 0.0090 0.0056 0.0107 0.0082 0.0162 0.0081 0.0077 0.9268 
 H545.3_2006  2 0.0057 0.0080 0.0072 0.0094 0.0048 0.0044 0.0049 0.0052 0.9503 
 H545.4_2005  2 0.0054 0.0061 0.0064 0.0102 0.0082 0.0081 0.0095 0.0081 0.9382 
 H545.4_2006  2 0.0058 0.0069 0.0048 0.0108 0.0063 0.0071 0.0052 0.0065 0.9465 
 H545.5_2005  2 0.0072 0.0082 0.0077 0.0075 0.0047 0.0056 0.0061 0.0059 0.9471 
 H545.5_2006  2 0.0076 0.0097 0.0057 0.0059 0.0085 0.0126 0.0066 0.0057 0.9377 
 H545.6_2005  2 0.0047 0.0052 0.0045 0.0035 0.0045 0.0045 0.0037 0.0038 0.9656 
 H545.6_2006  2 0.0063 0.0055 0.0061 0.0070 0.0045 0.0060 0.0049 0.0067 0.9531 
 H545.7_2005  2 0.0063 0.0081 0.0055 0.0045 0.0048 0.0047 0.0042 0.0047 0.9572 
 H545.7_2006  2 0.0064 0.0092 0.0081 0.0118 0.0062 0.0060 0.0049 0.0086 0.9387 
 H545.8_2005  2 0.0147 0.0087 0.0088 0.0086 0.0090 0.0111 0.0097 0.0079 0.9215 
 H545.8_2006  2 0.0058 0.0055 0.0052 0.0050 0.0056 0.0055 0.0052 0.0047 0.9574 
      H545.9  2 0.0058 0.0082 0.0052 0.0063 0.0079 0.0091 0.0061 0.0063 0.9452 
      H547.1  2 0.8945 0.0089 0.0068 0.0098 0.0138 0.0322 0.0105 0.0163 0.0072 
      H547.2  2 0.7703 0.0074 0.0124 0.1226 0.0128 0.0089 0.0381 0.0156 0.0118 
      H547.3  2 0.6875 0.0125 0.0071 0.0100 0.1263 0.0952 0.0266 0.0158 0.0190 
      H547.4  2 0.7928 0.0097 0.0329 0.0261 0.0389 0.0562 0.0188 0.0138 0.0108 
      H547.5  2 0.8038 0.0070 0.0048 0.0641 0.0133 0.0189 0.0706 0.0100 0.0075 
      H547.6  2 0.9034 0.0086 0.0081 0.0096 0.0167 0.0090 0.0097 0.0093 0.0255 
      H547.7  2 0.7857 0.0170 0.0100 0.0116 0.0539 0.0685 0.0185 0.0139 0.0209 
      H547.8  2 0.9028 0.0085 0.0052 0.0089 0.0183 0.0196 0.0096 0.0154 0.0116 
      H548.1  2 0.0073 0.0081 0.0051 0.0080 0.0081 0.0080 0.0055 0.0050 0.9449 
      H548.2  2 0.0063 0.0096 0.0076 0.0088 0.0081 0.0101 0.0091 0.0070 0.9335 
      H548.3  2 0.0065 0.0095 0.0070 0.0066 0.0085 0.0062 0.0069 0.0080 0.9408 
      H548.4  2 0.0105 0.0346 0.0302 0.0236 0.0234 0.0177 0.0148 0.0104 0.8348 
      H548.5  2 0.0066 0.0086 0.0065 0.0082 0.0048 0.0051 0.0060 0.0049 0.9493 
      H548.6  2 0.0068 0.0099 0.0069 0.0065 0.0092 0.0126 0.0079 0.0045 0.9357 
      H548.7  2 0.0071 0.0119 0.0070 0.0086 0.0096 0.0061 0.0055 0.0060 0.9380 
      H548.8  2 0.0045 0.0082 0.0095 0.0064 0.0070 0.0081 0.0083 0.0069 0.9412 
      H548.9  2 0.0089 0.0117 0.0130 0.0093 0.0131 0.0124 0.0138 0.0145 0.9034 
     H7389.1  2 0.9011 0.0136 0.0089 0.0077 0.0117 0.0083 0.0286 0.0110 0.0092 
     H7389.2  2 0.8702 0.0080 0.0113 0.0053 0.0076 0.0063 0.0418 0.0055 0.0439 
     H7389.3  2 0.9010 0.0081 0.0106 0.0063 0.0048 0.0084 0.0380 0.0077 0.0151 
     H7389.4  2 0.8634 0.0222 0.0220 0.0099 0.0055 0.0075 0.0067 0.0232 0.0397 
     H7389.5  2 0.8111 0.0786 0.0213 0.0130 0.0120 0.0140 0.0102 0.0201 0.0197 
     H7389.6  2 0.4742 0.4466 0.0313 0.0082 0.0063 0.0096 0.0115 0.0058 0.0064 
     H7389.7  2 0.8784 0.0142 0.0187 0.0078 0.0074 0.0055 0.0348 0.0094 0.0238 
     H7389.8  2 0.5885 0.1534 0.0190 0.0119 0.0207 0.0165 0.0237 0.0234 0.1429 
     H7389.9  2 0.8207 0.0621 0.0386 0.0053 0.0076 0.0089 0.0116 0.0104 0.0348 
      H747.1  2 0.0458 0.6162 0.0204 0.0336 0.0197 0.1054 0.0990 0.0433 0.0166 
      H747.2  2 0.0069 0.9196 0.0055 0.0129 0.0104 0.0175 0.0142 0.0054 0.0074 
      H747.3  2 0.0139 0.7341 0.0074 0.0232 0.0185 0.1532 0.0258 0.0162 0.0079 
      H747.4  2 0.0107 0.7607 0.0147 0.0667 0.0169 0.0834 0.0314 0.0080 0.0074 
      H747.5  2 0.0089 0.8574 0.0063 0.0178 0.0118 0.0669 0.0158 0.0071 0.0081 
      H747.6  2 0.0110 0.9214 0.0076 0.0084 0.0085 0.0094 0.0151 0.0077 0.0109 
      H747.7  2 0.0165 0.8695 0.0084 0.0115 0.0241 0.0302 0.0143 0.0128 0.0128 
     H7484.1  2 0.0363 0.0523 0.2181 0.0700 0.0227 0.0208 0.0098 0.5648 0.0053 
     H7484.2  2 0.0137 0.0958 0.1210 0.1524 0.0638 0.0166 0.0190 0.5105 0.0073 
     H7484.3  2 0.0155 0.1492 0.2951 0.1476 0.1423 0.0347 0.0146 0.1919 0.0092 
     H7484.4  2 0.0192 0.0497 0.0631 0.0846 0.0276 0.0129 0.0107 0.7275 0.0047 
     H7484.5  2 0.0147 0.2337 0.4937 0.0437 0.1281 0.0111 0.0322 0.0306 0.0123 
     H7484.6  2 0.0122 0.3733 0.0342 0.2351 0.1785 0.0992 0.0340 0.0239 0.0096 
     H7484.7  2 0.0196 0.1426 0.2091 0.0298 0.3206 0.0754 0.0123 0.1842 0.0063 
     H7484.8  2 0.1288 0.1530 0.3011 0.1528 0.1426 0.0140 0.0352 0.0653 0.0072 
     H7485.1  2 0.0062 0.0066 0.0089 0.0088 0.0084 0.0075 0.0104 0.0111 0.9321 
     H7485.2  2 0.0092 0.0181 0.0078 0.0054 0.0057 0.0041 0.0050 0.0181 0.9266 
     H7485.3  2 0.0051 0.0058 0.0060 0.0099 0.0055 0.0051 0.0052 0.0057 0.9517 
     H7485.4  2 0.0096 0.0207 0.0071 0.0062 0.0067 0.0055 0.0045 0.0165 0.9233 
     H7485.5  2 0.0085 0.0075 0.0094 0.0115 0.0139 0.0070 0.0079 0.0143 0.9200 
     H7485.6  2 0.0076 0.0074 0.0143 0.0089 0.0092 0.0063 0.0107 0.0127 0.9230 
     H7485.7  2 0.0066 0.0066 0.0080 0.0160 0.0088 0.0084 0.0062 0.0089 0.9304 
     H7496.1  2 0.8512 0.0213 0.0364 0.0207 0.0215 0.0150 0.0176 0.0107 0.0056 
    H7496.10  2 0.8795 0.0174 0.0253 0.0158 0.0126 0.0059 0.0091 0.0286 0.0057 
    H7496.11  2 0.0322 0.0345 0.1015 0.0346 0.0162 0.0318 0.0125 0.0114 0.7253 
     H7496.2  2 0.8232 0.0367 0.0265 0.0197 0.0279 0.0202 0.0111 0.0288 0.0059 
     H7496.3  2 0.1675 0.0415 0.5782 0.0410 0.0343 0.0307 0.0237 0.0750 0.0080 
     H7496.4  2 0.8625 0.0349 0.0184 0.0277 0.0179 0.0131 0.0096 0.0096 0.0064 
     H7496.5  2 0.8438 0.0189 0.0227 0.0378 0.0173 0.0266 0.0166 0.0090 0.0072 
     H7496.6  2 0.8197 0.0177 0.0365 0.0197 0.0231 0.0578 0.0110 0.0100 0.0044 
     H7496.7  2 0.8794 0.0159 0.0241 0.0125 0.0175 0.0106 0.0089 0.0253 0.0058 
     H7496.8  2 0.4856 0.1317 0.1002 0.0257 0.1602 0.0230 0.0163 0.0445 0.0129 
        UNK4  2 0.2152 0.5358 0.0220 0.0367 0.0859 0.0098 0.0399 0.0128 0.0419 
        UNK5  2 0.7194 0.0249 0.0289 0.0728 0.0178 0.0047 0.0098 0.0583 0.0634 
        UNK6  2 0.5483 0.1805 0.0333 0.0236 0.0455 0.0143 0.1173 0.0135 0.0238 
        UNK7  2 0.7636 0.0179 0.0139 0.0202 0.0099 0.0073 0.0084 0.0114 0.1474 
        UNK8  2 0.6399 0.0390 0.0190 0.0166 0.0492 0.0068 0.0099 0.0174 0.2021 
        UNK9  2 0.2819 0.3709 0.1510 0.0276 0.0140 0.0090 0.0180 0.0140 0.1137 
      H009.1  4 0.0069 0.0072 0.0054 0.0049 0.9367 0.0176 0.0070 0.0088 0.0055 
      H009.2  4 0.0103 0.0381 0.0080 0.0154 0.7327 0.1385 0.0282 0.0226 0.0062 
      H009.3  4 0.0064 0.0077 0.0107 0.0062 0.9254 0.0168 0.0068 0.0146 0.0054 
      H009.4  4 0.0061 0.0135 0.0086 0.0101 0.8865 0.0520 0.0073 0.0095 0.0063 
      H009.5  4 0.0068 0.1259 0.0102 0.0164 0.5731 0.0392 0.0170 0.1841 0.0272 
      H009.6  4 0.0063 0.0053 0.0089 0.0099 0.9290 0.0131 0.0068 0.0119 0.0087 
      H046.4  4 0.0577 0.0378 0.3483 0.0406 0.2160 0.1833 0.0580 0.0258 0.0325 
      H046.8  4 0.0407 0.0381 0.0468 0.3837 0.1723 0.0680 0.1946 0.0236 0.0321 
 H076.1_2002  4 0.0164 0.0132 0.0104 0.0083 0.0067 0.0186 0.8967 0.0155 0.0143 
 H076.1_2003  4 0.0060 0.0063 0.0067 0.0103 0.0088 0.0090 0.9389 0.0059 0.0080 
 H076.1_2004  4 0.0073 0.0083 0.0123 0.0232 0.0081 0.0153 0.9062 0.0102 0.0091 
 H076.2_2002  4 0.0188 0.0104 0.0076 0.0083 0.0057 0.0206 0.8933 0.0198 0.0156 
 H076.2_2003  4 0.0076 0.0106 0.0064 0.0199 0.0119 0.0098 0.9102 0.0095 0.0141 
 H076.2_2004  4 0.0194 0.0100 0.0126 0.0166 0.0175 0.2673 0.6327 0.0151 0.0087 
 H076.3_2002  4 0.0145 0.0168 0.0485 0.0148 0.0548 0.4138 0.3940 0.0350 0.0078 
 H076.3_2003  4 0.0181 0.0161 0.0149 0.0409 0.0109 0.0183 0.8005 0.0103 0.0701 
 H076.3_2004  4 0.0097 0.0081 0.0172 0.0175 0.0114 0.0076 0.9048 0.0094 0.0143 
 H076.4_2002  4 0.0265 0.0171 0.0236 0.1305 0.0561 0.0625 0.5811 0.0888 0.0136 
 H076.4_2003  4 0.0082 0.0105 0.0090 0.0107 0.0348 0.0375 0.8743 0.0080 0.0070 
 H076.4_2004  4 0.0339 0.0163 0.0115 0.0174 0.1254 0.5539 0.2091 0.0222 0.0102 
 H076.5_2002  4 0.0197 0.0078 0.0110 0.0076 0.0059 0.0189 0.9060 0.0150 0.0081 
 H076.5_2003  4 0.0314 0.0166 0.0108 0.3212 0.0239 0.0197 0.4546 0.0184 0.1035 
 H076.5_2004  4 0.0861 0.0107 0.0270 0.3760 0.0616 0.0175 0.3277 0.0754 0.0180 
 H076.6_2002  4 0.0126 0.0160 0.0205 0.0221 0.0116 0.0173 0.8415 0.0434 0.0151 
 H076.6_2003  4 0.0134 0.0108 0.0092 0.0101 0.0207 0.0134 0.8905 0.0104 0.0215 
 H076.6_2004  4 0.0132 0.0087 0.0135 0.1425 0.0217 0.0241 0.7346 0.0283 0.0134 
 H076.7_2002  4 0.0700 0.1306 0.0440 0.0195 0.1382 0.2671 0.2099 0.1036 0.0171 
 H076.7_2003  4 0.0463 0.0118 0.0209 0.0158 0.0259 0.1183 0.7123 0.0080 0.0408 
 H076.7_2004  4 0.0132 0.0195 0.0151 0.0344 0.0203 0.1392 0.6861 0.0555 0.0167 
      H477.1  4 0.0351 0.8316 0.0076 0.0067 0.0167 0.0329 0.0567 0.0054 0.0073 
      H477.2  4 0.0778 0.7262 0.0097 0.0335 0.0401 0.0714 0.0257 0.0096 0.0062 
      H477.3  4 0.0254 0.8065 0.0187 0.0234 0.0222 0.0453 0.0352 0.0117 0.0117 
      H477.4  4 0.0162 0.8922 0.0092 0.0063 0.0123 0.0361 0.0112 0.0052 0.0113 
      H477.5  4 0.0601 0.5816 0.0125 0.1434 0.0833 0.0582 0.0282 0.0109 0.0217 
      H477.6  4 0.0344 0.7666 0.0154 0.0352 0.0234 0.0810 0.0132 0.0148 0.0159 
      H477.7  4 0.0180 0.8931 0.0054 0.0244 0.0141 0.0110 0.0134 0.0058 0.0148 
 H479.1_2005  4 0.2943 0.1932 0.2793 0.0440 0.0289 0.1006 0.0059 0.0441 0.0098 
 H479.1_2006  4 0.0180 0.0243 0.1753 0.1048 0.0133 0.4981 0.0782 0.0250 0.0629 
     H479.10  4 0.0426 0.1377 0.3038 0.3113 0.0216 0.1029 0.0302 0.0329 0.0170 
 H479.2_2005  4 0.0625 0.0226 0.0685 0.5918 0.0741 0.0098 0.0191 0.1405 0.0110 
 H479.2_2006  4 0.0409 0.0172 0.1605 0.0121 0.0108 0.7002 0.0091 0.0240 0.0253 
 H479.3_2005  4 0.1858 0.2740 0.2165 0.0562 0.0240 0.1881 0.0338 0.0156 0.0060 
 H479.3_2006  4 0.2331 0.1900 0.0826 0.0340 0.0274 0.3457 0.0661 0.0155 0.0057 
 H479.4_2005  4 0.0461 0.5653 0.0563 0.1075 0.0364 0.1522 0.0112 0.0140 0.0111 
 H479.4_2006  4 0.1143 0.1239 0.3562 0.0637 0.0153 0.2289 0.0111 0.0793 0.0073 
 H479.5_2005  4 0.0276 0.0233 0.1999 0.6018 0.0581 0.0169 0.0321 0.0314 0.0089 
 H479.5_2006  4 0.1115 0.0574 0.1144 0.0401 0.0141 0.6176 0.0091 0.0288 0.0070 
 H479.6_2005  4 0.0334 0.0207 0.0145 0.8642 0.0124 0.0160 0.0156 0.0099 0.0133 
 H479.6_2006  4 0.0918 0.1811 0.6111 0.0291 0.0108 0.0420 0.0071 0.0135 0.0134 
 H479.7_2005  4 0.5046 0.1327 0.0537 0.1442 0.0178 0.0526 0.0335 0.0434 0.0175 
 H479.7_2006  4 0.1703 0.2123 0.1369 0.0252 0.0125 0.3621 0.0125 0.0430 0.0252 
 H479.8_2005  4 0.7057 0.0734 0.0699 0.0751 0.0118 0.0231 0.0168 0.0166 0.0077 
 H479.8_2006  4 0.0060 0.0305 0.0128 0.8531 0.0093 0.0471 0.0087 0.0075 0.0249 
      H479.9  4 0.0119 0.0094 0.0343 0.2005 0.0118 0.6954 0.0228 0.0084 0.0055 
      H516.1  4 0.0158 0.0276 0.0115 0.0223 0.0502 0.2790 0.0637 0.5078 0.0221 
      H516.2  4 0.0098 0.0176 0.0095 0.0146 0.0152 0.8965 0.0087 0.0210 0.0071 
      H516.3  4 0.0079 0.0523 0.0096 0.0803 0.0861 0.6572 0.0258 0.0740 0.0067 
      H516.4  4 0.0080 0.0470 0.0136 0.0265 0.0451 0.8082 0.0176 0.0250 0.0090 
      H516.5  4 0.0119 0.0150 0.0125 0.0191 0.0238 0.7520 0.0420 0.0904 0.0334 
      H516.6  4 0.0041 0.0099 0.0055 0.0123 0.0120 0.9286 0.0075 0.0072 0.0129 
      H516.7  4 0.0181 0.0352 0.0144 0.0127 0.0091 0.8378 0.0559 0.0096 0.0072 
      H516.8  4 0.0075 0.0219 0.0083 0.0250 0.0429 0.6254 0.0175 0.2380 0.0136 
      H516.9  4 0.0089 0.0220 0.0122 0.0162 0.0135 0.8721 0.0180 0.0326 0.0045 
      H646.1  4 0.0197 0.0240 0.0105 0.0129 0.0640 0.6003 0.1945 0.0700 0.0042 
      H646.2  4 0.0165 0.0307 0.0054 0.0084 0.0198 0.6282 0.1731 0.1132 0.0046 
      H646.3  4 0.0083 0.0329 0.0178 0.0087 0.1577 0.6313 0.0381 0.1005 0.0047 
      H646.4  4 0.0270 0.0233 0.0100 0.0095 0.0188 0.4608 0.4067 0.0357 0.0082 
      H646.5  4 0.0112 0.0145 0.0149 0.0129 0.0309 0.8569 0.0289 0.0240 0.0059 
      H658.1  4 0.0079 0.0079 0.0085 0.0272 0.0282 0.8455 0.0123 0.0101 0.0525 
     H658.10  4 0.0100 0.0073 0.0056 0.0063 0.0088 0.9409 0.0054 0.0097 0.0061 
      H658.2  4 0.0070 0.0117 0.0099 0.0173 0.0181 0.8589 0.0256 0.0137 0.0377 
      H658.3  4 0.0153 0.0104 0.0100 0.0239 0.0123 0.8965 0.0083 0.0105 0.0128 
      H658.4  4 0.0112 0.0230 0.0121 0.0145 0.0176 0.8919 0.0091 0.0154 0.0053 
      H658.5  4 0.0075 0.0065 0.0059 0.0054 0.0066 0.9539 0.0053 0.0058 0.0031 
      H658.6  4 0.0098 0.0173 0.0140 0.0175 0.0540 0.8429 0.0247 0.0100 0.0098 
      H658.7  4 0.0080 0.0233 0.0171 0.0563 0.0492 0.7862 0.0277 0.0163 0.0159 
      H658.8  4 0.0111 0.0131 0.0076 0.1271 0.0932 0.6619 0.0231 0.0205 0.0423 
      H658.9  4 0.0083 0.0185 0.0143 0.0175 0.0260 0.8688 0.0233 0.0104 0.0128 
      H682.1  4 0.0440 0.0966 0.1773 0.4963 0.0872 0.0294 0.0361 0.0255 0.0076 
      H682.6  4 0.0598 0.0381 0.1738 0.0648 0.2665 0.1476 0.0438 0.1897 0.0158 
      H720.1  4 0.1946 0.2684 0.0517 0.0449 0.0137 0.1773 0.1972 0.0418 0.0105 
      H720.2  4 0.2021 0.2951 0.0273 0.0314 0.0285 0.2930 0.0830 0.0320 0.0074 
      H720.3  4 0.0206 0.3103 0.0824 0.0837 0.0174 0.0162 0.4421 0.0191 0.0081 
      H720.4  4 0.0341 0.4038 0.0901 0.0602 0.0334 0.2888 0.0529 0.0233 0.0134 
      H720.5  4 0.0186 0.5458 0.0403 0.0539 0.0109 0.0173 0.2204 0.0620 0.0308 
      H720.6  4 0.0140 0.5613 0.0680 0.0557 0.0101 0.0142 0.2016 0.0438 0.0314 
      H720.7  4 0.1176 0.6946 0.0179 0.0096 0.0179 0.0912 0.0177 0.0271 0.0064 
      H720.8  4 0.0604 0.2518 0.1348 0.0809 0.0115 0.0220 0.3065 0.1260 0.0061 
      H720.9  4 0.0161 0.0308 0.2841 0.0764 0.5020 0.0328 0.0132 0.0378 0.0068 
      H724.1  4 0.0216 0.0139 0.0363 0.1170 0.0871 0.0126 0.6613 0.0318 0.0185 
      H724.2  4 0.1028 0.0572 0.0533 0.1186 0.0533 0.0285 0.5029 0.0444 0.0390 
