      H008.1  2 0.0704 0.0093 0.0047 0.0108 0.0295 0.0087 0.0098 0.0156 0.0345 0.0074 0.0215 0.0155 0.0059 0.0060 0.0098 0.0394 0.6438 0.0065 0.0036 0.0107 0.0058 0.0085 0.0094 0.0129 
      H008.2  2 0.0282 0.0077 0.0070 0.0328 0.0158 0.0195 0.0099 0.0291 0.3210 0.0115 0.0425 0.0282 0.0086 0.0134 0.0536 0.0129 0.2020 0.0127 0.0230 0.0069 0.0188 0.0057 0.0330 0.0563 
      H008.3  2 0.0293 0.0085 0.0077 0.0429 0.0176 0.0202 0.0219 0.0276 0.2739 0.0153 0.0827 0.0044 0.0077 0.0113 0.0141 0.0081 0.2568 0.0269 0.0119 0.0174 0.0222 0.0082 0.0092 0.0543 
      H008.4  2 0.0455 0.0057 0.0060 0.0126 0.0159 0.0092 0.0081 0.0239 0.0603 0.0242 0.0085 0.0093 0.0158 0.0212 0.0136 0.0228 0.6021 0.0167 0.0264 0.0070 0.0135 0.0070 0.0107 0.0141 
      H008.5  2 0.0113 0.0063 0.0058 0.0076 0.0082 0.0060 0.0060 0.0100 0.0218 0.0127 0.0182 0.0048 0.0045 0.0145 0.0057 0.0099 0.7719 0.0191 0.0075 0.0085 0.0096 0.0040 0.0069 0.0193 
      H008.6  2 0.0304 0.0071 0.0077 0.0052 0.0309 0.0082 0.0081 0.0584 0.2504 0.0141 0.0263 0.0123 0.0107 0.0126 0.0241 0.0126 0.3594 0.0137 0.0230 0.0053 0.0159 0.0043 0.0181 0.0412 
      H008.7  2 0.0388 0.0082 0.0084 0.0397 0.0131 0.0075 0.0154 0.0458 0.2187 0.0207 0.0198 0.0117 0.0148 0.0248 0.0120 0.0368 0.3079 0.0168 0.0401 0.0088 0.0099 0.0098 0.0085 0.0620 
      H008.8  2 0.1003 0.0160 0.0098 0.0202 0.0364 0.0075 0.0108 0.0624 0.1379 0.0079 0.0112 0.1000 0.0068 0.0063 0.2386 0.0234 0.1186 0.0065 0.0067 0.0159 0.0222 0.0091 0.0140 0.0113 
      H008.9  2 0.0326 0.0239 0.0077 0.0110 0.0202 0.0083 0.0088 0.2239 0.1754 0.0201 0.0219 0.0060 0.0088 0.0105 0.0646 0.0058 0.0754 0.0239 0.0606 0.0072 0.0224 0.0084 0.0281 0.1245 
 H029.1_2002  2 0.0231 0.0076 0.0122 0.0063 0.0059 0.0067 0.0065 0.0143 0.0144 0.0107 0.0044 0.0196 0.0353 0.0166 0.0189 0.7121 0.0215 0.0279 0.0131 0.0037 0.0039 0.0043 0.0058 0.0053 
 H029.1_2003  2 0.0453 0.0126 0.0152 0.0055 0.0083 0.0083 0.0137 0.0216 0.1429 0.0453 0.0141 0.0078 0.0106 0.1363 0.0245 0.4117 0.0068 0.0113 0.0107 0.0081 0.0080 0.0044 0.0156 0.0114 
 H029.2_2002  2 0.0125 0.0047 0.0172 0.0126 0.0045 0.0036 0.0061 0.0057 0.0085 0.0288 0.0262 0.0036 0.0096 0.0232 0.0039 0.7667 0.0093 0.0057 0.0120 0.0039 0.0089 0.0035 0.0105 0.0085 
 H029.2_2003  2 0.0270 0.0130 0.0455 0.0080 0.0053 0.0138 0.0214 0.0110 0.1167 0.0331 0.0572 0.0068 0.0057 0.1108 0.0091 0.4237 0.0169 0.0056 0.0131 0.0099 0.0239 0.0045 0.0121 0.0059 
 H029.3_2002  2 0.0114 0.0070 0.0128 0.0132 0.0043 0.0073 0.0085 0.0051 0.0057 0.0316 0.0166 0.0046 0.0082 0.0153 0.0094 0.7585 0.0073 0.0042 0.0275 0.0059 0.0073 0.0044 0.0178 0.0062 
 H029.3_2003  2 0.0229 0.0044 0.0089 0.0066 0.0104 0.0142 0.0172 0.0060 0.0106 0.0158 0.0092 0.0043 0.0055 0.1208 0.0101 0.6360 0.0371 0.0076 0.0058 0.0070 0.0061 0.0050 0.0169 0.0115 
 H029.4_2002  2 0.0084 0.0034 0.0035 0.0068 0.0053 0.0037 0.0046 0.0037 0.0037 0.0054 0.0035 0.0045 0.0046 0.0079 0.0045 0.8856 0.0045 0.0048 0.0067 0.0050 0.0029 0.0037 0.0087 0.0045 
 H029.4_2003  2 0.0731 0.0103 0.0076 0.0060 0.0093 0.0070 0.0180 0.0095 0.0263 0.0141 0.0140 0.0106 0.0068 0.0613 0.0126 0.6212 0.0065 0.0204 0.0111 0.0112 0.0069 0.0035 0.0246 0.0082 
 H029.5_2002  2 0.0100 0.0052 0.0084 0.0102 0.0070 0.0046 0.0049 0.0070 0.0060 0.0148 0.0056 0.0061 0.0084 0.0283 0.0057 0.8066 0.0181 0.0135 0.0044 0.0033 0.0036 0.0050 0.0068 0.0065 
 H029.5_2003  2 0.0246 0.0063 0.0062 0.0034 0.0057 0.0047 0.0087 0.0070 0.0782 0.0091 0.0160 0.0064 0.0051 0.0495 0.0118 0.7036 0.0089 0.0101 0.0063 0.0069 0.0036 0.0033 0.0092 0.0053 
 H029.6_2002  2 0.0104 0.0040 0.0033 0.0069 0.0035 0.0033 0.0063 0.0044 0.0044 0.0096 0.0049 0.0030 0.0044 0.0210 0.0056 0.8668 0.0049 0.0034 0.0063 0.0041 0.0054 0.0034 0.0061 0.0044 
 H029.6_2003  2 0.0312 0.0155 0.0417 0.0080 0.0184 0.0181 0.0240 0.0161 0.0227 0.0495 0.0405 0.0110 0.0061 0.0208 0.0136 0.5312 0.0376 0.0287 0.0078 0.0131 0.0091 0.0077 0.0197 0.0078 
      H029.7  2 0.0069 0.0048 0.0075 0.0101 0.0035 0.0027 0.0037 0.0058 0.0062 0.0090 0.0084 0.0039 0.0052 0.0078 0.0029 0.8637 0.0089 0.0048 0.0100 0.0044 0.0062 0.0032 0.0052 0.0050 
      H030.1  2 0.0093 0.0093 0.0705 0.0127 0.0110 0.3258 0.0252 0.0097 0.0171 0.0107 0.0339 0.0083 0.0053 0.1984 0.0161 0.0307 0.0360 0.0230 0.0054 0.0077 0.0073 0.0223 0.0125 0.0916 
      H030.2  2 0.0126 0.0054 0.0130 0.1074 0.0272 0.3619 0.0077 0.0090 0.0052 0.0048 0.0077 0.0050 0.1067 0.0202 0.0058 0.0262 0.0276 0.0456 0.0817 0.0218 0.0041 0.0235 0.0093 0.0606 
      H038.1  2 0.0088 0.0050 0.0056 0.0040 0.0062 0.0051 0.0037 0.0072 0.0050 0.0052 0.0053 0.0080 0.0046 0.0049 0.0057 0.8604 0.0127 0.0038 0.0125 0.0055 0.0084 0.0033 0.0050 0.0041 
      H038.2  2 0.0049 0.0070 0.0054 0.0050 0.0045 0.0051 0.0046 0.0030 0.0047 0.0030 0.0077 0.0031 0.0069 0.0045 0.0034 0.8840 0.0090 0.0039 0.0038 0.0057 0.0032 0.0088 0.0051 0.0037 
      H038.3  2 0.0058 0.0071 0.0195 0.0044 0.0151 0.0084 0.0040 0.0064 0.0066 0.0049 0.0057 0.0257 0.0123 0.0042 0.0044 0.7965 0.0096 0.0057 0.0158 0.0086 0.0048 0.0058 0.0131 0.0057 
      H038.4  2 0.0066 0.0080 0.0115 0.0053 0.0123 0.0044 0.0042 0.0051 0.0064 0.0046 0.0045 0.0146 0.0066 0.0044 0.0058 0.8273 0.0175 0.0070 0.0119 0.0055 0.0042 0.0096 0.0069 0.0054 
      H038.5  2 0.0049 0.0045 0.0050 0.0046 0.0038 0.0059 0.0081 0.0033 0.0052 0.0044 0.0049 0.0111 0.0047 0.0060 0.0059 0.8634 0.0037 0.0044 0.0078 0.0062 0.0023 0.0046 0.0208 0.0044 
      H038.6  2 0.0067 0.0064 0.0054 0.0031 0.0037 0.0049 0.0061 0.0040 0.0049 0.0040 0.0058 0.0038 0.0088 0.0062 0.0041 0.8740 0.0121 0.0045 0.0062 0.0069 0.0032 0.0025 0.0079 0.0049 
      H038.7  2 0.0084 0.0057 0.0227 0.0028 0.0064 0.0067 0.0083 0.0042 0.0048 0.0033 0.0048 0.0080 0.0163 0.0052 0.0037 0.7965 0.0496 0.0037 0.0065 0.0059 0.0028 0.0045 0.0150 0.0041 
      H038.8  2 0.0066 0.0069 0.0098 0.0057 0.0083 0.0070 0.0037 0.0049 0.0046 0.0039 0.0043 0.0101 0.0072 0.0035 0.0047 0.8337 0.0088 0.0058 0.0296 0.0076 0.0036 0.0095 0.0070 0.0033 
      H041.1  2 0.0324 0.0072 0.0167 0.1108 0.1597 0.0082 0.0075 0.0312 0.0170 0.0138 0.0127 0.0085 0.0074 0.0746 0.0036 0.1429 0.0320 0.0292 0.0202 0.0079 0.0129 0.0097 0.0086 0.2252 
      H041.2  2 0.0580 0.0090 0.0118 0.0068 0.3299 0.0063 0.0048 0.0216 0.0058 0.0288 0.0087 0.0070 0.0160 0.1740 0.0084 0.0858 0.0506 0.0823 0.0258 0.0064 0.0074 0.0054 0.0134 0.0261 
      H041.4  2 0.0670 0.0159 0.0081 0.0089 0.0315 0.0058 0.0059 0.0450 0.0202 0.0264 0.0058 0.0130 0.0077 0.1008 0.0103 0.4996 0.0121 0.0225 0.0160 0.0050 0.0141 0.0098 0.0131 0.0355 
      H041.6  2 0.1809 0.0228 0.0169 0.0172 0.1353 0.0108 0.0048 0.0318 0.0115 0.0181 0.0065 0.0342 0.0102 0.1165 0.0130 0.2127 0.0239 0.0508 0.0119 0.0088 0.0208 0.0104 0.0092 0.0211 
 H042.1_2002  2 0.0198 0.0107 0.0062 0.0080 0.0197 0.0068 0.0048 0.0328 0.0137 0.0096 0.0107 0.0155 0.0121 0.5521 0.0039 0.0043 0.0124 0.0668 0.0104 0.1023 0.0074 0.0544 0.0055 0.0102 
 H042.1_2003  2 0.0344 0.0295 0.0202 0.0100 0.3136 0.0198 0.0092 0.0218 0.0306 0.0082 0.0273 0.0173 0.0200 0.0148 0.0116 0.0148 0.2040 0.0707 0.0640 0.0146 0.0077 0.0104 0.0090 0.0164 
 H042.2_2002  2 0.0819 0.0053 0.0045 0.0066 0.0095 0.0045 0.0408 0.0048 0.0241 0.0381 0.0065 0.0060 0.1064 0.3455 0.0038 0.2153 0.0060 0.0052 0.0267 0.0321 0.0073 0.0064 0.0069 0.0056 
 H042.2_2003  2 0.0338 0.0107 0.0107 0.0038 0.2022 0.0084 0.0079 0.0286 0.0082 0.0223 0.0169 0.0075 0.0074 0.0717 0.0119 0.0569 0.0796 0.3587 0.0058 0.0084 0.0072 0.0095 0.0094 0.0126 
 H042.3_2002  2 0.0211 0.0082 0.0061 0.0049 0.0503 0.0081 0.0139 0.0116 0.0101 0.0198 0.0183 0.0148 0.0312 0.3069 0.0031 0.0063 0.0073 0.0215 0.0174 0.3642 0.0130 0.0146 0.0123 0.0150 
 H042.3_2003  2 0.1251 0.0082 0.0056 0.0258 0.0818 0.0074 0.0214 0.0090 0.0101 0.0135 0.0191 0.0129 0.0297 0.0663 0.0033 0.0210 0.0129 0.0776 0.0286 0.3535 0.0127 0.0110 0.0108 0.0325 
 H042.4_2002  2 0.0176 0.0148 0.0059 0.0102 0.0096 0.0077 0.0078 0.0243 0.0088 0.0185 0.0068 0.0161 0.0060 0.5421 0.0048 0.0323 0.0126 0.1852 0.0169 0.0082 0.0064 0.0182 0.0103 0.0088 
 H042.4_2003  2 0.0234 0.0709 0.0322 0.0186 0.0104 0.0090 0.0047 0.0187 0.0166 0.0156 0.0069 0.0396 0.0063 0.4514 0.0039 0.0804 0.0173 0.0968 0.0068 0.0081 0.0196 0.0178 0.0085 0.0164 
      H042.5  2 0.0105 0.0111 0.0053 0.0038 0.0051 0.0037 0.0046 0.0087 0.0065 0.0079 0.0126 0.0050 0.0056 0.8077 0.0038 0.0074 0.0060 0.0325 0.0028 0.0085 0.0095 0.0116 0.0071 0.0127 
      H042.6  2 0.0217 0.0169 0.0147 0.0109 0.0044 0.0062 0.0075 0.0052 0.0449 0.0066 0.0062 0.0308 0.0091 0.7033 0.0041 0.0114 0.0081 0.0081 0.0112 0.0216 0.0285 0.0090 0.0046 0.0051 
      H042.7  2 0.0549 0.0095 0.0249 0.0085 0.0743 0.0058 0.0064 0.0135 0.0127 0.0503 0.0105 0.0300 0.0650 0.3730 0.0062 0.0279 0.0098 0.0294 0.0059 0.0613 0.0083 0.0886 0.0100 0.0132 
      H042.8  2 0.0465 0.0060 0.0053 0.0040 0.0661 0.0030 0.0070 0.0190 0.0083 0.0243 0.0224 0.0087 0.0249 0.5967 0.0057 0.0078 0.0092 0.0362 0.0208 0.0239 0.0198 0.0119 0.0089 0.0137 
   H042_2002  2 0.2221 0.0385 0.0130 0.0044 0.0593 0.0092 0.0088 0.0234 0.0703 0.0176 0.0156 0.0382 0.1445 0.0439 0.0074 0.0339 0.0415 0.0432 0.0366 0.0284 0.0567 0.0088 0.0136 0.0210 
   H042_2003  2 0.1896 0.0322 0.0194 0.0052 0.0735 0.0084 0.0101 0.0357 0.0665 0.0148 0.0188 0.0502 0.1455 0.0405 0.0082 0.0331 0.0501 0.0408 0.0309 0.0333 0.0510 0.0089 0.0119 0.0211 
      H043.1  2 0.0118 0.0088 0.0104 0.0099 0.0104 0.0072 0.0123 0.0032 0.0092 0.0027 0.0081 0.7963 0.0069 0.0075 0.0060 0.0094 0.0081 0.0046 0.0141 0.0176 0.0051 0.0047 0.0115 0.0145 
      H043.2  2 0.0117 0.0095 0.0055 0.0030 0.0077 0.0036 0.0042 0.0050 0.0114 0.0048 0.0069 0.8384 0.0039 0.0036 0.0102 0.0080 0.0098 0.0044 0.0124 0.0132 0.0112 0.0034 0.0039 0.0042 
      H043.3  2 0.0158 0.0057 0.0219 0.0036 0.0110 0.0054 0.0074 0.0056 0.0122 0.0047 0.0065 0.7441 0.0182 0.0063 0.0069 0.0139 0.0472 0.0052 0.0135 0.0183 0.0071 0.0037 0.0058 0.0100 
      H043.4  2 0.0104 0.0092 0.0081 0.0034 0.0067 0.0038 0.0049 0.0049 0.0065 0.0031 0.0049 0.8589 0.0079 0.0050 0.0030 0.0069 0.0117 0.0032 0.0063 0.0097 0.0090 0.0032 0.0035 0.0061 
      H043.5  2 0.0085 0.0071 0.0068 0.0043 0.0171 0.0033 0.0050 0.0060 0.0124 0.0049 0.0056 0.7972 0.0063 0.0047 0.0153 0.0111 0.0101 0.0046 0.0217 0.0229 0.0041 0.0046 0.0062 0.0103 
      H043.6  2 0.0046 0.0046 0.0043 0.0026 0.0054 0.0044 0.0042 0.0070 0.0047 0.0060 0.0033 0.8739 0.0055 0.0041 0.0046 0.0124 0.0097 0.0031 0.0135 0.0077 0.0041 0.0031 0.0038 0.0033 
      H043.7  2 0.0043 0.0036 0.0094 0.0025 0.0078 0.0052 0.0036 0.0052 0.0040 0.0027 0.0034 0.8937 0.0051 0.0039 0.0027 0.0038 0.0053 0.0027 0.0079 0.0044 0.0074 0.0032 0.0037 0.0046 
      H043.8  2 0.0094 0.0039 0.0048 0.0062 0.0093 0.0081 0.0097 0.0040 0.0044 0.0028 0.0045 0.8637 0.0057 0.0042 0.0068 0.0057 0.0066 0.0032 0.0042 0.0122 0.0036 0.0052 0.0080 0.0037 
      H043.9  2 0.0184 0.0050 0.0111 0.0080 0.0060 0.0116 0.0129 0.0041 0.0133 0.0037 0.0072 0.7555 0.0107 0.0100 0.0076 0.0424 0.0103 0.0045 0.0113 0.0122 0.0068 0.0040 0.0140 0.0096 
      H047.1  2 0.2019 0.0071 0.0056 0.0036 0.0113 0.0044 0.0033 0.0067 0.0077 0.0031 0.0120 0.0120 0.0447 0.0057 0.0034 0.0868 0.3370 0.0047 0.0065 0.0307 0.0043 0.0045 0.0245 0.1687 
      H047.2  2 0.1770 0.0262 0.0236 0.0272 0.0387 0.0052 0.0204 0.0115 0.0481 0.0099 0.0139 0.0208 0.0086 0.0118 0.0063 0.4260 0.0188 0.0051 0.0045 0.0044 0.0065 0.0090 0.0084 0.0682 
      H047.3  2 0.2155 0.0166 0.0138 0.0237 0.1001 0.0046 0.0244 0.0097 0.0837 0.0193 0.0317 0.0153 0.0220 0.0144 0.0056 0.1964 0.0422 0.0052 0.0048 0.0038 0.0137 0.0107 0.0075 0.1155 
      H047.4  2 0.2382 0.0096 0.0456 0.0090 0.1059 0.0074 0.0072 0.0193 0.0180 0.0111 0.0095 0.0246 0.0258 0.0335 0.0115 0.2529 0.0386 0.0092 0.0037 0.0058 0.0083 0.0122 0.0176 0.0755 
      H047.5  2 0.2255 0.0094 0.0095 0.0053 0.0284 0.0080 0.0130 0.0104 0.1016 0.0160 0.0129 0.0124 0.0455 0.0074 0.0037 0.0600 0.1607 0.0040 0.0032 0.0078 0.0279 0.0134 0.0104 0.2035 
      H047.6  2 0.2190 0.0133 0.0097 0.0087 0.0744 0.0033 0.0069 0.0093 0.0236 0.0144 0.0127 0.0291 0.0182 0.0158 0.0054 0.1684 0.0148 0.0069 0.0062 0.0034 0.0069 0.0069 0.0048 0.3180 
      H047.7  2 0.2165 0.0061 0.0063 0.0097 0.0244 0.0041 0.0035 0.0069 0.0062 0.0049 0.0103 0.0093 0.1273 0.0099 0.0032 0.1973 0.1166 0.0092 0.0124 0.0213 0.0067 0.0092 0.0136 0.1649 
      H047.8  2 0.2321 0.0196 0.0075 0.0089 0.1136 0.0050 0.0123 0.0083 0.0133 0.0093 0.0322 0.0266 0.0226 0.0212 0.0057 0.1077 0.0454 0.0148 0.0043 0.0055 0.0084 0.0069 0.0046 0.2643 
      H047.9  2 0.2373 0.0111 0.0101 0.0042 0.0159 0.0080 0.0046 0.0120 0.0276 0.0105 0.0194 0.0082 0.1127 0.0103 0.0034 0.1787 0.1141 0.0064 0.0037 0.0292 0.0221 0.0411 0.0190 0.0903 
 H071.1_2002  2 0.0135 0.0074 0.0048 0.0037 0.0077 0.0136 0.0060 0.0070 0.0057 0.0050 0.0122 0.0242 0.0094 0.0057 0.0036 0.2349 0.5848 0.0056 0.0055 0.0131 0.0088 0.0045 0.0042 0.0088 
 H071.1_2003  2 0.0123 0.0154 0.0136 0.0035 0.0128 0.0426 0.0073 0.0229 0.0159 0.0145 0.0120 0.0673 0.0079 0.0086 0.0046 0.0186 0.6447 0.0069 0.0080 0.0100 0.0282 0.0046 0.0070 0.0109 
     H071.10  2 0.0102 0.0055 0.0059 0.0081 0.0045 0.0532 0.0061 0.0037 0.0034 0.0034 0.0039 0.0127 0.0195 0.0036 0.0091 0.6991 0.0255 0.0037 0.0065 0.0907 0.0045 0.0077 0.0057 0.0038 
 H071.2_2002  2 0.0234 0.0134 0.0079 0.0033 0.0114 0.0120 0.0089 0.0128 0.0141 0.0118 0.0115 0.0318 0.0096 0.0049 0.0223 0.5847 0.1475 0.0037 0.0075 0.0208 0.0157 0.0052 0.0090 0.0068 
 H071.2_2003  2 0.0072 0.0052 0.0046 0.0031 0.0033 0.0074 0.0032 0.0057 0.0050 0.0043 0.0064 0.0061 0.0042 0.0058 0.0032 0.2138 0.6815 0.0055 0.0030 0.0037 0.0069 0.0032 0.0036 0.0039 
      H071.3  2 0.0171 0.0049 0.0105 0.0094 0.0217 0.0167 0.0080 0.0050 0.0084 0.0031 0.0051 0.0061 0.0091 0.0035 0.0072 0.1081 0.6315 0.0072 0.0087 0.0577 0.0049 0.0073 0.0287 0.0099 
 H071.4_2002  2 0.0083 0.0115 0.0076 0.0044 0.0035 0.0181 0.0078 0.0067 0.0062 0.0044 0.0058 0.0199 0.0113 0.0045 0.0089 0.7473 0.0095 0.0033 0.0083 0.0657 0.0067 0.0169 0.0076 0.0059 
 H071.4_2003  2 0.0103 0.0052 0.0070 0.0044 0.0050 0.0079 0.0052 0.0035 0.0056 0.0025 0.0066 0.0035 0.0076 0.0039 0.0070 0.2316 0.6183 0.0047 0.0030 0.0271 0.0041 0.0071 0.0139 0.0049 
 H071.5_2002  2 0.0111 0.0063 0.0061 0.0084 0.0047 0.0203 0.0054 0.0042 0.0037 0.0031 0.0044 0.0076 0.0127 0.0092 0.0047 0.4576 0.3641 0.0040 0.0071 0.0268 0.0093 0.0080 0.0051 0.0060 
 H071.5_2003  2 0.0208 0.0097 0.0254 0.0035 0.0056 0.0100 0.0087 0.0085 0.0171 0.0035 0.0073 0.0113 0.0158 0.0049 0.0077 0.0762 0.6673 0.0047 0.0033 0.0391 0.0055 0.0121 0.0254 0.0068 
 H071.6_2002  2 0.0610 0.0099 0.0079 0.0044 0.0042 0.0180 0.0119 0.0036 0.0062 0.0043 0.0055 0.0100 0.0332 0.0051 0.0285 0.3128 0.3071 0.0035 0.0060 0.1274 0.0094 0.0069 0.0081 0.0052 
 H071.6_2003  2 0.0083 0.0062 0.0162 0.0041 0.0048 0.0239 0.0049 0.0068 0.0068 0.0030 0.0050 0.0101 0.0126 0.0061 0.0045 0.1759 0.6379 0.0051 0.0026 0.0198 0.0044 0.0054 0.0204 0.0050 
 H071.7_2002  2 0.0080 0.0043 0.0070 0.0030 0.0064 0.0034 0.0042 0.0066 0.0112 0.0030 0.0046 0.0071 0.0123 0.0037 0.0070 0.1701 0.7014 0.0041 0.0038 0.0110 0.0060 0.0030 0.0044 0.0045 
 H071.7_2003  2 0.0077 0.0092 0.0136 0.0041 0.0075 0.0358 0.0094 0.0067 0.0096 0.0039 0.0074 0.0257 0.0094 0.0054 0.0042 0.1401 0.6195 0.0077 0.0043 0.0346 0.0067 0.0095 0.0120 0.0057 
      H071.8  2 0.0153 0.0087 0.0074 0.0033 0.0120 0.0062 0.0050 0.0126 0.0142 0.0079 0.0070 0.0166 0.0051 0.0044 0.0268 0.7018 0.0912 0.0050 0.0053 0.0092 0.0159 0.0043 0.0089 0.0058 
      H071.9  2 0.0454 0.0151 0.0089 0.0066 0.0066 0.0141 0.0164 0.0153 0.0099 0.0151 0.0055 0.0278 0.0165 0.0116 0.0326 0.6141 0.0140 0.0037 0.0084 0.0382 0.0085 0.0176 0.0339 0.0140 
 H081.1_2002  2 0.0171 0.0089 0.0047 0.0096 0.0057 0.0074 0.0047 0.0098 0.0108 0.0095 0.0039 0.0046 0.0074 0.0096 0.0049 0.1320 0.6957 0.0055 0.0062 0.0055 0.0170 0.0114 0.0044 0.0036 
 H081.1_2003  2 0.0992 0.0618 0.0542 0.0152 0.0289 0.0293 0.0552 0.0616 0.0428 0.0240 0.0218 0.0151 0.0180 0.0973 0.0145 0.0252 0.0503 0.0110 0.2178 0.0071 0.0137 0.0112 0.0112 0.0137 
 H081.2_2002  2 0.0285 0.0110 0.0120 0.0056 0.0040 0.0069 0.0078 0.0082 0.0093 0.0083 0.0050 0.0090 0.0053 0.0067 0.0057 0.1259 0.6340 0.0050 0.0048 0.0043 0.0678 0.0092 0.0043 0.0114 
 H081.2_2003  2 0.1030 0.0273 0.0126 0.0467 0.0148 0.1548 0.0152 0.0101 0.0291 0.0058 0.0110 0.0479 0.0052 0.0345 0.0575 0.0129 0.0426 0.0086 0.0073 0.0225 0.1004 0.0120 0.2087 0.0094 
 H081.3_2002  2 0.0116 0.0178 0.0120 0.0058 0.0097 0.0154 0.0044 0.0094 0.0091 0.0061 0.0049 0.0238 0.0049 0.0070 0.0188 0.6232 0.1161 0.0047 0.0052 0.0065 0.0481 0.0080 0.0093 0.0178 
 H081.3_2003  2 0.0645 0.0932 0.0064 0.0142 0.0129 0.2168 0.0181 0.0142 0.0178 0.0132 0.0113 0.2877 0.0093 0.0352 0.0417 0.0137 0.0084 0.0082 0.0132 0.0167 0.0226 0.0157 0.0296 0.0153 
 H081.4_2002  2 0.0195 0.0088 0.0091 0.0103 0.0061 0.0110 0.0063 0.0060 0.0065 0.0038 0.0105 0.0050 0.0064 0.0094 0.0076 0.1463 0.6740 0.0054 0.0043 0.0149 0.0044 0.0089 0.0087 0.0070 
 H081.4_2003  2 0.0543 0.0791 0.0407 0.0121 0.0104 0.2135 0.0598 0.0649 0.0424 0.0297 0.0337 0.0340 0.0095 0.1587 0.0177 0.0106 0.0261 0.0098 0.0135 0.0115 0.0258 0.0249 0.0121 0.0053 
 H081.5_2002  2 0.0151 0.0120 0.0119 0.0054 0.0067 0.0204 0.0079 0.0126 0.0069 0.0044 0.0066 0.0148 0.0086 0.0124 0.0094 0.1203 0.6755 0.0047 0.0064 0.0096 0.0059 0.0043 0.0104 0.0079 
 H081.5_2003  2 0.0528 0.0303 0.1381 0.0139 0.0483 0.0391 0.0612 0.0747 0.0360 0.0345 0.0142 0.0242 0.0173 0.1022 0.0140 0.0128 0.1406 0.0087 0.0230 0.0101 0.0664 0.0174 0.0107 0.0094 
      H081.6  2 0.0104 0.0066 0.0063 0.0044 0.0057 0.0066 0.0076 0.0059 0.0056 0.0050 0.0056 0.0041 0.0082 0.0042 0.0029 0.0535 0.8235 0.0038 0.0038 0.0064 0.0064 0.0043 0.0051 0.0039 
      H081.7  2 0.0166 0.0174 0.0147 0.0083 0.0069 0.0211 0.0067 0.0073 0.0085 0.0077 0.0049 0.0295 0.0072 0.0079 0.0139 0.2842 0.3007 0.0036 0.0055 0.0103 0.1877 0.0138 0.0068 0.0086 
      H081.8  2 0.0477 0.0078 0.0114 0.0187 0.0156 0.0350 0.0088 0.0138 0.0082 0.0082 0.0061 0.0140 0.0056 0.0165 0.0484 0.6126 0.0290 0.0048 0.0093 0.0235 0.0110 0.0137 0.0227 0.0074 
      H083.1  2 0.0256 0.0057 0.0104 0.0192 0.0059 0.0071 0.0114 0.0047 0.0091 0.0102 0.0125 0.0042 0.0305 0.0233 0.0057 0.6924 0.0652 0.0034 0.0101 0.0134 0.0084 0.0048 0.0062 0.0107 
      H083.2  2 0.0193 0.0082 0.0097 0.0082 0.0050 0.0078 0.0118 0.0059 0.0137 0.0042 0.0073 0.0138 0.0127 0.0077 0.0048 0.7805 0.0190 0.0038 0.0054 0.0074 0.0109 0.0075 0.0036 0.0217 
      H083.4  2 0.0300 0.0044 0.0080 0.0667 0.0057 0.0067 0.0084 0.0044 0.0112 0.0048 0.0054 0.0124 0.0084 0.0083 0.0402 0.6794 0.0267 0.0036 0.0116 0.0167 0.0149 0.0099 0.0038 0.0084 
      H083.5  2 0.0148 0.0058 0.0113 0.0602 0.0046 0.0053 0.0044 0.0071 0.0175 0.0243 0.0075 0.0044 0.0096 0.0126 0.0073 0.6981 0.0349 0.0050 0.0241 0.0065 0.0102 0.0063 0.0071 0.0110 
      H083.6  2 0.0452 0.0082 0.0132 0.0913 0.0065 0.0115 0.0131 0.0064 0.0146 0.0290 0.0093 0.0044 0.0097 0.0167 0.0192 0.5637 0.0581 0.0056 0.0079 0.0145 0.0258 0.0119 0.0096 0.0047 
      H083.7  2 0.0212 0.0064 0.0070 0.1046 0.0059 0.0044 0.0060 0.0044 0.0157 0.0063 0.0060 0.0103 0.0089 0.0055 0.0169 0.6848 0.0088 0.0053 0.0073 0.0182 0.0149 0.0184 0.0037 0.0090 
      H083.8  2 0.0221 0.0105 0.0083 0.0094 0.0051 0.0048 0.0090 0.0079 0.0109 0.0049 0.0066 0.0125 0.0075 0.0060 0.0046 0.7976 0.0106 0.0040 0.0052 0.0056 0.0091 0.0087 0.0036 0.0256 
      H083.9  2 0.0170 0.0045 0.0071 0.1383 0.0056 0.0042 0.0057 0.0047 0.0087 0.0176 0.0055 0.0035 0.0096 0.0193 0.0066 0.5850 0.1076 0.0065 0.0068 0.0077 0.0084 0.0053 0.0058 0.0089 
      H084.1  2 0.0185 0.0368 0.0093 0.0119 0.0069 0.0265 0.0457 0.0094 0.0103 0.0294 0.0123 0.0156 0.0174 0.0225 0.0108 0.0201 0.0049 0.0057 0.0876 0.0097 0.0098 0.0206 0.5396 0.0186 
      H084.2  2 0.0326 0.0559 0.0135 0.0057 0.0047 0.0620 0.1390 0.0106 0.0119 0.0068 0.0146 0.0323 0.0108 0.0555 0.0172 0.0449 0.0040 0.0058 0.0896 0.0242 0.0041 0.0078 0.3358 0.0108 
      H084.3  2 0.0072 0.0410 0.0145 0.0165 0.0308 0.1040 0.0500 0.0062 0.0095 0.0623 0.0208 0.0101 0.0550 0.0194 0.0087 0.0088 0.0070 0.0731 0.3206 0.0060 0.0066 0.0822 0.0301 0.0096 
      H084.4  2 0.0106 0.0192 0.0354 0.0049 0.0961 0.0190 0.0334 0.0069 0.0100 0.0249 0.0080 0.0131 0.0139 0.0382 0.0115 0.0197 0.0073 0.0188 0.2767 0.0076 0.0035 0.0174 0.2945 0.0094 
      H084.5  2 0.0104 0.0121 0.0248 0.0081 0.0902 0.0239 0.0249 0.0067 0.0062 0.0556 0.0144 0.0098 0.1654 0.0103 0.0077 0.0091 0.0084 0.0060 0.0660 0.0069 0.0106 0.0184 0.3907 0.0134 
      H084.6  2 0.0094 0.0212 0.0091 0.0525 0.0522 0.3479 0.0117 0.0053 0.0035 0.0426 0.0080 0.0142 0.0537 0.0081 0.0153 0.0099 0.0060 0.0151 0.1223 0.0068 0.0092 0.0640 0.0923 0.0197 
      H084.7  2 0.0201 0.0130 0.0058 0.0071 0.0052 0.0192 0.1449 0.0083 0.0058 0.0102 0.0072 0.0092 0.0094 0.0384 0.0073 0.0174 0.0055 0.0042 0.0177 0.0194 0.0055 0.0161 0.5940 0.0090 
      H084.8  2 0.0057 0.0110 0.0101 0.0111 0.0504 0.0177 0.0134 0.0061 0.0054 0.1118 0.0147 0.0052 0.0225 0.0120 0.0068 0.0101 0.0053 0.0099 0.1470 0.0046 0.0095 0.0272 0.4662 0.0160 
 H085.1_2002  2 0.0754 0.0182 0.0083 0.0128 0.0048 0.0178 0.0092 0.0168 0.0116 0.0049 0.0054 0.0146 0.0115 0.0467 0.0062 0.0189 0.0252 0.0049 0.0198 0.0075 0.6388 0.0066 0.0049 0.0094 
 H085.1_2003  2 0.1197 0.0106 0.0268 0.0842 0.0202 0.0093 0.0128 0.0080 0.0109 0.0121 0.0071 0.0106 0.0050 0.0287 0.0205 0.0723 0.3077 0.0107 0.0180 0.0200 0.1071 0.0143 0.0104 0.0531 
 H085.2_2002  2 0.0653 0.0753 0.0151 0.1411 0.0101 0.0332 0.0179 0.1172 0.0142 0.0184 0.0052 0.0665 0.0147 0.0206 0.0103 0.0363 0.0103 0.0057 0.0706 0.0464 0.1642 0.0248 0.0081 0.0086 
 H085.2_2003  2 0.0368 0.0185 0.0224 0.0339 0.0109 0.0125 0.0369 0.0138 0.0105 0.0059 0.0202 0.0123 0.0059 0.0477 0.0188 0.1026 0.4609 0.0167 0.0125 0.0146 0.0225 0.0080 0.0125 0.0425 
 H085.3_2002  2 0.0145 0.0234 0.0322 0.0191 0.0176 0.0046 0.0074 0.0539 0.0083 0.0065 0.0046 0.0067 0.0039 0.0131 0.0039 0.0059 0.0189 0.0100 0.0044 0.0132 0.7013 0.0093 0.0032 0.0140 
 H085.3_2003  2 0.0055 0.0039 0.0217 0.0049 0.0291 0.0064 0.0058 0.0040 0.0050 0.0034 0.0071 0.0055 0.0030 0.0050 0.0036 0.0063 0.8168 0.0087 0.0032 0.0167 0.0087 0.0055 0.0046 0.0156 
 H085.4_2002  2 0.0747 0.0237 0.0089 0.0252 0.0078 0.0317 0.0149 0.0326 0.0185 0.0238 0.0093 0.0860 0.0114 0.0368 0.0081 0.0819 0.0368 0.0061 0.0269 0.0381 0.3712 0.0129 0.0060 0.0067 
 H085.4_2003  2 0.0188 0.0156 0.0234 0.0104 0.1047 0.0365 0.0080 0.0336 0.0096 0.0086 0.0089 0.0196 0.0227 0.0726 0.0045 0.1655 0.3365 0.0436 0.0076 0.0105 0.0124 0.0120 0.0063 0.0082 
 H085.5_2002  2 0.0066 0.0075 0.0115 0.0043 0.0121 0.0040 0.0043 0.0181 0.0106 0.0075 0.0061 0.0125 0.0035 0.0112 0.0033 0.0032 0.0644 0.0062 0.0046 0.0072 0.7688 0.0096 0.0037 0.0090 
 H085.5_2003  2 0.0134 0.0125 0.0064 0.0518 0.0056 0.0175 0.0176 0.0062 0.0061 0.0032 0.0102 0.0053 0.0067 0.0177 0.0073 0.0231 0.7203 0.0124 0.0066 0.0151 0.0119 0.0049 0.0090 0.0092 
 H085.6_2002  2 0.0716 0.0710 0.0161 0.0144 0.0064 0.0053 0.0091 0.0201 0.0051 0.0061 0.0043 0.0094 0.0066 0.0174 0.0047 0.0085 0.0171 0.0030 0.0107 0.0073 0.6491 0.0060 0.0057 0.0252 
 H085.6_2003  2 0.0116 0.0113 0.2807 0.0058 0.0905 0.0069 0.0104 0.0613 0.0093 0.0171 0.0179 0.0193 0.0045 0.0229 0.0078 0.0142 0.2932 0.0109 0.0066 0.0074 0.0303 0.0125 0.0095 0.0379 
 H085.7_2002  2 0.0552 0.0403 0.0750 0.0596 0.0146 0.0259 0.0145 0.1079 0.0176 0.0061 0.0097 0.0119 0.0070 0.0711 0.0087 0.0219 0.0701 0.0136 0.0147 0.0168 0.2998 0.0073 0.0057 0.0251 
 H085.7_2003  2 0.0373 0.0071 0.0181 0.0093 0.0360 0.0079 0.0068 0.0087 0.0083 0.0102 0.0112 0.0138 0.0046 0.0091 0.0057 0.0454 0.6483 0.0087 0.0084 0.0246 0.0151 0.0122 0.0047 0.0386 
 H085.8_2002  2 0.0224 0.0234 0.2857 0.0175 0.0597 0.0181 0.0109 0.0905 0.0171 0.0134 0.0052 0.0346 0.0049 0.0119 0.0116 0.0140 0.0601 0.0073 0.0134 0.0918 0.1523 0.0154 0.0068 0.0121 
 H085.8_2003  2 0.0324 0.0272 0.0266 0.1137 0.0254 0.0172 0.0302 0.0323 0.0127 0.0108 0.0188 0.0196 0.0140 0.2030 0.0094 0.0800 0.1417 0.0312 0.0154 0.0105 0.0346 0.0231 0.0201 0.0500 
      H085.9  2 0.0151 0.0148 0.0204 0.0146 0.0112 0.0147 0.0071 0.0387 0.0145 0.0090 0.0093 0.0202 0.0104 0.0440 0.0092 0.0204 0.0786 0.0111 0.0268 0.0182 0.5699 0.0088 0.0043 0.0088 
      H088.1  2 0.0163 0.0279 0.0070 0.0119 0.0035 0.0065 0.0083 0.0182 0.0594 0.0864 0.0127 0.0081 0.0041 0.5746 0.0441 0.0116 0.0058 0.0124 0.0069 0.0205 0.0168 0.0159 0.0138 0.0075 
      H088.2  2 0.0206 0.0181 0.0130 0.0093 0.0041 0.0061 0.0077 0.0146 0.0178 0.0418 0.0061 0.0080 0.0126 0.7290 0.0105 0.0075 0.0034 0.0064 0.0059 0.0078 0.0164 0.0168 0.0065 0.0100 
      H088.3  2 0.0103 0.0141 0.0138 0.0069 0.0032 0.0052 0.0066 0.0115 0.0287 0.0244 0.0055 0.0056 0.0085 0.7747 0.0153 0.0069 0.0041 0.0092 0.0057 0.0057 0.0120 0.0058 0.0063 0.0101 
      H088.4  2 0.0080 0.0076 0.0074 0.0027 0.0044 0.0107 0.0076 0.0078 0.0049 0.0059 0.0072 0.0076 0.0052 0.8347 0.0083 0.0155 0.0054 0.0141 0.0045 0.0049 0.0042 0.0035 0.0150 0.0029 
      H088.5  2 0.0057 0.0088 0.0047 0.0041 0.0045 0.0048 0.0046 0.0058 0.0102 0.0089 0.0057 0.0064 0.0046 0.8512 0.0126 0.0081 0.0027 0.0105 0.0042 0.0083 0.0051 0.0040 0.0096 0.0050 
      H088.6  2 0.0078 0.0078 0.0052 0.0052 0.0057 0.0083 0.0055 0.0052 0.0105 0.0152 0.0096 0.0050 0.0055 0.8041 0.0230 0.0178 0.0047 0.0093 0.0055 0.0095 0.0037 0.0059 0.0125 0.0073 
      H088.7  2 0.0091 0.0043 0.0063 0.0054 0.0041 0.0041 0.0061 0.0053 0.0062 0.0091 0.0046 0.0048 0.0089 0.8498 0.0079 0.0128 0.0058 0.0060 0.0049 0.0046 0.0052 0.0046 0.0081 0.0122 
      H088.8  2 0.0133 0.0095 0.0061 0.0048 0.0056 0.0065 0.0075 0.0075 0.0089 0.0123 0.0138 0.0043 0.0064 0.6781 0.0406 0.0786 0.0083 0.0236 0.0067 0.0111 0.0056 0.0078 0.0217 0.0111 
      H091.1  2 0.0166 0.0078 0.0148 0.0191 0.0299 0.0062 0.0063 0.0073 0.0072 0.0068 0.0120 0.0090 0.0077 0.5057 0.0049 0.0088 0.0941 0.0877 0.0111 0.0392 0.0067 0.0090 0.0058 0.0763 
      H091.2  2 0.0418 0.0051 0.0077 0.0260 0.1189 0.0044 0.0065 0.0093 0.0065 0.0049 0.0096 0.0065 0.0084 0.5432 0.0064 0.0162 0.0326 0.0159 0.0039 0.0540 0.0054 0.0166 0.0040 0.0461 
      H109.1  2 0.0300 0.0104 0.0054 0.0210 0.0117 0.0045 0.0281 0.0070 0.0108 0.0216 0.0103 0.0097 0.0183 0.0045 0.0180 0.0094 0.0065 0.0048 0.0168 0.0056 0.0098 0.0068 0.7106 0.0186 
      H109.2  2 0.0077 0.0071 0.0050 0.0049 0.0044 0.0065 0.0069 0.0073 0.0039 0.0059 0.0033 0.0063 0.0095 0.0043 0.0053 0.0057 0.0044 0.0051 0.0054 0.0038 0.0038 0.0058 0.8721 0.0054 
      H109.3  2 0.0240 0.0088 0.0086 0.0074 0.0177 0.0062 0.0320 0.0051 0.0118 0.0143 0.0150 0.0192 0.0083 0.0113 0.0089 0.0129 0.0070 0.0074 0.0075 0.0179 0.0037 0.0062 0.6903 0.0487 
      H109.4  2 0.0104 0.0092 0.0069 0.0043 0.0085 0.0047 0.0101 0.0067 0.0103 0.0081 0.0059 0.0200 0.0079 0.0041 0.0152 0.0087 0.0041 0.0139 0.0079 0.0158 0.0047 0.0039 0.7974 0.0116 
      H109.5  2 0.0193 0.0045 0.0101 0.0039 0.0127 0.0082 0.0153 0.0057 0.0061 0.0357 0.0092 0.0098 0.0074 0.0193 0.0053 0.0293 0.0202 0.0095 0.0033 0.0072 0.0046 0.0059 0.7328 0.0149 
      H109.6  2 0.0138 0.0161 0.0087 0.0053 0.0073 0.0071 0.0092 0.0152 0.0241 0.0199 0.0075 0.0114 0.0158 0.0059 0.0353 0.0116 0.0081 0.0079 0.0062 0.0093 0.0041 0.0136 0.7267 0.0096 
      H126.1  2 0.4331 0.0157 0.0169 0.0052 0.0063 0.0042 0.0394 0.0320 0.0968 0.0139 0.0152 0.0600 0.0796 0.0078 0.0115 0.0069 0.0045 0.0147 0.0088 0.0428 0.0522 0.0050 0.0184 0.0091 
      H126.2  2 0.6634 0.0081 0.0135 0.0089 0.0047 0.0056 0.0085 0.0075 0.0291 0.0044 0.0113 0.0364 0.0124 0.0077 0.0064 0.0199 0.0281 0.0118 0.0177 0.0295 0.0215 0.0059 0.0180 0.0196 
      H126.3  2 0.6674 0.0047 0.0036 0.0085 0.0077 0.0024 0.0171 0.0061 0.0124 0.0062 0.0043 0.0068 0.1568 0.0175 0.0087 0.0227 0.0042 0.0078 0.0055 0.0082 0.0072 0.0040 0.0042 0.0057 
      H126.4  2 0.4304 0.0109 0.0124 0.0169 0.0092 0.0086 0.0316 0.0337 0.0232 0.0169 0.0158 0.1277 0.0390 0.0128 0.0166 0.0191 0.0130 0.0166 0.0117 0.0777 0.0194 0.0068 0.0139 0.0164 
      H126.5  2 0.3498 0.0122 0.0460 0.0078 0.0082 0.0053 0.0126 0.0716 0.0513 0.0053 0.0212 0.0370 0.0786 0.0063 0.0063 0.0201 0.0945 0.0093 0.0048 0.1131 0.0172 0.0075 0.0097 0.0045 
      H126.6  2 0.6690 0.0217 0.0176 0.0045 0.0058 0.0043 0.0056 0.0070 0.0085 0.0042 0.0066 0.0116 0.0886 0.0133 0.0051 0.0405 0.0165 0.0030 0.0052 0.0067 0.0410 0.0040 0.0041 0.0058 
      H126.7  2 0.3014 0.0099 0.0337 0.0088 0.0061 0.0092 0.0104 0.0056 0.0202 0.0039 0.0112 0.0081 0.0208 0.0762 0.0085 0.1770 0.1712 0.0144 0.0030 0.0367 0.0446 0.0077 0.0059 0.0054 
      H130.1  2 0.0742 0.2213 0.0181 0.0113 0.0079 0.0084 0.0105 0.3948 0.0128 0.0148 0.0155 0.0364 0.0053 0.0319 0.0278 0.0078 0.0065 0.0211 0.0056 0.0123 0.0077 0.0108 0.0212 0.0156 
      H130.2  2 0.0511 0.0665 0.0170 0.0446 0.0215 0.1851 0.0758 0.1102 0.0455 0.0083 0.0143 0.0372 0.0057 0.0452 0.0837 0.0302 0.0257 0.0098 0.0082 0.0091 0.0113 0.0219 0.0336 0.0384 
      H130.3  2 0.0203 0.2382 0.0075 0.0037 0.0049 0.0278 0.4017 0.0379 0.0206 0.0074 0.0663 0.0080 0.0049 0.0187 0.0160 0.0343 0.0194 0.0201 0.0035 0.0073 0.0061 0.0084 0.0058 0.0113 
      H130.4  2 0.0489 0.1571 0.0103 0.0193 0.0059 0.0190 0.0272 0.3120 0.0268 0.0123 0.0713 0.0737 0.0060 0.0374 0.0422 0.0099 0.0048 0.0118 0.0183 0.0093 0.0155 0.0223 0.0128 0.0258 
      H130.5  2 0.0514 0.1423 0.0193 0.0148 0.0067 0.0928 0.0449 0.3258 0.0133 0.0160 0.0073 0.0249 0.0050 0.0685 0.0131 0.0398 0.0258 0.0101 0.0052 0.0069 0.0228 0.0252 0.0091 0.0090 
      H133.1  2 0.0560 0.0264 0.0127 0.0093 0.0134 0.0127 0.2547 0.0345 0.0585 0.0130 0.0300 0.1473 0.0071 0.0209 0.0076 0.0608 0.0153 0.0069 0.0784 0.0074 0.0109 0.0070 0.0297 0.0795 
      H133.2  2 0.0550 0.0335 0.0165 0.0068 0.0123 0.0229 0.0261 0.0192 0.0291 0.0108 0.0176 0.5083 0.0071 0.0250 0.0088 0.0073 0.0101 0.0090 0.0071 0.0059 0.0290 0.0048 0.1035 0.0244 
      H133.3  2 0.1057 0.0148 0.0452 0.0103 0.0092 0.0175 0.0780 0.0252 0.0272 0.0166 0.0278 0.0234 0.0075 0.0834 0.0065 0.0782 0.0189 0.0079 0.0916 0.0176 0.0401 0.0082 0.0315 0.2077 
      H133.4  2 0.0220 0.0102 0.0098 0.0104 0.0441 0.0157 0.0684 0.0178 0.0337 0.0111 0.0405 0.2682 0.0062 0.0126 0.0239 0.0174 0.0099 0.0060 0.0367 0.0052 0.0164 0.0081 0.0445 0.2611 
      H133.5  2 0.1142 0.0330 0.0123 0.0064 0.0037 0.0166 0.3861 0.0134 0.0521 0.0054 0.0210 0.1473 0.0061 0.0444 0.0170 0.0061 0.0059 0.0046 0.0136 0.0106 0.0299 0.0039 0.0327 0.0136 
      H133.6  2 0.0498 0.0403 0.0151 0.0129 0.0041 0.0182 0.0642 0.0093 0.0154 0.0129 0.0114 0.4380 0.0133 0.1446 0.0115 0.0294 0.0053 0.0062 0.0081 0.0197 0.0271 0.0071 0.0260 0.0099 
      H133.7  2 0.0154 0.0072 0.0121 0.0058 0.0468 0.0050 0.0141 0.0281 0.0143 0.0202 0.0111 0.0432 0.0052 0.0123 0.0036 0.0112 0.0107 0.0106 0.0262 0.0068 0.0151 0.0188 0.0145 0.6414 
      H133.8  2 0.1299 0.0163 0.0086 0.0138 0.0827 0.0073 0.0677 0.0242 0.1798 0.0077 0.0159 0.1586 0.0078 0.0116 0.0042 0.0172 0.0060 0.0050 0.0412 0.0173 0.0325 0.0061 0.0205 0.1180 
      H133.9  2 0.0335 0.0294 0.0165 0.0140 0.0086 0.0113 0.3906 0.0252 0.0654 0.0119 0.0530 0.0912 0.0056 0.0230 0.0059 0.0409 0.0123 0.0080 0.0654 0.0076 0.0125 0.0075 0.0138 0.0469 
      H147.1  2 0.0072 0.0062 0.0152 0.0094 0.0838 0.0166 0.0059 0.0085 0.0047 0.0168 0.0030 0.0059 0.0081 0.0066 0.0036 0.0049 0.7293 0.0137 0.0076 0.0030 0.0166 0.0071 0.0106 0.0057 
      H147.2  2 0.0045 0.0061 0.0124 0.0036 0.0070 0.0118 0.0041 0.0072 0.0053 0.0050 0.0031 0.0051 0.0077 0.0073 0.0040 0.0073 0.8687 0.0061 0.0037 0.0030 0.0050 0.0044 0.0042 0.0034 
      H147.3  2 0.0046 0.0050 0.0080 0.0034 0.0044 0.0066 0.0043 0.0060 0.0049 0.0051 0.0037 0.0037 0.0043 0.0035 0.0023 0.0033 0.8975 0.0037 0.0040 0.0033 0.0077 0.0038 0.0039 0.0028 
      H147.4  2 0.0037 0.0028 0.0041 0.0054 0.0049 0.0072 0.0036 0.0029 0.0035 0.0032 0.0030 0.0032 0.0034 0.0031 0.0024 0.0040 0.9106 0.0043 0.0062 0.0033 0.0043 0.0026 0.0037 0.0047 
      H147.5  2 0.0107 0.0072 0.0143 0.0111 0.0080 0.0179 0.0067 0.0067 0.0061 0.0148 0.0041 0.0039 0.0072 0.0340 0.0071 0.0048 0.7703 0.0255 0.0040 0.0050 0.0077 0.0052 0.0134 0.0045 
      H147.6  2 0.0080 0.0044 0.0148 0.0065 0.0137 0.0153 0.0091 0.0055 0.0067 0.0083 0.0058 0.0050 0.0078 0.0458 0.0093 0.0073 0.7500 0.0185 0.0046 0.0057 0.0075 0.0042 0.0312 0.0048 
      H147.7  2 0.0045 0.0045 0.0069 0.0082 0.0089 0.0070 0.0033 0.0037 0.0044 0.0052 0.0045 0.0035 0.0045 0.0033 0.0027 0.0062 0.8801 0.0062 0.0081 0.0030 0.0037 0.0044 0.0082 0.0051 
      H147.8  2 0.0082 0.0035 0.0052 0.0086 0.0083 0.0099 0.0064 0.0034 0.0034 0.0051 0.0028 0.0026 0.0063 0.0233 0.0061 0.0090 0.8368 0.0123 0.0100 0.0037 0.0053 0.0025 0.0108 0.0066 
      H147.9  2 0.0043 0.0035 0.0063 0.0039 0.0065 0.0056 0.0036 0.0049 0.0051 0.0038 0.0032 0.0035 0.0038 0.0035 0.0028 0.0040 0.9024 0.0044 0.0038 0.0033 0.0053 0.0028 0.0059 0.0038 
      H148.1  2 0.0218 0.0561 0.0576 0.0240 0.0201 0.0390 0.0728 0.1569 0.0166 0.0622 0.0057 0.0521 0.0591 0.0225 0.0683 0.0099 0.0173 0.0379 0.0441 0.0111 0.0103 0.0292 0.0820 0.0234 
      H148.2  2 0.0370 0.0439 0.0195 0.0167 0.0134 0.0171 0.1130 0.1115 0.0143 0.3221 0.0047 0.0224 0.0361 0.0074 0.0439 0.0128 0.0166 0.0089 0.0340 0.0082 0.0163 0.0452 0.0245 0.0104 
      H148.3  2 0.0185 0.0095 0.0148 0.0104 0.0501 0.0468 0.0084 0.0291 0.0338 0.2530 0.0073 0.0131 0.0174 0.0098 0.0391 0.0163 0.0263 0.0294 0.0797 0.0209 0.0174 0.2104 0.0123 0.0264 
      H148.4  2 0.0176 0.0371 0.0527 0.0069 0.0334 0.0107 0.0307 0.2277 0.0238 0.1179 0.0076 0.0260 0.0265 0.0083 0.2246 0.0105 0.0171 0.0200 0.0247 0.0076 0.0160 0.0293 0.0146 0.0086 
      H148.5  2 0.0117 0.0115 0.0106 0.0093 0.0062 0.0309 0.0145 0.0157 0.0579 0.3269 0.0063 0.0068 0.0274 0.0165 0.1563 0.0114 0.0083 0.0195 0.0287 0.0114 0.0095 0.1711 0.0215 0.0104 
      H148.6  2 0.0123 0.0331 0.0171 0.0304 0.0205 0.0188 0.0313 0.1211 0.0086 0.1601 0.0037 0.0090 0.0266 0.0115 0.0713 0.0138 0.0176 0.0471 0.1435 0.0056 0.0136 0.1464 0.0235 0.0135 
      H148.7  2 0.0159 0.0175 0.0161 0.0130 0.0131 0.0119 0.1314 0.0580 0.0241 0.3039 0.0098 0.0121 0.0161 0.0153 0.1630 0.0066 0.0092 0.0331 0.0222 0.0133 0.0059 0.0414 0.0285 0.0185 
      H148.8  2 0.0096 0.0217 0.0092 0.0053 0.0122 0.0083 0.0255 0.2735 0.0089 0.2760 0.0045 0.0095 0.0110 0.0183 0.0489 0.0062 0.0092 0.0714 0.0275 0.0058 0.0092 0.1123 0.0111 0.0052 
      H148.9  2 0.0164 0.0234 0.0103 0.0169 0.0235 0.0200 0.0877 0.1445 0.0402 0.0455 0.0087 0.0105 0.1204 0.0078 0.0559 0.0070 0.0112 0.0208 0.0869 0.0284 0.0623 0.0766 0.0154 0.0599 
   H166022.1  2 0.0297 0.0133 0.0121 0.0582 0.0208 0.0234 0.0135 0.0150 0.0073 0.0123 0.0046 0.0039 0.0079 0.4918 0.0058 0.0096 0.0549 0.1332 0.0126 0.0052 0.0122 0.0078 0.0366 0.0084 
   H166022.2  2 0.0198 0.0088 0.1056 0.0535 0.0241 0.0402 0.0244 0.0172 0.0111 0.0120 0.0135 0.0068 0.0129 0.3132 0.0196 0.0275 0.0755 0.0809 0.0138 0.0104 0.0124 0.0208 0.0620 0.0143 
   H166022.3  2 0.0072 0.0253 0.0147 0.1342 0.0049 0.0089 0.0307 0.0145 0.0098 0.0105 0.0069 0.0026 0.0048 0.4351 0.0195 0.0048 0.0054 0.2011 0.0045 0.0064 0.0050 0.0126 0.0142 0.0161 
   H166022.4  2 0.0082 0.0188 0.0192 0.0164 0.0037 0.0078 0.0152 0.0071 0.0070 0.0110 0.0114 0.0028 0.0050 0.7588 0.0190 0.0057 0.0074 0.0382 0.0040 0.0098 0.0035 0.0056 0.0066 0.0079 
   H166022.5  2 0.0121 0.0153 0.0205 0.0230 0.0067 0.0460 0.0309 0.0079 0.0060 0.0072 0.0108 0.0039 0.0065 0.6430 0.0081 0.0078 0.0174 0.0602 0.0037 0.0057 0.0036 0.0080 0.0382 0.0076 
   H166022.6  2 0.0106 0.0864 0.0316 0.0284 0.0079 0.0193 0.0125 0.0367 0.0076 0.0147 0.0122 0.0105 0.0066 0.4201 0.0078 0.0058 0.0193 0.1667 0.0172 0.0056 0.0083 0.0051 0.0177 0.0415 
   H166022.7  2 0.0087 0.0037 0.0051 0.0033 0.0098 0.0059 0.0057 0.0054 0.0058 0.0047 0.0068 0.0081 0.0044 0.0065 0.8444 0.0077 0.0055 0.0048 0.0054 0.0064 0.0038 0.0038 0.0286 0.0056 
   H166022.8  2 0.0394 0.0262 0.2384 0.0475 0.0091 0.1250 0.0275 0.1083 0.0138 0.0128 0.0219 0.0184 0.0094 0.1014 0.0074 0.0087 0.0529 0.0581 0.0069 0.0044 0.0181 0.0074 0.0238 0.0132 
   H167397.1  2 0.0139 0.0052 0.0161 0.0053 0.1545 0.0207 0.0091 0.0064 0.0042 0.0077 0.0061 0.0384 0.0115 0.0285 0.0085 0.0316 0.0218 0.1343 0.4220 0.0097 0.0059 0.0128 0.0207 0.0052 
   H167397.2  2 0.0405 0.0059 0.0410 0.0313 0.0202 0.0225 0.0193 0.0531 0.0051 0.0110 0.0106 0.0217 0.0082 0.0173 0.0123 0.0113 0.0923 0.0082 0.5005 0.0069 0.0387 0.0074 0.0048 0.0098 
   H167397.3  2 0.0196 0.0045 0.0100 0.0069 0.0747 0.0140 0.0122 0.0131 0.0049 0.0048 0.0125 0.0284 0.0294 0.0171 0.0048 0.0548 0.0269 0.0435 0.5671 0.0056 0.0054 0.0126 0.0207 0.0066 
   H167397.4  2 0.0236 0.0050 0.0078 0.0188 0.0368 0.0151 0.0212 0.0153 0.0065 0.0384 0.0078 0.0050 0.0125 0.0181 0.0131 0.0125 0.0525 0.0072 0.5841 0.0097 0.0369 0.0089 0.0073 0.0359 
   H167397.5  2 0.0135 0.0070 0.0503 0.0091 0.0582 0.0338 0.0207 0.0209 0.0056 0.0071 0.0054 0.0239 0.0068 0.0270 0.0195 0.0103 0.0442 0.0220 0.5687 0.0126 0.0062 0.0108 0.0097 0.0066 
   H167397.6  2 0.0288 0.0061 0.0087 0.0084 0.0854 0.0064 0.0157 0.0211 0.0046 0.0164 0.0265 0.0111 0.0557 0.0187 0.0074 0.0480 0.0147 0.0177 0.5528 0.0079 0.0109 0.0076 0.0065 0.0130 
   H167496.1  2 0.0270 0.0741 0.0241 0.0208 0.0056 0.0099 0.0304 0.0098 0.0097 0.1518 0.0257 0.0085 0.0156 0.2395 0.0085 0.0325 0.0053 0.0458 0.0073 0.1033 0.0054 0.0554 0.0558 0.0280 
   H167496.2  2 0.0474 0.0469 0.1256 0.0083 0.0125 0.0132 0.0168 0.0158 0.0417 0.0469 0.0161 0.0211 0.0647 0.0639 0.0537 0.1394 0.0165 0.0078 0.0101 0.0247 0.0135 0.0875 0.0698 0.0362 
   H167496.3  2 0.0229 0.1233 0.0317 0.0648 0.0103 0.0128 0.0224 0.0555 0.0452 0.0299 0.0247 0.0075 0.0085 0.1919 0.0045 0.0182 0.0594 0.0375 0.0060 0.0327 0.0854 0.0643 0.0041 0.0368 
   H167496.4  2 0.0070 0.0043 0.0050 0.0046 0.0049 0.0052 0.0063 0.0047 0.0046 0.0051 0.0040 0.0030 0.0057 0.8789 0.0040 0.0069 0.0106 0.0063 0.0044 0.0065 0.0053 0.0035 0.0047 0.0045 
   H167496.6  2 0.0080 0.0064 0.0783 0.0049 0.0063 0.0073 0.0148 0.0080 0.0100 0.0072 0.0103 0.0063 0.0102 0.7256 0.0059 0.0083 0.0366 0.0090 0.0050 0.0071 0.0065 0.0041 0.0077 0.0063 
   H167496.7  2 0.0240 0.2453 0.0664 0.0209 0.0923 0.0093 0.0278 0.0532 0.0104 0.0086 0.0134 0.0098 0.0291 0.0427 0.0051 0.0076 0.0244 0.1377 0.0045 0.0475 0.0048 0.0521 0.0330 0.0301 
   H167496.8  2 0.0088 0.0042 0.0495 0.0073 0.0129 0.0067 0.0073 0.0070 0.0095 0.0064 0.0052 0.0045 0.0189 0.7621 0.0074 0.0078 0.0290 0.0053 0.0051 0.0041 0.0048 0.0047 0.0133 0.0083 
   H167513.1  2 0.0144 0.0266 0.0115 0.0098 0.0121 0.0074 0.0124 0.0062 0.0050 0.0071 0.0069 0.0083 0.0077 0.0083 0.0101 0.0038 0.0076 0.0066 0.0078 0.0042 0.0064 0.0037 0.0101 0.7960 
   H167513.2  2 0.0153 0.0107 0.0143 0.0050 0.0158 0.0043 0.0047 0.0148 0.0078 0.0167 0.0059 0.0115 0.0116 0.0108 0.0041 0.0062 0.0074 0.0200 0.0231 0.0050 0.0076 0.0114 0.0367 0.7293 
   H167513.3  2 0.0161 0.0105 0.0074 0.0188 0.0106 0.0419 0.0416 0.0067 0.0098 0.0035 0.0217 0.0055 0.0112 0.0062 0.0067 0.0053 0.0145 0.0123 0.0070 0.0064 0.0050 0.0114 0.0494 0.6707 
   H167513.4  2 0.0194 0.0113 0.0177 0.0641 0.0177 0.0105 0.0720 0.0115 0.0103 0.0109 0.0071 0.0104 0.0229 0.0218 0.0081 0.0148 0.0057 0.0075 0.0084 0.0034 0.0087 0.0111 0.0118 0.6127 
   H167513.5  2 0.0082 0.0056 0.0121 0.0077 0.0090 0.0039 0.0050 0.0088 0.0072 0.0154 0.0032 0.0178 0.0068 0.0159 0.0041 0.0063 0.0059 0.0070 0.0142 0.0034 0.0071 0.0059 0.0246 0.7949 
   H167513.6  2 0.0798 0.0157 0.0104 0.0178 0.0140 0.0256 0.0102 0.0091 0.0097 0.0059 0.0074 0.0120 0.0157 0.0167 0.0068 0.0098 0.0094 0.0218 0.0128 0.0056 0.0095 0.0127 0.0559 0.6056 
   H167513.7  2 0.0160 0.0071 0.0078 0.0262 0.0062 0.0093 0.0173 0.0067 0.0093 0.0039 0.0059 0.0113 0.0098 0.0097 0.0040 0.0113 0.0072 0.0047 0.0224 0.0036 0.0081 0.0041 0.0435 0.7446 
   H167513.8  2 0.0099 0.0058 0.0082 0.0072 0.0085 0.0164 0.0193 0.0038 0.0151 0.0026 0.0075 0.0138 0.0070 0.0046 0.0071 0.0059 0.0112 0.0058 0.0140 0.0048 0.0033 0.0039 0.0909 0.7234 
   H167547.1  2 0.0041 0.0200 0.0079 0.0065 0.0125 0.0047 0.0069 0.0306 0.0088 0.0094 0.0056 0.0059 0.0058 0.0041 0.0083 0.0040 0.0063 0.7847 0.0089 0.0058 0.0046 0.0338 0.0042 0.0065 
   H167547.2  2 0.0049 0.0094 0.0071 0.0070 0.0136 0.0039 0.0046 0.0160 0.0044 0.0077 0.0068 0.0041 0.0063 0.0056 0.0031 0.0046 0.0052 0.8340 0.0066 0.0073 0.0056 0.0220 0.0051 0.0050 
