      H008.1  2 0.0087 0.0093 0.0229 0.0096 0.0067 0.0118 0.0081 0.0092 0.0080 0.0131 0.7485 0.0136 0.0063 0.0359 0.0135 0.0056 0.0340 0.0069 0.0154 0.0130 
      H008.2  2 0.0103 0.0400 0.0119 0.0241 0.0525 0.0165 0.0049 0.0146 0.0104 0.0672 0.0425 0.0233 0.0135 0.0602 0.0264 0.0129 0.4521 0.0285 0.0175 0.0706 
      H008.3  2 0.0365 0.0212 0.1072 0.0150 0.0400 0.0065 0.0083 0.0101 0.0210 0.0171 0.0299 0.0383 0.0180 0.1815 0.0209 0.0091 0.3185 0.0202 0.0284 0.0522 
      H008.4  2 0.0078 0.0187 0.0070 0.0134 0.0155 0.0135 0.0079 0.0102 0.0216 0.0120 0.4001 0.0128 0.0423 0.1100 0.0334 0.0339 0.1174 0.0393 0.0467 0.0364 
      H008.5  2 0.0097 0.0241 0.0140 0.0142 0.0244 0.0084 0.0058 0.0066 0.0288 0.0065 0.5771 0.0145 0.0240 0.0574 0.0132 0.0065 0.1019 0.0169 0.0254 0.0203 
      H008.6  2 0.0127 0.0568 0.0106 0.0137 0.0258 0.0097 0.0053 0.0159 0.0182 0.0189 0.0989 0.0053 0.0183 0.0387 0.0745 0.0206 0.4370 0.0568 0.0233 0.0391 
      H008.7  2 0.0105 0.0206 0.0109 0.0065 0.0131 0.0144 0.0118 0.0149 0.0272 0.0310 0.1822 0.0329 0.0255 0.0797 0.0408 0.0184 0.3532 0.0394 0.0210 0.0460 
      H008.8  2 0.0267 0.0103 0.0162 0.0089 0.0442 0.0244 0.0059 0.0490 0.0108 0.2765 0.0843 0.0225 0.0120 0.1983 0.0907 0.0093 0.0123 0.0096 0.0219 0.0663 
      H008.9  2 0.0131 0.0191 0.0129 0.0149 0.0239 0.0052 0.0074 0.0126 0.0113 0.0246 0.0121 0.0091 0.0137 0.0313 0.2703 0.0091 0.3839 0.0565 0.0312 0.0378 
 H029.1_2002  2 0.0121 0.0077 0.0064 0.0064 0.0048 0.0093 0.0058 0.0238 0.0325 0.0192 0.6503 0.0077 0.1042 0.0066 0.0167 0.0373 0.0066 0.0146 0.0079 0.0200 
 H029.1_2003  2 0.0179 0.0137 0.0392 0.0155 0.0116 0.0064 0.0054 0.0105 0.3423 0.0347 0.0302 0.0053 0.0118 0.0161 0.0247 0.0087 0.0121 0.0141 0.0299 0.3500 
 H029.2_2002  2 0.0279 0.0470 0.0088 0.0061 0.0190 0.0096 0.0055 0.0060 0.1148 0.0089 0.5461 0.0381 0.0110 0.0108 0.0095 0.0079 0.0192 0.0398 0.0172 0.0468 
 H029.2_2003  2 0.0362 0.0567 0.0258 0.0153 0.0155 0.0076 0.0047 0.0086 0.3067 0.0092 0.0757 0.0066 0.0069 0.0085 0.0120 0.0047 0.0158 0.0161 0.0086 0.3589 
 H029.3_2002  2 0.0336 0.0222 0.0166 0.0255 0.0237 0.0127 0.0070 0.0100 0.1434 0.0406 0.2288 0.0391 0.0081 0.0478 0.0075 0.0119 0.0112 0.1484 0.0223 0.1393 
 H029.3_2003  2 0.0112 0.0141 0.0142 0.0110 0.0059 0.0197 0.0045 0.0044 0.3026 0.0104 0.4843 0.0076 0.0103 0.0107 0.0062 0.0057 0.0251 0.0076 0.0172 0.0272 
 H029.4_2002  2 0.0032 0.0042 0.0075 0.0086 0.0037 0.0173 0.0052 0.0053 0.0544 0.0110 0.7787 0.0106 0.0111 0.0149 0.0047 0.0095 0.0055 0.0161 0.0163 0.0120 
 H029.4_2003  2 0.0086 0.0072 0.1626 0.0154 0.0135 0.1053 0.0040 0.0179 0.1714 0.0363 0.1502 0.0081 0.0605 0.0380 0.0090 0.0147 0.0105 0.0276 0.0257 0.1137 
 H029.5_2002  2 0.0071 0.0060 0.0075 0.0060 0.0032 0.0115 0.0068 0.0056 0.0311 0.0063 0.7842 0.0100 0.0526 0.0059 0.0085 0.0116 0.0084 0.0051 0.0135 0.0094 
 H029.5_2003  2 0.0075 0.0181 0.0262 0.0080 0.0048 0.0150 0.0039 0.0094 0.1808 0.0247 0.3876 0.0044 0.0164 0.0156 0.0104 0.0075 0.0202 0.0101 0.0113 0.2181 
 H029.6_2002  2 0.0062 0.0056 0.0044 0.0063 0.0064 0.0074 0.0074 0.0058 0.5170 0.0345 0.2733 0.0172 0.0081 0.0165 0.0049 0.0065 0.0055 0.0419 0.0124 0.0128 
 H029.6_2003  2 0.0247 0.0375 0.1163 0.0161 0.0091 0.1018 0.0081 0.0081 0.0316 0.0123 0.4313 0.0084 0.0375 0.0100 0.0191 0.0051 0.0155 0.0094 0.0266 0.0714 
      H029.7  2 0.0116 0.0131 0.0135 0.0045 0.0165 0.0163 0.0048 0.0093 0.0506 0.0070 0.7317 0.0191 0.0246 0.0087 0.0080 0.0048 0.0055 0.0244 0.0087 0.0173 
      H030.1  2 0.0521 0.0506 0.0118 0.3435 0.0095 0.0441 0.0346 0.0089 0.1853 0.0165 0.0358 0.0131 0.0450 0.0096 0.0125 0.0066 0.0467 0.0043 0.0079 0.0616 
      H030.2  2 0.0157 0.0058 0.0259 0.2939 0.0047 0.0194 0.0265 0.0073 0.0208 0.0065 0.0576 0.1156 0.0153 0.0205 0.0072 0.1878 0.0393 0.0695 0.0084 0.0523 
      H038.1  2 0.0047 0.0052 0.0046 0.0059 0.0072 0.0100 0.0030 0.0105 0.0083 0.0089 0.8562 0.0036 0.0038 0.0081 0.0081 0.0054 0.0048 0.0253 0.0066 0.0097 
      H038.2  2 0.0050 0.0061 0.0064 0.0062 0.0029 0.0063 0.0137 0.0071 0.0092 0.0040 0.8702 0.0062 0.0106 0.0084 0.0031 0.0101 0.0051 0.0060 0.0044 0.0091 
      H038.3  2 0.0090 0.0059 0.0046 0.0117 0.0038 0.0298 0.0110 0.0153 0.0045 0.0081 0.7753 0.0087 0.0095 0.0080 0.0057 0.0171 0.0112 0.0360 0.0089 0.0160 
      H038.4  2 0.0081 0.0047 0.0042 0.0064 0.0038 0.0269 0.0164 0.0074 0.0048 0.0079 0.8224 0.0069 0.0083 0.0063 0.0050 0.0101 0.0103 0.0213 0.0110 0.0079 
      H038.5  2 0.0044 0.0069 0.0137 0.0158 0.0034 0.0303 0.0085 0.0051 0.0098 0.0190 0.7962 0.0079 0.0062 0.0086 0.0047 0.0054 0.0077 0.0268 0.0066 0.0130 
      H038.6  2 0.0068 0.0068 0.0124 0.0120 0.0040 0.0074 0.0032 0.0050 0.0107 0.0080 0.8630 0.0046 0.0061 0.0094 0.0048 0.0068 0.0062 0.0113 0.0048 0.0066 
      H038.7  2 0.0125 0.0066 0.0055 0.0080 0.0029 0.0258 0.0043 0.0067 0.0056 0.0063 0.8432 0.0032 0.0077 0.0069 0.0044 0.0171 0.0079 0.0107 0.0041 0.0106 
      H038.8  2 0.0074 0.0065 0.0048 0.0074 0.0030 0.0161 0.0158 0.0093 0.0041 0.0068 0.7694 0.0080 0.0085 0.0072 0.0040 0.0135 0.0051 0.0826 0.0061 0.0146 
      H041.1  2 0.0070 0.0082 0.0117 0.0045 0.0118 0.4167 0.0121 0.0047 0.1340 0.0033 0.1042 0.1040 0.0406 0.0104 0.0130 0.0130 0.0251 0.0223 0.0202 0.0332 
      H041.2  2 0.0095 0.0096 0.0060 0.0068 0.0087 0.0167 0.0064 0.0089 0.0844 0.0055 0.0344 0.0093 0.5696 0.0097 0.0152 0.0144 0.0237 0.0168 0.1295 0.0149 
      H041.4  2 0.0103 0.0067 0.0792 0.0088 0.0181 0.0387 0.0131 0.0109 0.2148 0.0117 0.2600 0.0152 0.0265 0.0103 0.0469 0.0112 0.0352 0.0258 0.0773 0.0794 
      H041.6  2 0.0192 0.0056 0.0596 0.0092 0.0339 0.0232 0.0133 0.0348 0.1945 0.0069 0.2488 0.0167 0.0596 0.0164 0.0312 0.0229 0.0291 0.0161 0.1001 0.0590 
 H042.1_2002  2 0.0085 0.0201 0.0159 0.0074 0.0131 0.0099 0.0544 0.0297 0.5975 0.0041 0.0077 0.0090 0.0431 0.0639 0.0363 0.0150 0.0087 0.0159 0.0190 0.0208 
 H042.1_2003  2 0.0998 0.0530 0.0175 0.0258 0.0146 0.0119 0.0152 0.0426 0.0136 0.0148 0.0757 0.0125 0.0901 0.0195 0.0293 0.0255 0.1910 0.0874 0.0700 0.0901 
 H042.2_2002  2 0.0073 0.0136 0.0128 0.0057 0.0098 0.0097 0.0083 0.0049 0.5988 0.0082 0.0437 0.0060 0.0063 0.0366 0.0056 0.1459 0.0059 0.0246 0.0181 0.0283 
 H042.2_2003  2 0.0100 0.0110 0.0151 0.0094 0.0078 0.0077 0.0079 0.0099 0.0287 0.0072 0.0568 0.0043 0.6638 0.0104 0.0212 0.0136 0.0136 0.0066 0.0868 0.0083 
 H042.3_2002  2 0.0067 0.0228 0.0476 0.0131 0.0137 0.0222 0.0198 0.0238 0.3835 0.0076 0.0075 0.0056 0.0141 0.1373 0.0152 0.0839 0.0125 0.0271 0.0658 0.0700 
 H042.3_2003  2 0.0071 0.0139 0.1276 0.0138 0.0131 0.0817 0.0213 0.0229 0.0852 0.0084 0.0241 0.0211 0.0350 0.1490 0.0155 0.0662 0.0239 0.0365 0.0241 0.2095 
 H042.4_2002  2 0.0050 0.0088 0.0163 0.0099 0.0068 0.0159 0.0230 0.0127 0.6946 0.0061 0.0229 0.0062 0.0498 0.0084 0.0220 0.0058 0.0063 0.0164 0.0190 0.0441 
 H042.4_2003  2 0.0109 0.0103 0.0121 0.0061 0.0178 0.0546 0.0147 0.0418 0.5199 0.0039 0.0529 0.0186 0.1655 0.0083 0.0144 0.0080 0.0116 0.0062 0.0091 0.0136 
      H042.5  2 0.0046 0.0117 0.0215 0.0044 0.0146 0.0056 0.0106 0.0119 0.8119 0.0038 0.0051 0.0043 0.0358 0.0089 0.0091 0.0056 0.0118 0.0034 0.0088 0.0067 
      H042.6  2 0.0089 0.0106 0.0064 0.0049 0.0316 0.0211 0.0112 0.0269 0.7576 0.0055 0.0093 0.0082 0.0072 0.0316 0.0069 0.0117 0.0057 0.0064 0.0042 0.0242 
      H042.7  2 0.0200 0.0111 0.0176 0.0052 0.0082 0.0434 0.0750 0.0321 0.3835 0.0066 0.0165 0.0083 0.0293 0.0381 0.0091 0.0822 0.0097 0.0061 0.1304 0.0676 
      H042.8  2 0.0061 0.0198 0.0292 0.0043 0.0220 0.0101 0.0106 0.0095 0.6426 0.0072 0.0099 0.0037 0.0159 0.0233 0.0218 0.0438 0.0165 0.0260 0.0582 0.0196 
   H042_2002  2 0.0191 0.0195 0.0475 0.0085 0.0511 0.0552 0.0100 0.0735 0.0483 0.0104 0.0508 0.0054 0.0665 0.1088 0.0250 0.2230 0.0283 0.0312 0.0389 0.0790 
   H042_2003  2 0.0183 0.0230 0.0421 0.0104 0.0558 0.0458 0.0085 0.0445 0.0587 0.0093 0.0565 0.0050 0.0604 0.1007 0.0361 0.2011 0.0244 0.0309 0.0535 0.1149 
      H043.1  2 0.0097 0.0062 0.0055 0.0063 0.0071 0.8727 0.0045 0.0093 0.0056 0.0065 0.0086 0.0075 0.0037 0.0102 0.0030 0.0053 0.0060 0.0111 0.0035 0.0076 
      H043.2  2 0.0111 0.0115 0.0074 0.0062 0.0321 0.7057 0.0042 0.0768 0.0042 0.0123 0.0180 0.0030 0.0045 0.0230 0.0098 0.0048 0.0057 0.0302 0.0118 0.0179 
      H043.3  2 0.0133 0.0084 0.0054 0.0044 0.0091 0.8400 0.0036 0.0086 0.0052 0.0053 0.0277 0.0032 0.0071 0.0142 0.0076 0.0116 0.0051 0.0066 0.0057 0.0079 
      H043.4  2 0.0121 0.0124 0.0039 0.0052 0.0159 0.8048 0.0038 0.0384 0.0057 0.0050 0.0208 0.0041 0.0058 0.0101 0.0055 0.0095 0.0059 0.0165 0.0044 0.0102 
      H043.5  2 0.0063 0.0065 0.0065 0.0052 0.0044 0.8004 0.0049 0.0212 0.0046 0.0118 0.0158 0.0049 0.0053 0.0270 0.0084 0.0067 0.0072 0.0316 0.0123 0.0092 
      H043.6  2 0.0055 0.0049 0.0044 0.0048 0.0067 0.8392 0.0034 0.0174 0.0056 0.0061 0.0228 0.0031 0.0044 0.0120 0.0071 0.0064 0.0034 0.0226 0.0080 0.0121 
      H043.7  2 0.0109 0.0047 0.0041 0.0041 0.0252 0.8574 0.0040 0.0211 0.0044 0.0034 0.0096 0.0031 0.0041 0.0059 0.0071 0.0057 0.0037 0.0100 0.0048 0.0066 
      H043.8  2 0.0053 0.0048 0.0036 0.0063 0.0083 0.8714 0.0044 0.0122 0.0037 0.0171 0.0074 0.0066 0.0035 0.0140 0.0049 0.0054 0.0035 0.0059 0.0059 0.0058 
      H043.9  2 0.0067 0.0039 0.0049 0.0054 0.0081 0.8829 0.0038 0.0054 0.0069 0.0059 0.0102 0.0056 0.0039 0.0089 0.0034 0.0094 0.0054 0.0075 0.0038 0.0081 
      H047.1  2 0.0083 0.0145 0.0100 0.0050 0.0064 0.0051 0.0042 0.0200 0.0050 0.0032 0.4554 0.0037 0.0075 0.0152 0.0065 0.0618 0.3437 0.0069 0.0066 0.0111 
      H047.2  2 0.0472 0.0386 0.0072 0.0078 0.0065 0.0266 0.0100 0.0199 0.0113 0.0148 0.2105 0.0275 0.0139 0.0062 0.0176 0.0105 0.4871 0.0046 0.0143 0.0179 
      H047.3  2 0.0274 0.0425 0.0108 0.0077 0.0123 0.0109 0.0106 0.0163 0.0142 0.0179 0.1570 0.0211 0.0174 0.0090 0.0126 0.0417 0.5161 0.0039 0.0310 0.0196 
      H047.4  2 0.0663 0.0091 0.0135 0.0092 0.0072 0.0370 0.0132 0.0255 0.0319 0.0123 0.3313 0.0077 0.0544 0.0085 0.0197 0.0463 0.2216 0.0044 0.0313 0.0497 
      H047.5  2 0.0279 0.0208 0.0096 0.0068 0.0275 0.0247 0.0091 0.0118 0.0108 0.0081 0.2057 0.0057 0.0072 0.0115 0.0126 0.1001 0.4576 0.0036 0.0185 0.0206 
      H047.6  2 0.0180 0.0106 0.0057 0.0049 0.0074 0.0086 0.0061 0.0145 0.0310 0.0085 0.0495 0.0089 0.0474 0.0035 0.0086 0.0496 0.6755 0.0048 0.0197 0.0172 
      H047.7  2 0.0048 0.0113 0.0105 0.0048 0.0056 0.0039 0.0069 0.0160 0.0097 0.0033 0.4557 0.0069 0.0182 0.0144 0.0053 0.1282 0.2602 0.0107 0.0111 0.0124 
      H047.8  2 0.0160 0.0160 0.0104 0.0047 0.0083 0.0067 0.0057 0.0229 0.0274 0.0054 0.0980 0.0067 0.0373 0.0090 0.0093 0.0607 0.6146 0.0038 0.0252 0.0117 
      H047.9  2 0.0104 0.0455 0.0125 0.0060 0.0260 0.0121 0.0360 0.0101 0.0092 0.0045 0.3904 0.0047 0.0178 0.0246 0.0137 0.1547 0.1824 0.0037 0.0120 0.0239 
 H071.1_2002  2 0.0065 0.0084 0.0046 0.0065 0.0070 0.0122 0.0039 0.0063 0.0051 0.0040 0.8806 0.0033 0.0059 0.0082 0.0081 0.0066 0.0050 0.0060 0.0049 0.0069 
 H071.1_2003  2 0.0366 0.0124 0.0087 0.0379 0.0401 0.0581 0.0062 0.0170 0.0070 0.0046 0.6603 0.0037 0.0092 0.0068 0.0314 0.0074 0.0113 0.0082 0.0162 0.0170 
     H071.10  2 0.0045 0.0038 0.0048 0.0157 0.0050 0.0113 0.0083 0.0068 0.0051 0.0071 0.8412 0.0070 0.0041 0.0380 0.0034 0.0104 0.0029 0.0075 0.0040 0.0088 
 H071.2_2002  2 0.0056 0.0064 0.0076 0.0071 0.0155 0.0124 0.0051 0.0218 0.0043 0.0146 0.8205 0.0035 0.0045 0.0119 0.0124 0.0095 0.0087 0.0082 0.0105 0.0101 
 H071.2_2003  2 0.0044 0.0053 0.0035 0.0039 0.0050 0.0049 0.0033 0.0052 0.0044 0.0035 0.9193 0.0033 0.0050 0.0051 0.0048 0.0038 0.0039 0.0030 0.0043 0.0042 
      H071.3  2 0.0117 0.0044 0.0090 0.0362 0.0062 0.0221 0.0100 0.0051 0.0046 0.0071 0.7506 0.0073 0.0097 0.0385 0.0049 0.0142 0.0142 0.0071 0.0078 0.0292 
 H071.4_2002  2 0.0063 0.0063 0.0050 0.0149 0.0079 0.0283 0.0147 0.0126 0.0058 0.0157 0.7923 0.0070 0.0041 0.0238 0.0063 0.0126 0.0047 0.0128 0.0071 0.0118 
 H071.4_2003  2 0.0046 0.0050 0.0071 0.0092 0.0046 0.0045 0.0065 0.0047 0.0040 0.0057 0.8698 0.0045 0.0062 0.0353 0.0030 0.0076 0.0053 0.0031 0.0032 0.0059 
 H071.5_2002  2 0.0037 0.0039 0.0049 0.0069 0.0053 0.0094 0.0064 0.0047 0.0045 0.0046 0.8947 0.0049 0.0042 0.0114 0.0038 0.0092 0.0036 0.0049 0.0033 0.0056 
 H071.5_2003  2 0.0144 0.0088 0.0129 0.0260 0.0077 0.0296 0.0129 0.0072 0.0043 0.0073 0.7199 0.0038 0.0095 0.0645 0.0112 0.0251 0.0073 0.0037 0.0046 0.0193 
 H071.6_2002  2 0.0080 0.0041 0.0052 0.0129 0.0082 0.0076 0.0065 0.0066 0.0042 0.0143 0.6493 0.0041 0.0036 0.2175 0.0045 0.0206 0.0047 0.0043 0.0044 0.0095 
 H071.6_2003  2 0.0083 0.0084 0.0059 0.0284 0.0058 0.0380 0.0059 0.0085 0.0054 0.0062 0.8083 0.0040 0.0054 0.0168 0.0083 0.0160 0.0051 0.0034 0.0040 0.0079 
 H071.7_2002  2 0.0117 0.0043 0.0049 0.0036 0.0071 0.0079 0.0034 0.0053 0.0045 0.0055 0.8815 0.0028 0.0044 0.0139 0.0063 0.0117 0.0066 0.0038 0.0046 0.0063 
 H071.7_2003  2 0.0105 0.0074 0.0082 0.0294 0.0064 0.0452 0.0112 0.0084 0.0048 0.0043 0.7914 0.0042 0.0072 0.0177 0.0077 0.0113 0.0048 0.0044 0.0035 0.0120 
      H071.8  2 0.0058 0.0053 0.0066 0.0043 0.0134 0.0078 0.0040 0.0130 0.0059 0.0186 0.8498 0.0037 0.0041 0.0111 0.0080 0.0056 0.0066 0.0078 0.0097 0.0088 
      H071.9  2 0.0085 0.0065 0.0098 0.0239 0.0129 0.1480 0.0115 0.0132 0.0284 0.1082 0.4510 0.0099 0.0055 0.0672 0.0161 0.0149 0.0087 0.0147 0.0143 0.0269 
 H081.1_2002  2 0.0096 0.0042 0.0072 0.0062 0.0180 0.0039 0.0078 0.0044 0.0051 0.0040 0.8701 0.0068 0.0044 0.0075 0.0136 0.0060 0.0033 0.0040 0.0081 0.0058 
 H081.1_2003  2 0.2710 0.0260 0.0102 0.0309 0.0127 0.0156 0.0118 0.0206 0.0898 0.0217 0.0386 0.0121 0.0139 0.0129 0.0623 0.0190 0.0177 0.2196 0.0193 0.0744 
 H081.2_2002  2 0.0141 0.0043 0.0047 0.0040 0.0841 0.0049 0.0067 0.0106 0.0059 0.0044 0.8006 0.0065 0.0058 0.0054 0.0088 0.0048 0.0063 0.0040 0.0063 0.0077 
 H081.2_2003  2 0.0165 0.0089 0.0157 0.6315 0.0626 0.0173 0.0091 0.0122 0.0260 0.0220 0.0338 0.0297 0.0067 0.0261 0.0182 0.0055 0.0111 0.0090 0.0070 0.0309 
 H081.3_2002  2 0.0061 0.0048 0.0048 0.0096 0.0213 0.0085 0.0072 0.0251 0.0085 0.0121 0.8160 0.0050 0.0050 0.0054 0.0080 0.0048 0.0218 0.0076 0.0078 0.0107 
 H081.3_2003  2 0.0109 0.0209 0.0106 0.3619 0.0430 0.0807 0.0192 0.0751 0.0239 0.1580 0.0176 0.0145 0.0075 0.0133 0.0206 0.0104 0.0133 0.0126 0.0127 0.0732 
 H081.4_2002  2 0.0076 0.0059 0.0070 0.0092 0.0061 0.0058 0.0058 0.0045 0.0077 0.0052 0.8820 0.0039 0.0049 0.0097 0.0056 0.0072 0.0050 0.0037 0.0043 0.0089 
 H081.4_2003  2 0.1101 0.0420 0.0102 0.2461 0.0350 0.0226 0.0225 0.0184 0.1505 0.0338 0.0267 0.0122 0.0081 0.0110 0.1245 0.0094 0.0081 0.0138 0.0140 0.0809 
 H081.5_2002  2 0.0112 0.0051 0.0064 0.0105 0.0069 0.0057 0.0048 0.0066 0.0085 0.0061 0.8725 0.0036 0.0055 0.0078 0.0090 0.0053 0.0065 0.0041 0.0055 0.0084 
 H081.5_2003  2 0.3531 0.0218 0.0055 0.0419 0.0603 0.0188 0.0204 0.0183 0.0981 0.0147 0.0312 0.0150 0.0106 0.0107 0.1366 0.0207 0.0181 0.0227 0.0266 0.0548 
      H081.6  2 0.0117 0.0053 0.0086 0.0068 0.0154 0.0046 0.0055 0.0050 0.0050 0.0039 0.8630 0.0040 0.0055 0.0105 0.0113 0.0112 0.0041 0.0043 0.0069 0.0074 
      H081.7  2 0.0075 0.0045 0.0056 0.0103 0.0824 0.0112 0.0100 0.0149 0.0083 0.0087 0.7842 0.0046 0.0047 0.0065 0.0064 0.0045 0.0072 0.0039 0.0055 0.0090 
      H081.8  2 0.0072 0.0051 0.0083 0.0325 0.0089 0.0071 0.0128 0.0137 0.0118 0.0189 0.7638 0.0130 0.0050 0.0161 0.0095 0.0095 0.0073 0.0106 0.0106 0.0283 
      H083.1  2 0.0211 0.0137 0.0077 0.0100 0.0076 0.0077 0.0051 0.0034 0.0359 0.0077 0.7640 0.0279 0.0051 0.0230 0.0058 0.0162 0.0091 0.0118 0.0064 0.0108 
      H083.2  2 0.0165 0.0060 0.0167 0.0055 0.0095 0.0384 0.0128 0.0096 0.0109 0.0132 0.7543 0.0217 0.0044 0.0102 0.0097 0.0089 0.0277 0.0057 0.0040 0.0142 
      H083.4  2 0.0145 0.0044 0.0149 0.0058 0.0148 0.0108 0.0132 0.0083 0.0156 0.0670 0.6452 0.0766 0.0036 0.0425 0.0053 0.0108 0.0151 0.0126 0.0037 0.0154 
      H083.5  2 0.0211 0.0101 0.0088 0.0058 0.0129 0.0069 0.0082 0.0048 0.0339 0.0114 0.6593 0.0968 0.0071 0.0152 0.0083 0.0122 0.0176 0.0371 0.0127 0.0099 
      H083.6  2 0.0233 0.0098 0.0106 0.0093 0.0134 0.0047 0.0162 0.0050 0.0233 0.0305 0.6299 0.1104 0.0046 0.0419 0.0074 0.0079 0.0072 0.0125 0.0131 0.0190 
      H083.7  2 0.0097 0.0049 0.0244 0.0046 0.0171 0.0078 0.0381 0.0117 0.0080 0.0282 0.5754 0.1820 0.0043 0.0205 0.0061 0.0074 0.0169 0.0126 0.0081 0.0123 
      H083.8  2 0.0127 0.0075 0.0187 0.0039 0.0105 0.0272 0.0149 0.0086 0.0071 0.0104 0.7521 0.0209 0.0031 0.0098 0.0078 0.0088 0.0498 0.0067 0.0046 0.0149 
      H083.9  2 0.0157 0.0099 0.0074 0.0042 0.0094 0.0043 0.0090 0.0030 0.0286 0.0081 0.6797 0.1324 0.0098 0.0116 0.0067 0.0093 0.0190 0.0093 0.0134 0.0092 
      H084.1  2 0.0082 0.0171 0.0085 0.6574 0.0101 0.0173 0.0101 0.0082 0.0304 0.0199 0.0076 0.0073 0.0076 0.0072 0.0072 0.0149 0.0171 0.0847 0.0191 0.0401 
      H084.2  2 0.0115 0.0103 0.0067 0.5972 0.0036 0.0847 0.0059 0.0185 0.0685 0.0451 0.0077 0.0062 0.0044 0.0120 0.0064 0.0068 0.0049 0.0689 0.0038 0.0268 
      H084.3  2 0.0453 0.0172 0.0083 0.2706 0.0084 0.0120 0.0969 0.0130 0.0196 0.0143 0.0088 0.0140 0.0511 0.0053 0.0062 0.0403 0.0093 0.2727 0.0390 0.0477 
      H084.4  2 0.0735 0.0084 0.0054 0.3182 0.0035 0.0307 0.0196 0.0238 0.0604 0.0249 0.0078 0.0071 0.0624 0.0095 0.0086 0.0141 0.0160 0.1871 0.0631 0.0559 
      H084.5  2 0.0235 0.0166 0.0045 0.5146 0.0108 0.0086 0.0133 0.0079 0.0119 0.0176 0.0063 0.0055 0.0081 0.0049 0.0080 0.1598 0.0239 0.0330 0.0811 0.0400 
      H084.6  2 0.0091 0.0058 0.0035 0.6059 0.0091 0.0104 0.0442 0.0131 0.0069 0.0234 0.0055 0.0216 0.0157 0.0045 0.0044 0.0460 0.0188 0.0811 0.0454 0.0256 
      H084.7  2 0.0072 0.0084 0.0061 0.7633 0.0053 0.0224 0.0074 0.0092 0.0521 0.0310 0.0052 0.0056 0.0063 0.0102 0.0090 0.0072 0.0065 0.0142 0.0078 0.0158 
      H084.8  2 0.0141 0.0118 0.0058 0.6123 0.0084 0.0057 0.0243 0.0069 0.0108 0.0156 0.0051 0.0085 0.0158 0.0046 0.0057 0.0357 0.0309 0.0647 0.0915 0.0216 
 H085.1_2002  2 0.0066 0.0071 0.0029 0.0083 0.8167 0.0143 0.0052 0.0067 0.0216 0.0078 0.0242 0.0099 0.0045 0.0094 0.0139 0.0092 0.0051 0.0124 0.0038 0.0104 
 H085.1_2003  2 0.0118 0.0071 0.0079 0.0087 0.1284 0.1801 0.0113 0.0077 0.0309 0.0142 0.3498 0.0953 0.0138 0.0292 0.0082 0.0054 0.0161 0.0126 0.0145 0.0470 
 H085.2_2002  2 0.0207 0.0086 0.0062 0.0143 0.2445 0.0310 0.0183 0.0829 0.0347 0.0194 0.0244 0.1300 0.0068 0.0300 0.1578 0.0149 0.0069 0.0630 0.0198 0.0658 
 H085.2_2003  2 0.0223 0.0178 0.0125 0.0138 0.0277 0.0384 0.0067 0.0130 0.0487 0.0171 0.5678 0.0293 0.0289 0.0422 0.0139 0.0064 0.0344 0.0104 0.0086 0.0403 
 H085.3_2002  2 0.0162 0.0055 0.0055 0.0051 0.7927 0.0195 0.0111 0.0184 0.0135 0.0055 0.0074 0.0131 0.0077 0.0092 0.0346 0.0045 0.0070 0.0050 0.0100 0.0084 
 H085.3_2003  2 0.0277 0.0109 0.0170 0.0095 0.0415 0.0667 0.0120 0.0072 0.0106 0.0047 0.6723 0.0071 0.0189 0.0224 0.0098 0.0033 0.0095 0.0051 0.0148 0.0289 
 H085.4_2002  2 0.0119 0.0125 0.0065 0.0149 0.5148 0.0390 0.0175 0.0441 0.0212 0.0147 0.0775 0.0154 0.0076 0.0718 0.0299 0.0119 0.0093 0.0294 0.0140 0.0361 
 H085.4_2003  2 0.0207 0.0082 0.0052 0.0202 0.0095 0.0207 0.0116 0.0130 0.0382 0.0051 0.5981 0.0064 0.1216 0.0096 0.0272 0.0270 0.0097 0.0072 0.0171 0.0236 
 H085.5_2002  2 0.0071 0.0069 0.0061 0.0037 0.8529 0.0228 0.0068 0.0100 0.0067 0.0037 0.0060 0.0036 0.0055 0.0065 0.0222 0.0039 0.0042 0.0039 0.0095 0.0080 
 H085.5_2003  2 0.0076 0.0115 0.0080 0.0137 0.0226 0.0071 0.0067 0.0068 0.0231 0.0072 0.7418 0.0337 0.0161 0.0373 0.0070 0.0040 0.0136 0.0064 0.0056 0.0202 
 H085.6_2002  2 0.0130 0.0043 0.0035 0.0054 0.7909 0.0264 0.0053 0.0173 0.0191 0.0085 0.0109 0.0175 0.0063 0.0098 0.0208 0.0061 0.0100 0.0069 0.0061 0.0121 
 H085.6_2003  2 0.1381 0.0133 0.0107 0.0087 0.0609 0.2869 0.0175 0.0202 0.0246 0.0078 0.1065 0.0066 0.0519 0.0110 0.0782 0.0059 0.0281 0.0057 0.0697 0.0477 
 H085.7_2002  2 0.0756 0.0102 0.0090 0.0143 0.4101 0.0148 0.0083 0.0398 0.0440 0.0112 0.0525 0.0490 0.0230 0.0144 0.1056 0.0065 0.0280 0.0127 0.0114 0.0596 
 H085.7_2003  2 0.0117 0.0146 0.0128 0.0065 0.0262 0.1455 0.0165 0.0104 0.0087 0.0061 0.6030 0.0081 0.0170 0.0429 0.0077 0.0050 0.0136 0.0079 0.0129 0.0229 
 H085.8_2002  2 0.1364 0.0100 0.0108 0.0111 0.2306 0.0926 0.0224 0.0707 0.0136 0.0104 0.0406 0.0169 0.0076 0.0373 0.1134 0.0053 0.0076 0.0146 0.0651 0.0829 
 H085.8_2003  2 0.0215 0.0132 0.0096 0.0176 0.0512 0.0614 0.0219 0.0186 0.2480 0.0105 0.1432 0.0982 0.0842 0.0215 0.0391 0.0198 0.0357 0.0165 0.0147 0.0535 
      H085.9  2 0.0160 0.0097 0.0067 0.0123 0.6699 0.0219 0.0111 0.0082 0.0410 0.0102 0.0321 0.0129 0.0137 0.0150 0.0460 0.0101 0.0084 0.0296 0.0105 0.0148 
      H088.1  2 0.0093 0.0127 0.0593 0.0077 0.0174 0.0054 0.0183 0.0114 0.7078 0.0258 0.0088 0.0112 0.0096 0.0187 0.0191 0.0041 0.0103 0.0080 0.0183 0.0170 
      H088.2  2 0.0140 0.0075 0.0115 0.0060 0.0225 0.0052 0.0127 0.0118 0.7865 0.0097 0.0059 0.0098 0.0111 0.0133 0.0209 0.0109 0.0083 0.0071 0.0115 0.0135 
      H088.3  2 0.0163 0.0076 0.0091 0.0048 0.0133 0.0066 0.0053 0.0122 0.8081 0.0154 0.0043 0.0079 0.0095 0.0105 0.0153 0.0080 0.0137 0.0065 0.0146 0.0111 
      H088.4  2 0.0075 0.0056 0.0205 0.0135 0.0049 0.0086 0.0032 0.0072 0.8591 0.0087 0.0064 0.0026 0.0133 0.0055 0.0064 0.0060 0.0042 0.0044 0.0060 0.0063 
      H088.5  2 0.0045 0.0050 0.0110 0.0063 0.0043 0.0053 0.0051 0.0066 0.8794 0.0092 0.0045 0.0041 0.0116 0.0067 0.0076 0.0038 0.0057 0.0036 0.0088 0.0070 
      H088.6  2 0.0057 0.0062 0.0114 0.0082 0.0047 0.0054 0.0070 0.0060 0.8561 0.0125 0.0089 0.0053 0.0107 0.0081 0.0062 0.0047 0.0094 0.0046 0.0105 0.0086 
      H088.7  2 0.0100 0.0057 0.0073 0.0071 0.0057 0.0081 0.0055 0.0042 0.8547 0.0066 0.0103 0.0057 0.0147 0.0067 0.0064 0.0088 0.0141 0.0046 0.0072 0.0065 
      H088.8  2 0.0079 0.0085 0.0327 0.0129 0.0073 0.0052 0.0079 0.0055 0.7665 0.0204 0.0267 0.0060 0.0197 0.0131 0.0076 0.0060 0.0134 0.0050 0.0125 0.0153 
      H091.1  2 0.0061 0.0112 0.0135 0.0078 0.0084 0.1995 0.0143 0.0080 0.4986 0.0042 0.0205 0.0181 0.0621 0.0384 0.0084 0.0079 0.0125 0.0114 0.0106 0.0384 
      H091.2  2 0.0061 0.0121 0.0137 0.0037 0.0059 0.0673 0.0287 0.0062 0.5613 0.0119 0.0184 0.0274 0.0178 0.1370 0.0100 0.0108 0.0120 0.0042 0.0173 0.0284 
      H109.1  2 0.0072 0.0129 0.0175 0.0312 0.0228 0.0660 0.0115 0.0066 0.0087 0.1892 0.0138 0.1126 0.0081 0.0154 0.0110 0.0762 0.1402 0.0288 0.0240 0.1964 
      H109.2  2 0.0119 0.0060 0.0210 0.3460 0.0062 0.0802 0.0167 0.0098 0.0145 0.0295 0.0363 0.0195 0.0350 0.0423 0.0178 0.0596 0.0445 0.0171 0.0153 0.1708 
      H109.3  2 0.0154 0.0160 0.0115 0.0428 0.0035 0.5981 0.0153 0.0056 0.0139 0.0093 0.0089 0.0120 0.0536 0.0428 0.0056 0.0118 0.0801 0.0059 0.0189 0.0290 
      H109.4  2 0.0082 0.0078 0.0568 0.0967 0.0060 0.2882 0.0101 0.0093 0.0076 0.0629 0.0144 0.0211 0.1004 0.0595 0.0157 0.0151 0.0378 0.0253 0.0153 0.1420 
      H109.5  2 0.0136 0.0119 0.0096 0.0580 0.0054 0.4096 0.0096 0.0056 0.0353 0.0060 0.0359 0.0047 0.1561 0.0658 0.0100 0.0102 0.0266 0.0036 0.0920 0.0307 
      H109.6  2 0.0203 0.0120 0.0197 0.1798 0.0065 0.1030 0.0278 0.0115 0.0143 0.0838 0.0254 0.0149 0.0248 0.0146 0.0182 0.0448 0.1008 0.0152 0.0184 0.2443 
      H126.1  2 0.0135 0.0390 0.0589 0.0071 0.1018 0.0167 0.0077 0.1709 0.0175 0.0534 0.0075 0.0070 0.0500 0.0667 0.0506 0.1411 0.0099 0.0089 0.0114 0.1602 
      H126.2  2 0.0193 0.0165 0.0427 0.0091 0.0492 0.0077 0.0063 0.0513 0.0111 0.0091 0.0435 0.0103 0.0178 0.3469 0.0138 0.0140 0.0582 0.0280 0.0051 0.2400 
      H126.3  2 0.0036 0.0067 0.0117 0.0041 0.0086 0.0061 0.0038 0.0108 0.0756 0.0170 0.0146 0.0139 0.0062 0.3975 0.0072 0.3022 0.0059 0.0054 0.0062 0.0926 
      H126.4  2 0.0114 0.0112 0.4022 0.0062 0.0126 0.0069 0.0058 0.2485 0.0127 0.0105 0.0160 0.0087 0.0059 0.0462 0.0301 0.0281 0.0121 0.0137 0.0072 0.1042 
      H126.5  2 0.0194 0.0249 0.0181 0.0071 0.0257 0.0083 0.0071 0.0562 0.0079 0.0069 0.0467 0.0055 0.0106 0.5799 0.0662 0.0634 0.0063 0.0046 0.0058 0.0295 
      H126.6  2 0.0238 0.0106 0.0055 0.0040 0.1888 0.0088 0.0039 0.0196 0.0281 0.0063 0.1141 0.0066 0.0090 0.2999 0.0107 0.1774 0.0129 0.0047 0.0033 0.0619 
      H126.7  2 0.0202 0.0068 0.0602 0.0061 0.0335 0.0106 0.0059 0.0070 0.0501 0.0070 0.5969 0.0057 0.0079 0.1196 0.0056 0.0205 0.0077 0.0040 0.0039 0.0206 
      H130.1  2 0.0212 0.0184 0.0127 0.0176 0.0078 0.0198 0.0096 0.0771 0.0403 0.0198 0.0072 0.0137 0.0333 0.0161 0.6149 0.0055 0.0150 0.0081 0.0118 0.0303 
      H130.2  2 0.0305 0.0367 0.0076 0.3233 0.0115 0.0298 0.0219 0.0161 0.0295 0.0561 0.0282 0.0382 0.0105 0.0114 0.1926 0.0053 0.0433 0.0073 0.0082 0.0921 
      H130.3  2 0.0629 0.3341 0.0390 0.0824 0.0077 0.0131 0.0127 0.0273 0.0324 0.0700 0.0223 0.0061 0.0115 0.0061 0.0796 0.0062 0.0163 0.0051 0.0050 0.1602 
      H130.4  2 0.0150 0.1272 0.0108 0.0163 0.0229 0.0322 0.0224 0.0628 0.0284 0.0768 0.0060 0.0250 0.0111 0.0151 0.4413 0.0072 0.0181 0.0152 0.0053 0.0410 
      H130.5  2 0.0467 0.0079 0.0047 0.0912 0.0181 0.0205 0.0187 0.0223 0.0706 0.0143 0.0426 0.0160 0.0117 0.0118 0.5119 0.0045 0.0063 0.0052 0.0071 0.0682 
      H133.1  2 0.0068 0.0085 0.0065 0.0064 0.0061 0.8659 0.0050 0.0096 0.0093 0.0072 0.0083 0.0060 0.0052 0.0052 0.0080 0.0040 0.0068 0.0115 0.0055 0.0085 
      H133.2  2 0.0083 0.0096 0.0043 0.0177 0.0134 0.8361 0.0039 0.0083 0.0132 0.0079 0.0052 0.0048 0.0105 0.0076 0.0147 0.0067 0.0080 0.0043 0.0073 0.0081 
      H133.3  2 0.0044 0.0071 0.0060 0.0064 0.0178 0.7891 0.0068 0.0052 0.0305 0.0056 0.0117 0.0104 0.0090 0.0088 0.0142 0.0071 0.0084 0.0214 0.0081 0.0220 
      H133.4  2 0.0064 0.0071 0.0044 0.0067 0.0056 0.8753 0.0054 0.0065 0.0054 0.0090 0.0054 0.0062 0.0058 0.0049 0.0079 0.0057 0.0111 0.0075 0.0066 0.0069 
      H133.5  2 0.0104 0.0083 0.0061 0.0089 0.0225 0.8242 0.0036 0.0080 0.0207 0.0182 0.0044 0.0056 0.0043 0.0105 0.0088 0.0052 0.0059 0.0064 0.0047 0.0135 
      H133.6  2 0.0138 0.0118 0.0079 0.0194 0.0247 0.5758 0.0084 0.0488 0.0850 0.0574 0.0097 0.0096 0.0167 0.0107 0.0177 0.0108 0.0082 0.0064 0.0076 0.0497 
      H133.7  2 0.0050 0.0052 0.0040 0.0045 0.0122 0.8386 0.0128 0.0056 0.0086 0.0053 0.0113 0.0069 0.0097 0.0041 0.0111 0.0052 0.0115 0.0169 0.0122 0.0092 
      H133.8  2 0.0048 0.0123 0.0050 0.0051 0.0393 0.8307 0.0044 0.0059 0.0079 0.0048 0.0050 0.0069 0.0043 0.0063 0.0089 0.0055 0.0079 0.0089 0.0128 0.0134 
      H133.9  2 0.0078 0.0125 0.0069 0.0058 0.0067 0.8475 0.0040 0.0149 0.0089 0.0064 0.0068 0.0076 0.0077 0.0051 0.0073 0.0048 0.0075 0.0131 0.0053 0.0133 
      H147.1  2 0.1697 0.0047 0.0045 0.0761 0.0663 0.0164 0.0125 0.0106 0.0109 0.0039 0.2357 0.0242 0.0989 0.0092 0.0226 0.0177 0.0396 0.0158 0.1243 0.0367 
      H147.2  2 0.0845 0.0039 0.0041 0.0221 0.0144 0.0082 0.0072 0.0082 0.0094 0.0041 0.7566 0.0056 0.0087 0.0043 0.0128 0.0091 0.0062 0.0051 0.0165 0.0089 
      H147.3  2 0.0858 0.0053 0.0091 0.0245 0.0187 0.0067 0.0078 0.0056 0.0048 0.0033 0.7534 0.0062 0.0106 0.0074 0.0099 0.0086 0.0056 0.0054 0.0119 0.0093 
      H147.4  2 0.0389 0.0041 0.0056 0.0596 0.0137 0.0045 0.0064 0.0036 0.0045 0.0029 0.7797 0.0073 0.0080 0.0047 0.0054 0.0064 0.0095 0.0189 0.0092 0.0072 
      H147.5  2 0.1177 0.0071 0.0444 0.1566 0.0216 0.0069 0.0056 0.0064 0.0730 0.0054 0.3787 0.0232 0.0340 0.0153 0.0125 0.0105 0.0086 0.0079 0.0234 0.0413 
      H147.6  2 0.1259 0.0079 0.0220 0.2591 0.0162 0.0096 0.0067 0.0073 0.0742 0.0056 0.3046 0.0174 0.0253 0.0194 0.0079 0.0116 0.0110 0.0078 0.0099 0.0507 
      H147.7  2 0.0428 0.0067 0.0080 0.0891 0.0104 0.0073 0.0075 0.0056 0.0046 0.0035 0.6557 0.0150 0.0338 0.0077 0.0080 0.0082 0.0199 0.0226 0.0293 0.0145 
      H147.8  2 0.0370 0.0043 0.0101 0.1463 0.0127 0.0091 0.0040 0.0032 0.0499 0.0073 0.5444 0.0236 0.0139 0.0190 0.0038 0.0117 0.0184 0.0331 0.0178 0.0306 
      H147.9  2 0.0586 0.0049 0.0092 0.0304 0.0205 0.0070 0.0055 0.0058 0.0061 0.0050 0.7743 0.0083 0.0078 0.0079 0.0093 0.0071 0.0061 0.0055 0.0138 0.0068 
      H148.1  2 0.0565 0.0048 0.0141 0.0505 0.0092 0.0105 0.0259 0.0642 0.0208 0.1026 0.0126 0.0292 0.0240 0.0167 0.2388 0.0504 0.0216 0.0515 0.1067 0.0895 
      H148.2  2 0.0294 0.0053 0.0195 0.0169 0.0202 0.0109 0.0629 0.0251 0.0089 0.0912 0.0113 0.0140 0.0092 0.0134 0.1863 0.0718 0.0137 0.0424 0.2578 0.0898 
      H148.3  2 0.0119 0.0083 0.0091 0.0128 0.0078 0.0093 0.2064 0.0116 0.0065 0.0102 0.0102 0.0070 0.0162 0.0106 0.0173 0.0148 0.0142 0.0335 0.3460 0.2364 
      H148.4  2 0.1013 0.0076 0.0159 0.0096 0.0096 0.0110 0.0376 0.0491 0.0102 0.1372 0.0134 0.0088 0.0222 0.0138 0.1992 0.0290 0.0099 0.0440 0.2316 0.0390 
      H148.5  2 0.0224 0.0148 0.0472 0.0290 0.0078 0.0049 0.3589 0.0159 0.0315 0.0495 0.0086 0.0095 0.0140 0.0111 0.0287 0.0288 0.0109 0.0505 0.1786 0.0775 
      H148.6  2 0.0249 0.0041 0.0101 0.0151 0.0127 0.0051 0.1805 0.0169 0.0082 0.0525 0.0148 0.0308 0.0361 0.0086 0.1306 0.0304 0.0111 0.1149 0.2542 0.0384 
      H148.7  2 0.0352 0.0081 0.1141 0.0179 0.0057 0.0076 0.0825 0.0134 0.0227 0.1801 0.0070 0.0117 0.0188 0.0124 0.0536 0.0353 0.0164 0.0338 0.1854 0.1386 
      H148.8  2 0.0184 0.0063 0.0177 0.0104 0.0091 0.0046 0.1937 0.0096 0.0239 0.0262 0.0077 0.0057 0.0237 0.0060 0.3737 0.0097 0.0037 0.0305 0.1950 0.0244 
      H148.9  2 0.0149 0.0137 0.0223 0.0127 0.0516 0.0083 0.1168 0.0171 0.0069 0.0900 0.0090 0.0192 0.0150 0.0338 0.1225 0.1115 0.0598 0.0929 0.0494 0.1325 
   H166022.1  2 0.0301 0.0040 0.0056 0.0635 0.0180 0.0060 0.0093 0.0085 0.5210 0.0044 0.0108 0.0589 0.1571 0.0107 0.0133 0.0077 0.0103 0.0093 0.0317 0.0199 
   H166022.2  2 0.2094 0.0122 0.0096 0.1037 0.0122 0.0072 0.0149 0.0073 0.2409 0.0131 0.0425 0.0607 0.1013 0.0169 0.0195 0.0118 0.0338 0.0119 0.0173 0.0540 
   H166022.3  2 0.0341 0.0068 0.0401 0.0150 0.0058 0.0044 0.0175 0.0071 0.5768 0.0220 0.0044 0.1406 0.0365 0.0138 0.0263 0.0043 0.0136 0.0074 0.0087 0.0149 
   H166022.4  2 0.0530 0.0095 0.0144 0.0127 0.0042 0.0054 0.0055 0.0052 0.7899 0.0116 0.0052 0.0137 0.0227 0.0070 0.0048 0.0062 0.0094 0.0056 0.0051 0.0091 
   H166022.5  2 0.0831 0.0094 0.0066 0.1004 0.0057 0.0052 0.0090 0.0073 0.5530 0.0122 0.0099 0.0210 0.1175 0.0076 0.0087 0.0050 0.0106 0.0052 0.0060 0.0165 
   H166022.6  2 0.0351 0.0090 0.0094 0.0294 0.0095 0.0154 0.0058 0.0172 0.4933 0.0093 0.0062 0.0315 0.1689 0.0080 0.0424 0.0067 0.0403 0.0253 0.0136 0.0240 
   H166022.7  2 0.0042 0.0069 0.0069 0.0137 0.0060 0.0053 0.0035 0.0076 0.0068 0.8685 0.0072 0.0046 0.0046 0.0101 0.0072 0.0042 0.0092 0.0074 0.0063 0.0099 
   H166022.8  2 0.4098 0.0182 0.0076 0.1117 0.0233 0.0189 0.0072 0.0266 0.0785 0.0058 0.0123 0.0295 0.1146 0.0081 0.0599 0.0056 0.0092 0.0068 0.0110 0.0354 
   H167397.1  2 0.0242 0.0054 0.0053 0.0249 0.0055 0.0095 0.0085 0.0159 0.0239 0.0067 0.0252 0.0054 0.2941 0.0072 0.0070 0.0127 0.0056 0.4591 0.0231 0.0309 
   H167397.2  2 0.0897 0.0073 0.0075 0.0136 0.0458 0.0119 0.0081 0.0135 0.0137 0.0070 0.0241 0.0420 0.0067 0.0267 0.0904 0.0084 0.0077 0.5376 0.0199 0.0184 
   H167397.3  2 0.0124 0.0106 0.0042 0.0130 0.0053 0.0091 0.0087 0.0210 0.0180 0.0049 0.0533 0.0079 0.1721 0.0105 0.0113 0.0188 0.0054 0.5764 0.0101 0.0269 
   H167397.4  2 0.0140 0.0083 0.0088 0.0130 0.0305 0.0079 0.0095 0.0038 0.0168 0.0112 0.0288 0.0183 0.0043 0.0201 0.0155 0.0086 0.0400 0.6280 0.0874 0.0251 
   H167397.5  2 0.0586 0.0081 0.0131 0.0308 0.0076 0.0156 0.0133 0.0152 0.0346 0.0187 0.0280 0.0090 0.0248 0.0175 0.0261 0.0080 0.0084 0.6042 0.0325 0.0259 
   H167397.6  2 0.0082 0.0177 0.0098 0.0054 0.0111 0.0211 0.0076 0.0081 0.0228 0.0075 0.0307 0.0073 0.0816 0.0128 0.0287 0.0683 0.0122 0.5778 0.0385 0.0227 
   H167496.1  2 0.0197 0.0164 0.0241 0.0116 0.0059 0.0442 0.0496 0.0187 0.2778 0.0147 0.0096 0.0160 0.3224 0.0210 0.0133 0.0158 0.0152 0.0097 0.0356 0.0587 
   H167496.2  2 0.1041 0.0101 0.0157 0.0244 0.0129 0.1116 0.0878 0.0246 0.1119 0.0587 0.0695 0.0069 0.0303 0.0592 0.0192 0.0727 0.0498 0.0109 0.0355 0.0841 
   H167496.3  2 0.0526 0.0277 0.0352 0.0064 0.1025 0.0271 0.0810 0.0165 0.1441 0.0092 0.0409 0.0620 0.0894 0.0206 0.1033 0.0083 0.0319 0.0082 0.0172 0.1161 
   H167496.4  2 0.0081 0.0047 0.0047 0.0047 0.0056 0.0036 0.0039 0.0035 0.8979 0.0049 0.0065 0.0048 0.0060 0.0080 0.0050 0.0066 0.0059 0.0041 0.0047 0.0068 
   H167496.6  2 0.1780 0.0116 0.0079 0.0140 0.0083 0.0083 0.0038 0.0053 0.6701 0.0059 0.0125 0.0040 0.0129 0.0087 0.0071 0.0121 0.0083 0.0048 0.0083 0.0082 
   H167496.7  2 0.0310 0.0144 0.0114 0.0100 0.0077 0.0204 0.0543 0.0190 0.0242 0.0063 0.0095 0.0203 0.5758 0.0320 0.0563 0.0310 0.0203 0.0052 0.0132 0.0378 
   H167496.8  2 0.1162 0.0079 0.0052 0.0159 0.0069 0.0078 0.0049 0.0039 0.7144 0.0069 0.0134 0.0057 0.0141 0.0103 0.0089 0.0219 0.0137 0.0046 0.0086 0.0086 
   H167513.1  2 0.0142 0.0069 0.0045 0.0077 0.0056 0.0079 0.0042 0.0075 0.0075 0.0105 0.0069 0.0073 0.0077 0.0080 0.0065 0.0107 0.8534 0.0062 0.0067 0.0100 
   H167513.2  2 0.0077 0.0057 0.0104 0.0058 0.0059 0.0122 0.0101 0.0070 0.0126 0.0061 0.0055 0.0061 0.0426 0.0040 0.0171 0.0138 0.7717 0.0208 0.0258 0.0092 
   H167513.3  2 0.0151 0.0139 0.0063 0.0298 0.0046 0.0053 0.0101 0.0053 0.0061 0.0071 0.0083 0.0108 0.0098 0.0104 0.0054 0.0086 0.8200 0.0067 0.0038 0.0125 
   H167513.4  2 0.0209 0.0085 0.0097 0.0118 0.0064 0.0103 0.0095 0.0086 0.0176 0.0275 0.0097 0.0446 0.0094 0.0049 0.0143 0.0187 0.7319 0.0090 0.0097 0.0170 
   H167513.5  2 0.0065 0.0042 0.0044 0.0051 0.0057 0.0123 0.0057 0.0060 0.0107 0.0047 0.0050 0.0056 0.0135 0.0036 0.0107 0.0082 0.8522 0.0145 0.0154 0.0061 
   H167513.6  2 0.0123 0.0063 0.0042 0.0270 0.0098 0.0077 0.0093 0.0080 0.0146 0.0086 0.0093 0.0152 0.0251 0.0062 0.0099 0.0148 0.7848 0.0079 0.0061 0.0129 
   H167513.7  2 0.0075 0.0070 0.0037 0.0090 0.0077 0.0183 0.0045 0.0038 0.0114 0.0100 0.0096 0.0237 0.0070 0.0092 0.0080 0.0099 0.8102 0.0198 0.0052 0.0145 
   H167513.8  2 0.0109 0.0078 0.0044 0.0214 0.0033 0.0115 0.0036 0.0040 0.0049 0.0088 0.0073 0.0057 0.0047 0.0047 0.0033 0.0072 0.8624 0.0121 0.0038 0.0082 
   H167547.1  2 0.0062 0.0067 0.0083 0.0046 0.0044 0.0067 0.0377 0.0110 0.0041 0.0079 0.0037 0.0081 0.8066 0.0083 0.0340 0.0039 0.0072 0.0080 0.0073 0.0153 
   H167547.2  2 0.0041 0.0043 0.0050 0.0039 0.0041 0.0051 0.0187 0.0065 0.0041 0.0037 0.0035 0.0088 0.8775 0.0054 0.0159 0.0045 0.0053 0.0091 0.0044 0.0060 
   H167547.3  2 0.0044 0.0046 0.0054 0.0036 0.0054 0.0057 0.0187 0.0051 0.0048 0.0031 0.0039 0.0072 0.8726 0.0056 0.0156 0.0052 0.0051 0.0079 0.0069 0.0093 
   H167547.4  2 0.0078 0.0079 0.0130 0.0039 0.0078 0.0052 0.0159 0.0098 0.0051 0.0066 0.0037 0.0351 0.8122 0.0094 0.0180 0.0039 0.0069 0.0091 0.0046 0.0141 
   H167547.5  2 0.0064 0.0061 0.0220 0.0138 0.0057 0.0086 0.1111 0.0143 0.0125 0.0066 0.0082 0.0121 0.6021 0.0068 0.0058 0.0121 0.0054 0.0129 0.1132 0.0141 
   H167547.6  2 0.0060 0.0048 0.0153 0.0189 0.0060 0.0083 0.0914 0.0153 0.0100 0.0051 0.0102 0.0106 0.6127 0.0066 0.0054 0.0109 0.0059 0.0108 0.1315 0.0144 
   H167547.7  2 0.0153 0.0314 0.0252 0.0173 0.0808 0.0830 0.1448 0.0142 0.0102 0.0380 0.0217 0.0346 0.1276 0.0218 0.0946 0.0168 0.0748 0.0168 0.0274 0.1034 
   H169750.1  2 0.0063 0.0122 0.0282 0.0124 0.0113 0.5518 0.0237 0.0113 0.0427 0.0151 0.0076 0.0402 0.0522 0.0390 0.0311 0.0080 0.0240 0.0071 0.0049 0.0708 
   H169750.2  2 0.0368 0.0297 0.0264 0.0540 0.0107 0.3926 0.0082 0.0093 0.0196 0.0177 0.0502 0.0060 0.0121 0.0099 0.0860 0.0103 0.0607 0.0283 0.0331 0.0984 
   H169750.3  2 0.0042 0.0145 0.0250 0.0309 0.0160 0.6757 0.0134 0.0074 0.0130 0.0199 0.0102 0.0064 0.0365 0.0221 0.0105 0.0040 0.0354 0.0035 0.0048 0.0465 
   H169750.4  2 0.0699 0.0687 0.0146 0.0083 0.0118 0.4956 0.0091 0.0121 0.0510 0.0125 0.0090 0.0038 0.0146 0.0130 0.0723 0.0210 0.0258 0.0342 0.0207 0.0323 
   H169750.5  2 0.0053 0.0049 0.0231 0.0091 0.0094 0.7068 0.0077 0.0077 0.0552 0.0084 0.0105 0.0442 0.0050 0.0309 0.0289 0.0050 0.0123 0.0047 0.0048 0.0162 
   H169750.6  2 0.0110 0.0096 0.0862 0.0219 0.0110 0.5252 0.0066 0.0103 0.0356 0.0251 0.0978 0.0121 0.0073 0.0183 0.0302 0.0054 0.0158 0.0080 0.0070 0.0559 
   H169750.7  2 0.0244 0.0298 0.0172 0.0142 0.0329 0.4790 0.0151 0.0060 0.0185 0.0190 0.0106 0.0072 0.0287 0.0524 0.0250 0.0124 0.0891 0.0143 0.0086 0.0956 
   H171929.1  2 0.0044 0.0065 0.0069 0.0044 0.0228 0.0065 0.0101 0.0070 0.0046 0.0059 0.0076 0.0054 0.0088 0.0066 0.0108 0.0049 0.8155 0.0320 0.0166 0.0128 
  H171929.10  2 0.0057 0.0077 0.0048 0.0098 0.0395 0.0384 0.0212 0.0070 0.0141 0.0052 0.0133 0.0143 0.0172 0.0053 0.0196 0.0096 0.7169 0.0181 0.0143 0.0180 
  H171929.11  2 0.0040 0.0074 0.0068 0.0057 0.0136 0.0170 0.0058 0.0088 0.0059 0.0048 0.0075 0.0041 0.0075 0.0062 0.0084 0.0055 0.8363 0.0212 0.0136 0.0100 
   H171929.2  2 0.0057 0.0064 0.0118 0.0049 0.0094 0.0289 0.0243 0.0066 0.0070 0.0070 0.0060 0.0058 0.0069 0.0046 0.0106 0.0058 0.8220 0.0055 0.0117 0.0090 
   H171929.3  2 0.0037 0.0057 0.0091 0.0056 0.0059 0.0113 0.0082 0.0047 0.0049 0.0050 0.0105 0.0067 0.0085 0.0038 0.0059 0.0039 0.8708 0.0090 0.0094 0.0073 
   H171929.4  2 0.0063 0.0097 0.0206 0.0070 0.0245 0.0087 0.0160 0.0116 0.0104 0.0063 0.0125 0.0109 0.0222 0.0075 0.0253 0.0040 0.7627 0.0043 0.0082 0.0213 
   H171929.5  2 0.0046 0.0055 0.0070 0.0067 0.0059 0.0209 0.0052 0.0043 0.0050 0.0075 0.0051 0.0045 0.0080 0.0064 0.0103 0.0059 0.8607 0.0093 0.0082 0.0089 
   H171929.6  2 0.0045 0.0049 0.0062 0.0055 0.0052 0.0170 0.0057 0.0040 0.0039 0.0051 0.0050 0.0050 0.0062 0.0062 0.0072 0.0057 0.8784 0.0095 0.0057 0.0091 
   H171929.7  2 0.0056 0.0050 0.0076 0.0038 0.0204 0.0060 0.0094 0.0068 0.0051 0.0037 0.0057 0.0047 0.0049 0.0062 0.0122 0.0044 0.8725 0.0055 0.0053 0.0050 
   H171929.8  2 0.0042 0.0076 0.0071 0.0051 0.0262 0.0100 0.0294 0.0108 0.0113 0.0052 0.0063 0.0064 0.0079 0.0052 0.0216 0.0036 0.8103 0.0056 0.0071 0.0091 
   H171929.9  2 0.0064 0.0071 0.0068 0.0071 0.0319 0.0083 0.0065 0.0102 0.0077 0.0083 0.0096 0.0062 0.0110 0.0057 0.0138 0.0040 0.8309 0.0041 0.0044 0.0100 
   H171930.1  2 0.0069 0.0257 0.0126 0.6497 0.0026 0.0085 0.0042 0.0135 0.0148 0.0095 0.0057 0.0031 0.0112 0.0119 0.0056 0.0067 0.1527 0.0194 0.0207 0.0150 
   H171930.2  2 0.0105 0.0189 0.0169 0.6908 0.0102 0.0139 0.0084 0.0174 0.0474 0.0121 0.0118 0.0077 0.0365 0.0219 0.0095 0.0073 0.0112 0.0056 0.0156 0.0263 
   H171930.3  2 0.0073 0.0165 0.0101 0.7978 0.0056 0.0075 0.0073 0.0041 0.0151 0.0104 0.0070 0.0067 0.0118 0.0097 0.0083 0.0082 0.0074 0.0140 0.0203 0.0249 
   H171930.4  2 0.0093 0.0138 0.0075 0.8358 0.0037 0.0051 0.0062 0.0042 0.0137 0.0139 0.0042 0.0061 0.0192 0.0097 0.0049 0.0069 0.0073 0.0096 0.0096 0.0093 
   H171930.5  2 0.0068 0.0198 0.0291 0.5187 0.0102 0.0226 0.0170 0.0716 0.0190 0.0077 0.0273 0.0065 0.0211 0.0519 0.0094 0.0103 0.0664 0.0158 0.0127 0.0561 
   H171930.6  2 0.0063 0.0093 0.0130 0.8180 0.0032 0.0119 0.0061 0.0048 0.0087 0.0044 0.0111 0.0049 0.0074 0.0482 0.0037 0.0091 0.0061 0.0040 0.0109 0.0090 
   H171930.7  2 0.0073 0.0077 0.0066 0.8453 0.0069 0.0071 0.0057 0.0047 0.0056 0.0089 0.0059 0.0049 0.0102 0.0054 0.0088 0.0080 0.0158 0.0109 0.0101 0.0141 
   H171930.8  2 0.0093 0.0059 0.0064 0.8404 0.0042 0.0071 0.0044 0.0055 0.0074 0.0085 0.0068 0.0038 0.0124 0.0047 0.0105 0.0072 0.0233 0.0070 0.0170 0.0083 
   H171933.1  2 0.0055 0.0066 0.0126 0.0165 0.0114 0.0218 0.0146 0.0177 0.0190 0.0154 0.0082 0.6618 0.0193 0.0217 0.0098 0.0058 0.0080 0.0681 0.0309 0.0255 
   H171933.2  2 0.0108 0.0048 0.0066 0.0405 0.0397 0.0194 0.0148 0.0125 0.0415 0.0443 0.0180 0.3832 0.0923 0.0248 0.0087 0.0199 0.0165 0.0819 0.0424 0.0773 
   H171933.3  2 0.0056 0.0139 0.0147 0.0393 0.0611 0.0178 0.1257 0.0110 0.0321 0.0074 0.0069 0.3862 0.1498 0.0203 0.0085 0.0133 0.0101 0.0155 0.0193 0.0417 
   H171933.4  2 0.0484 0.0268 0.0093 0.0487 0.0260 0.0065 0.1174 0.0091 0.0168 0.0117 0.0120 0.3298 0.1705 0.0060 0.0149 0.0085 0.0893 0.0064 0.0061 0.0358 
   H171933.5  2 0.0308 0.0880 0.0164 0.0610 0.0162 0.0196 0.2320 0.0208 0.0189 0.0236 0.0055 0.0902 0.1677 0.0066 0.0416 0.0131 0.0579 0.0115 0.0088 0.0697 
   H171933.6  2 0.0131 0.0095 0.0116 0.0084 0.0096 0.0079 0.0088 0.0081 0.3847 0.0215 0.0114 0.4046 0.0324 0.0166 0.0062 0.0084 0.0062 0.0064 0.0060 0.0187 
   H171933.7  2 0.0503 0.0168 0.0364 0.1018 0.0535 0.0114 0.0441 0.0274 0.0091 0.0056 0.0167 0.4196 0.0128 0.0255 0.0080 0.0326 0.0174 0.0214 0.0128 0.0767 
