      H008.1  2 0.8916 0.0315 0.0768 
      H008.2  2 0.3815 0.2456 0.3729 
      H008.3  2 0.4869 0.0978 0.4153 
      H008.4  2 0.7486 0.1755 0.0759 
      H008.5  2 0.9235 0.0278 0.0486 
      H008.6  2 0.2861 0.2148 0.4991 
      H008.7  2 0.7254 0.1795 0.0952 
      H008.8  2 0.2754 0.4464 0.2782 
      H008.9  2 0.0664 0.4272 0.5064 
 H029.1_2002  2 0.9263 0.0467 0.0270 
 H029.1_2003  2 0.8545 0.0868 0.0586 
 H029.2_2002  2 0.9378 0.0273 0.0349 
 H029.2_2003  2 0.8873 0.0318 0.0809 
 H029.3_2002  2 0.8650 0.1030 0.0320 
 H029.3_2003  2 0.9673 0.0213 0.0114 
 H029.4_2002  2 0.9317 0.0568 0.0115 
 H029.4_2003  2 0.6752 0.2916 0.0332 
 H029.5_2002  2 0.9572 0.0320 0.0108 
 H029.5_2003  2 0.9155 0.0618 0.0226 
 H029.6_2002  2 0.9131 0.0770 0.0099 
 H029.6_2003  2 0.8161 0.0868 0.0971 
      H029.7  2 0.9391 0.0300 0.0309 
      H030.1  2 0.9148 0.0203 0.0649 
      H030.2  2 0.7805 0.1845 0.0350 
      H038.1  2 0.8983 0.0826 0.0191 
      H038.2  2 0.9607 0.0204 0.0189 
      H038.3  2 0.8035 0.1603 0.0362 
      H038.4  2 0.6634 0.3072 0.0294 
      H038.5  2 0.8570 0.1289 0.0141 
      H038.6  2 0.9653 0.0158 0.0189 
      H038.7  2 0.9233 0.0537 0.0230 
      H038.8  2 0.7062 0.2706 0.0232 
      H041.1  2 0.9016 0.0771 0.0212 
      H041.2  2 0.5697 0.4114 0.0189 
      H041.4  2 0.8055 0.1630 0.0316 
      H041.6  2 0.8876 0.0801 0.0323 
 H042.1_2002  2 0.8433 0.0432 0.1135 
 H042.1_2003  2 0.2849 0.4792 0.2360 
 H042.2_2002  2 0.8025 0.1691 0.0284 
 H042.2_2003  2 0.6137 0.2518 0.1345 
 H042.3_2002  2 0.6580 0.1679 0.1740 
 H042.3_2003  2 0.4622 0.3301 0.2076 
 H042.4_2002  2 0.8891 0.0625 0.0484 
 H042.4_2003  2 0.8964 0.0215 0.0821 
      H042.5  2 0.9488 0.0153 0.0359 
      H042.6  2 0.9540 0.0164 0.0296 
      H042.7  2 0.6083 0.3055 0.0862 
      H042.8  2 0.8990 0.0646 0.0365 
   H042_2002  2 0.1399 0.4530 0.4071 
   H042_2003  2 0.1483 0.4702 0.3816 
      H043.1  2 0.0603 0.9132 0.0265 
      H043.2  2 0.0300 0.9025 0.0675 
      H043.3  2 0.1646 0.6883 0.1470 
      H043.4  2 0.1143 0.7376 0.1481 
      H043.5  2 0.0215 0.9603 0.0182 
      H043.6  2 0.0753 0.8914 0.0333 
      H043.7  2 0.0328 0.8461 0.1211 
      H043.8  2 0.0512 0.8980 0.0508 
      H043.9  2 0.1565 0.8016 0.0418 
      H047.1  2 0.4640 0.0676 0.4683 
      H047.2  2 0.8870 0.0238 0.0892 
      H047.3  2 0.7952 0.0427 0.1622 
      H047.4  2 0.8461 0.0792 0.0746 
      H047.5  2 0.5761 0.0674 0.3565 
      H047.6  2 0.4516 0.4133 0.1351 
      H047.7  2 0.5699 0.3264 0.1036 
      H047.8  2 0.5229 0.2303 0.2468 
      H047.9  2 0.5036 0.0395 0.4569 
 H071.1_2002  2 0.9570 0.0176 0.0254 
 H071.1_2003  2 0.9023 0.0262 0.0715 
     H071.10  2 0.9580 0.0271 0.0149 
 H071.2_2002  2 0.9521 0.0220 0.0259 
 H071.2_2003  2 0.9761 0.0091 0.0148 
      H071.3  2 0.8962 0.0678 0.0361 
 H071.4_2002  2 0.8621 0.1043 0.0336 
 H071.4_2003  2 0.9577 0.0148 0.0275 
 H071.5_2002  2 0.9712 0.0150 0.0138 
 H071.5_2003  2 0.8849 0.0340 0.0810 
 H071.6_2002  2 0.9500 0.0274 0.0226 
 H071.6_2003  2 0.9598 0.0184 0.0218 
 H071.7_2002  2 0.9613 0.0149 0.0238 
 H071.7_2003  2 0.9191 0.0256 0.0553 
      H071.8  2 0.9502 0.0248 0.0250 
      H071.9  2 0.5543 0.4157 0.0300 
 H081.1_2002  2 0.9738 0.0100 0.0162 
 H081.1_2003  2 0.4187 0.4642 0.1171 
 H081.2_2002  2 0.9637 0.0128 0.0235 
 H081.2_2003  2 0.7757 0.1796 0.0447 
 H081.3_2002  2 0.9535 0.0209 0.0256 
 H081.3_2003  2 0.4803 0.2733 0.2464 
 H081.4_2002  2 0.9554 0.0132 0.0314 
 H081.4_2003  2 0.5215 0.1459 0.3326 
 H081.5_2002  2 0.9666 0.0148 0.0186 
 H081.5_2003  2 0.5776 0.1487 0.2738 
      H081.6  2 0.9597 0.0154 0.0248 
      H081.7  2 0.9595 0.0164 0.0242 
      H081.8  2 0.8996 0.0700 0.0304 
      H083.1  2 0.9678 0.0169 0.0153 
      H083.2  2 0.9643 0.0156 0.0200 
      H083.4  2 0.9605 0.0234 0.0161 
      H083.5  2 0.9631 0.0175 0.0193 
      H083.6  2 0.9677 0.0154 0.0169 
      H083.7  2 0.9590 0.0239 0.0171 
      H083.8  2 0.9534 0.0171 0.0296 
      H083.9  2 0.9742 0.0138 0.0120 
      H084.1  2 0.1377 0.8351 0.0271 
      H084.2  2 0.2802 0.6908 0.0290 
      H084.3  2 0.0324 0.9406 0.0269 
      H084.4  2 0.0361 0.9438 0.0202 
      H084.5  2 0.0378 0.9426 0.0197 
      H084.6  2 0.0234 0.9639 0.0128 
      H084.7  2 0.3700 0.5879 0.0421 
      H084.8  2 0.0373 0.9444 0.0183 
 H085.1_2002  2 0.9528 0.0242 0.0230 
 H085.1_2003  2 0.9589 0.0262 0.0149 
 H085.2_2002  2 0.9028 0.0568 0.0404 
 H085.2_2003  2 0.9352 0.0346 0.0301 
 H085.3_2002  2 0.8093 0.0254 0.1653 
 H085.3_2003  2 0.9448 0.0163 0.0389 
 H085.4_2002  2 0.9107 0.0510 0.0384 
 H085.4_2003  2 0.9499 0.0249 0.0252 
 H085.5_2002  2 0.5648 0.0317 0.4034 
 H085.5_2003  2 0.9743 0.0120 0.0137 
 H085.6_2002  2 0.8893 0.0438 0.0669 
 H085.6_2003  2 0.3760 0.0792 0.5447 
 H085.7_2002  2 0.9039 0.0188 0.0774 
 H085.7_2003  2 0.8870 0.0710 0.0420 
 H085.8_2002  2 0.4567 0.0915 0.4518 
 H085.8_2003  2 0.9161 0.0442 0.0397 
      H085.9  2 0.8290 0.0521 0.1188 
      H088.1  2 0.8483 0.0492 0.1025 
      H088.2  2 0.8785 0.0324 0.0890 
      H088.3  2 0.9493 0.0221 0.0286 
      H088.4  2 0.9058 0.0584 0.0358 
      H088.5  2 0.9394 0.0316 0.0291 
      H088.6  2 0.9125 0.0471 0.0404 
      H088.7  2 0.8755 0.1014 0.0231 
      H088.8  2 0.7302 0.2046 0.0652 
      H091.1  2 0.9517 0.0214 0.0269 
      H091.2  2 0.9611 0.0168 0.0221 
      H109.1  2 0.0616 0.9146 0.0238 
      H109.2  2 0.3039 0.6388 0.0573 
      H109.3  2 0.1357 0.8009 0.0634 
      H109.4  2 0.0425 0.9141 0.0434 
      H109.5  2 0.6981 0.2555 0.0465 
      H109.6  2 0.0710 0.8764 0.0526 
      H126.1  2 0.0219 0.1802 0.7980 
      H126.2  2 0.3789 0.2544 0.3667 
      H126.3  2 0.4577 0.4731 0.0692 
      H126.4  2 0.0586 0.0875 0.8539 
      H126.5  2 0.0749 0.0351 0.8900 
      H126.6  2 0.9041 0.0528 0.0431 
      H126.7  2 0.9389 0.0156 0.0455 
      H130.1  2 0.1185 0.0352 0.8463 
      H130.2  2 0.8708 0.0392 0.0899 
      H130.3  2 0.5385 0.0216 0.4399 
      H130.4  2 0.1205 0.0979 0.7816 
      H130.5  2 0.8960 0.0217 0.0822 
      H133.1  2 0.1909 0.6312 0.1778 
      H133.2  2 0.3215 0.4068 0.2716 
      H133.3  2 0.2251 0.6529 0.1220 
      H133.4  2 0.0634 0.8424 0.0942 
      H133.5  2 0.2059 0.3946 0.3995 
      H133.6  2 0.4535 0.2024 0.3441 
      H133.7  2 0.0444 0.8832 0.0724 
      H133.8  2 0.0540 0.8807 0.0653 
      H133.9  2 0.2460 0.5101 0.2438 
      H147.1  2 0.8278 0.1346 0.0376 
      H147.2  2 0.9685 0.0155 0.0161 
      H147.3  2 0.9600 0.0153 0.0248 
      H147.4  2 0.9664 0.0190 0.0146 
      H147.5  2 0.9638 0.0143 0.0219 
      H147.6  2 0.9560 0.0195 0.0245 
      H147.7  2 0.9240 0.0515 0.0245 
      H147.8  2 0.9681 0.0234 0.0085 
      H147.9  2 0.9673 0.0123 0.0204 
      H148.1  2 0.0911 0.7917 0.1172 
      H148.2  2 0.0387 0.9136 0.0477 
      H148.3  2 0.0430 0.9203 0.0366 
      H148.4  2 0.0370 0.8274 0.1355 
      H148.5  2 0.0633 0.8585 0.0782 
      H148.6  2 0.0634 0.8928 0.0438 
      H148.7  2 0.0295 0.8698 0.1007 
      H148.8  2 0.0503 0.7596 0.1900 
      H148.9  2 0.0330 0.8680 0.0990 
   H166022.1  2 0.9664 0.0209 0.0126 
   H166022.2  2 0.9413 0.0333 0.0255 
   H166022.3  2 0.9413 0.0197 0.0389 
   H166022.4  2 0.9627 0.0155 0.0218 
   H166022.5  2 0.9545 0.0174 0.0280 
   H166022.6  2 0.9218 0.0286 0.0496 
   H166022.7  2 0.0160 0.9586 0.0255 
   H166022.8  2 0.8564 0.0277 0.1159 
   H167397.1  2 0.0287 0.9559 0.0153 
   H167397.2  2 0.0559 0.8577 0.0864 
   H167397.3  2 0.0173 0.9706 0.0121 
   H167397.4  2 0.0515 0.9265 0.0221 
   H167397.5  2 0.0344 0.9416 0.0240 
   H167397.6  2 0.0200 0.9650 0.0151 
   H167496.1  2 0.6161 0.1036 0.2803 
   H167496.2  2 0.1490 0.5794 0.2716 
   H167496.3  2 0.6461 0.0279 0.3260 
   H167496.4  2 0.9735 0.0118 0.0147 
   H167496.6  2 0.9029 0.0237 0.0734 
   H167496.7  2 0.1748 0.0840 0.7412 
   H167496.8  2 0.9059 0.0485 0.0456 
   H167513.1  2 0.0692 0.7091 0.2217 
   H167513.2  2 0.0337 0.7946 0.1716 
   H167513.3  2 0.2480 0.2320 0.5200 
   H167513.4  2 0.3891 0.4610 0.1499 
   H167513.5  2 0.0440 0.8748 0.0811 
   H167513.6  2 0.2065 0.5285 0.2651 
   H167513.7  2 0.3738 0.4988 0.1274 
   H167513.8  2 0.0376 0.8320 0.1304 
   H167547.1  2 0.0378 0.5891 0.3730 
   H167547.2  2 0.1244 0.7896 0.0860 
   H167547.3  2 0.1186 0.7884 0.0930 
   H167547.4  2 0.3398 0.2236 0.4366 
   H167547.5  2 0.1088 0.8537 0.0375 
   H167547.6  2 0.1052 0.8442 0.0507 
   H167547.7  2 0.1231 0.3641 0.5128 
   H169750.1  2 0.1074 0.0710 0.8215 
   H169750.2  2 0.2871 0.4759 0.2370 
   H169750.3  2 0.2759 0.0665 0.6576 
   H169750.4  2 0.0490 0.5686 0.3824 
   H169750.5  2 0.5105 0.1701 0.3195 
   H169750.6  2 0.7659 0.0573 0.1768 
   H169750.7  2 0.1528 0.2896 0.5575 
   H171929.1  2 0.0358 0.8827 0.0815 
  H171929.10  2 0.3757 0.5431 0.0811 
  H171929.11  2 0.0578 0.8346 0.1077 
   H171929.2  2 0.0619 0.6096 0.3284 
   H171929.3  2 0.0568 0.8902 0.0530 
   H171929.4  2 0.4135 0.0590 0.5275 
   H171929.5  2 0.0669 0.8531 0.0800 
   H171929.6  2 0.0270 0.8974 0.0756 
   H171929.7  2 0.0685 0.1502 0.7813 
   H171929.8  2 0.0768 0.1228 0.8005 
   H171929.9  2 0.4480 0.0383 0.5137 
   H171930.1  2 0.0439 0.7702 0.1859 
   H171930.2  2 0.4929 0.2473 0.2598 
   H171930.3  2 0.0454 0.8892 0.0655 
   H171930.4  2 0.1750 0.6826 0.1425 
   H171930.5  2 0.1831 0.3256 0.4913 
   H171930.6  2 0.4904 0.3057 0.2039 
   H171930.7  2 0.0362 0.9257 0.0381 
   H171930.8  2 0.0397 0.9187 0.0416 
   H171933.1  2 0.8681 0.1029 0.0290 
   H171933.2  2 0.8063 0.1717 0.0221 
   H171933.3  2 0.8887 0.0492 0.0620 
   H171933.4  2 0.5611 0.0371 0.4018 
   H171933.5  2 0.0988 0.0796 0.8216 
   H171933.6  2 0.9667 0.0145 0.0189 
   H171933.7  2 0.9025 0.0415 0.0560 
   H171933.8  2 0.7347 0.1370 0.1283 
   H171933.9  2 0.8728 0.0180 0.1092 
      H190.1  2 0.2790 0.0484 0.6726 
      H190.2  2 0.1549 0.5029 0.3422 
      H190.3  2 0.3689 0.2329 0.3982 
      H190.4  2 0.4296 0.0514 0.5190 
      H190.5  2 0.3967 0.3537 0.2495 
      H190.6  2 0.4530 0.0465 0.5005 
      H190.7  2 0.2214 0.0547 0.7239 
      H190.8  2 0.2050 0.1155 0.6795 
      H190.9  2 0.1516 0.3504 0.4980 
      H400.1  2 0.9561 0.0246 0.0192 
      H400.2  2 0.9671 0.0233 0.0096 
      H400.3  2 0.9291 0.0401 0.0308 
      H400.4  2 0.9629 0.0184 0.0187 
      H400.5  2 0.9232 0.0332 0.0436 
      H400.6  2 0.9744 0.0108 0.0148 
      H400.7  2 0.9688 0.0123 0.0189 
 H428.1_2005  2 0.9399 0.0384 0.0217 
 H428.1_2006  2 0.9653 0.0146 0.0201 
 H428.2_2005  2 0.9254 0.0495 0.0251 
 H428.2_2006  2 0.9750 0.0119 0.0132 
 H428.3_2005  2 0.9682 0.0127 0.0190 
 H428.3_2006  2 0.9558 0.0262 0.0180 
 H428.4_2005  2 0.9517 0.0241 0.0241 
 H428.4_2006  2 0.9762 0.0106 0.0132 
 H428.5_2005  2 0.9712 0.0193 0.0095 
 H428.6_2005  2 0.9511 0.0138 0.0351 
 H428.6_2006  2 0.9585 0.0192 0.0223 
      H428.7  2 0.9817 0.0092 0.0091 
      H428.8  2 0.9518 0.0241 0.0241 
      H428.9  2 0.9669 0.0190 0.0140 
      H453.1  2 0.9679 0.0141 0.0180 
      H453.2  2 0.9578 0.0176 0.0246 
      H453.3  2 0.9537 0.0133 0.0331 
      H453.4  2 0.9650 0.0131 0.0219 
      H453.5  2 0.9763 0.0103 0.0133 
      H453.6  2 0.9813 0.0087 0.0100 
      H453.7  2 0.8408 0.0269 0.1322 
      H453.8  2 0.8400 0.0323 0.1277 
      H453.9  2 0.9653 0.0117 0.0230 
      H512.1  2 0.9374 0.0167 0.0459 
     H512.10  2 0.6622 0.2084 0.1294 
      H512.2  2 0.6444 0.1065 0.2491 
      H512.3  2 0.2600 0.2255 0.5145 
      H512.4  2 0.9049 0.0505 0.0445 
      H512.5  2 0.1600 0.1903 0.6497 
      H512.6  2 0.2787 0.0589 0.6624 
      H512.7  2 0.3622 0.2990 0.3389 
      H512.8  2 0.3100 0.2546 0.4353 
      H512.9  2 0.5680 0.1047 0.3273 
      H513.1  2 0.9609 0.0286 0.0105 
      H513.2  2 0.9513 0.0351 0.0136 
      H513.3  2 0.9650 0.0178 0.0172 
      H513.4  2 0.9628 0.0168 0.0204 
      H513.5  2 0.9704 0.0149 0.0147 
      H513.6  2 0.4776 0.4699 0.0525 
      H532.1  2 0.9363 0.0400 0.0238 
      H532.2  2 0.9485 0.0265 0.0250 
      H532.3  2 0.9450 0.0132 0.0419 
      H532.4  2 0.9559 0.0189 0.0252 
      H532.5  2 0.9490 0.0326 0.0184 
      H532.6  2 0.9561 0.0175 0.0264 
      H532.7  2 0.9655 0.0167 0.0178 
      H532.8  2 0.9176 0.0523 0.0301 
      H543.1  2 0.0149 0.9723 0.0128 
      H543.2  2 0.0406 0.9475 0.0119 
      H543.3  2 0.0288 0.9519 0.0193 
      H543.4  2 0.0105 0.9786 0.0108 
      H543.5  2 0.0107 0.9804 0.0089 
      H543.6  2 0.0274 0.9562 0.0164 
      H543.7  2 0.0114 0.9781 0.0105 
      H543.8  2 0.0918 0.8913 0.0169 
      H543.9  2 0.0227 0.9625 0.0148 
 H545.1_2005  2 0.0115 0.9780 0.0105 
 H545.1_2006  2 0.0118 0.9780 0.0102 
 H545.2_2005  2 0.0128 0.9706 0.0167 
 H545.2_2006  2 0.0221 0.9651 0.0128 
 H545.3_2005  2 0.0166 0.9452 0.0382 
 H545.3_2006  2 0.0123 0.9772 0.0105 
 H545.4_2005  2 0.0140 0.9631 0.0229 
 H545.4_2006  2 0.0115 0.9766 0.0119 
 H545.5_2005  2 0.0211 0.9686 0.0102 
 H545.5_2006  2 0.0328 0.9469 0.0203 
 H545.6_2005  2 0.0145 0.9747 0.0108 
 H545.6_2006  2 0.0108 0.9754 0.0138 
 H545.7_2005  2 0.0194 0.9685 0.0121 
 H545.7_2006  2 0.0132 0.9777 0.0091 
 H545.8_2005  2 0.0324 0.9486 0.0189 
 H545.8_2006  2 0.0176 0.9716 0.0108 
      H545.9  2 0.0193 0.9611 0.0196 
      H547.1  2 0.8771 0.0305 0.0924 
      H547.2  2 0.6357 0.3459 0.0185 
      H547.3  2 0.3881 0.0699 0.5420 
      H547.4  2 0.7529 0.1056 0.1415 
      H547.5  2 0.4791 0.3986 0.1223 
      H547.6  2 0.9061 0.0686 0.0253 
      H547.7  2 0.6254 0.1102 0.2644 
      H547.8  2 0.8299 0.0670 0.1031 
      H548.1  2 0.0109 0.9751 0.0140 
      H548.2  2 0.0122 0.9692 0.0186 
      H548.3  2 0.0173 0.9665 0.0162 
      H548.4  2 0.0256 0.9328 0.0416 
      H548.5  2 0.0102 0.9790 0.0108 
      H548.6  2 0.0097 0.9785 0.0118 
      H548.7  2 0.0132 0.9787 0.0081 
      H548.8  2 0.0156 0.9671 0.0173 
      H548.9  2 0.0175 0.9596 0.0229 
     H7389.1  2 0.9486 0.0345 0.0169 
     H7389.2  2 0.8222 0.1622 0.0156 
     H7389.3  2 0.7525 0.2316 0.0158 
     H7389.4  2 0.9502 0.0368 0.0130 
     H7389.5  2 0.9357 0.0316 0.0327 
     H7389.6  2 0.9024 0.0737 0.0238 
     H7389.7  2 0.8118 0.1705 0.0176 
     H7389.8  2 0.5185 0.4405 0.0410 
     H7389.9  2 0.9168 0.0683 0.0149 
      H747.1  2 0.1413 0.0811 0.7776 
      H747.2  2 0.0281 0.1233 0.8486 
      H747.3  2 0.0752 0.0406 0.8841 
      H747.4  2 0.0621 0.1830 0.7549 
      H747.5  2 0.0233 0.0752 0.9016 
      H747.6  2 0.0415 0.7138 0.2446 
      H747.7  2 0.0489 0.0822 0.8689 
     H7484.1  2 0.8873 0.0357 0.0770 
     H7484.2  2 0.5190 0.1379 0.3431 
     H7484.3  2 0.3542 0.1357 0.5101 
     H7484.4  2 0.8114 0.0597 0.1290 
     H7484.5  2 0.6253 0.2214 0.1533 
     H7484.6  2 0.1054 0.0636 0.8310 
     H7484.7  2 0.3870 0.0321 0.5809 
     H7484.8  2 0.9140 0.0406 0.0454 
     H7485.1  2 0.0262 0.9558 0.0181 
     H7485.2  2 0.0169 0.9718 0.0113 
     H7485.3  2 0.0095 0.9821 0.0084 
     H7485.4  2 0.0157 0.9736 0.0108 
     H7485.5  2 0.0217 0.9629 0.0153 
     H7485.6  2 0.0298 0.9492 0.0210 
     H7485.7  2 0.0111 0.9758 0.0131 
     H7496.1  2 0.8920 0.0278 0.0802 
    H7496.10  2 0.9713 0.0136 0.0151 
    H7496.11  2 0.0329 0.9486 0.0185 
     H7496.2  2 0.9512 0.0182 0.0306 
     H7496.3  2 0.8834 0.0268 0.0898 
     H7496.4  2 0.9525 0.0278 0.0197 
     H7496.5  2 0.9249 0.0260 0.0491 
     H7496.6  2 0.8902 0.0142 0.0956 
     H7496.7  2 0.9685 0.0125 0.0190 
     H7496.8  2 0.8579 0.0553 0.0868 
        UNK4  2 0.3411 0.5177 0.1412 
        UNK5  2 0.8753 0.1078 0.0169 
        UNK6  2 0.6260 0.3024 0.0717 
        UNK7  2 0.8060 0.1762 0.0178 
        UNK8  2 0.6573 0.3136 0.0291 
        UNK9  2 0.7416 0.2303 0.0281 
      H009.1  4 0.0152 0.0104 0.9743 
      H009.2  4 0.0184 0.0162 0.9654 
      H009.3  4 0.0184 0.0103 0.9713 
      H009.4  4 0.0169 0.0162 0.9669 
      H009.5  4 0.0203 0.0244 0.9553 
      H009.6  4 0.0208 0.0199 0.9593 
      H046.4  4 0.3921 0.0845 0.5234 
      H046.8  4 0.0846 0.3073 0.6081 
 H076.1_2002  4 0.0204 0.9608 0.0188 
 H076.1_2003  4 0.0081 0.9809 0.0110 
 H076.1_2004  4 0.0162 0.9655 0.0183 
 H076.2_2002  4 0.0168 0.9617 0.0216 
 H076.2_2003  4 0.0087 0.9773 0.0141 
 H076.2_2004  4 0.0501 0.6905 0.2593 
 H076.3_2002  4 0.0549 0.0563 0.8887 
 H076.3_2003  4 0.0163 0.9688 0.0149 
 H076.3_2004  4 0.0256 0.9520 0.0224 
 H076.4_2002  4 0.0796 0.7158 0.2046 
 H076.4_2003  4 0.0119 0.9576 0.0305 
 H076.4_2004  4 0.1005 0.3314 0.5681 
 H076.5_2002  4 0.0720 0.8758 0.0522 
 H076.5_2003  4 0.0156 0.9636 0.0208 
 H076.5_2004  4 0.1226 0.7869 0.0904 
 H076.6_2002  4 0.0241 0.9461 0.0298 
 H076.6_2003  4 0.0148 0.9691 0.0161 
 H076.6_2004  4 0.0190 0.9194 0.0616 
 H076.7_2002  4 0.1133 0.0979 0.7888 
 H076.7_2003  4 0.0624 0.7619 0.1757 
 H076.7_2004  4 0.0244 0.8616 0.1141 
      H477.1  4 0.1939 0.0857 0.7205 
      H477.2  4 0.0951 0.0354 0.8696 
      H477.3  4 0.3434 0.1538 0.5028 
      H477.4  4 0.1571 0.4581 0.3848 
      H477.5  4 0.0699 0.2135 0.7166 
      H477.6  4 0.0938 0.0872 0.8190 
      H477.7  4 0.0747 0.7961 0.1292 
 H479.1_2005  4 0.9151 0.0203 0.0646 
 H479.1_2006  4 0.1347 0.1202 0.7451 
     H479.10  4 0.4131 0.3462 0.2408 
 H479.2_2005  4 0.8395 0.0823 0.0781 
 H479.2_2006  4 0.3290 0.0385 0.6326 
 H479.3_2005  4 0.8234 0.0426 0.1340 
 H479.3_2006  4 0.6224 0.0433 0.3343 
 H479.4_2005  4 0.4837 0.1040 0.4123 
 H479.4_2006  4 0.8998 0.0323 0.0680 
 H479.5_2005  4 0.6060 0.2488 0.1453 
 H479.5_2006  4 0.6138 0.0404 0.3458 
 H479.6_2005  4 0.1759 0.7244 0.0997 
 H479.6_2006  4 0.9572 0.0253 0.0175 
 H479.7_2005  4 0.8889 0.0599 0.0512 
 H479.7_2006  4 0.7999 0.0907 0.1094 
 H479.8_2005  4 0.9423 0.0275 0.0302 
 H479.8_2006  4 0.0241 0.8036 0.1723 
      H479.9  4 0.0560 0.0545 0.8895 
      H516.1  4 0.0296 0.0372 0.9331 
      H516.2  4 0.0183 0.0257 0.9561 
      H516.3  4 0.0123 0.0179 0.9699 
      H516.4  4 0.0144 0.0278 0.9578 
      H516.5  4 0.0174 0.0377 0.9450 
      H516.6  4 0.0103 0.0189 0.9708 
      H516.7  4 0.0615 0.0350 0.9035 
      H516.8  4 0.0153 0.0224 0.9623 
      H516.9  4 0.0545 0.0245 0.9210 
      H646.1  4 0.0202 0.0166 0.9632 
      H646.2  4 0.0135 0.0342 0.9523 
      H646.3  4 0.0129 0.0113 0.9758 
      H646.4  4 0.0431 0.0558 0.9010 
      H646.5  4 0.0265 0.0177 0.9558 
      H658.1  4 0.0155 0.0361 0.9484 
     H658.10  4 0.0140 0.0143 0.9717 
      H658.2  4 0.0199 0.0387 0.9413 
      H658.3  4 0.0345 0.0293 0.9361 
      H658.4  4 0.0280 0.0271 0.9449 
      H658.5  4 0.0302 0.0105 0.9593 
      H658.6  4 0.0206 0.0173 0.9621 
      H658.7  4 0.0169 0.0366 0.9465 
      H658.8  4 0.0115 0.0526 0.9358 
      H658.9  4 0.0230 0.0232 0.9539 
      H682.1  4 0.6911 0.0929 0.2160 
      H682.6  4 0.3264 0.1102 0.5634 
      H720.1  4 0.6759 0.0978 0.2264 
      H720.2  4 0.4417 0.0419 0.5165 
      H720.3  4 0.2072 0.5534 0.2394 
      H720.4  4 0.1683 0.0782 0.7535 
      H720.5  4 0.1086 0.7714 0.1200 
      H720.6  4 0.1202 0.7484 0.1313 
      H720.7  4 0.6022 0.0661 0.3317 
      H720.8  4 0.7672 0.1262 0.1066 
      H720.9  4 0.2789 0.0712 0.6499 
      H724.1  4 0.0331 0.9175 0.0494 
      H724.2  4 0.0693 0.8557 0.0751 
      H724.3  4 0.2271 0.0681 0.7048 
      H724.4  4 0.0317 0.8182 0.1501 
      H724.5  4 0.2318 0.0349 0.7334 
      H724.6  4 0.0377 0.9136 0.0487 
      H725.1  4 0.2533 0.0668 0.6799 
      H725.2  4 0.1507 0.0354 0.8139 
      H725.3  4 0.1014 0.0764 0.8222 
      H725.4  4 0.6157 0.1868 0.1975 
      H725.5  4 0.5936 0.0796 0.3268 
      H725.6  4 0.0353 0.1404 0.8243 
      H725.7  4 0.1519 0.0832 0.7649 
      H725.8  4 0.0266 0.6210 0.3524 
      H726.1  4 0.0091 0.0134 0.9775 
      H726.2  4 0.0307 0.0191 0.9503 
      H726.3  4 0.0170 0.0248 0.9582 
      H726.4  4 0.0141 0.0160 0.9699 
      H726.5  4 0.0180 0.0152 0.9668 
        UNK1  4 0.1838 0.0809 0.7353 
        UNK2  4 0.1395 0.0492 0.8113 
        UNK3  4 0.1236 0.0214 0.8550 
      H016.1  5 0.0373 0.9283 0.0344 
      H016.2  5 0.2312 0.7407 0.0281 
      H016.3  5 0.0308 0.6529 0.3163 
      H016.4  5 0.2636 0.7160 0.0204 
 H017.1_2002  5 0.0252 0.0449 0.9299 
 H017.1_2003  5 0.0570 0.4697 0.4733 
 H017.2_2002  5 0.0676 0.2957 0.6367 
 H017.2_2003  5 0.0198 0.0477 0.9325 
 H017.3_2002  5 0.0264 0.6173 0.3563 
 H017.3_2003  5 0.0484 0.1996 0.7519 
 H017.4_2002  5 0.1680 0.4748 0.3572 
 H017.4_2003  5 0.0124 0.1341 0.8534 
 H017.5_2002  5 0.0145 0.8351 0.1504 
 H017.5_2003  5 0.0126 0.0296 0.9578 
 H017.6_2002  5 0.2097 0.4603 0.3300 
 H017.6_2003  5 0.0168 0.0140 0.9691 
 H017.7_2002  5 0.0891 0.7143 0.1966 
 H017.7_2003  5 0.0232 0.0189 0.9579 
      H017.8  5 0.0325 0.2621 0.7054 
      H017.9  5 0.0887 0.6481 0.2632 
      H032.1  5 0.0204 0.1320 0.8477 
      H032.2  5 0.0247 0.1708 0.8046 
      H032.3  5 0.0741 0.0627 0.8632 
      H032.4  5 0.0173 0.0690 0.9137 
      H032.5  5 0.0263 0.0372 0.9365 
      H032.6  5 0.0169 0.0225 0.9605 
      H032.7  5 0.0327 0.3423 0.6250 
 H034.1_2002  5 0.0522 0.0892 0.8585 
 H034.1_2003  5 0.0337 0.0524 0.9139 
 H034.2_2002  5 0.0573 0.2290 0.7137 
 H034.2_2003  5 0.0832 0.0681 0.8487 
 H034.3_2002  5 0.0544 0.2616 0.6840 
 H034.3_2003  5 0.0368 0.0305 0.9327 
 H034.4_2002  5 0.1046 0.6021 0.2933 
 H034.4_2003  5 0.0171 0.0429 0.9400 
 H034.5_2002  5 0.0233 0.2095 0.7672 
 H034.5_2003  5 0.0231 0.1757 0.8012 
 H034.6_2002  5 0.0456 0.2927 0.6617 
 H034.6_2003  5 0.0154 0.0435 0.9411 
 H034.7_2002  5 0.0307 0.0244 0.9449 
 H034.7_2003  5 0.0190 0.0690 0.9120 
 H034.8_2002  5 0.0539 0.1418 0.8043 
 H034.8_2003  5 0.0140 0.1530 0.8330 
      H034.9  5 0.1496 0.1691 0.6814 
      H048.1  5 0.1295 0.1208 0.7497 
      H048.2  5 0.6517 0.1715 0.1768 
      H048.3  5 0.0887 0.8254 0.0859 
      H048.4  5 0.2565 0.6197 0.1238 
      H048.5  5 0.3247 0.1089 0.5664 
      H048.6  5 0.2452 0.6366 0.1183 
      H048.7  5 0.1863 0.3345 0.4791 
      H048.8  5 0.0646 0.5792 0.3562 
      H060.1  5 0.0564 0.5581 0.3855 
     H060.10  5 0.0177 0.0919 0.8904 
      H060.2  5 0.0700 0.0901 0.8399 
      H060.3  5 0.0158 0.0930 0.8911 
      H060.4  5 0.0858 0.3755 0.5387 
      H060.5  5 0.0350 0.5853 0.3797 
      H060.6  5 0.0223 0.5475 0.4302 
      H060.7  5 0.1435 0.1642 0.6923 
      H060.8  5 0.1371 0.2090 0.6538 
      H060.9  5 0.0220 0.1926 0.7854 
 H070.1_2002  5 0.5689 0.2476 0.1835 
 H070.1_2003  5 0.1001 0.0706 0.8293 
 H070.1_2004  5 0.0327 0.1993 0.7680 
 H070.2_2002  5 0.3177 0.1264 0.5559 
 H070.2_2003  5 0.1309 0.2213 0.6478 
 H070.2_2004  5 0.0147 0.0410 0.9443 
 H070.3_2002  5 0.1783 0.1797 0.6420 
 H070.3_2003  5 0.0181 0.0182 0.9637 
 H070.3_2004  5 0.0552 0.1017 0.8431 
 H070.4_2002  5 0.0485 0.0249 0.9266 
 H070.4_2003  5 0.0562 0.0762 0.8677 
 H070.4_2004  5 0.1853 0.0424 0.7723 
 H070.5_2002  5 0.5447 0.1937 0.2616 
 H070.5_2003  5 0.0221 0.0415 0.9364 
 H070.5_2004  5 0.0268 0.2540 0.7192 
 H070.6_2002  5 0.3643 0.0775 0.5582 
 H070.6_2003  5 0.0226 0.0196 0.9578 
 H070.6_2004  5 0.0940 0.0615 0.8445 
      H077.1  5 0.0181 0.0619 0.9200 
      H077.2  5 0.0277 0.2012 0.7712 
      H077.3  5 0.0419 0.0793 0.8788 
      H077.4  5 0.0177 0.0356 0.9467 
      H077.5  5 0.0306 0.6230 0.3464 
      H077.6  5 0.0151 0.1061 0.8789 
      H097.1  5 0.4783 0.0969 0.4248 
      H097.2  5 0.8101 0.0509 0.1390 
      H097.3  5 0.1124 0.0522 0.8354 
      H097.4  5 0.3819 0.0289 0.5892 
      H097.5  5 0.0577 0.0257 0.9166 
      H097.6  5 0.8308 0.0338 0.1354 
      H097.7  5 0.5766 0.0277 0.3958 
      H124.1  5 0.7115 0.1111 0.1774 
      H124.2  5 0.3053 0.4920 0.2027 
      H124.3  5 0.4887 0.4661 0.0452 
      H124.4  5 0.3905 0.2709 0.3387 
      H124.5  5 0.2698 0.6575 0.0727 
      H132.1  5 0.2095 0.5036 0.2869 
      H132.2  5 0.0368 0.9174 0.0459 
      H132.3  5 0.0654 0.7021 0.2326 
      H132.4  5 0.2665 0.4738 0.2597 
      H132.5  5 0.0224 0.9448 0.0328 
      H132.6  5 0.0296 0.9469 0.0235 
      H132.7  5 0.6639 0.2664 0.0697 
      H155.1  5 0.6219 0.3304 0.0477 
      H155.2  5 0.7184 0.1773 0.1042 
      H155.3  5 0.9471 0.0304 0.0225 
      H155.4  5 0.8013 0.1817 0.0170 
      H155.5  5 0.6161 0.3373 0.0466 
      H155.6  5 0.6712 0.2658 0.0631 
      H155.7  5 0.5524 0.2988 0.1488 
      H155.8  5 0.9262 0.0499 0.0240 
      H155.9  5 0.6331 0.2316 0.1353 
      H169.1  5 0.0172 0.0387 0.9441 
      H169.2  5 0.0177 0.0358 0.9465 
      H169.3  5 0.0204 0.0210 0.9586 
      H169.4  5 0.0215 0.1119 0.8666 
      H169.5  5 0.0370 0.1215 0.8415 
      H169.6  5 0.0365 0.1082 0.8553 
      H457.1  5 0.9021 0.0256 0.0723 
      H457.2  5 0.9486 0.0169 0.0345 
      H457.3  5 0.8725 0.0210 0.1065 
      H457.4  5 0.7375 0.0904 0.1721 
      H457.5  5 0.3826 0.1427 0.4747 
      H457.6  5 0.7221 0.0671 0.2108 
      H457.7  5 0.2578 0.0377 0.7044 
      H457.8  5 0.7179 0.0829 0.1992 
      H462.1  5 0.4086 0.3234 0.2680 
      H462.2  5 0.4665 0.1290 0.4045 
      H462.3  5 0.3851 0.2769 0.3380 
      H462.4  5 0.0806 0.1013 0.8181 
      H462.5  5 0.1870 0.2505 0.5626 
      H462.6  5 0.1179 0.0408 0.8413 
      H462.7  5 0.5652 0.0895 0.3453 
      H462.8  5 0.0297 0.0268 0.9435 
      H462.9  5 0.3282 0.2018 0.4700 
      H481.1  5 0.0154 0.0519 0.9327 
      H481.2  5 0.0342 0.4051 0.5606 
      H481.3  5 0.0310 0.0977 0.8712 
      H481.4  5 0.0299 0.3021 0.6680 
      H481.5  5 0.0362 0.0883 0.8755 
      H481.6  5 0.1640 0.0175 0.8185 
      H481.7  5 0.1418 0.0325 0.8257 
      H481.8  5 0.0945 0.0136 0.8920 
      H509.1  5 0.0576 0.5576 0.3848 
      H509.2  5 0.1393 0.0364 0.8244 
      H509.3  5 0.2114 0.0266 0.7620 
      H509.4  5 0.4241 0.1210 0.4548 
      H509.5  5 0.5560 0.0343 0.4097 
      H509.6  5 0.1667 0.5826 0.2507 
      H509.7  5 0.4984 0.0516 0.4500 
      H567.1  5 0.3286 0.0818 0.5897 
      H567.2  5 0.3578 0.0290 0.6132 
      H567.3  5 0.2071 0.0491 0.7438 
      H567.4  5 0.8852 0.0369 0.0779 
      H567.5  5 0.4525 0.0461 0.5013 
      H567.6  5 0.2689 0.1319 0.5992 
      H567.7  5 0.7018 0.0473 0.2509 
      H567.8  5 0.3991 0.1125 0.4884 
      H608.1  5 0.2829 0.1941 0.5230 
      H608.2  5 0.2752 0.2494 0.4754 
      H608.3  5 0.3208 0.3034 0.3758 
      H608.4  5 0.1893 0.0256 0.7851 
      H608.5  5 0.6033 0.0846 0.3121 
      H608.6  5 0.1582 0.3502 0.4917 
      H608.7  5 0.6286 0.1546 0.2169 
      H608.8  5 0.3605 0.3109 0.3286 
      H615.1  5 0.0190 0.8060 0.1750 
      H615.2  5 0.0992 0.3005 0.6003 
      H615.3  5 0.0197 0.0228 0.9575 
      H615.4  5 0.0440 0.0314 0.9246 
      H615.5  5 0.0250 0.3546 0.6205 
      H615.6  5 0.0147 0.0352 0.9501 
      H635.1  5 0.0646 0.1359 0.7995 
      H635.2  5 0.4668 0.0903 0.4430 
      H635.3  5 0.5539 0.1990 0.2470 
      H635.4  5 0.4292 0.2488 0.3220 
      H635.5  5 0.2038 0.1122 0.6840 
      H635.6  5 0.0871 0.2164 0.6965 
      H635.7  5 0.1640 0.2268 0.6092 
      H635.8  5 0.8640 0.0313 0.1048 
      H635.9  5 0.2282 0.0796 0.6922 
      H728.1  5 0.0350 0.7177 0.2474 
      H728.2  5 0.0385 0.8789 0.0827 
      H728.3  5 0.0790 0.7339 0.1871 
      H728.4  5 0.0284 0.9272 0.0443 
      H728.5  5 0.0342 0.8858 0.0800 
      H728.6  5 0.0183 0.9509 0.0307 
      H728.7  5 0.3371 0.2898 0.3731 
 H7395.1_200  5 0.1364 0.7983 0.0653 
 H7395.1_200  5 0.0303 0.9035 0.0662 
     H7395.2  5 0.0232 0.9294 0.0474 
     H7395.3  5 0.0953 0.8395 0.0652 
     H7395.4  5 0.0433 0.7102 0.2466 
     H7395.5  5 0.0605 0.9070 0.0325 
     H7395.6  5 0.0799 0.8190 0.1011 
     H7395.7  5 0.0587 0.8817 0.0596 
     H7395.8  5 0.0217 0.9557 0.0226 
     H7395.9  5 0.0585 0.8761 0.0654 
      H742.1  5 0.1172 0.0563 0.8265 
      H742.2  5 0.2349 0.0795 0.6856 
      H742.3  5 0.0266 0.0573 0.9161 
      H958.1  5 0.0274 0.0240 0.9486 
      H958.2  5 0.0795 0.0156 0.9049 
      H958.3  5 0.0854 0.0161 0.8984 
      H958.4  5 0.0148 0.0154 0.9697 
      H958.5  5 0.0655 0.0208 0.9137 
      H958.6  5 0.0821 0.0188 0.8990 
      H958.7  5 0.0973 0.0129 0.8899 
      H452.1 10 0.0201 0.9074 0.0725 
     H452.10 10 0.0160 0.9609 0.0231 
      H452.2 10 0.0949 0.7646 0.1405 
      H452.3 10 0.0119 0.9713 0.0169 
      H452.4 10 0.0185 0.9653 0.0162 
      H452.5 10 0.0494 0.8225 0.1281 
      H452.6 10 0.0441 0.2266 0.7294 
      H452.7 10 0.0228 0.9576 0.0195 
      H452.8 10 0.0486 0.8656 0.0858 
      H452.9 10 0.0145 0.9608 0.0247 
      H473.1 10 0.1559 0.0185 0.8256 
      H473.2 10 0.9147 0.0307 0.0547 
      H473.3 10 0.9346 0.0389 0.0265 
      H473.4 10 0.9022 0.0401 0.0577 
      H473.5 10 0.9370 0.0200 0.0430 
      H473.6 10 0.9400 0.0337 0.0263 
      H473.7 10 0.8934 0.0204 0.0862 
      H473.8 10 0.9176 0.0256 0.0568 
      H487.1 10 0.0207 0.9290 0.0503 
      H487.2 10 0.0505 0.8483 0.1012 
      H487.3 10 0.0246 0.8332 0.1423 
      H487.4 10 0.0279 0.2698 0.7023 
      H487.5 10 0.0201 0.9359 0.0440 
      H703.1 10 0.0428 0.8077 0.1494 
     H703.10 10 0.1063 0.1685 0.7252 
      H703.2 10 0.0692 0.2352 0.6956 
      H703.3 10 0.0850 0.2910 0.6240 
      H703.4 10 0.3729 0.1134 0.5136 
      H703.5 10 0.6632 0.0209 0.3159 
      H703.6 10 0.1069 0.0298 0.8632 
      H703.7 10 0.4835 0.2975 0.2190 
      H703.8 10 0.0236 0.0382 0.9383 
      H703.9 10 0.0216 0.0352 0.9432 
      H705.1 10 0.2472 0.3756 0.3772 
      H705.2 10 0.2432 0.4491 0.3077 
      H705.3 10 0.0192 0.9415 0.0393 
      H705.4 10 0.0471 0.8970 0.0560 
      H705.5 10 0.0225 0.9608 0.0167 
      H705.6 10 0.0393 0.7837 0.1770 
      H705.7 10 0.3353 0.3410 0.3238 
     H7352.1 10 0.0187 0.9421 0.0392 
     H7352.2 10 0.0146 0.8799 0.1054 
     H7352.3 10 0.0118 0.0341 0.9541 
     H7352.4 10 0.0147 0.0431 0.9422 
     H7352.5 10 0.0200 0.9494 0.0306 
     H7352.6 10 0.0251 0.9310 0.0439 
     H7352.7 10 0.0153 0.3210 0.6637 
     H7354.1 10 0.0640 0.0896 0.8464 
     H7354.2 10 0.0848 0.0673 0.8480 
     H7354.3 10 0.0433 0.2901 0.6666 
     H7354.4 10 0.0627 0.1209 0.8164 
     H7354.5 10 0.0801 0.4877 0.4322 
     H7354.6 10 0.0623 0.0442 0.8935 
     H7354.7 10 0.0232 0.0713 0.9055 
     H7359.1 10 0.1815 0.3995 0.4189 
     H7359.2 10 0.1038 0.0364 0.8598 
     H7359.3 10 0.1915 0.1191 0.6895 
     H7359.4 10 0.0515 0.0383 0.9102 
     H7359.5 10 0.0616 0.0959 0.8425 
      H909.1 10 0.0180 0.0475 0.9344 
      H909.2 10 0.0945 0.6499 0.2556 
      H909.3 10 0.0179 0.8943 0.0879 
      H909.4 10 0.0528 0.1611 0.7861 
      H909.6 10 0.0262 0.0438 0.9300 
      H909.8 10 0.0437 0.0595 0.8968 
      H909.9 10 0.0163 0.6857 0.2980 
     H9555.1 10 0.0240 0.9127 0.0633 
     H9555.2 10 0.0280 0.9439 0.0281 
     H9555.3 10 0.0506 0.8894 0.0599 
     H9555.4 10 0.0201 0.7701 0.2098 
     H9555.5 10 0.0292 0.9355 0.0354 
     H9555.6 10 0.2883 0.1763 0.5354 
     H9555.7 10 0.1334 0.1692 0.6973 
     H9703.1 10 0.0455 0.0288 0.9257 
     H9703.2 10 0.1482 0.0213 0.8305 
     H9703.3 10 0.0506 0.0380 0.9114 
     H9703.4 10 0.0284 0.0275 0.9441 
     H9703.5 10 0.1483 0.1326 0.7191 
     H9707.1 10 0.0978 0.7028 0.1994 
     H9707.2 10 0.0630 0.5484 0.3886 
     H9707.3 10 0.2554 0.4578 0.2868 
     H9707.4 10 0.0803 0.0833 0.8364 
     H9707.5 10 0.0823 0.5153 0.4024 
     H9707.6 10 0.6612 0.1708 0.1680 
     H9707.7 10 0.1339 0.4165 0.4496 
     H9707.8 10 0.5203 0.2668 0.2129 
     HSAA4.1 10 0.0329 0.8418 0.1253 
     HSAA4.2 10 0.0169 0.9670 0.0161 
     HSAA4.3 10 0.0257 0.9207 0.0536 
     HSAA4.4 10 0.0336 0.8764 0.0900 
     HSAA4.5 10 0.0267 0.2078 0.7654 
     HSAA4.6 10 0.0146 0.9468 0.0386 
     HSAA4.7 10 0.0113 0.8255 0.1632 
   saaRTON.1 10 0.0209 0.0236 0.9555 
  saaRTON.10 10 0.0429 0.0466 0.9105 
   saaRTON.2 10 0.0434 0.0152 0.9415 
   saaRTON.3 10 0.0297 0.0426 0.9277 
   saaRTON.4 10 0.0558 0.2018 0.7424 
   saaRTON.5 10 0.0284 0.0808 0.8908 
   saaRTON.6 10 0.0586 0.0287 0.9127 
   saaRTON.7 10 0.7654 0.1071 0.1275 
   saaRTON.8 10 0.0248 0.0625 0.9128 
   saaRTON.9 10 0.0171 0.0223 0.9607 
      H005.1 11 0.0193 0.0150 0.9656 
      H005.2 11 0.4009 0.0622 0.5369 
      H005.3 11 0.0170 0.0186 0.9644 
      H005.4 11 0.1212 0.0381 0.8406 
      H005.5 11 0.0593 0.0336 0.9071 
      H005.6 11 0.3362 0.1265 0.5373 
      H005.7 11 0.1038 0.0309 0.8654 
      H005.8 11 0.0454 0.0475 0.9071 
      H005.9 11 0.3330 0.0441 0.6229 
      H031.1 11 0.0903 0.5353 0.3744 
      H031.2 11 0.0287 0.0312 0.9401 
      H031.3 11 0.3375 0.0726 0.5900 
      H031.4 11 0.0521 0.1760 0.7719 
      H031.5 11 0.1289 0.1194 0.7517 
      H031.6 11 0.0282 0.2886 0.6831 
      H031.7 11 0.2013 0.5491 0.2496 
      H031.8 11 0.0297 0.1198 0.8504 
      H136.1 11 0.1193 0.0439 0.8368 
      H136.2 11 0.6333 0.1052 0.2615 
      H136.3 11 0.7284 0.0944 0.1772 
      H136.4 11 0.0926 0.0778 0.8295 
      H153.1 11 0.0285 0.0115 0.9600 
      H153.2 11 0.0301 0.0281 0.9417 
      H153.3 11 0.0354 0.0198 0.9448 
      H153.4 11 0.0274 0.0206 0.9520 
      H167.1 11 0.8613 0.0566 0.0821 
      H167.2 11 0.6914 0.2427 0.0659 
      H167.3 11 0.6605 0.2821 0.0574 
      H167.4 11 0.6304 0.0210 0.3486 
      H167.5 11 0.6311 0.0632 0.3057 
      H167.6 11 0.5538 0.3237 0.1225 
      H167.7 11 0.1404 0.0706 0.7890 
      H167.8 11 0.4205 0.0747 0.5048 
      H173.1 11 0.2321 0.0190 0.7489 
      H173.2 11 0.2684 0.0941 0.6375 
      H173.3 11 0.2378 0.0264 0.7358 
      H173.4 11 0.3211 0.0233 0.6556 
      H173.5 11 0.6074 0.0888 0.3039 
 H194.1_2003 11 0.2424 0.0530 0.7046 
 H194.2_2003 11 0.1344 0.1293 0.7364 
 H194.3_2003 11 0.0846 0.0865 0.8289 
 H194.4_2003 11 0.0790 0.1802 0.7408 
 H194.5_2003 11 0.2766 0.0688 0.6546 
 H194.6_2003 11 0.4096 0.0870 0.5035 
 H194.7_2003 11 0.3425 0.0757 0.5818 
 H194.8_2003 11 0.1577 0.1264 0.7159 
      H196.1 11 0.0143 0.9742 0.0114 
      H196.2 11 0.1185 0.8149 0.0665 
      H196.3 11 0.0221 0.9461 0.0318 
      H196.4 11 0.0520 0.8349 0.1131 
      H196.5 11 0.3103 0.6535 0.0361 
      H196.6 11 0.0434 0.9378 0.0188 
 H356.1_2001 11 0.8283 0.1374 0.0342 
 H356.1_2002 11 0.8884 0.0366 0.0751 
 H356.2_2001 11 0.3406 0.0276 0.6318 
 H356.2_2002 11 0.9159 0.0642 0.0198 
 H356.3_2001 11 0.8609 0.0453 0.0937 
 H356.3_2002 11 0.9269 0.0254 0.0477 
 H356.4_2001 11 0.9249 0.0295 0.0456 
 H356.4_2002 11 0.8179 0.1263 0.0558 
 H356.5_2001 11 0.3936 0.0197 0.5867 
 H356.5_2002 11 0.9465 0.0144 0.0391 
 H356.6_2001 11 0.8825 0.0201 0.0975 
 H356.6_2002 11 0.9019 0.0793 0.0188 
 H356.7_2001 11 0.0495 0.0195 0.9310 
 H356.7_2002 11 0.4946 0.4717 0.0336 
      H356.8 11 0.7009 0.2059 0.0932 
      H360.1 11 0.9301 0.0348 0.0350 
     H360.10 11 0.9219 0.0373 0.0407 
      H360.2 11 0.9468 0.0306 0.0227 
      H360.3 11 0.8358 0.1254 0.0388 
      H360.4 11 0.9682 0.0131 0.0186 
      H360.5 11 0.9485 0.0206 0.0309 
      H360.6 11 0.9166 0.0509 0.0325 
      H360.7 11 0.9534 0.0209 0.0257 
      H360.8 11 0.9476 0.0184 0.0340 
      H360.9 11 0.7823 0.0694 0.1483 
 H369.1_2001 11 0.1610 0.7631 0.0759 
 H369.1_2002 11 0.0163 0.1513 0.8324 
      H369.2 11 0.0265 0.0942 0.8793 
      H369.3 11 0.0300 0.1199 0.8501 
      H369.4 11 0.0558 0.0265 0.9177 
      H369.5 11 0.1098 0.0239 0.8664 
      H369.6 11 0.0610 0.0569 0.8821 
      H374.1 11 0.0757 0.0378 0.8865 
      H374.2 11 0.0174 0.0137 0.9689 
      H374.3 11 0.0174 0.0168 0.9658 
      H374.4 11 0.1712 0.0516 0.7772 
      H374.5 11 0.0580 0.0525 0.8895 
      H374.6 11 0.1227 0.0650 0.8123 
      H374.7 11 0.1127 0.0609 0.8264 
      H376.1 11 0.8095 0.1686 0.0219 
      H376.2 11 0.5325 0.4499 0.0176 
      H376.3 11 0.5506 0.2959 0.1535 
      H376.4 11 0.5379 0.4315 0.0306 
      H376.5 11 0.6216 0.3530 0.0254 
      H376.6 11 0.5596 0.4241 0.0163 
      H381.1 11 0.0980 0.2062 0.6958 
      H381.2 11 0.0308 0.0333 0.9359 
      H381.3 11 0.1242 0.0326 0.8432 
      H381.4 11 0.0701 0.0566 0.8733 
      H381.5 11 0.0127 0.1115 0.8757 
      H381.6 11 0.1499 0.0676 0.7825 
      H381.7 11 0.0580 0.0880 0.8539 
      H386.1 11 0.0164 0.6307 0.3529 
      H386.2 11 0.0204 0.2403 0.7394 
      H386.3 11 0.0331 0.2867 0.6802 
      H386.4 11 0.1340 0.7576 0.1083 
      H386.5 11 0.0311 0.7012 0.2677 
      H386.6 11 0.0962 0.5111 0.3927 
 H387.1_2001 11 0.0494 0.6429 0.3076 
 H387.2_2001 11 0.6289 0.1343 0.2367 
 H387.3_2001 11 0.7936 0.0291 0.1773 
 H387.4_2001 11 0.0626 0.0984 0.8390 
 H387.5_2001 11 0.1552 0.0163 0.8285 
 H387.6_2001 11 0.0191 0.0581 0.9228 
 H387.7_2001 11 0.1183 0.0822 0.7995 
      H387.9 11 0.5686 0.1125 0.3189 
      H392.1 11 0.0102 0.0711 0.9186 
      H392.2 11 0.0497 0.0861 0.8642 
      H392.3 11 0.0120 0.9376 0.0504 
      H392.4 11 0.0202 0.0771 0.9027 
      H392.5 11 0.2246 0.2753 0.5001 
      H392.6 11 0.0170 0.3822 0.6008 
      H392.7 11 0.1160 0.2849 0.5991 
 H393.1_2001 11 0.8881 0.0173 0.0947 
 H393.1_2002 11 0.0284 0.0151 0.9566 
 H393.2_2001 11 0.1125 0.0196 0.8680 
 H393.2_2002 11 0.1264 0.0175 0.8561 
 H393.3_2001 11 0.5671 0.0294 0.4035 
 H393.3_2002 11 0.1485 0.0312 0.8203 
 H393.4_2001 11 0.7382 0.0257 0.2360 
 H393.4_2002 11 0.3258 0.0180 0.6562 
      H393.5 11 0.9162 0.0298 0.0540 
      H393.7 11 0.9214 0.0230 0.0556 
      H393.8 11 0.9391 0.0239 0.0370 
      H393.9 11 0.1358 0.0187 0.8455 
      H394.1 11 0.1221 0.0653 0.8127 
      H394.2 11 0.0568 0.0368 0.9064 
      H394.3 11 0.5346 0.0208 0.4446 
      H394.4 11 0.0262 0.0205 0.9533 
      H394.5 11 0.5676 0.1031 0.3293 
      H394.6 11 0.0533 0.0219 0.9247 
      H394.7 11 0.0129 0.0183 0.9688 
      H394.8 11 0.5484 0.0885 0.3631 
      H394.9 11 0.0337 0.0147 0.9517 
      H412.1 11 0.0138 0.0147 0.9715 
      H412.2 11 0.0212 0.0892 0.8895 
      H412.3 11 0.0410 0.0450 0.9140 
      H412.4 11 0.0146 0.0367 0.9486 
      H412.5 11 0.0194 0.0115 0.9692 
      H412.6 11 0.0141 0.0198 0.9661 
      H412.7 11 0.0135 0.0133 0.9732 
      H412.8 11 0.0291 0.0121 0.9587 
      H412.9 11 0.0135 0.0141 0.9723 
        H439 11 0.7197 0.1888 0.0915 
      H439.1 11 0.6292 0.1094 0.2614 
      H439.2 11 0.2841 0.5842 0.1317 
      H439.3 11 0.3645 0.2360 0.3996 
      H439.4 11 0.6670 0.2391 0.0939 
      H439.5 11 0.2981 0.2116 0.4903 
      H439.6 11 0.9165 0.0468 0.0368 
      H439.7 11 0.3857 0.3153 0.2989 
      H439.8 11 0.5230 0.3244 0.1526 
      H439.9 11 0.3362 0.5897 0.0741 
 H441.1_2004 11 0.0549 0.6027 0.3424 
 H441.1_2005 11 0.0130 0.9714 0.0156 
 H441.2_2004 11 0.0204 0.9600 0.0196 
 H441.2_2005 11 0.0193 0.9280 0.0527 
 H441.3_2004 11 0.0321 0.9418 0.0261 
 H441.3_2005 11 0.0143 0.9672 0.0185 
 H441.4_2004 11 0.0146 0.9718 0.0136 
 H441.4_2005 11 0.0207 0.7277 0.2517 
 H441.5_2004 11 0.0218 0.9615 0.0167 
 H441.5_2005 11 0.0221 0.6770 0.3009 
 H441.6_2004 11 0.0421 0.8923 0.0656 
 H441.6_2005 11 0.0123 0.9574 0.0303 
 H441.7_2004 11 0.0213 0.9086 0.0701 
 H441.7_2005 11 0.0738 0.4143 0.5118 
 H441.8_2004 11 0.0266 0.9482 0.0252 
 H441.8_2005 11 0.0114 0.9609 0.0277 
 H441.9_2004 11 0.1060 0.7218 0.1722 
 H441.9_2005 11 0.1038 0.5492 0.3470 
 H442.1_2004 11 0.0298 0.0143 0.9559 
 H442.1_2005 11 0.0561 0.0412 0.9027 
 H442.2_2004 11 0.1769 0.0512 0.7719 
 H442.2_2005 11 0.0333 0.0239 0.9428 
 H442.3_2004 11 0.0248 0.0565 0.9188 
 H442.3_2005 11 0.1595 0.0625 0.7780 
 H442.4_2004 11 0.0660 0.1049 0.8290 
 H442.4_2005 11 0.0564 0.0368 0.9068 
 H442.5_2004 11 0.0136 0.0231 0.9632 
 H442.5_2005 11 0.0183 0.0272 0.9545 
 H442.6_2004 11 0.0299 0.0452 0.9249 
 H442.6_2005 11 0.0462 0.0230 0.9308 
      H442.7 11 0.0367 0.0827 0.8806 
      H442.8 11 0.0199 0.0196 0.9605 
      H442.9 11 0.0283 0.0328 0.9389 
      H446.1 11 0.0748 0.6882 0.2370 
      H446.2 11 0.3837 0.0548 0.5615 
      H446.3 11 0.1094 0.2149 0.6758 
      H446.4 11 0.0937 0.8173 0.0890 
      H446.5 11 0.0591 0.8086 0.1323 
      H446.6 11 0.0440 0.8730 0.0830 
      H446.7 11 0.2987 0.3351 0.3662 
      H447.1 11 0.3688 0.2661 0.3651 
      H447.2 11 0.2486 0.2184 0.5330 
      H447.3 11 0.0456 0.2502 0.7042 
      H447.4 11 0.3095 0.4353 0.2552 
      H447.5 11 0.0458 0.2202 0.7340 
      H447.6 11 0.4966 0.3690 0.1344 
      H447.7 11 0.1803 0.5840 0.2357 
      H447.8 11 0.0626 0.4506 0.4869 
      H447.9 11 0.1317 0.2198 0.6485 
      H448.1 11 0.6792 0.0563 0.2645 
      H448.2 11 0.4762 0.2766 0.2472 
      H448.3 11 0.3967 0.0375 0.5658 
      H448.4 11 0.4662 0.2587 0.2751 
      H586.1 11 0.0567 0.8014 0.1420 
