      H008.1  2 0.5465 0.2351 0.0065 0.0047 0.0068 0.0130 0.0104 0.0086 0.0071 0.0125 0.0049 0.0095 0.0048 0.0302 0.0073 0.0066 0.0092 0.0046 0.0074 0.0055 0.0068 0.0094 0.0229 0.0081 0.0117 
      H008.2  2 0.8163 0.0044 0.0043 0.0067 0.0042 0.0040 0.0066 0.0098 0.0046 0.0067 0.0066 0.0037 0.0034 0.0346 0.0089 0.0038 0.0054 0.0182 0.0085 0.0057 0.0085 0.0074 0.0055 0.0043 0.0078 
      H008.3  2 0.8484 0.0099 0.0043 0.0056 0.0046 0.0054 0.0067 0.0087 0.0053 0.0040 0.0069 0.0049 0.0044 0.0178 0.0086 0.0049 0.0070 0.0044 0.0034 0.0070 0.0051 0.0068 0.0044 0.0044 0.0069 
      H008.4  2 0.7742 0.0517 0.0047 0.0080 0.0095 0.0051 0.0058 0.0107 0.0041 0.0047 0.0087 0.0041 0.0055 0.0099 0.0094 0.0039 0.0068 0.0062 0.0051 0.0144 0.0064 0.0097 0.0088 0.0136 0.0091 
      H008.5  2 0.7404 0.1168 0.0050 0.0066 0.0051 0.0058 0.0091 0.0093 0.0044 0.0035 0.0092 0.0043 0.0038 0.0106 0.0052 0.0045 0.0068 0.0042 0.0044 0.0060 0.0047 0.0058 0.0075 0.0114 0.0054 
      H008.6  2 0.8681 0.0080 0.0038 0.0064 0.0062 0.0033 0.0061 0.0070 0.0040 0.0067 0.0051 0.0040 0.0028 0.0081 0.0030 0.0035 0.0090 0.0049 0.0039 0.0059 0.0059 0.0053 0.0045 0.0046 0.0097 
      H008.7  2 0.7923 0.0100 0.0049 0.0114 0.0068 0.0049 0.0052 0.0075 0.0035 0.0051 0.0087 0.0048 0.0072 0.0095 0.0146 0.0051 0.0090 0.0051 0.0052 0.0142 0.0050 0.0134 0.0182 0.0165 0.0120 
      H008.8  2 0.4500 0.0409 0.0074 0.0046 0.0074 0.0093 0.0081 0.0156 0.0105 0.0384 0.0071 0.0154 0.0050 0.0866 0.0148 0.0069 0.0082 0.1548 0.0240 0.0090 0.0073 0.0203 0.0173 0.0067 0.0244 
      H008.9  2 0.7565 0.0053 0.0038 0.0170 0.0034 0.0038 0.0051 0.0077 0.0119 0.0063 0.0128 0.0046 0.0091 0.0094 0.0084 0.0077 0.0200 0.0175 0.0038 0.0103 0.0059 0.0079 0.0042 0.0048 0.0528 
 H029.1_2002  2 0.0085 0.0378 0.0102 0.0128 0.0286 0.0031 0.0075 0.0037 0.0081 0.0306 0.0192 0.0087 0.0041 0.0069 0.0063 0.0060 0.0043 0.0139 0.0075 0.0098 0.0058 0.0132 0.7099 0.0186 0.0152 
 H029.1_2003  2 0.1161 0.0073 0.0066 0.0077 0.0101 0.0058 0.0115 0.0068 0.0124 0.0105 0.0113 0.0230 0.0040 0.0074 0.0062 0.0176 0.0068 0.0182 0.0077 0.0512 0.0133 0.0802 0.5009 0.0432 0.0143 
 H029.2_2002  2 0.0227 0.0092 0.0069 0.0106 0.0053 0.0033 0.0146 0.0067 0.0044 0.0039 0.0039 0.0122 0.0034 0.0047 0.0149 0.0070 0.0074 0.0036 0.0049 0.0174 0.0042 0.0058 0.8061 0.0113 0.0056 
 H029.2_2003  2 0.0454 0.0083 0.0172 0.0122 0.0061 0.0063 0.0368 0.0170 0.0195 0.0054 0.0067 0.0448 0.0050 0.0072 0.0082 0.0227 0.0074 0.0076 0.0092 0.0292 0.0170 0.0666 0.5106 0.0707 0.0130 
 H029.3_2002  2 0.0235 0.0050 0.0058 0.0241 0.0054 0.0047 0.0107 0.0082 0.0066 0.0049 0.0034 0.0140 0.0032 0.0048 0.0136 0.0112 0.0049 0.0072 0.0049 0.0217 0.0111 0.0204 0.7631 0.0129 0.0048 
 H029.3_2003  2 0.0216 0.0210 0.0073 0.0054 0.0054 0.0050 0.0083 0.0056 0.0045 0.0036 0.0073 0.0140 0.0045 0.0043 0.0083 0.0108 0.0098 0.0082 0.0083 0.0129 0.0182 0.0123 0.7093 0.0792 0.0051 
 H029.4_2002  2 0.0039 0.0040 0.0042 0.0055 0.0046 0.0040 0.0036 0.0028 0.0030 0.0037 0.0050 0.0035 0.0033 0.0035 0.0049 0.0043 0.0037 0.0040 0.0057 0.0059 0.0049 0.0048 0.8993 0.0053 0.0027 
 H029.4_2003  2 0.0125 0.0057 0.0068 0.0111 0.0076 0.0082 0.0068 0.0076 0.0101 0.0072 0.0258 0.0091 0.0033 0.0180 0.0041 0.0246 0.0073 0.0144 0.0383 0.0130 0.0098 0.0386 0.6859 0.0164 0.0077 
 H029.5_2002  2 0.0072 0.0226 0.0082 0.0045 0.0078 0.0039 0.0050 0.0034 0.0049 0.0066 0.0133 0.0086 0.0038 0.0050 0.0076 0.0038 0.0056 0.0050 0.0078 0.0097 0.0059 0.0064 0.8196 0.0180 0.0060 
 H029.5_2003  2 0.0331 0.0052 0.0052 0.0045 0.0055 0.0077 0.0108 0.0034 0.0066 0.0069 0.0102 0.0048 0.0033 0.0059 0.0035 0.0077 0.0054 0.0103 0.0084 0.0091 0.0052 0.0124 0.8095 0.0089 0.0064 
 H029.6_2002  2 0.0056 0.0045 0.0040 0.0064 0.0039 0.0045 0.0039 0.0050 0.0046 0.0026 0.0036 0.0038 0.0027 0.0048 0.0067 0.0047 0.0034 0.0049 0.0045 0.0068 0.0040 0.0049 0.8824 0.0140 0.0037 
 H029.6_2003  2 0.0137 0.0419 0.0439 0.0059 0.0061 0.0119 0.0239 0.0088 0.0077 0.0091 0.0196 0.0333 0.0114 0.0048 0.0078 0.0111 0.0079 0.0122 0.0624 0.0328 0.0159 0.0529 0.5206 0.0232 0.0111 
      H029.7  2 0.0047 0.0079 0.0047 0.0078 0.0043 0.0039 0.0061 0.0054 0.0041 0.0042 0.0041 0.0060 0.0028 0.0065 0.0073 0.0043 0.0047 0.0030 0.0056 0.0049 0.0029 0.0054 0.8775 0.0059 0.0062 
      H030.1  2 0.0114 0.0304 0.1152 0.0035 0.0053 0.0099 0.0365 0.0088 0.0115 0.0069 0.0154 0.0410 0.0344 0.0069 0.0125 0.0104 0.0453 0.0113 0.0387 0.0066 0.2902 0.0230 0.0379 0.1719 0.0148 
      H030.2  2 0.0080 0.0365 0.0085 0.0630 0.1665 0.0223 0.0051 0.0038 0.0050 0.0076 0.0447 0.0136 0.0208 0.0245 0.1133 0.0062 0.0366 0.0063 0.0132 0.0038 0.3248 0.0192 0.0230 0.0147 0.0088 
      H038.1  2 0.0062 0.0307 0.0048 0.0202 0.0064 0.0053 0.0045 0.0076 0.0104 0.0065 0.0037 0.0062 0.0033 0.0067 0.0039 0.0041 0.0033 0.0073 0.0068 0.0048 0.0053 0.0071 0.8210 0.0054 0.0087 
      H038.2  2 0.0051 0.0168 0.0077 0.0032 0.0057 0.0052 0.0045 0.0028 0.0055 0.0031 0.0045 0.0047 0.0077 0.0046 0.0043 0.0041 0.0038 0.0029 0.0049 0.0032 0.0059 0.0039 0.8791 0.0041 0.0028 
      H038.3  2 0.0091 0.0129 0.0289 0.0172 0.0127 0.0116 0.0060 0.0033 0.0057 0.0073 0.0048 0.0068 0.0087 0.0044 0.0059 0.0042 0.0086 0.0044 0.0136 0.0043 0.0077 0.0094 0.7907 0.0041 0.0078 
      H038.4  2 0.0106 0.0198 0.0155 0.0128 0.0082 0.0066 0.0046 0.0038 0.0043 0.0059 0.0056 0.0064 0.0107 0.0056 0.0071 0.0040 0.0043 0.0058 0.0183 0.0049 0.0055 0.0069 0.8127 0.0040 0.0058 
      H038.5  2 0.0052 0.0046 0.0074 0.0096 0.0048 0.0084 0.0045 0.0021 0.0040 0.0038 0.0039 0.0031 0.0044 0.0041 0.0044 0.0063 0.0035 0.0068 0.0101 0.0043 0.0098 0.0077 0.8687 0.0053 0.0036 
      H038.6  2 0.0063 0.0250 0.0047 0.0063 0.0062 0.0054 0.0070 0.0031 0.0108 0.0036 0.0039 0.0056 0.0029 0.0069 0.0037 0.0060 0.0049 0.0041 0.0063 0.0037 0.0063 0.0047 0.8542 0.0051 0.0033 
      H038.7  2 0.0059 0.1041 0.0201 0.0074 0.0103 0.0061 0.0054 0.0031 0.0066 0.0047 0.0031 0.0124 0.0033 0.0029 0.0030 0.0082 0.0057 0.0041 0.0115 0.0035 0.0066 0.0075 0.7455 0.0051 0.0039 
      H038.8  2 0.0047 0.0058 0.0104 0.0309 0.0090 0.0100 0.0044 0.0038 0.0060 0.0048 0.0049 0.0043 0.0097 0.0045 0.0054 0.0038 0.0044 0.0041 0.0128 0.0042 0.0069 0.0062 0.8303 0.0040 0.0047 
      H041.1  2 0.0207 0.0343 0.0264 0.0156 0.0097 0.0067 0.0062 0.0115 0.0047 0.0053 0.0463 0.0045 0.0091 0.0111 0.0915 0.0110 0.0403 0.0031 0.3088 0.0071 0.0041 0.0437 0.1739 0.0847 0.0195 
      H041.2  2 0.0463 0.0501 0.0247 0.0191 0.0425 0.0044 0.0083 0.0070 0.0058 0.0105 0.2231 0.0139 0.0058 0.0059 0.0069 0.0048 0.0805 0.0087 0.0230 0.0502 0.0095 0.0267 0.1367 0.1659 0.0198 
      H041.4  2 0.0391 0.0102 0.0108 0.0136 0.0056 0.0040 0.0055 0.0129 0.0081 0.0084 0.0164 0.0081 0.0074 0.0186 0.0071 0.0063 0.0202 0.0082 0.0196 0.0208 0.0084 0.0349 0.6255 0.0398 0.0405 
      H041.6  2 0.0160 0.0207 0.0186 0.0143 0.0206 0.0130 0.0056 0.0230 0.0117 0.0312 0.0773 0.0155 0.0134 0.0300 0.0158 0.0044 0.0334 0.0117 0.0255 0.0219 0.0109 0.0530 0.3726 0.1120 0.0280 
 H042.1_2002  2 0.0071 0.0104 0.0097 0.0123 0.0150 0.0785 0.0128 0.0080 0.0091 0.0192 0.1143 0.0063 0.0300 0.0465 0.0064 0.0037 0.0085 0.0046 0.0157 0.0095 0.0063 0.0196 0.0035 0.5171 0.0256 
 H042.1_2003  2 0.1217 0.1215 0.0241 0.0911 0.0326 0.0171 0.0358 0.0080 0.0378 0.0259 0.1168 0.0704 0.0146 0.0200 0.0131 0.0057 0.0655 0.0148 0.0146 0.0173 0.0300 0.0483 0.0139 0.0139 0.0257 
 H042.2_2002  2 0.0049 0.0103 0.0038 0.0221 0.1074 0.0362 0.0183 0.0084 0.0056 0.0039 0.0044 0.0075 0.0076 0.0379 0.0059 0.0467 0.0050 0.0038 0.0135 0.0320 0.0044 0.0304 0.2584 0.3166 0.0047 
 H042.2_2003  2 0.0235 0.0646 0.0327 0.0052 0.0156 0.0071 0.0127 0.0080 0.0064 0.0202 0.4773 0.0122 0.0089 0.0318 0.0041 0.0048 0.0164 0.0087 0.0096 0.0307 0.0077 0.0184 0.0771 0.0690 0.0272 
 H042.3_2002  2 0.0062 0.0069 0.0110 0.0126 0.0635 0.2667 0.0134 0.0107 0.0057 0.0139 0.0333 0.0052 0.0136 0.0920 0.0047 0.0170 0.0192 0.0034 0.0179 0.0261 0.0124 0.0661 0.0051 0.2642 0.0092 
 H042.3_2003  2 0.0074 0.0179 0.0185 0.0144 0.0557 0.2121 0.0116 0.0140 0.0088 0.0154 0.0753 0.0071 0.0108 0.1084 0.0254 0.0291 0.0324 0.0035 0.0889 0.0135 0.0097 0.1567 0.0165 0.0354 0.0116 
 H042.4_2002  2 0.0069 0.0106 0.0148 0.0172 0.0063 0.0077 0.0060 0.0055 0.0153 0.0082 0.2698 0.0048 0.0198 0.0096 0.0095 0.0065 0.0048 0.0056 0.0284 0.0224 0.0084 0.0340 0.0405 0.4165 0.0207 
 H042.4_2003  2 0.0040 0.0211 0.0791 0.0078 0.0079 0.0061 0.0105 0.0174 0.0238 0.0241 0.0746 0.0090 0.0193 0.0268 0.0205 0.0051 0.0130 0.0045 0.0910 0.0093 0.0073 0.0327 0.0829 0.3871 0.0150 
      H042.5  2 0.0037 0.0041 0.0061 0.0033 0.0055 0.0065 0.0097 0.0073 0.0107 0.0078 0.0342 0.0046 0.0078 0.0459 0.0045 0.0037 0.0088 0.0036 0.0086 0.0052 0.0042 0.0080 0.0078 0.7773 0.0111 
      H042.6  2 0.0039 0.0127 0.0086 0.0107 0.0077 0.0172 0.0082 0.0286 0.0215 0.0144 0.0068 0.0082 0.0081 0.0665 0.0080 0.0060 0.0043 0.0042 0.0390 0.0049 0.0051 0.0135 0.0102 0.6763 0.0052 
      H042.7  2 0.0040 0.0099 0.0266 0.0056 0.1046 0.0542 0.0093 0.0070 0.0055 0.0305 0.0261 0.0129 0.0814 0.0598 0.0063 0.0050 0.0208 0.0068 0.0455 0.0370 0.0044 0.0476 0.0165 0.3610 0.0115 
      H042.8  2 0.0095 0.0082 0.0049 0.0166 0.0590 0.0149 0.0171 0.0130 0.0058 0.0105 0.0328 0.0057 0.0110 0.0844 0.0027 0.0082 0.0196 0.0053 0.0108 0.0221 0.0034 0.0239 0.0082 0.5864 0.0160 
   H042_2002  2 0.0081 0.0282 0.0185 0.0244 0.1806 0.0133 0.0142 0.0329 0.0431 0.0147 0.0250 0.0134 0.0092 0.3344 0.0054 0.0089 0.0198 0.0076 0.0470 0.0190 0.0071 0.0657 0.0220 0.0242 0.0131 
   H042_2003  2 0.0088 0.0277 0.0186 0.0223 0.1579 0.0129 0.0134 0.0335 0.0526 0.0161 0.0210 0.0186 0.0081 0.3745 0.0061 0.0111 0.0200 0.0076 0.0304 0.0136 0.0096 0.0476 0.0221 0.0278 0.0181 
      H043.1  2 0.0054 0.0085 0.0054 0.0095 0.0035 0.0086 0.0059 0.0059 0.0105 0.0060 0.0032 0.0069 0.0045 0.0065 0.0057 0.0064 0.0091 0.0048 0.8538 0.0027 0.0074 0.0058 0.0064 0.0048 0.0029 
      H043.2  2 0.0113 0.0104 0.0068 0.0189 0.0043 0.0195 0.0085 0.0222 0.0217 0.0358 0.0042 0.0076 0.0041 0.0069 0.0026 0.0038 0.0080 0.0146 0.7458 0.0058 0.0062 0.0106 0.0089 0.0038 0.0077 
      H043.3  2 0.0052 0.0187 0.0087 0.0082 0.0089 0.0104 0.0049 0.0076 0.0047 0.0088 0.0042 0.0092 0.0036 0.0109 0.0028 0.0044 0.0055 0.0065 0.8340 0.0041 0.0038 0.0065 0.0072 0.0053 0.0061 
      H043.4  2 0.0052 0.0159 0.0083 0.0088 0.0073 0.0087 0.0076 0.0167 0.0157 0.0119 0.0039 0.0098 0.0036 0.0068 0.0034 0.0046 0.0063 0.0035 0.8223 0.0028 0.0046 0.0070 0.0064 0.0036 0.0052 
      H043.5  2 0.0155 0.0086 0.0059 0.0160 0.0059 0.0254 0.0062 0.0047 0.0110 0.0109 0.0045 0.0063 0.0042 0.0048 0.0037 0.0043 0.0095 0.0117 0.8066 0.0055 0.0039 0.0083 0.0066 0.0034 0.0066 
      H043.6  2 0.0039 0.0100 0.0051 0.0130 0.0053 0.0083 0.0050 0.0045 0.0059 0.0096 0.0034 0.0063 0.0034 0.0053 0.0026 0.0033 0.0030 0.0054 0.8600 0.0057 0.0049 0.0052 0.0099 0.0042 0.0068 
      H043.7  2 0.0033 0.0081 0.0070 0.0134 0.0072 0.0049 0.0042 0.0194 0.0044 0.0253 0.0031 0.0079 0.0029 0.0042 0.0027 0.0034 0.0062 0.0027 0.8446 0.0029 0.0031 0.0064 0.0041 0.0034 0.0049 
      H043.8  2 0.0046 0.0051 0.0052 0.0062 0.0043 0.0124 0.0052 0.0060 0.0042 0.0139 0.0026 0.0077 0.0043 0.0046 0.0050 0.0054 0.0048 0.0065 0.8626 0.0029 0.0084 0.0073 0.0042 0.0031 0.0034 
      H043.9  2 0.0028 0.0081 0.0050 0.0054 0.0062 0.0054 0.0034 0.0067 0.0044 0.0058 0.0036 0.0068 0.0031 0.0098 0.0052 0.0065 0.0043 0.0045 0.8727 0.0024 0.0045 0.0055 0.0086 0.0056 0.0038 
      H047.1  2 0.0140 0.3914 0.0076 0.0059 0.0329 0.0126 0.0133 0.0059 0.0045 0.0202 0.0041 0.0081 0.0035 0.0384 0.0043 0.0031 0.3253 0.0035 0.0048 0.0035 0.0043 0.0153 0.0606 0.0061 0.0066 
      H047.2  2 0.0201 0.0264 0.0151 0.0038 0.0104 0.0042 0.0371 0.0065 0.0116 0.0233 0.0054 0.0717 0.0094 0.0076 0.0239 0.0114 0.1441 0.0061 0.0273 0.0089 0.0062 0.0184 0.4799 0.0116 0.0095 
      H047.3  2 0.0411 0.0387 0.0177 0.0038 0.0323 0.0055 0.0860 0.0179 0.0088 0.0180 0.0057 0.0593 0.0156 0.0109 0.0241 0.0274 0.1709 0.0052 0.0258 0.0240 0.0064 0.0294 0.2942 0.0219 0.0094 
      H047.4  2 0.0198 0.0552 0.0393 0.0037 0.0511 0.0047 0.0120 0.0071 0.0101 0.0284 0.0066 0.0513 0.0125 0.0156 0.0063 0.0075 0.2323 0.0089 0.0216 0.0108 0.0058 0.0225 0.3185 0.0297 0.0186 
      H047.5  2 0.0291 0.2318 0.0115 0.0033 0.1187 0.0058 0.0365 0.0308 0.0069 0.0124 0.0031 0.0291 0.0264 0.0241 0.0056 0.0168 0.1989 0.0049 0.0287 0.0157 0.0119 0.0385 0.0943 0.0080 0.0072 
      H047.6  2 0.0088 0.0125 0.0072 0.0040 0.0236 0.0032 0.0109 0.0061 0.0052 0.0227 0.0071 0.0164 0.0072 0.0054 0.0078 0.0082 0.4871 0.0054 0.0104 0.0126 0.0041 0.0149 0.2806 0.0203 0.0085 
      H047.7  2 0.0053 0.1667 0.0092 0.0097 0.1415 0.0131 0.0068 0.0053 0.0038 0.0111 0.0099 0.0067 0.0093 0.0267 0.0075 0.0031 0.2973 0.0037 0.0049 0.0070 0.0046 0.0139 0.2148 0.0119 0.0060 
      H047.8  2 0.0194 0.0645 0.0109 0.0041 0.0577 0.0057 0.0362 0.0095 0.0095 0.0254 0.0143 0.0236 0.0085 0.0168 0.0085 0.0074 0.4278 0.0052 0.0079 0.0087 0.0046 0.0236 0.1724 0.0188 0.0090 
      H047.9  2 0.0123 0.1878 0.0223 0.0039 0.1293 0.0157 0.0570 0.0224 0.0068 0.0086 0.0059 0.0102 0.0487 0.1107 0.0053 0.0050 0.0896 0.0038 0.0117 0.0106 0.0052 0.0303 0.1688 0.0112 0.0169 
 H071.1_2002  2 0.0070 0.7359 0.0072 0.0053 0.0062 0.0083 0.0124 0.0097 0.0099 0.0060 0.0064 0.0055 0.0047 0.0074 0.0036 0.0058 0.0044 0.0037 0.0339 0.0053 0.0078 0.0084 0.0807 0.0046 0.0098 
 H071.1_2003  2 0.0120 0.6630 0.0213 0.0085 0.0078 0.0065 0.0137 0.0178 0.0179 0.0185 0.0064 0.0123 0.0049 0.0119 0.0029 0.0044 0.0070 0.0050 0.0631 0.0102 0.0252 0.0103 0.0113 0.0084 0.0296 
     H071.10  2 0.0040 0.0766 0.0074 0.0071 0.0134 0.1165 0.0041 0.0061 0.0056 0.0074 0.0034 0.0051 0.0114 0.0137 0.0094 0.0107 0.0035 0.0107 0.0111 0.0029 0.0305 0.0084 0.6220 0.0051 0.0039 
 H071.2_2002  2 0.0286 0.2022 0.0096 0.0084 0.0082 0.0135 0.0132 0.0163 0.0150 0.0365 0.0046 0.0116 0.0055 0.0120 0.0033 0.0086 0.0058 0.0254 0.0161 0.0124 0.0114 0.0126 0.5008 0.0050 0.0133 
 H071.2_2003  2 0.0091 0.8513 0.0049 0.0036 0.0041 0.0033 0.0072 0.0058 0.0067 0.0058 0.0070 0.0037 0.0029 0.0072 0.0032 0.0034 0.0033 0.0038 0.0073 0.0041 0.0073 0.0050 0.0272 0.0065 0.0065 
      H071.3  2 0.0081 0.8211 0.0055 0.0062 0.0085 0.0245 0.0047 0.0047 0.0042 0.0035 0.0059 0.0054 0.0053 0.0062 0.0046 0.0054 0.0085 0.0073 0.0118 0.0026 0.0107 0.0084 0.0199 0.0034 0.0037 
 H071.4_2002  2 0.0041 0.0183 0.0071 0.0118 0.0118 0.0876 0.0055 0.0076 0.0102 0.0128 0.0035 0.0064 0.0251 0.0114 0.0044 0.0110 0.0041 0.0130 0.0240 0.0051 0.0118 0.0096 0.6843 0.0046 0.0050 
 H071.4_2003  2 0.0065 0.8584 0.0051 0.0023 0.0056 0.0179 0.0059 0.0038 0.0040 0.0038 0.0035 0.0052 0.0052 0.0074 0.0030 0.0056 0.0040 0.0068 0.0035 0.0026 0.0058 0.0065 0.0207 0.0034 0.0036 
 H071.5_2002  2 0.0030 0.6492 0.0060 0.0061 0.0101 0.0300 0.0032 0.0084 0.0049 0.0058 0.0040 0.0049 0.0086 0.0108 0.0095 0.0056 0.0044 0.0053 0.0167 0.0035 0.0162 0.0075 0.1653 0.0065 0.0045 
 H071.5_2003  2 0.0084 0.8469 0.0064 0.0036 0.0089 0.0170 0.0071 0.0046 0.0078 0.0064 0.0039 0.0046 0.0059 0.0069 0.0033 0.0067 0.0045 0.0061 0.0091 0.0036 0.0067 0.0048 0.0060 0.0044 0.0064 
 H071.6_2002  2 0.0078 0.5798 0.0060 0.0073 0.0308 0.1215 0.0051 0.0073 0.0101 0.0078 0.0031 0.0064 0.0057 0.0175 0.0044 0.0140 0.0031 0.0397 0.0067 0.0046 0.0122 0.0118 0.0784 0.0050 0.0042 
 H071.6_2003  2 0.0040 0.8633 0.0094 0.0030 0.0072 0.0084 0.0041 0.0038 0.0046 0.0068 0.0036 0.0051 0.0044 0.0048 0.0031 0.0051 0.0035 0.0033 0.0112 0.0025 0.0142 0.0071 0.0075 0.0054 0.0046 
 H071.7_2002  2 0.0073 0.8906 0.0037 0.0032 0.0080 0.0063 0.0043 0.0049 0.0029 0.0040 0.0036 0.0075 0.0027 0.0053 0.0030 0.0028 0.0044 0.0065 0.0041 0.0026 0.0035 0.0037 0.0074 0.0038 0.0038 
 H071.7_2003  2 0.0041 0.8401 0.0070 0.0035 0.0058 0.0195 0.0058 0.0046 0.0054 0.0073 0.0045 0.0045 0.0057 0.0059 0.0035 0.0057 0.0045 0.0031 0.0211 0.0031 0.0122 0.0060 0.0090 0.0034 0.0050 
      H071.8  2 0.0487 0.1630 0.0072 0.0068 0.0061 0.0078 0.0077 0.0187 0.0098 0.0185 0.0049 0.0071 0.0040 0.0156 0.0036 0.0045 0.0058 0.0314 0.0076 0.0112 0.0054 0.0117 0.5753 0.0060 0.0117 
      H071.9  2 0.0089 0.0211 0.0175 0.0064 0.0155 0.0351 0.0057 0.0089 0.0211 0.0180 0.0035 0.0063 0.0179 0.0130 0.0064 0.0155 0.0086 0.0526 0.0744 0.0156 0.0174 0.0341 0.5470 0.0154 0.0138 
 H081.1_2002  2 0.0085 0.7653 0.0062 0.0053 0.0058 0.0059 0.0046 0.0177 0.0062 0.0042 0.0057 0.0078 0.0118 0.0079 0.0094 0.0059 0.0034 0.0033 0.0038 0.0129 0.0082 0.0089 0.0587 0.0114 0.0113 
 H081.1_2003  2 0.0717 0.0295 0.0201 0.1729 0.0167 0.0061 0.0148 0.0110 0.0771 0.0104 0.0096 0.1784 0.0072 0.0095 0.0132 0.0204 0.0081 0.0101 0.0131 0.0336 0.0444 0.0899 0.0249 0.0529 0.0542 
 H081.2_2002  2 0.0070 0.7598 0.0085 0.0047 0.0052 0.0033 0.0044 0.0524 0.0095 0.0109 0.0033 0.0112 0.0107 0.0097 0.0039 0.0051 0.0063 0.0045 0.0075 0.0080 0.0042 0.0083 0.0351 0.0070 0.0098 
 H081.2_2003  2 0.0391 0.0250 0.0082 0.0071 0.0045 0.0142 0.0065 0.0389 0.0272 0.0110 0.0061 0.0110 0.0088 0.0343 0.0241 0.0083 0.0069 0.0253 0.0175 0.0049 0.5999 0.0330 0.0104 0.0165 0.0112 
 H081.3_2002  2 0.0459 0.1394 0.0152 0.0064 0.0047 0.0077 0.0051 0.0459 0.0223 0.0285 0.0050 0.0051 0.0083 0.0166 0.0060 0.0050 0.0114 0.0225 0.0133 0.0048 0.0133 0.0132 0.5335 0.0080 0.0130 
 H081.3_2003  2 0.0155 0.0075 0.0099 0.0134 0.0102 0.0151 0.0133 0.0199 0.1395 0.0502 0.0068 0.0095 0.0157 0.0166 0.0172 0.0148 0.0070 0.0495 0.1392 0.0077 0.3309 0.0403 0.0161 0.0164 0.0177 
 H081.4_2002  2 0.0140 0.7846 0.0125 0.0040 0.0059 0.0095 0.0065 0.0040 0.0079 0.0051 0.0049 0.0076 0.0093 0.0058 0.0077 0.0053 0.0055 0.0092 0.0071 0.0041 0.0108 0.0105 0.0437 0.0090 0.0054 
 H081.4_2003  2 0.0210 0.0232 0.0397 0.0119 0.0107 0.0135 0.0294 0.0285 0.1335 0.0225 0.0123 0.0502 0.0212 0.0077 0.0164 0.0260 0.0060 0.0157 0.0154 0.0284 0.2233 0.0427 0.0129 0.1202 0.0678 
 H081.5_2002  2 0.0182 0.7483 0.0091 0.0062 0.0065 0.0069 0.0085 0.0070 0.0134 0.0109 0.0047 0.0113 0.0051 0.0082 0.0034 0.0062 0.0080 0.0100 0.0085 0.0048 0.0194 0.0092 0.0396 0.0128 0.0139 
 H081.5_2003  2 0.0197 0.0784 0.0590 0.0193 0.0295 0.0070 0.0174 0.0686 0.0261 0.0172 0.0072 0.2510 0.0175 0.0093 0.0120 0.0193 0.0117 0.0084 0.0157 0.0385 0.0463 0.0348 0.0138 0.0876 0.0849 
      H081.6  2 0.0065 0.8765 0.0055 0.0046 0.0063 0.0059 0.0049 0.0056 0.0047 0.0033 0.0044 0.0090 0.0036 0.0061 0.0035 0.0047 0.0033 0.0037 0.0036 0.0053 0.0057 0.0066 0.0062 0.0046 0.0059 
      H081.7  2 0.0167 0.4013 0.0113 0.0052 0.0073 0.0107 0.0058 0.1827 0.0153 0.0299 0.0038 0.0108 0.0128 0.0152 0.0071 0.0061 0.0043 0.0132 0.0123 0.0079 0.0124 0.0131 0.1793 0.0074 0.0081 
      H081.8  2 0.0209 0.0369 0.0170 0.0063 0.0089 0.0203 0.0054 0.0144 0.0121 0.0149 0.0048 0.0095 0.0103 0.0089 0.0185 0.0072 0.0100 0.0496 0.0082 0.0124 0.0343 0.0249 0.6146 0.0164 0.0135 
      H083.1  2 0.0140 0.1703 0.0078 0.0082 0.0259 0.0153 0.0099 0.0088 0.0061 0.0034 0.0052 0.0230 0.0046 0.0055 0.0288 0.0093 0.0056 0.0067 0.0130 0.0085 0.0088 0.0110 0.5726 0.0232 0.0045 
      H083.2  2 0.0062 0.0443 0.0069 0.0055 0.0087 0.0096 0.0076 0.0110 0.0083 0.0084 0.0036 0.0182 0.0072 0.0073 0.0129 0.0110 0.0121 0.0054 0.0280 0.0034 0.0057 0.0107 0.7424 0.0091 0.0064 
      H083.4  2 0.0140 0.0313 0.0042 0.0152 0.0094 0.0257 0.0044 0.0171 0.0064 0.0115 0.0035 0.0185 0.0066 0.0299 0.0763 0.0072 0.0054 0.0482 0.0141 0.0039 0.0040 0.0158 0.6148 0.0093 0.0033 
      H083.5  2 0.0280 0.0521 0.0047 0.0200 0.0073 0.0069 0.0066 0.0109 0.0068 0.0040 0.0050 0.0271 0.0059 0.0126 0.0518 0.0042 0.0058 0.0084 0.0062 0.0116 0.0051 0.0087 0.6821 0.0129 0.0055 
      H083.6  2 0.0264 0.0589 0.0093 0.0083 0.0120 0.0175 0.0077 0.0241 0.0044 0.0054 0.0084 0.0225 0.0102 0.0056 0.0891 0.0126 0.0044 0.0157 0.0045 0.0323 0.0115 0.0155 0.5719 0.0151 0.0067 
      H083.7  2 0.0116 0.0138 0.0037 0.0077 0.0084 0.0171 0.0054 0.0144 0.0043 0.0115 0.0049 0.0118 0.0233 0.0331 0.0810 0.0046 0.0044 0.0149 0.0077 0.0060 0.0036 0.0167 0.6797 0.0059 0.0044 
      H083.8  2 0.0066 0.0124 0.0056 0.0052 0.0068 0.0064 0.0073 0.0120 0.0083 0.0075 0.0039 0.0136 0.0078 0.0065 0.0075 0.0107 0.0109 0.0046 0.0199 0.0047 0.0036 0.0104 0.8074 0.0051 0.0053 
      H083.9  2 0.0350 0.0893 0.0041 0.0069 0.0132 0.0054 0.0062 0.0088 0.0041 0.0035 0.0081 0.0135 0.0041 0.0082 0.1122 0.0052 0.0074 0.0051 0.0049 0.0122 0.0067 0.0089 0.6094 0.0123 0.0053 
      H084.1  2 0.0067 0.0053 0.0084 0.0498 0.0135 0.0042 0.0119 0.0091 0.0297 0.0047 0.0042 0.0069 0.0089 0.0060 0.0070 0.0420 0.0127 0.0078 0.0202 0.0467 0.6266 0.0229 0.0203 0.0194 0.0052 
      H084.2  2 0.0045 0.0036 0.0080 0.0559 0.0070 0.0104 0.0105 0.0031 0.0322 0.0060 0.0037 0.0115 0.0046 0.0070 0.0050 0.0937 0.0052 0.0080 0.0598 0.0061 0.5525 0.0151 0.0398 0.0411 0.0058 
      H084.3  2 0.0088 0.0057 0.0143 0.2228 0.0389 0.0054 0.0144 0.0062 0.0354 0.0048 0.0349 0.0306 0.0829 0.0061 0.0092 0.0332 0.0095 0.0064 0.0129 0.0498 0.2995 0.0394 0.0089 0.0144 0.0054 
      H084.4  2 0.0267 0.0072 0.0429 0.1717 0.0182 0.0043 0.0081 0.0036 0.0337 0.0095 0.0205 0.0639 0.0142 0.0166 0.0043 0.0242 0.0265 0.0143 0.0354 0.0253 0.3016 0.0637 0.0290 0.0274 0.0073 
      H084.5  2 0.0135 0.0053 0.0184 0.0290 0.1437 0.0059 0.0109 0.0076 0.0076 0.0061 0.0053 0.0266 0.0138 0.0061 0.0063 0.0205 0.0249 0.0071 0.0089 0.0739 0.5135 0.0219 0.0053 0.0093 0.0087 
      H084.6  2 0.0073 0.0034 0.0077 0.0661 0.0507 0.0049 0.0051 0.0063 0.0149 0.0065 0.0096 0.0131 0.0331 0.0057 0.0339 0.0104 0.0193 0.0092 0.0072 0.0393 0.6126 0.0141 0.0073 0.0082 0.0042 
      H084.7  2 0.0066 0.0043 0.0100 0.0101 0.0068 0.0107 0.0082 0.0047 0.0077 0.0072 0.0040 0.0078 0.0075 0.0091 0.0043 0.0813 0.0084 0.0070 0.0189 0.0116 0.6811 0.0151 0.0145 0.0439 0.0090 
      H084.8  2 0.0114 0.0033 0.0111 0.0404 0.0249 0.0035 0.0092 0.0072 0.0078 0.0041 0.0099 0.0123 0.0253 0.0121 0.0065 0.0146 0.0278 0.0070 0.0054 0.1258 0.5926 0.0163 0.0085 0.0084 0.0047 
 H085.1_2002  2 0.0125 0.0220 0.0054 0.0165 0.0093 0.0061 0.0054 0.6887 0.0600 0.0115 0.0051 0.0054 0.0055 0.0078 0.0132 0.0147 0.0043 0.0045 0.0173 0.0060 0.0117 0.0116 0.0188 0.0245 0.0124 
 H085.1_2003  2 0.0164 0.2395 0.0483 0.0150 0.0056 0.0204 0.0059 0.1302 0.0202 0.0094 0.0124 0.0076 0.0150 0.0100 0.1029 0.0140 0.0129 0.0171 0.0754 0.0110 0.0093 0.0843 0.0740 0.0351 0.0082 
 H085.2_2002  2 0.0113 0.0110 0.0132 0.0554 0.0137 0.0427 0.0064 0.1319 0.1428 0.0731 0.0060 0.0154 0.0185 0.0098 0.1386 0.0118 0.0052 0.0081 0.0313 0.0243 0.0210 0.0312 0.0347 0.0356 0.1071 
 H085.2_2003  2 0.1202 0.3624 0.0320 0.0115 0.0092 0.0180 0.0118 0.0220 0.0165 0.0095 0.0167 0.0121 0.0062 0.0134 0.0320 0.0242 0.0267 0.0230 0.0336 0.0072 0.0130 0.0294 0.0769 0.0610 0.0117 
 H085.3_2002  2 0.0094 0.0112 0.0322 0.0048 0.0040 0.0134 0.0054 0.6853 0.0282 0.0095 0.0108 0.0202 0.0098 0.0123 0.0189 0.0057 0.0058 0.0037 0.0167 0.0062 0.0044 0.0143 0.0056 0.0162 0.0462 
 H085.3_2003  2 0.0081 0.7581 0.0624 0.0045 0.0034 0.0260 0.0068 0.0121 0.0037 0.0046 0.0103 0.0054 0.0064 0.0128 0.0058 0.0057 0.0122 0.0049 0.0163 0.0032 0.0046 0.0082 0.0044 0.0054 0.0051 
 H085.4_2002  2 0.0384 0.0349 0.0102 0.0252 0.0146 0.0401 0.0097 0.3036 0.0881 0.0700 0.0082 0.0072 0.0127 0.0246 0.0268 0.0193 0.0044 0.0088 0.0325 0.0260 0.0171 0.0393 0.0654 0.0338 0.0391 
 H085.4_2003  2 0.0067 0.4641 0.0332 0.0072 0.0571 0.0082 0.0076 0.0115 0.0087 0.0138 0.0566 0.0135 0.0158 0.0068 0.0083 0.0048 0.0072 0.0039 0.0192 0.0080 0.0193 0.0165 0.0925 0.0746 0.0350 
 H085.5_2002  2 0.0067 0.0153 0.0278 0.0056 0.0037 0.0075 0.0071 0.7832 0.0078 0.0087 0.0071 0.0053 0.0072 0.0128 0.0031 0.0040 0.0053 0.0038 0.0223 0.0060 0.0038 0.0117 0.0038 0.0052 0.0254 
 H085.5_2003  2 0.0314 0.6693 0.0085 0.0066 0.0056 0.0172 0.0085 0.0161 0.0144 0.0057 0.0149 0.0074 0.0051 0.0141 0.0383 0.0202 0.0112 0.0087 0.0076 0.0041 0.0097 0.0170 0.0306 0.0224 0.0053 
 H085.6_2002  2 0.0122 0.0075 0.0136 0.0071 0.0067 0.0089 0.0047 0.5982 0.1548 0.0096 0.0031 0.0101 0.0057 0.0057 0.0127 0.0070 0.0065 0.0054 0.0271 0.0066 0.0065 0.0192 0.0112 0.0235 0.0262 
 H085.6_2003  2 0.0130 0.1044 0.5902 0.0062 0.0049 0.0084 0.0104 0.0233 0.0085 0.0102 0.0085 0.0175 0.0119 0.0095 0.0046 0.0054 0.0185 0.0070 0.0461 0.0116 0.0053 0.0157 0.0110 0.0169 0.0307 
 H085.7_2002  2 0.0266 0.0363 0.0346 0.0141 0.0062 0.0176 0.0097 0.2885 0.0724 0.0158 0.0145 0.0378 0.0091 0.0184 0.0575 0.0076 0.0239 0.0101 0.0166 0.0060 0.0118 0.0430 0.0282 0.0785 0.1152 
 H085.7_2003  2 0.0242 0.5982 0.0448 0.0067 0.0040 0.0230 0.0122 0.0120 0.0073 0.0084 0.0076 0.0056 0.0117 0.0136 0.0094 0.0057 0.0103 0.0069 0.1139 0.0075 0.0051 0.0208 0.0218 0.0117 0.0075 
 H085.8_2002  2 0.0136 0.0425 0.1392 0.0126 0.0077 0.0836 0.0086 0.1594 0.0494 0.0501 0.0058 0.0722 0.0199 0.0190 0.0194 0.0050 0.0076 0.0160 0.0380 0.0214 0.0138 0.0735 0.0083 0.0140 0.0994 
 H085.8_2003  2 0.0293 0.0937 0.0760 0.0172 0.0208 0.0153 0.0119 0.0378 0.0169 0.0147 0.0266 0.0127 0.0222 0.0095 0.1160 0.0201 0.0186 0.0071 0.0591 0.0163 0.0145 0.0370 0.0649 0.2141 0.0279 
      H085.9  2 0.0122 0.0433 0.0121 0.0302 0.0098 0.0145 0.0075 0.5782 0.0192 0.0082 0.0122 0.0128 0.0100 0.0119 0.0156 0.0090 0.0077 0.0103 0.0272 0.0093 0.0141 0.0116 0.0150 0.0465 0.0516 
      H088.1  2 0.0358 0.0049 0.0055 0.0079 0.0036 0.0145 0.0154 0.0186 0.0496 0.0081 0.0173 0.0087 0.0143 0.0155 0.0096 0.0099 0.0043 0.0338 0.0054 0.1100 0.0067 0.0204 0.0125 0.5424 0.0254 
      H088.2  2 0.0095 0.0036 0.0078 0.0067 0.0090 0.0084 0.0087 0.0211 0.0212 0.0098 0.0113 0.0115 0.0090 0.0058 0.0076 0.0114 0.0065 0.0103 0.0092 0.0330 0.0056 0.0114 0.0088 0.7289 0.0238 
      H088.3  2 0.0136 0.0031 0.0076 0.0051 0.0082 0.0052 0.0064 0.0104 0.0195 0.0091 0.0071 0.0146 0.0059 0.0082 0.0079 0.0088 0.0073 0.0145 0.0067 0.0230 0.0054 0.0102 0.0047 0.7737 0.0134 
      H088.4  2 0.0058 0.0050 0.0073 0.0038 0.0047 0.0043 0.0061 0.0037 0.0077 0.0101 0.0162 0.0058 0.0028 0.0056 0.0028 0.0072 0.0041 0.0134 0.0079 0.0072 0.0097 0.0087 0.0120 0.8326 0.0056 
      H088.5  2 0.0079 0.0031 0.0036 0.0038 0.0042 0.0061 0.0057 0.0053 0.0089 0.0079 0.0103 0.0038 0.0043 0.0060 0.0037 0.0050 0.0048 0.0117 0.0048 0.0091 0.0059 0.0063 0.0087 0.8512 0.0077 
      H088.6  2 0.0137 0.0055 0.0064 0.0044 0.0052 0.0093 0.0085 0.0043 0.0103 0.0055 0.0085 0.0064 0.0064 0.0073 0.0051 0.0059 0.0067 0.0173 0.0048 0.0154 0.0084 0.0071 0.0146 0.8063 0.0067 
      H088.7  2 0.0090 0.0043 0.0065 0.0036 0.0069 0.0035 0.0061 0.0052 0.0049 0.0044 0.0061 0.0068 0.0046 0.0074 0.0041 0.0041 0.0084 0.0056 0.0071 0.0069 0.0045 0.0060 0.0118 0.8568 0.0055 
      H088.8  2 0.0374 0.0090 0.0059 0.0059 0.0062 0.0099 0.0104 0.0056 0.0110 0.0065 0.0360 0.0056 0.0086 0.0102 0.0060 0.0059 0.0073 0.0319 0.0048 0.0147 0.0094 0.0156 0.0644 0.6656 0.0062 
      H091.1  2 0.0111 0.0348 0.0306 0.0107 0.0079 0.0489 0.0084 0.0056 0.0072 0.0057 0.1772 0.0035 0.0098 0.0070 0.0203 0.0048 0.0062 0.0038 0.1201 0.0084 0.0060 0.0320 0.0068 0.4158 0.0074 
      H091.2  2 0.0350 0.0157 0.0129 0.0038 0.0103 0.0682 0.0068 0.0056 0.0046 0.0060 0.0278 0.0041 0.0241 0.0161 0.0287 0.0078 0.0185 0.0067 0.0540 0.0058 0.0039 0.0451 0.0139 0.5629 0.0118 
      H109.1  2 0.0127 0.0085 0.0119 0.0254 0.0362 0.0142 0.0119 0.0195 0.0104 0.0066 0.0071 0.0081 0.0079 0.0201 0.0834 0.1261 0.1315 0.0711 0.0835 0.0179 0.0436 0.2118 0.0157 0.0072 0.0076 
      H109.2  2 0.0083 0.0184 0.0635 0.0131 0.0301 0.0110 0.0046 0.0047 0.0136 0.0136 0.0133 0.0080 0.0140 0.0283 0.0157 0.1507 0.0556 0.0132 0.0599 0.0117 0.2737 0.1104 0.0360 0.0091 0.0196 
      H109.3  2 0.0160 0.0131 0.0271 0.0059 0.0071 0.0172 0.0145 0.0031 0.0065 0.0057 0.0177 0.0146 0.0146 0.0099 0.0073 0.0171 0.1896 0.0105 0.4852 0.0097 0.0384 0.0365 0.0100 0.0166 0.0063 
      H109.4  2 0.0096 0.0116 0.0446 0.0161 0.0150 0.0897 0.0097 0.0059 0.0199 0.0199 0.0646 0.0071 0.0098 0.0249 0.0163 0.0699 0.0530 0.0539 0.2136 0.0091 0.0758 0.1291 0.0085 0.0069 0.0156 
      H109.5  2 0.0102 0.1422 0.0450 0.0037 0.0179 0.0086 0.0113 0.0041 0.0070 0.0095 0.0233 0.0103 0.0078 0.0675 0.0053 0.0125 0.0447 0.0072 0.3299 0.0265 0.0547 0.0464 0.0378 0.0563 0.0102 
      H109.6  2 0.0267 0.0176 0.0314 0.0125 0.0334 0.0132 0.0117 0.0053 0.0110 0.0110 0.0113 0.0191 0.0223 0.0307 0.0120 0.0379 0.0427 0.0933 0.0946 0.0278 0.1926 0.1894 0.0271 0.0070 0.0183 
      H126.1  2 0.0117 0.0071 0.0243 0.0060 0.0676 0.0618 0.0292 0.0669 0.0265 0.2642 0.0145 0.0147 0.0054 0.0219 0.0066 0.1330 0.0103 0.0086 0.0135 0.0170 0.0054 0.1133 0.0087 0.0120 0.0497 
      H126.2  2 0.0859 0.0631 0.0222 0.0196 0.0255 0.0876 0.0126 0.0455 0.0326 0.1139 0.0116 0.0203 0.0062 0.0188 0.0115 0.0196 0.0217 0.0088 0.0392 0.0056 0.0103 0.2693 0.0243 0.0140 0.0104 
      H126.3  2 0.1029 0.0056 0.0040 0.0056 0.3551 0.0193 0.0066 0.0102 0.0201 0.0178 0.0081 0.0045 0.0033 0.0164 0.0191 0.0352 0.0044 0.0127 0.0455 0.0083 0.0036 0.1790 0.0548 0.0511 0.0066 
      H126.4  2 0.0115 0.0154 0.0143 0.0083 0.0214 0.0823 0.0192 0.0133 0.0100 0.2798 0.0187 0.0120 0.0074 0.0374 0.0153 0.0619 0.0145 0.0113 0.0054 0.0178 0.0082 0.2440 0.0272 0.0225 0.0207 
      H126.5  2 0.0620 0.1762 0.0281 0.0050 0.0624 0.1033 0.0464 0.0216 0.0257 0.1105 0.0057 0.0339 0.0078 0.1300 0.0070 0.0125 0.0048 0.0071 0.0071 0.0087 0.0053 0.0594 0.0150 0.0094 0.0453 
      H126.6  2 0.0846 0.0872 0.0100 0.0045 0.2590 0.0065 0.0086 0.1147 0.0860 0.0245 0.0032 0.0221 0.0028 0.0300 0.0067 0.0068 0.0090 0.0048 0.0493 0.0041 0.0044 0.0378 0.1019 0.0218 0.0097 
      H126.7  2 0.0084 0.3013 0.0212 0.0028 0.0205 0.0661 0.0074 0.0424 0.0102 0.0102 0.0164 0.0293 0.0066 0.0726 0.0087 0.0077 0.0064 0.0085 0.0091 0.0037 0.0070 0.0650 0.1349 0.1279 0.0058 
      H130.1  2 0.0075 0.0049 0.0211 0.0051 0.0057 0.0130 0.0188 0.0065 0.2707 0.0272 0.0112 0.0187 0.0057 0.0099 0.0085 0.0081 0.0125 0.0218 0.0248 0.0112 0.0110 0.0188 0.0087 0.0215 0.4271 
      H130.2  2 0.0098 0.0255 0.0297 0.0081 0.0050 0.0062 0.0260 0.0136 0.0499 0.0180 0.0096 0.0366 0.0260 0.0056 0.0355 0.0276 0.0403 0.0432 0.0242 0.0078 0.2758 0.0632 0.0229 0.0365 0.1533 
      H130.3  2 0.0074 0.0258 0.0093 0.0055 0.0050 0.0071 0.1520 0.0050 0.3687 0.0059 0.0271 0.0686 0.0082 0.0061 0.0038 0.0316 0.0057 0.0177 0.0114 0.0086 0.0462 0.0768 0.0344 0.0194 0.0426 
      H130.4  2 0.0067 0.0042 0.0076 0.0173 0.0073 0.0095 0.0887 0.0124 0.2898 0.0442 0.0122 0.0135 0.0207 0.0064 0.0123 0.0260 0.0108 0.0443 0.0322 0.0083 0.0144 0.0270 0.0113 0.0171 0.2557 
      H130.5  2 0.0044 0.0411 0.0190 0.0045 0.0040 0.0117 0.0075 0.0176 0.1674 0.0158 0.0065 0.0453 0.0260 0.0047 0.0141 0.0115 0.0059 0.0108 0.0229 0.0131 0.0819 0.0306 0.0319 0.0470 0.3548 
      H133.1  2 0.0043 0.0050 0.0072 0.0120 0.0041 0.0036 0.0099 0.0057 0.0066 0.0151 0.0044 0.0052 0.0039 0.0073 0.0052 0.0171 0.0077 0.0032 0.8242 0.0046 0.0065 0.0082 0.0139 0.0060 0.0094 
      H133.2  2 0.0063 0.0062 0.0109 0.0038 0.0055 0.0032 0.0087 0.0104 0.0150 0.0129 0.0058 0.0070 0.0037 0.0070 0.0031 0.0076 0.0083 0.0069 0.8104 0.0052 0.0115 0.0096 0.0037 0.0108 0.0164 
      H133.3  2 0.0046 0.0074 0.0073 0.0183 0.0055 0.0042 0.0070 0.0106 0.0081 0.0060 0.0052 0.0038 0.0066 0.0086 0.0087 0.0105 0.0056 0.0049 0.7904 0.0090 0.0086 0.0096 0.0212 0.0147 0.0136 
      H133.4  2 0.0052 0.0058 0.0057 0.0079 0.0041 0.0038 0.0069 0.0052 0.0058 0.0062 0.0037 0.0092 0.0045 0.0062 0.0051 0.0081 0.0167 0.0064 0.8478 0.0052 0.0052 0.0052 0.0067 0.0051 0.0082 
      H133.5  2 0.0053 0.0070 0.0074 0.0057 0.0036 0.0076 0.0079 0.0143 0.0130 0.0093 0.0043 0.0095 0.0037 0.0092 0.0063 0.0974 0.0050 0.0096 0.7142 0.0038 0.0143 0.0134 0.0056 0.0160 0.0066 
      H133.6  2 0.0048 0.0047 0.0126 0.0063 0.0083 0.0077 0.0107 0.0163 0.0274 0.0556 0.0061 0.0087 0.0087 0.0142 0.0110 0.0253 0.0069 0.0102 0.6257 0.0108 0.0135 0.0210 0.0156 0.0586 0.0096 
      H133.7  2 0.0049 0.0065 0.0101 0.0128 0.0056 0.0030 0.0047 0.0088 0.0043 0.0047 0.0055 0.0049 0.0123 0.0061 0.0057 0.0059 0.0166 0.0036 0.8189 0.0118 0.0064 0.0079 0.0085 0.0069 0.0136 
      H133.8  2 0.0041 0.0042 0.0048 0.0074 0.0088 0.0104 0.0097 0.0291 0.0078 0.0083 0.0034 0.0043 0.0040 0.0037 0.0084 0.0079 0.0065 0.0036 0.8186 0.0055 0.0050 0.0125 0.0055 0.0070 0.0095 
      H133.9  2 0.0042 0.0051 0.0066 0.0133 0.0046 0.0046 0.0109 0.0050 0.0049 0.0167 0.0052 0.0064 0.0043 0.0071 0.0075 0.0437 0.0075 0.0039 0.7828 0.0047 0.0053 0.0122 0.0169 0.0063 0.0106 
      H147.1  2 0.0082 0.7708 0.0121 0.0078 0.0131 0.0032 0.0031 0.0065 0.0050 0.0085 0.0247 0.0197 0.0085 0.0042 0.0096 0.0035 0.0092 0.0040 0.0054 0.0254 0.0158 0.0093 0.0037 0.0070 0.0116 
      H147.2  2 0.0045 0.8609 0.0100 0.0033 0.0088 0.0029 0.0029 0.0073 0.0044 0.0056 0.0067 0.0157 0.0039 0.0031 0.0029 0.0038 0.0034 0.0045 0.0040 0.0075 0.0073 0.0049 0.0051 0.0077 0.0089 
      H147.3  2 0.0042 0.9015 0.0046 0.0031 0.0042 0.0031 0.0035 0.0071 0.0036 0.0033 0.0043 0.0080 0.0034 0.0041 0.0030 0.0029 0.0031 0.0026 0.0039 0.0051 0.0054 0.0040 0.0037 0.0033 0.0049 
      H147.4  2 0.0102 0.8922 0.0040 0.0076 0.0041 0.0032 0.0028 0.0042 0.0027 0.0024 0.0065 0.0050 0.0032 0.0041 0.0054 0.0026 0.0051 0.0031 0.0032 0.0044 0.0086 0.0035 0.0046 0.0037 0.0036 
      H147.5  2 0.0075 0.7362 0.0115 0.0040 0.0068 0.0050 0.0039 0.0098 0.0059 0.0049 0.0273 0.0174 0.0059 0.0049 0.0084 0.0039 0.0086 0.0095 0.0047 0.0218 0.0332 0.0112 0.0053 0.0365 0.0060 
      H147.6  2 0.0094 0.7311 0.0121 0.0049 0.0078 0.0042 0.0039 0.0084 0.0049 0.0048 0.0358 0.0151 0.0043 0.0047 0.0074 0.0043 0.0068 0.0072 0.0057 0.0096 0.0356 0.0123 0.0036 0.0518 0.0043 
      H147.7  2 0.0089 0.8609 0.0043 0.0129 0.0075 0.0037 0.0035 0.0049 0.0028 0.0032 0.0096 0.0073 0.0035 0.0046 0.0099 0.0038 0.0071 0.0029 0.0036 0.0068 0.0098 0.0055 0.0060 0.0032 0.0036 
      H147.8  2 0.0119 0.8149 0.0054 0.0208 0.0075 0.0044 0.0029 0.0047 0.0036 0.0026 0.0134 0.0061 0.0027 0.0041 0.0094 0.0042 0.0071 0.0065 0.0045 0.0097 0.0165 0.0060 0.0053 0.0224 0.0034 
      H147.9  2 0.0056 0.8986 0.0047 0.0038 0.0042 0.0031 0.0032 0.0063 0.0035 0.0040 0.0039 0.0069 0.0031 0.0051 0.0036 0.0028 0.0040 0.0036 0.0033 0.0040 0.0051 0.0041 0.0041 0.0043 0.0050 
      H148.1  2 0.0187 0.0135 0.0428 0.0419 0.0330 0.0105 0.0043 0.0084 0.0230 0.1437 0.0230 0.0259 0.0157 0.0085 0.0251 0.0604 0.0218 0.0544 0.0068 0.1805 0.0547 0.0354 0.0087 0.0169 0.1224 
      H148.2  2 0.0116 0.0128 0.0120 0.0215 0.0320 0.0073 0.0046 0.0125 0.0252 0.0499 0.0096 0.0072 0.0198 0.0049 0.0148 0.0767 0.0117 0.0283 0.0072 0.4652 0.0138 0.0453 0.0123 0.0052 0.0885 
      H148.3  2 0.0125 0.0082 0.0152 0.0359 0.0191 0.0131 0.0057 0.0087 0.0040 0.0148 0.0217 0.0091 0.1811 0.0119 0.0066 0.0083 0.0211 0.0227 0.0075 0.3613 0.0144 0.1589 0.0131 0.0079 0.0173 
      H148.4  2 0.0253 0.0097 0.0199 0.0256 0.0266 0.0108 0.0065 0.0138 0.0144 0.0562 0.0220 0.0374 0.0225 0.0055 0.0076 0.0251 0.0084 0.1273 0.0070 0.3069 0.0107 0.0323 0.0115 0.0066 0.1605 
      H148.5  2 0.0141 0.0055 0.0067 0.0183 0.0181 0.0139 0.0079 0.0106 0.0066 0.0119 0.0215 0.0178 0.1349 0.0071 0.0085 0.0094 0.0092 0.0884 0.0042 0.4718 0.0346 0.0389 0.0094 0.0158 0.0147 
      H148.6  2 0.0160 0.0076 0.0152 0.0915 0.0228 0.0078 0.0041 0.0118 0.0147 0.0209 0.0443 0.0161 0.1211 0.0068 0.0267 0.0231 0.0108 0.0343 0.0038 0.3744 0.0114 0.0310 0.0090 0.0130 0.0616 
      H148.7  2 0.0146 0.0073 0.0092 0.0229 0.0197 0.0159 0.0094 0.0057 0.0139 0.0148 0.0323 0.0191 0.0384 0.0040 0.0108 0.0501 0.0193 0.1080 0.0071 0.4206 0.0155 0.0760 0.0070 0.0146 0.0440 
      H148.8  2 0.0045 0.0070 0.0098 0.0161 0.0086 0.0062 0.0037 0.0079 0.0091 0.0219 0.0751 0.0116 0.0862 0.0043 0.0062 0.0111 0.0046 0.0268 0.0044 0.4529 0.0075 0.0165 0.0049 0.0157 0.1771 
      H148.9  2 0.0208 0.0058 0.0120 0.0703 0.0793 0.0205 0.0093 0.0342 0.0133 0.0148 0.0257 0.0094 0.0592 0.0160 0.0114 0.1788 0.0446 0.0198 0.0053 0.1454 0.0192 0.0930 0.0058 0.0064 0.0798 
   H166022.1  2 0.0220 0.0323 0.0073 0.0114 0.0094 0.0045 0.0032 0.0114 0.0141 0.0055 0.1260 0.0348 0.0064 0.0082 0.0685 0.0065 0.0108 0.0044 0.0062 0.0154 0.0582 0.0241 0.0095 0.4887 0.0113 
   H166022.2  2 0.0275 0.0744 0.0246 0.0121 0.0121 0.0089 0.0095 0.0117 0.0093 0.0061 0.0777 0.1449 0.0139 0.0072 0.0363 0.0150 0.0260 0.0149 0.0062 0.0136 0.0812 0.0566 0.0299 0.2620 0.0185 
   H166022.3  2 0.0117 0.0065 0.0080 0.0062 0.0049 0.0097 0.0047 0.0052 0.0225 0.0031 0.2691 0.0405 0.0128 0.0044 0.1101 0.0126 0.0079 0.0193 0.0048 0.0116 0.0161 0.0224 0.0051 0.3667 0.0141 
   H166022.4  2 0.0145 0.0051 0.0070 0.0048 0.0054 0.0137 0.0101 0.0035 0.0153 0.0035 0.0322 0.0576 0.0076 0.0032 0.0160 0.0073 0.0049 0.0144 0.0054 0.0078 0.0067 0.0137 0.0050 0.7295 0.0057 
   H166022.5  2 0.0123 0.0111 0.0082 0.0040 0.0047 0.0070 0.0097 0.0042 0.0131 0.0041 0.0503 0.0925 0.0098 0.0056 0.0295 0.0107 0.0069 0.0097 0.0067 0.0065 0.0794 0.0183 0.0076 0.5795 0.0085 
   H166022.6  2 0.0278 0.0099 0.0155 0.0210 0.0092 0.0069 0.0096 0.0080 0.0689 0.0105 0.2052 0.0327 0.0049 0.0055 0.0261 0.0081 0.0211 0.0068 0.0130 0.0182 0.0226 0.0230 0.0053 0.3796 0.0408 
   H166022.7  2 0.0076 0.0049 0.0077 0.0051 0.0045 0.0061 0.0062 0.0038 0.0043 0.0066 0.0040 0.0040 0.0035 0.0073 0.0031 0.0055 0.0108 0.8583 0.0064 0.0048 0.0080 0.0081 0.0061 0.0074 0.0058 
   H166022.8  2 0.0230 0.0203 0.0330 0.0072 0.0090 0.0051 0.0146 0.0141 0.0395 0.0155 0.0610 0.3522 0.0070 0.0094 0.0280 0.0102 0.0094 0.0051 0.0147 0.0091 0.1007 0.0623 0.0083 0.0735 0.0678 
   H167397.1  2 0.0053 0.0250 0.0124 0.4598 0.0142 0.0086 0.0052 0.0051 0.0051 0.0205 0.2179 0.0154 0.0089 0.0122 0.0044 0.0069 0.0127 0.0087 0.0131 0.0103 0.0266 0.0375 0.0289 0.0301 0.0050 
   H167397.2  2 0.0132 0.0513 0.0087 0.4818 0.0096 0.0082 0.0077 0.0322 0.0093 0.0235 0.0078 0.0549 0.0107 0.0082 0.0392 0.0150 0.0137 0.0123 0.0096 0.0192 0.0142 0.0551 0.0073 0.0242 0.0632 
   H167397.3  2 0.0062 0.0309 0.0072 0.5569 0.0310 0.0057 0.0092 0.0046 0.0048 0.0247 0.0654 0.0184 0.0112 0.0153 0.0062 0.0073 0.0123 0.0049 0.0144 0.0047 0.0197 0.0297 0.0785 0.0171 0.0135 
   H167397.4  2 0.0235 0.0304 0.0047 0.5591 0.0143 0.0076 0.0084 0.0451 0.0067 0.0045 0.0064 0.0108 0.0117 0.0056 0.0196 0.0199 0.0501 0.0093 0.0072 0.0813 0.0115 0.0162 0.0157 0.0165 0.0140 
   H167397.5  2 0.0053 0.0362 0.0353 0.5734 0.0064 0.0166 0.0049 0.0058 0.0087 0.0218 0.0379 0.0267 0.0107 0.0054 0.0071 0.0116 0.0172 0.0227 0.0093 0.0108 0.0235 0.0349 0.0122 0.0355 0.0202 
   H167397.6  2 0.0057 0.0162 0.0077 0.5342 0.0870 0.0098 0.0144 0.0100 0.0058 0.0102 0.0303 0.0102 0.0091 0.0153 0.0076 0.0175 0.0153 0.0062 0.0134 0.0241 0.0059 0.0354 0.0668 0.0190 0.0228 
   H167496.1  2 0.0084 0.0050 0.0262 0.0092 0.0141 0.0889 0.0130 0.0036 0.0434 0.0093 0.0213 0.0219 0.0424 0.0138 0.0173 0.0153 0.0118 0.0052 0.0284 0.1191 0.0144 0.0480 0.0363 0.3729 0.0108 
   H167496.2  2 0.0384 0.0137 0.1269 0.0123 0.0441 0.0300 0.0106 0.0104 0.0565 0.0200 0.0068 0.0477 0.0585 0.0218 0.0076 0.0115 0.0162 0.0517 0.0261 0.0454 0.0205 0.0985 0.1006 0.1054 0.0187 
   H167496.3  2 0.0152 0.0279 0.0490 0.0061 0.0073 0.0402 0.0281 0.0781 0.0700 0.0118 0.0339 0.0384 0.0718 0.0507 0.0609 0.0100 0.0098 0.0042 0.0222 0.0253 0.0071 0.0655 0.0202 0.1689 0.0775 
   H167496.4  2 0.0068 0.0104 0.0053 0.0033 0.0056 0.0056 0.0040 0.0045 0.0039 0.0032 0.0056 0.0050 0.0033 0.0042 0.0044 0.0059 0.0053 0.0047 0.0035 0.0036 0.0054 0.0046 0.0046 0.8839 0.0032 
   H167496.6  2 0.0152 0.0194 0.0840 0.0050 0.0073 0.0052 0.0087 0.0056 0.0056 0.0046 0.0080 0.0535 0.0036 0.0083 0.0059 0.0082 0.0061 0.0063 0.0055 0.0076 0.0128 0.0093 0.0083 0.6902 0.0059 
   H167496.7  2 0.0163 0.0164 0.2082 0.0046 0.0397 0.0538 0.0142 0.0065 0.0621 0.0134 0.0908 0.0604 0.0910 0.0117 0.0281 0.0130 0.0396 0.0040 0.0206 0.0128 0.0087 0.0564 0.0069 0.0254 0.0954 
   H167496.8  2 0.0090 0.0338 0.0485 0.0054 0.0234 0.0044 0.0053 0.0053 0.0040 0.0046 0.0048 0.0219 0.0046 0.0050 0.0058 0.0060 0.0095 0.0048 0.0068 0.0085 0.0106 0.0076 0.0080 0.7454 0.0069 
   H167513.1  2 0.0110 0.0090 0.0065 0.0059 0.0139 0.0071 0.0092 0.0064 0.0193 0.0070 0.0066 0.0155 0.0049 0.0035 0.0074 0.0107 0.7893 0.0090 0.0081 0.0058 0.0087 0.0088 0.0054 0.0139 0.0070 
   H167513.2  2 0.0063 0.0040 0.0150 0.0144 0.0114 0.0044 0.0045 0.0054 0.0082 0.0065 0.0126 0.0060 0.0089 0.0055 0.0046 0.0066 0.8026 0.0038 0.0082 0.0173 0.0063 0.0100 0.0059 0.0087 0.0128 
