      H008.1  2 0.0181 0.9466 0.0114 0.0239 
      H008.2  2 0.0267 0.7938 0.0413 0.1382 
      H008.3  2 0.0790 0.4222 0.1898 0.3090 
      H008.4  2 0.0165 0.9527 0.0148 0.0159 
      H008.5  2 0.0171 0.9432 0.0225 0.0172 
      H008.6  2 0.0210 0.9200 0.0172 0.0418 
      H008.7  2 0.0290 0.9078 0.0260 0.0372 
      H008.8  2 0.0541 0.8111 0.0219 0.1129 
      H008.9  2 0.1923 0.6200 0.0367 0.1510 
 H029.1_2002  2 0.0161 0.9494 0.0241 0.0105 
 H029.1_2003  2 0.0201 0.8902 0.0551 0.0346 
 H029.2_2002  2 0.0146 0.9250 0.0311 0.0292 
 H029.2_2003  2 0.0220 0.8763 0.0426 0.0592 
 H029.3_2002  2 0.0170 0.8097 0.1435 0.0298 
 H029.3_2003  2 0.0129 0.9023 0.0516 0.0331 
 H029.4_2002  2 0.0102 0.9601 0.0169 0.0129 
 H029.4_2003  2 0.0178 0.9117 0.0398 0.0308 
 H029.5_2002  2 0.0161 0.9546 0.0170 0.0124 
 H029.5_2003  2 0.0107 0.9604 0.0119 0.0171 
 H029.6_2002  2 0.0097 0.8668 0.1123 0.0111 
 H029.6_2003  2 0.0811 0.7859 0.0364 0.0965 
      H029.7  2 0.0128 0.9601 0.0141 0.0131 
      H030.1  2 0.0242 0.0154 0.9285 0.0319 
      H030.2  2 0.0326 0.3197 0.5923 0.0554 
      H038.1  2 0.0081 0.9639 0.0197 0.0083 
      H038.2  2 0.0100 0.9523 0.0223 0.0154 
      H038.3  2 0.0129 0.9504 0.0137 0.0230 
      H038.4  2 0.0204 0.9563 0.0133 0.0100 
      H038.5  2 0.0090 0.9449 0.0216 0.0245 
      H038.6  2 0.0078 0.9396 0.0340 0.0186 
      H038.7  2 0.0078 0.9637 0.0124 0.0161 
      H038.8  2 0.0121 0.9587 0.0170 0.0122 
      H041.1  2 0.0418 0.8621 0.0787 0.0175 
      H041.2  2 0.1061 0.8071 0.0720 0.0148 
      H041.4  2 0.0525 0.8951 0.0418 0.0106 
      H041.6  2 0.1239 0.7579 0.1034 0.0148 
 H042.1_2002  2 0.1444 0.0317 0.7568 0.0671 
 H042.1_2003  2 0.1161 0.7627 0.0479 0.0733 
 H042.2_2002  2 0.0210 0.7499 0.1445 0.0846 
 H042.2_2003  2 0.6542 0.2568 0.0559 0.0331 
 H042.3_2002  2 0.2164 0.0657 0.5321 0.1858 
 H042.3_2003  2 0.1592 0.5655 0.1472 0.1282 
 H042.4_2002  2 0.0541 0.0749 0.8461 0.0248 
 H042.4_2003  2 0.0805 0.0644 0.8372 0.0179 
      H042.5  2 0.0295 0.0112 0.9439 0.0154 
      H042.6  2 0.0320 0.0433 0.8997 0.0250 
      H042.7  2 0.6205 0.0391 0.2982 0.0422 
      H042.8  2 0.0805 0.1837 0.7010 0.0347 
   H042_2002  2 0.1952 0.6930 0.0435 0.0682 
   H042_2003  2 0.1852 0.6914 0.0381 0.0852 
      H043.1  2 0.0121 0.9357 0.0222 0.0300 
      H043.2  2 0.0710 0.8969 0.0103 0.0217 
      H043.3  2 0.0258 0.9122 0.0140 0.0480 
      H043.4  2 0.0269 0.9370 0.0121 0.0241 
      H043.5  2 0.0128 0.9649 0.0102 0.0121 
      H043.6  2 0.0170 0.9600 0.0101 0.0128 
      H043.7  2 0.1216 0.8427 0.0112 0.0245 
      H043.8  2 0.0710 0.5919 0.0390 0.2981 
      H043.9  2 0.0168 0.9086 0.0232 0.0514 
      H047.1  2 0.0423 0.8181 0.0176 0.1220 
      H047.2  2 0.0473 0.7354 0.0413 0.1760 
      H047.3  2 0.0696 0.6988 0.0475 0.1841 
      H047.4  2 0.2569 0.5978 0.0612 0.0842 
      H047.5  2 0.2389 0.4447 0.0496 0.2669 
      H047.6  2 0.1285 0.7787 0.0321 0.0608 
      H047.7  2 0.0740 0.8493 0.0218 0.0549 
      H047.8  2 0.1151 0.7617 0.0267 0.0965 
      H047.9  2 0.1982 0.4448 0.0259 0.3311 
 H071.1_2002  2 0.0136 0.9548 0.0167 0.0149 
 H071.1_2003  2 0.0517 0.8701 0.0565 0.0218 
     H071.10  2 0.0082 0.9129 0.0584 0.0204 
 H071.2_2002  2 0.0112 0.9628 0.0107 0.0153 
 H071.2_2003  2 0.0093 0.9666 0.0129 0.0111 
      H071.3  2 0.0200 0.9263 0.0221 0.0317 
 H071.4_2002  2 0.0124 0.9297 0.0196 0.0383 
 H071.4_2003  2 0.0131 0.9409 0.0160 0.0300 
 H071.5_2002  2 0.0098 0.9554 0.0212 0.0136 
 H071.5_2003  2 0.0247 0.8651 0.0262 0.0841 
 H071.6_2002  2 0.0097 0.9300 0.0272 0.0331 
 H071.6_2003  2 0.0148 0.9131 0.0426 0.0295 
 H071.7_2002  2 0.0083 0.9711 0.0098 0.0108 
 H071.7_2003  2 0.0231 0.8920 0.0339 0.0510 
      H071.8  2 0.0098 0.9689 0.0108 0.0105 
      H071.9  2 0.0332 0.8754 0.0490 0.0424 
 H081.1_2002  2 0.0121 0.9620 0.0173 0.0087 
 H081.1_2003  2 0.0359 0.6792 0.2382 0.0467 
 H081.2_2002  2 0.0205 0.9508 0.0194 0.0093 
 H081.2_2003  2 0.0230 0.0473 0.8987 0.0311 
 H081.3_2002  2 0.0230 0.9280 0.0301 0.0189 
 H081.3_2003  2 0.0637 0.2735 0.4689 0.1938 
 H081.4_2002  2 0.0181 0.9113 0.0401 0.0305 
 H081.4_2003  2 0.1157 0.1264 0.5982 0.1597 
 H081.5_2002  2 0.0107 0.9485 0.0275 0.0134 
 H081.5_2003  2 0.2773 0.3677 0.2794 0.0756 
      H081.6  2 0.0119 0.9520 0.0236 0.0125 
      H081.7  2 0.0308 0.9039 0.0450 0.0202 
      H081.8  2 0.0229 0.8358 0.1027 0.0386 
      H083.1  2 0.0078 0.9093 0.0654 0.0175 
      H083.2  2 0.0111 0.9392 0.0321 0.0175 
      H083.4  2 0.0127 0.9330 0.0403 0.0140 
      H083.5  2 0.0101 0.9553 0.0230 0.0116 
      H083.6  2 0.0111 0.8940 0.0706 0.0243 
      H083.7  2 0.0139 0.9228 0.0376 0.0257 
      H083.8  2 0.0133 0.9456 0.0195 0.0216 
      H083.9  2 0.0087 0.9417 0.0374 0.0122 
      H084.1  2 0.0204 0.0524 0.8989 0.0282 
      H084.2  2 0.0096 0.0477 0.8869 0.0558 
      H084.3  2 0.1060 0.1530 0.6737 0.0673 
      H084.4  2 0.0755 0.2829 0.5668 0.0747 
      H084.5  2 0.1553 0.0977 0.6768 0.0702 
      H084.6  2 0.1186 0.1517 0.6940 0.0357 
      H084.7  2 0.0173 0.0236 0.9293 0.0298 
      H084.8  2 0.1176 0.0493 0.7982 0.0350 
 H085.1_2002  2 0.0336 0.5536 0.3941 0.0187 
 H085.1_2003  2 0.0236 0.7885 0.1655 0.0225 
 H085.2_2002  2 0.1061 0.1231 0.7409 0.0298 
 H085.2_2003  2 0.0213 0.7132 0.2207 0.0448 
 H085.3_2002  2 0.6712 0.0670 0.2402 0.0216 
 H085.3_2003  2 0.0412 0.8751 0.0563 0.0274 
 H085.4_2002  2 0.0524 0.7158 0.2018 0.0300 
 H085.4_2003  2 0.0680 0.7878 0.1276 0.0166 
 H085.5_2002  2 0.6970 0.2381 0.0479 0.0170 
 H085.5_2003  2 0.0125 0.6387 0.3305 0.0183 
 H085.6_2002  2 0.1852 0.2191 0.5547 0.0410 
 H085.6_2003  2 0.7761 0.1479 0.0326 0.0433 
 H085.7_2002  2 0.1333 0.2134 0.6228 0.0305 
 H085.7_2003  2 0.0410 0.9161 0.0173 0.0256 
 H085.8_2002  2 0.7571 0.1096 0.0789 0.0544 
 H085.8_2003  2 0.0753 0.1900 0.7035 0.0312 
      H085.9  2 0.1206 0.6674 0.1998 0.0122 
      H088.1  2 0.0517 0.0245 0.8767 0.0470 
      H088.2  2 0.0377 0.0155 0.9192 0.0276 
      H088.3  2 0.0189 0.0131 0.9497 0.0183 
      H088.4  2 0.0165 0.0285 0.9243 0.0307 
      H088.5  2 0.0216 0.0146 0.9438 0.0199 
      H088.6  2 0.0352 0.0255 0.9054 0.0339 
      H088.7  2 0.0432 0.2980 0.6080 0.0508 
      H088.8  2 0.0641 0.3196 0.5332 0.0831 
      H091.1  2 0.0306 0.0308 0.9073 0.0313 
      H091.2  2 0.0396 0.0564 0.8491 0.0549 
      H109.1  2 0.0291 0.2415 0.1903 0.5391 
      H109.2  2 0.0887 0.1495 0.5377 0.2240 
      H109.3  2 0.0682 0.2831 0.0980 0.5508 
      H109.4  2 0.1130 0.2136 0.1606 0.5128 
      H109.5  2 0.3680 0.2146 0.2332 0.1841 
      H109.6  2 0.0982 0.1622 0.2178 0.5219 
      H126.1  2 0.5254 0.0557 0.0214 0.3975 
      H126.2  2 0.0268 0.9189 0.0201 0.0342 
      H126.3  2 0.0128 0.9351 0.0132 0.0390 
      H126.4  2 0.1417 0.3808 0.0270 0.4505 
      H126.5  2 0.1851 0.3320 0.0168 0.4661 
      H126.6  2 0.0191 0.9353 0.0183 0.0273 
      H126.7  2 0.0198 0.8235 0.0760 0.0807 
      H130.1  2 0.4713 0.0238 0.2532 0.2516 
      H130.2  2 0.0327 0.0660 0.8182 0.0832 
      H130.3  2 0.0179 0.0431 0.2384 0.7006 
      H130.4  2 0.1410 0.0465 0.2895 0.5230 
      H130.5  2 0.0683 0.0280 0.8751 0.0286 
      H133.1  2 0.0676 0.7116 0.1288 0.0920 
      H133.2  2 0.1665 0.2084 0.2981 0.3270 
      H133.3  2 0.0926 0.7865 0.0714 0.0496 
      H133.4  2 0.0671 0.5869 0.0572 0.2888 
      H133.5  2 0.0281 0.1733 0.2268 0.5719 
      H133.6  2 0.0783 0.0706 0.6668 0.1843 
      H133.7  2 0.4271 0.5322 0.0184 0.0223 
      H133.8  2 0.1775 0.6048 0.0685 0.1492 
      H133.9  2 0.0646 0.5833 0.1973 0.1548 
      H147.1  2 0.2580 0.4236 0.3062 0.0123 
      H147.2  2 0.0162 0.9387 0.0343 0.0109 
      H147.3  2 0.0424 0.8955 0.0449 0.0172 
      H147.4  2 0.0177 0.9393 0.0313 0.0116 
      H147.5  2 0.0201 0.1574 0.8007 0.0218 
      H147.6  2 0.0245 0.1416 0.8054 0.0285 
      H147.7  2 0.0235 0.9330 0.0292 0.0143 
      H147.8  2 0.0107 0.7327 0.2401 0.0165 
      H147.9  2 0.0273 0.9051 0.0539 0.0137 
      H148.1  2 0.5293 0.0937 0.2407 0.1363 
      H148.2  2 0.7577 0.1131 0.0775 0.0517 
      H148.3  2 0.8811 0.0500 0.0344 0.0345 
      H148.4  2 0.7860 0.0858 0.0301 0.0981 
      H148.5  2 0.6980 0.0846 0.1059 0.1115 
      H148.6  2 0.7105 0.1224 0.1449 0.0222 
      H148.7  2 0.5700 0.0610 0.0610 0.3080 
      H148.8  2 0.9139 0.0356 0.0256 0.0250 
      H148.9  2 0.6049 0.0712 0.0599 0.2639 
   H166022.1  2 0.0111 0.0123 0.9678 0.0087 
   H166022.2  2 0.0215 0.0256 0.9323 0.0206 
   H166022.3  2 0.0128 0.0072 0.9631 0.0169 
   H166022.4  2 0.0084 0.0082 0.9644 0.0190 
   H166022.5  2 0.0081 0.0091 0.9674 0.0154 
   H166022.6  2 0.0228 0.0141 0.9483 0.0147 
   H166022.7  2 0.0092 0.0520 0.0139 0.9249 
   H166022.8  2 0.0379 0.0161 0.9264 0.0195 
   H167397.1  2 0.0320 0.9357 0.0221 0.0102 
   H167397.2  2 0.0658 0.8923 0.0251 0.0168 
   H167397.3  2 0.0167 0.9639 0.0108 0.0085 
   H167397.4  2 0.0301 0.9367 0.0197 0.0135 
   H167397.5  2 0.0300 0.9349 0.0214 0.0138 
   H167397.6  2 0.0377 0.9391 0.0112 0.0120 
   H167496.1  2 0.2233 0.0244 0.5708 0.1816 
   H167496.2  2 0.4773 0.2144 0.0796 0.2287 
   H167496.3  2 0.4104 0.0453 0.4946 0.0497 
   H167496.4  2 0.0079 0.0180 0.9608 0.0133 
   H167496.6  2 0.0210 0.0247 0.8995 0.0549 
   H167496.7  2 0.6538 0.0138 0.1391 0.1933 
   H167496.8  2 0.0389 0.0381 0.8879 0.0351 
   H167513.1  2 0.2042 0.2591 0.1595 0.3771 
   H167513.2  2 0.5816 0.2313 0.0582 0.1290 
   H167513.3  2 0.0270 0.0212 0.3008 0.6510 
   H167513.4  2 0.0730 0.0364 0.8074 0.0832 
   H167513.5  2 0.4097 0.4694 0.0702 0.0508 
   H167513.6  2 0.3420 0.1598 0.3214 0.1768 
   H167513.7  2 0.0227 0.1994 0.5261 0.2517 
   H167513.8  2 0.0219 0.1432 0.0645 0.7704 
   H167547.1  2 0.9256 0.0188 0.0297 0.0259 
   H167547.2  2 0.8337 0.0455 0.1043 0.0166 
   H167547.3  2 0.8275 0.0393 0.1163 0.0169 
   H167547.4  2 0.3573 0.0325 0.5378 0.0724 
   H167547.5  2 0.7941 0.0210 0.1652 0.0197 
   H167547.6  2 0.7864 0.0196 0.1794 0.0145 
   H167547.7  2 0.6979 0.0838 0.0713 0.1470 
   H169750.1  2 0.1697 0.0587 0.1603 0.6113 
   H169750.2  2 0.1559 0.5868 0.0489 0.2084 
   H169750.3  2 0.1339 0.0351 0.1721 0.6589 
   H169750.4  2 0.1784 0.3768 0.0353 0.4095 
   H169750.5  2 0.0643 0.2306 0.2555 0.4495 
   H169750.6  2 0.0671 0.5584 0.1626 0.2119 
   H169750.7  2 0.1144 0.1631 0.0312 0.6914 
   H171929.1  2 0.5544 0.3944 0.0248 0.0265 
  H171929.10  2 0.4264 0.2030 0.3444 0.0263 
  H171929.11  2 0.5696 0.3446 0.0391 0.0466 
   H171929.2  2 0.8339 0.0449 0.0427 0.0785 
   H171929.3  2 0.5195 0.3814 0.0507 0.0485 
   H171929.4  2 0.5684 0.0545 0.2794 0.0977 
   H171929.5  2 0.3829 0.2042 0.1369 0.2759 
   H171929.6  2 0.4475 0.2769 0.0589 0.2167 
   H171929.7  2 0.8221 0.0840 0.0288 0.0652 
   H171929.8  2 0.8503 0.0457 0.0529 0.0511 
   H171929.9  2 0.3075 0.0513 0.5076 0.1336 
   H171930.1  2 0.0809 0.0647 0.0663 0.7882 
   H171930.2  2 0.0839 0.0277 0.6588 0.2296 
   H171930.3  2 0.0415 0.0316 0.2599 0.6670 
   H171930.4  2 0.0258 0.0166 0.4640 0.4936 
   H171930.5  2 0.1542 0.0966 0.2175 0.5317 
   H171930.6  2 0.0327 0.0509 0.3730 0.5433 
   H171930.7  2 0.0391 0.0785 0.2403 0.6421 
   H171930.8  2 0.0803 0.0849 0.3138 0.5210 
   H171933.1  2 0.0192 0.0137 0.9575 0.0097 
   H171933.2  2 0.0296 0.0802 0.8728 0.0173 
   H171933.3  2 0.0240 0.0100 0.9498 0.0161 
   H171933.4  2 0.0294 0.0091 0.9360 0.0255 
   H171933.5  2 0.1915 0.0130 0.6354 0.1601 
   H171933.6  2 0.0123 0.0134 0.9619 0.0125 
   H171933.7  2 0.0249 0.0159 0.9360 0.0232 
   H171933.8  2 0.0618 0.0287 0.8799 0.0296 
   H171933.9  2 0.0083 0.0075 0.9685 0.0158 
      H190.1  2 0.0876 0.0293 0.3242 0.5589 
      H190.2  2 0.9326 0.0315 0.0148 0.0211 
      H190.3  2 0.8854 0.0240 0.0512 0.0394 
      H190.4  2 0.0428 0.0131 0.8750 0.0691 
      H190.5  2 0.7176 0.1044 0.0419 0.1360 
      H190.6  2 0.1593 0.0203 0.7530 0.0673 
      H190.7  2 0.8653 0.0269 0.0719 0.0359 
      H190.8  2 0.6410 0.0424 0.0573 0.2593 
      H190.9  2 0.8612 0.0473 0.0466 0.0449 
      H400.1  2 0.0111 0.0117 0.9672 0.0100 
      H400.2  2 0.0065 0.0202 0.9649 0.0085 
      H400.3  2 0.0170 0.0156 0.9450 0.0224 
      H400.4  2 0.0134 0.0164 0.9532 0.0170 
      H400.5  2 0.0112 0.0164 0.9410 0.0314 
      H400.6  2 0.0098 0.0110 0.9691 0.0101 
      H400.7  2 0.0124 0.0073 0.9692 0.0111 
 H428.1_2005  2 0.0134 0.0264 0.9250 0.0352 
 H428.1_2006  2 0.0203 0.0296 0.9351 0.0151 
 H428.2_2005  2 0.0136 0.0109 0.9623 0.0132 
 H428.2_2006  2 0.0096 0.0317 0.9464 0.0123 
 H428.3_2005  2 0.0118 0.0097 0.9624 0.0161 
 H428.3_2006  2 0.0110 0.0367 0.9354 0.0169 
 H428.4_2005  2 0.0156 0.0116 0.9562 0.0166 
 H428.4_2006  2 0.0095 0.0162 0.9655 0.0088 
 H428.5_2005  2 0.0068 0.0391 0.9459 0.0082 
 H428.6_2005  2 0.0181 0.0144 0.9484 0.0191 
 H428.6_2006  2 0.0109 0.0362 0.9353 0.0176 
      H428.7  2 0.0066 0.0109 0.9737 0.0088 
      H428.8  2 0.0109 0.0292 0.9466 0.0133 
      H428.9  2 0.0081 0.0183 0.9648 0.0088 
      H453.1  2 0.0122 0.0265 0.9437 0.0177 
      H453.2  2 0.0118 0.0083 0.9576 0.0224 
      H453.3  2 0.0108 0.0071 0.9670 0.0151 
      H453.4  2 0.0125 0.0093 0.9619 0.0163 
      H453.5  2 0.0089 0.0159 0.9629 0.0123 
      H453.6  2 0.0059 0.0121 0.9712 0.0108 
      H453.7  2 0.3244 0.0617 0.5555 0.0584 
      H453.8  2 0.1491 0.0399 0.7379 0.0732 
      H453.9  2 0.0208 0.0644 0.8933 0.0215 
      H512.1  2 0.0150 0.0083 0.9550 0.0217 
     H512.10  2 0.0533 0.2273 0.4554 0.2639 
      H512.2  2 0.1541 0.0266 0.5709 0.2484 
      H512.3  2 0.0329 0.0423 0.1998 0.7250 
      H512.4  2 0.0727 0.0832 0.7953 0.0488 
      H512.5  2 0.0266 0.0300 0.0580 0.8854 
      H512.6  2 0.0934 0.0134 0.2586 0.6346 
      H512.7  2 0.0210 0.0340 0.1259 0.8191 
      H512.8  2 0.2966 0.0226 0.3523 0.3284 
      H512.9  2 0.0264 0.0497 0.3658 0.5580 
      H513.1  2 0.0083 0.0159 0.9653 0.0104 
      H513.2  2 0.0116 0.0248 0.9566 0.0070 
      H513.3  2 0.0090 0.0085 0.9714 0.0111 
      H513.4  2 0.0134 0.0196 0.9525 0.0146 
      H513.5  2 0.0076 0.0119 0.9657 0.0148 
      H513.6  2 0.0212 0.1584 0.7826 0.0379 
      H532.1  2 0.0192 0.2680 0.6302 0.0826 
      H532.2  2 0.0406 0.0253 0.9214 0.0128 
      H532.3  2 0.0345 0.0186 0.9283 0.0186 
      H532.4  2 0.0390 0.3129 0.6203 0.0278 
      H532.5  2 0.0190 0.0620 0.8776 0.0414 
      H532.6  2 0.0188 0.0637 0.8890 0.0284 
      H532.7  2 0.0137 0.2918 0.6728 0.0217 
      H532.8  2 0.0326 0.3729 0.5184 0.0761 
      H543.1  2 0.0104 0.9559 0.0241 0.0096 
      H543.2  2 0.0286 0.7564 0.1824 0.0325 
      H543.3  2 0.0108 0.9569 0.0220 0.0102 
      H543.4  2 0.0232 0.9539 0.0126 0.0104 
      H543.5  2 0.0140 0.9657 0.0107 0.0096 
      H543.6  2 0.0207 0.9254 0.0376 0.0163 
      H543.7  2 0.0130 0.9712 0.0091 0.0067 
      H543.8  2 0.0176 0.9293 0.0351 0.0180 
      H543.9  2 0.0154 0.9441 0.0275 0.0130 
 H545.1_2005  2 0.0070 0.9731 0.0094 0.0105 
 H545.1_2006  2 0.0065 0.9755 0.0083 0.0097 
 H545.2_2005  2 0.0158 0.9298 0.0109 0.0435 
 H545.2_2006  2 0.0096 0.9499 0.0262 0.0144 
 H545.3_2005  2 0.0512 0.8581 0.0229 0.0678 
 H545.3_2006  2 0.0072 0.9751 0.0067 0.0110 
 H545.4_2005  2 0.0364 0.9318 0.0122 0.0196 
 H545.4_2006  2 0.0139 0.9623 0.0082 0.0155 
 H545.5_2005  2 0.0067 0.9634 0.0135 0.0164 
 H545.5_2006  2 0.0225 0.8817 0.0497 0.0460 
 H545.6_2005  2 0.0070 0.9674 0.0109 0.0147 
 H545.6_2006  2 0.0129 0.9538 0.0143 0.0190 
 H545.7_2005  2 0.0077 0.9537 0.0162 0.0224 
 H545.7_2006  2 0.0078 0.9683 0.0117 0.0122 
 H545.8_2005  2 0.0215 0.9326 0.0246 0.0213 
 H545.8_2006  2 0.0087 0.9612 0.0173 0.0127 
      H545.9  2 0.0287 0.9195 0.0235 0.0283 
      H547.1  2 0.0410 0.0142 0.9221 0.0227 
      H547.2  2 0.2740 0.0233 0.6863 0.0164 
      H547.3  2 0.3093 0.0146 0.6267 0.0494 
      H547.4  2 0.3271 0.0648 0.5705 0.0376 
      H547.5  2 0.4247 0.0077 0.5496 0.0180 
      H547.6  2 0.0271 0.0228 0.9349 0.0152 
      H547.7  2 0.2047 0.0273 0.7188 0.0491 
      H547.8  2 0.0545 0.0119 0.9119 0.0217 
      H548.1  2 0.0136 0.9547 0.0113 0.0205 
      H548.2  2 0.0188 0.9543 0.0104 0.0165 
      H548.3  2 0.0140 0.9529 0.0162 0.0169 
      H548.4  2 0.0168 0.9186 0.0167 0.0479 
      H548.5  2 0.0094 0.9727 0.0077 0.0102 
      H548.6  2 0.0114 0.9594 0.0087 0.0206 
      H548.7  2 0.0129 0.9642 0.0117 0.0112 
      H548.8  2 0.0087 0.9689 0.0109 0.0115 
      H548.9  2 0.0184 0.9545 0.0141 0.0130 
     H7389.1  2 0.0157 0.0145 0.9557 0.0141 
     H7389.2  2 0.0146 0.0489 0.9279 0.0086 
     H7389.3  2 0.0144 0.0182 0.9543 0.0130 
     H7389.4  2 0.0072 0.0961 0.8748 0.0219 
     H7389.5  2 0.0129 0.0456 0.8903 0.0512 
     H7389.6  2 0.0098 0.0543 0.8017 0.1341 
     H7389.7  2 0.0173 0.0412 0.9154 0.0262 
     H7389.8  2 0.0215 0.2233 0.7160 0.0393 
     H7389.9  2 0.0068 0.0958 0.8816 0.0158 
      H747.1  2 0.2057 0.0298 0.1293 0.6352 
      H747.2  2 0.0757 0.0192 0.0195 0.8856 
      H747.3  2 0.0386 0.0157 0.0723 0.8734 
      H747.4  2 0.0750 0.0237 0.0289 0.8724 
      H747.5  2 0.0181 0.0111 0.0177 0.9530 
      H747.6  2 0.1945 0.0566 0.1070 0.6419 
      H747.7  2 0.0646 0.0216 0.0488 0.8650 
     H7484.1  2 0.0739 0.4385 0.3287 0.1589 
     H7484.2  2 0.4477 0.2217 0.1432 0.1874 
     H7484.3  2 0.2799 0.4018 0.0729 0.2454 
     H7484.4  2 0.1646 0.1386 0.5123 0.1845 
     H7484.5  2 0.1271 0.4058 0.1841 0.2830 
     H7484.6  2 0.1093 0.0320 0.0345 0.8242 
     H7484.7  2 0.1622 0.1282 0.1042 0.6054 
     H7484.8  2 0.0702 0.0867 0.5415 0.3016 
     H7485.1  2 0.0146 0.9573 0.0141 0.0141 
     H7485.2  2 0.0067 0.9623 0.0168 0.0142 
     H7485.3  2 0.0079 0.9753 0.0064 0.0104 
     H7485.4  2 0.0064 0.9664 0.0129 0.0142 
     H7485.5  2 0.0105 0.9685 0.0100 0.0111 
     H7485.6  2 0.0147 0.9583 0.0139 0.0132 
     H7485.7  2 0.0116 0.9667 0.0091 0.0125 
     H7496.1  2 0.0365 0.0198 0.9107 0.0330 
    H7496.10  2 0.0105 0.0178 0.9629 0.0088 
    H7496.11  2 0.0104 0.9598 0.0167 0.0131 
     H7496.2  2 0.0179 0.0206 0.9420 0.0196 
     H7496.3  2 0.0812 0.2013 0.6615 0.0559 
     H7496.4  2 0.0175 0.0147 0.9494 0.0184 
     H7496.5  2 0.0235 0.0207 0.9276 0.0283 
     H7496.6  2 0.0186 0.0099 0.9226 0.0489 
     H7496.7  2 0.0097 0.0119 0.9668 0.0116 
     H7496.8  2 0.0825 0.0364 0.8497 0.0314 
        UNK4  2 0.1120 0.1122 0.7009 0.0749 
        UNK5  2 0.0717 0.1608 0.7537 0.0138 
        UNK6  2 0.0345 0.0375 0.9056 0.0224 
        UNK7  2 0.0263 0.1358 0.8264 0.0115 
        UNK8  2 0.0215 0.1609 0.8034 0.0142 
        UNK9  2 0.0126 0.7338 0.2246 0.0290 
      H009.1  4 0.6745 0.0116 0.0262 0.2876 
      H009.2  4 0.3734 0.0095 0.0237 0.5934 
      H009.3  4 0.6867 0.0168 0.0187 0.2778 
      H009.4  4 0.2648 0.0181 0.0196 0.6975 
      H009.5  4 0.3049 0.0329 0.0235 0.6386 
      H009.6  4 0.8254 0.0268 0.0168 0.1310 
      H046.4  4 0.1596 0.4204 0.1820 0.2380 
      H046.8  4 0.5197 0.1028 0.0293 0.3482 
 H076.1_2002  4 0.9582 0.0116 0.0146 0.0156 
 H076.1_2003  4 0.9779 0.0069 0.0074 0.0077 
 H076.1_2004  4 0.9684 0.0122 0.0107 0.0087 
 H076.2_2002  4 0.9546 0.0095 0.0193 0.0166 
 H076.2_2003  4 0.9741 0.0088 0.0094 0.0078 
 H076.2_2004  4 0.8962 0.0178 0.0375 0.0485 
 H076.3_2002  4 0.7924 0.0204 0.0380 0.1491 
 H076.3_2003  4 0.9569 0.0172 0.0134 0.0124 
 H076.3_2004  4 0.9583 0.0184 0.0141 0.0092 
 H076.4_2002  4 0.9002 0.0197 0.0432 0.0369 
 H076.4_2003  4 0.9681 0.0080 0.0085 0.0154 
 H076.4_2004  4 0.8281 0.0166 0.0471 0.1082 
 H076.5_2002  4 0.9390 0.0112 0.0287 0.0211 
 H076.5_2003  4 0.9317 0.0256 0.0233 0.0194 
 H076.5_2004  4 0.9287 0.0230 0.0319 0.0164 
 H076.6_2002  4 0.9563 0.0194 0.0127 0.0115 
 H076.6_2003  4 0.9648 0.0114 0.0147 0.0091 
 H076.6_2004  4 0.9657 0.0108 0.0116 0.0119 
 H076.7_2002  4 0.6652 0.0272 0.1390 0.1685 
 H076.7_2003  4 0.9163 0.0224 0.0348 0.0266 
 H076.7_2004  4 0.9515 0.0175 0.0111 0.0199 
      H477.1  4 0.0152 0.0154 0.2632 0.7061 
      H477.2  4 0.0280 0.0105 0.0450 0.9165 
      H477.3  4 0.0089 0.0209 0.0680 0.9022 
      H477.4  4 0.0184 0.0367 0.1199 0.8249 
      H477.5  4 0.0310 0.0147 0.0390 0.9153 
      H477.6  4 0.0098 0.0222 0.0186 0.9494 
      H477.7  4 0.0254 0.0389 0.1409 0.7948 
 H479.1_2005  4 0.0186 0.2092 0.3111 0.4611 
 H479.1_2006  4 0.2584 0.1184 0.0277 0.5955 
     H479.10  4 0.0249 0.3162 0.0307 0.6282 
 H479.2_2005  4 0.2277 0.3139 0.2914 0.1670 
 H479.2_2006  4 0.0115 0.0884 0.0830 0.8171 
 H479.3_2005  4 0.0195 0.0426 0.1495 0.7883 
 H479.3_2006  4 0.0574 0.0279 0.1961 0.7186 
 H479.4_2005  4 0.0254 0.0350 0.0323 0.9073 
 H479.4_2006  4 0.0215 0.1889 0.2013 0.5883 
 H479.5_2005  4 0.0983 0.6450 0.0620 0.1947 
 H479.5_2006  4 0.0126 0.0616 0.0551 0.8708 
 H479.6_2005  4 0.0299 0.0459 0.0227 0.9016 
 H479.6_2006  4 0.0101 0.5338 0.2880 0.1682 
 H479.7_2005  4 0.0323 0.0520 0.5624 0.3533 
 H479.7_2006  4 0.0274 0.1930 0.1972 0.5824 
 H479.8_2005  4 0.0105 0.0425 0.6562 0.2909 
 H479.8_2006  4 0.0461 0.1614 0.0091 0.7834 
      H479.9  4 0.0334 0.0163 0.0085 0.9419 
      H516.1  4 0.5787 0.0314 0.0320 0.3579 
      H516.2  4 0.0157 0.0185 0.0113 0.9545 
      H516.3  4 0.0396 0.0131 0.0193 0.9280 
      H516.4  4 0.0348 0.0175 0.0124 0.9353 
      H516.5  4 0.2361 0.0254 0.0139 0.7247 
      H516.6  4 0.0084 0.0143 0.0072 0.9701 
      H516.7  4 0.0290 0.0184 0.0211 0.9314 
      H516.8  4 0.2345 0.0188 0.0127 0.7340 
      H516.9  4 0.0180 0.0135 0.0132 0.9553 
      H646.1  4 0.7151 0.0112 0.0315 0.2422 
      H646.2  4 0.7474 0.0069 0.0206 0.2251 
      H646.3  4 0.6379 0.0108 0.0116 0.3397 
      H646.4  4 0.6717 0.0119 0.0888 0.2276 
      H646.5  4 0.4875 0.0139 0.0274 0.4712 
      H658.1  4 0.0536 0.0413 0.0098 0.8954 
     H658.10  4 0.0272 0.0123 0.0200 0.9405 
      H658.2  4 0.0874 0.0551 0.0159 0.8417 
      H658.3  4 0.0277 0.0450 0.0274 0.9000 
      H658.4  4 0.0222 0.0219 0.0160 0.9400 
      H658.5  4 0.0113 0.0091 0.0191 0.9604 
      H658.6  4 0.0483 0.0133 0.0151 0.9233 
      H658.7  4 0.1903 0.0230 0.0183 0.7683 
      H658.8  4 0.4647 0.0236 0.0124 0.4993 
      H658.9  4 0.0536 0.0316 0.0114 0.9033 
      H682.1  4 0.1584 0.1310 0.1825 0.5280 
      H682.6  4 0.3921 0.2132 0.1872 0.2075 
      H720.1  4 0.1525 0.0242 0.3755 0.4478 
      H720.2  4 0.1343 0.0182 0.2167 0.6307 
      H720.3  4 0.5800 0.0488 0.0821 0.2891 
      H720.4  4 0.0620 0.0475 0.0485 0.8420 
      H720.5  4 0.4645 0.1198 0.0680 0.3477 
      H720.6  4 0.4841 0.1149 0.0641 0.3368 
      H720.7  4 0.0337 0.0173 0.3299 0.6191 
      H720.8  4 0.4156 0.0442 0.3664 0.1738 
      H720.9  4 0.4158 0.2366 0.0791 0.2686 
      H724.1  4 0.9562 0.0160 0.0134 0.0144 
      H724.2  4 0.8315 0.0324 0.0893 0.0468 
      H724.3  4 0.2209 0.0673 0.1608 0.5510 
      H724.4  4 0.8568 0.0381 0.0118 0.0932 
      H724.5  4 0.1848 0.0624 0.1448 0.6080 
      H724.6  4 0.8924 0.0372 0.0338 0.0366 
      H725.1  4 0.4156 0.2396 0.0876 0.2572 
      H725.2  4 0.2841 0.1889 0.2362 0.2908 
      H725.3  4 0.1049 0.4196 0.0790 0.3965 
      H725.4  4 0.1286 0.6491 0.1678 0.0545 
      H725.5  4 0.0249 0.0215 0.7600 0.1936 
      H725.6  4 0.1770 0.0832 0.0334 0.7064 
      H725.7  4 0.2578 0.2897 0.0423 0.4102 
      H725.8  4 0.1796 0.4904 0.0195 0.3105 
      H726.1  4 0.1370 0.0111 0.0097 0.8421 
      H726.2  4 0.0472 0.0124 0.0297 0.9107 
      H726.3  4 0.4883 0.0263 0.0230 0.4624 
      H726.4  4 0.0159 0.0211 0.0081 0.9549 
      H726.5  4 0.0634 0.0149 0.0145 0.9072 
        UNK1  4 0.1125 0.0258 0.1749 0.6868 
        UNK2  4 0.2727 0.4252 0.0493 0.2528 
        UNK3  4 0.1739 0.0263 0.1808 0.6191 
      H016.1  5 0.0489 0.7968 0.0246 0.1297 
      H016.2  5 0.0219 0.9307 0.0183 0.0291 
      H016.3  5 0.3770 0.0711 0.0251 0.5269 
      H016.4  5 0.0197 0.9137 0.0345 0.0321 
 H017.1_2002  5 0.8078 0.0168 0.0265 0.1489 
 H017.1_2003  5 0.0191 0.0372 0.0400 0.9037 
 H017.2_2002  5 0.9018 0.0193 0.0195 0.0595 
 H017.2_2003  5 0.0099 0.0095 0.0077 0.9729 
 H017.3_2002  5 0.2311 0.2951 0.0379 0.4359 
 H017.3_2003  5 0.8325 0.0207 0.0555 0.0913 
 H017.4_2002  5 0.6374 0.2079 0.1012 0.0535 
 H017.4_2003  5 0.0266 0.0231 0.0081 0.9423 
 H017.5_2002  5 0.2183 0.5590 0.0153 0.2074 
 H017.5_2003  5 0.0426 0.0311 0.0111 0.9153 
 H017.6_2002  5 0.8342 0.0441 0.1041 0.0175 
 H017.6_2003  5 0.1038 0.0120 0.0215 0.8626 
 H017.7_2002  5 0.5768 0.2537 0.0685 0.1010 
 H017.7_2003  5 0.0116 0.0136 0.0099 0.9650 
      H017.8  5 0.5290 0.1393 0.0305 0.3011 
      H017.9  5 0.3754 0.4980 0.0371 0.0895 
      H032.1  5 0.0125 0.0140 0.0124 0.9611 
      H032.2  5 0.0078 0.0115 0.0089 0.9718 
      H032.3  5 0.0122 0.0465 0.0131 0.9283 
      H032.4  5 0.0181 0.0344 0.0070 0.9405 
      H032.5  5 0.0263 0.0201 0.0112 0.9424 
      H032.6  5 0.0351 0.0137 0.0101 0.9411 
      H032.7  5 0.0195 0.0087 0.0253 0.9465 
 H034.1_2002  5 0.9214 0.0352 0.0152 0.0281 
 H034.1_2003  5 0.9399 0.0088 0.0213 0.0300 
 H034.2_2002  5 0.6878 0.2522 0.0159 0.0442 
 H034.2_2003  5 0.9268 0.0083 0.0324 0.0326 
 H034.3_2002  5 0.5545 0.3796 0.0211 0.0448 
 H034.3_2003  5 0.9281 0.0091 0.0352 0.0276 
 H034.4_2002  5 0.9188 0.0376 0.0196 0.0239 
 H034.4_2003  5 0.8446 0.0084 0.0182 0.1288 
 H034.5_2002  5 0.8622 0.0776 0.0123 0.0478 
 H034.5_2003  5 0.6851 0.0478 0.0375 0.2296 
 H034.6_2002  5 0.7531 0.2037 0.0186 0.0246 
 H034.6_2003  5 0.7435 0.0184 0.0268 0.2114 
 H034.7_2002  5 0.9016 0.0209 0.0240 0.0534 
 H034.7_2003  5 0.6048 0.0450 0.0208 0.3294 
 H034.8_2002  5 0.9504 0.0166 0.0152 0.0178 
 H034.8_2003  5 0.8819 0.0339 0.0114 0.0728 
      H034.9  5 0.4712 0.4190 0.0331 0.0767 
      H048.1  5 0.0137 0.0260 0.0174 0.9429 
      H048.2  5 0.0646 0.2623 0.1159 0.5572 
      H048.3  5 0.3443 0.0459 0.0827 0.5271 
      H048.4  5 0.1661 0.2863 0.0497 0.4980 
      H048.5  5 0.0150 0.0493 0.0232 0.9125 
      H048.6  5 0.2409 0.2907 0.0286 0.4397 
      H048.7  5 0.0203 0.3141 0.0177 0.6478 
      H048.8  5 0.1391 0.2321 0.0136 0.6152 
      H060.1  5 0.5920 0.2219 0.0421 0.1440 
     H060.10  5 0.8884 0.0276 0.0136 0.0704 
      H060.2  5 0.7651 0.0921 0.0509 0.0919 
      H060.3  5 0.9269 0.0518 0.0080 0.0133 
      H060.4  5 0.6022 0.0587 0.0847 0.2543 
      H060.5  5 0.8449 0.1096 0.0227 0.0227 
      H060.6  5 0.8258 0.1288 0.0180 0.0274 
      H060.7  5 0.7907 0.0884 0.0530 0.0679 
      H060.8  5 0.6965 0.0880 0.0513 0.1641 
      H060.9  5 0.5845 0.2794 0.0207 0.1155 
 H070.1_2002  5 0.3394 0.0764 0.5329 0.0513 
 H070.1_2003  5 0.6223 0.2591 0.0285 0.0901 
 H070.1_2004  5 0.9593 0.0133 0.0102 0.0172 
 H070.2_2002  5 0.6370 0.0232 0.3164 0.0234 
 H070.2_2003  5 0.7118 0.0790 0.0970 0.1122 
 H070.2_2004  5 0.9585 0.0120 0.0077 0.0217 
 H070.3_2002  5 0.5744 0.2329 0.0575 0.1353 
 H070.3_2003  5 0.6523 0.0222 0.0181 0.3073 
 H070.3_2004  5 0.8509 0.0558 0.0287 0.0646 
 H070.4_2002  5 0.8851 0.0169 0.0447 0.0534 
 H070.4_2003  5 0.6052 0.1403 0.0340 0.2205 
 H070.4_2004  5 0.7847 0.1047 0.0434 0.0671 
 H070.5_2002  5 0.1053 0.7835 0.0451 0.0660 
 H070.5_2003  5 0.5946 0.0871 0.0232 0.2951 
 H070.5_2004  5 0.9519 0.0213 0.0126 0.0143 
 H070.6_2002  5 0.1731 0.1561 0.2257 0.4452 
 H070.6_2003  5 0.9377 0.0106 0.0123 0.0394 
 H070.6_2004  5 0.8836 0.0399 0.0361 0.0403 
      H077.1  5 0.8494 0.0198 0.0118 0.1189 
      H077.2  5 0.0936 0.6135 0.0103 0.2825 
      H077.3  5 0.8937 0.0207 0.0183 0.0673 
      H077.4  5 0.6741 0.0237 0.0213 0.2809 
      H077.5  5 0.4127 0.2204 0.0190 0.3480 
      H077.6  5 0.2418 0.1075 0.0109 0.6398 
      H097.1  5 0.8117 0.0732 0.0621 0.0530 
      H097.2  5 0.3360 0.0248 0.5914 0.0478 
      H097.3  5 0.7483 0.0263 0.0771 0.1482 
      H097.4  5 0.3840 0.0249 0.4967 0.0944 
      H097.5  5 0.5012 0.0230 0.1783 0.2975 
      H097.6  5 0.2645 0.0446 0.6311 0.0598 
      H097.7  5 0.5383 0.0433 0.3556 0.0628 
      H124.1  5 0.0888 0.8397 0.0186 0.0529 
      H124.2  5 0.0358 0.8217 0.0241 0.1185 
      H124.3  5 0.0138 0.9412 0.0170 0.0280 
      H124.4  5 0.0621 0.8208 0.0434 0.0737 
      H124.5  5 0.0433 0.8818 0.0178 0.0571 
      H132.1  5 0.7976 0.1427 0.0174 0.0422 
      H132.2  5 0.6837 0.2157 0.0182 0.0824 
      H132.3  5 0.7266 0.2049 0.0176 0.0509 
      H132.4  5 0.7339 0.1697 0.0183 0.0781 
      H132.5  5 0.5494 0.3793 0.0309 0.0404 
      H132.6  5 0.3512 0.5793 0.0250 0.0445 
      H132.7  5 0.1013 0.6677 0.1168 0.1143 
      H155.1  5 0.0122 0.9561 0.0096 0.0221 
      H155.2  5 0.0334 0.9095 0.0190 0.0380 
      H155.3  5 0.0120 0.8318 0.0810 0.0752 
      H155.4  5 0.0122 0.9631 0.0111 0.0136 
      H155.5  5 0.0172 0.9022 0.0146 0.0659 
      H155.6  5 0.0141 0.9018 0.0291 0.0550 
      H155.7  5 0.0277 0.8998 0.0157 0.0568 
      H155.8  5 0.0143 0.9251 0.0456 0.0149 
      H155.9  5 0.0175 0.5922 0.0302 0.3601 
      H169.1  5 0.3520 0.0233 0.0414 0.5834 
      H169.2  5 0.7685 0.0364 0.0249 0.1702 
      H169.3  5 0.7316 0.0106 0.0529 0.2049 
      H169.4  5 0.6344 0.0335 0.0306 0.3015 
      H169.5  5 0.4515 0.0885 0.0691 0.3910 
      H169.6  5 0.3988 0.1518 0.0763 0.3732 
      H457.1  5 0.0958 0.0514 0.8061 0.0467 
      H457.2  5 0.0204 0.0570 0.8578 0.0648 
      H457.3  5 0.0207 0.0091 0.9433 0.0269 
      H457.4  5 0.1161 0.0196 0.7736 0.0907 
      H457.5  5 0.0831 0.1290 0.1836 0.6044 
      H457.6  5 0.0554 0.0516 0.4162 0.4768 
      H457.7  5 0.4091 0.0359 0.5046 0.0504 
      H457.8  5 0.0274 0.0527 0.5133 0.4066 
      H462.1  5 0.2674 0.0825 0.1785 0.4716 
      H462.2  5 0.7222 0.0739 0.1155 0.0884 
      H462.3  5 0.1181 0.1603 0.1880 0.5336 
      H462.4  5 0.6017 0.2268 0.0403 0.1312 
      H462.5  5 0.6401 0.1400 0.0489 0.1710 
      H462.6  5 0.2531 0.3482 0.0452 0.3536 
      H462.7  5 0.0638 0.0386 0.4768 0.4207 
      H462.8  5 0.8967 0.0267 0.0144 0.0622 
      H462.9  5 0.1261 0.0851 0.1712 0.6176 
      H481.1  5 0.9643 0.0121 0.0119 0.0117 
      H481.2  5 0.8737 0.0422 0.0186 0.0655 
      H481.3  5 0.8408 0.1073 0.0151 0.0368 
      H481.4  5 0.8928 0.0456 0.0164 0.0453 
      H481.5  5 0.9178 0.0471 0.0155 0.0196 
      H481.6  5 0.7066 0.0274 0.2263 0.0397 
      H481.7  5 0.8163 0.0424 0.0902 0.0512 
      H481.8  5 0.7513 0.0148 0.1850 0.0490 
      H509.1  5 0.0654 0.0249 0.0653 0.8444 
      H509.2  5 0.0942 0.0166 0.1899 0.6993 
      H509.3  5 0.0328 0.0149 0.2818 0.6705 
      H509.4  5 0.0704 0.0242 0.5047 0.4007 
      H509.5  5 0.0807 0.1446 0.2109 0.5637 
      H509.6  5 0.0991 0.0408 0.0819 0.7782 
      H509.7  5 0.0280 0.0361 0.2707 0.6652 
      H567.1  5 0.0180 0.0126 0.2811 0.6883 
      H567.2  5 0.2685 0.1349 0.2245 0.3721 
      H567.3  5 0.1800 0.0314 0.1877 0.6009 
      H567.4  5 0.0257 0.0181 0.9061 0.0501 
      H567.5  5 0.0188 0.0138 0.3188 0.6486 
      H567.6  5 0.0201 0.0140 0.4823 0.4836 
      H567.7  5 0.0838 0.0772 0.4601 0.3789 
      H567.8  5 0.0542 0.0235 0.3584 0.5639 
      H608.1  5 0.3721 0.2656 0.1721 0.1902 
      H608.2  5 0.2262 0.3838 0.0979 0.2922 
      H608.3  5 0.0713 0.4470 0.0643 0.4173 
      H608.4  5 0.0618 0.1209 0.0469 0.7704 
      H608.5  5 0.0342 0.2671 0.0999 0.5988 
      H608.6  5 0.1145 0.2752 0.0476 0.5627 
      H608.7  5 0.0373 0.2666 0.0982 0.5979 
      H608.8  5 0.0330 0.1780 0.0738 0.7152 
      H615.1  5 0.4287 0.2253 0.0229 0.3232 
      H615.2  5 0.2401 0.1957 0.0945 0.4697 
      H615.3  5 0.9078 0.0127 0.0330 0.0464 
      H615.4  5 0.7144 0.0328 0.0709 0.1818 
      H615.5  5 0.9173 0.0278 0.0226 0.0322 
      H615.6  5 0.9585 0.0103 0.0123 0.0188 
      H635.1  5 0.8507 0.0289 0.0277 0.0927 
      H635.2  5 0.2736 0.0578 0.4970 0.1716 
      H635.3  5 0.4731 0.1948 0.1776 0.1544 
      H635.4  5 0.5140 0.2914 0.1087 0.0859 
      H635.5  5 0.6690 0.0596 0.0768 0.1945 
      H635.6  5 0.9465 0.0212 0.0159 0.0164 
      H635.7  5 0.5387 0.0887 0.0627 0.3099 
      H635.8  5 0.1795 0.0907 0.6919 0.0379 
      H635.9  5 0.5366 0.0352 0.1392 0.2890 
      H728.1  5 0.0121 0.0857 0.0114 0.8908 
      H728.2  5 0.0312 0.0781 0.0340 0.8568 
      H728.3  5 0.0141 0.0279 0.0318 0.9262 
      H728.4  5 0.0171 0.1051 0.0289 0.8490 
      H728.5  5 0.0154 0.0224 0.0206 0.9416 
      H728.6  5 0.0198 0.0451 0.0201 0.9150 
      H728.7  5 0.2064 0.2666 0.3094 0.2176 
 H7395.1_200  5 0.4637 0.2361 0.1171 0.1832 
 H7395.1_200  5 0.0123 0.0371 0.0256 0.9250 
     H7395.2  5 0.0195 0.0605 0.0337 0.8863 
     H7395.3  5 0.0214 0.0339 0.0351 0.9096 
     H7395.4  5 0.0209 0.0460 0.0144 0.9188 
     H7395.5  5 0.0113 0.0655 0.0253 0.8979 
     H7395.6  5 0.0093 0.0282 0.0130 0.9496 
     H7395.7  5 0.0190 0.0949 0.0225 0.8636 
     H7395.8  5 0.0518 0.1430 0.0403 0.7649 
     H7395.9  5 0.0419 0.2703 0.0382 0.6495 
      H742.1  5 0.1266 0.1767 0.0167 0.6799 
      H742.2  5 0.7308 0.0877 0.0441 0.1374 
      H742.3  5 0.1294 0.1723 0.0172 0.6811 
      H958.1  5 0.0971 0.0122 0.0803 0.8104 
      H958.2  5 0.0288 0.0114 0.1122 0.8476 
      H958.3  5 0.0211 0.0226 0.1517 0.8046 
      H958.4  5 0.1702 0.0091 0.0288 0.7919 
      H958.5  5 0.0672 0.0117 0.1363 0.7849 
      H958.6  5 0.0332 0.0147 0.2122 0.7399 
      H958.7  5 0.0425 0.0150 0.2065 0.7360 
      H452.1 10 0.9660 0.0109 0.0105 0.0126 
     H452.10 10 0.9458 0.0151 0.0180 0.0211 
      H452.2 10 0.3984 0.0314 0.3559 0.2143 
      H452.3 10 0.9533 0.0097 0.0222 0.0147 
      H452.4 10 0.9616 0.0168 0.0140 0.0076 
      H452.5 10 0.8947 0.0221 0.0484 0.0348 
      H452.6 10 0.3784 0.0514 0.0836 0.4866 
      H452.7 10 0.8468 0.0217 0.0470 0.0845 
      H452.8 10 0.8776 0.0324 0.0475 0.0425 
      H452.9 10 0.9637 0.0187 0.0077 0.0099 
      H473.1 10 0.0679 0.0164 0.1181 0.7977 
      H473.2 10 0.0205 0.0306 0.9293 0.0196 
      H473.3 10 0.0115 0.0844 0.8796 0.0245 
      H473.4 10 0.0340 0.0445 0.8897 0.0318 
      H473.5 10 0.0121 0.0348 0.8627 0.0905 
      H473.6 10 0.0240 0.1253 0.7968 0.0538 
      H473.7 10 0.0169 0.0219 0.8988 0.0623 
      H473.8 10 0.0149 0.0424 0.9153 0.0273 
      H487.1 10 0.9702 0.0065 0.0127 0.0107 
      H487.2 10 0.9588 0.0092 0.0150 0.0170 
      H487.3 10 0.9584 0.0087 0.0145 0.0184 
      H487.4 10 0.9364 0.0080 0.0119 0.0437 
      H487.5 10 0.9751 0.0056 0.0100 0.0092 
      H703.1 10 0.1818 0.2799 0.0395 0.4988 
     H703.10 10 0.3915 0.0983 0.0530 0.4572 
      H703.2 10 0.3516 0.2279 0.0245 0.3960 
      H703.3 10 0.2709 0.0652 0.0523 0.6116 
      H703.4 10 0.4187 0.0676 0.3680 0.1457 
      H703.5 10 0.0982 0.0173 0.7756 0.1089 
      H703.6 10 0.1149 0.0235 0.1199 0.7417 
      H703.7 10 0.1005 0.2707 0.3360 0.2928 
      H703.8 10 0.8912 0.0087 0.0167 0.0834 
      H703.9 10 0.3411 0.0357 0.0301 0.5930 
      H705.1 10 0.3378 0.0083 0.5156 0.1383 
      H705.2 10 0.7936 0.0143 0.1181 0.0740 
      H705.3 10 0.9572 0.0101 0.0149 0.0177 
      H705.4 10 0.9287 0.0083 0.0373 0.0256 
      H705.5 10 0.9607 0.0110 0.0169 0.0114 
      H705.6 10 0.9388 0.0197 0.0140 0.0275 
      H705.7 10 0.5782 0.0105 0.3254 0.0859 
     H7352.1 10 0.0822 0.7381 0.0453 0.1344 
     H7352.2 10 0.9192 0.0583 0.0091 0.0133 
     H7352.3 10 0.6528 0.0346 0.0148 0.2979 
     H7352.4 10 0.6435 0.0401 0.0175 0.2990 
     H7352.5 10 0.1201 0.6859 0.0358 0.1582 
     H7352.6 10 0.2255 0.5223 0.0520 0.2003 
     H7352.7 10 0.9278 0.0412 0.0098 0.0211 
     H7354.1 10 0.0531 0.0165 0.0594 0.8710 
     H7354.2 10 0.2600 0.0239 0.1983 0.5178 
     H7354.3 10 0.2425 0.0212 0.1205 0.6157 
     H7354.4 10 0.1445 0.0697 0.0368 0.7490 
     H7354.5 10 0.1116 0.0680 0.0859 0.7345 
     H7354.6 10 0.5932 0.0091 0.1275 0.2702 
     H7354.7 10 0.2503 0.0222 0.0125 0.7151 
     H7359.1 10 0.3749 0.0948 0.2234 0.3069 
     H7359.2 10 0.1971 0.0131 0.2711 0.5186 
     H7359.3 10 0.6545 0.0197 0.1999 0.1259 
     H7359.4 10 0.0770 0.0269 0.0368 0.8593 
     H7359.5 10 0.3895 0.0131 0.1897 0.4077 
      H909.1 10 0.8094 0.0075 0.0223 0.1607 
      H909.2 10 0.9373 0.0100 0.0298 0.0228 
      H909.3 10 0.9758 0.0094 0.0067 0.0081 
      H909.4 10 0.9602 0.0100 0.0130 0.0168 
      H909.6 10 0.8911 0.0182 0.0124 0.0783 
      H909.8 10 0.9502 0.0128 0.0215 0.0155 
      H909.9 10 0.9098 0.0278 0.0088 0.0535 
     H9555.1 10 0.9614 0.0086 0.0144 0.0156 
     H9555.2 10 0.9243 0.0193 0.0393 0.0171 
     H9555.3 10 0.9003 0.0191 0.0502 0.0304 
     H9555.4 10 0.9558 0.0069 0.0153 0.0220 
     H9555.5 10 0.9433 0.0115 0.0255 0.0198 
     H9555.6 10 0.5505 0.0995 0.1759 0.1740 
     H9555.7 10 0.5407 0.0250 0.2775 0.1568 
     H9703.1 10 0.7995 0.0062 0.0999 0.0944 
     H9703.2 10 0.7145 0.0126 0.1908 0.0821 
     H9703.3 10 0.3515 0.0222 0.0293 0.5970 
     H9703.4 10 0.6212 0.0134 0.0214 0.3440 
     H9703.5 10 0.1063 0.1000 0.0466 0.7471 
     H9707.1 10 0.0422 0.8476 0.0576 0.0526 
     H9707.2 10 0.2479 0.6451 0.0428 0.0642 
     H9707.3 10 0.0812 0.8016 0.0889 0.0283 
     H9707.4 10 0.9423 0.0135 0.0224 0.0218 
     H9707.5 10 0.1338 0.3654 0.3887 0.1121 
     H9707.6 10 0.4703 0.0677 0.3274 0.1347 
     H9707.7 10 0.3074 0.1184 0.4113 0.1628 
     H9707.8 10 0.1136 0.7492 0.0970 0.0402 
     HSAA4.1 10 0.8934 0.0098 0.0695 0.0273 
     HSAA4.2 10 0.9218 0.0143 0.0266 0.0374 
     HSAA4.3 10 0.9493 0.0148 0.0136 0.0224 
     HSAA4.4 10 0.8392 0.0186 0.0269 0.1154 
     HSAA4.5 10 0.9103 0.0119 0.0157 0.0621 
     HSAA4.6 10 0.9712 0.0078 0.0109 0.0101 
     HSAA4.7 10 0.9674 0.0067 0.0067 0.0192 
   saaRTON.1 10 0.4377 0.0120 0.0680 0.4822 
  saaRTON.10 10 0.9089 0.0195 0.0253 0.0463 
   saaRTON.2 10 0.3762 0.0157 0.0824 0.5257 
   saaRTON.3 10 0.8748 0.0280 0.0207 0.0766 
   saaRTON.4 10 0.9562 0.0076 0.0221 0.0142 
   saaRTON.5 10 0.9462 0.0080 0.0203 0.0254 
   saaRTON.6 10 0.4302 0.0212 0.0894 0.4592 
   saaRTON.7 10 0.1474 0.0169 0.7954 0.0402 
   saaRTON.8 10 0.9461 0.0097 0.0164 0.0278 
   saaRTON.9 10 0.7947 0.0101 0.0285 0.1667 
      H005.1 11 0.5978 0.0127 0.0252 0.3643 
      H005.2 11 0.1345 0.0734 0.2264 0.5657 
      H005.3 11 0.6116 0.0133 0.0144 0.3607 
      H005.4 11 0.1120 0.0621 0.0488 0.7771 
      H005.5 11 0.6337 0.0597 0.0208 0.2858 
      H005.6 11 0.0530 0.0974 0.1034 0.7462 
      H005.7 11 0.2972 0.0348 0.0355 0.6324 
      H005.8 11 0.2410 0.0302 0.0262 0.7026 
      H005.9 11 0.2044 0.1117 0.1277 0.5561 
      H031.1 11 0.0259 0.1034 0.0235 0.8472 
      H031.2 11 0.6801 0.0122 0.0361 0.2715 
      H031.3 11 0.1555 0.1899 0.3998 0.2548 
      H031.4 11 0.3522 0.0190 0.0576 0.5713 
      H031.5 11 0.4658 0.0611 0.2914 0.1816 
      H031.6 11 0.3135 0.0287 0.0455 0.6124 
      H031.7 11 0.0874 0.0378 0.7311 0.1437 
      H031.8 11 0.2286 0.1310 0.0168 0.6237 
      H136.1 11 0.0168 0.0206 0.0351 0.9275 
      H136.2 11 0.0490 0.0222 0.5779 0.3509 
      H136.3 11 0.0373 0.1490 0.3942 0.4195 
      H136.4 11 0.0350 0.0189 0.0836 0.8624 
      H153.1 11 0.0710 0.0365 0.0550 0.8374 
      H153.2 11 0.1174 0.0871 0.0519 0.7435 
      H153.3 11 0.0424 0.0475 0.0643 0.8458 
      H153.4 11 0.1585 0.0177 0.0421 0.7817 
      H167.1 11 0.0243 0.8031 0.0983 0.0743 
      H167.2 11 0.0352 0.9188 0.0277 0.0183 
      H167.3 11 0.0281 0.9139 0.0350 0.0230 
      H167.4 11 0.1089 0.2956 0.1221 0.4735 
      H167.5 11 0.0953 0.7884 0.0246 0.0917 
      H167.6 11 0.0232 0.9021 0.0136 0.0610 
      H167.7 11 0.6862 0.1123 0.0749 0.1266 
      H167.8 11 0.2063 0.2678 0.1038 0.4222 
      H173.1 11 0.2639 0.0239 0.2505 0.4617 
      H173.2 11 0.1008 0.1077 0.1256 0.6660 
      H173.3 11 0.1533 0.0552 0.2334 0.5581 
      H173.4 11 0.0415 0.0328 0.2707 0.6550 
      H173.5 11 0.0286 0.0501 0.6105 0.3108 
 H194.1_2003 11 0.6540 0.0162 0.2536 0.0762 
 H194.2_2003 11 0.8807 0.0336 0.0631 0.0226 
 H194.3_2003 11 0.9313 0.0168 0.0203 0.0316 
 H194.4_2003 11 0.9118 0.0180 0.0387 0.0314 
 H194.5_2003 11 0.5206 0.0219 0.3709 0.0865 
 H194.6_2003 11 0.7579 0.0312 0.1748 0.0361 
 H194.7_2003 11 0.7022 0.0302 0.1917 0.0759 
 H194.8_2003 11 0.8487 0.0205 0.0680 0.0627 
      H196.1 11 0.6739 0.3007 0.0112 0.0141 
      H196.2 11 0.6832 0.1724 0.1193 0.0250 
      H196.3 11 0.2532 0.6714 0.0189 0.0565 
      H196.4 11 0.8749 0.1003 0.0132 0.0116 
      H196.5 11 0.4649 0.4783 0.0422 0.0146 
      H196.6 11 0.9145 0.0524 0.0219 0.0113 
 H356.1_2001 11 0.0461 0.0135 0.9089 0.0314 
 H356.1_2002 11 0.0145 0.0145 0.9484 0.0226 
 H356.2_2001 11 0.0224 0.0234 0.4292 0.5250 
