      H008.1  2 0.0067 0.0221 0.0103 0.0092 0.0147 0.0147 0.0076 0.0112 0.0072 0.0060 0.0075 0.0073 0.0058 0.0180 0.0397 0.7563 0.0073 0.0483 
      H008.2  2 0.0118 0.0107 0.0114 0.0065 0.0566 0.0334 0.0207 0.0165 0.0598 0.0274 0.0133 0.0287 0.0086 0.1750 0.4437 0.0384 0.0190 0.0186 
      H008.3  2 0.0081 0.0256 0.0163 0.0108 0.1295 0.0176 0.0248 0.0087 0.0650 0.0234 0.0279 0.0467 0.0152 0.0501 0.4051 0.0373 0.0397 0.0482 
      H008.4  2 0.0342 0.0152 0.0378 0.0113 0.0158 0.0211 0.0096 0.0089 0.0263 0.0476 0.0158 0.0121 0.0072 0.0701 0.1340 0.4403 0.0455 0.0471 
      H008.5  2 0.0072 0.0189 0.0107 0.0056 0.0219 0.0111 0.0112 0.0074 0.0197 0.0184 0.0158 0.0139 0.0088 0.0235 0.0712 0.6428 0.0668 0.0252 
      H008.6  2 0.0196 0.0085 0.0303 0.0063 0.0383 0.0553 0.0177 0.0071 0.0346 0.0415 0.0115 0.0056 0.0107 0.0610 0.4936 0.0986 0.0192 0.0407 
      H008.7  2 0.0195 0.0174 0.0252 0.0106 0.0364 0.0398 0.0068 0.0169 0.0113 0.0515 0.0174 0.0400 0.0076 0.0773 0.3609 0.2031 0.0384 0.0197 
      H008.8  2 0.0091 0.0211 0.0224 0.0093 0.0180 0.0771 0.0097 0.0162 0.0408 0.0087 0.0093 0.0313 0.0213 0.5336 0.0317 0.0923 0.0084 0.0395 
      H008.9  2 0.0097 0.0072 0.0161 0.0108 0.0188 0.2143 0.0112 0.0087 0.0226 0.0640 0.0187 0.0118 0.0108 0.1392 0.3791 0.0149 0.0180 0.0239 
 H029.1_2002  2 0.0579 0.0050 0.0484 0.0056 0.0104 0.0276 0.0063 0.0129 0.0055 0.0187 0.0134 0.0085 0.0094 0.0242 0.0070 0.6095 0.1188 0.0108 
 H029.1_2003  2 0.0091 0.0083 0.0063 0.0057 0.0140 0.0250 0.0120 0.0128 0.0087 0.0118 0.0569 0.0057 0.0151 0.1388 0.0115 0.0253 0.6218 0.0112 
 H029.2_2002  2 0.0123 0.0064 0.0199 0.0051 0.0461 0.0067 0.0060 0.0204 0.0144 0.0440 0.0951 0.0335 0.0199 0.0209 0.0235 0.5683 0.0520 0.0055 
 H029.2_2003  2 0.0078 0.0083 0.0085 0.0051 0.1114 0.0099 0.0159 0.0345 0.0202 0.0245 0.0382 0.0084 0.0502 0.0606 0.0157 0.0944 0.4818 0.0045 
 H029.3_2002  2 0.0214 0.0159 0.0114 0.0072 0.0228 0.0084 0.0222 0.0897 0.0216 0.1257 0.0614 0.0538 0.0424 0.1267 0.0124 0.2753 0.0756 0.0059 
 H029.3_2003  2 0.0050 0.0086 0.0069 0.0052 0.0176 0.0043 0.0138 0.0301 0.0043 0.0090 0.0185 0.0059 0.0082 0.0793 0.0204 0.4929 0.2598 0.0103 
 H029.4_2002  2 0.0078 0.0118 0.0059 0.0055 0.0039 0.0044 0.0060 0.0241 0.0044 0.0158 0.0106 0.0157 0.0036 0.0090 0.0073 0.8171 0.0367 0.0104 
 H029.4_2003  2 0.0094 0.0309 0.0127 0.0044 0.0126 0.0133 0.0135 0.2159 0.0105 0.0208 0.0265 0.0077 0.0098 0.0527 0.0106 0.1199 0.3995 0.0292 
 H029.5_2002  2 0.0088 0.0044 0.0198 0.0077 0.0057 0.0094 0.0062 0.0096 0.0039 0.0073 0.0235 0.0105 0.0073 0.0082 0.0151 0.7737 0.0642 0.0146 
 H029.5_2003  2 0.0058 0.0134 0.0056 0.0044 0.0282 0.0102 0.0076 0.0216 0.0042 0.0110 0.0175 0.0048 0.0070 0.0919 0.0248 0.2988 0.4337 0.0093 
 H029.6_2002  2 0.0077 0.0104 0.0052 0.0074 0.0060 0.0048 0.0072 0.0292 0.0069 0.0528 0.0153 0.0206 0.0056 0.0724 0.0056 0.4668 0.2691 0.0069 
 H029.6_2003  2 0.0071 0.0144 0.0212 0.0104 0.1239 0.0145 0.0257 0.0587 0.0072 0.0113 0.0993 0.0086 0.0224 0.0268 0.0109 0.4850 0.0328 0.0199 
      H029.7  2 0.0091 0.0076 0.0375 0.0041 0.0150 0.0068 0.0051 0.0282 0.0192 0.0268 0.0237 0.0198 0.0120 0.0065 0.0069 0.7412 0.0254 0.0053 
      H030.1  2 0.0075 0.0118 0.0325 0.0391 0.0271 0.0114 0.4104 0.0233 0.0085 0.0061 0.0142 0.0204 0.0569 0.0153 0.0785 0.0299 0.1955 0.0116 
      H030.2  2 0.1496 0.0273 0.0090 0.0327 0.0073 0.0083 0.3390 0.0131 0.0057 0.0672 0.0061 0.1244 0.0139 0.0087 0.0430 0.0644 0.0475 0.0329 
      H038.1  2 0.0078 0.0055 0.0044 0.0031 0.0043 0.0135 0.0055 0.0088 0.0086 0.0230 0.0068 0.0039 0.0066 0.0082 0.0047 0.8739 0.0055 0.0059 
      H038.2  2 0.0114 0.0066 0.0114 0.0103 0.0057 0.0031 0.0054 0.0049 0.0031 0.0046 0.0041 0.0064 0.0057 0.0036 0.0061 0.8966 0.0057 0.0053 
      H038.3  2 0.0185 0.0133 0.0110 0.0128 0.0058 0.0088 0.0121 0.0084 0.0046 0.0330 0.0052 0.0090 0.0149 0.0054 0.0118 0.8023 0.0049 0.0182 
      H038.4  2 0.0098 0.0068 0.0098 0.0150 0.0037 0.0054 0.0050 0.0069 0.0045 0.0192 0.0049 0.0073 0.0125 0.0053 0.0075 0.8586 0.0041 0.0138 
      H038.5  2 0.0057 0.0150 0.0077 0.0063 0.0083 0.0051 0.0167 0.0205 0.0029 0.0173 0.0072 0.0115 0.0052 0.0179 0.0067 0.8341 0.0084 0.0038 
      H038.6  2 0.0094 0.0088 0.0068 0.0030 0.0097 0.0055 0.0065 0.0105 0.0041 0.0092 0.0054 0.0041 0.0064 0.0063 0.0051 0.8881 0.0070 0.0040 
      H038.7  2 0.0181 0.0075 0.0107 0.0042 0.0056 0.0050 0.0076 0.0109 0.0030 0.0073 0.0037 0.0030 0.0151 0.0048 0.0066 0.8745 0.0053 0.0070 
      H038.8  2 0.0141 0.0092 0.0107 0.0147 0.0041 0.0046 0.0082 0.0074 0.0039 0.0603 0.0040 0.0097 0.0078 0.0060 0.0069 0.8146 0.0037 0.0103 
      H041.1  2 0.0043 0.0067 0.0173 0.0105 0.0144 0.0119 0.0083 0.0480 0.0168 0.0133 0.0326 0.1634 0.0093 0.0062 0.0242 0.0596 0.1065 0.4467 
      H041.2  2 0.0092 0.0044 0.0135 0.0071 0.0070 0.0123 0.0058 0.0057 0.0062 0.0098 0.0166 0.0070 0.0064 0.0159 0.0266 0.0243 0.1723 0.6501 
      H041.4  2 0.0088 0.0073 0.0177 0.0165 0.0078 0.0309 0.0106 0.0209 0.0150 0.0212 0.1306 0.0124 0.0073 0.0217 0.0721 0.2893 0.2417 0.0683 
      H041.6  2 0.0091 0.0170 0.0338 0.0123 0.0066 0.0413 0.0127 0.0093 0.0315 0.0128 0.0783 0.0215 0.0163 0.0358 0.0260 0.2183 0.2119 0.2054 
 H042.1_2002  2 0.0177 0.0588 0.0351 0.0374 0.0171 0.0252 0.0075 0.0047 0.0115 0.0176 0.0082 0.0069 0.0090 0.0085 0.0072 0.0082 0.6839 0.0356 
 H042.1_2003  2 0.0189 0.0160 0.0208 0.0112 0.0712 0.0237 0.0174 0.0078 0.0084 0.0544 0.0080 0.0079 0.0280 0.0181 0.1157 0.0478 0.0286 0.4962 
 H042.2_2002  2 0.1487 0.0306 0.0060 0.0093 0.0257 0.0069 0.0057 0.0412 0.0093 0.0364 0.0611 0.0051 0.0060 0.0060 0.0089 0.1664 0.4170 0.0097 
 H042.2_2003  2 0.0102 0.0075 0.2350 0.0132 0.0226 0.0165 0.0088 0.0061 0.0079 0.0049 0.0189 0.0033 0.0058 0.0127 0.0188 0.0686 0.1459 0.3931 
 H042.3_2002  2 0.0514 0.3060 0.0171 0.0194 0.0196 0.0154 0.0115 0.0123 0.0119 0.0179 0.0257 0.0052 0.0069 0.0063 0.0148 0.0077 0.3756 0.0751 
 H042.3_2003  2 0.0451 0.3881 0.0615 0.0152 0.0195 0.0156 0.0111 0.0524 0.0134 0.0331 0.0234 0.0296 0.0059 0.0070 0.0187 0.0347 0.1122 0.1134 
 H042.4_2002  2 0.0051 0.0092 0.0265 0.0321 0.0115 0.0136 0.0097 0.0105 0.0061 0.0151 0.0142 0.0068 0.0082 0.0051 0.0092 0.0231 0.7821 0.0118 
 H042.4_2003  2 0.0058 0.0070 0.2297 0.0175 0.0094 0.0161 0.0064 0.0188 0.0153 0.0090 0.0225 0.0223 0.0238 0.0045 0.0141 0.0755 0.4920 0.0101 
      H042.5  2 0.0042 0.0075 0.0253 0.0089 0.0078 0.0061 0.0049 0.0065 0.0129 0.0029 0.0123 0.0050 0.0063 0.0061 0.0095 0.0063 0.8619 0.0054 
      H042.6  2 0.0108 0.0324 0.0163 0.0083 0.0070 0.0088 0.0047 0.0281 0.0644 0.0122 0.0126 0.0068 0.0232 0.0073 0.0061 0.0185 0.7272 0.0052 
      H042.7  2 0.0790 0.0754 0.0479 0.0605 0.0097 0.0239 0.0049 0.0107 0.0110 0.0069 0.0931 0.0057 0.0223 0.0137 0.0163 0.0260 0.4316 0.0614 
      H042.8  2 0.0332 0.0222 0.0121 0.0106 0.0181 0.0138 0.0053 0.0097 0.0217 0.0201 0.0217 0.0037 0.0046 0.0095 0.0206 0.0119 0.7078 0.0534 
   H042_2002  2 0.1363 0.0564 0.2489 0.0098 0.0214 0.0219 0.0114 0.0383 0.0725 0.0539 0.0324 0.0049 0.0358 0.0184 0.0401 0.0871 0.0616 0.0487 
   H042_2003  2 0.1600 0.0653 0.2075 0.0102 0.0242 0.0250 0.0125 0.0408 0.0904 0.0460 0.0325 0.0054 0.0402 0.0176 0.0319 0.0930 0.0519 0.0456 
      H043.1  2 0.0064 0.0549 0.0099 0.0040 0.0061 0.0050 0.0074 0.7566 0.0109 0.0543 0.0046 0.0094 0.0215 0.0100 0.0092 0.0148 0.0045 0.0104 
      H043.2  2 0.0050 0.2108 0.0094 0.0038 0.0152 0.0486 0.0068 0.0566 0.1302 0.2349 0.0159 0.0042 0.0870 0.0421 0.0074 0.0720 0.0060 0.0441 
      H043.3  2 0.0199 0.2014 0.0451 0.0049 0.0088 0.0210 0.0076 0.1339 0.0242 0.0332 0.0074 0.0041 0.1015 0.0220 0.0149 0.3220 0.0079 0.0203 
      H043.4  2 0.0134 0.1378 0.0280 0.0073 0.0126 0.0169 0.0082 0.2416 0.1092 0.1237 0.0070 0.0051 0.1361 0.0071 0.0252 0.0851 0.0052 0.0306 
      H043.5  2 0.0095 0.2466 0.0133 0.0041 0.0097 0.0393 0.0117 0.0584 0.0091 0.2919 0.0079 0.0056 0.0224 0.0510 0.0162 0.1075 0.0073 0.0886 
      H043.6  2 0.0120 0.2302 0.0159 0.0037 0.0087 0.0348 0.0103 0.1033 0.0156 0.2099 0.0137 0.0035 0.0183 0.0135 0.0047 0.2726 0.0102 0.0193 
      H043.7  2 0.0130 0.1135 0.0172 0.0057 0.0057 0.0456 0.0089 0.1204 0.1026 0.1110 0.0058 0.0039 0.3298 0.0061 0.0084 0.0421 0.0050 0.0554 
      H043.8  2 0.0140 0.2019 0.0065 0.0086 0.0069 0.0196 0.0369 0.4183 0.0269 0.0253 0.0039 0.0115 0.0576 0.0674 0.0067 0.0317 0.0043 0.0521 
      H043.9  2 0.0136 0.0360 0.0084 0.0040 0.0049 0.0063 0.0078 0.7845 0.0172 0.0229 0.0047 0.0087 0.0200 0.0089 0.0062 0.0317 0.0064 0.0078 
      H047.1  2 0.0407 0.0283 0.0261 0.0043 0.0093 0.0104 0.0055 0.0046 0.0072 0.0067 0.0048 0.0045 0.0067 0.0045 0.4193 0.3978 0.0046 0.0147 
      H047.2  2 0.0085 0.0057 0.0139 0.0083 0.0142 0.0167 0.0058 0.0103 0.0073 0.0039 0.0112 0.0125 0.0231 0.0077 0.7284 0.0875 0.0094 0.0256 
      H047.3  2 0.0189 0.0059 0.0153 0.0112 0.0216 0.0104 0.0059 0.0082 0.0112 0.0047 0.0192 0.0158 0.0184 0.0073 0.6907 0.0814 0.0101 0.0436 
      H047.4  2 0.0345 0.0061 0.0325 0.0146 0.0092 0.0216 0.0073 0.0106 0.0091 0.0033 0.0160 0.0069 0.0527 0.0106 0.3826 0.2027 0.0245 0.1551 
      H047.5  2 0.0373 0.0099 0.0133 0.0146 0.0109 0.0120 0.0085 0.0132 0.0367 0.0041 0.0266 0.0057 0.0191 0.0071 0.5953 0.1526 0.0062 0.0268 
      H047.6  2 0.0222 0.0032 0.0087 0.0065 0.0061 0.0146 0.0043 0.0055 0.0061 0.0042 0.0119 0.0077 0.0130 0.0068 0.7658 0.0307 0.0225 0.0602 
      H047.7  2 0.0728 0.0276 0.0205 0.0112 0.0070 0.0088 0.0056 0.0041 0.0061 0.0094 0.0065 0.0095 0.0044 0.0048 0.3511 0.4190 0.0113 0.0205 
      H047.8  2 0.0289 0.0055 0.0109 0.0060 0.0179 0.0094 0.0046 0.0062 0.0083 0.0038 0.0111 0.0095 0.0112 0.0067 0.6856 0.0435 0.0208 0.1102 
      H047.9  2 0.0766 0.0315 0.0531 0.0365 0.0137 0.0079 0.0069 0.0074 0.0253 0.0041 0.0141 0.0057 0.0109 0.0071 0.3735 0.3020 0.0091 0.0145 
 H071.1_2002  2 0.0078 0.0083 0.0077 0.0046 0.0067 0.0053 0.0050 0.0078 0.0084 0.0043 0.0053 0.0032 0.0072 0.0046 0.0048 0.8961 0.0060 0.0073 
 H071.1_2003  2 0.0104 0.0099 0.0193 0.0057 0.0188 0.0292 0.0514 0.0154 0.0743 0.0106 0.0256 0.0037 0.0459 0.0068 0.0122 0.6269 0.0079 0.0258 
     H071.10  2 0.0069 0.0266 0.0045 0.0082 0.0033 0.0039 0.0233 0.0113 0.0048 0.0061 0.0038 0.0082 0.0043 0.0098 0.0032 0.8636 0.0040 0.0042 
 H071.2_2002  2 0.0079 0.0132 0.0062 0.0037 0.0082 0.0187 0.0075 0.0072 0.0160 0.0076 0.0103 0.0030 0.0111 0.0116 0.0067 0.8491 0.0050 0.0070 
 H071.2_2003  2 0.0043 0.0038 0.0071 0.0033 0.0050 0.0051 0.0053 0.0040 0.0063 0.0029 0.0035 0.0035 0.0045 0.0044 0.0046 0.9243 0.0049 0.0034 
      H071.3  2 0.0090 0.0141 0.0052 0.0080 0.0052 0.0047 0.0303 0.0090 0.0050 0.0089 0.0044 0.0112 0.0137 0.0094 0.0129 0.8038 0.0071 0.0383 
 H071.4_2002  2 0.0119 0.0249 0.0049 0.0135 0.0061 0.0090 0.0160 0.0260 0.0077 0.0148 0.0076 0.0063 0.0077 0.0103 0.0041 0.8204 0.0046 0.0043 
 H071.4_2003  2 0.0065 0.0147 0.0056 0.0071 0.0043 0.0033 0.0089 0.0051 0.0049 0.0030 0.0034 0.0049 0.0072 0.0068 0.0057 0.8993 0.0040 0.0054 
 H071.5_2002  2 0.0064 0.0087 0.0041 0.0052 0.0032 0.0038 0.0063 0.0069 0.0068 0.0042 0.0028 0.0055 0.0043 0.0052 0.0036 0.9148 0.0041 0.0039 
 H071.5_2003  2 0.0162 0.0192 0.0184 0.0137 0.0086 0.0077 0.0225 0.0150 0.0077 0.0039 0.0054 0.0035 0.0139 0.0098 0.0094 0.8121 0.0053 0.0075 
 H071.6_2002  2 0.0192 0.0422 0.0046 0.0056 0.0051 0.0062 0.0087 0.0084 0.0065 0.0053 0.0041 0.0037 0.0080 0.0206 0.0040 0.8397 0.0040 0.0041 
 H071.6_2003  2 0.0117 0.0114 0.0119 0.0049 0.0051 0.0099 0.0225 0.0114 0.0057 0.0036 0.0032 0.0037 0.0076 0.0064 0.0039 0.8654 0.0055 0.0062 
 H071.7_2002  2 0.0079 0.0080 0.0058 0.0031 0.0047 0.0054 0.0047 0.0044 0.0066 0.0038 0.0032 0.0033 0.0076 0.0081 0.0056 0.9085 0.0039 0.0054 
 H071.7_2003  2 0.0073 0.0161 0.0120 0.0114 0.0076 0.0061 0.0292 0.0150 0.0086 0.0045 0.0041 0.0046 0.0139 0.0037 0.0046 0.8408 0.0046 0.0059 
      H071.8  2 0.0059 0.0077 0.0047 0.0038 0.0062 0.0152 0.0053 0.0063 0.0165 0.0073 0.0101 0.0035 0.0059 0.0170 0.0102 0.8640 0.0052 0.0051 
      H071.9  2 0.0122 0.0400 0.0052 0.0151 0.0057 0.0217 0.0208 0.2724 0.0153 0.0130 0.0149 0.0084 0.0096 0.0570 0.0097 0.4556 0.0163 0.0070 
 H081.1_2002  2 0.0053 0.0047 0.0054 0.0069 0.0057 0.0060 0.0062 0.0049 0.0185 0.0042 0.0074 0.0058 0.0064 0.0048 0.0047 0.8938 0.0050 0.0043 
 H081.1_2003  2 0.0222 0.0085 0.0306 0.0185 0.0356 0.0491 0.0419 0.0195 0.0162 0.2475 0.0320 0.0170 0.2334 0.0238 0.0264 0.0479 0.1003 0.0296 
 H081.2_2002  2 0.0057 0.0048 0.0091 0.0075 0.0044 0.0085 0.0048 0.0062 0.0741 0.0037 0.0085 0.0049 0.0130 0.0046 0.0070 0.8236 0.0052 0.0046 
 H081.2_2003  2 0.0050 0.0192 0.0085 0.0090 0.0104 0.0199 0.6541 0.0217 0.0647 0.0094 0.0060 0.0249 0.0208 0.0457 0.0131 0.0356 0.0208 0.0112 
 H081.3_2002  2 0.0063 0.0059 0.0097 0.0075 0.0050 0.0151 0.0124 0.0082 0.0278 0.0065 0.0056 0.0063 0.0113 0.0124 0.0446 0.8039 0.0054 0.0060 
 H081.3_2003  2 0.0078 0.0236 0.0179 0.0202 0.0173 0.0359 0.4294 0.1554 0.0481 0.0155 0.0119 0.0147 0.0144 0.1305 0.0132 0.0157 0.0166 0.0116 
 H081.4_2002  2 0.0068 0.0121 0.0081 0.0052 0.0063 0.0045 0.0094 0.0061 0.0048 0.0035 0.0042 0.0048 0.0071 0.0074 0.0068 0.8894 0.0069 0.0066 
 H081.4_2003  2 0.0116 0.0203 0.0213 0.0302 0.0465 0.1093 0.2837 0.0655 0.0418 0.0194 0.0261 0.0148 0.1048 0.0159 0.0096 0.0263 0.1405 0.0125 
 H081.5_2002  2 0.0071 0.0073 0.0082 0.0042 0.0063 0.0079 0.0128 0.0078 0.0067 0.0043 0.0048 0.0046 0.0088 0.0061 0.0086 0.8769 0.0087 0.0089 
 H081.5_2003  2 0.0195 0.0129 0.0226 0.0253 0.0189 0.1065 0.0677 0.0201 0.0776 0.0256 0.0205 0.0140 0.2961 0.0183 0.0151 0.0494 0.0824 0.1075 
      H081.6  2 0.0083 0.0073 0.0057 0.0054 0.0077 0.0086 0.0059 0.0041 0.0135 0.0038 0.0070 0.0043 0.0076 0.0061 0.0043 0.8884 0.0055 0.0064 
      H081.7  2 0.0045 0.0079 0.0072 0.0120 0.0049 0.0090 0.0094 0.0085 0.0624 0.0046 0.0071 0.0058 0.0130 0.0095 0.0112 0.8120 0.0051 0.0059 
      H081.8  2 0.0107 0.0170 0.0071 0.0107 0.0059 0.0140 0.0314 0.0079 0.0085 0.0121 0.0091 0.0104 0.0076 0.0152 0.0072 0.8049 0.0104 0.0099 
      H083.1  2 0.0132 0.0104 0.0049 0.0053 0.0090 0.0042 0.0081 0.0112 0.0074 0.0087 0.0153 0.0275 0.0098 0.0193 0.0094 0.8079 0.0229 0.0056 
      H083.2  2 0.0085 0.0070 0.0066 0.0091 0.0083 0.0123 0.0047 0.0378 0.0134 0.0078 0.0068 0.0198 0.0185 0.0091 0.0379 0.7779 0.0085 0.0061 
      H083.4  2 0.0076 0.0151 0.0043 0.0175 0.0048 0.0073 0.0052 0.0161 0.0140 0.0112 0.0067 0.0888 0.0133 0.0573 0.0154 0.7028 0.0071 0.0056 
      H083.5  2 0.0079 0.0062 0.0073 0.0088 0.0064 0.0060 0.0054 0.0066 0.0096 0.0293 0.0432 0.0813 0.0148 0.0194 0.0180 0.6916 0.0325 0.0057 
      H083.6  2 0.0074 0.0079 0.0046 0.0126 0.0125 0.0045 0.0087 0.0070 0.0105 0.0113 0.0319 0.0977 0.0132 0.0568 0.0070 0.6842 0.0162 0.0059 
      H083.7  2 0.0065 0.0140 0.0047 0.0404 0.0060 0.0082 0.0050 0.0074 0.0156 0.0070 0.0117 0.2236 0.0088 0.0179 0.0206 0.5931 0.0047 0.0048 
      H083.8  2 0.0064 0.0072 0.0058 0.0115 0.0083 0.0113 0.0037 0.0190 0.0133 0.0065 0.0134 0.0246 0.0171 0.0086 0.0807 0.7515 0.0060 0.0051 
      H083.9  2 0.0061 0.0060 0.0072 0.0076 0.0062 0.0046 0.0065 0.0053 0.0060 0.0082 0.0347 0.1148 0.0072 0.0146 0.0157 0.7216 0.0217 0.0059 
      H084.1  2 0.0125 0.0075 0.0086 0.0090 0.0141 0.0054 0.6162 0.1314 0.0070 0.0733 0.0453 0.0081 0.0091 0.0076 0.0102 0.0097 0.0170 0.0079 
      H084.2  2 0.0069 0.0168 0.0059 0.0044 0.0133 0.0058 0.4685 0.3326 0.0041 0.0599 0.0050 0.0053 0.0171 0.0132 0.0059 0.0070 0.0247 0.0036 
      H084.3  2 0.0485 0.0082 0.0350 0.0978 0.0167 0.0061 0.2583 0.0298 0.0084 0.2782 0.0344 0.0124 0.0426 0.0075 0.0101 0.0067 0.0400 0.0594 
      H084.4  2 0.0191 0.0092 0.0574 0.0189 0.0103 0.0061 0.2779 0.0427 0.0044 0.2167 0.0206 0.0061 0.0755 0.0149 0.0178 0.0094 0.0804 0.1126 
      H084.5  2 0.1211 0.0069 0.0145 0.0201 0.0078 0.0088 0.5235 0.0162 0.0090 0.0525 0.0334 0.0055 0.0234 0.0074 0.0215 0.0079 0.0111 0.1093 
      H084.6  2 0.0479 0.0057 0.0084 0.0484 0.0063 0.0053 0.5556 0.0120 0.0091 0.0912 0.0221 0.0491 0.0204 0.0163 0.0269 0.0054 0.0072 0.0628 
      H084.7  2 0.0063 0.0143 0.0134 0.0081 0.0102 0.0071 0.7236 0.1045 0.0052 0.0147 0.0114 0.0061 0.0088 0.0123 0.0059 0.0082 0.0339 0.0061 
      H084.8  2 0.0251 0.0048 0.0120 0.0288 0.0098 0.0054 0.5842 0.0124 0.0098 0.0690 0.0963 0.0078 0.0121 0.0074 0.0317 0.0063 0.0125 0.0646 
 H085.1_2002  2 0.0107 0.0067 0.0069 0.0054 0.0049 0.0084 0.0091 0.0182 0.8397 0.0104 0.0055 0.0112 0.0054 0.0098 0.0069 0.0198 0.0163 0.0046 
 H085.1_2003  2 0.0053 0.0462 0.0063 0.0171 0.0078 0.0120 0.0108 0.0683 0.1265 0.0123 0.0097 0.0987 0.0340 0.0391 0.0135 0.3786 0.0531 0.0605 
 H085.2_2002  2 0.0151 0.0489 0.0117 0.0318 0.0047 0.2399 0.0142 0.0468 0.1917 0.0647 0.0139 0.1705 0.0441 0.0157 0.0071 0.0313 0.0383 0.0097 
 H085.2_2003  2 0.0070 0.0161 0.0115 0.0075 0.0177 0.0177 0.0150 0.0240 0.0179 0.0121 0.0065 0.0376 0.0277 0.0394 0.0433 0.6172 0.0543 0.0276 
 H085.3_2002  2 0.0038 0.0151 0.0255 0.0078 0.0046 0.0119 0.0048 0.0150 0.7732 0.0054 0.0095 0.0179 0.0495 0.0047 0.0066 0.0072 0.0159 0.0216 
 H085.3_2003  2 0.0032 0.0491 0.0103 0.0051 0.0111 0.0065 0.0130 0.0085 0.0278 0.0040 0.0041 0.0055 0.0574 0.0062 0.0095 0.5522 0.0118 0.2147 
 H085.4_2002  2 0.0147 0.0406 0.0108 0.0131 0.0088 0.0979 0.0191 0.0278 0.5108 0.0294 0.0193 0.0219 0.0126 0.0209 0.0081 0.1022 0.0300 0.0122 
 H085.4_2003  2 0.0225 0.0101 0.0682 0.0147 0.0065 0.0209 0.0296 0.0081 0.0110 0.0060 0.0089 0.0066 0.0201 0.0064 0.0090 0.5274 0.0485 0.1756 
 H085.5_2002  2 0.0040 0.0075 0.0066 0.0054 0.0054 0.0114 0.0042 0.0073 0.8770 0.0036 0.0079 0.0048 0.0142 0.0044 0.0047 0.0062 0.0054 0.0201 
 H085.5_2003  2 0.0041 0.0225 0.0100 0.0060 0.0141 0.0077 0.0147 0.0081 0.0262 0.0059 0.0044 0.0315 0.0101 0.0149 0.0119 0.7597 0.0340 0.0144 
 H085.6_2002  2 0.0061 0.0069 0.0109 0.0042 0.0042 0.0119 0.0050 0.0838 0.7718 0.0095 0.0063 0.0156 0.0219 0.0087 0.0099 0.0057 0.0108 0.0067 
 H085.6_2003  2 0.0043 0.0148 0.0283 0.0146 0.0164 0.0376 0.0078 0.0123 0.0334 0.0077 0.0137 0.0066 0.1793 0.0063 0.0287 0.0477 0.0214 0.5189 
 H085.7_2002  2 0.0064 0.0140 0.0348 0.0103 0.0091 0.0516 0.0105 0.0161 0.4002 0.0140 0.0079 0.0583 0.1377 0.0163 0.0349 0.0580 0.0979 0.0221 
 H085.7_2003  2 0.0046 0.0505 0.0099 0.0158 0.0098 0.0084 0.0053 0.0225 0.0259 0.0107 0.0074 0.0086 0.0215 0.0074 0.0152 0.6288 0.0098 0.1377 
 H085.8_2002  2 0.0055 0.0869 0.0129 0.0154 0.0054 0.0727 0.0131 0.0112 0.0834 0.0148 0.0122 0.0135 0.5092 0.0092 0.0069 0.0273 0.0159 0.0845 
 H085.8_2003  2 0.0207 0.0193 0.0874 0.0289 0.0114 0.0232 0.0161 0.0389 0.0426 0.0136 0.0100 0.1049 0.0214 0.0160 0.0338 0.2127 0.2536 0.0455 
      H085.9  2 0.0140 0.0159 0.0115 0.0091 0.0073 0.0195 0.0165 0.0165 0.7066 0.0361 0.0070 0.0131 0.0176 0.0131 0.0071 0.0337 0.0378 0.0175 
      H088.1  2 0.0045 0.0226 0.0107 0.0266 0.0186 0.0178 0.0063 0.0078 0.0144 0.0070 0.0798 0.0110 0.0085 0.0179 0.0098 0.0087 0.7238 0.0041 
      H088.2  2 0.0136 0.0077 0.0148 0.0155 0.0074 0.0165 0.0061 0.0132 0.0161 0.0075 0.0908 0.0092 0.0185 0.0183 0.0168 0.0067 0.7172 0.0044 
      H088.3  2 0.0089 0.0057 0.0086 0.0049 0.0070 0.0114 0.0062 0.0100 0.0113 0.0050 0.0433 0.0054 0.0117 0.0200 0.0146 0.0043 0.8174 0.0043 
      H088.4  2 0.0054 0.0053 0.0075 0.0039 0.0100 0.0075 0.0186 0.0088 0.0035 0.0048 0.0072 0.0027 0.0070 0.0084 0.0052 0.0067 0.8828 0.0048 
      H088.5  2 0.0041 0.0066 0.0053 0.0051 0.0054 0.0066 0.0052 0.0066 0.0047 0.0046 0.0120 0.0041 0.0050 0.0081 0.0054 0.0040 0.9017 0.0053 
      H088.6  2 0.0048 0.0103 0.0077 0.0066 0.0082 0.0065 0.0095 0.0063 0.0050 0.0049 0.0133 0.0051 0.0051 0.0197 0.0103 0.0085 0.8614 0.0069 
      H088.7  2 0.0088 0.0061 0.0097 0.0077 0.0053 0.0052 0.0068 0.0141 0.0089 0.0056 0.0134 0.0056 0.0074 0.0129 0.0337 0.0146 0.8274 0.0068 
      H088.8  2 0.0059 0.0147 0.0098 0.0122 0.0151 0.0069 0.0129 0.0067 0.0063 0.0066 0.0092 0.0058 0.0061 0.0230 0.0164 0.0185 0.8162 0.0077 
      H091.1  2 0.0074 0.0737 0.0122 0.0080 0.0075 0.0057 0.0061 0.0202 0.0089 0.0069 0.0065 0.0128 0.0146 0.0119 0.0070 0.0239 0.7242 0.0425 
      H091.2  2 0.0065 0.0666 0.0074 0.0179 0.0087 0.0057 0.0041 0.0134 0.0072 0.0046 0.0066 0.0421 0.0071 0.0219 0.0142 0.0276 0.5987 0.1395 
      H109.1  2 0.0440 0.0268 0.0079 0.0142 0.0138 0.0141 0.0395 0.3957 0.0245 0.0322 0.0213 0.0726 0.0101 0.1067 0.1237 0.0182 0.0079 0.0266 
      H109.2  2 0.0504 0.0261 0.0442 0.0256 0.0056 0.0249 0.3753 0.2489 0.0066 0.0141 0.0148 0.0188 0.0166 0.0166 0.0326 0.0553 0.0102 0.0135 
      H109.3  2 0.0169 0.0365 0.0592 0.0171 0.0223 0.0067 0.0569 0.5015 0.0034 0.0089 0.0217 0.0080 0.0215 0.0402 0.0935 0.0202 0.0150 0.0507 
      H109.4  2 0.0113 0.1781 0.0519 0.0106 0.0125 0.0174 0.1377 0.3697 0.0069 0.0218 0.0159 0.0135 0.0118 0.0402 0.0258 0.0148 0.0114 0.0486 
      H109.5  2 0.0154 0.0135 0.1544 0.0098 0.0113 0.0080 0.0685 0.3083 0.0073 0.0044 0.0961 0.0053 0.0118 0.0315 0.0260 0.1049 0.0560 0.0675 
      H109.6  2 0.0533 0.0375 0.0448 0.0338 0.0190 0.0282 0.2847 0.1284 0.0079 0.0213 0.0279 0.0111 0.0229 0.1270 0.0959 0.0329 0.0083 0.0151 
      H126.1  2 0.1157 0.0958 0.2202 0.0084 0.0348 0.1298 0.0067 0.1234 0.1143 0.0127 0.0175 0.0080 0.0134 0.0484 0.0112 0.0073 0.0228 0.0097 
      H126.2  2 0.0210 0.2244 0.0307 0.0068 0.0229 0.0540 0.0123 0.0171 0.0561 0.0344 0.0094 0.0142 0.0251 0.2665 0.0673 0.1154 0.0136 0.0087 
      H126.3  2 0.2837 0.0144 0.0068 0.0040 0.0067 0.0080 0.0043 0.0299 0.0151 0.0070 0.0147 0.0154 0.0044 0.4676 0.0069 0.0376 0.0638 0.0096 
      H126.4  2 0.0438 0.2203 0.0114 0.0101 0.0905 0.3792 0.0139 0.0264 0.0204 0.0098 0.0287 0.0239 0.0137 0.0225 0.0123 0.0408 0.0222 0.0100 
      H126.5  2 0.1290 0.2441 0.1293 0.0126 0.0420 0.1161 0.0076 0.0167 0.0494 0.0055 0.0062 0.0081 0.0346 0.0205 0.0081 0.1521 0.0076 0.0105 
      H126.6  2 0.2476 0.0088 0.0079 0.0038 0.0079 0.0172 0.0045 0.0179 0.1576 0.0046 0.0081 0.0072 0.0195 0.2053 0.0162 0.2396 0.0163 0.0101 
      H126.7  2 0.0139 0.0253 0.0096 0.0078 0.0083 0.0055 0.0072 0.0105 0.0244 0.0029 0.0058 0.0052 0.0219 0.0087 0.0095 0.8041 0.0223 0.0071 
      H130.1  2 0.0074 0.0394 0.2098 0.0158 0.0263 0.2828 0.0154 0.1359 0.0156 0.0094 0.0207 0.0131 0.0521 0.0442 0.0173 0.0073 0.0752 0.0124 
      H130.2  2 0.0059 0.0088 0.0173 0.0296 0.0208 0.1426 0.3663 0.0394 0.0175 0.0086 0.0106 0.0284 0.0395 0.1372 0.0387 0.0362 0.0288 0.0237 
      H130.3  2 0.0050 0.0132 0.0201 0.0194 0.5080 0.0107 0.0643 0.1347 0.0078 0.0038 0.0073 0.0049 0.1229 0.0127 0.0106 0.0282 0.0223 0.0042 
      H130.4  2 0.0073 0.0121 0.0237 0.0251 0.0627 0.5258 0.0176 0.0691 0.0187 0.0212 0.0131 0.0169 0.0146 0.1180 0.0171 0.0077 0.0217 0.0077 
      H130.5  2 0.0066 0.0215 0.0577 0.0480 0.0103 0.1969 0.1344 0.1346 0.0273 0.0052 0.0229 0.0284 0.1312 0.0221 0.0117 0.0504 0.0808 0.0101 
      H133.1  2 0.0068 0.0062 0.0171 0.0058 0.0098 0.0158 0.0089 0.8339 0.0065 0.0145 0.0135 0.0045 0.0091 0.0053 0.0112 0.0131 0.0082 0.0095 
      H133.2  2 0.0064 0.0067 0.0499 0.0060 0.0086 0.0321 0.0615 0.6636 0.0299 0.0071 0.0181 0.0044 0.0157 0.0287 0.0202 0.0060 0.0173 0.0178 
      H133.3  2 0.0053 0.0055 0.0142 0.0078 0.0106 0.0080 0.0065 0.8102 0.0144 0.0281 0.0253 0.0070 0.0044 0.0117 0.0089 0.0108 0.0142 0.0070 
      H133.4  2 0.0059 0.0058 0.0149 0.0064 0.0107 0.0115 0.0148 0.7630 0.0123 0.0247 0.0074 0.0059 0.0126 0.0115 0.0332 0.0137 0.0069 0.0387 
      H133.5  2 0.0041 0.0053 0.0041 0.0040 0.0086 0.0081 0.0068 0.8911 0.0096 0.0047 0.0062 0.0044 0.0102 0.0117 0.0046 0.0046 0.0082 0.0038 
      H133.6  2 0.0120 0.0113 0.0242 0.0073 0.0109 0.0311 0.0207 0.7191 0.0203 0.0062 0.0213 0.0077 0.0243 0.0193 0.0077 0.0094 0.0402 0.0072 
      H133.7  2 0.0057 0.0071 0.0320 0.0201 0.0116 0.0296 0.0066 0.5531 0.0210 0.0476 0.0265 0.0069 0.0097 0.0053 0.0421 0.0148 0.0118 0.1485 
      H133.8  2 0.0055 0.0096 0.0044 0.0041 0.0074 0.0089 0.0047 0.8530 0.0300 0.0105 0.0057 0.0046 0.0040 0.0046 0.0079 0.0046 0.0066 0.0239 
      H133.9  2 0.0056 0.0049 0.0181 0.0062 0.0211 0.0146 0.0062 0.8249 0.0083 0.0155 0.0125 0.0081 0.0126 0.0048 0.0095 0.0117 0.0078 0.0075 
      H147.1  2 0.0083 0.0044 0.0226 0.0075 0.0042 0.0162 0.0670 0.0057 0.0503 0.0135 0.0122 0.0208 0.0407 0.0048 0.0143 0.1018 0.0261 0.5795 
      H147.2  2 0.0079 0.0054 0.0133 0.0078 0.0064 0.0148 0.0275 0.0047 0.0156 0.0062 0.0082 0.0052 0.0501 0.0056 0.0082 0.7696 0.0164 0.0272 
      H147.3  2 0.0075 0.0054 0.0131 0.0073 0.0068 0.0083 0.0290 0.0055 0.0320 0.0066 0.0120 0.0069 0.0461 0.0045 0.0057 0.7821 0.0059 0.0150 
      H147.4  2 0.0061 0.0040 0.0076 0.0069 0.0052 0.0049 0.0722 0.0037 0.0128 0.0179 0.0072 0.0128 0.0257 0.0069 0.0115 0.7510 0.0073 0.0363 
      H147.5  2 0.0104 0.0069 0.0276 0.0094 0.0205 0.0091 0.2530 0.0059 0.0184 0.0069 0.0214 0.0219 0.0563 0.0216 0.0092 0.4024 0.0809 0.0181 
      H147.6  2 0.0134 0.0087 0.0386 0.0072 0.0204 0.0074 0.3083 0.0082 0.0115 0.0059 0.0121 0.0206 0.0373 0.0185 0.0097 0.3427 0.1005 0.0289 
      H147.7  2 0.0089 0.0057 0.0103 0.0093 0.0092 0.0059 0.0878 0.0043 0.0114 0.0193 0.0141 0.0147 0.0223 0.0046 0.0190 0.6412 0.0077 0.1044 
      H147.8  2 0.0082 0.0062 0.0040 0.0047 0.0065 0.0042 0.1780 0.0067 0.0078 0.0270 0.0071 0.0186 0.0090 0.0211 0.0153 0.5659 0.0833 0.0263 
      H147.9  2 0.0067 0.0050 0.0114 0.0050 0.0054 0.0095 0.0321 0.0048 0.0156 0.0043 0.0105 0.0084 0.0271 0.0054 0.0073 0.8086 0.0051 0.0276 
      H148.1  2 0.0250 0.0087 0.0102 0.0366 0.0075 0.6640 0.0308 0.0171 0.0074 0.0313 0.0182 0.0205 0.0289 0.0274 0.0187 0.0102 0.0161 0.0214 
      H148.2  2 0.0454 0.0067 0.0075 0.1376 0.0066 0.4558 0.0215 0.0315 0.0117 0.0310 0.1336 0.0117 0.0160 0.0379 0.0131 0.0129 0.0060 0.0136 
      H148.3  2 0.0145 0.0164 0.0117 0.6177 0.0075 0.0358 0.0151 0.0043 0.0097 0.0664 0.0588 0.0076 0.0135 0.0278 0.0196 0.0119 0.0102 0.0515 
      H148.4  2 0.0173 0.0148 0.0325 0.0577 0.0085 0.5783 0.0084 0.0099 0.0098 0.0293 0.0353 0.0087 0.0306 0.0963 0.0128 0.0124 0.0122 0.0253 
      H148.5  2 0.0180 0.0087 0.0056 0.6356 0.0124 0.0202 0.0218 0.0054 0.0064 0.0215 0.0949 0.0066 0.0115 0.0898 0.0062 0.0088 0.0216 0.0050 
      H148.6  2 0.0284 0.0059 0.0163 0.4156 0.0054 0.2255 0.0157 0.0110 0.0118 0.0839 0.0469 0.0314 0.0113 0.0303 0.0122 0.0152 0.0123 0.0211 
      H148.7  2 0.0397 0.0165 0.0104 0.2531 0.0429 0.1575 0.0267 0.0178 0.0066 0.0375 0.1283 0.0098 0.0170 0.1553 0.0274 0.0068 0.0299 0.0170 
      H148.8  2 0.0093 0.0042 0.0101 0.5028 0.0077 0.2824 0.0087 0.0049 0.0115 0.0275 0.0651 0.0044 0.0066 0.0124 0.0049 0.0075 0.0179 0.0122 
      H148.9  2 0.0982 0.0426 0.0082 0.1778 0.0176 0.2450 0.0172 0.0207 0.0562 0.1097 0.0360 0.0184 0.0107 0.0381 0.0600 0.0106 0.0105 0.0224 
   H166022.1  2 0.0063 0.0047 0.0165 0.0080 0.0041 0.0067 0.0253 0.0059 0.0119 0.0098 0.0092 0.0361 0.0104 0.0062 0.0077 0.0106 0.8053 0.0155 
   H166022.2  2 0.0152 0.0112 0.0166 0.0153 0.0172 0.0135 0.1250 0.0054 0.0167 0.0115 0.0111 0.0518 0.0894 0.0209 0.0246 0.0386 0.4782 0.0379 
   H166022.3  2 0.0041 0.0094 0.0091 0.0166 0.0087 0.0106 0.0094 0.0123 0.0052 0.0050 0.0069 0.1224 0.0124 0.0167 0.0101 0.0038 0.7311 0.0060 
   H166022.4  2 0.0045 0.0092 0.0044 0.0065 0.0085 0.0041 0.0086 0.0079 0.0037 0.0044 0.0062 0.0089 0.0201 0.0096 0.0074 0.0056 0.8764 0.0042 
   H166022.5  2 0.0043 0.0071 0.0069 0.0053 0.0064 0.0050 0.0405 0.0071 0.0042 0.0043 0.0056 0.0148 0.0192 0.0071 0.0063 0.0051 0.8453 0.0056 
   H166022.6  2 0.0054 0.0095 0.0122 0.0072 0.0083 0.0194 0.0223 0.0192 0.0074 0.0168 0.0090 0.0320 0.0237 0.0089 0.0370 0.0062 0.7430 0.0125 
   H166022.7  2 0.0042 0.0050 0.0055 0.0028 0.0056 0.0046 0.0080 0.0058 0.0031 0.0056 0.0039 0.0036 0.0036 0.9188 0.0048 0.0053 0.0048 0.0049 
   H166022.8  2 0.0113 0.0049 0.0395 0.0081 0.0111 0.0498 0.0845 0.0287 0.0274 0.0065 0.0081 0.0415 0.2851 0.0083 0.0147 0.0125 0.3439 0.0140 
   H167397.1  2 0.0100 0.0087 0.0268 0.0082 0.0054 0.0113 0.0150 0.0060 0.0056 0.2768 0.0090 0.0062 0.0129 0.0070 0.0068 0.0203 0.0513 0.5125 
   H167397.2  2 0.0069 0.0090 0.0061 0.0151 0.0093 0.2011 0.0159 0.0179 0.0265 0.3557 0.0105 0.0375 0.0314 0.0312 0.0117 0.0333 0.0186 0.1621 
   H167397.3  2 0.0144 0.0068 0.0241 0.0056 0.0067 0.0154 0.0092 0.0088 0.0045 0.4723 0.0045 0.0067 0.0061 0.0068 0.0072 0.0224 0.0152 0.3633 
   H167397.4  2 0.0118 0.0079 0.0052 0.0139 0.0137 0.0137 0.0171 0.0189 0.0373 0.5734 0.0230 0.0233 0.0105 0.0426 0.0523 0.0336 0.0150 0.0869 
   H167397.5  2 0.0056 0.0174 0.0162 0.0092 0.0076 0.0339 0.0202 0.0126 0.0051 0.4221 0.0071 0.0094 0.0268 0.0158 0.0074 0.0263 0.0214 0.3358 
   H167397.6  2 0.0353 0.0100 0.0097 0.0098 0.0135 0.0137 0.0069 0.0133 0.0093 0.4800 0.0192 0.0082 0.0052 0.0082 0.0108 0.0245 0.0187 0.3039 
   H167496.1  2 0.0194 0.0901 0.2454 0.0574 0.0140 0.0076 0.0144 0.0942 0.0048 0.0089 0.1456 0.0161 0.0147 0.0092 0.0149 0.0153 0.2203 0.0078 
   H167496.2  2 0.1011 0.0505 0.0941 0.1171 0.0143 0.0273 0.0279 0.0822 0.0123 0.0127 0.0562 0.0082 0.1255 0.0597 0.0524 0.0863 0.0547 0.0174 
   H167496.3  2 0.0095 0.0770 0.1390 0.1302 0.0202 0.0236 0.0069 0.0234 0.0990 0.0087 0.0415 0.0528 0.0635 0.0085 0.0418 0.0264 0.2177 0.0101 
   H167496.4  2 0.0081 0.0067 0.0044 0.0036 0.0047 0.0038 0.0058 0.0069 0.0072 0.0044 0.0046 0.0066 0.0072 0.0061 0.0063 0.0124 0.8962 0.0052 
   H167496.6  2 0.0131 0.0076 0.0095 0.0039 0.0093 0.0076 0.0138 0.0099 0.0077 0.0058 0.0098 0.0045 0.0664 0.0065 0.0100 0.0187 0.7881 0.0078 
   H167496.7  2 0.0124 0.0260 0.7382 0.0518 0.0063 0.0134 0.0072 0.0168 0.0048 0.0060 0.0075 0.0160 0.0144 0.0069 0.0170 0.0077 0.0136 0.0339 
   H167496.8  2 0.0248 0.0086 0.0191 0.0047 0.0069 0.0073 0.0180 0.0083 0.0066 0.0058 0.0099 0.0095 0.0599 0.0067 0.0129 0.0241 0.7513 0.0156 
   H167513.1  2 0.0100 0.0058 0.0059 0.0046 0.0072 0.0109 0.0069 0.0120 0.0058 0.0072 0.0051 0.0082 0.0132 0.0154 0.8555 0.0059 0.0095 0.0110 
   H167513.2  2 0.0117 0.0052 0.0256 0.0102 0.0050 0.0111 0.0051 0.0054 0.0072 0.0184 0.0126 0.0059 0.0086 0.0046 0.8291 0.0045 0.0113 0.0187 
   H167513.3  2 0.0085 0.0080 0.0079 0.0088 0.0188 0.0061 0.0280 0.0159 0.0056 0.0058 0.0043 0.0173 0.0113 0.0109 0.8157 0.0090 0.0068 0.0114 
   H167513.4  2 0.0173 0.0043 0.0088 0.0115 0.0072 0.0140 0.0183 0.0666 0.0084 0.0075 0.0129 0.0548 0.0139 0.0114 0.7051 0.0068 0.0153 0.0159 
   H167513.5  2 0.0066 0.0042 0.0093 0.0064 0.0039 0.0106 0.0060 0.0083 0.0067 0.0117 0.0101 0.0065 0.0092 0.0052 0.8713 0.0051 0.0084 0.0103 
   H167513.6  2 0.0135 0.0063 0.0149 0.0115 0.0062 0.0120 0.0294 0.0097 0.0089 0.0104 0.0042 0.0159 0.0134 0.0097 0.7930 0.0079 0.0166 0.0166 
   H167513.7  2 0.0068 0.0054 0.0038 0.0045 0.0060 0.0061 0.0104 0.0198 0.0063 0.0219 0.0039 0.0203 0.0071 0.0080 0.8450 0.0095 0.0084 0.0069 
   H167513.8  2 0.0094 0.0063 0.0052 0.0043 0.0060 0.0037 0.0234 0.0136 0.0032 0.0151 0.0033 0.0056 0.0120 0.0063 0.8626 0.0078 0.0050 0.0071 
   H167547.1  2 0.0064 0.0090 0.3663 0.2937 0.0239 0.0612 0.0082 0.0108 0.0087 0.0282 0.0143 0.0249 0.0108 0.0103 0.0139 0.0067 0.0184 0.0842 
   H167547.2  2 0.0072 0.0158 0.0683 0.0841 0.0098 0.0131 0.0069 0.0056 0.0076 0.0096 0.0046 0.0190 0.0067 0.0047 0.0079 0.0057 0.0339 0.6895 
   H167547.3  2 0.0060 0.0113 0.0700 0.1050 0.0102 0.0121 0.0063 0.0056 0.0064 0.0097 0.0050 0.0227 0.0061 0.0041 0.0081 0.0054 0.0278 0.6782 
   H167547.4  2 0.0049 0.0268 0.1802 0.0571 0.0476 0.0934 0.0102 0.0249 0.0209 0.0448 0.0162 0.2358 0.0106 0.0124 0.0218 0.0090 0.1638 0.0195 
   H167547.5  2 0.0104 0.0290 0.0235 0.1205 0.0121 0.0184 0.0300 0.0068 0.0064 0.0087 0.2032 0.0204 0.0069 0.0057 0.0089 0.0103 0.3449 0.1340 
   H167547.6  2 0.0085 0.0387 0.0337 0.1375 0.0100 0.0103 0.0252 0.0076 0.0077 0.0094 0.1787 0.0171 0.0067 0.0047 0.0112 0.0089 0.3879 0.0963 
   H167547.7  2 0.0159 0.0426 0.1578 0.2563 0.0200 0.0358 0.0218 0.0442 0.0951 0.0168 0.0255 0.0303 0.0144 0.0624 0.0933 0.0245 0.0104 0.0329 
   H169750.1  2 0.0214 0.0316 0.0451 0.0271 0.0141 0.0506 0.0141 0.5412 0.0139 0.0098 0.0125 0.0302 0.0164 0.0220 0.0169 0.0101 0.1167 0.0062 
   H169750.2  2 0.0129 0.0177 0.0109 0.0132 0.0658 0.1657 0.0976 0.0800 0.0196 0.0431 0.0255 0.0067 0.0564 0.0180 0.1203 0.0764 0.0398 0.1304 
   H169750.3  2 0.0067 0.0255 0.0352 0.0201 0.0249 0.0146 0.0504 0.5670 0.0173 0.0041 0.0084 0.0078 0.0123 0.0425 0.1158 0.0106 0.0303 0.0064 
   H169750.4  2 0.0399 0.0127 0.0247 0.0108 0.0834 0.2000 0.0102 0.2150 0.0138 0.0668 0.0714 0.0044 0.0708 0.0342 0.0568 0.0178 0.0541 0.0134 
   H169750.5  2 0.0043 0.0147 0.0069 0.0051 0.0060 0.0173 0.0089 0.8094 0.0097 0.0041 0.0077 0.0223 0.0065 0.0119 0.0096 0.0173 0.0336 0.0048 
   H169750.6  2 0.0066 0.0316 0.0104 0.0088 0.0306 0.0847 0.0478 0.2703 0.0219 0.0070 0.0184 0.0143 0.0533 0.0447 0.0456 0.2216 0.0652 0.0172 
   H169750.7  2 0.0260 0.0643 0.0459 0.0364 0.0459 0.0395 0.0216 0.1567 0.0384 0.0235 0.0120 0.0067 0.0418 0.1243 0.2348 0.0266 0.0220 0.0334 
   H171929.1  2 0.0049 0.0054 0.0074 0.0079 0.0051 0.0073 0.0039 0.0053 0.0239 0.0189 0.0141 0.0054 0.0047 0.0053 0.8611 0.0069 0.0063 0.0064 
  H171929.10  2 0.0073 0.0064 0.0127 0.0162 0.0057 0.0132 0.0137 0.0099 0.0322 0.0177 0.0118 0.0114 0.0060 0.0083 0.7908 0.0078 0.0187 0.0103 
  H171929.11  2 0.0046 0.0078 0.0065 0.0072 0.0055 0.0077 0.0051 0.0088 0.0153 0.0226 0.0104 0.0035 0.0062 0.0060 0.8564 0.0085 0.0065 0.0113 
   H171929.2  2 0.0044 0.0071 0.0074 0.0252 0.0060 0.0096 0.0046 0.0384 0.0081 0.0055 0.0184 0.0059 0.0045 0.0041 0.8311 0.0049 0.0062 0.0086 
   H171929.3  2 0.0038 0.0059 0.0068 0.0069 0.0060 0.0064 0.0053 0.0112 0.0065 0.0113 0.0071 0.0067 0.0040 0.0043 0.8801 0.0111 0.0072 0.0095 
   H171929.4  2 0.0032 0.0080 0.0189 0.0206 0.0124 0.0153 0.0079 0.0142 0.0269 0.0039 0.0089 0.0101 0.0052 0.0105 0.7944 0.0151 0.0156 0.0089 
   H171929.5  2 0.0050 0.0079 0.0056 0.0122 0.0058 0.0070 0.0067 0.0303 0.0068 0.0094 0.0069 0.0052 0.0047 0.0069 0.8532 0.0048 0.0072 0.0144 
   H171929.6  2 0.0036 0.0057 0.0048 0.0061 0.0041 0.0064 0.0057 0.0194 0.0057 0.0099 0.0061 0.0042 0.0047 0.0056 0.8935 0.0043 0.0036 0.0067 
   H171929.7  2 0.0034 0.0057 0.0054 0.0097 0.0054 0.0079 0.0039 0.0054 0.0178 0.0041 0.0087 0.0052 0.0058 0.0054 0.8895 0.0073 0.0046 0.0049 
   H171929.8  2 0.0043 0.0061 0.0161 0.0225 0.0072 0.0130 0.0044 0.0071 0.0428 0.0061 0.0064 0.0066 0.0052 0.0045 0.8289 0.0054 0.0072 0.0062 
   H171929.9  2 0.0042 0.0067 0.0101 0.0065 0.0050 0.0082 0.0101 0.0084 0.0257 0.0036 0.0054 0.0063 0.0049 0.0063 0.8647 0.0092 0.0089 0.0061 
   H171930.1  2 0.0074 0.0304 0.0145 0.0050 0.0156 0.0189 0.6544 0.0072 0.0026 0.0244 0.0179 0.0045 0.0062 0.0104 0.1218 0.0060 0.0198 0.0330 
   H171930.2  2 0.0074 0.0290 0.0335 0.0113 0.0107 0.0119 0.7392 0.0104 0.0086 0.0059 0.0171 0.0070 0.0117 0.0140 0.0141 0.0133 0.0302 0.0248 
   H171930.3  2 0.0081 0.0265 0.0076 0.0089 0.0178 0.0069 0.8223 0.0062 0.0060 0.0137 0.0164 0.0058 0.0058 0.0098 0.0065 0.0058 0.0128 0.0131 
   H171930.4  2 0.0094 0.0178 0.0071 0.0048 0.0205 0.0038 0.8370 0.0048 0.0036 0.0081 0.0068 0.0058 0.0067 0.0129 0.0063 0.0043 0.0217 0.0186 
   H171930.5  2 0.0070 0.0979 0.0159 0.0095 0.0188 0.0418 0.6080 0.0169 0.0099 0.0175 0.0150 0.0064 0.0086 0.0083 0.0688 0.0198 0.0170 0.0131 
   H171930.6  2 0.0108 0.0416 0.0071 0.0043 0.0104 0.0055 0.8436 0.0128 0.0045 0.0042 0.0066 0.0042 0.0061 0.0052 0.0059 0.0113 0.0074 0.0084 
   H171930.7  2 0.0079 0.0067 0.0094 0.0058 0.0075 0.0065 0.8571 0.0055 0.0071 0.0111 0.0064 0.0057 0.0084 0.0093 0.0123 0.0061 0.0077 0.0196 
   H171930.8  2 0.0075 0.0049 0.0124 0.0051 0.0062 0.0063 0.8580 0.0058 0.0041 0.0063 0.0125 0.0042 0.0087 0.0110 0.0129 0.0059 0.0123 0.0159 
   H171933.1  2 0.0053 0.0361 0.0216 0.0198 0.0075 0.0114 0.0166 0.0270 0.0133 0.0727 0.0138 0.6785 0.0048 0.0102 0.0107 0.0090 0.0299 0.0120 
   H171933.2  2 0.0143 0.0106 0.0372 0.0186 0.0058 0.0125 0.0399 0.0482 0.0623 0.1102 0.0244 0.3701 0.0086 0.0334 0.0219 0.0164 0.1410 0.0246 
   H171933.3  2 0.0172 0.0258 0.0582 0.1003 0.0123 0.0152 0.0506 0.0139 0.0802 0.0173 0.0345 0.4335 0.0070 0.0077 0.0124 0.0068 0.0951 0.0121 
   H171933.4  2 0.0081 0.0109 0.0735 0.0818 0.0163 0.0096 0.0828 0.0115 0.0329 0.0056 0.0147 0.4396 0.0414 0.0088 0.1023 0.0089 0.0443 0.0069 
   H171933.5  2 0.0184 0.0156 0.1896 0.2097 0.0938 0.0201 0.0711 0.0340 0.0195 0.0098 0.0130 0.1387 0.0238 0.0131 0.0714 0.0068 0.0364 0.0152 
   H171933.6  2 0.0062 0.0144 0.0423 0.0102 0.0088 0.0060 0.0090 0.0200 0.0087 0.0049 0.0095 0.4794 0.0105 0.0189 0.0073 0.0164 0.3178 0.0098 
   H171933.7  2 0.0286 0.0959 0.0145 0.0354 0.0174 0.0122 0.0902 0.0075 0.0699 0.0207 0.0073 0.4826 0.0372 0.0072 0.0155 0.0176 0.0113 0.0290 
   H171933.8  2 0.0431 0.0146 0.0221 0.0385 0.0068 0.0102 0.1017 0.0139 0.0759 0.0397 0.0115 0.4344 0.0470 0.0092 0.0803 0.0237 0.0113 0.0162 
   H171933.9  2 0.0066 0.0295 0.0129 0.0250 0.0280 0.0055 0.0475 0.0069 0.0082 0.0037 0.0068 0.7393 0.0288 0.0073 0.0096 0.0069 0.0200 0.0076 
      H190.1  2 0.0086 0.0288 0.0472 0.2413 0.1058 0.0223 0.3056 0.0367 0.0083 0.0045 0.0068 0.0245 0.0461 0.0255 0.0108 0.0205 0.0262 0.0305 
      H190.2  2 0.0045 0.0098 0.0206 0.0107 0.0084 0.0119 0.0144 0.0063 0.0151 0.0061 0.0402 0.0053 0.0145 0.0046 0.0040 0.0103 0.0078 0.8054 
      H190.3  2 0.0069 0.0427 0.0586 0.0266 0.0257 0.1856 0.0340 0.0228 0.0234 0.0113 0.1338 0.0140 0.0131 0.0099 0.0099 0.0287 0.0368 0.3163 
      H190.4  2 0.0046 0.0218 0.0205 0.5319 0.0686 0.0168 0.1371 0.0567 0.0155 0.0069 0.0102 0.0340 0.0112 0.0097 0.0084 0.0053 0.0359 0.0049 
      H190.5  2 0.0053 0.0090 0.0077 0.0046 0.0062 0.0058 0.0095 0.0073 0.0090 0.0034 0.0074 0.0064 0.0197 0.0052 0.0051 0.0122 0.0083 0.8678 
      H190.6  2 0.0047 0.0194 0.0302 0.6745 0.0163 0.0153 0.0937 0.0217 0.0182 0.0068 0.0163 0.0124 0.0068 0.0083 0.0065 0.0123 0.0324 0.0043 
      H190.7  2 0.0059 0.0151 0.2564 0.0609 0.0307 0.0462 0.0249 0.0148 0.3269 0.0100 0.0654 0.0066 0.0097 0.0108 0.0113 0.0102 0.0714 0.0229 
      H190.8  2 0.0098 0.0303 0.0209 0.0225 0.0175 0.0129 0.0289 0.0155 0.0307 0.0039 0.0166 0.0064 0.2397 0.0084 0.0095 0.0160 0.0134 0.4971 
      H190.9  2 0.0090 0.0131 0.1396 0.0830 0.0286 0.0254 0.0348 0.0424 0.1115 0.0122 0.0296 0.0059 0.0638 0.0091 0.0088 0.0094 0.0234 0.3503 
      H400.1  2 0.0431 0.0115 0.0094 0.0051 0.0077 0.0188 0.0152 0.0731 0.0074 0.0091 0.0037 0.0198 0.0075 0.0072 0.0049 0.0078 0.7449 0.0039 
      H400.2  2 0.0315 0.0199 0.0042 0.0085 0.0042 0.0120 0.0152 0.0749 0.0088 0.0157 0.0054 0.0540 0.0054 0.0116 0.0172 0.0146 0.6878 0.0088 
      H400.3  2 0.0159 0.0601 0.0108 0.0133 0.0159 0.0167 0.0496 0.4483 0.0064 0.0114 0.0060 0.0359 0.0079 0.0057 0.0089 0.0125 0.2643 0.0104 
      H400.4  2 0.0155 0.0088 0.0064 0.0067 0.0082 0.0072 0.0327 0.0337 0.0102 0.0047 0.0107 0.0109 0.0041 0.0181 0.0169 0.0146 0.7844 0.0060 
      H400.5  2 0.0105 0.0448 0.0114 0.0299 0.0143 0.0124 0.0304 0.3916 0.0069 0.0055 0.0108 0.1787 0.0034 0.0084 0.0130 0.0122 0.2107 0.0052 
      H400.6  2 0.0403 0.0096 0.0078 0.0049 0.0064 0.0198 0.0163 0.0212 0.0296 0.0042 0.0056 0.0166 0.0046 0.0087 0.0061 0.0085 0.7836 0.0061 
      H400.7  2 0.0184 0.0187 0.0090 0.0618 0.0073 0.0467 0.0225 0.0536 0.0126 0.0064 0.0101 0.1014 0.0074 0.0089 0.0335 0.0070 0.5637 0.0110 
 H428.1_2005  2 0.0051 0.0045 0.0035 0.0046 0.0048 0.0035 0.0034 0.0037 0.0043 0.0029 0.0033 0.9314 0.0036 0.0050 0.0055 0.0034 0.0045 0.0032 
 H428.1_2006  2 0.0129 0.0047 0.0069 0.0038 0.0051 0.0037 0.0038 0.0046 0.0065 0.0038 0.0063 0.8903 0.0077 0.0044 0.0129 0.0110 0.0063 0.0054 
 H428.2_2005  2 0.0036 0.0041 0.0039 0.0053 0.0050 0.0074 0.0039 0.0045 0.0032 0.0044 0.0052 0.9179 0.0044 0.0055 0.0064 0.0041 0.0072 0.0039 
 H428.2_2006  2 0.0065 0.0052 0.0057 0.0055 0.0048 0.0033 0.0053 0.0066 0.0065 0.0046 0.0051 0.8769 0.0103 0.0080 0.0102 0.0216 0.0098 0.0039 
 H428.3_2005  2 0.0042 0.0034 0.0053 0.0054 0.0040 0.0040 0.0039 0.0043 0.0048 0.0028 0.0051 0.9232 0.0045 0.0052 0.0039 0.0053 0.0066 0.0039 
 H428.3_2006  2 0.0113 0.0100 0.0093 0.0049 0.0051 0.0035 0.0052 0.0077 0.0055 0.0056 0.0037 0.8729 0.0123 0.0058 0.0128 0.0123 0.0062 0.0055 
 H428.4_2005  2 0.0037 0.0036 0.0042 0.0060 0.0053 0.0053 0.0043 0.0042 0.0035 0.0042 0.0048 0.9232 0.0040 0.0049 0.0052 0.0038 0.0056 0.0043 
