      H008.1  2 0.0372 0.0507 0.0208 0.8912 
      H008.2  2 0.1736 0.2640 0.1539 0.4086 
      H008.3  2 0.1696 0.2811 0.1237 0.4256 
      H008.4  2 0.0643 0.0474 0.2429 0.6454 
      H008.5  2 0.0321 0.0337 0.0339 0.9003 
      H008.6  2 0.2317 0.1730 0.2725 0.3229 
      H008.7  2 0.0614 0.0935 0.1636 0.6815 
      H008.8  2 0.5091 0.1871 0.1043 0.1995 
      H008.9  2 0.3492 0.0968 0.4946 0.0595 
 H029.1_2002  2 0.0386 0.0249 0.0475 0.8890 
 H029.1_2003  2 0.0444 0.0714 0.0536 0.8307 
 H029.2_2002  2 0.0180 0.0297 0.0225 0.9298 
 H029.2_2003  2 0.0398 0.0606 0.0244 0.8751 
 H029.3_2002  2 0.0264 0.0480 0.0472 0.8784 
 H029.3_2003  2 0.0100 0.0221 0.0189 0.9491 
 H029.4_2002  2 0.0079 0.0140 0.0289 0.9493 
 H029.4_2003  2 0.0260 0.0451 0.0907 0.8382 
 H029.5_2002  2 0.0081 0.0087 0.0168 0.9664 
 H029.5_2003  2 0.0148 0.0296 0.0370 0.9187 
 H029.6_2002  2 0.0114 0.0129 0.0336 0.9421 
 H029.6_2003  2 0.0294 0.0959 0.0465 0.8282 
      H029.7  2 0.0167 0.0151 0.0211 0.9470 
      H030.1  2 0.0214 0.0498 0.0177 0.9111 
      H030.2  2 0.0192 0.0434 0.1743 0.7631 
      H038.1  2 0.0503 0.0200 0.0444 0.8853 
      H038.2  2 0.0127 0.0306 0.0218 0.9349 
      H038.3  2 0.0331 0.0746 0.1539 0.7384 
      H038.4  2 0.0335 0.0370 0.2352 0.6943 
      H038.5  2 0.0073 0.0838 0.0451 0.8638 
      H038.6  2 0.0106 0.0214 0.0153 0.9527 
      H038.7  2 0.0246 0.0531 0.0483 0.8740 
      H038.8  2 0.0184 0.0314 0.2775 0.6726 
      H041.1  2 0.0226 0.0238 0.1351 0.8186 
      H041.2  2 0.0188 0.0166 0.6144 0.3503 
      H041.4  2 0.0492 0.0191 0.1429 0.7888 
      H041.6  2 0.0734 0.0204 0.0762 0.8301 
 H042.1_2002  2 0.0930 0.0659 0.0590 0.7821 
 H042.1_2003  2 0.0790 0.0689 0.6398 0.2123 
 H042.2_2002  2 0.0212 0.0913 0.1648 0.7226 
 H042.2_2003  2 0.1575 0.0571 0.3566 0.4288 
 H042.3_2002  2 0.0744 0.2755 0.1749 0.4751 
 H042.3_2003  2 0.0961 0.2078 0.3303 0.3659 
 H042.4_2002  2 0.0331 0.0286 0.0546 0.8837 
 H042.4_2003  2 0.1107 0.0234 0.0211 0.8449 
      H042.5  2 0.0412 0.0234 0.0142 0.9211 
      H042.6  2 0.0572 0.0275 0.0163 0.8990 
      H042.7  2 0.0818 0.0511 0.2960 0.5711 
      H042.8  2 0.0326 0.0494 0.1437 0.7743 
   H042_2002  2 0.5746 0.0557 0.2996 0.0701 
   H042_2003  2 0.5770 0.0610 0.2930 0.0689 
      H043.1  2 0.1006 0.1367 0.6744 0.0883 
      H043.2  2 0.3390 0.0359 0.5940 0.0311 
      H043.3  2 0.3173 0.2423 0.3166 0.1238 
      H043.4  2 0.4959 0.0441 0.4098 0.0502 
      H043.5  2 0.0517 0.0365 0.8676 0.0443 
      H043.6  2 0.1371 0.0352 0.7250 0.1026 
      H043.7  2 0.5625 0.0248 0.3874 0.0253 
      H043.8  2 0.2652 0.1790 0.4926 0.0633 
      H043.9  2 0.2113 0.1287 0.3983 0.2616 
      H047.1  2 0.1303 0.3719 0.0677 0.4300 
      H047.2  2 0.0347 0.1296 0.0153 0.8204 
      H047.3  2 0.0537 0.2185 0.0443 0.6835 
      H047.4  2 0.0834 0.0695 0.0565 0.7905 
      H047.5  2 0.1717 0.3324 0.0392 0.4567 
      H047.6  2 0.1425 0.1261 0.2756 0.4557 
      H047.7  2 0.0764 0.0997 0.2692 0.5547 
      H047.8  2 0.1925 0.2469 0.1897 0.3710 
      H047.9  2 0.1272 0.3601 0.0315 0.4813 
 H071.1_2002  2 0.0342 0.0206 0.0183 0.9269 
 H071.1_2003  2 0.2719 0.0199 0.0278 0.6804 
     H071.10  2 0.0133 0.0219 0.0152 0.9496 
 H071.2_2002  2 0.0485 0.0406 0.0189 0.8920 
 H071.2_2003  2 0.0171 0.0126 0.0094 0.9608 
      H071.3  2 0.0227 0.0463 0.0375 0.8936 
 H071.4_2002  2 0.0240 0.1318 0.0348 0.8094 
 H071.4_2003  2 0.0148 0.0532 0.0104 0.9216 
 H071.5_2002  2 0.0177 0.0167 0.0106 0.9549 
 H071.5_2003  2 0.0567 0.0984 0.0175 0.8274 
 H071.6_2002  2 0.0272 0.0466 0.0165 0.9097 
 H071.6_2003  2 0.0205 0.0274 0.0098 0.9423 
 H071.7_2002  2 0.0480 0.0165 0.0141 0.9214 
 H071.7_2003  2 0.0525 0.0466 0.0176 0.8833 
      H071.8  2 0.0341 0.0264 0.0184 0.9211 
      H071.9  2 0.0775 0.0719 0.1108 0.7398 
 H081.1_2002  2 0.0242 0.0123 0.0089 0.9546 
 H081.1_2003  2 0.2323 0.0466 0.4104 0.3107 
 H081.2_2002  2 0.1900 0.0113 0.0135 0.7852 
 H081.2_2003  2 0.0812 0.0396 0.0242 0.8550 
 H081.3_2002  2 0.0526 0.0160 0.0173 0.9141 
 H081.3_2003  2 0.4761 0.1865 0.0575 0.2799 
 H081.4_2002  2 0.0188 0.0232 0.0130 0.9450 
 H081.4_2003  2 0.5323 0.0878 0.0680 0.3119 
 H081.5_2002  2 0.0281 0.0140 0.0126 0.9453 
 H081.5_2003  2 0.6140 0.0288 0.0898 0.2675 
      H081.6  2 0.0256 0.0179 0.0164 0.9401 
      H081.7  2 0.0556 0.0158 0.0134 0.9152 
      H081.8  2 0.0376 0.0363 0.0462 0.8799 
      H083.1  2 0.0121 0.0196 0.0127 0.9556 
      H083.2  2 0.0237 0.0254 0.0135 0.9373 
      H083.4  2 0.0239 0.0228 0.0172 0.9361 
      H083.5  2 0.0169 0.0144 0.0214 0.9473 
      H083.6  2 0.0145 0.0263 0.0145 0.9447 
      H083.7  2 0.0158 0.0384 0.0160 0.9298 
      H083.8  2 0.0230 0.0316 0.0125 0.9329 
      H083.9  2 0.0103 0.0107 0.0163 0.9627 
      H084.1  2 0.0311 0.0731 0.5977 0.2981 
      H084.2  2 0.0292 0.1332 0.2269 0.6107 
      H084.3  2 0.0181 0.0230 0.9313 0.0276 
      H084.4  2 0.0208 0.0254 0.9250 0.0288 
      H084.5  2 0.0188 0.0279 0.9100 0.0432 
      H084.6  2 0.0234 0.0158 0.9263 0.0345 
      H084.7  2 0.0243 0.1344 0.2441 0.5971 
      H084.8  2 0.0108 0.0238 0.9369 0.0286 
 H085.1_2002  2 0.3789 0.0121 0.0236 0.5854 
 H085.1_2003  2 0.0236 0.0145 0.0369 0.9250 
 H085.2_2002  2 0.4084 0.0195 0.0578 0.5143 
 H085.2_2003  2 0.0216 0.0289 0.0205 0.9290 
 H085.3_2002  2 0.8029 0.0137 0.0171 0.1663 
 H085.3_2003  2 0.0578 0.0270 0.0191 0.8961 
 H085.4_2002  2 0.4541 0.0233 0.0385 0.4840 
 H085.4_2003  2 0.0464 0.0139 0.0419 0.8977 
 H085.5_2002  2 0.9211 0.0104 0.0194 0.0492 
 H085.5_2003  2 0.0113 0.0146 0.0100 0.9641 
 H085.6_2002  2 0.7596 0.0134 0.0270 0.2001 
 H085.6_2003  2 0.7970 0.0381 0.0498 0.1151 
 H085.7_2002  2 0.5035 0.0168 0.0202 0.4595 
 H085.7_2003  2 0.0718 0.0341 0.0729 0.8211 
 H085.8_2002  2 0.8713 0.0229 0.0371 0.0687 
 H085.8_2003  2 0.0453 0.0219 0.0491 0.8837 
      H085.9  2 0.5845 0.0162 0.0494 0.3499 
      H088.1  2 0.0797 0.0714 0.0422 0.8067 
      H088.2  2 0.1465 0.0571 0.0368 0.7596 
      H088.3  2 0.0462 0.0345 0.0213 0.8980 
      H088.4  2 0.0284 0.0376 0.0319 0.9021 
      H088.5  2 0.0263 0.0256 0.0274 0.9207 
      H088.6  2 0.0204 0.0441 0.0345 0.9010 
      H088.7  2 0.0238 0.0279 0.0615 0.8868 
      H088.8  2 0.0227 0.0599 0.0703 0.8471 
      H091.1  2 0.0231 0.0344 0.0292 0.9134 
      H091.2  2 0.0185 0.0342 0.0274 0.9199 
      H109.1  2 0.0351 0.4224 0.4401 0.1024 
      H109.2  2 0.0873 0.2410 0.2350 0.4367 
      H109.3  2 0.0326 0.4660 0.3715 0.1299 
      H109.4  2 0.0578 0.3380 0.5161 0.0880 
      H109.5  2 0.0546 0.1886 0.1185 0.6383 
      H109.6  2 0.1095 0.3241 0.3889 0.1776 
      H126.1  2 0.7693 0.1624 0.0486 0.0198 
      H126.2  2 0.5076 0.2006 0.0743 0.2175 
      H126.3  2 0.2409 0.1777 0.1997 0.3817 
      H126.4  2 0.5255 0.3422 0.0607 0.0717 
      H126.5  2 0.8076 0.1210 0.0235 0.0479 
      H126.6  2 0.2641 0.0293 0.0290 0.6776 
      H126.7  2 0.0461 0.0495 0.0113 0.8931 
      H130.1  2 0.8751 0.0698 0.0234 0.0317 
      H130.2  2 0.0975 0.1054 0.0259 0.7712 
      H130.3  2 0.1018 0.5830 0.0145 0.3007 
      H130.4  2 0.6292 0.2758 0.0426 0.0524 
      H130.5  2 0.2736 0.0416 0.0199 0.6649 
      H133.1  2 0.1659 0.1900 0.4224 0.2218 
      H133.2  2 0.6328 0.1320 0.0793 0.1559 
      H133.3  2 0.1632 0.1290 0.5001 0.2077 
      H133.4  2 0.1591 0.3046 0.4687 0.0676 
      H133.5  2 0.2825 0.5954 0.0501 0.0720 
      H133.6  2 0.4831 0.2010 0.0377 0.2782 
      H133.7  2 0.1367 0.0438 0.7818 0.0378 
      H133.8  2 0.1645 0.1067 0.6633 0.0656 
      H133.9  2 0.1599 0.2885 0.2987 0.2530 
      H147.1  2 0.1132 0.0127 0.1435 0.7305 
      H147.2  2 0.0249 0.0086 0.0135 0.9531 
      H147.3  2 0.0510 0.0174 0.0144 0.9172 
      H147.4  2 0.0191 0.0125 0.0268 0.9416 
      H147.5  2 0.0193 0.0128 0.0128 0.9551 
      H147.6  2 0.0218 0.0192 0.0178 0.9412 
      H147.7  2 0.0218 0.0159 0.0407 0.9216 
      H147.8  2 0.0091 0.0103 0.0191 0.9614 
      H147.9  2 0.0326 0.0110 0.0142 0.9422 
      H148.1  2 0.3099 0.0772 0.5314 0.0815 
      H148.2  2 0.1471 0.0329 0.7804 0.0396 
      H148.3  2 0.0223 0.0183 0.9413 0.0181 
      H148.4  2 0.2585 0.0401 0.6740 0.0274 
      H148.5  2 0.0392 0.0603 0.8354 0.0650 
      H148.6  2 0.0667 0.0199 0.8683 0.0451 
      H148.7  2 0.0526 0.1507 0.7661 0.0306 
      H148.8  2 0.1366 0.0247 0.8115 0.0273 
      H148.9  2 0.1544 0.1382 0.6802 0.0272 
   H166022.1  2 0.0146 0.0107 0.0174 0.9573 
   H166022.2  2 0.0280 0.0310 0.0264 0.9146 
   H166022.3  2 0.0215 0.0351 0.0187 0.9247 
   H166022.4  2 0.0182 0.0275 0.0122 0.9421 
   H166022.5  2 0.0156 0.0292 0.0101 0.9451 
   H166022.6  2 0.0540 0.0202 0.0276 0.8982 
   H166022.7  2 0.0170 0.9326 0.0385 0.0118 
   H166022.8  2 0.2850 0.0257 0.0225 0.6668 
   H167397.1  2 0.0178 0.0116 0.9492 0.0214 
   H167397.2  2 0.0804 0.0195 0.8541 0.0459 
   H167397.3  2 0.0109 0.0094 0.9689 0.0108 
   H167397.4  2 0.0194 0.0192 0.9221 0.0393 
   H167397.5  2 0.0205 0.0169 0.9318 0.0308 
   H167397.6  2 0.0131 0.0119 0.9569 0.0181 
   H167496.1  2 0.0872 0.3319 0.0797 0.5013 
   H167496.2  2 0.3327 0.1511 0.3695 0.1466 
   H167496.3  2 0.3946 0.0539 0.0276 0.5240 
   H167496.4  2 0.0113 0.0130 0.0096 0.9661 
   H167496.6  2 0.0555 0.0465 0.0232 0.8748 
   H167496.7  2 0.5474 0.2568 0.0739 0.1218 
   H167496.8  2 0.0435 0.0278 0.0266 0.9021 
   H167513.1  2 0.2818 0.2158 0.4367 0.0657 
   H167513.2  2 0.1558 0.0637 0.7579 0.0226 
   H167513.3  2 0.0386 0.8226 0.0606 0.0783 
   H167513.4  2 0.1640 0.2697 0.2610 0.3053 
   H167513.5  2 0.1544 0.0424 0.7604 0.0429 
   H167513.6  2 0.4087 0.1452 0.2764 0.1696 
   H167513.7  2 0.0706 0.3539 0.2149 0.3606 
   H167513.8  2 0.0427 0.6362 0.2818 0.0393 
   H167547.1  2 0.1716 0.0544 0.7504 0.0236 
   H167547.2  2 0.0368 0.0352 0.8939 0.0342 
   H167547.3  2 0.0459 0.0222 0.8886 0.0433 
   H167547.4  2 0.3072 0.0934 0.2584 0.3410 
   H167547.5  2 0.0425 0.0293 0.8384 0.0898 
   H167547.6  2 0.0355 0.0273 0.8372 0.0999 
   H167547.7  2 0.5189 0.2013 0.2094 0.0704 
   H169750.1  2 0.2039 0.6589 0.0434 0.0938 
   H169750.2  2 0.2281 0.2123 0.3533 0.2063 
   H169750.3  2 0.1787 0.6825 0.0219 0.1169 
   H169750.4  2 0.2419 0.2443 0.4654 0.0484 
   H169750.5  2 0.1483 0.4999 0.0425 0.3094 
   H169750.6  2 0.1237 0.2657 0.0306 0.5800 
   H169750.7  2 0.2200 0.5979 0.1201 0.0621 
   H171929.1  2 0.1389 0.0173 0.8167 0.0271 
  H171929.10  2 0.1341 0.0208 0.4928 0.3523 
  H171929.11  2 0.1332 0.0432 0.7817 0.0420 
   H171929.2  2 0.3212 0.2992 0.3326 0.0470 
   H171929.3  2 0.0814 0.0779 0.7770 0.0637 
   H171929.4  2 0.5156 0.1883 0.0303 0.2657 
   H171929.5  2 0.0762 0.1787 0.6586 0.0865 
   H171929.6  2 0.0791 0.1398 0.7357 0.0453 
   H171929.7  2 0.8411 0.0653 0.0626 0.0310 
   H171929.8  2 0.8526 0.0445 0.0688 0.0340 
   H171929.9  2 0.6930 0.0688 0.0172 0.2210 
   H171930.1  2 0.0249 0.6790 0.2575 0.0386 
   H171930.2  2 0.0531 0.5173 0.0877 0.3418 
   H171930.3  2 0.0163 0.6065 0.3378 0.0394 
   H171930.4  2 0.0176 0.7249 0.1579 0.0995 
   H171930.5  2 0.0768 0.7052 0.1065 0.1116 
   H171930.6  2 0.0175 0.5819 0.0881 0.3125 
   H171930.7  2 0.0323 0.4022 0.5348 0.0307 
   H171930.8  2 0.0558 0.2804 0.6003 0.0635 
   H171933.1  2 0.0291 0.0423 0.0733 0.8553 
   H171933.2  2 0.0672 0.0339 0.2277 0.6711 
   H171933.3  2 0.0689 0.1259 0.0768 0.7283 
   H171933.4  2 0.3009 0.1352 0.0318 0.5321 
   H171933.5  2 0.3356 0.4552 0.0953 0.1139 
   H171933.6  2 0.0134 0.0244 0.0125 0.9496 
   H171933.7  2 0.0750 0.0413 0.0586 0.8250 
   H171933.8  2 0.1950 0.0585 0.1514 0.5951 
   H171933.9  2 0.0294 0.0978 0.0155 0.8573 
      H190.1  2 0.0804 0.7389 0.0220 0.1587 
      H190.2  2 0.4954 0.0776 0.3509 0.0762 
      H190.3  2 0.4359 0.1440 0.1834 0.2366 
      H190.4  2 0.1264 0.4677 0.0230 0.3829 
      H190.5  2 0.5130 0.1556 0.1755 0.1559 
      H190.6  2 0.1780 0.3345 0.0249 0.4626 
      H190.7  2 0.7902 0.0425 0.0538 0.1135 
      H190.8  2 0.5590 0.2955 0.0589 0.0866 
      H190.9  2 0.6960 0.0648 0.1888 0.0504 
      H400.1  2 0.0246 0.0176 0.0149 0.9429 
      H400.2  2 0.0109 0.0124 0.0136 0.9631 
      H400.3  2 0.0315 0.0631 0.0207 0.8846 
      H400.4  2 0.0157 0.0243 0.0139 0.9461 
      H400.5  2 0.0156 0.0526 0.0177 0.9141 
      H400.6  2 0.0199 0.0120 0.0102 0.9579 
      H400.7  2 0.0204 0.0212 0.0119 0.9465 
 H428.1_2005  2 0.0265 0.0457 0.0290 0.8988 
 H428.1_2006  2 0.0199 0.0196 0.0118 0.9487 
 H428.2_2005  2 0.0334 0.0223 0.0290 0.9153 
 H428.2_2006  2 0.0131 0.0146 0.0113 0.9609 
 H428.3_2005  2 0.0153 0.0283 0.0118 0.9447 
 H428.3_2006  2 0.0141 0.0204 0.0177 0.9478 
 H428.4_2005  2 0.0126 0.0618 0.0177 0.9079 
 H428.4_2006  2 0.0129 0.0137 0.0097 0.9637 
 H428.5_2005  2 0.0148 0.0128 0.0264 0.9460 
 H428.6_2005  2 0.0391 0.0565 0.0147 0.8897 
 H428.6_2006  2 0.0163 0.0345 0.0144 0.9348 
      H428.7  2 0.0126 0.0112 0.0082 0.9680 
      H428.8  2 0.0117 0.0210 0.0162 0.9511 
      H428.9  2 0.0225 0.0112 0.0264 0.9400 
      H453.1  2 0.0151 0.0276 0.0113 0.9459 
      H453.2  2 0.0346 0.0527 0.0137 0.8991 
      H453.3  2 0.0298 0.0182 0.0085 0.9434 
      H453.4  2 0.0229 0.0357 0.0077 0.9336 
      H453.5  2 0.0117 0.0192 0.0088 0.9604 
      H453.6  2 0.0075 0.0158 0.0081 0.9686 
      H453.7  2 0.6110 0.0256 0.0132 0.3501 
      H453.8  2 0.2486 0.0347 0.0262 0.6905 
      H453.9  2 0.0532 0.0221 0.0089 0.9157 
      H512.1  2 0.0390 0.0547 0.0141 0.8922 
     H512.10  2 0.0599 0.1975 0.1863 0.5563 
      H512.2  2 0.1479 0.2575 0.0923 0.5022 
      H512.3  2 0.0335 0.8027 0.0686 0.0952 
      H512.4  2 0.0383 0.0433 0.0543 0.8642 
      H512.5  2 0.0207 0.9065 0.0315 0.0412 
      H512.6  2 0.2294 0.6246 0.0290 0.1169 
      H512.7  2 0.0172 0.8614 0.0360 0.0853 
      H512.8  2 0.1145 0.5291 0.1449 0.2114 
      H512.9  2 0.0520 0.6095 0.0576 0.2809 
      H513.1  2 0.0118 0.0096 0.0211 0.9576 
      H513.2  2 0.0159 0.0125 0.0308 0.9408 
      H513.3  2 0.0152 0.0220 0.0120 0.9507 
      H513.4  2 0.0127 0.0237 0.0130 0.9506 
      H513.5  2 0.0112 0.0246 0.0150 0.9492 
      H513.6  2 0.0424 0.0500 0.4342 0.4734 
      H532.1  2 0.0274 0.0641 0.0180 0.8906 
      H532.2  2 0.0447 0.0165 0.0152 0.9236 
      H532.3  2 0.0424 0.0290 0.0128 0.9159 
      H532.4  2 0.0395 0.0142 0.0164 0.9299 
      H532.5  2 0.0193 0.0418 0.0170 0.9219 
      H532.6  2 0.0360 0.0207 0.0147 0.9286 
      H532.7  2 0.0123 0.0210 0.0143 0.9523 
      H532.8  2 0.0214 0.0676 0.0304 0.8806 
      H543.1  2 0.0104 0.0103 0.9658 0.0135 
      H543.2  2 0.0147 0.0250 0.9167 0.0436 
      H543.3  2 0.0106 0.0100 0.9530 0.0265 
      H543.4  2 0.0108 0.0079 0.9709 0.0105 
      H543.5  2 0.0092 0.0102 0.9685 0.0121 
      H543.6  2 0.0318 0.0179 0.9298 0.0205 
      H543.7  2 0.0103 0.0076 0.9738 0.0083 
      H543.8  2 0.0243 0.0307 0.8814 0.0636 
      H543.9  2 0.0140 0.0133 0.9568 0.0159 
 H545.1_2005  2 0.0114 0.0108 0.9682 0.0095 
 H545.1_2006  2 0.0085 0.0095 0.9723 0.0097 
 H545.2_2005  2 0.0104 0.0261 0.9512 0.0123 
 H545.2_2006  2 0.0115 0.0183 0.9562 0.0141 
 H545.3_2005  2 0.0165 0.0231 0.9486 0.0117 
 H545.3_2006  2 0.0098 0.0136 0.9627 0.0139 
 H545.4_2005  2 0.0129 0.0117 0.9641 0.0112 
 H545.4_2006  2 0.0100 0.0099 0.9725 0.0076 
 H545.5_2005  2 0.0116 0.0211 0.9360 0.0313 
 H545.5_2006  2 0.0127 0.0263 0.9410 0.0200 
 H545.6_2005  2 0.0093 0.0151 0.9635 0.0121 
 H545.6_2006  2 0.0111 0.0124 0.9660 0.0105 
 H545.7_2005  2 0.0152 0.0356 0.9294 0.0199 
 H545.7_2006  2 0.0101 0.0163 0.9566 0.0170 
 H545.8_2005  2 0.0158 0.0194 0.9368 0.0280 
 H545.8_2006  2 0.0120 0.0150 0.9598 0.0132 
      H545.9  2 0.0142 0.0234 0.9480 0.0144 
      H547.1  2 0.1190 0.0579 0.0644 0.7587 
      H547.2  2 0.0379 0.0127 0.3922 0.5573 
      H547.3  2 0.4597 0.0909 0.0970 0.3524 
      H547.4  2 0.1868 0.0447 0.1481 0.6204 
      H547.5  2 0.1155 0.0255 0.4649 0.3941 
      H547.6  2 0.0322 0.0189 0.0827 0.8662 
      H547.7  2 0.2104 0.0645 0.0979 0.6273 
      H547.8  2 0.1282 0.0544 0.0951 0.7224 
      H548.1  2 0.0117 0.0175 0.9597 0.0111 
      H548.2  2 0.0171 0.0148 0.9562 0.0118 
      H548.3  2 0.0215 0.0208 0.9394 0.0183 
      H548.4  2 0.0585 0.0811 0.8252 0.0352 
      H548.5  2 0.0086 0.0077 0.9754 0.0083 
      H548.6  2 0.0116 0.0210 0.9595 0.0079 
      H548.7  2 0.0145 0.0159 0.9528 0.0168 
      H548.8  2 0.0121 0.0145 0.9566 0.0168 
      H548.9  2 0.0200 0.0270 0.9341 0.0188 
     H7389.1  2 0.0165 0.0186 0.0313 0.9335 
     H7389.2  2 0.0116 0.0146 0.1557 0.8181 
     H7389.3  2 0.0130 0.0240 0.1825 0.7805 
     H7389.4  2 0.0127 0.0208 0.0227 0.9438 
     H7389.5  2 0.0149 0.0496 0.0162 0.9193 
     H7389.6  2 0.0101 0.2272 0.0145 0.7482 
     H7389.7  2 0.0130 0.0421 0.1040 0.8409 
     H7389.8  2 0.0331 0.0465 0.2877 0.6328 
     H7389.9  2 0.0134 0.0250 0.0321 0.9295 
      H747.1  2 0.0848 0.7865 0.0680 0.0607 
      H747.2  2 0.0307 0.9139 0.0414 0.0139 
      H747.3  2 0.0606 0.8700 0.0317 0.0377 
      H747.4  2 0.0361 0.9131 0.0263 0.0245 
      H747.5  2 0.0275 0.9341 0.0206 0.0178 
      H747.6  2 0.0649 0.6803 0.2279 0.0269 
      H747.7  2 0.0568 0.8790 0.0409 0.0233 
     H7484.1  2 0.2548 0.0451 0.0204 0.6797 
     H7484.2  2 0.6599 0.0692 0.0313 0.2396 
     H7484.3  2 0.5818 0.1267 0.0708 0.2208 
     H7484.4  2 0.3756 0.0535 0.0260 0.5449 
     H7484.5  2 0.2561 0.1926 0.0608 0.4904 
     H7484.6  2 0.2566 0.6791 0.0237 0.0406 
     H7484.7  2 0.7320 0.1431 0.0123 0.1125 
     H7484.8  2 0.1591 0.1159 0.0200 0.7050 
     H7485.1  2 0.0284 0.0132 0.9405 0.0178 
     H7485.2  2 0.0231 0.0160 0.9285 0.0325 
     H7485.3  2 0.0091 0.0087 0.9751 0.0070 
     H7485.4  2 0.0237 0.0174 0.9364 0.0225 
     H7485.5  2 0.0263 0.0098 0.9465 0.0174 
     H7485.6  2 0.0378 0.0201 0.9035 0.0385 
     H7485.7  2 0.0153 0.0113 0.9616 0.0118 
     H7496.1  2 0.0375 0.0428 0.0122 0.9075 
    H7496.10  2 0.0131 0.0109 0.0098 0.9663 
    H7496.11  2 0.0114 0.0129 0.9475 0.0282 
     H7496.2  2 0.0321 0.0245 0.0139 0.9295 
     H7496.3  2 0.1452 0.0464 0.0249 0.7835 
     H7496.4  2 0.0239 0.0193 0.0233 0.9335 
     H7496.5  2 0.0328 0.0390 0.0172 0.9110 
     H7496.6  2 0.0450 0.0418 0.0099 0.9032 
     H7496.7  2 0.0213 0.0161 0.0115 0.9510 
     H7496.8  2 0.1825 0.0227 0.0318 0.7630 
        UNK4  2 0.1077 0.0744 0.2434 0.5745 
        UNK5  2 0.0398 0.0127 0.1017 0.8458 
        UNK6  2 0.0403 0.0487 0.1388 0.7722 
        UNK7  2 0.0270 0.0124 0.1717 0.7888 
        UNK8  2 0.0650 0.0121 0.2550 0.6680 
        UNK9  2 0.0180 0.0411 0.1435 0.7974 
      H009.1  4 0.9587 0.0193 0.0124 0.0095 
      H009.2  4 0.9126 0.0648 0.0091 0.0135 
      H009.3  4 0.9611 0.0175 0.0089 0.0125 
      H009.4  4 0.9172 0.0596 0.0114 0.0118 
      H009.5  4 0.9322 0.0403 0.0177 0.0098 
      H009.6  4 0.9570 0.0144 0.0163 0.0123 
      H046.4  4 0.2857 0.2591 0.0746 0.3805 
      H046.8  4 0.2955 0.4330 0.2079 0.0636 
 H076.1_2002  4 0.0140 0.0148 0.9520 0.0192 
 H076.1_2003  4 0.0098 0.0113 0.9721 0.0068 
 H076.1_2004  4 0.0175 0.0132 0.9566 0.0127 
 H076.2_2002  4 0.0121 0.0194 0.9530 0.0155 
 H076.2_2003  4 0.0113 0.0094 0.9719 0.0075 
 H076.2_2004  4 0.1934 0.1403 0.6238 0.0425 
 H076.3_2002  4 0.6297 0.2692 0.0549 0.0462 
 H076.3_2003  4 0.0099 0.0154 0.9632 0.0115 
 H076.3_2004  4 0.0184 0.0095 0.9568 0.0154 
 H076.4_2002  4 0.2434 0.0812 0.6135 0.0619 
 H076.4_2003  4 0.0303 0.0253 0.9320 0.0125 
 H076.4_2004  4 0.5322 0.1593 0.2332 0.0753 
 H076.5_2002  4 0.0379 0.0349 0.8798 0.0474 
 H076.5_2003  4 0.0191 0.0223 0.9421 0.0165 
 H076.5_2004  4 0.1464 0.0358 0.7545 0.0633 
 H076.6_2002  4 0.0342 0.0190 0.9256 0.0212 
 H076.6_2003  4 0.0156 0.0100 0.9639 0.0106 
 H076.6_2004  4 0.0615 0.0245 0.8960 0.0180 
 H076.7_2002  4 0.5157 0.2595 0.0640 0.1608 
 H076.7_2003  4 0.0575 0.0757 0.8289 0.0380 
 H076.7_2004  4 0.0854 0.0682 0.8252 0.0212 
      H477.1  4 0.0293 0.8698 0.0146 0.0863 
      H477.2  4 0.0326 0.9243 0.0115 0.0316 
      H477.3  4 0.0328 0.8353 0.0204 0.1116 
      H477.4  4 0.0262 0.9058 0.0283 0.0397 
      H477.5  4 0.0551 0.8689 0.0336 0.0423 
      H477.6  4 0.0299 0.9286 0.0159 0.0257 
      H477.7  4 0.0512 0.7393 0.1599 0.0497 
 H479.1_2005  4 0.0777 0.2471 0.0135 0.6617 
 H479.1_2006  4 0.0343 0.7684 0.1324 0.0648 
     H479.10  4 0.0454 0.7094 0.0885 0.1567 
 H479.2_2005  4 0.2701 0.0476 0.0571 0.6253 
 H479.2_2006  4 0.0282 0.8523 0.0184 0.1011 
 H479.3_2005  4 0.0157 0.8314 0.0159 0.1371 
 H479.3_2006  4 0.0293 0.8668 0.0196 0.0843 
 H479.4_2005  4 0.0538 0.8646 0.0230 0.0586 
 H479.4_2006  4 0.0446 0.5194 0.0155 0.4205 
 H479.5_2005  4 0.1421 0.1659 0.1289 0.5631 
 H479.5_2006  4 0.0141 0.8979 0.0106 0.0773 
 H479.6_2005  4 0.0287 0.7776 0.1206 0.0730 
 H479.6_2006  4 0.0168 0.1293 0.0193 0.8347 
 H479.7_2005  4 0.0467 0.2597 0.0273 0.6662 
 H479.7_2006  4 0.0197 0.6886 0.0257 0.2659 
 H479.8_2005  4 0.0163 0.1864 0.0125 0.7849 
 H479.8_2006  4 0.0261 0.6629 0.2916 0.0193 
      H479.9  4 0.0234 0.9464 0.0154 0.0148 
      H516.1  4 0.4707 0.4481 0.0484 0.0327 
      H516.2  4 0.0358 0.9304 0.0168 0.0169 
      H516.3  4 0.1776 0.7893 0.0189 0.0142 
      H516.4  4 0.0836 0.8799 0.0221 0.0144 
      H516.5  4 0.1698 0.7681 0.0437 0.0183 
      H516.6  4 0.0224 0.9543 0.0146 0.0087 
      H516.7  4 0.0135 0.9466 0.0160 0.0239 
      H516.8  4 0.3058 0.6538 0.0259 0.0145 
      H516.9  4 0.0225 0.9464 0.0129 0.0182 
      H646.1  4 0.7209 0.2246 0.0256 0.0289 
      H646.2  4 0.6316 0.3118 0.0380 0.0186 
      H646.3  4 0.7425 0.2258 0.0128 0.0190 
      H646.4  4 0.3043 0.5384 0.1251 0.0322 
      H646.5  4 0.2820 0.6685 0.0231 0.0264 
      H658.1  4 0.0737 0.8033 0.1061 0.0168 
     H658.10  4 0.0307 0.9453 0.0102 0.0139 
      H658.2  4 0.0478 0.8464 0.0877 0.0181 
      H658.3  4 0.0289 0.8883 0.0462 0.0366 
      H658.4  4 0.0530 0.8992 0.0177 0.0301 
      H658.5  4 0.0156 0.9616 0.0070 0.0158 
      H658.6  4 0.0652 0.9011 0.0170 0.0167 
      H658.7  4 0.1017 0.8328 0.0486 0.0170 
      H658.8  4 0.2659 0.5379 0.1806 0.0155 
      H658.9  4 0.0328 0.9255 0.0254 0.0162 
      H682.1  4 0.1922 0.2904 0.0371 0.4802 
      H682.6  4 0.5289 0.1941 0.0721 0.2048 
      H720.1  4 0.0260 0.7576 0.0301 0.1863 
      H720.2  4 0.0322 0.8794 0.0175 0.0708 
      H720.3  4 0.0533 0.6268 0.2150 0.1049 
      H720.4  4 0.0356 0.8860 0.0316 0.0468 
      H720.5  4 0.0541 0.4184 0.4284 0.0992 
      H720.6  4 0.0474 0.4427 0.4219 0.0880 
      H720.7  4 0.0264 0.9048 0.0139 0.0549 
      H720.8  4 0.0584 0.4411 0.0704 0.4301 
      H720.9  4 0.7725 0.0658 0.0365 0.1252 
      H724.1  4 0.0628 0.0228 0.8886 0.0258 
      H724.2  4 0.0501 0.0710 0.8075 0.0714 
      H724.3  4 0.0917 0.7218 0.0307 0.1558 
      H724.4  4 0.0948 0.1472 0.7225 0.0355 
      H724.5  4 0.2943 0.4511 0.0248 0.2298 
      H724.6  4 0.0319 0.0271 0.9137 0.0273 
      H725.1  4 0.7416 0.0757 0.0333 0.1494 
      H725.2  4 0.8395 0.0433 0.0170 0.1002 
      H725.3  4 0.7459 0.1480 0.0298 0.0763 
      H725.4  4 0.4168 0.0344 0.1257 0.4231 
      H725.5  4 0.0445 0.3857 0.0461 0.5237 
      H725.6  4 0.1341 0.6224 0.2066 0.0369 
      H725.7  4 0.6337 0.2029 0.0474 0.1159 
      H725.8  4 0.1321 0.1304 0.7156 0.0219 
      H726.1  4 0.1365 0.8260 0.0245 0.0131 
      H726.2  4 0.0819 0.8623 0.0184 0.0373 
      H726.3  4 0.4136 0.4957 0.0676 0.0231 
      H726.4  4 0.0204 0.9528 0.0166 0.0102 
      H726.5  4 0.1018 0.8603 0.0127 0.0252 
        UNK1  4 0.3954 0.4821 0.0207 0.1018 
        UNK2  4 0.8451 0.0611 0.0334 0.0604 
        UNK3  4 0.4695 0.4045 0.0166 0.1095 
      H016.1  5 0.0514 0.0830 0.8203 0.0454 
      H016.2  5 0.2200 0.0933 0.4934 0.1933 
      H016.3  5 0.1428 0.3374 0.4903 0.0294 
      H016.4  5 0.1305 0.0939 0.5551 0.2205 
 H017.1_2002  5 0.6653 0.2546 0.0562 0.0239 
 H017.1_2003  5 0.0362 0.8776 0.0614 0.0248 
 H017.2_2002  5 0.5083 0.1728 0.2792 0.0397 
 H017.2_2003  5 0.0148 0.9642 0.0093 0.0117 
 H017.3_2002  5 0.5629 0.1719 0.2458 0.0193 
 H017.3_2003  5 0.8867 0.0358 0.0521 0.0254 
 H017.4_2002  5 0.8570 0.0193 0.0807 0.0430 
 H017.4_2003  5 0.0631 0.8954 0.0284 0.0132 
 H017.5_2002  5 0.2844 0.0571 0.6468 0.0117 
 H017.5_2003  5 0.0965 0.8661 0.0245 0.0129 
 H017.6_2002  5 0.6212 0.0221 0.2963 0.0604 
 H017.6_2003  5 0.0964 0.8657 0.0225 0.0153 
 H017.7_2002  5 0.5442 0.0413 0.3457 0.0688 
 H017.7_2003  5 0.0267 0.9523 0.0102 0.0108 
      H017.8  5 0.6058 0.1150 0.2520 0.0272 
      H017.9  5 0.3769 0.0758 0.4753 0.0720 
      H032.1  5 0.0142 0.9576 0.0152 0.0129 
      H032.2  5 0.0112 0.9647 0.0136 0.0105 
      H032.3  5 0.0146 0.9451 0.0187 0.0216 
      H032.4  5 0.0289 0.9365 0.0192 0.0154 
      H032.5  5 0.0339 0.9311 0.0187 0.0162 
      H032.6  5 0.0291 0.9372 0.0186 0.0151 
      H032.7  5 0.0393 0.9190 0.0271 0.0146 
 H034.1_2002  5 0.9178 0.0195 0.0410 0.0217 
 H034.1_2003  5 0.9525 0.0228 0.0130 0.0118 
 H034.2_2002  5 0.8165 0.0292 0.1323 0.0220 
 H034.2_2003  5 0.9279 0.0268 0.0197 0.0256 
 H034.3_2002  5 0.8543 0.0339 0.0857 0.0261 
 H034.3_2003  5 0.9401 0.0227 0.0151 0.0221 
 H034.4_2002  5 0.6841 0.0229 0.2563 0.0366 
 H034.4_2003  5 0.9154 0.0406 0.0307 0.0133 
 H034.5_2002  5 0.8340 0.0397 0.1141 0.0121 
 H034.5_2003  5 0.6437 0.2071 0.1270 0.0221 
 H034.6_2002  5 0.8321 0.0216 0.1212 0.0250 
 H034.6_2003  5 0.8510 0.0948 0.0395 0.0147 
 H034.7_2002  5 0.9476 0.0232 0.0160 0.0132 
 H034.7_2003  5 0.8324 0.1176 0.0375 0.0124 
 H034.8_2002  5 0.9070 0.0240 0.0484 0.0206 
 H034.8_2003  5 0.7551 0.0504 0.1842 0.0103 
      H034.9  5 0.8666 0.0338 0.0527 0.0470 
      H048.1  5 0.0146 0.9362 0.0239 0.0252 
      H048.2  5 0.0649 0.2030 0.1132 0.6190 
      H048.3  5 0.0504 0.1651 0.6541 0.1304 
      H048.4  5 0.0312 0.0824 0.4881 0.3983 
      H048.5  5 0.0209 0.8957 0.0251 0.0583 
      H048.6  5 0.0454 0.1155 0.4887 0.3505 
      H048.7  5 0.0209 0.8177 0.0690 0.0925 
      H048.8  5 0.0867 0.3491 0.4811 0.0831 
      H060.1  5 0.9274 0.0152 0.0376 0.0198 
     H060.10  5 0.9670 0.0105 0.0143 0.0082 
      H060.2  5 0.9386 0.0199 0.0170 0.0245 
      H060.3  5 0.9707 0.0087 0.0124 0.0082 
      H060.4  5 0.9194 0.0244 0.0314 0.0249 
      H060.5  5 0.9298 0.0112 0.0447 0.0143 
      H060.6  5 0.9427 0.0095 0.0365 0.0113 
      H060.7  5 0.9185 0.0210 0.0248 0.0357 
      H060.8  5 0.9179 0.0218 0.0347 0.0256 
      H060.9  5 0.9318 0.0161 0.0407 0.0115 
 H070.1_2002  5 0.7269 0.0242 0.0697 0.1792 
 H070.1_2003  5 0.9252 0.0203 0.0312 0.0234 
 H070.1_2004  5 0.8309 0.0304 0.1240 0.0147 
 H070.2_2002  5 0.7316 0.0280 0.1123 0.1281 
 H070.2_2003  5 0.8226 0.0351 0.0864 0.0559 
 H070.2_2004  5 0.9254 0.0227 0.0417 0.0101 
 H070.3_2002  5 0.8848 0.0236 0.0567 0.0349 
 H070.3_2003  5 0.9277 0.0468 0.0141 0.0114 
 H070.3_2004  5 0.9287 0.0150 0.0399 0.0164 
 H070.4_2002  5 0.9273 0.0253 0.0254 0.0221 
 H070.4_2003  5 0.8714 0.0470 0.0532 0.0283 
 H070.4_2004  5 0.8804 0.0297 0.0303 0.0596 
 H070.5_2002  5 0.8365 0.0160 0.0376 0.1100 
 H070.5_2003  5 0.9195 0.0419 0.0261 0.0125 
 H070.5_2004  5 0.8662 0.0145 0.1063 0.0130 
 H070.6_2002  5 0.9120 0.0226 0.0195 0.0460 
 H070.6_2003  5 0.9455 0.0262 0.0134 0.0149 
 H070.6_2004  5 0.9366 0.0154 0.0239 0.0242 
      H077.1  5 0.9438 0.0232 0.0207 0.0123 
      H077.2  5 0.3682 0.3408 0.2380 0.0530 
      H077.3  5 0.8706 0.0589 0.0519 0.0186 
      H077.4  5 0.8984 0.0467 0.0371 0.0178 
      H077.5  5 0.1752 0.2914 0.5015 0.0319 
      H077.6  5 0.8422 0.1028 0.0428 0.0122 
      H097.1  5 0.6246 0.0657 0.0441 0.2657 
      H097.2  5 0.1967 0.0515 0.0432 0.7086 
      H097.3  5 0.4135 0.4327 0.0519 0.1019 
      H097.4  5 0.5303 0.1386 0.0230 0.3081 
      H097.5  5 0.7231 0.2045 0.0119 0.0605 
      H097.6  5 0.1265 0.0546 0.0270 0.7919 
      H097.7  5 0.4659 0.0726 0.0238 0.4377 
      H124.1  5 0.1275 0.1655 0.0927 0.6144 
      H124.2  5 0.1007 0.4542 0.2757 0.1695 
      H124.3  5 0.0397 0.2995 0.2695 0.3913 
      H124.4  5 0.3586 0.1863 0.2267 0.2284 
      H124.5  5 0.0617 0.2709 0.4632 0.2042 
      H132.1  5 0.5127 0.0314 0.3821 0.0738 
      H132.2  5 0.0680 0.0560 0.8479 0.0281 
      H132.3  5 0.3080 0.0407 0.6196 0.0318 
      H132.4  5 0.3244 0.0867 0.4414 0.1476 
      H132.5  5 0.0221 0.0175 0.9442 0.0161 
      H132.6  5 0.0163 0.0171 0.9510 0.0155 
      H132.7  5 0.1353 0.0540 0.2210 0.5897 
      H155.1  5 0.0524 0.0735 0.1292 0.7450 
      H155.2  5 0.1119 0.0880 0.1084 0.6917 
      H155.3  5 0.0379 0.0548 0.0198 0.8874 
      H155.4  5 0.0254 0.0197 0.0892 0.8656 
      H155.5  5 0.0243 0.1867 0.1369 0.6522 
      H155.6  5 0.0354 0.0797 0.1669 0.7179 
      H155.7  5 0.0688 0.1867 0.2120 0.5324 
      H155.8  5 0.0362 0.0289 0.0586 0.8764 
      H155.9  5 0.0345 0.5903 0.0414 0.3337 
      H169.1  5 0.4924 0.4306 0.0531 0.0239 
      H169.2  5 0.9195 0.0401 0.0276 0.0128 
      H169.3  5 0.7144 0.2420 0.0255 0.0181 
      H169.4  5 0.8320 0.0864 0.0676 0.0140 
      H169.5  5 0.6779 0.1839 0.1063 0.0319 
      H169.6  5 0.7657 0.1545 0.0562 0.0236 
      H457.1  5 0.0670 0.0300 0.0252 0.8778 
      H457.2  5 0.0430 0.0202 0.0136 0.9232 
      H457.3  5 0.4379 0.0507 0.0163 0.4952 
      H457.4  5 0.2312 0.2150 0.0506 0.5033 
      H457.5  5 0.0966 0.5593 0.0382 0.3059 
      H457.6  5 0.2079 0.2407 0.0367 0.5148 
      H457.7  5 0.8525 0.0220 0.0310 0.0945 
      H457.8  5 0.1130 0.2662 0.0168 0.6040 
      H462.1  5 0.4994 0.1866 0.0919 0.2221 
      H462.2  5 0.6337 0.0732 0.0711 0.2220 
      H462.3  5 0.3664 0.3483 0.0454 0.2398 
      H462.4  5 0.5932 0.1327 0.2147 0.0595 
      H462.5  5 0.3167 0.2247 0.3042 0.1544 
      H462.6  5 0.5946 0.2602 0.0494 0.0958 
      H462.7  5 0.3226 0.3378 0.0239 0.3158 
      H462.8  5 0.9290 0.0348 0.0196 0.0167 
      H462.9  5 0.3998 0.3784 0.0434 0.1783 
      H481.1  5 0.9411 0.0228 0.0243 0.0119 
      H481.2  5 0.7157 0.0697 0.1884 0.0262 
      H481.3  5 0.8466 0.0320 0.0927 0.0287 
      H481.4  5 0.8477 0.0457 0.0833 0.0234 
      H481.5  5 0.8289 0.0280 0.1177 0.0253 
      H481.6  5 0.8870 0.0205 0.0129 0.0796 
      H481.7  5 0.8915 0.0286 0.0207 0.0592 
      H481.8  5 0.9253 0.0299 0.0118 0.0330 
      H509.1  5 0.0755 0.8256 0.0532 0.0457 
      H509.2  5 0.0846 0.8123 0.0219 0.0813 
      H509.3  5 0.0561 0.8419 0.0154 0.0866 
      H509.4  5 0.0372 0.7087 0.0335 0.2206 
      H509.5  5 0.0603 0.6142 0.0173 0.3081 
      H509.6  5 0.0640 0.7338 0.0573 0.1450 
      H509.7  5 0.0294 0.7395 0.0215 0.2096 
      H567.1  5 0.0230 0.9150 0.0107 0.0512 
      H567.2  5 0.2086 0.3172 0.0296 0.4447 
      H567.3  5 0.0940 0.7577 0.0344 0.1139 
      H567.4  5 0.0451 0.1280 0.0298 0.7971 
      H567.5  5 0.0290 0.9046 0.0129 0.0535 
      H567.6  5 0.0369 0.8782 0.0250 0.0600 
      H567.7  5 0.0972 0.3668 0.0402 0.4958 
      H567.8  5 0.0310 0.8117 0.0334 0.1239 
      H608.1  5 0.3006 0.2596 0.1713 0.2685 
      H608.2  5 0.3425 0.3085 0.1404 0.2087 
      H608.3  5 0.2823 0.2942 0.1407 0.2828 
      H608.4  5 0.2499 0.4302 0.0270 0.2929 
      H608.5  5 0.2328 0.4910 0.0353 0.2409 
      H608.6  5 0.4359 0.3112 0.1486 0.1043 
      H608.7  5 0.0443 0.2620 0.1240 0.5696 
      H608.8  5 0.2478 0.3697 0.1467 0.2358 
      H615.1  5 0.6692 0.0686 0.2451 0.0172 
      H615.2  5 0.7589 0.1582 0.0512 0.0317 
      H615.3  5 0.9550 0.0192 0.0112 0.0146 
      H615.4  5 0.8323 0.1174 0.0177 0.0326 
      H615.5  5 0.9423 0.0161 0.0290 0.0126 
      H615.6  5 0.9691 0.0102 0.0111 0.0096 
      H635.1  5 0.8425 0.0959 0.0324 0.0292 
      H635.2  5 0.3427 0.2070 0.0650 0.3854 
      H635.3  5 0.2101 0.1981 0.1458 0.4460 
      H635.4  5 0.4808 0.1266 0.1314 0.2612 
      H635.5  5 0.3680 0.4468 0.0646 0.1206 
      H635.6  5 0.6617 0.0567 0.2126 0.0690 
      H635.7  5 0.4153 0.4321 0.0788 0.0738 
      H635.8  5 0.3959 0.0285 0.0187 0.5569 
      H635.9  5 0.5706 0.1827 0.0655 0.1811 
      H728.1  5 0.0144 0.9270 0.0427 0.0159 
      H728.2  5 0.0396 0.7948 0.1273 0.0383 
      H728.3  5 0.0608 0.8679 0.0345 0.0369 
      H728.4  5 0.0250 0.7949 0.1517 0.0283 
      H728.5  5 0.0239 0.9322 0.0266 0.0173 
      H728.6  5 0.0192 0.8951 0.0719 0.0138 
      H728.7  5 0.3845 0.1577 0.2019 0.2558 
 H7395.1_200  5 0.1772 0.1379 0.4458 0.2390 
 H7395.1_200  5 0.0271 0.9091 0.0441 0.0196 
     H7395.2  5 0.0245 0.8903 0.0687 0.0165 
     H7395.3  5 0.0284 0.9041 0.0159 0.0517 
     H7395.4  5 0.0420 0.9128 0.0201 0.0251 
     H7395.5  5 0.0116 0.9357 0.0225 0.0302 
     H7395.6  5 0.0231 0.9321 0.0131 0.0317 
     H7395.7  5 0.0223 0.8566 0.0609 0.0601 
     H7395.8  5 0.0282 0.6327 0.3019 0.0372 
     H7395.9  5 0.0867 0.7511 0.1146 0.0477 
      H742.1  5 0.0895 0.7920 0.0445 0.0740 
      H742.2  5 0.4763 0.2796 0.0589 0.1852 
      H742.3  5 0.2100 0.7148 0.0480 0.0272 
      H958.1  5 0.0310 0.9202 0.0278 0.0210 
      H958.2  5 0.0193 0.9263 0.0108 0.0436 
      H958.3  5 0.0164 0.9189 0.0162 0.0485 
      H958.4  5 0.1300 0.8359 0.0174 0.0167 
      H958.5  5 0.0336 0.8964 0.0175 0.0525 
      H958.6  5 0.0390 0.8892 0.0161 0.0557 
      H958.7  5 0.0736 0.8386 0.0136 0.0742 
      H452.1 10 0.0461 0.0265 0.9142 0.0132 
     H452.10 10 0.0145 0.0209 0.9495 0.0151 
      H452.2 10 0.0434 0.2466 0.6306 0.0795 
      H452.3 10 0.0184 0.0204 0.9489 0.0123 
      H452.4 10 0.0406 0.0106 0.9365 0.0123 
      H452.5 10 0.1406 0.0555 0.7685 0.0354 
      H452.6 10 0.1152 0.4900 0.3539 0.0409 
      H452.7 10 0.0124 0.0649 0.8985 0.0242 
      H452.8 10 0.0681 0.0497 0.8453 0.0369 
      H452.9 10 0.0415 0.0097 0.9365 0.0122 
      H473.1 10 0.7882 0.1581 0.0132 0.0405 
      H473.2 10 0.3923 0.0327 0.0259 0.5491 
      H473.3 10 0.0851 0.0246 0.0237 0.8667 
      H473.4 10 0.5194 0.0194 0.0202 0.4410 
      H473.5 10 0.1360 0.0942 0.0278 0.7421 
      H473.6 10 0.0265 0.0309 0.0256 0.9170 
      H473.7 10 0.5859 0.0404 0.0126 0.3612 
      H473.8 10 0.5436 0.0242 0.0169 0.4153 
      H487.1 10 0.0311 0.0169 0.9362 0.0159 
      H487.2 10 0.0557 0.0483 0.8556 0.0405 
      H487.3 10 0.0749 0.0500 0.8578 0.0172 
      H487.4 10 0.3072 0.4415 0.2293 0.0219 
      H487.5 10 0.0331 0.0214 0.9309 0.0146 
      H703.1 10 0.3409 0.1922 0.4106 0.0563 
     H703.10 10 0.5509 0.3498 0.0516 0.0477 
      H703.2 10 0.6169 0.2528 0.0909 0.0394 
      H703.3 10 0.6444 0.2645 0.0597 0.0315 
      H703.4 10 0.6537 0.0840 0.0407 0.2216 
      H703.5 10 0.5180 0.0592 0.0124 0.4104 
      H703.6 10 0.2915 0.6286 0.0197 0.0602 
      H703.7 10 0.3838 0.1448 0.0831 0.3883 
      H703.8 10 0.9035 0.0676 0.0130 0.0159 
      H703.9 10 0.5577 0.3952 0.0258 0.0212 
      H705.1 10 0.0425 0.7851 0.0835 0.0889 
      H705.2 10 0.1922 0.4594 0.2795 0.0689 
      H705.3 10 0.0277 0.0258 0.9289 0.0176 
      H705.4 10 0.0341 0.0604 0.8776 0.0279 
      H705.5 10 0.0178 0.0246 0.9347 0.0229 
      H705.6 10 0.2037 0.1238 0.6491 0.0234 
      H705.7 10 0.0422 0.7045 0.1077 0.1456 
     H7352.1 10 0.0221 0.0287 0.9313 0.0180 
     H7352.2 10 0.0506 0.0121 0.9286 0.0087 
     H7352.3 10 0.5050 0.3010 0.1798 0.0142 
     H7352.4 10 0.4899 0.3015 0.1950 0.0137 
     H7352.5 10 0.0168 0.0294 0.9379 0.0160 
     H7352.6 10 0.0248 0.0386 0.9174 0.0191 
     H7352.7 10 0.5822 0.0185 0.3859 0.0134 
     H7354.1 10 0.4766 0.4389 0.0398 0.0447 
     H7354.2 10 0.8124 0.1066 0.0444 0.0366 
     H7354.3 10 0.2637 0.5642 0.1380 0.0341 
     H7354.4 10 0.5510 0.3489 0.0491 0.0510 
     H7354.5 10 0.4352 0.4094 0.1241 0.0314 
     H7354.6 10 0.8112 0.1251 0.0293 0.0343 
     H7354.7 10 0.4123 0.4949 0.0700 0.0228 
     H7359.1 10 0.5096 0.3078 0.0945 0.0882 
     H7359.2 10 0.8502 0.1021 0.0154 0.0323 
     H7359.3 10 0.8430 0.0623 0.0503 0.0443 
     H7359.4 10 0.6264 0.3172 0.0227 0.0338 
     H7359.5 10 0.8271 0.1165 0.0330 0.0234 
      H909.1 10 0.4485 0.4944 0.0446 0.0125 
      H909.2 10 0.3820 0.0943 0.4764 0.0473 
      H909.3 10 0.1199 0.0243 0.8442 0.0116 
      H909.4 10 0.8245 0.0535 0.0946 0.0274 
      H909.6 10 0.8349 0.1037 0.0331 0.0283 
      H909.8 10 0.8840 0.0522 0.0389 0.0248 
      H909.9 10 0.1119 0.1032 0.7656 0.0193 
     H9555.1 10 0.0203 0.0377 0.9276 0.0145 
     H9555.2 10 0.0217 0.0144 0.9419 0.0220 
     H9555.3 10 0.0270 0.0533 0.8632 0.0565 
     H9555.4 10 0.0596 0.0733 0.8470 0.0201 
     H9555.5 10 0.0259 0.0535 0.9006 0.0200 
     H9555.6 10 0.2716 0.3502 0.1828 0.1954 
     H9555.7 10 0.2611 0.4437 0.1773 0.1178 
     H9703.1 10 0.7785 0.1702 0.0184 0.0330 
     H9703.2 10 0.6330 0.2019 0.0163 0.1487 
     H9703.3 10 0.3481 0.5923 0.0244 0.0352 
     H9703.4 10 0.4071 0.5398 0.0299 0.0232 
     H9703.5 10 0.2369 0.6613 0.0359 0.0659 
     H9707.1 10 0.2030 0.0386 0.6907 0.0677 
     H9707.2 10 0.4344 0.0362 0.4935 0.0359 
     H9707.3 10 0.3197 0.0444 0.4581 0.1778 
     H9707.4 10 0.9140 0.0274 0.0394 0.0193 
     H9707.5 10 0.5517 0.0625 0.3178 0.0680 
     H9707.6 10 0.2564 0.1545 0.0875 0.5016 
     H9707.7 10 0.3336 0.1891 0.3602 0.1170 
     H9707.8 10 0.6987 0.0243 0.1369 0.1400 
     HSAA4.1 10 0.1575 0.1116 0.6806 0.0503 
     HSAA4.2 10 0.0134 0.0535 0.9117 0.0214 
     HSAA4.3 10 0.0222 0.0589 0.8973 0.0215 
     HSAA4.4 10 0.0355 0.3923 0.5433 0.0289 
     HSAA4.5 10 0.2644 0.4350 0.2751 0.0256 
     HSAA4.6 10 0.0240 0.0278 0.9388 0.0094 
     HSAA4.7 10 0.0396 0.1870 0.7618 0.0116 
   saaRTON.1 10 0.2201 0.7363 0.0199 0.0236 
  saaRTON.10 10 0.6154 0.2795 0.0748 0.0302 
   saaRTON.2 10 0.1513 0.7918 0.0215 0.0355 
   saaRTON.3 10 0.4352 0.4795 0.0616 0.0238 
   saaRTON.4 10 0.6101 0.1975 0.1444 0.0480 
   saaRTON.5 10 0.4642 0.4213 0.0828 0.0317 
   saaRTON.6 10 0.1498 0.7692 0.0318 0.0493 
   saaRTON.7 10 0.0606 0.1646 0.0374 0.7373 
   saaRTON.8 10 0.5427 0.3654 0.0651 0.0268 
   saaRTON.9 10 0.2967 0.6695 0.0178 0.0159 
      H005.1 11 0.9114 0.0549 0.0133 0.0205 
      H005.2 11 0.5377 0.1508 0.0316 0.2799 
      H005.3 11 0.9129 0.0532 0.0156 0.0183 
      H005.4 11 0.7194 0.1885 0.0177 0.0744 
      H005.5 11 0.8861 0.0541 0.0228 0.0369 
      H005.6 11 0.6006 0.2112 0.0390 0.1492 
      H005.7 11 0.5551 0.3122 0.0236 0.1091 
      H005.8 11 0.7849 0.1259 0.0524 0.0368 
      H005.9 11 0.6941 0.0983 0.0288 0.1788 
      H031.1 11 0.0237 0.8912 0.0560 0.0291 
      H031.2 11 0.7882 0.1663 0.0230 0.0225 
      H031.3 11 0.4921 0.2109 0.0764 0.2206 
      H031.4 11 0.3668 0.4691 0.1223 0.0418 
      H031.5 11 0.8531 0.0421 0.0515 0.0534 
      H031.6 11 0.3304 0.5068 0.1304 0.0324 
      H031.7 11 0.1174 0.3092 0.3066 0.2668 
      H031.8 11 0.5429 0.3538 0.0647 0.0387 
      H136.1 11 0.0351 0.9221 0.0159 0.0269 
      H136.2 11 0.0259 0.6502 0.0391 0.2849 
      H136.3 11 0.1152 0.2534 0.0343 0.5971 
      H136.4 11 0.0589 0.8357 0.0498 0.0557 
      H153.1 11 0.5740 0.3685 0.0139 0.0436 
      H153.2 11 0.6766 0.2443 0.0408 0.0383 
      H153.3 11 0.4799 0.4414 0.0326 0.0460 
      H153.4 11 0.2679 0.6809 0.0253 0.0259 
      H167.1 11 0.2325 0.0930 0.0297 0.6448 
      H167.2 11 0.3419 0.0314 0.1354 0.4912 
      H167.3 11 0.2800 0.1165 0.1378 0.4658 
      H167.4 11 0.2922 0.3143 0.0148 0.3786 
      H167.5 11 0.3644 0.2340 0.0486 0.3531 
      H167.6 11 0.3274 0.1967 0.1551 0.3208 
      H167.7 11 0.7340 0.1257 0.0571 0.0832 
      H167.8 11 0.8070 0.0623 0.0245 0.1062 
      H173.1 11 0.6564 0.1428 0.0243 0.1764 
      H173.2 11 0.4055 0.3722 0.0640 0.1583 
      H173.3 11 0.7394 0.1107 0.0244 0.1255 
      H173.4 11 0.2975 0.4247 0.0269 0.2509 
      H173.5 11 0.0845 0.4892 0.0404 0.3859 
 H194.1_2003 11 0.6492 0.1485 0.0448 0.1575 
 H194.2_2003 11 0.8337 0.0395 0.0735 0.0533 
 H194.3_2003 11 0.8468 0.0552 0.0621 0.0360 
 H194.4_2003 11 0.7800 0.0501 0.1169 0.0530 
 H194.5_2003 11 0.6565 0.1104 0.0796 0.1534 
 H194.6_2003 11 0.7579 0.0498 0.0485 0.1438 
 H194.7_2003 11 0.6036 0.1409 0.0667 0.1887 
 H194.8_2003 11 0.8345 0.0690 0.0412 0.0553 
      H196.1 11 0.0118 0.0095 0.9675 0.0112 
      H196.2 11 0.0853 0.0405 0.7839 0.0903 
      H196.3 11 0.0355 0.0186 0.9255 0.0204 
      H196.4 11 0.1229 0.0146 0.8323 0.0302 
      H196.5 11 0.1047 0.0203 0.6114 0.2636 
      H196.6 11 0.0223 0.0142 0.9199 0.0435 
 H356.1_2001 11 0.0182 0.0869 0.0847 0.8102 
 H356.1_2002 11 0.1925 0.0690 0.0207 0.7178 
 H356.2_2001 11 0.2047 0.5616 0.0270 0.2067 
