      H008.1  2 0.0216 0.0050 0.0063 0.0083 0.0074 0.0054 0.0214 0.0230 0.6564 0.0147 0.0067 0.0080 0.0107 0.0073 0.0098 0.0386 0.0729 0.0140 0.0052 0.0078 0.0109 0.0057 0.0107 0.0049 0.0120 0.0051 
      H008.2  2 0.0188 0.0052 0.0115 0.0042 0.0376 0.0065 0.0122 0.1866 0.0655 0.0316 0.0416 0.0100 0.0085 0.0033 0.0149 0.0181 0.4002 0.0147 0.0105 0.0063 0.0119 0.0075 0.0115 0.0130 0.0341 0.0145 
      H008.3  2 0.0106 0.0059 0.0128 0.0145 0.0116 0.0083 0.0923 0.1606 0.1115 0.0258 0.0174 0.0100 0.0067 0.0056 0.0326 0.0063 0.3186 0.0177 0.0244 0.0171 0.0063 0.0106 0.0254 0.0172 0.0168 0.0135 
      H008.4  2 0.0114 0.0049 0.0244 0.0054 0.0108 0.0228 0.0061 0.0259 0.5722 0.0225 0.0119 0.0078 0.0103 0.0084 0.0143 0.0158 0.0433 0.0409 0.0117 0.0048 0.0107 0.0222 0.0133 0.0343 0.0181 0.0259 
      H008.5  2 0.0069 0.0055 0.0127 0.0074 0.0053 0.0048 0.0125 0.0361 0.7263 0.0123 0.0132 0.0057 0.0058 0.0040 0.0076 0.0125 0.0295 0.0091 0.0073 0.0050 0.0041 0.0176 0.0153 0.0177 0.0095 0.0062 
      H008.6  2 0.0376 0.0077 0.0136 0.0064 0.0363 0.0143 0.0113 0.1643 0.2852 0.0380 0.0435 0.0088 0.0066 0.0036 0.0049 0.0148 0.1124 0.0550 0.0115 0.0060 0.0194 0.0119 0.0195 0.0197 0.0190 0.0285 
      H008.7  2 0.0132 0.0067 0.0249 0.0074 0.0159 0.0157 0.0110 0.1615 0.2020 0.0504 0.0274 0.0056 0.0151 0.0096 0.0388 0.0824 0.1182 0.0455 0.0078 0.0067 0.0145 0.0211 0.0131 0.0264 0.0253 0.0338 
      H008.8  2 0.0106 0.0087 0.0066 0.0125 0.2842 0.0072 0.0104 0.0100 0.0657 0.0232 0.0101 0.0056 0.0078 0.0049 0.0191 0.0198 0.3198 0.0255 0.0121 0.0136 0.0412 0.0088 0.0069 0.0057 0.0537 0.0062 
      H008.9  2 0.0356 0.0057 0.0167 0.0074 0.0854 0.0071 0.0140 0.2329 0.0415 0.0267 0.0158 0.0125 0.0072 0.0074 0.0098 0.0070 0.0747 0.2564 0.0162 0.0081 0.0108 0.0083 0.0125 0.0243 0.0198 0.0363 
 H029.1_2002  2 0.0038 0.0073 0.0077 0.0046 0.0188 0.0350 0.0051 0.0045 0.0541 0.0115 0.0074 0.0086 0.0080 0.0040 0.0089 0.6525 0.0089 0.0147 0.0040 0.0092 0.0317 0.0267 0.0046 0.0385 0.0090 0.0109 
 H029.1_2003  2 0.0103 0.0088 0.0822 0.0072 0.0263 0.0088 0.0259 0.0165 0.0071 0.0352 0.0131 0.0093 0.0099 0.0039 0.0047 0.5280 0.0088 0.0220 0.0084 0.0303 0.0071 0.0581 0.0092 0.0161 0.0331 0.0098 
 H029.2_2002  2 0.0053 0.0063 0.0305 0.0034 0.0039 0.0076 0.0050 0.0096 0.0107 0.0085 0.0102 0.0046 0.0058 0.0036 0.0153 0.7903 0.0047 0.0058 0.0076 0.0167 0.0031 0.0134 0.0057 0.0061 0.0066 0.0097 
 H029.2_2003  2 0.0101 0.0168 0.0390 0.0043 0.0061 0.0059 0.0179 0.0078 0.0159 0.0766 0.0248 0.0141 0.0168 0.0050 0.0079 0.5303 0.0072 0.0118 0.0206 0.0390 0.0057 0.0614 0.0108 0.0075 0.0234 0.0135 
 H029.3_2002  2 0.0045 0.0045 0.0308 0.0046 0.0061 0.0068 0.0049 0.0065 0.0061 0.0094 0.0084 0.0067 0.0081 0.0037 0.0110 0.7932 0.0042 0.0053 0.0075 0.0159 0.0032 0.0101 0.0083 0.0042 0.0090 0.0170 
 H029.3_2003  2 0.0166 0.0074 0.0157 0.0055 0.0097 0.0048 0.0085 0.0115 0.0280 0.0172 0.0082 0.0143 0.0121 0.0048 0.0073 0.6893 0.0040 0.0052 0.0052 0.0185 0.0031 0.0704 0.0113 0.0070 0.0093 0.0053 
 H029.4_2002  2 0.0050 0.0035 0.0066 0.0045 0.0043 0.0045 0.0038 0.0043 0.0042 0.0046 0.0030 0.0035 0.0059 0.0029 0.0042 0.8940 0.0039 0.0031 0.0030 0.0033 0.0035 0.0056 0.0043 0.0048 0.0049 0.0051 
 H029.4_2003  2 0.0090 0.0047 0.0134 0.0082 0.0141 0.0074 0.0678 0.0084 0.0067 0.0390 0.0067 0.0098 0.0346 0.0031 0.0049 0.6352 0.0101 0.0078 0.0075 0.0071 0.0110 0.0241 0.0061 0.0215 0.0213 0.0105 
 H029.5_2002  2 0.0055 0.0072 0.0183 0.0035 0.0058 0.0117 0.0050 0.0080 0.0322 0.0108 0.0055 0.0053 0.0053 0.0055 0.0064 0.7767 0.0049 0.0059 0.0044 0.0090 0.0063 0.0167 0.0049 0.0258 0.0055 0.0039 
 H029.5_2003  2 0.0063 0.0051 0.0084 0.0058 0.0101 0.0060 0.0108 0.0077 0.0071 0.0141 0.0094 0.0044 0.0096 0.0030 0.0031 0.8142 0.0067 0.0073 0.0029 0.0078 0.0051 0.0165 0.0059 0.0061 0.0094 0.0072 
 H029.6_2002  2 0.0031 0.0034 0.0059 0.0038 0.0054 0.0034 0.0034 0.0035 0.0046 0.0057 0.0039 0.0034 0.0048 0.0038 0.0078 0.8801 0.0048 0.0047 0.0038 0.0040 0.0030 0.0124 0.0041 0.0045 0.0054 0.0073 
 H029.6_2003  2 0.0150 0.0266 0.0355 0.0086 0.0106 0.0053 0.0964 0.0068 0.0325 0.0308 0.0183 0.0142 0.0159 0.0095 0.0085 0.5119 0.0050 0.0125 0.0086 0.0299 0.0064 0.0240 0.0109 0.0221 0.0279 0.0060 
      H029.7  2 0.0035 0.0058 0.0056 0.0033 0.0027 0.0050 0.0062 0.0049 0.0107 0.0061 0.0058 0.0027 0.0051 0.0027 0.0071 0.8638 0.0062 0.0043 0.0073 0.0068 0.0035 0.0055 0.0038 0.0060 0.0063 0.0093 
      H030.1  2 0.0111 0.1008 0.0066 0.0067 0.0128 0.0056 0.0081 0.0443 0.0293 0.0403 0.0497 0.2857 0.0162 0.0246 0.0135 0.0395 0.0047 0.0137 0.0084 0.0445 0.0083 0.1369 0.0216 0.0510 0.0120 0.0040 
      H030.2  2 0.0096 0.0079 0.0049 0.0202 0.0054 0.1116 0.0184 0.0390 0.0388 0.0386 0.0049 0.2646 0.0097 0.0298 0.1170 0.0425 0.0260 0.0071 0.0039 0.0183 0.0062 0.0217 0.0523 0.0229 0.0124 0.0663 
      H038.1  2 0.0050 0.0052 0.0049 0.0048 0.0064 0.0045 0.0034 0.0044 0.0199 0.0068 0.0047 0.0039 0.0043 0.0037 0.0033 0.8337 0.0113 0.0087 0.0075 0.0053 0.0060 0.0037 0.0083 0.0045 0.0104 0.0154 
      H038.2  2 0.0045 0.0055 0.0032 0.0051 0.0034 0.0069 0.0044 0.0057 0.0124 0.0050 0.0060 0.0047 0.0040 0.0078 0.0060 0.8726 0.0031 0.0032 0.0028 0.0044 0.0034 0.0051 0.0033 0.0069 0.0060 0.0047 
      H038.3  2 0.0145 0.0313 0.0043 0.0069 0.0044 0.0092 0.0031 0.0076 0.0246 0.0096 0.0079 0.0079 0.0055 0.0078 0.0041 0.7684 0.0046 0.0083 0.0045 0.0058 0.0074 0.0041 0.0121 0.0069 0.0127 0.0168 
      H038.4  2 0.0077 0.0248 0.0068 0.0052 0.0056 0.0070 0.0027 0.0065 0.0256 0.0132 0.0052 0.0051 0.0040 0.0090 0.0054 0.7894 0.0040 0.0062 0.0037 0.0075 0.0058 0.0037 0.0105 0.0066 0.0106 0.0181 
      H038.5  2 0.0048 0.0058 0.0038 0.0073 0.0069 0.0042 0.0053 0.0057 0.0051 0.0049 0.0044 0.0061 0.0077 0.0050 0.0046 0.8742 0.0041 0.0035 0.0022 0.0038 0.0035 0.0049 0.0048 0.0041 0.0064 0.0067 
      H038.6  2 0.0068 0.0047 0.0036 0.0063 0.0037 0.0081 0.0063 0.0044 0.0155 0.0054 0.0055 0.0056 0.0052 0.0023 0.0033 0.8661 0.0066 0.0033 0.0030 0.0057 0.0040 0.0050 0.0037 0.0039 0.0065 0.0053 
      H038.7  2 0.0106 0.0264 0.0035 0.0070 0.0038 0.0102 0.0042 0.0047 0.0854 0.0105 0.0041 0.0074 0.0067 0.0034 0.0028 0.7542 0.0036 0.0037 0.0030 0.0089 0.0041 0.0056 0.0042 0.0036 0.0117 0.0066 
      H038.8  2 0.0058 0.0190 0.0040 0.0065 0.0038 0.0070 0.0035 0.0039 0.0084 0.0075 0.0042 0.0065 0.0034 0.0088 0.0042 0.8199 0.0041 0.0051 0.0040 0.0044 0.0051 0.0034 0.0087 0.0059 0.0066 0.0362 
      H041.1  2 0.0180 0.0488 0.0089 0.0063 0.0044 0.0118 0.0199 0.0375 0.0405 0.1629 0.0063 0.0051 0.0983 0.0097 0.1103 0.1521 0.0099 0.0332 0.0109 0.0044 0.0057 0.0973 0.0059 0.0343 0.0342 0.0232 
      H041.2  2 0.0256 0.0094 0.0243 0.0038 0.0085 0.0217 0.0058 0.0250 0.0425 0.0866 0.0067 0.0068 0.0061 0.0054 0.0067 0.0589 0.0075 0.0185 0.0070 0.0126 0.0080 0.1096 0.0185 0.4465 0.0128 0.0151 
      H041.4  2 0.0226 0.0088 0.0181 0.0042 0.0103 0.0068 0.0388 0.0259 0.0171 0.0364 0.0052 0.0058 0.0083 0.0112 0.0088 0.5526 0.0196 0.0504 0.0156 0.0072 0.0096 0.0704 0.0062 0.0104 0.0178 0.0118 
      H041.6  2 0.0146 0.0175 0.0180 0.0062 0.0094 0.0264 0.0424 0.0162 0.0401 0.1201 0.0050 0.0064 0.0062 0.0106 0.0198 0.2873 0.0106 0.0390 0.0238 0.0172 0.0373 0.1362 0.0186 0.0356 0.0214 0.0138 
 H042.1_2002  2 0.0063 0.0085 0.0069 0.0228 0.0040 0.0134 0.0132 0.0062 0.0100 0.0150 0.0105 0.0060 0.0041 0.0369 0.0077 0.0052 0.0587 0.0227 0.0077 0.0059 0.0195 0.5901 0.0651 0.0291 0.0129 0.0117 
 H042.1_2003  2 0.0489 0.0179 0.0141 0.0117 0.0134 0.0208 0.0139 0.0679 0.1889 0.0787 0.0313 0.0231 0.0062 0.0122 0.0113 0.0118 0.0248 0.0226 0.0075 0.0536 0.0282 0.0136 0.1075 0.0648 0.0203 0.0850 
 H042.2_2002  2 0.0042 0.0037 0.0332 0.0106 0.0039 0.1236 0.0181 0.0058 0.0076 0.0248 0.0150 0.0040 0.0235 0.0084 0.0057 0.1691 0.0261 0.0047 0.0076 0.0077 0.0048 0.4411 0.0102 0.0037 0.0135 0.0196 
 H042.2_2003  2 0.0191 0.0103 0.0161 0.0064 0.0087 0.0109 0.0183 0.0129 0.0921 0.0973 0.0125 0.0085 0.0045 0.0109 0.0035 0.0369 0.0317 0.0407 0.0077 0.0117 0.0126 0.0616 0.0477 0.4043 0.0083 0.0049 
 H042.3_2002  2 0.0073 0.0065 0.0188 0.0373 0.0044 0.0495 0.0280 0.0103 0.0089 0.0349 0.0086 0.0077 0.0162 0.0141 0.0057 0.0045 0.0342 0.0094 0.0102 0.0052 0.0141 0.3117 0.3203 0.0075 0.0113 0.0131 
 H042.3_2003  2 0.0124 0.0128 0.0104 0.0468 0.0043 0.0572 0.1082 0.0177 0.0235 0.1401 0.0110 0.0093 0.0459 0.0168 0.0296 0.0259 0.0321 0.0137 0.0116 0.0047 0.0304 0.0801 0.1389 0.0256 0.0524 0.0385 
 H042.4_2002  2 0.0053 0.0165 0.0141 0.0055 0.0046 0.0050 0.0252 0.0060 0.0093 0.0197 0.0088 0.0086 0.0077 0.0173 0.0070 0.0212 0.0165 0.0273 0.0053 0.0060 0.0089 0.6784 0.0211 0.0295 0.0136 0.0117 
 H042.4_2003  2 0.0058 0.0445 0.0076 0.0046 0.0033 0.0056 0.0106 0.0120 0.0133 0.0306 0.0102 0.0085 0.0108 0.0161 0.0141 0.0536 0.0189 0.0171 0.0181 0.0082 0.0201 0.5813 0.0093 0.0531 0.0164 0.0061 
      H042.5  2 0.0039 0.0056 0.0048 0.0072 0.0036 0.0048 0.0168 0.0126 0.0042 0.0095 0.0086 0.0041 0.0065 0.0083 0.0047 0.0076 0.0166 0.0085 0.0082 0.0041 0.0091 0.7937 0.0089 0.0254 0.0099 0.0029 
      H042.6  2 0.0037 0.0148 0.0039 0.0122 0.0042 0.0092 0.0047 0.0051 0.0098 0.0136 0.0065 0.0051 0.0084 0.0078 0.0057 0.0094 0.0332 0.0049 0.0220 0.0069 0.0153 0.7286 0.0077 0.0088 0.0407 0.0076 
      H042.7  2 0.0095 0.0199 0.0229 0.0161 0.0055 0.0457 0.0153 0.0114 0.0119 0.0457 0.0067 0.0039 0.0084 0.0630 0.0063 0.0189 0.0271 0.0085 0.0070 0.0154 0.0366 0.3883 0.1728 0.0119 0.0165 0.0049 
      H042.8  2 0.0107 0.0054 0.0241 0.0114 0.0043 0.0408 0.0281 0.0170 0.0124 0.0312 0.0120 0.0042 0.0074 0.0088 0.0031 0.0060 0.0392 0.0127 0.0154 0.0053 0.0094 0.6247 0.0224 0.0179 0.0108 0.0153 
   H042_2002  2 0.0075 0.0193 0.0188 0.0170 0.0096 0.1022 0.0359 0.0248 0.0424 0.0851 0.0176 0.0082 0.0139 0.0100 0.0044 0.0239 0.2630 0.0177 0.0309 0.0162 0.0183 0.0403 0.0217 0.0204 0.1047 0.0261 
   H042_2003  2 0.0092 0.0165 0.0224 0.0130 0.0082 0.1383 0.0242 0.0182 0.0291 0.0337 0.0121 0.0082 0.0115 0.0099 0.0041 0.0197 0.3282 0.0134 0.0305 0.0150 0.0225 0.0496 0.0304 0.0216 0.0852 0.0256 
      H043.1  2 0.0137 0.0720 0.0028 0.0170 0.0062 0.0055 0.0054 0.0091 0.0079 0.0111 0.0050 0.0090 0.2295 0.0054 0.0083 0.0099 0.0198 0.0033 0.0066 0.0070 0.0087 0.0057 0.0042 0.0049 0.4930 0.0288 
      H043.2  2 0.0111 0.2677 0.0056 0.0206 0.0119 0.0040 0.0051 0.0039 0.0097 0.0126 0.0061 0.0048 0.0049 0.0035 0.0025 0.0100 0.0072 0.0068 0.0277 0.0056 0.0436 0.0032 0.0092 0.0036 0.4774 0.0316 
      H043.3  2 0.0085 0.1689 0.0038 0.0203 0.0078 0.0151 0.0050 0.0067 0.0710 0.0206 0.0092 0.0044 0.0424 0.0037 0.0032 0.0307 0.0126 0.0078 0.0102 0.0273 0.0195 0.0076 0.0100 0.0065 0.4577 0.0193 
      H043.4  2 0.0055 0.2699 0.0031 0.0111 0.0035 0.0060 0.0031 0.0057 0.0144 0.0130 0.0060 0.0048 0.0254 0.0048 0.0030 0.0079 0.0081 0.0053 0.0111 0.0121 0.0193 0.0045 0.0058 0.0047 0.5238 0.0180 
      H043.5  2 0.0183 0.2651 0.0057 0.0262 0.0123 0.0066 0.0046 0.0080 0.0140 0.0138 0.0064 0.0067 0.0054 0.0036 0.0037 0.0115 0.0053 0.0086 0.0040 0.0058 0.0182 0.0044 0.0127 0.0043 0.4742 0.0503 
      H043.6  2 0.0042 0.2019 0.0096 0.0157 0.0059 0.0082 0.0046 0.0034 0.0193 0.0105 0.0068 0.0073 0.0105 0.0036 0.0027 0.0590 0.0068 0.0178 0.0063 0.0081 0.0369 0.0051 0.0214 0.0039 0.4658 0.0548 
      H043.7  2 0.0136 0.2603 0.0029 0.0109 0.0041 0.0102 0.0036 0.0045 0.0106 0.0098 0.0067 0.0047 0.0188 0.0033 0.0028 0.0076 0.0047 0.0070 0.0294 0.0131 0.0831 0.0053 0.0086 0.0046 0.4350 0.0347 
      H043.8  2 0.0546 0.0854 0.0041 0.0449 0.0210 0.0086 0.0044 0.0048 0.0122 0.0514 0.0069 0.0201 0.0999 0.0086 0.0089 0.0113 0.0172 0.0043 0.0098 0.0131 0.0439 0.0051 0.0141 0.0029 0.4280 0.0142 
      H043.9  2 0.0105 0.0191 0.0032 0.0097 0.0061 0.0079 0.0073 0.0073 0.0096 0.0191 0.0048 0.0075 0.2844 0.0043 0.0071 0.0227 0.0352 0.0046 0.0125 0.0102 0.0085 0.0083 0.0049 0.0052 0.4601 0.0199 
      H047.1  2 0.0088 0.0082 0.0038 0.0114 0.0034 0.0364 0.0058 0.3416 0.3856 0.0378 0.0110 0.0041 0.0038 0.0031 0.0035 0.0221 0.0390 0.0067 0.0045 0.0062 0.0180 0.0049 0.0099 0.0056 0.0078 0.0071 
      H047.2  2 0.0130 0.0145 0.0091 0.0044 0.0065 0.0090 0.0072 0.4220 0.0217 0.1033 0.0160 0.0052 0.0119 0.0077 0.0166 0.2007 0.0080 0.0134 0.0043 0.0465 0.0206 0.0108 0.0046 0.0063 0.0125 0.0040 
      H047.3  2 0.0075 0.0094 0.0130 0.0048 0.0041 0.0329 0.0072 0.4944 0.0388 0.1229 0.0226 0.0057 0.0124 0.0071 0.0153 0.0692 0.0092 0.0116 0.0079 0.0358 0.0141 0.0160 0.0088 0.0090 0.0163 0.0038 
      H047.4  2 0.0420 0.0213 0.0108 0.0063 0.0099 0.0525 0.0108 0.2000 0.0666 0.1278 0.0115 0.0053 0.0095 0.0109 0.0081 0.1977 0.0172 0.0146 0.0064 0.0597 0.0275 0.0304 0.0098 0.0266 0.0133 0.0035 
      H047.5  2 0.0080 0.0117 0.0139 0.0054 0.0049 0.0449 0.0076 0.4595 0.1093 0.1224 0.0156 0.0059 0.0124 0.0109 0.0041 0.0272 0.0231 0.0094 0.0285 0.0181 0.0117 0.0067 0.0164 0.0051 0.0140 0.0034 
      H047.6  2 0.0076 0.0099 0.0098 0.0028 0.0051 0.0379 0.0042 0.5905 0.0116 0.1175 0.0063 0.0042 0.0070 0.0063 0.0067 0.0573 0.0050 0.0089 0.0053 0.0149 0.0176 0.0232 0.0053 0.0203 0.0104 0.0043 
      H047.7  2 0.0089 0.0056 0.0044 0.0117 0.0031 0.1465 0.0058 0.2523 0.1393 0.1239 0.0063 0.0037 0.0036 0.0063 0.0077 0.1613 0.0355 0.0073 0.0052 0.0049 0.0134 0.0089 0.0084 0.0090 0.0090 0.0080 
      H047.8  2 0.0049 0.0060 0.0077 0.0054 0.0046 0.0518 0.0077 0.5418 0.0364 0.1315 0.0108 0.0047 0.0055 0.0049 0.0066 0.0250 0.0161 0.0073 0.0072 0.0236 0.0167 0.0202 0.0107 0.0290 0.0105 0.0032 
      H047.9  2 0.0079 0.0134 0.0081 0.0124 0.0040 0.1140 0.0081 0.2619 0.1130 0.1026 0.0493 0.0069 0.0041 0.0215 0.0052 0.0971 0.0578 0.0119 0.0176 0.0090 0.0107 0.0165 0.0168 0.0085 0.0177 0.0038 
 H071.1_2002  2 0.0048 0.0080 0.0047 0.0109 0.0038 0.0098 0.0063 0.0034 0.6659 0.0149 0.0098 0.0080 0.0109 0.0046 0.0034 0.1471 0.0064 0.0061 0.0079 0.0070 0.0093 0.0049 0.0088 0.0055 0.0221 0.0057 
 H071.1_2003  2 0.0108 0.0272 0.0114 0.0060 0.0039 0.0094 0.0105 0.0105 0.6522 0.0171 0.0122 0.0286 0.0126 0.0041 0.0028 0.0123 0.0112 0.0187 0.0316 0.0136 0.0147 0.0081 0.0095 0.0070 0.0446 0.0094 
     H071.10  2 0.0030 0.0084 0.0026 0.1296 0.0073 0.0144 0.0040 0.0030 0.0365 0.0104 0.0028 0.0401 0.0125 0.0082 0.0059 0.6501 0.0106 0.0032 0.0052 0.0062 0.0057 0.0060 0.0082 0.0035 0.0064 0.0059 
 H071.2_2002  2 0.0086 0.0154 0.0115 0.0136 0.0181 0.0104 0.0060 0.0112 0.1231 0.0170 0.0092 0.0094 0.0060 0.0053 0.0032 0.6071 0.0119 0.0165 0.0145 0.0094 0.0274 0.0049 0.0122 0.0052 0.0166 0.0064 
 H071.2_2003  2 0.0029 0.0051 0.0032 0.0040 0.0030 0.0042 0.0046 0.0052 0.8201 0.0055 0.0069 0.0064 0.0045 0.0029 0.0030 0.0615 0.0091 0.0054 0.0058 0.0037 0.0051 0.0066 0.0061 0.0057 0.0063 0.0029 
      H071.3  2 0.0148 0.0096 0.0032 0.0633 0.0065 0.0091 0.0069 0.0122 0.6859 0.0162 0.0044 0.0178 0.0109 0.0066 0.0077 0.0588 0.0080 0.0038 0.0043 0.0075 0.0041 0.0037 0.0047 0.0078 0.0120 0.0101 
 H071.4_2002  2 0.0035 0.0109 0.0043 0.0648 0.0101 0.0122 0.0048 0.0049 0.0091 0.0116 0.0060 0.0147 0.0178 0.0216 0.0049 0.7274 0.0096 0.0047 0.0061 0.0055 0.0092 0.0046 0.0056 0.0035 0.0123 0.0106 
 H071.4_2003  2 0.0045 0.0057 0.0029 0.0653 0.0080 0.0076 0.0053 0.0050 0.7393 0.0073 0.0040 0.0065 0.0050 0.0078 0.0042 0.0683 0.0163 0.0029 0.0041 0.0058 0.0041 0.0041 0.0030 0.0045 0.0059 0.0026 
 H071.5_2002  2 0.0030 0.0079 0.0029 0.0407 0.0050 0.0105 0.0038 0.0042 0.4498 0.0084 0.0046 0.0185 0.0132 0.0085 0.0086 0.3395 0.0117 0.0039 0.0100 0.0058 0.0048 0.0082 0.0051 0.0048 0.0103 0.0065 
 H071.5_2003  2 0.0080 0.0106 0.0035 0.0506 0.0065 0.0130 0.0066 0.0066 0.7307 0.0138 0.0073 0.0108 0.0107 0.0098 0.0037 0.0316 0.0132 0.0079 0.0054 0.0092 0.0067 0.0042 0.0035 0.0065 0.0162 0.0035 
 H071.6_2002  2 0.0037 0.0083 0.0042 0.1783 0.0316 0.0356 0.0044 0.0056 0.3857 0.0133 0.0044 0.0138 0.0092 0.0064 0.0051 0.1915 0.0181 0.0045 0.0108 0.0101 0.0082 0.0044 0.0085 0.0030 0.0241 0.0071 
 H071.6_2003  2 0.0048 0.0139 0.0026 0.0198 0.0059 0.0131 0.0051 0.0035 0.7665 0.0072 0.0049 0.0299 0.0112 0.0064 0.0040 0.0466 0.0073 0.0060 0.0042 0.0046 0.0090 0.0043 0.0051 0.0037 0.0073 0.0030 
 H071.7_2002  2 0.0043 0.0055 0.0030 0.0104 0.0083 0.0095 0.0045 0.0063 0.8248 0.0074 0.0045 0.0034 0.0041 0.0025 0.0030 0.0429 0.0063 0.0046 0.0054 0.0119 0.0044 0.0038 0.0040 0.0036 0.0073 0.0043 
 H071.7_2003  2 0.0063 0.0145 0.0030 0.0454 0.0033 0.0095 0.0063 0.0052 0.7194 0.0085 0.0056 0.0273 0.0209 0.0081 0.0032 0.0433 0.0089 0.0082 0.0069 0.0054 0.0078 0.0052 0.0060 0.0050 0.0123 0.0046 
      H071.8  2 0.0072 0.0101 0.0072 0.0086 0.0426 0.0054 0.0065 0.0101 0.1115 0.0091 0.0066 0.0050 0.0043 0.0050 0.0035 0.6559 0.0167 0.0129 0.0149 0.0055 0.0153 0.0050 0.0094 0.0054 0.0104 0.0058 
      H071.9  2 0.0098 0.0231 0.0113 0.0389 0.0333 0.0157 0.0071 0.0103 0.0107 0.0244 0.0052 0.0191 0.0939 0.0142 0.0052 0.5492 0.0150 0.0143 0.0098 0.0065 0.0113 0.0117 0.0056 0.0043 0.0428 0.0074 
 H081.1_2002  2 0.0028 0.0045 0.0098 0.0042 0.0036 0.0072 0.0075 0.0038 0.7529 0.0090 0.0040 0.0088 0.0047 0.0085 0.0100 0.0676 0.0109 0.0132 0.0200 0.0095 0.0049 0.0095 0.0053 0.0048 0.0076 0.0057 
 H081.1_2003  2 0.0105 0.0270 0.0282 0.0046 0.0127 0.0140 0.0077 0.0139 0.0502 0.0760 0.0174 0.0229 0.0209 0.0085 0.0137 0.0234 0.0293 0.0517 0.0110 0.2170 0.0099 0.0601 0.0445 0.0100 0.0650 0.1499 
 H081.2_2002  2 0.0034 0.0088 0.0084 0.0040 0.0052 0.0055 0.0058 0.0105 0.7404 0.0094 0.0057 0.0042 0.0075 0.0094 0.0044 0.0344 0.0110 0.0100 0.0536 0.0142 0.0117 0.0082 0.0050 0.0041 0.0108 0.0043 
 H081.2_2003  2 0.0050 0.0126 0.0053 0.0083 0.0225 0.0050 0.0096 0.0097 0.0415 0.0145 0.0064 0.6165 0.0105 0.0086 0.0177 0.0117 0.0570 0.0088 0.0294 0.0086 0.0121 0.0167 0.0137 0.0055 0.0359 0.0071 
 H081.3_2002  2 0.0092 0.0185 0.0062 0.0053 0.0202 0.0042 0.0047 0.0404 0.1560 0.0147 0.0065 0.0098 0.0055 0.0076 0.0061 0.5317 0.0173 0.0107 0.0413 0.0089 0.0292 0.0087 0.0129 0.0054 0.0133 0.0055 
 H081.3_2003  2 0.0088 0.0205 0.0098 0.0125 0.0633 0.0087 0.0117 0.0084 0.0077 0.0362 0.0110 0.3078 0.0607 0.0143 0.0140 0.0145 0.0115 0.0183 0.0241 0.0101 0.0482 0.0151 0.0124 0.0070 0.2351 0.0082 
 H081.4_2002  2 0.0052 0.0085 0.0036 0.0096 0.0073 0.0066 0.0067 0.0059 0.7696 0.0096 0.0075 0.0086 0.0066 0.0093 0.0060 0.0621 0.0074 0.0050 0.0042 0.0075 0.0060 0.0103 0.0100 0.0044 0.0085 0.0040 
 H081.4_2003  2 0.0096 0.0767 0.0253 0.0087 0.0145 0.0069 0.0112 0.0078 0.0221 0.0554 0.0259 0.2099 0.0315 0.0242 0.0120 0.0129 0.0123 0.0764 0.0274 0.0659 0.0226 0.1213 0.0220 0.0091 0.0736 0.0150 
 H081.5_2002  2 0.0096 0.0128 0.0042 0.0056 0.0097 0.0067 0.0069 0.0086 0.7416 0.0089 0.0071 0.0223 0.0062 0.0042 0.0048 0.0527 0.0085 0.0107 0.0069 0.0111 0.0123 0.0092 0.0081 0.0041 0.0110 0.0063 
 H081.5_2003  2 0.0133 0.1050 0.0319 0.0060 0.0112 0.0202 0.0053 0.0150 0.0838 0.0485 0.0237 0.0368 0.0165 0.0181 0.0141 0.0087 0.0132 0.0956 0.0529 0.2005 0.0138 0.0699 0.0310 0.0094 0.0384 0.0171 
      H081.6  2 0.0046 0.0049 0.0043 0.0038 0.0028 0.0090 0.0050 0.0038 0.8619 0.0063 0.0049 0.0054 0.0046 0.0048 0.0039 0.0099 0.0072 0.0061 0.0096 0.0070 0.0036 0.0039 0.0085 0.0035 0.0068 0.0037 
      H081.7  2 0.0039 0.0223 0.0066 0.0077 0.0133 0.0058 0.0052 0.0116 0.3348 0.0173 0.0048 0.0122 0.0096 0.0131 0.0067 0.2214 0.0136 0.0060 0.1991 0.0070 0.0286 0.0095 0.0166 0.0040 0.0148 0.0043 
      H081.8  2 0.0168 0.0186 0.0078 0.0159 0.0434 0.0086 0.0082 0.0081 0.0375 0.0157 0.0055 0.0314 0.0077 0.0113 0.0148 0.6162 0.0103 0.0144 0.0121 0.0111 0.0118 0.0179 0.0227 0.0046 0.0188 0.0088 
      H083.1  2 0.0044 0.0064 0.0082 0.0134 0.0064 0.0243 0.0073 0.0142 0.0842 0.0166 0.0099 0.0096 0.0078 0.0048 0.0250 0.6427 0.0053 0.0049 0.0108 0.0296 0.0029 0.0216 0.0083 0.0055 0.0173 0.0087 
      H083.2  2 0.0064 0.0103 0.0043 0.0078 0.0050 0.0121 0.0136 0.0219 0.0292 0.0165 0.0052 0.0047 0.0182 0.0067 0.0135 0.7353 0.0041 0.0067 0.0105 0.0211 0.0100 0.0084 0.0037 0.0034 0.0166 0.0048 
      H083.4  2 0.0037 0.0045 0.0038 0.0297 0.0277 0.0103 0.0097 0.0100 0.0237 0.0096 0.0045 0.0052 0.0097 0.0105 0.0581 0.6637 0.0212 0.0044 0.0171 0.0178 0.0096 0.0129 0.0061 0.0032 0.0138 0.0093 
      H083.5  2 0.0050 0.0049 0.0109 0.0092 0.0065 0.0113 0.0090 0.0173 0.0555 0.0083 0.0074 0.0045 0.0049 0.0062 0.0667 0.6604 0.0106 0.0058 0.0105 0.0260 0.0053 0.0142 0.0038 0.0048 0.0087 0.0225 
      H083.6  2 0.0046 0.0089 0.0295 0.0171 0.0136 0.0090 0.0168 0.0060 0.0365 0.0133 0.0071 0.0098 0.0063 0.0076 0.0831 0.6085 0.0069 0.0064 0.0232 0.0233 0.0047 0.0121 0.0154 0.0043 0.0185 0.0076 
      H083.7  2 0.0039 0.0039 0.0062 0.0235 0.0172 0.0074 0.0155 0.0089 0.0114 0.0093 0.0051 0.0043 0.0061 0.0231 0.0999 0.6606 0.0189 0.0052 0.0144 0.0127 0.0126 0.0050 0.0046 0.0040 0.0091 0.0072 
      H083.8  2 0.0049 0.0071 0.0041 0.0065 0.0044 0.0070 0.0159 0.0344 0.0088 0.0132 0.0060 0.0036 0.0119 0.0088 0.0086 0.7797 0.0059 0.0065 0.0117 0.0120 0.0077 0.0068 0.0034 0.0036 0.0129 0.0045 
      H083.9  2 0.0048 0.0044 0.0111 0.0071 0.0055 0.0100 0.0072 0.0154 0.0841 0.0119 0.0062 0.0048 0.0039 0.0050 0.1312 0.6057 0.0078 0.0046 0.0085 0.0145 0.0032 0.0154 0.0057 0.0061 0.0094 0.0064 
      H084.1  2 0.0129 0.0134 0.0627 0.0069 0.0102 0.0129 0.0090 0.0110 0.0047 0.0257 0.0147 0.5292 0.0866 0.0099 0.0061 0.0208 0.0100 0.0086 0.0073 0.0056 0.0054 0.0215 0.0046 0.0069 0.0238 0.0693 
      H084.2  2 0.0074 0.0357 0.0071 0.0077 0.0110 0.0058 0.0049 0.0045 0.0031 0.0238 0.0099 0.4198 0.2426 0.0050 0.0062 0.0384 0.0053 0.0073 0.0033 0.0103 0.0069 0.0282 0.0106 0.0049 0.0420 0.0483 
      H084.3  2 0.0112 0.0251 0.0797 0.0060 0.0059 0.0357 0.0053 0.0094 0.0067 0.0437 0.0198 0.1965 0.0286 0.0769 0.0102 0.0137 0.0050 0.0057 0.0060 0.0328 0.0079 0.0174 0.0162 0.0625 0.0231 0.2490 
      H084.4  2 0.2326 0.0347 0.0409 0.0036 0.0136 0.0121 0.0051 0.0110 0.0067 0.0278 0.0103 0.1379 0.0319 0.0126 0.0050 0.0210 0.0084 0.0061 0.0036 0.0437 0.0070 0.0310 0.0406 0.0280 0.0290 0.1958 
      H084.5  2 0.0354 0.0225 0.1335 0.0053 0.0072 0.1294 0.0060 0.0241 0.0059 0.0389 0.0145 0.3913 0.0145 0.0160 0.0057 0.0090 0.0048 0.0085 0.0087 0.0301 0.0056 0.0088 0.0183 0.0075 0.0099 0.0385 
      H084.6  2 0.0112 0.0073 0.0467 0.0042 0.0133 0.0480 0.0041 0.0219 0.0043 0.0165 0.0076 0.6058 0.0088 0.0401 0.0219 0.0094 0.0040 0.0057 0.0069 0.0117 0.0048 0.0073 0.0110 0.0171 0.0100 0.0503 
      H084.7  2 0.0302 0.0109 0.0134 0.0062 0.0117 0.0095 0.0060 0.0073 0.0057 0.0247 0.0135 0.5494 0.1419 0.0102 0.0055 0.0223 0.0066 0.0077 0.0049 0.0126 0.0068 0.0429 0.0137 0.0076 0.0169 0.0116 
      H084.8  2 0.0443 0.0090 0.2052 0.0047 0.0098 0.0246 0.0054 0.0214 0.0040 0.0340 0.0101 0.4375 0.0109 0.0227 0.0072 0.0096 0.0049 0.0056 0.0069 0.0134 0.0049 0.0082 0.0077 0.0200 0.0099 0.0582 
 H085.1_2002  2 0.0026 0.0072 0.0052 0.0055 0.0058 0.0119 0.0032 0.0066 0.0155 0.0076 0.0072 0.0127 0.0233 0.0068 0.0105 0.0289 0.0122 0.0111 0.6852 0.0059 0.0101 0.0276 0.0089 0.0057 0.0593 0.0138 
 H085.1_2003  2 0.0077 0.1012 0.0141 0.0216 0.0219 0.0054 0.0067 0.0162 0.2763 0.0387 0.0052 0.0090 0.0431 0.0111 0.0805 0.0960 0.0123 0.0129 0.0864 0.0064 0.0074 0.0394 0.0059 0.0148 0.0412 0.0187 
 H085.2_2002  2 0.0048 0.0643 0.0124 0.0149 0.0100 0.0104 0.0040 0.0053 0.0108 0.0293 0.0057 0.0138 0.0293 0.0188 0.1192 0.0391 0.0118 0.1276 0.1501 0.0196 0.0367 0.0454 0.0686 0.0099 0.0836 0.0547 
 H085.2_2003  2 0.0127 0.0242 0.0056 0.0184 0.0188 0.0069 0.0087 0.0263 0.4329 0.0222 0.0148 0.0116 0.0329 0.0060 0.0404 0.1191 0.0154 0.0133 0.0152 0.0133 0.0087 0.0414 0.0244 0.0230 0.0290 0.0146 
 H085.3_2002  2 0.0048 0.1548 0.0086 0.0082 0.0042 0.0041 0.0044 0.0063 0.0368 0.0381 0.0068 0.0050 0.0100 0.0084 0.0197 0.0053 0.0235 0.0399 0.5043 0.0118 0.0076 0.0231 0.0109 0.0222 0.0260 0.0053 
 H085.3_2003  2 0.0086 0.0598 0.0028 0.0154 0.0043 0.0028 0.0059 0.0050 0.7829 0.0119 0.0051 0.0048 0.0101 0.0050 0.0041 0.0044 0.0095 0.0041 0.0078 0.0057 0.0041 0.0066 0.0118 0.0086 0.0054 0.0034 
 H085.4_2002  2 0.0039 0.0379 0.0193 0.0202 0.0105 0.0118 0.0060 0.0069 0.0463 0.0391 0.0083 0.0157 0.0202 0.0110 0.0220 0.0757 0.0568 0.0287 0.3041 0.0057 0.0394 0.0347 0.0442 0.0099 0.0995 0.0220 
 H085.4_2003  2 0.0075 0.0201 0.0085 0.0051 0.0033 0.0318 0.0038 0.0079 0.4110 0.0461 0.0071 0.0228 0.0073 0.0137 0.0078 0.1106 0.0072 0.0322 0.0106 0.0163 0.0113 0.0493 0.0303 0.1125 0.0096 0.0063 
 H085.5_2002  2 0.0042 0.1103 0.0099 0.0056 0.0032 0.0034 0.0061 0.0062 0.0720 0.0128 0.0086 0.0041 0.0084 0.0082 0.0042 0.0039 0.0198 0.0252 0.6248 0.0049 0.0101 0.0100 0.0073 0.0073 0.0160 0.0037 
 H085.5_2003  2 0.0058 0.0091 0.0029 0.0243 0.0066 0.0054 0.0051 0.0117 0.6800 0.0102 0.0081 0.0119 0.0188 0.0052 0.0437 0.0310 0.0141 0.0046 0.0124 0.0057 0.0057 0.0195 0.0143 0.0189 0.0181 0.0067 
 H085.6_2002  2 0.0055 0.0473 0.0068 0.0076 0.0051 0.0060 0.0035 0.0081 0.0128 0.0153 0.0048 0.0046 0.0546 0.0041 0.0151 0.0091 0.0085 0.0164 0.5872 0.0108 0.0093 0.0193 0.0062 0.0082 0.1130 0.0107 
 H085.6_2003  2 0.0185 0.4487 0.0107 0.0071 0.0078 0.0056 0.0069 0.0166 0.1988 0.0441 0.0138 0.0078 0.0106 0.0114 0.0040 0.0170 0.0138 0.0308 0.0142 0.0227 0.0118 0.0216 0.0157 0.0171 0.0166 0.0065 
 H085.7_2002  2 0.0079 0.0930 0.0058 0.0089 0.0075 0.0059 0.0057 0.0329 0.0589 0.0387 0.0106 0.0148 0.0109 0.0078 0.0496 0.0346 0.0188 0.0527 0.2712 0.0546 0.0130 0.0564 0.0521 0.0279 0.0469 0.0128 
 H085.7_2003  2 0.0066 0.0709 0.0080 0.0275 0.0061 0.0046 0.0064 0.0113 0.6263 0.0501 0.0082 0.0054 0.0184 0.0110 0.0081 0.0298 0.0122 0.0086 0.0092 0.0060 0.0093 0.0080 0.0107 0.0130 0.0169 0.0073 
 H085.8_2002  2 0.0103 0.4709 0.0131 0.0223 0.0076 0.0050 0.0050 0.0073 0.0509 0.0366 0.0049 0.0087 0.0061 0.0104 0.0153 0.0115 0.0198 0.0629 0.0678 0.0382 0.0229 0.0108 0.0483 0.0078 0.0254 0.0105 
 H085.8_2003  2 0.0068 0.0302 0.0080 0.0097 0.0067 0.0147 0.0065 0.0253 0.0936 0.0574 0.0151 0.0130 0.0318 0.0181 0.0684 0.0800 0.0203 0.0272 0.0327 0.0130 0.0132 0.2545 0.0412 0.0718 0.0293 0.0114 
      H085.9  2 0.0061 0.0276 0.0092 0.0117 0.0100 0.0105 0.0053 0.0086 0.0631 0.0118 0.0092 0.0156 0.0091 0.0099 0.0129 0.0148 0.0265 0.0491 0.5266 0.0129 0.0095 0.0310 0.0375 0.0152 0.0302 0.0262 
      H088.1  2 0.0041 0.0055 0.0859 0.0233 0.0297 0.0043 0.0542 0.0095 0.0063 0.0187 0.0116 0.0097 0.0082 0.0156 0.0139 0.0145 0.0099 0.0189 0.0227 0.0077 0.0067 0.5808 0.0042 0.0145 0.0127 0.0070 
      H088.2  2 0.0028 0.0072 0.0425 0.0063 0.0104 0.0095 0.0110 0.0103 0.0041 0.0121 0.0074 0.0053 0.0127 0.0110 0.0083 0.0072 0.0050 0.0135 0.0231 0.0158 0.0096 0.7312 0.0050 0.0101 0.0122 0.0066 
      H088.3  2 0.0045 0.0078 0.0235 0.0058 0.0136 0.0078 0.0127 0.0131 0.0040 0.0092 0.0061 0.0074 0.0070 0.0070 0.0059 0.0058 0.0062 0.0168 0.0102 0.0167 0.0079 0.7685 0.0047 0.0086 0.0140 0.0055 
      H088.4  2 0.0070 0.0106 0.0063 0.0056 0.0104 0.0053 0.0172 0.0035 0.0048 0.0077 0.0057 0.0140 0.0073 0.0029 0.0025 0.0166 0.0057 0.0088 0.0041 0.0069 0.0070 0.8058 0.0047 0.0191 0.0068 0.0038 
      H088.5  2 0.0051 0.0046 0.0121 0.0077 0.0122 0.0039 0.0109 0.0056 0.0031 0.0049 0.0051 0.0051 0.0051 0.0042 0.0034 0.0088 0.0044 0.0056 0.0043 0.0041 0.0069 0.8550 0.0030 0.0052 0.0060 0.0037 
      H088.6  2 0.0053 0.0051 0.0159 0.0100 0.0188 0.0050 0.0147 0.0108 0.0059 0.0070 0.0077 0.0087 0.0045 0.0050 0.0051 0.0147 0.0051 0.0065 0.0051 0.0059 0.0062 0.8007 0.0036 0.0097 0.0073 0.0054 
      H088.7  2 0.0065 0.0053 0.0082 0.0035 0.0067 0.0090 0.0063 0.0110 0.0060 0.0061 0.0045 0.0043 0.0074 0.0043 0.0037 0.0175 0.0074 0.0053 0.0061 0.0064 0.0040 0.8383 0.0037 0.0086 0.0058 0.0044 
      H088.8  2 0.0096 0.0049 0.0120 0.0154 0.0314 0.0064 0.0262 0.0138 0.0087 0.0149 0.0087 0.0097 0.0061 0.0063 0.0055 0.0560 0.0100 0.0074 0.0070 0.0065 0.0059 0.6810 0.0050 0.0275 0.0091 0.0050 
      H091.1  2 0.0044 0.0591 0.0072 0.0342 0.0047 0.0075 0.0111 0.0141 0.0660 0.0411 0.0061 0.0063 0.0165 0.0071 0.0228 0.0102 0.0095 0.0062 0.0058 0.0036 0.0065 0.4590 0.0235 0.1303 0.0255 0.0118 
      H091.2  2 0.0089 0.0236 0.0047 0.0566 0.0074 0.0091 0.0100 0.0165 0.0423 0.0627 0.0075 0.0040 0.0200 0.0185 0.0236 0.0151 0.0342 0.0102 0.0042 0.0037 0.0058 0.5638 0.0101 0.0155 0.0184 0.0038 
      H109.1  2 0.0326 0.0120 0.0173 0.0143 0.0639 0.0578 0.0096 0.0902 0.0070 0.1435 0.0104 0.0333 0.1713 0.0106 0.0723 0.0191 0.0236 0.0136 0.0177 0.0089 0.0070 0.0075 0.0208 0.0062 0.0990 0.0304 
      H109.2  2 0.0411 0.0362 0.0093 0.0176 0.0098 0.0476 0.0085 0.0270 0.0169 0.0919 0.0056 0.3308 0.0960 0.0134 0.0151 0.0379 0.0375 0.0221 0.0060 0.0103 0.0123 0.0113 0.0145 0.0134 0.0482 0.0198 
      H109.3  2 0.1715 0.0510 0.0130 0.0575 0.0138 0.0159 0.0142 0.0917 0.0147 0.0731 0.0223 0.0558 0.1628 0.0159 0.0072 0.0164 0.0066 0.0063 0.0034 0.0188 0.0068 0.0163 0.0074 0.0217 0.1078 0.0084 
      H109.4  2 0.1891 0.0334 0.0094 0.1603 0.0383 0.0138 0.0252 0.0189 0.0108 0.1026 0.0089 0.0474 0.1209 0.0084 0.0084 0.0130 0.0155 0.0128 0.0068 0.0073 0.0146 0.0089 0.0100 0.0321 0.0543 0.0290 
      H109.5  2 0.1618 0.0249 0.0481 0.0147 0.0062 0.0143 0.0123 0.0281 0.0803 0.0730 0.0146 0.0770 0.1050 0.0096 0.0049 0.0563 0.0302 0.0106 0.0066 0.0190 0.0097 0.0610 0.0103 0.0479 0.0694 0.0039 
      H109.6  2 0.0256 0.0237 0.0219 0.0159 0.0905 0.0498 0.0107 0.0920 0.0144 0.1232 0.0114 0.1952 0.0386 0.0187 0.0100 0.0256 0.0480 0.0257 0.0069 0.0172 0.0118 0.0100 0.0103 0.0154 0.0726 0.0147 
      H126.1  2 0.0082 0.0110 0.0123 0.0217 0.0164 0.1329 0.0642 0.0135 0.0078 0.0692 0.0215 0.0050 0.0747 0.0065 0.0059 0.0098 0.0232 0.0263 0.0828 0.0097 0.2774 0.0118 0.0200 0.0223 0.0378 0.0077 
      H126.2  2 0.0131 0.0128 0.0053 0.0725 0.0087 0.0316 0.0221 0.0276 0.0546 0.1929 0.0155 0.0046 0.0089 0.0060 0.0144 0.0312 0.0399 0.0116 0.0424 0.0119 0.0823 0.0128 0.0126 0.0146 0.2249 0.0252 
      H126.3  2 0.0033 0.0042 0.0052 0.0070 0.0085 0.3807 0.0150 0.0071 0.0053 0.0766 0.0052 0.0032 0.0245 0.0038 0.0153 0.0716 0.0329 0.0094 0.0119 0.0039 0.0122 0.0579 0.0067 0.0048 0.2186 0.0051 
      H126.4  2 0.0073 0.0067 0.0069 0.0289 0.0070 0.0176 0.4207 0.0063 0.0099 0.0235 0.0082 0.0047 0.0090 0.0050 0.0043 0.0053 0.0102 0.0105 0.0066 0.0074 0.3574 0.0077 0.0048 0.0033 0.0141 0.0067 
      H126.5  2 0.0069 0.0156 0.0054 0.1047 0.0101 0.1009 0.0220 0.0063 0.1224 0.0470 0.0287 0.0057 0.0106 0.0093 0.0056 0.0165 0.2268 0.0483 0.0188 0.0292 0.0835 0.0076 0.0071 0.0081 0.0478 0.0050 
      H126.6  2 0.0046 0.0065 0.0031 0.0077 0.0040 0.1482 0.0035 0.0099 0.0536 0.0267 0.0067 0.0035 0.0094 0.0029 0.0053 0.1177 0.0582 0.0068 0.0586 0.0192 0.0131 0.0176 0.0041 0.0054 0.3994 0.0042 
      H126.7  2 0.0052 0.0136 0.0032 0.0651 0.0066 0.0288 0.0843 0.0079 0.2855 0.0290 0.0068 0.0072 0.0066 0.0076 0.0094 0.1533 0.0238 0.0055 0.0575 0.0235 0.0082 0.1119 0.0059 0.0070 0.0334 0.0031 
      H130.1  2 0.0168 0.0272 0.0132 0.0298 0.0222 0.0052 0.0121 0.0156 0.0051 0.0265 0.0218 0.0113 0.0256 0.0113 0.0110 0.0104 0.0095 0.3609 0.0072 0.0189 0.0637 0.0303 0.0100 0.0408 0.1880 0.0059 
      H130.2  2 0.0371 0.0328 0.0069 0.0162 0.0620 0.0044 0.0067 0.0331 0.0282 0.0480 0.0307 0.2153 0.0253 0.0209 0.0341 0.0247 0.0056 0.1530 0.0143 0.0441 0.0207 0.0320 0.0073 0.0149 0.0728 0.0087 
      H130.3  2 0.0034 0.0195 0.0067 0.0103 0.0145 0.0060 0.0318 0.0121 0.0151 0.0868 0.3704 0.0981 0.0425 0.0142 0.0055 0.0133 0.0066 0.0351 0.0051 0.0917 0.0109 0.0177 0.0048 0.0171 0.0569 0.0041 
      H130.4  2 0.0077 0.0122 0.0088 0.0398 0.0247 0.0050 0.0096 0.0141 0.0043 0.0234 0.1028 0.0153 0.0476 0.0196 0.0153 0.0086 0.0066 0.3335 0.0170 0.0160 0.0519 0.0221 0.0066 0.0122 0.1507 0.0248 
      H130.5  2 0.0073 0.0434 0.0136 0.0090 0.0118 0.0047 0.0043 0.0066 0.0284 0.0580 0.0092 0.0673 0.0254 0.0165 0.0143 0.0388 0.0053 0.3417 0.0172 0.0655 0.0175 0.0343 0.0064 0.0132 0.1358 0.0046 
      H133.1  2 0.0120 0.0117 0.0086 0.0047 0.0047 0.0058 0.0099 0.0141 0.0107 0.0442 0.0129 0.0127 0.6042 0.0055 0.0069 0.0236 0.0055 0.0211 0.0090 0.0100 0.0446 0.0122 0.0058 0.0078 0.0682 0.0235 
      H133.2  2 0.0424 0.0448 0.0070 0.0045 0.0119 0.0083 0.0085 0.0130 0.0114 0.0361 0.0151 0.0447 0.2595 0.0048 0.0035 0.0050 0.0119 0.0302 0.0180 0.0108 0.0225 0.0207 0.0058 0.0130 0.3403 0.0064 
      H133.3  2 0.0060 0.0147 0.0190 0.0050 0.0053 0.0077 0.0070 0.0116 0.0100 0.0417 0.0106 0.0107 0.6160 0.0071 0.0084 0.0331 0.0042 0.0140 0.0152 0.0041 0.0088 0.0382 0.0044 0.0071 0.0624 0.0277 
      H133.4  2 0.1161 0.0130 0.0077 0.0046 0.0219 0.0054 0.0090 0.0326 0.0093 0.0220 0.0209 0.0115 0.4540 0.0074 0.0058 0.0118 0.0167 0.0201 0.0129 0.0192 0.0118 0.0093 0.0066 0.0082 0.1177 0.0244 
      H133.5  2 0.0076 0.0114 0.0051 0.0070 0.0092 0.0051 0.0075 0.0039 0.0048 0.0127 0.0170 0.0154 0.5204 0.0036 0.0052 0.0058 0.0074 0.0110 0.0166 0.0138 0.0079 0.0171 0.0110 0.0044 0.2592 0.0099 
      H133.6  2 0.0107 0.0287 0.0111 0.0049 0.0173 0.0093 0.0086 0.0097 0.0056 0.0322 0.0121 0.0230 0.3492 0.0061 0.0106 0.0143 0.0144 0.0165 0.0187 0.0161 0.0659 0.0860 0.0074 0.0112 0.2052 0.0052 
      H133.7  2 0.0329 0.0419 0.0189 0.0043 0.0043 0.0069 0.0052 0.0611 0.0151 0.0725 0.0106 0.0045 0.4724 0.0165 0.0059 0.0173 0.0093 0.0249 0.0185 0.0079 0.0204 0.0101 0.0062 0.0161 0.0539 0.0424 
      H133.8  2 0.0165 0.0066 0.0062 0.0036 0.0046 0.0044 0.0056 0.0097 0.0061 0.0250 0.0145 0.0053 0.5451 0.0036 0.0061 0.0083 0.0044 0.0147 0.0514 0.0045 0.0156 0.0082 0.0336 0.0051 0.1707 0.0206 
      H133.9  2 0.0081 0.0130 0.0075 0.0058 0.0035 0.0056 0.0170 0.0133 0.0122 0.0334 0.0154 0.0099 0.6349 0.0049 0.0070 0.0268 0.0056 0.0140 0.0082 0.0126 0.0422 0.0091 0.0051 0.0083 0.0513 0.0251 
      H147.1  2 0.0078 0.0101 0.0176 0.0029 0.0043 0.0103 0.0038 0.0056 0.7401 0.0122 0.0027 0.0204 0.0035 0.0089 0.0071 0.0043 0.0091 0.0124 0.0074 0.0264 0.0083 0.0071 0.0241 0.0289 0.0057 0.0090 
      H147.2  2 0.0047 0.0108 0.0068 0.0034 0.0045 0.0059 0.0036 0.0037 0.8567 0.0073 0.0035 0.0088 0.0031 0.0046 0.0031 0.0051 0.0029 0.0056 0.0048 0.0166 0.0071 0.0067 0.0075 0.0059 0.0038 0.0036 
      H147.3  2 0.0049 0.0060 0.0037 0.0033 0.0023 0.0050 0.0047 0.0032 0.8921 0.0036 0.0031 0.0061 0.0030 0.0033 0.0035 0.0030 0.0055 0.0052 0.0079 0.0077 0.0045 0.0027 0.0045 0.0045 0.0040 0.0027 
      H147.4  2 0.0057 0.0031 0.0031 0.0026 0.0030 0.0039 0.0034 0.0043 0.8961 0.0035 0.0029 0.0089 0.0030 0.0024 0.0036 0.0037 0.0039 0.0029 0.0050 0.0048 0.0024 0.0030 0.0063 0.0055 0.0037 0.0092 
      H147.5  2 0.0088 0.0095 0.0137 0.0042 0.0094 0.0070 0.0163 0.0057 0.7526 0.0063 0.0044 0.0213 0.0031 0.0053 0.0077 0.0043 0.0057 0.0081 0.0104 0.0199 0.0062 0.0402 0.0065 0.0145 0.0056 0.0033 
      H147.6  2 0.0128 0.0082 0.0077 0.0064 0.0091 0.0092 0.0109 0.0052 0.7407 0.0103 0.0042 0.0326 0.0037 0.0055 0.0067 0.0042 0.0047 0.0061 0.0062 0.0220 0.0043 0.0411 0.0088 0.0175 0.0076 0.0045 
      H147.7  2 0.0135 0.0057 0.0049 0.0029 0.0030 0.0049 0.0053 0.0059 0.8594 0.0054 0.0038 0.0078 0.0026 0.0047 0.0075 0.0056 0.0042 0.0043 0.0043 0.0065 0.0034 0.0028 0.0081 0.0096 0.0038 0.0102 
      H147.8  2 0.0085 0.0042 0.0055 0.0042 0.0058 0.0053 0.0061 0.0077 0.8227 0.0088 0.0029 0.0185 0.0033 0.0028 0.0111 0.0081 0.0036 0.0029 0.0070 0.0068 0.0025 0.0172 0.0056 0.0098 0.0058 0.0133 
      H147.9  2 0.0072 0.0047 0.0049 0.0030 0.0032 0.0040 0.0045 0.0034 0.8935 0.0051 0.0033 0.0063 0.0031 0.0029 0.0032 0.0036 0.0048 0.0043 0.0053 0.0060 0.0039 0.0035 0.0052 0.0039 0.0040 0.0031 
      H148.1  2 0.0239 0.0346 0.0457 0.0095 0.0944 0.0311 0.0130 0.0169 0.0102 0.0758 0.0056 0.0451 0.0293 0.0230 0.0230 0.0119 0.0111 0.2178 0.0079 0.0403 0.0814 0.0143 0.0465 0.0267 0.0199 0.0411 
      H148.2  2 0.0093 0.0097 0.2459 0.0068 0.0439 0.0527 0.0135 0.0106 0.0109 0.0304 0.0044 0.0176 0.0392 0.0568 0.0152 0.0115 0.0071 0.2563 0.0164 0.0182 0.0311 0.0080 0.0201 0.0053 0.0286 0.0303 
      H148.3  2 0.0062 0.0156 0.0995 0.0073 0.0264 0.0138 0.0055 0.0118 0.0088 0.1138 0.0123 0.0118 0.0061 0.1886 0.0081 0.0147 0.0164 0.0217 0.0070 0.0079 0.0115 0.0104 0.2755 0.0145 0.0349 0.0500 
      H148.4  2 0.0087 0.0199 0.0874 0.0061 0.1636 0.0270 0.0115 0.0094 0.0086 0.0299 0.0056 0.0078 0.0137 0.0306 0.0080 0.0094 0.0072 0.3408 0.0112 0.0589 0.0336 0.0085 0.0395 0.0128 0.0165 0.0239 
      H148.5  2 0.0040 0.0080 0.2323 0.0067 0.1364 0.0250 0.0249 0.0113 0.0056 0.0455 0.0086 0.0449 0.0065 0.2314 0.0086 0.0103 0.0075 0.0545 0.0117 0.0176 0.0141 0.0204 0.0241 0.0119 0.0097 0.0185 
      H148.6  2 0.0072 0.0116 0.1018 0.0048 0.0478 0.0199 0.0080 0.0144 0.0097 0.0301 0.0049 0.0142 0.0086 0.1571 0.0380 0.0136 0.0106 0.2702 0.0118 0.0167 0.0228 0.0090 0.0532 0.0234 0.0082 0.0823 
      H148.7  2 0.0074 0.0108 0.2125 0.0200 0.1590 0.0268 0.0892 0.0246 0.0079 0.0571 0.0088 0.0133 0.0189 0.0509 0.0134 0.0054 0.0044 0.1331 0.0064 0.0263 0.0170 0.0130 0.0207 0.0139 0.0184 0.0209 
      H148.8  2 0.0050 0.0067 0.1906 0.0039 0.0358 0.0062 0.0128 0.0037 0.0066 0.0090 0.0035 0.0085 0.0046 0.0973 0.0039 0.0047 0.0051 0.4895 0.0093 0.0118 0.0096 0.0164 0.0167 0.0143 0.0080 0.0166 
      H148.9  2 0.0068 0.0116 0.0383 0.0094 0.0329 0.1079 0.0237 0.0556 0.0060 0.0662 0.0133 0.0144 0.0603 0.0557 0.0157 0.0088 0.0207 0.2131 0.0413 0.0075 0.0171 0.0067 0.0778 0.0121 0.0116 0.0654 
   H166022.1  2 0.0116 0.0060 0.0121 0.0047 0.0050 0.0065 0.0057 0.0094 0.0348 0.0117 0.0041 0.0425 0.0064 0.0071 0.0351 0.0082 0.0146 0.0074 0.0127 0.0434 0.0046 0.3614 0.0128 0.2985 0.0228 0.0109 
   H166022.2  2 0.0491 0.0123 0.0129 0.0095 0.0225 0.0117 0.0121 0.0282 0.0487 0.0505 0.0088 0.0679 0.0072 0.0131 0.0414 0.0235 0.0105 0.0160 0.0129 0.1564 0.0051 0.2065 0.0084 0.1319 0.0219 0.0110 
   H166022.3  2 0.0062 0.0099 0.0084 0.0127 0.0182 0.0058 0.0166 0.0115 0.0075 0.0186 0.0051 0.0159 0.0126 0.0167 0.1399 0.0056 0.0047 0.0182 0.0067 0.0326 0.0035 0.3615 0.0102 0.2321 0.0146 0.0048 
   H166022.4  2 0.0039 0.0087 0.0103 0.0155 0.0195 0.0055 0.0162 0.0076 0.0073 0.0102 0.0068 0.0126 0.0072 0.0053 0.0141 0.0050 0.0036 0.0053 0.0046 0.0630 0.0035 0.6902 0.0094 0.0516 0.0082 0.0047 
   H166022.5  2 0.0094 0.0115 0.0076 0.0093 0.0109 0.0064 0.0050 0.0089 0.0145 0.0175 0.0098 0.0565 0.0121 0.0081 0.0165 0.0090 0.0078 0.0059 0.0035 0.1006 0.0046 0.4613 0.0118 0.1722 0.0142 0.0049 
   H166022.6  2 0.0122 0.0143 0.0116 0.0076 0.0087 0.0062 0.0067 0.0325 0.0086 0.0199 0.0077 0.0270 0.0138 0.0048 0.0182 0.0061 0.0052 0.0205 0.0064 0.0243 0.0083 0.2743 0.0187 0.3978 0.0201 0.0188 
   H166022.7  2 0.0300 0.0043 0.0043 0.0079 0.8312 0.0049 0.0052 0.0047 0.0055 0.0095 0.0061 0.0071 0.0049 0.0035 0.0034 0.0073 0.0103 0.0046 0.0032 0.0046 0.0086 0.0076 0.0048 0.0055 0.0065 0.0043 
   H166022.8  2 0.0078 0.0305 0.0108 0.0052 0.0057 0.0071 0.0053 0.0138 0.0198 0.0261 0.0174 0.0902 0.0126 0.0064 0.0191 0.0086 0.0174 0.0379 0.0160 0.3252 0.0240 0.0585 0.0181 0.1786 0.0309 0.0070 
   H167397.1  2 0.0190 0.0095 0.0124 0.0057 0.0065 0.0092 0.0052 0.0055 0.0237 0.0205 0.0045 0.0180 0.0042 0.0076 0.0036 0.0248 0.0107 0.0076 0.0046 0.0127 0.0152 0.0131 0.0116 0.2871 0.0067 0.4507 
   H167397.2  2 0.0091 0.0099 0.0103 0.0065 0.0117 0.0088 0.0073 0.0099 0.0549 0.0168 0.0074 0.0148 0.0118 0.0068 0.0315 0.0116 0.0105 0.0728 0.0351 0.0380 0.0208 0.0161 0.0917 0.0097 0.0248 0.4512 
   H167397.3  2 0.0127 0.0048 0.0054 0.0061 0.0052 0.0189 0.0031 0.0067 0.0353 0.0257 0.0075 0.0136 0.0075 0.0102 0.0064 0.0504 0.0204 0.0101 0.0040 0.0101 0.0191 0.0126 0.0085 0.1306 0.0101 0.5549 
   H167397.4  2 0.0112 0.0073 0.0526 0.0080 0.0091 0.0095 0.0081 0.0406 0.0413 0.0156 0.0083 0.0150 0.0156 0.0086 0.0200 0.0156 0.0069 0.0267 0.0326 0.0116 0.0040 0.0098 0.1194 0.0076 0.0147 0.4805 
   H167397.5  2 0.0254 0.0172 0.0088 0.0142 0.0168 0.0053 0.0092 0.0063 0.0328 0.0178 0.0050 0.0284 0.0070 0.0109 0.0075 0.0122 0.0073 0.0201 0.0067 0.0287 0.0168 0.0225 0.0655 0.0184 0.0112 0.5782 
   H167397.6  2 0.0071 0.0057 0.0204 0.0084 0.0055 0.0719 0.0099 0.0093 0.0141 0.0359 0.0185 0.0054 0.0150 0.0067 0.0061 0.0559 0.0140 0.0197 0.0107 0.0073 0.0094 0.0180 0.0158 0.0666 0.0104 0.5325 
   H167496.1  2 0.0117 0.0146 0.0993 0.0463 0.0053 0.0164 0.0152 0.0107 0.0055 0.0421 0.0148 0.0084 0.0467 0.0451 0.0206 0.0249 0.0131 0.0118 0.0040 0.0177 0.0120 0.3495 0.0267 0.0999 0.0298 0.0078 
   H167496.2  2 0.0162 0.0944 0.0405 0.0309 0.0505 0.0676 0.0121 0.0405 0.0144 0.0664 0.0097 0.0198 0.0330 0.0672 0.0066 0.1296 0.0104 0.0162 0.0130 0.0640 0.0221 0.0908 0.0102 0.0154 0.0505 0.0079 
