      H008.1  2 0.0064 0.0447 0.0081 0.0119 0.7559 0.0287 0.0635 0.0083 0.0148 0.0069 0.0082 0.0181 0.0108 0.0136 
      H008.2  2 0.0782 0.4976 0.0544 0.0085 0.0541 0.0184 0.0397 0.0317 0.0332 0.0197 0.0148 0.0632 0.0524 0.0342 
      H008.3  2 0.0539 0.3486 0.0567 0.0144 0.0408 0.0383 0.0700 0.0313 0.0187 0.0377 0.0149 0.1941 0.0135 0.0672 
      H008.4  2 0.0554 0.1362 0.0188 0.0162 0.4959 0.0423 0.1283 0.0098 0.0197 0.0212 0.0157 0.0166 0.0124 0.0113 
      H008.5  2 0.0191 0.0597 0.0169 0.0089 0.7244 0.0267 0.0309 0.0140 0.0074 0.0351 0.0105 0.0233 0.0072 0.0158 
      H008.6  2 0.0752 0.5758 0.0260 0.0079 0.1063 0.0237 0.0419 0.0172 0.0363 0.0190 0.0230 0.0308 0.0111 0.0059 
      H008.7  2 0.0661 0.3651 0.0176 0.0171 0.2504 0.0205 0.0748 0.0082 0.0378 0.0365 0.0208 0.0267 0.0176 0.0407 
      H008.8  2 0.0160 0.0267 0.0396 0.0123 0.0881 0.0303 0.4662 0.0172 0.0996 0.0083 0.0228 0.0164 0.1251 0.0315 
      H008.9  2 0.1812 0.4774 0.0231 0.0199 0.0160 0.0207 0.0287 0.0129 0.1331 0.0120 0.0210 0.0315 0.0128 0.0096 
 H029.1_2002  2 0.0168 0.0082 0.0071 0.0114 0.7240 0.0132 0.0194 0.0072 0.0303 0.0810 0.0441 0.0092 0.0185 0.0095 
 H029.1_2003  2 0.0176 0.0166 0.0107 0.0054 0.3071 0.0362 0.0395 0.0201 0.0280 0.3982 0.0337 0.0518 0.0273 0.0078 
 H029.2_2002  2 0.0266 0.0185 0.0119 0.0046 0.7856 0.0103 0.0083 0.0073 0.0077 0.0305 0.0224 0.0325 0.0071 0.0267 
 H029.2_2003  2 0.0415 0.0115 0.0298 0.0062 0.5029 0.0120 0.0138 0.0327 0.0171 0.1541 0.0302 0.1254 0.0127 0.0102 
 H029.3_2002  2 0.1170 0.0090 0.0214 0.0057 0.6195 0.0124 0.0289 0.0250 0.0095 0.0278 0.0313 0.0351 0.0195 0.0380 
 H029.3_2003  2 0.0073 0.0202 0.0049 0.0057 0.7797 0.0194 0.0108 0.0130 0.0042 0.0940 0.0068 0.0147 0.0137 0.0057 
 H029.4_2002  2 0.0108 0.0068 0.0037 0.0058 0.8890 0.0159 0.0138 0.0072 0.0043 0.0156 0.0041 0.0059 0.0088 0.0083 
 H029.4_2003  2 0.0197 0.0130 0.0127 0.0051 0.3184 0.0561 0.1369 0.0151 0.0168 0.3010 0.0107 0.0265 0.0597 0.0084 
 H029.5_2002  2 0.0052 0.0129 0.0038 0.0082 0.8522 0.0188 0.0058 0.0077 0.0057 0.0470 0.0075 0.0073 0.0069 0.0110 
 H029.5_2003  2 0.0099 0.0125 0.0049 0.0049 0.7268 0.0122 0.0222 0.0082 0.0124 0.1267 0.0075 0.0340 0.0135 0.0043 
 H029.6_2002  2 0.0257 0.0051 0.0066 0.0052 0.8067 0.0114 0.0157 0.0058 0.0049 0.0734 0.0050 0.0080 0.0133 0.0131 
 H029.6_2003  2 0.0078 0.0099 0.0094 0.0172 0.7122 0.0407 0.0095 0.0196 0.0127 0.0355 0.0239 0.0634 0.0279 0.0104 
      H029.7  2 0.0154 0.0074 0.0104 0.0047 0.8834 0.0076 0.0090 0.0048 0.0069 0.0105 0.0112 0.0102 0.0059 0.0128 
      H030.1  2 0.0047 0.0514 0.0103 0.0284 0.0377 0.0135 0.0081 0.4716 0.0122 0.2399 0.0246 0.0387 0.0427 0.0162 
      H030.2  2 0.0937 0.0409 0.0048 0.0367 0.0615 0.0162 0.0401 0.4226 0.0109 0.0315 0.0485 0.0099 0.0176 0.1651 
      H038.1  2 0.0198 0.0042 0.0077 0.0038 0.9092 0.0071 0.0079 0.0056 0.0066 0.0056 0.0075 0.0043 0.0054 0.0051 
      H038.2  2 0.0058 0.0080 0.0030 0.0134 0.9121 0.0056 0.0061 0.0081 0.0043 0.0060 0.0095 0.0058 0.0054 0.0070 
      H038.3  2 0.0317 0.0148 0.0049 0.0100 0.8386 0.0123 0.0064 0.0290 0.0082 0.0051 0.0154 0.0069 0.0088 0.0078 
      H038.4  2 0.0179 0.0112 0.0043 0.0167 0.8774 0.0096 0.0066 0.0115 0.0060 0.0050 0.0107 0.0036 0.0115 0.0077 
      H038.5  2 0.0182 0.0062 0.0035 0.0099 0.8630 0.0061 0.0068 0.0192 0.0055 0.0070 0.0052 0.0083 0.0293 0.0117 
      H038.6  2 0.0100 0.0073 0.0038 0.0037 0.8990 0.0045 0.0120 0.0083 0.0056 0.0097 0.0128 0.0105 0.0077 0.0051 
      H038.7  2 0.0093 0.0085 0.0039 0.0054 0.8926 0.0053 0.0072 0.0130 0.0052 0.0056 0.0233 0.0064 0.0104 0.0037 
      H038.8  2 0.0647 0.0061 0.0040 0.0157 0.8163 0.0088 0.0089 0.0253 0.0074 0.0048 0.0108 0.0061 0.0118 0.0092 
      H041.1  2 0.0243 0.0620 0.0187 0.0165 0.1827 0.3090 0.0117 0.0101 0.0118 0.1569 0.0046 0.0127 0.0213 0.1579 
      H041.2  2 0.0110 0.0641 0.0072 0.0068 0.0372 0.5857 0.0083 0.0067 0.0093 0.2333 0.0086 0.0103 0.0047 0.0069 
      H041.4  2 0.0361 0.0672 0.0215 0.0170 0.3378 0.0748 0.0478 0.0111 0.0271 0.3108 0.0111 0.0102 0.0135 0.0142 
      H041.6  2 0.0130 0.0299 0.0396 0.0240 0.2629 0.1503 0.0699 0.0117 0.0402 0.2975 0.0196 0.0113 0.0117 0.0186 
 H042.1_2002  2 0.0202 0.0077 0.0121 0.0548 0.0099 0.0230 0.0745 0.0077 0.0288 0.7174 0.0134 0.0139 0.0090 0.0076 
 H042.1_2003  2 0.0836 0.2476 0.0159 0.0337 0.0575 0.2361 0.0238 0.0248 0.0565 0.0399 0.0833 0.0716 0.0126 0.0131 
 H042.2_2002  2 0.0223 0.0078 0.0055 0.0114 0.0787 0.0171 0.6667 0.0049 0.0039 0.1322 0.0060 0.0225 0.0094 0.0117 
 H042.2_2003  2 0.0072 0.0206 0.0087 0.0185 0.0551 0.5168 0.0184 0.0098 0.0248 0.2699 0.0186 0.0194 0.0086 0.0037 
 H042.3_2002  2 0.0146 0.0119 0.0096 0.0161 0.0071 0.0434 0.5362 0.0213 0.0121 0.2859 0.0096 0.0170 0.0085 0.0066 
 H042.3_2003  2 0.0314 0.0196 0.0094 0.0172 0.0244 0.0330 0.7095 0.0171 0.0119 0.0611 0.0086 0.0185 0.0098 0.0285 
 H042.4_2002  2 0.0199 0.0065 0.0067 0.0390 0.0239 0.0188 0.0144 0.0127 0.0200 0.8045 0.0063 0.0108 0.0065 0.0100 
 H042.4_2003  2 0.0097 0.0136 0.0153 0.0165 0.0623 0.0108 0.0135 0.0085 0.0301 0.7789 0.0113 0.0067 0.0097 0.0130 
      H042.5  2 0.0033 0.0077 0.0084 0.0067 0.0056 0.0060 0.0083 0.0046 0.0069 0.9201 0.0045 0.0077 0.0059 0.0043 
      H042.6  2 0.0177 0.0046 0.0383 0.0095 0.0133 0.0064 0.1066 0.0072 0.0156 0.7400 0.0134 0.0077 0.0095 0.0102 
      H042.7  2 0.0076 0.0127 0.0108 0.0912 0.0165 0.0990 0.0845 0.0081 0.0170 0.5569 0.0641 0.0095 0.0145 0.0075 
      H042.8  2 0.0289 0.0199 0.0224 0.0108 0.0110 0.0641 0.1104 0.0059 0.0120 0.6762 0.0081 0.0182 0.0077 0.0042 
   H042_2002  2 0.0251 0.0329 0.0317 0.0163 0.0429 0.0599 0.5554 0.0121 0.0546 0.0527 0.0797 0.0161 0.0159 0.0047 
   H042_2003  2 0.0291 0.0254 0.0362 0.0131 0.0361 0.0635 0.5579 0.0110 0.0452 0.0404 0.0979 0.0211 0.0183 0.0049 
      H043.1  2 0.0752 0.0225 0.0123 0.0048 0.0266 0.0073 0.0388 0.0127 0.0084 0.0074 0.0079 0.0081 0.7549 0.0133 
      H043.2  2 0.3010 0.0083 0.1662 0.0059 0.0982 0.0624 0.0836 0.0108 0.1263 0.0051 0.0117 0.0117 0.1037 0.0050 
      H043.3  2 0.0402 0.0136 0.0270 0.0070 0.3122 0.0144 0.0704 0.0147 0.0332 0.0114 0.1351 0.0112 0.3051 0.0046 
      H043.4  2 0.2425 0.0475 0.2601 0.0098 0.1049 0.0158 0.0790 0.0086 0.0557 0.0145 0.0348 0.0135 0.1071 0.0062 
      H043.5  2 0.3757 0.0198 0.0082 0.0048 0.1149 0.0546 0.1944 0.0131 0.0558 0.0065 0.0084 0.0096 0.1280 0.0062 
      H043.6  2 0.2965 0.0052 0.0132 0.0065 0.3973 0.0263 0.0731 0.0155 0.0491 0.0109 0.0177 0.0098 0.0749 0.0040 
      H043.7  2 0.1607 0.0133 0.2363 0.0069 0.0962 0.0334 0.0317 0.0379 0.0869 0.0089 0.0633 0.0094 0.2113 0.0039 
      H043.8  2 0.0136 0.0059 0.0286 0.0086 0.0124 0.0328 0.0302 0.0334 0.0296 0.0052 0.0101 0.0084 0.7739 0.0075 
      H043.9  2 0.0355 0.0085 0.0188 0.0047 0.0576 0.0072 0.0391 0.0097 0.0114 0.0100 0.0192 0.0067 0.7642 0.0074 
      H047.1  2 0.0065 0.5177 0.0064 0.0042 0.3340 0.0078 0.0599 0.0067 0.0144 0.0063 0.0147 0.0103 0.0051 0.0059 
      H047.2  2 0.0041 0.8077 0.0079 0.0100 0.0713 0.0148 0.0077 0.0062 0.0104 0.0102 0.0159 0.0140 0.0061 0.0136 
      H047.3  2 0.0050 0.7611 0.0103 0.0113 0.0656 0.0492 0.0135 0.0068 0.0119 0.0087 0.0181 0.0129 0.0090 0.0166 
      H047.4  2 0.0042 0.5961 0.0077 0.0130 0.1549 0.0732 0.0208 0.0085 0.0170 0.0227 0.0541 0.0088 0.0120 0.0071 
      H047.5  2 0.0047 0.6876 0.0362 0.0129 0.0811 0.0449 0.0570 0.0074 0.0078 0.0084 0.0256 0.0137 0.0074 0.0055 
      H047.6  2 0.0042 0.8631 0.0062 0.0075 0.0181 0.0352 0.0080 0.0054 0.0083 0.0119 0.0115 0.0072 0.0052 0.0080 
      H047.7  2 0.0088 0.4533 0.0065 0.0094 0.3437 0.0165 0.1067 0.0056 0.0076 0.0113 0.0101 0.0097 0.0031 0.0079 
      H047.8  2 0.0035 0.7949 0.0084 0.0069 0.0412 0.0592 0.0146 0.0048 0.0113 0.0171 0.0122 0.0127 0.0055 0.0076 
      H047.9  2 0.0047 0.4855 0.0184 0.0265 0.1985 0.0183 0.1569 0.0087 0.0101 0.0129 0.0257 0.0204 0.0065 0.0067 
 H071.1_2002  2 0.0055 0.0048 0.0125 0.0049 0.9149 0.0060 0.0095 0.0057 0.0073 0.0062 0.0071 0.0055 0.0061 0.0040 
 H071.1_2003  2 0.0118 0.0104 0.0772 0.0066 0.7702 0.0167 0.0076 0.0245 0.0254 0.0099 0.0171 0.0106 0.0076 0.0043 
     H071.10  2 0.0084 0.0036 0.0053 0.0079 0.8793 0.0045 0.0308 0.0162 0.0052 0.0046 0.0064 0.0044 0.0155 0.0079 
 H071.2_2002  2 0.0089 0.0077 0.0155 0.0055 0.8800 0.0070 0.0178 0.0084 0.0159 0.0050 0.0095 0.0067 0.0082 0.0038 
 H071.2_2003  2 0.0035 0.0050 0.0060 0.0032 0.9387 0.0050 0.0048 0.0050 0.0049 0.0059 0.0048 0.0057 0.0041 0.0036 
      H071.3  2 0.0083 0.0130 0.0062 0.0119 0.8489 0.0088 0.0296 0.0277 0.0049 0.0078 0.0084 0.0063 0.0114 0.0069 
 H071.4_2002  2 0.0143 0.0058 0.0080 0.0163 0.8476 0.0059 0.0234 0.0119 0.0081 0.0055 0.0061 0.0057 0.0354 0.0062 
 H071.4_2003  2 0.0036 0.0073 0.0046 0.0075 0.8905 0.0040 0.0385 0.0098 0.0047 0.0041 0.0072 0.0065 0.0068 0.0050 
 H071.5_2002  2 0.0064 0.0041 0.0059 0.0049 0.9207 0.0036 0.0142 0.0075 0.0040 0.0055 0.0058 0.0046 0.0073 0.0053 
 H071.5_2003  2 0.0038 0.0078 0.0091 0.0164 0.8111 0.0076 0.0685 0.0203 0.0134 0.0070 0.0083 0.0083 0.0144 0.0041 
 H071.6_2002  2 0.0051 0.0050 0.0075 0.0056 0.6840 0.0054 0.2301 0.0102 0.0064 0.0055 0.0060 0.0050 0.0205 0.0037 
 H071.6_2003  2 0.0038 0.0054 0.0066 0.0067 0.8663 0.0054 0.0345 0.0202 0.0106 0.0059 0.0094 0.0053 0.0149 0.0049 
 H071.7_2002  2 0.0049 0.0079 0.0104 0.0042 0.9002 0.0062 0.0205 0.0043 0.0054 0.0051 0.0148 0.0049 0.0074 0.0038 
 H071.7_2003  2 0.0048 0.0057 0.0080 0.0108 0.8702 0.0048 0.0203 0.0287 0.0089 0.0061 0.0081 0.0078 0.0110 0.0048 
      H071.8  2 0.0060 0.0095 0.0136 0.0042 0.9014 0.0092 0.0111 0.0055 0.0086 0.0050 0.0069 0.0058 0.0088 0.0043 
      H071.9  2 0.0142 0.0113 0.0138 0.0140 0.5657 0.0185 0.1322 0.0177 0.0141 0.0132 0.0072 0.0078 0.1619 0.0084 
 H081.1_2002  2 0.0047 0.0051 0.0153 0.0068 0.9051 0.0060 0.0149 0.0053 0.0065 0.0074 0.0069 0.0065 0.0039 0.0055 
 H081.1_2003  2 0.2684 0.0280 0.0163 0.0155 0.0498 0.0462 0.0271 0.1417 0.1044 0.1048 0.1367 0.0236 0.0172 0.0203 
 H081.2_2002  2 0.0059 0.0113 0.0768 0.0085 0.8275 0.0052 0.0104 0.0049 0.0144 0.0065 0.0127 0.0056 0.0057 0.0047 
 H081.2_2003  2 0.0096 0.0103 0.0619 0.0095 0.0296 0.0096 0.0285 0.7516 0.0152 0.0153 0.0067 0.0073 0.0203 0.0248 
 H081.3_2002  2 0.0076 0.0204 0.0361 0.0088 0.8450 0.0079 0.0081 0.0101 0.0158 0.0083 0.0081 0.0053 0.0121 0.0064 
 H081.3_2003  2 0.0190 0.0161 0.0569 0.0135 0.0149 0.0130 0.0242 0.5398 0.0741 0.0152 0.0088 0.0135 0.1782 0.0126 
 H081.4_2002  2 0.0042 0.0070 0.0050 0.0061 0.9036 0.0058 0.0108 0.0099 0.0070 0.0101 0.0087 0.0083 0.0066 0.0069 
 H081.4_2003  2 0.0188 0.0083 0.0418 0.0302 0.0236 0.0170 0.0156 0.5702 0.0908 0.0905 0.0170 0.0382 0.0259 0.0120 
 H081.5_2002  2 0.0052 0.0094 0.0068 0.0055 0.9069 0.0059 0.0082 0.0104 0.0083 0.0082 0.0088 0.0057 0.0068 0.0038 
 H081.5_2003  2 0.0282 0.0257 0.1326 0.0274 0.0590 0.0922 0.0199 0.3004 0.0970 0.0925 0.0715 0.0241 0.0163 0.0134 
      H081.6  2 0.0051 0.0050 0.0152 0.0059 0.8991 0.0070 0.0155 0.0075 0.0054 0.0059 0.0112 0.0075 0.0044 0.0053 
      H081.7  2 0.0046 0.0068 0.0705 0.0115 0.8349 0.0074 0.0109 0.0112 0.0112 0.0070 0.0059 0.0048 0.0074 0.0059 
      H081.8  2 0.0131 0.0084 0.0093 0.0134 0.8111 0.0101 0.0272 0.0430 0.0108 0.0115 0.0071 0.0050 0.0177 0.0122 
      H083.1  2 0.0088 0.0100 0.0077 0.0052 0.8619 0.0060 0.0178 0.0091 0.0037 0.0188 0.0136 0.0096 0.0071 0.0208 
      H083.2  2 0.0073 0.0475 0.0177 0.0122 0.7862 0.0060 0.0187 0.0056 0.0116 0.0089 0.0190 0.0074 0.0233 0.0285 
      H083.4  2 0.0180 0.0160 0.0207 0.0160 0.6589 0.0062 0.0735 0.0073 0.0097 0.0108 0.0099 0.0055 0.0430 0.1045 
      H083.5  2 0.0242 0.0157 0.0152 0.0066 0.7766 0.0102 0.0123 0.0047 0.0063 0.0244 0.0152 0.0078 0.0083 0.0726 
      H083.6  2 0.0132 0.0080 0.0109 0.0140 0.7556 0.0085 0.0257 0.0073 0.0063 0.0127 0.0096 0.0105 0.0099 0.1078 
      H083.7  2 0.0133 0.0204 0.0174 0.0333 0.5805 0.0064 0.0386 0.0053 0.0078 0.0061 0.0109 0.0066 0.0193 0.2339 
      H083.8  2 0.0071 0.0905 0.0144 0.0139 0.7641 0.0061 0.0132 0.0053 0.0091 0.0116 0.0148 0.0084 0.0194 0.0221 
      H083.9  2 0.0080 0.0167 0.0085 0.0062 0.7744 0.0078 0.0105 0.0060 0.0044 0.0230 0.0087 0.0074 0.0056 0.1128 
      H084.1  2 0.0752 0.0123 0.0086 0.0118 0.0137 0.0200 0.0213 0.7624 0.0097 0.0148 0.0052 0.0120 0.0249 0.0082 
      H084.2  2 0.0739 0.0053 0.0044 0.0054 0.0106 0.0055 0.0134 0.7533 0.0118 0.0140 0.0080 0.0166 0.0683 0.0094 
      H084.3  2 0.2283 0.0108 0.0069 0.0762 0.0093 0.1017 0.0090 0.4512 0.0088 0.0201 0.0266 0.0207 0.0155 0.0147 
      H084.4  2 0.1588 0.0127 0.0042 0.0172 0.0132 0.1325 0.0113 0.5243 0.0140 0.0331 0.0374 0.0134 0.0217 0.0062 
      H084.5  2 0.0370 0.0236 0.0077 0.0128 0.0069 0.1612 0.0094 0.6759 0.0079 0.0070 0.0229 0.0135 0.0088 0.0053 
      H084.6  2 0.0829 0.0214 0.0111 0.0384 0.0063 0.0634 0.0069 0.6835 0.0075 0.0079 0.0144 0.0061 0.0150 0.0351 
      H084.7  2 0.0111 0.0060 0.0048 0.0085 0.0086 0.0080 0.0088 0.8593 0.0087 0.0265 0.0068 0.0109 0.0267 0.0055 
      H084.8  2 0.0627 0.0265 0.0082 0.0218 0.0073 0.1558 0.0066 0.6591 0.0064 0.0108 0.0084 0.0083 0.0096 0.0085 
 H085.1_2002  2 0.0185 0.0059 0.8687 0.0048 0.0257 0.0055 0.0106 0.0071 0.0084 0.0148 0.0056 0.0049 0.0089 0.0103 
 H085.1_2003  2 0.0168 0.0144 0.1392 0.0136 0.5566 0.0210 0.0252 0.0241 0.0081 0.0411 0.0042 0.0097 0.0439 0.0820 
 H085.2_2002  2 0.0790 0.0083 0.4387 0.0344 0.0479 0.0147 0.0387 0.0214 0.1566 0.0363 0.0163 0.0064 0.0176 0.0835 
 H085.2_2003  2 0.0113 0.0414 0.0237 0.0076 0.7136 0.0135 0.0177 0.0101 0.0110 0.0535 0.0114 0.0159 0.0342 0.0351 
 H085.3_2002  2 0.0057 0.0064 0.8801 0.0083 0.0085 0.0117 0.0079 0.0047 0.0145 0.0218 0.0062 0.0054 0.0062 0.0126 
 H085.3_2003  2 0.0049 0.0102 0.0640 0.0076 0.7640 0.0418 0.0116 0.0275 0.0074 0.0167 0.0066 0.0142 0.0169 0.0066 
 H085.4_2002  2 0.0324 0.0079 0.5665 0.0182 0.1198 0.0136 0.0793 0.0244 0.0633 0.0215 0.0079 0.0085 0.0170 0.0197 
 H085.4_2003  2 0.0068 0.0110 0.0146 0.0285 0.6632 0.0523 0.0200 0.0388 0.0210 0.1016 0.0204 0.0067 0.0077 0.0075 
 H085.5_2002  2 0.0053 0.0076 0.9117 0.0073 0.0072 0.0093 0.0068 0.0055 0.0123 0.0079 0.0035 0.0053 0.0055 0.0046 
 H085.5_2003  2 0.0069 0.0126 0.0245 0.0078 0.8347 0.0062 0.0088 0.0114 0.0070 0.0225 0.0076 0.0106 0.0106 0.0288 
 H085.6_2002  2 0.0088 0.0073 0.8882 0.0054 0.0082 0.0072 0.0084 0.0078 0.0149 0.0102 0.0055 0.0038 0.0137 0.0105 
 H085.6_2003  2 0.0071 0.0401 0.0962 0.0297 0.1554 0.4096 0.0145 0.0355 0.0675 0.0584 0.0293 0.0159 0.0316 0.0093 
 H085.7_2002  2 0.0159 0.0284 0.5844 0.0128 0.0477 0.0122 0.0159 0.0123 0.0828 0.1005 0.0254 0.0102 0.0117 0.0397 
 H085.7_2003  2 0.0095 0.0123 0.0233 0.0117 0.7686 0.0574 0.0229 0.0197 0.0101 0.0158 0.0054 0.0134 0.0197 0.0101 
 H085.8_2002  2 0.0165 0.0076 0.4703 0.0230 0.0692 0.0885 0.0270 0.0403 0.1524 0.0205 0.0239 0.0109 0.0323 0.0176 
 H085.8_2003  2 0.0167 0.0458 0.0515 0.0557 0.2477 0.0390 0.0540 0.0220 0.0302 0.2795 0.0148 0.0163 0.0248 0.1021 
      H085.9  2 0.0280 0.0075 0.7504 0.0105 0.0647 0.0136 0.0132 0.0131 0.0192 0.0352 0.0120 0.0079 0.0090 0.0157 
      H088.1  2 0.0098 0.0106 0.0182 0.0202 0.0087 0.0085 0.0171 0.0075 0.0156 0.8244 0.0082 0.0251 0.0145 0.0116 
      H088.2  2 0.0084 0.0103 0.0163 0.0100 0.0057 0.0059 0.0109 0.0062 0.0133 0.8737 0.0129 0.0112 0.0072 0.0081 
      H088.3  2 0.0054 0.0091 0.0105 0.0056 0.0043 0.0077 0.0115 0.0053 0.0087 0.8960 0.0128 0.0069 0.0088 0.0074 
      H088.4  2 0.0049 0.0052 0.0040 0.0036 0.0102 0.0058 0.0074 0.0189 0.0100 0.8955 0.0093 0.0103 0.0109 0.0040 
      H088.5  2 0.0061 0.0059 0.0056 0.0056 0.0055 0.0078 0.0069 0.0062 0.0103 0.9162 0.0049 0.0062 0.0083 0.0043 
      H088.6  2 0.0053 0.0126 0.0056 0.0066 0.0113 0.0112 0.0126 0.0081 0.0088 0.8872 0.0067 0.0101 0.0085 0.0053 
      H088.7  2 0.0062 0.0281 0.0056 0.0049 0.0164 0.0083 0.0089 0.0057 0.0049 0.8827 0.0093 0.0072 0.0057 0.0063 
      H088.8  2 0.0069 0.0155 0.0067 0.0125 0.0320 0.0109 0.0182 0.0098 0.0103 0.8307 0.0076 0.0158 0.0170 0.0061 
      H091.1  2 0.0072 0.0074 0.0083 0.0098 0.0368 0.0306 0.0269 0.0131 0.0066 0.7898 0.0055 0.0118 0.0275 0.0186 
      H091.2  2 0.0055 0.0211 0.0083 0.0191 0.0374 0.0468 0.0871 0.0075 0.0100 0.6660 0.0087 0.0159 0.0320 0.0345 
      H109.1  2 0.0224 0.1614 0.0164 0.0082 0.0147 0.0384 0.1224 0.0796 0.0112 0.0089 0.0104 0.0136 0.3901 0.1024 
      H109.2  2 0.0165 0.0487 0.0066 0.0286 0.0401 0.0210 0.1135 0.5483 0.0188 0.0230 0.0165 0.0120 0.0799 0.0266 
      H109.3  2 0.0135 0.2277 0.0054 0.0147 0.0465 0.0912 0.0562 0.1398 0.0097 0.0638 0.0207 0.0343 0.2634 0.0131 
      H109.4  2 0.0177 0.0310 0.0069 0.0238 0.0164 0.0363 0.0635 0.1825 0.0190 0.0218 0.0084 0.0175 0.5434 0.0116 
      H109.5  2 0.0043 0.0330 0.0068 0.0086 0.1281 0.3263 0.0630 0.0652 0.0111 0.2745 0.0173 0.0210 0.0349 0.0059 
      H109.6  2 0.0165 0.1233 0.0099 0.0648 0.0402 0.0303 0.0806 0.3444 0.0248 0.0120 0.0187 0.0216 0.1952 0.0178 
      H126.1  2 0.0076 0.0073 0.0429 0.0121 0.0053 0.0080 0.7458 0.0062 0.0678 0.0080 0.0319 0.0383 0.0136 0.0051 
      H126.2  2 0.0234 0.0352 0.0194 0.0090 0.0126 0.0048 0.7975 0.0080 0.0390 0.0077 0.0152 0.0095 0.0094 0.0093 
      H126.3  2 0.0035 0.0054 0.0057 0.0042 0.0065 0.0046 0.9330 0.0033 0.0051 0.0073 0.0051 0.0055 0.0048 0.0059 
      H126.4  2 0.0167 0.0182 0.0086 0.0078 0.0117 0.0067 0.7559 0.0110 0.0992 0.0097 0.0094 0.0261 0.0114 0.0077 
      H126.5  2 0.0035 0.0047 0.0143 0.0086 0.0132 0.0062 0.8590 0.0046 0.0230 0.0056 0.0370 0.0090 0.0058 0.0055 
      H126.6  2 0.0045 0.0108 0.0482 0.0035 0.0277 0.0047 0.8369 0.0047 0.0122 0.0106 0.0186 0.0066 0.0056 0.0054 
      H126.7  2 0.0030 0.0085 0.0304 0.0053 0.2402 0.0045 0.6418 0.0080 0.0058 0.0184 0.0107 0.0088 0.0081 0.0066 
      H130.1  2 0.0080 0.0131 0.0097 0.0094 0.0077 0.0116 0.0089 0.0107 0.8188 0.0318 0.0118 0.0154 0.0309 0.0122 
      H130.2  2 0.0097 0.0430 0.0154 0.0275 0.0264 0.0115 0.0154 0.5232 0.1598 0.0340 0.0098 0.0241 0.0643 0.0359 
      H130.3  2 0.0048 0.0132 0.0069 0.0218 0.0383 0.0049 0.0093 0.1242 0.0953 0.0467 0.0107 0.5763 0.0394 0.0082 
      H130.4  2 0.0299 0.0199 0.0214 0.0288 0.0104 0.0103 0.0095 0.0293 0.5970 0.0250 0.0113 0.0840 0.0983 0.0246 
      H130.5  2 0.0062 0.0099 0.0303 0.0366 0.0643 0.0127 0.0149 0.1909 0.4258 0.1282 0.0098 0.0126 0.0369 0.0210 
      H133.1  2 0.1180 0.0523 0.0173 0.0117 0.0644 0.0409 0.0180 0.0642 0.1877 0.0342 0.0169 0.1322 0.2214 0.0207 
      H133.2  2 0.0122 0.0554 0.0978 0.0058 0.0196 0.0562 0.0304 0.1751 0.0998 0.0761 0.0292 0.0304 0.3045 0.0075 
      H133.3  2 0.1287 0.0331 0.0607 0.0103 0.0922 0.0457 0.0330 0.0354 0.0387 0.2098 0.0125 0.0367 0.2480 0.0151 
      H133.4  2 0.0328 0.0913 0.0190 0.0085 0.0210 0.0472 0.0101 0.0200 0.0324 0.0144 0.0183 0.0145 0.6623 0.0081 
      H133.5  2 0.0212 0.0163 0.0586 0.0054 0.0121 0.0081 0.0522 0.0484 0.0473 0.0448 0.0162 0.0717 0.5861 0.0116 
      H133.6  2 0.0112 0.0159 0.0779 0.0103 0.0207 0.0118 0.0372 0.1096 0.1066 0.1371 0.0243 0.0305 0.3906 0.0162 
      H133.7  2 0.0728 0.0608 0.0331 0.0170 0.0300 0.4432 0.0144 0.0120 0.0374 0.0263 0.0101 0.0167 0.2183 0.0078 
      H133.8  2 0.1002 0.0633 0.0833 0.0095 0.0228 0.1587 0.0373 0.0347 0.0708 0.0243 0.0091 0.0791 0.2807 0.0262 
      H133.9  2 0.1035 0.0472 0.0097 0.0089 0.0491 0.0255 0.0171 0.0215 0.1849 0.0618 0.0136 0.2505 0.1794 0.0272 
      H147.1  2 0.0131 0.0270 0.0348 0.0210 0.2675 0.4376 0.0110 0.0807 0.0127 0.0435 0.0263 0.0046 0.0043 0.0158 
      H147.2  2 0.0053 0.0064 0.0117 0.0080 0.8605 0.0139 0.0049 0.0266 0.0098 0.0181 0.0192 0.0052 0.0043 0.0061 
      H147.3  2 0.0053 0.0066 0.0301 0.0087 0.8543 0.0136 0.0076 0.0219 0.0091 0.0090 0.0129 0.0083 0.0039 0.0086 
      H147.4  2 0.0166 0.0079 0.0096 0.0063 0.8590 0.0136 0.0042 0.0418 0.0043 0.0081 0.0085 0.0057 0.0033 0.0111 
      H147.5  2 0.0074 0.0089 0.0267 0.0181 0.4789 0.0353 0.0200 0.1877 0.0117 0.1268 0.0220 0.0206 0.0074 0.0285 
      H147.6  2 0.0067 0.0145 0.0209 0.0116 0.3896 0.0223 0.0171 0.2968 0.0104 0.1372 0.0216 0.0182 0.0069 0.0260 
      H147.7  2 0.0197 0.0138 0.0122 0.0148 0.7761 0.0385 0.0067 0.0558 0.0069 0.0074 0.0173 0.0080 0.0037 0.0191 
      H147.8  2 0.0317 0.0119 0.0150 0.0060 0.6588 0.0198 0.0186 0.1334 0.0033 0.0579 0.0067 0.0057 0.0067 0.0245 
      H147.9  2 0.0068 0.0070 0.0189 0.0067 0.8731 0.0145 0.0086 0.0165 0.0090 0.0080 0.0118 0.0076 0.0044 0.0072 
      H148.1  2 0.0468 0.0216 0.0131 0.1616 0.0185 0.0548 0.0376 0.0676 0.3432 0.0282 0.0899 0.0128 0.0685 0.0357 
      H148.2  2 0.0631 0.0204 0.0237 0.4334 0.0207 0.1552 0.0583 0.0361 0.0720 0.0086 0.0282 0.0128 0.0494 0.0180 
      H148.3  2 0.0417 0.0142 0.0068 0.7383 0.0124 0.0939 0.0109 0.0160 0.0108 0.0157 0.0193 0.0073 0.0074 0.0052 
      H148.4  2 0.0404 0.0158 0.0159 0.2572 0.0211 0.1077 0.0244 0.0146 0.2584 0.0177 0.1422 0.0216 0.0509 0.0119 
      H148.5  2 0.0183 0.0098 0.0046 0.8478 0.0076 0.0174 0.0149 0.0178 0.0083 0.0134 0.0120 0.0102 0.0099 0.0080 
      H148.6  2 0.1134 0.0113 0.0095 0.6411 0.0110 0.0547 0.0140 0.0152 0.0361 0.0189 0.0293 0.0045 0.0172 0.0239 
      H148.7  2 0.0321 0.0321 0.0078 0.5983 0.0088 0.0805 0.0331 0.0266 0.0277 0.0248 0.0221 0.0407 0.0568 0.0087 
      H148.8  2 0.0125 0.0040 0.0079 0.8701 0.0059 0.0252 0.0076 0.0076 0.0209 0.0110 0.0097 0.0076 0.0058 0.0042 
      H148.9  2 0.1354 0.0752 0.0751 0.2832 0.0082 0.0379 0.1703 0.0225 0.0467 0.0081 0.0300 0.0266 0.0634 0.0175 
   H166022.1  2 0.0084 0.0080 0.0105 0.0077 0.0099 0.0166 0.0070 0.0167 0.0068 0.8533 0.0096 0.0052 0.0051 0.0353 
   H166022.2  2 0.0119 0.0303 0.0122 0.0215 0.0402 0.0241 0.0167 0.1061 0.0105 0.5799 0.0605 0.0184 0.0137 0.0540 
   H166022.3  2 0.0059 0.0152 0.0060 0.0177 0.0045 0.0068 0.0085 0.0086 0.0088 0.7422 0.0079 0.0117 0.0265 0.1295 
   H166022.4  2 0.0045 0.0067 0.0054 0.0057 0.0064 0.0059 0.0047 0.0120 0.0056 0.8987 0.0089 0.0118 0.0125 0.0112 
   H166022.5  2 0.0038 0.0070 0.0047 0.0066 0.0098 0.0062 0.0056 0.0445 0.0062 0.8562 0.0125 0.0082 0.0102 0.0186 
   H166022.6  2 0.0238 0.0283 0.0084 0.0091 0.0083 0.0139 0.0053 0.0163 0.0278 0.7711 0.0175 0.0086 0.0184 0.0432 
   H166022.7  2 0.0184 0.0153 0.0056 0.0041 0.0077 0.0077 0.0106 0.0168 0.0079 0.0066 0.0059 0.0099 0.8787 0.0047 
   H166022.8  2 0.0078 0.0132 0.0271 0.0076 0.0191 0.0222 0.0073 0.1590 0.0818 0.4062 0.1536 0.0156 0.0096 0.0699 
   H167397.1  2 0.4979 0.0091 0.0061 0.0210 0.0479 0.1689 0.0108 0.0328 0.0162 0.1496 0.0149 0.0069 0.0073 0.0106 
   H167397.2  2 0.5612 0.0096 0.0581 0.0136 0.0570 0.0326 0.0179 0.0195 0.0621 0.0174 0.0436 0.0156 0.0115 0.0804 
   H167397.3  2 0.6163 0.0159 0.0065 0.0189 0.0812 0.0892 0.0367 0.0156 0.0259 0.0406 0.0178 0.0138 0.0072 0.0145 
   H167397.4  2 0.6841 0.0406 0.0446 0.0123 0.0312 0.0701 0.0163 0.0163 0.0058 0.0174 0.0076 0.0153 0.0103 0.0281 
   H167397.5  2 0.6433 0.0102 0.0073 0.0281 0.0361 0.0368 0.0117 0.0499 0.0382 0.0500 0.0386 0.0124 0.0220 0.0155 
   H167397.6  2 0.5808 0.0168 0.0118 0.0122 0.0418 0.1703 0.0603 0.0064 0.0193 0.0180 0.0165 0.0170 0.0171 0.0117 
   H167496.1  2 0.0077 0.0211 0.0062 0.0511 0.0171 0.0227 0.0311 0.0124 0.0136 0.7028 0.0212 0.0148 0.0646 0.0136 
   H167496.2  2 0.0114 0.0900 0.0165 0.1318 0.0969 0.0516 0.1212 0.0464 0.0397 0.0864 0.1740 0.0145 0.1093 0.0103 
   H167496.3  2 0.0081 0.0213 0.1236 0.1651 0.0380 0.0185 0.0238 0.0063 0.0452 0.4545 0.0178 0.0241 0.0175 0.0361 
   H167496.4  2 0.0046 0.0060 0.0061 0.0044 0.0127 0.0047 0.0085 0.0060 0.0047 0.9171 0.0074 0.0059 0.0051 0.0067 
   H167496.6  2 0.0043 0.0104 0.0093 0.0047 0.0194 0.0096 0.0102 0.0171 0.0057 0.8418 0.0396 0.0136 0.0096 0.0047 
   H167496.7  2 0.0054 0.0519 0.0081 0.3175 0.0163 0.0843 0.0618 0.0192 0.1481 0.0765 0.1133 0.0275 0.0341 0.0359 
   H167496.8  2 0.0061 0.0141 0.0049 0.0057 0.0185 0.0130 0.0117 0.0145 0.0075 0.8359 0.0436 0.0063 0.0095 0.0087 
   H167513.1  2 0.0076 0.9019 0.0059 0.0060 0.0067 0.0063 0.0066 0.0084 0.0087 0.0072 0.0102 0.0060 0.0097 0.0088 
   H167513.2  2 0.0144 0.8868 0.0081 0.0109 0.0060 0.0119 0.0053 0.0073 0.0110 0.0110 0.0081 0.0058 0.0077 0.0056 
   H167513.3  2 0.0068 0.8733 0.0049 0.0070 0.0088 0.0051 0.0090 0.0255 0.0060 0.0078 0.0098 0.0136 0.0089 0.0135 
   H167513.4  2 0.0093 0.7982 0.0072 0.0109 0.0088 0.0106 0.0047 0.0154 0.0141 0.0122 0.0191 0.0102 0.0237 0.0556 
   H167513.5  2 0.0148 0.9032 0.0053 0.0068 0.0058 0.0104 0.0051 0.0064 0.0075 0.0113 0.0067 0.0038 0.0060 0.0068 
   H167513.6  2 0.0077 0.8551 0.0090 0.0116 0.0091 0.0075 0.0070 0.0199 0.0069 0.0210 0.0155 0.0051 0.0075 0.0172 
   H167513.7  2 0.0226 0.8481 0.0075 0.0064 0.0114 0.0056 0.0069 0.0177 0.0060 0.0075 0.0063 0.0068 0.0202 0.0270 
   H167513.8  2 0.0124 0.8876 0.0044 0.0038 0.0063 0.0043 0.0049 0.0313 0.0044 0.0068 0.0080 0.0076 0.0118 0.0065 
   H167547.1  2 0.0354 0.0149 0.0072 0.6866 0.0112 0.0549 0.0068 0.0077 0.0798 0.0276 0.0137 0.0204 0.0103 0.0235 
   H167547.2  2 0.0181 0.0166 0.0079 0.5069 0.0170 0.2228 0.0107 0.0103 0.0262 0.1109 0.0086 0.0094 0.0056 0.0291 
   H167547.3  2 0.0212 0.0116 0.0107 0.5074 0.0149 0.2348 0.0123 0.0073 0.0214 0.1094 0.0080 0.0097 0.0072 0.0241 
   H167547.4  2 0.0489 0.0251 0.0179 0.2062 0.0121 0.0170 0.0141 0.0110 0.1458 0.2345 0.0142 0.0484 0.0224 0.1822 
   H167547.5  2 0.0116 0.0115 0.0074 0.2631 0.0090 0.1541 0.0098 0.0242 0.0169 0.4553 0.0068 0.0103 0.0082 0.0119 
   H167547.6  2 0.0116 0.0153 0.0059 0.2529 0.0092 0.1629 0.0106 0.0183 0.0188 0.4584 0.0058 0.0107 0.0077 0.0119 
   H167547.7  2 0.0176 0.1638 0.1021 0.3263 0.0189 0.0276 0.0471 0.0218 0.0512 0.0200 0.0274 0.0230 0.1204 0.0328 
   H169750.1  2 0.0125 0.0248 0.0123 0.0252 0.0115 0.0062 0.0760 0.0127 0.0645 0.1795 0.0224 0.0238 0.4994 0.0294 
   H169750.2  2 0.0437 0.1242 0.0339 0.0148 0.1498 0.1341 0.0147 0.1589 0.0494 0.0465 0.0477 0.0552 0.1187 0.0084 
   H169750.3  2 0.0038 0.0749 0.0233 0.0187 0.0136 0.0076 0.0166 0.0379 0.0124 0.0703 0.0084 0.0216 0.6835 0.0073 
   H169750.4  2 0.1145 0.1021 0.0305 0.0135 0.0224 0.0378 0.0334 0.0120 0.0829 0.0982 0.1877 0.1164 0.1431 0.0053 
   H169750.5  2 0.0105 0.0309 0.0135 0.0099 0.0409 0.0107 0.0936 0.0144 0.0313 0.1158 0.0089 0.0181 0.5654 0.0361 
   H169750.6  2 0.0099 0.0271 0.0305 0.0133 0.3237 0.0151 0.0496 0.0637 0.0399 0.0729 0.0092 0.0379 0.2965 0.0106 
   H169750.7  2 0.0257 0.2054 0.0721 0.0246 0.0327 0.0188 0.0502 0.0266 0.0180 0.0594 0.0754 0.0402 0.3431 0.0078 
   H171929.1  2 0.0233 0.8765 0.0250 0.0092 0.0074 0.0113 0.0068 0.0042 0.0063 0.0075 0.0041 0.0056 0.0056 0.0073 
  H171929.10  2 0.0201 0.8301 0.0307 0.0167 0.0131 0.0101 0.0069 0.0098 0.0109 0.0205 0.0053 0.0055 0.0094 0.0109 
  H171929.11  2 0.0284 0.8701 0.0163 0.0083 0.0080 0.0127 0.0084 0.0056 0.0083 0.0093 0.0050 0.0091 0.0066 0.0039 
   H171929.2  2 0.0061 0.8696 0.0122 0.0198 0.0079 0.0105 0.0051 0.0056 0.0116 0.0084 0.0045 0.0080 0.0223 0.0084 
   H171929.3  2 0.0113 0.8884 0.0064 0.0101 0.0095 0.0148 0.0066 0.0063 0.0080 0.0096 0.0047 0.0080 0.0082 0.0079 
   H171929.4  2 0.0056 0.7998 0.0367 0.0246 0.0149 0.0090 0.0104 0.0068 0.0218 0.0232 0.0069 0.0110 0.0149 0.0144 
   H171929.5  2 0.0113 0.8934 0.0060 0.0077 0.0056 0.0117 0.0111 0.0054 0.0063 0.0053 0.0055 0.0076 0.0167 0.0064 
   H171929.6  2 0.0103 0.9110 0.0053 0.0078 0.0045 0.0087 0.0074 0.0065 0.0071 0.0050 0.0050 0.0049 0.0118 0.0045 
   H171929.7  2 0.0041 0.9077 0.0246 0.0074 0.0054 0.0068 0.0072 0.0041 0.0069 0.0057 0.0042 0.0065 0.0041 0.0052 
   H171929.8  2 0.0057 0.8582 0.0404 0.0195 0.0061 0.0059 0.0076 0.0066 0.0151 0.0102 0.0048 0.0073 0.0064 0.0063 
   H171929.9  2 0.0041 0.8628 0.0323 0.0079 0.0080 0.0059 0.0091 0.0089 0.0133 0.0086 0.0066 0.0064 0.0148 0.0113 
   H171930.1  2 0.0218 0.1444 0.0033 0.0048 0.0058 0.0417 0.0203 0.6680 0.0123 0.0274 0.0079 0.0216 0.0165 0.0041 
   H171930.2  2 0.0069 0.0153 0.0087 0.0136 0.0155 0.0250 0.0383 0.6792 0.0150 0.1208 0.0110 0.0164 0.0255 0.0088 
   H171930.3  2 0.0101 0.0085 0.0053 0.0087 0.0063 0.0195 0.0127 0.8737 0.0050 0.0165 0.0072 0.0124 0.0077 0.0064 
   H171930.4  2 0.0080 0.0071 0.0037 0.0089 0.0059 0.0136 0.0102 0.8819 0.0046 0.0180 0.0076 0.0122 0.0108 0.0074 
   H171930.5  2 0.0170 0.0740 0.0110 0.0116 0.0182 0.0144 0.0831 0.6449 0.0382 0.0258 0.0081 0.0267 0.0196 0.0071 
   H171930.6  2 0.0053 0.0056 0.0031 0.0066 0.0115 0.0095 0.0391 0.8685 0.0055 0.0097 0.0120 0.0113 0.0067 0.0055 
   H171930.7  2 0.0122 0.0160 0.0061 0.0061 0.0048 0.0101 0.0085 0.8963 0.0066 0.0075 0.0069 0.0064 0.0072 0.0053 
   H171930.8  2 0.0101 0.0234 0.0047 0.0067 0.0064 0.0240 0.0056 0.8675 0.0063 0.0113 0.0104 0.0063 0.0128 0.0046 
   H171933.1  2 0.0743 0.0100 0.0135 0.0271 0.0107 0.0247 0.0187 0.0271 0.0159 0.0363 0.0054 0.0086 0.0217 0.7059 
   H171933.2  2 0.1020 0.0233 0.0514 0.0227 0.0198 0.0405 0.0235 0.0387 0.0153 0.1333 0.0336 0.0082 0.0249 0.4627 
   H171933.3  2 0.0192 0.0131 0.0779 0.1669 0.0085 0.0195 0.0270 0.0491 0.0131 0.1057 0.0254 0.0141 0.0201 0.4404 
   H171933.4  2 0.0059 0.0763 0.0235 0.1258 0.0145 0.0095 0.0056 0.0415 0.0166 0.0476 0.1356 0.0214 0.0283 0.4479 
   H171933.5  2 0.0141 0.0776 0.0171 0.3057 0.0092 0.0190 0.0091 0.0563 0.0475 0.0454 0.1356 0.0814 0.0532 0.1288 
   H171933.6  2 0.0057 0.0073 0.0099 0.0116 0.0298 0.0120 0.0236 0.0130 0.0080 0.2976 0.0103 0.0147 0.0224 0.5340 
   H171933.7  2 0.0207 0.0167 0.0789 0.0422 0.0135 0.0235 0.0361 0.1262 0.0181 0.0121 0.0828 0.0153 0.0084 0.5055 
   H171933.8  2 0.0315 0.0516 0.0524 0.0366 0.0164 0.0201 0.0113 0.0752 0.0136 0.0096 0.2055 0.0076 0.0155 0.4531 
   H171933.9  2 0.0040 0.0117 0.0104 0.0247 0.0096 0.0068 0.0070 0.0433 0.0067 0.0305 0.0212 0.0296 0.0139 0.7807 
      H190.1  2 0.0057 0.0106 0.0089 0.2355 0.0175 0.0170 0.0256 0.4495 0.0544 0.0267 0.0185 0.0806 0.0212 0.0283 
      H190.2  2 0.0038 0.0045 0.0148 0.0104 0.0112 0.8819 0.0129 0.0151 0.0111 0.0086 0.0075 0.0090 0.0047 0.0044 
      H190.3  2 0.0094 0.0131 0.0200 0.0516 0.0193 0.5928 0.0305 0.0291 0.1092 0.0493 0.0107 0.0255 0.0187 0.0206 
      H190.4  2 0.0081 0.0083 0.0198 0.6166 0.0058 0.0061 0.0097 0.1410 0.0360 0.0351 0.0053 0.0471 0.0247 0.0363 
      H190.5  2 0.0041 0.0059 0.0116 0.0056 0.0203 0.8661 0.0175 0.0163 0.0069 0.0097 0.0131 0.0065 0.0099 0.0065 
      H190.6  2 0.0064 0.0058 0.0165 0.7794 0.0104 0.0079 0.0119 0.0498 0.0238 0.0323 0.0051 0.0271 0.0132 0.0104 
      H190.7  2 0.0096 0.0126 0.4358 0.1273 0.0248 0.0319 0.0097 0.0275 0.0518 0.2075 0.0128 0.0305 0.0135 0.0048 
      H190.8  2 0.0046 0.0143 0.0418 0.0343 0.0246 0.4325 0.0718 0.2228 0.0299 0.0157 0.0521 0.0245 0.0215 0.0097 
      H190.9  2 0.0081 0.0154 0.1440 0.1085 0.0103 0.4819 0.0128 0.0641 0.0449 0.0344 0.0172 0.0335 0.0193 0.0057 
      H400.1  2 0.0116 0.0071 0.0099 0.0061 0.0137 0.0044 0.0763 0.0281 0.0474 0.6598 0.0161 0.0089 0.0307 0.0800 
      H400.2  2 0.0174 0.0134 0.0055 0.0078 0.0152 0.0064 0.2838 0.0258 0.0114 0.4791 0.0066 0.0054 0.0133 0.1090 
      H400.3  2 0.0199 0.0132 0.0077 0.0131 0.0159 0.0101 0.2440 0.0896 0.0692 0.3114 0.0096 0.0294 0.0484 0.1185 
      H400.4  2 0.0062 0.0293 0.0129 0.0089 0.0177 0.0106 0.0654 0.0477 0.0087 0.7277 0.0091 0.0129 0.0231 0.0199 
      H400.5  2 0.0118 0.0121 0.0077 0.0490 0.0140 0.0074 0.2346 0.0609 0.0177 0.1528 0.0049 0.0506 0.0232 0.3534 
      H400.6  2 0.0050 0.0077 0.0369 0.0055 0.0109 0.0069 0.1540 0.0201 0.0234 0.6713 0.0073 0.0051 0.0139 0.0317 
      H400.7  2 0.0063 0.0280 0.0101 0.0338 0.0055 0.0069 0.0376 0.0303 0.0261 0.5583 0.0176 0.0088 0.0222 0.2086 
 H428.1_2005  2 0.0037 0.0061 0.0045 0.0041 0.0043 0.0031 0.0055 0.0034 0.0035 0.0041 0.0039 0.0047 0.0044 0.9447 
 H428.1_2006  2 0.0043 0.0124 0.0077 0.0053 0.0103 0.0068 0.0070 0.0035 0.0048 0.0075 0.0097 0.0055 0.0044 0.9107 
 H428.2_2005  2 0.0037 0.0062 0.0037 0.0082 0.0045 0.0041 0.0036 0.0038 0.0084 0.0061 0.0050 0.0053 0.0056 0.9318 
 H428.2_2006  2 0.0060 0.0179 0.0068 0.0059 0.0253 0.0045 0.0073 0.0060 0.0043 0.0094 0.0090 0.0061 0.0070 0.8844 
 H428.3_2005  2 0.0029 0.0042 0.0058 0.0051 0.0061 0.0046 0.0049 0.0043 0.0047 0.0065 0.0052 0.0044 0.0034 0.9381 
 H428.3_2006  2 0.0047 0.0121 0.0076 0.0049 0.0152 0.0058 0.0106 0.0064 0.0047 0.0087 0.0096 0.0082 0.0057 0.8958 
 H428.4_2005  2 0.0043 0.0046 0.0047 0.0082 0.0044 0.0044 0.0031 0.0034 0.0039 0.0063 0.0050 0.0043 0.0044 0.9391 
 H428.4_2006  2 0.0044 0.0050 0.0056 0.0037 0.0072 0.0046 0.0039 0.0035 0.0037 0.0045 0.0038 0.0044 0.0031 0.9426 
 H428.5_2005  2 0.0058 0.0059 0.0045 0.0048 0.0068 0.0037 0.0048 0.0038 0.0037 0.0041 0.0036 0.0037 0.0043 0.9405 
 H428.6_2005  2 0.0046 0.0053 0.0078 0.0057 0.0059 0.0036 0.0078 0.0040 0.0043 0.0044 0.0057 0.0045 0.0032 0.9333 
 H428.6_2006  2 0.0112 0.0121 0.0073 0.0043 0.0101 0.0064 0.0064 0.0072 0.0045 0.0055 0.0048 0.0179 0.0072 0.8951 
      H428.7  2 0.0031 0.0037 0.0050 0.0041 0.0035 0.0037 0.0045 0.0037 0.0035 0.0051 0.0042 0.0047 0.0039 0.9474 
      H428.8  2 0.0039 0.0054 0.0047 0.0051 0.0064 0.0035 0.0046 0.0044 0.0045 0.0046 0.0035 0.0037 0.0039 0.9420 
      H428.9  2 0.0044 0.0053 0.0040 0.0058 0.0056 0.0043 0.0045 0.0042 0.0039 0.0047 0.0043 0.0041 0.0041 0.9409 
      H453.1  2 0.0058 0.0104 0.0084 0.0044 0.0394 0.0077 0.0080 0.0244 0.0089 0.8243 0.0132 0.0149 0.0153 0.0149 
      H453.2  2 0.0055 0.0058 0.0119 0.0056 0.0082 0.0096 0.0073 0.0424 0.0105 0.8446 0.0081 0.0139 0.0141 0.0125 
      H453.3  2 0.0037 0.0045 0.0165 0.0097 0.0058 0.0061 0.0068 0.0174 0.0193 0.8782 0.0063 0.0078 0.0079 0.0100 
      H453.4  2 0.0037 0.0068 0.0075 0.0050 0.0062 0.0083 0.0084 0.0228 0.0127 0.8843 0.0071 0.0092 0.0107 0.0075 
      H453.5  2 0.0061 0.0048 0.0070 0.0047 0.0648 0.0068 0.0092 0.0462 0.0067 0.7941 0.0081 0.0204 0.0124 0.0086 
      H453.6  2 0.0049 0.0045 0.0065 0.0036 0.0978 0.0059 0.0057 0.0388 0.0050 0.7733 0.0058 0.0137 0.0067 0.0279 
      H453.7  2 0.0044 0.0227 0.2359 0.0362 0.1801 0.0212 0.0100 0.0864 0.1175 0.1519 0.0326 0.0128 0.0761 0.0122 
      H453.8  2 0.0052 0.0231 0.0278 0.0230 0.0613 0.0220 0.0079 0.0413 0.0403 0.6380 0.0657 0.0129 0.0262 0.0054 
      H453.9  2 0.0061 0.0103 0.0929 0.0056 0.3816 0.0098 0.0167 0.1390 0.0540 0.1495 0.0475 0.0223 0.0362 0.0284 
      H512.1  2 0.0048 0.0067 0.0331 0.0195 0.0413 0.0149 0.0157 0.2291 0.0205 0.0921 0.0240 0.2577 0.0175 0.2231 
     H512.10  2 0.0579 0.0077 0.0101 0.0170 0.1342 0.0948 0.0070 0.0898 0.0253 0.0123 0.1057 0.2737 0.0324 0.1321 
      H512.2  2 0.0137 0.0087 0.0148 0.0210 0.0176 0.3572 0.0091 0.0242 0.0265 0.0160 0.1512 0.0922 0.0293 0.2184 
      H512.3  2 0.0187 0.0081 0.0085 0.0143 0.0162 0.0690 0.0344 0.0631 0.0130 0.0349 0.1111 0.4860 0.0454 0.0773 
      H512.4  2 0.0130 0.0165 0.0087 0.0439 0.1464 0.1236 0.0076 0.2288 0.0440 0.0264 0.1386 0.0260 0.0312 0.1453 
      H512.5  2 0.0210 0.0108 0.0062 0.0167 0.0102 0.0228 0.0242 0.0133 0.0133 0.0238 0.1436 0.4405 0.1961 0.0576 
      H512.6  2 0.0050 0.0109 0.0101 0.1106 0.0116 0.0606 0.0454 0.0704 0.0329 0.0950 0.1798 0.2848 0.0554 0.0272 
      H512.7  2 0.0114 0.0084 0.0097 0.0074 0.0232 0.0195 0.0204 0.0143 0.0067 0.0611 0.0357 0.6779 0.0797 0.0247 
      H512.8  2 0.0085 0.0112 0.0097 0.0412 0.0137 0.3288 0.0123 0.0887 0.0128 0.0402 0.1657 0.1887 0.0340 0.0447 
      H512.9  2 0.0157 0.0070 0.0460 0.0100 0.0247 0.0181 0.0233 0.0096 0.0161 0.0305 0.0238 0.6449 0.0520 0.0783 
      H513.1  2 0.0045 0.0062 0.0045 0.0041 0.0075 0.0047 0.0059 0.0046 0.0046 0.0076 0.0091 0.0033 0.0050 0.9283 
      H513.2  2 0.0060 0.0195 0.0110 0.0090 0.0215 0.0249 0.0074 0.0180 0.0121 0.0125 0.0090 0.0041 0.0077 0.8373 
      H513.3  2 0.0039 0.0065 0.0063 0.0043 0.0098 0.0050 0.0052 0.0082 0.0051 0.0078 0.0080 0.0045 0.0050 0.9204 
      H513.4  2 0.0048 0.0377 0.0136 0.0123 0.0274 0.0149 0.0277 0.0273 0.0062 0.0584 0.0128 0.0092 0.0092 0.7385 
      H513.5  2 0.0059 0.0118 0.0043 0.0040 0.0063 0.0040 0.0075 0.0122 0.0048 0.0059 0.0058 0.0111 0.0081 0.9084 
      H513.6  2 0.0876 0.0543 0.0096 0.0065 0.0157 0.0158 0.0123 0.0993 0.0094 0.0136 0.0071 0.0086 0.0123 0.6479 
      H532.1  2 0.0155 0.0077 0.0103 0.0109 0.2932 0.0118 0.0148 0.0115 0.0243 0.0228 0.0198 0.0158 0.4501 0.0916 
      H532.2  2 0.0112 0.0127 0.0351 0.1381 0.2202 0.0301 0.0080 0.0490 0.0450 0.2682 0.0152 0.0099 0.0444 0.1130 
      H532.3  2 0.0056 0.0097 0.0176 0.1049 0.1631 0.0131 0.0065 0.0333 0.0234 0.5454 0.0252 0.0135 0.0160 0.0227 
      H532.4  2 0.0130 0.0062 0.0222 0.0177 0.6051 0.0082 0.0148 0.0090 0.1238 0.0490 0.0565 0.0133 0.0262 0.0352 
      H532.5  2 0.0221 0.0091 0.0157 0.0213 0.0889 0.0255 0.0161 0.0126 0.0262 0.0614 0.0156 0.0193 0.2295 0.4368 
      H532.6  2 0.0109 0.0047 0.0059 0.0102 0.5373 0.0083 0.0117 0.0214 0.1030 0.0880 0.0953 0.0226 0.0429 0.0378 
      H532.7  2 0.0167 0.0067 0.0075 0.0196 0.6873 0.0075 0.0101 0.0137 0.0120 0.0405 0.0059 0.0468 0.0923 0.0333 
      H532.8  2 0.0202 0.0192 0.0187 0.0417 0.3811 0.0351 0.0202 0.0117 0.0166 0.0624 0.0177 0.0258 0.2875 0.0421 
      H543.1  2 0.9095 0.0061 0.0082 0.0056 0.0049 0.0051 0.0042 0.0075 0.0053 0.0134 0.0058 0.0065 0.0064 0.0117 
      H543.2  2 0.7890 0.0141 0.0241 0.0214 0.0070 0.0110 0.0099 0.0091 0.0089 0.0148 0.0039 0.0130 0.0159 0.0580 
      H543.3  2 0.8895 0.0092 0.0149 0.0075 0.0088 0.0072 0.0065 0.0069 0.0059 0.0138 0.0055 0.0101 0.0059 0.0083 
      H543.4  2 0.9112 0.0036 0.0076 0.0190 0.0050 0.0064 0.0035 0.0064 0.0079 0.0076 0.0051 0.0044 0.0060 0.0062 
      H543.5  2 0.9110 0.0050 0.0073 0.0086 0.0051 0.0067 0.0047 0.0080 0.0074 0.0057 0.0044 0.0054 0.0104 0.0101 
      H543.6  2 0.7475 0.0403 0.0782 0.0229 0.0047 0.0061 0.0065 0.0062 0.0229 0.0289 0.0053 0.0059 0.0146 0.0101 
      H543.7  2 0.9437 0.0035 0.0060 0.0046 0.0044 0.0063 0.0036 0.0042 0.0042 0.0033 0.0045 0.0038 0.0037 0.0042 
      H543.8  2 0.7937 0.0106 0.0203 0.0099 0.0178 0.0099 0.0106 0.0105 0.0095 0.0114 0.0056 0.0095 0.0243 0.0565 
      H543.9  2 0.8658 0.0070 0.0430 0.0085 0.0065 0.0102 0.0104 0.0051 0.0058 0.0083 0.0040 0.0085 0.0097 0.0073 
 H545.1_2005  2 0.9536 0.0043 0.0033 0.0034 0.0030 0.0037 0.0029 0.0032 0.0034 0.0031 0.0037 0.0039 0.0043 0.0042 
 H545.1_2006  2 0.9294 0.0047 0.0052 0.0057 0.0065 0.0073 0.0059 0.0043 0.0038 0.0045 0.0056 0.0050 0.0053 0.0070 
 H545.2_2005  2 0.9096 0.0085 0.0046 0.0066 0.0063 0.0050 0.0113 0.0052 0.0081 0.0054 0.0042 0.0113 0.0087 0.0052 
 H545.2_2006  2 0.9405 0.0054 0.0038 0.0039 0.0042 0.0049 0.0034 0.0047 0.0042 0.0042 0.0041 0.0055 0.0042 0.0070 
 H545.3_2005  2 0.8972 0.0112 0.0064 0.0087 0.0052 0.0088 0.0080 0.0058 0.0102 0.0082 0.0079 0.0126 0.0055 0.0044 
 H545.3_2006  2 0.9349 0.0033 0.0034 0.0042 0.0083 0.0048 0.0065 0.0036 0.0044 0.0038 0.0047 0.0037 0.0091 0.0053 
 H545.4_2005  2 0.9154 0.0064 0.0063 0.0112 0.0054 0.0090 0.0061 0.0049 0.0066 0.0056 0.0060 0.0076 0.0045 0.0051 
 H545.4_2006  2 0.9283 0.0083 0.0050 0.0062 0.0036 0.0061 0.0073 0.0038 0.0052 0.0041 0.0046 0.0077 0.0046 0.0052 
 H545.5_2005  2 0.9179 0.0033 0.0051 0.0056 0.0086 0.0051 0.0061 0.0049 0.0045 0.0050 0.0038 0.0061 0.0124 0.0115 
 H545.5_2006  2 0.9140 0.0066 0.0048 0.0062 0.0068 0.0072 0.0047 0.0064 0.0054 0.0064 0.0070 0.0099 0.0061 0.0084 
 H545.6_2005  2 0.9502 0.0045 0.0030 0.0030 0.0034 0.0032 0.0034 0.0047 0.0039 0.0043 0.0039 0.0042 0.0044 0.0039 
 H545.6_2006  2 0.9344 0.0078 0.0046 0.0047 0.0044 0.0049 0.0042 0.0053 0.0053 0.0055 0.0046 0.0055 0.0046 0.0044 
 H545.7_2005  2 0.9374 0.0034 0.0033 0.0035 0.0051 0.0036 0.0048 0.0045 0.0056 0.0050 0.0035 0.0041 0.0093 0.0069 
 H545.7_2006  2 0.9112 0.0053 0.0059 0.0038 0.0079 0.0066 0.0128 0.0062 0.0063 0.0058 0.0040 0.0047 0.0115 0.0079 
 H545.8_2005  2 0.8976 0.0050 0.0065 0.0094 0.0086 0.0080 0.0082 0.0062 0.0085 0.0062 0.0053 0.0083 0.0075 0.0146 
 H545.8_2006  2 0.9407 0.0041 0.0038 0.0047 0.0051 0.0040 0.0038 0.0047 0.0048 0.0044 0.0045 0.0053 0.0055 0.0045 
      H545.9  2 0.9228 0.0079 0.0051 0.0060 0.0048 0.0060 0.0045 0.0062 0.0078 0.0049 0.0045 0.0073 0.0054 0.0069 
      H547.1  2 0.0116 0.0097 0.0214 0.0123 0.0059 0.0077 0.0068 0.0075 0.0078 0.8585 0.0078 0.0147 0.0066 0.0217 
      H547.2  2 0.0116 0.0069 0.0106 0.0257 0.0066 0.0444 0.0095 0.0060 0.0056 0.8033 0.0480 0.0049 0.0073 0.0097 
