      H008.1  2 0.0070 0.0215 0.0044 0.0090 0.0110 0.0127 0.0086 0.0067 0.0069 0.0069 0.0058 0.0145 0.0087 0.0061 0.0119 0.0052 0.0044 0.0088 0.4432 0.0126 0.0122 0.0070 0.3648 
      H008.2  2 0.0075 0.0198 0.0043 0.0097 0.0240 0.0087 0.0073 0.0123 0.0178 0.0085 0.0415 0.0493 0.0187 0.0128 0.0145 0.0065 0.0156 0.0042 0.6696 0.0055 0.0097 0.0161 0.0162 
      H008.3  2 0.0056 0.0101 0.0066 0.0043 0.0154 0.0064 0.0059 0.0229 0.0139 0.0090 0.0068 0.0244 0.0123 0.0058 0.0068 0.0064 0.0083 0.0089 0.7586 0.0097 0.0215 0.0113 0.0191 
      H008.4  2 0.0204 0.0091 0.0061 0.0056 0.0240 0.0063 0.0156 0.0173 0.0137 0.0203 0.0097 0.0130 0.0098 0.0082 0.0234 0.0076 0.0148 0.0047 0.5425 0.0066 0.0235 0.0064 0.1911 
      H008.5  2 0.0055 0.0082 0.0034 0.0041 0.0077 0.0051 0.0132 0.0187 0.0119 0.0092 0.0036 0.0162 0.0079 0.0072 0.0154 0.0067 0.0061 0.0055 0.5790 0.0068 0.0246 0.0084 0.2255 
      H008.6  2 0.0093 0.0292 0.0034 0.0039 0.0408 0.0083 0.0079 0.0096 0.0142 0.0096 0.0103 0.0409 0.0035 0.0064 0.0177 0.0086 0.0181 0.0052 0.6858 0.0035 0.0163 0.0201 0.0273 
      H008.7  2 0.0132 0.0081 0.0101 0.0084 0.0301 0.0083 0.0142 0.0174 0.0104 0.0132 0.0124 0.0443 0.0220 0.0063 0.0163 0.0079 0.0269 0.0050 0.6035 0.0065 0.0127 0.0105 0.0922 
      H008.8  2 0.0081 0.0176 0.0081 0.0114 0.0466 0.0373 0.0073 0.0078 0.0220 0.0110 0.2095 0.0103 0.0195 0.0099 0.0689 0.0096 0.0063 0.0167 0.3660 0.0152 0.0120 0.0116 0.0676 
      H008.9  2 0.0062 0.0308 0.0083 0.0059 0.1803 0.0056 0.0059 0.0195 0.0098 0.0152 0.0217 0.0454 0.0091 0.0079 0.0376 0.0063 0.0347 0.0072 0.5107 0.0067 0.0096 0.0076 0.0080 
 H029.1_2002  2 0.0599 0.0062 0.0056 0.0106 0.0185 0.0209 0.0472 0.0447 0.0053 0.0122 0.0241 0.0078 0.0100 0.0074 0.0206 0.0187 0.0171 0.0077 0.0113 0.0039 0.0053 0.0091 0.6262 
 H029.1_2003  2 0.0070 0.0080 0.0040 0.0083 0.0127 0.0086 0.1718 0.0105 0.0062 0.0221 0.0235 0.0058 0.0046 0.0084 0.0923 0.0058 0.0072 0.0348 0.5267 0.0058 0.0070 0.0094 0.0094 
 H029.2_2002  2 0.0064 0.0088 0.0052 0.0188 0.0077 0.0064 0.0786 0.0048 0.0117 0.0517 0.0054 0.0107 0.0236 0.0041 0.0207 0.0129 0.0290 0.0174 0.2033 0.0040 0.0054 0.0372 0.4264 
 H029.2_2003  2 0.0050 0.0104 0.0043 0.0166 0.0078 0.0067 0.1703 0.0055 0.0110 0.0153 0.0075 0.0044 0.0060 0.0082 0.0948 0.0199 0.0188 0.0391 0.4747 0.0052 0.0076 0.0373 0.0236 
 H029.3_2002  2 0.0115 0.0135 0.0041 0.0454 0.0054 0.0075 0.0622 0.0050 0.0140 0.0487 0.0450 0.0066 0.0316 0.0124 0.1140 0.0130 0.1080 0.0339 0.2396 0.0112 0.0133 0.0218 0.1322 
 H029.3_2003  2 0.0058 0.0196 0.0045 0.0218 0.0042 0.0029 0.2060 0.0075 0.0064 0.0259 0.0103 0.0087 0.0058 0.0081 0.0204 0.0103 0.0062 0.0164 0.3811 0.0053 0.0142 0.0123 0.1963 
 H029.4_2002  2 0.0113 0.0061 0.0055 0.0310 0.0035 0.0061 0.0266 0.0085 0.0041 0.0141 0.0083 0.0063 0.0123 0.0086 0.0175 0.0063 0.0124 0.0040 0.1646 0.0084 0.0136 0.0072 0.6140 
 H029.4_2003  2 0.0122 0.0145 0.0037 0.0853 0.0073 0.0194 0.0973 0.0550 0.0086 0.0167 0.0117 0.0063 0.0051 0.0091 0.1151 0.0053 0.0181 0.0071 0.4182 0.0150 0.0088 0.0075 0.0528 
 H029.5_2002  2 0.0138 0.0065 0.0089 0.0076 0.0066 0.0078 0.0442 0.0255 0.0035 0.0246 0.0069 0.0127 0.0128 0.0056 0.0078 0.0103 0.0076 0.0071 0.0175 0.0047 0.0059 0.0065 0.7455 
 H029.5_2003  2 0.0086 0.0057 0.0035 0.0127 0.0060 0.0063 0.1197 0.0116 0.0039 0.0104 0.0149 0.0073 0.0041 0.0059 0.0826 0.0046 0.0106 0.0138 0.5368 0.0074 0.0059 0.0139 0.1037 
 H029.6_2002  2 0.0094 0.0048 0.0067 0.0175 0.0040 0.0049 0.5536 0.0041 0.0065 0.0193 0.0274 0.0045 0.0147 0.0065 0.0299 0.0042 0.0350 0.0065 0.0213 0.0077 0.0098 0.0051 0.1966 
 H029.6_2003  2 0.0062 0.0176 0.0080 0.0377 0.0108 0.0087 0.0235 0.0248 0.0088 0.0716 0.0157 0.0081 0.0066 0.0177 0.0274 0.0512 0.0110 0.0307 0.3004 0.0129 0.0105 0.0398 0.2502 
      H029.7  2 0.0058 0.0046 0.0039 0.0208 0.0080 0.0080 0.0296 0.0081 0.0181 0.0165 0.0042 0.0068 0.0193 0.0040 0.0184 0.0095 0.0229 0.0092 0.1131 0.0042 0.0067 0.0142 0.6444 
      H030.1  2 0.0048 0.0103 0.0262 0.0309 0.0091 0.0069 0.1227 0.0153 0.0082 0.0094 0.0144 0.0634 0.0113 0.2921 0.0082 0.2147 0.0048 0.0464 0.0082 0.0091 0.0244 0.0339 0.0254 
      H030.2  2 0.1480 0.0101 0.0245 0.0182 0.0091 0.0056 0.0206 0.0489 0.0040 0.0051 0.0068 0.0628 0.1050 0.3321 0.0058 0.0071 0.0515 0.0159 0.0095 0.0220 0.0254 0.0059 0.0560 
      H038.1  2 0.0060 0.0050 0.0030 0.0096 0.0066 0.0098 0.0072 0.0039 0.0072 0.0069 0.0095 0.0037 0.0037 0.0054 0.0107 0.0045 0.0268 0.0053 0.0092 0.0048 0.0062 0.0047 0.8405 
      H038.2  2 0.0094 0.0071 0.0159 0.0057 0.0026 0.0048 0.0078 0.0057 0.0025 0.0048 0.0034 0.0040 0.0061 0.0057 0.0048 0.0098 0.0052 0.0046 0.0091 0.0052 0.0047 0.0083 0.8629 
      H038.3  2 0.0149 0.0153 0.0104 0.0116 0.0063 0.0181 0.0052 0.0054 0.0041 0.0045 0.0076 0.0061 0.0070 0.0095 0.0050 0.0445 0.0336 0.0061 0.0103 0.0115 0.0113 0.0060 0.7457 
      H038.4  2 0.0095 0.0077 0.0141 0.0095 0.0045 0.0087 0.0043 0.0040 0.0040 0.0067 0.0087 0.0056 0.0074 0.0053 0.0045 0.0189 0.0207 0.0057 0.0093 0.0108 0.0109 0.0049 0.8141 
      H038.5  2 0.0052 0.0071 0.0111 0.0431 0.0049 0.0050 0.0123 0.0059 0.0037 0.0077 0.0134 0.0063 0.0089 0.0098 0.0067 0.0124 0.0249 0.0042 0.0226 0.0227 0.0072 0.0063 0.7485 
      H038.6  2 0.0068 0.0101 0.0029 0.0106 0.0057 0.0064 0.0127 0.0063 0.0044 0.0043 0.0060 0.0065 0.0036 0.0082 0.0167 0.0081 0.0103 0.0087 0.0154 0.0090 0.0040 0.0085 0.8246 
      H038.7  2 0.0185 0.0097 0.0044 0.0106 0.0041 0.0073 0.0066 0.0042 0.0034 0.0040 0.0047 0.0055 0.0027 0.0076 0.0068 0.0302 0.0096 0.0098 0.0069 0.0071 0.0039 0.0068 0.8259 
      H038.8  2 0.0092 0.0070 0.0147 0.0077 0.0031 0.0106 0.0042 0.0045 0.0030 0.0053 0.0053 0.0042 0.0084 0.0073 0.0045 0.0197 0.0601 0.0040 0.0059 0.0139 0.0073 0.0046 0.7854 
      H041.1  2 0.0162 0.0229 0.0093 0.1602 0.0295 0.0055 0.1094 0.0873 0.0161 0.0239 0.0038 0.0778 0.1126 0.0060 0.0111 0.0586 0.0224 0.0054 0.0647 0.0074 0.0449 0.0092 0.0960 
      H041.2  2 0.0405 0.0467 0.0079 0.0085 0.0209 0.0069 0.2391 0.2046 0.0054 0.0327 0.0086 0.0815 0.0082 0.0088 0.0138 0.0203 0.0316 0.0153 0.0928 0.0048 0.0425 0.0091 0.0492 
      H041.4  2 0.0103 0.0222 0.0121 0.0323 0.0615 0.0110 0.2392 0.0453 0.0204 0.0923 0.0161 0.0341 0.0151 0.0055 0.0240 0.0121 0.0324 0.0098 0.1171 0.0060 0.0131 0.0045 0.1638 
      H041.6  2 0.0243 0.0274 0.0107 0.0126 0.0429 0.0429 0.2138 0.0892 0.0439 0.0513 0.0141 0.0650 0.0216 0.0101 0.0270 0.0260 0.0149 0.0114 0.0296 0.0094 0.0406 0.0052 0.1663 
 H042.1_2002  2 0.0167 0.0063 0.0357 0.0053 0.0270 0.0245 0.5611 0.0647 0.0095 0.0088 0.0050 0.0088 0.0080 0.0070 0.0063 0.0094 0.0191 0.0067 0.0058 0.0334 0.1133 0.0116 0.0060 
 H042.1_2003  2 0.0338 0.0714 0.0133 0.0063 0.0220 0.0474 0.0137 0.1380 0.0141 0.0106 0.0136 0.0750 0.0133 0.0260 0.0252 0.0254 0.0617 0.0807 0.1297 0.0132 0.0696 0.0395 0.0565 
 H042.2_2002  2 0.1199 0.0041 0.0089 0.0257 0.0057 0.0039 0.6302 0.0052 0.0098 0.0264 0.0043 0.0083 0.0052 0.0048 0.0198 0.0037 0.0225 0.0099 0.0063 0.0115 0.0181 0.0150 0.0309 
 H042.2_2003  2 0.0173 0.0281 0.0114 0.0066 0.0263 0.0167 0.0811 0.4464 0.0103 0.0227 0.0122 0.0270 0.0045 0.0080 0.0107 0.0215 0.0062 0.0116 0.0366 0.0091 0.0737 0.0126 0.0993 
 H042.3_2002  2 0.0297 0.0078 0.0125 0.0114 0.0079 0.0134 0.2738 0.0210 0.0080 0.0161 0.0035 0.0144 0.0053 0.0067 0.0084 0.0065 0.0113 0.0062 0.0061 0.0371 0.4737 0.0119 0.0073 
 H042.3_2003  2 0.0690 0.0145 0.0145 0.0709 0.0138 0.0280 0.0851 0.1004 0.0096 0.0151 0.0044 0.0241 0.0267 0.0087 0.0804 0.0179 0.0313 0.0062 0.0258 0.0511 0.2577 0.0195 0.0255 
 H042.4_2002  2 0.0056 0.0062 0.0197 0.0118 0.0152 0.0102 0.5641 0.1986 0.0056 0.0159 0.0055 0.0087 0.0060 0.0085 0.0124 0.0135 0.0141 0.0056 0.0074 0.0042 0.0246 0.0090 0.0276 
 H042.4_2003  2 0.0057 0.0050 0.0177 0.0302 0.0123 0.0397 0.5660 0.0451 0.0238 0.0127 0.0033 0.0257 0.0109 0.0055 0.0097 0.0762 0.0070 0.0098 0.0051 0.0056 0.0143 0.0085 0.0602 
      H042.5  2 0.0058 0.0043 0.0092 0.0086 0.0082 0.0098 0.8036 0.0304 0.0131 0.0082 0.0036 0.0232 0.0049 0.0043 0.0086 0.0093 0.0029 0.0035 0.0057 0.0096 0.0073 0.0101 0.0058 
      H042.6  2 0.0139 0.0030 0.0079 0.0176 0.0078 0.0265 0.7623 0.0064 0.0309 0.0063 0.0037 0.0094 0.0054 0.0044 0.0208 0.0083 0.0082 0.0079 0.0047 0.0155 0.0104 0.0072 0.0115 
      H042.7  2 0.0527 0.0081 0.0539 0.0171 0.0106 0.0319 0.3556 0.0252 0.0094 0.0495 0.0064 0.0177 0.0061 0.0048 0.0091 0.0238 0.0058 0.0124 0.0038 0.0233 0.2447 0.0087 0.0193 
      H042.8  2 0.0583 0.0152 0.0122 0.0073 0.0177 0.0096 0.6490 0.0263 0.0225 0.0182 0.0052 0.0206 0.0036 0.0037 0.0100 0.0056 0.0187 0.0071 0.0128 0.0145 0.0392 0.0148 0.0079 
   H042_2002  2 0.2321 0.0110 0.0087 0.0250 0.0313 0.0600 0.0626 0.0377 0.0652 0.0260 0.0104 0.0626 0.0058 0.0089 0.0993 0.0234 0.0313 0.0215 0.0165 0.0300 0.0450 0.0188 0.0670 
   H042_2003  2 0.2120 0.0084 0.0119 0.0303 0.0286 0.0618 0.0667 0.0295 0.0654 0.0296 0.0100 0.0520 0.0049 0.0109 0.0930 0.0255 0.0285 0.0259 0.0125 0.0322 0.0609 0.0212 0.0781 
      H043.1  2 0.0051 0.0092 0.0039 0.7191 0.0044 0.0214 0.0062 0.0043 0.0115 0.0036 0.0071 0.0185 0.0071 0.0082 0.0201 0.0179 0.0491 0.0113 0.0064 0.0315 0.0071 0.0074 0.0196 
      H043.2  2 0.0043 0.0172 0.0036 0.0955 0.0091 0.4250 0.0047 0.0044 0.0471 0.0072 0.0154 0.0049 0.0034 0.0040 0.0495 0.0111 0.1452 0.0079 0.0129 0.0671 0.0127 0.0095 0.0382 
      H043.3  2 0.0251 0.0100 0.0042 0.2364 0.0219 0.0634 0.0104 0.0062 0.0217 0.0067 0.0106 0.0244 0.0035 0.0066 0.0480 0.0867 0.0436 0.0335 0.0087 0.0835 0.0210 0.0095 0.2145 
      H043.4  2 0.0167 0.0124 0.0060 0.2669 0.0110 0.2081 0.0057 0.0058 0.0501 0.0046 0.0046 0.0319 0.0044 0.0052 0.0441 0.0430 0.0932 0.0270 0.0046 0.0315 0.0253 0.0110 0.0870 
      H043.5  2 0.0091 0.0381 0.0042 0.1268 0.0113 0.2133 0.0051 0.0050 0.0065 0.0077 0.0177 0.0160 0.0039 0.0054 0.0699 0.0167 0.2254 0.0100 0.0149 0.1027 0.0259 0.0069 0.0576 
      H043.6  2 0.0111 0.0070 0.0037 0.1689 0.0239 0.1673 0.0066 0.0073 0.0082 0.0126 0.0126 0.0037 0.0031 0.0089 0.0557 0.0290 0.1938 0.0082 0.0105 0.0437 0.0387 0.0094 0.1662 
      H043.7  2 0.0120 0.0164 0.0036 0.2464 0.0187 0.2886 0.0041 0.0035 0.0613 0.0036 0.0046 0.0112 0.0026 0.0074 0.0099 0.0819 0.0973 0.0248 0.0039 0.0275 0.0202 0.0067 0.0436 
      H043.8  2 0.0103 0.0672 0.0089 0.4399 0.0068 0.1383 0.0054 0.0035 0.0174 0.0040 0.0258 0.0053 0.0088 0.0219 0.0427 0.0125 0.0202 0.0125 0.0076 0.0940 0.0192 0.0065 0.0214 
      H043.9  2 0.0065 0.0059 0.0035 0.8307 0.0043 0.0125 0.0077 0.0037 0.0112 0.0040 0.0044 0.0060 0.0044 0.0055 0.0085 0.0106 0.0196 0.0097 0.0046 0.0113 0.0048 0.0045 0.0162 
      H047.1  2 0.0376 0.0139 0.0030 0.0035 0.0060 0.0144 0.0055 0.0042 0.0044 0.0044 0.0040 0.3630 0.0037 0.0042 0.0084 0.0059 0.0056 0.0071 0.0103 0.0148 0.0111 0.0080 0.4569 
      H047.2  2 0.0078 0.0168 0.0113 0.0241 0.0116 0.0172 0.0102 0.0050 0.0059 0.0129 0.0106 0.4171 0.0283 0.0060 0.0108 0.0168 0.0047 0.0499 0.0472 0.0046 0.0061 0.0379 0.2371 
      H047.3  2 0.0262 0.0111 0.0142 0.0287 0.0092 0.0119 0.0124 0.0052 0.0087 0.0233 0.0073 0.4603 0.0252 0.0065 0.0078 0.0122 0.0039 0.0375 0.0388 0.0057 0.0084 0.0327 0.2027 
      H047.4  2 0.0389 0.0394 0.0137 0.0110 0.0162 0.0187 0.0230 0.0099 0.0074 0.0135 0.0094 0.3453 0.0077 0.0071 0.0162 0.0522 0.0038 0.0480 0.0384 0.0059 0.0096 0.0051 0.2596 
      H047.5  2 0.0544 0.0075 0.0112 0.0148 0.0087 0.0108 0.0068 0.0038 0.0229 0.0164 0.0039 0.5064 0.0050 0.0062 0.0110 0.0089 0.0027 0.0191 0.0168 0.0056 0.0148 0.0199 0.2226 
      H047.6  2 0.0257 0.0078 0.0050 0.0072 0.0087 0.0104 0.0157 0.0087 0.0048 0.0103 0.0076 0.6910 0.0063 0.0036 0.0062 0.0058 0.0047 0.0156 0.0193 0.0030 0.0058 0.0078 0.1192 
      H047.7  2 0.0621 0.0092 0.0067 0.0038 0.0055 0.0079 0.0085 0.0068 0.0046 0.0048 0.0034 0.3698 0.0066 0.0039 0.0043 0.0063 0.0063 0.0047 0.0062 0.0203 0.0083 0.0066 0.4334 
      H047.8  2 0.0332 0.0082 0.0057 0.0062 0.0060 0.0236 0.0154 0.0158 0.0069 0.0078 0.0040 0.6081 0.0089 0.0050 0.0086 0.0070 0.0035 0.0176 0.0252 0.0062 0.0108 0.0128 0.1535 
      H047.9  2 0.0903 0.0079 0.0377 0.0075 0.0111 0.0090 0.0083 0.0059 0.0209 0.0099 0.0035 0.2963 0.0054 0.0071 0.0134 0.0133 0.0031 0.0084 0.0074 0.0133 0.0203 0.0186 0.3811 
 H071.1_2002  2 0.0055 0.0036 0.0037 0.0084 0.0052 0.0070 0.0046 0.0051 0.0096 0.0049 0.0032 0.0048 0.0031 0.0056 0.0066 0.0054 0.0036 0.0069 0.0052 0.0082 0.0080 0.0066 0.8751 
 H071.1_2003  2 0.0092 0.0134 0.0073 0.0139 0.0377 0.0151 0.0073 0.0083 0.0809 0.0197 0.0045 0.0100 0.0036 0.0778 0.0179 0.0319 0.0120 0.0519 0.0175 0.0069 0.0181 0.0119 0.5233 
     H071.10  2 0.0078 0.0034 0.0068 0.0129 0.0032 0.0059 0.0055 0.0034 0.0047 0.0034 0.0071 0.0032 0.0088 0.0182 0.0069 0.0040 0.0066 0.0038 0.0032 0.0444 0.0059 0.0032 0.8277 
 H071.2_2002  2 0.0072 0.0060 0.0048 0.0075 0.0107 0.0195 0.0046 0.0050 0.0109 0.0101 0.0175 0.0065 0.0034 0.0080 0.0105 0.0064 0.0091 0.0073 0.0259 0.0122 0.0104 0.0066 0.7901 
 H071.2_2003  2 0.0038 0.0030 0.0028 0.0040 0.0046 0.0039 0.0042 0.0049 0.0058 0.0031 0.0034 0.0043 0.0027 0.0045 0.0049 0.0043 0.0031 0.0042 0.0056 0.0031 0.0055 0.0052 0.9091 
      H071.3  2 0.0178 0.0266 0.0079 0.0084 0.0042 0.0039 0.0035 0.0128 0.0048 0.0050 0.0055 0.0109 0.0073 0.0380 0.0099 0.0084 0.0087 0.0135 0.0164 0.0341 0.0107 0.0042 0.7374 
 H071.4_2002  2 0.0080 0.0055 0.0152 0.0390 0.0060 0.0110 0.0067 0.0031 0.0068 0.0074 0.0114 0.0042 0.0061 0.0115 0.0114 0.0067 0.0149 0.0048 0.0094 0.0337 0.0072 0.0050 0.7653 
 H071.4_2003  2 0.0060 0.0069 0.0088 0.0046 0.0032 0.0043 0.0041 0.0060 0.0041 0.0027 0.0058 0.0044 0.0035 0.0084 0.0055 0.0045 0.0025 0.0065 0.0070 0.0151 0.0035 0.0050 0.8778 
 H071.5_2002  2 0.0057 0.0031 0.0052 0.0064 0.0036 0.0037 0.0044 0.0038 0.0059 0.0030 0.0035 0.0040 0.0043 0.0078 0.0056 0.0037 0.0043 0.0039 0.0031 0.0087 0.0042 0.0041 0.8979 
 H071.5_2003  2 0.0170 0.0195 0.0091 0.0142 0.0094 0.0081 0.0047 0.0058 0.0068 0.0038 0.0048 0.0070 0.0029 0.0172 0.0123 0.0143 0.0030 0.0141 0.0123 0.0293 0.0043 0.0108 0.7693 
 H071.6_2002  2 0.0140 0.0040 0.0059 0.0086 0.0038 0.0063 0.0044 0.0030 0.0076 0.0038 0.0113 0.0034 0.0034 0.0089 0.0126 0.0044 0.0042 0.0084 0.0059 0.0671 0.0062 0.0043 0.7985 
 H071.6_2003  2 0.0110 0.0075 0.0057 0.0137 0.0066 0.0070 0.0053 0.0037 0.0056 0.0033 0.0038 0.0044 0.0035 0.0210 0.0074 0.0146 0.0031 0.0054 0.0048 0.0119 0.0056 0.0055 0.8395 
 H071.7_2002  2 0.0093 0.0050 0.0027 0.0038 0.0069 0.0046 0.0035 0.0031 0.0069 0.0029 0.0052 0.0050 0.0034 0.0044 0.0063 0.0059 0.0041 0.0095 0.0065 0.0067 0.0043 0.0044 0.8856 
 H071.7_2003  2 0.0068 0.0074 0.0146 0.0183 0.0086 0.0071 0.0042 0.0064 0.0068 0.0036 0.0034 0.0037 0.0036 0.0378 0.0075 0.0099 0.0043 0.0072 0.0063 0.0120 0.0062 0.0067 0.8076 
      H071.8  2 0.0061 0.0048 0.0040 0.0059 0.0076 0.0132 0.0066 0.0040 0.0096 0.0088 0.0324 0.0051 0.0043 0.0050 0.0115 0.0053 0.0070 0.0060 0.0274 0.0069 0.0083 0.0062 0.8040 
      H071.9  2 0.0109 0.0084 0.0126 0.3001 0.0130 0.0102 0.0185 0.0039 0.0115 0.0143 0.0715 0.0087 0.0104 0.0117 0.0435 0.0098 0.0140 0.0071 0.0303 0.0357 0.0077 0.0049 0.3413 
 H081.1_2002  2 0.0061 0.0036 0.0063 0.0040 0.0091 0.0044 0.0047 0.0050 0.0158 0.0080 0.0041 0.0041 0.0060 0.0063 0.0110 0.0054 0.0040 0.0117 0.0075 0.0046 0.0069 0.0040 0.8574 
 H081.1_2003  2 0.0165 0.0153 0.0114 0.0147 0.0575 0.0205 0.0701 0.0100 0.0111 0.0209 0.0119 0.0114 0.0114 0.0304 0.0882 0.0311 0.1565 0.2703 0.0425 0.0050 0.0357 0.0147 0.0427 
 H081.2_2002  2 0.0048 0.0032 0.0098 0.0051 0.0103 0.0080 0.0062 0.0045 0.0494 0.0091 0.0048 0.0088 0.0043 0.0047 0.0121 0.0071 0.0040 0.0149 0.0063 0.0038 0.0047 0.0045 0.8096 
 H081.2_2003  2 0.0049 0.0388 0.0088 0.0090 0.0169 0.0155 0.0237 0.0080 0.0498 0.0065 0.0264 0.0080 0.0269 0.5705 0.0546 0.0140 0.0071 0.0120 0.0379 0.0177 0.0149 0.0072 0.0206 
 H081.3_2002  2 0.0042 0.0061 0.0088 0.0087 0.0079 0.0193 0.0086 0.0037 0.0264 0.0071 0.0139 0.0162 0.0049 0.0114 0.0138 0.0102 0.0063 0.0060 0.0177 0.0045 0.0104 0.0040 0.7797 
 H081.3_2003  2 0.0087 0.0082 0.0203 0.1267 0.0217 0.0745 0.0277 0.0068 0.0304 0.0118 0.0639 0.0123 0.0154 0.3291 0.1242 0.0108 0.0124 0.0112 0.0178 0.0171 0.0139 0.0199 0.0151 
 H081.4_2002  2 0.0051 0.0061 0.0076 0.0054 0.0061 0.0043 0.0085 0.0050 0.0051 0.0035 0.0075 0.0054 0.0044 0.0112 0.0125 0.0104 0.0032 0.0080 0.0107 0.0098 0.0108 0.0057 0.8436 
 H081.4_2003  2 0.0082 0.0086 0.0289 0.0236 0.0782 0.0230 0.1528 0.0103 0.0236 0.0292 0.0193 0.0064 0.0144 0.1809 0.1456 0.0559 0.0160 0.0848 0.0211 0.0104 0.0183 0.0237 0.0168 
 H081.5_2002  2 0.0061 0.0087 0.0047 0.0062 0.0120 0.0074 0.0089 0.0048 0.0069 0.0044 0.0081 0.0072 0.0045 0.0138 0.0096 0.0124 0.0042 0.0083 0.0124 0.0052 0.0073 0.0047 0.8324 
 H081.5_2003  2 0.0171 0.0251 0.0158 0.0112 0.0804 0.0165 0.0688 0.0101 0.0557 0.0207 0.0098 0.0159 0.0115 0.0314 0.0388 0.0633 0.0209 0.3762 0.0172 0.0054 0.0396 0.0150 0.0336 
      H081.6  2 0.0067 0.0044 0.0066 0.0034 0.0090 0.0051 0.0048 0.0065 0.0105 0.0058 0.0032 0.0040 0.0042 0.0078 0.0095 0.0077 0.0049 0.0216 0.0079 0.0049 0.0124 0.0049 0.8443 
      H081.7  2 0.0043 0.0040 0.0098 0.0076 0.0098 0.0121 0.0075 0.0033 0.0625 0.0061 0.0077 0.0064 0.0051 0.0110 0.0161 0.0092 0.0040 0.0076 0.0072 0.0058 0.0142 0.0039 0.7748 
      H081.8  2 0.0087 0.0130 0.0144 0.0104 0.0097 0.0104 0.0197 0.0052 0.0085 0.0090 0.0449 0.0057 0.0165 0.0268 0.0303 0.0159 0.0129 0.0072 0.0179 0.0135 0.0194 0.0054 0.6746 
      H083.1  2 0.0142 0.0053 0.0062 0.0131 0.0056 0.0031 0.0435 0.0063 0.0066 0.0177 0.0082 0.0086 0.0325 0.0075 0.0203 0.0063 0.0102 0.0252 0.0128 0.0157 0.0059 0.0126 0.7126 
      H083.2  2 0.0094 0.0055 0.0108 0.0512 0.0093 0.0100 0.0109 0.0049 0.0122 0.0082 0.0060 0.0643 0.0206 0.0045 0.0107 0.0067 0.0072 0.0172 0.0084 0.0065 0.0031 0.0071 0.7052 
      H083.4  2 0.0106 0.0043 0.0157 0.0204 0.0050 0.0093 0.0125 0.0045 0.0152 0.0072 0.0699 0.0188 0.1040 0.0062 0.0132 0.0046 0.0122 0.0130 0.0132 0.0222 0.0065 0.0044 0.6071 
      H083.5  2 0.0080 0.0079 0.0075 0.0096 0.0093 0.0047 0.0273 0.0074 0.0122 0.0406 0.0133 0.0105 0.1051 0.0051 0.0111 0.0059 0.0282 0.0282 0.0242 0.0085 0.0045 0.0082 0.6126 
      H083.6  2 0.0065 0.0046 0.0144 0.0057 0.0061 0.0041 0.0182 0.0077 0.0132 0.0396 0.0403 0.0041 0.1495 0.0109 0.0212 0.0066 0.0116 0.0198 0.0255 0.0148 0.0094 0.0110 0.5552 
      H083.7  2 0.0072 0.0045 0.0294 0.0109 0.0045 0.0111 0.0073 0.0049 0.0169 0.0101 0.0281 0.0142 0.2537 0.0049 0.0092 0.0053 0.0082 0.0111 0.0179 0.0152 0.0049 0.0062 0.5142 
      H083.8  2 0.0081 0.0064 0.0140 0.0521 0.0068 0.0089 0.0112 0.0035 0.0105 0.0089 0.0066 0.0661 0.0276 0.0043 0.0073 0.0062 0.0056 0.0132 0.0128 0.0077 0.0037 0.0084 0.7000 
      H083.9  2 0.0067 0.0076 0.0069 0.0063 0.0059 0.0030 0.0196 0.0088 0.0071 0.0251 0.0084 0.0161 0.1688 0.0076 0.0098 0.0054 0.0097 0.0182 0.0218 0.0058 0.0061 0.0091 0.6160 
      H084.1  2 0.0134 0.0708 0.0129 0.1919 0.0086 0.0094 0.0268 0.0060 0.0065 0.0396 0.0079 0.0135 0.0073 0.4357 0.0151 0.0108 0.0737 0.0076 0.0089 0.0067 0.0054 0.0142 0.0073 
      H084.2  2 0.0058 0.0260 0.0056 0.4739 0.0060 0.0069 0.0322 0.0036 0.0030 0.0062 0.0105 0.0047 0.0042 0.2681 0.0221 0.0119 0.0487 0.0108 0.0207 0.0074 0.0052 0.0116 0.0052 
      H084.3  2 0.0398 0.0150 0.0914 0.0408 0.0058 0.0166 0.0167 0.0484 0.0074 0.0517 0.0083 0.0115 0.0123 0.2039 0.0086 0.0232 0.2773 0.0613 0.0105 0.0058 0.0171 0.0176 0.0090 
      H084.4  2 0.0167 0.2801 0.0153 0.0282 0.0081 0.0190 0.0572 0.0155 0.0038 0.0233 0.0148 0.0087 0.0059 0.0999 0.0243 0.0246 0.2017 0.0789 0.0264 0.0043 0.0267 0.0088 0.0078 
      H084.5  2 0.2179 0.0978 0.0165 0.0197 0.0070 0.0097 0.0107 0.0056 0.0086 0.0638 0.0086 0.0131 0.0052 0.3481 0.0085 0.0220 0.0529 0.0326 0.0097 0.0062 0.0190 0.0117 0.0050 
      H084.6  2 0.0678 0.0230 0.0389 0.0112 0.0051 0.0110 0.0078 0.0082 0.0093 0.0297 0.0112 0.0218 0.0269 0.5922 0.0047 0.0100 0.0759 0.0099 0.0073 0.0045 0.0108 0.0058 0.0068 
      H084.7  2 0.0075 0.0964 0.0098 0.1984 0.0116 0.0052 0.0587 0.0065 0.0045 0.0137 0.0133 0.0081 0.0063 0.4489 0.0177 0.0108 0.0116 0.0132 0.0169 0.0084 0.0106 0.0151 0.0067 
      H084.8  2 0.0270 0.1250 0.0267 0.0167 0.0062 0.0078 0.0113 0.0104 0.0069 0.1400 0.0130 0.0189 0.0078 0.4100 0.0053 0.0119 0.0945 0.0135 0.0168 0.0044 0.0098 0.0108 0.0053 
 H085.1_2002  2 0.0087 0.0038 0.0065 0.0186 0.0129 0.0071 0.0241 0.0045 0.7001 0.0057 0.0054 0.0069 0.0121 0.0166 0.0857 0.0071 0.0127 0.0054 0.0099 0.0061 0.0098 0.0054 0.0248 
 H085.1_2003  2 0.0049 0.0103 0.0141 0.0583 0.0077 0.0053 0.0322 0.0168 0.1212 0.0108 0.0222 0.0126 0.0876 0.0095 0.1495 0.0679 0.0170 0.0081 0.0320 0.0249 0.0567 0.0071 0.2231 
 H085.2_2002  2 0.0115 0.0051 0.0232 0.0191 0.1065 0.0580 0.0420 0.0075 0.1746 0.0163 0.0144 0.0068 0.1359 0.0208 0.1040 0.0140 0.0851 0.0194 0.0101 0.0148 0.0768 0.0061 0.0283 
 H085.2_2003  2 0.0064 0.0137 0.0069 0.0249 0.0112 0.0097 0.0594 0.0138 0.0256 0.0059 0.0171 0.0235 0.0468 0.0153 0.0609 0.0432 0.0102 0.0194 0.0954 0.0161 0.0452 0.0111 0.4181 
 H085.3_2002  2 0.0039 0.0054 0.0068 0.0105 0.0511 0.0208 0.0109 0.0092 0.6407 0.0083 0.0036 0.0073 0.0229 0.0044 0.0558 0.0326 0.0053 0.0150 0.0055 0.0118 0.0524 0.0059 0.0099 
 H085.3_2003  2 0.0031 0.0100 0.0044 0.0063 0.0087 0.0063 0.0085 0.0117 0.0319 0.0036 0.0050 0.0076 0.0060 0.0087 0.0066 0.1006 0.0038 0.0210 0.0182 0.0199 0.2066 0.0071 0.4944 
 H085.4_2002  2 0.0124 0.0039 0.0133 0.0230 0.0356 0.0478 0.0315 0.0073 0.3509 0.0187 0.0104 0.0081 0.0295 0.0198 0.1161 0.0135 0.0303 0.0067 0.0215 0.0212 0.0754 0.0111 0.0921 
 H085.4_2003  2 0.0379 0.0100 0.0128 0.0066 0.0318 0.0119 0.0516 0.0375 0.0069 0.0084 0.0050 0.0113 0.0058 0.0149 0.0052 0.0295 0.0063 0.0194 0.0066 0.0068 0.0367 0.0087 0.6283 
 H085.5_2002  2 0.0046 0.0046 0.0063 0.0095 0.0189 0.0079 0.0091 0.0068 0.7712 0.0084 0.0040 0.0060 0.0042 0.0040 0.0259 0.0256 0.0050 0.0059 0.0076 0.0049 0.0455 0.0066 0.0075 
 H085.5_2003  2 0.0045 0.0055 0.0056 0.0071 0.0055 0.0055 0.0265 0.0233 0.0239 0.0039 0.0055 0.0167 0.0279 0.0239 0.0243 0.0150 0.0066 0.0106 0.0512 0.0216 0.0321 0.0067 0.6467 
 H085.6_2002  2 0.0056 0.0054 0.0057 0.0253 0.0267 0.0147 0.0205 0.0040 0.6058 0.0066 0.0067 0.0094 0.0170 0.0058 0.1576 0.0145 0.0095 0.0143 0.0086 0.0067 0.0169 0.0044 0.0085 
 H085.6_2003  2 0.0049 0.0184 0.0080 0.0088 0.0318 0.0097 0.0155 0.0072 0.0203 0.0101 0.0065 0.0114 0.0045 0.0047 0.0098 0.5689 0.0053 0.0310 0.0127 0.0056 0.1449 0.0100 0.0500 
 H085.7_2002  2 0.0051 0.0076 0.0095 0.0120 0.1355 0.0339 0.0576 0.0174 0.2438 0.0046 0.0086 0.0533 0.0632 0.0177 0.0692 0.0372 0.0140 0.0398 0.0149 0.0128 0.0677 0.0092 0.0653 
 H085.7_2003  2 0.0055 0.0078 0.0086 0.0305 0.0067 0.0115 0.0112 0.0107 0.0168 0.0071 0.0052 0.0116 0.0093 0.0070 0.0364 0.0541 0.0099 0.0076 0.0350 0.0393 0.0947 0.0102 0.5636 
 H085.8_2002  2 0.0057 0.0112 0.0119 0.0093 0.0676 0.0642 0.0112 0.0072 0.1301 0.0151 0.0114 0.0087 0.0232 0.0087 0.0575 0.1288 0.0120 0.0521 0.0125 0.0300 0.2928 0.0042 0.0245 
 H085.8_2003  2 0.0129 0.0122 0.0199 0.0442 0.0283 0.0157 0.2870 0.0315 0.0502 0.0130 0.0071 0.0298 0.0695 0.0158 0.0219 0.0513 0.0168 0.0169 0.0286 0.0100 0.0841 0.0100 0.1233 
      H085.9  2 0.0097 0.0054 0.0082 0.0142 0.0632 0.0124 0.0514 0.0085 0.5696 0.0079 0.0094 0.0079 0.0167 0.0172 0.0318 0.0189 0.0311 0.0145 0.0114 0.0108 0.0265 0.0097 0.0437 
      H088.1  2 0.0043 0.0045 0.0159 0.0082 0.0176 0.0106 0.6270 0.0156 0.0187 0.0803 0.0261 0.0055 0.0124 0.0062 0.0156 0.0055 0.0063 0.0083 0.0620 0.0219 0.0041 0.0162 0.0072 
      H088.2  2 0.0106 0.0036 0.0156 0.0079 0.0190 0.0112 0.7447 0.0082 0.0244 0.0412 0.0096 0.0110 0.0084 0.0068 0.0150 0.0077 0.0064 0.0137 0.0087 0.0077 0.0055 0.0072 0.0059 
      H088.3  2 0.0079 0.0053 0.0079 0.0081 0.0144 0.0085 0.7795 0.0100 0.0119 0.0244 0.0172 0.0108 0.0082 0.0061 0.0116 0.0097 0.0063 0.0136 0.0125 0.0069 0.0056 0.0092 0.0044 
      H088.4  2 0.0049 0.0078 0.0033 0.0067 0.0048 0.0077 0.8344 0.0215 0.0035 0.0073 0.0077 0.0037 0.0027 0.0184 0.0102 0.0076 0.0050 0.0051 0.0190 0.0040 0.0046 0.0052 0.0052 
      H088.5  2 0.0044 0.0053 0.0042 0.0052 0.0067 0.0065 0.8655 0.0094 0.0047 0.0096 0.0108 0.0049 0.0038 0.0049 0.0047 0.0052 0.0052 0.0040 0.0141 0.0075 0.0034 0.0064 0.0038 
      H088.6  2 0.0046 0.0062 0.0059 0.0046 0.0072 0.0061 0.8266 0.0091 0.0043 0.0133 0.0189 0.0077 0.0050 0.0058 0.0071 0.0055 0.0036 0.0048 0.0244 0.0115 0.0048 0.0074 0.0058 
      H088.7  2 0.0076 0.0061 0.0053 0.0103 0.0047 0.0038 0.8396 0.0052 0.0061 0.0100 0.0080 0.0140 0.0044 0.0052 0.0108 0.0086 0.0054 0.0070 0.0173 0.0041 0.0037 0.0050 0.0080 
      H088.8  2 0.0061 0.0086 0.0092 0.0071 0.0079 0.0058 0.6614 0.0388 0.0059 0.0102 0.0222 0.0087 0.0062 0.0108 0.0083 0.0053 0.0056 0.0068 0.1317 0.0117 0.0042 0.0066 0.0108 
      H091.1  2 0.0100 0.0048 0.0074 0.0270 0.0076 0.0075 0.4182 0.1836 0.0066 0.0070 0.0052 0.0143 0.0240 0.0067 0.0227 0.0332 0.0103 0.0036 0.0125 0.0270 0.1280 0.0087 0.0241 
      H091.2  2 0.0101 0.0088 0.0141 0.0247 0.0094 0.0088 0.5680 0.0351 0.0059 0.0057 0.0082 0.0176 0.0327 0.0046 0.0261 0.0128 0.0050 0.0048 0.0253 0.0702 0.0759 0.0086 0.0178 
      H109.1  2 0.0377 0.0899 0.0095 0.2465 0.0113 0.0061 0.0063 0.0094 0.0251 0.0166 0.0821 0.1751 0.0838 0.0298 0.0481 0.0088 0.0339 0.0097 0.0103 0.0162 0.0197 0.0118 0.0123 
      H109.2  2 0.0416 0.1333 0.0217 0.1371 0.0180 0.0110 0.0159 0.0122 0.0066 0.0107 0.0131 0.0414 0.0123 0.3233 0.0504 0.0348 0.0175 0.0117 0.0093 0.0185 0.0111 0.0046 0.0438 
      H109.3  2 0.0124 0.1905 0.0170 0.2702 0.0085 0.0080 0.0199 0.0118 0.0046 0.0176 0.0127 0.1169 0.0092 0.0424 0.0273 0.0766 0.0096 0.0200 0.0258 0.0499 0.0099 0.0199 0.0194 
      H109.4  2 0.0143 0.2586 0.0083 0.1861 0.0110 0.0152 0.0108 0.0442 0.0070 0.0135 0.0382 0.0152 0.0101 0.0553 0.0253 0.0260 0.0248 0.0093 0.0222 0.1785 0.0097 0.0065 0.0100 
      H109.5  2 0.0153 0.2359 0.0093 0.1489 0.0108 0.0057 0.0539 0.0289 0.0059 0.1075 0.0065 0.0359 0.0056 0.0495 0.0326 0.0613 0.0044 0.0180 0.0352 0.0095 0.0266 0.0164 0.0764 
      H109.6  2 0.0564 0.0735 0.0311 0.1031 0.0229 0.0110 0.0107 0.0126 0.0075 0.0190 0.0968 0.0964 0.0127 0.2248 0.0202 0.0446 0.0177 0.0232 0.0417 0.0215 0.0102 0.0114 0.0311 
      H126.1  2 0.1088 0.0089 0.0073 0.0380 0.0300 0.0965 0.0126 0.0185 0.0696 0.0218 0.0176 0.0120 0.0069 0.0039 0.3785 0.0149 0.0083 0.0104 0.0307 0.0267 0.0181 0.0547 0.0053 
      H126.2  2 0.0102 0.0118 0.0050 0.0047 0.0093 0.0406 0.0080 0.0128 0.0294 0.0050 0.0072 0.0352 0.0111 0.0055 0.6070 0.0129 0.0224 0.0120 0.0098 0.0912 0.0088 0.0112 0.0289 
      H126.3  2 0.2782 0.0032 0.0034 0.0089 0.0052 0.0069 0.0423 0.0114 0.0068 0.0068 0.0089 0.0066 0.0133 0.0029 0.5456 0.0033 0.0046 0.0037 0.0104 0.0061 0.0065 0.0048 0.0102 
      H126.4  2 0.0462 0.0125 0.0119 0.0122 0.0314 0.1767 0.0314 0.0207 0.0186 0.0262 0.0144 0.0219 0.0174 0.0076 0.2825 0.0145 0.0148 0.0110 0.0590 0.1036 0.0108 0.0215 0.0331 
      H126.5  2 0.0933 0.0070 0.0077 0.0057 0.0528 0.0514 0.0112 0.0077 0.0288 0.0062 0.0073 0.0052 0.0095 0.0063 0.3362 0.0234 0.0055 0.0259 0.0544 0.1428 0.0084 0.0231 0.0804 
      H126.6  2 0.0955 0.0047 0.0031 0.0047 0.0062 0.0092 0.0148 0.0047 0.0334 0.0049 0.0041 0.0099 0.0044 0.0038 0.6618 0.0067 0.0045 0.0120 0.0097 0.0073 0.0038 0.0056 0.0852 
      H126.7  2 0.0191 0.0047 0.0083 0.0073 0.0068 0.0086 0.0596 0.0139 0.0412 0.0046 0.0073 0.0068 0.0075 0.0071 0.1152 0.0138 0.0035 0.0189 0.0204 0.0410 0.0051 0.0075 0.5722 
      H130.1  2 0.0056 0.0151 0.0125 0.0195 0.4561 0.0806 0.0325 0.0181 0.0083 0.0145 0.0178 0.0204 0.0095 0.0109 0.1732 0.0225 0.0082 0.0213 0.0104 0.0155 0.0078 0.0147 0.0049 
      H130.2  2 0.0066 0.0408 0.0275 0.0285 0.1147 0.0172 0.0517 0.0108 0.0161 0.0087 0.0645 0.0559 0.0395 0.2536 0.0771 0.0258 0.0086 0.0762 0.0082 0.0117 0.0090 0.0277 0.0194 
      H130.3  2 0.0055 0.0045 0.0142 0.0273 0.0545 0.0259 0.0315 0.0301 0.0060 0.0071 0.0201 0.0150 0.0062 0.0824 0.1016 0.0124 0.0051 0.1441 0.0061 0.0115 0.0043 0.3573 0.0272 
      H130.4  2 0.0065 0.0087 0.0249 0.0717 0.3677 0.0510 0.0302 0.0140 0.0164 0.0115 0.0388 0.0316 0.0178 0.0253 0.1107 0.0081 0.0200 0.0159 0.0054 0.0163 0.0059 0.0962 0.0056 
      H130.5  2 0.0047 0.0094 0.0191 0.0205 0.3276 0.0257 0.0648 0.0091 0.0169 0.0192 0.0131 0.0103 0.0182 0.0834 0.1556 0.0239 0.0051 0.0936 0.0050 0.0102 0.0101 0.0101 0.0444 
      H133.1  2 0.0060 0.0121 0.0045 0.8079 0.0155 0.0113 0.0103 0.0053 0.0082 0.0125 0.0045 0.0129 0.0062 0.0076 0.0097 0.0079 0.0149 0.0059 0.0075 0.0045 0.0049 0.0096 0.0105 
      H133.2  2 0.0096 0.0624 0.0061 0.5274 0.0371 0.0246 0.0224 0.0127 0.0287 0.0153 0.0131 0.0224 0.0051 0.0375 0.0655 0.0483 0.0062 0.0125 0.0114 0.0038 0.0095 0.0116 0.0068 
      H133.3  2 0.0070 0.0059 0.0061 0.7515 0.0099 0.0080 0.0266 0.0066 0.0138 0.0258 0.0045 0.0103 0.0073 0.0080 0.0277 0.0094 0.0235 0.0037 0.0117 0.0042 0.0069 0.0105 0.0112 
      H133.4  2 0.0047 0.0552 0.0061 0.7411 0.0144 0.0095 0.0062 0.0058 0.0121 0.0083 0.0091 0.0247 0.0044 0.0108 0.0057 0.0113 0.0144 0.0110 0.0050 0.0046 0.0083 0.0137 0.0134 
      H133.5  2 0.0052 0.0060 0.0041 0.7666 0.0079 0.0079 0.0186 0.0039 0.0227 0.0061 0.0068 0.0071 0.0077 0.0122 0.0545 0.0107 0.0072 0.0126 0.0060 0.0053 0.0068 0.0091 0.0049 
      H133.6  2 0.0094 0.0054 0.0075 0.6733 0.0139 0.0471 0.0545 0.0078 0.0141 0.0165 0.0145 0.0130 0.0071 0.0104 0.0341 0.0188 0.0052 0.0141 0.0063 0.0055 0.0063 0.0091 0.0061 
      H133.7  2 0.0072 0.0217 0.0117 0.6765 0.0254 0.0095 0.0085 0.0083 0.0187 0.0177 0.0040 0.0407 0.0053 0.0065 0.0099 0.0419 0.0353 0.0051 0.0076 0.0036 0.0128 0.0077 0.0146 
      H133.8  2 0.0058 0.0088 0.0040 0.7595 0.0140 0.0082 0.0084 0.0054 0.0465 0.0052 0.0045 0.0080 0.0051 0.0053 0.0335 0.0054 0.0154 0.0046 0.0078 0.0043 0.0253 0.0096 0.0056 
      H133.9  2 0.0046 0.0074 0.0048 0.8149 0.0133 0.0146 0.0086 0.0067 0.0067 0.0094 0.0043 0.0089 0.0065 0.0073 0.0091 0.0086 0.0142 0.0074 0.0088 0.0044 0.0043 0.0164 0.0087 
      H147.1  2 0.0202 0.0370 0.0120 0.0050 0.0209 0.0090 0.0110 0.0574 0.0471 0.0238 0.0044 0.0400 0.0195 0.1183 0.0262 0.0431 0.0190 0.1142 0.0294 0.0037 0.0878 0.0038 0.2472 
      H147.2  2 0.0085 0.0086 0.0061 0.0040 0.0114 0.0071 0.0082 0.0103 0.0109 0.0078 0.0051 0.0061 0.0061 0.0257 0.0058 0.0270 0.0042 0.0717 0.0074 0.0034 0.0299 0.0043 0.7205 
      H147.3  2 0.0062 0.0112 0.0071 0.0043 0.0118 0.0047 0.0042 0.0138 0.0285 0.0091 0.0026 0.0045 0.0064 0.0468 0.0059 0.0127 0.0040 0.0570 0.0079 0.0039 0.0117 0.0045 0.7311 
      H147.4  2 0.0067 0.0171 0.0047 0.0031 0.0077 0.0029 0.0045 0.0314 0.0164 0.0064 0.0034 0.0077 0.0087 0.1048 0.0089 0.0070 0.0224 0.0291 0.0579 0.0038 0.0114 0.0037 0.6305 
      H147.5  2 0.0094 0.0234 0.0078 0.0041 0.0081 0.0084 0.0579 0.0420 0.0256 0.0155 0.0084 0.0083 0.0250 0.1928 0.0228 0.0454 0.0073 0.1044 0.0165 0.0059 0.0133 0.0071 0.3406 
      H147.6  2 0.0140 0.0456 0.0045 0.0040 0.0066 0.0073 0.0529 0.0509 0.0145 0.0096 0.0092 0.0088 0.0228 0.2447 0.0219 0.0497 0.0088 0.0899 0.0149 0.0074 0.0152 0.0085 0.2882 
      H147.7  2 0.0092 0.0375 0.0082 0.0043 0.0091 0.0041 0.0031 0.0371 0.0117 0.0111 0.0041 0.0109 0.0197 0.1023 0.0059 0.0098 0.0257 0.0203 0.0861 0.0039 0.0169 0.0047 0.5544 
      H147.8  2 0.0116 0.0313 0.0034 0.0048 0.0044 0.0030 0.0358 0.0305 0.0105 0.0082 0.0101 0.0121 0.0240 0.1673 0.0522 0.0084 0.0348 0.0293 0.0332 0.0064 0.0185 0.0038 0.4565 
      H147.9  2 0.0069 0.0167 0.0052 0.0033 0.0120 0.0053 0.0048 0.0063 0.0202 0.0109 0.0048 0.0053 0.0080 0.0413 0.0091 0.0216 0.0047 0.0367 0.0124 0.0043 0.0129 0.0045 0.7429 
      H148.1  2 0.0348 0.0235 0.0227 0.0184 0.1600 0.0746 0.0221 0.0332 0.0114 0.0790 0.1327 0.0169 0.0227 0.0607 0.0449 0.0484 0.0450 0.0301 0.0205 0.0128 0.0731 0.0045 0.0080 
      H148.2  2 0.0627 0.0107 0.1026 0.0291 0.1055 0.0182 0.0080 0.0110 0.0171 0.2565 0.0935 0.0158 0.0150 0.0236 0.0642 0.0158 0.0415 0.0320 0.0154 0.0073 0.0343 0.0058 0.0146 
      H148.3  2 0.0104 0.0093 0.2169 0.0052 0.0194 0.0088 0.0145 0.0154 0.0067 0.1350 0.0407 0.0175 0.0087 0.0187 0.0065 0.0137 0.0411 0.0098 0.0107 0.0057 0.3707 0.0073 0.0072 
      H148.4  2 0.0200 0.0112 0.0510 0.0088 0.1697 0.0374 0.0063 0.0221 0.0150 0.0916 0.2579 0.0099 0.0082 0.0099 0.0134 0.0276 0.0293 0.0873 0.0246 0.0067 0.0738 0.0080 0.0103 
      H148.5  2 0.0213 0.0061 0.2989 0.0074 0.0121 0.0089 0.0184 0.0247 0.0097 0.2205 0.1868 0.0121 0.0079 0.0456 0.0086 0.0056 0.0204 0.0265 0.0108 0.0068 0.0253 0.0097 0.0059 
      H148.6  2 0.0218 0.0117 0.2762 0.0083 0.0817 0.0152 0.0114 0.0366 0.0145 0.1620 0.0788 0.0108 0.0313 0.0181 0.0199 0.0172 0.0855 0.0260 0.0140 0.0043 0.0382 0.0040 0.0123 
      H148.7  2 0.0290 0.0113 0.0683 0.0198 0.0461 0.0092 0.0210 0.0328 0.0080 0.2249 0.2770 0.0427 0.0111 0.0238 0.0130 0.0124 0.0284 0.0342 0.0203 0.0170 0.0332 0.0107 0.0060 
      H148.8  2 0.0083 0.0056 0.2763 0.0052 0.2159 0.0090 0.0139 0.0725 0.0105 0.1809 0.0620 0.0058 0.0061 0.0099 0.0137 0.0111 0.0212 0.0252 0.0053 0.0046 0.0261 0.0047 0.0061 
      H148.9  2 0.1200 0.0099 0.0998 0.0261 0.0857 0.0153 0.0079 0.0372 0.0460 0.0667 0.0716 0.0870 0.0203 0.0161 0.0236 0.0146 0.1020 0.0150 0.0183 0.0181 0.0818 0.0097 0.0072 
   H166022.1  2 0.0087 0.0176 0.0103 0.0060 0.0137 0.0065 0.3834 0.1960 0.0129 0.0133 0.0058 0.0117 0.0662 0.1222 0.0281 0.0066 0.0107 0.0378 0.0115 0.0037 0.0127 0.0041 0.0107 
   H166022.2  2 0.0129 0.0477 0.0200 0.0082 0.0222 0.0069 0.1992 0.1094 0.0133 0.0104 0.0195 0.0211 0.0476 0.1201 0.0162 0.0361 0.0130 0.1783 0.0219 0.0094 0.0102 0.0118 0.0446 
   H166022.3  2 0.0050 0.0072 0.0099 0.0080 0.0136 0.0058 0.2713 0.3690 0.0040 0.0104 0.0216 0.0087 0.1410 0.0179 0.0129 0.0098 0.0055 0.0367 0.0107 0.0118 0.0097 0.0060 0.0034 
   H166022.4  2 0.0050 0.0037 0.0063 0.0062 0.0055 0.0054 0.6982 0.0254 0.0044 0.0102 0.0146 0.0062 0.0177 0.0138 0.0095 0.0115 0.0043 0.0985 0.0181 0.0137 0.0086 0.0082 0.0049 
   H166022.5  2 0.0062 0.0103 0.0084 0.0081 0.0084 0.0055 0.4332 0.1191 0.0047 0.0082 0.0095 0.0109 0.0190 0.1020 0.0158 0.0121 0.0055 0.1591 0.0156 0.0070 0.0130 0.0095 0.0088 
   H166022.6  2 0.0085 0.0140 0.0073 0.0128 0.0461 0.0141 0.2719 0.3041 0.0065 0.0185 0.0084 0.0370 0.0303 0.0376 0.0279 0.0240 0.0230 0.0467 0.0216 0.0083 0.0155 0.0082 0.0076 
   H166022.7  2 0.0049 0.0261 0.0035 0.0062 0.0050 0.0050 0.0091 0.0045 0.0036 0.0044 0.8531 0.0059 0.0035 0.0093 0.0067 0.0045 0.0054 0.0040 0.0115 0.0061 0.0044 0.0062 0.0069 
   H166022.8  2 0.0092 0.0128 0.0068 0.0169 0.0829 0.0338 0.0495 0.0773 0.0229 0.0122 0.0059 0.0167 0.0320 0.1287 0.0336 0.0393 0.0083 0.3536 0.0185 0.0050 0.0156 0.0116 0.0068 
   H167397.1  2 0.0148 0.0215 0.0080 0.0039 0.0068 0.0173 0.0280 0.2350 0.0052 0.0084 0.0080 0.0067 0.0052 0.0234 0.0063 0.0085 0.5058 0.0186 0.0119 0.0084 0.0189 0.0057 0.0238 
   H167397.2  2 0.0070 0.0095 0.0071 0.0072 0.0618 0.0123 0.0174 0.0077 0.0391 0.0130 0.0091 0.0083 0.0293 0.0165 0.0786 0.0147 0.5177 0.0491 0.0122 0.0058 0.0529 0.0057 0.0179 
   H167397.3  2 0.0349 0.0189 0.0127 0.0073 0.0179 0.0168 0.0218 0.0673 0.0055 0.0067 0.0046 0.0103 0.0090 0.0206 0.0115 0.0103 0.5949 0.0151 0.0123 0.0054 0.0116 0.0097 0.0748 
   H167397.4  2 0.0096 0.0169 0.0093 0.0127 0.0182 0.0034 0.0204 0.0065 0.0280 0.0343 0.0125 0.0635 0.0183 0.0210 0.0219 0.0067 0.5420 0.0133 0.0158 0.0060 0.0930 0.0073 0.0195 
   H167397.5  2 0.0050 0.0330 0.0108 0.0062 0.0185 0.0124 0.0238 0.0260 0.0050 0.0105 0.0231 0.0098 0.0089 0.0301 0.0172 0.0318 0.5980 0.0326 0.0072 0.0093 0.0629 0.0063 0.0116 
   H167397.6  2 0.0894 0.0088 0.0094 0.0120 0.0269 0.0070 0.0224 0.0328 0.0105 0.0181 0.0069 0.0193 0.0075 0.0072 0.0212 0.0098 0.5783 0.0080 0.0152 0.0090 0.0172 0.0180 0.0450 
   H167496.1  2 0.0149 0.0079 0.0408 0.0575 0.0091 0.0125 0.3356 0.0269 0.0044 0.1420 0.0085 0.0200 0.0253 0.0126 0.0286 0.0663 0.0082 0.0268 0.0101 0.0818 0.0323 0.0157 0.0124 
   H167496.2  2 0.0721 0.0147 0.0980 0.0552 0.0147 0.0240 0.1085 0.0068 0.0113 0.0611 0.0439 0.0279 0.0066 0.0135 0.0559 0.1723 0.0153 0.0533 0.0532 0.0237 0.0123 0.0111 0.0447 
   H167496.3  2 0.0075 0.0050 0.0800 0.0195 0.0875 0.0190 0.1429 0.0631 0.0797 0.0330 0.0047 0.0457 0.0822 0.0065 0.0401 0.0738 0.0068 0.0550 0.0211 0.0265 0.0554 0.0157 0.0293 
   H167496.4  2 0.0055 0.0046 0.0037 0.0047 0.0043 0.0034 0.8810 0.0054 0.0057 0.0046 0.0036 0.0054 0.0050 0.0063 0.0083 0.0056 0.0039 0.0070 0.0088 0.0044 0.0064 0.0045 0.0080 
   H167496.6  2 0.0127 0.0097 0.0035 0.0080 0.0076 0.0037 0.4922 0.0120 0.0074 0.0112 0.0050 0.0072 0.0052 0.0118 0.0109 0.2269 0.0054 0.0964 0.0226 0.0089 0.0094 0.0098 0.0126 
   H167496.7  2 0.0428 0.0423 0.0901 0.0169 0.0866 0.0259 0.0257 0.0887 0.0069 0.0099 0.0052 0.0363 0.0312 0.0086 0.0329 0.2035 0.0045 0.0494 0.0131 0.0508 0.1014 0.0130 0.0144 
   H167496.8  2 0.0243 0.0223 0.0054 0.0079 0.0098 0.0040 0.6405 0.0074 0.0066 0.0093 0.0063 0.0103 0.0081 0.0100 0.0070 0.1261 0.0052 0.0413 0.0120 0.0055 0.0101 0.0059 0.0146 
   H167513.1  2 0.0086 0.0053 0.0041 0.0072 0.0047 0.0064 0.0055 0.0039 0.0037 0.0053 0.0066 0.8634 0.0069 0.0077 0.0078 0.0057 0.0060 0.0122 0.0061 0.0057 0.0058 0.0058 0.0054 
   H167513.2  2 0.0090 0.0072 0.0059 0.0047 0.0093 0.0066 0.0082 0.0078 0.0049 0.0102 0.0036 0.8577 0.0040 0.0043 0.0038 0.0099 0.0108 0.0061 0.0060 0.0045 0.0074 0.0033 0.0048 
   H167513.3  2 0.0074 0.0206 0.0067 0.0080 0.0054 0.0036 0.0050 0.0090 0.0042 0.0034 0.0058 0.8207 0.0085 0.0211 0.0069 0.0043 0.0069 0.0120 0.0090 0.0057 0.0061 0.0132 0.0065 
   H167513.4  2 0.0120 0.0102 0.0074 0.0602 0.0061 0.0052 0.0138 0.0059 0.0051 0.0084 0.0070 0.7563 0.0201 0.0127 0.0071 0.0090 0.0055 0.0208 0.0070 0.0033 0.0057 0.0049 0.0063 
   H167513.5  2 0.0057 0.0063 0.0041 0.0055 0.0063 0.0047 0.0081 0.0052 0.0042 0.0077 0.0035 0.8850 0.0051 0.0036 0.0043 0.0097 0.0092 0.0048 0.0038 0.0029 0.0042 0.0032 0.0029 
   H167513.6  2 0.0087 0.0091 0.0090 0.0057 0.0056 0.0075 0.0107 0.0129 0.0070 0.0044 0.0078 0.8131 0.0117 0.0223 0.0085 0.0050 0.0064 0.0163 0.0052 0.0045 0.0060 0.0039 0.0086 
   H167513.7  2 0.0067 0.0082 0.0034 0.0156 0.0055 0.0034 0.0062 0.0051 0.0062 0.0034 0.0049 0.8498 0.0143 0.0072 0.0086 0.0051 0.0123 0.0060 0.0043 0.0046 0.0052 0.0062 0.0078 
   H167513.8  2 0.0077 0.0153 0.0037 0.0095 0.0037 0.0046 0.0042 0.0049 0.0034 0.0034 0.0081 0.8340 0.0046 0.0191 0.0056 0.0066 0.0099 0.0158 0.0134 0.0060 0.0036 0.0065 0.0064 
   H167547.1  2 0.0077 0.0057 0.0358 0.0051 0.0212 0.0162 0.0035 0.8055 0.0041 0.0091 0.0064 0.0060 0.0051 0.0047 0.0048 0.0125 0.0070 0.0063 0.0061 0.0062 0.0063 0.0106 0.0041 
   H167547.2  2 0.0079 0.0081 0.0247 0.0038 0.0110 0.0091 0.0047 0.8509 0.0047 0.0073 0.0029 0.0049 0.0053 0.0035 0.0039 0.0083 0.0048 0.0074 0.0035 0.0052 0.0085 0.0048 0.0046 
   H167547.3  2 0.0082 0.0086 0.0305 0.0034 0.0100 0.0088 0.0050 0.8444 0.0046 0.0058 0.0032 0.0051 0.0049 0.0038 0.0038 0.0102 0.0058 0.0060 0.0039 0.0062 0.0076 0.0053 0.0048 
   H167547.4  2 0.0033 0.0040 0.0101 0.0056 0.0180 0.0141 0.0048 0.8303 0.0068 0.0055 0.0045 0.0040 0.0208 0.0041 0.0075 0.0061 0.0067 0.0093 0.0048 0.0136 0.0056 0.0076 0.0029 
   H167547.5  2 0.0086 0.0085 0.0545 0.0074 0.0050 0.0126 0.0095 0.5851 0.0055 0.1854 0.0067 0.0045 0.0094 0.0129 0.0053 0.0053 0.0098 0.0056 0.0093 0.0167 0.0195 0.0053 0.0074 
   H167547.6  2 0.0099 0.0081 0.0762 0.0064 0.0050 0.0133 0.0099 0.5807 0.0062 0.1689 0.0071 0.0057 0.0086 0.0122 0.0044 0.0052 0.0121 0.0074 0.0092 0.0115 0.0166 0.0053 0.0102 
   H167547.7  2 0.0170 0.0243 0.1654 0.0649 0.0819 0.0181 0.0096 0.0455 0.0652 0.0251 0.0369 0.2098 0.0241 0.0243 0.0226 0.0210 0.0103 0.0143 0.0098 0.0216 0.0376 0.0287 0.0222 
   H169750.1  2 0.0107 0.0083 0.0242 0.4698 0.0314 0.0092 0.0686 0.0672 0.0167 0.0102 0.0101 0.0146 0.0277 0.0088 0.0406 0.0913 0.0086 0.0076 0.0142 0.0280 0.0100 0.0146 0.0075 
   H169750.2  2 0.0091 0.0681 0.0087 0.1310 0.1061 0.0114 0.0151 0.0294 0.0119 0.0178 0.0123 0.0647 0.0065 0.0313 0.0084 0.1109 0.0311 0.0348 0.0484 0.0061 0.1591 0.0338 0.0442 
   H169750.3  2 0.0043 0.0112 0.0110 0.5248 0.0120 0.0066 0.0151 0.0344 0.0194 0.0083 0.0148 0.0316 0.0076 0.0179 0.0267 0.1443 0.0038 0.0041 0.0533 0.0120 0.0075 0.0203 0.0090 
