      H008.1  2 0.0145 0.0144 0.0087 0.0166 0.0145 0.0143 0.0072 0.0126 0.0096 0.8877 
      H008.2  2 0.1056 0.1628 0.1726 0.0186 0.1662 0.0158 0.0186 0.0901 0.0319 0.2177 
      H008.3  2 0.0611 0.0526 0.1109 0.0295 0.3279 0.0322 0.0659 0.1919 0.0211 0.1069 
      H008.4  2 0.0315 0.0096 0.0907 0.0252 0.0178 0.0347 0.0308 0.0145 0.0107 0.7345 
      H008.5  2 0.0110 0.0123 0.0200 0.0140 0.0285 0.0152 0.0404 0.0182 0.0125 0.8280 
      H008.6  2 0.0764 0.0408 0.2325 0.0151 0.1313 0.0227 0.0369 0.0081 0.0165 0.4197 
      H008.7  2 0.0364 0.0596 0.1611 0.0395 0.0575 0.0211 0.0487 0.0699 0.0115 0.4947 
      H008.8  2 0.3398 0.1338 0.0288 0.0249 0.0249 0.0684 0.0106 0.0474 0.0150 0.3065 
      H008.9  2 0.1414 0.0653 0.5497 0.0406 0.0846 0.0135 0.0334 0.0166 0.0139 0.0412 
 H029.1_2002  2 0.0185 0.0169 0.0247 0.0173 0.0130 0.0245 0.0764 0.0120 0.0103 0.7864 
 H029.1_2003  2 0.0230 0.0278 0.0225 0.0186 0.0541 0.0172 0.3906 0.0075 0.0208 0.4178 
 H029.2_2002  2 0.0116 0.0114 0.0339 0.0102 0.0337 0.0102 0.0329 0.0415 0.0090 0.8057 
 H029.2_2003  2 0.0264 0.0173 0.0510 0.0107 0.1332 0.0140 0.1403 0.0170 0.0297 0.5604 
 H029.3_2002  2 0.0163 0.0321 0.1264 0.0132 0.0301 0.0183 0.0356 0.0692 0.0232 0.6356 
 H029.3_2003  2 0.0050 0.0138 0.0087 0.0095 0.0139 0.0096 0.0935 0.0093 0.0141 0.8227 
 H029.4_2002  2 0.0046 0.0073 0.0143 0.0092 0.0064 0.0100 0.0200 0.0174 0.0078 0.9031 
 H029.4_2003  2 0.0211 0.0425 0.0299 0.0123 0.0298 0.0338 0.3696 0.0085 0.0128 0.4397 
 H029.5_2002  2 0.0074 0.0071 0.0083 0.0182 0.0063 0.0073 0.0416 0.0112 0.0078 0.8848 
 H029.5_2003  2 0.0086 0.0187 0.0145 0.0086 0.0279 0.0121 0.1033 0.0060 0.0080 0.7922 
 H029.6_2002  2 0.0063 0.0146 0.0395 0.0094 0.0075 0.0072 0.1248 0.0263 0.0076 0.7569 
 H029.6_2003  2 0.0223 0.0271 0.0124 0.0441 0.0824 0.0158 0.0511 0.0142 0.0299 0.7007 
      H029.7  2 0.0127 0.0070 0.0302 0.0072 0.0110 0.0117 0.0209 0.0170 0.0060 0.8764 
      H030.1  2 0.0087 0.0607 0.0057 0.0159 0.0348 0.0090 0.2609 0.0211 0.5355 0.0477 
      H030.2  2 0.0093 0.0391 0.0752 0.0240 0.0097 0.3196 0.0448 0.1340 0.2507 0.0935 
      H038.1  2 0.0088 0.0071 0.0299 0.0068 0.0055 0.0089 0.0078 0.0063 0.0069 0.9122 
      H038.2  2 0.0047 0.0088 0.0066 0.0109 0.0089 0.0103 0.0078 0.0092 0.0175 0.9153 
      H038.3  2 0.0090 0.0139 0.0440 0.0152 0.0072 0.0276 0.0065 0.0103 0.0824 0.7840 
      H038.4  2 0.0068 0.0139 0.0352 0.0212 0.0062 0.0143 0.0069 0.0102 0.0195 0.8658 
      H038.5  2 0.0051 0.0468 0.0378 0.0091 0.0094 0.0097 0.0076 0.0143 0.0230 0.8370 
      H038.6  2 0.0059 0.0071 0.0138 0.0053 0.0108 0.0075 0.0096 0.0056 0.0115 0.9229 
      H038.7  2 0.0058 0.0143 0.0113 0.0058 0.0098 0.0120 0.0055 0.0047 0.0162 0.9145 
      H038.8  2 0.0079 0.0112 0.1110 0.0134 0.0075 0.0229 0.0076 0.0144 0.0811 0.7231 
      H041.1  2 0.0185 0.0455 0.0412 0.0709 0.0127 0.0128 0.3756 0.0773 0.0154 0.3300 
      H041.2  2 0.0110 0.0083 0.0218 0.0764 0.0111 0.0197 0.6344 0.0088 0.0089 0.1996 
      H041.4  2 0.0246 0.0137 0.0342 0.0470 0.0111 0.0122 0.3935 0.0129 0.0136 0.4373 
      H041.6  2 0.0401 0.0115 0.0139 0.0601 0.0110 0.0430 0.4216 0.0192 0.0155 0.3643 
 H042.1_2002  2 0.0214 0.0101 0.0155 0.0264 0.0197 0.0538 0.8232 0.0083 0.0086 0.0130 
 H042.1_2003  2 0.0923 0.0292 0.1568 0.1266 0.1836 0.0980 0.1015 0.0164 0.0561 0.1395 
 H042.2_2002  2 0.0075 0.0137 0.0472 0.0189 0.0266 0.2515 0.3846 0.0135 0.0118 0.2248 
 H042.2_2003  2 0.0239 0.0078 0.0084 0.1337 0.0199 0.0244 0.6045 0.0047 0.0115 0.1610 
 H042.3_2002  2 0.0130 0.0101 0.0146 0.0291 0.0209 0.4459 0.4368 0.0075 0.0123 0.0097 
 H042.3_2003  2 0.0260 0.0191 0.0301 0.0234 0.0428 0.6238 0.1347 0.0413 0.0182 0.0405 
 H042.4_2002  2 0.0091 0.0078 0.0155 0.0185 0.0098 0.0097 0.8883 0.0096 0.0113 0.0203 
 H042.4_2003  2 0.0181 0.0113 0.0083 0.0150 0.0086 0.0078 0.8752 0.0136 0.0105 0.0318 
      H042.5  2 0.0081 0.0067 0.0042 0.0081 0.0074 0.0063 0.9414 0.0049 0.0051 0.0080 
      H042.6  2 0.0233 0.0102 0.0148 0.0086 0.0118 0.0248 0.8631 0.0125 0.0086 0.0224 
      H042.7  2 0.0137 0.0163 0.0074 0.1131 0.0095 0.2217 0.5784 0.0087 0.0070 0.0243 
      H042.8  2 0.0165 0.0105 0.0255 0.0424 0.0194 0.0455 0.8100 0.0055 0.0068 0.0177 
   H042_2002  2 0.2150 0.0413 0.0457 0.0483 0.0401 0.2743 0.1768 0.0073 0.0160 0.1353 
   H042_2003  2 0.2282 0.0375 0.0407 0.0360 0.0445 0.2698 0.1860 0.0072 0.0136 0.1365 
      H043.1  2 0.0215 0.7435 0.1181 0.0070 0.0137 0.0145 0.0140 0.0150 0.0186 0.0342 
      H043.2  2 0.3687 0.0328 0.3864 0.0319 0.0162 0.0229 0.0066 0.0074 0.0099 0.1172 
      H043.3  2 0.0345 0.1863 0.0526 0.0115 0.0139 0.1027 0.0293 0.0050 0.0155 0.5487 
      H043.4  2 0.2757 0.1428 0.2374 0.0139 0.0166 0.0673 0.0281 0.0070 0.0249 0.1863 
      H043.5  2 0.0347 0.1040 0.4637 0.0187 0.0154 0.0757 0.0123 0.0083 0.0235 0.2438 
      H043.6  2 0.0520 0.0283 0.3775 0.0156 0.0119 0.0904 0.0165 0.0067 0.0213 0.3800 
      H043.7  2 0.5094 0.1187 0.2078 0.0130 0.0084 0.0421 0.0085 0.0045 0.0256 0.0619 
      H043.8  2 0.1412 0.5281 0.0394 0.0280 0.0142 0.0811 0.0069 0.0169 0.0977 0.0465 
      H043.9  2 0.0227 0.7033 0.0605 0.0063 0.0081 0.0261 0.0251 0.0136 0.0163 0.1181 
      H047.1  2 0.0476 0.0458 0.0154 0.0107 0.0275 0.1281 0.0123 0.0066 0.0113 0.6949 
      H047.2  2 0.0263 0.0826 0.0096 0.0400 0.0984 0.0131 0.0269 0.0519 0.0217 0.6297 
      H047.3  2 0.0292 0.1013 0.0064 0.0908 0.1284 0.0268 0.0264 0.0456 0.0230 0.5221 
      H047.4  2 0.0251 0.0372 0.0055 0.0609 0.0187 0.0355 0.0485 0.0115 0.0156 0.7414 
      H047.5  2 0.0419 0.0784 0.0057 0.0657 0.0591 0.1179 0.0130 0.0084 0.0266 0.5834 
      H047.6  2 0.0715 0.2702 0.0157 0.0836 0.0365 0.0390 0.0622 0.0212 0.0125 0.3876 
      H047.7  2 0.0300 0.0251 0.0163 0.0459 0.0195 0.1390 0.0210 0.0097 0.0150 0.6786 
      H047.8  2 0.1079 0.1650 0.0141 0.0638 0.1063 0.0366 0.0492 0.0187 0.0091 0.4293 
      H047.9  2 0.0361 0.0265 0.0054 0.0389 0.0602 0.1118 0.0217 0.0072 0.0213 0.6710 
 H071.1_2002  2 0.0085 0.0072 0.0064 0.0064 0.0094 0.0120 0.0075 0.0051 0.0103 0.9272 
 H071.1_2003  2 0.0985 0.0103 0.0146 0.0133 0.0154 0.0120 0.0236 0.0060 0.0612 0.7450 
     H071.10  2 0.0059 0.0164 0.0106 0.0065 0.0052 0.0234 0.0066 0.0123 0.0328 0.8802 
 H071.2_2002  2 0.0163 0.0089 0.0105 0.0080 0.0091 0.0115 0.0068 0.0049 0.0090 0.9151 
 H071.2_2003  2 0.0068 0.0047 0.0042 0.0046 0.0062 0.0062 0.0066 0.0053 0.0054 0.9500 
      H071.3  2 0.0070 0.0143 0.0126 0.0098 0.0059 0.0287 0.0081 0.0103 0.0299 0.8734 
 H071.4_2002  2 0.0111 0.0269 0.0211 0.0127 0.0079 0.0173 0.0073 0.0089 0.0287 0.8582 
 H071.4_2003  2 0.0056 0.0075 0.0035 0.0045 0.0086 0.0095 0.0064 0.0062 0.0107 0.9375 
 H071.5_2002  2 0.0057 0.0085 0.0052 0.0042 0.0049 0.0129 0.0072 0.0071 0.0068 0.9375 
 H071.5_2003  2 0.0114 0.0143 0.0046 0.0077 0.0129 0.0192 0.0096 0.0058 0.0223 0.8922 
 H071.6_2002  2 0.0074 0.0169 0.0076 0.0053 0.0068 0.0396 0.0059 0.0049 0.0095 0.8959 
 H071.6_2003  2 0.0099 0.0100 0.0042 0.0053 0.0062 0.0127 0.0074 0.0054 0.0224 0.9164 
 H071.7_2002  2 0.0097 0.0057 0.0046 0.0042 0.0055 0.0118 0.0051 0.0041 0.0049 0.9444 
 H071.7_2003  2 0.0116 0.0110 0.0056 0.0091 0.0110 0.0128 0.0096 0.0061 0.0351 0.8881 
      H071.8  2 0.0130 0.0090 0.0093 0.0070 0.0074 0.0084 0.0064 0.0054 0.0071 0.9271 
      H071.9  2 0.0252 0.2029 0.0207 0.0177 0.0066 0.0297 0.0123 0.0108 0.0333 0.6408 
 H081.1_2002  2 0.0109 0.0041 0.0056 0.0093 0.0058 0.0075 0.0076 0.0081 0.0065 0.9347 
 H081.1_2003  2 0.0598 0.0252 0.3630 0.0302 0.0401 0.0328 0.1907 0.0197 0.1723 0.0661 
 H081.2_2002  2 0.0203 0.0064 0.0065 0.0069 0.0072 0.0083 0.0093 0.0063 0.0063 0.9226 
 H081.2_2003  2 0.0475 0.0166 0.0122 0.0105 0.0160 0.0130 0.0261 0.0393 0.7766 0.0422 
 H081.3_2002  2 0.0275 0.0165 0.0097 0.0083 0.0093 0.0079 0.0093 0.0088 0.0105 0.8923 
 H081.3_2003  2 0.1488 0.1218 0.0238 0.0126 0.0149 0.0176 0.0273 0.0178 0.5939 0.0214 
 H081.4_2002  2 0.0059 0.0059 0.0047 0.0067 0.0089 0.0109 0.0093 0.0074 0.0109 0.9295 
 H081.4_2003  2 0.0886 0.0264 0.0207 0.0190 0.0302 0.0193 0.1857 0.0140 0.5695 0.0265 
 H081.5_2002  2 0.0103 0.0077 0.0057 0.0065 0.0074 0.0091 0.0120 0.0055 0.0114 0.9244 
 H081.5_2003  2 0.2364 0.0203 0.0265 0.0247 0.0326 0.0527 0.2252 0.0164 0.2797 0.0855 
      H081.6  2 0.0123 0.0058 0.0071 0.0067 0.0075 0.0108 0.0091 0.0051 0.0094 0.9264 
      H081.7  2 0.0243 0.0077 0.0057 0.0104 0.0066 0.0079 0.0079 0.0061 0.0109 0.9125 
      H081.8  2 0.0121 0.0137 0.0186 0.0168 0.0081 0.0144 0.0123 0.0113 0.0497 0.8430 
      H083.1  2 0.0062 0.0088 0.0093 0.0068 0.0086 0.0147 0.0161 0.0282 0.0109 0.8904 
      H083.2  2 0.0174 0.0254 0.0102 0.0096 0.0113 0.0142 0.0123 0.0254 0.0103 0.8639 
      H083.4  2 0.0160 0.0316 0.0171 0.0076 0.0080 0.0218 0.0088 0.1550 0.0080 0.7261 
      H083.5  2 0.0111 0.0120 0.0235 0.0108 0.0093 0.0072 0.0213 0.0595 0.0071 0.8383 
      H083.6  2 0.0083 0.0108 0.0141 0.0145 0.0126 0.0103 0.0137 0.1309 0.0150 0.7697 
      H083.7  2 0.0145 0.0218 0.0124 0.0149 0.0094 0.0145 0.0093 0.2366 0.0082 0.6584 
      H083.8  2 0.0144 0.0201 0.0106 0.0102 0.0117 0.0119 0.0118 0.0266 0.0072 0.8755 
      H083.9  2 0.0064 0.0058 0.0119 0.0093 0.0070 0.0085 0.0188 0.1126 0.0073 0.8124 
      H084.1  2 0.0092 0.0254 0.0754 0.0153 0.0117 0.0113 0.0225 0.0085 0.8109 0.0098 
      H084.2  2 0.0092 0.0688 0.0877 0.0056 0.0152 0.0151 0.0299 0.0105 0.7444 0.0137 
      H084.3  2 0.0101 0.0189 0.1913 0.0900 0.0216 0.0337 0.0295 0.0123 0.5836 0.0089 
      H084.4  2 0.0103 0.0445 0.2176 0.0443 0.0177 0.0362 0.0869 0.0137 0.5145 0.0145 
      H084.5  2 0.0106 0.0125 0.0312 0.0225 0.0120 0.0461 0.0133 0.0077 0.8350 0.0091 
      H084.6  2 0.0091 0.0318 0.0906 0.0595 0.0072 0.0229 0.0101 0.0349 0.7282 0.0056 
      H084.7  2 0.0075 0.0288 0.0158 0.0101 0.0130 0.0146 0.0229 0.0098 0.8640 0.0134 
      H084.8  2 0.0094 0.0172 0.0946 0.0667 0.0102 0.0130 0.0165 0.0098 0.7561 0.0067 
 H085.1_2002  2 0.5733 0.0147 0.0398 0.0102 0.0077 0.0115 0.1204 0.0335 0.0125 0.1762 
 H085.1_2003  2 0.0355 0.0516 0.0215 0.0241 0.0122 0.0123 0.1121 0.1006 0.0396 0.5902 
 H085.2_2002  2 0.5058 0.0177 0.1166 0.0345 0.0084 0.0250 0.0613 0.1495 0.0546 0.0265 
 H085.2_2003  2 0.0215 0.0358 0.0148 0.0130 0.0178 0.0107 0.0815 0.0692 0.0255 0.7103 
 H085.3_2002  2 0.5949 0.0142 0.0077 0.0211 0.0068 0.0080 0.2459 0.0280 0.0293 0.0442 
 H085.3_2003  2 0.0306 0.0174 0.0058 0.0162 0.0131 0.0105 0.0395 0.0129 0.0396 0.8145 
 H085.4_2002  2 0.5591 0.0169 0.0857 0.0140 0.0113 0.0234 0.0518 0.0385 0.0188 0.1806 
 H085.4_2003  2 0.0186 0.0081 0.0079 0.0338 0.0115 0.0331 0.1578 0.0079 0.0320 0.6893 
 H085.5_2002  2 0.7557 0.0084 0.0078 0.0158 0.0067 0.0065 0.1352 0.0107 0.0122 0.0408 
 H085.5_2003  2 0.0119 0.0128 0.0076 0.0081 0.0124 0.0121 0.0285 0.0485 0.0148 0.8433 
 H085.6_2002  2 0.7638 0.0321 0.0169 0.0084 0.0060 0.0066 0.0878 0.0191 0.0151 0.0444 
 H085.6_2003  2 0.1578 0.0263 0.0087 0.1377 0.0269 0.0145 0.3504 0.0094 0.0646 0.2037 
 H085.7_2002  2 0.4552 0.0150 0.0183 0.0119 0.0119 0.0096 0.2779 0.0717 0.0239 0.1045 
 H085.7_2003  2 0.0165 0.0221 0.0130 0.0219 0.0122 0.0122 0.0348 0.0104 0.0214 0.8354 
 H085.8_2002  2 0.6590 0.0179 0.0161 0.0644 0.0093 0.0174 0.0802 0.0179 0.0781 0.0396 
 H085.8_2003  2 0.0420 0.0331 0.0183 0.0424 0.0211 0.0193 0.4062 0.1294 0.0253 0.2626 
      H085.9  2 0.3752 0.0095 0.0550 0.0149 0.0093 0.0157 0.2699 0.0275 0.0208 0.2024 
      H088.1  2 0.0209 0.0168 0.0105 0.0354 0.0318 0.0091 0.8351 0.0161 0.0120 0.0123 
      H088.2  2 0.0135 0.0087 0.0069 0.0123 0.0096 0.0123 0.9116 0.0105 0.0073 0.0073 
      H088.3  2 0.0120 0.0121 0.0066 0.0085 0.0097 0.0090 0.9194 0.0080 0.0070 0.0078 
      H088.4  2 0.0082 0.0097 0.0070 0.0050 0.0145 0.0103 0.9164 0.0045 0.0128 0.0116 
      H088.5  2 0.0098 0.0090 0.0062 0.0096 0.0084 0.0062 0.9278 0.0061 0.0092 0.0077 
      H088.6  2 0.0092 0.0108 0.0069 0.0131 0.0106 0.0077 0.9082 0.0096 0.0105 0.0134 
      H088.7  2 0.0081 0.0147 0.0072 0.0131 0.0094 0.0079 0.8943 0.0081 0.0093 0.0279 
      H088.8  2 0.0112 0.0177 0.0119 0.0191 0.0213 0.0101 0.8280 0.0095 0.0187 0.0526 
      H091.1  2 0.0082 0.0232 0.0073 0.0118 0.0093 0.0302 0.8347 0.0303 0.0110 0.0341 
      H091.2  2 0.0100 0.0310 0.0056 0.0295 0.0142 0.0391 0.7395 0.0612 0.0090 0.0609 
      H109.1  2 0.0172 0.7805 0.0258 0.0281 0.0153 0.0252 0.0096 0.0330 0.0463 0.0190 
      H109.2  2 0.0194 0.1987 0.0152 0.0278 0.0141 0.0388 0.0306 0.0196 0.5747 0.0611 
      H109.3  2 0.0100 0.6506 0.0122 0.0392 0.0349 0.0230 0.0820 0.0165 0.0766 0.0550 
      H109.4  2 0.0140 0.7189 0.0258 0.0326 0.0190 0.0182 0.0256 0.0118 0.1205 0.0137 
      H109.5  2 0.0114 0.0746 0.0059 0.0743 0.0130 0.0223 0.4896 0.0067 0.0497 0.2527 
      H109.6  2 0.0280 0.3924 0.0182 0.0449 0.0332 0.0373 0.0209 0.0140 0.3695 0.0416 
      H126.1  2 0.3684 0.0323 0.0087 0.0196 0.1060 0.4139 0.0199 0.0067 0.0099 0.0148 
      H126.2  2 0.1346 0.0591 0.0427 0.0097 0.0369 0.1871 0.0135 0.0165 0.0177 0.4821 
      H126.3  2 0.0333 0.0354 0.0121 0.0093 0.0235 0.5089 0.0238 0.0237 0.0050 0.3252 
      H126.4  2 0.3098 0.0424 0.0330 0.0134 0.1032 0.3277 0.0270 0.0262 0.0235 0.0938 
      H126.5  2 0.1520 0.0104 0.0066 0.0102 0.0495 0.5834 0.0135 0.0144 0.0136 0.1465 
      H126.6  2 0.0762 0.0149 0.0076 0.0050 0.0114 0.2063 0.0180 0.0123 0.0073 0.6411 
      H126.7  2 0.0144 0.0084 0.0044 0.0049 0.0101 0.0308 0.0204 0.0070 0.0092 0.8904 
      H130.1  2 0.5570 0.1223 0.0098 0.0270 0.0604 0.0115 0.1552 0.0137 0.0323 0.0107 
      H130.2  2 0.0497 0.0786 0.0100 0.0188 0.0447 0.0069 0.0503 0.0318 0.6741 0.0352 
      H130.3  2 0.0254 0.0714 0.0058 0.0101 0.5121 0.0069 0.0302 0.0074 0.3047 0.0261 
      H130.4  2 0.3848 0.1768 0.0328 0.0201 0.2094 0.0099 0.0549 0.0227 0.0784 0.0103 
      H130.5  2 0.2656 0.0565 0.0081 0.0236 0.0152 0.0092 0.1363 0.0284 0.3979 0.0592 
      H133.1  2 0.0656 0.3864 0.1233 0.0187 0.1614 0.0238 0.0581 0.0197 0.0681 0.0749 
      H133.2  2 0.2237 0.4509 0.0135 0.0180 0.0253 0.0181 0.1190 0.0085 0.1022 0.0208 
      H133.3  2 0.0351 0.3111 0.1310 0.0179 0.0456 0.0164 0.2840 0.0127 0.0521 0.0942 
      H133.4  2 0.0261 0.8315 0.0311 0.0154 0.0241 0.0093 0.0158 0.0069 0.0184 0.0213 
      H133.5  2 0.1130 0.6288 0.0320 0.0097 0.0674 0.0142 0.0574 0.0125 0.0501 0.0147 
      H133.6  2 0.1865 0.4239 0.0108 0.0114 0.0280 0.0219 0.1630 0.0155 0.1197 0.0195 
      H133.7  2 0.0586 0.4410 0.1182 0.1901 0.0191 0.0158 0.0744 0.0087 0.0300 0.0441 
      H133.8  2 0.1286 0.4997 0.1164 0.0145 0.0595 0.0621 0.0320 0.0222 0.0403 0.0247 
      H133.9  2 0.0475 0.3654 0.1168 0.0138 0.2476 0.0170 0.0617 0.0203 0.0592 0.0506 
      H147.1  2 0.0580 0.0077 0.0264 0.0828 0.0080 0.0275 0.1630 0.0396 0.1511 0.4358 
      H147.2  2 0.0148 0.0061 0.0055 0.0118 0.0081 0.0115 0.0147 0.0060 0.0233 0.8983 
      H147.3  2 0.0167 0.0052 0.0061 0.0153 0.0095 0.0090 0.0113 0.0090 0.0327 0.8852 
      H147.4  2 0.0109 0.0044 0.0272 0.0108 0.0080 0.0089 0.0110 0.0211 0.0361 0.8616 
      H147.5  2 0.0245 0.0079 0.0099 0.0255 0.0284 0.0129 0.1278 0.0236 0.1916 0.5480 
      H147.6  2 0.0144 0.0110 0.0097 0.0208 0.0380 0.0185 0.2007 0.0427 0.2336 0.4108 
      H147.7  2 0.0101 0.0065 0.0262 0.0340 0.0092 0.0138 0.0130 0.0254 0.0740 0.7878 
      H147.8  2 0.0067 0.0089 0.0446 0.0097 0.0104 0.0190 0.0525 0.0247 0.0976 0.7260 
      H147.9  2 0.0156 0.0049 0.0074 0.0098 0.0084 0.0089 0.0107 0.0076 0.0256 0.9010 
      H148.1  2 0.2325 0.1203 0.0782 0.2305 0.0201 0.0850 0.0480 0.0277 0.1424 0.0154 
      H148.2  2 0.1840 0.0679 0.0591 0.4942 0.0126 0.0583 0.0166 0.0241 0.0584 0.0248 
      H148.3  2 0.0104 0.0121 0.0208 0.8907 0.0087 0.0174 0.0105 0.0081 0.0140 0.0074 
      H148.4  2 0.1542 0.0398 0.0616 0.5021 0.0395 0.1031 0.0308 0.0186 0.0289 0.0214 
      H148.5  2 0.0256 0.0175 0.0765 0.6715 0.0436 0.0359 0.0320 0.0122 0.0718 0.0135 
      H148.6  2 0.0410 0.0229 0.1252 0.6605 0.0104 0.0207 0.0290 0.0401 0.0277 0.0225 
      H148.7  2 0.0382 0.0808 0.0521 0.5891 0.0765 0.0442 0.0447 0.0124 0.0525 0.0095 
      H148.8  2 0.0298 0.0068 0.0378 0.8442 0.0163 0.0116 0.0254 0.0047 0.0148 0.0087 
      H148.9  2 0.1555 0.0885 0.1943 0.2528 0.0390 0.1768 0.0174 0.0310 0.0344 0.0104 
   H166022.1  2 0.0087 0.0068 0.0107 0.0137 0.0057 0.0069 0.8738 0.0403 0.0213 0.0122 
   H166022.2  2 0.0162 0.0178 0.0168 0.0253 0.0252 0.0201 0.5903 0.0650 0.1579 0.0653 
   H166022.3  2 0.0099 0.0335 0.0072 0.0158 0.0138 0.0069 0.7156 0.1743 0.0156 0.0074 
   H166022.4  2 0.0056 0.0103 0.0061 0.0067 0.0136 0.0092 0.9121 0.0173 0.0112 0.0079 
   H166022.5  2 0.0073 0.0190 0.0057 0.0082 0.0087 0.0093 0.8485 0.0269 0.0524 0.0139 
   H166022.6  2 0.0232 0.0315 0.0320 0.0159 0.0173 0.0066 0.7881 0.0531 0.0225 0.0098 
   H166022.7  2 0.0092 0.9054 0.0246 0.0055 0.0186 0.0057 0.0067 0.0050 0.0114 0.0079 
   H166022.8  2 0.1258 0.0264 0.0091 0.0162 0.0229 0.0144 0.4547 0.1436 0.1684 0.0185 
   H167397.1  2 0.0151 0.0085 0.5405 0.1045 0.0120 0.0214 0.1782 0.0096 0.0325 0.0776 
   H167397.2  2 0.1285 0.0153 0.6079 0.0219 0.0219 0.0300 0.0227 0.0950 0.0164 0.0404 
   H167397.3  2 0.0210 0.0129 0.6413 0.0436 0.0161 0.0516 0.0629 0.0210 0.0194 0.1102 
   H167397.4  2 0.0207 0.0176 0.7596 0.0498 0.0182 0.0210 0.0234 0.0331 0.0173 0.0392 
   H167397.5  2 0.0230 0.0294 0.6701 0.0585 0.0184 0.0235 0.0725 0.0193 0.0460 0.0394 
   H167397.6  2 0.0187 0.0186 0.6483 0.0663 0.0233 0.1147 0.0332 0.0137 0.0082 0.0551 
   H167496.1  2 0.0097 0.0508 0.0100 0.0691 0.0215 0.0226 0.7628 0.0171 0.0231 0.0132 
   H167496.2  2 0.0402 0.1862 0.0137 0.1720 0.0199 0.1774 0.1354 0.0124 0.0939 0.1490 
   H167496.3  2 0.0864 0.0198 0.0096 0.0675 0.0251 0.0150 0.6939 0.0409 0.0142 0.0275 
   H167496.4  2 0.0063 0.0065 0.0052 0.0060 0.0069 0.0095 0.9306 0.0089 0.0071 0.0130 
   H167496.6  2 0.0093 0.0113 0.0081 0.0076 0.0145 0.0144 0.8829 0.0063 0.0161 0.0294 
   H167496.7  2 0.0656 0.0468 0.0078 0.2793 0.0591 0.1714 0.1719 0.0510 0.1243 0.0229 
   H167496.8  2 0.0080 0.0121 0.0078 0.0084 0.0098 0.0184 0.8813 0.0080 0.0193 0.0270 
   H167513.1  2 0.0441 0.8348 0.0185 0.0177 0.0139 0.0153 0.0163 0.0155 0.0105 0.0135 
   H167513.2  2 0.0584 0.3512 0.0899 0.2570 0.0335 0.0415 0.0933 0.0106 0.0461 0.0186 
   H167513.3  2 0.0118 0.5985 0.0103 0.0186 0.1607 0.0221 0.0125 0.0673 0.0825 0.0157 
   H167513.4  2 0.0277 0.6889 0.0150 0.0414 0.0213 0.0182 0.0327 0.0911 0.0511 0.0127 
   H167513.5  2 0.0657 0.5610 0.1051 0.0725 0.0167 0.0168 0.0999 0.0141 0.0248 0.0233 
   H167513.6  2 0.1335 0.4413 0.0288 0.0481 0.0259 0.0399 0.1149 0.0577 0.0887 0.0212 
   H167513.7  2 0.0173 0.7048 0.0362 0.0076 0.0162 0.0113 0.0225 0.1105 0.0527 0.0210 
   H167513.8  2 0.0094 0.8276 0.0176 0.0092 0.0190 0.0118 0.0115 0.0136 0.0718 0.0083 
   H167547.1  2 0.0220 0.0142 0.0196 0.8454 0.0262 0.0136 0.0198 0.0159 0.0158 0.0076 
   H167547.2  2 0.0101 0.0076 0.0173 0.8151 0.0105 0.0191 0.0778 0.0205 0.0112 0.0109 
   H167547.3  2 0.0109 0.0065 0.0123 0.8348 0.0105 0.0181 0.0676 0.0207 0.0107 0.0077 
   H167547.4  2 0.1014 0.0337 0.0599 0.2239 0.0813 0.0123 0.2334 0.2265 0.0179 0.0098 
   H167547.5  2 0.0108 0.0092 0.0074 0.7662 0.0143 0.0090 0.1451 0.0141 0.0141 0.0099 
   H167547.6  2 0.0132 0.0088 0.0085 0.7498 0.0104 0.0106 0.1596 0.0125 0.0165 0.0101 
   H167547.7  2 0.2409 0.2224 0.0247 0.3163 0.0444 0.0204 0.0378 0.0233 0.0303 0.0394 
   H169750.1  2 0.0442 0.6485 0.0105 0.0140 0.0472 0.0244 0.1368 0.0360 0.0210 0.0175 
   H169750.2  2 0.0609 0.2111 0.0697 0.0564 0.0875 0.0365 0.1923 0.0084 0.1284 0.1488 
   H169750.3  2 0.0220 0.8081 0.0040 0.0137 0.0170 0.0116 0.0725 0.0096 0.0279 0.0136 
   H169750.4  2 0.0832 0.2483 0.1045 0.0368 0.2105 0.0611 0.1872 0.0059 0.0204 0.0420 
   H169750.5  2 0.0290 0.7164 0.0099 0.0096 0.0226 0.0172 0.0960 0.0347 0.0192 0.0453 
   H169750.6  2 0.0402 0.3473 0.0125 0.0133 0.0279 0.0177 0.1253 0.0177 0.0820 0.3162 
   H169750.7  2 0.0886 0.5005 0.0271 0.0311 0.0784 0.0570 0.1267 0.0089 0.0296 0.0521 
   H171929.1  2 0.1905 0.0909 0.4485 0.1551 0.0201 0.0137 0.0412 0.0123 0.0090 0.0188 
  H171929.10  2 0.1224 0.1169 0.1059 0.1710 0.0163 0.0268 0.2368 0.0417 0.0820 0.0801 
  H171929.11  2 0.1008 0.2749 0.3683 0.0852 0.0505 0.0214 0.0345 0.0141 0.0288 0.0216 
   H171929.2  2 0.0175 0.8402 0.0102 0.0758 0.0097 0.0072 0.0109 0.0097 0.0100 0.0087 
   H171929.3  2 0.0285 0.6129 0.1071 0.1466 0.0172 0.0115 0.0231 0.0172 0.0144 0.0215 
   H171929.4  2 0.2044 0.3744 0.0082 0.1397 0.0569 0.0085 0.0939 0.0532 0.0217 0.0392 
   H171929.5  2 0.0139 0.8030 0.0432 0.0391 0.0166 0.0240 0.0106 0.0180 0.0200 0.0117 
   H171929.6  2 0.0151 0.8405 0.0578 0.0159 0.0086 0.0134 0.0099 0.0111 0.0153 0.0125 
   H171929.7  2 0.4251 0.3592 0.0202 0.0715 0.0302 0.0093 0.0223 0.0270 0.0077 0.0276 
   H171929.8  2 0.4412 0.2961 0.0229 0.1131 0.0176 0.0087 0.0356 0.0198 0.0249 0.0201 
   H171929.9  2 0.4599 0.3427 0.0069 0.0183 0.0168 0.0131 0.0335 0.0367 0.0390 0.0332 
   H171930.1  2 0.0121 0.2185 0.0462 0.0364 0.0524 0.0225 0.0477 0.0074 0.5391 0.0177 
   H171930.2  2 0.0150 0.0549 0.0098 0.0333 0.0339 0.0211 0.2165 0.0142 0.5807 0.0206 
   H171930.3  2 0.0077 0.0163 0.0171 0.0278 0.0255 0.0188 0.0267 0.0095 0.8412 0.0095 
   H171930.4  2 0.0055 0.0683 0.0116 0.0187 0.0345 0.0251 0.0828 0.0147 0.7324 0.0064 
   H171930.5  2 0.0386 0.1451 0.0272 0.0201 0.0359 0.0249 0.0461 0.0103 0.6218 0.0298 
   H171930.6  2 0.0057 0.0124 0.0078 0.0139 0.0200 0.0487 0.0223 0.0065 0.8366 0.0260 
   H171930.7  2 0.0106 0.0224 0.0259 0.0116 0.0114 0.0094 0.0079 0.0094 0.8839 0.0074 
   H171930.8  2 0.0098 0.0243 0.0125 0.0156 0.0082 0.0118 0.0180 0.0064 0.8842 0.0091 
   H171933.1  2 0.0102 0.0126 0.0314 0.0178 0.0070 0.0127 0.0208 0.8641 0.0149 0.0086 
   H171933.2  2 0.0300 0.0204 0.0421 0.0262 0.0082 0.0326 0.0734 0.7282 0.0175 0.0215 
   H171933.3  2 0.0423 0.0164 0.0150 0.0825 0.0199 0.0257 0.0864 0.6533 0.0497 0.0088 
   H171933.4  2 0.0302 0.0389 0.0059 0.0138 0.0224 0.0076 0.0363 0.7841 0.0501 0.0107 
   H171933.5  2 0.0548 0.1560 0.0125 0.1122 0.2056 0.0203 0.0718 0.2264 0.1319 0.0085 
   H171933.6  2 0.0087 0.0120 0.0062 0.0116 0.0152 0.0136 0.1418 0.7592 0.0128 0.0188 
   H171933.7  2 0.0501 0.0109 0.0231 0.0267 0.0267 0.1055 0.0236 0.6460 0.0731 0.0144 
   H171933.8  2 0.0287 0.0164 0.0263 0.0252 0.0111 0.0364 0.0197 0.7444 0.0742 0.0176 
   H171933.9  2 0.0095 0.0117 0.0038 0.0093 0.0199 0.0076 0.0123 0.8976 0.0210 0.0072 
      H190.1  2 0.0133 0.0189 0.0056 0.0254 0.0552 0.0144 0.0157 0.0174 0.8222 0.0120 
      H190.2  2 0.0598 0.0108 0.0091 0.4630 0.0167 0.1826 0.1059 0.0086 0.0896 0.0539 
      H190.3  2 0.1041 0.0208 0.0153 0.5163 0.0322 0.0447 0.1434 0.0164 0.0613 0.0453 
      H190.4  2 0.0141 0.0224 0.0092 0.0364 0.0243 0.0058 0.0324 0.0305 0.8180 0.0068 
      H190.5  2 0.0775 0.0270 0.0084 0.1337 0.0278 0.2875 0.0903 0.0178 0.1985 0.1316 
      H190.6  2 0.0184 0.0197 0.0075 0.0837 0.0250 0.0078 0.0567 0.0203 0.7516 0.0093 
      H190.7  2 0.2604 0.0136 0.0136 0.0810 0.0217 0.0166 0.5226 0.0055 0.0482 0.0166 
      H190.8  2 0.0757 0.0216 0.0058 0.0621 0.0289 0.0782 0.0363 0.0088 0.6419 0.0407 
      H190.9  2 0.1929 0.0283 0.0113 0.2057 0.0288 0.0411 0.1336 0.0089 0.3287 0.0207 
      H400.1  2 0.0262 0.0370 0.0120 0.0051 0.0169 0.0334 0.6919 0.1258 0.0354 0.0162 
      H400.2  2 0.0145 0.0373 0.0230 0.0084 0.0081 0.0346 0.6289 0.1791 0.0270 0.0391 
      H400.3  2 0.0258 0.0660 0.0175 0.0151 0.0315 0.0857 0.4558 0.2215 0.0631 0.0180 
      H400.4  2 0.0185 0.0296 0.0064 0.0107 0.0150 0.0225 0.8039 0.0269 0.0393 0.0273 
      H400.5  2 0.0179 0.1108 0.0125 0.0217 0.0550 0.0361 0.2116 0.4456 0.0700 0.0188 
      H400.6  2 0.0459 0.0180 0.0053 0.0064 0.0115 0.0503 0.7625 0.0684 0.0175 0.0142 
      H400.7  2 0.0212 0.0398 0.0065 0.0139 0.0100 0.0276 0.5629 0.2814 0.0285 0.0082 
 H428.1_2005  2 0.0060 0.0056 0.0040 0.0045 0.0045 0.0050 0.0043 0.9567 0.0034 0.0060 
 H428.1_2006  2 0.0066 0.0072 0.0046 0.0078 0.0065 0.0078 0.0118 0.9314 0.0040 0.0123 
 H428.2_2005  2 0.0065 0.0068 0.0052 0.0073 0.0058 0.0053 0.0077 0.9451 0.0053 0.0049 
 H428.2_2006  2 0.0059 0.0089 0.0059 0.0058 0.0058 0.0071 0.0099 0.9174 0.0084 0.0249 
 H428.3_2005  2 0.0050 0.0048 0.0034 0.0064 0.0054 0.0060 0.0084 0.9486 0.0057 0.0063 
 H428.3_2006  2 0.0058 0.0084 0.0060 0.0054 0.0060 0.0123 0.0135 0.9193 0.0072 0.0161 
 H428.4_2005  2 0.0048 0.0059 0.0039 0.0081 0.0053 0.0043 0.0067 0.9504 0.0053 0.0052 
 H428.4_2006  2 0.0046 0.0041 0.0050 0.0048 0.0048 0.0035 0.0055 0.9580 0.0040 0.0058 
 H428.5_2005  2 0.0048 0.0048 0.0082 0.0051 0.0050 0.0033 0.0050 0.9524 0.0046 0.0067 
 H428.6_2005  2 0.0074 0.0051 0.0035 0.0064 0.0051 0.0054 0.0061 0.9494 0.0053 0.0063 
 H428.6_2006  2 0.0070 0.0077 0.0139 0.0055 0.0148 0.0053 0.0062 0.9199 0.0071 0.0125 
      H428.7  2 0.0049 0.0041 0.0036 0.0045 0.0052 0.0045 0.0057 0.9571 0.0051 0.0054 
      H428.8  2 0.0046 0.0050 0.0058 0.0054 0.0055 0.0058 0.0048 0.9513 0.0059 0.0060 
      H428.9  2 0.0057 0.0052 0.0067 0.0056 0.0047 0.0048 0.0063 0.9482 0.0064 0.0066 
      H453.1  2 0.0097 0.0221 0.0089 0.0059 0.0184 0.0070 0.8388 0.0251 0.0246 0.0395 
      H453.2  2 0.0139 0.0149 0.0064 0.0052 0.0106 0.0067 0.8746 0.0135 0.0448 0.0093 
      H453.3  2 0.0130 0.0069 0.0038 0.0087 0.0057 0.0054 0.9214 0.0113 0.0180 0.0058 
      H453.4  2 0.0083 0.0137 0.0039 0.0058 0.0134 0.0062 0.9103 0.0085 0.0233 0.0068 
      H453.5  2 0.0064 0.0114 0.0061 0.0055 0.0150 0.0074 0.8270 0.0107 0.0566 0.0539 
      H453.6  2 0.0054 0.0074 0.0052 0.0054 0.0115 0.0065 0.7999 0.0355 0.0400 0.0832 
      H453.7  2 0.3883 0.0490 0.0055 0.0276 0.0154 0.0079 0.2047 0.0181 0.1247 0.1587 
      H453.8  2 0.0224 0.0365 0.0067 0.0155 0.0124 0.0094 0.8024 0.0061 0.0563 0.0325 
      H453.9  2 0.0541 0.0273 0.0055 0.0060 0.0177 0.0112 0.3026 0.0337 0.2347 0.3072 
      H512.1  2 0.0331 0.0097 0.0048 0.0119 0.1686 0.0116 0.0910 0.1743 0.4675 0.0273 
     H512.10  2 0.0233 0.0352 0.0962 0.0264 0.2471 0.0340 0.0260 0.2020 0.1844 0.1255 
      H512.2  2 0.0515 0.0458 0.0259 0.1177 0.1829 0.0760 0.0478 0.3188 0.1074 0.0261 
      H512.3  2 0.0136 0.0608 0.0229 0.0205 0.4931 0.1227 0.0409 0.1076 0.0956 0.0224 
      H512.4  2 0.0327 0.0484 0.0184 0.0726 0.0298 0.0242 0.0637 0.1286 0.4933 0.0883 
      H512.5  2 0.0103 0.1421 0.0218 0.0188 0.5984 0.0567 0.0323 0.0777 0.0244 0.0175 
      H512.6  2 0.0352 0.0427 0.0069 0.0421 0.2292 0.0937 0.1895 0.0423 0.3055 0.0128 
      H512.7  2 0.0118 0.0445 0.0181 0.0102 0.6682 0.0824 0.0940 0.0314 0.0191 0.0203 
      H512.8  2 0.0320 0.0336 0.0112 0.1898 0.1932 0.1376 0.0605 0.0690 0.2532 0.0200 
      H512.9  2 0.0471 0.0407 0.0246 0.0113 0.6031 0.0471 0.0625 0.0951 0.0339 0.0345 
      H513.1  2 0.0057 0.0061 0.0057 0.0048 0.0046 0.0067 0.0099 0.9414 0.0063 0.0087 
      H513.2  2 0.0141 0.0095 0.0075 0.0150 0.0058 0.0063 0.0138 0.9019 0.0125 0.0137 
      H513.3  2 0.0061 0.0071 0.0041 0.0055 0.0054 0.0059 0.0080 0.9425 0.0076 0.0079 
      H513.4  2 0.0109 0.0136 0.0044 0.0200 0.0110 0.0202 0.0401 0.8189 0.0241 0.0368 
      H513.5  2 0.0049 0.0120 0.0061 0.0045 0.0088 0.0064 0.0066 0.9355 0.0075 0.0076 
      H513.6  2 0.0113 0.0314 0.1251 0.0122 0.0106 0.0079 0.0085 0.7118 0.0627 0.0184 
      H532.1  2 0.0185 0.3990 0.0188 0.0200 0.0246 0.0196 0.0484 0.1966 0.0108 0.2436 
      H532.2  2 0.0388 0.0365 0.0132 0.0538 0.0109 0.0081 0.3211 0.2167 0.2009 0.0999 
      H532.3  2 0.0207 0.0172 0.0063 0.0252 0.0199 0.0050 0.6300 0.0273 0.1633 0.0850 
      H532.4  2 0.0781 0.0216 0.0133 0.0139 0.0333 0.0106 0.1040 0.0832 0.0310 0.6110 
      H532.5  2 0.0167 0.0742 0.0229 0.0394 0.0195 0.0092 0.0598 0.6806 0.0162 0.0614 
      H532.6  2 0.0722 0.0538 0.0178 0.0098 0.0441 0.0165 0.2144 0.0928 0.0720 0.4066 
      H532.7  2 0.0110 0.1047 0.0203 0.0146 0.0337 0.0074 0.1088 0.0698 0.0304 0.5993 
      H532.8  2 0.0190 0.3397 0.0234 0.0642 0.0224 0.0109 0.0682 0.0631 0.0189 0.3701 
      H543.1  2 0.0081 0.0067 0.9293 0.0074 0.0063 0.0047 0.0108 0.0134 0.0085 0.0048 
      H543.2  2 0.0106 0.0125 0.8389 0.0343 0.0092 0.0062 0.0175 0.0465 0.0150 0.0092 
      H543.3  2 0.0081 0.0066 0.9256 0.0096 0.0083 0.0052 0.0113 0.0097 0.0050 0.0108 
      H543.4  2 0.0066 0.0062 0.9309 0.0138 0.0064 0.0052 0.0073 0.0078 0.0100 0.0057 
      H543.5  2 0.0068 0.0085 0.9310 0.0129 0.0052 0.0081 0.0055 0.0077 0.0079 0.0064 
      H543.6  2 0.0530 0.0334 0.8058 0.0181 0.0090 0.0045 0.0465 0.0103 0.0117 0.0077 
      H543.7  2 0.0059 0.0044 0.9558 0.0071 0.0038 0.0048 0.0046 0.0045 0.0045 0.0047 
      H543.8  2 0.0135 0.0191 0.8384 0.0142 0.0092 0.0071 0.0101 0.0548 0.0092 0.0242 
      H543.9  2 0.0106 0.0107 0.9216 0.0119 0.0079 0.0056 0.0079 0.0092 0.0069 0.0078 
 H545.1_2005  2 0.0045 0.0044 0.9634 0.0036 0.0049 0.0037 0.0034 0.0039 0.0049 0.0033 
 H545.1_2006  2 0.0051 0.0061 0.9420 0.0064 0.0064 0.0088 0.0055 0.0075 0.0058 0.0065 
 H545.2_2005  2 0.0070 0.0086 0.9297 0.0070 0.0092 0.0103 0.0058 0.0097 0.0051 0.0075 
 H545.2_2006  2 0.0041 0.0062 0.9512 0.0055 0.0048 0.0041 0.0049 0.0093 0.0060 0.0039 
 H545.3_2005  2 0.0083 0.0084 0.9263 0.0104 0.0131 0.0080 0.0092 0.0052 0.0060 0.0050 
 H545.3_2006  2 0.0050 0.0087 0.9442 0.0043 0.0049 0.0065 0.0054 0.0073 0.0052 0.0084 
 H545.4_2005  2 0.0088 0.0053 0.9320 0.0131 0.0102 0.0071 0.0064 0.0050 0.0058 0.0063 
 H545.4_2006  2 0.0052 0.0066 0.9430 0.0078 0.0076 0.0093 0.0064 0.0046 0.0051 0.0044 
 H545.5_2005  2 0.0056 0.0101 0.9330 0.0048 0.0066 0.0070 0.0052 0.0136 0.0060 0.0082 
 H545.5_2006  2 0.0053 0.0085 0.9323 0.0080 0.0087 0.0061 0.0077 0.0085 0.0088 0.0061 
 H545.6_2005  2 0.0040 0.0067 0.9598 0.0039 0.0050 0.0034 0.0046 0.0047 0.0038 0.0041 
 H545.6_2006  2 0.0059 0.0066 0.9501 0.0053 0.0053 0.0050 0.0064 0.0050 0.0053 0.0051 
 H545.7_2005  2 0.0055 0.0081 0.9498 0.0044 0.0051 0.0042 0.0050 0.0077 0.0056 0.0045 
 H545.7_2006  2 0.0065 0.0104 0.9318 0.0049 0.0060 0.0123 0.0054 0.0075 0.0073 0.0080 
 H545.8_2005  2 0.0093 0.0097 0.8998 0.0111 0.0106 0.0103 0.0075 0.0219 0.0081 0.0117 
 H545.8_2006  2 0.0052 0.0047 0.9520 0.0053 0.0054 0.0040 0.0046 0.0075 0.0053 0.0059 
      H545.9  2 0.0070 0.0080 0.9397 0.0070 0.0082 0.0055 0.0064 0.0071 0.0059 0.0051 
      H547.1  2 0.0139 0.0079 0.0119 0.0160 0.0208 0.0105 0.8770 0.0260 0.0087 0.0073 
      H547.2  2 0.0089 0.0085 0.0125 0.0897 0.0061 0.0898 0.7535 0.0132 0.0068 0.0109 
      H547.3  2 0.0184 0.0108 0.0178 0.0329 0.0375 0.0089 0.8454 0.0129 0.0086 0.0068 
      H547.4  2 0.0099 0.0079 0.0093 0.0146 0.0198 0.0092 0.9048 0.0077 0.0074 0.0095 
      H547.5  2 0.0096 0.0060 0.0089 0.2318 0.0149 0.0247 0.6530 0.0367 0.0095 0.0050 
      H547.6  2 0.0096 0.0076 0.0282 0.0122 0.0100 0.0077 0.9020 0.0109 0.0064 0.0054 
      H547.7  2 0.0259 0.0139 0.0274 0.0293 0.0390 0.0124 0.8071 0.0179 0.0187 0.0085 
      H547.8  2 0.0164 0.0087 0.0154 0.0193 0.0140 0.0064 0.8795 0.0280 0.0073 0.0051 
      H548.1  2 0.0063 0.0096 0.9386 0.0058 0.0097 0.0074 0.0055 0.0081 0.0044 0.0046 
      H548.2  2 0.0072 0.0095 0.9250 0.0080 0.0114 0.0077 0.0053 0.0089 0.0087 0.0084 
      H548.3  2 0.0085 0.0087 0.9386 0.0070 0.0067 0.0066 0.0047 0.0061 0.0059 0.0071 
      H548.4  2 0.0142 0.0272 0.8242 0.0161 0.0220 0.0354 0.0086 0.0111 0.0163 0.0250 
      H548.5  2 0.0050 0.0049 0.9477 0.0057 0.0063 0.0076 0.0046 0.0045 0.0077 0.0061 
      H548.6  2 0.0066 0.0087 0.9288 0.0072 0.0144 0.0089 0.0034 0.0096 0.0068 0.0057 
      H548.7  2 0.0077 0.0110 0.9319 0.0095 0.0060 0.0081 0.0051 0.0067 0.0056 0.0085 
      H548.8  2 0.0079 0.0075 0.9301 0.0067 0.0089 0.0077 0.0047 0.0046 0.0125 0.0094 
      H548.9  2 0.0123 0.0099 0.9021 0.0116 0.0140 0.0096 0.0115 0.0063 0.0117 0.0110 
     H7389.1  2 0.0106 0.0129 0.0068 0.0098 0.0064 0.0060 0.0088 0.9235 0.0079 0.0073 
     H7389.2  2 0.0069 0.0062 0.0183 0.0115 0.0060 0.0042 0.0059 0.9231 0.0112 0.0068 
     H7389.3  2 0.0043 0.0044 0.0063 0.0102 0.0047 0.0036 0.0041 0.9502 0.0064 0.0058 
     H7389.4  2 0.0095 0.0117 0.0215 0.0049 0.0066 0.0081 0.0069 0.9152 0.0066 0.0089 
     H7389.5  2 0.0146 0.0243 0.0111 0.0066 0.0084 0.0082 0.0084 0.8949 0.0125 0.0110 
     H7389.6  2 0.0042 0.0560 0.0049 0.0069 0.0081 0.0066 0.0077 0.8736 0.0161 0.0160 
     H7389.7  2 0.0040 0.0084 0.0091 0.0118 0.0062 0.0048 0.0045 0.9364 0.0044 0.0104 
     H7389.8  2 0.0111 0.0212 0.0289 0.0067 0.0111 0.0116 0.0070 0.8746 0.0148 0.0128 
     H7389.9  2 0.0047 0.0172 0.0104 0.0067 0.0055 0.0050 0.0058 0.9245 0.0089 0.0115 
      H747.1  2 0.0225 0.4560 0.0181 0.1754 0.1281 0.0384 0.0289 0.0665 0.0448 0.0212 
      H747.2  2 0.0118 0.8380 0.0108 0.0151 0.0310 0.0308 0.0070 0.0138 0.0352 0.0065 
      H747.3  2 0.0221 0.6348 0.0103 0.0191 0.1584 0.0278 0.0219 0.0132 0.0786 0.0138 
      H747.4  2 0.0125 0.6370 0.0072 0.0529 0.1151 0.1014 0.0185 0.0100 0.0281 0.0172 
      H747.5  2 0.0118 0.7772 0.0078 0.0161 0.0949 0.0336 0.0113 0.0087 0.0309 0.0077 
      H747.6  2 0.0093 0.8569 0.0191 0.0258 0.0144 0.0134 0.0109 0.0179 0.0217 0.0107 
      H747.7  2 0.0177 0.8172 0.0111 0.0143 0.0556 0.0119 0.0127 0.0200 0.0309 0.0086 
     H7484.1  2 0.1690 0.0422 0.0080 0.0166 0.0242 0.1069 0.0682 0.0445 0.0230 0.4975 
     H7484.2  2 0.3259 0.0461 0.0061 0.0151 0.0227 0.2550 0.0848 0.0088 0.0903 0.1452 
     H7484.3  2 0.1223 0.0471 0.0110 0.0352 0.0261 0.2483 0.0663 0.0106 0.0824 0.3507 
     H7484.4  2 0.2814 0.0683 0.0057 0.0151 0.0161 0.1903 0.1012 0.0274 0.0236 0.2709 
     H7484.5  2 0.0512 0.0890 0.0100 0.0258 0.0121 0.0307 0.0094 0.0162 0.2768 0.4789 
     H7484.6  2 0.0676 0.2241 0.0105 0.0373 0.1012 0.3209 0.0227 0.0152 0.1659 0.0346 
     H7484.7  2 0.4110 0.0839 0.0060 0.0112 0.0787 0.0542 0.0305 0.0182 0.0307 0.2756 
     H7484.8  2 0.0635 0.0681 0.0075 0.0245 0.0147 0.1426 0.0171 0.1753 0.0884 0.3982 
     H7485.1  2 0.0092 0.0078 0.9241 0.0086 0.0073 0.0074 0.0057 0.0118 0.0072 0.0110 
     H7485.2  2 0.0091 0.0151 0.9216 0.0047 0.0039 0.0082 0.0065 0.0150 0.0087 0.0072 
     H7485.3  2 0.0064 0.0069 0.9426 0.0066 0.0054 0.0101 0.0045 0.0073 0.0047 0.0055 
     H7485.4  2 0.0139 0.0197 0.9133 0.0038 0.0044 0.0070 0.0058 0.0108 0.0137 0.0077 
     H7485.5  2 0.0118 0.0072 0.9153 0.0084 0.0066 0.0124 0.0060 0.0111 0.0088 0.0124 
     H7485.6  2 0.0120 0.0087 0.9113 0.0110 0.0062 0.0091 0.0052 0.0152 0.0070 0.0144 
     H7485.7  2 0.0081 0.0081 0.9243 0.0079 0.0078 0.0172 0.0061 0.0059 0.0069 0.0077 
     H7496.1  2 0.0084 0.0125 0.0048 0.0166 0.0106 0.0186 0.8023 0.0846 0.0235 0.0181 
    H7496.10  2 0.0068 0.0051 0.0054 0.0049 0.0051 0.0102 0.9336 0.0089 0.0075 0.0125 
    H7496.11  2 0.0067 0.0308 0.6861 0.0192 0.0305 0.0248 0.0950 0.0238 0.0124 0.0706 
     H7496.2  2 0.0073 0.0122 0.0048 0.0051 0.0082 0.0111 0.9266 0.0052 0.0078 0.0117 
     H7496.3  2 0.0153 0.0140 0.0070 0.0093 0.0121 0.0163 0.7441 0.0105 0.0289 0.1424 
     H7496.4  2 0.0055 0.0088 0.0055 0.0069 0.0069 0.0081 0.9352 0.0047 0.0106 0.0078 
     H7496.5  2 0.0065 0.0105 0.0064 0.0092 0.0109 0.0150 0.9016 0.0101 0.0144 0.0154 
     H7496.6  2 0.0088 0.0107 0.0047 0.0069 0.0163 0.0135 0.9028 0.0119 0.0140 0.0104 
     H7496.7  2 0.0078 0.0077 0.0051 0.0052 0.0053 0.0094 0.9340 0.0064 0.0083 0.0107 
     H7496.8  2 0.0130 0.0174 0.0095 0.0115 0.0085 0.0115 0.8830 0.0064 0.0195 0.0197 
        UNK4  2 0.0291 0.1831 0.0339 0.0205 0.0144 0.0239 0.0234 0.2620 0.3953 0.0144 
        UNK5  2 0.0511 0.0363 0.0470 0.0269 0.0079 0.0384 0.0451 0.6700 0.0218 0.0556 
        UNK6  2 0.0164 0.0632 0.0245 0.0431 0.0170 0.0205 0.0302 0.3204 0.4429 0.0218 
        UNK7  2 0.0138 0.0189 0.0997 0.0175 0.0069 0.0161 0.0132 0.7883 0.0081 0.0176 
        UNK8  2 0.0179 0.0333 0.1092 0.0089 0.0073 0.0096 0.0171 0.7369 0.0412 0.0186 
        UNK9  2 0.0095 0.2726 0.1260 0.0156 0.0108 0.0172 0.0448 0.3568 0.0829 0.0638 
      H009.1  4 0.7578 0.0097 0.0075 0.0121 0.1617 0.0077 0.0137 0.0080 0.0132 0.0087 
      H009.2  4 0.6369 0.0346 0.0054 0.0095 0.2415 0.0123 0.0203 0.0049 0.0256 0.0089 
      H009.3  4 0.8004 0.0130 0.0053 0.0089 0.1203 0.0086 0.0112 0.0062 0.0149 0.0112 
      H009.4  4 0.5802 0.0419 0.0122 0.0116 0.2654 0.0215 0.0211 0.0097 0.0236 0.0129 
      H009.5  4 0.6853 0.0894 0.0352 0.0074 0.0942 0.0128 0.0080 0.0066 0.0521 0.0089 
      H009.6  4 0.7789 0.0097 0.0080 0.0212 0.1067 0.0158 0.0221 0.0049 0.0216 0.0110 
      H046.4  4 0.1074 0.0267 0.0337 0.0456 0.2267 0.0392 0.0745 0.0363 0.1284 0.2815 
      H046.8  4 0.1023 0.0419 0.0335 0.2572 0.0765 0.3056 0.0307 0.0454 0.0514 0.0555 
 H076.1_2002  4 0.0064 0.0079 0.0080 0.9159 0.0114 0.0058 0.0235 0.0071 0.0071 0.0069 
 H076.1_2003  4 0.0057 0.0052 0.0057 0.9510 0.0070 0.0067 0.0051 0.0040 0.0051 0.0045 
 H076.1_2004  4 0.0077 0.0068 0.0066 0.9284 0.0089 0.0123 0.0081 0.0043 0.0064 0.0105 
 H076.2_2002  4 0.0075 0.0064 0.0073 0.9208 0.0115 0.0077 0.0198 0.0071 0.0064 0.0055 
 H076.2_2003  4 0.0074 0.0079 0.0099 0.9330 0.0060 0.0116 0.0071 0.0049 0.0068 0.0054 
 H076.2_2004  4 0.0187 0.0184 0.0086 0.7107 0.1163 0.0135 0.0674 0.0075 0.0284 0.0104 
 H076.3_2002  4 0.0630 0.0381 0.0099 0.2449 0.4830 0.0216 0.0534 0.0084 0.0480 0.0296 
 H076.3_2003  4 0.0060 0.0073 0.0178 0.9131 0.0088 0.0104 0.0170 0.0051 0.0080 0.0064 
 H076.3_2004  4 0.0067 0.0071 0.0088 0.9201 0.0067 0.0141 0.0109 0.0062 0.0071 0.0123 
 H076.4_2002  4 0.0717 0.0317 0.0134 0.5199 0.0585 0.1840 0.0324 0.0160 0.0477 0.0249 
 H076.4_2003  4 0.0107 0.0117 0.0066 0.9040 0.0212 0.0091 0.0156 0.0045 0.0108 0.0057 
 H076.4_2004  4 0.0683 0.0220 0.0098 0.3629 0.2201 0.0165 0.2342 0.0081 0.0460 0.0120 
 H076.5_2002  4 0.0097 0.0051 0.0068 0.9023 0.0140 0.0074 0.0247 0.0080 0.0107 0.0112 
 H076.5_2003  4 0.0101 0.0087 0.0422 0.8403 0.0135 0.0380 0.0203 0.0085 0.0114 0.0069 
 H076.5_2004  4 0.0484 0.0101 0.0160 0.5573 0.0200 0.2075 0.0499 0.0353 0.0290 0.0264 
 H076.6_2002  4 0.0099 0.0127 0.0073 0.9156 0.0088 0.0098 0.0127 0.0051 0.0067 0.0115 
 H076.6_2003  4 0.0108 0.0081 0.0146 0.9069 0.0077 0.0084 0.0238 0.0034 0.0108 0.0055 
 H076.6_2004  4 0.0228 0.0088 0.0123 0.8053 0.0187 0.0788 0.0129 0.0088 0.0186 0.0130 
 H076.7_2002  4 0.0837 0.0583 0.0105 0.1690 0.2590 0.0200 0.2864 0.0105 0.0838 0.0189 
 H076.7_2003  4 0.0082 0.0091 0.0123 0.8288 0.0433 0.0078 0.0679 0.0072 0.0081 0.0072 
 H076.7_2004  4 0.0316 0.0216 0.0130 0.8065 0.0636 0.0165 0.0184 0.0068 0.0109 0.0111 
      H477.1  4 0.0089 0.4967 0.0079 0.0133 0.0539 0.0080 0.0149 0.0773 0.3096 0.0094 
      H477.2  4 0.0156 0.5555 0.0058 0.0152 0.0774 0.0320 0.0204 0.1506 0.1148 0.0127 
      H477.3  4 0.0099 0.7341 0.0137 0.0085 0.0459 0.0173 0.0097 0.0510 0.0877 0.0222 
      H477.4  4 0.0130 0.7542 0.0248 0.0093 0.0631 0.0088 0.0101 0.0231 0.0841 0.0095 
      H477.5  4 0.0204 0.6988 0.0142 0.0127 0.0367 0.0901 0.0203 0.0591 0.0383 0.0093 
      H477.6  4 0.0122 0.7100 0.0168 0.0089 0.0720 0.0248 0.0130 0.0644 0.0618 0.0163 
      H477.7  4 0.0108 0.7867 0.0246 0.0151 0.0190 0.0211 0.0138 0.0167 0.0844 0.0078 
 H479.1_2005  4 0.0468 0.2018 0.0071 0.0066 0.0536 0.0380 0.0211 0.3856 0.0165 0.2229 
 H479.1_2006  4 0.0150 0.0262 0.0779 0.1943 0.4590 0.0727 0.0118 0.0218 0.0077 0.1137 
     H479.10  4 0.0193 0.1815 0.0150 0.0281 0.0716 0.2592 0.0388 0.0207 0.0199 0.3460 
 H479.2_2005  4 0.1024 0.0442 0.0094 0.0146 0.0121 0.5260 0.0382 0.1019 0.0235 0.1278 
 H479.2_2006  4 0.0135 0.0213 0.0249 0.0062 0.6581 0.0135 0.0075 0.0804 0.0169 0.1577 
 H479.3_2005  4 0.0114 0.1623 0.0063 0.0273 0.1176 0.0774 0.0162 0.3816 0.0588 0.1412 
 H479.3_2006  4 0.0162 0.2069 0.0067 0.0577 0.3679 0.0280 0.1071 0.1235 0.0121 0.0739 
 H479.4_2005  4 0.0259 0.5339 0.0092 0.0149 0.1213 0.1346 0.0137 0.0817 0.0177 0.0469 
 H479.4_2006  4 0.0165 0.1178 0.0088 0.0110 0.1540 0.0691 0.1050 0.0547 0.0339 0.4291 
 H479.5_2005  4 0.0345 0.0279 0.0087 0.0163 0.0151 0.6034 0.0082 0.0721 0.0305 0.1832 
 H479.5_2006  4 0.0120 0.1221 0.0071 0.0078 0.5273 0.0468 0.0334 0.0986 0.0103 0.1345 
 H479.6_2005  4 0.0102 0.0558 0.0115 0.0084 0.0122 0.8317 0.0117 0.0358 0.0101 0.0124 
 H479.6_2006  4 0.0109 0.1442 0.0128 0.0087 0.0260 0.0317 0.0362 0.1202 0.0132 0.5959 
 H479.7_2005  4 0.0160 0.1713 0.0175 0.0216 0.0337 0.1379 0.0300 0.4914 0.0339 0.0469 
