      H008.1  2 0.0071 0.0050 0.0134 0.0070 0.0085 0.1038 0.0139 0.6389 0.0309 0.0088 0.0070 0.0119 0.0426 0.0317 0.0095 0.0068 0.0170 0.0141 0.0096 0.0065 0.0060 
      H008.2  2 0.0087 0.0249 0.0281 0.0208 0.0060 0.1495 0.0119 0.0336 0.0172 0.0185 0.0246 0.0617 0.0142 0.4536 0.0195 0.0085 0.0410 0.0334 0.0077 0.0110 0.0055 
      H008.3  2 0.0095 0.0185 0.0250 0.0235 0.0108 0.2780 0.0457 0.0228 0.0448 0.0228 0.0399 0.0145 0.0188 0.2323 0.0660 0.0169 0.0769 0.0070 0.0074 0.0113 0.0076 
      H008.4  2 0.0387 0.0445 0.0271 0.0285 0.0087 0.0460 0.0291 0.4829 0.0510 0.0131 0.0148 0.0160 0.0295 0.0842 0.0115 0.0189 0.0161 0.0133 0.0073 0.0147 0.0041 
      H008.5  2 0.0063 0.0116 0.0101 0.0477 0.0074 0.0655 0.0505 0.5643 0.0265 0.0111 0.0191 0.0067 0.0152 0.0837 0.0128 0.0118 0.0214 0.0065 0.0067 0.0089 0.0063 
      H008.6  2 0.0159 0.0547 0.0589 0.0171 0.0054 0.0399 0.0325 0.0988 0.0371 0.0178 0.0253 0.0273 0.0350 0.4184 0.0058 0.0154 0.0417 0.0228 0.0057 0.0184 0.0062 
      H008.7  2 0.0197 0.0725 0.0335 0.0308 0.0140 0.0752 0.0152 0.2121 0.0487 0.0092 0.0112 0.0215 0.0137 0.2605 0.0416 0.0283 0.0277 0.0250 0.0196 0.0147 0.0053 
      H008.8  2 0.0065 0.0058 0.0365 0.0066 0.0078 0.4533 0.0086 0.0298 0.0486 0.0081 0.0160 0.1755 0.0225 0.0189 0.0185 0.0077 0.0104 0.0906 0.0088 0.0128 0.0066 
      H008.9  2 0.0096 0.0708 0.2304 0.0123 0.0091 0.0364 0.0175 0.0134 0.0400 0.0160 0.0192 0.0753 0.0129 0.3464 0.0098 0.0177 0.0200 0.0121 0.0053 0.0173 0.0088 
 H029.1_2002  2 0.0723 0.0161 0.0188 0.0523 0.0068 0.0075 0.0050 0.6478 0.0178 0.0073 0.0053 0.0208 0.0159 0.0063 0.0082 0.0135 0.0081 0.0279 0.0082 0.0291 0.0050 
 H029.1_2003  2 0.0107 0.0112 0.0159 0.3069 0.0112 0.0109 0.0108 0.0521 0.3738 0.0120 0.0072 0.0721 0.0076 0.0088 0.0052 0.0074 0.0301 0.0082 0.0091 0.0185 0.0104 
 H029.2_2002  2 0.0082 0.0295 0.0104 0.0599 0.0131 0.0061 0.0103 0.6217 0.0281 0.0060 0.0168 0.0073 0.0046 0.0165 0.0330 0.0058 0.0501 0.0043 0.0131 0.0439 0.0114 
 H029.2_2003  2 0.0053 0.0293 0.0136 0.1582 0.0090 0.0064 0.0106 0.1340 0.3104 0.0125 0.0218 0.0191 0.0052 0.0153 0.0067 0.0155 0.1383 0.0067 0.0116 0.0400 0.0303 
 H029.3_2002  2 0.0071 0.1226 0.0098 0.0384 0.0134 0.0096 0.0131 0.3504 0.1847 0.0201 0.0197 0.0314 0.0046 0.0091 0.0265 0.0071 0.0315 0.0091 0.0359 0.0362 0.0197 
 H029.3_2003  2 0.0051 0.0073 0.0050 0.2093 0.0084 0.0047 0.0085 0.5690 0.0395 0.0138 0.0043 0.0122 0.0105 0.0179 0.0052 0.0102 0.0164 0.0043 0.0359 0.0067 0.0058 
 H029.4_2002  2 0.0096 0.0139 0.0035 0.0311 0.0070 0.0086 0.0095 0.8059 0.0163 0.0082 0.0045 0.0077 0.0085 0.0073 0.0094 0.0075 0.0043 0.0056 0.0236 0.0038 0.0042 
 H029.4_2003  2 0.0102 0.0150 0.0099 0.2293 0.0061 0.0183 0.0069 0.0909 0.3923 0.0105 0.0089 0.0277 0.0289 0.0087 0.0055 0.0056 0.0111 0.0187 0.0771 0.0088 0.0097 
 H029.5_2002  2 0.0141 0.0049 0.0057 0.0564 0.0116 0.0047 0.0052 0.7875 0.0075 0.0063 0.0037 0.0078 0.0184 0.0097 0.0098 0.0092 0.0058 0.0079 0.0073 0.0112 0.0054 
 H029.5_2003  2 0.0068 0.0079 0.0076 0.1389 0.0056 0.0087 0.0054 0.3594 0.2708 0.0062 0.0037 0.0407 0.0145 0.0233 0.0045 0.0084 0.0457 0.0083 0.0204 0.0058 0.0075 
 H029.6_2002  2 0.0085 0.0472 0.0046 0.1710 0.0126 0.0122 0.0073 0.5394 0.0753 0.0069 0.0070 0.0230 0.0045 0.0059 0.0151 0.0073 0.0066 0.0051 0.0314 0.0043 0.0050 
 H029.6_2003  2 0.0063 0.0116 0.0151 0.0480 0.0215 0.0067 0.0076 0.4840 0.0315 0.0172 0.0104 0.0132 0.0305 0.0137 0.0094 0.0360 0.1237 0.0207 0.0364 0.0358 0.0206 
      H029.7  2 0.0059 0.0247 0.0106 0.0199 0.0073 0.0102 0.0072 0.7689 0.0199 0.0045 0.0169 0.0046 0.0055 0.0064 0.0160 0.0043 0.0120 0.0071 0.0184 0.0173 0.0123 
      H030.1  2 0.0048 0.0039 0.0159 0.0926 0.0139 0.0057 0.0279 0.0551 0.0097 0.3188 0.0085 0.0148 0.0144 0.0523 0.0169 0.1138 0.0293 0.0063 0.0529 0.0480 0.0943 
      H030.2  2 0.1273 0.0573 0.0126 0.0242 0.0118 0.0304 0.0379 0.0630 0.0069 0.3170 0.0037 0.0058 0.0359 0.0380 0.1379 0.0167 0.0066 0.0066 0.0146 0.0307 0.0153 
      H038.1  2 0.0058 0.0234 0.0071 0.0056 0.0044 0.0093 0.0075 0.8450 0.0130 0.0062 0.0057 0.0098 0.0046 0.0041 0.0045 0.0046 0.0046 0.0173 0.0056 0.0062 0.0058 
      H038.2  2 0.0071 0.0055 0.0034 0.0058 0.0089 0.0053 0.0038 0.8715 0.0068 0.0077 0.0028 0.0038 0.0063 0.0062 0.0062 0.0095 0.0074 0.0032 0.0057 0.0142 0.0089 
      H038.3  2 0.0149 0.0302 0.0057 0.0041 0.0070 0.0057 0.0097 0.7173 0.0084 0.0123 0.0055 0.0059 0.0219 0.0083 0.0064 0.0091 0.0052 0.0307 0.0095 0.0198 0.0624 
      H038.4  2 0.0084 0.0284 0.0038 0.0037 0.0136 0.0052 0.0084 0.8046 0.0064 0.0060 0.0037 0.0067 0.0117 0.0079 0.0062 0.0102 0.0047 0.0134 0.0100 0.0126 0.0244 
      H038.5  2 0.0060 0.0213 0.0044 0.0075 0.0081 0.0071 0.0070 0.7856 0.0078 0.0161 0.0034 0.0132 0.0036 0.0080 0.0076 0.0082 0.0075 0.0200 0.0418 0.0048 0.0109 
      H038.6  2 0.0070 0.0095 0.0040 0.0077 0.0043 0.0112 0.0038 0.8553 0.0161 0.0089 0.0043 0.0085 0.0045 0.0059 0.0042 0.0043 0.0103 0.0062 0.0078 0.0103 0.0059 
      H038.7  2 0.0112 0.0108 0.0041 0.0054 0.0055 0.0052 0.0040 0.8258 0.0093 0.0073 0.0033 0.0045 0.0078 0.0061 0.0034 0.0061 0.0069 0.0136 0.0076 0.0268 0.0253 
      H038.8  2 0.0089 0.0721 0.0039 0.0036 0.0102 0.0091 0.0070 0.7478 0.0055 0.0116 0.0036 0.0054 0.0121 0.0061 0.0124 0.0115 0.0047 0.0146 0.0083 0.0128 0.0288 
      H041.1  2 0.0050 0.0226 0.0229 0.1065 0.0138 0.0098 0.0098 0.0514 0.0136 0.0072 0.0229 0.0032 0.4074 0.0228 0.1468 0.0079 0.0116 0.0066 0.0822 0.0046 0.0213 
      H041.2  2 0.0092 0.0109 0.0119 0.1298 0.0135 0.0049 0.0119 0.0247 0.0155 0.0082 0.0074 0.0096 0.6523 0.0362 0.0080 0.0111 0.0077 0.0046 0.0069 0.0097 0.0060 
      H041.4  2 0.0093 0.0232 0.0531 0.3013 0.0262 0.0126 0.0113 0.2296 0.0525 0.0110 0.0187 0.0187 0.0637 0.0387 0.0178 0.0309 0.0077 0.0329 0.0234 0.0106 0.0069 
      H041.6  2 0.0196 0.0145 0.0332 0.2371 0.0187 0.0155 0.0177 0.1826 0.0471 0.0119 0.0258 0.0132 0.1787 0.0225 0.0247 0.0347 0.0069 0.0537 0.0104 0.0214 0.0098 
 H042.1_2002  2 0.0115 0.0113 0.0261 0.6084 0.0167 0.0794 0.1044 0.0063 0.0116 0.0092 0.0107 0.0053 0.0222 0.0078 0.0082 0.0079 0.0118 0.0171 0.0057 0.0098 0.0086 
 H042.1_2003  2 0.0146 0.0448 0.0176 0.0161 0.0108 0.0210 0.0728 0.0496 0.0109 0.0189 0.0105 0.0133 0.4450 0.0927 0.0090 0.0492 0.0393 0.0129 0.0055 0.0298 0.0157 
 H042.2_2002  2 0.1287 0.0385 0.0050 0.3918 0.0319 0.0512 0.0307 0.1159 0.0616 0.0065 0.0093 0.0045 0.0097 0.0085 0.0074 0.0093 0.0272 0.0077 0.0413 0.0095 0.0037 
 H042.2_2003  2 0.0127 0.0058 0.0410 0.2240 0.0296 0.0295 0.0632 0.1055 0.0099 0.0119 0.0097 0.0119 0.3257 0.0185 0.0036 0.0155 0.0253 0.0096 0.0075 0.0297 0.0097 
 H042.3_2002  2 0.0372 0.0152 0.0115 0.2803 0.0248 0.0831 0.4027 0.0085 0.0115 0.0103 0.0113 0.0034 0.0191 0.0104 0.0062 0.0065 0.0137 0.0128 0.0154 0.0070 0.0092 
 H042.3_2003  2 0.0422 0.0334 0.0204 0.1162 0.0132 0.1241 0.2133 0.0280 0.0654 0.0144 0.0119 0.0048 0.1081 0.0175 0.0340 0.0156 0.0286 0.0168 0.0673 0.0092 0.0155 
 H042.4_2002  2 0.0063 0.0200 0.0192 0.7084 0.0225 0.0116 0.0268 0.0331 0.0103 0.0110 0.0064 0.0049 0.0137 0.0063 0.0071 0.0342 0.0101 0.0159 0.0143 0.0082 0.0095 
 H042.4_2003  2 0.0065 0.0068 0.0232 0.6141 0.0236 0.0113 0.0129 0.0733 0.0120 0.0077 0.0195 0.0038 0.0119 0.0132 0.0204 0.0161 0.0092 0.0472 0.0178 0.0204 0.0293 
      H042.5  2 0.0044 0.0027 0.0081 0.8770 0.0089 0.0070 0.0079 0.0061 0.0071 0.0041 0.0100 0.0045 0.0042 0.0075 0.0044 0.0043 0.0074 0.0053 0.0079 0.0056 0.0055 
      H042.6  2 0.0131 0.0115 0.0077 0.6713 0.0083 0.0751 0.0118 0.0139 0.0322 0.0060 0.0324 0.0038 0.0041 0.0052 0.0078 0.0070 0.0045 0.0407 0.0164 0.0158 0.0112 
      H042.7  2 0.0520 0.0059 0.0130 0.4060 0.0715 0.0365 0.2279 0.0175 0.0116 0.0051 0.0074 0.0070 0.0197 0.0105 0.0060 0.0083 0.0076 0.0313 0.0150 0.0282 0.0120 
      H042.8  2 0.0269 0.0205 0.0180 0.6742 0.0279 0.0302 0.0291 0.0102 0.0118 0.0044 0.0160 0.0060 0.0547 0.0148 0.0040 0.0070 0.0133 0.0087 0.0094 0.0074 0.0055 
   H042_2002  2 0.0968 0.0281 0.0363 0.0279 0.0225 0.3260 0.0375 0.0475 0.0546 0.0095 0.0546 0.0101 0.0431 0.0245 0.0041 0.0154 0.0193 0.0432 0.0132 0.0679 0.0178 
   H042_2003  2 0.1174 0.0277 0.0386 0.0439 0.0248 0.2842 0.0469 0.0429 0.0779 0.0119 0.0384 0.0098 0.0340 0.0287 0.0051 0.0112 0.0162 0.0518 0.0171 0.0565 0.0149 
      H043.1  2 0.0063 0.0218 0.0039 0.0061 0.0036 0.0269 0.0072 0.0130 0.0230 0.0086 0.0076 0.0074 0.0105 0.0146 0.0112 0.0047 0.0066 0.5507 0.2449 0.0088 0.0127 
      H043.2  2 0.0042 0.0115 0.0050 0.0032 0.0042 0.0092 0.0049 0.0065 0.0117 0.0031 0.0083 0.0103 0.0063 0.0051 0.0030 0.0040 0.0072 0.8763 0.0047 0.0045 0.0067 
      H043.3  2 0.0226 0.0142 0.0076 0.0085 0.0045 0.0165 0.0155 0.0369 0.0151 0.0054 0.0069 0.0075 0.0121 0.0096 0.0042 0.0057 0.0059 0.7259 0.0170 0.0485 0.0097 
      H043.4  2 0.0101 0.0117 0.0052 0.0039 0.0035 0.0095 0.0100 0.0197 0.0144 0.0051 0.0125 0.0038 0.0082 0.0072 0.0034 0.0070 0.0054 0.8189 0.0164 0.0114 0.0126 
      H043.5  2 0.0065 0.0256 0.0055 0.0041 0.0037 0.0116 0.0090 0.0122 0.0093 0.0041 0.0047 0.0121 0.0142 0.0094 0.0044 0.0040 0.0060 0.8322 0.0063 0.0061 0.0089 
      H043.6  2 0.0046 0.0141 0.0066 0.0040 0.0033 0.0062 0.0093 0.0121 0.0084 0.0049 0.0039 0.0052 0.0054 0.0024 0.0028 0.0043 0.0040 0.8822 0.0056 0.0043 0.0065 
      H043.7  2 0.0052 0.0085 0.0051 0.0033 0.0026 0.0040 0.0065 0.0065 0.0044 0.0038 0.0064 0.0031 0.0064 0.0036 0.0025 0.0039 0.0030 0.9057 0.0055 0.0046 0.0052 
      H043.8  2 0.0063 0.0052 0.0057 0.0041 0.0041 0.0150 0.0090 0.0079 0.0095 0.0162 0.0048 0.0147 0.0092 0.0037 0.0091 0.0058 0.0054 0.8071 0.0451 0.0057 0.0068 
      H043.9  2 0.0097 0.0189 0.0041 0.0077 0.0037 0.0264 0.0067 0.0211 0.0197 0.0066 0.0073 0.0054 0.0073 0.0051 0.0064 0.0039 0.0056 0.4493 0.3591 0.0192 0.0067 
      H047.1  2 0.0511 0.0064 0.0093 0.0042 0.0054 0.0347 0.0156 0.4240 0.0100 0.0046 0.0060 0.0036 0.0147 0.3525 0.0054 0.0047 0.0140 0.0111 0.0035 0.0087 0.0105 
      H047.2  2 0.0090 0.0040 0.0117 0.0102 0.0149 0.0066 0.0059 0.1949 0.0096 0.0075 0.0059 0.0062 0.0293 0.5132 0.0203 0.0433 0.0172 0.0209 0.0238 0.0350 0.0104 
      H047.3  2 0.0336 0.0045 0.0098 0.0145 0.0148 0.0084 0.0146 0.1621 0.0084 0.0056 0.0113 0.0068 0.0615 0.4885 0.0196 0.0547 0.0175 0.0159 0.0210 0.0196 0.0073 
      H047.4  2 0.0342 0.0041 0.0230 0.0259 0.0135 0.0092 0.0103 0.2454 0.0194 0.0065 0.0076 0.0129 0.1730 0.2283 0.0077 0.0123 0.0108 0.0292 0.0146 0.0992 0.0127 
      H047.5  2 0.0591 0.0031 0.0106 0.0077 0.0285 0.0183 0.0243 0.1763 0.0174 0.0086 0.0344 0.0035 0.0302 0.4735 0.0047 0.0151 0.0162 0.0178 0.0193 0.0238 0.0075 
      H047.6  2 0.0387 0.0048 0.0110 0.0236 0.0090 0.0043 0.0061 0.0485 0.0080 0.0039 0.0076 0.0063 0.1134 0.6386 0.0079 0.0130 0.0082 0.0188 0.0116 0.0123 0.0042 
      H047.7  2 0.1429 0.0103 0.0078 0.0104 0.0093 0.0307 0.0108 0.4219 0.0088 0.0053 0.0047 0.0037 0.0256 0.2538 0.0107 0.0065 0.0069 0.0096 0.0050 0.0081 0.0073 
      H047.8  2 0.0310 0.0037 0.0081 0.0208 0.0082 0.0103 0.0128 0.0680 0.0098 0.0043 0.0068 0.0041 0.1552 0.5801 0.0079 0.0111 0.0182 0.0113 0.0054 0.0154 0.0076 
      H047.9  2 0.1294 0.0038 0.0145 0.0080 0.0271 0.0573 0.0165 0.3387 0.0163 0.0091 0.0212 0.0043 0.0115 0.2472 0.0056 0.0145 0.0197 0.0059 0.0093 0.0299 0.0103 
 H071.1_2002  2 0.0052 0.0043 0.0070 0.0049 0.0041 0.0084 0.0066 0.8793 0.0077 0.0052 0.0094 0.0032 0.0067 0.0041 0.0029 0.0070 0.0064 0.0095 0.0062 0.0075 0.0044 
 H071.1_2003  2 0.0072 0.0088 0.0281 0.0104 0.0090 0.0114 0.0240 0.6484 0.0099 0.0454 0.0568 0.0048 0.0150 0.0121 0.0041 0.0138 0.0111 0.0386 0.0100 0.0139 0.0172 
     H071.10  2 0.0111 0.0062 0.0034 0.0041 0.0057 0.0264 0.0062 0.8341 0.0106 0.0220 0.0049 0.0103 0.0036 0.0033 0.0074 0.0048 0.0039 0.0100 0.0117 0.0038 0.0066 
 H071.2_2002  2 0.0088 0.0066 0.0096 0.0055 0.0073 0.0174 0.0078 0.7977 0.0139 0.0096 0.0098 0.0206 0.0043 0.0105 0.0033 0.0080 0.0095 0.0288 0.0057 0.0079 0.0076 
 H071.2_2003  2 0.0047 0.0032 0.0045 0.0036 0.0029 0.0048 0.0059 0.9135 0.0049 0.0039 0.0053 0.0036 0.0040 0.0041 0.0031 0.0037 0.0059 0.0057 0.0044 0.0049 0.0034 
      H071.3  2 0.0148 0.0083 0.0040 0.0062 0.0079 0.0384 0.0067 0.7483 0.0085 0.0407 0.0059 0.0099 0.0313 0.0138 0.0080 0.0070 0.0054 0.0056 0.0108 0.0061 0.0125 
 H071.4_2002  2 0.0117 0.0169 0.0069 0.0046 0.0087 0.0215 0.0072 0.7799 0.0101 0.0121 0.0075 0.0150 0.0048 0.0045 0.0058 0.0102 0.0054 0.0172 0.0315 0.0057 0.0127 
 H071.4_2003  2 0.0081 0.0028 0.0040 0.0043 0.0051 0.0502 0.0034 0.8463 0.0097 0.0079 0.0048 0.0075 0.0061 0.0055 0.0043 0.0043 0.0048 0.0049 0.0055 0.0055 0.0050 
 H071.5_2002  2 0.0086 0.0038 0.0033 0.0049 0.0043 0.0104 0.0053 0.8901 0.0061 0.0077 0.0056 0.0041 0.0042 0.0033 0.0053 0.0046 0.0039 0.0056 0.0081 0.0050 0.0056 
 H071.5_2003  2 0.0332 0.0040 0.0113 0.0049 0.0082 0.0651 0.0056 0.7251 0.0112 0.0238 0.0062 0.0081 0.0099 0.0088 0.0033 0.0088 0.0088 0.0072 0.0138 0.0100 0.0227 
 H071.6_2002  2 0.0289 0.0056 0.0042 0.0039 0.0044 0.1555 0.0055 0.6832 0.0234 0.0122 0.0063 0.0203 0.0033 0.0044 0.0036 0.0057 0.0044 0.0080 0.0074 0.0045 0.0053 
 H071.6_2003  2 0.0124 0.0037 0.0108 0.0050 0.0041 0.0156 0.0066 0.8337 0.0063 0.0237 0.0046 0.0041 0.0061 0.0044 0.0038 0.0048 0.0051 0.0097 0.0124 0.0074 0.0155 
 H071.7_2002  2 0.0109 0.0046 0.0064 0.0031 0.0033 0.0105 0.0059 0.8826 0.0069 0.0038 0.0067 0.0077 0.0059 0.0064 0.0029 0.0033 0.0053 0.0066 0.0039 0.0086 0.0048 
 H071.7_2003  2 0.0133 0.0042 0.0115 0.0050 0.0077 0.0219 0.0056 0.7898 0.0084 0.0330 0.0088 0.0032 0.0086 0.0042 0.0040 0.0114 0.0068 0.0134 0.0179 0.0079 0.0133 
      H071.8  2 0.0062 0.0063 0.0081 0.0060 0.0070 0.0120 0.0071 0.8358 0.0096 0.0055 0.0094 0.0227 0.0046 0.0089 0.0039 0.0046 0.0065 0.0165 0.0059 0.0072 0.0063 
      H071.9  2 0.0224 0.0107 0.0113 0.0105 0.0220 0.0637 0.0079 0.2468 0.1000 0.0136 0.0210 0.0695 0.0069 0.0128 0.0096 0.0129 0.0056 0.0335 0.2985 0.0056 0.0153 
 H081.1_2002  2 0.0059 0.0050 0.0091 0.0053 0.0085 0.0111 0.0098 0.8485 0.0093 0.0059 0.0162 0.0034 0.0046 0.0039 0.0052 0.0234 0.0053 0.0050 0.0041 0.0056 0.0048 
 H081.1_2003  2 0.0186 0.2402 0.0408 0.0374 0.0169 0.0156 0.0432 0.0439 0.0824 0.0462 0.0120 0.0166 0.0206 0.0196 0.0159 0.2058 0.0189 0.0218 0.0103 0.0594 0.0141 
 H081.2_2002  2 0.0052 0.0045 0.0081 0.0046 0.0083 0.0071 0.0068 0.7896 0.0119 0.0040 0.0838 0.0043 0.0048 0.0064 0.0041 0.0135 0.0042 0.0075 0.0049 0.0110 0.0055 
 H081.2_2003  2 0.0049 0.0073 0.0150 0.0124 0.0070 0.0530 0.0108 0.0284 0.0574 0.6164 0.0473 0.0240 0.0170 0.0101 0.0223 0.0125 0.0060 0.0173 0.0093 0.0079 0.0136 
 H081.3_2002  2 0.0054 0.0064 0.0090 0.0064 0.0058 0.0075 0.0093 0.7734 0.0138 0.0109 0.0289 0.0156 0.0049 0.0372 0.0066 0.0078 0.0042 0.0181 0.0088 0.0073 0.0127 
 H081.3_2003  2 0.0121 0.0138 0.0201 0.0185 0.0141 0.0238 0.0102 0.0174 0.0489 0.3215 0.0280 0.0693 0.0100 0.0130 0.0131 0.0484 0.0141 0.2506 0.0329 0.0091 0.0112 
 H081.4_2002  2 0.0059 0.0041 0.0053 0.0050 0.0050 0.0074 0.0105 0.8727 0.0115 0.0079 0.0051 0.0059 0.0066 0.0060 0.0050 0.0066 0.0067 0.0042 0.0054 0.0063 0.0068 
 H081.4_2003  2 0.0110 0.0154 0.0725 0.0976 0.0220 0.0189 0.0202 0.0228 0.0856 0.1849 0.0255 0.0172 0.0131 0.0101 0.0121 0.2455 0.0224 0.0332 0.0168 0.0155 0.0377 
 H081.5_2002  2 0.0061 0.0038 0.0083 0.0065 0.0035 0.0066 0.0077 0.8589 0.0120 0.0108 0.0063 0.0078 0.0081 0.0093 0.0038 0.0057 0.0047 0.0078 0.0054 0.0107 0.0064 
 H081.5_2003  2 0.0244 0.0268 0.1071 0.0555 0.0145 0.0116 0.0725 0.0455 0.0350 0.0467 0.0783 0.0106 0.0535 0.0182 0.0148 0.2508 0.0136 0.0193 0.0106 0.0463 0.0445 
      H081.6  2 0.0075 0.0053 0.0097 0.0050 0.0059 0.0124 0.0124 0.8444 0.0106 0.0071 0.0161 0.0044 0.0046 0.0040 0.0039 0.0156 0.0064 0.0048 0.0046 0.0086 0.0066 
      H081.7  2 0.0049 0.0041 0.0081 0.0047 0.0080 0.0076 0.0156 0.7810 0.0148 0.0098 0.0587 0.0072 0.0048 0.0088 0.0052 0.0104 0.0038 0.0151 0.0073 0.0059 0.0145 
      H081.8  2 0.0085 0.0088 0.0080 0.0095 0.0084 0.0123 0.0184 0.7437 0.0209 0.0268 0.0062 0.0427 0.0072 0.0068 0.0145 0.0119 0.0048 0.0123 0.0108 0.0074 0.0100 
      H083.1  2 0.0173 0.0101 0.0059 0.0287 0.0059 0.0065 0.0059 0.7867 0.0210 0.0102 0.0080 0.0083 0.0040 0.0091 0.0252 0.0073 0.0085 0.0036 0.0100 0.0120 0.0060 
      H083.2  2 0.0119 0.0075 0.0128 0.0092 0.0095 0.0135 0.0055 0.7256 0.0115 0.0060 0.0159 0.0073 0.0075 0.0330 0.0285 0.0099 0.0069 0.0171 0.0410 0.0113 0.0086 
      H083.4  2 0.0106 0.0102 0.0057 0.0088 0.0088 0.0337 0.0060 0.6202 0.0182 0.0059 0.0173 0.0678 0.0047 0.0141 0.1044 0.0069 0.0056 0.0133 0.0206 0.0094 0.0076 
      H083.5  2 0.0082 0.0253 0.0075 0.0430 0.0125 0.0113 0.0035 0.6650 0.0128 0.0056 0.0151 0.0133 0.0062 0.0198 0.1006 0.0063 0.0087 0.0046 0.0070 0.0161 0.0076 
      H083.6  2 0.0084 0.0116 0.0058 0.0161 0.0193 0.0108 0.0112 0.6316 0.0343 0.0108 0.0127 0.0310 0.0037 0.0077 0.1208 0.0261 0.0112 0.0041 0.0060 0.0077 0.0089 
      H083.7  2 0.0076 0.0111 0.0085 0.0061 0.0209 0.0316 0.0048 0.5270 0.0116 0.0045 0.0145 0.0271 0.0044 0.0161 0.2508 0.0106 0.0050 0.0125 0.0121 0.0070 0.0064 
      H083.8  2 0.0094 0.0073 0.0081 0.0071 0.0129 0.0074 0.0035 0.7091 0.0118 0.0046 0.0126 0.0065 0.0073 0.0734 0.0297 0.0092 0.0097 0.0128 0.0401 0.0095 0.0081 
      H083.9  2 0.0100 0.0093 0.0063 0.0367 0.0096 0.0059 0.0043 0.6742 0.0101 0.0061 0.0084 0.0083 0.0060 0.0115 0.1553 0.0100 0.0068 0.0029 0.0053 0.0088 0.0043 
      H084.1  2 0.0186 0.0640 0.0056 0.0177 0.0443 0.0071 0.0051 0.0105 0.0202 0.6450 0.0082 0.0070 0.0077 0.0143 0.0070 0.0108 0.0138 0.0128 0.0639 0.0061 0.0104 
      H084.2  2 0.0080 0.0752 0.0052 0.0236 0.0055 0.0095 0.0073 0.0090 0.0269 0.5435 0.0041 0.0081 0.0042 0.0045 0.0049 0.0138 0.0083 0.0133 0.2034 0.0075 0.0143 
      H084.3  2 0.0327 0.2293 0.0064 0.0119 0.1276 0.0097 0.0154 0.0065 0.0085 0.2817 0.0063 0.0092 0.0333 0.0068 0.0120 0.1212 0.0125 0.0117 0.0199 0.0206 0.0168 
      H084.4  2 0.0146 0.2119 0.0069 0.0477 0.0375 0.0091 0.0333 0.0106 0.0227 0.3249 0.0037 0.0166 0.0911 0.0191 0.0070 0.0372 0.0091 0.0103 0.0290 0.0365 0.0212 
      H084.5  2 0.1311 0.0455 0.0071 0.0071 0.0465 0.0052 0.0193 0.0057 0.0091 0.5316 0.0079 0.0076 0.0614 0.0229 0.0051 0.0254 0.0096 0.0070 0.0145 0.0206 0.0098 
      H084.6  2 0.0361 0.0927 0.0053 0.0071 0.0802 0.0048 0.0096 0.0062 0.0040 0.5540 0.0089 0.0131 0.0444 0.0165 0.0289 0.0336 0.0054 0.0124 0.0125 0.0127 0.0114 
      H084.7  2 0.0076 0.0162 0.0065 0.0245 0.0112 0.0076 0.0090 0.0074 0.0208 0.7032 0.0063 0.0079 0.0061 0.0057 0.0052 0.0212 0.0081 0.0080 0.1054 0.0058 0.0062 
      H084.8  2 0.0222 0.0624 0.0051 0.0102 0.1244 0.0068 0.0091 0.0059 0.0056 0.5753 0.0084 0.0074 0.0546 0.0257 0.0081 0.0160 0.0112 0.0041 0.0157 0.0132 0.0086 
 H085.1_2002  2 0.0126 0.0173 0.0112 0.0131 0.0049 0.0069 0.0092 0.0228 0.0266 0.0098 0.7829 0.0063 0.0046 0.0069 0.0116 0.0078 0.0054 0.0123 0.0150 0.0061 0.0068 
 H085.1_2003  2 0.0048 0.0187 0.0079 0.0396 0.0091 0.0150 0.0229 0.2802 0.1275 0.0097 0.1343 0.0209 0.0421 0.0148 0.0761 0.0122 0.0087 0.0079 0.0422 0.0045 0.1009 
 H085.2_2002  2 0.0129 0.0703 0.1001 0.0207 0.0143 0.0167 0.0699 0.0270 0.0515 0.0119 0.1838 0.0132 0.0064 0.0077 0.1390 0.1233 0.0049 0.0643 0.0195 0.0080 0.0345 
 H085.2_2003  2 0.0061 0.0087 0.0134 0.0499 0.0058 0.0131 0.0316 0.6004 0.0240 0.0123 0.0232 0.0180 0.0159 0.0343 0.0343 0.0130 0.0158 0.0087 0.0262 0.0119 0.0335 
 H085.3_2002  2 0.0047 0.0050 0.0318 0.0207 0.0074 0.0077 0.0376 0.0084 0.0158 0.0041 0.7058 0.0038 0.0195 0.0063 0.0202 0.0194 0.0049 0.0102 0.0125 0.0065 0.0478 
 H085.3_2003  2 0.0034 0.0035 0.0067 0.0075 0.0034 0.0195 0.0996 0.5234 0.0079 0.0088 0.0222 0.0053 0.1511 0.0067 0.0063 0.0055 0.0085 0.0046 0.0086 0.0055 0.0921 
 H085.4_2002  2 0.0141 0.0353 0.0376 0.0173 0.0148 0.0491 0.0637 0.0843 0.0748 0.0124 0.3995 0.0088 0.0066 0.0101 0.0157 0.0259 0.0072 0.0743 0.0201 0.0055 0.0228 
 H085.4_2003  2 0.0265 0.0056 0.0215 0.0254 0.0081 0.0076 0.0446 0.5318 0.0052 0.0304 0.0124 0.0047 0.1732 0.0081 0.0073 0.0262 0.0070 0.0160 0.0076 0.0166 0.0141 
 H085.5_2002  2 0.0044 0.0049 0.0168 0.0075 0.0066 0.0092 0.0206 0.0089 0.0079 0.0041 0.8273 0.0040 0.0201 0.0053 0.0048 0.0063 0.0054 0.0083 0.0068 0.0044 0.0165 
 H085.5_2003  2 0.0046 0.0066 0.0060 0.0208 0.0042 0.0154 0.0292 0.7285 0.0142 0.0156 0.0204 0.0063 0.0104 0.0164 0.0381 0.0112 0.0136 0.0051 0.0083 0.0064 0.0185 
 H085.6_2002  2 0.0062 0.0131 0.0212 0.0139 0.0050 0.0058 0.0131 0.0115 0.0834 0.0059 0.6787 0.0057 0.0067 0.0108 0.0196 0.0165 0.0038 0.0154 0.0233 0.0068 0.0336 
 H085.6_2003  2 0.0059 0.0060 0.0328 0.0216 0.0104 0.0100 0.1185 0.0731 0.0090 0.0066 0.0264 0.0059 0.3251 0.0199 0.0053 0.0339 0.0104 0.0177 0.0142 0.0134 0.2339 
 H085.7_2002  2 0.0067 0.0141 0.1252 0.0702 0.0065 0.0122 0.0595 0.0738 0.0385 0.0105 0.2868 0.0096 0.0177 0.0277 0.0660 0.0409 0.0077 0.0146 0.0124 0.0320 0.0675 
 H085.7_2003  2 0.0060 0.0085 0.0082 0.0129 0.0068 0.0215 0.0568 0.5454 0.0331 0.0063 0.0213 0.0056 0.1274 0.0124 0.0079 0.0089 0.0124 0.0109 0.0300 0.0064 0.0512 
 H085.8_2002  2 0.0062 0.0114 0.0599 0.0084 0.0112 0.0182 0.1494 0.0272 0.0164 0.0081 0.1027 0.0118 0.0378 0.0069 0.0132 0.0265 0.0060 0.0265 0.0083 0.0084 0.4355 
 H085.8_2003  2 0.0259 0.0174 0.0430 0.1414 0.0170 0.0138 0.0674 0.1827 0.0192 0.0219 0.0329 0.0090 0.0470 0.0322 0.1378 0.0781 0.0111 0.0167 0.0442 0.0232 0.0181 
      H085.9  2 0.0100 0.0300 0.0468 0.0227 0.0089 0.0180 0.0344 0.0486 0.0176 0.0133 0.6282 0.0093 0.0143 0.0092 0.0172 0.0132 0.0076 0.0154 0.0115 0.0130 0.0109 
      H088.1  2 0.0052 0.0056 0.0273 0.7134 0.0432 0.0221 0.0049 0.0096 0.0194 0.0090 0.0159 0.0285 0.0039 0.0131 0.0129 0.0115 0.0204 0.0087 0.0101 0.0052 0.0100 
      H088.2  2 0.0193 0.0067 0.0164 0.7650 0.0254 0.0086 0.0060 0.0055 0.0179 0.0063 0.0206 0.0092 0.0045 0.0125 0.0071 0.0146 0.0082 0.0107 0.0100 0.0157 0.0097 
      H088.3  2 0.0110 0.0056 0.0105 0.8367 0.0077 0.0070 0.0052 0.0039 0.0138 0.0050 0.0092 0.0138 0.0041 0.0122 0.0050 0.0064 0.0062 0.0073 0.0086 0.0144 0.0063 
      H088.4  2 0.0070 0.0052 0.0069 0.8648 0.0052 0.0051 0.0043 0.0096 0.0096 0.0134 0.0039 0.0102 0.0046 0.0042 0.0027 0.0065 0.0065 0.0094 0.0068 0.0075 0.0067 
      H088.5  2 0.0045 0.0050 0.0071 0.8836 0.0072 0.0060 0.0032 0.0051 0.0067 0.0075 0.0043 0.0123 0.0052 0.0050 0.0041 0.0041 0.0054 0.0070 0.0058 0.0047 0.0063 
      H088.6  2 0.0066 0.0038 0.0060 0.8379 0.0107 0.0081 0.0049 0.0085 0.0077 0.0105 0.0043 0.0245 0.0081 0.0118 0.0053 0.0059 0.0110 0.0059 0.0073 0.0053 0.0058 
      H088.7  2 0.0135 0.0067 0.0055 0.8386 0.0058 0.0052 0.0038 0.0125 0.0104 0.0068 0.0069 0.0082 0.0075 0.0186 0.0066 0.0072 0.0060 0.0044 0.0129 0.0088 0.0041 
      H088.8  2 0.0078 0.0069 0.0099 0.7721 0.0083 0.0190 0.0047 0.0185 0.0156 0.0142 0.0064 0.0372 0.0099 0.0163 0.0057 0.0082 0.0114 0.0064 0.0075 0.0066 0.0071 
      H091.1  2 0.0066 0.0066 0.0089 0.6831 0.0056 0.0196 0.0495 0.0282 0.0169 0.0057 0.0102 0.0058 0.0291 0.0079 0.0160 0.0060 0.0104 0.0098 0.0238 0.0063 0.0438 
      H091.2  2 0.0083 0.0037 0.0090 0.5883 0.0094 0.0774 0.0319 0.0214 0.0227 0.0039 0.0053 0.0091 0.0917 0.0144 0.0311 0.0062 0.0088 0.0094 0.0279 0.0042 0.0159 
      H109.1  2 0.0441 0.0365 0.0114 0.0078 0.0164 0.0191 0.0160 0.0140 0.0761 0.0432 0.0197 0.0764 0.0194 0.1398 0.0725 0.0272 0.0101 0.0539 0.2662 0.0151 0.0152 
      H109.2  2 0.0523 0.0219 0.0215 0.0074 0.0298 0.0248 0.0099 0.0443 0.0713 0.3423 0.0058 0.0121 0.0094 0.0338 0.0136 0.0785 0.0053 0.0420 0.1225 0.0142 0.0375 
      H109.3  2 0.0173 0.0097 0.0077 0.0210 0.0294 0.0202 0.0129 0.0214 0.0650 0.0782 0.0042 0.0100 0.0542 0.1293 0.0079 0.0240 0.0220 0.0349 0.3764 0.0116 0.0427 
      H109.4  2 0.0159 0.0338 0.0117 0.0166 0.0144 0.0361 0.0132 0.0130 0.0707 0.1323 0.0067 0.0543 0.0501 0.0236 0.0170 0.0268 0.0122 0.0772 0.2642 0.0090 0.1010 
      H109.5  2 0.0194 0.0048 0.0113 0.1134 0.0567 0.0420 0.0168 0.1259 0.1320 0.1189 0.0061 0.0082 0.0493 0.0356 0.0052 0.0124 0.0118 0.0205 0.1781 0.0204 0.0114 
      H109.6  2 0.0717 0.0255 0.0200 0.0085 0.0493 0.0316 0.0125 0.0221 0.0188 0.2355 0.0056 0.0735 0.0126 0.0828 0.0103 0.0864 0.0128 0.0721 0.0944 0.0226 0.0313 
      H126.1  2 0.1695 0.0064 0.0316 0.0184 0.0116 0.0355 0.0221 0.0055 0.3249 0.0096 0.0811 0.0157 0.0071 0.0086 0.0063 0.0186 0.0326 0.1078 0.0468 0.0265 0.0136 
      H126.2  2 0.0117 0.0316 0.0099 0.0110 0.0049 0.0367 0.0080 0.0329 0.6034 0.0065 0.0251 0.0097 0.0064 0.0323 0.0118 0.0156 0.0189 0.0671 0.0062 0.0229 0.0277 
      H126.3  2 0.2725 0.0041 0.0053 0.0117 0.0044 0.0095 0.0048 0.0157 0.5967 0.0036 0.0067 0.0083 0.0056 0.0058 0.0081 0.0050 0.0061 0.0089 0.0095 0.0051 0.0029 
      H126.4  2 0.0361 0.0187 0.0267 0.0205 0.0086 0.0726 0.0071 0.0183 0.3464 0.0127 0.0198 0.0137 0.0089 0.0215 0.0164 0.0172 0.0973 0.2012 0.0087 0.0154 0.0124 
      H126.5  2 0.0470 0.0043 0.0193 0.0059 0.0060 0.5591 0.0082 0.0241 0.1803 0.0062 0.0112 0.0080 0.0058 0.0052 0.0056 0.0165 0.0117 0.0357 0.0049 0.0279 0.0072 
      H126.6  2 0.0926 0.0045 0.0072 0.0096 0.0034 0.0129 0.0039 0.0648 0.6895 0.0045 0.0282 0.0050 0.0105 0.0070 0.0044 0.0057 0.0058 0.0097 0.0058 0.0178 0.0072 
      H126.7  2 0.0191 0.0030 0.0068 0.0340 0.0045 0.0651 0.0065 0.5228 0.2167 0.0066 0.0274 0.0061 0.0070 0.0060 0.0058 0.0070 0.0084 0.0077 0.0063 0.0151 0.0179 
      H130.1  2 0.0060 0.0070 0.6167 0.0332 0.0106 0.0071 0.0104 0.0067 0.0812 0.0121 0.0092 0.0289 0.0097 0.0159 0.0085 0.0203 0.0173 0.0287 0.0136 0.0136 0.0433 
      H130.2  2 0.0058 0.0083 0.0812 0.0167 0.0072 0.0066 0.0100 0.0262 0.0489 0.2241 0.0140 0.0562 0.0234 0.0391 0.0391 0.2980 0.0211 0.0241 0.0175 0.0097 0.0226 
      H130.3  2 0.0042 0.0041 0.0475 0.0089 0.0083 0.0057 0.0045 0.0101 0.0126 0.0087 0.0045 0.0074 0.0030 0.0124 0.0029 0.5962 0.2275 0.0080 0.0101 0.0059 0.0073 
      H130.4  2 0.0064 0.0225 0.4263 0.0182 0.0103 0.0078 0.0063 0.0065 0.0622 0.0201 0.0184 0.0365 0.0077 0.0182 0.0210 0.0721 0.0906 0.0740 0.0471 0.0099 0.0179 
      H130.5  2 0.0048 0.0048 0.2337 0.0242 0.0133 0.0051 0.0090 0.0362 0.0540 0.0508 0.0259 0.0124 0.0069 0.0083 0.0111 0.4183 0.0107 0.0274 0.0135 0.0099 0.0199 
      H133.1  2 0.0065 0.0296 0.0206 0.0096 0.0086 0.0057 0.0055 0.0145 0.0322 0.0104 0.0079 0.0051 0.0192 0.0092 0.0061 0.0152 0.0139 0.0711 0.6861 0.0092 0.0141 
      H133.2  2 0.0112 0.0050 0.0312 0.0252 0.0080 0.0082 0.0094 0.0093 0.0659 0.0557 0.0274 0.0117 0.0166 0.0212 0.0064 0.0112 0.0138 0.3315 0.3017 0.0142 0.0152 
      H133.3  2 0.0079 0.0274 0.0129 0.0253 0.0197 0.0065 0.0072 0.0177 0.0621 0.0120 0.0217 0.0045 0.0089 0.0118 0.0072 0.0068 0.0100 0.0141 0.7018 0.0045 0.0100 
      H133.4  2 0.0054 0.0175 0.0177 0.0093 0.0068 0.0123 0.0087 0.0123 0.0077 0.0171 0.0171 0.0110 0.0270 0.0185 0.0059 0.0086 0.0124 0.0945 0.6708 0.0123 0.0071 
      H133.5  2 0.0053 0.0103 0.0102 0.0146 0.0041 0.0076 0.0090 0.0057 0.1133 0.0203 0.0411 0.0155 0.0044 0.0067 0.0075 0.0121 0.0112 0.0466 0.6307 0.0083 0.0155 
      H133.6  2 0.0153 0.0063 0.0157 0.0561 0.0125 0.0151 0.0137 0.0079 0.0351 0.0232 0.0228 0.0138 0.0059 0.0103 0.0093 0.0216 0.0098 0.2873 0.3919 0.0102 0.0162 
      H133.7  2 0.0076 0.0307 0.0305 0.0118 0.0208 0.0057 0.0110 0.0147 0.0084 0.0059 0.0225 0.0045 0.1121 0.0299 0.0062 0.0106 0.0114 0.0360 0.5968 0.0086 0.0145 
      H133.8  2 0.0075 0.0242 0.0141 0.0087 0.0053 0.0058 0.0403 0.0065 0.1070 0.0074 0.0580 0.0048 0.0191 0.0144 0.0091 0.0068 0.0135 0.0830 0.5511 0.0065 0.0070 
      H133.9  2 0.0063 0.0221 0.0201 0.0085 0.0072 0.0070 0.0051 0.0122 0.0203 0.0125 0.0113 0.0047 0.0131 0.0075 0.0082 0.0116 0.0203 0.0308 0.7514 0.0066 0.0133 
      H147.1  2 0.0163 0.0160 0.0154 0.0551 0.0181 0.0116 0.0858 0.1623 0.0187 0.0965 0.0717 0.0044 0.2757 0.0229 0.0279 0.0479 0.0034 0.0063 0.0054 0.0282 0.0105 
      H147.2  2 0.0116 0.0052 0.0121 0.0104 0.0064 0.0040 0.0270 0.7755 0.0062 0.0176 0.0151 0.0059 0.0161 0.0057 0.0051 0.0296 0.0044 0.0075 0.0040 0.0162 0.0143 
      H147.3  2 0.0081 0.0052 0.0137 0.0074 0.0101 0.0071 0.0133 0.7644 0.0072 0.0317 0.0267 0.0032 0.0119 0.0048 0.0072 0.0449 0.0054 0.0045 0.0043 0.0106 0.0082 
      H147.4  2 0.0073 0.0194 0.0048 0.0094 0.0052 0.0056 0.0166 0.7605 0.0054 0.0707 0.0136 0.0036 0.0261 0.0079 0.0086 0.0100 0.0043 0.0034 0.0032 0.0058 0.0084 
      H147.5  2 0.0131 0.0071 0.0127 0.0844 0.0083 0.0097 0.0161 0.3397 0.0327 0.1841 0.0203 0.0083 0.0152 0.0120 0.0227 0.1555 0.0090 0.0053 0.0054 0.0214 0.0172 
      H147.6  2 0.0140 0.0091 0.0083 0.1078 0.0077 0.0110 0.0126 0.2932 0.0311 0.2728 0.0136 0.0086 0.0278 0.0123 0.0186 0.0941 0.0100 0.0049 0.0043 0.0245 0.0136 
      H147.7  2 0.0086 0.0213 0.0088 0.0064 0.0085 0.0090 0.0167 0.6447 0.0076 0.1148 0.0102 0.0040 0.0459 0.0145 0.0213 0.0265 0.0052 0.0051 0.0035 0.0110 0.0064 
      H147.8  2 0.0087 0.0322 0.0044 0.0772 0.0035 0.0061 0.0148 0.5440 0.0355 0.1581 0.0112 0.0083 0.0220 0.0146 0.0179 0.0157 0.0067 0.0043 0.0047 0.0048 0.0052 
      H147.9  2 0.0056 0.0059 0.0110 0.0047 0.0063 0.0071 0.0161 0.8076 0.0087 0.0235 0.0172 0.0044 0.0162 0.0076 0.0076 0.0125 0.0054 0.0050 0.0039 0.0134 0.0104 
      H148.1  2 0.0296 0.0303 0.0412 0.0107 0.0075 0.0068 0.0409 0.0084 0.0139 0.0313 0.0062 0.0277 0.0092 0.0104 0.0096 0.6286 0.0044 0.0359 0.0139 0.0193 0.0142 
      H148.2  2 0.0338 0.0165 0.0161 0.0053 0.0485 0.0046 0.0138 0.0083 0.0143 0.0090 0.0145 0.0101 0.0065 0.0078 0.0059 0.7494 0.0052 0.0082 0.0087 0.0077 0.0059 
      H148.3  2 0.0145 0.0341 0.0215 0.0111 0.1456 0.0126 0.3424 0.0108 0.0064 0.0148 0.0108 0.0292 0.0188 0.0257 0.0152 0.2355 0.0082 0.0097 0.0129 0.0150 0.0052 
      H148.4  2 0.0184 0.0266 0.0738 0.0104 0.0184 0.0081 0.0436 0.0074 0.0115 0.0086 0.0074 0.0842 0.0168 0.0091 0.0045 0.5845 0.0072 0.0181 0.0090 0.0220 0.0106 
      H148.5  2 0.0287 0.0181 0.0090 0.0106 0.2253 0.0102 0.0190 0.0078 0.0052 0.0308 0.0069 0.0842 0.0054 0.0113 0.0072 0.4798 0.0095 0.0081 0.0080 0.0090 0.0061 
      H148.6  2 0.0095 0.0273 0.0174 0.0077 0.0187 0.0055 0.0221 0.0067 0.0043 0.0078 0.0070 0.0113 0.0086 0.0083 0.0104 0.8001 0.0033 0.0059 0.0048 0.0097 0.0038 
      H148.7  2 0.0340 0.0182 0.0193 0.0152 0.0633 0.0069 0.0197 0.0056 0.0092 0.0122 0.0074 0.0711 0.0103 0.0179 0.0078 0.6275 0.0132 0.0076 0.0133 0.0100 0.0102 
      H148.8  2 0.0061 0.0098 0.0435 0.0074 0.0306 0.0043 0.0146 0.0048 0.0050 0.0051 0.0062 0.0096 0.0063 0.0040 0.0034 0.8165 0.0033 0.0066 0.0033 0.0055 0.0040 
      H148.9  2 0.1224 0.0670 0.0787 0.0072 0.0396 0.0249 0.0679 0.0071 0.0144 0.0124 0.0344 0.0314 0.0135 0.0636 0.0133 0.3210 0.0137 0.0129 0.0338 0.0078 0.0129 
   H166022.1  2 0.0067 0.0112 0.0115 0.7650 0.0087 0.0058 0.0122 0.0096 0.0123 0.0220 0.0103 0.0043 0.0117 0.0064 0.0427 0.0301 0.0035 0.0043 0.0051 0.0104 0.0060 
   H166022.2  2 0.0123 0.0107 0.0180 0.4672 0.0125 0.0143 0.0132 0.0356 0.0189 0.1286 0.0140 0.0157 0.0211 0.0263 0.0477 0.0288 0.0130 0.0058 0.0079 0.0638 0.0247 
   H166022.3  2 0.0044 0.0046 0.0163 0.6490 0.0076 0.0050 0.0079 0.0043 0.0141 0.0106 0.0054 0.0169 0.0048 0.0095 0.1116 0.0823 0.0079 0.0034 0.0113 0.0099 0.0132 
   H166022.4  2 0.0048 0.0046 0.0053 0.8334 0.0061 0.0043 0.0088 0.0047 0.0081 0.0085 0.0041 0.0153 0.0042 0.0062 0.0165 0.0153 0.0084 0.0038 0.0089 0.0135 0.0151 
   H166022.5  2 0.0065 0.0041 0.0055 0.7776 0.0058 0.0054 0.0100 0.0074 0.0123 0.0526 0.0034 0.0081 0.0065 0.0071 0.0180 0.0206 0.0103 0.0039 0.0074 0.0160 0.0114 
   H166022.6  2 0.0063 0.0184 0.0402 0.6720 0.0070 0.0038 0.0147 0.0057 0.0146 0.0197 0.0063 0.0074 0.0140 0.0293 0.0340 0.0462 0.0071 0.0058 0.0097 0.0149 0.0228 
   H166022.7  2 0.0053 0.0055 0.0054 0.0061 0.0049 0.0072 0.0048 0.0068 0.0098 0.0093 0.0040 0.8808 0.0071 0.0066 0.0037 0.0043 0.0052 0.0069 0.0054 0.0065 0.0042 
   H166022.8  2 0.0089 0.0073 0.0582 0.2142 0.0092 0.0055 0.0254 0.0201 0.0377 0.1715 0.0187 0.0064 0.0173 0.0126 0.0581 0.0499 0.0130 0.0139 0.0128 0.1968 0.0426 
   H167397.1  2 0.0084 0.2874 0.0045 0.0257 0.0112 0.0088 0.0180 0.0155 0.0064 0.0203 0.0059 0.0101 0.4895 0.0053 0.0046 0.0121 0.0058 0.0332 0.0060 0.0091 0.0125 
   H167397.2  2 0.0078 0.3708 0.0382 0.0125 0.0073 0.0061 0.1193 0.0286 0.0607 0.0158 0.0221 0.0138 0.1374 0.0096 0.0318 0.0455 0.0063 0.0219 0.0150 0.0185 0.0111 
   H167397.3  2 0.0130 0.4842 0.0085 0.0163 0.0090 0.0096 0.0115 0.0265 0.0109 0.0101 0.0044 0.0050 0.3288 0.0061 0.0079 0.0082 0.0061 0.0151 0.0067 0.0076 0.0044 
   H167397.4  2 0.0088 0.5597 0.0109 0.0144 0.0218 0.0064 0.0967 0.0304 0.0279 0.0155 0.0421 0.0132 0.0239 0.0406 0.0186 0.0270 0.0091 0.0037 0.0138 0.0089 0.0065 
   H167397.5  2 0.0059 0.4350 0.0108 0.0208 0.0074 0.0067 0.0669 0.0204 0.0126 0.0218 0.0059 0.0209 0.2538 0.0060 0.0110 0.0278 0.0071 0.0251 0.0092 0.0111 0.0138 
   H167397.6  2 0.0337 0.4999 0.0179 0.0188 0.0122 0.0129 0.0129 0.0227 0.0146 0.0065 0.0096 0.0064 0.2583 0.0073 0.0063 0.0094 0.0121 0.0077 0.0151 0.0103 0.0053 
   H167496.1  2 0.0237 0.0074 0.0118 0.2770 0.2108 0.0139 0.0396 0.0130 0.0242 0.0162 0.0057 0.0082 0.0074 0.0126 0.0227 0.1038 0.0161 0.0117 0.1017 0.0402 0.0324 
   H167496.2  2 0.0926 0.0166 0.0218 0.0474 0.1366 0.0335 0.0128 0.0648 0.0398 0.0236 0.0153 0.0791 0.0138 0.0466 0.0087 0.0554 0.0076 0.0179 0.0524 0.1171 0.0966 
   H167496.3  2 0.0071 0.0089 0.0516 0.0903 0.0238 0.0323 0.0350 0.0361 0.0161 0.0067 0.0977 0.0051 0.0093 0.0294 0.0562 0.3931 0.0175 0.0078 0.0251 0.0161 0.0349 
   H167496.4  2 0.0065 0.0044 0.0049 0.8791 0.0044 0.0067 0.0056 0.0101 0.0099 0.0075 0.0069 0.0052 0.0044 0.0067 0.0072 0.0060 0.0054 0.0033 0.0049 0.0066 0.0044 
   H167496.6  2 0.0117 0.0052 0.0060 0.7834 0.0055 0.0101 0.0096 0.0195 0.0108 0.0113 0.0087 0.0069 0.0074 0.0075 0.0059 0.0078 0.0110 0.0050 0.0076 0.0407 0.0185 
   H167496.7  2 0.0285 0.0054 0.0700 0.0242 0.0231 0.0163 0.0474 0.0111 0.0253 0.0116 0.0045 0.0042 0.1753 0.0218 0.0236 0.3243 0.0157 0.0106 0.0219 0.0668 0.0683 
   H167496.8  2 0.0273 0.0067 0.0083 0.7620 0.0067 0.0098 0.0092 0.0220 0.0139 0.0167 0.0059 0.0068 0.0130 0.0128 0.0064 0.0100 0.0064 0.0053 0.0099 0.0313 0.0097 
   H167513.1  2 0.0110 0.0085 0.0068 0.0069 0.0046 0.0039 0.0068 0.0057 0.0112 0.0069 0.0063 0.0099 0.0108 0.8386 0.0089 0.0130 0.0057 0.0073 0.0091 0.0121 0.0062 
   H167513.2  2 0.0150 0.0183 0.0184 0.0133 0.0174 0.0063 0.0091 0.0069 0.0055 0.0059 0.0067 0.0046 0.0198 0.7905 0.0054 0.0104 0.0056 0.0094 0.0110 0.0092 0.0112 
   H167513.3  2 0.0099 0.0077 0.0055 0.0075 0.0065 0.0145 0.0061 0.0088 0.0108 0.0271 0.0049 0.0053 0.0145 0.7967 0.0140 0.0148 0.0093 0.0060 0.0170 0.0076 0.0056 
   H167513.4  2 0.0237 0.0080 0.0114 0.0181 0.0130 0.0049 0.0088 0.0098 0.0077 0.0139 0.0070 0.0104 0.0249 0.5047 0.0625 0.0278 0.0077 0.0108 0.2017 0.0152 0.0080 
   H167513.5  2 0.0086 0.0126 0.0067 0.0126 0.0077 0.0037 0.0067 0.0042 0.0051 0.0060 0.0070 0.0041 0.0135 0.8453 0.0065 0.0075 0.0041 0.0158 0.0062 0.0074 0.0086 
   H167513.6  2 0.0156 0.0090 0.0089 0.0219 0.0130 0.0091 0.0081 0.0085 0.0094 0.0338 0.0058 0.0072 0.0154 0.7604 0.0175 0.0118 0.0048 0.0075 0.0086 0.0147 0.0089 
   H167513.7  2 0.0093 0.0235 0.0058 0.0070 0.0031 0.0052 0.0055 0.0095 0.0105 0.0089 0.0071 0.0050 0.0071 0.8022 0.0238 0.0097 0.0056 0.0082 0.0280 0.0081 0.0068 
   H167513.8  2 0.0080 0.0133 0.0031 0.0050 0.0044 0.0050 0.0046 0.0065 0.0044 0.0222 0.0037 0.0074 0.0106 0.8424 0.0052 0.0082 0.0063 0.0137 0.0114 0.0069 0.0078 
   H167547.1  2 0.0062 0.0194 0.1504 0.0176 0.0808 0.0162 0.0091 0.0067 0.0093 0.0073 0.0071 0.0147 0.2513 0.0120 0.0240 0.2718 0.0207 0.0146 0.0119 0.0295 0.0194 
   H167547.2  2 0.0042 0.0087 0.0156 0.0270 0.0169 0.0054 0.0211 0.0037 0.0042 0.0078 0.0068 0.0032 0.7968 0.0057 0.0194 0.0157 0.0063 0.0063 0.0057 0.0055 0.0140 
   H167547.3  2 0.0047 0.0083 0.0197 0.0207 0.0156 0.0060 0.0185 0.0043 0.0043 0.0066 0.0077 0.0030 0.7879 0.0061 0.0249 0.0225 0.0083 0.0055 0.0062 0.0055 0.0138 
   H167547.4  2 0.0064 0.0263 0.0891 0.1888 0.0107 0.0224 0.0124 0.0070 0.0140 0.0104 0.0155 0.0122 0.0392 0.0350 0.1982 0.1701 0.0316 0.0598 0.0132 0.0129 0.0249 
   H167547.5  2 0.0127 0.0100 0.0068 0.4109 0.2756 0.0113 0.0442 0.0104 0.0042 0.0191 0.0062 0.0061 0.0751 0.0105 0.0122 0.0101 0.0162 0.0252 0.0086 0.0066 0.0180 
   H167547.6  2 0.0148 0.0106 0.0053 0.4453 0.2640 0.0137 0.0517 0.0086 0.0052 0.0200 0.0067 0.0056 0.0527 0.0097 0.0136 0.0096 0.0094 0.0258 0.0065 0.0062 0.0150 
   H167547.7  2 0.0156 0.0177 0.1375 0.0157 0.1016 0.0927 0.0360 0.0221 0.0186 0.0162 0.0590 0.0410 0.0379 0.1105 0.0263 0.1126 0.0220 0.0234 0.0452 0.0269 0.0217 
   H169750.1  2 0.0089 0.0112 0.0550 0.1274 0.0172 0.0173 0.0094 0.0073 0.0799 0.0118 0.0148 0.0113 0.0061 0.0199 0.0272 0.0194 0.0127 0.0241 0.4220 0.0479 0.0491 
   H169750.2  2 0.0060 0.0434 0.0831 0.0292 0.0119 0.0130 0.1517 0.0668 0.0135 0.0681 0.0156 0.0181 0.0729 0.0963 0.0070 0.0515 0.0493 0.0522 0.1086 0.0264 0.0154 
   H169750.3  2 0.0041 0.0042 0.0118 0.0409 0.0107 0.0110 0.0083 0.0097 0.0434 0.0471 0.0251 0.0248 0.0051 0.0826 0.0055 0.0086 0.0212 0.0261 0.5766 0.0151 0.0181 
   H169750.4  2 0.0209 0.0722 0.0955 0.0618 0.0267 0.0149 0.0398 0.0155 0.0367 0.0112 0.0128 0.0127 0.0111 0.0645 0.0050 0.0402 0.0625 0.0361 0.1728 0.1652 0.0218 
   H169750.5  2 0.0045 0.0052 0.0177 0.0485 0.0046 0.0069 0.0074 0.0151 0.1417 0.0129 0.0092 0.0054 0.0063 0.0144 0.0232 0.0086 0.0073 0.0124 0.6286 0.0067 0.0134 
   H169750.6  2 0.0083 0.0096 0.0325 0.0856 0.0086 0.0266 0.0131 0.1775 0.0670 0.0270 0.0230 0.0332 0.0221 0.0308 0.0143 0.0249 0.0244 0.0882 0.2235 0.0123 0.0474 
   H169750.7  2 0.0110 0.0215 0.0325 0.0346 0.0121 0.0195 0.0965 0.0216 0.0555 0.0166 0.0384 0.0326 0.0294 0.2057 0.0072 0.0584 0.0472 0.0353 0.1209 0.0881 0.0156 
   H171929.1  2 0.0061 0.0206 0.0078 0.0052 0.0147 0.0063 0.0039 0.0055 0.0072 0.0038 0.0206 0.0043 0.0075 0.8492 0.0057 0.0053 0.0063 0.0056 0.0062 0.0037 0.0044 
  H171929.10  2 0.0081 0.0167 0.0184 0.0193 0.0200 0.0060 0.0107 0.0082 0.0115 0.0128 0.0260 0.0048 0.0141 0.7627 0.0110 0.0075 0.0052 0.0090 0.0121 0.0062 0.0097 
  H171929.11  2 0.0051 0.0191 0.0074 0.0076 0.0080 0.0059 0.0083 0.0089 0.0068 0.0045 0.0147 0.0050 0.0125 0.8461 0.0035 0.0059 0.0055 0.0073 0.0079 0.0046 0.0053 
   H171929.2  2 0.0052 0.0059 0.0106 0.0063 0.0151 0.0044 0.0046 0.0063 0.0051 0.0054 0.0074 0.0040 0.0080 0.7058 0.0075 0.0108 0.0053 0.0214 0.1500 0.0045 0.0066 
   H171929.3  2 0.0042 0.0067 0.0061 0.0065 0.0074 0.0053 0.0072 0.0089 0.0061 0.0063 0.0069 0.0042 0.0114 0.8644 0.0069 0.0065 0.0055 0.0061 0.0149 0.0040 0.0047 
   H171929.4  2 0.0032 0.0048 0.0399 0.0204 0.0105 0.0123 0.0107 0.0130 0.0106 0.0072 0.0252 0.0070 0.0103 0.7456 0.0166 0.0083 0.0117 0.0084 0.0169 0.0076 0.0100 
   H171929.5  2 0.0056 0.0092 0.0082 0.0040 0.0060 0.0054 0.0045 0.0044 0.0124 0.0081 0.0075 0.0061 0.0134 0.8489 0.0047 0.0081 0.0065 0.0071 0.0214 0.0042 0.0044 
   H171929.6  2 0.0051 0.0074 0.0071 0.0035 0.0054 0.0045 0.0051 0.0034 0.0058 0.0052 0.0051 0.0058 0.0082 0.8827 0.0051 0.0063 0.0042 0.0076 0.0142 0.0033 0.0048 
   H171929.7  2 0.0038 0.0043 0.0112 0.0039 0.0058 0.0064 0.0058 0.0057 0.0065 0.0039 0.0184 0.0036 0.0068 0.8769 0.0044 0.0055 0.0069 0.0047 0.0056 0.0039 0.0059 
   H171929.8  2 0.0047 0.0046 0.0270 0.0078 0.0168 0.0060 0.0054 0.0065 0.0058 0.0054 0.0264 0.0041 0.0057 0.8243 0.0062 0.0062 0.0057 0.0097 0.0087 0.0046 0.0083 
   H171929.9  2 0.0041 0.0030 0.0212 0.0096 0.0044 0.0071 0.0076 0.0105 0.0132 0.0087 0.0380 0.0051 0.0074 0.8030 0.0066 0.0046 0.0041 0.0087 0.0143 0.0074 0.0112 
   H171930.1  2 0.0094 0.0266 0.0074 0.0227 0.0142 0.0280 0.0103 0.0066 0.0085 0.5891 0.0029 0.0169 0.0230 0.1373 0.0031 0.0060 0.0333 0.0243 0.0089 0.0110 0.0105 
   H171930.2  2 0.0086 0.0070 0.0113 0.0617 0.0183 0.0517 0.0231 0.0107 0.0110 0.6142 0.0112 0.0186 0.0210 0.0144 0.0083 0.0132 0.0170 0.0393 0.0169 0.0109 0.0116 
   H171930.3  2 0.0080 0.0144 0.0067 0.0213 0.0105 0.0109 0.0188 0.0067 0.0080 0.7950 0.0059 0.0121 0.0124 0.0077 0.0087 0.0055 0.0195 0.0060 0.0070 0.0053 0.0096 
   H171930.4  2 0.0084 0.0078 0.0049 0.0544 0.0070 0.0082 0.0497 0.0056 0.0080 0.7338 0.0037 0.0232 0.0172 0.0070 0.0075 0.0061 0.0174 0.0057 0.0097 0.0080 0.0068 
