      H008.1  2 0.0154 0.9366 0.0093 0.0146 0.0135 0.0105 
      H008.2  2 0.1314 0.2408 0.4304 0.1306 0.0126 0.0542 
      H008.3  2 0.2958 0.1787 0.1305 0.1577 0.0512 0.1861 
      H008.4  2 0.0157 0.8390 0.0760 0.0194 0.0341 0.0158 
      H008.5  2 0.0217 0.8977 0.0175 0.0195 0.0179 0.0257 
      H008.6  2 0.0751 0.4948 0.2931 0.0978 0.0203 0.0188 
      H008.7  2 0.0638 0.6229 0.1905 0.0297 0.0458 0.0473 
      H008.8  2 0.0203 0.4460 0.2259 0.2635 0.0223 0.0220 
      H008.9  2 0.0273 0.0290 0.8263 0.0851 0.0153 0.0171 
 H029.1_2002  2 0.0088 0.9155 0.0185 0.0169 0.0147 0.0257 
 H029.1_2003  2 0.0543 0.7286 0.0895 0.0336 0.0305 0.0635 
 H029.2_2002  2 0.0271 0.8841 0.0288 0.0138 0.0156 0.0306 
 H029.2_2003  2 0.0741 0.7415 0.0804 0.0425 0.0162 0.0452 
 H029.3_2002  2 0.0464 0.5088 0.2384 0.0288 0.0137 0.1639 
 H029.3_2003  2 0.0282 0.9135 0.0126 0.0062 0.0153 0.0243 
 H029.4_2002  2 0.0072 0.9437 0.0159 0.0053 0.0142 0.0136 
 H029.4_2003  2 0.0285 0.8320 0.0522 0.0181 0.0222 0.0470 
 H029.5_2002  2 0.0066 0.9398 0.0105 0.0074 0.0190 0.0167 
 H029.5_2003  2 0.0247 0.9255 0.0213 0.0099 0.0094 0.0093 
 H029.6_2002  2 0.0095 0.8270 0.0424 0.0073 0.0128 0.1010 
 H029.6_2003  2 0.0606 0.8211 0.0243 0.0229 0.0451 0.0261 
      H029.7  2 0.0092 0.9389 0.0176 0.0140 0.0092 0.0111 
      H030.1  2 0.0266 0.0275 0.0096 0.0139 0.0260 0.8964 
      H030.2  2 0.0341 0.1029 0.0868 0.0129 0.0702 0.6931 
      H038.1  2 0.0091 0.9239 0.0382 0.0107 0.0086 0.0095 
      H038.2  2 0.0118 0.9507 0.0081 0.0052 0.0104 0.0139 
      H038.3  2 0.0156 0.9109 0.0319 0.0105 0.0176 0.0136 
      H038.4  2 0.0090 0.9229 0.0303 0.0071 0.0197 0.0110 
      H038.5  2 0.0195 0.8831 0.0416 0.0077 0.0120 0.0360 
      H038.6  2 0.0111 0.9480 0.0147 0.0073 0.0057 0.0131 
      H038.7  2 0.0083 0.9596 0.0127 0.0062 0.0067 0.0065 
      H038.8  2 0.0110 0.8778 0.0677 0.0074 0.0181 0.0180 
      H041.1  2 0.0227 0.6688 0.0410 0.0185 0.1126 0.1363 
      H041.2  2 0.0121 0.5020 0.0615 0.0153 0.3478 0.0613 
      H041.4  2 0.0144 0.7974 0.0649 0.0263 0.0496 0.0474 
      H041.6  2 0.0111 0.8128 0.0239 0.0474 0.0592 0.0456 
 H042.1_2002  2 0.0643 0.0381 0.0216 0.0584 0.1674 0.6502 
 H042.1_2003  2 0.1258 0.1976 0.3873 0.0900 0.1598 0.0396 
 H042.2_2002  2 0.0519 0.8750 0.0160 0.0072 0.0244 0.0254 
 H042.2_2003  2 0.0236 0.3315 0.0120 0.0326 0.5714 0.0289 
 H042.3_2002  2 0.2419 0.0751 0.0401 0.0508 0.2299 0.3621 
 H042.3_2003  2 0.1357 0.5522 0.0381 0.0331 0.1764 0.0645 
 H042.4_2002  2 0.0334 0.0644 0.0441 0.0226 0.0938 0.7418 
 H042.4_2003  2 0.0223 0.2793 0.0110 0.1069 0.0793 0.5012 
      H042.5  2 0.0166 0.0206 0.0062 0.0225 0.0281 0.9061 
      H042.6  2 0.0280 0.0889 0.0120 0.0632 0.0256 0.7822 
      H042.7  2 0.0227 0.0976 0.0072 0.0241 0.6037 0.2447 
      H042.8  2 0.0468 0.1903 0.0512 0.0292 0.1221 0.5604 
   H042_2002  2 0.0336 0.5226 0.0400 0.2793 0.1052 0.0194 
   H042_2003  2 0.0468 0.4694 0.0439 0.2977 0.1203 0.0219 
      H043.1  2 0.0981 0.1930 0.5474 0.0937 0.0305 0.0372 
      H043.2  2 0.0142 0.0586 0.5680 0.3310 0.0213 0.0070 
      H043.3  2 0.0381 0.7574 0.0702 0.1080 0.0155 0.0108 
      H043.4  2 0.0291 0.3271 0.1657 0.4437 0.0232 0.0112 
      H043.5  2 0.0164 0.1327 0.7830 0.0390 0.0199 0.0091 
      H043.6  2 0.0267 0.3535 0.5015 0.0801 0.0253 0.0130 
      H043.7  2 0.0169 0.0832 0.2174 0.6469 0.0273 0.0082 
      H043.8  2 0.0580 0.1362 0.4022 0.2896 0.0716 0.0424 
      H043.9  2 0.0380 0.4894 0.2840 0.1118 0.0278 0.0490 
      H047.1  2 0.0242 0.9204 0.0090 0.0214 0.0183 0.0067 
      H047.2  2 0.0779 0.8108 0.0132 0.0280 0.0394 0.0306 
      H047.3  2 0.0601 0.8048 0.0110 0.0297 0.0721 0.0222 
      H047.4  2 0.0177 0.8502 0.0098 0.0229 0.0856 0.0138 
      H047.5  2 0.0274 0.8770 0.0056 0.0220 0.0578 0.0102 
      H047.6  2 0.0450 0.6927 0.0365 0.0714 0.1265 0.0279 
      H047.7  2 0.0187 0.9162 0.0094 0.0126 0.0338 0.0092 
      H047.8  2 0.0507 0.7294 0.0200 0.0713 0.1083 0.0203 
      H047.9  2 0.0313 0.8986 0.0057 0.0156 0.0384 0.0105 
 H071.1_2002  2 0.0109 0.9511 0.0066 0.0135 0.0084 0.0095 
 H071.1_2003  2 0.0134 0.7353 0.0174 0.1860 0.0189 0.0289 
     H071.10  2 0.0114 0.9427 0.0098 0.0065 0.0093 0.0203 
 H071.2_2002  2 0.0094 0.9472 0.0107 0.0152 0.0097 0.0078 
 H071.2_2003  2 0.0059 0.9652 0.0054 0.0093 0.0061 0.0081 
      H071.3  2 0.0095 0.9355 0.0145 0.0070 0.0150 0.0185 
 H071.4_2002  2 0.0164 0.9306 0.0181 0.0112 0.0121 0.0116 
 H071.4_2003  2 0.0085 0.9686 0.0049 0.0058 0.0056 0.0067 
 H071.5_2002  2 0.0080 0.9613 0.0060 0.0081 0.0062 0.0104 
 H071.5_2003  2 0.0130 0.9458 0.0069 0.0095 0.0139 0.0109 
 H071.6_2002  2 0.0088 0.9611 0.0086 0.0069 0.0064 0.0082 
 H071.6_2003  2 0.0106 0.9534 0.0055 0.0118 0.0079 0.0108 
 H071.7_2002  2 0.0059 0.9669 0.0060 0.0099 0.0062 0.0051 
 H071.7_2003  2 0.0120 0.9404 0.0056 0.0160 0.0135 0.0125 
      H071.8  2 0.0065 0.9557 0.0103 0.0128 0.0081 0.0066 
      H071.9  2 0.0129 0.8897 0.0424 0.0155 0.0187 0.0208 
 H081.1_2002  2 0.0067 0.9625 0.0059 0.0095 0.0066 0.0088 
 H081.1_2003  2 0.0235 0.0789 0.7107 0.0963 0.0279 0.0627 
 H081.2_2002  2 0.0068 0.9465 0.0076 0.0237 0.0088 0.0065 
 H081.2_2003  2 0.0262 0.0500 0.0607 0.0806 0.0175 0.7650 
 H081.3_2002  2 0.0089 0.9325 0.0100 0.0252 0.0106 0.0128 
 H081.3_2003  2 0.0417 0.0581 0.1869 0.5374 0.0238 0.1521 
 H081.4_2002  2 0.0105 0.9506 0.0077 0.0104 0.0103 0.0105 
 H081.4_2003  2 0.0788 0.0540 0.0852 0.4696 0.0594 0.2529 
 H081.5_2002  2 0.0097 0.9409 0.0085 0.0165 0.0088 0.0155 
 H081.5_2003  2 0.0326 0.1435 0.1062 0.5395 0.0861 0.0920 
      H081.6  2 0.0074 0.9601 0.0065 0.0114 0.0067 0.0080 
      H081.7  2 0.0082 0.9281 0.0069 0.0347 0.0095 0.0125 
      H081.8  2 0.0118 0.8666 0.0425 0.0143 0.0157 0.0491 
      H083.1  2 0.0098 0.9270 0.0164 0.0080 0.0079 0.0308 
      H083.2  2 0.0114 0.9395 0.0086 0.0132 0.0079 0.0194 
      H083.4  2 0.0099 0.9310 0.0178 0.0099 0.0084 0.0231 
      H083.5  2 0.0085 0.9113 0.0237 0.0111 0.0111 0.0343 
      H083.6  2 0.0135 0.9114 0.0193 0.0107 0.0102 0.0349 
      H083.7  2 0.0089 0.9228 0.0154 0.0105 0.0159 0.0264 
      H083.8  2 0.0102 0.9506 0.0079 0.0121 0.0073 0.0119 
      H083.9  2 0.0066 0.9242 0.0117 0.0075 0.0122 0.0378 
      H084.1  2 0.0386 0.0265 0.3780 0.0252 0.0704 0.4614 
      H084.2  2 0.0559 0.0290 0.3010 0.0136 0.0180 0.5824 
      H084.3  2 0.0378 0.0139 0.4898 0.0177 0.3320 0.1087 
      H084.4  2 0.0346 0.0187 0.6299 0.0202 0.2085 0.0881 
      H084.5  2 0.0243 0.0176 0.4030 0.0149 0.4030 0.1371 
      H084.6  2 0.0184 0.0149 0.6073 0.0203 0.2230 0.1161 
      H084.7  2 0.0439 0.0270 0.1480 0.0129 0.0369 0.7313 
      H084.8  2 0.0215 0.0104 0.4256 0.0120 0.3489 0.1816 
 H085.1_2002  2 0.0128 0.2016 0.0285 0.6394 0.0095 0.1082 
 H085.1_2003  2 0.0173 0.7585 0.0400 0.0301 0.0227 0.1314 
 H085.2_2002  2 0.0158 0.0345 0.0586 0.6826 0.0187 0.1899 
 H085.2_2003  2 0.0276 0.7311 0.0296 0.0337 0.0179 0.1601 
 H085.3_2002  2 0.0114 0.0502 0.0080 0.8541 0.0324 0.0439 
 H085.3_2003  2 0.0213 0.9013 0.0070 0.0229 0.0202 0.0273 
 H085.4_2002  2 0.0185 0.2976 0.0654 0.5234 0.0237 0.0714 
 H085.4_2003  2 0.0113 0.8615 0.0104 0.0266 0.0361 0.0542 
 H085.5_2002  2 0.0095 0.0586 0.0078 0.8978 0.0180 0.0084 
 H085.5_2003  2 0.0170 0.7943 0.0115 0.0199 0.0096 0.1476 
 H085.6_2002  2 0.0090 0.0328 0.0168 0.8843 0.0136 0.0433 
 H085.6_2003  2 0.0411 0.2716 0.0144 0.3385 0.3092 0.0252 
 H085.7_2002  2 0.0123 0.0435 0.0151 0.8247 0.0128 0.0917 
 H085.7_2003  2 0.0170 0.9130 0.0145 0.0159 0.0239 0.0157 
 H085.8_2002  2 0.0148 0.0516 0.0147 0.8355 0.0534 0.0299 
 H085.8_2003  2 0.0215 0.3174 0.0228 0.0623 0.0657 0.5103 
      H085.9  2 0.0108 0.2132 0.0377 0.6659 0.0199 0.0525 
      H088.1  2 0.0482 0.0206 0.0319 0.0499 0.0341 0.8153 
      H088.2  2 0.0293 0.0207 0.0143 0.0462 0.0683 0.8212 
      H088.3  2 0.0223 0.0135 0.0113 0.0269 0.0150 0.9110 
      H088.4  2 0.0273 0.0287 0.0204 0.0158 0.0268 0.8811 
      H088.5  2 0.0161 0.0135 0.0125 0.0148 0.0218 0.9213 
      H088.6  2 0.0209 0.0299 0.0158 0.0142 0.0357 0.8836 
      H088.7  2 0.0236 0.2572 0.0425 0.0255 0.0655 0.5857 
      H088.8  2 0.0470 0.2427 0.0692 0.0182 0.0663 0.5565 
      H091.1  2 0.0328 0.0404 0.0140 0.0145 0.0435 0.8548 
      H091.2  2 0.0356 0.1476 0.0092 0.0129 0.0910 0.7038 
      H109.1  2 0.1238 0.1058 0.4672 0.0525 0.0709 0.1798 
      H109.2  2 0.0621 0.2537 0.0510 0.0309 0.1439 0.4583 
      H109.3  2 0.2665 0.2244 0.0591 0.0181 0.3242 0.1076 
      H109.4  2 0.2371 0.1085 0.2909 0.0451 0.1633 0.1552 
      H109.5  2 0.0273 0.4671 0.0082 0.0163 0.4212 0.0600 
      H109.6  2 0.0778 0.1880 0.2698 0.0816 0.1547 0.2280 
      H126.1  2 0.2062 0.0706 0.0308 0.6012 0.0758 0.0155 
      H126.2  2 0.0415 0.8076 0.0534 0.0576 0.0224 0.0176 
      H126.3  2 0.0248 0.9107 0.0233 0.0217 0.0125 0.0071 
      H126.4  2 0.1911 0.4471 0.0510 0.2635 0.0226 0.0248 
      H126.5  2 0.0473 0.7680 0.0115 0.1449 0.0182 0.0100 
      H126.6  2 0.0094 0.9385 0.0063 0.0311 0.0068 0.0079 
      H126.7  2 0.0118 0.9534 0.0045 0.0130 0.0072 0.0102 
      H130.1  2 0.0251 0.0118 0.0144 0.8903 0.0215 0.0370 
      H130.2  2 0.0676 0.0549 0.0384 0.1260 0.0273 0.6858 
      H130.3  2 0.7112 0.0386 0.0087 0.0528 0.0088 0.1799 
      H130.4  2 0.1886 0.0107 0.0679 0.6431 0.0207 0.0690 
      H130.5  2 0.0254 0.0625 0.0132 0.3777 0.0289 0.4922 
      H133.1  2 0.2665 0.1306 0.2750 0.1214 0.0787 0.1278 
      H133.2  2 0.0455 0.0600 0.0793 0.6866 0.0395 0.0891 
      H133.3  2 0.1248 0.3045 0.2141 0.1218 0.1631 0.0716 
      H133.4  2 0.1363 0.0649 0.5009 0.1706 0.0676 0.0597 
      H133.5  2 0.2974 0.0269 0.1142 0.4239 0.0116 0.1259 
      H133.6  2 0.0862 0.0443 0.0420 0.5279 0.0346 0.2650 
      H133.7  2 0.0453 0.0745 0.1398 0.0787 0.6491 0.0126 
      H133.8  2 0.2006 0.0480 0.3734 0.2308 0.1070 0.0403 
      H133.9  2 0.4373 0.0748 0.1774 0.0784 0.0506 0.1816 
      H147.1  2 0.0070 0.4714 0.0354 0.0686 0.2143 0.2033 
      H147.2  2 0.0068 0.9358 0.0101 0.0194 0.0105 0.0174 
      H147.3  2 0.0086 0.9197 0.0071 0.0248 0.0138 0.0260 
      H147.4  2 0.0117 0.8594 0.0401 0.0175 0.0163 0.0549 
      H147.5  2 0.0190 0.2628 0.0120 0.0227 0.0167 0.6668 
      H147.6  2 0.0268 0.2550 0.0116 0.0156 0.0193 0.6716 
      H147.7  2 0.0102 0.8443 0.0439 0.0137 0.0340 0.0539 
      H147.8  2 0.0090 0.4946 0.0442 0.0078 0.0121 0.4323 
      H147.9  2 0.0083 0.9252 0.0088 0.0240 0.0135 0.0202 
      H148.1  2 0.0343 0.0247 0.4431 0.2322 0.1335 0.1323 
      H148.2  2 0.0196 0.0420 0.5016 0.1646 0.2437 0.0285 
      H148.3  2 0.0110 0.0180 0.1474 0.0171 0.7877 0.0188 
      H148.4  2 0.0263 0.0291 0.4621 0.1758 0.2833 0.0233 
      H148.5  2 0.0334 0.0194 0.4151 0.0292 0.4222 0.0807 
      H148.6  2 0.0103 0.0168 0.5911 0.0482 0.2694 0.0643 
      H148.7  2 0.0897 0.0179 0.5150 0.0595 0.2775 0.0405 
      H148.8  2 0.0149 0.0132 0.3610 0.0652 0.5210 0.0246 
      H148.9  2 0.0718 0.0164 0.5211 0.1511 0.2054 0.0342 
   H166022.1  2 0.0073 0.0124 0.0104 0.0111 0.0130 0.9458 
   H166022.2  2 0.0180 0.0318 0.0214 0.0205 0.0234 0.8849 
   H166022.3  2 0.0127 0.0062 0.0089 0.0104 0.0095 0.9522 
   H166022.4  2 0.0175 0.0075 0.0094 0.0058 0.0074 0.9524 
   H166022.5  2 0.0135 0.0126 0.0100 0.0073 0.0081 0.9484 
   H166022.6  2 0.0120 0.0084 0.0187 0.0187 0.0120 0.9303 
   H166022.7  2 0.0201 0.0132 0.9352 0.0107 0.0075 0.0131 
   H166022.8  2 0.0161 0.0136 0.0112 0.0894 0.0180 0.8517 
   H167397.1  2 0.0108 0.0704 0.7273 0.0178 0.1299 0.0438 
   H167397.2  2 0.0180 0.0316 0.7529 0.1283 0.0305 0.0387 
   H167397.3  2 0.0097 0.0918 0.7620 0.0192 0.0893 0.0280 
   H167397.4  2 0.0111 0.0256 0.8892 0.0131 0.0408 0.0202 
   H167397.5  2 0.0155 0.0181 0.9014 0.0205 0.0241 0.0204 
   H167397.6  2 0.0143 0.0840 0.7430 0.0183 0.1204 0.0200 
   H167496.1  2 0.1154 0.0432 0.0123 0.0322 0.4558 0.3410 
   H167496.2  2 0.0538 0.4604 0.0438 0.0679 0.3384 0.0357 
   H167496.3  2 0.0613 0.0780 0.0151 0.4398 0.1322 0.2735 
   H167496.4  2 0.0134 0.0299 0.0088 0.0125 0.0115 0.9238 
   H167496.6  2 0.0451 0.0760 0.0098 0.0358 0.0267 0.8067 
   H167496.7  2 0.1436 0.0391 0.0094 0.1443 0.5780 0.0856 
   H167496.8  2 0.0201 0.0925 0.0154 0.0218 0.0811 0.7691 
   H167513.1  2 0.1728 0.0486 0.2311 0.3612 0.0970 0.0893 
   H167513.2  2 0.0686 0.0287 0.1877 0.1011 0.5834 0.0306 
   H167513.3  2 0.6520 0.0196 0.0222 0.0175 0.0343 0.2544 
   H167513.4  2 0.0899 0.0233 0.0444 0.0552 0.1696 0.6176 
   H167513.5  2 0.0719 0.0662 0.3525 0.2025 0.2671 0.0397 
   H167513.6  2 0.0699 0.0663 0.0848 0.2665 0.2638 0.2487 
   H167513.7  2 0.1717 0.0470 0.1538 0.0467 0.0256 0.5553 
   H167513.8  2 0.4869 0.0405 0.2804 0.0460 0.0583 0.0879 
   H167547.1  2 0.0256 0.0080 0.0314 0.0454 0.8676 0.0220 
   H167547.2  2 0.0144 0.0137 0.0164 0.0186 0.8943 0.0425 
   H167547.3  2 0.0113 0.0077 0.0119 0.0161 0.9210 0.0319 
   H167547.4  2 0.0687 0.0149 0.0696 0.1268 0.1945 0.5255 
   H167547.5  2 0.0132 0.0131 0.0089 0.0151 0.8536 0.0961 
   H167547.6  2 0.0163 0.0131 0.0117 0.0155 0.8484 0.0951 
   H167547.7  2 0.0748 0.0622 0.0784 0.4789 0.2493 0.0564 
   H169750.1  2 0.5680 0.0335 0.0220 0.1602 0.0574 0.1589 
   H169750.2  2 0.2298 0.2113 0.1561 0.1969 0.1395 0.0664 
   H169750.3  2 0.5634 0.0768 0.0102 0.1338 0.1085 0.1073 
   H169750.4  2 0.3380 0.0584 0.2078 0.2632 0.1111 0.0215 
   H169750.5  2 0.3746 0.1890 0.0347 0.1404 0.0530 0.2083 
   H169750.6  2 0.1295 0.6120 0.0259 0.0935 0.0230 0.1161 
   H169750.7  2 0.5792 0.0763 0.0375 0.1752 0.1037 0.0281 
   H171929.1  2 0.0138 0.0294 0.7277 0.1198 0.0973 0.0120 
  H171929.10  2 0.0212 0.0991 0.2405 0.1560 0.2472 0.2360 
  H171929.11  2 0.0686 0.0441 0.5358 0.1147 0.2062 0.0304 
   H171929.2  2 0.1150 0.0273 0.0472 0.1561 0.6114 0.0429 
   H171929.3  2 0.0743 0.0473 0.2858 0.0573 0.4889 0.0464 
   H171929.4  2 0.1234 0.0513 0.0153 0.4200 0.1506 0.2395 
   H171929.5  2 0.1041 0.0267 0.4796 0.0684 0.2639 0.0571 
   H171929.6  2 0.0558 0.0201 0.6986 0.0576 0.1319 0.0359 
   H171929.7  2 0.0519 0.0615 0.0404 0.7541 0.0701 0.0220 
   H171929.8  2 0.0288 0.0256 0.0297 0.7692 0.1072 0.0395 
   H171929.9  2 0.0356 0.0615 0.0111 0.7258 0.0323 0.1336 
   H171930.1  2 0.4821 0.0340 0.1735 0.0129 0.2101 0.0875 
   H171930.2  2 0.1000 0.0404 0.0233 0.0283 0.1025 0.7055 
   H171930.3  2 0.2607 0.0266 0.4791 0.0104 0.1162 0.1071 
   H171930.4  2 0.2674 0.0127 0.0457 0.0080 0.1256 0.5405 
   H171930.5  2 0.4163 0.1532 0.0527 0.0425 0.1079 0.2274 
   H171930.6  2 0.3820 0.1643 0.0191 0.0102 0.1274 0.2971 
   H171930.7  2 0.0242 0.0250 0.8968 0.0103 0.0226 0.0211 
   H171930.8  2 0.0229 0.0215 0.8335 0.0180 0.0552 0.0490 
   H171933.1  2 0.0109 0.0085 0.0143 0.0168 0.0168 0.9326 
   H171933.2  2 0.0146 0.0255 0.0510 0.0230 0.0637 0.8223 
   H171933.3  2 0.0134 0.0083 0.0107 0.0149 0.0501 0.9026 
   H171933.4  2 0.0265 0.0093 0.0054 0.0328 0.0249 0.9011 
   H171933.5  2 0.1716 0.0091 0.0149 0.0694 0.2831 0.4520 
   H171933.6  2 0.0109 0.0317 0.0072 0.0098 0.0138 0.9266 
   H171933.7  2 0.0241 0.0138 0.0124 0.0241 0.0228 0.9028 
   H171933.8  2 0.0275 0.0132 0.0337 0.0936 0.0850 0.7469 
   H171933.9  2 0.0170 0.0074 0.0050 0.0129 0.0110 0.9466 
      H190.1  2 0.6120 0.0449 0.0123 0.0396 0.0802 0.2109 
      H190.2  2 0.0126 0.0625 0.0083 0.0269 0.8789 0.0108 
      H190.3  2 0.0408 0.0342 0.0136 0.1250 0.7327 0.0537 
      H190.4  2 0.0986 0.0138 0.0088 0.0287 0.0314 0.8187 
      H190.5  2 0.0442 0.2416 0.0105 0.0439 0.6287 0.0311 
      H190.6  2 0.0720 0.0191 0.0143 0.0445 0.0666 0.7835 
      H190.7  2 0.0330 0.0180 0.0188 0.6666 0.2023 0.0613 
      H190.8  2 0.1144 0.1230 0.0091 0.0937 0.6169 0.0428 
      H190.9  2 0.0503 0.0324 0.0267 0.3569 0.4926 0.0412 
      H400.1  2 0.0105 0.0102 0.0092 0.0139 0.0079 0.9484 
      H400.2  2 0.0081 0.0204 0.0122 0.0076 0.0092 0.9426 
      H400.3  2 0.0390 0.0191 0.0164 0.0195 0.0143 0.8917 
      H400.4  2 0.0112 0.0259 0.0071 0.0099 0.0153 0.9306 
      H400.5  2 0.0234 0.0206 0.0112 0.0127 0.0117 0.9205 
      H400.6  2 0.0083 0.0177 0.0064 0.0123 0.0096 0.9458 
      H400.7  2 0.0086 0.0072 0.0058 0.0124 0.0123 0.9537 
 H428.1_2005  2 0.0202 0.0204 0.0119 0.0154 0.0088 0.9233 
 H428.1_2006  2 0.0146 0.0371 0.0095 0.0198 0.0129 0.9061 
 H428.2_2005  2 0.0090 0.0073 0.0142 0.0150 0.0089 0.9457 
 H428.2_2006  2 0.0120 0.0469 0.0108 0.0123 0.0088 0.9092 
 H428.3_2005  2 0.0121 0.0111 0.0053 0.0107 0.0078 0.9529 
 H428.3_2006  2 0.0144 0.0374 0.0111 0.0140 0.0095 0.9137 
 H428.4_2005  2 0.0174 0.0085 0.0089 0.0083 0.0085 0.9484 
 H428.4_2006  2 0.0099 0.0145 0.0079 0.0114 0.0064 0.9499 
 H428.5_2005  2 0.0063 0.0166 0.0178 0.0110 0.0071 0.9412 
 H428.6_2005  2 0.0275 0.0223 0.0083 0.0223 0.0114 0.9083 
 H428.6_2006  2 0.0196 0.0265 0.0198 0.0144 0.0076 0.9121 
      H428.7  2 0.0075 0.0122 0.0060 0.0084 0.0063 0.9597 
      H428.8  2 0.0116 0.0194 0.0163 0.0069 0.0087 0.9371 
      H428.9  2 0.0064 0.0130 0.0184 0.0077 0.0070 0.9475 
      H453.1  2 0.0170 0.0355 0.0095 0.0123 0.0098 0.9158 
      H453.2  2 0.0282 0.0112 0.0082 0.0191 0.0121 0.9213 
      H453.3  2 0.0121 0.0110 0.0065 0.0306 0.0108 0.9290 
      H453.4  2 0.0163 0.0128 0.0062 0.0157 0.0127 0.9363 
      H453.5  2 0.0188 0.0191 0.0081 0.0098 0.0090 0.9353 
      H453.6  2 0.0127 0.0160 0.0066 0.0068 0.0075 0.9505 
      H453.7  2 0.0182 0.1196 0.0093 0.6798 0.0290 0.1442 
      H453.8  2 0.0421 0.1283 0.0170 0.2450 0.0668 0.5009 
      H453.9  2 0.0233 0.2750 0.0091 0.1009 0.0112 0.5805 
      H512.1  2 0.0482 0.0118 0.0066 0.0184 0.0124 0.9026 
     H512.10  2 0.2766 0.0623 0.1389 0.0521 0.0506 0.4195 
      H512.2  2 0.2855 0.0270 0.0318 0.0946 0.1688 0.3924 
      H512.3  2 0.7829 0.0177 0.0235 0.0182 0.0420 0.1158 
      H512.4  2 0.0497 0.0820 0.0487 0.0437 0.0788 0.6970 
      H512.5  2 0.8692 0.0158 0.0248 0.0236 0.0273 0.0394 
      H512.6  2 0.5590 0.0257 0.0109 0.0814 0.1312 0.1918 
      H512.7  2 0.8227 0.0228 0.0235 0.0136 0.0185 0.0989 
      H512.8  2 0.2128 0.0241 0.0209 0.0548 0.4814 0.2060 
      H512.9  2 0.6856 0.0259 0.0238 0.0597 0.0143 0.1908 
      H513.1  2 0.0057 0.0147 0.0095 0.0092 0.0079 0.9530 
      H513.2  2 0.0058 0.0131 0.0130 0.0126 0.0103 0.9452 
      H513.3  2 0.0108 0.0117 0.0063 0.0106 0.0070 0.9535 
      H513.4  2 0.0115 0.0429 0.0067 0.0084 0.0116 0.9190 
      H513.5  2 0.0129 0.0110 0.0079 0.0087 0.0070 0.9525 
      H513.6  2 0.0161 0.0152 0.2022 0.0161 0.0150 0.7354 
      H532.1  2 0.0468 0.5820 0.0310 0.0265 0.0246 0.2891 
      H532.2  2 0.0108 0.0217 0.0134 0.0322 0.0261 0.8959 
      H532.3  2 0.0230 0.0413 0.0111 0.0326 0.0218 0.8702 
      H532.4  2 0.0190 0.5948 0.0217 0.0743 0.0181 0.2721 
      H532.5  2 0.0226 0.0603 0.0280 0.0196 0.0150 0.8546 
      H532.6  2 0.0163 0.1554 0.0198 0.0446 0.0114 0.7525 
      H532.7  2 0.0301 0.5818 0.0248 0.0145 0.0210 0.3279 
      H532.8  2 0.0270 0.6121 0.0471 0.0184 0.0575 0.2378 
      H543.1  2 0.0094 0.0051 0.9517 0.0096 0.0066 0.0176 
      H543.2  2 0.0101 0.0086 0.8914 0.0151 0.0183 0.0566 
      H543.3  2 0.0092 0.0087 0.9545 0.0081 0.0075 0.0120 
      H543.4  2 0.0071 0.0068 0.9561 0.0089 0.0117 0.0095 
      H543.5  2 0.0064 0.0066 0.9581 0.0082 0.0109 0.0099 
      H543.6  2 0.0075 0.0071 0.9480 0.0123 0.0069 0.0182 
      H543.7  2 0.0052 0.0054 0.9702 0.0066 0.0064 0.0062 
      H543.8  2 0.0100 0.0193 0.9221 0.0140 0.0108 0.0237 
      H543.9  2 0.0094 0.0084 0.9481 0.0101 0.0118 0.0123 
 H545.1_2005  2 0.0037 0.0051 0.9774 0.0051 0.0043 0.0045 
 H545.1_2006  2 0.0055 0.0092 0.9633 0.0062 0.0081 0.0077 
 H545.2_2005  2 0.0164 0.0089 0.9483 0.0087 0.0102 0.0075 
 H545.2_2006  2 0.0054 0.0055 0.9700 0.0060 0.0057 0.0074 
 H545.3_2005  2 0.0146 0.0080 0.9461 0.0134 0.0089 0.0090 
 H545.3_2006  2 0.0072 0.0105 0.9654 0.0053 0.0053 0.0063 
 H545.4_2005  2 0.0092 0.0091 0.9489 0.0114 0.0143 0.0071 
 H545.4_2006  2 0.0108 0.0064 0.9552 0.0065 0.0129 0.0083 
 H545.5_2005  2 0.0084 0.0098 0.9592 0.0070 0.0071 0.0085 
 H545.5_2006  2 0.0097 0.0063 0.9576 0.0078 0.0109 0.0078 
 H545.6_2005  2 0.0052 0.0053 0.9748 0.0045 0.0052 0.0051 
 H545.6_2006  2 0.0056 0.0059 0.9677 0.0066 0.0086 0.0056 
 H545.7_2005  2 0.0062 0.0067 0.9699 0.0061 0.0047 0.0064 
 H545.7_2006  2 0.0094 0.0131 0.9538 0.0075 0.0077 0.0085 
 H545.8_2005  2 0.0104 0.0155 0.9344 0.0110 0.0125 0.0162 
 H545.8_2006  2 0.0054 0.0061 0.9702 0.0065 0.0061 0.0057 
      H545.9  2 0.0087 0.0063 0.9602 0.0085 0.0085 0.0078 
      H547.1  2 0.0203 0.0076 0.0102 0.0360 0.0270 0.8988 
      H547.2  2 0.0092 0.0134 0.0157 0.0205 0.3616 0.5796 
      H547.3  2 0.0522 0.0098 0.0222 0.0740 0.2567 0.5852 
      H547.4  2 0.0328 0.0484 0.0111 0.0506 0.3842 0.4729 
      H547.5  2 0.0119 0.0057 0.0083 0.0138 0.3846 0.5758 
      H547.6  2 0.0157 0.0121 0.0371 0.0180 0.0335 0.8835 
      H547.7  2 0.0492 0.0198 0.0481 0.0617 0.1679 0.6532 
      H547.8  2 0.0251 0.0072 0.0124 0.0325 0.0383 0.8845 
      H548.1  2 0.0096 0.0056 0.9643 0.0061 0.0072 0.0072 
      H548.2  2 0.0092 0.0074 0.9568 0.0075 0.0101 0.0089 
      H548.3  2 0.0067 0.0068 0.9661 0.0082 0.0059 0.0063 
      H548.4  2 0.0213 0.0210 0.9172 0.0131 0.0138 0.0136 
      H548.5  2 0.0067 0.0063 0.9669 0.0058 0.0085 0.0058 
      H548.6  2 0.0142 0.0064 0.9590 0.0082 0.0059 0.0063 
      H548.7  2 0.0064 0.0085 0.9631 0.0076 0.0070 0.0074 
      H548.8  2 0.0079 0.0099 0.9608 0.0067 0.0070 0.0077 
      H548.9  2 0.0140 0.0123 0.9378 0.0145 0.0106 0.0108 
     H7389.1  2 0.0116 0.0125 0.0115 0.0184 0.0145 0.9316 
     H7389.2  2 0.0076 0.0097 0.0392 0.0072 0.0140 0.9223 
     H7389.3  2 0.0118 0.0177 0.0159 0.0071 0.0137 0.9338 
     H7389.4  2 0.0136 0.0355 0.0434 0.0176 0.0063 0.8836 
     H7389.5  2 0.0177 0.0226 0.0286 0.0195 0.0098 0.9018 
     H7389.6  2 0.0251 0.0352 0.0197 0.0051 0.0084 0.9065 
     H7389.7  2 0.0164 0.0282 0.0541 0.0084 0.0155 0.8774 
     H7389.8  2 0.0252 0.0235 0.4080 0.0237 0.0179 0.5017 
     H7389.9  2 0.0135 0.0249 0.0632 0.0119 0.0072 0.8793 
      H747.1  2 0.6869 0.0337 0.0241 0.0516 0.1481 0.0555 
      H747.2  2 0.8576 0.0176 0.0358 0.0222 0.0496 0.0172 
      H747.3  2 0.8684 0.0110 0.0151 0.0259 0.0444 0.0352 
      H747.4  2 0.7925 0.0228 0.0111 0.0174 0.1396 0.0165 
      H747.5  2 0.9099 0.0130 0.0137 0.0149 0.0324 0.0160 
      H747.6  2 0.5435 0.0227 0.1556 0.0401 0.1673 0.0708 
      H747.7  2 0.8380 0.0128 0.0267 0.0558 0.0305 0.0362 
     H7484.1  2 0.0242 0.7794 0.0154 0.1054 0.0198 0.0558 
     H7484.2  2 0.0416 0.5395 0.0134 0.2953 0.0732 0.0370 
     H7484.3  2 0.0577 0.7406 0.0215 0.0888 0.0607 0.0307 
     H7484.4  2 0.0286 0.7139 0.0086 0.1630 0.0317 0.0542 
     H7484.5  2 0.0448 0.8090 0.0275 0.0502 0.0228 0.0457 
     H7484.6  2 0.6631 0.1088 0.0209 0.1064 0.0770 0.0238 
     H7484.7  2 0.1157 0.4330 0.0121 0.4005 0.0124 0.0262 
     H7484.8  2 0.0587 0.6239 0.0103 0.1067 0.0316 0.1688 
     H7485.1  2 0.0077 0.0110 0.9469 0.0128 0.0117 0.0100 
     H7485.2  2 0.0047 0.0071 0.9681 0.0069 0.0057 0.0074 
     H7485.3  2 0.0071 0.0087 0.9647 0.0056 0.0077 0.0061 
     H7485.4  2 0.0052 0.0070 0.9671 0.0097 0.0047 0.0064 
     H7485.5  2 0.0095 0.0148 0.9426 0.0154 0.0095 0.0081 
     H7485.6  2 0.0075 0.0120 0.9478 0.0127 0.0099 0.0101 
     H7485.7  2 0.0081 0.0117 0.9537 0.0097 0.0093 0.0074 
     H7496.1  2 0.0189 0.0429 0.0056 0.0161 0.0285 0.8880 
    H7496.10  2 0.0076 0.0290 0.0067 0.0119 0.0121 0.9327 
    H7496.11  2 0.0294 0.0720 0.8033 0.0121 0.0371 0.0461 
     H7496.2  2 0.0190 0.0261 0.0097 0.0297 0.0122 0.9034 
     H7496.3  2 0.0210 0.5610 0.0159 0.1058 0.0511 0.2452 
     H7496.4  2 0.0152 0.0156 0.0099 0.0115 0.0216 0.9263 
     H7496.5  2 0.0267 0.0297 0.0098 0.0127 0.0461 0.8750 
     H7496.6  2 0.0428 0.0272 0.0061 0.0170 0.0200 0.8868 
     H7496.7  2 0.0108 0.0170 0.0077 0.0214 0.0116 0.9314 
     H7496.8  2 0.0186 0.0863 0.0294 0.1201 0.0929 0.6527 
        UNK4  2 0.0353 0.0354 0.0748 0.0425 0.0473 0.7647 
        UNK5  2 0.0102 0.0666 0.0693 0.0456 0.0359 0.7723 
        UNK6  2 0.0172 0.0240 0.0361 0.0166 0.0466 0.8595 
        UNK7  2 0.0076 0.0233 0.1053 0.0171 0.0257 0.8210 
        UNK8  2 0.0069 0.0172 0.1550 0.0328 0.0123 0.7757 
        UNK9  2 0.0262 0.1534 0.1935 0.0150 0.0135 0.5984 
      H009.1  4 0.0294 0.0106 0.0061 0.9302 0.0144 0.0094 
      H009.2  4 0.0730 0.0085 0.0095 0.8778 0.0129 0.0182 
      H009.3  4 0.0213 0.0115 0.0068 0.9395 0.0126 0.0083 
      H009.4  4 0.1166 0.0149 0.0135 0.8294 0.0132 0.0124 
      H009.5  4 0.0350 0.0111 0.0264 0.9109 0.0079 0.0087 
      H009.6  4 0.0147 0.0152 0.0077 0.9306 0.0219 0.0098 
      H046.4  4 0.1977 0.3768 0.0982 0.1667 0.0553 0.1053 
      H046.8  4 0.2059 0.0888 0.0931 0.1268 0.4527 0.0326 
 H076.1_2002  4 0.0105 0.0075 0.0105 0.0089 0.9484 0.0142 
 H076.1_2003  4 0.0078 0.0064 0.0119 0.0068 0.9608 0.0062 
 H076.1_2004  4 0.0072 0.0083 0.0081 0.0086 0.9606 0.0071 
 H076.2_2002  4 0.0115 0.0080 0.0104 0.0099 0.9496 0.0106 
 H076.2_2003  4 0.0067 0.0063 0.0117 0.0094 0.9599 0.0060 
 H076.2_2004  4 0.0330 0.0157 0.0195 0.0300 0.8850 0.0167 
 H076.3_2002  4 0.1603 0.0380 0.0129 0.2466 0.5207 0.0214 
 H076.3_2003  4 0.0100 0.0090 0.0154 0.0076 0.9480 0.0101 
 H076.3_2004  4 0.0072 0.0094 0.0126 0.0089 0.9482 0.0138 
 H076.4_2002  4 0.0392 0.0224 0.0143 0.0432 0.8563 0.0248 
 H076.4_2003  4 0.0146 0.0072 0.0118 0.0188 0.9406 0.0070 
 H076.4_2004  4 0.1130 0.0258 0.0251 0.1564 0.6364 0.0432 
 H076.5_2002  4 0.0135 0.0157 0.0088 0.0141 0.9177 0.0302 
 H076.5_2003  4 0.0097 0.0087 0.0677 0.0114 0.8891 0.0133 
 H076.5_2004  4 0.0148 0.0227 0.0134 0.0439 0.8756 0.0296 
 H076.6_2002  4 0.0073 0.0113 0.0145 0.0140 0.9435 0.0095 
 H076.6_2003  4 0.0104 0.0065 0.0312 0.0172 0.9159 0.0187 
 H076.6_2004  4 0.0115 0.0091 0.0106 0.0211 0.9366 0.0109 
 H076.7_2002  4 0.1836 0.0451 0.0241 0.2694 0.3986 0.0792 
 H076.7_2003  4 0.0199 0.0127 0.0286 0.0101 0.9123 0.0165 
 H076.7_2004  4 0.0335 0.0163 0.0130 0.0255 0.8989 0.0127 
      H477.1  4 0.5465 0.0103 0.0126 0.0149 0.0190 0.3967 
      H477.2  4 0.8619 0.0103 0.0081 0.0218 0.0290 0.0689 
      H477.3  4 0.7412 0.0388 0.0234 0.0197 0.0102 0.1668 
      H477.4  4 0.5871 0.0130 0.1329 0.0229 0.0144 0.2296 
      H477.5  4 0.7525 0.0259 0.0457 0.0610 0.0280 0.0869 
      H477.6  4 0.9003 0.0176 0.0259 0.0187 0.0126 0.0249 
      H477.7  4 0.4058 0.0133 0.1548 0.0536 0.0340 0.3384 
 H479.1_2005  4 0.1852 0.6035 0.0193 0.0494 0.0079 0.1347 
 H479.1_2006  4 0.6825 0.1232 0.0519 0.0225 0.1038 0.0161 
     H479.10  4 0.3520 0.5458 0.0227 0.0186 0.0448 0.0161 
 H479.2_2005  4 0.0319 0.5459 0.0243 0.2444 0.0453 0.1082 
 H479.2_2006  4 0.7925 0.1092 0.0306 0.0240 0.0088 0.0350 
 H479.3_2005  4 0.5987 0.2817 0.0112 0.0122 0.0303 0.0659 
 H479.3_2006  4 0.7580 0.0681 0.0141 0.0171 0.0423 0.1005 
 H479.4_2005  4 0.7072 0.1657 0.0164 0.0490 0.0254 0.0363 
 H479.4_2006  4 0.2324 0.6481 0.0115 0.0171 0.0172 0.0738 
 H479.5_2005  4 0.0324 0.8412 0.0191 0.0381 0.0420 0.0272 
 H479.5_2006  4 0.7374 0.1932 0.0099 0.0129 0.0111 0.0355 
 H479.6_2005  4 0.5951 0.0620 0.0477 0.0285 0.2328 0.0339 
 H479.6_2006  4 0.0789 0.7394 0.0249 0.0121 0.0076 0.1372 
 H479.7_2005  4 0.2028 0.1138 0.0315 0.0657 0.0297 0.5565 
 H479.7_2006  4 0.5867 0.1872 0.0352 0.0239 0.0192 0.1478 
 H479.8_2005  4 0.1260 0.1343 0.0151 0.0144 0.0130 0.6972 
 H479.8_2006  4 0.4634 0.2935 0.0494 0.0212 0.1653 0.0072 
      H479.9  4 0.9019 0.0380 0.0094 0.0108 0.0322 0.0076 
      H516.1  4 0.4951 0.0219 0.0189 0.1840 0.2568 0.0232 
      H516.2  4 0.9364 0.0135 0.0115 0.0204 0.0109 0.0073 
      H516.3  4 0.7845 0.0156 0.0126 0.1367 0.0424 0.0081 
      H516.4  4 0.8620 0.0235 0.0175 0.0480 0.0367 0.0122 
      H516.5  4 0.8155 0.0153 0.0344 0.0648 0.0534 0.0166 
      H516.6  4 0.9394 0.0090 0.0208 0.0160 0.0075 0.0074 
      H516.7  4 0.8811 0.0241 0.0127 0.0087 0.0543 0.0191 
      H516.8  4 0.7897 0.0149 0.0151 0.1196 0.0501 0.0106 
      H516.9  4 0.9187 0.0215 0.0083 0.0190 0.0248 0.0077 
      H646.1  4 0.3857 0.0218 0.0072 0.3413 0.2257 0.0182 
      H646.2  4 0.4352 0.0067 0.0071 0.3035 0.2267 0.0207 
      H646.3  4 0.5192 0.0187 0.0072 0.3778 0.0638 0.0133 
      H646.4  4 0.3782 0.0126 0.0111 0.1476 0.4105 0.0400 
      H646.5  4 0.7588 0.0212 0.0085 0.0988 0.0950 0.0177 
      H658.1  4 0.8946 0.0123 0.0320 0.0308 0.0213 0.0089 
     H658.10  4 0.9540 0.0072 0.0068 0.0129 0.0097 0.0095 
      H658.2  4 0.8872 0.0127 0.0292 0.0253 0.0359 0.0097 
      H658.3  4 0.9317 0.0156 0.0097 0.0150 0.0162 0.0118 
      H658.4  4 0.9176 0.0292 0.0085 0.0187 0.0115 0.0145 
      H658.5  4 0.9631 0.0082 0.0043 0.0085 0.0067 0.0093 
      H658.6  4 0.9240 0.0112 0.0109 0.0258 0.0166 0.0114 
      H658.7  4 0.8714 0.0214 0.0208 0.0244 0.0514 0.0105 
      H658.8  4 0.7961 0.0101 0.0306 0.0741 0.0779 0.0112 
      H658.9  4 0.9041 0.0221 0.0157 0.0175 0.0302 0.0104 
      H682.1  4 0.1737 0.4667 0.0176 0.1029 0.1044 0.1347 
      H682.6  4 0.1491 0.2377 0.0229 0.3953 0.1177 0.0771 
      H720.1  4 0.4584 0.0530 0.0114 0.0207 0.2415 0.2150 
      H720.2  4 0.7028 0.0309 0.0114 0.0406 0.1106 0.1037 
      H720.3  4 0.0909 0.1398 0.0111 0.0259 0.6983 0.0340 
      H720.4  4 0.7567 0.0758 0.0229 0.0190 0.0860 0.0396 
      H720.5  4 0.1634 0.2609 0.0574 0.0302 0.4498 0.0382 
      H720.6  4 0.1055 0.2853 0.0547 0.0393 0.4734 0.0419 
      H720.7  4 0.7850 0.0253 0.0105 0.0437 0.0178 0.1176 
      H720.8  4 0.0797 0.4133 0.0078 0.0342 0.3335 0.1316 
      H720.9  4 0.0460 0.6456 0.0120 0.1807 0.0950 0.0207 
      H724.1  4 0.0087 0.0268 0.0212 0.0252 0.9031 0.0151 
      H724.2  4 0.0278 0.0277 0.0298 0.0238 0.8417 0.0492 
      H724.3  4 0.4863 0.2446 0.0089 0.0408 0.1559 0.0635 
      H724.4  4 0.0475 0.0647 0.0127 0.0311 0.8314 0.0126 
      H724.5  4 0.2896 0.5055 0.0063 0.0694 0.0893 0.0399 
      H724.6  4 0.0202 0.0171 0.0173 0.0179 0.9093 0.0183 
      H725.1  4 0.0383 0.6170 0.0121 0.2142 0.0958 0.0226 
      H725.2  4 0.0745 0.0381 0.0158 0.7559 0.0160 0.0998 
      H725.3  4 0.2039 0.0799 0.0312 0.6331 0.0176 0.0343 
      H725.4  4 0.0240 0.2437 0.2048 0.3471 0.0448 0.1356 
      H725.5  4 0.1894 0.0108 0.0115 0.0103 0.0405 0.7374 
      H725.6  4 0.5566 0.0478 0.0334 0.0362 0.2993 0.0266 
      H725.7  4 0.0999 0.6336 0.0217 0.0894 0.1349 0.0206 
      H725.8  4 0.3208 0.0940 0.3138 0.0972 0.1538 0.0203 
      H726.1  4 0.9244 0.0061 0.0101 0.0221 0.0265 0.0109 
      H726.2  4 0.8670 0.0197 0.0093 0.0182 0.0477 0.0382 
      H726.3  4 0.7113 0.0134 0.0308 0.1202 0.0946 0.0297 
      H726.4  4 0.9479 0.0113 0.0120 0.0107 0.0108 0.0074 
      H726.5  4 0.8936 0.0263 0.0095 0.0344 0.0236 0.0125 
        UNK1  4 0.3000 0.0382 0.0421 0.4189 0.0406 0.1602 
        UNK2  4 0.0736 0.3624 0.0222 0.4896 0.0313 0.0209 
        UNK3  4 0.3136 0.0412 0.0350 0.4411 0.0353 0.1337 
      H016.1  5 0.0511 0.1331 0.6636 0.0288 0.0796 0.0437 
      H016.2  5 0.0145 0.6903 0.2350 0.0208 0.0217 0.0177 
      H016.3  5 0.2668 0.0304 0.1729 0.0593 0.4415 0.0293 
      H016.4  5 0.0182 0.7250 0.1725 0.0252 0.0281 0.0311 
 H017.1_2002  5 0.2682 0.0105 0.0126 0.5575 0.1053 0.0458 
 H017.1_2003  5 0.6935 0.0126 0.1593 0.0210 0.0184 0.0952 
 H017.2_2002  5 0.0576 0.0316 0.0144 0.2180 0.6597 0.0187 
 H017.2_2003  5 0.9531 0.0107 0.0092 0.0138 0.0063 0.0069 
 H017.3_2002  5 0.0949 0.0164 0.4671 0.3674 0.0244 0.0298 
 H017.3_2003  5 0.0282 0.0090 0.0456 0.8059 0.0640 0.0475 
 H017.4_2002  5 0.0096 0.0235 0.1023 0.8132 0.0220 0.0294 
 H017.4_2003  5 0.7433 0.0157 0.1193 0.1015 0.0134 0.0068 
 H017.5_2002  5 0.0183 0.0105 0.8628 0.0847 0.0137 0.0102 
 H017.5_2003  5 0.8529 0.0119 0.0284 0.0861 0.0112 0.0095 
 H017.6_2002  5 0.0171 0.0139 0.0806 0.6507 0.1560 0.0817 
 H017.6_2003  5 0.8512 0.0119 0.0090 0.0617 0.0481 0.0181 
 H017.7_2002  5 0.0322 0.0368 0.2239 0.5100 0.1302 0.0669 
 H017.7_2003  5 0.9383 0.0082 0.0134 0.0245 0.0061 0.0095 
      H017.8  5 0.1434 0.0194 0.1417 0.6244 0.0488 0.0223 
      H017.9  5 0.0506 0.0317 0.4565 0.3614 0.0478 0.0520 
      H032.1  5 0.9327 0.0087 0.0273 0.0088 0.0137 0.0088 
      H032.2  5 0.9463 0.0093 0.0222 0.0076 0.0080 0.0066 
      H032.3  5 0.9335 0.0175 0.0146 0.0101 0.0120 0.0124 
      H032.4  5 0.9223 0.0137 0.0289 0.0175 0.0118 0.0059 
      H032.5  5 0.9353 0.0152 0.0153 0.0126 0.0117 0.0099 
      H032.6  5 0.9203 0.0114 0.0128 0.0248 0.0233 0.0075 
      H032.7  5 0.8708 0.0093 0.0382 0.0259 0.0304 0.0255 
 H034.1_2002  5 0.0391 0.0375 0.0260 0.7635 0.1206 0.0133 
 H034.1_2003  5 0.0185 0.0104 0.0067 0.8527 0.0988 0.0129 
 H034.2_2002  5 0.0377 0.0425 0.0758 0.7658 0.0658 0.0125 
 H034.2_2003  5 0.0245 0.0112 0.0092 0.7659 0.1524 0.0368 
 H034.3_2002  5 0.0250 0.0269 0.0789 0.8153 0.0392 0.0146 
 H034.3_2003  5 0.0159 0.0083 0.0113 0.8951 0.0549 0.0145 
 H034.4_2002  5 0.0190 0.0401 0.0261 0.5107 0.3865 0.0176 
 H034.4_2003  5 0.0497 0.0091 0.0109 0.8288 0.0854 0.0160 
 H034.5_2002  5 0.0491 0.0120 0.0794 0.7985 0.0527 0.0084 
 H034.5_2003  5 0.1356 0.0129 0.1189 0.6402 0.0733 0.0191 
 H034.6_2002  5 0.0208 0.0244 0.1058 0.7773 0.0594 0.0122 
 H034.6_2003  5 0.0662 0.0118 0.0270 0.8388 0.0388 0.0174 
 H034.7_2002  5 0.0127 0.0109 0.0141 0.9334 0.0162 0.0127 
 H034.7_2003  5 0.1169 0.0094 0.0475 0.7967 0.0182 0.0113 
 H034.8_2002  5 0.0127 0.0138 0.0341 0.7403 0.1845 0.0145 
 H034.8_2003  5 0.0508 0.0091 0.0626 0.8229 0.0452 0.0094 
      H034.9  5 0.0352 0.0608 0.0460 0.7984 0.0423 0.0173 
      H048.1  5 0.9139 0.0190 0.0147 0.0155 0.0193 0.0177 
      H048.2  5 0.2666 0.4665 0.0197 0.0670 0.0795 0.1008 
      H048.3  5 0.1731 0.0820 0.0213 0.0241 0.5644 0.1351 
      H048.4  5 0.1186 0.4080 0.0343 0.0269 0.3494 0.0628 
      H048.5  5 0.7659 0.1562 0.0121 0.0169 0.0272 0.0219 
      H048.6  5 0.0868 0.4479 0.0184 0.0269 0.3879 0.0321 
      H048.7  5 0.6652 0.2101 0.0665 0.0134 0.0254 0.0193 
      H048.8  5 0.3366 0.2567 0.1024 0.0415 0.2458 0.0170 
      H060.1  5 0.0076 0.0178 0.0313 0.9203 0.0082 0.0149 
     H060.10  5 0.0093 0.0068 0.0090 0.9603 0.0082 0.0065 
      H060.2  5 0.0098 0.0077 0.0131 0.9448 0.0115 0.0130 
      H060.3  5 0.0081 0.0083 0.0084 0.9634 0.0071 0.0048 
      H060.4  5 0.0101 0.0110 0.0250 0.9297 0.0109 0.0133 
      H060.5  5 0.0074 0.0109 0.0277 0.9282 0.0139 0.0119 
      H060.6  5 0.0065 0.0099 0.0239 0.9436 0.0091 0.0070 
      H060.7  5 0.0139 0.0189 0.0179 0.9137 0.0188 0.0167 
      H060.8  5 0.0127 0.0114 0.0168 0.9329 0.0150 0.0112 
      H060.9  5 0.0097 0.0105 0.0409 0.9201 0.0096 0.0091 
 H070.1_2002  5 0.0111 0.0380 0.0681 0.6490 0.0674 0.1664 
 H070.1_2003  5 0.0141 0.0189 0.0178 0.9272 0.0121 0.0099 
 H070.1_2004  5 0.0122 0.0112 0.0142 0.6147 0.3367 0.0111 
 H070.2_2002  5 0.0244 0.0242 0.0292 0.4943 0.1320 0.2959 
 H070.2_2003  5 0.0287 0.0208 0.0373 0.8563 0.0334 0.0234 
 H070.2_2004  5 0.0148 0.0105 0.0117 0.7306 0.2238 0.0086 
 H070.3_2002  5 0.0208 0.0312 0.0216 0.8657 0.0320 0.0287 
 H070.3_2003  5 0.0313 0.0085 0.0100 0.9289 0.0119 0.0094 
 H070.3_2004  5 0.0081 0.0122 0.0212 0.9260 0.0210 0.0116 
 H070.4_2002  5 0.0388 0.0166 0.0098 0.8455 0.0519 0.0373 
 H070.4_2003  5 0.0797 0.0248 0.0248 0.8289 0.0276 0.0143 
 H070.4_2004  5 0.0198 0.0641 0.0125 0.8293 0.0536 0.0208 
 H070.5_2002  5 0.0104 0.1108 0.0352 0.8138 0.0123 0.0175 
 H070.5_2003  5 0.0261 0.0140 0.0225 0.9205 0.0095 0.0074 
 H070.5_2004  5 0.0151 0.0164 0.0195 0.6092 0.3282 0.0116 
 H070.6_2002  5 0.0149 0.0228 0.0165 0.9148 0.0099 0.0212 
 H070.6_2003  5 0.0236 0.0076 0.0086 0.9058 0.0417 0.0126 
 H070.6_2004  5 0.0156 0.0352 0.0123 0.7762 0.1365 0.0242 
      H077.1  5 0.0169 0.0161 0.0158 0.9268 0.0182 0.0063 
      H077.2  5 0.2088 0.2767 0.2446 0.2203 0.0419 0.0078 
      H077.3  5 0.0567 0.0368 0.0217 0.6930 0.1741 0.0177 
      H077.4  5 0.0357 0.0123 0.0375 0.8558 0.0432 0.0155 
      H077.5  5 0.2909 0.0319 0.2787 0.1521 0.2328 0.0136 
      H077.6  5 0.0701 0.0174 0.0931 0.7920 0.0185 0.0088 
      H097.1  5 0.0520 0.1561 0.0156 0.5376 0.1902 0.0485 
      H097.2  5 0.0394 0.0295 0.0342 0.0625 0.2554 0.5789 
      H097.3  5 0.3227 0.0512 0.0142 0.3158 0.2192 0.0769 
      H097.4  5 0.1089 0.0500 0.0095 0.4766 0.0761 0.2789 
      H097.5  5 0.1849 0.0307 0.0097 0.6818 0.0257 0.0672 
      H097.6  5 0.0700 0.0476 0.0194 0.1163 0.1256 0.6211 
      H097.7  5 0.0854 0.0736 0.0101 0.4856 0.0603 0.2850 
      H124.1  5 0.1026 0.7178 0.0241 0.0836 0.0514 0.0205 
      H124.2  5 0.1524 0.1644 0.4994 0.1034 0.0371 0.0435 
      H124.3  5 0.0316 0.6618 0.2524 0.0201 0.0156 0.0185 
      H124.4  5 0.0900 0.1882 0.3025 0.3111 0.0423 0.0659 
      H124.5  5 0.0753 0.4327 0.3207 0.0535 0.0834 0.0345 
      H132.1  5 0.0281 0.3583 0.0174 0.1790 0.4005 0.0167 
      H132.2  5 0.0192 0.2775 0.0123 0.0160 0.6643 0.0108 
      H132.3  5 0.0286 0.1852 0.0722 0.3613 0.3374 0.0153 
      H132.4  5 0.0398 0.5097 0.0113 0.0571 0.3703 0.0117 
      H132.5  5 0.0214 0.1038 0.0274 0.0197 0.8094 0.0183 
      H132.6  5 0.0207 0.2313 0.0242 0.0157 0.6916 0.0165 
      H132.7  5 0.0427 0.6066 0.0728 0.1191 0.0919 0.0669 
      H155.1  5 0.0114 0.9260 0.0315 0.0102 0.0140 0.0069 
      H155.2  5 0.0211 0.9052 0.0177 0.0177 0.0258 0.0125 
      H155.3  5 0.0168 0.9432 0.0097 0.0105 0.0072 0.0126 
      H155.4  5 0.0060 0.9564 0.0114 0.0073 0.0109 0.0080 
      H155.5  5 0.0217 0.9241 0.0162 0.0087 0.0200 0.0093 
      H155.6  5 0.0313 0.8433 0.0601 0.0146 0.0209 0.0297 
      H155.7  5 0.0143 0.9300 0.0162 0.0086 0.0208 0.0102 
      H155.8  5 0.0109 0.9089 0.0248 0.0154 0.0152 0.0249 
      H155.9  5 0.0528 0.8794 0.0195 0.0157 0.0144 0.0182 
      H169.1  5 0.5467 0.0079 0.0262 0.3593 0.0329 0.0271 
      H169.2  5 0.0167 0.0057 0.0183 0.9393 0.0092 0.0107 
      H169.3  5 0.2578 0.0123 0.0115 0.5511 0.1200 0.0473 
      H169.4  5 0.0497 0.0111 0.0455 0.8494 0.0203 0.0240 
      H169.5  5 0.1364 0.0137 0.1011 0.6791 0.0357 0.0341 
      H169.6  5 0.1511 0.0121 0.0689 0.7094 0.0188 0.0398 
      H457.1  5 0.0505 0.1141 0.0156 0.0543 0.1031 0.6624 
      H457.2  5 0.0540 0.0953 0.0116 0.0512 0.0159 0.7720 
      H457.3  5 0.0263 0.0116 0.0095 0.2239 0.0127 0.7160 
      H457.4  5 0.1277 0.0472 0.0150 0.0807 0.1738 0.5556 
      H457.5  5 0.4411 0.1168 0.1066 0.1496 0.0460 0.1399 
      H457.6  5 0.3251 0.1537 0.0216 0.1776 0.0433 0.2787 
      H457.7  5 0.0315 0.0257 0.0173 0.8367 0.0290 0.0598 
      H457.8  5 0.2698 0.0746 0.0599 0.2063 0.0166 0.3728 
      H462.1  5 0.0718 0.1654 0.0336 0.4804 0.1006 0.1483 
      H462.2  5 0.0488 0.2987 0.0127 0.3883 0.1834 0.0682 
      H462.3  5 0.0887 0.2580 0.0472 0.3113 0.0499 0.2449 
      H462.4  5 0.1391 0.1815 0.0611 0.3446 0.2346 0.0391 
      H462.5  5 0.1459 0.2179 0.0507 0.1438 0.3873 0.0543 
      H462.6  5 0.2692 0.2502 0.0330 0.3493 0.0654 0.0330 
      H462.7  5 0.1400 0.1036 0.0177 0.2222 0.0344 0.4821 
      H462.8  5 0.0404 0.0286 0.0090 0.8759 0.0354 0.0107 
      H462.9  5 0.1306 0.1682 0.0365 0.4637 0.0448 0.1562 
      H481.1  5 0.0260 0.0105 0.0067 0.8578 0.0869 0.0123 
      H481.2  5 0.0454 0.0975 0.0371 0.4920 0.3066 0.0215 
      H481.3  5 0.0660 0.0397 0.0231 0.8025 0.0582 0.0104 
      H481.4  5 0.0345 0.0573 0.0241 0.7677 0.1020 0.0144 
      H481.5  5 0.0322 0.0488 0.0131 0.6615 0.2298 0.0145 
      H481.6  5 0.0259 0.0518 0.0069 0.8073 0.0295 0.0786 
      H481.7  5 0.0492 0.0357 0.0101 0.8383 0.0347 0.0320 
      H481.8  5 0.0326 0.0191 0.0054 0.8484 0.0285 0.0660 
      H509.1  5 0.5032 0.0360 0.1201 0.0744 0.1440 0.1224 
      H509.2  5 0.5832 0.0346 0.0114 0.0388 0.1461 0.1859 
      H509.3  5 0.6011 0.0302 0.0093 0.0346 0.0388 0.2859 
      H509.4  5 0.3758 0.0374 0.0137 0.0196 0.1488 0.4047 
      H509.5  5 0.2618 0.5709 0.0179 0.0335 0.0176 0.0984 
      H509.6  5 0.3348 0.1783 0.0991 0.0331 0.2106 0.1441 
      H509.7  5 0.5343 0.0759 0.0163 0.0175 0.0776 0.2784 
      H567.1  5 0.8066 0.0125 0.0136 0.0176 0.0156 0.1341 
      H567.2  5 0.2376 0.5374 0.0114 0.0616 0.0878 0.0641 
      H567.3  5 0.4912 0.1181 0.0091 0.0284 0.2731 0.0801 
      H567.4  5 0.0412 0.0131 0.0184 0.0190 0.0190 0.8893 
      H567.5  5 0.6809 0.0144 0.0112 0.0253 0.0115 0.2568 
