      H008.1  2 0.0060 0.0050 0.0063 0.0046 0.0049 0.0095 0.0060 0.7559 0.0100 0.0137 0.0059 0.0071 0.0040 0.0059 0.1005 0.0068 0.0060 0.0034 0.0066 0.0056 0.0045 0.0048 0.0136 0.0034 
      H008.2  2 0.0047 0.0039 0.0057 0.0050 0.0046 0.0171 0.0049 0.8717 0.0048 0.0058 0.0094 0.0058 0.0049 0.0045 0.0041 0.0039 0.0047 0.0062 0.0041 0.0059 0.0047 0.0036 0.0051 0.0050 
      H008.3  2 0.0053 0.0071 0.0084 0.0044 0.0063 0.0196 0.0062 0.8353 0.0031 0.0053 0.0136 0.0081 0.0048 0.0062 0.0049 0.0046 0.0051 0.0055 0.0060 0.0063 0.0050 0.0049 0.0154 0.0086 
      H008.4  2 0.0059 0.0039 0.0083 0.0045 0.0070 0.0125 0.0072 0.8301 0.0037 0.0075 0.0045 0.0060 0.0096 0.0063 0.0222 0.0058 0.0038 0.0082 0.0039 0.0089 0.0067 0.0042 0.0110 0.0080 
      H008.5  2 0.0047 0.0040 0.0048 0.0039 0.0047 0.0125 0.0051 0.8521 0.0032 0.0049 0.0059 0.0031 0.0042 0.0104 0.0249 0.0039 0.0033 0.0055 0.0046 0.0055 0.0073 0.0032 0.0111 0.0072 
      H008.6  2 0.0052 0.0048 0.0035 0.0054 0.0052 0.0217 0.0076 0.8480 0.0047 0.0087 0.0071 0.0059 0.0060 0.0079 0.0087 0.0059 0.0042 0.0071 0.0039 0.0091 0.0054 0.0034 0.0049 0.0057 
      H008.7  2 0.0046 0.0041 0.0137 0.0047 0.0081 0.0174 0.0089 0.8320 0.0049 0.0055 0.0067 0.0063 0.0068 0.0049 0.0125 0.0055 0.0051 0.0079 0.0044 0.0106 0.0052 0.0054 0.0079 0.0071 
      H008.8  2 0.0050 0.0080 0.0057 0.0059 0.0055 0.0094 0.0057 0.7231 0.0299 0.0093 0.0074 0.0806 0.0060 0.0042 0.0126 0.0054 0.0055 0.0045 0.0131 0.0149 0.0073 0.0044 0.0211 0.0057 
      H008.9  2 0.0086 0.0093 0.0098 0.0078 0.0084 0.0900 0.0074 0.5072 0.0073 0.0189 0.0121 0.0372 0.0071 0.0079 0.0061 0.0047 0.0064 0.0231 0.0220 0.1464 0.0109 0.0061 0.0162 0.0192 
 H029.1_2002  2 0.0072 0.0089 0.0076 0.0071 0.0105 0.0077 0.0663 0.0149 0.0220 0.0088 0.0060 0.0280 0.0583 0.0041 0.6096 0.0251 0.0101 0.0164 0.0119 0.0193 0.0045 0.0050 0.0044 0.0362 
 H029.1_2003  2 0.0098 0.0331 0.0064 0.0137 0.0798 0.0103 0.5556 0.0260 0.0105 0.0102 0.0168 0.0301 0.0074 0.0090 0.0534 0.0081 0.0148 0.0153 0.0145 0.0276 0.0083 0.0049 0.0137 0.0206 
 H029.2_2002  2 0.0052 0.0213 0.0312 0.0110 0.0621 0.0185 0.1441 0.0133 0.0037 0.0043 0.0528 0.0064 0.0067 0.0077 0.4783 0.0358 0.0164 0.0355 0.0070 0.0078 0.0110 0.0049 0.0098 0.0050 
 H029.2_2003  2 0.0121 0.0459 0.0065 0.0242 0.0211 0.0102 0.5386 0.0127 0.0082 0.0051 0.0806 0.0086 0.0064 0.0075 0.1113 0.0091 0.0100 0.0184 0.0209 0.0098 0.0174 0.0041 0.0063 0.0051 
 H029.3_2002  2 0.0142 0.0211 0.0459 0.0307 0.0608 0.0096 0.1905 0.0126 0.0105 0.0036 0.0297 0.0410 0.0140 0.0166 0.2517 0.0124 0.0324 0.1108 0.0141 0.0078 0.0156 0.0053 0.0449 0.0043 
 H029.3_2003  2 0.0098 0.0121 0.0054 0.0151 0.0264 0.0248 0.4976 0.0054 0.0047 0.0158 0.0161 0.0082 0.0044 0.0079 0.2712 0.0063 0.0249 0.0068 0.0054 0.0043 0.0038 0.0037 0.0118 0.0080 
 H029.4_2002  2 0.0066 0.0037 0.0153 0.0106 0.0124 0.0066 0.1409 0.0042 0.0054 0.0064 0.0060 0.0133 0.0102 0.0120 0.6460 0.0100 0.0354 0.0183 0.0050 0.0032 0.0037 0.0048 0.0120 0.0081 
 H029.4_2003  2 0.0102 0.0088 0.0088 0.0151 0.0223 0.0115 0.3497 0.0100 0.0257 0.0374 0.0128 0.0240 0.0076 0.0067 0.0861 0.0113 0.1422 0.0185 0.0219 0.0087 0.0111 0.0041 0.0750 0.0705 
 H029.5_2002  2 0.0054 0.0059 0.0102 0.0075 0.0167 0.0089 0.0901 0.0048 0.0056 0.0161 0.0062 0.0072 0.0127 0.0042 0.7187 0.0145 0.0057 0.0054 0.0068 0.0067 0.0038 0.0065 0.0056 0.0247 
 H029.5_2003  2 0.0062 0.0061 0.0062 0.0078 0.0143 0.0296 0.4491 0.0141 0.0086 0.0105 0.0327 0.0204 0.0077 0.0059 0.2866 0.0079 0.0174 0.0104 0.0150 0.0074 0.0040 0.0040 0.0100 0.0181 
 H029.6_2002  2 0.0068 0.0052 0.0138 0.0082 0.0152 0.0042 0.5951 0.0069 0.0065 0.0032 0.0048 0.0214 0.0065 0.0092 0.1991 0.0057 0.0146 0.0364 0.0061 0.0040 0.0058 0.0059 0.0115 0.0040 
 H029.6_2003  2 0.0134 0.0240 0.0093 0.0532 0.0634 0.0078 0.1358 0.0055 0.0105 0.0203 0.0723 0.0119 0.0044 0.0096 0.4158 0.0327 0.0263 0.0085 0.0125 0.0160 0.0088 0.0075 0.0107 0.0199 
      H029.7  2 0.0034 0.0091 0.0139 0.0056 0.0181 0.0085 0.0876 0.0078 0.0047 0.0050 0.0156 0.0037 0.0048 0.0055 0.6719 0.0376 0.0155 0.0285 0.0077 0.0060 0.0223 0.0036 0.0073 0.0063 
      H030.1  2 0.3726 0.0588 0.0127 0.0652 0.0118 0.0551 0.1208 0.0057 0.0074 0.0111 0.0325 0.0165 0.0059 0.0252 0.0277 0.0354 0.0321 0.0053 0.0135 0.0158 0.0101 0.0312 0.0085 0.0190 
      H030.2  2 0.3401 0.0121 0.0942 0.0099 0.0056 0.0293 0.0152 0.0318 0.0074 0.0145 0.0044 0.0058 0.1261 0.0285 0.0493 0.0127 0.0171 0.0561 0.0071 0.0083 0.0041 0.0270 0.0221 0.0713 
      H038.1  2 0.0055 0.0059 0.0034 0.0067 0.0086 0.0038 0.0060 0.0091 0.0125 0.0041 0.0051 0.0080 0.0047 0.0052 0.8475 0.0043 0.0061 0.0206 0.0075 0.0073 0.0045 0.0029 0.0071 0.0035 
      H038.2  2 0.0048 0.0062 0.0054 0.0069 0.0040 0.0062 0.0075 0.0038 0.0035 0.0060 0.0058 0.0040 0.0076 0.0038 0.8638 0.0130 0.0052 0.0049 0.0092 0.0030 0.0027 0.0090 0.0080 0.0058 
      H038.3  2 0.0104 0.0072 0.0075 0.0519 0.0054 0.0082 0.0045 0.0054 0.0267 0.0136 0.0048 0.0048 0.0161 0.0085 0.7404 0.0117 0.0068 0.0268 0.0071 0.0058 0.0039 0.0100 0.0087 0.0037 
      H038.4  2 0.0049 0.0060 0.0079 0.0179 0.0060 0.0067 0.0053 0.0046 0.0142 0.0111 0.0040 0.0068 0.0100 0.0107 0.8073 0.0087 0.0066 0.0204 0.0050 0.0051 0.0032 0.0147 0.0081 0.0047 
      H038.5  2 0.0096 0.0036 0.0062 0.0348 0.0082 0.0072 0.0216 0.0055 0.0139 0.0032 0.0083 0.0144 0.0050 0.0064 0.7645 0.0070 0.0287 0.0181 0.0063 0.0042 0.0026 0.0076 0.0081 0.0049 
      H038.6  2 0.0066 0.0076 0.0043 0.0080 0.0048 0.0058 0.0146 0.0066 0.0065 0.0044 0.0103 0.0059 0.0076 0.0046 0.8458 0.0067 0.0076 0.0093 0.0104 0.0049 0.0035 0.0033 0.0065 0.0048 
      H038.7  2 0.0045 0.0098 0.0026 0.0344 0.0031 0.0051 0.0060 0.0047 0.0090 0.0071 0.0052 0.0036 0.0167 0.0031 0.8280 0.0120 0.0096 0.0076 0.0071 0.0037 0.0028 0.0038 0.0071 0.0035 
      H038.8  2 0.0053 0.0058 0.0093 0.0131 0.0050 0.0048 0.0042 0.0046 0.0095 0.0093 0.0044 0.0050 0.0081 0.0072 0.7769 0.0078 0.0035 0.0748 0.0069 0.0039 0.0027 0.0144 0.0099 0.0036 
      H041.1  2 0.0066 0.0042 0.1297 0.0362 0.0229 0.0475 0.1376 0.0254 0.0095 0.2550 0.0126 0.0043 0.0073 0.0093 0.0470 0.0097 0.0979 0.0202 0.0037 0.0256 0.0197 0.0104 0.0114 0.0463 
      H041.2  2 0.0084 0.0098 0.0084 0.0077 0.0223 0.0267 0.2530 0.0154 0.0071 0.3662 0.0094 0.0090 0.0182 0.0227 0.0389 0.0158 0.0065 0.0255 0.0064 0.0183 0.0074 0.0069 0.0090 0.0812 
      H041.4  2 0.0066 0.0093 0.0140 0.0168 0.0828 0.0448 0.3796 0.0349 0.0259 0.0614 0.0086 0.0112 0.0083 0.0109 0.1065 0.0119 0.0114 0.0300 0.0133 0.0410 0.0210 0.0127 0.0088 0.0282 
      H041.6  2 0.0107 0.0204 0.0167 0.0108 0.0759 0.0177 0.2414 0.0296 0.0544 0.1266 0.0040 0.0148 0.0130 0.0183 0.1371 0.0208 0.0072 0.0134 0.0124 0.0283 0.0335 0.0142 0.0215 0.0573 
 H042.1_2002  2 0.0072 0.0060 0.0080 0.0065 0.0072 0.0069 0.4633 0.0619 0.0178 0.0124 0.0090 0.0043 0.0132 0.0922 0.0051 0.0408 0.0060 0.0105 0.0093 0.0242 0.0094 0.0390 0.0417 0.0980 
 H042.1_2003  2 0.0262 0.0548 0.0114 0.0110 0.0068 0.0719 0.0180 0.1656 0.0156 0.2144 0.0300 0.0126 0.0123 0.0863 0.0272 0.0181 0.0072 0.0534 0.0271 0.0180 0.0078 0.0128 0.0095 0.0819 
 H042.2_2002  2 0.0044 0.0100 0.0054 0.0050 0.0211 0.0078 0.6419 0.0153 0.0068 0.0067 0.0132 0.0035 0.1139 0.0094 0.0326 0.0071 0.0198 0.0265 0.0053 0.0063 0.0092 0.0090 0.0145 0.0054 
 H042.2_2003  2 0.0071 0.0118 0.0042 0.0204 0.0218 0.0242 0.1258 0.0806 0.0091 0.1292 0.0113 0.0108 0.0156 0.0399 0.0768 0.1582 0.0046 0.0060 0.0087 0.0219 0.0081 0.0100 0.0097 0.1842 
 H042.3_2002  2 0.0100 0.0062 0.0059 0.0133 0.0164 0.0098 0.2652 0.0362 0.0132 0.0145 0.0185 0.0041 0.0498 0.3953 0.0053 0.0137 0.0181 0.0142 0.0064 0.0081 0.0105 0.0109 0.0227 0.0321 
 H042.3_2003  2 0.0079 0.0047 0.0237 0.0170 0.0180 0.0191 0.0586 0.0322 0.0262 0.0545 0.0133 0.0038 0.0440 0.1848 0.0208 0.0898 0.0795 0.0328 0.0099 0.0125 0.0147 0.0116 0.1075 0.1134 
 H042.4_2002  2 0.0086 0.0061 0.0065 0.0138 0.0156 0.0072 0.6093 0.0174 0.0146 0.0083 0.0094 0.0067 0.0051 0.0250 0.0268 0.0281 0.0067 0.0123 0.0101 0.0261 0.0071 0.0187 0.0046 0.1059 
 H042.4_2003  2 0.0063 0.0103 0.0254 0.0160 0.0226 0.0122 0.3623 0.0079 0.0403 0.0064 0.0064 0.0042 0.0061 0.0105 0.0889 0.2384 0.0106 0.0072 0.0282 0.0120 0.0204 0.0153 0.0073 0.0347 
      H042.5  2 0.0053 0.0046 0.0052 0.0058 0.0104 0.0114 0.7198 0.0101 0.0050 0.0055 0.0081 0.0044 0.0049 0.0081 0.0067 0.0728 0.0060 0.0028 0.0121 0.0097 0.0118 0.0091 0.0071 0.0533 
      H042.6  2 0.0050 0.0109 0.0070 0.0065 0.0091 0.0052 0.7073 0.0195 0.0303 0.0030 0.0074 0.0044 0.0081 0.0115 0.0100 0.0279 0.0141 0.0083 0.0254 0.0053 0.0347 0.0103 0.0199 0.0091 
      H042.7  2 0.0039 0.0190 0.0065 0.0137 0.0555 0.0114 0.3364 0.0159 0.0246 0.0148 0.0071 0.0062 0.0428 0.1988 0.0229 0.0771 0.0128 0.0047 0.0061 0.0094 0.0066 0.0607 0.0253 0.0178 
      H042.8  2 0.0048 0.0054 0.0032 0.0059 0.0176 0.0168 0.6158 0.0488 0.0072 0.0570 0.0127 0.0054 0.0299 0.0296 0.0073 0.0147 0.0075 0.0190 0.0047 0.0130 0.0169 0.0095 0.0135 0.0338 
   H042_2002  2 0.0086 0.0195 0.0044 0.0104 0.0315 0.0216 0.0413 0.1288 0.0542 0.0222 0.0133 0.0079 0.1404 0.0427 0.0359 0.1695 0.0169 0.0357 0.0606 0.0206 0.0463 0.0086 0.0427 0.0163 
   H042_2003  2 0.0106 0.0150 0.0041 0.0095 0.0223 0.0323 0.0390 0.1498 0.0503 0.0226 0.0120 0.0096 0.1286 0.0370 0.0389 0.1572 0.0198 0.0450 0.0672 0.0204 0.0577 0.0069 0.0309 0.0134 
      H043.1  2 0.0135 0.0093 0.0137 0.0107 0.0037 0.0145 0.0085 0.0175 0.6090 0.0169 0.0097 0.0090 0.0073 0.0070 0.0152 0.0082 0.1478 0.0225 0.0163 0.0030 0.0052 0.0043 0.0232 0.0040 
      H043.2  2 0.0031 0.0051 0.0030 0.0048 0.0062 0.0044 0.0035 0.0065 0.8618 0.0075 0.0061 0.0098 0.0031 0.0050 0.0078 0.0033 0.0040 0.0090 0.0128 0.0074 0.0082 0.0028 0.0113 0.0036 
      H043.3  2 0.0053 0.0164 0.0041 0.0125 0.0053 0.0078 0.0057 0.0100 0.7409 0.0116 0.0086 0.0061 0.0197 0.0180 0.0337 0.0124 0.0176 0.0104 0.0076 0.0052 0.0063 0.0034 0.0268 0.0046 
      H043.4  2 0.0037 0.0114 0.0034 0.0049 0.0046 0.0063 0.0043 0.0051 0.8336 0.0075 0.0051 0.0033 0.0106 0.0083 0.0147 0.0062 0.0099 0.0084 0.0156 0.0051 0.0079 0.0042 0.0133 0.0027 
      H043.5  2 0.0039 0.0066 0.0045 0.0088 0.0040 0.0096 0.0041 0.0088 0.8059 0.0172 0.0056 0.0149 0.0064 0.0075 0.0081 0.0059 0.0063 0.0178 0.0084 0.0063 0.0041 0.0032 0.0276 0.0048 
      H043.6  2 0.0052 0.0044 0.0024 0.0049 0.0046 0.0025 0.0037 0.0053 0.8750 0.0050 0.0048 0.0046 0.0052 0.0071 0.0131 0.0041 0.0062 0.0128 0.0049 0.0061 0.0041 0.0030 0.0084 0.0026 
      H043.7  2 0.0035 0.0061 0.0024 0.0065 0.0027 0.0042 0.0033 0.0039 0.8982 0.0076 0.0032 0.0031 0.0053 0.0057 0.0044 0.0044 0.0045 0.0063 0.0038 0.0053 0.0055 0.0027 0.0048 0.0026 
      H043.8  2 0.0179 0.0070 0.0087 0.0143 0.0028 0.0044 0.0046 0.0127 0.7735 0.0164 0.0064 0.0112 0.0055 0.0064 0.0065 0.0053 0.0451 0.0050 0.0040 0.0043 0.0062 0.0069 0.0218 0.0032 
      H043.9  2 0.0091 0.0138 0.0089 0.0107 0.0047 0.0056 0.0089 0.0163 0.4938 0.0078 0.0046 0.0063 0.0089 0.0060 0.0240 0.0085 0.2960 0.0169 0.0095 0.0035 0.0059 0.0036 0.0224 0.0043 
      H047.1  2 0.0042 0.0067 0.0038 0.0065 0.0041 0.3705 0.0045 0.0302 0.0143 0.0107 0.0083 0.0038 0.0277 0.0202 0.4146 0.0229 0.0036 0.0062 0.0072 0.0056 0.0045 0.0042 0.0112 0.0044 
      H047.2  2 0.0049 0.0375 0.0186 0.0116 0.0113 0.5814 0.0133 0.0093 0.0121 0.0224 0.0257 0.0066 0.0086 0.0051 0.1462 0.0140 0.0155 0.0042 0.0095 0.0168 0.0057 0.0094 0.0059 0.0043 
      H047.3  2 0.0064 0.0277 0.0177 0.0077 0.0234 0.4895 0.0133 0.0141 0.0132 0.0536 0.0241 0.0065 0.0215 0.0083 0.1673 0.0208 0.0271 0.0042 0.0064 0.0115 0.0113 0.0110 0.0064 0.0069 
      H047.4  2 0.0053 0.0424 0.0057 0.0264 0.0130 0.3522 0.0596 0.0158 0.0146 0.1330 0.0099 0.0087 0.0354 0.0081 0.1687 0.0322 0.0103 0.0036 0.0075 0.0122 0.0082 0.0111 0.0080 0.0082 
      H047.5  2 0.0084 0.0208 0.0045 0.0123 0.0194 0.4702 0.0094 0.0275 0.0139 0.0243 0.0299 0.0046 0.0636 0.0179 0.1632 0.0152 0.0189 0.0030 0.0053 0.0106 0.0290 0.0123 0.0124 0.0035 
      H047.6  2 0.0032 0.0155 0.0085 0.0055 0.0127 0.7070 0.0280 0.0070 0.0122 0.0427 0.0097 0.0057 0.0359 0.0048 0.0380 0.0106 0.0081 0.0043 0.0059 0.0087 0.0056 0.0055 0.0039 0.0110 
      H047.7  2 0.0040 0.0047 0.0061 0.0061 0.0053 0.2876 0.0123 0.0132 0.0105 0.0149 0.0071 0.0030 0.1170 0.0118 0.4022 0.0402 0.0038 0.0098 0.0032 0.0046 0.0048 0.0068 0.0122 0.0085 
      H047.8  2 0.0049 0.0162 0.0068 0.0069 0.0094 0.6340 0.0190 0.0174 0.0111 0.0755 0.0113 0.0051 0.0404 0.0094 0.0545 0.0186 0.0056 0.0035 0.0072 0.0063 0.0086 0.0063 0.0078 0.0142 
      H047.9  2 0.0056 0.0092 0.0056 0.0109 0.0106 0.2636 0.0105 0.0390 0.0097 0.0138 0.0178 0.0038 0.0906 0.0190 0.3260 0.0652 0.0057 0.0032 0.0064 0.0087 0.0150 0.0370 0.0186 0.0046 
 H071.1_2002  2 0.0055 0.0072 0.0027 0.0047 0.0053 0.0044 0.0044 0.0051 0.0080 0.0059 0.0070 0.0030 0.0066 0.0076 0.8669 0.0083 0.0049 0.0035 0.0067 0.0063 0.0078 0.0032 0.0103 0.0048 
 H071.1_2003  2 0.0507 0.0339 0.0038 0.0186 0.0237 0.0085 0.0074 0.0135 0.0294 0.0193 0.0093 0.0043 0.0067 0.0203 0.6124 0.0095 0.0108 0.0088 0.0115 0.0252 0.0543 0.0056 0.0064 0.0063 
     H071.10  2 0.0325 0.0038 0.0072 0.0075 0.0039 0.0031 0.0050 0.0059 0.0115 0.0036 0.0034 0.0067 0.0081 0.0068 0.7505 0.0033 0.0105 0.0064 0.0045 0.0031 0.0046 0.0069 0.0979 0.0032 
 H071.2_2002  2 0.0066 0.0055 0.0033 0.0092 0.0112 0.0061 0.0057 0.0091 0.0246 0.0060 0.0102 0.0183 0.0078 0.0080 0.7938 0.0063 0.0064 0.0063 0.0115 0.0093 0.0100 0.0045 0.0158 0.0044 
 H071.2_2003  2 0.0049 0.0035 0.0035 0.0039 0.0036 0.0041 0.0037 0.0087 0.0048 0.0039 0.0047 0.0031 0.0038 0.0058 0.8996 0.0050 0.0034 0.0028 0.0042 0.0050 0.0060 0.0026 0.0052 0.0042 
      H071.3  2 0.0342 0.0123 0.0092 0.0504 0.0037 0.0264 0.0044 0.0225 0.0071 0.0447 0.0052 0.0077 0.0109 0.0072 0.5544 0.0049 0.0123 0.0108 0.0048 0.0043 0.0052 0.0078 0.1362 0.0136 
 H071.4_2002  2 0.0121 0.0042 0.0046 0.0117 0.0061 0.0070 0.0071 0.0043 0.0239 0.0041 0.0058 0.0108 0.0107 0.0059 0.7656 0.0035 0.0192 0.0132 0.0103 0.0059 0.0067 0.0145 0.0398 0.0030 
 H071.4_2003  2 0.0111 0.0049 0.0033 0.0083 0.0030 0.0054 0.0038 0.0138 0.0048 0.0065 0.0056 0.0066 0.0076 0.0030 0.8477 0.0050 0.0043 0.0029 0.0055 0.0035 0.0038 0.0066 0.0274 0.0054 
 H071.5_2002  2 0.0069 0.0050 0.0047 0.0058 0.0028 0.0034 0.0046 0.0054 0.0045 0.0035 0.0033 0.0041 0.0079 0.0038 0.8813 0.0048 0.0077 0.0044 0.0045 0.0035 0.0047 0.0051 0.0148 0.0037 
 H071.5_2003  2 0.0157 0.0133 0.0037 0.0557 0.0051 0.0073 0.0059 0.0131 0.0115 0.0107 0.0103 0.0076 0.0230 0.0041 0.6843 0.0234 0.0115 0.0034 0.0104 0.0103 0.0066 0.0111 0.0474 0.0046 
 H071.6_2002  2 0.0126 0.0071 0.0039 0.0061 0.0033 0.0043 0.0051 0.0100 0.0063 0.0028 0.0039 0.0120 0.0185 0.0056 0.6489 0.0043 0.0087 0.0034 0.0075 0.0041 0.0059 0.0050 0.2074 0.0032 
 H071.6_2003  2 0.0229 0.0058 0.0035 0.0340 0.0029 0.0049 0.0058 0.0065 0.0100 0.0064 0.0048 0.0037 0.0097 0.0057 0.7931 0.0154 0.0138 0.0032 0.0049 0.0070 0.0046 0.0054 0.0221 0.0036 
 H071.7_2002  2 0.0038 0.0109 0.0028 0.0050 0.0028 0.0051 0.0048 0.0101 0.0067 0.0060 0.0048 0.0055 0.0104 0.0060 0.8563 0.0055 0.0039 0.0041 0.0036 0.0059 0.0046 0.0031 0.0244 0.0038 
 H071.7_2003  2 0.0292 0.0092 0.0039 0.0239 0.0036 0.0050 0.0055 0.0132 0.0135 0.0070 0.0074 0.0037 0.0095 0.0045 0.7683 0.0121 0.0109 0.0036 0.0048 0.0085 0.0065 0.0155 0.0256 0.0053 
      H071.8  2 0.0053 0.0054 0.0036 0.0070 0.0086 0.0059 0.0057 0.0159 0.0159 0.0056 0.0068 0.0239 0.0045 0.0068 0.8227 0.0041 0.0050 0.0052 0.0090 0.0085 0.0069 0.0035 0.0094 0.0046 
      H071.9  2 0.0119 0.0060 0.0091 0.0696 0.0146 0.0118 0.0347 0.0096 0.0333 0.0085 0.0057 0.0484 0.0155 0.0060 0.3735 0.0059 0.1844 0.0125 0.0202 0.0151 0.0135 0.0088 0.0778 0.0037 
 H081.1_2002  2 0.0065 0.0120 0.0064 0.0046 0.0107 0.0036 0.0058 0.0176 0.0043 0.0040 0.0043 0.0055 0.0064 0.0076 0.8345 0.0054 0.0041 0.0044 0.0055 0.0107 0.0155 0.0078 0.0080 0.0046 
 H081.1_2003  2 0.0310 0.2271 0.0158 0.0142 0.0162 0.0141 0.0891 0.0857 0.0169 0.0145 0.0168 0.0165 0.0156 0.0334 0.0269 0.0147 0.0143 0.1803 0.0586 0.0565 0.0118 0.0079 0.0128 0.0093 
 H081.2_2002  2 0.0044 0.0150 0.0047 0.0038 0.0104 0.0089 0.0047 0.0158 0.0075 0.0031 0.0032 0.0046 0.0059 0.0056 0.7886 0.0101 0.0043 0.0048 0.0089 0.0084 0.0597 0.0085 0.0053 0.0037 
 H081.2_2003  2 0.5892 0.0123 0.0225 0.0136 0.0061 0.0069 0.0303 0.0910 0.0177 0.0101 0.0088 0.0207 0.0045 0.0136 0.0208 0.0091 0.0066 0.0070 0.0315 0.0098 0.0429 0.0079 0.0114 0.0058 
 H081.3_2002  2 0.0109 0.0054 0.0038 0.0090 0.0086 0.0231 0.0110 0.0083 0.0191 0.0056 0.0040 0.0171 0.0049 0.0107 0.7783 0.0056 0.0066 0.0069 0.0143 0.0063 0.0250 0.0068 0.0051 0.0036 
 H081.3_2003  2 0.1960 0.0105 0.0141 0.0183 0.0129 0.0116 0.0246 0.0279 0.2575 0.0083 0.0108 0.0633 0.0109 0.0177 0.0126 0.0115 0.0402 0.0173 0.1545 0.0155 0.0283 0.0149 0.0122 0.0087 
 H081.4_2002  2 0.0062 0.0065 0.0048 0.0103 0.0042 0.0055 0.0090 0.0081 0.0039 0.0076 0.0062 0.0049 0.0058 0.0108 0.8590 0.0057 0.0047 0.0028 0.0058 0.0043 0.0037 0.0057 0.0094 0.0053 
 H081.4_2003  2 0.1398 0.0644 0.0147 0.1387 0.0224 0.0057 0.1716 0.0123 0.0295 0.0083 0.0281 0.0175 0.0106 0.0215 0.0187 0.0113 0.0264 0.0154 0.1083 0.0592 0.0230 0.0306 0.0073 0.0146 
 H081.5_2002  2 0.0100 0.0095 0.0045 0.0068 0.0035 0.0054 0.0100 0.0122 0.0076 0.0085 0.0054 0.0067 0.0055 0.0084 0.8412 0.0073 0.0058 0.0050 0.0078 0.0085 0.0056 0.0042 0.0064 0.0041 
 H081.5_2003  2 0.0381 0.3552 0.0139 0.0604 0.0159 0.0169 0.0625 0.0286 0.0201 0.0290 0.0124 0.0102 0.0173 0.0369 0.0309 0.0157 0.0101 0.0195 0.0169 0.0956 0.0554 0.0236 0.0065 0.0087 
      H081.6  2 0.0061 0.0247 0.0043 0.0060 0.0071 0.0035 0.0047 0.0185 0.0036 0.0040 0.0062 0.0038 0.0086 0.0146 0.8187 0.0058 0.0040 0.0051 0.0055 0.0093 0.0158 0.0056 0.0101 0.0045 
      H081.7  2 0.0113 0.0067 0.0044 0.0116 0.0065 0.0061 0.0063 0.0103 0.0159 0.0040 0.0035 0.0075 0.0038 0.0163 0.7810 0.0063 0.0055 0.0041 0.0119 0.0076 0.0488 0.0099 0.0070 0.0039 
      H081.8  2 0.0184 0.0081 0.0142 0.0296 0.0092 0.0072 0.0200 0.0097 0.0137 0.0074 0.0054 0.0385 0.0090 0.0181 0.7105 0.0065 0.0091 0.0089 0.0083 0.0094 0.0065 0.0111 0.0155 0.0058 
      H083.1  2 0.0091 0.0215 0.0391 0.0072 0.0180 0.0099 0.0294 0.0048 0.0045 0.0044 0.0109 0.0080 0.0173 0.0051 0.7035 0.0057 0.0088 0.0091 0.0058 0.0064 0.0091 0.0062 0.0490 0.0073 
      H083.2  2 0.0047 0.0144 0.0281 0.0042 0.0078 0.0393 0.0097 0.0055 0.0208 0.0095 0.0063 0.0076 0.0089 0.0035 0.7249 0.0054 0.0402 0.0060 0.0095 0.0071 0.0114 0.0118 0.0099 0.0038 
      H083.4  2 0.0065 0.0146 0.1123 0.0040 0.0059 0.0160 0.0096 0.0175 0.0163 0.0050 0.0043 0.0533 0.0092 0.0043 0.5997 0.0056 0.0172 0.0095 0.0061 0.0051 0.0151 0.0143 0.0438 0.0047 
      H083.5  2 0.0060 0.0232 0.0981 0.0051 0.0656 0.0146 0.0323 0.0099 0.0044 0.0049 0.0096 0.0140 0.0083 0.0036 0.5971 0.0055 0.0066 0.0307 0.0071 0.0083 0.0131 0.0078 0.0165 0.0077 
      H083.6  2 0.0079 0.0181 0.1282 0.0094 0.0623 0.0055 0.0245 0.0080 0.0045 0.0031 0.0145 0.0332 0.0081 0.0081 0.5223 0.0046 0.0061 0.0089 0.0059 0.0064 0.0122 0.0120 0.0774 0.0089 
      H083.7  2 0.0040 0.0080 0.2393 0.0048 0.0096 0.0159 0.0070 0.0132 0.0138 0.0040 0.0055 0.0275 0.0059 0.0053 0.5002 0.0067 0.0104 0.0093 0.0068 0.0055 0.0133 0.0412 0.0371 0.0056 
      H083.8  2 0.0039 0.0126 0.0284 0.0054 0.0132 0.0676 0.0084 0.0048 0.0148 0.0087 0.0075 0.0057 0.0073 0.0039 0.7116 0.0050 0.0308 0.0062 0.0083 0.0084 0.0103 0.0151 0.0082 0.0039 
      H083.9  2 0.0065 0.0139 0.1621 0.0057 0.0412 0.0171 0.0251 0.0093 0.0029 0.0060 0.0068 0.0086 0.0085 0.0050 0.6022 0.0068 0.0057 0.0070 0.0047 0.0064 0.0086 0.0070 0.0228 0.0101 
      H084.1  2 0.5327 0.0079 0.0065 0.0294 0.0367 0.0155 0.0360 0.0066 0.0122 0.0120 0.0187 0.0107 0.0146 0.0046 0.0115 0.0074 0.0867 0.0856 0.0240 0.0090 0.0073 0.0122 0.0064 0.0058 
      H084.2  2 0.3684 0.0067 0.0045 0.0277 0.0055 0.0050 0.0943 0.0048 0.0162 0.0036 0.0084 0.0082 0.0058 0.0063 0.0072 0.0085 0.3038 0.0606 0.0263 0.0061 0.0032 0.0065 0.0087 0.0040 
      H084.3  2 0.2799 0.0255 0.0124 0.0159 0.0391 0.0113 0.0200 0.0066 0.0087 0.0160 0.0097 0.0066 0.0327 0.0179 0.0063 0.0278 0.0286 0.2590 0.0423 0.0061 0.0074 0.0873 0.0060 0.0269 
      H084.4  2 0.1607 0.0564 0.0055 0.0915 0.0184 0.0141 0.0605 0.0089 0.0144 0.0927 0.0071 0.0117 0.0191 0.0274 0.0058 0.0643 0.0278 0.2396 0.0294 0.0059 0.0036 0.0141 0.0068 0.0143 
      H084.5  2 0.4207 0.0364 0.0054 0.0321 0.0635 0.0212 0.0122 0.0056 0.0070 0.0646 0.0098 0.0111 0.1624 0.0249 0.0051 0.0162 0.0224 0.0313 0.0055 0.0093 0.0071 0.0159 0.0056 0.0046 
      H084.6  2 0.6463 0.0115 0.0149 0.0097 0.0218 0.0276 0.0059 0.0055 0.0072 0.0294 0.0052 0.0132 0.0346 0.0100 0.0063 0.0102 0.0079 0.0646 0.0085 0.0038 0.0070 0.0376 0.0044 0.0068 
      H084.7  2 0.5573 0.0091 0.0059 0.0331 0.0087 0.0059 0.0780 0.0047 0.0049 0.0083 0.0089 0.0108 0.0077 0.0076 0.0070 0.0183 0.1708 0.0118 0.0078 0.0054 0.0048 0.0098 0.0067 0.0065 
      H084.8  2 0.5011 0.0143 0.0060 0.0202 0.1104 0.0180 0.0080 0.0077 0.0045 0.0474 0.0100 0.0110 0.0280 0.0117 0.0054 0.0155 0.0229 0.0921 0.0091 0.0054 0.0073 0.0311 0.0043 0.0084 
 H085.1_2002  2 0.0148 0.0057 0.0103 0.0068 0.0055 0.0057 0.0351 0.0134 0.0116 0.0038 0.0050 0.0075 0.0118 0.0112 0.0312 0.0055 0.0149 0.0158 0.0189 0.0126 0.7340 0.0048 0.0087 0.0052 
 H085.1_2003  2 0.0102 0.0062 0.0951 0.0760 0.0092 0.0103 0.0842 0.0319 0.0088 0.0311 0.0078 0.0223 0.0038 0.0234 0.2966 0.0062 0.0480 0.0166 0.0101 0.0076 0.1305 0.0116 0.0380 0.0147 
 H085.2_2002  2 0.0205 0.0245 0.1294 0.0188 0.0132 0.0076 0.0398 0.0109 0.0567 0.0050 0.0058 0.0143 0.0122 0.1068 0.0285 0.0068 0.0201 0.0616 0.0674 0.1260 0.1844 0.0162 0.0159 0.0076 
 H085.2_2003  2 0.0189 0.0145 0.0391 0.0315 0.0062 0.0299 0.0725 0.0775 0.0088 0.0194 0.0170 0.0166 0.0060 0.0306 0.4619 0.0086 0.0269 0.0111 0.0115 0.0131 0.0200 0.0066 0.0346 0.0173 
 H085.3_2002  2 0.0044 0.0150 0.0181 0.0194 0.0074 0.0049 0.0094 0.0213 0.0082 0.0120 0.0050 0.0043 0.0037 0.0258 0.0097 0.0139 0.0063 0.0041 0.0263 0.0483 0.7072 0.0066 0.0062 0.0127 
 H085.3_2003  2 0.0181 0.0104 0.0066 0.0521 0.0037 0.0070 0.0074 0.0552 0.0056 0.1355 0.0065 0.0059 0.0032 0.1130 0.4679 0.0085 0.0129 0.0035 0.0047 0.0062 0.0332 0.0052 0.0119 0.0159 
 H085.4_2002  2 0.0178 0.0092 0.0238 0.0102 0.0145 0.0059 0.0298 0.1128 0.0856 0.0034 0.0100 0.0099 0.0131 0.0604 0.0818 0.0071 0.0193 0.0354 0.0474 0.0348 0.3213 0.0121 0.0283 0.0062 
 H085.4_2003  2 0.0265 0.0252 0.0079 0.0166 0.0059 0.0086 0.0445 0.0097 0.0154 0.0708 0.0061 0.0044 0.0330 0.0433 0.5092 0.0478 0.0068 0.0082 0.0049 0.0298 0.0084 0.0141 0.0062 0.0466 
 H085.5_2002  2 0.0042 0.0046 0.0032 0.0136 0.0078 0.0048 0.0079 0.0184 0.0086 0.0120 0.0056 0.0035 0.0036 0.0141 0.0066 0.0052 0.0073 0.0043 0.0065 0.0162 0.8261 0.0062 0.0052 0.0045 
 H085.5_2003  2 0.0356 0.0092 0.0408 0.0096 0.0031 0.0149 0.0216 0.0852 0.0041 0.0057 0.0090 0.0063 0.0043 0.0301 0.6028 0.0088 0.0087 0.0053 0.0081 0.0067 0.0208 0.0041 0.0313 0.0239 
 H085.6_2002  2 0.0059 0.0106 0.0216 0.0139 0.0060 0.0066 0.0196 0.0070 0.0093 0.0067 0.0040 0.0068 0.0086 0.0138 0.0089 0.0069 0.0157 0.0091 0.0659 0.0268 0.7102 0.0046 0.0072 0.0044 
 H085.6_2003  2 0.0062 0.0500 0.0053 0.2856 0.0107 0.0159 0.0276 0.0275 0.0101 0.1701 0.0160 0.0073 0.0047 0.1309 0.0586 0.0226 0.0138 0.0053 0.0083 0.0583 0.0364 0.0106 0.0061 0.0120 
 H085.7_2002  2 0.0201 0.0731 0.0484 0.0181 0.0065 0.0414 0.0412 0.0422 0.0161 0.0142 0.0072 0.0083 0.0054 0.0709 0.0556 0.0158 0.0086 0.0132 0.0609 0.1021 0.2929 0.0081 0.0116 0.0182 
 H085.7_2003  2 0.0050 0.0058 0.0104 0.0443 0.0077 0.0126 0.0128 0.0629 0.0089 0.0914 0.0114 0.0070 0.0046 0.0661 0.4986 0.0127 0.0303 0.0094 0.0084 0.0083 0.0138 0.0098 0.0456 0.0122 
 H085.8_2002  2 0.0091 0.0530 0.0169 0.1215 0.0094 0.0069 0.0174 0.0164 0.0216 0.0459 0.0052 0.0104 0.0039 0.3037 0.0208 0.0077 0.0073 0.0111 0.0330 0.0793 0.1694 0.0112 0.0134 0.0053 
 H085.8_2003  2 0.0171 0.0161 0.0993 0.0329 0.0104 0.0309 0.2115 0.0319 0.0133 0.0201 0.0120 0.0072 0.0175 0.0742 0.1307 0.0505 0.0407 0.0147 0.0143 0.0406 0.0405 0.0239 0.0219 0.0278 
      H085.9  2 0.0165 0.0144 0.0093 0.0081 0.0076 0.0085 0.0306 0.0350 0.0137 0.0078 0.0076 0.0120 0.0104 0.0407 0.0521 0.0103 0.0118 0.0252 0.0106 0.0390 0.5964 0.0099 0.0128 0.0097 
      H088.1  2 0.0074 0.0088 0.0091 0.0079 0.0909 0.0080 0.6249 0.0151 0.0060 0.0036 0.0166 0.0350 0.0046 0.0034 0.0072 0.0074 0.0079 0.0084 0.0334 0.0154 0.0210 0.0213 0.0173 0.0191 
      H088.2  2 0.0053 0.0149 0.0095 0.0050 0.0449 0.0110 0.7328 0.0059 0.0066 0.0028 0.0083 0.0108 0.0122 0.0039 0.0051 0.0098 0.0075 0.0049 0.0211 0.0223 0.0211 0.0143 0.0139 0.0060 
      H088.3  2 0.0051 0.0118 0.0068 0.0045 0.0318 0.0119 0.7812 0.0074 0.0065 0.0036 0.0074 0.0174 0.0088 0.0045 0.0040 0.0078 0.0073 0.0059 0.0144 0.0141 0.0112 0.0066 0.0135 0.0066 
      H088.4  2 0.0102 0.0062 0.0025 0.0081 0.0043 0.0037 0.8485 0.0049 0.0103 0.0059 0.0065 0.0093 0.0053 0.0038 0.0060 0.0063 0.0069 0.0042 0.0063 0.0062 0.0034 0.0031 0.0042 0.0239 
      H088.5  2 0.0038 0.0036 0.0036 0.0053 0.0095 0.0052 0.8784 0.0047 0.0050 0.0042 0.0063 0.0105 0.0039 0.0028 0.0037 0.0068 0.0044 0.0032 0.0082 0.0072 0.0038 0.0040 0.0052 0.0070 
      H088.6  2 0.0050 0.0048 0.0043 0.0062 0.0090 0.0078 0.8462 0.0059 0.0041 0.0048 0.0078 0.0207 0.0048 0.0039 0.0065 0.0058 0.0051 0.0042 0.0085 0.0053 0.0037 0.0052 0.0089 0.0116 
      H088.7  2 0.0051 0.0081 0.0047 0.0060 0.0069 0.0132 0.8539 0.0076 0.0042 0.0051 0.0048 0.0070 0.0080 0.0052 0.0089 0.0061 0.0080 0.0043 0.0066 0.0062 0.0059 0.0043 0.0046 0.0054 
      H088.8  2 0.0072 0.0071 0.0044 0.0068 0.0072 0.0103 0.8191 0.0086 0.0042 0.0055 0.0095 0.0199 0.0051 0.0035 0.0130 0.0076 0.0054 0.0041 0.0090 0.0077 0.0043 0.0064 0.0104 0.0137 
      H091.1  2 0.0066 0.0045 0.0158 0.0550 0.0089 0.0078 0.2686 0.0233 0.0105 0.0188 0.0102 0.0047 0.0076 0.0519 0.0167 0.0094 0.0296 0.0066 0.0059 0.0056 0.0070 0.0067 0.0531 0.3649 
      H091.2  2 0.0037 0.0032 0.0228 0.0115 0.0053 0.0132 0.5010 0.1439 0.0064 0.0508 0.0108 0.0050 0.0067 0.0356 0.0112 0.0064 0.0181 0.0036 0.0038 0.0067 0.0069 0.0103 0.0758 0.0373 
      H109.1  2 0.0284 0.0101 0.0811 0.1069 0.0149 0.1798 0.0070 0.0276 0.0283 0.0159 0.0132 0.0885 0.0439 0.0206 0.0098 0.0068 0.2008 0.0412 0.0167 0.0098 0.0160 0.0100 0.0134 0.0092 
      H109.2  2 0.2067 0.0103 0.0165 0.2935 0.0135 0.0385 0.0106 0.0175 0.0252 0.0106 0.0050 0.0132 0.0489 0.0133 0.0322 0.0148 0.1091 0.0151 0.0166 0.0219 0.0056 0.0179 0.0321 0.0115 
      H109.3  2 0.0495 0.0121 0.0097 0.2016 0.0161 0.1616 0.0153 0.0050 0.0257 0.0422 0.0213 0.0081 0.0099 0.0070 0.0106 0.0431 0.2287 0.0082 0.0126 0.0074 0.0027 0.0117 0.0809 0.0090 
      H109.4  2 0.0276 0.0073 0.0116 0.4366 0.0141 0.0207 0.0075 0.0095 0.0397 0.0241 0.0070 0.0313 0.0118 0.0096 0.0099 0.0219 0.1582 0.0165 0.0309 0.0086 0.0056 0.0088 0.0502 0.0309 
      H109.5  2 0.0553 0.0137 0.0069 0.2455 0.1156 0.0271 0.0502 0.0125 0.0116 0.0463 0.0110 0.0062 0.0162 0.0100 0.0585 0.1024 0.0916 0.0038 0.0045 0.0072 0.0068 0.0064 0.0826 0.0082 
      H109.6  2 0.1803 0.0131 0.0122 0.1807 0.0264 0.0875 0.0092 0.0485 0.0321 0.0136 0.0111 0.1076 0.0510 0.0082 0.0293 0.0210 0.0650 0.0173 0.0175 0.0153 0.0061 0.0243 0.0128 0.0099 
      H126.1  2 0.0064 0.0152 0.0071 0.0181 0.0139 0.0084 0.0169 0.0126 0.1236 0.0075 0.0577 0.0177 0.1661 0.0296 0.0071 0.1406 0.0697 0.0080 0.0292 0.0355 0.1504 0.0058 0.0379 0.0148 
      H126.2  2 0.0052 0.0333 0.0134 0.0700 0.0057 0.0593 0.0095 0.0438 0.0689 0.0052 0.0202 0.0089 0.0203 0.0145 0.0477 0.0194 0.0098 0.0356 0.0230 0.0198 0.0679 0.0067 0.3710 0.0208 
      H126.3  2 0.0035 0.0040 0.0117 0.0047 0.0080 0.0068 0.0834 0.0085 0.0113 0.0049 0.0056 0.0113 0.3170 0.0073 0.0144 0.0062 0.0222 0.0046 0.0059 0.0091 0.0070 0.0037 0.4262 0.0129 
      H126.4  2 0.0147 0.0158 0.0211 0.0380 0.0360 0.0244 0.0396 0.0284 0.2546 0.0115 0.0401 0.0156 0.0518 0.0080 0.0290 0.0088 0.0217 0.0172 0.0220 0.0459 0.0209 0.0100 0.1919 0.0331 
      H126.5  2 0.0057 0.0340 0.0061 0.0135 0.0050 0.0057 0.0076 0.2657 0.0422 0.0060 0.0321 0.0076 0.0574 0.0074 0.0477 0.0319 0.0072 0.0040 0.0159 0.0370 0.0184 0.0061 0.3306 0.0053 
      H126.6  2 0.0040 0.0214 0.0049 0.0063 0.0056 0.0140 0.0388 0.0285 0.0201 0.0106 0.0075 0.0066 0.1833 0.0045 0.1172 0.0069 0.0065 0.0050 0.0336 0.0150 0.1271 0.0038 0.3251 0.0038 
      H126.7  2 0.0060 0.0320 0.0069 0.0204 0.0065 0.0098 0.1155 0.0123 0.0083 0.0085 0.0101 0.0065 0.0208 0.0058 0.4949 0.0088 0.0079 0.0029 0.0161 0.0063 0.0464 0.0075 0.1270 0.0129 
      H130.1  2 0.0088 0.0164 0.0076 0.0183 0.0175 0.0091 0.0203 0.0077 0.0240 0.0115 0.0168 0.0190 0.0052 0.0091 0.0060 0.0527 0.0139 0.0053 0.3336 0.3631 0.0073 0.0068 0.0096 0.0104 
      H130.2  2 0.3007 0.0394 0.0337 0.0347 0.0078 0.0289 0.0342 0.0059 0.0224 0.0280 0.0310 0.0768 0.0045 0.0095 0.0308 0.0102 0.0191 0.0071 0.0584 0.1548 0.0129 0.0242 0.0149 0.0101 
      H130.3  2 0.1077 0.0571 0.0035 0.0083 0.0057 0.0104 0.0246 0.0046 0.0070 0.0037 0.2363 0.0156 0.0045 0.0051 0.0278 0.0088 0.0188 0.0045 0.3665 0.0349 0.0053 0.0087 0.0076 0.0231 
      H130.4  2 0.0209 0.0109 0.0140 0.0113 0.0084 0.0127 0.0238 0.0068 0.0532 0.0050 0.0733 0.0284 0.0046 0.0056 0.0064 0.0110 0.0357 0.0224 0.2029 0.3902 0.0130 0.0155 0.0159 0.0084 
      H130.5  2 0.1089 0.0591 0.0134 0.0145 0.0149 0.0061 0.0416 0.0036 0.0230 0.0058 0.0078 0.0099 0.0050 0.0082 0.0451 0.0106 0.0155 0.0041 0.1249 0.4245 0.0210 0.0187 0.0076 0.0062 
      H133.1  2 0.0091 0.0081 0.0068 0.0192 0.0104 0.0098 0.0135 0.0057 0.0310 0.0193 0.0217 0.0048 0.0062 0.0052 0.0158 0.0313 0.7034 0.0224 0.0119 0.0187 0.0103 0.0059 0.0054 0.0043 
      H133.2  2 0.0848 0.0123 0.0060 0.0427 0.0227 0.0305 0.0299 0.0105 0.2182 0.0285 0.0146 0.0121 0.0106 0.0078 0.0074 0.0250 0.3046 0.0063 0.0328 0.0432 0.0275 0.0046 0.0116 0.0057 
      H133.3  2 0.0098 0.0051 0.0077 0.0188 0.0275 0.0126 0.0514 0.0052 0.0098 0.0063 0.0091 0.0054 0.0058 0.0061 0.0147 0.0194 0.6821 0.0305 0.0131 0.0143 0.0203 0.0067 0.0128 0.0056 
      H133.4  2 0.0141 0.0118 0.0050 0.0198 0.0094 0.0243 0.0077 0.0159 0.0796 0.0770 0.0148 0.0152 0.0057 0.0092 0.0093 0.0130 0.5982 0.0193 0.0096 0.0130 0.0129 0.0062 0.0051 0.0041 
      H133.5  2 0.0233 0.0153 0.0064 0.0178 0.0070 0.0055 0.0369 0.0071 0.0375 0.0051 0.0146 0.0135 0.0052 0.0075 0.0058 0.0053 0.7072 0.0079 0.0167 0.0104 0.0275 0.0035 0.0095 0.0035 
      H133.6  2 0.0278 0.0117 0.0064 0.0144 0.0150 0.0080 0.1150 0.0069 0.1886 0.0050 0.0100 0.0121 0.0093 0.0067 0.0077 0.0471 0.4088 0.0065 0.0379 0.0156 0.0178 0.0080 0.0084 0.0053 
      H133.7  2 0.0061 0.0065 0.0053 0.0392 0.0235 0.0291 0.0096 0.0067 0.0351 0.0882 0.0097 0.0041 0.0057 0.0111 0.0153 0.0226 0.5560 0.0407 0.0076 0.0249 0.0249 0.0157 0.0042 0.0082 
      H133.8  2 0.0079 0.0044 0.0093 0.0174 0.0088 0.0115 0.0116 0.0040 0.0413 0.0243 0.0227 0.0035 0.0057 0.0291 0.0062 0.0061 0.6532 0.0201 0.0147 0.0153 0.0650 0.0047 0.0089 0.0043 
      H133.9  2 0.0099 0.0089 0.0074 0.0102 0.0110 0.0092 0.0137 0.0059 0.0206 0.0069 0.0178 0.0041 0.0046 0.0040 0.0137 0.0156 0.7656 0.0174 0.0103 0.0203 0.0075 0.0046 0.0050 0.0059 
      H147.1  2 0.0915 0.1046 0.0328 0.0640 0.0145 0.0316 0.0141 0.0918 0.0086 0.1224 0.0039 0.0044 0.0171 0.0956 0.1009 0.0154 0.0071 0.0167 0.0060 0.0255 0.0552 0.0093 0.0090 0.0581 
      H147.2  2 0.0257 0.0873 0.0044 0.0195 0.0067 0.0067 0.0097 0.0072 0.0061 0.0114 0.0038 0.0052 0.0080 0.0316 0.6950 0.0097 0.0041 0.0052 0.0045 0.0145 0.0152 0.0065 0.0038 0.0081 
      H147.3  2 0.0397 0.0614 0.0064 0.0161 0.0099 0.0053 0.0050 0.0240 0.0061 0.0092 0.0056 0.0031 0.0060 0.0168 0.6965 0.0091 0.0040 0.0053 0.0045 0.0129 0.0281 0.0089 0.0062 0.0101 
      H147.4  2 0.1153 0.0265 0.0103 0.0089 0.0050 0.0086 0.0040 0.0518 0.0038 0.0367 0.0047 0.0042 0.0050 0.0204 0.6132 0.0047 0.0034 0.0236 0.0038 0.0054 0.0147 0.0037 0.0043 0.0179 
      H147.5  2 0.2386 0.0742 0.0187 0.0225 0.0201 0.0095 0.0507 0.0124 0.0033 0.0123 0.0080 0.0083 0.0093 0.0122 0.3426 0.0346 0.0047 0.0058 0.0065 0.0138 0.0203 0.0063 0.0160 0.0495 
      H147.6  2 0.2884 0.0698 0.0224 0.0427 0.0083 0.0121 0.0541 0.0110 0.0052 0.0227 0.0070 0.0090 0.0121 0.0130 0.2773 0.0402 0.0045 0.0068 0.0067 0.0069 0.0121 0.0048 0.0214 0.0417 
      H147.7  2 0.0760 0.0267 0.0145 0.0211 0.0118 0.0149 0.0048 0.0914 0.0044 0.0672 0.0118 0.0036 0.0083 0.0182 0.5040 0.0091 0.0043 0.0292 0.0039 0.0100 0.0092 0.0078 0.0088 0.0390 
      H147.8  2 0.2389 0.0219 0.0262 0.0162 0.0055 0.0126 0.0429 0.0105 0.0036 0.0221 0.0037 0.0110 0.0083 0.0149 0.3890 0.0038 0.0051 0.0282 0.0043 0.0042 0.0098 0.0036 0.0789 0.0349 
      H147.9  2 0.0395 0.0459 0.0064 0.0182 0.0108 0.0099 0.0052 0.0203 0.0056 0.0163 0.0051 0.0048 0.0072 0.0205 0.6992 0.0130 0.0042 0.0069 0.0040 0.0112 0.0252 0.0065 0.0077 0.0065 
      H148.1  2 0.0563 0.0448 0.0250 0.0506 0.0208 0.0118 0.0203 0.0251 0.0427 0.0119 0.0073 0.1003 0.0536 0.0755 0.0098 0.0137 0.0273 0.0477 0.0296 0.2484 0.0079 0.0308 0.0147 0.0243 
      H148.2  2 0.0229 0.0238 0.0183 0.0229 0.1457 0.0139 0.0083 0.0104 0.0263 0.0087 0.0062 0.0583 0.0801 0.0339 0.0147 0.0067 0.0516 0.0408 0.0167 0.2119 0.0274 0.1281 0.0138 0.0087 
      H148.3  2 0.0193 0.0107 0.0091 0.0082 0.0569 0.0137 0.0102 0.0328 0.0101 0.0092 0.0070 0.0770 0.0125 0.3292 0.0083 0.0167 0.0055 0.0572 0.0063 0.0264 0.0066 0.2459 0.0069 0.0143 
      H148.4  2 0.0108 0.0836 0.0075 0.0138 0.0394 0.0093 0.0069 0.0204 0.0227 0.0103 0.0068 0.2751 0.0262 0.0739 0.0090 0.0156 0.0128 0.0364 0.0101 0.2489 0.0106 0.0252 0.0096 0.0150 
      H148.5  2 0.0544 0.0327 0.0078 0.0102 0.1118 0.0102 0.0205 0.0121 0.0091 0.0042 0.0066 0.2112 0.0251 0.0286 0.0073 0.0053 0.0066 0.0232 0.0068 0.0297 0.0077 0.3267 0.0093 0.0327 
      H148.6  2 0.0195 0.0271 0.0344 0.0126 0.0625 0.0115 0.0085 0.0197 0.0096 0.0094 0.0044 0.0998 0.0267 0.0515 0.0149 0.0124 0.0118 0.0992 0.0146 0.1586 0.0133 0.2343 0.0080 0.0357 
      H148.7  2 0.0265 0.0340 0.0117 0.0213 0.1570 0.0348 0.0251 0.0065 0.0137 0.0092 0.0192 0.2093 0.0262 0.0286 0.0064 0.0070 0.0330 0.0438 0.0156 0.1052 0.0087 0.0746 0.0154 0.0673 
      H148.8  2 0.0138 0.0221 0.0060 0.0059 0.0861 0.0048 0.0183 0.0096 0.0079 0.0068 0.0039 0.0670 0.0087 0.0393 0.0079 0.0072 0.0068 0.0270 0.0073 0.3548 0.0102 0.2063 0.0060 0.0663 
      H148.9  2 0.0206 0.0116 0.0169 0.0083 0.0238 0.0509 0.0077 0.0421 0.0119 0.0092 0.0091 0.0618 0.1093 0.1016 0.0059 0.0065 0.0413 0.1134 0.0197 0.1493 0.0616 0.0811 0.0157 0.0204 
   H166022.1  2 0.1190 0.0351 0.0811 0.0087 0.0123 0.0096 0.3001 0.0307 0.0045 0.0125 0.0039 0.0046 0.0104 0.0138 0.0101 0.0122 0.0059 0.0096 0.0156 0.0108 0.0164 0.0054 0.0107 0.2571 
   H166022.2  2 0.1174 0.1571 0.0339 0.0602 0.0133 0.0377 0.1905 0.0122 0.0051 0.0266 0.0104 0.0207 0.0139 0.0099 0.0417 0.0177 0.0104 0.0130 0.0076 0.0207 0.0132 0.0156 0.0252 0.1258 
   H166022.3  2 0.0122 0.0307 0.0939 0.0099 0.0080 0.0092 0.1727 0.0054 0.0031 0.0049 0.0068 0.0106 0.0050 0.0060 0.0043 0.0071 0.0112 0.0044 0.0230 0.0122 0.0046 0.0065 0.0080 0.5403 
   H166022.4  2 0.0103 0.0760 0.0192 0.0084 0.0088 0.0092 0.6103 0.0040 0.0037 0.0041 0.0078 0.0149 0.0049 0.0118 0.0060 0.0063 0.0078 0.0055 0.0195 0.0056 0.0041 0.0049 0.0065 0.1401 
   H166022.5  2 0.0991 0.0966 0.0275 0.0232 0.0081 0.0098 0.4146 0.0109 0.0036 0.0064 0.0081 0.0086 0.0062 0.0122 0.0079 0.0251 0.0124 0.0054 0.0180 0.0079 0.0048 0.0082 0.0098 0.1656 
   H166022.6  2 0.0356 0.0473 0.0237 0.0118 0.0124 0.0156 0.2440 0.0097 0.0090 0.0105 0.0083 0.0082 0.0094 0.0168 0.0059 0.0076 0.0132 0.0210 0.0845 0.0256 0.0071 0.0050 0.0060 0.3621 
   H166022.7  2 0.0056 0.0043 0.0033 0.0148 0.0041 0.0058 0.0072 0.0088 0.0059 0.0138 0.0058 0.8570 0.0059 0.0044 0.0063 0.0076 0.0052 0.0051 0.0047 0.0047 0.0043 0.0034 0.0077 0.0043 
   H166022.8  2 0.1055 0.3743 0.0300 0.0281 0.0132 0.0132 0.0502 0.0317 0.0150 0.0092 0.0139 0.0066 0.0074 0.0170 0.0123 0.0216 0.0119 0.0059 0.0376 0.0628 0.0168 0.0064 0.0068 0.1025 
   H167397.1  2 0.0245 0.0203 0.0058 0.0097 0.0077 0.0054 0.0301 0.0112 0.0369 0.1292 0.0050 0.0077 0.0116 0.0175 0.0265 0.0136 0.0051 0.4343 0.0049 0.0054 0.0047 0.0080 0.0077 0.1672 
   H167397.2  2 0.0226 0.0951 0.0328 0.0074 0.0078 0.0077 0.0197 0.0164 0.0153 0.0186 0.0057 0.0136 0.0068 0.0991 0.0195 0.0072 0.0096 0.4336 0.0068 0.0724 0.0344 0.0086 0.0321 0.0072 
   H167397.3  2 0.0122 0.0133 0.0057 0.0061 0.0049 0.0082 0.0278 0.0299 0.0260 0.1177 0.0091 0.0044 0.0231 0.0127 0.0361 0.0146 0.0079 0.5575 0.0041 0.0116 0.0043 0.0101 0.0107 0.0419 
   H167397.4  2 0.0163 0.0160 0.0242 0.0058 0.0213 0.0309 0.0173 0.0143 0.0035 0.0239 0.0088 0.0131 0.0118 0.1248 0.0235 0.0039 0.0120 0.5364 0.0058 0.0169 0.0306 0.0112 0.0218 0.0059 
   H167397.5  2 0.0208 0.0458 0.0099 0.0156 0.0078 0.0067 0.0311 0.0073 0.0247 0.0459 0.0053 0.0179 0.0055 0.0805 0.0208 0.0170 0.0073 0.5544 0.0074 0.0180 0.0056 0.0103 0.0120 0.0226 
   H167397.6  2 0.0055 0.0069 0.0058 0.0057 0.0136 0.0097 0.0304 0.0205 0.0113 0.1084 0.0123 0.0069 0.0528 0.0238 0.0249 0.0085 0.0163 0.5528 0.0078 0.0177 0.0089 0.0068 0.0129 0.0299 
   H167496.1  2 0.0105 0.0264 0.0203 0.0260 0.1381 0.0123 0.1917 0.0073 0.0082 0.0057 0.0134 0.0061 0.0172 0.0314 0.0106 0.2690 0.0507 0.0101 0.0501 0.0096 0.0050 0.0420 0.0178 0.0203 
   H167496.2  2 0.0132 0.0654 0.0077 0.1560 0.0411 0.0496 0.1095 0.0086 0.0148 0.0108 0.0084 0.0470 0.0802 0.0116 0.0622 0.0471 0.0365 0.0133 0.0525 0.0213 0.0102 0.0907 0.0378 0.0046 
   H167496.3  2 0.0066 0.0726 0.0647 0.0200 0.0435 0.0313 0.0809 0.0511 0.0065 0.0062 0.0167 0.0068 0.0077 0.0453 0.0333 0.0876 0.0211 0.0097 0.0706 0.0731 0.1005 0.0759 0.0102 0.0581 
   H167496.4  2 0.0055 0.0067 0.0062 0.0046 0.0044 0.0046 0.8844 0.0075 0.0030 0.0039 0.0047 0.0040 0.0056 0.0060 0.0072 0.0049 0.0046 0.0036 0.0045 0.0030 0.0060 0.0038 0.0063 0.0049 
   H167496.6  2 0.0092 0.1202 0.0052 0.0820 0.0108 0.0071 0.6169 0.0223 0.0045 0.0065 0.0110 0.0065 0.0094 0.0089 0.0123 0.0102 0.0083 0.0051 0.0065 0.0076 0.0064 0.0034 0.0072 0.0128 
   H167496.7  2 0.0064 0.0211 0.0220 0.0246 0.0080 0.0186 0.0095 0.0115 0.0078 0.0411 0.0062 0.0049 0.0144 0.0354 0.0080 0.5234 0.0174 0.0055 0.0571 0.0577 0.0049 0.0464 0.0138 0.0343 
   H167496.8  2 0.0098 0.0632 0.0064 0.0810 0.0088 0.0101 0.6586 0.0133 0.0050 0.0156 0.0052 0.0045 0.0306 0.0089 0.0141 0.0171 0.0083 0.0045 0.0049 0.0069 0.0039 0.0039 0.0091 0.0063 
   H167513.1  2 0.0092 0.0095 0.0073 0.0054 0.0037 0.8395 0.0066 0.0031 0.0083 0.0082 0.0043 0.0094 0.0097 0.0054 0.0051 0.0060 0.0085 0.0061 0.0155 0.0082 0.0058 0.0040 0.0065 0.0046 
   H167513.2  2 0.0060 0.0069 0.0048 0.0111 0.0115 0.8062 0.0102 0.0097 0.0087 0.0084 0.0041 0.0051 0.0097 0.0061 0.0045 0.0193 0.0055 0.0158 0.0059 0.0130 0.0052 0.0081 0.0036 0.0106 
   H167513.3  2 0.0285 0.0147 0.0096 0.0075 0.0036 0.7635 0.0048 0.0338 0.0046 0.0115 0.0152 0.0059 0.0088 0.0055 0.0082 0.0071 0.0159 0.0084 0.0089 0.0057 0.0044 0.0084 0.0066 0.0088 
   H167513.4  2 0.0152 0.0252 0.0414 0.0098 0.0112 0.6113 0.0203 0.0054 0.0086 0.0144 0.0055 0.0077 0.0172 0.0059 0.0084 0.0087 0.1286 0.0077 0.0079 0.0106 0.0066 0.0115 0.0034 0.0075 
   H167513.5  2 0.0045 0.0050 0.0054 0.0116 0.0105 0.8483 0.0078 0.0040 0.0133 0.0096 0.0034 0.0036 0.0075 0.0046 0.0042 0.0059 0.0051 0.0113 0.0043 0.0086 0.0064 0.0039 0.0041 0.0071 
   H167513.6  2 0.0401 0.0146 0.0119 0.0061 0.0037 0.7695 0.0086 0.0069 0.0058 0.0081 0.0056 0.0067 0.0124 0.0068 0.0103 0.0143 0.0084 0.0074 0.0098 0.0065 0.0074 0.0080 0.0059 0.0154 
   H167513.7  2 0.0081 0.0067 0.0194 0.0088 0.0036 0.8214 0.0075 0.0058 0.0082 0.0046 0.0047 0.0059 0.0089 0.0060 0.0090 0.0038 0.0160 0.0162 0.0066 0.0071 0.0068 0.0042 0.0055 0.0053 
   H167513.8  2 0.0171 0.0117 0.0046 0.0131 0.0026 0.8364 0.0043 0.0055 0.0085 0.0110 0.0083 0.0069 0.0087 0.0034 0.0058 0.0035 0.0100 0.0116 0.0059 0.0037 0.0034 0.0045 0.0050 0.0044 
   H167547.1  2 0.0046 0.0100 0.0055 0.0054 0.0066 0.0055 0.0033 0.0059 0.0068 0.0200 0.0072 0.0076 0.0075 0.0056 0.0044 0.0332 0.0056 0.0070 0.0120 0.0271 0.0051 0.0556 0.0058 0.7426 
   H167547.2  2 0.0045 0.0054 0.0058 0.0068 0.0069 0.0046 0.0044 0.0057 0.0046 0.0534 0.0051 0.0035 0.0074 0.0066 0.0044 0.0248 0.0036 0.0055 0.0071 0.0098 0.0060 0.0295 0.0058 0.7785 
