      H008.1  2 0.0044 0.0158 0.0099 0.0190 0.0042 0.0050 0.0049 0.0104 0.0102 0.0091 0.0049 0.0805 0.0136 0.0108 0.6760 0.0089 0.0067 0.0106 0.0083 0.0227 0.0125 0.0318 0.0062 0.0051 0.0084 
      H008.2  2 0.0206 0.0125 0.0074 0.1481 0.0156 0.0148 0.0058 0.0502 0.0201 0.0253 0.0100 0.0112 0.0643 0.0319 0.3545 0.0083 0.0777 0.0073 0.0064 0.0207 0.0243 0.0298 0.0047 0.0088 0.0196 
      H008.3  2 0.0121 0.0836 0.0190 0.1000 0.0191 0.0179 0.0067 0.0418 0.0061 0.0224 0.0185 0.0058 0.0203 0.0389 0.3697 0.0106 0.0142 0.0185 0.0077 0.0136 0.0093 0.1172 0.0081 0.0064 0.0126 
      H008.4  2 0.0138 0.0057 0.0107 0.0174 0.0184 0.0094 0.0034 0.0184 0.0062 0.0102 0.0248 0.0121 0.0153 0.0117 0.7093 0.0153 0.0110 0.0084 0.0162 0.0093 0.0103 0.0125 0.0081 0.0168 0.0051 
      H008.5  2 0.0055 0.0079 0.0119 0.0185 0.0166 0.0070 0.0038 0.0076 0.0041 0.0083 0.0083 0.0075 0.0083 0.0056 0.8234 0.0086 0.0035 0.0061 0.0057 0.0054 0.0046 0.0091 0.0035 0.0038 0.0053 
      H008.6  2 0.0300 0.0077 0.0103 0.1050 0.0089 0.0135 0.0058 0.0262 0.0074 0.0417 0.0131 0.0108 0.0317 0.0043 0.5309 0.0095 0.0341 0.0075 0.0100 0.0224 0.0333 0.0162 0.0036 0.0093 0.0068 
      H008.7  2 0.0342 0.0135 0.0073 0.0970 0.0259 0.0085 0.0047 0.0408 0.0103 0.0209 0.0222 0.0372 0.0353 0.0372 0.4472 0.0217 0.0157 0.0190 0.0120 0.0126 0.0313 0.0163 0.0104 0.0129 0.0059 
      H008.8  2 0.0074 0.0146 0.0081 0.0116 0.0060 0.0149 0.0093 0.0432 0.0261 0.0124 0.0090 0.0251 0.0425 0.0180 0.1335 0.0061 0.2871 0.0122 0.0123 0.0235 0.0703 0.1821 0.0076 0.0080 0.0092 
      H008.9  2 0.0502 0.0135 0.0102 0.2276 0.0208 0.0193 0.0056 0.0515 0.0082 0.0162 0.0184 0.0058 0.0374 0.0094 0.2178 0.0077 0.0850 0.0075 0.0115 0.0133 0.1246 0.0198 0.0060 0.0073 0.0057 
 H029.1_2002  2 0.0125 0.0052 0.0030 0.0057 0.0379 0.0047 0.0085 0.0130 0.0064 0.0082 0.0076 0.6531 0.0142 0.0075 0.0339 0.0267 0.0160 0.0092 0.0310 0.0041 0.0208 0.0070 0.0044 0.0527 0.0067 
 H029.1_2003  2 0.0067 0.0215 0.0095 0.0098 0.0414 0.0090 0.0141 0.1469 0.0129 0.0115 0.0683 0.2160 0.1434 0.0059 0.0100 0.1371 0.0389 0.0310 0.0063 0.0084 0.0194 0.0086 0.0044 0.0112 0.0079 
 H029.2_2002  2 0.0154 0.0172 0.0071 0.0088 0.0101 0.0068 0.0129 0.0153 0.0095 0.0112 0.0413 0.6897 0.0159 0.0231 0.0188 0.0337 0.0049 0.0072 0.0178 0.0060 0.0049 0.0045 0.0037 0.0095 0.0048 
 H029.2_2003  2 0.0151 0.0297 0.0092 0.0109 0.0067 0.0163 0.0304 0.1462 0.0220 0.0311 0.0364 0.2604 0.1233 0.0064 0.0274 0.1167 0.0100 0.0538 0.0052 0.0077 0.0069 0.0062 0.0043 0.0052 0.0126 
 H029.3_2002  2 0.0473 0.0108 0.0116 0.0083 0.0062 0.0104 0.0175 0.0497 0.0182 0.0084 0.0466 0.5801 0.0357 0.0238 0.0111 0.0366 0.0163 0.0185 0.0052 0.0052 0.0056 0.0082 0.0035 0.0078 0.0075 
 H029.3_2003  2 0.0058 0.0109 0.0093 0.0117 0.0157 0.0053 0.0078 0.0308 0.0099 0.0104 0.0266 0.5135 0.0255 0.0077 0.0513 0.1600 0.0090 0.0253 0.0055 0.0221 0.0043 0.0063 0.0042 0.0054 0.0154 
 H029.4_2002  2 0.0127 0.0040 0.0068 0.0056 0.0118 0.0033 0.0029 0.0096 0.0068 0.0042 0.0089 0.8201 0.0073 0.0081 0.0073 0.0238 0.0060 0.0143 0.0053 0.0063 0.0037 0.0052 0.0041 0.0068 0.0051 
 H029.4_2003  2 0.0133 0.0466 0.0066 0.0077 0.0472 0.0070 0.0116 0.0767 0.0611 0.0096 0.0175 0.3875 0.0756 0.0057 0.0092 0.0786 0.0183 0.0403 0.0088 0.0206 0.0141 0.0181 0.0036 0.0078 0.0071 
 H029.5_2002  2 0.0059 0.0048 0.0045 0.0092 0.0216 0.0037 0.0070 0.0085 0.0081 0.0062 0.0122 0.7598 0.0084 0.0098 0.0359 0.0278 0.0063 0.0043 0.0159 0.0069 0.0067 0.0045 0.0043 0.0132 0.0045 
 H029.5_2003  2 0.0085 0.0125 0.0063 0.0087 0.0141 0.0040 0.0050 0.0931 0.0139 0.0213 0.0099 0.5394 0.0612 0.0030 0.0192 0.0839 0.0128 0.0404 0.0043 0.0070 0.0082 0.0069 0.0035 0.0075 0.0052 
 H029.6_2002  2 0.0149 0.0050 0.0069 0.0044 0.0068 0.0054 0.0036 0.0111 0.0084 0.0045 0.0096 0.6936 0.0087 0.0098 0.0053 0.1504 0.0122 0.0072 0.0043 0.0032 0.0034 0.0083 0.0035 0.0051 0.0043 
 H029.6_2003  2 0.0074 0.0565 0.0090 0.0069 0.0129 0.0089 0.0182 0.0560 0.0353 0.0272 0.0532 0.3848 0.0549 0.0075 0.0789 0.0266 0.0112 0.0566 0.0175 0.0142 0.0089 0.0112 0.0114 0.0063 0.0185 
      H029.7  2 0.0202 0.0093 0.0057 0.0047 0.0062 0.0109 0.0076 0.0111 0.0098 0.0061 0.0139 0.7851 0.0151 0.0136 0.0116 0.0150 0.0040 0.0082 0.0149 0.0046 0.0045 0.0056 0.0027 0.0057 0.0038 
      H030.1  2 0.0044 0.0108 0.0293 0.0579 0.0377 0.0087 0.0339 0.0580 0.0142 0.0512 0.0068 0.0310 0.0431 0.0134 0.0471 0.1325 0.0090 0.0344 0.0398 0.0125 0.0089 0.0050 0.0378 0.0059 0.2665 
      H030.2  2 0.0683 0.0150 0.0437 0.0537 0.0228 0.0038 0.0096 0.0328 0.0096 0.0056 0.0048 0.0285 0.0290 0.1001 0.0342 0.0186 0.0051 0.0114 0.0094 0.0141 0.0077 0.0256 0.0266 0.1253 0.2945 
      H038.1  2 0.0143 0.0037 0.0064 0.0038 0.0045 0.0083 0.0049 0.0071 0.0088 0.0049 0.0061 0.8412 0.0071 0.0037 0.0158 0.0051 0.0055 0.0050 0.0047 0.0051 0.0122 0.0079 0.0030 0.0056 0.0053 
      H038.2  2 0.0047 0.0059 0.0039 0.0043 0.0041 0.0029 0.0048 0.0061 0.0047 0.0048 0.0035 0.8758 0.0059 0.0044 0.0107 0.0046 0.0037 0.0036 0.0094 0.0048 0.0026 0.0055 0.0070 0.0069 0.0054 
      H038.3  2 0.0188 0.0047 0.0108 0.0057 0.0041 0.0034 0.0163 0.0090 0.0077 0.0055 0.0039 0.8040 0.0091 0.0051 0.0080 0.0036 0.0045 0.0058 0.0119 0.0171 0.0095 0.0059 0.0082 0.0100 0.0076 
      H038.4  2 0.0162 0.0041 0.0115 0.0058 0.0049 0.0047 0.0098 0.0104 0.0100 0.0052 0.0041 0.8183 0.0095 0.0047 0.0156 0.0040 0.0063 0.0055 0.0089 0.0067 0.0054 0.0052 0.0103 0.0079 0.0051 
      H038.5  2 0.0098 0.0061 0.0065 0.0053 0.0038 0.0028 0.0035 0.0125 0.0115 0.0053 0.0061 0.8463 0.0094 0.0048 0.0051 0.0065 0.0069 0.0086 0.0050 0.0040 0.0044 0.0063 0.0052 0.0045 0.0098 
      H038.6  2 0.0076 0.0064 0.0047 0.0047 0.0038 0.0038 0.0043 0.0060 0.0082 0.0057 0.0051 0.8580 0.0054 0.0034 0.0115 0.0080 0.0043 0.0066 0.0062 0.0069 0.0042 0.0070 0.0030 0.0083 0.0067 
      H038.7  2 0.0057 0.0048 0.0035 0.0068 0.0033 0.0028 0.0166 0.0074 0.0101 0.0041 0.0032 0.8437 0.0069 0.0024 0.0154 0.0063 0.0035 0.0043 0.0073 0.0072 0.0036 0.0056 0.0037 0.0146 0.0069 
      H038.8  2 0.0360 0.0036 0.0072 0.0037 0.0045 0.0036 0.0079 0.0064 0.0074 0.0043 0.0039 0.8381 0.0055 0.0049 0.0057 0.0031 0.0050 0.0041 0.0084 0.0073 0.0042 0.0058 0.0085 0.0062 0.0047 
      H041.1  2 0.0212 0.0115 0.0061 0.0576 0.0200 0.0095 0.0111 0.1280 0.0687 0.0092 0.0124 0.0858 0.0861 0.0863 0.1182 0.1142 0.0036 0.0177 0.0105 0.0721 0.0113 0.0121 0.0119 0.0067 0.0080 
      H041.2  2 0.0147 0.0061 0.0149 0.0218 0.2539 0.0063 0.0111 0.0139 0.0110 0.0077 0.0527 0.0446 0.0225 0.0061 0.1607 0.1370 0.0111 0.0061 0.0279 0.1226 0.0128 0.0049 0.0068 0.0164 0.0064 
      H041.4  2 0.0248 0.0207 0.0109 0.0361 0.0088 0.0163 0.0071 0.0352 0.0210 0.0083 0.0451 0.3429 0.0395 0.0102 0.0346 0.2106 0.0109 0.0073 0.0160 0.0338 0.0257 0.0093 0.0115 0.0065 0.0069 
      H041.6  2 0.0121 0.0189 0.0245 0.0184 0.0152 0.0289 0.0152 0.0557 0.0189 0.0074 0.0240 0.2641 0.0649 0.0193 0.0474 0.1690 0.0125 0.0118 0.0401 0.0438 0.0389 0.0130 0.0112 0.0162 0.0087 
 H042.1_2002  2 0.0156 0.0112 0.0564 0.0071 0.0245 0.0094 0.0062 0.0161 0.0078 0.0133 0.0061 0.0041 0.0191 0.0086 0.0105 0.5922 0.0046 0.0097 0.0496 0.0086 0.0279 0.0396 0.0343 0.0108 0.0067 
 H042.1_2003  2 0.0669 0.0184 0.0509 0.0345 0.0347 0.0061 0.0275 0.0613 0.0123 0.0473 0.0104 0.0108 0.0533 0.0111 0.2758 0.0159 0.0128 0.0177 0.0235 0.1076 0.0334 0.0127 0.0166 0.0205 0.0181 
 H042.2_2002  2 0.0212 0.0101 0.0136 0.0062 0.0038 0.0096 0.0055 0.0217 0.0106 0.0114 0.0301 0.0752 0.0215 0.0046 0.0047 0.5691 0.0036 0.0246 0.0053 0.0057 0.0051 0.0200 0.0074 0.1058 0.0035 
 H042.2_2003  2 0.0052 0.0237 0.0334 0.0129 0.1271 0.0067 0.0082 0.0307 0.0059 0.0105 0.0155 0.0538 0.0288 0.0040 0.1888 0.0857 0.0090 0.0090 0.2328 0.0401 0.0180 0.0181 0.0095 0.0149 0.0079 
 H042.3_2002  2 0.0110 0.0236 0.3459 0.0119 0.0088 0.0094 0.0062 0.0335 0.0079 0.0144 0.0149 0.0053 0.0305 0.0045 0.0059 0.3057 0.0041 0.0111 0.0103 0.0124 0.0095 0.0426 0.0176 0.0442 0.0089 
 H042.3_2003  2 0.0270 0.0544 0.1787 0.0229 0.0158 0.0115 0.0079 0.1176 0.0277 0.0085 0.0113 0.0224 0.1376 0.0241 0.0122 0.0681 0.0040 0.0442 0.0460 0.0320 0.0092 0.0492 0.0149 0.0421 0.0104 
 H042.4_2002  2 0.0119 0.0222 0.0232 0.0059 0.0249 0.0075 0.0041 0.0243 0.0123 0.0075 0.0167 0.0218 0.0332 0.0069 0.0098 0.6392 0.0052 0.0096 0.0442 0.0065 0.0135 0.0094 0.0232 0.0066 0.0102 
 H042.4_2003  2 0.0078 0.0122 0.0072 0.0109 0.0228 0.0199 0.0144 0.0238 0.0233 0.0089 0.0094 0.0684 0.0228 0.0215 0.0087 0.4061 0.0031 0.0111 0.2468 0.0058 0.0122 0.0089 0.0132 0.0053 0.0054 
      H042.5  2 0.0025 0.0164 0.0089 0.0119 0.0404 0.0077 0.0070 0.0086 0.0064 0.0078 0.0064 0.0090 0.0083 0.0055 0.0050 0.7583 0.0036 0.0052 0.0426 0.0041 0.0079 0.0070 0.0098 0.0047 0.0047 
      H042.6  2 0.0071 0.0050 0.0071 0.0049 0.0085 0.0284 0.0106 0.0198 0.0327 0.0074 0.0057 0.0124 0.0203 0.0058 0.0061 0.7339 0.0039 0.0056 0.0188 0.0035 0.0063 0.0223 0.0091 0.0105 0.0043 
      H042.7  2 0.0045 0.0136 0.1999 0.0085 0.0120 0.0082 0.0187 0.0395 0.0129 0.0107 0.0337 0.0268 0.0398 0.0068 0.0059 0.3492 0.0068 0.0206 0.0347 0.0141 0.0147 0.0249 0.0481 0.0406 0.0047 
      H042.8  2 0.0185 0.0405 0.0210 0.0173 0.0146 0.0159 0.0035 0.0234 0.0091 0.0102 0.0247 0.0050 0.0157 0.0032 0.0138 0.6322 0.0058 0.0083 0.0132 0.0249 0.0122 0.0255 0.0096 0.0281 0.0038 
   H042_2002  2 0.0373 0.0299 0.0274 0.0211 0.0106 0.0564 0.0210 0.0609 0.0496 0.0112 0.0179 0.0277 0.0530 0.0052 0.0284 0.0374 0.0094 0.0216 0.1801 0.0161 0.0252 0.0962 0.0104 0.1392 0.0068 
   H042_2003  2 0.0345 0.0302 0.0312 0.0181 0.0121 0.0531 0.0266 0.0613 0.0454 0.0124 0.0193 0.0236 0.0652 0.0046 0.0265 0.0412 0.0085 0.0127 0.1563 0.0160 0.0214 0.1314 0.0070 0.1341 0.0074 
      H043.1  2 0.0096 0.0049 0.0046 0.0085 0.0029 0.0049 0.0062 0.0071 0.8591 0.0064 0.0029 0.0067 0.0051 0.0073 0.0058 0.0040 0.0044 0.0055 0.0054 0.0100 0.0032 0.0092 0.0049 0.0043 0.0072 
      H043.2  2 0.0355 0.0067 0.0103 0.0049 0.0041 0.0226 0.0170 0.0325 0.7264 0.0071 0.0079 0.0072 0.0129 0.0025 0.0127 0.0034 0.0148 0.0094 0.0053 0.0116 0.0141 0.0171 0.0041 0.0049 0.0049 
      H043.3  2 0.0097 0.0053 0.0139 0.0073 0.0058 0.0113 0.0205 0.0094 0.7676 0.0094 0.0042 0.0100 0.0094 0.0032 0.0240 0.0051 0.0053 0.0053 0.0124 0.0120 0.0112 0.0150 0.0040 0.0134 0.0054 
      H043.4  2 0.0087 0.0043 0.0061 0.0057 0.0042 0.0128 0.0125 0.0059 0.8453 0.0056 0.0028 0.0083 0.0060 0.0033 0.0092 0.0038 0.0033 0.0046 0.0089 0.0087 0.0083 0.0066 0.0046 0.0059 0.0048 
      H043.5  2 0.0461 0.0055 0.0133 0.0083 0.0048 0.0054 0.0132 0.0113 0.7056 0.0112 0.0078 0.0189 0.0124 0.0038 0.0092 0.0040 0.0163 0.0091 0.0094 0.0187 0.0117 0.0368 0.0041 0.0091 0.0038 
      H043.6  2 0.0243 0.0053 0.0232 0.0031 0.0054 0.0069 0.0076 0.0099 0.7970 0.0056 0.0073 0.0140 0.0088 0.0028 0.0135 0.0052 0.0055 0.0048 0.0062 0.0043 0.0112 0.0119 0.0045 0.0067 0.0050 
      H043.7  2 0.0120 0.0034 0.0072 0.0046 0.0036 0.0226 0.0271 0.0076 0.8125 0.0054 0.0026 0.0072 0.0080 0.0025 0.0085 0.0039 0.0029 0.0044 0.0078 0.0130 0.0142 0.0053 0.0034 0.0064 0.0040 
      H043.8  2 0.0084 0.0046 0.0108 0.0041 0.0031 0.0064 0.0099 0.0180 0.8044 0.0054 0.0039 0.0058 0.0083 0.0049 0.0054 0.0038 0.0093 0.0072 0.0047 0.0175 0.0067 0.0233 0.0062 0.0061 0.0117 
      H043.9  2 0.0064 0.0053 0.0056 0.0050 0.0045 0.0090 0.0077 0.0070 0.8421 0.0044 0.0032 0.0159 0.0085 0.0046 0.0045 0.0064 0.0048 0.0076 0.0060 0.0060 0.0041 0.0133 0.0043 0.0083 0.0053 
      H047.1  2 0.0081 0.0073 0.0146 0.2945 0.0031 0.0059 0.0070 0.0149 0.0054 0.0139 0.0037 0.2360 0.0114 0.0040 0.2205 0.0060 0.0030 0.0042 0.0375 0.0135 0.0114 0.0223 0.0046 0.0412 0.0059 
      H047.2  2 0.0050 0.0082 0.0062 0.2205 0.0047 0.0052 0.0246 0.0157 0.0198 0.0472 0.0097 0.4042 0.0198 0.0196 0.0214 0.0130 0.0080 0.0244 0.0314 0.0332 0.0233 0.0056 0.0116 0.0112 0.0064 
      H047.3  2 0.0042 0.0154 0.0074 0.3284 0.0070 0.0139 0.0161 0.0357 0.0115 0.0459 0.0176 0.2295 0.0299 0.0200 0.0376 0.0180 0.0055 0.0357 0.0325 0.0281 0.0084 0.0063 0.0103 0.0291 0.0062 
      H047.4  2 0.0032 0.0100 0.0086 0.1752 0.0078 0.0079 0.0339 0.0182 0.0172 0.0098 0.0116 0.2851 0.0260 0.0081 0.0560 0.0586 0.0108 0.0102 0.0570 0.0843 0.0279 0.0098 0.0102 0.0439 0.0085 
      H047.5  2 0.0031 0.0100 0.0188 0.3671 0.0037 0.0298 0.0155 0.0246 0.0131 0.0535 0.0157 0.1415 0.0259 0.0044 0.1054 0.0098 0.0041 0.0136 0.0142 0.0184 0.0107 0.0125 0.0172 0.0596 0.0075 
      H047.6  2 0.0057 0.0059 0.0049 0.5624 0.0113 0.0055 0.0138 0.0174 0.0108 0.0203 0.0127 0.1208 0.0158 0.0075 0.0155 0.0332 0.0057 0.0101 0.0137 0.0312 0.0168 0.0043 0.0074 0.0422 0.0049 
      H047.7  2 0.0095 0.0081 0.0113 0.2409 0.0056 0.0047 0.0055 0.0127 0.0035 0.0071 0.0052 0.3153 0.0167 0.0079 0.0796 0.0107 0.0030 0.0034 0.0323 0.0198 0.0142 0.0236 0.0067 0.1476 0.0053 
      H047.8  2 0.0040 0.0136 0.0109 0.5038 0.0146 0.0082 0.0134 0.0227 0.0071 0.0174 0.0086 0.1163 0.0270 0.0088 0.0468 0.0268 0.0048 0.0134 0.0246 0.0410 0.0122 0.0075 0.0070 0.0351 0.0045 
      H047.9  2 0.0033 0.0105 0.0164 0.1676 0.0048 0.0208 0.0102 0.0186 0.0132 0.0711 0.0094 0.2834 0.0191 0.0045 0.0544 0.0148 0.0034 0.0062 0.0776 0.0096 0.0073 0.0357 0.0300 0.1006 0.0077 
 H071.1_2002  2 0.0055 0.0069 0.0119 0.0043 0.0059 0.0106 0.0065 0.0087 0.0308 0.0083 0.0043 0.4217 0.0085 0.0029 0.3994 0.0053 0.0034 0.0061 0.0095 0.0058 0.0045 0.0106 0.0038 0.0069 0.0079 
 H071.1_2003  2 0.0091 0.0077 0.0155 0.0089 0.0069 0.0373 0.0275 0.0145 0.0940 0.0091 0.0097 0.0562 0.0216 0.0030 0.5609 0.0081 0.0046 0.0076 0.0153 0.0127 0.0239 0.0059 0.0052 0.0065 0.0285 
     H071.10  2 0.0054 0.0032 0.0065 0.0030 0.0048 0.0063 0.0059 0.0128 0.0069 0.0039 0.0031 0.7360 0.0080 0.0080 0.0087 0.0058 0.0087 0.0062 0.0041 0.0032 0.0042 0.1005 0.0089 0.0090 0.0268 
 H071.2_2002  2 0.0080 0.0074 0.0114 0.0092 0.0053 0.0159 0.0106 0.0099 0.0140 0.0103 0.0096 0.6331 0.0105 0.0032 0.1160 0.0045 0.0288 0.0071 0.0063 0.0069 0.0232 0.0254 0.0054 0.0085 0.0097 
 H071.2_2003  2 0.0030 0.0044 0.0069 0.0036 0.0056 0.0074 0.0030 0.0054 0.0068 0.0052 0.0042 0.3992 0.0041 0.0027 0.4970 0.0041 0.0032 0.0041 0.0071 0.0027 0.0039 0.0054 0.0028 0.0038 0.0044 
      H071.3  2 0.0104 0.0069 0.0078 0.0181 0.0194 0.0066 0.0164 0.0243 0.0088 0.0056 0.0037 0.1509 0.0332 0.0085 0.2948 0.0040 0.0101 0.0181 0.0053 0.0443 0.0034 0.2538 0.0089 0.0135 0.0233 
 H071.4_2002  2 0.0103 0.0052 0.0052 0.0048 0.0038 0.0065 0.0094 0.0107 0.0153 0.0054 0.0055 0.7693 0.0086 0.0045 0.0051 0.0048 0.0089 0.0083 0.0036 0.0035 0.0085 0.0450 0.0232 0.0130 0.0118 
 H071.4_2003  2 0.0027 0.0058 0.0030 0.0053 0.0055 0.0048 0.0087 0.0065 0.0051 0.0062 0.0025 0.3221 0.0059 0.0044 0.2729 0.0034 0.0061 0.0059 0.0059 0.0065 0.0039 0.2781 0.0077 0.0087 0.0124 
 H071.5_2002  2 0.0051 0.0041 0.0051 0.0044 0.0044 0.0062 0.0083 0.0073 0.0087 0.0037 0.0028 0.6979 0.0116 0.0059 0.0873 0.0072 0.0047 0.0058 0.0055 0.0030 0.0036 0.0742 0.0076 0.0119 0.0137 
 H071.5_2003  2 0.0039 0.0084 0.0035 0.0078 0.0041 0.0072 0.0275 0.0138 0.0110 0.0110 0.0046 0.1395 0.0240 0.0042 0.3690 0.0057 0.0089 0.0182 0.0130 0.0087 0.0087 0.2474 0.0110 0.0149 0.0240 
 H071.6_2002  2 0.0036 0.0037 0.0062 0.0044 0.0030 0.0058 0.0071 0.0072 0.0086 0.0046 0.0039 0.3181 0.0083 0.0036 0.0774 0.0056 0.0135 0.0094 0.0039 0.0031 0.0049 0.4523 0.0048 0.0158 0.0210 
 H071.6_2003  2 0.0036 0.0074 0.0051 0.0051 0.0041 0.0056 0.0166 0.0167 0.0192 0.0079 0.0033 0.3031 0.0138 0.0042 0.3422 0.0070 0.0065 0.0100 0.0197 0.0057 0.0112 0.1023 0.0081 0.0218 0.0500 
 H071.7_2002  2 0.0041 0.0043 0.0057 0.0069 0.0038 0.0081 0.0118 0.0078 0.0092 0.0077 0.0035 0.3405 0.0078 0.0038 0.4639 0.0038 0.0100 0.0067 0.0046 0.0047 0.0071 0.0443 0.0038 0.0213 0.0046 
 H071.7_2003  2 0.0048 0.0080 0.0055 0.0057 0.0055 0.0079 0.0167 0.0251 0.0328 0.0094 0.0044 0.2500 0.0250 0.0043 0.3380 0.0049 0.0038 0.0135 0.0111 0.0068 0.0079 0.1289 0.0177 0.0130 0.0493 
      H071.8  2 0.0058 0.0067 0.0081 0.0091 0.0046 0.0189 0.0070 0.0115 0.0077 0.0080 0.0091 0.6899 0.0164 0.0037 0.0850 0.0057 0.0389 0.0056 0.0054 0.0060 0.0160 0.0155 0.0039 0.0051 0.0064 
      H071.9  2 0.0097 0.0059 0.0067 0.0141 0.0030 0.0088 0.0149 0.0218 0.0574 0.0066 0.0150 0.5789 0.0365 0.0059 0.0065 0.0073 0.0350 0.0148 0.0075 0.0090 0.0131 0.0752 0.0151 0.0159 0.0154 
 H081.1_2002  2 0.0049 0.0051 0.0087 0.0046 0.0045 0.0255 0.0065 0.0080 0.0056 0.0048 0.0098 0.3389 0.0084 0.0079 0.4835 0.0111 0.0047 0.0088 0.0071 0.0032 0.0078 0.0082 0.0086 0.0065 0.0069 
 H081.1_2003  2 0.1559 0.0120 0.0348 0.0146 0.0108 0.0124 0.0483 0.0772 0.0394 0.0230 0.0364 0.0264 0.1181 0.0135 0.0856 0.0833 0.0149 0.0586 0.0228 0.0129 0.0321 0.0108 0.0093 0.0117 0.0354 
 H081.2_2002  2 0.0046 0.0052 0.0070 0.0087 0.0039 0.0903 0.0104 0.0116 0.0097 0.0058 0.0083 0.2867 0.0083 0.0053 0.4634 0.0068 0.0057 0.0069 0.0124 0.0037 0.0082 0.0070 0.0092 0.0067 0.0043 
 H081.2_2003  2 0.0063 0.0093 0.0095 0.0086 0.0046 0.0372 0.0090 0.0255 0.0477 0.0079 0.0052 0.0145 0.0301 0.0317 0.0403 0.0244 0.0183 0.0150 0.0092 0.0107 0.0120 0.0241 0.0062 0.0056 0.5871 
 H081.3_2002  2 0.0069 0.0052 0.0119 0.0182 0.0044 0.0291 0.0118 0.0142 0.0169 0.0050 0.0061 0.6433 0.0105 0.0055 0.1096 0.0092 0.0224 0.0058 0.0084 0.0098 0.0148 0.0078 0.0078 0.0055 0.0101 
 H081.3_2003  2 0.0098 0.0101 0.0110 0.0106 0.0058 0.0281 0.0071 0.0447 0.3749 0.0166 0.0098 0.0157 0.0448 0.0140 0.0086 0.0252 0.0368 0.0181 0.0099 0.0102 0.0145 0.0106 0.0143 0.0074 0.2416 
 H081.4_2002  2 0.0041 0.0077 0.0146 0.0065 0.0031 0.0061 0.0079 0.0076 0.0062 0.0069 0.0042 0.3299 0.0101 0.0063 0.4989 0.0110 0.0051 0.0065 0.0077 0.0072 0.0057 0.0110 0.0066 0.0062 0.0129 
 H081.4_2003  2 0.0119 0.0131 0.0152 0.0073 0.0114 0.0192 0.0363 0.0731 0.0831 0.0304 0.0435 0.0146 0.0688 0.0130 0.0402 0.1640 0.0201 0.0692 0.0117 0.0084 0.0482 0.0083 0.0229 0.0091 0.1572 
 H081.5_2002  2 0.0054 0.0054 0.0105 0.0089 0.0039 0.0089 0.0123 0.0114 0.0096 0.0068 0.0048 0.3151 0.0085 0.0047 0.4944 0.0097 0.0098 0.0055 0.0077 0.0085 0.0093 0.0078 0.0047 0.0064 0.0201 
 H081.5_2003  2 0.0287 0.0095 0.0316 0.0114 0.0125 0.0478 0.1005 0.0738 0.0344 0.0283 0.0389 0.0132 0.0550 0.0109 0.1923 0.0792 0.0115 0.0509 0.0182 0.0314 0.0351 0.0093 0.0176 0.0136 0.0441 
      H081.6  2 0.0046 0.0085 0.0124 0.0040 0.0041 0.0137 0.0106 0.0074 0.0053 0.0046 0.0064 0.2331 0.0073 0.0045 0.6098 0.0048 0.0050 0.0063 0.0051 0.0039 0.0068 0.0095 0.0051 0.0100 0.0072 
      H081.7  2 0.0055 0.0043 0.0226 0.0087 0.0042 0.1328 0.0106 0.0103 0.0170 0.0060 0.0051 0.3899 0.0144 0.0061 0.2602 0.0061 0.0150 0.0075 0.0080 0.0049 0.0173 0.0112 0.0125 0.0056 0.0145 
      H081.8  2 0.0090 0.0103 0.0222 0.0070 0.0038 0.0103 0.0132 0.0359 0.0097 0.0060 0.0074 0.6088 0.0261 0.0141 0.0397 0.0210 0.0408 0.0097 0.0056 0.0139 0.0162 0.0181 0.0124 0.0069 0.0320 
      H083.1  2 0.0082 0.0079 0.0077 0.0107 0.0121 0.0081 0.0113 0.0146 0.0135 0.0098 0.0141 0.6975 0.0190 0.0300 0.0322 0.0180 0.0059 0.0100 0.0043 0.0056 0.0030 0.0145 0.0044 0.0299 0.0075 
      H083.2  2 0.0057 0.0079 0.0042 0.0269 0.0038 0.0104 0.0128 0.0136 0.0235 0.0078 0.0052 0.7794 0.0094 0.0129 0.0124 0.0072 0.0045 0.0077 0.0051 0.0048 0.0067 0.0073 0.0069 0.0102 0.0040 
      H083.4  2 0.0112 0.0073 0.0054 0.0101 0.0034 0.0153 0.0094 0.0124 0.0088 0.0040 0.0043 0.7078 0.0083 0.0510 0.0118 0.0093 0.0303 0.0099 0.0037 0.0037 0.0059 0.0466 0.0077 0.0074 0.0051 
      H083.5  2 0.0302 0.0079 0.0035 0.0167 0.0133 0.0140 0.0137 0.0130 0.0056 0.0079 0.0219 0.6678 0.0148 0.0690 0.0234 0.0149 0.0099 0.0044 0.0053 0.0041 0.0062 0.0124 0.0056 0.0104 0.0039 
      H083.6  2 0.0094 0.0123 0.0146 0.0072 0.0087 0.0171 0.0169 0.0241 0.0056 0.0098 0.0384 0.5472 0.0287 0.1083 0.0460 0.0121 0.0209 0.0124 0.0038 0.0042 0.0054 0.0225 0.0085 0.0085 0.0074 
      H083.7  2 0.0078 0.0079 0.0055 0.0088 0.0045 0.0123 0.0085 0.0118 0.0053 0.0063 0.0074 0.6656 0.0104 0.1239 0.0065 0.0062 0.0140 0.0058 0.0052 0.0037 0.0070 0.0313 0.0231 0.0070 0.0043 
      H083.8  2 0.0042 0.0095 0.0036 0.0262 0.0034 0.0130 0.0079 0.0100 0.0150 0.0090 0.0062 0.7997 0.0081 0.0116 0.0099 0.0069 0.0047 0.0092 0.0059 0.0056 0.0065 0.0071 0.0061 0.0071 0.0036 
      H083.9  2 0.0066 0.0068 0.0047 0.0125 0.0177 0.0109 0.0081 0.0081 0.0052 0.0088 0.0188 0.6270 0.0108 0.1302 0.0496 0.0173 0.0047 0.0053 0.0076 0.0049 0.0036 0.0108 0.0053 0.0104 0.0044 
      H084.1  2 0.0762 0.0121 0.0041 0.0148 0.0059 0.0070 0.0094 0.0416 0.0271 0.0085 0.0564 0.0148 0.0399 0.0090 0.0045 0.0273 0.0086 0.0409 0.0056 0.0128 0.0060 0.0090 0.0124 0.0142 0.5320 
      H084.2  2 0.0537 0.0082 0.0102 0.0046 0.0044 0.0029 0.0170 0.0318 0.1044 0.0105 0.0064 0.0215 0.0455 0.0050 0.0035 0.0409 0.0083 0.0986 0.0082 0.0078 0.0054 0.0068 0.0065 0.0078 0.4801 
      H084.3  2 0.2152 0.0111 0.0192 0.0127 0.0523 0.0057 0.0236 0.0485 0.0152 0.0091 0.0764 0.0086 0.0377 0.0134 0.0079 0.0192 0.0058 0.0557 0.0248 0.0145 0.0048 0.0067 0.0661 0.0445 0.2014 
      H084.4  2 0.1870 0.0078 0.0397 0.0118 0.0272 0.0035 0.0307 0.0422 0.0288 0.0070 0.0276 0.0116 0.0706 0.0058 0.0083 0.0355 0.0129 0.0250 0.0591 0.1714 0.0062 0.0062 0.0136 0.0149 0.1456 
      H084.5  2 0.0370 0.0077 0.0244 0.0194 0.0078 0.0082 0.0171 0.0349 0.0093 0.0101 0.0837 0.0089 0.0353 0.0068 0.0106 0.0092 0.0079 0.0295 0.0139 0.0430 0.0055 0.0056 0.0144 0.1662 0.3837 
      H084.6  2 0.0663 0.0059 0.0105 0.0136 0.0244 0.0083 0.0108 0.0205 0.0078 0.0046 0.0414 0.0085 0.0233 0.0355 0.0049 0.0070 0.0131 0.0129 0.0129 0.0193 0.0046 0.0046 0.0338 0.0441 0.5615 
      H084.7  2 0.0124 0.0063 0.0113 0.0077 0.0067 0.0053 0.0068 0.0326 0.0301 0.0089 0.0095 0.0120 0.0230 0.0060 0.0046 0.0467 0.0099 0.0959 0.0141 0.0200 0.0065 0.0061 0.0093 0.0069 0.6013 
      H084.8  2 0.0636 0.0083 0.0079 0.0224 0.0194 0.0080 0.0129 0.0294 0.0059 0.0069 0.1690 0.0079 0.0205 0.0084 0.0056 0.0092 0.0086 0.0155 0.0127 0.0596 0.0049 0.0043 0.0274 0.0209 0.4407 
 H085.1_2002  2 0.0139 0.0039 0.0141 0.0074 0.0082 0.6383 0.0062 0.0140 0.1340 0.0055 0.0045 0.0241 0.0114 0.0095 0.0225 0.0192 0.0065 0.0080 0.0051 0.0038 0.0068 0.0084 0.0049 0.0098 0.0101 
 H085.1_2003  2 0.0188 0.0057 0.0115 0.0187 0.0158 0.0496 0.0215 0.0497 0.0613 0.0076 0.0101 0.0655 0.0595 0.0666 0.3711 0.0417 0.0172 0.0287 0.0070 0.0140 0.0102 0.0185 0.0169 0.0053 0.0077 
 H085.2_2002  2 0.0654 0.0046 0.0530 0.0056 0.0122 0.1022 0.0279 0.0662 0.1571 0.0073 0.0164 0.0349 0.0636 0.1284 0.0161 0.0425 0.0079 0.0443 0.0077 0.0049 0.0748 0.0098 0.0230 0.0121 0.0123 
 H085.2_2003  2 0.0114 0.0127 0.0270 0.0231 0.0229 0.0166 0.0153 0.0315 0.0250 0.0107 0.0058 0.0773 0.0317 0.0293 0.4828 0.0563 0.0165 0.0280 0.0112 0.0095 0.0131 0.0156 0.0062 0.0079 0.0128 
 H085.3_2002  2 0.0049 0.0055 0.0128 0.0098 0.0342 0.5797 0.0532 0.0326 0.0632 0.0060 0.0095 0.0093 0.0221 0.0205 0.0330 0.0148 0.0039 0.0201 0.0163 0.0093 0.0127 0.0068 0.0104 0.0040 0.0054 
 H085.3_2003  2 0.0031 0.0073 0.0171 0.0046 0.0082 0.0077 0.0164 0.0089 0.0053 0.0052 0.0031 0.0160 0.0075 0.0034 0.8058 0.0068 0.0046 0.0084 0.0063 0.0215 0.0053 0.0124 0.0059 0.0031 0.0062 
 H085.4_2002  2 0.0250 0.0070 0.0580 0.0088 0.0134 0.3021 0.0122 0.0291 0.1700 0.0104 0.0140 0.0661 0.0262 0.0223 0.0293 0.0352 0.0095 0.0219 0.0084 0.0037 0.0445 0.0426 0.0107 0.0100 0.0197 
 H085.4_2003  2 0.0057 0.0062 0.0463 0.0072 0.0508 0.0100 0.0090 0.0233 0.0126 0.0094 0.0060 0.2320 0.0143 0.0082 0.3193 0.0541 0.0046 0.0122 0.0678 0.0267 0.0164 0.0078 0.0132 0.0183 0.0184 
 H085.5_2002  2 0.0041 0.0050 0.0104 0.0066 0.0072 0.6591 0.0273 0.0125 0.0430 0.0070 0.0085 0.0052 0.0150 0.0041 0.1005 0.0124 0.0037 0.0067 0.0083 0.0072 0.0178 0.0075 0.0120 0.0034 0.0056 
 H085.5_2003  2 0.0069 0.0099 0.0148 0.0113 0.0188 0.0150 0.0058 0.0125 0.0144 0.0061 0.0033 0.0397 0.0125 0.0326 0.6842 0.0136 0.0067 0.0202 0.0071 0.0062 0.0051 0.0240 0.0047 0.0057 0.0192 
 H085.6_2002  2 0.0095 0.0035 0.0076 0.0095 0.0075 0.4449 0.0169 0.0177 0.3527 0.0045 0.0058 0.0081 0.0164 0.0131 0.0120 0.0130 0.0051 0.0103 0.0071 0.0056 0.0079 0.0050 0.0060 0.0060 0.0045 
 H085.6_2003  2 0.0055 0.0125 0.0340 0.0145 0.0128 0.0124 0.1567 0.0411 0.0165 0.0126 0.0116 0.0119 0.0307 0.0051 0.4139 0.0193 0.0082 0.0289 0.0391 0.0456 0.0320 0.0081 0.0156 0.0053 0.0062 
 H085.7_2002  2 0.0121 0.0068 0.0529 0.0254 0.0494 0.2458 0.0824 0.0613 0.0546 0.0092 0.0066 0.0274 0.0461 0.0564 0.1000 0.0317 0.0089 0.0166 0.0204 0.0094 0.0413 0.0080 0.0085 0.0058 0.0129 
 H085.7_2003  2 0.0068 0.0089 0.0155 0.0089 0.0148 0.0083 0.0122 0.0329 0.0298 0.0061 0.0061 0.0642 0.0361 0.0074 0.6180 0.0110 0.0058 0.0355 0.0083 0.0121 0.0069 0.0171 0.0151 0.0051 0.0070 
 H085.8_2002  2 0.0149 0.0046 0.0712 0.0078 0.0086 0.0632 0.4073 0.0463 0.0371 0.0065 0.0163 0.0136 0.0376 0.0132 0.0752 0.0142 0.0123 0.0276 0.0102 0.0178 0.0523 0.0102 0.0165 0.0046 0.0111 
 H085.8_2003  2 0.0118 0.0066 0.0416 0.0239 0.0640 0.0247 0.0117 0.0700 0.0378 0.0091 0.0164 0.0642 0.0513 0.0806 0.1167 0.1813 0.0067 0.0458 0.0318 0.0117 0.0212 0.0197 0.0232 0.0138 0.0145 
      H085.9  2 0.0221 0.0060 0.0328 0.0066 0.0182 0.5025 0.0141 0.0213 0.0566 0.0099 0.0077 0.0271 0.0214 0.0140 0.0936 0.0533 0.0075 0.0089 0.0131 0.0095 0.0108 0.0095 0.0090 0.0110 0.0135 
      H088.1  2 0.0067 0.0332 0.0034 0.0107 0.0191 0.0167 0.0096 0.0183 0.0094 0.0197 0.0782 0.0104 0.0158 0.0127 0.0060 0.5981 0.0383 0.0120 0.0062 0.0036 0.0123 0.0293 0.0186 0.0049 0.0068 
      H088.2  2 0.0058 0.0074 0.0055 0.0094 0.0110 0.0178 0.0132 0.0121 0.0137 0.0089 0.0352 0.0070 0.0109 0.0083 0.0046 0.7489 0.0106 0.0086 0.0131 0.0038 0.0106 0.0096 0.0103 0.0073 0.0064 
      H088.3  2 0.0056 0.0107 0.0050 0.0106 0.0108 0.0119 0.0127 0.0114 0.0088 0.0110 0.0300 0.0052 0.0096 0.0064 0.0038 0.7670 0.0174 0.0082 0.0115 0.0038 0.0093 0.0087 0.0065 0.0075 0.0063 
      H088.4  2 0.0038 0.0138 0.0041 0.0038 0.0088 0.0041 0.0070 0.0061 0.0073 0.0042 0.0078 0.0087 0.0062 0.0028 0.0062 0.8408 0.0118 0.0069 0.0068 0.0060 0.0066 0.0047 0.0034 0.0046 0.0137 
      H088.5  2 0.0044 0.0105 0.0028 0.0052 0.0126 0.0045 0.0051 0.0042 0.0059 0.0059 0.0119 0.0070 0.0056 0.0047 0.0039 0.8525 0.0104 0.0041 0.0068 0.0040 0.0073 0.0055 0.0048 0.0049 0.0057 
      H088.6  2 0.0049 0.0124 0.0047 0.0103 0.0162 0.0049 0.0058 0.0129 0.0048 0.0076 0.0138 0.0127 0.0072 0.0048 0.0051 0.8025 0.0179 0.0059 0.0069 0.0061 0.0063 0.0085 0.0062 0.0039 0.0077 
      H088.7  2 0.0053 0.0049 0.0041 0.0091 0.0054 0.0061 0.0061 0.0063 0.0065 0.0052 0.0084 0.0114 0.0063 0.0054 0.0062 0.8448 0.0086 0.0077 0.0086 0.0053 0.0043 0.0053 0.0046 0.0097 0.0043 
      H088.8  2 0.0061 0.0188 0.0036 0.0125 0.0097 0.0057 0.0065 0.0170 0.0072 0.0089 0.0100 0.0281 0.0082 0.0062 0.0092 0.7407 0.0376 0.0101 0.0084 0.0064 0.0059 0.0126 0.0070 0.0054 0.0082 
      H091.1  2 0.0062 0.0108 0.0180 0.0171 0.3004 0.0049 0.0129 0.0286 0.0275 0.0080 0.0072 0.0126 0.0442 0.0125 0.0675 0.3466 0.0036 0.0074 0.0097 0.0077 0.0043 0.0228 0.0085 0.0061 0.0047 
      H091.2  2 0.0037 0.0130 0.0167 0.0216 0.0511 0.0045 0.0073 0.0419 0.0173 0.0067 0.0049 0.0160 0.0400 0.0250 0.0520 0.5243 0.0061 0.0124 0.0087 0.0173 0.0061 0.0712 0.0205 0.0078 0.0038 
      H109.1  2 0.0221 0.0088 0.0125 0.1323 0.0062 0.0195 0.0076 0.1633 0.0851 0.0323 0.0186 0.0175 0.0924 0.0976 0.0064 0.0074 0.0583 0.0741 0.0065 0.0181 0.0094 0.0138 0.0101 0.0581 0.0222 
      H109.2  2 0.0129 0.0077 0.0142 0.0411 0.0073 0.0051 0.0151 0.1038 0.0613 0.0063 0.0073 0.0331 0.0977 0.0094 0.0091 0.0110 0.0103 0.0802 0.0523 0.0155 0.0271 0.0476 0.0147 0.0436 0.2661 
      H109.3  2 0.0105 0.0131 0.0089 0.0976 0.0097 0.0038 0.0210 0.0639 0.2672 0.0267 0.0110 0.0144 0.0724 0.0112 0.0096 0.0151 0.0096 0.0525 0.0999 0.0479 0.0061 0.0667 0.0147 0.0133 0.0334 
      H109.4  2 0.0221 0.0189 0.0079 0.0252 0.0259 0.0067 0.0153 0.1183 0.1669 0.0107 0.0084 0.0105 0.1727 0.0098 0.0084 0.0064 0.0470 0.0777 0.0397 0.0845 0.0174 0.0409 0.0066 0.0102 0.0419 
      H109.5  2 0.0040 0.0096 0.0125 0.0235 0.0156 0.0056 0.0079 0.0520 0.1609 0.0124 0.0433 0.0415 0.0786 0.0050 0.0307 0.0416 0.0091 0.0366 0.1824 0.0446 0.0078 0.1009 0.0085 0.0165 0.0491 
      H109.6  2 0.0132 0.0120 0.0083 0.0544 0.0054 0.0051 0.0191 0.1148 0.0557 0.0335 0.0137 0.0218 0.1677 0.0119 0.0108 0.0122 0.0810 0.0287 0.0354 0.0159 0.0163 0.0234 0.0198 0.0428 0.1771 
      H126.1  2 0.0087 0.0273 0.0156 0.0087 0.0096 0.1063 0.0114 0.1401 0.0312 0.0249 0.0155 0.0083 0.1026 0.0061 0.0045 0.0144 0.0138 0.0949 0.1172 0.0075 0.0915 0.0138 0.0052 0.1152 0.0056 
      H126.2  2 0.0272 0.0139 0.0119 0.0240 0.0069 0.0332 0.0138 0.2367 0.0497 0.0151 0.0043 0.0404 0.2599 0.0113 0.0392 0.0081 0.0110 0.0498 0.0176 0.0068 0.0395 0.0449 0.0055 0.0196 0.0098 
      H126.3  2 0.0054 0.0093 0.0085 0.0075 0.0034 0.0093 0.0040 0.0959 0.1086 0.0072 0.0078 0.0442 0.0801 0.0180 0.0052 0.0958 0.0117 0.0314 0.0060 0.0037 0.0098 0.0247 0.0035 0.3956 0.0034 
      H126.4  2 0.0082 0.2023 0.0059 0.0108 0.0032 0.0133 0.0079 0.0907 0.0056 0.0090 0.0108 0.0196 0.0968 0.0089 0.0073 0.0164 0.0113 0.0411 0.0076 0.0075 0.3233 0.0457 0.0063 0.0320 0.0085 
      H126.5  2 0.0038 0.0139 0.0068 0.0051 0.0037 0.0138 0.0139 0.0455 0.0140 0.0179 0.0048 0.0142 0.0349 0.0050 0.0477 0.0070 0.0085 0.0123 0.0305 0.0074 0.0983 0.4957 0.0061 0.0837 0.0051 
      H126.6  2 0.0041 0.0048 0.0045 0.0104 0.0060 0.0994 0.0231 0.0585 0.2934 0.0075 0.0039 0.1428 0.0259 0.0049 0.0270 0.0229 0.0046 0.0074 0.0070 0.0082 0.0136 0.0346 0.0034 0.1780 0.0042 
      H126.7  2 0.0034 0.0520 0.0062 0.0076 0.0066 0.0710 0.0309 0.0345 0.0128 0.0066 0.0041 0.2445 0.0272 0.0094 0.0605 0.1332 0.0083 0.0092 0.0081 0.0070 0.0064 0.2098 0.0060 0.0274 0.0074 
      H130.1  2 0.0058 0.0172 0.0091 0.0124 0.0685 0.0077 0.0362 0.0456 0.3636 0.0233 0.0137 0.0057 0.0375 0.0091 0.0064 0.0196 0.0235 0.0370 0.0710 0.0130 0.1381 0.0089 0.0125 0.0058 0.0088 
      H130.2  2 0.0082 0.0103 0.0075 0.0317 0.0119 0.0098 0.0200 0.0724 0.0839 0.0614 0.0062 0.0292 0.1062 0.0324 0.0299 0.0350 0.0474 0.0490 0.0159 0.0269 0.0762 0.0065 0.0197 0.0045 0.1977 
      H130.3  2 0.0047 0.0650 0.0058 0.0134 0.0180 0.0049 0.0217 0.0756 0.0445 0.1836 0.0075 0.0272 0.0484 0.0041 0.0134 0.0116 0.0116 0.3542 0.0111 0.0041 0.0130 0.0060 0.0089 0.0049 0.0369 
      H130.4  2 0.0122 0.0276 0.0065 0.0237 0.0248 0.0117 0.0128 0.0582 0.2819 0.1103 0.0085 0.0074 0.0469 0.0137 0.0052 0.0270 0.0396 0.0283 0.0205 0.0077 0.1594 0.0082 0.0351 0.0072 0.0157 
      H130.5  2 0.0049 0.0056 0.0078 0.0077 0.0396 0.0203 0.0475 0.0761 0.2318 0.0168 0.0159 0.0399 0.0675 0.0178 0.0355 0.0411 0.0164 0.0791 0.0280 0.0084 0.0755 0.0055 0.0269 0.0055 0.0789 
      H133.1  2 0.0320 0.0161 0.0070 0.0177 0.0043 0.0061 0.0131 0.0356 0.5645 0.0448 0.0090 0.0221 0.0290 0.0077 0.0107 0.0129 0.0056 0.0712 0.0259 0.0165 0.0208 0.0040 0.0068 0.0051 0.0112 
      H133.2  2 0.0050 0.0084 0.0055 0.0087 0.0053 0.0104 0.0145 0.0130 0.7728 0.0083 0.0078 0.0038 0.0111 0.0031 0.0085 0.0097 0.0057 0.0091 0.0233 0.0108 0.0184 0.0055 0.0049 0.0054 0.0212 
      H133.3  2 0.0314 0.0091 0.0084 0.0343 0.0058 0.0145 0.0156 0.0577 0.5358 0.0171 0.0165 0.0289 0.0742 0.0063 0.0095 0.0330 0.0049 0.0291 0.0171 0.0066 0.0097 0.0054 0.0117 0.0063 0.0112 
      H133.4  2 0.0168 0.0092 0.0077 0.0637 0.0053 0.0067 0.0080 0.0220 0.6346 0.0174 0.0072 0.0125 0.0261 0.0060 0.0113 0.0067 0.0133 0.0235 0.0132 0.0462 0.0097 0.0090 0.0080 0.0043 0.0116 
      H133.5  2 0.0078 0.0103 0.0128 0.0071 0.0042 0.0109 0.0127 0.0138 0.6874 0.0158 0.0044 0.0048 0.0164 0.0063 0.0071 0.0267 0.0055 0.0953 0.0054 0.0063 0.0106 0.0064 0.0044 0.0049 0.0127 
      H133.6  2 0.0056 0.0078 0.0078 0.0082 0.0109 0.0217 0.0183 0.0254 0.5543 0.0153 0.0122 0.0142 0.0342 0.0133 0.0045 0.0899 0.0105 0.0519 0.0241 0.0062 0.0209 0.0075 0.0076 0.0086 0.0189 
      H133.7  2 0.0297 0.0088 0.0060 0.1936 0.0084 0.0132 0.0074 0.0230 0.4538 0.0123 0.0158 0.0107 0.0612 0.0067 0.0101 0.0103 0.0041 0.0115 0.0176 0.0367 0.0146 0.0050 0.0285 0.0056 0.0055 
      H133.8  2 0.0132 0.0054 0.0250 0.0139 0.0036 0.0199 0.0039 0.0110 0.7747 0.0367 0.0033 0.0050 0.0122 0.0051 0.0041 0.0043 0.0043 0.0111 0.0046 0.0136 0.0080 0.0050 0.0035 0.0042 0.0045 
      H133.9  2 0.0262 0.0302 0.0078 0.0305 0.0067 0.0074 0.0169 0.0488 0.4397 0.0567 0.0103 0.0232 0.0346 0.0128 0.0095 0.0162 0.0045 0.1388 0.0171 0.0111 0.0263 0.0045 0.0056 0.0053 0.0093 
      H147.1  2 0.0076 0.0038 0.0131 0.0069 0.0404 0.0187 0.0109 0.0119 0.0059 0.0047 0.0115 0.0104 0.0153 0.0080 0.7213 0.0062 0.0035 0.0078 0.0127 0.0215 0.0097 0.0053 0.0071 0.0092 0.0266 
      H147.2  2 0.0040 0.0033 0.0106 0.0031 0.0077 0.0069 0.0130 0.0051 0.0046 0.0037 0.0056 0.0527 0.0058 0.0036 0.8105 0.0073 0.0041 0.0059 0.0063 0.0036 0.0070 0.0033 0.0041 0.0061 0.0119 
      H147.3  2 0.0030 0.0054 0.0056 0.0037 0.0058 0.0086 0.0108 0.0066 0.0043 0.0051 0.0054 0.0168 0.0064 0.0032 0.8527 0.0036 0.0026 0.0099 0.0065 0.0056 0.0054 0.0062 0.0041 0.0046 0.0081 
      H147.4  2 0.0065 0.0029 0.0048 0.0035 0.0074 0.0042 0.0045 0.0034 0.0034 0.0029 0.0033 0.0044 0.0034 0.0045 0.9019 0.0027 0.0028 0.0035 0.0028 0.0060 0.0031 0.0043 0.0027 0.0038 0.0072 
      H147.5  2 0.0040 0.0146 0.0066 0.0059 0.0168 0.0098 0.0111 0.0114 0.0047 0.0046 0.0099 0.0163 0.0092 0.0076 0.7484 0.0237 0.0071 0.0070 0.0166 0.0091 0.0066 0.0061 0.0044 0.0063 0.0322 
      H147.6  2 0.0041 0.0109 0.0091 0.0054 0.0201 0.0060 0.0093 0.0146 0.0056 0.0044 0.0061 0.0100 0.0116 0.0068 0.7435 0.0299 0.0076 0.0118 0.0098 0.0137 0.0040 0.0072 0.0039 0.0107 0.0337 
      H147.7  2 0.0074 0.0055 0.0066 0.0074 0.0081 0.0052 0.0057 0.0053 0.0031 0.0034 0.0065 0.0057 0.0063 0.0061 0.8621 0.0029 0.0028 0.0037 0.0057 0.0141 0.0037 0.0047 0.0048 0.0055 0.0078 
      H147.8  2 0.0099 0.0073 0.0067 0.0051 0.0231 0.0074 0.0047 0.0079 0.0057 0.0031 0.0061 0.0192 0.0084 0.0107 0.7911 0.0108 0.0060 0.0057 0.0037 0.0074 0.0031 0.0070 0.0026 0.0064 0.0309 
      H147.9  2 0.0028 0.0043 0.0077 0.0032 0.0035 0.0091 0.0080 0.0047 0.0038 0.0034 0.0043 0.0230 0.0045 0.0040 0.8603 0.0031 0.0032 0.0033 0.0064 0.0070 0.0049 0.0066 0.0029 0.0048 0.0110 
      H148.1  2 0.0367 0.0078 0.0458 0.0167 0.0136 0.0068 0.0214 0.0372 0.0078 0.0047 0.0371 0.0071 0.0398 0.0196 0.0164 0.0100 0.0426 0.0647 0.0117 0.0119 0.4655 0.0082 0.0146 0.0255 0.0265 
      H148.2  2 0.0278 0.0122 0.0164 0.0109 0.0070 0.0151 0.0084 0.0524 0.0109 0.0043 0.3039 0.0087 0.0482 0.0159 0.0148 0.0052 0.0435 0.1125 0.0092 0.0078 0.1906 0.0077 0.0274 0.0266 0.0124 
      H148.3  2 0.0525 0.0057 0.2267 0.0116 0.0126 0.0078 0.0072 0.1163 0.0033 0.0121 0.1377 0.0103 0.1340 0.0101 0.0146 0.0117 0.0233 0.0188 0.0127 0.0097 0.0220 0.0069 0.1017 0.0113 0.0195 
      H148.4  2 0.0306 0.0102 0.0518 0.0119 0.0091 0.0125 0.0166 0.0347 0.0057 0.0082 0.0946 0.0108 0.0572 0.0090 0.0196 0.0075 0.1795 0.0391 0.0323 0.0098 0.2775 0.0071 0.0267 0.0284 0.0098 
      H148.5  2 0.0249 0.0144 0.0263 0.0120 0.0101 0.0111 0.0080 0.0401 0.0041 0.0218 0.3151 0.0104 0.0317 0.0082 0.0116 0.0273 0.1557 0.0174 0.0067 0.0036 0.0203 0.0112 0.1479 0.0227 0.0375 
      H148.6  2 0.1147 0.0059 0.0468 0.0133 0.0258 0.0121 0.0068 0.0324 0.0051 0.0057 0.2216 0.0103 0.0328 0.0250 0.0290 0.0126 0.0441 0.0533 0.0194 0.0095 0.1171 0.0072 0.1187 0.0162 0.0145 
      H148.7  2 0.0146 0.0471 0.0190 0.0198 0.0202 0.0051 0.0126 0.0703 0.0070 0.0089 0.2785 0.0063 0.0753 0.0101 0.0089 0.0147 0.1331 0.0893 0.0068 0.0083 0.0656 0.0115 0.0342 0.0194 0.0133 
      H148.8  2 0.0232 0.0117 0.0281 0.0049 0.0244 0.0114 0.0067 0.0274 0.0052 0.0100 0.3387 0.0054 0.0292 0.0072 0.0149 0.0204 0.0354 0.0443 0.0146 0.0062 0.1979 0.0069 0.1116 0.0063 0.0080 
      H148.9  2 0.0851 0.0129 0.0576 0.0567 0.0136 0.0446 0.0093 0.0747 0.0058 0.0143 0.0452 0.0065 0.0539 0.0141 0.0110 0.0069 0.0342 0.1284 0.0089 0.0109 0.1051 0.0159 0.0690 0.0987 0.0167 
   H166022.1  2 0.0068 0.0050 0.0126 0.0093 0.6585 0.0085 0.0069 0.0124 0.0113 0.0038 0.0110 0.0085 0.0127 0.0220 0.0199 0.1110 0.0053 0.0098 0.0077 0.0060 0.0060 0.0079 0.0038 0.0116 0.0218 
   H166022.2  2 0.0109 0.0133 0.0116 0.0155 0.3497 0.0119 0.0761 0.0501 0.0065 0.0100 0.0130 0.0247 0.0286 0.0421 0.0366 0.1097 0.0160 0.0148 0.0141 0.0338 0.0101 0.0159 0.0094 0.0169 0.0589 
   H166022.3  2 0.0045 0.0144 0.0091 0.0084 0.5939 0.0060 0.0126 0.0218 0.0046 0.0055 0.0087 0.0050 0.0151 0.0604 0.0109 0.1048 0.0161 0.0420 0.0090 0.0061 0.0055 0.0058 0.0100 0.0045 0.0155 
   H166022.4  2 0.0054 0.0158 0.0119 0.0087 0.2830 0.0042 0.0241 0.0140 0.0088 0.0087 0.0089 0.0054 0.0168 0.0183 0.0081 0.4638 0.0252 0.0264 0.0062 0.0042 0.0040 0.0052 0.0063 0.0054 0.0113 
   H166022.5  2 0.0048 0.0068 0.0116 0.0091 0.5669 0.0037 0.0143 0.0197 0.0075 0.0095 0.0080 0.0105 0.0239 0.0110 0.0153 0.1512 0.0094 0.0359 0.0087 0.0081 0.0041 0.0066 0.0060 0.0099 0.0376 
   H166022.6  2 0.0077 0.0056 0.0093 0.0106 0.7760 0.0054 0.0161 0.0084 0.0150 0.0059 0.0091 0.0045 0.0094 0.0050 0.0097 0.0358 0.0080 0.0082 0.0061 0.0086 0.0099 0.0053 0.0028 0.0069 0.0106 
   H166022.7  2 0.0048 0.0044 0.0052 0.0062 0.0037 0.0039 0.0043 0.0075 0.0065 0.0057 0.0041 0.0071 0.0059 0.0032 0.0059 0.0086 0.8571 0.0053 0.0068 0.0154 0.0043 0.0078 0.0034 0.0048 0.0080 
   H166022.8  2 0.0071 0.0114 0.0158 0.0080 0.5175 0.0132 0.0877 0.0236 0.0226 0.0089 0.0077 0.0102 0.0172 0.0162 0.0376 0.0231 0.0104 0.0231 0.0176 0.0120 0.0415 0.0062 0.0045 0.0096 0.0472 
   H167397.1  2 0.3826 0.0050 0.0202 0.0065 0.2306 0.0045 0.0091 0.0391 0.0083 0.0059 0.0103 0.0146 0.0288 0.0040 0.0579 0.0211 0.0092 0.0092 0.0185 0.0483 0.0155 0.0086 0.0103 0.0116 0.0202 
   H167397.2  2 0.3846 0.0057 0.0575 0.0080 0.0094 0.0410 0.0092 0.0274 0.0126 0.0054 0.0103 0.0105 0.0413 0.0325 0.1341 0.0188 0.0098 0.0210 0.0062 0.0110 0.1062 0.0107 0.0070 0.0076 0.0122 
   H167397.3  2 0.5241 0.0060 0.0117 0.0065 0.0634 0.0041 0.0044 0.0404 0.0083 0.0060 0.0068 0.0335 0.0357 0.0079 0.0496 0.0175 0.0048 0.0084 0.0229 0.0451 0.0338 0.0153 0.0087 0.0227 0.0122 
   H167397.4  2 0.4671 0.0085 0.0875 0.0380 0.0124 0.0268 0.0057 0.0255 0.0085 0.0087 0.0624 0.0108 0.0206 0.0202 0.0721 0.0170 0.0084 0.0263 0.0039 0.0181 0.0081 0.0116 0.0102 0.0108 0.0110 
   H167397.5  2 0.5263 0.0086 0.0534 0.0064 0.0257 0.0067 0.0170 0.0193 0.0138 0.0055 0.0083 0.0120 0.0324 0.0110 0.0512 0.0246 0.0231 0.0202 0.0178 0.0298 0.0419 0.0102 0.0088 0.0057 0.0202 
   H167397.6  2 0.5184 0.0153 0.0131 0.0132 0.0354 0.0086 0.0049 0.0320 0.0125 0.0091 0.0228 0.0394 0.0279 0.0064 0.0260 0.0243 0.0060 0.0138 0.0070 0.0544 0.0216 0.0157 0.0066 0.0589 0.0067 
   H167496.1  2 0.0090 0.0133 0.0241 0.0139 0.0266 0.0046 0.0177 0.0552 0.0318 0.0119 0.0889 0.0241 0.0542 0.0137 0.0054 0.1815 0.0090 0.0390 0.2787 0.0058 0.0069 0.0183 0.0412 0.0139 0.0113 
   H167496.2  2 0.0097 0.0093 0.0117 0.0283 0.0053 0.0109 0.0903 0.0966 0.0388 0.0155 0.0343 0.0984 0.0734 0.0065 0.0139 0.1091 0.0435 0.0199 0.0598 0.0120 0.0188 0.0445 0.0703 0.0637 0.0154 
   H167496.3  2 0.0079 0.0251 0.0283 0.0254 0.0415 0.0660 0.0350 0.0957 0.0252 0.0218 0.0197 0.0237 0.0941 0.0639 0.0794 0.0761 0.0047 0.0424 0.1260 0.0059 0.0130 0.0095 0.0575 0.0052 0.0071 
   H167496.4  2 0.0040 0.0047 0.0051 0.0059 0.0067 0.0067 0.0063 0.0075 0.0047 0.0048 0.0044 0.0045 0.0054 0.0048 0.0114 0.8706 0.0043 0.0046 0.0047 0.0046 0.0029 0.0066 0.0038 0.0056 0.0056 
   H167496.6  2 0.0053 0.0145 0.0151 0.0094 0.0263 0.0065 0.0664 0.0153 0.0074 0.0112 0.0110 0.0118 0.0180 0.0049 0.0617 0.6230 0.0082 0.0165 0.0129 0.0091 0.0063 0.0070 0.0038 0.0178 0.0107 
   H167496.7  2 0.0050 0.0068 0.0245 0.0206 0.0378 0.0043 0.0154 0.0353 0.0142 0.0080 0.0073 0.0054 0.0272 0.0175 0.0099 0.0133 0.0051 0.0331 0.5915 0.0264 0.0133 0.0143 0.0424 0.0155 0.0060 
   H167496.8  2 0.0057 0.0051 0.0105 0.0127 0.0085 0.0066 0.0282 0.0101 0.0058 0.0060 0.0087 0.0095 0.0128 0.0064 0.0305 0.7273 0.0074 0.0077 0.0136 0.0201 0.0051 0.0069 0.0045 0.0302 0.0098 
   H167513.1  2 0.0075 0.0053 0.0051 0.8250 0.0082 0.0053 0.0097 0.0067 0.0110 0.0080 0.0054 0.0044 0.0077 0.0063 0.0084 0.0078 0.0084 0.0106 0.0061 0.0093 0.0074 0.0059 0.0042 0.0081 0.0084 
   H167513.2  2 0.0222 0.0088 0.0057 0.7376 0.0103 0.0065 0.0084 0.0160 0.0081 0.0058 0.0174 0.0055 0.0196 0.0063 0.0091 0.0078 0.0050 0.0056 0.0393 0.0117 0.0112 0.0048 0.0110 0.0113 0.0048 
