      H008.1  2 0.0078 0.0717 0.0127 0.5981 0.0056 0.0075 0.0089 0.0185 0.0190 0.0060 0.0102 0.0063 0.0581 0.0078 0.0108 0.0126 0.0288 0.0060 0.0063 0.0086 0.0165 0.0722 
      H008.2  2 0.0101 0.0827 0.0323 0.0402 0.0356 0.0053 0.0117 0.0730 0.0139 0.0124 0.0321 0.0144 0.0222 0.0190 0.0096 0.0288 0.3727 0.0302 0.0069 0.0572 0.0516 0.0379 
      H008.3  2 0.0164 0.1537 0.0259 0.0338 0.0181 0.0088 0.0219 0.0577 0.0632 0.0197 0.0358 0.0093 0.0249 0.0154 0.0082 0.0104 0.2817 0.0517 0.0116 0.0148 0.0713 0.0457 
      H008.4  2 0.0281 0.0448 0.0407 0.3764 0.0377 0.0094 0.0160 0.0314 0.0149 0.0197 0.0135 0.0142 0.0430 0.0103 0.0098 0.0106 0.0694 0.0232 0.0049 0.0174 0.0143 0.1503 
      H008.5  2 0.0161 0.0352 0.0150 0.4983 0.0137 0.0050 0.0180 0.0305 0.0342 0.0328 0.0122 0.0067 0.0245 0.0102 0.0063 0.0064 0.0731 0.0161 0.0083 0.0051 0.0247 0.1076 
      H008.6  2 0.0173 0.0272 0.0847 0.1048 0.0347 0.0058 0.0112 0.0558 0.0133 0.0176 0.0052 0.0148 0.0497 0.0169 0.0058 0.0193 0.3115 0.0195 0.0074 0.0245 0.0601 0.0930 
      H008.7  2 0.0193 0.0424 0.0611 0.1440 0.0312 0.0102 0.0284 0.0673 0.0111 0.0238 0.0484 0.0149 0.0266 0.0108 0.0150 0.0216 0.2214 0.0086 0.0081 0.0186 0.0253 0.1420 
      H008.8  2 0.0074 0.2944 0.0520 0.0547 0.0074 0.0069 0.0092 0.0373 0.0095 0.0072 0.0197 0.0152 0.0516 0.0082 0.0077 0.0739 0.0195 0.0171 0.0128 0.2288 0.0097 0.0498 
      H008.9  2 0.0157 0.0169 0.2864 0.0136 0.0459 0.0084 0.0131 0.0456 0.0116 0.0111 0.0071 0.0129 0.0206 0.0158 0.0051 0.0151 0.3013 0.0152 0.0076 0.0625 0.0143 0.0542 
 H029.1_2002  2 0.1375 0.0084 0.0119 0.4576 0.0160 0.0043 0.0110 0.1030 0.0052 0.0313 0.0089 0.0224 0.0115 0.0091 0.0102 0.0253 0.0072 0.0048 0.0083 0.0195 0.0073 0.0793 
 H029.1_2003  2 0.0074 0.0061 0.0154 0.0082 0.0088 0.0047 0.0455 0.2418 0.0087 0.0411 0.0041 0.0183 0.0088 0.0092 0.0069 0.0079 0.0121 0.0053 0.0077 0.0242 0.0137 0.4940 
 H029.2_2002  2 0.0150 0.0066 0.0094 0.2818 0.0274 0.0047 0.0437 0.2215 0.0069 0.0442 0.0287 0.0249 0.0038 0.0046 0.0090 0.0046 0.0205 0.0084 0.0086 0.0054 0.0315 0.1887 
 H029.2_2003  2 0.0068 0.0050 0.0084 0.0191 0.0125 0.0044 0.0254 0.2438 0.0128 0.0367 0.0057 0.0166 0.0046 0.0136 0.0065 0.0055 0.0104 0.0138 0.0159 0.0078 0.0545 0.4704 
 H029.3_2002  2 0.0047 0.0123 0.0063 0.0760 0.0627 0.0050 0.0469 0.2059 0.0113 0.0277 0.0223 0.0290 0.0037 0.0173 0.0095 0.0066 0.0074 0.0092 0.0082 0.0218 0.0148 0.3915 
 H029.3_2003  2 0.0060 0.0051 0.0041 0.1586 0.0071 0.0041 0.0241 0.2012 0.0146 0.1504 0.0053 0.0050 0.0147 0.0091 0.0122 0.0051 0.0187 0.0047 0.0050 0.0076 0.0170 0.3204 
 H029.4_2002  2 0.0097 0.0106 0.0036 0.3463 0.0134 0.0042 0.0113 0.2079 0.0050 0.0131 0.0105 0.0036 0.0084 0.0050 0.0214 0.0053 0.0050 0.0039 0.0041 0.0063 0.0061 0.2952 
 H029.4_2003  2 0.0198 0.0120 0.0063 0.0165 0.0098 0.0033 0.0109 0.2139 0.0049 0.0264 0.0047 0.0067 0.0191 0.0108 0.0288 0.0143 0.0079 0.0051 0.0110 0.0125 0.0087 0.5464 
 H029.5_2002  2 0.0811 0.0063 0.0064 0.4758 0.0054 0.0071 0.0181 0.1719 0.0054 0.0420 0.0102 0.0085 0.0129 0.0057 0.0065 0.0060 0.0098 0.0040 0.0053 0.0060 0.0052 0.1004 
 H029.5_2003  2 0.0105 0.0094 0.0060 0.0669 0.0055 0.0037 0.0085 0.2765 0.0052 0.0122 0.0041 0.0063 0.0096 0.0050 0.0099 0.0062 0.0129 0.0038 0.0056 0.0164 0.0293 0.4863 
 H029.6_2002  2 0.0076 0.0134 0.0045 0.1545 0.0262 0.0060 0.0187 0.1907 0.0081 0.1581 0.0157 0.0037 0.0043 0.0057 0.0129 0.0051 0.0045 0.0059 0.0046 0.0170 0.0052 0.3276 
 H029.6_2003  2 0.0377 0.0067 0.0162 0.2209 0.0060 0.0102 0.0565 0.1821 0.0091 0.0182 0.0085 0.0087 0.0195 0.0177 0.0116 0.0114 0.0079 0.0074 0.0188 0.0138 0.0539 0.2573 
      H029.7  2 0.0162 0.0074 0.0083 0.4130 0.0216 0.0034 0.0140 0.1936 0.0049 0.0171 0.0275 0.0118 0.0070 0.0043 0.0108 0.0067 0.0084 0.0088 0.0073 0.0040 0.0162 0.1878 
      H030.1  2 0.0246 0.0059 0.0146 0.0337 0.0034 0.0200 0.0067 0.0272 0.1253 0.2346 0.0147 0.0131 0.0109 0.2504 0.0258 0.0092 0.0521 0.0097 0.0756 0.0111 0.0206 0.0108 
      H030.2  2 0.0296 0.0402 0.0077 0.0583 0.0730 0.0378 0.0061 0.0621 0.0538 0.0237 0.1110 0.0450 0.0408 0.3054 0.0215 0.0073 0.0364 0.0037 0.0120 0.0060 0.0082 0.0103 
      H038.1  2 0.0042 0.0122 0.0070 0.7051 0.0300 0.0037 0.0083 0.1008 0.0054 0.0056 0.0040 0.0067 0.0042 0.0046 0.0058 0.0139 0.0043 0.0077 0.0067 0.0090 0.0048 0.0460 
      H038.2  2 0.0114 0.0071 0.0031 0.7364 0.0069 0.0127 0.0051 0.1282 0.0046 0.0072 0.0073 0.0074 0.0060 0.0061 0.0060 0.0039 0.0056 0.0026 0.0079 0.0046 0.0054 0.0144 
      H038.3  2 0.0076 0.0067 0.0068 0.6599 0.0352 0.0102 0.0052 0.1026 0.0075 0.0050 0.0064 0.0162 0.0166 0.0123 0.0097 0.0220 0.0069 0.0039 0.0381 0.0067 0.0069 0.0075 
      H038.4  2 0.0075 0.0050 0.0067 0.7078 0.0254 0.0171 0.0079 0.0997 0.0069 0.0038 0.0065 0.0093 0.0107 0.0055 0.0093 0.0135 0.0079 0.0041 0.0228 0.0095 0.0041 0.0090 
      H038.5  2 0.0064 0.0072 0.0039 0.5454 0.0211 0.0067 0.0090 0.1852 0.0053 0.0077 0.0080 0.0045 0.0038 0.0139 0.0233 0.0156 0.0071 0.0031 0.0127 0.0151 0.0076 0.0875 
      H038.6  2 0.0060 0.0132 0.0048 0.7099 0.0136 0.0034 0.0051 0.1309 0.0051 0.0093 0.0040 0.0076 0.0039 0.0105 0.0088 0.0062 0.0055 0.0040 0.0102 0.0073 0.0092 0.0214 
      H038.7  2 0.0058 0.0051 0.0044 0.7509 0.0109 0.0044 0.0044 0.0870 0.0046 0.0059 0.0030 0.0238 0.0082 0.0089 0.0121 0.0092 0.0069 0.0032 0.0216 0.0045 0.0054 0.0099 
      H038.8  2 0.0061 0.0082 0.0040 0.6662 0.0937 0.0164 0.0048 0.0905 0.0068 0.0042 0.0113 0.0119 0.0090 0.0062 0.0048 0.0128 0.0041 0.0035 0.0173 0.0065 0.0049 0.0068 
      H041.1  2 0.0187 0.0083 0.0233 0.0290 0.0134 0.0087 0.0191 0.0598 0.0050 0.0575 0.1686 0.0032 0.4278 0.0068 0.0327 0.0071 0.0189 0.0138 0.0096 0.0035 0.0121 0.0530 
      H041.2  2 0.2037 0.0074 0.0155 0.0167 0.0086 0.0059 0.0243 0.0263 0.0133 0.0791 0.0067 0.0069 0.4554 0.0077 0.0054 0.0058 0.0285 0.0068 0.0067 0.0111 0.0071 0.0510 
      H041.4  2 0.0211 0.0260 0.0413 0.0810 0.0215 0.0095 0.0768 0.2422 0.0070 0.1096 0.0144 0.0064 0.0488 0.0077 0.0142 0.0162 0.0347 0.0165 0.0062 0.0109 0.0057 0.1823 
      H041.6  2 0.0570 0.0163 0.0331 0.1155 0.0111 0.0142 0.0583 0.1192 0.0140 0.1112 0.0195 0.0100 0.1827 0.0110 0.0103 0.0310 0.0188 0.0284 0.0070 0.0135 0.0072 0.1106 
 H042.1_2002  2 0.0455 0.1002 0.0269 0.0089 0.0142 0.0506 0.0075 0.0222 0.0189 0.5724 0.0099 0.0089 0.0182 0.0082 0.0048 0.0269 0.0077 0.0084 0.0102 0.0043 0.0170 0.0082 
 H042.1_2003  2 0.0436 0.0126 0.0183 0.0568 0.0542 0.0157 0.0073 0.0328 0.0662 0.0152 0.0069 0.0365 0.3845 0.0155 0.0048 0.0227 0.0906 0.0129 0.0208 0.0152 0.0462 0.0208 
 H042.2_2002  2 0.0059 0.2325 0.0058 0.0354 0.0199 0.0075 0.0411 0.1031 0.0094 0.3131 0.0074 0.0110 0.0094 0.0054 0.0561 0.0060 0.0057 0.0070 0.0034 0.0049 0.0123 0.0980 
 H042.2_2003  2 0.4917 0.0205 0.0294 0.0488 0.0049 0.0076 0.0169 0.0219 0.0203 0.0791 0.0042 0.0096 0.1514 0.0101 0.0062 0.0107 0.0155 0.0078 0.0059 0.0100 0.0124 0.0151 
 H042.3_2002  2 0.0166 0.2470 0.0143 0.0067 0.0133 0.0250 0.0225 0.0844 0.1020 0.2912 0.0066 0.0096 0.0289 0.0122 0.0266 0.0209 0.0122 0.0116 0.0090 0.0049 0.0183 0.0163 
 H042.3_2003  2 0.0828 0.1947 0.0148 0.0162 0.0279 0.0181 0.0135 0.1497 0.0399 0.0548 0.0272 0.0072 0.1074 0.0120 0.0556 0.0273 0.0157 0.0096 0.0114 0.0048 0.0230 0.0864 
 H042.4_2002  2 0.1320 0.0134 0.0304 0.0191 0.0216 0.0204 0.0182 0.0473 0.0155 0.5634 0.0097 0.0050 0.0114 0.0098 0.0095 0.0133 0.0078 0.0068 0.0101 0.0052 0.0107 0.0197 
 H042.4_2003  2 0.1735 0.0168 0.0176 0.0475 0.0098 0.0153 0.0160 0.0480 0.0108 0.4634 0.0243 0.0081 0.0093 0.0071 0.0139 0.0304 0.0110 0.0173 0.0308 0.0042 0.0083 0.0165 
      H042.5  2 0.0496 0.0114 0.0080 0.0055 0.0026 0.0094 0.0083 0.0111 0.0075 0.7985 0.0045 0.0062 0.0057 0.0040 0.0050 0.0077 0.0129 0.0084 0.0099 0.0037 0.0111 0.0089 
      H042.6  2 0.0080 0.0689 0.0064 0.0139 0.0141 0.0103 0.0065 0.0171 0.0056 0.7159 0.0063 0.0095 0.0043 0.0049 0.0122 0.0250 0.0049 0.0259 0.0151 0.0045 0.0065 0.0143 
      H042.7  2 0.0507 0.0564 0.0086 0.0156 0.0058 0.0988 0.0474 0.0657 0.0907 0.3514 0.0060 0.0679 0.0229 0.0053 0.0150 0.0348 0.0110 0.0068 0.0100 0.0072 0.0069 0.0153 
      H042.8  2 0.0224 0.0779 0.0162 0.0091 0.0196 0.0090 0.0244 0.0254 0.0105 0.5926 0.0032 0.0087 0.0793 0.0040 0.0125 0.0096 0.0171 0.0149 0.0060 0.0050 0.0183 0.0144 
   H042_2002  2 0.0491 0.3441 0.0204 0.0378 0.0257 0.0078 0.0273 0.0897 0.0187 0.0357 0.0039 0.0468 0.0473 0.0092 0.0242 0.0318 0.0348 0.0464 0.0240 0.0118 0.0123 0.0513 
   H042_2003  2 0.0543 0.3337 0.0287 0.0329 0.0214 0.0111 0.0187 0.0821 0.0220 0.0327 0.0043 0.0421 0.0497 0.0075 0.0254 0.0431 0.0310 0.0396 0.0295 0.0121 0.0153 0.0626 
      H043.1  2 0.0062 0.0278 0.0030 0.0190 0.0479 0.0046 0.0035 0.0216 0.0084 0.0067 0.0083 0.0089 0.0137 0.0077 0.2612 0.4737 0.0131 0.0113 0.0243 0.0078 0.0081 0.0130 
      H043.2  2 0.0044 0.0204 0.0165 0.0270 0.1036 0.0041 0.0060 0.0306 0.0070 0.0042 0.0029 0.0050 0.0437 0.0044 0.0102 0.5787 0.0045 0.0308 0.0424 0.0200 0.0092 0.0244 
      H043.3  2 0.0107 0.0180 0.0106 0.1633 0.0222 0.0047 0.0062 0.0195 0.0114 0.0078 0.0039 0.0450 0.0206 0.0067 0.1134 0.4626 0.0094 0.0095 0.0151 0.0072 0.0063 0.0257 
      H043.4  2 0.0057 0.0148 0.0070 0.0896 0.0490 0.0051 0.0050 0.0187 0.0105 0.0066 0.0038 0.0138 0.0195 0.0057 0.0908 0.5456 0.0126 0.0283 0.0434 0.0033 0.0059 0.0153 
      H043.5  2 0.0051 0.0479 0.0107 0.0354 0.1568 0.0031 0.0063 0.0133 0.0097 0.0043 0.0043 0.0070 0.0605 0.0048 0.0218 0.5235 0.0113 0.0052 0.0194 0.0211 0.0075 0.0210 
      H043.6  2 0.0063 0.0220 0.0184 0.1122 0.1041 0.0044 0.0089 0.0127 0.0117 0.0067 0.0027 0.0084 0.0106 0.0081 0.0388 0.5640 0.0036 0.0077 0.0098 0.0073 0.0053 0.0265 
      H043.7  2 0.0038 0.0061 0.0082 0.0425 0.0449 0.0037 0.0030 0.0147 0.0085 0.0042 0.0025 0.0124 0.0378 0.0045 0.0897 0.6468 0.0052 0.0365 0.0127 0.0029 0.0040 0.0053 
      H043.8  2 0.0041 0.0279 0.0065 0.0120 0.0128 0.0058 0.0039 0.0478 0.0098 0.0038 0.0085 0.0085 0.0296 0.0125 0.1568 0.5781 0.0045 0.0118 0.0101 0.0265 0.0052 0.0135 
      H043.9  2 0.0058 0.0358 0.0034 0.0199 0.0199 0.0041 0.0041 0.0181 0.0059 0.0090 0.0074 0.0204 0.0066 0.0093 0.3456 0.4300 0.0061 0.0088 0.0126 0.0075 0.0050 0.0145 
      H047.1  2 0.0085 0.0390 0.0075 0.4486 0.0054 0.0045 0.0041 0.0148 0.0081 0.0056 0.0035 0.0180 0.0152 0.0056 0.0057 0.0109 0.3627 0.0038 0.0066 0.0034 0.0092 0.0093 
      H047.2  2 0.0112 0.0062 0.0163 0.1920 0.0055 0.0123 0.0102 0.0249 0.0108 0.0174 0.0258 0.0178 0.0296 0.0071 0.0195 0.0195 0.4843 0.0053 0.0113 0.0083 0.0312 0.0335 
      H047.3  2 0.0123 0.0092 0.0131 0.1422 0.0044 0.0145 0.0221 0.0243 0.0167 0.0155 0.0199 0.0131 0.0650 0.0055 0.0486 0.0154 0.4826 0.0117 0.0072 0.0076 0.0295 0.0197 
      H047.4  2 0.0326 0.0136 0.0204 0.1544 0.0035 0.0138 0.0157 0.0499 0.0095 0.0327 0.0061 0.0567 0.1805 0.0062 0.0164 0.0238 0.2702 0.0072 0.0145 0.0116 0.0097 0.0510 
      H047.5  2 0.0060 0.0262 0.0100 0.1939 0.0036 0.0125 0.0171 0.0257 0.0243 0.0076 0.0045 0.0164 0.0351 0.0066 0.0649 0.0142 0.4589 0.0290 0.0064 0.0047 0.0128 0.0196 
      H047.6  2 0.0308 0.0079 0.0134 0.0334 0.0055 0.0066 0.0131 0.0245 0.0056 0.0248 0.0084 0.0108 0.0773 0.0044 0.0206 0.0180 0.6444 0.0063 0.0067 0.0059 0.0090 0.0226 
      H047.7  2 0.0269 0.0826 0.0061 0.3704 0.0089 0.0081 0.0060 0.0305 0.0073 0.0092 0.0105 0.0144 0.0313 0.0054 0.0092 0.0110 0.3251 0.0043 0.0054 0.0032 0.0064 0.0178 
      H047.8  2 0.0474 0.0138 0.0083 0.0450 0.0038 0.0073 0.0085 0.0202 0.0132 0.0161 0.0056 0.0110 0.1020 0.0038 0.0170 0.0181 0.5944 0.0070 0.0061 0.0054 0.0261 0.0200 
      H047.9  2 0.0143 0.1083 0.0136 0.3784 0.0039 0.0365 0.0161 0.0347 0.0133 0.0099 0.0064 0.0303 0.0185 0.0064 0.0157 0.0073 0.2103 0.0179 0.0088 0.0041 0.0237 0.0213 
 H071.1_2002  2 0.0055 0.0079 0.0072 0.8668 0.0037 0.0037 0.0059 0.0087 0.0085 0.0050 0.0029 0.0063 0.0065 0.0062 0.0084 0.0105 0.0050 0.0079 0.0047 0.0034 0.0073 0.0078 
 H071.1_2003  2 0.0095 0.0081 0.0274 0.6753 0.0096 0.0057 0.0139 0.0204 0.0219 0.0087 0.0034 0.0146 0.0164 0.0473 0.0077 0.0262 0.0104 0.0316 0.0150 0.0042 0.0098 0.0130 
     H071.10  2 0.0035 0.0374 0.0033 0.7257 0.0059 0.0085 0.0037 0.0984 0.0057 0.0046 0.0081 0.0063 0.0044 0.0244 0.0136 0.0086 0.0030 0.0052 0.0061 0.0099 0.0035 0.0104 
 H071.2_2002  2 0.0051 0.0208 0.0105 0.7405 0.0067 0.0035 0.0097 0.0502 0.0091 0.0043 0.0027 0.0095 0.0058 0.0080 0.0063 0.0240 0.0076 0.0118 0.0072 0.0237 0.0106 0.0225 
 H071.2_2003  2 0.0048 0.0055 0.0047 0.9127 0.0028 0.0029 0.0034 0.0051 0.0054 0.0040 0.0029 0.0046 0.0032 0.0042 0.0039 0.0045 0.0041 0.0055 0.0035 0.0030 0.0048 0.0046 
      H071.3  2 0.0113 0.0609 0.0048 0.6766 0.0126 0.0091 0.0036 0.0297 0.0097 0.0046 0.0086 0.0092 0.0547 0.0331 0.0094 0.0051 0.0147 0.0050 0.0093 0.0088 0.0057 0.0136 
 H071.4_2002  2 0.0038 0.0370 0.0068 0.6208 0.0128 0.0185 0.0078 0.1161 0.0050 0.0049 0.0070 0.0093 0.0035 0.0200 0.0249 0.0204 0.0067 0.0077 0.0114 0.0098 0.0065 0.0395 
 H071.4_2003  2 0.0058 0.0555 0.0036 0.8386 0.0029 0.0069 0.0030 0.0074 0.0039 0.0037 0.0040 0.0062 0.0050 0.0090 0.0049 0.0038 0.0057 0.0040 0.0069 0.0055 0.0058 0.0078 
 H071.5_2002  2 0.0043 0.0137 0.0038 0.8354 0.0042 0.0070 0.0032 0.0535 0.0043 0.0070 0.0057 0.0063 0.0035 0.0061 0.0097 0.0048 0.0034 0.0049 0.0048 0.0051 0.0035 0.0058 
 H071.5_2003  2 0.0063 0.0959 0.0066 0.7268 0.0031 0.0079 0.0044 0.0106 0.0056 0.0049 0.0039 0.0083 0.0091 0.0298 0.0172 0.0100 0.0069 0.0058 0.0119 0.0067 0.0081 0.0102 
 H071.6_2002  2 0.0032 0.1873 0.0039 0.6487 0.0049 0.0055 0.0042 0.0182 0.0070 0.0039 0.0035 0.0084 0.0037 0.0105 0.0129 0.0067 0.0040 0.0059 0.0074 0.0189 0.0039 0.0273 
 H071.6_2003  2 0.0065 0.0218 0.0071 0.8282 0.0039 0.0060 0.0032 0.0096 0.0054 0.0050 0.0036 0.0070 0.0069 0.0230 0.0114 0.0168 0.0039 0.0047 0.0101 0.0047 0.0045 0.0068 
 H071.7_2002  2 0.0035 0.0173 0.0049 0.8784 0.0040 0.0032 0.0030 0.0070 0.0056 0.0043 0.0036 0.0101 0.0061 0.0044 0.0051 0.0056 0.0057 0.0056 0.0046 0.0068 0.0038 0.0075 
 H071.7_2003  2 0.0071 0.0347 0.0073 0.8059 0.0038 0.0118 0.0043 0.0114 0.0056 0.0042 0.0034 0.0056 0.0074 0.0279 0.0136 0.0107 0.0052 0.0067 0.0076 0.0030 0.0053 0.0073 
      H071.8  2 0.0045 0.0143 0.0108 0.7355 0.0070 0.0036 0.0123 0.0746 0.0051 0.0050 0.0036 0.0073 0.0052 0.0062 0.0062 0.0123 0.0091 0.0152 0.0057 0.0234 0.0070 0.0260 
      H071.9  2 0.0048 0.0833 0.0124 0.2615 0.0108 0.0113 0.0183 0.1265 0.0058 0.0203 0.0078 0.0049 0.0084 0.0214 0.1842 0.0447 0.0101 0.0125 0.0166 0.0384 0.0066 0.0895 
 H081.1_2002  2 0.0048 0.0090 0.0123 0.8438 0.0044 0.0092 0.0092 0.0168 0.0088 0.0077 0.0082 0.0048 0.0037 0.0042 0.0044 0.0063 0.0041 0.0169 0.0037 0.0038 0.0050 0.0090 
 H081.1_2003  2 0.0109 0.0205 0.0551 0.0360 0.2014 0.0125 0.0244 0.1064 0.1568 0.0725 0.0094 0.0477 0.0142 0.0399 0.0104 0.0138 0.0151 0.0121 0.0299 0.0151 0.0185 0.0774 
 H081.2_2002  2 0.0055 0.0092 0.0091 0.8052 0.0036 0.0082 0.0096 0.0086 0.0071 0.0055 0.0043 0.0072 0.0045 0.0039 0.0064 0.0079 0.0092 0.0611 0.0069 0.0050 0.0042 0.0080 
 H081.2_2003  2 0.0077 0.0467 0.0130 0.0313 0.0083 0.0086 0.0074 0.0302 0.0150 0.0173 0.0218 0.0054 0.0153 0.6072 0.0079 0.0164 0.0106 0.0436 0.0238 0.0219 0.0082 0.0323 
 H081.3_2002  2 0.0059 0.0069 0.0089 0.7100 0.0063 0.0086 0.0051 0.0590 0.0064 0.0068 0.0061 0.0062 0.0064 0.0120 0.0075 0.0306 0.0276 0.0206 0.0138 0.0198 0.0040 0.0215 
 H081.3_2003  2 0.0092 0.0173 0.0177 0.0157 0.0177 0.0162 0.0151 0.0454 0.0151 0.0257 0.0174 0.0066 0.0134 0.2994 0.0389 0.2351 0.0107 0.0261 0.0502 0.0519 0.0159 0.0395 
 H081.4_2002  2 0.0047 0.0085 0.0052 0.8552 0.0036 0.0059 0.0037 0.0098 0.0154 0.0090 0.0055 0.0052 0.0077 0.0086 0.0042 0.0049 0.0075 0.0043 0.0061 0.0059 0.0061 0.0130 
 H081.4_2003  2 0.0071 0.0103 0.0924 0.0210 0.0147 0.0231 0.0235 0.1006 0.0649 0.1656 0.0119 0.0129 0.0099 0.2193 0.0166 0.0315 0.0075 0.0261 0.0458 0.0181 0.0206 0.0567 
 H081.5_2002  2 0.0051 0.0068 0.0082 0.8481 0.0045 0.0044 0.0040 0.0124 0.0078 0.0074 0.0038 0.0087 0.0067 0.0103 0.0054 0.0091 0.0081 0.0054 0.0078 0.0071 0.0054 0.0136 
 H081.5_2003  2 0.0081 0.0139 0.0991 0.0484 0.0278 0.0156 0.0280 0.0735 0.1745 0.1423 0.0126 0.0256 0.0732 0.0616 0.0128 0.0265 0.0143 0.0626 0.0216 0.0136 0.0202 0.0243 
      H081.6  2 0.0056 0.0116 0.0111 0.8555 0.0046 0.0050 0.0062 0.0082 0.0141 0.0048 0.0041 0.0071 0.0044 0.0069 0.0043 0.0054 0.0036 0.0124 0.0042 0.0035 0.0060 0.0113 
      H081.7  2 0.0039 0.0066 0.0071 0.7503 0.0042 0.0095 0.0064 0.0231 0.0097 0.0052 0.0046 0.0035 0.0050 0.0115 0.0079 0.0182 0.0080 0.0842 0.0087 0.0081 0.0045 0.0097 
      H081.8  2 0.0057 0.0259 0.0119 0.5791 0.0121 0.0101 0.0085 0.0859 0.0146 0.0134 0.0180 0.0074 0.0080 0.0438 0.0082 0.0141 0.0072 0.0088 0.0132 0.0561 0.0051 0.0431 
      H083.1  2 0.0048 0.0102 0.0059 0.6239 0.0100 0.0046 0.0183 0.1143 0.0124 0.0450 0.0321 0.0154 0.0048 0.0071 0.0129 0.0044 0.0111 0.0075 0.0064 0.0075 0.0104 0.0313 
      H083.2  2 0.0049 0.0083 0.0093 0.6367 0.0057 0.0114 0.0071 0.1229 0.0055 0.0091 0.0264 0.0120 0.0086 0.0041 0.0437 0.0104 0.0264 0.0143 0.0076 0.0071 0.0067 0.0119 
      H083.4  2 0.0045 0.0569 0.0042 0.4575 0.0136 0.0108 0.0062 0.1279 0.0063 0.0137 0.1100 0.0164 0.0049 0.0051 0.0186 0.0114 0.0121 0.0130 0.0047 0.0589 0.0052 0.0380 
      H083.5  2 0.0048 0.0086 0.0099 0.4833 0.0226 0.0073 0.0469 0.1336 0.0059 0.0273 0.1008 0.0247 0.0052 0.0046 0.0067 0.0045 0.0141 0.0138 0.0056 0.0125 0.0103 0.0469 
      H083.6  2 0.0057 0.0204 0.0084 0.3465 0.0092 0.0141 0.0402 0.1577 0.0157 0.0180 0.1005 0.0072 0.0035 0.0089 0.0066 0.0050 0.0062 0.0102 0.0079 0.0278 0.0112 0.1688 
      H083.7  2 0.0050 0.0349 0.0054 0.3784 0.0085 0.0348 0.0111 0.1467 0.0067 0.0049 0.2085 0.0096 0.0043 0.0041 0.0088 0.0118 0.0110 0.0164 0.0063 0.0201 0.0065 0.0562 
      H083.8  2 0.0042 0.0081 0.0082 0.5975 0.0063 0.0117 0.0104 0.1348 0.0038 0.0087 0.0314 0.0124 0.0075 0.0034 0.0339 0.0118 0.0542 0.0115 0.0062 0.0061 0.0092 0.0186 
      H083.9  2 0.0076 0.0086 0.0055 0.5039 0.0107 0.0062 0.0275 0.1084 0.0078 0.0244 0.1817 0.0125 0.0064 0.0059 0.0070 0.0032 0.0140 0.0079 0.0050 0.0082 0.0073 0.0303 
      H084.1  2 0.0066 0.0151 0.0083 0.0067 0.0506 0.0105 0.0289 0.0340 0.0062 0.0196 0.0102 0.0042 0.0094 0.6524 0.0497 0.0084 0.0098 0.0087 0.0134 0.0081 0.0119 0.0272 
      H084.2  2 0.0043 0.0060 0.0069 0.0055 0.0659 0.0052 0.0060 0.0175 0.0134 0.0314 0.0052 0.0093 0.0041 0.5783 0.1303 0.0142 0.0052 0.0034 0.0268 0.0087 0.0079 0.0445 
      H084.3  2 0.0238 0.0089 0.0052 0.0058 0.2198 0.1018 0.0542 0.0519 0.0368 0.0153 0.0110 0.0176 0.0259 0.3104 0.0301 0.0117 0.0095 0.0090 0.0213 0.0062 0.0159 0.0079 
      H084.4  2 0.0360 0.0092 0.0060 0.0084 0.1820 0.0230 0.0210 0.0421 0.0805 0.0471 0.0060 0.0391 0.0616 0.2995 0.0178 0.0122 0.0182 0.0036 0.0392 0.0130 0.0073 0.0272 
      H084.5  2 0.0086 0.0093 0.0054 0.0070 0.0309 0.0230 0.0693 0.0406 0.0192 0.0095 0.0059 0.0358 0.0815 0.5490 0.0265 0.0081 0.0208 0.0091 0.0131 0.0069 0.0103 0.0100 
      H084.6  2 0.0107 0.0049 0.0043 0.0064 0.0557 0.0399 0.0355 0.0229 0.0121 0.0079 0.0317 0.0180 0.0376 0.6222 0.0151 0.0086 0.0229 0.0089 0.0108 0.0134 0.0056 0.0047 
      H084.7  2 0.0065 0.0084 0.0073 0.0057 0.0120 0.0082 0.0082 0.0223 0.0167 0.0402 0.0054 0.0054 0.0064 0.7129 0.0579 0.0089 0.0069 0.0042 0.0076 0.0091 0.0071 0.0330 
      H084.8  2 0.0101 0.0049 0.0058 0.0044 0.0575 0.0251 0.1098 0.0130 0.0095 0.0077 0.0074 0.0144 0.0513 0.5971 0.0116 0.0045 0.0189 0.0081 0.0084 0.0092 0.0101 0.0110 
 H085.1_2002  2 0.0055 0.0081 0.0138 0.0260 0.0122 0.0060 0.0044 0.0108 0.0088 0.0381 0.0124 0.0077 0.0036 0.0111 0.0223 0.0163 0.0064 0.7281 0.0078 0.0081 0.0060 0.0366 
 H085.1_2003  2 0.0109 0.0183 0.0098 0.1517 0.0198 0.0130 0.0117 0.0885 0.0073 0.0294 0.0783 0.0036 0.0732 0.0081 0.0260 0.0072 0.0131 0.1149 0.0613 0.0209 0.0074 0.2256 
 H085.2_2002  2 0.0073 0.0202 0.1310 0.0270 0.0849 0.0224 0.0144 0.0421 0.0652 0.0466 0.1432 0.0136 0.0057 0.0147 0.0201 0.0786 0.0063 0.1248 0.0502 0.0094 0.0064 0.0662 
 H085.2_2003  2 0.0160 0.0103 0.0158 0.4823 0.0112 0.0068 0.0058 0.0552 0.0350 0.0587 0.0406 0.0073 0.0134 0.0139 0.0184 0.0098 0.0284 0.0208 0.0248 0.0131 0.0159 0.0969 
 H085.3_2002  2 0.0099 0.0079 0.0448 0.0086 0.0044 0.0082 0.0088 0.0223 0.0161 0.0204 0.0247 0.0083 0.0260 0.0044 0.0090 0.0149 0.0062 0.6872 0.0427 0.0040 0.0059 0.0152 
 H085.3_2003  2 0.0073 0.0196 0.0053 0.5315 0.0049 0.0061 0.0034 0.0101 0.0379 0.0108 0.0060 0.0040 0.1965 0.0104 0.0090 0.0063 0.0078 0.0306 0.0720 0.0051 0.0072 0.0082 
 H085.4_2002  2 0.0080 0.0537 0.0544 0.1002 0.0400 0.0115 0.0211 0.0541 0.0335 0.0408 0.0262 0.0074 0.0059 0.0185 0.0192 0.0890 0.0090 0.2915 0.0241 0.0104 0.0068 0.0748 
 H085.4_2003  2 0.1275 0.0098 0.0280 0.4401 0.0073 0.0111 0.0060 0.0343 0.0307 0.0609 0.0066 0.0114 0.1341 0.0199 0.0117 0.0154 0.0079 0.0095 0.0082 0.0048 0.0064 0.0087 
 H085.5_2002  2 0.0058 0.0100 0.0332 0.0087 0.0048 0.0063 0.0093 0.0084 0.0077 0.0068 0.0040 0.0034 0.0278 0.0044 0.0067 0.0119 0.0057 0.7962 0.0214 0.0039 0.0061 0.0076 
 H085.5_2003  2 0.0122 0.0138 0.0069 0.6854 0.0072 0.0049 0.0042 0.0192 0.0270 0.0312 0.0419 0.0047 0.0105 0.0155 0.0096 0.0055 0.0171 0.0213 0.0171 0.0057 0.0112 0.0278 
 H085.6_2002  2 0.0049 0.0060 0.0283 0.0108 0.0078 0.0056 0.0064 0.0101 0.0121 0.0166 0.0162 0.0080 0.0085 0.0051 0.0239 0.0133 0.0078 0.6801 0.0404 0.0057 0.0046 0.0778 
 H085.6_2003  2 0.0219 0.0120 0.0640 0.0852 0.0057 0.0165 0.0172 0.0403 0.0393 0.0332 0.0066 0.0099 0.3664 0.0070 0.0140 0.0222 0.0195 0.0317 0.1594 0.0071 0.0095 0.0112 
 H085.7_2002  2 0.0180 0.0083 0.1186 0.0814 0.0145 0.0098 0.0057 0.0241 0.0627 0.0991 0.0498 0.0192 0.0143 0.0106 0.0080 0.0241 0.0339 0.2859 0.0528 0.0107 0.0063 0.0422 
 H085.7_2003  2 0.0163 0.0244 0.0105 0.4767 0.0083 0.0099 0.0064 0.0316 0.0147 0.0096 0.0081 0.0036 0.1780 0.0065 0.0212 0.0110 0.0137 0.0225 0.0444 0.0067 0.0103 0.0658 
 H085.8_2002  2 0.0070 0.0223 0.0644 0.0367 0.0146 0.0131 0.0199 0.0330 0.1169 0.0142 0.0197 0.0094 0.0905 0.0135 0.0082 0.0420 0.0070 0.1541 0.2770 0.0121 0.0067 0.0177 
 H085.8_2003  2 0.0589 0.0181 0.0537 0.1183 0.0190 0.0177 0.0116 0.0458 0.0542 0.2569 0.0930 0.0085 0.0265 0.0152 0.0382 0.0176 0.0265 0.0549 0.0203 0.0086 0.0092 0.0271 
      H085.9  2 0.0103 0.0165 0.0331 0.0539 0.0343 0.0091 0.0063 0.0203 0.0238 0.0451 0.0170 0.0094 0.0114 0.0138 0.0122 0.0149 0.0063 0.6164 0.0134 0.0105 0.0086 0.0134 
      H088.1  2 0.0122 0.0354 0.0269 0.0076 0.0074 0.0153 0.0973 0.0308 0.0040 0.5894 0.0134 0.0062 0.0034 0.0075 0.0104 0.0086 0.0122 0.0169 0.0176 0.0342 0.0194 0.0239 
      H088.2  2 0.0093 0.0118 0.0191 0.0053 0.0056 0.0134 0.0340 0.0121 0.0065 0.7519 0.0094 0.0153 0.0036 0.0055 0.0097 0.0076 0.0135 0.0156 0.0113 0.0121 0.0099 0.0176 
      H088.3  2 0.0064 0.0072 0.0141 0.0041 0.0074 0.0067 0.0304 0.0093 0.0047 0.7907 0.0067 0.0141 0.0042 0.0048 0.0078 0.0091 0.0138 0.0137 0.0083 0.0161 0.0074 0.0130 
      H088.4  2 0.0136 0.0061 0.0075 0.0057 0.0052 0.0031 0.0065 0.0091 0.0052 0.8411 0.0030 0.0057 0.0057 0.0145 0.0073 0.0102 0.0038 0.0034 0.0093 0.0127 0.0092 0.0121 
      H088.5  2 0.0092 0.0073 0.0064 0.0035 0.0049 0.0048 0.0137 0.0084 0.0031 0.8582 0.0051 0.0046 0.0040 0.0081 0.0046 0.0079 0.0060 0.0058 0.0067 0.0112 0.0069 0.0097 
      H088.6  2 0.0108 0.0097 0.0077 0.0073 0.0044 0.0057 0.0178 0.0115 0.0051 0.8019 0.0052 0.0047 0.0089 0.0125 0.0069 0.0052 0.0091 0.0046 0.0083 0.0245 0.0130 0.0155 
      H088.7  2 0.0098 0.0063 0.0050 0.0057 0.0046 0.0050 0.0077 0.0137 0.0048 0.8414 0.0053 0.0074 0.0064 0.0058 0.0095 0.0055 0.0168 0.0067 0.0052 0.0073 0.0052 0.0150 
      H088.8  2 0.0326 0.0177 0.0082 0.0234 0.0058 0.0086 0.0128 0.0557 0.0049 0.6664 0.0063 0.0071 0.0087 0.0106 0.0089 0.0047 0.0147 0.0069 0.0095 0.0388 0.0149 0.0326 
      H091.1  2 0.0719 0.0258 0.0074 0.0280 0.0131 0.0083 0.0103 0.0534 0.0151 0.5156 0.0202 0.0053 0.0811 0.0069 0.0256 0.0080 0.0128 0.0088 0.0414 0.0059 0.0099 0.0253 
      H091.2  2 0.0151 0.0730 0.0093 0.0210 0.0033 0.0181 0.0056 0.0191 0.0086 0.5310 0.0200 0.0048 0.1764 0.0032 0.0161 0.0060 0.0111 0.0049 0.0086 0.0083 0.0119 0.0245 
      H109.1  2 0.0070 0.0371 0.0178 0.0135 0.0321 0.0102 0.0164 0.1184 0.0174 0.0064 0.0753 0.0098 0.0144 0.0366 0.3046 0.0307 0.1153 0.0149 0.0170 0.0714 0.0077 0.0257 
      H109.2  2 0.0267 0.0261 0.0213 0.0345 0.0154 0.0116 0.0118 0.1054 0.0184 0.0100 0.0099 0.0137 0.0101 0.3428 0.1832 0.0291 0.0408 0.0047 0.0183 0.0114 0.0053 0.0495 
      H109.3  2 0.0702 0.0298 0.0089 0.0215 0.0098 0.0123 0.0166 0.0578 0.0220 0.0233 0.0107 0.0075 0.0476 0.0709 0.2354 0.0653 0.1577 0.0041 0.0433 0.0086 0.0263 0.0503 
      H109.4  2 0.1084 0.0355 0.0118 0.0133 0.0319 0.0084 0.0132 0.0876 0.0101 0.0078 0.0089 0.0060 0.0242 0.1201 0.2377 0.0754 0.0240 0.0060 0.0525 0.0446 0.0121 0.0603 
      H109.5  2 0.1333 0.0485 0.0079 0.1171 0.0048 0.0080 0.0910 0.0759 0.0188 0.0623 0.0054 0.0100 0.0533 0.0802 0.1126 0.0239 0.0244 0.0065 0.0078 0.0097 0.0120 0.0866 
      H109.6  2 0.0236 0.0467 0.0223 0.0320 0.0199 0.0303 0.0279 0.1104 0.0204 0.0107 0.0107 0.0172 0.0116 0.2430 0.0982 0.0531 0.0685 0.0057 0.0294 0.0861 0.0101 0.0220 
      H126.1  2 0.0321 0.0503 0.0352 0.0055 0.0066 0.0071 0.0140 0.1045 0.0138 0.0090 0.0073 0.0416 0.0091 0.0052 0.0907 0.1285 0.0110 0.0720 0.0157 0.0154 0.0355 0.2899 
      H126.2  2 0.0158 0.0368 0.0120 0.0352 0.0227 0.0057 0.0058 0.1337 0.0129 0.0051 0.0121 0.0182 0.0050 0.0093 0.0084 0.0636 0.0370 0.0324 0.0253 0.0085 0.0126 0.4821 
      H126.3  2 0.0082 0.1178 0.0074 0.0070 0.0049 0.0050 0.0109 0.0358 0.0049 0.0148 0.0066 0.0121 0.0095 0.0038 0.0483 0.0121 0.0067 0.0069 0.0050 0.0131 0.0085 0.6508 
      H126.4  2 0.0072 0.1331 0.0216 0.0149 0.0152 0.0077 0.0173 0.1546 0.0069 0.0187 0.0124 0.0153 0.0119 0.0091 0.0106 0.1886 0.0219 0.0120 0.0112 0.0144 0.0321 0.2632 
      H126.5  2 0.0101 0.6061 0.0257 0.0359 0.0042 0.0055 0.0043 0.0210 0.0072 0.0054 0.0047 0.0393 0.0061 0.0054 0.0074 0.0484 0.0052 0.0104 0.0105 0.0079 0.0161 0.1133 
      H126.6  2 0.0059 0.0527 0.0065 0.0647 0.0040 0.0032 0.0050 0.0190 0.0039 0.0089 0.0045 0.0429 0.0080 0.0037 0.0124 0.0155 0.0074 0.0521 0.0139 0.0045 0.0060 0.6552 
      H126.7  2 0.0094 0.2267 0.0051 0.3580 0.0030 0.0068 0.0043 0.0521 0.0065 0.0541 0.0075 0.0103 0.0099 0.0070 0.0102 0.0080 0.0081 0.0465 0.0116 0.0081 0.0084 0.1384 
      H130.1  2 0.0407 0.0068 0.3918 0.0063 0.0062 0.0075 0.0139 0.0295 0.0127 0.0369 0.0075 0.0153 0.0077 0.0143 0.0139 0.0466 0.0132 0.0085 0.2020 0.0236 0.0148 0.0802 
      H130.2  2 0.0141 0.0060 0.1544 0.0301 0.0075 0.0230 0.0085 0.0626 0.0270 0.0599 0.0475 0.0087 0.0216 0.2843 0.0201 0.0356 0.0342 0.0131 0.0280 0.0535 0.0205 0.0397 
      H130.3  2 0.0210 0.0063 0.0412 0.0256 0.0050 0.0221 0.0067 0.1027 0.0359 0.0478 0.0058 0.0071 0.0054 0.0761 0.0197 0.0148 0.0120 0.0063 0.1007 0.0120 0.3887 0.0372 
      H130.4  2 0.0132 0.0088 0.4140 0.0077 0.0226 0.0219 0.0078 0.0371 0.0112 0.0312 0.0192 0.0095 0.0061 0.0262 0.0228 0.0621 0.0185 0.0156 0.0831 0.0322 0.0758 0.0532 
      H130.5  2 0.0146 0.0057 0.3715 0.0476 0.0055 0.0227 0.0156 0.0499 0.0333 0.0918 0.0190 0.0070 0.0085 0.0798 0.0126 0.0349 0.0069 0.0156 0.0681 0.0147 0.0061 0.0686 
      H133.1  2 0.0121 0.0070 0.0321 0.0130 0.0418 0.0067 0.0131 0.0569 0.0115 0.0099 0.0086 0.0058 0.0259 0.0154 0.4676 0.1135 0.0195 0.0100 0.0108 0.0044 0.0413 0.0728 
      H133.2  2 0.0174 0.0074 0.0274 0.0078 0.0072 0.0046 0.0162 0.0351 0.0068 0.0294 0.0049 0.0131 0.0210 0.0651 0.2646 0.2938 0.0211 0.0353 0.0179 0.0122 0.0130 0.0787 
      H133.3  2 0.0112 0.0082 0.0235 0.0132 0.0407 0.0093 0.0187 0.0628 0.0051 0.0404 0.0094 0.0052 0.0099 0.0130 0.5136 0.0169 0.0130 0.0219 0.0153 0.0053 0.0151 0.1281 
      H133.4  2 0.0087 0.0110 0.0210 0.0097 0.0360 0.0096 0.0089 0.0333 0.0150 0.0102 0.0076 0.0079 0.0727 0.0202 0.4206 0.1757 0.0419 0.0142 0.0063 0.0182 0.0384 0.0130 
      H133.5  2 0.0051 0.0149 0.0185 0.0049 0.0146 0.0046 0.0062 0.0414 0.0223 0.0262 0.0085 0.0078 0.0057 0.0220 0.4158 0.0694 0.0086 0.0305 0.0131 0.0140 0.0223 0.2235 
      H133.6  2 0.0113 0.0171 0.0156 0.0082 0.0077 0.0084 0.0144 0.0389 0.0123 0.1010 0.0139 0.0122 0.0057 0.0249 0.2807 0.2939 0.0104 0.0246 0.0316 0.0151 0.0088 0.0432 
      H133.7  2 0.0167 0.0067 0.0475 0.0099 0.0516 0.0210 0.0243 0.0316 0.0069 0.0080 0.0063 0.0058 0.2376 0.0066 0.3847 0.0368 0.0281 0.0249 0.0095 0.0056 0.0176 0.0124 
      H133.8  2 0.0064 0.0056 0.0321 0.0072 0.0293 0.0048 0.0091 0.0314 0.0408 0.0074 0.0116 0.0048 0.0253 0.0082 0.4273 0.0801 0.0222 0.0446 0.0061 0.0051 0.0339 0.1566 
      H133.9  2 0.0116 0.0069 0.0290 0.0131 0.0419 0.0069 0.0124 0.0724 0.0125 0.0110 0.0123 0.0072 0.0150 0.0111 0.5168 0.0696 0.0154 0.0101 0.0132 0.0047 0.0605 0.0463 
      H147.1  2 0.0389 0.0086 0.0219 0.2550 0.0106 0.0127 0.0149 0.0264 0.1300 0.0168 0.0205 0.0216 0.2270 0.0786 0.0057 0.0101 0.0226 0.0417 0.0092 0.0047 0.0034 0.0192 
      H147.2  2 0.0094 0.0044 0.0117 0.7757 0.0048 0.0047 0.0080 0.0080 0.0499 0.0165 0.0041 0.0132 0.0181 0.0165 0.0044 0.0073 0.0046 0.0152 0.0086 0.0047 0.0053 0.0049 
      H147.3  2 0.0080 0.0076 0.0105 0.7854 0.0040 0.0069 0.0093 0.0100 0.0284 0.0058 0.0060 0.0065 0.0109 0.0320 0.0037 0.0055 0.0052 0.0297 0.0087 0.0033 0.0050 0.0076 
      H147.4  2 0.0108 0.0041 0.0050 0.7253 0.0223 0.0051 0.0064 0.0068 0.0292 0.0043 0.0105 0.0054 0.0537 0.0606 0.0030 0.0033 0.0105 0.0135 0.0047 0.0041 0.0046 0.0067 
      H147.5  2 0.0246 0.0116 0.0085 0.4454 0.0065 0.0075 0.0289 0.0430 0.0446 0.0945 0.0199 0.0130 0.0157 0.1383 0.0047 0.0065 0.0099 0.0229 0.0148 0.0100 0.0096 0.0193 
      H147.6  2 0.0350 0.0102 0.0057 0.3893 0.0083 0.0065 0.0082 0.0203 0.0434 0.1546 0.0234 0.0118 0.0279 0.1802 0.0044 0.0078 0.0103 0.0110 0.0124 0.0063 0.0091 0.0143 
      H147.7  2 0.0257 0.0064 0.0075 0.6140 0.0229 0.0083 0.0123 0.0153 0.0360 0.0054 0.0159 0.0094 0.0896 0.0732 0.0040 0.0045 0.0152 0.0093 0.0046 0.0038 0.0060 0.0108 
      H147.8  2 0.0138 0.0055 0.0048 0.5189 0.0264 0.0036 0.0079 0.0191 0.0350 0.0646 0.0224 0.0061 0.0485 0.1236 0.0038 0.0034 0.0190 0.0112 0.0050 0.0106 0.0047 0.0424 
      H147.9  2 0.0070 0.0074 0.0125 0.8020 0.0056 0.0040 0.0090 0.0090 0.0207 0.0070 0.0078 0.0084 0.0150 0.0274 0.0051 0.0051 0.0063 0.0192 0.0065 0.0043 0.0037 0.0070 
      H148.1  2 0.0199 0.0098 0.2933 0.0095 0.0525 0.0322 0.0526 0.0322 0.0730 0.0188 0.0251 0.0243 0.0122 0.0405 0.0220 0.0626 0.0174 0.0084 0.0345 0.1002 0.0070 0.0519 
      H148.2  2 0.0083 0.0171 0.2409 0.0146 0.0405 0.0956 0.2125 0.0439 0.0475 0.0072 0.0148 0.0126 0.0094 0.0232 0.0386 0.0293 0.0169 0.0160 0.0121 0.0453 0.0060 0.0477 
      H148.3  2 0.0378 0.0110 0.0438 0.0072 0.0472 0.2422 0.1002 0.1583 0.2128 0.0095 0.0074 0.0135 0.0085 0.0155 0.0088 0.0128 0.0135 0.0076 0.0066 0.0197 0.0062 0.0098 
      H148.4  2 0.0162 0.0131 0.3070 0.0101 0.0264 0.0380 0.0705 0.0282 0.0767 0.0087 0.0086 0.0215 0.0186 0.0108 0.0127 0.0327 0.0093 0.0132 0.0147 0.2428 0.0076 0.0126 
      H148.5  2 0.0083 0.0089 0.0587 0.0093 0.0264 0.3093 0.1944 0.0395 0.0352 0.0189 0.0084 0.0213 0.0051 0.0412 0.0076 0.0088 0.0116 0.0090 0.0065 0.1527 0.0084 0.0106 
      H148.6  2 0.0331 0.0091 0.2149 0.0087 0.0999 0.2133 0.1105 0.0269 0.0601 0.0105 0.0324 0.0146 0.0093 0.0161 0.0122 0.0146 0.0078 0.0120 0.0087 0.0609 0.0051 0.0192 
      H148.7  2 0.0195 0.0106 0.1539 0.0057 0.0248 0.0364 0.2468 0.0839 0.0402 0.0194 0.0111 0.0170 0.0107 0.0128 0.0213 0.0147 0.0252 0.0069 0.0167 0.1877 0.0173 0.0175 
      H148.8  2 0.0237 0.0051 0.4063 0.0067 0.0203 0.2046 0.1566 0.0196 0.0265 0.0182 0.0064 0.0056 0.0053 0.0059 0.0059 0.0142 0.0042 0.0080 0.0053 0.0355 0.0056 0.0101 
      H148.9  2 0.0117 0.0641 0.1829 0.0070 0.1153 0.0783 0.0455 0.0852 0.0355 0.0060 0.0168 0.0189 0.0145 0.0146 0.0895 0.0160 0.0552 0.0562 0.0126 0.0368 0.0124 0.0249 
   H166022.1  2 0.0848 0.0063 0.0120 0.0153 0.0096 0.0120 0.0142 0.0172 0.0418 0.6050 0.0449 0.0087 0.0134 0.0481 0.0049 0.0052 0.0098 0.0145 0.0063 0.0046 0.0033 0.0178 
   H166022.2  2 0.0623 0.0164 0.0205 0.0417 0.0125 0.0244 0.0109 0.0403 0.0345 0.3650 0.0527 0.0513 0.0218 0.1274 0.0074 0.0053 0.0225 0.0144 0.0240 0.0151 0.0108 0.0188 
   H166022.3  2 0.1172 0.0064 0.0184 0.0050 0.0068 0.0174 0.0103 0.0150 0.0169 0.5424 0.1294 0.0091 0.0043 0.0114 0.0098 0.0038 0.0111 0.0050 0.0246 0.0173 0.0070 0.0113 
   H166022.4  2 0.0327 0.0044 0.0059 0.0051 0.0045 0.0054 0.0088 0.0094 0.0214 0.7900 0.0132 0.0141 0.0043 0.0067 0.0063 0.0028 0.0069 0.0035 0.0118 0.0179 0.0129 0.0120 
   H166022.5  2 0.0719 0.0059 0.0057 0.0087 0.0043 0.0068 0.0059 0.0131 0.0494 0.6310 0.0198 0.0136 0.0065 0.0989 0.0068 0.0042 0.0084 0.0036 0.0099 0.0064 0.0065 0.0125 
   H166022.6  2 0.0861 0.0047 0.0304 0.0081 0.0204 0.0085 0.0181 0.0169 0.0198 0.5578 0.0271 0.0161 0.0089 0.0280 0.0084 0.0103 0.0369 0.0084 0.0557 0.0067 0.0061 0.0167 
   H166022.7  2 0.0060 0.0089 0.0046 0.0052 0.0053 0.0038 0.0038 0.0065 0.0041 0.0078 0.0036 0.0046 0.0097 0.0087 0.0058 0.0074 0.0065 0.0042 0.0052 0.8728 0.0060 0.0095 
   H166022.8  2 0.0616 0.0072 0.0738 0.0186 0.0064 0.0066 0.0111 0.0385 0.1309 0.2016 0.0474 0.0969 0.0147 0.1335 0.0094 0.0233 0.0168 0.0176 0.0294 0.0087 0.0132 0.0328 
   H167397.1  2 0.1723 0.0100 0.0060 0.0174 0.3737 0.0094 0.0086 0.0175 0.0252 0.0206 0.0057 0.0100 0.2224 0.0182 0.0060 0.0276 0.0058 0.0061 0.0101 0.0106 0.0055 0.0111 
   H167397.2  2 0.0078 0.0085 0.0692 0.0224 0.4120 0.0100 0.0091 0.0460 0.1151 0.0241 0.0398 0.0172 0.0569 0.0126 0.0061 0.0203 0.0089 0.0317 0.0087 0.0102 0.0074 0.0562 
   H167397.3  2 0.1035 0.0113 0.0093 0.0197 0.5158 0.0086 0.0057 0.0296 0.0204 0.0116 0.0059 0.0091 0.1586 0.0082 0.0092 0.0182 0.0059 0.0040 0.0045 0.0057 0.0061 0.0288 
   H167397.4  2 0.0050 0.0086 0.0180 0.0221 0.5500 0.0109 0.0399 0.0143 0.0806 0.0174 0.0202 0.0070 0.0242 0.0128 0.0091 0.0036 0.0573 0.0414 0.0068 0.0127 0.0085 0.0298 
   H167397.5  2 0.0308 0.0105 0.0189 0.0236 0.5278 0.0091 0.0088 0.0287 0.0733 0.0226 0.0090 0.0101 0.0741 0.0262 0.0062 0.0294 0.0070 0.0082 0.0235 0.0270 0.0064 0.0190 
   H167397.6  2 0.0368 0.0225 0.0157 0.0132 0.5218 0.0078 0.0179 0.0239 0.0104 0.0137 0.0061 0.0095 0.1698 0.0050 0.0331 0.0095 0.0079 0.0116 0.0057 0.0064 0.0141 0.0374 
   H167496.1  2 0.2064 0.0172 0.0119 0.0069 0.0089 0.0373 0.1106 0.0352 0.0412 0.2843 0.0202 0.0138 0.0061 0.0127 0.0564 0.0142 0.0162 0.0044 0.0481 0.0068 0.0192 0.0221 
   H167496.2  2 0.0262 0.0390 0.0191 0.0599 0.0131 0.0828 0.0527 0.1241 0.0146 0.0969 0.0097 0.0917 0.0153 0.0280 0.0534 0.0243 0.0516 0.0105 0.0708 0.0523 0.0127 0.0511 
   H167496.3  2 0.0869 0.0170 0.0825 0.0389 0.0091 0.0744 0.0323 0.0781 0.0590 0.1557 0.0659 0.0109 0.0116 0.0072 0.0209 0.0119 0.0247 0.0941 0.0657 0.0052 0.0239 0.0242 
   H167496.4  2 0.0054 0.0070 0.0037 0.0084 0.0037 0.0039 0.0046 0.0060 0.0062 0.8922 0.0058 0.0049 0.0041 0.0051 0.0054 0.0035 0.0054 0.0054 0.0040 0.0042 0.0038 0.0073 
   H167496.6  2 0.0092 0.0073 0.0062 0.0123 0.0045 0.0034 0.0100 0.0109 0.0123 0.8049 0.0055 0.0218 0.0089 0.0097 0.0067 0.0053 0.0071 0.0067 0.0221 0.0065 0.0097 0.0091 
   H167496.7  2 0.4508 0.0160 0.0476 0.0120 0.0053 0.0728 0.0073 0.0203 0.0519 0.0262 0.0175 0.0274 0.0583 0.0081 0.0253 0.0126 0.0235 0.0060 0.0830 0.0038 0.0089 0.0154 
   H167496.8  2 0.0079 0.0076 0.0075 0.0117 0.0062 0.0043 0.0062 0.0069 0.0146 0.8250 0.0074 0.0186 0.0129 0.0096 0.0069 0.0050 0.0095 0.0053 0.0078 0.0056 0.0043 0.0093 
   H167513.1  2 0.0062 0.0041 0.0064 0.0061 0.0068 0.0046 0.0045 0.0072 0.0092 0.0079 0.0110 0.0112 0.0108 0.0075 0.0102 0.0076 0.8317 0.0053 0.0117 0.0117 0.0052 0.0131 
   H167513.2  2 0.0240 0.0049 0.0206 0.0068 0.0207 0.0095 0.0194 0.0098 0.0064 0.0124 0.0058 0.0092 0.0137 0.0061 0.0114 0.0088 0.7799 0.0073 0.0099 0.0042 0.0052 0.0041 
   H167513.3  2 0.0092 0.0129 0.0064 0.0108 0.0055 0.0091 0.0038 0.0164 0.0194 0.0057 0.0131 0.0095 0.0083 0.0358 0.0117 0.0047 0.7767 0.0051 0.0096 0.0057 0.0133 0.0075 
   H167513.4  2 0.0093 0.0075 0.0176 0.0073 0.0091 0.0107 0.0116 0.0107 0.0109 0.0272 0.0415 0.0151 0.0152 0.0127 0.1893 0.0131 0.5513 0.0082 0.0083 0.0081 0.0063 0.0091 
   H167513.5  2 0.0096 0.0035 0.0089 0.0048 0.0120 0.0045 0.0120 0.0066 0.0039 0.0116 0.0065 0.0063 0.0095 0.0053 0.0087 0.0110 0.8470 0.0057 0.0098 0.0040 0.0039 0.0048 
   H167513.6  2 0.0180 0.0092 0.0090 0.0097 0.0078 0.0114 0.0052 0.0078 0.0084 0.0182 0.0168 0.0150 0.0121 0.0312 0.0086 0.0091 0.7631 0.0055 0.0099 0.0104 0.0049 0.0086 
   H167513.7  2 0.0043 0.0061 0.0078 0.0087 0.0284 0.0042 0.0038 0.0082 0.0060 0.0083 0.0206 0.0069 0.0062 0.0101 0.0238 0.0069 0.8037 0.0088 0.0076 0.0056 0.0053 0.0089 
   H167513.8  2 0.0055 0.0048 0.0033 0.0083 0.0125 0.0041 0.0025 0.0091 0.0073 0.0050 0.0058 0.0086 0.0090 0.0255 0.0138 0.0073 0.8352 0.0037 0.0087 0.0068 0.0076 0.0056 
   H167547.1  2 0.7880 0.0061 0.0441 0.0034 0.0085 0.0365 0.0075 0.0083 0.0056 0.0034 0.0081 0.0063 0.0124 0.0047 0.0060 0.0073 0.0074 0.0065 0.0102 0.0073 0.0072 0.0052 
   H167547.2  2 0.8339 0.0051 0.0156 0.0038 0.0080 0.0201 0.0050 0.0050 0.0058 0.0051 0.0079 0.0042 0.0343 0.0047 0.0046 0.0044 0.0059 0.0044 0.0105 0.0029 0.0048 0.0041 
   H167547.3  2 0.8393 0.0050 0.0133 0.0045 0.0065 0.0237 0.0047 0.0050 0.0059 0.0053 0.0069 0.0044 0.0271 0.0048 0.0039 0.0053 0.0057 0.0061 0.0092 0.0037 0.0050 0.0047 
   H167547.4  2 0.8113 0.0059 0.0158 0.0038 0.0081 0.0130 0.0049 0.0092 0.0072 0.0046 0.0355 0.0046 0.0052 0.0041 0.0052 0.0073 0.0059 0.0071 0.0241 0.0046 0.0070 0.0054 
   H167547.5  2 0.5437 0.0072 0.0058 0.0069 0.0111 0.0809 0.1861 0.0182 0.0200 0.0094 0.0117 0.0065 0.0146 0.0150 0.0058 0.0114 0.0054 0.0061 0.0125 0.0061 0.0072 0.0084 
   H167547.6  2 0.5490 0.0079 0.0060 0.0099 0.0106 0.0919 0.1607 0.0232 0.0236 0.0116 0.0112 0.0069 0.0133 0.0162 0.0065 0.0091 0.0065 0.0052 0.0094 0.0063 0.0065 0.0086 
   H167547.7  2 0.1058 0.0660 0.1093 0.0245 0.0131 0.1721 0.0193 0.0700 0.0171 0.0088 0.0357 0.0181 0.0195 0.0196 0.0249 0.0283 0.0962 0.0424 0.0303 0.0438 0.0202 0.0150 
   H169750.1  2 0.0802 0.0223 0.0412 0.0082 0.0145 0.0269 0.0103 0.1109 0.0100 0.0688 0.0315 0.0184 0.0070 0.0171 0.2878 0.0294 0.0296 0.0153 0.0806 0.0124 0.0142 0.0634 
   H169750.2  2 0.0152 0.0102 0.1929 0.0649 0.0330 0.0097 0.0162 0.1036 0.0726 0.0269 0.0060 0.0204 0.0682 0.0629 0.0845 0.0406 0.0687 0.0146 0.0206 0.0133 0.0357 0.0194 
   H169750.3  2 0.0525 0.0164 0.0204 0.0113 0.0038 0.0246 0.0099 0.1396 0.0062 0.0200 0.0071 0.0068 0.0069 0.0507 0.3266 0.0492 0.1072 0.0189 0.0286 0.0133 0.0275 0.0526 
   H169750.4  2 0.0185 0.0214 0.1572 0.0147 0.0786 0.0106 0.0572 0.0614 0.0266 0.0967 0.0059 0.0869 0.0109 0.0091 0.1086 0.0346 0.0554 0.0132 0.0194 0.0182 0.0614 0.0335 
   H169750.5  2 0.0093 0.0114 0.0361 0.0132 0.0062 0.0084 0.0062 0.1120 0.0101 0.0809 0.0253 0.0046 0.0082 0.0128 0.4403 0.0218 0.0098 0.0096 0.0176 0.0052 0.0083 0.1429 
   H169750.6  2 0.0088 0.0214 0.0641 0.1125 0.0079 0.0102 0.0111 0.2363 0.0103 0.0648 0.0123 0.0073 0.0213 0.0399 0.1561 0.0507 0.0273 0.0188 0.0286 0.0287 0.0209 0.0410 
   H169750.7  2 0.0266 0.0201 0.0259 0.0327 0.0215 0.0221 0.0111 0.2339 0.0495 0.0215 0.0076 0.0386 0.0223 0.0130 0.0945 0.0246 0.1864 0.0277 0.0289 0.0241 0.0257 0.0417 
   H171929.1  2 0.0096 0.0067 0.0114 0.0057 0.0194 0.0092 0.0145 0.0083 0.0035 0.0055 0.0064 0.0036 0.0086 0.0033 0.0050 0.0054 0.8232 0.0279 0.0062 0.0049 0.0057 0.0059 
  H171929.10  2 0.0135 0.0060 0.0193 0.0082 0.0194 0.0184 0.0123 0.0107 0.0054 0.0115 0.0114 0.0059 0.0126 0.0096 0.0091 0.0081 0.7649 0.0260 0.0075 0.0052 0.0060 0.0089 
  H171929.11  2 0.0076 0.0065 0.0082 0.0066 0.0206 0.0061 0.0110 0.0084 0.0048 0.0063 0.0037 0.0043 0.0115 0.0050 0.0067 0.0096 0.8336 0.0142 0.0061 0.0035 0.0065 0.0091 
   H171929.2  2 0.0069 0.0044 0.0119 0.0053 0.0065 0.0213 0.0125 0.0100 0.0046 0.0062 0.0074 0.0038 0.0129 0.0053 0.0603 0.0165 0.7698 0.0096 0.0057 0.0038 0.0087 0.0067 
   H171929.3  2 0.0092 0.0048 0.0060 0.0077 0.0086 0.0067 0.0093 0.0067 0.0048 0.0048 0.0069 0.0034 0.0107 0.0047 0.0093 0.0048 0.8664 0.0053 0.0038 0.0037 0.0055 0.0064 
