      H008.1  2 0.0123 0.0096 0.0100 0.0127 0.0153 0.0132 0.8891 0.0116 0.0068 0.0108 0.0087 
      H008.2  2 0.0349 0.0157 0.2030 0.0713 0.1767 0.1176 0.1522 0.0121 0.1752 0.0140 0.0272 
      H008.3  2 0.0748 0.0183 0.0693 0.1540 0.3633 0.0374 0.1059 0.0234 0.1062 0.0205 0.0269 
      H008.4  2 0.0506 0.0135 0.0594 0.0129 0.0171 0.0140 0.6688 0.0428 0.0873 0.0211 0.0125 
      H008.5  2 0.0603 0.0124 0.0231 0.0181 0.0379 0.0098 0.7721 0.0171 0.0228 0.0092 0.0173 
      H008.6  2 0.0632 0.0185 0.1441 0.0077 0.1616 0.0260 0.2975 0.0139 0.2242 0.0141 0.0291 
      H008.7  2 0.0946 0.0190 0.0612 0.0596 0.0807 0.0405 0.4206 0.0290 0.1507 0.0342 0.0100 
      H008.8  2 0.0184 0.0502 0.5184 0.0473 0.0251 0.0883 0.1602 0.0273 0.0324 0.0182 0.0141 
      H008.9  2 0.0355 0.0238 0.1333 0.0121 0.0898 0.0513 0.0361 0.0129 0.5689 0.0207 0.0156 
 H029.1_2002  2 0.0653 0.0295 0.0239 0.0099 0.0134 0.0143 0.7663 0.0228 0.0332 0.0133 0.0082 
 H029.1_2003  2 0.8403 0.0119 0.0165 0.0073 0.0249 0.0132 0.0462 0.0080 0.0122 0.0044 0.0152 
 H029.2_2002  2 0.1096 0.0166 0.0224 0.0649 0.0494 0.0124 0.6504 0.0121 0.0395 0.0062 0.0165 
 H029.2_2003  2 0.5337 0.0297 0.0302 0.0123 0.1397 0.0095 0.1407 0.0088 0.0338 0.0054 0.0563 
 H029.3_2002  2 0.0695 0.0240 0.0441 0.1600 0.0341 0.0266 0.2967 0.0227 0.2206 0.0063 0.0953 
 H029.3_2003  2 0.3412 0.0074 0.0057 0.0089 0.0193 0.0141 0.5521 0.0082 0.0073 0.0061 0.0296 
 H029.4_2002  2 0.0526 0.0038 0.0077 0.0193 0.0073 0.0133 0.8451 0.0170 0.0178 0.0067 0.0093 
 H029.4_2003  2 0.7233 0.0166 0.0126 0.0077 0.0161 0.0630 0.1025 0.0224 0.0147 0.0044 0.0167 
 H029.5_2002  2 0.0769 0.0068 0.0058 0.0110 0.0061 0.0083 0.8558 0.0087 0.0062 0.0076 0.0068 
 H029.5_2003  2 0.6292 0.0063 0.0081 0.0055 0.0347 0.0112 0.2687 0.0103 0.0102 0.0051 0.0106 
 H029.6_2002  2 0.2388 0.0049 0.0121 0.0474 0.0091 0.0213 0.5746 0.0111 0.0561 0.0077 0.0168 
 H029.6_2003  2 0.2701 0.0417 0.0107 0.0128 0.0702 0.0204 0.5135 0.0098 0.0117 0.0180 0.0210 
      H029.7  2 0.0635 0.0174 0.0248 0.0284 0.0179 0.0072 0.7830 0.0117 0.0340 0.0054 0.0068 
      H030.1  2 0.0130 0.0250 0.0096 0.0208 0.0184 0.0426 0.0178 0.0067 0.0059 0.0247 0.8156 
      H030.2  2 0.0168 0.0146 0.0060 0.1135 0.0112 0.0301 0.0690 0.2840 0.0885 0.0334 0.3328 
      H038.1  2 0.0068 0.0093 0.0115 0.0067 0.0051 0.0061 0.9024 0.0070 0.0327 0.0047 0.0075 
      H038.2  2 0.0073 0.0085 0.0034 0.0076 0.0078 0.0056 0.9274 0.0099 0.0063 0.0087 0.0075 
      H038.3  2 0.0052 0.0223 0.0064 0.0111 0.0080 0.0099 0.8472 0.0220 0.0388 0.0170 0.0121 
      H038.4  2 0.0058 0.0127 0.0070 0.0093 0.0047 0.0128 0.8798 0.0144 0.0253 0.0226 0.0056 
      H038.5  2 0.0133 0.0053 0.0062 0.0157 0.0091 0.0430 0.8611 0.0068 0.0220 0.0070 0.0106 
      H038.6  2 0.0075 0.0060 0.0053 0.0059 0.0086 0.0084 0.9250 0.0084 0.0106 0.0041 0.0103 
      H038.7  2 0.0043 0.0164 0.0048 0.0039 0.0061 0.0095 0.9114 0.0158 0.0120 0.0061 0.0097 
      H038.8  2 0.0054 0.0116 0.0055 0.0122 0.0067 0.0102 0.8439 0.0149 0.0631 0.0144 0.0120 
      H041.1  2 0.3973 0.0279 0.0202 0.1006 0.0124 0.0546 0.2960 0.0098 0.0298 0.0416 0.0097 
      H041.2  2 0.8388 0.0117 0.0093 0.0061 0.0076 0.0088 0.0563 0.0192 0.0203 0.0127 0.0091 
      H041.4  2 0.7340 0.0179 0.0193 0.0116 0.0073 0.0141 0.1443 0.0081 0.0165 0.0192 0.0077 
      H041.6  2 0.6802 0.0212 0.0298 0.0141 0.0091 0.0122 0.1706 0.0171 0.0142 0.0205 0.0110 
 H042.1_2002  2 0.7312 0.0176 0.0212 0.0144 0.0174 0.0079 0.0118 0.0750 0.0166 0.0510 0.0358 
 H042.1_2003  2 0.0953 0.1488 0.0300 0.0223 0.1690 0.0188 0.1200 0.0780 0.1585 0.0983 0.0610 
 H042.2_2002  2 0.5215 0.0055 0.0099 0.0192 0.0217 0.0126 0.1338 0.2180 0.0405 0.0066 0.0105 
 H042.2_2003  2 0.6767 0.0388 0.0206 0.0047 0.0214 0.0084 0.1330 0.0196 0.0060 0.0522 0.0185 
 H042.3_2002  2 0.4395 0.0145 0.0147 0.0094 0.0281 0.0079 0.0100 0.3879 0.0147 0.0206 0.0527 
 H042.3_2003  2 0.1325 0.0132 0.0148 0.0292 0.0369 0.0164 0.0250 0.6689 0.0157 0.0214 0.0260 
 H042.4_2002  2 0.8103 0.0120 0.0117 0.0193 0.0102 0.0065 0.0350 0.0080 0.0154 0.0356 0.0360 
 H042.4_2003  2 0.5596 0.0780 0.0264 0.0468 0.0113 0.0281 0.1574 0.0091 0.0075 0.0419 0.0339 
      H042.5  2 0.9299 0.0072 0.0109 0.0058 0.0053 0.0070 0.0087 0.0068 0.0034 0.0074 0.0076 
      H042.6  2 0.6408 0.0258 0.1366 0.0244 0.0140 0.0156 0.0332 0.0266 0.0173 0.0097 0.0562 
      H042.7  2 0.7122 0.0283 0.0287 0.0089 0.0134 0.0162 0.0281 0.1160 0.0077 0.0324 0.0081 
      H042.8  2 0.8787 0.0091 0.0133 0.0049 0.0118 0.0086 0.0137 0.0266 0.0171 0.0100 0.0062 
   H042_2002  2 0.1611 0.1132 0.2432 0.0059 0.0446 0.0351 0.1164 0.2098 0.0360 0.0191 0.0157 
   H042_2003  2 0.1817 0.1206 0.2146 0.0079 0.0322 0.0396 0.1016 0.2254 0.0367 0.0231 0.0165 
      H043.1  2 0.0060 0.0340 0.0389 0.0136 0.0094 0.7104 0.0403 0.0134 0.1152 0.0049 0.0138 
      H043.2  2 0.0074 0.1018 0.5270 0.0048 0.0078 0.0163 0.0558 0.0138 0.2514 0.0063 0.0078 
      H043.3  2 0.0101 0.1715 0.0755 0.0064 0.0126 0.1665 0.4360 0.0649 0.0378 0.0068 0.0120 
      H043.4  2 0.0057 0.2728 0.2998 0.0068 0.0123 0.0753 0.1160 0.0315 0.1596 0.0109 0.0093 
      H043.5  2 0.0096 0.0702 0.0890 0.0074 0.0139 0.0930 0.2212 0.0609 0.4116 0.0106 0.0126 
      H043.6  2 0.0110 0.0512 0.0744 0.0057 0.0109 0.0380 0.4389 0.0514 0.2916 0.0100 0.0169 
      H043.7  2 0.0049 0.4891 0.2296 0.0041 0.0058 0.0577 0.0609 0.0235 0.1046 0.0083 0.0116 
      H043.8  2 0.0065 0.0721 0.2019 0.0155 0.0118 0.4864 0.0410 0.0541 0.0399 0.0242 0.0464 
      H043.9  2 0.0084 0.0405 0.0260 0.0164 0.0067 0.7109 0.0891 0.0262 0.0559 0.0058 0.0143 
      H047.1  2 0.0084 0.0173 0.0690 0.0049 0.0276 0.0337 0.6729 0.1306 0.0130 0.0136 0.0091 
      H047.2  2 0.0203 0.0506 0.0268 0.0529 0.0862 0.0578 0.6216 0.0099 0.0085 0.0446 0.0209 
      H047.3  2 0.0542 0.0245 0.0430 0.0480 0.1592 0.0875 0.4632 0.0270 0.0074 0.0663 0.0198 
      H047.4  2 0.0646 0.0897 0.0192 0.0119 0.0178 0.0392 0.6674 0.0360 0.0047 0.0345 0.0150 
      H047.5  2 0.0308 0.0228 0.1124 0.0105 0.0604 0.0809 0.5229 0.0796 0.0045 0.0580 0.0173 
      H047.6  2 0.1372 0.0218 0.1098 0.0225 0.0458 0.2614 0.3194 0.0242 0.0140 0.0334 0.0103 
      H047.7  2 0.0215 0.0089 0.0379 0.0081 0.0196 0.0405 0.6376 0.1697 0.0189 0.0279 0.0095 
      H047.8  2 0.0913 0.0224 0.1209 0.0182 0.1022 0.1521 0.3812 0.0407 0.0132 0.0460 0.0117 
      H047.9  2 0.0212 0.0179 0.0442 0.0061 0.0445 0.0184 0.6283 0.1239 0.0043 0.0794 0.0116 
 H071.1_2002  2 0.0056 0.0084 0.0072 0.0040 0.0062 0.0057 0.9338 0.0095 0.0058 0.0047 0.0092 
 H071.1_2003  2 0.0105 0.0590 0.0561 0.0052 0.0140 0.0072 0.7736 0.0134 0.0138 0.0090 0.0380 
     H071.10  2 0.0050 0.0051 0.0075 0.0121 0.0037 0.0098 0.9062 0.0181 0.0105 0.0075 0.0144 
 H071.2_2002  2 0.0094 0.0084 0.0171 0.0049 0.0092 0.0096 0.9091 0.0102 0.0089 0.0067 0.0065 
 H071.2_2003  2 0.0045 0.0052 0.0078 0.0042 0.0051 0.0041 0.9519 0.0048 0.0035 0.0036 0.0054 
      H071.3  2 0.0069 0.0101 0.0075 0.0087 0.0055 0.0111 0.8933 0.0176 0.0102 0.0108 0.0184 
 H071.4_2002  2 0.0066 0.0086 0.0126 0.0091 0.0063 0.0148 0.8776 0.0151 0.0187 0.0135 0.0171 
 H071.4_2003  2 0.0045 0.0051 0.0054 0.0043 0.0054 0.0068 0.9446 0.0086 0.0033 0.0058 0.0062 
 H071.5_2002  2 0.0045 0.0061 0.0060 0.0071 0.0045 0.0059 0.9364 0.0095 0.0055 0.0057 0.0088 
 H071.5_2003  2 0.0063 0.0146 0.0104 0.0043 0.0095 0.0094 0.9006 0.0163 0.0038 0.0107 0.0141 
 H071.6_2002  2 0.0054 0.0069 0.0102 0.0043 0.0049 0.0137 0.9023 0.0309 0.0055 0.0067 0.0091 
 H071.6_2003  2 0.0046 0.0121 0.0075 0.0040 0.0053 0.0086 0.9196 0.0141 0.0041 0.0074 0.0127 
 H071.7_2002  2 0.0043 0.0078 0.0077 0.0044 0.0054 0.0063 0.9422 0.0094 0.0048 0.0035 0.0041 
 H071.7_2003  2 0.0052 0.0134 0.0107 0.0056 0.0077 0.0084 0.9038 0.0100 0.0045 0.0119 0.0187 
      H071.8  2 0.0097 0.0085 0.0141 0.0051 0.0064 0.0076 0.9217 0.0081 0.0079 0.0045 0.0064 
      H071.9  2 0.0253 0.0142 0.0308 0.0125 0.0059 0.2066 0.6229 0.0239 0.0179 0.0135 0.0265 
 H081.1_2002  2 0.0083 0.0072 0.0106 0.0070 0.0056 0.0047 0.9308 0.0080 0.0043 0.0077 0.0059 
 H081.1_2003  2 0.0639 0.2048 0.0416 0.0180 0.0268 0.0126 0.0488 0.0334 0.3739 0.0260 0.1502 
 H081.2_2002  2 0.0061 0.0163 0.0217 0.0076 0.0062 0.0055 0.9143 0.0061 0.0049 0.0063 0.0050 
 H081.2_2003  2 0.0150 0.0179 0.0846 0.0312 0.0128 0.0154 0.0519 0.0135 0.0112 0.0092 0.7373 
 H081.3_2002  2 0.0091 0.0086 0.0326 0.0078 0.0053 0.0119 0.8893 0.0066 0.0086 0.0084 0.0117 
 H081.3_2003  2 0.0184 0.0173 0.2713 0.0146 0.0210 0.0942 0.0239 0.0144 0.0173 0.0184 0.4893 
 H081.4_2002  2 0.0068 0.0058 0.0069 0.0068 0.0081 0.0076 0.9250 0.0108 0.0040 0.0068 0.0113 
 H081.4_2003  2 0.0494 0.1354 0.0845 0.0142 0.0314 0.0172 0.0250 0.0152 0.0184 0.0313 0.5782 
 H081.5_2002  2 0.0068 0.0094 0.0083 0.0047 0.0060 0.0079 0.9246 0.0075 0.0059 0.0060 0.0129 
 H081.5_2003  2 0.0313 0.2399 0.1774 0.0221 0.0217 0.0163 0.0636 0.0346 0.0331 0.0407 0.3193 
      H081.6  2 0.0068 0.0103 0.0072 0.0057 0.0073 0.0053 0.9281 0.0101 0.0051 0.0070 0.0072 
      H081.7  2 0.0059 0.0064 0.0516 0.0059 0.0046 0.0067 0.8878 0.0072 0.0044 0.0092 0.0102 
      H081.8  2 0.0114 0.0095 0.0167 0.0156 0.0074 0.0189 0.8257 0.0185 0.0155 0.0147 0.0463 
      H083.1  2 0.0202 0.0102 0.0070 0.0370 0.0081 0.0131 0.8577 0.0143 0.0133 0.0052 0.0139 
      H083.2  2 0.0088 0.0132 0.0156 0.0239 0.0082 0.0327 0.8649 0.0101 0.0074 0.0081 0.0071 
      H083.4  2 0.0100 0.0087 0.0224 0.1678 0.0065 0.0244 0.7125 0.0144 0.0165 0.0114 0.0054 
      H083.5  2 0.0273 0.0106 0.0116 0.1005 0.0102 0.0112 0.7698 0.0106 0.0322 0.0070 0.0090 
      H083.6  2 0.0178 0.0069 0.0092 0.1850 0.0166 0.0089 0.7058 0.0119 0.0144 0.0084 0.0151 
      H083.7  2 0.0105 0.0067 0.0166 0.2460 0.0108 0.0164 0.6489 0.0089 0.0109 0.0191 0.0050 
      H083.8  2 0.0108 0.0100 0.0133 0.0216 0.0100 0.0287 0.8710 0.0095 0.0078 0.0113 0.0061 
      H083.9  2 0.0305 0.0077 0.0076 0.1292 0.0092 0.0084 0.7753 0.0067 0.0103 0.0068 0.0084 
      H084.1  2 0.0209 0.0057 0.0123 0.0072 0.0096 0.0186 0.0098 0.0149 0.0583 0.0137 0.8290 
      H084.2  2 0.0094 0.0079 0.0065 0.0069 0.0088 0.0282 0.0083 0.0075 0.0356 0.0049 0.8758 
      H084.3  2 0.0378 0.0281 0.0083 0.0185 0.0163 0.0151 0.0107 0.0373 0.2187 0.0974 0.5116 
      H084.4  2 0.0356 0.0391 0.0077 0.0092 0.0140 0.0159 0.0081 0.0228 0.1110 0.0323 0.7044 
      H084.5  2 0.0267 0.0173 0.0105 0.0074 0.0098 0.0109 0.0063 0.1204 0.0438 0.0363 0.7108 
      H084.6  2 0.0188 0.0105 0.0120 0.0413 0.0067 0.0244 0.0065 0.0373 0.1124 0.0973 0.6327 
      H084.7  2 0.0123 0.0058 0.0068 0.0066 0.0071 0.0108 0.0067 0.0068 0.0066 0.0082 0.9223 
      H084.8  2 0.0480 0.0121 0.0096 0.0088 0.0103 0.0130 0.0081 0.0349 0.0679 0.0433 0.7440 
 H085.1_2002  2 0.0094 0.0068 0.8693 0.0147 0.0062 0.0093 0.0432 0.0086 0.0165 0.0055 0.0103 
 H085.1_2003  2 0.0284 0.0297 0.0952 0.1318 0.0103 0.0574 0.5601 0.0116 0.0255 0.0340 0.0159 
 H085.2_2002  2 0.0154 0.0222 0.7103 0.0919 0.0070 0.0115 0.0198 0.0162 0.0610 0.0221 0.0228 
 H085.2_2003  2 0.0196 0.0169 0.0285 0.0709 0.0232 0.0265 0.7495 0.0093 0.0170 0.0104 0.0283 
 H085.3_2002  2 0.0138 0.0391 0.8574 0.0212 0.0045 0.0085 0.0174 0.0055 0.0074 0.0169 0.0084 
 H085.3_2003  2 0.0106 0.0589 0.0223 0.0083 0.0105 0.0154 0.8224 0.0116 0.0049 0.0201 0.0151 
 H085.4_2002  2 0.0209 0.0086 0.7927 0.0226 0.0079 0.0099 0.0691 0.0141 0.0255 0.0108 0.0179 
 H085.4_2003  2 0.0252 0.0315 0.0164 0.0088 0.0091 0.0093 0.8026 0.0268 0.0080 0.0291 0.0333 
 H085.5_2002  2 0.0105 0.0226 0.8979 0.0058 0.0071 0.0059 0.0200 0.0058 0.0058 0.0116 0.0069 
 H085.5_2003  2 0.0106 0.0119 0.0139 0.0733 0.0122 0.0136 0.8166 0.0114 0.0078 0.0104 0.0182 
 H085.6_2002  2 0.0092 0.0249 0.8779 0.0117 0.0048 0.0119 0.0220 0.0062 0.0140 0.0075 0.0101 
 H085.6_2003  2 0.0182 0.6588 0.0419 0.0079 0.0149 0.0168 0.1311 0.0120 0.0086 0.0745 0.0154 
 H085.7_2002  2 0.0179 0.0670 0.7357 0.0560 0.0101 0.0113 0.0441 0.0073 0.0118 0.0136 0.0252 
 H085.7_2003  2 0.0152 0.0249 0.0192 0.0114 0.0101 0.0287 0.8433 0.0122 0.0110 0.0164 0.0077 
 H085.8_2002  2 0.0135 0.4334 0.3886 0.0143 0.0086 0.0092 0.0377 0.0169 0.0133 0.0455 0.0188 
 H085.8_2003  2 0.0626 0.0448 0.0767 0.1654 0.0167 0.0563 0.4011 0.0256 0.0174 0.0628 0.0705 
      H085.9  2 0.0215 0.0166 0.7777 0.0211 0.0079 0.0079 0.0791 0.0137 0.0210 0.0157 0.0178 
      H088.1  2 0.9121 0.0076 0.0113 0.0096 0.0105 0.0085 0.0107 0.0052 0.0065 0.0090 0.0091 
      H088.2  2 0.9031 0.0117 0.0148 0.0094 0.0106 0.0084 0.0071 0.0104 0.0073 0.0067 0.0106 
      H088.3  2 0.9165 0.0112 0.0107 0.0066 0.0084 0.0111 0.0059 0.0083 0.0055 0.0053 0.0105 
      H088.4  2 0.8989 0.0098 0.0066 0.0039 0.0101 0.0101 0.0110 0.0083 0.0075 0.0041 0.0298 
      H088.5  2 0.9449 0.0053 0.0058 0.0047 0.0049 0.0072 0.0049 0.0045 0.0051 0.0052 0.0076 
      H088.6  2 0.9226 0.0054 0.0070 0.0059 0.0095 0.0086 0.0099 0.0062 0.0059 0.0074 0.0118 
      H088.7  2 0.8524 0.0136 0.0129 0.0087 0.0149 0.0141 0.0421 0.0099 0.0099 0.0074 0.0142 
      H088.8  2 0.8801 0.0087 0.0087 0.0068 0.0165 0.0179 0.0277 0.0072 0.0074 0.0070 0.0120 
      H091.1  2 0.7761 0.0176 0.0161 0.0414 0.0114 0.0351 0.0397 0.0355 0.0056 0.0124 0.0091 
      H091.2  2 0.7399 0.0136 0.0132 0.0632 0.0118 0.0505 0.0406 0.0351 0.0046 0.0200 0.0076 
      H109.1  2 0.0134 0.0087 0.0391 0.0242 0.0192 0.7959 0.0153 0.0205 0.0237 0.0210 0.0191 
      H109.2  2 0.0225 0.0346 0.0199 0.0185 0.0146 0.4139 0.0844 0.0323 0.0183 0.0399 0.3011 
      H109.3  2 0.0426 0.0315 0.0078 0.0098 0.0215 0.7423 0.0349 0.0150 0.0100 0.0198 0.0648 
      H109.4  2 0.0252 0.0174 0.0092 0.0093 0.0110 0.8020 0.0129 0.0081 0.0165 0.0279 0.0605 
      H109.5  2 0.4709 0.0242 0.0087 0.0064 0.0148 0.0611 0.2718 0.0253 0.0043 0.0199 0.0926 
      H109.6  2 0.0338 0.0364 0.0351 0.0115 0.0250 0.5649 0.0459 0.0198 0.0196 0.0701 0.1377 
      H126.1  2 0.0336 0.0733 0.5078 0.0080 0.0799 0.0368 0.0116 0.2158 0.0086 0.0117 0.0130 
      H126.2  2 0.0132 0.0422 0.5283 0.0135 0.0656 0.0385 0.1674 0.0780 0.0204 0.0128 0.0201 
      H126.3  2 0.1001 0.0073 0.3423 0.0250 0.0120 0.0222 0.0681 0.4026 0.0076 0.0057 0.0071 
      H126.4  2 0.0271 0.0375 0.2884 0.0252 0.2328 0.0337 0.0548 0.2179 0.0329 0.0162 0.0336 
      H126.5  2 0.0111 0.2370 0.1344 0.0113 0.0490 0.0109 0.1429 0.3772 0.0072 0.0121 0.0069 
      H126.6  2 0.0116 0.0102 0.4960 0.0092 0.0083 0.0091 0.3182 0.1223 0.0054 0.0050 0.0048 
      H126.7  2 0.0144 0.0133 0.0169 0.0064 0.0128 0.0067 0.8862 0.0250 0.0041 0.0067 0.0076 
      H130.1  2 0.0530 0.3385 0.1813 0.0202 0.0703 0.1837 0.0121 0.0086 0.0109 0.0299 0.0916 
      H130.2  2 0.0086 0.0135 0.0379 0.0227 0.0269 0.0526 0.0275 0.0071 0.0089 0.0398 0.7545 
      H130.3  2 0.0125 0.0473 0.0112 0.0079 0.5297 0.0295 0.0193 0.0061 0.0054 0.0167 0.3145 
      H130.4  2 0.0157 0.0423 0.2582 0.0227 0.2207 0.2195 0.0100 0.0094 0.0344 0.0374 0.1298 
      H130.5  2 0.0211 0.0593 0.1157 0.0245 0.0158 0.0259 0.0298 0.0078 0.0062 0.0432 0.6506 
      H133.1  2 0.0247 0.0624 0.0397 0.0169 0.1225 0.4831 0.0401 0.0143 0.0925 0.0124 0.0913 
      H133.2  2 0.0349 0.1045 0.2147 0.0066 0.0223 0.4181 0.0222 0.0138 0.0122 0.0097 0.1409 
      H133.3  2 0.1986 0.0320 0.0630 0.0134 0.0306 0.4646 0.0511 0.0185 0.0854 0.0133 0.0295 
      H133.4  2 0.0092 0.0204 0.0200 0.0058 0.0172 0.8491 0.0162 0.0100 0.0255 0.0118 0.0150 
      H133.5  2 0.0186 0.0242 0.1904 0.0108 0.0724 0.5098 0.0103 0.0206 0.0197 0.0042 0.1191 
      H133.6  2 0.0483 0.0534 0.2422 0.0147 0.0337 0.3527 0.0139 0.0198 0.0099 0.0115 0.1999 
      H133.7  2 0.0435 0.0617 0.0403 0.0088 0.0175 0.5905 0.0390 0.0109 0.1055 0.0710 0.0113 
      H133.8  2 0.0124 0.0195 0.2167 0.0201 0.0455 0.4797 0.0178 0.0642 0.0839 0.0086 0.0316 
      H133.9  2 0.0256 0.0543 0.0339 0.0197 0.1779 0.4819 0.0243 0.0129 0.0989 0.0093 0.0614 
      H147.1  2 0.0891 0.0665 0.0542 0.0305 0.0071 0.0080 0.4693 0.0273 0.0316 0.0384 0.1781 
      H147.2  2 0.0098 0.0244 0.0160 0.0055 0.0056 0.0048 0.8865 0.0105 0.0049 0.0089 0.0232 
      H147.3  2 0.0095 0.0173 0.0123 0.0066 0.0094 0.0042 0.8961 0.0070 0.0056 0.0115 0.0205 
      H147.4  2 0.0089 0.0105 0.0080 0.0123 0.0048 0.0049 0.8756 0.0102 0.0253 0.0076 0.0319 
      H147.5  2 0.0928 0.0296 0.0156 0.0238 0.0289 0.0063 0.5743 0.0094 0.0092 0.0193 0.1907 
      H147.6  2 0.0529 0.0243 0.0124 0.0247 0.0195 0.0101 0.4431 0.0129 0.0090 0.0160 0.3751 
      H147.7  2 0.0142 0.0158 0.0092 0.0194 0.0101 0.0054 0.8312 0.0110 0.0314 0.0151 0.0372 
      H147.8  2 0.0356 0.0068 0.0096 0.0341 0.0086 0.0090 0.6699 0.0172 0.0442 0.0066 0.1584 
      H147.9  2 0.0073 0.0216 0.0125 0.0089 0.0083 0.0051 0.8971 0.0078 0.0057 0.0085 0.0172 
      H148.1  2 0.0492 0.1600 0.0799 0.0294 0.0193 0.1139 0.0125 0.0595 0.0736 0.3037 0.0989 
      H148.2  2 0.0392 0.0306 0.0988 0.0251 0.0199 0.0438 0.0248 0.0511 0.0779 0.5394 0.0494 
      H148.3  2 0.0125 0.0090 0.0126 0.0089 0.0064 0.0102 0.0147 0.0128 0.0399 0.8637 0.0092 
      H148.4  2 0.0525 0.2229 0.0616 0.0138 0.0179 0.0317 0.0213 0.0803 0.0787 0.4007 0.0185 
      H148.5  2 0.1641 0.0136 0.0154 0.0071 0.0251 0.0106 0.0091 0.0174 0.0472 0.6705 0.0198 
      H148.6  2 0.0274 0.0234 0.0269 0.0282 0.0086 0.0200 0.0139 0.0174 0.1200 0.6877 0.0264 
      H148.7  2 0.1492 0.0251 0.0156 0.0108 0.0827 0.0565 0.0095 0.0397 0.0448 0.5412 0.0250 
      H148.8  2 0.0506 0.0126 0.0134 0.0048 0.0079 0.0065 0.0077 0.0112 0.0292 0.8448 0.0114 
      H148.9  2 0.0202 0.0183 0.1284 0.0230 0.0407 0.0635 0.0123 0.1360 0.2345 0.3057 0.0173 
   H166022.1  2 0.6529 0.0098 0.0126 0.0960 0.0053 0.0092 0.0171 0.0077 0.0088 0.0092 0.1714 
   H166022.2  2 0.1287 0.0379 0.0182 0.0485 0.0207 0.0181 0.0452 0.0160 0.0143 0.0251 0.6272 
   H166022.3  2 0.4228 0.0187 0.0093 0.3083 0.0238 0.0289 0.0059 0.0069 0.0067 0.0239 0.1449 
   H166022.4  2 0.7141 0.0341 0.0067 0.0546 0.0212 0.0214 0.0082 0.0146 0.0059 0.0067 0.1125 
   H166022.5  2 0.0943 0.0186 0.0064 0.0278 0.0104 0.0094 0.0100 0.0057 0.0053 0.0059 0.8062 
   H166022.6  2 0.5925 0.0538 0.0151 0.1110 0.0176 0.0477 0.0079 0.0087 0.0226 0.0177 0.1055 
   H166022.7  2 0.0063 0.0079 0.0094 0.0046 0.0154 0.9057 0.0065 0.0054 0.0223 0.0040 0.0125 
   H166022.8  2 0.0251 0.1496 0.0702 0.1382 0.0185 0.0141 0.0163 0.0103 0.0082 0.0087 0.5407 
   H167397.1  2 0.2264 0.0213 0.0116 0.0092 0.0103 0.0106 0.0670 0.0278 0.5388 0.0400 0.0370 
   H167397.2  2 0.0105 0.0322 0.1044 0.0889 0.0140 0.0100 0.0346 0.0177 0.6366 0.0267 0.0243 
   H167397.3  2 0.0493 0.0179 0.0212 0.0269 0.0133 0.0110 0.1195 0.0427 0.6430 0.0329 0.0223 
   H167397.4  2 0.0192 0.0102 0.0255 0.0276 0.0140 0.0125 0.0325 0.0186 0.7874 0.0267 0.0259 
   H167397.5  2 0.0195 0.0778 0.0163 0.0221 0.0157 0.0155 0.0307 0.0250 0.6778 0.0477 0.0518 
   H167397.6  2 0.0767 0.0139 0.0201 0.0129 0.0246 0.0161 0.0433 0.1120 0.6550 0.0185 0.0068 
   H167496.1  2 0.7164 0.0311 0.0095 0.0290 0.0185 0.0769 0.0116 0.0224 0.0073 0.0520 0.0253 
   H167496.2  2 0.1546 0.2369 0.0333 0.0109 0.0240 0.1037 0.1658 0.1081 0.0159 0.1177 0.0292 
   H167496.3  2 0.2375 0.1387 0.1601 0.1003 0.0376 0.0187 0.0826 0.0164 0.0096 0.1778 0.0208 
   H167496.4  2 0.8559 0.0140 0.0122 0.0150 0.0092 0.0090 0.0327 0.0125 0.0052 0.0066 0.0278 
   H167496.6  2 0.4171 0.3936 0.0105 0.0117 0.0317 0.0145 0.0421 0.0196 0.0076 0.0068 0.0448 
   H167496.7  2 0.0249 0.3510 0.0174 0.0421 0.0222 0.0355 0.0219 0.0714 0.0064 0.3815 0.0257 
   H167496.8  2 0.4826 0.2487 0.0120 0.0127 0.0141 0.0179 0.0859 0.0446 0.0096 0.0099 0.0620 
   H167513.1  2 0.0161 0.0154 0.0361 0.0252 0.0218 0.8161 0.0103 0.0114 0.0190 0.0150 0.0134 
   H167513.2  2 0.1710 0.0806 0.0242 0.0089 0.0272 0.4382 0.0164 0.0277 0.0987 0.0944 0.0126 
   H167513.3  2 0.0102 0.0146 0.0091 0.0515 0.1305 0.6460 0.0122 0.0153 0.0091 0.0279 0.0736 
   H167513.4  2 0.0333 0.0168 0.0174 0.1162 0.0135 0.7030 0.0099 0.0099 0.0118 0.0254 0.0428 
   H167513.5  2 0.0972 0.0181 0.0910 0.0160 0.0084 0.6107 0.0205 0.0137 0.0872 0.0244 0.0127 
   H167513.6  2 0.0388 0.0307 0.2726 0.0416 0.0172 0.3736 0.0170 0.0323 0.0251 0.0474 0.1038 
   H167513.7  2 0.0104 0.0093 0.0221 0.0791 0.0110 0.7667 0.0207 0.0083 0.0329 0.0116 0.0282 
   H167513.8  2 0.0055 0.0096 0.0097 0.0111 0.0156 0.8698 0.0085 0.0106 0.0132 0.0069 0.0395 
   H167547.1  2 0.0408 0.0305 0.0091 0.0198 0.0223 0.0150 0.0084 0.0106 0.0294 0.8055 0.0087 
   H167547.2  2 0.1083 0.0190 0.0086 0.0175 0.0091 0.0083 0.0164 0.0333 0.0236 0.7474 0.0085 
   H167547.3  2 0.1046 0.0111 0.0072 0.0185 0.0105 0.0061 0.0185 0.0266 0.0210 0.7685 0.0074 
   H167547.4  2 0.1827 0.0283 0.1001 0.2525 0.0960 0.0421 0.0090 0.0098 0.0428 0.2237 0.0131 
   H167547.5  2 0.8591 0.0064 0.0095 0.0138 0.0080 0.0083 0.0063 0.0091 0.0070 0.0562 0.0163 
   H167547.6  2 0.8437 0.0074 0.0093 0.0111 0.0104 0.0070 0.0069 0.0087 0.0079 0.0745 0.0130 
   H167547.7  2 0.0278 0.0399 0.1585 0.0233 0.0356 0.2018 0.0313 0.0205 0.0190 0.4219 0.0205 
   H169750.1  2 0.0595 0.0470 0.0241 0.0279 0.0514 0.7044 0.0157 0.0116 0.0087 0.0293 0.0204 
   H169750.2  2 0.0467 0.1385 0.0361 0.0067 0.0762 0.1920 0.1440 0.0248 0.0618 0.0313 0.2418 
   H169750.3  2 0.0309 0.0123 0.0181 0.0070 0.0124 0.8548 0.0118 0.0067 0.0041 0.0134 0.0284 
   H169750.4  2 0.1105 0.0833 0.0814 0.0057 0.2602 0.2698 0.0263 0.0418 0.0830 0.0216 0.0163 
   H169750.5  2 0.0278 0.0138 0.0193 0.0347 0.0198 0.7802 0.0302 0.0102 0.0080 0.0099 0.0462 
   H169750.6  2 0.0488 0.0413 0.0283 0.0139 0.0326 0.3947 0.2463 0.0121 0.0098 0.0127 0.1595 
   H169750.7  2 0.0284 0.1016 0.0803 0.0115 0.0994 0.4844 0.0329 0.0517 0.0341 0.0406 0.0350 
   H171929.1  2 0.1883 0.0130 0.2043 0.0107 0.0201 0.1155 0.0132 0.0119 0.3673 0.0484 0.0073 
  H171929.10  2 0.1920 0.0257 0.2025 0.0375 0.0177 0.1478 0.0535 0.0232 0.1162 0.1137 0.0702 
  H171929.11  2 0.0880 0.0129 0.1713 0.0105 0.0307 0.2836 0.0160 0.0148 0.3168 0.0375 0.0180 
   H171929.2  2 0.0120 0.0087 0.0254 0.0092 0.0092 0.8287 0.0080 0.0059 0.0092 0.0752 0.0085 
   H171929.3  2 0.0467 0.0082 0.0263 0.0198 0.0116 0.7221 0.0166 0.0126 0.0734 0.0542 0.0085 
   H171929.4  2 0.0447 0.0197 0.1891 0.0399 0.0508 0.3915 0.0561 0.0057 0.0076 0.1739 0.0209 
   H171929.5  2 0.0140 0.0098 0.0092 0.0094 0.0097 0.8531 0.0103 0.0128 0.0373 0.0212 0.0131 
   H171929.6  2 0.0098 0.0078 0.0092 0.0092 0.0081 0.8823 0.0092 0.0119 0.0300 0.0128 0.0098 
   H171929.7  2 0.0211 0.0151 0.4140 0.0303 0.0287 0.3380 0.0266 0.0070 0.0160 0.0951 0.0080 
   H171929.8  2 0.0209 0.0135 0.5378 0.0163 0.0292 0.2194 0.0151 0.0062 0.0127 0.1163 0.0126 
   H171929.9  2 0.0130 0.0473 0.3980 0.0286 0.0218 0.3923 0.0262 0.0082 0.0060 0.0297 0.0288 
   H171930.1  2 0.0129 0.0099 0.0099 0.0042 0.0251 0.0822 0.0127 0.0120 0.0283 0.0082 0.7945 
   H171930.2  2 0.0278 0.0134 0.0094 0.0100 0.0166 0.0155 0.0127 0.0112 0.0077 0.0126 0.8631 
   H171930.3  2 0.0148 0.0080 0.0051 0.0084 0.0111 0.0102 0.0080 0.0116 0.0130 0.0116 0.8981 
   H171930.4  2 0.0138 0.0070 0.0040 0.0081 0.0114 0.0179 0.0061 0.0178 0.0079 0.0081 0.8980 
   H171930.5  2 0.0145 0.0117 0.0441 0.0092 0.0306 0.0658 0.0304 0.0155 0.0219 0.0154 0.7407 
   H171930.6  2 0.0090 0.0068 0.0053 0.0055 0.0136 0.0085 0.0193 0.0389 0.0053 0.0073 0.8803 
   H171930.7  2 0.0069 0.0073 0.0083 0.0058 0.0094 0.0125 0.0078 0.0081 0.0170 0.0076 0.9093 
   H171930.8  2 0.0158 0.0138 0.0055 0.0044 0.0080 0.0154 0.0081 0.0102 0.0117 0.0073 0.8998 
   H171933.1  2 0.0225 0.0071 0.0134 0.8252 0.0089 0.0112 0.0090 0.0102 0.0534 0.0167 0.0223 
   H171933.2  2 0.1062 0.0131 0.0606 0.6507 0.0092 0.0167 0.0162 0.0239 0.0505 0.0146 0.0384 
   H171933.3  2 0.1007 0.0249 0.0407 0.6105 0.0152 0.0219 0.0077 0.0272 0.0182 0.0922 0.0408 
   H171933.4  2 0.0160 0.0428 0.0152 0.7231 0.0191 0.0374 0.0093 0.0057 0.0058 0.0279 0.0977 
   H171933.5  2 0.0199 0.1002 0.0218 0.1936 0.1652 0.1481 0.0096 0.0157 0.0117 0.2157 0.0985 
   H171933.6  2 0.0474 0.0127 0.0085 0.8293 0.0129 0.0120 0.0187 0.0133 0.0061 0.0103 0.0287 
   H171933.7  2 0.0124 0.0297 0.0356 0.5827 0.0239 0.0128 0.0137 0.1146 0.0202 0.0274 0.1270 
   H171933.8  2 0.0149 0.0291 0.0336 0.6606 0.0107 0.0200 0.0186 0.0266 0.0361 0.0212 0.1286 
   H171933.9  2 0.0064 0.0140 0.0054 0.8867 0.0150 0.0110 0.0077 0.0070 0.0037 0.0118 0.0313 
      H190.1  2 0.0220 0.0839 0.0117 0.0279 0.1649 0.0218 0.0300 0.0211 0.0059 0.3012 0.3097 
      H190.2  2 0.1353 0.2916 0.0480 0.0085 0.0162 0.0143 0.0589 0.2368 0.0094 0.1405 0.0404 
      H190.3  2 0.3206 0.0736 0.1250 0.0192 0.0449 0.0275 0.0572 0.0368 0.0240 0.1851 0.0862 
      H190.4  2 0.0346 0.0165 0.0209 0.0313 0.0557 0.0174 0.0076 0.0069 0.0076 0.5374 0.2640 
      H190.5  2 0.0350 0.3322 0.0738 0.0138 0.0249 0.0350 0.0838 0.2884 0.0070 0.0509 0.0551 
      H190.6  2 0.0588 0.0199 0.0152 0.0171 0.0358 0.0188 0.0117 0.0084 0.0082 0.6207 0.1854 
      H190.7  2 0.5177 0.0648 0.2167 0.0077 0.0282 0.0102 0.0170 0.0102 0.0126 0.0957 0.0192 
      H190.8  2 0.0233 0.5062 0.0663 0.0109 0.0304 0.0177 0.0271 0.1617 0.0056 0.0660 0.0848 
      H190.9  2 0.0674 0.3107 0.0872 0.0098 0.0222 0.0290 0.0169 0.0247 0.0126 0.3804 0.0390 
      H400.1  2 0.4617 0.0256 0.0423 0.2536 0.0245 0.0377 0.0157 0.0342 0.0155 0.0065 0.0827 
      H400.2  2 0.4039 0.0072 0.0139 0.2606 0.0094 0.0344 0.0449 0.0477 0.0206 0.0086 0.1489 
      H400.3  2 0.0753 0.0188 0.0406 0.2176 0.0278 0.0417 0.0119 0.0628 0.0214 0.0104 0.4717 
      H400.4  2 0.6902 0.0089 0.0231 0.0293 0.0168 0.0493 0.0282 0.0356 0.0068 0.0103 0.1016 
      H400.5  2 0.0774 0.0083 0.0192 0.4994 0.0415 0.0458 0.0118 0.0351 0.0106 0.0191 0.2318 
      H400.6  2 0.6095 0.0078 0.1591 0.0817 0.0102 0.0180 0.0094 0.0477 0.0051 0.0062 0.0454 
      H400.7  2 0.4552 0.0139 0.0284 0.3437 0.0165 0.0278 0.0076 0.0239 0.0060 0.0275 0.0495 
 H428.1_2005  2 0.0050 0.0035 0.0057 0.9559 0.0044 0.0052 0.0046 0.0044 0.0036 0.0050 0.0027 
 H428.1_2006  2 0.0082 0.0061 0.0067 0.9335 0.0053 0.0065 0.0115 0.0072 0.0045 0.0062 0.0042 
 H428.2_2005  2 0.0075 0.0049 0.0056 0.9422 0.0047 0.0084 0.0046 0.0045 0.0048 0.0081 0.0046 
 H428.2_2006  2 0.0087 0.0066 0.0050 0.9183 0.0059 0.0061 0.0262 0.0057 0.0053 0.0054 0.0068 
 H428.3_2005  2 0.0058 0.0052 0.0047 0.9495 0.0045 0.0041 0.0057 0.0049 0.0034 0.0064 0.0058 
 H428.3_2006  2 0.0055 0.0067 0.0062 0.9234 0.0062 0.0081 0.0190 0.0089 0.0056 0.0049 0.0055 
 H428.4_2005  2 0.0071 0.0040 0.0044 0.9451 0.0057 0.0061 0.0050 0.0039 0.0043 0.0094 0.0050 
 H428.4_2006  2 0.0048 0.0040 0.0053 0.9569 0.0041 0.0031 0.0072 0.0033 0.0046 0.0034 0.0034 
 H428.5_2005  2 0.0056 0.0032 0.0050 0.9513 0.0047 0.0055 0.0062 0.0030 0.0062 0.0052 0.0042 
 H428.6_2005  2 0.0044 0.0054 0.0070 0.9483 0.0064 0.0046 0.0058 0.0051 0.0036 0.0056 0.0038 
 H428.6_2006  2 0.0059 0.0043 0.0071 0.9223 0.0151 0.0079 0.0089 0.0054 0.0115 0.0038 0.0078 
      H428.7  2 0.0051 0.0042 0.0053 0.9542 0.0053 0.0042 0.0047 0.0050 0.0035 0.0039 0.0046 
      H428.8  2 0.0047 0.0035 0.0039 0.9473 0.0062 0.0048 0.0079 0.0047 0.0062 0.0057 0.0050 
      H428.9  2 0.0055 0.0047 0.0049 0.9485 0.0034 0.0060 0.0042 0.0040 0.0071 0.0058 0.0058 
      H453.1  2 0.0731 0.0210 0.0195 0.0377 0.0184 0.0173 0.0791 0.0066 0.0071 0.0058 0.7144 
      H453.2  2 0.0201 0.0091 0.0130 0.0086 0.0071 0.0069 0.0075 0.0060 0.0043 0.0052 0.9121 
      H453.3  2 0.0451 0.0240 0.0262 0.0538 0.0094 0.0055 0.0163 0.0040 0.0044 0.0080 0.8032 
      H453.4  2 0.0282 0.0083 0.0081 0.0112 0.0094 0.0074 0.0076 0.0044 0.0036 0.0048 0.9069 
      H453.5  2 0.0307 0.0075 0.0056 0.0147 0.0136 0.0071 0.0196 0.0063 0.0044 0.0060 0.8844 
      H453.6  2 0.0503 0.0057 0.0055 0.0593 0.0099 0.0075 0.0289 0.0054 0.0053 0.0059 0.8163 
      H453.7  2 0.0119 0.3806 0.1737 0.0180 0.0118 0.0357 0.1457 0.0076 0.0057 0.0391 0.1702 
      H453.8  2 0.0200 0.4253 0.0271 0.0103 0.0156 0.0239 0.0434 0.0066 0.0073 0.0232 0.3973 
      H453.9  2 0.0063 0.0822 0.0234 0.0145 0.0094 0.0153 0.0697 0.0055 0.0040 0.0044 0.7654 
      H512.1  2 0.0163 0.0373 0.0225 0.1543 0.1231 0.0107 0.0190 0.0162 0.0048 0.0199 0.5759 
     H512.10  2 0.0110 0.0703 0.0143 0.1456 0.1912 0.0365 0.0668 0.0229 0.0973 0.0219 0.3221 
      H512.2  2 0.0263 0.3015 0.0167 0.2391 0.0921 0.0204 0.0254 0.0437 0.0179 0.0474 0.1695 
      H512.3  2 0.0197 0.0529 0.0106 0.1035 0.3489 0.0313 0.0185 0.1417 0.0282 0.0212 0.2234 
      H512.4  2 0.0201 0.0810 0.0129 0.0979 0.0155 0.0288 0.0631 0.0128 0.0150 0.0551 0.5977 
      H512.5  2 0.0269 0.0914 0.0081 0.0942 0.5059 0.1242 0.0148 0.0542 0.0275 0.0146 0.0380 
      H512.6  2 0.0381 0.3235 0.0211 0.0377 0.1505 0.0381 0.0126 0.0847 0.0064 0.0689 0.2184 
      H512.7  2 0.0372 0.0186 0.0085 0.0270 0.7196 0.0473 0.0268 0.0766 0.0131 0.0098 0.0155 
      H512.8  2 0.0293 0.2532 0.0114 0.0692 0.1283 0.0254 0.0193 0.1161 0.0115 0.1146 0.2216 
      H512.9  2 0.0168 0.0384 0.0296 0.0987 0.6129 0.0408 0.0294 0.0470 0.0210 0.0101 0.0552 
      H513.1  2 0.0065 0.0062 0.0059 0.9406 0.0045 0.0064 0.0073 0.0074 0.0054 0.0042 0.0055 
      H513.2  2 0.0146 0.0123 0.0106 0.8916 0.0058 0.0113 0.0146 0.0060 0.0071 0.0114 0.0146 
      H513.3  2 0.0054 0.0084 0.0052 0.9402 0.0063 0.0066 0.0078 0.0047 0.0037 0.0038 0.0079 
      H513.4  2 0.0196 0.0156 0.0110 0.8300 0.0087 0.0102 0.0321 0.0144 0.0041 0.0183 0.0360 
      H513.5  2 0.0043 0.0041 0.0066 0.9249 0.0101 0.0097 0.0073 0.0055 0.0075 0.0042 0.0158 
      H513.6  2 0.0096 0.0116 0.0138 0.6939 0.0137 0.0319 0.0183 0.0061 0.1257 0.0109 0.0644 
      H532.1  2 0.0173 0.0154 0.0253 0.3085 0.0202 0.3287 0.2109 0.0204 0.0172 0.0121 0.0240 
      H532.2  2 0.0857 0.0464 0.0477 0.1841 0.0123 0.0437 0.1468 0.0071 0.0141 0.1035 0.3087 
      H532.3  2 0.1212 0.0911 0.0160 0.0572 0.0244 0.0255 0.1036 0.0046 0.0058 0.0701 0.4805 
      H532.4  2 0.0296 0.1199 0.0510 0.1015 0.0198 0.0213 0.5648 0.0082 0.0119 0.0147 0.0571 
      H532.5  2 0.0654 0.0176 0.0212 0.6946 0.0239 0.0709 0.0467 0.0066 0.0232 0.0112 0.0186 
      H532.6  2 0.0118 0.1420 0.0275 0.1184 0.0286 0.0447 0.3248 0.0092 0.0227 0.0087 0.2615 
      H532.7  2 0.0274 0.0150 0.0074 0.1304 0.0493 0.1111 0.5803 0.0058 0.0179 0.0167 0.0387 
      H532.8  2 0.0872 0.0233 0.0273 0.1511 0.0228 0.2894 0.3091 0.0111 0.0190 0.0325 0.0272 
      H543.1  2 0.0094 0.0046 0.0052 0.0126 0.0056 0.0065 0.0045 0.0038 0.9321 0.0069 0.0088 
      H543.2  2 0.0441 0.0051 0.0170 0.0454 0.0110 0.0265 0.0061 0.0067 0.8045 0.0210 0.0128 
      H543.3  2 0.0171 0.0051 0.0080 0.0079 0.0087 0.0067 0.0089 0.0043 0.9182 0.0089 0.0060 
      H543.4  2 0.0081 0.0055 0.0064 0.0077 0.0055 0.0054 0.0049 0.0057 0.9287 0.0141 0.0081 
      H543.5  2 0.0076 0.0043 0.0083 0.0106 0.0048 0.0106 0.0068 0.0064 0.9241 0.0085 0.0081 
      H543.6  2 0.0502 0.0127 0.0648 0.0113 0.0084 0.0351 0.0064 0.0035 0.7728 0.0236 0.0111 
      H543.7  2 0.0053 0.0041 0.0049 0.0040 0.0047 0.0037 0.0039 0.0048 0.9551 0.0051 0.0044 
      H543.8  2 0.0155 0.0060 0.0209 0.0399 0.0085 0.0137 0.0219 0.0055 0.8469 0.0113 0.0099 
      H543.9  2 0.0161 0.0047 0.0176 0.0092 0.0094 0.0093 0.0072 0.0050 0.9082 0.0071 0.0062 
 H545.1_2005  2 0.0031 0.0037 0.0036 0.0036 0.0032 0.0041 0.0034 0.0031 0.9648 0.0032 0.0041 
 H545.1_2006  2 0.0056 0.0049 0.0048 0.0077 0.0058 0.0053 0.0068 0.0087 0.9389 0.0070 0.0045 
 H545.2_2005  2 0.0065 0.0057 0.0068 0.0077 0.0110 0.0099 0.0082 0.0082 0.9246 0.0067 0.0048 
 H545.2_2006  2 0.0047 0.0040 0.0041 0.0071 0.0048 0.0065 0.0041 0.0043 0.9516 0.0040 0.0048 
 H545.3_2005  2 0.0083 0.0058 0.0077 0.0057 0.0148 0.0076 0.0037 0.0097 0.9217 0.0093 0.0055 
 H545.3_2006  2 0.0043 0.0050 0.0046 0.0058 0.0042 0.0060 0.0072 0.0065 0.9487 0.0038 0.0038 
 H545.4_2005  2 0.0077 0.0050 0.0062 0.0047 0.0082 0.0063 0.0051 0.0079 0.9336 0.0103 0.0050 
 H545.4_2006  2 0.0077 0.0049 0.0048 0.0049 0.0066 0.0059 0.0046 0.0082 0.9428 0.0059 0.0037 
 H545.5_2005  2 0.0048 0.0053 0.0060 0.0131 0.0054 0.0105 0.0076 0.0061 0.9304 0.0051 0.0057 
 H545.5_2006  2 0.0069 0.0048 0.0065 0.0086 0.0110 0.0076 0.0046 0.0053 0.9287 0.0077 0.0084 
 H545.6_2005  2 0.0036 0.0040 0.0034 0.0042 0.0040 0.0050 0.0037 0.0038 0.9612 0.0030 0.0041 
 H545.6_2006  2 0.0049 0.0050 0.0047 0.0039 0.0051 0.0062 0.0042 0.0050 0.9509 0.0053 0.0048 
 H545.7_2005  2 0.0049 0.0044 0.0054 0.0071 0.0058 0.0071 0.0049 0.0043 0.9467 0.0042 0.0052 
 H545.7_2006  2 0.0056 0.0056 0.0061 0.0075 0.0061 0.0108 0.0075 0.0102 0.9305 0.0048 0.0054 
 H545.8_2005  2 0.0078 0.0083 0.0068 0.0227 0.0086 0.0088 0.0078 0.0098 0.9018 0.0101 0.0075 
 H545.8_2006  2 0.0042 0.0036 0.0047 0.0072 0.0053 0.0050 0.0045 0.0038 0.9503 0.0046 0.0068 
      H545.9  2 0.0063 0.0049 0.0048 0.0056 0.0096 0.0061 0.0045 0.0054 0.9410 0.0061 0.0057 
      H547.1  2 0.8829 0.0074 0.0163 0.0315 0.0119 0.0071 0.0062 0.0077 0.0085 0.0105 0.0099 
      H547.2  2 0.8795 0.0105 0.0188 0.0144 0.0065 0.0101 0.0098 0.0228 0.0147 0.0069 0.0060 
      H547.3  2 0.7579 0.1399 0.0082 0.0089 0.0262 0.0126 0.0059 0.0065 0.0112 0.0119 0.0109 
      H547.4  2 0.8650 0.0256 0.0117 0.0104 0.0166 0.0111 0.0199 0.0094 0.0072 0.0111 0.0120 
      H547.5  2 0.9020 0.0077 0.0105 0.0268 0.0094 0.0068 0.0045 0.0079 0.0050 0.0126 0.0067 
      H547.6  2 0.8938 0.0065 0.0140 0.0120 0.0084 0.0070 0.0051 0.0080 0.0217 0.0141 0.0093 
      H547.7  2 0.8075 0.0456 0.0138 0.0160 0.0331 0.0148 0.0083 0.0101 0.0143 0.0194 0.0171 
      H547.8  2 0.9062 0.0064 0.0095 0.0199 0.0109 0.0061 0.0046 0.0056 0.0106 0.0125 0.0077 
      H548.1  2 0.0054 0.0045 0.0045 0.0075 0.0076 0.0095 0.0040 0.0082 0.9378 0.0066 0.0044 
      H548.2  2 0.0051 0.0077 0.0063 0.0066 0.0115 0.0066 0.0073 0.0059 0.9278 0.0083 0.0070 
      H548.3  2 0.0058 0.0068 0.0100 0.0068 0.0059 0.0100 0.0059 0.0059 0.9318 0.0059 0.0052 
      H548.4  2 0.0098 0.0182 0.0189 0.0129 0.0215 0.0340 0.0210 0.0260 0.8015 0.0159 0.0203 
      H548.5  2 0.0046 0.0062 0.0050 0.0047 0.0050 0.0072 0.0063 0.0074 0.9418 0.0057 0.0061 
      H548.6  2 0.0036 0.0067 0.0052 0.0061 0.0146 0.0086 0.0054 0.0077 0.9291 0.0081 0.0048 
      H548.7  2 0.0067 0.0048 0.0066 0.0087 0.0067 0.0066 0.0066 0.0081 0.9343 0.0065 0.0042 
      H548.8  2 0.0053 0.0068 0.0070 0.0055 0.0091 0.0077 0.0127 0.0055 0.9259 0.0057 0.0087 
      H548.9  2 0.0129 0.0097 0.0152 0.0063 0.0110 0.0128 0.0141 0.0078 0.8839 0.0106 0.0157 
     H7389.1  2 0.0065 0.0094 0.0088 0.9137 0.0062 0.0081 0.0076 0.0071 0.0075 0.0171 0.0080 
     H7389.2  2 0.0060 0.0059 0.0054 0.9252 0.0054 0.0054 0.0076 0.0042 0.0151 0.0107 0.0091 
     H7389.3  2 0.0047 0.0040 0.0047 0.9487 0.0052 0.0039 0.0055 0.0033 0.0063 0.0096 0.0043 
     H7389.4  2 0.0049 0.0062 0.0113 0.9107 0.0054 0.0114 0.0089 0.0082 0.0224 0.0043 0.0062 
     H7389.5  2 0.0048 0.0100 0.0146 0.8999 0.0082 0.0178 0.0076 0.0081 0.0123 0.0060 0.0107 
     H7389.6  2 0.0044 0.0057 0.0048 0.8866 0.0049 0.0488 0.0129 0.0071 0.0040 0.0068 0.0139 
     H7389.7  2 0.0046 0.0038 0.0050 0.9329 0.0056 0.0060 0.0080 0.0049 0.0114 0.0139 0.0041 
     H7389.8  2 0.0063 0.0129 0.0127 0.8723 0.0100 0.0158 0.0102 0.0084 0.0276 0.0069 0.0168 
     H7389.9  2 0.0044 0.0040 0.0054 0.9373 0.0052 0.0099 0.0084 0.0041 0.0060 0.0067 0.0087 
      H747.1  2 0.0461 0.0312 0.0191 0.0784 0.1701 0.3536 0.0242 0.0442 0.0167 0.1960 0.0203 
      H747.2  2 0.0062 0.0172 0.0054 0.0116 0.0522 0.8029 0.0074 0.0270 0.0094 0.0486 0.0121 
      H747.3  2 0.0141 0.0317 0.0192 0.0122 0.1797 0.6351 0.0112 0.0290 0.0108 0.0328 0.0241 
      H747.4  2 0.0358 0.0319 0.0104 0.0096 0.1350 0.5742 0.0134 0.1033 0.0075 0.0653 0.0137 
      H747.5  2 0.0070 0.0184 0.0056 0.0070 0.0983 0.7900 0.0067 0.0272 0.0076 0.0208 0.0115 
      H747.6  2 0.0136 0.0072 0.0171 0.0133 0.0135 0.8603 0.0079 0.0147 0.0171 0.0227 0.0127 
      H747.7  2 0.0092 0.0207 0.0146 0.0206 0.0755 0.7743 0.0072 0.0139 0.0137 0.0262 0.0243 
     H7484.1  2 0.0219 0.0409 0.4011 0.0371 0.0182 0.0353 0.3586 0.0557 0.0063 0.0102 0.0147 
     H7484.2  2 0.0244 0.0820 0.5055 0.0063 0.0142 0.0563 0.1194 0.1087 0.0064 0.0225 0.0542 
     H7484.3  2 0.0413 0.1934 0.1697 0.0096 0.0304 0.0439 0.2748 0.1434 0.0106 0.0332 0.0495 
     H7484.4  2 0.0207 0.0743 0.5377 0.0251 0.0131 0.0538 0.1319 0.1048 0.0055 0.0097 0.0234 
     H7484.5  2 0.0092 0.0475 0.0392 0.0178 0.0140 0.0993 0.5497 0.0549 0.0090 0.0410 0.1183 
     H7484.6  2 0.0162 0.3889 0.0289 0.0162 0.0649 0.1121 0.0378 0.2345 0.0142 0.0318 0.0545 
     H7484.7  2 0.0073 0.3727 0.2145 0.0234 0.0660 0.0504 0.1957 0.0253 0.0053 0.0146 0.0248 
     H7484.8  2 0.0111 0.0555 0.0784 0.2072 0.0138 0.0604 0.2817 0.1822 0.0058 0.0338 0.0701 
     H7485.1  2 0.0061 0.0067 0.0101 0.0102 0.0061 0.0073 0.0078 0.0061 0.9233 0.0100 0.0063 
     H7485.2  2 0.0055 0.0047 0.0122 0.0161 0.0035 0.0197 0.0076 0.0054 0.9122 0.0040 0.0090 
     H7485.3  2 0.0043 0.0042 0.0040 0.0068 0.0045 0.0072 0.0052 0.0086 0.9435 0.0079 0.0037 
     H7485.4  2 0.0045 0.0051 0.0267 0.0123 0.0042 0.0175 0.0072 0.0059 0.8982 0.0048 0.0135 
     H7485.5  2 0.0060 0.0103 0.0126 0.0104 0.0074 0.0079 0.0099 0.0107 0.9096 0.0061 0.0089 
     H7485.6  2 0.0065 0.0055 0.0137 0.0157 0.0061 0.0095 0.0148 0.0073 0.9067 0.0095 0.0050 
     H7485.7  2 0.0057 0.0078 0.0071 0.0063 0.0066 0.0074 0.0076 0.0152 0.9241 0.0069 0.0051 
     H7496.1  2 0.2722 0.0553 0.0126 0.4090 0.0247 0.0231 0.0617 0.0367 0.0057 0.0414 0.0578 
    H7496.10  2 0.8489 0.0119 0.0173 0.0158 0.0066 0.0094 0.0384 0.0190 0.0061 0.0101 0.0166 
    H7496.11  2 0.0621 0.0150 0.0084 0.0235 0.0282 0.0426 0.0640 0.0296 0.7045 0.0101 0.0119 
     H7496.2  2 0.8500 0.0148 0.0149 0.0070 0.0070 0.0192 0.0187 0.0143 0.0068 0.0062 0.0411 
     H7496.3  2 0.2324 0.1239 0.0423 0.0187 0.0178 0.0212 0.3837 0.0255 0.0067 0.0162 0.1116 
     H7496.4  2 0.8617 0.0189 0.0076 0.0074 0.0090 0.0147 0.0141 0.0144 0.0058 0.0074 0.0389 
     H7496.5  2 0.8478 0.0332 0.0057 0.0107 0.0193 0.0111 0.0164 0.0296 0.0057 0.0065 0.0138 
     H7496.6  2 0.4916 0.3335 0.0120 0.0218 0.0333 0.0131 0.0276 0.0157 0.0041 0.0101 0.0373 
     H7496.7  2 0.8560 0.0189 0.0198 0.0126 0.0084 0.0099 0.0221 0.0173 0.0078 0.0088 0.0184 
     H7496.8  2 0.4652 0.3494 0.0190 0.0106 0.0070 0.0293 0.0417 0.0192 0.0100 0.0087 0.0398 
        UNK4  2 0.0159 0.1239 0.0284 0.3540 0.0151 0.2203 0.0176 0.0188 0.0360 0.0875 0.0826 
        UNK5  2 0.0397 0.0252 0.0735 0.6494 0.0065 0.0391 0.0505 0.0481 0.0408 0.0115 0.0157 
        UNK6  2 0.0223 0.0357 0.0159 0.4336 0.0123 0.0685 0.0162 0.0166 0.0196 0.1567 0.2026 
        UNK7  2 0.0168 0.0169 0.0161 0.7756 0.0063 0.0196 0.0186 0.0213 0.0882 0.0084 0.0121 
        UNK8  2 0.0131 0.0346 0.0171 0.7750 0.0066 0.0203 0.0214 0.0100 0.0754 0.0057 0.0209 
        UNK9  2 0.0194 0.0288 0.0089 0.4085 0.0093 0.2297 0.0939 0.0206 0.1061 0.0176 0.0571 
      H009.1  4 0.0088 0.8856 0.0221 0.0054 0.0316 0.0069 0.0065 0.0066 0.0085 0.0111 0.0069 
      H009.2  4 0.0089 0.8323 0.0178 0.0044 0.0572 0.0226 0.0062 0.0116 0.0049 0.0088 0.0252 
      H009.3  4 0.0041 0.9156 0.0221 0.0049 0.0090 0.0082 0.0090 0.0052 0.0051 0.0092 0.0076 
      H009.4  4 0.0079 0.8641 0.0135 0.0059 0.0446 0.0143 0.0064 0.0141 0.0081 0.0094 0.0115 
      H009.5  4 0.0046 0.8708 0.0274 0.0047 0.0082 0.0308 0.0066 0.0094 0.0122 0.0086 0.0168 
      H009.6  4 0.0171 0.8506 0.0451 0.0046 0.0218 0.0062 0.0117 0.0115 0.0094 0.0141 0.0077 
      H046.4  4 0.1273 0.1903 0.0345 0.0331 0.2267 0.0246 0.2363 0.0238 0.0294 0.0412 0.0327 
      H046.8  4 0.0314 0.0334 0.0238 0.0287 0.0578 0.0216 0.0318 0.1778 0.0180 0.5633 0.0126 
 H076.1_2002  4 0.9513 0.0041 0.0050 0.0042 0.0049 0.0042 0.0037 0.0060 0.0046 0.0045 0.0074 
 H076.1_2003  4 0.8496 0.0067 0.0040 0.0044 0.0051 0.0050 0.0049 0.0076 0.0066 0.0997 0.0065 
 H076.1_2004  4 0.9293 0.0068 0.0056 0.0039 0.0054 0.0055 0.0068 0.0093 0.0079 0.0136 0.0059 
 H076.2_2002  4 0.9502 0.0034 0.0050 0.0041 0.0053 0.0050 0.0037 0.0055 0.0071 0.0055 0.0052 
 H076.2_2003  4 0.8824 0.0098 0.0075 0.0047 0.0059 0.0054 0.0045 0.0141 0.0092 0.0498 0.0066 
 H076.2_2004  4 0.8222 0.0365 0.0080 0.0053 0.0433 0.0062 0.0072 0.0167 0.0070 0.0345 0.0131 
 H076.3_2002  4 0.4900 0.1862 0.0280 0.0072 0.1731 0.0262 0.0197 0.0168 0.0073 0.0272 0.0182 
 H076.3_2003  4 0.9267 0.0059 0.0054 0.0037 0.0066 0.0047 0.0047 0.0136 0.0113 0.0100 0.0073 
