      H008.1  2 0.0274 0.0120 0.0141 0.0111 0.0053 0.0067 0.0094 0.0160 0.8212 0.0176 0.0136 0.0100 0.0103 0.0082 0.0170 
      H008.2  2 0.3691 0.0174 0.0699 0.0114 0.0814 0.0662 0.0291 0.1127 0.0685 0.0494 0.0523 0.0235 0.0241 0.0122 0.0128 
      H008.3  2 0.1673 0.0155 0.0224 0.0219 0.0718 0.0424 0.0326 0.2239 0.0701 0.0333 0.1045 0.0188 0.1166 0.0168 0.0422 
      H008.4  2 0.0481 0.0095 0.0117 0.0325 0.0277 0.0539 0.0122 0.0188 0.6004 0.0299 0.0121 0.0499 0.0570 0.0097 0.0266 
      H008.5  2 0.0459 0.0124 0.0090 0.0091 0.0227 0.0145 0.0116 0.0240 0.7125 0.0083 0.0143 0.0104 0.0699 0.0110 0.0243 
      H008.6  2 0.3675 0.0106 0.0131 0.0106 0.0370 0.0927 0.0230 0.0781 0.1726 0.0876 0.0064 0.0272 0.0378 0.0153 0.0205 
      H008.7  2 0.1806 0.0337 0.0392 0.0383 0.0251 0.0836 0.0095 0.0607 0.2909 0.0434 0.0429 0.0254 0.0880 0.0118 0.0270 
      H008.8  2 0.0209 0.0196 0.2245 0.0141 0.0647 0.0249 0.0194 0.0268 0.2166 0.1936 0.0418 0.0370 0.0099 0.0190 0.0673 
      H008.9  2 0.3128 0.0116 0.0262 0.0316 0.0340 0.1863 0.0173 0.0451 0.0248 0.2159 0.0171 0.0139 0.0321 0.0156 0.0158 
 H029.1_2002  2 0.0095 0.0281 0.0208 0.0112 0.0064 0.0212 0.0086 0.0101 0.6247 0.0279 0.0085 0.0558 0.1383 0.0213 0.0075 
 H029.1_2003  2 0.0138 0.4057 0.0176 0.0137 0.0117 0.0200 0.0156 0.0598 0.0492 0.0205 0.0060 0.0363 0.2895 0.0274 0.0131 
 H029.2_2002  2 0.0164 0.1938 0.0081 0.0088 0.0197 0.0397 0.0062 0.0568 0.5148 0.0093 0.0576 0.0106 0.0207 0.0220 0.0156 
 H029.2_2003  2 0.0178 0.5667 0.0070 0.0075 0.0187 0.0241 0.0201 0.1497 0.0704 0.0086 0.0088 0.0084 0.0478 0.0278 0.0163 
 H029.3_2002  2 0.0084 0.4754 0.0174 0.0169 0.0227 0.1187 0.0264 0.0296 0.1475 0.0079 0.0377 0.0166 0.0136 0.0407 0.0205 
 H029.3_2003  2 0.0264 0.3620 0.0169 0.0081 0.0057 0.0106 0.0177 0.0233 0.3701 0.0044 0.0070 0.0103 0.1189 0.0086 0.0098 
 H029.4_2002  2 0.0115 0.1824 0.0126 0.0107 0.0057 0.0229 0.0078 0.0056 0.6606 0.0045 0.0102 0.0223 0.0229 0.0042 0.0161 
 H029.4_2003  2 0.0108 0.3852 0.0314 0.0060 0.0067 0.0196 0.0126 0.0169 0.0748 0.0127 0.0070 0.0404 0.3429 0.0085 0.0243 
 H029.5_2002  2 0.0114 0.0166 0.0071 0.0139 0.0043 0.0060 0.0072 0.0069 0.7913 0.0072 0.0092 0.0179 0.0887 0.0077 0.0047 
 H029.5_2003  2 0.0222 0.4360 0.0148 0.0067 0.0055 0.0118 0.0061 0.0693 0.2482 0.0097 0.0045 0.0294 0.1114 0.0084 0.0161 
 H029.6_2002  2 0.0057 0.6337 0.0123 0.0124 0.0067 0.0306 0.0054 0.0057 0.2023 0.0050 0.0134 0.0139 0.0404 0.0049 0.0076 
 H029.6_2003  2 0.0179 0.2857 0.0161 0.0277 0.0096 0.0122 0.0182 0.0908 0.4014 0.0145 0.0080 0.0102 0.0418 0.0269 0.0189 
      H029.7  2 0.0085 0.1256 0.0074 0.0084 0.0240 0.0350 0.0062 0.0220 0.6696 0.0098 0.0257 0.0095 0.0215 0.0143 0.0128 
      H030.1  2 0.0434 0.2717 0.0344 0.0208 0.0083 0.0060 0.3792 0.0246 0.0255 0.0118 0.0216 0.0066 0.0568 0.0765 0.0127 
      H030.2  2 0.0312 0.0218 0.0089 0.0124 0.0049 0.0634 0.3310 0.0097 0.0606 0.0108 0.1396 0.2018 0.0335 0.0137 0.0568 
      H038.1  2 0.0049 0.0245 0.0075 0.0055 0.0116 0.0294 0.0068 0.0050 0.8622 0.0095 0.0049 0.0091 0.0069 0.0061 0.0061 
      H038.2  2 0.0075 0.0078 0.0049 0.0088 0.0035 0.0059 0.0086 0.0072 0.9031 0.0045 0.0059 0.0075 0.0058 0.0107 0.0085 
      H038.3  2 0.0115 0.0082 0.0106 0.0105 0.0048 0.0338 0.0132 0.0055 0.8159 0.0091 0.0083 0.0174 0.0050 0.0320 0.0141 
      H038.4  2 0.0109 0.0055 0.0143 0.0163 0.0046 0.0215 0.0073 0.0050 0.8645 0.0062 0.0087 0.0107 0.0044 0.0141 0.0062 
      H038.5  2 0.0068 0.0129 0.0434 0.0115 0.0035 0.0244 0.0193 0.0080 0.8251 0.0053 0.0110 0.0050 0.0069 0.0053 0.0114 
      H038.6  2 0.0057 0.0174 0.0072 0.0044 0.0047 0.0112 0.0124 0.0103 0.8839 0.0060 0.0034 0.0089 0.0078 0.0065 0.0104 
      H038.7  2 0.0069 0.0094 0.0072 0.0043 0.0036 0.0094 0.0092 0.0057 0.8890 0.0049 0.0028 0.0127 0.0056 0.0207 0.0086 
      H038.8  2 0.0057 0.0079 0.0074 0.0119 0.0044 0.0805 0.0105 0.0053 0.8140 0.0049 0.0089 0.0114 0.0045 0.0130 0.0097 
      H041.1  2 0.0975 0.0643 0.0219 0.0203 0.0143 0.0238 0.0068 0.0089 0.0809 0.0162 0.0626 0.0102 0.5404 0.0240 0.0080 
      H041.2  2 0.0375 0.0097 0.0060 0.0111 0.0049 0.0144 0.0082 0.0058 0.0264 0.0096 0.0051 0.0254 0.8198 0.0097 0.0065 
      H041.4  2 0.0296 0.0196 0.0116 0.0224 0.0164 0.0205 0.0082 0.0071 0.0944 0.0208 0.0107 0.0158 0.7053 0.0089 0.0088 
      H041.6  2 0.0170 0.0117 0.0066 0.0133 0.0273 0.0129 0.0100 0.0083 0.0933 0.0304 0.0109 0.0278 0.7048 0.0139 0.0116 
 H042.1_2002  2 0.0071 0.0136 0.0089 0.0262 0.0118 0.0130 0.0063 0.0108 0.0077 0.0183 0.0099 0.0171 0.7835 0.0100 0.0557 
 H042.1_2003  2 0.3270 0.0155 0.0119 0.0286 0.0197 0.0798 0.0399 0.0651 0.0601 0.0492 0.0128 0.0665 0.0851 0.0911 0.0477 
 H042.2_2002  2 0.0068 0.3250 0.0094 0.0217 0.0098 0.0304 0.0083 0.0167 0.1037 0.0052 0.0090 0.2016 0.1918 0.0067 0.0538 
 H042.2_2003  2 0.0117 0.0052 0.0059 0.0108 0.0095 0.0053 0.0066 0.0128 0.0411 0.0176 0.0042 0.0127 0.8372 0.0082 0.0113 
 H042.3_2002  2 0.0109 0.0467 0.0126 0.0262 0.0124 0.0175 0.0178 0.0221 0.0089 0.0157 0.0072 0.0756 0.3704 0.0060 0.3501 
 H042.3_2003  2 0.0198 0.0540 0.0127 0.0203 0.0125 0.0332 0.0128 0.0270 0.0351 0.0273 0.0289 0.1804 0.1731 0.0085 0.3544 
 H042.4_2002  2 0.0064 0.0446 0.0090 0.0296 0.0057 0.0245 0.0170 0.0098 0.0246 0.0105 0.0095 0.0078 0.7810 0.0086 0.0115 
 H042.4_2003  2 0.0112 0.1410 0.0053 0.0182 0.0160 0.0112 0.0093 0.0087 0.0613 0.0142 0.0155 0.0079 0.6220 0.0474 0.0107 
      H042.5  2 0.0054 0.0158 0.0053 0.0063 0.0107 0.0032 0.0041 0.0054 0.0060 0.0051 0.0050 0.0055 0.9087 0.0048 0.0088 
      H042.6  2 0.0052 0.4650 0.0078 0.0095 0.0385 0.0109 0.0076 0.0081 0.0145 0.0104 0.0096 0.0208 0.3077 0.0183 0.0660 
      H042.7  2 0.0151 0.0327 0.0147 0.0537 0.0094 0.0076 0.0063 0.0068 0.0233 0.0200 0.0073 0.0816 0.5815 0.0283 0.1117 
      H042.8  2 0.0147 0.0145 0.0085 0.0190 0.0240 0.0179 0.0042 0.0124 0.0105 0.0078 0.0044 0.0514 0.7784 0.0046 0.0274 
   H042_2002  2 0.0291 0.0336 0.0190 0.0232 0.0733 0.0442 0.0120 0.0239 0.0825 0.0330 0.0052 0.2599 0.1358 0.0366 0.1889 
   H042_2003  2 0.0250 0.0468 0.0171 0.0210 0.0708 0.0524 0.0144 0.0253 0.0663 0.0334 0.0054 0.2767 0.1543 0.0483 0.1428 
      H043.1  2 0.0584 0.1042 0.3641 0.0050 0.0193 0.2016 0.0159 0.0125 0.0411 0.0104 0.0208 0.0170 0.0081 0.0858 0.0358 
      H043.2  2 0.0230 0.0442 0.0472 0.0079 0.2307 0.3563 0.0063 0.0123 0.0864 0.0436 0.0042 0.0114 0.0063 0.0403 0.0800 
      H043.3  2 0.0158 0.0358 0.1049 0.0059 0.0289 0.0418 0.0106 0.0082 0.3394 0.0289 0.0041 0.0532 0.0120 0.2225 0.0879 
      H043.4  2 0.0370 0.0663 0.0291 0.0050 0.1215 0.1775 0.0079 0.0120 0.1123 0.0268 0.0047 0.0318 0.0091 0.3183 0.0407 
      H043.5  2 0.0366 0.0475 0.0702 0.0075 0.0093 0.4121 0.0095 0.0125 0.1714 0.0328 0.0055 0.0428 0.0095 0.0497 0.0830 
      H043.6  2 0.0047 0.0845 0.0431 0.0088 0.0166 0.3384 0.0096 0.0109 0.2678 0.0645 0.0037 0.0241 0.0103 0.0262 0.0868 
      H043.7  2 0.0194 0.0157 0.0414 0.0041 0.0841 0.1244 0.0081 0.0062 0.0507 0.0809 0.0037 0.0296 0.0057 0.4980 0.0280 
      H043.8  2 0.0202 0.0362 0.6366 0.0078 0.0362 0.0311 0.0327 0.0075 0.0279 0.0252 0.0097 0.0148 0.0044 0.0523 0.0577 
      H043.9  2 0.0145 0.1622 0.4343 0.0045 0.0227 0.0856 0.0105 0.0070 0.0985 0.0101 0.0101 0.0319 0.0161 0.0597 0.0322 
      H047.1  2 0.4210 0.0060 0.0041 0.0053 0.0068 0.0059 0.0070 0.0097 0.4481 0.0186 0.0051 0.0293 0.0069 0.0076 0.0186 
      H047.2  2 0.7470 0.0114 0.0099 0.0129 0.0080 0.0047 0.0062 0.0168 0.0977 0.0169 0.0140 0.0092 0.0134 0.0251 0.0066 
      H047.3  2 0.6337 0.0168 0.0122 0.0250 0.0151 0.0046 0.0082 0.0443 0.1157 0.0128 0.0233 0.0368 0.0214 0.0218 0.0083 
      H047.4  2 0.5387 0.0318 0.0099 0.0127 0.0073 0.0039 0.0067 0.0143 0.1772 0.0206 0.0086 0.0659 0.0389 0.0566 0.0073 
      H047.5  2 0.4967 0.0198 0.0067 0.0255 0.0454 0.0038 0.0109 0.0203 0.1912 0.0078 0.0064 0.1294 0.0082 0.0161 0.0118 
      H047.6  2 0.8216 0.0139 0.0049 0.0107 0.0066 0.0043 0.0036 0.0079 0.0357 0.0122 0.0079 0.0332 0.0207 0.0125 0.0043 
      H047.7  2 0.3289 0.0063 0.0046 0.0065 0.0076 0.0104 0.0058 0.0073 0.4001 0.0155 0.0113 0.1543 0.0145 0.0051 0.0219 
      H047.8  2 0.7449 0.0130 0.0060 0.0088 0.0109 0.0037 0.0069 0.0114 0.0690 0.0152 0.0074 0.0484 0.0296 0.0134 0.0114 
      H047.9  2 0.2638 0.0167 0.0076 0.0230 0.0443 0.0043 0.0099 0.0272 0.3330 0.0108 0.0060 0.1837 0.0149 0.0125 0.0423 
 H071.1_2002  2 0.0045 0.0060 0.0060 0.0038 0.0095 0.0043 0.0059 0.0066 0.9146 0.0067 0.0036 0.0071 0.0067 0.0061 0.0085 
 H071.1_2003  2 0.0099 0.0162 0.0069 0.0082 0.0387 0.0116 0.0324 0.0122 0.7274 0.0356 0.0043 0.0118 0.0145 0.0593 0.0112 
     H071.10  2 0.0028 0.0067 0.0107 0.0058 0.0047 0.0083 0.0200 0.0035 0.8901 0.0048 0.0085 0.0077 0.0051 0.0051 0.0162 
 H071.2_2002  2 0.0067 0.0088 0.0082 0.0071 0.0130 0.0095 0.0078 0.0093 0.8773 0.0157 0.0040 0.0073 0.0045 0.0076 0.0131 
 H071.2_2003  2 0.0035 0.0057 0.0036 0.0035 0.0057 0.0036 0.0048 0.0051 0.9359 0.0051 0.0039 0.0049 0.0047 0.0050 0.0049 
      H071.3  2 0.0159 0.0061 0.0078 0.0052 0.0055 0.0088 0.0179 0.0036 0.8773 0.0040 0.0078 0.0150 0.0073 0.0080 0.0099 
 H071.4_2002  2 0.0042 0.0169 0.0326 0.0145 0.0076 0.0196 0.0195 0.0057 0.8218 0.0090 0.0075 0.0102 0.0067 0.0079 0.0162 
 H071.4_2003  2 0.0063 0.0039 0.0048 0.0040 0.0036 0.0032 0.0074 0.0053 0.9285 0.0037 0.0034 0.0078 0.0046 0.0042 0.0092 
 H071.5_2002  2 0.0035 0.0048 0.0062 0.0040 0.0058 0.0041 0.0077 0.0041 0.9222 0.0037 0.0059 0.0097 0.0052 0.0043 0.0086 
 H071.5_2003  2 0.0093 0.0079 0.0082 0.0066 0.0069 0.0035 0.0154 0.0084 0.8690 0.0111 0.0034 0.0158 0.0056 0.0119 0.0169 
 H071.6_2002  2 0.0041 0.0074 0.0138 0.0047 0.0071 0.0058 0.0078 0.0049 0.8853 0.0044 0.0040 0.0178 0.0041 0.0054 0.0234 
 H071.6_2003  2 0.0046 0.0084 0.0105 0.0038 0.0054 0.0034 0.0199 0.0047 0.8961 0.0084 0.0035 0.0084 0.0048 0.0081 0.0099 
 H071.7_2002  2 0.0065 0.0053 0.0050 0.0034 0.0067 0.0040 0.0044 0.0042 0.9219 0.0057 0.0031 0.0116 0.0043 0.0059 0.0080 
 H071.7_2003  2 0.0050 0.0053 0.0074 0.0065 0.0076 0.0045 0.0203 0.0063 0.8896 0.0086 0.0038 0.0087 0.0070 0.0077 0.0114 
      H071.8  2 0.0074 0.0072 0.0106 0.0045 0.0122 0.0070 0.0050 0.0064 0.8981 0.0130 0.0042 0.0054 0.0059 0.0065 0.0067 
      H071.9  2 0.0111 0.0828 0.2254 0.0168 0.0173 0.0164 0.0210 0.0066 0.4965 0.0195 0.0092 0.0282 0.0143 0.0111 0.0238 
 H081.1_2002  2 0.0038 0.0062 0.0040 0.0070 0.0166 0.0045 0.0056 0.0048 0.9087 0.0093 0.0057 0.0054 0.0055 0.0067 0.0060 
 H081.1_2003  2 0.0221 0.0566 0.0197 0.0217 0.0159 0.2683 0.0917 0.0253 0.0411 0.0579 0.0141 0.0326 0.0527 0.2602 0.0200 
 H081.2_2002  2 0.0056 0.0088 0.0050 0.0077 0.0680 0.0050 0.0044 0.0052 0.8443 0.0081 0.0047 0.0074 0.0075 0.0123 0.0060 
 H081.2_2003  2 0.0091 0.0188 0.0187 0.0067 0.0682 0.0109 0.7089 0.0084 0.0421 0.0217 0.0210 0.0125 0.0141 0.0119 0.0271 
 H081.3_2002  2 0.0188 0.0111 0.0129 0.0088 0.0312 0.0074 0.0082 0.0051 0.8398 0.0172 0.0064 0.0051 0.0081 0.0133 0.0067 
 H081.3_2003  2 0.0088 0.1010 0.1344 0.0131 0.0410 0.0170 0.5330 0.0136 0.0138 0.0437 0.0149 0.0106 0.0183 0.0145 0.0222 
 H081.4_2002  2 0.0048 0.0069 0.0061 0.0056 0.0044 0.0035 0.0098 0.0061 0.9082 0.0061 0.0047 0.0081 0.0056 0.0095 0.0108 
 H081.4_2003  2 0.0082 0.1408 0.0348 0.0290 0.0440 0.0179 0.4165 0.0311 0.0266 0.0821 0.0174 0.0184 0.0330 0.0806 0.0197 
 H081.5_2002  2 0.0093 0.0095 0.0058 0.0046 0.0088 0.0049 0.0105 0.0058 0.8931 0.0096 0.0058 0.0075 0.0070 0.0098 0.0081 
 H081.5_2003  2 0.0191 0.1242 0.0137 0.0259 0.1042 0.0265 0.1527 0.0241 0.0520 0.0716 0.0160 0.0488 0.0358 0.2682 0.0172 
      H081.6  2 0.0045 0.0061 0.0037 0.0052 0.0114 0.0041 0.0074 0.0080 0.9091 0.0063 0.0042 0.0095 0.0055 0.0079 0.0069 
      H081.7  2 0.0066 0.0116 0.0087 0.0110 0.0759 0.0049 0.0110 0.0056 0.8177 0.0138 0.0050 0.0056 0.0060 0.0077 0.0089 
      H081.8  2 0.0107 0.0240 0.0164 0.0128 0.0096 0.0148 0.0358 0.0057 0.8051 0.0119 0.0111 0.0083 0.0093 0.0081 0.0163 
      H083.1  2 0.0095 0.0350 0.0103 0.0078 0.0076 0.0103 0.0090 0.0102 0.8021 0.0049 0.0341 0.0143 0.0239 0.0121 0.0089 
      H083.2  2 0.0277 0.0321 0.0199 0.0069 0.0209 0.0098 0.0060 0.0099 0.7716 0.0128 0.0287 0.0174 0.0080 0.0189 0.0095 
      H083.4  2 0.0107 0.0211 0.0559 0.0108 0.0155 0.0101 0.0059 0.0056 0.7126 0.0088 0.1010 0.0104 0.0081 0.0085 0.0150 
      H083.5  2 0.0158 0.0164 0.0097 0.0118 0.0143 0.0332 0.0066 0.0102 0.7023 0.0064 0.0964 0.0099 0.0465 0.0127 0.0078 
      H083.6  2 0.0060 0.0493 0.0135 0.0200 0.0103 0.0098 0.0119 0.0150 0.7096 0.0066 0.0997 0.0108 0.0128 0.0108 0.0138 
      H083.7  2 0.0125 0.0163 0.0266 0.0264 0.0172 0.0115 0.0058 0.0068 0.5942 0.0107 0.2346 0.0072 0.0095 0.0085 0.0124 
      H083.8  2 0.0480 0.0204 0.0211 0.0101 0.0147 0.0070 0.0056 0.0128 0.7717 0.0106 0.0330 0.0089 0.0115 0.0165 0.0081 
      H083.9  2 0.0088 0.0132 0.0073 0.0098 0.0088 0.0114 0.0065 0.0077 0.7236 0.0052 0.1350 0.0116 0.0348 0.0098 0.0065 
      H084.1  2 0.0133 0.0579 0.0175 0.0164 0.0071 0.0771 0.7398 0.0111 0.0087 0.0061 0.0087 0.0136 0.0088 0.0075 0.0063 
      H084.2  2 0.0061 0.2109 0.0405 0.0061 0.0035 0.0599 0.6004 0.0087 0.0077 0.0066 0.0050 0.0083 0.0067 0.0140 0.0156 
      H084.3  2 0.0083 0.0204 0.0164 0.2343 0.0078 0.2396 0.3338 0.0112 0.0073 0.0060 0.0206 0.0316 0.0129 0.0355 0.0142 
      H084.4  2 0.0401 0.0609 0.0151 0.0527 0.0049 0.2209 0.3956 0.0113 0.0080 0.0118 0.0077 0.0270 0.0337 0.0806 0.0297 
      H084.5  2 0.0279 0.0113 0.0100 0.0587 0.0087 0.0331 0.6336 0.0086 0.0070 0.0075 0.0065 0.1483 0.0060 0.0228 0.0102 
      H084.6  2 0.0253 0.0057 0.0188 0.1003 0.0070 0.1030 0.5939 0.0065 0.0069 0.0058 0.0530 0.0410 0.0115 0.0128 0.0086 
      H084.7  2 0.0066 0.0686 0.0223 0.0077 0.0066 0.0139 0.8006 0.0086 0.0070 0.0087 0.0050 0.0091 0.0141 0.0055 0.0157 
      H084.8  2 0.0342 0.0069 0.0125 0.1053 0.0076 0.0754 0.6655 0.0127 0.0056 0.0054 0.0085 0.0294 0.0120 0.0127 0.0063 
 H085.1_2002  2 0.0044 0.0246 0.0083 0.0063 0.8477 0.0141 0.0112 0.0050 0.0237 0.0074 0.0117 0.0108 0.0094 0.0065 0.0089 
 H085.1_2003  2 0.0120 0.4398 0.0213 0.0174 0.0920 0.0185 0.0094 0.0074 0.2546 0.0079 0.0377 0.0072 0.0324 0.0272 0.0153 
 H085.2_2002  2 0.0066 0.2324 0.0128 0.0290 0.3094 0.0672 0.0218 0.0064 0.0203 0.1069 0.0842 0.0170 0.0232 0.0273 0.0353 
 H085.2_2003  2 0.0353 0.1512 0.0231 0.0067 0.0249 0.0135 0.0156 0.0179 0.5755 0.0129 0.0359 0.0076 0.0358 0.0229 0.0213 
 H085.3_2002  2 0.0086 0.0260 0.0073 0.0071 0.8228 0.0050 0.0039 0.0051 0.0080 0.0171 0.0138 0.0052 0.0293 0.0306 0.0102 
 H085.3_2003  2 0.0135 0.0171 0.0118 0.0078 0.0390 0.0044 0.0124 0.0112 0.7106 0.0082 0.0080 0.0045 0.0187 0.1011 0.0317 
 H085.4_2002  2 0.0052 0.0618 0.0155 0.0168 0.5474 0.0499 0.0204 0.0087 0.1154 0.0544 0.0177 0.0188 0.0210 0.0077 0.0392 
 H085.4_2003  2 0.0097 0.0139 0.0087 0.0198 0.0115 0.0066 0.0239 0.0095 0.6814 0.0311 0.0091 0.0525 0.0860 0.0259 0.0105 
 H085.5_2002  2 0.0057 0.0085 0.0047 0.0077 0.8935 0.0053 0.0042 0.0055 0.0074 0.0123 0.0038 0.0041 0.0095 0.0211 0.0067 
 H085.5_2003  2 0.0139 0.0481 0.0096 0.0067 0.0274 0.0074 0.0180 0.0101 0.7703 0.0079 0.0297 0.0058 0.0171 0.0107 0.0174 
 H085.6_2002  2 0.0071 0.1105 0.0084 0.0046 0.7786 0.0089 0.0064 0.0046 0.0083 0.0113 0.0127 0.0065 0.0103 0.0160 0.0057 
 H085.6_2003  2 0.0270 0.0217 0.0110 0.0161 0.0307 0.0067 0.0065 0.0149 0.0637 0.0324 0.0052 0.0076 0.0308 0.7159 0.0098 
 H085.7_2002  2 0.0245 0.0711 0.0115 0.0068 0.5188 0.0125 0.0133 0.0103 0.0329 0.0461 0.0566 0.0092 0.0719 0.0952 0.0194 
 H085.7_2003  2 0.0128 0.0433 0.0202 0.0132 0.0244 0.0123 0.0076 0.0090 0.7227 0.0121 0.0105 0.0082 0.0334 0.0396 0.0309 
 H085.8_2002  2 0.0098 0.0339 0.0101 0.0211 0.2195 0.0198 0.0145 0.0075 0.0230 0.0892 0.0142 0.0093 0.0169 0.4672 0.0440 
 H085.8_2003  2 0.0318 0.1214 0.0215 0.0280 0.0518 0.0162 0.0282 0.0177 0.2246 0.0335 0.1176 0.0326 0.2190 0.0428 0.0133 
      H085.9  2 0.0071 0.0168 0.0111 0.0114 0.7656 0.0328 0.0123 0.0083 0.0454 0.0149 0.0154 0.0117 0.0197 0.0128 0.0146 
      H088.1  2 0.0092 0.0426 0.0170 0.0345 0.0212 0.0084 0.0088 0.0269 0.0094 0.0131 0.0124 0.0054 0.7665 0.0076 0.0171 
      H088.2  2 0.0102 0.0549 0.0098 0.0156 0.0180 0.0077 0.0097 0.0093 0.0066 0.0096 0.0100 0.0140 0.8001 0.0147 0.0098 
      H088.3  2 0.0084 0.0293 0.0094 0.0075 0.0106 0.0052 0.0074 0.0095 0.0059 0.0094 0.0061 0.0089 0.8656 0.0102 0.0066 
      H088.4  2 0.0053 0.0162 0.0140 0.0048 0.0038 0.0060 0.0268 0.0103 0.0068 0.0118 0.0032 0.0074 0.8655 0.0117 0.0063 
      H088.5  2 0.0065 0.0125 0.0067 0.0068 0.0053 0.0046 0.0082 0.0072 0.0056 0.0090 0.0051 0.0045 0.9074 0.0049 0.0059 
      H088.6  2 0.0085 0.0219 0.0097 0.0098 0.0049 0.0054 0.0106 0.0141 0.0108 0.0074 0.0058 0.0053 0.8690 0.0060 0.0108 
      H088.7  2 0.0125 0.0232 0.0084 0.0068 0.0073 0.0066 0.0069 0.0074 0.0133 0.0056 0.0067 0.0121 0.8674 0.0078 0.0078 
      H088.8  2 0.0128 0.0137 0.0139 0.0092 0.0081 0.0053 0.0093 0.0148 0.0195 0.0092 0.0068 0.0072 0.8495 0.0094 0.0112 
      H091.1  2 0.0063 0.0322 0.0156 0.0079 0.0100 0.0062 0.0071 0.0082 0.0230 0.0054 0.0129 0.0097 0.8177 0.0140 0.0237 
      H091.2  2 0.0138 0.0291 0.0304 0.0137 0.0089 0.0044 0.0053 0.0090 0.0248 0.0069 0.0364 0.0098 0.7725 0.0104 0.0245 
      H109.1  2 0.1298 0.0378 0.4582 0.0189 0.0283 0.0364 0.0525 0.0103 0.0164 0.0096 0.0661 0.1034 0.0099 0.0099 0.0127 
      H109.2  2 0.0553 0.0470 0.1037 0.0254 0.0064 0.0218 0.4610 0.0075 0.0782 0.0224 0.0186 0.0711 0.0213 0.0343 0.0261 
      H109.3  2 0.5973 0.0297 0.0794 0.0165 0.0046 0.0159 0.0628 0.0263 0.0191 0.0107 0.0073 0.0137 0.0517 0.0386 0.0265 
      H109.4  2 0.0463 0.0163 0.5069 0.0140 0.0075 0.0209 0.1457 0.0145 0.0198 0.0148 0.0071 0.0200 0.0510 0.0132 0.1019 
      H109.5  2 0.0776 0.1105 0.0216 0.0163 0.0056 0.0045 0.0629 0.0142 0.1199 0.0085 0.0046 0.0265 0.4933 0.0173 0.0166 
      H109.6  2 0.0953 0.0208 0.2474 0.0571 0.0125 0.0258 0.2775 0.0183 0.0391 0.0264 0.0153 0.0866 0.0207 0.0403 0.0171 
      H126.1  2 0.0112 0.0461 0.0533 0.0127 0.1123 0.0095 0.0081 0.0610 0.0081 0.1932 0.0080 0.3318 0.0239 0.0209 0.0999 
      H126.2  2 0.0359 0.1351 0.0227 0.0078 0.1015 0.0358 0.0214 0.0311 0.0864 0.0712 0.0143 0.2196 0.0170 0.0268 0.1734 
      H126.3  2 0.0048 0.2736 0.0211 0.0056 0.0467 0.0082 0.0036 0.0085 0.0158 0.0104 0.0123 0.5457 0.0238 0.0058 0.0141 
      H126.4  2 0.0215 0.0354 0.0200 0.0167 0.0247 0.0200 0.0176 0.0893 0.0516 0.3742 0.0289 0.0963 0.0253 0.0193 0.1592 
      H126.5  2 0.0056 0.0162 0.0117 0.0078 0.0292 0.0063 0.0082 0.0361 0.1677 0.1565 0.0088 0.2597 0.0082 0.0861 0.1919 
      H126.6  2 0.0098 0.3056 0.0057 0.0042 0.2004 0.0054 0.0059 0.0068 0.0899 0.0125 0.0065 0.3093 0.0104 0.0163 0.0115 
      H126.7  2 0.0071 0.0302 0.0085 0.0053 0.0298 0.0031 0.0075 0.0087 0.7776 0.0072 0.0066 0.0280 0.0232 0.0131 0.0442 
      H130.1  2 0.0151 0.1953 0.0315 0.0099 0.0148 0.0072 0.0122 0.0240 0.0070 0.5755 0.0119 0.0070 0.0304 0.0345 0.0237 
      H130.2  2 0.0290 0.4551 0.0476 0.0123 0.0116 0.0083 0.2669 0.0251 0.0155 0.0649 0.0214 0.0081 0.0101 0.0155 0.0088 
      H130.3  2 0.0160 0.3159 0.0352 0.0223 0.0076 0.0050 0.1026 0.3722 0.0179 0.0329 0.0057 0.0067 0.0182 0.0283 0.0136 
      H130.4  2 0.0142 0.2601 0.0555 0.0187 0.0221 0.0193 0.0259 0.0722 0.0064 0.4400 0.0185 0.0091 0.0146 0.0100 0.0134 
      H130.5  2 0.0079 0.6976 0.0127 0.0173 0.0138 0.0061 0.0491 0.0064 0.0151 0.1125 0.0133 0.0060 0.0111 0.0233 0.0077 
      H133.1  2 0.0209 0.7023 0.0507 0.0086 0.0114 0.0332 0.0109 0.0415 0.0134 0.0588 0.0092 0.0132 0.0089 0.0099 0.0071 
      H133.2  2 0.0683 0.3829 0.1229 0.0066 0.0586 0.0114 0.1407 0.0146 0.0134 0.0441 0.0062 0.0268 0.0415 0.0537 0.0081 
      H133.3  2 0.0112 0.6585 0.0680 0.0106 0.0192 0.0558 0.0124 0.0205 0.0181 0.0190 0.0071 0.0114 0.0537 0.0238 0.0107 
      H133.4  2 0.1350 0.2116 0.4022 0.0082 0.0200 0.0452 0.0301 0.0255 0.0146 0.0405 0.0077 0.0136 0.0161 0.0206 0.0091 
      H133.5  2 0.0062 0.7526 0.1181 0.0040 0.0203 0.0131 0.0180 0.0167 0.0043 0.0098 0.0052 0.0095 0.0057 0.0089 0.0074 
      H133.6  2 0.0111 0.6763 0.0882 0.0087 0.0413 0.0076 0.0308 0.0128 0.0062 0.0260 0.0114 0.0227 0.0192 0.0248 0.0130 
      H133.7  2 0.1820 0.2856 0.1485 0.0417 0.0392 0.0956 0.0087 0.0205 0.0285 0.0358 0.0082 0.0167 0.0259 0.0521 0.0110 
      H133.8  2 0.0516 0.6115 0.0681 0.0074 0.0536 0.0478 0.0110 0.0322 0.0082 0.0236 0.0098 0.0350 0.0081 0.0078 0.0243 
      H133.9  2 0.0263 0.6461 0.0574 0.0070 0.0074 0.0539 0.0146 0.0684 0.0112 0.0541 0.0118 0.0072 0.0113 0.0167 0.0067 
      H147.1  2 0.0445 0.0139 0.0041 0.0322 0.0629 0.0220 0.1406 0.0052 0.3979 0.0166 0.0252 0.0551 0.1046 0.0680 0.0074 
      H147.2  2 0.0061 0.0097 0.0056 0.0098 0.0110 0.0047 0.0189 0.0059 0.8435 0.0128 0.0059 0.0126 0.0110 0.0355 0.0068 
      H147.3  2 0.0061 0.0056 0.0033 0.0088 0.0220 0.0043 0.0261 0.0052 0.8633 0.0097 0.0066 0.0077 0.0058 0.0188 0.0065 
      H147.4  2 0.0112 0.0053 0.0033 0.0058 0.0091 0.0173 0.0464 0.0055 0.8443 0.0040 0.0120 0.0070 0.0119 0.0124 0.0046 
      H147.5  2 0.0096 0.0149 0.0069 0.0135 0.0183 0.0063 0.2153 0.0137 0.5089 0.0079 0.0221 0.0167 0.0990 0.0416 0.0053 
      H147.6  2 0.0160 0.0167 0.0056 0.0101 0.0133 0.0063 0.2778 0.0121 0.4250 0.0076 0.0233 0.0170 0.1305 0.0304 0.0084 
      H147.7  2 0.0231 0.0058 0.0040 0.0113 0.0091 0.0222 0.0680 0.0068 0.7798 0.0065 0.0184 0.0109 0.0130 0.0155 0.0055 
      H147.8  2 0.0165 0.0159 0.0047 0.0075 0.0150 0.0375 0.1339 0.0067 0.6645 0.0036 0.0231 0.0176 0.0377 0.0082 0.0076 
      H147.9  2 0.0073 0.0049 0.0035 0.0057 0.0150 0.0057 0.0158 0.0049 0.8864 0.0084 0.0062 0.0070 0.0080 0.0158 0.0054 
      H148.1  2 0.0172 0.0261 0.0636 0.1396 0.0112 0.0438 0.0762 0.0073 0.0137 0.4084 0.0295 0.0552 0.0280 0.0622 0.0179 
      H148.2  2 0.0088 0.0303 0.0333 0.6260 0.0143 0.0194 0.0147 0.0068 0.0174 0.1028 0.0208 0.0731 0.0067 0.0161 0.0095 
      H148.3  2 0.0117 0.0063 0.0075 0.8215 0.0055 0.0275 0.0080 0.0077 0.0085 0.0128 0.0067 0.0169 0.0271 0.0142 0.0181 
      H148.4  2 0.0134 0.0159 0.0618 0.3486 0.0125 0.0440 0.0140 0.0108 0.0162 0.2621 0.0090 0.0669 0.0175 0.0933 0.0142 
      H148.5  2 0.0068 0.0065 0.0105 0.8484 0.0060 0.0180 0.0205 0.0092 0.0070 0.0084 0.0061 0.0132 0.0196 0.0074 0.0125 
      H148.6  2 0.0113 0.0118 0.0224 0.7119 0.0126 0.0627 0.0137 0.0050 0.0098 0.0473 0.0301 0.0258 0.0147 0.0148 0.0062 
      H148.7  2 0.0135 0.0081 0.0609 0.7195 0.0060 0.0208 0.0216 0.0207 0.0071 0.0292 0.0087 0.0215 0.0294 0.0181 0.0147 
      H148.8  2 0.0046 0.0044 0.0089 0.8425 0.0070 0.0104 0.0064 0.0063 0.0045 0.0515 0.0047 0.0064 0.0293 0.0065 0.0064 
      H148.9  2 0.0322 0.0124 0.0710 0.4231 0.0538 0.1014 0.0207 0.0156 0.0085 0.0651 0.0223 0.1164 0.0103 0.0159 0.0313 
   H166022.1  2 0.0078 0.0134 0.0054 0.0082 0.0078 0.0054 0.0203 0.0046 0.0089 0.0057 0.0446 0.0085 0.8445 0.0098 0.0052 
   H166022.2  2 0.0453 0.0676 0.0126 0.0221 0.0114 0.0145 0.1416 0.0177 0.0378 0.0122 0.0688 0.0262 0.3948 0.1156 0.0119 
   H166022.3  2 0.0095 0.0221 0.0312 0.0133 0.0053 0.0055 0.0202 0.0107 0.0055 0.0111 0.1851 0.0054 0.6507 0.0131 0.0113 
   H166022.4  2 0.0079 0.0275 0.0243 0.0071 0.0051 0.0049 0.0182 0.0173 0.0071 0.0054 0.0231 0.0067 0.7980 0.0339 0.0135 
   H166022.5  2 0.0058 0.1149 0.0137 0.0084 0.0043 0.0060 0.1341 0.0098 0.0116 0.0064 0.0232 0.0071 0.6210 0.0252 0.0084 
   H166022.6  2 0.0268 0.0292 0.0179 0.0092 0.0076 0.0194 0.0279 0.0101 0.0069 0.0196 0.0454 0.0071 0.7342 0.0297 0.0090 
   H166022.7  2 0.0113 0.0092 0.8747 0.0047 0.0063 0.0138 0.0225 0.0080 0.0099 0.0108 0.0037 0.0067 0.0061 0.0065 0.0059 
   H166022.8  2 0.0145 0.1551 0.0125 0.0120 0.0243 0.0082 0.1639 0.0173 0.0161 0.0674 0.0879 0.0133 0.1268 0.2709 0.0098 
   H167397.1  2 0.0188 0.0082 0.0057 0.0163 0.0048 0.4912 0.0264 0.0063 0.0377 0.0181 0.0059 0.0170 0.3122 0.0241 0.0072 
   H167397.2  2 0.0143 0.0701 0.0077 0.0123 0.0467 0.5460 0.0228 0.0088 0.0388 0.0798 0.0699 0.0138 0.0111 0.0395 0.0183 
   H167397.3  2 0.0216 0.0207 0.0070 0.0126 0.0060 0.5990 0.0220 0.0100 0.0749 0.0297 0.0174 0.0445 0.1087 0.0161 0.0098 
   H167397.4  2 0.0542 0.0293 0.0092 0.0408 0.0381 0.6786 0.0189 0.0114 0.0443 0.0077 0.0178 0.0162 0.0120 0.0095 0.0120 
   H167397.5  2 0.0187 0.0265 0.0198 0.0187 0.0072 0.6249 0.0493 0.0115 0.0255 0.0367 0.0120 0.0131 0.0411 0.0665 0.0286 
   H167397.6  2 0.0179 0.0397 0.0126 0.0206 0.0113 0.6040 0.0065 0.0165 0.0420 0.0168 0.0073 0.1415 0.0410 0.0107 0.0115 
   H167496.1  2 0.0139 0.0901 0.0560 0.0864 0.0054 0.0060 0.0182 0.0180 0.0074 0.0104 0.0173 0.0171 0.5498 0.0215 0.0824 
   H167496.2  2 0.0563 0.0588 0.1135 0.1194 0.0124 0.0155 0.0357 0.0145 0.1028 0.0316 0.0078 0.0916 0.0515 0.2084 0.0800 
   H167496.3  2 0.0149 0.0496 0.0147 0.0698 0.1091 0.0074 0.0063 0.0216 0.0218 0.0368 0.0563 0.0091 0.4398 0.0771 0.0656 
   H167496.4  2 0.0062 0.0138 0.0066 0.0055 0.0128 0.0050 0.0087 0.0067 0.0201 0.0055 0.0071 0.0082 0.8779 0.0081 0.0078 
   H167496.6  2 0.0116 0.0276 0.0120 0.0050 0.0082 0.0064 0.0183 0.0200 0.0306 0.0105 0.0066 0.0184 0.5599 0.2514 0.0136 
   H167496.7  2 0.0517 0.0481 0.0268 0.0881 0.0095 0.0073 0.0217 0.0214 0.0154 0.0812 0.0341 0.0670 0.1052 0.2532 0.1693 
   H167496.8  2 0.0176 0.0345 0.0119 0.0081 0.0088 0.0059 0.0396 0.0096 0.0439 0.0110 0.0106 0.0333 0.6278 0.1249 0.0126 
   H167513.1  2 0.8830 0.0102 0.0125 0.0055 0.0065 0.0085 0.0089 0.0056 0.0073 0.0086 0.0092 0.0116 0.0068 0.0094 0.0065 
   H167513.2  2 0.8693 0.0050 0.0064 0.0146 0.0065 0.0170 0.0064 0.0061 0.0048 0.0103 0.0067 0.0114 0.0179 0.0112 0.0063 
   H167513.3  2 0.8500 0.0093 0.0129 0.0050 0.0060 0.0065 0.0273 0.0200 0.0084 0.0066 0.0118 0.0108 0.0075 0.0080 0.0098 
   H167513.4  2 0.7051 0.0287 0.0441 0.0129 0.0081 0.0120 0.0244 0.0081 0.0088 0.0138 0.0697 0.0235 0.0217 0.0141 0.0049 
   H167513.5  2 0.8980 0.0058 0.0074 0.0096 0.0081 0.0109 0.0050 0.0040 0.0045 0.0070 0.0057 0.0083 0.0134 0.0084 0.0040 
   H167513.6  2 0.8537 0.0099 0.0093 0.0074 0.0090 0.0096 0.0170 0.0062 0.0078 0.0063 0.0169 0.0120 0.0177 0.0106 0.0066 
   H167513.7  2 0.8282 0.0141 0.0194 0.0044 0.0078 0.0278 0.0126 0.0051 0.0124 0.0048 0.0319 0.0091 0.0072 0.0079 0.0073 
   H167513.8  2 0.8871 0.0062 0.0172 0.0036 0.0041 0.0149 0.0161 0.0074 0.0061 0.0045 0.0061 0.0067 0.0046 0.0090 0.0064 
   H167547.1  2 0.0241 0.0066 0.0115 0.5937 0.0088 0.0248 0.0084 0.0209 0.0095 0.0979 0.0237 0.0138 0.1037 0.0359 0.0167 
   H167547.2  2 0.0332 0.0077 0.0074 0.1855 0.0099 0.0178 0.0094 0.0124 0.0083 0.0326 0.0257 0.0307 0.5705 0.0183 0.0306 
   H167547.3  2 0.0294 0.0082 0.0092 0.1986 0.0069 0.0173 0.0102 0.0110 0.0094 0.0265 0.0195 0.0284 0.5759 0.0198 0.0296 
   H167547.4  2 0.0189 0.0117 0.0326 0.0294 0.0157 0.0331 0.0139 0.0281 0.0075 0.1113 0.1553 0.0079 0.4876 0.0139 0.0331 
   H167547.5  2 0.0076 0.0074 0.0068 0.1723 0.0071 0.0112 0.0160 0.0086 0.0087 0.0096 0.0111 0.0137 0.6977 0.0064 0.0160 
   H167547.6  2 0.0085 0.0071 0.0065 0.1815 0.0074 0.0092 0.0159 0.0067 0.0072 0.0097 0.0103 0.0101 0.7014 0.0057 0.0129 
   H167547.7  2 0.1222 0.0257 0.1197 0.1912 0.1537 0.0214 0.0313 0.0308 0.0297 0.0893 0.0355 0.0208 0.0431 0.0248 0.0608 
   H169750.1  2 0.0227 0.2180 0.3568 0.0137 0.0161 0.0111 0.0153 0.0311 0.0131 0.0778 0.0315 0.0135 0.1074 0.0422 0.0297 
   H169750.2  2 0.1956 0.0935 0.0789 0.0213 0.0261 0.0468 0.0971 0.0620 0.0974 0.0626 0.0073 0.0230 0.0556 0.1033 0.0295 
   H169750.3  2 0.0488 0.1809 0.5123 0.0116 0.0248 0.0043 0.0507 0.0232 0.0169 0.0155 0.0080 0.0072 0.0542 0.0185 0.0231 
   H169750.4  2 0.0534 0.1384 0.0755 0.0267 0.0169 0.0892 0.0098 0.1726 0.0234 0.1179 0.0054 0.0667 0.0997 0.0757 0.0287 
   H169750.5  2 0.0216 0.5529 0.2328 0.0070 0.0115 0.0074 0.0139 0.0086 0.0240 0.0206 0.0145 0.0107 0.0341 0.0169 0.0237 
   H169750.6  2 0.0431 0.3869 0.1051 0.0092 0.0180 0.0101 0.0553 0.0258 0.1768 0.0445 0.0100 0.0119 0.0391 0.0456 0.0186 
   H169750.7  2 0.2252 0.0571 0.2012 0.0228 0.0482 0.0264 0.0186 0.0653 0.0342 0.0272 0.0088 0.0367 0.0406 0.1265 0.0612 
   H171929.1  2 0.7877 0.0081 0.0067 0.0164 0.0537 0.0463 0.0046 0.0068 0.0082 0.0127 0.0080 0.0090 0.0186 0.0057 0.0075 
  H171929.10  2 0.6558 0.0289 0.0129 0.0497 0.0661 0.0281 0.0245 0.0072 0.0200 0.0169 0.0166 0.0122 0.0374 0.0119 0.0118 
  H171929.11  2 0.8392 0.0132 0.0075 0.0130 0.0175 0.0365 0.0080 0.0104 0.0075 0.0094 0.0035 0.0060 0.0125 0.0060 0.0097 
   H171929.2  2 0.7886 0.0118 0.0338 0.0558 0.0109 0.0064 0.0075 0.0115 0.0060 0.0252 0.0098 0.0056 0.0120 0.0075 0.0075 
   H171929.3  2 0.8592 0.0079 0.0123 0.0167 0.0097 0.0158 0.0071 0.0085 0.0091 0.0081 0.0101 0.0051 0.0190 0.0044 0.0070 
   H171929.4  2 0.6730 0.0355 0.0257 0.0300 0.0502 0.0051 0.0087 0.0201 0.0206 0.0392 0.0151 0.0040 0.0487 0.0124 0.0116 
   H171929.5  2 0.8655 0.0104 0.0204 0.0111 0.0076 0.0137 0.0105 0.0088 0.0064 0.0091 0.0052 0.0082 0.0082 0.0052 0.0099 
   H171929.6  2 0.8959 0.0073 0.0114 0.0078 0.0070 0.0109 0.0059 0.0081 0.0046 0.0099 0.0058 0.0064 0.0068 0.0045 0.0078 
   H171929.7  2 0.8475 0.0075 0.0071 0.0119 0.0517 0.0059 0.0035 0.0085 0.0077 0.0141 0.0068 0.0060 0.0061 0.0085 0.0071 
   H171929.8  2 0.7594 0.0129 0.0144 0.0247 0.0801 0.0068 0.0085 0.0096 0.0082 0.0276 0.0099 0.0063 0.0138 0.0086 0.0091 
   H171929.9  2 0.7458 0.0314 0.0189 0.0078 0.0710 0.0047 0.0100 0.0091 0.0162 0.0347 0.0142 0.0056 0.0108 0.0121 0.0076 
   H171930.1  2 0.2646 0.0195 0.0139 0.0117 0.0034 0.0188 0.5416 0.0352 0.0084 0.0162 0.0036 0.0076 0.0233 0.0097 0.0224 
   H171930.2  2 0.0191 0.0203 0.0164 0.0132 0.0113 0.0061 0.7525 0.0116 0.0160 0.0136 0.0073 0.0114 0.0544 0.0173 0.0295 
   H171930.3  2 0.0103 0.0073 0.0082 0.0102 0.0055 0.0112 0.8620 0.0146 0.0053 0.0052 0.0071 0.0121 0.0125 0.0081 0.0204 
   H171930.4  2 0.0073 0.0093 0.0161 0.0066 0.0037 0.0078 0.8626 0.0126 0.0054 0.0060 0.0079 0.0119 0.0184 0.0088 0.0156 
   H171930.5  2 0.0833 0.0173 0.0166 0.0106 0.0099 0.0155 0.6145 0.0204 0.0164 0.0684 0.0072 0.0076 0.0258 0.0093 0.0772 
   H171930.6  2 0.0056 0.0062 0.0081 0.0054 0.0035 0.0045 0.8705 0.0107 0.0167 0.0051 0.0047 0.0113 0.0073 0.0070 0.0335 
   H171930.7  2 0.0169 0.0056 0.0098 0.0065 0.0065 0.0121 0.8824 0.0090 0.0055 0.0087 0.0063 0.0093 0.0087 0.0064 0.0064 
   H171930.8  2 0.0294 0.0062 0.0107 0.0093 0.0040 0.0075 0.8627 0.0072 0.0063 0.0074 0.0041 0.0121 0.0136 0.0136 0.0059 
   H171933.1  2 0.0061 0.0234 0.0176 0.0287 0.0152 0.0491 0.0217 0.0083 0.0091 0.0156 0.7129 0.0087 0.0228 0.0061 0.0546 
   H171933.2  2 0.0108 0.0584 0.0303 0.0368 0.0582 0.0782 0.0279 0.0068 0.0127 0.0122 0.4782 0.0270 0.1185 0.0152 0.0288 
   H171933.3  2 0.0102 0.0163 0.0168 0.1139 0.0753 0.0126 0.0536 0.0147 0.0073 0.0173 0.4315 0.0188 0.1577 0.0135 0.0406 
   H171933.4  2 0.0313 0.0244 0.0338 0.0233 0.0308 0.0056 0.0630 0.0223 0.0080 0.0169 0.6152 0.0070 0.0503 0.0565 0.0115 
   H171933.5  2 0.0808 0.0477 0.0580 0.1244 0.0236 0.0096 0.1228 0.1212 0.0065 0.0656 0.1531 0.0209 0.0497 0.0812 0.0349 
   H171933.6  2 0.0051 0.1435 0.0198 0.0092 0.0132 0.0055 0.0101 0.0105 0.0112 0.0084 0.6227 0.0152 0.0885 0.0141 0.0229 
   H171933.7  2 0.0102 0.0117 0.0098 0.0140 0.0623 0.0212 0.0684 0.0140 0.0132 0.0117 0.5207 0.0441 0.0110 0.0289 0.1588 
   H171933.8  2 0.0476 0.0154 0.0154 0.0256 0.0590 0.0331 0.1037 0.0082 0.0177 0.0103 0.5112 0.0557 0.0180 0.0481 0.0310 
   H171933.9  2 0.0097 0.0169 0.0134 0.0082 0.0105 0.0041 0.0222 0.0260 0.0063 0.0072 0.8208 0.0055 0.0103 0.0194 0.0194 
      H190.1  2 0.0134 0.0160 0.0344 0.0799 0.0061 0.0050 0.5335 0.0584 0.0228 0.0427 0.0336 0.0120 0.0252 0.0908 0.0263 
      H190.2  2 0.0095 0.0134 0.0139 0.0786 0.0407 0.0099 0.0283 0.0120 0.0696 0.0439 0.0061 0.1041 0.1457 0.2727 0.1516 
      H190.3  2 0.0180 0.0325 0.0172 0.0742 0.0229 0.0149 0.0302 0.0215 0.0296 0.2006 0.0142 0.0147 0.3699 0.0284 0.1113 
      H190.4  2 0.0086 0.0242 0.0379 0.1431 0.0133 0.0083 0.5542 0.0435 0.0059 0.0262 0.0492 0.0059 0.0542 0.0090 0.0166 
      H190.5  2 0.0138 0.0463 0.0181 0.0133 0.0286 0.0093 0.0207 0.0160 0.0712 0.0159 0.0091 0.0455 0.0396 0.4890 0.1634 
      H190.6  2 0.0075 0.0159 0.0134 0.3208 0.0150 0.0080 0.4009 0.0207 0.0117 0.0280 0.0199 0.0078 0.0886 0.0093 0.0324 
      H190.7  2 0.0078 0.0100 0.0085 0.0383 0.1899 0.0065 0.0149 0.0189 0.0099 0.0367 0.0045 0.0082 0.6021 0.0307 0.0132 
      H190.8  2 0.0088 0.0292 0.0079 0.0209 0.0250 0.0042 0.0597 0.0226 0.0256 0.0148 0.0084 0.0237 0.0188 0.6339 0.0965 
      H190.9  2 0.0242 0.0151 0.0231 0.0539 0.1190 0.0147 0.0502 0.0174 0.0142 0.0413 0.0066 0.0429 0.1612 0.3893 0.0271 
      H400.1  2 0.0062 0.4067 0.0104 0.0059 0.0084 0.0095 0.0306 0.0118 0.0072 0.0142 0.0388 0.0358 0.3931 0.0087 0.0127 
      H400.2  2 0.0093 0.7335 0.0081 0.0059 0.0061 0.0098 0.0118 0.0052 0.0111 0.0053 0.0239 0.0488 0.1102 0.0047 0.0063 
      H400.3  2 0.0081 0.7688 0.0172 0.0131 0.0047 0.0095 0.0263 0.0175 0.0070 0.0123 0.0293 0.0126 0.0184 0.0101 0.0450 
      H400.4  2 0.0133 0.3619 0.0196 0.0101 0.0138 0.0051 0.0532 0.0088 0.0133 0.0063 0.0160 0.0166 0.4447 0.0061 0.0113 
      H400.5  2 0.0092 0.8355 0.0103 0.0100 0.0046 0.0052 0.0197 0.0075 0.0057 0.0104 0.0448 0.0069 0.0120 0.0042 0.0141 
      H400.6  2 0.0047 0.4958 0.0068 0.0046 0.0441 0.0037 0.0124 0.0067 0.0072 0.0091 0.0121 0.0326 0.3461 0.0053 0.0089 
      H400.7  2 0.0178 0.2176 0.0208 0.0226 0.0116 0.0057 0.0282 0.0105 0.0065 0.0222 0.1481 0.0201 0.4320 0.0092 0.0271 
 H428.1_2005  2 0.0044 0.0051 0.0046 0.0038 0.0048 0.0033 0.0028 0.0053 0.0041 0.0040 0.9412 0.0046 0.0046 0.0031 0.0043 
 H428.1_2006  2 0.0094 0.0068 0.0044 0.0047 0.0077 0.0042 0.0036 0.0052 0.0112 0.0036 0.9090 0.0115 0.0068 0.0069 0.0050 
 H428.2_2005  2 0.0049 0.0073 0.0071 0.0055 0.0041 0.0042 0.0040 0.0041 0.0038 0.0064 0.9278 0.0049 0.0072 0.0049 0.0039 
 H428.2_2006  2 0.0107 0.0072 0.0062 0.0052 0.0058 0.0047 0.0053 0.0062 0.0233 0.0038 0.8915 0.0073 0.0084 0.0081 0.0062 
 H428.3_2005  2 0.0045 0.0062 0.0042 0.0051 0.0038 0.0033 0.0045 0.0038 0.0058 0.0038 0.9372 0.0039 0.0062 0.0043 0.0033 
 H428.3_2006  2 0.0111 0.0060 0.0058 0.0043 0.0060 0.0048 0.0057 0.0056 0.0162 0.0033 0.8981 0.0090 0.0080 0.0068 0.0091 
 H428.4_2005  2 0.0045 0.0054 0.0044 0.0070 0.0038 0.0036 0.0032 0.0046 0.0039 0.0035 0.9356 0.0039 0.0091 0.0042 0.0032 
 H428.4_2006  2 0.0044 0.0047 0.0029 0.0043 0.0071 0.0046 0.0030 0.0036 0.0065 0.0030 0.9409 0.0041 0.0039 0.0039 0.0030 
 H428.5_2005  2 0.0043 0.0040 0.0039 0.0049 0.0040 0.0047 0.0036 0.0035 0.0062 0.0037 0.9425 0.0033 0.0046 0.0032 0.0035 
 H428.6_2005  2 0.0052 0.0055 0.0035 0.0039 0.0091 0.0032 0.0038 0.0044 0.0066 0.0065 0.9295 0.0058 0.0044 0.0045 0.0042 
 H428.6_2006  2 0.0103 0.0067 0.0067 0.0040 0.0076 0.0084 0.0064 0.0132 0.0096 0.0052 0.9035 0.0058 0.0044 0.0040 0.0040 
      H428.7  2 0.0033 0.0039 0.0032 0.0034 0.0045 0.0030 0.0043 0.0035 0.0043 0.0040 0.9454 0.0039 0.0049 0.0040 0.0043 
      H428.8  2 0.0048 0.0033 0.0038 0.0029 0.0046 0.0057 0.0054 0.0050 0.0056 0.0032 0.9379 0.0036 0.0050 0.0044 0.0048 
      H428.9  2 0.0042 0.0039 0.0047 0.0057 0.0036 0.0052 0.0039 0.0042 0.0053 0.0048 0.9362 0.0040 0.0062 0.0039 0.0040 
      H453.1  2 0.0078 0.8405 0.0109 0.0049 0.0076 0.0043 0.0095 0.0091 0.0321 0.0076 0.0087 0.0059 0.0285 0.0160 0.0067 
      H453.2  2 0.0045 0.8919 0.0071 0.0054 0.0056 0.0031 0.0150 0.0059 0.0056 0.0058 0.0061 0.0045 0.0198 0.0132 0.0066 
      H453.3  2 0.0046 0.8840 0.0054 0.0057 0.0104 0.0036 0.0081 0.0055 0.0062 0.0110 0.0118 0.0034 0.0227 0.0111 0.0065 
      H453.4  2 0.0054 0.9205 0.0047 0.0040 0.0033 0.0026 0.0075 0.0062 0.0043 0.0062 0.0048 0.0041 0.0132 0.0086 0.0043 
      H453.5  2 0.0037 0.9248 0.0046 0.0044 0.0035 0.0029 0.0080 0.0071 0.0101 0.0049 0.0043 0.0034 0.0079 0.0065 0.0040 
      H453.6  2 0.0052 0.8800 0.0058 0.0048 0.0051 0.0040 0.0189 0.0061 0.0158 0.0033 0.0123 0.0035 0.0230 0.0069 0.0052 
      H453.7  2 0.0146 0.2820 0.0319 0.0152 0.0960 0.0043 0.0326 0.0063 0.0774 0.0840 0.0115 0.0059 0.0141 0.3181 0.0061 
      H453.8  2 0.0204 0.4344 0.0169 0.0124 0.0166 0.0051 0.0157 0.0087 0.0306 0.0302 0.0041 0.0055 0.0153 0.3764 0.0074 
      H453.9  2 0.0081 0.7837 0.0065 0.0035 0.0219 0.0036 0.0118 0.0063 0.0567 0.0087 0.0059 0.0053 0.0054 0.0655 0.0072 
      H512.1  2 0.0077 0.2586 0.0141 0.0134 0.0326 0.0045 0.2367 0.1248 0.0230 0.0125 0.1462 0.0201 0.0390 0.0585 0.0083 
     H512.10  2 0.0162 0.2386 0.0302 0.0189 0.0075 0.0693 0.0660 0.1982 0.0657 0.0197 0.0874 0.0177 0.0051 0.1383 0.0209 
      H512.2  2 0.0175 0.0735 0.0219 0.0429 0.0093 0.0133 0.0215 0.0599 0.0127 0.0152 0.1648 0.0484 0.0099 0.4724 0.0170 
      H512.3  2 0.0115 0.0665 0.0384 0.0132 0.0068 0.0233 0.0824 0.2848 0.0214 0.0102 0.0729 0.0378 0.0269 0.2311 0.0726 
      H512.4  2 0.0160 0.1827 0.0247 0.0580 0.0063 0.0165 0.1588 0.0218 0.0856 0.0225 0.0868 0.0140 0.0134 0.2813 0.0115 
      H512.5  2 0.0101 0.0495 0.1575 0.0144 0.0056 0.0219 0.0093 0.3659 0.0122 0.0119 0.0556 0.0152 0.0124 0.1528 0.1058 
      H512.6  2 0.0113 0.0644 0.0233 0.0396 0.0093 0.0058 0.0592 0.0829 0.0100 0.0144 0.0205 0.0173 0.0278 0.5692 0.0450 
      H512.7  2 0.0139 0.0407 0.1357 0.0092 0.0118 0.0172 0.0139 0.5026 0.0237 0.0059 0.0312 0.0436 0.0743 0.0529 0.0234 
      H512.8  2 0.0237 0.0097 0.0197 0.0532 0.0087 0.0079 0.1014 0.1259 0.0121 0.0155 0.0502 0.0438 0.0233 0.4734 0.0315 
      H512.9  2 0.0056 0.3046 0.0413 0.0098 0.0379 0.0232 0.0142 0.3175 0.0177 0.0095 0.0591 0.0483 0.0241 0.0725 0.0147 
      H513.1  2 0.0039 0.0074 0.0054 0.0041 0.0042 0.0053 0.0057 0.0034 0.0070 0.0041 0.9204 0.0086 0.0090 0.0065 0.0049 
      H513.2  2 0.0173 0.0159 0.0075 0.0099 0.0107 0.0060 0.0168 0.0040 0.0199 0.0130 0.8401 0.0079 0.0149 0.0103 0.0057 
      H513.3  2 0.0057 0.0072 0.0057 0.0035 0.0056 0.0038 0.0060 0.0057 0.0080 0.0057 0.9176 0.0052 0.0068 0.0082 0.0053 
      H513.4  2 0.0385 0.0178 0.0096 0.0071 0.0093 0.0033 0.0209 0.0095 0.0358 0.0081 0.7468 0.0182 0.0442 0.0197 0.0111 
      H513.5  2 0.0115 0.0065 0.0070 0.0034 0.0044 0.0051 0.0083 0.0093 0.0079 0.0036 0.9106 0.0062 0.0061 0.0057 0.0045 
      H513.6  2 0.0685 0.0107 0.0121 0.0064 0.0110 0.0955 0.0494 0.0110 0.0170 0.0091 0.6680 0.0065 0.0115 0.0131 0.0100 
      H532.1  2 0.0058 0.6479 0.1674 0.0161 0.0062 0.0111 0.0093 0.0110 0.0398 0.0120 0.0337 0.0102 0.0090 0.0099 0.0107 
      H532.2  2 0.0089 0.2201 0.0408 0.1265 0.0282 0.0140 0.0772 0.0077 0.1045 0.0312 0.1514 0.0073 0.1399 0.0327 0.0094 
      H532.3  2 0.0092 0.2622 0.0194 0.0432 0.0181 0.0048 0.0733 0.0242 0.0799 0.0325 0.0295 0.0044 0.3413 0.0494 0.0086 
      H532.4  2 0.0064 0.6410 0.0124 0.0124 0.0150 0.0101 0.0110 0.0068 0.1744 0.0324 0.0145 0.0063 0.0237 0.0255 0.0079 
      H532.5  2 0.0071 0.2147 0.2393 0.0365 0.0149 0.0161 0.0106 0.0144 0.0342 0.0168 0.3148 0.0058 0.0466 0.0138 0.0143 
      H532.6  2 0.0051 0.7316 0.0168 0.0069 0.0078 0.0071 0.0269 0.0081 0.0955 0.0199 0.0114 0.0104 0.0161 0.0294 0.0071 
      H532.7  2 0.0071 0.5843 0.0383 0.0194 0.0099 0.0135 0.0214 0.0231 0.1972 0.0083 0.0214 0.0044 0.0297 0.0093 0.0128 
      H532.8  2 0.0125 0.5520 0.1213 0.0602 0.0129 0.0216 0.0143 0.0146 0.0665 0.0126 0.0336 0.0082 0.0408 0.0158 0.0130 
      H543.1  2 0.0050 0.0073 0.0055 0.0083 0.0087 0.9048 0.0087 0.0059 0.0045 0.0051 0.0127 0.0037 0.0112 0.0041 0.0045 
      H543.2  2 0.0082 0.0194 0.0132 0.0536 0.0208 0.7577 0.0148 0.0087 0.0088 0.0079 0.0525 0.0099 0.0156 0.0040 0.0048 
      H543.3  2 0.0066 0.0117 0.0057 0.0107 0.0157 0.8835 0.0057 0.0084 0.0091 0.0056 0.0096 0.0044 0.0144 0.0048 0.0041 
      H543.4  2 0.0030 0.0054 0.0055 0.0189 0.0074 0.9053 0.0099 0.0054 0.0054 0.0072 0.0070 0.0042 0.0058 0.0048 0.0047 
      H543.5  2 0.0042 0.0074 0.0120 0.0143 0.0069 0.9011 0.0092 0.0054 0.0047 0.0059 0.0078 0.0056 0.0055 0.0045 0.0054 
      H543.6  2 0.0273 0.0122 0.0165 0.0143 0.1096 0.7367 0.0068 0.0063 0.0040 0.0182 0.0094 0.0036 0.0244 0.0065 0.0042 
      H543.7  2 0.0036 0.0036 0.0033 0.0058 0.0052 0.9427 0.0046 0.0030 0.0037 0.0041 0.0047 0.0042 0.0047 0.0032 0.0037 
      H543.8  2 0.0092 0.0242 0.0145 0.0149 0.0229 0.8006 0.0114 0.0072 0.0197 0.0079 0.0360 0.0049 0.0142 0.0056 0.0067 
