      H008.1  2 0.9401 0.0156 0.0264 0.0178 
      H008.2  2 0.4525 0.2565 0.2647 0.0263 
      H008.3  2 0.4218 0.0887 0.4031 0.0864 
      H008.4  2 0.8412 0.0886 0.0461 0.0240 
      H008.5  2 0.9315 0.0187 0.0263 0.0235 
      H008.6  2 0.3614 0.2466 0.3568 0.0353 
      H008.7  2 0.8131 0.0996 0.0613 0.0261 
      H008.8  2 0.5083 0.3360 0.1305 0.0251 
      H008.9  2 0.0654 0.5232 0.3735 0.0379 
 H029.1_2002  2 0.9040 0.0503 0.0181 0.0276 
 H029.1_2003  2 0.5482 0.2015 0.0471 0.2032 
 H029.2_2002  2 0.9426 0.0203 0.0215 0.0156 
 H029.2_2003  2 0.7868 0.0888 0.0784 0.0460 
 H029.3_2002  2 0.8280 0.1167 0.0218 0.0335 
 H029.3_2003  2 0.8930 0.0292 0.0151 0.0628 
 H029.4_2002  2 0.9273 0.0353 0.0088 0.0286 
 H029.4_2003  2 0.3243 0.4257 0.0329 0.2172 
 H029.5_2002  2 0.9608 0.0156 0.0068 0.0168 
 H029.5_2003  2 0.8098 0.1331 0.0225 0.0346 
 H029.6_2002  2 0.8976 0.0520 0.0070 0.0434 
 H029.6_2003  2 0.8003 0.0612 0.0751 0.0635 
      H029.7  2 0.9606 0.0166 0.0120 0.0109 
      H030.1  2 0.1316 0.0163 0.0694 0.7827 
      H030.2  2 0.3399 0.1712 0.0286 0.4603 
      H038.1  2 0.8963 0.0723 0.0164 0.0150 
      H038.2  2 0.9637 0.0113 0.0123 0.0126 
      H038.3  2 0.8375 0.1227 0.0206 0.0192 
      H038.4  2 0.8391 0.1321 0.0112 0.0175 
      H038.5  2 0.8129 0.1542 0.0168 0.0161 
      H038.6  2 0.9556 0.0188 0.0153 0.0103 
      H038.7  2 0.9233 0.0460 0.0203 0.0103 
      H038.8  2 0.8157 0.1472 0.0125 0.0246 
      H041.1  2 0.6950 0.0670 0.0154 0.2226 
      H041.2  2 0.2159 0.1338 0.0123 0.6380 
      H041.4  2 0.6134 0.1211 0.0291 0.2365 
      H041.6  2 0.5669 0.0566 0.0217 0.3549 
 H042.1_2002  2 0.0252 0.0155 0.0331 0.9262 
 H042.1_2003  2 0.2657 0.3735 0.2201 0.1406 
 H042.2_2002  2 0.4028 0.0911 0.0358 0.4703 
 H042.2_2003  2 0.1086 0.0412 0.0695 0.7808 
 H042.3_2002  2 0.0179 0.0249 0.0352 0.9220 
 H042.3_2003  2 0.1649 0.1567 0.1016 0.5769 
 H042.4_2002  2 0.0522 0.0276 0.0176 0.9026 
 H042.4_2003  2 0.4469 0.0187 0.0493 0.4852 
      H042.5  2 0.0177 0.0075 0.0141 0.9607 
      H042.6  2 0.1280 0.0258 0.0296 0.8166 
      H042.7  2 0.0335 0.0176 0.0220 0.9269 
      H042.8  2 0.0195 0.0213 0.0174 0.9418 
   H042_2002  2 0.1868 0.4183 0.1956 0.1993 
   H042_2003  2 0.2115 0.3887 0.2076 0.1922 
      H043.1  2 0.0447 0.9225 0.0215 0.0114 
      H043.2  2 0.0421 0.8999 0.0395 0.0185 
      H043.3  2 0.1494 0.7801 0.0512 0.0193 
      H043.4  2 0.1441 0.7883 0.0458 0.0218 
      H043.5  2 0.0245 0.9544 0.0116 0.0095 
      H043.6  2 0.0470 0.9191 0.0158 0.0181 
      H043.7  2 0.0453 0.8611 0.0720 0.0216 
      H043.8  2 0.0798 0.8568 0.0403 0.0231 
      H043.9  2 0.1059 0.8604 0.0192 0.0146 
      H047.1  2 0.7404 0.0418 0.1973 0.0205 
      H047.2  2 0.9357 0.0150 0.0293 0.0201 
      H047.3  2 0.9197 0.0165 0.0363 0.0275 
      H047.4  2 0.8251 0.0314 0.0400 0.1035 
      H047.5  2 0.8186 0.0199 0.1095 0.0520 
      H047.6  2 0.6922 0.2081 0.0567 0.0430 
      H047.7  2 0.8060 0.0994 0.0541 0.0405 
      H047.8  2 0.7513 0.1104 0.0888 0.0495 
      H047.9  2 0.7523 0.0153 0.1878 0.0447 
 H071.1_2002  2 0.9626 0.0108 0.0135 0.0131 
 H071.1_2003  2 0.8216 0.0256 0.0448 0.1080 
     H071.10  2 0.9477 0.0248 0.0095 0.0180 
 H071.2_2002  2 0.9533 0.0179 0.0162 0.0125 
 H071.2_2003  2 0.9760 0.0064 0.0092 0.0084 
      H071.3  2 0.9152 0.0411 0.0190 0.0248 
 H071.4_2002  2 0.9017 0.0636 0.0185 0.0162 
 H071.4_2003  2 0.9625 0.0091 0.0190 0.0094 
 H071.5_2002  2 0.9673 0.0131 0.0097 0.0099 
 H071.5_2003  2 0.9086 0.0199 0.0538 0.0177 
 H071.6_2002  2 0.9528 0.0221 0.0126 0.0126 
 H071.6_2003  2 0.9541 0.0119 0.0171 0.0169 
 H071.7_2002  2 0.9696 0.0108 0.0120 0.0077 
 H071.7_2003  2 0.9121 0.0269 0.0426 0.0184 
      H071.8  2 0.9503 0.0218 0.0133 0.0146 
      H071.9  2 0.5474 0.3811 0.0179 0.0536 
 H081.1_2002  2 0.9776 0.0065 0.0098 0.0061 
 H081.1_2003  2 0.2693 0.5193 0.0770 0.1344 
 H081.2_2002  2 0.9716 0.0082 0.0108 0.0093 
 H081.2_2003  2 0.3027 0.1543 0.0420 0.5010 
 H081.3_2002  2 0.9554 0.0145 0.0160 0.0141 
 H081.3_2003  2 0.2335 0.4793 0.1197 0.1675 
 H081.4_2002  2 0.9517 0.0104 0.0237 0.0142 
 H081.4_2003  2 0.1893 0.1368 0.2988 0.3751 
 H081.5_2002  2 0.9635 0.0121 0.0130 0.0114 
 H081.5_2003  2 0.3975 0.1319 0.1867 0.2839 
      H081.6  2 0.9610 0.0100 0.0178 0.0111 
      H081.7  2 0.9676 0.0091 0.0107 0.0126 
      H081.8  2 0.8913 0.0555 0.0173 0.0359 
      H083.1  2 0.9630 0.0127 0.0096 0.0147 
      H083.2  2 0.9660 0.0116 0.0139 0.0085 
      H083.4  2 0.9594 0.0216 0.0090 0.0099 
      H083.5  2 0.9609 0.0173 0.0109 0.0109 
      H083.6  2 0.9661 0.0110 0.0097 0.0132 
      H083.7  2 0.9656 0.0163 0.0087 0.0095 
      H083.8  2 0.9679 0.0120 0.0136 0.0065 
      H083.9  2 0.9724 0.0088 0.0083 0.0105 
      H084.1  2 0.0231 0.3891 0.0157 0.5721 
      H084.2  2 0.0208 0.6182 0.0207 0.3403 
      H084.3  2 0.0260 0.5215 0.0254 0.4271 
      H084.4  2 0.0207 0.6377 0.0169 0.3247 
      H084.5  2 0.0217 0.3548 0.0122 0.6112 
      H084.6  2 0.0239 0.5767 0.0129 0.3865 
      H084.7  2 0.0279 0.1763 0.0260 0.7698 
      H084.8  2 0.0114 0.2068 0.0113 0.7705 
 H085.1_2002  2 0.9288 0.0335 0.0156 0.0221 
 H085.1_2003  2 0.9339 0.0325 0.0097 0.0239 
 H085.2_2002  2 0.7930 0.0540 0.0301 0.1229 
 H085.2_2003  2 0.9375 0.0249 0.0165 0.0211 
 H085.3_2002  2 0.7509 0.0230 0.0666 0.1596 
 H085.3_2003  2 0.9407 0.0119 0.0290 0.0184 
 H085.4_2002  2 0.8473 0.0518 0.0312 0.0697 
 H085.4_2003  2 0.7796 0.0165 0.0221 0.1818 
 H085.5_2002  2 0.7026 0.0289 0.1834 0.0851 
 H085.5_2003  2 0.9640 0.0102 0.0127 0.0131 
 H085.6_2002  2 0.8487 0.0602 0.0425 0.0486 
 H085.6_2003  2 0.3136 0.0546 0.3139 0.3179 
 H085.7_2002  2 0.8918 0.0196 0.0384 0.0502 
 H085.7_2003  2 0.9167 0.0308 0.0289 0.0236 
 H085.8_2002  2 0.4858 0.0674 0.1337 0.3131 
 H085.8_2003  2 0.7810 0.0435 0.0387 0.1369 
      H085.9  2 0.8831 0.0290 0.0432 0.0447 
      H088.1  2 0.0363 0.0217 0.0556 0.8864 
      H088.2  2 0.0271 0.0187 0.0320 0.9221 
      H088.3  2 0.0156 0.0168 0.0203 0.9473 
      H088.4  2 0.0142 0.0306 0.0227 0.9325 
      H088.5  2 0.0107 0.0122 0.0140 0.9631 
      H088.6  2 0.0133 0.0186 0.0184 0.9496 
      H088.7  2 0.2484 0.1111 0.0314 0.6091 
      H088.8  2 0.1154 0.0947 0.0523 0.7377 
      H091.1  2 0.0813 0.0288 0.0169 0.8731 
      H091.2  2 0.1123 0.0165 0.0145 0.8568 
      H109.1  2 0.0595 0.8908 0.0175 0.0323 
      H109.2  2 0.1322 0.4690 0.0601 0.3387 
      H109.3  2 0.0866 0.5079 0.0676 0.3379 
      H109.4  2 0.0265 0.8476 0.0314 0.0945 
      H109.5  2 0.1050 0.0375 0.0327 0.8248 
      H109.6  2 0.0397 0.7366 0.0720 0.1517 
      H126.1  2 0.0355 0.3441 0.5880 0.0324 
      H126.2  2 0.6555 0.1766 0.1528 0.0151 
      H126.3  2 0.5984 0.3399 0.0318 0.0298 
      H126.4  2 0.1018 0.2314 0.6330 0.0337 
      H126.5  2 0.1762 0.0385 0.7714 0.0139 
      H126.6  2 0.9405 0.0379 0.0144 0.0072 
      H126.7  2 0.9449 0.0116 0.0278 0.0157 
      H130.1  2 0.0567 0.0409 0.6126 0.2898 
      H130.2  2 0.5551 0.0714 0.0982 0.2753 
      H130.3  2 0.2035 0.0206 0.6853 0.0906 
      H130.4  2 0.0517 0.2500 0.6016 0.0967 
      H130.5  2 0.5529 0.0199 0.0720 0.3553 
      H133.1  2 0.0965 0.7801 0.0693 0.0541 
      H133.2  2 0.0858 0.6216 0.1007 0.1919 
      H133.3  2 0.1102 0.7521 0.0584 0.0793 
      H133.4  2 0.0447 0.8737 0.0553 0.0263 
      H133.5  2 0.0794 0.7282 0.1435 0.0490 
      H133.6  2 0.1455 0.4217 0.1684 0.2644 
      H133.7  2 0.0679 0.8174 0.0438 0.0709 
      H133.8  2 0.0677 0.8100 0.0632 0.0591 
      H133.9  2 0.0841 0.7710 0.0949 0.0500 
      H147.1  2 0.6330 0.0439 0.0170 0.3062 
      H147.2  2 0.9671 0.0090 0.0094 0.0145 
      H147.3  2 0.9597 0.0090 0.0144 0.0169 
      H147.4  2 0.9504 0.0146 0.0171 0.0179 
      H147.5  2 0.7989 0.0137 0.0453 0.1420 
      H147.6  2 0.7275 0.0281 0.0526 0.1918 
      H147.7  2 0.9355 0.0197 0.0187 0.0261 
      H147.8  2 0.9167 0.0239 0.0099 0.0495 
      H147.9  2 0.9548 0.0111 0.0142 0.0200 
      H148.1  2 0.0296 0.7650 0.0648 0.1405 
      H148.2  2 0.0506 0.8029 0.0417 0.1049 
      H148.3  2 0.0384 0.3046 0.0518 0.6052 
      H148.4  2 0.0354 0.7343 0.0809 0.1494 
      H148.5  2 0.0318 0.3853 0.0785 0.5044 
      H148.6  2 0.0575 0.7138 0.0325 0.1962 
      H148.7  2 0.0164 0.6916 0.1007 0.1914 
      H148.8  2 0.0280 0.3300 0.1028 0.5391 
      H148.9  2 0.0214 0.8168 0.0970 0.0648 
   H166022.1  2 0.0647 0.0126 0.0105 0.9122 
   H166022.2  2 0.1238 0.0294 0.0341 0.8127 
   H166022.3  2 0.0355 0.0134 0.0271 0.9241 
   H166022.4  2 0.0187 0.0129 0.0185 0.9499 
   H166022.5  2 0.0543 0.0123 0.0187 0.9148 
   H166022.6  2 0.0234 0.0222 0.0298 0.9246 
   H166022.7  2 0.0124 0.9599 0.0170 0.0107 
   H166022.8  2 0.3599 0.0345 0.1192 0.4864 
   H167397.1  2 0.0261 0.8835 0.0152 0.0752 
   H167397.2  2 0.0778 0.8672 0.0269 0.0280 
   H167397.3  2 0.0146 0.9573 0.0097 0.0184 
   H167397.4  2 0.0749 0.8569 0.0159 0.0523 
   H167397.5  2 0.0219 0.9351 0.0133 0.0297 
   H167397.6  2 0.0263 0.9424 0.0124 0.0189 
   H167496.1  2 0.0456 0.0192 0.0837 0.8515 
   H167496.2  2 0.1397 0.3506 0.1476 0.3620 
   H167496.3  2 0.5389 0.0176 0.2195 0.2239 
   H167496.4  2 0.0561 0.0110 0.0180 0.9149 
   H167496.6  2 0.0840 0.0268 0.0635 0.8257 
   H167496.7  2 0.0744 0.0254 0.4375 0.4627 
   H167496.8  2 0.0901 0.0202 0.0432 0.8465 
   H167513.1  2 0.0806 0.8197 0.0713 0.0284 
   H167513.2  2 0.0286 0.7012 0.1336 0.1367 
   H167513.3  2 0.0901 0.1644 0.6139 0.1317 
   H167513.4  2 0.2463 0.4532 0.1048 0.1956 
   H167513.5  2 0.0344 0.8643 0.0365 0.0648 
   H167513.6  2 0.1025 0.4485 0.1698 0.2793 
   H167513.7  2 0.1675 0.7088 0.0781 0.0456 
   H167513.8  2 0.0224 0.8732 0.0777 0.0266 
   H167547.1  2 0.0236 0.1825 0.2788 0.5151 
   H167547.2  2 0.0230 0.0484 0.0327 0.8960 
   H167547.3  2 0.0230 0.0340 0.0249 0.9181 
   H167547.4  2 0.0569 0.1582 0.1708 0.6141 
   H167547.5  2 0.0120 0.0114 0.0107 0.9659 
   H167547.6  2 0.0101 0.0105 0.0101 0.9693 
   H167547.7  2 0.1423 0.2462 0.4362 0.1753 
   H169750.1  2 0.0635 0.1020 0.7484 0.0861 
   H169750.2  2 0.1186 0.5666 0.1292 0.1856 
   H169750.3  2 0.1213 0.0740 0.4876 0.3171 
   H169750.4  2 0.0303 0.7145 0.2107 0.0446 
   H169750.5  2 0.3109 0.2766 0.2155 0.1970 
   H169750.6  2 0.6051 0.1166 0.1020 0.1764 
   H169750.7  2 0.1178 0.3887 0.4163 0.0772 
   H171929.1  2 0.0355 0.8683 0.0396 0.0567 
  H171929.10  2 0.1572 0.3810 0.0647 0.3972 
  H171929.11  2 0.0359 0.8270 0.0590 0.0781 
   H171929.2  2 0.0589 0.6353 0.2067 0.0992 
   H171929.3  2 0.0567 0.8006 0.0361 0.1066 
   H171929.4  2 0.2982 0.0298 0.4329 0.2391 
   H171929.5  2 0.0199 0.8902 0.0570 0.0329 
   H171929.6  2 0.0138 0.9417 0.0226 0.0218 
   H171929.7  2 0.1791 0.2060 0.5734 0.0415 
   H171929.8  2 0.0819 0.1663 0.6454 0.1064 
   H171929.9  2 0.3494 0.0497 0.4645 0.1365 
   H171930.1  2 0.0263 0.3682 0.2968 0.3087 
   H171930.2  2 0.0274 0.0433 0.1554 0.7738 
   H171930.3  2 0.0192 0.3649 0.1106 0.5053 
   H171930.4  2 0.0160 0.0725 0.0815 0.8300 
   H171930.5  2 0.0668 0.1855 0.4900 0.2577 
   H171930.6  2 0.0706 0.0753 0.2081 0.6461 
   H171930.7  2 0.0271 0.7479 0.0411 0.1839 
   H171930.8  2 0.0187 0.6719 0.0351 0.2743 
   H171933.1  2 0.4866 0.0582 0.0414 0.4139 
   H171933.2  2 0.5866 0.1462 0.0236 0.2436 
   H171933.3  2 0.1786 0.0266 0.0376 0.7571 
   H171933.4  2 0.1781 0.0170 0.3548 0.4502 
   H171933.5  2 0.0292 0.0348 0.6941 0.2419 
   H171933.6  2 0.8615 0.0131 0.0147 0.1106 
   H171933.7  2 0.4963 0.0234 0.0444 0.4359 
   H171933.8  2 0.5485 0.0962 0.0839 0.2713 
   H171933.9  2 0.3814 0.0108 0.1586 0.4492 
      H190.1  2 0.0655 0.0273 0.5223 0.3849 
      H190.2  2 0.0371 0.0333 0.0497 0.8800 
      H190.3  2 0.0373 0.0344 0.0789 0.8495 
      H190.4  2 0.0515 0.0366 0.4582 0.4536 
      H190.5  2 0.1199 0.0580 0.0828 0.7392 
      H190.6  2 0.0442 0.0289 0.3768 0.5501 
      H190.7  2 0.0332 0.0250 0.3385 0.6033 
      H190.8  2 0.1096 0.0352 0.3642 0.4910 
      H190.9  2 0.0522 0.1357 0.1794 0.6326 
      H400.1  2 0.0825 0.0662 0.0270 0.8243 
      H400.2  2 0.2301 0.0324 0.0090 0.7284 
      H400.3  2 0.1055 0.0752 0.0333 0.7860 
      H400.4  2 0.0333 0.0185 0.0136 0.9345 
      H400.5  2 0.2963 0.0553 0.0587 0.5898 
      H400.6  2 0.0650 0.0162 0.0163 0.9025 
      H400.7  2 0.0353 0.0170 0.0233 0.9244 
 H428.1_2005  2 0.9588 0.0167 0.0125 0.0120 
 H428.1_2006  2 0.9638 0.0109 0.0136 0.0117 
 H428.2_2005  2 0.8123 0.0823 0.0225 0.0829 
 H428.2_2006  2 0.9650 0.0090 0.0097 0.0163 
 H428.3_2005  2 0.9575 0.0093 0.0150 0.0182 
 H428.3_2006  2 0.9499 0.0152 0.0147 0.0202 
 H428.4_2005  2 0.9082 0.0268 0.0241 0.0409 
 H428.4_2006  2 0.9765 0.0065 0.0079 0.0092 
 H428.5_2005  2 0.9562 0.0206 0.0090 0.0142 
 H428.6_2005  2 0.9481 0.0114 0.0281 0.0124 
 H428.6_2006  2 0.9646 0.0120 0.0150 0.0084 
      H428.7  2 0.9695 0.0084 0.0089 0.0132 
      H428.8  2 0.9538 0.0144 0.0143 0.0174 
      H428.9  2 0.9296 0.0240 0.0118 0.0346 
      H453.1  2 0.2546 0.0229 0.0237 0.6989 
      H453.2  2 0.0323 0.0161 0.0206 0.9311 
      H453.3  2 0.0787 0.0069 0.0333 0.8810 
      H453.4  2 0.0556 0.0092 0.0171 0.9180 
      H453.5  2 0.1545 0.0099 0.0141 0.8215 
      H453.6  2 0.2173 0.0096 0.0101 0.7629 
      H453.7  2 0.6773 0.0209 0.1001 0.2016 
      H453.8  2 0.3584 0.0397 0.1808 0.4211 
      H453.9  2 0.9235 0.0105 0.0202 0.0458 
      H512.1  2 0.6658 0.0142 0.0748 0.2452 
     H512.10  2 0.6765 0.1374 0.1141 0.0719 
      H512.2  2 0.5938 0.0340 0.1316 0.2407 
      H512.3  2 0.2486 0.0993 0.5126 0.1395 
      H512.4  2 0.6901 0.0364 0.0287 0.2448 
      H512.5  2 0.1314 0.1753 0.6066 0.0867 
      H512.6  2 0.0993 0.0273 0.4209 0.4525 
      H512.7  2 0.2049 0.1782 0.5148 0.1022 
      H512.8  2 0.1084 0.0384 0.2400 0.6132 
      H512.9  2 0.4916 0.1052 0.3546 0.0485 
      H513.1  2 0.9388 0.0244 0.0102 0.0267 
      H513.2  2 0.9175 0.0255 0.0101 0.0469 
      H513.3  2 0.9447 0.0151 0.0155 0.0246 
      H513.4  2 0.8385 0.0120 0.0153 0.1341 
      H513.5  2 0.9602 0.0134 0.0117 0.0147 
      H513.6  2 0.4841 0.3753 0.0348 0.1058 
      H532.1  2 0.9231 0.0448 0.0143 0.0178 
      H532.2  2 0.6391 0.0172 0.0202 0.3235 
      H532.3  2 0.4764 0.0163 0.0637 0.4435 
      H532.4  2 0.9531 0.0139 0.0174 0.0156 
      H532.5  2 0.9085 0.0316 0.0197 0.0403 
      H532.6  2 0.9008 0.0265 0.0351 0.0376 
      H532.7  2 0.9413 0.0127 0.0225 0.0235 
      H532.8  2 0.9222 0.0210 0.0224 0.0344 
      H543.1  2 0.0081 0.9698 0.0079 0.0142 
      H543.2  2 0.0285 0.9217 0.0134 0.0363 
      H543.3  2 0.0197 0.9472 0.0156 0.0175 
      H543.4  2 0.0095 0.9671 0.0098 0.0136 
      H543.5  2 0.0083 0.9741 0.0068 0.0108 
      H543.6  2 0.0135 0.9570 0.0115 0.0180 
      H543.7  2 0.0070 0.9752 0.0083 0.0095 
      H543.8  2 0.0659 0.8955 0.0130 0.0256 
      H543.9  2 0.0176 0.9587 0.0096 0.0141 
 H545.1_2005  2 0.0070 0.9815 0.0064 0.0050 
 H545.1_2006  2 0.0145 0.9680 0.0086 0.0089 
 H545.2_2005  2 0.0120 0.9670 0.0118 0.0092 
 H545.2_2006  2 0.0142 0.9691 0.0066 0.0101 
 H545.3_2005  2 0.0111 0.9506 0.0215 0.0168 
 H545.3_2006  2 0.0120 0.9768 0.0051 0.0061 
 H545.4_2005  2 0.0137 0.9571 0.0155 0.0138 
 H545.4_2006  2 0.0075 0.9751 0.0087 0.0086 
 H545.5_2005  2 0.0170 0.9691 0.0066 0.0074 
 H545.5_2006  2 0.0208 0.9519 0.0145 0.0128 
 H545.6_2005  2 0.0074 0.9800 0.0061 0.0064 
 H545.6_2006  2 0.0075 0.9717 0.0103 0.0104 
 H545.7_2005  2 0.0152 0.9714 0.0061 0.0073 
 H545.7_2006  2 0.0102 0.9734 0.0072 0.0091 
 H545.8_2005  2 0.0274 0.9468 0.0112 0.0146 
 H545.8_2006  2 0.0112 0.9714 0.0096 0.0078 
      H545.9  2 0.0118 0.9646 0.0122 0.0114 
      H547.1  2 0.0159 0.0185 0.0245 0.9411 
      H547.2  2 0.0280 0.0238 0.0148 0.9334 
      H547.3  2 0.0140 0.0236 0.0986 0.8638 
      H547.4  2 0.0292 0.0276 0.0383 0.9049 
      H547.5  2 0.0091 0.0082 0.0149 0.9678 
      H547.6  2 0.0112 0.0232 0.0113 0.9543 
      H547.7  2 0.0168 0.0425 0.0587 0.8820 
      H547.8  2 0.0139 0.0172 0.0194 0.9495 
      H548.1  2 0.0084 0.9737 0.0092 0.0087 
      H548.2  2 0.0108 0.9645 0.0142 0.0105 
      H548.3  2 0.0097 0.9691 0.0102 0.0110 
      H548.4  2 0.0264 0.9427 0.0190 0.0120 
      H548.5  2 0.0080 0.9760 0.0090 0.0070 
      H548.6  2 0.0077 0.9744 0.0117 0.0062 
      H548.7  2 0.0103 0.9732 0.0074 0.0091 
      H548.8  2 0.0093 0.9704 0.0112 0.0091 
      H548.9  2 0.0141 0.9472 0.0151 0.0235 
     H7389.1  2 0.8854 0.0128 0.0157 0.0861 
     H7389.2  2 0.8369 0.0450 0.0115 0.1066 
     H7389.3  2 0.9061 0.0147 0.0105 0.0687 
     H7389.4  2 0.9571 0.0216 0.0091 0.0122 
     H7389.5  2 0.9068 0.0335 0.0369 0.0228 
     H7389.6  2 0.8970 0.0551 0.0208 0.0271 
     H7389.7  2 0.8773 0.0311 0.0136 0.0780 
     H7389.8  2 0.5913 0.3499 0.0351 0.0237 
     H7389.9  2 0.9240 0.0494 0.0110 0.0155 
      H747.1  2 0.1454 0.0496 0.6802 0.1248 
      H747.2  2 0.0202 0.1138 0.8466 0.0194 
      H747.3  2 0.0303 0.0336 0.8608 0.0754 
      H747.4  2 0.0403 0.1146 0.7144 0.1307 
      H747.5  2 0.0182 0.0629 0.8864 0.0325 
      H747.6  2 0.0264 0.7634 0.1588 0.0514 
      H747.7  2 0.0323 0.0781 0.8495 0.0401 
     H7484.1  2 0.9508 0.0154 0.0176 0.0161 
     H7484.2  2 0.4939 0.0979 0.1708 0.2374 
     H7484.3  2 0.5389 0.0984 0.2566 0.1060 
     H7484.4  2 0.8120 0.0346 0.0753 0.0782 
     H7484.5  2 0.6645 0.1589 0.1050 0.0716 
     H7484.6  2 0.2325 0.0552 0.6297 0.0825 
     H7484.7  2 0.6898 0.0326 0.2627 0.0149 
     H7484.8  2 0.9305 0.0213 0.0265 0.0217 
     H7485.1  2 0.0197 0.9558 0.0123 0.0122 
     H7485.2  2 0.0113 0.9738 0.0059 0.0090 
     H7485.3  2 0.0074 0.9784 0.0066 0.0077 
     H7485.4  2 0.0107 0.9761 0.0062 0.0070 
     H7485.5  2 0.0181 0.9597 0.0101 0.0121 
     H7485.6  2 0.0287 0.9489 0.0117 0.0107 
     H7485.7  2 0.0102 0.9720 0.0077 0.0101 
     H7496.1  2 0.4361 0.0170 0.0657 0.4812 
    H7496.10  2 0.0491 0.0141 0.0169 0.9199 
    H7496.11  2 0.0373 0.9359 0.0101 0.0167 
     H7496.2  2 0.0405 0.0209 0.0214 0.9172 
     H7496.3  2 0.6888 0.0256 0.0606 0.2250 
     H7496.4  2 0.0147 0.0124 0.0125 0.9604 
     H7496.5  2 0.0303 0.0161 0.0383 0.9153 
     H7496.6  2 0.0582 0.0153 0.0742 0.8523 
     H7496.7  2 0.0382 0.0186 0.0189 0.9243 
     H7496.8  2 0.0726 0.0664 0.0534 0.8076 
        UNK4  2 0.1206 0.6528 0.0965 0.1301 
        UNK5  2 0.8005 0.1339 0.0121 0.0535 
        UNK6  2 0.3831 0.2930 0.0608 0.2631 
        UNK7  2 0.7994 0.1568 0.0115 0.0324 
        UNK8  2 0.4367 0.5147 0.0169 0.0316 
        UNK9  2 0.4840 0.4392 0.0181 0.0587 
      H009.1  4 0.0126 0.0122 0.9608 0.0144 
      H009.2  4 0.0083 0.0112 0.9683 0.0123 
      H009.3  4 0.0168 0.0154 0.9563 0.0115 
      H009.4  4 0.0150 0.0150 0.9573 0.0127 
      H009.5  4 0.0153 0.0336 0.9394 0.0117 
      H009.6  4 0.0155 0.0157 0.9457 0.0231 
      H046.4  4 0.2660 0.1276 0.5405 0.0660 
      H046.8  4 0.0743 0.2141 0.5171 0.1945 
 H076.1_2002  4 0.0073 0.0105 0.0082 0.9740 
 H076.1_2003  4 0.0085 0.0156 0.0108 0.9651 
 H076.1_2004  4 0.0089 0.0154 0.0096 0.9661 
 H076.2_2002  4 0.0093 0.0090 0.0096 0.9722 
 H076.2_2003  4 0.0076 0.0162 0.0106 0.9657 
 H076.2_2004  4 0.0177 0.0207 0.0605 0.9011 
 H076.3_2002  4 0.0273 0.0215 0.5956 0.3555 
 H076.3_2003  4 0.0079 0.0253 0.0104 0.9564 
 H076.3_2004  4 0.0121 0.0147 0.0112 0.9619 
 H076.4_2002  4 0.0390 0.0387 0.0948 0.8275 
 H076.4_2003  4 0.0080 0.0158 0.0208 0.9554 
 H076.4_2004  4 0.0188 0.0262 0.1680 0.7869 
 H076.5_2002  4 0.0121 0.0086 0.0103 0.9690 
 H076.5_2003  4 0.0113 0.1101 0.0157 0.8628 
 H076.5_2004  4 0.0353 0.0252 0.0312 0.9082 
 H076.6_2002  4 0.0185 0.0544 0.0151 0.9121 
 H076.6_2003  4 0.0065 0.0137 0.0085 0.9714 
 H076.6_2004  4 0.0123 0.0147 0.0235 0.9495 
 H076.7_2002  4 0.0337 0.0596 0.6171 0.2896 
 H076.7_2003  4 0.0132 0.0254 0.0442 0.9172 
 H076.7_2004  4 0.0142 0.0207 0.0484 0.9167 
      H477.1  4 0.0335 0.0673 0.6010 0.2982 
      H477.2  4 0.0551 0.0238 0.8447 0.0763 
      H477.3  4 0.1495 0.2064 0.5585 0.0857 
      H477.4  4 0.0381 0.4634 0.3618 0.1367 
      H477.5  4 0.0762 0.2384 0.5982 0.0871 
      H477.6  4 0.0899 0.1484 0.7382 0.0235 
      H477.7  4 0.0160 0.6901 0.0865 0.2074 
 H479.1_2005  4 0.9444 0.0154 0.0311 0.0091 
 H479.1_2006  4 0.2639 0.0436 0.6369 0.0556 
     H479.10  4 0.5938 0.1752 0.1340 0.0970 
 H479.2_2005  4 0.8575 0.0837 0.0246 0.0342 
 H479.2_2006  4 0.4434 0.0223 0.5235 0.0109 
 H479.3_2005  4 0.8597 0.0159 0.0891 0.0353 
 H479.3_2006  4 0.5685 0.0179 0.3162 0.0974 
 H479.4_2005  4 0.6683 0.0924 0.2050 0.0342 
 H479.4_2006  4 0.8785 0.0317 0.0520 0.0377 
 H479.5_2005  4 0.8450 0.0866 0.0411 0.0273 
 H479.5_2006  4 0.6207 0.0294 0.3199 0.0300 
 H479.6_2005  4 0.1905 0.2389 0.0556 0.5150 
 H479.6_2006  4 0.9363 0.0310 0.0149 0.0177 
 H479.7_2005  4 0.8431 0.0373 0.0384 0.0812 
 H479.7_2006  4 0.6486 0.0987 0.1089 0.1438 
 H479.8_2005  4 0.9098 0.0297 0.0269 0.0336 
 H479.8_2006  4 0.0595 0.6030 0.2473 0.0903 
      H479.9  4 0.1091 0.0265 0.8333 0.0311 
      H516.1  4 0.0198 0.0315 0.8791 0.0695 
      H516.2  4 0.0179 0.0228 0.9449 0.0144 
      H516.3  4 0.0110 0.0183 0.9585 0.0122 
      H516.4  4 0.0119 0.0265 0.9452 0.0165 
      H516.5  4 0.0117 0.0180 0.9489 0.0214 
      H516.6  4 0.0119 0.0285 0.9513 0.0082 
      H516.7  4 0.0320 0.0191 0.9027 0.0462 
      H516.8  4 0.0090 0.0189 0.9577 0.0144 
      H516.9  4 0.0226 0.0179 0.9419 0.0176 
      H646.1  4 0.0257 0.0117 0.8938 0.0688 
      H646.2  4 0.0147 0.0109 0.9047 0.0697 
      H646.3  4 0.0148 0.0092 0.9608 0.0152 
      H646.4  4 0.0234 0.0126 0.5592 0.4048 
      H646.5  4 0.0146 0.0104 0.9217 0.0533 
      H658.1  4 0.0124 0.0442 0.9272 0.0162 
     H658.10  4 0.0116 0.0136 0.9611 0.0137 
      H658.2  4 0.0158 0.0279 0.9277 0.0286 
      H658.3  4 0.0366 0.0249 0.9204 0.0181 
      H658.4  4 0.0382 0.0215 0.9286 0.0117 
      H658.5  4 0.0187 0.0079 0.9645 0.0089 
      H658.6  4 0.0141 0.0103 0.9556 0.0200 
      H658.7  4 0.0134 0.0339 0.9172 0.0355 
      H658.8  4 0.0085 0.0454 0.9276 0.0185 
      H658.9  4 0.0160 0.0185 0.9455 0.0200 
      H682.1  4 0.6099 0.0648 0.1188 0.2065 
      H682.6  4 0.3114 0.0805 0.4490 0.1592 
      H720.1  4 0.0621 0.0114 0.0548 0.8717 
      H720.2  4 0.1437 0.0122 0.3882 0.4559 
      H720.3  4 0.0564 0.0326 0.0560 0.8550 
      H720.4  4 0.0785 0.0306 0.7600 0.1308 
      H720.5  4 0.0525 0.2304 0.0791 0.6380 
      H720.6  4 0.0572 0.1907 0.0748 0.6772 
      H720.7  4 0.7316 0.0328 0.1780 0.0576 
      H720.8  4 0.2515 0.0153 0.0252 0.7080 
      H720.9  4 0.4301 0.0495 0.4380 0.0824 
      H724.1  4 0.0188 0.0384 0.0196 0.9232 
      H724.2  4 0.0149 0.0191 0.0250 0.9409 
      H724.3  4 0.1470 0.0197 0.5773 0.2560 
      H724.4  4 0.0342 0.0565 0.1437 0.7657 
      H724.5  4 0.2763 0.0162 0.5639 0.1436 
      H724.6  4 0.0156 0.0242 0.0194 0.9408 
      H725.1  4 0.4380 0.0490 0.4332 0.0798 
      H725.2  4 0.2000 0.0771 0.6885 0.0345 
      H725.3  4 0.1147 0.2052 0.6562 0.0239 
      H725.4  4 0.4116 0.2866 0.1513 0.1505 
      H725.5  4 0.1382 0.0605 0.3123 0.4890 
      H725.6  4 0.0217 0.0846 0.8429 0.0509 
      H725.7  4 0.3234 0.0745 0.5636 0.0385 
      H725.8  4 0.0229 0.5766 0.3578 0.0427 
      H726.1  4 0.0069 0.0154 0.9676 0.0102 
      H726.2  4 0.0202 0.0156 0.9474 0.0168 
      H726.3  4 0.0152 0.0237 0.9416 0.0195 
      H726.4  4 0.0134 0.0219 0.9553 0.0094 
      H726.5  4 0.0141 0.0155 0.9568 0.0136 
        UNK1  4 0.1425 0.0838 0.7268 0.0469 
        UNK2  4 0.2035 0.0535 0.6978 0.0452 
        UNK3  4 0.1372 0.0230 0.8143 0.0255 
      H016.1  5 0.0241 0.9223 0.0195 0.0342 
      H016.2  5 0.2938 0.6736 0.0131 0.0194 
      H016.3  5 0.0202 0.4599 0.3768 0.1431 
      H016.4  5 0.3372 0.6098 0.0149 0.0382 
 H017.1_2002  5 0.0169 0.0145 0.8919 0.0767 
 H017.1_2003  5 0.0150 0.5260 0.3218 0.1372 
 H017.2_2002  5 0.0465 0.0603 0.4430 0.4503 
 H017.2_2003  5 0.0150 0.0341 0.9344 0.0165 
 H017.3_2002  5 0.0212 0.8177 0.1379 0.0232 
 H017.3_2003  5 0.0216 0.3193 0.4275 0.2316 
 H017.4_2002  5 0.1003 0.6286 0.1247 0.1464 
 H017.4_2003  5 0.0128 0.3063 0.6714 0.0096 
 H017.5_2002  5 0.0094 0.9381 0.0372 0.0154 
 H017.5_2003  5 0.0108 0.0292 0.9501 0.0098 
 H017.6_2002  5 0.0338 0.0429 0.0579 0.8654 
 H017.6_2003  5 0.0096 0.0094 0.9461 0.0349 
 H017.7_2002  5 0.0696 0.5954 0.0883 0.2468 
 H017.7_2003  5 0.0113 0.0175 0.9636 0.0076 
      H017.8  5 0.0298 0.1198 0.7454 0.1049 
      H017.9  5 0.1735 0.4611 0.2082 0.1572 
      H032.1  5 0.0152 0.1477 0.8129 0.0242 
      H032.2  5 0.0138 0.1227 0.8507 0.0128 
      H032.3  5 0.0248 0.0476 0.8973 0.0303 
      H032.4  5 0.0140 0.1313 0.8440 0.0108 
      H032.5  5 0.0127 0.0204 0.9487 0.0181 
      H032.6  5 0.0113 0.0172 0.9529 0.0185 
      H032.7  5 0.0102 0.2565 0.6687 0.0646 
 H034.1_2002  5 0.0420 0.0927 0.7376 0.1276 
 H034.1_2003  5 0.0186 0.0840 0.7362 0.1612 
 H034.2_2002  5 0.0926 0.2748 0.5976 0.0350 
 H034.2_2003  5 0.0441 0.0784 0.7336 0.1438 
 H034.3_2002  5 0.0887 0.3100 0.5663 0.0350 
 H034.3_2003  5 0.0420 0.0393 0.7331 0.1856 
 H034.4_2002  5 0.1403 0.3435 0.1673 0.3489 
 H034.4_2003  5 0.0117 0.0642 0.9000 0.0241 
 H034.5_2002  5 0.0210 0.3032 0.6322 0.0436 
 H034.5_2003  5 0.0242 0.1690 0.7578 0.0489 
 H034.6_2002  5 0.0860 0.3968 0.4898 0.0274 
 H034.6_2003  5 0.0148 0.0538 0.9113 0.0201 
 H034.7_2002  5 0.0416 0.0472 0.8597 0.0514 
 H034.7_2003  5 0.0185 0.1083 0.8558 0.0175 
 H034.8_2002  5 0.0385 0.1109 0.4889 0.3617 
 H034.8_2003  5 0.0118 0.1548 0.8042 0.0292 
      H034.9  5 0.2266 0.1608 0.5590 0.0535 
      H048.1  5 0.1510 0.1449 0.6858 0.0183 
      H048.2  5 0.4954 0.2022 0.1182 0.1841 
      H048.3  5 0.0631 0.1835 0.0591 0.6943 
      H048.4  5 0.3060 0.2676 0.0783 0.3481 
      H048.5  5 0.4055 0.1077 0.4615 0.0252 
      H048.6  5 0.3185 0.1932 0.0799 0.4083 
      H048.7  5 0.1864 0.2891 0.4630 0.0615 
      H048.8  5 0.1036 0.3367 0.4072 0.1525 
      H060.1  5 0.0261 0.9215 0.0371 0.0153 
     H060.10  5 0.0122 0.6942 0.2686 0.0251 
      H060.2  5 0.0438 0.6193 0.2754 0.0615 
      H060.3  5 0.0168 0.3767 0.5864 0.0200 
      H060.4  5 0.0225 0.8881 0.0641 0.0253 
      H060.5  5 0.0173 0.9126 0.0495 0.0206 
      H060.6  5 0.0174 0.9145 0.0524 0.0157 
      H060.7  5 0.0446 0.4859 0.1502 0.3194 
      H060.8  5 0.0585 0.6986 0.1528 0.0902 
      H060.9  5 0.0205 0.7657 0.1951 0.0188 
 H070.1_2002  5 0.5107 0.1887 0.1155 0.1851 
 H070.1_2003  5 0.0635 0.1779 0.7142 0.0444 
 H070.1_2004  5 0.0179 0.0910 0.3668 0.5242 
 H070.2_2002  5 0.1187 0.0737 0.3259 0.4817 
 H070.2_2003  5 0.0802 0.3773 0.4373 0.1052 
 H070.2_2004  5 0.0132 0.0351 0.7014 0.2502 
 H070.3_2002  5 0.3175 0.1200 0.5119 0.0506 
 H070.3_2003  5 0.0184 0.0717 0.8957 0.0142 
 H070.3_2004  5 0.0836 0.2662 0.5890 0.0612 
 H070.4_2002  5 0.0460 0.0219 0.8621 0.0700 
 H070.4_2003  5 0.0447 0.1602 0.7326 0.0625 
 H070.4_2004  5 0.2694 0.0458 0.6147 0.0702 
 H070.5_2002  5 0.7686 0.1248 0.0862 0.0204 
 H070.5_2003  5 0.0357 0.0790 0.8716 0.0137 
 H070.5_2004  5 0.0336 0.2145 0.3949 0.3569 
 H070.6_2002  5 0.6089 0.0761 0.2945 0.0205 
 H070.6_2003  5 0.0143 0.0276 0.8570 0.1011 
 H070.6_2004  5 0.0932 0.0622 0.5954 0.2492 
      H077.1  5 0.0398 0.1263 0.8082 0.0257 
      H077.2  5 0.0586 0.4388 0.4895 0.0131 
      H077.3  5 0.0685 0.0653 0.6743 0.1919 
      H077.4  5 0.0327 0.0799 0.8435 0.0440 
      H077.5  5 0.0253 0.7288 0.1963 0.0496 
      H077.6  5 0.0173 0.3949 0.5757 0.0120 
      H097.1  5 0.1271 0.1247 0.1203 0.6280 
      H097.2  5 0.0180 0.0206 0.0164 0.9450 
      H097.3  5 0.0244 0.0293 0.3574 0.5889 
      H097.4  5 0.0404 0.0137 0.1480 0.7980 
      H097.5  5 0.0161 0.0226 0.4386 0.5227 
      H097.6  5 0.0229 0.0221 0.0261 0.9290 
      H097.7  5 0.0402 0.0182 0.0999 0.8417 
      H124.1  5 0.7194 0.0420 0.1896 0.0489 
      H124.2  5 0.1389 0.6741 0.1642 0.0228 
      H124.3  5 0.5571 0.3906 0.0329 0.0194 
      H124.4  5 0.2349 0.3814 0.3496 0.0342 
      H124.5  5 0.2167 0.6691 0.0756 0.0385 
      H132.1  5 0.4944 0.2593 0.1473 0.0990 
      H132.2  5 0.0590 0.2558 0.0425 0.6427 
      H132.3  5 0.1054 0.7232 0.0975 0.0739 
      H132.4  5 0.4514 0.1037 0.1588 0.2861 
      H132.5  5 0.1201 0.6321 0.0436 0.2042 
      H132.6  5 0.1603 0.6073 0.0305 0.2019 
      H132.7  5 0.5164 0.2821 0.0690 0.1325 
      H155.1  5 0.8328 0.1314 0.0182 0.0175 
      H155.2  5 0.8616 0.0671 0.0465 0.0248 
      H155.3  5 0.9465 0.0179 0.0228 0.0127 
      H155.4  5 0.9061 0.0596 0.0103 0.0240 
      H155.5  5 0.8446 0.0951 0.0236 0.0367 
      H155.6  5 0.8321 0.1263 0.0266 0.0151 
      H155.7  5 0.8283 0.0838 0.0494 0.0385 
      H155.8  5 0.9354 0.0305 0.0151 0.0190 
      H155.9  5 0.8379 0.0938 0.0530 0.0153 
      H169.1  5 0.0106 0.0419 0.9304 0.0171 
      H169.2  5 0.0130 0.0708 0.8962 0.0200 
      H169.3  5 0.0084 0.0171 0.9460 0.0284 
      H169.4  5 0.0180 0.2637 0.6965 0.0217 
      H169.5  5 0.0204 0.1367 0.7992 0.0437 
      H169.6  5 0.0262 0.3067 0.6432 0.0239 
      H457.1  5 0.5870 0.0199 0.1015 0.2916 
      H457.2  5 0.7925 0.0164 0.0576 0.1335 
      H457.3  5 0.7044 0.0208 0.1457 0.1292 
      H457.4  5 0.5073 0.0373 0.1262 0.3292 
      H457.5  5 0.3785 0.1720 0.4146 0.0348 
      H457.6  5 0.7336 0.0558 0.1572 0.0534 
      H457.7  5 0.2579 0.0287 0.6506 0.0627 
      H457.8  5 0.4909 0.1294 0.3248 0.0549 
      H462.1  5 0.2070 0.2323 0.3197 0.2410 
      H462.2  5 0.2647 0.0471 0.3698 0.3184 
      H462.3  5 0.5436 0.1414 0.2889 0.0262 
      H462.4  5 0.1108 0.0435 0.7880 0.0577 
      H462.5  5 0.0877 0.0416 0.4320 0.4386 
      H462.6  5 0.1781 0.0354 0.7522 0.0344 
      H462.7  5 0.5108 0.0526 0.3843 0.0523 
      H462.8  5 0.0389 0.0179 0.9195 0.0237 
      H462.9  5 0.2960 0.1379 0.4488 0.1173 
      H481.1  5 0.0095 0.0386 0.8786 0.0734 
      H481.2  5 0.0221 0.3051 0.4060 0.2668 
      H481.3  5 0.0335 0.0642 0.8731 0.0291 
      H481.4  5 0.0328 0.4952 0.3856 0.0864 
      H481.5  5 0.0499 0.0537 0.8444 0.0520 
      H481.6  5 0.1209 0.0101 0.8201 0.0489 
      H481.7  5 0.1383 0.0211 0.7882 0.0524 
      H481.8  5 0.0455 0.0114 0.7139 0.2291 
      H509.1  5 0.0172 0.5590 0.3074 0.1164 
      H509.2  5 0.0239 0.0190 0.6244 0.3327 
      H509.3  5 0.0272 0.0198 0.6761 0.2769 
      H509.4  5 0.0245 0.0232 0.2327 0.7196 
      H509.5  5 0.4471 0.0412 0.3609 0.1508 
      H509.6  5 0.0750 0.5333 0.2052 0.1866 
      H509.7  5 0.0770 0.0340 0.5971 0.2920 
      H567.1  5 0.0866 0.0362 0.7913 0.0859 
      H567.2  5 0.1268 0.0169 0.6506 0.2057 
      H567.3  5 0.0389 0.0147 0.7141 0.2324 
      H567.4  5 0.1356 0.0242 0.1028 0.7374 
      H567.5  5 0.1586 0.0306 0.7022 0.1085 
      H567.6  5 0.0596 0.0791 0.7653 0.0960 
      H567.7  5 0.2965 0.0258 0.5030 0.1748 
      H567.8  5 0.0884 0.0413 0.6176 0.2528 
      H608.1  5 0.1690 0.1051 0.3940 0.3319 
      H608.2  5 0.2790 0.2123 0.3241 0.1846 
      H608.3  5 0.3013 0.4376 0.2102 0.0508 
      H608.4  5 0.2378 0.0771 0.6482 0.0369 
      H608.5  5 0.5080 0.2268 0.2413 0.0239 
      H608.6  5 0.0641 0.7126 0.1577 0.0657 
      H608.7  5 0.4253 0.3053 0.1515 0.1179 
      H608.8  5 0.1058 0.6712 0.1477 0.0753 
      H615.1  5 0.0106 0.9489 0.0282 0.0123 
      H615.2  5 0.0475 0.6899 0.2356 0.0270 
      H615.3  5 0.0284 0.0187 0.9307 0.0222 
      H615.4  5 0.0401 0.0478 0.8570 0.0551 
      H615.5  5 0.0261 0.5336 0.3905 0.0498 
      H615.6  5 0.0217 0.0915 0.8646 0.0223 
      H635.1  5 0.0450 0.0487 0.3405 0.5659 
      H635.2  5 0.1981 0.0635 0.2338 0.5046 
      H635.3  5 0.1685 0.0433 0.0773 0.7108 
      H635.4  5 0.3658 0.1563 0.2421 0.2358 
      H635.5  5 0.0866 0.0315 0.3421 0.5398 
      H635.6  5 0.0336 0.0597 0.1873 0.7194 
      H635.7  5 0.0696 0.0443 0.2169 0.6692 
      H635.8  5 0.7237 0.0479 0.1251 0.1034 
      H635.9  5 0.1043 0.0368 0.3997 0.4591 
      H728.1  5 0.0195 0.8370 0.1197 0.0238 
      H728.2  5 0.0220 0.8792 0.0414 0.0574 
      H728.3  5 0.0137 0.9334 0.0354 0.0176 
      H728.4  5 0.0171 0.9416 0.0223 0.0190 
      H728.5  5 0.0143 0.9409 0.0259 0.0189 
      H728.6  5 0.0111 0.9570 0.0165 0.0154 
      H728.7  5 0.2297 0.3141 0.2539 0.2023 
 H7395.1_200  5 0.1309 0.3157 0.0356 0.5177 
 H7395.1_200  5 0.0196 0.9295 0.0277 0.0232 
     H7395.2  5 0.0094 0.9534 0.0251 0.0122 
     H7395.3  5 0.0432 0.9211 0.0268 0.0089 
     H7395.4  5 0.0306 0.9022 0.0568 0.0104 
     H7395.5  5 0.0264 0.9470 0.0168 0.0098 
     H7395.6  5 0.0325 0.9341 0.0246 0.0088 
     H7395.7  5 0.0350 0.8864 0.0435 0.0351 
     H7395.8  5 0.0132 0.9356 0.0159 0.0352 
     H7395.9  5 0.0401 0.9045 0.0362 0.0192 
      H742.1  5 0.2237 0.0327 0.6816 0.0620 
      H742.2  5 0.2753 0.0205 0.3346 0.3696 
      H742.3  5 0.0947 0.0496 0.8345 0.0213 
      H958.1  5 0.0102 0.0093 0.9388 0.0418 
      H958.2  5 0.0226 0.0082 0.9218 0.0474 
      H958.3  5 0.0353 0.0129 0.8636 0.0882 
      H958.4  5 0.0095 0.0113 0.9586 0.0205 
      H958.5  5 0.0313 0.0104 0.8649 0.0934 
      H958.6  5 0.0205 0.0106 0.9091 0.0598 
      H958.7  5 0.0300 0.0082 0.8826 0.0791 
      H452.1 10 0.0318 0.0142 0.0499 0.9041 
     H452.10 10 0.0153 0.0182 0.0167 0.9499 
      H452.2 10 0.0625 0.0480 0.1319 0.7575 
      H452.3 10 0.0144 0.0131 0.0239 0.9486 
      H452.4 10 0.0129 0.0192 0.0120 0.9558 
      H452.5 10 0.0349 0.0248 0.0430 0.8973 
      H452.6 10 0.0526 0.0252 0.7718 0.1505 
      H452.7 10 0.0179 0.0192 0.0333 0.9296 
      H452.8 10 0.0719 0.0453 0.0695 0.8133 
      H452.9 10 0.0168 0.0319 0.0189 0.9324 
      H473.1 10 0.2244 0.0288 0.7145 0.0323 
      H473.2 10 0.8497 0.0900 0.0273 0.0330 
      H473.3 10 0.9392 0.0281 0.0218 0.0108 
      H473.4 10 0.8655 0.0779 0.0332 0.0233 
      H473.5 10 0.9416 0.0254 0.0206 0.0124 
      H473.6 10 0.9265 0.0301 0.0180 0.0253 
      H473.7 10 0.9008 0.0384 0.0458 0.0150 
      H473.8 10 0.8305 0.1089 0.0440 0.0166 
      H487.1 10 0.0078 0.0071 0.0152 0.9699 
      H487.2 10 0.0259 0.0278 0.0535 0.8928 
      H487.3 10 0.0161 0.0192 0.0709 0.8938 
      H487.4 10 0.0236 0.0609 0.5650 0.3505 
      H487.5 10 0.0062 0.0075 0.0137 0.9726 
      H703.1 10 0.0391 0.7792 0.1236 0.0582 
     H703.10 10 0.0818 0.2673 0.5031 0.1478 
      H703.2 10 0.0946 0.1903 0.6578 0.0573 
      H703.3 10 0.0373 0.5719 0.2841 0.1068 
      H703.4 10 0.0321 0.1074 0.2453 0.6152 
      H703.5 10 0.0565 0.0293 0.1784 0.7358 
      H703.6 10 0.0641 0.0656 0.7654 0.1048 
      H703.7 10 0.0366 0.5214 0.1143 0.3277 
      H703.8 10 0.0182 0.0334 0.7939 0.1545 
      H703.9 10 0.0229 0.0402 0.9007 0.0362 
      H705.1 10 0.0258 0.0216 0.0677 0.8849 
      H705.2 10 0.0859 0.0550 0.1160 0.7431 
      H705.3 10 0.0088 0.0146 0.0215 0.9550 
      H705.4 10 0.0143 0.0176 0.0228 0.9454 
      H705.5 10 0.0128 0.0129 0.0110 0.9632 
      H705.6 10 0.0185 0.1400 0.0453 0.7962 
      H705.7 10 0.0196 0.0142 0.0445 0.9218 
     H7352.1 10 0.0201 0.8903 0.0494 0.0402 
     H7352.2 10 0.0266 0.6011 0.1486 0.2236 
     H7352.3 10 0.0104 0.0322 0.9368 0.0206 
     H7352.4 10 0.0113 0.0256 0.9407 0.0223 
     H7352.5 10 0.0248 0.8970 0.0303 0.0479 
     H7352.6 10 0.0308 0.8505 0.0486 0.0701 
     H7352.7 10 0.0200 0.3361 0.5938 0.0501 
     H7354.1 10 0.0571 0.2543 0.6755 0.0131 
     H7354.2 10 0.1226 0.1133 0.7176 0.0464 
     H7354.3 10 0.0297 0.2217 0.6400 0.1087 
     H7354.4 10 0.1062 0.1307 0.7401 0.0230 
     H7354.5 10 0.0704 0.6175 0.2731 0.0390 
     H7354.6 10 0.0215 0.0218 0.7132 0.2436 
     H7354.7 10 0.0133 0.0272 0.9410 0.0186 
     H7359.1 10 0.0896 0.3697 0.2144 0.3262 
     H7359.2 10 0.0351 0.0184 0.3253 0.6212 
     H7359.3 10 0.1255 0.0256 0.1850 0.6639 
     H7359.4 10 0.0399 0.0805 0.8349 0.0447 
     H7359.5 10 0.0218 0.0209 0.2504 0.7068 
      H909.1 10 0.0143 0.0339 0.9005 0.0512 
      H909.2 10 0.0382 0.0488 0.1072 0.8057 
      H909.3 10 0.0209 0.0556 0.1431 0.7803 
      H909.4 10 0.0394 0.0286 0.5257 0.4063 
      H909.6 10 0.0222 0.0348 0.8811 0.0619 
      H909.8 10 0.0704 0.0275 0.7512 0.1509 
      H909.9 10 0.0400 0.2286 0.5499 0.1814 
     H9555.1 10 0.0092 0.0080 0.0209 0.9620 
     H9555.2 10 0.0102 0.0146 0.0133 0.9619 
     H9555.3 10 0.0214 0.0152 0.0420 0.9213 
     H9555.4 10 0.0079 0.0099 0.0755 0.9067 
     H9555.5 10 0.0112 0.0130 0.0185 0.9573 
     H9555.6 10 0.0990 0.0737 0.3188 0.5086 
     H9555.7 10 0.0302 0.0381 0.4009 0.5308 
     H9703.1 10 0.0119 0.0206 0.3107 0.6569 
     H9703.2 10 0.0175 0.0132 0.3060 0.6633 
     H9703.3 10 0.0313 0.0178 0.7575 0.1934 
     H9703.4 10 0.0159 0.0215 0.7220 0.2407 
     H9703.5 10 0.0915 0.1588 0.5877 0.1621 
     H9707.1 10 0.1084 0.7458 0.1099 0.0359 
     H9707.2 10 0.0428 0.4598 0.3304 0.1670 
     H9707.3 10 0.2600 0.4881 0.1918 0.0601 
     H9707.4 10 0.0250 0.0418 0.3396 0.5936 
     H9707.5 10 0.0349 0.7121 0.1780 0.0750 
     H9707.6 10 0.3928 0.0538 0.0945 0.4588 
     H9707.7 10 0.0661 0.4118 0.3237 0.1984 
     H9707.8 10 0.4230 0.2975 0.1005 0.1790 
     HSAA4.1 10 0.0274 0.2125 0.1229 0.6372 
     HSAA4.2 10 0.0250 0.0216 0.0234 0.9300 
     HSAA4.3 10 0.0349 0.0276 0.0491 0.8884 
     HSAA4.4 10 0.0358 0.2659 0.1296 0.5686 
     HSAA4.5 10 0.0209 0.0586 0.6734 0.2471 
     HSAA4.6 10 0.0112 0.0215 0.0225 0.9448 
     HSAA4.7 10 0.0098 0.0127 0.1381 0.8394 
   saaRTON.1 10 0.0110 0.0189 0.8908 0.0794 
  saaRTON.10 10 0.0316 0.0426 0.7115 0.2144 
   saaRTON.2 10 0.0254 0.0144 0.8732 0.0870 
   saaRTON.3 10 0.0301 0.0358 0.8385 0.0957 
   saaRTON.4 10 0.0219 0.0290 0.4040 0.5450 
   saaRTON.5 10 0.0152 0.0205 0.6541 0.3102 
   saaRTON.6 10 0.0344 0.0160 0.8383 0.1112 
   saaRTON.7 10 0.0621 0.0227 0.0496 0.8656 
   saaRTON.8 10 0.0193 0.0274 0.7912 0.1621 
   saaRTON.9 10 0.0159 0.0104 0.8889 0.0848 
      H005.1 11 0.0332 0.0121 0.9370 0.0177 
      H005.2 11 0.5776 0.0755 0.3070 0.0399 
      H005.3 11 0.0354 0.0162 0.9296 0.0189 
      H005.4 11 0.2885 0.0553 0.6262 0.0301 
      H005.5 11 0.0852 0.0782 0.7644 0.0722 
      H005.6 11 0.3340 0.3032 0.3125 0.0503 
      H005.7 11 0.2062 0.0280 0.7119 0.0538 
      H005.8 11 0.0833 0.0486 0.8403 0.0277 
      H005.9 11 0.6159 0.0457 0.2992 0.0392 
      H031.1 11 0.0777 0.5370 0.2970 0.0883 
      H031.2 11 0.0138 0.0353 0.8433 0.1076 
      H031.3 11 0.2947 0.1129 0.3411 0.2513 
      H031.4 11 0.0220 0.1153 0.7156 0.1471 
      H031.5 11 0.0670 0.1004 0.3949 0.4377 
      H031.6 11 0.0164 0.2586 0.5632 0.1618 
      H031.7 11 0.0356 0.1445 0.1095 0.7104 
      H031.8 11 0.0668 0.2170 0.6793 0.0369 
      H136.1 11 0.0644 0.0395 0.8501 0.0460 
      H136.2 11 0.1049 0.0438 0.2770 0.5743 
      H136.3 11 0.6480 0.0708 0.1643 0.1170 
      H136.4 11 0.0243 0.0316 0.7696 0.1746 
      H153.1 11 0.0247 0.0129 0.9504 0.0120 
      H153.2 11 0.0291 0.0312 0.9273 0.0124 
      H153.3 11 0.0304 0.0340 0.9202 0.0154 
      H153.4 11 0.0266 0.0160 0.9331 0.0243 
      H167.1 11 0.8973 0.0490 0.0319 0.0218 
      H167.2 11 0.7800 0.1654 0.0281 0.0265 
      H167.3 11 0.7929 0.1646 0.0269 0.0157 
      H167.4 11 0.7712 0.0159 0.1918 0.0210 
      H167.5 11 0.8151 0.0451 0.1126 0.0272 
      H167.6 11 0.6588 0.2823 0.0403 0.0186 
      H167.7 11 0.2087 0.0722 0.6297 0.0894 
      H167.8 11 0.5935 0.1405 0.2194 0.0466 
      H173.1 11 0.3821 0.0145 0.5717 0.0317 
      H173.2 11 0.2662 0.0862 0.5894 0.0582 
      H173.3 11 0.2648 0.0312 0.6262 0.0777 
      H173.4 11 0.4465 0.0265 0.5035 0.0236 
      H173.5 11 0.2483 0.0834 0.3994 0.2689 
 H194.1_2003 11 0.0277 0.0126 0.2532 0.7064 
 H194.2_2003 11 0.0620 0.0597 0.2956 0.5828 
 H194.3_2003 11 0.0337 0.0166 0.4295 0.5202 
 H194.4_2003 11 0.0187 0.0354 0.1644 0.7814 
 H194.5_2003 11 0.1178 0.0223 0.2799 0.5800 
 H194.6_2003 11 0.0795 0.0214 0.1112 0.7879 
 H194.7_2003 11 0.0444 0.0140 0.1494 0.7922 
 H194.8_2003 11 0.0385 0.0223 0.2398 0.6993 
      H196.1 11 0.0193 0.3211 0.0101 0.6495 
      H196.2 11 0.0609 0.1681 0.0362 0.7348 
      H196.3 11 0.0248 0.8485 0.0290 0.0977 
      H196.4 11 0.0342 0.1785 0.0426 0.7447 
      H196.5 11 0.2334 0.1860 0.0235 0.5570 
      H196.6 11 0.0342 0.0156 0.0127 0.9374 
 H356.1_2001 11 0.0210 0.0103 0.0171 0.9516 
 H356.1_2002 11 0.0958 0.0317 0.0689 0.8035 
 H356.2_2001 11 0.0847 0.0252 0.7596 0.1305 
