      H008.1  2 0.8045 0.0172 0.0089 0.0057 0.0108 0.0074 0.0161 0.0190 0.0117 0.0146 0.0083 0.0100 0.0103 0.0099 0.0294 0.0161 
      H008.2  2 0.0722 0.0307 0.0190 0.0613 0.0109 0.0611 0.0489 0.0233 0.0406 0.1198 0.0126 0.0177 0.0407 0.0312 0.3917 0.0185 
      H008.3  2 0.0705 0.0106 0.0530 0.0496 0.0195 0.0964 0.0281 0.2253 0.0726 0.0367 0.0236 0.0114 0.0409 0.0218 0.1885 0.0514 
      H008.4  2 0.6307 0.0208 0.0323 0.0577 0.0205 0.0141 0.0236 0.0134 0.0116 0.0182 0.0067 0.0349 0.0388 0.0094 0.0437 0.0237 
      H008.5  2 0.7481 0.0080 0.0409 0.0132 0.0082 0.0156 0.0075 0.0178 0.0164 0.0067 0.0101 0.0089 0.0185 0.0131 0.0397 0.0275 
      H008.6  2 0.1530 0.0197 0.0301 0.0918 0.0093 0.0308 0.0644 0.0168 0.0058 0.0239 0.0136 0.0277 0.0742 0.0152 0.3989 0.0248 
      H008.7  2 0.2829 0.0353 0.0475 0.1003 0.0284 0.0181 0.0471 0.0189 0.0474 0.0720 0.0124 0.0251 0.0542 0.0089 0.1834 0.0182 
      H008.8  2 0.1457 0.1956 0.0115 0.0141 0.0164 0.0381 0.1496 0.0557 0.0351 0.2358 0.0186 0.0130 0.0165 0.0125 0.0248 0.0171 
      H008.9  2 0.0210 0.0164 0.0259 0.2042 0.0255 0.0370 0.2260 0.0287 0.0136 0.0358 0.0137 0.0089 0.0281 0.0157 0.2802 0.0193 
 H029.1_2002  2 0.6749 0.0124 0.0842 0.0193 0.0112 0.0068 0.0293 0.0087 0.0106 0.0205 0.0138 0.0591 0.0229 0.0104 0.0081 0.0078 
 H029.1_2003  2 0.1246 0.0809 0.5809 0.0174 0.0133 0.0112 0.0179 0.0150 0.0070 0.0472 0.0222 0.0124 0.0103 0.0126 0.0138 0.0133 
 H029.2_2002  2 0.7075 0.0147 0.0634 0.0278 0.0097 0.0140 0.0056 0.0093 0.0246 0.0140 0.0216 0.0079 0.0517 0.0060 0.0124 0.0100 
 H029.2_2003  2 0.3023 0.0697 0.3068 0.0270 0.0087 0.0261 0.0170 0.0194 0.0085 0.0457 0.0592 0.0064 0.0569 0.0131 0.0150 0.0182 
 H029.3_2002  2 0.4910 0.0423 0.0374 0.1648 0.0096 0.0170 0.0109 0.0225 0.0513 0.0312 0.0400 0.0086 0.0269 0.0169 0.0096 0.0200 
 H029.3_2003  2 0.6848 0.0176 0.1773 0.0078 0.0077 0.0048 0.0043 0.0084 0.0050 0.0138 0.0100 0.0054 0.0133 0.0150 0.0129 0.0117 
 H029.4_2002  2 0.8693 0.0106 0.0294 0.0148 0.0072 0.0046 0.0043 0.0063 0.0104 0.0061 0.0036 0.0066 0.0048 0.0066 0.0058 0.0096 
 H029.4_2003  2 0.2053 0.1649 0.4613 0.0155 0.0054 0.0098 0.0141 0.0324 0.0061 0.0207 0.0080 0.0098 0.0134 0.0145 0.0109 0.0080 
 H029.5_2002  2 0.8059 0.0099 0.0739 0.0056 0.0144 0.0045 0.0079 0.0047 0.0102 0.0056 0.0070 0.0141 0.0095 0.0069 0.0112 0.0088 
 H029.5_2003  2 0.4895 0.0673 0.3083 0.0127 0.0066 0.0046 0.0076 0.0152 0.0052 0.0203 0.0059 0.0076 0.0171 0.0073 0.0168 0.0080 
 H029.6_2002  2 0.7018 0.0168 0.1437 0.0339 0.0079 0.0063 0.0046 0.0095 0.0158 0.0168 0.0065 0.0070 0.0078 0.0066 0.0040 0.0108 
 H029.6_2003  2 0.5983 0.0612 0.0514 0.0080 0.0244 0.0093 0.0178 0.0283 0.0110 0.0219 0.0342 0.0069 0.0793 0.0217 0.0125 0.0137 
      H029.7  2 0.8125 0.0202 0.0220 0.0321 0.0069 0.0151 0.0060 0.0074 0.0130 0.0066 0.0099 0.0082 0.0197 0.0045 0.0070 0.0089 
      H030.1  2 0.0325 0.0285 0.1308 0.0053 0.0189 0.0083 0.0103 0.0150 0.0185 0.0221 0.0589 0.0069 0.0700 0.4549 0.0611 0.0580 
      H030.2  2 0.0723 0.0212 0.0394 0.0689 0.0206 0.0053 0.0118 0.0232 0.1144 0.0078 0.0152 0.2218 0.0111 0.3184 0.0314 0.0172 
      H038.1  2 0.8834 0.0136 0.0062 0.0240 0.0050 0.0067 0.0087 0.0056 0.0051 0.0060 0.0064 0.0074 0.0051 0.0066 0.0046 0.0056 
      H038.2  2 0.9026 0.0050 0.0066 0.0056 0.0088 0.0034 0.0035 0.0063 0.0065 0.0043 0.0068 0.0097 0.0129 0.0065 0.0065 0.0050 
      H038.3  2 0.7842 0.0150 0.0042 0.0380 0.0124 0.0059 0.0080 0.0105 0.0075 0.0074 0.0224 0.0226 0.0093 0.0130 0.0186 0.0211 
      H038.4  2 0.8487 0.0131 0.0048 0.0244 0.0165 0.0046 0.0054 0.0071 0.0069 0.0091 0.0117 0.0111 0.0077 0.0059 0.0105 0.0125 
      H038.5  2 0.8220 0.0237 0.0090 0.0244 0.0074 0.0040 0.0067 0.0169 0.0098 0.0300 0.0046 0.0050 0.0083 0.0165 0.0063 0.0056 
      H038.6  2 0.8975 0.0098 0.0093 0.0094 0.0031 0.0043 0.0053 0.0072 0.0041 0.0058 0.0066 0.0078 0.0089 0.0108 0.0058 0.0042 
      H038.7  2 0.8654 0.0145 0.0049 0.0105 0.0053 0.0036 0.0041 0.0077 0.0031 0.0079 0.0226 0.0190 0.0072 0.0096 0.0077 0.0071 
      H038.8  2 0.7946 0.0148 0.0048 0.0706 0.0114 0.0037 0.0053 0.0111 0.0101 0.0073 0.0133 0.0151 0.0071 0.0130 0.0061 0.0116 
      H041.1  2 0.1152 0.1868 0.3079 0.0214 0.0184 0.0186 0.0098 0.0112 0.0707 0.0098 0.0159 0.0127 0.0112 0.0062 0.1347 0.0496 
      H041.2  2 0.0462 0.0086 0.7142 0.0246 0.0111 0.0064 0.0118 0.0047 0.0054 0.0056 0.0103 0.0172 0.0100 0.0082 0.0902 0.0255 
      H041.4  2 0.2451 0.0362 0.4971 0.0315 0.0173 0.0202 0.0329 0.0072 0.0100 0.0127 0.0098 0.0094 0.0098 0.0094 0.0369 0.0147 
      H041.6  2 0.1776 0.0264 0.5373 0.0195 0.0147 0.0334 0.0348 0.0097 0.0119 0.0102 0.0201 0.0197 0.0136 0.0108 0.0342 0.0261 
 H042.1_2002  2 0.0097 0.0112 0.7465 0.0127 0.0351 0.0109 0.0229 0.0229 0.0072 0.0064 0.0082 0.0164 0.0158 0.0070 0.0080 0.0591 
 H042.1_2003  2 0.0743 0.0166 0.0443 0.0848 0.0286 0.0153 0.0543 0.0143 0.0145 0.0229 0.0790 0.0310 0.0956 0.0179 0.2640 0.1426 
 H042.2_2002  2 0.1126 0.0204 0.5345 0.0424 0.0197 0.0126 0.0057 0.0168 0.0059 0.0229 0.0069 0.1490 0.0131 0.0058 0.0073 0.0245 
 H042.2_2003  2 0.0802 0.0071 0.5687 0.0058 0.0208 0.0107 0.0315 0.0096 0.0043 0.0094 0.0116 0.0206 0.0532 0.0085 0.0273 0.1308 
 H042.3_2002  2 0.0095 0.0127 0.4346 0.0201 0.0303 0.0136 0.0160 0.0366 0.0047 0.0113 0.0062 0.0965 0.0310 0.0132 0.0087 0.2553 
 H042.3_2003  2 0.0336 0.1056 0.2867 0.0337 0.0252 0.0162 0.0279 0.0747 0.0219 0.0107 0.0091 0.1032 0.0432 0.0121 0.0205 0.1759 
 H042.4_2002  2 0.0206 0.0172 0.8252 0.0132 0.0246 0.0056 0.0108 0.0063 0.0080 0.0058 0.0060 0.0071 0.0112 0.0083 0.0062 0.0240 
 H042.4_2003  2 0.0448 0.1059 0.6737 0.0065 0.0186 0.0177 0.0117 0.0080 0.0133 0.0057 0.0178 0.0065 0.0154 0.0071 0.0102 0.0368 
      H042.5  2 0.0082 0.0067 0.9008 0.0031 0.0073 0.0086 0.0061 0.0053 0.0054 0.0038 0.0041 0.0046 0.0119 0.0045 0.0074 0.0122 
      H042.6  2 0.0187 0.0655 0.7264 0.0118 0.0076 0.0601 0.0083 0.0133 0.0101 0.0095 0.0136 0.0118 0.0093 0.0060 0.0049 0.0231 
      H042.7  2 0.0279 0.0372 0.4439 0.0067 0.0595 0.0101 0.0147 0.0126 0.0083 0.0077 0.0197 0.0553 0.0150 0.0063 0.0173 0.2579 
      H042.8  2 0.0093 0.0099 0.7738 0.0157 0.0265 0.0188 0.0129 0.0163 0.0034 0.0069 0.0044 0.0512 0.0167 0.0041 0.0145 0.0154 
   H042_2002  2 0.0950 0.1319 0.0815 0.0454 0.0206 0.0718 0.0471 0.0174 0.0064 0.0150 0.0338 0.2368 0.0696 0.0159 0.0332 0.0783 
   H042_2003  2 0.0731 0.1453 0.0732 0.0367 0.0228 0.0729 0.0306 0.0205 0.0055 0.0105 0.0374 0.2904 0.0697 0.0119 0.0247 0.0746 
      H043.1  2 0.0071 0.8961 0.0054 0.0155 0.0036 0.0067 0.0041 0.0093 0.0067 0.0075 0.0075 0.0048 0.0054 0.0064 0.0070 0.0070 
      H043.2  2 0.0172 0.7689 0.0049 0.0526 0.0056 0.0444 0.0227 0.0141 0.0030 0.0114 0.0158 0.0057 0.0073 0.0050 0.0087 0.0129 
      H043.3  2 0.0307 0.8320 0.0060 0.0123 0.0040 0.0114 0.0130 0.0097 0.0036 0.0056 0.0199 0.0204 0.0111 0.0046 0.0072 0.0084 
      H043.4  2 0.0136 0.8624 0.0044 0.0135 0.0043 0.0214 0.0095 0.0073 0.0043 0.0048 0.0125 0.0098 0.0074 0.0053 0.0081 0.0115 
      H043.5  2 0.0189 0.7926 0.0053 0.0665 0.0056 0.0054 0.0107 0.0180 0.0040 0.0092 0.0109 0.0095 0.0068 0.0053 0.0146 0.0169 
      H043.6  2 0.0315 0.8246 0.0057 0.0349 0.0057 0.0072 0.0156 0.0151 0.0027 0.0060 0.0088 0.0086 0.0065 0.0070 0.0044 0.0159 
      H043.7  2 0.0086 0.8353 0.0041 0.0170 0.0040 0.0295 0.0137 0.0064 0.0033 0.0040 0.0374 0.0097 0.0059 0.0038 0.0081 0.0091 
      H043.8  2 0.0067 0.8757 0.0042 0.0107 0.0064 0.0096 0.0092 0.0088 0.0055 0.0122 0.0087 0.0070 0.0055 0.0141 0.0061 0.0095 
      H043.9  2 0.0087 0.9035 0.0047 0.0086 0.0037 0.0076 0.0053 0.0059 0.0071 0.0078 0.0082 0.0076 0.0047 0.0061 0.0052 0.0053 
      H047.1  2 0.4109 0.0059 0.0063 0.0061 0.0043 0.0092 0.0141 0.0151 0.0042 0.0053 0.0067 0.0575 0.0178 0.0059 0.4050 0.0257 
      H047.2  2 0.0757 0.0099 0.0086 0.0046 0.0102 0.0061 0.0106 0.0043 0.0136 0.0160 0.0153 0.0090 0.0146 0.0077 0.7830 0.0108 
      H047.3  2 0.0915 0.0119 0.0171 0.0040 0.0150 0.0132 0.0116 0.0066 0.0207 0.0256 0.0168 0.0432 0.0291 0.0064 0.6651 0.0222 
      H047.4  2 0.1880 0.0164 0.0349 0.0034 0.0124 0.0066 0.0189 0.0082 0.0070 0.0117 0.0286 0.0468 0.0113 0.0060 0.5771 0.0227 
      H047.5  2 0.1585 0.0238 0.0082 0.0034 0.0233 0.0478 0.0085 0.0083 0.0070 0.0101 0.0168 0.0963 0.0275 0.0069 0.5219 0.0318 
      H047.6  2 0.0322 0.0078 0.0225 0.0041 0.0119 0.0059 0.0075 0.0038 0.0084 0.0092 0.0121 0.0349 0.0071 0.0042 0.8206 0.0081 
      H047.7  2 0.3765 0.0045 0.0127 0.0095 0.0094 0.0061 0.0119 0.0101 0.0131 0.0030 0.0056 0.1392 0.0123 0.0038 0.3619 0.0205 
      H047.8  2 0.0521 0.0094 0.0297 0.0039 0.0072 0.0113 0.0124 0.0096 0.0086 0.0080 0.0107 0.0529 0.0151 0.0062 0.7441 0.0189 
      H047.9  2 0.2725 0.0211 0.0149 0.0041 0.0191 0.0430 0.0106 0.0108 0.0056 0.0066 0.0132 0.1435 0.1130 0.0092 0.2598 0.0531 
 H071.1_2002  2 0.8911 0.0163 0.0054 0.0047 0.0051 0.0095 0.0071 0.0077 0.0034 0.0055 0.0073 0.0075 0.0075 0.0076 0.0048 0.0095 
 H071.1_2003  2 0.6090 0.0455 0.0075 0.0084 0.0076 0.0924 0.0388 0.0089 0.0039 0.0053 0.0481 0.0109 0.0176 0.0528 0.0131 0.0302 
     H071.10  2 0.8737 0.0111 0.0049 0.0088 0.0065 0.0053 0.0041 0.0152 0.0075 0.0056 0.0041 0.0092 0.0031 0.0299 0.0029 0.0082 
 H071.2_2002  2 0.8747 0.0116 0.0051 0.0085 0.0068 0.0120 0.0122 0.0112 0.0030 0.0095 0.0085 0.0060 0.0067 0.0066 0.0077 0.0098 
 H071.2_2003  2 0.9318 0.0056 0.0053 0.0034 0.0032 0.0071 0.0053 0.0038 0.0039 0.0036 0.0041 0.0045 0.0055 0.0042 0.0035 0.0053 
      H071.3  2 0.8570 0.0107 0.0073 0.0071 0.0062 0.0070 0.0045 0.0089 0.0077 0.0065 0.0108 0.0119 0.0047 0.0273 0.0143 0.0080 
 H071.4_2002  2 0.8267 0.0189 0.0050 0.0191 0.0121 0.0074 0.0105 0.0186 0.0079 0.0182 0.0080 0.0101 0.0052 0.0183 0.0062 0.0078 
 H071.4_2003  2 0.9134 0.0051 0.0054 0.0031 0.0045 0.0045 0.0041 0.0123 0.0047 0.0046 0.0062 0.0070 0.0056 0.0083 0.0063 0.0048 
 H071.5_2002  2 0.9139 0.0078 0.0053 0.0040 0.0043 0.0061 0.0048 0.0084 0.0060 0.0044 0.0060 0.0067 0.0038 0.0082 0.0043 0.0062 
 H071.5_2003  2 0.8294 0.0132 0.0059 0.0042 0.0079 0.0076 0.0102 0.0224 0.0041 0.0074 0.0185 0.0210 0.0063 0.0250 0.0086 0.0084 
 H071.6_2002  2 0.8754 0.0096 0.0044 0.0050 0.0055 0.0064 0.0052 0.0274 0.0037 0.0093 0.0075 0.0173 0.0043 0.0073 0.0050 0.0065 
 H071.6_2003  2 0.8771 0.0129 0.0053 0.0039 0.0037 0.0050 0.0079 0.0101 0.0043 0.0051 0.0097 0.0119 0.0073 0.0225 0.0051 0.0083 
 H071.7_2002  2 0.9162 0.0068 0.0044 0.0034 0.0035 0.0055 0.0056 0.0070 0.0031 0.0050 0.0084 0.0109 0.0043 0.0049 0.0055 0.0057 
 H071.7_2003  2 0.8511 0.0139 0.0068 0.0048 0.0070 0.0102 0.0084 0.0140 0.0043 0.0064 0.0138 0.0083 0.0076 0.0282 0.0058 0.0094 
      H071.8  2 0.8926 0.0087 0.0050 0.0083 0.0058 0.0101 0.0102 0.0071 0.0034 0.0108 0.0059 0.0065 0.0057 0.0052 0.0078 0.0069 
      H071.9  2 0.5197 0.2120 0.0161 0.0176 0.0221 0.0173 0.0148 0.0453 0.0096 0.0535 0.0116 0.0153 0.0060 0.0178 0.0118 0.0096 
 H081.1_2002  2 0.9074 0.0056 0.0059 0.0045 0.0067 0.0099 0.0085 0.0044 0.0060 0.0048 0.0079 0.0057 0.0040 0.0061 0.0046 0.0081 
 H081.1_2003  2 0.0442 0.0220 0.0629 0.2285 0.0177 0.0128 0.0362 0.0100 0.0159 0.0301 0.3094 0.0198 0.0217 0.0595 0.0183 0.0909 
 H081.2_2002  2 0.8425 0.0117 0.0057 0.0044 0.0058 0.0588 0.0110 0.0045 0.0047 0.0049 0.0140 0.0066 0.0056 0.0041 0.0071 0.0084 
 H081.2_2003  2 0.0352 0.0369 0.0155 0.0075 0.0066 0.0681 0.0205 0.0166 0.0247 0.0150 0.0163 0.0054 0.0086 0.6987 0.0074 0.0170 
 H081.3_2002  2 0.8333 0.0126 0.0093 0.0076 0.0082 0.0223 0.0186 0.0049 0.0075 0.0092 0.0109 0.0050 0.0063 0.0109 0.0209 0.0123 
 H081.3_2003  2 0.0140 0.3684 0.0167 0.0131 0.0134 0.0341 0.0310 0.0119 0.0153 0.0511 0.0104 0.0089 0.0129 0.3730 0.0093 0.0164 
 H081.4_2002  2 0.8937 0.0074 0.0084 0.0037 0.0052 0.0047 0.0056 0.0084 0.0063 0.0059 0.0075 0.0064 0.0076 0.0126 0.0068 0.0098 
 H081.4_2003  2 0.0242 0.0467 0.0685 0.0183 0.0348 0.0322 0.1046 0.0158 0.0148 0.0506 0.1287 0.0120 0.0243 0.3685 0.0084 0.0478 
 H081.5_2002  2 0.8833 0.0089 0.0078 0.0046 0.0050 0.0072 0.0096 0.0054 0.0053 0.0059 0.0119 0.0056 0.0068 0.0114 0.0078 0.0133 
 H081.5_2003  2 0.0378 0.0277 0.0427 0.0254 0.0240 0.0640 0.0655 0.0076 0.0124 0.0310 0.3445 0.0212 0.0178 0.0621 0.0191 0.1973 
      H081.6  2 0.9002 0.0045 0.0056 0.0047 0.0061 0.0109 0.0065 0.0055 0.0035 0.0042 0.0106 0.0087 0.0060 0.0079 0.0049 0.0103 
      H081.7  2 0.8021 0.0080 0.0068 0.0043 0.0074 0.0752 0.0174 0.0048 0.0062 0.0072 0.0131 0.0050 0.0063 0.0114 0.0091 0.0158 
      H081.8  2 0.7928 0.0138 0.0105 0.0165 0.0124 0.0104 0.0155 0.0103 0.0139 0.0146 0.0081 0.0080 0.0061 0.0390 0.0085 0.0196 
      H083.1  2 0.8423 0.0109 0.0179 0.0116 0.0065 0.0073 0.0044 0.0122 0.0196 0.0081 0.0109 0.0180 0.0077 0.0063 0.0072 0.0093 
      H083.2  2 0.7580 0.0459 0.0125 0.0082 0.0088 0.0166 0.0130 0.0102 0.0209 0.0172 0.0149 0.0123 0.0083 0.0057 0.0418 0.0058 
      H083.4  2 0.7294 0.0160 0.0093 0.0095 0.0107 0.0180 0.0095 0.0217 0.0781 0.0436 0.0114 0.0126 0.0053 0.0063 0.0101 0.0084 
      H083.5  2 0.7634 0.0096 0.0280 0.0303 0.0106 0.0117 0.0064 0.0075 0.0685 0.0104 0.0130 0.0077 0.0080 0.0054 0.0132 0.0064 
      H083.6  2 0.7787 0.0063 0.0161 0.0107 0.0184 0.0109 0.0050 0.0187 0.0642 0.0182 0.0149 0.0076 0.0055 0.0099 0.0059 0.0089 
      H083.7  2 0.6285 0.0107 0.0070 0.0120 0.0217 0.0180 0.0080 0.0142 0.2068 0.0239 0.0093 0.0090 0.0054 0.0063 0.0129 0.0064 
      H083.8  2 0.7489 0.0491 0.0083 0.0069 0.0102 0.0149 0.0098 0.0099 0.0242 0.0179 0.0137 0.0100 0.0073 0.0048 0.0587 0.0052 
      H083.9  2 0.7948 0.0057 0.0226 0.0101 0.0103 0.0090 0.0038 0.0082 0.0839 0.0068 0.0074 0.0077 0.0070 0.0066 0.0101 0.0060 
      H084.1  2 0.0104 0.0288 0.0171 0.0907 0.0262 0.0092 0.0070 0.0096 0.0103 0.0254 0.0114 0.0183 0.0132 0.7011 0.0134 0.0080 
      H084.2  2 0.0086 0.1351 0.0265 0.0742 0.0054 0.0036 0.0089 0.0077 0.0049 0.0526 0.0230 0.0069 0.0106 0.6111 0.0070 0.0138 
      H084.3  2 0.0100 0.0144 0.0192 0.2548 0.1939 0.0073 0.0056 0.0088 0.0139 0.0152 0.0466 0.0522 0.0315 0.2835 0.0113 0.0318 
      H084.4  2 0.0114 0.0319 0.0664 0.2341 0.0455 0.0036 0.0087 0.0062 0.0072 0.0199 0.1285 0.0199 0.0404 0.2374 0.0442 0.0947 
      H084.5  2 0.0071 0.0085 0.0094 0.0387 0.0503 0.0087 0.0050 0.0060 0.0055 0.0136 0.0257 0.1908 0.0147 0.5337 0.0325 0.0499 
      H084.6  2 0.0047 0.0098 0.0072 0.0646 0.0815 0.0094 0.0057 0.0050 0.0478 0.0126 0.0123 0.0730 0.0097 0.6191 0.0228 0.0146 
      H084.7  2 0.0082 0.0310 0.0356 0.0140 0.0083 0.0057 0.0069 0.0088 0.0055 0.0358 0.0100 0.0082 0.0096 0.7784 0.0106 0.0234 
      H084.8  2 0.0053 0.0052 0.0124 0.0630 0.1577 0.0074 0.0051 0.0055 0.0076 0.0115 0.0164 0.0336 0.0280 0.5898 0.0317 0.0197 
 H085.1_2002  2 0.0319 0.0474 0.0138 0.0174 0.0053 0.7936 0.0164 0.0063 0.0101 0.0074 0.0082 0.0090 0.0051 0.0122 0.0056 0.0103 
 H085.1_2003  2 0.3522 0.1924 0.0279 0.0178 0.0143 0.1006 0.0078 0.0309 0.1024 0.0209 0.0278 0.0047 0.0073 0.0121 0.0172 0.0638 
 H085.2_2002  2 0.0254 0.0831 0.0276 0.0805 0.0230 0.2482 0.1582 0.0137 0.1442 0.0157 0.0508 0.0139 0.0050 0.0230 0.0064 0.0812 
 H085.2_2003  2 0.6373 0.0244 0.0547 0.0139 0.0074 0.0219 0.0142 0.0216 0.0425 0.0235 0.0241 0.0069 0.0168 0.0207 0.0449 0.0254 
 H085.3_2002  2 0.0092 0.0419 0.0164 0.0065 0.0075 0.7268 0.0158 0.0063 0.0192 0.0049 0.0369 0.0042 0.0064 0.0043 0.0067 0.0870 
 H085.3_2003  2 0.6583 0.0123 0.0157 0.0048 0.0059 0.0256 0.0056 0.0187 0.0065 0.0081 0.0581 0.0034 0.0099 0.0106 0.0140 0.1424 
 H085.4_2002  2 0.0781 0.0752 0.0211 0.0434 0.0184 0.5463 0.0714 0.0165 0.0201 0.0122 0.0113 0.0116 0.0076 0.0174 0.0056 0.0439 
 H085.4_2003  2 0.6375 0.0124 0.0863 0.0061 0.0141 0.0122 0.0234 0.0058 0.0089 0.0073 0.0151 0.0481 0.0169 0.0221 0.0120 0.0718 
 H085.5_2002  2 0.0082 0.0192 0.0105 0.0043 0.0086 0.8472 0.0129 0.0062 0.0046 0.0045 0.0174 0.0043 0.0059 0.0042 0.0067 0.0355 
 H085.5_2003  2 0.7893 0.0094 0.0210 0.0071 0.0052 0.0218 0.0069 0.0175 0.0401 0.0086 0.0120 0.0042 0.0089 0.0147 0.0106 0.0227 
 H085.6_2002  2 0.0096 0.1913 0.0163 0.0085 0.0051 0.6702 0.0151 0.0066 0.0138 0.0071 0.0125 0.0066 0.0058 0.0078 0.0081 0.0155 
 H085.6_2003  2 0.0532 0.0325 0.0319 0.0070 0.0124 0.0251 0.0418 0.0086 0.0049 0.0091 0.3339 0.0053 0.0228 0.0069 0.0403 0.3643 
 H085.7_2002  2 0.0634 0.0248 0.0851 0.0135 0.0087 0.4260 0.0504 0.0102 0.0575 0.0113 0.1051 0.0069 0.0079 0.0100 0.0256 0.0936 
 H085.7_2003  2 0.6278 0.0774 0.0157 0.0098 0.0093 0.0163 0.0085 0.0212 0.0142 0.0097 0.0236 0.0060 0.0125 0.0076 0.0182 0.1223 
 H085.8_2002  2 0.0197 0.0159 0.0133 0.0134 0.0144 0.0940 0.0571 0.0098 0.0126 0.0090 0.3117 0.0054 0.0057 0.0121 0.0094 0.3966 
 H085.8_2003  2 0.2066 0.0537 0.2808 0.0140 0.0193 0.0484 0.0339 0.0129 0.1172 0.0178 0.0167 0.0230 0.0287 0.0212 0.0265 0.0794 
      H085.9  2 0.0418 0.0168 0.0271 0.0395 0.0112 0.7195 0.0215 0.0094 0.0160 0.0131 0.0154 0.0108 0.0077 0.0159 0.0083 0.0260 
      H088.1  2 0.0102 0.0101 0.7966 0.0073 0.0429 0.0191 0.0145 0.0300 0.0107 0.0148 0.0076 0.0038 0.0100 0.0098 0.0073 0.0052 
      H088.2  2 0.0069 0.0139 0.8392 0.0061 0.0173 0.0210 0.0091 0.0089 0.0074 0.0155 0.0142 0.0116 0.0067 0.0054 0.0090 0.0078 
      H088.3  2 0.0049 0.0141 0.8777 0.0049 0.0061 0.0109 0.0069 0.0063 0.0069 0.0128 0.0115 0.0109 0.0070 0.0056 0.0078 0.0058 
      H088.4  2 0.0061 0.0096 0.8928 0.0059 0.0050 0.0048 0.0090 0.0073 0.0028 0.0063 0.0085 0.0053 0.0079 0.0188 0.0054 0.0045 
      H088.5  2 0.0049 0.0059 0.9145 0.0042 0.0079 0.0052 0.0075 0.0065 0.0047 0.0072 0.0049 0.0045 0.0054 0.0069 0.0062 0.0039 
      H088.6  2 0.0097 0.0085 0.8847 0.0053 0.0084 0.0052 0.0080 0.0147 0.0056 0.0089 0.0065 0.0044 0.0067 0.0089 0.0087 0.0055 
      H088.7  2 0.0153 0.0130 0.8579 0.0065 0.0074 0.0069 0.0053 0.0079 0.0064 0.0076 0.0077 0.0128 0.0083 0.0064 0.0238 0.0066 
      H088.8  2 0.0227 0.0081 0.8452 0.0073 0.0086 0.0066 0.0072 0.0207 0.0057 0.0104 0.0071 0.0066 0.0132 0.0127 0.0124 0.0055 
      H091.1  2 0.0216 0.0782 0.7602 0.0063 0.0061 0.0086 0.0056 0.0139 0.0132 0.0088 0.0090 0.0072 0.0088 0.0070 0.0054 0.0399 
      H091.2  2 0.0214 0.0576 0.6909 0.0042 0.0128 0.0059 0.0064 0.0488 0.0426 0.0228 0.0088 0.0095 0.0088 0.0053 0.0183 0.0360 
      H109.1  2 0.0149 0.1707 0.0097 0.0285 0.0215 0.0233 0.0079 0.0215 0.0760 0.3571 0.0091 0.0441 0.0112 0.0382 0.1383 0.0281 
      H109.2  2 0.0566 0.1530 0.0166 0.0205 0.0207 0.0081 0.0292 0.0199 0.0186 0.0455 0.0274 0.0484 0.0098 0.4423 0.0413 0.0422 
      H109.3  2 0.0200 0.4355 0.0200 0.0072 0.0221 0.0045 0.0081 0.0663 0.0098 0.0138 0.0282 0.0155 0.0191 0.0584 0.2453 0.0263 
      H109.4  2 0.0183 0.2401 0.0230 0.0253 0.0164 0.0062 0.0157 0.3073 0.0149 0.0639 0.0131 0.0159 0.0092 0.1326 0.0601 0.0379 
      H109.5  2 0.1227 0.3807 0.1293 0.0046 0.0222 0.0058 0.0106 0.0181 0.0049 0.0080 0.0149 0.0188 0.0245 0.0876 0.0523 0.0950 
      H109.6  2 0.0357 0.1687 0.0159 0.0267 0.0510 0.0104 0.0201 0.0316 0.0161 0.1198 0.0336 0.0501 0.0215 0.2751 0.0978 0.0258 
      H126.1  2 0.0091 0.1224 0.0279 0.0087 0.0140 0.1329 0.1776 0.0639 0.0071 0.0898 0.0115 0.2092 0.0749 0.0093 0.0103 0.0313 
      H126.2  2 0.0842 0.2732 0.0156 0.0462 0.0082 0.0674 0.0825 0.2152 0.0129 0.0149 0.0261 0.0439 0.0205 0.0119 0.0431 0.0343 
      H126.3  2 0.0229 0.3477 0.0415 0.0059 0.0054 0.0086 0.0083 0.0110 0.0167 0.0183 0.0044 0.4882 0.0054 0.0035 0.0061 0.0062 
      H126.4  2 0.0362 0.0234 0.0268 0.0139 0.0123 0.0202 0.3788 0.2878 0.0248 0.0254 0.0152 0.0584 0.0362 0.0139 0.0166 0.0101 
      H126.5  2 0.1609 0.0457 0.0086 0.0059 0.0094 0.0409 0.1851 0.1633 0.0086 0.0106 0.1074 0.1466 0.0618 0.0079 0.0083 0.0293 
      H126.6  2 0.2059 0.3521 0.0127 0.0048 0.0032 0.1445 0.0120 0.0111 0.0066 0.0047 0.0190 0.1961 0.0061 0.0055 0.0108 0.0049 
      H126.7  2 0.7881 0.0170 0.0313 0.0031 0.0051 0.0314 0.0071 0.0261 0.0069 0.0074 0.0193 0.0192 0.0108 0.0090 0.0085 0.0095 
      H130.1  2 0.0066 0.1509 0.0262 0.0087 0.0097 0.0080 0.6377 0.0235 0.0091 0.0158 0.0303 0.0059 0.0257 0.0119 0.0137 0.0162 
      H130.2  2 0.0266 0.0748 0.0205 0.0088 0.0180 0.0126 0.0737 0.0282 0.0499 0.1233 0.0436 0.0052 0.0176 0.4283 0.0453 0.0236 
      H130.3  2 0.0267 0.0461 0.0284 0.0054 0.0131 0.0067 0.0627 0.0240 0.0070 0.3188 0.0945 0.0046 0.2233 0.1109 0.0117 0.0160 
      H130.4  2 0.0081 0.1372 0.0252 0.0217 0.0136 0.0213 0.5181 0.0362 0.0159 0.1049 0.0138 0.0075 0.0227 0.0317 0.0097 0.0124 
      H130.5  2 0.0465 0.1593 0.0647 0.0062 0.0268 0.0278 0.2640 0.0166 0.0257 0.0262 0.1061 0.0068 0.0112 0.1678 0.0090 0.0355 
      H133.1  2 0.0094 0.8455 0.0070 0.0209 0.0078 0.0062 0.0218 0.0070 0.0062 0.0144 0.0093 0.0055 0.0113 0.0075 0.0095 0.0108 
      H133.2  2 0.0064 0.8384 0.0099 0.0059 0.0064 0.0161 0.0177 0.0052 0.0036 0.0098 0.0151 0.0077 0.0127 0.0223 0.0120 0.0109 
      H133.3  2 0.0137 0.7977 0.0311 0.0274 0.0121 0.0145 0.0075 0.0063 0.0076 0.0092 0.0085 0.0079 0.0119 0.0096 0.0086 0.0264 
      H133.4  2 0.0104 0.7960 0.0086 0.0185 0.0071 0.0082 0.0097 0.0070 0.0065 0.0195 0.0093 0.0060 0.0177 0.0135 0.0517 0.0104 
      H133.5  2 0.0053 0.8840 0.0081 0.0071 0.0038 0.0114 0.0089 0.0077 0.0046 0.0127 0.0122 0.0055 0.0063 0.0089 0.0053 0.0080 
      H133.6  2 0.0060 0.7676 0.0292 0.0064 0.0115 0.0249 0.0193 0.0068 0.0085 0.0437 0.0171 0.0099 0.0136 0.0122 0.0077 0.0156 
      H133.7  2 0.0113 0.7157 0.0178 0.0346 0.0189 0.0129 0.0185 0.0062 0.0082 0.0151 0.0098 0.0068 0.0165 0.0070 0.0593 0.0413 
      H133.8  2 0.0042 0.8618 0.0050 0.0110 0.0043 0.0215 0.0086 0.0050 0.0065 0.0146 0.0056 0.0044 0.0044 0.0057 0.0077 0.0299 
      H133.9  2 0.0090 0.7629 0.0109 0.0286 0.0073 0.0073 0.0284 0.0132 0.0098 0.0352 0.0133 0.0061 0.0245 0.0142 0.0157 0.0136 
      H147.1  2 0.3520 0.0144 0.0548 0.0222 0.0331 0.0511 0.0195 0.0039 0.0267 0.0048 0.0911 0.0233 0.0069 0.1088 0.0375 0.1501 
      H147.2  2 0.8125 0.0071 0.0117 0.0048 0.0090 0.0114 0.0126 0.0037 0.0058 0.0059 0.0439 0.0101 0.0068 0.0228 0.0067 0.0252 
      H147.3  2 0.8169 0.0064 0.0065 0.0046 0.0089 0.0323 0.0088 0.0051 0.0062 0.0043 0.0422 0.0058 0.0064 0.0272 0.0077 0.0108 
      H147.4  2 0.8178 0.0043 0.0084 0.0244 0.0062 0.0112 0.0046 0.0044 0.0084 0.0037 0.0169 0.0052 0.0051 0.0545 0.0095 0.0153 
      H147.5  2 0.4753 0.0088 0.0746 0.0076 0.0138 0.0208 0.0092 0.0162 0.0164 0.0095 0.0887 0.0103 0.0144 0.1932 0.0113 0.0299 
      H147.6  2 0.3571 0.0136 0.0762 0.0093 0.0100 0.0145 0.0077 0.0190 0.0200 0.0045 0.0746 0.0159 0.0109 0.3115 0.0162 0.0390 
      H147.7  2 0.7570 0.0057 0.0080 0.0230 0.0098 0.0094 0.0063 0.0057 0.0205 0.0041 0.0197 0.0083 0.0068 0.0771 0.0230 0.0158 
      H147.8  2 0.6420 0.0133 0.0543 0.0311 0.0066 0.0098 0.0039 0.0083 0.0142 0.0065 0.0122 0.0123 0.0051 0.1499 0.0112 0.0193 
      H147.9  2 0.8533 0.0055 0.0055 0.0063 0.0059 0.0185 0.0087 0.0059 0.0063 0.0046 0.0254 0.0051 0.0073 0.0224 0.0069 0.0126 
      H148.1  2 0.0117 0.0126 0.0217 0.0505 0.1007 0.0060 0.4220 0.0109 0.0229 0.0745 0.0854 0.0416 0.0083 0.0640 0.0212 0.0460 
      H148.2  2 0.0142 0.0151 0.0098 0.0463 0.4870 0.0209 0.1691 0.0083 0.0194 0.0558 0.0204 0.0597 0.0077 0.0268 0.0144 0.0250 
      H148.3  2 0.0112 0.0066 0.0116 0.0293 0.6790 0.0076 0.0122 0.0064 0.0067 0.0155 0.0119 0.0129 0.0095 0.0080 0.0100 0.1617 
      H148.4  2 0.0199 0.0127 0.0168 0.0597 0.2152 0.0114 0.2842 0.0114 0.0114 0.1031 0.1206 0.0328 0.0123 0.0136 0.0132 0.0617 
      H148.5  2 0.0078 0.0072 0.0229 0.0234 0.7956 0.0061 0.0145 0.0082 0.0067 0.0244 0.0127 0.0162 0.0104 0.0239 0.0063 0.0138 
      H148.6  2 0.0142 0.0077 0.0139 0.1030 0.6106 0.0125 0.0793 0.0065 0.0242 0.0330 0.0140 0.0189 0.0057 0.0181 0.0094 0.0290 
      H148.7  2 0.0077 0.0118 0.0303 0.0292 0.5281 0.0067 0.0561 0.0163 0.0092 0.1660 0.0226 0.0248 0.0129 0.0369 0.0219 0.0195 
      H148.8  2 0.0069 0.0058 0.0161 0.0250 0.8011 0.0069 0.0605 0.0045 0.0048 0.0147 0.0082 0.0065 0.0062 0.0110 0.0050 0.0168 
      H148.9  2 0.0106 0.0093 0.0093 0.1256 0.2491 0.0606 0.0869 0.0157 0.0151 0.1734 0.0164 0.0882 0.0190 0.0190 0.0509 0.0509 
   H166022.1  2 0.0073 0.0061 0.8452 0.0082 0.0100 0.0100 0.0050 0.0044 0.0324 0.0052 0.0135 0.0089 0.0051 0.0193 0.0083 0.0108 
   H166022.2  2 0.0578 0.0072 0.4892 0.0113 0.0186 0.0129 0.0124 0.0161 0.0554 0.0161 0.1137 0.0148 0.0156 0.1096 0.0335 0.0157 
   H166022.3  2 0.0051 0.0073 0.6768 0.0069 0.0111 0.0044 0.0097 0.0170 0.1754 0.0181 0.0185 0.0053 0.0076 0.0167 0.0114 0.0085 
   H166022.4  2 0.0060 0.0058 0.8491 0.0054 0.0067 0.0048 0.0056 0.0166 0.0161 0.0125 0.0282 0.0060 0.0069 0.0125 0.0053 0.0123 
   H166022.5  2 0.0091 0.0099 0.8022 0.0045 0.0066 0.0050 0.0067 0.0087 0.0151 0.0105 0.0275 0.0058 0.0086 0.0604 0.0065 0.0130 
   H166022.6  2 0.0088 0.0263 0.7164 0.0193 0.0086 0.0097 0.0356 0.0128 0.0427 0.0103 0.0336 0.0068 0.0082 0.0228 0.0255 0.0126 
   H166022.7  2 0.0096 0.0100 0.0087 0.0141 0.0045 0.0057 0.0139 0.0278 0.0040 0.8386 0.0074 0.0066 0.0067 0.0185 0.0161 0.0079 
   H166022.8  2 0.0184 0.0391 0.1926 0.0079 0.0098 0.0224 0.0614 0.0072 0.0545 0.0094 0.3874 0.0095 0.0182 0.1209 0.0159 0.0255 
   H167397.1  2 0.0436 0.0066 0.2107 0.5278 0.0167 0.0061 0.0151 0.0084 0.0060 0.0085 0.0226 0.0230 0.0070 0.0378 0.0199 0.0402 
   H167397.2  2 0.0341 0.0201 0.0137 0.5849 0.0128 0.0568 0.0738 0.0090 0.0586 0.0105 0.0507 0.0089 0.0073 0.0134 0.0122 0.0332 
   H167397.3  2 0.0771 0.0111 0.0828 0.6223 0.0128 0.0048 0.0243 0.0079 0.0166 0.0055 0.0108 0.0521 0.0109 0.0150 0.0164 0.0294 
   H167397.4  2 0.0388 0.0136 0.0131 0.6783 0.0390 0.0397 0.0085 0.0103 0.0209 0.0147 0.0118 0.0086 0.0074 0.0189 0.0479 0.0285 
   H167397.5  2 0.0275 0.0097 0.0408 0.6246 0.0153 0.0074 0.0409 0.0176 0.0146 0.0154 0.0470 0.0070 0.0114 0.0269 0.0193 0.0745 
   H167397.6  2 0.0422 0.0153 0.0401 0.6204 0.0150 0.0117 0.0206 0.0132 0.0111 0.0105 0.0065 0.1230 0.0202 0.0067 0.0253 0.0181 
   H167496.1  2 0.0090 0.0501 0.4110 0.0077 0.0968 0.0062 0.0115 0.0375 0.0131 0.0161 0.0211 0.0189 0.0393 0.0140 0.0151 0.2325 
   H167496.2  2 0.0899 0.0589 0.0656 0.0164 0.1297 0.0186 0.0279 0.0343 0.0093 0.0434 0.2114 0.0805 0.0287 0.0349 0.0537 0.0967 
   H167496.3  2 0.0225 0.0276 0.3226 0.0107 0.0503 0.1322 0.0300 0.0242 0.0529 0.0107 0.0565 0.0084 0.0243 0.0121 0.0221 0.1932 
   H167496.4  2 0.0128 0.0062 0.8948 0.0044 0.0041 0.0097 0.0047 0.0081 0.0064 0.0051 0.0091 0.0081 0.0048 0.0071 0.0056 0.0091 
   H167496.6  2 0.0282 0.0104 0.6501 0.0061 0.0065 0.0086 0.0081 0.0153 0.0063 0.0084 0.1820 0.0125 0.0126 0.0145 0.0096 0.0208 
   H167496.7  2 0.0124 0.0293 0.0410 0.0053 0.0620 0.0060 0.0604 0.0237 0.0375 0.0122 0.0681 0.0394 0.0639 0.0150 0.0456 0.4784 
   H167496.8  2 0.0275 0.0118 0.7006 0.0073 0.0052 0.0085 0.0067 0.0073 0.0079 0.0108 0.0908 0.0362 0.0115 0.0150 0.0194 0.0335 
   H167513.1  2 0.0072 0.0111 0.0081 0.0077 0.0043 0.0081 0.0091 0.0081 0.0083 0.0130 0.0112 0.0130 0.0063 0.0082 0.8706 0.0058 
   H167513.2  2 0.0049 0.0105 0.0121 0.0237 0.0139 0.0067 0.0082 0.0065 0.0065 0.0065 0.0073 0.0126 0.0092 0.0060 0.8518 0.0136 
   H167513.3  2 0.0067 0.0085 0.0078 0.0075 0.0055 0.0052 0.0067 0.0147 0.0126 0.0121 0.0093 0.0115 0.0131 0.0205 0.8496 0.0086 
   H167513.4  2 0.0099 0.0167 0.0186 0.0098 0.0155 0.0077 0.0144 0.0067 0.0613 0.0739 0.0149 0.0275 0.0084 0.0188 0.6873 0.0087 
   H167513.5  2 0.0048 0.0098 0.0124 0.0175 0.0098 0.0068 0.0070 0.0042 0.0074 0.0057 0.0072 0.0071 0.0052 0.0049 0.8843 0.0060 
   H167513.6  2 0.0098 0.0144 0.0169 0.0081 0.0057 0.0105 0.0068 0.0071 0.0150 0.0089 0.0130 0.0172 0.0081 0.0206 0.8211 0.0167 
   H167513.7  2 0.0103 0.0297 0.0080 0.0268 0.0039 0.0098 0.0056 0.0085 0.0267 0.0187 0.0073 0.0112 0.0056 0.0120 0.8066 0.0093 
   H167513.8  2 0.0074 0.0140 0.0042 0.0164 0.0034 0.0036 0.0046 0.0101 0.0053 0.0123 0.0084 0.0113 0.0061 0.0142 0.8738 0.0048 
   H167547.1  2 0.0084 0.0130 0.0421 0.0274 0.5568 0.0083 0.1052 0.0150 0.0277 0.0157 0.0222 0.0131 0.0627 0.0124 0.0271 0.0429 
   H167547.2  2 0.0149 0.0082 0.2699 0.0224 0.2231 0.0078 0.0228 0.0155 0.0270 0.0057 0.0163 0.0290 0.0225 0.0074 0.0542 0.2533 
   H167547.3  2 0.0127 0.0062 0.2655 0.0220 0.2128 0.0091 0.0280 0.0145 0.0387 0.0064 0.0128 0.0380 0.0279 0.0110 0.0565 0.2380 
   H167547.4  2 0.0089 0.0117 0.3046 0.0432 0.0407 0.0168 0.1768 0.0491 0.2030 0.0236 0.0157 0.0068 0.0283 0.0135 0.0282 0.0292 
   H167547.5  2 0.0073 0.0077 0.5357 0.0085 0.2587 0.0065 0.0158 0.0198 0.0098 0.0053 0.0064 0.0118 0.0079 0.0151 0.0128 0.0710 
   H167547.6  2 0.0088 0.0069 0.5552 0.0100 0.2727 0.0072 0.0117 0.0179 0.0121 0.0058 0.0064 0.0131 0.0084 0.0202 0.0098 0.0337 
   H167547.7  2 0.0218 0.1727 0.0218 0.0181 0.1591 0.0967 0.0661 0.0289 0.0432 0.0453 0.0150 0.0139 0.0710 0.0205 0.1158 0.0901 
   H169750.1  2 0.0084 0.6603 0.0614 0.0074 0.0152 0.0087 0.0382 0.0471 0.0244 0.0237 0.0126 0.0128 0.0331 0.0168 0.0177 0.0122 
   H169750.2  2 0.0638 0.1840 0.0384 0.0408 0.0121 0.0192 0.0524 0.0242 0.0069 0.0518 0.0636 0.0124 0.0252 0.0637 0.1686 0.1728 
   H169750.3  2 0.0131 0.6541 0.0500 0.0038 0.0127 0.0131 0.0126 0.0388 0.0060 0.0384 0.0081 0.0066 0.0318 0.0555 0.0404 0.0149 
   H169750.4  2 0.0126 0.5062 0.0500 0.0515 0.0191 0.0138 0.0638 0.0123 0.0047 0.0358 0.0529 0.0228 0.0796 0.0072 0.0293 0.0383 
   H169750.5  2 0.0166 0.7984 0.0249 0.0052 0.0060 0.0066 0.0158 0.0189 0.0229 0.0185 0.0121 0.0056 0.0065 0.0180 0.0107 0.0133 
   H169750.6  2 0.1621 0.4541 0.0614 0.0082 0.0077 0.0185 0.0265 0.0453 0.0106 0.0601 0.0322 0.0081 0.0103 0.0464 0.0318 0.0167 
   H169750.7  2 0.0226 0.4051 0.0305 0.0232 0.0121 0.0352 0.0246 0.0630 0.0061 0.0332 0.0419 0.0228 0.0482 0.0171 0.1235 0.0909 
   H171929.1  2 0.0070 0.0145 0.0097 0.0605 0.0304 0.0467 0.0171 0.0067 0.0085 0.0057 0.0051 0.0059 0.0079 0.0044 0.7635 0.0064 
  H171929.10  2 0.0152 0.0495 0.0567 0.0256 0.0593 0.0600 0.0146 0.0056 0.0134 0.0071 0.0113 0.0105 0.0206 0.0186 0.6059 0.0260 
  H171929.11  2 0.0071 0.0166 0.0119 0.0259 0.0109 0.0192 0.0082 0.0096 0.0048 0.0051 0.0067 0.0069 0.0069 0.0050 0.8455 0.0098 
   H171929.2  2 0.0053 0.0272 0.0129 0.0062 0.0449 0.0129 0.0180 0.0077 0.0105 0.0123 0.0047 0.0046 0.0069 0.0082 0.8096 0.0081 
   H171929.3  2 0.0093 0.0099 0.0145 0.0104 0.0133 0.0078 0.0090 0.0062 0.0096 0.0065 0.0041 0.0049 0.0098 0.0081 0.8688 0.0079 
   H171929.4  2 0.0203 0.0392 0.0366 0.0060 0.0217 0.0355 0.0446 0.0141 0.0162 0.0127 0.0084 0.0039 0.0197 0.0101 0.6963 0.0146 
   H171929.5  2 0.0058 0.0183 0.0056 0.0121 0.0100 0.0085 0.0107 0.0086 0.0048 0.0102 0.0069 0.0074 0.0073 0.0069 0.8699 0.0069 
   H171929.6  2 0.0051 0.0125 0.0049 0.0099 0.0087 0.0059 0.0092 0.0107 0.0044 0.0096 0.0041 0.0074 0.0060 0.0092 0.8873 0.0051 
   H171929.7  2 0.0091 0.0091 0.0058 0.0044 0.0087 0.0325 0.0128 0.0085 0.0063 0.0056 0.0066 0.0042 0.0058 0.0037 0.8707 0.0061 
   H171929.8  2 0.0082 0.0238 0.0130 0.0063 0.0266 0.0801 0.0285 0.0074 0.0091 0.0066 0.0056 0.0054 0.0128 0.0083 0.7491 0.0092 
   H171929.9  2 0.0114 0.0407 0.0102 0.0038 0.0056 0.0752 0.0227 0.0057 0.0124 0.0100 0.0131 0.0055 0.0129 0.0143 0.7472 0.0094 
   H171930.1  2 0.0082 0.0065 0.0303 0.0207 0.0173 0.0030 0.0157 0.0537 0.0035 0.0329 0.0100 0.0073 0.0273 0.3975 0.3139 0.0521 
   H171930.2  2 0.0149 0.0199 0.0805 0.0079 0.0198 0.0114 0.0125 0.0315 0.0083 0.0274 0.0145 0.0085 0.0226 0.6450 0.0199 0.0554 
   H171930.3  2 0.0079 0.0072 0.0255 0.0167 0.0162 0.0068 0.0069 0.0345 0.0065 0.0355 0.0072 0.0099 0.0098 0.5716 0.0627 0.1750 
   H171930.4  2 0.0049 0.0058 0.0468 0.0084 0.0098 0.0040 0.0054 0.0282 0.0093 0.0159 0.0084 0.0087 0.0109 0.6269 0.0100 0.1967 
   H171930.5  2 0.0161 0.0299 0.0254 0.0190 0.0234 0.0096 0.0414 0.1398 0.0076 0.0142 0.0121 0.0097 0.0137 0.4805 0.0959 0.0616 
   H171930.6  2 0.0145 0.0073 0.0094 0.0059 0.0096 0.0042 0.0080 0.0342 0.0055 0.0077 0.0074 0.0132 0.0110 0.8379 0.0082 0.0160 
   H171930.7  2 0.0062 0.0093 0.0114 0.0253 0.0070 0.0115 0.0060 0.0113 0.0096 0.0199 0.0088 0.0108 0.0079 0.6187 0.1460 0.0906 
   H171930.8  2 0.0051 0.0087 0.0120 0.0088 0.0079 0.0044 0.0106 0.0061 0.0049 0.0150 0.0114 0.0137 0.0155 0.6386 0.1653 0.0722 
   H171933.1  2 0.0088 0.0187 0.0328 0.0591 0.0232 0.0106 0.0122 0.0096 0.6645 0.0115 0.0057 0.0048 0.0117 0.0195 0.0072 0.1002 
   H171933.2  2 0.0206 0.0301 0.0932 0.0648 0.0314 0.0552 0.0116 0.0064 0.4477 0.0195 0.0082 0.0213 0.0130 0.0459 0.0085 0.1227 
   H171933.3  2 0.0070 0.0118 0.1165 0.0109 0.0740 0.0820 0.0133 0.0182 0.4301 0.0093 0.0060 0.0164 0.0347 0.0505 0.0092 0.1101 
   H171933.4  2 0.0091 0.0112 0.0402 0.0057 0.0253 0.0359 0.0164 0.0110 0.5590 0.0180 0.0243 0.0111 0.1194 0.0566 0.0292 0.0278 
   H171933.5  2 0.0056 0.0180 0.0296 0.0121 0.0563 0.0155 0.0412 0.0299 0.1799 0.0346 0.0242 0.0165 0.3897 0.0501 0.0525 0.0445 
   H171933.6  2 0.0207 0.0115 0.2896 0.0064 0.0091 0.0094 0.0069 0.0135 0.5144 0.0235 0.0103 0.0089 0.0183 0.0091 0.0061 0.0424 
   H171933.7  2 0.0128 0.0114 0.0106 0.0126 0.0137 0.0499 0.0115 0.0256 0.4362 0.0064 0.0282 0.0217 0.0139 0.0584 0.0097 0.2772 
   H171933.8  2 0.0217 0.0130 0.0138 0.0377 0.0222 0.0608 0.0122 0.0089 0.4643 0.0121 0.0356 0.0424 0.0182 0.0922 0.0367 0.1083 
   H171933.9  2 0.0081 0.0050 0.0200 0.0039 0.0086 0.0117 0.0065 0.0194 0.7507 0.0122 0.0252 0.0065 0.0431 0.0323 0.0107 0.0360 
      H190.1  2 0.0146 0.0116 0.0138 0.0043 0.0454 0.0054 0.0202 0.1018 0.0273 0.0384 0.0790 0.0125 0.0275 0.5362 0.0175 0.0446 
      H190.2  2 0.0267 0.0334 0.0241 0.0067 0.0522 0.0270 0.0154 0.0084 0.0047 0.0060 0.0573 0.0432 0.0166 0.0132 0.0059 0.6592 
      H190.3  2 0.0248 0.0432 0.0599 0.0142 0.0669 0.0303 0.1383 0.0217 0.0140 0.0219 0.0134 0.0103 0.0211 0.0342 0.0157 0.4701 
      H190.4  2 0.0063 0.0160 0.0426 0.0082 0.1261 0.0135 0.0258 0.0411 0.0486 0.0241 0.0084 0.0040 0.0185 0.5975 0.0085 0.0107 
      H190.5  2 0.0300 0.0580 0.0156 0.0056 0.0118 0.0123 0.0107 0.0115 0.0082 0.0116 0.1164 0.0147 0.0112 0.0136 0.0107 0.6581 
      H190.6  2 0.0084 0.0138 0.0296 0.0081 0.2784 0.0164 0.0323 0.0361 0.0226 0.0108 0.0075 0.0053 0.0152 0.4998 0.0071 0.0086 
      H190.7  2 0.0098 0.0336 0.1997 0.0090 0.0579 0.3621 0.0757 0.0087 0.0061 0.0092 0.0162 0.0111 0.0753 0.0409 0.0109 0.0738 
      H190.8  2 0.0138 0.0152 0.0118 0.0039 0.0184 0.0211 0.0107 0.0156 0.0072 0.0134 0.2913 0.0135 0.0305 0.0249 0.0134 0.4953 
      H190.9  2 0.0096 0.1171 0.0423 0.0141 0.0695 0.0949 0.0222 0.0073 0.0075 0.0164 0.1894 0.0243 0.0562 0.0574 0.0180 0.2540 
      H400.1  2 0.0110 0.0987 0.6658 0.0099 0.0041 0.0111 0.0258 0.0085 0.0364 0.0132 0.0098 0.0558 0.0130 0.0253 0.0043 0.0071 
      H400.2  2 0.0263 0.0858 0.6061 0.0203 0.0070 0.0075 0.0101 0.0170 0.0897 0.0168 0.0051 0.0532 0.0057 0.0243 0.0152 0.0098 
      H400.3  2 0.0092 0.3112 0.2881 0.0140 0.0127 0.0075 0.0237 0.0415 0.0956 0.0237 0.0097 0.0236 0.0188 0.0620 0.0091 0.0498 
      H400.4  2 0.0120 0.0354 0.7632 0.0046 0.0091 0.0143 0.0098 0.0128 0.0175 0.0186 0.0056 0.0169 0.0097 0.0448 0.0172 0.0086 
      H400.5  2 0.0106 0.1827 0.2349 0.0093 0.0248 0.0084 0.0236 0.0236 0.2821 0.0325 0.0046 0.0113 0.0374 0.0575 0.0101 0.0466 
      H400.6  2 0.0089 0.0496 0.7174 0.0038 0.0049 0.0489 0.0226 0.0056 0.0259 0.0117 0.0049 0.0438 0.0104 0.0271 0.0051 0.0094 
      H400.7  2 0.0054 0.0275 0.5693 0.0088 0.0256 0.0135 0.0448 0.0101 0.1364 0.0221 0.0093 0.0247 0.0099 0.0347 0.0257 0.0321 
 H428.1_2005  2 0.0036 0.0041 0.0039 0.0039 0.0047 0.0055 0.0039 0.0047 0.9392 0.0053 0.0032 0.0039 0.0036 0.0030 0.0046 0.0029 
 H428.1_2006  2 0.0142 0.0061 0.0072 0.0039 0.0047 0.0080 0.0041 0.0044 0.9003 0.0040 0.0086 0.0098 0.0059 0.0028 0.0094 0.0066 
 H428.2_2005  2 0.0039 0.0050 0.0069 0.0040 0.0071 0.0037 0.0063 0.0048 0.9271 0.0065 0.0042 0.0037 0.0039 0.0037 0.0046 0.0047 
 H428.2_2006  2 0.0207 0.0070 0.0093 0.0048 0.0046 0.0051 0.0038 0.0079 0.8833 0.0053 0.0132 0.0081 0.0054 0.0058 0.0100 0.0058 
 H428.3_2005  2 0.0046 0.0036 0.0068 0.0030 0.0051 0.0051 0.0050 0.0046 0.9314 0.0038 0.0042 0.0042 0.0045 0.0047 0.0047 0.0047 
 H428.3_2006  2 0.0124 0.0065 0.0068 0.0057 0.0050 0.0065 0.0037 0.0102 0.8835 0.0060 0.0117 0.0117 0.0053 0.0071 0.0116 0.0064 
 H428.4_2005  2 0.0039 0.0037 0.0062 0.0037 0.0069 0.0042 0.0037 0.0050 0.9323 0.0044 0.0039 0.0036 0.0048 0.0040 0.0056 0.0040 
 H428.4_2006  2 0.0056 0.0034 0.0051 0.0041 0.0039 0.0060 0.0031 0.0035 0.9402 0.0032 0.0033 0.0038 0.0036 0.0031 0.0040 0.0040 
 H428.5_2005  2 0.0050 0.0032 0.0040 0.0059 0.0039 0.0038 0.0030 0.0045 0.9392 0.0045 0.0037 0.0031 0.0031 0.0041 0.0054 0.0035 
 H428.6_2005  2 0.0068 0.0041 0.0046 0.0030 0.0043 0.0083 0.0057 0.0050 0.9292 0.0037 0.0034 0.0045 0.0051 0.0040 0.0047 0.0037 
 H428.6_2006  2 0.0104 0.0045 0.0057 0.0100 0.0042 0.0078 0.0047 0.0117 0.8888 0.0119 0.0045 0.0054 0.0075 0.0080 0.0107 0.0042 
      H428.7  2 0.0048 0.0032 0.0051 0.0028 0.0039 0.0047 0.0036 0.0049 0.9405 0.0034 0.0053 0.0041 0.0031 0.0042 0.0029 0.0036 
      H428.8  2 0.0051 0.0037 0.0038 0.0045 0.0035 0.0046 0.0033 0.0074 0.9348 0.0047 0.0044 0.0037 0.0033 0.0040 0.0047 0.0044 
      H428.9  2 0.0048 0.0047 0.0048 0.0038 0.0048 0.0039 0.0038 0.0055 0.9337 0.0045 0.0044 0.0046 0.0035 0.0048 0.0042 0.0043 
      H453.1  2 0.0328 0.0243 0.7150 0.0057 0.0057 0.0088 0.0089 0.0101 0.0172 0.0316 0.0611 0.0064 0.0110 0.0273 0.0135 0.0206 
      H453.2  2 0.0076 0.0378 0.6985 0.0044 0.0050 0.0104 0.0088 0.0086 0.0133 0.0458 0.0522 0.0051 0.0116 0.0484 0.0070 0.0355 
      H453.3  2 0.0084 0.0194 0.8053 0.0037 0.0074 0.0202 0.0166 0.0085 0.0114 0.0104 0.0375 0.0043 0.0087 0.0083 0.0055 0.0243 
      H453.4  2 0.0053 0.0475 0.7890 0.0033 0.0043 0.0062 0.0099 0.0072 0.0083 0.0227 0.0280 0.0038 0.0111 0.0206 0.0118 0.0213 
      H453.5  2 0.0629 0.0349 0.7063 0.0060 0.0058 0.0063 0.0054 0.0108 0.0080 0.0259 0.0341 0.0047 0.0095 0.0569 0.0057 0.0169 
      H453.6  2 0.0876 0.0100 0.7096 0.0059 0.0042 0.0063 0.0038 0.0073 0.0230 0.0211 0.0231 0.0032 0.0064 0.0595 0.0047 0.0243 
      H453.7  2 0.1159 0.0282 0.0416 0.0049 0.0168 0.1535 0.0883 0.0057 0.0128 0.0487 0.3162 0.0058 0.0180 0.0387 0.0255 0.0793 
      H453.8  2 0.0334 0.0319 0.3030 0.0047 0.0145 0.0156 0.0408 0.0077 0.0055 0.0433 0.3993 0.0079 0.0209 0.0129 0.0219 0.0367 
      H453.9  2 0.2144 0.0351 0.0403 0.0048 0.0037 0.0272 0.0163 0.0081 0.0111 0.0302 0.4623 0.0049 0.0094 0.0573 0.0103 0.0645 
      H512.1  2 0.0156 0.0119 0.0243 0.0047 0.0074 0.0249 0.0089 0.0293 0.0679 0.0247 0.4310 0.0103 0.0170 0.2014 0.0061 0.1149 
     H512.10  2 0.0401 0.0116 0.0071 0.0461 0.0104 0.0046 0.0102 0.0121 0.0234 0.0282 0.5773 0.0059 0.0172 0.0332 0.0085 0.1641 
      H512.2  2 0.0083 0.0098 0.0077 0.0095 0.0141 0.0057 0.0071 0.0172 0.0318 0.0157 0.6804 0.0092 0.0079 0.0107 0.0075 0.1575 
      H512.3  2 0.0093 0.0138 0.0112 0.0210 0.0071 0.0041 0.0063 0.0720 0.0163 0.0608 0.4994 0.0126 0.0418 0.0265 0.0089 0.1889 
      H512.4  2 0.0492 0.0130 0.0093 0.0112 0.0287 0.0041 0.0105 0.0066 0.0296 0.0227 0.5728 0.0081 0.0068 0.0761 0.0111 0.1401 
      H512.5  2 0.0118 0.0202 0.0145 0.0235 0.0096 0.0047 0.0089 0.1656 0.0198 0.1218 0.3113 0.0101 0.0689 0.0096 0.0117 0.1881 
      H512.6  2 0.0070 0.0141 0.0130 0.0042 0.0173 0.0044 0.0101 0.0456 0.0095 0.0208 0.6420 0.0108 0.0136 0.0251 0.0081 0.1545 
      H512.7  2 0.0201 0.0135 0.0710 0.0254 0.0080 0.0104 0.0062 0.2285 0.0146 0.1532 0.1603 0.0297 0.1156 0.0130 0.0102 0.1205 
      H512.8  2 0.0072 0.0081 0.0119 0.0057 0.0219 0.0052 0.0093 0.0265 0.0158 0.0171 0.6694 0.0152 0.0097 0.0265 0.0127 0.1379 
      H512.9  2 0.0230 0.0359 0.0300 0.0315 0.0112 0.0256 0.0089 0.0858 0.0252 0.1186 0.3654 0.0197 0.0533 0.0117 0.0045 0.1499 
      H513.1  2 0.0091 0.0063 0.0086 0.0052 0.0039 0.0047 0.0048 0.0054 0.9064 0.0047 0.0087 0.0110 0.0040 0.0053 0.0060 0.0060 
      H513.2  2 0.0183 0.0116 0.0129 0.0057 0.0102 0.0099 0.0123 0.0063 0.8384 0.0065 0.0098 0.0069 0.0049 0.0140 0.0198 0.0124 
      H513.3  2 0.0104 0.0061 0.0073 0.0044 0.0040 0.0077 0.0049 0.0055 0.9023 0.0069 0.0121 0.0044 0.0051 0.0063 0.0059 0.0067 
      H513.4  2 0.0321 0.0187 0.0384 0.0034 0.0092 0.0154 0.0067 0.0124 0.7329 0.0058 0.0119 0.0178 0.0112 0.0253 0.0322 0.0268 
      H513.5  2 0.0084 0.0057 0.0060 0.0057 0.0035 0.0050 0.0043 0.0112 0.8887 0.0108 0.0076 0.0072 0.0050 0.0134 0.0133 0.0044 
