      H008.1  2 0.0155 0.0549 0.0105 0.0084 0.0128 0.0112 0.0181 0.0103 0.0088 0.0087 0.0163 0.0305 0.0070 0.7869 
      H008.2  2 0.0323 0.7434 0.0089 0.0324 0.0071 0.0207 0.0223 0.0161 0.0094 0.0088 0.0211 0.0276 0.0240 0.0259 
      H008.3  2 0.1009 0.5183 0.0144 0.0524 0.0202 0.0600 0.0214 0.0370 0.0199 0.0127 0.0232 0.0538 0.0275 0.0383 
      H008.4  2 0.0131 0.3372 0.0136 0.0289 0.0090 0.0103 0.0239 0.0244 0.0133 0.0179 0.0136 0.0511 0.0526 0.3910 
      H008.5  2 0.0228 0.1080 0.0081 0.0267 0.0130 0.0189 0.0096 0.0449 0.0169 0.0105 0.0152 0.0418 0.0158 0.6479 
      H008.6  2 0.0304 0.6335 0.0067 0.0265 0.0066 0.0072 0.0355 0.0174 0.0124 0.0125 0.0129 0.0386 0.0513 0.1085 
      H008.7  2 0.0287 0.5161 0.0232 0.0227 0.0102 0.0406 0.0330 0.0428 0.0103 0.0184 0.0376 0.0336 0.0579 0.1250 
      H008.8  2 0.0102 0.7350 0.0093 0.0256 0.0216 0.0161 0.0686 0.0094 0.0083 0.0141 0.0084 0.0271 0.0084 0.0381 
      H008.9  2 0.0150 0.7540 0.0131 0.0227 0.0064 0.0074 0.0406 0.0102 0.0103 0.0085 0.0086 0.0196 0.0722 0.0115 
 H029.1_2002  2 0.0098 0.0273 0.0107 0.0076 0.0094 0.0108 0.0394 0.0645 0.0076 0.0531 0.0122 0.0119 0.0255 0.7102 
 H029.1_2003  2 0.0391 0.4603 0.0055 0.0097 0.0088 0.0054 0.0151 0.3161 0.0119 0.0142 0.0102 0.0276 0.0100 0.0659 
 H029.2_2002  2 0.0443 0.0264 0.0061 0.0166 0.0072 0.0323 0.0093 0.0603 0.0087 0.0367 0.0093 0.0173 0.0380 0.6875 
 H029.2_2003  2 0.1526 0.3089 0.0050 0.0221 0.0288 0.0123 0.0141 0.2029 0.0219 0.0254 0.0057 0.0090 0.0479 0.1434 
 H029.3_2002  2 0.0331 0.1263 0.0053 0.0268 0.0155 0.0817 0.0105 0.0439 0.0308 0.0319 0.0140 0.0156 0.1633 0.4012 
 H029.3_2003  2 0.0228 0.1064 0.0046 0.0050 0.0089 0.0073 0.0054 0.1717 0.0171 0.0070 0.0115 0.0239 0.0062 0.6023 
 H029.4_2002  2 0.0061 0.0174 0.0055 0.0047 0.0075 0.0103 0.0042 0.0258 0.0082 0.0046 0.0127 0.0120 0.0178 0.8631 
 H029.4_2003  2 0.0245 0.1124 0.0062 0.0122 0.0406 0.0099 0.0189 0.4475 0.0158 0.0110 0.0292 0.0385 0.0255 0.2079 
 H029.5_2002  2 0.0063 0.0098 0.0086 0.0045 0.0052 0.0118 0.0079 0.0329 0.0079 0.0105 0.0077 0.0228 0.0056 0.8583 
 H029.5_2003  2 0.0327 0.2965 0.0048 0.0058 0.0103 0.0052 0.0081 0.1792 0.0103 0.0073 0.0126 0.0170 0.0144 0.3958 
 H029.6_2002  2 0.0099 0.0365 0.0069 0.0073 0.0094 0.0323 0.0058 0.1601 0.0069 0.0048 0.0089 0.0108 0.0530 0.6475 
 H029.6_2003  2 0.1032 0.0214 0.0178 0.0112 0.0140 0.0115 0.0174 0.0680 0.0214 0.0295 0.0108 0.0475 0.0092 0.6170 
      H029.7  2 0.0180 0.0087 0.0038 0.0190 0.0089 0.0239 0.0108 0.0252 0.0053 0.0126 0.0070 0.0090 0.0254 0.8222 
      H030.1  2 0.0379 0.0116 0.0401 0.0099 0.0157 0.0193 0.0162 0.2142 0.4950 0.0254 0.0657 0.0127 0.0055 0.0310 
      H030.2  2 0.0103 0.0104 0.0497 0.0054 0.0283 0.1661 0.0106 0.0410 0.3793 0.0393 0.0725 0.0188 0.0901 0.0781 
      H038.1  2 0.0050 0.0084 0.0040 0.0076 0.0076 0.0051 0.0085 0.0066 0.0075 0.0089 0.0051 0.0070 0.0277 0.8909 
      H038.2  2 0.0065 0.0067 0.0150 0.0034 0.0096 0.0071 0.0038 0.0065 0.0090 0.0095 0.0063 0.0052 0.0062 0.9052 
      H038.3  2 0.0064 0.0097 0.0119 0.0046 0.0599 0.0078 0.0063 0.0051 0.0170 0.0231 0.0105 0.0141 0.0323 0.7914 
      H038.4  2 0.0050 0.0076 0.0157 0.0041 0.0274 0.0088 0.0064 0.0045 0.0079 0.0132 0.0106 0.0186 0.0273 0.8429 
      H038.5  2 0.0087 0.0121 0.0079 0.0039 0.0198 0.0105 0.0060 0.0078 0.0177 0.0045 0.0155 0.0073 0.0290 0.8493 
      H038.6  2 0.0087 0.0099 0.0038 0.0053 0.0079 0.0047 0.0061 0.0089 0.0099 0.0129 0.0078 0.0043 0.0100 0.8996 
      H038.7  2 0.0067 0.0068 0.0058 0.0034 0.0238 0.0039 0.0044 0.0051 0.0091 0.0270 0.0082 0.0064 0.0143 0.8751 
      H038.8  2 0.0050 0.0073 0.0145 0.0035 0.0356 0.0124 0.0044 0.0043 0.0104 0.0120 0.0084 0.0107 0.0932 0.7783 
      H041.1  2 0.0169 0.0099 0.0164 0.0225 0.0239 0.1096 0.0176 0.1826 0.0082 0.0048 0.1535 0.2258 0.0260 0.1823 
      H041.2  2 0.0079 0.0093 0.0088 0.0077 0.0071 0.0073 0.0109 0.3027 0.0081 0.0107 0.0102 0.5157 0.0165 0.0772 
      H041.4  2 0.0105 0.0462 0.0219 0.0244 0.0120 0.0136 0.0377 0.3232 0.0115 0.0116 0.0358 0.0925 0.0380 0.3211 
      H041.6  2 0.0085 0.0297 0.0220 0.0288 0.0210 0.0193 0.0497 0.2857 0.0135 0.0194 0.0208 0.1648 0.0177 0.2990 
 H042.1_2002  2 0.0173 0.0079 0.0538 0.0145 0.0263 0.0073 0.0329 0.7570 0.0102 0.0151 0.0081 0.0236 0.0152 0.0108 
 H042.1_2003  2 0.0944 0.1140 0.0336 0.0116 0.0246 0.0128 0.0392 0.0396 0.0264 0.0786 0.0145 0.3044 0.1064 0.0999 
 H042.2_2002  2 0.0606 0.0092 0.0106 0.0195 0.0305 0.0087 0.0058 0.4518 0.0078 0.0120 0.0437 0.0374 0.0518 0.2506 
 H042.2_2003  2 0.0236 0.0143 0.0325 0.0121 0.0086 0.0039 0.0290 0.2306 0.0123 0.0156 0.0137 0.5147 0.0058 0.0835 
 H042.3_2002  2 0.0432 0.0087 0.0259 0.0189 0.1301 0.0051 0.0251 0.5283 0.0132 0.0133 0.0303 0.1127 0.0325 0.0125 
 H042.3_2003  2 0.0781 0.0123 0.0355 0.0176 0.1843 0.0305 0.0287 0.2810 0.0188 0.0125 0.0934 0.1044 0.0510 0.0521 
 H042.4_2002  2 0.0135 0.0070 0.0504 0.0056 0.0104 0.0099 0.0150 0.8048 0.0114 0.0064 0.0085 0.0154 0.0168 0.0247 
 H042.4_2003  2 0.0092 0.0064 0.0159 0.0200 0.0229 0.0146 0.0222 0.8010 0.0078 0.0116 0.0129 0.0105 0.0070 0.0380 
      H042.5  2 0.0078 0.0047 0.0075 0.0138 0.0057 0.0040 0.0082 0.9164 0.0047 0.0050 0.0075 0.0066 0.0030 0.0051 
      H042.6  2 0.0072 0.0071 0.0093 0.0457 0.0484 0.0086 0.0073 0.8069 0.0081 0.0140 0.0084 0.0056 0.0112 0.0123 
      H042.7  2 0.0098 0.0122 0.0708 0.0128 0.0575 0.0070 0.0182 0.5790 0.0071 0.0573 0.0152 0.1208 0.0066 0.0258 
      H042.8  2 0.0276 0.0115 0.0113 0.0190 0.0127 0.0040 0.0126 0.7492 0.0048 0.0089 0.0182 0.0818 0.0230 0.0154 
   H042_2002  2 0.0368 0.0278 0.0199 0.1194 0.1706 0.0070 0.0433 0.1102 0.0124 0.1289 0.0533 0.1152 0.0589 0.0963 
   H042_2003  2 0.0292 0.0221 0.0219 0.1096 0.1815 0.0066 0.0343 0.1021 0.0140 0.1405 0.0784 0.1214 0.0521 0.0863 
      H043.1  2 0.0071 0.0148 0.0058 0.0178 0.8000 0.0172 0.0065 0.0054 0.0161 0.0073 0.0586 0.0059 0.0277 0.0097 
      H043.2  2 0.0084 0.0079 0.0043 0.0587 0.8027 0.0041 0.0210 0.0049 0.0055 0.0051 0.0057 0.0238 0.0340 0.0139 
      H043.3  2 0.0083 0.0095 0.0055 0.0129 0.8118 0.0043 0.0171 0.0091 0.0077 0.0277 0.0197 0.0103 0.0150 0.0409 
      H043.4  2 0.0058 0.0059 0.0053 0.0228 0.8517 0.0046 0.0198 0.0053 0.0059 0.0110 0.0156 0.0099 0.0187 0.0178 
      H043.5  2 0.0068 0.0104 0.0047 0.0064 0.8574 0.0047 0.0162 0.0049 0.0068 0.0050 0.0107 0.0201 0.0305 0.0153 
      H043.6  2 0.0078 0.0089 0.0054 0.0109 0.7480 0.0034 0.0269 0.0078 0.0095 0.0076 0.0065 0.0149 0.0726 0.0697 
      H043.7  2 0.0043 0.0052 0.0050 0.0594 0.7536 0.0034 0.0565 0.0068 0.0091 0.0200 0.0122 0.0153 0.0353 0.0138 
      H043.8  2 0.0075 0.0369 0.0073 0.0215 0.7627 0.0176 0.0178 0.0049 0.0509 0.0096 0.0241 0.0144 0.0117 0.0132 
      H043.9  2 0.0079 0.0233 0.0051 0.0281 0.6921 0.0164 0.0079 0.0143 0.0187 0.0152 0.0970 0.0079 0.0376 0.0285 
      H047.1  2 0.0191 0.0098 0.0081 0.0184 0.0406 0.0041 0.0349 0.0066 0.0148 0.0416 0.1721 0.0114 0.0137 0.6048 
      H047.2  2 0.0726 0.0344 0.0221 0.0102 0.0153 0.0494 0.0387 0.0205 0.0157 0.0402 0.1249 0.0307 0.0052 0.5200 
      H047.3  2 0.0935 0.0240 0.0214 0.0206 0.0083 0.0240 0.0171 0.0161 0.0127 0.0175 0.2823 0.0980 0.0053 0.3592 
      H047.4  2 0.0162 0.0257 0.0175 0.0119 0.0150 0.0092 0.0363 0.0432 0.0109 0.1078 0.1305 0.1002 0.0052 0.4703 
      H047.5  2 0.0270 0.0122 0.0131 0.0491 0.0095 0.0050 0.0136 0.0085 0.0097 0.0175 0.4017 0.0367 0.0042 0.3921 
      H047.6  2 0.0311 0.0236 0.0145 0.0075 0.0065 0.0095 0.0251 0.0224 0.0054 0.0200 0.6194 0.0572 0.0061 0.1518 
      H047.7  2 0.0112 0.0064 0.0127 0.0091 0.0177 0.0079 0.0204 0.0110 0.0071 0.0195 0.3009 0.0219 0.0108 0.5435 
      H047.8  2 0.0743 0.0241 0.0164 0.0111 0.0116 0.0087 0.0269 0.0198 0.0063 0.0255 0.5202 0.0606 0.0058 0.1887 
      H047.9  2 0.0313 0.0071 0.0606 0.0767 0.0323 0.0054 0.0127 0.0158 0.0113 0.0561 0.0816 0.0134 0.0045 0.5912 
 H071.1_2002  2 0.0071 0.0048 0.0049 0.0095 0.0111 0.0038 0.0073 0.0066 0.0065 0.0078 0.0070 0.0069 0.0053 0.9116 
 H071.1_2003  2 0.0118 0.0096 0.0097 0.1176 0.0228 0.0051 0.0325 0.0126 0.0580 0.0157 0.0090 0.0152 0.0099 0.6704 
     H071.10  2 0.0034 0.0051 0.0087 0.0060 0.0189 0.0092 0.0044 0.0050 0.0147 0.0054 0.0070 0.0050 0.0093 0.8978 
 H071.2_2002  2 0.0082 0.0170 0.0053 0.0156 0.0169 0.0040 0.0137 0.0061 0.0087 0.0074 0.0063 0.0079 0.0075 0.8753 
 H071.2_2003  2 0.0055 0.0050 0.0042 0.0072 0.0048 0.0040 0.0050 0.0054 0.0058 0.0055 0.0041 0.0046 0.0037 0.9351 
      H071.3  2 0.0059 0.0088 0.0098 0.0058 0.0128 0.0062 0.0037 0.0072 0.0239 0.0087 0.0129 0.0159 0.0083 0.8702 
 H071.4_2002  2 0.0050 0.0125 0.0131 0.0069 0.0388 0.0073 0.0101 0.0058 0.0160 0.0050 0.0123 0.0063 0.0152 0.8456 
 H071.4_2003  2 0.0061 0.0073 0.0062 0.0047 0.0112 0.0043 0.0038 0.0049 0.0082 0.0062 0.0056 0.0041 0.0028 0.9246 
 H071.5_2002  2 0.0033 0.0048 0.0062 0.0072 0.0099 0.0063 0.0051 0.0065 0.0082 0.0057 0.0058 0.0033 0.0051 0.9226 
 H071.5_2003  2 0.0085 0.0086 0.0108 0.0091 0.0207 0.0047 0.0123 0.0056 0.0220 0.0116 0.0138 0.0070 0.0031 0.8622 
 H071.6_2002  2 0.0056 0.0165 0.0055 0.0079 0.0272 0.0047 0.0063 0.0052 0.0108 0.0064 0.0089 0.0046 0.0061 0.8844 
 H071.6_2003  2 0.0045 0.0067 0.0067 0.0063 0.0138 0.0048 0.0072 0.0065 0.0214 0.0077 0.0077 0.0039 0.0040 0.8989 
 H071.7_2002  2 0.0047 0.0067 0.0035 0.0087 0.0087 0.0035 0.0058 0.0044 0.0044 0.0117 0.0058 0.0039 0.0036 0.9247 
 H071.7_2003  2 0.0063 0.0046 0.0122 0.0090 0.0195 0.0047 0.0072 0.0075 0.0264 0.0072 0.0082 0.0045 0.0055 0.8772 
      H071.8  2 0.0063 0.0255 0.0041 0.0122 0.0085 0.0044 0.0132 0.0055 0.0058 0.0070 0.0056 0.0110 0.0079 0.8830 
      H071.9  2 0.0077 0.0709 0.0116 0.0165 0.0787 0.0115 0.0143 0.0177 0.0177 0.0086 0.0373 0.0175 0.0167 0.6731 
 H081.1_2002  2 0.0071 0.0065 0.0085 0.0160 0.0053 0.0061 0.0058 0.0071 0.0061 0.0058 0.0038 0.0073 0.0044 0.9102 
 H081.1_2003  2 0.0398 0.0972 0.0288 0.0175 0.0281 0.0241 0.0608 0.1114 0.0799 0.1270 0.0145 0.0484 0.2623 0.0601 
 H081.2_2002  2 0.0059 0.0061 0.0083 0.0675 0.0065 0.0044 0.0107 0.0061 0.0062 0.0093 0.0077 0.0068 0.0051 0.8496 
 H081.2_2003  2 0.0090 0.0344 0.0113 0.0753 0.0245 0.0241 0.0236 0.0200 0.7134 0.0067 0.0091 0.0088 0.0100 0.0298 
 H081.3_2002  2 0.0049 0.0224 0.0109 0.0362 0.0107 0.0076 0.0167 0.0082 0.0122 0.0069 0.0110 0.0071 0.0083 0.8368 
 H081.3_2003  2 0.0120 0.0861 0.0176 0.0528 0.0715 0.0173 0.0657 0.0197 0.5949 0.0080 0.0181 0.0118 0.0111 0.0132 
 H081.4_2002  2 0.0074 0.0072 0.0080 0.0052 0.0087 0.0061 0.0060 0.0069 0.0105 0.0082 0.0048 0.0078 0.0047 0.9086 
 H081.4_2003  2 0.0343 0.0649 0.0330 0.0397 0.0200 0.0136 0.1466 0.1447 0.4089 0.0223 0.0115 0.0168 0.0203 0.0236 
 H081.5_2002  2 0.0077 0.0078 0.0055 0.0079 0.0090 0.0052 0.0113 0.0077 0.0184 0.0087 0.0050 0.0054 0.0057 0.8948 
 H081.5_2003  2 0.0265 0.0365 0.0311 0.1118 0.0260 0.0181 0.1679 0.1324 0.1355 0.0622 0.0212 0.1362 0.0346 0.0599 
      H081.6  2 0.0064 0.0065 0.0056 0.0154 0.0076 0.0039 0.0096 0.0060 0.0086 0.0086 0.0051 0.0065 0.0055 0.9046 
      H081.7  2 0.0052 0.0130 0.0142 0.0777 0.0103 0.0049 0.0129 0.0064 0.0098 0.0058 0.0071 0.0068 0.0044 0.8217 
      H081.8  2 0.0063 0.0414 0.0130 0.0128 0.0174 0.0211 0.0167 0.0126 0.0376 0.0091 0.0095 0.0124 0.0169 0.7730 
      H083.1  2 0.0114 0.0121 0.0058 0.0090 0.0095 0.0270 0.0048 0.0204 0.0088 0.0132 0.0137 0.0088 0.0132 0.8423 
      H083.2  2 0.0093 0.0121 0.0099 0.0158 0.0146 0.0218 0.0103 0.0119 0.0057 0.0153 0.0611 0.0057 0.0097 0.7967 
      H083.4  2 0.0064 0.0416 0.0130 0.0216 0.0141 0.1209 0.0074 0.0098 0.0062 0.0103 0.0195 0.0054 0.0155 0.7083 
      H083.5  2 0.0098 0.0324 0.0075 0.0151 0.0079 0.0832 0.0067 0.0224 0.0058 0.0171 0.0085 0.0109 0.0322 0.7404 
      H083.6  2 0.0132 0.0511 0.0121 0.0121 0.0102 0.1435 0.0064 0.0149 0.0114 0.0085 0.0066 0.0106 0.0110 0.6884 
      H083.7  2 0.0074 0.0474 0.0325 0.0133 0.0166 0.2641 0.0089 0.0082 0.0051 0.0117 0.0160 0.0075 0.0096 0.5518 
      H083.8  2 0.0081 0.0100 0.0141 0.0157 0.0124 0.0201 0.0110 0.0091 0.0054 0.0107 0.0614 0.0069 0.0079 0.8072 
      H083.9  2 0.0071 0.0158 0.0081 0.0095 0.0052 0.1299 0.0052 0.0249 0.0068 0.0088 0.0121 0.0104 0.0117 0.7445 
      H084.1  2 0.0112 0.0113 0.0115 0.0088 0.0174 0.0102 0.0073 0.0183 0.7097 0.0049 0.0375 0.0242 0.1177 0.0099 
      H084.2  2 0.0112 0.0115 0.0046 0.0044 0.0607 0.0092 0.0124 0.0315 0.7108 0.0087 0.0163 0.0055 0.1010 0.0121 
      H084.3  2 0.0228 0.0103 0.1408 0.0068 0.0192 0.0151 0.0071 0.0373 0.2556 0.0295 0.0119 0.0978 0.3380 0.0077 
      H084.4  2 0.0133 0.0245 0.0220 0.0043 0.0222 0.0104 0.0116 0.0441 0.3380 0.0645 0.0168 0.2008 0.2151 0.0125 
      H084.5  2 0.0139 0.0103 0.0175 0.0115 0.0125 0.0062 0.0072 0.0098 0.5215 0.0292 0.0219 0.2908 0.0406 0.0070 
      H084.6  2 0.0071 0.0166 0.0514 0.0115 0.0099 0.0347 0.0071 0.0087 0.5608 0.0205 0.0192 0.1176 0.1292 0.0056 
      H084.7  2 0.0120 0.0160 0.0085 0.0044 0.0114 0.0066 0.0096 0.0308 0.8392 0.0049 0.0223 0.0115 0.0137 0.0092 
      H084.8  2 0.0081 0.0102 0.0263 0.0087 0.0059 0.0070 0.0064 0.0093 0.5464 0.0099 0.0242 0.2491 0.0834 0.0051 
 H085.1_2002  2 0.0061 0.0141 0.0065 0.8508 0.0070 0.0117 0.0151 0.0140 0.0091 0.0065 0.0148 0.0045 0.0152 0.0245 
 H085.1_2003  2 0.0095 0.0384 0.0168 0.1432 0.0586 0.1322 0.0119 0.0624 0.0142 0.0057 0.0332 0.0250 0.0176 0.4314 
 H085.2_2002  2 0.0070 0.0113 0.0286 0.4551 0.0493 0.0934 0.1657 0.0393 0.0141 0.0124 0.0101 0.0129 0.0753 0.0254 
 H085.2_2003  2 0.0148 0.0514 0.0096 0.0262 0.0325 0.0625 0.0179 0.0630 0.0236 0.0131 0.0253 0.0143 0.0169 0.6289 
 H085.3_2002  2 0.0057 0.0041 0.0089 0.8697 0.0193 0.0142 0.0140 0.0200 0.0050 0.0051 0.0073 0.0147 0.0050 0.0071 
 H085.3_2003  2 0.0149 0.0097 0.0111 0.0510 0.1043 0.0083 0.0092 0.0172 0.0117 0.0084 0.0161 0.0387 0.0045 0.6950 
 H085.4_2002  2 0.0108 0.0148 0.0145 0.6659 0.0322 0.0191 0.0641 0.0230 0.0181 0.0081 0.0099 0.0117 0.0376 0.0701 
 H085.4_2003  2 0.0100 0.0072 0.0344 0.0114 0.0143 0.0084 0.0314 0.0477 0.0258 0.0171 0.0128 0.0303 0.0063 0.7430 
 H085.5_2002  2 0.0051 0.0041 0.0065 0.9083 0.0077 0.0037 0.0128 0.0107 0.0045 0.0041 0.0052 0.0131 0.0053 0.0087 
 H085.5_2003  2 0.0128 0.0136 0.0087 0.0293 0.0195 0.0458 0.0071 0.0275 0.0183 0.0064 0.0138 0.0069 0.0093 0.7809 
 H085.6_2002  2 0.0056 0.0073 0.0050 0.8783 0.0152 0.0130 0.0145 0.0111 0.0065 0.0060 0.0154 0.0076 0.0079 0.0067 
 H085.6_2003  2 0.0191 0.0118 0.0241 0.0849 0.1158 0.0096 0.0816 0.0717 0.0183 0.0234 0.0304 0.3570 0.0069 0.1453 
 H085.7_2002  2 0.0097 0.0147 0.0106 0.6152 0.0244 0.0464 0.0724 0.1009 0.0140 0.0188 0.0108 0.0104 0.0157 0.0359 
 H085.7_2003  2 0.0130 0.0098 0.0158 0.0226 0.0922 0.0123 0.0098 0.0147 0.0083 0.0066 0.0339 0.0504 0.0137 0.6968 
 H085.8_2002  2 0.0091 0.0108 0.0212 0.3409 0.3350 0.0170 0.0974 0.0208 0.0128 0.0127 0.0066 0.0742 0.0136 0.0279 
 H085.8_2003  2 0.0193 0.0251 0.0428 0.0470 0.0242 0.1144 0.0483 0.3377 0.0189 0.0178 0.0707 0.0398 0.0163 0.1779 
      H085.9  2 0.0091 0.0116 0.0121 0.7537 0.0198 0.0164 0.0204 0.0317 0.0212 0.0120 0.0087 0.0098 0.0297 0.0437 
      H088.1  2 0.0148 0.0566 0.0212 0.0208 0.0122 0.0126 0.0183 0.7915 0.0086 0.0058 0.0089 0.0090 0.0101 0.0096 
      H088.2  2 0.0086 0.0106 0.0167 0.0162 0.0104 0.0097 0.0110 0.8594 0.0071 0.0155 0.0117 0.0085 0.0077 0.0068 
      H088.3  2 0.0061 0.0166 0.0049 0.0102 0.0085 0.0066 0.0111 0.8867 0.0074 0.0138 0.0106 0.0074 0.0051 0.0048 
      H088.4  2 0.0102 0.0098 0.0035 0.0050 0.0068 0.0038 0.0105 0.8913 0.0186 0.0107 0.0067 0.0077 0.0063 0.0091 
      H088.5  2 0.0065 0.0112 0.0056 0.0059 0.0062 0.0051 0.0089 0.9152 0.0073 0.0052 0.0057 0.0061 0.0050 0.0062 
      H088.6  2 0.0101 0.0258 0.0071 0.0059 0.0087 0.0062 0.0075 0.8799 0.0101 0.0064 0.0077 0.0094 0.0061 0.0094 
      H088.7  2 0.0077 0.0198 0.0074 0.0085 0.0044 0.0064 0.0058 0.8561 0.0090 0.0083 0.0303 0.0116 0.0072 0.0176 
      H088.8  2 0.0130 0.0619 0.0111 0.0078 0.0086 0.0062 0.0071 0.7974 0.0152 0.0092 0.0103 0.0121 0.0059 0.0340 
      H091.1  2 0.0094 0.0099 0.0072 0.0092 0.0790 0.0166 0.0063 0.7745 0.0062 0.0058 0.0233 0.0220 0.0073 0.0233 
      H091.2  2 0.0140 0.0249 0.0175 0.0061 0.0697 0.0392 0.0109 0.6788 0.0053 0.0060 0.0318 0.0558 0.0053 0.0348 
      H109.1  2 0.0130 0.0883 0.0179 0.0415 0.0304 0.0765 0.0141 0.0074 0.0755 0.0088 0.5470 0.0190 0.0401 0.0207 
      H109.2  2 0.0077 0.0247 0.0321 0.0092 0.0310 0.0157 0.0332 0.0139 0.4378 0.0230 0.2619 0.0196 0.0177 0.0724 
      H109.3  2 0.0409 0.0539 0.0221 0.0052 0.1349 0.0142 0.0093 0.0328 0.0986 0.0159 0.4063 0.1186 0.0126 0.0348 
      H109.4  2 0.0212 0.0888 0.0238 0.0095 0.2708 0.0181 0.0274 0.0242 0.1967 0.0097 0.2234 0.0381 0.0285 0.0198 
      H109.5  2 0.0262 0.0315 0.0128 0.0081 0.0205 0.0059 0.0121 0.1791 0.0644 0.0171 0.0614 0.3061 0.0038 0.2510 
      H109.6  2 0.0185 0.1428 0.0480 0.0127 0.0729 0.0194 0.0287 0.0147 0.3309 0.0298 0.1876 0.0256 0.0239 0.0446 
      H126.1  2 0.1654 0.0776 0.0173 0.1622 0.0648 0.0110 0.2439 0.0261 0.0096 0.1077 0.0726 0.0144 0.0146 0.0128 
      H126.2  2 0.0350 0.4048 0.0140 0.0627 0.0905 0.0205 0.0736 0.0140 0.0237 0.0508 0.0611 0.0081 0.0368 0.1045 
      H126.3  2 0.0213 0.6030 0.0077 0.0312 0.0129 0.0138 0.0147 0.0996 0.0054 0.0131 0.0764 0.0223 0.0107 0.0679 
      H126.4  2 0.2168 0.0395 0.0114 0.0217 0.0682 0.0241 0.4179 0.0245 0.0193 0.0272 0.0234 0.0125 0.0265 0.0669 
      H126.5  2 0.0508 0.0424 0.0125 0.0377 0.1059 0.0105 0.1545 0.0126 0.0108 0.3200 0.0088 0.0112 0.0072 0.2151 
      H126.6  2 0.0078 0.2827 0.0042 0.1598 0.0126 0.0098 0.0193 0.0208 0.0048 0.0931 0.0337 0.0061 0.0059 0.3395 
      H126.7  2 0.0104 0.0128 0.0071 0.0302 0.0293 0.0054 0.0093 0.0225 0.0065 0.0122 0.0079 0.0049 0.0031 0.8386 
      H130.1  2 0.0177 0.0317 0.0128 0.0095 0.0234 0.0121 0.7816 0.0407 0.0113 0.0150 0.0155 0.0107 0.0091 0.0090 
      H130.2  2 0.0303 0.0543 0.0339 0.0135 0.0175 0.0457 0.1980 0.0274 0.4868 0.0122 0.0227 0.0135 0.0092 0.0351 
      H130.3  2 0.5553 0.0206 0.0222 0.0084 0.0381 0.0093 0.0936 0.0300 0.1471 0.0124 0.0160 0.0060 0.0046 0.0363 
      H130.4  2 0.0607 0.0500 0.0138 0.0174 0.0186 0.0222 0.6995 0.0246 0.0238 0.0082 0.0225 0.0063 0.0251 0.0073 
      H130.5  2 0.0103 0.0123 0.0361 0.0205 0.0223 0.0233 0.5101 0.0802 0.1786 0.0124 0.0114 0.0107 0.0054 0.0665 
      H133.1  2 0.0703 0.0156 0.0100 0.0150 0.0233 0.0146 0.1803 0.0326 0.0423 0.0116 0.4490 0.0246 0.0813 0.0295 
      H133.2  2 0.0240 0.1241 0.0082 0.1054 0.0730 0.0073 0.1091 0.0573 0.1644 0.0252 0.2402 0.0384 0.0102 0.0131 
      H133.3  2 0.0369 0.0148 0.0112 0.0457 0.0412 0.0096 0.0366 0.1141 0.0265 0.0101 0.4972 0.0283 0.0837 0.0442 
      H133.4  2 0.0248 0.0349 0.0089 0.0300 0.0296 0.0127 0.0283 0.0109 0.0370 0.0162 0.6937 0.0244 0.0349 0.0136 
      H133.5  2 0.1300 0.0862 0.0049 0.0765 0.0868 0.0127 0.0843 0.0650 0.0968 0.0191 0.2920 0.0079 0.0276 0.0103 
      H133.6  2 0.0418 0.0580 0.0103 0.0866 0.1354 0.0187 0.1067 0.1981 0.1039 0.0245 0.1719 0.0169 0.0122 0.0147 
      H133.7  2 0.0092 0.0064 0.0205 0.0165 0.0123 0.0045 0.0273 0.0108 0.0082 0.0058 0.7471 0.0895 0.0287 0.0133 
      H133.8  2 0.0353 0.0159 0.0067 0.0675 0.0547 0.0157 0.0515 0.0189 0.0153 0.0076 0.5958 0.0631 0.0409 0.0110 
      H133.9  2 0.1252 0.0090 0.0100 0.0137 0.0231 0.0198 0.1249 0.0430 0.0334 0.0100 0.4898 0.0149 0.0608 0.0223 
      H147.1  2 0.0058 0.0067 0.0186 0.0368 0.0064 0.0205 0.0156 0.0497 0.0849 0.0164 0.0092 0.4580 0.0151 0.2562 
      H147.2  2 0.0062 0.0076 0.0079 0.0095 0.0078 0.0051 0.0119 0.0158 0.0262 0.0153 0.0046 0.0197 0.0073 0.8552 
      H147.3  2 0.0063 0.0062 0.0102 0.0326 0.0062 0.0067 0.0111 0.0084 0.0326 0.0088 0.0055 0.0178 0.0055 0.8422 
      H147.4  2 0.0053 0.0080 0.0084 0.0126 0.0064 0.0125 0.0054 0.0091 0.0664 0.0054 0.0055 0.0205 0.0297 0.8049 
      H147.5  2 0.0182 0.0264 0.0142 0.0240 0.0077 0.0182 0.0157 0.1089 0.1905 0.0139 0.0065 0.0300 0.0074 0.5183 
      H147.6  2 0.0177 0.0210 0.0124 0.0189 0.0084 0.0278 0.0097 0.1523 0.2642 0.0217 0.0087 0.0237 0.0091 0.4044 
      H147.7  2 0.0082 0.0092 0.0101 0.0095 0.0057 0.0215 0.0086 0.0083 0.0851 0.0134 0.0072 0.0454 0.0276 0.7403 
      H147.8  2 0.0090 0.0267 0.0051 0.0115 0.0051 0.0283 0.0038 0.0783 0.1077 0.0071 0.0087 0.0256 0.0308 0.6523 
      H147.9  2 0.0057 0.0090 0.0062 0.0184 0.0081 0.0070 0.0095 0.0075 0.0247 0.0096 0.0043 0.0197 0.0070 0.8632 
      H148.1  2 0.0102 0.1168 0.0769 0.0093 0.0157 0.0345 0.4714 0.0216 0.0593 0.0558 0.0269 0.0370 0.0516 0.0130 
      H148.2  2 0.0154 0.0807 0.3192 0.0304 0.0092 0.0175 0.1733 0.0103 0.0351 0.0192 0.0623 0.1346 0.0735 0.0193 
      H148.3  2 0.0095 0.0123 0.7870 0.0075 0.0082 0.0046 0.0106 0.0086 0.0124 0.0175 0.0086 0.0749 0.0293 0.0090 
      H148.4  2 0.0175 0.2377 0.1487 0.0139 0.0164 0.0129 0.2577 0.0123 0.0178 0.0933 0.0159 0.0985 0.0417 0.0155 
      H148.5  2 0.0104 0.0480 0.8078 0.0084 0.0088 0.0065 0.0102 0.0122 0.0178 0.0163 0.0067 0.0159 0.0219 0.0092 
      H148.6  2 0.0067 0.0446 0.6459 0.0110 0.0071 0.0259 0.0586 0.0129 0.0144 0.0151 0.0173 0.0431 0.0826 0.0148 
      H148.7  2 0.0591 0.1564 0.4029 0.0086 0.0202 0.0094 0.0561 0.0256 0.0271 0.0266 0.0349 0.1270 0.0380 0.0080 
      H148.8  2 0.0095 0.0110 0.8382 0.0080 0.0050 0.0037 0.0516 0.0116 0.0073 0.0091 0.0048 0.0223 0.0112 0.0068 
      H148.9  2 0.0277 0.0556 0.2719 0.0671 0.0275 0.0167 0.0787 0.0095 0.0215 0.0273 0.1622 0.0409 0.1844 0.0090 
   H166022.1  2 0.0050 0.0064 0.0075 0.0114 0.0052 0.0550 0.0062 0.8194 0.0340 0.0081 0.0068 0.0144 0.0114 0.0091 
   H166022.2  2 0.0190 0.0296 0.0169 0.0147 0.0136 0.0626 0.0107 0.5138 0.1475 0.0650 0.0119 0.0276 0.0133 0.0538 
   H166022.3  2 0.0114 0.0289 0.0237 0.0057 0.0100 0.1430 0.0113 0.7101 0.0145 0.0098 0.0130 0.0067 0.0067 0.0053 
   H166022.4  2 0.0110 0.0148 0.0067 0.0042 0.0108 0.0136 0.0047 0.8877 0.0122 0.0109 0.0058 0.0060 0.0061 0.0054 
   H166022.5  2 0.0087 0.0117 0.0073 0.0046 0.0078 0.0209 0.0060 0.8208 0.0720 0.0130 0.0070 0.0070 0.0045 0.0087 
   H166022.6  2 0.0092 0.0167 0.0133 0.0071 0.0106 0.0454 0.0347 0.7619 0.0191 0.0167 0.0184 0.0140 0.0249 0.0081 
   H166022.7  2 0.0068 0.9274 0.0035 0.0046 0.0054 0.0037 0.0055 0.0061 0.0097 0.0047 0.0060 0.0051 0.0065 0.0052 
   H166022.8  2 0.0151 0.0121 0.0089 0.0246 0.0126 0.0841 0.1072 0.3660 0.1830 0.1316 0.0109 0.0200 0.0089 0.0150 
   H167397.1  2 0.0079 0.0110 0.0264 0.0060 0.0155 0.0087 0.0388 0.1092 0.0300 0.0220 0.0143 0.2333 0.4279 0.0490 
   H167397.2  2 0.0117 0.0175 0.0121 0.0585 0.0084 0.0611 0.1243 0.0201 0.0227 0.0309 0.0115 0.0569 0.5321 0.0323 
   H167397.3  2 0.0143 0.0071 0.0219 0.0075 0.0070 0.0131 0.0541 0.0333 0.0162 0.0207 0.0259 0.1235 0.5619 0.0935 
   H167397.4  2 0.0128 0.0295 0.0133 0.0306 0.0072 0.0247 0.0088 0.0120 0.0154 0.0085 0.0241 0.1101 0.6623 0.0408 
   H167397.5  2 0.0123 0.0166 0.0200 0.0094 0.0282 0.0161 0.0879 0.0368 0.0466 0.0368 0.0135 0.0602 0.5856 0.0300 
   H167397.6  2 0.0243 0.0085 0.0111 0.0108 0.0093 0.0158 0.0226 0.0290 0.0067 0.0206 0.0560 0.1517 0.5739 0.0596 
   H167496.1  2 0.0296 0.0118 0.0689 0.0077 0.0395 0.0208 0.0130 0.6912 0.0121 0.0280 0.0273 0.0283 0.0090 0.0127 
   H167496.2  2 0.0133 0.2431 0.1198 0.0167 0.0909 0.0106 0.0295 0.0808 0.0319 0.1860 0.0384 0.0370 0.0115 0.0903 
   H167496.3  2 0.0201 0.0115 0.2022 0.1263 0.0376 0.0416 0.0348 0.4125 0.0073 0.0169 0.0195 0.0221 0.0092 0.0386 
   H167496.4  2 0.0063 0.0090 0.0045 0.0091 0.0068 0.0070 0.0046 0.9101 0.0074 0.0085 0.0070 0.0058 0.0049 0.0090 
   H167496.6  2 0.0125 0.0116 0.0045 0.0084 0.0108 0.0067 0.0082 0.8373 0.0150 0.0382 0.0106 0.0091 0.0069 0.0202 
   H167496.7  2 0.0234 0.0139 0.3060 0.0109 0.1417 0.0310 0.0956 0.0752 0.0178 0.1435 0.0635 0.0521 0.0055 0.0199 
   H167496.8  2 0.0076 0.0127 0.0049 0.0080 0.0117 0.0062 0.0077 0.8356 0.0168 0.0280 0.0122 0.0175 0.0063 0.0248 
   H167513.1  2 0.0101 0.0243 0.0077 0.0079 0.0093 0.0127 0.0166 0.0141 0.0112 0.0158 0.8339 0.0158 0.0104 0.0100 
   H167513.2  2 0.0122 0.0083 0.0244 0.0120 0.0156 0.0072 0.0211 0.0203 0.0111 0.0181 0.7624 0.0487 0.0310 0.0076 
   H167513.3  2 0.0355 0.0183 0.0139 0.0074 0.0092 0.0194 0.0086 0.0103 0.0519 0.0099 0.7885 0.0080 0.0085 0.0104 
   H167513.4  2 0.0081 0.0084 0.0116 0.0056 0.0054 0.0275 0.0132 0.0148 0.0160 0.0115 0.8510 0.0122 0.0076 0.0070 
   H167513.5  2 0.0060 0.0072 0.0100 0.0114 0.0088 0.0090 0.0156 0.0260 0.0096 0.0136 0.8161 0.0285 0.0313 0.0069 
   H167513.6  2 0.0087 0.0135 0.0228 0.0205 0.0113 0.0241 0.0280 0.0446 0.0528 0.0343 0.6986 0.0176 0.0117 0.0116 
   H167513.7  2 0.0057 0.0126 0.0053 0.0096 0.0073 0.0259 0.0095 0.0076 0.0159 0.0055 0.8597 0.0059 0.0203 0.0091 
   H167513.8  2 0.0117 0.0137 0.0066 0.0047 0.0101 0.0063 0.0067 0.0071 0.0484 0.0078 0.8493 0.0066 0.0151 0.0060 
   H167547.1  2 0.0172 0.0102 0.7283 0.0086 0.0097 0.0190 0.0431 0.0317 0.0068 0.0208 0.0145 0.0477 0.0334 0.0090 
   H167547.2  2 0.0142 0.0058 0.5432 0.0087 0.0126 0.0260 0.0125 0.1043 0.0072 0.0099 0.0185 0.1999 0.0234 0.0138 
   H167547.3  2 0.0141 0.0055 0.5550 0.0073 0.0129 0.0238 0.0121 0.1042 0.0060 0.0102 0.0160 0.1921 0.0263 0.0145 
   H167547.4  2 0.0595 0.0315 0.2327 0.0172 0.0207 0.1994 0.1405 0.2017 0.0131 0.0127 0.0117 0.0163 0.0354 0.0076 
   H167547.5  2 0.0113 0.0078 0.2758 0.0098 0.0132 0.0133 0.0221 0.4360 0.0224 0.0076 0.0083 0.1532 0.0102 0.0089 
   H167547.6  2 0.0099 0.0099 0.2689 0.0105 0.0142 0.0111 0.0172 0.4410 0.0188 0.0080 0.0076 0.1613 0.0121 0.0095 
   H167547.7  2 0.0299 0.0771 0.3968 0.1603 0.0465 0.0274 0.0550 0.0193 0.0225 0.0247 0.0667 0.0303 0.0169 0.0266 
   H169750.1  2 0.0595 0.0729 0.0517 0.0156 0.0686 0.0356 0.0954 0.2274 0.0207 0.0507 0.2598 0.0083 0.0167 0.0171 
   H169750.2  2 0.0709 0.0657 0.0152 0.0279 0.0441 0.0076 0.0880 0.0703 0.1587 0.0397 0.1194 0.1493 0.0484 0.0947 
   H169750.3  2 0.0272 0.2263 0.0343 0.0302 0.0632 0.0085 0.0202 0.1105 0.0846 0.0124 0.3439 0.0100 0.0044 0.0243 
   H169750.4  2 0.1293 0.0679 0.0157 0.0239 0.0241 0.0062 0.1432 0.1112 0.0104 0.1778 0.1493 0.0284 0.0867 0.0256 
   H169750.5  2 0.0143 0.0109 0.0098 0.0173 0.0600 0.0353 0.0750 0.1362 0.0229 0.0083 0.5422 0.0084 0.0087 0.0507 
   H169750.6  2 0.0389 0.0535 0.0124 0.0347 0.0810 0.0142 0.0550 0.1134 0.0691 0.0101 0.1823 0.0187 0.0110 0.3057 
   H169750.7  2 0.0459 0.3325 0.0309 0.0666 0.0925 0.0082 0.0240 0.0838 0.0260 0.0831 0.1367 0.0259 0.0191 0.0247 
   H171929.1  2 0.0139 0.0440 0.0198 0.1413 0.0127 0.0120 0.0394 0.0218 0.0052 0.0064 0.3638 0.0400 0.2641 0.0156 
  H171929.10  2 0.0104 0.0498 0.0672 0.1389 0.0188 0.0249 0.0313 0.1361 0.0311 0.0135 0.3075 0.0673 0.0708 0.0325 
  H171929.11  2 0.0137 0.0213 0.0154 0.0537 0.0214 0.0064 0.0154 0.0237 0.0082 0.0105 0.6682 0.0326 0.0976 0.0120 
   H171929.2  2 0.0058 0.0052 0.0148 0.0071 0.0052 0.0070 0.0114 0.0077 0.0050 0.0042 0.9092 0.0081 0.0046 0.0046 
   H171929.3  2 0.0101 0.0080 0.0119 0.0093 0.0071 0.0063 0.0108 0.0119 0.0099 0.0063 0.8584 0.0195 0.0190 0.0116 
   H171929.4  2 0.0333 0.0355 0.0793 0.1164 0.0131 0.0268 0.0690 0.0427 0.0130 0.0095 0.5107 0.0147 0.0078 0.0284 
   H171929.5  2 0.0092 0.0259 0.0087 0.0088 0.0099 0.0088 0.0081 0.0065 0.0112 0.0076 0.8647 0.0119 0.0117 0.0070 
   H171929.6  2 0.0068 0.0192 0.0065 0.0063 0.0080 0.0051 0.0097 0.0057 0.0075 0.0055 0.8901 0.0115 0.0120 0.0060 
   H171929.7  2 0.0112 0.0196 0.0244 0.1303 0.0096 0.0139 0.0543 0.0124 0.0043 0.0050 0.6706 0.0109 0.0087 0.0248 
   H171929.8  2 0.0103 0.0173 0.0581 0.1491 0.0115 0.0136 0.1030 0.0224 0.0087 0.0086 0.5601 0.0116 0.0106 0.0153 
   H171929.9  2 0.0105 0.0883 0.0157 0.2271 0.0227 0.0207 0.0779 0.0236 0.0210 0.0154 0.4323 0.0104 0.0046 0.0297 
   H171930.1  2 0.0127 0.0158 0.0054 0.0032 0.0135 0.0041 0.0227 0.0169 0.7656 0.0094 0.0623 0.0333 0.0288 0.0063 
   H171930.2  2 0.0133 0.0137 0.0128 0.0101 0.0229 0.0098 0.0158 0.0516 0.7776 0.0101 0.0115 0.0286 0.0090 0.0131 
   H171930.3  2 0.0179 0.0107 0.0083 0.0064 0.0117 0.0061 0.0055 0.0106 0.8674 0.0075 0.0093 0.0169 0.0145 0.0072 
   H171930.4  2 0.0112 0.0121 0.0065 0.0034 0.0094 0.0068 0.0046 0.0134 0.8925 0.0084 0.0077 0.0128 0.0067 0.0045 
   H171930.5  2 0.0184 0.0090 0.0106 0.0099 0.0571 0.0076 0.0444 0.0222 0.6952 0.0074 0.0690 0.0147 0.0204 0.0141 
   H171930.6  2 0.0128 0.0056 0.0064 0.0040 0.0123 0.0042 0.0049 0.0082 0.9007 0.0077 0.0079 0.0111 0.0049 0.0093 
   H171930.7  2 0.0087 0.0182 0.0054 0.0077 0.0066 0.0053 0.0080 0.0066 0.8847 0.0089 0.0087 0.0104 0.0145 0.0063 
   H171930.8  2 0.0077 0.0147 0.0045 0.0050 0.0059 0.0048 0.0089 0.0162 0.8618 0.0133 0.0109 0.0287 0.0105 0.0072 
   H171933.1  2 0.0110 0.0145 0.0192 0.0126 0.0186 0.7409 0.0150 0.0292 0.0171 0.0058 0.0144 0.0226 0.0681 0.0111 
   H171933.2  2 0.0074 0.0631 0.0282 0.0569 0.0113 0.4698 0.0138 0.1143 0.0409 0.0335 0.0187 0.0474 0.0771 0.0176 
   H171933.3  2 0.0138 0.0132 0.2023 0.1004 0.0158 0.3990 0.0101 0.1218 0.0422 0.0224 0.0161 0.0166 0.0165 0.0098 
   H171933.4  2 0.0144 0.0177 0.1055 0.0390 0.0089 0.5224 0.0147 0.0697 0.0595 0.0833 0.0398 0.0099 0.0068 0.0084 
   H171933.5  2 0.0745 0.0163 0.3615 0.0221 0.0188 0.1305 0.0362 0.0483 0.0490 0.1361 0.0650 0.0209 0.0129 0.0078 
   H171933.6  2 0.0137 0.0105 0.0116 0.0097 0.0118 0.6105 0.0105 0.2508 0.0113 0.0088 0.0141 0.0122 0.0061 0.0184 
   H171933.7  2 0.0160 0.0072 0.0336 0.0842 0.0880 0.5138 0.0152 0.0146 0.1036 0.0591 0.0110 0.0203 0.0222 0.0113 
   H171933.8  2 0.0080 0.0185 0.0438 0.0603 0.0180 0.4464 0.0112 0.0119 0.0652 0.2164 0.0286 0.0225 0.0349 0.0144 
   H171933.9  2 0.0262 0.0069 0.0207 0.0116 0.0212 0.7899 0.0081 0.0236 0.0383 0.0225 0.0140 0.0058 0.0040 0.0072 
      H190.1  2 0.1020 0.0256 0.2534 0.0087 0.0430 0.0284 0.0313 0.0211 0.4086 0.0174 0.0196 0.0149 0.0050 0.0209 
      H190.2  2 0.0060 0.0050 0.0106 0.0196 0.0315 0.0052 0.0129 0.0083 0.0132 0.0086 0.0065 0.8514 0.0044 0.0168 
      H190.3  2 0.0257 0.0114 0.0598 0.0317 0.0528 0.0175 0.1530 0.0583 0.0415 0.0111 0.0153 0.4883 0.0109 0.0227 
      H190.4  2 0.0668 0.0099 0.5778 0.0122 0.0176 0.0345 0.0339 0.0358 0.1644 0.0054 0.0165 0.0078 0.0100 0.0072 
      H190.5  2 0.0085 0.0059 0.0052 0.0133 0.0858 0.0083 0.0071 0.0129 0.0114 0.0162 0.0093 0.7841 0.0036 0.0284 
      H190.6  2 0.0253 0.0060 0.7244 0.0155 0.0122 0.0139 0.0298 0.0456 0.0849 0.0056 0.0108 0.0070 0.0068 0.0123 
      H190.7  2 0.0351 0.0179 0.1585 0.3814 0.0184 0.0066 0.0654 0.1984 0.0228 0.0147 0.0128 0.0421 0.0085 0.0173 
      H190.8  2 0.0250 0.0089 0.0267 0.0438 0.4008 0.0122 0.0184 0.0152 0.0528 0.0485 0.0144 0.3016 0.0049 0.0267 
      H190.9  2 0.0303 0.0110 0.1353 0.1084 0.0908 0.0080 0.0570 0.0521 0.0362 0.0223 0.0396 0.3931 0.0073 0.0086 
      H400.1  2 0.0092 0.0092 0.0056 0.0152 0.0148 0.0710 0.0241 0.7378 0.0279 0.0179 0.0421 0.0044 0.0117 0.0090 
      H400.2  2 0.0069 0.0165 0.0090 0.0088 0.0158 0.1145 0.0120 0.6289 0.0275 0.0073 0.0981 0.0093 0.0173 0.0281 
      H400.3  2 0.0235 0.0106 0.0122 0.0105 0.1450 0.1718 0.0418 0.3823 0.0766 0.0146 0.0589 0.0132 0.0219 0.0170 
      H400.4  2 0.0090 0.0197 0.0075 0.0171 0.0150 0.0193 0.0105 0.7709 0.0492 0.0074 0.0394 0.0085 0.0051 0.0214 
      H400.5  2 0.0655 0.0088 0.0310 0.0119 0.0531 0.3875 0.0204 0.2108 0.0773 0.0058 0.0978 0.0092 0.0083 0.0125 
      H400.6  2 0.0063 0.0111 0.0060 0.0954 0.0094 0.0280 0.0256 0.7351 0.0196 0.0103 0.0301 0.0057 0.0043 0.0131 
      H400.7  2 0.0096 0.0075 0.0406 0.0159 0.0102 0.1491 0.0353 0.5673 0.0306 0.0186 0.0944 0.0072 0.0075 0.0061 
 H428.1_2005  2 0.0048 0.0060 0.0058 0.0059 0.0046 0.9414 0.0036 0.0044 0.0031 0.0032 0.0053 0.0038 0.0043 0.0039 
 H428.1_2006  2 0.0056 0.0060 0.0055 0.0077 0.0042 0.9094 0.0041 0.0085 0.0044 0.0112 0.0110 0.0071 0.0041 0.0113 
 H428.2_2005  2 0.0046 0.0051 0.0083 0.0039 0.0051 0.9310 0.0064 0.0064 0.0046 0.0056 0.0059 0.0039 0.0056 0.0037 
 H428.2_2006  2 0.0061 0.0079 0.0071 0.0067 0.0071 0.8978 0.0042 0.0078 0.0053 0.0073 0.0100 0.0040 0.0050 0.0235 
 H428.3_2005  2 0.0052 0.0041 0.0059 0.0050 0.0043 0.9375 0.0043 0.0072 0.0046 0.0050 0.0048 0.0047 0.0029 0.0045 
 H428.3_2006  2 0.0059 0.0072 0.0051 0.0074 0.0074 0.9002 0.0045 0.0081 0.0067 0.0090 0.0116 0.0054 0.0064 0.0151 
 H428.4_2005  2 0.0058 0.0048 0.0102 0.0039 0.0040 0.9322 0.0039 0.0061 0.0039 0.0049 0.0062 0.0048 0.0041 0.0050 
 H428.4_2006  2 0.0042 0.0038 0.0045 0.0062 0.0029 0.9431 0.0034 0.0048 0.0036 0.0035 0.0045 0.0042 0.0046 0.0066 
 H428.5_2005  2 0.0041 0.0050 0.0042 0.0045 0.0036 0.9426 0.0040 0.0050 0.0040 0.0035 0.0045 0.0037 0.0059 0.0055 
 H428.6_2005  2 0.0047 0.0048 0.0055 0.0084 0.0046 0.9346 0.0048 0.0046 0.0043 0.0048 0.0057 0.0040 0.0033 0.0057 
 H428.6_2006  2 0.0143 0.0149 0.0046 0.0063 0.0033 0.8936 0.0053 0.0052 0.0090 0.0041 0.0075 0.0059 0.0148 0.0110 
      H428.7  2 0.0044 0.0049 0.0038 0.0056 0.0046 0.9422 0.0043 0.0067 0.0040 0.0038 0.0035 0.0038 0.0034 0.0050 
      H428.8  2 0.0058 0.0056 0.0041 0.0050 0.0059 0.9373 0.0038 0.0045 0.0051 0.0031 0.0048 0.0045 0.0048 0.0058 
      H428.9  2 0.0036 0.0049 0.0042 0.0045 0.0056 0.9375 0.0044 0.0052 0.0049 0.0045 0.0057 0.0045 0.0051 0.0053 
      H453.1  2 0.0243 0.0135 0.0046 0.0097 0.0099 0.0206 0.0077 0.7969 0.0358 0.0184 0.0099 0.0088 0.0058 0.0340 
      H453.2  2 0.0143 0.0070 0.0056 0.0102 0.0105 0.0115 0.0116 0.8162 0.0766 0.0077 0.0097 0.0072 0.0050 0.0068 
      H453.3  2 0.0070 0.0062 0.0070 0.0149 0.0116 0.0071 0.0148 0.8887 0.0147 0.0071 0.0047 0.0058 0.0036 0.0067 
      H453.4  2 0.0106 0.0065 0.0052 0.0066 0.0103 0.0080 0.0149 0.8746 0.0289 0.0072 0.0102 0.0068 0.0036 0.0068 
      H453.5  2 0.0252 0.0057 0.0062 0.0065 0.0084 0.0089 0.0082 0.7572 0.0936 0.0081 0.0071 0.0067 0.0048 0.0534 
      H453.6  2 0.0126 0.0068 0.0039 0.0065 0.0071 0.0308 0.0041 0.7312 0.1005 0.0059 0.0058 0.0067 0.0047 0.0736 
      H453.7  2 0.0104 0.0361 0.0369 0.1743 0.0244 0.0150 0.1968 0.1398 0.0920 0.0249 0.0212 0.0188 0.0055 0.2038 
      H453.8  2 0.0153 0.0145 0.0295 0.0259 0.0308 0.0059 0.0797 0.6115 0.0336 0.0584 0.0168 0.0189 0.0057 0.0537 
      H453.9  2 0.0161 0.0175 0.0047 0.0741 0.0668 0.0321 0.0454 0.1328 0.2431 0.0432 0.0144 0.0092 0.0051 0.2955 
      H512.1  2 0.2249 0.0121 0.0189 0.0394 0.0226 0.1994 0.0146 0.0662 0.3108 0.0290 0.0102 0.0152 0.0043 0.0323 
     H512.10  2 0.2064 0.0113 0.0165 0.0090 0.0199 0.1606 0.0288 0.0093 0.1396 0.1095 0.0126 0.1282 0.0600 0.0881 
      H512.2  2 0.0846 0.0186 0.0244 0.0116 0.0356 0.2096 0.0283 0.0205 0.0321 0.1265 0.0109 0.3647 0.0145 0.0179 
      H512.3  2 0.3979 0.0254 0.0155 0.0102 0.0478 0.0880 0.0139 0.0233 0.0690 0.1876 0.0156 0.0689 0.0219 0.0149 
      H512.4  2 0.0385 0.0214 0.0554 0.0071 0.0330 0.1296 0.0435 0.0250 0.2608 0.1300 0.0122 0.1162 0.0145 0.1131 
      H512.5  2 0.5192 0.0489 0.0137 0.0060 0.1011 0.0501 0.0151 0.0189 0.0124 0.1368 0.0260 0.0203 0.0193 0.0121 
      H512.6  2 0.2096 0.0253 0.0947 0.0104 0.2196 0.0366 0.0313 0.0602 0.0948 0.1381 0.0186 0.0421 0.0062 0.0126 
      H512.7  2 0.6526 0.0344 0.0055 0.0110 0.0272 0.0309 0.0077 0.0702 0.0137 0.0361 0.0510 0.0162 0.0160 0.0276 
      H512.8  2 0.1182 0.0304 0.0462 0.0109 0.0568 0.0413 0.0187 0.0340 0.0717 0.0997 0.0243 0.4247 0.0101 0.0129 
      H512.9  2 0.6399 0.0151 0.0129 0.0448 0.0294 0.0899 0.0135 0.0360 0.0127 0.0384 0.0205 0.0097 0.0156 0.0216 
      H513.1  2 0.0040 0.0053 0.0046 0.0049 0.0045 0.9221 0.0046 0.0076 0.0055 0.0138 0.0051 0.0046 0.0051 0.0081 
      H513.2  2 0.0042 0.0097 0.0087 0.0101 0.0051 0.8670 0.0103 0.0135 0.0170 0.0089 0.0091 0.0153 0.0052 0.0159 
      H513.3  2 0.0058 0.0041 0.0045 0.0063 0.0056 0.9188 0.0053 0.0084 0.0062 0.0090 0.0076 0.0055 0.0040 0.0089 
      H513.4  2 0.0090 0.0132 0.0147 0.0140 0.0115 0.7626 0.0078 0.0401 0.0288 0.0167 0.0209 0.0196 0.0040 0.0370 
      H513.5  2 0.0113 0.0126 0.0041 0.0046 0.0056 0.9058 0.0042 0.0062 0.0130 0.0065 0.0097 0.0038 0.0061 0.0067 
      H513.6  2 0.0091 0.0200 0.0088 0.0118 0.0212 0.6514 0.0099 0.0087 0.0827 0.0050 0.0219 0.0165 0.1135 0.0194 
      H532.1  2 0.0213 0.0323 0.0141 0.0110 0.0574 0.2795 0.0365 0.0474 0.0173 0.0290 0.0468 0.0113 0.0193 0.3770 
      H532.2  2 0.0133 0.0130 0.1678 0.0316 0.0156 0.1876 0.0532 0.1581 0.0949 0.0171 0.0212 0.0275 0.0147 0.1845 
      H532.3  2 0.0262 0.0150 0.1214 0.0176 0.0160 0.0365 0.0400 0.3954 0.1152 0.0335 0.0112 0.0116 0.0064 0.1540 
      H532.4  2 0.0165 0.0112 0.0190 0.0266 0.0121 0.0581 0.0992 0.0652 0.0112 0.0655 0.0096 0.0075 0.0135 0.5848 
      H532.5  2 0.0254 0.0734 0.0184 0.0166 0.0216 0.6108 0.0212 0.0593 0.0137 0.0104 0.0165 0.0251 0.0292 0.0584 
      H532.6  2 0.0243 0.0173 0.0106 0.0103 0.0161 0.0858 0.0841 0.1062 0.0449 0.0888 0.0119 0.0080 0.0097 0.4819 
      H532.7  2 0.0355 0.0134 0.0242 0.0096 0.0472 0.1081 0.0102 0.0794 0.0230 0.0070 0.0128 0.0072 0.0195 0.6030 
      H532.8  2 0.0244 0.0693 0.0619 0.0231 0.0717 0.1450 0.0225 0.0902 0.0205 0.0295 0.0214 0.0306 0.0253 0.3646 
      H543.1  2 0.0053 0.0074 0.0068 0.0087 0.0048 0.0117 0.0069 0.0169 0.0082 0.0046 0.0054 0.0049 0.9037 0.0044 
      H543.2  2 0.0082 0.0117 0.0185 0.0180 0.0065 0.0570 0.0094 0.0152 0.0092 0.0038 0.0218 0.0127 0.8006 0.0072 
      H543.3  2 0.0084 0.0154 0.0048 0.0158 0.0051 0.0116 0.0049 0.0146 0.0082 0.0054 0.0080 0.0076 0.8817 0.0086 
      H543.4  2 0.0048 0.0041 0.0131 0.0077 0.0055 0.0065 0.0071 0.0071 0.0079 0.0044 0.0048 0.0056 0.9160 0.0054 
      H543.5  2 0.0048 0.0073 0.0080 0.0067 0.0059 0.0100 0.0067 0.0049 0.0079 0.0043 0.0066 0.0064 0.9157 0.0047 
      H543.6  2 0.0082 0.0172 0.0277 0.0761 0.0064 0.0099 0.0166 0.0221 0.0076 0.0068 0.0367 0.0050 0.7543 0.0053 
      H543.7  2 0.0032 0.0047 0.0061 0.0056 0.0036 0.0041 0.0057 0.0042 0.0048 0.0050 0.0037 0.0054 0.9399 0.0039 
      H543.8  2 0.0086 0.1174 0.0097 0.0220 0.0056 0.0448 0.0092 0.0108 0.0091 0.0063 0.0097 0.0091 0.7182 0.0195 
      H543.9  2 0.0080 0.0141 0.0070 0.0276 0.0052 0.0102 0.0055 0.0090 0.0060 0.0042 0.0110 0.0084 0.8762 0.0077 
 H545.1_2005  2 0.0039 0.0039 0.0035 0.0032 0.0035 0.0037 0.0042 0.0032 0.0040 0.0033 0.0028 0.0035 0.9543 0.0031 
 H545.1_2006  2 0.0057 0.0052 0.0060 0.0047 0.0059 0.0074 0.0041 0.0040 0.0042 0.0044 0.0052 0.0077 0.9297 0.0058 
 H545.2_2005  2 0.0086 0.0085 0.0068 0.0049 0.0105 0.0062 0.0070 0.0061 0.0047 0.0050 0.0096 0.0070 0.9085 0.0066 
 H545.2_2006  2 0.0046 0.0050 0.0035 0.0034 0.0036 0.0072 0.0044 0.0040 0.0049 0.0039 0.0047 0.0043 0.9429 0.0036 
 H545.3_2005  2 0.0150 0.0066 0.0084 0.0054 0.0067 0.0049 0.0081 0.0069 0.0062 0.0064 0.0070 0.0073 0.9064 0.0046 
 H545.3_2006  2 0.0049 0.0059 0.0048 0.0040 0.0090 0.0056 0.0042 0.0050 0.0034 0.0035 0.0053 0.0044 0.9337 0.0063 
 H545.4_2005  2 0.0075 0.0064 0.0109 0.0066 0.0059 0.0048 0.0100 0.0044 0.0049 0.0060 0.0068 0.0101 0.9099 0.0058 
 H545.4_2006  2 0.0064 0.0048 0.0057 0.0056 0.0088 0.0047 0.0046 0.0065 0.0037 0.0044 0.0065 0.0062 0.9269 0.0051 
 H545.5_2005  2 0.0060 0.0055 0.0048 0.0051 0.0114 0.0111 0.0044 0.0046 0.0050 0.0048 0.0047 0.0047 0.9198 0.0080 
 H545.5_2006  2 0.0104 0.0064 0.0057 0.0045 0.0043 0.0078 0.0074 0.0059 0.0062 0.0060 0.0060 0.0070 0.9177 0.0049 
 H545.6_2005  2 0.0045 0.0041 0.0034 0.0037 0.0044 0.0044 0.0035 0.0046 0.0040 0.0035 0.0037 0.0034 0.9493 0.0035 
 H545.6_2006  2 0.0053 0.0049 0.0047 0.0039 0.0047 0.0040 0.0060 0.0051 0.0041 0.0039 0.0048 0.0052 0.9392 0.0040 
 H545.7_2005  2 0.0037 0.0054 0.0033 0.0038 0.0054 0.0067 0.0045 0.0043 0.0042 0.0037 0.0043 0.0042 0.9427 0.0038 
 H545.7_2006  2 0.0056 0.0067 0.0046 0.0054 0.0160 0.0079 0.0053 0.0055 0.0057 0.0046 0.0096 0.0054 0.9105 0.0072 
 H545.8_2005  2 0.0090 0.0069 0.0092 0.0063 0.0100 0.0185 0.0087 0.0061 0.0065 0.0062 0.0062 0.0078 0.8908 0.0078 
 H545.8_2006  2 0.0045 0.0059 0.0044 0.0038 0.0043 0.0065 0.0047 0.0043 0.0054 0.0048 0.0041 0.0051 0.9385 0.0038 
      H545.9  2 0.0090 0.0057 0.0056 0.0047 0.0044 0.0057 0.0091 0.0045 0.0055 0.0050 0.0060 0.0065 0.9233 0.0050 
      H547.1  2 0.0142 0.0103 0.0131 0.0235 0.0099 0.0174 0.0067 0.8632 0.0062 0.0073 0.0051 0.0079 0.0099 0.0054 
      H547.2  2 0.0047 0.0199 0.0254 0.0094 0.0044 0.0095 0.0082 0.7834 0.0064 0.0545 0.0064 0.0477 0.0129 0.0072 
