      H008.1  2 0.0191 0.9502 0.0107 0.0088 0.0112 
      H008.2  2 0.3980 0.2997 0.0209 0.2220 0.0594 
      H008.3  2 0.3960 0.2368 0.0547 0.0654 0.2471 
      H008.4  2 0.0247 0.8845 0.0252 0.0457 0.0199 
      H008.5  2 0.0397 0.8829 0.0247 0.0262 0.0264 
      H008.6  2 0.2912 0.4971 0.0318 0.1605 0.0194 
      H008.7  2 0.0789 0.7136 0.0359 0.1164 0.0552 
      H008.8  2 0.0905 0.6785 0.0263 0.1786 0.0262 
      H008.9  2 0.2887 0.0593 0.0455 0.5761 0.0304 
 H029.1_2002  2 0.0139 0.9054 0.0145 0.0258 0.0404 
 H029.1_2003  2 0.0531 0.6605 0.0341 0.1574 0.0950 
 H029.2_2002  2 0.0287 0.8767 0.0224 0.0352 0.0369 
 H029.2_2003  2 0.1742 0.5955 0.0240 0.1017 0.1046 
 H029.3_2002  2 0.0310 0.4124 0.0225 0.2427 0.2914 
 H029.3_2003  2 0.0165 0.9062 0.0162 0.0231 0.0380 
 H029.4_2002  2 0.0061 0.9417 0.0130 0.0234 0.0157 
 H029.4_2003  2 0.0250 0.6669 0.0183 0.2138 0.0760 
 H029.5_2002  2 0.0087 0.9412 0.0171 0.0142 0.0188 
 H029.5_2003  2 0.0214 0.8992 0.0106 0.0519 0.0169 
 H029.6_2002  2 0.0073 0.7594 0.0139 0.0500 0.1695 
 H029.6_2003  2 0.0728 0.7841 0.0685 0.0408 0.0338 
      H029.7  2 0.0168 0.9190 0.0174 0.0285 0.0183 
      H030.1  2 0.0394 0.0405 0.0334 0.0168 0.8698 
      H030.2  2 0.0254 0.2368 0.0306 0.1215 0.5857 
      H038.1  2 0.0082 0.9206 0.0078 0.0439 0.0196 
      H038.2  2 0.0093 0.9594 0.0085 0.0074 0.0152 
      H038.3  2 0.0112 0.9183 0.0153 0.0404 0.0149 
      H038.4  2 0.0082 0.9305 0.0133 0.0335 0.0144 
      H038.5  2 0.0130 0.8841 0.0094 0.0682 0.0253 
      H038.6  2 0.0126 0.9516 0.0070 0.0109 0.0178 
      H038.7  2 0.0106 0.9568 0.0070 0.0178 0.0078 
      H038.8  2 0.0092 0.8968 0.0132 0.0597 0.0211 
      H041.1  2 0.0190 0.5609 0.1405 0.1215 0.1580 
      H041.2  2 0.0221 0.6268 0.1906 0.0983 0.0621 
      H041.4  2 0.0212 0.7830 0.0734 0.0770 0.0453 
      H041.6  2 0.0165 0.7658 0.1345 0.0303 0.0530 
 H042.1_2002  2 0.0644 0.0463 0.2101 0.0217 0.6575 
 H042.1_2003  2 0.3475 0.2457 0.1217 0.2296 0.0555 
 H042.2_2002  2 0.0128 0.9265 0.0142 0.0208 0.0256 
 H042.2_2003  2 0.0293 0.4636 0.4414 0.0161 0.0496 
 H042.3_2002  2 0.0820 0.1838 0.2965 0.0461 0.3917 
 H042.3_2003  2 0.0535 0.6696 0.1489 0.0622 0.0658 
 H042.4_2002  2 0.0366 0.0522 0.1248 0.0532 0.7332 
 H042.4_2003  2 0.0313 0.2422 0.1921 0.0182 0.5161 
      H042.5  2 0.0225 0.0159 0.0495 0.0087 0.9034 
      H042.6  2 0.0274 0.1093 0.0376 0.0189 0.8068 
      H042.7  2 0.0228 0.1366 0.7059 0.0093 0.1253 
      H042.8  2 0.0313 0.1749 0.1633 0.0440 0.5866 
   H042_2002  2 0.0809 0.7195 0.1149 0.0668 0.0179 
   H042_2003  2 0.0817 0.7284 0.1023 0.0639 0.0237 
      H043.1  2 0.0224 0.0571 0.0166 0.8814 0.0225 
      H043.2  2 0.0450 0.0669 0.0484 0.8269 0.0128 
      H043.3  2 0.0403 0.7064 0.0261 0.2145 0.0128 
      H043.4  2 0.0432 0.3836 0.0364 0.5191 0.0177 
      H043.5  2 0.0153 0.0865 0.0146 0.8753 0.0082 
      H043.6  2 0.0164 0.2736 0.0166 0.6805 0.0130 
      H043.7  2 0.0865 0.1202 0.0757 0.7067 0.0110 
      H043.8  2 0.0519 0.0596 0.0261 0.8315 0.0310 
      H043.9  2 0.0279 0.2697 0.0197 0.6569 0.0258 
      H047.1  2 0.0189 0.9490 0.0124 0.0121 0.0076 
      H047.2  2 0.1009 0.8098 0.0287 0.0231 0.0374 
      H047.3  2 0.0697 0.8165 0.0460 0.0211 0.0467 
      H047.4  2 0.0274 0.8588 0.0768 0.0148 0.0222 
      H047.5  2 0.0202 0.9268 0.0296 0.0102 0.0132 
      H047.6  2 0.0477 0.7472 0.0784 0.0947 0.0319 
      H047.7  2 0.0139 0.9409 0.0197 0.0149 0.0106 
      H047.8  2 0.0790 0.7835 0.0800 0.0358 0.0218 
      H047.9  2 0.0164 0.9260 0.0428 0.0067 0.0080 
 H071.1_2002  2 0.0135 0.9539 0.0093 0.0102 0.0131 
 H071.1_2003  2 0.0495 0.8222 0.0561 0.0212 0.0509 
     H071.10  2 0.0075 0.9574 0.0085 0.0107 0.0158 
 H071.2_2002  2 0.0128 0.9512 0.0099 0.0141 0.0121 
 H071.2_2003  2 0.0078 0.9697 0.0069 0.0052 0.0105 
      H071.3  2 0.0110 0.9442 0.0142 0.0166 0.0141 
 H071.4_2002  2 0.0140 0.9358 0.0120 0.0232 0.0149 
 H071.4_2003  2 0.0078 0.9721 0.0067 0.0063 0.0071 
 H071.5_2002  2 0.0071 0.9686 0.0066 0.0067 0.0110 
 H071.5_2003  2 0.0137 0.9553 0.0113 0.0097 0.0100 
 H071.6_2002  2 0.0082 0.9668 0.0062 0.0097 0.0091 
 H071.6_2003  2 0.0100 0.9600 0.0090 0.0072 0.0138 
 H071.7_2002  2 0.0077 0.9716 0.0075 0.0067 0.0064 
 H071.7_2003  2 0.0172 0.9457 0.0120 0.0098 0.0152 
      H071.8  2 0.0096 0.9566 0.0117 0.0126 0.0094 
      H071.9  2 0.0119 0.8143 0.0202 0.1336 0.0199 
 H081.1_2002  2 0.0086 0.9618 0.0093 0.0064 0.0139 
 H081.1_2003  2 0.1076 0.1037 0.0395 0.5522 0.1970 
 H081.2_2002  2 0.0091 0.9555 0.0143 0.0080 0.0131 
 H081.2_2003  2 0.0246 0.0718 0.0187 0.0904 0.7944 
 H081.3_2002  2 0.0113 0.9337 0.0210 0.0152 0.0187 
 H081.3_2003  2 0.0853 0.0819 0.0358 0.5272 0.2698 
 H081.4_2002  2 0.0152 0.9456 0.0113 0.0084 0.0195 
 H081.4_2003  2 0.1609 0.0622 0.0938 0.1665 0.5166 
 H081.5_2002  2 0.0153 0.9416 0.0092 0.0089 0.0249 
 H081.5_2003  2 0.1463 0.2160 0.2117 0.1473 0.2788 
      H081.6  2 0.0128 0.9587 0.0094 0.0070 0.0120 
      H081.7  2 0.0133 0.9374 0.0144 0.0100 0.0250 
      H081.8  2 0.0124 0.8299 0.0179 0.0485 0.0913 
      H083.1  2 0.0094 0.9363 0.0070 0.0115 0.0358 
      H083.2  2 0.0130 0.9445 0.0116 0.0119 0.0190 
      H083.4  2 0.0091 0.9445 0.0112 0.0155 0.0197 
      H083.5  2 0.0111 0.9289 0.0126 0.0205 0.0270 
      H083.6  2 0.0122 0.8929 0.0115 0.0173 0.0662 
      H083.7  2 0.0112 0.9248 0.0146 0.0158 0.0335 
      H083.8  2 0.0104 0.9525 0.0106 0.0119 0.0146 
      H083.9  2 0.0086 0.9317 0.0119 0.0114 0.0364 
      H084.1  2 0.0170 0.0204 0.0232 0.6412 0.2983 
      H084.2  2 0.0246 0.0132 0.0116 0.6785 0.2721 
      H084.3  2 0.0290 0.0256 0.1032 0.7245 0.1177 
      H084.4  2 0.0216 0.0185 0.0608 0.8370 0.0620 
      H084.5  2 0.0235 0.0252 0.0651 0.7748 0.1114 
      H084.6  2 0.0165 0.0136 0.0644 0.8035 0.1020 
      H084.7  2 0.0159 0.0240 0.0244 0.3711 0.5647 
      H084.8  2 0.0161 0.0165 0.1023 0.7161 0.1491 
 H085.1_2002  2 0.0245 0.4556 0.0252 0.0614 0.4332 
 H085.1_2003  2 0.0138 0.6521 0.0457 0.0943 0.1941 
 H085.2_2002  2 0.0388 0.1082 0.0986 0.1113 0.6431 
 H085.2_2003  2 0.0304 0.6645 0.0251 0.0391 0.2409 
 H085.3_2002  2 0.0350 0.1197 0.6740 0.0170 0.1543 
 H085.3_2003  2 0.0188 0.8803 0.0544 0.0131 0.0333 
 H085.4_2002  2 0.0272 0.6455 0.0551 0.0847 0.1874 
 H085.4_2003  2 0.0249 0.8484 0.0399 0.0199 0.0670 
 H085.5_2002  2 0.0502 0.3221 0.5549 0.0273 0.0455 
 H085.5_2003  2 0.0156 0.7799 0.0125 0.0124 0.1797 
 H085.6_2002  2 0.0348 0.1945 0.1080 0.1910 0.4716 
 H085.6_2003  2 0.0863 0.2276 0.6248 0.0299 0.0314 
 H085.7_2002  2 0.0947 0.1928 0.1330 0.0313 0.5483 
 H085.7_2003  2 0.0150 0.8852 0.0443 0.0301 0.0254 
 H085.8_2002  2 0.0891 0.1563 0.6426 0.0420 0.0700 
 H085.8_2003  2 0.0237 0.3357 0.0637 0.0366 0.5402 
      H085.9  2 0.0403 0.5321 0.1421 0.0509 0.2346 
      H088.1  2 0.0563 0.0346 0.0748 0.0290 0.8053 
      H088.2  2 0.0377 0.0236 0.0687 0.0207 0.8494 
      H088.3  2 0.0275 0.0140 0.0348 0.0202 0.9035 
      H088.4  2 0.0289 0.0306 0.0360 0.0296 0.8749 
      H088.5  2 0.0170 0.0192 0.0336 0.0192 0.9110 
      H088.6  2 0.0246 0.0421 0.0441 0.0217 0.8675 
      H088.7  2 0.0350 0.2148 0.0681 0.0844 0.5977 
      H088.8  2 0.0573 0.2310 0.0968 0.0892 0.5257 
      H091.1  2 0.0205 0.0505 0.0629 0.0329 0.8332 
      H091.2  2 0.0191 0.1641 0.0844 0.0170 0.7154 
      H109.1  2 0.0216 0.0639 0.0218 0.8340 0.0587 
      H109.2  2 0.0367 0.2356 0.0796 0.3095 0.3387 
      H109.3  2 0.0700 0.2981 0.1087 0.4195 0.1037 
      H109.4  2 0.0306 0.0350 0.0398 0.8523 0.0423 
      H109.5  2 0.0237 0.5760 0.2844 0.0330 0.0829 
      H109.6  2 0.0574 0.1332 0.0525 0.6508 0.1061 
      H126.1  2 0.5317 0.1348 0.1471 0.1635 0.0229 
      H126.2  2 0.0750 0.7909 0.0224 0.0892 0.0226 
      H126.3  2 0.0126 0.9256 0.0097 0.0411 0.0111 
      H126.4  2 0.3713 0.4518 0.0284 0.1208 0.0277 
      H126.5  2 0.2208 0.7340 0.0193 0.0164 0.0094 
      H126.6  2 0.0130 0.9584 0.0094 0.0083 0.0109 
      H126.7  2 0.0120 0.9595 0.0084 0.0069 0.0133 
      H130.1  2 0.5947 0.0212 0.1986 0.0421 0.1434 
      H130.2  2 0.0671 0.0426 0.0320 0.0559 0.8024 
      H130.3  2 0.7166 0.0509 0.0134 0.0191 0.2000 
      H130.4  2 0.5442 0.0231 0.0681 0.1957 0.1690 
      H130.5  2 0.0489 0.0541 0.1080 0.0230 0.7660 
      H133.1  2 0.0736 0.0464 0.0368 0.7592 0.0840 
      H133.2  2 0.1015 0.0700 0.0472 0.6651 0.1162 
      H133.3  2 0.0304 0.0748 0.0647 0.7811 0.0490 
      H133.4  2 0.0434 0.0341 0.0360 0.8649 0.0216 
      H133.5  2 0.1959 0.0339 0.0195 0.6310 0.1198 
      H133.6  2 0.1234 0.0573 0.0599 0.3247 0.4346 
      H133.7  2 0.0204 0.0361 0.2574 0.6691 0.0168 
      H133.8  2 0.0504 0.0331 0.0722 0.8122 0.0320 
      H133.9  2 0.1156 0.0361 0.0303 0.6994 0.1186 
      H147.1  2 0.0180 0.3501 0.2854 0.0381 0.3085 
      H147.2  2 0.0121 0.9293 0.0172 0.0123 0.0291 
      H147.3  2 0.0179 0.9199 0.0233 0.0100 0.0289 
      H147.4  2 0.0183 0.8561 0.0231 0.0247 0.0778 
      H147.5  2 0.0225 0.1756 0.0231 0.0118 0.7670 
      H147.6  2 0.0292 0.1611 0.0210 0.0153 0.7734 
      H147.7  2 0.0199 0.8472 0.0467 0.0378 0.0484 
      H147.8  2 0.0095 0.4183 0.0125 0.0399 0.5198 
      H147.9  2 0.0139 0.9126 0.0179 0.0099 0.0457 
      H148.1  2 0.0596 0.0219 0.1000 0.7107 0.1078 
      H148.2  2 0.0358 0.0458 0.1888 0.6890 0.0405 
      H148.3  2 0.0151 0.0196 0.8262 0.1200 0.0192 
      H148.4  2 0.0989 0.0411 0.2340 0.5891 0.0368 
      H148.5  2 0.0718 0.0290 0.5580 0.2681 0.0732 
      H148.6  2 0.0235 0.0216 0.3027 0.5463 0.1058 
      H148.7  2 0.1098 0.0177 0.2167 0.6154 0.0404 
      H148.8  2 0.0469 0.0122 0.7689 0.1469 0.0251 
      H148.9  2 0.0777 0.0347 0.2226 0.6234 0.0416 
   H166022.1  2 0.0076 0.0112 0.0127 0.0104 0.9580 
   H166022.2  2 0.0256 0.0348 0.0276 0.0233 0.8886 
   H166022.3  2 0.0204 0.0076 0.0082 0.0128 0.9510 
   H166022.4  2 0.0166 0.0090 0.0109 0.0128 0.9508 
   H166022.5  2 0.0168 0.0103 0.0114 0.0106 0.9509 
   H166022.6  2 0.0268 0.0091 0.0189 0.0219 0.9233 
   H166022.7  2 0.0122 0.0126 0.0091 0.9531 0.0130 
   H166022.8  2 0.0311 0.0163 0.0271 0.0211 0.9043 
   H167397.1  2 0.0157 0.0597 0.0559 0.8399 0.0289 
   H167397.2  2 0.0421 0.0357 0.0316 0.8476 0.0430 
   H167397.3  2 0.0098 0.0451 0.0212 0.9052 0.0188 
   H167397.4  2 0.0200 0.0377 0.0560 0.8513 0.0348 
   H167397.5  2 0.0159 0.0238 0.0238 0.9152 0.0212 
   H167397.6  2 0.0121 0.0723 0.0289 0.8729 0.0138 
   H167496.1  2 0.0689 0.0317 0.4745 0.0315 0.3934 
   H167496.2  2 0.0876 0.4554 0.2433 0.1755 0.0383 
   H167496.3  2 0.1439 0.0539 0.5544 0.0157 0.2320 
   H167496.4  2 0.0120 0.0227 0.0109 0.0089 0.9455 
   H167496.6  2 0.0718 0.0715 0.0269 0.0184 0.8113 
   H167496.7  2 0.2424 0.0423 0.6174 0.0190 0.0788 
   H167496.8  2 0.0265 0.0824 0.0438 0.0238 0.8235 
   H167513.1  2 0.1614 0.0410 0.0464 0.6869 0.0644 
   H167513.2  2 0.0802 0.0473 0.4184 0.4269 0.0272 
   H167513.3  2 0.4472 0.0300 0.0394 0.0842 0.3993 
   H167513.4  2 0.0553 0.0310 0.0808 0.2139 0.6189 
   H167513.5  2 0.0387 0.0375 0.1306 0.7578 0.0354 
   H167513.6  2 0.1514 0.1049 0.1858 0.3039 0.2541 
   H167513.7  2 0.0776 0.0481 0.0210 0.4674 0.3860 
   H167513.8  2 0.1626 0.0295 0.0251 0.7323 0.0506 
   H167547.1  2 0.0468 0.0137 0.8659 0.0525 0.0212 
   H167547.2  2 0.0148 0.0214 0.9111 0.0238 0.0289 
   H167547.3  2 0.0171 0.0168 0.9160 0.0180 0.0322 
   H167547.4  2 0.1453 0.0140 0.3963 0.0817 0.3626 
   H167547.5  2 0.0107 0.0155 0.9068 0.0158 0.0512 
   H167547.6  2 0.0112 0.0188 0.9106 0.0152 0.0443 
   H167547.7  2 0.2065 0.0912 0.4991 0.1349 0.0683 
   H169750.1  2 0.5941 0.0453 0.0839 0.1114 0.1653 
   H169750.2  2 0.1754 0.1469 0.0905 0.5208 0.0663 
   H169750.3  2 0.3382 0.1230 0.2706 0.0736 0.1948 
   H169750.4  2 0.3677 0.0418 0.0428 0.5243 0.0233 
   H169750.5  2 0.1660 0.2114 0.0857 0.2590 0.2779 
   H169750.6  2 0.0668 0.6646 0.0529 0.1031 0.1127 
   H169750.7  2 0.4573 0.1205 0.1253 0.2526 0.0444 
   H171929.1  2 0.0385 0.0444 0.2460 0.6525 0.0187 
  H171929.10  2 0.0335 0.0943 0.3756 0.3156 0.1810 
  H171929.11  2 0.0406 0.0592 0.2942 0.5721 0.0339 
   H171929.2  2 0.0451 0.0246 0.5514 0.3445 0.0344 
   H171929.3  2 0.0289 0.0362 0.3161 0.5852 0.0336 
   H171929.4  2 0.1204 0.0478 0.5806 0.0257 0.2255 
   H171929.5  2 0.0397 0.0261 0.0856 0.8227 0.0260 
   H171929.6  2 0.0307 0.0191 0.0408 0.8907 0.0187 
   H171929.7  2 0.2294 0.1032 0.5207 0.1146 0.0321 
   H171929.8  2 0.1295 0.0517 0.7098 0.0664 0.0426 
   H171929.9  2 0.1855 0.1145 0.2115 0.0434 0.4451 
   H171930.1  2 0.2683 0.0915 0.0863 0.4392 0.1146 
   H171930.2  2 0.0693 0.0788 0.1180 0.0535 0.6803 
   H171930.3  2 0.1069 0.0615 0.1085 0.5665 0.1566 
   H171930.4  2 0.0887 0.0231 0.0380 0.1050 0.7451 
   H171930.5  2 0.1914 0.2818 0.1405 0.1578 0.2285 
   H171930.6  2 0.1052 0.3444 0.0547 0.0526 0.4431 
   H171930.7  2 0.0275 0.0181 0.0189 0.8978 0.0377 
   H171930.8  2 0.0367 0.0244 0.0338 0.8551 0.0501 
   H171933.1  2 0.0092 0.0089 0.0258 0.0335 0.9225 
   H171933.2  2 0.0101 0.0202 0.0403 0.0637 0.8658 
   H171933.3  2 0.0157 0.0100 0.0690 0.0169 0.8884 
   H171933.4  2 0.0556 0.0098 0.0736 0.0101 0.8509 
   H171933.5  2 0.2887 0.0107 0.1932 0.0225 0.4849 
   H171933.6  2 0.0101 0.0436 0.0169 0.0099 0.9195 
   H171933.7  2 0.0214 0.0199 0.0366 0.0148 0.9073 
   H171933.8  2 0.0271 0.0162 0.0684 0.0278 0.8605 
   H171933.9  2 0.0170 0.0075 0.0150 0.0075 0.9531 
      H190.1  2 0.5336 0.0553 0.0852 0.0290 0.2969 
      H190.2  2 0.0131 0.1503 0.8112 0.0116 0.0138 
      H190.3  2 0.0480 0.0399 0.8539 0.0211 0.0372 
      H190.4  2 0.0554 0.0131 0.0760 0.0247 0.8308 
      H190.5  2 0.0285 0.4774 0.4331 0.0271 0.0339 
      H190.6  2 0.0690 0.0185 0.2414 0.0300 0.6411 
      H190.7  2 0.0607 0.0147 0.8283 0.0265 0.0697 
      H190.8  2 0.1405 0.2288 0.5668 0.0222 0.0417 
      H190.9  2 0.0438 0.0401 0.7913 0.0766 0.0481 
      H400.1  2 0.0110 0.0131 0.0076 0.0156 0.9528 
      H400.2  2 0.0067 0.0444 0.0095 0.0131 0.9263 
      H400.3  2 0.0156 0.0167 0.0134 0.0205 0.9338 
      H400.4  2 0.0166 0.0357 0.0188 0.0119 0.9171 
      H400.5  2 0.0138 0.0154 0.0102 0.0155 0.9450 
      H400.6  2 0.0081 0.0253 0.0106 0.0080 0.9479 
      H400.7  2 0.0096 0.0121 0.0125 0.0087 0.9571 
 H428.1_2005  2 0.0189 0.0197 0.0105 0.0149 0.9359 
 H428.1_2006  2 0.0210 0.0480 0.0166 0.0111 0.9033 
 H428.2_2005  2 0.0139 0.0126 0.0175 0.0315 0.9245 
 H428.2_2006  2 0.0137 0.0399 0.0111 0.0108 0.9244 
 H428.3_2005  2 0.0104 0.0125 0.0127 0.0068 0.9577 
 H428.3_2006  2 0.0171 0.0510 0.0119 0.0134 0.9067 
 H428.4_2005  2 0.0107 0.0108 0.0130 0.0104 0.9551 
 H428.4_2006  2 0.0095 0.0148 0.0089 0.0093 0.9575 
 H428.5_2005  2 0.0072 0.0201 0.0110 0.0230 0.9387 
 H428.6_2005  2 0.0145 0.0235 0.0143 0.0082 0.9395 
 H428.6_2006  2 0.0204 0.0235 0.0087 0.0128 0.9346 
      H428.7  2 0.0075 0.0124 0.0064 0.0075 0.9662 
      H428.8  2 0.0113 0.0248 0.0110 0.0168 0.9360 
      H428.9  2 0.0094 0.0144 0.0097 0.0188 0.9477 
      H453.1  2 0.0168 0.0381 0.0108 0.0111 0.9232 
      H453.2  2 0.0165 0.0149 0.0151 0.0129 0.9406 
      H453.3  2 0.0154 0.0102 0.0132 0.0093 0.9519 
      H453.4  2 0.0161 0.0123 0.0132 0.0083 0.9501 
      H453.5  2 0.0115 0.0197 0.0095 0.0102 0.9492 
      H453.6  2 0.0071 0.0237 0.0087 0.0073 0.9532 
      H453.7  2 0.0714 0.1933 0.1888 0.0258 0.5207 
      H453.8  2 0.1533 0.0778 0.0901 0.0311 0.6478 
      H453.9  2 0.0234 0.1508 0.0167 0.0102 0.7989 
      H512.1  2 0.0211 0.0129 0.0125 0.0083 0.9452 
     H512.10  2 0.2600 0.0470 0.0335 0.1443 0.5152 
      H512.2  2 0.2329 0.0337 0.1307 0.0333 0.5694 
      H512.3  2 0.5589 0.0328 0.0354 0.0833 0.2896 
      H512.4  2 0.0589 0.0605 0.0626 0.0406 0.7775 
      H512.5  2 0.7977 0.0283 0.0319 0.0678 0.0743 
      H512.6  2 0.4590 0.0463 0.1436 0.0260 0.3250 
      H512.7  2 0.5644 0.0471 0.0155 0.0721 0.3009 
      H512.8  2 0.2535 0.0379 0.3447 0.0370 0.3268 
      H512.9  2 0.4366 0.0310 0.0141 0.0530 0.4653 
      H513.1  2 0.0080 0.0107 0.0090 0.0154 0.9570 
      H513.2  2 0.0090 0.0113 0.0150 0.0145 0.9502 
      H513.3  2 0.0117 0.0098 0.0076 0.0074 0.9635 
      H513.4  2 0.0105 0.0443 0.0223 0.0099 0.9130 
      H513.5  2 0.0105 0.0139 0.0085 0.0090 0.9581 
      H513.6  2 0.0243 0.0166 0.0290 0.2991 0.6310 
      H532.1  2 0.0246 0.4926 0.0236 0.0501 0.4091 
      H532.2  2 0.0171 0.0347 0.0643 0.0170 0.8669 
      H532.3  2 0.0336 0.0311 0.0486 0.0131 0.8736 
      H532.4  2 0.0356 0.4939 0.0306 0.0300 0.4099 
      H532.5  2 0.0152 0.0602 0.0209 0.0487 0.8551 
      H532.6  2 0.0267 0.0898 0.0135 0.0205 0.8495 
      H532.7  2 0.0208 0.4558 0.0205 0.0208 0.4821 
      H532.8  2 0.0286 0.4975 0.0645 0.0728 0.3366 
      H543.1  2 0.0099 0.0069 0.0069 0.9584 0.0179 
      H543.2  2 0.0092 0.0111 0.0228 0.9053 0.0516 
      H543.3  2 0.0102 0.0134 0.0121 0.9422 0.0220 
      H543.4  2 0.0072 0.0074 0.0153 0.9599 0.0101 
      H543.5  2 0.0069 0.0076 0.0090 0.9677 0.0088 
      H543.6  2 0.0086 0.0064 0.0131 0.9498 0.0221 
      H543.7  2 0.0066 0.0068 0.0104 0.9674 0.0088 
      H543.8  2 0.0099 0.0233 0.0156 0.9181 0.0332 
      H543.9  2 0.0083 0.0103 0.0124 0.9522 0.0168 
 H545.1_2005  2 0.0070 0.0074 0.0051 0.9749 0.0056 
 H545.1_2006  2 0.0080 0.0110 0.0105 0.9624 0.0081 
 H545.2_2005  2 0.0157 0.0152 0.0112 0.9506 0.0074 
 H545.2_2006  2 0.0071 0.0089 0.0074 0.9677 0.0089 
 H545.3_2005  2 0.0369 0.0100 0.0195 0.9226 0.0110 
 H545.3_2006  2 0.0058 0.0149 0.0054 0.9678 0.0061 
 H545.4_2005  2 0.0153 0.0150 0.0200 0.9415 0.0082 
 H545.4_2006  2 0.0104 0.0114 0.0123 0.9577 0.0083 
 H545.5_2005  2 0.0059 0.0127 0.0056 0.9671 0.0088 
 H545.5_2006  2 0.0170 0.0110 0.0152 0.9423 0.0145 
 H545.6_2005  2 0.0068 0.0064 0.0045 0.9762 0.0061 
 H545.6_2006  2 0.0112 0.0082 0.0084 0.9652 0.0070 
 H545.7_2005  2 0.0075 0.0100 0.0067 0.9676 0.0083 
 H545.7_2006  2 0.0083 0.0118 0.0080 0.9636 0.0083 
 H545.8_2005  2 0.0120 0.0169 0.0194 0.9347 0.0169 
 H545.8_2006  2 0.0075 0.0081 0.0078 0.9673 0.0093 
      H545.9  2 0.0133 0.0109 0.0143 0.9506 0.0110 
      H547.1  2 0.0504 0.0131 0.1136 0.0128 0.8101 
      H547.2  2 0.0141 0.0284 0.3757 0.0201 0.5617 
      H547.3  2 0.1496 0.0099 0.4197 0.0335 0.3873 
      H547.4  2 0.0678 0.0457 0.5109 0.0231 0.3524 
      H547.5  2 0.0224 0.0078 0.6321 0.0109 0.3268 
      H547.6  2 0.0195 0.0118 0.1049 0.0393 0.8244 
      H547.7  2 0.1253 0.0165 0.3174 0.0547 0.4860 
      H547.8  2 0.0348 0.0103 0.1542 0.0166 0.7841 
      H548.1  2 0.0124 0.0080 0.0074 0.9627 0.0095 
      H548.2  2 0.0138 0.0088 0.0153 0.9531 0.0090 
      H548.3  2 0.0078 0.0069 0.0079 0.9675 0.0100 
      H548.4  2 0.0265 0.0304 0.0121 0.9203 0.0107 
      H548.5  2 0.0079 0.0077 0.0073 0.9692 0.0079 
      H548.6  2 0.0149 0.0079 0.0074 0.9629 0.0069 
      H548.7  2 0.0082 0.0082 0.0109 0.9652 0.0075 
      H548.8  2 0.0091 0.0102 0.0113 0.9602 0.0092 
      H548.9  2 0.0111 0.0118 0.0161 0.9463 0.0147 
     H7389.1  2 0.0130 0.0123 0.0138 0.0148 0.9461 
     H7389.2  2 0.0094 0.0118 0.0141 0.0301 0.9346 
     H7389.3  2 0.0088 0.0157 0.0213 0.0211 0.9331 
     H7389.4  2 0.0122 0.0380 0.0057 0.0417 0.9024 
     H7389.5  2 0.0172 0.0225 0.0091 0.0348 0.9164 
     H7389.6  2 0.0129 0.0406 0.0082 0.0308 0.9075 
     H7389.7  2 0.0117 0.0244 0.0186 0.0385 0.9069 
     H7389.8  2 0.0291 0.0229 0.0204 0.3473 0.5803 
     H7389.9  2 0.0102 0.0294 0.0098 0.0639 0.8868 
      H747.1  2 0.4502 0.0733 0.3193 0.0298 0.1275 
      H747.2  2 0.7860 0.0367 0.0820 0.0698 0.0254 
      H747.3  2 0.8382 0.0219 0.0499 0.0196 0.0704 
      H747.4  2 0.5696 0.0957 0.2282 0.0607 0.0458 
      H747.5  2 0.8932 0.0255 0.0334 0.0222 0.0258 
      H747.6  2 0.1415 0.0226 0.0735 0.7021 0.0603 
      H747.7  2 0.8331 0.0201 0.0499 0.0468 0.0500 
     H7484.1  2 0.0250 0.8372 0.0290 0.0205 0.0884 
     H7484.2  2 0.0629 0.7290 0.1196 0.0363 0.0522 
     H7484.3  2 0.0917 0.7396 0.0913 0.0501 0.0274 
     H7484.4  2 0.0360 0.8019 0.0372 0.0129 0.1120 
     H7484.5  2 0.0387 0.8044 0.0382 0.0596 0.0590 
     H7484.6  2 0.6106 0.2240 0.0839 0.0433 0.0382 
     H7484.7  2 0.1791 0.7479 0.0237 0.0185 0.0308 
     H7484.8  2 0.0356 0.6157 0.0419 0.0198 0.2870 
     H7485.1  2 0.0110 0.0128 0.0146 0.9454 0.0163 
     H7485.2  2 0.0055 0.0139 0.0071 0.9597 0.0138 
     H7485.3  2 0.0065 0.0096 0.0076 0.9700 0.0063 
     H7485.4  2 0.0057 0.0100 0.0057 0.9705 0.0081 
     H7485.5  2 0.0146 0.0158 0.0125 0.9464 0.0107 
     H7485.6  2 0.0103 0.0193 0.0151 0.9433 0.0121 
     H7485.7  2 0.0110 0.0148 0.0116 0.9557 0.0070 
     H7496.1  2 0.0265 0.0783 0.0462 0.0109 0.8381 
    H7496.10  2 0.0112 0.0266 0.0161 0.0085 0.9376 
    H7496.11  2 0.0149 0.0369 0.0125 0.9132 0.0226 
     H7496.2  2 0.0223 0.0275 0.0189 0.0129 0.9184 
     H7496.3  2 0.0342 0.5077 0.0664 0.0226 0.3692 
     H7496.4  2 0.0136 0.0160 0.0209 0.0168 0.9327 
     H7496.5  2 0.0417 0.0389 0.0523 0.0123 0.8548 
     H7496.6  2 0.0628 0.0300 0.0391 0.0090 0.8591 
     H7496.7  2 0.0154 0.0240 0.0152 0.0133 0.9321 
     H7496.8  2 0.0533 0.0674 0.1007 0.0547 0.7239 
        UNK4  2 0.0621 0.0364 0.0571 0.3607 0.4836 
        UNK5  2 0.0162 0.1067 0.0452 0.2401 0.5918 
        UNK6  2 0.0219 0.0307 0.0283 0.1167 0.8024 
        UNK7  2 0.0123 0.0377 0.0260 0.2342 0.6897 
        UNK8  2 0.0159 0.0215 0.0147 0.3726 0.5751 
        UNK9  2 0.0198 0.1739 0.0170 0.4341 0.3550 
      H009.1  4 0.9469 0.0132 0.0163 0.0101 0.0134 
      H009.2  4 0.9492 0.0084 0.0172 0.0137 0.0116 
      H009.3  4 0.9180 0.0219 0.0325 0.0126 0.0151 
      H009.4  4 0.9490 0.0138 0.0128 0.0137 0.0106 
      H009.5  4 0.9272 0.0147 0.0159 0.0314 0.0108 
      H009.6  4 0.8658 0.0320 0.0702 0.0190 0.0129 
      H046.4  4 0.3695 0.3220 0.0850 0.1203 0.1033 
      H046.8  4 0.2493 0.1502 0.4791 0.0844 0.0370 
 H076.1_2002  4 0.0101 0.0113 0.9554 0.0103 0.0129 
 H076.1_2003  4 0.0077 0.0059 0.9666 0.0133 0.0064 
 H076.1_2004  4 0.0094 0.0112 0.9611 0.0117 0.0066 
 H076.2_2002  4 0.0113 0.0099 0.9531 0.0108 0.0149 
 H076.2_2003  4 0.0091 0.0087 0.9538 0.0210 0.0075 
 H076.2_2004  4 0.0428 0.0134 0.9102 0.0148 0.0188 
 H076.3_2002  4 0.4730 0.0318 0.4422 0.0195 0.0334 
 H076.3_2003  4 0.0099 0.0133 0.9398 0.0249 0.0121 
 H076.3_2004  4 0.0081 0.0116 0.9497 0.0161 0.0145 
 H076.4_2002  4 0.0349 0.0323 0.8843 0.0205 0.0280 
 H076.4_2003  4 0.0307 0.0083 0.9355 0.0160 0.0095 
 H076.4_2004  4 0.2285 0.0164 0.6967 0.0195 0.0389 
 H076.5_2002  4 0.0130 0.0130 0.9456 0.0094 0.0189 
 H076.5_2003  4 0.0178 0.0145 0.8866 0.0595 0.0216 
 H076.5_2004  4 0.0192 0.0235 0.9098 0.0194 0.0281 
 H076.6_2002  4 0.0095 0.0291 0.9330 0.0195 0.0089 
 H076.6_2003  4 0.0123 0.0068 0.9442 0.0206 0.0161 
 H076.6_2004  4 0.0151 0.0137 0.9528 0.0101 0.0083 
 H076.7_2002  4 0.2598 0.0252 0.5918 0.0359 0.0874 
 H076.7_2003  4 0.0537 0.0134 0.8649 0.0375 0.0305 
 H076.7_2004  4 0.0244 0.0133 0.9343 0.0162 0.0118 
      H477.1  4 0.5316 0.0125 0.0302 0.0416 0.3842 
      H477.2  4 0.7519 0.0278 0.0729 0.0303 0.1171 
      H477.3  4 0.5991 0.0759 0.0137 0.0937 0.2175 
      H477.4  4 0.4421 0.0195 0.0228 0.2710 0.2446 
      H477.5  4 0.7053 0.0420 0.0617 0.0996 0.0915 
      H477.6  4 0.7706 0.0522 0.0310 0.0971 0.0491 
      H477.7  4 0.2139 0.0129 0.0335 0.4816 0.2580 
 H479.1_2005  4 0.0601 0.7955 0.0103 0.0211 0.1130 
 H479.1_2006  4 0.4283 0.2576 0.2541 0.0317 0.0283 
     H479.10  4 0.0650 0.8236 0.0373 0.0470 0.0271 
 H479.2_2005  4 0.0555 0.7220 0.0521 0.0631 0.1073 
 H479.2_2006  4 0.7186 0.1414 0.0096 0.0331 0.0973 
 H479.3_2005  4 0.1152 0.6421 0.0374 0.0167 0.1886 
 H479.3_2006  4 0.2233 0.3143 0.0940 0.0244 0.3440 
 H479.4_2005  4 0.2222 0.6500 0.0251 0.0510 0.0517 
 H479.4_2006  4 0.0505 0.8300 0.0135 0.0264 0.0797 
 H479.5_2005  4 0.0253 0.9056 0.0281 0.0188 0.0222 
 H479.5_2006  4 0.2180 0.6744 0.0160 0.0170 0.0747 
 H479.6_2005  4 0.1935 0.3582 0.2184 0.1698 0.0602 
 H479.6_2006  4 0.0214 0.7129 0.0097 0.0293 0.2268 
 H479.7_2005  4 0.0419 0.2029 0.0451 0.0796 0.6305 
 H479.7_2006  4 0.1014 0.5130 0.0356 0.0798 0.2702 
 H479.8_2005  4 0.0277 0.1638 0.0150 0.0225 0.7709 
 H479.8_2006  4 0.0847 0.8038 0.0495 0.0549 0.0070 
      H479.9  4 0.7107 0.1595 0.0927 0.0184 0.0188 
      H516.1  4 0.5538 0.0313 0.3466 0.0340 0.0343 
      H516.2  4 0.9486 0.0125 0.0110 0.0141 0.0138 
      H516.3  4 0.9373 0.0168 0.0197 0.0149 0.0112 
      H516.4  4 0.9332 0.0166 0.0173 0.0195 0.0135 
      H516.5  4 0.8028 0.0182 0.1335 0.0262 0.0194 
      H516.6  4 0.9509 0.0137 0.0096 0.0178 0.0080 
      H516.7  4 0.8574 0.0442 0.0439 0.0231 0.0315 
      H516.8  4 0.8648 0.0166 0.0816 0.0229 0.0141 
      H516.9  4 0.8943 0.0418 0.0319 0.0130 0.0190 
      H646.1  4 0.7034 0.0181 0.2474 0.0137 0.0175 
      H646.2  4 0.6487 0.0095 0.3133 0.0110 0.0175 
      H646.3  4 0.8426 0.0138 0.1256 0.0090 0.0091 
      H646.4  4 0.4108 0.0178 0.4970 0.0144 0.0601 
      H646.5  4 0.7128 0.0302 0.2253 0.0096 0.0221 
      H658.1  4 0.9353 0.0118 0.0146 0.0293 0.0090 
     H658.10  4 0.9513 0.0084 0.0123 0.0115 0.0165 
      H658.2  4 0.9201 0.0106 0.0233 0.0328 0.0132 
      H658.3  4 0.9218 0.0207 0.0170 0.0212 0.0193 
      H658.4  4 0.9198 0.0265 0.0093 0.0221 0.0223 
      H658.5  4 0.9581 0.0126 0.0081 0.0061 0.0151 
      H658.6  4 0.9320 0.0129 0.0263 0.0129 0.0159 
      H658.7  4 0.8691 0.0266 0.0501 0.0361 0.0181 
      H658.8  4 0.8916 0.0137 0.0480 0.0362 0.0104 
      H658.9  4 0.9132 0.0237 0.0313 0.0196 0.0122 
      H682.1  4 0.1068 0.6346 0.1155 0.0337 0.1094 
      H682.6  4 0.3253 0.2902 0.2362 0.0387 0.1096 
      H720.1  4 0.0663 0.1114 0.3633 0.0194 0.4396 
      H720.2  4 0.2436 0.1209 0.2477 0.0169 0.3708 
      H720.3  4 0.0289 0.2958 0.6201 0.0207 0.0345 
      H720.4  4 0.4716 0.3274 0.0883 0.0392 0.0735 
      H720.5  4 0.0232 0.4272 0.4469 0.0708 0.0319 
      H720.6  4 0.0270 0.3802 0.4681 0.0857 0.0390 
      H720.7  4 0.1321 0.0908 0.0559 0.0412 0.6799 
      H720.8  4 0.0174 0.4826 0.3319 0.0158 0.1523 
      H720.9  4 0.1949 0.6894 0.0735 0.0172 0.0250 
      H724.1  4 0.0141 0.0202 0.9327 0.0215 0.0115 
      H724.2  4 0.0205 0.0203 0.8994 0.0269 0.0329 
      H724.3  4 0.2569 0.3501 0.2638 0.0152 0.1140 
      H724.4  4 0.0265 0.1004 0.8443 0.0157 0.0131 
      H724.5  4 0.1933 0.5735 0.1528 0.0149 0.0655 
      H724.6  4 0.0176 0.0243 0.9139 0.0245 0.0196 
      H725.1  4 0.1381 0.7318 0.0792 0.0214 0.0295 
      H725.2  4 0.6962 0.0531 0.0510 0.0478 0.1518 
      H725.3  4 0.7685 0.0749 0.0222 0.0893 0.0451 
      H725.4  4 0.1890 0.2705 0.0863 0.2588 0.1953 
      H725.5  4 0.2156 0.0184 0.0377 0.0232 0.7052 
      H725.6  4 0.7953 0.0496 0.0874 0.0476 0.0202 
      H725.7  4 0.2051 0.6734 0.0783 0.0240 0.0192 
      H725.8  4 0.5920 0.0622 0.0334 0.2907 0.0216 
      H726.1  4 0.9609 0.0070 0.0125 0.0112 0.0085 
      H726.2  4 0.9172 0.0218 0.0243 0.0122 0.0245 
      H726.3  4 0.8882 0.0102 0.0507 0.0283 0.0226 
      H726.4  4 0.9545 0.0140 0.0102 0.0137 0.0076 
      H726.5  4 0.9408 0.0182 0.0204 0.0116 0.0090 
        UNK1  4 0.4976 0.0590 0.0633 0.0822 0.2979 
        UNK2  4 0.5418 0.3394 0.0547 0.0350 0.0291 
        UNK3  4 0.7380 0.0366 0.0547 0.0291 0.1415 
      H016.1  5 0.0368 0.0734 0.0307 0.8294 0.0297 
      H016.2  5 0.0173 0.5980 0.0200 0.3451 0.0197 
      H016.3  5 0.2544 0.0531 0.3473 0.3225 0.0227 
      H016.4  5 0.0151 0.6330 0.0166 0.3046 0.0307 
 H017.1_2002  5 0.3404 0.0129 0.5824 0.0327 0.0316 
 H017.1_2003  5 0.3813 0.0179 0.0198 0.4460 0.1350 
 H017.2_2002  5 0.0512 0.0347 0.8821 0.0164 0.0156 
 H017.2_2003  5 0.9374 0.0166 0.0115 0.0213 0.0132 
 H017.3_2002  5 0.1009 0.0206 0.0403 0.8064 0.0319 
 H017.3_2003  5 0.3270 0.0128 0.4309 0.1742 0.0551 
 H017.4_2002  5 0.0781 0.0695 0.2257 0.5607 0.0661 
 H017.4_2003  5 0.8307 0.0140 0.0150 0.1325 0.0077 
 H017.5_2002  5 0.0315 0.0105 0.0155 0.9309 0.0116 
 H017.5_2003  5 0.9188 0.0113 0.0214 0.0372 0.0113 
 H017.6_2002  5 0.0203 0.0118 0.8316 0.0600 0.0762 
 H017.6_2003  5 0.8999 0.0119 0.0566 0.0110 0.0206 
 H017.7_2002  5 0.0668 0.0366 0.3860 0.4516 0.0589 
 H017.7_2003  5 0.9515 0.0124 0.0110 0.0170 0.0081 
      H017.8  5 0.4471 0.0409 0.2854 0.1912 0.0355 
      H017.9  5 0.1039 0.0393 0.3110 0.4918 0.0540 
      H032.1  5 0.8853 0.0103 0.0155 0.0756 0.0133 
      H032.2  5 0.8992 0.0120 0.0100 0.0653 0.0135 
      H032.3  5 0.9214 0.0240 0.0131 0.0232 0.0183 
      H032.4  5 0.9278 0.0111 0.0105 0.0436 0.0071 
      H032.5  5 0.9463 0.0138 0.0130 0.0153 0.0117 
      H032.6  5 0.9413 0.0163 0.0177 0.0133 0.0114 
      H032.7  5 0.8050 0.0120 0.0271 0.1216 0.0343 
 H034.1_2002  5 0.2629 0.0441 0.6147 0.0604 0.0179 
 H034.1_2003  5 0.3854 0.0171 0.5392 0.0410 0.0173 
 H034.2_2002  5 0.4690 0.0754 0.1685 0.2636 0.0235 
 H034.2_2003  5 0.2891 0.0182 0.5949 0.0322 0.0656 
 H034.3_2002  5 0.2122 0.0668 0.3098 0.3855 0.0257 
 H034.3_2003  5 0.2682 0.0141 0.6478 0.0246 0.0453 
 H034.4_2002  5 0.0417 0.0613 0.7781 0.0856 0.0333 
 H034.4_2003  5 0.8136 0.0118 0.1197 0.0379 0.0171 
 H034.5_2002  5 0.2128 0.0179 0.4243 0.3293 0.0158 
 H034.5_2003  5 0.5085 0.0156 0.1940 0.2526 0.0293 
 H034.6_2002  5 0.1829 0.0427 0.3375 0.4100 0.0270 
 H034.6_2003  5 0.8499 0.0125 0.0679 0.0469 0.0228 
 H034.7_2002  5 0.6007 0.0281 0.2977 0.0511 0.0224 
 H034.7_2003  5 0.7816 0.0110 0.0473 0.1425 0.0176 
 H034.8_2002  5 0.0537 0.0141 0.8877 0.0279 0.0166 
 H034.8_2003  5 0.5860 0.0127 0.1856 0.2005 0.0153 
      H034.9  5 0.3198 0.1219 0.3157 0.1876 0.0550 
      H048.1  5 0.8403 0.0725 0.0172 0.0398 0.0303 
      H048.2  5 0.4597 0.3292 0.0527 0.0664 0.0920 
      H048.3  5 0.2998 0.0918 0.4022 0.0972 0.1090 
      H048.4  5 0.3952 0.2664 0.2078 0.0821 0.0485 
      H048.5  5 0.5765 0.3080 0.0176 0.0371 0.0608 
      H048.6  5 0.3367 0.3511 0.2406 0.0443 0.0273 
      H048.7  5 0.5520 0.3043 0.0226 0.0999 0.0213 
      H048.8  5 0.6372 0.1444 0.1340 0.0708 0.0136 
      H060.1  5 0.2278 0.0714 0.0488 0.6221 0.0299 
     H060.10  5 0.6836 0.0120 0.0604 0.2296 0.0144 
      H060.2  5 0.6280 0.0284 0.0799 0.2284 0.0354 
      H060.3  5 0.5537 0.0248 0.1649 0.2425 0.0141 
      H060.4  5 0.2461 0.0204 0.0505 0.6483 0.0347 
      H060.5  5 0.1103 0.0325 0.0656 0.7663 0.0253 
      H060.6  5 0.1215 0.0280 0.0592 0.7707 0.0206 
      H060.7  5 0.2722 0.0447 0.4147 0.2253 0.0431 
      H060.8  5 0.5464 0.0409 0.0959 0.2900 0.0268 
      H060.9  5 0.3799 0.0277 0.0447 0.5312 0.0165 
 H070.1_2002  5 0.0918 0.1316 0.1570 0.1370 0.4826 
 H070.1_2003  5 0.6963 0.1240 0.0669 0.0932 0.0196 
 H070.1_2004  5 0.0353 0.0165 0.9157 0.0186 0.0140 
 H070.2_2002  5 0.2229 0.0288 0.3948 0.0473 0.3061 
 H070.2_2003  5 0.5746 0.0504 0.1250 0.1766 0.0735 
 H070.2_2004  5 0.1605 0.0141 0.8022 0.0135 0.0097 
 H070.3_2002  5 0.3278 0.4287 0.0956 0.0866 0.0612 
 H070.3_2003  5 0.9102 0.0101 0.0401 0.0273 0.0122 
 H070.3_2004  5 0.6190 0.0375 0.2074 0.1026 0.0334 
 H070.4_2002  5 0.5666 0.0305 0.3367 0.0154 0.0508 
 H070.4_2003  5 0.7441 0.0499 0.0725 0.1080 0.0255 
 H070.4_2004  5 0.3972 0.1893 0.3141 0.0290 0.0704 
 H070.5_2002  5 0.0590 0.7907 0.0204 0.0880 0.0420 
 H070.5_2003  5 0.8926 0.0339 0.0224 0.0400 0.0112 
 H070.5_2004  5 0.1408 0.0383 0.7753 0.0303 0.0153 
 H070.6_2002  5 0.5209 0.2088 0.0329 0.0701 0.1673 
 H070.6_2003  5 0.5821 0.0159 0.3609 0.0206 0.0206 
 H070.6_2004  5 0.3311 0.0829 0.5150 0.0205 0.0504 
      H077.1  5 0.3846 0.0712 0.4838 0.0486 0.0118 
      H077.2  5 0.7318 0.1106 0.0268 0.1211 0.0096 
      H077.3  5 0.1645 0.0383 0.7561 0.0253 0.0158 
      H077.4  5 0.7185 0.0215 0.2039 0.0386 0.0176 
      H077.5  5 0.2364 0.0567 0.1725 0.5220 0.0124 
      H077.6  5 0.8254 0.0260 0.0168 0.1215 0.0103 
      H097.1  5 0.0708 0.1001 0.7506 0.0411 0.0374 
      H097.2  5 0.0275 0.0308 0.5946 0.0323 0.3148 
      H097.3  5 0.1248 0.0534 0.7584 0.0193 0.0441 
      H097.4  5 0.2351 0.0566 0.4140 0.0132 0.2811 
      H097.5  5 0.6429 0.0221 0.2661 0.0145 0.0544 
      H097.6  5 0.0490 0.0555 0.4886 0.0276 0.3793 
      H097.7  5 0.0750 0.0851 0.5951 0.0209 0.2239 
      H124.1  5 0.1304 0.7171 0.0939 0.0309 0.0277 
      H124.2  5 0.1365 0.1286 0.0349 0.6487 0.0513 
      H124.3  5 0.0379 0.5409 0.0202 0.3766 0.0244 
      H124.4  5 0.2959 0.1672 0.0584 0.3712 0.1073 
      H124.5  5 0.0976 0.3989 0.0649 0.4055 0.0331 
      H132.1  5 0.0600 0.6714 0.2097 0.0392 0.0197 
      H132.2  5 0.0213 0.6189 0.3201 0.0294 0.0104 
      H132.3  5 0.0611 0.5286 0.2596 0.1364 0.0143 
      H132.4  5 0.0447 0.7547 0.1729 0.0139 0.0137 
      H132.5  5 0.0443 0.5192 0.2735 0.1390 0.0240 
      H132.6  5 0.0264 0.5859 0.2332 0.1373 0.0173 
      H132.7  5 0.1067 0.6164 0.0440 0.1351 0.0979 
      H155.1  5 0.0111 0.9467 0.0113 0.0206 0.0103 
      H155.2  5 0.0188 0.9212 0.0219 0.0231 0.0150 
      H155.3  5 0.0166 0.9449 0.0085 0.0097 0.0203 
      H155.4  5 0.0079 0.9566 0.0106 0.0161 0.0088 
      H155.5  5 0.0122 0.9368 0.0202 0.0198 0.0110 
      H155.6  5 0.0353 0.8077 0.0153 0.0921 0.0496 
      H155.7  5 0.0114 0.9521 0.0135 0.0121 0.0109 
      H155.8  5 0.0144 0.9021 0.0148 0.0330 0.0356 
      H155.9  5 0.0381 0.8954 0.0165 0.0334 0.0166 
      H169.1  5 0.8844 0.0103 0.0396 0.0421 0.0236 
      H169.2  5 0.7936 0.0083 0.0864 0.0878 0.0239 
      H169.3  5 0.8204 0.0092 0.1256 0.0164 0.0284 
      H169.4  5 0.7680 0.0136 0.0519 0.1414 0.0251 
      H169.5  5 0.7501 0.0154 0.0539 0.1509 0.0297 
      H169.6  5 0.6216 0.0163 0.0443 0.2650 0.0529 
      H457.1  5 0.0966 0.0823 0.1112 0.0197 0.6902 
      H457.2  5 0.0803 0.0877 0.0210 0.0144 0.7966 
      H457.3  5 0.0342 0.0091 0.0188 0.0127 0.9251 
      H457.4  5 0.0992 0.0505 0.1734 0.0332 0.6437 
      H457.5  5 0.5674 0.0947 0.0824 0.1581 0.0973 
      H457.6  5 0.4292 0.1063 0.0496 0.0272 0.3876 
      H457.7  5 0.4371 0.0357 0.2439 0.0348 0.2485 
      H457.8  5 0.5113 0.0408 0.0176 0.0733 0.3570 
      H462.1  5 0.1216 0.5820 0.0915 0.0747 0.1302 
      H462.2  5 0.0626 0.7451 0.1249 0.0152 0.0523 
      H462.3  5 0.1137 0.5086 0.0445 0.1249 0.2083 
      H462.4  5 0.3012 0.2172 0.3903 0.0541 0.0373 
      H462.5  5 0.1021 0.4453 0.3765 0.0375 0.0386 
      H462.6  5 0.4864 0.3325 0.0918 0.0450 0.0444 
      H462.7  5 0.1309 0.2548 0.0335 0.0368 0.5440 
      H462.8  5 0.5590 0.1098 0.2986 0.0178 0.0148 
      H462.9  5 0.2034 0.4275 0.0759 0.0845 0.2088 
      H481.1  5 0.5174 0.0146 0.4357 0.0200 0.0123 
      H481.2  5 0.1473 0.1324 0.6022 0.0935 0.0246 
      H481.3  5 0.4649 0.0815 0.3886 0.0505 0.0145 
      H481.4  5 0.2331 0.1289 0.4102 0.2043 0.0235 
      H481.5  5 0.3556 0.0762 0.5275 0.0263 0.0143 
      H481.6  5 0.5247 0.0775 0.2430 0.0097 0.1451 
      H481.7  5 0.4233 0.0895 0.3893 0.0227 0.0752 
      H481.8  5 0.3778 0.0266 0.4348 0.0087 0.1521 
      H509.1  5 0.3004 0.0301 0.0839 0.5216 0.0640 
      H509.2  5 0.5675 0.0401 0.0955 0.0234 0.2736 
      H509.3  5 0.5368 0.0318 0.0354 0.0156 0.3804 
      H509.4  5 0.2039 0.0648 0.1267 0.0289 0.5758 
      H509.5  5 0.1699 0.6299 0.0339 0.0264 0.1398 
      H509.6  5 0.1325 0.1661 0.1174 0.5057 0.0784 
      H509.7  5 0.3428 0.1125 0.0711 0.0247 0.4489 
      H567.1  5 0.2841 0.0189 0.0232 0.0229 0.6509 
      H567.2  5 0.1399 0.6532 0.1120 0.0120 0.0829 
      H567.3  5 0.3392 0.2715 0.2352 0.0118 0.1423 
      H567.4  5 0.0369 0.0169 0.0227 0.0215 0.9019 
      H567.5  5 0.2113 0.0208 0.0178 0.0211 0.7290 
      H567.6  5 0.1832 0.0114 0.0166 0.0337 0.7551 
      H567.7  5 0.1167 0.4489 0.0619 0.0150 0.3574 
      H567.8  5 0.2746 0.0549 0.0548 0.0238 0.5919 
      H608.1  5 0.2131 0.3447 0.2418 0.0963 0.1040 
      H608.2  5 0.2214 0.5090 0.1128 0.1044 0.0524 
      H608.3  5 0.2140 0.5435 0.0441 0.1491 0.0494 
      H608.4  5 0.9218 0.0238 0.0166 0.0155 0.0223 
      H608.5  5 0.5332 0.2014 0.0287 0.1343 0.1024 
      H608.6  5 0.5078 0.1683 0.0493 0.2382 0.0363 
      H608.7  5 0.7532 0.0901 0.0256 0.0819 0.0493 
      H608.8  5 0.4840 0.1442 0.0251 0.2686 0.0780 
      H615.1  5 0.0407 0.0116 0.0155 0.9215 0.0107 
      H615.2  5 0.2263 0.0607 0.0416 0.6142 0.0573 
      H615.3  5 0.6735 0.0140 0.2481 0.0297 0.0348 
      H615.4  5 0.5584 0.0784 0.2292 0.0616 0.0725 
      H615.5  5 0.3508 0.0285 0.1890 0.4008 0.0309 
      H615.6  5 0.4929 0.0132 0.4390 0.0413 0.0136 
      H635.1  5 0.0529 0.0738 0.8233 0.0278 0.0222 
      H635.2  5 0.2027 0.0643 0.3529 0.0678 0.3122 
      H635.3  5 0.0458 0.5547 0.3268 0.0201 0.0526 
      H635.4  5 0.0529 0.5468 0.3113 0.0620 0.0270 
      H635.5  5 0.0791 0.1218 0.7314 0.0192 0.0485 
      H635.6  5 0.0248 0.0172 0.9262 0.0201 0.0116 
      H635.7  5 0.0499 0.2623 0.6354 0.0263 0.0261 
      H635.8  5 0.0800 0.2848 0.1632 0.0565 0.4154 
      H635.9  5 0.4439 0.1075 0.3382 0.0218 0.0886 
      H728.1  5 0.2522 0.0472 0.0152 0.6707 0.0148 
      H728.2  5 0.0469 0.0397 0.0367 0.8441 0.0326 
      H728.3  5 0.0563 0.0150 0.0106 0.8884 0.0297 
      H728.4  5 0.0181 0.0133 0.0150 0.9353 0.0182 
      H728.5  5 0.0242 0.0135 0.0127 0.9358 0.0139 
      H728.6  5 0.0137 0.0081 0.0131 0.9522 0.0129 
      H728.7  5 0.2829 0.0646 0.1217 0.3160 0.2148 
 H7395.1_200  5 0.0502 0.1561 0.4499 0.2470 0.0968 
 H7395.1_200  5 0.0409 0.0125 0.0105 0.9001 0.0360 
     H7395.2  5 0.0155 0.0074 0.0118 0.9496 0.0157 
     H7395.3  5 0.0201 0.0466 0.0127 0.8970 0.0236 
     H7395.4  5 0.0742 0.0556 0.0165 0.8425 0.0111 
     H7395.5  5 0.0145 0.0244 0.0075 0.9334 0.0202 
     H7395.6  5 0.0211 0.0401 0.0085 0.9146 0.0157 
     H7395.7  5 0.0835 0.0679 0.0195 0.8044 0.0247 
     H7395.8  5 0.0256 0.0167 0.0255 0.9026 0.0296 
     H7395.9  5 0.0197 0.0306 0.0233 0.9008 0.0257 
      H742.1  5 0.3067 0.5425 0.1210 0.0169 0.0129 
      H742.2  5 0.0696 0.2895 0.6022 0.0128 0.0260 
      H742.3  5 0.7713 0.0799 0.0841 0.0459 0.0188 
      H958.1  5 0.8856 0.0090 0.0475 0.0126 0.0454 
      H958.2  5 0.8043 0.0161 0.0195 0.0087 0.1513 
      H958.3  5 0.7549 0.0224 0.0209 0.0120 0.1898 
      H958.4  5 0.9236 0.0064 0.0354 0.0098 0.0248 
      H958.5  5 0.7693 0.0149 0.0643 0.0125 0.1390 
      H958.6  5 0.7490 0.0128 0.0193 0.0109 0.2080 
      H958.7  5 0.7440 0.0174 0.0209 0.0083 0.2094 
      H452.1 10 0.0251 0.0127 0.9386 0.0122 0.0114 
     H452.10 10 0.0182 0.0119 0.9223 0.0267 0.0210 
      H452.2 10 0.1886 0.0310 0.3902 0.0575 0.3327 
      H452.3 10 0.0168 0.0075 0.9396 0.0147 0.0214 
      H452.4 10 0.0106 0.0158 0.9467 0.0165 0.0104 
      H452.5 10 0.0329 0.0160 0.8909 0.0273 0.0329 
      H452.6 10 0.5948 0.0606 0.2423 0.0388 0.0635 
      H452.7 10 0.0779 0.0235 0.7894 0.0388 0.0704 
      H452.8 10 0.0387 0.0196 0.8372 0.0505 0.0540 
      H452.9 10 0.0125 0.0150 0.9501 0.0133 0.0091 
      H473.1 10 0.8920 0.0255 0.0232 0.0140 0.0453 
      H473.2 10 0.0419 0.0418 0.0172 0.0791 0.8200 
      H473.3 10 0.0393 0.1336 0.0125 0.0504 0.7642 
      H473.4 10 0.0452 0.0757 0.0202 0.0771 0.7818 
      H473.5 10 0.1096 0.0378 0.0079 0.0424 0.8023 
      H473.6 10 0.0393 0.2807 0.0185 0.0407 0.6209 
      H473.7 10 0.0937 0.0314 0.0120 0.0393 0.8235 
      H473.8 10 0.0343 0.0201 0.0106 0.1167 0.8182 
      H487.1 10 0.0136 0.0077 0.9607 0.0081 0.0099 
      H487.2 10 0.0188 0.0093 0.9426 0.0128 0.0165 
      H487.3 10 0.0287 0.0092 0.9408 0.0090 0.0123 
      H487.4 10 0.0256 0.0112 0.9420 0.0114 0.0098 
      H487.5 10 0.0104 0.0076 0.9664 0.0074 0.0083 
      H703.1 10 0.0934 0.2556 0.1370 0.4926 0.0214 
     H703.10 10 0.2468 0.1024 0.3510 0.2515 0.0484 
      H703.2 10 0.2076 0.3382 0.2950 0.1387 0.0205 
      H703.3 10 0.2669 0.0523 0.1942 0.4407 0.0459 
      H703.4 10 0.1640 0.0519 0.4617 0.1063 0.2161 
      H703.5 10 0.1603 0.0363 0.1046 0.0254 0.6734 
      H703.6 10 0.7529 0.0415 0.0935 0.0288 0.0833 
      H703.7 10 0.0539 0.0664 0.0740 0.6148 0.1909 
      H703.8 10 0.2487 0.0193 0.7010 0.0203 0.0108 
      H703.9 10 0.7207 0.0403 0.1959 0.0245 0.0185 
      H705.1 10 0.0312 0.0089 0.5992 0.0176 0.3431 
      H705.2 10 0.0238 0.0101 0.8631 0.0333 0.0697 
      H705.3 10 0.0160 0.0094 0.9474 0.0114 0.0158 
      H705.4 10 0.0149 0.0076 0.9374 0.0142 0.0258 
      H705.5 10 0.0087 0.0106 0.9578 0.0107 0.0122 
      H705.6 10 0.0096 0.0140 0.9379 0.0250 0.0135 
