      H008.1  2 0.0140 0.0106 0.0087 0.0142 0.0109 0.9416 
      H008.2  2 0.1161 0.0164 0.4386 0.1283 0.0550 0.2456 
      H008.3  2 0.1577 0.0430 0.1374 0.2800 0.1932 0.1887 
      H008.4  2 0.0195 0.0288 0.0942 0.0132 0.0188 0.8255 
      H008.5  2 0.0231 0.0162 0.0309 0.0211 0.0339 0.8747 
      H008.6  2 0.0553 0.0199 0.3171 0.0776 0.0177 0.5123 
      H008.7  2 0.0450 0.0457 0.1930 0.0605 0.0393 0.6165 
      H008.8  2 0.2817 0.0231 0.2554 0.0267 0.0219 0.3911 
      H008.9  2 0.1240 0.0170 0.7902 0.0231 0.0135 0.0322 
 H029.1_2002  2 0.0150 0.0214 0.0230 0.0081 0.0281 0.9043 
 H029.1_2003  2 0.0375 0.0308 0.1438 0.0424 0.0781 0.6675 
 H029.2_2002  2 0.0165 0.0177 0.0294 0.0310 0.0281 0.8771 
 H029.2_2003  2 0.0457 0.0135 0.0883 0.1103 0.0589 0.6834 
 H029.3_2002  2 0.0224 0.0142 0.2577 0.0366 0.1561 0.5129 
 H029.3_2003  2 0.0074 0.0161 0.0154 0.0217 0.0460 0.8933 
 H029.4_2002  2 0.0058 0.0092 0.0195 0.0087 0.0161 0.9406 
 H029.4_2003  2 0.0225 0.0248 0.0874 0.0295 0.0869 0.7489 
 H029.5_2002  2 0.0079 0.0153 0.0092 0.0085 0.0160 0.9432 
 H029.5_2003  2 0.0085 0.0108 0.0323 0.0187 0.0125 0.9172 
 H029.6_2002  2 0.0087 0.0136 0.0486 0.0105 0.0824 0.8361 
 H029.6_2003  2 0.0164 0.0418 0.0270 0.0626 0.0363 0.8159 
      H029.7  2 0.0118 0.0102 0.0159 0.0116 0.0150 0.9356 
      H030.1  2 0.0174 0.0263 0.0093 0.0600 0.8435 0.0435 
      H030.2  2 0.0130 0.0725 0.0801 0.0344 0.6840 0.1160 
      H038.1  2 0.0121 0.0084 0.0320 0.0065 0.0089 0.9322 
      H038.2  2 0.0052 0.0105 0.0079 0.0093 0.0110 0.9562 
      H038.3  2 0.0097 0.0140 0.0279 0.0140 0.0139 0.9204 
      H038.4  2 0.0115 0.0177 0.0303 0.0092 0.0094 0.9218 
      H038.5  2 0.0049 0.0115 0.0445 0.0174 0.0199 0.9017 
      H038.6  2 0.0066 0.0057 0.0129 0.0144 0.0175 0.9429 
      H038.7  2 0.0062 0.0072 0.0100 0.0116 0.0062 0.9589 
      H038.8  2 0.0083 0.0181 0.0569 0.0104 0.0149 0.8914 
      H041.1  2 0.0218 0.1566 0.0305 0.0196 0.1516 0.6198 
      H041.2  2 0.0159 0.3589 0.0640 0.0094 0.0614 0.4905 
      H041.4  2 0.0222 0.0485 0.0540 0.0121 0.0319 0.8313 
      H041.6  2 0.0568 0.0919 0.0188 0.0149 0.0530 0.7645 
 H042.1_2002  2 0.0684 0.1747 0.0247 0.0514 0.6330 0.0479 
 H042.1_2003  2 0.0923 0.1844 0.3566 0.1066 0.0557 0.2044 
 H042.2_2002  2 0.0082 0.0355 0.0166 0.0432 0.0403 0.8562 
 H042.2_2003  2 0.0469 0.5225 0.0121 0.0238 0.0263 0.3684 
 H042.3_2002  2 0.0459 0.2856 0.0269 0.1983 0.3516 0.0917 
 H042.3_2003  2 0.0328 0.2427 0.0491 0.1633 0.0838 0.4283 
 H042.4_2002  2 0.0281 0.0918 0.0534 0.0332 0.7372 0.0563 
 H042.4_2003  2 0.0997 0.0691 0.0121 0.0235 0.4877 0.3080 
      H042.5  2 0.0284 0.0269 0.0076 0.0233 0.8958 0.0179 
      H042.6  2 0.0733 0.0291 0.0142 0.0343 0.7589 0.0903 
      H042.7  2 0.0212 0.6197 0.0081 0.0201 0.2313 0.0996 
      H042.8  2 0.0340 0.1450 0.0563 0.0381 0.5550 0.1716 
   H042_2002  2 0.2895 0.1119 0.0448 0.0381 0.0148 0.5009 
   H042_2003  2 0.2978 0.0802 0.0423 0.0460 0.0161 0.5176 
      H043.1  2 0.1163 0.0313 0.5452 0.0863 0.0470 0.1739 
      H043.2  2 0.3492 0.0189 0.5373 0.0192 0.0083 0.0671 
      H043.3  2 0.0529 0.0189 0.0558 0.0222 0.0104 0.8397 
      H043.4  2 0.3348 0.0214 0.1328 0.0303 0.0148 0.4659 
      H043.5  2 0.0345 0.0208 0.7235 0.0169 0.0105 0.1938 
      H043.6  2 0.0804 0.0245 0.4739 0.0227 0.0142 0.3844 
      H043.7  2 0.5943 0.0196 0.2369 0.0175 0.0073 0.1243 
      H043.8  2 0.2967 0.0531 0.4083 0.0580 0.0397 0.1441 
      H043.9  2 0.0981 0.0318 0.2946 0.0477 0.0372 0.4907 
      H047.1  2 0.0225 0.0213 0.0089 0.0221 0.0087 0.9165 
      H047.2  2 0.0318 0.0376 0.0119 0.0836 0.0403 0.7948 
      H047.3  2 0.0397 0.0809 0.0116 0.0679 0.0292 0.7706 
      H047.4  2 0.0265 0.0737 0.0092 0.0173 0.0233 0.8500 
      H047.5  2 0.0267 0.0634 0.0064 0.0355 0.0119 0.8561 
      H047.6  2 0.0606 0.1695 0.0333 0.0402 0.0273 0.6690 
      H047.7  2 0.0159 0.0357 0.0088 0.0234 0.0126 0.9035 
      H047.8  2 0.0711 0.1027 0.0177 0.0964 0.0154 0.6967 
      H047.9  2 0.0191 0.0558 0.0055 0.0314 0.0113 0.8770 
 H071.1_2002  2 0.0141 0.0092 0.0072 0.0095 0.0083 0.9517 
 H071.1_2003  2 0.2086 0.0196 0.0155 0.0131 0.0266 0.7165 
     H071.10  2 0.0079 0.0097 0.0101 0.0091 0.0134 0.9498 
 H071.2_2002  2 0.0140 0.0089 0.0131 0.0090 0.0095 0.9455 
 H071.2_2003  2 0.0103 0.0063 0.0050 0.0065 0.0059 0.9661 
      H071.3  2 0.0081 0.0150 0.0151 0.0161 0.0141 0.9315 
 H071.4_2002  2 0.0094 0.0109 0.0184 0.0166 0.0145 0.9302 
 H071.4_2003  2 0.0066 0.0073 0.0053 0.0089 0.0078 0.9641 
 H071.5_2002  2 0.0060 0.0062 0.0077 0.0064 0.0133 0.9604 
 H071.5_2003  2 0.0143 0.0142 0.0054 0.0159 0.0099 0.9403 
 H071.6_2002  2 0.0071 0.0077 0.0090 0.0086 0.0061 0.9614 
 H071.6_2003  2 0.0100 0.0076 0.0057 0.0110 0.0108 0.9548 
 H071.7_2002  2 0.0081 0.0067 0.0066 0.0063 0.0057 0.9665 
 H071.7_2003  2 0.0139 0.0131 0.0061 0.0169 0.0134 0.9366 
      H071.8  2 0.0148 0.0092 0.0127 0.0071 0.0075 0.9487 
      H071.9  2 0.0192 0.0160 0.0439 0.0175 0.0133 0.8901 
 H081.1_2002  2 0.0115 0.0073 0.0058 0.0062 0.0119 0.9573 
 H081.1_2003  2 0.0741 0.0274 0.7312 0.0234 0.0518 0.0921 
 H081.2_2002  2 0.0194 0.0102 0.0062 0.0057 0.0083 0.9501 
 H081.2_2003  2 0.0766 0.0158 0.0679 0.0176 0.7633 0.0589 
 H081.3_2002  2 0.0258 0.0125 0.0143 0.0090 0.0144 0.9241 
 H081.3_2003  2 0.4408 0.0216 0.2492 0.0368 0.1974 0.0541 
 H081.4_2002  2 0.0082 0.0083 0.0069 0.0125 0.0109 0.9532 
 H081.4_2003  2 0.4279 0.0543 0.1137 0.0613 0.2753 0.0675 
 H081.5_2002  2 0.0147 0.0073 0.0074 0.0092 0.0143 0.9471 
 H081.5_2003  2 0.6152 0.0627 0.0815 0.0250 0.1029 0.1128 
      H081.6  2 0.0123 0.0080 0.0080 0.0085 0.0084 0.9547 
      H081.7  2 0.0243 0.0092 0.0098 0.0088 0.0122 0.9356 
      H081.8  2 0.0186 0.0176 0.0283 0.0133 0.0488 0.8734 
      H083.1  2 0.0087 0.0089 0.0106 0.0094 0.0363 0.9261 
      H083.2  2 0.0139 0.0094 0.0096 0.0107 0.0165 0.9399 
      H083.4  2 0.0121 0.0100 0.0204 0.0104 0.0155 0.9316 
      H083.5  2 0.0119 0.0131 0.0215 0.0096 0.0334 0.9104 
      H083.6  2 0.0098 0.0119 0.0225 0.0121 0.0451 0.8986 
      H083.7  2 0.0105 0.0149 0.0139 0.0128 0.0239 0.9240 
      H083.8  2 0.0097 0.0089 0.0090 0.0115 0.0134 0.9475 
      H083.9  2 0.0080 0.0116 0.0137 0.0082 0.0313 0.9271 
      H084.1  2 0.0176 0.0692 0.4362 0.0354 0.4226 0.0189 
      H084.2  2 0.0184 0.0162 0.3602 0.0663 0.5140 0.0249 
      H084.3  2 0.0209 0.3075 0.5193 0.0353 0.1031 0.0139 
      H084.4  2 0.0165 0.2149 0.6301 0.0406 0.0755 0.0225 
      H084.5  2 0.0215 0.3852 0.3850 0.0277 0.1575 0.0231 
      H084.6  2 0.0222 0.2302 0.6028 0.0144 0.1187 0.0117 
      H084.7  2 0.0116 0.0459 0.1655 0.0374 0.7135 0.0263 
      H084.8  2 0.0132 0.3240 0.4674 0.0167 0.1640 0.0147 
 H085.1_2002  2 0.5623 0.0109 0.0372 0.0125 0.1061 0.2710 
 H085.1_2003  2 0.0257 0.0228 0.0418 0.0166 0.1566 0.7366 
 H085.2_2002  2 0.6246 0.0261 0.0689 0.0123 0.2144 0.0537 
 H085.2_2003  2 0.0325 0.0156 0.0262 0.0290 0.2055 0.6912 
 H085.3_2002  2 0.8617 0.0423 0.0083 0.0123 0.0336 0.0418 
 H085.3_2003  2 0.0351 0.0200 0.0078 0.0223 0.0233 0.8916 
 H085.4_2002  2 0.5232 0.0233 0.0561 0.0128 0.0768 0.3078 
 H085.4_2003  2 0.0344 0.0426 0.0142 0.0111 0.0713 0.8265 
 H085.5_2002  2 0.8831 0.0195 0.0090 0.0112 0.0117 0.0655 
 H085.5_2003  2 0.0147 0.0100 0.0126 0.0201 0.1749 0.7677 
 H085.6_2002  2 0.8405 0.0164 0.0261 0.0110 0.0504 0.0556 
 H085.6_2003  2 0.3443 0.2326 0.0143 0.0396 0.0224 0.3468 
 H085.7_2002  2 0.7654 0.0178 0.0162 0.0124 0.1223 0.0659 
 H085.7_2003  2 0.0189 0.0365 0.0167 0.0149 0.0148 0.8981 
 H085.8_2002  2 0.8075 0.0514 0.0214 0.0183 0.0254 0.0761 
 H085.8_2003  2 0.0450 0.0621 0.0234 0.0298 0.5019 0.3378 
      H085.9  2 0.6124 0.0180 0.0419 0.0110 0.0538 0.2629 
      H088.1  2 0.0405 0.0315 0.0259 0.0489 0.8283 0.0250 
      H088.2  2 0.0571 0.0627 0.0177 0.0256 0.8185 0.0183 
      H088.3  2 0.0339 0.0162 0.0144 0.0217 0.8995 0.0143 
      H088.4  2 0.0157 0.0239 0.0173 0.0272 0.8871 0.0289 
      H088.5  2 0.0124 0.0221 0.0142 0.0132 0.9216 0.0165 
      H088.6  2 0.0128 0.0447 0.0165 0.0239 0.8686 0.0334 
      H088.7  2 0.0211 0.0755 0.0447 0.0246 0.5457 0.2884 
      H088.8  2 0.0181 0.0636 0.0682 0.0513 0.5258 0.2731 
      H091.1  2 0.0204 0.0431 0.0138 0.0360 0.8519 0.0347 
      H091.2  2 0.0163 0.0738 0.0108 0.0362 0.7084 0.1545 
      H109.1  2 0.0490 0.0842 0.4592 0.1429 0.1525 0.1122 
      H109.2  2 0.0420 0.1770 0.0551 0.0555 0.4627 0.2077 
      H109.3  2 0.0147 0.3229 0.0555 0.3029 0.0930 0.2110 
      H109.4  2 0.0443 0.1893 0.3114 0.2024 0.1560 0.0966 
      H109.5  2 0.0198 0.4115 0.0080 0.0425 0.0610 0.4572 
      H109.6  2 0.0688 0.1918 0.3038 0.0870 0.2274 0.1213 
      H126.1  2 0.6732 0.0668 0.0246 0.1734 0.0129 0.0491 
      H126.2  2 0.0677 0.0161 0.0614 0.0489 0.0126 0.7933 
      H126.3  2 0.0214 0.0188 0.0252 0.0269 0.0077 0.9001 
      H126.4  2 0.3235 0.0223 0.0615 0.2508 0.0226 0.3194 
      H126.5  2 0.1813 0.0234 0.0138 0.0457 0.0090 0.7268 
      H126.6  2 0.0305 0.0070 0.0075 0.0088 0.0112 0.9349 
      H126.7  2 0.0134 0.0074 0.0051 0.0103 0.0104 0.9534 
      H130.1  2 0.8415 0.0277 0.0148 0.0440 0.0564 0.0157 
      H130.2  2 0.1029 0.0323 0.0383 0.0596 0.7172 0.0497 
      H130.3  2 0.0341 0.0081 0.0121 0.7465 0.1537 0.0455 
      H130.4  2 0.5933 0.0293 0.0718 0.2057 0.0839 0.0159 
      H130.5  2 0.3385 0.0345 0.0148 0.0258 0.5161 0.0702 
      H133.1  2 0.1171 0.0637 0.2916 0.2321 0.1626 0.1328 
      H133.2  2 0.6442 0.0416 0.0828 0.0657 0.1049 0.0608 
      H133.3  2 0.1002 0.1268 0.2509 0.1631 0.0943 0.2648 
      H133.4  2 0.1120 0.0819 0.5165 0.1517 0.0550 0.0830 
      H133.5  2 0.3959 0.0161 0.1300 0.2768 0.1394 0.0418 
      H133.6  2 0.5184 0.0410 0.0547 0.0625 0.2804 0.0430 
      H133.7  2 0.0851 0.6011 0.1573 0.0489 0.0143 0.0933 
      H133.8  2 0.1843 0.0993 0.4193 0.1911 0.0567 0.0493 
      H133.9  2 0.0892 0.0479 0.2298 0.3710 0.1906 0.0716 
      H147.1  2 0.0784 0.1979 0.0510 0.0079 0.2443 0.4204 
      H147.2  2 0.0222 0.0113 0.0084 0.0069 0.0197 0.9315 
      H147.3  2 0.0321 0.0161 0.0088 0.0085 0.0246 0.9098 
      H147.4  2 0.0175 0.0206 0.0530 0.0108 0.0553 0.8427 
      H147.5  2 0.0245 0.0181 0.0118 0.0199 0.6250 0.3006 
      H147.6  2 0.0160 0.0267 0.0169 0.0379 0.6421 0.2603 
      H147.7  2 0.0149 0.0427 0.0373 0.0134 0.0618 0.8300 
      H147.8  2 0.0078 0.0118 0.0500 0.0118 0.4409 0.4776 
      H147.9  2 0.0240 0.0132 0.0088 0.0084 0.0165 0.9291 
      H148.1  2 0.1910 0.1420 0.4911 0.0336 0.1215 0.0207 
      H148.2  2 0.1404 0.1833 0.5807 0.0243 0.0328 0.0386 
      H148.3  2 0.0199 0.8424 0.0960 0.0111 0.0199 0.0106 
      H148.4  2 0.1926 0.1929 0.5288 0.0307 0.0226 0.0324 
      H148.5  2 0.0351 0.3708 0.4737 0.0361 0.0577 0.0266 
      H148.6  2 0.0533 0.2246 0.6423 0.0165 0.0421 0.0212 
      H148.7  2 0.0459 0.2398 0.5897 0.0715 0.0345 0.0186 
      H148.8  2 0.0940 0.4927 0.3541 0.0163 0.0286 0.0143 
      H148.9  2 0.1467 0.1856 0.5298 0.0839 0.0320 0.0220 
   H166022.1  2 0.0141 0.0098 0.0125 0.0062 0.9432 0.0142 
   H166022.2  2 0.0144 0.0289 0.0259 0.0163 0.8769 0.0375 
   H166022.3  2 0.0084 0.0091 0.0081 0.0124 0.9562 0.0058 
   H166022.4  2 0.0082 0.0078 0.0111 0.0199 0.9445 0.0086 
   H166022.5  2 0.0086 0.0116 0.0103 0.0131 0.9456 0.0109 
   H166022.6  2 0.0264 0.0108 0.0165 0.0123 0.9259 0.0081 
   H166022.7  2 0.0111 0.0085 0.9275 0.0276 0.0115 0.0138 
   H166022.8  2 0.1163 0.0222 0.0132 0.0160 0.8164 0.0160 
   H167397.1  2 0.0164 0.1238 0.7303 0.0123 0.0397 0.0777 
   H167397.2  2 0.1203 0.0247 0.7640 0.0177 0.0430 0.0303 
   H167397.3  2 0.0158 0.0818 0.7766 0.0091 0.0359 0.0808 
   H167397.4  2 0.0115 0.0286 0.8904 0.0190 0.0208 0.0296 
   H167397.5  2 0.0166 0.0202 0.9119 0.0146 0.0174 0.0193 
   H167397.6  2 0.0219 0.1056 0.7528 0.0204 0.0178 0.0816 
   H167496.1  2 0.0247 0.4602 0.0132 0.1078 0.3550 0.0391 
   H167496.2  2 0.0699 0.3427 0.0456 0.0426 0.0361 0.4630 
   H167496.3  2 0.4362 0.1235 0.0162 0.0762 0.2627 0.0853 
   H167496.4  2 0.0111 0.0121 0.0079 0.0109 0.9284 0.0295 
   H167496.6  2 0.0437 0.0322 0.0134 0.0605 0.7708 0.0794 
   H167496.7  2 0.1363 0.5691 0.0091 0.1499 0.1005 0.0351 
   H167496.8  2 0.0232 0.0640 0.0154 0.0247 0.7519 0.1209 
   H167513.1  2 0.3136 0.1160 0.2421 0.1955 0.0786 0.0542 
   H167513.2  2 0.0989 0.5943 0.1794 0.0659 0.0313 0.0303 
   H167513.3  2 0.0244 0.0383 0.0174 0.6535 0.2486 0.0178 
   H167513.4  2 0.0608 0.1910 0.0507 0.1030 0.5669 0.0276 
   H167513.5  2 0.1913 0.2928 0.3556 0.0452 0.0500 0.0651 
   H167513.6  2 0.2427 0.2526 0.0843 0.0847 0.2658 0.0699 
   H167513.7  2 0.0463 0.0314 0.1595 0.1742 0.5448 0.0439 
   H167513.8  2 0.0419 0.0546 0.2680 0.5155 0.0770 0.0430 
   H167547.1  2 0.0818 0.8108 0.0459 0.0272 0.0238 0.0106 
   H167547.2  2 0.0151 0.9139 0.0149 0.0121 0.0336 0.0104 
   H167547.3  2 0.0139 0.9174 0.0173 0.0091 0.0312 0.0111 
   H167547.4  2 0.1278 0.2205 0.0658 0.0897 0.4839 0.0123 
   H167547.5  2 0.0147 0.8717 0.0083 0.0154 0.0745 0.0154 
   H167547.6  2 0.0203 0.8821 0.0094 0.0131 0.0631 0.0121 
   H167547.7  2 0.5134 0.2511 0.0775 0.0616 0.0444 0.0520 
   H169750.1  2 0.1692 0.0552 0.0280 0.5846 0.1288 0.0342 
   H169750.2  2 0.1886 0.1096 0.1663 0.2605 0.0569 0.2180 
   H169750.3  2 0.1034 0.0880 0.0104 0.6234 0.0982 0.0766 
   H169750.4  2 0.2132 0.1119 0.2052 0.3790 0.0256 0.0649 
   H169750.5  2 0.1596 0.0355 0.0429 0.3828 0.1931 0.1860 
   H169750.6  2 0.0749 0.0247 0.0401 0.1848 0.0952 0.5802 
   H169750.7  2 0.1349 0.0975 0.0455 0.6123 0.0280 0.0818 
   H171929.1  2 0.1171 0.1134 0.7107 0.0164 0.0127 0.0297 
  H171929.10  2 0.1297 0.3189 0.2360 0.0200 0.2136 0.0819 
  H171929.11  2 0.1317 0.1907 0.5298 0.0568 0.0367 0.0543 
   H171929.2  2 0.1521 0.5758 0.0715 0.1307 0.0465 0.0235 
   H171929.3  2 0.0620 0.4286 0.3328 0.0790 0.0490 0.0486 
   H171929.4  2 0.4265 0.1405 0.0164 0.1326 0.2260 0.0581 
   H171929.5  2 0.0621 0.2217 0.4774 0.1142 0.0817 0.0429 
   H171929.6  2 0.0612 0.1480 0.6540 0.0722 0.0410 0.0236 
   H171929.7  2 0.7741 0.0809 0.0306 0.0497 0.0246 0.0401 
   H171929.8  2 0.7221 0.1310 0.0334 0.0338 0.0507 0.0291 
   H171929.9  2 0.7377 0.0336 0.0129 0.0408 0.1084 0.0666 
   H171930.1  2 0.0151 0.2095 0.1632 0.4917 0.0842 0.0364 
   H171930.2  2 0.0313 0.1408 0.0254 0.1186 0.6372 0.0467 
   H171930.3  2 0.0103 0.1540 0.4777 0.2430 0.0871 0.0279 
   H171930.4  2 0.0089 0.1755 0.0422 0.2495 0.5094 0.0144 
   H171930.5  2 0.0523 0.1483 0.0607 0.4241 0.1679 0.1467 
   H171930.6  2 0.0106 0.1808 0.0189 0.3276 0.2797 0.1824 
   H171930.7  2 0.0122 0.0459 0.8603 0.0337 0.0298 0.0181 
   H171930.8  2 0.0124 0.0911 0.7903 0.0320 0.0478 0.0264 
   H171933.1  2 0.0125 0.0207 0.0234 0.0112 0.9245 0.0078 
   H171933.2  2 0.0197 0.0488 0.0406 0.0142 0.8586 0.0181 
   H171933.3  2 0.0243 0.0388 0.0139 0.0171 0.8974 0.0086 
   H171933.4  2 0.0368 0.0284 0.0075 0.0236 0.8952 0.0085 
   H171933.5  2 0.0914 0.2475 0.0149 0.1867 0.4490 0.0105 
   H171933.6  2 0.0108 0.0153 0.0067 0.0116 0.9178 0.0378 
   H171933.7  2 0.0434 0.0282 0.0138 0.0271 0.8699 0.0175 
   H171933.8  2 0.0651 0.0628 0.0372 0.0212 0.8013 0.0124 
   H171933.9  2 0.0094 0.0109 0.0065 0.0168 0.9493 0.0072 
      H190.1  2 0.0379 0.0929 0.0143 0.6321 0.1829 0.0399 
      H190.2  2 0.0522 0.8482 0.0081 0.0160 0.0133 0.0621 
      H190.3  2 0.1356 0.7031 0.0136 0.0518 0.0439 0.0520 
      H190.4  2 0.0309 0.0356 0.0109 0.0934 0.8155 0.0136 
      H190.5  2 0.0697 0.5798 0.0098 0.0434 0.0273 0.2699 
      H190.6  2 0.0418 0.0776 0.0124 0.0676 0.7780 0.0226 
      H190.7  2 0.6737 0.1832 0.0180 0.0416 0.0653 0.0183 
      H190.8  2 0.1153 0.5476 0.0114 0.1452 0.0331 0.1475 
      H190.9  2 0.3453 0.5041 0.0235 0.0488 0.0441 0.0341 
      H400.1  2 0.0131 0.0066 0.0116 0.0101 0.9478 0.0108 
      H400.2  2 0.0076 0.0107 0.0134 0.0075 0.9258 0.0350 
      H400.3  2 0.0167 0.0165 0.0155 0.0267 0.9077 0.0169 
      H400.4  2 0.0098 0.0175 0.0079 0.0132 0.9273 0.0242 
      H400.5  2 0.0121 0.0122 0.0103 0.0242 0.9215 0.0197 
      H400.6  2 0.0159 0.0117 0.0058 0.0092 0.9399 0.0174 
      H400.7  2 0.0111 0.0134 0.0068 0.0086 0.9529 0.0073 
 H428.1_2005  2 0.0131 0.0110 0.0123 0.0175 0.9288 0.0172 
 H428.1_2006  2 0.0139 0.0141 0.0106 0.0179 0.9027 0.0408 
 H428.2_2005  2 0.0127 0.0120 0.0130 0.0099 0.9447 0.0075 
 H428.2_2006  2 0.0108 0.0105 0.0096 0.0108 0.9137 0.0446 
 H428.3_2005  2 0.0077 0.0066 0.0058 0.0143 0.9539 0.0117 
 H428.3_2006  2 0.0138 0.0150 0.0106 0.0194 0.8987 0.0424 
 H428.4_2005  2 0.0090 0.0098 0.0107 0.0195 0.9401 0.0108 
 H428.4_2006  2 0.0133 0.0084 0.0083 0.0102 0.9347 0.0252 
 H428.5_2005  2 0.0093 0.0089 0.0295 0.0073 0.9281 0.0168 
 H428.6_2005  2 0.0288 0.0101 0.0075 0.0206 0.9109 0.0221 
 H428.6_2006  2 0.0103 0.0091 0.0220 0.0247 0.9077 0.0263 
      H428.7  2 0.0079 0.0053 0.0068 0.0066 0.9642 0.0092 
      H428.8  2 0.0080 0.0091 0.0163 0.0136 0.9387 0.0143 
      H428.9  2 0.0072 0.0080 0.0193 0.0077 0.9484 0.0094 
      H453.1  2 0.0098 0.0115 0.0121 0.0201 0.9028 0.0437 
      H453.2  2 0.0216 0.0116 0.0082 0.0215 0.9243 0.0128 
      H453.3  2 0.0321 0.0116 0.0081 0.0108 0.9281 0.0092 
      H453.4  2 0.0151 0.0114 0.0074 0.0174 0.9337 0.0149 
      H453.5  2 0.0104 0.0105 0.0080 0.0194 0.9259 0.0258 
      H453.6  2 0.0059 0.0061 0.0064 0.0122 0.9490 0.0204 
      H453.7  2 0.6446 0.0248 0.0124 0.0159 0.1519 0.1504 
      H453.8  2 0.1766 0.0659 0.0173 0.0387 0.5940 0.1075 
      H453.9  2 0.1075 0.0099 0.0093 0.0348 0.5113 0.3271 
      H512.1  2 0.0206 0.0139 0.0076 0.0265 0.9178 0.0136 
     H512.10  2 0.0511 0.0487 0.1425 0.2539 0.4390 0.0647 
      H512.2  2 0.1052 0.1656 0.0280 0.1893 0.4806 0.0312 
      H512.3  2 0.0170 0.0417 0.0288 0.7809 0.1109 0.0207 
      H512.4  2 0.0469 0.0832 0.0416 0.0538 0.6859 0.0886 
      H512.5  2 0.0159 0.0217 0.0266 0.8765 0.0433 0.0161 
      H512.6  2 0.0850 0.1113 0.0138 0.5484 0.2075 0.0339 
      H512.7  2 0.0108 0.0152 0.0240 0.8393 0.0927 0.0181 
      H512.8  2 0.0437 0.4727 0.0212 0.2296 0.2086 0.0240 
      H512.9  2 0.0495 0.0189 0.0238 0.7104 0.1663 0.0311 
      H513.1  2 0.0093 0.0090 0.0104 0.0074 0.9536 0.0103 
      H513.2  2 0.0106 0.0116 0.0132 0.0079 0.9410 0.0158 
      H513.3  2 0.0103 0.0066 0.0063 0.0091 0.9575 0.0100 
      H513.4  2 0.0083 0.0148 0.0070 0.0165 0.9232 0.0303 
      H513.5  2 0.0093 0.0089 0.0074 0.0133 0.9470 0.0141 
      H513.6  2 0.0145 0.0189 0.2138 0.0147 0.7227 0.0155 
      H532.1  2 0.0265 0.0285 0.0268 0.0477 0.4344 0.4361 
      H532.2  2 0.0247 0.0302 0.0151 0.0115 0.9004 0.0180 
      H532.3  2 0.0350 0.0284 0.0107 0.0210 0.8636 0.0412 
      H532.4  2 0.0771 0.0126 0.0186 0.0192 0.3115 0.5610 
      H532.5  2 0.0166 0.0178 0.0302 0.0165 0.8479 0.0709 
      H532.6  2 0.0380 0.0158 0.0187 0.0171 0.7374 0.1730 
      H532.7  2 0.0152 0.0184 0.0200 0.0274 0.4653 0.4538 
      H532.8  2 0.0305 0.0622 0.0511 0.0355 0.3022 0.5185 
      H543.1  2 0.0082 0.0076 0.9536 0.0091 0.0155 0.0060 
      H543.2  2 0.0140 0.0182 0.8977 0.0097 0.0485 0.0120 
      H543.3  2 0.0102 0.0083 0.9516 0.0069 0.0141 0.0088 
      H543.4  2 0.0094 0.0125 0.9540 0.0082 0.0105 0.0054 
      H543.5  2 0.0076 0.0110 0.9585 0.0066 0.0104 0.0059 
      H543.6  2 0.0168 0.0087 0.9440 0.0076 0.0150 0.0079 
      H543.7  2 0.0070 0.0077 0.9682 0.0051 0.0070 0.0050 
      H543.8  2 0.0148 0.0097 0.9306 0.0104 0.0186 0.0158 
      H543.9  2 0.0130 0.0083 0.9522 0.0095 0.0100 0.0071 
 H545.1_2005  2 0.0053 0.0047 0.9754 0.0045 0.0052 0.0049 
 H545.1_2006  2 0.0058 0.0086 0.9625 0.0066 0.0062 0.0102 
 H545.2_2005  2 0.0109 0.0112 0.9413 0.0168 0.0084 0.0114 
 H545.2_2006  2 0.0055 0.0058 0.9694 0.0062 0.0074 0.0057 
 H545.3_2005  2 0.0130 0.0183 0.9384 0.0153 0.0080 0.0070 
 H545.3_2006  2 0.0053 0.0057 0.9649 0.0066 0.0071 0.0105 
 H545.4_2005  2 0.0117 0.0180 0.9426 0.0119 0.0066 0.0093 
 H545.4_2006  2 0.0097 0.0114 0.9529 0.0126 0.0062 0.0071 
 H545.5_2005  2 0.0067 0.0059 0.9604 0.0080 0.0091 0.0098 
 H545.5_2006  2 0.0080 0.0105 0.9519 0.0107 0.0120 0.0069 
 H545.6_2005  2 0.0051 0.0048 0.9745 0.0057 0.0045 0.0055 
 H545.6_2006  2 0.0068 0.0079 0.9637 0.0090 0.0061 0.0065 
 H545.7_2005  2 0.0051 0.0052 0.9703 0.0059 0.0062 0.0073 
 H545.7_2006  2 0.0078 0.0077 0.9575 0.0083 0.0081 0.0106 
 H545.8_2005  2 0.0121 0.0153 0.9333 0.0115 0.0153 0.0124 
 H545.8_2006  2 0.0065 0.0063 0.9699 0.0058 0.0061 0.0055 
      H545.9  2 0.0090 0.0097 0.9584 0.0085 0.0078 0.0066 
      H547.1  2 0.0303 0.0390 0.0143 0.0289 0.8791 0.0085 
      H547.2  2 0.0171 0.3600 0.0182 0.0116 0.5741 0.0190 
      H547.3  2 0.0854 0.2172 0.0279 0.0662 0.5939 0.0094 
      H547.4  2 0.0437 0.4318 0.0168 0.0311 0.4388 0.0378 
      H547.5  2 0.0198 0.4209 0.0096 0.0150 0.5289 0.0058 
      H547.6  2 0.0210 0.0446 0.0421 0.0151 0.8652 0.0121 
      H547.7  2 0.0654 0.1561 0.0443 0.0524 0.6678 0.0141 
      H547.8  2 0.0415 0.0461 0.0133 0.0258 0.8671 0.0062 
      H548.1  2 0.0071 0.0065 0.9619 0.0104 0.0068 0.0073 
      H548.2  2 0.0087 0.0099 0.9542 0.0102 0.0096 0.0075 
      H548.3  2 0.0095 0.0074 0.9585 0.0087 0.0086 0.0074 
      H548.4  2 0.0163 0.0154 0.9043 0.0223 0.0115 0.0302 
      H548.5  2 0.0055 0.0079 0.9664 0.0072 0.0059 0.0071 
      H548.6  2 0.0065 0.0070 0.9637 0.0093 0.0066 0.0070 
      H548.7  2 0.0074 0.0072 0.9596 0.0073 0.0082 0.0103 
      H548.8  2 0.0083 0.0066 0.9589 0.0085 0.0076 0.0102 
      H548.9  2 0.0144 0.0109 0.9392 0.0125 0.0128 0.0102 
     H7389.1  2 0.0181 0.0135 0.0091 0.0127 0.9352 0.0113 
     H7389.2  2 0.0076 0.0110 0.0311 0.0077 0.9325 0.0102 
     H7389.3  2 0.0071 0.0193 0.0158 0.0095 0.9340 0.0142 
     H7389.4  2 0.0136 0.0079 0.0563 0.0134 0.8804 0.0284 
     H7389.5  2 0.0185 0.0101 0.0245 0.0212 0.9045 0.0213 
     H7389.6  2 0.0070 0.0078 0.0147 0.0284 0.9093 0.0329 
     H7389.7  2 0.0104 0.0169 0.0327 0.0215 0.8912 0.0272 
     H7389.8  2 0.0211 0.0134 0.3302 0.0262 0.5820 0.0271 
     H7389.9  2 0.0092 0.0081 0.0547 0.0108 0.8897 0.0275 
      H747.1  2 0.0509 0.1421 0.0301 0.6955 0.0497 0.0316 
      H747.2  2 0.0188 0.0941 0.0327 0.8180 0.0214 0.0151 
      H747.3  2 0.0348 0.0477 0.0159 0.8517 0.0365 0.0135 
      H747.4  2 0.0124 0.1498 0.0105 0.7914 0.0141 0.0217 
      H747.5  2 0.0141 0.0508 0.0171 0.8861 0.0178 0.0140 
      H747.6  2 0.0608 0.1686 0.1765 0.4995 0.0729 0.0217 
      H747.7  2 0.0511 0.0318 0.0241 0.8365 0.0430 0.0134 
     H7484.1  2 0.0877 0.0167 0.0118 0.0257 0.0608 0.7972 
     H7484.2  2 0.2698 0.0581 0.0125 0.0389 0.0333 0.5874 
     H7484.3  2 0.0966 0.0714 0.0285 0.0405 0.0227 0.7402 
     H7484.4  2 0.2251 0.0395 0.0092 0.0338 0.0796 0.6127 
     H7484.5  2 0.0551 0.0263 0.0248 0.0316 0.0389 0.8234 
     H7484.6  2 0.1098 0.0631 0.0176 0.6535 0.0246 0.1314 
     H7484.7  2 0.3742 0.0164 0.0112 0.1216 0.0293 0.4472 
     H7484.8  2 0.1039 0.0307 0.0097 0.0701 0.1575 0.6281 
     H7485.1  2 0.0154 0.0099 0.9478 0.0071 0.0084 0.0113 
     H7485.2  2 0.0078 0.0052 0.9642 0.0047 0.0083 0.0098 
     H7485.3  2 0.0056 0.0078 0.9679 0.0059 0.0053 0.0075 
     H7485.4  2 0.0078 0.0042 0.9659 0.0049 0.0083 0.0089 
     H7485.5  2 0.0188 0.0109 0.9351 0.0094 0.0097 0.0162 
     H7485.6  2 0.0198 0.0090 0.9305 0.0086 0.0131 0.0190 
     H7485.7  2 0.0119 0.0097 0.9494 0.0098 0.0076 0.0114 
     H7496.1  2 0.0164 0.0614 0.0065 0.0290 0.8258 0.0609 
    H7496.10  2 0.0147 0.0103 0.0080 0.0077 0.9261 0.0333 
    H7496.11  2 0.0131 0.0385 0.8231 0.0273 0.0310 0.0670 
     H7496.2  2 0.0222 0.0187 0.0106 0.0214 0.8972 0.0299 
     H7496.3  2 0.0921 0.0656 0.0154 0.0246 0.2503 0.5521 
     H7496.4  2 0.0130 0.0207 0.0128 0.0135 0.9203 0.0198 
     H7496.5  2 0.0143 0.0726 0.0121 0.0278 0.8397 0.0336 
     H7496.6  2 0.0199 0.0188 0.0074 0.0388 0.8803 0.0348 
     H7496.7  2 0.0220 0.0113 0.0097 0.0136 0.9174 0.0261 
     H7496.8  2 0.1414 0.0997 0.0187 0.0237 0.6467 0.0698 
        UNK4  2 0.0357 0.0503 0.0733 0.0440 0.7629 0.0338 
        UNK5  2 0.0480 0.0316 0.0561 0.0107 0.7755 0.0781 
        UNK6  2 0.0115 0.0267 0.0367 0.0205 0.8864 0.0181 
        UNK7  2 0.0218 0.0242 0.1130 0.0096 0.8110 0.0204 
        UNK8  2 0.0302 0.0120 0.1205 0.0075 0.8107 0.0192 
        UNK9  2 0.0134 0.0262 0.2369 0.0310 0.5169 0.1756 
      H009.1  4 0.9346 0.0141 0.0076 0.0246 0.0097 0.0093 
      H009.2  4 0.8709 0.0134 0.0087 0.0820 0.0154 0.0097 
      H009.3  4 0.9433 0.0098 0.0072 0.0201 0.0082 0.0114 
      H009.4  4 0.8270 0.0151 0.0159 0.1128 0.0153 0.0139 
      H009.5  4 0.9003 0.0105 0.0343 0.0303 0.0125 0.0120 
      H009.6  4 0.9300 0.0201 0.0079 0.0156 0.0122 0.0142 
      H046.4  4 0.1649 0.0551 0.1297 0.2073 0.1253 0.3177 
      H046.8  4 0.1380 0.4417 0.1129 0.1745 0.0365 0.0962 
 H076.1_2002  4 0.0110 0.9431 0.0102 0.0130 0.0157 0.0071 
 H076.1_2003  4 0.0074 0.9604 0.0116 0.0082 0.0062 0.0061 
 H076.1_2004  4 0.0106 0.9528 0.0106 0.0096 0.0069 0.0096 
 H076.2_2002  4 0.0096 0.9449 0.0117 0.0129 0.0121 0.0088 
 H076.2_2003  4 0.0134 0.9534 0.0135 0.0070 0.0070 0.0058 
 H076.2_2004  4 0.0257 0.8393 0.0194 0.0749 0.0200 0.0207 
 H076.3_2002  4 0.2632 0.4611 0.0150 0.1820 0.0299 0.0488 
 H076.3_2003  4 0.0097 0.9372 0.0215 0.0115 0.0128 0.0073 
 H076.3_2004  4 0.0108 0.9457 0.0149 0.0064 0.0105 0.0117 
 H076.4_2002  4 0.0480 0.8492 0.0158 0.0408 0.0232 0.0230 
 H076.4_2003  4 0.0147 0.9428 0.0143 0.0133 0.0075 0.0074 
 H076.4_2004  4 0.1321 0.6148 0.0247 0.1564 0.0525 0.0194 
 H076.5_2002  4 0.0107 0.9240 0.0094 0.0150 0.0258 0.0151 
 H076.5_2003  4 0.0155 0.8886 0.0555 0.0145 0.0156 0.0103 
 H076.5_2004  4 0.0598 0.8427 0.0175 0.0183 0.0307 0.0310 
 H076.6_2002  4 0.0135 0.9448 0.0119 0.0094 0.0075 0.0128 
 H076.6_2003  4 0.0147 0.9068 0.0378 0.0118 0.0233 0.0055 
 H076.6_2004  4 0.0238 0.9305 0.0107 0.0139 0.0101 0.0110 
 H076.7_2002  4 0.2505 0.4228 0.0293 0.1685 0.0812 0.0477 
 H076.7_2003  4 0.0147 0.8945 0.0315 0.0268 0.0229 0.0096 
 H076.7_2004  4 0.0261 0.8828 0.0215 0.0396 0.0145 0.0155 
      H477.1  4 0.0106 0.0141 0.0132 0.5996 0.3525 0.0099 
      H477.2  4 0.0210 0.0184 0.0086 0.8986 0.0412 0.0121 
      H477.3  4 0.0276 0.0088 0.0344 0.7194 0.1627 0.0471 
      H477.4  4 0.0303 0.0133 0.1383 0.5765 0.2243 0.0173 
      H477.5  4 0.0469 0.0409 0.0442 0.7784 0.0745 0.0151 
      H477.6  4 0.0181 0.0157 0.0257 0.8822 0.0365 0.0218 
      H477.7  4 0.0417 0.0325 0.1496 0.4608 0.3033 0.0121 
 H479.1_2005  4 0.0702 0.0118 0.0136 0.1544 0.1694 0.5805 
 H479.1_2006  4 0.0199 0.0823 0.0556 0.6928 0.0181 0.1312 
     H479.10  4 0.0217 0.0556 0.0232 0.2865 0.0208 0.5922 
 H479.2_2005  4 0.2447 0.0484 0.0284 0.0305 0.1147 0.5333 
 H479.2_2006  4 0.0249 0.0081 0.0282 0.7990 0.0403 0.0995 
 H479.3_2005  4 0.0144 0.0361 0.0116 0.5757 0.0932 0.2689 
 H479.3_2006  4 0.0135 0.0357 0.0137 0.7542 0.0880 0.0949 
 H479.4_2005  4 0.0291 0.0286 0.0190 0.7698 0.0259 0.1275 
 H479.4_2006  4 0.0158 0.0131 0.0142 0.2633 0.0600 0.6336 
 H479.5_2005  4 0.0454 0.0576 0.0212 0.0424 0.0300 0.8033 
 H479.5_2006  4 0.0150 0.0125 0.0124 0.7073 0.0336 0.2193 
 H479.6_2005  4 0.0240 0.2540 0.0547 0.5280 0.0416 0.0976 
 H479.6_2006  4 0.0122 0.0112 0.0270 0.0623 0.1269 0.7605 
 H479.7_2005  4 0.0499 0.0355 0.0303 0.1814 0.5584 0.1446 
 H479.7_2006  4 0.0164 0.0201 0.0240 0.6432 0.1241 0.1721 
 H479.8_2005  4 0.0132 0.0154 0.0222 0.1151 0.7407 0.0934 
 H479.8_2006  4 0.0158 0.1694 0.0597 0.4615 0.0086 0.2850 
      H479.9  4 0.0130 0.0296 0.0110 0.8962 0.0092 0.0410 
      H516.1  4 0.1666 0.2230 0.0191 0.5396 0.0249 0.0268 
      H516.2  4 0.0186 0.0125 0.0149 0.9313 0.0102 0.0125 
      H516.3  4 0.1441 0.0265 0.0122 0.7869 0.0104 0.0199 
      H516.4  4 0.0346 0.0278 0.0124 0.8929 0.0111 0.0212 
      H516.5  4 0.0765 0.0620 0.0484 0.7836 0.0144 0.0150 
      H516.6  4 0.0146 0.0083 0.0191 0.9422 0.0063 0.0095 
      H516.7  4 0.0095 0.0436 0.0115 0.8996 0.0184 0.0174 
      H516.8  4 0.1401 0.0544 0.0160 0.7614 0.0109 0.0172 
      H516.9  4 0.0158 0.0282 0.0077 0.9081 0.0117 0.0285 
      H646.1  4 0.3702 0.2077 0.0076 0.3726 0.0228 0.0191 
      H646.2  4 0.3436 0.1579 0.0073 0.4670 0.0155 0.0087 
      H646.3  4 0.3807 0.0509 0.0079 0.5318 0.0099 0.0188 
      H646.4  4 0.1164 0.4044 0.0104 0.4222 0.0336 0.0130 
      H646.5  4 0.0945 0.0590 0.0086 0.8001 0.0159 0.0220 
      H658.1  4 0.0315 0.0254 0.0407 0.8815 0.0101 0.0108 
     H658.10  4 0.0148 0.0083 0.0070 0.9524 0.0098 0.0076 
      H658.2  4 0.0337 0.0266 0.0320 0.8875 0.0090 0.0113 
      H658.3  4 0.0180 0.0161 0.0124 0.9177 0.0141 0.0217 
      H658.4  4 0.0241 0.0094 0.0091 0.9196 0.0107 0.0270 
      H658.5  4 0.0099 0.0068 0.0050 0.9582 0.0106 0.0096 
      H658.6  4 0.0313 0.0175 0.0115 0.9184 0.0097 0.0116 
      H658.7  4 0.0465 0.0506 0.0131 0.8521 0.0157 0.0221 
      H658.8  4 0.0849 0.0806 0.0284 0.7813 0.0150 0.0099 
      H658.9  4 0.0185 0.0263 0.0115 0.9154 0.0106 0.0177 
      H682.1  4 0.1042 0.0981 0.0153 0.2012 0.1422 0.4389 
      H682.6  4 0.3851 0.1292 0.0237 0.1321 0.0876 0.2424 
      H720.1  4 0.0166 0.1976 0.0105 0.5136 0.2029 0.0589 
      H720.2  4 0.0329 0.0968 0.0106 0.7200 0.1093 0.0304 
      H720.3  4 0.0190 0.6976 0.0136 0.0843 0.0405 0.1450 
      H720.4  4 0.0192 0.0984 0.0194 0.7249 0.0391 0.0990 
      H720.5  4 0.0297 0.4812 0.0616 0.0972 0.0470 0.2832 
      H720.6  4 0.0322 0.4824 0.0585 0.1175 0.0512 0.2581 
      H720.7  4 0.0430 0.0163 0.0138 0.7805 0.1210 0.0254 
      H720.8  4 0.0326 0.3570 0.0095 0.0910 0.1048 0.4051 
      H720.9  4 0.2160 0.0926 0.0108 0.0575 0.0237 0.5993 
      H724.1  4 0.0239 0.9045 0.0196 0.0096 0.0169 0.0256 
      H724.2  4 0.0322 0.8435 0.0237 0.0282 0.0419 0.0304 
      H724.3  4 0.0417 0.1649 0.0100 0.4788 0.0816 0.2229 
      H724.4  4 0.0375 0.8158 0.0137 0.0410 0.0111 0.0809 
      H724.5  4 0.0817 0.0920 0.0075 0.2736 0.0511 0.4941 
      H724.6  4 0.0181 0.9210 0.0132 0.0162 0.0156 0.0159 
      H725.1  4 0.2216 0.0766 0.0107 0.0538 0.0282 0.6093 
      H725.2  4 0.7951 0.0165 0.0147 0.0676 0.0849 0.0212 
      H725.3  4 0.5785 0.0187 0.0336 0.2635 0.0280 0.0776 
      H725.4  4 0.3082 0.0612 0.2104 0.0268 0.1449 0.2485 
      H725.5  4 0.0139 0.0581 0.0139 0.2158 0.6826 0.0157 
      H725.6  4 0.0421 0.2810 0.0385 0.5484 0.0285 0.0615 
      H725.7  4 0.1231 0.1505 0.0237 0.1169 0.0189 0.5670 
      H725.8  4 0.1004 0.1554 0.2896 0.3382 0.0175 0.0990 
      H726.1  4 0.0326 0.0249 0.0117 0.9115 0.0123 0.0070 
      H726.2  4 0.0216 0.0355 0.0116 0.8777 0.0345 0.0190 
      H726.3  4 0.1645 0.0968 0.0284 0.6659 0.0309 0.0135 
      H726.4  4 0.0097 0.0108 0.0102 0.9496 0.0063 0.0133 
      H726.5  4 0.0335 0.0243 0.0087 0.9034 0.0118 0.0184 
        UNK1  4 0.4173 0.0510 0.0545 0.2871 0.1527 0.0373 
        UNK2  4 0.5212 0.0322 0.0303 0.0720 0.0210 0.3232 
        UNK3  4 0.4082 0.0292 0.0384 0.3258 0.1560 0.0424 
      H016.1  5 0.0417 0.0704 0.6762 0.0516 0.0336 0.1264 
      H016.2  5 0.0333 0.0242 0.2296 0.0143 0.0165 0.6821 
      H016.3  5 0.0832 0.3709 0.2343 0.2646 0.0291 0.0179 
      H016.4  5 0.0226 0.0279 0.1579 0.0209 0.0337 0.7371 
 H017.1_2002  5 0.6262 0.1021 0.0245 0.1985 0.0385 0.0102 
 H017.1_2003  5 0.0213 0.0176 0.1545 0.7152 0.0789 0.0124 
 H017.2_2002  5 0.2112 0.6287 0.0190 0.0907 0.0169 0.0335 
 H017.2_2003  5 0.0143 0.0077 0.0120 0.9462 0.0070 0.0128 
 H017.3_2002  5 0.3512 0.0214 0.5064 0.0798 0.0246 0.0166 
 H017.3_2003  5 0.8401 0.0500 0.0351 0.0340 0.0319 0.0090 
 H017.4_2002  5 0.7892 0.0355 0.1185 0.0128 0.0213 0.0227 
 H017.4_2003  5 0.1267 0.0146 0.1606 0.6719 0.0077 0.0186 
 H017.5_2002  5 0.0862 0.0143 0.8615 0.0179 0.0079 0.0122 
 H017.5_2003  5 0.1310 0.0169 0.0303 0.7973 0.0103 0.0142 
 H017.6_2002  5 0.6396 0.1339 0.1223 0.0150 0.0742 0.0151 
 H017.6_2003  5 0.0828 0.0358 0.0121 0.8349 0.0183 0.0160 
 H017.7_2002  5 0.4548 0.1256 0.2844 0.0305 0.0509 0.0538 
 H017.7_2003  5 0.0167 0.0068 0.0152 0.9401 0.0095 0.0116 
      H017.8  5 0.5894 0.0573 0.1725 0.1301 0.0243 0.0263 
      H017.9  5 0.2870 0.0552 0.5216 0.0460 0.0557 0.0345 
      H032.1  5 0.0099 0.0155 0.0269 0.9259 0.0130 0.0089 
      H032.2  5 0.0054 0.0093 0.0233 0.9457 0.0068 0.0095 
      H032.3  5 0.0090 0.0124 0.0182 0.9342 0.0101 0.0162 
      H032.4  5 0.0212 0.0110 0.0320 0.9171 0.0060 0.0127 
      H032.5  5 0.0126 0.0191 0.0139 0.9290 0.0102 0.0151 
      H032.6  5 0.0131 0.0195 0.0135 0.9331 0.0097 0.0112 
      H032.7  5 0.0224 0.0282 0.0316 0.8788 0.0301 0.0090 
 H034.1_2002  5 0.7868 0.0795 0.0410 0.0280 0.0141 0.0506 
 H034.1_2003  5 0.8799 0.0666 0.0084 0.0165 0.0165 0.0120 
 H034.2_2002  5 0.7292 0.0606 0.1193 0.0243 0.0151 0.0515 
 H034.2_2003  5 0.8305 0.0955 0.0100 0.0265 0.0245 0.0129 
 H034.3_2002  5 0.7511 0.0364 0.1268 0.0354 0.0151 0.0352 
 H034.3_2003  5 0.9196 0.0309 0.0084 0.0120 0.0204 0.0087 
 H034.4_2002  5 0.5297 0.3693 0.0281 0.0133 0.0205 0.0390 
 H034.4_2003  5 0.8736 0.0474 0.0144 0.0419 0.0137 0.0091 
 H034.5_2002  5 0.8187 0.0368 0.0816 0.0377 0.0109 0.0144 
 H034.5_2003  5 0.6315 0.0795 0.1315 0.1146 0.0256 0.0174 
 H034.6_2002  5 0.7476 0.0527 0.1421 0.0170 0.0160 0.0245 
 H034.6_2003  5 0.8521 0.0229 0.0269 0.0750 0.0145 0.0086 
 H034.7_2002  5 0.9203 0.0219 0.0154 0.0167 0.0094 0.0164 
 H034.7_2003  5 0.7512 0.0308 0.0615 0.1349 0.0129 0.0087 
 H034.8_2002  5 0.7471 0.1708 0.0337 0.0165 0.0144 0.0174 
 H034.8_2003  5 0.8302 0.0450 0.0695 0.0350 0.0101 0.0100 
      H034.9  5 0.6819 0.0583 0.0948 0.0555 0.0287 0.0807 
      H048.1  5 0.0177 0.0251 0.0234 0.8880 0.0162 0.0295 
      H048.2  5 0.0677 0.0942 0.0229 0.3437 0.0878 0.3838 
      H048.3  5 0.0222 0.5767 0.0322 0.2250 0.0864 0.0575 
      H048.4  5 0.0222 0.3719 0.0370 0.1858 0.0623 0.3207 
      H048.5  5 0.0157 0.0266 0.0152 0.8162 0.0244 0.1018 
      H048.6  5 0.0221 0.4134 0.0206 0.1378 0.0289 0.3772 
      H048.7  5 0.0155 0.0293 0.0690 0.5972 0.0208 0.2681 
      H048.8  5 0.0481 0.2622 0.0970 0.3486 0.0183 0.2257 
      H060.1  5 0.9153 0.0093 0.0348 0.0095 0.0122 0.0190 
     H060.10  5 0.9615 0.0075 0.0081 0.0088 0.0075 0.0067 
      H060.2  5 0.9470 0.0092 0.0115 0.0106 0.0130 0.0087 
      H060.3  5 0.9629 0.0077 0.0104 0.0061 0.0058 0.0071 
      H060.4  5 0.9100 0.0155 0.0269 0.0143 0.0243 0.0090 
      H060.5  5 0.9234 0.0143 0.0281 0.0072 0.0103 0.0168 
      H060.6  5 0.9189 0.0112 0.0409 0.0079 0.0102 0.0109 
      H060.7  5 0.9239 0.0227 0.0139 0.0113 0.0147 0.0136 
      H060.8  5 0.9194 0.0172 0.0193 0.0145 0.0159 0.0138 
      H060.9  5 0.9259 0.0109 0.0300 0.0112 0.0096 0.0123 
 H070.1_2002  5 0.6579 0.0655 0.0560 0.0121 0.1797 0.0288 
 H070.1_2003  5 0.9238 0.0110 0.0179 0.0170 0.0090 0.0214 
 H070.1_2004  5 0.6798 0.2589 0.0187 0.0163 0.0104 0.0159 
 H070.2_2002  5 0.5488 0.1278 0.0352 0.0204 0.2491 0.0186 
 H070.2_2003  5 0.8387 0.0447 0.0394 0.0312 0.0285 0.0175 
 H070.2_2004  5 0.7970 0.1547 0.0099 0.0192 0.0094 0.0097 
 H070.3_2002  5 0.8512 0.0332 0.0232 0.0201 0.0233 0.0489 
 H070.3_2003  5 0.9350 0.0083 0.0117 0.0269 0.0096 0.0086 
 H070.3_2004  5 0.9270 0.0147 0.0204 0.0110 0.0115 0.0154 
 H070.4_2002  5 0.8330 0.0647 0.0103 0.0389 0.0350 0.0181 
 H070.4_2003  5 0.8460 0.0252 0.0336 0.0551 0.0194 0.0207 
 H070.4_2004  5 0.8742 0.0255 0.0136 0.0264 0.0192 0.0411 
 H070.5_2002  5 0.8430 0.0119 0.0324 0.0104 0.0181 0.0842 
 H070.5_2003  5 0.9140 0.0137 0.0179 0.0289 0.0088 0.0166 
 H070.5_2004  5 0.6325 0.3021 0.0147 0.0141 0.0123 0.0242 
 H070.6_2002  5 0.8910 0.0127 0.0194 0.0140 0.0373 0.0256 
 H070.6_2003  5 0.9218 0.0276 0.0080 0.0223 0.0128 0.0075 
 H070.6_2004  5 0.7643 0.1361 0.0114 0.0219 0.0208 0.0455 
      H077.1  5 0.9194 0.0196 0.0156 0.0204 0.0065 0.0185 
      H077.2  5 0.1707 0.0634 0.2451 0.2302 0.0079 0.2827 
      H077.3  5 0.6738 0.1561 0.0268 0.0959 0.0131 0.0343 
      H077.4  5 0.8433 0.0391 0.0441 0.0451 0.0161 0.0123 
      H077.5  5 0.1438 0.2103 0.2604 0.3401 0.0135 0.0320 
      H077.6  5 0.7832 0.0156 0.0814 0.0902 0.0134 0.0162 
      H097.1  5 0.5607 0.1739 0.0192 0.0503 0.0349 0.1610 
      H097.2  5 0.0836 0.2707 0.0340 0.0636 0.5241 0.0240 
      H097.3  5 0.2891 0.2406 0.0182 0.3313 0.0700 0.0507 
      H097.4  5 0.4928 0.0885 0.0090 0.1330 0.2153 0.0614 
      H097.5  5 0.6668 0.0354 0.0106 0.2158 0.0496 0.0219 
      H097.6  5 0.1213 0.1440 0.0194 0.0978 0.5595 0.0580 
      H097.7  5 0.5251 0.0831 0.0111 0.0826 0.2298 0.0683 
      H124.1  5 0.0862 0.0432 0.0235 0.1020 0.0268 0.7183 
      H124.2  5 0.1069 0.0384 0.4712 0.1693 0.0433 0.1709 
      H124.3  5 0.0261 0.0166 0.2351 0.0389 0.0151 0.6682 
      H124.4  5 0.2580 0.0281 0.2842 0.1199 0.0577 0.2520 
      H124.5  5 0.0488 0.0807 0.3168 0.0993 0.0279 0.4265 
      H132.1  5 0.2551 0.2889 0.0235 0.0339 0.0238 0.3749 
      H132.2  5 0.0217 0.6712 0.0111 0.0200 0.0106 0.2654 
      H132.3  5 0.3717 0.3029 0.0783 0.0345 0.0172 0.1954 
      H132.4  5 0.0648 0.4149 0.0094 0.0332 0.0126 0.4652 
      H132.5  5 0.0248 0.8215 0.0399 0.0193 0.0203 0.0741 
      H132.6  5 0.0186 0.7140 0.0266 0.0231 0.0166 0.2011 
      H132.7  5 0.0882 0.0855 0.0656 0.0514 0.0794 0.6299 
      H155.1  5 0.0127 0.0117 0.0336 0.0106 0.0099 0.9216 
      H155.2  5 0.0182 0.0255 0.0159 0.0173 0.0138 0.9094 
      H155.3  5 0.0131 0.0087 0.0081 0.0159 0.0180 0.9361 
      H155.4  5 0.0085 0.0117 0.0138 0.0072 0.0090 0.9498 
      H155.5  5 0.0077 0.0289 0.0148 0.0177 0.0095 0.9214 
      H155.6  5 0.0156 0.0193 0.0737 0.0330 0.0333 0.8252 
      H155.7  5 0.0107 0.0242 0.0154 0.0153 0.0093 0.9252 
      H155.8  5 0.0134 0.0138 0.0268 0.0138 0.0197 0.9125 
      H155.9  5 0.0147 0.0202 0.0237 0.0527 0.0160 0.8726 
      H169.1  5 0.3453 0.0279 0.0216 0.5682 0.0274 0.0096 
      H169.2  5 0.9250 0.0089 0.0226 0.0248 0.0121 0.0067 
      H169.3  5 0.5499 0.1197 0.0128 0.2523 0.0553 0.0099 
      H169.4  5 0.8491 0.0212 0.0486 0.0496 0.0204 0.0111 
      H169.5  5 0.6279 0.0266 0.1497 0.1474 0.0351 0.0134 
      H169.6  5 0.6933 0.0197 0.0695 0.1666 0.0386 0.0122 
      H457.1  5 0.0647 0.1065 0.0156 0.0347 0.6736 0.1049 
      H457.2  5 0.0525 0.0148 0.0106 0.0647 0.7635 0.0939 
      H457.3  5 0.1688 0.0127 0.0102 0.0266 0.7717 0.0100 
      H457.4  5 0.0765 0.2125 0.0162 0.0907 0.5616 0.0425 
      H457.5  5 0.1034 0.0524 0.0970 0.4788 0.1361 0.1323 
      H457.6  5 0.1515 0.0604 0.0246 0.3111 0.3119 0.1405 
      H457.7  5 0.8225 0.0324 0.0198 0.0278 0.0727 0.0247 
      H457.8  5 0.1171 0.0176 0.0554 0.3023 0.4442 0.0633 
      H462.1  5 0.5207 0.0921 0.0379 0.0759 0.1471 0.1263 
      H462.2  5 0.4078 0.1509 0.0143 0.0454 0.0670 0.3146 
      H462.3  5 0.3137 0.0616 0.0503 0.1344 0.2511 0.1890 
      H462.4  5 0.3875 0.2026 0.0681 0.1170 0.0456 0.1792 
      H462.5  5 0.1723 0.2986 0.0416 0.1651 0.0565 0.2660 
      H462.6  5 0.4085 0.0515 0.0275 0.2500 0.0245 0.2380 
      H462.7  5 0.2285 0.0393 0.0226 0.1466 0.4648 0.0982 
      H462.8  5 0.8985 0.0375 0.0097 0.0214 0.0112 0.0217 
      H462.9  5 0.4633 0.0536 0.0468 0.1281 0.1432 0.1651 
      H481.1  5 0.8298 0.1268 0.0081 0.0147 0.0118 0.0088 
      H481.2  5 0.5032 0.3328 0.0368 0.0496 0.0238 0.0538 
      H481.3  5 0.8198 0.0399 0.0233 0.0616 0.0122 0.0432 
      H481.4  5 0.7868 0.0863 0.0251 0.0399 0.0210 0.0408 
      H481.5  5 0.7362 0.1592 0.0135 0.0337 0.0121 0.0453 
      H481.6  5 0.8349 0.0257 0.0074 0.0256 0.0636 0.0428 
      H481.7  5 0.8531 0.0291 0.0094 0.0339 0.0359 0.0386 
      H481.8  5 0.8457 0.0380 0.0055 0.0343 0.0583 0.0181 
      H509.1  5 0.0746 0.1461 0.1062 0.5567 0.0786 0.0379 
      H509.2  5 0.0372 0.1047 0.0133 0.6571 0.1485 0.0392 
      H509.3  5 0.0400 0.0296 0.0093 0.7285 0.1650 0.0276 
      H509.4  5 0.0157 0.1014 0.0163 0.3683 0.4594 0.0391 
      H509.5  5 0.0340 0.0282 0.0189 0.2182 0.0873 0.6134 
      H509.6  5 0.0371 0.1766 0.1068 0.3339 0.1242 0.2214 
      H509.7  5 0.0165 0.0786 0.0153 0.6298 0.1888 0.0709 
      H567.1  5 0.0189 0.0153 0.0104 0.7535 0.1870 0.0149 
      H567.2  5 0.0558 0.0829 0.0095 0.2371 0.0847 0.5299 
      H567.3  5 0.0298 0.1997 0.0103 0.5415 0.0821 0.1367 
      H567.4  5 0.0259 0.0224 0.0201 0.0516 0.8677 0.0123 
      H567.5  5 0.0221 0.0128 0.0107 0.7227 0.2200 0.0115 
