      H008.1  2 0.9355 0.0180 0.0104 0.0143 0.0083 0.0134 
      H008.2  2 0.2652 0.1209 0.0494 0.1322 0.4128 0.0196 
      H008.3  2 0.2180 0.2393 0.2221 0.1579 0.1278 0.0348 
      H008.4  2 0.8537 0.0154 0.0147 0.0190 0.0689 0.0281 
      H008.5  2 0.8908 0.0194 0.0263 0.0224 0.0236 0.0175 
      H008.6  2 0.5464 0.0642 0.0194 0.0979 0.2452 0.0268 
      H008.7  2 0.6680 0.0582 0.0422 0.0457 0.1419 0.0440 
      H008.8  2 0.4213 0.0185 0.0223 0.2406 0.2773 0.0200 
      H008.9  2 0.0360 0.0304 0.0158 0.1705 0.7297 0.0176 
 H029.1_2002  2 0.9069 0.0098 0.0270 0.0159 0.0234 0.0170 
 H029.1_2003  2 0.7703 0.0469 0.0407 0.0446 0.0732 0.0244 
 H029.2_2002  2 0.8871 0.0228 0.0323 0.0135 0.0284 0.0160 
 H029.2_2003  2 0.7540 0.0724 0.0463 0.0552 0.0591 0.0130 
 H029.3_2002  2 0.5695 0.0414 0.1303 0.0190 0.2239 0.0160 
 H029.3_2003  2 0.9228 0.0164 0.0223 0.0078 0.0144 0.0164 
 H029.4_2002  2 0.9424 0.0088 0.0153 0.0057 0.0146 0.0132 
 H029.4_2003  2 0.8180 0.0338 0.0511 0.0222 0.0539 0.0210 
 H029.5_2002  2 0.9475 0.0073 0.0128 0.0072 0.0075 0.0177 
 H029.5_2003  2 0.9348 0.0200 0.0098 0.0102 0.0158 0.0094 
 H029.6_2002  2 0.8253 0.0106 0.0896 0.0067 0.0533 0.0145 
 H029.6_2003  2 0.8294 0.0690 0.0253 0.0247 0.0220 0.0296 
      H029.7  2 0.9317 0.0099 0.0189 0.0140 0.0171 0.0084 
      H030.1  2 0.0296 0.0333 0.8908 0.0151 0.0095 0.0217 
      H030.2  2 0.0899 0.0319 0.7103 0.0122 0.0864 0.0694 
      H038.1  2 0.9372 0.0067 0.0089 0.0130 0.0263 0.0078 
      H038.2  2 0.9558 0.0098 0.0106 0.0060 0.0078 0.0101 
      H038.3  2 0.9130 0.0159 0.0126 0.0101 0.0328 0.0155 
      H038.4  2 0.9326 0.0084 0.0098 0.0086 0.0246 0.0161 
      H038.5  2 0.9163 0.0160 0.0169 0.0055 0.0354 0.0098 
      H038.6  2 0.9529 0.0113 0.0123 0.0067 0.0115 0.0054 
      H038.7  2 0.9577 0.0124 0.0061 0.0060 0.0109 0.0071 
      H038.8  2 0.8812 0.0087 0.0120 0.0070 0.0689 0.0222 
      H041.1  2 0.6989 0.0242 0.1305 0.0195 0.0288 0.0982 
      H041.2  2 0.4979 0.0102 0.0485 0.0176 0.0554 0.3703 
      H041.4  2 0.8390 0.0129 0.0459 0.0218 0.0493 0.0310 
      H041.6  2 0.8044 0.0111 0.0580 0.0461 0.0213 0.0589 
 H042.1_2002  2 0.0286 0.0837 0.6738 0.0570 0.0251 0.1319 
 H042.1_2003  2 0.2006 0.1494 0.0416 0.0792 0.3787 0.1504 
 H042.2_2002  2 0.8286 0.0613 0.0366 0.0094 0.0227 0.0415 
 H042.2_2003  2 0.3788 0.0207 0.0343 0.0502 0.0148 0.5013 
 H042.3_2002  2 0.0456 0.2100 0.3686 0.0470 0.0352 0.2935 
 H042.3_2003  2 0.4362 0.1616 0.0991 0.0350 0.0493 0.2189 
 H042.4_2002  2 0.0605 0.0296 0.7438 0.0339 0.0441 0.0880 
 H042.4_2003  2 0.2745 0.0200 0.5224 0.1180 0.0101 0.0550 
      H042.5  2 0.0209 0.0193 0.9013 0.0305 0.0058 0.0220 
      H042.6  2 0.0663 0.0351 0.7734 0.0854 0.0132 0.0266 
      H042.7  2 0.0748 0.0204 0.2841 0.0191 0.0082 0.5935 
      H042.8  2 0.1188 0.0441 0.5654 0.0351 0.0503 0.1863 
   H042_2002  2 0.4087 0.0363 0.0164 0.3928 0.0480 0.0979 
   H042_2003  2 0.4222 0.0334 0.0167 0.3758 0.0429 0.1091 
      H043.1  2 0.1737 0.0730 0.0349 0.0931 0.5950 0.0302 
      H043.2  2 0.0796 0.0203 0.0077 0.3184 0.5522 0.0218 
      H043.3  2 0.8259 0.0266 0.0098 0.0542 0.0626 0.0208 
      H043.4  2 0.3791 0.0321 0.0114 0.3792 0.1771 0.0211 
      H043.5  2 0.1376 0.0151 0.0118 0.0255 0.7920 0.0180 
      H043.6  2 0.4155 0.0190 0.0139 0.0680 0.4633 0.0204 
      H043.7  2 0.1321 0.0165 0.0084 0.6081 0.2140 0.0208 
      H043.8  2 0.1249 0.0492 0.0324 0.2575 0.4790 0.0569 
      H043.9  2 0.4727 0.0447 0.0392 0.1106 0.3073 0.0254 
      H047.1  2 0.9015 0.0280 0.0083 0.0257 0.0129 0.0236 
      H047.2  2 0.7930 0.0928 0.0352 0.0302 0.0128 0.0361 
      H047.3  2 0.7568 0.0841 0.0364 0.0326 0.0122 0.0779 
      H047.4  2 0.8447 0.0168 0.0174 0.0274 0.0094 0.0843 
      H047.5  2 0.7929 0.0620 0.0118 0.0324 0.0062 0.0947 
      H047.6  2 0.6379 0.0554 0.0270 0.0602 0.0393 0.1803 
      H047.7  2 0.8632 0.0164 0.0110 0.0195 0.0112 0.0787 
      H047.8  2 0.6307 0.0805 0.0206 0.0731 0.0193 0.1759 
      H047.9  2 0.8512 0.0360 0.0105 0.0225 0.0057 0.0741 
 H071.1_2002  2 0.9519 0.0101 0.0102 0.0113 0.0073 0.0092 
 H071.1_2003  2 0.7389 0.0168 0.0310 0.1826 0.0124 0.0184 
     H071.10  2 0.9520 0.0084 0.0156 0.0062 0.0096 0.0083 
 H071.2_2002  2 0.9509 0.0108 0.0062 0.0125 0.0103 0.0094 
 H071.2_2003  2 0.9653 0.0065 0.0078 0.0102 0.0045 0.0057 
      H071.3  2 0.9379 0.0095 0.0141 0.0078 0.0150 0.0157 
 H071.4_2002  2 0.9324 0.0146 0.0132 0.0120 0.0144 0.0134 
 H071.4_2003  2 0.9676 0.0087 0.0076 0.0060 0.0042 0.0059 
 H071.5_2002  2 0.9648 0.0073 0.0083 0.0068 0.0061 0.0067 
 H071.5_2003  2 0.9497 0.0141 0.0092 0.0109 0.0066 0.0096 
 H071.6_2002  2 0.9555 0.0087 0.0084 0.0088 0.0113 0.0073 
 H071.6_2003  2 0.9502 0.0122 0.0123 0.0113 0.0061 0.0079 
 H071.7_2002  2 0.9684 0.0061 0.0056 0.0074 0.0066 0.0060 
 H071.7_2003  2 0.9396 0.0159 0.0117 0.0148 0.0069 0.0110 
      H071.8  2 0.9509 0.0081 0.0077 0.0134 0.0121 0.0078 
      H071.9  2 0.8853 0.0157 0.0145 0.0222 0.0409 0.0214 
 H081.1_2002  2 0.9624 0.0059 0.0093 0.0091 0.0049 0.0084 
 H081.1_2003  2 0.0714 0.0247 0.0539 0.0698 0.7495 0.0307 
 H081.2_2002  2 0.9509 0.0063 0.0080 0.0211 0.0066 0.0071 
 H081.2_2003  2 0.0520 0.0202 0.7051 0.1030 0.1041 0.0156 
 H081.3_2002  2 0.9281 0.0066 0.0150 0.0286 0.0102 0.0115 
 H081.3_2003  2 0.0430 0.0413 0.1399 0.5381 0.2139 0.0238 
 H081.4_2002  2 0.9550 0.0110 0.0098 0.0089 0.0061 0.0092 
 H081.4_2003  2 0.0521 0.0586 0.2586 0.4655 0.1199 0.0453 
 H081.5_2002  2 0.9463 0.0072 0.0156 0.0163 0.0063 0.0083 
 H081.5_2003  2 0.0990 0.0325 0.0798 0.6236 0.0840 0.0810 
      H081.6  2 0.9540 0.0102 0.0099 0.0114 0.0072 0.0074 
      H081.7  2 0.9342 0.0083 0.0099 0.0300 0.0082 0.0094 
      H081.8  2 0.8968 0.0140 0.0306 0.0123 0.0292 0.0171 
      H083.1  2 0.9375 0.0087 0.0267 0.0075 0.0113 0.0084 
      H083.2  2 0.9413 0.0140 0.0154 0.0142 0.0084 0.0067 
      H083.4  2 0.9175 0.0097 0.0298 0.0131 0.0211 0.0089 
      H083.5  2 0.9164 0.0098 0.0301 0.0097 0.0239 0.0101 
      H083.6  2 0.8970 0.0112 0.0516 0.0088 0.0208 0.0106 
      H083.7  2 0.9228 0.0096 0.0264 0.0110 0.0165 0.0136 
      H083.8  2 0.9488 0.0093 0.0117 0.0108 0.0085 0.0108 
      H083.9  2 0.9320 0.0079 0.0304 0.0060 0.0109 0.0128 
      H084.1  2 0.0219 0.0339 0.3227 0.0185 0.5617 0.0413 
      H084.2  2 0.0200 0.0658 0.3811 0.0125 0.5033 0.0174 
      H084.3  2 0.0144 0.0328 0.1066 0.0199 0.5511 0.2752 
      H084.4  2 0.0169 0.0263 0.0486 0.0167 0.7305 0.1611 
      H084.5  2 0.0149 0.0276 0.1057 0.0148 0.5611 0.2759 
      H084.6  2 0.0108 0.0139 0.1391 0.0226 0.6378 0.1757 
      H084.7  2 0.0336 0.0412 0.5964 0.0128 0.2755 0.0405 
      H084.8  2 0.0095 0.0123 0.1163 0.0120 0.6244 0.2253 
 H085.1_2002  2 0.2540 0.0096 0.0994 0.5919 0.0349 0.0103 
 H085.1_2003  2 0.7561 0.0133 0.1304 0.0322 0.0405 0.0276 
 H085.2_2002  2 0.0491 0.0148 0.2195 0.6490 0.0455 0.0220 
 H085.2_2003  2 0.7938 0.0269 0.1265 0.0199 0.0167 0.0162 
 H085.3_2002  2 0.0496 0.0119 0.0436 0.8671 0.0072 0.0206 
 H085.3_2003  2 0.9119 0.0172 0.0225 0.0196 0.0069 0.0219 
 H085.4_2002  2 0.2837 0.0166 0.0453 0.5984 0.0378 0.0181 
 H085.4_2003  2 0.8706 0.0095 0.0394 0.0255 0.0095 0.0455 
 H085.5_2002  2 0.0366 0.0120 0.0096 0.9174 0.0074 0.0170 
 H085.5_2003  2 0.8323 0.0157 0.1142 0.0184 0.0101 0.0093 
 H085.6_2002  2 0.0561 0.0074 0.0308 0.8717 0.0212 0.0128 
 H085.6_2003  2 0.3670 0.0431 0.0227 0.2865 0.0122 0.2686 
 H085.7_2002  2 0.0634 0.0131 0.0969 0.7952 0.0155 0.0159 
 H085.7_2003  2 0.9159 0.0116 0.0143 0.0160 0.0119 0.0303 
 H085.8_2002  2 0.0467 0.0150 0.0252 0.8451 0.0172 0.0509 
 H085.8_2003  2 0.3429 0.0302 0.4723 0.0589 0.0292 0.0664 
      H085.9  2 0.2119 0.0127 0.0643 0.6569 0.0379 0.0162 
      H088.1  2 0.0267 0.0356 0.8501 0.0362 0.0212 0.0303 
      H088.2  2 0.0166 0.0336 0.8607 0.0421 0.0173 0.0297 
      H088.3  2 0.0163 0.0265 0.8907 0.0360 0.0127 0.0178 
      H088.4  2 0.0394 0.0284 0.8705 0.0159 0.0238 0.0221 
      H088.5  2 0.0154 0.0124 0.9235 0.0141 0.0112 0.0234 
      H088.6  2 0.0388 0.0232 0.8822 0.0119 0.0138 0.0302 
      H088.7  2 0.3322 0.0397 0.4917 0.0269 0.0338 0.0757 
      H088.8  2 0.2731 0.0452 0.5389 0.0213 0.0643 0.0572 
      H091.1  2 0.0399 0.0362 0.8659 0.0123 0.0102 0.0355 
      H091.2  2 0.1128 0.0369 0.7330 0.0156 0.0103 0.0913 
      H109.1  2 0.0991 0.1169 0.1532 0.0569 0.4983 0.0756 
      H109.2  2 0.3003 0.0677 0.4194 0.0367 0.0608 0.1151 
      H109.3  2 0.3001 0.2905 0.0978 0.0147 0.0633 0.2336 
      H109.4  2 0.1302 0.2152 0.1470 0.0394 0.3255 0.1426 
      H109.5  2 0.5721 0.0306 0.0510 0.0185 0.0080 0.3197 
      H109.6  2 0.1920 0.0881 0.2002 0.0632 0.3051 0.1513 
      H126.1  2 0.0331 0.1511 0.0126 0.7194 0.0219 0.0620 
      H126.2  2 0.7669 0.0448 0.0137 0.0872 0.0667 0.0207 
      H126.3  2 0.8852 0.0277 0.0096 0.0273 0.0312 0.0190 
      H126.4  2 0.3072 0.2755 0.0276 0.3064 0.0547 0.0285 
      H126.5  2 0.7114 0.0597 0.0109 0.1822 0.0106 0.0253 
      H126.6  2 0.9302 0.0100 0.0090 0.0369 0.0060 0.0079 
      H126.7  2 0.9515 0.0130 0.0103 0.0119 0.0050 0.0083 
      H130.1  2 0.0130 0.0343 0.0495 0.8521 0.0197 0.0314 
      H130.2  2 0.0701 0.0777 0.6661 0.1230 0.0411 0.0219 
      H130.3  2 0.0440 0.7387 0.1462 0.0507 0.0100 0.0104 
      H130.4  2 0.0157 0.1865 0.0660 0.6420 0.0721 0.0178 
      H130.5  2 0.0785 0.0245 0.5114 0.3396 0.0133 0.0327 
      H133.1  2 0.1249 0.2537 0.1048 0.1159 0.3535 0.0472 
      H133.2  2 0.0455 0.0499 0.0539 0.7217 0.0989 0.0302 
      H133.3  2 0.2946 0.1439 0.0722 0.0954 0.2589 0.1350 
      H133.4  2 0.0643 0.1368 0.0516 0.1287 0.5483 0.0702 
      H133.5  2 0.0296 0.2469 0.1039 0.4683 0.1347 0.0166 
      H133.6  2 0.0352 0.0753 0.2312 0.5771 0.0538 0.0274 
      H133.7  2 0.0768 0.0347 0.0180 0.0741 0.2139 0.5826 
      H133.8  2 0.0596 0.1545 0.0473 0.2388 0.4145 0.0852 
      H133.9  2 0.0841 0.4124 0.1324 0.0859 0.2467 0.0386 
      H147.1  2 0.4437 0.0085 0.2727 0.0707 0.0437 0.1607 
      H147.2  2 0.9378 0.0069 0.0156 0.0185 0.0098 0.0114 
      H147.3  2 0.9247 0.0094 0.0206 0.0221 0.0074 0.0157 
      H147.4  2 0.8679 0.0084 0.0456 0.0155 0.0441 0.0185 
      H147.5  2 0.3608 0.0164 0.5771 0.0205 0.0088 0.0163 
      H147.6  2 0.3249 0.0343 0.5959 0.0161 0.0133 0.0154 
      H147.7  2 0.8548 0.0134 0.0613 0.0156 0.0307 0.0242 
      H147.8  2 0.5405 0.0089 0.3822 0.0072 0.0522 0.0090 
      H147.9  2 0.9218 0.0081 0.0286 0.0237 0.0077 0.0100 
      H148.1  2 0.0253 0.0384 0.1130 0.2111 0.4013 0.2110 
      H148.2  2 0.0366 0.0216 0.0272 0.1536 0.4386 0.3225 
      H148.3  2 0.0116 0.0129 0.0154 0.0168 0.0910 0.8523 
      H148.4  2 0.0275 0.0256 0.0197 0.1632 0.4409 0.3231 
      H148.5  2 0.0168 0.0383 0.0874 0.0385 0.3502 0.4689 
      H148.6  2 0.0121 0.0133 0.0468 0.0466 0.5443 0.3369 
      H148.7  2 0.0172 0.0949 0.0333 0.0527 0.4903 0.3116 
      H148.8  2 0.0116 0.0149 0.0277 0.1201 0.2500 0.5757 
      H148.9  2 0.0171 0.0716 0.0326 0.1640 0.4158 0.2989 
   H166022.1  2 0.0100 0.0073 0.9474 0.0101 0.0103 0.0149 
   H166022.2  2 0.0277 0.0203 0.8879 0.0197 0.0240 0.0204 
   H166022.3  2 0.0080 0.0145 0.9465 0.0113 0.0087 0.0110 
   H166022.4  2 0.0093 0.0178 0.9481 0.0070 0.0094 0.0084 
   H166022.5  2 0.0101 0.0141 0.9458 0.0109 0.0103 0.0088 
   H166022.6  2 0.0088 0.0119 0.9267 0.0224 0.0170 0.0132 
   H166022.7  2 0.0128 0.0183 0.0111 0.0107 0.9383 0.0089 
   H166022.8  2 0.0125 0.0190 0.8120 0.1213 0.0156 0.0197 
   H167397.1  2 0.0559 0.0103 0.0331 0.0166 0.7613 0.1228 
   H167397.2  2 0.0482 0.0146 0.0425 0.1070 0.7588 0.0289 
   H167397.3  2 0.0787 0.0107 0.0284 0.0145 0.7799 0.0878 
   H167397.4  2 0.0187 0.0108 0.0217 0.0163 0.8978 0.0346 
   H167397.5  2 0.0161 0.0120 0.0176 0.0187 0.9169 0.0187 
   H167397.6  2 0.0815 0.0167 0.0180 0.0185 0.7230 0.1423 
   H167496.1  2 0.0278 0.1357 0.3661 0.0294 0.0104 0.4306 
   H167496.2  2 0.4659 0.0354 0.0265 0.0699 0.0366 0.3657 
   H167496.3  2 0.0873 0.0571 0.2753 0.4560 0.0149 0.1094 
   H167496.4  2 0.0192 0.0110 0.9399 0.0126 0.0076 0.0097 
   H167496.6  2 0.0763 0.0461 0.8040 0.0291 0.0108 0.0337 
   H167496.7  2 0.0293 0.1458 0.0964 0.1303 0.0099 0.5881 
   H167496.8  2 0.1355 0.0229 0.7358 0.0300 0.0178 0.0580 
   H167513.1  2 0.0432 0.1870 0.0770 0.3354 0.2641 0.0933 
   H167513.2  2 0.0290 0.0928 0.0314 0.0999 0.1882 0.5587 
   H167513.3  2 0.0164 0.5873 0.3038 0.0194 0.0273 0.0459 
   H167513.4  2 0.0239 0.1053 0.5000 0.0808 0.0695 0.2206 
   H167513.5  2 0.0483 0.0537 0.0536 0.1905 0.3863 0.2677 
   H167513.6  2 0.0579 0.0826 0.2578 0.3062 0.0831 0.2124 
   H167513.7  2 0.0569 0.1510 0.5401 0.0533 0.1662 0.0325 
   H167513.8  2 0.0408 0.4846 0.0874 0.0348 0.3082 0.0442 
   H167547.1  2 0.0120 0.0343 0.0304 0.0603 0.0419 0.8210 
   H167547.2  2 0.0107 0.0133 0.0214 0.0155 0.0171 0.9219 
   H167547.3  2 0.0113 0.0112 0.0324 0.0175 0.0194 0.9081 
   H167547.4  2 0.0131 0.0839 0.5756 0.1090 0.0606 0.1578 
   H167547.5  2 0.0150 0.0175 0.1143 0.0164 0.0100 0.8268 
   H167547.6  2 0.0143 0.0149 0.1008 0.0130 0.0082 0.8487 
   H167547.7  2 0.0462 0.0603 0.0576 0.5328 0.0695 0.2335 
   H169750.1  2 0.0367 0.6200 0.1313 0.1403 0.0247 0.0469 
   H169750.2  2 0.2617 0.2481 0.0454 0.1586 0.1523 0.1339 
   H169750.3  2 0.1070 0.5618 0.1095 0.1243 0.0111 0.0863 
   H169750.4  2 0.0611 0.4001 0.0204 0.2114 0.1978 0.1091 
   H169750.5  2 0.1894 0.3936 0.1728 0.1513 0.0460 0.0469 
   H169750.6  2 0.7013 0.1392 0.0584 0.0550 0.0287 0.0175 
   H169750.7  2 0.1141 0.5564 0.0316 0.1457 0.0482 0.1040 
   H171929.1  2 0.0321 0.0175 0.0120 0.1154 0.7508 0.0721 
  H171929.10  2 0.1115 0.0206 0.2403 0.1752 0.2349 0.2174 
  H171929.11  2 0.0464 0.0521 0.0389 0.1408 0.5198 0.2020 
   H171929.2  2 0.0242 0.1563 0.0345 0.1411 0.0712 0.5728 
   H171929.3  2 0.0353 0.0565 0.0484 0.0494 0.3867 0.4236 
   H171929.4  2 0.0651 0.1332 0.2332 0.4291 0.0203 0.1191 
   H171929.5  2 0.0305 0.0987 0.0420 0.0788 0.5310 0.2191 
   H171929.6  2 0.0204 0.0721 0.0304 0.0559 0.6700 0.1513 
   H171929.7  2 0.0376 0.0658 0.0212 0.7566 0.0391 0.0797 
   H171929.8  2 0.0216 0.0274 0.0354 0.7935 0.0267 0.0955 
   H171929.9  2 0.0619 0.0259 0.1355 0.7401 0.0120 0.0246 
   H171930.1  2 0.0456 0.5407 0.0653 0.0125 0.1963 0.1395 
   H171930.2  2 0.0486 0.1338 0.6569 0.0258 0.0227 0.1123 
   H171930.3  2 0.0241 0.2328 0.0842 0.0102 0.5269 0.1217 
   H171930.4  2 0.0200 0.2904 0.4826 0.0084 0.0549 0.1437 
   H171930.5  2 0.1791 0.3894 0.2024 0.0478 0.0742 0.1071 
   H171930.6  2 0.1640 0.4191 0.2578 0.0110 0.0236 0.1244 
   H171930.7  2 0.0178 0.0312 0.0158 0.0119 0.8974 0.0259 
   H171930.8  2 0.0245 0.0207 0.0385 0.0136 0.8514 0.0513 
   H171933.1  2 0.0083 0.0129 0.9272 0.0114 0.0209 0.0192 
   H171933.2  2 0.0131 0.0100 0.8756 0.0194 0.0354 0.0465 
   H171933.3  2 0.0088 0.0145 0.9234 0.0126 0.0094 0.0312 
   H171933.4  2 0.0066 0.0141 0.9101 0.0282 0.0083 0.0327 
   H171933.5  2 0.0102 0.1866 0.4744 0.0776 0.0160 0.2352 
   H171933.6  2 0.0352 0.0118 0.9231 0.0091 0.0072 0.0137 
   H171933.7  2 0.0140 0.0197 0.9034 0.0310 0.0110 0.0209 
   H171933.8  2 0.0190 0.0165 0.8280 0.0522 0.0304 0.0539 
   H171933.9  2 0.0074 0.0151 0.9557 0.0071 0.0057 0.0091 
      H190.1  2 0.0357 0.6685 0.1874 0.0376 0.0077 0.0631 
      H190.2  2 0.0681 0.0202 0.0142 0.0390 0.0091 0.8493 
      H190.3  2 0.0416 0.0622 0.0643 0.1680 0.0133 0.6508 
      H190.4  2 0.0120 0.1372 0.7689 0.0307 0.0138 0.0373 
      H190.5  2 0.2428 0.0575 0.0229 0.0727 0.0135 0.5907 
      H190.6  2 0.0192 0.1088 0.7451 0.0399 0.0133 0.0736 
      H190.7  2 0.0148 0.0305 0.0758 0.7188 0.0180 0.1421 
      H190.8  2 0.1462 0.1779 0.0311 0.1139 0.0088 0.5222 
      H190.9  2 0.0316 0.0615 0.0477 0.3484 0.0263 0.4845 
      H400.1  2 0.0137 0.0104 0.9465 0.0124 0.0101 0.0070 
      H400.2  2 0.0344 0.0075 0.9275 0.0098 0.0118 0.0090 
      H400.3  2 0.0155 0.0295 0.8995 0.0218 0.0136 0.0201 
      H400.4  2 0.0310 0.0145 0.9213 0.0116 0.0072 0.0143 
      H400.5  2 0.0149 0.0141 0.9353 0.0125 0.0103 0.0128 
      H400.6  2 0.0194 0.0074 0.9466 0.0118 0.0056 0.0093 
      H400.7  2 0.0072 0.0103 0.9497 0.0137 0.0069 0.0123 
 H428.1_2005  2 0.0195 0.0187 0.9229 0.0138 0.0150 0.0101 
 H428.1_2006  2 0.0466 0.0130 0.8932 0.0214 0.0081 0.0177 
 H428.2_2005  2 0.0066 0.0105 0.9471 0.0103 0.0137 0.0117 
 H428.2_2006  2 0.0489 0.0098 0.9126 0.0112 0.0095 0.0082 
 H428.3_2005  2 0.0119 0.0124 0.9511 0.0091 0.0067 0.0089 
 H428.3_2006  2 0.0434 0.0203 0.8974 0.0129 0.0140 0.0121 
 H428.4_2005  2 0.0113 0.0135 0.9510 0.0070 0.0078 0.0094 
 H428.4_2006  2 0.0198 0.0072 0.9475 0.0101 0.0089 0.0065 
 H428.5_2005  2 0.0207 0.0079 0.9269 0.0086 0.0289 0.0071 
 H428.6_2005  2 0.0218 0.0161 0.9180 0.0269 0.0063 0.0109 
 H428.6_2006  2 0.0288 0.0194 0.9113 0.0117 0.0201 0.0088 
      H428.7  2 0.0109 0.0070 0.9650 0.0068 0.0052 0.0051 
      H428.8  2 0.0202 0.0106 0.9399 0.0077 0.0123 0.0093 
      H428.9  2 0.0099 0.0060 0.9495 0.0072 0.0198 0.0076 
      H453.1  2 0.0491 0.0226 0.8962 0.0111 0.0106 0.0104 
      H453.2  2 0.0142 0.0199 0.9287 0.0167 0.0092 0.0113 
      H453.3  2 0.0126 0.0106 0.9339 0.0239 0.0086 0.0103 
      H453.4  2 0.0100 0.0155 0.9359 0.0179 0.0082 0.0125 
      H453.5  2 0.0188 0.0190 0.9331 0.0106 0.0093 0.0091 
      H453.6  2 0.0160 0.0116 0.9527 0.0057 0.0066 0.0074 
      H453.7  2 0.1702 0.0189 0.1177 0.6468 0.0096 0.0367 
      H453.8  2 0.1056 0.0473 0.5316 0.2239 0.0141 0.0776 
      H453.9  2 0.3024 0.0274 0.5569 0.0953 0.0095 0.0085 
      H512.1  2 0.0142 0.0395 0.9012 0.0249 0.0061 0.0141 
     H512.10  2 0.0535 0.2629 0.4462 0.0447 0.1414 0.0513 
      H512.2  2 0.0322 0.2047 0.4662 0.0963 0.0315 0.1691 
      H512.3  2 0.0239 0.7422 0.1187 0.0220 0.0424 0.0509 
      H512.4  2 0.0882 0.0403 0.7169 0.0361 0.0388 0.0797 
      H512.5  2 0.0150 0.8738 0.0398 0.0178 0.0237 0.0300 
      H512.6  2 0.0210 0.6151 0.1603 0.0939 0.0142 0.0954 
      H512.7  2 0.0219 0.8386 0.0870 0.0125 0.0217 0.0183 
      H512.8  2 0.0202 0.2349 0.1987 0.0508 0.0214 0.4740 
      H512.9  2 0.0252 0.6563 0.2226 0.0511 0.0311 0.0136 
      H513.1  2 0.0137 0.0068 0.9496 0.0093 0.0128 0.0078 
      H513.2  2 0.0108 0.0068 0.9489 0.0113 0.0131 0.0091 
      H513.3  2 0.0086 0.0087 0.9590 0.0111 0.0061 0.0066 
      H513.4  2 0.0309 0.0136 0.9216 0.0074 0.0064 0.0202 
      H513.5  2 0.0131 0.0132 0.9510 0.0084 0.0076 0.0068 
      H513.6  2 0.0188 0.0240 0.6784 0.0160 0.2442 0.0186 
      H532.1  2 0.4780 0.0633 0.3733 0.0244 0.0321 0.0289 
      H532.2  2 0.0217 0.0117 0.8947 0.0302 0.0141 0.0277 
      H532.3  2 0.0471 0.0241 0.8559 0.0357 0.0098 0.0273 
      H532.4  2 0.5938 0.0173 0.2642 0.0905 0.0160 0.0183 
      H532.5  2 0.0619 0.0137 0.8537 0.0196 0.0333 0.0178 
      H532.6  2 0.1848 0.0195 0.7269 0.0381 0.0195 0.0112 
      H532.7  2 0.5348 0.0326 0.3779 0.0181 0.0243 0.0123 
      H532.8  2 0.5421 0.0539 0.2884 0.0270 0.0421 0.0464 
      H543.1  2 0.0055 0.0082 0.0172 0.0087 0.9524 0.0080 
      H543.2  2 0.0124 0.0088 0.0532 0.0122 0.8922 0.0212 
      H543.3  2 0.0115 0.0091 0.0127 0.0093 0.9505 0.0069 
      H543.4  2 0.0061 0.0072 0.0093 0.0108 0.9539 0.0127 
      H543.5  2 0.0070 0.0064 0.0079 0.0075 0.9598 0.0114 
      H543.6  2 0.0072 0.0074 0.0141 0.0165 0.9477 0.0071 
      H543.7  2 0.0046 0.0048 0.0066 0.0067 0.9704 0.0068 
      H543.8  2 0.0200 0.0081 0.0227 0.0157 0.9218 0.0117 
      H543.9  2 0.0087 0.0075 0.0119 0.0104 0.9531 0.0085 
 H545.1_2005  2 0.0043 0.0049 0.0051 0.0050 0.9766 0.0042 
 H545.1_2006  2 0.0098 0.0070 0.0073 0.0072 0.9598 0.0089 
 H545.2_2005  2 0.0113 0.0199 0.0093 0.0091 0.9414 0.0089 
 H545.2_2006  2 0.0058 0.0056 0.0071 0.0068 0.9694 0.0053 
 H545.3_2005  2 0.0063 0.0184 0.0089 0.0135 0.9387 0.0143 
 H545.3_2006  2 0.0098 0.0053 0.0056 0.0049 0.9685 0.0059 
 H545.4_2005  2 0.0088 0.0113 0.0069 0.0108 0.9455 0.0166 
 H545.4_2006  2 0.0071 0.0095 0.0072 0.0078 0.9563 0.0121 
 H545.5_2005  2 0.0095 0.0069 0.0098 0.0066 0.9615 0.0057 
 H545.5_2006  2 0.0091 0.0111 0.0092 0.0091 0.9506 0.0108 
 H545.6_2005  2 0.0053 0.0054 0.0057 0.0040 0.9747 0.0049 
 H545.6_2006  2 0.0060 0.0083 0.0070 0.0082 0.9629 0.0076 
 H545.7_2005  2 0.0057 0.0059 0.0066 0.0052 0.9713 0.0053 
 H545.7_2006  2 0.0101 0.0083 0.0089 0.0075 0.9577 0.0075 
 H545.8_2005  2 0.0150 0.0107 0.0129 0.0122 0.9397 0.0095 
 H545.8_2006  2 0.0064 0.0056 0.0068 0.0068 0.9686 0.0059 
      H545.9  2 0.0063 0.0078 0.0078 0.0075 0.9602 0.0104 
      H547.1  2 0.0105 0.0203 0.9072 0.0319 0.0112 0.0188 
      H547.2  2 0.0162 0.0088 0.5977 0.0154 0.0144 0.3475 
      H547.3  2 0.0074 0.0484 0.6794 0.0791 0.0266 0.1590 
      H547.4  2 0.0428 0.0332 0.5639 0.0384 0.0111 0.3105 
      H547.5  2 0.0055 0.0128 0.6366 0.0167 0.0075 0.3209 
      H547.6  2 0.0112 0.0137 0.8957 0.0199 0.0376 0.0220 
      H547.7  2 0.0154 0.0397 0.7481 0.0528 0.0433 0.1007 
      H547.8  2 0.0078 0.0201 0.8897 0.0285 0.0165 0.0373 
      H548.1  2 0.0069 0.0093 0.0073 0.0081 0.9612 0.0072 
      H548.2  2 0.0067 0.0100 0.0083 0.0091 0.9577 0.0083 
      H548.3  2 0.0073 0.0082 0.0077 0.0103 0.9597 0.0068 
      H548.4  2 0.0206 0.0156 0.0089 0.0121 0.9273 0.0155 
      H548.5  2 0.0065 0.0079 0.0061 0.0053 0.9686 0.0056 
      H548.6  2 0.0059 0.0108 0.0058 0.0068 0.9631 0.0076 
      H548.7  2 0.0069 0.0071 0.0069 0.0062 0.9670 0.0060 
      H548.8  2 0.0088 0.0070 0.0061 0.0079 0.9644 0.0059 
      H548.9  2 0.0103 0.0111 0.0114 0.0145 0.9431 0.0097 
     H7389.1  2 0.0111 0.0125 0.9360 0.0160 0.0109 0.0135 
     H7389.2  2 0.0140 0.0089 0.9125 0.0082 0.0426 0.0139 
     H7389.3  2 0.0144 0.0103 0.9415 0.0073 0.0138 0.0128 
     H7389.4  2 0.0295 0.0126 0.8949 0.0118 0.0439 0.0074 
     H7389.5  2 0.0203 0.0174 0.9088 0.0153 0.0297 0.0086 
     H7389.6  2 0.0327 0.0277 0.9088 0.0072 0.0147 0.0089 
     H7389.7  2 0.0219 0.0162 0.8861 0.0094 0.0502 0.0161 
     H7389.8  2 0.0210 0.0260 0.5160 0.0193 0.4046 0.0130 
     H7389.9  2 0.0240 0.0114 0.8618 0.0104 0.0853 0.0071 
      H747.1  2 0.0258 0.6837 0.0609 0.0380 0.0255 0.1662 
      H747.2  2 0.0160 0.8046 0.0171 0.0199 0.0468 0.0957 
      H747.3  2 0.0133 0.8652 0.0373 0.0294 0.0155 0.0393 
      H747.4  2 0.0262 0.7539 0.0166 0.0205 0.0099 0.1729 
      H747.5  2 0.0156 0.9105 0.0134 0.0128 0.0181 0.0296 
      H747.6  2 0.0218 0.4856 0.0658 0.0552 0.1912 0.1804 
      H747.7  2 0.0116 0.8328 0.0427 0.0528 0.0260 0.0341 
     H7484.1  2 0.7815 0.0270 0.0444 0.1078 0.0167 0.0226 
     H7484.2  2 0.5066 0.0271 0.0401 0.3345 0.0136 0.0780 
     H7484.3  2 0.7521 0.0516 0.0241 0.0942 0.0298 0.0481 
     H7484.4  2 0.5511 0.0234 0.0850 0.2911 0.0066 0.0427 
     H7484.5  2 0.8107 0.0386 0.0420 0.0413 0.0296 0.0377 
     H7484.6  2 0.1023 0.7121 0.0245 0.0881 0.0170 0.0562 
     H7484.7  2 0.3999 0.1099 0.0167 0.4511 0.0095 0.0129 
     H7484.8  2 0.6096 0.0576 0.1710 0.1195 0.0096 0.0327 
     H7485.1  2 0.0116 0.0067 0.0115 0.0147 0.9440 0.0115 
     H7485.2  2 0.0079 0.0044 0.0078 0.0084 0.9673 0.0043 
     H7485.3  2 0.0072 0.0068 0.0056 0.0054 0.9667 0.0082 
     H7485.4  2 0.0087 0.0043 0.0062 0.0083 0.9684 0.0041 
     H7485.5  2 0.0127 0.0089 0.0093 0.0121 0.9462 0.0109 
     H7485.6  2 0.0212 0.0091 0.0126 0.0119 0.9337 0.0115 
     H7485.7  2 0.0105 0.0070 0.0080 0.0106 0.9516 0.0124 
     H7496.1  2 0.0453 0.0220 0.8737 0.0185 0.0062 0.0343 
    H7496.10  2 0.0315 0.0093 0.9224 0.0155 0.0087 0.0125 
    H7496.11  2 0.0582 0.0260 0.0315 0.0131 0.8426 0.0285 
     H7496.2  2 0.0360 0.0304 0.8802 0.0273 0.0096 0.0165 
     H7496.3  2 0.5331 0.0184 0.3033 0.0872 0.0142 0.0439 
     H7496.4  2 0.0193 0.0122 0.9207 0.0168 0.0097 0.0213 
     H7496.5  2 0.0345 0.0319 0.8569 0.0145 0.0098 0.0523 
     H7496.6  2 0.0250 0.0325 0.9065 0.0188 0.0057 0.0116 
     H7496.7  2 0.0240 0.0110 0.9256 0.0181 0.0105 0.0107 
     H7496.8  2 0.0869 0.0215 0.6888 0.1224 0.0259 0.0544 
        UNK4  2 0.0400 0.0404 0.7630 0.0351 0.0783 0.0432 
        UNK5  2 0.0667 0.0123 0.7439 0.0687 0.0724 0.0359 
        UNK6  2 0.0244 0.0189 0.8854 0.0152 0.0367 0.0193 
        UNK7  2 0.0199 0.0087 0.7929 0.0239 0.1273 0.0274 
        UNK8  2 0.0129 0.0077 0.7561 0.0463 0.1656 0.0114 
        UNK9  2 0.2077 0.0360 0.5056 0.0134 0.2167 0.0206 
      H009.1  4 0.0097 0.0243 0.0116 0.9333 0.0080 0.0130 
      H009.2  4 0.0103 0.1080 0.0161 0.8410 0.0106 0.0140 
      H009.3  4 0.0116 0.0233 0.0094 0.9370 0.0076 0.0111 
      H009.4  4 0.0151 0.1058 0.0147 0.8366 0.0147 0.0132 
      H009.5  4 0.0113 0.0375 0.0121 0.8960 0.0315 0.0117 
      H009.6  4 0.0142 0.0195 0.0115 0.9298 0.0082 0.0168 
      H046.4  4 0.3880 0.2044 0.1248 0.1546 0.0772 0.0510 
      H046.8  4 0.0992 0.2008 0.0361 0.1445 0.0898 0.4296 
 H076.1_2002  4 0.0080 0.0100 0.0141 0.0088 0.0103 0.9487 
 H076.1_2003  4 0.0071 0.0079 0.0060 0.0068 0.0115 0.9608 
 H076.1_2004  4 0.0100 0.0091 0.0073 0.0079 0.0082 0.9576 
 H076.2_2002  4 0.0085 0.0109 0.0174 0.0084 0.0088 0.9460 
 H076.2_2003  4 0.0077 0.0073 0.0067 0.0104 0.0146 0.9534 
 H076.2_2004  4 0.0170 0.0578 0.0229 0.0297 0.0157 0.8569 
 H076.3_2002  4 0.0411 0.2074 0.0199 0.2598 0.0188 0.4530 
 H076.3_2003  4 0.0089 0.0091 0.0088 0.0082 0.0190 0.9461 
 H076.3_2004  4 0.0096 0.0070 0.0138 0.0102 0.0115 0.9480 
 H076.4_2002  4 0.0238 0.0298 0.0233 0.0586 0.0136 0.8509 
 H076.4_2003  4 0.0070 0.0186 0.0080 0.0168 0.0150 0.9346 
 H076.4_2004  4 0.0222 0.1427 0.0460 0.1573 0.0276 0.6043 
 H076.5_2002  4 0.0153 0.0176 0.0313 0.0132 0.0095 0.9130 
 H076.5_2003  4 0.0070 0.0156 0.0122 0.0147 0.0533 0.8972 
 H076.5_2004  4 0.0238 0.0195 0.0448 0.0632 0.0162 0.8325 
 H076.6_2002  4 0.0093 0.0107 0.0083 0.0106 0.0128 0.9483 
 H076.6_2003  4 0.0059 0.0102 0.0224 0.0141 0.0342 0.9132 
 H076.6_2004  4 0.0083 0.0149 0.0079 0.0238 0.0092 0.9358 
 H076.7_2002  4 0.0415 0.1959 0.0931 0.2409 0.0248 0.4038 
 H076.7_2003  4 0.0094 0.0315 0.0160 0.0137 0.0346 0.8949 
 H076.7_2004  4 0.0218 0.0350 0.0118 0.0336 0.0152 0.8826 
      H477.1  4 0.0092 0.6403 0.3115 0.0131 0.0128 0.0131 
      H477.2  4 0.0109 0.9081 0.0448 0.0144 0.0078 0.0140 
      H477.3  4 0.0302 0.7620 0.1410 0.0247 0.0305 0.0117 
      H477.4  4 0.0171 0.6068 0.2029 0.0274 0.1321 0.0136 
      H477.5  4 0.0209 0.7643 0.0819 0.0605 0.0409 0.0314 
      H477.6  4 0.0173 0.8921 0.0283 0.0202 0.0289 0.0132 
      H477.7  4 0.0169 0.4204 0.3418 0.0320 0.1647 0.0242 
 H479.1_2005  4 0.6406 0.1878 0.0863 0.0582 0.0175 0.0097 
 H479.1_2006  4 0.1284 0.6504 0.0157 0.0264 0.0482 0.1309 
     H479.10  4 0.5687 0.3102 0.0183 0.0222 0.0233 0.0572 
 H479.2_2005  4 0.5266 0.0270 0.1093 0.2634 0.0260 0.0477 
 H479.2_2006  4 0.1278 0.7811 0.0303 0.0211 0.0316 0.0082 
 H479.3_2005  4 0.2623 0.6045 0.0791 0.0149 0.0109 0.0283 
 H479.3_2006  4 0.1010 0.7487 0.0817 0.0130 0.0117 0.0440 
 H479.4_2005  4 0.1398 0.7411 0.0378 0.0322 0.0185 0.0305 
 H479.4_2006  4 0.6397 0.2456 0.0643 0.0189 0.0158 0.0156 
 H479.5_2005  4 0.8124 0.0390 0.0231 0.0393 0.0174 0.0689 
 H479.5_2006  4 0.2473 0.6838 0.0364 0.0127 0.0095 0.0103 
 H479.6_2005  4 0.1118 0.4880 0.0467 0.0283 0.0501 0.2751 
 H479.6_2006  4 0.8084 0.0667 0.0818 0.0132 0.0202 0.0097 
 H479.7_2005  4 0.0886 0.2001 0.5948 0.0476 0.0316 0.0374 
 H479.7_2006  4 0.2577 0.5133 0.1587 0.0167 0.0293 0.0244 
 H479.8_2005  4 0.1241 0.1004 0.7266 0.0138 0.0223 0.0129 
 H479.8_2006  4 0.3066 0.4519 0.0077 0.0193 0.0501 0.1645 
      H479.9  4 0.0426 0.8830 0.0097 0.0132 0.0088 0.0426 
      H516.1  4 0.0292 0.5352 0.0235 0.1781 0.0183 0.2156 
      H516.2  4 0.0131 0.9305 0.0085 0.0244 0.0139 0.0096 
      H516.3  4 0.0199 0.8237 0.0125 0.1042 0.0101 0.0297 
      H516.4  4 0.0233 0.8778 0.0103 0.0356 0.0158 0.0372 
      H516.5  4 0.0134 0.7985 0.0169 0.0730 0.0464 0.0519 
      H516.6  4 0.0089 0.9456 0.0062 0.0140 0.0168 0.0085 
      H516.7  4 0.0171 0.8934 0.0187 0.0098 0.0116 0.0493 
      H516.8  4 0.0102 0.7995 0.0118 0.1176 0.0110 0.0498 
      H516.9  4 0.0207 0.9212 0.0152 0.0151 0.0059 0.0219 
      H646.1  4 0.0239 0.3643 0.0215 0.2962 0.0093 0.2848 
      H646.2  4 0.0081 0.4165 0.0159 0.3499 0.0067 0.2028 
      H646.3  4 0.0240 0.5378 0.0118 0.3492 0.0070 0.0702 
      H646.4  4 0.0112 0.4039 0.0368 0.1316 0.0124 0.4042 
      H646.5  4 0.0204 0.8041 0.0174 0.0769 0.0111 0.0700 
      H658.1  4 0.0116 0.8837 0.0083 0.0355 0.0364 0.0245 
     H658.10  4 0.0076 0.9591 0.0078 0.0110 0.0067 0.0078 
      H658.2  4 0.0094 0.9081 0.0082 0.0229 0.0300 0.0214 
      H658.3  4 0.0186 0.9234 0.0149 0.0126 0.0138 0.0167 
      H658.4  4 0.0190 0.9225 0.0130 0.0242 0.0067 0.0147 
      H658.5  4 0.0077 0.9646 0.0091 0.0076 0.0037 0.0074 
      H658.6  4 0.0138 0.9252 0.0116 0.0213 0.0135 0.0146 
      H658.7  4 0.0181 0.8903 0.0120 0.0237 0.0162 0.0396 
      H658.8  4 0.0104 0.7613 0.0132 0.1068 0.0259 0.0823 
      H658.9  4 0.0166 0.9178 0.0089 0.0160 0.0159 0.0249 
      H682.1  4 0.4913 0.1689 0.1476 0.0895 0.0176 0.0850 
      H682.6  4 0.2352 0.1496 0.0967 0.3775 0.0229 0.1181 
      H720.1  4 0.0468 0.4607 0.2318 0.0179 0.0149 0.2280 
      H720.2  4 0.0237 0.7471 0.1066 0.0363 0.0080 0.0784 
      H720.3  4 0.1115 0.0784 0.0359 0.0248 0.0152 0.7342 
      H720.4  4 0.0891 0.7536 0.0315 0.0188 0.0277 0.0793 
      H720.5  4 0.2180 0.1604 0.0478 0.0327 0.0650 0.4760 
      H720.6  4 0.2357 0.1177 0.0476 0.0426 0.0645 0.4919 
      H720.7  4 0.0287 0.7568 0.1395 0.0351 0.0159 0.0240 
      H720.8  4 0.3282 0.1037 0.1602 0.0374 0.0096 0.3610 
      H720.9  4 0.6262 0.0461 0.0220 0.2122 0.0120 0.0816 
      H724.1  4 0.0238 0.0074 0.0120 0.0305 0.0270 0.8993 
      H724.2  4 0.0322 0.0263 0.0550 0.0298 0.0359 0.8209 
      H724.3  4 0.2354 0.4553 0.0786 0.0374 0.0083 0.1850 
      H724.4  4 0.0713 0.0336 0.0131 0.0315 0.0102 0.8402 
      H724.5  4 0.4989 0.2636 0.0442 0.0886 0.0067 0.0980 
      H724.6  4 0.0187 0.0188 0.0185 0.0162 0.0211 0.9066 
      H725.1  4 0.6225 0.0474 0.0300 0.1971 0.0118 0.0912 
      H725.2  4 0.0314 0.0511 0.0749 0.8124 0.0174 0.0128 
      H725.3  4 0.0569 0.1789 0.0437 0.6684 0.0358 0.0163 
      H725.4  4 0.2725 0.0269 0.1293 0.3101 0.2088 0.0525 
      H725.5  4 0.0146 0.2077 0.7190 0.0125 0.0103 0.0360 
      H725.6  4 0.0403 0.5786 0.0295 0.0310 0.0342 0.2864 
      H725.7  4 0.5061 0.1365 0.0246 0.1376 0.0214 0.1737 
      H725.8  4 0.0916 0.2582 0.0258 0.0925 0.3303 0.2018 
      H726.1  4 0.0064 0.9279 0.0105 0.0237 0.0103 0.0213 
      H726.2  4 0.0132 0.8854 0.0348 0.0220 0.0128 0.0317 
      H726.3  4 0.0129 0.6948 0.0356 0.1224 0.0274 0.1068 
      H726.4  4 0.0099 0.9478 0.0075 0.0122 0.0100 0.0127 
      H726.5  4 0.0209 0.9039 0.0098 0.0315 0.0075 0.0263 
        UNK1  4 0.0402 0.2404 0.2174 0.4079 0.0525 0.0416 
        UNK2  4 0.3910 0.0758 0.0234 0.4568 0.0277 0.0252 
        UNK3  4 0.0362 0.3627 0.1415 0.3944 0.0385 0.0267 
      H016.1  5 0.1331 0.0522 0.0293 0.0479 0.6621 0.0755 
      H016.2  5 0.7236 0.0155 0.0177 0.0268 0.1955 0.0210 
      H016.3  5 0.0276 0.2664 0.0279 0.0670 0.1947 0.4163 
      H016.4  5 0.7360 0.0162 0.0289 0.0248 0.1609 0.0332 
 H017.1_2002  5 0.0107 0.2050 0.0357 0.6463 0.0194 0.0829 
 H017.1_2003  5 0.0176 0.7122 0.0739 0.0233 0.1519 0.0211 
 H017.2_2002  5 0.0293 0.0732 0.0231 0.1868 0.0132 0.6743 
 H017.2_2003  5 0.0117 0.9453 0.0080 0.0160 0.0110 0.0080 
 H017.3_2002  5 0.0139 0.0669 0.0223 0.4676 0.4140 0.0153 
 H017.3_2003  5 0.0087 0.0383 0.0361 0.8130 0.0304 0.0734 
 H017.4_2002  5 0.0225 0.0109 0.0180 0.8375 0.0900 0.0209 
 H017.4_2003  5 0.0155 0.7740 0.0081 0.0985 0.0891 0.0147 
 H017.5_2002  5 0.0115 0.0164 0.0077 0.0845 0.8656 0.0144 
 H017.5_2003  5 0.0118 0.8348 0.0084 0.1033 0.0245 0.0173 
 H017.6_2002  5 0.0151 0.0123 0.0708 0.6878 0.0776 0.1364 
 H017.6_2003  5 0.0105 0.8426 0.0132 0.0760 0.0092 0.0484 
 H017.7_2002  5 0.0383 0.0337 0.0558 0.5230 0.2549 0.0942 
 H017.7_2003  5 0.0093 0.9424 0.0069 0.0191 0.0148 0.0075 
      H017.8  5 0.0174 0.1415 0.0270 0.6412 0.1303 0.0425 
      H017.9  5 0.0342 0.0601 0.0694 0.3554 0.4317 0.0492 
      H032.1  5 0.0091 0.9343 0.0081 0.0111 0.0213 0.0161 
      H032.2  5 0.0088 0.9517 0.0058 0.0063 0.0197 0.0077 
      H032.3  5 0.0164 0.9392 0.0091 0.0089 0.0176 0.0088 
      H032.4  5 0.0178 0.9000 0.0064 0.0213 0.0436 0.0108 
      H032.5  5 0.0132 0.9413 0.0072 0.0113 0.0136 0.0134 
      H032.6  5 0.0136 0.9376 0.0081 0.0144 0.0122 0.0140 
      H032.7  5 0.0091 0.8799 0.0209 0.0251 0.0328 0.0322 
 H034.1_2002  5 0.0340 0.0259 0.0114 0.8251 0.0177 0.0860 
 H034.1_2003  5 0.0127 0.0365 0.0174 0.8346 0.0104 0.0884 
 H034.2_2002  5 0.0621 0.0283 0.0127 0.7524 0.0967 0.0477 
 H034.2_2003  5 0.0138 0.0387 0.0302 0.7733 0.0093 0.1347 
 H034.3_2002  5 0.0396 0.0322 0.0144 0.7762 0.1014 0.0360 
 H034.3_2003  5 0.0099 0.0197 0.0257 0.8898 0.0093 0.0456 
 H034.4_2002  5 0.0343 0.0139 0.0206 0.5393 0.0235 0.3683 
 H034.4_2003  5 0.0096 0.0298 0.0133 0.8746 0.0128 0.0599 
 H034.5_2002  5 0.0083 0.0295 0.0085 0.8242 0.0644 0.0651 
 H034.5_2003  5 0.0174 0.1113 0.0182 0.6725 0.1170 0.0636 
 H034.6_2002  5 0.0259 0.0184 0.0149 0.7522 0.1344 0.0543 
 H034.6_2003  5 0.0077 0.0587 0.0143 0.8611 0.0279 0.0303 
 H034.7_2002  5 0.0106 0.0179 0.0103 0.9306 0.0108 0.0198 
 H034.7_2003  5 0.0082 0.1099 0.0118 0.7922 0.0587 0.0192 
 H034.8_2002  5 0.0143 0.0223 0.0134 0.8082 0.0385 0.1033 
 H034.8_2003  5 0.0083 0.0395 0.0103 0.8184 0.0722 0.0514 
      H034.9  5 0.0745 0.0412 0.0222 0.7442 0.0625 0.0553 
      H048.1  5 0.0389 0.8916 0.0201 0.0114 0.0159 0.0220 
      H048.2  5 0.4414 0.2691 0.1282 0.0588 0.0230 0.0796 
      H048.3  5 0.0754 0.2053 0.0999 0.0210 0.0283 0.5700 
      H048.4  5 0.4019 0.1434 0.0541 0.0271 0.0459 0.3276 
      H048.5  5 0.1588 0.7619 0.0275 0.0122 0.0146 0.0250 
      H048.6  5 0.4716 0.1059 0.0398 0.0328 0.0225 0.3273 
      H048.7  5 0.2711 0.5966 0.0174 0.0125 0.0764 0.0259 
      H048.8  5 0.3251 0.3015 0.0175 0.0487 0.0822 0.2251 
      H060.1  5 0.0139 0.0078 0.0136 0.9182 0.0347 0.0119 
     H060.10  5 0.0063 0.0086 0.0059 0.9620 0.0105 0.0067 
      H060.2  5 0.0091 0.0120 0.0093 0.9487 0.0128 0.0082 
      H060.3  5 0.0065 0.0073 0.0061 0.9626 0.0106 0.0069 
      H060.4  5 0.0094 0.0103 0.0122 0.9372 0.0213 0.0096 
      H060.5  5 0.0115 0.0076 0.0084 0.9383 0.0236 0.0107 
      H060.6  5 0.0105 0.0070 0.0082 0.9330 0.0312 0.0100 
      H060.7  5 0.0169 0.0145 0.0160 0.9193 0.0156 0.0177 
      H060.8  5 0.0129 0.0184 0.0165 0.9184 0.0169 0.0169 
      H060.9  5 0.0098 0.0095 0.0064 0.9208 0.0436 0.0098 
 H070.1_2002  5 0.0343 0.0151 0.1458 0.7068 0.0569 0.0412 
 H070.1_2003  5 0.0336 0.0168 0.0115 0.9121 0.0159 0.0103 
 H070.1_2004  5 0.0124 0.0160 0.0099 0.6534 0.0121 0.2962 
 H070.2_2002  5 0.0211 0.0276 0.2755 0.5174 0.0291 0.1293 
 H070.2_2003  5 0.0288 0.0262 0.0382 0.8280 0.0394 0.0395 
 H070.2_2004  5 0.0107 0.0150 0.0079 0.8067 0.0089 0.1507 
 H070.3_2002  5 0.0333 0.0154 0.0188 0.8871 0.0210 0.0244 
 H070.3_2003  5 0.0082 0.0324 0.0098 0.9274 0.0123 0.0099 
 H070.3_2004  5 0.0132 0.0117 0.0133 0.9160 0.0193 0.0265 
 H070.4_2002  5 0.0169 0.0388 0.0367 0.8492 0.0121 0.0463 
 H070.4_2003  5 0.0245 0.0721 0.0140 0.8460 0.0226 0.0208 
 H070.4_2004  5 0.0540 0.0225 0.0262 0.8390 0.0107 0.0476 
 H070.5_2002  5 0.1035 0.0085 0.0159 0.8256 0.0353 0.0111 
 H070.5_2003  5 0.0144 0.0262 0.0070 0.9150 0.0255 0.0120 
 H070.5_2004  5 0.0213 0.0137 0.0138 0.6115 0.0201 0.3197 
 H070.6_2002  5 0.0266 0.0138 0.0194 0.9150 0.0171 0.0082 
 H070.6_2003  5 0.0079 0.0309 0.0126 0.9081 0.0090 0.0316 
 H070.6_2004  5 0.0486 0.0243 0.0207 0.7445 0.0133 0.1487 
      H077.1  5 0.0144 0.0193 0.0073 0.9168 0.0143 0.0278 
      H077.2  5 0.2399 0.3098 0.0081 0.1657 0.2279 0.0486 
      H077.3  5 0.0347 0.1138 0.0170 0.6592 0.0284 0.1469 
      H077.4  5 0.0110 0.0394 0.0138 0.8505 0.0406 0.0447 
      H077.5  5 0.0382 0.3067 0.0180 0.1405 0.2562 0.2404 
      H077.6  5 0.0135 0.1079 0.0093 0.7696 0.0812 0.0184 
      H097.1  5 0.1820 0.0652 0.0486 0.5460 0.0164 0.1419 
      H097.2  5 0.0285 0.0451 0.6451 0.0758 0.0485 0.1569 
      H097.3  5 0.0316 0.3877 0.0637 0.3324 0.0179 0.1668 
      H097.4  5 0.0361 0.1589 0.2815 0.4646 0.0077 0.0512 
      H097.5  5 0.0208 0.2427 0.0691 0.6300 0.0100 0.0273 
      H097.6  5 0.0534 0.0755 0.6903 0.0919 0.0251 0.0637 
      H097.7  5 0.0679 0.1093 0.2735 0.4688 0.0115 0.0690 
      H124.1  5 0.7348 0.1195 0.0160 0.0755 0.0154 0.0388 
      H124.2  5 0.2742 0.1144 0.0338 0.0921 0.4479 0.0376 
      H124.3  5 0.7291 0.0275 0.0163 0.0250 0.1913 0.0108 
      H124.4  5 0.3657 0.0615 0.0560 0.2367 0.2505 0.0295 
      H124.5  5 0.4569 0.0990 0.0268 0.0468 0.2958 0.0747 
      H132.1  5 0.3780 0.0276 0.0180 0.2292 0.0235 0.3237 
      H132.2  5 0.2032 0.0168 0.0101 0.0149 0.0140 0.7409 
      H132.3  5 0.1587 0.0408 0.0165 0.3591 0.0682 0.3567 
      H132.4  5 0.4297 0.0302 0.0151 0.0591 0.0099 0.4558 
      H132.5  5 0.0642 0.0269 0.0160 0.0183 0.0271 0.8476 
      H132.6  5 0.1807 0.0199 0.0134 0.0142 0.0339 0.7379 
      H132.7  5 0.6590 0.0475 0.0695 0.0795 0.0667 0.0777 
      H155.1  5 0.9344 0.0097 0.0077 0.0084 0.0266 0.0131 
      H155.2  5 0.9140 0.0161 0.0102 0.0164 0.0174 0.0259 
      H155.3  5 0.9403 0.0153 0.0153 0.0113 0.0086 0.0092 
      H155.4  5 0.9529 0.0071 0.0074 0.0083 0.0137 0.0106 
      H155.5  5 0.9301 0.0145 0.0093 0.0096 0.0161 0.0205 
      H155.6  5 0.8594 0.0305 0.0250 0.0130 0.0587 0.0134 
      H155.7  5 0.9281 0.0156 0.0105 0.0086 0.0172 0.0201 
      H155.8  5 0.9116 0.0095 0.0184 0.0162 0.0321 0.0123 
      H155.9  5 0.8603 0.0662 0.0170 0.0140 0.0223 0.0201 
      H169.1  5 0.0111 0.5159 0.0216 0.3958 0.0291 0.0265 
      H169.2  5 0.0069 0.0322 0.0125 0.9199 0.0181 0.0104 
      H169.3  5 0.0080 0.2789 0.0529 0.5418 0.0118 0.1067 
      H169.4  5 0.0114 0.0555 0.0213 0.8348 0.0538 0.0231 
      H169.5  5 0.0145 0.1715 0.0330 0.6356 0.1183 0.0271 
      H169.6  5 0.0166 0.1652 0.0410 0.6863 0.0776 0.0133 
      H457.1  5 0.1275 0.0351 0.6874 0.0490 0.0126 0.0884 
      H457.2  5 0.1066 0.0600 0.7540 0.0469 0.0107 0.0217 
      H457.3  5 0.0086 0.0336 0.7288 0.2063 0.0098 0.0128 
      H457.4  5 0.0564 0.1449 0.5331 0.0632 0.0182 0.1844 
      H457.5  5 0.1427 0.4566 0.1231 0.1284 0.1109 0.0384 
      H457.6  5 0.1521 0.3570 0.2837 0.1461 0.0150 0.0461 
      H457.7  5 0.0293 0.0219 0.0704 0.8395 0.0138 0.0252 
      H457.8  5 0.0692 0.3264 0.3657 0.1674 0.0549 0.0164 
      H462.1  5 0.1095 0.0626 0.1430 0.5788 0.0305 0.0756 
      H462.2  5 0.2787 0.0562 0.0683 0.4295 0.0130 0.1543 
      H462.3  5 0.1982 0.1223 0.2306 0.3409 0.0573 0.0507 
      H462.4  5 0.1753 0.1219 0.0447 0.3805 0.0641 0.2136 
      H462.5  5 0.2535 0.1334 0.0545 0.1740 0.0530 0.3316 
      H462.6  5 0.2722 0.2319 0.0287 0.3903 0.0234 0.0535 
      H462.7  5 0.0862 0.1406 0.4438 0.2861 0.0128 0.0305 
      H462.8  5 0.0238 0.0245 0.0107 0.8883 0.0111 0.0416 
      H462.9  5 0.1230 0.1072 0.1508 0.5242 0.0355 0.0593 
      H481.1  5 0.0099 0.0207 0.0113 0.8559 0.0065 0.0958 
      H481.2  5 0.0465 0.0428 0.0208 0.5344 0.0313 0.3242 
      H481.3  5 0.0314 0.0400 0.0098 0.8472 0.0198 0.0519 
      H481.4  5 0.0483 0.0271 0.0124 0.7996 0.0237 0.0889 
      H481.5  5 0.0493 0.0256 0.0117 0.7473 0.0129 0.1532 
      H481.6  5 0.0371 0.0248 0.0921 0.8135 0.0062 0.0264 
      H481.7  5 0.0335 0.0320 0.0392 0.8557 0.0095 0.0301 
      H481.8  5 0.0213 0.0384 0.0600 0.8478 0.0049 0.0276 
      H509.1  5 0.0410 0.5497 0.1044 0.0649 0.1140 0.1259 
      H509.2  5 0.0462 0.6126 0.1806 0.0382 0.0108 0.1116 
      H509.3  5 0.0229 0.6781 0.2184 0.0329 0.0096 0.0381 
      H509.4  5 0.0583 0.3743 0.4320 0.0154 0.0177 0.1023 
      H509.5  5 0.6622 0.2049 0.0650 0.0212 0.0206 0.0261 
      H509.6  5 0.1906 0.3797 0.0999 0.0404 0.1087 0.1808 
      H509.7  5 0.0854 0.5366 0.2725 0.0143 0.0144 0.0767 
      H567.1  5 0.0121 0.7402 0.2035 0.0194 0.0130 0.0118 
      H567.2  5 0.5541 0.2162 0.0742 0.0606 0.0114 0.0835 
      H567.3  5 0.1159 0.5689 0.0840 0.0294 0.0116 0.1902 
      H567.4  5 0.0152 0.0363 0.8894 0.0258 0.0187 0.0146 
      H567.5  5 0.0179 0.6275 0.3074 0.0206 0.0130 0.0135 
