      H008.1  2 0.0274 0.0071 0.0158 0.0125 0.0196 0.0065 0.0061 0.0129 0.0075 0.0319 0.7793 0.0107 0.0112 0.0110 0.0104 0.0129 0.0111 0.0059 
      H008.2  2 0.0255 0.0123 0.0564 0.0942 0.0141 0.0393 0.0051 0.0373 0.0106 0.4631 0.0550 0.0139 0.0204 0.0204 0.0182 0.0311 0.0321 0.0510 
      H008.3  2 0.2771 0.0260 0.0586 0.0167 0.0184 0.0214 0.0108 0.0219 0.0133 0.2695 0.0482 0.0216 0.0409 0.0376 0.0077 0.0543 0.0161 0.0399 
      H008.4  2 0.0132 0.0187 0.0158 0.0208 0.0507 0.0339 0.0067 0.0213 0.0191 0.0697 0.5643 0.0313 0.0478 0.0378 0.0072 0.0118 0.0100 0.0199 
      H008.5  2 0.0223 0.0295 0.0157 0.0071 0.0085 0.0129 0.0092 0.0100 0.0085 0.0650 0.6877 0.0108 0.0396 0.0272 0.0066 0.0130 0.0099 0.0166 
      H008.6  2 0.0342 0.0135 0.0566 0.0314 0.0334 0.0419 0.0049 0.0608 0.0139 0.4355 0.1450 0.0222 0.0259 0.0223 0.0072 0.0053 0.0193 0.0267 
      H008.7  2 0.0420 0.0160 0.0371 0.0220 0.0266 0.0442 0.0110 0.0414 0.0120 0.2772 0.2555 0.0369 0.0398 0.0477 0.0221 0.0486 0.0071 0.0131 
      H008.8  2 0.0237 0.0129 0.0133 0.4836 0.0326 0.0072 0.0086 0.1368 0.0254 0.0234 0.0887 0.0231 0.0133 0.0180 0.0128 0.0355 0.0116 0.0296 
      H008.9  2 0.0344 0.0159 0.0192 0.0983 0.0101 0.1043 0.0093 0.1731 0.0143 0.3955 0.0160 0.0282 0.0154 0.0170 0.0048 0.0081 0.0077 0.0284 
 H029.1_2002  2 0.0070 0.0139 0.0081 0.0322 0.0521 0.0186 0.0082 0.0294 0.0207 0.0070 0.6608 0.0106 0.0911 0.0084 0.0095 0.0086 0.0082 0.0055 
 H029.1_2003  2 0.0437 0.0479 0.0203 0.0681 0.0183 0.0153 0.0053 0.0234 0.0187 0.0182 0.2120 0.0237 0.4129 0.0150 0.0244 0.0060 0.0174 0.0095 
 H029.2_2002  2 0.0144 0.0426 0.0545 0.0080 0.0097 0.0343 0.0057 0.0049 0.0209 0.0182 0.6817 0.0116 0.0191 0.0123 0.0111 0.0302 0.0053 0.0156 
 H029.2_2003  2 0.0575 0.0990 0.1103 0.0149 0.0081 0.0306 0.0110 0.0158 0.0234 0.0122 0.3189 0.0112 0.1639 0.0188 0.0385 0.0121 0.0227 0.0312 
 H029.3_2002  2 0.0590 0.0276 0.0365 0.0288 0.0151 0.1378 0.0065 0.0071 0.0172 0.0074 0.4921 0.0080 0.0223 0.0277 0.0321 0.0369 0.0178 0.0201 
 H029.3_2003  2 0.0224 0.0523 0.0148 0.0127 0.0093 0.0082 0.0049 0.0047 0.0072 0.0176 0.6516 0.0142 0.1221 0.0094 0.0237 0.0067 0.0122 0.0059 
 H029.4_2002  2 0.0066 0.0050 0.0049 0.0089 0.0118 0.0099 0.0053 0.0037 0.0053 0.0071 0.8437 0.0073 0.0399 0.0085 0.0104 0.0122 0.0060 0.0036 
 H029.4_2003  2 0.0538 0.0112 0.0123 0.0273 0.0248 0.0150 0.0057 0.0125 0.0136 0.0113 0.1540 0.0088 0.5242 0.0127 0.0839 0.0056 0.0144 0.0090 
 H029.5_2002  2 0.0049 0.0105 0.0077 0.0082 0.0119 0.0049 0.0078 0.0098 0.0140 0.0121 0.7873 0.0182 0.0698 0.0044 0.0067 0.0092 0.0081 0.0045 
 H029.5_2003  2 0.0193 0.0117 0.0219 0.0150 0.0095 0.0068 0.0053 0.0099 0.0056 0.0180 0.4969 0.0070 0.3263 0.0089 0.0206 0.0052 0.0082 0.0040 
 H029.6_2002  2 0.0134 0.0198 0.0064 0.0204 0.0137 0.0299 0.0059 0.0057 0.0060 0.0065 0.6719 0.0085 0.1195 0.0086 0.0338 0.0156 0.0077 0.0066 
 H029.6_2003  2 0.0287 0.0252 0.0687 0.0174 0.0103 0.0083 0.0184 0.0123 0.0516 0.0126 0.5697 0.0324 0.0559 0.0124 0.0405 0.0111 0.0163 0.0082 
      H029.7  2 0.0119 0.0083 0.0163 0.0054 0.0066 0.0231 0.0047 0.0082 0.0137 0.0085 0.8117 0.0061 0.0177 0.0084 0.0162 0.0143 0.0045 0.0144 
      H030.1  2 0.0117 0.5472 0.0386 0.0096 0.0062 0.0050 0.0399 0.0073 0.0255 0.0569 0.0149 0.0064 0.0177 0.0110 0.0255 0.0110 0.1584 0.0072 
      H030.2  2 0.0139 0.0278 0.0069 0.0072 0.0562 0.0594 0.0307 0.0094 0.0151 0.0500 0.0711 0.0091 0.0396 0.1109 0.0136 0.1446 0.3289 0.0056 
      H038.1  2 0.0055 0.0058 0.0050 0.0096 0.0058 0.0207 0.0035 0.0090 0.0050 0.0037 0.8821 0.0063 0.0055 0.0067 0.0089 0.0036 0.0055 0.0076 
      H038.2  2 0.0091 0.0060 0.0052 0.0043 0.0093 0.0050 0.0148 0.0035 0.0076 0.0073 0.8893 0.0054 0.0054 0.0067 0.0065 0.0049 0.0068 0.0029 
      H038.3  2 0.0061 0.0064 0.0049 0.0067 0.0177 0.0340 0.0163 0.0056 0.0376 0.0113 0.7761 0.0097 0.0060 0.0140 0.0148 0.0077 0.0203 0.0048 
      H038.4  2 0.0048 0.0061 0.0044 0.0065 0.0080 0.0218 0.0134 0.0045 0.0221 0.0080 0.8410 0.0168 0.0044 0.0089 0.0108 0.0079 0.0072 0.0037 
      H038.5  2 0.0074 0.0045 0.0072 0.0131 0.0047 0.0231 0.0093 0.0041 0.0057 0.0072 0.8079 0.0071 0.0080 0.0085 0.0509 0.0112 0.0166 0.0034 
      H038.6  2 0.0084 0.0092 0.0077 0.0059 0.0081 0.0084 0.0038 0.0055 0.0063 0.0064 0.8883 0.0041 0.0062 0.0053 0.0102 0.0042 0.0080 0.0041 
      H038.7  2 0.0088 0.0085 0.0051 0.0045 0.0172 0.0096 0.0053 0.0055 0.0276 0.0094 0.8465 0.0048 0.0046 0.0086 0.0159 0.0037 0.0113 0.0030 
      H038.8  2 0.0052 0.0035 0.0050 0.0049 0.0121 0.0752 0.0187 0.0043 0.0160 0.0071 0.7841 0.0088 0.0041 0.0133 0.0087 0.0131 0.0113 0.0045 
      H041.1  2 0.0114 0.0081 0.0101 0.0042 0.0138 0.0177 0.0096 0.0176 0.0386 0.0723 0.1222 0.0195 0.4661 0.0046 0.1081 0.0571 0.0060 0.0130 
      H041.2  2 0.0062 0.0180 0.0090 0.0057 0.0149 0.0107 0.0045 0.0105 0.0162 0.0472 0.0331 0.0423 0.7494 0.0072 0.0052 0.0058 0.0085 0.0057 
      H041.4  2 0.0098 0.0208 0.0058 0.0098 0.0259 0.0158 0.0092 0.0264 0.0126 0.0443 0.1031 0.0239 0.6335 0.0087 0.0158 0.0114 0.0087 0.0145 
      H041.6  2 0.0074 0.0136 0.0064 0.0104 0.0371 0.0129 0.0120 0.0210 0.0183 0.0178 0.0648 0.0156 0.7033 0.0107 0.0102 0.0089 0.0097 0.0199 
 H042.1_2002  2 0.0069 0.0103 0.0087 0.0044 0.0117 0.0085 0.0097 0.0132 0.0098 0.0070 0.0080 0.0108 0.8329 0.0298 0.0055 0.0077 0.0066 0.0087 
 H042.1_2003  2 0.0147 0.0700 0.0602 0.0187 0.0189 0.0841 0.0209 0.0531 0.0614 0.2964 0.0546 0.0657 0.0437 0.0742 0.0073 0.0168 0.0233 0.0160 
 H042.2_2002  2 0.0461 0.0135 0.0131 0.0059 0.1340 0.0313 0.0064 0.0049 0.0056 0.0058 0.0799 0.0120 0.5428 0.0486 0.0283 0.0081 0.0054 0.0085 
 H042.2_2003  2 0.0061 0.0141 0.0105 0.0083 0.0121 0.0052 0.0085 0.0125 0.0578 0.0138 0.0419 0.0268 0.7440 0.0121 0.0055 0.0041 0.0065 0.0102 
 H042.3_2002  2 0.0235 0.0171 0.0111 0.0040 0.0534 0.0118 0.0093 0.0105 0.0080 0.0091 0.0080 0.0191 0.6194 0.1566 0.0154 0.0050 0.0108 0.0079 
 H042.3_2003  2 0.0467 0.0084 0.0124 0.0042 0.1036 0.0209 0.0145 0.0138 0.0242 0.0150 0.0130 0.0141 0.5166 0.1227 0.0367 0.0130 0.0084 0.0118 
 H042.4_2002  2 0.0058 0.0097 0.0073 0.0044 0.0063 0.0076 0.0105 0.0068 0.0130 0.0047 0.0101 0.0146 0.8685 0.0072 0.0079 0.0055 0.0066 0.0036 
 H042.4_2003  2 0.0064 0.0432 0.0075 0.0046 0.0094 0.0071 0.0260 0.0112 0.0835 0.0080 0.0481 0.0080 0.6673 0.0062 0.0347 0.0136 0.0052 0.0100 
      H042.5  2 0.0058 0.0629 0.0065 0.0038 0.0056 0.0029 0.0065 0.0054 0.0112 0.0068 0.0056 0.0056 0.8405 0.0076 0.0068 0.0043 0.0035 0.0087 
      H042.6  2 0.0060 0.0554 0.0082 0.0037 0.0160 0.0087 0.0134 0.0072 0.0117 0.0059 0.0140 0.0044 0.7489 0.0301 0.0269 0.0062 0.0046 0.0288 
      H042.7  2 0.0066 0.0346 0.0085 0.0067 0.0335 0.0048 0.0112 0.0121 0.0215 0.0114 0.0176 0.0520 0.6576 0.0898 0.0141 0.0049 0.0055 0.0076 
      H042.8  2 0.0089 0.0083 0.0078 0.0058 0.0236 0.0116 0.0047 0.0079 0.0068 0.0099 0.0086 0.0149 0.8449 0.0111 0.0074 0.0036 0.0044 0.0099 
   H042_2002  2 0.0165 0.0264 0.0188 0.0118 0.1433 0.0399 0.0128 0.0338 0.0809 0.0300 0.0548 0.0213 0.2894 0.0967 0.0405 0.0063 0.0081 0.0687 
   H042_2003  2 0.0249 0.0215 0.0174 0.0107 0.1575 0.0433 0.0196 0.0282 0.0777 0.0321 0.0533 0.0186 0.2692 0.1031 0.0455 0.0050 0.0086 0.0636 
      H043.1  2 0.0057 0.0056 0.0068 0.0062 0.0082 0.0168 0.0071 0.0050 0.0100 0.0086 0.0098 0.0029 0.0052 0.0089 0.8692 0.0055 0.0073 0.0112 
      H043.2  2 0.0105 0.0070 0.0167 0.0388 0.0107 0.2073 0.0074 0.0517 0.0198 0.0086 0.0625 0.0274 0.0070 0.0466 0.3109 0.0039 0.0045 0.1586 
      H043.3  2 0.0076 0.0206 0.0152 0.0097 0.0205 0.0156 0.0081 0.0212 0.0537 0.0155 0.1470 0.0068 0.0085 0.0618 0.5574 0.0036 0.0066 0.0205 
      H043.4  2 0.0050 0.0162 0.0172 0.0047 0.0189 0.0507 0.0105 0.0247 0.0486 0.0127 0.0361 0.0067 0.0096 0.0327 0.6228 0.0050 0.0062 0.0717 
      H043.5  2 0.0089 0.0079 0.0116 0.0224 0.0271 0.2069 0.0069 0.0358 0.0176 0.0193 0.0967 0.0142 0.0102 0.0722 0.4223 0.0046 0.0078 0.0077 
      H043.6  2 0.0081 0.0104 0.0120 0.0086 0.0138 0.1513 0.0067 0.0291 0.0178 0.0050 0.2173 0.0143 0.0148 0.0531 0.4148 0.0031 0.0093 0.0105 
      H043.7  2 0.0036 0.0165 0.0079 0.0044 0.0170 0.0534 0.0065 0.0416 0.1514 0.0065 0.0276 0.0078 0.0062 0.0194 0.5247 0.0037 0.0087 0.0933 
      H043.8  2 0.0060 0.0048 0.0055 0.0250 0.0092 0.0108 0.0049 0.0177 0.0119 0.0045 0.0194 0.0137 0.0049 0.0504 0.7717 0.0055 0.0126 0.0215 
      H043.9  2 0.0062 0.0082 0.0044 0.0051 0.0092 0.0096 0.0043 0.0043 0.0068 0.0046 0.0107 0.0032 0.0052 0.0058 0.8920 0.0047 0.0061 0.0095 
      H047.1  2 0.0080 0.0058 0.0146 0.0034 0.0529 0.0055 0.0060 0.0177 0.0199 0.3986 0.4119 0.0048 0.0079 0.0202 0.0042 0.0040 0.0074 0.0072 
      H047.2  2 0.0063 0.0231 0.0295 0.0060 0.0142 0.0048 0.0142 0.0137 0.0229 0.6993 0.0922 0.0105 0.0108 0.0057 0.0137 0.0216 0.0049 0.0065 
      H047.3  2 0.0071 0.0244 0.0349 0.0067 0.0428 0.0040 0.0113 0.0092 0.0234 0.6597 0.0785 0.0169 0.0178 0.0088 0.0156 0.0185 0.0063 0.0142 
      H047.4  2 0.0086 0.0266 0.0107 0.0123 0.1402 0.0042 0.0105 0.0213 0.0675 0.4960 0.1080 0.0171 0.0401 0.0050 0.0131 0.0059 0.0062 0.0067 
      H047.5  2 0.0077 0.0126 0.0228 0.0055 0.1864 0.0039 0.0121 0.0113 0.0172 0.4710 0.1625 0.0137 0.0056 0.0144 0.0173 0.0056 0.0079 0.0226 
      H047.6  2 0.0044 0.0135 0.0084 0.0055 0.0343 0.0039 0.0066 0.0094 0.0124 0.8159 0.0160 0.0109 0.0299 0.0040 0.0088 0.0063 0.0041 0.0057 
      H047.7  2 0.0057 0.0049 0.0070 0.0039 0.1709 0.0101 0.0124 0.0133 0.0156 0.3342 0.3611 0.0082 0.0196 0.0109 0.0046 0.0076 0.0041 0.0060 
      H047.8  2 0.0079 0.0110 0.0107 0.0048 0.0509 0.0040 0.0073 0.0116 0.0218 0.7340 0.0450 0.0079 0.0447 0.0070 0.0069 0.0088 0.0045 0.0112 
      H047.9  2 0.0073 0.0076 0.0519 0.0042 0.2409 0.0034 0.0204 0.0087 0.0314 0.2694 0.2384 0.0112 0.0180 0.0389 0.0072 0.0052 0.0064 0.0297 
 H071.1_2002  2 0.0045 0.0063 0.0074 0.0037 0.0070 0.0041 0.0044 0.0066 0.0091 0.0052 0.8872 0.0050 0.0068 0.0119 0.0108 0.0032 0.0069 0.0098 
 H071.1_2003  2 0.0067 0.0722 0.0130 0.0042 0.0105 0.0139 0.0070 0.0308 0.0276 0.0098 0.6105 0.0155 0.0103 0.0132 0.0213 0.0044 0.0367 0.0925 
     H071.10  2 0.0044 0.0044 0.0035 0.0064 0.0105 0.0078 0.0096 0.0037 0.0046 0.0032 0.8517 0.0034 0.0040 0.0161 0.0233 0.0067 0.0301 0.0066 
 H071.2_2002  2 0.0068 0.0059 0.0083 0.0185 0.0097 0.0090 0.0054 0.0116 0.0074 0.0071 0.8545 0.0079 0.0053 0.0110 0.0082 0.0035 0.0069 0.0130 
 H071.2_2003  2 0.0038 0.0071 0.0054 0.0034 0.0047 0.0030 0.0035 0.0047 0.0046 0.0041 0.9233 0.0036 0.0042 0.0066 0.0051 0.0034 0.0037 0.0059 
      H071.3  2 0.0087 0.0085 0.0052 0.0073 0.0165 0.0089 0.0098 0.0048 0.0098 0.0117 0.8138 0.0048 0.0069 0.0226 0.0108 0.0085 0.0356 0.0058 
 H071.4_2002  2 0.0049 0.0064 0.0067 0.0126 0.0115 0.0144 0.0172 0.0077 0.0070 0.0049 0.7988 0.0057 0.0063 0.0133 0.0530 0.0081 0.0140 0.0072 
 H071.4_2003  2 0.0073 0.0042 0.0053 0.0060 0.0079 0.0030 0.0076 0.0041 0.0057 0.0064 0.8917 0.0040 0.0052 0.0195 0.0058 0.0040 0.0078 0.0047 
 H071.5_2002  2 0.0048 0.0055 0.0032 0.0041 0.0092 0.0044 0.0061 0.0032 0.0052 0.0035 0.9061 0.0031 0.0047 0.0096 0.0095 0.0058 0.0072 0.0048 
 H071.5_2003  2 0.0107 0.0076 0.0087 0.0073 0.0341 0.0031 0.0119 0.0133 0.0247 0.0099 0.7910 0.0054 0.0082 0.0151 0.0151 0.0037 0.0235 0.0069 
 H071.6_2002  2 0.0083 0.0051 0.0050 0.0133 0.0210 0.0050 0.0081 0.0055 0.0054 0.0038 0.8360 0.0044 0.0047 0.0475 0.0093 0.0041 0.0071 0.0062 
 H071.6_2003  2 0.0064 0.0076 0.0060 0.0046 0.0178 0.0034 0.0082 0.0081 0.0146 0.0055 0.8457 0.0038 0.0050 0.0145 0.0131 0.0043 0.0251 0.0061 
 H071.7_2002  2 0.0036 0.0079 0.0056 0.0056 0.0125 0.0042 0.0028 0.0055 0.0092 0.0054 0.9007 0.0034 0.0045 0.0114 0.0049 0.0028 0.0041 0.0060 
 H071.7_2003  2 0.0073 0.0079 0.0087 0.0043 0.0136 0.0039 0.0127 0.0075 0.0169 0.0050 0.8310 0.0042 0.0065 0.0105 0.0178 0.0049 0.0295 0.0078 
      H071.8  2 0.0062 0.0049 0.0063 0.0235 0.0055 0.0056 0.0045 0.0118 0.0059 0.0132 0.8641 0.0074 0.0068 0.0067 0.0070 0.0037 0.0055 0.0113 
      H071.9  2 0.0077 0.0099 0.0054 0.0592 0.0375 0.0121 0.0113 0.0147 0.0090 0.0103 0.3373 0.0111 0.0121 0.0118 0.4101 0.0102 0.0126 0.0175 
 H081.1_2002  2 0.0063 0.0093 0.0046 0.0043 0.0120 0.0044 0.0053 0.0069 0.0060 0.0049 0.8908 0.0057 0.0064 0.0064 0.0035 0.0052 0.0053 0.0127 
 H081.1_2003  2 0.0171 0.4483 0.0165 0.0140 0.0224 0.2114 0.0139 0.0275 0.0382 0.0159 0.0435 0.0148 0.0212 0.0329 0.0134 0.0103 0.0262 0.0126 
 H081.2_2002  2 0.0053 0.0124 0.0055 0.0043 0.0096 0.0048 0.0101 0.0123 0.0130 0.0074 0.7878 0.0047 0.0069 0.0058 0.0069 0.0049 0.0048 0.0933 
 H081.2_2003  2 0.0133 0.0298 0.0081 0.0264 0.0127 0.0085 0.0090 0.0192 0.0108 0.0117 0.0329 0.0077 0.0120 0.0149 0.0219 0.0392 0.6582 0.0637 
 H081.3_2002  2 0.0037 0.0101 0.0057 0.0194 0.0061 0.0061 0.0105 0.0179 0.0089 0.0222 0.7980 0.0068 0.0093 0.0076 0.0140 0.0062 0.0128 0.0347 
 H081.3_2003  2 0.0081 0.0243 0.0212 0.0881 0.0122 0.0139 0.0182 0.0427 0.0131 0.0126 0.0161 0.0109 0.0255 0.0158 0.1896 0.0157 0.4275 0.0444 
 H081.4_2002  2 0.0065 0.0098 0.0062 0.0056 0.0071 0.0035 0.0054 0.0047 0.0076 0.0050 0.8893 0.0045 0.0067 0.0102 0.0051 0.0049 0.0124 0.0054 
 H081.4_2003  2 0.0098 0.5245 0.0171 0.0185 0.0160 0.0123 0.0193 0.0602 0.0160 0.0071 0.0160 0.0118 0.0222 0.0092 0.0302 0.0109 0.1711 0.0278 
 H081.5_2002  2 0.0065 0.0225 0.0051 0.0077 0.0063 0.0047 0.0046 0.0091 0.0080 0.0082 0.8709 0.0046 0.0058 0.0093 0.0067 0.0038 0.0104 0.0058 
 H081.5_2003  2 0.0066 0.7393 0.0116 0.0071 0.0208 0.0125 0.0120 0.0348 0.0324 0.0093 0.0155 0.0142 0.0092 0.0135 0.0095 0.0071 0.0158 0.0287 
      H081.6  2 0.0103 0.0176 0.0066 0.0043 0.0125 0.0052 0.0047 0.0084 0.0071 0.0042 0.8683 0.0053 0.0048 0.0113 0.0041 0.0043 0.0071 0.0141 
      H081.7  2 0.0053 0.0096 0.0059 0.0078 0.0069 0.0043 0.0156 0.0103 0.0092 0.0101 0.7735 0.0059 0.0064 0.0065 0.0118 0.0050 0.0114 0.0943 
      H081.8  2 0.0074 0.0113 0.0056 0.0356 0.0133 0.0117 0.0103 0.0123 0.0067 0.0075 0.7543 0.0132 0.0093 0.0170 0.0113 0.0188 0.0453 0.0094 
      H083.1  2 0.0098 0.0395 0.0093 0.0073 0.0203 0.0095 0.0058 0.0038 0.0083 0.0101 0.8030 0.0047 0.0111 0.0119 0.0100 0.0210 0.0080 0.0066 
      H083.2  2 0.0083 0.0122 0.0077 0.0070 0.0197 0.0068 0.0165 0.0105 0.0117 0.0395 0.7191 0.0046 0.0073 0.0071 0.0728 0.0287 0.0054 0.0151 
      H083.4  2 0.0106 0.0106 0.0052 0.0707 0.0098 0.0152 0.0164 0.0083 0.0066 0.0150 0.5932 0.0053 0.0075 0.0234 0.0286 0.1406 0.0061 0.0268 
      H083.5  2 0.0076 0.0233 0.0103 0.0142 0.0103 0.0208 0.0093 0.0079 0.0093 0.0152 0.7276 0.0112 0.0181 0.0072 0.0066 0.0814 0.0053 0.0145 
      H083.6  2 0.0200 0.0187 0.0105 0.0264 0.0104 0.0102 0.0144 0.0052 0.0087 0.0059 0.7145 0.0117 0.0106 0.0152 0.0069 0.0904 0.0087 0.0117 
      H083.7  2 0.0096 0.0059 0.0056 0.0314 0.0092 0.0088 0.0409 0.0100 0.0079 0.0164 0.5806 0.0064 0.0129 0.0129 0.0109 0.2119 0.0053 0.0136 
      H083.8  2 0.0107 0.0092 0.0098 0.0073 0.0151 0.0063 0.0187 0.0111 0.0082 0.0788 0.7072 0.0055 0.0098 0.0076 0.0505 0.0274 0.0048 0.0120 
      H083.9  2 0.0075 0.0261 0.0106 0.0080 0.0108 0.0075 0.0062 0.0038 0.0088 0.0179 0.7345 0.0078 0.0196 0.0075 0.0051 0.1032 0.0057 0.0096 
      H084.1  2 0.0149 0.0143 0.0134 0.0083 0.0225 0.0787 0.0203 0.0072 0.0062 0.0139 0.0114 0.0182 0.0135 0.0071 0.1027 0.0079 0.6290 0.0105 
      H084.2  2 0.0078 0.0174 0.0087 0.0087 0.0068 0.0628 0.0102 0.0067 0.0066 0.0069 0.0114 0.0047 0.0095 0.0155 0.3146 0.0057 0.4925 0.0037 
      H084.3  2 0.0164 0.0687 0.0170 0.0091 0.0230 0.2681 0.1428 0.0052 0.0268 0.0150 0.0102 0.1030 0.0242 0.0183 0.0346 0.0134 0.1976 0.0067 
      H084.4  2 0.0274 0.1398 0.0087 0.0162 0.0117 0.1996 0.0304 0.0089 0.0605 0.0213 0.0141 0.0840 0.0233 0.0347 0.0511 0.0070 0.2572 0.0042 
      H084.5  2 0.0112 0.0226 0.0106 0.0079 0.1131 0.0493 0.0225 0.0068 0.0289 0.0300 0.0069 0.0902 0.0074 0.0157 0.0227 0.0067 0.5382 0.0094 
      H084.6  2 0.0077 0.0145 0.0068 0.0212 0.0292 0.0860 0.0467 0.0056 0.0102 0.0329 0.0063 0.1129 0.0102 0.0142 0.0164 0.0409 0.5315 0.0066 
      H084.7  2 0.0182 0.0359 0.0105 0.0092 0.0143 0.0120 0.0098 0.0075 0.0104 0.0075 0.0113 0.0082 0.0160 0.0123 0.0581 0.0063 0.7458 0.0067 
      H084.8  2 0.0104 0.0148 0.0121 0.0103 0.0143 0.0660 0.0212 0.0041 0.0125 0.0303 0.0053 0.2051 0.0076 0.0078 0.0084 0.0086 0.5531 0.0082 
 H085.1_2002  2 0.0066 0.0249 0.0076 0.0059 0.0108 0.0182 0.0069 0.0106 0.0053 0.0070 0.0301 0.0042 0.0088 0.0103 0.0197 0.0109 0.0081 0.8040 
 H085.1_2003  2 0.0314 0.0330 0.0064 0.0217 0.0063 0.0136 0.0222 0.0091 0.0246 0.0121 0.4454 0.0165 0.0466 0.0095 0.0768 0.0761 0.0135 0.1354 
 H085.2_2002  2 0.0082 0.1297 0.0054 0.0131 0.0213 0.0717 0.0340 0.1909 0.0173 0.0065 0.0379 0.0189 0.0178 0.0400 0.0281 0.1258 0.0146 0.2189 
 H085.2_2003  2 0.0277 0.1183 0.0142 0.0087 0.0076 0.0106 0.0089 0.0130 0.0138 0.0280 0.6134 0.0081 0.0211 0.0172 0.0205 0.0399 0.0134 0.0158 
 H085.3_2002  2 0.0042 0.0509 0.0050 0.0042 0.0047 0.0048 0.0129 0.0184 0.0291 0.0059 0.0088 0.0104 0.0247 0.0096 0.0140 0.0169 0.0046 0.7709 
 H085.3_2003  2 0.0156 0.0651 0.0097 0.0068 0.0049 0.0048 0.0148 0.0071 0.0658 0.0111 0.6609 0.0138 0.0162 0.0184 0.0160 0.0072 0.0122 0.0494 
 H085.4_2002  2 0.0105 0.0415 0.0112 0.0122 0.0161 0.0528 0.0122 0.1333 0.0114 0.0081 0.1242 0.0143 0.0220 0.0389 0.0345 0.0205 0.0209 0.4155 
 H085.4_2003  2 0.0051 0.1031 0.0101 0.0066 0.0357 0.0069 0.0148 0.0296 0.0484 0.0156 0.5621 0.0136 0.0846 0.0144 0.0080 0.0083 0.0249 0.0082 
 H085.5_2002  2 0.0044 0.0147 0.0082 0.0038 0.0066 0.0049 0.0077 0.0151 0.0109 0.0060 0.0076 0.0103 0.0109 0.0066 0.0084 0.0039 0.0034 0.8665 
 H085.5_2003  2 0.0206 0.0418 0.0084 0.0070 0.0049 0.0063 0.0084 0.0076 0.0095 0.0113 0.7613 0.0069 0.0159 0.0124 0.0094 0.0320 0.0144 0.0220 
 H085.6_2002  2 0.0068 0.0328 0.0055 0.0066 0.0086 0.0082 0.0101 0.0184 0.0114 0.0104 0.0091 0.0052 0.0078 0.0061 0.0459 0.0145 0.0059 0.7868 
 H085.6_2003  2 0.0105 0.1689 0.0172 0.0070 0.0065 0.0060 0.0289 0.0298 0.4988 0.0289 0.0581 0.0458 0.0223 0.0090 0.0205 0.0048 0.0073 0.0297 
 H085.7_2002  2 0.0050 0.4531 0.0088 0.0088 0.0049 0.0114 0.0186 0.0459 0.0237 0.0194 0.0464 0.0087 0.0220 0.0157 0.0071 0.0284 0.0106 0.2615 
 H085.7_2003  2 0.0073 0.0133 0.0116 0.0057 0.0109 0.0083 0.0256 0.0093 0.0441 0.0144 0.7027 0.0149 0.0382 0.0137 0.0421 0.0105 0.0070 0.0203 
 H085.8_2002  2 0.0085 0.1396 0.0087 0.0134 0.0078 0.0223 0.0279 0.1019 0.2640 0.0065 0.0388 0.0494 0.0149 0.0299 0.0174 0.0134 0.0142 0.2213 
 H085.8_2003  2 0.0117 0.2800 0.0148 0.0071 0.0348 0.0164 0.0320 0.0276 0.0479 0.0292 0.1555 0.0207 0.1155 0.0130 0.0402 0.0804 0.0202 0.0529 
      H085.9  2 0.0059 0.1530 0.0088 0.0113 0.0081 0.0246 0.0078 0.0163 0.0131 0.0076 0.0359 0.0101 0.0108 0.0174 0.0125 0.0129 0.0143 0.6297 
      H088.1  2 0.0154 0.0544 0.0199 0.0316 0.0074 0.0069 0.0194 0.0187 0.0077 0.0124 0.0130 0.0218 0.7102 0.0085 0.0106 0.0115 0.0079 0.0226 
      H088.2  2 0.0129 0.2533 0.0143 0.0125 0.0234 0.0092 0.0121 0.0140 0.0144 0.0131 0.0081 0.0087 0.5375 0.0136 0.0147 0.0108 0.0087 0.0189 
      H088.3  2 0.0098 0.3088 0.0089 0.0214 0.0136 0.0054 0.0066 0.0106 0.0118 0.0156 0.0050 0.0080 0.5300 0.0101 0.0107 0.0074 0.0082 0.0080 
      H088.4  2 0.0177 0.0951 0.0089 0.0276 0.0104 0.0069 0.0050 0.0144 0.0122 0.0051 0.0157 0.0059 0.7025 0.0074 0.0180 0.0039 0.0386 0.0048 
      H088.5  2 0.0064 0.0085 0.0060 0.0121 0.0053 0.0047 0.0061 0.0074 0.0042 0.0071 0.0046 0.0066 0.8934 0.0049 0.0055 0.0039 0.0074 0.0059 
      H088.6  2 0.0077 0.0119 0.0105 0.0195 0.0065 0.0049 0.0076 0.0066 0.0068 0.0118 0.0069 0.0060 0.8597 0.0065 0.0050 0.0058 0.0113 0.0049 
      H088.7  2 0.0115 0.2646 0.0081 0.0175 0.0373 0.0075 0.0056 0.0071 0.0113 0.0438 0.0369 0.0092 0.4781 0.0083 0.0245 0.0083 0.0102 0.0101 
      H088.8  2 0.0202 0.0379 0.0102 0.0417 0.0090 0.0082 0.0160 0.0091 0.0086 0.0203 0.0508 0.0136 0.7089 0.0067 0.0081 0.0084 0.0132 0.0090 
      H091.1  2 0.0103 0.0237 0.0065 0.0065 0.0070 0.0051 0.0107 0.0049 0.0165 0.0080 0.0191 0.0092 0.7720 0.0280 0.0427 0.0134 0.0087 0.0076 
      H091.2  2 0.0280 0.0082 0.0056 0.0068 0.0084 0.0035 0.0101 0.0060 0.0105 0.0129 0.0194 0.0112 0.7582 0.0291 0.0311 0.0394 0.0045 0.0071 
      H109.1  2 0.0230 0.0061 0.0112 0.0684 0.1893 0.0389 0.0143 0.0119 0.0089 0.1141 0.0112 0.0205 0.0127 0.0116 0.3056 0.0778 0.0575 0.0169 
      H109.2  2 0.1724 0.0114 0.0057 0.0156 0.0832 0.0158 0.0211 0.0262 0.0460 0.0354 0.0384 0.0169 0.0241 0.0144 0.1157 0.0188 0.3329 0.0059 
      H109.3  2 0.0751 0.0174 0.0214 0.0115 0.0171 0.0109 0.0176 0.0075 0.0578 0.1324 0.0155 0.0329 0.0572 0.0141 0.4269 0.0100 0.0692 0.0055 
      H109.4  2 0.1067 0.0064 0.0088 0.0392 0.0396 0.0298 0.0340 0.0127 0.0247 0.0331 0.0134 0.0226 0.0651 0.0195 0.3556 0.0135 0.1663 0.0088 
      H109.5  2 0.1072 0.0237 0.0116 0.0058 0.0324 0.0042 0.0060 0.0083 0.0998 0.0266 0.0691 0.0909 0.2831 0.0191 0.1352 0.0051 0.0662 0.0055 
      H109.6  2 0.0275 0.0107 0.0171 0.1180 0.0950 0.0177 0.0296 0.0239 0.0591 0.0961 0.0297 0.0298 0.0278 0.0115 0.1243 0.0175 0.2555 0.0091 
      H126.1  2 0.0382 0.0077 0.0193 0.0135 0.6133 0.0074 0.0125 0.0649 0.0453 0.0081 0.0046 0.0062 0.0192 0.0592 0.0252 0.0055 0.0072 0.0425 
      H126.2  2 0.0289 0.0135 0.0119 0.0144 0.5224 0.0260 0.0184 0.0568 0.0202 0.0501 0.0401 0.0038 0.0105 0.1185 0.0069 0.0105 0.0146 0.0325 
      H126.3  2 0.0224 0.0059 0.0036 0.0093 0.6926 0.0048 0.0037 0.0068 0.0036 0.0052 0.0206 0.0047 0.0620 0.1158 0.0116 0.0156 0.0035 0.0081 
      H126.4  2 0.2146 0.0060 0.0208 0.0182 0.2117 0.0187 0.0179 0.2965 0.0118 0.0153 0.0294 0.0087 0.0220 0.0508 0.0084 0.0198 0.0127 0.0167 
      H126.5  2 0.0325 0.0074 0.0239 0.0114 0.4819 0.0051 0.0099 0.0586 0.0613 0.0062 0.0737 0.0055 0.0079 0.1686 0.0056 0.0073 0.0079 0.0252 
      H126.6  2 0.0092 0.0096 0.0092 0.0071 0.5911 0.0047 0.0041 0.0116 0.0144 0.0106 0.0690 0.0032 0.0095 0.0883 0.0085 0.0043 0.0053 0.1401 
      H126.7  2 0.0317 0.0220 0.0071 0.0080 0.1054 0.0034 0.0087 0.0082 0.0173 0.0088 0.6461 0.0032 0.0302 0.0320 0.0072 0.0073 0.0093 0.0440 
      H130.1  2 0.0171 0.0610 0.0241 0.0286 0.0061 0.0082 0.0395 0.6196 0.0514 0.0132 0.0079 0.0130 0.0262 0.0093 0.0463 0.0107 0.0089 0.0090 
      H130.2  2 0.0137 0.2745 0.0224 0.0659 0.0114 0.0099 0.0335 0.1479 0.0153 0.0527 0.0265 0.0120 0.0089 0.0075 0.0443 0.0277 0.2149 0.0109 
      H130.3  2 0.0404 0.3183 0.3365 0.0146 0.0081 0.0046 0.0521 0.0471 0.0096 0.0364 0.0173 0.0073 0.0085 0.0089 0.0331 0.0049 0.0466 0.0057 
      H130.4  2 0.0167 0.0566 0.1006 0.0389 0.0085 0.0161 0.0308 0.5426 0.0129 0.0168 0.0057 0.0081 0.0145 0.0087 0.0721 0.0195 0.0164 0.0145 
      H130.5  2 0.0079 0.4995 0.0100 0.0146 0.0134 0.0066 0.0596 0.1961 0.0131 0.0100 0.0253 0.0119 0.0160 0.0063 0.0385 0.0188 0.0340 0.0185 
      H133.1  2 0.0083 0.0083 0.0173 0.0040 0.0125 0.0186 0.0064 0.0229 0.0126 0.0090 0.0110 0.0069 0.0134 0.0051 0.8139 0.0068 0.0146 0.0085 
      H133.2  2 0.0115 0.0313 0.0133 0.0089 0.0140 0.0063 0.0077 0.0497 0.0394 0.0177 0.0081 0.0120 0.0277 0.0069 0.6538 0.0055 0.0464 0.0397 
      H133.3  2 0.0109 0.0083 0.0089 0.0042 0.0142 0.0245 0.0078 0.0117 0.0114 0.0090 0.0149 0.0086 0.0327 0.0089 0.7916 0.0073 0.0095 0.0155 
      H133.4  2 0.0063 0.0093 0.0094 0.0071 0.0061 0.0118 0.0067 0.0113 0.0127 0.0201 0.0099 0.0102 0.0081 0.0067 0.8396 0.0054 0.0089 0.0105 
      H133.5  2 0.0152 0.0309 0.0068 0.0080 0.0080 0.0072 0.0043 0.0123 0.0082 0.0053 0.0066 0.0056 0.0064 0.0083 0.8328 0.0063 0.0113 0.0165 
      H133.6  2 0.0081 0.0654 0.0124 0.0133 0.0154 0.0061 0.0111 0.0218 0.0159 0.0080 0.0078 0.0082 0.0233 0.0066 0.7274 0.0091 0.0202 0.0199 
      H133.7  2 0.0060 0.0071 0.0071 0.0042 0.0091 0.0211 0.0104 0.0103 0.0183 0.0244 0.0133 0.0198 0.0147 0.0045 0.8000 0.0054 0.0082 0.0161 
      H133.8  2 0.0045 0.0063 0.0148 0.0044 0.0086 0.0121 0.0042 0.0089 0.0054 0.0094 0.0061 0.0064 0.0075 0.0188 0.8243 0.0075 0.0048 0.0458 
      H133.9  2 0.0110 0.0091 0.0163 0.0045 0.0082 0.0157 0.0069 0.0188 0.0131 0.0093 0.0112 0.0052 0.0165 0.0049 0.8236 0.0071 0.0106 0.0079 
      H147.1  2 0.0072 0.1900 0.0047 0.0056 0.0292 0.0242 0.0079 0.0171 0.0934 0.0409 0.2476 0.0718 0.0369 0.0134 0.0054 0.0296 0.1077 0.0673 
      H147.2  2 0.0063 0.1235 0.0061 0.0050 0.0087 0.0042 0.0056 0.0116 0.0294 0.0059 0.7290 0.0115 0.0062 0.0098 0.0039 0.0040 0.0180 0.0114 
      H147.3  2 0.0157 0.0235 0.0073 0.0030 0.0065 0.0043 0.0073 0.0089 0.0230 0.0065 0.8060 0.0105 0.0052 0.0075 0.0041 0.0071 0.0215 0.0321 
      H147.4  2 0.0079 0.0177 0.0042 0.0038 0.0050 0.0219 0.0040 0.0045 0.0080 0.0103 0.8052 0.0071 0.0058 0.0065 0.0037 0.0127 0.0569 0.0148 
      H147.5  2 0.0996 0.3099 0.0079 0.0071 0.0155 0.0087 0.0067 0.0113 0.0401 0.0095 0.2956 0.0113 0.0250 0.0086 0.0036 0.0260 0.0968 0.0167 
      H147.6  2 0.1344 0.3178 0.0095 0.0083 0.0128 0.0098 0.0072 0.0070 0.0385 0.0110 0.2232 0.0081 0.0203 0.0077 0.0052 0.0218 0.1423 0.0150 
      H147.7  2 0.0124 0.0149 0.0075 0.0038 0.0075 0.0220 0.0065 0.0078 0.0141 0.0173 0.7248 0.0228 0.0090 0.0083 0.0043 0.0145 0.0924 0.0101 
      H147.8  2 0.0276 0.1662 0.0044 0.0101 0.0114 0.0230 0.0041 0.0038 0.0086 0.0169 0.5340 0.0115 0.0229 0.0159 0.0052 0.0252 0.1007 0.0085 
      H147.9  2 0.0135 0.0360 0.0043 0.0052 0.0114 0.0044 0.0044 0.0091 0.0330 0.0069 0.7955 0.0079 0.0058 0.0068 0.0045 0.0083 0.0228 0.0201 
      H148.1  2 0.0407 0.0431 0.0061 0.0826 0.0411 0.0380 0.0354 0.3918 0.0437 0.0195 0.0104 0.1083 0.0189 0.0222 0.0163 0.0244 0.0490 0.0083 
      H148.2  2 0.0276 0.0151 0.0059 0.0633 0.1200 0.0453 0.0414 0.1669 0.0161 0.0159 0.0143 0.3898 0.0080 0.0108 0.0172 0.0143 0.0150 0.0130 
      H148.3  2 0.0142 0.0181 0.0085 0.0235 0.0092 0.0377 0.0501 0.0231 0.0117 0.0155 0.0093 0.6824 0.0251 0.0360 0.0056 0.0079 0.0131 0.0089 
      H148.4  2 0.0157 0.0213 0.0103 0.2323 0.0258 0.0298 0.0276 0.2217 0.0370 0.0094 0.0163 0.2669 0.0185 0.0291 0.0080 0.0061 0.0116 0.0126 
      H148.5  2 0.0155 0.0205 0.0095 0.2170 0.0245 0.0392 0.0726 0.0209 0.0072 0.0126 0.0107 0.4189 0.0339 0.0257 0.0087 0.0123 0.0398 0.0104 
      H148.6  2 0.0181 0.0178 0.0047 0.0809 0.0268 0.0911 0.0704 0.0604 0.0128 0.0113 0.0126 0.5185 0.0142 0.0094 0.0091 0.0189 0.0111 0.0118 
      H148.7  2 0.0568 0.0285 0.0191 0.2083 0.0366 0.0370 0.0246 0.0542 0.0133 0.0317 0.0067 0.3678 0.0311 0.0230 0.0197 0.0115 0.0215 0.0086 
      H148.8  2 0.0156 0.0253 0.0068 0.0729 0.0107 0.0354 0.0241 0.1489 0.0110 0.0054 0.0075 0.5705 0.0296 0.0085 0.0047 0.0054 0.0088 0.0089 
      H148.9  2 0.0837 0.0103 0.0173 0.0537 0.0690 0.1089 0.0985 0.1031 0.0130 0.0572 0.0075 0.1566 0.0191 0.0758 0.0175 0.0164 0.0180 0.0743 
   H166022.1  2 0.0140 0.5809 0.0045 0.0054 0.0079 0.0103 0.0076 0.0070 0.0095 0.0064 0.0073 0.0128 0.2369 0.0064 0.0076 0.0429 0.0201 0.0125 
   H166022.2  2 0.0195 0.5840 0.0129 0.0124 0.0177 0.0094 0.0161 0.0107 0.0399 0.0336 0.0273 0.0184 0.0573 0.0162 0.0053 0.0491 0.0604 0.0095 
   H166022.3  2 0.0284 0.5810 0.0076 0.0271 0.0044 0.0078 0.0300 0.0130 0.0093 0.0128 0.0051 0.0113 0.1079 0.0072 0.0095 0.1216 0.0106 0.0053 
   H166022.4  2 0.0079 0.7561 0.0123 0.0130 0.0041 0.0044 0.0082 0.0050 0.0062 0.0086 0.0051 0.0060 0.1287 0.0071 0.0078 0.0094 0.0058 0.0043 
   H166022.5  2 0.0080 0.8225 0.0080 0.0056 0.0042 0.0043 0.0077 0.0044 0.0082 0.0084 0.0085 0.0049 0.0629 0.0055 0.0074 0.0082 0.0183 0.0031 
   H166022.6  2 0.0152 0.6469 0.0084 0.0108 0.0036 0.0158 0.0172 0.0266 0.0099 0.0309 0.0060 0.0124 0.1276 0.0052 0.0170 0.0203 0.0177 0.0085 
   H166022.7  2 0.0070 0.0068 0.0050 0.8948 0.0087 0.0055 0.0039 0.0067 0.0066 0.0088 0.0081 0.0044 0.0066 0.0046 0.0056 0.0033 0.0094 0.0041 
   H166022.8  2 0.0114 0.7442 0.0085 0.0045 0.0081 0.0047 0.0080 0.0312 0.0426 0.0070 0.0074 0.0091 0.0251 0.0087 0.0113 0.0286 0.0260 0.0137 
   H167397.1  2 0.0105 0.0197 0.0058 0.0081 0.0110 0.4708 0.0073 0.0117 0.0325 0.0082 0.0283 0.0251 0.3076 0.0087 0.0064 0.0055 0.0274 0.0055 
   H167397.2  2 0.0366 0.0835 0.0095 0.0164 0.0062 0.5320 0.0061 0.0775 0.0213 0.0080 0.0277 0.0233 0.0097 0.0289 0.0091 0.0356 0.0129 0.0558 
   H167397.3  2 0.0126 0.0106 0.0096 0.0054 0.0319 0.5835 0.0091 0.0295 0.0200 0.0092 0.0981 0.0110 0.1174 0.0105 0.0099 0.0089 0.0166 0.0063 
   H167397.4  2 0.0225 0.0285 0.0065 0.0167 0.0101 0.6590 0.0069 0.0085 0.0061 0.0290 0.0324 0.0764 0.0105 0.0159 0.0054 0.0194 0.0129 0.0332 
   H167397.5  2 0.0341 0.0727 0.0064 0.0316 0.0072 0.6118 0.0095 0.0314 0.0371 0.0075 0.0244 0.0334 0.0174 0.0209 0.0081 0.0123 0.0275 0.0067 
   H167397.6  2 0.0237 0.0077 0.0114 0.0072 0.0780 0.5978 0.0070 0.0239 0.0150 0.0128 0.0444 0.0269 0.0812 0.0162 0.0201 0.0098 0.0058 0.0111 
   H167496.1  2 0.0151 0.1652 0.0133 0.0070 0.0198 0.0073 0.1882 0.0073 0.1177 0.0217 0.0117 0.0448 0.2471 0.0180 0.0775 0.0190 0.0149 0.0046 
   H167496.2  2 0.0186 0.0785 0.0113 0.0890 0.1214 0.0127 0.1031 0.0296 0.1656 0.0686 0.0773 0.0411 0.0251 0.0441 0.0639 0.0082 0.0278 0.0140 
   H167496.3  2 0.0100 0.4410 0.0156 0.0060 0.0098 0.0069 0.1474 0.0310 0.0746 0.0172 0.0301 0.0201 0.0613 0.0170 0.0147 0.0330 0.0080 0.0564 
   H167496.4  2 0.0087 0.7110 0.0043 0.0053 0.0076 0.0045 0.0048 0.0041 0.0049 0.0071 0.0089 0.0046 0.1906 0.0072 0.0053 0.0060 0.0069 0.0081 
   H167496.6  2 0.0095 0.8477 0.0094 0.0053 0.0077 0.0047 0.0038 0.0056 0.0119 0.0071 0.0127 0.0055 0.0365 0.0081 0.0067 0.0046 0.0079 0.0052 
   H167496.7  2 0.0234 0.0662 0.0123 0.0066 0.0656 0.0071 0.2747 0.0351 0.2729 0.0344 0.0116 0.0476 0.0400 0.0433 0.0191 0.0212 0.0112 0.0079 
   H167496.8  2 0.0078 0.8292 0.0044 0.0051 0.0187 0.0054 0.0042 0.0057 0.0212 0.0103 0.0106 0.0068 0.0307 0.0103 0.0091 0.0050 0.0104 0.0050 
   H167513.1  2 0.0082 0.0113 0.0061 0.0074 0.0081 0.0077 0.0067 0.0067 0.0059 0.8779 0.0063 0.0061 0.0051 0.0065 0.0104 0.0080 0.0065 0.0052 
   H167513.2  2 0.0051 0.0111 0.0060 0.0042 0.0119 0.0150 0.0102 0.0106 0.0157 0.8385 0.0058 0.0212 0.0148 0.0054 0.0073 0.0050 0.0060 0.0060 
   H167513.3  2 0.0299 0.0125 0.0106 0.0058 0.0060 0.0075 0.0151 0.0047 0.0049 0.8309 0.0079 0.0044 0.0062 0.0085 0.0090 0.0091 0.0227 0.0044 
   H167513.4  2 0.0112 0.0393 0.0065 0.0073 0.0136 0.0086 0.0131 0.0118 0.0113 0.7418 0.0081 0.0076 0.0099 0.0067 0.0551 0.0321 0.0098 0.0062 
   H167513.5  2 0.0038 0.0099 0.0039 0.0034 0.0077 0.0122 0.0057 0.0092 0.0097 0.8810 0.0056 0.0100 0.0086 0.0042 0.0068 0.0071 0.0045 0.0065 
   H167513.6  2 0.0076 0.0245 0.0055 0.0068 0.0079 0.0069 0.0119 0.0055 0.0090 0.8214 0.0119 0.0076 0.0173 0.0081 0.0088 0.0117 0.0203 0.0074 
   H167513.7  2 0.0105 0.0102 0.0051 0.0054 0.0074 0.0271 0.0068 0.0066 0.0058 0.8346 0.0083 0.0035 0.0055 0.0058 0.0223 0.0185 0.0096 0.0071 
   H167513.8  2 0.0093 0.0092 0.0067 0.0075 0.0070 0.0133 0.0064 0.0047 0.0056 0.8570 0.0057 0.0039 0.0039 0.0054 0.0181 0.0051 0.0272 0.0041 
   H167547.1  2 0.0159 0.0064 0.0207 0.0126 0.0094 0.0284 0.3534 0.0518 0.1297 0.0163 0.0067 0.1166 0.1855 0.0098 0.0064 0.0166 0.0071 0.0067 
   H167547.2  2 0.0143 0.0064 0.0074 0.0048 0.0150 0.0152 0.1756 0.0182 0.1043 0.0143 0.0113 0.0440 0.5248 0.0073 0.0058 0.0176 0.0065 0.0070 
   H167547.3  2 0.0112 0.0057 0.0087 0.0042 0.0129 0.0137 0.1846 0.0159 0.0793 0.0183 0.0088 0.0418 0.5512 0.0098 0.0052 0.0146 0.0075 0.0066 
   H167547.4  2 0.0274 0.0090 0.0155 0.0109 0.0061 0.0233 0.2372 0.0629 0.0402 0.0133 0.0062 0.0100 0.4091 0.0086 0.0083 0.0932 0.0064 0.0124 
   H167547.5  2 0.0063 0.0067 0.0076 0.0045 0.0096 0.0089 0.0219 0.0074 0.0072 0.0069 0.0064 0.1479 0.7118 0.0122 0.0050 0.0074 0.0172 0.0050 
   H167547.6  2 0.0048 0.0066 0.0064 0.0053 0.0100 0.0088 0.0249 0.0067 0.0069 0.0066 0.0068 0.1266 0.7337 0.0143 0.0048 0.0096 0.0119 0.0052 
   H167547.7  2 0.0179 0.0145 0.0368 0.0478 0.0242 0.0140 0.2316 0.0605 0.0662 0.1159 0.0210 0.0610 0.0453 0.0286 0.0773 0.0313 0.0205 0.0855 
   H169750.1  2 0.0194 0.0147 0.0068 0.0117 0.0130 0.0092 0.0392 0.0485 0.0337 0.0225 0.0074 0.0065 0.1232 0.0163 0.5798 0.0249 0.0108 0.0122 
   H169750.2  2 0.0263 0.1546 0.0566 0.0150 0.0137 0.0573 0.0089 0.0421 0.0523 0.1356 0.0701 0.0446 0.0306 0.0398 0.1529 0.0054 0.0750 0.0193 
   H169750.3  2 0.0192 0.0067 0.0230 0.0205 0.0070 0.0042 0.0201 0.0120 0.0192 0.0751 0.0095 0.0053 0.0332 0.0069 0.6756 0.0065 0.0407 0.0155 
   H169750.4  2 0.0125 0.1359 0.1248 0.0112 0.0246 0.0666 0.0115 0.0715 0.0402 0.0398 0.0169 0.0252 0.0499 0.0362 0.3064 0.0038 0.0085 0.0144 
   H169750.5  2 0.0335 0.0227 0.0051 0.0073 0.0091 0.0037 0.0069 0.0102 0.0087 0.0092 0.0180 0.0054 0.0199 0.0074 0.7798 0.0316 0.0118 0.0097 
   H169750.6  2 0.0572 0.0473 0.0150 0.0259 0.0132 0.0101 0.0111 0.0447 0.0394 0.0276 0.1424 0.0113 0.0432 0.0098 0.4303 0.0122 0.0369 0.0224 
   H169750.7  2 0.0391 0.0480 0.0361 0.0372 0.0238 0.0191 0.0158 0.0276 0.0690 0.2384 0.0277 0.0195 0.0283 0.1182 0.1789 0.0077 0.0177 0.0478 
   H171929.1  2 0.0044 0.0060 0.0077 0.0053 0.0065 0.0161 0.0065 0.0083 0.0044 0.8717 0.0051 0.0106 0.0084 0.0047 0.0060 0.0063 0.0044 0.0176 
  H171929.10  2 0.0047 0.0105 0.0064 0.0043 0.0099 0.0158 0.0154 0.0130 0.0089 0.7932 0.0092 0.0148 0.0216 0.0061 0.0183 0.0078 0.0122 0.0279 
  H171929.11  2 0.0054 0.0051 0.0069 0.0034 0.0059 0.0163 0.0051 0.0075 0.0054 0.8702 0.0069 0.0081 0.0123 0.0062 0.0100 0.0040 0.0052 0.0160 
   H171929.2  2 0.0066 0.0063 0.0073 0.0034 0.0063 0.0062 0.0191 0.0091 0.0071 0.8105 0.0048 0.0150 0.0099 0.0043 0.0629 0.0064 0.0052 0.0095 
   H171929.3  2 0.0065 0.0056 0.0055 0.0035 0.0041 0.0088 0.0062 0.0058 0.0048 0.8801 0.0098 0.0093 0.0150 0.0048 0.0126 0.0064 0.0047 0.0064 
   H171929.4  2 0.0154 0.0104 0.0122 0.0066 0.0044 0.0040 0.0305 0.0162 0.0126 0.7750 0.0134 0.0104 0.0216 0.0057 0.0204 0.0108 0.0095 0.0209 
   H171929.5  2 0.0074 0.0047 0.0069 0.0074 0.0080 0.0088 0.0083 0.0063 0.0047 0.8675 0.0057 0.0070 0.0068 0.0056 0.0270 0.0048 0.0058 0.0073 
   H171929.6  2 0.0049 0.0039 0.0058 0.0058 0.0067 0.0077 0.0073 0.0076 0.0038 0.8928 0.0052 0.0052 0.0044 0.0061 0.0167 0.0042 0.0064 0.0055 
   H171929.7  2 0.0059 0.0054 0.0057 0.0038 0.0049 0.0042 0.0084 0.0078 0.0059 0.8896 0.0070 0.0071 0.0054 0.0041 0.0062 0.0041 0.0046 0.0199 
   H171929.8  2 0.0051 0.0066 0.0095 0.0040 0.0054 0.0049 0.0220 0.0122 0.0083 0.8271 0.0065 0.0094 0.0088 0.0049 0.0107 0.0070 0.0056 0.0420 
   H171929.9  2 0.0072 0.0121 0.0060 0.0058 0.0066 0.0032 0.0092 0.0126 0.0096 0.8341 0.0102 0.0043 0.0082 0.0050 0.0143 0.0068 0.0087 0.0360 
   H171930.1  2 0.0565 0.0178 0.0176 0.0115 0.0080 0.0257 0.0050 0.0227 0.0115 0.1241 0.0059 0.0177 0.0101 0.0099 0.0065 0.0033 0.6431 0.0031 
   H171930.2  2 0.0166 0.0252 0.0189 0.0195 0.0115 0.0064 0.0128 0.0127 0.0223 0.0124 0.0121 0.0145 0.0455 0.0115 0.0117 0.0069 0.7291 0.0107 
   H171930.3  2 0.0156 0.0113 0.0169 0.0112 0.0137 0.0105 0.0065 0.0062 0.0077 0.0077 0.0060 0.0152 0.0116 0.0092 0.0066 0.0067 0.8324 0.0051 
   H171930.4  2 0.0197 0.0197 0.0164 0.0169 0.0086 0.0055 0.0055 0.0040 0.0095 0.0073 0.0041 0.0079 0.0154 0.0101 0.0070 0.0066 0.8329 0.0031 
   H171930.5  2 0.0200 0.0147 0.0237 0.0100 0.0195 0.0148 0.0219 0.0647 0.0148 0.0707 0.0143 0.0105 0.0220 0.0245 0.0117 0.0056 0.6259 0.0106 
   H171930.6  2 0.0148 0.0061 0.0114 0.0043 0.0100 0.0043 0.0052 0.0051 0.0092 0.0051 0.0060 0.0072 0.0083 0.0150 0.0080 0.0054 0.8714 0.0033 
   H171930.7  2 0.0081 0.0089 0.0079 0.0151 0.0134 0.0150 0.0052 0.0066 0.0097 0.0151 0.0061 0.0092 0.0060 0.0067 0.0071 0.0048 0.8478 0.0072 
   H171930.8  2 0.0066 0.0145 0.0074 0.0154 0.0100 0.0064 0.0047 0.0076 0.0138 0.0145 0.0071 0.0142 0.0069 0.0061 0.0051 0.0037 0.8517 0.0043 
   H171933.1  2 0.0197 0.0109 0.0049 0.0060 0.0049 0.0595 0.0182 0.0144 0.0103 0.0087 0.0129 0.0189 0.0500 0.0406 0.0284 0.6672 0.0120 0.0125 
   H171933.2  2 0.0264 0.0319 0.0056 0.0156 0.0129 0.0832 0.0139 0.0104 0.0321 0.0158 0.0181 0.0233 0.1772 0.0340 0.0313 0.3844 0.0273 0.0565 
   H171933.3  2 0.0294 0.0101 0.0071 0.0071 0.0111 0.0120 0.0918 0.0088 0.0214 0.0101 0.0080 0.0243 0.3507 0.0231 0.0179 0.2788 0.0327 0.0556 
   H171933.4  2 0.0083 0.0414 0.0233 0.0083 0.0056 0.0053 0.4562 0.0104 0.0404 0.0936 0.0108 0.0094 0.0132 0.0072 0.0112 0.1987 0.0374 0.0196 
   H171933.5  2 0.0185 0.0399 0.0644 0.0099 0.0078 0.0094 0.5423 0.0245 0.0537 0.0540 0.0064 0.0151 0.0182 0.0086 0.0311 0.0531 0.0323 0.0107 
   H171933.6  2 0.0411 0.1073 0.0081 0.0116 0.0110 0.0053 0.0153 0.0083 0.0276 0.0041 0.0231 0.0070 0.1256 0.0115 0.0198 0.5542 0.0099 0.0091 
   H171933.7  2 0.0217 0.0296 0.0114 0.0053 0.0172 0.0168 0.0535 0.0109 0.0178 0.0110 0.0154 0.0131 0.0114 0.2026 0.0088 0.4374 0.0786 0.0378 
   H171933.8  2 0.0150 0.0310 0.0075 0.0103 0.0101 0.0515 0.1431 0.0110 0.0420 0.0599 0.0190 0.0185 0.0130 0.0586 0.0109 0.3313 0.0889 0.0784 
   H171933.9  2 0.0156 0.0440 0.0292 0.0059 0.0064 0.0036 0.1355 0.0052 0.0206 0.0098 0.0082 0.0051 0.0097 0.0080 0.0060 0.6466 0.0321 0.0087 
      H190.1  2 0.2046 0.0266 0.0183 0.0137 0.0129 0.0051 0.3082 0.0277 0.0429 0.0086 0.0139 0.0171 0.0374 0.0242 0.0158 0.0204 0.1954 0.0072 
      H190.2  2 0.0153 0.0138 0.0080 0.0051 0.0360 0.0056 0.0136 0.0149 0.2975 0.0060 0.0255 0.2134 0.1961 0.0741 0.0231 0.0044 0.0171 0.0305 
      H190.3  2 0.0271 0.0171 0.0115 0.0070 0.0097 0.0132 0.0170 0.1294 0.0350 0.0114 0.0266 0.1832 0.3942 0.0467 0.0264 0.0128 0.0215 0.0103 
      H190.4  2 0.0542 0.0142 0.0150 0.0077 0.0070 0.0073 0.6298 0.0168 0.0120 0.0083 0.0049 0.0074 0.0520 0.0062 0.0180 0.0268 0.1011 0.0110 
      H190.5  2 0.0249 0.0359 0.0160 0.0074 0.0313 0.0057 0.0135 0.0139 0.3391 0.0094 0.0314 0.1103 0.0753 0.1892 0.0408 0.0117 0.0162 0.0280 
      H190.6  2 0.0670 0.0169 0.0103 0.0072 0.0128 0.0080 0.5536 0.0291 0.0292 0.0077 0.0100 0.0153 0.1200 0.0064 0.0173 0.0128 0.0602 0.0163 
      H190.7  2 0.0084 0.0098 0.0152 0.0059 0.0072 0.0081 0.0288 0.0269 0.0738 0.0097 0.0094 0.0166 0.5944 0.0085 0.0095 0.0044 0.0122 0.1513 
      H190.8  2 0.0436 0.0436 0.0253 0.0061 0.0175 0.0049 0.0455 0.0143 0.4919 0.0100 0.0169 0.0352 0.0228 0.1113 0.0170 0.0078 0.0556 0.0307 
      H190.9  2 0.0253 0.0445 0.0138 0.0091 0.0389 0.0127 0.0634 0.0294 0.3507 0.0132 0.0079 0.0563 0.1093 0.0137 0.0612 0.0087 0.0279 0.1139 
      H400.1  2 0.0171 0.0729 0.0083 0.0070 0.0835 0.0102 0.0066 0.0171 0.0071 0.0074 0.0105 0.0044 0.5474 0.0131 0.1206 0.0342 0.0227 0.0099 
      H400.2  2 0.0339 0.0375 0.0062 0.0083 0.1714 0.0209 0.0082 0.0110 0.0050 0.0133 0.0129 0.0073 0.5014 0.0147 0.0426 0.0776 0.0199 0.0080 
      H400.3  2 0.0361 0.0608 0.0179 0.0045 0.0272 0.0083 0.0133 0.0247 0.0105 0.0074 0.0100 0.0083 0.2050 0.0703 0.4069 0.0444 0.0369 0.0075 
      H400.4  2 0.0185 0.0416 0.0128 0.0152 0.0475 0.0047 0.0106 0.0071 0.0092 0.0207 0.0188 0.0141 0.6763 0.0102 0.0250 0.0129 0.0416 0.0133 
      H400.5  2 0.0496 0.0143 0.0230 0.0053 0.0147 0.0075 0.0425 0.0166 0.0057 0.0116 0.0081 0.0097 0.2044 0.0320 0.2926 0.2190 0.0375 0.0060 
      H400.6  2 0.0157 0.0242 0.0078 0.0069 0.0926 0.0043 0.0053 0.0170 0.0057 0.0079 0.0082 0.0041 0.6913 0.0112 0.0143 0.0176 0.0144 0.0512 
      H400.7  2 0.0265 0.0903 0.0105 0.0085 0.0141 0.0070 0.0332 0.0365 0.0084 0.0307 0.0066 0.0077 0.4833 0.0304 0.0396 0.1275 0.0264 0.0128 
 H428.1_2005  2 0.0039 0.0041 0.0042 0.0042 0.0059 0.0032 0.0042 0.0037 0.0031 0.0065 0.0043 0.0034 0.0036 0.0043 0.0037 0.9303 0.0027 0.0044 
 H428.1_2006  2 0.0064 0.0109 0.0061 0.0036 0.0117 0.0046 0.0047 0.0050 0.0074 0.0117 0.0140 0.0054 0.0059 0.0057 0.0040 0.8824 0.0033 0.0071 
 H428.2_2005  2 0.0041 0.0055 0.0043 0.0063 0.0043 0.0038 0.0066 0.0060 0.0038 0.0054 0.0041 0.0041 0.0079 0.0040 0.0052 0.9170 0.0044 0.0031 
 H428.2_2006  2 0.0055 0.0172 0.0070 0.0048 0.0062 0.0049 0.0066 0.0037 0.0064 0.0156 0.0223 0.0051 0.0061 0.0077 0.0065 0.8629 0.0054 0.0060 
 H428.3_2005  2 0.0046 0.0056 0.0034 0.0039 0.0043 0.0028 0.0043 0.0036 0.0046 0.0045 0.0048 0.0044 0.0057 0.0044 0.0045 0.9257 0.0042 0.0046 
 H428.3_2006  2 0.0074 0.0192 0.0059 0.0038 0.0107 0.0040 0.0068 0.0034 0.0077 0.0144 0.0159 0.0053 0.0071 0.0098 0.0049 0.8625 0.0056 0.0057 
 H428.4_2005  2 0.0050 0.0046 0.0041 0.0044 0.0041 0.0038 0.0049 0.0041 0.0048 0.0048 0.0046 0.0067 0.0062 0.0034 0.0038 0.9233 0.0031 0.0042 
