      H008.1  2 0.0050 0.0072 0.0110 0.0100 0.0084 0.0105 0.0443 0.0099 0.8516 0.0153 0.0151 0.0116 
      H008.2  2 0.0248 0.0323 0.0255 0.0201 0.0131 0.0151 0.7795 0.0101 0.0323 0.0251 0.0094 0.0127 
      H008.3  2 0.0324 0.0470 0.1000 0.0283 0.0171 0.0170 0.4833 0.0262 0.0613 0.1404 0.0234 0.0234 
      H008.4  2 0.0519 0.0294 0.0241 0.0189 0.0139 0.0092 0.3451 0.0094 0.4292 0.0192 0.0259 0.0240 
      H008.5  2 0.0190 0.0242 0.0301 0.0137 0.0161 0.0133 0.1125 0.0141 0.6951 0.0331 0.0170 0.0119 
      H008.6  2 0.0262 0.0312 0.0084 0.0248 0.0130 0.0060 0.7601 0.0099 0.0730 0.0267 0.0112 0.0093 
      H008.7  2 0.0697 0.0197 0.0540 0.0204 0.0189 0.0223 0.4784 0.0112 0.2161 0.0308 0.0203 0.0381 
      H008.8  2 0.0075 0.0280 0.0127 0.0571 0.0165 0.0100 0.7532 0.0089 0.0653 0.0126 0.0160 0.0123 
      H008.9  2 0.0647 0.0176 0.0087 0.0632 0.0072 0.0106 0.7667 0.0094 0.0174 0.0149 0.0070 0.0125 
 H029.1_2002  2 0.0217 0.0064 0.0328 0.0347 0.0276 0.0086 0.0473 0.0074 0.7641 0.0144 0.0201 0.0148 
 H029.1_2003  2 0.0105 0.0096 0.0220 0.0095 0.0085 0.0067 0.7925 0.0080 0.1008 0.0108 0.0117 0.0095 
 H029.2_2002  2 0.0273 0.0180 0.0987 0.0097 0.0381 0.0149 0.0363 0.0092 0.6927 0.0366 0.0096 0.0090 
 H029.2_2003  2 0.0404 0.0232 0.0282 0.0234 0.0461 0.0096 0.5597 0.0187 0.1682 0.0639 0.0118 0.0067 
 H029.3_2002  2 0.1302 0.0189 0.1475 0.0127 0.0296 0.0176 0.2302 0.0186 0.3363 0.0303 0.0182 0.0099 
 H029.3_2003  2 0.0079 0.0053 0.0224 0.0046 0.0123 0.0223 0.3273 0.0091 0.5484 0.0203 0.0075 0.0126 
 H029.4_2002  2 0.0171 0.0050 0.0236 0.0048 0.0054 0.0133 0.0541 0.0074 0.8426 0.0068 0.0115 0.0084 
 H029.4_2003  2 0.0289 0.0109 0.0565 0.0177 0.0177 0.0765 0.3843 0.0131 0.3333 0.0188 0.0312 0.0112 
 H029.5_2002  2 0.0068 0.0048 0.0163 0.0065 0.0122 0.0098 0.0111 0.0070 0.8976 0.0057 0.0070 0.0152 
 H029.5_2003  2 0.0130 0.0040 0.0158 0.0086 0.0069 0.0110 0.5511 0.0068 0.3499 0.0125 0.0114 0.0088 
 H029.6_2002  2 0.0362 0.0077 0.1472 0.0053 0.0068 0.0131 0.0854 0.0084 0.6601 0.0082 0.0086 0.0129 
 H029.6_2003  2 0.0109 0.0121 0.0195 0.0216 0.0494 0.0270 0.0978 0.0240 0.6173 0.0711 0.0119 0.0374 
      H029.7  2 0.0297 0.0231 0.0300 0.0109 0.0183 0.0083 0.0169 0.0054 0.8224 0.0163 0.0108 0.0080 
      H030.1  2 0.0048 0.0091 0.0816 0.0112 0.0726 0.0691 0.0152 0.6241 0.0414 0.0470 0.0059 0.0180 
      H030.2  2 0.0683 0.0065 0.1139 0.0081 0.0095 0.0769 0.0107 0.2273 0.1132 0.0075 0.3351 0.0229 
      H038.1  2 0.0276 0.0140 0.0060 0.0087 0.0057 0.0058 0.0145 0.0067 0.8937 0.0049 0.0071 0.0053 
      H038.2  2 0.0062 0.0036 0.0061 0.0048 0.0097 0.0067 0.0057 0.0098 0.9199 0.0066 0.0111 0.0099 
      H038.3  2 0.0346 0.0067 0.0065 0.0100 0.0308 0.0115 0.0087 0.0219 0.8260 0.0064 0.0220 0.0147 
      H038.4  2 0.0299 0.0052 0.0059 0.0064 0.0147 0.0118 0.0098 0.0078 0.8719 0.0056 0.0120 0.0189 
      H038.5  2 0.0313 0.0044 0.0073 0.0050 0.0078 0.0317 0.0384 0.0160 0.8315 0.0088 0.0095 0.0084 
      H038.6  2 0.0116 0.0052 0.0068 0.0059 0.0090 0.0065 0.0098 0.0082 0.9163 0.0091 0.0070 0.0045 
      H038.7  2 0.0118 0.0041 0.0038 0.0053 0.0285 0.0109 0.0086 0.0094 0.8938 0.0063 0.0119 0.0056 
      H038.8  2 0.0936 0.0048 0.0058 0.0054 0.0135 0.0086 0.0071 0.0166 0.8059 0.0051 0.0201 0.0134 
      H041.1  2 0.0349 0.0279 0.1997 0.0131 0.0342 0.1947 0.0143 0.0055 0.3527 0.0151 0.0128 0.0953 
      H041.2  2 0.0230 0.0072 0.0867 0.0202 0.0288 0.0174 0.0958 0.0113 0.3393 0.0108 0.0281 0.3314 
      H041.4  2 0.0228 0.0264 0.0454 0.0284 0.0237 0.0329 0.1488 0.0123 0.5674 0.0119 0.0155 0.0644 
      H041.6  2 0.0166 0.0282 0.0537 0.0559 0.0376 0.0179 0.0383 0.0199 0.6263 0.0136 0.0266 0.0654 
 H042.1_2002  2 0.0154 0.0253 0.5564 0.0845 0.0191 0.0109 0.0111 0.0144 0.0123 0.0479 0.1253 0.0774 
 H042.1_2003  2 0.1376 0.0150 0.0270 0.0636 0.1434 0.0183 0.2048 0.0437 0.0936 0.0954 0.0605 0.0973 
 H042.2_2002  2 0.0320 0.0100 0.0821 0.0055 0.0072 0.0139 0.0139 0.0098 0.3137 0.0360 0.4539 0.0220 
 H042.2_2003  2 0.0075 0.0125 0.0166 0.0748 0.0536 0.0127 0.0594 0.0175 0.3402 0.0302 0.0242 0.3509 
 H042.3_2002  2 0.0078 0.0118 0.1881 0.0115 0.0075 0.0114 0.0054 0.0141 0.0070 0.0176 0.7047 0.0131 
 H042.3_2003  2 0.0156 0.0084 0.0509 0.0160 0.0088 0.0356 0.0075 0.0120 0.0326 0.0215 0.7618 0.0292 
 H042.4_2002  2 0.0244 0.0114 0.4873 0.0308 0.0451 0.0185 0.0231 0.1308 0.0629 0.0389 0.0164 0.1103 
 H042.4_2003  2 0.0084 0.0463 0.2771 0.0502 0.1569 0.0328 0.0070 0.0270 0.3033 0.0185 0.0088 0.0637 
      H042.5  2 0.0044 0.0542 0.7770 0.0188 0.0242 0.0295 0.0111 0.0096 0.0139 0.0272 0.0091 0.0212 
      H042.6  2 0.0097 0.1768 0.6108 0.0197 0.0324 0.0238 0.0085 0.0193 0.0304 0.0205 0.0327 0.0154 
      H042.7  2 0.0048 0.0189 0.2312 0.0280 0.1454 0.0273 0.0093 0.0089 0.0408 0.0138 0.2767 0.1948 
      H042.8  2 0.0272 0.0311 0.5173 0.0207 0.0119 0.0213 0.0244 0.0059 0.0225 0.0476 0.1444 0.1257 
   H042_2002  2 0.0500 0.1528 0.0178 0.0664 0.1435 0.0370 0.0201 0.0167 0.1487 0.0471 0.2528 0.0470 
   H042_2003  2 0.0433 0.1534 0.0135 0.0772 0.0966 0.0416 0.0240 0.0205 0.1440 0.0426 0.2952 0.0481 
      H043.1  2 0.1678 0.0331 0.0099 0.0087 0.0279 0.6671 0.0099 0.0183 0.0292 0.0097 0.0131 0.0052 
      H043.2  2 0.3843 0.2418 0.0068 0.0917 0.0170 0.0103 0.0544 0.0117 0.1240 0.0136 0.0211 0.0234 
      H043.3  2 0.0578 0.0348 0.0071 0.0281 0.1711 0.1062 0.0245 0.0090 0.4263 0.0093 0.1171 0.0087 
      H043.4  2 0.2093 0.2736 0.0082 0.0409 0.1300 0.1128 0.0064 0.0129 0.1416 0.0113 0.0437 0.0093 
      H043.5  2 0.4624 0.0126 0.0072 0.0485 0.0276 0.0388 0.0795 0.0093 0.2167 0.0151 0.0679 0.0144 
      H043.6  2 0.3277 0.0200 0.0074 0.0637 0.0190 0.0194 0.0159 0.0134 0.4341 0.0111 0.0561 0.0122 
      H043.7  2 0.1564 0.1452 0.0044 0.1458 0.2792 0.1013 0.0064 0.0131 0.1022 0.0094 0.0273 0.0093 
      H043.8  2 0.0646 0.0551 0.0149 0.0676 0.0587 0.2756 0.1350 0.0762 0.0683 0.0148 0.1434 0.0257 
      H043.9  2 0.0985 0.0390 0.0114 0.0130 0.0372 0.6099 0.0144 0.0179 0.1212 0.0072 0.0243 0.0060 
      H047.1  2 0.0128 0.0151 0.0055 0.0271 0.0122 0.1264 0.0065 0.0087 0.6655 0.0253 0.0818 0.0131 
      H047.2  2 0.0092 0.0105 0.0327 0.0333 0.0556 0.0854 0.0316 0.0270 0.6281 0.0513 0.0086 0.0268 
      H047.3  2 0.0067 0.0345 0.0230 0.0229 0.0247 0.1396 0.0218 0.0240 0.5222 0.0968 0.0171 0.0666 
      H047.4  2 0.0048 0.0097 0.0129 0.0272 0.1149 0.0481 0.0279 0.0108 0.6466 0.0137 0.0251 0.0584 
      H047.5  2 0.0049 0.0697 0.0072 0.0156 0.0166 0.1309 0.0110 0.0169 0.5465 0.0615 0.0648 0.0544 
      H047.6  2 0.0115 0.0125 0.0132 0.0265 0.0203 0.4366 0.0183 0.0076 0.3589 0.0265 0.0149 0.0534 
      H047.7  2 0.0151 0.0088 0.0097 0.0247 0.0094 0.1120 0.0058 0.0082 0.6385 0.0199 0.1227 0.0253 
      H047.8  2 0.0100 0.0175 0.0152 0.0409 0.0120 0.3051 0.0178 0.0101 0.4124 0.0788 0.0314 0.0488 
      H047.9  2 0.0049 0.0813 0.0068 0.0159 0.0221 0.0328 0.0094 0.0144 0.6128 0.0513 0.1198 0.0284 
 H071.1_2002  2 0.0058 0.0110 0.0044 0.0079 0.0097 0.0062 0.0050 0.0068 0.9212 0.0076 0.0092 0.0050 
 H071.1_2003  2 0.0107 0.1425 0.0075 0.0293 0.0636 0.0125 0.0102 0.0503 0.6358 0.0115 0.0135 0.0126 
     H071.10  2 0.0068 0.0062 0.0073 0.0059 0.0051 0.0084 0.0066 0.0263 0.8821 0.0041 0.0363 0.0048 
 H071.2_2002  2 0.0090 0.0168 0.0044 0.0154 0.0081 0.0069 0.0213 0.0079 0.8816 0.0096 0.0104 0.0085 
 H071.2_2003  2 0.0034 0.0076 0.0045 0.0060 0.0061 0.0043 0.0041 0.0044 0.9438 0.0052 0.0062 0.0043 
      H071.3  2 0.0119 0.0074 0.0069 0.0050 0.0134 0.0125 0.0141 0.0159 0.8742 0.0059 0.0210 0.0118 
 H071.4_2002  2 0.0158 0.0098 0.0092 0.0107 0.0076 0.0184 0.0307 0.0202 0.8414 0.0057 0.0215 0.0091 
 H071.4_2003  2 0.0036 0.0055 0.0042 0.0045 0.0064 0.0059 0.0087 0.0086 0.9323 0.0057 0.0096 0.0048 
 H071.5_2002  2 0.0046 0.0059 0.0060 0.0055 0.0054 0.0075 0.0052 0.0077 0.9333 0.0038 0.0114 0.0038 
 H071.5_2003  2 0.0042 0.0101 0.0049 0.0172 0.0205 0.0131 0.0091 0.0191 0.8681 0.0093 0.0169 0.0074 
 H071.6_2002  2 0.0057 0.0091 0.0042 0.0077 0.0081 0.0088 0.0141 0.0107 0.8830 0.0042 0.0395 0.0049 
 H071.6_2003  2 0.0036 0.0064 0.0036 0.0083 0.0134 0.0136 0.0054 0.0172 0.8991 0.0081 0.0163 0.0050 
 H071.7_2002  2 0.0038 0.0080 0.0041 0.0071 0.0078 0.0044 0.0085 0.0043 0.9339 0.0041 0.0100 0.0037 
 H071.7_2003  2 0.0044 0.0095 0.0044 0.0107 0.0128 0.0139 0.0066 0.0262 0.8830 0.0076 0.0136 0.0073 
      H071.8  2 0.0098 0.0138 0.0051 0.0111 0.0067 0.0058 0.0344 0.0048 0.8873 0.0064 0.0077 0.0070 
      H071.9  2 0.0164 0.0233 0.0079 0.0204 0.0117 0.1224 0.1193 0.0283 0.6048 0.0068 0.0251 0.0137 
 H081.1_2002  2 0.0046 0.0171 0.0050 0.0086 0.0061 0.0041 0.0060 0.0079 0.9227 0.0055 0.0060 0.0064 
 H081.1_2003  2 0.2923 0.0190 0.0470 0.0617 0.1864 0.0096 0.1070 0.1588 0.0539 0.0285 0.0199 0.0158 
 H081.2_2002  2 0.0048 0.0501 0.0047 0.0101 0.0139 0.0069 0.0059 0.0046 0.8813 0.0058 0.0056 0.0063 
 H081.2_2003  2 0.0083 0.0759 0.0196 0.0258 0.0193 0.0100 0.0585 0.7174 0.0350 0.0088 0.0120 0.0096 
 H081.3_2002  2 0.0073 0.0259 0.0075 0.0107 0.0114 0.0118 0.0196 0.0105 0.8756 0.0054 0.0058 0.0084 
 H081.3_2003  2 0.0150 0.0473 0.0177 0.0498 0.0133 0.0297 0.0874 0.6832 0.0178 0.0146 0.0127 0.0115 
 H081.4_2002  2 0.0041 0.0063 0.0065 0.0062 0.0152 0.0061 0.0075 0.0071 0.9173 0.0077 0.0101 0.0059 
 H081.4_2003  2 0.0217 0.0404 0.0254 0.1099 0.1264 0.0151 0.0747 0.4949 0.0268 0.0294 0.0124 0.0228 
 H081.5_2002  2 0.0046 0.0110 0.0059 0.0100 0.0131 0.0074 0.0112 0.0107 0.9028 0.0083 0.0087 0.0064 
 H081.5_2003  2 0.0231 0.0653 0.0250 0.0836 0.5870 0.0091 0.0267 0.0791 0.0320 0.0186 0.0218 0.0287 
      H081.6  2 0.0059 0.0120 0.0045 0.0080 0.0140 0.0050 0.0055 0.0097 0.9112 0.0076 0.0117 0.0050 
      H081.7  2 0.0047 0.0673 0.0061 0.0153 0.0089 0.0060 0.0095 0.0118 0.8517 0.0050 0.0068 0.0069 
      H081.8  2 0.0161 0.0087 0.0140 0.0180 0.0131 0.0118 0.0744 0.0281 0.7841 0.0061 0.0149 0.0107 
      H083.1  2 0.0084 0.0073 0.0253 0.0042 0.0124 0.0109 0.0164 0.0095 0.8788 0.0087 0.0119 0.0063 
      H083.2  2 0.0088 0.0132 0.0132 0.0095 0.0105 0.0330 0.0088 0.0058 0.8720 0.0079 0.0116 0.0056 
      H083.4  2 0.0142 0.0165 0.0206 0.0070 0.0089 0.0192 0.0288 0.0063 0.8526 0.0059 0.0132 0.0067 
      H083.5  2 0.0343 0.0139 0.0486 0.0080 0.0113 0.0116 0.0300 0.0091 0.8059 0.0091 0.0087 0.0097 
      H083.6  2 0.0122 0.0121 0.0647 0.0059 0.0121 0.0073 0.0868 0.0118 0.7555 0.0098 0.0118 0.0100 
      H083.7  2 0.0132 0.0168 0.0474 0.0077 0.0072 0.0162 0.0256 0.0074 0.8262 0.0068 0.0104 0.0151 
      H083.8  2 0.0074 0.0134 0.0131 0.0097 0.0074 0.0288 0.0117 0.0062 0.8749 0.0102 0.0098 0.0074 
      H083.9  2 0.0099 0.0099 0.0605 0.0050 0.0085 0.0094 0.0183 0.0090 0.8435 0.0090 0.0074 0.0095 
      H084.1  2 0.0441 0.0084 0.0111 0.0066 0.0084 0.0230 0.0098 0.8423 0.0105 0.0123 0.0106 0.0128 
      H084.2  2 0.0539 0.0046 0.0154 0.0080 0.0128 0.0214 0.0137 0.8323 0.0089 0.0119 0.0125 0.0045 
      H084.3  2 0.1334 0.0098 0.0140 0.0062 0.0218 0.0134 0.0094 0.6944 0.0066 0.0118 0.0200 0.0591 
      H084.4  2 0.1581 0.0046 0.0230 0.0091 0.0803 0.0281 0.0614 0.5416 0.0098 0.0118 0.0168 0.0554 
      H084.5  2 0.0423 0.0082 0.0089 0.0093 0.0258 0.0211 0.0132 0.7331 0.0091 0.0129 0.0745 0.0416 
      H084.6  2 0.0840 0.0087 0.0149 0.0067 0.0095 0.0155 0.0145 0.7448 0.0059 0.0057 0.0174 0.0723 
      H084.7  2 0.0120 0.0064 0.0130 0.0091 0.0125 0.0345 0.0265 0.8456 0.0097 0.0090 0.0126 0.0091 
      H084.8  2 0.0732 0.0094 0.0080 0.0053 0.0117 0.0153 0.0110 0.7209 0.0061 0.0127 0.0176 0.1088 
 H085.1_2002  2 0.0157 0.8632 0.0195 0.0114 0.0061 0.0096 0.0096 0.0118 0.0289 0.0068 0.0117 0.0057 
 H085.1_2003  2 0.0128 0.1028 0.1439 0.0104 0.0411 0.0721 0.0338 0.0099 0.5261 0.0094 0.0107 0.0269 
 H085.2_2002  2 0.0705 0.4529 0.1103 0.1814 0.0209 0.0131 0.0186 0.0492 0.0251 0.0076 0.0326 0.0176 
 H085.2_2003  2 0.0126 0.0226 0.1217 0.0150 0.0264 0.0417 0.0380 0.0197 0.6609 0.0157 0.0125 0.0130 
 H085.3_2002  2 0.0064 0.9005 0.0132 0.0137 0.0163 0.0075 0.0046 0.0076 0.0085 0.0055 0.0057 0.0103 
 H085.3_2003  2 0.0048 0.0353 0.0129 0.0101 0.1383 0.0201 0.0063 0.0121 0.7203 0.0133 0.0101 0.0164 
 H085.4_2002  2 0.0352 0.6696 0.0331 0.0814 0.0119 0.0148 0.0186 0.0224 0.0637 0.0079 0.0269 0.0144 
 H085.4_2003  2 0.0070 0.0096 0.0154 0.0257 0.0400 0.0092 0.0075 0.0205 0.8105 0.0061 0.0245 0.0243 
 H085.5_2002  2 0.0048 0.9170 0.0067 0.0098 0.0183 0.0069 0.0047 0.0050 0.0084 0.0059 0.0051 0.0076 
 H085.5_2003  2 0.0096 0.0245 0.0467 0.0086 0.0150 0.0140 0.0161 0.0246 0.8084 0.0127 0.0124 0.0075 
 H085.6_2002  2 0.0096 0.8863 0.0172 0.0130 0.0111 0.0141 0.0105 0.0103 0.0100 0.0049 0.0069 0.0060 
 H085.6_2003  2 0.0070 0.0167 0.0065 0.0344 0.7906 0.0122 0.0081 0.0077 0.0604 0.0103 0.0075 0.0386 
 H085.7_2002  2 0.0156 0.5992 0.0750 0.0581 0.0899 0.0201 0.0145 0.0279 0.0569 0.0102 0.0152 0.0174 
 H085.7_2003  2 0.0098 0.0230 0.0131 0.0105 0.0438 0.0497 0.0138 0.0098 0.7720 0.0140 0.0143 0.0262 
 H085.8_2002  2 0.0150 0.4009 0.0127 0.1127 0.3271 0.0124 0.0128 0.0202 0.0184 0.0082 0.0187 0.0408 
 H085.8_2003  2 0.0160 0.0381 0.4494 0.0329 0.0574 0.0538 0.0128 0.0250 0.2386 0.0190 0.0245 0.0325 
      H085.9  2 0.0429 0.7730 0.0223 0.0167 0.0265 0.0090 0.0132 0.0126 0.0505 0.0099 0.0144 0.0092 
      H088.1  2 0.0113 0.0214 0.6670 0.0242 0.0117 0.0150 0.1289 0.0143 0.0147 0.0458 0.0105 0.0354 
      H088.2  2 0.0083 0.0502 0.6955 0.0268 0.0717 0.0230 0.0339 0.0181 0.0124 0.0167 0.0223 0.0210 
      H088.3  2 0.0079 0.0251 0.7755 0.0187 0.0548 0.0288 0.0310 0.0119 0.0085 0.0109 0.0116 0.0154 
      H088.4  2 0.0112 0.0065 0.3781 0.0203 0.1287 0.0164 0.2548 0.0710 0.0335 0.0496 0.0143 0.0157 
      H088.5  2 0.0090 0.0067 0.8169 0.0228 0.0143 0.0132 0.0505 0.0115 0.0096 0.0112 0.0092 0.0252 
      H088.6  2 0.0064 0.0070 0.7018 0.0115 0.0112 0.0156 0.1166 0.0287 0.0190 0.0186 0.0117 0.0518 
      H088.7  2 0.0100 0.0125 0.3290 0.0138 0.0357 0.0457 0.3839 0.0145 0.1047 0.0157 0.0139 0.0207 
      H088.8  2 0.0105 0.0107 0.1336 0.0102 0.0185 0.0179 0.5489 0.0423 0.1225 0.0330 0.0111 0.0408 
      H091.1  2 0.0071 0.0111 0.8330 0.0099 0.0258 0.0351 0.0069 0.0073 0.0147 0.0121 0.0220 0.0151 
      H091.2  2 0.0061 0.0129 0.7773 0.0097 0.0187 0.0165 0.0132 0.0046 0.0294 0.0192 0.0507 0.0419 
      H109.1  2 0.0261 0.0257 0.0198 0.0194 0.0093 0.7161 0.0710 0.0360 0.0176 0.0144 0.0186 0.0258 
      H109.2  2 0.0144 0.0104 0.0183 0.0242 0.0399 0.4833 0.0157 0.2732 0.0611 0.0105 0.0143 0.0347 
      H109.3  2 0.0081 0.0058 0.0109 0.0079 0.0263 0.8136 0.0217 0.0366 0.0164 0.0142 0.0098 0.0286 
      H109.4  2 0.0208 0.0073 0.0147 0.0158 0.0187 0.7188 0.0673 0.0630 0.0140 0.0135 0.0154 0.0308 
      H109.5  2 0.0039 0.0120 0.0162 0.0100 0.0441 0.3274 0.0386 0.0439 0.3158 0.0222 0.0204 0.1454 
      H109.6  2 0.0216 0.0152 0.0128 0.0313 0.0381 0.3884 0.1398 0.2074 0.0481 0.0214 0.0216 0.0544 
      H126.1  2 0.0114 0.1087 0.0112 0.1727 0.0344 0.0486 0.0790 0.0131 0.0093 0.1104 0.3827 0.0184 
      H126.2  2 0.0516 0.0724 0.0168 0.0718 0.0628 0.0929 0.3036 0.0176 0.2051 0.0349 0.0609 0.0095 
      H126.3  2 0.0094 0.0294 0.0315 0.0125 0.0056 0.0144 0.3838 0.0049 0.0660 0.0120 0.4214 0.0093 
      H126.4  2 0.0237 0.0205 0.0195 0.3208 0.0150 0.0313 0.0412 0.0169 0.0626 0.1409 0.2991 0.0084 
      H126.5  2 0.0068 0.0455 0.0080 0.1129 0.1438 0.0072 0.0306 0.0079 0.1330 0.0311 0.4662 0.0069 
      H126.6  2 0.0052 0.2096 0.0132 0.0246 0.0336 0.0159 0.1677 0.0047 0.3878 0.0087 0.1247 0.0044 
      H126.7  2 0.0036 0.0274 0.0071 0.0083 0.0159 0.0090 0.0105 0.0071 0.8764 0.0094 0.0209 0.0045 
      H130.1  2 0.0086 0.0125 0.0207 0.8088 0.0196 0.0261 0.0454 0.0152 0.0066 0.0199 0.0062 0.0101 
      H130.2  2 0.0101 0.0135 0.0347 0.1043 0.0240 0.0355 0.0568 0.6458 0.0290 0.0270 0.0065 0.0128 
      H130.3  2 0.0052 0.0066 0.0119 0.0660 0.0095 0.0097 0.0234 0.3519 0.0143 0.4869 0.0066 0.0079 
      H130.4  2 0.0296 0.0258 0.0279 0.6468 0.0088 0.0462 0.0377 0.0763 0.0085 0.0732 0.0069 0.0122 
      H130.5  2 0.0057 0.0246 0.0354 0.3224 0.0434 0.0213 0.0210 0.4443 0.0411 0.0143 0.0069 0.0197 
      H133.1  2 0.0455 0.0136 0.0118 0.0660 0.0215 0.7153 0.0094 0.0213 0.0268 0.0469 0.0101 0.0117 
      H133.2  2 0.0127 0.0830 0.0121 0.0397 0.0820 0.5489 0.0847 0.0822 0.0122 0.0177 0.0123 0.0124 
      H133.3  2 0.0604 0.0285 0.0152 0.0188 0.0161 0.7651 0.0108 0.0161 0.0272 0.0199 0.0106 0.0113 
      H133.4  2 0.0261 0.0186 0.0068 0.0175 0.0175 0.8343 0.0171 0.0133 0.0149 0.0146 0.0082 0.0111 
      H133.5  2 0.0172 0.0367 0.0173 0.0273 0.0278 0.7036 0.0323 0.0482 0.0096 0.0587 0.0148 0.0065 
      H133.6  2 0.0088 0.0819 0.0443 0.0630 0.0719 0.4276 0.0426 0.1732 0.0154 0.0345 0.0220 0.0150 
      H133.7  2 0.0462 0.0188 0.0060 0.0161 0.0252 0.7919 0.0067 0.0083 0.0149 0.0121 0.0066 0.0470 
      H133.8  2 0.0336 0.0640 0.0115 0.0192 0.0099 0.7612 0.0104 0.0154 0.0089 0.0154 0.0404 0.0101 
      H133.9  2 0.0411 0.0123 0.0133 0.0394 0.0184 0.7514 0.0102 0.0224 0.0205 0.0533 0.0072 0.0105 
      H147.1  2 0.0294 0.0426 0.0432 0.0201 0.2362 0.0104 0.0112 0.0932 0.3777 0.0062 0.0215 0.1082 
      H147.2  2 0.0068 0.0117 0.0073 0.0118 0.0394 0.0056 0.0079 0.0233 0.8606 0.0064 0.0103 0.0090 
      H147.3  2 0.0067 0.0326 0.0070 0.0095 0.0327 0.0051 0.0065 0.0228 0.8517 0.0077 0.0073 0.0104 
      H147.4  2 0.0225 0.0151 0.0115 0.0062 0.0174 0.0050 0.0089 0.0493 0.8376 0.0064 0.0085 0.0118 
      H147.5  2 0.0082 0.0216 0.0942 0.0103 0.0673 0.0080 0.0284 0.1697 0.5401 0.0226 0.0106 0.0191 
      H147.6  2 0.0096 0.0274 0.1226 0.0104 0.0881 0.0120 0.0250 0.2243 0.4223 0.0246 0.0103 0.0232 
      H147.7  2 0.0275 0.0135 0.0134 0.0078 0.0217 0.0086 0.0097 0.0578 0.7962 0.0111 0.0115 0.0213 
      H147.8  2 0.0344 0.0122 0.1062 0.0040 0.0148 0.0073 0.0300 0.0732 0.6865 0.0076 0.0148 0.0090 
      H147.9  2 0.0067 0.0201 0.0062 0.0109 0.0331 0.0052 0.0077 0.0206 0.8671 0.0058 0.0081 0.0085 
      H148.1  2 0.0470 0.0084 0.0385 0.4651 0.0609 0.0237 0.1362 0.0838 0.0122 0.0122 0.0319 0.0801 
      H148.2  2 0.0650 0.0209 0.0208 0.2355 0.0248 0.0301 0.1036 0.0631 0.0147 0.0132 0.0436 0.3648 
      H148.3  2 0.0368 0.0090 0.0065 0.0156 0.0222 0.0075 0.0146 0.0234 0.0094 0.0095 0.0214 0.8241 
      H148.4  2 0.0442 0.0140 0.0127 0.3213 0.0761 0.0131 0.2585 0.0197 0.0176 0.0132 0.0344 0.1752 
      H148.5  2 0.0478 0.0130 0.0339 0.0205 0.0148 0.0121 0.1533 0.0654 0.0128 0.0295 0.0373 0.5596 
      H148.6  2 0.1282 0.0132 0.0418 0.1264 0.0218 0.0129 0.0715 0.0453 0.0151 0.0067 0.0161 0.5008 
      H148.7  2 0.0355 0.0107 0.0280 0.0742 0.0207 0.0275 0.2378 0.0447 0.0079 0.0459 0.0449 0.4221 
      H148.8  2 0.0289 0.0127 0.0186 0.1644 0.0150 0.0065 0.0375 0.0291 0.0070 0.0099 0.0109 0.6594 
      H148.9  2 0.1548 0.0690 0.0232 0.1018 0.0170 0.0737 0.0464 0.0435 0.0090 0.0273 0.2177 0.2166 
   H166022.1  2 0.0093 0.0126 0.8830 0.0076 0.0104 0.0072 0.0092 0.0224 0.0138 0.0056 0.0065 0.0124 
   H166022.2  2 0.0098 0.0161 0.6554 0.0147 0.0732 0.0127 0.0298 0.1030 0.0373 0.0134 0.0152 0.0194 
   H166022.3  2 0.0046 0.0045 0.8942 0.0080 0.0132 0.0093 0.0178 0.0180 0.0053 0.0125 0.0056 0.0069 
   H166022.4  2 0.0052 0.0049 0.8683 0.0063 0.0216 0.0102 0.0232 0.0187 0.0069 0.0203 0.0080 0.0063 
   H166022.5  2 0.0065 0.0048 0.7149 0.0069 0.0459 0.0125 0.0242 0.1430 0.0096 0.0160 0.0082 0.0075 
   H166022.6  2 0.0162 0.0108 0.8078 0.0228 0.0393 0.0191 0.0138 0.0281 0.0095 0.0114 0.0062 0.0150 
   H166022.7  2 0.0063 0.0037 0.0047 0.0058 0.0061 0.0070 0.9384 0.0077 0.0058 0.0050 0.0053 0.0041 
   H166022.8  2 0.0083 0.0329 0.4201 0.0644 0.2484 0.0238 0.0160 0.1297 0.0196 0.0153 0.0085 0.0131 
   H167397.1  2 0.5060 0.0070 0.0452 0.0155 0.0452 0.0107 0.0169 0.0436 0.1123 0.0114 0.0259 0.1604 
   H167397.2  2 0.5841 0.0610 0.0582 0.0984 0.0429 0.0169 0.0228 0.0183 0.0313 0.0196 0.0226 0.0240 
   H167397.3  2 0.6182 0.0073 0.0428 0.0272 0.0173 0.0190 0.0127 0.0201 0.1316 0.0115 0.0368 0.0556 
   H167397.4  2 0.7219 0.0267 0.0336 0.0108 0.0140 0.0236 0.0245 0.0169 0.0453 0.0143 0.0202 0.0483 
   H167397.5  2 0.6373 0.0084 0.0257 0.0450 0.0953 0.0220 0.0210 0.0358 0.0310 0.0150 0.0210 0.0424 
   H167397.6  2 0.6288 0.0133 0.0245 0.0226 0.0093 0.0274 0.0119 0.0098 0.0509 0.0170 0.1095 0.0751 
   H167496.1  2 0.0081 0.0092 0.1483 0.0193 0.1387 0.2107 0.0164 0.0657 0.0248 0.0298 0.0570 0.2718 
   H167496.2  2 0.0131 0.0127 0.0155 0.0272 0.3138 0.0600 0.2609 0.0306 0.0825 0.0127 0.0917 0.0793 
   H167496.3  2 0.0142 0.2832 0.1491 0.0500 0.2456 0.0434 0.0161 0.0260 0.0503 0.0347 0.0207 0.0667 
   H167496.4  2 0.0063 0.0129 0.8434 0.0071 0.0338 0.0099 0.0171 0.0101 0.0226 0.0121 0.0174 0.0072 
   H167496.6  2 0.0070 0.0071 0.0296 0.0085 0.8708 0.0093 0.0154 0.0098 0.0139 0.0133 0.0087 0.0065 
   H167496.7  2 0.0084 0.0082 0.0645 0.1283 0.3832 0.0598 0.0163 0.0491 0.0149 0.0231 0.1026 0.1415 
   H167496.8  2 0.0068 0.0066 0.0352 0.0077 0.8462 0.0097 0.0175 0.0109 0.0225 0.0059 0.0193 0.0116 
   H167513.1  2 0.0085 0.0076 0.0136 0.0167 0.0172 0.8661 0.0200 0.0112 0.0093 0.0083 0.0090 0.0125 
   H167513.2  2 0.0324 0.0155 0.0133 0.0228 0.0492 0.7083 0.0079 0.0125 0.0082 0.0086 0.0175 0.1040 
   H167513.3  2 0.0082 0.0064 0.0174 0.0087 0.0108 0.7932 0.0189 0.0674 0.0093 0.0326 0.0122 0.0149 
   H167513.4  2 0.0102 0.0085 0.0365 0.0144 0.0163 0.8450 0.0091 0.0223 0.0078 0.0084 0.0076 0.0141 
   H167513.5  2 0.0236 0.0147 0.0132 0.0189 0.0193 0.8392 0.0080 0.0096 0.0091 0.0057 0.0075 0.0312 
   H167513.6  2 0.0129 0.0247 0.0309 0.0227 0.0183 0.7649 0.0200 0.0478 0.0131 0.0135 0.0116 0.0196 
   H167513.7  2 0.0199 0.0128 0.0169 0.0067 0.0082 0.8827 0.0092 0.0115 0.0118 0.0073 0.0071 0.0060 
   H167513.8  2 0.0107 0.0050 0.0065 0.0057 0.0091 0.9014 0.0142 0.0179 0.0068 0.0106 0.0064 0.0057 
   H167547.1  2 0.0161 0.0075 0.0292 0.0752 0.0209 0.0099 0.0120 0.0161 0.0076 0.0186 0.0131 0.7738 
   H167547.2  2 0.0117 0.0075 0.0415 0.0141 0.0078 0.0103 0.0048 0.0095 0.0111 0.0113 0.0136 0.8569 
   H167547.3  2 0.0111 0.0078 0.0393 0.0167 0.0133 0.0073 0.0054 0.0082 0.0071 0.0095 0.0106 0.8637 
   H167547.4  2 0.0331 0.0214 0.6037 0.1011 0.0177 0.0267 0.0224 0.0217 0.0079 0.0418 0.0112 0.0915 
   H167547.5  2 0.0078 0.0111 0.0898 0.0174 0.0064 0.0085 0.0126 0.0192 0.0093 0.0139 0.0115 0.7925 
   H167547.6  2 0.0081 0.0108 0.1033 0.0183 0.0074 0.0069 0.0141 0.0159 0.0092 0.0129 0.0098 0.7834 
   H167547.7  2 0.0200 0.1659 0.0273 0.0855 0.0249 0.1632 0.0667 0.0338 0.0306 0.0384 0.0237 0.3201 
   H169750.1  2 0.0094 0.0237 0.0569 0.0430 0.0407 0.7021 0.0382 0.0181 0.0128 0.0202 0.0195 0.0152 
   H169750.2  2 0.0494 0.0314 0.0114 0.0662 0.2459 0.1999 0.0773 0.0748 0.1116 0.0639 0.0249 0.0431 
   H169750.3  2 0.0037 0.0248 0.0158 0.0146 0.0316 0.7746 0.0564 0.0345 0.0101 0.0161 0.0061 0.0119 
   H169750.4  2 0.1005 0.0259 0.0112 0.1289 0.1567 0.2307 0.0722 0.0165 0.0256 0.1697 0.0342 0.0279 
   H169750.5  2 0.0054 0.0200 0.0348 0.0127 0.0110 0.8321 0.0101 0.0131 0.0322 0.0123 0.0084 0.0078 
   H169750.6  2 0.0102 0.0311 0.0222 0.0374 0.0426 0.5130 0.0323 0.0314 0.2356 0.0263 0.0084 0.0094 
   H169750.7  2 0.0322 0.0756 0.0174 0.0219 0.2145 0.2757 0.1849 0.0158 0.0255 0.0565 0.0564 0.0236 
   H171929.1  2 0.3067 0.1447 0.0166 0.0487 0.0091 0.2819 0.0514 0.0097 0.0183 0.0143 0.0075 0.0911 
  H171929.10  2 0.0747 0.1261 0.0876 0.0363 0.0239 0.3207 0.0552 0.0460 0.0474 0.0124 0.0191 0.1506 
  H171929.11  2 0.1243 0.0550 0.0137 0.0201 0.0085 0.6559 0.0185 0.0172 0.0124 0.0202 0.0125 0.0416 
   H171929.2  2 0.0050 0.0086 0.0071 0.0081 0.0070 0.9244 0.0050 0.0062 0.0058 0.0060 0.0041 0.0127 
   H171929.3  2 0.0240 0.0086 0.0096 0.0091 0.0067 0.8555 0.0096 0.0115 0.0137 0.0073 0.0079 0.0365 
   H171929.4  2 0.0066 0.0692 0.0625 0.0701 0.0179 0.6239 0.0179 0.0187 0.0296 0.0219 0.0054 0.0564 
   H171929.5  2 0.0167 0.0100 0.0090 0.0109 0.0072 0.8680 0.0251 0.0119 0.0089 0.0109 0.0102 0.0112 
   H171929.6  2 0.0175 0.0089 0.0076 0.0101 0.0064 0.8955 0.0159 0.0088 0.0061 0.0058 0.0091 0.0083 
   H171929.7  2 0.0118 0.1394 0.0138 0.0780 0.0122 0.6544 0.0156 0.0057 0.0259 0.0148 0.0061 0.0223 
   H171929.8  2 0.0147 0.1629 0.0223 0.1373 0.0106 0.5458 0.0164 0.0140 0.0150 0.0133 0.0062 0.0415 
   H171929.9  2 0.0054 0.1801 0.0257 0.0812 0.0186 0.5272 0.0628 0.0282 0.0359 0.0128 0.0070 0.0151 
   H171930.1  2 0.0305 0.0046 0.0131 0.0163 0.0307 0.4513 0.1179 0.2216 0.0125 0.0544 0.0198 0.0273 
   H171930.2  2 0.0087 0.0130 0.0460 0.0209 0.0250 0.0658 0.0275 0.6646 0.0179 0.0402 0.0224 0.0481 
   H171930.3  2 0.0230 0.0083 0.0218 0.0080 0.0301 0.1226 0.3437 0.2890 0.0086 0.0580 0.0313 0.0556 
   H171930.4  2 0.0159 0.0055 0.0505 0.0078 0.0397 0.0976 0.0629 0.5999 0.0074 0.0489 0.0334 0.0305 
   H171930.5  2 0.0210 0.0147 0.0287 0.0436 0.0182 0.3557 0.0121 0.3741 0.0285 0.0430 0.0339 0.0265 
   H171930.6  2 0.0076 0.0051 0.0202 0.0069 0.0284 0.0510 0.0116 0.6727 0.0394 0.0241 0.1135 0.0195 
   H171930.7  2 0.0274 0.0081 0.0088 0.0097 0.0202 0.1111 0.5314 0.2391 0.0081 0.0105 0.0133 0.0121 
   H171930.8  2 0.0131 0.0049 0.0082 0.0110 0.0498 0.0730 0.5619 0.2306 0.0096 0.0092 0.0117 0.0172 
   H171933.1  2 0.0222 0.0075 0.8789 0.0094 0.0056 0.0117 0.0077 0.0137 0.0047 0.0048 0.0120 0.0217 
   H171933.2  2 0.0456 0.0235 0.8017 0.0094 0.0123 0.0116 0.0275 0.0180 0.0125 0.0058 0.0172 0.0149 
   H171933.3  2 0.0158 0.0388 0.8146 0.0092 0.0098 0.0103 0.0077 0.0190 0.0071 0.0096 0.0191 0.0390 
   H171933.4  2 0.0045 0.0174 0.7178 0.0137 0.0441 0.0359 0.0128 0.1079 0.0068 0.0135 0.0071 0.0183 
   H171933.5  2 0.0097 0.0199 0.3999 0.0565 0.0538 0.1046 0.0185 0.1293 0.0067 0.0966 0.0125 0.0921 
   H171933.6  2 0.0045 0.0086 0.9041 0.0057 0.0119 0.0071 0.0073 0.0100 0.0163 0.0087 0.0081 0.0078 
   H171933.7  2 0.0218 0.0794 0.5664 0.0161 0.0177 0.0204 0.0063 0.1677 0.0126 0.0152 0.0592 0.0172 
   H171933.8  2 0.0431 0.0506 0.4588 0.0146 0.0328 0.0398 0.0237 0.2635 0.0161 0.0091 0.0204 0.0274 
   H171933.9  2 0.0039 0.0095 0.8843 0.0069 0.0132 0.0097 0.0048 0.0320 0.0069 0.0140 0.0063 0.0085 
      H190.1  2 0.0052 0.0065 0.0305 0.0200 0.0324 0.0131 0.0213 0.7758 0.0171 0.0437 0.0152 0.0194 
      H190.2  2 0.0064 0.0843 0.0123 0.0210 0.2922 0.0151 0.0100 0.0181 0.0465 0.0110 0.1122 0.3709 
      H190.3  2 0.0127 0.0721 0.0327 0.1801 0.0463 0.0341 0.0103 0.0363 0.0433 0.0228 0.0507 0.4585 
      H190.4  2 0.0060 0.0119 0.0509 0.0294 0.0108 0.0208 0.0075 0.8118 0.0059 0.0195 0.0063 0.0192 
      H190.5  2 0.0078 0.0544 0.0181 0.0141 0.5272 0.0224 0.0119 0.0278 0.0761 0.0213 0.1210 0.0979 
      H190.6  2 0.0053 0.0123 0.0450 0.0246 0.0103 0.0164 0.0083 0.8099 0.0070 0.0121 0.0075 0.0413 
      H190.7  2 0.0103 0.5173 0.0411 0.0761 0.0991 0.0136 0.0160 0.0635 0.0141 0.0388 0.0161 0.0940 
      H190.8  2 0.0058 0.0322 0.0168 0.0162 0.6827 0.0147 0.0092 0.0456 0.0186 0.0308 0.0538 0.0735 
      H190.9  2 0.0218 0.1594 0.0242 0.0368 0.3755 0.0281 0.0167 0.1130 0.0180 0.0318 0.0208 0.1538 
      H400.1  2 0.0085 0.0073 0.8524 0.0200 0.0133 0.0184 0.0095 0.0309 0.0065 0.0119 0.0163 0.0051 
      H400.2  2 0.0089 0.0068 0.8655 0.0077 0.0083 0.0174 0.0093 0.0176 0.0160 0.0069 0.0279 0.0076 
      H400.3  2 0.0148 0.0064 0.7950 0.0235 0.0144 0.0201 0.0094 0.0262 0.0085 0.0096 0.0609 0.0112 
      H400.4  2 0.0056 0.0068 0.8085 0.0085 0.0136 0.0281 0.0303 0.0363 0.0188 0.0123 0.0115 0.0196 
      H400.5  2 0.0092 0.0082 0.7888 0.0161 0.0062 0.0813 0.0089 0.0305 0.0097 0.0127 0.0179 0.0106 
      H400.6  2 0.0042 0.0204 0.8856 0.0129 0.0062 0.0103 0.0091 0.0116 0.0094 0.0084 0.0155 0.0064 
      H400.7  2 0.0061 0.0148 0.8557 0.0169 0.0100 0.0225 0.0061 0.0268 0.0063 0.0078 0.0178 0.0093 
 H428.1_2005  2 0.0050 0.0095 0.9279 0.0054 0.0049 0.0091 0.0088 0.0037 0.0071 0.0075 0.0061 0.0050 
 H428.1_2006  2 0.0067 0.0074 0.9043 0.0055 0.0109 0.0072 0.0067 0.0048 0.0210 0.0081 0.0086 0.0088 
 H428.2_2005  2 0.0068 0.0054 0.9204 0.0088 0.0041 0.0162 0.0059 0.0056 0.0060 0.0052 0.0056 0.0099 
 H428.2_2006  2 0.0065 0.0096 0.8557 0.0040 0.0090 0.0074 0.0084 0.0217 0.0550 0.0075 0.0083 0.0069 
 H428.3_2005  2 0.0032 0.0059 0.9400 0.0039 0.0050 0.0071 0.0062 0.0051 0.0085 0.0052 0.0052 0.0047 
 H428.3_2006  2 0.0061 0.0069 0.8863 0.0054 0.0112 0.0143 0.0099 0.0098 0.0260 0.0075 0.0095 0.0073 
 H428.4_2005  2 0.0045 0.0045 0.9417 0.0041 0.0044 0.0084 0.0053 0.0047 0.0052 0.0060 0.0047 0.0065 
 H428.4_2006  2 0.0054 0.0082 0.9420 0.0035 0.0041 0.0046 0.0038 0.0045 0.0093 0.0054 0.0039 0.0052 
 H428.5_2005  2 0.0121 0.0080 0.9181 0.0065 0.0042 0.0068 0.0078 0.0080 0.0131 0.0042 0.0041 0.0071 
 H428.6_2005  2 0.0043 0.0101 0.9279 0.0060 0.0077 0.0087 0.0058 0.0046 0.0077 0.0069 0.0057 0.0045 
 H428.6_2006  2 0.0189 0.0124 0.8673 0.0062 0.0058 0.0091 0.0204 0.0106 0.0116 0.0260 0.0058 0.0059 
      H428.7  2 0.0039 0.0088 0.9404 0.0046 0.0041 0.0040 0.0053 0.0068 0.0069 0.0058 0.0048 0.0046 
      H428.8  2 0.0108 0.0119 0.9069 0.0057 0.0063 0.0064 0.0066 0.0116 0.0149 0.0081 0.0057 0.0052 
      H428.9  2 0.0100 0.0047 0.9319 0.0067 0.0040 0.0050 0.0067 0.0099 0.0070 0.0042 0.0047 0.0052 
      H453.1  2 0.0077 0.0110 0.6985 0.0093 0.0985 0.0171 0.0284 0.0412 0.0508 0.0188 0.0098 0.0089 
      H453.2  2 0.0051 0.0153 0.6244 0.0186 0.0945 0.0181 0.0127 0.1553 0.0089 0.0249 0.0125 0.0096 
      H453.3  2 0.0042 0.0220 0.6903 0.0382 0.1324 0.0106 0.0133 0.0415 0.0095 0.0109 0.0126 0.0146 
      H453.4  2 0.0039 0.0097 0.6716 0.0207 0.1423 0.0296 0.0161 0.0607 0.0098 0.0155 0.0108 0.0092 
      H453.5  2 0.0066 0.0076 0.6238 0.0083 0.0342 0.0141 0.0087 0.1436 0.1143 0.0213 0.0104 0.0072 
      H453.6  2 0.0043 0.0062 0.7468 0.0038 0.0134 0.0069 0.0087 0.0661 0.1175 0.0143 0.0064 0.0055 
      H453.7  2 0.0047 0.0865 0.0197 0.0722 0.5775 0.0248 0.0307 0.0383 0.1067 0.0106 0.0073 0.0211 
      H453.8  2 0.0061 0.0115 0.0295 0.0299 0.7854 0.0223 0.0127 0.0367 0.0349 0.0122 0.0061 0.0127 
      H453.9  2 0.0056 0.0424 0.0524 0.0212 0.3428 0.0228 0.0131 0.2236 0.2509 0.0126 0.0076 0.0049 
      H512.1  2 0.0045 0.0296 0.1840 0.0110 0.0345 0.0094 0.0094 0.5544 0.0195 0.1146 0.0180 0.0111 
     H512.10  2 0.0746 0.0103 0.0748 0.0280 0.0769 0.0211 0.0140 0.3285 0.0681 0.2481 0.0274 0.0283 
      H512.2  2 0.0163 0.0143 0.1469 0.0334 0.2743 0.0198 0.0284 0.1814 0.0178 0.1599 0.0288 0.0787 
      H512.3  2 0.0230 0.0085 0.0624 0.0145 0.1429 0.0232 0.0227 0.1729 0.0147 0.4172 0.0770 0.0209 
      H512.4  2 0.0154 0.0071 0.0536 0.0337 0.1751 0.0180 0.0265 0.5423 0.0560 0.0172 0.0164 0.0387 
      H512.5  2 0.0229 0.0080 0.0514 0.0194 0.1506 0.0423 0.0485 0.0279 0.0162 0.5497 0.0516 0.0118 
      H512.6  2 0.0065 0.0122 0.0370 0.0299 0.3649 0.0229 0.0246 0.2777 0.0094 0.1089 0.0768 0.0294 
      H512.7  2 0.0168 0.0113 0.0774 0.0057 0.0468 0.0426 0.0419 0.0185 0.0295 0.6450 0.0564 0.0082 
      H512.8  2 0.0098 0.0107 0.0626 0.0185 0.2617 0.0209 0.0338 0.1829 0.0174 0.1338 0.0842 0.1638 
      H512.9  2 0.0261 0.0520 0.1661 0.0186 0.0592 0.0350 0.0138 0.0384 0.0241 0.5167 0.0414 0.0085 
      H513.1  2 0.0104 0.0068 0.9206 0.0050 0.0068 0.0064 0.0068 0.0087 0.0113 0.0046 0.0070 0.0055 
      H513.2  2 0.0096 0.0064 0.8931 0.0115 0.0075 0.0103 0.0090 0.0166 0.0161 0.0046 0.0061 0.0093 
      H513.3  2 0.0056 0.0060 0.9185 0.0065 0.0094 0.0145 0.0047 0.0079 0.0092 0.0064 0.0059 0.0054 
      H513.4  2 0.0045 0.0075 0.8803 0.0054 0.0127 0.0165 0.0073 0.0129 0.0235 0.0081 0.0104 0.0109 
      H513.5  2 0.0074 0.0062 0.8947 0.0057 0.0052 0.0169 0.0143 0.0158 0.0080 0.0143 0.0063 0.0051 
      H513.6  2 0.2684 0.0217 0.3872 0.0166 0.0140 0.0580 0.0176 0.1631 0.0171 0.0105 0.0060 0.0201 
      H532.1  2 0.0210 0.0118 0.2826 0.0291 0.0295 0.0747 0.0629 0.0159 0.4084 0.0245 0.0222 0.0174 
      H532.2  2 0.0091 0.0349 0.3173 0.0412 0.0421 0.0243 0.0203 0.3351 0.1037 0.0108 0.0060 0.0553 
      H532.3  2 0.0063 0.0215 0.1598 0.0335 0.1168 0.0206 0.0187 0.4014 0.1511 0.0272 0.0048 0.0383 
      H532.4  2 0.0139 0.0268 0.0863 0.1319 0.0566 0.0165 0.0149 0.0320 0.5891 0.0159 0.0065 0.0095 
      H532.5  2 0.0146 0.0182 0.7785 0.0139 0.0106 0.0179 0.0378 0.0149 0.0493 0.0132 0.0074 0.0238 
      H532.6  2 0.0166 0.0081 0.1985 0.0820 0.0814 0.0145 0.0186 0.1531 0.3877 0.0234 0.0098 0.0064 
      H532.7  2 0.0180 0.0082 0.1686 0.0110 0.0186 0.0301 0.0318 0.0400 0.6013 0.0463 0.0072 0.0190 
      H532.8  2 0.0233 0.0193 0.1202 0.0151 0.0201 0.0744 0.0836 0.0206 0.5471 0.0253 0.0082 0.0429 
      H543.1  2 0.9175 0.0082 0.0184 0.0077 0.0043 0.0066 0.0083 0.0071 0.0043 0.0065 0.0041 0.0068 
      H543.2  2 0.7756 0.0204 0.0604 0.0100 0.0041 0.0315 0.0168 0.0207 0.0095 0.0118 0.0078 0.0313 
      H543.3  2 0.8937 0.0176 0.0171 0.0059 0.0044 0.0066 0.0132 0.0082 0.0111 0.0100 0.0049 0.0072 
      H543.4  2 0.9277 0.0061 0.0080 0.0074 0.0052 0.0054 0.0043 0.0083 0.0051 0.0056 0.0047 0.0120 
      H543.5  2 0.9226 0.0065 0.0076 0.0070 0.0048 0.0085 0.0065 0.0070 0.0054 0.0061 0.0066 0.0116 
      H543.6  2 0.7529 0.1045 0.0143 0.0197 0.0072 0.0425 0.0207 0.0131 0.0054 0.0055 0.0036 0.0105 
      H543.7  2 0.9490 0.0056 0.0044 0.0049 0.0040 0.0037 0.0056 0.0045 0.0043 0.0039 0.0044 0.0057 
      H543.8  2 0.7730 0.0154 0.0381 0.0095 0.0060 0.0104 0.0899 0.0111 0.0205 0.0076 0.0066 0.0119 
      H543.9  2 0.8745 0.0385 0.0135 0.0059 0.0040 0.0091 0.0117 0.0074 0.0076 0.0104 0.0053 0.0120 
 H545.1_2005  2 0.9609 0.0030 0.0030 0.0047 0.0036 0.0036 0.0040 0.0034 0.0032 0.0041 0.0031 0.0033 
 H545.1_2006  2 0.9362 0.0054 0.0055 0.0042 0.0049 0.0049 0.0054 0.0057 0.0063 0.0066 0.0082 0.0067 
 H545.2_2005  2 0.9133 0.0063 0.0067 0.0093 0.0050 0.0111 0.0084 0.0050 0.0082 0.0102 0.0094 0.0073 
 H545.2_2006  2 0.9467 0.0036 0.0053 0.0043 0.0051 0.0057 0.0062 0.0050 0.0044 0.0057 0.0034 0.0046 
 H545.3_2005  2 0.9140 0.0066 0.0057 0.0086 0.0070 0.0062 0.0088 0.0069 0.0050 0.0120 0.0099 0.0092 
 H545.3_2006  2 0.9446 0.0040 0.0046 0.0043 0.0048 0.0054 0.0052 0.0044 0.0078 0.0044 0.0066 0.0039 
 H545.4_2005  2 0.9215 0.0076 0.0056 0.0108 0.0051 0.0078 0.0062 0.0058 0.0054 0.0068 0.0097 0.0079 
 H545.4_2006  2 0.9356 0.0060 0.0054 0.0061 0.0050 0.0065 0.0044 0.0043 0.0043 0.0059 0.0102 0.0063 
 H545.5_2005  2 0.9330 0.0045 0.0070 0.0050 0.0062 0.0079 0.0059 0.0047 0.0068 0.0058 0.0079 0.0052 
 H545.5_2006  2 0.9265 0.0050 0.0070 0.0078 0.0056 0.0061 0.0084 0.0061 0.0057 0.0098 0.0054 0.0066 
 H545.6_2005  2 0.9564 0.0032 0.0044 0.0041 0.0043 0.0048 0.0048 0.0033 0.0036 0.0045 0.0035 0.0034 
 H545.6_2006  2 0.9426 0.0057 0.0055 0.0057 0.0049 0.0055 0.0047 0.0046 0.0041 0.0062 0.0054 0.0052 
 H545.7_2005  2 0.9476 0.0035 0.0054 0.0054 0.0050 0.0055 0.0069 0.0042 0.0044 0.0046 0.0039 0.0036 
 H545.7_2006  2 0.9223 0.0057 0.0069 0.0061 0.0055 0.0095 0.0082 0.0059 0.0072 0.0061 0.0116 0.0049 
 H545.8_2005  2 0.9080 0.0062 0.0126 0.0090 0.0058 0.0078 0.0078 0.0081 0.0075 0.0117 0.0076 0.0078 
 H545.8_2006  2 0.9443 0.0042 0.0052 0.0049 0.0062 0.0044 0.0059 0.0054 0.0044 0.0065 0.0037 0.0048 
      H545.9  2 0.9322 0.0056 0.0066 0.0078 0.0051 0.0072 0.0057 0.0053 0.0044 0.0092 0.0049 0.0060 
      H547.1  2 0.0075 0.0263 0.8669 0.0100 0.0086 0.0076 0.0155 0.0084 0.0057 0.0215 0.0089 0.0130 
      H547.2  2 0.0088 0.0089 0.7267 0.0095 0.0161 0.0066 0.0221 0.0052 0.0088 0.0059 0.0939 0.0875 
      H547.3  2 0.0179 0.0120 0.3422 0.0380 0.4032 0.0139 0.0259 0.0154 0.0078 0.0504 0.0075 0.0656 
      H547.4  2 0.0094 0.0286 0.6466 0.0187 0.0654 0.0120 0.0433 0.0138 0.0290 0.0356 0.0124 0.0850 
      H547.5  2 0.0052 0.0104 0.7453 0.0064 0.0096 0.0052 0.0086 0.0075 0.0042 0.0099 0.0304 0.1572 
      H547.6  2 0.0180 0.0079 0.8637 0.0202 0.0087 0.0069 0.0205 0.0091 0.0044 0.0087 0.0085 0.0233 
      H547.7  2 0.0169 0.0125 0.6657 0.0446 0.0779 0.0095 0.0487 0.0262 0.0086 0.0550 0.0091 0.0252 
      H547.8  2 0.0100 0.0145 0.8875 0.0122 0.0089 0.0084 0.0107 0.0056 0.0045 0.0147 0.0059 0.0171 
      H548.1  2 0.9204 0.0044 0.0076 0.0098 0.0043 0.0085 0.0144 0.0041 0.0050 0.0073 0.0073 0.0070 
      H548.2  2 0.9190 0.0054 0.0061 0.0091 0.0073 0.0069 0.0090 0.0074 0.0070 0.0089 0.0064 0.0074 
      H548.3  2 0.9157 0.0057 0.0061 0.0134 0.0048 0.0080 0.0152 0.0052 0.0068 0.0058 0.0069 0.0063 
      H548.4  2 0.7267 0.0073 0.0107 0.0468 0.0134 0.0304 0.0704 0.0145 0.0173 0.0138 0.0367 0.0119 
      H548.5  2 0.9283 0.0047 0.0051 0.0058 0.0068 0.0058 0.0109 0.0069 0.0070 0.0041 0.0075 0.0072 
      H548.6  2 0.9199 0.0037 0.0071 0.0089 0.0055 0.0085 0.0100 0.0059 0.0051 0.0107 0.0080 0.0067 
      H548.7  2 0.9157 0.0056 0.0063 0.0105 0.0046 0.0089 0.0166 0.0054 0.0057 0.0064 0.0085 0.0058 
      H548.8  2 0.9079 0.0063 0.0058 0.0078 0.0097 0.0075 0.0100 0.0135 0.0103 0.0082 0.0060 0.0069 
      H548.9  2 0.8405 0.0136 0.0095 0.0183 0.0102 0.0163 0.0266 0.0178 0.0114 0.0182 0.0089 0.0086 
     H7389.1  2 0.0080 0.0094 0.8957 0.0125 0.0084 0.0145 0.0074 0.0101 0.0071 0.0053 0.0056 0.0158 
     H7389.2  2 0.0264 0.0056 0.8649 0.0075 0.0055 0.0070 0.0077 0.0311 0.0113 0.0060 0.0040 0.0232 
     H7389.3  2 0.0112 0.0058 0.9039 0.0045 0.0048 0.0080 0.0074 0.0097 0.0075 0.0055 0.0043 0.0273 
     H7389.4  2 0.0300 0.0256 0.8549 0.0058 0.0071 0.0136 0.0176 0.0107 0.0144 0.0060 0.0093 0.0049 
     H7389.5  2 0.0154 0.0178 0.8172 0.0112 0.0098 0.0267 0.0438 0.0214 0.0140 0.0087 0.0080 0.0059 
     H7389.6  2 0.0046 0.0046 0.7027 0.0044 0.0058 0.1493 0.0488 0.0194 0.0345 0.0083 0.0106 0.0070 
     H7389.7  2 0.0214 0.0043 0.8653 0.0058 0.0046 0.0162 0.0143 0.0072 0.0148 0.0071 0.0075 0.0315 
     H7389.8  2 0.1318 0.0198 0.5548 0.0146 0.0187 0.0482 0.0698 0.0966 0.0122 0.0122 0.0088 0.0124 
     H7389.9  2 0.0189 0.0093 0.8126 0.0065 0.0063 0.0255 0.0447 0.0338 0.0245 0.0069 0.0043 0.0069 
      H747.1  2 0.0098 0.0196 0.0223 0.0084 0.0163 0.7671 0.0123 0.0173 0.0137 0.0406 0.0209 0.0518 
      H747.2  2 0.0061 0.0037 0.0062 0.0059 0.0075 0.9113 0.0098 0.0087 0.0044 0.0150 0.0129 0.0086 
      H747.3  2 0.0092 0.0089 0.0125 0.0120 0.0121 0.8672 0.0115 0.0168 0.0062 0.0243 0.0087 0.0107 
      H747.4  2 0.0059 0.0051 0.0087 0.0106 0.0154 0.8499 0.0104 0.0120 0.0099 0.0298 0.0263 0.0160 
      H747.5  2 0.0053 0.0040 0.0065 0.0079 0.0080 0.8735 0.0249 0.0088 0.0046 0.0308 0.0178 0.0078 
      H747.6  2 0.0102 0.0079 0.0096 0.0078 0.0096 0.8973 0.0103 0.0111 0.0060 0.0078 0.0096 0.0127 
      H747.7  2 0.0082 0.0096 0.0093 0.0097 0.0077 0.8952 0.0086 0.0138 0.0050 0.0164 0.0071 0.0094 
     H7484.1  2 0.0055 0.3484 0.0399 0.0148 0.1169 0.0826 0.0628 0.0114 0.2248 0.0153 0.0653 0.0122 
     H7484.2  2 0.0065 0.2267 0.0108 0.0786 0.1710 0.1337 0.0460 0.0373 0.1176 0.0166 0.1407 0.0145 
     H7484.3  2 0.0133 0.0829 0.0132 0.0580 0.3368 0.0527 0.0707 0.0221 0.1720 0.0219 0.1291 0.0274 
     H7484.4  2 0.0055 0.3842 0.0299 0.0239 0.1506 0.1001 0.0602 0.0171 0.0864 0.0128 0.1176 0.0116 
     H7484.5  2 0.0065 0.0194 0.0161 0.1498 0.0397 0.0757 0.2508 0.0766 0.2846 0.0124 0.0543 0.0141 
     H7484.6  2 0.0089 0.0111 0.0137 0.1195 0.1126 0.2332 0.1084 0.0348 0.0310 0.0566 0.2356 0.0346 
     H7484.7  2 0.0053 0.0770 0.0124 0.2015 0.2529 0.0476 0.1289 0.0146 0.1825 0.0479 0.0228 0.0066 
     H7484.8  2 0.0052 0.0364 0.1084 0.0908 0.0715 0.0886 0.1350 0.0633 0.2452 0.0098 0.1286 0.0172 
     H7485.1  2 0.9038 0.0095 0.0085 0.0131 0.0072 0.0077 0.0099 0.0071 0.0096 0.0064 0.0105 0.0068 
     H7485.2  2 0.8943 0.0211 0.0087 0.0054 0.0049 0.0095 0.0246 0.0113 0.0068 0.0035 0.0054 0.0045 
     H7485.3  2 0.9371 0.0033 0.0057 0.0046 0.0049 0.0073 0.0082 0.0044 0.0051 0.0038 0.0110 0.0048 
     H7485.4  2 0.8738 0.0174 0.0076 0.0083 0.0055 0.0091 0.0426 0.0154 0.0073 0.0036 0.0053 0.0041 
     H7485.5  2 0.8890 0.0096 0.0090 0.0168 0.0113 0.0088 0.0097 0.0068 0.0107 0.0068 0.0122 0.0095 
     H7485.6  2 0.8956 0.0126 0.0069 0.0130 0.0057 0.0081 0.0137 0.0075 0.0164 0.0055 0.0069 0.0081 
     H7485.7  2 0.9137 0.0055 0.0050 0.0111 0.0071 0.0082 0.0058 0.0063 0.0092 0.0061 0.0158 0.0063 
     H7496.1  2 0.0059 0.0105 0.5746 0.0063 0.2606 0.0183 0.0105 0.0189 0.0411 0.0198 0.0169 0.0166 
    H7496.10  2 0.0057 0.0319 0.7901 0.0119 0.0480 0.0158 0.0223 0.0144 0.0232 0.0081 0.0169 0.0118 
    H7496.11  2 0.6835 0.0096 0.0351 0.0064 0.0345 0.0555 0.0335 0.0110 0.0610 0.0253 0.0274 0.0173 
