      H008.1  2 0.0116 0.0196 0.0149 0.0222 0.8508 0.0138 0.0115 0.0084 0.0122 0.0212 0.0139 
      H008.2  2 0.0573 0.0173 0.1073 0.1165 0.0875 0.0392 0.0372 0.1110 0.0109 0.3567 0.0589 
      H008.3  2 0.0252 0.0297 0.0987 0.3242 0.0648 0.0446 0.0773 0.0755 0.0234 0.0885 0.1482 
      H008.4  2 0.0101 0.0382 0.0636 0.0220 0.6843 0.0222 0.0386 0.0775 0.0106 0.0201 0.0128 
      H008.5  2 0.0083 0.0137 0.0256 0.0258 0.8087 0.0126 0.0441 0.0196 0.0086 0.0160 0.0169 
      H008.6  2 0.0208 0.0247 0.0977 0.1117 0.2966 0.0429 0.0490 0.1355 0.0095 0.2017 0.0097 
      H008.7  2 0.0318 0.0498 0.0589 0.0578 0.3825 0.0315 0.0578 0.1630 0.0140 0.0779 0.0749 
      H008.8  2 0.1609 0.0360 0.2830 0.0333 0.1692 0.1734 0.0157 0.0268 0.0130 0.0448 0.0439 
      H008.9  2 0.0432 0.0154 0.0937 0.0628 0.0321 0.1291 0.0290 0.3769 0.0119 0.1851 0.0209 
 H029.1_2002  2 0.0249 0.0207 0.0111 0.0113 0.7830 0.0336 0.0618 0.0280 0.0085 0.0068 0.0103 
 H029.1_2003  2 0.0806 0.0155 0.0169 0.0442 0.1642 0.0194 0.6200 0.0142 0.0056 0.0120 0.0075 
 H029.2_2002  2 0.0185 0.0089 0.0211 0.0275 0.7624 0.0098 0.0551 0.0294 0.0054 0.0154 0.0465 
 H029.2_2003  2 0.1484 0.0094 0.0382 0.1487 0.3829 0.0252 0.1679 0.0419 0.0060 0.0178 0.0138 
 H029.3_2002  2 0.0527 0.0203 0.0364 0.0332 0.5071 0.0142 0.0491 0.1556 0.0090 0.0131 0.1092 
 H029.3_2003  2 0.0425 0.0084 0.0058 0.0131 0.7737 0.0054 0.0991 0.0096 0.0067 0.0250 0.0107 
 H029.4_2002  2 0.0093 0.0110 0.0052 0.0077 0.8927 0.0053 0.0248 0.0157 0.0056 0.0086 0.0142 
 H029.4_2003  2 0.0517 0.0301 0.0149 0.0207 0.2767 0.0192 0.5177 0.0240 0.0056 0.0268 0.0127 
 H029.5_2002  2 0.0074 0.0068 0.0047 0.0072 0.8728 0.0057 0.0603 0.0065 0.0067 0.0073 0.0145 
 H029.5_2003  2 0.0434 0.0086 0.0075 0.0341 0.6544 0.0098 0.2045 0.0123 0.0043 0.0150 0.0061 
 H029.6_2002  2 0.0297 0.0067 0.0102 0.0088 0.7423 0.0055 0.1063 0.0507 0.0058 0.0068 0.0272 
 H029.6_2003  2 0.0294 0.0139 0.0107 0.0649 0.7192 0.0247 0.0740 0.0095 0.0164 0.0260 0.0115 
      H029.7  2 0.0093 0.0072 0.0173 0.0136 0.8672 0.0111 0.0275 0.0173 0.0054 0.0069 0.0174 
      H030.1  2 0.2338 0.0142 0.0149 0.0328 0.0577 0.0215 0.0198 0.0047 0.4720 0.0930 0.0358 
      H030.2  2 0.0155 0.2615 0.0058 0.0114 0.0989 0.0092 0.0204 0.0660 0.3272 0.0191 0.1650 
      H038.1  2 0.0071 0.0091 0.0129 0.0059 0.9108 0.0073 0.0076 0.0204 0.0046 0.0063 0.0079 
      H038.2  2 0.0052 0.0103 0.0043 0.0077 0.9245 0.0059 0.0053 0.0064 0.0160 0.0072 0.0073 
      H038.3  2 0.0107 0.0285 0.0066 0.0066 0.8411 0.0125 0.0052 0.0374 0.0184 0.0229 0.0100 
      H038.4  2 0.0078 0.0124 0.0060 0.0062 0.8791 0.0090 0.0061 0.0353 0.0179 0.0114 0.0086 
      H038.5  2 0.0170 0.0077 0.0041 0.0089 0.8871 0.0063 0.0090 0.0222 0.0112 0.0115 0.0152 
      H038.6  2 0.0090 0.0067 0.0046 0.0114 0.9267 0.0063 0.0062 0.0111 0.0047 0.0078 0.0054 
      H038.7  2 0.0072 0.0119 0.0037 0.0056 0.9281 0.0097 0.0053 0.0091 0.0071 0.0087 0.0036 
      H038.8  2 0.0079 0.0205 0.0051 0.0069 0.8107 0.0089 0.0055 0.0799 0.0309 0.0094 0.0144 
      H041.1  2 0.0126 0.0273 0.0152 0.0141 0.2911 0.0150 0.3261 0.0296 0.0227 0.1150 0.1312 
      H041.2  2 0.0069 0.0132 0.0078 0.0074 0.0897 0.0103 0.8061 0.0160 0.0066 0.0296 0.0064 
      H041.4  2 0.0137 0.0115 0.0176 0.0084 0.2413 0.0149 0.6169 0.0190 0.0095 0.0354 0.0118 
      H041.6  2 0.0072 0.0218 0.0306 0.0086 0.1466 0.0274 0.7074 0.0146 0.0122 0.0128 0.0108 
 H042.1_2002  2 0.0081 0.0439 0.0186 0.0225 0.0086 0.0154 0.8232 0.0151 0.0260 0.0062 0.0124 
 H042.1_2003  2 0.0318 0.0956 0.0259 0.1523 0.1173 0.1298 0.0814 0.1326 0.0478 0.1670 0.0185 
 H042.2_2002  2 0.0221 0.1817 0.0100 0.0128 0.1527 0.0087 0.5390 0.0436 0.0081 0.0075 0.0139 
 H042.2_2003  2 0.0065 0.0150 0.0130 0.0216 0.0820 0.0208 0.8043 0.0067 0.0147 0.0112 0.0042 
 H042.3_2002  2 0.0198 0.3960 0.0118 0.0219 0.0130 0.0107 0.4855 0.0101 0.0104 0.0081 0.0128 
 H042.3_2003  2 0.0155 0.5046 0.0145 0.0567 0.0416 0.0226 0.2400 0.0282 0.0183 0.0186 0.0396 
 H042.4_2002  2 0.0164 0.0076 0.0100 0.0130 0.0214 0.0126 0.8596 0.0196 0.0194 0.0068 0.0135 
 H042.4_2003  2 0.0282 0.0086 0.0318 0.0135 0.1269 0.0528 0.6598 0.0104 0.0177 0.0108 0.0396 
      H042.5  2 0.0079 0.0056 0.0124 0.0092 0.0071 0.0077 0.9271 0.0028 0.0067 0.0072 0.0063 
      H042.6  2 0.0510 0.0370 0.1238 0.0156 0.0359 0.0184 0.6687 0.0135 0.0102 0.0058 0.0200 
      H042.7  2 0.0136 0.0903 0.0219 0.0171 0.0307 0.0204 0.7688 0.0064 0.0133 0.0083 0.0093 
      H042.8  2 0.0073 0.0280 0.0173 0.0127 0.0116 0.0087 0.8753 0.0190 0.0057 0.0090 0.0056 
   H042_2002  2 0.0263 0.2011 0.1910 0.0454 0.1216 0.1046 0.2157 0.0506 0.0124 0.0242 0.0072 
   H042_2003  2 0.0198 0.2036 0.1822 0.0531 0.1312 0.0910 0.2258 0.0470 0.0133 0.0262 0.0068 
      H043.1  2 0.1652 0.0363 0.0636 0.0245 0.0447 0.0367 0.0080 0.2915 0.0151 0.2900 0.0242 
      H043.2  2 0.0248 0.0094 0.5046 0.0125 0.0521 0.0368 0.0071 0.3275 0.0064 0.0143 0.0045 
      H043.3  2 0.0380 0.1137 0.0626 0.0184 0.6008 0.0652 0.0101 0.0525 0.0074 0.0256 0.0056 
      H043.4  2 0.0314 0.0534 0.4606 0.0130 0.1109 0.0656 0.0077 0.2086 0.0087 0.0327 0.0074 
      H043.5  2 0.0441 0.0710 0.0397 0.0144 0.2391 0.0354 0.0121 0.4758 0.0073 0.0535 0.0076 
      H043.6  2 0.0328 0.0508 0.0377 0.0146 0.4709 0.0407 0.0160 0.3121 0.0096 0.0088 0.0061 
      H043.7  2 0.0383 0.0437 0.3013 0.0076 0.0825 0.2757 0.0069 0.1694 0.0124 0.0569 0.0053 
      H043.8  2 0.4469 0.0949 0.0978 0.0096 0.0470 0.0640 0.0062 0.0508 0.0243 0.1432 0.0153 
      H043.9  2 0.3220 0.0419 0.0625 0.0114 0.2383 0.0338 0.0122 0.1462 0.0112 0.0939 0.0265 
      H047.1  2 0.0059 0.0319 0.0128 0.0209 0.5073 0.0243 0.0073 0.0069 0.0066 0.3715 0.0046 
      H047.2  2 0.0633 0.0107 0.0162 0.0413 0.3576 0.0236 0.0142 0.0071 0.0205 0.4122 0.0331 
      H047.3  2 0.1049 0.0208 0.0340 0.0889 0.2645 0.0181 0.0309 0.0073 0.0195 0.3730 0.0381 
      H047.4  2 0.0227 0.0231 0.0139 0.0156 0.5093 0.0390 0.0677 0.0054 0.0189 0.2760 0.0084 
      H047.5  2 0.0224 0.0675 0.0894 0.0608 0.3238 0.0202 0.0184 0.0046 0.0224 0.3621 0.0084 
      H047.6  2 0.0249 0.0173 0.0157 0.0108 0.0722 0.0140 0.0793 0.0077 0.0086 0.7399 0.0095 
      H047.7  2 0.0038 0.0754 0.0089 0.0154 0.5158 0.0165 0.0198 0.0115 0.0132 0.3086 0.0110 
      H047.8  2 0.0186 0.0297 0.0192 0.0484 0.1656 0.0194 0.0732 0.0072 0.0089 0.6002 0.0095 
      H047.9  2 0.0081 0.0799 0.0943 0.0806 0.4969 0.0171 0.0217 0.0051 0.0412 0.1468 0.0083 
 H071.1_2002  2 0.0063 0.0092 0.0083 0.0085 0.9317 0.0069 0.0048 0.0071 0.0062 0.0059 0.0050 
 H071.1_2003  2 0.0112 0.0137 0.0893 0.0130 0.7872 0.0262 0.0143 0.0103 0.0170 0.0131 0.0047 
     H071.10  2 0.0107 0.0269 0.0055 0.0045 0.9029 0.0052 0.0051 0.0097 0.0145 0.0045 0.0105 
 H071.2_2002  2 0.0082 0.0118 0.0171 0.0081 0.9085 0.0125 0.0065 0.0074 0.0061 0.0086 0.0049 
 H071.2_2003  2 0.0044 0.0052 0.0061 0.0054 0.9515 0.0059 0.0052 0.0039 0.0040 0.0042 0.0043 
      H071.3  2 0.0067 0.0204 0.0056 0.0060 0.9036 0.0056 0.0056 0.0094 0.0092 0.0208 0.0070 
 H071.4_2002  2 0.0148 0.0161 0.0105 0.0056 0.8729 0.0090 0.0071 0.0236 0.0228 0.0073 0.0103 
 H071.4_2003  2 0.0058 0.0082 0.0061 0.0057 0.9420 0.0051 0.0043 0.0033 0.0077 0.0072 0.0044 
 H071.5_2002  2 0.0068 0.0093 0.0062 0.0041 0.9376 0.0056 0.0050 0.0047 0.0095 0.0043 0.0068 
 H071.5_2003  2 0.0097 0.0141 0.0097 0.0080 0.9031 0.0139 0.0064 0.0040 0.0121 0.0150 0.0041 
 H071.6_2002  2 0.0129 0.0275 0.0090 0.0065 0.9041 0.0074 0.0056 0.0069 0.0075 0.0073 0.0053 
 H071.6_2003  2 0.0057 0.0134 0.0079 0.0060 0.9287 0.0074 0.0047 0.0040 0.0092 0.0082 0.0050 
 H071.7_2002  2 0.0053 0.0126 0.0089 0.0053 0.9392 0.0068 0.0044 0.0050 0.0042 0.0049 0.0033 
 H071.7_2003  2 0.0082 0.0113 0.0077 0.0069 0.9109 0.0096 0.0059 0.0046 0.0223 0.0074 0.0052 
      H071.8  2 0.0087 0.0074 0.0121 0.0070 0.9236 0.0088 0.0082 0.0078 0.0048 0.0070 0.0047 
      H071.9  2 0.0581 0.0298 0.0163 0.0085 0.7759 0.0142 0.0200 0.0182 0.0135 0.0350 0.0105 
 H081.1_2002  2 0.0059 0.0072 0.0182 0.0057 0.9231 0.0086 0.0086 0.0046 0.0076 0.0046 0.0061 
 H081.1_2003  2 0.1141 0.0407 0.0375 0.0406 0.0720 0.1422 0.0895 0.3890 0.0298 0.0215 0.0230 
 H081.2_2002  2 0.0071 0.0055 0.0703 0.0060 0.8674 0.0102 0.0091 0.0051 0.0077 0.0061 0.0054 
 H081.2_2003  2 0.2692 0.0234 0.2289 0.0161 0.0717 0.0316 0.0192 0.0136 0.0380 0.2075 0.0808 
 H081.3_2002  2 0.0091 0.0071 0.0325 0.0055 0.8841 0.0148 0.0084 0.0082 0.0079 0.0160 0.0063 
 H081.3_2003  2 0.4100 0.0227 0.2574 0.0266 0.0281 0.0712 0.0247 0.0236 0.0642 0.0519 0.0197 
 H081.4_2002  2 0.0075 0.0117 0.0056 0.0067 0.9284 0.0052 0.0074 0.0046 0.0085 0.0074 0.0069 
 H081.4_2003  2 0.3846 0.0247 0.0611 0.0346 0.0419 0.1657 0.0741 0.0275 0.1508 0.0133 0.0217 
 H081.5_2002  2 0.0100 0.0079 0.0119 0.0057 0.9169 0.0135 0.0082 0.0051 0.0068 0.0082 0.0056 
 H081.5_2003  2 0.2103 0.0405 0.1763 0.0272 0.1006 0.2085 0.0685 0.0607 0.0638 0.0238 0.0197 
      H081.6  2 0.0053 0.0115 0.0123 0.0077 0.9272 0.0076 0.0059 0.0055 0.0085 0.0041 0.0045 
      H081.7  2 0.0092 0.0080 0.0544 0.0045 0.8744 0.0096 0.0080 0.0053 0.0122 0.0065 0.0079 
      H081.8  2 0.0194 0.0182 0.0160 0.0079 0.8414 0.0132 0.0120 0.0170 0.0232 0.0108 0.0210 
      H083.1  2 0.0131 0.0140 0.0081 0.0106 0.8729 0.0058 0.0142 0.0110 0.0059 0.0089 0.0355 
      H083.2  2 0.0254 0.0158 0.0168 0.0084 0.8381 0.0155 0.0073 0.0101 0.0157 0.0182 0.0287 
      H083.4  2 0.0253 0.0217 0.0163 0.0083 0.7288 0.0105 0.0083 0.0159 0.0159 0.0104 0.1386 
      H083.5  2 0.0108 0.0091 0.0141 0.0090 0.7869 0.0068 0.0312 0.0246 0.0072 0.0128 0.0873 
      H083.6  2 0.0258 0.0108 0.0124 0.0152 0.7170 0.0075 0.0144 0.0112 0.0116 0.0070 0.1671 
      H083.7  2 0.0159 0.0083 0.0138 0.0109 0.5868 0.0088 0.0094 0.0109 0.0204 0.0112 0.3037 
      H083.8  2 0.0172 0.0115 0.0178 0.0137 0.8422 0.0112 0.0101 0.0093 0.0117 0.0278 0.0275 
      H083.9  2 0.0094 0.0092 0.0080 0.0084 0.7598 0.0057 0.0268 0.0097 0.0079 0.0099 0.1453 
      H084.1  2 0.2692 0.0136 0.0118 0.0144 0.0196 0.0146 0.0408 0.1498 0.0409 0.4051 0.0202 
      H084.2  2 0.6402 0.0198 0.0060 0.0189 0.0211 0.0200 0.0127 0.0991 0.0198 0.1305 0.0119 
      H084.3  2 0.0484 0.0447 0.0092 0.0267 0.0110 0.0252 0.1140 0.4159 0.2555 0.0286 0.0208 
      H084.4  2 0.1259 0.0395 0.0070 0.0204 0.0120 0.0584 0.1205 0.3377 0.0458 0.2151 0.0178 
      H084.5  2 0.0643 0.1649 0.0130 0.0185 0.0155 0.0153 0.0353 0.1417 0.0341 0.4852 0.0121 
      H084.6  2 0.0540 0.0405 0.0130 0.0105 0.0097 0.0126 0.0392 0.2858 0.2931 0.1588 0.0829 
      H084.7  2 0.5021 0.0175 0.0086 0.0147 0.0181 0.0121 0.0277 0.0250 0.0298 0.3301 0.0143 
      H084.8  2 0.0242 0.0163 0.0084 0.0104 0.0058 0.0072 0.0528 0.2226 0.0454 0.5889 0.0179 
 H085.1_2002  2 0.0103 0.0089 0.9017 0.0050 0.0142 0.0097 0.0098 0.0125 0.0083 0.0055 0.0140 
 H085.1_2003  2 0.0247 0.0101 0.0975 0.0092 0.6585 0.0162 0.0309 0.0170 0.0255 0.0197 0.0907 
 H085.2_2002  2 0.0526 0.0213 0.5652 0.0075 0.0273 0.0791 0.0241 0.0798 0.0334 0.0068 0.1029 
 H085.2_2003  2 0.0344 0.0111 0.0263 0.0217 0.7651 0.0190 0.0183 0.0148 0.0106 0.0264 0.0522 
 H085.3_2002  2 0.0086 0.0082 0.8925 0.0067 0.0109 0.0179 0.0179 0.0045 0.0099 0.0063 0.0166 
 H085.3_2003  2 0.0100 0.0177 0.0252 0.0143 0.8538 0.0225 0.0110 0.0057 0.0210 0.0092 0.0096 
 H085.4_2002  2 0.0178 0.0204 0.7485 0.0106 0.0538 0.0261 0.0258 0.0448 0.0213 0.0083 0.0226 
 H085.4_2003  2 0.0130 0.0299 0.0123 0.0130 0.8111 0.0205 0.0460 0.0066 0.0276 0.0108 0.0091 
 H085.5_2002  2 0.0062 0.0059 0.9218 0.0069 0.0156 0.0113 0.0096 0.0053 0.0075 0.0046 0.0054 
 H085.5_2003  2 0.0083 0.0087 0.0256 0.0147 0.8420 0.0084 0.0094 0.0064 0.0128 0.0095 0.0542 
 H085.6_2002  2 0.0109 0.0061 0.9198 0.0044 0.0077 0.0096 0.0093 0.0097 0.0056 0.0075 0.0093 
 H085.6_2003  2 0.0301 0.0285 0.0654 0.0243 0.3391 0.2884 0.1022 0.0087 0.0610 0.0444 0.0078 
 H085.7_2002  2 0.0224 0.0089 0.7683 0.0074 0.0332 0.0475 0.0213 0.0137 0.0169 0.0135 0.0469 
 H085.7_2003  2 0.0074 0.0214 0.0194 0.0156 0.8414 0.0194 0.0154 0.0099 0.0234 0.0118 0.0149 
 H085.8_2002  2 0.0516 0.0276 0.4714 0.0082 0.0434 0.2674 0.0297 0.0189 0.0565 0.0088 0.0166 
 H085.8_2003  2 0.0510 0.0299 0.0554 0.0156 0.3799 0.0402 0.1047 0.0216 0.0504 0.0413 0.2101 
      H085.9  2 0.0131 0.0137 0.8086 0.0079 0.0603 0.0146 0.0141 0.0305 0.0167 0.0056 0.0149 
      H088.1  2 0.0289 0.0058 0.0151 0.0152 0.0102 0.0129 0.8749 0.0074 0.0104 0.0095 0.0097 
      H088.2  2 0.0221 0.0140 0.0205 0.0080 0.0067 0.0094 0.8840 0.0089 0.0091 0.0084 0.0088 
      H088.3  2 0.0145 0.0103 0.0125 0.0083 0.0055 0.0096 0.9087 0.0070 0.0046 0.0118 0.0072 
      H088.4  2 0.0202 0.0076 0.0061 0.0158 0.0171 0.0141 0.8893 0.0087 0.0067 0.0099 0.0045 
      H088.5  2 0.0096 0.0047 0.0059 0.0074 0.0048 0.0062 0.9391 0.0048 0.0056 0.0071 0.0049 
      H088.6  2 0.0154 0.0063 0.0075 0.0127 0.0093 0.0073 0.9068 0.0054 0.0075 0.0140 0.0078 
      H088.7  2 0.0188 0.0135 0.0134 0.0111 0.0353 0.0085 0.8412 0.0095 0.0065 0.0307 0.0116 
      H088.8  2 0.0172 0.0085 0.0081 0.0196 0.0599 0.0121 0.8214 0.0086 0.0103 0.0248 0.0096 
      H091.1  2 0.0188 0.0702 0.0172 0.0127 0.0329 0.0077 0.7635 0.0058 0.0109 0.0083 0.0519 
      H091.2  2 0.0187 0.0680 0.0189 0.0139 0.0317 0.0075 0.7008 0.0049 0.0173 0.0141 0.1042 
      H109.1  2 0.0339 0.0121 0.0227 0.0126 0.0158 0.0081 0.0103 0.0218 0.0127 0.8125 0.0375 
      H109.2  2 0.0398 0.0301 0.0126 0.0100 0.0401 0.0380 0.0232 0.0157 0.0554 0.7188 0.0163 
      H109.3  2 0.0192 0.0115 0.0057 0.0168 0.0114 0.0105 0.0170 0.0090 0.0123 0.8789 0.0077 
      H109.4  2 0.0430 0.0143 0.0075 0.0172 0.0170 0.0213 0.0227 0.0237 0.0175 0.8031 0.0127 
      H109.5  2 0.0126 0.0152 0.0074 0.0126 0.1510 0.0110 0.4842 0.0046 0.0092 0.2857 0.0066 
      H109.6  2 0.0391 0.0106 0.0148 0.0123 0.0179 0.0275 0.0205 0.0137 0.0518 0.7800 0.0119 
      H126.1  2 0.0499 0.2162 0.3176 0.1464 0.0118 0.1673 0.0441 0.0130 0.0098 0.0163 0.0077 
      H126.2  2 0.0176 0.0587 0.4615 0.0665 0.1003 0.0915 0.0153 0.0434 0.0165 0.1130 0.0156 
      H126.3  2 0.0250 0.3666 0.3956 0.0090 0.0498 0.0122 0.0960 0.0094 0.0049 0.0076 0.0240 
      H126.4  2 0.0287 0.1508 0.0758 0.2096 0.0495 0.3479 0.0337 0.0259 0.0176 0.0353 0.0252 
      H126.5  2 0.0236 0.4112 0.0945 0.0690 0.1446 0.2077 0.0086 0.0068 0.0129 0.0090 0.0122 
      H126.6  2 0.0068 0.1093 0.6159 0.0097 0.2050 0.0086 0.0109 0.0053 0.0041 0.0140 0.0106 
      H126.7  2 0.0131 0.0186 0.0223 0.0161 0.8787 0.0101 0.0108 0.0033 0.0084 0.0082 0.0105 
      H130.1  2 0.1751 0.0067 0.0471 0.0546 0.0085 0.6230 0.0314 0.0073 0.0109 0.0203 0.0151 
      H130.2  2 0.7420 0.0061 0.0223 0.0157 0.0262 0.0396 0.0105 0.0082 0.0746 0.0277 0.0271 
      H130.3  2 0.7907 0.0067 0.0086 0.1059 0.0130 0.0207 0.0128 0.0046 0.0173 0.0155 0.0042 
      H130.4  2 0.4918 0.0079 0.0694 0.0827 0.0078 0.2093 0.0208 0.0273 0.0453 0.0161 0.0216 
      H130.5  2 0.6515 0.0073 0.0302 0.0106 0.0340 0.1001 0.0209 0.0067 0.1087 0.0104 0.0195 
      H133.1  2 0.5089 0.0163 0.0250 0.0663 0.0436 0.0788 0.0345 0.1089 0.0169 0.0843 0.0166 
      H133.2  2 0.2172 0.0210 0.0979 0.0190 0.0232 0.0617 0.0406 0.0146 0.0127 0.4851 0.0070 
      H133.3  2 0.1788 0.0365 0.0954 0.0571 0.1401 0.0347 0.2333 0.1296 0.0241 0.0577 0.0126 
      H133.4  2 0.3174 0.0120 0.0192 0.0189 0.0242 0.0180 0.0114 0.0685 0.0087 0.4925 0.0092 
      H133.5  2 0.8670 0.0098 0.0353 0.0170 0.0080 0.0131 0.0098 0.0093 0.0053 0.0186 0.0068 
      H133.6  2 0.7616 0.0102 0.0603 0.0142 0.0143 0.0488 0.0372 0.0075 0.0111 0.0206 0.0142 
      H133.7  2 0.1113 0.0486 0.0468 0.0355 0.0743 0.0537 0.0570 0.1518 0.0586 0.3526 0.0098 
      H133.8  2 0.3432 0.0833 0.1254 0.0437 0.0213 0.0324 0.0164 0.1091 0.0073 0.2024 0.0156 
      H133.9  2 0.4683 0.0177 0.0141 0.1425 0.0307 0.0800 0.0408 0.1054 0.0154 0.0532 0.0319 
      H147.1  2 0.0142 0.0298 0.0687 0.0056 0.5810 0.0389 0.1156 0.0234 0.0396 0.0430 0.0403 
      H147.2  2 0.0125 0.0083 0.0100 0.0051 0.9117 0.0159 0.0084 0.0054 0.0104 0.0061 0.0062 
      H147.3  2 0.0081 0.0078 0.0192 0.0070 0.9060 0.0121 0.0074 0.0053 0.0117 0.0078 0.0076 
      H147.4  2 0.0046 0.0072 0.0095 0.0052 0.9071 0.0065 0.0087 0.0183 0.0113 0.0092 0.0124 
      H147.5  2 0.0221 0.0102 0.0177 0.0268 0.7375 0.0190 0.0970 0.0067 0.0291 0.0192 0.0146 
      H147.6  2 0.0313 0.0120 0.0153 0.0179 0.7069 0.0126 0.1021 0.0074 0.0225 0.0455 0.0264 
      H147.7  2 0.0052 0.0133 0.0114 0.0076 0.8582 0.0093 0.0121 0.0209 0.0232 0.0187 0.0201 
      H147.8  2 0.0126 0.0129 0.0126 0.0083 0.8255 0.0043 0.0354 0.0351 0.0076 0.0237 0.0220 
      H147.9  2 0.0074 0.0079 0.0107 0.0069 0.9168 0.0142 0.0060 0.0063 0.0095 0.0078 0.0065 
      H148.1  2 0.1544 0.0765 0.0203 0.0102 0.0123 0.5221 0.0308 0.0514 0.0623 0.0334 0.0264 
      H148.2  2 0.1794 0.0658 0.0544 0.0148 0.0280 0.1665 0.0747 0.1315 0.2255 0.0406 0.0188 
      H148.3  2 0.0192 0.0540 0.0134 0.0130 0.0157 0.0260 0.0930 0.1232 0.6077 0.0263 0.0086 
      H148.4  2 0.1671 0.0798 0.0268 0.0181 0.0203 0.4530 0.0638 0.0766 0.0657 0.0173 0.0115 
      H148.5  2 0.0362 0.0350 0.0149 0.0193 0.0107 0.0276 0.1738 0.0591 0.5984 0.0141 0.0109 
      H148.6  2 0.0586 0.0315 0.0244 0.0096 0.0173 0.1418 0.1200 0.2268 0.2965 0.0190 0.0544 
      H148.7  2 0.2549 0.0485 0.0099 0.0522 0.0109 0.0746 0.2374 0.0721 0.1685 0.0548 0.0160 
      H148.8  2 0.0732 0.0188 0.0160 0.0175 0.0122 0.1340 0.2348 0.0565 0.4196 0.0085 0.0088 
      H148.9  2 0.0585 0.2266 0.0957 0.0353 0.0089 0.0457 0.0218 0.2765 0.1457 0.0593 0.0260 
   H166022.1  2 0.0141 0.0099 0.0161 0.0050 0.0109 0.0101 0.8317 0.0084 0.0072 0.0103 0.0763 
   H166022.2  2 0.1182 0.0272 0.0169 0.0254 0.0997 0.0244 0.4341 0.0171 0.0239 0.0656 0.1475 
   H166022.3  2 0.1464 0.0068 0.0074 0.0156 0.0069 0.0123 0.4612 0.0069 0.0262 0.0169 0.2933 
   H166022.4  2 0.0676 0.0100 0.0071 0.0135 0.0102 0.0144 0.7804 0.0059 0.0135 0.0072 0.0701 
   H166022.5  2 0.1693 0.0090 0.0068 0.0124 0.0152 0.0165 0.6528 0.0065 0.0178 0.0125 0.0811 
   H166022.6  2 0.0364 0.0075 0.0089 0.0170 0.0102 0.0511 0.6998 0.0169 0.0168 0.0344 0.1008 
   H166022.7  2 0.8848 0.0063 0.0070 0.0131 0.0112 0.0110 0.0062 0.0183 0.0065 0.0292 0.0065 
   H166022.8  2 0.1162 0.0162 0.0458 0.0246 0.0425 0.2106 0.1394 0.0122 0.0326 0.0304 0.3296 
   H167397.1  2 0.0114 0.0252 0.0066 0.0095 0.0453 0.0212 0.2986 0.5273 0.0229 0.0238 0.0083 
   H167397.2  2 0.0303 0.0248 0.0877 0.0101 0.0523 0.0666 0.0117 0.6082 0.0188 0.0118 0.0776 
   H167397.3  2 0.0094 0.0669 0.0097 0.0136 0.0857 0.0281 0.0875 0.6388 0.0151 0.0246 0.0205 
   H167397.4  2 0.0269 0.0158 0.0302 0.0108 0.0491 0.0074 0.0300 0.7429 0.0254 0.0325 0.0289 
   H167397.5  2 0.0527 0.0225 0.0102 0.0158 0.0384 0.0578 0.0404 0.6695 0.0545 0.0170 0.0212 
   H167397.6  2 0.0082 0.1240 0.0159 0.0185 0.0616 0.0208 0.0766 0.6346 0.0104 0.0150 0.0143 
   H167496.1  2 0.0611 0.0142 0.0072 0.0114 0.0114 0.0236 0.8012 0.0062 0.0294 0.0152 0.0191 
   H167496.2  2 0.1063 0.0962 0.0236 0.0257 0.1377 0.1443 0.1492 0.0149 0.1187 0.1748 0.0087 
   H167496.3  2 0.0488 0.0139 0.2135 0.0504 0.0566 0.0613 0.3608 0.0107 0.0922 0.0159 0.0758 
   H167496.4  2 0.0192 0.0142 0.0162 0.0117 0.0319 0.0101 0.8602 0.0059 0.0072 0.0091 0.0143 
   H167496.6  2 0.0595 0.0248 0.0129 0.0224 0.0819 0.1037 0.6537 0.0075 0.0079 0.0143 0.0114 
   H167496.7  2 0.0499 0.1138 0.0115 0.0322 0.0234 0.4421 0.0684 0.0075 0.1367 0.0736 0.0409 
   H167496.8  2 0.0311 0.0471 0.0165 0.0132 0.1055 0.0746 0.6560 0.0078 0.0094 0.0249 0.0139 
   H167513.1  2 0.0169 0.0083 0.0104 0.0095 0.0087 0.0131 0.0078 0.0089 0.0075 0.8937 0.0151 
   H167513.2  2 0.0084 0.0091 0.0095 0.0094 0.0077 0.0150 0.0493 0.0209 0.0133 0.8502 0.0073 
   H167513.3  2 0.0190 0.0110 0.0098 0.0194 0.0083 0.0093 0.0072 0.0082 0.0116 0.8798 0.0163 
   H167513.4  2 0.1306 0.0100 0.0148 0.0155 0.0103 0.0166 0.0331 0.0105 0.0333 0.6218 0.1035 
   H167513.5  2 0.0068 0.0072 0.0126 0.0048 0.0056 0.0124 0.0218 0.0165 0.0082 0.8956 0.0086 
   H167513.6  2 0.0119 0.0124 0.0181 0.0090 0.0125 0.0154 0.0145 0.0099 0.0128 0.8664 0.0172 
   H167513.7  2 0.0183 0.0084 0.0168 0.0088 0.0158 0.0076 0.0075 0.0247 0.0087 0.7852 0.0983 
   H167513.8  2 0.0099 0.0062 0.0050 0.0088 0.0078 0.0059 0.0039 0.0127 0.0064 0.9273 0.0061 
   H167547.1  2 0.0201 0.0197 0.0104 0.0321 0.0130 0.2732 0.2122 0.0473 0.2910 0.0292 0.0517 
   H167547.2  2 0.0095 0.0406 0.0092 0.0200 0.0155 0.0588 0.5307 0.0301 0.2036 0.0504 0.0316 
   H167547.3  2 0.0092 0.0368 0.0097 0.0206 0.0178 0.0560 0.5232 0.0340 0.2079 0.0510 0.0338 
   H167547.4  2 0.0362 0.0130 0.0288 0.0728 0.0104 0.1623 0.2484 0.0410 0.0480 0.0364 0.3027 
   H167547.5  2 0.0064 0.0071 0.0087 0.0157 0.0073 0.0096 0.8860 0.0093 0.0258 0.0127 0.0114 
   H167547.6  2 0.0063 0.0099 0.0078 0.0127 0.0078 0.0087 0.8860 0.0087 0.0320 0.0103 0.0099 
   H167547.7  2 0.0556 0.0280 0.1726 0.0626 0.0299 0.0897 0.0535 0.0211 0.1920 0.2668 0.0282 
   H169750.1  2 0.4140 0.0302 0.0237 0.0760 0.0244 0.1717 0.0692 0.0154 0.0369 0.0863 0.0522 
   H169750.2  2 0.1426 0.0672 0.0257 0.0742 0.2698 0.0699 0.0570 0.0534 0.0300 0.2006 0.0095 
   H169750.3  2 0.2788 0.0163 0.0362 0.0505 0.0323 0.0298 0.0571 0.0050 0.0570 0.4255 0.0114 
   H169750.4  2 0.2212 0.0505 0.0396 0.1778 0.0268 0.1098 0.1730 0.1190 0.0125 0.0633 0.0065 
   H169750.5  2 0.5258 0.0203 0.0200 0.0286 0.0551 0.0345 0.0401 0.0155 0.0118 0.2097 0.0387 
   H169750.6  2 0.3237 0.0136 0.0208 0.0306 0.4289 0.0340 0.0329 0.0109 0.0202 0.0708 0.0137 
   H169750.7  2 0.1988 0.0954 0.0862 0.0980 0.0480 0.0572 0.0389 0.0361 0.0472 0.2823 0.0119 
   H171929.1  2 0.0065 0.0085 0.1020 0.0113 0.0125 0.0189 0.0549 0.1892 0.0105 0.5751 0.0106 
  H171929.10  2 0.0123 0.0104 0.0945 0.0122 0.0403 0.0200 0.0996 0.0723 0.0433 0.5636 0.0315 
  H171929.11  2 0.0078 0.0100 0.0497 0.0182 0.0104 0.0129 0.0337 0.0949 0.0171 0.7365 0.0087 
   H171929.2  2 0.0130 0.0065 0.0147 0.0122 0.0086 0.0146 0.0162 0.0106 0.0395 0.8505 0.0136 
   H171929.3  2 0.0062 0.0071 0.0080 0.0094 0.0126 0.0072 0.0321 0.0174 0.0140 0.8694 0.0165 
   H171929.4  2 0.0373 0.0063 0.0886 0.0488 0.0281 0.0461 0.0468 0.0063 0.0756 0.5688 0.0473 
   H171929.5  2 0.0197 0.0115 0.0097 0.0107 0.0109 0.0102 0.0087 0.0235 0.0157 0.8710 0.0085 
   H171929.6  2 0.0084 0.0103 0.0085 0.0092 0.0059 0.0094 0.0060 0.0175 0.0108 0.9038 0.0101 
   H171929.7  2 0.0108 0.0069 0.0998 0.0169 0.0124 0.0407 0.0198 0.0083 0.0151 0.7555 0.0137 
   H171929.8  2 0.0117 0.0054 0.1565 0.0152 0.0108 0.0397 0.0222 0.0093 0.0431 0.6720 0.0141 
   H171929.9  2 0.0179 0.0073 0.1617 0.0124 0.0187 0.0372 0.0100 0.0045 0.0201 0.6927 0.0175 
   H171930.1  2 0.0219 0.0167 0.0031 0.0442 0.0083 0.0077 0.0284 0.0079 0.0102 0.8477 0.0041 
   H171930.2  2 0.2555 0.0279 0.0153 0.0508 0.0401 0.0282 0.2856 0.0113 0.1094 0.1544 0.0216 
   H171930.3  2 0.0616 0.0461 0.0077 0.0551 0.0104 0.0089 0.0558 0.0265 0.0270 0.6925 0.0085 
   H171930.4  2 0.2698 0.0886 0.0064 0.0776 0.0162 0.0111 0.1682 0.0171 0.0690 0.2457 0.0304 
   H171930.5  2 0.0804 0.0655 0.0227 0.0711 0.0511 0.0314 0.0515 0.0298 0.1067 0.4693 0.0207 
   H171930.6  2 0.0488 0.3329 0.0071 0.0829 0.1314 0.0148 0.0518 0.0125 0.1249 0.1768 0.0160 
   H171930.7  2 0.0164 0.0118 0.0083 0.0146 0.0079 0.0070 0.0087 0.0234 0.0091 0.8841 0.0088 
   H171930.8  2 0.0166 0.0071 0.0048 0.0081 0.0080 0.0151 0.0183 0.0097 0.0085 0.8990 0.0049 
   H171933.1  2 0.0091 0.0130 0.0144 0.0087 0.0102 0.0119 0.0205 0.0298 0.0145 0.0080 0.8598 
   H171933.2  2 0.0251 0.0256 0.0439 0.0102 0.0182 0.0193 0.0991 0.0560 0.0164 0.0077 0.6784 
   H171933.3  2 0.0097 0.0226 0.0431 0.0163 0.0075 0.0218 0.0949 0.0176 0.0951 0.0100 0.6615 
   H171933.4  2 0.0160 0.0070 0.0198 0.0247 0.0084 0.0179 0.0219 0.0054 0.0758 0.0222 0.7810 
   H171933.5  2 0.0652 0.0143 0.0169 0.1865 0.0075 0.1060 0.0364 0.0112 0.2717 0.0769 0.2074 
   H171933.6  2 0.0352 0.0124 0.0120 0.0119 0.0207 0.0108 0.0440 0.0063 0.0096 0.0068 0.8303 
   H171933.7  2 0.0134 0.0993 0.0603 0.0234 0.0157 0.0187 0.0159 0.0206 0.0906 0.0128 0.6293 
   H171933.8  2 0.0157 0.0315 0.0383 0.0110 0.0203 0.0211 0.0150 0.0373 0.0646 0.0326 0.7126 
   H171933.9  2 0.0091 0.0067 0.0068 0.0184 0.0075 0.0084 0.0066 0.0033 0.0220 0.0075 0.9037 
      H190.1  2 0.0679 0.0230 0.0130 0.1255 0.0249 0.0417 0.0199 0.0061 0.6185 0.0288 0.0305 
      H190.2  2 0.0107 0.5025 0.0572 0.0131 0.0570 0.0607 0.1853 0.0096 0.0790 0.0182 0.0065 
      H190.3  2 0.0319 0.0698 0.0477 0.0340 0.0378 0.1115 0.5001 0.0252 0.0862 0.0321 0.0238 
      H190.4  2 0.0468 0.0053 0.0148 0.0531 0.0091 0.0194 0.0400 0.0073 0.7534 0.0157 0.0351 
      H190.5  2 0.0346 0.6602 0.0654 0.0180 0.0665 0.0450 0.0435 0.0061 0.0209 0.0198 0.0200 
      H190.6  2 0.0161 0.0060 0.0091 0.0309 0.0085 0.0158 0.0748 0.0086 0.8110 0.0088 0.0103 
      H190.7  2 0.0097 0.0102 0.1715 0.0256 0.0146 0.0659 0.6258 0.0091 0.0489 0.0108 0.0078 
      H190.8  2 0.0489 0.3740 0.1020 0.0490 0.0364 0.1312 0.0264 0.0058 0.1854 0.0255 0.0153 
      H190.9  2 0.0316 0.1016 0.1598 0.0343 0.0274 0.1873 0.1536 0.0177 0.2208 0.0540 0.0121 
      H400.1  2 0.0449 0.0452 0.0197 0.0409 0.0192 0.0334 0.4776 0.0183 0.0119 0.0145 0.2745 
      H400.2  2 0.0478 0.0679 0.0174 0.0092 0.0254 0.0118 0.4137 0.0185 0.0124 0.0280 0.3478 
      H400.3  2 0.2544 0.0982 0.0192 0.0322 0.0175 0.0356 0.1948 0.0141 0.0192 0.0166 0.2983 
      H400.4  2 0.0346 0.0305 0.0301 0.0153 0.0220 0.0091 0.6967 0.0069 0.0217 0.0833 0.0497 
      H400.5  2 0.1266 0.0581 0.0146 0.0470 0.0149 0.0153 0.0656 0.0132 0.0812 0.0231 0.5405 
      H400.6  2 0.0124 0.0519 0.1677 0.0097 0.0102 0.0131 0.6018 0.0045 0.0102 0.0122 0.1062 
      H400.7  2 0.0139 0.0230 0.0132 0.0179 0.0072 0.0180 0.4529 0.0054 0.0607 0.0116 0.3761 
 H428.1_2005  2 0.0051 0.0043 0.0054 0.0052 0.0045 0.0040 0.0042 0.0041 0.0041 0.0041 0.9550 
 H428.1_2006  2 0.0049 0.0076 0.0088 0.0054 0.0137 0.0060 0.0101 0.0049 0.0046 0.0081 0.9259 
 H428.2_2005  2 0.0049 0.0046 0.0045 0.0047 0.0042 0.0060 0.0062 0.0050 0.0065 0.0046 0.9488 
 H428.2_2006  2 0.0100 0.0067 0.0096 0.0047 0.0244 0.0052 0.0070 0.0054 0.0076 0.0080 0.9113 
 H428.3_2005  2 0.0049 0.0047 0.0050 0.0048 0.0052 0.0041 0.0056 0.0035 0.0060 0.0052 0.9510 
 H428.3_2006  2 0.0066 0.0078 0.0067 0.0053 0.0161 0.0063 0.0064 0.0053 0.0050 0.0120 0.9225 
 H428.4_2005  2 0.0047 0.0042 0.0050 0.0059 0.0043 0.0047 0.0068 0.0042 0.0052 0.0050 0.9501 
 H428.4_2006  2 0.0044 0.0038 0.0054 0.0044 0.0068 0.0038 0.0051 0.0042 0.0040 0.0048 0.9535 
 H428.5_2005  2 0.0046 0.0035 0.0051 0.0041 0.0078 0.0039 0.0067 0.0088 0.0054 0.0049 0.9451 
 H428.6_2005  2 0.0049 0.0050 0.0085 0.0052 0.0066 0.0049 0.0042 0.0048 0.0052 0.0059 0.9450 
 H428.6_2006  2 0.0070 0.0048 0.0064 0.0116 0.0107 0.0047 0.0049 0.0135 0.0054 0.0072 0.9238 
      H428.7  2 0.0059 0.0042 0.0058 0.0048 0.0051 0.0048 0.0045 0.0036 0.0042 0.0033 0.9540 
      H428.8  2 0.0044 0.0055 0.0044 0.0053 0.0064 0.0038 0.0041 0.0056 0.0057 0.0060 0.9488 
      H428.9  2 0.0052 0.0044 0.0045 0.0041 0.0052 0.0058 0.0065 0.0064 0.0062 0.0042 0.9474 
      H453.1  2 0.7172 0.0071 0.0154 0.0118 0.0649 0.0116 0.1104 0.0054 0.0051 0.0111 0.0399 
      H453.2  2 0.8512 0.0069 0.0135 0.0070 0.0073 0.0099 0.0667 0.0038 0.0110 0.0082 0.0146 
      H453.3  2 0.6928 0.0059 0.0177 0.0070 0.0144 0.0211 0.1654 0.0050 0.0183 0.0105 0.0419 
      H453.4  2 0.8553 0.0051 0.0075 0.0076 0.0074 0.0091 0.0753 0.0030 0.0057 0.0078 0.0162 
      H453.5  2 0.8481 0.0058 0.0059 0.0083 0.0198 0.0046 0.0760 0.0041 0.0084 0.0046 0.0143 
      H453.6  2 0.7234 0.0050 0.0075 0.0098 0.0682 0.0045 0.1014 0.0051 0.0116 0.0046 0.0589 
      H453.7  2 0.2361 0.0070 0.1494 0.0131 0.2239 0.2478 0.0214 0.0053 0.0622 0.0195 0.0141 
      H453.8  2 0.6539 0.0105 0.0370 0.0121 0.0945 0.1031 0.0237 0.0068 0.0288 0.0215 0.0081 
      H453.9  2 0.6782 0.0078 0.0486 0.0097 0.1673 0.0389 0.0092 0.0053 0.0114 0.0103 0.0132 
      H512.1  2 0.8417 0.0075 0.0108 0.0176 0.0150 0.0129 0.0159 0.0041 0.0239 0.0101 0.0405 
     H512.10  2 0.7685 0.0159 0.0076 0.0308 0.0257 0.0171 0.0101 0.0333 0.0272 0.0116 0.0522 
      H512.2  2 0.6160 0.0517 0.0118 0.0423 0.0165 0.0393 0.0207 0.0150 0.0432 0.0123 0.1313 
      H512.3  2 0.6692 0.0673 0.0109 0.0911 0.0184 0.0207 0.0211 0.0149 0.0145 0.0165 0.0556 
      H512.4  2 0.6699 0.0188 0.0094 0.0122 0.0531 0.0266 0.0148 0.0140 0.1181 0.0129 0.0500 
      H512.5  2 0.5554 0.0556 0.0077 0.2152 0.0109 0.0286 0.0212 0.0199 0.0161 0.0210 0.0483 
      H512.6  2 0.6595 0.0462 0.0139 0.0419 0.0117 0.0820 0.0436 0.0046 0.0552 0.0143 0.0271 
      H512.7  2 0.4394 0.0564 0.0107 0.3541 0.0317 0.0132 0.0238 0.0108 0.0070 0.0259 0.0268 
      H512.8  2 0.4539 0.1284 0.0113 0.0791 0.0169 0.0526 0.0514 0.0082 0.1066 0.0323 0.0594 
      H512.9  2 0.8050 0.0174 0.0237 0.0713 0.0160 0.0089 0.0118 0.0114 0.0074 0.0073 0.0197 
      H513.1  2 0.0061 0.0064 0.0062 0.0046 0.0079 0.0051 0.0066 0.0052 0.0045 0.0052 0.9423 
      H513.2  2 0.0106 0.0056 0.0118 0.0050 0.0152 0.0130 0.0114 0.0052 0.0117 0.0180 0.8925 
      H513.3  2 0.0081 0.0050 0.0062 0.0051 0.0075 0.0086 0.0057 0.0042 0.0058 0.0061 0.9376 
      H513.4  2 0.0104 0.0145 0.0119 0.0091 0.0321 0.0100 0.0367 0.0039 0.0140 0.0359 0.8215 
      H513.5  2 0.0102 0.0043 0.0067 0.0074 0.0061 0.0048 0.0056 0.0059 0.0041 0.0120 0.9329 
      H513.6  2 0.0118 0.0066 0.0122 0.0094 0.0143 0.0111 0.0115 0.0870 0.0162 0.0877 0.7322 
      H532.1  2 0.3452 0.0221 0.0157 0.0286 0.1789 0.0181 0.0174 0.0203 0.0208 0.0097 0.3232 
      H532.2  2 0.1916 0.0094 0.0292 0.0128 0.1052 0.0531 0.1330 0.0144 0.2501 0.0122 0.1890 
      H532.3  2 0.1927 0.0058 0.0212 0.0268 0.1091 0.0478 0.2322 0.0059 0.3051 0.0103 0.0431 
      H532.4  2 0.1137 0.0094 0.0439 0.0165 0.5481 0.1252 0.0282 0.0168 0.0224 0.0066 0.0692 
      H532.5  2 0.1242 0.0081 0.0187 0.0192 0.0455 0.0209 0.0642 0.0183 0.0125 0.0096 0.6586 
      H532.6  2 0.2831 0.0129 0.0151 0.0240 0.3670 0.1301 0.0192 0.0152 0.0195 0.0066 0.1072 
      H532.7  2 0.1708 0.0069 0.0118 0.0421 0.5261 0.0121 0.0342 0.0173 0.0268 0.0103 0.1416 
      H532.8  2 0.3802 0.0124 0.0248 0.0260 0.2341 0.0126 0.0930 0.0194 0.0281 0.0180 0.1514 
      H543.1  2 0.0053 0.0038 0.0088 0.0068 0.0046 0.0056 0.0102 0.9285 0.0067 0.0054 0.0143 
      H543.2  2 0.0111 0.0072 0.0184 0.0090 0.0089 0.0067 0.0372 0.8239 0.0193 0.0141 0.0444 
      H543.3  2 0.0073 0.0038 0.0139 0.0079 0.0065 0.0058 0.0208 0.9101 0.0067 0.0059 0.0111 
      H543.4  2 0.0048 0.0059 0.0064 0.0057 0.0052 0.0055 0.0079 0.9352 0.0122 0.0035 0.0076 
      H543.5  2 0.0052 0.0061 0.0064 0.0056 0.0056 0.0059 0.0092 0.9313 0.0095 0.0049 0.0103 
      H543.6  2 0.0190 0.0038 0.0834 0.0102 0.0055 0.0162 0.0371 0.7715 0.0191 0.0244 0.0098 
      H543.7  2 0.0044 0.0047 0.0047 0.0037 0.0038 0.0042 0.0058 0.9560 0.0045 0.0037 0.0046 
      H543.8  2 0.0086 0.0069 0.0259 0.0086 0.0219 0.0072 0.0126 0.8427 0.0120 0.0095 0.0441 
      H543.9  2 0.0108 0.0052 0.0240 0.0063 0.0074 0.0056 0.0187 0.8976 0.0072 0.0073 0.0099 
 H545.1_2005  2 0.0044 0.0030 0.0036 0.0039 0.0034 0.0038 0.0031 0.9647 0.0030 0.0036 0.0035 
 H545.1_2006  2 0.0052 0.0066 0.0054 0.0044 0.0055 0.0046 0.0057 0.9447 0.0054 0.0048 0.0077 
 H545.2_2005  2 0.0056 0.0083 0.0070 0.0125 0.0065 0.0088 0.0078 0.9184 0.0052 0.0109 0.0089 
 H545.2_2006  2 0.0057 0.0039 0.0035 0.0048 0.0038 0.0055 0.0039 0.9516 0.0034 0.0057 0.0083 
 H545.3_2005  2 0.0051 0.0081 0.0053 0.0159 0.0055 0.0089 0.0080 0.9197 0.0090 0.0094 0.0053 
 H545.3_2006  2 0.0065 0.0057 0.0044 0.0046 0.0072 0.0041 0.0045 0.9481 0.0046 0.0041 0.0062 
 H545.4_2005  2 0.0058 0.0067 0.0081 0.0085 0.0057 0.0064 0.0061 0.9332 0.0079 0.0067 0.0050 
 H545.4_2006  2 0.0045 0.0074 0.0063 0.0081 0.0044 0.0050 0.0061 0.9408 0.0052 0.0064 0.0058 
 H545.5_2005  2 0.0096 0.0059 0.0054 0.0057 0.0079 0.0048 0.0052 0.9328 0.0064 0.0040 0.0122 
 H545.5_2006  2 0.0064 0.0059 0.0063 0.0101 0.0060 0.0059 0.0075 0.9259 0.0056 0.0104 0.0100 
 H545.6_2005  2 0.0043 0.0034 0.0033 0.0043 0.0038 0.0040 0.0045 0.9586 0.0034 0.0055 0.0047 
 H545.6_2006  2 0.0051 0.0057 0.0047 0.0054 0.0044 0.0049 0.0059 0.9477 0.0044 0.0067 0.0051 
 H545.7_2005  2 0.0068 0.0041 0.0040 0.0049 0.0046 0.0051 0.0047 0.9495 0.0039 0.0056 0.0067 
 H545.7_2006  2 0.0072 0.0110 0.0064 0.0065 0.0081 0.0055 0.0064 0.9276 0.0052 0.0061 0.0099 
 H545.8_2005  2 0.0071 0.0078 0.0088 0.0118 0.0077 0.0091 0.0077 0.9020 0.0096 0.0063 0.0219 
 H545.8_2006  2 0.0083 0.0043 0.0048 0.0068 0.0039 0.0055 0.0048 0.9458 0.0042 0.0048 0.0068 
      H545.9  2 0.0070 0.0043 0.0044 0.0085 0.0045 0.0063 0.0074 0.9389 0.0052 0.0072 0.0063 
      H547.1  2 0.0069 0.0088 0.0158 0.0193 0.0074 0.0103 0.8802 0.0069 0.0092 0.0086 0.0267 
      H547.2  2 0.0124 0.0167 0.0124 0.0083 0.0092 0.0094 0.8922 0.0137 0.0057 0.0061 0.0139 
      H547.3  2 0.0091 0.0094 0.0080 0.0342 0.0064 0.0459 0.8472 0.0083 0.0081 0.0124 0.0110 
      H547.4  2 0.0068 0.0088 0.0098 0.0194 0.0140 0.0165 0.8913 0.0066 0.0075 0.0082 0.0112 
      H547.5  2 0.0053 0.0089 0.0108 0.0117 0.0040 0.0097 0.8980 0.0061 0.0101 0.0110 0.0244 
      H547.6  2 0.0074 0.0073 0.0072 0.0078 0.0049 0.0076 0.9188 0.0155 0.0073 0.0061 0.0102 
      H547.7  2 0.0141 0.0096 0.0104 0.0319 0.0074 0.0326 0.8483 0.0142 0.0090 0.0089 0.0137 
      H547.8  2 0.0057 0.0058 0.0096 0.0109 0.0051 0.0094 0.9045 0.0093 0.0083 0.0065 0.0248 
      H548.1  2 0.0072 0.0066 0.0047 0.0075 0.0044 0.0075 0.0057 0.9362 0.0053 0.0075 0.0073 
      H548.2  2 0.0063 0.0106 0.0059 0.0112 0.0065 0.0088 0.0058 0.9181 0.0106 0.0074 0.0087 
      H548.3  2 0.0095 0.0065 0.0073 0.0056 0.0046 0.0090 0.0052 0.9350 0.0057 0.0050 0.0065 
      H548.4  2 0.0300 0.0372 0.0112 0.0149 0.0223 0.0238 0.0071 0.8002 0.0139 0.0266 0.0127 
      H548.5  2 0.0047 0.0075 0.0049 0.0050 0.0065 0.0056 0.0054 0.9422 0.0053 0.0080 0.0050 
      H548.6  2 0.0063 0.0063 0.0038 0.0132 0.0048 0.0063 0.0039 0.9316 0.0069 0.0071 0.0098 
      H548.7  2 0.0114 0.0072 0.0066 0.0059 0.0055 0.0059 0.0067 0.9336 0.0055 0.0046 0.0071 
      H548.8  2 0.0056 0.0065 0.0058 0.0091 0.0141 0.0084 0.0057 0.9219 0.0074 0.0108 0.0047 
      H548.9  2 0.0110 0.0093 0.0114 0.0135 0.0145 0.0122 0.0134 0.8814 0.0132 0.0132 0.0069 
     H7389.1  2 0.0094 0.0061 0.0099 0.0056 0.0081 0.0106 0.0056 0.0068 0.0104 0.0110 0.9167 
     H7389.2  2 0.0067 0.0044 0.0061 0.0046 0.0059 0.0069 0.0061 0.0140 0.0101 0.0108 0.9244 
     H7389.3  2 0.0046 0.0033 0.0039 0.0041 0.0062 0.0032 0.0039 0.0068 0.0085 0.0056 0.9498 
     H7389.4  2 0.0100 0.0075 0.0116 0.0061 0.0079 0.0076 0.0050 0.0194 0.0053 0.0048 0.9147 
     H7389.5  2 0.0177 0.0065 0.0124 0.0083 0.0094 0.0119 0.0055 0.0074 0.0067 0.0113 0.9031 
     H7389.6  2 0.0132 0.0072 0.0045 0.0058 0.0165 0.0044 0.0045 0.0041 0.0096 0.0110 0.9190 
     H7389.7  2 0.0059 0.0046 0.0051 0.0052 0.0085 0.0042 0.0043 0.0114 0.0093 0.0041 0.9374 
     H7389.8  2 0.0147 0.0087 0.0107 0.0090 0.0115 0.0123 0.0057 0.0262 0.0097 0.0208 0.8707 
     H7389.9  2 0.0108 0.0042 0.0051 0.0053 0.0082 0.0041 0.0042 0.0070 0.0055 0.0064 0.9393 
      H747.1  2 0.0112 0.0183 0.0173 0.0445 0.0105 0.0098 0.0149 0.0082 0.0335 0.8069 0.0248 
      H747.2  2 0.0061 0.0077 0.0043 0.0102 0.0040 0.0064 0.0046 0.0038 0.0095 0.9372 0.0063 
      H747.3  2 0.0141 0.0145 0.0097 0.0577 0.0050 0.0138 0.0100 0.0051 0.0181 0.8437 0.0082 
      H747.4  2 0.0093 0.0413 0.0068 0.0396 0.0068 0.0132 0.0121 0.0052 0.0198 0.8394 0.0065 
      H747.5  2 0.0074 0.0124 0.0047 0.0180 0.0039 0.0078 0.0059 0.0044 0.0108 0.9195 0.0052 
      H747.6  2 0.0106 0.0090 0.0076 0.0083 0.0045 0.0053 0.0096 0.0066 0.0169 0.9099 0.0117 
      H747.7  2 0.0099 0.0082 0.0070 0.0130 0.0064 0.0085 0.0058 0.0047 0.0186 0.9069 0.0110 
     H7484.1  2 0.0264 0.0750 0.4498 0.0115 0.2477 0.0221 0.0258 0.0057 0.0091 0.0872 0.0396 
     H7484.2  2 0.0235 0.1414 0.3970 0.0144 0.0917 0.0540 0.0328 0.0052 0.0147 0.2169 0.0084 
     H7484.3  2 0.0234 0.1533 0.1354 0.0346 0.2195 0.1077 0.0258 0.0106 0.0168 0.2594 0.0135 
     H7484.4  2 0.0354 0.1129 0.5418 0.0137 0.0715 0.0271 0.0145 0.0047 0.0106 0.1529 0.0150 
     H7484.5  2 0.0655 0.0468 0.0276 0.0126 0.5758 0.0553 0.0106 0.0087 0.0379 0.1466 0.0126 
     H7484.6  2 0.1081 0.1597 0.0161 0.0365 0.0303 0.1872 0.0141 0.0079 0.0214 0.4021 0.0165 
     H7484.7  2 0.2482 0.0290 0.1445 0.0332 0.1930 0.2691 0.0071 0.0053 0.0116 0.0426 0.0163 
     H7484.8  2 0.1333 0.1366 0.0480 0.0084 0.3317 0.0610 0.0129 0.0050 0.0302 0.0502 0.1827 
     H7485.1  2 0.0064 0.0083 0.0087 0.0066 0.0083 0.0093 0.0062 0.9168 0.0105 0.0072 0.0116 
     H7485.2  2 0.0140 0.0050 0.0198 0.0037 0.0066 0.0044 0.0053 0.9151 0.0051 0.0082 0.0127 
     H7485.3  2 0.0046 0.0114 0.0045 0.0048 0.0049 0.0057 0.0054 0.9418 0.0046 0.0053 0.0070 
     H7485.4  2 0.0178 0.0051 0.0197 0.0035 0.0057 0.0087 0.0045 0.9022 0.0050 0.0170 0.0107 
     H7485.5  2 0.0078 0.0099 0.0118 0.0082 0.0124 0.0106 0.0054 0.9038 0.0083 0.0110 0.0107 
     H7485.6  2 0.0111 0.0069 0.0141 0.0054 0.0131 0.0082 0.0059 0.9043 0.0110 0.0071 0.0131 
     H7485.7  2 0.0063 0.0189 0.0078 0.0060 0.0063 0.0085 0.0055 0.9197 0.0072 0.0076 0.0064 
     H7496.1  2 0.0335 0.0341 0.0142 0.0291 0.1046 0.0300 0.3840 0.0059 0.0451 0.0173 0.3022 
    H7496.10  2 0.0132 0.0162 0.0379 0.0058 0.0330 0.0070 0.8420 0.0060 0.0093 0.0108 0.0188 
    H7496.11  2 0.0162 0.0267 0.0073 0.0284 0.0878 0.0120 0.0573 0.6847 0.0093 0.0404 0.0298 
     H7496.2  2 0.0225 0.0123 0.0129 0.0100 0.0157 0.0130 0.8826 0.0057 0.0062 0.0132 0.0058 
     H7496.3  2 0.0646 0.0291 0.0751 0.0238 0.4072 0.0482 0.2823 0.0103 0.0222 0.0183 0.0190 
     H7496.4  2 0.0267 0.0142 0.0078 0.0076 0.0104 0.0104 0.8854 0.0076 0.0075 0.0140 0.0083 
     H7496.5  2 0.0117 0.0210 0.0071 0.0178 0.0149 0.0090 0.8855 0.0064 0.0081 0.0094 0.0092 
     H7496.6  2 0.0253 0.0229 0.0104 0.0462 0.0413 0.1010 0.6919 0.0043 0.0142 0.0137 0.0287 
     H7496.7  2 0.0231 0.0145 0.0214 0.0070 0.0271 0.0097 0.8559 0.0065 0.0087 0.0100 0.0160 
     H7496.8  2 0.0648 0.0194 0.0244 0.0081 0.0491 0.1332 0.6308 0.0106 0.0114 0.0382 0.0099 
        UNK4  2 0.0322 0.0207 0.0086 0.0130 0.0162 0.0889 0.0172 0.0334 0.2499 0.1152 0.4049 
        UNK5  2 0.0119 0.0579 0.0486 0.0073 0.0478 0.0189 0.0385 0.0400 0.0080 0.0308 0.6904 
        UNK6  2 0.0467 0.0162 0.0124 0.0135 0.0238 0.0436 0.0238 0.0156 0.1727 0.1333 0.4985 
        UNK7  2 0.0089 0.0165 0.0137 0.0055 0.0222 0.0121 0.0124 0.0763 0.0054 0.0186 0.8084 
        UNK8  2 0.0156 0.0087 0.0086 0.0072 0.0197 0.0237 0.0154 0.0826 0.0084 0.0100 0.8000 
        UNK9  2 0.0287 0.0255 0.0124 0.0111 0.0955 0.0175 0.0146 0.0949 0.0302 0.1709 0.4985 
      H009.1  4 0.0078 0.0064 0.0111 0.0117 0.0064 0.9251 0.0080 0.0050 0.0053 0.0079 0.0053 
      H009.2  4 0.0172 0.0159 0.0159 0.0767 0.0060 0.7996 0.0097 0.0050 0.0242 0.0228 0.0070 
      H009.3  4 0.0106 0.0044 0.0113 0.0093 0.0079 0.9245 0.0072 0.0052 0.0090 0.0056 0.0050 
      H009.4  4 0.0236 0.0102 0.0084 0.0280 0.0088 0.8794 0.0082 0.0082 0.0100 0.0107 0.0046 
      H009.5  4 0.0269 0.0181 0.0640 0.0216 0.0107 0.7234 0.0052 0.0284 0.0423 0.0529 0.0064 
      H009.6  4 0.0065 0.0115 0.0136 0.0162 0.0111 0.9031 0.0114 0.0051 0.0110 0.0062 0.0041 
      H046.4  4 0.0406 0.0329 0.0198 0.1795 0.3050 0.1796 0.1010 0.0217 0.0480 0.0308 0.0413 
      H046.8  4 0.0331 0.2118 0.0207 0.0805 0.0345 0.1087 0.0432 0.0316 0.3758 0.0217 0.0385 
 H076.1_2002  4 0.0050 0.0060 0.0054 0.0053 0.0043 0.0037 0.9463 0.0074 0.0055 0.0077 0.0035 
 H076.1_2003  4 0.0059 0.0098 0.0048 0.0073 0.0053 0.0059 0.9157 0.0078 0.0200 0.0124 0.0052 
 H076.1_2004  4 0.0056 0.0111 0.0050 0.0048 0.0072 0.0058 0.9344 0.0074 0.0073 0.0074 0.0040 
 H076.2_2002  4 0.0041 0.0054 0.0046 0.0069 0.0045 0.0039 0.9453 0.0069 0.0059 0.0082 0.0043 
 H076.2_2003  4 0.0065 0.0121 0.0058 0.0058 0.0043 0.0097 0.9065 0.0120 0.0168 0.0149 0.0056 
 H076.2_2004  4 0.0127 0.0164 0.0093 0.0171 0.0074 0.0150 0.8780 0.0061 0.0256 0.0078 0.0046 
 H076.3_2002  4 0.0262 0.0154 0.0253 0.4095 0.0227 0.0491 0.3723 0.0082 0.0510 0.0128 0.0075 
 H076.3_2003  4 0.0062 0.0106 0.0054 0.0050 0.0058 0.0068 0.9277 0.0116 0.0082 0.0083 0.0043 
