      H008.1  2 0.0127 0.0170 0.9131 0.0162 0.0190 0.0127 0.0093 
      H008.2  2 0.0671 0.1341 0.1734 0.0471 0.1542 0.0218 0.4022 
      H008.3  2 0.2145 0.1025 0.0962 0.1120 0.2967 0.0335 0.1446 
      H008.4  2 0.0170 0.0286 0.7878 0.0726 0.0194 0.0116 0.0630 
      H008.5  2 0.0359 0.0245 0.7498 0.0944 0.0424 0.0159 0.0371 
      H008.6  2 0.0123 0.1051 0.3426 0.0962 0.1126 0.0144 0.3167 
      H008.7  2 0.0820 0.0394 0.4593 0.1255 0.0758 0.0189 0.1991 
      H008.8  2 0.0363 0.2400 0.4666 0.0211 0.0280 0.0203 0.1876 
      H008.9  2 0.0260 0.1576 0.0299 0.0268 0.0425 0.0142 0.7030 
 H029.1_2002  2 0.0242 0.0136 0.8440 0.0735 0.0088 0.0089 0.0269 
 H029.1_2003  2 0.0213 0.0182 0.0629 0.8384 0.0154 0.0094 0.0344 
 H029.2_2002  2 0.3458 0.0151 0.4400 0.1006 0.0562 0.0091 0.0332 
 H029.2_2003  2 0.0829 0.0390 0.1233 0.5362 0.1300 0.0215 0.0672 
 H029.3_2002  2 0.5892 0.0149 0.1004 0.0498 0.0410 0.0130 0.1918 
 H029.3_2003  2 0.0575 0.0089 0.3457 0.5191 0.0337 0.0167 0.0183 
 H029.4_2002  2 0.0589 0.0069 0.7922 0.0966 0.0086 0.0115 0.0252 
 H029.4_2003  2 0.0185 0.0179 0.0894 0.8145 0.0206 0.0135 0.0255 
 H029.5_2002  2 0.0221 0.0087 0.7947 0.1460 0.0084 0.0075 0.0126 
 H029.5_2003  2 0.0138 0.0112 0.2298 0.6795 0.0337 0.0071 0.0250 
 H029.6_2002  2 0.3609 0.0085 0.3161 0.2183 0.0097 0.0108 0.0757 
 H029.6_2003  2 0.0313 0.0229 0.3157 0.4598 0.1126 0.0268 0.0309 
      H029.7  2 0.1427 0.0207 0.6605 0.1185 0.0184 0.0070 0.0321 
      H030.1  2 0.4593 0.0172 0.0185 0.0226 0.0573 0.4178 0.0074 
      H030.2  2 0.1895 0.0140 0.3500 0.0425 0.0281 0.3006 0.0752 
      H038.1  2 0.0267 0.0203 0.8657 0.0123 0.0109 0.0077 0.0565 
      H038.2  2 0.0180 0.0058 0.9297 0.0091 0.0119 0.0160 0.0094 
      H038.3  2 0.0171 0.0080 0.8818 0.0074 0.0127 0.0440 0.0289 
      H038.4  2 0.0228 0.0102 0.8593 0.0145 0.0104 0.0214 0.0614 
      H038.5  2 0.0570 0.0065 0.7976 0.0228 0.0245 0.0272 0.0644 
      H038.6  2 0.0104 0.0067 0.9368 0.0082 0.0140 0.0090 0.0149 
      H038.7  2 0.0074 0.0058 0.9498 0.0060 0.0087 0.0114 0.0108 
      H038.8  2 0.0329 0.0080 0.7915 0.0082 0.0097 0.0587 0.0910 
      H041.1  2 0.0699 0.0248 0.1086 0.7236 0.0159 0.0361 0.0211 
      H041.2  2 0.0098 0.0098 0.0376 0.9050 0.0078 0.0118 0.0182 
      H041.4  2 0.0147 0.0275 0.1146 0.7962 0.0118 0.0116 0.0235 
      H041.6  2 0.0239 0.0270 0.2073 0.7011 0.0080 0.0149 0.0178 
 H042.1_2002  2 0.0551 0.0322 0.0238 0.8230 0.0276 0.0234 0.0149 
 H042.1_2003  2 0.0266 0.0895 0.2154 0.1370 0.1061 0.0611 0.3644 
 H042.2_2002  2 0.0227 0.0070 0.5327 0.3750 0.0256 0.0090 0.0280 
 H042.2_2003  2 0.0097 0.0211 0.0555 0.8756 0.0124 0.0164 0.0094 
 H042.3_2002  2 0.0270 0.0248 0.0506 0.7794 0.0579 0.0400 0.0202 
 H042.3_2003  2 0.0324 0.0329 0.2041 0.5852 0.0733 0.0412 0.0309 
 H042.4_2002  2 0.0574 0.0119 0.0172 0.8513 0.0149 0.0237 0.0235 
 H042.4_2003  2 0.2813 0.0529 0.0674 0.5438 0.0155 0.0291 0.0101 
      H042.5  2 0.0214 0.0110 0.0090 0.9362 0.0108 0.0066 0.0050 
      H042.6  2 0.3636 0.0411 0.0594 0.4839 0.0256 0.0123 0.0141 
      H042.7  2 0.0186 0.0221 0.0498 0.8574 0.0198 0.0244 0.0080 
      H042.8  2 0.0082 0.0112 0.0216 0.9257 0.0100 0.0086 0.0147 
   H042_2002  2 0.0128 0.1375 0.5945 0.1705 0.0328 0.0171 0.0349 
   H042_2003  2 0.0170 0.1326 0.5630 0.1809 0.0411 0.0208 0.0447 
      H043.1  2 0.0477 0.0614 0.2499 0.0146 0.0695 0.0989 0.4581 
      H043.2  2 0.0099 0.3416 0.0448 0.0116 0.0143 0.0233 0.5544 
      H043.3  2 0.0090 0.0772 0.7995 0.0164 0.0221 0.0200 0.0556 
      H043.4  2 0.0175 0.2077 0.5375 0.0108 0.0333 0.0290 0.1642 
      H043.5  2 0.0152 0.0425 0.1617 0.0159 0.0214 0.0219 0.7213 
      H043.6  2 0.0178 0.0935 0.3098 0.0234 0.0262 0.0204 0.5089 
      H043.7  2 0.0079 0.5746 0.1294 0.0067 0.0216 0.0591 0.2007 
      H043.8  2 0.0398 0.1627 0.1789 0.0066 0.0330 0.3689 0.2101 
      H043.9  2 0.0437 0.0797 0.5547 0.0202 0.0430 0.0547 0.2039 
      H047.1  2 0.0063 0.0194 0.9322 0.0101 0.0125 0.0110 0.0085 
      H047.2  2 0.0694 0.0309 0.7411 0.0225 0.0952 0.0299 0.0110 
      H047.3  2 0.0639 0.0224 0.7718 0.0454 0.0676 0.0199 0.0090 
      H047.4  2 0.0146 0.0281 0.8672 0.0435 0.0154 0.0217 0.0095 
      H047.5  2 0.0115 0.0211 0.9091 0.0135 0.0249 0.0141 0.0058 
      H047.6  2 0.0432 0.0493 0.6744 0.1291 0.0527 0.0292 0.0221 
      H047.7  2 0.0075 0.0097 0.9337 0.0196 0.0092 0.0128 0.0075 
      H047.8  2 0.0314 0.0530 0.7576 0.0587 0.0606 0.0237 0.0151 
      H047.9  2 0.0067 0.0132 0.9303 0.0137 0.0145 0.0162 0.0054 
 H071.1_2002  2 0.0122 0.0139 0.9405 0.0075 0.0095 0.0083 0.0081 
 H071.1_2003  2 0.0200 0.2441 0.6297 0.0219 0.0167 0.0489 0.0187 
     H071.10  2 0.0156 0.0068 0.9399 0.0064 0.0070 0.0154 0.0089 
 H071.2_2002  2 0.0092 0.0173 0.9301 0.0094 0.0100 0.0094 0.0145 
 H071.2_2003  2 0.0100 0.0088 0.9557 0.0070 0.0065 0.0064 0.0057 
      H071.3  2 0.0125 0.0071 0.9218 0.0124 0.0082 0.0217 0.0163 
 H071.4_2002  2 0.0114 0.0111 0.9162 0.0090 0.0113 0.0248 0.0161 
 H071.4_2003  2 0.0065 0.0056 0.9616 0.0065 0.0079 0.0079 0.0041 
 H071.5_2002  2 0.0115 0.0070 0.9548 0.0057 0.0054 0.0103 0.0051 
 H071.5_2003  2 0.0057 0.0105 0.9377 0.0099 0.0119 0.0185 0.0058 
 H071.6_2002  2 0.0071 0.0066 0.9560 0.0057 0.0084 0.0075 0.0087 
 H071.6_2003  2 0.0085 0.0135 0.9386 0.0070 0.0093 0.0182 0.0050 
 H071.7_2002  2 0.0054 0.0084 0.9626 0.0058 0.0062 0.0056 0.0059 
 H071.7_2003  2 0.0082 0.0136 0.9275 0.0081 0.0125 0.0243 0.0057 
      H071.8  2 0.0086 0.0136 0.9326 0.0113 0.0091 0.0088 0.0160 
      H071.9  2 0.0215 0.0242 0.8278 0.0348 0.0134 0.0375 0.0408 
 H081.1_2002  2 0.0175 0.0098 0.9438 0.0100 0.0071 0.0064 0.0056 
 H081.1_2003  2 0.0797 0.0800 0.0648 0.0571 0.0259 0.0355 0.6570 
 H081.2_2002  2 0.0107 0.0224 0.9372 0.0093 0.0059 0.0070 0.0075 
 H081.2_2003  2 0.0828 0.1058 0.0802 0.0184 0.0167 0.6560 0.0402 
 H081.3_2002  2 0.0255 0.0372 0.8811 0.0177 0.0084 0.0157 0.0144 
 H081.3_2003  2 0.0608 0.3890 0.0576 0.0273 0.0367 0.2692 0.1594 
 H081.4_2002  2 0.0189 0.0106 0.9236 0.0104 0.0094 0.0198 0.0073 
 H081.4_2003  2 0.0931 0.4383 0.0415 0.0727 0.0631 0.2218 0.0695 
 H081.5_2002  2 0.0102 0.0156 0.9363 0.0088 0.0106 0.0112 0.0072 
 H081.5_2003  2 0.0761 0.5194 0.1284 0.0524 0.0270 0.1150 0.0817 
      H081.6  2 0.0103 0.0115 0.9487 0.0066 0.0077 0.0089 0.0062 
      H081.7  2 0.0145 0.0417 0.8985 0.0093 0.0087 0.0185 0.0090 
      H081.8  2 0.0462 0.0196 0.8035 0.0188 0.0111 0.0671 0.0336 
      H083.1  2 0.1481 0.0068 0.7933 0.0177 0.0103 0.0099 0.0140 
      H083.2  2 0.0303 0.0120 0.9243 0.0081 0.0086 0.0084 0.0083 
      H083.4  2 0.1377 0.0094 0.7994 0.0085 0.0109 0.0103 0.0238 
      H083.5  2 0.1501 0.0111 0.7391 0.0489 0.0094 0.0115 0.0299 
      H083.6  2 0.3255 0.0098 0.5944 0.0252 0.0169 0.0129 0.0154 
      H083.7  2 0.2006 0.0114 0.7311 0.0126 0.0120 0.0133 0.0190 
      H083.8  2 0.0274 0.0100 0.9214 0.0109 0.0110 0.0096 0.0096 
      H083.9  2 0.2074 0.0078 0.7239 0.0292 0.0103 0.0097 0.0117 
      H084.1  2 0.0326 0.0150 0.0214 0.0412 0.0212 0.7085 0.1602 
      H084.2  2 0.0842 0.0181 0.0191 0.0208 0.0493 0.5885 0.2201 
      H084.3  2 0.0745 0.0160 0.0163 0.1229 0.0333 0.4099 0.3270 
      H084.4  2 0.0623 0.0162 0.0174 0.1644 0.0257 0.3556 0.3585 
      H084.5  2 0.0137 0.0137 0.0130 0.0402 0.0196 0.8084 0.0913 
      H084.6  2 0.0385 0.0181 0.0121 0.0307 0.0124 0.6410 0.2471 
      H084.7  2 0.0376 0.0127 0.0102 0.0272 0.0355 0.8375 0.0392 
      H084.8  2 0.0173 0.0101 0.0087 0.0599 0.0131 0.7618 0.1291 
 H085.1_2002  2 0.2630 0.4678 0.1849 0.0214 0.0121 0.0117 0.0391 
 H085.1_2003  2 0.4614 0.0497 0.2876 0.0554 0.0179 0.0534 0.0745 
 H085.2_2002  2 0.3394 0.4692 0.0407 0.0276 0.0128 0.0314 0.0788 
 H085.2_2003  2 0.5421 0.0343 0.3108 0.0264 0.0289 0.0272 0.0303 
 H085.3_2002  2 0.0986 0.7586 0.0236 0.0731 0.0090 0.0287 0.0085 
 H085.3_2003  2 0.0794 0.0608 0.7134 0.0239 0.0251 0.0867 0.0108 
 H085.4_2002  2 0.1295 0.5072 0.2071 0.0502 0.0142 0.0203 0.0715 
 H085.4_2003  2 0.0344 0.0354 0.8265 0.0467 0.0112 0.0367 0.0091 
 H085.5_2002  2 0.0157 0.8974 0.0283 0.0237 0.0086 0.0182 0.0082 
 H085.5_2003  2 0.5350 0.0173 0.3955 0.0118 0.0140 0.0156 0.0107 
 H085.6_2002  2 0.1051 0.8013 0.0243 0.0230 0.0097 0.0152 0.0213 
 H085.6_2003  2 0.0269 0.4704 0.1419 0.1630 0.0398 0.1400 0.0181 
 H085.7_2002  2 0.2342 0.6377 0.0480 0.0250 0.0121 0.0208 0.0221 
 H085.7_2003  2 0.0387 0.0393 0.7434 0.0876 0.0203 0.0458 0.0248 
 H085.8_2002  2 0.0201 0.8226 0.0197 0.0252 0.0100 0.0850 0.0173 
 H085.8_2003  2 0.6618 0.0554 0.1323 0.0759 0.0204 0.0290 0.0251 
      H085.9  2 0.1059 0.6552 0.1106 0.0508 0.0110 0.0220 0.0445 
      H088.1  2 0.0257 0.0189 0.0093 0.9096 0.0142 0.0090 0.0134 
      H088.2  2 0.0513 0.0184 0.0161 0.8779 0.0132 0.0097 0.0134 
      H088.3  2 0.0454 0.0157 0.0096 0.8981 0.0107 0.0091 0.0114 
      H088.4  2 0.0097 0.0129 0.0116 0.9250 0.0173 0.0114 0.0122 
      H088.5  2 0.0096 0.0080 0.0057 0.9570 0.0070 0.0067 0.0059 
      H088.6  2 0.0154 0.0079 0.0113 0.9374 0.0097 0.0105 0.0078 
      H088.7  2 0.0231 0.0136 0.0303 0.8967 0.0136 0.0105 0.0123 
      H088.8  2 0.0104 0.0124 0.0249 0.9131 0.0152 0.0125 0.0115 
      H091.1  2 0.2006 0.0089 0.0354 0.7023 0.0187 0.0212 0.0129 
      H091.2  2 0.1595 0.0085 0.0607 0.7163 0.0224 0.0220 0.0105 
      H109.1  2 0.1233 0.0336 0.1493 0.0298 0.0701 0.3665 0.2274 
      H109.2  2 0.0487 0.0198 0.1556 0.0225 0.0326 0.6924 0.0284 
      H109.3  2 0.0210 0.0157 0.1688 0.2195 0.1848 0.3544 0.0359 
      H109.4  2 0.0228 0.0293 0.0655 0.0926 0.1386 0.5181 0.1331 
      H109.5  2 0.0125 0.0109 0.1185 0.7944 0.0160 0.0412 0.0065 
      H109.6  2 0.0248 0.0428 0.1370 0.0321 0.0448 0.6505 0.0680 
      H126.1  2 0.0139 0.6222 0.0946 0.0753 0.1551 0.0193 0.0196 
      H126.2  2 0.0184 0.0490 0.8201 0.0172 0.0344 0.0186 0.0423 
      H126.3  2 0.0122 0.0134 0.9199 0.0198 0.0146 0.0047 0.0152 
      H126.4  2 0.0255 0.2002 0.5484 0.0255 0.1379 0.0193 0.0432 
      H126.5  2 0.0063 0.0496 0.8769 0.0096 0.0380 0.0108 0.0088 
      H126.6  2 0.0123 0.0256 0.9338 0.0082 0.0081 0.0056 0.0064 
      H126.7  2 0.0121 0.0136 0.9370 0.0149 0.0102 0.0074 0.0048 
      H130.1  2 0.0315 0.8482 0.0104 0.0360 0.0434 0.0178 0.0125 
      H130.2  2 0.3790 0.1086 0.0427 0.0169 0.0419 0.3853 0.0256 
      H130.3  2 0.0782 0.0304 0.0289 0.0172 0.7674 0.0682 0.0096 
      H130.4  2 0.0523 0.6460 0.0129 0.0226 0.1381 0.0547 0.0734 
      H130.5  2 0.3421 0.3885 0.0495 0.0247 0.0177 0.1646 0.0129 
      H133.1  2 0.1184 0.1893 0.0775 0.0789 0.2326 0.1014 0.2020 
      H133.2  2 0.0274 0.6260 0.0535 0.0693 0.0613 0.1146 0.0480 
      H133.3  2 0.0395 0.0787 0.0640 0.5002 0.1024 0.0564 0.1587 
      H133.4  2 0.0536 0.2133 0.0625 0.0259 0.1772 0.1881 0.2795 
      H133.5  2 0.0884 0.4205 0.0257 0.0285 0.3054 0.0458 0.0858 
      H133.6  2 0.1461 0.5526 0.0279 0.0829 0.0714 0.0800 0.0391 
      H133.7  2 0.0316 0.2245 0.0647 0.2197 0.0592 0.1697 0.2305 
      H133.8  2 0.0645 0.2765 0.0546 0.0446 0.1596 0.1069 0.2934 
      H133.9  2 0.1510 0.0916 0.0306 0.0756 0.4441 0.0471 0.1599 
      H147.1  2 0.1245 0.0736 0.4369 0.2472 0.0076 0.0761 0.0342 
      H147.2  2 0.0180 0.0250 0.9120 0.0111 0.0062 0.0172 0.0104 
      H147.3  2 0.0178 0.0232 0.9065 0.0113 0.0117 0.0221 0.0073 
      H147.4  2 0.0502 0.0210 0.8187 0.0190 0.0106 0.0410 0.0395 
      H147.5  2 0.1761 0.0281 0.5719 0.0977 0.0320 0.0781 0.0160 
      H147.6  2 0.1623 0.0263 0.5142 0.1030 0.0436 0.1345 0.0161 
      H147.7  2 0.0434 0.0156 0.8004 0.0347 0.0146 0.0559 0.0354 
      H147.8  2 0.3305 0.0087 0.5243 0.0315 0.0115 0.0324 0.0610 
      H147.9  2 0.0265 0.0277 0.8949 0.0105 0.0098 0.0204 0.0103 
      H148.1  2 0.0562 0.2314 0.0253 0.0438 0.0350 0.0999 0.5085 
      H148.2  2 0.0297 0.1818 0.0562 0.0561 0.0227 0.0681 0.5854 
      H148.3  2 0.0351 0.0317 0.0250 0.2512 0.0269 0.1727 0.4573 
      H148.4  2 0.0231 0.1979 0.0277 0.0810 0.0308 0.0389 0.6007 
      H148.5  2 0.0211 0.0301 0.0249 0.2806 0.0329 0.1329 0.4775 
      H148.6  2 0.0512 0.0619 0.0161 0.0552 0.0108 0.0478 0.7568 
      H148.7  2 0.0239 0.0687 0.0171 0.1775 0.1177 0.0938 0.5013 
      H148.8  2 0.0171 0.1811 0.0202 0.2121 0.0174 0.0601 0.4920 
      H148.9  2 0.0286 0.1339 0.0306 0.0253 0.0852 0.0642 0.6322 
   H166022.1  2 0.6875 0.0140 0.0130 0.2408 0.0076 0.0202 0.0169 
   H166022.2  2 0.7602 0.0174 0.0316 0.1038 0.0214 0.0442 0.0213 
   H166022.3  2 0.8253 0.0104 0.0059 0.1026 0.0240 0.0198 0.0121 
   H166022.4  2 0.3813 0.0142 0.0103 0.5303 0.0338 0.0164 0.0137 
   H166022.5  2 0.8090 0.0093 0.0104 0.1172 0.0219 0.0221 0.0101 
   H166022.6  2 0.3787 0.0606 0.0107 0.4556 0.0292 0.0304 0.0348 
   H166022.7  2 0.0111 0.0129 0.0155 0.0118 0.0318 0.0234 0.8935 
   H166022.8  2 0.7986 0.0771 0.0165 0.0348 0.0197 0.0416 0.0116 
   H167397.1  2 0.0149 0.0192 0.0426 0.2748 0.0118 0.0306 0.6059 
   H167397.2  2 0.0784 0.1191 0.0263 0.0123 0.0136 0.0181 0.7323 
   H167397.3  2 0.0284 0.0196 0.1505 0.0811 0.0121 0.0221 0.6862 
   H167397.4  2 0.0286 0.0171 0.0246 0.0204 0.0099 0.0125 0.8870 
   H167397.5  2 0.0204 0.0256 0.0152 0.0177 0.0141 0.0245 0.8825 
   H167397.6  2 0.0228 0.0262 0.1242 0.1013 0.0204 0.0122 0.6929 
   H167496.1  2 0.0738 0.0192 0.0151 0.7846 0.0494 0.0480 0.0099 
   H167496.2  2 0.0171 0.0609 0.3417 0.4034 0.0352 0.1123 0.0294 
   H167496.3  2 0.2615 0.2860 0.0399 0.3159 0.0432 0.0385 0.0150 
   H167496.4  2 0.1294 0.0127 0.0260 0.8010 0.0105 0.0096 0.0108 
   H167496.6  2 0.1111 0.0262 0.0361 0.7511 0.0433 0.0203 0.0119 
   H167496.7  2 0.0689 0.2167 0.0379 0.1947 0.1290 0.3447 0.0082 
   H167496.8  2 0.1082 0.0245 0.0870 0.7062 0.0196 0.0402 0.0144 
   H167513.1  2 0.0990 0.3372 0.0732 0.0445 0.1628 0.1020 0.1812 
   H167513.2  2 0.0223 0.1443 0.0311 0.3218 0.0747 0.2335 0.1723 
   H167513.3  2 0.0824 0.0194 0.0243 0.0149 0.5140 0.3287 0.0162 
   H167513.4  2 0.5794 0.0501 0.0290 0.0598 0.0676 0.1813 0.0327 
   H167513.5  2 0.0549 0.1937 0.0566 0.2411 0.0404 0.1317 0.2816 
   H167513.6  2 0.1112 0.2281 0.1176 0.1387 0.0540 0.2954 0.0551 
   H167513.7  2 0.5315 0.0349 0.0374 0.0160 0.1047 0.1580 0.1174 
   H167513.8  2 0.0308 0.0292 0.0458 0.0136 0.3153 0.4163 0.1490 
   H167547.1  2 0.0437 0.1977 0.0119 0.4626 0.0495 0.1341 0.1004 
   H167547.2  2 0.0281 0.0424 0.0147 0.7557 0.0253 0.1079 0.0259 
   H167547.3  2 0.0316 0.0494 0.0127 0.7541 0.0237 0.1046 0.0240 
   H167547.4  2 0.3012 0.1612 0.0107 0.3611 0.0727 0.0353 0.0578 
   H167547.5  2 0.0108 0.0103 0.0085 0.9194 0.0116 0.0314 0.0080 
   H167547.6  2 0.0139 0.0103 0.0070 0.9175 0.0108 0.0330 0.0075 
   H167547.7  2 0.0373 0.5169 0.0523 0.0844 0.0452 0.2098 0.0541 
   H169750.1  2 0.0794 0.2199 0.0337 0.0750 0.4677 0.1031 0.0212 
   H169750.2  2 0.0289 0.1572 0.1135 0.0998 0.2323 0.2483 0.1201 
   H169750.3  2 0.0331 0.1423 0.0639 0.1415 0.3993 0.2094 0.0106 
   H169750.4  2 0.0146 0.1982 0.0358 0.1468 0.4157 0.0205 0.1684 
   H169750.5  2 0.1325 0.1613 0.1497 0.0732 0.3104 0.1419 0.0310 
   H169750.6  2 0.0795 0.1139 0.3712 0.1054 0.1664 0.1238 0.0398 
   H169750.7  2 0.0274 0.2042 0.0586 0.0602 0.5091 0.0929 0.0476 
   H171929.1  2 0.0095 0.1128 0.0257 0.2778 0.0151 0.0130 0.5462 
  H171929.10  2 0.0853 0.1342 0.0623 0.4321 0.0209 0.0861 0.1791 
  H171929.11  2 0.0196 0.0960 0.0328 0.2636 0.0400 0.0519 0.4960 
   H171929.2  2 0.0655 0.2688 0.0276 0.0783 0.1194 0.3780 0.0624 
   H171929.3  2 0.0663 0.0635 0.0527 0.2443 0.0578 0.1456 0.3698 
   H171929.4  2 0.2346 0.4493 0.0362 0.0761 0.0950 0.0967 0.0120 
   H171929.5  2 0.0456 0.0850 0.0370 0.0400 0.0754 0.2794 0.4377 
   H171929.6  2 0.0369 0.0920 0.0371 0.0277 0.0662 0.1621 0.5779 
   H171929.7  2 0.0289 0.7454 0.0531 0.0526 0.0428 0.0321 0.0449 
   H171929.8  2 0.0386 0.7766 0.0259 0.0306 0.0305 0.0720 0.0259 
   H171929.9  2 0.0979 0.7012 0.0598 0.0222 0.0234 0.0843 0.0111 
   H171930.1  2 0.0124 0.0153 0.0265 0.0741 0.2061 0.5858 0.0798 
   H171930.2  2 0.0486 0.0312 0.0302 0.1522 0.0673 0.6533 0.0173 
   H171930.3  2 0.0135 0.0070 0.0130 0.0321 0.0577 0.8022 0.0745 
   H171930.4  2 0.0487 0.0079 0.0112 0.0601 0.1181 0.7310 0.0231 
   H171930.5  2 0.0290 0.0340 0.0750 0.0384 0.1343 0.6563 0.0330 
   H171930.6  2 0.0185 0.0104 0.0909 0.0228 0.0949 0.7527 0.0099 
   H171930.7  2 0.0129 0.0140 0.0128 0.0150 0.0188 0.7410 0.1854 
   H171930.8  2 0.0141 0.0203 0.0164 0.0410 0.0187 0.7818 0.1077 
   H171933.1  2 0.9344 0.0087 0.0070 0.0141 0.0085 0.0115 0.0158 
   H171933.2  2 0.8749 0.0141 0.0112 0.0425 0.0116 0.0174 0.0283 
   H171933.3  2 0.8461 0.0204 0.0106 0.0675 0.0109 0.0302 0.0142 
   H171933.4  2 0.8851 0.0253 0.0073 0.0132 0.0129 0.0495 0.0067 
   H171933.5  2 0.3800 0.1200 0.0105 0.0300 0.1813 0.2640 0.0143 
   H171933.6  2 0.9314 0.0071 0.0161 0.0193 0.0112 0.0093 0.0056 
   H171933.7  2 0.7946 0.0336 0.0284 0.0170 0.0335 0.0733 0.0196 
   H171933.8  2 0.8082 0.0399 0.0150 0.0139 0.0143 0.0792 0.0295 
   H171933.9  2 0.9449 0.0080 0.0063 0.0081 0.0125 0.0147 0.0056 
      H190.1  2 0.0324 0.0177 0.0231 0.0243 0.1683 0.7256 0.0086 
      H190.2  2 0.0097 0.0494 0.1249 0.5247 0.0123 0.2699 0.0091 
      H190.3  2 0.0328 0.1418 0.0445 0.5207 0.0408 0.1998 0.0197 
      H190.4  2 0.1078 0.0408 0.0099 0.0480 0.1157 0.6572 0.0205 
      H190.5  2 0.0216 0.0616 0.3671 0.1494 0.0344 0.3569 0.0090 
      H190.6  2 0.0558 0.0384 0.0156 0.1056 0.0765 0.6926 0.0155 
      H190.7  2 0.0138 0.2167 0.0153 0.6761 0.0192 0.0471 0.0118 
      H190.8  2 0.0245 0.0648 0.1286 0.0307 0.0636 0.6791 0.0088 
      H190.9  2 0.0185 0.2112 0.0393 0.1859 0.0378 0.4883 0.0191 
      H400.1  2 0.6579 0.0193 0.0232 0.2430 0.0234 0.0171 0.0160 
      H400.2  2 0.7475 0.0072 0.1040 0.1015 0.0112 0.0151 0.0135 
      H400.3  2 0.8446 0.0178 0.0191 0.0333 0.0448 0.0267 0.0136 
      H400.4  2 0.1668 0.0180 0.0531 0.6821 0.0358 0.0336 0.0106 
      H400.5  2 0.8940 0.0103 0.0125 0.0185 0.0226 0.0339 0.0081 
      H400.6  2 0.4239 0.0302 0.0640 0.4426 0.0156 0.0145 0.0092 
      H400.7  2 0.8039 0.0106 0.0110 0.1296 0.0130 0.0245 0.0074 
 H428.1_2005  2 0.9553 0.0063 0.0085 0.0058 0.0103 0.0061 0.0077 
 H428.1_2006  2 0.9424 0.0072 0.0148 0.0120 0.0088 0.0083 0.0063 
 H428.2_2005  2 0.9498 0.0092 0.0069 0.0094 0.0064 0.0082 0.0100 
 H428.2_2006  2 0.9389 0.0078 0.0182 0.0088 0.0091 0.0093 0.0079 
 H428.3_2005  2 0.9617 0.0064 0.0066 0.0068 0.0082 0.0062 0.0041 
 H428.3_2006  2 0.9257 0.0086 0.0294 0.0071 0.0104 0.0095 0.0094 
 H428.4_2005  2 0.9604 0.0071 0.0056 0.0057 0.0084 0.0068 0.0059 
 H428.4_2006  2 0.9601 0.0062 0.0097 0.0056 0.0065 0.0055 0.0064 
 H428.5_2005  2 0.9477 0.0060 0.0081 0.0089 0.0064 0.0061 0.0168 
 H428.6_2005  2 0.9560 0.0089 0.0092 0.0054 0.0085 0.0070 0.0049 
 H428.6_2006  2 0.9411 0.0058 0.0121 0.0062 0.0142 0.0073 0.0133 
      H428.7  2 0.9594 0.0060 0.0091 0.0065 0.0064 0.0066 0.0060 
      H428.8  2 0.9427 0.0067 0.0125 0.0065 0.0094 0.0095 0.0127 
      H428.9  2 0.9439 0.0087 0.0088 0.0103 0.0065 0.0082 0.0136 
      H453.1  2 0.8598 0.0155 0.0200 0.0586 0.0253 0.0111 0.0098 
      H453.2  2 0.8048 0.0307 0.0121 0.0785 0.0286 0.0348 0.0104 
      H453.3  2 0.8359 0.0395 0.0119 0.0579 0.0170 0.0296 0.0081 
      H453.4  2 0.8247 0.0243 0.0159 0.0773 0.0200 0.0307 0.0070 
      H453.5  2 0.9201 0.0087 0.0164 0.0206 0.0143 0.0131 0.0070 
      H453.6  2 0.9425 0.0046 0.0117 0.0175 0.0098 0.0082 0.0056 
      H453.7  2 0.1539 0.6548 0.0776 0.0167 0.0130 0.0753 0.0086 
      H453.8  2 0.4363 0.2737 0.0677 0.0502 0.0351 0.1238 0.0132 
      H453.9  2 0.7693 0.0641 0.0898 0.0144 0.0148 0.0376 0.0100 
      H512.1  2 0.7953 0.0258 0.0196 0.0207 0.0624 0.0684 0.0078 
     H512.10  2 0.5390 0.0464 0.0300 0.0089 0.1481 0.0974 0.1302 
      H512.2  2 0.6487 0.0437 0.0374 0.0236 0.1074 0.1126 0.0265 
      H512.3  2 0.1946 0.0182 0.0286 0.0175 0.6004 0.1003 0.0404 
      H512.4  2 0.5912 0.0315 0.0491 0.0279 0.0290 0.2310 0.0403 
      H512.5  2 0.1000 0.0187 0.0179 0.0223 0.7784 0.0246 0.0381 
      H512.6  2 0.1696 0.0806 0.0275 0.0761 0.3925 0.2409 0.0128 
      H512.7  2 0.0645 0.0080 0.0229 0.0276 0.8426 0.0148 0.0197 
      H512.8  2 0.2059 0.0479 0.0397 0.0571 0.2082 0.4178 0.0234 
      H512.9  2 0.2451 0.0324 0.0305 0.0167 0.6275 0.0209 0.0268 
      H513.1  2 0.9515 0.0070 0.0106 0.0096 0.0058 0.0070 0.0085 
      H513.2  2 0.9380 0.0136 0.0101 0.0094 0.0051 0.0098 0.0140 
      H513.3  2 0.9605 0.0067 0.0064 0.0059 0.0070 0.0079 0.0057 
      H513.4  2 0.8954 0.0083 0.0311 0.0239 0.0136 0.0223 0.0054 
      H513.5  2 0.9459 0.0066 0.0086 0.0077 0.0130 0.0095 0.0088 
      H513.6  2 0.6627 0.0165 0.0203 0.0150 0.0185 0.0672 0.1997 
      H532.1  2 0.9047 0.0110 0.0270 0.0130 0.0140 0.0117 0.0186 
      H532.2  2 0.8575 0.0244 0.0163 0.0504 0.0096 0.0285 0.0134 
      H532.3  2 0.7299 0.0343 0.0191 0.1109 0.0218 0.0742 0.0099 
      H532.4  2 0.7936 0.0343 0.1070 0.0209 0.0135 0.0148 0.0159 
      H532.5  2 0.9162 0.0119 0.0125 0.0227 0.0103 0.0082 0.0183 
      H532.6  2 0.8669 0.0211 0.0476 0.0162 0.0186 0.0132 0.0164 
      H532.7  2 0.9067 0.0100 0.0235 0.0158 0.0150 0.0116 0.0174 
      H532.8  2 0.8271 0.0186 0.0461 0.0494 0.0208 0.0152 0.0228 
      H543.1  2 0.0144 0.0088 0.0053 0.0113 0.0082 0.0089 0.9432 
      H543.2  2 0.0537 0.0137 0.0117 0.0305 0.0092 0.0190 0.8621 
      H543.3  2 0.0130 0.0105 0.0074 0.0135 0.0075 0.0062 0.9419 
      H543.4  2 0.0096 0.0123 0.0067 0.0111 0.0076 0.0114 0.9413 
      H543.5  2 0.0103 0.0084 0.0049 0.0097 0.0070 0.0084 0.9512 
      H543.6  2 0.0165 0.0185 0.0055 0.0165 0.0086 0.0084 0.9260 
      H543.7  2 0.0055 0.0065 0.0062 0.0075 0.0053 0.0052 0.9639 
      H543.8  2 0.0299 0.0102 0.0126 0.0126 0.0081 0.0088 0.9178 
      H543.9  2 0.0117 0.0078 0.0079 0.0125 0.0081 0.0058 0.9463 
 H545.1_2005  2 0.0051 0.0055 0.0050 0.0041 0.0045 0.0038 0.9719 
 H545.1_2006  2 0.0086 0.0066 0.0085 0.0072 0.0075 0.0073 0.9543 
 H545.2_2005  2 0.0073 0.0094 0.0118 0.0091 0.0169 0.0083 0.9372 
 H545.2_2006  2 0.0092 0.0056 0.0046 0.0060 0.0057 0.0062 0.9627 
 H545.3_2005  2 0.0080 0.0127 0.0072 0.0132 0.0157 0.0146 0.9287 
 H545.3_2006  2 0.0074 0.0054 0.0103 0.0051 0.0053 0.0050 0.9615 
 H545.4_2005  2 0.0061 0.0125 0.0094 0.0114 0.0105 0.0089 0.9412 
 H545.4_2006  2 0.0058 0.0081 0.0078 0.0091 0.0109 0.0081 0.9503 
 H545.5_2005  2 0.0122 0.0055 0.0116 0.0064 0.0076 0.0058 0.9510 
 H545.5_2006  2 0.0121 0.0085 0.0074 0.0081 0.0108 0.0092 0.9438 
 H545.6_2005  2 0.0052 0.0045 0.0050 0.0058 0.0058 0.0046 0.9690 
 H545.6_2006  2 0.0052 0.0064 0.0052 0.0076 0.0069 0.0056 0.9631 
 H545.7_2005  2 0.0073 0.0051 0.0060 0.0048 0.0061 0.0052 0.9655 
 H545.7_2006  2 0.0082 0.0070 0.0101 0.0085 0.0078 0.0065 0.9519 
 H545.8_2005  2 0.0129 0.0099 0.0136 0.0116 0.0103 0.0115 0.9302 
 H545.8_2006  2 0.0073 0.0063 0.0062 0.0049 0.0052 0.0057 0.9644 
      H545.9  2 0.0083 0.0098 0.0060 0.0076 0.0092 0.0081 0.9510 
      H547.1  2 0.0321 0.0117 0.0069 0.9131 0.0149 0.0119 0.0094 
      H547.2  2 0.0217 0.0133 0.0169 0.9143 0.0095 0.0087 0.0156 
      H547.3  2 0.0140 0.0241 0.0050 0.9152 0.0203 0.0109 0.0105 
      H547.4  2 0.0161 0.0135 0.0103 0.9304 0.0123 0.0104 0.0071 
      H547.5  2 0.0162 0.0094 0.0058 0.9425 0.0093 0.0102 0.0066 
      H547.6  2 0.0129 0.0103 0.0056 0.9371 0.0081 0.0081 0.0178 
      H547.7  2 0.0139 0.0182 0.0092 0.9013 0.0293 0.0120 0.0160 
      H547.8  2 0.0211 0.0112 0.0046 0.9336 0.0114 0.0088 0.0093 
      H548.1  2 0.0076 0.0062 0.0051 0.0072 0.0081 0.0064 0.9594 
      H548.2  2 0.0086 0.0087 0.0096 0.0080 0.0113 0.0117 0.9421 
      H548.3  2 0.0086 0.0108 0.0070 0.0072 0.0075 0.0080 0.9510 
      H548.4  2 0.0138 0.0189 0.0413 0.0094 0.0279 0.0170 0.8716 
      H548.5  2 0.0067 0.0068 0.0078 0.0055 0.0080 0.0078 0.9574 
      H548.6  2 0.0064 0.0069 0.0078 0.0046 0.0143 0.0087 0.9513 
      H548.7  2 0.0111 0.0072 0.0074 0.0065 0.0047 0.0058 0.9573 
      H548.8  2 0.0067 0.0061 0.0123 0.0058 0.0115 0.0117 0.9459 
      H548.9  2 0.0106 0.0148 0.0101 0.0166 0.0152 0.0114 0.9214 
     H7389.1  2 0.9398 0.0102 0.0078 0.0070 0.0074 0.0192 0.0086 
     H7389.2  2 0.9336 0.0060 0.0069 0.0101 0.0062 0.0213 0.0158 
     H7389.3  2 0.9429 0.0048 0.0094 0.0074 0.0076 0.0186 0.0093 
     H7389.4  2 0.9262 0.0089 0.0161 0.0050 0.0091 0.0089 0.0258 
     H7389.5  2 0.9141 0.0152 0.0162 0.0055 0.0141 0.0139 0.0210 
     H7389.6  2 0.9362 0.0065 0.0112 0.0076 0.0097 0.0184 0.0104 
     H7389.7  2 0.9365 0.0062 0.0093 0.0071 0.0091 0.0164 0.0154 
     H7389.8  2 0.7987 0.0203 0.0199 0.0085 0.0190 0.0186 0.1151 
     H7389.9  2 0.9365 0.0076 0.0119 0.0053 0.0068 0.0138 0.0180 
      H747.1  2 0.1118 0.0572 0.0539 0.0736 0.5060 0.1708 0.0268 
      H747.2  2 0.0184 0.0294 0.0200 0.0110 0.4841 0.4098 0.0272 
      H747.3  2 0.0280 0.0321 0.0199 0.0309 0.7223 0.1516 0.0153 
      H747.4  2 0.0132 0.0157 0.0291 0.0479 0.7625 0.1195 0.0120 
      H747.5  2 0.0122 0.0224 0.0195 0.0135 0.7685 0.1504 0.0134 
      H747.6  2 0.0350 0.0518 0.0181 0.0530 0.3150 0.4062 0.1209 
      H747.7  2 0.0390 0.0787 0.0174 0.0129 0.5555 0.2699 0.0266 
     H7484.1  2 0.0474 0.0590 0.8135 0.0300 0.0231 0.0152 0.0118 
     H7484.2  2 0.0132 0.1985 0.6425 0.0350 0.0196 0.0785 0.0127 
     H7484.3  2 0.0131 0.1180 0.7048 0.0459 0.0316 0.0688 0.0177 
     H7484.4  2 0.0469 0.1338 0.7292 0.0246 0.0302 0.0274 0.0078 
     H7484.5  2 0.0279 0.0894 0.6909 0.0155 0.0289 0.1290 0.0184 
     H7484.6  2 0.0278 0.1481 0.1548 0.0296 0.3474 0.2773 0.0149 
     H7484.7  2 0.0596 0.3856 0.4291 0.0116 0.0807 0.0243 0.0091 
     H7484.8  2 0.1961 0.0738 0.5948 0.0154 0.0276 0.0820 0.0103 
     H7485.1  2 0.0091 0.0167 0.0112 0.0094 0.0071 0.0102 0.9363 
     H7485.2  2 0.0077 0.0082 0.0090 0.0072 0.0048 0.0052 0.9579 
     H7485.3  2 0.0067 0.0065 0.0091 0.0057 0.0059 0.0072 0.9588 
     H7485.4  2 0.0076 0.0096 0.0089 0.0052 0.0044 0.0060 0.9584 
     H7485.5  2 0.0106 0.0192 0.0184 0.0081 0.0094 0.0077 0.9265 
     H7485.6  2 0.0119 0.0161 0.0200 0.0082 0.0077 0.0099 0.9262 
     H7485.7  2 0.0084 0.0117 0.0121 0.0068 0.0087 0.0096 0.9428 
     H7496.1  2 0.6326 0.0188 0.0406 0.2518 0.0261 0.0226 0.0075 
    H7496.10  2 0.1208 0.0140 0.0352 0.8014 0.0081 0.0114 0.0090 
    H7496.11  2 0.0372 0.0146 0.0607 0.0890 0.0299 0.0146 0.7540 
     H7496.2  2 0.0699 0.0195 0.0241 0.8452 0.0173 0.0126 0.0113 
     H7496.3  2 0.1559 0.0865 0.3615 0.3169 0.0271 0.0357 0.0164 
     H7496.4  2 0.0525 0.0115 0.0147 0.8798 0.0139 0.0157 0.0119 
     H7496.5  2 0.0492 0.0103 0.0222 0.8675 0.0250 0.0156 0.0102 
     H7496.6  2 0.1644 0.0271 0.0287 0.6978 0.0511 0.0251 0.0057 
     H7496.7  2 0.1026 0.0194 0.0227 0.8191 0.0114 0.0153 0.0095 
     H7496.8  2 0.0526 0.0625 0.0500 0.7574 0.0151 0.0396 0.0227 
        UNK4  2 0.3393 0.0441 0.0381 0.0214 0.0219 0.4662 0.0691 
        UNK5  2 0.7889 0.0347 0.0581 0.0457 0.0095 0.0183 0.0448 
        UNK6  2 0.5710 0.0252 0.0276 0.0209 0.0163 0.2920 0.0470 
        UNK7  2 0.8642 0.0108 0.0153 0.0157 0.0080 0.0103 0.0757 
        UNK8  2 0.7592 0.0203 0.0202 0.0135 0.0069 0.0163 0.1637 
        UNK9  2 0.4833 0.0118 0.1250 0.0246 0.0256 0.1236 0.2060 
      H009.1  4 0.0082 0.9317 0.0070 0.0124 0.0210 0.0120 0.0078 
      H009.2  4 0.0151 0.8707 0.0091 0.0080 0.0655 0.0240 0.0076 
      H009.3  4 0.0099 0.9381 0.0100 0.0085 0.0176 0.0093 0.0067 
      H009.4  4 0.0133 0.8325 0.0143 0.0136 0.0934 0.0208 0.0121 
      H009.5  4 0.0106 0.8605 0.0174 0.0060 0.0375 0.0350 0.0330 
      H009.6  4 0.0077 0.9288 0.0119 0.0149 0.0171 0.0130 0.0066 
      H046.4  4 0.0491 0.1483 0.2967 0.1294 0.2053 0.0797 0.0915 
      H046.8  4 0.0422 0.1446 0.1532 0.0911 0.1999 0.2474 0.1215 
 H076.1_2002  4 0.0054 0.0052 0.0058 0.9653 0.0066 0.0056 0.0062 
 H076.1_2003  4 0.0065 0.0065 0.0051 0.9459 0.0074 0.0191 0.0093 
 H076.1_2004  4 0.0062 0.0073 0.0087 0.9516 0.0079 0.0097 0.0085 
 H076.2_2002  4 0.0053 0.0050 0.0058 0.9646 0.0053 0.0071 0.0070 
 H076.2_2003  4 0.0054 0.0095 0.0064 0.9352 0.0061 0.0255 0.0120 
 H076.2_2004  4 0.0099 0.0140 0.0116 0.9194 0.0223 0.0118 0.0111 
 H076.3_2002  4 0.0176 0.0821 0.0309 0.6372 0.1687 0.0500 0.0136 
 H076.3_2003  4 0.0059 0.0064 0.0085 0.9511 0.0075 0.0094 0.0112 
 H076.3_2004  4 0.0077 0.0081 0.0094 0.9430 0.0057 0.0122 0.0138 
 H076.4_2002  4 0.0308 0.0532 0.0404 0.7092 0.0444 0.1090 0.0131 
 H076.4_2003  4 0.0067 0.0112 0.0061 0.9322 0.0118 0.0205 0.0115 
 H076.4_2004  4 0.0125 0.0314 0.0100 0.8836 0.0391 0.0129 0.0104 
 H076.5_2002  4 0.0080 0.0078 0.0058 0.9512 0.0067 0.0136 0.0068 
 H076.5_2003  4 0.0085 0.0120 0.0090 0.9181 0.0083 0.0146 0.0296 
 H076.5_2004  4 0.0164 0.0267 0.0159 0.8982 0.0103 0.0206 0.0119 
 H076.6_2002  4 0.0076 0.0100 0.0106 0.9406 0.0093 0.0099 0.0120 
 H076.6_2003  4 0.0054 0.0098 0.0052 0.9275 0.0078 0.0339 0.0105 
 H076.6_2004  4 0.0071 0.0152 0.0098 0.9356 0.0102 0.0131 0.0090 
 H076.7_2002  4 0.0203 0.1117 0.0201 0.6943 0.0929 0.0453 0.0155 
 H076.7_2003  4 0.0063 0.0065 0.0067 0.9470 0.0124 0.0077 0.0134 
 H076.7_2004  4 0.0068 0.0147 0.0099 0.9309 0.0179 0.0111 0.0089 
      H477.1  4 0.0588 0.0117 0.0075 0.0077 0.3012 0.6022 0.0110 
      H477.2  4 0.0623 0.0259 0.0106 0.0100 0.5749 0.3085 0.0077 
      H477.3  4 0.0599 0.0247 0.0506 0.0083 0.4733 0.3566 0.0267 
      H477.4  4 0.0525 0.0172 0.0171 0.0106 0.3618 0.4064 0.1344 
      H477.5  4 0.0479 0.0715 0.0255 0.0228 0.5101 0.2676 0.0545 
      H477.6  4 0.0424 0.0172 0.0256 0.0069 0.6173 0.2605 0.0300 
      H477.7  4 0.0344 0.0334 0.0241 0.0264 0.2810 0.4681 0.1326 
 H479.1_2005  4 0.7916 0.0235 0.1107 0.0105 0.0420 0.0111 0.0108 
 H479.1_2006  4 0.0484 0.0239 0.1533 0.0263 0.6160 0.0564 0.0757 
     H479.10  4 0.0228 0.0240 0.6147 0.0232 0.2579 0.0342 0.0233 
 H479.2_2005  4 0.2035 0.1645 0.5387 0.0270 0.0217 0.0209 0.0236 
 H479.2_2006  4 0.1554 0.0130 0.0914 0.0065 0.6978 0.0103 0.0255 
 H479.3_2005  4 0.6020 0.0131 0.1211 0.0196 0.1758 0.0598 0.0086 
 H479.3_2006  4 0.7006 0.0092 0.0279 0.0175 0.1925 0.0432 0.0090 
 H479.4_2005  4 0.1866 0.0237 0.1390 0.0159 0.5746 0.0397 0.0205 
 H479.4_2006  4 0.2391 0.0166 0.3745 0.0338 0.3025 0.0189 0.0146 
 H479.5_2005  4 0.0471 0.0261 0.8518 0.0145 0.0221 0.0249 0.0135 
 H479.5_2006  4 0.1486 0.0149 0.1478 0.0242 0.6427 0.0098 0.0119 
 H479.6_2005  4 0.0540 0.0305 0.1422 0.0249 0.3349 0.3468 0.0668 
 H479.6_2006  4 0.3299 0.0137 0.5185 0.0205 0.0702 0.0186 0.0286 
 H479.7_2005  4 0.7447 0.0249 0.0576 0.0232 0.0698 0.0511 0.0288 
 H479.7_2006  4 0.1774 0.0195 0.0744 0.0829 0.5944 0.0176 0.0339 
 H479.8_2005  4 0.8738 0.0088 0.0434 0.0112 0.0299 0.0147 0.0181 
 H479.8_2006  4 0.0056 0.0139 0.5504 0.0254 0.3156 0.0463 0.0428 
      H479.9  4 0.0264 0.0107 0.0674 0.0143 0.8551 0.0144 0.0117 
      H516.1  4 0.0172 0.1977 0.0337 0.1235 0.4971 0.1122 0.0187 
      H516.2  4 0.0073 0.0265 0.0150 0.0122 0.9178 0.0111 0.0101 
      H516.3  4 0.0082 0.1254 0.0322 0.0160 0.7727 0.0378 0.0078 
      H516.4  4 0.0096 0.0424 0.0209 0.0254 0.8680 0.0194 0.0144 
      H516.5  4 0.0115 0.0706 0.0152 0.0412 0.7460 0.0577 0.0578 
      H516.6  4 0.0065 0.0159 0.0101 0.0082 0.9342 0.0100 0.0151 
      H516.7  4 0.0246 0.0106 0.0233 0.0249 0.8135 0.0912 0.0119 
      H516.8  4 0.0082 0.0978 0.0207 0.0298 0.8082 0.0211 0.0143 
      H516.9  4 0.0104 0.0193 0.0298 0.0136 0.9002 0.0189 0.0077 
      H646.1  4 0.0408 0.3699 0.0176 0.0276 0.4053 0.1324 0.0063 
      H646.2  4 0.0342 0.3080 0.0061 0.1759 0.4292 0.0399 0.0067 
      H646.3  4 0.0177 0.3680 0.0144 0.0172 0.5375 0.0391 0.0062 
      H646.4  4 0.0395 0.0493 0.0086 0.5227 0.3262 0.0454 0.0083 
      H646.5  4 0.0138 0.0549 0.0136 0.3568 0.5392 0.0151 0.0066 
      H658.1  4 0.0113 0.0319 0.0129 0.0112 0.8833 0.0205 0.0288 
     H658.10  4 0.0103 0.0102 0.0074 0.0126 0.9445 0.0079 0.0071 
      H658.2  4 0.0087 0.0242 0.0105 0.0183 0.8914 0.0217 0.0250 
      H658.3  4 0.0167 0.0148 0.0203 0.0151 0.9085 0.0108 0.0138 
      H658.4  4 0.0210 0.0223 0.0326 0.0112 0.8930 0.0108 0.0091 
      H658.5  4 0.0086 0.0080 0.0067 0.0080 0.9570 0.0070 0.0048 
      H658.6  4 0.0099 0.0265 0.0127 0.0102 0.8987 0.0311 0.0110 
      H658.7  4 0.0111 0.0496 0.0229 0.0220 0.8397 0.0401 0.0145 
      H658.8  4 0.0102 0.1226 0.0117 0.0258 0.7723 0.0273 0.0301 
      H658.9  4 0.0063 0.0223 0.0134 0.0217 0.8883 0.0321 0.0159 
      H682.1  4 0.0927 0.0945 0.3314 0.0642 0.1108 0.2927 0.0138 
      H682.6  4 0.1103 0.3002 0.2798 0.0815 0.1443 0.0598 0.0241 
      H720.1  4 0.2696 0.0158 0.0526 0.0654 0.1847 0.4009 0.0110 
      H720.2  4 0.3840 0.0305 0.0262 0.0619 0.3290 0.1583 0.0100 
      H720.3  4 0.0170 0.0174 0.1268 0.1030 0.0407 0.6854 0.0097 
      H720.4  4 0.0515 0.0147 0.0835 0.0492 0.4133 0.3673 0.0205 
      H720.5  4 0.0269 0.0161 0.1588 0.0738 0.0264 0.6650 0.0331 
      H720.6  4 0.0247 0.0165 0.1305 0.0588 0.0256 0.7100 0.0339 
      H720.7  4 0.7457 0.0221 0.0176 0.0076 0.1445 0.0549 0.0077 
      H720.8  4 0.0955 0.0199 0.3180 0.0705 0.0313 0.4572 0.0076 
      H720.9  4 0.0286 0.2469 0.5435 0.0902 0.0397 0.0383 0.0129 
      H724.1  4 0.0097 0.0292 0.0492 0.6320 0.0127 0.2497 0.0176 
      H724.2  4 0.0224 0.0248 0.0174 0.7553 0.0267 0.1343 0.0191 
      H724.3  4 0.0260 0.0144 0.0497 0.7573 0.1358 0.0110 0.0058 
      H724.4  4 0.0098 0.0270 0.1149 0.7019 0.0597 0.0750 0.0117 
      H724.5  4 0.0532 0.0564 0.1828 0.4435 0.2327 0.0244 0.0072 
      H724.6  4 0.0083 0.0114 0.0108 0.9321 0.0109 0.0145 0.0122 
      H725.1  4 0.0258 0.2659 0.5122 0.1072 0.0472 0.0311 0.0106 
      H725.2  4 0.1712 0.6829 0.0250 0.0141 0.0602 0.0259 0.0205 
      H725.3  4 0.0330 0.5634 0.0720 0.0221 0.2569 0.0231 0.0295 
      H725.4  4 0.0992 0.2922 0.1990 0.1260 0.0245 0.0634 0.1958 
      H725.5  4 0.4466 0.0145 0.0171 0.0159 0.1532 0.3417 0.0110 
      H725.6  4 0.0177 0.0446 0.0558 0.0573 0.6983 0.0984 0.0279 
      H725.7  4 0.0207 0.0925 0.6651 0.0439 0.1234 0.0307 0.0237 
      H725.8  4 0.0193 0.1345 0.1192 0.0415 0.3454 0.1202 0.2199 
      H726.1  4 0.0107 0.0256 0.0069 0.0178 0.9190 0.0079 0.0120 
      H726.2  4 0.0331 0.0233 0.0195 0.0302 0.8514 0.0319 0.0108 
      H726.3  4 0.0250 0.1123 0.0130 0.0684 0.7262 0.0328 0.0223 
      H726.4  4 0.0077 0.0092 0.0107 0.0120 0.9433 0.0068 0.0102 
      H726.5  4 0.0126 0.0272 0.0224 0.0182 0.9027 0.0078 0.0091 
        UNK1  4 0.2791 0.3057 0.0308 0.0481 0.2486 0.0340 0.0537 
        UNK2  4 0.0229 0.5459 0.2119 0.0722 0.0855 0.0350 0.0267 
        UNK3  4 0.3909 0.2264 0.0246 0.0739 0.2206 0.0342 0.0293 
      H016.1  5 0.0298 0.0309 0.1326 0.1585 0.0551 0.0139 0.5793 
      H016.2  5 0.0217 0.0369 0.6562 0.0228 0.0132 0.0105 0.2386 
      H016.3  5 0.0095 0.0677 0.0549 0.3163 0.2474 0.0819 0.2223 
      H016.4  5 0.0271 0.0179 0.6926 0.0300 0.0150 0.0157 0.2018 
 H017.1_2002  5 0.0290 0.4644 0.0157 0.1299 0.2647 0.0761 0.0201 
 H017.1_2003  5 0.0351 0.0237 0.0157 0.0335 0.5522 0.1534 0.1864 
 H017.2_2002  5 0.0296 0.4197 0.0620 0.3092 0.0978 0.0585 0.0232 
 H017.2_2003  5 0.0083 0.0120 0.0133 0.0109 0.9368 0.0095 0.0092 
 H017.3_2002  5 0.0280 0.3836 0.0168 0.0373 0.0773 0.0308 0.4262 
 H017.3_2003  5 0.0194 0.8191 0.0078 0.0321 0.0277 0.0508 0.0431 
 H017.4_2002  5 0.0194 0.7639 0.0203 0.0627 0.0134 0.0171 0.1033 
 H017.4_2003  5 0.0070 0.0888 0.0152 0.0089 0.7614 0.0184 0.1004 
 H017.5_2002  5 0.0070 0.1170 0.0111 0.0213 0.0199 0.0149 0.8087 
 H017.5_2003  5 0.0110 0.0776 0.0169 0.0086 0.8172 0.0304 0.0383 
 H017.6_2002  5 0.0309 0.5445 0.0125 0.2269 0.0116 0.1125 0.0612 
 H017.6_2003  5 0.0124 0.0853 0.0187 0.0531 0.7760 0.0404 0.0141 
 H017.7_2002  5 0.0360 0.5548 0.0291 0.0915 0.0257 0.0944 0.1685 
 H017.7_2003  5 0.0069 0.0164 0.0109 0.0073 0.9220 0.0136 0.0228 
      H017.8  5 0.0173 0.4957 0.0237 0.1071 0.1558 0.0588 0.1416 
      H017.9  5 0.0883 0.2698 0.0264 0.0666 0.0414 0.0604 0.4471 
      H032.1  5 0.0094 0.0116 0.0089 0.0145 0.9217 0.0104 0.0235 
      H032.2  5 0.0084 0.0068 0.0085 0.0104 0.9390 0.0077 0.0192 
      H032.3  5 0.0103 0.0082 0.0117 0.0191 0.9237 0.0097 0.0173 
      H032.4  5 0.0066 0.0249 0.0123 0.0119 0.9007 0.0071 0.0366 
      H032.5  5 0.0099 0.0171 0.0098 0.0344 0.9087 0.0083 0.0119 
      H032.6  5 0.0082 0.0125 0.0128 0.0259 0.9176 0.0085 0.0146 
      H032.7  5 0.0132 0.0266 0.0108 0.0290 0.8610 0.0262 0.0331 
 H034.1_2002  5 0.0090 0.8660 0.0221 0.0398 0.0152 0.0294 0.0184 
 H034.1_2003  5 0.0082 0.8869 0.0147 0.0310 0.0213 0.0298 0.0081 
 H034.2_2002  5 0.0156 0.8196 0.0363 0.0195 0.0311 0.0104 0.0676 
 H034.2_2003  5 0.0131 0.8722 0.0121 0.0099 0.0187 0.0668 0.0073 
 H034.3_2002  5 0.0157 0.8284 0.0253 0.0188 0.0153 0.0169 0.0796 
 H034.3_2003  5 0.0168 0.8814 0.0088 0.0503 0.0134 0.0189 0.0103 
 H034.4_2002  5 0.0170 0.7879 0.0468 0.0614 0.0142 0.0420 0.0308 
 H034.4_2003  5 0.0103 0.9169 0.0065 0.0147 0.0255 0.0141 0.0120 
 H034.5_2002  5 0.0089 0.8532 0.0120 0.0205 0.0192 0.0208 0.0655 
 H034.5_2003  5 0.0157 0.7052 0.0115 0.0252 0.0759 0.0659 0.1006 
 H034.6_2002  5 0.0152 0.7929 0.0176 0.0241 0.0162 0.0193 0.1148 
 H034.6_2003  5 0.0150 0.8750 0.0068 0.0192 0.0447 0.0128 0.0265 
 H034.7_2002  5 0.0111 0.9281 0.0125 0.0148 0.0145 0.0093 0.0097 
 H034.7_2003  5 0.0181 0.8160 0.0063 0.0130 0.0997 0.0093 0.0375 
 H034.8_2002  5 0.0112 0.4775 0.0108 0.4418 0.0163 0.0136 0.0288 
 H034.8_2003  5 0.0080 0.8357 0.0090 0.0214 0.0404 0.0183 0.0672 
      H034.9  5 0.0359 0.8121 0.0381 0.0258 0.0250 0.0201 0.0430 
      H048.1  5 0.0167 0.0141 0.0322 0.0169 0.8862 0.0201 0.0138 
      H048.2  5 0.0734 0.0470 0.2313 0.2844 0.3138 0.0290 0.0211 
      H048.3  5 0.0940 0.0149 0.0480 0.5107 0.2507 0.0638 0.0178 
      H048.4  5 0.0338 0.0140 0.1090 0.7256 0.0791 0.0172 0.0213 
      H048.5  5 0.0290 0.0173 0.1298 0.0174 0.7619 0.0280 0.0166 
      H048.6  5 0.0262 0.0145 0.1869 0.6776 0.0625 0.0179 0.0143 
      H048.7  5 0.0121 0.0158 0.1688 0.0349 0.6620 0.0512 0.0552 
      H048.8  5 0.0098 0.0299 0.0900 0.5587 0.2225 0.0229 0.0663 
      H060.1  5 0.0143 0.8982 0.0221 0.0113 0.0086 0.0088 0.0367 
     H060.10  5 0.0058 0.9539 0.0064 0.0112 0.0088 0.0056 0.0083 
      H060.2  5 0.0095 0.9395 0.0074 0.0124 0.0111 0.0090 0.0111 
      H060.3  5 0.0051 0.9574 0.0063 0.0076 0.0067 0.0068 0.0101 
      H060.4  5 0.0126 0.9121 0.0094 0.0168 0.0177 0.0082 0.0233 
      H060.5  5 0.0080 0.9268 0.0119 0.0088 0.0067 0.0161 0.0218 
      H060.6  5 0.0078 0.9333 0.0125 0.0080 0.0062 0.0105 0.0217 
      H060.7  5 0.0092 0.8790 0.0134 0.0579 0.0164 0.0110 0.0131 
      H060.8  5 0.0105 0.9072 0.0155 0.0139 0.0211 0.0150 0.0169 
      H060.9  5 0.0090 0.8975 0.0121 0.0092 0.0144 0.0097 0.0481 
 H070.1_2002  5 0.1889 0.5862 0.0581 0.0323 0.0173 0.0614 0.0558 
 H070.1_2003  5 0.0070 0.9142 0.0233 0.0135 0.0156 0.0085 0.0179 
 H070.1_2004  5 0.0073 0.8280 0.0113 0.0484 0.0170 0.0702 0.0178 
 H070.2_2002  5 0.1250 0.5261 0.0130 0.2568 0.0211 0.0268 0.0312 
 H070.2_2003  5 0.0226 0.8449 0.0251 0.0209 0.0199 0.0382 0.0284 
 H070.2_2004  5 0.0059 0.8800 0.0108 0.0558 0.0147 0.0209 0.0118 
 H070.3_2002  5 0.0248 0.8069 0.0795 0.0298 0.0208 0.0165 0.0217 
 H070.3_2003  5 0.0137 0.9203 0.0088 0.0089 0.0255 0.0088 0.0140 
 H070.3_2004  5 0.0136 0.9074 0.0165 0.0139 0.0090 0.0155 0.0241 
 H070.4_2002  5 0.0281 0.8180 0.0217 0.0415 0.0337 0.0489 0.0081 
 H070.4_2003  5 0.0103 0.8375 0.0150 0.0289 0.0660 0.0152 0.0272 
 H070.4_2004  5 0.0231 0.8608 0.0530 0.0126 0.0206 0.0209 0.0090 
 H070.5_2002  5 0.0242 0.5128 0.3925 0.0129 0.0125 0.0100 0.0351 
 H070.5_2003  5 0.0076 0.9048 0.0138 0.0069 0.0359 0.0099 0.0210 
 H070.5_2004  5 0.0069 0.8287 0.0271 0.0455 0.0128 0.0615 0.0174 
 H070.6_2002  5 0.0429 0.8303 0.0666 0.0116 0.0155 0.0130 0.0201 
 H070.6_2003  5 0.0085 0.9137 0.0070 0.0192 0.0276 0.0163 0.0078 
 H070.6_2004  5 0.0161 0.7985 0.0409 0.0688 0.0153 0.0500 0.0105 
      H077.1  5 0.0074 0.9068 0.0183 0.0175 0.0166 0.0134 0.0201 
      H077.2  5 0.0107 0.1565 0.3099 0.0284 0.2740 0.0125 0.2081 
      H077.3  5 0.0202 0.5585 0.0239 0.2797 0.0590 0.0388 0.0199 
      H077.4  5 0.0183 0.8223 0.0153 0.0312 0.0542 0.0191 0.0397 
      H077.5  5 0.0187 0.1683 0.0322 0.0692 0.4328 0.0315 0.2472 
      H077.6  5 0.0104 0.7563 0.0238 0.0131 0.1150 0.0090 0.0723 
