      H008.1  2 0.0063 0.0047 0.0055 0.0111 0.0058 0.0064 0.1400 0.0113 0.0087 0.0065 0.0069 0.0119 0.7308 0.0095 0.0074 0.0076 0.0059 0.0089 0.0048 
      H008.2  2 0.0168 0.0108 0.0165 0.0112 0.0074 0.0791 0.0072 0.0140 0.0134 0.0059 0.0069 0.0486 0.6715 0.0299 0.0263 0.0054 0.0066 0.0080 0.0143 
      H008.3  2 0.0115 0.0050 0.0095 0.0982 0.0102 0.0132 0.0103 0.0115 0.0153 0.0087 0.0079 0.0327 0.6729 0.0299 0.0219 0.0093 0.0136 0.0065 0.0119 
      H008.4  2 0.0093 0.0042 0.0051 0.0047 0.0108 0.0063 0.0081 0.0070 0.0118 0.0038 0.0092 0.0073 0.8685 0.0072 0.0057 0.0081 0.0035 0.0098 0.0095 
      H008.5  2 0.0053 0.0032 0.0047 0.0071 0.0071 0.0046 0.0099 0.0044 0.0086 0.0049 0.0045 0.0061 0.8992 0.0044 0.0086 0.0045 0.0035 0.0042 0.0052 
      H008.6  2 0.0057 0.0060 0.0109 0.0066 0.0084 0.0093 0.0062 0.0151 0.0090 0.0042 0.0080 0.0146 0.8502 0.0032 0.0130 0.0039 0.0051 0.0068 0.0137 
      H008.7  2 0.0095 0.0061 0.0072 0.0114 0.0225 0.0131 0.0156 0.0171 0.0292 0.0051 0.0112 0.0308 0.7326 0.0273 0.0131 0.0108 0.0054 0.0077 0.0241 
      H008.8  2 0.0265 0.0088 0.0094 0.0143 0.0110 0.2304 0.0605 0.0657 0.0097 0.0148 0.0097 0.0157 0.4557 0.0148 0.0085 0.0063 0.0150 0.0141 0.0091 
      H008.9  2 0.0166 0.0061 0.0101 0.0413 0.0191 0.0328 0.0053 0.1281 0.0170 0.0078 0.0098 0.0970 0.5061 0.0088 0.0186 0.0099 0.0089 0.0099 0.0468 
 H029.1_2002  2 0.0054 0.0152 0.0079 0.0073 0.0146 0.0182 0.5547 0.0210 0.0908 0.0043 0.0481 0.0077 0.1036 0.0106 0.0082 0.0060 0.0108 0.0443 0.0214 
 H029.1_2003  2 0.0101 0.0097 0.0110 0.0417 0.0767 0.0184 0.0431 0.0182 0.5933 0.0105 0.0101 0.0074 0.0871 0.0050 0.0124 0.0043 0.0238 0.0087 0.0085 
 H029.2_2002  2 0.0145 0.0264 0.0076 0.0200 0.1068 0.0089 0.5401 0.0052 0.0598 0.0053 0.0067 0.0153 0.0311 0.0286 0.0364 0.0053 0.0241 0.0232 0.0344 
 H029.2_2003  2 0.0138 0.1026 0.0202 0.0677 0.0691 0.0104 0.1010 0.0128 0.2933 0.0063 0.0052 0.0109 0.1266 0.0078 0.0573 0.0045 0.0536 0.0107 0.0260 
 H029.3_2002  2 0.0222 0.0544 0.0168 0.0542 0.0888 0.0186 0.3889 0.0087 0.0384 0.0111 0.0114 0.0081 0.0303 0.0494 0.0220 0.0050 0.0374 0.0100 0.1242 
 H029.3_2003  2 0.0046 0.0518 0.0149 0.0165 0.0330 0.0110 0.2396 0.0048 0.2945 0.0087 0.0054 0.0152 0.2536 0.0070 0.0139 0.0052 0.0078 0.0061 0.0063 
 H029.4_2002  2 0.0039 0.0162 0.0055 0.0086 0.0168 0.0073 0.7544 0.0047 0.0616 0.0120 0.0112 0.0083 0.0364 0.0129 0.0041 0.0043 0.0034 0.0081 0.0202 
 H029.4_2003  2 0.0073 0.0480 0.0105 0.0640 0.0162 0.0196 0.0857 0.0138 0.6028 0.0250 0.0088 0.0106 0.0413 0.0058 0.0052 0.0034 0.0080 0.0128 0.0111 
 H029.5_2002  2 0.0040 0.0136 0.0058 0.0055 0.0237 0.0062 0.5981 0.0075 0.1030 0.0044 0.0129 0.0133 0.1317 0.0131 0.0068 0.0055 0.0067 0.0313 0.0067 
 H029.5_2003  2 0.0048 0.0154 0.0067 0.0334 0.0272 0.0184 0.2569 0.0078 0.4170 0.0115 0.0072 0.0117 0.1356 0.0041 0.0174 0.0046 0.0063 0.0059 0.0082 
 H029.6_2002  2 0.0065 0.0481 0.0048 0.0102 0.0237 0.0137 0.6196 0.0037 0.1593 0.0071 0.0088 0.0049 0.0206 0.0149 0.0060 0.0064 0.0039 0.0054 0.0322 
 H029.6_2003  2 0.0074 0.1354 0.0148 0.0660 0.1024 0.0126 0.2273 0.0134 0.0514 0.0172 0.0061 0.0139 0.2105 0.0109 0.0389 0.0104 0.0240 0.0286 0.0086 
      H029.7  2 0.0137 0.0342 0.0040 0.0135 0.0190 0.0062 0.6910 0.0059 0.0216 0.0066 0.0062 0.0060 0.0553 0.0238 0.0112 0.0042 0.0117 0.0352 0.0305 
      H030.1  2 0.0087 0.2025 0.3029 0.0092 0.0083 0.0172 0.0205 0.0104 0.0771 0.0158 0.0074 0.0609 0.0297 0.0183 0.0694 0.0604 0.0420 0.0343 0.0052 
      H030.2  2 0.0042 0.0202 0.2775 0.0149 0.0047 0.0075 0.0457 0.0077 0.0300 0.0284 0.2637 0.0233 0.0337 0.1183 0.0080 0.0325 0.0091 0.0119 0.0587 
      H038.1  2 0.0085 0.0081 0.0052 0.0040 0.0058 0.0063 0.8919 0.0088 0.0060 0.0047 0.0045 0.0040 0.0065 0.0041 0.0049 0.0035 0.0057 0.0045 0.0130 
      H038.2  2 0.0025 0.0048 0.0059 0.0059 0.0039 0.0038 0.9054 0.0027 0.0047 0.0055 0.0059 0.0048 0.0057 0.0049 0.0064 0.0090 0.0050 0.0090 0.0044 
      H038.3  2 0.0046 0.0071 0.0100 0.0050 0.0044 0.0073 0.8387 0.0069 0.0043 0.0126 0.0140 0.0120 0.0054 0.0059 0.0075 0.0118 0.0116 0.0115 0.0194 
      H038.4  2 0.0042 0.0052 0.0048 0.0046 0.0070 0.0064 0.8698 0.0049 0.0043 0.0092 0.0087 0.0100 0.0078 0.0056 0.0058 0.0138 0.0073 0.0081 0.0125 
      H038.5  2 0.0031 0.0090 0.0133 0.0093 0.0070 0.0134 0.8601 0.0043 0.0091 0.0125 0.0050 0.0074 0.0051 0.0050 0.0067 0.0069 0.0037 0.0054 0.0136 
      H038.6  2 0.0047 0.0097 0.0103 0.0071 0.0047 0.0056 0.8885 0.0051 0.0071 0.0069 0.0059 0.0048 0.0065 0.0034 0.0070 0.0027 0.0063 0.0064 0.0074 
      H038.7  2 0.0024 0.0049 0.0070 0.0074 0.0037 0.0054 0.8932 0.0044 0.0043 0.0061 0.0098 0.0076 0.0038 0.0030 0.0058 0.0038 0.0124 0.0092 0.0059 
      H038.8  2 0.0036 0.0040 0.0056 0.0035 0.0046 0.0055 0.8709 0.0042 0.0036 0.0100 0.0078 0.0062 0.0057 0.0053 0.0046 0.0099 0.0057 0.0074 0.0317 
      H041.1  2 0.0112 0.1284 0.0069 0.0134 0.0138 0.0075 0.0534 0.0130 0.1788 0.0113 0.0122 0.0721 0.2991 0.1006 0.0087 0.0214 0.0172 0.0116 0.0194 
      H041.2  2 0.0048 0.0094 0.0062 0.0058 0.0185 0.0051 0.0136 0.0139 0.5120 0.0059 0.0203 0.0455 0.2832 0.0046 0.0078 0.0074 0.0065 0.0178 0.0118 
      H041.4  2 0.0167 0.0212 0.0081 0.0111 0.0391 0.0106 0.2063 0.0324 0.4516 0.0082 0.0107 0.0332 0.0698 0.0095 0.0069 0.0129 0.0113 0.0166 0.0237 
      H041.6  2 0.0300 0.0130 0.0082 0.0092 0.0209 0.0069 0.1400 0.0387 0.4949 0.0096 0.0189 0.0175 0.1005 0.0144 0.0072 0.0117 0.0128 0.0333 0.0124 
 H042.1_2002  2 0.0131 0.0113 0.0073 0.0113 0.0094 0.0059 0.0092 0.0239 0.6293 0.0854 0.0173 0.0075 0.0177 0.0079 0.0179 0.0493 0.0117 0.0485 0.0163 
 H042.1_2003  2 0.0096 0.0074 0.0176 0.0112 0.0082 0.0098 0.0060 0.0274 0.0193 0.0131 0.0183 0.0585 0.6629 0.0099 0.0238 0.0100 0.0244 0.0231 0.0393 
 H042.2_2002  2 0.0092 0.0185 0.0057 0.0929 0.0477 0.0089 0.3705 0.0040 0.1855 0.0343 0.1206 0.0064 0.0154 0.0064 0.0184 0.0085 0.0058 0.0060 0.0353 
 H042.2_2003  2 0.0083 0.0067 0.0082 0.0174 0.0158 0.0055 0.0478 0.0144 0.1842 0.0091 0.0200 0.0153 0.3052 0.0036 0.0128 0.0110 0.0070 0.3021 0.0055 
 H042.3_2002  2 0.0150 0.0355 0.0086 0.0467 0.0256 0.0071 0.0086 0.0118 0.2622 0.3705 0.1108 0.0123 0.0121 0.0063 0.0151 0.0151 0.0062 0.0166 0.0140 
 H042.3_2003  2 0.0184 0.0364 0.0115 0.0911 0.0153 0.0109 0.0221 0.0114 0.0788 0.3412 0.1050 0.0210 0.0443 0.0309 0.0169 0.0189 0.0073 0.0956 0.0231 
 H042.4_2002  2 0.0083 0.0588 0.0120 0.0227 0.0220 0.0079 0.0465 0.0131 0.6032 0.0109 0.0089 0.0063 0.0111 0.0110 0.0108 0.0403 0.0082 0.0745 0.0237 
 H042.4_2003  2 0.0155 0.2288 0.0071 0.0073 0.0147 0.0051 0.1114 0.0112 0.2297 0.0106 0.0061 0.0079 0.0109 0.0233 0.0102 0.0176 0.0202 0.2543 0.0082 
      H042.5  2 0.0107 0.0175 0.0050 0.0063 0.0073 0.0043 0.0103 0.0063 0.8398 0.0074 0.0053 0.0096 0.0071 0.0052 0.0068 0.0098 0.0052 0.0332 0.0030 
      H042.6  2 0.0581 0.2760 0.0077 0.0098 0.0084 0.0069 0.0238 0.0068 0.4185 0.0437 0.0200 0.0047 0.0124 0.0097 0.0127 0.0105 0.0205 0.0382 0.0117 
      H042.7  2 0.0082 0.0217 0.0067 0.0122 0.0407 0.0102 0.0498 0.0163 0.3963 0.0716 0.1342 0.0190 0.0084 0.0083 0.0131 0.0814 0.0249 0.0698 0.0073 
      H042.8  2 0.0208 0.0069 0.0047 0.0259 0.0241 0.0093 0.0099 0.0102 0.6916 0.0278 0.0560 0.0188 0.0247 0.0042 0.0160 0.0097 0.0066 0.0107 0.0222 
   H042_2002  2 0.0627 0.0298 0.0099 0.0196 0.0250 0.0143 0.1023 0.0204 0.0467 0.0325 0.2486 0.0180 0.0628 0.0048 0.0160 0.0101 0.0526 0.1609 0.0631 
   H042_2003  2 0.0647 0.0248 0.0128 0.0250 0.0187 0.0146 0.0964 0.0211 0.0510 0.0217 0.2560 0.0317 0.0430 0.0043 0.0188 0.0099 0.0642 0.1688 0.0524 
      H043.1  2 0.0262 0.3048 0.0236 0.0088 0.0035 0.0536 0.0955 0.0050 0.0053 0.1338 0.0072 0.0487 0.0092 0.0166 0.0110 0.0059 0.0504 0.0177 0.1732 
      H043.2  2 0.1561 0.0441 0.0084 0.0090 0.0111 0.0304 0.1106 0.0513 0.0051 0.2016 0.0052 0.0171 0.0509 0.0040 0.0195 0.0040 0.0586 0.0097 0.2032 
      H043.3  2 0.0237 0.0846 0.0073 0.0047 0.0074 0.0245 0.3082 0.0258 0.0086 0.2146 0.0291 0.0163 0.0560 0.0038 0.0187 0.0046 0.1076 0.0246 0.0300 
      H043.4  2 0.0659 0.2538 0.0063 0.0048 0.0042 0.0072 0.1825 0.0118 0.0049 0.1524 0.0124 0.0211 0.0162 0.0052 0.0176 0.0068 0.1183 0.0190 0.0896 
      H043.5  2 0.0069 0.0449 0.0092 0.0055 0.0060 0.0393 0.1392 0.0239 0.0041 0.2718 0.0112 0.0352 0.0765 0.0054 0.0159 0.0048 0.0258 0.0123 0.2622 
      H043.6  2 0.0097 0.0837 0.0106 0.0048 0.0108 0.0110 0.3312 0.0389 0.0070 0.2302 0.0117 0.0048 0.0276 0.0028 0.0112 0.0047 0.0191 0.0134 0.1666 
      H043.7  2 0.0648 0.0630 0.0081 0.0034 0.0037 0.0097 0.0889 0.0364 0.0046 0.1486 0.0144 0.0213 0.0100 0.0031 0.0071 0.0052 0.4230 0.0116 0.0730 
      H043.8  2 0.0325 0.0884 0.0315 0.0062 0.0043 0.3734 0.0400 0.0166 0.0038 0.2293 0.0138 0.0287 0.0117 0.0107 0.0087 0.0074 0.0649 0.0067 0.0213 
      H043.9  2 0.0210 0.4409 0.0116 0.0074 0.0036 0.0541 0.2439 0.0072 0.0063 0.0681 0.0128 0.0108 0.0067 0.0102 0.0065 0.0053 0.0311 0.0097 0.0429 
      H047.1  2 0.0089 0.0046 0.0063 0.0089 0.0041 0.0037 0.3931 0.0094 0.0051 0.0164 0.0427 0.3922 0.0463 0.0046 0.0139 0.0060 0.0077 0.0198 0.0062 
      H047.2  2 0.0070 0.0174 0.0059 0.0078 0.0127 0.0162 0.1976 0.0115 0.0093 0.0045 0.0090 0.5774 0.0182 0.0229 0.0355 0.0103 0.0177 0.0140 0.0051 
      H047.3  2 0.0113 0.0113 0.0068 0.0088 0.0215 0.0220 0.1813 0.0096 0.0129 0.0065 0.0328 0.5086 0.0480 0.0256 0.0325 0.0125 0.0196 0.0237 0.0048 
      H047.4  2 0.0078 0.0153 0.0089 0.0095 0.0143 0.0092 0.2517 0.0179 0.0265 0.0058 0.0447 0.4644 0.0314 0.0080 0.0080 0.0108 0.0254 0.0367 0.0036 
      H047.5  2 0.0503 0.0137 0.0085 0.0114 0.0256 0.0066 0.2359 0.0108 0.0071 0.0098 0.0900 0.4054 0.0413 0.0061 0.0302 0.0152 0.0151 0.0136 0.0032 
      H047.6  2 0.0064 0.0086 0.0049 0.0042 0.0125 0.0051 0.0530 0.0074 0.0205 0.0030 0.0372 0.7825 0.0090 0.0072 0.0083 0.0064 0.0098 0.0097 0.0044 
      H047.7  2 0.0050 0.0042 0.0052 0.0062 0.0052 0.0026 0.4400 0.0068 0.0083 0.0261 0.0846 0.3141 0.0209 0.0061 0.0077 0.0090 0.0045 0.0356 0.0077 
      H047.8  2 0.0110 0.0063 0.0048 0.0096 0.0103 0.0073 0.0794 0.0108 0.0244 0.0067 0.0360 0.6765 0.0470 0.0081 0.0154 0.0070 0.0149 0.0202 0.0043 
      H047.9  2 0.0330 0.0107 0.0098 0.0085 0.0119 0.0033 0.4661 0.0107 0.0061 0.0181 0.0955 0.1499 0.0189 0.0055 0.0482 0.0365 0.0095 0.0541 0.0037 
 H071.1_2002  2 0.0091 0.0090 0.0062 0.0050 0.0052 0.0033 0.8766 0.0058 0.0046 0.0102 0.0072 0.0042 0.0148 0.0030 0.0122 0.0040 0.0061 0.0082 0.0052 
 H071.1_2003  2 0.0721 0.1311 0.0527 0.0072 0.0116 0.0045 0.1002 0.0226 0.0086 0.0105 0.0080 0.0104 0.4659 0.0039 0.0178 0.0062 0.0391 0.0188 0.0088 
     H071.10  2 0.0049 0.0059 0.0096 0.0035 0.0030 0.0070 0.9054 0.0030 0.0044 0.0154 0.0051 0.0029 0.0032 0.0052 0.0034 0.0054 0.0037 0.0035 0.0054 
 H071.2_2002  2 0.0119 0.0086 0.0058 0.0064 0.0096 0.0077 0.8567 0.0162 0.0045 0.0127 0.0052 0.0058 0.0146 0.0031 0.0086 0.0046 0.0057 0.0058 0.0065 
 H071.2_2003  2 0.0071 0.0046 0.0043 0.0042 0.0038 0.0027 0.8900 0.0050 0.0050 0.0039 0.0040 0.0034 0.0374 0.0033 0.0053 0.0028 0.0038 0.0065 0.0030 
      H071.3  2 0.0070 0.0089 0.0668 0.0118 0.0053 0.0104 0.4160 0.0059 0.0127 0.0391 0.0191 0.0446 0.2701 0.0130 0.0052 0.0138 0.0284 0.0074 0.0146 
 H071.4_2002  2 0.0055 0.0076 0.0108 0.0040 0.0058 0.0086 0.8834 0.0067 0.0037 0.0173 0.0056 0.0035 0.0036 0.0053 0.0050 0.0082 0.0047 0.0037 0.0069 
 H071.4_2003  2 0.0061 0.0037 0.0174 0.0095 0.0026 0.0054 0.8602 0.0030 0.0049 0.0163 0.0060 0.0085 0.0185 0.0045 0.0038 0.0112 0.0087 0.0071 0.0025 
 H071.5_2002  2 0.0038 0.0044 0.0050 0.0033 0.0026 0.0040 0.9248 0.0032 0.0046 0.0065 0.0055 0.0033 0.0046 0.0043 0.0029 0.0048 0.0038 0.0046 0.0042 
 H071.5_2003  2 0.0104 0.0114 0.0402 0.0181 0.0038 0.0099 0.5260 0.0139 0.0060 0.0364 0.0152 0.0112 0.1978 0.0044 0.0113 0.0132 0.0319 0.0351 0.0038 
 H071.6_2002  2 0.0060 0.0066 0.0079 0.0050 0.0047 0.0150 0.8652 0.0042 0.0041 0.0284 0.0113 0.0036 0.0114 0.0033 0.0048 0.0052 0.0057 0.0038 0.0040 
 H071.6_2003  2 0.0070 0.0167 0.0500 0.0094 0.0030 0.0056 0.7541 0.0121 0.0051 0.0179 0.0093 0.0067 0.0390 0.0035 0.0090 0.0060 0.0142 0.0284 0.0032 
 H071.7_2002  2 0.0090 0.0066 0.0046 0.0041 0.0038 0.0055 0.8520 0.0053 0.0032 0.0083 0.0094 0.0063 0.0506 0.0030 0.0064 0.0041 0.0082 0.0057 0.0038 
 H071.7_2003  2 0.0119 0.0129 0.0693 0.0131 0.0046 0.0053 0.6728 0.0105 0.0047 0.0271 0.0099 0.0052 0.0789 0.0046 0.0127 0.0133 0.0162 0.0221 0.0049 
      H071.8  2 0.0121 0.0060 0.0058 0.0049 0.0085 0.0087 0.8697 0.0143 0.0062 0.0054 0.0058 0.0058 0.0149 0.0033 0.0066 0.0045 0.0056 0.0050 0.0067 
      H071.9  2 0.0092 0.0694 0.0139 0.0080 0.0153 0.0531 0.7188 0.0132 0.0071 0.0277 0.0125 0.0085 0.0053 0.0050 0.0045 0.0080 0.0062 0.0069 0.0073 
 H081.1_2002  2 0.0253 0.0060 0.0074 0.0076 0.0070 0.0040 0.7726 0.0104 0.0067 0.0067 0.0064 0.0033 0.0972 0.0074 0.0044 0.0073 0.0083 0.0075 0.0044 
 H081.1_2003  2 0.0121 0.0310 0.0817 0.0184 0.0414 0.0269 0.0274 0.0472 0.0488 0.0105 0.0258 0.0097 0.1306 0.0162 0.0184 0.0147 0.1428 0.0274 0.2691 
 H081.2_2002  2 0.0691 0.0070 0.0040 0.0040 0.0063 0.0036 0.7793 0.0084 0.0068 0.0048 0.0056 0.0052 0.0559 0.0051 0.0042 0.0063 0.0118 0.0084 0.0044 
 H081.2_2003  2 0.0715 0.0234 0.6394 0.0080 0.0056 0.0352 0.0210 0.0135 0.0137 0.0236 0.0060 0.0069 0.0538 0.0246 0.0072 0.0093 0.0177 0.0110 0.0086 
 H081.3_2002  2 0.0216 0.0122 0.0094 0.0055 0.0059 0.0097 0.8363 0.0132 0.0071 0.0063 0.0047 0.0125 0.0159 0.0051 0.0056 0.0066 0.0093 0.0081 0.0048 
 H081.3_2003  2 0.0370 0.1375 0.4334 0.0088 0.0121 0.1473 0.0195 0.0349 0.0168 0.0323 0.0072 0.0092 0.0135 0.0121 0.0156 0.0168 0.0172 0.0152 0.0135 
 H081.4_2002  2 0.0071 0.0082 0.0126 0.0091 0.0041 0.0068 0.8097 0.0062 0.0063 0.0173 0.0073 0.0092 0.0508 0.0091 0.0071 0.0082 0.0096 0.0074 0.0042 
 H081.4_2003  2 0.0337 0.1840 0.3261 0.0202 0.0409 0.0536 0.0183 0.0398 0.0453 0.0168 0.0122 0.0063 0.0387 0.0148 0.0226 0.0213 0.0770 0.0139 0.0145 
 H081.5_2002  2 0.0112 0.0126 0.0163 0.0079 0.0036 0.0069 0.7694 0.0105 0.0070 0.0098 0.0058 0.0096 0.0883 0.0048 0.0057 0.0039 0.0120 0.0098 0.0047 
 H081.5_2003  2 0.0528 0.1514 0.0717 0.0106 0.0479 0.0215 0.0204 0.0464 0.0262 0.0094 0.0219 0.0143 0.2078 0.0152 0.0307 0.0250 0.1778 0.0261 0.0231 
      H081.6  2 0.0153 0.0063 0.0120 0.0143 0.0065 0.0045 0.6856 0.0074 0.0062 0.0098 0.0089 0.0042 0.1735 0.0045 0.0066 0.0075 0.0132 0.0081 0.0056 
      H081.7  2 0.1238 0.0156 0.0119 0.0059 0.0052 0.0099 0.6997 0.0080 0.0050 0.0089 0.0060 0.0064 0.0498 0.0050 0.0047 0.0133 0.0089 0.0078 0.0041 
      H081.8  2 0.0079 0.0156 0.0504 0.0101 0.0090 0.0194 0.7577 0.0110 0.0098 0.0177 0.0075 0.0070 0.0164 0.0157 0.0058 0.0128 0.0107 0.0063 0.0093 
      H083.1  2 0.0070 0.0163 0.0100 0.0117 0.0168 0.0056 0.7585 0.0038 0.0302 0.0087 0.0189 0.0096 0.0193 0.0372 0.0105 0.0046 0.0142 0.0056 0.0115 
      H083.2  2 0.0098 0.0180 0.0039 0.0056 0.0049 0.0079 0.8615 0.0062 0.0051 0.0051 0.0075 0.0147 0.0052 0.0111 0.0065 0.0073 0.0094 0.0051 0.0052 
      H083.4  2 0.0084 0.0050 0.0046 0.0063 0.0038 0.0177 0.8420 0.0044 0.0054 0.0073 0.0049 0.0085 0.0071 0.0402 0.0039 0.0092 0.0085 0.0040 0.0087 
      H083.5  2 0.0119 0.0087 0.0086 0.0073 0.0389 0.0070 0.6801 0.0054 0.0419 0.0052 0.0078 0.0153 0.0174 0.0863 0.0080 0.0069 0.0138 0.0055 0.0241 
      H083.6  2 0.0106 0.0100 0.0090 0.0246 0.0509 0.0147 0.5801 0.0057 0.0187 0.0084 0.0069 0.0059 0.0381 0.1613 0.0095 0.0115 0.0174 0.0041 0.0126 
      H083.7  2 0.0131 0.0040 0.0040 0.0099 0.0069 0.0142 0.7596 0.0065 0.0069 0.0085 0.0051 0.0084 0.0080 0.1013 0.0040 0.0203 0.0077 0.0041 0.0076 
      H083.8  2 0.0124 0.0164 0.0037 0.0076 0.0052 0.0074 0.8515 0.0058 0.0056 0.0047 0.0046 0.0224 0.0047 0.0124 0.0061 0.0095 0.0088 0.0063 0.0050 
      H083.9  2 0.0074 0.0068 0.0071 0.0076 0.0292 0.0060 0.6494 0.0039 0.0385 0.0047 0.0090 0.0130 0.0215 0.1570 0.0059 0.0059 0.0122 0.0060 0.0091 
      H084.1  2 0.0079 0.0387 0.6764 0.0123 0.0455 0.0181 0.0147 0.0064 0.0113 0.0067 0.0126 0.0192 0.0045 0.0071 0.0143 0.0095 0.0104 0.0061 0.0783 
      H084.2  2 0.0032 0.2647 0.5489 0.0087 0.0073 0.0251 0.0094 0.0057 0.0151 0.0114 0.0053 0.0052 0.0048 0.0054 0.0083 0.0048 0.0127 0.0089 0.0452 
      H084.3  2 0.0066 0.0153 0.3076 0.0108 0.0565 0.0173 0.0075 0.0044 0.0178 0.0063 0.0511 0.0109 0.0075 0.0128 0.0186 0.1119 0.0414 0.0284 0.2676 
      H084.4  2 0.0040 0.0474 0.2907 0.0159 0.0410 0.0167 0.0087 0.0059 0.0422 0.0097 0.0360 0.0282 0.0141 0.0058 0.0121 0.0256 0.0739 0.0823 0.2398 
      H084.5  2 0.0094 0.0099 0.5273 0.0084 0.0843 0.0107 0.0050 0.0054 0.0059 0.0068 0.1700 0.0268 0.0083 0.0051 0.0125 0.0200 0.0282 0.0135 0.0425 
      H084.6  2 0.0109 0.0064 0.5807 0.0063 0.0431 0.0270 0.0083 0.0051 0.0093 0.0058 0.0532 0.0236 0.0051 0.0479 0.0056 0.0539 0.0134 0.0147 0.0799 
      H084.7  2 0.0041 0.0780 0.7427 0.0115 0.0105 0.0259 0.0081 0.0072 0.0217 0.0134 0.0071 0.0078 0.0093 0.0045 0.0089 0.0070 0.0068 0.0131 0.0124 
      H084.8  2 0.0060 0.0063 0.5832 0.0097 0.1576 0.0098 0.0055 0.0044 0.0112 0.0054 0.0326 0.0326 0.0078 0.0074 0.0111 0.0273 0.0149 0.0129 0.0544 
 H085.1_2002  2 0.6952 0.1334 0.0116 0.0050 0.0048 0.0071 0.0250 0.0090 0.0146 0.0064 0.0127 0.0049 0.0210 0.0118 0.0069 0.0056 0.0063 0.0052 0.0135 
 H085.1_2003  2 0.0484 0.1486 0.0077 0.0199 0.0105 0.0168 0.0204 0.0077 0.0218 0.0234 0.0060 0.0083 0.5574 0.0449 0.0053 0.0174 0.0100 0.0073 0.0181 
 H085.2_2002  2 0.1449 0.3124 0.0164 0.0055 0.0257 0.0145 0.0381 0.0901 0.0160 0.0422 0.0217 0.0057 0.0145 0.1170 0.0076 0.0254 0.0318 0.0131 0.0574 
 H085.2_2003  2 0.0172 0.0549 0.0159 0.0202 0.0062 0.0182 0.0844 0.0162 0.0409 0.0205 0.0074 0.0193 0.5874 0.0281 0.0143 0.0094 0.0151 0.0116 0.0128 
 H085.3_2002  2 0.6094 0.1507 0.0053 0.0041 0.0090 0.0053 0.0070 0.0130 0.0167 0.0224 0.0041 0.0057 0.0493 0.0208 0.0055 0.0118 0.0354 0.0199 0.0048 
 H085.3_2003  2 0.0067 0.0075 0.0062 0.0058 0.0027 0.0032 0.0087 0.0044 0.0060 0.0127 0.0032 0.0072 0.8904 0.0034 0.0052 0.0044 0.0134 0.0063 0.0028 
 H085.4_2002  2 0.4047 0.0837 0.0192 0.0085 0.0229 0.0147 0.1237 0.0846 0.0225 0.0398 0.0172 0.0054 0.0430 0.0253 0.0103 0.0151 0.0156 0.0117 0.0319 
 H085.4_2003  2 0.0102 0.0193 0.0167 0.0054 0.0087 0.0064 0.4183 0.0178 0.0440 0.0101 0.0478 0.0090 0.2116 0.0096 0.0126 0.0169 0.0167 0.1118 0.0070 
 H085.5_2002  2 0.7558 0.0334 0.0035 0.0046 0.0085 0.0056 0.0053 0.0118 0.0086 0.0173 0.0038 0.0057 0.0866 0.0038 0.0058 0.0099 0.0190 0.0068 0.0042 
 H085.5_2003  2 0.0155 0.0111 0.0152 0.0168 0.0031 0.0099 0.0992 0.0063 0.0110 0.0217 0.0071 0.0062 0.7005 0.0401 0.0078 0.0064 0.0067 0.0100 0.0055 
 H085.6_2002  2 0.3169 0.5404 0.0058 0.0051 0.0061 0.0060 0.0098 0.0116 0.0096 0.0073 0.0048 0.0082 0.0214 0.0083 0.0038 0.0061 0.0121 0.0073 0.0092 
 H085.6_2003  2 0.0154 0.0649 0.0107 0.0096 0.0147 0.0060 0.0159 0.0612 0.0200 0.0226 0.0064 0.0263 0.4949 0.0050 0.0137 0.0275 0.1276 0.0519 0.0058 
 H085.7_2002  2 0.2996 0.1439 0.0144 0.0060 0.0060 0.0083 0.0359 0.0361 0.0687 0.0260 0.0071 0.0181 0.1041 0.0747 0.0098 0.0120 0.0864 0.0293 0.0137 
 H085.7_2003  2 0.0108 0.0186 0.0059 0.0081 0.0078 0.0071 0.0485 0.0067 0.0103 0.0475 0.0057 0.0088 0.7577 0.0084 0.0083 0.0115 0.0081 0.0128 0.0075 
 H085.8_2002  2 0.1103 0.0559 0.0125 0.0065 0.0198 0.0093 0.0176 0.0582 0.0108 0.1480 0.0068 0.0105 0.1162 0.0154 0.0054 0.0227 0.3408 0.0168 0.0163 
 H085.8_2003  2 0.0453 0.1223 0.0199 0.0117 0.0139 0.0150 0.0891 0.0205 0.1655 0.0178 0.0287 0.0167 0.1473 0.1172 0.0140 0.0283 0.0154 0.0984 0.0128 
      H085.9  2 0.5844 0.0586 0.0170 0.0060 0.0104 0.0095 0.0299 0.0163 0.0198 0.0155 0.0105 0.0073 0.1143 0.0143 0.0099 0.0154 0.0141 0.0115 0.0353 
      H088.1  2 0.0217 0.0375 0.0120 0.0245 0.0887 0.0299 0.0095 0.0155 0.6643 0.0132 0.0045 0.0063 0.0078 0.0094 0.0149 0.0163 0.0075 0.0081 0.0086 
      H088.2  2 0.0255 0.0233 0.0107 0.0095 0.0564 0.0109 0.0078 0.0122 0.7462 0.0072 0.0141 0.0068 0.0062 0.0073 0.0100 0.0108 0.0138 0.0136 0.0077 
      H088.3  2 0.0100 0.0144 0.0066 0.0070 0.0183 0.0114 0.0051 0.0114 0.8448 0.0048 0.0059 0.0083 0.0060 0.0058 0.0088 0.0047 0.0132 0.0090 0.0047 
      H088.4  2 0.0037 0.0077 0.0149 0.0123 0.0080 0.0080 0.0061 0.0074 0.8839 0.0047 0.0051 0.0043 0.0056 0.0028 0.0047 0.0030 0.0056 0.0078 0.0045 
      H088.5  2 0.0046 0.0062 0.0049 0.0097 0.0093 0.0070 0.0039 0.0067 0.9030 0.0051 0.0031 0.0049 0.0050 0.0043 0.0043 0.0046 0.0041 0.0058 0.0036 
      H088.6  2 0.0044 0.0082 0.0089 0.0097 0.0197 0.0094 0.0068 0.0064 0.8622 0.0060 0.0039 0.0101 0.0096 0.0045 0.0068 0.0071 0.0053 0.0070 0.0040 
      H088.7  2 0.0066 0.0137 0.0061 0.0065 0.0096 0.0071 0.0128 0.0050 0.8602 0.0043 0.0072 0.0165 0.0100 0.0047 0.0049 0.0054 0.0056 0.0085 0.0054 
      H088.8  2 0.0060 0.0092 0.0128 0.0196 0.0119 0.0146 0.0172 0.0077 0.8223 0.0074 0.0051 0.0111 0.0148 0.0068 0.0064 0.0073 0.0055 0.0092 0.0049 
      H091.1  2 0.0062 0.0154 0.0056 0.0093 0.0065 0.0068 0.0101 0.0058 0.6772 0.0954 0.0049 0.0054 0.0996 0.0103 0.0069 0.0109 0.0100 0.0078 0.0058 
      H091.2  2 0.0056 0.0088 0.0044 0.0189 0.0053 0.0140 0.0160 0.0063 0.6226 0.0684 0.0080 0.0138 0.1321 0.0266 0.0078 0.0216 0.0077 0.0078 0.0044 
      H109.1  2 0.0225 0.0210 0.0388 0.0358 0.0208 0.4459 0.0161 0.0103 0.0075 0.0254 0.0530 0.1512 0.0087 0.0744 0.0128 0.0124 0.0121 0.0084 0.0228 
      H109.2  2 0.0091 0.0176 0.3703 0.0790 0.0109 0.0601 0.0537 0.0491 0.0128 0.0371 0.0521 0.0717 0.0157 0.0209 0.0057 0.0179 0.0141 0.0801 0.0223 
      H109.3  2 0.0042 0.0457 0.0649 0.0301 0.0156 0.0249 0.0205 0.0115 0.0097 0.0536 0.0158 0.5459 0.0197 0.0072 0.0214 0.0119 0.0223 0.0627 0.0126 
      H109.4  2 0.0082 0.0432 0.1363 0.0893 0.0122 0.1725 0.0178 0.0189 0.0196 0.2180 0.0155 0.0686 0.0189 0.0122 0.0089 0.0139 0.0103 0.0873 0.0283 
      H109.5  2 0.0067 0.1545 0.0686 0.0575 0.0580 0.0083 0.0847 0.0099 0.0515 0.0133 0.0238 0.0627 0.0756 0.0045 0.0118 0.0106 0.0096 0.2841 0.0043 
      H109.6  2 0.0086 0.0113 0.2796 0.0319 0.0274 0.2116 0.0449 0.0325 0.0092 0.0293 0.0330 0.1061 0.0227 0.0154 0.0142 0.0275 0.0328 0.0431 0.0190 
      H126.1  2 0.1451 0.0183 0.0095 0.0994 0.0180 0.0792 0.0102 0.1402 0.0154 0.0569 0.1163 0.0126 0.0153 0.0063 0.0424 0.0092 0.0159 0.1806 0.0092 
      H126.2  2 0.0529 0.0078 0.0133 0.0246 0.0057 0.0143 0.0778 0.0699 0.0107 0.1192 0.0150 0.0342 0.4152 0.0152 0.0204 0.0106 0.0210 0.0247 0.0476 
      H126.3  2 0.0198 0.0345 0.0045 0.0761 0.0086 0.0461 0.0619 0.0157 0.0352 0.0206 0.3671 0.0065 0.2518 0.0210 0.0080 0.0042 0.0046 0.0059 0.0077 
      H126.4  2 0.0152 0.0058 0.0095 0.3477 0.0102 0.0095 0.0264 0.4240 0.0083 0.0525 0.0136 0.0105 0.0095 0.0151 0.0088 0.0064 0.0090 0.0068 0.0114 
      H126.5  2 0.0416 0.0061 0.0071 0.0415 0.0059 0.0122 0.1523 0.1423 0.0073 0.1679 0.0817 0.0054 0.1388 0.0065 0.0330 0.0091 0.0534 0.0818 0.0061 
      H126.6  2 0.1145 0.0324 0.0048 0.0096 0.0054 0.0069 0.2497 0.0209 0.0102 0.0096 0.1590 0.0099 0.3148 0.0069 0.0100 0.0035 0.0197 0.0072 0.0049 
      H126.7  2 0.0395 0.0156 0.0071 0.0373 0.0037 0.0104 0.6814 0.0082 0.0350 0.0406 0.0184 0.0072 0.0428 0.0065 0.0070 0.0069 0.0207 0.0089 0.0028 
      H130.1  2 0.0094 0.5917 0.0099 0.0111 0.0133 0.0174 0.0064 0.1059 0.0192 0.0212 0.0049 0.0123 0.0109 0.0080 0.0279 0.0121 0.0136 0.0976 0.0070 
      H130.2  2 0.0068 0.6104 0.1033 0.0104 0.0074 0.0347 0.0202 0.0352 0.0108 0.0081 0.0044 0.0260 0.0210 0.0157 0.0293 0.0192 0.0152 0.0125 0.0094 
      H130.3  2 0.0051 0.4829 0.0315 0.0703 0.0096 0.0446 0.0191 0.0116 0.0196 0.0086 0.0054 0.0176 0.0111 0.0038 0.2009 0.0165 0.0218 0.0148 0.0052 
      H130.4  2 0.0128 0.5215 0.0140 0.0116 0.0081 0.0324 0.0051 0.1902 0.0090 0.0117 0.0063 0.0135 0.0095 0.0140 0.0832 0.0183 0.0091 0.0176 0.0121 
      H130.5  2 0.0088 0.8395 0.0104 0.0046 0.0095 0.0080 0.0098 0.0223 0.0084 0.0064 0.0052 0.0046 0.0085 0.0072 0.0075 0.0131 0.0089 0.0129 0.0043 
      H133.1  2 0.0063 0.8527 0.0090 0.0134 0.0054 0.0067 0.0074 0.0127 0.0063 0.0043 0.0054 0.0109 0.0075 0.0065 0.0094 0.0052 0.0068 0.0112 0.0128 
      H133.2  2 0.0147 0.8289 0.0263 0.0071 0.0082 0.0104 0.0059 0.0135 0.0059 0.0043 0.0072 0.0104 0.0103 0.0035 0.0085 0.0043 0.0101 0.0159 0.0046 
      H133.3  2 0.0075 0.8486 0.0068 0.0053 0.0075 0.0057 0.0081 0.0074 0.0090 0.0060 0.0056 0.0066 0.0101 0.0048 0.0069 0.0059 0.0056 0.0227 0.0199 
      H133.4  2 0.0069 0.7881 0.0138 0.0066 0.0063 0.0220 0.0119 0.0087 0.0063 0.0066 0.0074 0.0427 0.0107 0.0082 0.0110 0.0057 0.0092 0.0119 0.0158 
      H133.5  2 0.0079 0.9003 0.0073 0.0055 0.0045 0.0084 0.0035 0.0066 0.0071 0.0066 0.0044 0.0044 0.0042 0.0041 0.0056 0.0034 0.0060 0.0048 0.0054 
      H133.6  2 0.0123 0.8529 0.0083 0.0055 0.0082 0.0129 0.0050 0.0109 0.0130 0.0058 0.0066 0.0064 0.0053 0.0059 0.0069 0.0058 0.0074 0.0162 0.0047 
      H133.7  2 0.0099 0.7781 0.0057 0.0050 0.0105 0.0066 0.0076 0.0086 0.0074 0.0077 0.0051 0.0335 0.0122 0.0065 0.0055 0.0164 0.0091 0.0394 0.0252 
      H133.8  2 0.0359 0.8048 0.0063 0.0072 0.0053 0.0107 0.0070 0.0065 0.0059 0.0126 0.0164 0.0193 0.0064 0.0058 0.0216 0.0045 0.0056 0.0050 0.0131 
      H133.9  2 0.0068 0.8115 0.0076 0.0122 0.0060 0.0083 0.0067 0.0187 0.0071 0.0050 0.0047 0.0153 0.0108 0.0096 0.0163 0.0058 0.0124 0.0154 0.0199 
      H147.1  2 0.0124 0.0065 0.0200 0.0071 0.0114 0.0040 0.0077 0.0094 0.0099 0.0042 0.0131 0.0095 0.8298 0.0090 0.0032 0.0066 0.0165 0.0123 0.0073 
      H147.2  2 0.0089 0.0083 0.0160 0.0051 0.0054 0.0036 0.0976 0.0061 0.0069 0.0045 0.0091 0.0060 0.7662 0.0048 0.0048 0.0040 0.0300 0.0080 0.0048 
      H147.3  2 0.0124 0.0056 0.0078 0.0062 0.0052 0.0033 0.0128 0.0063 0.0045 0.0037 0.0049 0.0050 0.8886 0.0036 0.0062 0.0052 0.0072 0.0082 0.0034 
      H147.4  2 0.0058 0.0035 0.0094 0.0044 0.0035 0.0026 0.0051 0.0038 0.0038 0.0031 0.0063 0.0041 0.9175 0.0050 0.0036 0.0030 0.0057 0.0038 0.0060 
      H147.5  2 0.0083 0.0065 0.0586 0.0461 0.0092 0.0038 0.0302 0.0060 0.0189 0.0062 0.0081 0.0058 0.7396 0.0109 0.0056 0.0047 0.0142 0.0124 0.0047 
      H147.6  2 0.0087 0.0066 0.0568 0.0469 0.0070 0.0045 0.0200 0.0047 0.0239 0.0074 0.0118 0.0112 0.7252 0.0081 0.0054 0.0052 0.0213 0.0208 0.0045 
      H147.7  2 0.0047 0.0035 0.0159 0.0066 0.0044 0.0028 0.0099 0.0040 0.0044 0.0044 0.0063 0.0083 0.8877 0.0082 0.0046 0.0052 0.0061 0.0071 0.0061 
      H147.8  2 0.0049 0.0055 0.0571 0.0127 0.0048 0.0049 0.0184 0.0025 0.0164 0.0044 0.0069 0.0079 0.8220 0.0074 0.0037 0.0030 0.0060 0.0034 0.0081 
      H147.9  2 0.0075 0.0045 0.0105 0.0048 0.0044 0.0033 0.0172 0.0054 0.0036 0.0042 0.0062 0.0050 0.8932 0.0040 0.0043 0.0030 0.0082 0.0075 0.0031 
      H148.1  2 0.0056 0.0116 0.0371 0.0181 0.0543 0.0489 0.0053 0.6187 0.0160 0.0098 0.0367 0.0176 0.0194 0.0224 0.0065 0.0136 0.0239 0.0086 0.0261 
      H148.2  2 0.0134 0.0180 0.0139 0.0447 0.3347 0.0849 0.0087 0.2669 0.0064 0.0071 0.0415 0.0105 0.0263 0.0146 0.0047 0.0574 0.0135 0.0080 0.0247 
      H148.3  2 0.0075 0.0045 0.0183 0.0104 0.1842 0.0165 0.0101 0.0432 0.0107 0.0151 0.0304 0.0128 0.0423 0.0084 0.0097 0.5203 0.0092 0.0136 0.0328 
      H148.4  2 0.0110 0.0109 0.0112 0.0210 0.1434 0.1094 0.0103 0.3850 0.0115 0.0171 0.0429 0.0081 0.0374 0.0087 0.0087 0.0650 0.0353 0.0273 0.0356 
      H148.5  2 0.0081 0.0047 0.0322 0.0337 0.3143 0.0458 0.0066 0.0238 0.0280 0.0103 0.0234 0.0086 0.0188 0.0097 0.0104 0.3813 0.0134 0.0065 0.0204 
      H148.6  2 0.0126 0.0086 0.0135 0.0288 0.1800 0.0347 0.0095 0.1618 0.0173 0.0066 0.0323 0.0101 0.0446 0.0261 0.0049 0.2824 0.0110 0.0188 0.0963 
      H148.7  2 0.0086 0.0071 0.0215 0.1193 0.2430 0.2085 0.0062 0.0896 0.0286 0.0158 0.0207 0.0235 0.0191 0.0099 0.0084 0.1084 0.0210 0.0073 0.0336 
      H148.8  2 0.0070 0.0058 0.0093 0.0249 0.2620 0.0178 0.0056 0.1526 0.0217 0.0064 0.0086 0.0058 0.0245 0.0052 0.0040 0.3862 0.0110 0.0179 0.0239 
      H148.9  2 0.0635 0.0067 0.0193 0.0534 0.0871 0.0978 0.0072 0.1139 0.0089 0.0322 0.1071 0.0403 0.0160 0.0168 0.0137 0.2023 0.0114 0.0117 0.0908 
   H166022.1  2 0.0072 0.0115 0.0161 0.0070 0.0090 0.0048 0.0048 0.0061 0.8051 0.0037 0.0096 0.0059 0.0237 0.0493 0.0032 0.0061 0.0083 0.0105 0.0082 
   H166022.2  2 0.0136 0.0177 0.1141 0.0230 0.0107 0.0104 0.0290 0.0124 0.4738 0.0098 0.0144 0.0328 0.0375 0.0522 0.0118 0.0161 0.0922 0.0176 0.0107 
   H166022.3  2 0.0045 0.0156 0.0117 0.0238 0.0105 0.0209 0.0031 0.0079 0.6949 0.0136 0.0042 0.0104 0.0063 0.1195 0.0064 0.0175 0.0162 0.0076 0.0052 
   H166022.4  2 0.0042 0.0138 0.0095 0.0081 0.0066 0.0121 0.0052 0.0041 0.8428 0.0142 0.0046 0.0052 0.0070 0.0138 0.0063 0.0060 0.0266 0.0053 0.0047 
   H166022.5  2 0.0038 0.0221 0.0530 0.0072 0.0087 0.0082 0.0062 0.0041 0.7936 0.0083 0.0059 0.0060 0.0101 0.0161 0.0084 0.0055 0.0183 0.0106 0.0040 
   H166022.6  2 0.0071 0.0458 0.0161 0.0082 0.0083 0.0086 0.0054 0.0168 0.7317 0.0105 0.0064 0.0181 0.0168 0.0443 0.0076 0.0063 0.0174 0.0123 0.0122 
   H166022.7  2 0.0050 0.0067 0.0135 0.0095 0.0050 0.8742 0.0070 0.0080 0.0066 0.0066 0.0046 0.0106 0.0107 0.0029 0.0069 0.0037 0.0044 0.0070 0.0071 
   H166022.8  2 0.0173 0.0981 0.1246 0.0074 0.0139 0.0075 0.0074 0.0388 0.2055 0.0073 0.0110 0.0124 0.0931 0.0500 0.0123 0.0076 0.2439 0.0356 0.0062 
   H167397.1  2 0.0045 0.0054 0.0358 0.0089 0.0113 0.0070 0.0195 0.0150 0.1805 0.0126 0.0206 0.0129 0.1578 0.0056 0.0052 0.0120 0.0134 0.0327 0.4393 
   H167397.2  2 0.0260 0.0368 0.0085 0.0144 0.0126 0.0094 0.0084 0.0992 0.0143 0.0076 0.0107 0.0071 0.2342 0.0319 0.0066 0.0115 0.0112 0.0058 0.4438 
   H167397.3  2 0.0052 0.0066 0.0139 0.0095 0.0051 0.0046 0.0415 0.0241 0.0641 0.0078 0.0316 0.0145 0.1454 0.0088 0.0075 0.0128 0.0059 0.0403 0.5509 
   H167397.4  2 0.0287 0.0149 0.0122 0.0242 0.0515 0.0097 0.0137 0.0084 0.0130 0.0089 0.0132 0.0402 0.1097 0.0194 0.0085 0.0157 0.0087 0.0043 0.5951 
   H167397.5  2 0.0087 0.0145 0.0257 0.0264 0.0131 0.0115 0.0155 0.0583 0.0392 0.0323 0.0155 0.0127 0.0775 0.0099 0.0068 0.0172 0.0227 0.0221 0.5705 
   H167397.6  2 0.0127 0.0115 0.0068 0.0222 0.0204 0.0089 0.0364 0.0189 0.0362 0.0130 0.1055 0.0234 0.0538 0.0100 0.0140 0.0095 0.0063 0.0125 0.5781 
   H167496.1  2 0.0055 0.0660 0.0165 0.0140 0.1217 0.0154 0.0172 0.0094 0.1216 0.0669 0.0119 0.0091 0.0048 0.0195 0.0179 0.0481 0.0134 0.4105 0.0106 
   H167496.2  2 0.0135 0.0600 0.0271 0.0196 0.0607 0.0717 0.1756 0.0226 0.0426 0.0355 0.0787 0.0437 0.0158 0.0084 0.0128 0.1034 0.1171 0.0797 0.0117 
   H167496.3  2 0.0886 0.0860 0.0086 0.0141 0.0161 0.0132 0.0200 0.0218 0.1672 0.0401 0.0085 0.0162 0.0512 0.0596 0.0185 0.1084 0.0559 0.1963 0.0097 
   H167496.4  2 0.0064 0.0074 0.0049 0.0085 0.0048 0.0042 0.0077 0.0043 0.8798 0.0076 0.0073 0.0055 0.0196 0.0080 0.0043 0.0038 0.0071 0.0044 0.0043 
   H167496.6  2 0.0077 0.0115 0.0083 0.0150 0.0078 0.0076 0.0091 0.0063 0.7388 0.0071 0.0153 0.0082 0.0414 0.0061 0.0109 0.0038 0.0799 0.0098 0.0053 
   H167496.7  2 0.0048 0.0212 0.0071 0.0110 0.0073 0.0091 0.0046 0.0157 0.0090 0.0444 0.0132 0.0223 0.0097 0.0183 0.0083 0.0321 0.0097 0.7461 0.0062 
   H167496.8  2 0.0087 0.0176 0.0239 0.0100 0.0119 0.0087 0.0172 0.0078 0.6895 0.0087 0.0306 0.0183 0.0476 0.0067 0.0056 0.0061 0.0431 0.0323 0.0056 
   H167513.1  2 0.0065 0.0136 0.0077 0.0070 0.0055 0.0138 0.0069 0.0071 0.0093 0.0068 0.0101 0.8534 0.0095 0.0085 0.0072 0.0050 0.0094 0.0057 0.0071 
   H167513.2  2 0.0072 0.0044 0.0064 0.0058 0.0171 0.0063 0.0049 0.0105 0.0135 0.0050 0.0089 0.8410 0.0061 0.0070 0.0047 0.0099 0.0075 0.0204 0.0134 
   H167513.3  2 0.0063 0.0070 0.0206 0.0254 0.0040 0.0095 0.0079 0.0057 0.0091 0.0074 0.0134 0.8261 0.0110 0.0102 0.0108 0.0077 0.0068 0.0058 0.0054 
   H167513.4  2 0.0089 0.0151 0.0199 0.0126 0.0153 0.0532 0.0127 0.0113 0.0193 0.0048 0.0224 0.6837 0.0090 0.0601 0.0078 0.0110 0.0146 0.0074 0.0109 
   H167513.5  2 0.0051 0.0071 0.0050 0.0038 0.0106 0.0047 0.0044 0.0080 0.0102 0.0039 0.0092 0.8767 0.0061 0.0078 0.0032 0.0052 0.0075 0.0101 0.0114 
   H167513.6  2 0.0105 0.0095 0.0212 0.0055 0.0068 0.0098 0.0110 0.0070 0.0196 0.0063 0.0165 0.8045 0.0097 0.0129 0.0079 0.0107 0.0112 0.0107 0.0087 
   H167513.7  2 0.0093 0.0175 0.0114 0.0071 0.0040 0.0119 0.0138 0.0055 0.0090 0.0064 0.0111 0.8052 0.0081 0.0282 0.0095 0.0060 0.0092 0.0044 0.0224 
   H167513.8  2 0.0042 0.0059 0.0164 0.0068 0.0028 0.0113 0.0063 0.0043 0.0042 0.0063 0.0075 0.8757 0.0068 0.0044 0.0079 0.0036 0.0103 0.0039 0.0113 
   H167547.1  2 0.0066 0.0086 0.0064 0.0155 0.0163 0.0131 0.0048 0.0455 0.0214 0.0100 0.0087 0.0195 0.0227 0.0178 0.0161 0.3091 0.0086 0.4182 0.0310 
   H167547.2  2 0.0075 0.0072 0.0060 0.0065 0.0054 0.0059 0.0059 0.0133 0.1401 0.0098 0.0238 0.0239 0.0411 0.0189 0.0074 0.3523 0.0062 0.3017 0.0172 
   H167547.3  2 0.0074 0.0070 0.0064 0.0064 0.0053 0.0041 0.0104 0.0104 0.1247 0.0135 0.0180 0.0294 0.0420 0.0221 0.0109 0.3218 0.0053 0.3353 0.0199 
   H167547.4  2 0.0145 0.0156 0.0089 0.0285 0.0076 0.0152 0.0043 0.1028 0.2334 0.0423 0.0055 0.0237 0.0187 0.1663 0.0229 0.0595 0.0116 0.1925 0.0261 
   H167547.5  2 0.0064 0.0075 0.0145 0.0087 0.1087 0.0074 0.0078 0.0138 0.5190 0.0206 0.0149 0.0138 0.0077 0.0084 0.0112 0.1874 0.0080 0.0256 0.0086 
   H167547.6  2 0.0063 0.0063 0.0158 0.0085 0.0981 0.0070 0.0075 0.0118 0.5419 0.0200 0.0144 0.0103 0.0051 0.0129 0.0102 0.1926 0.0073 0.0164 0.0077 
   H167547.7  2 0.1018 0.1034 0.0205 0.0123 0.0176 0.0526 0.0191 0.0348 0.0113 0.0300 0.0192 0.0617 0.0246 0.0296 0.0312 0.2574 0.0177 0.1416 0.0135 
   H169750.1  2 0.0119 0.5866 0.0149 0.0152 0.0065 0.0362 0.0088 0.0296 0.0505 0.0638 0.0178 0.0187 0.0082 0.0127 0.0177 0.0329 0.0151 0.0410 0.0118 
   H169750.2  2 0.0146 0.1625 0.0720 0.0181 0.0220 0.0258 0.0362 0.0692 0.0199 0.0221 0.0169 0.0858 0.2725 0.0058 0.0482 0.0119 0.0473 0.0160 0.0331 
   H169750.3  2 0.0141 0.5825 0.0506 0.0180 0.0083 0.0559 0.0185 0.0127 0.0341 0.0316 0.0063 0.0545 0.0072 0.0063 0.0198 0.0178 0.0077 0.0504 0.0038 
   H169750.4  2 0.0152 0.2221 0.0092 0.0162 0.0550 0.0350 0.0111 0.1026 0.0534 0.0205 0.0389 0.0331 0.0329 0.0055 0.1870 0.0161 0.0523 0.0273 0.0667 
   H169750.5  2 0.0052 0.8444 0.0090 0.0097 0.0037 0.0104 0.0111 0.0100 0.0109 0.0204 0.0066 0.0128 0.0052 0.0076 0.0050 0.0072 0.0103 0.0059 0.0045 
   H169750.6  2 0.0160 0.5718 0.0302 0.0390 0.0071 0.0258 0.1019 0.0387 0.0275 0.0185 0.0070 0.0264 0.0177 0.0059 0.0150 0.0102 0.0237 0.0096 0.0080 
   H169750.7  2 0.0449 0.1945 0.0169 0.0275 0.0087 0.0496 0.0156 0.0262 0.0216 0.0641 0.0278 0.1500 0.1538 0.0061 0.0622 0.0356 0.0330 0.0410 0.0210 
   H171929.1  2 0.0654 0.0114 0.0046 0.0068 0.0285 0.0076 0.0066 0.0106 0.0124 0.0064 0.0060 0.7235 0.0131 0.0086 0.0079 0.0099 0.0056 0.0082 0.0569 
  H171929.10  2 0.0773 0.0648 0.0303 0.0068 0.0290 0.0090 0.0121 0.0105 0.0417 0.0067 0.0086 0.5361 0.0379 0.0194 0.0166 0.0363 0.0088 0.0164 0.0316 
  H171929.11  2 0.0244 0.0213 0.0079 0.0098 0.0178 0.0054 0.0042 0.0124 0.0171 0.0099 0.0054 0.7760 0.0236 0.0043 0.0099 0.0102 0.0053 0.0091 0.0261 
   H171929.2  2 0.0114 0.0420 0.0076 0.0094 0.0162 0.0153 0.0081 0.0141 0.0086 0.0056 0.0044 0.7719 0.0050 0.0072 0.0074 0.0412 0.0058 0.0112 0.0074 
   H171929.3  2 0.0076 0.0103 0.0079 0.0130 0.0101 0.0058 0.0098 0.0065 0.0106 0.0065 0.0042 0.8377 0.0133 0.0103 0.0058 0.0139 0.0043 0.0097 0.0127 
   H171929.4  2 0.0590 0.0374 0.0098 0.0264 0.0080 0.0098 0.0184 0.0311 0.0405 0.0082 0.0043 0.5533 0.0312 0.0239 0.0161 0.0577 0.0097 0.0488 0.0063 
   H171929.5  2 0.0089 0.0166 0.0113 0.0146 0.0108 0.0144 0.0062 0.0068 0.0076 0.0096 0.0082 0.8316 0.0083 0.0062 0.0079 0.0093 0.0059 0.0053 0.0105 
   H171929.6  2 0.0073 0.0127 0.0078 0.0097 0.0072 0.0090 0.0038 0.0082 0.0049 0.0074 0.0063 0.8652 0.0090 0.0048 0.0087 0.0071 0.0051 0.0054 0.0105 
   H171929.7  2 0.0408 0.0101 0.0040 0.0078 0.0076 0.0050 0.0084 0.0120 0.0060 0.0064 0.0047 0.8288 0.0130 0.0065 0.0081 0.0118 0.0085 0.0064 0.0042 
   H171929.8  2 0.0862 0.0360 0.0078 0.0070 0.0104 0.0068 0.0096 0.0207 0.0097 0.0076 0.0052 0.6860 0.0076 0.0089 0.0139 0.0431 0.0070 0.0200 0.0065 
   H171929.9  2 0.0953 0.0446 0.0170 0.0104 0.0044 0.0119 0.0169 0.0278 0.0149 0.0084 0.0051 0.6639 0.0142 0.0150 0.0083 0.0143 0.0134 0.0108 0.0035 
   H171930.1  2 0.0029 0.0080 0.4791 0.0296 0.0394 0.0174 0.0064 0.0160 0.0158 0.0206 0.0077 0.2653 0.0108 0.0038 0.0377 0.0050 0.0072 0.0117 0.0156 
   H171930.2  2 0.0118 0.0234 0.6882 0.0161 0.0108 0.0177 0.0159 0.0151 0.0527 0.0175 0.0102 0.0133 0.0126 0.0076 0.0177 0.0096 0.0111 0.0438 0.0048 
   H171930.3  2 0.0062 0.0076 0.8088 0.0185 0.0244 0.0113 0.0069 0.0051 0.0105 0.0153 0.0075 0.0096 0.0065 0.0075 0.0157 0.0086 0.0054 0.0117 0.0131 
   H171930.4  2 0.0033 0.0044 0.8347 0.0100 0.0087 0.0141 0.0041 0.0037 0.0217 0.0204 0.0105 0.0099 0.0079 0.0072 0.0116 0.0067 0.0063 0.0079 0.0065 
   H171930.5  2 0.0140 0.0234 0.5501 0.0223 0.0091 0.0081 0.0238 0.0427 0.0153 0.0880 0.0087 0.0971 0.0072 0.0059 0.0226 0.0120 0.0088 0.0247 0.0163 
   H171930.6  2 0.0033 0.0073 0.8323 0.0169 0.0076 0.0057 0.0121 0.0048 0.0081 0.0381 0.0093 0.0063 0.0069 0.0051 0.0105 0.0047 0.0056 0.0101 0.0054 
   H171930.7  2 0.0072 0.0097 0.8444 0.0068 0.0087 0.0118 0.0045 0.0065 0.0068 0.0073 0.0074 0.0178 0.0097 0.0064 0.0122 0.0055 0.0072 0.0087 0.0112 
   H171930.8  2 0.0043 0.0104 0.8278 0.0071 0.0198 0.0100 0.0049 0.0075 0.0119 0.0049 0.0106 0.0233 0.0153 0.0040 0.0066 0.0045 0.0061 0.0132 0.0079 
   H171933.1  2 0.0129 0.0199 0.0161 0.0113 0.0165 0.0124 0.0113 0.0095 0.0213 0.0364 0.0086 0.0061 0.0183 0.6748 0.0076 0.0266 0.0063 0.0214 0.0627 
   H171933.2  2 0.0522 0.0291 0.0294 0.0181 0.0300 0.0283 0.0187 0.0125 0.0982 0.0126 0.0348 0.0084 0.0283 0.4263 0.0054 0.0168 0.0083 0.0516 0.0911 
   H171933.3  2 0.0873 0.0115 0.0392 0.0233 0.0296 0.0127 0.0074 0.0085 0.0975 0.0233 0.0155 0.0089 0.0069 0.4067 0.0111 0.1462 0.0069 0.0447 0.0128 
   H171933.4  2 0.0292 0.0197 0.0683 0.0107 0.0143 0.0110 0.0113 0.0114 0.0398 0.0079 0.0081 0.0302 0.0092 0.5234 0.0436 0.0740 0.0316 0.0510 0.0053 
   H171933.5  2 0.0137 0.0453 0.0580 0.0345 0.0108 0.0211 0.0068 0.0171 0.0243 0.0113 0.0148 0.0563 0.0080 0.1490 0.1085 0.2000 0.0266 0.1851 0.0089 
   H171933.6  2 0.0094 0.0332 0.0081 0.0262 0.0108 0.0163 0.0197 0.0056 0.1476 0.0207 0.0089 0.0048 0.0106 0.5874 0.0104 0.0094 0.0096 0.0549 0.0064 
   H171933.7  2 0.0634 0.0093 0.0759 0.0221 0.0088 0.0050 0.0110 0.0117 0.0105 0.0924 0.0484 0.0086 0.0165 0.4847 0.0213 0.0370 0.0448 0.0090 0.0195 
   H171933.8  2 0.0685 0.0097 0.0800 0.0093 0.0170 0.0079 0.0185 0.0079 0.0130 0.0158 0.0749 0.0438 0.0289 0.4829 0.0073 0.0239 0.0397 0.0171 0.0338 
   H171933.9  2 0.0110 0.0068 0.0304 0.0159 0.0050 0.0072 0.0082 0.0047 0.0108 0.0219 0.0052 0.0085 0.0064 0.7599 0.0350 0.0231 0.0233 0.0126 0.0041 
      H190.1  2 0.0064 0.0108 0.1755 0.3777 0.0064 0.0421 0.0213 0.0243 0.0149 0.0289 0.0105 0.0102 0.0116 0.0204 0.0173 0.1247 0.0394 0.0539 0.0036 
      H190.2  2 0.0313 0.0161 0.0236 0.0150 0.1063 0.0068 0.0311 0.0188 0.0182 0.1077 0.0669 0.0076 0.1083 0.0053 0.0096 0.0324 0.1592 0.2280 0.0076 
      H190.3  2 0.0293 0.0348 0.0253 0.0283 0.1102 0.0103 0.0314 0.1827 0.0568 0.1161 0.0138 0.0156 0.0403 0.0229 0.0230 0.0466 0.0211 0.1803 0.0113 
      H190.4  2 0.0221 0.0212 0.1543 0.1915 0.0125 0.0372 0.0072 0.0262 0.0430 0.0205 0.0045 0.0061 0.0082 0.0487 0.0185 0.3338 0.0090 0.0277 0.0077 
      H190.5  2 0.0198 0.0256 0.0231 0.0276 0.0292 0.0099 0.0537 0.0148 0.0144 0.1503 0.0650 0.0145 0.1152 0.0093 0.0200 0.0131 0.3102 0.0779 0.0065 
      H190.6  2 0.0216 0.0147 0.1491 0.1552 0.0159 0.0158 0.0108 0.0273 0.0588 0.0149 0.0055 0.0071 0.0061 0.0168 0.0092 0.4065 0.0088 0.0489 0.0071 
      H190.7  2 0.2546 0.0165 0.0202 0.0274 0.0387 0.0075 0.0140 0.0265 0.1296 0.0136 0.0076 0.0071 0.0578 0.0050 0.0170 0.0439 0.0132 0.2907 0.0093 
      H190.8  2 0.0254 0.0295 0.0343 0.0279 0.0193 0.0071 0.0232 0.0174 0.0112 0.0907 0.0251 0.0112 0.0271 0.0090 0.0196 0.0378 0.5211 0.0586 0.0047 
      H190.9  2 0.1016 0.0469 0.0301 0.0325 0.0165 0.0096 0.0097 0.0214 0.0286 0.0235 0.0253 0.0173 0.0926 0.0101 0.0185 0.0953 0.1657 0.2430 0.0117 
      H400.1  2 0.0085 0.0955 0.0260 0.0257 0.0038 0.0118 0.0184 0.0264 0.6230 0.0137 0.0433 0.0050 0.0059 0.0493 0.0083 0.0052 0.0103 0.0083 0.0115 
