      H008.1  2 0.0099 0.0140 0.0124 0.0095 0.0089 0.0101 0.9002 0.0145 0.0075 0.0131 
      H008.2  2 0.1458 0.0123 0.0442 0.0213 0.1352 0.0621 0.1533 0.2340 0.1762 0.0156 
      H008.3  2 0.1029 0.0297 0.0333 0.0663 0.0420 0.1412 0.0953 0.3844 0.0768 0.0282 
      H008.4  2 0.0607 0.0422 0.0210 0.0272 0.0181 0.0095 0.6727 0.0215 0.0960 0.0311 
      H008.5  2 0.0292 0.0197 0.0100 0.0385 0.0107 0.0154 0.8102 0.0315 0.0213 0.0134 
      H008.6  2 0.0830 0.0183 0.0358 0.0376 0.0446 0.0094 0.3545 0.1792 0.2191 0.0184 
      H008.7  2 0.0407 0.0331 0.0403 0.0613 0.0641 0.0212 0.4936 0.0850 0.1186 0.0423 
      H008.8  2 0.3961 0.0477 0.1789 0.0106 0.0644 0.0258 0.1894 0.0300 0.0379 0.0192 
      H008.9  2 0.0778 0.0128 0.1155 0.0357 0.0631 0.0202 0.0283 0.0776 0.5345 0.0344 
 H029.1_2002  2 0.0105 0.0226 0.0352 0.0566 0.0156 0.0086 0.7986 0.0106 0.0308 0.0110 
 H029.1_2003  2 0.0241 0.0165 0.0284 0.4901 0.0316 0.0094 0.3109 0.0547 0.0234 0.0107 
 H029.2_2002  2 0.0179 0.0103 0.0110 0.0495 0.0132 0.0179 0.8180 0.0261 0.0261 0.0100 
 H029.2_2003  2 0.0412 0.0096 0.0247 0.1949 0.0323 0.0137 0.4825 0.1393 0.0506 0.0114 
 H029.3_2002  2 0.0358 0.0199 0.0124 0.0352 0.0620 0.0545 0.5977 0.0331 0.1393 0.0101 
 H029.3_2003  2 0.0083 0.0089 0.0062 0.0996 0.0166 0.0095 0.8171 0.0158 0.0077 0.0105 
 H029.4_2002  2 0.0059 0.0118 0.0050 0.0153 0.0099 0.0085 0.9150 0.0063 0.0147 0.0075 
 H029.4_2003  2 0.0131 0.0237 0.0180 0.3615 0.0627 0.0108 0.4447 0.0268 0.0293 0.0095 
 H029.5_2002  2 0.0050 0.0088 0.0080 0.0267 0.0075 0.0077 0.9125 0.0064 0.0068 0.0107 
 H029.5_2003  2 0.0073 0.0093 0.0098 0.1557 0.0133 0.0059 0.7398 0.0371 0.0144 0.0073 
 H029.6_2002  2 0.0105 0.0087 0.0057 0.1125 0.0125 0.0107 0.7867 0.0090 0.0346 0.0091 
 H029.6_2003  2 0.0107 0.0125 0.0222 0.0567 0.0224 0.0149 0.7562 0.0623 0.0097 0.0324 
      H029.7  2 0.0185 0.0083 0.0092 0.0261 0.0079 0.0103 0.8801 0.0126 0.0213 0.0057 
      H030.1  2 0.0114 0.0131 0.0203 0.2579 0.0985 0.5054 0.0348 0.0310 0.0051 0.0225 
      H030.2  2 0.0071 0.1507 0.0161 0.0175 0.0249 0.6685 0.0290 0.0105 0.0567 0.0192 
      H038.1  2 0.0093 0.0067 0.0086 0.0076 0.0077 0.0075 0.9181 0.0059 0.0232 0.0055 
      H038.2  2 0.0041 0.0102 0.0061 0.0077 0.0073 0.0085 0.9321 0.0068 0.0074 0.0098 
      H038.3  2 0.0078 0.0229 0.0103 0.0057 0.0195 0.0155 0.8560 0.0086 0.0398 0.0139 
      H038.4  2 0.0060 0.0163 0.0069 0.0059 0.0131 0.0107 0.8931 0.0057 0.0260 0.0162 
      H038.5  2 0.0043 0.0092 0.0063 0.0084 0.0325 0.0164 0.8828 0.0077 0.0247 0.0077 
      H038.6  2 0.0056 0.0098 0.0069 0.0092 0.0076 0.0057 0.9326 0.0075 0.0106 0.0045 
      H038.7  2 0.0042 0.0114 0.0083 0.0067 0.0138 0.0063 0.9243 0.0091 0.0113 0.0046 
      H038.8  2 0.0061 0.0175 0.0073 0.0048 0.0117 0.0219 0.8271 0.0067 0.0842 0.0126 
      H041.1  2 0.0169 0.0189 0.0135 0.2604 0.0508 0.0540 0.4701 0.0138 0.0490 0.0527 
      H041.2  2 0.0079 0.0240 0.0176 0.6002 0.0096 0.0070 0.2475 0.0098 0.0267 0.0497 
      H041.4  2 0.0165 0.0099 0.0215 0.2796 0.0225 0.0139 0.5630 0.0159 0.0238 0.0334 
      H041.6  2 0.0322 0.0293 0.0320 0.3482 0.0126 0.0154 0.4545 0.0123 0.0169 0.0465 
 H042.1_2002  2 0.0189 0.0597 0.0211 0.8021 0.0074 0.0104 0.0083 0.0208 0.0180 0.0333 
 H042.1_2003  2 0.0254 0.0879 0.1190 0.1315 0.0249 0.0336 0.1451 0.1790 0.1664 0.0871 
 H042.2_2002  2 0.0180 0.2692 0.0063 0.3812 0.0149 0.0126 0.2013 0.0256 0.0536 0.0175 
 H042.2_2003  2 0.0181 0.0334 0.0400 0.5567 0.0085 0.0070 0.1987 0.0239 0.0085 0.1051 
 H042.3_2002  2 0.0186 0.4760 0.0111 0.3820 0.0080 0.0118 0.0105 0.0329 0.0180 0.0311 
 H042.3_2003  2 0.0198 0.6360 0.0184 0.1330 0.0202 0.0373 0.0463 0.0327 0.0266 0.0297 
 H042.4_2002  2 0.0080 0.0081 0.0124 0.8796 0.0078 0.0103 0.0250 0.0112 0.0148 0.0227 
 H042.4_2003  2 0.0205 0.0095 0.0248 0.7771 0.0113 0.0143 0.0996 0.0098 0.0078 0.0253 
      H042.5  2 0.0104 0.0062 0.0073 0.9364 0.0056 0.0049 0.0067 0.0080 0.0034 0.0112 
      H042.6  2 0.0686 0.0260 0.0167 0.8147 0.0101 0.0082 0.0207 0.0124 0.0146 0.0078 
      H042.7  2 0.0145 0.1913 0.0238 0.6052 0.0107 0.0072 0.0261 0.0122 0.0090 0.1001 
      H042.8  2 0.0227 0.0573 0.0105 0.7824 0.0111 0.0035 0.0149 0.0265 0.0347 0.0364 
   H042_2002  2 0.2501 0.2513 0.0957 0.0997 0.0265 0.0079 0.1441 0.0300 0.0422 0.0525 
   H042_2003  2 0.2354 0.2594 0.0937 0.1285 0.0243 0.0065 0.1278 0.0337 0.0498 0.0408 
      H043.1  2 0.0614 0.0224 0.0263 0.0101 0.6053 0.0258 0.0511 0.0111 0.1792 0.0073 
      H043.2  2 0.5376 0.0172 0.0573 0.0077 0.0168 0.0052 0.0375 0.0104 0.3007 0.0096 
      H043.3  2 0.1248 0.0902 0.0571 0.0190 0.0574 0.0092 0.5627 0.0148 0.0560 0.0088 
      H043.4  2 0.5124 0.0473 0.0674 0.0114 0.0297 0.0089 0.0898 0.0118 0.2121 0.0092 
      H043.5  2 0.0789 0.0710 0.0327 0.0121 0.0821 0.0096 0.2449 0.0105 0.4446 0.0137 
      H043.6  2 0.0863 0.0784 0.0450 0.0185 0.0210 0.0090 0.3805 0.0127 0.3358 0.0129 
      H043.7  2 0.3877 0.0359 0.1977 0.0104 0.0464 0.0082 0.0916 0.0078 0.2026 0.0118 
      H043.8  2 0.1714 0.0968 0.0978 0.0057 0.4347 0.0506 0.0437 0.0188 0.0497 0.0308 
      H043.9  2 0.0954 0.0374 0.0263 0.0230 0.5018 0.0239 0.1689 0.0106 0.1039 0.0088 
      H047.1  2 0.0306 0.1302 0.0508 0.0113 0.0467 0.0088 0.6573 0.0394 0.0120 0.0129 
      H047.2  2 0.0198 0.0118 0.0347 0.0264 0.0776 0.0398 0.6516 0.0903 0.0099 0.0381 
      H047.3  2 0.0437 0.0263 0.0250 0.0253 0.0673 0.0392 0.5015 0.1693 0.0089 0.0936 
      H047.4  2 0.0124 0.0338 0.0385 0.0313 0.0359 0.0117 0.7688 0.0209 0.0052 0.0415 
      H047.5  2 0.1605 0.0601 0.0156 0.0128 0.0654 0.0152 0.5237 0.0655 0.0048 0.0764 
      H047.6  2 0.0233 0.0259 0.0490 0.0398 0.2978 0.0180 0.4206 0.0317 0.0232 0.0708 
      H047.7  2 0.0192 0.1546 0.0190 0.0198 0.0456 0.0091 0.6519 0.0219 0.0226 0.0362 
      H047.8  2 0.0460 0.0421 0.1073 0.0406 0.1309 0.0165 0.4134 0.1218 0.0133 0.0682 
      H047.9  2 0.1005 0.1103 0.0166 0.0191 0.0235 0.0100 0.5973 0.0565 0.0047 0.0615 
 H071.1_2002  2 0.0137 0.0121 0.0083 0.0076 0.0060 0.0053 0.9258 0.0070 0.0078 0.0063 
 H071.1_2003  2 0.1228 0.0121 0.0370 0.0195 0.0090 0.0128 0.7444 0.0127 0.0151 0.0146 
     H071.10  2 0.0074 0.0233 0.0050 0.0057 0.0085 0.0363 0.8902 0.0058 0.0115 0.0063 
 H071.2_2002  2 0.0146 0.0134 0.0152 0.0064 0.0086 0.0076 0.9056 0.0118 0.0090 0.0078 
 H071.2_2003  2 0.0084 0.0062 0.0063 0.0077 0.0039 0.0055 0.9483 0.0056 0.0039 0.0042 
      H071.3  2 0.0078 0.0208 0.0082 0.0097 0.0223 0.0138 0.8892 0.0067 0.0096 0.0120 
 H071.4_2002  2 0.0110 0.0229 0.0094 0.0078 0.0151 0.0145 0.8803 0.0069 0.0230 0.0092 
 H071.4_2003  2 0.0076 0.0091 0.0052 0.0067 0.0087 0.0060 0.9412 0.0060 0.0037 0.0060 
 H071.5_2002  2 0.0087 0.0109 0.0057 0.0070 0.0072 0.0092 0.9364 0.0038 0.0054 0.0057 
 H071.5_2003  2 0.0101 0.0141 0.0136 0.0082 0.0206 0.0072 0.9017 0.0122 0.0042 0.0081 
 H071.6_2002  2 0.0142 0.0329 0.0083 0.0051 0.0129 0.0086 0.8993 0.0066 0.0071 0.0049 
 H071.6_2003  2 0.0075 0.0143 0.0121 0.0053 0.0113 0.0090 0.9233 0.0074 0.0043 0.0055 
 H071.7_2002  2 0.0095 0.0111 0.0084 0.0054 0.0061 0.0040 0.9397 0.0073 0.0041 0.0045 
 H071.7_2003  2 0.0105 0.0135 0.0101 0.0087 0.0136 0.0115 0.9073 0.0097 0.0048 0.0103 
      H071.8  2 0.0170 0.0070 0.0119 0.0087 0.0075 0.0057 0.9187 0.0070 0.0089 0.0076 
      H071.9  2 0.0265 0.0227 0.0140 0.0116 0.1724 0.0185 0.6914 0.0082 0.0189 0.0158 
 H081.1_2002  2 0.0166 0.0077 0.0095 0.0082 0.0053 0.0067 0.9262 0.0059 0.0061 0.0077 
 H081.1_2003  2 0.0279 0.0376 0.1630 0.2108 0.0257 0.0398 0.0847 0.0504 0.3320 0.0281 
 H081.2_2002  2 0.0590 0.0077 0.0089 0.0086 0.0063 0.0062 0.8838 0.0073 0.0057 0.0066 
 H081.2_2003  2 0.1638 0.0183 0.0415 0.0358 0.3129 0.3188 0.0613 0.0192 0.0123 0.0161 
 H081.3_2002  2 0.0236 0.0069 0.0166 0.0081 0.0128 0.0095 0.8973 0.0067 0.0078 0.0107 
 H081.3_2003  2 0.3343 0.0253 0.1004 0.0449 0.2670 0.0988 0.0414 0.0306 0.0325 0.0248 
 H081.4_2002  2 0.0094 0.0106 0.0074 0.0094 0.0081 0.0096 0.9277 0.0080 0.0040 0.0057 
 H081.4_2003  2 0.0644 0.0321 0.2742 0.3329 0.0408 0.0734 0.0448 0.0694 0.0263 0.0417 
 H081.5_2002  2 0.0120 0.0087 0.0111 0.0128 0.0073 0.0068 0.9220 0.0072 0.0058 0.0064 
 H081.5_2003  2 0.1444 0.0440 0.2031 0.3173 0.0303 0.0314 0.0959 0.0386 0.0438 0.0511 
      H081.6  2 0.0136 0.0112 0.0091 0.0074 0.0045 0.0075 0.9250 0.0092 0.0061 0.0063 
      H081.7  2 0.0591 0.0073 0.0148 0.0097 0.0083 0.0088 0.8721 0.0059 0.0053 0.0087 
      H081.8  2 0.0181 0.0210 0.0122 0.0138 0.0212 0.0340 0.8413 0.0089 0.0148 0.0146 
      H083.1  2 0.0125 0.0154 0.0052 0.0223 0.0108 0.0259 0.8797 0.0082 0.0126 0.0074 
      H083.2  2 0.0192 0.0093 0.0124 0.0091 0.0177 0.0232 0.8818 0.0115 0.0086 0.0071 
      H083.4  2 0.0132 0.0159 0.0098 0.0086 0.0165 0.0467 0.8590 0.0064 0.0157 0.0081 
      H083.5  2 0.0125 0.0085 0.0081 0.0282 0.0091 0.0273 0.8555 0.0111 0.0290 0.0106 
      H083.6  2 0.0150 0.0097 0.0060 0.0164 0.0133 0.0713 0.8315 0.0138 0.0094 0.0136 
      H083.7  2 0.0186 0.0123 0.0084 0.0081 0.0134 0.0978 0.7999 0.0086 0.0151 0.0178 
      H083.8  2 0.0172 0.0077 0.0098 0.0108 0.0162 0.0147 0.8920 0.0132 0.0073 0.0110 
      H083.9  2 0.0103 0.0071 0.0053 0.0233 0.0078 0.0340 0.8805 0.0106 0.0115 0.0097 
      H084.1  2 0.0087 0.0094 0.0091 0.0147 0.8164 0.0209 0.0185 0.0085 0.0746 0.0192 
      H084.2  2 0.0070 0.0136 0.0123 0.0234 0.7920 0.0202 0.0178 0.0132 0.0927 0.0077 
      H084.3  2 0.0083 0.0538 0.0258 0.0486 0.0826 0.0714 0.0113 0.0380 0.3810 0.2791 
      H084.4  2 0.0050 0.0525 0.0597 0.1356 0.3212 0.0205 0.0160 0.0276 0.2673 0.0945 
      H084.5  2 0.0118 0.1350 0.0135 0.0157 0.6472 0.0144 0.0123 0.0101 0.0793 0.0607 
      H084.6  2 0.0134 0.0400 0.0129 0.0269 0.2250 0.2498 0.0093 0.0099 0.2106 0.2022 
      H084.7  2 0.0056 0.0076 0.0080 0.0268 0.8930 0.0110 0.0113 0.0116 0.0125 0.0126 
      H084.8  2 0.0099 0.0186 0.0087 0.0120 0.6212 0.0208 0.0083 0.0135 0.1294 0.1576 
 H085.1_2002  2 0.8997 0.0079 0.0083 0.0135 0.0073 0.0135 0.0221 0.0061 0.0158 0.0058 
 H085.1_2003  2 0.1226 0.0131 0.0090 0.0834 0.0507 0.0551 0.6095 0.0098 0.0205 0.0261 
 H085.2_2002  2 0.5931 0.0218 0.0603 0.0446 0.0145 0.1263 0.0226 0.0084 0.0890 0.0196 
 H085.2_2003  2 0.0365 0.0130 0.0173 0.0616 0.0297 0.0623 0.7355 0.0197 0.0138 0.0106 
 H085.3_2002  2 0.9115 0.0065 0.0113 0.0204 0.0066 0.0123 0.0105 0.0051 0.0053 0.0105 
 H085.3_2003  2 0.0577 0.0130 0.0143 0.0193 0.0165 0.0213 0.8247 0.0125 0.0059 0.0147 
 H085.4_2002  2 0.6984 0.0265 0.0330 0.0364 0.0127 0.0289 0.0885 0.0081 0.0506 0.0170 
 H085.4_2003  2 0.0132 0.0319 0.0217 0.0840 0.0074 0.0156 0.7858 0.0092 0.0082 0.0229 
 H085.5_2002  2 0.9276 0.0052 0.0105 0.0122 0.0070 0.0063 0.0089 0.0059 0.0050 0.0114 
 H085.5_2003  2 0.0270 0.0108 0.0086 0.0281 0.0108 0.1088 0.7768 0.0117 0.0097 0.0077 
 H085.6_2002  2 0.9178 0.0061 0.0107 0.0109 0.0118 0.0087 0.0111 0.0053 0.0103 0.0074 
 H085.6_2003  2 0.0936 0.0186 0.1868 0.1585 0.0335 0.0117 0.3159 0.0363 0.0075 0.1377 
 H085.7_2002  2 0.6805 0.0093 0.0422 0.1322 0.0121 0.0464 0.0446 0.0096 0.0147 0.0083 
 H085.7_2003  2 0.0352 0.0208 0.0116 0.0394 0.0200 0.0119 0.8036 0.0156 0.0151 0.0268 
 H085.8_2002  2 0.5444 0.0272 0.2077 0.0252 0.0150 0.0345 0.0539 0.0086 0.0255 0.0580 
 H085.8_2003  2 0.0505 0.0206 0.0261 0.3458 0.0310 0.1396 0.3134 0.0194 0.0192 0.0344 
      H085.9  2 0.8203 0.0107 0.0146 0.0406 0.0074 0.0159 0.0471 0.0088 0.0231 0.0115 
      H088.1  2 0.0213 0.0063 0.0163 0.8567 0.0129 0.0120 0.0109 0.0220 0.0104 0.0309 
      H088.2  2 0.0297 0.0118 0.0121 0.8835 0.0111 0.0090 0.0088 0.0094 0.0083 0.0162 
      H088.3  2 0.0142 0.0080 0.0101 0.9176 0.0107 0.0083 0.0064 0.0101 0.0068 0.0079 
      H088.4  2 0.0056 0.0078 0.0146 0.9225 0.0118 0.0060 0.0107 0.0096 0.0059 0.0056 
      H088.5  2 0.0074 0.0059 0.0085 0.9372 0.0079 0.0052 0.0060 0.0071 0.0064 0.0084 
      H088.6  2 0.0068 0.0076 0.0085 0.9133 0.0137 0.0078 0.0132 0.0146 0.0058 0.0087 
      H088.7  2 0.0107 0.0088 0.0080 0.8990 0.0169 0.0066 0.0279 0.0080 0.0057 0.0084 
      H088.8  2 0.0082 0.0096 0.0114 0.8586 0.0167 0.0066 0.0497 0.0167 0.0082 0.0142 
      H091.1  2 0.0186 0.0415 0.0070 0.8259 0.0174 0.0189 0.0376 0.0083 0.0079 0.0167 
      H091.2  2 0.0240 0.0552 0.0091 0.7330 0.0329 0.0312 0.0571 0.0141 0.0060 0.0372 
      H109.1  2 0.0287 0.0208 0.0098 0.0088 0.8076 0.0429 0.0173 0.0148 0.0253 0.0241 
      H109.2  2 0.0148 0.0218 0.0230 0.0212 0.7546 0.0614 0.0466 0.0118 0.0117 0.0331 
      H109.3  2 0.0067 0.0156 0.0092 0.0269 0.8474 0.0214 0.0270 0.0204 0.0076 0.0178 
      H109.4  2 0.0087 0.0090 0.0127 0.0198 0.8872 0.0120 0.0118 0.0113 0.0149 0.0127 
      H109.5  2 0.0107 0.0192 0.0093 0.3339 0.3180 0.0098 0.2358 0.0158 0.0048 0.0428 
      H109.6  2 0.0176 0.0257 0.0361 0.0139 0.7474 0.0469 0.0309 0.0268 0.0159 0.0388 
      H126.1  2 0.2970 0.3136 0.1909 0.0234 0.0446 0.0106 0.0109 0.0750 0.0119 0.0221 
      H126.2  2 0.4228 0.0970 0.0752 0.0188 0.1080 0.0190 0.1442 0.0615 0.0436 0.0098 
      H126.3  2 0.3204 0.4602 0.0110 0.0700 0.0150 0.0167 0.0707 0.0169 0.0119 0.0071 
      H126.4  2 0.0289 0.2905 0.3241 0.0207 0.0374 0.0397 0.0508 0.1653 0.0256 0.0170 
      H126.5  2 0.0738 0.4643 0.2168 0.0105 0.0094 0.0101 0.1464 0.0520 0.0064 0.0103 
      H126.6  2 0.6110 0.1244 0.0095 0.0147 0.0073 0.0075 0.2044 0.0095 0.0068 0.0048 
      H126.7  2 0.0272 0.0271 0.0119 0.0200 0.0106 0.0090 0.8736 0.0113 0.0040 0.0053 
      H130.1  2 0.0216 0.0089 0.7806 0.0801 0.0247 0.0165 0.0089 0.0300 0.0106 0.0181 
      H130.2  2 0.0289 0.0122 0.1060 0.0733 0.1304 0.4992 0.0435 0.0639 0.0085 0.0342 
      H130.3  2 0.0094 0.0086 0.0827 0.0468 0.0272 0.1235 0.0418 0.6379 0.0065 0.0157 
      H130.4  2 0.0594 0.0102 0.4325 0.0564 0.1117 0.0687 0.0139 0.1706 0.0460 0.0307 
      H130.5  2 0.0722 0.0104 0.3083 0.1579 0.0342 0.2691 0.0743 0.0173 0.0059 0.0504 
      H133.1  2 0.0263 0.0161 0.1256 0.0588 0.4674 0.0318 0.0490 0.0994 0.1080 0.0176 
      H133.2  2 0.1529 0.0124 0.0540 0.0960 0.6081 0.0138 0.0187 0.0181 0.0131 0.0131 
      H133.3  2 0.0678 0.0183 0.0290 0.1704 0.4403 0.0203 0.0709 0.0407 0.1212 0.0213 
      H133.4  2 0.0193 0.0101 0.0224 0.0122 0.8339 0.0107 0.0184 0.0215 0.0356 0.0159 
      H133.5  2 0.1050 0.0182 0.0378 0.0618 0.6578 0.0164 0.0122 0.0629 0.0208 0.0071 
      H133.6  2 0.1604 0.0162 0.1111 0.1736 0.4531 0.0235 0.0158 0.0249 0.0089 0.0125 
      H133.7  2 0.0411 0.0170 0.0308 0.0371 0.4503 0.0109 0.0684 0.0197 0.1325 0.1921 
      H133.8  2 0.1484 0.0593 0.0374 0.0369 0.4842 0.0226 0.0238 0.0563 0.1161 0.0149 
      H133.9  2 0.0181 0.0147 0.0801 0.0518 0.4529 0.0489 0.0402 0.1830 0.0965 0.0138 
      H147.1  2 0.0480 0.0265 0.0348 0.1886 0.0142 0.0598 0.5158 0.0059 0.0262 0.0802 
      H147.2  2 0.0140 0.0093 0.0136 0.0140 0.0068 0.0113 0.9102 0.0068 0.0067 0.0075 
      H147.3  2 0.0240 0.0095 0.0107 0.0075 0.0076 0.0156 0.8966 0.0105 0.0053 0.0127 
      H147.4  2 0.0124 0.0081 0.0073 0.0153 0.0076 0.0271 0.8805 0.0068 0.0252 0.0097 
      H147.5  2 0.0236 0.0120 0.0128 0.1736 0.0100 0.1707 0.5430 0.0255 0.0093 0.0195 
      H147.6  2 0.0242 0.0163 0.0131 0.2305 0.0215 0.1795 0.4602 0.0252 0.0096 0.0199 
      H147.7  2 0.0111 0.0106 0.0095 0.0158 0.0083 0.0374 0.8447 0.0093 0.0313 0.0219 
      H147.8  2 0.0158 0.0168 0.0051 0.0757 0.0163 0.0860 0.7174 0.0101 0.0455 0.0113 
      H147.9  2 0.0222 0.0092 0.0113 0.0076 0.0070 0.0132 0.9092 0.0066 0.0059 0.0079 
      H148.1  2 0.0133 0.0447 0.6135 0.0331 0.0772 0.0461 0.0181 0.0130 0.0462 0.0947 
      H148.2  2 0.0319 0.0536 0.1580 0.0117 0.0553 0.0381 0.0263 0.0159 0.0735 0.5357 
      H148.3  2 0.0116 0.0282 0.0111 0.0122 0.0085 0.0155 0.0155 0.0116 0.0240 0.8617 
      H148.4  2 0.0149 0.0617 0.4826 0.0260 0.0204 0.0160 0.0250 0.0269 0.0490 0.2775 
      H148.5  2 0.0139 0.0348 0.0275 0.0261 0.0256 0.0273 0.0129 0.0319 0.0678 0.7322 
      H148.6  2 0.0201 0.0208 0.0870 0.0261 0.0254 0.0540 0.0218 0.0101 0.1694 0.5654 
      H148.7  2 0.0105 0.0655 0.0577 0.0319 0.0887 0.0205 0.0139 0.0763 0.0622 0.5728 
      H148.8  2 0.0106 0.0111 0.0618 0.0331 0.0088 0.0081 0.0074 0.0102 0.0354 0.8135 
      H148.9  2 0.0748 0.1929 0.0636 0.0176 0.0919 0.0381 0.0103 0.0448 0.2070 0.2590 
   H166022.1  2 0.0133 0.0098 0.0076 0.8957 0.0076 0.0313 0.0086 0.0054 0.0107 0.0101 
   H166022.2  2 0.0138 0.0323 0.0173 0.6484 0.0337 0.1174 0.0692 0.0241 0.0146 0.0293 
   H166022.3  2 0.0086 0.0062 0.0162 0.7488 0.0222 0.1481 0.0065 0.0168 0.0093 0.0174 
   H166022.4  2 0.0065 0.0085 0.0067 0.9134 0.0079 0.0213 0.0069 0.0161 0.0064 0.0063 
   H166022.5  2 0.0058 0.0086 0.0081 0.9077 0.0113 0.0260 0.0103 0.0097 0.0053 0.0071 
   H166022.6  2 0.0112 0.0072 0.0334 0.8178 0.0200 0.0495 0.0079 0.0158 0.0227 0.0144 
   H166022.7  2 0.0055 0.0063 0.0110 0.0062 0.9240 0.0059 0.0071 0.0092 0.0202 0.0046 
   H166022.8  2 0.0279 0.0157 0.1185 0.4875 0.0303 0.2618 0.0189 0.0162 0.0105 0.0126 
   H167397.1  2 0.0067 0.0246 0.0217 0.2056 0.0151 0.0124 0.0909 0.0095 0.5521 0.0615 
   H167397.2  2 0.0528 0.0224 0.0823 0.0262 0.0141 0.1019 0.0410 0.0200 0.6190 0.0203 
   H167397.3  2 0.0078 0.0476 0.0264 0.0824 0.0174 0.0222 0.0920 0.0114 0.6602 0.0327 
   H167397.4  2 0.0348 0.0202 0.0089 0.0155 0.0170 0.0265 0.0433 0.0157 0.7782 0.0402 
   H167397.5  2 0.0097 0.0316 0.0603 0.0475 0.0261 0.0435 0.0364 0.0212 0.6783 0.0453 
   H167397.6  2 0.0121 0.1273 0.0204 0.0413 0.0146 0.0122 0.0593 0.0145 0.6697 0.0285 
   H167496.1  2 0.0102 0.0298 0.0177 0.7203 0.0356 0.0326 0.0102 0.0262 0.0097 0.1077 
   H167496.2  2 0.0248 0.0881 0.1300 0.1023 0.2594 0.0137 0.1935 0.0276 0.0163 0.1443 
   H167496.3  2 0.1192 0.0155 0.0554 0.5936 0.0108 0.0613 0.0392 0.0243 0.0090 0.0718 
   H167496.4  2 0.0100 0.0096 0.0057 0.9300 0.0067 0.0101 0.0107 0.0060 0.0064 0.0047 
   H167496.6  2 0.0080 0.0127 0.0110 0.8979 0.0114 0.0093 0.0243 0.0132 0.0060 0.0061 
   H167496.7  2 0.0141 0.1263 0.3879 0.1129 0.0245 0.0600 0.0256 0.0410 0.0078 0.1999 
   H167496.8  2 0.0084 0.0187 0.0126 0.8762 0.0120 0.0120 0.0361 0.0085 0.0070 0.0085 
   H167513.1  2 0.0166 0.0122 0.0245 0.0132 0.8533 0.0184 0.0139 0.0180 0.0170 0.0130 
   H167513.2  2 0.0255 0.0264 0.0407 0.0609 0.5327 0.0113 0.0116 0.0244 0.0605 0.2062 
   H167513.3  2 0.0107 0.0161 0.0156 0.0244 0.6497 0.1266 0.0138 0.1165 0.0080 0.0185 
   H167513.4  2 0.0121 0.0126 0.0174 0.0271 0.7631 0.0965 0.0128 0.0136 0.0103 0.0345 
   H167513.5  2 0.0314 0.0135 0.0289 0.0537 0.7126 0.0135 0.0169 0.0092 0.0796 0.0406 
   H167513.6  2 0.0730 0.0179 0.0279 0.0843 0.6760 0.0347 0.0146 0.0152 0.0206 0.0358 
   H167513.7  2 0.0246 0.0093 0.0102 0.0192 0.7213 0.1516 0.0167 0.0125 0.0255 0.0090 
   H167513.8  2 0.0074 0.0084 0.0136 0.0059 0.8965 0.0218 0.0078 0.0149 0.0177 0.0059 
   H167547.1  2 0.0091 0.0162 0.0969 0.0275 0.0111 0.0275 0.0111 0.0347 0.0347 0.7312 
   H167547.2  2 0.0100 0.0235 0.0226 0.1444 0.0106 0.0253 0.0167 0.0113 0.0192 0.7163 
   H167547.3  2 0.0085 0.0325 0.0363 0.1712 0.0115 0.0282 0.0171 0.0139 0.0213 0.6595 
   H167547.4  2 0.0210 0.0107 0.1653 0.2597 0.0237 0.2376 0.0114 0.0778 0.0630 0.1298 
   H167547.5  2 0.0083 0.0143 0.0144 0.4412 0.0086 0.0151 0.0110 0.0155 0.0095 0.4620 
   H167547.6  2 0.0090 0.0135 0.0141 0.4418 0.0074 0.0196 0.0100 0.0120 0.0098 0.4629 
   H167547.7  2 0.2171 0.0242 0.1232 0.0294 0.1219 0.0593 0.0323 0.0397 0.0270 0.3260 
   H169750.1  2 0.0175 0.0246 0.1563 0.1495 0.4788 0.0524 0.0196 0.0643 0.0137 0.0234 
   H169750.2  2 0.0319 0.0506 0.0795 0.1323 0.1974 0.0185 0.2717 0.1094 0.0703 0.0382 
   H169750.3  2 0.0267 0.0128 0.0196 0.1154 0.7130 0.0239 0.0223 0.0410 0.0053 0.0198 
   H169750.4  2 0.0354 0.0515 0.1315 0.2037 0.1314 0.0083 0.0310 0.2506 0.1205 0.0363 
   H169750.5  2 0.0194 0.0194 0.0230 0.0980 0.6788 0.0473 0.0637 0.0270 0.0112 0.0122 
   H169750.6  2 0.0344 0.0157 0.0467 0.0789 0.3115 0.0354 0.4153 0.0401 0.0100 0.0120 
   H169750.7  2 0.1110 0.0953 0.0514 0.1520 0.2897 0.0248 0.0708 0.1428 0.0326 0.0296 
   H171929.1  2 0.1900 0.0104 0.0299 0.0344 0.0970 0.0088 0.0141 0.0235 0.4963 0.0956 
  H171929.10  2 0.2043 0.0234 0.0233 0.1757 0.1371 0.0497 0.0394 0.0130 0.1018 0.2324 
  H171929.11  2 0.1913 0.0178 0.0194 0.0350 0.1813 0.0161 0.0158 0.0441 0.4142 0.0650 
   H171929.2  2 0.0114 0.0068 0.0168 0.0147 0.7534 0.0138 0.0096 0.0114 0.0105 0.1516 
   H171929.3  2 0.0195 0.0088 0.0229 0.0206 0.5796 0.0221 0.0261 0.0176 0.1333 0.1495 
   H171929.4  2 0.1437 0.0062 0.1142 0.0833 0.2417 0.0818 0.0576 0.0664 0.0098 0.1954 
   H171929.5  2 0.0145 0.0165 0.0122 0.0093 0.8131 0.0251 0.0111 0.0130 0.0489 0.0364 
   H171929.6  2 0.0094 0.0123 0.0105 0.0060 0.8355 0.0131 0.0090 0.0083 0.0768 0.0191 
   H171929.7  2 0.2564 0.0085 0.1212 0.0217 0.3437 0.0200 0.0290 0.0350 0.0363 0.1280 
   H171929.8  2 0.2811 0.0111 0.1106 0.0287 0.2723 0.0285 0.0186 0.0310 0.0368 0.1813 
   H171929.9  2 0.3414 0.0068 0.0810 0.0161 0.4150 0.0612 0.0290 0.0215 0.0055 0.0226 
   H171930.1  2 0.0043 0.0124 0.0090 0.0280 0.8543 0.0072 0.0104 0.0392 0.0139 0.0213 
   H171930.2  2 0.0111 0.0231 0.0257 0.4372 0.3023 0.0686 0.0224 0.0509 0.0135 0.0452 
   H171930.3  2 0.0089 0.0320 0.0059 0.0352 0.7776 0.0126 0.0116 0.0517 0.0205 0.0439 
   H171930.4  2 0.0053 0.0477 0.0084 0.2529 0.5309 0.0454 0.0079 0.0635 0.0156 0.0224 
   H171930.5  2 0.0142 0.0309 0.0319 0.0761 0.6525 0.0388 0.0539 0.0554 0.0161 0.0301 
   H171930.6  2 0.0074 0.2874 0.0126 0.0650 0.3326 0.0544 0.0962 0.0884 0.0097 0.0462 
   H171930.7  2 0.0091 0.0154 0.0073 0.0093 0.8946 0.0101 0.0100 0.0097 0.0218 0.0127 
   H171930.8  2 0.0061 0.0121 0.0174 0.0206 0.8825 0.0076 0.0156 0.0094 0.0142 0.0145 
   H171933.1  2 0.0111 0.0109 0.0097 0.0259 0.0144 0.8557 0.0084 0.0071 0.0452 0.0115 
   H171933.2  2 0.0830 0.0259 0.0149 0.1186 0.0346 0.5678 0.0224 0.0103 0.0812 0.0414 
   H171933.3  2 0.0337 0.0128 0.0175 0.0640 0.0157 0.7738 0.0097 0.0139 0.0140 0.0448 
   H171933.4  2 0.0212 0.0077 0.0303 0.0446 0.0203 0.8099 0.0126 0.0166 0.0054 0.0314 
   H171933.5  2 0.0176 0.0160 0.1233 0.0622 0.1064 0.4228 0.0090 0.1079 0.0113 0.1235 
   H171933.6  2 0.0130 0.0181 0.0112 0.3152 0.0237 0.5406 0.0463 0.0131 0.0071 0.0117 
   H171933.7  2 0.0283 0.0428 0.0134 0.0104 0.0071 0.8478 0.0117 0.0155 0.0107 0.0122 
   H171933.8  2 0.0330 0.0195 0.0228 0.0120 0.0133 0.8384 0.0134 0.0086 0.0192 0.0198 
   H171933.9  2 0.0062 0.0048 0.0072 0.0100 0.0088 0.9315 0.0067 0.0125 0.0043 0.0081 
      H190.1  2 0.0108 0.0426 0.0830 0.0377 0.1065 0.2893 0.0427 0.2605 0.0061 0.1210 
      H190.2  2 0.0574 0.2787 0.0318 0.0515 0.0138 0.0118 0.0818 0.0130 0.0076 0.4525 
      H190.3  2 0.0482 0.0613 0.0720 0.1246 0.0277 0.0248 0.0500 0.0338 0.0132 0.5446 
      H190.4  2 0.0188 0.0099 0.0323 0.0786 0.0608 0.5987 0.0100 0.0617 0.0088 0.1203 
      H190.5  2 0.0856 0.4245 0.0370 0.0578 0.0381 0.0195 0.1155 0.0288 0.0073 0.1858 
      H190.6  2 0.0198 0.0156 0.0443 0.1141 0.0638 0.3526 0.0173 0.0499 0.0092 0.3136 
      H190.7  2 0.2735 0.0186 0.0835 0.3805 0.0155 0.0165 0.0187 0.0369 0.0130 0.1434 
      H190.8  2 0.1147 0.3296 0.0847 0.0410 0.0502 0.0287 0.0527 0.0709 0.0063 0.2214 
      H190.9  2 0.1844 0.0631 0.1232 0.0925 0.0512 0.0217 0.0219 0.0444 0.0148 0.3827 
      H400.1  2 0.0230 0.0288 0.0206 0.6703 0.0299 0.1825 0.0117 0.0146 0.0135 0.0051 
      H400.2  2 0.0155 0.0325 0.0094 0.6241 0.0465 0.1985 0.0327 0.0101 0.0233 0.0074 
      H400.3  2 0.0261 0.1039 0.0447 0.3876 0.0941 0.2586 0.0123 0.0332 0.0242 0.0154 
      H400.4  2 0.0236 0.0216 0.0094 0.7789 0.0672 0.0453 0.0174 0.0177 0.0064 0.0124 
      H400.5  2 0.0125 0.0260 0.0159 0.1456 0.0482 0.6675 0.0144 0.0389 0.0124 0.0184 
      H400.6  2 0.1278 0.0327 0.0144 0.7099 0.0211 0.0606 0.0109 0.0091 0.0060 0.0074 
      H400.7  2 0.0124 0.0209 0.0156 0.5057 0.0243 0.3768 0.0077 0.0157 0.0071 0.0138 
 H428.1_2005  2 0.0163 0.0061 0.0076 0.0064 0.0088 0.9228 0.0084 0.0098 0.0063 0.0074 
 H428.1_2006  2 0.0230 0.0114 0.0086 0.0180 0.0079 0.8748 0.0312 0.0089 0.0071 0.0091 
 H428.2_2005  2 0.0050 0.0057 0.0076 0.0094 0.0081 0.9346 0.0064 0.0059 0.0086 0.0085 
 H428.2_2006  2 0.0119 0.0074 0.0058 0.0203 0.0124 0.8692 0.0500 0.0082 0.0072 0.0076 
 H428.3_2005  2 0.0090 0.0063 0.0059 0.0092 0.0070 0.9364 0.0097 0.0065 0.0041 0.0058 
 H428.3_2006  2 0.0100 0.0137 0.0081 0.0208 0.0110 0.8815 0.0301 0.0116 0.0068 0.0063 
 H428.4_2005  2 0.0062 0.0053 0.0051 0.0085 0.0092 0.9375 0.0063 0.0067 0.0053 0.0098 
 H428.4_2006  2 0.0124 0.0043 0.0047 0.0074 0.0045 0.9355 0.0115 0.0059 0.0079 0.0058 
 H428.5_2005  2 0.0074 0.0038 0.0057 0.0067 0.0060 0.9311 0.0151 0.0053 0.0125 0.0066 
 H428.6_2005  2 0.0195 0.0076 0.0085 0.0080 0.0074 0.9204 0.0093 0.0077 0.0054 0.0064 
 H428.6_2006  2 0.0155 0.0073 0.0051 0.0069 0.0079 0.9029 0.0214 0.0142 0.0136 0.0054 
      H428.7  2 0.0086 0.0054 0.0040 0.0087 0.0047 0.9453 0.0081 0.0057 0.0047 0.0049 
      H428.8  2 0.0070 0.0064 0.0043 0.0084 0.0053 0.9336 0.0109 0.0094 0.0090 0.0058 
      H428.9  2 0.0083 0.0055 0.0064 0.0073 0.0067 0.9344 0.0077 0.0064 0.0109 0.0064 
      H453.1  2 0.0141 0.0085 0.0108 0.8556 0.0166 0.0243 0.0358 0.0203 0.0086 0.0055 
      H453.2  2 0.0144 0.0081 0.0106 0.9061 0.0154 0.0145 0.0089 0.0106 0.0053 0.0061 
      H453.3  2 0.0147 0.0056 0.0160 0.9139 0.0077 0.0143 0.0075 0.0076 0.0039 0.0088 
      H453.4  2 0.0082 0.0074 0.0103 0.9224 0.0192 0.0075 0.0060 0.0081 0.0036 0.0073 
      H453.5  2 0.0078 0.0076 0.0069 0.8241 0.0114 0.0607 0.0534 0.0160 0.0061 0.0061 
      H453.6  2 0.0077 0.0064 0.0054 0.7582 0.0066 0.1194 0.0748 0.0107 0.0056 0.0053 
      H453.7  2 0.1409 0.0083 0.2656 0.1650 0.0560 0.0500 0.2594 0.0147 0.0052 0.0350 
      H453.8  2 0.0200 0.0072 0.1150 0.6919 0.0407 0.0182 0.0657 0.0130 0.0072 0.0211 
      H453.9  2 0.0865 0.0108 0.0730 0.2584 0.0401 0.1166 0.3851 0.0175 0.0054 0.0064 
      H512.1  2 0.0182 0.0145 0.0189 0.0784 0.0177 0.7139 0.0116 0.1016 0.0057 0.0196 
     H512.10  2 0.0090 0.0397 0.0378 0.0138 0.0230 0.5648 0.0368 0.1243 0.1229 0.0279 
      H512.2  2 0.0178 0.0418 0.0828 0.0262 0.0207 0.6062 0.0328 0.0812 0.0189 0.0716 
      H512.3  2 0.0093 0.1097 0.0326 0.0367 0.0412 0.2575 0.0181 0.4483 0.0288 0.0179 
      H512.4  2 0.0114 0.0253 0.0643 0.0487 0.0231 0.6211 0.0938 0.0423 0.0208 0.0491 
      H512.5  2 0.0116 0.0609 0.0450 0.0514 0.0354 0.0831 0.0161 0.6591 0.0215 0.0160 
      H512.6  2 0.0181 0.0826 0.1948 0.1944 0.0491 0.1591 0.0173 0.2100 0.0072 0.0674 
      H512.7  2 0.0125 0.0479 0.0102 0.0686 0.0418 0.0391 0.0260 0.7279 0.0163 0.0097 
      H512.8  2 0.0124 0.1410 0.0712 0.0789 0.0556 0.2016 0.0189 0.2106 0.0115 0.1984 
      H512.9  2 0.0645 0.0497 0.0331 0.0683 0.0224 0.1864 0.0264 0.5103 0.0275 0.0116 
      H513.1  2 0.0080 0.0079 0.0064 0.0140 0.0070 0.9292 0.0102 0.0049 0.0073 0.0052 
      H513.2  2 0.0082 0.0048 0.0102 0.0104 0.0106 0.9151 0.0204 0.0051 0.0069 0.0084 
      H513.3  2 0.0056 0.0058 0.0086 0.0085 0.0064 0.9415 0.0092 0.0054 0.0038 0.0051 
      H513.4  2 0.0162 0.0135 0.0075 0.0421 0.0240 0.8287 0.0380 0.0117 0.0044 0.0138 
      H513.5  2 0.0096 0.0077 0.0041 0.0102 0.0107 0.9276 0.0107 0.0082 0.0065 0.0046 
      H513.6  2 0.0103 0.0060 0.0100 0.0078 0.0248 0.8359 0.0137 0.0074 0.0734 0.0108 
      H532.1  2 0.0257 0.0287 0.0304 0.0422 0.0929 0.2496 0.4653 0.0329 0.0182 0.0139 
      H532.2  2 0.0285 0.0081 0.0371 0.1828 0.0142 0.5380 0.0852 0.0114 0.0147 0.0800 
      H532.3  2 0.0133 0.0055 0.0357 0.5170 0.0176 0.2547 0.0928 0.0221 0.0070 0.0343 
      H532.4  2 0.0411 0.0081 0.1238 0.0861 0.0098 0.1193 0.5711 0.0142 0.0130 0.0133 
      H532.5  2 0.0283 0.0095 0.0320 0.0614 0.0624 0.6123 0.1180 0.0182 0.0188 0.0391 
      H532.6  2 0.0119 0.0121 0.1322 0.1183 0.0156 0.2910 0.3789 0.0211 0.0119 0.0069 
      H532.7  2 0.0149 0.0065 0.0115 0.0708 0.0225 0.1685 0.6245 0.0417 0.0183 0.0207 
      H532.8  2 0.0333 0.0121 0.0204 0.0687 0.0822 0.1088 0.5411 0.0238 0.0229 0.0865 
      H543.1  2 0.0077 0.0054 0.0062 0.0125 0.0066 0.0099 0.0055 0.0071 0.9319 0.0073 
      H543.2  2 0.0161 0.0072 0.0071 0.0180 0.0155 0.0389 0.0088 0.0082 0.8487 0.0314 
      H543.3  2 0.0144 0.0047 0.0074 0.0119 0.0064 0.0092 0.0082 0.0084 0.9219 0.0074 
      H543.4  2 0.0073 0.0063 0.0065 0.0064 0.0058 0.0076 0.0054 0.0053 0.9369 0.0124 
      H543.5  2 0.0064 0.0054 0.0060 0.0059 0.0092 0.0102 0.0059 0.0056 0.9363 0.0091 
      H543.6  2 0.0861 0.0041 0.0165 0.0227 0.0255 0.0142 0.0068 0.0088 0.7922 0.0232 
      H543.7  2 0.0059 0.0046 0.0043 0.0043 0.0043 0.0045 0.0040 0.0041 0.9568 0.0072 
      H543.8  2 0.0250 0.0067 0.0060 0.0102 0.0128 0.0268 0.0186 0.0121 0.8728 0.0090 
      H543.9  2 0.0223 0.0051 0.0054 0.0092 0.0079 0.0094 0.0072 0.0075 0.9131 0.0128 
 H545.1_2005  2 0.0038 0.0033 0.0042 0.0034 0.0047 0.0039 0.0038 0.0045 0.9650 0.0035 
 H545.1_2006  2 0.0053 0.0075 0.0053 0.0056 0.0049 0.0058 0.0064 0.0052 0.9477 0.0063 
 H545.2_2005  2 0.0058 0.0105 0.0074 0.0077 0.0070 0.0087 0.0068 0.0131 0.9268 0.0060 
 H545.2_2006  2 0.0040 0.0040 0.0046 0.0054 0.0061 0.0065 0.0047 0.0053 0.9543 0.0051 
 H545.3_2005  2 0.0055 0.0076 0.0088 0.0074 0.0065 0.0065 0.0060 0.0143 0.9287 0.0087 
 H545.3_2006  2 0.0052 0.0065 0.0047 0.0044 0.0071 0.0051 0.0102 0.0051 0.9467 0.0052 
 H545.4_2005  2 0.0068 0.0114 0.0079 0.0065 0.0046 0.0054 0.0057 0.0073 0.9335 0.0110 
 H545.4_2006  2 0.0051 0.0112 0.0058 0.0064 0.0049 0.0053 0.0049 0.0073 0.9439 0.0052 
 H545.5_2005  2 0.0059 0.0076 0.0053 0.0054 0.0077 0.0103 0.0077 0.0061 0.9386 0.0053 
 H545.5_2006  2 0.0059 0.0055 0.0071 0.0076 0.0079 0.0101 0.0060 0.0113 0.9318 0.0068 
 H545.6_2005  2 0.0031 0.0042 0.0043 0.0048 0.0052 0.0044 0.0048 0.0048 0.9604 0.0041 
 H545.6_2006  2 0.0046 0.0051 0.0050 0.0058 0.0056 0.0048 0.0043 0.0054 0.9539 0.0054 
 H545.7_2005  2 0.0047 0.0047 0.0049 0.0060 0.0085 0.0062 0.0049 0.0052 0.9506 0.0041 
 H545.7_2006  2 0.0067 0.0097 0.0054 0.0064 0.0090 0.0077 0.0081 0.0060 0.9358 0.0053 
 H545.8_2005  2 0.0079 0.0083 0.0076 0.0084 0.0090 0.0184 0.0085 0.0102 0.9122 0.0095 
 H545.8_2006  2 0.0044 0.0049 0.0070 0.0050 0.0063 0.0064 0.0050 0.0059 0.9504 0.0048 
      H545.9  2 0.0056 0.0058 0.0080 0.0055 0.0083 0.0075 0.0051 0.0098 0.9380 0.0066 
      H547.1  2 0.0218 0.0090 0.0096 0.8922 0.0081 0.0149 0.0061 0.0171 0.0111 0.0102 
      H547.2  2 0.0144 0.0585 0.0101 0.8186 0.0080 0.0075 0.0073 0.0074 0.0125 0.0556 
      H547.3  2 0.0114 0.0116 0.0294 0.8433 0.0098 0.0098 0.0064 0.0302 0.0186 0.0295 
      H547.4  2 0.0099 0.0116 0.0136 0.9002 0.0072 0.0087 0.0105 0.0144 0.0089 0.0148 
      H547.5  2 0.0091 0.0297 0.0097 0.7601 0.0072 0.0177 0.0047 0.0148 0.0129 0.1341 
      H547.6  2 0.0082 0.0069 0.0076 0.9101 0.0079 0.0087 0.0051 0.0082 0.0279 0.0094 
      H547.7  2 0.0107 0.0131 0.0337 0.8095 0.0125 0.0170 0.0081 0.0415 0.0272 0.0267 
      H547.8  2 0.0122 0.0072 0.0100 0.9026 0.0077 0.0146 0.0050 0.0103 0.0162 0.0143 
      H548.1  2 0.0048 0.0070 0.0095 0.0052 0.0077 0.0059 0.0042 0.0064 0.9434 0.0058 
      H548.2  2 0.0053 0.0063 0.0083 0.0048 0.0074 0.0108 0.0077 0.0124 0.9271 0.0101 
      H548.3  2 0.0064 0.0069 0.0092 0.0056 0.0079 0.0067 0.0059 0.0054 0.9398 0.0062 
      H548.4  2 0.0088 0.0424 0.0327 0.0093 0.0376 0.0138 0.0270 0.0200 0.7928 0.0157 
      H548.5  2 0.0046 0.0086 0.0057 0.0053 0.0079 0.0044 0.0068 0.0062 0.9444 0.0061 
      H548.6  2 0.0038 0.0090 0.0075 0.0043 0.0075 0.0097 0.0062 0.0145 0.9308 0.0067 
      H548.7  2 0.0060 0.0087 0.0062 0.0064 0.0080 0.0066 0.0065 0.0062 0.9401 0.0052 
      H548.8  2 0.0070 0.0071 0.0068 0.0050 0.0100 0.0071 0.0116 0.0075 0.9299 0.0080 
      H548.9  2 0.0138 0.0098 0.0123 0.0136 0.0142 0.0079 0.0127 0.0141 0.8904 0.0111 
     H7389.1  2 0.0101 0.0066 0.0099 0.0073 0.0112 0.9217 0.0086 0.0066 0.0092 0.0089 
     H7389.2  2 0.0067 0.0053 0.0070 0.0059 0.0069 0.9153 0.0107 0.0052 0.0272 0.0097 
     H7389.3  2 0.0065 0.0053 0.0038 0.0053 0.0068 0.9361 0.0100 0.0068 0.0109 0.0085 
     H7389.4  2 0.0142 0.0058 0.0073 0.0082 0.0111 0.8968 0.0157 0.0067 0.0293 0.0049 
     H7389.5  2 0.0116 0.0080 0.0110 0.0090 0.0162 0.9078 0.0114 0.0074 0.0125 0.0053 
     H7389.6  2 0.0051 0.0079 0.0045 0.0077 0.0392 0.8912 0.0243 0.0093 0.0039 0.0069 
     H7389.7  2 0.0073 0.0074 0.0051 0.0057 0.0085 0.9106 0.0192 0.0067 0.0188 0.0107 
     H7389.8  2 0.0120 0.0110 0.0113 0.0081 0.0169 0.8794 0.0113 0.0093 0.0309 0.0098 
     H7389.9  2 0.0057 0.0054 0.0055 0.0060 0.0112 0.9225 0.0166 0.0071 0.0130 0.0068 
      H747.1  2 0.0322 0.0305 0.0233 0.0304 0.4372 0.0573 0.0180 0.1669 0.0137 0.1906 
      H747.2  2 0.0044 0.0143 0.0144 0.0060 0.8973 0.0124 0.0063 0.0228 0.0070 0.0149 
      H747.3  2 0.0221 0.0240 0.0205 0.0257 0.6488 0.0276 0.0084 0.1900 0.0116 0.0214 
      H747.4  2 0.0090 0.0508 0.0134 0.0150 0.7177 0.0084 0.0097 0.1027 0.0066 0.0666 
      H747.5  2 0.0067 0.0191 0.0120 0.0106 0.8550 0.0078 0.0061 0.0660 0.0058 0.0109 
      H747.6  2 0.0074 0.0094 0.0089 0.0108 0.8974 0.0169 0.0082 0.0090 0.0119 0.0201 
      H747.7  2 0.0136 0.0122 0.0241 0.0168 0.8177 0.0335 0.0056 0.0549 0.0108 0.0110 
     H7484.1  2 0.5271 0.1013 0.0203 0.0430 0.0535 0.0182 0.2097 0.0110 0.0065 0.0093 
     H7484.2  2 0.4680 0.1722 0.0492 0.0566 0.1038 0.0142 0.0902 0.0160 0.0058 0.0241 
     H7484.3  2 0.1664 0.1838 0.1083 0.0502 0.1228 0.0175 0.2691 0.0466 0.0113 0.0239 
     H7484.4  2 0.6599 0.1125 0.0205 0.0445 0.0493 0.0186 0.0623 0.0136 0.0042 0.0145 
     H7484.5  2 0.0260 0.0570 0.1229 0.0138 0.1648 0.0326 0.5309 0.0174 0.0092 0.0254 
     H7484.6  2 0.0181 0.3036 0.2189 0.0194 0.2273 0.0274 0.0428 0.0985 0.0097 0.0343 
     H7484.7  2 0.2155 0.0408 0.2758 0.0197 0.1298 0.0163 0.2154 0.0704 0.0053 0.0111 
     H7484.8  2 0.0760 0.1381 0.0797 0.0178 0.0887 0.2521 0.3023 0.0148 0.0068 0.0236 
     H7485.1  2 0.0120 0.0098 0.0077 0.0076 0.0065 0.0123 0.0098 0.0070 0.9195 0.0079 
     H7485.2  2 0.0211 0.0064 0.0053 0.0057 0.0171 0.0124 0.0057 0.0040 0.9183 0.0041 
     H7485.3  2 0.0046 0.0083 0.0049 0.0039 0.0075 0.0055 0.0050 0.0047 0.9506 0.0050 
     H7485.4  2 0.0229 0.0057 0.0080 0.0061 0.0213 0.0140 0.0064 0.0044 0.9068 0.0044 
     H7485.5  2 0.0135 0.0098 0.0107 0.0072 0.0079 0.0090 0.0106 0.0075 0.9149 0.0089 
     H7485.6  2 0.0117 0.0082 0.0090 0.0050 0.0079 0.0129 0.0203 0.0061 0.9100 0.0090 
     H7485.7  2 0.0076 0.0148 0.0084 0.0052 0.0081 0.0082 0.0086 0.0068 0.9256 0.0069 
     H7496.1  2 0.0092 0.0164 0.0084 0.8529 0.0108 0.0520 0.0231 0.0103 0.0053 0.0116 
    H7496.10  2 0.0170 0.0087 0.0054 0.9248 0.0063 0.0073 0.0123 0.0057 0.0054 0.0072 
    H7496.11  2 0.0094 0.0314 0.0128 0.0656 0.0372 0.0204 0.0862 0.0264 0.6936 0.0170 
     H7496.2  2 0.0088 0.0092 0.0090 0.9190 0.0128 0.0070 0.0126 0.0094 0.0054 0.0068 
     H7496.3  2 0.0356 0.0257 0.0220 0.6041 0.0238 0.0155 0.2402 0.0134 0.0076 0.0122 
     H7496.4  2 0.0064 0.0087 0.0082 0.9339 0.0096 0.0053 0.0081 0.0057 0.0065 0.0077 
     H7496.5  2 0.0062 0.0133 0.0081 0.9100 0.0088 0.0103 0.0168 0.0122 0.0054 0.0089 
     H7496.6  2 0.0072 0.0120 0.0077 0.9140 0.0106 0.0151 0.0108 0.0107 0.0045 0.0074 
     H7496.7  2 0.0113 0.0079 0.0068 0.9348 0.0071 0.0072 0.0093 0.0052 0.0053 0.0052 
     H7496.8  2 0.0131 0.0139 0.0197 0.8759 0.0175 0.0083 0.0272 0.0084 0.0085 0.0076 
        UNK4  2 0.0098 0.0221 0.0460 0.0126 0.1311 0.7218 0.0154 0.0103 0.0198 0.0110 
        UNK5  2 0.0683 0.0636 0.0183 0.0667 0.0309 0.6193 0.0440 0.0081 0.0651 0.0158 
        UNK6  2 0.0091 0.0119 0.0212 0.0202 0.0507 0.8295 0.0136 0.0101 0.0083 0.0254 
        UNK7  2 0.0120 0.0180 0.0116 0.0185 0.0138 0.7498 0.0162 0.0068 0.1426 0.0107 
        UNK8  2 0.0102 0.0107 0.0300 0.0146 0.0116 0.8088 0.0122 0.0051 0.0896 0.0072 
        UNK9  2 0.0090 0.0204 0.0110 0.0188 0.1169 0.6373 0.0634 0.0094 0.1051 0.0087 
      H009.1  4 0.0116 0.0060 0.9207 0.0101 0.0056 0.0058 0.0091 0.0179 0.0063 0.0070 
      H009.2  4 0.0168 0.0169 0.7724 0.0136 0.0438 0.0135 0.0082 0.0973 0.0053 0.0121 
      H009.3  4 0.0137 0.0053 0.9270 0.0073 0.0068 0.0058 0.0092 0.0133 0.0050 0.0066 
      H009.4  4 0.0079 0.0111 0.8868 0.0108 0.0162 0.0085 0.0126 0.0254 0.0100 0.0107 
      H009.5  4 0.1162 0.0222 0.6737 0.0057 0.0875 0.0183 0.0105 0.0260 0.0312 0.0088 
      H009.6  4 0.0134 0.0124 0.9083 0.0121 0.0055 0.0052 0.0113 0.0133 0.0077 0.0108 
      H046.4  4 0.0210 0.0372 0.2195 0.0619 0.0282 0.0613 0.3236 0.1862 0.0261 0.0350 
      H046.8  4 0.0230 0.2955 0.1168 0.0208 0.0334 0.0496 0.0501 0.0761 0.0295 0.3051 
 H076.1_2002  4 0.0098 0.0075 0.0045 0.0218 0.0110 0.0063 0.0049 0.0122 0.0094 0.9126 
 H076.1_2003  4 0.0047 0.0056 0.0062 0.0059 0.0067 0.0043 0.0050 0.0076 0.0067 0.9473 
 H076.1_2004  4 0.0086 0.0152 0.0077 0.0100 0.0072 0.0054 0.0104 0.0094 0.0068 0.9191 
 H076.2_2002  4 0.0089 0.0075 0.0050 0.0181 0.0120 0.0053 0.0055 0.0127 0.0117 0.9131 
 H076.2_2003  4 0.0066 0.0125 0.0127 0.0086 0.0089 0.0049 0.0048 0.0067 0.0110 0.9232 
 H076.2_2004  4 0.0176 0.0101 0.0138 0.0506 0.0141 0.0088 0.0085 0.0686 0.0079 0.8000 
 H076.3_2002  4 0.0423 0.0141 0.0695 0.0355 0.0303 0.0110 0.0315 0.4370 0.0091 0.3197 
 H076.3_2003  4 0.0063 0.0202 0.0072 0.0205 0.0122 0.0061 0.0085 0.0105 0.0261 0.8824 
 H076.3_2004  4 0.0084 0.0134 0.0093 0.0155 0.0062 0.0074 0.0116 0.0083 0.0107 0.9092 
 H076.4_2002  4 0.1149 0.1377 0.0378 0.0406 0.0277 0.0448 0.0274 0.0435 0.0126 0.5130 
 H076.4_2003  4 0.0062 0.0064 0.0181 0.0153 0.0097 0.0052 0.0061 0.0198 0.0061 0.9071 
 H076.4_2004  4 0.0299 0.0167 0.0611 0.1568 0.0235 0.0109 0.0102 0.2482 0.0094 0.4333 
 H076.5_2002  4 0.0124 0.0062 0.0057 0.0340 0.0077 0.0102 0.0109 0.0188 0.0079 0.8863 
 H076.5_2003  4 0.0102 0.0890 0.0143 0.0370 0.0118 0.0089 0.0079 0.0118 0.0616 0.7473 
 H076.5_2004  4 0.0876 0.1919 0.0267 0.0855 0.0100 0.0253 0.0186 0.0158 0.0143 0.5243 
 H076.6_2002  4 0.0212 0.0107 0.0067 0.0125 0.0102 0.0051 0.0114 0.0102 0.0079 0.9042 
 H076.6_2003  4 0.0074 0.0074 0.0150 0.0351 0.0110 0.0050 0.0057 0.0073 0.0160 0.8901 
 H076.6_2004  4 0.0182 0.1358 0.0225 0.0180 0.0079 0.0088 0.0106 0.0182 0.0105 0.7496 
 H076.7_2002  4 0.0798 0.0188 0.0518 0.2348 0.0993 0.0148 0.0237 0.2097 0.0112 0.2561 
 H076.7_2003  4 0.0050 0.0087 0.0181 0.0587 0.0086 0.0097 0.0091 0.0341 0.0144 0.8335 
 H076.7_2004  4 0.0386 0.0142 0.0151 0.0153 0.0167 0.0064 0.0100 0.0584 0.0147 0.8106 
      H477.1  4 0.0054 0.0102 0.0226 0.0138 0.2157 0.6392 0.0089 0.0624 0.0100 0.0117 
      H477.2  4 0.0114 0.0509 0.0570 0.0254 0.2383 0.3895 0.0142 0.1757 0.0057 0.0319 
      H477.3  4 0.0083 0.0304 0.0388 0.0103 0.2109 0.5554 0.0391 0.0725 0.0230 0.0113 
      H477.4  4 0.0057 0.0086 0.0403 0.0169 0.5637 0.2140 0.0117 0.0746 0.0522 0.0123 
      H477.5  4 0.0094 0.1560 0.1747 0.0245 0.2190 0.2835 0.0120 0.0642 0.0391 0.0175 
      H477.6  4 0.0164 0.0510 0.0459 0.0154 0.4011 0.2558 0.0284 0.1486 0.0252 0.0121 
      H477.7  4 0.0061 0.0337 0.0423 0.0177 0.6452 0.1869 0.0060 0.0192 0.0307 0.0123 
 H479.1_2005  4 0.0556 0.0554 0.0371 0.0293 0.2132 0.2019 0.3065 0.0870 0.0092 0.0047 
 H479.1_2006  4 0.0264 0.1116 0.0135 0.0119 0.0235 0.0315 0.1352 0.4574 0.0646 0.1244 
     H479.10  4 0.0326 0.3099 0.0180 0.0330 0.1736 0.0268 0.3020 0.0662 0.0172 0.0207 
 H479.2_2005  4 0.1116 0.4872 0.0904 0.0188 0.0188 0.1557 0.0862 0.0079 0.0130 0.0104 
 H479.2_2006  4 0.0232 0.0154 0.0140 0.0080 0.0154 0.0526 0.1622 0.6740 0.0288 0.0063 
 H479.3_2005  4 0.0103 0.0417 0.0241 0.0155 0.2360 0.2388 0.2105 0.1836 0.0059 0.0337 
 H479.3_2006  4 0.0265 0.0382 0.0183 0.0925 0.2105 0.0751 0.0958 0.3611 0.0063 0.0756 
 H479.4_2005  4 0.0146 0.0944 0.0260 0.0104 0.6006 0.0580 0.0318 0.1401 0.0098 0.0143 
 H479.4_2006  4 0.0671 0.0564 0.0131 0.0907 0.1136 0.0290 0.4154 0.1954 0.0077 0.0116 
 H479.5_2005  4 0.0278 0.5493 0.0626 0.0081 0.0223 0.0896 0.1992 0.0113 0.0088 0.0210 
 H479.5_2006  4 0.0295 0.0338 0.0117 0.0435 0.1594 0.0303 0.1243 0.5531 0.0063 0.0082 
 H479.6_2005  4 0.0081 0.8379 0.0137 0.0116 0.0269 0.0560 0.0123 0.0139 0.0123 0.0073 
 H479.6_2006  4 0.0157 0.0174 0.0099 0.0336 0.1492 0.0682 0.6576 0.0310 0.0104 0.0071 
 H479.7_2005  4 0.0226 0.1127 0.0201 0.0405 0.0752 0.6184 0.0486 0.0283 0.0154 0.0183 
