      H008.1  2 0.0095 0.0095 0.0076 0.0060 0.0046 0.0074 0.0042 0.0075 0.1172 0.0272 0.0168 0.0123 0.0107 0.2783 0.0065 0.0087 0.4065 0.0061 0.0123 0.0066 0.0054 0.0102 0.0094 0.0056 0.0038 
      H008.2  2 0.0170 0.0816 0.0075 0.0078 0.0057 0.0201 0.0134 0.0304 0.0111 0.0095 0.0086 0.0086 0.0115 0.1650 0.0083 0.0472 0.4843 0.0084 0.0141 0.0057 0.0039 0.0049 0.0138 0.0080 0.0037 
      H008.3  2 0.0227 0.0858 0.0071 0.0159 0.0223 0.0236 0.0089 0.0125 0.0066 0.0123 0.0410 0.0218 0.0126 0.1675 0.0139 0.0277 0.4218 0.0066 0.0040 0.0124 0.0089 0.0175 0.0109 0.0089 0.0070 
      H008.4  2 0.0078 0.0146 0.0053 0.0142 0.0127 0.0094 0.0138 0.0073 0.0167 0.0114 0.0044 0.0097 0.0155 0.3618 0.0063 0.0158 0.4130 0.0069 0.0068 0.0075 0.0072 0.0079 0.0077 0.0130 0.0033 
      H008.5  2 0.0081 0.0148 0.0043 0.0081 0.0098 0.0056 0.0065 0.0033 0.0097 0.0062 0.0070 0.0137 0.0045 0.4806 0.0058 0.0056 0.3680 0.0036 0.0033 0.0053 0.0029 0.0069 0.0056 0.0070 0.0040 
      H008.6  2 0.0174 0.0560 0.0078 0.0132 0.0079 0.0036 0.0144 0.0164 0.0089 0.0140 0.0070 0.0086 0.0171 0.3002 0.0088 0.0404 0.4033 0.0067 0.0077 0.0047 0.0036 0.0073 0.0100 0.0100 0.0050 
      H008.7  2 0.0120 0.0740 0.0088 0.0174 0.0136 0.0254 0.0189 0.0110 0.0217 0.0092 0.0130 0.0083 0.0248 0.2058 0.0049 0.0469 0.4055 0.0084 0.0090 0.0131 0.0075 0.0115 0.0065 0.0179 0.0050 
      H008.8  2 0.0062 0.0103 0.0078 0.0082 0.0042 0.0117 0.0052 0.1912 0.0200 0.0183 0.0173 0.0068 0.0265 0.0428 0.0113 0.0125 0.5040 0.0097 0.0319 0.0055 0.0055 0.0236 0.0085 0.0051 0.0058 
      H008.9  2 0.0099 0.1871 0.0084 0.0160 0.0262 0.0100 0.0401 0.0713 0.0054 0.0147 0.0110 0.0100 0.1379 0.0785 0.0136 0.1044 0.1917 0.0094 0.0072 0.0066 0.0082 0.0105 0.0110 0.0056 0.0054 
 H029.1_2002  2 0.0082 0.0072 0.0169 0.0101 0.0532 0.0086 0.0209 0.0228 0.6240 0.0122 0.0096 0.0049 0.0169 0.0268 0.0045 0.0142 0.0106 0.0307 0.0233 0.0149 0.0047 0.0066 0.0065 0.0348 0.0071 
 H029.1_2003  2 0.0132 0.0110 0.0648 0.0490 0.0228 0.0070 0.0087 0.0318 0.1069 0.0079 0.2603 0.0112 0.0202 0.0132 0.0072 0.0396 0.0187 0.0184 0.0068 0.0113 0.0045 0.0066 0.0158 0.2345 0.0085 
 H029.2_2002  2 0.0348 0.0142 0.0207 0.0954 0.0047 0.0209 0.0281 0.0045 0.5483 0.0046 0.0240 0.0081 0.0087 0.0106 0.0113 0.0082 0.0108 0.0259 0.0032 0.0075 0.0036 0.0051 0.0067 0.0822 0.0078 
 H029.2_2003  2 0.0495 0.0117 0.1635 0.0299 0.0060 0.0077 0.0213 0.0066 0.1238 0.0044 0.2138 0.0122 0.0117 0.0351 0.0159 0.0318 0.0149 0.0143 0.0074 0.0052 0.0042 0.0055 0.0146 0.1712 0.0175 
 H029.3_2002  2 0.0224 0.0085 0.0850 0.1008 0.0040 0.0299 0.0759 0.0263 0.3670 0.0035 0.0369 0.0165 0.0067 0.0103 0.0182 0.0089 0.0175 0.0324 0.0085 0.0108 0.0045 0.0140 0.0166 0.0624 0.0123 
 H029.3_2003  2 0.0170 0.0210 0.0446 0.0246 0.0106 0.0081 0.0062 0.0097 0.3223 0.0151 0.0885 0.0161 0.0045 0.0490 0.0061 0.0136 0.0088 0.0050 0.0048 0.0101 0.0054 0.0099 0.0172 0.2753 0.0066 
 H029.4_2002  2 0.0048 0.0080 0.0409 0.0134 0.0086 0.0133 0.0167 0.0060 0.7258 0.0116 0.0206 0.0096 0.0034 0.0074 0.0036 0.0045 0.0071 0.0035 0.0062 0.0141 0.0035 0.0089 0.0058 0.0489 0.0036 
 H029.4_2003  2 0.0053 0.0059 0.1847 0.0107 0.0399 0.0068 0.0091 0.0137 0.1232 0.0230 0.3937 0.0047 0.0068 0.0077 0.0064 0.0098 0.0115 0.0068 0.0079 0.0142 0.0037 0.0108 0.0080 0.0794 0.0064 
 H029.5_2002  2 0.0053 0.0120 0.0172 0.0302 0.0300 0.0106 0.0070 0.0077 0.7068 0.0209 0.0064 0.0051 0.0081 0.0234 0.0036 0.0049 0.0069 0.0080 0.0071 0.0059 0.0060 0.0049 0.0056 0.0508 0.0056 
 H029.5_2003  2 0.0150 0.0124 0.1069 0.0082 0.0132 0.0054 0.0091 0.0147 0.3022 0.0115 0.2761 0.0064 0.0099 0.0115 0.0043 0.0196 0.0099 0.0053 0.0056 0.0100 0.0037 0.0075 0.0061 0.1202 0.0052 
 H029.6_2002  2 0.0070 0.0041 0.0271 0.0165 0.0057 0.0112 0.0179 0.0189 0.4942 0.0036 0.0082 0.0075 0.0035 0.0044 0.0056 0.0045 0.0088 0.0034 0.0042 0.0090 0.0051 0.0069 0.0049 0.3136 0.0044 
 H029.6_2003  2 0.0317 0.0111 0.1649 0.0431 0.0117 0.0083 0.0089 0.0098 0.1700 0.0137 0.3160 0.0070 0.0077 0.0638 0.0075 0.0264 0.0060 0.0112 0.0095 0.0049 0.0098 0.0092 0.0134 0.0185 0.0159 
      H029.7  2 0.0128 0.0088 0.0517 0.0156 0.0063 0.0145 0.0252 0.0033 0.6871 0.0061 0.0512 0.0058 0.0062 0.0093 0.0120 0.0070 0.0092 0.0134 0.0049 0.0062 0.0043 0.0049 0.0033 0.0243 0.0065 
      H030.1  2 0.0679 0.0556 0.0190 0.0075 0.0219 0.0163 0.0043 0.0145 0.0275 0.0109 0.0081 0.0306 0.0142 0.0850 0.0095 0.0091 0.0073 0.0120 0.0098 0.0113 0.0339 0.0065 0.3035 0.1372 0.0765 
      H030.2  2 0.0063 0.0330 0.0071 0.0050 0.0559 0.1020 0.0777 0.0051 0.0307 0.0240 0.0103 0.0433 0.0102 0.0483 0.0037 0.0046 0.0179 0.0455 0.0075 0.0222 0.0414 0.0285 0.3435 0.0181 0.0082 
      H038.1  2 0.0040 0.0046 0.0087 0.0069 0.0036 0.0029 0.0155 0.0049 0.8553 0.0047 0.0046 0.0066 0.0069 0.0069 0.0069 0.0053 0.0080 0.0055 0.0113 0.0036 0.0032 0.0044 0.0051 0.0049 0.0057 
      H038.2  2 0.0074 0.0056 0.0043 0.0040 0.0057 0.0052 0.0046 0.0041 0.8735 0.0058 0.0059 0.0037 0.0029 0.0069 0.0026 0.0031 0.0042 0.0089 0.0033 0.0053 0.0098 0.0058 0.0061 0.0046 0.0066 
      H038.3  2 0.0055 0.0086 0.0047 0.0048 0.0044 0.0047 0.0184 0.0058 0.7876 0.0148 0.0046 0.0084 0.0064 0.0054 0.0042 0.0113 0.0048 0.0099 0.0175 0.0058 0.0070 0.0079 0.0089 0.0045 0.0342 
      H038.4  2 0.0041 0.0070 0.0035 0.0055 0.0043 0.0068 0.0152 0.0059 0.8312 0.0120 0.0037 0.0068 0.0060 0.0081 0.0038 0.0089 0.0046 0.0069 0.0091 0.0049 0.0089 0.0069 0.0050 0.0047 0.0158 
      H038.5  2 0.0055 0.0067 0.0074 0.0061 0.0053 0.0059 0.0084 0.0096 0.8271 0.0037 0.0074 0.0057 0.0041 0.0053 0.0028 0.0095 0.0045 0.0042 0.0125 0.0129 0.0051 0.0109 0.0112 0.0102 0.0081 
      H038.6  2 0.0090 0.0045 0.0113 0.0046 0.0049 0.0034 0.0073 0.0062 0.8434 0.0046 0.0147 0.0044 0.0040 0.0094 0.0035 0.0032 0.0078 0.0091 0.0051 0.0061 0.0025 0.0062 0.0088 0.0113 0.0046 
      H038.7  2 0.0053 0.0056 0.0072 0.0038 0.0033 0.0025 0.0074 0.0040 0.8479 0.0069 0.0062 0.0041 0.0037 0.0082 0.0033 0.0057 0.0044 0.0198 0.0074 0.0066 0.0031 0.0076 0.0062 0.0057 0.0140 
      H038.8  2 0.0046 0.0042 0.0031 0.0042 0.0044 0.0058 0.0345 0.0048 0.8373 0.0078 0.0034 0.0061 0.0037 0.0044 0.0031 0.0045 0.0046 0.0076 0.0092 0.0038 0.0090 0.0076 0.0051 0.0036 0.0134 
      H041.1  2 0.0089 0.0446 0.0715 0.0091 0.0304 0.1510 0.0195 0.0032 0.0414 0.2839 0.0320 0.0050 0.0204 0.0518 0.0101 0.0192 0.0170 0.0039 0.0059 0.0220 0.0081 0.0081 0.0061 0.0841 0.0430 
      H041.2  2 0.0096 0.0288 0.0180 0.0316 0.1005 0.0068 0.0150 0.0087 0.0264 0.3767 0.0057 0.0143 0.0150 0.0817 0.0058 0.0079 0.0114 0.0097 0.0067 0.0072 0.0068 0.0061 0.0076 0.1822 0.0098 
      H041.4  2 0.0046 0.0343 0.0135 0.0208 0.0218 0.0136 0.0204 0.0104 0.1993 0.0628 0.2134 0.0090 0.0411 0.0254 0.0150 0.0415 0.0319 0.0051 0.0156 0.0120 0.0131 0.0073 0.0065 0.1524 0.0093 
      H041.6  2 0.0051 0.0190 0.0095 0.0190 0.0534 0.0139 0.0135 0.0099 0.1492 0.1559 0.1098 0.0216 0.0331 0.0220 0.0273 0.0134 0.0299 0.0146 0.0483 0.0087 0.0119 0.0128 0.0104 0.1771 0.0106 
 H042.1_2002  2 0.0135 0.0074 0.0050 0.0078 0.0676 0.0068 0.0136 0.0047 0.0054 0.0141 0.0057 0.0636 0.0300 0.0082 0.0079 0.0163 0.0448 0.0104 0.0180 0.0052 0.0355 0.0319 0.0081 0.5593 0.0090 
 H042.1_2003  2 0.0313 0.0521 0.0086 0.0074 0.0529 0.0092 0.0597 0.0140 0.0093 0.1694 0.0092 0.0334 0.0227 0.3165 0.0082 0.0207 0.0502 0.0346 0.0203 0.0039 0.0100 0.0146 0.0155 0.0133 0.0130 
 H042.2_2002  2 0.0147 0.0057 0.0095 0.0322 0.0059 0.0046 0.0317 0.0044 0.1057 0.0111 0.0232 0.0121 0.0062 0.0053 0.0106 0.0145 0.0265 0.0097 0.0080 0.0534 0.0071 0.0259 0.0048 0.5637 0.0036 
 H042.2_2003  2 0.0151 0.0126 0.0069 0.0253 0.2826 0.0041 0.0045 0.0096 0.0601 0.1361 0.0169 0.0231 0.0492 0.1062 0.0094 0.0072 0.0668 0.0130 0.0108 0.0065 0.0124 0.0096 0.0111 0.0926 0.0082 
 H042.3_2002  2 0.0128 0.0083 0.0051 0.0229 0.0248 0.0053 0.0197 0.0035 0.0051 0.0319 0.0228 0.3042 0.0127 0.0078 0.0125 0.0268 0.0458 0.0080 0.0129 0.0222 0.0152 0.0479 0.0077 0.3059 0.0079 
 H042.3_2003  2 0.0168 0.0175 0.0224 0.0135 0.0926 0.0261 0.0346 0.0040 0.0203 0.0984 0.0771 0.1653 0.0147 0.0137 0.0155 0.0162 0.0707 0.0073 0.0218 0.0305 0.0159 0.0923 0.0119 0.0867 0.0141 
 H042.4_2002  2 0.0091 0.0064 0.0093 0.0199 0.1668 0.0073 0.0138 0.0057 0.0173 0.0089 0.0055 0.0211 0.0243 0.0095 0.0052 0.0161 0.0141 0.0041 0.0137 0.0068 0.0209 0.0074 0.0090 0.5654 0.0120 
 H042.4_2003  2 0.0116 0.0129 0.0167 0.0077 0.0556 0.0175 0.0063 0.0045 0.0845 0.0083 0.0127 0.0099 0.0218 0.0139 0.0201 0.0140 0.0161 0.0083 0.0608 0.0074 0.0188 0.0054 0.0065 0.5231 0.0356 
      H042.5  2 0.0139 0.0128 0.0072 0.0059 0.0399 0.0047 0.0030 0.0034 0.0071 0.0041 0.0174 0.0065 0.0152 0.0048 0.0098 0.0042 0.0181 0.0055 0.0062 0.0056 0.0092 0.0066 0.0048 0.7778 0.0060 
      H042.6  2 0.0055 0.0056 0.0147 0.0049 0.0053 0.0060 0.0080 0.0044 0.0140 0.0036 0.0058 0.0122 0.0052 0.0046 0.0341 0.0081 0.0191 0.0099 0.0354 0.0084 0.0099 0.0204 0.0050 0.7394 0.0106 
      H042.7  2 0.0092 0.0104 0.0065 0.0295 0.0256 0.0067 0.0051 0.0066 0.0279 0.0186 0.0156 0.2000 0.0116 0.0053 0.0066 0.0099 0.0440 0.0418 0.0307 0.0102 0.0625 0.0254 0.0041 0.3689 0.0173 
      H042.8  2 0.0162 0.0146 0.0046 0.0274 0.0296 0.0035 0.0229 0.0055 0.0074 0.0590 0.0194 0.0248 0.0115 0.0088 0.0101 0.0120 0.0652 0.0056 0.0069 0.0097 0.0099 0.0133 0.0042 0.6039 0.0042 
   H042_2002  2 0.0158 0.0232 0.0159 0.0211 0.0209 0.0041 0.0218 0.0100 0.0352 0.0294 0.0255 0.0218 0.0219 0.0168 0.0407 0.0157 0.4308 0.0324 0.0561 0.0279 0.0063 0.0257 0.0081 0.0554 0.0173 
   H042_2003  2 0.0163 0.0207 0.0195 0.0196 0.0240 0.0044 0.0223 0.0102 0.0479 0.0301 0.0328 0.0348 0.0203 0.0259 0.0407 0.0117 0.4006 0.0394 0.0475 0.0256 0.0083 0.0271 0.0088 0.0456 0.0162 
      H043.1  2 0.0075 0.0129 0.0655 0.0026 0.0045 0.0125 0.0195 0.0092 0.0156 0.0116 0.0115 0.0057 0.0031 0.0058 0.0057 0.0042 0.0190 0.0081 0.6998 0.0177 0.0056 0.0227 0.0088 0.0082 0.0128 
      H043.2  2 0.0063 0.0044 0.0054 0.0055 0.0040 0.0025 0.0089 0.0100 0.0070 0.0074 0.0085 0.0053 0.0055 0.0071 0.0104 0.0101 0.0062 0.0044 0.8438 0.0042 0.0031 0.0155 0.0035 0.0033 0.0077 
      H043.3  2 0.0064 0.0084 0.0133 0.0042 0.0046 0.0034 0.0092 0.0077 0.0191 0.0123 0.0050 0.0102 0.0077 0.0219 0.0060 0.0070 0.0134 0.0277 0.7483 0.0124 0.0036 0.0245 0.0051 0.0068 0.0121 
      H043.4  2 0.0065 0.0063 0.0144 0.0033 0.0035 0.0031 0.0072 0.0028 0.0125 0.0077 0.0056 0.0075 0.0043 0.0076 0.0103 0.0039 0.0076 0.0080 0.8380 0.0081 0.0033 0.0099 0.0036 0.0043 0.0107 
      H043.5  2 0.0066 0.0112 0.0061 0.0056 0.0043 0.0046 0.0293 0.0116 0.0113 0.0180 0.0080 0.0081 0.0070 0.0082 0.0040 0.0125 0.0099 0.0056 0.7699 0.0063 0.0040 0.0306 0.0043 0.0037 0.0094 
      H043.6  2 0.0041 0.0029 0.0068 0.0051 0.0047 0.0024 0.0144 0.0038 0.0097 0.0058 0.0034 0.0068 0.0069 0.0092 0.0048 0.0051 0.0061 0.0058 0.8640 0.0044 0.0028 0.0087 0.0041 0.0043 0.0041 
      H043.7  2 0.0033 0.0034 0.0049 0.0029 0.0029 0.0024 0.0077 0.0028 0.0062 0.0089 0.0033 0.0046 0.0054 0.0048 0.0067 0.0041 0.0034 0.0047 0.8901 0.0066 0.0030 0.0053 0.0044 0.0035 0.0049 
      H043.8  2 0.0054 0.0039 0.0212 0.0035 0.0028 0.0096 0.0054 0.0108 0.0094 0.0144 0.0040 0.0070 0.0049 0.0064 0.0039 0.0050 0.0138 0.0060 0.8057 0.0104 0.0071 0.0154 0.0150 0.0042 0.0051 
      H043.9  2 0.0048 0.0068 0.1072 0.0034 0.0048 0.0076 0.0156 0.0075 0.0475 0.0088 0.0104 0.0069 0.0045 0.0055 0.0104 0.0071 0.0212 0.0131 0.6189 0.0386 0.0048 0.0178 0.0096 0.0094 0.0080 
      H047.1  2 0.0190 0.2756 0.0048 0.0048 0.0043 0.0034 0.0061 0.0031 0.4054 0.0103 0.0073 0.0177 0.0058 0.0787 0.0051 0.0047 0.0542 0.0247 0.0139 0.0072 0.0055 0.0184 0.0059 0.0067 0.0073 
      H047.2  2 0.0260 0.3292 0.0189 0.0118 0.0055 0.0265 0.0047 0.0070 0.3367 0.0227 0.0074 0.0063 0.0146 0.0240 0.0062 0.0115 0.0113 0.0173 0.0392 0.0191 0.0116 0.0061 0.0071 0.0134 0.0161 
      H047.3  2 0.0393 0.3398 0.0117 0.0216 0.0068 0.0226 0.0039 0.0071 0.2359 0.0780 0.0110 0.0109 0.0127 0.0283 0.0113 0.0158 0.0115 0.0143 0.0162 0.0445 0.0124 0.0059 0.0061 0.0192 0.0130 
      H047.4  2 0.0101 0.2202 0.0115 0.0120 0.0082 0.0062 0.0037 0.0100 0.2884 0.1444 0.0131 0.0101 0.0148 0.0220 0.0090 0.0116 0.0211 0.0494 0.0249 0.0160 0.0111 0.0078 0.0053 0.0480 0.0215 
      H047.5  2 0.0174 0.2835 0.0082 0.0149 0.0034 0.0043 0.0031 0.0045 0.2505 0.0282 0.0124 0.0200 0.0104 0.0586 0.0276 0.0150 0.0432 0.0153 0.0135 0.1135 0.0153 0.0061 0.0089 0.0103 0.0121 
      H047.6  2 0.0113 0.5688 0.0082 0.0134 0.0071 0.0090 0.0067 0.0057 0.1014 0.0799 0.0060 0.0057 0.0118 0.0095 0.0047 0.0085 0.0095 0.0131 0.0280 0.0445 0.0067 0.0039 0.0052 0.0226 0.0090 
      H047.7  2 0.0091 0.2854 0.0037 0.0054 0.0063 0.0058 0.0077 0.0032 0.4443 0.0303 0.0060 0.0143 0.0074 0.0373 0.0049 0.0031 0.0499 0.0111 0.0097 0.0121 0.0065 0.0137 0.0053 0.0130 0.0047 
      H047.8  2 0.0174 0.5154 0.0071 0.0096 0.0123 0.0079 0.0047 0.0049 0.1154 0.0857 0.0127 0.0125 0.0101 0.0269 0.0115 0.0075 0.0259 0.0090 0.0233 0.0279 0.0061 0.0069 0.0044 0.0247 0.0100 
      H047.9  2 0.0380 0.1690 0.0077 0.0100 0.0057 0.0035 0.0041 0.0040 0.4066 0.0141 0.0103 0.0212 0.0127 0.0210 0.0229 0.0074 0.1218 0.0230 0.0091 0.0126 0.0300 0.0184 0.0068 0.0114 0.0087 
 H071.1_2002  2 0.0089 0.0055 0.0091 0.0038 0.0054 0.0027 0.0045 0.0031 0.7170 0.0078 0.0065 0.0087 0.0087 0.1254 0.0088 0.0040 0.0071 0.0058 0.0158 0.0080 0.0041 0.0112 0.0073 0.0040 0.0070 
 H071.1_2003  2 0.0092 0.0116 0.0288 0.0077 0.0065 0.0030 0.0089 0.0040 0.0704 0.0179 0.0214 0.0145 0.0287 0.5265 0.0391 0.0160 0.0117 0.0098 0.0865 0.0076 0.0052 0.0072 0.0320 0.0071 0.0186 
     H071.10  2 0.0036 0.0029 0.0043 0.0028 0.0035 0.0062 0.0056 0.0081 0.8044 0.0032 0.0044 0.0063 0.0036 0.0044 0.0042 0.0034 0.0061 0.0041 0.0070 0.0105 0.0055 0.0735 0.0125 0.0047 0.0051 
 H071.2_2002  2 0.0072 0.0076 0.0076 0.0094 0.0047 0.0028 0.0060 0.0153 0.7488 0.0058 0.0088 0.0085 0.0106 0.0413 0.0152 0.0137 0.0086 0.0054 0.0232 0.0066 0.0041 0.0146 0.0087 0.0040 0.0113 
 H071.2_2003  2 0.0064 0.0036 0.0042 0.0033 0.0048 0.0034 0.0029 0.0031 0.7289 0.0044 0.0038 0.0059 0.0057 0.1653 0.0063 0.0036 0.0089 0.0043 0.0062 0.0039 0.0030 0.0049 0.0038 0.0050 0.0044 
      H071.3  2 0.0047 0.0334 0.0109 0.0042 0.0131 0.0076 0.0104 0.0095 0.2696 0.0611 0.0128 0.0102 0.0036 0.2158 0.0072 0.0099 0.0164 0.0073 0.0074 0.0083 0.0077 0.2045 0.0487 0.0046 0.0111 
 H071.4_2002  2 0.0049 0.0032 0.0090 0.0047 0.0039 0.0052 0.0099 0.0087 0.8053 0.0037 0.0055 0.0057 0.0052 0.0040 0.0056 0.0068 0.0071 0.0072 0.0146 0.0115 0.0119 0.0355 0.0075 0.0050 0.0084 
 H071.4_2003  2 0.0044 0.0075 0.0055 0.0028 0.0074 0.0045 0.0031 0.0070 0.6431 0.0069 0.0052 0.0044 0.0038 0.1007 0.0043 0.0039 0.0338 0.0059 0.0042 0.0051 0.0097 0.1004 0.0179 0.0038 0.0047 
 H071.5_2002  2 0.0037 0.0028 0.0047 0.0029 0.0038 0.0060 0.0043 0.0035 0.8065 0.0034 0.0040 0.0044 0.0042 0.0401 0.0053 0.0028 0.0083 0.0053 0.0054 0.0095 0.0053 0.0457 0.0076 0.0045 0.0061 
 H071.5_2003  2 0.0076 0.0098 0.0185 0.0042 0.0076 0.0040 0.0035 0.0084 0.3366 0.0120 0.0123 0.0051 0.0126 0.2428 0.0072 0.0168 0.0370 0.0078 0.0121 0.0184 0.0135 0.1360 0.0399 0.0058 0.0203 
 H071.6_2002  2 0.0035 0.0040 0.0108 0.0031 0.0030 0.0041 0.0045 0.0111 0.6021 0.0029 0.0049 0.0078 0.0043 0.0317 0.0072 0.0059 0.0128 0.0056 0.0078 0.0163 0.0052 0.2201 0.0095 0.0051 0.0069 
 H071.6_2003  2 0.0081 0.0048 0.0162 0.0029 0.0050 0.0042 0.0041 0.0049 0.5697 0.0081 0.0062 0.0059 0.0146 0.1394 0.0056 0.0095 0.0144 0.0083 0.0116 0.0135 0.0075 0.0576 0.0451 0.0065 0.0263 
 H071.7_2002  2 0.0045 0.0059 0.0047 0.0033 0.0041 0.0030 0.0040 0.0085 0.6740 0.0096 0.0044 0.0068 0.0069 0.1563 0.0089 0.0077 0.0096 0.0160 0.0091 0.0083 0.0032 0.0279 0.0039 0.0043 0.0054 
 H071.7_2003  2 0.0073 0.0051 0.0209 0.0030 0.0074 0.0035 0.0042 0.0043 0.5098 0.0085 0.0112 0.0067 0.0091 0.1549 0.0065 0.0091 0.0217 0.0072 0.0160 0.0138 0.0148 0.0617 0.0725 0.0061 0.0147 
      H071.8  2 0.0050 0.0090 0.0070 0.0058 0.0043 0.0029 0.0050 0.0187 0.8000 0.0063 0.0079 0.0083 0.0109 0.0253 0.0139 0.0085 0.0135 0.0061 0.0098 0.0047 0.0039 0.0079 0.0044 0.0047 0.0062 
      H071.9  2 0.0052 0.0100 0.0968 0.0155 0.0036 0.0052 0.0102 0.0319 0.5427 0.0084 0.0160 0.0052 0.0108 0.0051 0.0113 0.0186 0.0139 0.0059 0.0272 0.0425 0.0071 0.0650 0.0194 0.0101 0.0121 
 H081.1_2002  2 0.0045 0.0042 0.0074 0.0085 0.0058 0.0092 0.0037 0.0043 0.5846 0.0039 0.0100 0.0118 0.0117 0.2217 0.0259 0.0143 0.0158 0.0055 0.0046 0.0061 0.0090 0.0070 0.0070 0.0065 0.0070 
 H081.1_2003  2 0.0196 0.0165 0.0462 0.0375 0.0134 0.0179 0.1701 0.0147 0.0304 0.0115 0.0081 0.0834 0.0434 0.1762 0.0120 0.0182 0.0437 0.0354 0.0223 0.0218 0.0108 0.0070 0.0357 0.0764 0.0278 
 H081.2_2002  2 0.0041 0.0067 0.0085 0.0065 0.0039 0.0044 0.0039 0.0045 0.6015 0.0045 0.0082 0.0077 0.0118 0.1369 0.1077 0.0052 0.0169 0.0104 0.0084 0.0063 0.0076 0.0059 0.0043 0.0061 0.0082 
 H081.2_2003  2 0.0080 0.0077 0.0302 0.0052 0.0064 0.0254 0.0067 0.0266 0.0189 0.0138 0.0082 0.0176 0.0132 0.0327 0.0471 0.0114 0.0547 0.0040 0.0192 0.0068 0.0086 0.0177 0.5757 0.0185 0.0157 
 H081.3_2002  2 0.0045 0.0188 0.0080 0.0047 0.0037 0.0045 0.0062 0.0156 0.7617 0.0065 0.0052 0.0118 0.0078 0.0295 0.0248 0.0083 0.0101 0.0045 0.0168 0.0051 0.0076 0.0058 0.0098 0.0075 0.0112 
 H081.3_2003  2 0.0172 0.0121 0.0822 0.0139 0.0068 0.0169 0.0132 0.0583 0.0149 0.0087 0.0170 0.0128 0.0149 0.0107 0.0226 0.0160 0.0211 0.0081 0.2506 0.0188 0.0203 0.0112 0.2944 0.0233 0.0139 
 H081.4_2002  2 0.0066 0.0065 0.0072 0.0048 0.0038 0.0062 0.0036 0.0106 0.6407 0.0097 0.0095 0.0187 0.0078 0.1768 0.0063 0.0048 0.0082 0.0071 0.0058 0.0067 0.0065 0.0122 0.0128 0.0091 0.0080 
 H081.4_2003  2 0.0328 0.0071 0.1044 0.0371 0.0112 0.0150 0.0106 0.0179 0.0131 0.0088 0.0118 0.0228 0.0720 0.0946 0.0278 0.0595 0.0143 0.0117 0.0384 0.0152 0.0214 0.0065 0.1825 0.1173 0.0462 
 H081.5_2002  2 0.0066 0.0099 0.0111 0.0042 0.0039 0.0053 0.0042 0.0095 0.5964 0.0080 0.0070 0.0117 0.0102 0.2005 0.0099 0.0094 0.0116 0.0072 0.0099 0.0053 0.0042 0.0072 0.0232 0.0120 0.0116 
 H081.5_2003  2 0.0168 0.0101 0.0596 0.0299 0.0071 0.0100 0.0201 0.0113 0.0175 0.0266 0.0051 0.0597 0.0641 0.3263 0.0436 0.0355 0.0128 0.0184 0.0250 0.0182 0.0154 0.0056 0.0494 0.0678 0.0442 
      H081.6  2 0.0058 0.0045 0.0075 0.0064 0.0045 0.0045 0.0048 0.0048 0.3118 0.0049 0.0075 0.0161 0.0069 0.5239 0.0164 0.0069 0.0111 0.0092 0.0043 0.0067 0.0057 0.0070 0.0084 0.0052 0.0053 
      H081.7  2 0.0052 0.0062 0.0149 0.0041 0.0033 0.0061 0.0045 0.0093 0.5939 0.0054 0.0060 0.0145 0.0092 0.1055 0.1056 0.0128 0.0115 0.0048 0.0203 0.0052 0.0090 0.0076 0.0110 0.0074 0.0164 
      H081.8  2 0.0044 0.0073 0.0116 0.0084 0.0059 0.0104 0.0093 0.0370 0.6956 0.0068 0.0097 0.0226 0.0103 0.0165 0.0081 0.0134 0.0107 0.0050 0.0113 0.0074 0.0117 0.0129 0.0292 0.0176 0.0168 
      H083.1  2 0.0139 0.0148 0.0122 0.0162 0.0067 0.0322 0.0101 0.0069 0.6826 0.0049 0.0101 0.0084 0.0046 0.0349 0.0106 0.0070 0.0054 0.0214 0.0043 0.0161 0.0055 0.0284 0.0098 0.0280 0.0048 
      H083.2  2 0.0046 0.0169 0.0137 0.0038 0.0035 0.0118 0.0060 0.0048 0.7883 0.0058 0.0245 0.0045 0.0069 0.0061 0.0098 0.0086 0.0066 0.0089 0.0141 0.0173 0.0080 0.0072 0.0045 0.0075 0.0064 
      H083.4  2 0.0034 0.0141 0.0057 0.0036 0.0036 0.0390 0.0084 0.0288 0.7391 0.0045 0.0150 0.0043 0.0039 0.0067 0.0089 0.0055 0.0121 0.0094 0.0112 0.0167 0.0104 0.0292 0.0049 0.0062 0.0054 
      H083.5  2 0.0074 0.0203 0.0070 0.0272 0.0102 0.0913 0.0249 0.0108 0.6177 0.0056 0.0178 0.0050 0.0068 0.0185 0.0128 0.0164 0.0152 0.0243 0.0048 0.0063 0.0079 0.0096 0.0058 0.0212 0.0053 
      H083.6  2 0.0090 0.0081 0.0093 0.0478 0.0077 0.1441 0.0084 0.0246 0.5140 0.0034 0.0186 0.0131 0.0064 0.0447 0.0143 0.0217 0.0070 0.0073 0.0044 0.0075 0.0105 0.0282 0.0128 0.0178 0.0095 
      H083.7  2 0.0044 0.0075 0.0043 0.0072 0.0052 0.1364 0.0092 0.0172 0.6301 0.0047 0.0272 0.0043 0.0049 0.0052 0.0142 0.0077 0.0211 0.0087 0.0093 0.0098 0.0262 0.0211 0.0039 0.0053 0.0049 
      H083.8  2 0.0056 0.0275 0.0080 0.0037 0.0029 0.0125 0.0052 0.0041 0.7855 0.0061 0.0309 0.0037 0.0084 0.0066 0.0093 0.0122 0.0064 0.0064 0.0091 0.0155 0.0080 0.0062 0.0036 0.0060 0.0065 
      H083.9  2 0.0078 0.0134 0.0048 0.0290 0.0136 0.1454 0.0131 0.0080 0.6026 0.0068 0.0115 0.0073 0.0053 0.0333 0.0087 0.0087 0.0098 0.0113 0.0033 0.0072 0.0055 0.0124 0.0057 0.0204 0.0051 
      H084.1  2 0.0128 0.0119 0.0446 0.0458 0.0056 0.0076 0.0494 0.0070 0.0118 0.0112 0.0133 0.0042 0.0055 0.0051 0.0075 0.0072 0.0080 0.0042 0.0131 0.0414 0.0093 0.0060 0.6304 0.0261 0.0113 
      H084.2  2 0.0110 0.0045 0.1628 0.0070 0.0046 0.0045 0.0459 0.0111 0.0138 0.0038 0.0071 0.0083 0.0069 0.0043 0.0031 0.0054 0.0049 0.0059 0.0154 0.0347 0.0045 0.0071 0.5519 0.0520 0.0194 
      H084.3  2 0.0166 0.0136 0.0157 0.0890 0.0484 0.0099 0.2314 0.0074 0.0086 0.0218 0.0069 0.0192 0.0053 0.0213 0.0062 0.0059 0.0072 0.0222 0.0087 0.0280 0.0709 0.0054 0.2953 0.0140 0.0211 
      H084.4  2 0.0081 0.0155 0.0537 0.0430 0.0168 0.0043 0.2003 0.0133 0.0071 0.0846 0.0068 0.0429 0.0064 0.0310 0.0037 0.0059 0.0096 0.0423 0.0116 0.0129 0.0178 0.0045 0.2775 0.0417 0.0389 
      H084.5  2 0.0107 0.0185 0.0099 0.1202 0.0053 0.0058 0.0287 0.0063 0.0052 0.0833 0.0073 0.0153 0.0071 0.0109 0.0079 0.0090 0.0063 0.0283 0.0064 0.0399 0.0171 0.0069 0.5246 0.0074 0.0117 
      H084.6  2 0.0074 0.0238 0.0049 0.0499 0.0090 0.0197 0.0493 0.0124 0.0064 0.0384 0.0058 0.0082 0.0046 0.0061 0.0069 0.0076 0.0042 0.0144 0.0092 0.0154 0.0253 0.0041 0.6490 0.0071 0.0107 
      H084.7  2 0.0112 0.0052 0.0708 0.0099 0.0037 0.0046 0.0111 0.0082 0.0058 0.0064 0.0081 0.0132 0.0068 0.0069 0.0042 0.0055 0.0095 0.0038 0.0074 0.0333 0.0085 0.0066 0.6945 0.0463 0.0083 
      H084.8  2 0.0106 0.0207 0.0065 0.1831 0.0065 0.0079 0.0372 0.0083 0.0054 0.0450 0.0065 0.0056 0.0042 0.0120 0.0071 0.0071 0.0048 0.0088 0.0042 0.0117 0.0197 0.0040 0.5566 0.0087 0.0078 
 H085.1_2002  2 0.0072 0.0074 0.0554 0.0052 0.0051 0.0145 0.0145 0.0053 0.0278 0.0039 0.0039 0.0128 0.0126 0.0222 0.6815 0.0122 0.0114 0.0068 0.0158 0.0213 0.0053 0.0083 0.0084 0.0237 0.0074 
 H085.1_2003  2 0.0061 0.0108 0.1543 0.0105 0.0105 0.0714 0.0143 0.0220 0.0419 0.0172 0.0111 0.0088 0.0073 0.3409 0.0834 0.0140 0.0287 0.0030 0.0075 0.0187 0.0111 0.0220 0.0072 0.0291 0.0483 
 H085.2_2002  2 0.0059 0.0069 0.1038 0.0174 0.0083 0.1423 0.0583 0.0090 0.0397 0.0046 0.0057 0.0632 0.0749 0.0181 0.0795 0.1649 0.0169 0.0088 0.0425 0.0115 0.0138 0.0182 0.0116 0.0280 0.0461 
 H085.2_2003  2 0.0180 0.0239 0.0221 0.0054 0.0134 0.0306 0.0135 0.0222 0.1096 0.0110 0.0093 0.0212 0.0156 0.4434 0.0285 0.0103 0.0411 0.0079 0.0116 0.0194 0.0070 0.0188 0.0140 0.0546 0.0278 
 H085.3_2002  2 0.0073 0.0077 0.0267 0.0099 0.0125 0.0229 0.0051 0.0035 0.0079 0.0181 0.0068 0.0203 0.0664 0.0269 0.5200 0.0182 0.0258 0.0072 0.0121 0.0078 0.0074 0.0082 0.0045 0.0199 0.1270 
 H085.3_2003  2 0.0055 0.0053 0.0060 0.0029 0.0073 0.0037 0.0027 0.0036 0.0135 0.0350 0.0054 0.0127 0.0049 0.7810 0.0126 0.0029 0.0141 0.0037 0.0059 0.0060 0.0037 0.0088 0.0047 0.0051 0.0431 
 H085.4_2002  2 0.0120 0.0052 0.0531 0.0238 0.0066 0.0208 0.0280 0.0078 0.1103 0.0036 0.0071 0.0503 0.0353 0.0284 0.2488 0.0906 0.0698 0.0071 0.0667 0.0233 0.0100 0.0181 0.0166 0.0313 0.0253 
 H085.4_2003  2 0.0097 0.0076 0.0069 0.0073 0.0447 0.0082 0.0085 0.0046 0.3280 0.0826 0.0043 0.0352 0.0475 0.2117 0.0082 0.0104 0.0123 0.0104 0.0153 0.0172 0.0125 0.0081 0.0199 0.0625 0.0164 
 H085.5_2002  2 0.0105 0.0058 0.0149 0.0085 0.0065 0.0046 0.0047 0.0040 0.0058 0.0161 0.0069 0.0118 0.0244 0.0517 0.6853 0.0127 0.0149 0.0035 0.0099 0.0071 0.0064 0.0062 0.0040 0.0085 0.0652 
 H085.5_2003  2 0.0109 0.0113 0.0117 0.0027 0.0151 0.0295 0.0069 0.0084 0.0960 0.0052 0.0053 0.0196 0.0060 0.6274 0.0178 0.0059 0.0312 0.0040 0.0066 0.0149 0.0059 0.0147 0.0124 0.0187 0.0119 
 H085.6_2002  2 0.0044 0.0094 0.3044 0.0058 0.0047 0.0141 0.0129 0.0051 0.0091 0.0072 0.0035 0.0063 0.0233 0.0165 0.4704 0.0078 0.0113 0.0065 0.0073 0.0179 0.0048 0.0075 0.0068 0.0117 0.0212 
 H085.6_2003  2 0.0124 0.0134 0.0146 0.0114 0.0081 0.0058 0.0056 0.0068 0.0166 0.0691 0.0078 0.0262 0.0309 0.3061 0.0150 0.0137 0.0141 0.0082 0.0120 0.0072 0.0088 0.0064 0.0063 0.0180 0.3554 
 H085.7_2002  2 0.0084 0.0199 0.0259 0.0066 0.0223 0.0471 0.0135 0.0087 0.0383 0.0128 0.0065 0.0484 0.1256 0.0954 0.2319 0.0437 0.0385 0.0191 0.0117 0.0062 0.0084 0.0115 0.0122 0.0675 0.0701 
 H085.7_2003  2 0.0132 0.0139 0.0402 0.0103 0.0097 0.0108 0.0099 0.0078 0.1522 0.0516 0.0121 0.0175 0.0100 0.4247 0.0144 0.0089 0.0512 0.0038 0.0177 0.0111 0.0105 0.0296 0.0063 0.0113 0.0516 
 H085.8_2002  2 0.0055 0.0057 0.0178 0.0140 0.0059 0.0121 0.0101 0.0096 0.0152 0.0256 0.0090 0.0525 0.0340 0.0822 0.0674 0.0352 0.0158 0.0095 0.0255 0.0052 0.0076 0.0120 0.0097 0.0118 0.5011 
 H085.8_2003  2 0.0158 0.0294 0.0242 0.0140 0.0455 0.0856 0.0160 0.0089 0.0984 0.0142 0.0057 0.0400 0.0476 0.1104 0.0336 0.0322 0.0302 0.0096 0.0180 0.0356 0.0194 0.0136 0.0162 0.2063 0.0298 
      H085.9  2 0.0126 0.0089 0.0179 0.0080 0.0114 0.0167 0.0293 0.0120 0.0289 0.0093 0.0055 0.0274 0.0352 0.0737 0.5199 0.0240 0.0262 0.0085 0.0224 0.0097 0.0115 0.0099 0.0127 0.0375 0.0207 
      H088.1  2 0.0091 0.0099 0.0129 0.0755 0.0236 0.0100 0.0053 0.0253 0.0092 0.0032 0.0765 0.0040 0.0169 0.0046 0.0146 0.0968 0.0093 0.0046 0.0050 0.0066 0.0161 0.0158 0.0063 0.5321 0.0068 
      H088.2  2 0.0078 0.0105 0.0178 0.0426 0.0109 0.0083 0.0073 0.0114 0.0070 0.0034 0.0128 0.0053 0.0150 0.0048 0.0173 0.0351 0.0090 0.0153 0.0063 0.0117 0.0126 0.0131 0.0046 0.6955 0.0147 
      H088.3  2 0.0054 0.0116 0.0122 0.0197 0.0081 0.0081 0.0069 0.0178 0.0040 0.0034 0.0207 0.0052 0.0129 0.0047 0.0117 0.0130 0.0085 0.0183 0.0064 0.0074 0.0068 0.0089 0.0049 0.7639 0.0097 
      H088.4  2 0.0047 0.0041 0.0136 0.0063 0.0174 0.0026 0.0045 0.0109 0.0065 0.0043 0.0204 0.0039 0.0062 0.0056 0.0040 0.0047 0.0056 0.0055 0.0079 0.0049 0.0033 0.0055 0.0105 0.8307 0.0063 
      H088.5  2 0.0045 0.0065 0.0054 0.0095 0.0091 0.0045 0.0045 0.0129 0.0048 0.0040 0.0118 0.0028 0.0059 0.0027 0.0047 0.0109 0.0039 0.0044 0.0056 0.0058 0.0039 0.0071 0.0057 0.8541 0.0050 
      H088.6  2 0.0079 0.0116 0.0055 0.0112 0.0084 0.0059 0.0056 0.0210 0.0101 0.0048 0.0182 0.0041 0.0059 0.0044 0.0043 0.0073 0.0065 0.0053 0.0050 0.0049 0.0059 0.0121 0.0077 0.8104 0.0059 
      H088.7  2 0.0052 0.0102 0.0134 0.0080 0.0059 0.0053 0.0047 0.0080 0.0140 0.0055 0.0067 0.0042 0.0058 0.0057 0.0046 0.0056 0.0076 0.0056 0.0041 0.0079 0.0050 0.0038 0.0047 0.8439 0.0044 
      H088.8  2 0.0082 0.0167 0.0089 0.0116 0.0217 0.0051 0.0056 0.0390 0.0429 0.0073 0.0245 0.0051 0.0073 0.0059 0.0058 0.0102 0.0130 0.0061 0.0053 0.0067 0.0084 0.0131 0.0103 0.7058 0.0057 
      H091.1  2 0.0114 0.0101 0.0130 0.0112 0.2605 0.0209 0.0078 0.0045 0.0086 0.0242 0.0080 0.0203 0.0076 0.0848 0.0050 0.0141 0.0194 0.0043 0.0092 0.0152 0.0069 0.0482 0.0066 0.3394 0.0389 
      H091.2  2 0.0093 0.0116 0.0063 0.0056 0.0205 0.0121 0.0036 0.0062 0.0107 0.0668 0.0074 0.0124 0.0085 0.0332 0.0051 0.0053 0.1016 0.0039 0.0070 0.0258 0.0149 0.0744 0.0029 0.5289 0.0157 
      H109.1  2 0.0100 0.0985 0.0669 0.0142 0.0075 0.0760 0.0298 0.0842 0.0185 0.0176 0.0101 0.0115 0.0068 0.0064 0.0168 0.0869 0.0513 0.0088 0.0292 0.2781 0.0090 0.0098 0.0324 0.0097 0.0098 
      H109.2  2 0.0037 0.0348 0.0983 0.0097 0.0109 0.0091 0.0177 0.0123 0.0366 0.0077 0.0091 0.0169 0.0277 0.0124 0.0057 0.0545 0.1091 0.0141 0.0314 0.1133 0.0217 0.0251 0.2767 0.0122 0.0294 
      H109.3  2 0.0293 0.1351 0.2475 0.0122 0.0124 0.0087 0.0148 0.0101 0.0147 0.0606 0.0147 0.0125 0.0082 0.0168 0.0034 0.0286 0.0267 0.0120 0.0351 0.0365 0.0180 0.1323 0.0485 0.0163 0.0452 
      H109.4  2 0.0082 0.0329 0.1470 0.0086 0.0427 0.0109 0.0186 0.0293 0.0089 0.0266 0.0192 0.0078 0.0150 0.0162 0.0051 0.1080 0.0512 0.0069 0.0662 0.0724 0.0124 0.1548 0.0876 0.0109 0.0324 
      H109.5  2 0.0115 0.0177 0.3450 0.0410 0.0115 0.0045 0.0036 0.0072 0.0380 0.0330 0.0221 0.0207 0.0102 0.0337 0.0055 0.0124 0.0799 0.0116 0.0166 0.0101 0.0136 0.0930 0.0747 0.0725 0.0106 
      H109.6  2 0.0105 0.0723 0.0324 0.0194 0.0087 0.0092 0.0156 0.1100 0.0286 0.0101 0.0168 0.0130 0.0158 0.0217 0.0058 0.0695 0.1076 0.0170 0.0475 0.0748 0.0308 0.0158 0.2090 0.0099 0.0284 
      H126.1  2 0.0246 0.0077 0.0682 0.0104 0.0111 0.0073 0.0063 0.0119 0.0078 0.0089 0.0532 0.0305 0.0515 0.0061 0.0573 0.2366 0.0413 0.0548 0.0865 0.1510 0.0066 0.0205 0.0073 0.0198 0.0126 
      H126.2  2 0.0167 0.0456 0.0425 0.0049 0.0111 0.0141 0.0326 0.0089 0.0332 0.0061 0.0208 0.0152 0.0112 0.0277 0.0413 0.0503 0.2719 0.0246 0.0795 0.0096 0.0062 0.1883 0.0117 0.0087 0.0171 
      H126.3  2 0.0056 0.0070 0.0444 0.0093 0.0116 0.0122 0.0059 0.0120 0.0311 0.0098 0.0253 0.0049 0.0074 0.0034 0.0097 0.0370 0.2730 0.0108 0.0113 0.1876 0.0044 0.2038 0.0037 0.0655 0.0030 
      H126.4  2 0.0071 0.0112 0.0152 0.0060 0.0069 0.0069 0.0061 0.0098 0.0081 0.0074 0.4117 0.0067 0.0173 0.0092 0.0106 0.0227 0.0109 0.0174 0.3137 0.0077 0.0064 0.0554 0.0079 0.0091 0.0085 
      H126.5  2 0.0209 0.0071 0.0155 0.0055 0.0050 0.0066 0.0043 0.0094 0.0485 0.0093 0.0282 0.0098 0.0481 0.0286 0.0159 0.0237 0.3041 0.0849 0.0579 0.0093 0.0082 0.2227 0.0061 0.0076 0.0129 
      H126.6  2 0.0136 0.0117 0.0863 0.0039 0.0045 0.0052 0.0046 0.0055 0.1636 0.0106 0.0086 0.0043 0.0071 0.0131 0.0646 0.0077 0.3110 0.0357 0.0224 0.0418 0.0041 0.1267 0.0047 0.0309 0.0078 
      H126.7  2 0.0083 0.0066 0.0147 0.0033 0.0094 0.0079 0.0030 0.0087 0.3850 0.0111 0.0659 0.0089 0.0049 0.0412 0.0714 0.0103 0.0371 0.0108 0.0101 0.0125 0.0063 0.1421 0.0075 0.1009 0.0122 
      H130.1  2 0.0263 0.0140 0.1374 0.0094 0.0207 0.0092 0.0068 0.0175 0.0071 0.0099 0.0116 0.0124 0.5437 0.0084 0.0074 0.0096 0.0098 0.0133 0.0342 0.0065 0.0139 0.0156 0.0121 0.0221 0.0211 
      H130.2  2 0.0332 0.0293 0.1319 0.0071 0.0093 0.0333 0.0084 0.0674 0.0226 0.0156 0.0062 0.0104 0.1034 0.0540 0.0148 0.0472 0.0072 0.0070 0.0214 0.0097 0.0237 0.0117 0.2456 0.0410 0.0383 
      H130.3  2 0.2519 0.0124 0.2511 0.0095 0.0250 0.0050 0.0041 0.0201 0.0197 0.0044 0.0109 0.0071 0.0894 0.1069 0.0057 0.0095 0.0068 0.0065 0.0091 0.0151 0.0201 0.0097 0.0625 0.0173 0.0199 
      H130.4  2 0.0798 0.0197 0.1556 0.0091 0.0151 0.0161 0.0148 0.0355 0.0093 0.0064 0.0062 0.0072 0.3799 0.0052 0.0175 0.0360 0.0102 0.0084 0.0587 0.0161 0.0223 0.0107 0.0243 0.0262 0.0095 
      H130.5  2 0.0079 0.0064 0.2445 0.0119 0.0088 0.0144 0.0049 0.0145 0.0324 0.0079 0.0061 0.0066 0.3484 0.0719 0.0166 0.0149 0.0052 0.0082 0.0167 0.0055 0.0234 0.0073 0.0661 0.0290 0.0204 
      H133.1  2 0.0228 0.0102 0.7006 0.0059 0.0042 0.0063 0.0234 0.0060 0.0145 0.0135 0.0405 0.0073 0.0166 0.0079 0.0073 0.0091 0.0062 0.0046 0.0362 0.0200 0.0067 0.0040 0.0085 0.0107 0.0068 
      H133.2  2 0.0140 0.0102 0.5244 0.0081 0.0056 0.0044 0.0066 0.0069 0.0070 0.0170 0.0073 0.0061 0.0253 0.0099 0.0186 0.0107 0.0116 0.0081 0.2086 0.0126 0.0055 0.0134 0.0291 0.0172 0.0117 
      H133.3  2 0.0104 0.0086 0.6863 0.0109 0.0048 0.0069 0.0327 0.0049 0.0154 0.0120 0.0183 0.0056 0.0155 0.0092 0.0131 0.0067 0.0054 0.0047 0.0082 0.0457 0.0111 0.0065 0.0097 0.0270 0.0204 
      H133.4  2 0.0271 0.0298 0.4082 0.0051 0.0046 0.0079 0.0375 0.0135 0.0116 0.0712 0.0229 0.0122 0.0163 0.0115 0.0087 0.0067 0.0181 0.0084 0.1781 0.0533 0.0075 0.0059 0.0183 0.0093 0.0065 
      H133.5  2 0.0105 0.0056 0.8015 0.0039 0.0039 0.0047 0.0079 0.0093 0.0034 0.0040 0.0091 0.0072 0.0077 0.0055 0.0084 0.0066 0.0069 0.0051 0.0290 0.0168 0.0026 0.0048 0.0158 0.0107 0.0090 
      H133.6  2 0.0085 0.0070 0.5420 0.0112 0.0083 0.0101 0.0052 0.0105 0.0131 0.0048 0.0130 0.0066 0.0139 0.0065 0.0147 0.0128 0.0181 0.0087 0.1564 0.0270 0.0078 0.0059 0.0131 0.0569 0.0181 
      H133.7  2 0.0117 0.0345 0.3518 0.0176 0.0078 0.0059 0.0602 0.0041 0.0174 0.1333 0.0158 0.0066 0.0427 0.0135 0.0168 0.0126 0.0088 0.0052 0.0525 0.1058 0.0246 0.0054 0.0056 0.0112 0.0286 
      H133.8  2 0.0072 0.0107 0.6696 0.0045 0.0031 0.0074 0.0195 0.0033 0.0064 0.0257 0.0084 0.0314 0.0107 0.0045 0.0154 0.0539 0.0043 0.0041 0.0462 0.0363 0.0049 0.0066 0.0043 0.0069 0.0048 
      H133.9  2 0.0186 0.0100 0.6483 0.0066 0.0065 0.0089 0.0330 0.0041 0.0118 0.0085 0.0899 0.0073 0.0178 0.0061 0.0085 0.0095 0.0051 0.0058 0.0219 0.0337 0.0065 0.0041 0.0072 0.0098 0.0104 
      H147.1  2 0.0029 0.0066 0.0061 0.0111 0.0160 0.0065 0.0061 0.0036 0.0103 0.0187 0.0036 0.0116 0.0076 0.7938 0.0102 0.0085 0.0137 0.0104 0.0072 0.0046 0.0065 0.0042 0.0162 0.0065 0.0075 
      H147.2  2 0.0035 0.0037 0.0052 0.0048 0.0045 0.0034 0.0032 0.0037 0.0260 0.0050 0.0031 0.0071 0.0062 0.8595 0.0091 0.0065 0.0057 0.0066 0.0053 0.0038 0.0029 0.0037 0.0068 0.0058 0.0049 
      H147.3  2 0.0038 0.0032 0.0051 0.0039 0.0040 0.0030 0.0036 0.0025 0.0103 0.0035 0.0045 0.0058 0.0053 0.8900 0.0062 0.0066 0.0080 0.0048 0.0034 0.0036 0.0031 0.0035 0.0048 0.0034 0.0040 
      H147.4  2 0.0032 0.0043 0.0039 0.0030 0.0042 0.0039 0.0069 0.0028 0.0059 0.0041 0.0036 0.0047 0.0034 0.9069 0.0052 0.0032 0.0050 0.0037 0.0026 0.0026 0.0026 0.0031 0.0054 0.0028 0.0032 
      H147.5  2 0.0061 0.0066 0.0097 0.0081 0.0098 0.0067 0.0037 0.0061 0.0076 0.0073 0.0051 0.0079 0.0050 0.8231 0.0073 0.0046 0.0064 0.0085 0.0041 0.0035 0.0039 0.0073 0.0186 0.0149 0.0083 
      H147.6  2 0.0051 0.0060 0.0073 0.0052 0.0114 0.0057 0.0035 0.0062 0.0094 0.0084 0.0059 0.0055 0.0042 0.8221 0.0066 0.0038 0.0070 0.0087 0.0041 0.0039 0.0041 0.0087 0.0214 0.0195 0.0066 
      H147.7  2 0.0049 0.0076 0.0041 0.0052 0.0071 0.0053 0.0068 0.0033 0.0105 0.0112 0.0059 0.0049 0.0044 0.8561 0.0044 0.0039 0.0130 0.0047 0.0035 0.0034 0.0043 0.0046 0.0126 0.0033 0.0050 
      H147.8  2 0.0034 0.0062 0.0092 0.0046 0.0110 0.0105 0.0069 0.0064 0.0125 0.0095 0.0036 0.0064 0.0026 0.8319 0.0056 0.0043 0.0062 0.0044 0.0030 0.0035 0.0036 0.0085 0.0237 0.0083 0.0041 
      H147.9  2 0.0033 0.0042 0.0032 0.0041 0.0035 0.0041 0.0031 0.0032 0.0099 0.0054 0.0042 0.0044 0.0053 0.8921 0.0081 0.0030 0.0070 0.0056 0.0032 0.0029 0.0030 0.0044 0.0042 0.0044 0.0042 
      H148.1  2 0.0049 0.0159 0.0416 0.0564 0.0264 0.0209 0.0525 0.1049 0.0069 0.0105 0.0106 0.0650 0.1028 0.0449 0.0089 0.1791 0.0127 0.0276 0.0495 0.0349 0.0244 0.0134 0.0362 0.0159 0.0337 
      H148.2  2 0.0041 0.0107 0.0480 0.2611 0.0071 0.0191 0.0339 0.0656 0.0117 0.0088 0.0113 0.0170 0.0818 0.0292 0.0161 0.2030 0.0097 0.0101 0.0190 0.0506 0.0402 0.0081 0.0159 0.0073 0.0105 
      H148.3  2 0.0098 0.0190 0.0038 0.1796 0.0235 0.0105 0.0521 0.0346 0.0093 0.0170 0.0083 0.2708 0.0211 0.0258 0.0071 0.0769 0.0255 0.0146 0.0061 0.0072 0.1271 0.0066 0.0124 0.0149 0.0163 
      H148.4  2 0.0060 0.0083 0.0110 0.1211 0.0165 0.0104 0.0239 0.2154 0.0086 0.0136 0.0087 0.0654 0.1405 0.0256 0.0154 0.1732 0.0108 0.0281 0.0175 0.0132 0.0241 0.0095 0.0090 0.0063 0.0181 
      H148.5  2 0.0095 0.0101 0.0081 0.2865 0.0182 0.0098 0.0256 0.1719 0.0061 0.0050 0.0130 0.0213 0.0138 0.0143 0.0108 0.0955 0.0068 0.0197 0.0071 0.0086 0.1643 0.0082 0.0426 0.0157 0.0074 
      H148.6  2 0.0045 0.0108 0.0133 0.1789 0.0438 0.0300 0.1270 0.0865 0.0099 0.0078 0.0055 0.0411 0.1177 0.0406 0.0157 0.0805 0.0168 0.0110 0.0087 0.0175 0.0909 0.0066 0.0129 0.0142 0.0076 
      H148.7  2 0.0079 0.0195 0.0135 0.2554 0.0522 0.0098 0.0240 0.1681 0.0059 0.0115 0.0226 0.0234 0.0388 0.0164 0.0074 0.1843 0.0051 0.0098 0.0102 0.0288 0.0294 0.0126 0.0151 0.0138 0.0145 
      H148.8  2 0.0050 0.0037 0.0084 0.2372 0.0563 0.0059 0.0268 0.0422 0.0052 0.0080 0.0046 0.0294 0.2877 0.0194 0.0104 0.0871 0.0064 0.0079 0.0084 0.0061 0.0994 0.0055 0.0078 0.0149 0.0064 
      H148.9  2 0.0101 0.0462 0.0107 0.0454 0.0136 0.0172 0.0974 0.0511 0.0052 0.0124 0.0171 0.0624 0.0709 0.0139 0.0446 0.1774 0.0235 0.0109 0.0097 0.1487 0.0618 0.0140 0.0149 0.0069 0.0139 
   H166022.1  2 0.0042 0.0070 0.0243 0.0177 0.2887 0.0502 0.0097 0.0044 0.0122 0.0099 0.0050 0.0192 0.0120 0.0938 0.0124 0.0073 0.0172 0.0131 0.0043 0.0061 0.0076 0.0066 0.0320 0.3292 0.0058 
   H166022.2  2 0.0096 0.0305 0.0106 0.0158 0.1380 0.0444 0.0121 0.0299 0.0212 0.0258 0.0107 0.0150 0.0164 0.1539 0.0132 0.0201 0.0104 0.0408 0.0061 0.0085 0.0191 0.0155 0.0605 0.2413 0.0305 
   H166022.3  2 0.0069 0.0087 0.0103 0.0088 0.5234 0.0993 0.0053 0.0112 0.0035 0.0058 0.0079 0.0098 0.0148 0.0167 0.0059 0.0089 0.0043 0.0091 0.0030 0.0093 0.0069 0.0107 0.0123 0.1837 0.0134 
   H166022.4  2 0.0101 0.0103 0.0150 0.0079 0.1644 0.0212 0.0052 0.0180 0.0047 0.0045 0.0141 0.0165 0.0053 0.0406 0.0038 0.0079 0.0038 0.0189 0.0038 0.0078 0.0065 0.0130 0.0136 0.5688 0.0143 
   H166022.5  2 0.0106 0.0102 0.0227 0.0090 0.1942 0.0222 0.0055 0.0103 0.0083 0.0065 0.0058 0.0318 0.0124 0.0773 0.0043 0.0043 0.0093 0.0222 0.0046 0.0083 0.0076 0.0066 0.0718 0.4226 0.0116 
   H166022.6  2 0.0106 0.0286 0.0348 0.0144 0.4075 0.0235 0.0188 0.0092 0.0050 0.0087 0.0091 0.0167 0.0291 0.0563 0.0077 0.0090 0.0081 0.0205 0.0104 0.0065 0.0045 0.0073 0.0244 0.2049 0.0245 
   H166022.7  2 0.0064 0.0058 0.0077 0.0058 0.0042 0.0033 0.0062 0.8565 0.0070 0.0083 0.0061 0.0044 0.0055 0.0056 0.0037 0.0057 0.0095 0.0052 0.0067 0.0057 0.0034 0.0072 0.0087 0.0063 0.0050 
   H166022.8  2 0.0260 0.0112 0.0779 0.0098 0.1180 0.0361 0.0049 0.0084 0.0077 0.0067 0.0071 0.0263 0.0613 0.2565 0.0142 0.0131 0.0102 0.1087 0.0197 0.0072 0.0060 0.0041 0.0854 0.0450 0.0286 
   H167397.1  2 0.0063 0.0078 0.0071 0.0127 0.1331 0.0050 0.3860 0.0078 0.0148 0.1116 0.0071 0.0137 0.0066 0.1189 0.0052 0.0072 0.0175 0.0066 0.0455 0.0063 0.0095 0.0079 0.0159 0.0275 0.0125 
   H167397.2  2 0.0107 0.0092 0.0359 0.0113 0.0049 0.0249 0.3935 0.0105 0.0093 0.0117 0.0044 0.0506 0.0510 0.2443 0.0344 0.0084 0.0103 0.0111 0.0152 0.0071 0.0086 0.0081 0.0076 0.0092 0.0076 
   H167397.3  2 0.0109 0.0064 0.0108 0.0062 0.0339 0.0072 0.5339 0.0050 0.0373 0.1109 0.0049 0.0097 0.0100 0.0605 0.0039 0.0037 0.0285 0.0082 0.0355 0.0174 0.0116 0.0079 0.0128 0.0185 0.0043 
   H167397.4  2 0.0076 0.0396 0.0196 0.0652 0.0071 0.0194 0.4802 0.0088 0.0130 0.0246 0.0071 0.0965 0.0120 0.0726 0.0346 0.0107 0.0103 0.0051 0.0037 0.0133 0.0066 0.0127 0.0108 0.0139 0.0050 
   H167397.5  2 0.0069 0.0061 0.0131 0.0124 0.0228 0.0098 0.5193 0.0158 0.0084 0.0297 0.0070 0.0531 0.0174 0.1372 0.0046 0.0068 0.0077 0.0090 0.0193 0.0060 0.0109 0.0113 0.0172 0.0219 0.0262 
   H167397.6  2 0.0150 0.0109 0.0168 0.0230 0.0198 0.0067 0.5067 0.0062 0.0219 0.1671 0.0101 0.0152 0.0171 0.0209 0.0102 0.0076 0.0155 0.0099 0.0092 0.0407 0.0077 0.0107 0.0058 0.0202 0.0053 
   H167496.1  2 0.0240 0.0203 0.1030 0.1946 0.0478 0.0228 0.0070 0.0062 0.0145 0.0053 0.0193 0.0455 0.0136 0.0070 0.0040 0.0112 0.0173 0.0282 0.0114 0.0392 0.0554 0.0329 0.0128 0.2253 0.0315 
   H167496.2  2 0.0130 0.0421 0.0756 0.0567 0.0068 0.0066 0.0094 0.0533 0.1270 0.0117 0.0208 0.0178 0.0211 0.0104 0.0099 0.0461 0.0148 0.0706 0.0170 0.0305 0.0975 0.0402 0.0166 0.0788 0.1056 
   H167496.3  2 0.0258 0.0258 0.0287 0.0264 0.0565 0.0691 0.0072 0.0049 0.0235 0.0079 0.0349 0.0463 0.0869 0.0766 0.0582 0.0500 0.0433 0.0111 0.0103 0.0185 0.0652 0.0136 0.0077 0.1154 0.0861 
   H167496.4  2 0.0045 0.0046 0.0063 0.0045 0.0055 0.0053 0.0038 0.0050 0.0075 0.0037 0.0058 0.0053 0.0036 0.0125 0.0053 0.0038 0.0079 0.0049 0.0032 0.0049 0.0037 0.0059 0.0046 0.8734 0.0044 
   H167496.6  2 0.0129 0.0076 0.0112 0.0106 0.0096 0.0058 0.0048 0.0063 0.0078 0.0069 0.0208 0.0128 0.0057 0.1070 0.0053 0.0055 0.0128 0.0255 0.0060 0.0078 0.0036 0.0073 0.0106 0.6577 0.0284 
   H167496.7  2 0.0239 0.0371 0.0313 0.0125 0.0997 0.0270 0.0040 0.0051 0.0101 0.1035 0.0074 0.0644 0.1439 0.0254 0.0064 0.0095 0.0204 0.0503 0.0112 0.0370 0.0743 0.0300 0.0098 0.0285 0.1273 
   H167496.8  2 0.0059 0.0096 0.0099 0.0098 0.0066 0.0066 0.0048 0.0059 0.0078 0.0149 0.0061 0.0102 0.0060 0.0544 0.0054 0.0067 0.0109 0.0181 0.0044 0.0120 0.0047 0.0054 0.0100 0.7460 0.0179 
   H167513.1  2 0.0107 0.8167 0.0143 0.0046 0.0054 0.0095 0.0069 0.0108 0.0057 0.0117 0.0041 0.0065 0.0078 0.0115 0.0054 0.0049 0.0045 0.0090 0.0095 0.0091 0.0040 0.0066 0.0055 0.0079 0.0072 
   H167513.2  2 0.0051 0.7780 0.0051 0.0145 0.0104 0.0053 0.0174 0.0049 0.0058 0.0103 0.0083 0.0081 0.0126 0.0070 0.0070 0.0129 0.0078 0.0081 0.0115 0.0110 0.0105 0.0044 0.0055 0.0139 0.0144 
