      H008.1  2 0.0109 0.7819 0.0131 0.0229 0.0430 0.0113 0.0090 0.0170 0.0114 0.0087 0.0109 0.0057 0.0113 0.0111 0.0257 0.0061 
      H008.2  2 0.0106 0.0405 0.0307 0.0119 0.6083 0.0185 0.0197 0.0307 0.0255 0.0088 0.0330 0.0284 0.0244 0.0112 0.0590 0.0387 
      H008.3  2 0.0110 0.0439 0.0308 0.0176 0.3082 0.0292 0.0195 0.1190 0.1097 0.0127 0.0590 0.0389 0.0556 0.0141 0.0539 0.0770 
      H008.4  2 0.0087 0.4793 0.0217 0.0085 0.1819 0.0102 0.0117 0.0155 0.0121 0.0078 0.0832 0.0489 0.0294 0.0365 0.0148 0.0298 
      H008.5  2 0.0080 0.6888 0.0093 0.0151 0.0412 0.0155 0.0120 0.0281 0.0161 0.0070 0.0333 0.0172 0.0550 0.0090 0.0228 0.0216 
      H008.6  2 0.0063 0.1143 0.0383 0.0070 0.4945 0.0190 0.0175 0.0425 0.0056 0.0049 0.0527 0.0630 0.0293 0.0148 0.0441 0.0462 
      H008.7  2 0.0147 0.2197 0.0378 0.0120 0.3039 0.0109 0.0144 0.0277 0.0566 0.0133 0.0866 0.0481 0.0589 0.0194 0.0535 0.0225 
      H008.8  2 0.0069 0.0624 0.1048 0.0565 0.6055 0.0084 0.0132 0.0143 0.0165 0.0070 0.0161 0.0065 0.0126 0.0140 0.0120 0.0433 
      H008.9  2 0.0062 0.0184 0.0826 0.0062 0.5773 0.0091 0.0131 0.0206 0.0099 0.0074 0.0627 0.0708 0.0147 0.0080 0.0597 0.0332 
 H029.1_2002  2 0.0130 0.6684 0.0319 0.0082 0.0194 0.0076 0.0218 0.0096 0.0084 0.0069 0.0221 0.0206 0.1010 0.0461 0.0075 0.0074 
 H029.1_2003  2 0.0269 0.1318 0.0168 0.0118 0.2614 0.0159 0.0203 0.0148 0.0056 0.0043 0.0469 0.0123 0.4012 0.0138 0.0060 0.0102 
 H029.2_2002  2 0.0174 0.6945 0.0065 0.0078 0.0176 0.0070 0.0280 0.0443 0.0331 0.0044 0.0405 0.0349 0.0314 0.0097 0.0062 0.0166 
 H029.2_2003  2 0.1029 0.2200 0.0127 0.0217 0.1495 0.0159 0.0479 0.1145 0.0096 0.0052 0.0265 0.0414 0.1949 0.0079 0.0073 0.0221 
 H029.3_2002  2 0.0905 0.3887 0.0082 0.0173 0.0587 0.0212 0.0298 0.0285 0.0447 0.0044 0.0620 0.1674 0.0322 0.0119 0.0079 0.0268 
 H029.3_2003  2 0.0479 0.6361 0.0054 0.0068 0.0385 0.0134 0.0098 0.0167 0.0073 0.0053 0.0252 0.0075 0.1533 0.0075 0.0135 0.0058 
 H029.4_2002  2 0.0175 0.8548 0.0045 0.0057 0.0081 0.0079 0.0036 0.0046 0.0108 0.0052 0.0103 0.0164 0.0328 0.0086 0.0051 0.0042 
 H029.4_2003  2 0.1309 0.1090 0.0113 0.0444 0.0254 0.0121 0.0090 0.0140 0.0070 0.0040 0.0130 0.0177 0.5722 0.0101 0.0110 0.0087 
 H029.5_2002  2 0.0074 0.8325 0.0086 0.0051 0.0083 0.0061 0.0114 0.0057 0.0088 0.0069 0.0218 0.0060 0.0469 0.0104 0.0100 0.0040 
 H029.5_2003  2 0.0281 0.3881 0.0087 0.0135 0.1721 0.0071 0.0072 0.0175 0.0050 0.0037 0.0142 0.0110 0.3037 0.0081 0.0075 0.0045 
 H029.6_2002  2 0.0365 0.6748 0.0041 0.0083 0.0138 0.0067 0.0047 0.0064 0.0185 0.0059 0.0149 0.0277 0.1568 0.0069 0.0050 0.0090 
 H029.6_2003  2 0.0572 0.5493 0.0122 0.0125 0.0211 0.0204 0.0457 0.0643 0.0114 0.0138 0.0896 0.0114 0.0583 0.0102 0.0133 0.0095 
      H029.7  2 0.0154 0.8085 0.0092 0.0076 0.0075 0.0038 0.0125 0.0130 0.0150 0.0044 0.0128 0.0265 0.0341 0.0069 0.0055 0.0171 
      H030.1  2 0.0701 0.0321 0.0120 0.0183 0.0131 0.4669 0.0950 0.0466 0.0204 0.0506 0.0100 0.0053 0.0709 0.0067 0.0738 0.0082 
      H030.2  2 0.0141 0.0833 0.0104 0.0212 0.0105 0.2840 0.0103 0.0085 0.1208 0.0358 0.0071 0.0655 0.0326 0.2558 0.0352 0.0049 
      H038.1  2 0.0069 0.8829 0.0085 0.0084 0.0064 0.0068 0.0070 0.0059 0.0042 0.0037 0.0090 0.0207 0.0063 0.0077 0.0044 0.0111 
      H038.2  2 0.0054 0.8974 0.0042 0.0084 0.0054 0.0065 0.0112 0.0077 0.0058 0.0147 0.0046 0.0053 0.0057 0.0094 0.0051 0.0033 
      H038.3  2 0.0077 0.7587 0.0087 0.0378 0.0100 0.0245 0.0275 0.0058 0.0083 0.0130 0.0074 0.0409 0.0047 0.0259 0.0131 0.0058 
      H038.4  2 0.0052 0.8255 0.0074 0.0170 0.0106 0.0069 0.0177 0.0051 0.0094 0.0196 0.0102 0.0305 0.0051 0.0163 0.0086 0.0047 
      H038.5  2 0.0141 0.8298 0.0058 0.0145 0.0184 0.0167 0.0074 0.0084 0.0123 0.0072 0.0090 0.0309 0.0098 0.0058 0.0069 0.0031 
      H038.6  2 0.0088 0.8851 0.0060 0.0100 0.0077 0.0148 0.0085 0.0094 0.0037 0.0037 0.0051 0.0107 0.0074 0.0076 0.0063 0.0052 
      H038.7  2 0.0076 0.8581 0.0049 0.0204 0.0063 0.0083 0.0310 0.0053 0.0030 0.0045 0.0039 0.0119 0.0048 0.0189 0.0076 0.0035 
      H038.8  2 0.0075 0.7644 0.0049 0.0370 0.0067 0.0094 0.0127 0.0060 0.0098 0.0208 0.0055 0.0871 0.0042 0.0147 0.0056 0.0038 
      H041.1  2 0.0528 0.1381 0.0171 0.0135 0.0072 0.0080 0.0238 0.0107 0.0712 0.0258 0.0114 0.0251 0.3938 0.0109 0.1710 0.0197 
      H041.2  2 0.0065 0.0535 0.0087 0.0060 0.0091 0.0079 0.0091 0.0064 0.0056 0.0096 0.0432 0.0168 0.6955 0.0170 0.0979 0.0072 
      H041.4  2 0.0144 0.2153 0.0271 0.0093 0.0204 0.0101 0.0133 0.0100 0.0098 0.0110 0.0543 0.0156 0.5329 0.0078 0.0289 0.0199 
      H041.6  2 0.0080 0.1424 0.0294 0.0136 0.0105 0.0108 0.0202 0.0081 0.0181 0.0117 0.0370 0.0111 0.5783 0.0213 0.0478 0.0318 
 H042.1_2002  2 0.0059 0.0088 0.0235 0.0275 0.0058 0.0068 0.0092 0.0130 0.0084 0.0321 0.0118 0.0110 0.7933 0.0251 0.0071 0.0106 
 H042.1_2003  2 0.0126 0.0660 0.0546 0.0256 0.1173 0.0397 0.0784 0.0804 0.0134 0.0252 0.0698 0.1524 0.0528 0.0396 0.1523 0.0199 
 H042.2_2002  2 0.0994 0.1447 0.0048 0.0301 0.0059 0.0070 0.0066 0.0166 0.0108 0.0071 0.0352 0.0461 0.4089 0.1586 0.0081 0.0102 
 H042.2_2003  2 0.0052 0.0745 0.0292 0.0095 0.0083 0.0083 0.0150 0.0190 0.0046 0.0123 0.0523 0.0048 0.7077 0.0122 0.0247 0.0124 
 H042.3_2002  2 0.0210 0.0120 0.0158 0.1350 0.0056 0.0116 0.0096 0.0246 0.0059 0.0199 0.0452 0.0159 0.4993 0.1462 0.0160 0.0162 
 H042.3_2003  2 0.0454 0.0335 0.0258 0.1643 0.0064 0.0147 0.0108 0.0348 0.0221 0.0272 0.0195 0.0342 0.3663 0.1473 0.0274 0.0202 
 H042.4_2002  2 0.0145 0.0194 0.0098 0.0188 0.0054 0.0096 0.0077 0.0084 0.0085 0.0205 0.0367 0.0188 0.8040 0.0063 0.0065 0.0051 
 H042.4_2003  2 0.0293 0.0838 0.0167 0.0273 0.0042 0.0067 0.0222 0.0077 0.0126 0.0250 0.0129 0.0083 0.7028 0.0070 0.0105 0.0229 
      H042.5  2 0.0054 0.0063 0.0060 0.0060 0.0048 0.0042 0.0054 0.0064 0.0052 0.0064 0.0049 0.0027 0.9169 0.0042 0.0065 0.0086 
      H042.6  2 0.0283 0.0175 0.0111 0.0879 0.0067 0.0056 0.0078 0.0076 0.0082 0.0104 0.0066 0.0121 0.7193 0.0098 0.0048 0.0563 
      H042.7  2 0.0121 0.0182 0.0179 0.0409 0.0081 0.0053 0.0310 0.0069 0.0070 0.0681 0.0423 0.0051 0.5890 0.1211 0.0150 0.0121 
      H042.8  2 0.0091 0.0113 0.0089 0.0107 0.0058 0.0043 0.0062 0.0153 0.0035 0.0119 0.0304 0.0174 0.7946 0.0399 0.0121 0.0185 
   H042_2002  2 0.0205 0.0887 0.0375 0.1846 0.0152 0.0099 0.0373 0.0214 0.0064 0.0115 0.0384 0.0363 0.1207 0.2490 0.0439 0.0788 
   H042_2003  2 0.0321 0.0885 0.0428 0.1505 0.0143 0.0099 0.0352 0.0323 0.0058 0.0177 0.0363 0.0430 0.1322 0.2287 0.0414 0.0893 
      H043.1  2 0.1017 0.0086 0.0053 0.7253 0.0111 0.0131 0.0102 0.0052 0.0137 0.0060 0.0032 0.0304 0.0051 0.0066 0.0387 0.0158 
      H043.2  2 0.0072 0.0133 0.0286 0.8003 0.0089 0.0055 0.0084 0.0072 0.0033 0.0037 0.0065 0.0331 0.0050 0.0030 0.0134 0.0526 
      H043.3  2 0.0162 0.0846 0.0224 0.6709 0.0137 0.0071 0.0778 0.0078 0.0039 0.0046 0.0071 0.0210 0.0081 0.0193 0.0165 0.0191 
      H043.4  2 0.0145 0.0186 0.0163 0.7883 0.0042 0.0056 0.0271 0.0077 0.0047 0.0068 0.0046 0.0297 0.0073 0.0113 0.0224 0.0309 
      H043.5  2 0.0116 0.0126 0.0139 0.8351 0.0086 0.0078 0.0101 0.0058 0.0042 0.0038 0.0090 0.0405 0.0040 0.0077 0.0190 0.0062 
      H043.6  2 0.0183 0.0525 0.0218 0.7629 0.0058 0.0072 0.0115 0.0075 0.0031 0.0045 0.0166 0.0509 0.0090 0.0121 0.0049 0.0113 
      H043.7  2 0.0153 0.0218 0.0420 0.5415 0.0053 0.0084 0.1754 0.0047 0.0036 0.0052 0.0047 0.0544 0.0056 0.0166 0.0360 0.0596 
      H043.8  2 0.0867 0.0119 0.0146 0.7113 0.0272 0.0325 0.0144 0.0061 0.0100 0.0073 0.0048 0.0101 0.0041 0.0101 0.0302 0.0187 
      H043.9  2 0.1835 0.0472 0.0072 0.5936 0.0157 0.0148 0.0210 0.0066 0.0126 0.0054 0.0032 0.0199 0.0092 0.0184 0.0150 0.0269 
      H047.1  2 0.0040 0.4884 0.0182 0.0200 0.0050 0.0068 0.0070 0.0100 0.0049 0.0048 0.0040 0.0059 0.0052 0.0494 0.3592 0.0071 
      H047.2  2 0.0323 0.3516 0.0209 0.0118 0.0316 0.0088 0.0407 0.0242 0.0362 0.0138 0.0098 0.0051 0.0107 0.0134 0.3818 0.0073 
      H047.3  2 0.0400 0.3242 0.0156 0.0094 0.0186 0.0063 0.0186 0.0479 0.0307 0.0190 0.0247 0.0045 0.0127 0.0350 0.3817 0.0113 
      H047.4  2 0.0134 0.2886 0.0170 0.0105 0.0127 0.0089 0.0714 0.0104 0.0093 0.0140 0.0113 0.0035 0.0373 0.0574 0.4252 0.0091 
      H047.5  2 0.0208 0.3477 0.0102 0.0117 0.0112 0.0130 0.0165 0.0215 0.0064 0.0167 0.0205 0.0032 0.0065 0.1035 0.3562 0.0343 
      H047.6  2 0.0102 0.1472 0.0142 0.0053 0.0121 0.0043 0.0106 0.0095 0.0084 0.0078 0.0129 0.0051 0.0219 0.0282 0.6938 0.0085 
      H047.7  2 0.0037 0.4370 0.0141 0.0144 0.0042 0.0048 0.0063 0.0084 0.0099 0.0076 0.0070 0.0086 0.0113 0.0958 0.3579 0.0092 
      H047.8  2 0.0096 0.2022 0.0161 0.0080 0.0084 0.0054 0.0125 0.0229 0.0090 0.0083 0.0143 0.0047 0.0261 0.0461 0.5919 0.0145 
      H047.9  2 0.0076 0.4646 0.0143 0.0238 0.0072 0.0093 0.0101 0.0529 0.0050 0.0360 0.0142 0.0037 0.0110 0.1085 0.1855 0.0464 
 H071.1_2002  2 0.0072 0.8994 0.0076 0.0159 0.0035 0.0065 0.0063 0.0080 0.0034 0.0049 0.0047 0.0050 0.0072 0.0076 0.0053 0.0074 
 H071.1_2003  2 0.0131 0.5968 0.0358 0.0139 0.0092 0.0735 0.0534 0.0131 0.0036 0.0082 0.0111 0.0099 0.0091 0.0097 0.0119 0.1278 
     H071.10  2 0.0079 0.8852 0.0052 0.0168 0.0057 0.0213 0.0045 0.0043 0.0081 0.0086 0.0037 0.0072 0.0045 0.0088 0.0032 0.0050 
 H071.2_2002  2 0.0081 0.8596 0.0144 0.0152 0.0168 0.0070 0.0069 0.0092 0.0035 0.0046 0.0107 0.0079 0.0062 0.0080 0.0058 0.0161 
 H071.2_2003  2 0.0041 0.9294 0.0054 0.0049 0.0043 0.0053 0.0054 0.0058 0.0038 0.0032 0.0043 0.0032 0.0056 0.0049 0.0039 0.0064 
      H071.3  2 0.0071 0.8472 0.0050 0.0127 0.0093 0.0248 0.0080 0.0060 0.0076 0.0099 0.0050 0.0098 0.0099 0.0130 0.0189 0.0057 
 H071.4_2002  2 0.0144 0.8266 0.0081 0.0375 0.0111 0.0174 0.0070 0.0058 0.0078 0.0150 0.0070 0.0129 0.0064 0.0103 0.0042 0.0085 
 H071.4_2003  2 0.0054 0.9205 0.0031 0.0111 0.0068 0.0071 0.0045 0.0056 0.0038 0.0058 0.0029 0.0026 0.0047 0.0056 0.0056 0.0049 
 H071.5_2002  2 0.0067 0.9191 0.0046 0.0088 0.0050 0.0069 0.0057 0.0031 0.0070 0.0058 0.0029 0.0037 0.0050 0.0062 0.0036 0.0059 
 H071.5_2003  2 0.0140 0.8473 0.0101 0.0203 0.0089 0.0198 0.0130 0.0086 0.0045 0.0119 0.0039 0.0034 0.0059 0.0117 0.0081 0.0085 
 H071.6_2002  2 0.0107 0.8668 0.0059 0.0326 0.0129 0.0076 0.0060 0.0045 0.0047 0.0066 0.0048 0.0045 0.0042 0.0163 0.0038 0.0081 
 H071.6_2003  2 0.0083 0.8839 0.0098 0.0087 0.0047 0.0214 0.0122 0.0063 0.0046 0.0049 0.0032 0.0030 0.0066 0.0106 0.0054 0.0064 
 H071.7_2002  2 0.0045 0.9121 0.0046 0.0084 0.0089 0.0035 0.0074 0.0060 0.0029 0.0030 0.0038 0.0035 0.0043 0.0146 0.0058 0.0067 
 H071.7_2003  2 0.0112 0.8609 0.0092 0.0174 0.0050 0.0263 0.0104 0.0067 0.0040 0.0109 0.0032 0.0041 0.0052 0.0097 0.0072 0.0086 
      H071.8  2 0.0053 0.8767 0.0126 0.0096 0.0238 0.0050 0.0055 0.0059 0.0041 0.0038 0.0122 0.0070 0.0064 0.0049 0.0062 0.0112 
      H071.9  2 0.1146 0.5970 0.0124 0.0540 0.0697 0.0232 0.0110 0.0080 0.0072 0.0102 0.0197 0.0182 0.0097 0.0202 0.0094 0.0155 
 H081.1_2002  2 0.0056 0.9033 0.0074 0.0048 0.0047 0.0064 0.0071 0.0051 0.0049 0.0063 0.0087 0.0043 0.0056 0.0064 0.0038 0.0155 
 H081.1_2003  2 0.0606 0.0538 0.0470 0.0274 0.0564 0.0695 0.1606 0.0242 0.0244 0.0160 0.0913 0.2774 0.0355 0.0257 0.0160 0.0143 
 H081.2_2002  2 0.0073 0.8501 0.0077 0.0068 0.0051 0.0043 0.0117 0.0051 0.0039 0.0061 0.0068 0.0039 0.0053 0.0061 0.0065 0.0632 
 H081.2_2003  2 0.0130 0.0363 0.0213 0.0375 0.0430 0.6754 0.0180 0.0080 0.0257 0.0104 0.0086 0.0079 0.0150 0.0058 0.0074 0.0666 
 H081.3_2002  2 0.0090 0.8275 0.0167 0.0098 0.0202 0.0115 0.0129 0.0057 0.0062 0.0089 0.0061 0.0067 0.0108 0.0049 0.0124 0.0306 
 H081.3_2003  2 0.0959 0.0147 0.0493 0.0650 0.0519 0.5614 0.0100 0.0132 0.0134 0.0165 0.0132 0.0142 0.0157 0.0093 0.0091 0.0473 
 H081.4_2002  2 0.0064 0.8977 0.0047 0.0072 0.0084 0.0111 0.0113 0.0066 0.0060 0.0065 0.0045 0.0039 0.0062 0.0069 0.0058 0.0067 
 H081.4_2003  2 0.1316 0.0261 0.0761 0.0209 0.0593 0.3493 0.1140 0.0285 0.0137 0.0251 0.0413 0.0198 0.0381 0.0115 0.0066 0.0380 
 H081.5_2002  2 0.0074 0.8696 0.0110 0.0078 0.0118 0.0159 0.0174 0.0054 0.0047 0.0047 0.0054 0.0047 0.0090 0.0076 0.0083 0.0093 
 H081.5_2003  2 0.0554 0.0462 0.0620 0.0142 0.0202 0.0876 0.4025 0.0174 0.0163 0.0221 0.0728 0.0304 0.0247 0.0221 0.0195 0.0866 
      H081.6  2 0.0061 0.9018 0.0069 0.0051 0.0045 0.0067 0.0098 0.0070 0.0054 0.0057 0.0062 0.0045 0.0052 0.0069 0.0041 0.0141 
      H081.7  2 0.0073 0.8071 0.0136 0.0106 0.0081 0.0103 0.0132 0.0043 0.0057 0.0101 0.0056 0.0046 0.0057 0.0056 0.0072 0.0809 
      H081.8  2 0.0128 0.7448 0.0123 0.0213 0.0435 0.0462 0.0101 0.0072 0.0140 0.0136 0.0157 0.0196 0.0107 0.0109 0.0061 0.0113 
      H083.1  2 0.0112 0.8410 0.0040 0.0098 0.0146 0.0087 0.0121 0.0098 0.0251 0.0047 0.0098 0.0073 0.0124 0.0167 0.0070 0.0058 
      H083.2  2 0.0381 0.7770 0.0136 0.0195 0.0102 0.0059 0.0111 0.0073 0.0228 0.0103 0.0053 0.0084 0.0083 0.0120 0.0322 0.0180 
      H083.4  2 0.0139 0.7358 0.0065 0.0211 0.0299 0.0057 0.0058 0.0049 0.0965 0.0137 0.0054 0.0144 0.0068 0.0116 0.0092 0.0187 
      H083.5  2 0.0074 0.7628 0.0064 0.0046 0.0221 0.0063 0.0147 0.0090 0.0611 0.0064 0.0166 0.0282 0.0242 0.0087 0.0100 0.0115 
      H083.6  2 0.0095 0.7072 0.0049 0.0089 0.0424 0.0132 0.0097 0.0118 0.1019 0.0074 0.0367 0.0127 0.0102 0.0095 0.0041 0.0102 
      H083.7  2 0.0080 0.6075 0.0105 0.0147 0.0352 0.0051 0.0058 0.0065 0.2213 0.0281 0.0082 0.0118 0.0073 0.0072 0.0098 0.0131 
      H083.8  2 0.0231 0.7866 0.0122 0.0158 0.0146 0.0049 0.0108 0.0093 0.0229 0.0125 0.0063 0.0072 0.0082 0.0112 0.0399 0.0143 
      H083.9  2 0.0060 0.7732 0.0039 0.0051 0.0134 0.0055 0.0088 0.0072 0.1056 0.0060 0.0137 0.0091 0.0188 0.0073 0.0096 0.0067 
      H084.1  2 0.1067 0.0110 0.0055 0.0173 0.0074 0.6429 0.0069 0.0120 0.0071 0.0130 0.0231 0.0903 0.0158 0.0129 0.0188 0.0094 
      H084.2  2 0.3615 0.0057 0.0069 0.0218 0.0106 0.4671 0.0114 0.0075 0.0066 0.0056 0.0046 0.0621 0.0105 0.0082 0.0060 0.0039 
      H084.3  2 0.0460 0.0084 0.0051 0.0212 0.0094 0.2903 0.0349 0.0152 0.0161 0.1357 0.0523 0.2724 0.0270 0.0491 0.0095 0.0072 
      H084.4  2 0.0843 0.0099 0.0126 0.0220 0.0299 0.2958 0.0914 0.0121 0.0083 0.0247 0.0441 0.2434 0.0558 0.0288 0.0326 0.0043 
      H084.5  2 0.0169 0.0060 0.0055 0.0060 0.0114 0.5006 0.0235 0.0129 0.0064 0.0257 0.0817 0.0364 0.0067 0.2301 0.0205 0.0096 
      H084.6  2 0.0093 0.0053 0.0077 0.0102 0.0142 0.5705 0.0115 0.0069 0.0474 0.0688 0.0388 0.1085 0.0102 0.0566 0.0234 0.0105 
      H084.7  2 0.1509 0.0084 0.0097 0.0114 0.0085 0.7115 0.0080 0.0071 0.0075 0.0087 0.0094 0.0161 0.0177 0.0074 0.0088 0.0087 
      H084.8  2 0.0127 0.0054 0.0052 0.0070 0.0139 0.5986 0.0152 0.0132 0.0086 0.0409 0.1215 0.0726 0.0092 0.0315 0.0354 0.0093 
 H085.1_2002  2 0.0181 0.0183 0.0079 0.0086 0.0112 0.0119 0.0060 0.0046 0.0087 0.0052 0.0059 0.0131 0.0132 0.0089 0.0041 0.8543 
 H085.1_2003  2 0.1247 0.3678 0.0089 0.0325 0.0201 0.0111 0.0392 0.0076 0.0944 0.0179 0.0191 0.0184 0.0556 0.0062 0.0234 0.1531 
 H085.2_2002  2 0.0784 0.0254 0.0922 0.0463 0.0101 0.0192 0.0212 0.0049 0.1151 0.0215 0.0407 0.0857 0.0238 0.0108 0.0072 0.3976 
 H085.2_2003  2 0.0347 0.6274 0.0123 0.0292 0.0282 0.0162 0.0433 0.0172 0.0517 0.0104 0.0120 0.0127 0.0348 0.0073 0.0367 0.0258 
 H085.3_2002  2 0.0155 0.0080 0.0156 0.0112 0.0048 0.0040 0.0310 0.0041 0.0146 0.0076 0.0080 0.0046 0.0164 0.0043 0.0058 0.8447 
 H085.3_2003  2 0.0087 0.6560 0.0076 0.0532 0.0065 0.0126 0.1346 0.0096 0.0080 0.0146 0.0061 0.0049 0.0110 0.0053 0.0206 0.0408 
 H085.4_2002  2 0.0301 0.0940 0.0478 0.0414 0.0142 0.0185 0.0122 0.0084 0.0154 0.0148 0.0311 0.0401 0.0228 0.0141 0.0052 0.5899 
 H085.4_2003  2 0.0060 0.7141 0.0258 0.0103 0.0061 0.0252 0.0372 0.0082 0.0090 0.0180 0.0162 0.0078 0.0605 0.0282 0.0152 0.0123 
 H085.5_2002  2 0.0071 0.0070 0.0096 0.0067 0.0050 0.0046 0.0110 0.0051 0.0035 0.0068 0.0069 0.0044 0.0080 0.0037 0.0050 0.9055 
 H085.5_2003  2 0.0117 0.7815 0.0063 0.0155 0.0113 0.0193 0.0141 0.0103 0.0413 0.0087 0.0059 0.0076 0.0202 0.0057 0.0163 0.0243 
 H085.6_2002  2 0.0468 0.0088 0.0131 0.0096 0.0077 0.0069 0.0135 0.0040 0.0164 0.0065 0.0059 0.0118 0.0155 0.0057 0.0067 0.8211 
 H085.6_2003  2 0.0073 0.0451 0.0241 0.0086 0.0080 0.0071 0.7331 0.0120 0.0053 0.0131 0.0273 0.0062 0.0154 0.0060 0.0516 0.0297 
 H085.7_2002  2 0.0242 0.0397 0.0587 0.0310 0.0129 0.0120 0.0874 0.0081 0.0474 0.0124 0.0085 0.0154 0.0573 0.0060 0.0257 0.5533 
 H085.7_2003  2 0.0178 0.6714 0.0095 0.0728 0.0091 0.0068 0.0298 0.0132 0.0112 0.0264 0.0140 0.0108 0.0302 0.0070 0.0335 0.0365 
 H085.8_2002  2 0.0164 0.0281 0.0927 0.1242 0.0119 0.0120 0.3354 0.0060 0.0147 0.0173 0.0481 0.0153 0.0148 0.0052 0.0128 0.2452 
 H085.8_2003  2 0.0416 0.2329 0.0292 0.0162 0.0122 0.0233 0.0614 0.0159 0.1444 0.0449 0.0310 0.0175 0.2293 0.0261 0.0298 0.0443 
      H085.9  2 0.0150 0.0529 0.0187 0.0178 0.0110 0.0126 0.0146 0.0071 0.0127 0.0105 0.0101 0.0269 0.0196 0.0113 0.0082 0.7511 
      H088.1  2 0.0241 0.0091 0.0151 0.0189 0.0399 0.0091 0.0094 0.0147 0.0094 0.0115 0.0348 0.0076 0.7701 0.0042 0.0050 0.0171 
      H088.2  2 0.0161 0.0073 0.0093 0.0112 0.0113 0.0065 0.0124 0.0065 0.0093 0.0091 0.0126 0.0070 0.8437 0.0104 0.0093 0.0181 
      H088.3  2 0.0147 0.0059 0.0078 0.0103 0.0169 0.0056 0.0136 0.0064 0.0058 0.0045 0.0092 0.0050 0.8656 0.0097 0.0105 0.0086 
      H088.4  2 0.0129 0.0079 0.0112 0.0078 0.0120 0.0216 0.0128 0.0069 0.0031 0.0033 0.0078 0.0051 0.8704 0.0083 0.0044 0.0043 
      H088.5  2 0.0055 0.0047 0.0061 0.0064 0.0111 0.0065 0.0043 0.0070 0.0044 0.0041 0.0106 0.0044 0.9100 0.0042 0.0048 0.0058 
      H088.6  2 0.0055 0.0092 0.0066 0.0087 0.0190 0.0073 0.0053 0.0072 0.0056 0.0047 0.0106 0.0042 0.8859 0.0048 0.0100 0.0055 
      H088.7  2 0.0109 0.0169 0.0067 0.0049 0.0178 0.0080 0.0135 0.0068 0.0079 0.0049 0.0073 0.0087 0.8514 0.0103 0.0142 0.0096 
      H088.8  2 0.0089 0.0304 0.0071 0.0091 0.0464 0.0116 0.0078 0.0115 0.0063 0.0077 0.0125 0.0062 0.8099 0.0068 0.0110 0.0069 
      H091.1  2 0.0124 0.0235 0.0060 0.0607 0.0091 0.0072 0.0181 0.0076 0.0209 0.0098 0.0071 0.0054 0.7864 0.0094 0.0075 0.0089 
      H091.2  2 0.0127 0.0234 0.0070 0.0563 0.0157 0.0043 0.0087 0.0103 0.0515 0.0268 0.0061 0.0046 0.7364 0.0094 0.0190 0.0079 
      H109.1  2 0.2121 0.0126 0.0079 0.0508 0.1025 0.0703 0.0113 0.0131 0.1300 0.0131 0.0593 0.0276 0.0090 0.0473 0.2107 0.0225 
      H109.2  2 0.1822 0.0415 0.0225 0.0183 0.0274 0.4553 0.0309 0.0082 0.0199 0.0155 0.0243 0.0245 0.0175 0.0426 0.0617 0.0077 
      H109.3  2 0.1760 0.0190 0.0088 0.0550 0.0196 0.0594 0.0398 0.0178 0.0049 0.0146 0.0110 0.0120 0.0408 0.0169 0.4998 0.0046 
      H109.4  2 0.2380 0.0190 0.0147 0.1794 0.0858 0.1900 0.0188 0.0143 0.0133 0.0129 0.0124 0.0279 0.0518 0.0148 0.0979 0.0090 
      H109.5  2 0.1842 0.1917 0.0105 0.0128 0.0105 0.0722 0.0294 0.0094 0.0050 0.0109 0.0422 0.0049 0.2634 0.0246 0.1216 0.0067 
      H109.6  2 0.0850 0.0263 0.0171 0.0390 0.1807 0.2926 0.0377 0.0142 0.0172 0.0338 0.0465 0.0239 0.0171 0.0512 0.1079 0.0099 
      H126.1  2 0.1335 0.0115 0.2153 0.0870 0.0262 0.0084 0.0287 0.0571 0.0068 0.0091 0.0278 0.0108 0.0317 0.1561 0.0110 0.1791 
      H126.2  2 0.0242 0.1332 0.0684 0.1313 0.1119 0.0130 0.0511 0.0361 0.0122 0.0090 0.0082 0.0411 0.0116 0.0444 0.0619 0.2425 
      H126.3  2 0.0540 0.0564 0.0147 0.0130 0.1493 0.0047 0.0039 0.0074 0.0247 0.0039 0.0114 0.0069 0.0696 0.4182 0.0057 0.1563 
      H126.4  2 0.0516 0.0836 0.4271 0.0832 0.0194 0.0152 0.0226 0.0912 0.0254 0.0129 0.0290 0.0175 0.0302 0.0433 0.0194 0.0283 
      H126.5  2 0.0164 0.1554 0.1937 0.1661 0.0240 0.0106 0.1139 0.0592 0.0085 0.0112 0.0120 0.0058 0.0103 0.1473 0.0067 0.0589 
      H126.6  2 0.0177 0.2433 0.0145 0.0095 0.0530 0.0047 0.0236 0.0112 0.0068 0.0040 0.0037 0.0045 0.0164 0.2230 0.0063 0.3577 
      H126.7  2 0.0115 0.8113 0.0074 0.0336 0.0124 0.0066 0.0166 0.0089 0.0053 0.0069 0.0042 0.0026 0.0283 0.0134 0.0062 0.0246 
      H130.1  2 0.1161 0.0083 0.6524 0.0258 0.0257 0.0128 0.0246 0.0206 0.0126 0.0145 0.0136 0.0077 0.0299 0.0081 0.0160 0.0111 
      H130.2  2 0.2526 0.0274 0.0805 0.0154 0.0583 0.3304 0.0232 0.0247 0.0324 0.0285 0.0136 0.0078 0.0146 0.0053 0.0702 0.0152 
      H130.3  2 0.4815 0.0208 0.0250 0.0165 0.0189 0.0624 0.0130 0.2805 0.0055 0.0141 0.0096 0.0051 0.0275 0.0054 0.0077 0.0063 
      H130.4  2 0.1791 0.0064 0.4549 0.0249 0.0458 0.0267 0.0104 0.0896 0.0221 0.0320 0.0110 0.0229 0.0234 0.0070 0.0194 0.0244 
      H130.5  2 0.5206 0.0350 0.1335 0.0164 0.0130 0.0734 0.0338 0.0087 0.0148 0.0319 0.0224 0.0054 0.0512 0.0070 0.0073 0.0255 
      H133.1  2 0.8317 0.0157 0.0302 0.0058 0.0058 0.0110 0.0100 0.0110 0.0060 0.0059 0.0069 0.0147 0.0089 0.0061 0.0207 0.0097 
      H133.2  2 0.5641 0.0102 0.0540 0.0182 0.0236 0.0815 0.0477 0.0111 0.0058 0.0051 0.0128 0.0082 0.0229 0.0138 0.0736 0.0474 
      H133.3  2 0.7827 0.0193 0.0097 0.0090 0.0071 0.0118 0.0108 0.0090 0.0083 0.0094 0.0106 0.0335 0.0405 0.0075 0.0149 0.0159 
      H133.4  2 0.4908 0.0133 0.0228 0.0155 0.0225 0.0236 0.0169 0.0217 0.0086 0.0081 0.0110 0.0385 0.0097 0.0109 0.2678 0.0184 
      H133.5  2 0.8823 0.0045 0.0080 0.0091 0.0112 0.0145 0.0080 0.0068 0.0050 0.0035 0.0046 0.0065 0.0065 0.0060 0.0068 0.0169 
      H133.6  2 0.7375 0.0070 0.0333 0.0371 0.0162 0.0274 0.0218 0.0080 0.0126 0.0066 0.0128 0.0067 0.0250 0.0093 0.0092 0.0294 
      H133.7  2 0.3767 0.0185 0.0286 0.0229 0.0053 0.0074 0.0355 0.0169 0.0072 0.0373 0.0210 0.0594 0.0183 0.0114 0.3047 0.0288 
      H133.8  2 0.8088 0.0072 0.0106 0.0176 0.0065 0.0061 0.0047 0.0115 0.0049 0.0048 0.0166 0.0179 0.0071 0.0101 0.0277 0.0381 
      H133.9  2 0.8377 0.0123 0.0231 0.0080 0.0058 0.0093 0.0121 0.0142 0.0063 0.0058 0.0073 0.0150 0.0124 0.0054 0.0175 0.0078 
      H147.1  2 0.0091 0.3406 0.0155 0.0050 0.0075 0.0825 0.1636 0.0046 0.0400 0.0165 0.1075 0.0163 0.0671 0.0349 0.0382 0.0510 
      H147.2  2 0.0057 0.8141 0.0138 0.0054 0.0053 0.0200 0.0514 0.0052 0.0063 0.0070 0.0170 0.0051 0.0116 0.0100 0.0053 0.0169 
      H147.3  2 0.0058 0.8397 0.0078 0.0061 0.0058 0.0312 0.0278 0.0063 0.0075 0.0069 0.0089 0.0052 0.0062 0.0072 0.0051 0.0226 
      H147.4  2 0.0042 0.8192 0.0044 0.0039 0.0068 0.0627 0.0136 0.0045 0.0102 0.0061 0.0091 0.0214 0.0098 0.0073 0.0080 0.0088 
      H147.5  2 0.0133 0.4858 0.0084 0.0068 0.0163 0.2108 0.0466 0.0179 0.0240 0.0086 0.0466 0.0056 0.0702 0.0091 0.0078 0.0223 
      H147.6  2 0.0110 0.3841 0.0096 0.0061 0.0182 0.2948 0.0709 0.0145 0.0280 0.0076 0.0161 0.0084 0.0778 0.0129 0.0225 0.0177 
      H147.7  2 0.0043 0.7538 0.0074 0.0047 0.0066 0.0753 0.0199 0.0062 0.0204 0.0100 0.0194 0.0211 0.0091 0.0110 0.0214 0.0095 
      H147.8  2 0.0096 0.6247 0.0035 0.0048 0.0188 0.1573 0.0134 0.0052 0.0204 0.0039 0.0235 0.0310 0.0428 0.0124 0.0156 0.0131 
      H147.9  2 0.0066 0.8435 0.0086 0.0057 0.0071 0.0155 0.0379 0.0058 0.0074 0.0050 0.0104 0.0066 0.0062 0.0081 0.0069 0.0186 
      H148.1  2 0.0307 0.0092 0.1428 0.0085 0.0486 0.0445 0.0337 0.0046 0.0190 0.0134 0.5663 0.0297 0.0110 0.0185 0.0134 0.0060 
      H148.2  2 0.0271 0.0090 0.0260 0.0058 0.0204 0.0115 0.0080 0.0044 0.0133 0.0095 0.8196 0.0150 0.0049 0.0115 0.0060 0.0080 
      H148.3  2 0.0052 0.0082 0.0070 0.0066 0.0054 0.0133 0.0101 0.0067 0.0062 0.0264 0.8556 0.0120 0.0059 0.0102 0.0150 0.0064 
      H148.4  2 0.0140 0.0087 0.0431 0.0105 0.0380 0.0095 0.0294 0.0051 0.0085 0.0108 0.7730 0.0106 0.0086 0.0163 0.0067 0.0074 
      H148.5  2 0.0061 0.0052 0.0074 0.0090 0.0189 0.0210 0.0084 0.0089 0.0063 0.0271 0.8375 0.0098 0.0084 0.0119 0.0067 0.0076 
      H148.6  2 0.0109 0.0072 0.0142 0.0042 0.0161 0.0064 0.0073 0.0033 0.0201 0.0222 0.8346 0.0230 0.0078 0.0078 0.0078 0.0072 
      H148.7  2 0.0138 0.0047 0.0151 0.0092 0.0366 0.0106 0.0078 0.0076 0.0090 0.0154 0.8205 0.0095 0.0132 0.0091 0.0126 0.0053 
      H148.8  2 0.0060 0.0039 0.0192 0.0040 0.0067 0.0055 0.0052 0.0037 0.0046 0.0181 0.8934 0.0080 0.0075 0.0046 0.0048 0.0048 
      H148.9  2 0.0194 0.0069 0.0354 0.0143 0.0215 0.0135 0.0096 0.0105 0.0175 0.0617 0.6269 0.0558 0.0066 0.0439 0.0334 0.0231 
   H166022.1  2 0.0122 0.0101 0.0054 0.0054 0.0068 0.0253 0.0082 0.0045 0.0472 0.0067 0.0142 0.0093 0.8184 0.0105 0.0076 0.0082 
   H166022.2  2 0.0181 0.0543 0.0101 0.0122 0.0219 0.1451 0.1250 0.0126 0.0618 0.0201 0.0274 0.0124 0.4232 0.0140 0.0262 0.0155 
   H166022.3  2 0.0276 0.0055 0.0103 0.0101 0.0391 0.0278 0.0140 0.0129 0.1922 0.0132 0.0220 0.0054 0.5967 0.0051 0.0094 0.0086 
   H166022.4  2 0.0259 0.0082 0.0047 0.0150 0.0194 0.0196 0.0374 0.0128 0.0214 0.0064 0.0135 0.0059 0.7907 0.0065 0.0068 0.0056 
   H166022.5  2 0.0405 0.0105 0.0066 0.0076 0.0129 0.1050 0.0412 0.0095 0.0306 0.0090 0.0105 0.0058 0.6922 0.0071 0.0054 0.0056 
   H166022.6  2 0.0301 0.0084 0.0238 0.0134 0.0193 0.0296 0.0342 0.0102 0.0483 0.0086 0.0202 0.0275 0.6821 0.0093 0.0279 0.0072 
   H166022.7  2 0.0063 0.0054 0.0065 0.0043 0.9194 0.0076 0.0053 0.0060 0.0035 0.0043 0.0052 0.0050 0.0050 0.0049 0.0073 0.0040 
   H166022.8  2 0.0519 0.0109 0.0529 0.0063 0.0117 0.1467 0.4109 0.0114 0.0739 0.0087 0.0131 0.0075 0.1471 0.0095 0.0160 0.0215 
   H167397.1  2 0.0087 0.0501 0.0114 0.0121 0.0071 0.0260 0.0350 0.0069 0.0056 0.0186 0.0143 0.4843 0.2730 0.0184 0.0223 0.0061 
   H167397.2  2 0.0273 0.0268 0.0711 0.0081 0.0137 0.0214 0.0674 0.0097 0.0545 0.0128 0.0676 0.5263 0.0112 0.0130 0.0090 0.0600 
   H167397.3  2 0.0131 0.0901 0.0324 0.0067 0.0053 0.0201 0.0197 0.0096 0.0120 0.0172 0.0078 0.5975 0.0942 0.0398 0.0264 0.0081 
   H167397.4  2 0.0173 0.0329 0.0069 0.0063 0.0128 0.0163 0.0102 0.0096 0.0203 0.0099 0.1400 0.6169 0.0128 0.0120 0.0456 0.0303 
   H167397.5  2 0.0170 0.0270 0.0265 0.0166 0.0188 0.0397 0.0876 0.0079 0.0136 0.0208 0.0330 0.6287 0.0276 0.0104 0.0165 0.0086 
   H167397.6  2 0.0228 0.0542 0.0177 0.0088 0.0055 0.0082 0.0122 0.0191 0.0108 0.0113 0.0309 0.5828 0.0347 0.1403 0.0304 0.0103 
   H167496.1  2 0.0808 0.0130 0.0106 0.0426 0.0103 0.0173 0.0260 0.0228 0.0139 0.0396 0.0627 0.0068 0.6170 0.0186 0.0114 0.0066 
   H167496.2  2 0.0411 0.0712 0.0265 0.0543 0.2265 0.0274 0.2257 0.0154 0.0092 0.0712 0.0542 0.0134 0.0466 0.0776 0.0241 0.0156 
   H167496.3  2 0.0345 0.0392 0.0321 0.0514 0.0081 0.0081 0.1218 0.0289 0.0525 0.1089 0.0338 0.0112 0.3053 0.0085 0.0198 0.1360 
   H167496.4  2 0.0089 0.0184 0.0045 0.0060 0.0087 0.0085 0.0181 0.0050 0.0102 0.0041 0.0069 0.0042 0.8735 0.0072 0.0048 0.0109 
   H167496.6  2 0.0144 0.0166 0.0057 0.0094 0.0150 0.0124 0.6452 0.0110 0.0055 0.0042 0.0102 0.0047 0.2164 0.0116 0.0087 0.0089 
   H167496.7  2 0.0577 0.0163 0.0614 0.0898 0.0077 0.0138 0.2003 0.0187 0.0426 0.2370 0.0216 0.0059 0.0652 0.0705 0.0820 0.0096 
   H167496.8  2 0.0134 0.0247 0.0083 0.0064 0.0143 0.0205 0.4972 0.0067 0.0099 0.0072 0.0176 0.0090 0.3224 0.0209 0.0141 0.0075 
   H167513.1  2 0.0111 0.0086 0.0070 0.0072 0.0142 0.0084 0.0113 0.0075 0.0085 0.0056 0.0058 0.0066 0.0094 0.0103 0.8702 0.0084 
   H167513.2  2 0.0049 0.0057 0.0075 0.0066 0.0062 0.0055 0.0087 0.0064 0.0054 0.0120 0.0167 0.0139 0.0147 0.0111 0.8687 0.0061 
   H167513.3  2 0.0143 0.0075 0.0053 0.0077 0.0099 0.0198 0.0081 0.0137 0.0106 0.0070 0.0040 0.0070 0.0074 0.0101 0.8627 0.0050 
   H167513.4  2 0.0620 0.0091 0.0114 0.0047 0.0111 0.0186 0.0200 0.0079 0.0490 0.0141 0.0157 0.0108 0.0142 0.0210 0.7217 0.0087 
   H167513.5  2 0.0047 0.0044 0.0062 0.0040 0.0041 0.0043 0.0083 0.0038 0.0061 0.0057 0.0125 0.0107 0.0084 0.0063 0.9049 0.0057 
   H167513.6  2 0.0093 0.0108 0.0069 0.0085 0.0126 0.0171 0.0117 0.0057 0.0161 0.0086 0.0072 0.0090 0.0153 0.0167 0.8338 0.0108 
   H167513.7  2 0.0160 0.0101 0.0048 0.0071 0.0070 0.0135 0.0096 0.0062 0.0278 0.0053 0.0043 0.0229 0.0073 0.0110 0.8369 0.0099 
   H167513.8  2 0.0113 0.0050 0.0050 0.0106 0.0129 0.0157 0.0081 0.0082 0.0061 0.0038 0.0034 0.0127 0.0042 0.0071 0.8813 0.0046 
   H167547.1  2 0.0143 0.0115 0.0893 0.0148 0.0135 0.0071 0.0308 0.0224 0.0251 0.5820 0.0597 0.0343 0.0579 0.0124 0.0159 0.0090 
   H167547.2  2 0.0052 0.0151 0.0153 0.0108 0.0047 0.0068 0.0117 0.0084 0.0154 0.5160 0.0148 0.0190 0.2727 0.0353 0.0416 0.0071 
   H167547.3  2 0.0054 0.0162 0.0159 0.0102 0.0044 0.0064 0.0103 0.0080 0.0185 0.5219 0.0112 0.0177 0.2744 0.0280 0.0438 0.0079 
   H167547.4  2 0.0297 0.0068 0.1127 0.0387 0.0212 0.0091 0.0127 0.0204 0.1241 0.1168 0.0126 0.0456 0.4132 0.0066 0.0162 0.0135 
   H167547.5  2 0.0049 0.0077 0.0114 0.0101 0.0086 0.0142 0.0063 0.0095 0.0094 0.1686 0.0949 0.0094 0.6169 0.0143 0.0087 0.0052 
   H167547.6  2 0.0054 0.0077 0.0158 0.0106 0.0073 0.0168 0.0064 0.0084 0.0120 0.1625 0.0749 0.0099 0.6293 0.0175 0.0095 0.0061 
   H167547.7  2 0.0223 0.0225 0.0482 0.0503 0.0611 0.0217 0.0196 0.0299 0.0280 0.3495 0.0332 0.0165 0.0254 0.0201 0.1234 0.1282 
   H169750.1  2 0.4453 0.0120 0.0612 0.0300 0.0568 0.0151 0.0589 0.0242 0.0234 0.0558 0.0052 0.0171 0.1370 0.0208 0.0243 0.0128 
   H169750.2  2 0.0721 0.0797 0.0766 0.0300 0.0335 0.1028 0.1214 0.0458 0.0066 0.0120 0.0860 0.0458 0.0343 0.0170 0.2130 0.0233 
   H169750.3  2 0.3961 0.0228 0.0206 0.0578 0.1271 0.0647 0.0314 0.0270 0.0086 0.0340 0.0074 0.0039 0.1124 0.0076 0.0530 0.0256 
   H169750.4  2 0.1273 0.0180 0.0860 0.0165 0.0486 0.0121 0.1219 0.1341 0.0050 0.0161 0.0773 0.1080 0.1029 0.0516 0.0582 0.0165 
   H169750.5  2 0.8459 0.0126 0.0109 0.0126 0.0067 0.0099 0.0094 0.0050 0.0128 0.0062 0.0040 0.0041 0.0269 0.0052 0.0174 0.0103 
   H169750.6  2 0.2682 0.2580 0.0350 0.0375 0.0213 0.0529 0.0435 0.0315 0.0096 0.0091 0.0113 0.0129 0.0637 0.0065 0.1165 0.0224 
   H169750.7  2 0.0520 0.0220 0.0205 0.0520 0.1875 0.0196 0.1906 0.0639 0.0099 0.0263 0.0165 0.0262 0.0401 0.0349 0.1761 0.0619 
   H171929.1  2 0.0085 0.0120 0.0167 0.0082 0.0226 0.0040 0.0076 0.0073 0.0083 0.0152 0.0214 0.0916 0.0174 0.0082 0.6451 0.1057 
  H171929.10  2 0.0243 0.0270 0.0213 0.0101 0.0324 0.0386 0.0141 0.0096 0.0215 0.0527 0.0543 0.0448 0.0696 0.0154 0.4727 0.0916 
  H171929.11  2 0.0114 0.0082 0.0114 0.0092 0.0079 0.0077 0.0061 0.0112 0.0044 0.0075 0.0196 0.0376 0.0174 0.0071 0.8152 0.0181 
   H171929.2  2 0.0268 0.0068 0.0144 0.0082 0.0051 0.0070 0.0064 0.0083 0.0075 0.0511 0.0141 0.0057 0.0098 0.0048 0.8153 0.0088 
   H171929.3  2 0.0139 0.0127 0.0077 0.0061 0.0079 0.0105 0.0056 0.0082 0.0077 0.0186 0.0123 0.0099 0.0202 0.0053 0.8442 0.0090 
   H171929.4  2 0.0186 0.0201 0.0297 0.0104 0.0170 0.0121 0.0095 0.0182 0.0169 0.0561 0.0111 0.0050 0.0455 0.0045 0.6755 0.0498 
   H171929.5  2 0.0419 0.0061 0.0095 0.0134 0.0249 0.0095 0.0068 0.0112 0.0056 0.0094 0.0113 0.0141 0.0078 0.0082 0.8116 0.0085 
   H171929.6  2 0.0220 0.0049 0.0077 0.0094 0.0149 0.0090 0.0054 0.0099 0.0051 0.0079 0.0078 0.0128 0.0073 0.0067 0.8611 0.0082 
   H171929.7  2 0.0077 0.0150 0.0164 0.0072 0.0092 0.0035 0.0078 0.0086 0.0078 0.0149 0.0083 0.0046 0.0064 0.0046 0.8059 0.0723 
   H171929.8  2 0.0110 0.0124 0.0301 0.0104 0.0122 0.0071 0.0077 0.0102 0.0102 0.0623 0.0093 0.0071 0.0162 0.0038 0.6811 0.1089 
   H171929.9  2 0.0225 0.0155 0.0393 0.0137 0.0303 0.0142 0.0135 0.0076 0.0231 0.0146 0.0055 0.0043 0.0205 0.0064 0.6375 0.1314 
   H171930.1  2 0.0151 0.0060 0.0125 0.0102 0.0244 0.4890 0.0102 0.0382 0.0039 0.0051 0.0333 0.0175 0.0199 0.0070 0.3048 0.0029 
   H171930.2  2 0.0129 0.0139 0.0184 0.0235 0.0128 0.7210 0.0169 0.0168 0.0113 0.0107 0.0086 0.0073 0.0863 0.0087 0.0204 0.0105 
   H171930.3  2 0.0095 0.0064 0.0059 0.0099 0.0088 0.8385 0.0087 0.0149 0.0076 0.0105 0.0198 0.0165 0.0140 0.0090 0.0140 0.0060 
   H171930.4  2 0.0067 0.0057 0.0043 0.0086 0.0188 0.8575 0.0113 0.0137 0.0075 0.0090 0.0085 0.0066 0.0196 0.0100 0.0084 0.0037 
   H171930.5  2 0.0227 0.0175 0.0489 0.1140 0.0050 0.5252 0.0102 0.0300 0.0074 0.0159 0.0077 0.0161 0.0183 0.0096 0.1404 0.0113 
   H171930.6  2 0.0170 0.0103 0.0052 0.0176 0.0051 0.8768 0.0075 0.0091 0.0048 0.0050 0.0091 0.0044 0.0088 0.0097 0.0063 0.0032 
   H171930.7  2 0.0082 0.0061 0.0081 0.0046 0.0209 0.8431 0.0149 0.0093 0.0070 0.0059 0.0107 0.0147 0.0056 0.0093 0.0254 0.0063 
   H171930.8  2 0.0079 0.0058 0.0089 0.0055 0.0237 0.8173 0.0138 0.0073 0.0044 0.0054 0.0248 0.0091 0.0119 0.0081 0.0424 0.0040 
   H171933.1  2 0.0209 0.0105 0.0091 0.0281 0.0112 0.0136 0.0070 0.0071 0.6992 0.0182 0.0289 0.0681 0.0458 0.0082 0.0078 0.0164 
   H171933.2  2 0.0483 0.0166 0.0122 0.0094 0.0321 0.0308 0.0160 0.0060 0.4387 0.0203 0.0708 0.0824 0.1262 0.0208 0.0086 0.0607 
   H171933.3  2 0.0129 0.0061 0.0104 0.0298 0.0091 0.0413 0.0123 0.0133 0.4287 0.1371 0.0530 0.0150 0.1469 0.0191 0.0093 0.0557 
   H171933.4  2 0.0154 0.0108 0.0140 0.0092 0.0198 0.0689 0.0693 0.0286 0.5624 0.0790 0.0122 0.0052 0.0407 0.0100 0.0222 0.0324 
   H171933.5  2 0.0504 0.0067 0.0360 0.0192 0.0130 0.0459 0.0471 0.1097 0.1507 0.3528 0.0120 0.0123 0.0441 0.0204 0.0591 0.0205 
   H171933.6  2 0.0416 0.0242 0.0097 0.0132 0.0093 0.0114 0.0202 0.0116 0.6374 0.0096 0.0084 0.0068 0.1696 0.0095 0.0048 0.0126 
   H171933.7  2 0.0095 0.0129 0.0200 0.0866 0.0067 0.0871 0.0146 0.0188 0.5203 0.0332 0.0163 0.0247 0.0115 0.0545 0.0106 0.0724 
   H171933.8  2 0.0164 0.0236 0.0087 0.0167 0.0239 0.0823 0.0506 0.0078 0.4933 0.0359 0.0279 0.0438 0.0137 0.0526 0.0301 0.0727 
   H171933.9  2 0.0087 0.0065 0.0065 0.0196 0.0059 0.0358 0.0191 0.0231 0.8106 0.0194 0.0062 0.0034 0.0085 0.0073 0.0100 0.0094 
      H190.1  2 0.0509 0.0201 0.0338 0.0656 0.0145 0.4869 0.0442 0.0573 0.0245 0.1198 0.0134 0.0044 0.0274 0.0150 0.0151 0.0072 
      H190.2  2 0.0176 0.0554 0.0342 0.1548 0.0055 0.0310 0.2026 0.0117 0.0055 0.0534 0.2378 0.0075 0.0626 0.0611 0.0146 0.0446 
      H190.3  2 0.0408 0.0346 0.2176 0.0773 0.0062 0.0244 0.0185 0.0183 0.0184 0.0345 0.2627 0.0122 0.1758 0.0111 0.0207 0.0268 
      H190.4  2 0.0741 0.0068 0.0344 0.0173 0.0059 0.3418 0.0082 0.0427 0.0518 0.2958 0.0132 0.0082 0.0671 0.0041 0.0101 0.0186 
      H190.5  2 0.0288 0.0453 0.0170 0.3588 0.0076 0.0225 0.2771 0.0146 0.0096 0.0134 0.0713 0.0053 0.0206 0.0578 0.0195 0.0309 
      H190.6  2 0.0214 0.0108 0.0210 0.0151 0.0081 0.1993 0.0086 0.0279 0.0170 0.4809 0.0237 0.0082 0.1237 0.0053 0.0074 0.0217 
      H190.7  2 0.0136 0.0151 0.0573 0.0179 0.0087 0.0295 0.0329 0.0252 0.0065 0.0643 0.0428 0.0097 0.3704 0.0087 0.0111 0.2863 
      H190.8  2 0.0275 0.0144 0.0213 0.2604 0.0069 0.0608 0.4351 0.0187 0.0076 0.0296 0.0355 0.0057 0.0120 0.0165 0.0117 0.0363 
      H190.9  2 0.0458 0.0175 0.0455 0.0638 0.0087 0.0488 0.2721 0.0205 0.0086 0.0839 0.0625 0.0141 0.0767 0.0419 0.0375 0.1521 
      H400.1  2 0.1353 0.0124 0.0270 0.0187 0.0058 0.0288 0.0123 0.0119 0.0418 0.0048 0.0058 0.0132 0.6188 0.0485 0.0060 0.0090 
      H400.2  2 0.1838 0.0177 0.0075 0.0240 0.0103 0.0274 0.0054 0.0053 0.0799 0.0067 0.0106 0.0170 0.5268 0.0547 0.0150 0.0079 
      H400.3  2 0.6155 0.0084 0.0215 0.0666 0.0082 0.0257 0.0111 0.0127 0.0340 0.0093 0.0071 0.0105 0.1379 0.0148 0.0074 0.0093 
      H400.4  2 0.0412 0.0182 0.0083 0.0107 0.0286 0.0599 0.0059 0.0113 0.0133 0.0083 0.0126 0.0043 0.7291 0.0154 0.0166 0.0163 
      H400.5  2 0.5337 0.0092 0.0121 0.0254 0.0058 0.0433 0.0050 0.0112 0.1625 0.0370 0.0077 0.0076 0.1087 0.0099 0.0119 0.0089 
      H400.6  2 0.0523 0.0104 0.0205 0.0112 0.0071 0.0226 0.0068 0.0071 0.0257 0.0048 0.0052 0.0039 0.6864 0.0428 0.0059 0.0874 
      H400.7  2 0.0561 0.0076 0.0385 0.0233 0.0072 0.0352 0.0108 0.0093 0.1452 0.0372 0.0077 0.0058 0.5538 0.0265 0.0230 0.0126 
 H428.1_2005  2 0.0036 0.0041 0.0045 0.0035 0.0055 0.0029 0.0036 0.0048 0.9383 0.0044 0.0034 0.0039 0.0034 0.0039 0.0044 0.0056 
 H428.1_2006  2 0.0055 0.0135 0.0039 0.0047 0.0056 0.0032 0.0086 0.0061 0.8998 0.0039 0.0072 0.0044 0.0068 0.0098 0.0086 0.0084 
 H428.2_2005  2 0.0055 0.0040 0.0062 0.0056 0.0052 0.0041 0.0042 0.0033 0.9268 0.0069 0.0057 0.0042 0.0059 0.0042 0.0042 0.0041 
 H428.2_2006  2 0.0077 0.0270 0.0036 0.0065 0.0070 0.0064 0.0077 0.0050 0.8863 0.0056 0.0042 0.0052 0.0071 0.0070 0.0082 0.0053 
 H428.3_2005  2 0.0042 0.0055 0.0036 0.0034 0.0034 0.0050 0.0058 0.0044 0.9322 0.0052 0.0047 0.0030 0.0055 0.0041 0.0050 0.0050 
 H428.3_2006  2 0.0081 0.0158 0.0034 0.0076 0.0067 0.0071 0.0109 0.0063 0.8829 0.0063 0.0033 0.0060 0.0090 0.0085 0.0122 0.0059 
 H428.4_2005  2 0.0044 0.0049 0.0036 0.0030 0.0041 0.0043 0.0047 0.0042 0.9311 0.0068 0.0060 0.0039 0.0060 0.0036 0.0061 0.0033 
 H428.4_2006  2 0.0037 0.0063 0.0032 0.0028 0.0034 0.0029 0.0033 0.0033 0.9413 0.0030 0.0054 0.0042 0.0044 0.0036 0.0042 0.0050 
 H428.5_2005  2 0.0037 0.0062 0.0035 0.0037 0.0059 0.0037 0.0033 0.0032 0.9348 0.0037 0.0044 0.0063 0.0045 0.0033 0.0048 0.0050 
 H428.6_2005  2 0.0057 0.0058 0.0053 0.0031 0.0041 0.0037 0.0044 0.0040 0.9327 0.0050 0.0043 0.0032 0.0038 0.0048 0.0042 0.0058 
 H428.6_2006  2 0.0051 0.0086 0.0050 0.0035 0.0131 0.0079 0.0039 0.0107 0.8951 0.0038 0.0049 0.0129 0.0054 0.0047 0.0080 0.0074 
      H428.7  2 0.0043 0.0043 0.0037 0.0045 0.0042 0.0036 0.0034 0.0034 0.9419 0.0035 0.0041 0.0028 0.0046 0.0035 0.0032 0.0049 
      H428.8  2 0.0039 0.0057 0.0036 0.0054 0.0051 0.0048 0.0039 0.0046 0.9342 0.0045 0.0034 0.0049 0.0041 0.0038 0.0040 0.0041 
      H428.9  2 0.0041 0.0048 0.0047 0.0046 0.0057 0.0046 0.0036 0.0036 0.9309 0.0062 0.0046 0.0040 0.0059 0.0048 0.0038 0.0041 
      H453.1  2 0.3312 0.0553 0.0082 0.0090 0.0185 0.0430 0.0769 0.0186 0.0207 0.0037 0.0106 0.0060 0.3702 0.0067 0.0111 0.0104 
      H453.2  2 0.5291 0.0073 0.0136 0.0097 0.0066 0.0594 0.0256 0.0110 0.0135 0.0062 0.0062 0.0042 0.2870 0.0051 0.0065 0.0091 
      H453.3  2 0.5059 0.0082 0.0133 0.0086 0.0061 0.0112 0.0273 0.0057 0.0157 0.0107 0.0047 0.0033 0.3540 0.0042 0.0046 0.0163 
      H453.4  2 0.5628 0.0054 0.0085 0.0061 0.0069 0.0196 0.0230 0.0095 0.0056 0.0046 0.0044 0.0028 0.3221 0.0045 0.0073 0.0070 
      H453.5  2 0.5785 0.0299 0.0046 0.0057 0.0049 0.0290 0.0081 0.0137 0.0075 0.0047 0.0066 0.0048 0.2874 0.0056 0.0039 0.0052 
      H453.6  2 0.3509 0.0840 0.0038 0.0060 0.0048 0.0565 0.0151 0.0107 0.0343 0.0044 0.0084 0.0054 0.4001 0.0037 0.0046 0.0075 
      H453.7  2 0.0505 0.0619 0.0480 0.0078 0.0337 0.0258 0.5605 0.0090 0.0155 0.0288 0.0120 0.0049 0.0188 0.0071 0.0122 0.1036 
      H453.8  2 0.1029 0.0287 0.0241 0.0060 0.0106 0.0111 0.6676 0.0079 0.0052 0.0164 0.0080 0.0047 0.0737 0.0054 0.0138 0.0138 
      H453.9  2 0.4072 0.1648 0.0127 0.0132 0.0057 0.0583 0.2258 0.0072 0.0113 0.0043 0.0042 0.0049 0.0211 0.0061 0.0092 0.0440 
      H512.1  2 0.5483 0.0188 0.0090 0.0085 0.0070 0.1367 0.0297 0.0516 0.0801 0.0108 0.0138 0.0039 0.0330 0.0104 0.0075 0.0309 
     H512.10  2 0.3119 0.0716 0.0172 0.0118 0.0110 0.0780 0.0939 0.0937 0.1249 0.0129 0.0567 0.0698 0.0074 0.0200 0.0107 0.0085 
      H512.2  2 0.0909 0.0137 0.0172 0.0311 0.0219 0.0241 0.3133 0.0513 0.2234 0.0184 0.1229 0.0129 0.0100 0.0233 0.0150 0.0106 
      H512.3  2 0.3284 0.0186 0.0098 0.0435 0.0177 0.0573 0.1480 0.1723 0.0683 0.0114 0.0216 0.0283 0.0177 0.0365 0.0153 0.0054 
      H512.4  2 0.1641 0.0899 0.0244 0.0183 0.0175 0.1545 0.2278 0.0166 0.1026 0.0217 0.1079 0.0113 0.0091 0.0113 0.0153 0.0077 
      H512.5  2 0.1857 0.0131 0.0118 0.1001 0.0307 0.0095 0.1403 0.3267 0.0593 0.0144 0.0386 0.0237 0.0165 0.0161 0.0088 0.0048 
      H512.6  2 0.2452 0.0112 0.0260 0.1352 0.0147 0.0509 0.2994 0.0431 0.0214 0.0398 0.0378 0.0055 0.0373 0.0170 0.0075 0.0080 
      H512.7  2 0.1529 0.0324 0.0071 0.0256 0.0537 0.0168 0.0401 0.4380 0.0314 0.0068 0.0160 0.0151 0.0851 0.0563 0.0150 0.0079 
      H512.8  2 0.0361 0.0106 0.0194 0.0386 0.0260 0.1107 0.3696 0.0742 0.0649 0.0580 0.0423 0.0073 0.0201 0.0681 0.0432 0.0107 
      H512.9  2 0.6575 0.0151 0.0061 0.0117 0.0092 0.0083 0.0285 0.1295 0.0197 0.0054 0.0156 0.0144 0.0226 0.0175 0.0058 0.0331 
      H513.1  2 0.0068 0.0091 0.0036 0.0050 0.0052 0.0065 0.0074 0.0034 0.9112 0.0038 0.0038 0.0055 0.0070 0.0119 0.0055 0.0043 
      H513.2  2 0.0086 0.0208 0.0127 0.0063 0.0100 0.0172 0.0097 0.0046 0.8358 0.0091 0.0128 0.0066 0.0106 0.0063 0.0196 0.0094 
      H513.3  2 0.0079 0.0083 0.0069 0.0057 0.0046 0.0054 0.0077 0.0049 0.9125 0.0050 0.0039 0.0039 0.0059 0.0055 0.0053 0.0064 
      H513.4  2 0.0103 0.0327 0.0084 0.0119 0.0098 0.0258 0.0181 0.0086 0.7237 0.0117 0.0065 0.0039 0.0654 0.0134 0.0364 0.0135 
      H513.5  2 0.0091 0.0088 0.0036 0.0042 0.0115 0.0133 0.0068 0.0078 0.8925 0.0039 0.0032 0.0062 0.0056 0.0070 0.0105 0.0060 
