      H008.1  2 0.0063 0.8885 0.0107 0.0137 0.0088 0.0129 0.0132 0.0086 0.0096 0.0103 0.0173 
      H008.2  2 0.1179 0.2105 0.2399 0.0604 0.0845 0.0153 0.0627 0.0132 0.0281 0.0167 0.1507 
      H008.3  2 0.0692 0.1184 0.0594 0.0529 0.1042 0.0297 0.1465 0.0228 0.0368 0.0247 0.3354 
      H008.4  2 0.0566 0.7986 0.0119 0.0195 0.0191 0.0252 0.0115 0.0157 0.0124 0.0135 0.0160 
      H008.5  2 0.0230 0.8279 0.0135 0.0083 0.0207 0.0167 0.0182 0.0126 0.0212 0.0198 0.0181 
      H008.6  2 0.1627 0.5009 0.0437 0.0747 0.0317 0.0203 0.0088 0.0133 0.0253 0.0181 0.1005 
      H008.7  2 0.1116 0.5846 0.0470 0.0431 0.0158 0.0257 0.0540 0.0341 0.0149 0.0182 0.0511 
      H008.8  2 0.0258 0.3486 0.1120 0.2289 0.0819 0.0518 0.0584 0.0246 0.0164 0.0315 0.0200 
      H008.9  2 0.4008 0.0401 0.0847 0.3055 0.0422 0.0109 0.0174 0.0186 0.0199 0.0150 0.0449 
 H029.1_2002  2 0.0250 0.8453 0.0155 0.0267 0.0061 0.0157 0.0086 0.0129 0.0203 0.0158 0.0081 
 H029.1_2003  2 0.0263 0.6274 0.0331 0.0343 0.0162 0.0179 0.0073 0.0184 0.1346 0.0225 0.0621 
 H029.2_2002  2 0.0200 0.8233 0.0102 0.0080 0.0130 0.0083 0.0401 0.0092 0.0182 0.0222 0.0276 
 H029.2_2003  2 0.0368 0.6049 0.0167 0.0176 0.0226 0.0153 0.0116 0.0087 0.0932 0.0578 0.1148 
 H029.3_2002  2 0.0919 0.6389 0.0284 0.0119 0.0162 0.0171 0.0694 0.0099 0.0620 0.0287 0.0257 
 H029.3_2003  2 0.0078 0.8676 0.0221 0.0054 0.0053 0.0072 0.0086 0.0091 0.0354 0.0121 0.0193 
 H029.4_2002  2 0.0126 0.9112 0.0134 0.0047 0.0051 0.0099 0.0139 0.0074 0.0119 0.0046 0.0054 
 H029.4_2003  2 0.0350 0.6604 0.0540 0.0217 0.0140 0.0305 0.0106 0.0208 0.0968 0.0226 0.0336 
 H029.5_2002  2 0.0068 0.9121 0.0073 0.0079 0.0053 0.0068 0.0116 0.0165 0.0114 0.0075 0.0067 
 H029.5_2003  2 0.0127 0.8919 0.0129 0.0100 0.0050 0.0097 0.0046 0.0075 0.0138 0.0061 0.0258 
 H029.6_2002  2 0.0300 0.8296 0.0150 0.0043 0.0092 0.0079 0.0208 0.0108 0.0584 0.0067 0.0073 
 H029.6_2003  2 0.0092 0.7572 0.0175 0.0220 0.0100 0.0135 0.0118 0.0282 0.0199 0.0413 0.0695 
      H029.7  2 0.0193 0.8893 0.0066 0.0080 0.0163 0.0072 0.0183 0.0068 0.0051 0.0100 0.0131 
      H030.1  2 0.0062 0.0209 0.0250 0.0107 0.0085 0.0056 0.0104 0.0183 0.8247 0.0568 0.0129 
      H030.2  2 0.0729 0.0892 0.0471 0.0093 0.0058 0.3524 0.0904 0.0307 0.2736 0.0171 0.0114 
      H038.1  2 0.0237 0.9007 0.0076 0.0107 0.0106 0.0105 0.0056 0.0064 0.0088 0.0102 0.0053 
      H038.2  2 0.0065 0.9070 0.0064 0.0045 0.0037 0.0151 0.0109 0.0140 0.0106 0.0116 0.0098 
      H038.3  2 0.0443 0.7967 0.0202 0.0077 0.0048 0.0338 0.0109 0.0145 0.0100 0.0483 0.0088 
      H038.4  2 0.0387 0.8379 0.0168 0.0077 0.0059 0.0152 0.0115 0.0201 0.0076 0.0323 0.0062 
      H038.5  2 0.0344 0.8592 0.0374 0.0058 0.0047 0.0089 0.0153 0.0082 0.0113 0.0067 0.0080 
      H038.6  2 0.0102 0.9216 0.0073 0.0053 0.0052 0.0086 0.0052 0.0043 0.0138 0.0089 0.0094 
      H038.7  2 0.0122 0.8783 0.0164 0.0052 0.0047 0.0157 0.0046 0.0067 0.0071 0.0404 0.0086 
      H038.8  2 0.1187 0.7556 0.0117 0.0067 0.0050 0.0251 0.0164 0.0154 0.0097 0.0289 0.0068 
      H041.1  2 0.0338 0.6096 0.0528 0.0109 0.0231 0.0111 0.1086 0.0584 0.0302 0.0466 0.0148 
      H041.2  2 0.0254 0.5650 0.0107 0.0177 0.0054 0.0322 0.0127 0.1565 0.1396 0.0235 0.0115 
      H041.4  2 0.0274 0.7965 0.0216 0.0276 0.0189 0.0080 0.0099 0.0372 0.0251 0.0121 0.0155 
      H041.6  2 0.0159 0.7036 0.0107 0.0512 0.0264 0.0203 0.0186 0.0624 0.0412 0.0397 0.0099 
 H042.1_2002  2 0.0191 0.0135 0.0086 0.0487 0.0368 0.1337 0.0163 0.0517 0.6147 0.0177 0.0394 
 H042.1_2003  2 0.1597 0.1529 0.0314 0.0823 0.0173 0.0888 0.0183 0.0921 0.0455 0.1408 0.1709 
 H042.2_2002  2 0.0293 0.3698 0.0124 0.0056 0.0125 0.4187 0.0155 0.0191 0.0753 0.0069 0.0348 
 H042.2_2003  2 0.0104 0.4764 0.0141 0.0676 0.0160 0.0492 0.0052 0.1958 0.0828 0.0374 0.0450 
 H042.3_2002  2 0.0122 0.0142 0.0104 0.0119 0.0174 0.6103 0.0086 0.0221 0.2637 0.0076 0.0217 
 H042.3_2003  2 0.0225 0.0484 0.0117 0.0190 0.0122 0.7467 0.0282 0.0197 0.0378 0.0105 0.0432 
 H042.4_2002  2 0.0168 0.0459 0.0067 0.0164 0.0086 0.0151 0.0123 0.0561 0.7869 0.0136 0.0216 
 H042.4_2003  2 0.0074 0.2753 0.0163 0.0352 0.0426 0.0114 0.0390 0.0881 0.3501 0.1086 0.0261 
      H042.5  2 0.0037 0.0179 0.0114 0.0150 0.0349 0.0102 0.0084 0.0212 0.8453 0.0121 0.0198 
      H042.6  2 0.0115 0.0417 0.0134 0.0164 0.2045 0.0295 0.0147 0.0112 0.6156 0.0305 0.0111 
      H042.7  2 0.0059 0.0544 0.0197 0.0245 0.0183 0.3392 0.0157 0.1696 0.2539 0.0833 0.0153 
      H042.8  2 0.0400 0.0759 0.0147 0.0194 0.0315 0.1083 0.0063 0.0481 0.6023 0.0083 0.0453 
   H042_2002  2 0.0442 0.1515 0.0232 0.0831 0.1922 0.2500 0.0083 0.0404 0.0381 0.1370 0.0321 
   H042_2003  2 0.0371 0.1732 0.0295 0.0725 0.1644 0.2884 0.0072 0.0420 0.0299 0.1195 0.0365 
      H043.1  2 0.2030 0.0384 0.5151 0.0114 0.0455 0.0198 0.0219 0.0088 0.0196 0.1014 0.0150 
      H043.2  2 0.3508 0.1302 0.0257 0.0808 0.2453 0.0208 0.0075 0.0147 0.0100 0.0978 0.0166 
      H043.3  2 0.0441 0.4258 0.0589 0.0234 0.0403 0.0645 0.0062 0.0084 0.0092 0.3058 0.0134 
      H043.4  2 0.2119 0.0648 0.0305 0.0311 0.3102 0.0307 0.0063 0.0073 0.0095 0.2822 0.0154 
      H043.5  2 0.4607 0.2474 0.0513 0.0438 0.0130 0.0745 0.0097 0.0127 0.0105 0.0617 0.0146 
      H043.6  2 0.3509 0.3588 0.0190 0.0717 0.0201 0.0778 0.0060 0.0134 0.0158 0.0531 0.0134 
      H043.7  2 0.1356 0.0402 0.0377 0.1056 0.1100 0.0252 0.0043 0.0068 0.0095 0.5178 0.0071 
      H043.8  2 0.0616 0.0601 0.4213 0.0975 0.0596 0.0927 0.0309 0.0175 0.0212 0.1249 0.0126 
      H043.9  2 0.1030 0.1189 0.4890 0.0124 0.0786 0.0324 0.0148 0.0072 0.0194 0.1161 0.0082 
      H047.1  2 0.0120 0.7302 0.0437 0.0293 0.0204 0.0955 0.0050 0.0135 0.0110 0.0140 0.0253 
      H047.2  2 0.0080 0.6907 0.0419 0.0298 0.0126 0.0068 0.0517 0.0260 0.0173 0.0691 0.0460 
      H047.3  2 0.0066 0.5698 0.0720 0.0205 0.0358 0.0215 0.0497 0.0621 0.0162 0.0359 0.1100 
      H047.4  2 0.0048 0.7589 0.0313 0.0396 0.0085 0.0174 0.0104 0.0376 0.0148 0.0650 0.0118 
      H047.5  2 0.0046 0.5554 0.0723 0.0175 0.1170 0.0803 0.0089 0.0524 0.0135 0.0194 0.0588 
      H047.6  2 0.0199 0.4762 0.2188 0.0801 0.0180 0.0201 0.0253 0.0681 0.0149 0.0231 0.0357 
      H047.7  2 0.0125 0.7229 0.0502 0.0215 0.0152 0.1053 0.0083 0.0275 0.0135 0.0075 0.0156 
      H047.8  2 0.0140 0.5059 0.1323 0.0838 0.0281 0.0359 0.0166 0.0544 0.0118 0.0209 0.0962 
      H047.9  2 0.0045 0.6477 0.0183 0.0154 0.0938 0.1021 0.0062 0.0450 0.0099 0.0179 0.0391 
 H071.1_2002  2 0.0067 0.9174 0.0052 0.0087 0.0138 0.0107 0.0049 0.0054 0.0083 0.0101 0.0089 
 H071.1_2003  2 0.0145 0.6368 0.0087 0.0324 0.1722 0.0145 0.0059 0.0122 0.0378 0.0502 0.0147 
     H071.10  2 0.0072 0.8856 0.0143 0.0059 0.0095 0.0316 0.0127 0.0067 0.0152 0.0068 0.0046 
 H071.2_2002  2 0.0081 0.9044 0.0086 0.0147 0.0139 0.0137 0.0047 0.0088 0.0060 0.0084 0.0086 
 H071.2_2003  2 0.0040 0.9436 0.0038 0.0063 0.0091 0.0066 0.0050 0.0048 0.0053 0.0057 0.0057 
      H071.3  2 0.0091 0.8749 0.0148 0.0060 0.0070 0.0277 0.0132 0.0121 0.0145 0.0137 0.0072 
 H071.4_2002  2 0.0157 0.8488 0.0234 0.0112 0.0110 0.0372 0.0103 0.0128 0.0128 0.0096 0.0072 
 H071.4_2003  2 0.0038 0.9330 0.0091 0.0047 0.0062 0.0105 0.0061 0.0058 0.0055 0.0075 0.0076 
 H071.5_2002  2 0.0053 0.9245 0.0069 0.0044 0.0084 0.0124 0.0082 0.0060 0.0104 0.0086 0.0048 
 H071.5_2003  2 0.0043 0.8655 0.0168 0.0122 0.0097 0.0256 0.0060 0.0109 0.0153 0.0214 0.0124 
 H071.6_2002  2 0.0083 0.8759 0.0105 0.0073 0.0116 0.0502 0.0052 0.0058 0.0080 0.0098 0.0073 
 H071.6_2003  2 0.0045 0.8980 0.0112 0.0167 0.0069 0.0154 0.0056 0.0062 0.0146 0.0137 0.0071 
 H071.7_2002  2 0.0046 0.9378 0.0066 0.0053 0.0073 0.0107 0.0046 0.0042 0.0043 0.0088 0.0058 
 H071.7_2003  2 0.0056 0.8829 0.0112 0.0151 0.0110 0.0153 0.0056 0.0107 0.0168 0.0159 0.0098 
      H071.8  2 0.0089 0.9169 0.0079 0.0100 0.0168 0.0072 0.0050 0.0077 0.0054 0.0071 0.0072 
      H071.9  2 0.0224 0.6555 0.1729 0.0241 0.0192 0.0269 0.0117 0.0196 0.0260 0.0151 0.0066 
 H081.1_2002  2 0.0049 0.9250 0.0046 0.0079 0.0183 0.0068 0.0062 0.0062 0.0073 0.0070 0.0060 
 H081.1_2003  2 0.2848 0.0773 0.0132 0.0785 0.0173 0.0287 0.0231 0.0204 0.1141 0.3050 0.0377 
 H081.2_2002  2 0.0068 0.8672 0.0049 0.0116 0.0635 0.0062 0.0059 0.0086 0.0055 0.0136 0.0062 
 H081.2_2003  2 0.0111 0.0464 0.0154 0.0357 0.0940 0.0128 0.0446 0.0079 0.6948 0.0228 0.0144 
 H081.3_2002  2 0.0068 0.8925 0.0099 0.0169 0.0263 0.0066 0.0077 0.0083 0.0090 0.0094 0.0067 
 H081.3_2003  2 0.0311 0.0333 0.1012 0.1602 0.1429 0.0215 0.0277 0.0147 0.4138 0.0261 0.0276 
 H081.4_2002  2 0.0053 0.9180 0.0076 0.0090 0.0069 0.0126 0.0071 0.0061 0.0085 0.0103 0.0086 
 H081.4_2003  2 0.0258 0.0314 0.0242 0.2077 0.0369 0.0184 0.0201 0.0279 0.4284 0.1330 0.0462 
 H081.5_2002  2 0.0055 0.9087 0.0062 0.0117 0.0119 0.0091 0.0070 0.0054 0.0138 0.0131 0.0077 
 H081.5_2003  2 0.0384 0.0507 0.0119 0.1468 0.0697 0.0371 0.0168 0.0316 0.1142 0.4593 0.0234 
      H081.6  2 0.0060 0.9208 0.0045 0.0087 0.0139 0.0109 0.0047 0.0064 0.0055 0.0112 0.0073 
      H081.7  2 0.0048 0.8142 0.0104 0.0129 0.1025 0.0086 0.0082 0.0099 0.0115 0.0109 0.0062 
      H081.8  2 0.0188 0.8353 0.0170 0.0114 0.0113 0.0196 0.0205 0.0140 0.0320 0.0117 0.0084 
      H083.1  2 0.0109 0.8946 0.0093 0.0046 0.0065 0.0128 0.0223 0.0056 0.0132 0.0109 0.0092 
      H083.2  2 0.0092 0.8811 0.0163 0.0097 0.0142 0.0121 0.0197 0.0074 0.0118 0.0116 0.0070 
      H083.4  2 0.0088 0.7824 0.0197 0.0092 0.0191 0.0179 0.1100 0.0084 0.0085 0.0099 0.0060 
      H083.5  2 0.0203 0.8462 0.0115 0.0075 0.0117 0.0081 0.0479 0.0115 0.0137 0.0129 0.0085 
      H083.6  2 0.0132 0.7766 0.0141 0.0086 0.0100 0.0119 0.1113 0.0142 0.0153 0.0083 0.0165 
      H083.7  2 0.0098 0.6940 0.0165 0.0071 0.0238 0.0110 0.2016 0.0139 0.0063 0.0079 0.0083 
      H083.8  2 0.0084 0.8827 0.0186 0.0085 0.0162 0.0106 0.0157 0.0104 0.0062 0.0119 0.0108 
      H083.9  2 0.0107 0.8523 0.0062 0.0044 0.0102 0.0078 0.0679 0.0099 0.0115 0.0111 0.0079 
      H084.1  2 0.0480 0.0074 0.0363 0.0087 0.0103 0.0147 0.0083 0.0424 0.7978 0.0100 0.0161 
      H084.2  2 0.0409 0.0095 0.0223 0.0099 0.0040 0.0116 0.0072 0.0052 0.8585 0.0187 0.0121 
      H084.3  2 0.3576 0.0074 0.0306 0.0085 0.0098 0.0453 0.0199 0.2598 0.1749 0.0576 0.0286 
      H084.4  2 0.1923 0.0158 0.0686 0.0133 0.0059 0.0330 0.0128 0.0732 0.4181 0.1408 0.0264 
      H084.5  2 0.0996 0.0096 0.0444 0.0102 0.0102 0.2396 0.0088 0.0821 0.4163 0.0605 0.0188 
      H084.6  2 0.2298 0.0088 0.0927 0.0096 0.0106 0.0468 0.1100 0.2043 0.2520 0.0247 0.0107 
      H084.7  2 0.0106 0.0090 0.0335 0.0083 0.0052 0.0106 0.0060 0.0137 0.8777 0.0116 0.0139 
      H084.8  2 0.1637 0.0084 0.0269 0.0072 0.0075 0.0315 0.0110 0.2310 0.4699 0.0262 0.0168 
 H085.1_2002  2 0.0160 0.0201 0.0088 0.0081 0.8846 0.0096 0.0128 0.0056 0.0191 0.0085 0.0067 
 H085.1_2003  2 0.0229 0.5964 0.0396 0.0129 0.0935 0.0087 0.1166 0.0195 0.0348 0.0455 0.0098 
 H085.2_2002  2 0.0696 0.0266 0.0109 0.2028 0.4194 0.0290 0.0931 0.0163 0.1038 0.0207 0.0078 
 H085.2_2003  2 0.0147 0.7274 0.0321 0.0176 0.0230 0.0149 0.0594 0.0111 0.0519 0.0300 0.0179 
 H085.3_2002  2 0.0044 0.0091 0.0071 0.0167 0.8863 0.0074 0.0163 0.0090 0.0104 0.0283 0.0049 
 H085.3_2003  2 0.0058 0.7491 0.0142 0.0087 0.0410 0.0085 0.0114 0.0105 0.0119 0.1250 0.0138 
 H085.4_2002  2 0.0389 0.0738 0.0099 0.0748 0.6759 0.0303 0.0251 0.0139 0.0339 0.0125 0.0111 
 H085.4_2003  2 0.0081 0.7628 0.0066 0.0307 0.0131 0.0350 0.0114 0.0299 0.0598 0.0341 0.0084 
 H085.5_2002  2 0.0047 0.0143 0.0068 0.0087 0.9156 0.0052 0.0044 0.0089 0.0080 0.0169 0.0065 
 H085.5_2003  2 0.0089 0.8108 0.0102 0.0096 0.0227 0.0088 0.0498 0.0075 0.0422 0.0131 0.0163 
 H085.6_2002  2 0.0116 0.0154 0.0114 0.0214 0.8724 0.0052 0.0165 0.0051 0.0180 0.0172 0.0058 
 H085.6_2003  2 0.0072 0.1049 0.0121 0.0479 0.0255 0.0092 0.0067 0.0367 0.0188 0.7184 0.0126 
 H085.7_2002  2 0.0179 0.0664 0.0115 0.0699 0.6163 0.0133 0.0629 0.0122 0.0477 0.0715 0.0103 
 H085.7_2003  2 0.0140 0.8118 0.0178 0.0100 0.0226 0.0156 0.0139 0.0176 0.0103 0.0521 0.0143 
 H085.8_2002  2 0.0194 0.0349 0.0112 0.1062 0.2784 0.0130 0.0133 0.0296 0.0174 0.4694 0.0073 
 H085.8_2003  2 0.0226 0.3333 0.0342 0.0554 0.0496 0.0290 0.1640 0.0419 0.1856 0.0618 0.0225 
      H085.9  2 0.0323 0.0403 0.0090 0.0201 0.7977 0.0130 0.0166 0.0115 0.0265 0.0249 0.0081 
      H088.1  2 0.0196 0.0215 0.0199 0.0207 0.0482 0.0087 0.0198 0.0868 0.6914 0.0165 0.0469 
      H088.2  2 0.0088 0.0098 0.0169 0.0156 0.0507 0.0176 0.0135 0.0461 0.7797 0.0209 0.0202 
      H088.3  2 0.0078 0.0087 0.0160 0.0184 0.0199 0.0134 0.0091 0.0149 0.8588 0.0185 0.0146 
      H088.4  2 0.0056 0.0117 0.0087 0.0076 0.0050 0.0084 0.0042 0.0068 0.9224 0.0104 0.0092 
      H088.5  2 0.0064 0.0086 0.0116 0.0108 0.0072 0.0065 0.0059 0.0153 0.9101 0.0065 0.0110 
      H088.6  2 0.0074 0.0170 0.0156 0.0079 0.0047 0.0109 0.0078 0.0200 0.8832 0.0082 0.0172 
      H088.7  2 0.0138 0.1800 0.0344 0.0096 0.0195 0.0141 0.0102 0.0427 0.6292 0.0253 0.0211 
      H088.8  2 0.0157 0.1602 0.0262 0.0162 0.0128 0.0123 0.0104 0.0478 0.6349 0.0194 0.0442 
      H091.1  2 0.0148 0.0686 0.0376 0.0098 0.0171 0.0670 0.0592 0.0234 0.6459 0.0406 0.0160 
      H091.2  2 0.0065 0.1202 0.0361 0.0113 0.0174 0.1228 0.0615 0.0580 0.5219 0.0234 0.0209 
      H109.1  2 0.0308 0.0221 0.7796 0.0190 0.0248 0.0246 0.0313 0.0252 0.0136 0.0116 0.0175 
      H109.2  2 0.0197 0.0492 0.5152 0.0351 0.0113 0.0237 0.0174 0.0432 0.2421 0.0303 0.0128 
      H109.3  2 0.0102 0.0206 0.7954 0.0093 0.0076 0.0135 0.0102 0.0248 0.0473 0.0332 0.0280 
      H109.4  2 0.0151 0.0127 0.8510 0.0191 0.0104 0.0105 0.0088 0.0191 0.0264 0.0157 0.0111 
      H109.5  2 0.0051 0.3614 0.2495 0.0124 0.0124 0.0226 0.0063 0.1026 0.1818 0.0300 0.0160 
      H109.6  2 0.0163 0.0385 0.5835 0.0504 0.0175 0.0204 0.0186 0.0885 0.1015 0.0336 0.0313 
      H126.1  2 0.0141 0.0183 0.0419 0.2364 0.0994 0.3915 0.0095 0.0219 0.0115 0.0329 0.1225 
      H126.2  2 0.0562 0.6295 0.0859 0.0497 0.0454 0.0366 0.0149 0.0148 0.0098 0.0280 0.0294 
      H126.3  2 0.0170 0.4823 0.0182 0.0220 0.0230 0.3742 0.0154 0.0099 0.0122 0.0069 0.0190 
      H126.4  2 0.0243 0.1010 0.0392 0.3911 0.0242 0.1948 0.0221 0.0106 0.0200 0.0247 0.1479 
      H126.5  2 0.0083 0.1437 0.0126 0.1308 0.0612 0.3891 0.0126 0.0082 0.0085 0.1605 0.0643 
      H126.6  2 0.0062 0.7485 0.0108 0.0216 0.1240 0.0347 0.0089 0.0042 0.0081 0.0259 0.0072 
      H126.7  2 0.0041 0.8698 0.0079 0.0095 0.0267 0.0295 0.0060 0.0069 0.0088 0.0178 0.0131 
      H130.1  2 0.0079 0.0093 0.0257 0.8253 0.0146 0.0083 0.0131 0.0163 0.0362 0.0245 0.0187 
      H130.2  2 0.0117 0.0333 0.0889 0.1568 0.0211 0.0078 0.0335 0.0179 0.5633 0.0359 0.0300 
      H130.3  2 0.0058 0.0242 0.0248 0.0505 0.0092 0.0077 0.0077 0.0091 0.2536 0.0366 0.5709 
      H130.4  2 0.0256 0.0106 0.0488 0.7047 0.0221 0.0096 0.0206 0.0123 0.0549 0.0142 0.0766 
      H130.5  2 0.0076 0.0419 0.0173 0.3317 0.0259 0.0089 0.0173 0.0220 0.4734 0.0418 0.0122 
      H133.1  2 0.1134 0.0786 0.2584 0.2489 0.0109 0.0137 0.0245 0.0189 0.0661 0.0433 0.1234 
      H133.2  2 0.0135 0.0189 0.4559 0.0748 0.0983 0.0127 0.0066 0.0147 0.2003 0.0843 0.0201 
      H133.3  2 0.1499 0.1580 0.3213 0.0373 0.0696 0.0235 0.0144 0.0355 0.0884 0.0580 0.0440 
      H133.4  2 0.0363 0.0199 0.8089 0.0319 0.0149 0.0101 0.0072 0.0104 0.0146 0.0202 0.0256 
      H133.5  2 0.0306 0.0131 0.4157 0.0604 0.0662 0.0211 0.0106 0.0066 0.2450 0.0280 0.1027 
      H133.6  2 0.0115 0.0197 0.2114 0.0788 0.0723 0.0186 0.0156 0.0150 0.4775 0.0467 0.0330 
      H133.7  2 0.1190 0.0575 0.4099 0.0536 0.0364 0.0168 0.0085 0.1902 0.0142 0.0740 0.0199 
      H133.8  2 0.0988 0.0282 0.4812 0.0753 0.0860 0.0807 0.0244 0.0138 0.0211 0.0226 0.0679 
      H133.9  2 0.1092 0.0382 0.2654 0.1543 0.0161 0.0154 0.0303 0.0125 0.0767 0.0350 0.2469 
      H147.1  2 0.0286 0.4346 0.0107 0.0218 0.0492 0.0262 0.0536 0.0830 0.1016 0.1851 0.0057 
      H147.2  2 0.0069 0.8680 0.0048 0.0116 0.0127 0.0116 0.0065 0.0095 0.0185 0.0433 0.0065 
      H147.3  2 0.0063 0.8412 0.0052 0.0122 0.0450 0.0072 0.0087 0.0116 0.0152 0.0384 0.0091 
      H147.4  2 0.0275 0.8585 0.0058 0.0076 0.0130 0.0106 0.0152 0.0142 0.0261 0.0146 0.0068 
      H147.5  2 0.0082 0.4877 0.0057 0.0144 0.0238 0.0105 0.0240 0.0235 0.3274 0.0518 0.0230 
      H147.6  2 0.0107 0.4118 0.0108 0.0086 0.0254 0.0169 0.0284 0.0170 0.3956 0.0488 0.0260 
      H147.7  2 0.0335 0.8238 0.0070 0.0081 0.0124 0.0107 0.0230 0.0258 0.0218 0.0230 0.0110 
      H147.8  2 0.0416 0.6992 0.0079 0.0047 0.0116 0.0237 0.0327 0.0093 0.1415 0.0145 0.0134 
      H147.9  2 0.0064 0.8768 0.0060 0.0106 0.0232 0.0082 0.0101 0.0071 0.0132 0.0307 0.0078 
      H148.1  2 0.0439 0.0115 0.0440 0.6365 0.0093 0.0451 0.0320 0.0454 0.0621 0.0594 0.0108 
      H148.2  2 0.0578 0.0227 0.0272 0.3587 0.0221 0.0613 0.0255 0.3637 0.0272 0.0215 0.0123 
      H148.3  2 0.0627 0.0130 0.0105 0.0177 0.0129 0.0258 0.0093 0.8053 0.0157 0.0173 0.0098 
      H148.4  2 0.0473 0.0237 0.0280 0.4630 0.0132 0.0548 0.0148 0.1761 0.0219 0.1364 0.0209 
      H148.5  2 0.0703 0.0206 0.0149 0.0319 0.0110 0.0315 0.0149 0.6905 0.0595 0.0202 0.0346 
      H148.6  2 0.1387 0.0179 0.0233 0.1567 0.0139 0.0215 0.0391 0.5300 0.0279 0.0207 0.0102 
      H148.7  2 0.0727 0.0118 0.0333 0.0983 0.0083 0.0444 0.0134 0.5580 0.0510 0.0290 0.0798 
      H148.8  2 0.0419 0.0087 0.0066 0.1734 0.0099 0.0129 0.0057 0.6915 0.0228 0.0126 0.0138 
      H148.9  2 0.1949 0.0112 0.0870 0.1259 0.0728 0.2385 0.0278 0.1688 0.0200 0.0172 0.0359 
   H166022.1  2 0.0093 0.0155 0.0057 0.0079 0.0157 0.0080 0.0344 0.0107 0.8771 0.0096 0.0061 
   H166022.2  2 0.0153 0.0483 0.0247 0.0139 0.0150 0.0203 0.0564 0.0277 0.6664 0.0920 0.0201 
   H166022.3  2 0.0074 0.0064 0.0212 0.0130 0.0080 0.0071 0.1404 0.0143 0.7516 0.0162 0.0146 
   H166022.4  2 0.0064 0.0083 0.0141 0.0062 0.0060 0.0067 0.0167 0.0083 0.8953 0.0171 0.0150 
   H166022.5  2 0.0054 0.0075 0.0103 0.0062 0.0064 0.0058 0.0205 0.0070 0.9062 0.0152 0.0094 
   H166022.6  2 0.0136 0.0074 0.0154 0.0270 0.0088 0.0057 0.0287 0.0108 0.8514 0.0218 0.0094 
   H166022.7  2 0.0198 0.0083 0.9127 0.0105 0.0058 0.0058 0.0057 0.0048 0.0083 0.0072 0.0110 
   H166022.8  2 0.0081 0.0132 0.0137 0.0493 0.0185 0.0110 0.0689 0.0107 0.6080 0.1868 0.0118 
   H167397.1  2 0.5320 0.0911 0.0091 0.0166 0.0065 0.0207 0.0097 0.1229 0.1345 0.0473 0.0097 
   H167397.2  2 0.5773 0.0459 0.0115 0.1049 0.0575 0.0233 0.0650 0.0143 0.0342 0.0515 0.0144 
   H167397.3  2 0.6341 0.1068 0.0129 0.0268 0.0087 0.0317 0.0270 0.0514 0.0591 0.0268 0.0147 
   H167397.4  2 0.7713 0.0431 0.0157 0.0121 0.0298 0.0188 0.0276 0.0353 0.0211 0.0130 0.0122 
   H167397.5  2 0.6457 0.0389 0.0214 0.0379 0.0073 0.0204 0.0224 0.0318 0.0677 0.0889 0.0178 
   H167397.6  2 0.6453 0.0770 0.0168 0.0250 0.0153 0.1101 0.0150 0.0413 0.0187 0.0152 0.0203 
   H167496.1  2 0.0091 0.0235 0.1208 0.0206 0.0121 0.0295 0.0320 0.2949 0.3563 0.0665 0.0346 
   H167496.2  2 0.0131 0.1390 0.1737 0.0435 0.0203 0.0810 0.0097 0.1039 0.0432 0.3539 0.0188 
   H167496.3  2 0.0108 0.0448 0.0286 0.0537 0.3054 0.0166 0.1013 0.1265 0.0582 0.1926 0.0615 
   H167496.4  2 0.0073 0.0261 0.0071 0.0081 0.0168 0.0148 0.0163 0.0079 0.8699 0.0177 0.0081 
   H167496.6  2 0.0062 0.0260 0.0116 0.0088 0.0115 0.0106 0.0087 0.0058 0.3106 0.5809 0.0194 
   H167496.7  2 0.0092 0.0217 0.0591 0.1129 0.0154 0.1022 0.0514 0.2095 0.0420 0.3461 0.0305 
   H167496.8  2 0.0079 0.0453 0.0128 0.0088 0.0106 0.0205 0.0147 0.0141 0.3798 0.4769 0.0086 
   H167513.1  2 0.0122 0.0097 0.8616 0.0212 0.0150 0.0113 0.0174 0.0103 0.0156 0.0142 0.0115 
   H167513.2  2 0.0851 0.0180 0.4712 0.0449 0.0223 0.0242 0.0112 0.2389 0.0199 0.0468 0.0176 
   H167513.3  2 0.0089 0.0131 0.7355 0.0131 0.0097 0.0139 0.0288 0.0190 0.0344 0.0118 0.1120 
   H167513.4  2 0.0133 0.0165 0.6321 0.0390 0.0164 0.0174 0.1349 0.0402 0.0456 0.0255 0.0192 
   H167513.5  2 0.0500 0.0163 0.7692 0.0284 0.0203 0.0120 0.0132 0.0342 0.0163 0.0323 0.0077 
   H167513.6  2 0.0253 0.0232 0.6341 0.0367 0.0366 0.0219 0.0251 0.0325 0.1296 0.0180 0.0171 
   H167513.7  2 0.0289 0.0181 0.7723 0.0132 0.0212 0.0115 0.0739 0.0110 0.0275 0.0140 0.0085 
   H167513.8  2 0.0104 0.0073 0.9120 0.0066 0.0063 0.0083 0.0077 0.0055 0.0101 0.0134 0.0121 
   H167547.1  2 0.0222 0.0066 0.0098 0.0800 0.0074 0.0128 0.0196 0.7907 0.0095 0.0240 0.0173 
   H167547.2  2 0.0177 0.0092 0.0078 0.0143 0.0083 0.0166 0.0166 0.8732 0.0133 0.0129 0.0100 
   H167547.3  2 0.0118 0.0100 0.0067 0.0164 0.0077 0.0133 0.0128 0.8904 0.0119 0.0091 0.0099 
   H167547.4  2 0.0289 0.0092 0.0352 0.1387 0.0209 0.0084 0.2370 0.3951 0.0420 0.0266 0.0580 
   H167547.5  2 0.0083 0.0080 0.0102 0.0117 0.0083 0.0073 0.0115 0.8720 0.0435 0.0091 0.0101 
   H167547.6  2 0.0070 0.0105 0.0070 0.0107 0.0070 0.0105 0.0116 0.8720 0.0463 0.0076 0.0098 
   H167547.7  2 0.0192 0.0313 0.1494 0.1179 0.2179 0.0182 0.0506 0.3078 0.0226 0.0249 0.0402 
   H169750.1  2 0.0104 0.0179 0.6652 0.0608 0.0246 0.0161 0.0427 0.0136 0.0670 0.0466 0.0352 
   H169750.2  2 0.0539 0.1473 0.1825 0.1025 0.0348 0.0356 0.0074 0.0317 0.0887 0.2426 0.0731 
   H169750.3  2 0.0039 0.0144 0.8267 0.0130 0.0250 0.0069 0.0080 0.0197 0.0466 0.0221 0.0138 
   H169750.4  2 0.1229 0.0372 0.1680 0.1681 0.0278 0.0342 0.0068 0.0343 0.0430 0.1618 0.1959 
   H169750.5  2 0.0105 0.0491 0.6937 0.0252 0.0224 0.0148 0.0327 0.0101 0.1029 0.0175 0.0210 
   H169750.6  2 0.0124 0.3053 0.3125 0.0461 0.0375 0.0126 0.0118 0.0143 0.1510 0.0652 0.0312 
   H169750.7  2 0.0312 0.0522 0.4343 0.0472 0.0828 0.0488 0.0113 0.0368 0.0260 0.1503 0.0791 
   H171929.1  2 0.4706 0.0220 0.0941 0.0470 0.1922 0.0098 0.0115 0.1092 0.0121 0.0096 0.0219 
  H171929.10  2 0.0914 0.0683 0.1242 0.0517 0.1851 0.0250 0.0450 0.2549 0.1135 0.0259 0.0151 
  H171929.11  2 0.3164 0.0245 0.2992 0.0301 0.1486 0.0145 0.0112 0.0801 0.0308 0.0111 0.0336 
   H171929.2  2 0.0082 0.0104 0.8223 0.0428 0.0173 0.0063 0.0112 0.0541 0.0102 0.0081 0.0092 
   H171929.3  2 0.0683 0.0195 0.7355 0.0148 0.0142 0.0120 0.0240 0.0798 0.0124 0.0087 0.0108 
   H171929.4  2 0.0073 0.0311 0.4098 0.1259 0.1602 0.0067 0.0619 0.1136 0.0365 0.0162 0.0310 
   H171929.5  2 0.0333 0.0139 0.8384 0.0176 0.0114 0.0158 0.0143 0.0263 0.0122 0.0081 0.0087 
   H171929.6  2 0.0455 0.0096 0.8584 0.0164 0.0079 0.0099 0.0111 0.0171 0.0087 0.0070 0.0084 
   H171929.7  2 0.0251 0.0274 0.3952 0.2351 0.1741 0.0092 0.0203 0.0660 0.0087 0.0119 0.0268 
   H171929.8  2 0.0209 0.0141 0.3007 0.2717 0.2338 0.0093 0.0186 0.0784 0.0222 0.0103 0.0199 
   H171929.9  2 0.0059 0.0310 0.4906 0.0904 0.2397 0.0095 0.0307 0.0231 0.0427 0.0226 0.0139 
   H171930.1  2 0.0157 0.0121 0.7973 0.0093 0.0045 0.0162 0.0065 0.0180 0.0716 0.0141 0.0346 
   H171930.2  2 0.0086 0.0213 0.1174 0.0276 0.0126 0.0195 0.0123 0.0419 0.6952 0.0158 0.0277 
   H171930.3  2 0.0186 0.0093 0.7299 0.0068 0.0089 0.0374 0.0121 0.0273 0.0981 0.0139 0.0378 
   H171930.4  2 0.0157 0.0073 0.2553 0.0095 0.0060 0.0358 0.0190 0.0255 0.5532 0.0217 0.0510 
   H171930.5  2 0.0232 0.0425 0.4719 0.0461 0.0207 0.0429 0.0139 0.0277 0.2423 0.0207 0.0481 
   H171930.6  2 0.0099 0.0623 0.1263 0.0112 0.0055 0.2505 0.0167 0.0334 0.3708 0.0433 0.0700 
   H171930.7  2 0.0242 0.0095 0.8386 0.0108 0.0088 0.0126 0.0068 0.0174 0.0385 0.0174 0.0153 
   H171930.8  2 0.0209 0.0121 0.7878 0.0115 0.0054 0.0154 0.0067 0.0178 0.0877 0.0247 0.0099 
   H171933.1  2 0.0460 0.0107 0.0120 0.0155 0.0121 0.0162 0.8043 0.0234 0.0424 0.0078 0.0095 
   H171933.2  2 0.0621 0.0335 0.0244 0.0160 0.0548 0.0351 0.6108 0.0352 0.1004 0.0190 0.0088 
   H171933.3  2 0.0136 0.0090 0.0220 0.0133 0.1100 0.0271 0.5355 0.1773 0.0594 0.0191 0.0137 
   H171933.4  2 0.0069 0.0096 0.0324 0.0116 0.0347 0.0065 0.6990 0.0444 0.0815 0.0463 0.0272 
   H171933.5  2 0.0157 0.0078 0.1180 0.0588 0.0266 0.0185 0.2317 0.2249 0.0812 0.0716 0.1451 
   H171933.6  2 0.0059 0.0289 0.0118 0.0095 0.0112 0.0147 0.7915 0.0136 0.0772 0.0203 0.0153 
   H171933.7  2 0.0184 0.0139 0.0128 0.0192 0.1028 0.1373 0.5722 0.0227 0.0541 0.0192 0.0274 
   H171933.8  2 0.0359 0.0183 0.0324 0.0159 0.0711 0.0373 0.6291 0.0287 0.0673 0.0509 0.0129 
   H171933.9  2 0.0039 0.0082 0.0144 0.0070 0.0108 0.0083 0.8679 0.0107 0.0273 0.0174 0.0242 
      H190.1  2 0.0074 0.0300 0.0385 0.0614 0.0083 0.0356 0.0364 0.1177 0.2918 0.1377 0.2351 
      H190.2  2 0.0080 0.0436 0.0106 0.0261 0.1057 0.2011 0.0079 0.2165 0.0236 0.3438 0.0131 
      H190.3  2 0.0155 0.0407 0.0282 0.1755 0.0951 0.0549 0.0196 0.4170 0.0720 0.0445 0.0370 
      H190.4  2 0.0083 0.0118 0.0312 0.0717 0.0192 0.0084 0.0681 0.1677 0.4952 0.0223 0.0961 
      H190.5  2 0.0057 0.0540 0.0168 0.0115 0.0496 0.1718 0.0105 0.0386 0.0219 0.6000 0.0196 
      H190.6  2 0.0088 0.0157 0.0284 0.0524 0.0219 0.0134 0.0280 0.3642 0.3916 0.0194 0.0563 
      H190.7  2 0.0140 0.0177 0.0135 0.0762 0.4641 0.0154 0.0071 0.2108 0.0760 0.0751 0.0300 
      H190.8  2 0.0053 0.0232 0.0133 0.0135 0.0514 0.0700 0.0083 0.0262 0.0248 0.7335 0.0306 
      H190.9  2 0.0225 0.0181 0.0205 0.0405 0.1505 0.0348 0.0091 0.1701 0.0615 0.4375 0.0350 
      H400.1  2 0.0075 0.0093 0.0084 0.0158 0.0104 0.0125 0.0351 0.0039 0.8794 0.0081 0.0096 
      H400.2  2 0.0107 0.0235 0.0128 0.0078 0.0081 0.0138 0.0608 0.0068 0.8456 0.0055 0.0046 
      H400.3  2 0.0158 0.0154 0.0346 0.0361 0.0149 0.0772 0.1271 0.0115 0.6304 0.0142 0.0226 
      H400.4  2 0.0056 0.0153 0.0137 0.0056 0.0075 0.0080 0.0101 0.0097 0.9106 0.0066 0.0074 
      H400.5  2 0.0113 0.0138 0.0347 0.0234 0.0104 0.0288 0.2464 0.0189 0.5736 0.0059 0.0328 
      H400.6  2 0.0047 0.0104 0.0071 0.0140 0.0262 0.0179 0.0189 0.0048 0.8844 0.0048 0.0067 
      H400.7  2 0.0063 0.0075 0.0187 0.0271 0.0111 0.0145 0.1266 0.0124 0.7569 0.0100 0.0088 
 H428.1_2005  2 0.0043 0.0050 0.0059 0.0040 0.0064 0.0040 0.9524 0.0050 0.0037 0.0038 0.0055 
 H428.1_2006  2 0.0056 0.0131 0.0054 0.0044 0.0099 0.0080 0.9281 0.0060 0.0058 0.0080 0.0056 
 H428.2_2005  2 0.0042 0.0047 0.0071 0.0071 0.0045 0.0048 0.9438 0.0078 0.0062 0.0045 0.0053 
 H428.2_2006  2 0.0062 0.0226 0.0077 0.0043 0.0069 0.0067 0.9128 0.0076 0.0080 0.0100 0.0073 
 H428.3_2005  2 0.0038 0.0058 0.0047 0.0058 0.0052 0.0055 0.9454 0.0059 0.0079 0.0058 0.0041 
 H428.3_2006  2 0.0044 0.0146 0.0073 0.0044 0.0069 0.0097 0.9244 0.0053 0.0089 0.0084 0.0057 
 H428.4_2005  2 0.0045 0.0057 0.0070 0.0053 0.0051 0.0042 0.9451 0.0075 0.0057 0.0050 0.0050 
 H428.4_2006  2 0.0047 0.0080 0.0034 0.0041 0.0062 0.0041 0.9517 0.0052 0.0039 0.0040 0.0048 
 H428.5_2005  2 0.0074 0.0070 0.0051 0.0039 0.0052 0.0036 0.9488 0.0055 0.0048 0.0037 0.0050 
 H428.6_2005  2 0.0037 0.0062 0.0051 0.0071 0.0079 0.0055 0.9453 0.0048 0.0044 0.0050 0.0050 
 H428.6_2006  2 0.0107 0.0109 0.0105 0.0056 0.0090 0.0047 0.9192 0.0047 0.0091 0.0046 0.0109 
      H428.7  2 0.0038 0.0053 0.0037 0.0039 0.0055 0.0041 0.9539 0.0042 0.0063 0.0047 0.0046 
      H428.8  2 0.0052 0.0062 0.0050 0.0043 0.0055 0.0058 0.9469 0.0053 0.0048 0.0050 0.0059 
      H428.9  2 0.0061 0.0065 0.0049 0.0052 0.0045 0.0042 0.9480 0.0058 0.0057 0.0050 0.0041 
      H453.1  2 0.0069 0.0532 0.0141 0.0075 0.0124 0.0060 0.0202 0.0052 0.8274 0.0347 0.0124 
      H453.2  2 0.0042 0.0076 0.0065 0.0084 0.0123 0.0079 0.0073 0.0051 0.9111 0.0178 0.0117 
      H453.3  2 0.0041 0.0095 0.0070 0.0178 0.0211 0.0054 0.0155 0.0082 0.8804 0.0245 0.0066 
      H453.4  2 0.0033 0.0083 0.0087 0.0077 0.0066 0.0062 0.0070 0.0048 0.9232 0.0139 0.0101 
      H453.5  2 0.0057 0.0210 0.0074 0.0068 0.0070 0.0055 0.0074 0.0059 0.9074 0.0093 0.0165 
      H453.6  2 0.0054 0.0243 0.0081 0.0044 0.0078 0.0044 0.0222 0.0049 0.8978 0.0104 0.0104 
      H453.7  2 0.0057 0.0875 0.0301 0.1386 0.1195 0.0082 0.0216 0.0175 0.1038 0.4567 0.0110 
      H453.8  2 0.0058 0.0350 0.0187 0.0490 0.0181 0.0072 0.0067 0.0173 0.2629 0.5585 0.0209 
      H453.9  2 0.0050 0.1477 0.0158 0.0225 0.0385 0.0059 0.0144 0.0052 0.4920 0.2419 0.0111 
      H512.1  2 0.0054 0.0173 0.0090 0.0130 0.0273 0.0119 0.1579 0.0138 0.5252 0.1019 0.1172 
     H512.10  2 0.0874 0.0995 0.0194 0.0336 0.0115 0.0281 0.1630 0.0143 0.0964 0.2027 0.2441 
      H512.2  2 0.0166 0.0185 0.0160 0.0261 0.0140 0.0270 0.2123 0.0352 0.0227 0.5186 0.0930 
      H512.3  2 0.0281 0.0170 0.0314 0.0152 0.0087 0.0649 0.1010 0.0194 0.0642 0.2459 0.4041 
      H512.4  2 0.0182 0.1172 0.0207 0.0428 0.0084 0.0213 0.1182 0.0354 0.1953 0.3947 0.0278 
      H512.5  2 0.0331 0.0143 0.0483 0.0158 0.0082 0.0537 0.0737 0.0169 0.0269 0.2420 0.4674 
      H512.6  2 0.0061 0.0126 0.0235 0.0331 0.0111 0.0389 0.0290 0.0281 0.1019 0.5535 0.1622 
      H512.7  2 0.0169 0.0286 0.0378 0.0070 0.0099 0.0488 0.0272 0.0088 0.0393 0.0406 0.7351 
      H512.8  2 0.0093 0.0137 0.0202 0.0168 0.0115 0.0729 0.0575 0.0927 0.0441 0.5036 0.1577 
      H512.9  2 0.0172 0.0208 0.0187 0.0180 0.0472 0.0399 0.0914 0.0086 0.0666 0.0953 0.5763 
      H513.1  2 0.0066 0.0064 0.0066 0.0054 0.0049 0.0070 0.9391 0.0052 0.0061 0.0083 0.0044 
      H513.2  2 0.0062 0.0166 0.0120 0.0125 0.0115 0.0062 0.8967 0.0134 0.0117 0.0089 0.0042 
      H513.3  2 0.0041 0.0073 0.0059 0.0065 0.0062 0.0057 0.9361 0.0052 0.0070 0.0102 0.0058 
      H513.4  2 0.0044 0.0411 0.0173 0.0081 0.0166 0.0155 0.8173 0.0185 0.0365 0.0153 0.0094 
      H513.5  2 0.0064 0.0080 0.0119 0.0047 0.0064 0.0063 0.9258 0.0046 0.0088 0.0064 0.0106 
      H513.6  2 0.1334 0.0202 0.0415 0.0122 0.0148 0.0071 0.7086 0.0135 0.0233 0.0158 0.0096 
      H532.1  2 0.0251 0.4600 0.1123 0.0250 0.0136 0.0189 0.2229 0.0190 0.0390 0.0348 0.0293 
      H532.2  2 0.0126 0.1009 0.0238 0.0426 0.0357 0.0077 0.1591 0.0930 0.4800 0.0334 0.0112 
      H532.3  2 0.0052 0.0922 0.0198 0.0336 0.0251 0.0051 0.0321 0.0434 0.6438 0.0780 0.0217 
      H532.4  2 0.0146 0.6081 0.0129 0.1014 0.0333 0.0082 0.0479 0.0114 0.0788 0.0721 0.0112 
      H532.5  2 0.0266 0.0564 0.0878 0.0338 0.0204 0.0082 0.6349 0.0541 0.0340 0.0208 0.0229 
      H532.6  2 0.0122 0.1764 0.0149 0.0499 0.0135 0.0094 0.0507 0.0083 0.5832 0.0657 0.0159 
      H532.7  2 0.0152 0.7139 0.0279 0.0110 0.0107 0.0054 0.0559 0.0224 0.0625 0.0237 0.0514 
      H532.8  2 0.0266 0.5768 0.1027 0.0194 0.0245 0.0097 0.0709 0.0814 0.0315 0.0345 0.0219 
      H543.1  2 0.9239 0.0059 0.0052 0.0073 0.0078 0.0038 0.0146 0.0078 0.0112 0.0053 0.0070 
      H543.2  2 0.8141 0.0105 0.0147 0.0124 0.0162 0.0063 0.0524 0.0308 0.0302 0.0043 0.0080 
      H543.3  2 0.9180 0.0083 0.0068 0.0066 0.0133 0.0047 0.0094 0.0075 0.0124 0.0042 0.0089 
      H543.4  2 0.9257 0.0059 0.0052 0.0077 0.0083 0.0052 0.0067 0.0141 0.0085 0.0067 0.0059 
      H543.5  2 0.9288 0.0056 0.0067 0.0070 0.0073 0.0060 0.0097 0.0110 0.0074 0.0051 0.0053 
      H543.6  2 0.7776 0.0085 0.0240 0.0320 0.0960 0.0037 0.0100 0.0155 0.0160 0.0083 0.0081 
      H543.7  2 0.9543 0.0038 0.0044 0.0041 0.0063 0.0048 0.0037 0.0067 0.0042 0.0037 0.0041 
      H543.8  2 0.8333 0.0171 0.0214 0.0084 0.0223 0.0070 0.0523 0.0106 0.0139 0.0059 0.0080 
      H543.9  2 0.8992 0.0073 0.0104 0.0062 0.0286 0.0051 0.0102 0.0111 0.0095 0.0045 0.0077 
 H545.1_2005  2 0.9599 0.0035 0.0045 0.0044 0.0041 0.0037 0.0039 0.0035 0.0038 0.0048 0.0040 
 H545.1_2006  2 0.9396 0.0068 0.0042 0.0051 0.0048 0.0067 0.0066 0.0070 0.0055 0.0062 0.0073 
 H545.2_2005  2 0.9188 0.0076 0.0090 0.0080 0.0072 0.0159 0.0066 0.0064 0.0051 0.0061 0.0093 
 H545.2_2006  2 0.9494 0.0041 0.0071 0.0047 0.0042 0.0038 0.0076 0.0047 0.0059 0.0042 0.0045 
 H545.3_2005  2 0.9188 0.0047 0.0100 0.0107 0.0072 0.0082 0.0047 0.0089 0.0056 0.0077 0.0134 
 H545.3_2006  2 0.9473 0.0067 0.0058 0.0045 0.0050 0.0067 0.0066 0.0044 0.0042 0.0047 0.0041 
 H545.4_2005  2 0.9227 0.0055 0.0070 0.0107 0.0063 0.0089 0.0057 0.0126 0.0050 0.0068 0.0089 
 H545.4_2006  2 0.9396 0.0045 0.0057 0.0059 0.0058 0.0099 0.0053 0.0065 0.0043 0.0052 0.0072 
 H545.5_2005  2 0.9348 0.0074 0.0078 0.0048 0.0055 0.0074 0.0113 0.0045 0.0051 0.0046 0.0069 
 H545.5_2006  2 0.9265 0.0061 0.0089 0.0080 0.0059 0.0058 0.0108 0.0071 0.0056 0.0051 0.0103 
 H545.6_2005  2 0.9587 0.0038 0.0059 0.0045 0.0030 0.0039 0.0039 0.0041 0.0036 0.0044 0.0042 
 H545.6_2006  2 0.9461 0.0044 0.0066 0.0067 0.0046 0.0063 0.0046 0.0057 0.0038 0.0049 0.0062 
 H545.7_2005  2 0.9465 0.0052 0.0091 0.0055 0.0034 0.0046 0.0067 0.0043 0.0047 0.0050 0.0049 
 H545.7_2006  2 0.9307 0.0069 0.0082 0.0063 0.0061 0.0117 0.0074 0.0053 0.0056 0.0061 0.0056 
 H545.8_2005  2 0.9048 0.0084 0.0069 0.0104 0.0060 0.0078 0.0213 0.0105 0.0061 0.0075 0.0105 
 H545.8_2006  2 0.9511 0.0045 0.0053 0.0046 0.0042 0.0043 0.0061 0.0041 0.0047 0.0051 0.0059 
      H545.9  2 0.9378 0.0053 0.0079 0.0074 0.0062 0.0048 0.0069 0.0061 0.0045 0.0051 0.0080 
      H547.1  2 0.0190 0.0136 0.0141 0.0134 0.1080 0.0158 0.0840 0.2055 0.4799 0.0152 0.0316 
      H547.2  2 0.0105 0.0219 0.0114 0.0142 0.0313 0.0854 0.0338 0.3259 0.4451 0.0120 0.0087 
      H547.3  2 0.0267 0.0078 0.0177 0.0235 0.0161 0.0125 0.0222 0.2485 0.2230 0.3542 0.0479 
      H547.4  2 0.0130 0.0447 0.0165 0.0211 0.0331 0.0261 0.0273 0.3807 0.3181 0.0740 0.0454 
      H547.5  2 0.0078 0.0044 0.0086 0.0094 0.0297 0.0188 0.0415 0.5922 0.2541 0.0188 0.0148 
      H547.6  2 0.0744 0.0064 0.0123 0.0170 0.0143 0.0104 0.0184 0.1738 0.6535 0.0070 0.0126 
      H547.7  2 0.0339 0.0136 0.0186 0.0400 0.0138 0.0123 0.0242 0.2817 0.3631 0.1042 0.0948 
      H547.8  2 0.0273 0.0081 0.0168 0.0169 0.0678 0.0111 0.0670 0.2868 0.4645 0.0103 0.0233 
      H548.1  2 0.9324 0.0056 0.0082 0.0114 0.0037 0.0068 0.0072 0.0074 0.0056 0.0045 0.0074 
      H548.2  2 0.9154 0.0062 0.0100 0.0093 0.0056 0.0082 0.0100 0.0103 0.0058 0.0076 0.0117 
      H548.3  2 0.9277 0.0063 0.0093 0.0148 0.0057 0.0066 0.0067 0.0052 0.0057 0.0054 0.0067 
      H548.4  2 0.7736 0.0362 0.0438 0.0461 0.0081 0.0307 0.0121 0.0138 0.0119 0.0095 0.0143 
      H548.5  2 0.9418 0.0076 0.0057 0.0054 0.0039 0.0082 0.0059 0.0069 0.0044 0.0049 0.0052 
      H548.6  2 0.9161 0.0063 0.0120 0.0113 0.0039 0.0097 0.0093 0.0062 0.0041 0.0058 0.0153 
      H548.7  2 0.9313 0.0068 0.0070 0.0108 0.0053 0.0079 0.0083 0.0068 0.0054 0.0048 0.0056 
      H548.8  2 0.9242 0.0087 0.0088 0.0072 0.0072 0.0072 0.0049 0.0064 0.0080 0.0078 0.0096 
      H548.9  2 0.8730 0.0157 0.0160 0.0180 0.0122 0.0098 0.0065 0.0094 0.0138 0.0086 0.0170 
     H7389.1  2 0.0067 0.0080 0.0122 0.0091 0.0079 0.0059 0.9157 0.0090 0.0093 0.0104 0.0059 
     H7389.2  2 0.0167 0.0069 0.0060 0.0056 0.0050 0.0041 0.9265 0.0101 0.0071 0.0058 0.0061 
     H7389.3  2 0.0072 0.0067 0.0048 0.0038 0.0045 0.0036 0.9466 0.0095 0.0045 0.0038 0.0049 
     H7389.4  2 0.0192 0.0094 0.0099 0.0060 0.0116 0.0058 0.9129 0.0045 0.0078 0.0070 0.0059 
     H7389.5  2 0.0065 0.0090 0.0199 0.0092 0.0078 0.0075 0.9063 0.0055 0.0096 0.0117 0.0070 
     H7389.6  2 0.0043 0.0180 0.0497 0.0046 0.0035 0.0079 0.8843 0.0062 0.0087 0.0055 0.0074 
     H7389.7  2 0.0095 0.0080 0.0066 0.0039 0.0039 0.0056 0.9386 0.0094 0.0056 0.0040 0.0049 
     H7389.8  2 0.0182 0.0111 0.0179 0.0143 0.0081 0.0083 0.8813 0.0077 0.0104 0.0137 0.0091 
     H7389.9  2 0.0077 0.0104 0.0075 0.0053 0.0050 0.0041 0.9374 0.0050 0.0076 0.0044 0.0057 
      H747.1  2 0.0135 0.0168 0.5414 0.0189 0.0310 0.0337 0.0601 0.1455 0.0205 0.0181 0.1006 
      H747.2  2 0.0070 0.0053 0.9132 0.0098 0.0048 0.0130 0.0078 0.0093 0.0079 0.0079 0.0139 
      H747.3  2 0.0098 0.0109 0.7833 0.0195 0.0125 0.0212 0.0098 0.0163 0.0230 0.0148 0.0788 
      H747.4  2 0.0067 0.0105 0.7153 0.0158 0.0087 0.0637 0.0074 0.0382 0.0095 0.0251 0.0990 
      H747.5  2 0.0057 0.0052 0.8546 0.0112 0.0060 0.0212 0.0069 0.0104 0.0094 0.0080 0.0612 
      H747.6  2 0.0152 0.0086 0.8806 0.0089 0.0081 0.0112 0.0168 0.0204 0.0115 0.0097 0.0092 
      H747.7  2 0.0079 0.0067 0.8662 0.0168 0.0119 0.0121 0.0140 0.0123 0.0140 0.0111 0.0270 
     H7484.1  2 0.0064 0.3044 0.0622 0.0147 0.3797 0.0659 0.0456 0.0092 0.0161 0.0808 0.0150 
     H7484.2  2 0.0062 0.1553 0.0944 0.0771 0.2871 0.1754 0.0073 0.0216 0.0328 0.1143 0.0284 
     H7484.3  2 0.0105 0.2712 0.0725 0.0868 0.0960 0.1846 0.0147 0.0261 0.0183 0.1898 0.0294 
     H7484.4  2 0.0060 0.1149 0.0714 0.0213 0.4511 0.1186 0.0229 0.0161 0.0516 0.1101 0.0160 
     H7484.5  2 0.0111 0.3557 0.1473 0.2309 0.0234 0.0861 0.0227 0.0218 0.0428 0.0410 0.0172 
     H7484.6  2 0.0110 0.0377 0.2114 0.1551 0.0113 0.2982 0.0198 0.0385 0.0221 0.1224 0.0724 
     H7484.7  2 0.0054 0.2359 0.1017 0.2157 0.1201 0.0277 0.0180 0.0069 0.0133 0.2047 0.0507 
     H7484.8  2 0.0053 0.2666 0.0621 0.0901 0.0193 0.1957 0.2290 0.0159 0.0416 0.0623 0.0119 
     H7485.1  2 0.9131 0.0083 0.0071 0.0121 0.0119 0.0086 0.0104 0.0081 0.0068 0.0075 0.0060 
     H7485.2  2 0.9160 0.0064 0.0132 0.0057 0.0167 0.0063 0.0147 0.0036 0.0083 0.0050 0.0041 
     H7485.3  2 0.9412 0.0056 0.0062 0.0053 0.0040 0.0120 0.0069 0.0053 0.0038 0.0051 0.0046 
     H7485.4  2 0.9127 0.0068 0.0158 0.0092 0.0178 0.0056 0.0088 0.0037 0.0098 0.0060 0.0039 
     H7485.5  2 0.8985 0.0116 0.0097 0.0175 0.0126 0.0094 0.0103 0.0078 0.0057 0.0097 0.0073 
     H7485.6  2 0.8954 0.0160 0.0082 0.0186 0.0152 0.0067 0.0147 0.0075 0.0065 0.0062 0.0051 
     H7485.7  2 0.9183 0.0079 0.0068 0.0119 0.0058 0.0152 0.0059 0.0074 0.0052 0.0080 0.0076 
     H7496.1  2 0.0064 0.0456 0.0194 0.0110 0.0175 0.0278 0.3246 0.0304 0.2754 0.2215 0.0204 
    H7496.10  2 0.0059 0.0284 0.0089 0.0084 0.0474 0.0128 0.0214 0.0102 0.8360 0.0147 0.0059 
    H7496.11  2 0.7057 0.0647 0.0448 0.0084 0.0100 0.0334 0.0234 0.0198 0.0288 0.0256 0.0353 
     H7496.2  2 0.0047 0.0166 0.0164 0.0096 0.0154 0.0136 0.0065 0.0088 0.8735 0.0266 0.0083 
     H7496.3  2 0.0070 0.2812 0.0329 0.0149 0.0610 0.0232 0.0195 0.0191 0.1879 0.3394 0.0138 
     H7496.4  2 0.0053 0.0134 0.0093 0.0063 0.0060 0.0118 0.0055 0.0083 0.9135 0.0139 0.0066 
     H7496.5  2 0.0079 0.0259 0.0104 0.0095 0.0083 0.0257 0.0168 0.0180 0.6083 0.2507 0.0184 
     H7496.6  2 0.0044 0.0161 0.0105 0.0100 0.0131 0.0116 0.0130 0.0084 0.3421 0.5504 0.0204 
     H7496.7  2 0.0060 0.0207 0.0106 0.0099 0.0220 0.0114 0.0105 0.0073 0.8739 0.0199 0.0079 
     H7496.8  2 0.0090 0.0216 0.0187 0.0171 0.0176 0.0137 0.0082 0.0103 0.3826 0.4940 0.0071 
        UNK4  2 0.0428 0.0136 0.2001 0.1014 0.0072 0.0179 0.4176 0.0268 0.0770 0.0833 0.0124 
        UNK5  2 0.0416 0.0452 0.0468 0.0223 0.0658 0.0422 0.6619 0.0189 0.0235 0.0248 0.0070 
        UNK6  2 0.0138 0.0241 0.0637 0.0670 0.0106 0.0179 0.5861 0.0493 0.0981 0.0550 0.0144 
        UNK7  2 0.1150 0.0195 0.0136 0.0117 0.0141 0.0180 0.7657 0.0125 0.0093 0.0156 0.0051 
        UNK8  2 0.0986 0.0128 0.0158 0.0283 0.0075 0.0109 0.7429 0.0081 0.0359 0.0320 0.0072 
        UNK9  2 0.0907 0.0853 0.2535 0.0150 0.0102 0.0207 0.4283 0.0097 0.0336 0.0449 0.0081 
      H009.1  4 0.0049 0.0069 0.0066 0.9268 0.0074 0.0061 0.0058 0.0066 0.0065 0.0069 0.0154 
      H009.2  4 0.0055 0.0078 0.0454 0.6797 0.0165 0.0190 0.0058 0.0116 0.0405 0.0353 0.1330 
      H009.3  4 0.0051 0.0081 0.0078 0.9070 0.0115 0.0052 0.0049 0.0070 0.0101 0.0134 0.0200 
      H009.4  4 0.0077 0.0096 0.0133 0.8588 0.0051 0.0131 0.0065 0.0085 0.0111 0.0135 0.0527 
      H009.5  4 0.0393 0.0085 0.1038 0.5718 0.0998 0.0167 0.0056 0.0065 0.0135 0.0984 0.0362 
      H009.6  4 0.0075 0.0126 0.0063 0.9057 0.0134 0.0095 0.0047 0.0079 0.0094 0.0131 0.0099 
      H046.4  4 0.0275 0.2475 0.0262 0.2535 0.0189 0.0456 0.0470 0.0380 0.0511 0.0781 0.1665 
      H046.8  4 0.0203 0.0466 0.0260 0.2281 0.0145 0.2678 0.0578 0.2381 0.0135 0.0201 0.0673 
 H076.1_2002  4 0.0075 0.0056 0.0086 0.0058 0.0112 0.0049 0.0063 0.9147 0.0195 0.0049 0.0111 
 H076.1_2003  4 0.0057 0.0051 0.0058 0.0062 0.0042 0.0067 0.0041 0.9460 0.0045 0.0056 0.0060 
 H076.1_2004  4 0.0056 0.0104 0.0072 0.0059 0.0073 0.0110 0.0048 0.9247 0.0061 0.0100 0.0073 
 H076.2_2002  4 0.0082 0.0058 0.0077 0.0047 0.0138 0.0076 0.0055 0.9091 0.0197 0.0047 0.0130 
 H076.2_2003  4 0.0089 0.0053 0.0091 0.0108 0.0053 0.0108 0.0052 0.9187 0.0070 0.0094 0.0094 
 H076.2_2004  4 0.0071 0.0102 0.0111 0.0110 0.0192 0.0107 0.0084 0.7700 0.0270 0.0335 0.0918 
 H076.3_2002  4 0.0087 0.0259 0.0283 0.0200 0.0284 0.0177 0.0083 0.2427 0.0449 0.2392 0.3359 
 H076.3_2003  4 0.0214 0.0050 0.0092 0.0094 0.0075 0.0154 0.0043 0.8991 0.0133 0.0074 0.0081 
