      H008.1  2 0.0066 0.0052 0.0104 0.1981 0.0064 0.0522 0.0055 0.0066 0.0359 0.0088 0.0263 0.0080 0.0086 0.3288 0.0066 0.0063 0.0070 0.2232 0.0114 0.0080 0.0063 0.0120 0.0076 0.0042 
      H008.2  2 0.0123 0.0054 0.0049 0.0072 0.0052 0.0809 0.0055 0.0037 0.0077 0.0136 0.0066 0.0418 0.0100 0.5354 0.0103 0.0069 0.0081 0.1865 0.0058 0.0059 0.0067 0.0056 0.0108 0.0133 
      H008.3  2 0.0063 0.0066 0.0107 0.0106 0.0052 0.0855 0.0157 0.0060 0.0078 0.0165 0.0090 0.0098 0.0161 0.6113 0.0054 0.0074 0.0089 0.0986 0.0058 0.0087 0.0101 0.0130 0.0158 0.0094 
      H008.4  2 0.0072 0.0115 0.0056 0.0449 0.0063 0.0159 0.0094 0.0060 0.0186 0.0065 0.0154 0.0081 0.0075 0.4587 0.0051 0.0100 0.0067 0.3089 0.0078 0.0054 0.0087 0.0075 0.0082 0.0102 
      H008.5  2 0.0057 0.0045 0.0077 0.0668 0.0049 0.0081 0.0079 0.0034 0.0090 0.0046 0.0119 0.0036 0.0059 0.5159 0.0031 0.0091 0.0068 0.2863 0.0041 0.0042 0.0059 0.0072 0.0083 0.0052 
      H008.6  2 0.0063 0.0074 0.0037 0.0104 0.0047 0.0263 0.0072 0.0033 0.0090 0.0039 0.0090 0.0123 0.0109 0.5821 0.0042 0.0063 0.0056 0.2346 0.0089 0.0056 0.0080 0.0048 0.0132 0.0126 
      H008.7  2 0.0063 0.0078 0.0072 0.0170 0.0051 0.0196 0.0064 0.0088 0.0108 0.0194 0.0191 0.0086 0.0103 0.4943 0.0094 0.0111 0.0067 0.2701 0.0096 0.0079 0.0128 0.0095 0.0077 0.0145 
      H008.8  2 0.0083 0.0076 0.0123 0.0330 0.0096 0.1703 0.0051 0.0057 0.0328 0.0183 0.0193 0.2458 0.0099 0.2320 0.0089 0.0063 0.0158 0.0604 0.0394 0.0274 0.0096 0.0100 0.0070 0.0052 
      H008.9  2 0.0087 0.0057 0.0060 0.0067 0.0054 0.0439 0.0178 0.0074 0.0041 0.0085 0.0079 0.0440 0.0421 0.5331 0.0052 0.0060 0.0084 0.1026 0.0427 0.0260 0.0165 0.0101 0.0087 0.0324 
 H029.1_2002  2 0.0068 0.0430 0.0036 0.1642 0.0183 0.0132 0.0284 0.0050 0.0288 0.0079 0.5202 0.0161 0.0055 0.0088 0.0062 0.0356 0.0047 0.0121 0.0221 0.0124 0.0101 0.0059 0.0063 0.0147 
 H029.1_2003  2 0.0133 0.0098 0.0069 0.0067 0.0105 0.0066 0.0167 0.0047 0.0084 0.0067 0.5463 0.0276 0.0068 0.0721 0.0069 0.1079 0.0068 0.0066 0.0155 0.0150 0.0495 0.0235 0.0152 0.0101 
 H029.2_2002  2 0.0053 0.0079 0.0047 0.1011 0.0105 0.0063 0.0043 0.0039 0.0079 0.0143 0.6484 0.0036 0.0070 0.0332 0.0072 0.0291 0.0070 0.0053 0.0039 0.0053 0.0464 0.0071 0.0159 0.0144 
 H029.2_2003  2 0.0194 0.0059 0.0090 0.0154 0.0261 0.0066 0.0053 0.0056 0.0040 0.0078 0.5893 0.0074 0.0079 0.0332 0.0058 0.0978 0.0174 0.0270 0.0073 0.0113 0.0295 0.0255 0.0211 0.0144 
 H029.3_2002  2 0.0094 0.0075 0.0068 0.0385 0.0073 0.0077 0.0044 0.0032 0.0031 0.0132 0.7015 0.0118 0.0059 0.0268 0.0105 0.0245 0.0069 0.0065 0.0040 0.0091 0.0363 0.0110 0.0100 0.0341 
 H029.3_2003  2 0.0153 0.0049 0.0063 0.0501 0.0113 0.0040 0.0065 0.0042 0.0170 0.0071 0.6172 0.0079 0.0114 0.0250 0.0097 0.1156 0.0059 0.0093 0.0040 0.0043 0.0164 0.0324 0.0080 0.0059 
 H029.4_2002  2 0.0046 0.0062 0.0064 0.0997 0.0036 0.0062 0.0042 0.0032 0.0186 0.0090 0.7486 0.0052 0.0040 0.0036 0.0120 0.0260 0.0032 0.0064 0.0038 0.0035 0.0060 0.0047 0.0031 0.0084 
 H029.4_2003  2 0.0075 0.0058 0.0125 0.0138 0.0073 0.0091 0.0326 0.0034 0.0067 0.0055 0.6555 0.0155 0.0060 0.0116 0.0399 0.0669 0.0112 0.0053 0.0141 0.0144 0.0223 0.0133 0.0089 0.0108 
 H029.5_2002  2 0.0052 0.0105 0.0036 0.1419 0.0110 0.0090 0.0147 0.0056 0.0804 0.0109 0.6033 0.0058 0.0051 0.0072 0.0078 0.0238 0.0038 0.0094 0.0080 0.0047 0.0136 0.0042 0.0050 0.0054 
 H029.5_2003  2 0.0047 0.0052 0.0069 0.0293 0.0043 0.0050 0.0085 0.0031 0.0128 0.0040 0.7477 0.0139 0.0051 0.0132 0.0119 0.0654 0.0034 0.0072 0.0080 0.0076 0.0084 0.0063 0.0103 0.0077 
 H029.6_2002  2 0.0042 0.0054 0.0040 0.0479 0.0033 0.0062 0.0036 0.0042 0.0049 0.0100 0.7046 0.0103 0.0032 0.0056 0.0049 0.1254 0.0043 0.0097 0.0037 0.0048 0.0094 0.0067 0.0042 0.0093 
 H029.6_2003  2 0.0125 0.0053 0.0134 0.0656 0.0409 0.0062 0.0183 0.0101 0.0150 0.0085 0.5883 0.0110 0.0057 0.0137 0.0227 0.0304 0.0103 0.0162 0.0142 0.0090 0.0426 0.0241 0.0108 0.0055 
      H029.7  2 0.0030 0.0051 0.0052 0.1489 0.0069 0.0080 0.0043 0.0029 0.0089 0.0105 0.6937 0.0035 0.0050 0.0071 0.0070 0.0164 0.0090 0.0070 0.0042 0.0055 0.0125 0.0040 0.0068 0.0146 
      H030.1  2 0.2567 0.0077 0.0101 0.0197 0.1026 0.0064 0.0155 0.0228 0.0126 0.0131 0.0254 0.0160 0.0223 0.0101 0.0285 0.0749 0.0071 0.2427 0.0078 0.0105 0.0074 0.0364 0.0401 0.0036 
      H030.2  2 0.3007 0.1593 0.0349 0.0599 0.0080 0.0187 0.0591 0.0251 0.0127 0.1322 0.0128 0.0063 0.0291 0.0084 0.0193 0.0123 0.0042 0.0095 0.0068 0.0083 0.0042 0.0080 0.0051 0.0553 
      H038.1  2 0.0045 0.0050 0.0045 0.2622 0.0046 0.0075 0.0031 0.0029 0.0067 0.0034 0.6118 0.0056 0.0034 0.0067 0.0051 0.0045 0.0065 0.0160 0.0072 0.0055 0.0049 0.0046 0.0047 0.0090 
      H038.2  2 0.0050 0.0068 0.0057 0.2606 0.0066 0.0048 0.0045 0.0086 0.0084 0.0048 0.6259 0.0033 0.0037 0.0065 0.0052 0.0049 0.0028 0.0049 0.0028 0.0059 0.0038 0.0058 0.0051 0.0038 
      H038.3  2 0.0077 0.0085 0.0116 0.2441 0.0260 0.0045 0.0051 0.0071 0.0184 0.0055 0.5687 0.0049 0.0066 0.0108 0.0091 0.0039 0.0032 0.0107 0.0068 0.0069 0.0044 0.0038 0.0057 0.0164 
      H038.4  2 0.0054 0.0068 0.0074 0.2366 0.0135 0.0055 0.0045 0.0106 0.0207 0.0045 0.5844 0.0057 0.0062 0.0088 0.0083 0.0042 0.0033 0.0282 0.0043 0.0050 0.0054 0.0049 0.0045 0.0115 
      H038.5  2 0.0080 0.0044 0.0061 0.1959 0.0066 0.0042 0.0036 0.0043 0.0034 0.0054 0.6799 0.0082 0.0040 0.0042 0.0154 0.0047 0.0025 0.0055 0.0033 0.0042 0.0056 0.0055 0.0055 0.0094 
      H038.6  2 0.0053 0.0081 0.0055 0.2681 0.0072 0.0063 0.0042 0.0029 0.0060 0.0035 0.6116 0.0043 0.0067 0.0072 0.0055 0.0063 0.0035 0.0044 0.0036 0.0072 0.0046 0.0059 0.0067 0.0053 
      H038.7  2 0.0065 0.0136 0.0053 0.3298 0.0263 0.0058 0.0034 0.0030 0.0067 0.0029 0.5247 0.0039 0.0069 0.0084 0.0096 0.0046 0.0029 0.0043 0.0035 0.0047 0.0034 0.0075 0.0059 0.0063 
      H038.8  2 0.0055 0.0065 0.0069 0.2481 0.0110 0.0043 0.0046 0.0096 0.0123 0.0051 0.5866 0.0045 0.0046 0.0056 0.0062 0.0040 0.0034 0.0094 0.0052 0.0042 0.0043 0.0036 0.0040 0.0406 
      H041.1  2 0.0057 0.0053 0.0052 0.0130 0.0104 0.0120 0.0262 0.0063 0.3948 0.1254 0.0481 0.0033 0.0235 0.0136 0.0491 0.0825 0.0060 0.1193 0.0072 0.0048 0.0102 0.0080 0.0081 0.0120 
      H041.2  2 0.0089 0.0199 0.0059 0.0089 0.0082 0.0102 0.0602 0.0059 0.4533 0.0074 0.0647 0.0074 0.0314 0.0314 0.0065 0.1113 0.0060 0.0847 0.0109 0.0066 0.0152 0.0115 0.0090 0.0147 
      H041.4  2 0.0075 0.0068 0.0054 0.0346 0.0103 0.0146 0.0345 0.0094 0.1443 0.0190 0.3036 0.0108 0.0144 0.0429 0.0204 0.1345 0.0191 0.0533 0.0221 0.0126 0.0485 0.0096 0.0061 0.0157 
      H041.6  2 0.0108 0.0113 0.0079 0.0353 0.0137 0.0099 0.0353 0.0072 0.5215 0.0250 0.0705 0.0106 0.0124 0.0101 0.0105 0.0922 0.0199 0.0127 0.0268 0.0176 0.0159 0.0082 0.0049 0.0100 
 H042.1_2002  2 0.0078 0.0106 0.1006 0.0083 0.0066 0.0629 0.0615 0.0419 0.0321 0.0077 0.0045 0.0038 0.0067 0.0080 0.0046 0.5362 0.0075 0.0208 0.0195 0.0106 0.0069 0.0068 0.0148 0.0095 
 H042.1_2003  2 0.0253 0.0126 0.0303 0.0543 0.0295 0.0253 0.0808 0.0148 0.2261 0.0116 0.0143 0.0184 0.0347 0.1287 0.0065 0.0157 0.0124 0.0629 0.0364 0.0283 0.0099 0.0147 0.0333 0.0731 
 H042.2_2002  2 0.0036 0.0727 0.0360 0.0237 0.0051 0.0216 0.0049 0.0055 0.0532 0.0073 0.0985 0.0042 0.0048 0.0051 0.0150 0.5261 0.0100 0.0050 0.0044 0.0076 0.0289 0.0172 0.0154 0.0243 
 H042.2_2003  2 0.0111 0.0052 0.0069 0.0203 0.0114 0.0371 0.1511 0.0096 0.5304 0.0030 0.0232 0.0089 0.0100 0.0216 0.0058 0.0425 0.0057 0.0329 0.0108 0.0081 0.0130 0.0092 0.0166 0.0056 
 H042.3_2002  2 0.0090 0.0411 0.4198 0.0064 0.0059 0.0154 0.0207 0.0101 0.0379 0.0049 0.0087 0.0035 0.0171 0.0056 0.0121 0.2953 0.0077 0.0086 0.0086 0.0078 0.0171 0.0110 0.0144 0.0111 
 H042.3_2003  2 0.0104 0.0215 0.3915 0.0157 0.0083 0.0365 0.0655 0.0132 0.0996 0.0262 0.0186 0.0034 0.0281 0.0066 0.0586 0.0767 0.0118 0.0151 0.0110 0.0098 0.0174 0.0177 0.0136 0.0233 
 H042.4_2002  2 0.0091 0.0051 0.0108 0.0134 0.0073 0.0178 0.1260 0.0209 0.0321 0.0059 0.0238 0.0044 0.0054 0.0076 0.0109 0.5918 0.0056 0.0314 0.0101 0.0119 0.0164 0.0076 0.0093 0.0154 
 H042.4_2003  2 0.0068 0.0067 0.0063 0.0357 0.0329 0.0219 0.0336 0.0139 0.1428 0.0161 0.0305 0.0036 0.0070 0.0046 0.0227 0.4694 0.0129 0.0516 0.0237 0.0224 0.0101 0.0050 0.0120 0.0079 
      H042.5  2 0.0042 0.0045 0.0104 0.0047 0.0059 0.0199 0.0411 0.0110 0.0178 0.0044 0.0067 0.0039 0.0067 0.0037 0.0085 0.7829 0.0111 0.0066 0.0097 0.0090 0.0074 0.0037 0.0136 0.0027 
      H042.6  2 0.0039 0.0097 0.0242 0.0184 0.0108 0.0196 0.0084 0.0078 0.0133 0.0061 0.0075 0.0038 0.0037 0.0049 0.0153 0.7332 0.0309 0.0107 0.0093 0.0291 0.0065 0.0047 0.0087 0.0094 
      H042.7  2 0.0051 0.0556 0.1216 0.0182 0.0163 0.0375 0.0201 0.0728 0.0832 0.0056 0.0140 0.0065 0.0137 0.0060 0.0102 0.3899 0.0057 0.0097 0.0266 0.0089 0.0509 0.0050 0.0116 0.0052 
      H042.8  2 0.0037 0.0274 0.0281 0.0061 0.0046 0.0407 0.0280 0.0108 0.0744 0.0026 0.0121 0.0049 0.0171 0.0065 0.0100 0.6170 0.0110 0.0094 0.0128 0.0061 0.0191 0.0082 0.0192 0.0204 
   H042_2002  2 0.0070 0.0630 0.0268 0.0285 0.0124 0.1083 0.0156 0.0069 0.3997 0.0038 0.0211 0.0080 0.0104 0.0104 0.0259 0.0325 0.0245 0.0106 0.0144 0.0871 0.0120 0.0092 0.0134 0.0487 
   H042_2003  2 0.0051 0.0652 0.0302 0.0318 0.0168 0.1426 0.0133 0.0078 0.3514 0.0037 0.0219 0.0100 0.0152 0.0080 0.0208 0.0342 0.0273 0.0081 0.0156 0.0888 0.0149 0.0092 0.0130 0.0451 
      H043.1  2 0.0084 0.0054 0.0147 0.0177 0.0129 0.0118 0.0040 0.0049 0.0115 0.0086 0.0109 0.0085 0.0213 0.0071 0.7342 0.0071 0.0098 0.0060 0.0051 0.0319 0.0035 0.0065 0.0058 0.0425 
      H043.2  2 0.0055 0.0045 0.0553 0.0390 0.0184 0.0193 0.0039 0.0042 0.0128 0.0028 0.0489 0.0212 0.0172 0.0134 0.0632 0.0060 0.1149 0.0716 0.0599 0.1450 0.0094 0.0102 0.0161 0.2373 
      H043.3  2 0.0053 0.0199 0.0427 0.2112 0.0737 0.0116 0.0049 0.0041 0.0295 0.0032 0.0241 0.0085 0.0126 0.0111 0.3717 0.0085 0.0115 0.0501 0.0209 0.0235 0.0064 0.0060 0.0109 0.0282 
      H043.4  2 0.0068 0.0087 0.0259 0.0925 0.0205 0.0144 0.0048 0.0062 0.1132 0.0046 0.0188 0.0050 0.0140 0.0086 0.3267 0.0061 0.0272 0.0319 0.0186 0.1417 0.0049 0.0077 0.0152 0.0759 
      H043.5  2 0.0073 0.0078 0.0888 0.0561 0.0206 0.0099 0.0041 0.0040 0.0738 0.0038 0.0464 0.0244 0.0377 0.0247 0.1260 0.0061 0.0063 0.0384 0.0339 0.0555 0.0075 0.0095 0.0102 0.2972 
      H043.6  2 0.0080 0.0102 0.0750 0.1060 0.0139 0.0133 0.0053 0.0050 0.0198 0.0036 0.1234 0.0100 0.0040 0.0069 0.1535 0.0091 0.0077 0.0977 0.0344 0.0294 0.0092 0.0098 0.0172 0.2277 
      H043.7  2 0.0094 0.0133 0.0366 0.0330 0.1266 0.0072 0.0035 0.0039 0.0306 0.0035 0.0190 0.0041 0.0231 0.0048 0.3488 0.0069 0.0939 0.0288 0.0674 0.0249 0.0041 0.0069 0.0067 0.0930 
      H043.8  2 0.0142 0.0124 0.1128 0.0218 0.0152 0.0192 0.0031 0.0071 0.0090 0.0063 0.0218 0.0281 0.0267 0.0074 0.5719 0.0058 0.0298 0.0128 0.0173 0.0167 0.0051 0.0123 0.0083 0.0149 
      H043.9  2 0.0055 0.0080 0.0065 0.0321 0.0074 0.0154 0.0042 0.0035 0.0090 0.0047 0.0176 0.0043 0.0034 0.0037 0.8018 0.0074 0.0090 0.0047 0.0050 0.0144 0.0033 0.0048 0.0044 0.0198 
      H047.1  2 0.0050 0.0219 0.0144 0.2927 0.0076 0.0204 0.0034 0.0037 0.3660 0.0046 0.0128 0.0035 0.1794 0.0081 0.0037 0.0051 0.0046 0.0050 0.0086 0.0044 0.0036 0.0057 0.0108 0.0052 
      H047.2  2 0.0040 0.0061 0.0037 0.0289 0.0079 0.0049 0.0030 0.0059 0.7935 0.0111 0.0233 0.0046 0.0107 0.0271 0.0102 0.0068 0.0040 0.0052 0.0057 0.0047 0.0043 0.0055 0.0149 0.0039 
      H047.3  2 0.0031 0.0054 0.0032 0.0077 0.0039 0.0033 0.0033 0.0052 0.8845 0.0072 0.0082 0.0035 0.0056 0.0087 0.0063 0.0043 0.0047 0.0048 0.0036 0.0033 0.0059 0.0047 0.0065 0.0030 
      H047.4  2 0.0051 0.0096 0.0062 0.0143 0.0124 0.0057 0.0035 0.0050 0.8095 0.0049 0.0184 0.0054 0.0186 0.0148 0.0058 0.0098 0.0046 0.0079 0.0076 0.0066 0.0080 0.0071 0.0058 0.0033 
      H047.5  2 0.0086 0.0165 0.0061 0.0189 0.0068 0.0101 0.0029 0.0069 0.8084 0.0039 0.0110 0.0033 0.0142 0.0079 0.0068 0.0055 0.0151 0.0077 0.0055 0.0061 0.0085 0.0057 0.0109 0.0027 
      H047.6  2 0.0031 0.0051 0.0030 0.0053 0.0041 0.0033 0.0030 0.0042 0.8674 0.0058 0.0089 0.0046 0.0207 0.0062 0.0089 0.0054 0.0036 0.0051 0.0091 0.0048 0.0055 0.0040 0.0041 0.0048 
      H047.7  2 0.0046 0.0231 0.0082 0.0586 0.0045 0.0168 0.0037 0.0074 0.7490 0.0080 0.0214 0.0029 0.0385 0.0046 0.0036 0.0069 0.0050 0.0044 0.0038 0.0033 0.0054 0.0043 0.0065 0.0052 
      H047.8  2 0.0034 0.0039 0.0037 0.0065 0.0039 0.0047 0.0033 0.0032 0.8826 0.0047 0.0054 0.0036 0.0157 0.0069 0.0040 0.0041 0.0052 0.0036 0.0062 0.0052 0.0040 0.0056 0.0066 0.0037 
      H047.9  2 0.0062 0.0320 0.0119 0.0489 0.0068 0.0161 0.0036 0.0207 0.7510 0.0040 0.0128 0.0023 0.0108 0.0061 0.0050 0.0068 0.0097 0.0079 0.0052 0.0051 0.0063 0.0038 0.0137 0.0033 
 H071.1_2002  2 0.0054 0.0069 0.0095 0.8093 0.0044 0.0087 0.0063 0.0039 0.0091 0.0035 0.0328 0.0035 0.0035 0.0065 0.0107 0.0052 0.0093 0.0217 0.0064 0.0084 0.0056 0.0048 0.0100 0.0047 
 H071.1_2003  2 0.0385 0.0069 0.0073 0.5816 0.0141 0.0135 0.0073 0.0053 0.0165 0.0031 0.0137 0.0045 0.0093 0.0099 0.0140 0.0075 0.0383 0.1324 0.0184 0.0118 0.0145 0.0097 0.0142 0.0076 
     H071.10  2 0.0315 0.0144 0.0704 0.3742 0.0063 0.0079 0.0037 0.0088 0.0056 0.0102 0.3815 0.0073 0.0036 0.0040 0.0227 0.0051 0.0067 0.0057 0.0040 0.0062 0.0036 0.0049 0.0038 0.0080 
 H071.2_2002  2 0.0082 0.0090 0.0129 0.4119 0.0050 0.0092 0.0042 0.0050 0.0085 0.0036 0.3126 0.0273 0.0050 0.0233 0.0065 0.0040 0.0111 0.0523 0.0278 0.0132 0.0125 0.0092 0.0100 0.0078 
 H071.2_2003  2 0.0049 0.0039 0.0049 0.8570 0.0047 0.0088 0.0064 0.0033 0.0049 0.0035 0.0145 0.0033 0.0027 0.0088 0.0053 0.0042 0.0059 0.0191 0.0049 0.0070 0.0049 0.0046 0.0094 0.0030 
      H071.3  2 0.0289 0.0070 0.0182 0.7778 0.0080 0.0133 0.0114 0.0059 0.0079 0.0085 0.0184 0.0066 0.0196 0.0083 0.0074 0.0036 0.0051 0.0076 0.0038 0.0054 0.0041 0.0089 0.0047 0.0095 
 H071.4_2002  2 0.0109 0.0134 0.0677 0.2763 0.0049 0.0076 0.0031 0.0152 0.0050 0.0046 0.4782 0.0099 0.0037 0.0048 0.0311 0.0046 0.0061 0.0088 0.0066 0.0088 0.0054 0.0063 0.0064 0.0106 
 H071.4_2003  2 0.0084 0.0060 0.0106 0.8757 0.0044 0.0160 0.0041 0.0052 0.0051 0.0031 0.0078 0.0050 0.0039 0.0053 0.0039 0.0031 0.0045 0.0037 0.0038 0.0049 0.0025 0.0059 0.0049 0.0023 
 H071.5_2002  2 0.0109 0.0048 0.0096 0.8063 0.0043 0.0078 0.0038 0.0096 0.0059 0.0089 0.0591 0.0043 0.0033 0.0043 0.0101 0.0069 0.0065 0.0086 0.0030 0.0051 0.0029 0.0047 0.0040 0.0052 
 H071.5_2003  2 0.0124 0.0112 0.0149 0.8007 0.0086 0.0501 0.0046 0.0055 0.0071 0.0035 0.0055 0.0050 0.0061 0.0071 0.0096 0.0037 0.0054 0.0047 0.0065 0.0053 0.0034 0.0099 0.0064 0.0028 
 H071.6_2002  2 0.0132 0.0312 0.0743 0.6806 0.0065 0.0129 0.0033 0.0055 0.0040 0.0056 0.0333 0.0342 0.0041 0.0102 0.0104 0.0053 0.0077 0.0097 0.0077 0.0118 0.0051 0.0128 0.0044 0.0062 
 H071.6_2003  2 0.0164 0.0083 0.0114 0.8406 0.0127 0.0181 0.0039 0.0053 0.0048 0.0038 0.0078 0.0042 0.0040 0.0044 0.0095 0.0050 0.0050 0.0064 0.0067 0.0046 0.0029 0.0058 0.0053 0.0032 
 H071.7_2002  2 0.0033 0.0072 0.0058 0.8886 0.0051 0.0065 0.0030 0.0027 0.0087 0.0025 0.0053 0.0052 0.0043 0.0083 0.0038 0.0037 0.0039 0.0072 0.0050 0.0036 0.0034 0.0046 0.0048 0.0036 
 H071.7_2003  2 0.0250 0.0067 0.0132 0.8283 0.0060 0.0137 0.0052 0.0086 0.0062 0.0042 0.0089 0.0031 0.0044 0.0054 0.0127 0.0044 0.0057 0.0061 0.0057 0.0050 0.0027 0.0078 0.0076 0.0034 
      H071.8  2 0.0055 0.0054 0.0079 0.2853 0.0053 0.0167 0.0037 0.0039 0.0097 0.0035 0.4612 0.0296 0.0064 0.0331 0.0044 0.0041 0.0139 0.0544 0.0121 0.0083 0.0079 0.0048 0.0073 0.0054 
      H071.9  2 0.0173 0.0120 0.0321 0.1259 0.0107 0.0202 0.0043 0.0110 0.0089 0.0082 0.3588 0.0399 0.0095 0.0093 0.2100 0.0143 0.0096 0.0348 0.0124 0.0176 0.0128 0.0070 0.0063 0.0074 
 H081.1_2002  2 0.0057 0.0057 0.0074 0.7977 0.0063 0.0094 0.0056 0.0109 0.0151 0.0082 0.0206 0.0033 0.0031 0.0078 0.0045 0.0069 0.0152 0.0232 0.0061 0.0053 0.0101 0.0101 0.0066 0.0053 
 H081.1_2003  2 0.0301 0.0180 0.0107 0.0347 0.0448 0.0236 0.0098 0.0110 0.0395 0.0158 0.0263 0.0115 0.0083 0.0779 0.0109 0.0656 0.0099 0.0723 0.0213 0.0830 0.0416 0.1043 0.0164 0.2128 
 H081.2_2002  2 0.0033 0.0049 0.0039 0.7514 0.0084 0.0113 0.0035 0.0102 0.0213 0.0045 0.0153 0.0054 0.0054 0.0063 0.0065 0.0078 0.0349 0.0511 0.0072 0.0081 0.0116 0.0080 0.0051 0.0046 
 H081.2_2003  2 0.5985 0.0047 0.0172 0.0163 0.0096 0.0234 0.0055 0.0095 0.0112 0.0198 0.0167 0.0256 0.0056 0.0248 0.0102 0.0165 0.0343 0.0838 0.0084 0.0300 0.0053 0.0106 0.0062 0.0064 
 H081.3_2002  2 0.0074 0.0037 0.0068 0.2400 0.0078 0.0130 0.0041 0.0081 0.0122 0.0051 0.3244 0.0149 0.0086 0.0151 0.0062 0.0053 0.0215 0.2486 0.0134 0.0121 0.0059 0.0045 0.0059 0.0056 
 H081.3_2003  2 0.3386 0.0079 0.0180 0.0094 0.0076 0.0193 0.0056 0.0148 0.0200 0.0140 0.0282 0.0637 0.0068 0.0122 0.1269 0.0195 0.0254 0.0550 0.0258 0.1336 0.0132 0.0099 0.0156 0.0088 
 H081.4_2002  2 0.0149 0.0065 0.0158 0.7485 0.0089 0.0080 0.0053 0.0099 0.0133 0.0100 0.0471 0.0098 0.0054 0.0136 0.0080 0.0086 0.0051 0.0212 0.0048 0.0077 0.0050 0.0086 0.0090 0.0048 
 H081.4_2003  2 0.2377 0.0077 0.0122 0.0144 0.0416 0.0128 0.0092 0.0206 0.0099 0.0115 0.0136 0.0174 0.0060 0.0150 0.0191 0.1215 0.0151 0.2016 0.0280 0.0663 0.0327 0.0512 0.0203 0.0145 
 H081.5_2002  2 0.0195 0.0080 0.0072 0.7517 0.0147 0.0096 0.0056 0.0047 0.0078 0.0051 0.0172 0.0080 0.0087 0.0165 0.0058 0.0115 0.0064 0.0452 0.0110 0.0112 0.0046 0.0078 0.0065 0.0056 
 H081.5_2003  2 0.0477 0.0185 0.0093 0.0357 0.0539 0.0088 0.0089 0.0118 0.0572 0.0119 0.0125 0.0111 0.0136 0.0257 0.0120 0.0444 0.0180 0.4217 0.0233 0.0208 0.0218 0.0742 0.0200 0.0172 
      H081.6  2 0.0055 0.0073 0.0068 0.8508 0.0055 0.0061 0.0049 0.0052 0.0086 0.0039 0.0087 0.0039 0.0039 0.0050 0.0038 0.0058 0.0085 0.0113 0.0063 0.0051 0.0057 0.0169 0.0058 0.0047 
      H081.7  2 0.0087 0.0055 0.0101 0.2920 0.0077 0.0087 0.0037 0.0076 0.0159 0.0046 0.0969 0.0089 0.0039 0.0130 0.0071 0.0049 0.0759 0.3858 0.0093 0.0085 0.0060 0.0062 0.0055 0.0041 
      H081.8  2 0.0422 0.0072 0.0265 0.2107 0.0134 0.0139 0.0045 0.0140 0.0100 0.0140 0.4137 0.0350 0.0064 0.0142 0.0084 0.0141 0.0083 0.0952 0.0115 0.0064 0.0060 0.0100 0.0065 0.0081 
      H083.1  2 0.0080 0.0139 0.0097 0.6337 0.0078 0.0041 0.0046 0.0061 0.0116 0.0435 0.0902 0.0091 0.0055 0.0163 0.0090 0.0417 0.0077 0.0110 0.0028 0.0058 0.0154 0.0221 0.0109 0.0096 
      H083.2  2 0.0058 0.0100 0.0054 0.5405 0.0095 0.0058 0.0041 0.0107 0.0262 0.0339 0.1580 0.0067 0.0235 0.0130 0.0562 0.0150 0.0153 0.0129 0.0096 0.0110 0.0053 0.0083 0.0076 0.0058 
      H083.4  2 0.0049 0.0127 0.0169 0.2796 0.0058 0.0119 0.0041 0.0117 0.0128 0.1549 0.2320 0.0972 0.0054 0.0161 0.0208 0.0142 0.0193 0.0254 0.0089 0.0116 0.0062 0.0098 0.0044 0.0135 
      H083.5  2 0.0064 0.0090 0.0045 0.4649 0.0091 0.0080 0.0070 0.0080 0.0151 0.0992 0.1500 0.0134 0.0082 0.0388 0.0077 0.0332 0.0118 0.0118 0.0044 0.0068 0.0443 0.0079 0.0069 0.0235 
      H083.6  2 0.0098 0.0074 0.0153 0.2829 0.0071 0.0064 0.0066 0.0111 0.0091 0.1220 0.2761 0.0272 0.0040 0.0320 0.0044 0.0219 0.0157 0.0193 0.0059 0.0079 0.0506 0.0386 0.0065 0.0123 
      H083.7  2 0.0040 0.0065 0.0173 0.2130 0.0058 0.0104 0.0045 0.0203 0.0192 0.2700 0.2871 0.0262 0.0056 0.0172 0.0109 0.0065 0.0215 0.0074 0.0101 0.0090 0.0065 0.0059 0.0061 0.0090 
      H083.8  2 0.0037 0.0063 0.0059 0.4373 0.0063 0.0063 0.0040 0.0142 0.0923 0.0364 0.2104 0.0056 0.0149 0.0160 0.0452 0.0175 0.0157 0.0074 0.0098 0.0101 0.0076 0.0082 0.0121 0.0065 
      H083.9  2 0.0057 0.0083 0.0054 0.5082 0.0063 0.0051 0.0081 0.0076 0.0202 0.1721 0.0977 0.0081 0.0084 0.0238 0.0051 0.0365 0.0073 0.0101 0.0030 0.0058 0.0216 0.0094 0.0080 0.0081 
      H084.1  2 0.6058 0.0132 0.0066 0.0056 0.0068 0.0076 0.0057 0.0125 0.0102 0.0066 0.0334 0.0077 0.0184 0.0061 0.0504 0.0189 0.0075 0.0069 0.0057 0.0287 0.0351 0.0135 0.0157 0.0714 
      H084.2  2 0.4863 0.0052 0.0136 0.0056 0.0099 0.0046 0.0039 0.0051 0.0045 0.0049 0.0567 0.0077 0.0057 0.0057 0.2301 0.0332 0.0040 0.0049 0.0057 0.0205 0.0051 0.0123 0.0114 0.0536 
      H084.3  2 0.2944 0.0391 0.0080 0.0068 0.0208 0.0068 0.0276 0.0834 0.0254 0.0128 0.0168 0.0079 0.0084 0.0095 0.0190 0.0163 0.0066 0.0084 0.0047 0.0311 0.0518 0.0414 0.0145 0.2384 
      H084.4  2 0.2635 0.0260 0.0100 0.0073 0.0617 0.0117 0.0170 0.0231 0.0163 0.0066 0.0710 0.0130 0.0512 0.0314 0.0312 0.0424 0.0033 0.0068 0.0079 0.0246 0.0275 0.0660 0.0080 0.1725 
      H084.5  2 0.5135 0.1048 0.0072 0.0048 0.0206 0.0052 0.0047 0.0169 0.0887 0.0058 0.0072 0.0086 0.0201 0.0135 0.0127 0.0091 0.0095 0.0101 0.0063 0.0082 0.0642 0.0231 0.0103 0.0252 
      H084.6  2 0.5863 0.0399 0.0065 0.0043 0.0087 0.0060 0.0067 0.0569 0.0251 0.0294 0.0136 0.0122 0.0222 0.0114 0.0107 0.0062 0.0075 0.0084 0.0054 0.0090 0.0264 0.0086 0.0058 0.0828 
      H084.7  2 0.6774 0.0060 0.0127 0.0048 0.0072 0.0086 0.0051 0.0070 0.0074 0.0049 0.0364 0.0080 0.0066 0.0057 0.0722 0.0433 0.0048 0.0064 0.0074 0.0093 0.0101 0.0264 0.0095 0.0126 
      H084.8  2 0.5691 0.0310 0.0044 0.0037 0.0103 0.0054 0.0105 0.0226 0.0246 0.0077 0.0108 0.0082 0.0358 0.0118 0.0108 0.0084 0.0070 0.0084 0.0048 0.0076 0.1237 0.0103 0.0092 0.0538 
 H085.1_2002  2 0.0056 0.0057 0.0053 0.0080 0.0042 0.0053 0.0035 0.0039 0.0033 0.0051 0.0055 0.0053 0.0033 0.0064 0.0075 0.0096 0.0181 0.8632 0.0047 0.0071 0.0041 0.0054 0.0042 0.0056 
 H085.1_2003  2 0.0069 0.0038 0.0092 0.0110 0.0061 0.0073 0.0067 0.0046 0.0060 0.0243 0.0430 0.0097 0.0054 0.0060 0.0063 0.0094 0.0064 0.7865 0.0039 0.0068 0.0051 0.0107 0.0042 0.0104 
 H085.2_2002  2 0.0086 0.0083 0.0136 0.0065 0.0054 0.0058 0.0036 0.0072 0.0044 0.0118 0.0102 0.0068 0.0032 0.0053 0.0058 0.0070 0.0092 0.8024 0.0140 0.0186 0.0102 0.0118 0.0035 0.0163 
 H085.2_2003  2 0.0075 0.0052 0.0094 0.0480 0.0097 0.0081 0.0074 0.0057 0.0064 0.0141 0.0596 0.0111 0.0175 0.0162 0.0112 0.0100 0.0050 0.7066 0.0059 0.0058 0.0037 0.0130 0.0078 0.0051 
 H085.3_2002  2 0.0043 0.0033 0.0040 0.0071 0.0062 0.0062 0.0052 0.0038 0.0100 0.0076 0.0050 0.0030 0.0040 0.0045 0.0047 0.0080 0.0184 0.8668 0.0047 0.0076 0.0047 0.0038 0.0036 0.0033 
 H085.3_2003  2 0.0107 0.0029 0.0125 0.1797 0.0219 0.0065 0.0103 0.0038 0.0107 0.0047 0.0079 0.0049 0.0078 0.0071 0.0046 0.0064 0.0049 0.6587 0.0040 0.0037 0.0030 0.0145 0.0056 0.0032 
 H085.4_2002  2 0.0079 0.0084 0.0124 0.0125 0.0054 0.0105 0.0037 0.0052 0.0049 0.0086 0.0117 0.0074 0.0030 0.0062 0.0089 0.0062 0.0077 0.8120 0.0116 0.0119 0.0086 0.0081 0.0058 0.0113 
 H085.4_2003  2 0.0227 0.0322 0.0076 0.1458 0.0156 0.0117 0.0248 0.0081 0.1884 0.0058 0.0650 0.0044 0.0059 0.0077 0.0060 0.0356 0.0054 0.3634 0.0100 0.0052 0.0055 0.0095 0.0086 0.0050 
 H085.5_2002  2 0.0036 0.0033 0.0045 0.0067 0.0059 0.0071 0.0041 0.0037 0.0063 0.0032 0.0034 0.0034 0.0040 0.0041 0.0038 0.0055 0.0202 0.8828 0.0058 0.0047 0.0041 0.0039 0.0030 0.0030 
 H085.5_2003  2 0.0181 0.0042 0.0139 0.1473 0.0091 0.0096 0.0098 0.0035 0.0046 0.0160 0.0258 0.0047 0.0062 0.0137 0.0057 0.0078 0.0081 0.6463 0.0037 0.0064 0.0036 0.0215 0.0059 0.0045 
 H085.6_2002  2 0.0046 0.0040 0.0029 0.0051 0.0045 0.0054 0.0028 0.0030 0.0038 0.0042 0.0046 0.0043 0.0045 0.0052 0.0057 0.0077 0.0107 0.8778 0.0056 0.0156 0.0048 0.0049 0.0031 0.0050 
 H085.6_2003  2 0.0084 0.0051 0.0065 0.0078 0.0891 0.0084 0.0064 0.0056 0.0323 0.0047 0.0071 0.0057 0.0144 0.0095 0.0072 0.0116 0.0052 0.7161 0.0152 0.0061 0.0079 0.0087 0.0080 0.0032 
 H085.7_2002  2 0.0084 0.0040 0.0063 0.0104 0.0096 0.0053 0.0046 0.0038 0.0062 0.0105 0.0098 0.0050 0.0067 0.0096 0.0050 0.0104 0.0110 0.8397 0.0063 0.0093 0.0034 0.0058 0.0037 0.0053 
 H085.7_2003  2 0.0067 0.0042 0.0133 0.0739 0.0087 0.0118 0.0078 0.0043 0.0434 0.0103 0.0384 0.0090 0.0072 0.0115 0.0070 0.0081 0.0070 0.6864 0.0057 0.0072 0.0062 0.0078 0.0064 0.0076 
 H085.8_2002  2 0.0080 0.0040 0.0186 0.0054 0.0102 0.0079 0.0040 0.0052 0.0059 0.0053 0.0068 0.0076 0.0046 0.0060 0.0042 0.0035 0.0066 0.8366 0.0173 0.0077 0.0071 0.0068 0.0034 0.0071 
 H085.8_2003  2 0.0117 0.0105 0.0106 0.0177 0.0126 0.0152 0.0101 0.0111 0.0249 0.0308 0.0206 0.0059 0.0074 0.0098 0.0202 0.0442 0.0067 0.6740 0.0088 0.0111 0.0080 0.0152 0.0075 0.0056 
      H085.9  2 0.0061 0.0047 0.0035 0.0087 0.0057 0.0059 0.0045 0.0046 0.0051 0.0055 0.0064 0.0053 0.0039 0.0059 0.0059 0.0093 0.0106 0.8659 0.0052 0.0061 0.0047 0.0044 0.0047 0.0077 
      H088.1  2 0.0063 0.0043 0.0098 0.0068 0.0054 0.0123 0.0163 0.0194 0.0038 0.0121 0.0179 0.0308 0.0047 0.0338 0.0078 0.6081 0.0176 0.0127 0.0127 0.0412 0.0865 0.0097 0.0115 0.0084 
      H088.2  2 0.0052 0.0112 0.0101 0.0061 0.0090 0.0063 0.0061 0.0135 0.0072 0.0089 0.0076 0.0099 0.0048 0.0112 0.0081 0.7429 0.0207 0.0108 0.0134 0.0213 0.0413 0.0105 0.0080 0.0058 
      H088.3  2 0.0044 0.0088 0.0048 0.0054 0.0069 0.0070 0.0066 0.0068 0.0048 0.0074 0.0056 0.0166 0.0063 0.0213 0.0062 0.7919 0.0098 0.0048 0.0141 0.0174 0.0223 0.0095 0.0061 0.0053 
      H088.4  2 0.0127 0.0055 0.0037 0.0048 0.0106 0.0064 0.0175 0.0032 0.0039 0.0028 0.0256 0.0083 0.0040 0.0075 0.0059 0.8309 0.0042 0.0048 0.0062 0.0067 0.0083 0.0063 0.0062 0.0041 
      H088.5  2 0.0055 0.0045 0.0059 0.0032 0.0043 0.0042 0.0085 0.0041 0.0036 0.0040 0.0104 0.0078 0.0046 0.0063 0.0044 0.8719 0.0048 0.0048 0.0062 0.0067 0.0109 0.0044 0.0056 0.0034 
      H088.6  2 0.0066 0.0048 0.0073 0.0049 0.0053 0.0055 0.0091 0.0054 0.0076 0.0057 0.0158 0.0230 0.0071 0.0167 0.0039 0.8118 0.0049 0.0061 0.0069 0.0101 0.0140 0.0054 0.0079 0.0042 
      H088.7  2 0.0056 0.0091 0.0035 0.0058 0.0072 0.0061 0.0066 0.0041 0.0064 0.0043 0.0151 0.0067 0.0065 0.0101 0.0098 0.8409 0.0053 0.0136 0.0047 0.0051 0.0088 0.0049 0.0056 0.0044 
      H088.8  2 0.0094 0.0057 0.0085 0.0084 0.0060 0.0108 0.0298 0.0080 0.0079 0.0061 0.0949 0.0392 0.0106 0.0295 0.0071 0.6517 0.0057 0.0123 0.0065 0.0099 0.0102 0.0084 0.0076 0.0059 
      H091.1  2 0.0079 0.0065 0.0383 0.0180 0.0146 0.0083 0.2158 0.0068 0.0310 0.0164 0.0082 0.0043 0.0070 0.0095 0.0251 0.3816 0.0040 0.1434 0.0057 0.0056 0.0065 0.0128 0.0121 0.0106 
      H091.2  2 0.0035 0.0064 0.0384 0.0094 0.0069 0.0236 0.0157 0.0141 0.1582 0.0191 0.0102 0.0061 0.0112 0.0190 0.0144 0.5183 0.0030 0.0810 0.0063 0.0050 0.0031 0.0167 0.0074 0.0030 
      H109.1  2 0.0345 0.0280 0.0114 0.0098 0.0078 0.0455 0.0101 0.0128 0.0592 0.0757 0.0466 0.0654 0.0929 0.0068 0.3599 0.0089 0.0236 0.0064 0.0079 0.0124 0.0159 0.0174 0.0117 0.0295 
      H109.2  2 0.2622 0.0313 0.0089 0.0252 0.0348 0.1718 0.0100 0.0203 0.0156 0.0130 0.0394 0.0157 0.0672 0.0047 0.1284 0.0104 0.0073 0.0033 0.0277 0.0139 0.0107 0.0589 0.0053 0.0139 
      H109.3  2 0.0385 0.0109 0.0160 0.0121 0.0288 0.0244 0.0127 0.0191 0.0322 0.0071 0.0156 0.0083 0.3213 0.0196 0.2510 0.0213 0.0049 0.0061 0.0070 0.0100 0.0283 0.0787 0.0167 0.0092 
      H109.4  2 0.0971 0.0125 0.0284 0.0143 0.0331 0.0644 0.0845 0.0135 0.0116 0.0098 0.0448 0.0326 0.0853 0.0085 0.3224 0.0084 0.0073 0.0056 0.0205 0.0212 0.0105 0.0337 0.0107 0.0196 
      H109.5  2 0.0790 0.0128 0.0089 0.0796 0.0206 0.1699 0.0151 0.0093 0.0899 0.0051 0.0384 0.0063 0.0629 0.0143 0.1530 0.0608 0.0052 0.0086 0.0086 0.0062 0.0771 0.0519 0.0119 0.0045 
      H109.6  2 0.1663 0.0429 0.0104 0.0167 0.0322 0.1346 0.0093 0.0366 0.0262 0.0106 0.0389 0.0980 0.0756 0.0382 0.1255 0.0112 0.0069 0.0064 0.0251 0.0178 0.0189 0.0201 0.0084 0.0231 
      H126.1  2 0.0075 0.1663 0.0400 0.0085 0.0325 0.0668 0.0157 0.0070 0.0175 0.0076 0.0549 0.0163 0.0097 0.0143 0.0319 0.0208 0.1712 0.0062 0.1276 0.0525 0.0119 0.0666 0.0385 0.0083 
      H126.2  2 0.0113 0.0444 0.0577 0.0727 0.0437 0.0711 0.0143 0.0086 0.0287 0.0150 0.0508 0.0081 0.0371 0.0744 0.0100 0.0186 0.0578 0.0179 0.0742 0.1162 0.0064 0.1055 0.0156 0.0400 
      H126.3  2 0.0039 0.3692 0.0191 0.0140 0.0039 0.0084 0.0070 0.0041 0.0191 0.0216 0.0622 0.0140 0.0040 0.0698 0.0126 0.1409 0.0153 0.0073 0.0151 0.0801 0.0085 0.0878 0.0050 0.0072 
      H126.4  2 0.0120 0.0309 0.0622 0.0355 0.0222 0.0214 0.0172 0.0079 0.0180 0.0187 0.1243 0.0113 0.0178 0.0128 0.0157 0.0315 0.0220 0.0052 0.3547 0.0188 0.0233 0.0819 0.0200 0.0145 
      H126.5  2 0.0050 0.0664 0.0943 0.1608 0.0344 0.2608 0.0067 0.0081 0.0163 0.0072 0.0352 0.0082 0.0053 0.0456 0.0068 0.0066 0.0199 0.0110 0.0996 0.0254 0.0070 0.0373 0.0250 0.0070 
      H126.6  2 0.0036 0.2755 0.0064 0.0793 0.0125 0.0446 0.0035 0.0041 0.0219 0.0060 0.0331 0.0051 0.0060 0.0609 0.0083 0.0509 0.1080 0.0466 0.0118 0.1472 0.0044 0.0497 0.0063 0.0043 
      H126.7  2 0.0063 0.0222 0.0276 0.5274 0.0200 0.0203 0.0177 0.0067 0.0315 0.0072 0.0658 0.0078 0.0053 0.0128 0.0083 0.1048 0.0493 0.0074 0.0071 0.0131 0.0049 0.0146 0.0089 0.0029 
      H130.1  2 0.0123 0.0060 0.0070 0.0050 0.0163 0.0173 0.0181 0.0112 0.0135 0.0100 0.0115 0.0256 0.0178 0.0112 0.0234 0.0347 0.0062 0.1024 0.1869 0.4083 0.0144 0.0163 0.0195 0.0053 
      H130.2  2 0.2273 0.0046 0.0063 0.0193 0.0171 0.0073 0.0098 0.0203 0.0165 0.0385 0.0194 0.0572 0.0289 0.0139 0.0231 0.0325 0.0111 0.2000 0.0888 0.0564 0.0072 0.0571 0.0298 0.0075 
      H130.3  2 0.0660 0.0049 0.0078 0.0246 0.0098 0.0085 0.0263 0.0111 0.0120 0.0038 0.0226 0.0139 0.0075 0.0088 0.0281 0.0139 0.0059 0.0148 0.0132 0.2392 0.0082 0.2152 0.2291 0.0047 
      H130.4  2 0.0207 0.0061 0.0074 0.0055 0.0085 0.0123 0.0159 0.0237 0.0108 0.0153 0.0127 0.0447 0.0128 0.0094 0.0419 0.0323 0.0084 0.0731 0.2366 0.2581 0.0100 0.0143 0.0934 0.0259 
      H130.5  2 0.0447 0.0040 0.0074 0.0236 0.0214 0.0070 0.0095 0.0165 0.0084 0.0121 0.0160 0.0144 0.0078 0.0075 0.0165 0.0483 0.0093 0.4909 0.0609 0.0966 0.0116 0.0553 0.0067 0.0035 
      H133.1  2 0.0124 0.0046 0.0050 0.0093 0.0100 0.0138 0.0051 0.0056 0.0235 0.0072 0.0273 0.0050 0.0115 0.0046 0.7398 0.0100 0.0096 0.0063 0.0259 0.0072 0.0067 0.0217 0.0122 0.0156 
      H133.2  2 0.0810 0.0085 0.0045 0.0070 0.0268 0.0232 0.0071 0.0058 0.0257 0.0054 0.0077 0.0087 0.0272 0.0116 0.5535 0.0272 0.0249 0.0231 0.0324 0.0414 0.0144 0.0125 0.0128 0.0075 
      H133.3  2 0.0098 0.0075 0.0058 0.0093 0.0081 0.0111 0.0064 0.0074 0.0210 0.0089 0.0444 0.0042 0.0075 0.0054 0.6848 0.0313 0.0158 0.0272 0.0101 0.0086 0.0181 0.0112 0.0091 0.0272 
      H133.4  2 0.0102 0.0042 0.0043 0.0085 0.0081 0.0141 0.0046 0.0057 0.0197 0.0048 0.0074 0.0075 0.0241 0.0075 0.7880 0.0083 0.0081 0.0152 0.0102 0.0068 0.0054 0.0076 0.0096 0.0100 
      H133.5  2 0.0146 0.0054 0.0092 0.0062 0.0135 0.0067 0.0044 0.0038 0.0036 0.0081 0.0078 0.0086 0.0077 0.0053 0.7274 0.0378 0.0256 0.0214 0.0116 0.0181 0.0049 0.0315 0.0099 0.0070 
      H133.6  2 0.0215 0.0087 0.0079 0.0057 0.0194 0.0149 0.0077 0.0074 0.0162 0.0090 0.0193 0.0135 0.0082 0.0046 0.6174 0.0734 0.0155 0.0210 0.0312 0.0345 0.0112 0.0143 0.0113 0.0060 
      H133.7  2 0.0065 0.0051 0.0051 0.0082 0.0110 0.0084 0.0077 0.0110 0.0971 0.0071 0.0147 0.0048 0.0212 0.0052 0.5908 0.0087 0.0098 0.1040 0.0096 0.0062 0.0110 0.0046 0.0102 0.0319 
      H133.8  2 0.0072 0.0068 0.0201 0.0064 0.0050 0.0061 0.0038 0.0039 0.0130 0.0073 0.0183 0.0049 0.0120 0.0050 0.7351 0.0076 0.0537 0.0200 0.0075 0.0106 0.0077 0.0104 0.0122 0.0155 
      H133.9  2 0.0092 0.0042 0.0044 0.0106 0.0076 0.0073 0.0057 0.0053 0.0199 0.0068 0.0300 0.0035 0.0078 0.0046 0.7566 0.0075 0.0094 0.0099 0.0223 0.0079 0.0080 0.0183 0.0168 0.0163 
      H147.1  2 0.0750 0.0125 0.0040 0.4942 0.0228 0.0222 0.0408 0.0121 0.0380 0.0143 0.0099 0.0047 0.0216 0.0170 0.0047 0.0087 0.0150 0.1099 0.0121 0.0061 0.0200 0.0207 0.0035 0.0101 
      H147.2  2 0.0182 0.0071 0.0039 0.7435 0.0185 0.0048 0.0076 0.0056 0.0141 0.0048 0.0057 0.0040 0.0037 0.0128 0.0034 0.0093 0.0074 0.0648 0.0102 0.0046 0.0075 0.0302 0.0045 0.0037 
      H147.3  2 0.0139 0.0052 0.0034 0.7707 0.0068 0.0097 0.0050 0.0050 0.0079 0.0038 0.0071 0.0024 0.0045 0.0097 0.0035 0.0033 0.0128 0.0345 0.0069 0.0032 0.0052 0.0682 0.0038 0.0034 
      H147.4  2 0.0375 0.0041 0.0034 0.6228 0.0057 0.0069 0.0145 0.0041 0.0062 0.0060 0.0063 0.0036 0.0071 0.0110 0.0028 0.0031 0.0061 0.2101 0.0033 0.0032 0.0034 0.0136 0.0039 0.0114 
      H147.5  2 0.0339 0.0074 0.0052 0.5520 0.0247 0.0100 0.0267 0.0062 0.0114 0.0140 0.0095 0.0070 0.0092 0.0179 0.0038 0.0501 0.0149 0.0077 0.0063 0.0072 0.0155 0.1498 0.0052 0.0044 
      H147.6  2 0.0887 0.0112 0.0055 0.5221 0.0213 0.0088 0.0277 0.0047 0.0173 0.0100 0.0074 0.0071 0.0117 0.0167 0.0037 0.0611 0.0065 0.0110 0.0056 0.0050 0.0091 0.1270 0.0054 0.0052 
      H147.7  2 0.0492 0.0063 0.0055 0.6540 0.0110 0.0172 0.0224 0.0046 0.0281 0.0093 0.0088 0.0043 0.0178 0.0143 0.0037 0.0034 0.0048 0.0711 0.0046 0.0028 0.0075 0.0260 0.0047 0.0185 
      H147.8  2 0.0842 0.0079 0.0060 0.5767 0.0089 0.0094 0.0202 0.0029 0.0081 0.0133 0.0099 0.0090 0.0113 0.0115 0.0040 0.0285 0.0061 0.1011 0.0033 0.0045 0.0079 0.0396 0.0037 0.0218 
      H147.9  2 0.0247 0.0062 0.0050 0.7623 0.0238 0.0099 0.0053 0.0036 0.0145 0.0051 0.0066 0.0038 0.0093 0.0125 0.0033 0.0041 0.0129 0.0413 0.0048 0.0035 0.0068 0.0220 0.0043 0.0044 
      H148.1  2 0.0263 0.0348 0.0105 0.0059 0.0378 0.0098 0.0165 0.0185 0.0069 0.0216 0.0123 0.0293 0.0166 0.0147 0.0112 0.0162 0.0064 0.0148 0.4692 0.0183 0.0643 0.1118 0.0043 0.0221 
      H148.2  2 0.0155 0.0306 0.0056 0.0078 0.0104 0.0076 0.0066 0.0390 0.0101 0.0153 0.0129 0.0276 0.0100 0.0077 0.0138 0.0066 0.0121 0.0115 0.2706 0.0133 0.2621 0.1745 0.0054 0.0235 
      H148.3  2 0.0266 0.0211 0.0265 0.0063 0.0154 0.0204 0.0203 0.2757 0.0222 0.0086 0.0340 0.0512 0.0154 0.0087 0.0073 0.0121 0.0116 0.0665 0.0229 0.0054 0.2103 0.0537 0.0078 0.0499 
      H148.4  2 0.0080 0.0265 0.0138 0.0068 0.0312 0.0122 0.0134 0.0278 0.0121 0.0055 0.0158 0.1166 0.0070 0.0230 0.0092 0.0085 0.0104 0.0416 0.3117 0.0170 0.1202 0.1283 0.0072 0.0263 
      H148.5  2 0.0351 0.0253 0.0136 0.0064 0.0090 0.0068 0.0220 0.2843 0.0092 0.0075 0.0112 0.0972 0.0060 0.0121 0.0056 0.0230 0.0103 0.0093 0.0274 0.0091 0.2674 0.0666 0.0070 0.0287 
      H148.6  2 0.0111 0.0227 0.0071 0.0064 0.0139 0.0122 0.0241 0.2097 0.0109 0.0287 0.0153 0.0291 0.0115 0.0150 0.0057 0.0098 0.0110 0.0331 0.1530 0.0100 0.1672 0.1076 0.0035 0.0813 
      H148.7  2 0.0153 0.0215 0.0164 0.0074 0.0158 0.0057 0.0315 0.0635 0.0121 0.0079 0.0126 0.1113 0.0155 0.0102 0.0127 0.0191 0.0074 0.0090 0.1179 0.0110 0.2481 0.2007 0.0092 0.0179 
      H148.8  2 0.0072 0.0070 0.0048 0.0054 0.0075 0.0083 0.0352 0.2220 0.0205 0.0056 0.0089 0.0266 0.0050 0.0053 0.0046 0.0194 0.0071 0.0232 0.1962 0.0066 0.2016 0.1458 0.0043 0.0216 
      H148.9  2 0.0152 0.1144 0.0288 0.0050 0.0114 0.0199 0.0198 0.0656 0.0073 0.0174 0.0146 0.0371 0.0572 0.0181 0.0167 0.0060 0.0403 0.0647 0.1122 0.0204 0.0865 0.1028 0.0157 0.1032 
   H166022.1  2 0.0516 0.0077 0.0048 0.0285 0.0078 0.0272 0.1889 0.0110 0.0129 0.0541 0.0109 0.0053 0.0101 0.0272 0.0043 0.4155 0.0117 0.0270 0.0059 0.0147 0.0141 0.0428 0.0043 0.0118 
   H166022.2  2 0.0999 0.0169 0.0104 0.0860 0.0563 0.0109 0.1174 0.0189 0.0151 0.0319 0.0229 0.0147 0.0313 0.0743 0.0053 0.2290 0.0145 0.0194 0.0119 0.0124 0.0169 0.0639 0.0105 0.0094 
   H166022.3  2 0.0215 0.0055 0.0080 0.0056 0.0149 0.0055 0.3963 0.0113 0.0048 0.1097 0.0066 0.0118 0.0070 0.0218 0.0080 0.2559 0.0048 0.0121 0.0043 0.0204 0.0101 0.0432 0.0066 0.0045 
   H166022.4  2 0.0119 0.0054 0.0124 0.0063 0.0187 0.0040 0.0678 0.0069 0.0044 0.0217 0.0061 0.0194 0.0051 0.0442 0.0054 0.6427 0.0034 0.0166 0.0046 0.0227 0.0101 0.0421 0.0129 0.0049 
   H166022.5  2 0.1343 0.0082 0.0077 0.0191 0.0173 0.0151 0.0876 0.0075 0.0071 0.0283 0.0107 0.0112 0.0067 0.0251 0.0093 0.4471 0.0039 0.0147 0.0040 0.0201 0.0077 0.0929 0.0103 0.0042 
   H166022.6  2 0.0230 0.0108 0.0077 0.0114 0.0277 0.0141 0.2820 0.0055 0.0061 0.0230 0.0068 0.0078 0.0246 0.0350 0.0122 0.2804 0.0063 0.0615 0.0175 0.0605 0.0155 0.0307 0.0096 0.0202 
   H166022.7  2 0.0107 0.0059 0.0055 0.0048 0.0060 0.0106 0.0037 0.0037 0.0052 0.0033 0.0075 0.8652 0.0099 0.0060 0.0059 0.0069 0.0035 0.0052 0.0065 0.0042 0.0042 0.0060 0.0050 0.0044 
   H166022.8  2 0.1975 0.0114 0.0053 0.0338 0.1058 0.0431 0.0589 0.0065 0.0060 0.0455 0.0125 0.0076 0.0109 0.0939 0.0114 0.0577 0.0109 0.0965 0.0380 0.0533 0.0141 0.0616 0.0108 0.0069 
   H167397.1  2 0.0285 0.0146 0.0097 0.0127 0.0208 0.0235 0.2018 0.0105 0.0346 0.0064 0.0494 0.0074 0.0154 0.0074 0.0059 0.0244 0.0047 0.0243 0.0207 0.0052 0.0122 0.0121 0.0052 0.4428 
   H167397.2  2 0.0124 0.0138 0.0129 0.0236 0.0276 0.0095 0.0064 0.0079 0.0063 0.0275 0.0140 0.0092 0.0092 0.0187 0.0084 0.0145 0.0225 0.1567 0.0921 0.0058 0.0124 0.0853 0.0060 0.3975 
   H167397.3  2 0.0169 0.0274 0.0054 0.0238 0.0106 0.0520 0.0426 0.0127 0.0309 0.0079 0.0727 0.0039 0.0100 0.0083 0.0072 0.0194 0.0047 0.0156 0.0251 0.0056 0.0048 0.0291 0.0072 0.5563 
   H167397.4  2 0.0121 0.0089 0.0094 0.0195 0.0041 0.0066 0.0054 0.0079 0.0122 0.0203 0.0089 0.0104 0.0281 0.0207 0.0084 0.0092 0.0324 0.1102 0.0070 0.0056 0.0382 0.0572 0.0076 0.5494 
   H167397.5  2 0.0274 0.0070 0.0187 0.0126 0.0485 0.0089 0.0315 0.0111 0.0114 0.0086 0.0232 0.0192 0.0186 0.0069 0.0079 0.0230 0.0058 0.0671 0.0386 0.0076 0.0120 0.0449 0.0049 0.5347 
   H167397.6  2 0.0060 0.0560 0.0082 0.0119 0.0081 0.0237 0.0296 0.0084 0.0505 0.0078 0.0842 0.0058 0.0128 0.0073 0.0175 0.0218 0.0096 0.0177 0.0159 0.0060 0.0171 0.0236 0.0124 0.5381 
   H167496.1  2 0.0095 0.0137 0.0659 0.0062 0.0342 0.0497 0.0188 0.0509 0.0137 0.0177 0.0371 0.0074 0.0120 0.0099 0.0724 0.2926 0.0037 0.0583 0.0100 0.0520 0.1127 0.0254 0.0192 0.0070 
   H167496.2  2 0.0194 0.0824 0.0295 0.0256 0.1339 0.0184 0.0066 0.0711 0.0416 0.0071 0.1159 0.0452 0.0159 0.0548 0.0399 0.0917 0.0103 0.0486 0.0169 0.0490 0.0436 0.0153 0.0086 0.0086 
   H167496.3  2 0.0050 0.0104 0.0171 0.0096 0.0199 0.0173 0.0131 0.0155 0.0173 0.0172 0.0126 0.0045 0.0082 0.0163 0.0169 0.0274 0.0134 0.6776 0.0060 0.0223 0.0189 0.0146 0.0145 0.0046 
   H167496.4  2 0.0037 0.0061 0.0057 0.0104 0.0086 0.0072 0.0057 0.0033 0.0046 0.0054 0.0049 0.0046 0.0042 0.0091 0.0044 0.8618 0.0061 0.0168 0.0033 0.0039 0.0050 0.0074 0.0043 0.0035 
   H167496.6  2 0.0100 0.0108 0.0067 0.0165 0.2961 0.0116 0.0120 0.0038 0.0060 0.0053 0.0107 0.0057 0.0075 0.0229 0.0054 0.4954 0.0054 0.0220 0.0059 0.0065 0.0078 0.0113 0.0095 0.0050 
   H167496.7  2 0.0092 0.0205 0.0461 0.0112 0.0962 0.0546 0.0697 0.0927 0.1822 0.0243 0.0168 0.0041 0.0357 0.0202 0.0280 0.0343 0.0063 0.0687 0.0202 0.0929 0.0090 0.0399 0.0121 0.0052 
   H167496.8  2 0.0156 0.0267 0.0056 0.0229 0.1879 0.0088 0.0056 0.0050 0.0122 0.0066 0.0095 0.0070 0.0115 0.0088 0.0057 0.5992 0.0049 0.0178 0.0054 0.0044 0.0087 0.0090 0.0045 0.0065 
   H167513.1  2 0.0080 0.0156 0.0063 0.0088 0.0124 0.0043 0.0056 0.0050 0.0129 0.0087 0.0052 0.0166 0.7750 0.0147 0.0082 0.0112 0.0086 0.0079 0.0085 0.0250 0.0071 0.0122 0.0060 0.0061 
   H167513.2  2 0.0069 0.0130 0.0047 0.0038 0.0161 0.0082 0.0126 0.0119 0.0252 0.0079 0.0063 0.0056 0.7754 0.0052 0.0073 0.0128 0.0064 0.0088 0.0100 0.0084 0.0178 0.0049 0.0054 0.0153 
   H167513.3  2 0.0178 0.0101 0.0061 0.0091 0.0060 0.0096 0.0053 0.0066 0.0056 0.0062 0.0059 0.0081 0.8189 0.0103 0.0098 0.0051 0.0056 0.0048 0.0054 0.0103 0.0030 0.0129 0.0103 0.0073 
   H167513.4  2 0.0144 0.0262 0.0037 0.0087 0.0121 0.0059 0.0130 0.0102 0.0660 0.0994 0.0116 0.0093 0.3202 0.0155 0.2567 0.0244 0.0079 0.0114 0.0227 0.0091 0.0210 0.0152 0.0075 0.0082 
   H167513.5  2 0.0044 0.0093 0.0032 0.0047 0.0125 0.0046 0.0068 0.0067 0.0226 0.0066 0.0057 0.0036 0.8161 0.0066 0.0084 0.0135 0.0060 0.0074 0.0097 0.0057 0.0167 0.0048 0.0045 0.0099 
   H167513.6  2 0.0337 0.0195 0.0059 0.0148 0.0115 0.0128 0.0138 0.0095 0.0481 0.0196 0.0127 0.0143 0.6492 0.0159 0.0104 0.0309 0.0114 0.0126 0.0077 0.0163 0.0063 0.0078 0.0069 0.0084 
   H167513.7  2 0.0149 0.0146 0.0050 0.0158 0.0077 0.0071 0.0041 0.0046 0.0130 0.0363 0.0143 0.0072 0.7047 0.0132 0.0495 0.0138 0.0122 0.0118 0.0050 0.0081 0.0042 0.0116 0.0062 0.0152 
   H167513.8  2 0.0118 0.0087 0.0052 0.0072 0.0070 0.0046 0.0032 0.0038 0.0047 0.0047 0.0051 0.0091 0.8402 0.0159 0.0125 0.0050 0.0030 0.0042 0.0043 0.0076 0.0026 0.0083 0.0086 0.0127 
   H167547.1  2 0.0041 0.0084 0.0053 0.0041 0.0091 0.0067 0.8004 0.0398 0.0107 0.0051 0.0050 0.0068 0.0057 0.0065 0.0038 0.0038 0.0048 0.0092 0.0156 0.0116 0.0081 0.0071 0.0108 0.0074 
   H167547.2  2 0.0051 0.0061 0.0042 0.0047 0.0064 0.0056 0.8131 0.0355 0.0317 0.0054 0.0058 0.0028 0.0063 0.0040 0.0038 0.0045 0.0040 0.0121 0.0087 0.0059 0.0070 0.0060 0.0051 0.0064 
