      H008.1  2 0.0104 0.0047 0.0060 0.0099 0.0131 0.0120 0.0047 0.0200 0.4909 0.0055 0.0102 0.0124 0.0048 0.0072 0.0035 0.0073 0.0077 0.0071 0.3140 0.0048 0.0115 0.0068 0.0070 0.0056 0.0081 0.0048 
      H008.2  2 0.0080 0.0072 0.0054 0.0119 0.0908 0.0075 0.0046 0.0106 0.6875 0.0062 0.0072 0.0068 0.0041 0.0062 0.0104 0.0145 0.0067 0.0087 0.0313 0.0084 0.0269 0.0053 0.0076 0.0040 0.0051 0.0069 
      H008.3  2 0.0142 0.0077 0.0105 0.0245 0.0801 0.0066 0.0075 0.0050 0.5842 0.0099 0.0032 0.0261 0.0070 0.0047 0.0103 0.0119 0.0104 0.0207 0.0464 0.0121 0.0384 0.0071 0.0223 0.0069 0.0098 0.0123 
      H008.4  2 0.0201 0.0068 0.0123 0.0131 0.0161 0.0071 0.0107 0.0122 0.4943 0.0076 0.0069 0.0148 0.0029 0.0049 0.0136 0.0104 0.0070 0.0090 0.2602 0.0159 0.0069 0.0102 0.0101 0.0060 0.0065 0.0143 
      H008.5  2 0.0070 0.0040 0.0082 0.0086 0.0177 0.0039 0.0047 0.0097 0.4971 0.0058 0.0034 0.0122 0.0042 0.0046 0.0059 0.0034 0.0053 0.0123 0.3258 0.0131 0.0132 0.0052 0.0063 0.0030 0.0065 0.0089 
      H008.6  2 0.0232 0.0081 0.0057 0.0222 0.0648 0.0128 0.0075 0.0091 0.5368 0.0073 0.0131 0.0080 0.0040 0.0054 0.0251 0.0158 0.0098 0.0134 0.1426 0.0086 0.0283 0.0094 0.0040 0.0032 0.0044 0.0074 
      H008.7  2 0.0247 0.0092 0.0154 0.0216 0.0727 0.0075 0.0065 0.0380 0.5364 0.0055 0.0079 0.0123 0.0026 0.0056 0.0161 0.0079 0.0055 0.0067 0.1059 0.0190 0.0140 0.0053 0.0228 0.0073 0.0111 0.0125 
      H008.8  2 0.0271 0.0098 0.0054 0.0106 0.0104 0.0125 0.0077 0.0161 0.5589 0.0119 0.0370 0.0330 0.0068 0.0066 0.0052 0.1459 0.0067 0.0046 0.0347 0.0042 0.0108 0.0073 0.0084 0.0063 0.0059 0.0060 
      H008.9  2 0.2386 0.0089 0.0089 0.0239 0.1592 0.0212 0.0047 0.0072 0.2679 0.0119 0.0092 0.0105 0.0053 0.0064 0.0337 0.0464 0.0127 0.0141 0.0194 0.0231 0.0150 0.0134 0.0082 0.0068 0.0094 0.0139 
 H029.1_2002  2 0.0119 0.0322 0.0146 0.0122 0.0061 0.0045 0.0298 0.6844 0.0122 0.0048 0.0215 0.0055 0.0053 0.0115 0.0099 0.0179 0.0071 0.0045 0.0372 0.0213 0.0069 0.0139 0.0062 0.0042 0.0058 0.0085 
 H029.1_2003  2 0.0190 0.0283 0.0390 0.0475 0.0134 0.0083 0.0089 0.5612 0.0164 0.0093 0.0070 0.0088 0.0089 0.0115 0.0090 0.0258 0.0108 0.0094 0.0081 0.0233 0.0204 0.0066 0.0057 0.0039 0.0138 0.0757 
 H029.2_2002  2 0.0052 0.0148 0.0116 0.0093 0.0097 0.0047 0.0069 0.8057 0.0055 0.0075 0.0034 0.0050 0.0038 0.0070 0.0078 0.0041 0.0047 0.0043 0.0107 0.0055 0.0141 0.0065 0.0151 0.0034 0.0049 0.0188 
 H029.2_2003  2 0.0205 0.0196 0.0551 0.0623 0.0097 0.0065 0.0051 0.5462 0.0092 0.0317 0.0058 0.0062 0.0175 0.0154 0.0163 0.0097 0.0188 0.0110 0.0159 0.0092 0.0430 0.0065 0.0072 0.0047 0.0227 0.0242 
 H029.3_2002  2 0.0054 0.0119 0.0098 0.0145 0.0067 0.0044 0.0043 0.8038 0.0044 0.0093 0.0050 0.0053 0.0058 0.0067 0.0162 0.0072 0.0084 0.0071 0.0056 0.0061 0.0075 0.0039 0.0094 0.0032 0.0050 0.0231 
 H029.3_2003  2 0.0065 0.0066 0.0815 0.0147 0.0141 0.0126 0.0066 0.6760 0.0046 0.0059 0.0036 0.0077 0.0070 0.0156 0.0050 0.0074 0.0164 0.0123 0.0258 0.0084 0.0132 0.0066 0.0085 0.0046 0.0164 0.0124 
 H029.4_2002  2 0.0030 0.0032 0.0058 0.0052 0.0036 0.0044 0.0084 0.8891 0.0037 0.0028 0.0040 0.0046 0.0037 0.0057 0.0057 0.0044 0.0036 0.0045 0.0036 0.0048 0.0044 0.0037 0.0051 0.0034 0.0039 0.0057 
 H029.4_2003  2 0.0088 0.0083 0.0305 0.0202 0.0065 0.0083 0.0063 0.6666 0.0116 0.0076 0.0094 0.0180 0.0089 0.0559 0.0098 0.0149 0.0071 0.0049 0.0060 0.0323 0.0114 0.0101 0.0047 0.0034 0.0131 0.0152 
 H029.5_2002  2 0.0070 0.0091 0.0240 0.0058 0.0078 0.0044 0.0191 0.7972 0.0049 0.0031 0.0053 0.0050 0.0058 0.0086 0.0031 0.0058 0.0052 0.0043 0.0186 0.0123 0.0057 0.0099 0.0080 0.0054 0.0035 0.0110 
 H029.5_2003  2 0.0078 0.0054 0.0096 0.0082 0.0062 0.0058 0.0074 0.8236 0.0054 0.0036 0.0074 0.0096 0.0055 0.0101 0.0056 0.0096 0.0057 0.0054 0.0053 0.0104 0.0134 0.0056 0.0033 0.0037 0.0078 0.0084 
 H029.6_2002  2 0.0048 0.0027 0.0158 0.0052 0.0043 0.0029 0.0045 0.8744 0.0047 0.0041 0.0032 0.0056 0.0032 0.0073 0.0056 0.0063 0.0040 0.0042 0.0040 0.0051 0.0040 0.0033 0.0066 0.0031 0.0054 0.0060 
 H029.6_2003  2 0.0191 0.0131 0.0251 0.0418 0.0072 0.0115 0.0077 0.5166 0.0043 0.0079 0.0089 0.0090 0.0190 0.0683 0.0071 0.0115 0.0243 0.0082 0.0391 0.0122 0.0414 0.0158 0.0071 0.0092 0.0228 0.0419 
      H029.7  2 0.0045 0.0070 0.0068 0.0061 0.0063 0.0038 0.0069 0.8676 0.0064 0.0054 0.0038 0.0044 0.0037 0.0073 0.0069 0.0028 0.0032 0.0033 0.0089 0.0052 0.0056 0.0055 0.0048 0.0032 0.0036 0.0072 
      H030.1  2 0.0156 0.0111 0.1617 0.0380 0.0634 0.0100 0.0059 0.0314 0.0042 0.0066 0.0081 0.0058 0.0906 0.0277 0.0049 0.0106 0.2908 0.0262 0.0355 0.0301 0.0248 0.0278 0.0098 0.0298 0.0210 0.0083 
      H030.2  2 0.0065 0.0283 0.0219 0.0521 0.0374 0.0079 0.0253 0.0184 0.0286 0.0037 0.0061 0.0216 0.0090 0.0141 0.0679 0.0052 0.3579 0.0445 0.0397 0.0373 0.0067 0.0139 0.1076 0.0261 0.0071 0.0053 
      H038.1  2 0.0074 0.0062 0.0054 0.0066 0.0042 0.0041 0.0049 0.8294 0.0132 0.0057 0.0083 0.0063 0.0055 0.0070 0.0131 0.0056 0.0050 0.0092 0.0230 0.0039 0.0049 0.0039 0.0037 0.0031 0.0038 0.0067 
      H038.2  2 0.0026 0.0072 0.0044 0.0061 0.0046 0.0038 0.0063 0.8821 0.0036 0.0026 0.0025 0.0058 0.0041 0.0035 0.0033 0.0037 0.0057 0.0037 0.0102 0.0035 0.0047 0.0076 0.0040 0.0070 0.0041 0.0033 
      H038.3  2 0.0076 0.0099 0.0036 0.0057 0.0075 0.0224 0.0078 0.7818 0.0049 0.0034 0.0119 0.0064 0.0269 0.0103 0.0138 0.0042 0.0078 0.0110 0.0141 0.0059 0.0046 0.0090 0.0050 0.0060 0.0039 0.0046 
      H038.4  2 0.0067 0.0079 0.0041 0.0090 0.0070 0.0079 0.0086 0.8147 0.0062 0.0044 0.0084 0.0048 0.0129 0.0106 0.0112 0.0054 0.0059 0.0115 0.0146 0.0050 0.0037 0.0061 0.0050 0.0093 0.0043 0.0046 
      H038.5  2 0.0029 0.0041 0.0044 0.0053 0.0047 0.0036 0.0047 0.8772 0.0031 0.0025 0.0058 0.0057 0.0046 0.0094 0.0068 0.0057 0.0082 0.0049 0.0044 0.0041 0.0047 0.0044 0.0041 0.0049 0.0057 0.0040 
      H038.6  2 0.0037 0.0070 0.0079 0.0056 0.0053 0.0045 0.0073 0.8495 0.0049 0.0037 0.0040 0.0077 0.0055 0.0068 0.0057 0.0037 0.0068 0.0045 0.0221 0.0038 0.0075 0.0059 0.0036 0.0029 0.0058 0.0042 
      H038.7  2 0.0032 0.0169 0.0063 0.0072 0.0056 0.0062 0.0086 0.8206 0.0034 0.0031 0.0057 0.0082 0.0114 0.0114 0.0056 0.0046 0.0065 0.0044 0.0330 0.0031 0.0042 0.0060 0.0024 0.0035 0.0056 0.0035 
      H038.8  2 0.0045 0.0067 0.0034 0.0059 0.0048 0.0071 0.0052 0.8333 0.0043 0.0030 0.0070 0.0063 0.0149 0.0056 0.0264 0.0034 0.0061 0.0078 0.0074 0.0041 0.0046 0.0081 0.0052 0.0071 0.0037 0.0038 
      H041.1  2 0.0252 0.0033 0.0817 0.0841 0.0352 0.0389 0.0207 0.1555 0.0174 0.0106 0.0056 0.0101 0.0289 0.2558 0.0220 0.0029 0.0054 0.0091 0.0224 0.0311 0.0122 0.0081 0.0864 0.0112 0.0055 0.0106 
      H041.2  2 0.0335 0.0103 0.1403 0.0290 0.0322 0.0535 0.0606 0.1197 0.0149 0.0075 0.0083 0.0110 0.0078 0.0174 0.0207 0.0124 0.0076 0.0314 0.0294 0.2903 0.0077 0.0133 0.0078 0.0066 0.0062 0.0205 
      H041.4  2 0.0544 0.0060 0.1108 0.0300 0.0303 0.0199 0.0120 0.5146 0.0278 0.0123 0.0116 0.0071 0.0057 0.0213 0.0186 0.0106 0.0086 0.0081 0.0106 0.0093 0.0049 0.0150 0.0090 0.0094 0.0067 0.0256 
      H041.6  2 0.0504 0.0112 0.2039 0.0550 0.0162 0.0346 0.0372 0.2572 0.0320 0.0302 0.0304 0.0176 0.0128 0.0129 0.0141 0.0088 0.0079 0.0214 0.0195 0.0308 0.0046 0.0265 0.0131 0.0102 0.0066 0.0349 
 H042.1_2002  2 0.0231 0.0084 0.5705 0.0139 0.0069 0.0078 0.0068 0.0040 0.0596 0.0067 0.0127 0.0388 0.0071 0.0068 0.0104 0.0042 0.0071 0.0570 0.0077 0.0493 0.0112 0.0238 0.0065 0.0385 0.0045 0.0066 
 H042.1_2003  2 0.0207 0.0325 0.0163 0.0440 0.0454 0.0678 0.0110 0.0086 0.1167 0.0098 0.0253 0.0109 0.0161 0.0109 0.0652 0.0128 0.0251 0.0806 0.2023 0.0689 0.0286 0.0291 0.0129 0.0107 0.0165 0.0115 
 H042.2_2002  2 0.0066 0.0101 0.5286 0.0255 0.0056 0.0030 0.1278 0.0742 0.0132 0.0082 0.0053 0.0449 0.0035 0.0136 0.0226 0.0049 0.0054 0.0128 0.0059 0.0046 0.0128 0.0058 0.0057 0.0099 0.0162 0.0235 
 H042.2_2003  2 0.0357 0.0110 0.1374 0.0334 0.0143 0.0240 0.0282 0.0484 0.0552 0.0084 0.0092 0.0122 0.0079 0.0086 0.0089 0.0113 0.0093 0.0590 0.0640 0.2307 0.0086 0.1300 0.0040 0.0121 0.0062 0.0221 
 H042.3_2002  2 0.0079 0.0083 0.2970 0.0293 0.0097 0.0076 0.0314 0.0051 0.0182 0.0110 0.0117 0.0497 0.0065 0.0086 0.0117 0.0045 0.0083 0.3723 0.0056 0.0185 0.0187 0.0147 0.0043 0.0128 0.0092 0.0176 
 H042.3_2003  2 0.0111 0.0064 0.0609 0.1401 0.0132 0.0084 0.1343 0.0178 0.0332 0.0070 0.0166 0.0460 0.0119 0.0484 0.0332 0.0050 0.0096 0.1677 0.0084 0.0521 0.0122 0.0863 0.0255 0.0151 0.0152 0.0143 
 H042.4_2002  2 0.0343 0.0043 0.6586 0.0205 0.0062 0.0050 0.0056 0.0208 0.0117 0.0054 0.0099 0.0080 0.0075 0.0150 0.0138 0.0048 0.0078 0.0158 0.0104 0.0634 0.0082 0.0171 0.0056 0.0195 0.0062 0.0147 
 H042.4_2003  2 0.0194 0.0065 0.5155 0.0254 0.0107 0.0053 0.0116 0.0508 0.0078 0.0180 0.0236 0.0092 0.0251 0.0634 0.0056 0.0036 0.0057 0.0100 0.0202 0.0330 0.0062 0.0810 0.0118 0.0140 0.0057 0.0108 
      H042.5  2 0.0075 0.0047 0.7785 0.0110 0.0086 0.0055 0.0047 0.0078 0.0123 0.0077 0.0052 0.0065 0.0047 0.0081 0.0029 0.0038 0.0045 0.0097 0.0044 0.0347 0.0095 0.0321 0.0045 0.0087 0.0048 0.0077 
      H042.6  2 0.0067 0.0109 0.7492 0.0113 0.0039 0.0027 0.0110 0.0084 0.0187 0.0203 0.0188 0.0244 0.0075 0.0212 0.0101 0.0044 0.0048 0.0064 0.0080 0.0082 0.0066 0.0113 0.0060 0.0079 0.0050 0.0063 
      H042.7  2 0.0077 0.0274 0.3670 0.0393 0.0081 0.0122 0.0245 0.0157 0.0169 0.0062 0.0216 0.0278 0.0186 0.0173 0.0052 0.0062 0.0040 0.2115 0.0075 0.0172 0.0064 0.0294 0.0081 0.0526 0.0044 0.0372 
      H042.8  2 0.0128 0.0074 0.6235 0.0188 0.0150 0.0132 0.0311 0.0068 0.0483 0.0156 0.0066 0.0220 0.0039 0.0082 0.0203 0.0047 0.0043 0.0295 0.0057 0.0253 0.0192 0.0145 0.0029 0.0086 0.0054 0.0262 
   H042_2002  2 0.0204 0.0353 0.0560 0.0687 0.0271 0.0078 0.1010 0.0218 0.1592 0.0399 0.0257 0.0916 0.0155 0.0273 0.0320 0.0088 0.0095 0.0318 0.0279 0.0145 0.0118 0.1156 0.0042 0.0104 0.0098 0.0266 
   H042_2003  2 0.0172 0.0382 0.0446 0.0766 0.0345 0.0089 0.1012 0.0228 0.1929 0.0413 0.0214 0.0781 0.0126 0.0356 0.0308 0.0099 0.0087 0.0340 0.0232 0.0151 0.0112 0.0935 0.0041 0.0059 0.0130 0.0250 
      H043.1  2 0.0028 0.0060 0.0051 0.0151 0.0075 0.0126 0.0059 0.0060 0.0105 0.0071 0.1132 0.0177 0.0157 0.6804 0.0281 0.0062 0.0068 0.0052 0.0062 0.0037 0.0062 0.0059 0.0103 0.0049 0.0080 0.0030 
      H043.2  2 0.0079 0.0055 0.0035 0.0126 0.0048 0.0135 0.0050 0.0151 0.0087 0.0315 0.3585 0.0317 0.0208 0.3635 0.0409 0.0135 0.0059 0.0074 0.0126 0.0042 0.0100 0.0049 0.0029 0.0036 0.0053 0.0062 
      H043.3  2 0.0072 0.0321 0.0058 0.0074 0.0084 0.0104 0.0164 0.0145 0.0099 0.0072 0.2156 0.0325 0.0097 0.4967 0.0136 0.0059 0.0056 0.0114 0.0493 0.0047 0.0076 0.0103 0.0035 0.0040 0.0062 0.0043 
      H043.4  2 0.0059 0.0115 0.0052 0.0111 0.0063 0.0075 0.0115 0.0069 0.0072 0.0151 0.2657 0.0162 0.0175 0.5267 0.0181 0.0033 0.0043 0.0077 0.0168 0.0040 0.0066 0.0074 0.0036 0.0033 0.0066 0.0039 
      H043.5  2 0.0072 0.0065 0.0037 0.0142 0.0090 0.0186 0.0098 0.0146 0.0082 0.0047 0.2786 0.0564 0.0302 0.3976 0.0594 0.0160 0.0050 0.0098 0.0155 0.0049 0.0066 0.0051 0.0044 0.0045 0.0047 0.0049 
      H043.6  2 0.0083 0.0060 0.0048 0.0103 0.0030 0.0049 0.0071 0.0407 0.0087 0.0046 0.2855 0.0167 0.0063 0.4939 0.0208 0.0052 0.0052 0.0159 0.0206 0.0045 0.0046 0.0048 0.0029 0.0032 0.0043 0.0072 
      H043.7  2 0.0057 0.0059 0.0038 0.0073 0.0038 0.0112 0.0100 0.0085 0.0037 0.0217 0.3642 0.0072 0.0238 0.4608 0.0134 0.0028 0.0046 0.0068 0.0083 0.0039 0.0042 0.0061 0.0026 0.0028 0.0037 0.0033 
      H043.8  2 0.0048 0.0065 0.0032 0.0186 0.0042 0.0254 0.0063 0.0074 0.0138 0.0084 0.2712 0.0266 0.0078 0.4924 0.0069 0.0194 0.0162 0.0083 0.0100 0.0035 0.0057 0.0037 0.0082 0.0058 0.0118 0.0041 
      H043.9  2 0.0037 0.0125 0.0073 0.0102 0.0057 0.0050 0.0076 0.0185 0.0142 0.0067 0.0564 0.0122 0.0108 0.7553 0.0143 0.0053 0.0066 0.0046 0.0077 0.0044 0.0055 0.0044 0.0066 0.0040 0.0068 0.0036 
      H047.1  2 0.0056 0.0161 0.0047 0.0159 0.3328 0.0139 0.0471 0.0307 0.0303 0.0038 0.0103 0.0118 0.0070 0.0043 0.0052 0.0029 0.0052 0.0106 0.3964 0.0040 0.0119 0.0144 0.0036 0.0040 0.0035 0.0042 
      H047.2  2 0.0118 0.0289 0.0170 0.0258 0.2517 0.0349 0.0162 0.3630 0.0103 0.0066 0.0269 0.0048 0.0136 0.0247 0.0046 0.0062 0.0065 0.0060 0.0304 0.0053 0.0356 0.0127 0.0210 0.0110 0.0171 0.0074 
      H047.3  2 0.0135 0.0143 0.0205 0.0251 0.3546 0.0132 0.0935 0.1511 0.0145 0.0110 0.0167 0.0081 0.0095 0.0165 0.0043 0.0048 0.0055 0.0101 0.0524 0.0076 0.0487 0.0130 0.0213 0.0145 0.0332 0.0226 
      H047.4  2 0.0182 0.0329 0.0517 0.0342 0.1574 0.0662 0.1417 0.2467 0.0172 0.0085 0.0206 0.0100 0.0189 0.0181 0.0035 0.0146 0.0077 0.0087 0.0370 0.0084 0.0112 0.0206 0.0058 0.0147 0.0085 0.0168 
      H047.5  2 0.0098 0.0157 0.0065 0.0173 0.3021 0.0090 0.2499 0.0523 0.0257 0.0225 0.0123 0.0069 0.0089 0.0148 0.0031 0.0054 0.0070 0.0138 0.1395 0.0031 0.0174 0.0065 0.0057 0.0186 0.0095 0.0164 
      H047.6  2 0.0144 0.0117 0.0247 0.0140 0.5687 0.0165 0.1205 0.0868 0.0055 0.0061 0.0217 0.0042 0.0070 0.0072 0.0046 0.0049 0.0034 0.0037 0.0107 0.0133 0.0101 0.0058 0.0090 0.0074 0.0054 0.0126 
      H047.7  2 0.0067 0.0084 0.0095 0.0257 0.2187 0.0115 0.3268 0.1395 0.0216 0.0042 0.0093 0.0117 0.0052 0.0057 0.0160 0.0029 0.0039 0.0096 0.1025 0.0085 0.0078 0.0143 0.0120 0.0079 0.0042 0.0060 
      H047.8  2 0.0089 0.0116 0.0194 0.0353 0.5230 0.0148 0.1359 0.0433 0.0152 0.0101 0.0159 0.0098 0.0082 0.0056 0.0040 0.0052 0.0051 0.0093 0.0337 0.0153 0.0269 0.0086 0.0070 0.0075 0.0100 0.0106 
      H047.9  2 0.0114 0.0171 0.0151 0.0205 0.1475 0.0087 0.3204 0.1076 0.0281 0.0164 0.0055 0.0195 0.0077 0.0101 0.0036 0.0036 0.0061 0.0123 0.1187 0.0044 0.0360 0.0149 0.0044 0.0447 0.0038 0.0119 
 H071.1_2002  2 0.0067 0.0067 0.0049 0.0086 0.0059 0.0068 0.0084 0.0918 0.0082 0.0080 0.0115 0.0189 0.0054 0.0376 0.0065 0.0029 0.0089 0.0074 0.7008 0.0062 0.0088 0.0069 0.0029 0.0040 0.0059 0.0093 
 H071.1_2003  2 0.0175 0.0122 0.0069 0.0103 0.0071 0.0153 0.0074 0.0119 0.0097 0.0214 0.0258 0.0061 0.0085 0.0765 0.0078 0.0041 0.0128 0.0101 0.6755 0.0061 0.0077 0.0099 0.0031 0.0041 0.0063 0.0159 
     H071.10  2 0.0033 0.0054 0.0049 0.0101 0.0031 0.0028 0.0118 0.5422 0.0089 0.0058 0.0064 0.2440 0.0088 0.0096 0.0058 0.0094 0.0474 0.0077 0.0254 0.0035 0.0038 0.0042 0.0087 0.0086 0.0056 0.0027 
 H071.2_2002  2 0.0209 0.0082 0.0048 0.0167 0.0072 0.0104 0.0086 0.5343 0.0164 0.0160 0.0328 0.0275 0.0103 0.0119 0.0067 0.0353 0.0118 0.0125 0.1606 0.0051 0.0106 0.0053 0.0029 0.0065 0.0061 0.0107 
 H071.2_2003  2 0.0071 0.0029 0.0053 0.0057 0.0046 0.0026 0.0042 0.0223 0.0077 0.0041 0.0052 0.0046 0.0035 0.0062 0.0037 0.0040 0.0050 0.0056 0.8620 0.0069 0.0062 0.0062 0.0029 0.0035 0.0036 0.0043 
      H071.3  2 0.0040 0.0050 0.0038 0.0182 0.0108 0.0218 0.0137 0.0411 0.0106 0.0049 0.0044 0.2717 0.0082 0.0072 0.0081 0.0077 0.0235 0.0042 0.4848 0.0118 0.0062 0.0039 0.0067 0.0068 0.0074 0.0035 
 H071.4_2002  2 0.0053 0.0081 0.0067 0.0139 0.0045 0.0035 0.0084 0.6711 0.0079 0.0069 0.0203 0.0922 0.0150 0.0197 0.0091 0.0090 0.0148 0.0060 0.0086 0.0036 0.0081 0.0039 0.0059 0.0343 0.0079 0.0056 
 H071.4_2003  2 0.0033 0.0062 0.0038 0.0089 0.0055 0.0053 0.0086 0.0425 0.0099 0.0052 0.0047 0.2870 0.0052 0.0040 0.0034 0.0075 0.0063 0.0036 0.5497 0.0045 0.0048 0.0039 0.0033 0.0048 0.0053 0.0030 
 H071.5_2002  2 0.0042 0.0076 0.0069 0.0108 0.0056 0.0036 0.0139 0.3419 0.0128 0.0091 0.0053 0.1690 0.0078 0.0166 0.0075 0.0062 0.0121 0.0050 0.3144 0.0050 0.0036 0.0059 0.0071 0.0089 0.0056 0.0035 
 H071.5_2003  2 0.0064 0.0082 0.0052 0.0092 0.0066 0.0054 0.0382 0.0088 0.0124 0.0066 0.0077 0.1873 0.0149 0.0139 0.0037 0.0082 0.0096 0.0046 0.5980 0.0046 0.0090 0.0073 0.0031 0.0109 0.0069 0.0032 
 H071.6_2002  2 0.0037 0.0065 0.0047 0.0126 0.0037 0.0033 0.0199 0.0787 0.0135 0.0076 0.0064 0.5768 0.0049 0.0062 0.0039 0.0192 0.0217 0.0058 0.1679 0.0031 0.0034 0.0030 0.0051 0.0040 0.0110 0.0034 
 H071.6_2003  2 0.0067 0.0073 0.0047 0.0105 0.0057 0.0049 0.0176 0.0207 0.0108 0.0049 0.0099 0.1138 0.0171 0.0292 0.0039 0.0079 0.0292 0.0047 0.6505 0.0039 0.0056 0.0088 0.0041 0.0090 0.0058 0.0026 
 H071.7_2002  2 0.0056 0.0243 0.0039 0.0051 0.0062 0.0045 0.0111 0.0106 0.0125 0.0055 0.0048 0.0659 0.0050 0.0066 0.0047 0.0096 0.0032 0.0046 0.7768 0.0032 0.0072 0.0046 0.0031 0.0034 0.0044 0.0035 
 H071.7_2003  2 0.0053 0.0066 0.0046 0.0199 0.0053 0.0058 0.0157 0.0203 0.0099 0.0068 0.0148 0.1133 0.0126 0.0527 0.0057 0.0040 0.0260 0.0052 0.6147 0.0056 0.0070 0.0068 0.0039 0.0155 0.0080 0.0039 
      H071.8  2 0.0128 0.0066 0.0058 0.0070 0.0097 0.0095 0.0056 0.6655 0.0339 0.0184 0.0214 0.0174 0.0079 0.0071 0.0065 0.0280 0.0071 0.0100 0.0804 0.0039 0.0116 0.0042 0.0029 0.0039 0.0046 0.0082 
      H071.9  2 0.0129 0.0055 0.0140 0.0235 0.0077 0.0072 0.0356 0.4653 0.0111 0.0092 0.0184 0.0895 0.0172 0.1410 0.0082 0.0446 0.0150 0.0064 0.0105 0.0046 0.0054 0.0044 0.0063 0.0150 0.0118 0.0097 
 H081.1_2002  2 0.0175 0.0055 0.0097 0.0103 0.0046 0.0032 0.0131 0.0485 0.0102 0.0147 0.0051 0.0078 0.0047 0.0049 0.0053 0.0043 0.0078 0.0051 0.7661 0.0044 0.0039 0.0046 0.0103 0.0099 0.0062 0.0123 
 H081.1_2003  2 0.0611 0.0449 0.1153 0.0591 0.0131 0.0082 0.0176 0.0245 0.0681 0.0126 0.0127 0.0155 0.0264 0.0188 0.1830 0.0148 0.0466 0.0422 0.0432 0.0098 0.0159 0.0130 0.0152 0.0104 0.0888 0.0192 
 H081.2_2002  2 0.0081 0.0075 0.0068 0.0115 0.0082 0.0026 0.0096 0.0433 0.0112 0.0533 0.0073 0.0061 0.0067 0.0092 0.0041 0.0058 0.0041 0.0050 0.7420 0.0034 0.0044 0.0065 0.0052 0.0121 0.0063 0.0098 
 H081.2_2003  2 0.0133 0.0046 0.0232 0.0325 0.0079 0.0073 0.0079 0.0110 0.0683 0.0364 0.0139 0.0138 0.0132 0.0179 0.0067 0.0196 0.5998 0.0120 0.0293 0.0050 0.0064 0.0078 0.0199 0.0081 0.0084 0.0058 
 H081.3_2002  2 0.0104 0.0047 0.0092 0.0159 0.0211 0.0080 0.0039 0.5533 0.0276 0.0353 0.0314 0.0069 0.0162 0.0165 0.0055 0.0211 0.0160 0.0154 0.1355 0.0047 0.0049 0.0080 0.0066 0.0096 0.0057 0.0064 
 H081.3_2003  2 0.0169 0.0074 0.0301 0.0524 0.0113 0.0082 0.0161 0.0154 0.0306 0.0185 0.1287 0.0090 0.0149 0.1551 0.0122 0.0680 0.2967 0.0129 0.0093 0.0069 0.0136 0.0078 0.0183 0.0150 0.0147 0.0098 
 H081.4_2002  2 0.0060 0.0066 0.0093 0.0115 0.0071 0.0061 0.0083 0.0337 0.0082 0.0049 0.0042 0.0120 0.0091 0.0074 0.0049 0.0090 0.0116 0.0097 0.7860 0.0048 0.0074 0.0064 0.0071 0.0073 0.0058 0.0056 
 H081.4_2003  2 0.0762 0.0138 0.1424 0.0735 0.0066 0.0058 0.0102 0.0081 0.0197 0.0252 0.0259 0.0083 0.0550 0.0258 0.0115 0.0227 0.2579 0.0169 0.0357 0.0110 0.0204 0.0106 0.0125 0.0143 0.0598 0.0301 
 H081.5_2002  2 0.0108 0.0125 0.0176 0.0090 0.0087 0.0061 0.0066 0.0301 0.0121 0.0062 0.0118 0.0053 0.0091 0.0091 0.0055 0.0129 0.0199 0.0089 0.7602 0.0038 0.0064 0.0075 0.0041 0.0050 0.0071 0.0040 
 H081.5_2003  2 0.0953 0.0257 0.1205 0.0512 0.0133 0.0192 0.0255 0.0122 0.0253 0.0449 0.0202 0.0095 0.0796 0.0193 0.0231 0.0116 0.0484 0.0360 0.1655 0.0126 0.0210 0.0102 0.0158 0.0184 0.0523 0.0235 
      H081.6  2 0.0079 0.0083 0.0040 0.0048 0.0037 0.0030 0.0095 0.0085 0.0074 0.0083 0.0030 0.0068 0.0041 0.0042 0.0045 0.0033 0.0044 0.0069 0.8643 0.0036 0.0050 0.0048 0.0037 0.0036 0.0073 0.0051 
      H081.7  2 0.0094 0.0053 0.0097 0.0192 0.0089 0.0035 0.0089 0.1365 0.0176 0.1172 0.0462 0.0112 0.0153 0.0147 0.0077 0.0197 0.0106 0.0188 0.4654 0.0042 0.0052 0.0059 0.0070 0.0169 0.0083 0.0069 
      H081.8  2 0.0144 0.0057 0.0150 0.0225 0.0079 0.0125 0.0079 0.5476 0.0148 0.0089 0.0172 0.0271 0.0240 0.0100 0.0071 0.0541 0.0438 0.0254 0.0610 0.0046 0.0049 0.0072 0.0201 0.0169 0.0109 0.0086 
      H083.1  2 0.0040 0.0187 0.0242 0.0134 0.0091 0.0033 0.0363 0.6094 0.0050 0.0101 0.0043 0.0456 0.0065 0.0122 0.0088 0.0056 0.0099 0.0088 0.0916 0.0069 0.0095 0.0045 0.0264 0.0049 0.0092 0.0117 
      H083.2  2 0.0064 0.0148 0.0080 0.0135 0.0235 0.0055 0.0104 0.7577 0.0043 0.0106 0.0074 0.0095 0.0073 0.0286 0.0047 0.0052 0.0034 0.0034 0.0243 0.0033 0.0082 0.0040 0.0094 0.0094 0.0120 0.0051 
      H083.4  2 0.0046 0.0145 0.0107 0.0126 0.0080 0.0033 0.0089 0.5993 0.0201 0.0191 0.0124 0.0988 0.0062 0.0111 0.0079 0.0292 0.0047 0.0063 0.0135 0.0036 0.0054 0.0050 0.0729 0.0096 0.0069 0.0054 
      H083.5  2 0.0064 0.0342 0.0153 0.0126 0.0155 0.0041 0.0066 0.6441 0.0164 0.0130 0.0052 0.0195 0.0047 0.0060 0.0217 0.0103 0.0048 0.0044 0.0467 0.0088 0.0081 0.0040 0.0639 0.0051 0.0041 0.0144 
      H083.6  2 0.0078 0.0088 0.0155 0.0224 0.0067 0.0030 0.0099 0.5549 0.0084 0.0269 0.0062 0.0481 0.0091 0.0046 0.0080 0.0140 0.0125 0.0232 0.0384 0.0089 0.0120 0.0035 0.0995 0.0081 0.0161 0.0236 
      H083.7  2 0.0053 0.0115 0.0051 0.0152 0.0095 0.0036 0.0084 0.6453 0.0191 0.0148 0.0108 0.0498 0.0052 0.0050 0.0090 0.0195 0.0045 0.0051 0.0081 0.0054 0.0061 0.0064 0.0974 0.0170 0.0060 0.0068 
      H083.8  2 0.0060 0.0126 0.0081 0.0089 0.0309 0.0061 0.0108 0.7740 0.0042 0.0117 0.0096 0.0101 0.0089 0.0162 0.0043 0.0054 0.0029 0.0036 0.0151 0.0036 0.0094 0.0040 0.0107 0.0093 0.0074 0.0064 
      H083.9  2 0.0047 0.0106 0.0140 0.0108 0.0116 0.0043 0.0145 0.6425 0.0120 0.0094 0.0029 0.0156 0.0054 0.0038 0.0079 0.0044 0.0056 0.0057 0.0599 0.0081 0.0060 0.0055 0.1115 0.0049 0.0047 0.0137 
      H084.1  2 0.0082 0.0043 0.0239 0.0215 0.0109 0.0074 0.0174 0.0165 0.0066 0.0077 0.0068 0.0074 0.0083 0.0184 0.0782 0.0074 0.6209 0.0047 0.0039 0.0052 0.0113 0.0044 0.0081 0.0139 0.0433 0.0334 
      H084.2  2 0.0063 0.0058 0.0366 0.0290 0.0064 0.0054 0.0063 0.0248 0.0055 0.0031 0.0117 0.0068 0.0183 0.1046 0.0522 0.0119 0.5411 0.0110 0.0040 0.0047 0.0115 0.0072 0.0048 0.0050 0.0703 0.0053 
      H084.3  2 0.0055 0.0246 0.0124 0.0543 0.0075 0.0104 0.0214 0.0092 0.0056 0.0066 0.0068 0.0051 0.0167 0.0129 0.2268 0.0075 0.2945 0.0144 0.0055 0.0471 0.0084 0.0180 0.0073 0.0671 0.0447 0.0597 
      H084.4  2 0.0062 0.0223 0.0340 0.0649 0.0146 0.1177 0.0071 0.0246 0.0078 0.0038 0.0106 0.0058 0.0211 0.0217 0.1877 0.0142 0.2489 0.0320 0.0079 0.0207 0.0062 0.0264 0.0047 0.0130 0.0443 0.0320 
      H084.5  2 0.0058 0.0242 0.0096 0.0434 0.0284 0.0221 0.0888 0.0065 0.0058 0.0082 0.0068 0.0073 0.0133 0.0073 0.0434 0.0062 0.5172 0.0193 0.0061 0.0072 0.0097 0.0096 0.0061 0.0172 0.0182 0.0622 
      H084.6  2 0.0051 0.0125 0.0061 0.0154 0.0170 0.0140 0.0208 0.0085 0.0051 0.0066 0.0071 0.0036 0.0139 0.0103 0.0863 0.0106 0.5850 0.0125 0.0046 0.0218 0.0045 0.0082 0.0328 0.0386 0.0078 0.0413 
      H084.7  2 0.0059 0.0053 0.0420 0.0124 0.0073 0.0083 0.0104 0.0199 0.0074 0.0054 0.0075 0.0061 0.0072 0.0200 0.0114 0.0079 0.6891 0.0106 0.0039 0.0064 0.0070 0.0079 0.0057 0.0086 0.0675 0.0089 
      H084.8  2 0.0048 0.0126 0.0078 0.0126 0.0158 0.0371 0.0159 0.0091 0.0066 0.0076 0.0043 0.0039 0.0072 0.0055 0.0676 0.0069 0.5706 0.0087 0.0049 0.0106 0.0075 0.0101 0.0081 0.0239 0.0139 0.1165 
 H085.1_2002  2 0.0220 0.0065 0.0345 0.0103 0.0072 0.0031 0.0121 0.0239 0.0147 0.6406 0.0123 0.0072 0.0059 0.0664 0.0165 0.0071 0.0152 0.0127 0.0239 0.0085 0.0053 0.0059 0.0115 0.0067 0.0149 0.0050 
 H085.1_2003  2 0.0103 0.0034 0.0264 0.0656 0.0119 0.0110 0.0080 0.0785 0.0259 0.0696 0.0065 0.0259 0.0933 0.1338 0.0148 0.0214 0.0088 0.0084 0.2321 0.0161 0.0062 0.0048 0.0788 0.0126 0.0169 0.0089 
 H085.2_2002  2 0.1479 0.0108 0.0301 0.0397 0.0063 0.0050 0.0113 0.0295 0.0159 0.0969 0.0575 0.0121 0.0745 0.0763 0.0502 0.0083 0.0152 0.0607 0.0130 0.0102 0.0066 0.0053 0.1551 0.0150 0.0323 0.0141 
 H085.2_2003  2 0.0109 0.0065 0.0547 0.0439 0.0292 0.0169 0.0084 0.1304 0.0445 0.0221 0.0102 0.0222 0.0395 0.0333 0.0107 0.0197 0.0152 0.0181 0.3306 0.0235 0.0132 0.0107 0.0391 0.0071 0.0330 0.0064 
 H085.3_2002  2 0.0364 0.0050 0.0254 0.0247 0.0078 0.0074 0.0069 0.0073 0.0230 0.5104 0.0110 0.0060 0.1310 0.0502 0.0050 0.0034 0.0045 0.0150 0.0352 0.0216 0.0055 0.0110 0.0189 0.0096 0.0092 0.0084 
 H085.3_2003  2 0.0054 0.0035 0.0084 0.0099 0.0066 0.0175 0.0036 0.0044 0.0200 0.0075 0.0035 0.0144 0.0556 0.0161 0.0033 0.0037 0.0058 0.0228 0.7404 0.0108 0.0075 0.0071 0.0051 0.0076 0.0060 0.0034 
 H085.4_2002  2 0.0488 0.0061 0.0256 0.0439 0.0067 0.0034 0.0124 0.0583 0.1331 0.2313 0.0879 0.0323 0.0187 0.0616 0.0231 0.0069 0.0125 0.0585 0.0296 0.0144 0.0089 0.0055 0.0232 0.0133 0.0163 0.0177 
 H085.4_2003  2 0.0219 0.0063 0.0826 0.0146 0.0061 0.0107 0.1002 0.0943 0.0122 0.0085 0.0099 0.0085 0.0119 0.0130 0.0064 0.0038 0.0206 0.0336 0.3853 0.0852 0.0068 0.0238 0.0077 0.0134 0.0068 0.0059 
 H085.5_2002  2 0.0242 0.0037 0.0135 0.0113 0.0066 0.0065 0.0060 0.0037 0.0266 0.6669 0.0099 0.0071 0.0728 0.0329 0.0042 0.0038 0.0035 0.0121 0.0390 0.0066 0.0068 0.0050 0.0040 0.0099 0.0047 0.0089 
 H085.5_2003  2 0.0041 0.0041 0.0249 0.0177 0.0112 0.0062 0.0083 0.0197 0.0390 0.0118 0.0056 0.0211 0.0111 0.0074 0.0051 0.0084 0.0113 0.0159 0.6474 0.0223 0.0098 0.0110 0.0434 0.0050 0.0250 0.0033 
 H085.6_2002  2 0.0225 0.0061 0.0200 0.0146 0.0104 0.0054 0.0079 0.0128 0.0178 0.4068 0.0088 0.0053 0.0353 0.3134 0.0093 0.0046 0.0055 0.0069 0.0155 0.0098 0.0031 0.0051 0.0179 0.0060 0.0239 0.0055 
 H085.6_2003  2 0.0472 0.0065 0.0270 0.0193 0.0165 0.0514 0.0069 0.0125 0.0174 0.0141 0.0137 0.0078 0.3785 0.0299 0.0061 0.0056 0.0059 0.0361 0.2166 0.0112 0.0141 0.0168 0.0046 0.0139 0.0070 0.0136 
 H085.7_2002  2 0.0751 0.0196 0.0501 0.0478 0.0257 0.0107 0.0059 0.0261 0.0415 0.2202 0.0154 0.0077 0.1006 0.0291 0.0126 0.0099 0.0126 0.0454 0.0908 0.0477 0.0086 0.0105 0.0521 0.0092 0.0184 0.0069 
 H085.7_2003  2 0.0084 0.0038 0.0095 0.0344 0.0131 0.0065 0.0093 0.0444 0.0356 0.0079 0.0100 0.0271 0.0550 0.0892 0.0068 0.0063 0.0057 0.0263 0.5301 0.0125 0.0123 0.0086 0.0088 0.0138 0.0057 0.0090 
 H085.8_2002  2 0.0426 0.0071 0.0109 0.0307 0.0053 0.0206 0.0062 0.0099 0.0341 0.0389 0.0156 0.0095 0.6096 0.0115 0.0127 0.0076 0.0083 0.0334 0.0304 0.0070 0.0057 0.0058 0.0089 0.0094 0.0069 0.0114 
 H085.8_2003  2 0.0309 0.0064 0.2256 0.0430 0.0191 0.0081 0.0411 0.0691 0.0315 0.0395 0.0123 0.0147 0.0280 0.0457 0.0124 0.0070 0.0138 0.0392 0.0822 0.0592 0.0111 0.0270 0.0821 0.0257 0.0139 0.0113 
      H085.9  2 0.0513 0.0112 0.0619 0.0107 0.0077 0.0086 0.0101 0.0216 0.0263 0.4783 0.0119 0.0118 0.0173 0.0165 0.0324 0.0086 0.0129 0.0338 0.0951 0.0140 0.0075 0.0093 0.0141 0.0101 0.0071 0.0098 
      H088.1  2 0.0249 0.0078 0.5633 0.0264 0.0105 0.0038 0.0041 0.0197 0.0127 0.0203 0.0065 0.0225 0.0076 0.0102 0.0066 0.0403 0.0087 0.0037 0.0045 0.0272 0.0253 0.0082 0.0135 0.0209 0.0126 0.0883 
      H088.2  2 0.0228 0.0181 0.7174 0.0117 0.0100 0.0030 0.0092 0.0075 0.0053 0.0226 0.0080 0.0220 0.0086 0.0098 0.0072 0.0091 0.0057 0.0051 0.0034 0.0094 0.0065 0.0064 0.0083 0.0130 0.0110 0.0387 
      H088.3  2 0.0184 0.0192 0.7600 0.0098 0.0116 0.0042 0.0062 0.0072 0.0069 0.0138 0.0087 0.0123 0.0090 0.0086 0.0057 0.0153 0.0049 0.0055 0.0035 0.0113 0.0060 0.0077 0.0061 0.0063 0.0068 0.0252 
      H088.4  2 0.0068 0.0059 0.8187 0.0103 0.0041 0.0061 0.0051 0.0116 0.0070 0.0039 0.0099 0.0050 0.0074 0.0071 0.0040 0.0079 0.0173 0.0040 0.0056 0.0147 0.0080 0.0072 0.0029 0.0027 0.0084 0.0083 
      H088.5  2 0.0073 0.0048 0.8465 0.0063 0.0050 0.0038 0.0048 0.0079 0.0056 0.0053 0.0072 0.0058 0.0057 0.0059 0.0039 0.0126 0.0050 0.0028 0.0031 0.0142 0.0087 0.0049 0.0045 0.0046 0.0046 0.0091 
      H088.6  2 0.0065 0.0056 0.7911 0.0086 0.0100 0.0051 0.0061 0.0136 0.0046 0.0045 0.0072 0.0107 0.0054 0.0055 0.0043 0.0270 0.0088 0.0039 0.0049 0.0200 0.0095 0.0053 0.0046 0.0072 0.0048 0.0153 
      H088.7  2 0.0052 0.0049 0.8415 0.0057 0.0104 0.0054 0.0085 0.0131 0.0063 0.0052 0.0039 0.0051 0.0044 0.0133 0.0051 0.0079 0.0051 0.0041 0.0046 0.0071 0.0048 0.0058 0.0047 0.0049 0.0053 0.0078 
      H088.8  2 0.0071 0.0051 0.6878 0.0153 0.0127 0.0079 0.0071 0.0661 0.0092 0.0062 0.0051 0.0115 0.0076 0.0068 0.0045 0.0384 0.0124 0.0043 0.0063 0.0236 0.0134 0.0117 0.0056 0.0067 0.0077 0.0100 
      H091.1  2 0.0064 0.0048 0.3388 0.0312 0.0109 0.0038 0.0081 0.0089 0.0160 0.0041 0.0066 0.0314 0.0306 0.0720 0.0097 0.0046 0.0059 0.0293 0.0432 0.2699 0.0114 0.0105 0.0179 0.0097 0.0062 0.0080 
      H091.2  2 0.0121 0.0041 0.5190 0.0270 0.0149 0.0112 0.0091 0.0126 0.0963 0.0046 0.0042 0.0811 0.0193 0.0276 0.0034 0.0048 0.0039 0.0163 0.0193 0.0410 0.0091 0.0073 0.0201 0.0199 0.0064 0.0052 
      H109.1  2 0.0132 0.0100 0.0070 0.1472 0.1170 0.0105 0.1701 0.0207 0.0181 0.0135 0.0118 0.0080 0.0137 0.0803 0.0336 0.0749 0.0359 0.0134 0.0055 0.0068 0.0094 0.0053 0.1008 0.0100 0.0514 0.0122 
      H109.2  2 0.0218 0.0128 0.0097 0.1246 0.0441 0.0144 0.0664 0.0365 0.0127 0.0057 0.0215 0.0207 0.0244 0.0661 0.0184 0.0120 0.3031 0.0138 0.0127 0.0098 0.0044 0.0186 0.0121 0.0148 0.0873 0.0116 
      H109.3  2 0.0075 0.0098 0.0178 0.0511 0.0797 0.0503 0.0145 0.0078 0.0071 0.0035 0.0099 0.0555 0.0208 0.4627 0.0098 0.0102 0.0432 0.0090 0.0127 0.0161 0.0205 0.0157 0.0079 0.0114 0.0329 0.0127 
      H109.4  2 0.0119 0.0078 0.0102 0.1454 0.0255 0.0625 0.0181 0.0130 0.0103 0.0065 0.0356 0.0289 0.0310 0.2683 0.0279 0.0482 0.0663 0.0099 0.0086 0.0463 0.0116 0.0215 0.0167 0.0120 0.0437 0.0123 
      H109.5  2 0.0081 0.0065 0.0333 0.0285 0.0176 0.0400 0.0165 0.0330 0.0146 0.0051 0.0058 0.0436 0.0083 0.4664 0.0042 0.0055 0.0791 0.0096 0.0478 0.0176 0.0080 0.0201 0.0051 0.0112 0.0141 0.0502 
      H109.6  2 0.0279 0.0193 0.0103 0.1578 0.0644 0.0117 0.0865 0.0203 0.0350 0.0051 0.0137 0.0137 0.0212 0.0751 0.0226 0.0804 0.2010 0.0071 0.0135 0.0092 0.0139 0.0159 0.0112 0.0239 0.0182 0.0211 
      H126.1  2 0.0319 0.0463 0.0144 0.0676 0.0092 0.0049 0.2080 0.0109 0.0177 0.0801 0.1721 0.0224 0.0109 0.0162 0.0074 0.0196 0.0067 0.0195 0.0050 0.0103 0.0299 0.0824 0.0062 0.0066 0.0843 0.0094 
      H126.2  2 0.0098 0.0207 0.0107 0.2613 0.0351 0.0045 0.0811 0.0166 0.0671 0.0341 0.1150 0.1657 0.0107 0.0064 0.0172 0.0078 0.0076 0.0121 0.0352 0.0118 0.0181 0.0160 0.0123 0.0053 0.0127 0.0052 
      H126.3  2 0.0092 0.0115 0.0621 0.0592 0.0058 0.0029 0.3594 0.0350 0.0458 0.0083 0.0242 0.2537 0.0032 0.0096 0.0057 0.0170 0.0033 0.0065 0.0036 0.0060 0.0072 0.0082 0.0156 0.0040 0.0279 0.0050 
      H126.4  2 0.0364 0.0150 0.0445 0.2457 0.0148 0.0053 0.0312 0.0180 0.0173 0.0214 0.2604 0.0719 0.0127 0.0077 0.0129 0.0134 0.0153 0.0087 0.0088 0.0094 0.0274 0.0214 0.0143 0.0088 0.0391 0.0181 
      H126.5  2 0.0311 0.0560 0.0088 0.0377 0.0068 0.0047 0.0893 0.0107 0.1753 0.0174 0.0692 0.2806 0.0091 0.0078 0.0045 0.0096 0.0060 0.0056 0.0536 0.0042 0.0352 0.0449 0.0053 0.0068 0.0140 0.0059 
      H126.6  2 0.0091 0.0456 0.0292 0.0260 0.0131 0.0037 0.2636 0.0572 0.1148 0.1044 0.0260 0.1737 0.0087 0.0278 0.0047 0.0047 0.0045 0.0033 0.0383 0.0051 0.0055 0.0058 0.0047 0.0042 0.0118 0.0046 
      H126.7  2 0.0046 0.0123 0.1615 0.0403 0.0090 0.0044 0.0398 0.0963 0.0142 0.0650 0.0103 0.3053 0.0124 0.0099 0.0034 0.0079 0.0056 0.0045 0.1334 0.0100 0.0088 0.0118 0.0081 0.0064 0.0100 0.0047 
      H130.1  2 0.2706 0.0188 0.0267 0.0417 0.0136 0.0140 0.0071 0.0086 0.0120 0.0102 0.0386 0.0134 0.0504 0.1812 0.0062 0.0315 0.0111 0.0120 0.0070 0.0598 0.0189 0.0797 0.0098 0.0107 0.0314 0.0149 
      H130.2  2 0.1623 0.0065 0.0366 0.0768 0.0257 0.0287 0.0084 0.0195 0.0059 0.0119 0.0260 0.0083 0.0313 0.0465 0.0078 0.0612 0.2505 0.0070 0.0297 0.0115 0.0240 0.0077 0.0327 0.0206 0.0429 0.0098 
      H130.3  2 0.0202 0.0069 0.0109 0.0331 0.0143 0.0034 0.0040 0.0291 0.0085 0.0042 0.0091 0.0049 0.0202 0.0131 0.0045 0.0102 0.0364 0.0057 0.0209 0.0222 0.1461 0.0257 0.0031 0.0103 0.5251 0.0081 
      H130.4  2 0.3590 0.0113 0.0270 0.0563 0.0213 0.0066 0.0066 0.0100 0.0084 0.0109 0.0517 0.0091 0.0319 0.0825 0.0239 0.0376 0.0212 0.0085 0.0052 0.0131 0.0890 0.0137 0.0196 0.0225 0.0436 0.0096 
      H130.5  2 0.3034 0.0122 0.0532 0.0415 0.0073 0.0060 0.0091 0.0464 0.0049 0.0207 0.0263 0.0074 0.0568 0.0725 0.0047 0.0153 0.0900 0.0072 0.0447 0.0181 0.0067 0.0151 0.0227 0.0257 0.0711 0.0108 
      H133.1  2 0.0089 0.0045 0.0079 0.0076 0.0068 0.0090 0.0075 0.0118 0.0050 0.0062 0.0094 0.0036 0.0065 0.8181 0.0107 0.0035 0.0081 0.0052 0.0062 0.0036 0.0099 0.0083 0.0051 0.0039 0.0180 0.0049 
      H133.2  2 0.0164 0.0062 0.0085 0.0103 0.0063 0.0073 0.0051 0.0042 0.0080 0.0086 0.0166 0.0046 0.0085 0.8133 0.0042 0.0055 0.0138 0.0060 0.0062 0.0048 0.0047 0.0109 0.0032 0.0043 0.0062 0.0064 
      H133.3  2 0.0072 0.0035 0.0125 0.0092 0.0052 0.0039 0.0101 0.0204 0.0049 0.0089 0.0060 0.0054 0.0054 0.8144 0.0133 0.0033 0.0062 0.0045 0.0044 0.0050 0.0058 0.0056 0.0066 0.0073 0.0058 0.0151 
      H133.4  2 0.0078 0.0058 0.0045 0.0076 0.0146 0.0344 0.0057 0.0067 0.0081 0.0058 0.0095 0.0042 0.0056 0.8031 0.0100 0.0054 0.0064 0.0067 0.0063 0.0041 0.0069 0.0084 0.0057 0.0060 0.0064 0.0042 
      H133.5  2 0.0087 0.0034 0.0113 0.0096 0.0039 0.0050 0.0050 0.0053 0.0047 0.0143 0.0081 0.0051 0.0110 0.7585 0.0050 0.0066 0.0091 0.0077 0.0064 0.0041 0.0086 0.0041 0.0057 0.0032 0.0807 0.0049 
      H133.6  2 0.0122 0.0081 0.0525 0.0176 0.0077 0.0043 0.0109 0.0127 0.0081 0.0145 0.0288 0.0045 0.0162 0.7028 0.0045 0.0082 0.0081 0.0054 0.0040 0.0072 0.0073 0.0076 0.0072 0.0069 0.0239 0.0093 
      H133.7  2 0.0141 0.0031 0.0070 0.0099 0.0142 0.0125 0.0090 0.0095 0.0056 0.0094 0.0072 0.0039 0.0092 0.7944 0.0195 0.0033 0.0052 0.0040 0.0068 0.0064 0.0051 0.0064 0.0071 0.0143 0.0045 0.0083 
      H133.8  2 0.0065 0.0032 0.0049 0.0145 0.0054 0.0068 0.0056 0.0055 0.0039 0.0233 0.0089 0.0040 0.0050 0.8135 0.0069 0.0033 0.0048 0.0258 0.0035 0.0037 0.0173 0.0028 0.0049 0.0047 0.0075 0.0039 
      H133.9  2 0.0103 0.0044 0.0074 0.0086 0.0082 0.0048 0.0069 0.0162 0.0057 0.0061 0.0123 0.0033 0.0104 0.7836 0.0109 0.0032 0.0061 0.0047 0.0077 0.0054 0.0173 0.0075 0.0058 0.0050 0.0339 0.0044 
      H147.1  2 0.0123 0.0084 0.0062 0.0085 0.0057 0.0076 0.0118 0.0049 0.0065 0.0100 0.0070 0.0046 0.0055 0.0054 0.0062 0.0040 0.0152 0.0155 0.7949 0.0224 0.0031 0.0068 0.0059 0.0063 0.0041 0.0112 
      H147.2  2 0.0068 0.0064 0.0066 0.0042 0.0035 0.0044 0.0053 0.0038 0.0039 0.0045 0.0058 0.0037 0.0058 0.0033 0.0025 0.0034 0.0073 0.0060 0.8844 0.0061 0.0034 0.0045 0.0025 0.0033 0.0031 0.0056 
      H147.3  2 0.0045 0.0038 0.0033 0.0041 0.0033 0.0034 0.0065 0.0039 0.0049 0.0079 0.0036 0.0032 0.0043 0.0039 0.0032 0.0026 0.0042 0.0043 0.8992 0.0041 0.0032 0.0035 0.0036 0.0035 0.0030 0.0051 
      H147.4  2 0.0028 0.0036 0.0028 0.0042 0.0039 0.0045 0.0035 0.0040 0.0048 0.0040 0.0025 0.0030 0.0034 0.0031 0.0072 0.0035 0.0065 0.0051 0.9036 0.0052 0.0026 0.0035 0.0039 0.0025 0.0029 0.0035 
      H147.5  2 0.0098 0.0079 0.0257 0.0120 0.0067 0.0067 0.0072 0.0044 0.0056 0.0138 0.0046 0.0082 0.0074 0.0046 0.0042 0.0070 0.0177 0.0061 0.7683 0.0174 0.0056 0.0140 0.0090 0.0045 0.0058 0.0157 
      H147.6  2 0.0065 0.0070 0.0352 0.0164 0.0068 0.0082 0.0077 0.0049 0.0059 0.0072 0.0040 0.0103 0.0077 0.0058 0.0038 0.0073 0.0286 0.0069 0.7552 0.0192 0.0050 0.0102 0.0073 0.0042 0.0093 0.0096 
      H147.7  2 0.0045 0.0045 0.0030 0.0052 0.0055 0.0085 0.0059 0.0068 0.0066 0.0046 0.0027 0.0044 0.0051 0.0036 0.0075 0.0026 0.0077 0.0075 0.8690 0.0085 0.0036 0.0047 0.0062 0.0037 0.0031 0.0048 
      H147.8  2 0.0038 0.0034 0.0152 0.0093 0.0079 0.0068 0.0061 0.0065 0.0048 0.0075 0.0025 0.0124 0.0027 0.0051 0.0110 0.0049 0.0135 0.0054 0.8246 0.0155 0.0038 0.0041 0.0096 0.0027 0.0056 0.0054 
      H147.9  2 0.0040 0.0036 0.0033 0.0036 0.0045 0.0048 0.0043 0.0037 0.0058 0.0049 0.0028 0.0044 0.0039 0.0032 0.0032 0.0034 0.0044 0.0048 0.9029 0.0035 0.0033 0.0037 0.0033 0.0029 0.0038 0.0041 
      H148.1  2 0.3606 0.0169 0.0132 0.0420 0.0162 0.0123 0.0164 0.0085 0.0137 0.0067 0.1032 0.0075 0.0152 0.0116 0.0346 0.0602 0.0415 0.0493 0.0133 0.0196 0.0046 0.0084 0.0202 0.0160 0.0549 0.0333 
      H148.2  2 0.3199 0.0122 0.0054 0.0525 0.0131 0.0063 0.0415 0.0131 0.0067 0.0124 0.0277 0.0071 0.0068 0.0089 0.0369 0.0318 0.0165 0.0257 0.0102 0.0075 0.0048 0.0070 0.0153 0.0451 0.1106 0.1548 
      H148.3  2 0.0748 0.0113 0.0102 0.1432 0.0140 0.0087 0.0063 0.0179 0.0209 0.0105 0.0110 0.0076 0.0061 0.0053 0.0481 0.0306 0.0150 0.2660 0.0090 0.0122 0.0076 0.0133 0.0081 0.1228 0.0072 0.1126 
      H148.4  2 0.4313 0.0229 0.0072 0.0238 0.0070 0.0079 0.0116 0.0162 0.0079 0.0114 0.0349 0.0090 0.0154 0.0078 0.0225 0.1696 0.0062 0.0492 0.0093 0.0086 0.0051 0.0131 0.0096 0.0219 0.0305 0.0402 
      H148.5  2 0.0811 0.0306 0.0241 0.0345 0.0103 0.0048 0.0112 0.0121 0.0119 0.0084 0.0140 0.0072 0.0071 0.0042 0.0303 0.1588 0.0531 0.0237 0.0091 0.0168 0.0094 0.0107 0.0086 0.2003 0.0138 0.2040 
      H148.6  2 0.3681 0.0103 0.0121 0.0238 0.0096 0.0069 0.0109 0.0146 0.0131 0.0090 0.0142 0.0063 0.0053 0.0053 0.1094 0.0591 0.0120 0.0414 0.0123 0.0304 0.0036 0.0067 0.0241 0.0797 0.0292 0.0826 
      H148.7  2 0.2209 0.0130 0.0140 0.0650 0.0235 0.0072 0.0141 0.0072 0.0061 0.0062 0.0170 0.0110 0.0156 0.0075 0.0273 0.1308 0.0153 0.0217 0.0072 0.0282 0.0136 0.0063 0.0121 0.0244 0.0990 0.1859 
      H148.8  2 0.6230 0.0064 0.0151 0.0156 0.0039 0.0036 0.0054 0.0067 0.0052 0.0095 0.0086 0.0053 0.0039 0.0044 0.0208 0.0223 0.0064 0.0220 0.0066 0.0239 0.0036 0.0094 0.0044 0.0595 0.0160 0.0886 
      H148.9  2 0.2586 0.0113 0.0085 0.0776 0.0424 0.0084 0.0487 0.0072 0.0325 0.0331 0.0115 0.0079 0.0111 0.0049 0.0794 0.0439 0.0112 0.0891 0.0054 0.0104 0.0129 0.0054 0.0145 0.0521 0.0891 0.0230 
   H166022.1  2 0.0070 0.0125 0.1952 0.0187 0.0080 0.0078 0.0093 0.0103 0.0183 0.0101 0.0040 0.0110 0.0046 0.0115 0.0075 0.0048 0.0269 0.0144 0.0273 0.5153 0.0042 0.0064 0.0360 0.0049 0.0113 0.0129 
   H166022.2  2 0.0228 0.0443 0.1398 0.0513 0.0194 0.0305 0.0103 0.0383 0.0100 0.0153 0.0068 0.0206 0.0236 0.0065 0.0115 0.0224 0.0706 0.0112 0.0495 0.2981 0.0123 0.0077 0.0316 0.0155 0.0192 0.0108 
   H166022.3  2 0.0195 0.0100 0.1157 0.0171 0.0085 0.0047 0.0051 0.0053 0.0045 0.0056 0.0036 0.0072 0.0165 0.0049 0.0045 0.0186 0.0157 0.0082 0.0077 0.5734 0.0051 0.0094 0.0634 0.0098 0.0448 0.0112 
   H166022.4  2 0.0060 0.0184 0.5618 0.0127 0.0092 0.0039 0.0040 0.0052 0.0041 0.0037 0.0036 0.0066 0.0274 0.0090 0.0052 0.0224 0.0142 0.0095 0.0079 0.1835 0.0134 0.0083 0.0188 0.0063 0.0274 0.0074 
   H166022.5  2 0.0055 0.0147 0.2519 0.0225 0.0087 0.0054 0.0097 0.0112 0.0079 0.0038 0.0035 0.0064 0.0110 0.0108 0.0049 0.0142 0.0656 0.0109 0.0171 0.4371 0.0094 0.0080 0.0142 0.0061 0.0326 0.0067 
   H166022.6  2 0.0118 0.0223 0.0941 0.0162 0.0207 0.0073 0.0061 0.0075 0.0064 0.0060 0.0083 0.0050 0.0226 0.0260 0.0105 0.0078 0.0163 0.0109 0.0115 0.6274 0.0051 0.0075 0.0151 0.0034 0.0137 0.0104 
   H166022.7  2 0.0049 0.0044 0.0084 0.0074 0.0056 0.0188 0.0065 0.0087 0.0092 0.0037 0.0073 0.0065 0.0051 0.0057 0.0043 0.8371 0.0111 0.0053 0.0053 0.0049 0.0085 0.0054 0.0033 0.0036 0.0044 0.0045 
   H166022.8  2 0.0368 0.1169 0.0259 0.0279 0.0083 0.0090 0.0047 0.0106 0.0173 0.0181 0.0182 0.0045 0.0332 0.0334 0.0068 0.0110 0.0919 0.0217 0.0539 0.3529 0.0095 0.0229 0.0205 0.0050 0.0301 0.0090 
   H167397.1  2 0.0061 0.0080 0.0196 0.0182 0.0052 0.0272 0.0107 0.0280 0.0196 0.0055 0.0258 0.0088 0.0078 0.0080 0.4246 0.0089 0.0171 0.0222 0.0218 0.2612 0.0048 0.0110 0.0058 0.0074 0.0079 0.0088 
   H167397.2  2 0.1057 0.0142 0.0214 0.0283 0.0082 0.0118 0.0047 0.0107 0.0147 0.0300 0.0246 0.0124 0.0082 0.0147 0.4321 0.0125 0.0102 0.0768 0.0753 0.0096 0.0071 0.0064 0.0248 0.0061 0.0196 0.0099 
   H167397.3  2 0.0120 0.0098 0.0127 0.0467 0.0074 0.0187 0.0263 0.0642 0.0297 0.0043 0.0260 0.0087 0.0047 0.0097 0.5389 0.0052 0.0125 0.0115 0.0167 0.0864 0.0061 0.0123 0.0064 0.0073 0.0100 0.0059 
   H167397.4  2 0.0242 0.0058 0.0103 0.0330 0.0424 0.0110 0.0106 0.0139 0.0083 0.0311 0.0035 0.0165 0.0057 0.0073 0.4792 0.0101 0.0130 0.1157 0.0362 0.0112 0.0070 0.0036 0.0221 0.0106 0.0207 0.0471 
   H167397.5  2 0.0249 0.0092 0.0274 0.0269 0.0062 0.0260 0.0064 0.0136 0.0063 0.0068 0.0215 0.0180 0.0170 0.0107 0.5449 0.0203 0.0218 0.0689 0.0310 0.0273 0.0067 0.0109 0.0095 0.0076 0.0217 0.0085 
   H167397.6  2 0.0218 0.0105 0.0191 0.0286 0.0106 0.0146 0.0968 0.0470 0.0183 0.0111 0.0108 0.0107 0.0059 0.0119 0.5442 0.0060 0.0066 0.0122 0.0105 0.0368 0.0105 0.0096 0.0069 0.0081 0.0124 0.0184 
   H167496.1  2 0.0112 0.0188 0.2651 0.0450 0.0159 0.0059 0.0140 0.0351 0.0099 0.0044 0.0082 0.0165 0.0300 0.1399 0.0081 0.0095 0.0168 0.0301 0.0052 0.0295 0.0114 0.0579 0.0148 0.0640 0.0366 0.0961 
   H167496.2  2 0.0235 0.0684 0.0931 0.0741 0.0410 0.0119 0.0572 0.1440 0.0100 0.0095 0.0207 0.0362 0.0522 0.0652 0.0103 0.0556 0.0211 0.0128 0.0115 0.0066 0.0082 0.0384 0.0071 0.0716 0.0102 0.0399 
