      H008.1  2 0.0114 0.8825 0.0110 0.0082 0.0141 0.0153 0.0071 0.0075 0.0093 0.0168 0.0167 
      H008.2  2 0.0414 0.1387 0.0492 0.1281 0.0198 0.1180 0.1688 0.0319 0.0207 0.1599 0.1234 
      H008.3  2 0.0284 0.0956 0.1515 0.1113 0.0308 0.0660 0.0811 0.0289 0.0214 0.0888 0.2962 
      H008.4  2 0.0274 0.7326 0.0129 0.0326 0.0337 0.0146 0.0794 0.0081 0.0233 0.0170 0.0184 
      H008.5  2 0.0080 0.8400 0.0259 0.0195 0.0201 0.0115 0.0164 0.0119 0.0094 0.0165 0.0209 
      H008.6  2 0.0576 0.3889 0.0134 0.0711 0.0276 0.0262 0.1796 0.0197 0.0246 0.0834 0.1079 
      H008.7  2 0.0452 0.4861 0.0852 0.0352 0.0289 0.0276 0.1192 0.0106 0.0261 0.0884 0.0475 
      H008.8  2 0.1085 0.1170 0.0132 0.1054 0.0171 0.5557 0.0190 0.0114 0.0248 0.0126 0.0153 
      H008.9  2 0.1726 0.0336 0.0268 0.0537 0.0295 0.0402 0.5093 0.0140 0.0175 0.0563 0.0464 
 H029.1_2002  2 0.0301 0.8067 0.0357 0.0084 0.0148 0.0190 0.0167 0.0081 0.0398 0.0100 0.0108 
 H029.1_2003  2 0.0357 0.7149 0.0304 0.0222 0.0216 0.0238 0.0289 0.0197 0.0256 0.0168 0.0604 
 H029.2_2002  2 0.0086 0.7930 0.0409 0.0179 0.0107 0.0065 0.0324 0.0069 0.0232 0.0152 0.0447 
 H029.2_2003  2 0.0230 0.6536 0.0348 0.0289 0.0089 0.0145 0.0437 0.0202 0.0364 0.0094 0.1267 
 H029.3_2002  2 0.0103 0.6096 0.1040 0.0299 0.0101 0.0174 0.1178 0.0205 0.0295 0.0077 0.0431 
 H029.3_2003  2 0.0046 0.9032 0.0153 0.0057 0.0087 0.0079 0.0071 0.0121 0.0088 0.0101 0.0164 
 H029.4_2002  2 0.0046 0.9161 0.0144 0.0050 0.0123 0.0076 0.0123 0.0081 0.0047 0.0091 0.0059 
 H029.4_2003  2 0.0198 0.7310 0.0594 0.0146 0.0187 0.0506 0.0238 0.0123 0.0170 0.0218 0.0308 
 H029.5_2002  2 0.0068 0.9018 0.0201 0.0041 0.0198 0.0060 0.0045 0.0077 0.0100 0.0114 0.0077 
 H029.5_2003  2 0.0107 0.9030 0.0097 0.0061 0.0084 0.0133 0.0105 0.0065 0.0057 0.0103 0.0159 
 H029.6_2002  2 0.0048 0.8314 0.0884 0.0074 0.0097 0.0122 0.0174 0.0068 0.0052 0.0059 0.0109 
 H029.6_2003  2 0.0202 0.7635 0.0176 0.0082 0.0334 0.0161 0.0087 0.0234 0.0218 0.0139 0.0732 
      H029.7  2 0.0069 0.8932 0.0164 0.0160 0.0075 0.0049 0.0197 0.0048 0.0125 0.0075 0.0105 
      H030.1  2 0.0137 0.0363 0.0907 0.0108 0.0216 0.0122 0.0068 0.6637 0.0372 0.0708 0.0361 
      H030.2  2 0.0156 0.1550 0.1869 0.0088 0.0237 0.0215 0.0835 0.2698 0.0555 0.1665 0.0132 
      H038.1  2 0.0087 0.9088 0.0078 0.0115 0.0058 0.0062 0.0278 0.0060 0.0076 0.0044 0.0054 
      H038.2  2 0.0047 0.9209 0.0065 0.0035 0.0091 0.0059 0.0066 0.0116 0.0111 0.0101 0.0099 
      H038.3  2 0.0101 0.8268 0.0066 0.0053 0.0152 0.0150 0.0368 0.0248 0.0373 0.0156 0.0065 
      H038.4  2 0.0085 0.8730 0.0073 0.0066 0.0170 0.0114 0.0307 0.0086 0.0155 0.0159 0.0055 
      H038.5  2 0.0052 0.8757 0.0100 0.0037 0.0081 0.0268 0.0306 0.0140 0.0064 0.0124 0.0070 
      H038.6  2 0.0051 0.9287 0.0056 0.0051 0.0039 0.0073 0.0123 0.0084 0.0099 0.0047 0.0088 
      H038.7  2 0.0056 0.8924 0.0049 0.0043 0.0059 0.0103 0.0118 0.0121 0.0356 0.0107 0.0063 
      H038.8  2 0.0064 0.8077 0.0066 0.0053 0.0137 0.0095 0.0918 0.0291 0.0163 0.0079 0.0059 
      H041.1  2 0.0145 0.4219 0.1883 0.0264 0.0990 0.0093 0.0269 0.0105 0.0169 0.1684 0.0179 
      H041.2  2 0.0155 0.3402 0.0709 0.0090 0.4137 0.0088 0.0163 0.0116 0.0253 0.0792 0.0094 
      H041.4  2 0.0289 0.7563 0.0358 0.0185 0.0363 0.0082 0.0261 0.0140 0.0172 0.0466 0.0120 
      H041.6  2 0.0484 0.6528 0.0645 0.0359 0.0768 0.0134 0.0181 0.0191 0.0281 0.0298 0.0131 
 H042.1_2002  2 0.0690 0.0158 0.5786 0.0244 0.1732 0.0268 0.0221 0.0145 0.0217 0.0098 0.0441 
 H042.1_2003  2 0.0693 0.1212 0.0346 0.0268 0.2251 0.0296 0.1401 0.0471 0.1028 0.0749 0.1285 
 H042.2_2002  2 0.0053 0.5947 0.0692 0.0223 0.0647 0.0228 0.0310 0.0123 0.0321 0.0350 0.1105 
 H042.2_2003  2 0.0338 0.2496 0.0149 0.0107 0.5783 0.0107 0.0055 0.0163 0.0267 0.0244 0.0292 
 H042.3_2002  2 0.0252 0.0195 0.2955 0.0369 0.3644 0.0398 0.0321 0.0183 0.0226 0.0247 0.1210 
 H042.3_2003  2 0.0408 0.1971 0.0914 0.0401 0.2454 0.0404 0.0620 0.0207 0.0187 0.0592 0.1842 
 H042.4_2002  2 0.0403 0.1051 0.5291 0.0105 0.1087 0.0116 0.0243 0.0911 0.0171 0.0161 0.0460 
 H042.4_2003  2 0.0548 0.1940 0.4988 0.0496 0.0555 0.0102 0.0061 0.0307 0.0374 0.0461 0.0169 
      H042.5  2 0.0171 0.0122 0.8310 0.0434 0.0207 0.0112 0.0040 0.0091 0.0123 0.0202 0.0188 
      H042.6  2 0.0196 0.0214 0.6405 0.2205 0.0126 0.0209 0.0109 0.0117 0.0185 0.0112 0.0121 
      H042.7  2 0.0219 0.0478 0.2594 0.0227 0.4021 0.0168 0.0060 0.0079 0.1710 0.0274 0.0170 
      H042.8  2 0.0195 0.0434 0.5230 0.0627 0.1617 0.0138 0.0349 0.0085 0.0188 0.0368 0.0770 
   H042_2002  2 0.0526 0.1289 0.0252 0.3067 0.0896 0.0406 0.0544 0.0176 0.1752 0.0657 0.0434 
   H042_2003  2 0.0548 0.1262 0.0201 0.3263 0.0756 0.0598 0.0505 0.0185 0.1483 0.0597 0.0604 
      H043.1  2 0.0128 0.0333 0.0199 0.0851 0.0125 0.4235 0.2264 0.0243 0.0198 0.1269 0.0154 
      H043.2  2 0.0591 0.0508 0.0058 0.4091 0.0163 0.1038 0.3170 0.0083 0.0123 0.0067 0.0108 
      H043.3  2 0.0271 0.3358 0.0064 0.0962 0.0106 0.1180 0.0449 0.0098 0.3070 0.0319 0.0122 
      H043.4  2 0.0386 0.0954 0.0066 0.4425 0.0111 0.0554 0.2176 0.0109 0.0517 0.0575 0.0128 
      H043.5  2 0.0310 0.1971 0.0074 0.0316 0.0291 0.2139 0.4248 0.0167 0.0181 0.0194 0.0109 
      H043.6  2 0.0485 0.4450 0.0097 0.0400 0.0224 0.0756 0.2955 0.0137 0.0305 0.0071 0.0121 
      H043.7  2 0.1427 0.0471 0.0051 0.2558 0.0118 0.0542 0.1867 0.0149 0.2517 0.0243 0.0057 
      H043.8  2 0.0391 0.0147 0.0110 0.0437 0.0228 0.6930 0.0248 0.0626 0.0512 0.0244 0.0127 
      H043.9  2 0.0114 0.0969 0.0155 0.0896 0.0070 0.4971 0.0999 0.0193 0.0520 0.1003 0.0109 
      H047.1  2 0.0171 0.5114 0.0068 0.0129 0.0159 0.0132 0.0079 0.0083 0.0268 0.3624 0.0174 
      H047.2  2 0.0272 0.2544 0.0200 0.0097 0.0155 0.0090 0.0063 0.0193 0.0286 0.5791 0.0308 
      H047.3  2 0.0140 0.1057 0.0141 0.0172 0.0231 0.0088 0.0053 0.0069 0.0363 0.7332 0.0354 
      H047.4  2 0.0339 0.3952 0.0140 0.0099 0.0463 0.0095 0.0048 0.0145 0.1054 0.3524 0.0139 
      H047.5  2 0.0155 0.1272 0.0073 0.0591 0.0242 0.0063 0.0052 0.0075 0.0624 0.6634 0.0218 
      H047.6  2 0.0192 0.0291 0.0101 0.0090 0.0302 0.0059 0.0054 0.0057 0.0271 0.8482 0.0100 
      H047.7  2 0.0151 0.4531 0.0104 0.0129 0.0216 0.0113 0.0100 0.0072 0.0340 0.4138 0.0107 
      H047.8  2 0.0268 0.0889 0.0167 0.0144 0.0274 0.0092 0.0047 0.0067 0.0376 0.7436 0.0241 
      H047.9  2 0.0155 0.3236 0.0088 0.0816 0.0360 0.0108 0.0048 0.0140 0.0638 0.3999 0.0412 
 H071.1_2002  2 0.0080 0.9264 0.0052 0.0096 0.0069 0.0078 0.0054 0.0080 0.0088 0.0064 0.0076 
 H071.1_2003  2 0.0284 0.7231 0.0053 0.1089 0.0153 0.0075 0.0120 0.0459 0.0334 0.0089 0.0113 
     H071.10  2 0.0055 0.8971 0.0076 0.0065 0.0059 0.0216 0.0096 0.0299 0.0055 0.0063 0.0044 
 H071.2_2002  2 0.0116 0.9060 0.0047 0.0153 0.0073 0.0136 0.0091 0.0078 0.0086 0.0063 0.0097 
 H071.2_2003  2 0.0056 0.9490 0.0054 0.0077 0.0045 0.0050 0.0039 0.0041 0.0051 0.0043 0.0054 
      H071.3  2 0.0049 0.8928 0.0070 0.0063 0.0077 0.0153 0.0093 0.0220 0.0111 0.0165 0.0071 
 H071.4_2002  2 0.0100 0.8449 0.0069 0.0087 0.0083 0.0574 0.0167 0.0224 0.0084 0.0113 0.0052 
 H071.4_2003  2 0.0047 0.9373 0.0052 0.0058 0.0049 0.0110 0.0040 0.0081 0.0065 0.0068 0.0056 
 H071.5_2002  2 0.0050 0.9364 0.0060 0.0077 0.0045 0.0084 0.0059 0.0085 0.0077 0.0061 0.0039 
 H071.5_2003  2 0.0145 0.8869 0.0050 0.0101 0.0063 0.0141 0.0040 0.0231 0.0149 0.0132 0.0078 
 H071.6_2002  2 0.0058 0.8786 0.0056 0.0115 0.0056 0.0538 0.0069 0.0105 0.0094 0.0067 0.0056 
 H071.6_2003  2 0.0122 0.9097 0.0049 0.0078 0.0051 0.0118 0.0046 0.0178 0.0110 0.0092 0.0059 
 H071.7_2002  2 0.0072 0.9361 0.0043 0.0091 0.0052 0.0074 0.0042 0.0043 0.0118 0.0052 0.0054 
 H071.7_2003  2 0.0107 0.8926 0.0058 0.0105 0.0083 0.0120 0.0065 0.0265 0.0108 0.0080 0.0083 
      H071.8  2 0.0082 0.9216 0.0054 0.0138 0.0075 0.0086 0.0081 0.0056 0.0078 0.0056 0.0076 
      H071.9  2 0.0190 0.6983 0.0109 0.0195 0.0133 0.1502 0.0181 0.0228 0.0115 0.0286 0.0077 
 H081.1_2002  2 0.0068 0.9330 0.0073 0.0132 0.0068 0.0043 0.0048 0.0064 0.0076 0.0045 0.0054 
 H081.1_2003  2 0.0969 0.0652 0.0628 0.0196 0.0290 0.0214 0.3278 0.1346 0.1880 0.0151 0.0397 
 H081.2_2002  2 0.0139 0.8576 0.0064 0.0734 0.0058 0.0052 0.0055 0.0066 0.0115 0.0091 0.0050 
 H081.2_2003  2 0.0195 0.0349 0.0209 0.0970 0.0093 0.0625 0.0111 0.7111 0.0138 0.0081 0.0117 
 H081.3_2002  2 0.0165 0.8897 0.0066 0.0212 0.0104 0.0080 0.0079 0.0097 0.0087 0.0157 0.0056 
 H081.3_2003  2 0.0348 0.0147 0.0157 0.0622 0.0125 0.0915 0.0170 0.7136 0.0126 0.0112 0.0141 
 H081.4_2002  2 0.0062 0.9264 0.0070 0.0069 0.0081 0.0095 0.0040 0.0092 0.0079 0.0077 0.0072 
 H081.4_2003  2 0.1407 0.0259 0.0317 0.0439 0.0206 0.0279 0.0200 0.5901 0.0530 0.0096 0.0366 
 H081.5_2002  2 0.0106 0.9188 0.0065 0.0115 0.0056 0.0064 0.0059 0.0110 0.0110 0.0062 0.0067 
 H081.5_2003  2 0.1708 0.0725 0.0436 0.1032 0.0510 0.0164 0.0256 0.2503 0.2159 0.0187 0.0319 
      H081.6  2 0.0072 0.9236 0.0053 0.0172 0.0062 0.0049 0.0050 0.0067 0.0122 0.0043 0.0076 
      H081.7  2 0.0164 0.8315 0.0074 0.0838 0.0096 0.0100 0.0059 0.0124 0.0090 0.0094 0.0047 
      H081.8  2 0.0123 0.8374 0.0104 0.0101 0.0107 0.0290 0.0158 0.0446 0.0118 0.0110 0.0069 
      H083.1  2 0.0045 0.8733 0.0330 0.0106 0.0050 0.0106 0.0125 0.0084 0.0149 0.0157 0.0113 
      H083.2  2 0.0126 0.8230 0.0211 0.0200 0.0062 0.0156 0.0080 0.0083 0.0167 0.0593 0.0093 
      H083.4  2 0.0104 0.7514 0.0565 0.0266 0.0083 0.0786 0.0225 0.0083 0.0122 0.0180 0.0073 
      H083.5  2 0.0067 0.8402 0.0496 0.0146 0.0082 0.0103 0.0260 0.0062 0.0146 0.0155 0.0081 
      H083.6  2 0.0057 0.8450 0.0448 0.0134 0.0113 0.0217 0.0143 0.0140 0.0121 0.0079 0.0097 
      H083.7  2 0.0130 0.7674 0.0601 0.0264 0.0125 0.0512 0.0139 0.0095 0.0087 0.0306 0.0068 
      H083.8  2 0.0111 0.8100 0.0192 0.0184 0.0068 0.0089 0.0063 0.0083 0.0124 0.0881 0.0105 
      H083.9  2 0.0055 0.8655 0.0532 0.0121 0.0088 0.0069 0.0122 0.0067 0.0083 0.0126 0.0081 
      H084.1  2 0.0075 0.0103 0.0127 0.0102 0.0137 0.0094 0.0707 0.8186 0.0056 0.0269 0.0144 
      H084.2  2 0.0129 0.0167 0.0166 0.0051 0.0052 0.0223 0.0820 0.8043 0.0092 0.0118 0.0139 
      H084.3  2 0.0124 0.0078 0.0209 0.0081 0.0827 0.0106 0.1861 0.6090 0.0228 0.0194 0.0202 
      H084.4  2 0.0162 0.0121 0.0268 0.0051 0.0790 0.0115 0.1655 0.6129 0.0344 0.0115 0.0249 
      H084.5  2 0.0083 0.0074 0.0069 0.0104 0.0546 0.0084 0.0417 0.7748 0.0327 0.0417 0.0129 
      H084.6  2 0.0065 0.0055 0.0222 0.0076 0.0547 0.0116 0.1015 0.7348 0.0159 0.0313 0.0085 
      H084.7  2 0.0081 0.0112 0.0153 0.0070 0.0115 0.0104 0.0107 0.8973 0.0076 0.0100 0.0110 
      H084.8  2 0.0060 0.0055 0.0106 0.0083 0.0652 0.0079 0.0861 0.7441 0.0139 0.0414 0.0110 
 H085.1_2002  2 0.0122 0.0280 0.0158 0.8825 0.0059 0.0062 0.0169 0.0100 0.0071 0.0101 0.0054 
 H085.1_2003  2 0.0083 0.5887 0.1246 0.1347 0.0379 0.0197 0.0158 0.0156 0.0145 0.0286 0.0117 
 H085.2_2002  2 0.1501 0.0395 0.1236 0.4903 0.0238 0.0261 0.0684 0.0464 0.0154 0.0087 0.0076 
 H085.2_2003  2 0.0151 0.7536 0.0826 0.0260 0.0152 0.0138 0.0137 0.0135 0.0217 0.0264 0.0184 
 H085.3_2002  2 0.0203 0.0105 0.0129 0.9083 0.0083 0.0059 0.0052 0.0059 0.0102 0.0078 0.0047 
 H085.3_2003  2 0.0087 0.8307 0.0113 0.0379 0.0242 0.0113 0.0047 0.0168 0.0304 0.0124 0.0117 
 H085.4_2002  2 0.0629 0.1089 0.0330 0.6673 0.0219 0.0138 0.0403 0.0181 0.0124 0.0106 0.0109 
 H085.4_2003  2 0.0304 0.8191 0.0171 0.0116 0.0275 0.0083 0.0074 0.0276 0.0306 0.0108 0.0096 
 H085.5_2002  2 0.0145 0.0085 0.0058 0.9257 0.0099 0.0048 0.0046 0.0055 0.0077 0.0073 0.0057 
 H085.5_2003  2 0.0083 0.8637 0.0334 0.0226 0.0088 0.0100 0.0076 0.0119 0.0089 0.0117 0.0130 
 H085.6_2002  2 0.0148 0.0106 0.0143 0.9039 0.0077 0.0089 0.0083 0.0085 0.0074 0.0107 0.0049 
 H085.6_2003  2 0.0941 0.1858 0.0110 0.0471 0.2301 0.0157 0.0075 0.0262 0.3122 0.0448 0.0254 
 H085.7_2002  2 0.0777 0.0497 0.0774 0.6607 0.0175 0.0139 0.0181 0.0217 0.0379 0.0161 0.0092 
 H085.7_2003  2 0.0113 0.8399 0.0112 0.0181 0.0325 0.0120 0.0091 0.0112 0.0159 0.0251 0.0138 
 H085.8_2002  2 0.1788 0.0570 0.0163 0.4693 0.0813 0.0299 0.0185 0.0204 0.1093 0.0101 0.0093 
 H085.8_2003  2 0.0448 0.2772 0.3593 0.0395 0.0579 0.0126 0.0183 0.0383 0.0372 0.1020 0.0130 
      H085.9  2 0.0209 0.0901 0.0241 0.7654 0.0156 0.0118 0.0235 0.0154 0.0143 0.0118 0.0071 
      H088.1  2 0.0332 0.0124 0.7456 0.0216 0.0190 0.0686 0.0099 0.0171 0.0098 0.0208 0.0419 
      H088.2  2 0.0216 0.0087 0.7577 0.0485 0.0166 0.0198 0.0086 0.0185 0.0404 0.0342 0.0254 
      H088.3  2 0.0216 0.0086 0.8326 0.0228 0.0086 0.0184 0.0053 0.0091 0.0350 0.0231 0.0148 
      H088.4  2 0.0283 0.0461 0.6126 0.0068 0.0170 0.0312 0.0099 0.0830 0.0942 0.0111 0.0597 
      H088.5  2 0.0175 0.0110 0.8663 0.0077 0.0192 0.0211 0.0070 0.0134 0.0105 0.0112 0.0153 
      H088.6  2 0.0106 0.0260 0.8000 0.0078 0.0317 0.0284 0.0068 0.0258 0.0098 0.0263 0.0267 
      H088.7  2 0.0122 0.1558 0.5190 0.0202 0.0328 0.0198 0.0130 0.0226 0.0479 0.1388 0.0180 
      H088.8  2 0.0154 0.3085 0.3592 0.0105 0.0378 0.0884 0.0132 0.0491 0.0171 0.0335 0.0673 
      H091.1  2 0.0101 0.0178 0.8229 0.0193 0.0302 0.0216 0.0070 0.0097 0.0235 0.0221 0.0158 
      H091.2  2 0.0089 0.0373 0.7578 0.0165 0.0772 0.0374 0.0061 0.0061 0.0144 0.0227 0.0155 
      H109.1  2 0.0115 0.0174 0.0242 0.0582 0.0426 0.2387 0.0630 0.1054 0.0143 0.4092 0.0157 
      H109.2  2 0.0266 0.0897 0.0193 0.0125 0.0477 0.0434 0.0246 0.5279 0.0443 0.1488 0.0151 
      H109.3  2 0.0106 0.0583 0.0138 0.0085 0.0795 0.0789 0.0167 0.0944 0.0376 0.5377 0.0641 
      H109.4  2 0.0186 0.0297 0.0232 0.0111 0.0705 0.5077 0.0275 0.1668 0.0186 0.1032 0.0231 
      H109.5  2 0.0096 0.3937 0.0163 0.0148 0.3143 0.0142 0.0044 0.0565 0.0294 0.1179 0.0291 
      H109.6  2 0.0264 0.0492 0.0123 0.0215 0.0501 0.1457 0.0228 0.3928 0.0584 0.1989 0.0218 
      H126.1  2 0.1833 0.0159 0.0139 0.3419 0.0239 0.0870 0.0127 0.0114 0.1056 0.0346 0.1699 
      H126.2  2 0.0485 0.1757 0.0127 0.3183 0.0104 0.2235 0.0442 0.0159 0.0488 0.0667 0.0352 
      H126.3  2 0.0253 0.2745 0.0483 0.3804 0.0155 0.0847 0.0209 0.0056 0.0525 0.0592 0.0330 
      H126.4  2 0.3579 0.0900 0.0235 0.0415 0.0182 0.1357 0.0245 0.0187 0.0326 0.0286 0.2290 
      H126.5  2 0.1365 0.1890 0.0097 0.0797 0.0123 0.0825 0.0069 0.0093 0.4137 0.0081 0.0523 
      H126.6  2 0.0109 0.2971 0.0168 0.5207 0.0055 0.0099 0.0066 0.0047 0.0852 0.0336 0.0090 
      H126.7  2 0.0102 0.8732 0.0083 0.0303 0.0061 0.0190 0.0036 0.0092 0.0179 0.0101 0.0120 
      H130.1  2 0.8087 0.0079 0.0345 0.0144 0.0127 0.0325 0.0088 0.0211 0.0194 0.0169 0.0231 
      H130.2  2 0.0932 0.0226 0.0555 0.0198 0.0150 0.0413 0.0099 0.6767 0.0099 0.0272 0.0289 
      H130.3  2 0.0526 0.0211 0.0164 0.0085 0.0066 0.0344 0.0048 0.3043 0.0093 0.0247 0.5172 
      H130.4  2 0.6203 0.0083 0.0434 0.0333 0.0089 0.0815 0.0294 0.0790 0.0119 0.0233 0.0606 
      H130.5  2 0.3886 0.0565 0.0780 0.0327 0.0173 0.0201 0.0062 0.3596 0.0152 0.0123 0.0135 
      H133.1  2 0.2562 0.0593 0.0279 0.0145 0.0284 0.0198 0.1048 0.0774 0.0153 0.2505 0.1459 
      H133.2  2 0.0600 0.0271 0.0198 0.2676 0.0170 0.0567 0.0181 0.2300 0.0751 0.1797 0.0490 
      H133.3  2 0.0420 0.1522 0.0361 0.0980 0.0402 0.0245 0.1315 0.0297 0.0380 0.3325 0.0754 
      H133.4  2 0.0502 0.0231 0.0131 0.0403 0.0206 0.0724 0.0683 0.0877 0.0259 0.5690 0.0293 
      H133.5  2 0.0768 0.0170 0.0292 0.1866 0.0082 0.1315 0.0380 0.1464 0.0504 0.1120 0.2038 
      H133.6  2 0.0952 0.0196 0.0787 0.2062 0.0214 0.1517 0.0120 0.2469 0.0507 0.0643 0.0534 
      H133.7  2 0.0339 0.0203 0.0098 0.0122 0.0826 0.0092 0.0450 0.0106 0.0118 0.7507 0.0138 
      H133.8  2 0.0624 0.0241 0.0262 0.1432 0.0434 0.1001 0.0991 0.0253 0.0148 0.4139 0.0476 
      H133.9  2 0.2137 0.0319 0.0513 0.0230 0.0195 0.0263 0.1114 0.0634 0.0177 0.2008 0.2409 
      H147.1  2 0.0232 0.4492 0.0433 0.0616 0.2071 0.0068 0.0187 0.1098 0.0478 0.0267 0.0057 
      H147.2  2 0.0130 0.8908 0.0125 0.0116 0.0105 0.0048 0.0052 0.0151 0.0244 0.0064 0.0058 
      H147.3  2 0.0102 0.8739 0.0071 0.0260 0.0108 0.0054 0.0056 0.0209 0.0222 0.0065 0.0114 
      H147.4  2 0.0057 0.8841 0.0096 0.0143 0.0086 0.0042 0.0186 0.0313 0.0105 0.0070 0.0059 
      H147.5  2 0.0110 0.5964 0.0859 0.0267 0.0243 0.0096 0.0092 0.1567 0.0374 0.0079 0.0348 
      H147.6  2 0.0092 0.4616 0.1228 0.0199 0.0266 0.0087 0.0088 0.2374 0.0420 0.0121 0.0508 
      H147.7  2 0.0083 0.8203 0.0124 0.0135 0.0224 0.0045 0.0242 0.0586 0.0150 0.0106 0.0103 
      H147.8  2 0.0046 0.7641 0.0799 0.0119 0.0113 0.0068 0.0274 0.0664 0.0102 0.0082 0.0093 
      H147.9  2 0.0107 0.9009 0.0064 0.0199 0.0086 0.0041 0.0059 0.0152 0.0144 0.0065 0.0075 
      H148.1  2 0.4975 0.0194 0.0528 0.0115 0.1017 0.0429 0.0554 0.1006 0.0828 0.0232 0.0121 
      H148.2  2 0.2333 0.0245 0.0256 0.0243 0.3817 0.0351 0.1126 0.0693 0.0356 0.0414 0.0169 
      H148.3  2 0.0129 0.0094 0.0119 0.0085 0.8600 0.0088 0.0411 0.0127 0.0135 0.0112 0.0100 
      H148.4  2 0.4203 0.0180 0.0233 0.0154 0.2119 0.0567 0.0390 0.0213 0.1562 0.0181 0.0199 
      H148.5  2 0.0326 0.0179 0.0446 0.0179 0.4693 0.0667 0.0915 0.1680 0.0436 0.0147 0.0332 
      H148.6  2 0.1118 0.0197 0.0517 0.0149 0.5002 0.0248 0.1602 0.0510 0.0352 0.0171 0.0134 
      H148.7  2 0.0664 0.0110 0.0314 0.0102 0.4031 0.1505 0.0770 0.0799 0.0355 0.0274 0.1076 
      H148.8  2 0.1389 0.0071 0.0201 0.0140 0.6957 0.0146 0.0508 0.0251 0.0134 0.0064 0.0139 
      H148.9  2 0.0956 0.0102 0.0213 0.1123 0.1790 0.0613 0.2860 0.0464 0.0388 0.1093 0.0397 
   H166022.1  2 0.0060 0.0195 0.8971 0.0113 0.0126 0.0051 0.0073 0.0191 0.0094 0.0077 0.0050 
   H166022.2  2 0.0109 0.0497 0.7141 0.0169 0.0150 0.0119 0.0135 0.0778 0.0598 0.0171 0.0133 
   H166022.3  2 0.0071 0.0058 0.9115 0.0043 0.0078 0.0130 0.0055 0.0123 0.0101 0.0117 0.0110 
   H166022.4  2 0.0059 0.0082 0.8956 0.0056 0.0053 0.0151 0.0050 0.0175 0.0152 0.0079 0.0187 
   H166022.5  2 0.0080 0.0099 0.7863 0.0044 0.0093 0.0153 0.0056 0.1123 0.0236 0.0116 0.0138 
   H166022.6  2 0.0217 0.0100 0.8608 0.0114 0.0108 0.0067 0.0171 0.0142 0.0245 0.0115 0.0114 
   H166022.7  2 0.0100 0.0095 0.0068 0.0062 0.0054 0.9127 0.0142 0.0104 0.0078 0.0086 0.0084 
   H166022.8  2 0.0486 0.0146 0.5952 0.0325 0.0157 0.0061 0.0073 0.1384 0.1159 0.0117 0.0139 
   H167397.1  2 0.0171 0.1119 0.0533 0.0058 0.2045 0.0128 0.5012 0.0373 0.0290 0.0154 0.0117 
   H167397.2  2 0.0904 0.0520 0.0505 0.0691 0.0361 0.0105 0.5961 0.0236 0.0437 0.0100 0.0180 
   H167397.3  2 0.0255 0.1245 0.0572 0.0088 0.0853 0.0063 0.6122 0.0176 0.0217 0.0271 0.0138 
   H167397.4  2 0.0109 0.0523 0.0218 0.0338 0.0417 0.0110 0.7595 0.0180 0.0114 0.0238 0.0159 
   H167397.5  2 0.0423 0.0421 0.0353 0.0072 0.0688 0.0290 0.6490 0.0411 0.0577 0.0092 0.0183 
   H167397.6  2 0.0194 0.0793 0.0361 0.0136 0.1075 0.0098 0.6045 0.0083 0.0370 0.0670 0.0174 
   H167496.1  2 0.0249 0.0270 0.2483 0.0113 0.2773 0.1032 0.0106 0.0843 0.0669 0.0925 0.0537 
   H167496.2  2 0.0430 0.0871 0.0184 0.0177 0.0678 0.0989 0.0183 0.0792 0.3855 0.1691 0.0149 
   H167496.3  2 0.1015 0.0515 0.2935 0.2474 0.0716 0.0346 0.0108 0.0338 0.0506 0.0575 0.0471 
   H167496.4  2 0.0067 0.0292 0.8838 0.0109 0.0071 0.0072 0.0053 0.0100 0.0187 0.0084 0.0127 
   H167496.6  2 0.0124 0.0369 0.1655 0.0100 0.0087 0.0158 0.0048 0.0237 0.6840 0.0111 0.0271 
   H167496.7  2 0.1948 0.0175 0.0736 0.0112 0.3211 0.0371 0.0066 0.0573 0.1579 0.0856 0.0374 
   H167496.8  2 0.0107 0.0556 0.1952 0.0135 0.0207 0.0128 0.0083 0.0393 0.6114 0.0218 0.0106 
   H167513.1  2 0.0112 0.0085 0.0138 0.0089 0.0089 0.0108 0.0085 0.0113 0.0112 0.8978 0.0091 
   H167513.2  2 0.0174 0.0065 0.0088 0.0098 0.0384 0.0075 0.0356 0.0090 0.0170 0.8416 0.0086 
   H167513.3  2 0.0098 0.0089 0.0193 0.0073 0.0100 0.0171 0.0076 0.0643 0.0142 0.7709 0.0705 
   H167513.4  2 0.0125 0.0076 0.0418 0.0067 0.0108 0.0076 0.0083 0.0129 0.0153 0.8697 0.0068 
   H167513.5  2 0.0121 0.0075 0.0107 0.0101 0.0143 0.0068 0.0269 0.0068 0.0126 0.8856 0.0067 
   H167513.6  2 0.0130 0.0093 0.0201 0.0161 0.0156 0.0086 0.0107 0.0271 0.0119 0.8570 0.0105 
   H167513.7  2 0.0077 0.0084 0.0125 0.0091 0.0056 0.0099 0.0306 0.0172 0.0095 0.8775 0.0119 
   H167513.8  2 0.0059 0.0068 0.0063 0.0063 0.0056 0.0160 0.0230 0.0259 0.0120 0.8810 0.0113 
   H167547.1  2 0.1336 0.0076 0.0437 0.0064 0.6644 0.0196 0.0294 0.0243 0.0240 0.0180 0.0289 
   H167547.2  2 0.0156 0.0078 0.0367 0.0073 0.8749 0.0069 0.0104 0.0090 0.0078 0.0115 0.0121 
   H167547.3  2 0.0126 0.0081 0.0336 0.0061 0.8865 0.0071 0.0105 0.0090 0.0052 0.0143 0.0070 
   H167547.4  2 0.1075 0.0086 0.6410 0.0214 0.0730 0.0246 0.0333 0.0110 0.0150 0.0153 0.0495 
   H167547.5  2 0.0226 0.0087 0.1052 0.0094 0.7975 0.0068 0.0062 0.0134 0.0072 0.0109 0.0121 
   H167547.6  2 0.0226 0.0097 0.0931 0.0067 0.7963 0.0098 0.0071 0.0184 0.0067 0.0141 0.0155 
   H167547.7  2 0.1140 0.0267 0.0341 0.1782 0.2052 0.1250 0.0239 0.0459 0.0210 0.1811 0.0449 
   H169750.1  2 0.1149 0.0300 0.1813 0.0224 0.0110 0.1001 0.0147 0.0374 0.0662 0.3747 0.0474 
   H169750.2  2 0.0923 0.2089 0.0159 0.0337 0.0828 0.0395 0.0527 0.1637 0.0982 0.1376 0.0746 
   H169750.3  2 0.0297 0.0372 0.0264 0.0376 0.0146 0.1698 0.0049 0.1018 0.0216 0.5229 0.0335 
   H169750.4  2 0.1123 0.0359 0.0143 0.0332 0.0415 0.0299 0.0944 0.0140 0.2343 0.2113 0.1789 
   H169750.5  2 0.1005 0.1440 0.1006 0.0356 0.0142 0.1026 0.0132 0.0365 0.0266 0.3687 0.0574 
   H169750.6  2 0.0623 0.5812 0.0189 0.0317 0.0112 0.0707 0.0132 0.0775 0.0286 0.0623 0.0423 
   H169750.7  2 0.0417 0.0503 0.0218 0.0758 0.0265 0.1132 0.0353 0.0345 0.1755 0.3528 0.0726 
   H171929.1  2 0.0267 0.0127 0.0110 0.0643 0.0189 0.0100 0.1317 0.0061 0.0076 0.7007 0.0104 
  H171929.10  2 0.0294 0.0270 0.0354 0.0591 0.0398 0.0072 0.0382 0.0320 0.0110 0.7146 0.0061 
  H171929.11  2 0.0157 0.0162 0.0136 0.0411 0.0397 0.0096 0.0707 0.0101 0.0064 0.7590 0.0180 
   H171929.2  2 0.0117 0.0059 0.0060 0.0069 0.0069 0.0078 0.0049 0.0076 0.0059 0.9298 0.0066 
   H171929.3  2 0.0125 0.0109 0.0093 0.0076 0.0159 0.0077 0.0149 0.0078 0.0058 0.8981 0.0097 
   H171929.4  2 0.1016 0.0283 0.0638 0.0658 0.0409 0.0166 0.0068 0.0164 0.0116 0.6057 0.0426 
   H171929.5  2 0.0088 0.0076 0.0075 0.0095 0.0080 0.0108 0.0131 0.0076 0.0064 0.9124 0.0083 
   H171929.6  2 0.0081 0.0070 0.0074 0.0063 0.0066 0.0103 0.0130 0.0067 0.0056 0.9219 0.0070 
   H171929.7  2 0.0230 0.0119 0.0088 0.0560 0.0098 0.0093 0.0061 0.0063 0.0056 0.8512 0.0120 
   H171929.8  2 0.0599 0.0107 0.0130 0.0703 0.0107 0.0073 0.0082 0.0075 0.0068 0.7967 0.0088 
   H171929.9  2 0.0675 0.0249 0.0315 0.1145 0.0078 0.0131 0.0054 0.0150 0.0160 0.6938 0.0105 
   H171930.1  2 0.0156 0.0133 0.0084 0.0050 0.0443 0.0725 0.0352 0.5998 0.0115 0.1461 0.0484 
   H171930.2  2 0.0213 0.0238 0.0445 0.0116 0.0576 0.0707 0.0076 0.7070 0.0146 0.0169 0.0243 
   H171930.3  2 0.0062 0.0084 0.0140 0.0068 0.0255 0.0458 0.0205 0.8176 0.0106 0.0135 0.0313 
   H171930.4  2 0.0058 0.0083 0.0267 0.0051 0.0730 0.0577 0.0119 0.7475 0.0141 0.0135 0.0366 
   H171930.5  2 0.0450 0.0262 0.0183 0.0116 0.0295 0.1898 0.0211 0.5641 0.0105 0.0564 0.0276 
   H171930.6  2 0.0063 0.0164 0.0124 0.0045 0.0164 0.0261 0.0064 0.8710 0.0097 0.0094 0.0214 
   H171930.7  2 0.0085 0.0075 0.0074 0.0091 0.0162 0.0161 0.0190 0.8770 0.0144 0.0132 0.0116 
   H171930.8  2 0.0098 0.0111 0.0105 0.0057 0.0206 0.0116 0.0113 0.8749 0.0187 0.0174 0.0084 
   H171933.1  2 0.0090 0.0067 0.8885 0.0088 0.0219 0.0097 0.0254 0.0106 0.0053 0.0079 0.0060 
   H171933.2  2 0.0095 0.0151 0.7951 0.0331 0.0232 0.0095 0.0486 0.0240 0.0108 0.0231 0.0080 
   H171933.3  2 0.0074 0.0071 0.8218 0.0293 0.0488 0.0118 0.0130 0.0262 0.0114 0.0131 0.0101 
   H171933.4  2 0.0166 0.0087 0.7617 0.0125 0.0143 0.0065 0.0048 0.0635 0.0293 0.0734 0.0087 
   H171933.5  2 0.0592 0.0062 0.3773 0.0198 0.0430 0.0229 0.0124 0.1385 0.0648 0.1516 0.1042 
   H171933.6  2 0.0063 0.0136 0.9178 0.0081 0.0102 0.0068 0.0042 0.0071 0.0074 0.0074 0.0110 
   H171933.7  2 0.0175 0.0138 0.6782 0.0604 0.0439 0.0155 0.0246 0.0759 0.0293 0.0165 0.0243 
   H171933.8  2 0.0169 0.0157 0.5709 0.0370 0.0312 0.0139 0.0416 0.1234 0.0747 0.0624 0.0123 
   H171933.9  2 0.0078 0.0064 0.9026 0.0082 0.0115 0.0092 0.0046 0.0135 0.0117 0.0094 0.0150 
      H190.1  2 0.0305 0.0120 0.0237 0.0070 0.0253 0.0298 0.0050 0.7585 0.0155 0.0158 0.0769 
      H190.2  2 0.0160 0.0266 0.0095 0.0216 0.8456 0.0085 0.0061 0.0128 0.0355 0.0077 0.0100 
      H190.3  2 0.0655 0.0163 0.0290 0.0320 0.7639 0.0161 0.0082 0.0190 0.0144 0.0143 0.0213 
      H190.4  2 0.0496 0.0084 0.0934 0.0123 0.0172 0.0230 0.0073 0.7198 0.0074 0.0178 0.0438 
      H190.5  2 0.0156 0.0469 0.0205 0.0708 0.6126 0.0226 0.0053 0.0343 0.1210 0.0288 0.0216 
      H190.6  2 0.0403 0.0136 0.0753 0.0156 0.0226 0.0307 0.0076 0.7481 0.0072 0.0147 0.0243 
      H190.7  2 0.1187 0.0201 0.0596 0.4957 0.0928 0.0121 0.0136 0.0753 0.0405 0.0266 0.0450 
      H190.8  2 0.0312 0.0307 0.0176 0.0649 0.2247 0.0266 0.0059 0.2010 0.3133 0.0270 0.0572 
      H190.9  2 0.0877 0.0168 0.0213 0.1644 0.3401 0.0105 0.0124 0.1385 0.0901 0.0702 0.0481 
      H400.1  2 0.0134 0.0081 0.8916 0.0080 0.0048 0.0095 0.0068 0.0208 0.0158 0.0093 0.0117 
      H400.2  2 0.0071 0.0178 0.8836 0.0081 0.0093 0.0090 0.0116 0.0189 0.0086 0.0196 0.0064 
      H400.3  2 0.0305 0.0114 0.8053 0.0120 0.0200 0.0269 0.0148 0.0305 0.0127 0.0154 0.0206 
      H400.4  2 0.0106 0.0216 0.8350 0.0111 0.0152 0.0097 0.0053 0.0367 0.0124 0.0275 0.0149 
      H400.5  2 0.0186 0.0130 0.8585 0.0101 0.0082 0.0120 0.0078 0.0324 0.0062 0.0157 0.0177 
      H400.6  2 0.0081 0.0101 0.8924 0.0299 0.0073 0.0071 0.0047 0.0137 0.0065 0.0121 0.0081 
      H400.7  2 0.0161 0.0063 0.8796 0.0146 0.0131 0.0089 0.0062 0.0190 0.0128 0.0161 0.0071 
 H428.1_2005  2 0.0061 0.0072 0.9253 0.0095 0.0056 0.0092 0.0060 0.0051 0.0041 0.0144 0.0076 
 H428.1_2006  2 0.0060 0.0138 0.9068 0.0152 0.0062 0.0060 0.0059 0.0054 0.0106 0.0123 0.0119 
 H428.2_2005  2 0.0090 0.0049 0.9350 0.0052 0.0068 0.0072 0.0069 0.0055 0.0054 0.0096 0.0045 
 H428.2_2006  2 0.0054 0.0348 0.8823 0.0106 0.0071 0.0081 0.0061 0.0137 0.0077 0.0173 0.0069 
 H428.3_2005  2 0.0047 0.0079 0.9395 0.0063 0.0057 0.0058 0.0037 0.0053 0.0064 0.0084 0.0063 
 H428.3_2006  2 0.0050 0.0177 0.9065 0.0094 0.0059 0.0091 0.0068 0.0081 0.0102 0.0140 0.0074 
 H428.4_2005  2 0.0047 0.0063 0.9360 0.0056 0.0060 0.0067 0.0057 0.0045 0.0052 0.0110 0.0083 
 H428.4_2006  2 0.0052 0.0074 0.9420 0.0099 0.0054 0.0040 0.0045 0.0041 0.0045 0.0053 0.0076 
 H428.5_2005  2 0.0052 0.0123 0.9235 0.0087 0.0044 0.0069 0.0157 0.0068 0.0043 0.0077 0.0045 
 H428.6_2005  2 0.0077 0.0089 0.9181 0.0136 0.0047 0.0055 0.0050 0.0053 0.0079 0.0125 0.0108 
 H428.6_2006  2 0.0067 0.0158 0.8529 0.0178 0.0066 0.0103 0.0274 0.0119 0.0052 0.0148 0.0306 
      H428.7  2 0.0041 0.0067 0.9507 0.0067 0.0041 0.0052 0.0039 0.0054 0.0042 0.0039 0.0050 
      H428.8  2 0.0051 0.0146 0.9108 0.0058 0.0062 0.0093 0.0108 0.0109 0.0057 0.0083 0.0126 
      H428.9  2 0.0058 0.0072 0.9328 0.0058 0.0051 0.0073 0.0116 0.0083 0.0041 0.0071 0.0048 
      H453.1  2 0.0101 0.0544 0.7965 0.0082 0.0097 0.0168 0.0074 0.0290 0.0340 0.0101 0.0238 
      H453.2  2 0.0173 0.0137 0.6941 0.0169 0.0114 0.0250 0.0062 0.1615 0.0242 0.0105 0.0193 
      H453.3  2 0.0577 0.0120 0.7468 0.0288 0.0141 0.0173 0.0052 0.0738 0.0230 0.0101 0.0113 
      H453.4  2 0.0306 0.0101 0.7359 0.0129 0.0162 0.0162 0.0049 0.1197 0.0187 0.0135 0.0213 
      H453.5  2 0.0087 0.0944 0.6468 0.0077 0.0080 0.0127 0.0066 0.1539 0.0140 0.0098 0.0375 
      H453.6  2 0.0039 0.1127 0.7740 0.0061 0.0067 0.0076 0.0058 0.0541 0.0092 0.0050 0.0150 
      H453.7  2 0.2602 0.1995 0.0465 0.1294 0.0248 0.0259 0.0054 0.1041 0.1547 0.0342 0.0151 
      H453.8  2 0.1977 0.0827 0.0853 0.0209 0.0268 0.0240 0.0071 0.1407 0.3592 0.0345 0.0210 
      H453.9  2 0.0567 0.3618 0.0876 0.0770 0.0067 0.0260 0.0049 0.2602 0.0812 0.0123 0.0256 
      H512.1  2 0.0120 0.0253 0.3313 0.0296 0.0093 0.0155 0.0045 0.3444 0.0238 0.0085 0.1957 
     H512.10  2 0.0371 0.0732 0.0826 0.0102 0.0325 0.0266 0.0558 0.2427 0.0719 0.0144 0.3531 
      H512.2  2 0.0429 0.0174 0.2125 0.0145 0.1595 0.0328 0.0186 0.1235 0.1879 0.0126 0.1778 
      H512.3  2 0.0130 0.0185 0.0646 0.0093 0.0348 0.0787 0.0169 0.0824 0.1198 0.0073 0.5548 
      H512.4  2 0.0396 0.0697 0.1409 0.0117 0.0597 0.0237 0.0156 0.4566 0.1291 0.0138 0.0398 
      H512.5  2 0.0166 0.0114 0.0287 0.0065 0.0203 0.1981 0.0216 0.0209 0.1083 0.0170 0.5507 
      H512.6  2 0.0391 0.0113 0.0585 0.0131 0.0505 0.1661 0.0065 0.1968 0.1628 0.0177 0.2776 
      H512.7  2 0.0068 0.0179 0.0665 0.0076 0.0098 0.0576 0.0100 0.0148 0.0499 0.0291 0.7300 
      H512.8  2 0.0188 0.0181 0.0509 0.0099 0.2970 0.0527 0.0095 0.1256 0.2169 0.0177 0.1829 
      H512.9  2 0.0180 0.0163 0.1318 0.0349 0.0099 0.0348 0.0178 0.0357 0.0518 0.0156 0.6334 
      H513.1  2 0.0048 0.0113 0.9279 0.0065 0.0054 0.0056 0.0099 0.0087 0.0078 0.0081 0.0040 
      H513.2  2 0.0107 0.0143 0.9094 0.0073 0.0078 0.0057 0.0101 0.0141 0.0062 0.0096 0.0049 
      H513.3  2 0.0066 0.0067 0.9356 0.0073 0.0048 0.0076 0.0049 0.0051 0.0054 0.0097 0.0063 
      H513.4  2 0.0053 0.0249 0.8795 0.0110 0.0095 0.0087 0.0045 0.0166 0.0093 0.0245 0.0061 
      H513.5  2 0.0067 0.0080 0.8943 0.0090 0.0048 0.0110 0.0090 0.0204 0.0064 0.0167 0.0136 
      H513.6  2 0.0167 0.0166 0.4553 0.0199 0.0162 0.0239 0.2665 0.1357 0.0108 0.0258 0.0125 
      H532.1  2 0.0273 0.2463 0.3885 0.0196 0.0199 0.1841 0.0166 0.0129 0.0243 0.0450 0.0155 
      H532.2  2 0.0463 0.1447 0.4802 0.0259 0.0484 0.0199 0.0130 0.1733 0.0209 0.0153 0.0120 
      H532.3  2 0.0512 0.1259 0.3019 0.0177 0.0291 0.0170 0.0062 0.3641 0.0301 0.0174 0.0395 
      H532.4  2 0.1185 0.5608 0.1754 0.0339 0.0105 0.0115 0.0081 0.0291 0.0291 0.0083 0.0148 
      H532.5  2 0.0124 0.0480 0.7867 0.0124 0.0149 0.0684 0.0134 0.0093 0.0091 0.0135 0.0120 
      H532.6  2 0.0728 0.3964 0.2822 0.0142 0.0088 0.0202 0.0133 0.0848 0.0682 0.0102 0.0288 
      H532.7  2 0.0097 0.6006 0.2112 0.0095 0.0115 0.0583 0.0128 0.0239 0.0092 0.0226 0.0307 
      H532.8  2 0.0207 0.3795 0.2196 0.0349 0.0396 0.1690 0.0240 0.0281 0.0182 0.0453 0.0211 
      H543.1  2 0.0064 0.0050 0.0190 0.0080 0.0064 0.0054 0.9245 0.0089 0.0053 0.0055 0.0055 
      H543.2  2 0.0109 0.0080 0.0463 0.0176 0.0151 0.0067 0.8510 0.0138 0.0046 0.0178 0.0083 
      H543.3  2 0.0054 0.0087 0.0150 0.0134 0.0070 0.0053 0.9191 0.0059 0.0052 0.0067 0.0085 
      H543.4  2 0.0074 0.0059 0.0066 0.0063 0.0100 0.0049 0.9349 0.0091 0.0048 0.0048 0.0053 
      H543.5  2 0.0060 0.0054 0.0064 0.0073 0.0091 0.0067 0.9347 0.0080 0.0043 0.0067 0.0053 
      H543.6  2 0.0269 0.0070 0.0198 0.0793 0.0075 0.0098 0.7756 0.0127 0.0092 0.0440 0.0081 
      H543.7  2 0.0047 0.0042 0.0045 0.0055 0.0059 0.0041 0.9547 0.0044 0.0045 0.0040 0.0035 
      H543.8  2 0.0096 0.0160 0.0284 0.0159 0.0095 0.0204 0.8654 0.0103 0.0054 0.0111 0.0080 
      H543.9  2 0.0055 0.0087 0.0104 0.0251 0.0099 0.0068 0.9053 0.0069 0.0041 0.0084 0.0089 
 H545.1_2005  2 0.0040 0.0032 0.0032 0.0031 0.0032 0.0050 0.9641 0.0036 0.0037 0.0034 0.0036 
 H545.1_2006  2 0.0052 0.0057 0.0063 0.0050 0.0063 0.0066 0.9442 0.0048 0.0059 0.0047 0.0052 
 H545.2_2005  2 0.0096 0.0062 0.0072 0.0061 0.0089 0.0163 0.9142 0.0048 0.0056 0.0094 0.0117 
 H545.2_2006  2 0.0050 0.0050 0.0061 0.0037 0.0037 0.0047 0.9519 0.0058 0.0050 0.0047 0.0044 
 H545.3_2005  2 0.0087 0.0056 0.0056 0.0063 0.0092 0.0082 0.9257 0.0052 0.0053 0.0074 0.0128 
 H545.3_2006  2 0.0046 0.0079 0.0056 0.0038 0.0049 0.0096 0.9455 0.0043 0.0052 0.0043 0.0044 
 H545.4_2005  2 0.0079 0.0055 0.0050 0.0074 0.0131 0.0063 0.9275 0.0059 0.0062 0.0063 0.0090 
 H545.4_2006  2 0.0064 0.0042 0.0058 0.0051 0.0092 0.0079 0.9367 0.0042 0.0051 0.0077 0.0078 
 H545.5_2005  2 0.0043 0.0073 0.0088 0.0043 0.0055 0.0151 0.9340 0.0053 0.0048 0.0055 0.0050 
 H545.5_2006  2 0.0079 0.0060 0.0072 0.0044 0.0079 0.0075 0.9292 0.0071 0.0053 0.0076 0.0100 
 H545.6_2005  2 0.0041 0.0042 0.0049 0.0030 0.0032 0.0041 0.9593 0.0038 0.0041 0.0046 0.0047 
 H545.6_2006  2 0.0057 0.0047 0.0056 0.0043 0.0055 0.0054 0.9471 0.0051 0.0045 0.0063 0.0059 
 H545.7_2005  2 0.0049 0.0051 0.0052 0.0032 0.0038 0.0096 0.9488 0.0054 0.0039 0.0049 0.0052 
 H545.7_2006  2 0.0054 0.0071 0.0065 0.0057 0.0067 0.0098 0.9350 0.0058 0.0053 0.0068 0.0057 
 H545.8_2005  2 0.0083 0.0070 0.0114 0.0080 0.0106 0.0135 0.9099 0.0077 0.0074 0.0059 0.0103 
 H545.8_2006  2 0.0050 0.0046 0.0052 0.0044 0.0040 0.0047 0.9506 0.0061 0.0052 0.0046 0.0056 
      H545.9  2 0.0090 0.0039 0.0057 0.0050 0.0070 0.0066 0.9390 0.0048 0.0050 0.0067 0.0075 
      H547.1  2 0.0115 0.0066 0.8855 0.0243 0.0112 0.0103 0.0072 0.0061 0.0075 0.0090 0.0208 
      H547.2  2 0.0096 0.0111 0.7372 0.0112 0.1223 0.0084 0.0113 0.0059 0.0672 0.0091 0.0068 
      H547.3  2 0.0531 0.0075 0.5972 0.0170 0.0310 0.0198 0.0199 0.0166 0.1643 0.0216 0.0521 
      H547.4  2 0.0195 0.0293 0.7378 0.0174 0.0545 0.0143 0.0093 0.0116 0.0275 0.0438 0.0351 
      H547.5  2 0.0071 0.0035 0.7612 0.0114 0.1476 0.0082 0.0072 0.0057 0.0237 0.0147 0.0097 
      H547.6  2 0.0173 0.0059 0.8874 0.0079 0.0154 0.0078 0.0247 0.0065 0.0110 0.0067 0.0096 
      H547.7  2 0.0473 0.0105 0.7450 0.0110 0.0326 0.0214 0.0202 0.0149 0.0318 0.0119 0.0535 
      H547.8  2 0.0123 0.0048 0.8875 0.0164 0.0160 0.0120 0.0094 0.0068 0.0073 0.0118 0.0158 
      H548.1  2 0.0085 0.0051 0.0066 0.0040 0.0054 0.0096 0.9373 0.0037 0.0062 0.0059 0.0078 
      H548.2  2 0.0099 0.0085 0.0051 0.0047 0.0070 0.0087 0.9266 0.0075 0.0071 0.0064 0.0086 
      H548.3  2 0.0121 0.0065 0.0054 0.0065 0.0066 0.0097 0.9298 0.0071 0.0048 0.0048 0.0066 
      H548.4  2 0.0316 0.0292 0.0091 0.0077 0.0122 0.0317 0.7992 0.0215 0.0166 0.0224 0.0188 
      H548.5  2 0.0055 0.0063 0.0041 0.0061 0.0068 0.0068 0.9394 0.0074 0.0067 0.0056 0.0052 
      H548.6  2 0.0087 0.0049 0.0057 0.0036 0.0051 0.0124 0.9273 0.0054 0.0074 0.0076 0.0120 
      H548.7  2 0.0086 0.0056 0.0066 0.0063 0.0057 0.0132 0.9341 0.0045 0.0052 0.0044 0.0059 
      H548.8  2 0.0081 0.0130 0.0054 0.0072 0.0083 0.0070 0.9190 0.0123 0.0061 0.0071 0.0065 
      H548.9  2 0.0140 0.0122 0.0081 0.0143 0.0119 0.0092 0.8817 0.0156 0.0093 0.0102 0.0134 
     H7389.1  2 0.0095 0.0077 0.8993 0.0107 0.0169 0.0145 0.0076 0.0097 0.0080 0.0098 0.0064 
     H7389.2  2 0.0064 0.0092 0.8975 0.0050 0.0172 0.0073 0.0223 0.0177 0.0055 0.0059 0.0060 
     H7389.3  2 0.0049 0.0097 0.9145 0.0063 0.0183 0.0067 0.0105 0.0085 0.0040 0.0078 0.0089 
     H7389.4  2 0.0060 0.0122 0.8217 0.0199 0.0041 0.0685 0.0359 0.0094 0.0071 0.0081 0.0071 
     H7389.5  2 0.0096 0.0124 0.7487 0.0160 0.0057 0.1431 0.0130 0.0202 0.0106 0.0112 0.0096 
     H7389.6  2 0.0066 0.0267 0.5613 0.0057 0.0114 0.2873 0.0062 0.0289 0.0061 0.0443 0.0153 
     H7389.7  2 0.0056 0.0177 0.8670 0.0071 0.0214 0.0345 0.0204 0.0078 0.0045 0.0070 0.0069 
     H7389.8  2 0.0171 0.0167 0.5429 0.0229 0.0086 0.1198 0.1376 0.0852 0.0140 0.0220 0.0133 
     H7389.9  2 0.0087 0.0236 0.8114 0.0122 0.0083 0.0571 0.0186 0.0344 0.0048 0.0114 0.0096 
      H747.1  2 0.0111 0.0121 0.0294 0.0174 0.0251 0.0114 0.0093 0.0150 0.0113 0.8000 0.0579 
      H747.2  2 0.0062 0.0056 0.0048 0.0036 0.0052 0.0088 0.0054 0.0084 0.0059 0.9345 0.0118 
      H747.3  2 0.0137 0.0054 0.0088 0.0078 0.0085 0.0071 0.0077 0.0121 0.0084 0.9025 0.0180 
      H747.4  2 0.0091 0.0128 0.0083 0.0065 0.0129 0.0117 0.0053 0.0111 0.0294 0.8612 0.0317 
      H747.5  2 0.0093 0.0046 0.0054 0.0047 0.0059 0.0110 0.0056 0.0082 0.0074 0.9226 0.0152 
      H747.6  2 0.0095 0.0067 0.0105 0.0074 0.0105 0.0167 0.0096 0.0160 0.0107 0.8898 0.0126 
      H747.7  2 0.0173 0.0055 0.0095 0.0081 0.0083 0.0104 0.0061 0.0146 0.0075 0.8868 0.0259 
     H7484.1  2 0.0137 0.1960 0.0539 0.4513 0.0130 0.0268 0.0061 0.0185 0.1285 0.0759 0.0163 
     H7484.2  2 0.0584 0.0946 0.0132 0.4094 0.0219 0.0223 0.0067 0.0613 0.1707 0.1270 0.0145 
     H7484.3  2 0.0517 0.2331 0.0159 0.1512 0.0382 0.0608 0.0154 0.0906 0.2231 0.0897 0.0303 
     H7484.4  2 0.0286 0.0883 0.0260 0.4527 0.0148 0.0162 0.0045 0.0228 0.1579 0.1779 0.0102 
     H7484.5  2 0.1227 0.3585 0.0113 0.0221 0.0158 0.2263 0.0072 0.1672 0.0168 0.0405 0.0117 
     H7484.6  2 0.1978 0.0477 0.0193 0.0259 0.0468 0.1640 0.0128 0.1056 0.0956 0.1704 0.1140 
     H7484.7  2 0.2357 0.2458 0.0148 0.1571 0.0086 0.0403 0.0067 0.0278 0.1430 0.0427 0.0774 
     H7484.8  2 0.0840 0.3703 0.1087 0.0593 0.0200 0.1341 0.0051 0.0801 0.0484 0.0746 0.0154 
     H7485.1  2 0.0121 0.0085 0.0075 0.0103 0.0081 0.0078 0.9136 0.0080 0.0070 0.0107 0.0064 
     H7485.2  2 0.0054 0.0056 0.0096 0.0189 0.0047 0.0235 0.9105 0.0083 0.0054 0.0046 0.0035 
     H7485.3  2 0.0051 0.0053 0.0052 0.0038 0.0054 0.0083 0.9441 0.0040 0.0063 0.0079 0.0046 
     H7485.4  2 0.0068 0.0075 0.0061 0.0170 0.0044 0.0167 0.9097 0.0165 0.0055 0.0060 0.0041 
     H7485.5  2 0.0151 0.0090 0.0075 0.0117 0.0091 0.0086 0.9075 0.0083 0.0088 0.0088 0.0055 
     H7485.6  2 0.0095 0.0143 0.0088 0.0116 0.0079 0.0100 0.9101 0.0076 0.0069 0.0073 0.0061 
     H7485.7  2 0.0097 0.0067 0.0046 0.0051 0.0060 0.0083 0.9319 0.0056 0.0072 0.0077 0.0073 
     H7496.1  2 0.0107 0.0382 0.7962 0.0091 0.0210 0.0130 0.0046 0.0159 0.0585 0.0174 0.0156 
    H7496.10  2 0.0099 0.0219 0.8510 0.0268 0.0089 0.0087 0.0055 0.0126 0.0237 0.0240 0.0069 
    H7496.11  2 0.0070 0.0777 0.0352 0.0079 0.0144 0.0263 0.6803 0.0094 0.0356 0.0773 0.0288 
     H7496.2  2 0.0156 0.0272 0.7378 0.0208 0.0096 0.0164 0.0064 0.0396 0.0685 0.0334 0.0246 
     H7496.3  2 0.0168 0.3260 0.1090 0.0713 0.0264 0.0281 0.0076 0.0723 0.2905 0.0327 0.0192 
     H7496.4  2 0.0161 0.0187 0.7837 0.0096 0.0137 0.0121 0.0061 0.0264 0.0838 0.0190 0.0108 
     H7496.5  2 0.0096 0.0333 0.5959 0.0083 0.0213 0.0161 0.0067 0.0259 0.2332 0.0169 0.0329 
     H7496.6  2 0.0122 0.0141 0.4241 0.0101 0.0092 0.0162 0.0048 0.0245 0.4385 0.0109 0.0354 
     H7496.7  2 0.0097 0.0217 0.8224 0.0243 0.0090 0.0081 0.0081 0.0142 0.0431 0.0286 0.0107 
     H7496.8  2 0.0158 0.0282 0.1077 0.0186 0.0142 0.0090 0.0105 0.0349 0.7283 0.0251 0.0077 
        UNK4  2 0.0926 0.0252 0.2681 0.0104 0.0179 0.0384 0.0640 0.3008 0.0455 0.1263 0.0108 
        UNK5  2 0.0182 0.0474 0.7620 0.0382 0.0225 0.0134 0.0352 0.0128 0.0118 0.0331 0.0055 
        UNK6  2 0.0294 0.0194 0.2615 0.0084 0.0359 0.0287 0.0339 0.5086 0.0162 0.0481 0.0098 
        UNK7  2 0.0096 0.0159 0.7713 0.0117 0.0137 0.0075 0.1263 0.0079 0.0119 0.0171 0.0070 
        UNK8  2 0.0397 0.0173 0.6635 0.0087 0.0097 0.0163 0.1594 0.0379 0.0301 0.0119 0.0055 
        UNK9  2 0.0124 0.1906 0.3199 0.0083 0.0116 0.0850 0.1473 0.0763 0.0170 0.1210 0.0107 
      H009.1  4 0.9293 0.0062 0.0045 0.0067 0.0063 0.0049 0.0051 0.0071 0.0069 0.0052 0.0178 
      H009.2  4 0.7153 0.0075 0.0096 0.0119 0.0098 0.0185 0.0041 0.0411 0.0470 0.0307 0.1046 
      H009.3  4 0.9109 0.0117 0.0071 0.0114 0.0069 0.0066 0.0042 0.0080 0.0116 0.0065 0.0151 
      H009.4  4 0.8445 0.0094 0.0079 0.0068 0.0056 0.0241 0.0079 0.0128 0.0164 0.0105 0.0541 
      H009.5  4 0.6047 0.0098 0.0073 0.0651 0.0053 0.0316 0.0306 0.0322 0.1158 0.0753 0.0222 
      H009.6  4 0.9113 0.0108 0.0060 0.0112 0.0121 0.0085 0.0063 0.0099 0.0096 0.0050 0.0092 
      H046.4  4 0.2502 0.2707 0.0498 0.0164 0.0298 0.0674 0.0248 0.0785 0.0427 0.0316 0.1380 
      H046.8  4 0.2012 0.0586 0.0324 0.0239 0.2282 0.2686 0.0276 0.0353 0.0257 0.0382 0.0602 
 H076.1_2002  4 0.0051 0.0052 0.0119 0.0113 0.9233 0.0047 0.0069 0.0063 0.0042 0.0114 0.0096 
 H076.1_2003  4 0.0062 0.0040 0.0052 0.0043 0.9454 0.0061 0.0054 0.0053 0.0056 0.0062 0.0064 
 H076.1_2004  4 0.0050 0.0080 0.0046 0.0069 0.9345 0.0062 0.0058 0.0064 0.0073 0.0085 0.0068 
 H076.2_2002  4 0.0047 0.0042 0.0079 0.0087 0.9310 0.0050 0.0086 0.0074 0.0038 0.0073 0.0113 
 H076.2_2003  4 0.0113 0.0043 0.0061 0.0070 0.9254 0.0055 0.0107 0.0059 0.0092 0.0083 0.0063 
 H076.2_2004  4 0.0136 0.0108 0.0181 0.0144 0.6952 0.0108 0.0076 0.0242 0.0287 0.0178 0.1588 
 H076.3_2002  4 0.0295 0.0298 0.0092 0.0305 0.1478 0.0155 0.0081 0.0398 0.1577 0.0388 0.4933 
 H076.3_2003  4 0.0076 0.0050 0.0073 0.0054 0.9251 0.0047 0.0147 0.0071 0.0065 0.0089 0.0077 
