      H008.1  2 0.0477 0.1020 0.8503 
      H008.2  2 0.0648 0.6959 0.2394 
      H008.3  2 0.2248 0.2865 0.4887 
      H008.4  2 0.0531 0.4113 0.5356 
      H008.5  2 0.0282 0.0792 0.8926 
      H008.6  2 0.1247 0.6925 0.1828 
      H008.7  2 0.0628 0.4490 0.4882 
      H008.8  2 0.0892 0.7338 0.1770 
      H008.9  2 0.2536 0.6746 0.0718 
 H029.1_2002  2 0.0264 0.0657 0.9079 
 H029.1_2003  2 0.0553 0.3177 0.6270 
 H029.2_2002  2 0.0258 0.0351 0.9390 
 H029.2_2003  2 0.0349 0.2231 0.7420 
 H029.3_2002  2 0.0229 0.2483 0.7289 
 H029.3_2003  2 0.0170 0.0668 0.9162 
 H029.4_2002  2 0.0172 0.1101 0.8728 
 H029.4_2003  2 0.0440 0.4858 0.4702 
 H029.5_2002  2 0.0171 0.0317 0.9513 
 H029.5_2003  2 0.0206 0.3026 0.6768 
 H029.6_2002  2 0.0122 0.0503 0.9375 
 H029.6_2003  2 0.1419 0.1460 0.7121 
      H029.7  2 0.0225 0.0440 0.9336 
      H030.1  2 0.0526 0.0168 0.9305 
      H030.2  2 0.0314 0.1642 0.8045 
      H038.1  2 0.0191 0.2113 0.7696 
      H038.2  2 0.0239 0.0338 0.9423 
      H038.3  2 0.0332 0.3693 0.5974 
      H038.4  2 0.0253 0.5600 0.4147 
      H038.5  2 0.0155 0.4398 0.5447 
      H038.6  2 0.0159 0.0298 0.9544 
      H038.7  2 0.0197 0.1505 0.8298 
      H038.8  2 0.0281 0.3859 0.5860 
      H041.1  2 0.0646 0.0743 0.8612 
      H041.2  2 0.0793 0.2487 0.6720 
      H041.4  2 0.1268 0.1179 0.7553 
      H041.6  2 0.1750 0.0643 0.7607 
 H042.1_2002  2 0.1971 0.0380 0.7649 
 H042.1_2003  2 0.2185 0.5922 0.1893 
 H042.2_2002  2 0.0365 0.2076 0.7559 
 H042.2_2003  2 0.6031 0.0664 0.3305 
 H042.3_2002  2 0.2699 0.1658 0.5643 
 H042.3_2003  2 0.3774 0.3326 0.2899 
 H042.4_2002  2 0.1191 0.0362 0.8447 
 H042.4_2003  2 0.1196 0.0211 0.8593 
      H042.5  2 0.0518 0.0136 0.9345 
      H042.6  2 0.0316 0.0267 0.9416 
      H042.7  2 0.6362 0.0445 0.3193 
      H042.8  2 0.0628 0.0587 0.8785 
   H042_2002  2 0.2246 0.6346 0.1408 
   H042_2003  2 0.2489 0.5954 0.1557 
      H043.1  2 0.0172 0.9451 0.0377 
      H043.2  2 0.0682 0.9060 0.0259 
      H043.3  2 0.0295 0.9227 0.0478 
      H043.4  2 0.0378 0.9091 0.0531 
      H043.5  2 0.0136 0.9682 0.0182 
      H043.6  2 0.0258 0.9406 0.0337 
      H043.7  2 0.0890 0.8857 0.0253 
      H043.8  2 0.0488 0.9210 0.0302 
      H043.9  2 0.0213 0.9057 0.0730 
      H047.1  2 0.1772 0.4016 0.4212 
      H047.2  2 0.0774 0.0672 0.8554 
      H047.3  2 0.1554 0.0929 0.7517 
      H047.4  2 0.2259 0.0887 0.6854 
      H047.5  2 0.3093 0.1118 0.5789 
      H047.6  2 0.2524 0.4168 0.3307 
      H047.7  2 0.1988 0.3505 0.4506 
      H047.8  2 0.3668 0.3267 0.3065 
      H047.9  2 0.3967 0.1063 0.4970 
 H071.1_2002  2 0.0242 0.0444 0.9314 
 H071.1_2003  2 0.0694 0.0394 0.8912 
     H071.10  2 0.0125 0.0835 0.9039 
 H071.2_2002  2 0.0283 0.0797 0.8920 
 H071.2_2003  2 0.0138 0.0145 0.9717 
      H071.3  2 0.0378 0.2528 0.7095 
 H071.4_2002  2 0.0237 0.4415 0.5349 
 H071.4_2003  2 0.0179 0.0292 0.9529 
 H071.5_2002  2 0.0114 0.0291 0.9594 
 H071.5_2003  2 0.0445 0.1568 0.7987 
 H071.6_2002  2 0.0151 0.0976 0.8872 
 H071.6_2003  2 0.0196 0.0314 0.9490 
 H071.7_2002  2 0.0168 0.0479 0.9353 
 H071.7_2003  2 0.0294 0.1054 0.8653 
      H071.8  2 0.0236 0.1419 0.8344 
      H071.9  2 0.0331 0.5509 0.4160 
 H081.1_2002  2 0.0184 0.0144 0.9671 
 H081.1_2003  2 0.0613 0.5020 0.4368 
 H081.2_2002  2 0.0251 0.0170 0.9579 
 H081.2_2003  2 0.0248 0.1099 0.8653 
 H081.3_2002  2 0.0269 0.0350 0.9380 
 H081.3_2003  2 0.0643 0.5000 0.4357 
 H081.4_2002  2 0.0190 0.0294 0.9517 
 H081.4_2003  2 0.1607 0.2437 0.5956 
 H081.5_2002  2 0.0145 0.0213 0.9642 
 H081.5_2003  2 0.1546 0.1636 0.6818 
      H081.6  2 0.0192 0.0175 0.9633 
      H081.7  2 0.0234 0.0316 0.9450 
      H081.8  2 0.0248 0.1357 0.8396 
      H083.1  2 0.0142 0.0281 0.9577 
      H083.2  2 0.0167 0.0313 0.9520 
      H083.4  2 0.0153 0.0732 0.9115 
      H083.5  2 0.0146 0.0262 0.9592 
      H083.6  2 0.0138 0.0261 0.9602 
      H083.7  2 0.0235 0.0585 0.9180 
      H083.8  2 0.0234 0.0348 0.9419 
      H083.9  2 0.0128 0.0199 0.9672 
      H084.1  2 0.0421 0.5456 0.4122 
      H084.2  2 0.0178 0.6356 0.3466 
      H084.3  2 0.0844 0.8131 0.1025 
      H084.4  2 0.0597 0.8198 0.1205 
      H084.5  2 0.0547 0.8015 0.1438 
      H084.6  2 0.0512 0.8147 0.1342 
      H084.7  2 0.0329 0.3288 0.6383 
      H084.8  2 0.1112 0.6803 0.2085 
 H085.1_2002  2 0.0273 0.0466 0.9261 
 H085.1_2003  2 0.0232 0.0554 0.9214 
 H085.2_2002  2 0.0477 0.1046 0.8477 
 H085.2_2003  2 0.0210 0.0447 0.9343 
 H085.3_2002  2 0.2933 0.0303 0.6764 
 H085.3_2003  2 0.0469 0.0310 0.9221 
 H085.4_2002  2 0.0386 0.1209 0.8405 
 H085.4_2003  2 0.0466 0.0338 0.9196 
 H085.5_2002  2 0.4792 0.0552 0.4656 
 H085.5_2003  2 0.0139 0.0159 0.9701 
 H085.6_2002  2 0.0403 0.0736 0.8862 
 H085.6_2003  2 0.6718 0.0675 0.2606 
 H085.7_2002  2 0.0664 0.0319 0.9018 
 H085.7_2003  2 0.0649 0.1504 0.7846 
 H085.8_2002  2 0.5169 0.1139 0.3692 
 H085.8_2003  2 0.0408 0.0373 0.9219 
      H085.9  2 0.0805 0.0588 0.8606 
      H088.1  2 0.1663 0.0449 0.7888 
      H088.2  2 0.1242 0.0441 0.8316 
      H088.3  2 0.0418 0.0265 0.9317 
      H088.4  2 0.0722 0.0624 0.8654 
      H088.5  2 0.0519 0.0325 0.9157 
      H088.6  2 0.0433 0.0424 0.9142 
      H088.7  2 0.0410 0.0659 0.8931 
      H088.8  2 0.1357 0.1060 0.7583 
      H091.1  2 0.0467 0.0256 0.9277 
      H091.2  2 0.0365 0.0252 0.9383 
      H109.1  2 0.0205 0.8813 0.0982 
      H109.2  2 0.0578 0.5357 0.4065 
      H109.3  2 0.1062 0.7287 0.1651 
      H109.4  2 0.0535 0.8567 0.0898 
      H109.5  2 0.2122 0.1125 0.6753 
      H109.6  2 0.0518 0.8030 0.1453 
      H126.1  2 0.4074 0.5666 0.0259 
      H126.2  2 0.0718 0.8003 0.1279 
      H126.3  2 0.0258 0.7613 0.2129 
      H126.4  2 0.3741 0.5323 0.0936 
      H126.5  2 0.3903 0.5114 0.0983 
      H126.6  2 0.0283 0.4702 0.5015 
      H126.7  2 0.0293 0.0442 0.9265 
      H130.1  2 0.7252 0.0948 0.1799 
      H130.2  2 0.0590 0.0506 0.8904 
      H130.3  2 0.1740 0.0646 0.7614 
      H130.4  2 0.3085 0.4700 0.2216 
      H130.5  2 0.0850 0.0278 0.8872 
      H133.1  2 0.1145 0.6953 0.1901 
      H133.2  2 0.1068 0.5477 0.3455 
      H133.3  2 0.1235 0.6562 0.2203 
      H133.4  2 0.0650 0.8735 0.0615 
      H133.5  2 0.0452 0.7902 0.1646 
      H133.6  2 0.1094 0.3928 0.4978 
      H133.7  2 0.4835 0.4624 0.0541 
      H133.8  2 0.0501 0.9039 0.0460 
      H133.9  2 0.1341 0.6596 0.2063 
      H147.1  2 0.0872 0.0448 0.8681 
      H147.2  2 0.0164 0.0149 0.9687 
      H147.3  2 0.0220 0.0131 0.9649 
      H147.4  2 0.0149 0.0315 0.9535 
      H147.5  2 0.0278 0.0147 0.9576 
      H147.6  2 0.0254 0.0189 0.9558 
      H147.7  2 0.0307 0.0611 0.9081 
      H147.8  2 0.0093 0.0227 0.9680 
      H147.9  2 0.0231 0.0185 0.9585 
      H148.1  2 0.1521 0.7078 0.1401 
      H148.2  2 0.2254 0.6763 0.0983 
      H148.3  2 0.6076 0.3225 0.0699 
      H148.4  2 0.3021 0.6207 0.0772 
      H148.5  2 0.5654 0.3391 0.0954 
      H148.6  2 0.3496 0.4628 0.1876 
      H148.7  2 0.4014 0.5477 0.0509 
      H148.8  2 0.8607 0.0953 0.0440 
      H148.9  2 0.1950 0.7609 0.0441 
   H166022.1  2 0.0155 0.0179 0.9666 
   H166022.2  2 0.0320 0.0233 0.9448 
   H166022.3  2 0.0440 0.0217 0.9343 
   H166022.4  2 0.0216 0.0223 0.9562 
   H166022.5  2 0.0245 0.0169 0.9586 
   H166022.6  2 0.0594 0.0357 0.9049 
   H166022.7  2 0.0122 0.9746 0.0132 
   H166022.8  2 0.0871 0.0397 0.8732 
   H167397.1  2 0.0410 0.9017 0.0573 
   H167397.2  2 0.0570 0.8409 0.1021 
   H167397.3  2 0.0195 0.9571 0.0235 
   H167397.4  2 0.0587 0.8510 0.0903 
   H167397.5  2 0.0283 0.9292 0.0425 
   H167397.6  2 0.0449 0.9254 0.0297 
   H167496.1  2 0.5112 0.0965 0.3923 
   H167496.2  2 0.2833 0.5850 0.1317 
   H167496.3  2 0.4565 0.0338 0.5097 
   H167496.4  2 0.0155 0.0175 0.9671 
   H167496.6  2 0.0519 0.0379 0.9102 
   H167496.7  2 0.8560 0.0533 0.0908 
   H167496.8  2 0.0456 0.0366 0.9178 
   H167513.1  2 0.1047 0.8334 0.0619 
   H167513.2  2 0.5027 0.4559 0.0415 
   H167513.3  2 0.1953 0.4707 0.3340 
   H167513.4  2 0.1819 0.2932 0.5249 
   H167513.5  2 0.1692 0.7832 0.0476 
   H167513.6  2 0.1933 0.5709 0.2358 
   H167513.7  2 0.0348 0.6830 0.2822 
   H167513.8  2 0.0281 0.9363 0.0356 
   H167547.1  2 0.9121 0.0644 0.0236 
   H167547.2  2 0.8100 0.0978 0.0922 
   H167547.3  2 0.8206 0.1008 0.0786 
   H167547.4  2 0.7460 0.1474 0.1066 
   H167547.5  2 0.8404 0.0840 0.0756 
   H167547.6  2 0.8448 0.0729 0.0823 
   H167547.7  2 0.6256 0.2530 0.1214 
   H169750.1  2 0.5809 0.2485 0.1705 
   H169750.2  2 0.1647 0.6477 0.1876 
   H169750.3  2 0.4780 0.2155 0.3065 
   H169750.4  2 0.1283 0.8257 0.0460 
   H169750.5  2 0.1831 0.2735 0.5434 
   H169750.6  2 0.1130 0.1413 0.7457 
   H169750.7  2 0.1870 0.7302 0.0828 
   H171929.1  2 0.3911 0.5748 0.0341 
  H171929.10  2 0.2740 0.3276 0.3985 
  H171929.11  2 0.3050 0.6386 0.0564 
   H171929.2  2 0.7803 0.1846 0.0351 
   H171929.3  2 0.4089 0.5210 0.0701 
   H171929.4  2 0.6682 0.0352 0.2966 
   H171929.5  2 0.1944 0.7384 0.0672 
   H171929.6  2 0.0836 0.8897 0.0267 
   H171929.7  2 0.8172 0.1328 0.0500 
   H171929.8  2 0.8472 0.0971 0.0558 
   H171929.9  2 0.3637 0.0856 0.5507 
   H171930.1  2 0.1364 0.8060 0.0577 
   H171930.2  2 0.2756 0.2175 0.5069 
   H171930.3  2 0.0852 0.8626 0.0522 
   H171930.4  2 0.0995 0.6766 0.2239 
   H171930.5  2 0.2538 0.5876 0.1586 
   H171930.6  2 0.1014 0.4285 0.4701 
   H171930.7  2 0.0284 0.9343 0.0372 
   H171930.8  2 0.0490 0.8977 0.0533 
   H171933.1  2 0.0472 0.0493 0.9035 
   H171933.2  2 0.0378 0.0882 0.8740 
   H171933.3  2 0.1529 0.0407 0.8064 
   H171933.4  2 0.4256 0.0277 0.5467 
   H171933.5  2 0.7335 0.0957 0.1708 
   H171933.6  2 0.0224 0.0171 0.9605 
   H171933.7  2 0.0504 0.0443 0.9052 
   H171933.8  2 0.1075 0.1623 0.7302 
   H171933.9  2 0.0999 0.0168 0.8833 
      H190.1  2 0.5317 0.0715 0.3969 
      H190.2  2 0.7897 0.1251 0.0851 
      H190.3  2 0.7484 0.0787 0.1729 
      H190.4  2 0.5745 0.0374 0.3880 
      H190.5  2 0.3857 0.3671 0.2472 
      H190.6  2 0.7190 0.0244 0.2566 
      H190.7  2 0.9116 0.0201 0.0683 
      H190.8  2 0.6415 0.1722 0.1864 
      H190.9  2 0.8340 0.0788 0.0871 
      H400.1  2 0.0178 0.0235 0.9586 
      H400.2  2 0.0120 0.0229 0.9651 
      H400.3  2 0.0261 0.0632 0.9107 
      H400.4  2 0.0214 0.0216 0.9570 
      H400.5  2 0.0233 0.0356 0.9411 
      H400.6  2 0.0180 0.0141 0.9679 
      H400.7  2 0.0252 0.0192 0.9556 
 H428.1_2005  2 0.0263 0.0495 0.9242 
 H428.1_2006  2 0.0206 0.0171 0.9623 
 H428.2_2005  2 0.0377 0.0587 0.9035 
 H428.2_2006  2 0.0127 0.0155 0.9718 
 H428.3_2005  2 0.0201 0.0126 0.9673 
 H428.3_2006  2 0.0147 0.0228 0.9626 
 H428.4_2005  2 0.0263 0.0214 0.9522 
 H428.4_2006  2 0.0125 0.0087 0.9787 
 H428.5_2005  2 0.0146 0.0184 0.9670 
 H428.6_2005  2 0.0323 0.0286 0.9391 
 H428.6_2006  2 0.0145 0.0196 0.9659 
      H428.7  2 0.0113 0.0107 0.9780 
      H428.8  2 0.0197 0.0232 0.9572 
      H428.9  2 0.0170 0.0226 0.9604 
      H453.1  2 0.0167 0.0165 0.9668 
      H453.2  2 0.0200 0.0214 0.9586 
      H453.3  2 0.0264 0.0133 0.9604 
      H453.4  2 0.0191 0.0150 0.9659 
      H453.5  2 0.0127 0.0155 0.9718 
      H453.6  2 0.0104 0.0098 0.9797 
      H453.7  2 0.1002 0.0260 0.8737 
      H453.8  2 0.0886 0.0393 0.8720 
      H453.9  2 0.0175 0.0146 0.9679 
      H512.1  2 0.0289 0.0141 0.9570 
     H512.10  2 0.0939 0.1628 0.7433 
      H512.2  2 0.2270 0.0847 0.6883 
      H512.3  2 0.1890 0.3417 0.4694 
      H512.4  2 0.0462 0.0439 0.9099 
      H512.5  2 0.2349 0.5935 0.1716 
      H512.6  2 0.4296 0.1353 0.4351 
      H512.7  2 0.1176 0.3181 0.5644 
      H512.8  2 0.5149 0.1125 0.3726 
      H512.9  2 0.0795 0.1507 0.7698 
      H513.1  2 0.0153 0.0260 0.9587 
      H513.2  2 0.0206 0.0234 0.9560 
      H513.3  2 0.0178 0.0177 0.9646 
      H513.4  2 0.0242 0.0175 0.9583 
      H513.5  2 0.0122 0.0189 0.9689 
      H513.6  2 0.0392 0.5126 0.4482 
      H532.1  2 0.0261 0.0731 0.9008 
      H532.2  2 0.0503 0.0194 0.9303 
      H532.3  2 0.0737 0.0168 0.9095 
      H532.4  2 0.0264 0.0262 0.9474 
      H532.5  2 0.0305 0.0544 0.9151 
      H532.6  2 0.0207 0.0245 0.9549 
      H532.7  2 0.0233 0.0212 0.9555 
      H532.8  2 0.0636 0.0539 0.8825 
      H543.1  2 0.0180 0.9554 0.0266 
      H543.2  2 0.0334 0.8458 0.1207 
      H543.3  2 0.0217 0.9316 0.0467 
      H543.4  2 0.0267 0.9555 0.0178 
      H543.5  2 0.0160 0.9696 0.0144 
      H543.6  2 0.0302 0.9325 0.0372 
      H543.7  2 0.0210 0.9617 0.0173 
      H543.8  2 0.0242 0.8954 0.0804 
      H543.9  2 0.0245 0.9359 0.0397 
 H545.1_2005  2 0.0088 0.9789 0.0122 
 H545.1_2006  2 0.0133 0.9681 0.0186 
 H545.2_2005  2 0.0128 0.9754 0.0118 
 H545.2_2006  2 0.0122 0.9650 0.0228 
 H545.3_2005  2 0.0301 0.9533 0.0166 
 H545.3_2006  2 0.0077 0.9788 0.0135 
 H545.4_2005  2 0.0363 0.9442 0.0195 
 H545.4_2006  2 0.0141 0.9760 0.0099 
 H545.5_2005  2 0.0087 0.9695 0.0218 
 H545.5_2006  2 0.0268 0.9327 0.0405 
 H545.6_2005  2 0.0095 0.9760 0.0145 
 H545.6_2006  2 0.0141 0.9730 0.0129 
 H545.7_2005  2 0.0102 0.9712 0.0187 
 H545.7_2006  2 0.0079 0.9769 0.0152 
 H545.8_2005  2 0.0232 0.9382 0.0386 
 H545.8_2006  2 0.0148 0.9638 0.0214 
      H545.9  2 0.0246 0.9515 0.0238 
      H547.1  2 0.2984 0.0594 0.6422 
      H547.2  2 0.3014 0.0990 0.5996 
      H547.3  2 0.8307 0.0394 0.1299 
      H547.4  2 0.5898 0.0855 0.3248 
      H547.5  2 0.8537 0.0240 0.1223 
      H547.6  2 0.1103 0.0666 0.8231 
      H547.7  2 0.6886 0.0691 0.2422 
      H547.8  2 0.3843 0.0481 0.5676 
      H548.1  2 0.0139 0.9715 0.0146 
      H548.2  2 0.0273 0.9534 0.0193 
      H548.3  2 0.0151 0.9668 0.0182 
      H548.4  2 0.0203 0.9564 0.0232 
      H548.5  2 0.0132 0.9761 0.0108 
      H548.6  2 0.0135 0.9748 0.0117 
      H548.7  2 0.0147 0.9671 0.0182 
      H548.8  2 0.0167 0.9682 0.0151 
      H548.9  2 0.0315 0.9445 0.0240 
     H7389.1  2 0.0342 0.0216 0.9443 
     H7389.2  2 0.0367 0.0344 0.9289 
     H7389.3  2 0.0262 0.0224 0.9514 
     H7389.4  2 0.0114 0.0585 0.9301 
     H7389.5  2 0.0186 0.0670 0.9145 
     H7389.6  2 0.0172 0.0591 0.9237 
     H7389.7  2 0.0402 0.0529 0.9069 
     H7389.8  2 0.0333 0.4266 0.5401 
     H7389.9  2 0.0153 0.0709 0.9138 
      H747.1  2 0.7748 0.1065 0.1186 
      H747.2  2 0.5430 0.4257 0.0314 
      H747.3  2 0.6352 0.2562 0.1086 
      H747.4  2 0.6778 0.2707 0.0515 
      H747.5  2 0.4914 0.4542 0.0544 
      H747.6  2 0.2878 0.6736 0.0386 
      H747.7  2 0.5731 0.3674 0.0595 
     H7484.1  2 0.0396 0.0690 0.8915 
     H7484.2  2 0.1675 0.2429 0.5896 
     H7484.3  2 0.2685 0.3882 0.3433 
     H7484.4  2 0.0395 0.0939 0.8666 
     H7484.5  2 0.0699 0.3689 0.5612 
     H7484.6  2 0.4714 0.3727 0.1559 
     H7484.7  2 0.1584 0.1826 0.6590 
     H7484.8  2 0.0423 0.0823 0.8754 
     H7485.1  2 0.0235 0.9421 0.0345 
     H7485.2  2 0.0119 0.9645 0.0236 
     H7485.3  2 0.0099 0.9808 0.0093 
     H7485.4  2 0.0088 0.9754 0.0157 
     H7485.5  2 0.0149 0.9652 0.0199 
     H7485.6  2 0.0166 0.9484 0.0350 
     H7485.7  2 0.0132 0.9713 0.0155 
     H7496.1  2 0.0810 0.0253 0.8937 
    H7496.10  2 0.0160 0.0133 0.9707 
    H7496.11  2 0.0152 0.9498 0.0350 
     H7496.2  2 0.0325 0.0252 0.9423 
     H7496.3  2 0.0540 0.0346 0.9114 
     H7496.4  2 0.0248 0.0261 0.9491 
     H7496.5  2 0.0727 0.0327 0.8946 
     H7496.6  2 0.0834 0.0207 0.8959 
     H7496.7  2 0.0208 0.0155 0.9637 
     H7496.8  2 0.0814 0.0548 0.8639 
        UNK4  2 0.1634 0.5398 0.2968 
        UNK5  2 0.0239 0.1790 0.7971 
        UNK6  2 0.0968 0.2250 0.6782 
        UNK7  2 0.0276 0.1290 0.8433 
        UNK8  2 0.0214 0.4072 0.5714 
        UNK9  2 0.0298 0.4276 0.5426 
      H009.1  4 0.9613 0.0174 0.0214 
      H009.2  4 0.9422 0.0371 0.0208 
      H009.3  4 0.9580 0.0185 0.0235 
      H009.4  4 0.8826 0.0703 0.0471 
      H009.5  4 0.7669 0.1861 0.0469 
      H009.6  4 0.9372 0.0357 0.0271 
      H046.4  4 0.3811 0.2320 0.3869 
      H046.8  4 0.6498 0.2946 0.0556 
 H076.1_2002  4 0.9580 0.0225 0.0195 
 H076.1_2003  4 0.9721 0.0177 0.0102 
 H076.1_2004  4 0.9642 0.0210 0.0148 
 H076.2_2002  4 0.9464 0.0291 0.0245 
 H076.2_2003  4 0.9629 0.0253 0.0118 
 H076.2_2004  4 0.9241 0.0420 0.0339 
 H076.3_2002  4 0.9202 0.0349 0.0449 
 H076.3_2003  4 0.8618 0.1170 0.0212 
 H076.3_2004  4 0.9363 0.0354 0.0282 
 H076.4_2002  4 0.8470 0.0788 0.0742 
 H076.4_2003  4 0.9729 0.0155 0.0116 
 H076.4_2004  4 0.9191 0.0409 0.0400 
 H076.5_2002  4 0.9415 0.0195 0.0389 
 H076.5_2003  4 0.6497 0.3186 0.0318 
 H076.5_2004  4 0.7996 0.0955 0.1049 
 H076.6_2002  4 0.9327 0.0410 0.0262 
 H076.6_2003  4 0.9619 0.0243 0.0138 
 H076.6_2004  4 0.9467 0.0359 0.0174 
 H076.7_2002  4 0.8511 0.0511 0.0978 
 H076.7_2003  4 0.9200 0.0411 0.0389 
 H076.7_2004  4 0.9458 0.0366 0.0177 
      H477.1  4 0.5063 0.2009 0.2928 
      H477.2  4 0.6671 0.1774 0.1555 
      H477.3  4 0.0789 0.5525 0.3686 
      H477.4  4 0.1103 0.7364 0.1534 
      H477.5  4 0.1995 0.7404 0.0601 
      H477.6  4 0.1480 0.7416 0.1104 
      H477.7  4 0.0677 0.8654 0.0670 
 H479.1_2005  4 0.0248 0.0913 0.8839 
 H479.1_2006  4 0.8487 0.0459 0.1054 
     H479.10  4 0.0910 0.6769 0.2322 
 H479.2_2005  4 0.0779 0.3428 0.5793 
 H479.2_2006  4 0.2457 0.1580 0.5963 
 H479.3_2005  4 0.0792 0.1100 0.8108 
 H479.3_2006  4 0.2531 0.0488 0.6981 
 H479.4_2005  4 0.1228 0.5576 0.3196 
 H479.4_2006  4 0.0280 0.1378 0.8342 
 H479.5_2005  4 0.0752 0.5887 0.3361 
 H479.5_2006  4 0.0964 0.1926 0.7110 
 H479.6_2005  4 0.0221 0.9285 0.0494 
 H479.6_2006  4 0.0145 0.0562 0.9294 
 H479.7_2005  4 0.0421 0.1313 0.8267 
 H479.7_2006  4 0.0510 0.2242 0.7248 
 H479.8_2005  4 0.0216 0.0577 0.9207 
 H479.8_2006  4 0.0561 0.9252 0.0188 
      H479.9  4 0.7936 0.1104 0.0961 
      H516.1  4 0.9038 0.0588 0.0374 
      H516.2  4 0.0957 0.8724 0.0318 
      H516.3  4 0.4707 0.5035 0.0258 
      H516.4  4 0.4361 0.5395 0.0245 
      H516.5  4 0.8794 0.0984 0.0222 
      H516.6  4 0.1044 0.8699 0.0257 
      H516.7  4 0.7420 0.1430 0.1150 
      H516.8  4 0.8759 0.1026 0.0214 
      H516.9  4 0.6539 0.2564 0.0897 
      H646.1  4 0.9488 0.0230 0.0282 
      H646.2  4 0.9693 0.0157 0.0150 
      H646.3  4 0.9689 0.0130 0.0181 
      H646.4  4 0.9366 0.0151 0.0483 
      H646.5  4 0.9455 0.0215 0.0330 
      H658.1  4 0.6713 0.3088 0.0199 
     H658.10  4 0.9287 0.0439 0.0275 
      H658.2  4 0.8324 0.1325 0.0351 
      H658.3  4 0.6398 0.2745 0.0858 
      H658.4  4 0.6689 0.2261 0.1051 
      H658.5  4 0.8038 0.0833 0.1129 
      H658.6  4 0.9408 0.0346 0.0246 
      H658.7  4 0.9413 0.0412 0.0175 
      H658.8  4 0.9241 0.0643 0.0117 
      H658.9  4 0.8587 0.1033 0.0380 
      H682.1  4 0.1925 0.2645 0.5430 
      H682.6  4 0.5219 0.1576 0.3205 
      H720.1  4 0.2361 0.0883 0.6756 
      H720.2  4 0.4445 0.0480 0.5075 
      H720.3  4 0.5778 0.2514 0.1709 
      H720.4  4 0.4814 0.3084 0.2102 
      H720.5  4 0.2174 0.6796 0.1031 
      H720.6  4 0.2292 0.6497 0.1211 
      H720.7  4 0.1164 0.0887 0.7949 
      H720.8  4 0.2328 0.0922 0.6749 
      H720.9  4 0.3682 0.2226 0.4092 
      H724.1  4 0.8479 0.1206 0.0315 
      H724.2  4 0.8282 0.1129 0.0589 
      H724.3  4 0.6401 0.1065 0.2534 
      H724.4  4 0.8244 0.1438 0.0319 
      H724.5  4 0.6107 0.0961 0.2933 
      H724.6  4 0.8599 0.0957 0.0444 
      H725.1  4 0.3507 0.2392 0.4100 
      H725.2  4 0.3401 0.2879 0.3720 
      H725.3  4 0.1346 0.6828 0.1826 
      H725.4  4 0.0905 0.2955 0.6140 
      H725.5  4 0.1807 0.1400 0.6793 
      H725.6  4 0.5241 0.4269 0.0490 
      H725.7  4 0.3931 0.4151 0.1918 
      H725.8  4 0.1177 0.8381 0.0442 
      H726.1  4 0.9640 0.0254 0.0106 
      H726.2  4 0.9233 0.0347 0.0420 
      H726.3  4 0.9572 0.0269 0.0159 
      H726.4  4 0.7580 0.2111 0.0309 
      H726.5  4 0.9097 0.0563 0.0339 
        UNK1  4 0.3572 0.2483 0.3945 
        UNK2  4 0.4173 0.3302 0.2525 
        UNK3  4 0.6283 0.0913 0.2804 
      H016.1  5 0.0379 0.9166 0.0454 
      H016.2  5 0.0191 0.9020 0.0789 
      H016.3  5 0.4566 0.5136 0.0298 
      H016.4  5 0.0208 0.8620 0.1172 
 H017.1_2002  5 0.9153 0.0564 0.0282 
 H017.1_2003  5 0.0354 0.9271 0.0375 
 H017.2_2002  5 0.7153 0.2354 0.0493 
 H017.2_2003  5 0.0335 0.9399 0.0266 
 H017.3_2002  5 0.0860 0.8892 0.0248 
 H017.3_2003  5 0.7965 0.1619 0.0416 
 H017.4_2002  5 0.2458 0.6224 0.1318 
 H017.4_2003  5 0.0335 0.9543 0.0122 
 H017.5_2002  5 0.0750 0.9077 0.0173 
 H017.5_2003  5 0.2816 0.6902 0.0282 
 H017.6_2002  5 0.6879 0.1740 0.1381 
 H017.6_2003  5 0.7324 0.2221 0.0455 
 H017.7_2002  5 0.1576 0.7639 0.0785 
 H017.7_2003  5 0.2908 0.6552 0.0540 
      H017.8  5 0.3708 0.5878 0.0415 
      H017.9  5 0.1892 0.7196 0.0911 
      H032.1  5 0.0954 0.8678 0.0368 
      H032.2  5 0.0552 0.9168 0.0280 
      H032.3  5 0.1600 0.7427 0.0972 
      H032.4  5 0.1302 0.8465 0.0234 
      H032.5  5 0.6624 0.2954 0.0421 
      H032.6  5 0.8208 0.1436 0.0356 
      H032.7  5 0.0939 0.8695 0.0366 
 H034.1_2002  5 0.8924 0.0665 0.0411 
 H034.1_2003  5 0.9389 0.0292 0.0319 
 H034.2_2002  5 0.6642 0.2749 0.0608 
 H034.2_2003  5 0.9156 0.0284 0.0560 
 H034.3_2002  5 0.5645 0.3795 0.0559 
 H034.3_2003  5 0.9455 0.0219 0.0327 
 H034.4_2002  5 0.8066 0.1111 0.0823 
 H034.4_2003  5 0.9346 0.0489 0.0166 
 H034.5_2002  5 0.8307 0.1468 0.0225 
 H034.5_2003  5 0.8258 0.1413 0.0330 
 H034.6_2002  5 0.7765 0.1826 0.0409 
 H034.6_2003  5 0.9184 0.0594 0.0221 
 H034.7_2002  5 0.9074 0.0531 0.0395 
 H034.7_2003  5 0.8611 0.1223 0.0166 
 H034.8_2002  5 0.9469 0.0300 0.0231 
 H034.8_2003  5 0.9024 0.0863 0.0113 
      H034.9  5 0.6010 0.2216 0.1774 
      H048.1  5 0.0799 0.8289 0.0912 
      H048.2  5 0.1061 0.4679 0.4260 
      H048.3  5 0.4339 0.4732 0.0929 
      H048.4  5 0.2703 0.6242 0.1056 
      H048.5  5 0.0694 0.7519 0.1787 
      H048.6  5 0.3470 0.5262 0.1268 
      H048.7  5 0.0784 0.8477 0.0740 
      H048.8  5 0.2393 0.7268 0.0339 
      H060.1  5 0.0743 0.8956 0.0301 
     H060.10  5 0.5832 0.3996 0.0172 
      H060.2  5 0.5123 0.4303 0.0574 
      H060.3  5 0.7482 0.2302 0.0216 
      H060.4  5 0.1239 0.8227 0.0534 
      H060.5  5 0.1263 0.8420 0.0317 
      H060.6  5 0.1068 0.8676 0.0256 
      H060.7  5 0.5352 0.3715 0.0933 
      H060.8  5 0.3020 0.6198 0.0782 
      H060.9  5 0.1250 0.8522 0.0227 
 H070.1_2002  5 0.1374 0.2293 0.6333 
 H070.1_2003  5 0.5043 0.3626 0.1331 
 H070.1_2004  5 0.9265 0.0536 0.0200 
 H070.2_2002  5 0.7313 0.0775 0.1912 
 H070.2_2003  5 0.4870 0.3190 0.1940 
 H070.2_2004  5 0.9451 0.0349 0.0200 
 H070.3_2002  5 0.3338 0.4356 0.2307 
 H070.3_2003  5 0.8462 0.1236 0.0302 
 H070.3_2004  5 0.5872 0.3348 0.0780 
 H070.4_2002  5 0.9049 0.0328 0.0624 
 H070.4_2003  5 0.5694 0.3622 0.0683 
 H070.4_2004  5 0.6797 0.0967 0.2236 
 H070.5_2002  5 0.0531 0.4705 0.4765 
 H070.5_2003  5 0.6242 0.3344 0.0415 
 H070.5_2004  5 0.8296 0.1371 0.0333 
 H070.6_2002  5 0.1124 0.3837 0.5039 
 H070.6_2003  5 0.9589 0.0213 0.0199 
 H070.6_2004  5 0.7863 0.0981 0.1157 
      H077.1  5 0.7637 0.2114 0.0249 
      H077.2  5 0.1003 0.8702 0.0295 
      H077.3  5 0.9141 0.0505 0.0354 
      H077.4  5 0.7460 0.2131 0.0409 
      H077.5  5 0.3682 0.6087 0.0231 
      H077.6  5 0.1919 0.7862 0.0219 
      H097.1  5 0.7699 0.0823 0.1477 
      H097.2  5 0.5496 0.0555 0.3950 
      H097.3  5 0.9209 0.0234 0.0557 
      H097.4  5 0.7646 0.0267 0.2087 
      H097.5  5 0.9478 0.0198 0.0323 
      H097.6  5 0.5210 0.0472 0.4318 
      H097.7  5 0.7212 0.0350 0.2437 
      H124.1  5 0.2166 0.1251 0.6583 
      H124.2  5 0.0670 0.7857 0.1473 
      H124.3  5 0.0358 0.6379 0.3262 
      H124.4  5 0.1844 0.5120 0.3036 
      H124.5  5 0.0636 0.8494 0.0870 
      H132.1  5 0.4852 0.4310 0.0838 
      H132.2  5 0.4031 0.5274 0.0696 
      H132.3  5 0.3572 0.6019 0.0410 
      H132.4  5 0.6740 0.2009 0.1251 
      H132.5  5 0.2143 0.7356 0.0500 
      H132.6  5 0.1371 0.8158 0.0471 
      H132.7  5 0.0707 0.3875 0.5418 
      H155.1  5 0.0263 0.6442 0.3295 
      H155.2  5 0.0683 0.3225 0.6092 
      H155.3  5 0.0206 0.1430 0.8363 
      H155.4  5 0.0229 0.2270 0.7501 
      H155.5  5 0.0347 0.5880 0.3773 
      H155.6  5 0.0363 0.5539 0.4099 
      H155.7  5 0.0633 0.6146 0.3220 
      H155.8  5 0.0231 0.1610 0.8159 
      H155.9  5 0.0345 0.6786 0.2869 
      H169.1  5 0.8500 0.1237 0.0263 
      H169.2  5 0.9009 0.0770 0.0221 
      H169.3  5 0.9578 0.0221 0.0201 
      H169.4  5 0.6853 0.2854 0.0293 
      H169.5  5 0.7658 0.1890 0.0452 
      H169.6  5 0.6347 0.3207 0.0445 
      H457.1  5 0.0839 0.0229 0.8932 
      H457.2  5 0.0342 0.0181 0.9477 
      H457.3  5 0.0637 0.0234 0.9129 
      H457.4  5 0.1932 0.0436 0.7632 
      H457.5  5 0.1275 0.4568 0.4157 
      H457.6  5 0.1185 0.1136 0.7679 
      H457.7  5 0.6237 0.0420 0.3343 
      H457.8  5 0.0374 0.2476 0.7150 
      H462.1  5 0.0791 0.6435 0.2773 
      H462.2  5 0.2970 0.2033 0.4998 
      H462.3  5 0.0941 0.4779 0.4281 
      H462.4  5 0.8010 0.1300 0.0690 
      H462.5  5 0.5494 0.2893 0.1613 
      H462.6  5 0.6105 0.2074 0.1821 
      H462.7  5 0.1147 0.1944 0.6909 
      H462.8  5 0.9013 0.0534 0.0453 
      H462.9  5 0.1742 0.3839 0.4419 
      H481.1  5 0.9523 0.0339 0.0137 
      H481.2  5 0.7426 0.2302 0.0272 
      H481.3  5 0.8675 0.1037 0.0288 
      H481.4  5 0.6121 0.3574 0.0305 
      H481.5  5 0.9217 0.0419 0.0364 
      H481.6  5 0.8208 0.0181 0.1611 
      H481.7  5 0.8292 0.0397 0.1311 
      H481.8  5 0.8733 0.0173 0.1094 
      H509.1  5 0.1095 0.8337 0.0568 
      H509.2  5 0.5504 0.1551 0.2945 
      H509.3  5 0.3549 0.1329 0.5122 
      H509.4  5 0.3737 0.1220 0.5044 
      H509.5  5 0.2223 0.1034 0.6742 
      H509.6  5 0.1152 0.7347 0.1500 
      H509.7  5 0.2059 0.2716 0.5225 
      H567.1  5 0.1230 0.3249 0.5521 
      H567.2  5 0.4162 0.0642 0.5197 
      H567.3  5 0.6420 0.0901 0.2679 
      H567.4  5 0.0576 0.0451 0.8972 
      H567.5  5 0.1222 0.1997 0.6781 
      H567.6  5 0.1726 0.3089 0.5185 
      H567.7  5 0.1395 0.0964 0.7640 
      H567.8  5 0.2263 0.2132 0.5605 
      H608.1  5 0.5760 0.1927 0.2313 
      H608.2  5 0.3486 0.4412 0.2103 
      H608.3  5 0.0655 0.7498 0.1847 
      H608.4  5 0.4451 0.3396 0.2152 
      H608.5  5 0.0402 0.5428 0.4170 
      H608.6  5 0.1080 0.8303 0.0617 
      H608.7  5 0.1045 0.6070 0.2885 
      H608.8  5 0.0513 0.7963 0.1524 
      H615.1  5 0.0431 0.9387 0.0181 
      H615.2  5 0.1161 0.8019 0.0819 
      H615.3  5 0.9374 0.0279 0.0348 
      H615.4  5 0.8529 0.0734 0.0737 
      H615.5  5 0.5349 0.4364 0.0287 
      H615.6  5 0.9413 0.0409 0.0178 
      H635.1  5 0.8629 0.0705 0.0666 
      H635.2  5 0.5907 0.1029 0.3064 
      H635.3  5 0.4225 0.2013 0.3761 
      H635.4  5 0.4301 0.1621 0.4078 
      H635.5  5 0.8068 0.0687 0.1245 
      H635.6  5 0.9404 0.0284 0.0312 
      H635.7  5 0.6771 0.1675 0.1553 
      H635.8  5 0.1000 0.0269 0.8731 
      H635.9  5 0.8406 0.0545 0.1049 
      H728.1  5 0.0148 0.9693 0.0159 
      H728.2  5 0.0336 0.9410 0.0254 
      H728.3  5 0.0223 0.9404 0.0373 
      H728.4  5 0.0211 0.9506 0.0283 
      H728.5  5 0.0241 0.9531 0.0228 
      H728.6  5 0.0240 0.9572 0.0189 
      H728.7  5 0.2484 0.4044 0.3472 
 H7395.1_200  5 0.3040 0.4978 0.1982 
 H7395.1_200  5 0.0224 0.9451 0.0325 
     H7395.2  5 0.0207 0.9571 0.0222 
     H7395.3  5 0.0196 0.9236 0.0568 
     H7395.4  5 0.0252 0.9529 0.0219 
     H7395.5  5 0.0120 0.9494 0.0386 
     H7395.6  5 0.0120 0.9543 0.0337 
     H7395.7  5 0.0287 0.9128 0.0585 
     H7395.8  5 0.0426 0.9195 0.0379 
     H7395.9  5 0.0427 0.9045 0.0528 
      H742.1  5 0.6355 0.2268 0.1377 
      H742.2  5 0.8379 0.0538 0.1083 
      H742.3  5 0.5410 0.4042 0.0548 
      H958.1  5 0.9601 0.0163 0.0235 
      H958.2  5 0.8883 0.0218 0.0899 
      H958.3  5 0.8565 0.0312 0.1123 
      H958.4  5 0.9689 0.0158 0.0153 
      H958.5  5 0.9154 0.0177 0.0669 
      H958.6  5 0.8186 0.0378 0.1435 
      H958.7  5 0.8450 0.0226 0.1324 
      H452.1 10 0.9679 0.0181 0.0139 
     H452.10 10 0.9538 0.0284 0.0179 
      H452.2 10 0.8664 0.0602 0.0734 
      H452.3 10 0.9673 0.0164 0.0163 
      H452.4 10 0.9463 0.0317 0.0220 
      H452.5 10 0.9341 0.0287 0.0371 
      H452.6 10 0.8140 0.1164 0.0697 
      H452.7 10 0.9229 0.0419 0.0351 
      H452.8 10 0.8956 0.0486 0.0559 
      H452.9 10 0.9369 0.0439 0.0192 
      H473.1 10 0.2833 0.1569 0.5598 
      H473.2 10 0.0195 0.1146 0.8659 
      H473.3 10 0.0179 0.0665 0.9156 
      H473.4 10 0.0307 0.0849 0.8844 
      H473.5 10 0.0168 0.0984 0.8847 
      H473.6 10 0.0213 0.1041 0.8746 
      H473.7 10 0.0240 0.0812 0.8948 
      H473.8 10 0.0193 0.1385 0.8422 
      H487.1 10 0.9725 0.0127 0.0148 
      H487.2 10 0.9537 0.0193 0.0270 
      H487.3 10 0.9694 0.0166 0.0139 
      H487.4 10 0.9455 0.0315 0.0229 
      H487.5 10 0.9743 0.0113 0.0144 
      H703.1 10 0.1003 0.8563 0.0434 
     H703.10 10 0.5053 0.3822 0.1125 
      H703.2 10 0.4123 0.5274 0.0603 
      H703.3 10 0.2634 0.6428 0.0938 
      H703.4 10 0.6157 0.1661 0.2181 
      H703.5 10 0.2169 0.0486 0.7345 
      H703.6 10 0.4943 0.2575 0.2482 
      H703.7 10 0.1003 0.6111 0.2886 
      H703.8 10 0.9483 0.0314 0.0203 
      H703.9 10 0.8356 0.1294 0.0350 
      H705.1 10 0.8380 0.0384 0.1236 
      H705.2 10 0.8125 0.0743 0.1132 
      H705.3 10 0.9654 0.0187 0.0159 
      H705.4 10 0.9561 0.0206 0.0233 
      H705.5 10 0.9478 0.0253 0.0270 
      H705.6 10 0.8809 0.0896 0.0295 
      H705.7 10 0.8559 0.0261 0.1181 
     H7352.1 10 0.0559 0.9216 0.0225 
     H7352.2 10 0.7719 0.2122 0.0159 
     H7352.3 10 0.9425 0.0449 0.0126 
     H7352.4 10 0.9324 0.0548 0.0128 
     H7352.5 10 0.0308 0.9518 0.0174 
     H7352.6 10 0.0933 0.8783 0.0284 
     H7352.7 10 0.9083 0.0776 0.0141 
     H7354.1 10 0.1155 0.8150 0.0696 
     H7354.2 10 0.3588 0.5035 0.1377 
     H7354.3 10 0.4291 0.4930 0.0779 
     H7354.4 10 0.1911 0.7312 0.0777 
     H7354.5 10 0.1448 0.7939 0.0613 
     H7354.6 10 0.8899 0.0528 0.0573 
     H7354.7 10 0.5495 0.4164 0.0341 
     H7359.1 10 0.3446 0.4462 0.2093 
     H7359.2 10 0.8190 0.0550 0.1259 
     H7359.3 10 0.9012 0.0298 0.0689 
     H7359.4 10 0.4454 0.4165 0.1382 
     H7359.5 10 0.9365 0.0332 0.0302 
      H909.1 10 0.9560 0.0287 0.0153 
      H909.2 10 0.9434 0.0274 0.0292 
      H909.3 10 0.9632 0.0257 0.0112 
      H909.4 10 0.9584 0.0190 0.0225 
      H909.6 10 0.9247 0.0473 0.0280 
      H909.8 10 0.9370 0.0265 0.0366 
      H909.9 10 0.7544 0.2261 0.0196 
     H9555.1 10 0.9713 0.0154 0.0132 
     H9555.2 10 0.9247 0.0308 0.0445 
     H9555.3 10 0.9296 0.0242 0.0462 
     H9555.4 10 0.9763 0.0117 0.0120 
     H9555.5 10 0.9526 0.0242 0.0232 
     H9555.6 10 0.6374 0.1264 0.2363 
     H9555.7 10 0.8747 0.0514 0.0740 
     H9703.1 10 0.9326 0.0242 0.0432 
     H9703.2 10 0.8815 0.0247 0.0938 
     H9703.3 10 0.8817 0.0695 0.0489 
     H9703.4 10 0.9338 0.0357 0.0305 
     H9703.5 10 0.3829 0.4631 0.1540 
     H9707.1 10 0.0663 0.8501 0.0836 
     H9707.2 10 0.3657 0.5709 0.0634 
     H9707.3 10 0.1785 0.5483 0.2733 
     H9707.4 10 0.9449 0.0245 0.0306 
     H9707.5 10 0.2888 0.5587 0.1525 
     H9707.6 10 0.3776 0.1141 0.5084 
     H9707.7 10 0.5709 0.2489 0.1802 
     H9707.8 10 0.2118 0.3306 0.4577 
     HSAA4.1 10 0.9101 0.0550 0.0349 
     HSAA4.2 10 0.9337 0.0318 0.0345 
     HSAA4.3 10 0.9576 0.0199 0.0224 
     HSAA4.4 10 0.8206 0.1444 0.0351 
     HSAA4.5 10 0.9590 0.0249 0.0161 
     HSAA4.6 10 0.9704 0.0173 0.0123 
     HSAA4.7 10 0.9774 0.0127 0.0099 
   saaRTON.1 10 0.9446 0.0271 0.0283 
  saaRTON.10 10 0.9349 0.0341 0.0310 
   saaRTON.2 10 0.9517 0.0208 0.0274 
   saaRTON.3 10 0.9509 0.0283 0.0207 
   saaRTON.4 10 0.9511 0.0228 0.0261 
   saaRTON.5 10 0.9533 0.0242 0.0224 
   saaRTON.6 10 0.9057 0.0362 0.0581 
   saaRTON.7 10 0.3921 0.0441 0.5637 
   saaRTON.8 10 0.9622 0.0215 0.0163 
   saaRTON.9 10 0.9609 0.0178 0.0212 
      H005.1 11 0.9118 0.0462 0.0420 
      H005.2 11 0.1439 0.2238 0.6323 
      H005.3 11 0.8842 0.0866 0.0292 
      H005.4 11 0.3326 0.3705 0.2969 
      H005.5 11 0.7704 0.1582 0.0714 
      H005.6 11 0.0645 0.6661 0.2694 
      H005.7 11 0.6905 0.1223 0.1872 
      H005.8 11 0.6002 0.3144 0.0854 
      H005.9 11 0.2168 0.2070 0.5762 
      H031.1 11 0.0966 0.8356 0.0678 
      H031.2 11 0.8914 0.0697 0.0390 
      H031.3 11 0.2796 0.2928 0.4276 
      H031.4 11 0.6486 0.2880 0.0635 
      H031.5 11 0.6254 0.1859 0.1886 
      H031.6 11 0.6079 0.3452 0.0469 
      H031.7 11 0.4337 0.2861 0.2802 
      H031.8 11 0.3890 0.5583 0.0526 
      H136.1 11 0.0905 0.7357 0.1738 
      H136.2 11 0.1525 0.2494 0.5980 
      H136.3 11 0.0492 0.2199 0.7309 
      H136.4 11 0.2111 0.6110 0.1779 
      H153.1 11 0.5205 0.3402 0.1393 
      H153.2 11 0.4065 0.5320 0.0615 
      H153.3 11 0.1728 0.7400 0.0872 
      H153.4 11 0.7681 0.2029 0.0290 
      H167.1 11 0.0429 0.2101 0.7470 
      H167.2 11 0.0509 0.6413 0.3078 
      H167.3 11 0.0357 0.6581 0.3062 
      H167.4 11 0.2225 0.0767 0.7008 
      H167.5 11 0.2022 0.3814 0.4164 
      H167.6 11 0.0300 0.8295 0.1404 
      H167.7 11 0.7204 0.1061 0.1735 
      H167.8 11 0.1584 0.4328 0.4087 
      H173.1 11 0.5770 0.0766 0.3464 
      H173.2 11 0.2134 0.4612 0.3254 
      H173.3 11 0.3780 0.1448 0.4773 
      H173.4 11 0.2727 0.2095 0.5178 
      H173.5 11 0.1227 0.2042 0.6731 
 H194.1_2003 11 0.8355 0.0223 0.1422 
 H194.2_2003 11 0.8700 0.0529 0.0771 
 H194.3_2003 11 0.9359 0.0191 0.0450 
 H194.4_2003 11 0.9161 0.0343 0.0496 
 H194.5_2003 11 0.6931 0.0708 0.2361 
 H194.6_2003 11 0.7240 0.0503 0.2257 
 H194.7_2003 11 0.8245 0.0207 0.1548 
 H194.8_2003 11 0.8719 0.0436 0.0844 
      H196.1 11 0.5861 0.3771 0.0368 
      H196.2 11 0.4917 0.3089 0.1995 
      H196.3 11 0.1389 0.8302 0.0309 
      H196.4 11 0.8445 0.0973 0.0582 
      H196.5 11 0.3485 0.2651 0.3864 
      H196.6 11 0.8734 0.0498 0.0768 
 H356.1_2001 11 0.1328 0.0292 0.8381 
 H356.1_2002 11 0.0393 0.0338 0.9269 
 H356.2_2001 11 0.1448 0.2294 0.6258 
 H356.2_2002 11 0.0883 0.0231 0.8886 
 H356.3_2001 11 0.1033 0.0407 0.8560 
 H356.3_2002 11 0.0577 0.0348 0.9075 
 H356.4_2001 11 0.0430 0.0321 0.9248 
 H356.4_2002 11 0.1397 0.0347 0.8256 
 H356.5_2001 11 0.1556 0.1323 0.7122 
 H356.5_2002 11 0.0359 0.0155 0.9486 
 H356.6_2001 11 0.0371 0.0373 0.9257 
 H356.6_2002 11 0.0521 0.0241 0.9238 
 H356.7_2001 11 0.4707 0.3525 0.1768 
 H356.7_2002 11 0.1209 0.0326 0.8465 
      H356.8 11 0.4085 0.0262 0.5653 
      H360.1 11 0.0529 0.0481 0.8991 
     H360.10 11 0.0392 0.0529 0.9078 
      H360.2 11 0.0282 0.0237 0.9481 
      H360.3 11 0.0540 0.0878 0.8582 
      H360.4 11 0.0196 0.0146 0.9658 
      H360.5 11 0.0257 0.0170 0.9573 
      H360.6 11 0.0509 0.0308 0.9183 
      H360.7 11 0.0509 0.0167 0.9324 
      H360.8 11 0.0374 0.0197 0.9429 
      H360.9 11 0.0868 0.0299 0.8833 
 H369.1_2001 11 0.1735 0.6491 0.1774 
 H369.1_2002 11 0.6612 0.3202 0.0186 
      H369.2 11 0.9264 0.0463 0.0273 
      H369.3 11 0.7724 0.1830 0.0446 
      H369.4 11 0.8935 0.0319 0.0746 
      H369.5 11 0.8717 0.0212 0.1070 
      H369.6 11 0.9044 0.0438 0.0518 
      H374.1 11 0.6191 0.1265 0.2545 
      H374.2 11 0.8853 0.0656 0.0491 
      H374.3 11 0.8696 0.0820 0.0484 
      H374.4 11 0.8046 0.0547 0.1407 
      H374.5 11 0.7504 0.1388 0.1108 
      H374.6 11 0.8086 0.0650 0.1264 
      H374.7 11 0.8167 0.0718 0.1115 
      H376.1 11 0.0226 0.0629 0.9145 
      H376.2 11 0.0239 0.0908 0.8853 
      H376.3 11 0.0857 0.2134 0.7009 
      H376.4 11 0.0298 0.1056 0.8645 
      H376.5 11 0.0276 0.0689 0.9035 
      H376.6 11 0.0245 0.1131 0.8623 
      H381.1 11 0.2114 0.5760 0.2126 
      H381.2 11 0.5795 0.3593 0.0612 
      H381.3 11 0.1982 0.5394 0.2624 
      H381.4 11 0.4459 0.3921 0.1619 
      H381.5 11 0.5555 0.4263 0.0182 
      H381.6 11 0.1820 0.6385 0.1795 
      H381.7 11 0.5378 0.3190 0.1432 
      H386.1 11 0.0456 0.9415 0.0129 
      H386.2 11 0.3298 0.6499 0.0203 
      H386.3 11 0.1725 0.8013 0.0261 
      H386.4 11 0.1576 0.7238 0.1186 
      H386.5 11 0.0353 0.9422 0.0225 
      H386.6 11 0.0355 0.9196 0.0449 
 H387.1_2001 11 0.6935 0.1717 0.1349 
 H387.2_2001 11 0.3970 0.0188 0.5842 
 H387.3_2001 11 0.0939 0.0485 0.8575 
 H387.4_2001 11 0.7905 0.0968 0.1126 
 H387.5_2001 11 0.8577 0.0113 0.1310 
 H387.6_2001 11 0.9502 0.0244 0.0254 
 H387.7_2001 11 0.7460 0.0743 0.1797 
      H387.9 11 0.5396 0.0377 0.4227 
      H392.1 11 0.0503 0.9350 0.0147 
      H392.2 11 0.0473 0.9203 0.0324 
      H392.3 11 0.0186 0.9704 0.0110 
      H392.4 11 0.1093 0.8683 0.0223 
      H392.5 11 0.0730 0.8207 0.1063 
      H392.6 11 0.0169 0.9697 0.0134 
      H392.7 11 0.0791 0.8692 0.0517 
 H393.1_2001 11 0.0698 0.0189 0.9113 
 H393.1_2002 11 0.8851 0.0278 0.0872 
 H393.2_2001 11 0.8241 0.0299 0.1460 
 H393.2_2002 11 0.7854 0.0272 0.1873 
 H393.3_2001 11 0.3769 0.0269 0.5962 
 H393.3_2002 11 0.7544 0.0559 0.1897 
 H393.4_2001 11 0.1760 0.0351 0.7889 
 H393.4_2002 11 0.4948 0.0323 0.4728 
      H393.5 11 0.0785 0.0263 0.8951 
      H393.7 11 0.0567 0.0224 0.9209 
      H393.8 11 0.0405 0.0267 0.9328 
      H393.9 11 0.8295 0.0286 0.1419 
      H394.1 11 0.7596 0.0509 0.1895 
      H394.2 11 0.7888 0.0694 0.1418 
      H394.3 11 0.2133 0.0374 0.7493 
      H394.4 11 0.9653 0.0124 0.0223 
      H394.5 11 0.1609 0.2047 0.6344 
      H394.6 11 0.8454 0.0578 0.0967 
      H394.7 11 0.9643 0.0247 0.0110 
      H394.8 11 0.2728 0.0546 0.6727 
      H394.9 11 0.9471 0.0169 0.0360 
      H412.1 11 0.9671 0.0167 0.0162 
      H412.2 11 0.8444 0.1391 0.0165 
      H412.3 11 0.9652 0.0174 0.0173 
      H412.4 11 0.7701 0.2086 0.0213 
      H412.5 11 0.9681 0.0154 0.0165 
      H412.6 11 0.9645 0.0196 0.0159 
      H412.7 11 0.9606 0.0239 0.0155 
      H412.8 11 0.9471 0.0167 0.0362 
      H412.9 11 0.9722 0.0143 0.0135 
        H439 11 0.0717 0.3253 0.6031 
      H439.1 11 0.4637 0.0709 0.4654 
      H439.2 11 0.1569 0.6054 0.2376 
      H439.3 11 0.2069 0.4164 0.3767 
      H439.4 11 0.0438 0.3497 0.6064 
      H439.5 11 0.2519 0.3957 0.3523 
      H439.6 11 0.0628 0.0949 0.8423 
      H439.7 11 0.2560 0.3650 0.3790 
      H439.8 11 0.0994 0.3649 0.5357 
      H439.9 11 0.0530 0.6928 0.2542 
 H441.1_2004 11 0.2594 0.6945 0.0461 
 H441.1_2005 11 0.0298 0.9558 0.0144 
 H441.2_2004 11 0.2971 0.6705 0.0324 
 H441.2_2005 11 0.1055 0.8787 0.0159 
 H441.3_2004 11 0.3784 0.5514 0.0702 
 H441.3_2005 11 0.0891 0.8944 0.0166 
 H441.4_2004 11 0.3071 0.6716 0.0212 
 H441.4_2005 11 0.1011 0.8800 0.0190 
 H441.5_2004 11 0.2341 0.7255 0.0404 
 H441.5_2005 11 0.1460 0.8337 0.0203 
 H441.6_2004 11 0.8176 0.1383 0.0441 
 H441.6_2005 11 0.2593 0.7171 0.0236 
 H441.7_2004 11 0.7032 0.2713 0.0255 
 H441.7_2005 11 0.2235 0.6974 0.0790 
 H441.8_2004 11 0.8488 0.1175 0.0338 
 H441.8_2005 11 0.0926 0.8939 0.0135 
 H441.9_2004 11 0.0924 0.7920 0.1156 
 H441.9_2005 11 0.1562 0.7641 0.0798 
 H442.1_2004 11 0.8283 0.0735 0.0982 
 H442.1_2005 11 0.8036 0.0912 0.1052 
 H442.2_2004 11 0.5975 0.1263 0.2762 
 H442.2_2005 11 0.8344 0.0943 0.0714 
 H442.3_2004 11 0.4806 0.4535 0.0659 
 H442.3_2005 11 0.8100 0.0614 0.1286 
 H442.4_2004 11 0.3333 0.5895 0.0772 
 H442.4_2005 11 0.9249 0.0275 0.0477 
 H442.5_2004 11 0.6649 0.3149 0.0201 
 H442.5_2005 11 0.9362 0.0345 0.0293 
 H442.6_2004 11 0.7703 0.1703 0.0594 
 H442.6_2005 11 0.8511 0.0512 0.0976 
      H442.7 11 0.8534 0.0963 0.0502 
      H442.8 11 0.9431 0.0390 0.0179 
      H442.9 11 0.6845 0.2664 0.0491 
      H446.1 11 0.1001 0.8644 0.0355 
      H446.2 11 0.4296 0.1333 0.4371 
      H446.3 11 0.4035 0.4877 0.1088 
      H446.4 11 0.0674 0.8773 0.0553 
      H446.5 11 0.0471 0.9203 0.0326 
      H446.6 11 0.1740 0.7868 0.0392 
      H446.7 11 0.4272 0.3697 0.2030 
      H447.1 11 0.0301 0.8754 0.0944 
      H447.2 11 0.1402 0.6886 0.1712 
      H447.3 11 0.1002 0.8728 0.0270 
      H447.4 11 0.0627 0.8349 0.1024 
      H447.5 11 0.1132 0.8581 0.0287 
      H447.6 11 0.0916 0.6349 0.2735 
      H447.7 11 0.0653 0.8696 0.0651 
      H447.8 11 0.0975 0.8703 0.0321 
      H447.9 11 0.0341 0.9294 0.0365 
      H448.1 11 0.1349 0.0811 0.7840 
      H448.2 11 0.8411 0.0273 0.1316 
      H448.3 11 0.5916 0.0441 0.3643 
      H448.4 11 0.8030 0.0305 0.1665 
      H586.1 11 0.0355 0.9186 0.0459 
