      H008.1  2 0.0477 0.8491 0.1031 
      H008.2  2 0.0846 0.2544 0.6610 
      H008.3  2 0.2442 0.4735 0.2823 
      H008.4  2 0.0635 0.5064 0.4301 
      H008.5  2 0.0317 0.8722 0.0961 
      H008.6  2 0.1112 0.1838 0.7051 
      H008.7  2 0.0757 0.4889 0.4355 
      H008.8  2 0.0899 0.1702 0.7399 
      H008.9  2 0.1996 0.0644 0.7360 
 H029.1_2002  2 0.0263 0.8885 0.0851 
 H029.1_2003  2 0.0459 0.6304 0.3237 
 H029.2_2002  2 0.0255 0.9275 0.0469 
 H029.2_2003  2 0.0330 0.7614 0.2056 
 H029.3_2002  2 0.0215 0.7097 0.2687 
 H029.3_2003  2 0.0204 0.9001 0.0795 
 H029.4_2002  2 0.0170 0.8677 0.1153 
 H029.4_2003  2 0.0484 0.4720 0.4796 
 H029.5_2002  2 0.0154 0.9621 0.0225 
 H029.5_2003  2 0.0278 0.6640 0.3082 
 H029.6_2002  2 0.0125 0.9027 0.0848 
 H029.6_2003  2 0.1695 0.6836 0.1470 
      H029.7  2 0.0231 0.9254 0.0515 
      H030.1  2 0.0558 0.9224 0.0218 
      H030.2  2 0.0352 0.7996 0.1652 
      H038.1  2 0.0186 0.7632 0.2182 
      H038.2  2 0.0211 0.9462 0.0326 
      H038.3  2 0.0393 0.5507 0.4100 
      H038.4  2 0.0299 0.3180 0.6522 
      H038.5  2 0.0183 0.5163 0.4653 
      H038.6  2 0.0115 0.9562 0.0324 
      H038.7  2 0.0186 0.7911 0.1903 
      H038.8  2 0.0250 0.5730 0.4020 
      H041.1  2 0.0530 0.8674 0.0796 
      H041.2  2 0.0746 0.6814 0.2439 
      H041.4  2 0.1260 0.7386 0.1354 
      H041.6  2 0.1345 0.7865 0.0790 
 H042.1_2002  2 0.2204 0.7404 0.0392 
 H042.1_2003  2 0.2105 0.1954 0.5941 
 H042.2_2002  2 0.0336 0.6861 0.2803 
 H042.2_2003  2 0.5550 0.3562 0.0888 
 H042.3_2002  2 0.2573 0.5542 0.1885 
 H042.3_2003  2 0.3384 0.3251 0.3365 
 H042.4_2002  2 0.1126 0.8474 0.0400 
 H042.4_2003  2 0.1308 0.8429 0.0263 
      H042.5  2 0.0657 0.9212 0.0131 
      H042.6  2 0.0356 0.9373 0.0271 
      H042.7  2 0.6325 0.3242 0.0434 
      H042.8  2 0.0811 0.8578 0.0611 
   H042_2002  2 0.2198 0.1313 0.6489 
   H042_2003  2 0.2364 0.1211 0.6426 
      H043.1  2 0.0243 0.0304 0.9453 
      H043.2  2 0.0650 0.0264 0.9087 
      H043.3  2 0.0305 0.0503 0.9192 
      H043.4  2 0.0388 0.0446 0.9166 
      H043.5  2 0.0133 0.0181 0.9685 
      H043.6  2 0.0224 0.0406 0.9370 
      H043.7  2 0.0905 0.0280 0.8815 
      H043.8  2 0.0383 0.0463 0.9154 
      H043.9  2 0.0195 0.0595 0.9209 
      H047.1  2 0.1728 0.3928 0.4344 
      H047.2  2 0.0887 0.8299 0.0814 
      H047.3  2 0.1457 0.7647 0.0897 
      H047.4  2 0.1948 0.6954 0.1098 
      H047.5  2 0.3407 0.5401 0.1193 
      H047.6  2 0.2108 0.3100 0.4792 
      H047.7  2 0.1824 0.4031 0.4145 
      H047.8  2 0.3715 0.2592 0.3694 
      H047.9  2 0.4145 0.4820 0.1036 
 H071.1_2002  2 0.0223 0.9439 0.0338 
 H071.1_2003  2 0.0776 0.8788 0.0436 
     H071.10  2 0.0123 0.9207 0.0670 
 H071.2_2002  2 0.0314 0.8946 0.0740 
 H071.2_2003  2 0.0153 0.9706 0.0141 
      H071.3  2 0.0329 0.6535 0.3137 
 H071.4_2002  2 0.0296 0.5618 0.4086 
 H071.4_2003  2 0.0147 0.9333 0.0520 
 H071.5_2002  2 0.0141 0.9579 0.0280 
 H071.5_2003  2 0.0376 0.7752 0.1872 
 H071.6_2002  2 0.0177 0.8853 0.0970 
 H071.6_2003  2 0.0191 0.9426 0.0383 
 H071.7_2002  2 0.0201 0.9276 0.0523 
 H071.7_2003  2 0.0316 0.8760 0.0925 
      H071.8  2 0.0280 0.8658 0.1062 
      H071.9  2 0.0337 0.4105 0.5558 
 H081.1_2002  2 0.0153 0.9686 0.0160 
 H081.1_2003  2 0.0474 0.4373 0.5154 
 H081.2_2002  2 0.0258 0.9542 0.0200 
 H081.2_2003  2 0.0222 0.8279 0.1499 
 H081.3_2002  2 0.0250 0.9418 0.0333 
 H081.3_2003  2 0.0714 0.4562 0.4724 
 H081.4_2002  2 0.0258 0.9372 0.0370 
 H081.4_2003  2 0.1411 0.6510 0.2079 
 H081.5_2002  2 0.0165 0.9559 0.0276 
 H081.5_2003  2 0.1088 0.7241 0.1671 
      H081.6  2 0.0230 0.9585 0.0185 
      H081.7  2 0.0261 0.9501 0.0238 
      H081.8  2 0.0222 0.8747 0.1031 
      H083.1  2 0.0130 0.9587 0.0283 
      H083.2  2 0.0197 0.9470 0.0333 
      H083.4  2 0.0139 0.9106 0.0755 
      H083.5  2 0.0166 0.9535 0.0299 
      H083.6  2 0.0167 0.9541 0.0293 
      H083.7  2 0.0258 0.9094 0.0648 
      H083.8  2 0.0211 0.9376 0.0412 
      H083.9  2 0.0136 0.9676 0.0188 
      H084.1  2 0.0394 0.3667 0.5939 
      H084.2  2 0.0205 0.3172 0.6623 
      H084.3  2 0.0762 0.1020 0.8219 
      H084.4  2 0.0537 0.0854 0.8609 
      H084.5  2 0.0415 0.1188 0.8397 
      H084.6  2 0.0545 0.1263 0.8192 
      H084.7  2 0.0278 0.5827 0.3895 
      H084.8  2 0.0724 0.1912 0.7364 
 H085.1_2002  2 0.0255 0.9230 0.0515 
 H085.1_2003  2 0.0213 0.9278 0.0509 
 H085.2_2002  2 0.0437 0.8811 0.0752 
 H085.2_2003  2 0.0203 0.9439 0.0359 
 H085.3_2002  2 0.2649 0.6984 0.0367 
 H085.3_2003  2 0.0401 0.9296 0.0302 
 H085.4_2002  2 0.0344 0.8175 0.1480 
 H085.4_2003  2 0.0462 0.9205 0.0333 
 H085.5_2002  2 0.4251 0.5235 0.0513 
 H085.5_2003  2 0.0139 0.9672 0.0189 
 H085.6_2002  2 0.0501 0.8782 0.0717 
 H085.6_2003  2 0.6706 0.2573 0.0721 
 H085.7_2002  2 0.0645 0.9077 0.0278 
 H085.7_2003  2 0.0645 0.7753 0.1602 
 H085.8_2002  2 0.4680 0.4082 0.1238 
 H085.8_2003  2 0.0453 0.9123 0.0424 
      H085.9  2 0.0870 0.8578 0.0552 
      H088.1  2 0.1373 0.8100 0.0527 
      H088.2  2 0.1112 0.8541 0.0348 
      H088.3  2 0.0392 0.9290 0.0318 
      H088.4  2 0.0543 0.8893 0.0564 
      H088.5  2 0.0524 0.9172 0.0304 
      H088.6  2 0.0508 0.9122 0.0369 
      H088.7  2 0.0373 0.8887 0.0740 
      H088.8  2 0.1066 0.7580 0.1354 
      H091.1  2 0.0412 0.9320 0.0268 
      H091.2  2 0.0341 0.9408 0.0251 
      H109.1  2 0.0217 0.0694 0.9088 
      H109.2  2 0.0600 0.3683 0.5717 
      H109.3  2 0.0946 0.1666 0.7388 
      H109.4  2 0.0638 0.0825 0.8537 
      H109.5  2 0.2493 0.6153 0.1353 
      H109.6  2 0.0643 0.1197 0.8160 
      H126.1  2 0.4764 0.0281 0.4954 
      H126.2  2 0.0547 0.0851 0.8602 
      H126.3  2 0.0177 0.1474 0.8349 
      H126.4  2 0.3623 0.0947 0.5430 
      H126.5  2 0.3890 0.1233 0.4876 
      H126.6  2 0.0222 0.4330 0.5448 
      H126.7  2 0.0366 0.9139 0.0495 
      H130.1  2 0.6867 0.2212 0.0920 
      H130.2  2 0.0718 0.8646 0.0635 
      H130.3  2 0.1738 0.7706 0.0556 
      H130.4  2 0.3474 0.2412 0.4114 
      H130.5  2 0.0718 0.9020 0.0262 
      H133.1  2 0.1333 0.1736 0.6932 
      H133.2  2 0.1195 0.2909 0.5896 
      H133.3  2 0.1567 0.2038 0.6396 
      H133.4  2 0.0801 0.0620 0.8579 
      H133.5  2 0.0371 0.1507 0.8122 
      H133.6  2 0.1095 0.4241 0.4665 
      H133.7  2 0.4506 0.0557 0.4937 
      H133.8  2 0.0482 0.0433 0.9086 
      H133.9  2 0.1503 0.1887 0.6610 
      H147.1  2 0.0645 0.8819 0.0535 
      H147.2  2 0.0148 0.9690 0.0162 
      H147.3  2 0.0192 0.9656 0.0151 
      H147.4  2 0.0190 0.9506 0.0304 
      H147.5  2 0.0257 0.9580 0.0163 
      H147.6  2 0.0239 0.9519 0.0242 
      H147.7  2 0.0340 0.8968 0.0693 
      H147.8  2 0.0097 0.9645 0.0258 
      H147.9  2 0.0219 0.9609 0.0172 
      H148.1  2 0.1641 0.1335 0.7025 
      H148.2  2 0.1988 0.0948 0.7064 
      H148.3  2 0.5054 0.0668 0.4278 
      H148.4  2 0.2838 0.0789 0.6373 
      H148.5  2 0.5366 0.1032 0.3602 
      H148.6  2 0.3231 0.2082 0.4687 
      H148.7  2 0.4387 0.0461 0.5153 
      H148.8  2 0.8567 0.0461 0.0972 
      H148.9  2 0.1814 0.0529 0.7657 
   H166022.1  2 0.0148 0.9697 0.0155 
   H166022.2  2 0.0332 0.9401 0.0267 
   H166022.3  2 0.0385 0.9418 0.0197 
   H166022.4  2 0.0170 0.9667 0.0163 
   H166022.5  2 0.0250 0.9594 0.0156 
   H166022.6  2 0.0572 0.9144 0.0284 
   H166022.7  2 0.0123 0.0147 0.9730 
   H166022.8  2 0.0715 0.8908 0.0378 
   H167397.1  2 0.0431 0.0583 0.8986 
   H167397.2  2 0.0530 0.0895 0.8575 
   H167397.3  2 0.0181 0.0267 0.9552 
   H167397.4  2 0.0569 0.0834 0.8596 
   H167397.5  2 0.0354 0.0441 0.9205 
   H167397.6  2 0.0381 0.0332 0.9287 
   H167496.1  2 0.5217 0.4020 0.0764 
   H167496.2  2 0.2624 0.1332 0.6044 
   H167496.3  2 0.4187 0.5514 0.0299 
   H167496.4  2 0.0154 0.9695 0.0150 
   H167496.6  2 0.0481 0.9102 0.0418 
   H167496.7  2 0.8376 0.1026 0.0598 
   H167496.8  2 0.0528 0.9097 0.0375 
   H167513.1  2 0.1250 0.0710 0.8040 
   H167513.2  2 0.4506 0.0376 0.5118 
   H167513.3  2 0.2123 0.3476 0.4401 
   H167513.4  2 0.2022 0.5007 0.2970 
   H167513.5  2 0.1821 0.0553 0.7626 
   H167513.6  2 0.2363 0.2160 0.5477 
   H167513.7  2 0.0324 0.2413 0.7263 
   H167513.8  2 0.0351 0.0319 0.9329 
   H167547.1  2 0.9010 0.0288 0.0701 
   H167547.2  2 0.7797 0.1051 0.1152 
   H167547.3  2 0.7963 0.0891 0.1146 
   H167547.4  2 0.7300 0.1372 0.1328 
   H167547.5  2 0.8022 0.1004 0.0974 
   H167547.6  2 0.8115 0.0981 0.0904 
   H167547.7  2 0.6350 0.1300 0.2350 
   H169750.1  2 0.6253 0.1678 0.2069 
   H169750.2  2 0.1770 0.2039 0.6192 
   H169750.3  2 0.5331 0.2442 0.2227 
   H169750.4  2 0.1355 0.0512 0.8133 
   H169750.5  2 0.2118 0.5221 0.2662 
   H169750.6  2 0.1236 0.7000 0.1763 
   H169750.7  2 0.2242 0.1123 0.6635 
   H171929.1  2 0.4138 0.0394 0.5467 
  H171929.10  2 0.2953 0.3957 0.3090 
  H171929.11  2 0.2558 0.0545 0.6897 
   H171929.2  2 0.8024 0.0443 0.1533 
   H171929.3  2 0.4101 0.0670 0.5229 
   H171929.4  2 0.7078 0.2613 0.0309 
   H171929.5  2 0.1659 0.0588 0.7753 
   H171929.6  2 0.1230 0.0254 0.8516 
   H171929.7  2 0.7886 0.0521 0.1593 
   H171929.8  2 0.8710 0.0419 0.0870 
   H171929.9  2 0.3492 0.5780 0.0728 
   H171930.1  2 0.1240 0.0436 0.8324 
   H171930.2  2 0.2756 0.4619 0.2625 
   H171930.3  2 0.0484 0.0542 0.8974 
   H171930.4  2 0.1072 0.2311 0.6617 
   H171930.5  2 0.2445 0.1386 0.6169 
   H171930.6  2 0.0908 0.4259 0.4833 
   H171930.7  2 0.0260 0.0298 0.9443 
   H171930.8  2 0.0516 0.0624 0.8860 
   H171933.1  2 0.0490 0.8994 0.0516 
   H171933.2  2 0.0366 0.8397 0.1237 
   H171933.3  2 0.1416 0.8225 0.0360 
   H171933.4  2 0.4016 0.5668 0.0317 
   H171933.5  2 0.7682 0.1608 0.0710 
   H171933.6  2 0.0226 0.9588 0.0186 
   H171933.7  2 0.0501 0.9085 0.0413 
   H171933.8  2 0.1057 0.7470 0.1473 
   H171933.9  2 0.1136 0.8695 0.0169 
      H190.1  2 0.5335 0.3545 0.1120 
      H190.2  2 0.7704 0.0853 0.1443 
      H190.3  2 0.6941 0.1809 0.1250 
      H190.4  2 0.5108 0.4442 0.0450 
      H190.5  2 0.3556 0.2259 0.4185 
      H190.6  2 0.6478 0.3225 0.0297 
      H190.7  2 0.8717 0.0982 0.0300 
      H190.8  2 0.6263 0.1611 0.2125 
      H190.9  2 0.8093 0.1077 0.0830 
      H400.1  2 0.0170 0.9554 0.0276 
      H400.2  2 0.0105 0.9645 0.0250 
      H400.3  2 0.0370 0.9156 0.0474 
      H400.4  2 0.0209 0.9513 0.0278 
      H400.5  2 0.0291 0.9359 0.0349 
      H400.6  2 0.0142 0.9714 0.0145 
      H400.7  2 0.0268 0.9535 0.0198 
 H428.1_2005  2 0.0261 0.9213 0.0526 
 H428.1_2006  2 0.0224 0.9636 0.0140 
 H428.2_2005  2 0.0439 0.8888 0.0673 
 H428.2_2006  2 0.0123 0.9723 0.0154 
 H428.3_2005  2 0.0230 0.9645 0.0124 
 H428.3_2006  2 0.0142 0.9629 0.0230 
 H428.4_2005  2 0.0313 0.9454 0.0233 
 H428.4_2006  2 0.0145 0.9760 0.0096 
 H428.5_2005  2 0.0136 0.9652 0.0212 
 H428.6_2005  2 0.0358 0.9449 0.0193 
 H428.6_2006  2 0.0177 0.9582 0.0241 
      H428.7  2 0.0109 0.9797 0.0094 
      H428.8  2 0.0162 0.9635 0.0203 
      H428.9  2 0.0149 0.9631 0.0220 
      H453.1  2 0.0141 0.9660 0.0199 
      H453.2  2 0.0207 0.9578 0.0215 
      H453.3  2 0.0232 0.9593 0.0176 
      H453.4  2 0.0207 0.9619 0.0174 
      H453.5  2 0.0108 0.9751 0.0141 
      H453.6  2 0.0110 0.9778 0.0112 
      H453.7  2 0.0859 0.8935 0.0206 
      H453.8  2 0.0947 0.8623 0.0430 
      H453.9  2 0.0166 0.9673 0.0160 
      H512.1  2 0.0242 0.9586 0.0172 
     H512.10  2 0.1057 0.7254 0.1689 
      H512.2  2 0.1846 0.7587 0.0567 
      H512.3  2 0.2080 0.4584 0.3336 
      H512.4  2 0.0439 0.9070 0.0491 
      H512.5  2 0.2202 0.1630 0.6168 
      H512.6  2 0.4257 0.4340 0.1403 
      H512.7  2 0.1204 0.5724 0.3073 
      H512.8  2 0.4954 0.3863 0.1183 
      H512.9  2 0.0735 0.7824 0.1441 
      H513.1  2 0.0153 0.9623 0.0224 
      H513.2  2 0.0212 0.9554 0.0234 
      H513.3  2 0.0175 0.9641 0.0184 
      H513.4  2 0.0203 0.9609 0.0188 
      H513.5  2 0.0109 0.9669 0.0222 
      H513.6  2 0.0467 0.4313 0.5220 
      H532.1  2 0.0232 0.8818 0.0950 
      H532.2  2 0.0413 0.9381 0.0205 
      H532.3  2 0.0730 0.9110 0.0160 
      H532.4  2 0.0262 0.9460 0.0277 
      H532.5  2 0.0333 0.9304 0.0363 
      H532.6  2 0.0261 0.9483 0.0256 
      H532.7  2 0.0173 0.9602 0.0225 
      H532.8  2 0.0491 0.8982 0.0527 
      H543.1  2 0.0171 0.0244 0.9585 
      H543.2  2 0.0498 0.1112 0.8390 
      H543.3  2 0.0169 0.0569 0.9262 
      H543.4  2 0.0234 0.0204 0.9563 
      H543.5  2 0.0148 0.0159 0.9693 
      H543.6  2 0.0335 0.0318 0.9347 
      H543.7  2 0.0171 0.0175 0.9654 
      H543.8  2 0.0207 0.0931 0.8862 
      H543.9  2 0.0229 0.0352 0.9420 
 H545.1_2005  2 0.0078 0.0129 0.9793 
 H545.1_2006  2 0.0144 0.0180 0.9676 
 H545.2_2005  2 0.0128 0.0107 0.9765 
 H545.2_2006  2 0.0143 0.0290 0.9567 
 H545.3_2005  2 0.0446 0.0210 0.9344 
 H545.3_2006  2 0.0082 0.0159 0.9759 
 H545.4_2005  2 0.0356 0.0184 0.9460 
 H545.4_2006  2 0.0151 0.0108 0.9741 
 H545.5_2005  2 0.0098 0.0197 0.9705 
 H545.5_2006  2 0.0225 0.0366 0.9409 
 H545.6_2005  2 0.0088 0.0151 0.9761 
 H545.6_2006  2 0.0133 0.0139 0.9728 
 H545.7_2005  2 0.0110 0.0201 0.9690 
 H545.7_2006  2 0.0095 0.0150 0.9756 
 H545.8_2005  2 0.0198 0.0332 0.9469 
 H545.8_2006  2 0.0118 0.0235 0.9648 
      H545.9  2 0.0261 0.0233 0.9506 
      H547.1  2 0.2751 0.6853 0.0396 
      H547.2  2 0.2339 0.6434 0.1227 
      H547.3  2 0.8097 0.1599 0.0304 
      H547.4  2 0.5096 0.3855 0.1048 
      H547.5  2 0.7567 0.2067 0.0366 
      H547.6  2 0.0929 0.8403 0.0669 
      H547.7  2 0.6047 0.3154 0.0799 
      H547.8  2 0.3271 0.6253 0.0476 
      H548.1  2 0.0164 0.0117 0.9719 
      H548.2  2 0.0233 0.0183 0.9584 
      H548.3  2 0.0143 0.0159 0.9698 
      H548.4  2 0.0233 0.0232 0.9534 
      H548.5  2 0.0104 0.0123 0.9773 
      H548.6  2 0.0130 0.0093 0.9777 
      H548.7  2 0.0131 0.0167 0.9702 
      H548.8  2 0.0151 0.0150 0.9699 
      H548.9  2 0.0311 0.0253 0.9436 
     H7389.1  2 0.0383 0.9440 0.0177 
     H7389.2  2 0.0362 0.9251 0.0386 
     H7389.3  2 0.0345 0.9424 0.0231 
     H7389.4  2 0.0123 0.9387 0.0491 
     H7389.5  2 0.0178 0.9257 0.0565 
     H7389.6  2 0.0225 0.9269 0.0506 
     H7389.7  2 0.0356 0.9189 0.0455 
     H7389.8  2 0.0305 0.5479 0.4216 
     H7389.9  2 0.0150 0.9277 0.0573 
      H747.1  2 0.7621 0.1342 0.1037 
      H747.2  2 0.6181 0.0297 0.3522 
      H747.3  2 0.6508 0.0926 0.2566 
      H747.4  2 0.6669 0.0483 0.2848 
      H747.5  2 0.5818 0.0296 0.3886 
      H747.6  2 0.2654 0.0479 0.6868 
      H747.7  2 0.6073 0.0545 0.3382 
     H7484.1  2 0.0371 0.8628 0.1001 
     H7484.2  2 0.1957 0.5044 0.2998 
     H7484.3  2 0.2479 0.3159 0.4363 
     H7484.4  2 0.0443 0.8818 0.0738 
     H7484.5  2 0.0808 0.4967 0.4225 
     H7484.6  2 0.4686 0.1382 0.3932 
     H7484.7  2 0.1740 0.6297 0.1963 
     H7484.8  2 0.0409 0.8775 0.0816 
     H7485.1  2 0.0256 0.0278 0.9466 
     H7485.2  2 0.0091 0.0198 0.9710 
     H7485.3  2 0.0099 0.0102 0.9800 
     H7485.4  2 0.0094 0.0171 0.9734 
     H7485.5  2 0.0148 0.0209 0.9643 
     H7485.6  2 0.0205 0.0303 0.9492 
     H7485.7  2 0.0149 0.0152 0.9698 
     H7496.1  2 0.0779 0.8968 0.0253 
    H7496.10  2 0.0183 0.9673 0.0144 
    H7496.11  2 0.0145 0.0416 0.9439 
     H7496.2  2 0.0265 0.9423 0.0313 
     H7496.3  2 0.0634 0.8962 0.0404 
     H7496.4  2 0.0266 0.9500 0.0235 
     H7496.5  2 0.0816 0.8866 0.0318 
     H7496.6  2 0.0780 0.9011 0.0208 
     H7496.7  2 0.0176 0.9663 0.0161 
     H7496.8  2 0.0631 0.8828 0.0541 
        UNK4  2 0.1451 0.3061 0.5488 
        UNK5  2 0.0272 0.7930 0.1798 
        UNK6  2 0.1043 0.6830 0.2127 
        UNK7  2 0.0251 0.8665 0.1084 
        UNK8  2 0.0247 0.5595 0.4158 
        UNK9  2 0.0330 0.5252 0.4418 
      H009.1  4 0.9610 0.0223 0.0167 
      H009.2  4 0.9361 0.0298 0.0341 
      H009.3  4 0.9538 0.0227 0.0235 
      H009.4  4 0.9055 0.0400 0.0545 
      H009.5  4 0.7803 0.0529 0.1668 
      H009.6  4 0.9438 0.0259 0.0303 
      H046.4  4 0.3595 0.3903 0.2502 
      H046.8  4 0.6139 0.0575 0.3286 
 H076.1_2002  4 0.9576 0.0190 0.0233 
 H076.1_2003  4 0.9726 0.0103 0.0170 
 H076.1_2004  4 0.9496 0.0196 0.0308 
 H076.2_2002  4 0.9631 0.0161 0.0208 
 H076.2_2003  4 0.9657 0.0119 0.0224 
 H076.2_2004  4 0.9413 0.0303 0.0284 
 H076.3_2002  4 0.9220 0.0450 0.0329 
 H076.3_2003  4 0.8063 0.0234 0.1702 
 H076.3_2004  4 0.9333 0.0271 0.0396 
 H076.4_2002  4 0.8625 0.0581 0.0793 
 H076.4_2003  4 0.9709 0.0116 0.0175 
 H076.4_2004  4 0.9113 0.0465 0.0422 
 H076.5_2002  4 0.9499 0.0308 0.0193 
 H076.5_2003  4 0.6452 0.0273 0.3276 
 H076.5_2004  4 0.8088 0.1020 0.0893 
 H076.6_2002  4 0.9327 0.0245 0.0427 
 H076.6_2003  4 0.9518 0.0175 0.0307 
 H076.6_2004  4 0.9392 0.0147 0.0461 
 H076.7_2002  4 0.8606 0.0889 0.0506 
 H076.7_2003  4 0.9333 0.0340 0.0327 
 H076.7_2004  4 0.9411 0.0183 0.0406 
      H477.1  4 0.4837 0.3235 0.1928 
      H477.2  4 0.6469 0.1612 0.1919 
      H477.3  4 0.0700 0.3464 0.5836 
      H477.4  4 0.0969 0.1379 0.7652 
      H477.5  4 0.2096 0.0671 0.7233 
      H477.6  4 0.1670 0.1092 0.7238 
      H477.7  4 0.0578 0.0695 0.8727 
 H479.1_2005  4 0.0241 0.8763 0.0996 
 H479.1_2006  4 0.8613 0.0834 0.0553 
     H479.10  4 0.0707 0.2115 0.7178 
 H479.2_2005  4 0.0789 0.6052 0.3159 
 H479.2_2006  4 0.2767 0.5987 0.1246 
 H479.3_2005  4 0.0879 0.7980 0.1141 
 H479.3_2006  4 0.2752 0.6591 0.0657 
 H479.4_2005  4 0.1148 0.3535 0.5317 
 H479.4_2006  4 0.0373 0.8028 0.1599 
 H479.5_2005  4 0.0747 0.3219 0.6033 
 H479.5_2006  4 0.1261 0.6890 0.1849 
 H479.6_2005  4 0.0265 0.0520 0.9216 
 H479.6_2006  4 0.0160 0.9046 0.0794 
 H479.7_2005  4 0.0324 0.8471 0.1205 
 H479.7_2006  4 0.0553 0.7271 0.2177 
 H479.8_2005  4 0.0211 0.9081 0.0708 
 H479.8_2006  4 0.0631 0.0199 0.9170 
      H479.9  4 0.8142 0.0988 0.0870 
      H516.1  4 0.9168 0.0365 0.0468 
      H516.2  4 0.1591 0.0403 0.8006 
      H516.3  4 0.5627 0.0336 0.4036 
      H516.4  4 0.5350 0.0279 0.4370 
      H516.5  4 0.8782 0.0230 0.0988 
      H516.6  4 0.1655 0.0247 0.8098 
      H516.7  4 0.7746 0.1106 0.1148 
      H516.8  4 0.8857 0.0192 0.0951 
      H516.9  4 0.7035 0.0937 0.2028 
      H646.1  4 0.9497 0.0285 0.0218 
      H646.2  4 0.9710 0.0160 0.0130 
      H646.3  4 0.9649 0.0182 0.0169 
      H646.4  4 0.9366 0.0448 0.0186 
      H646.5  4 0.9470 0.0381 0.0150 
      H658.1  4 0.7627 0.0220 0.2154 
     H658.10  4 0.9257 0.0298 0.0445 
      H658.2  4 0.8841 0.0271 0.0888 
      H658.3  4 0.7170 0.0818 0.2012 
      H658.4  4 0.7328 0.0974 0.1698 
      H658.5  4 0.8527 0.0896 0.0578 
      H658.6  4 0.9442 0.0242 0.0316 
      H658.7  4 0.9464 0.0191 0.0345 
      H658.8  4 0.9244 0.0121 0.0635 
      H658.9  4 0.9039 0.0306 0.0654 
      H682.1  4 0.1750 0.5702 0.2548 
      H682.6  4 0.5350 0.3433 0.1216 
      H720.1  4 0.2571 0.6550 0.0880 
      H720.2  4 0.4339 0.5052 0.0608 
      H720.3  4 0.5490 0.1694 0.2816 
      H720.4  4 0.4497 0.2264 0.3239 
      H720.5  4 0.1959 0.1067 0.6974 
      H720.6  4 0.2210 0.1036 0.6754 
      H720.7  4 0.1159 0.7972 0.0869 
      H720.8  4 0.1809 0.7227 0.0963 
      H720.9  4 0.3598 0.4005 0.2397 
      H724.1  4 0.8618 0.0365 0.1018 
      H724.2  4 0.8266 0.0619 0.1115 
      H724.3  4 0.6760 0.2541 0.0698 
      H724.4  4 0.8345 0.0281 0.1374 
      H724.5  4 0.6156 0.2763 0.1081 
      H724.6  4 0.8109 0.0547 0.1344 
      H725.1  4 0.3647 0.3939 0.2413 
      H725.2  4 0.3129 0.4098 0.2773 
      H725.3  4 0.1331 0.1696 0.6973 
      H725.4  4 0.0757 0.6302 0.2941 
      H725.5  4 0.1885 0.6789 0.1326 
      H725.6  4 0.4840 0.0437 0.4723 
      H725.7  4 0.3858 0.1867 0.4275 
      H725.8  4 0.0866 0.0240 0.8894 
      H726.1  4 0.9682 0.0116 0.0202 
      H726.2  4 0.9162 0.0493 0.0345 
      H726.3  4 0.9603 0.0161 0.0236 
      H726.4  4 0.8261 0.0278 0.1460 
      H726.5  4 0.9120 0.0285 0.0595 
        UNK1  4 0.3544 0.4066 0.2390 
        UNK2  4 0.4341 0.2358 0.3301 
        UNK3  4 0.6478 0.2706 0.0815 
      H016.1  5 0.0307 0.0393 0.9300 
      H016.2  5 0.0167 0.0505 0.9328 
      H016.3  5 0.4654 0.0310 0.5036 
      H016.4  5 0.0221 0.0723 0.9056 
 H017.1_2002  5 0.9390 0.0236 0.0374 
 H017.1_2003  5 0.0402 0.0348 0.9249 
 H017.2_2002  5 0.7479 0.0485 0.2036 
 H017.2_2003  5 0.0656 0.0333 0.9011 
 H017.3_2002  5 0.0847 0.0260 0.8893 
 H017.3_2003  5 0.8016 0.0398 0.1586 
 H017.4_2002  5 0.2616 0.1165 0.6220 
 H017.4_2003  5 0.0549 0.0143 0.9308 
 H017.5_2002  5 0.0739 0.0139 0.9121 
 H017.5_2003  5 0.3480 0.0282 0.6238 
 H017.6_2002  5 0.6662 0.1390 0.1948 
 H017.6_2003  5 0.8023 0.0361 0.1615 
 H017.7_2002  5 0.1666 0.0750 0.7585 
 H017.7_2003  5 0.3650 0.0470 0.5880 
      H017.8  5 0.3693 0.0352 0.5956 
      H017.9  5 0.2123 0.0740 0.7136 
      H032.1  5 0.1130 0.0359 0.8511 
      H032.2  5 0.0682 0.0322 0.8996 
      H032.3  5 0.2364 0.1311 0.6325 
      H032.4  5 0.1458 0.0265 0.8277 
      H032.5  5 0.6801 0.0523 0.2676 
      H032.6  5 0.8395 0.0356 0.1249 
      H032.7  5 0.0726 0.0430 0.8844 
 H034.1_2002  5 0.8952 0.0378 0.0670 
 H034.1_2003  5 0.9503 0.0191 0.0307 
 H034.2_2002  5 0.6513 0.0679 0.2808 
 H034.2_2003  5 0.9367 0.0345 0.0289 
 H034.3_2002  5 0.5693 0.0613 0.3694 
 H034.3_2003  5 0.9319 0.0446 0.0235 
 H034.4_2002  5 0.7404 0.0889 0.1707 
 H034.4_2003  5 0.9381 0.0145 0.0474 
 H034.5_2002  5 0.8131 0.0176 0.1693 
 H034.5_2003  5 0.8502 0.0276 0.1222 
 H034.6_2002  5 0.8266 0.0406 0.1328 
 H034.6_2003  5 0.9440 0.0174 0.0386 
 H034.7_2002  5 0.9255 0.0378 0.0367 
 H034.7_2003  5 0.8780 0.0219 0.1001 
 H034.8_2002  5 0.9439 0.0239 0.0322 
 H034.8_2003  5 0.9173 0.0151 0.0677 
      H034.9  5 0.6338 0.1423 0.2239 
      H048.1  5 0.0908 0.1000 0.8092 
      H048.2  5 0.1433 0.4696 0.3871 
      H048.3  5 0.4551 0.1288 0.4160 
      H048.4  5 0.2715 0.1753 0.5532 
      H048.5  5 0.0784 0.2051 0.7165 
      H048.6  5 0.3090 0.1584 0.5327 
      H048.7  5 0.1034 0.0952 0.8014 
      H048.8  5 0.2687 0.0441 0.6872 
      H060.1  5 0.0675 0.0397 0.8928 
     H060.10  5 0.5563 0.0210 0.4227 
      H060.2  5 0.4715 0.0742 0.4543 
      H060.3  5 0.7483 0.0176 0.2341 
      H060.4  5 0.1299 0.0476 0.8226 
      H060.5  5 0.1282 0.0312 0.8406 
      H060.6  5 0.0959 0.0258 0.8783 
      H060.7  5 0.5004 0.1045 0.3951 
      H060.8  5 0.2710 0.0794 0.6495 
      H060.9  5 0.1219 0.0257 0.8524 
 H070.1_2002  5 0.1434 0.6021 0.2545 
 H070.1_2003  5 0.5018 0.1534 0.3449 
 H070.1_2004  5 0.9252 0.0249 0.0498 
 H070.2_2002  5 0.6935 0.2265 0.0800 
 H070.2_2003  5 0.4711 0.1653 0.3637 
 H070.2_2004  5 0.9375 0.0175 0.0451 
 H070.3_2002  5 0.3422 0.2310 0.4269 
 H070.3_2003  5 0.8479 0.0354 0.1167 
 H070.3_2004  5 0.5787 0.0827 0.3386 
 H070.4_2002  5 0.8960 0.0701 0.0339 
 H070.4_2003  5 0.5913 0.0616 0.3470 
 H070.4_2004  5 0.7232 0.2048 0.0720 
 H070.5_2002  5 0.0506 0.4139 0.5355 
 H070.5_2003  5 0.6742 0.0391 0.2866 
 H070.5_2004  5 0.7876 0.0368 0.1756 
 H070.6_2002  5 0.1107 0.5126 0.3767 
 H070.6_2003  5 0.9581 0.0218 0.0201 
 H070.6_2004  5 0.7846 0.1146 0.1008 
      H077.1  5 0.7633 0.0251 0.2116 
      H077.2  5 0.0874 0.0269 0.8857 
      H077.3  5 0.9030 0.0333 0.0637 
      H077.4  5 0.7875 0.0327 0.1798 
      H077.5  5 0.3963 0.0311 0.5726 
      H077.6  5 0.1958 0.0255 0.7787 
      H097.1  5 0.7339 0.1944 0.0717 
      H097.2  5 0.4518 0.4903 0.0580 
      H097.3  5 0.9318 0.0455 0.0226 
      H097.4  5 0.6946 0.2808 0.0246 
      H097.5  5 0.9281 0.0498 0.0221 
      H097.6  5 0.4076 0.5468 0.0456 
      H097.7  5 0.6720 0.2916 0.0364 
      H124.1  5 0.2307 0.6514 0.1178 
      H124.2  5 0.0755 0.1329 0.7916 
      H124.3  5 0.0392 0.3532 0.6076 
      H124.4  5 0.1824 0.3259 0.4917 
      H124.5  5 0.0676 0.0881 0.8442 
      H132.1  5 0.4794 0.1080 0.4126 
      H132.2  5 0.3176 0.0574 0.6250 
      H132.3  5 0.2897 0.0441 0.6662 
      H132.4  5 0.5892 0.1391 0.2717 
      H132.5  5 0.1629 0.0338 0.8033 
      H132.6  5 0.1166 0.0422 0.8411 
      H132.7  5 0.0543 0.5041 0.4416 
      H155.1  5 0.0244 0.3071 0.6685 
      H155.2  5 0.0772 0.5309 0.3919 
      H155.3  5 0.0200 0.8337 0.1463 
      H155.4  5 0.0257 0.6760 0.2983 
      H155.5  5 0.0292 0.3126 0.6582 
      H155.6  5 0.0363 0.4281 0.5356 
      H155.7  5 0.0768 0.3258 0.5974 
      H155.8  5 0.0238 0.8230 0.1532 
      H155.9  5 0.0314 0.2809 0.6877 
      H169.1  5 0.8435 0.0281 0.1284 
      H169.2  5 0.8952 0.0227 0.0822 
      H169.3  5 0.9640 0.0139 0.0221 
      H169.4  5 0.7523 0.0332 0.2145 
      H169.5  5 0.7880 0.0442 0.1678 
      H169.6  5 0.6483 0.0482 0.3035 
      H457.1  5 0.0803 0.8923 0.0275 
      H457.2  5 0.0333 0.9489 0.0178 
      H457.3  5 0.0534 0.9233 0.0233 
      H457.4  5 0.1936 0.7572 0.0491 
      H457.5  5 0.1622 0.4087 0.4291 
      H457.6  5 0.1411 0.7541 0.1048 
      H457.7  5 0.6198 0.3438 0.0364 
      H457.8  5 0.0566 0.7204 0.2230 
      H462.1  5 0.0928 0.2518 0.6554 
      H462.2  5 0.2837 0.4761 0.2403 
      H462.3  5 0.0987 0.3645 0.5368 
      H462.4  5 0.8339 0.0706 0.0955 
      H462.5  5 0.5645 0.1433 0.2921 
      H462.6  5 0.6480 0.1678 0.1842 
      H462.7  5 0.1386 0.6561 0.2053 
      H462.8  5 0.9210 0.0333 0.0456 
      H462.9  5 0.1703 0.4453 0.3843 
      H481.1  5 0.9448 0.0133 0.0419 
      H481.2  5 0.7264 0.0275 0.2461 
      H481.3  5 0.8315 0.0357 0.1329 
      H481.4  5 0.6050 0.0292 0.3657 
      H481.5  5 0.8972 0.0390 0.0638 
      H481.6  5 0.8252 0.1548 0.0200 
      H481.7  5 0.8271 0.1390 0.0339 
      H481.8  5 0.8818 0.1002 0.0180 
      H509.1  5 0.1166 0.0529 0.8305 
      H509.2  5 0.6195 0.2510 0.1295 
      H509.3  5 0.3705 0.4885 0.1410 
      H509.4  5 0.3539 0.5192 0.1269 
      H509.5  5 0.2251 0.6628 0.1122 
      H509.6  5 0.1121 0.1514 0.7365 
      H509.7  5 0.2036 0.5829 0.2135 
      H567.1  5 0.1777 0.5414 0.2809 
      H567.2  5 0.4420 0.4984 0.0596 
      H567.3  5 0.6183 0.2916 0.0901 
      H567.4  5 0.0612 0.8956 0.0432 
      H567.5  5 0.1222 0.6953 0.1825 
      H567.6  5 0.2105 0.5079 0.2816 
      H567.7  5 0.1234 0.7782 0.0984 
      H567.8  5 0.2377 0.5660 0.1963 
      H608.1  5 0.6255 0.1960 0.1785 
      H608.2  5 0.3528 0.2070 0.4403 
      H608.3  5 0.0847 0.1867 0.7286 
      H608.4  5 0.4347 0.2741 0.2911 
      H608.5  5 0.0403 0.4094 0.5503 
      H608.6  5 0.1142 0.0811 0.8047 
      H608.7  5 0.0807 0.3500 0.5694 
      H608.8  5 0.0689 0.1567 0.7744 
      H615.1  5 0.0402 0.0203 0.9395 
      H615.2  5 0.1151 0.0972 0.7876 
      H615.3  5 0.9254 0.0421 0.0326 
      H615.4  5 0.8563 0.0581 0.0856 
      H615.5  5 0.5266 0.0358 0.4376 
      H615.6  5 0.9309 0.0176 0.0515 
      H635.1  5 0.8214 0.0803 0.0983 
      H635.2  5 0.5296 0.3685 0.1019 
      H635.3  5 0.4263 0.3933 0.1803 
      H635.4  5 0.3994 0.4019 0.1987 
      H635.5  5 0.8316 0.1126 0.0559 
      H635.6  5 0.9476 0.0286 0.0238 
      H635.7  5 0.6224 0.1702 0.2074 
      H635.8  5 0.1070 0.8565 0.0364 
      H635.9  5 0.8174 0.1306 0.0519 
      H728.1  5 0.0241 0.0216 0.9543 
      H728.2  5 0.0323 0.0278 0.9398 
      H728.3  5 0.0300 0.0251 0.9449 
      H728.4  5 0.0291 0.0288 0.9421 
      H728.5  5 0.0261 0.0351 0.9388 
      H728.6  5 0.0248 0.0161 0.9591 
      H728.7  5 0.2585 0.3160 0.4254 
 H7395.1_200  5 0.2908 0.2263 0.4829 
 H7395.1_200  5 0.0229 0.0390 0.9381 
     H7395.2  5 0.0259 0.0245 0.9496 
     H7395.3  5 0.0248 0.0529 0.9224 
     H7395.4  5 0.0205 0.0260 0.9535 
     H7395.5  5 0.0134 0.0440 0.9426 
     H7395.6  5 0.0162 0.0272 0.9566 
     H7395.7  5 0.0272 0.0534 0.9194 
     H7395.8  5 0.0332 0.0352 0.9316 
     H7395.9  5 0.0335 0.0416 0.9249 
      H742.1  5 0.6798 0.1368 0.1834 
      H742.2  5 0.8217 0.1262 0.0522 
      H742.3  5 0.5891 0.0618 0.3491 
      H958.1  5 0.9550 0.0283 0.0167 
      H958.2  5 0.9007 0.0827 0.0167 
      H958.3  5 0.8660 0.1086 0.0254 
      H958.4  5 0.9680 0.0161 0.0159 
      H958.5  5 0.9364 0.0472 0.0165 
      H958.6  5 0.8399 0.1313 0.0288 
      H958.7  5 0.8681 0.1121 0.0198 
      H452.1 10 0.9677 0.0157 0.0166 
     H452.10 10 0.9496 0.0236 0.0268 
      H452.2 10 0.8516 0.0888 0.0597 
      H452.3 10 0.9649 0.0170 0.0181 
      H452.4 10 0.9446 0.0218 0.0337 
      H452.5 10 0.9447 0.0333 0.0221 
      H452.6 10 0.8346 0.0608 0.1046 
      H452.7 10 0.9251 0.0347 0.0401 
      H452.8 10 0.8764 0.0552 0.0684 
      H452.9 10 0.9394 0.0236 0.0370 
      H473.1 10 0.3241 0.5274 0.1486 
      H473.2 10 0.0253 0.8971 0.0776 
      H473.3 10 0.0194 0.8830 0.0976 
      H473.4 10 0.0303 0.8921 0.0776 
      H473.5 10 0.0197 0.8858 0.0945 
      H473.6 10 0.0200 0.9054 0.0746 
      H473.7 10 0.0225 0.8911 0.0864 
      H473.8 10 0.0236 0.8661 0.1103 
      H487.1 10 0.9776 0.0115 0.0110 
      H487.2 10 0.9508 0.0256 0.0236 
      H487.3 10 0.9723 0.0132 0.0145 
      H487.4 10 0.9572 0.0206 0.0223 
      H487.5 10 0.9734 0.0133 0.0133 
      H703.1 10 0.0824 0.0491 0.8685 
     H703.10 10 0.5264 0.1093 0.3642 
      H703.2 10 0.4467 0.0667 0.4866 
      H703.3 10 0.2967 0.0862 0.6171 
      H703.4 10 0.5624 0.2511 0.1865 
      H703.5 10 0.1754 0.7776 0.0471 
      H703.6 10 0.4818 0.2745 0.2438 
      H703.7 10 0.0981 0.3002 0.6017 
      H703.8 10 0.9331 0.0275 0.0394 
      H703.9 10 0.8312 0.0453 0.1236 
      H705.1 10 0.8616 0.1005 0.0379 
      H705.2 10 0.8296 0.1024 0.0680 
      H705.3 10 0.9624 0.0171 0.0205 
      H705.4 10 0.9451 0.0265 0.0284 
      H705.5 10 0.9530 0.0253 0.0217 
      H705.6 10 0.8704 0.0292 0.1003 
      H705.7 10 0.8304 0.1375 0.0321 
     H7352.1 10 0.0558 0.0281 0.9161 
     H7352.2 10 0.7606 0.0163 0.2231 
     H7352.3 10 0.9406 0.0129 0.0465 
     H7352.4 10 0.9392 0.0145 0.0463 
     H7352.5 10 0.0340 0.0173 0.9487 
     H7352.6 10 0.0976 0.0360 0.8664 
     H7352.7 10 0.9007 0.0152 0.0840 
     H7354.1 10 0.1468 0.0819 0.7712 
     H7354.2 10 0.3607 0.1476 0.4917 
     H7354.3 10 0.4435 0.0729 0.4837 
     H7354.4 10 0.2258 0.0661 0.7081 
     H7354.5 10 0.1292 0.0895 0.7813 
     H7354.6 10 0.8585 0.0931 0.0484 
     H7354.7 10 0.6059 0.0331 0.3611 
     H7359.1 10 0.3499 0.2006 0.4495 
     H7359.2 10 0.7631 0.1798 0.0571 
     H7359.3 10 0.8876 0.0825 0.0299 
     H7359.4 10 0.4662 0.1162 0.4176 
     H7359.5 10 0.9026 0.0530 0.0444 
      H909.1 10 0.9586 0.0158 0.0256 
      H909.2 10 0.9239 0.0401 0.0360 
      H909.3 10 0.9633 0.0135 0.0232 
      H909.4 10 0.9489 0.0291 0.0219 
      H909.6 10 0.9382 0.0249 0.0369 
      H909.8 10 0.9460 0.0305 0.0234 
      H909.9 10 0.7918 0.0208 0.1874 
     H9555.1 10 0.9705 0.0153 0.0142 
     H9555.2 10 0.9258 0.0402 0.0339 
     H9555.3 10 0.9408 0.0398 0.0194 
     H9555.4 10 0.9786 0.0106 0.0109 
     H9555.5 10 0.9443 0.0365 0.0192 
     H9555.6 10 0.6305 0.2411 0.1283 
     H9555.7 10 0.8901 0.0656 0.0443 
     H9703.1 10 0.9405 0.0306 0.0289 
     H9703.2 10 0.8548 0.1123 0.0329 
     H9703.3 10 0.8514 0.0586 0.0901 
     H9703.4 10 0.9338 0.0248 0.0415 
     H9703.5 10 0.3495 0.1689 0.4816 
     H9707.1 10 0.0688 0.0862 0.8450 
     H9707.2 10 0.3614 0.0897 0.5489 
     H9707.3 10 0.1428 0.2689 0.5883 
     H9707.4 10 0.9516 0.0251 0.0232 
     H9707.5 10 0.2761 0.1378 0.5860 
     H9707.6 10 0.3299 0.5675 0.1025 
     H9707.7 10 0.5702 0.1786 0.2512 
     H9707.8 10 0.1793 0.5270 0.2937 
     HSAA4.1 10 0.8965 0.0349 0.0686 
     HSAA4.2 10 0.9364 0.0238 0.0398 
     HSAA4.3 10 0.9534 0.0212 0.0254 
     HSAA4.4 10 0.8400 0.0339 0.1261 
     HSAA4.5 10 0.9518 0.0161 0.0321 
     HSAA4.6 10 0.9674 0.0125 0.0201 
     HSAA4.7 10 0.9762 0.0104 0.0134 
   saaRTON.1 10 0.9493 0.0208 0.0299 
  saaRTON.10 10 0.9329 0.0334 0.0337 
   saaRTON.2 10 0.9514 0.0298 0.0189 
   saaRTON.3 10 0.9307 0.0211 0.0482 
   saaRTON.4 10 0.9523 0.0238 0.0240 
   saaRTON.5 10 0.9634 0.0164 0.0202 
   saaRTON.6 10 0.8897 0.0743 0.0360 
   saaRTON.7 10 0.3825 0.5638 0.0536 
   saaRTON.8 10 0.9583 0.0193 0.0224 
   saaRTON.9 10 0.9635 0.0199 0.0165 
      H005.1 11 0.9230 0.0382 0.0388 
      H005.2 11 0.1754 0.6155 0.2091 
      H005.3 11 0.9197 0.0301 0.0502 
      H005.4 11 0.3437 0.2992 0.3571 
      H005.5 11 0.7412 0.0970 0.1619 
      H005.6 11 0.0535 0.2227 0.7238 
      H005.7 11 0.6857 0.2003 0.1140 
      H005.8 11 0.5939 0.0899 0.3163 
      H005.9 11 0.2112 0.5748 0.2141 
      H031.1 11 0.0911 0.0781 0.8308 
      H031.2 11 0.9194 0.0320 0.0486 
      H031.3 11 0.2765 0.4369 0.2866 
      H031.4 11 0.6912 0.0584 0.2504 
      H031.5 11 0.5941 0.2251 0.1808 
      H031.6 11 0.5846 0.0432 0.3721 
      H031.7 11 0.4054 0.3173 0.2772 
      H031.8 11 0.4018 0.0554 0.5428 
      H136.1 11 0.1304 0.2544 0.6153 
      H136.2 11 0.1352 0.6588 0.2060 
      H136.3 11 0.0478 0.7291 0.2231 
      H136.4 11 0.2296 0.2114 0.5590 
      H153.1 11 0.6013 0.1398 0.2589 
      H153.2 11 0.5141 0.0728 0.4131 
      H153.3 11 0.2522 0.0941 0.6537 
      H153.4 11 0.8399 0.0408 0.1193 
      H167.1 11 0.0386 0.7766 0.1849 
      H167.2 11 0.0413 0.2250 0.7337 
      H167.3 11 0.0314 0.2481 0.7205 
      H167.4 11 0.2421 0.6923 0.0657 
      H167.5 11 0.2019 0.3607 0.4375 
      H167.6 11 0.0311 0.0888 0.8801 
      H167.7 11 0.7306 0.1503 0.1190 
      H167.8 11 0.1631 0.4224 0.4145 
      H173.1 11 0.5365 0.4052 0.0583 
      H173.2 11 0.2470 0.3442 0.4089 
      H173.3 11 0.3966 0.4816 0.1217 
      H173.4 11 0.2761 0.5485 0.1753 
      H173.5 11 0.1320 0.6867 0.1812 
 H194.1_2003 11 0.8742 0.1025 0.0234 
 H194.2_2003 11 0.8659 0.0826 0.0516 
 H194.3_2003 11 0.9402 0.0373 0.0225 
 H194.4_2003 11 0.9022 0.0428 0.0549 
 H194.5_2003 11 0.6606 0.2504 0.0890 
 H194.6_2003 11 0.6902 0.2566 0.0532 
 H194.7_2003 11 0.7588 0.2085 0.0327 
 H194.8_2003 11 0.8685 0.0866 0.0449 
      H196.1 11 0.5462 0.0345 0.4193 
      H196.2 11 0.4950 0.1987 0.3063 
      H196.3 11 0.1425 0.0345 0.8230 
      H196.4 11 0.8213 0.0524 0.1263 
      H196.5 11 0.3143 0.4029 0.2828 
      H196.6 11 0.8511 0.0953 0.0535 
 H356.1_2001 11 0.1320 0.8329 0.0351 
 H356.1_2002 11 0.0358 0.9313 0.0329 
 H356.2_2001 11 0.1644 0.6484 0.1872 
 H356.2_2002 11 0.0756 0.8999 0.0245 
 H356.3_2001 11 0.0978 0.8567 0.0455 
 H356.3_2002 11 0.0569 0.9081 0.0350 
 H356.4_2001 11 0.0426 0.9239 0.0335 
 H356.4_2002 11 0.1239 0.8405 0.0356 
 H356.5_2001 11 0.1832 0.7133 0.1034 
 H356.5_2002 11 0.0402 0.9433 0.0165 
 H356.6_2001 11 0.0418 0.9143 0.0439 
 H356.6_2002 11 0.0477 0.9299 0.0225 
 H356.7_2001 11 0.5193 0.2387 0.2419 
 H356.7_2002 11 0.1162 0.8418 0.0421 
      H356.8 11 0.3930 0.5790 0.0280 
      H360.1 11 0.0642 0.8896 0.0462 
     H360.10 11 0.0334 0.9144 0.0522 
      H360.2 11 0.0285 0.9504 0.0211 
      H360.3 11 0.0591 0.8637 0.0772 
      H360.4 11 0.0198 0.9654 0.0148 
      H360.5 11 0.0241 0.9568 0.0191 
      H360.6 11 0.0415 0.9197 0.0389 
      H360.7 11 0.0518 0.9308 0.0174 
      H360.8 11 0.0324 0.9466 0.0209 
      H360.9 11 0.0810 0.8747 0.0442 
 H369.1_2001 11 0.1514 0.1864 0.6622 
 H369.1_2002 11 0.7106 0.0226 0.2669 
      H369.2 11 0.9085 0.0285 0.0630 
      H369.3 11 0.8108 0.0361 0.1531 
      H369.4 11 0.8792 0.0788 0.0421 
      H369.5 11 0.8446 0.1336 0.0218 
      H369.6 11 0.9003 0.0639 0.0358 
      H374.1 11 0.6262 0.2306 0.1432 
      H374.2 11 0.9053 0.0424 0.0523 
      H374.3 11 0.9015 0.0406 0.0579 
      H374.4 11 0.7878 0.1540 0.0582 
      H374.5 11 0.7365 0.1344 0.1291 
      H374.6 11 0.8268 0.0994 0.0737 
      H374.7 11 0.8176 0.1137 0.0687 
      H376.1 11 0.0234 0.8979 0.0786 
      H376.2 11 0.0239 0.8677 0.1084 
      H376.3 11 0.0844 0.6529 0.2627 
      H376.4 11 0.0291 0.8668 0.1041 
      H376.5 11 0.0289 0.8869 0.0843 
      H376.6 11 0.0281 0.8080 0.1639 
      H381.1 11 0.2496 0.1733 0.5771 
      H381.2 11 0.5567 0.0594 0.3839 
      H381.3 11 0.2457 0.2651 0.4893 
      H381.4 11 0.4950 0.1315 0.3734 
      H381.5 11 0.5525 0.0169 0.4306 
      H381.6 11 0.1977 0.1676 0.6348 
      H381.7 11 0.5974 0.1395 0.2631 
      H386.1 11 0.0542 0.0134 0.9325 
      H386.2 11 0.4227 0.0212 0.5561 
      H386.3 11 0.2714 0.0433 0.6853 
      H386.4 11 0.1583 0.1210 0.7206 
      H386.5 11 0.0547 0.0182 0.9270 
      H386.6 11 0.0429 0.0385 0.9186 
 H387.1_2001 11 0.6809 0.1058 0.2133 
 H387.2_2001 11 0.3820 0.5963 0.0217 
 H387.3_2001 11 0.0971 0.8499 0.0530 
 H387.4_2001 11 0.7630 0.1517 0.0852 
 H387.5_2001 11 0.8438 0.1440 0.0121 
 H387.6_2001 11 0.9439 0.0292 0.0268 
 H387.7_2001 11 0.7245 0.1923 0.0831 
      H387.9 11 0.5086 0.4512 0.0402 
      H392.1 11 0.0842 0.0118 0.9040 
      H392.2 11 0.0743 0.0311 0.8946 
      H392.3 11 0.0183 0.0114 0.9703 
      H392.4 11 0.1681 0.0245 0.8075 
      H392.5 11 0.0822 0.1226 0.7952 
      H392.6 11 0.0209 0.0138 0.9653 
      H392.7 11 0.0791 0.0533 0.8676 
 H393.1_2001 11 0.0890 0.8936 0.0174 
 H393.1_2002 11 0.8852 0.0892 0.0256 
 H393.2_2001 11 0.8275 0.1438 0.0287 
 H393.2_2002 11 0.7651 0.2072 0.0277 
 H393.3_2001 11 0.4143 0.5629 0.0229 
 H393.3_2002 11 0.8033 0.1575 0.0392 
 H393.4_2001 11 0.1847 0.7836 0.0318 
 H393.4_2002 11 0.4931 0.4822 0.0247 
      H393.5 11 0.0672 0.9021 0.0307 
      H393.7 11 0.0541 0.9208 0.0251 
      H393.8 11 0.0353 0.9354 0.0293 
      H393.9 11 0.8029 0.1684 0.0286 
      H394.1 11 0.7245 0.2126 0.0628 
      H394.2 11 0.7859 0.1294 0.0846 
      H394.3 11 0.1867 0.7826 0.0307 
      H394.4 11 0.9630 0.0220 0.0150 
      H394.5 11 0.1461 0.6352 0.2187 
      H394.6 11 0.8452 0.0897 0.0651 
      H394.7 11 0.9545 0.0172 0.0283 
      H394.8 11 0.2316 0.7085 0.0599 
      H394.9 11 0.9363 0.0491 0.0146 
      H412.1 11 0.9649 0.0177 0.0174 
      H412.2 11 0.8218 0.0215 0.1567 
      H412.3 11 0.9638 0.0222 0.0141 
      H412.4 11 0.8124 0.0197 0.1679 
      H412.5 11 0.9641 0.0152 0.0208 
      H412.6 11 0.9647 0.0155 0.0198 
      H412.7 11 0.9648 0.0158 0.0194 
      H412.8 11 0.9552 0.0287 0.0161 
      H412.9 11 0.9697 0.0134 0.0169 
        H439 11 0.0589 0.5881 0.3530 
      H439.1 11 0.4546 0.4740 0.0714 
      H439.2 11 0.1461 0.2316 0.6224 
      H439.3 11 0.1978 0.3845 0.4177 
      H439.4 11 0.0541 0.6240 0.3219 
      H439.5 11 0.2581 0.3407 0.4012 
      H439.6 11 0.0529 0.8768 0.0703 
      H439.7 11 0.2458 0.3976 0.3566 
      H439.8 11 0.0845 0.5312 0.3843 
      H439.9 11 0.0569 0.2403 0.7028 
 H441.1_2004 11 0.2905 0.0488 0.6607 
 H441.1_2005 11 0.0325 0.0120 0.9555 
 H441.2_2004 11 0.2915 0.0369 0.6716 
 H441.2_2005 11 0.1164 0.0179 0.8657 
 H441.3_2004 11 0.3832 0.0547 0.5621 
 H441.3_2005 11 0.0978 0.0166 0.8856 
 H441.4_2004 11 0.2932 0.0230 0.6838 
 H441.4_2005 11 0.0891 0.0217 0.8892 
 H441.5_2004 11 0.2135 0.0500 0.7366 
 H441.5_2005 11 0.1277 0.0215 0.8508 
 H441.6_2004 11 0.7949 0.0441 0.1611 
 H441.6_2005 11 0.2601 0.0227 0.7172 
 H441.7_2004 11 0.6556 0.0278 0.3166 
 H441.7_2005 11 0.2134 0.0884 0.6982 
 H441.8_2004 11 0.8212 0.0358 0.1430 
 H441.8_2005 11 0.0927 0.0155 0.8918 
 H441.9_2004 11 0.0908 0.1321 0.7772 
 H441.9_2005 11 0.1872 0.0952 0.7176 
 H442.1_2004 11 0.8379 0.0952 0.0669 
 H442.1_2005 11 0.8167 0.1084 0.0749 
 H442.2_2004 11 0.6452 0.2345 0.1203 
 H442.2_2005 11 0.8455 0.0731 0.0814 
 H442.3_2004 11 0.5666 0.0599 0.3735 
 H442.3_2005 11 0.8156 0.1246 0.0597 
 H442.4_2004 11 0.4008 0.0927 0.5065 
 H442.4_2005 11 0.9377 0.0383 0.0239 
 H442.5_2004 11 0.7558 0.0187 0.2255 
 H442.5_2005 11 0.9418 0.0294 0.0288 
 H442.6_2004 11 0.7680 0.0493 0.1828 
 H442.6_2005 11 0.8642 0.0923 0.0435 
      H442.7 11 0.8343 0.0493 0.1164 
      H442.8 11 0.9516 0.0170 0.0313 
      H442.9 11 0.7862 0.0470 0.1668 
      H446.1 11 0.1227 0.0435 0.8338 
      H446.2 11 0.4159 0.4700 0.1140 
      H446.3 11 0.4012 0.1359 0.4629 
      H446.4 11 0.0896 0.0733 0.8371 
      H446.5 11 0.0814 0.0263 0.8923 
      H446.6 11 0.1602 0.0312 0.8086 
      H446.7 11 0.3922 0.2468 0.3610 
      H447.1 11 0.0405 0.1123 0.8472 
      H447.2 11 0.1579 0.1676 0.6746 
      H447.3 11 0.1011 0.0261 0.8728 
      H447.4 11 0.0578 0.0989 0.8433 
      H447.5 11 0.1161 0.0270 0.8568 
      H447.6 11 0.0799 0.3187 0.6014 
      H447.7 11 0.0515 0.0795 0.8690 
      H447.8 11 0.0886 0.0379 0.8734 
      H447.9 11 0.0404 0.0260 0.9337 
      H448.1 11 0.1547 0.7522 0.0931 
      H448.2 11 0.8444 0.1290 0.0266 
      H448.3 11 0.6021 0.3502 0.0476 
      H448.4 11 0.8158 0.1529 0.0313 
      H586.1 11 0.0338 0.0425 0.9238 
