      H008.1  2 0.1062 0.0045 0.0053 0.0055 0.7550 0.0053 0.0065 0.0041 0.0111 0.0033 0.0069 0.0068 0.0054 0.0057 0.0131 0.0040 0.0058 0.0073 0.0059 0.0070 0.0043 0.0081 0.0080 0.0050 
      H008.2  2 0.0046 0.0055 0.0045 0.0050 0.8726 0.0052 0.0067 0.0035 0.0161 0.0076 0.0070 0.0062 0.0049 0.0062 0.0057 0.0044 0.0069 0.0035 0.0037 0.0042 0.0041 0.0040 0.0047 0.0032 
      H008.3  2 0.0050 0.0072 0.0064 0.0088 0.8192 0.0052 0.0099 0.0048 0.0183 0.0077 0.0069 0.0084 0.0050 0.0080 0.0062 0.0071 0.0105 0.0055 0.0061 0.0083 0.0050 0.0037 0.0226 0.0042 
      H008.4  2 0.0174 0.0094 0.0092 0.0034 0.8444 0.0039 0.0051 0.0041 0.0104 0.0091 0.0075 0.0049 0.0058 0.0067 0.0096 0.0051 0.0066 0.0059 0.0052 0.0065 0.0072 0.0042 0.0046 0.0039 
      H008.5  2 0.0098 0.0058 0.0055 0.0050 0.8754 0.0038 0.0051 0.0033 0.0121 0.0049 0.0042 0.0041 0.0040 0.0061 0.0053 0.0054 0.0046 0.0036 0.0078 0.0066 0.0046 0.0035 0.0056 0.0039 
      H008.6  2 0.0082 0.0065 0.0054 0.0044 0.8288 0.0042 0.0095 0.0031 0.0309 0.0096 0.0095 0.0058 0.0077 0.0062 0.0083 0.0069 0.0034 0.0046 0.0065 0.0063 0.0073 0.0066 0.0064 0.0040 
      H008.7  2 0.0088 0.0117 0.0090 0.0047 0.8224 0.0054 0.0074 0.0079 0.0263 0.0100 0.0081 0.0049 0.0052 0.0070 0.0063 0.0052 0.0118 0.0055 0.0045 0.0042 0.0064 0.0057 0.0074 0.0039 
      H008.8  2 0.0094 0.0064 0.0055 0.0076 0.7937 0.0046 0.0059 0.0043 0.0079 0.0051 0.0164 0.0389 0.0058 0.0120 0.0077 0.0049 0.0051 0.0056 0.0047 0.0083 0.0056 0.0210 0.0067 0.0068 
      H008.9  2 0.0052 0.0125 0.0071 0.0088 0.5018 0.0091 0.0102 0.0065 0.0933 0.0243 0.1481 0.0385 0.0299 0.0205 0.0094 0.0073 0.0092 0.0069 0.0093 0.0055 0.0067 0.0054 0.0173 0.0071 
 H029.1_2002  2 0.6212 0.0171 0.0488 0.0108 0.0165 0.0146 0.0076 0.0052 0.0057 0.0199 0.0178 0.0245 0.0074 0.0153 0.0209 0.0045 0.0063 0.0374 0.0061 0.0040 0.0438 0.0252 0.0131 0.0062 
 H029.1_2003  2 0.0189 0.0551 0.3545 0.0299 0.0477 0.0202 0.0147 0.0040 0.0094 0.0104 0.0231 0.0404 0.0245 0.1750 0.0107 0.0106 0.0066 0.0071 0.0070 0.0079 0.0138 0.0092 0.0874 0.0118 
 H029.2_2002  2 0.4741 0.1236 0.0888 0.0258 0.0189 0.0180 0.0286 0.0036 0.0181 0.0247 0.0059 0.0055 0.0109 0.0462 0.0057 0.0123 0.0273 0.0253 0.0040 0.0072 0.0063 0.0049 0.0066 0.0076 
 H029.2_2003  2 0.0552 0.0243 0.2677 0.0306 0.0517 0.0224 0.0486 0.0042 0.0115 0.0197 0.0117 0.0066 0.0155 0.3031 0.0042 0.0157 0.0058 0.0083 0.0100 0.0086 0.0048 0.0089 0.0428 0.0182 
 H029.3_2002  2 0.2133 0.0839 0.0746 0.0369 0.0175 0.0740 0.0216 0.0056 0.0083 0.1009 0.0064 0.0352 0.0667 0.1078 0.0046 0.0188 0.0365 0.0099 0.0063 0.0224 0.0122 0.0108 0.0134 0.0121 
 H029.3_2003  2 0.3344 0.0210 0.3518 0.0109 0.0236 0.0330 0.0175 0.0040 0.0211 0.0069 0.0038 0.0093 0.0320 0.0453 0.0157 0.0049 0.0063 0.0059 0.0095 0.0075 0.0049 0.0050 0.0211 0.0046 
 H029.4_2002  2 0.7582 0.0152 0.0488 0.0032 0.0060 0.0225 0.0040 0.0044 0.0067 0.0168 0.0033 0.0071 0.0155 0.0157 0.0083 0.0039 0.0087 0.0098 0.0048 0.0101 0.0088 0.0050 0.0096 0.0036 
 H029.4_2003  2 0.0752 0.0116 0.1884 0.0100 0.0150 0.1445 0.0054 0.0039 0.0077 0.0174 0.0091 0.0199 0.0201 0.0693 0.0329 0.0089 0.0074 0.0097 0.0081 0.0155 0.0075 0.0154 0.2893 0.0079 
 H029.5_2002  2 0.7439 0.0199 0.0549 0.0080 0.0048 0.0045 0.0063 0.0066 0.0099 0.0057 0.0062 0.0063 0.0096 0.0111 0.0225 0.0027 0.0111 0.0222 0.0048 0.0034 0.0108 0.0067 0.0127 0.0054 
 H029.5_2003  2 0.2357 0.0111 0.2254 0.0079 0.0315 0.0316 0.0170 0.0029 0.0148 0.0081 0.0093 0.0193 0.0122 0.1988 0.0162 0.0034 0.0047 0.0063 0.0044 0.0093 0.0063 0.0075 0.1083 0.0080 
 H029.6_2002  2 0.4281 0.0217 0.3066 0.0048 0.0157 0.0313 0.0070 0.0050 0.0053 0.0338 0.0046 0.0260 0.0206 0.0176 0.0062 0.0072 0.0149 0.0076 0.0058 0.0075 0.0073 0.0060 0.0047 0.0047 
 H029.6_2003  2 0.3158 0.0611 0.0328 0.0201 0.0056 0.0242 0.0345 0.0077 0.0177 0.0070 0.0140 0.0108 0.0325 0.0951 0.0312 0.0065 0.0074 0.0185 0.0144 0.0101 0.0044 0.0113 0.2060 0.0114 
      H029.7  2 0.6932 0.0248 0.0272 0.0122 0.0124 0.0242 0.0105 0.0038 0.0055 0.0262 0.0082 0.0035 0.0068 0.0228 0.0065 0.0206 0.0148 0.0265 0.0031 0.0111 0.0055 0.0078 0.0180 0.0047 
      H030.1  2 0.0335 0.0077 0.1536 0.0467 0.0070 0.0147 0.0476 0.0279 0.0721 0.0050 0.0130 0.0166 0.0186 0.0401 0.0172 0.0075 0.0131 0.0389 0.3103 0.0066 0.0062 0.0069 0.0082 0.0812 
      H030.2  2 0.0462 0.0049 0.0187 0.0120 0.0200 0.0088 0.0055 0.0141 0.0375 0.0550 0.0061 0.0060 0.0073 0.0195 0.0331 0.0037 0.1146 0.0091 0.3419 0.0373 0.1424 0.0060 0.0410 0.0094 
      H038.1  2 0.8376 0.0082 0.0060 0.0062 0.0093 0.0068 0.0049 0.0031 0.0035 0.0240 0.0078 0.0067 0.0054 0.0067 0.0054 0.0049 0.0035 0.0042 0.0057 0.0059 0.0053 0.0201 0.0045 0.0044 
      H038.2  2 0.8556 0.0041 0.0060 0.0064 0.0050 0.0056 0.0068 0.0137 0.0063 0.0046 0.0036 0.0038 0.0050 0.0070 0.0052 0.0027 0.0059 0.0138 0.0056 0.0055 0.0101 0.0037 0.0060 0.0079 
      H038.3  2 0.7054 0.0049 0.0040 0.0084 0.0046 0.0067 0.0067 0.0097 0.0107 0.0265 0.0055 0.0068 0.0279 0.0153 0.0147 0.0047 0.0072 0.0126 0.0113 0.0083 0.0145 0.0301 0.0034 0.0502 
      H038.4  2 0.7880 0.0068 0.0049 0.0058 0.0042 0.0044 0.0051 0.0166 0.0086 0.0265 0.0051 0.0076 0.0127 0.0090 0.0147 0.0038 0.0056 0.0096 0.0047 0.0069 0.0102 0.0190 0.0034 0.0169 
      H038.5  2 0.7450 0.0080 0.0105 0.0032 0.0046 0.0121 0.0070 0.0068 0.0074 0.0227 0.0044 0.0148 0.0558 0.0134 0.0032 0.0031 0.0072 0.0059 0.0101 0.0068 0.0049 0.0222 0.0082 0.0125 
      H038.6  2 0.8342 0.0058 0.0119 0.0071 0.0074 0.0113 0.0078 0.0031 0.0059 0.0072 0.0057 0.0054 0.0144 0.0075 0.0046 0.0043 0.0037 0.0058 0.0080 0.0056 0.0081 0.0075 0.0100 0.0075 
      H038.7  2 0.8161 0.0037 0.0057 0.0101 0.0036 0.0095 0.0048 0.0033 0.0073 0.0091 0.0044 0.0045 0.0329 0.0071 0.0059 0.0029 0.0029 0.0105 0.0054 0.0045 0.0142 0.0113 0.0040 0.0166 
      H038.8  2 0.7588 0.0045 0.0037 0.0054 0.0043 0.0046 0.0052 0.0123 0.0063 0.0697 0.0038 0.0056 0.0099 0.0067 0.0094 0.0034 0.0081 0.0098 0.0079 0.0082 0.0094 0.0153 0.0034 0.0244 
      H041.1  2 0.0469 0.0070 0.0846 0.0043 0.0137 0.0243 0.0096 0.0108 0.0234 0.0160 0.0250 0.0031 0.0101 0.0749 0.4057 0.0133 0.1526 0.0101 0.0076 0.0056 0.0040 0.0052 0.0223 0.0200 
      H041.2  2 0.0174 0.0232 0.1150 0.0083 0.0111 0.0078 0.0080 0.0068 0.0161 0.0101 0.0155 0.0052 0.0095 0.0128 0.6646 0.0072 0.0077 0.0212 0.0055 0.0050 0.0064 0.0050 0.0049 0.0058 
      H041.4  2 0.1386 0.0237 0.2257 0.0079 0.0414 0.0108 0.0073 0.0135 0.0357 0.0209 0.0623 0.0089 0.0127 0.0692 0.0961 0.0189 0.0133 0.0124 0.0066 0.0115 0.0069 0.0251 0.1236 0.0072 
      H041.6  2 0.0894 0.0172 0.1882 0.0139 0.0429 0.0070 0.0050 0.0069 0.0148 0.0129 0.0283 0.0084 0.0092 0.0744 0.2162 0.0257 0.0167 0.0332 0.0133 0.0101 0.0074 0.0414 0.1091 0.0085 
 H042.1_2002  2 0.0062 0.0074 0.5535 0.0057 0.0486 0.0037 0.0156 0.0370 0.0053 0.0102 0.0223 0.0037 0.0047 0.0113 0.0203 0.0080 0.0082 0.0249 0.0087 0.1467 0.0112 0.0127 0.0132 0.0108 
 H042.1_2003  2 0.0259 0.0108 0.0153 0.0484 0.1495 0.0060 0.0424 0.0093 0.0548 0.0333 0.0154 0.0111 0.0075 0.0473 0.3723 0.0086 0.0104 0.0147 0.0283 0.0377 0.0103 0.0119 0.0153 0.0134 
 H042.2_2002  2 0.0986 0.0337 0.4791 0.0082 0.0142 0.0242 0.0137 0.0101 0.0066 0.0251 0.0059 0.0048 0.0061 0.0365 0.0078 0.0068 0.0060 0.0050 0.0037 0.0492 0.1290 0.0076 0.0138 0.0043 
 H042.2_2003  2 0.0518 0.0194 0.0938 0.0109 0.0466 0.0059 0.0173 0.0083 0.0093 0.0065 0.0305 0.0111 0.0145 0.0211 0.3757 0.0077 0.0035 0.1553 0.0112 0.0136 0.0103 0.0064 0.0623 0.0069 
 H042.3_2002  2 0.0065 0.0138 0.2616 0.0042 0.0131 0.0105 0.0107 0.0109 0.0093 0.0096 0.0072 0.0039 0.0075 0.0244 0.0230 0.0096 0.0054 0.0116 0.0048 0.4619 0.0319 0.0103 0.0401 0.0081 
 H042.3_2003  2 0.0166 0.0111 0.0373 0.0051 0.0368 0.0275 0.0089 0.0134 0.0118 0.0221 0.0093 0.0038 0.0115 0.1055 0.0523 0.0071 0.0254 0.0427 0.0077 0.3669 0.0232 0.0102 0.1338 0.0100 
 H042.4_2002  2 0.0233 0.0151 0.6733 0.0060 0.0104 0.0066 0.0107 0.0202 0.0088 0.0123 0.0249 0.0059 0.0074 0.0306 0.0115 0.0094 0.0056 0.0410 0.0106 0.0113 0.0051 0.0171 0.0263 0.0065 
 H042.4_2003  2 0.0935 0.0106 0.3286 0.0088 0.0085 0.0118 0.0069 0.0175 0.0120 0.0074 0.0107 0.0034 0.0059 0.0294 0.0085 0.0143 0.0268 0.3068 0.0060 0.0069 0.0049 0.0291 0.0228 0.0192 
      H042.5  2 0.0069 0.0060 0.7921 0.0036 0.0116 0.0068 0.0099 0.0099 0.0154 0.0029 0.0088 0.0043 0.0040 0.0095 0.0065 0.0102 0.0044 0.0349 0.0042 0.0068 0.0056 0.0063 0.0208 0.0087 
      H042.6  2 0.0189 0.0064 0.6945 0.0115 0.0252 0.0141 0.0102 0.0094 0.0060 0.0085 0.0064 0.0050 0.0047 0.0172 0.0040 0.0347 0.0049 0.0210 0.0061 0.0237 0.0117 0.0398 0.0051 0.0111 
      H042.7  2 0.0266 0.0328 0.3481 0.0123 0.0213 0.0063 0.0091 0.0497 0.0121 0.0050 0.0084 0.0066 0.0065 0.0693 0.0233 0.0059 0.0070 0.0496 0.0051 0.1660 0.0622 0.0264 0.0230 0.0176 
      H042.8  2 0.0078 0.0262 0.5975 0.0050 0.0458 0.0071 0.0156 0.0116 0.0135 0.0180 0.0151 0.0056 0.0081 0.0138 0.0612 0.0106 0.0031 0.0124 0.0033 0.0383 0.0247 0.0079 0.0411 0.0068 
   H042_2002  2 0.0410 0.0214 0.0324 0.0166 0.2168 0.0184 0.0119 0.0066 0.0212 0.0346 0.0179 0.0090 0.0080 0.0783 0.0289 0.0358 0.0041 0.1239 0.0075 0.0447 0.1296 0.0517 0.0216 0.0185 
   H042_2003  2 0.0435 0.0190 0.0326 0.0176 0.2359 0.0238 0.0122 0.0083 0.0186 0.0262 0.0212 0.0098 0.0071 0.0613 0.0285 0.0511 0.0046 0.1071 0.0072 0.0364 0.1318 0.0441 0.0311 0.0213 
      H043.1  2 0.0112 0.0030 0.0070 0.0091 0.0235 0.1233 0.0081 0.0064 0.0127 0.0181 0.0032 0.0081 0.0122 0.0172 0.0115 0.0068 0.0143 0.0077 0.0070 0.0121 0.0068 0.6374 0.0071 0.0262 
      H043.2  2 0.0072 0.0045 0.0036 0.0044 0.0092 0.0054 0.0069 0.0032 0.0057 0.0082 0.0052 0.0088 0.0038 0.0057 0.0053 0.0102 0.0027 0.0036 0.0038 0.0126 0.0041 0.8621 0.0060 0.0079 
      H043.3  2 0.0160 0.0045 0.0061 0.0179 0.0159 0.0085 0.0079 0.0034 0.0079 0.0118 0.0059 0.0075 0.0056 0.0075 0.0119 0.0063 0.0040 0.0152 0.0065 0.0278 0.0211 0.7624 0.0056 0.0129 
      H043.4  2 0.0155 0.0035 0.0041 0.0096 0.0091 0.0107 0.0089 0.0041 0.0061 0.0076 0.0049 0.0032 0.0040 0.0087 0.0100 0.0082 0.0031 0.0079 0.0046 0.0112 0.0072 0.8355 0.0035 0.0089 
      H043.5  2 0.0084 0.0049 0.0045 0.0049 0.0094 0.0063 0.0058 0.0036 0.0091 0.0184 0.0054 0.0119 0.0061 0.0060 0.0161 0.0042 0.0048 0.0048 0.0030 0.0238 0.0077 0.8168 0.0056 0.0083 
      H043.6  2 0.0108 0.0047 0.0045 0.0044 0.0081 0.0059 0.0041 0.0032 0.0025 0.0116 0.0065 0.0044 0.0038 0.0050 0.0045 0.0045 0.0029 0.0046 0.0040 0.0136 0.0047 0.8739 0.0036 0.0040 
      H043.7  2 0.0058 0.0029 0.0035 0.0052 0.0037 0.0041 0.0033 0.0025 0.0034 0.0061 0.0057 0.0028 0.0038 0.0044 0.0080 0.0057 0.0025 0.0038 0.0038 0.0061 0.0073 0.8959 0.0028 0.0068 
      H043.8  2 0.0058 0.0030 0.0037 0.0070 0.0152 0.0264 0.0055 0.0060 0.0049 0.0059 0.0041 0.0130 0.0168 0.0161 0.0112 0.0047 0.0086 0.0056 0.0112 0.0158 0.0052 0.7937 0.0045 0.0061 
      H043.9  2 0.0376 0.0034 0.0087 0.0124 0.0183 0.2102 0.0057 0.0046 0.0065 0.0148 0.0040 0.0070 0.0164 0.0291 0.0067 0.0108 0.0083 0.0075 0.0099 0.0119 0.0113 0.5337 0.0084 0.0128 
      H047.1  2 0.4325 0.0038 0.0062 0.0055 0.0239 0.0036 0.0121 0.0048 0.3334 0.0052 0.0070 0.0033 0.0095 0.0126 0.0133 0.0055 0.0042 0.0300 0.0042 0.0174 0.0333 0.0124 0.0068 0.0095 
      H047.2  2 0.2328 0.0125 0.0127 0.0443 0.0103 0.0125 0.0268 0.0121 0.4399 0.0043 0.0158 0.0064 0.0084 0.0139 0.0372 0.0062 0.0209 0.0254 0.0052 0.0046 0.0081 0.0215 0.0057 0.0125 
      H047.3  2 0.1512 0.0241 0.0089 0.0443 0.0232 0.0163 0.0371 0.0107 0.4401 0.0050 0.0111 0.0061 0.0063 0.0213 0.0652 0.0116 0.0217 0.0271 0.0041 0.0075 0.0259 0.0163 0.0075 0.0073 
      H047.4  2 0.2215 0.0102 0.0336 0.0627 0.0169 0.0089 0.0096 0.0130 0.1644 0.0036 0.0177 0.0113 0.0115 0.0264 0.2475 0.0080 0.0089 0.0402 0.0087 0.0066 0.0314 0.0177 0.0080 0.0119 
      H047.5  2 0.2118 0.0169 0.0060 0.0251 0.0204 0.0158 0.0207 0.0162 0.4211 0.0031 0.0075 0.0041 0.0088 0.0174 0.0320 0.0341 0.0053 0.0137 0.0091 0.0125 0.0669 0.0158 0.0064 0.0093 
      H047.6  2 0.0408 0.0130 0.0212 0.0216 0.0063 0.0069 0.0111 0.0070 0.6324 0.0051 0.0108 0.0052 0.0047 0.0163 0.1117 0.0058 0.0074 0.0115 0.0030 0.0037 0.0285 0.0149 0.0060 0.0051 
      H047.7  2 0.4452 0.0048 0.0072 0.0040 0.0160 0.0029 0.0082 0.0082 0.2189 0.0136 0.0061 0.0030 0.0132 0.0106 0.0287 0.0045 0.0061 0.0304 0.0035 0.0120 0.1282 0.0120 0.0060 0.0068 
      H047.8  2 0.0813 0.0095 0.0123 0.0186 0.0164 0.0052 0.0132 0.0062 0.5349 0.0035 0.0061 0.0043 0.0039 0.0252 0.1578 0.0070 0.0068 0.0178 0.0047 0.0084 0.0252 0.0127 0.0119 0.0072 
      H047.9  2 0.3692 0.0089 0.0069 0.0092 0.0318 0.0057 0.0318 0.0303 0.1982 0.0035 0.0141 0.0039 0.0097 0.0197 0.0113 0.0233 0.0049 0.0652 0.0063 0.0245 0.0992 0.0072 0.0068 0.0085 
 H071.1_2002  2 0.8600 0.0052 0.0047 0.0056 0.0053 0.0075 0.0096 0.0038 0.0042 0.0048 0.0056 0.0032 0.0035 0.0069 0.0063 0.0071 0.0032 0.0082 0.0067 0.0099 0.0058 0.0119 0.0060 0.0050 
 H071.1_2003  2 0.4237 0.0146 0.0073 0.0484 0.0226 0.0100 0.0114 0.0047 0.0112 0.0098 0.0233 0.0045 0.0070 0.0333 0.0212 0.0799 0.0038 0.0184 0.1416 0.0106 0.0066 0.0535 0.0098 0.0229 
     H071.10  2 0.8509 0.0034 0.0046 0.0034 0.0048 0.0075 0.0030 0.0067 0.0025 0.0075 0.0037 0.0064 0.0047 0.0064 0.0038 0.0044 0.0063 0.0036 0.0160 0.0228 0.0081 0.0097 0.0030 0.0066 
 H071.2_2002  2 0.8054 0.0108 0.0042 0.0052 0.0112 0.0060 0.0070 0.0057 0.0062 0.0076 0.0138 0.0177 0.0072 0.0072 0.0057 0.0101 0.0028 0.0047 0.0075 0.0118 0.0073 0.0226 0.0061 0.0061 
 H071.2_2003  2 0.8984 0.0036 0.0040 0.0042 0.0093 0.0044 0.0045 0.0031 0.0037 0.0033 0.0054 0.0028 0.0030 0.0044 0.0039 0.0049 0.0028 0.0069 0.0064 0.0047 0.0039 0.0046 0.0046 0.0033 
      H071.3  2 0.6652 0.0046 0.0062 0.0126 0.0154 0.0074 0.0046 0.0104 0.0149 0.0101 0.0032 0.0061 0.0404 0.0235 0.0578 0.0052 0.0071 0.0041 0.0351 0.0292 0.0101 0.0049 0.0116 0.0103 
 H071.4_2002  2 0.8003 0.0062 0.0051 0.0041 0.0054 0.0149 0.0040 0.0156 0.0047 0.0097 0.0046 0.0108 0.0080 0.0106 0.0038 0.0068 0.0051 0.0037 0.0085 0.0173 0.0101 0.0229 0.0053 0.0125 
 H071.4_2003  2 0.8625 0.0028 0.0038 0.0061 0.0170 0.0038 0.0042 0.0066 0.0058 0.0028 0.0031 0.0048 0.0118 0.0063 0.0069 0.0032 0.0044 0.0056 0.0077 0.0089 0.0066 0.0036 0.0054 0.0065 
 H071.5_2002  2 0.8911 0.0027 0.0041 0.0040 0.0070 0.0058 0.0034 0.0047 0.0039 0.0041 0.0031 0.0038 0.0033 0.0059 0.0034 0.0044 0.0047 0.0043 0.0076 0.0072 0.0073 0.0059 0.0033 0.0052 
 H071.5_2003  2 0.7031 0.0036 0.0039 0.0122 0.0194 0.0139 0.0109 0.0097 0.0068 0.0029 0.0094 0.0065 0.0583 0.0152 0.0092 0.0088 0.0034 0.0191 0.0150 0.0182 0.0165 0.0107 0.0087 0.0146 
 H071.6_2002  2 0.8114 0.0039 0.0037 0.0062 0.0150 0.0074 0.0048 0.0051 0.0041 0.0045 0.0036 0.0163 0.0053 0.0066 0.0037 0.0057 0.0035 0.0057 0.0106 0.0349 0.0179 0.0075 0.0038 0.0088 
 H071.6_2003  2 0.8055 0.0036 0.0041 0.0063 0.0086 0.0089 0.0051 0.0050 0.0046 0.0029 0.0080 0.0039 0.0181 0.0093 0.0055 0.0054 0.0038 0.0176 0.0241 0.0105 0.0114 0.0101 0.0056 0.0118 
 H071.7_2002  2 0.8703 0.0037 0.0041 0.0091 0.0099 0.0038 0.0053 0.0029 0.0061 0.0038 0.0056 0.0049 0.0047 0.0064 0.0065 0.0065 0.0031 0.0058 0.0044 0.0110 0.0093 0.0053 0.0034 0.0043 
 H071.7_2003  2 0.7671 0.0030 0.0043 0.0094 0.0107 0.0123 0.0083 0.0103 0.0046 0.0048 0.0078 0.0035 0.0194 0.0134 0.0077 0.0063 0.0036 0.0161 0.0408 0.0121 0.0083 0.0094 0.0066 0.0102 
      H071.8  2 0.8159 0.0090 0.0049 0.0059 0.0208 0.0045 0.0064 0.0037 0.0072 0.0074 0.0083 0.0248 0.0066 0.0076 0.0048 0.0119 0.0026 0.0040 0.0047 0.0073 0.0054 0.0127 0.0061 0.0073 
      H071.9  2 0.5314 0.0171 0.0118 0.0082 0.0076 0.1024 0.0051 0.0121 0.0083 0.0091 0.0131 0.0580 0.0416 0.0511 0.0063 0.0083 0.0062 0.0060 0.0076 0.0171 0.0131 0.0322 0.0076 0.0185 
 H081.1_2002  2 0.8399 0.0088 0.0056 0.0118 0.0120 0.0053 0.0038 0.0077 0.0043 0.0042 0.0129 0.0031 0.0043 0.0061 0.0043 0.0179 0.0069 0.0064 0.0061 0.0060 0.0064 0.0046 0.0080 0.0037 
 H081.1_2003  2 0.0253 0.0219 0.0487 0.3502 0.0767 0.0210 0.0185 0.0082 0.0124 0.1454 0.0406 0.0073 0.0107 0.0804 0.0131 0.0089 0.0117 0.0115 0.0186 0.0110 0.0145 0.0174 0.0070 0.0193 
 H081.2_2002  2 0.7888 0.0064 0.0046 0.0113 0.0181 0.0058 0.0046 0.0055 0.0058 0.0053 0.0083 0.0040 0.0040 0.0076 0.0035 0.0675 0.0043 0.0136 0.0053 0.0045 0.0057 0.0059 0.0044 0.0053 
 H081.2_2003  2 0.0245 0.0053 0.0294 0.0156 0.1051 0.0411 0.0091 0.0108 0.0093 0.0064 0.0139 0.0493 0.1532 0.1058 0.0123 0.0625 0.0460 0.0086 0.1891 0.0297 0.0045 0.0344 0.0094 0.0244 
 H081.3_2002  2 0.7751 0.0046 0.0068 0.0080 0.0223 0.0065 0.0042 0.0088 0.0213 0.0066 0.0078 0.0146 0.0075 0.0089 0.0074 0.0216 0.0061 0.0074 0.0095 0.0051 0.0045 0.0176 0.0062 0.0116 
 H081.3_2003  2 0.0136 0.0115 0.0188 0.0102 0.0535 0.0909 0.0174 0.0170 0.0125 0.0123 0.0152 0.0494 0.0257 0.0740 0.0110 0.0270 0.0217 0.0117 0.2060 0.0202 0.0085 0.2464 0.0116 0.0138 
 H081.4_2002  2 0.8476 0.0041 0.0070 0.0077 0.0087 0.0042 0.0049 0.0065 0.0069 0.0038 0.0044 0.0051 0.0070 0.0082 0.0077 0.0041 0.0043 0.0056 0.0113 0.0138 0.0068 0.0047 0.0103 0.0053 
 H081.4_2003  2 0.0168 0.0411 0.1236 0.1084 0.0169 0.0826 0.0323 0.0251 0.0084 0.0116 0.0649 0.0171 0.0122 0.0923 0.0086 0.0294 0.0135 0.0139 0.1808 0.0158 0.0073 0.0322 0.0120 0.0333 
 H081.5_2002  2 0.8279 0.0036 0.0089 0.0084 0.0130 0.0055 0.0069 0.0046 0.0094 0.0043 0.0104 0.0072 0.0066 0.0091 0.0076 0.0069 0.0051 0.0066 0.0141 0.0077 0.0059 0.0074 0.0047 0.0079 
 H081.5_2003  2 0.0299 0.0309 0.0447 0.3990 0.0303 0.0181 0.0157 0.0127 0.0122 0.0132 0.0817 0.0083 0.0107 0.0475 0.0382 0.0494 0.0091 0.0201 0.0446 0.0122 0.0226 0.0186 0.0044 0.0261 
      H081.6  2 0.8224 0.0058 0.0050 0.0245 0.0140 0.0048 0.0044 0.0061 0.0044 0.0043 0.0110 0.0048 0.0043 0.0070 0.0056 0.0134 0.0050 0.0081 0.0111 0.0109 0.0078 0.0046 0.0057 0.0052 
      H081.7  2 0.7803 0.0041 0.0044 0.0067 0.0114 0.0068 0.0042 0.0094 0.0064 0.0048 0.0065 0.0059 0.0057 0.0095 0.0046 0.0618 0.0042 0.0068 0.0118 0.0113 0.0042 0.0139 0.0040 0.0113 
      H081.8  2 0.7200 0.0084 0.0151 0.0070 0.0111 0.0095 0.0052 0.0108 0.0071 0.0095 0.0093 0.0376 0.0169 0.0137 0.0076 0.0095 0.0134 0.0058 0.0263 0.0164 0.0084 0.0095 0.0069 0.0149 
      H083.1  2 0.7557 0.0128 0.0342 0.0207 0.0070 0.0105 0.0121 0.0051 0.0120 0.0097 0.0043 0.0073 0.0071 0.0087 0.0051 0.0065 0.0304 0.0054 0.0068 0.0078 0.0136 0.0039 0.0063 0.0071 
      H083.2  2 0.7501 0.0041 0.0060 0.0135 0.0042 0.0283 0.0058 0.0120 0.0338 0.0070 0.0076 0.0062 0.0051 0.0134 0.0062 0.0139 0.0180 0.0044 0.0073 0.0064 0.0073 0.0211 0.0116 0.0066 
      H083.4  2 0.6635 0.0047 0.0069 0.0148 0.0130 0.0114 0.0044 0.0117 0.0144 0.0101 0.0058 0.0532 0.0036 0.0129 0.0043 0.0107 0.0905 0.0040 0.0078 0.0129 0.0087 0.0149 0.0089 0.0068 
      H083.5  2 0.6098 0.0365 0.0275 0.0303 0.0180 0.0050 0.0096 0.0083 0.0205 0.0198 0.0087 0.0122 0.0089 0.0181 0.0048 0.0098 0.1050 0.0055 0.0041 0.0062 0.0107 0.0052 0.0090 0.0066 
      H083.6  2 0.6049 0.0515 0.0179 0.0228 0.0087 0.0073 0.0134 0.0137 0.0074 0.0071 0.0056 0.0234 0.0073 0.0206 0.0038 0.0157 0.1115 0.0040 0.0094 0.0130 0.0090 0.0043 0.0096 0.0081 
      H083.7  2 0.5518 0.0068 0.0059 0.0093 0.0222 0.0070 0.0052 0.0394 0.0129 0.0125 0.0060 0.0268 0.0042 0.0161 0.0050 0.0130 0.1920 0.0049 0.0050 0.0110 0.0068 0.0105 0.0189 0.0068 
      H083.8  2 0.7520 0.0046 0.0060 0.0102 0.0055 0.0217 0.0057 0.0130 0.0624 0.0060 0.0072 0.0047 0.0042 0.0102 0.0083 0.0080 0.0170 0.0053 0.0047 0.0052 0.0070 0.0115 0.0129 0.0068 
      H083.9  2 0.6477 0.0221 0.0238 0.0156 0.0132 0.0063 0.0076 0.0063 0.0140 0.0090 0.0064 0.0096 0.0067 0.0113 0.0054 0.0089 0.1434 0.0072 0.0037 0.0068 0.0086 0.0033 0.0078 0.0050 
      H084.1  2 0.0085 0.0348 0.0133 0.0085 0.0064 0.2753 0.0101 0.0138 0.0104 0.0491 0.0088 0.0098 0.4163 0.0320 0.0059 0.0053 0.0095 0.0065 0.0182 0.0071 0.0189 0.0116 0.0068 0.0133 
      H084.2  2 0.0080 0.0056 0.0250 0.0090 0.0073 0.5525 0.0075 0.0050 0.0074 0.0255 0.0049 0.0112 0.1894 0.0461 0.0033 0.0035 0.0054 0.0060 0.0106 0.0151 0.0076 0.0135 0.0052 0.0252 
      H084.3  2 0.0077 0.0720 0.0147 0.0459 0.0070 0.0370 0.0165 0.0991 0.0108 0.2803 0.0054 0.0105 0.0164 0.0604 0.0302 0.0058 0.0170 0.0382 0.1258 0.0094 0.0453 0.0132 0.0120 0.0195 
      H084.4  2 0.0057 0.0402 0.0415 0.0694 0.0151 0.0562 0.0078 0.0155 0.0125 0.2372 0.0064 0.0140 0.1952 0.0455 0.0751 0.0045 0.0053 0.0624 0.0220 0.0110 0.0168 0.0084 0.0053 0.0268 
      H084.5  2 0.0060 0.0892 0.0094 0.0393 0.0079 0.0304 0.0116 0.0145 0.0153 0.0857 0.0070 0.0062 0.3263 0.0567 0.0504 0.0091 0.0081 0.0161 0.0169 0.0136 0.1521 0.0080 0.0051 0.0152 
      H084.6  2 0.0067 0.0390 0.0076 0.0192 0.0086 0.0132 0.0058 0.0525 0.0234 0.1458 0.0050 0.0232 0.0499 0.0311 0.0559 0.0084 0.0590 0.0144 0.3421 0.0071 0.0509 0.0118 0.0056 0.0139 
      H084.7  2 0.0065 0.0126 0.0289 0.0080 0.0069 0.2622 0.0082 0.0154 0.0064 0.0129 0.0078 0.0104 0.4869 0.0351 0.0052 0.0054 0.0073 0.0093 0.0169 0.0155 0.0094 0.0081 0.0050 0.0097 
      H084.8  2 0.0061 0.1581 0.0093 0.0196 0.0080 0.0165 0.0107 0.0246 0.0293 0.1720 0.0055 0.0089 0.3702 0.0286 0.0417 0.0113 0.0107 0.0121 0.0165 0.0050 0.0164 0.0063 0.0055 0.0072 
 H085.1_2002  2 0.0199 0.0043 0.0237 0.0048 0.0293 0.0407 0.0067 0.0047 0.0067 0.0095 0.0152 0.0063 0.0041 0.0106 0.0032 0.7273 0.0129 0.0056 0.0181 0.0104 0.0100 0.0158 0.0034 0.0070 
 H085.1_2003  2 0.2059 0.0116 0.0394 0.0066 0.0651 0.0538 0.0055 0.0110 0.0142 0.0148 0.0093 0.0253 0.0090 0.0886 0.0543 0.1068 0.1096 0.0059 0.0133 0.0191 0.0043 0.0099 0.0097 0.1071 
 H085.2_2002  2 0.0248 0.0191 0.0286 0.0255 0.0189 0.0475 0.0070 0.0135 0.0069 0.0592 0.1447 0.0129 0.0062 0.0416 0.0064 0.1677 0.1228 0.0093 0.0205 0.0595 0.0132 0.0572 0.0040 0.0830 
 H085.2_2003  2 0.3682 0.0051 0.0707 0.0182 0.1411 0.0189 0.0145 0.0073 0.0235 0.0096 0.0144 0.0202 0.0116 0.0560 0.0339 0.0244 0.0368 0.0146 0.0226 0.0217 0.0059 0.0107 0.0123 0.0378 
 H085.3_2002  2 0.0106 0.0088 0.0159 0.0134 0.0200 0.0183 0.0052 0.0074 0.0071 0.0049 0.0434 0.0038 0.0039 0.0266 0.0199 0.6223 0.0195 0.0204 0.0068 0.0114 0.0032 0.0096 0.0064 0.0913 
 H085.3_2003  2 0.3602 0.0034 0.0064 0.0277 0.1089 0.0057 0.0087 0.0065 0.0060 0.0039 0.0060 0.0052 0.0037 0.0137 0.2123 0.0301 0.0058 0.0122 0.0392 0.0333 0.0033 0.0080 0.0093 0.0803 
 H085.4_2002  2 0.0701 0.0203 0.0129 0.0080 0.1332 0.0312 0.0111 0.0137 0.0078 0.0221 0.0312 0.0127 0.0065 0.0367 0.0050 0.3300 0.0202 0.0084 0.0243 0.0430 0.0122 0.1132 0.0057 0.0203 
 H085.4_2003  2 0.5162 0.0087 0.0378 0.0223 0.0115 0.0059 0.0085 0.0135 0.0071 0.0071 0.0224 0.0044 0.0062 0.0176 0.1457 0.0093 0.0069 0.0574 0.0288 0.0139 0.0132 0.0172 0.0063 0.0121 
 H085.5_2002  2 0.0043 0.0057 0.0064 0.0065 0.0309 0.0082 0.0054 0.0065 0.0051 0.0043 0.0226 0.0038 0.0033 0.0127 0.0214 0.7604 0.0039 0.0090 0.0043 0.0083 0.0039 0.0116 0.0043 0.0471 
 H085.5_2003  2 0.5706 0.0029 0.0234 0.0077 0.1351 0.0085 0.0086 0.0060 0.0127 0.0060 0.0084 0.0053 0.0048 0.0185 0.0103 0.0115 0.0414 0.0075 0.0557 0.0207 0.0048 0.0053 0.0072 0.0169 
 H085.6_2002  2 0.0085 0.0072 0.0143 0.0120 0.0141 0.1236 0.0044 0.0045 0.0108 0.0106 0.0227 0.0048 0.0056 0.0139 0.0067 0.6444 0.0143 0.0075 0.0053 0.0065 0.0067 0.0088 0.0028 0.0401 
 H085.6_2003  2 0.0409 0.0075 0.0204 0.0463 0.0181 0.0095 0.0104 0.0101 0.0138 0.0057 0.0662 0.0076 0.0089 0.0463 0.3359 0.0333 0.0067 0.0343 0.0088 0.0169 0.0037 0.0141 0.0072 0.2276 
 H085.7_2002  2 0.0417 0.0066 0.0510 0.0571 0.0592 0.0158 0.0086 0.0104 0.0244 0.0131 0.1110 0.0090 0.0047 0.0489 0.0144 0.2697 0.0641 0.0159 0.0197 0.0205 0.0057 0.0166 0.0081 0.1038 
 H085.7_2003  2 0.3951 0.0095 0.0126 0.0075 0.1053 0.0183 0.0068 0.0116 0.0107 0.0078 0.0121 0.0073 0.0052 0.0478 0.1668 0.0145 0.0122 0.0170 0.0065 0.0344 0.0042 0.0166 0.0087 0.0615 
 H085.8_2002  2 0.0217 0.0153 0.0118 0.0528 0.0275 0.0091 0.0057 0.0116 0.0065 0.0104 0.0677 0.0116 0.0073 0.0330 0.0467 0.1116 0.0122 0.0091 0.0131 0.0792 0.0058 0.0249 0.0058 0.3998 
 H085.8_2003  2 0.1222 0.0100 0.1625 0.0167 0.0538 0.0306 0.0140 0.0225 0.0271 0.0154 0.0641 0.0091 0.0135 0.0981 0.0193 0.0342 0.1006 0.0868 0.0151 0.0176 0.0190 0.0158 0.0094 0.0227 
      H085.9  2 0.0291 0.0070 0.0304 0.0129 0.0355 0.0098 0.0119 0.0107 0.0057 0.0330 0.0350 0.0130 0.0045 0.0119 0.0141 0.6165 0.0134 0.0103 0.0130 0.0250 0.0113 0.0231 0.0069 0.0159 
      H088.1  2 0.0085 0.0902 0.6208 0.0084 0.0092 0.0109 0.0120 0.0206 0.0116 0.0059 0.0241 0.0285 0.0134 0.0196 0.0038 0.0155 0.0125 0.0096 0.0067 0.0092 0.0043 0.0071 0.0369 0.0107 
      H088.2  2 0.0061 0.0302 0.7398 0.0162 0.0089 0.0106 0.0076 0.0138 0.0110 0.0062 0.0229 0.0094 0.0057 0.0114 0.0036 0.0182 0.0070 0.0159 0.0064 0.0085 0.0135 0.0098 0.0098 0.0073 
      H088.3  2 0.0043 0.0236 0.7891 0.0128 0.0078 0.0076 0.0074 0.0066 0.0124 0.0050 0.0129 0.0199 0.0060 0.0109 0.0039 0.0141 0.0064 0.0106 0.0040 0.0053 0.0089 0.0066 0.0080 0.0061 
      H088.4  2 0.0060 0.0069 0.8426 0.0060 0.0053 0.0100 0.0040 0.0033 0.0042 0.0037 0.0059 0.0091 0.0118 0.0061 0.0052 0.0036 0.0027 0.0051 0.0093 0.0034 0.0059 0.0080 0.0254 0.0065 
      H088.5  2 0.0043 0.0088 0.8705 0.0034 0.0039 0.0054 0.0045 0.0045 0.0053 0.0036 0.0064 0.0089 0.0076 0.0054 0.0046 0.0045 0.0043 0.0047 0.0051 0.0046 0.0038 0.0063 0.0124 0.0072 
      H088.6  2 0.0082 0.0152 0.8238 0.0047 0.0086 0.0043 0.0060 0.0050 0.0087 0.0049 0.0058 0.0190 0.0110 0.0063 0.0062 0.0042 0.0056 0.0074 0.0071 0.0063 0.0055 0.0056 0.0131 0.0074 
      H088.7  2 0.0111 0.0102 0.8346 0.0086 0.0080 0.0083 0.0049 0.0053 0.0164 0.0043 0.0052 0.0086 0.0100 0.0081 0.0055 0.0072 0.0050 0.0068 0.0035 0.0045 0.0081 0.0043 0.0061 0.0055 
      H088.8  2 0.0201 0.0116 0.6960 0.0062 0.0191 0.0077 0.0079 0.0068 0.0184 0.0057 0.0067 0.0279 0.0226 0.0149 0.0120 0.0055 0.0063 0.0092 0.0082 0.0067 0.0058 0.0041 0.0598 0.0109 
      H091.1  2 0.0154 0.0075 0.5472 0.0041 0.0345 0.0128 0.0081 0.0088 0.0101 0.0123 0.0054 0.0054 0.0046 0.0460 0.0481 0.0065 0.0325 0.0175 0.0083 0.0736 0.0060 0.0109 0.0308 0.0438 
      H091.2  2 0.0104 0.0051 0.5233 0.0041 0.1752 0.0081 0.0043 0.0170 0.0097 0.0038 0.0051 0.0057 0.0038 0.0138 0.0900 0.0050 0.0212 0.0061 0.0039 0.0490 0.0047 0.0080 0.0090 0.0139 
      H109.1  2 0.0094 0.0298 0.0034 0.0080 0.0099 0.0244 0.0107 0.0077 0.0319 0.0172 0.0071 0.0126 0.6968 0.0226 0.0159 0.0096 0.0233 0.0049 0.0048 0.0065 0.0194 0.0087 0.0086 0.0066 
      H109.2  2 0.0056 0.0056 0.0043 0.0057 0.0039 0.0053 0.0033 0.0072 0.0052 0.0042 0.0086 0.0042 0.8754 0.0059 0.0043 0.0035 0.0052 0.0082 0.0072 0.0041 0.0075 0.0051 0.0056 0.0051 
      H109.3  2 0.0083 0.0071 0.0123 0.0142 0.0049 0.0277 0.0173 0.0070 0.0469 0.0079 0.0040 0.0067 0.7191 0.0222 0.0157 0.0035 0.0077 0.0118 0.0077 0.0111 0.0081 0.0106 0.0084 0.0099 
      H109.4  2 0.0055 0.0068 0.0063 0.0044 0.0032 0.0101 0.0042 0.0038 0.0098 0.0080 0.0078 0.0122 0.8238 0.0109 0.0079 0.0034 0.0038 0.0065 0.0043 0.0106 0.0077 0.0126 0.0152 0.0108 
      H109.5  2 0.0211 0.0246 0.0147 0.0070 0.0059 0.0149 0.0071 0.0054 0.0097 0.0038 0.0046 0.0048 0.7761 0.0082 0.0122 0.0047 0.0031 0.0317 0.0056 0.0072 0.0072 0.0078 0.0081 0.0046 
      H109.6  2 0.0080 0.0126 0.0063 0.0086 0.0098 0.0054 0.0097 0.0137 0.0093 0.0084 0.0228 0.0268 0.7440 0.0212 0.0064 0.0034 0.0059 0.0126 0.0082 0.0105 0.0184 0.0089 0.0112 0.0079 
      H126.1  2 0.0079 0.0125 0.0137 0.0120 0.0495 0.1399 0.0248 0.0083 0.0090 0.0082 0.0352 0.0148 0.0208 0.0991 0.0074 0.1135 0.0068 0.1016 0.0048 0.0256 0.1195 0.1029 0.0488 0.0134 
      H126.2  2 0.0356 0.0048 0.0071 0.0139 0.3040 0.0122 0.0206 0.0063 0.0305 0.0311 0.0090 0.0054 0.0265 0.2275 0.0051 0.0382 0.0117 0.0180 0.0066 0.0209 0.0230 0.0629 0.0306 0.0486 
      H126.3  2 0.0354 0.0079 0.0719 0.0042 0.3339 0.0321 0.0067 0.0045 0.0069 0.0033 0.0071 0.0097 0.0064 0.0710 0.0068 0.0087 0.0195 0.0053 0.0032 0.0131 0.3104 0.0100 0.0167 0.0054 
      H126.4  2 0.0145 0.0089 0.0089 0.0079 0.0204 0.0161 0.0079 0.0064 0.0077 0.0066 0.0210 0.0078 0.0110 0.0469 0.0064 0.0102 0.0088 0.0049 0.0084 0.0191 0.0161 0.3421 0.3795 0.0125 
      H126.5  2 0.0773 0.0053 0.0066 0.0315 0.4091 0.0109 0.0255 0.0097 0.0066 0.0042 0.0343 0.0073 0.0132 0.0486 0.0081 0.0227 0.0055 0.0291 0.0066 0.0742 0.0751 0.0477 0.0248 0.0160 
      H126.6  2 0.1634 0.0035 0.0117 0.0162 0.3712 0.0190 0.0104 0.0042 0.0100 0.0040 0.0078 0.0051 0.0048 0.0160 0.0066 0.0669 0.0046 0.0051 0.0057 0.0048 0.2302 0.0133 0.0048 0.0105 
      H126.7  2 0.6559 0.0033 0.0485 0.0237 0.0247 0.0104 0.0085 0.0052 0.0083 0.0029 0.0058 0.0077 0.0077 0.0192 0.0075 0.0269 0.0054 0.0082 0.0079 0.0259 0.0150 0.0098 0.0433 0.0182 
      H130.1  2 0.0062 0.0128 0.0295 0.0240 0.0102 0.0707 0.0281 0.0100 0.0110 0.0064 0.4595 0.0214 0.0199 0.0190 0.0100 0.0110 0.0112 0.0554 0.0070 0.0090 0.0056 0.0427 0.0131 0.1060 
      H130.2  2 0.0392 0.0086 0.0300 0.0626 0.0074 0.0392 0.0369 0.0255 0.0334 0.0083 0.1468 0.0771 0.0297 0.0946 0.0204 0.0122 0.0429 0.0163 0.1944 0.0068 0.0047 0.0269 0.0055 0.0304 
      H130.3  2 0.0270 0.0095 0.0255 0.1224 0.0069 0.1146 0.3634 0.0114 0.0104 0.0046 0.0365 0.0166 0.0059 0.0655 0.0043 0.0052 0.0036 0.0151 0.0589 0.0067 0.0064 0.0090 0.0301 0.0404 
      H130.4  2 0.0045 0.0078 0.0191 0.0121 0.0084 0.0826 0.1371 0.0227 0.0200 0.0184 0.4057 0.0352 0.0084 0.0289 0.0067 0.0169 0.0151 0.0145 0.0165 0.0063 0.0057 0.0761 0.0088 0.0225 
      H130.5  2 0.0514 0.0127 0.0417 0.0836 0.0053 0.0648 0.0096 0.0190 0.0083 0.0055 0.3816 0.0131 0.0132 0.0509 0.0069 0.0239 0.0166 0.0229 0.0795 0.0084 0.0056 0.0229 0.0058 0.0468 
      H133.1  2 0.0116 0.0095 0.0114 0.0105 0.0041 0.7118 0.0138 0.0071 0.0178 0.0165 0.0213 0.0055 0.0197 0.0245 0.0132 0.0103 0.0053 0.0189 0.0091 0.0042 0.0058 0.0251 0.0102 0.0126 
      H133.2  2 0.0071 0.0089 0.0195 0.0106 0.0164 0.3705 0.0116 0.0042 0.0176 0.0062 0.0469 0.0117 0.0791 0.0545 0.0189 0.0255 0.0051 0.0355 0.0311 0.0074 0.0080 0.1847 0.0085 0.0105 
      H133.3  2 0.0119 0.0189 0.0162 0.0040 0.0054 0.7560 0.0108 0.0105 0.0085 0.0235 0.0145 0.0060 0.0126 0.0150 0.0062 0.0172 0.0070 0.0171 0.0080 0.0048 0.0064 0.0054 0.0063 0.0075 
      H133.4  2 0.0162 0.0082 0.0096 0.0182 0.0159 0.4562 0.0216 0.0085 0.0586 0.0314 0.0241 0.0131 0.0454 0.0312 0.0806 0.0107 0.0062 0.0144 0.0090 0.0070 0.0045 0.0951 0.0068 0.0075 
      H133.5  2 0.0044 0.0052 0.0094 0.0076 0.0081 0.8350 0.0068 0.0035 0.0046 0.0047 0.0057 0.0136 0.0119 0.0066 0.0045 0.0114 0.0052 0.0055 0.0096 0.0057 0.0042 0.0142 0.0051 0.0073 
      H133.6  2 0.0093 0.0122 0.0681 0.0164 0.0142 0.4468 0.0136 0.0102 0.0090 0.0068 0.0174 0.0147 0.0130 0.0322 0.0074 0.0238 0.0093 0.0421 0.0111 0.0107 0.0106 0.1749 0.0085 0.0178 
      H133.7  2 0.0160 0.0198 0.0100 0.0088 0.0059 0.2865 0.0217 0.0251 0.0508 0.0501 0.0546 0.0050 0.0101 0.0504 0.2433 0.0246 0.0065 0.0304 0.0052 0.0074 0.0042 0.0328 0.0090 0.0218 
      H133.8  2 0.0048 0.0049 0.0048 0.0041 0.0044 0.7948 0.0105 0.0036 0.0090 0.0104 0.0071 0.0037 0.0112 0.0141 0.0139 0.0319 0.0042 0.0049 0.0044 0.0252 0.0046 0.0147 0.0045 0.0045 
      H133.9  2 0.0123 0.0075 0.0090 0.0114 0.0047 0.7375 0.0176 0.0059 0.0113 0.0170 0.0190 0.0044 0.0087 0.0170 0.0122 0.0068 0.0066 0.0180 0.0074 0.0046 0.0051 0.0258 0.0184 0.0116 
      H147.1  2 0.0636 0.0176 0.0176 0.2006 0.0801 0.0066 0.0037 0.0111 0.0176 0.0181 0.0185 0.0038 0.0201 0.0434 0.2653 0.0476 0.0168 0.0236 0.0806 0.0083 0.0107 0.0061 0.0110 0.0076 
      H147.2  2 0.6731 0.0091 0.0103 0.1191 0.0073 0.0050 0.0042 0.0051 0.0054 0.0063 0.0161 0.0038 0.0054 0.0095 0.0166 0.0115 0.0040 0.0117 0.0352 0.0054 0.0107 0.0067 0.0059 0.0125 
      H147.3  2 0.6268 0.0072 0.0055 0.0985 0.0287 0.0054 0.0053 0.0084 0.0046 0.0053 0.0127 0.0029 0.0131 0.0114 0.0119 0.0365 0.0073 0.0129 0.0626 0.0064 0.0067 0.0049 0.0075 0.0074 
      H147.4  2 0.5317 0.0055 0.0056 0.0414 0.0632 0.0041 0.0049 0.0039 0.0101 0.0304 0.0061 0.0036 0.0107 0.0126 0.0343 0.0196 0.0098 0.0062 0.1646 0.0062 0.0061 0.0028 0.0106 0.0057 
      H147.5  2 0.2621 0.0182 0.0723 0.1102 0.0155 0.0051 0.0093 0.0054 0.0088 0.0106 0.0085 0.0090 0.0741 0.0498 0.0125 0.0246 0.0246 0.0510 0.1451 0.0091 0.0091 0.0054 0.0505 0.0093 
      H147.6  2 0.2016 0.0104 0.1016 0.1111 0.0140 0.0081 0.0056 0.0059 0.0072 0.0086 0.0076 0.0077 0.1781 0.0632 0.0166 0.0211 0.0255 0.0403 0.0963 0.0106 0.0130 0.0037 0.0310 0.0111 
      H147.7  2 0.4141 0.0080 0.0045 0.0401 0.0866 0.0046 0.0080 0.0069 0.0198 0.0261 0.0096 0.0043 0.0281 0.0221 0.1017 0.0116 0.0191 0.0158 0.1187 0.0112 0.0087 0.0039 0.0191 0.0073 
      H147.8  2 0.4334 0.0145 0.0799 0.0349 0.0228 0.0066 0.0036 0.0037 0.0131 0.0357 0.0042 0.0132 0.0412 0.0336 0.0389 0.0133 0.0286 0.0044 0.1204 0.0149 0.0114 0.0036 0.0200 0.0042 
      H147.9  2 0.6478 0.0097 0.0053 0.0696 0.0265 0.0039 0.0035 0.0047 0.0065 0.0053 0.0129 0.0047 0.0134 0.0119 0.0236 0.0309 0.0085 0.0151 0.0530 0.0073 0.0087 0.0058 0.0122 0.0091 
      H148.1  2 0.0085 0.0503 0.0177 0.0534 0.0153 0.0253 0.0053 0.0210 0.0159 0.0435 0.2493 0.0757 0.0824 0.0624 0.0164 0.0083 0.0267 0.0191 0.0334 0.0207 0.0488 0.0503 0.0175 0.0328 
      H148.2  2 0.0122 0.2738 0.0065 0.0164 0.0114 0.0450 0.0042 0.0628 0.0109 0.0319 0.1731 0.0391 0.0464 0.0530 0.0138 0.0220 0.0221 0.0067 0.0183 0.0122 0.0688 0.0238 0.0152 0.0106 
      H148.3  2 0.0101 0.1138 0.0133 0.0139 0.0204 0.0041 0.0082 0.2264 0.0129 0.0692 0.0287 0.0298 0.0104 0.2457 0.0224 0.0106 0.0079 0.0164 0.0181 0.0700 0.0169 0.0132 0.0080 0.0096 
      H148.4  2 0.0114 0.0839 0.0094 0.0842 0.0136 0.0122 0.0051 0.0353 0.0107 0.0363 0.2837 0.1583 0.0151 0.0709 0.0155 0.0117 0.0094 0.0240 0.0116 0.0174 0.0313 0.0238 0.0150 0.0100 
      H148.5  2 0.0078 0.2958 0.0192 0.0250 0.0091 0.0062 0.0088 0.1951 0.0118 0.0252 0.0224 0.1236 0.0284 0.0562 0.0056 0.0091 0.0089 0.0065 0.0329 0.0139 0.0291 0.0078 0.0444 0.0073 
      H148.6  2 0.0109 0.1776 0.0085 0.0251 0.0162 0.0112 0.0045 0.1478 0.0114 0.1311 0.1828 0.0510 0.0176 0.0437 0.0119 0.0133 0.0336 0.0152 0.0176 0.0086 0.0321 0.0109 0.0088 0.0085 
      H148.7  2 0.0057 0.2713 0.0190 0.0264 0.0078 0.0225 0.0085 0.0362 0.0183 0.0252 0.0985 0.1504 0.0347 0.0545 0.0116 0.0055 0.0119 0.0068 0.0085 0.0170 0.0258 0.0129 0.1088 0.0122 
      H148.8  2 0.0051 0.2533 0.0181 0.0189 0.0068 0.0059 0.0032 0.1039 0.0048 0.0244 0.3971 0.0354 0.0119 0.0260 0.0090 0.0084 0.0047 0.0097 0.0073 0.0091 0.0076 0.0072 0.0178 0.0044 
      H148.9  2 0.0062 0.0401 0.0063 0.0120 0.0237 0.0241 0.0139 0.0723 0.0453 0.1247 0.1647 0.0386 0.0168 0.0666 0.0157 0.0535 0.0183 0.0084 0.0177 0.0465 0.1330 0.0137 0.0189 0.0191 
   H166022.1  2 0.0085 0.0152 0.6191 0.0424 0.0406 0.0056 0.0039 0.0095 0.0096 0.0117 0.0123 0.0053 0.0393 0.0140 0.0142 0.0119 0.0596 0.0179 0.0277 0.0061 0.0078 0.0041 0.0071 0.0066 
   H166022.2  2 0.0307 0.0139 0.3276 0.1718 0.0162 0.0062 0.0094 0.0123 0.0175 0.0121 0.0136 0.0169 0.0576 0.0574 0.0244 0.0159 0.0488 0.0197 0.0614 0.0114 0.0138 0.0052 0.0164 0.0198 
   H166022.3  2 0.0043 0.0109 0.5569 0.0241 0.0047 0.0142 0.0051 0.0122 0.0125 0.0061 0.0166 0.0159 0.0110 0.0174 0.0046 0.0047 0.1821 0.0086 0.0083 0.0078 0.0047 0.0032 0.0407 0.0235 
   H166022.4  2 0.0047 0.0074 0.7752 0.0557 0.0042 0.0089 0.0069 0.0053 0.0079 0.0041 0.0047 0.0122 0.0050 0.0094 0.0035 0.0043 0.0182 0.0048 0.0105 0.0097 0.0056 0.0031 0.0104 0.0184 
   H166022.5  2 0.0082 0.0072 0.6902 0.0905 0.0089 0.0131 0.0080 0.0088 0.0064 0.0041 0.0057 0.0061 0.0309 0.0104 0.0059 0.0042 0.0230 0.0108 0.0256 0.0057 0.0054 0.0041 0.0072 0.0096 
   H166022.6  2 0.0063 0.0109 0.5539 0.0427 0.0080 0.0304 0.0072 0.0055 0.0270 0.0184 0.0344 0.0084 0.0148 0.0323 0.0115 0.0072 0.0322 0.0117 0.0203 0.0058 0.0071 0.0089 0.0432 0.0518 
   H166022.7  2 0.0065 0.0052 0.0069 0.0031 0.0101 0.0061 0.0048 0.0037 0.0068 0.0048 0.0050 0.8449 0.0321 0.0062 0.0082 0.0038 0.0030 0.0076 0.0057 0.0052 0.0061 0.0055 0.0044 0.0044 
   H166022.8  2 0.0090 0.0135 0.1013 0.4156 0.0292 0.0287 0.0147 0.0081 0.0142 0.0058 0.0518 0.0055 0.0141 0.0467 0.0088 0.0188 0.0298 0.0295 0.0937 0.0068 0.0058 0.0165 0.0090 0.0232 
   H167397.1  2 0.0214 0.0101 0.0309 0.0204 0.0130 0.0040 0.0058 0.0085 0.0050 0.3491 0.0065 0.0084 0.0128 0.0234 0.3419 0.0050 0.0066 0.0190 0.0163 0.0090 0.0083 0.0541 0.0114 0.0089 
   H167397.2  2 0.0194 0.0099 0.0133 0.1043 0.0344 0.0081 0.0071 0.0094 0.0078 0.4501 0.0729 0.0140 0.0062 0.0461 0.0423 0.0369 0.0262 0.0065 0.0260 0.0189 0.0082 0.0177 0.0058 0.0085 
   H167397.3  2 0.0307 0.0052 0.0192 0.0174 0.0235 0.0079 0.0080 0.0064 0.0052 0.5240 0.0093 0.0056 0.0110 0.0274 0.2077 0.0045 0.0063 0.0220 0.0083 0.0060 0.0131 0.0200 0.0064 0.0048 
   H167397.4  2 0.0202 0.0438 0.0194 0.0207 0.0253 0.0146 0.0061 0.0100 0.0269 0.5759 0.0220 0.0139 0.0071 0.0273 0.0348 0.0417 0.0205 0.0048 0.0154 0.0213 0.0108 0.0043 0.0078 0.0054 
   H167397.5  2 0.0151 0.0097 0.0238 0.0384 0.0103 0.0090 0.0059 0.0102 0.0041 0.5418 0.0196 0.0246 0.0117 0.0205 0.0977 0.0071 0.0112 0.0199 0.0326 0.0267 0.0062 0.0263 0.0101 0.0175 
   H167397.6  2 0.0251 0.0207 0.0189 0.0087 0.0141 0.0151 0.0113 0.0069 0.0077 0.5050 0.0199 0.0058 0.0062 0.0150 0.2104 0.0073 0.0070 0.0084 0.0068 0.0088 0.0396 0.0113 0.0132 0.0069 
   H167496.1  2 0.0078 0.1178 0.1909 0.0118 0.0065 0.0359 0.0163 0.0523 0.0099 0.0082 0.0130 0.0097 0.0266 0.0258 0.0069 0.0045 0.0152 0.3289 0.0108 0.0347 0.0152 0.0082 0.0138 0.0292 
   H167496.2  2 0.0674 0.0370 0.0824 0.0557 0.0149 0.0406 0.0106 0.0813 0.0493 0.0099 0.0209 0.0587 0.0605 0.1076 0.0100 0.0119 0.0096 0.0642 0.0123 0.0187 0.0851 0.0225 0.0106 0.0583 
   H167496.3  2 0.0232 0.0249 0.1266 0.0410 0.0426 0.0179 0.0180 0.0612 0.0236 0.0092 0.0753 0.0054 0.0039 0.0910 0.0092 0.0693 0.0675 0.1557 0.0135 0.0244 0.0067 0.0075 0.0224 0.0599 
   H167496.4  2 0.0081 0.0043 0.8741 0.0100 0.0105 0.0063 0.0045 0.0033 0.0061 0.0040 0.0045 0.0035 0.0047 0.0059 0.0045 0.0057 0.0044 0.0039 0.0073 0.0054 0.0058 0.0026 0.0060 0.0046 
   H167496.6  2 0.0103 0.0086 0.7319 0.0870 0.0137 0.0080 0.0087 0.0028 0.0075 0.0053 0.0081 0.0060 0.0067 0.0112 0.0066 0.0059 0.0048 0.0103 0.0088 0.0066 0.0147 0.0039 0.0084 0.0140 
   H167496.7  2 0.0058 0.0054 0.0089 0.0171 0.0074 0.0211 0.0070 0.0362 0.0206 0.0052 0.0376 0.0053 0.0150 0.0171 0.0295 0.0051 0.0175 0.6475 0.0084 0.0238 0.0142 0.0056 0.0076 0.0309 
   H167496.8  2 0.0162 0.0073 0.7472 0.0452 0.0121 0.0053 0.0057 0.0036 0.0115 0.0059 0.0080 0.0053 0.0220 0.0089 0.0128 0.0055 0.0060 0.0125 0.0059 0.0064 0.0265 0.0056 0.0043 0.0103 
   H167513.1  2 0.0062 0.0041 0.0061 0.0145 0.0046 0.0119 0.0059 0.0040 0.8313 0.0053 0.0071 0.0099 0.0053 0.0085 0.0085 0.0059 0.0083 0.0052 0.0073 0.0053 0.0102 0.0090 0.0048 0.0111 
   H167513.2  2 0.0057 0.0135 0.0097 0.0073 0.0071 0.0056 0.0040 0.0092 0.7675 0.0233 0.0132 0.0043 0.0159 0.0084 0.0165 0.0052 0.0050 0.0269 0.0042 0.0046 0.0100 0.0125 0.0061 0.0147 
   H167513.3  2 0.0068 0.0035 0.0074 0.0202 0.0235 0.0131 0.0183 0.0108 0.7395 0.0068 0.0051 0.0064 0.0260 0.0242 0.0112 0.0049 0.0142 0.0063 0.0184 0.0054 0.0105 0.0047 0.0053 0.0077 
   H167513.4  2 0.0072 0.0098 0.0237 0.0198 0.0070 0.0709 0.0061 0.0101 0.6403 0.0083 0.0104 0.0078 0.0098 0.0197 0.0182 0.0062 0.0511 0.0085 0.0131 0.0049 0.0182 0.0122 0.0105 0.0063 
   H167513.5  2 0.0054 0.0120 0.0105 0.0059 0.0065 0.0049 0.0036 0.0055 0.8200 0.0142 0.0089 0.0037 0.0128 0.0066 0.0116 0.0070 0.0060 0.0119 0.0042 0.0034 0.0083 0.0121 0.0044 0.0107 
   H167513.6  2 0.0075 0.0044 0.0118 0.0195 0.0133 0.0091 0.0075 0.0131 0.7367 0.0080 0.0061 0.0082 0.0191 0.0159 0.0189 0.0075 0.0147 0.0165 0.0215 0.0056 0.0144 0.0081 0.0046 0.0079 
   H167513.7  2 0.0100 0.0036 0.0079 0.0075 0.0062 0.0157 0.0070 0.0047 0.7945 0.0291 0.0060 0.0047 0.0199 0.0086 0.0049 0.0079 0.0168 0.0050 0.0080 0.0046 0.0076 0.0102 0.0031 0.0064 
   H167513.8  2 0.0060 0.0031 0.0046 0.0167 0.0078 0.0106 0.0094 0.0051 0.7904 0.0127 0.0033 0.0076 0.0458 0.0085 0.0089 0.0034 0.0044 0.0047 0.0143 0.0042 0.0071 0.0106 0.0040 0.0069 
   H167547.1  2 0.0059 0.0135 0.0065 0.0096 0.0099 0.0088 0.0103 0.1708 0.0130 0.0193 0.1274 0.0106 0.0064 0.0245 0.0704 0.0059 0.0177 0.3529 0.0092 0.0088 0.0069 0.0097 0.0625 0.0196 
   H167547.2  2 0.0043 0.0059 0.0165 0.0051 0.0058 0.0053 0.0076 0.1118 0.0055 0.0119 0.0203 0.0037 0.0067 0.0122 0.5154 0.0083 0.0251 0.1326 0.0073 0.0093 0.0061 0.0063 0.0374 0.0296 
