      H008.1  2 0.7693 0.0136 0.0125 0.0047 0.0172 0.0032 0.0050 0.0188 0.0157 0.0115 0.0067 0.0053 0.0090 0.0089 0.0182 0.0053 0.0162 0.0058 0.0231 0.0096 0.0052 0.0084 0.0070 
      H008.2  2 0.2431 0.0366 0.0339 0.0206 0.0419 0.0114 0.0375 0.3185 0.0385 0.0097 0.0200 0.0069 0.0096 0.0055 0.0196 0.0195 0.0128 0.0134 0.0164 0.0214 0.0090 0.0200 0.0342 
      H008.3  2 0.3085 0.0470 0.0275 0.0268 0.0576 0.0117 0.0183 0.0580 0.1037 0.0082 0.0136 0.0086 0.0088 0.0128 0.1560 0.0215 0.0046 0.0130 0.0061 0.0310 0.0098 0.0150 0.0321 
      H008.4  2 0.6795 0.0098 0.0312 0.0119 0.0118 0.0047 0.0241 0.0180 0.0143 0.0073 0.0154 0.0050 0.0176 0.0079 0.0056 0.0534 0.0093 0.0255 0.0122 0.0067 0.0091 0.0084 0.0113 
      H008.5  2 0.8322 0.0098 0.0082 0.0060 0.0123 0.0049 0.0057 0.0062 0.0108 0.0061 0.0136 0.0069 0.0051 0.0039 0.0069 0.0127 0.0035 0.0114 0.0061 0.0084 0.0045 0.0047 0.0102 
      H008.6  2 0.5344 0.0047 0.0429 0.0123 0.0353 0.0064 0.0320 0.1383 0.0132 0.0057 0.0118 0.0056 0.0099 0.0038 0.0105 0.0202 0.0161 0.0143 0.0069 0.0097 0.0097 0.0126 0.0438 
      H008.7  2 0.3698 0.0553 0.0511 0.0106 0.0397 0.0077 0.0572 0.0793 0.0269 0.0237 0.0371 0.0097 0.0119 0.0105 0.0174 0.0525 0.0167 0.0175 0.0513 0.0094 0.0145 0.0085 0.0218 
      H008.8  2 0.1273 0.0146 0.0564 0.0157 0.0110 0.0073 0.0063 0.3671 0.1594 0.0084 0.0059 0.0109 0.0184 0.0064 0.0182 0.0128 0.0883 0.0086 0.0175 0.0088 0.0130 0.0082 0.0095 
      H008.9  2 0.0933 0.0111 0.2674 0.0211 0.0840 0.0059 0.0528 0.2554 0.0198 0.0055 0.0083 0.0128 0.0079 0.0055 0.0151 0.0557 0.0069 0.0101 0.0074 0.0123 0.0131 0.0124 0.0162 
 H029.1_2002  2 0.0280 0.0071 0.0123 0.0040 0.0051 0.0050 0.0089 0.0169 0.0068 0.0078 0.0170 0.0106 0.0250 0.0045 0.0060 0.0116 0.0173 0.0524 0.7124 0.0038 0.0235 0.0058 0.0080 
 H029.1_2003  2 0.0105 0.0060 0.0173 0.0088 0.0088 0.0096 0.0109 0.0853 0.0083 0.0143 0.0533 0.0145 0.0088 0.0036 0.0237 0.0835 0.0093 0.0166 0.5480 0.0132 0.0188 0.0116 0.0150 
 H029.2_2002  2 0.0110 0.0118 0.0043 0.0073 0.0061 0.0067 0.0156 0.0067 0.0060 0.0050 0.0146 0.0056 0.0062 0.0035 0.0066 0.0165 0.0037 0.0060 0.8150 0.0051 0.0215 0.0045 0.0104 
 H029.2_2003  2 0.0218 0.0080 0.0109 0.0291 0.0073 0.0313 0.0173 0.0131 0.0089 0.0124 0.0722 0.0206 0.0050 0.0058 0.0290 0.0376 0.0060 0.0067 0.5824 0.0163 0.0217 0.0196 0.0170 
 H029.3_2002  2 0.0072 0.0127 0.0045 0.0078 0.0058 0.0076 0.0173 0.0123 0.0058 0.0074 0.0102 0.0062 0.0049 0.0035 0.0064 0.0230 0.0051 0.0054 0.8060 0.0078 0.0172 0.0089 0.0070 
 H029.3_2003  2 0.0246 0.0073 0.0059 0.0061 0.0122 0.0121 0.0053 0.0140 0.0072 0.0191 0.0629 0.0046 0.0066 0.0040 0.0125 0.0124 0.0032 0.0060 0.7215 0.0201 0.0065 0.0188 0.0071 
 H029.4_2002  2 0.0047 0.0051 0.0028 0.0031 0.0040 0.0035 0.0044 0.0053 0.0047 0.0066 0.0063 0.0033 0.0082 0.0029 0.0047 0.0054 0.0043 0.0059 0.8986 0.0047 0.0029 0.0046 0.0040 
 H029.4_2003  2 0.0060 0.0058 0.0077 0.0063 0.0076 0.0072 0.0122 0.0138 0.0221 0.0376 0.0313 0.0132 0.0149 0.0034 0.1040 0.0117 0.0140 0.0280 0.6225 0.0076 0.0094 0.0069 0.0068 
 H029.5_2002  2 0.0326 0.0067 0.0063 0.0035 0.0052 0.0070 0.0037 0.0061 0.0050 0.0065 0.0204 0.0067 0.0151 0.0044 0.0056 0.0131 0.0070 0.0303 0.7902 0.0050 0.0080 0.0052 0.0064 
 H029.5_2003  2 0.0075 0.0027 0.0057 0.0038 0.0057 0.0044 0.0054 0.0153 0.0084 0.0131 0.0132 0.0086 0.0115 0.0033 0.0122 0.0077 0.0067 0.0107 0.8251 0.0070 0.0052 0.0058 0.0109 
 H029.6_2002  2 0.0044 0.0068 0.0027 0.0045 0.0031 0.0039 0.0062 0.0068 0.0064 0.0045 0.0211 0.0040 0.0041 0.0035 0.0036 0.0060 0.0032 0.0048 0.8849 0.0043 0.0030 0.0039 0.0041 
 H029.6_2003  2 0.0468 0.0094 0.0133 0.0078 0.0083 0.0266 0.0074 0.0147 0.0075 0.0261 0.0192 0.0137 0.0107 0.0097 0.1156 0.0590 0.0106 0.0242 0.5080 0.0161 0.0077 0.0184 0.0193 
      H029.7  2 0.0138 0.0077 0.0051 0.0079 0.0035 0.0054 0.0074 0.0037 0.0051 0.0061 0.0104 0.0046 0.0054 0.0027 0.0060 0.0057 0.0043 0.0095 0.8662 0.0033 0.0078 0.0029 0.0054 
      H030.1  2 0.0368 0.0146 0.0102 0.0080 0.0376 0.0798 0.0043 0.0121 0.0053 0.0357 0.1531 0.0178 0.0076 0.0393 0.0079 0.0079 0.0084 0.0372 0.0356 0.0977 0.0123 0.2754 0.0555 
      H030.2  2 0.0286 0.1201 0.0083 0.0037 0.0524 0.0105 0.1010 0.0065 0.0239 0.0218 0.0286 0.0060 0.0311 0.0414 0.0181 0.0050 0.0070 0.0160 0.0342 0.0456 0.0504 0.3344 0.0056 
      H038.1  2 0.0141 0.0034 0.0071 0.0088 0.0034 0.0066 0.0116 0.0053 0.0084 0.0042 0.0044 0.0050 0.0051 0.0035 0.0046 0.0064 0.0102 0.0048 0.8593 0.0068 0.0067 0.0057 0.0044 
      H038.2  2 0.0079 0.0051 0.0027 0.0027 0.0039 0.0045 0.0040 0.0044 0.0053 0.0049 0.0045 0.0068 0.0064 0.0051 0.0039 0.0031 0.0036 0.0085 0.8926 0.0038 0.0077 0.0048 0.0038 
      H038.3  2 0.0086 0.0059 0.0062 0.0039 0.0074 0.0325 0.0148 0.0065 0.0043 0.0069 0.0031 0.0070 0.0080 0.0089 0.0050 0.0045 0.0216 0.0079 0.8070 0.0083 0.0090 0.0074 0.0055 
      H038.4  2 0.0165 0.0040 0.0072 0.0040 0.0070 0.0183 0.0113 0.0067 0.0063 0.0059 0.0036 0.0060 0.0093 0.0095 0.0032 0.0078 0.0121 0.0065 0.8274 0.0080 0.0095 0.0054 0.0045 
      H038.5  2 0.0043 0.0049 0.0038 0.0023 0.0037 0.0065 0.0096 0.0059 0.0044 0.0118 0.0047 0.0049 0.0048 0.0046 0.0059 0.0046 0.0069 0.0043 0.8788 0.0048 0.0040 0.0099 0.0045 
      H038.6  2 0.0138 0.0027 0.0031 0.0031 0.0044 0.0056 0.0045 0.0047 0.0111 0.0059 0.0074 0.0058 0.0059 0.0025 0.0076 0.0035 0.0048 0.0044 0.8733 0.0042 0.0080 0.0067 0.0070 
      H038.7  2 0.0224 0.0026 0.0037 0.0032 0.0062 0.0107 0.0057 0.0056 0.0073 0.0069 0.0042 0.0063 0.0071 0.0031 0.0043 0.0036 0.0070 0.0047 0.8527 0.0053 0.0171 0.0056 0.0046 
      H038.8  2 0.0076 0.0051 0.0042 0.0031 0.0049 0.0131 0.0258 0.0042 0.0056 0.0039 0.0035 0.0081 0.0049 0.0099 0.0031 0.0038 0.0093 0.0075 0.8446 0.0073 0.0088 0.0056 0.0058 
      H041.1  2 0.0273 0.0920 0.0324 0.0123 0.0359 0.1022 0.0286 0.0043 0.0111 0.1855 0.0745 0.0055 0.0397 0.0082 0.0162 0.0090 0.0080 0.0364 0.2453 0.0064 0.0037 0.0054 0.0102 
      H041.2  2 0.0501 0.0055 0.0120 0.0067 0.0397 0.0112 0.0152 0.0102 0.0087 0.0073 0.1091 0.0065 0.0410 0.0064 0.0065 0.0502 0.0057 0.4898 0.0769 0.0159 0.0090 0.0067 0.0095 
      H041.4  2 0.0126 0.0086 0.0446 0.0161 0.0236 0.0088 0.0210 0.0111 0.0089 0.0089 0.0910 0.0117 0.0204 0.0098 0.0567 0.0442 0.0139 0.0162 0.5398 0.0107 0.0061 0.0083 0.0069 
      H041.6  2 0.0242 0.0098 0.0274 0.0308 0.0380 0.0141 0.0152 0.0074 0.0140 0.0078 0.1487 0.0116 0.0631 0.0126 0.0646 0.0311 0.0484 0.0537 0.3264 0.0204 0.0139 0.0111 0.0059 
 H042.1_2002  2 0.0114 0.0067 0.0326 0.0100 0.0098 0.0084 0.0126 0.0041 0.0620 0.0048 0.6213 0.0072 0.0091 0.0454 0.0101 0.0100 0.0199 0.0399 0.0041 0.0294 0.0151 0.0068 0.0192 
 H042.1_2003  2 0.3342 0.0146 0.0260 0.0091 0.0544 0.0221 0.0769 0.0288 0.0160 0.0059 0.0172 0.0327 0.0117 0.0159 0.0149 0.0165 0.0244 0.0886 0.0093 0.0771 0.0478 0.0183 0.0377 
 H042.2_2002  2 0.0067 0.0045 0.0061 0.0096 0.0045 0.0062 0.0275 0.0045 0.0750 0.0219 0.4220 0.0055 0.0906 0.0079 0.0281 0.0308 0.0063 0.0059 0.1844 0.0148 0.0125 0.0058 0.0190 
 H042.2_2003  2 0.0641 0.0031 0.0107 0.0077 0.0099 0.0081 0.0052 0.0078 0.0097 0.0045 0.0301 0.0058 0.0173 0.0054 0.0121 0.0251 0.0068 0.6886 0.0342 0.0200 0.0070 0.0079 0.0090 
 H042.3_2002  2 0.0080 0.0053 0.0120 0.0106 0.0184 0.0132 0.0209 0.0039 0.1313 0.0159 0.3905 0.0058 0.0439 0.0330 0.0314 0.0276 0.0178 0.0138 0.0049 0.1414 0.0108 0.0106 0.0288 
 H042.3_2003  2 0.0161 0.0322 0.0179 0.0107 0.0245 0.0124 0.0300 0.0038 0.1188 0.0741 0.0984 0.0082 0.1672 0.0236 0.1024 0.0127 0.0206 0.0779 0.0215 0.0897 0.0060 0.0129 0.0184 
 H042.4_2002  2 0.0117 0.0085 0.0229 0.0057 0.0068 0.0134 0.0176 0.0042 0.0085 0.0083 0.6776 0.0178 0.0067 0.0266 0.0254 0.0290 0.0130 0.0303 0.0286 0.0147 0.0051 0.0096 0.0082 
 H042.4_2003  2 0.0160 0.0135 0.0198 0.0199 0.0108 0.0315 0.0068 0.0036 0.0092 0.0121 0.4979 0.0311 0.0141 0.0135 0.0149 0.0080 0.0392 0.1181 0.0875 0.0081 0.0074 0.0071 0.0099 
      H042.5  2 0.0044 0.0038 0.0101 0.0107 0.0091 0.0071 0.0030 0.0046 0.0082 0.0067 0.8126 0.0080 0.0072 0.0094 0.0188 0.0063 0.0060 0.0323 0.0064 0.0067 0.0047 0.0038 0.0102 
      H042.6  2 0.0076 0.0065 0.0053 0.0251 0.0038 0.0103 0.0090 0.0046 0.0559 0.0105 0.7280 0.0159 0.0096 0.0107 0.0053 0.0040 0.0399 0.0083 0.0103 0.0074 0.0107 0.0044 0.0067 
      H042.7  2 0.0067 0.0062 0.0118 0.0075 0.0161 0.0206 0.0060 0.0070 0.0449 0.0109 0.4079 0.0062 0.0289 0.0861 0.0135 0.0273 0.0366 0.0267 0.0237 0.1141 0.0755 0.0053 0.0107 
      H042.8  2 0.0104 0.0032 0.0182 0.0148 0.0228 0.0042 0.0278 0.0061 0.0336 0.0083 0.6389 0.0052 0.0398 0.0127 0.0311 0.0344 0.0078 0.0183 0.0070 0.0239 0.0099 0.0040 0.0177 
   H042_2002  2 0.0275 0.0037 0.0252 0.0406 0.0292 0.0138 0.0301 0.0079 0.2311 0.0137 0.0613 0.0322 0.1628 0.0099 0.0424 0.0212 0.0606 0.0667 0.0245 0.0250 0.0413 0.0104 0.0187 
   H042_2003  2 0.0389 0.0048 0.0291 0.0453 0.0236 0.0133 0.0412 0.0096 0.2173 0.0118 0.0692 0.0291 0.1602 0.0165 0.0505 0.0297 0.0487 0.0433 0.0253 0.0270 0.0364 0.0092 0.0200 
      H043.1  2 0.0086 0.0111 0.0038 0.0068 0.0232 0.0075 0.0290 0.0120 0.0275 0.2176 0.0060 0.0127 0.0081 0.0060 0.0087 0.0027 0.5598 0.0065 0.0105 0.0063 0.0088 0.0111 0.0059 
      H043.2  2 0.0081 0.0027 0.0065 0.0102 0.0051 0.0064 0.0109 0.0079 0.0166 0.0039 0.0035 0.0083 0.0041 0.0030 0.0061 0.0045 0.8608 0.0040 0.0066 0.0055 0.0047 0.0037 0.0068 
      H043.3  2 0.0438 0.0030 0.0073 0.0065 0.0096 0.0158 0.0106 0.0074 0.0219 0.0222 0.0086 0.0076 0.0242 0.0040 0.0049 0.0044 0.7081 0.0087 0.0232 0.0131 0.0307 0.0059 0.0085 
      H043.4  2 0.0107 0.0031 0.0058 0.0105 0.0084 0.0088 0.0123 0.0037 0.0165 0.0091 0.0049 0.0133 0.0197 0.0033 0.0035 0.0027 0.8171 0.0044 0.0089 0.0098 0.0112 0.0044 0.0081 
      H043.5  2 0.0077 0.0042 0.0057 0.0040 0.0102 0.0094 0.0217 0.0098 0.0203 0.0075 0.0041 0.0078 0.0080 0.0041 0.0058 0.0055 0.8256 0.0054 0.0092 0.0079 0.0054 0.0043 0.0062 
      H043.6  2 0.0119 0.0026 0.0069 0.0041 0.0030 0.0043 0.0146 0.0042 0.0099 0.0061 0.0040 0.0040 0.0066 0.0028 0.0040 0.0042 0.8720 0.0039 0.0086 0.0067 0.0053 0.0052 0.0051 
      H043.7  2 0.0054 0.0026 0.0057 0.0069 0.0050 0.0099 0.0077 0.0026 0.0043 0.0057 0.0031 0.0042 0.0072 0.0026 0.0028 0.0027 0.8934 0.0036 0.0050 0.0052 0.0068 0.0041 0.0037 
      H043.8  2 0.0054 0.0094 0.0049 0.0046 0.0082 0.0072 0.0053 0.0136 0.0192 0.0557 0.0053 0.0050 0.0061 0.0064 0.0042 0.0035 0.7848 0.0038 0.0070 0.0082 0.0063 0.0192 0.0069 
      H043.9  2 0.0073 0.0086 0.0041 0.0093 0.0065 0.0097 0.0232 0.0077 0.0391 0.3345 0.0093 0.0082 0.0128 0.0045 0.0063 0.0027 0.4279 0.0072 0.0316 0.0058 0.0176 0.0102 0.0059 
      H047.1  2 0.3380 0.0034 0.0084 0.0058 0.2479 0.0066 0.0066 0.0039 0.0186 0.0035 0.0063 0.0067 0.1530 0.0050 0.0073 0.0042 0.0138 0.0079 0.0954 0.0093 0.0286 0.0056 0.0143 
      H047.2  2 0.0356 0.0292 0.0126 0.0063 0.0684 0.0215 0.0054 0.0122 0.0061 0.0218 0.0142 0.0227 0.0926 0.0116 0.0084 0.0077 0.0271 0.0114 0.5177 0.0101 0.0169 0.0089 0.0316 
      H047.3  2 0.0572 0.0303 0.0092 0.0114 0.0908 0.0158 0.0043 0.0115 0.0071 0.0448 0.0206 0.0204 0.2063 0.0133 0.0154 0.0215 0.0132 0.0118 0.2927 0.0124 0.0106 0.0071 0.0724 
      H047.4  2 0.0285 0.0067 0.0175 0.0090 0.0955 0.0346 0.0039 0.0130 0.0097 0.0132 0.0324 0.0095 0.2061 0.0110 0.0132 0.0116 0.0348 0.0363 0.3498 0.0117 0.0315 0.0082 0.0123 
      H047.5  2 0.1338 0.0055 0.0091 0.0232 0.0887 0.0119 0.0032 0.0089 0.0094 0.0208 0.0066 0.0067 0.4232 0.0150 0.0096 0.0134 0.0099 0.0045 0.1476 0.0083 0.0100 0.0069 0.0236 
      H047.6  2 0.0095 0.0099 0.0081 0.0079 0.3264 0.0103 0.0078 0.0074 0.0036 0.0114 0.0202 0.0121 0.1900 0.0072 0.0061 0.0147 0.0331 0.0117 0.2649 0.0054 0.0080 0.0053 0.0189 
      H047.7  2 0.0558 0.0100 0.0055 0.0039 0.1479 0.0047 0.0180 0.0037 0.0166 0.0044 0.0090 0.0038 0.4235 0.0093 0.0083 0.0060 0.0097 0.0151 0.2101 0.0084 0.0121 0.0042 0.0101 
      H047.8  2 0.0504 0.0074 0.0080 0.0071 0.3378 0.0087 0.0040 0.0072 0.0100 0.0060 0.0175 0.0145 0.2006 0.0075 0.0141 0.0081 0.0212 0.0264 0.1788 0.0112 0.0111 0.0045 0.0382 
      H047.9  2 0.0836 0.0048 0.0102 0.0143 0.0217 0.0229 0.0030 0.0059 0.0238 0.0071 0.0107 0.0105 0.4233 0.0381 0.0113 0.0072 0.0063 0.0152 0.1790 0.0097 0.0229 0.0054 0.0631 
 H071.1_2002  2 0.5634 0.0039 0.0072 0.0076 0.0054 0.0080 0.0061 0.0040 0.0169 0.0161 0.0050 0.0076 0.0133 0.0050 0.0063 0.0047 0.0263 0.0067 0.2438 0.0128 0.0097 0.0082 0.0119 
 H071.1_2003  2 0.6831 0.0030 0.0180 0.0233 0.0096 0.0423 0.0089 0.0059 0.0078 0.0193 0.0062 0.0182 0.0101 0.0040 0.0096 0.0074 0.0519 0.0067 0.0175 0.0102 0.0111 0.0156 0.0103 
     H071.10  2 0.0122 0.0078 0.0038 0.0062 0.0032 0.0088 0.0067 0.0061 0.1428 0.0148 0.0050 0.0056 0.0109 0.0097 0.0043 0.0041 0.0121 0.0045 0.6808 0.0064 0.0064 0.0344 0.0034 
 H071.2_2002  2 0.1539 0.0035 0.0148 0.0170 0.0075 0.0148 0.0084 0.0235 0.0252 0.0082 0.0049 0.0137 0.0097 0.0070 0.0098 0.0177 0.0438 0.0062 0.5725 0.0095 0.0079 0.0109 0.0097 
 H071.2_2003  2 0.8283 0.0036 0.0052 0.0052 0.0033 0.0045 0.0026 0.0030 0.0053 0.0051 0.0064 0.0050 0.0040 0.0029 0.0043 0.0031 0.0050 0.0051 0.0770 0.0049 0.0054 0.0047 0.0061 
      H071.3  2 0.4729 0.0078 0.0039 0.0058 0.0109 0.0147 0.0098 0.0134 0.2895 0.0215 0.0046 0.0049 0.0169 0.0069 0.0087 0.0041 0.0069 0.0085 0.0432 0.0067 0.0071 0.0266 0.0049 
 H071.4_2002  2 0.0050 0.0046 0.0077 0.0066 0.0038 0.0111 0.0105 0.0112 0.0296 0.0237 0.0046 0.0145 0.0145 0.0297 0.0057 0.0054 0.0216 0.0033 0.7541 0.0053 0.0085 0.0129 0.0060 
 H071.4_2003  2 0.4493 0.0046 0.0038 0.0045 0.0048 0.0066 0.0027 0.0113 0.3359 0.0044 0.0035 0.0057 0.0107 0.0073 0.0070 0.0026 0.0055 0.0041 0.1016 0.0039 0.0086 0.0070 0.0046 
 H071.5_2002  2 0.1324 0.0086 0.0044 0.0068 0.0042 0.0096 0.0052 0.0051 0.1075 0.0180 0.0068 0.0066 0.0188 0.0094 0.0056 0.0028 0.0076 0.0046 0.6070 0.0046 0.0077 0.0128 0.0037 
 H071.5_2003  2 0.5447 0.0034 0.0109 0.0062 0.0067 0.0189 0.0037 0.0134 0.1956 0.0209 0.0042 0.0069 0.0502 0.0134 0.0108 0.0036 0.0118 0.0072 0.0246 0.0052 0.0114 0.0178 0.0086 
 H071.6_2002  2 0.0907 0.0043 0.0028 0.0046 0.0034 0.0069 0.0041 0.0164 0.6557 0.0074 0.0054 0.0119 0.0128 0.0053 0.0038 0.0034 0.0060 0.0028 0.1082 0.0073 0.0074 0.0254 0.0039 
 H071.6_2003  2 0.5627 0.0045 0.0095 0.0054 0.0044 0.0382 0.0040 0.0070 0.1075 0.0228 0.0073 0.0083 0.0282 0.0120 0.0061 0.0032 0.0156 0.0064 0.0787 0.0063 0.0148 0.0403 0.0068 
 H071.7_2002  2 0.7438 0.0039 0.0073 0.0079 0.0048 0.0069 0.0055 0.0115 0.0582 0.0051 0.0045 0.0042 0.0170 0.0035 0.0051 0.0035 0.0073 0.0038 0.0478 0.0046 0.0333 0.0042 0.0063 
 H071.7_2003  2 0.5214 0.0047 0.0120 0.0092 0.0058 0.0173 0.0068 0.0059 0.1187 0.0595 0.0064 0.0092 0.0291 0.0129 0.0063 0.0028 0.0295 0.0081 0.0726 0.0063 0.0100 0.0334 0.0119 
      H071.8  2 0.1011 0.0029 0.0133 0.0168 0.0074 0.0071 0.0076 0.0316 0.0195 0.0051 0.0044 0.0080 0.0073 0.0046 0.0061 0.0134 0.0156 0.0062 0.6939 0.0074 0.0081 0.0060 0.0066 
      H071.9  2 0.0075 0.0063 0.0159 0.0088 0.0061 0.0227 0.0072 0.0285 0.0901 0.1463 0.0103 0.0151 0.0420 0.0111 0.0104 0.0152 0.0221 0.0050 0.4950 0.0043 0.0051 0.0189 0.0061 
 H081.1_2002  2 0.7398 0.0125 0.0080 0.0162 0.0032 0.0082 0.0072 0.0038 0.0102 0.0050 0.0077 0.0098 0.0132 0.0094 0.0061 0.0123 0.0046 0.0047 0.0946 0.0060 0.0049 0.0078 0.0047 
 H081.1_2003  2 0.0838 0.0154 0.0469 0.0119 0.0081 0.0479 0.2257 0.0192 0.0180 0.0122 0.0586 0.0855 0.0194 0.0091 0.0121 0.0435 0.0209 0.0112 0.0139 0.1361 0.0447 0.0360 0.0198 
 H081.2_2002  2 0.6393 0.0049 0.0105 0.0746 0.0064 0.0135 0.0037 0.0055 0.0091 0.0060 0.0073 0.0138 0.0132 0.0073 0.0063 0.0088 0.0095 0.0046 0.1239 0.0116 0.0093 0.0048 0.0059 
 H081.2_2003  2 0.0505 0.0363 0.0144 0.0407 0.0088 0.0249 0.0068 0.0224 0.0337 0.0085 0.0201 0.0210 0.0091 0.0084 0.0100 0.0043 0.0238 0.0073 0.0125 0.0129 0.0049 0.6098 0.0087 
 H081.3_2002  2 0.1223 0.0066 0.0114 0.0574 0.0136 0.0141 0.0069 0.0241 0.0137 0.0057 0.0084 0.0179 0.0072 0.0089 0.0044 0.0057 0.0292 0.0094 0.6006 0.0091 0.0046 0.0133 0.0053 
 H081.3_2003  2 0.0118 0.0219 0.0170 0.0264 0.0105 0.0216 0.0171 0.0530 0.0140 0.0548 0.0200 0.1314 0.0163 0.0165 0.0131 0.0104 0.2283 0.0080 0.0189 0.0137 0.0066 0.2557 0.0131 
 H081.4_2002  2 0.7437 0.0076 0.0058 0.0053 0.0052 0.0111 0.0040 0.0088 0.0094 0.0072 0.0106 0.0062 0.0124 0.0081 0.0072 0.0048 0.0067 0.0063 0.0923 0.0108 0.0091 0.0100 0.0075 
 H081.4_2003  2 0.0395 0.0143 0.0500 0.0279 0.0059 0.1701 0.0121 0.0203 0.0100 0.0197 0.1392 0.1119 0.0141 0.0169 0.0106 0.0368 0.0292 0.0072 0.0114 0.0483 0.0104 0.1722 0.0219 
 H081.5_2002  2 0.7349 0.0048 0.0100 0.0067 0.0070 0.0131 0.0053 0.0134 0.0071 0.0079 0.0092 0.0119 0.0087 0.0042 0.0053 0.0049 0.0161 0.0055 0.0845 0.0091 0.0114 0.0131 0.0060 
 H081.5_2003  2 0.1073 0.0114 0.0506 0.0334 0.0108 0.4005 0.0196 0.0104 0.0070 0.0117 0.0540 0.0221 0.0234 0.0112 0.0053 0.0330 0.0156 0.0084 0.0101 0.0749 0.0214 0.0336 0.0244 
      H081.6  2 0.8473 0.0040 0.0064 0.0083 0.0032 0.0067 0.0032 0.0030 0.0080 0.0044 0.0049 0.0058 0.0087 0.0056 0.0068 0.0057 0.0052 0.0044 0.0310 0.0085 0.0072 0.0067 0.0051 
      H081.7  2 0.3295 0.0080 0.0079 0.1891 0.0053 0.0305 0.0050 0.0229 0.0114 0.0111 0.0054 0.0189 0.0117 0.0119 0.0041 0.0090 0.0381 0.0048 0.2392 0.0149 0.0039 0.0107 0.0068 
      H081.8  2 0.0489 0.0178 0.0145 0.0120 0.0094 0.0297 0.0104 0.0337 0.0241 0.0079 0.0164 0.0086 0.0100 0.0097 0.0085 0.0135 0.0154 0.0050 0.6314 0.0281 0.0059 0.0340 0.0050 
      H083.1  2 0.0490 0.0216 0.0042 0.0070 0.0067 0.0086 0.0078 0.0067 0.0192 0.0101 0.0208 0.0060 0.0350 0.0044 0.0068 0.0091 0.0049 0.0046 0.7206 0.0107 0.0192 0.0085 0.0085 
      H083.2  2 0.0114 0.0065 0.0069 0.0111 0.0102 0.0084 0.0041 0.0063 0.0082 0.0166 0.0059 0.0088 0.0157 0.0061 0.0086 0.0031 0.0107 0.0036 0.8222 0.0050 0.0114 0.0044 0.0049 
      H083.4  2 0.0136 0.0633 0.0046 0.0172 0.0061 0.0042 0.0080 0.0256 0.0785 0.0091 0.0111 0.0053 0.0085 0.0078 0.0083 0.0036 0.0143 0.0033 0.6801 0.0060 0.0139 0.0043 0.0036 
      H083.5  2 0.0169 0.0460 0.0067 0.0128 0.0075 0.0060 0.0178 0.0175 0.0149 0.0063 0.0142 0.0061 0.0086 0.0064 0.0063 0.0120 0.0046 0.0046 0.7430 0.0046 0.0247 0.0057 0.0071 
      H083.6  2 0.0381 0.0974 0.0047 0.0245 0.0039 0.0129 0.0093 0.0285 0.0214 0.0062 0.0140 0.0073 0.0111 0.0098 0.0159 0.0362 0.0044 0.0038 0.5927 0.0317 0.0084 0.0100 0.0076 
      H083.7  2 0.0074 0.0870 0.0049 0.0120 0.0050 0.0050 0.0083 0.0149 0.0375 0.0064 0.0059 0.0049 0.0087 0.0193 0.0141 0.0058 0.0108 0.0039 0.7141 0.0055 0.0100 0.0046 0.0042 
      H083.8  2 0.0113 0.0097 0.0047 0.0113 0.0096 0.0078 0.0040 0.0057 0.0074 0.0153 0.0043 0.0093 0.0156 0.0084 0.0131 0.0044 0.0094 0.0044 0.8228 0.0034 0.0088 0.0034 0.0059 
      H083.9  2 0.0485 0.0913 0.0042 0.0103 0.0071 0.0058 0.0079 0.0081 0.0135 0.0039 0.0126 0.0045 0.0148 0.0051 0.0070 0.0109 0.0034 0.0060 0.7031 0.0073 0.0118 0.0056 0.0073 
      H084.1  2 0.0037 0.0069 0.0057 0.0075 0.0101 0.0067 0.0625 0.0073 0.0080 0.0826 0.0148 0.0328 0.0212 0.0103 0.0080 0.0327 0.0109 0.0051 0.0150 0.0056 0.0049 0.6272 0.0105 
      H084.2  2 0.0032 0.0058 0.0057 0.0030 0.0050 0.0124 0.0534 0.0093 0.0098 0.2170 0.0308 0.0425 0.0053 0.0040 0.0058 0.0057 0.0155 0.0051 0.0261 0.0153 0.0060 0.5026 0.0106 
      H084.3  2 0.0074 0.0140 0.0052 0.0079 0.0097 0.0170 0.2508 0.0088 0.0067 0.0253 0.0147 0.0485 0.0153 0.0628 0.0057 0.0712 0.0086 0.0510 0.0090 0.0267 0.0230 0.3004 0.0102 
      H084.4  2 0.0065 0.0051 0.0073 0.0033 0.0386 0.0400 0.2098 0.0182 0.0099 0.0282 0.0342 0.0367 0.0076 0.0236 0.0059 0.0281 0.0119 0.0563 0.0199 0.0719 0.0369 0.2920 0.0079 
      H084.5  2 0.0072 0.0059 0.0055 0.0097 0.0290 0.0365 0.0390 0.0098 0.0054 0.0216 0.0109 0.0089 0.0815 0.0180 0.0066 0.0854 0.0058 0.0095 0.0057 0.0230 0.0318 0.5312 0.0122 
      H084.6  2 0.0041 0.0259 0.0045 0.0079 0.0211 0.0103 0.0856 0.0137 0.0045 0.0126 0.0064 0.0132 0.0177 0.0436 0.0038 0.0427 0.0053 0.0172 0.0089 0.0096 0.0168 0.6193 0.0053 
      H084.7  2 0.0049 0.0047 0.0066 0.0052 0.0073 0.0119 0.0138 0.0070 0.0075 0.1596 0.0189 0.0079 0.0112 0.0065 0.0041 0.0092 0.0049 0.0067 0.0147 0.0159 0.0045 0.6578 0.0093 
      H084.8  2 0.0047 0.0076 0.0051 0.0077 0.0318 0.0116 0.0671 0.0107 0.0049 0.0126 0.0073 0.0089 0.0169 0.0256 0.0057 0.1251 0.0048 0.0158 0.0088 0.0074 0.0158 0.5840 0.0104 
 H085.1_2002  2 0.0231 0.0117 0.0183 0.7317 0.0054 0.0083 0.0121 0.0067 0.0084 0.0198 0.0257 0.0265 0.0123 0.0058 0.0038 0.0052 0.0134 0.0051 0.0183 0.0106 0.0077 0.0133 0.0066 
 H085.1_2003  2 0.2878 0.0961 0.0096 0.0894 0.0105 0.1211 0.0169 0.0144 0.0359 0.0778 0.0337 0.0160 0.0070 0.0128 0.0099 0.0162 0.0072 0.0091 0.0969 0.0111 0.0031 0.0100 0.0075 
 H085.2_2002  2 0.0110 0.1578 0.1406 0.0937 0.0056 0.0959 0.0551 0.0076 0.0131 0.0151 0.0338 0.1066 0.0130 0.0173 0.0045 0.0343 0.0652 0.0062 0.0422 0.0514 0.0107 0.0135 0.0058 
 H085.2_2003  2 0.4738 0.0488 0.0127 0.0152 0.0241 0.0229 0.0121 0.0219 0.0169 0.0422 0.0488 0.0258 0.0095 0.0063 0.0095 0.0071 0.0081 0.0245 0.1100 0.0246 0.0077 0.0143 0.0133 
 H085.3_2002  2 0.0190 0.0253 0.0496 0.5929 0.0064 0.1470 0.0046 0.0040 0.0061 0.0083 0.0223 0.0193 0.0076 0.0062 0.0052 0.0088 0.0085 0.0139 0.0075 0.0197 0.0063 0.0041 0.0074 
 H085.3_2003  2 0.8102 0.0040 0.0056 0.0072 0.0078 0.0639 0.0030 0.0033 0.0087 0.0132 0.0053 0.0044 0.0035 0.0060 0.0061 0.0037 0.0030 0.0078 0.0044 0.0110 0.0036 0.0053 0.0090 
 H085.4_2002  2 0.0392 0.0251 0.0562 0.3167 0.0043 0.0388 0.0408 0.0097 0.0598 0.0219 0.0378 0.0453 0.0179 0.0109 0.0062 0.0337 0.0833 0.0062 0.0787 0.0310 0.0078 0.0175 0.0110 
 H085.4_2003  2 0.2585 0.0067 0.0445 0.0099 0.0071 0.0379 0.0072 0.0037 0.0086 0.0081 0.0666 0.0102 0.1003 0.0120 0.0054 0.0107 0.0149 0.1600 0.1467 0.0366 0.0093 0.0250 0.0102 
 H085.5_2002  2 0.0332 0.0038 0.0390 0.6849 0.0049 0.1172 0.0044 0.0039 0.0079 0.0079 0.0080 0.0088 0.0069 0.0069 0.0051 0.0104 0.0107 0.0068 0.0039 0.0079 0.0040 0.0035 0.0101 
 H085.5_2003  2 0.7026 0.0454 0.0054 0.0136 0.0081 0.0081 0.0058 0.0081 0.0266 0.0130 0.0186 0.0144 0.0072 0.0060 0.0063 0.0036 0.0075 0.0131 0.0302 0.0270 0.0039 0.0143 0.0113 
 H085.6_2002  2 0.0089 0.0182 0.0321 0.6301 0.0065 0.0430 0.0091 0.0060 0.0064 0.0332 0.0215 0.1027 0.0090 0.0054 0.0029 0.0081 0.0088 0.0067 0.0081 0.0110 0.0105 0.0061 0.0057 
 H085.6_2003  2 0.1036 0.0040 0.0188 0.0090 0.0161 0.6635 0.0074 0.0051 0.0095 0.0077 0.0143 0.0076 0.0060 0.0096 0.0068 0.0182 0.0100 0.0222 0.0144 0.0191 0.0073 0.0069 0.0132 
 H085.7_2002  2 0.0807 0.0568 0.1265 0.2220 0.0228 0.1230 0.0130 0.0096 0.0117 0.0082 0.0660 0.0742 0.0056 0.0091 0.0068 0.0075 0.0104 0.0187 0.0278 0.0597 0.0203 0.0110 0.0086 
 H085.7_2003  2 0.6207 0.0109 0.0074 0.0105 0.0114 0.0896 0.0073 0.0074 0.0339 0.0293 0.0102 0.0068 0.0108 0.0135 0.0078 0.0122 0.0128 0.0155 0.0471 0.0109 0.0039 0.0068 0.0135 
 H085.8_2002  2 0.0352 0.0155 0.0377 0.0351 0.0067 0.6515 0.0100 0.0054 0.0101 0.0048 0.0075 0.0294 0.0050 0.0089 0.0060 0.0165 0.0172 0.0087 0.0103 0.0588 0.0069 0.0083 0.0044 
 H085.8_2003  2 0.0827 0.1050 0.0324 0.0407 0.0127 0.0567 0.0187 0.0077 0.0211 0.0336 0.2166 0.0291 0.0444 0.0190 0.0063 0.0194 0.0124 0.1014 0.0636 0.0317 0.0086 0.0214 0.0149 
      H085.9  2 0.0952 0.0189 0.0853 0.4851 0.0075 0.0497 0.0316 0.0090 0.0124 0.0090 0.0352 0.0129 0.0105 0.0094 0.0063 0.0098 0.0122 0.0140 0.0188 0.0309 0.0120 0.0115 0.0128 
      H088.1  2 0.0046 0.0139 0.0170 0.0182 0.0044 0.0073 0.0080 0.0302 0.0230 0.0070 0.5805 0.0417 0.0047 0.0195 0.0649 0.0968 0.0071 0.0103 0.0150 0.0045 0.0052 0.0074 0.0092 
      H088.2  2 0.0043 0.0063 0.0197 0.0195 0.0069 0.0088 0.0069 0.0090 0.0155 0.0079 0.7546 0.0147 0.0101 0.0138 0.0104 0.0294 0.0076 0.0105 0.0076 0.0072 0.0171 0.0050 0.0069 
      H088.3  2 0.0036 0.0057 0.0094 0.0133 0.0078 0.0062 0.0053 0.0162 0.0104 0.0076 0.7940 0.0197 0.0073 0.0063 0.0116 0.0210 0.0078 0.0084 0.0056 0.0056 0.0175 0.0039 0.0058 
      H088.4  2 0.0040 0.0030 0.0053 0.0036 0.0040 0.0053 0.0043 0.0105 0.0051 0.0067 0.8429 0.0084 0.0048 0.0032 0.0153 0.0077 0.0083 0.0085 0.0170 0.0062 0.0062 0.0138 0.0057 
      H088.5  2 0.0028 0.0044 0.0053 0.0041 0.0042 0.0046 0.0048 0.0098 0.0065 0.0047 0.8671 0.0063 0.0051 0.0048 0.0136 0.0114 0.0063 0.0079 0.0078 0.0028 0.0044 0.0058 0.0053 
      H088.6  2 0.0045 0.0062 0.0055 0.0040 0.0060 0.0045 0.0051 0.0289 0.0085 0.0051 0.8158 0.0091 0.0063 0.0055 0.0119 0.0147 0.0065 0.0102 0.0141 0.0042 0.0047 0.0101 0.0086 
      H088.7  2 0.0062 0.0049 0.0068 0.0053 0.0088 0.0048 0.0051 0.0074 0.0056 0.0091 0.8440 0.0069 0.0100 0.0045 0.0080 0.0100 0.0036 0.0108 0.0179 0.0049 0.0063 0.0049 0.0042 
      H088.8  2 0.0094 0.0072 0.0068 0.0060 0.0092 0.0064 0.0050 0.0436 0.0080 0.0075 0.6786 0.0115 0.0091 0.0068 0.0391 0.0184 0.0054 0.0178 0.0760 0.0038 0.0049 0.0101 0.0094 
      H091.1  2 0.1033 0.0242 0.0090 0.0058 0.0140 0.0585 0.0163 0.0037 0.0312 0.0265 0.5424 0.0070 0.0112 0.0082 0.0141 0.0074 0.0094 0.0562 0.0090 0.0158 0.0064 0.0074 0.0130 
      H091.2  2 0.0405 0.0247 0.0123 0.0047 0.0135 0.0225 0.0047 0.0085 0.1132 0.0296 0.5856 0.0042 0.0197 0.0238 0.0101 0.0047 0.0077 0.0201 0.0149 0.0138 0.0057 0.0044 0.0110 
      H109.1  2 0.0067 0.1064 0.0100 0.0154 0.0759 0.0180 0.0423 0.0545 0.0132 0.2396 0.0069 0.0169 0.2209 0.0101 0.0137 0.0227 0.0237 0.0090 0.0191 0.0141 0.0063 0.0451 0.0093 
      H109.2  2 0.0113 0.0116 0.0225 0.0057 0.0433 0.0288 0.0159 0.0131 0.0334 0.1847 0.0074 0.0137 0.0647 0.0198 0.0123 0.0203 0.0306 0.0220 0.0387 0.0110 0.0161 0.3675 0.0055 
      H109.3  2 0.0097 0.0078 0.0069 0.0034 0.2411 0.0326 0.0085 0.0167 0.0346 0.4057 0.0159 0.0082 0.0163 0.0143 0.0093 0.0146 0.0229 0.0355 0.0082 0.0136 0.0096 0.0433 0.0213 
      H109.4  2 0.0092 0.0123 0.0103 0.0055 0.0471 0.0261 0.0212 0.0631 0.0348 0.3736 0.0087 0.0161 0.0209 0.0126 0.0370 0.0098 0.0619 0.0730 0.0089 0.0147 0.0058 0.1198 0.0076 
      H109.5  2 0.0398 0.0037 0.0110 0.0059 0.0607 0.0183 0.0038 0.0092 0.0924 0.2977 0.0652 0.0078 0.0379 0.0104 0.0139 0.0357 0.0138 0.1092 0.0436 0.0155 0.0112 0.0833 0.0099 
      H109.6  2 0.0163 0.0157 0.0235 0.0053 0.0533 0.0334 0.0221 0.0997 0.0272 0.0922 0.0079 0.0274 0.0985 0.0265 0.0171 0.0385 0.0453 0.0212 0.0288 0.0127 0.0207 0.2533 0.0133 
      H126.1  2 0.0055 0.0057 0.0296 0.0784 0.0067 0.0116 0.0080 0.0215 0.0371 0.0720 0.0183 0.0198 0.2828 0.0067 0.0535 0.0193 0.1410 0.0442 0.0115 0.0228 0.0595 0.0095 0.0350 
      H126.2  2 0.0303 0.0126 0.0110 0.0448 0.0314 0.0150 0.0299 0.0099 0.2889 0.0098 0.0073 0.0205 0.2674 0.0076 0.0260 0.0058 0.0873 0.0201 0.0217 0.0152 0.0119 0.0099 0.0156 
      H126.3  2 0.0040 0.0159 0.0055 0.0072 0.0041 0.0036 0.0050 0.0182 0.2683 0.0217 0.0567 0.0051 0.4721 0.0039 0.0184 0.0085 0.0136 0.0051 0.0383 0.0051 0.0091 0.0036 0.0069 
      H126.4  2 0.0071 0.0061 0.0126 0.0076 0.0090 0.0081 0.0093 0.0089 0.0277 0.0056 0.0061 0.0059 0.0240 0.0048 0.4648 0.0086 0.3460 0.0033 0.0057 0.0059 0.0098 0.0069 0.0062 
      H126.5  2 0.0323 0.0041 0.0420 0.0117 0.0052 0.0096 0.0048 0.0106 0.5928 0.0077 0.0068 0.0137 0.0939 0.0055 0.0211 0.0085 0.0411 0.0086 0.0093 0.0089 0.0393 0.0059 0.0164 
      H126.6  2 0.0310 0.0054 0.0114 0.1291 0.0056 0.0087 0.0042 0.0082 0.2708 0.0073 0.0156 0.0174 0.3412 0.0034 0.0046 0.0032 0.0183 0.0056 0.0600 0.0047 0.0318 0.0044 0.0080 
      H126.7  2 0.0987 0.0091 0.0056 0.0491 0.0057 0.0243 0.0030 0.0095 0.3410 0.0056 0.1124 0.0098 0.0663 0.0058 0.0855 0.0037 0.0089 0.0109 0.1160 0.0060 0.0087 0.0077 0.0069 
      H130.1  2 0.0052 0.0072 0.4089 0.0079 0.0132 0.0197 0.0053 0.0210 0.0092 0.0117 0.0294 0.3012 0.0082 0.0092 0.0093 0.0101 0.0298 0.0207 0.0106 0.0116 0.0126 0.0136 0.0243 
      H130.2  2 0.0304 0.0340 0.1362 0.0102 0.0555 0.0473 0.0062 0.0503 0.0088 0.0256 0.0363 0.1110 0.0107 0.0194 0.0061 0.0081 0.0304 0.0098 0.0292 0.0221 0.0066 0.2621 0.0434 
      H130.3  2 0.0162 0.0030 0.0238 0.0052 0.0043 0.0146 0.0046 0.0136 0.0041 0.0138 0.0178 0.5821 0.0060 0.0079 0.0149 0.0072 0.0071 0.0084 0.0203 0.0225 0.0060 0.0364 0.1601 
      H130.4  2 0.0038 0.0166 0.3263 0.0094 0.0097 0.0155 0.0206 0.0238 0.0104 0.0278 0.0187 0.2767 0.0058 0.0129 0.0086 0.0083 0.0392 0.0066 0.0115 0.0075 0.0107 0.0189 0.1108 
      H130.5  2 0.0304 0.0128 0.3341 0.0128 0.0075 0.0500 0.0046 0.0089 0.0053 0.0085 0.0435 0.2526 0.0078 0.0159 0.0052 0.0157 0.0214 0.0098 0.0305 0.0253 0.0081 0.0781 0.0113 
      H133.1  2 0.0101 0.0063 0.0158 0.0100 0.0114 0.0134 0.0119 0.0049 0.0053 0.7714 0.0071 0.0094 0.0109 0.0052 0.0104 0.0067 0.0295 0.0095 0.0178 0.0053 0.0046 0.0093 0.0140 
      H133.2  2 0.0101 0.0052 0.0559 0.0284 0.0305 0.0354 0.0055 0.0158 0.0115 0.5025 0.0183 0.0241 0.0127 0.0043 0.0081 0.0099 0.1268 0.0165 0.0054 0.0062 0.0098 0.0424 0.0147 
      H133.3  2 0.0099 0.0076 0.0129 0.0172 0.0081 0.0104 0.0196 0.0060 0.0071 0.7737 0.0193 0.0108 0.0123 0.0072 0.0067 0.0119 0.0078 0.0088 0.0210 0.0044 0.0037 0.0063 0.0071 
      H133.4  2 0.0120 0.0058 0.0129 0.0144 0.0387 0.0106 0.0185 0.0130 0.0048 0.6948 0.0068 0.0084 0.0114 0.0061 0.0062 0.0056 0.0611 0.0097 0.0143 0.0096 0.0071 0.0137 0.0145 
      H133.5  2 0.0049 0.0066 0.0119 0.0266 0.0060 0.0129 0.0068 0.0102 0.0083 0.7674 0.0267 0.0160 0.0052 0.0040 0.0066 0.0053 0.0208 0.0034 0.0064 0.0129 0.0057 0.0156 0.0098 
      H133.6  2 0.0051 0.0088 0.0181 0.0211 0.0064 0.0235 0.0062 0.0109 0.0083 0.4631 0.0930 0.0506 0.0119 0.0075 0.0082 0.0133 0.1618 0.0131 0.0159 0.0097 0.0085 0.0213 0.0138 
      H133.7  2 0.0151 0.0060 0.0252 0.0211 0.0414 0.0551 0.0272 0.0040 0.0065 0.6347 0.0089 0.0071 0.0158 0.0173 0.0078 0.0145 0.0231 0.0245 0.0170 0.0064 0.0042 0.0051 0.0119 
      H133.8  2 0.0041 0.0071 0.0090 0.0551 0.0147 0.0065 0.0124 0.0052 0.0056 0.7511 0.0084 0.0070 0.0114 0.0049 0.0060 0.0056 0.0265 0.0048 0.0105 0.0257 0.0035 0.0062 0.0085 
      H133.9  2 0.0072 0.0069 0.0135 0.0084 0.0068 0.0106 0.0125 0.0036 0.0042 0.7907 0.0092 0.0092 0.0078 0.0059 0.0133 0.0054 0.0222 0.0098 0.0204 0.0058 0.0050 0.0064 0.0154 
      H147.1  2 0.8117 0.0053 0.0114 0.0081 0.0058 0.0156 0.0058 0.0046 0.0052 0.0037 0.0070 0.0046 0.0105 0.0090 0.0047 0.0194 0.0066 0.0146 0.0041 0.0132 0.0096 0.0155 0.0039 
      H147.2  2 0.8817 0.0036 0.0058 0.0059 0.0035 0.0128 0.0038 0.0036 0.0033 0.0033 0.0063 0.0051 0.0067 0.0038 0.0035 0.0058 0.0052 0.0054 0.0054 0.0076 0.0073 0.0063 0.0042 
      H147.3  2 0.9061 0.0031 0.0051 0.0071 0.0037 0.0078 0.0029 0.0027 0.0043 0.0028 0.0032 0.0039 0.0050 0.0034 0.0039 0.0047 0.0037 0.0043 0.0040 0.0061 0.0042 0.0046 0.0035 
      H147.4  2 0.9200 0.0047 0.0029 0.0039 0.0039 0.0036 0.0070 0.0029 0.0033 0.0026 0.0029 0.0027 0.0034 0.0025 0.0028 0.0032 0.0026 0.0039 0.0043 0.0044 0.0037 0.0062 0.0026 
      H147.5  2 0.7985 0.0069 0.0064 0.0081 0.0061 0.0098 0.0040 0.0067 0.0072 0.0032 0.0247 0.0068 0.0071 0.0051 0.0197 0.0162 0.0033 0.0117 0.0049 0.0083 0.0088 0.0220 0.0046 
      H147.6  2 0.7972 0.0071 0.0047 0.0054 0.0073 0.0134 0.0044 0.0072 0.0061 0.0043 0.0334 0.0050 0.0089 0.0046 0.0116 0.0110 0.0047 0.0106 0.0062 0.0074 0.0091 0.0253 0.0053 
      H147.7  2 0.8851 0.0091 0.0042 0.0047 0.0070 0.0043 0.0075 0.0038 0.0043 0.0030 0.0029 0.0033 0.0056 0.0041 0.0049 0.0057 0.0035 0.0065 0.0060 0.0052 0.0051 0.0103 0.0039 
      H147.8  2 0.8687 0.0073 0.0024 0.0066 0.0071 0.0059 0.0094 0.0060 0.0076 0.0033 0.0145 0.0035 0.0056 0.0023 0.0063 0.0058 0.0027 0.0058 0.0066 0.0059 0.0048 0.0090 0.0028 
      H147.9  2 0.9112 0.0036 0.0039 0.0054 0.0051 0.0046 0.0034 0.0030 0.0042 0.0027 0.0041 0.0033 0.0048 0.0031 0.0041 0.0043 0.0031 0.0042 0.0039 0.0044 0.0048 0.0060 0.0030 
      H148.1  2 0.0111 0.0196 0.0847 0.0087 0.0191 0.0218 0.0224 0.0494 0.0091 0.0221 0.0129 0.0269 0.0118 0.0112 0.0090 0.5446 0.0240 0.0142 0.0092 0.0266 0.0153 0.0217 0.0047 
      H148.2  2 0.0095 0.0131 0.0454 0.0120 0.0066 0.0088 0.0215 0.0232 0.0071 0.0196 0.0051 0.0178 0.0177 0.0150 0.0102 0.7082 0.0169 0.0047 0.0067 0.0130 0.0059 0.0085 0.0036 
      H148.3  2 0.0104 0.0067 0.0186 0.0059 0.0146 0.0102 0.0234 0.0065 0.0069 0.0054 0.0086 0.0042 0.0062 0.0759 0.0056 0.6410 0.0058 0.0145 0.0060 0.0889 0.0118 0.0168 0.0061 
      H148.4  2 0.0096 0.0081 0.0789 0.0082 0.0070 0.0133 0.0161 0.0560 0.0053 0.0100 0.0060 0.0126 0.0139 0.0101 0.0094 0.6543 0.0120 0.0087 0.0065 0.0290 0.0121 0.0076 0.0052 
      H148.5  2 0.0055 0.0074 0.0074 0.0073 0.0066 0.0066 0.0075 0.0341 0.0077 0.0054 0.0105 0.0077 0.0098 0.0294 0.0195 0.7521 0.0073 0.0055 0.0075 0.0123 0.0104 0.0272 0.0051 
      H148.6  2 0.0107 0.0162 0.0331 0.0097 0.0077 0.0054 0.0334 0.0130 0.0068 0.0077 0.0051 0.0150 0.0083 0.0297 0.0066 0.7372 0.0049 0.0126 0.0052 0.0173 0.0055 0.0060 0.0030 
      H148.7  2 0.0050 0.0102 0.0289 0.0040 0.0131 0.0106 0.0076 0.0527 0.0071 0.0122 0.0093 0.0118 0.0093 0.0132 0.0280 0.7239 0.0104 0.0063 0.0044 0.0092 0.0084 0.0101 0.0044 
      H148.8  2 0.0071 0.0045 0.0875 0.0051 0.0044 0.0053 0.0069 0.0101 0.0046 0.0056 0.0067 0.0075 0.0041 0.0134 0.0071 0.7809 0.0054 0.0065 0.0032 0.0112 0.0049 0.0049 0.0031 
      H148.9  2 0.0080 0.0136 0.0491 0.0287 0.0409 0.0096 0.0568 0.0205 0.0113 0.0212 0.0066 0.0198 0.0328 0.0537 0.0123 0.5259 0.0116 0.0077 0.0059 0.0302 0.0109 0.0117 0.0110 
   H166022.1  2 0.0652 0.0629 0.0147 0.0124 0.0100 0.0058 0.0090 0.0050 0.0099 0.0061 0.5396 0.0169 0.0072 0.0080 0.0050 0.0254 0.0041 0.0672 0.0070 0.0383 0.0118 0.0641 0.0043 
   H166022.2  2 0.0647 0.0475 0.0191 0.0194 0.0423 0.0377 0.0077 0.0246 0.0214 0.0066 0.2607 0.0131 0.0116 0.0192 0.0187 0.0200 0.0060 0.0607 0.0328 0.0225 0.0492 0.1804 0.0140 
   H166022.3  2 0.0051 0.1727 0.0136 0.0047 0.0067 0.0096 0.0056 0.0270 0.0058 0.0094 0.5477 0.0408 0.0042 0.0130 0.0220 0.0200 0.0034 0.0259 0.0048 0.0197 0.0136 0.0187 0.0059 
   H166022.4  2 0.0094 0.0194 0.0084 0.0041 0.0048 0.0154 0.0053 0.0182 0.0050 0.0061 0.7794 0.0178 0.0043 0.0048 0.0120 0.0109 0.0037 0.0072 0.0052 0.0244 0.0174 0.0094 0.0075 
   H166022.5  2 0.0240 0.0235 0.0079 0.0039 0.0075 0.0120 0.0048 0.0086 0.0067 0.0077 0.6014 0.0215 0.0053 0.0074 0.0055 0.0071 0.0033 0.0334 0.0079 0.0736 0.0145 0.1056 0.0070 
   H166022.6  2 0.0338 0.0327 0.0407 0.0063 0.0276 0.0222 0.0210 0.0112 0.0053 0.0114 0.5058 0.1049 0.0053 0.0062 0.0084 0.0233 0.0066 0.0496 0.0051 0.0232 0.0194 0.0228 0.0070 
   H166022.7  2 0.0049 0.0036 0.0052 0.0030 0.0079 0.0043 0.0060 0.8746 0.0070 0.0069 0.0064 0.0041 0.0068 0.0039 0.0043 0.0047 0.0068 0.0066 0.0055 0.0052 0.0052 0.0104 0.0068 
   H166022.8  2 0.0690 0.0346 0.0765 0.0127 0.0169 0.0433 0.0075 0.0127 0.0073 0.0155 0.1076 0.0518 0.0050 0.0061 0.0071 0.0118 0.0180 0.0753 0.0094 0.1279 0.1223 0.1421 0.0195 
   H167397.1  2 0.0208 0.0045 0.0066 0.0052 0.0108 0.0140 0.3523 0.0057 0.0118 0.0064 0.0160 0.0061 0.0095 0.0057 0.0046 0.0110 0.0531 0.3771 0.0260 0.0192 0.0110 0.0168 0.0056 
   H167397.2  2 0.0833 0.0485 0.0642 0.0320 0.0123 0.0158 0.3993 0.0109 0.0174 0.0109 0.0204 0.0103 0.0074 0.0067 0.0061 0.0272 0.0191 0.0107 0.0096 0.1419 0.0209 0.0134 0.0118 
   H167397.3  2 0.0174 0.0072 0.0123 0.0036 0.0072 0.0060 0.5366 0.0055 0.0120 0.0081 0.0129 0.0054 0.0219 0.0084 0.0044 0.0057 0.0139 0.2253 0.0421 0.0165 0.0071 0.0118 0.0090 
   H167397.4  2 0.0548 0.0169 0.0122 0.0248 0.0406 0.0061 0.5030 0.0126 0.0105 0.0176 0.0103 0.0071 0.0084 0.0092 0.0063 0.1372 0.0037 0.0051 0.0156 0.0700 0.0070 0.0129 0.0082 
   H167397.5  2 0.0390 0.0126 0.0181 0.0072 0.0162 0.0345 0.5400 0.0105 0.0093 0.0101 0.0213 0.0067 0.0071 0.0107 0.0099 0.0219 0.0225 0.0545 0.0110 0.0840 0.0130 0.0328 0.0070 
   H167397.6  2 0.0095 0.0067 0.0270 0.0100 0.0168 0.0051 0.5359 0.0060 0.0232 0.0158 0.0197 0.0069 0.0671 0.0093 0.0113 0.0275 0.0105 0.0827 0.0601 0.0133 0.0124 0.0071 0.0162 
   H167496.1  2 0.0047 0.0181 0.0075 0.0042 0.0102 0.0180 0.0104 0.0066 0.0190 0.0583 0.3102 0.0695 0.0130 0.0422 0.0135 0.0930 0.0084 0.1853 0.0216 0.0376 0.0235 0.0143 0.0108 
   H167496.2  2 0.0105 0.0073 0.0133 0.0110 0.0229 0.1770 0.0111 0.1007 0.0360 0.0395 0.0717 0.0505 0.0674 0.0521 0.0132 0.0424 0.0210 0.0245 0.1251 0.0124 0.0587 0.0209 0.0110 
   H167496.3  2 0.0525 0.0641 0.0832 0.0701 0.0105 0.0708 0.0087 0.0058 0.0165 0.0198 0.1758 0.0917 0.0150 0.0624 0.0249 0.0307 0.0081 0.0633 0.0227 0.0658 0.0092 0.0064 0.0221 
   H167496.4  2 0.0117 0.0053 0.0037 0.0060 0.0058 0.0070 0.0030 0.0046 0.0071 0.0041 0.8832 0.0044 0.0056 0.0034 0.0063 0.0046 0.0031 0.0046 0.0064 0.0066 0.0054 0.0045 0.0036 
   H167496.6  2 0.0581 0.0049 0.0081 0.0064 0.0071 0.1174 0.0047 0.0119 0.0075 0.0081 0.6434 0.0070 0.0085 0.0033 0.0100 0.0104 0.0048 0.0136 0.0081 0.0158 0.0189 0.0133 0.0086 
   H167496.7  2 0.0159 0.0200 0.0495 0.0048 0.0228 0.0972 0.0041 0.0057 0.0136 0.0166 0.0311 0.0901 0.0469 0.0594 0.0086 0.0141 0.0082 0.3984 0.0069 0.0426 0.0227 0.0090 0.0120 
   H167496.8  2 0.0316 0.0062 0.0082 0.0054 0.0094 0.1337 0.0059 0.0094 0.0079 0.0078 0.6618 0.0044 0.0172 0.0045 0.0051 0.0085 0.0040 0.0105 0.0090 0.0131 0.0169 0.0121 0.0076 
   H167513.1  2 0.0112 0.0080 0.0061 0.0061 0.8127 0.0069 0.0065 0.0125 0.0063 0.0106 0.0120 0.0181 0.0136 0.0043 0.0042 0.0060 0.0061 0.0063 0.0046 0.0098 0.0152 0.0059 0.0070 
   H167513.2  2 0.0052 0.0052 0.0157 0.0056 0.7804 0.0116 0.0167 0.0046 0.0043 0.0083 0.0132 0.0085 0.0145 0.0109 0.0080 0.0246 0.0077 0.0227 0.0052 0.0063 0.0097 0.0059 0.0049 
   H167513.3  2 0.0117 0.0068 0.0049 0.0039 0.8190 0.0040 0.0069 0.0076 0.0077 0.0117 0.0071 0.0087 0.0091 0.0065 0.0065 0.0032 0.0043 0.0064 0.0056 0.0091 0.0135 0.0205 0.0155 
   H167513.4  2 0.0076 0.0764 0.0123 0.0107 0.4837 0.0120 0.0108 0.0079 0.0051 0.1798 0.0276 0.0108 0.0257 0.0104 0.0088 0.0198 0.0087 0.0069 0.0178 0.0104 0.0240 0.0158 0.0069 
   H167513.5  2 0.0044 0.0067 0.0067 0.0062 0.8378 0.0118 0.0127 0.0043 0.0037 0.0067 0.0145 0.0058 0.0099 0.0054 0.0039 0.0143 0.0109 0.0100 0.0043 0.0048 0.0063 0.0053 0.0037 
   H167513.6  2 0.0081 0.0165 0.0093 0.0104 0.7361 0.0098 0.0066 0.0131 0.0077 0.0121 0.0160 0.0091 0.0145 0.0096 0.0060 0.0066 0.0084 0.0133 0.0153 0.0073 0.0320 0.0257 0.0063 
   H167513.7  2 0.0100 0.0289 0.0062 0.0082 0.7762 0.0068 0.0177 0.0068 0.0082 0.0220 0.0120 0.0063 0.0132 0.0057 0.0037 0.0038 0.0063 0.0058 0.0186 0.0053 0.0105 0.0102 0.0074 
   H167513.8  2 0.0073 0.0035 0.0038 0.0037 0.8332 0.0064 0.0125 0.0147 0.0048 0.0177 0.0047 0.0072 0.0079 0.0034 0.0054 0.0028 0.0120 0.0035 0.0056 0.0056 0.0129 0.0138 0.0077 
   H167547.1  2 0.0038 0.0072 0.0338 0.0047 0.0055 0.0067 0.0069 0.0082 0.0076 0.0075 0.0038 0.0130 0.0044 0.0351 0.0076 0.0198 0.0053 0.7894 0.0042 0.0054 0.0069 0.0043 0.0088 
   H167547.2  2 0.0046 0.0070 0.0107 0.0054 0.0069 0.0064 0.0065 0.0028 0.0044 0.0049 0.0032 0.0057 0.0053 0.0202 0.0041 0.0054 0.0040 0.8710 0.0036 0.0055 0.0033 0.0041 0.0053 
   H167547.3  2 0.0043 0.0053 0.0106 0.0045 0.0075 0.0048 0.0050 0.0030 0.0047 0.0043 0.0035 0.0056 0.0048 0.0170 0.0040 0.0056 0.0040 0.8785 0.0044 0.0054 0.0038 0.0043 0.0050 
   H167547.4  2 0.0029 0.0259 0.0166 0.0068 0.0056 0.0048 0.0081 0.0074 0.0055 0.0064 0.0044 0.0289 0.0041 0.0088 0.0089 0.0061 0.0045 0.8183 0.0033 0.0074 0.0053 0.0048 0.0051 
   H167547.5  2 0.0049 0.0095 0.0053 0.0050 0.0042 0.0056 0.0107 0.0061 0.0065 0.0052 0.0082 0.0074 0.0064 0.0681 0.0140 0.1525 0.0123 0.6093 0.0165 0.0151 0.0059 0.0166 0.0046 
   H167547.6  2 0.0050 0.0083 0.0047 0.0053 0.0053 0.0057 0.0096 0.0062 0.0056 0.0048 0.0067 0.0051 0.0079 0.0777 0.0106 0.1481 0.0116 0.6227 0.0151 0.0121 0.0053 0.0121 0.0048 
   H167547.7  2 0.0164 0.0256 0.1016 0.0497 0.0450 0.0175 0.0134 0.0448 0.0457 0.0458 0.0108 0.0678 0.0266 0.2010 0.0145 0.0177 0.0179 0.1255 0.0193 0.0197 0.0209 0.0175 0.0353 
   H169750.1  2 0.0048 0.0306 0.0319 0.0168 0.0116 0.0258 0.0109 0.0292 0.0356 0.4496 0.0859 0.0434 0.0113 0.0282 0.0220 0.0061 0.0179 0.0623 0.0129 0.0110 0.0230 0.0135 0.0158 
   H169750.2  2 0.1018 0.0060 0.1068 0.0135 0.0804 0.1439 0.0355 0.0237 0.0092 0.1003 0.0173 0.0118 0.0077 0.0077 0.0413 0.0296 0.0510 0.0130 0.0263 0.0843 0.0175 0.0415 0.0300 
   H169750.3  2 0.0049 0.0070 0.0118 0.0188 0.0166 0.0339 0.0033 0.0722 0.0194 0.5462 0.0143 0.0362 0.0069 0.0156 0.0343 0.0049 0.0243 0.0367 0.0172 0.0050 0.0060 0.0379 0.0266 
