      H008.1  2 0.7961 0.1449 0.0296 0.0294 
      H008.2  2 0.1984 0.4830 0.0334 0.2852 
      H008.3  2 0.2160 0.6697 0.0472 0.0671 
      H008.4  2 0.5559 0.1308 0.0568 0.2564 
      H008.5  2 0.8786 0.0681 0.0244 0.0290 
      H008.6  2 0.1512 0.5045 0.0708 0.2735 
      H008.7  2 0.5374 0.1936 0.0468 0.2223 
      H008.8  2 0.1420 0.2956 0.0646 0.4978 
      H008.9  2 0.0412 0.4353 0.0626 0.4609 
 H029.1_2002  2 0.8583 0.0234 0.0261 0.0923 
 H029.1_2003  2 0.5510 0.0657 0.0505 0.3329 
 H029.2_2002  2 0.9264 0.0275 0.0174 0.0287 
 H029.2_2003  2 0.7316 0.1105 0.0249 0.1330 
 H029.3_2002  2 0.7133 0.0336 0.0199 0.2331 
 H029.3_2003  2 0.9207 0.0169 0.0209 0.0415 
 H029.4_2002  2 0.9152 0.0098 0.0162 0.0587 
 H029.4_2003  2 0.3496 0.0418 0.0451 0.5634 
 H029.5_2002  2 0.9571 0.0097 0.0176 0.0156 
 H029.5_2003  2 0.7255 0.0408 0.0193 0.2143 
 H029.6_2002  2 0.8783 0.0101 0.0124 0.0991 
 H029.6_2003  2 0.7796 0.0809 0.0886 0.0509 
      H029.7  2 0.9296 0.0169 0.0148 0.0387 
      H030.1  2 0.8713 0.0605 0.0503 0.0179 
      H030.2  2 0.7240 0.0467 0.0369 0.1924 
      H038.1  2 0.8288 0.0180 0.0150 0.1382 
      H038.2  2 0.9491 0.0209 0.0145 0.0155 
      H038.3  2 0.7445 0.0525 0.0351 0.1679 
      H038.4  2 0.6172 0.0276 0.0353 0.3199 
      H038.5  2 0.7720 0.0309 0.0104 0.1867 
      H038.6  2 0.9480 0.0260 0.0075 0.0186 
      H038.7  2 0.8390 0.0443 0.0168 0.0999 
      H038.8  2 0.6673 0.0296 0.0229 0.2802 
      H041.1  2 0.6837 0.0129 0.1972 0.1062 
      H041.2  2 0.4487 0.0166 0.2782 0.2565 
      H041.4  2 0.5872 0.0230 0.1622 0.2276 
      H041.6  2 0.5615 0.0187 0.3209 0.0988 
 H042.1_2002  2 0.4951 0.0971 0.3878 0.0201 
 H042.1_2003  2 0.2420 0.2585 0.1579 0.3415 
 H042.2_2002  2 0.7362 0.0695 0.0411 0.1532 
 H042.2_2003  2 0.1113 0.0415 0.8114 0.0358 
 H042.3_2002  2 0.2928 0.2197 0.4359 0.0516 
 H042.3_2003  2 0.1835 0.1743 0.4026 0.2395 
 H042.4_2002  2 0.7772 0.0308 0.1492 0.0428 
 H042.4_2003  2 0.7898 0.0240 0.1707 0.0155 
      H042.5  2 0.7119 0.0302 0.2463 0.0116 
      H042.6  2 0.9000 0.0338 0.0525 0.0137 
      H042.7  2 0.1733 0.0321 0.7702 0.0243 
      H042.8  2 0.6424 0.0408 0.2427 0.0741 
   H042_2002  2 0.0997 0.2173 0.2064 0.4766 
   H042_2003  2 0.1043 0.2022 0.1959 0.4976 
      H043.1  2 0.0284 0.0300 0.0154 0.9262 
      H043.2  2 0.0244 0.0439 0.0663 0.8654 
      H043.3  2 0.0706 0.0885 0.0364 0.8045 
      H043.4  2 0.0730 0.0449 0.0439 0.8382 
      H043.5  2 0.0135 0.0143 0.0182 0.9541 
      H043.6  2 0.0250 0.0181 0.0192 0.9377 
      H043.7  2 0.0243 0.0604 0.0816 0.8338 
      H043.8  2 0.0285 0.0490 0.0443 0.8783 
      H043.9  2 0.0510 0.0265 0.0181 0.9043 
      H047.1  2 0.3486 0.4795 0.0802 0.0917 
      H047.2  2 0.8676 0.0821 0.0314 0.0189 
      H047.3  2 0.7691 0.1107 0.0819 0.0383 
      H047.4  2 0.6208 0.0416 0.2882 0.0494 
      H047.5  2 0.5315 0.1711 0.2595 0.0379 
      H047.6  2 0.3752 0.0679 0.2526 0.3044 
      H047.7  2 0.4507 0.0944 0.2692 0.1857 
      H047.8  2 0.2697 0.2105 0.3337 0.1861 
      H047.9  2 0.4596 0.3032 0.2120 0.0252 
 H071.1_2002  2 0.9415 0.0247 0.0170 0.0168 
 H071.1_2003  2 0.8477 0.0402 0.0743 0.0378 
     H071.10  2 0.9308 0.0156 0.0105 0.0431 
 H071.2_2002  2 0.9122 0.0404 0.0208 0.0266 
 H071.2_2003  2 0.9680 0.0133 0.0092 0.0094 
      H071.3  2 0.8402 0.0338 0.0287 0.0973 
 H071.4_2002  2 0.8035 0.0271 0.0176 0.1518 
 H071.4_2003  2 0.9349 0.0343 0.0159 0.0149 
 H071.5_2002  2 0.9584 0.0103 0.0111 0.0201 
 H071.5_2003  2 0.8022 0.1382 0.0196 0.0400 
 H071.6_2002  2 0.9138 0.0296 0.0144 0.0422 
 H071.6_2003  2 0.9501 0.0200 0.0113 0.0187 
 H071.7_2002  2 0.9359 0.0306 0.0142 0.0193 
 H071.7_2003  2 0.8614 0.0672 0.0265 0.0449 
      H071.8  2 0.9097 0.0282 0.0191 0.0429 
      H071.9  2 0.3307 0.0240 0.0354 0.6099 
 H081.1_2002  2 0.9641 0.0141 0.0138 0.0080 
 H081.1_2003  2 0.3410 0.0746 0.0371 0.5472 
 H081.2_2002  2 0.9467 0.0177 0.0249 0.0108 
 H081.2_2003  2 0.5701 0.0325 0.0258 0.3716 
 H081.3_2002  2 0.9426 0.0198 0.0207 0.0168 
 H081.3_2003  2 0.2756 0.1147 0.0461 0.5636 
 H081.4_2002  2 0.9410 0.0233 0.0194 0.0162 
 H081.4_2003  2 0.5156 0.2385 0.0895 0.1563 
 H081.5_2002  2 0.9526 0.0214 0.0119 0.0140 
 H081.5_2003  2 0.6125 0.1000 0.1559 0.1317 
      H081.6  2 0.9483 0.0242 0.0163 0.0112 
      H081.7  2 0.9521 0.0124 0.0217 0.0137 
      H081.8  2 0.8982 0.0246 0.0218 0.0554 
      H083.1  2 0.9563 0.0137 0.0099 0.0201 
      H083.2  2 0.9486 0.0191 0.0109 0.0214 
      H083.4  2 0.9309 0.0197 0.0124 0.0371 
      H083.5  2 0.9446 0.0150 0.0112 0.0291 
      H083.6  2 0.9553 0.0117 0.0150 0.0179 
      H083.7  2 0.9354 0.0187 0.0149 0.0311 
      H083.8  2 0.9435 0.0208 0.0177 0.0180 
      H083.9  2 0.9660 0.0097 0.0124 0.0119 
      H084.1  2 0.0827 0.0196 0.0221 0.8756 
      H084.2  2 0.0788 0.0260 0.0116 0.8836 
      H084.3  2 0.0421 0.0236 0.0569 0.8774 
      H084.4  2 0.0345 0.0246 0.0336 0.9073 
      H084.5  2 0.0289 0.0194 0.0354 0.9163 
      H084.6  2 0.0359 0.0116 0.0450 0.9075 
      H084.7  2 0.2224 0.0362 0.0204 0.7209 
      H084.8  2 0.0327 0.0172 0.0686 0.8814 
 H085.1_2002  2 0.9332 0.0155 0.0215 0.0298 
 H085.1_2003  2 0.9198 0.0128 0.0284 0.0391 
 H085.2_2002  2 0.8516 0.0289 0.0564 0.0631 
 H085.2_2003  2 0.9141 0.0375 0.0157 0.0327 
 H085.3_2002  2 0.3947 0.0242 0.5623 0.0188 
 H085.3_2003  2 0.9154 0.0234 0.0477 0.0135 
 H085.4_2002  2 0.8272 0.0381 0.0499 0.0848 
 H085.4_2003  2 0.9123 0.0151 0.0508 0.0219 
 H085.5_2002  2 0.2800 0.0413 0.6538 0.0249 
 H085.5_2003  2 0.9600 0.0153 0.0136 0.0110 
 H085.6_2002  2 0.7810 0.0317 0.0911 0.0962 
 H085.6_2003  2 0.1603 0.0693 0.7368 0.0336 
 H085.7_2002  2 0.8703 0.0336 0.0762 0.0200 
 H085.7_2003  2 0.7913 0.0279 0.0983 0.0826 
 H085.8_2002  2 0.2488 0.0651 0.6356 0.0505 
 H085.8_2003  2 0.8927 0.0291 0.0409 0.0372 
      H085.9  2 0.8383 0.0299 0.0938 0.0380 
      H088.1  2 0.5948 0.0878 0.2882 0.0292 
      H088.2  2 0.7486 0.0389 0.1860 0.0264 
      H088.3  2 0.8579 0.0304 0.0885 0.0232 
      H088.4  2 0.7791 0.0454 0.0869 0.0886 
      H088.5  2 0.7453 0.0286 0.2014 0.0248 
      H088.6  2 0.7828 0.0423 0.1494 0.0254 
      H088.7  2 0.8208 0.0285 0.0516 0.0991 
      H088.8  2 0.7007 0.0530 0.1182 0.1281 
      H091.1  2 0.8525 0.0390 0.0885 0.0200 
      H091.2  2 0.8395 0.0275 0.1211 0.0120 
      H109.1  2 0.0398 0.0284 0.0140 0.9178 
      H109.2  2 0.2178 0.0650 0.0557 0.6615 
      H109.3  2 0.1164 0.1189 0.0685 0.6962 
      H109.4  2 0.0285 0.0413 0.0418 0.8884 
      H109.5  2 0.4180 0.0667 0.4124 0.1029 
      H109.6  2 0.0782 0.0633 0.0492 0.8093 
      H126.1  2 0.0232 0.4610 0.1994 0.3164 
      H126.2  2 0.1299 0.2545 0.0497 0.5659 
      H126.3  2 0.1407 0.0365 0.0258 0.7969 
      H126.4  2 0.0467 0.6749 0.0656 0.2128 
      H126.5  2 0.0389 0.8777 0.0376 0.0457 
      H126.6  2 0.5267 0.0865 0.0163 0.3704 
      H126.7  2 0.9044 0.0563 0.0220 0.0173 
      H130.1  2 0.0996 0.5556 0.2956 0.0492 
      H130.2  2 0.8263 0.0878 0.0307 0.0553 
      H130.3  2 0.3479 0.6097 0.0193 0.0231 
      H130.4  2 0.0956 0.5863 0.0784 0.2397 
      H130.5  2 0.8714 0.0441 0.0602 0.0243 
      H133.1  2 0.0910 0.0705 0.0488 0.7898 
      H133.2  2 0.1310 0.0892 0.0550 0.7248 
      H133.3  2 0.1036 0.0363 0.0802 0.7799 
      H133.4  2 0.0453 0.0475 0.0342 0.8731 
      H133.5  2 0.1054 0.2641 0.0269 0.6036 
      H133.6  2 0.3328 0.1527 0.0751 0.4394 
      H133.7  2 0.0314 0.0236 0.3688 0.5763 
      H133.8  2 0.0458 0.0828 0.0956 0.7758 
      H133.9  2 0.1136 0.1364 0.0536 0.6963 
      H147.1  2 0.6491 0.0111 0.2953 0.0445 
      H147.2  2 0.9679 0.0107 0.0125 0.0089 
      H147.3  2 0.9471 0.0224 0.0202 0.0103 
      H147.4  2 0.9439 0.0125 0.0222 0.0214 
      H147.5  2 0.9502 0.0181 0.0202 0.0114 
      H147.6  2 0.9353 0.0236 0.0251 0.0160 
      H147.7  2 0.9257 0.0227 0.0226 0.0291 
      H147.8  2 0.9577 0.0104 0.0120 0.0199 
      H147.9  2 0.9611 0.0129 0.0158 0.0102 
      H148.1  2 0.0747 0.0731 0.1307 0.7214 
      H148.2  2 0.0407 0.0344 0.2095 0.7154 
      H148.3  2 0.0236 0.0283 0.7865 0.1616 
      H148.4  2 0.0477 0.0848 0.3078 0.5597 
      H148.5  2 0.0614 0.0685 0.5037 0.3664 
      H148.6  2 0.0839 0.0336 0.3826 0.5000 
      H148.7  2 0.0311 0.1390 0.2902 0.5397 
      H148.8  2 0.0239 0.0294 0.8508 0.0959 
      H148.9  2 0.0237 0.1060 0.1625 0.7078 
   H166022.1  2 0.9508 0.0121 0.0224 0.0148 
   H166022.2  2 0.9083 0.0226 0.0410 0.0281 
   H166022.3  2 0.8895 0.0412 0.0535 0.0158 
   H166022.4  2 0.9395 0.0279 0.0177 0.0149 
   H166022.5  2 0.9308 0.0282 0.0242 0.0167 
   H166022.6  2 0.8776 0.0428 0.0497 0.0299 
   H166022.7  2 0.0110 0.0308 0.0079 0.9503 
   H166022.8  2 0.8171 0.0957 0.0597 0.0274 
   H167397.1  2 0.0339 0.0153 0.0402 0.9106 
   H167397.2  2 0.0839 0.0628 0.0539 0.7995 
   H167397.3  2 0.0159 0.0107 0.0140 0.9595 
   H167397.4  2 0.0515 0.0205 0.0353 0.8927 
   H167397.5  2 0.0281 0.0177 0.0210 0.9332 
   H167397.6  2 0.0183 0.0130 0.0297 0.9389 
   H167496.1  2 0.4013 0.1447 0.4180 0.0360 
   H167496.2  2 0.1320 0.1367 0.3084 0.4228 
   H167496.3  2 0.4636 0.1133 0.4040 0.0192 
   H167496.4  2 0.9594 0.0138 0.0156 0.0112 
   H167496.6  2 0.8354 0.0958 0.0424 0.0264 
   H167496.7  2 0.1020 0.2801 0.5875 0.0303 
   H167496.8  2 0.9025 0.0271 0.0410 0.0294 
   H167513.1  2 0.0396 0.1190 0.0426 0.7988 
   H167513.2  2 0.0268 0.0755 0.3638 0.5339 
   H167513.3  2 0.1107 0.7437 0.0343 0.1114 
   H167513.4  2 0.3353 0.0910 0.1478 0.4259 
   H167513.5  2 0.0326 0.0230 0.1232 0.8212 
   H167513.6  2 0.1223 0.1162 0.1624 0.5991 
   H167513.7  2 0.1823 0.0992 0.0260 0.6926 
   H167513.8  2 0.0276 0.1107 0.0153 0.8464 
   H167547.1  2 0.0162 0.0439 0.8971 0.0428 
   H167547.2  2 0.0231 0.0140 0.9350 0.0278 
   H167547.3  2 0.0234 0.0164 0.9287 0.0315 
   H167547.4  2 0.0443 0.0979 0.8021 0.0557 
   H167547.5  2 0.0161 0.0105 0.9565 0.0169 
   H167547.6  2 0.0164 0.0141 0.9487 0.0208 
   H167547.7  2 0.0715 0.2243 0.4876 0.2167 
   H169750.1  2 0.0781 0.6428 0.1543 0.1248 
   H169750.2  2 0.1778 0.2321 0.1097 0.4804 
   H169750.3  2 0.1300 0.4495 0.3191 0.1014 
   H169750.4  2 0.0328 0.2542 0.0448 0.6682 
   H169750.5  2 0.3827 0.2540 0.1293 0.2340 
   H169750.6  2 0.6415 0.1363 0.0811 0.1412 
   H169750.7  2 0.0665 0.5483 0.1021 0.2831 
   H171929.1  2 0.0216 0.0319 0.3561 0.5904 
  H171929.10  2 0.1769 0.0295 0.4667 0.3269 
  H171929.11  2 0.0227 0.0324 0.3803 0.5646 
   H171929.2  2 0.0332 0.0374 0.6922 0.2372 
   H171929.3  2 0.0373 0.0359 0.4861 0.4407 
   H171929.4  2 0.1563 0.1252 0.6942 0.0243 
   H171929.5  2 0.0296 0.0545 0.0969 0.8190 
   H171929.6  2 0.0169 0.0386 0.0712 0.8733 
   H171929.7  2 0.0364 0.1527 0.7205 0.0905 
   H171929.8  2 0.0437 0.1001 0.7944 0.0618 
   H171929.9  2 0.4158 0.2307 0.2936 0.0598 
   H171930.1  2 0.0428 0.5302 0.0714 0.3555 
   H171930.2  2 0.3481 0.3642 0.1862 0.1015 
   H171930.3  2 0.0597 0.3572 0.0824 0.5006 
   H171930.4  2 0.1701 0.5399 0.0763 0.2136 
   H171930.5  2 0.1324 0.5274 0.1400 0.2002 
   H171930.6  2 0.3254 0.5302 0.0557 0.0887 
   H171930.7  2 0.0305 0.0992 0.0224 0.8479 
   H171930.8  2 0.0354 0.0951 0.0330 0.8365 
   H171933.1  2 0.8421 0.0355 0.0608 0.0615 
   H171933.2  2 0.6095 0.0261 0.0957 0.2687 
   H171933.3  2 0.5297 0.0448 0.3839 0.0416 
   H171933.4  2 0.3844 0.1840 0.4119 0.0197 
   H171933.5  2 0.0837 0.4871 0.3795 0.0497 
   H171933.6  2 0.9525 0.0135 0.0229 0.0111 
   H171933.7  2 0.7972 0.1096 0.0669 0.0264 
   H171933.8  2 0.5816 0.1033 0.2067 0.1084 
   H171933.9  2 0.7937 0.1058 0.0866 0.0139 
      H190.1  2 0.2014 0.6226 0.1469 0.0292 
      H190.2  2 0.0180 0.0190 0.9355 0.0274 
      H190.3  2 0.0553 0.0565 0.8665 0.0217 
      H190.4  2 0.4418 0.2326 0.2856 0.0400 
      H190.5  2 0.1196 0.0564 0.7839 0.0401 
      H190.6  2 0.3205 0.1343 0.5107 0.0345 
      H190.7  2 0.0272 0.0382 0.9191 0.0155 
      H190.8  2 0.0740 0.1976 0.6931 0.0352 
      H190.9  2 0.0401 0.0375 0.8331 0.0894 
      H400.1  2 0.9359 0.0237 0.0154 0.0250 
      H400.2  2 0.9581 0.0104 0.0119 0.0196 
      H400.3  2 0.8983 0.0419 0.0293 0.0304 
      H400.4  2 0.9357 0.0166 0.0363 0.0114 
      H400.5  2 0.9270 0.0256 0.0204 0.0270 
      H400.6  2 0.9536 0.0167 0.0180 0.0117 
      H400.7  2 0.9420 0.0195 0.0270 0.0114 
 H428.1_2005  2 0.9254 0.0259 0.0172 0.0314 
 H428.1_2006  2 0.9543 0.0163 0.0175 0.0118 
 H428.2_2005  2 0.8835 0.0200 0.0463 0.0502 
 H428.2_2006  2 0.9676 0.0116 0.0097 0.0110 
 H428.3_2005  2 0.9583 0.0143 0.0179 0.0095 
 H428.3_2006  2 0.9546 0.0171 0.0128 0.0154 
 H428.4_2005  2 0.9427 0.0219 0.0211 0.0142 
 H428.4_2006  2 0.9663 0.0113 0.0159 0.0066 
 H428.5_2005  2 0.9559 0.0103 0.0145 0.0194 
 H428.6_2005  2 0.9290 0.0348 0.0201 0.0161 
 H428.6_2006  2 0.9442 0.0287 0.0090 0.0181 
      H428.7  2 0.9742 0.0082 0.0096 0.0080 
      H428.8  2 0.9549 0.0166 0.0162 0.0122 
      H428.9  2 0.9490 0.0138 0.0161 0.0211 
      H453.1  2 0.9546 0.0240 0.0105 0.0109 
      H453.2  2 0.9397 0.0253 0.0203 0.0147 
      H453.3  2 0.9491 0.0221 0.0188 0.0100 
      H453.4  2 0.9494 0.0184 0.0205 0.0118 
      H453.5  2 0.9645 0.0158 0.0110 0.0088 
      H453.6  2 0.9716 0.0104 0.0106 0.0073 
      H453.7  2 0.8082 0.0438 0.1316 0.0164 
      H453.8  2 0.8295 0.0585 0.0936 0.0185 
      H453.9  2 0.9500 0.0254 0.0133 0.0113 
      H512.1  2 0.9304 0.0419 0.0172 0.0105 
     H512.10  2 0.6106 0.2279 0.0321 0.1294 
      H512.2  2 0.5937 0.2612 0.1139 0.0312 
      H512.3  2 0.1136 0.7987 0.0240 0.0637 
      H512.4  2 0.8903 0.0325 0.0462 0.0310 
      H512.5  2 0.0493 0.8714 0.0241 0.0551 
      H512.6  2 0.1408 0.7011 0.1221 0.0360 
      H512.7  2 0.2069 0.6878 0.0190 0.0862 
      H512.8  2 0.2406 0.3920 0.3262 0.0412 
      H512.9  2 0.4061 0.5123 0.0209 0.0608 
      H513.1  2 0.9476 0.0103 0.0110 0.0311 
      H513.2  2 0.9427 0.0108 0.0215 0.0250 
      H513.3  2 0.9577 0.0144 0.0136 0.0143 
      H513.4  2 0.9547 0.0121 0.0216 0.0117 
      H513.5  2 0.9505 0.0194 0.0089 0.0212 
      H513.6  2 0.4236 0.0491 0.0501 0.4772 
      H532.1  2 0.9205 0.0215 0.0172 0.0408 
      H532.2  2 0.9076 0.0140 0.0594 0.0190 
      H532.3  2 0.8975 0.0284 0.0620 0.0121 
      H532.4  2 0.9416 0.0173 0.0206 0.0205 
      H532.5  2 0.9187 0.0194 0.0296 0.0323 
      H532.6  2 0.9486 0.0197 0.0120 0.0197 
      H532.7  2 0.9576 0.0147 0.0151 0.0126 
      H532.8  2 0.8774 0.0358 0.0469 0.0400 
      H543.1  2 0.0142 0.0086 0.0109 0.9662 
      H543.2  2 0.0444 0.0128 0.0233 0.9195 
      H543.3  2 0.0307 0.0124 0.0143 0.9426 
      H543.4  2 0.0120 0.0089 0.0201 0.9590 
      H543.5  2 0.0113 0.0082 0.0107 0.9699 
      H543.6  2 0.0170 0.0082 0.0198 0.9550 
      H543.7  2 0.0100 0.0061 0.0103 0.9736 
      H543.8  2 0.0405 0.0160 0.0186 0.9248 
      H543.9  2 0.0192 0.0098 0.0168 0.9542 
 H545.1_2005  2 0.0082 0.0084 0.0057 0.9777 
 H545.1_2006  2 0.0099 0.0085 0.0100 0.9716 
 H545.2_2005  2 0.0103 0.0167 0.0114 0.9616 
 H545.2_2006  2 0.0149 0.0082 0.0083 0.9686 
 H545.3_2005  2 0.0112 0.0372 0.0188 0.9329 
 H545.3_2006  2 0.0104 0.0069 0.0067 0.9760 
 H545.4_2005  2 0.0126 0.0179 0.0215 0.9480 
 H545.4_2006  2 0.0073 0.0115 0.0125 0.9688 
 H545.5_2005  2 0.0161 0.0090 0.0076 0.9673 
 H545.5_2006  2 0.0167 0.0201 0.0150 0.9482 
 H545.6_2005  2 0.0089 0.0093 0.0063 0.9755 
 H545.6_2006  2 0.0093 0.0133 0.0106 0.9668 
 H545.7_2005  2 0.0137 0.0100 0.0065 0.9698 
 H545.7_2006  2 0.0101 0.0088 0.0074 0.9737 
 H545.8_2005  2 0.0282 0.0130 0.0162 0.9427 
 H545.8_2006  2 0.0132 0.0103 0.0083 0.9682 
      H545.9  2 0.0165 0.0159 0.0130 0.9546 
      H547.1  2 0.2117 0.0600 0.7095 0.0188 
      H547.2  2 0.2565 0.0148 0.6670 0.0617 
      H547.3  2 0.0381 0.0555 0.8847 0.0217 
      H547.4  2 0.0647 0.0435 0.8637 0.0281 
      H547.5  2 0.0355 0.0180 0.9339 0.0126 
      H547.6  2 0.3620 0.0241 0.5614 0.0525 
      H547.7  2 0.0681 0.0592 0.8274 0.0453 
      H547.8  2 0.1713 0.0481 0.7547 0.0259 
      H548.1  2 0.0082 0.0123 0.0090 0.9705 
      H548.2  2 0.0134 0.0160 0.0169 0.9537 
      H548.3  2 0.0086 0.0083 0.0095 0.9737 
      H548.4  2 0.0201 0.0297 0.0124 0.9378 
      H548.5  2 0.0070 0.0093 0.0092 0.9745 
      H548.6  2 0.0092 0.0168 0.0110 0.9630 
      H548.7  2 0.0100 0.0113 0.0083 0.9704 
      H548.8  2 0.0108 0.0112 0.0108 0.9672 
      H548.9  2 0.0143 0.0165 0.0179 0.9513 
     H7389.1  2 0.9473 0.0157 0.0244 0.0126 
     H7389.2  2 0.9320 0.0129 0.0232 0.0320 
     H7389.3  2 0.9216 0.0162 0.0329 0.0293 
     H7389.4  2 0.9259 0.0195 0.0090 0.0456 
     H7389.5  2 0.8845 0.0621 0.0120 0.0415 
     H7389.6  2 0.9185 0.0242 0.0110 0.0463 
     H7389.7  2 0.9068 0.0211 0.0363 0.0358 
     H7389.8  2 0.4856 0.0493 0.0203 0.4447 
     H7389.9  2 0.9135 0.0171 0.0081 0.0613 
      H747.1  2 0.0582 0.6534 0.2467 0.0417 
      H747.2  2 0.0168 0.8433 0.0408 0.0991 
      H747.3  2 0.0234 0.9009 0.0383 0.0375 
      H747.4  2 0.0331 0.7179 0.1736 0.0754 
      H747.5  2 0.0129 0.9156 0.0229 0.0486 
      H747.6  2 0.0316 0.2436 0.0890 0.6358 
      H747.7  2 0.0188 0.9031 0.0292 0.0489 
     H7484.1  2 0.8315 0.0725 0.0397 0.0563 
     H7484.2  2 0.4155 0.1552 0.2952 0.1341 
     H7484.3  2 0.2837 0.3201 0.2324 0.1637 
     H7484.4  2 0.8063 0.0913 0.0555 0.0469 
     H7484.5  2 0.5500 0.1758 0.0624 0.2117 
     H7484.6  2 0.0586 0.8163 0.0584 0.0667 
     H7484.7  2 0.3031 0.6149 0.0397 0.0422 
     H7484.8  2 0.8593 0.0663 0.0362 0.0383 
     H7485.1  2 0.0209 0.0121 0.0167 0.9503 
     H7485.2  2 0.0158 0.0081 0.0071 0.9690 
     H7485.3  2 0.0078 0.0072 0.0074 0.9776 
     H7485.4  2 0.0112 0.0067 0.0062 0.9759 
     H7485.5  2 0.0132 0.0120 0.0106 0.9641 
     H7485.6  2 0.0233 0.0149 0.0155 0.9462 
     H7485.7  2 0.0094 0.0106 0.0097 0.9703 
     H7496.1  2 0.8809 0.0347 0.0731 0.0113 
    H7496.10  2 0.9533 0.0100 0.0257 0.0110 
    H7496.11  2 0.0328 0.0158 0.0159 0.9355 
     H7496.2  2 0.9164 0.0352 0.0281 0.0203 
     H7496.3  2 0.8901 0.0432 0.0483 0.0183 
     H7496.4  2 0.9304 0.0177 0.0325 0.0194 
     H7496.5  2 0.8353 0.0385 0.1018 0.0243 
     H7496.6  2 0.8125 0.1050 0.0710 0.0114 
     H7496.7  2 0.9498 0.0169 0.0176 0.0157 
     H7496.8  2 0.7838 0.0391 0.1199 0.0572 
        UNK4  2 0.3446 0.0630 0.1237 0.4687 
        UNK5  2 0.7560 0.0150 0.0457 0.1833 
        UNK6  2 0.6231 0.0479 0.0800 0.2490 
        UNK7  2 0.7775 0.0147 0.0258 0.1819 
        UNK8  2 0.5042 0.0182 0.0229 0.4547 
        UNK9  2 0.5297 0.0252 0.0276 0.4175 
      H009.1  4 0.0160 0.9344 0.0345 0.0150 
      H009.2  4 0.0151 0.9436 0.0273 0.0140 
      H009.3  4 0.0181 0.9015 0.0583 0.0221 
      H009.4  4 0.0144 0.9523 0.0173 0.0160 
      H009.5  4 0.0163 0.9030 0.0287 0.0520 
      H009.6  4 0.0160 0.8309 0.1245 0.0286 
      H046.4  4 0.3106 0.4069 0.1161 0.1664 
      H046.8  4 0.0474 0.3532 0.4535 0.1459 
 H076.1_2002  4 0.0153 0.0130 0.9608 0.0110 
 H076.1_2003  4 0.0075 0.0097 0.9698 0.0130 
 H076.1_2004  4 0.0090 0.0116 0.9666 0.0128 
 H076.2_2002  4 0.0095 0.0123 0.9625 0.0157 
 H076.2_2003  4 0.0078 0.0099 0.9662 0.0161 
 H076.2_2004  4 0.0179 0.0435 0.9140 0.0246 
 H076.3_2002  4 0.0354 0.1886 0.7443 0.0317 
 H076.3_2003  4 0.0112 0.0107 0.9497 0.0284 
 H076.3_2004  4 0.0172 0.0103 0.9519 0.0205 
 H076.4_2002  4 0.0326 0.0344 0.8822 0.0509 
 H076.4_2003  4 0.0108 0.0169 0.9571 0.0152 
 H076.4_2004  4 0.0298 0.1245 0.8273 0.0183 
 H076.5_2002  4 0.0129 0.0143 0.9626 0.0103 
 H076.5_2003  4 0.0179 0.0196 0.8810 0.0814 
 H076.5_2004  4 0.0373 0.0216 0.8950 0.0461 
 H076.6_2002  4 0.0148 0.0122 0.9383 0.0347 
 H076.6_2003  4 0.0103 0.0126 0.9579 0.0193 
 H076.6_2004  4 0.0112 0.0154 0.9570 0.0164 
 H076.7_2002  4 0.0882 0.1711 0.7013 0.0394 
 H076.7_2003  4 0.0231 0.0414 0.9112 0.0243 
 H076.7_2004  4 0.0132 0.0204 0.9464 0.0199 
      H477.1  4 0.0996 0.7750 0.0692 0.0563 
      H477.2  4 0.0496 0.8203 0.0983 0.0318 
      H477.3  4 0.1443 0.7145 0.0169 0.1243 
      H477.4  4 0.0758 0.5451 0.0276 0.3515 
      H477.5  4 0.0248 0.8208 0.0429 0.1116 
      H477.6  4 0.0281 0.8313 0.0388 0.1019 
      H477.7  4 0.0503 0.2779 0.0271 0.6448 
 H479.1_2005  4 0.7726 0.1735 0.0148 0.0391 
 H479.1_2006  4 0.1416 0.6221 0.1767 0.0596 
     H479.10  4 0.2097 0.5269 0.0595 0.2040 
 H479.2_2005  4 0.7026 0.0642 0.0923 0.1410 
 H479.2_2006  4 0.2128 0.7412 0.0108 0.0352 
 H479.3_2005  4 0.4895 0.4525 0.0294 0.0285 
 H479.3_2006  4 0.3635 0.5410 0.0761 0.0194 
 H479.4_2005  4 0.1932 0.6542 0.0270 0.1256 
 H479.4_2006  4 0.6936 0.2369 0.0188 0.0508 
 H479.5_2005  4 0.4640 0.1651 0.0820 0.2889 
 H479.5_2006  4 0.1689 0.7964 0.0126 0.0221 
 H479.6_2005  4 0.0927 0.6238 0.0809 0.2026 
 H479.6_2006  4 0.9028 0.0468 0.0118 0.0386 
 H479.7_2005  4 0.7857 0.1189 0.0272 0.0682 
 H479.7_2006  4 0.4625 0.4058 0.0307 0.1010 
 H479.8_2005  4 0.8487 0.1056 0.0152 0.0305 
 H479.8_2006  4 0.0234 0.5585 0.0583 0.3598 
      H479.9  4 0.0267 0.9106 0.0471 0.0156 
      H516.1  4 0.0310 0.5525 0.3789 0.0377 
      H516.2  4 0.0110 0.9469 0.0136 0.0285 
      H516.3  4 0.0108 0.9431 0.0213 0.0248 
      H516.4  4 0.0150 0.9179 0.0338 0.0333 
      H516.5  4 0.0158 0.8657 0.0827 0.0359 
      H516.6  4 0.0111 0.9562 0.0101 0.0226 
      H516.7  4 0.0446 0.8763 0.0497 0.0294 
      H516.8  4 0.0127 0.8612 0.0918 0.0343 
      H516.9  4 0.0210 0.9288 0.0311 0.0191 
      H646.1  4 0.0253 0.3552 0.6031 0.0164 
      H646.2  4 0.0146 0.3819 0.5914 0.0121 
      H646.3  4 0.0163 0.6822 0.2900 0.0115 
      H646.4  4 0.0318 0.3613 0.5914 0.0155 
      H646.5  4 0.0249 0.6703 0.2954 0.0093 
      H658.1  4 0.0103 0.9342 0.0175 0.0381 
     H658.10  4 0.0127 0.9594 0.0171 0.0109 
      H658.2  4 0.0134 0.9239 0.0354 0.0273 
      H658.3  4 0.0269 0.9231 0.0161 0.0339 
      H658.4  4 0.0229 0.9330 0.0190 0.0251 
      H658.5  4 0.0178 0.9658 0.0094 0.0070 
      H658.6  4 0.0118 0.9435 0.0286 0.0161 
      H658.7  4 0.0139 0.8877 0.0674 0.0310 
      H658.8  4 0.0114 0.8325 0.0967 0.0593 
      H658.9  4 0.0146 0.9293 0.0368 0.0193 
      H682.1  4 0.4976 0.2895 0.1379 0.0749 
      H682.6  4 0.2487 0.3219 0.3620 0.0674 
      H720.1  4 0.4049 0.2359 0.3353 0.0240 
      H720.2  4 0.2869 0.4981 0.1962 0.0189 
      H720.3  4 0.0796 0.0732 0.7887 0.0584 
      H720.4  4 0.0834 0.7736 0.0941 0.0489 
      H720.5  4 0.0901 0.0974 0.5927 0.2198 
      H720.6  4 0.0805 0.0633 0.6324 0.2238 
      H720.7  4 0.3814 0.5307 0.0447 0.0431 
      H720.8  4 0.4414 0.0513 0.4820 0.0253 
      H720.9  4 0.2936 0.4069 0.2106 0.0888 
      H724.1  4 0.0183 0.0186 0.9264 0.0367 
      H724.2  4 0.0301 0.0359 0.8843 0.0497 
      H724.3  4 0.1063 0.5932 0.2739 0.0266 
      H724.4  4 0.0192 0.0668 0.8704 0.0437 
      H724.5  4 0.1542 0.6327 0.1893 0.0238 
      H724.6  4 0.0283 0.0312 0.8793 0.0612 
      H725.1  4 0.2737 0.4362 0.2179 0.0722 
      H725.2  4 0.1946 0.5636 0.1579 0.0838 
      H725.3  4 0.0818 0.7173 0.0347 0.1662 
      H725.4  4 0.5206 0.1361 0.0835 0.2599 
      H725.5  4 0.4238 0.4609 0.0743 0.0410 
      H725.6  4 0.0191 0.8529 0.0688 0.0592 
      H725.7  4 0.0952 0.6446 0.1817 0.0784 
      H725.8  4 0.0255 0.4106 0.0495 0.5144 
      H726.1  4 0.0076 0.9567 0.0213 0.0145 
      H726.2  4 0.0280 0.9260 0.0304 0.0156 
      H726.3  4 0.0167 0.8391 0.1079 0.0362 
      H726.4  4 0.0093 0.9625 0.0109 0.0173 
      H726.5  4 0.0171 0.9516 0.0188 0.0125 
        UNK1  4 0.2141 0.6060 0.0997 0.0802 
        UNK2  4 0.1181 0.6827 0.1176 0.0816 
        UNK3  4 0.1158 0.7719 0.0805 0.0319 
      H016.1  5 0.0309 0.0251 0.0228 0.9212 
      H016.2  5 0.0337 0.0169 0.0186 0.9309 
      H016.3  5 0.0180 0.3070 0.3260 0.3491 
      H016.4  5 0.0446 0.0207 0.0189 0.9159 
 H017.1_2002  5 0.0193 0.4199 0.5340 0.0268 
 H017.1_2003  5 0.0305 0.6800 0.0284 0.2611 
 H017.2_2002  5 0.0201 0.0753 0.8801 0.0245 
 H017.2_2003  5 0.0103 0.9641 0.0112 0.0144 
 H017.3_2002  5 0.0172 0.1404 0.0609 0.7815 
 H017.3_2003  5 0.0238 0.1654 0.6961 0.1147 
 H017.4_2002  5 0.0629 0.0579 0.3764 0.5028 
 H017.4_2003  5 0.0110 0.7778 0.0200 0.1912 
 H017.5_2002  5 0.0113 0.0469 0.0197 0.9221 
 H017.5_2003  5 0.0127 0.9327 0.0245 0.0300 
 H017.6_2002  5 0.0535 0.0167 0.8851 0.0447 
 H017.6_2003  5 0.0168 0.9132 0.0592 0.0108 
 H017.7_2002  5 0.0509 0.0402 0.5425 0.3663 
 H017.7_2003  5 0.0081 0.9653 0.0117 0.0149 
      H017.8  5 0.0315 0.5525 0.2945 0.1214 
      H017.9  5 0.0675 0.1507 0.4289 0.3530 
      H032.1  5 0.0157 0.9085 0.0116 0.0642 
      H032.2  5 0.0103 0.9208 0.0086 0.0603 
      H032.3  5 0.0302 0.9260 0.0150 0.0288 
      H032.4  5 0.0124 0.9264 0.0153 0.0459 
      H032.5  5 0.0132 0.9490 0.0193 0.0184 
      H032.6  5 0.0103 0.9580 0.0182 0.0135 
      H032.7  5 0.0284 0.8067 0.0322 0.1327 
 H034.1_2002  5 0.0257 0.1275 0.7964 0.0504 
 H034.1_2003  5 0.0202 0.1528 0.7952 0.0318 
 H034.2_2002  5 0.0346 0.3470 0.3228 0.2956 
 H034.2_2003  5 0.0462 0.1667 0.7581 0.0291 
 H034.3_2002  5 0.0408 0.1962 0.4426 0.3204 
 H034.3_2003  5 0.0264 0.1293 0.8303 0.0140 
 H034.4_2002  5 0.0327 0.0344 0.7835 0.1495 
 H034.4_2003  5 0.0146 0.6176 0.3132 0.0546 
 H034.5_2002  5 0.0183 0.1230 0.5454 0.3133 
 H034.5_2003  5 0.0304 0.4964 0.2869 0.1862 
 H034.6_2002  5 0.0340 0.1184 0.4966 0.3510 
 H034.6_2003  5 0.0165 0.7346 0.1864 0.0626 
 H034.7_2002  5 0.0351 0.3575 0.5722 0.0351 
 H034.7_2003  5 0.0176 0.7062 0.1310 0.1452 
 H034.8_2002  5 0.0181 0.0311 0.9243 0.0265 
 H034.8_2003  5 0.0120 0.4513 0.3197 0.2170 
      H034.9  5 0.1195 0.2622 0.4356 0.1826 
      H048.1  5 0.0298 0.8887 0.0145 0.0670 
      H048.2  5 0.2646 0.4643 0.1030 0.1681 
      H048.3  5 0.0801 0.2860 0.4602 0.1736 
      H048.4  5 0.1576 0.3383 0.2724 0.2317 
      H048.5  5 0.0860 0.8180 0.0216 0.0744 
      H048.6  5 0.1172 0.3279 0.3949 0.1600 
      H048.7  5 0.0606 0.7538 0.0226 0.1630 
      H048.8  5 0.0339 0.6011 0.1210 0.2440 
      H060.1  5 0.0221 0.0941 0.0889 0.7949 
     H060.10  5 0.0118 0.3230 0.3378 0.3274 
      H060.2  5 0.0305 0.3333 0.3347 0.3015 
      H060.3  5 0.0138 0.2430 0.4498 0.2933 
      H060.4  5 0.0293 0.1801 0.1216 0.6690 
      H060.5  5 0.0256 0.0630 0.0858 0.8256 
      H060.6  5 0.0215 0.0854 0.0717 0.8214 
      H060.7  5 0.0403 0.1149 0.6833 0.1615 
      H060.8  5 0.0380 0.3249 0.2458 0.3913 
      H060.9  5 0.0212 0.2353 0.0912 0.6523 
 H070.1_2002  5 0.4377 0.0891 0.1600 0.3131 
 H070.1_2003  5 0.0899 0.5867 0.1654 0.1579 
 H070.1_2004  5 0.0133 0.0491 0.9154 0.0223 
 H070.2_2002  5 0.1645 0.1823 0.5860 0.0672 
 H070.2_2003  5 0.1247 0.3573 0.2358 0.2822 
 H070.2_2004  5 0.0101 0.0737 0.9030 0.0133 
 H070.3_2002  5 0.1022 0.5092 0.1588 0.2298 
 H070.3_2003  5 0.0172 0.8457 0.0908 0.0463 
 H070.3_2004  5 0.0574 0.3936 0.3653 0.1836 
 H070.4_2002  5 0.0438 0.5365 0.3951 0.0247 
 H070.4_2003  5 0.0336 0.6917 0.1227 0.1519 
 H070.4_2004  5 0.1375 0.4280 0.3912 0.0434 
 H070.5_2002  5 0.3219 0.2350 0.0467 0.3964 
 H070.5_2003  5 0.0273 0.8449 0.0462 0.0816 
 H070.5_2004  5 0.0254 0.0790 0.8183 0.0773 
 H070.6_2002  5 0.2987 0.5366 0.0449 0.1197 
 H070.6_2003  5 0.0191 0.3159 0.6418 0.0232 
 H070.6_2004  5 0.0620 0.1540 0.7346 0.0494 
      H077.1  5 0.0171 0.3582 0.5482 0.0765 
      H077.2  5 0.0361 0.5327 0.0456 0.3856 
      H077.3  5 0.0237 0.1079 0.8449 0.0235 
      H077.4  5 0.0277 0.5778 0.3357 0.0588 
      H077.5  5 0.0185 0.2440 0.1667 0.5708 
      H077.6  5 0.0172 0.5826 0.0380 0.3622 
      H097.1  5 0.0418 0.0543 0.8640 0.0399 
      H097.2  5 0.0644 0.0278 0.8903 0.0175 
      H097.3  5 0.0318 0.1041 0.8460 0.0181 
      H097.4  5 0.0806 0.1956 0.7113 0.0125 
      H097.5  5 0.0211 0.3464 0.6153 0.0172 
      H097.6  5 0.1555 0.0453 0.7838 0.0154 
      H097.7  5 0.0772 0.0866 0.8220 0.0142 
      H124.1  5 0.5047 0.2215 0.1728 0.1010 
      H124.2  5 0.0844 0.1629 0.0348 0.7179 
      H124.3  5 0.3444 0.0713 0.0277 0.5566 
      H124.4  5 0.2251 0.2466 0.0964 0.4320 
      H124.5  5 0.0700 0.1210 0.0669 0.7421 
      H132.1  5 0.0635 0.0734 0.7191 0.1439 
      H132.2  5 0.0269 0.0288 0.6573 0.2870 
      H132.3  5 0.0322 0.0668 0.5469 0.3541 
      H132.4  5 0.0760 0.1254 0.7303 0.0683 
      H132.5  5 0.0265 0.0471 0.3280 0.5984 
      H132.6  5 0.0445 0.0251 0.3196 0.6108 
      H132.7  5 0.5924 0.0685 0.0545 0.2847 
      H155.1  5 0.4545 0.0651 0.0238 0.4566 
      H155.2  5 0.5665 0.1739 0.0568 0.2028 
      H155.3  5 0.8384 0.1058 0.0136 0.0422 
      H155.4  5 0.6987 0.0168 0.0256 0.2590 
      H155.5  5 0.5040 0.1005 0.0346 0.3610 
      H155.6  5 0.5788 0.1193 0.0232 0.2788 
      H155.7  5 0.4775 0.2249 0.0689 0.2287 
      H155.8  5 0.8501 0.0363 0.0239 0.0896 
      H155.9  5 0.3443 0.3612 0.0252 0.2693 
      H169.1  5 0.0194 0.8593 0.0639 0.0574 
      H169.2  5 0.0166 0.5327 0.3546 0.0962 
      H169.3  5 0.0175 0.6083 0.3579 0.0163 
      H169.4  5 0.0154 0.6716 0.1340 0.1790 
      H169.5  5 0.0344 0.6733 0.1481 0.1442 
      H169.6  5 0.0415 0.5540 0.1279 0.2765 
      H457.1  5 0.9005 0.0294 0.0536 0.0165 
      H457.2  5 0.9399 0.0226 0.0240 0.0134 
      H457.3  5 0.8699 0.0649 0.0495 0.0157 
      H457.4  5 0.6966 0.0861 0.1751 0.0422 
      H457.5  5 0.4340 0.3050 0.0892 0.1718 
      H457.6  5 0.6356 0.2065 0.0936 0.0643 
      H457.7  5 0.3814 0.2044 0.3760 0.0382 
      H457.8  5 0.7487 0.1194 0.0241 0.1078 
      H462.1  5 0.2413 0.4003 0.1189 0.2395 
      H462.2  5 0.2623 0.3790 0.3027 0.0560 
      H462.3  5 0.2389 0.3931 0.0487 0.3192 
      H462.4  5 0.0571 0.5547 0.3127 0.0755 
      H462.5  5 0.0769 0.4222 0.4428 0.0581 
      H462.6  5 0.0779 0.7377 0.1402 0.0442 
      H462.7  5 0.3210 0.5426 0.0426 0.0938 
      H462.8  5 0.0224 0.5290 0.4220 0.0266 
      H462.9  5 0.1909 0.5418 0.0712 0.1961 
      H481.1  5 0.0136 0.2555 0.6995 0.0315 
      H481.2  5 0.0199 0.1598 0.6851 0.1352 
      H481.3  5 0.0280 0.3995 0.5145 0.0580 
      H481.4  5 0.0231 0.2083 0.4782 0.2904 
      H481.5  5 0.0318 0.2555 0.6727 0.0400 
      H481.6  5 0.1603 0.4081 0.4173 0.0143 
      H481.7  5 0.1105 0.3917 0.4804 0.0175 
      H481.8  5 0.0813 0.2307 0.6771 0.0110 
      H509.1  5 0.0367 0.3158 0.0957 0.5519 
      H509.2  5 0.0818 0.7590 0.1341 0.0251 
      H509.3  5 0.0934 0.8437 0.0429 0.0200 
      H509.4  5 0.2414 0.5526 0.1646 0.0414 
      H509.5  5 0.4330 0.4642 0.0662 0.0366 
      H509.6  5 0.1289 0.1606 0.1299 0.5806 
      H509.7  5 0.1660 0.7521 0.0525 0.0294 
      H567.1  5 0.0951 0.8565 0.0181 0.0303 
      H567.2  5 0.2143 0.5749 0.1932 0.0176 
      H567.3  5 0.1002 0.6639 0.2182 0.0178 
      H567.4  5 0.8316 0.1039 0.0347 0.0298 
      H567.5  5 0.1280 0.8288 0.0194 0.0238 
      H567.6  5 0.1381 0.7688 0.0301 0.0630 
      H567.7  5 0.3570 0.5460 0.0672 0.0298 
      H567.8  5 0.1456 0.7698 0.0539 0.0307 
      H608.1  5 0.1724 0.3183 0.3666 0.1427 
      H608.2  5 0.1659 0.4258 0.1988 0.2095 
      H608.3  5 0.2214 0.4066 0.0548 0.3172 
      H608.4  5 0.0424 0.8687 0.0550 0.0339 
      H608.5  5 0.2866 0.4664 0.0281 0.2190 
      H608.6  5 0.0402 0.5130 0.0636 0.3831 
      H608.7  5 0.2061 0.5223 0.0628 0.2088 
      H608.8  5 0.0734 0.5606 0.0306 0.3355 
      H615.1  5 0.0129 0.0433 0.0176 0.9262 
      H615.2  5 0.0539 0.2588 0.0480 0.6393 
      H615.3  5 0.0302 0.2837 0.6582 0.0280 
      H615.4  5 0.0499 0.4777 0.4183 0.0541 
      H615.5  5 0.0251 0.1863 0.4268 0.3618 
      H615.6  5 0.0129 0.1916 0.7479 0.0476 
      H635.1  5 0.0385 0.0676 0.8546 0.0393 
      H635.2  5 0.2805 0.2146 0.4399 0.0650 
      H635.3  5 0.2304 0.1273 0.5726 0.0697 
      H635.4  5 0.3192 0.0858 0.4138 0.1812 
      H635.5  5 0.0548 0.1361 0.7756 0.0335 
      H635.6  5 0.0155 0.0215 0.9424 0.0206 
      H635.7  5 0.0768 0.1865 0.6692 0.0675 
      H635.8  5 0.8360 0.0326 0.0980 0.0333 
      H635.9  5 0.1166 0.3086 0.5337 0.0411 
      H728.1  5 0.0171 0.4715 0.0151 0.4964 
      H728.2  5 0.0246 0.1110 0.0302 0.8342 
      H728.3  5 0.0218 0.1278 0.0131 0.8373 
      H728.4  5 0.0158 0.0365 0.0154 0.9323 
      H728.5  5 0.0164 0.0466 0.0165 0.9205 
      H728.6  5 0.0126 0.0213 0.0181 0.9481 
      H728.7  5 0.2382 0.2685 0.1654 0.3279 
 H7395.1_200  5 0.1665 0.0648 0.4307 0.3380 
 H7395.1_200  5 0.0214 0.0449 0.0160 0.9177 
     H7395.2  5 0.0118 0.0263 0.0138 0.9482 
     H7395.3  5 0.0380 0.0461 0.0150 0.9009 
     H7395.4  5 0.0181 0.1679 0.0196 0.7944 
     H7395.5  5 0.0333 0.0224 0.0091 0.9352 
     H7395.6  5 0.0267 0.0696 0.0104 0.8933 
     H7395.7  5 0.0458 0.1554 0.0236 0.7751 
     H7395.8  5 0.0273 0.0269 0.0304 0.9153 
     H7395.9  5 0.0361 0.0486 0.0285 0.8867 
      H742.1  5 0.0745 0.7706 0.1302 0.0247 
      H742.2  5 0.1018 0.0904 0.7875 0.0202 
      H742.3  5 0.0258 0.8893 0.0433 0.0415 
      H958.1  5 0.0190 0.9157 0.0540 0.0113 
      H958.2  5 0.0382 0.9303 0.0212 0.0104 
      H958.3  5 0.0433 0.9103 0.0340 0.0124 
      H958.4  5 0.0144 0.9309 0.0453 0.0094 
      H958.5  5 0.0339 0.8659 0.0849 0.0152 
      H958.6  5 0.0388 0.9198 0.0288 0.0126 
      H958.7  5 0.0400 0.9087 0.0410 0.0102 
      H452.1 10 0.0128 0.0238 0.9480 0.0154 
     H452.10 10 0.0165 0.0187 0.9354 0.0294 
      H452.2 10 0.1250 0.3307 0.4727 0.0716 
      H452.3 10 0.0168 0.0179 0.9516 0.0136 
      H452.4 10 0.0129 0.0096 0.9591 0.0184 
      H452.5 10 0.0289 0.0356 0.9167 0.0187 
      H452.6 10 0.0371 0.7237 0.1895 0.0497 
      H452.7 10 0.0363 0.1249 0.7907 0.0481 
      H452.8 10 0.0467 0.0603 0.8426 0.0504 
      H452.9 10 0.0116 0.0123 0.9521 0.0241 
      H473.1 10 0.0989 0.8524 0.0285 0.0202 
      H473.2 10 0.8677 0.0315 0.0199 0.0810 
      H473.3 10 0.8986 0.0284 0.0137 0.0594 
      H473.4 10 0.8619 0.0277 0.0258 0.0845 
      H473.5 10 0.7918 0.1260 0.0116 0.0705 
      H473.6 10 0.8990 0.0355 0.0173 0.0482 
      H473.7 10 0.8378 0.0888 0.0158 0.0576 
      H473.8 10 0.7944 0.0569 0.0124 0.1362 
      H487.1 10 0.0108 0.0096 0.9721 0.0075 
      H487.2 10 0.0172 0.0227 0.9445 0.0156 
      H487.3 10 0.0110 0.0253 0.9492 0.0145 
      H487.4 10 0.0139 0.0416 0.9234 0.0211 
      H487.5 10 0.0097 0.0112 0.9710 0.0082 
      H703.1 10 0.0445 0.0892 0.1095 0.7567 
     H703.10 10 0.0949 0.2456 0.4470 0.2125 
      H703.2 10 0.0659 0.3112 0.3711 0.2518 
      H703.3 10 0.0672 0.2117 0.2925 0.4286 
      H703.4 10 0.1404 0.1110 0.6487 0.0999 
      H703.5 10 0.6093 0.1497 0.2199 0.0211 
      H703.6 10 0.1081 0.7492 0.1036 0.0391 
      H703.7 10 0.2757 0.0638 0.1393 0.5212 
      H703.8 10 0.0178 0.1137 0.8488 0.0197 
      H703.9 10 0.0243 0.6491 0.2862 0.0403 
      H705.1 10 0.0583 0.0777 0.8467 0.0172 
      H705.2 10 0.0336 0.0203 0.9264 0.0196 
      H705.3 10 0.0120 0.0175 0.9581 0.0124 
      H705.4 10 0.0151 0.0165 0.9537 0.0148 
      H705.5 10 0.0165 0.0098 0.9582 0.0155 
      H705.6 10 0.0150 0.0160 0.9353 0.0337 
      H705.7 10 0.0860 0.0438 0.8557 0.0145 
     H7352.1 10 0.0189 0.0818 0.0383 0.8609 
     H7352.2 10 0.0080 0.0188 0.8597 0.1135 
     H7352.3 10 0.0130 0.6939 0.2298 0.0634 
     H7352.4 10 0.0123 0.7221 0.2021 0.0634 
     H7352.5 10 0.0129 0.0311 0.0477 0.9083 
     H7352.6 10 0.0174 0.0646 0.1312 0.7867 
     H7352.7 10 0.0128 0.0825 0.7552 0.1495 
     H7354.1 10 0.0398 0.6839 0.0299 0.2464 
     H7354.2 10 0.0522 0.7300 0.0893 0.1286 
     H7354.3 10 0.0367 0.5490 0.1831 0.2312 
     H7354.4 10 0.0479 0.7979 0.0641 0.0901 
     H7354.5 10 0.0685 0.2674 0.1095 0.5547 
     H7354.6 10 0.0462 0.3814 0.5449 0.0276 
     H7354.7 10 0.0171 0.8560 0.0887 0.0382 
     H7359.1 10 0.1246 0.2290 0.2214 0.4250 
     H7359.2 10 0.0672 0.6012 0.3149 0.0167 
     H7359.3 10 0.0646 0.1352 0.7779 0.0223 
     H7359.4 10 0.0343 0.8654 0.0463 0.0540 
     H7359.5 10 0.0380 0.3573 0.5770 0.0277 
      H909.1 10 0.0175 0.2497 0.7146 0.0181 
      H909.2 10 0.0196 0.0253 0.9406 0.0144 
      H909.3 10 0.0085 0.0139 0.9625 0.0150 
      H909.4 10 0.0155 0.0221 0.9499 0.0124 
      H909.6 10 0.0215 0.2969 0.6552 0.0264 
      H909.8 10 0.0168 0.0548 0.9155 0.0130 
      H909.9 10 0.0181 0.1585 0.7591 0.0643 
     H9555.1 10 0.0120 0.0202 0.9568 0.0110 
     H9555.2 10 0.0290 0.0183 0.9289 0.0238 
     H9555.3 10 0.0443 0.0578 0.8801 0.0178 
     H9555.4 10 0.0122 0.0364 0.9423 0.0090 
     H9555.5 10 0.0205 0.0188 0.9414 0.0194 
     H9555.6 10 0.1758 0.2802 0.4881 0.0559 
     H9555.7 10 0.0559 0.1992 0.7194 0.0255 
     H9703.1 10 0.0241 0.0811 0.8797 0.0151 
     H9703.2 10 0.0581 0.0485 0.8791 0.0142 
     H9703.3 10 0.0309 0.2657 0.6856 0.0178 
     H9703.4 10 0.0161 0.1513 0.8140 0.0185 
     H9703.5 10 0.1298 0.4248 0.2659 0.1794 
     H9707.1 10 0.0813 0.1674 0.0586 0.6926 
     H9707.2 10 0.0485 0.2788 0.1651 0.5075 
     H9707.3 10 0.2220 0.1870 0.0867 0.5043 
     H9707.4 10 0.0169 0.0230 0.9402 0.0199 
     H9707.5 10 0.0621 0.1730 0.0768 0.6881 
     H9707.6 10 0.3981 0.0826 0.4494 0.0699 
     H9707.7 10 0.1029 0.2278 0.2444 0.4249 
     H9707.8 10 0.3287 0.0742 0.1589 0.4382 
     HSAA4.1 10 0.0239 0.0154 0.9254 0.0353 
     HSAA4.2 10 0.0210 0.0227 0.9316 0.0247 
     HSAA4.3 10 0.0161 0.0244 0.9474 0.0120 
     HSAA4.4 10 0.0270 0.0466 0.8262 0.1001 
     HSAA4.5 10 0.0096 0.0332 0.9335 0.0237 
     HSAA4.6 10 0.0090 0.0130 0.9669 0.0111 
     HSAA4.7 10 0.0067 0.0174 0.9657 0.0102 
   saaRTON.1 10 0.0298 0.2963 0.6518 0.0222 
  saaRTON.10 10 0.0158 0.0268 0.9388 0.0187 
   saaRTON.2 10 0.0247 0.3079 0.6513 0.0160 
   saaRTON.3 10 0.0156 0.0514 0.9054 0.0276 
   saaRTON.4 10 0.0134 0.0135 0.9536 0.0196 
   saaRTON.5 10 0.0130 0.0183 0.9546 0.0141 
   saaRTON.6 10 0.0547 0.3691 0.5469 0.0293 
   saaRTON.7 10 0.3172 0.0239 0.6263 0.0325 
   saaRTON.8 10 0.0125 0.0213 0.9471 0.0191 
   saaRTON.9 10 0.0143 0.0728 0.9003 0.0127 
      H005.1 11 0.0218 0.7808 0.1814 0.0160 
      H005.2 11 0.4631 0.3965 0.0681 0.0723 
      H005.3 11 0.0192 0.8261 0.1350 0.0197 
      H005.4 11 0.1003 0.7989 0.0613 0.0395 
      H005.5 11 0.0508 0.4635 0.4191 0.0666 
      H005.6 11 0.2269 0.4994 0.0254 0.2482 
      H005.7 11 0.1157 0.6652 0.1889 0.0302 
      H005.8 11 0.0390 0.8121 0.1037 0.0452 
      H005.9 11 0.4000 0.4711 0.0759 0.0529 
      H031.1 11 0.0606 0.5285 0.0438 0.3672 
      H031.2 11 0.0204 0.4260 0.5210 0.0327 
      H031.3 11 0.2696 0.4561 0.1758 0.0985 
      H031.4 11 0.0386 0.5558 0.2970 0.1086 
      H031.5 11 0.1189 0.2763 0.5022 0.1025 
      H031.6 11 0.0280 0.6373 0.1496 0.1852 
      H031.7 11 0.2771 0.2437 0.2732 0.2060 
      H031.8 11 0.0300 0.6201 0.1716 0.1783 
      H136.1 11 0.0488 0.9108 0.0142 0.0262 
      H136.2 11 0.4338 0.4330 0.0942 0.0390 
      H136.3 11 0.5567 0.2993 0.0275 0.1164 
      H136.4 11 0.0533 0.8648 0.0327 0.0492 
      H153.1 11 0.0222 0.9426 0.0181 0.0171 
      H153.2 11 0.0269 0.8867 0.0419 0.0445 
      H153.3 11 0.0204 0.9123 0.0205 0.0468 
      H153.4 11 0.0206 0.8411 0.1182 0.0201 
      H167.1 11 0.6497 0.1203 0.0491 0.1809 
      H167.2 11 0.2248 0.0647 0.0387 0.6718 
      H167.3 11 0.1345 0.0394 0.0348 0.7913 
      H167.4 11 0.4203 0.4609 0.0889 0.0299 
      H167.5 11 0.2362 0.3220 0.1126 0.3292 
      H167.6 11 0.0777 0.1060 0.0278 0.7885 
      H167.7 11 0.0967 0.4445 0.3807 0.0781 
      H167.8 11 0.2496 0.4396 0.1017 0.2090 
      H173.1 11 0.1292 0.7516 0.1021 0.0171 
      H173.2 11 0.1008 0.7746 0.0356 0.0890 
      H173.3 11 0.1240 0.7548 0.0957 0.0255 
      H173.4 11 0.1222 0.8077 0.0425 0.0276 
      H173.5 11 0.3141 0.5994 0.0341 0.0523 
 H194.1_2003 11 0.0518 0.1586 0.7730 0.0165 
 H194.2_2003 11 0.0258 0.0589 0.8968 0.0185 
 H194.3_2003 11 0.0227 0.0669 0.8910 0.0193 
 H194.4_2003 11 0.0232 0.0416 0.9071 0.0281 
 H194.5_2003 11 0.0856 0.1410 0.7504 0.0230 
 H194.6_2003 11 0.0575 0.0424 0.8798 0.0203 
 H194.7_2003 11 0.0789 0.0670 0.8305 0.0236 
 H194.8_2003 11 0.0560 0.0700 0.8460 0.0279 
      H196.1 11 0.0141 0.0078 0.6958 0.2823 
      H196.2 11 0.0855 0.0229 0.6536 0.2380 
      H196.3 11 0.0267 0.0300 0.1859 0.7574 
      H196.4 11 0.0138 0.0129 0.9187 0.0546 
      H196.5 11 0.1731 0.0119 0.6341 0.1809 
      H196.6 11 0.0282 0.0098 0.9473 0.0147 
 H356.1_2001 11 0.7705 0.0496 0.1641 0.0158 
 H356.1_2002 11 0.8749 0.0345 0.0338 0.0568 
 H356.2_2001 11 0.2592 0.6862 0.0293 0.0252 
