      H008.1  2 0.0106 0.0064 0.0117 0.0060 0.0100 0.0173 0.0565 0.7270 0.0132 0.0629 0.0061 0.0143 0.0105 0.0091 0.0189 0.0103 0.0092 
      H008.2  2 0.0526 0.0612 0.0344 0.0431 0.0140 0.0428 0.0567 0.0286 0.0104 0.5173 0.0122 0.0326 0.0165 0.0149 0.0350 0.0070 0.0208 
      H008.3  2 0.0272 0.0645 0.0178 0.0232 0.0371 0.0950 0.1288 0.0384 0.0179 0.3820 0.0324 0.0543 0.0135 0.0300 0.0196 0.0120 0.0066 
      H008.4  2 0.0145 0.0208 0.0101 0.0468 0.0454 0.0185 0.0519 0.5355 0.0109 0.0957 0.0118 0.0098 0.0255 0.0653 0.0187 0.0102 0.0087 
      H008.5  2 0.0089 0.0188 0.0110 0.0195 0.0362 0.0202 0.0351 0.6341 0.0075 0.1012 0.0296 0.0142 0.0145 0.0249 0.0087 0.0067 0.0089 
      H008.6  2 0.0151 0.0304 0.0155 0.0602 0.0182 0.0349 0.0527 0.0758 0.0181 0.5511 0.0119 0.0042 0.0248 0.0305 0.0456 0.0051 0.0057 
      H008.7  2 0.0248 0.0136 0.0064 0.0590 0.0591 0.0259 0.0668 0.1871 0.0094 0.3609 0.0134 0.0423 0.0247 0.0449 0.0338 0.0114 0.0166 
      H008.8  2 0.2963 0.0296 0.0154 0.0123 0.0119 0.0134 0.2391 0.0825 0.0244 0.0366 0.0072 0.0341 0.0120 0.0157 0.1422 0.0095 0.0179 
      H008.9  2 0.0250 0.0287 0.0124 0.1517 0.0155 0.0187 0.0824 0.0164 0.0149 0.3726 0.0114 0.0124 0.0141 0.0579 0.1517 0.0072 0.0069 
 H029.1_2002  2 0.0176 0.0049 0.0075 0.0173 0.0839 0.0103 0.0201 0.6741 0.0126 0.0077 0.0151 0.0102 0.0288 0.0306 0.0399 0.0063 0.0130 
 H029.1_2003  2 0.0174 0.0092 0.0146 0.0176 0.1805 0.0204 0.3510 0.1435 0.0109 0.0245 0.0422 0.0064 0.0164 0.0993 0.0250 0.0045 0.0166 
 H029.2_2002  2 0.0054 0.0159 0.0077 0.0336 0.0186 0.0474 0.0407 0.6231 0.0124 0.0293 0.0380 0.0362 0.0098 0.0563 0.0058 0.0053 0.0143 
 H029.2_2003  2 0.0130 0.0203 0.0231 0.0286 0.0411 0.0792 0.3239 0.2468 0.0265 0.0178 0.0784 0.0078 0.0084 0.0551 0.0111 0.0044 0.0144 
 H029.3_2002  2 0.0146 0.0146 0.0192 0.0891 0.0123 0.0166 0.2767 0.3363 0.0132 0.0108 0.0346 0.0348 0.0171 0.0712 0.0065 0.0053 0.0269 
 H029.3_2003  2 0.0073 0.0047 0.0169 0.0074 0.0632 0.0160 0.1359 0.5713 0.0059 0.0246 0.0508 0.0072 0.0082 0.0385 0.0052 0.0056 0.0314 
 H029.4_2002  2 0.0076 0.0044 0.0066 0.0136 0.0344 0.0070 0.0522 0.7915 0.0044 0.0076 0.0049 0.0127 0.0104 0.0132 0.0045 0.0050 0.0200 
 H029.4_2003  2 0.0188 0.0094 0.0148 0.0167 0.3770 0.0108 0.3092 0.1108 0.0124 0.0098 0.0073 0.0053 0.0080 0.0111 0.0136 0.0040 0.0610 
 H029.5_2002  2 0.0068 0.0035 0.0063 0.0067 0.0650 0.0067 0.0071 0.7970 0.0080 0.0135 0.0115 0.0115 0.0076 0.0244 0.0082 0.0084 0.0079 
 H029.5_2003  2 0.0152 0.0037 0.0069 0.0118 0.1629 0.0252 0.2392 0.4169 0.0074 0.0294 0.0081 0.0053 0.0091 0.0284 0.0077 0.0034 0.0195 
 H029.6_2002  2 0.0117 0.0075 0.0073 0.0344 0.0530 0.0115 0.1763 0.5707 0.0048 0.0059 0.0238 0.0207 0.0076 0.0278 0.0045 0.0089 0.0237 
 H029.6_2003  2 0.0217 0.0066 0.0146 0.0084 0.0322 0.0591 0.0788 0.5030 0.0319 0.0096 0.0257 0.0113 0.0075 0.1264 0.0129 0.0120 0.0385 
      H029.7  2 0.0050 0.0170 0.0052 0.0212 0.0258 0.0155 0.0244 0.7827 0.0104 0.0091 0.0071 0.0201 0.0102 0.0140 0.0087 0.0040 0.0196 
      H030.1  2 0.0074 0.0095 0.1795 0.0049 0.0213 0.0240 0.0097 0.0185 0.0148 0.0508 0.5576 0.0094 0.0114 0.0091 0.0080 0.0262 0.0380 
      H030.2  2 0.0129 0.0045 0.2590 0.0553 0.0262 0.0065 0.0091 0.0633 0.0081 0.0345 0.0336 0.1339 0.2880 0.0056 0.0121 0.0296 0.0178 
      H038.1  2 0.0078 0.0116 0.0060 0.0220 0.0043 0.0054 0.0141 0.8717 0.0056 0.0039 0.0062 0.0043 0.0069 0.0091 0.0088 0.0031 0.0092 
      H038.2  2 0.0044 0.0029 0.0068 0.0060 0.0059 0.0070 0.0067 0.9021 0.0077 0.0075 0.0050 0.0050 0.0073 0.0040 0.0032 0.0122 0.0062 
      H038.3  2 0.0093 0.0055 0.0176 0.0371 0.0051 0.0051 0.0060 0.7914 0.0290 0.0151 0.0073 0.0071 0.0231 0.0063 0.0075 0.0108 0.0166 
      H038.4  2 0.0081 0.0041 0.0055 0.0247 0.0049 0.0044 0.0056 0.8523 0.0121 0.0134 0.0066 0.0082 0.0119 0.0071 0.0049 0.0132 0.0129 
      H038.5  2 0.0186 0.0032 0.0153 0.0186 0.0081 0.0064 0.0098 0.8066 0.0051 0.0089 0.0056 0.0088 0.0048 0.0082 0.0048 0.0087 0.0586 
      H038.6  2 0.0076 0.0037 0.0091 0.0116 0.0073 0.0114 0.0153 0.8842 0.0059 0.0066 0.0076 0.0041 0.0058 0.0052 0.0042 0.0029 0.0074 
      H038.7  2 0.0071 0.0031 0.0103 0.0092 0.0038 0.0051 0.0107 0.8758 0.0180 0.0071 0.0065 0.0034 0.0103 0.0042 0.0058 0.0039 0.0159 
      H038.8  2 0.0067 0.0045 0.0082 0.0556 0.0045 0.0046 0.0062 0.8258 0.0151 0.0060 0.0047 0.0084 0.0122 0.0055 0.0045 0.0178 0.0095 
      H041.1  2 0.0053 0.0178 0.0066 0.0160 0.4871 0.0092 0.0159 0.0678 0.0459 0.0736 0.0093 0.0631 0.0094 0.0120 0.0134 0.0120 0.1355 
      H041.2  2 0.0059 0.0068 0.0077 0.0125 0.7782 0.0079 0.0098 0.0250 0.0139 0.0436 0.0141 0.0063 0.0141 0.0285 0.0118 0.0060 0.0079 
      H041.4  2 0.0081 0.0160 0.0100 0.0228 0.4803 0.0059 0.0343 0.1765 0.0129 0.0604 0.0167 0.0135 0.0108 0.0596 0.0290 0.0140 0.0292 
      H041.6  2 0.0090 0.0227 0.0088 0.0103 0.6841 0.0050 0.0170 0.0689 0.0269 0.0207 0.0133 0.0097 0.0193 0.0370 0.0306 0.0082 0.0087 
 H042.1_2002  2 0.0079 0.0089 0.0061 0.0100 0.8474 0.0112 0.0103 0.0063 0.0064 0.0061 0.0117 0.0076 0.0147 0.0087 0.0138 0.0169 0.0061 
 H042.1_2003  2 0.0228 0.0173 0.0292 0.1077 0.0681 0.0580 0.0219 0.0629 0.0824 0.2475 0.0817 0.0150 0.0772 0.0214 0.0597 0.0198 0.0072 
 H042.2_2002  2 0.0132 0.0081 0.0063 0.0301 0.3750 0.0147 0.1971 0.1420 0.0045 0.0076 0.0169 0.0075 0.0845 0.0453 0.0042 0.0080 0.0350 
 H042.2_2003  2 0.0057 0.0108 0.0089 0.0055 0.8292 0.0106 0.0079 0.0301 0.0123 0.0099 0.0119 0.0033 0.0124 0.0128 0.0143 0.0099 0.0045 
 H042.3_2002  2 0.0140 0.0104 0.0112 0.0133 0.6070 0.0129 0.0338 0.0072 0.0085 0.0100 0.0149 0.0052 0.1885 0.0197 0.0106 0.0146 0.0183 
 H042.3_2003  2 0.0126 0.0133 0.0123 0.0207 0.4854 0.0237 0.0610 0.0263 0.0154 0.0141 0.0109 0.0153 0.1624 0.0111 0.0223 0.0185 0.0745 
 H042.4_2002  2 0.0039 0.0053 0.0087 0.0130 0.8439 0.0067 0.0105 0.0183 0.0060 0.0068 0.0114 0.0070 0.0045 0.0135 0.0063 0.0200 0.0144 
 H042.4_2003  2 0.0048 0.0157 0.0061 0.0066 0.6789 0.0087 0.0113 0.0522 0.0322 0.0108 0.0655 0.0135 0.0072 0.0192 0.0122 0.0162 0.0388 
      H042.5  2 0.0032 0.0091 0.0043 0.0029 0.9009 0.0054 0.0078 0.0076 0.0051 0.0079 0.0110 0.0048 0.0047 0.0062 0.0060 0.0061 0.0070 
      H042.6  2 0.0086 0.0437 0.0053 0.0133 0.6161 0.0083 0.0722 0.0154 0.0076 0.0069 0.1197 0.0096 0.0113 0.0084 0.0088 0.0077 0.0371 
      H042.7  2 0.0104 0.0081 0.0061 0.0056 0.6227 0.0072 0.0111 0.0223 0.0146 0.0090 0.0404 0.0066 0.1192 0.0436 0.0147 0.0361 0.0222 
      H042.8  2 0.0061 0.0113 0.0041 0.0115 0.8351 0.0117 0.0166 0.0063 0.0047 0.0101 0.0075 0.0038 0.0318 0.0155 0.0070 0.0061 0.0107 
   H042_2002  2 0.0204 0.0629 0.0100 0.0434 0.2081 0.0222 0.1214 0.0682 0.0456 0.0407 0.0279 0.0052 0.2132 0.0242 0.0288 0.0121 0.0458 
   H042_2003  2 0.0256 0.0670 0.0099 0.0338 0.1700 0.0300 0.1220 0.0759 0.0431 0.0376 0.0247 0.0044 0.2423 0.0230 0.0298 0.0132 0.0477 
      H043.1  2 0.0156 0.0124 0.0100 0.0338 0.0048 0.0070 0.0110 0.0121 0.0286 0.0096 0.0087 0.0072 0.0066 0.0033 0.0050 0.0038 0.8205 
      H043.2  2 0.0659 0.0897 0.0070 0.1580 0.0067 0.0103 0.0483 0.0670 0.3005 0.0077 0.0055 0.0038 0.0079 0.0119 0.0294 0.0043 0.1760 
      H043.3  2 0.0253 0.0181 0.0057 0.0243 0.0082 0.0092 0.0139 0.1973 0.0640 0.0112 0.0118 0.0041 0.0417 0.0074 0.0238 0.0051 0.5289 
      H043.4  2 0.0096 0.0693 0.0073 0.0639 0.0066 0.0100 0.0253 0.0670 0.1854 0.0122 0.0168 0.0042 0.0155 0.0060 0.0221 0.0070 0.4717 
      H043.5  2 0.0363 0.0067 0.0075 0.2187 0.0102 0.0093 0.0806 0.0862 0.1741 0.0207 0.0067 0.0050 0.0215 0.0101 0.0247 0.0047 0.2771 
      H043.6  2 0.0227 0.0101 0.0098 0.1329 0.0089 0.0096 0.0227 0.2424 0.0179 0.0052 0.0112 0.0032 0.0186 0.0118 0.0356 0.0053 0.4322 
      H043.7  2 0.0126 0.0703 0.0069 0.0595 0.0045 0.0057 0.0112 0.0152 0.2618 0.0055 0.0104 0.0035 0.0191 0.0045 0.0380 0.0056 0.4655 
      H043.8  2 0.0859 0.0257 0.0146 0.0105 0.0048 0.0066 0.0149 0.0145 0.0644 0.0040 0.0057 0.0069 0.0172 0.0050 0.0194 0.0091 0.6907 
      H043.9  2 0.0086 0.0100 0.0059 0.0126 0.0050 0.0048 0.0093 0.0161 0.0092 0.0042 0.0076 0.0044 0.0071 0.0032 0.0047 0.0035 0.8839 
      H047.1  2 0.0058 0.0046 0.0060 0.0057 0.0064 0.0111 0.0114 0.3534 0.0083 0.5143 0.0067 0.0065 0.0344 0.0042 0.0125 0.0047 0.0040 
      H047.2  2 0.0056 0.0065 0.0058 0.0045 0.0072 0.0071 0.0079 0.0637 0.0186 0.7809 0.0270 0.0165 0.0078 0.0098 0.0112 0.0091 0.0108 
      H047.3  2 0.0056 0.0110 0.0068 0.0037 0.0192 0.0090 0.0089 0.0412 0.0136 0.7725 0.0252 0.0195 0.0160 0.0148 0.0110 0.0106 0.0115 
      H047.4  2 0.0061 0.0077 0.0072 0.0036 0.0416 0.0084 0.0166 0.1620 0.0544 0.5830 0.0234 0.0069 0.0249 0.0166 0.0184 0.0103 0.0088 
      H047.5  2 0.0056 0.0317 0.0066 0.0030 0.0087 0.0123 0.0260 0.1094 0.0128 0.6729 0.0177 0.0045 0.0398 0.0160 0.0084 0.0103 0.0143 
      H047.6  2 0.0039 0.0056 0.0042 0.0040 0.0282 0.0062 0.0058 0.0205 0.0077 0.8430 0.0132 0.0075 0.0165 0.0116 0.0094 0.0056 0.0071 
      H047.7  2 0.0055 0.0058 0.0048 0.0069 0.0189 0.0108 0.0101 0.3975 0.0084 0.4398 0.0068 0.0084 0.0501 0.0060 0.0083 0.0077 0.0042 
      H047.8  2 0.0060 0.0087 0.0052 0.0043 0.0355 0.0109 0.0119 0.0444 0.0134 0.7768 0.0149 0.0084 0.0254 0.0072 0.0137 0.0064 0.0069 
      H047.9  2 0.0065 0.0295 0.0073 0.0037 0.0212 0.0267 0.0204 0.2545 0.0107 0.4763 0.0121 0.0077 0.0599 0.0106 0.0102 0.0329 0.0099 
 H071.1_2002  2 0.0052 0.0075 0.0064 0.0055 0.0053 0.0069 0.0069 0.8971 0.0084 0.0050 0.0093 0.0033 0.0089 0.0060 0.0066 0.0036 0.0079 
 H071.1_2003  2 0.0051 0.0521 0.0312 0.0110 0.0095 0.0110 0.0114 0.6831 0.0380 0.0123 0.0504 0.0038 0.0140 0.0151 0.0315 0.0059 0.0146 
     H071.10  2 0.0193 0.0041 0.0235 0.0073 0.0044 0.0035 0.0083 0.8700 0.0036 0.0030 0.0047 0.0077 0.0073 0.0035 0.0047 0.0067 0.0181 
 H071.2_2002  2 0.0105 0.0116 0.0083 0.0084 0.0061 0.0101 0.0112 0.8625 0.0098 0.0078 0.0056 0.0031 0.0101 0.0103 0.0132 0.0044 0.0069 
 H071.2_2003  2 0.0036 0.0054 0.0048 0.0030 0.0055 0.0053 0.0055 0.9296 0.0040 0.0043 0.0055 0.0036 0.0046 0.0036 0.0051 0.0031 0.0036 
      H071.3  2 0.0109 0.0055 0.0241 0.0073 0.0090 0.0038 0.0108 0.8567 0.0109 0.0085 0.0075 0.0082 0.0096 0.0039 0.0038 0.0091 0.0103 
 H071.4_2002  2 0.0233 0.0080 0.0168 0.0144 0.0056 0.0064 0.0099 0.8075 0.0068 0.0047 0.0057 0.0074 0.0090 0.0082 0.0069 0.0156 0.0439 
 H071.4_2003  2 0.0139 0.0045 0.0084 0.0028 0.0055 0.0056 0.0056 0.9120 0.0048 0.0065 0.0044 0.0043 0.0051 0.0026 0.0040 0.0057 0.0044 
 H071.5_2002  2 0.0067 0.0058 0.0069 0.0042 0.0039 0.0035 0.0062 0.9144 0.0048 0.0037 0.0058 0.0059 0.0060 0.0030 0.0043 0.0055 0.0093 
 H071.5_2003  2 0.0118 0.0065 0.0181 0.0037 0.0073 0.0079 0.0149 0.8458 0.0139 0.0067 0.0075 0.0043 0.0112 0.0055 0.0111 0.0079 0.0159 
 H071.6_2002  2 0.0412 0.0079 0.0077 0.0061 0.0036 0.0052 0.0203 0.8486 0.0053 0.0042 0.0054 0.0039 0.0147 0.0044 0.0058 0.0055 0.0101 
 H071.6_2003  2 0.0068 0.0053 0.0197 0.0031 0.0051 0.0051 0.0068 0.8826 0.0099 0.0043 0.0072 0.0036 0.0096 0.0035 0.0091 0.0044 0.0138 
 H071.7_2002  2 0.0069 0.0066 0.0041 0.0034 0.0041 0.0039 0.0065 0.9144 0.0059 0.0055 0.0078 0.0032 0.0105 0.0035 0.0061 0.0033 0.0043 
 H071.7_2003  2 0.0076 0.0076 0.0223 0.0039 0.0068 0.0078 0.0085 0.8629 0.0075 0.0048 0.0065 0.0043 0.0081 0.0038 0.0098 0.0095 0.0183 
      H071.8  2 0.0105 0.0123 0.0058 0.0063 0.0062 0.0065 0.0101 0.8833 0.0054 0.0070 0.0049 0.0034 0.0055 0.0107 0.0111 0.0038 0.0071 
      H071.9  2 0.0552 0.0191 0.0161 0.0133 0.0107 0.0050 0.0657 0.3614 0.0092 0.0117 0.0080 0.0072 0.0114 0.0235 0.0175 0.0108 0.3543 
 H081.1_2002  2 0.0039 0.0140 0.0058 0.0036 0.0052 0.0045 0.0080 0.8897 0.0046 0.0052 0.0130 0.0071 0.0062 0.0108 0.0065 0.0078 0.0041 
 H081.1_2003  2 0.0089 0.0150 0.0476 0.2389 0.0186 0.0159 0.0450 0.0469 0.0276 0.0216 0.3827 0.0138 0.0203 0.0419 0.0326 0.0133 0.0096 
 H081.2_2002  2 0.0042 0.0717 0.0042 0.0046 0.0061 0.0054 0.0077 0.8194 0.0073 0.0112 0.0103 0.0049 0.0056 0.0090 0.0148 0.0076 0.0059 
 H081.2_2003  2 0.0345 0.0616 0.6744 0.0075 0.0131 0.0118 0.0375 0.0345 0.0093 0.0107 0.0304 0.0235 0.0092 0.0051 0.0186 0.0100 0.0080 
 H081.3_2002  2 0.0093 0.0354 0.0135 0.0062 0.0067 0.0047 0.0111 0.8102 0.0116 0.0273 0.0089 0.0055 0.0057 0.0081 0.0169 0.0085 0.0104 
 H081.3_2003  2 0.0476 0.0398 0.5213 0.0135 0.0182 0.0168 0.0425 0.0177 0.0142 0.0134 0.0169 0.0113 0.0104 0.0134 0.0407 0.0145 0.1477 
 H081.4_2002  2 0.0074 0.0052 0.0105 0.0041 0.0064 0.0082 0.0092 0.8923 0.0065 0.0068 0.0100 0.0051 0.0077 0.0039 0.0055 0.0059 0.0053 
 H081.4_2003  2 0.0169 0.0329 0.2327 0.0122 0.0127 0.0221 0.0272 0.0161 0.0139 0.0088 0.4757 0.0079 0.0107 0.0273 0.0428 0.0179 0.0224 
 H081.5_2002  2 0.0060 0.0067 0.0119 0.0044 0.0059 0.0074 0.0098 0.8727 0.0086 0.0110 0.0177 0.0053 0.0071 0.0044 0.0107 0.0040 0.0064 
 H081.5_2003  2 0.0062 0.0262 0.0251 0.0112 0.0105 0.0093 0.0127 0.0221 0.0156 0.0092 0.7736 0.0065 0.0126 0.0183 0.0252 0.0092 0.0064 
      H081.6  2 0.0033 0.0128 0.0066 0.0046 0.0041 0.0052 0.0139 0.8889 0.0069 0.0041 0.0101 0.0040 0.0086 0.0087 0.0086 0.0058 0.0037 
      H081.7  2 0.0070 0.0878 0.0111 0.0044 0.0051 0.0040 0.0105 0.7861 0.0115 0.0079 0.0103 0.0066 0.0066 0.0066 0.0121 0.0131 0.0093 
      H081.8  2 0.0331 0.0071 0.0386 0.0138 0.0087 0.0056 0.0388 0.7469 0.0081 0.0117 0.0135 0.0167 0.0090 0.0106 0.0104 0.0146 0.0128 
      H083.1  2 0.0096 0.0080 0.0092 0.0087 0.0116 0.0101 0.0161 0.7729 0.0054 0.0104 0.0506 0.0408 0.0118 0.0131 0.0050 0.0050 0.0120 
      H083.2  2 0.0074 0.0137 0.0050 0.0066 0.0118 0.0071 0.0185 0.7179 0.0134 0.0485 0.0189 0.0315 0.0068 0.0075 0.0101 0.0100 0.0654 
      H083.4  2 0.0579 0.0185 0.0058 0.0113 0.0104 0.0054 0.0170 0.6441 0.0060 0.0218 0.0121 0.1234 0.0103 0.0068 0.0097 0.0142 0.0253 
      H083.5  2 0.0102 0.0137 0.0059 0.0236 0.0154 0.0084 0.0095 0.7020 0.0062 0.0193 0.0381 0.0797 0.0068 0.0417 0.0054 0.0060 0.0082 
      H083.6  2 0.0241 0.0102 0.0094 0.0117 0.0094 0.0109 0.0319 0.6638 0.0055 0.0067 0.0225 0.1081 0.0081 0.0524 0.0061 0.0123 0.0068 
      H083.7  2 0.0519 0.0175 0.0049 0.0112 0.0087 0.0067 0.0148 0.5111 0.0070 0.0181 0.0060 0.2792 0.0071 0.0096 0.0093 0.0255 0.0114 
      H083.8  2 0.0067 0.0134 0.0045 0.0087 0.0101 0.0084 0.0119 0.6821 0.0127 0.1005 0.0123 0.0313 0.0068 0.0096 0.0108 0.0146 0.0558 
      H083.9  2 0.0072 0.0069 0.0050 0.0111 0.0165 0.0080 0.0090 0.6859 0.0052 0.0170 0.0247 0.1572 0.0071 0.0222 0.0033 0.0067 0.0070 
      H084.1  2 0.0058 0.0063 0.7094 0.0708 0.0084 0.0129 0.0179 0.0115 0.0097 0.0095 0.0089 0.0079 0.0100 0.0306 0.0059 0.0113 0.0631 
      H084.2  2 0.0095 0.0046 0.5389 0.0482 0.0072 0.0113 0.0206 0.0081 0.0119 0.0062 0.0215 0.0057 0.0093 0.0070 0.0059 0.0053 0.2786 
      H084.3  2 0.0067 0.0087 0.3595 0.2444 0.0176 0.0189 0.0089 0.0095 0.0276 0.0111 0.0607 0.0127 0.0548 0.0361 0.0073 0.0935 0.0220 
      H084.4  2 0.0056 0.0041 0.3873 0.1938 0.0256 0.0108 0.0262 0.0094 0.0935 0.0231 0.0967 0.0062 0.0348 0.0269 0.0066 0.0215 0.0278 
      H084.5  2 0.0056 0.0088 0.5958 0.0247 0.0061 0.0122 0.0102 0.0071 0.0280 0.0240 0.0241 0.0070 0.1219 0.0780 0.0057 0.0221 0.0188 
      H084.6  2 0.0074 0.0098 0.6985 0.0513 0.0062 0.0060 0.0053 0.0067 0.0101 0.0205 0.0113 0.0227 0.0387 0.0403 0.0065 0.0497 0.0090 
      H084.7  2 0.0074 0.0051 0.7865 0.0119 0.0116 0.0104 0.0197 0.0090 0.0069 0.0060 0.0288 0.0051 0.0091 0.0089 0.0064 0.0090 0.0583 
      H084.8  2 0.0062 0.0084 0.6442 0.0734 0.0099 0.0132 0.0051 0.0050 0.0132 0.0243 0.0120 0.0080 0.0254 0.1061 0.0052 0.0308 0.0095 
 H085.1_2002  2 0.0059 0.8250 0.0130 0.0134 0.0087 0.0051 0.0294 0.0235 0.0046 0.0061 0.0127 0.0120 0.0089 0.0051 0.0064 0.0050 0.0152 
 H085.1_2003  2 0.0278 0.1440 0.0087 0.0179 0.0285 0.0061 0.0786 0.4137 0.0481 0.0120 0.0267 0.0700 0.0049 0.0145 0.0076 0.0167 0.0741 
 H085.2_2002  2 0.0177 0.3205 0.0179 0.0692 0.0158 0.0066 0.0387 0.0243 0.0161 0.0079 0.1119 0.1101 0.0257 0.0272 0.1302 0.0266 0.0337 
 H085.2_2003  2 0.0170 0.0220 0.0166 0.0101 0.0243 0.0176 0.0344 0.6001 0.0165 0.0377 0.1056 0.0387 0.0107 0.0085 0.0102 0.0079 0.0221 
 H085.3_2002  2 0.0077 0.7925 0.0043 0.0047 0.0158 0.0052 0.0090 0.0072 0.0335 0.0059 0.0449 0.0172 0.0044 0.0091 0.0206 0.0077 0.0104 
 H085.3_2003  2 0.0129 0.0351 0.0074 0.0039 0.0145 0.0087 0.0052 0.6501 0.1627 0.0117 0.0360 0.0072 0.0037 0.0056 0.0065 0.0122 0.0165 
 H085.4_2002  2 0.0179 0.4715 0.0166 0.0383 0.0198 0.0097 0.0461 0.1503 0.0089 0.0081 0.0218 0.0218 0.0192 0.0257 0.0673 0.0149 0.0422 
 H085.4_2003  2 0.0068 0.0101 0.0166 0.0061 0.1056 0.0078 0.0052 0.5709 0.0245 0.0093 0.1223 0.0059 0.0486 0.0117 0.0221 0.0167 0.0097 
 H085.5_2002  2 0.0055 0.8853 0.0039 0.0051 0.0084 0.0060 0.0074 0.0065 0.0165 0.0049 0.0058 0.0044 0.0045 0.0068 0.0122 0.0074 0.0094 
 H085.5_2003  2 0.0125 0.0208 0.0142 0.0062 0.0136 0.0136 0.0161 0.7595 0.0083 0.0142 0.0462 0.0384 0.0078 0.0044 0.0072 0.0078 0.0091 
 H085.6_2002  2 0.0074 0.8097 0.0063 0.0094 0.0071 0.0043 0.0308 0.0085 0.0185 0.0070 0.0227 0.0145 0.0057 0.0069 0.0172 0.0041 0.0199 
 H085.6_2003  2 0.0090 0.0318 0.0093 0.0075 0.0289 0.0144 0.0072 0.0833 0.5622 0.0289 0.0980 0.0050 0.0061 0.0244 0.0397 0.0177 0.0265 
 H085.7_2002  2 0.0101 0.3105 0.0107 0.0130 0.0219 0.0094 0.0132 0.0285 0.0177 0.0279 0.4339 0.0340 0.0076 0.0065 0.0371 0.0088 0.0092 
 H085.7_2003  2 0.0124 0.0216 0.0075 0.0097 0.0325 0.0141 0.0152 0.6838 0.0799 0.0164 0.0116 0.0121 0.0073 0.0066 0.0076 0.0194 0.0423 
 H085.8_2002  2 0.0375 0.1891 0.0121 0.0149 0.0182 0.0062 0.0182 0.0373 0.4035 0.0069 0.0803 0.0154 0.0102 0.0241 0.0948 0.0169 0.0144 
 H085.8_2003  2 0.0115 0.0416 0.0142 0.0168 0.1005 0.0138 0.0195 0.2192 0.0224 0.0457 0.2337 0.0940 0.0258 0.0166 0.0291 0.0318 0.0638 
      H085.9  2 0.0090 0.6831 0.0145 0.0286 0.0120 0.0091 0.0120 0.0415 0.0114 0.0063 0.0925 0.0147 0.0139 0.0076 0.0144 0.0110 0.0183 
      H088.1  2 0.0489 0.0242 0.0092 0.0090 0.5838 0.0188 0.0397 0.0119 0.0067 0.0151 0.0735 0.0110 0.0044 0.1012 0.0141 0.0184 0.0101 
      H088.2  2 0.0095 0.0222 0.0071 0.0084 0.4709 0.0081 0.0323 0.0059 0.0086 0.0171 0.2892 0.0126 0.0093 0.0653 0.0098 0.0094 0.0143 
      H088.3  2 0.0116 0.0101 0.0074 0.0084 0.4556 0.0118 0.0157 0.0050 0.0082 0.0165 0.3713 0.0072 0.0087 0.0366 0.0098 0.0051 0.0107 
      H088.4  2 0.0189 0.0055 0.0378 0.0069 0.7223 0.0120 0.0199 0.0158 0.0116 0.0064 0.0781 0.0038 0.0096 0.0104 0.0151 0.0038 0.0222 
      H088.5  2 0.0099 0.0054 0.0088 0.0070 0.8849 0.0064 0.0107 0.0044 0.0049 0.0077 0.0095 0.0045 0.0040 0.0143 0.0086 0.0043 0.0046 
      H088.6  2 0.0200 0.0041 0.0107 0.0057 0.8333 0.0081 0.0144 0.0089 0.0061 0.0130 0.0163 0.0056 0.0046 0.0287 0.0081 0.0059 0.0065 
      H088.7  2 0.0097 0.0131 0.0108 0.0078 0.5067 0.0093 0.0370 0.0308 0.0068 0.0536 0.2273 0.0077 0.0133 0.0280 0.0075 0.0058 0.0248 
      H088.8  2 0.0291 0.0086 0.0135 0.0072 0.7308 0.0109 0.0324 0.0430 0.0105 0.0258 0.0317 0.0075 0.0042 0.0196 0.0088 0.0093 0.0071 
      H091.1  2 0.0103 0.0063 0.0083 0.0061 0.7919 0.0067 0.0156 0.0199 0.0156 0.0078 0.0160 0.0177 0.0102 0.0102 0.0046 0.0077 0.0450 
      H091.2  2 0.0136 0.0059 0.0041 0.0030 0.7681 0.0081 0.0392 0.0191 0.0129 0.0098 0.0071 0.0435 0.0068 0.0064 0.0054 0.0149 0.0321 
      H109.1  2 0.0416 0.0274 0.0555 0.0271 0.0121 0.0093 0.1235 0.0148 0.0090 0.1254 0.0077 0.0839 0.0322 0.0271 0.0077 0.0114 0.3844 
      H109.2  2 0.0237 0.0054 0.4265 0.0151 0.0306 0.0062 0.1611 0.0558 0.0222 0.0293 0.0102 0.0144 0.0245 0.0174 0.0304 0.0161 0.1111 
      H109.3  2 0.0170 0.0039 0.0763 0.0098 0.0734 0.0188 0.0599 0.0199 0.1346 0.1391 0.0277 0.0105 0.0099 0.0192 0.0072 0.0196 0.3533 
      H109.4  2 0.1655 0.0086 0.1336 0.0336 0.0887 0.0088 0.1091 0.0151 0.0569 0.0219 0.0109 0.0114 0.0127 0.0129 0.0128 0.0172 0.2802 
      H109.5  2 0.0064 0.0049 0.0682 0.0048 0.4322 0.0084 0.0937 0.0802 0.0319 0.0201 0.0211 0.0046 0.0143 0.0600 0.0074 0.0063 0.1356 
      H109.6  2 0.0958 0.0104 0.3090 0.0251 0.0335 0.0120 0.0566 0.0373 0.0303 0.0929 0.0113 0.0113 0.0280 0.0484 0.0231 0.0405 0.1345 
      H126.1  2 0.0350 0.0775 0.0055 0.0084 0.0273 0.0341 0.4570 0.0064 0.0217 0.0105 0.0093 0.0064 0.1221 0.0171 0.1143 0.0071 0.0401 
      H126.2  2 0.0403 0.0352 0.0079 0.0240 0.0088 0.0130 0.6999 0.0215 0.0126 0.0389 0.0119 0.0118 0.0117 0.0051 0.0444 0.0065 0.0065 
      H126.3  2 0.0097 0.0068 0.0031 0.0060 0.0456 0.0074 0.7642 0.0093 0.0049 0.0062 0.0048 0.0075 0.0943 0.0093 0.0082 0.0050 0.0076 
      H126.4  2 0.0630 0.0153 0.0150 0.0161 0.0189 0.0381 0.4674 0.0258 0.0092 0.0171 0.0084 0.0167 0.0328 0.0171 0.2213 0.0090 0.0090 
      H126.5  2 0.0500 0.0259 0.0048 0.0051 0.0116 0.0346 0.5288 0.0958 0.0255 0.0072 0.0106 0.0065 0.0664 0.0069 0.1043 0.0094 0.0066 
      H126.6  2 0.0057 0.0521 0.0039 0.0049 0.0110 0.0061 0.7422 0.0702 0.0090 0.0126 0.0106 0.0040 0.0414 0.0045 0.0101 0.0040 0.0078 
      H126.7  2 0.0245 0.0228 0.0070 0.0035 0.0294 0.0103 0.1997 0.6158 0.0119 0.0101 0.0152 0.0076 0.0139 0.0043 0.0067 0.0071 0.0102 
      H130.1  2 0.0410 0.0085 0.0159 0.0058 0.0229 0.0267 0.0661 0.0058 0.0292 0.0154 0.0738 0.0106 0.0073 0.0119 0.6181 0.0102 0.0307 
      H130.2  2 0.0544 0.0114 0.2164 0.0118 0.0100 0.0171 0.0310 0.0212 0.0179 0.0524 0.3639 0.0314 0.0065 0.0106 0.0924 0.0283 0.0234 
      H130.3  2 0.0248 0.0062 0.0386 0.0047 0.0130 0.3395 0.0287 0.0224 0.0125 0.0389 0.3592 0.0048 0.0062 0.0087 0.0442 0.0202 0.0273 
      H130.4  2 0.0666 0.0205 0.0236 0.0199 0.0147 0.0641 0.0443 0.0072 0.0091 0.0260 0.0777 0.0229 0.0069 0.0126 0.4914 0.0273 0.0650 
      H130.5  2 0.0233 0.0211 0.0402 0.0065 0.0121 0.0075 0.0536 0.0284 0.0170 0.0082 0.5429 0.0179 0.0050 0.0113 0.1459 0.0354 0.0238 
      H133.1  2 0.0053 0.0116 0.0140 0.0222 0.0127 0.0143 0.0143 0.0158 0.0147 0.0109 0.0079 0.0065 0.0051 0.0100 0.0215 0.0051 0.8080 
      H133.2  2 0.0071 0.0310 0.0547 0.0073 0.0236 0.0129 0.0517 0.0086 0.0395 0.0162 0.0329 0.0051 0.0078 0.0134 0.0501 0.0060 0.6320 
      H133.3  2 0.0054 0.0161 0.0124 0.0347 0.0438 0.0078 0.0436 0.0131 0.0095 0.0094 0.0074 0.0074 0.0060 0.0225 0.0091 0.0078 0.7439 
      H133.4  2 0.0054 0.0113 0.0087 0.0101 0.0056 0.0076 0.0089 0.0084 0.0136 0.0157 0.0112 0.0049 0.0053 0.0064 0.0113 0.0052 0.8604 
      H133.5  2 0.0088 0.0212 0.0172 0.0067 0.0065 0.0098 0.0423 0.0054 0.0073 0.0061 0.0249 0.0075 0.0070 0.0072 0.0103 0.0038 0.8083 
      H133.6  2 0.0141 0.0227 0.0240 0.0070 0.0255 0.0091 0.0197 0.0074 0.0239 0.0078 0.0451 0.0096 0.0090 0.0138 0.0292 0.0080 0.7241 
      H133.7  2 0.0038 0.0133 0.0065 0.0292 0.0202 0.0077 0.0067 0.0126 0.0323 0.0271 0.0067 0.0074 0.0065 0.0132 0.0141 0.0148 0.7780 
      H133.8  2 0.0080 0.0514 0.0077 0.0173 0.0077 0.0107 0.0545 0.0063 0.0085 0.0124 0.0070 0.0079 0.0291 0.0077 0.0095 0.0045 0.7498 
      H133.9  2 0.0039 0.0095 0.0112 0.0258 0.0115 0.0179 0.0163 0.0095 0.0112 0.0089 0.0084 0.0068 0.0059 0.0090 0.0222 0.0055 0.8167 
      H147.1  2 0.0036 0.0657 0.1148 0.0247 0.0553 0.0033 0.0134 0.2879 0.0534 0.0421 0.1738 0.0320 0.0371 0.0465 0.0222 0.0164 0.0079 
      H147.2  2 0.0054 0.0113 0.0169 0.0057 0.0082 0.0036 0.0052 0.7670 0.0186 0.0071 0.0974 0.0060 0.0132 0.0106 0.0134 0.0063 0.0043 
      H147.3  2 0.0045 0.0249 0.0236 0.0044 0.0078 0.0072 0.0080 0.8222 0.0162 0.0057 0.0279 0.0069 0.0083 0.0100 0.0088 0.0090 0.0043 
      H147.4  2 0.0032 0.0098 0.0551 0.0185 0.0083 0.0039 0.0044 0.8220 0.0092 0.0112 0.0138 0.0118 0.0089 0.0069 0.0042 0.0053 0.0036 
      H147.5  2 0.0065 0.0201 0.0947 0.0066 0.0461 0.0125 0.0138 0.3994 0.0272 0.0104 0.2812 0.0248 0.0109 0.0261 0.0092 0.0061 0.0045 
      H147.6  2 0.0072 0.0137 0.1981 0.0073 0.0429 0.0124 0.0232 0.3029 0.0245 0.0150 0.2821 0.0277 0.0109 0.0109 0.0077 0.0084 0.0051 
      H147.7  2 0.0044 0.0088 0.0696 0.0257 0.0118 0.0065 0.0074 0.7507 0.0198 0.0163 0.0148 0.0190 0.0094 0.0155 0.0084 0.0085 0.0032 
      H147.8  2 0.0054 0.0130 0.1211 0.0220 0.0334 0.0043 0.0246 0.5762 0.0090 0.0182 0.1143 0.0237 0.0102 0.0118 0.0036 0.0041 0.0054 
      H147.9  2 0.0054 0.0162 0.0196 0.0062 0.0047 0.0064 0.0085 0.8387 0.0179 0.0069 0.0259 0.0075 0.0092 0.0085 0.0097 0.0050 0.0035 
      H148.1  2 0.0272 0.0070 0.0443 0.0366 0.0169 0.0046 0.0306 0.0122 0.0213 0.0219 0.0328 0.0243 0.0470 0.3119 0.3053 0.0404 0.0157 
      H148.2  2 0.0131 0.0156 0.0206 0.0250 0.0059 0.0057 0.0431 0.0122 0.0089 0.0123 0.0120 0.0149 0.0359 0.5415 0.0943 0.1211 0.0180 
      H148.3  2 0.0074 0.0089 0.0183 0.0302 0.0129 0.0091 0.0068 0.0081 0.0098 0.0166 0.0096 0.0062 0.0370 0.5120 0.0149 0.2875 0.0048 
      H148.4  2 0.0361 0.0115 0.0097 0.0307 0.0100 0.0095 0.0181 0.0142 0.0253 0.0104 0.0203 0.0079 0.0505 0.4803 0.1916 0.0601 0.0138 
      H148.5  2 0.0144 0.0060 0.0178 0.0126 0.0132 0.0077 0.0076 0.0057 0.0047 0.0073 0.0092 0.0066 0.0115 0.5392 0.0096 0.3220 0.0050 
      H148.6  2 0.0104 0.0098 0.0102 0.0664 0.0130 0.0045 0.0121 0.0091 0.0078 0.0088 0.0150 0.0250 0.0215 0.5002 0.0370 0.2414 0.0078 
      H148.7  2 0.0439 0.0056 0.0159 0.0207 0.0177 0.0124 0.0189 0.0070 0.0116 0.0175 0.0179 0.0109 0.0219 0.5356 0.0212 0.2052 0.0161 
      H148.8  2 0.0063 0.0060 0.0066 0.0127 0.0161 0.0047 0.0068 0.0052 0.0053 0.0044 0.0118 0.0051 0.0075 0.5434 0.0358 0.3179 0.0042 
      H148.9  2 0.0252 0.0488 0.0142 0.1039 0.0125 0.0127 0.0348 0.0078 0.0096 0.0573 0.0087 0.0196 0.1150 0.3416 0.0502 0.1175 0.0206 
   H166022.1  2 0.0044 0.0156 0.0252 0.0118 0.3636 0.0058 0.0177 0.0099 0.0070 0.0085 0.4407 0.0458 0.0084 0.0155 0.0081 0.0068 0.0053 
   H166022.2  2 0.0106 0.0125 0.0506 0.0127 0.0321 0.0113 0.0165 0.0272 0.0177 0.0316 0.6793 0.0404 0.0095 0.0111 0.0088 0.0217 0.0066 
   H166022.3  2 0.0169 0.0050 0.0119 0.0080 0.1287 0.0085 0.0115 0.0054 0.0054 0.0113 0.6034 0.1197 0.0043 0.0183 0.0096 0.0227 0.0097 
   H166022.4  2 0.0087 0.0056 0.0095 0.0055 0.1019 0.0142 0.0048 0.0047 0.0063 0.0056 0.7923 0.0110 0.0049 0.0092 0.0041 0.0053 0.0063 
   H166022.5  2 0.0052 0.0053 0.0254 0.0041 0.0398 0.0068 0.0095 0.0085 0.0059 0.0079 0.8391 0.0095 0.0063 0.0086 0.0060 0.0049 0.0071 
   H166022.6  2 0.0108 0.0069 0.0201 0.0266 0.1484 0.0109 0.0141 0.0066 0.0144 0.0329 0.5997 0.0280 0.0068 0.0209 0.0308 0.0068 0.0155 
   H166022.7  2 0.8710 0.0053 0.0182 0.0121 0.0062 0.0067 0.0131 0.0065 0.0083 0.0098 0.0062 0.0044 0.0056 0.0062 0.0102 0.0038 0.0065 
   H166022.8  2 0.0044 0.0186 0.0257 0.0067 0.0151 0.0119 0.0244 0.0098 0.0228 0.0097 0.7318 0.0255 0.0132 0.0073 0.0562 0.0061 0.0106 
   H167397.1  2 0.0073 0.0065 0.0202 0.4931 0.3078 0.0054 0.0091 0.0305 0.0125 0.0084 0.0297 0.0060 0.0171 0.0102 0.0148 0.0140 0.0074 
   H167397.2  2 0.0110 0.0572 0.0117 0.5193 0.0074 0.0080 0.0584 0.0260 0.0108 0.0104 0.0745 0.0382 0.0266 0.0263 0.0912 0.0126 0.0105 
   H167397.3  2 0.0058 0.0050 0.0188 0.5936 0.1392 0.0094 0.0260 0.0502 0.0113 0.0110 0.0121 0.0112 0.0433 0.0071 0.0334 0.0124 0.0101 
   H167397.4  2 0.0094 0.0370 0.0130 0.6201 0.0088 0.0084 0.0289 0.0217 0.0083 0.0380 0.0304 0.0239 0.0203 0.1032 0.0077 0.0138 0.0072 
   H167397.5  2 0.0265 0.0075 0.0421 0.6112 0.0313 0.0073 0.0186 0.0225 0.0226 0.0075 0.0801 0.0106 0.0224 0.0207 0.0466 0.0140 0.0085 
   H167397.6  2 0.0088 0.0146 0.0058 0.5858 0.0516 0.0181 0.0431 0.0378 0.0116 0.0162 0.0068 0.0110 0.1201 0.0217 0.0178 0.0100 0.0192 
   H167496.1  2 0.0230 0.0055 0.0177 0.0081 0.4027 0.0151 0.0290 0.0108 0.0244 0.0115 0.2034 0.0233 0.0148 0.0832 0.0090 0.0406 0.0780 
   H167496.2  2 0.0877 0.0159 0.0299 0.0173 0.0375 0.0178 0.0897 0.0719 0.0659 0.0733 0.0804 0.0101 0.0738 0.0667 0.0375 0.1312 0.0933 
   H167496.3  2 0.0111 0.0930 0.0078 0.0089 0.1007 0.0167 0.0155 0.0238 0.0186 0.0306 0.4854 0.0396 0.0094 0.0277 0.0248 0.0661 0.0204 
   H167496.4  2 0.0052 0.0094 0.0062 0.0048 0.2605 0.0074 0.0114 0.0105 0.0058 0.0062 0.6374 0.0084 0.0065 0.0064 0.0047 0.0042 0.0050 
   H167496.6  2 0.0086 0.0051 0.0116 0.0051 0.0670 0.0112 0.0094 0.0122 0.0369 0.0102 0.7841 0.0048 0.0089 0.0083 0.0080 0.0033 0.0054 
   H167496.7  2 0.0224 0.0072 0.0144 0.0058 0.1083 0.0184 0.0273 0.0140 0.2629 0.0343 0.1515 0.0266 0.0596 0.0173 0.0558 0.1479 0.0261 
   H167496.8  2 0.0044 0.0052 0.0089 0.0050 0.0783 0.0047 0.0064 0.0130 0.0165 0.0101 0.8014 0.0071 0.0122 0.0081 0.0065 0.0054 0.0070 
   H167513.1  2 0.0071 0.0053 0.0069 0.0063 0.0059 0.0060 0.0081 0.0055 0.0061 0.8850 0.0117 0.0088 0.0094 0.0048 0.0090 0.0041 0.0103 
   H167513.2  2 0.0058 0.0067 0.0062 0.0200 0.0282 0.0067 0.0070 0.0053 0.0132 0.8234 0.0095 0.0047 0.0126 0.0157 0.0078 0.0123 0.0152 
   H167513.3  2 0.0078 0.0037 0.0282 0.0075 0.0072 0.0127 0.0165 0.0078 0.0062 0.8444 0.0112 0.0089 0.0086 0.0037 0.0064 0.0104 0.0088 
   H167513.4  2 0.0065 0.0071 0.0171 0.0075 0.0131 0.0064 0.0086 0.0072 0.0092 0.6969 0.0416 0.0493 0.0113 0.0100 0.0107 0.0115 0.0861 
   H167513.5  2 0.0045 0.0073 0.0049 0.0132 0.0088 0.0036 0.0053 0.0046 0.0078 0.8899 0.0087 0.0060 0.0054 0.0113 0.0059 0.0049 0.0076 
   H167513.6  2 0.0067 0.0087 0.0226 0.0079 0.0213 0.0089 0.0082 0.0078 0.0064 0.8291 0.0178 0.0115 0.0102 0.0045 0.0070 0.0129 0.0082 
   H167513.7  2 0.0066 0.0064 0.0099 0.0219 0.0053 0.0054 0.0086 0.0093 0.0063 0.8340 0.0094 0.0237 0.0080 0.0041 0.0052 0.0044 0.0315 
   H167513.8  2 0.0100 0.0040 0.0208 0.0108 0.0045 0.0059 0.0054 0.0070 0.0077 0.8802 0.0099 0.0061 0.0054 0.0030 0.0042 0.0045 0.0106 
   H167547.1  2 0.0168 0.0084 0.0075 0.0327 0.2859 0.0187 0.0115 0.0099 0.0398 0.0144 0.0093 0.0219 0.0121 0.0278 0.0885 0.3846 0.0101 
   H167547.2  2 0.0061 0.0065 0.0060 0.0109 0.6381 0.0067 0.0080 0.0068 0.0210 0.0141 0.0052 0.0093 0.0134 0.0101 0.0146 0.2169 0.0062 
   H167547.3  2 0.0072 0.0083 0.0043 0.0126 0.6346 0.0095 0.0053 0.0110 0.0196 0.0117 0.0057 0.0095 0.0124 0.0077 0.0133 0.2216 0.0056 
   H167547.4  2 0.0393 0.0113 0.0097 0.0180 0.5201 0.0217 0.0180 0.0050 0.0156 0.0175 0.0117 0.1343 0.0062 0.0124 0.0925 0.0547 0.0121 
   H167547.5  2 0.0094 0.0056 0.0137 0.0098 0.7033 0.0073 0.0051 0.0093 0.0063 0.0101 0.0077 0.0095 0.0152 0.0980 0.0085 0.0755 0.0057 
   H167547.6  2 0.0070 0.0047 0.0163 0.0095 0.7257 0.0107 0.0047 0.0065 0.0070 0.0059 0.0066 0.0085 0.0137 0.1078 0.0080 0.0513 0.0061 
   H167547.7  2 0.0785 0.1031 0.0206 0.0150 0.0590 0.0212 0.0225 0.0288 0.0261 0.1159 0.0214 0.0245 0.0214 0.0309 0.0624 0.2650 0.0837 
   H169750.1  2 0.0211 0.0102 0.0151 0.0082 0.1258 0.0152 0.0463 0.0094 0.0235 0.0161 0.0127 0.0258 0.0151 0.0070 0.0375 0.0246 0.5864 
   H169750.2  2 0.0166 0.0160 0.0897 0.0529 0.0250 0.0341 0.0164 0.0679 0.0492 0.1073 0.1165 0.0065 0.0181 0.0300 0.0656 0.0101 0.2779 
   H169750.3  2 0.0295 0.0189 0.0366 0.0037 0.0323 0.0167 0.0193 0.0087 0.0203 0.0352 0.0079 0.0061 0.0049 0.0060 0.0104 0.0123 0.7310 
   H169750.4  2 0.0086 0.0153 0.0099 0.0542 0.0408 0.0645 0.0247 0.0128 0.0181 0.0496 0.1195 0.0038 0.0332 0.0474 0.0584 0.0129 0.4266 
   H169750.5  2 0.0082 0.0106 0.0111 0.0042 0.0255 0.0056 0.0581 0.0162 0.0114 0.0112 0.0176 0.0258 0.0060 0.0055 0.0142 0.0063 0.7623 
   H169750.6  2 0.0299 0.0229 0.0380 0.0085 0.0368 0.0202 0.0336 0.1566 0.0308 0.0208 0.0453 0.0111 0.0076 0.0124 0.0350 0.0097 0.4810 
   H169750.7  2 0.0477 0.0558 0.0225 0.0243 0.0274 0.0455 0.0408 0.0302 0.0578 0.1565 0.0724 0.0065 0.0276 0.0109 0.0245 0.0245 0.3253 
   H171929.1  2 0.0054 0.0208 0.0034 0.0212 0.0106 0.0057 0.0051 0.0060 0.0046 0.8591 0.0058 0.0054 0.0048 0.0190 0.0081 0.0088 0.0061 
  H171929.10  2 0.0056 0.0308 0.0161 0.0165 0.0210 0.0066 0.0086 0.0115 0.0116 0.7740 0.0082 0.0124 0.0102 0.0158 0.0125 0.0210 0.0179 
  H171929.11  2 0.0053 0.0159 0.0049 0.0293 0.0112 0.0096 0.0087 0.0061 0.0064 0.8518 0.0040 0.0033 0.0054 0.0158 0.0063 0.0059 0.0101 
   H171929.2  2 0.0044 0.0072 0.0051 0.0058 0.0109 0.0081 0.0058 0.0054 0.0064 0.7994 0.0059 0.0075 0.0042 0.0137 0.0093 0.0225 0.0784 
   H171929.3  2 0.0042 0.0068 0.0062 0.0082 0.0151 0.0059 0.0081 0.0096 0.0060 0.8732 0.0052 0.0075 0.0047 0.0075 0.0070 0.0093 0.0156 
   H171929.4  2 0.0066 0.0387 0.0078 0.0043 0.0191 0.0135 0.0161 0.0114 0.0106 0.7728 0.0090 0.0121 0.0047 0.0059 0.0209 0.0247 0.0218 
   H171929.5  2 0.0071 0.0068 0.0077 0.0097 0.0062 0.0068 0.0099 0.0063 0.0074 0.8726 0.0049 0.0050 0.0057 0.0072 0.0059 0.0051 0.0256 
   H171929.6  2 0.0076 0.0052 0.0053 0.0131 0.0054 0.0047 0.0066 0.0046 0.0079 0.8945 0.0040 0.0039 0.0051 0.0064 0.0069 0.0063 0.0124 
   H171929.7  2 0.0054 0.0225 0.0032 0.0043 0.0054 0.0060 0.0075 0.0069 0.0056 0.8906 0.0051 0.0045 0.0039 0.0061 0.0098 0.0076 0.0056 
   H171929.8  2 0.0048 0.0339 0.0055 0.0051 0.0100 0.0070 0.0066 0.0055 0.0069 0.8375 0.0067 0.0069 0.0048 0.0073 0.0170 0.0238 0.0106 
   H171929.9  2 0.0055 0.0382 0.0115 0.0040 0.0056 0.0055 0.0137 0.0102 0.0094 0.8245 0.0072 0.0071 0.0048 0.0045 0.0199 0.0085 0.0197 
   H171930.1  2 0.0196 0.0030 0.7227 0.0249 0.0099 0.0173 0.0117 0.0062 0.0110 0.1101 0.0131 0.0038 0.0070 0.0145 0.0151 0.0038 0.0062 
   H171930.2  2 0.0241 0.0080 0.7420 0.0063 0.0551 0.0110 0.0117 0.0120 0.0191 0.0173 0.0264 0.0084 0.0084 0.0136 0.0140 0.0099 0.0126 
   H171930.3  2 0.0239 0.0062 0.8281 0.0148 0.0126 0.0129 0.0131 0.0062 0.0071 0.0090 0.0103 0.0075 0.0084 0.0197 0.0058 0.0096 0.0047 
   H171930.4  2 0.0276 0.0031 0.8539 0.0076 0.0142 0.0082 0.0058 0.0046 0.0076 0.0059 0.0153 0.0078 0.0145 0.0080 0.0042 0.0063 0.0052 
   H171930.5  2 0.0657 0.0129 0.6196 0.0182 0.0267 0.0210 0.0268 0.0150 0.0136 0.0813 0.0158 0.0073 0.0088 0.0086 0.0346 0.0105 0.0136 
   H171930.6  2 0.0094 0.0033 0.8759 0.0048 0.0060 0.0100 0.0126 0.0152 0.0083 0.0050 0.0076 0.0048 0.0111 0.0066 0.0050 0.0065 0.0079 
   H171930.7  2 0.0092 0.0069 0.8640 0.0149 0.0074 0.0077 0.0084 0.0059 0.0095 0.0111 0.0111 0.0057 0.0104 0.0083 0.0070 0.0056 0.0070 
   H171930.8  2 0.0068 0.0037 0.8528 0.0074 0.0114 0.0071 0.0059 0.0085 0.0154 0.0168 0.0134 0.0043 0.0107 0.0153 0.0082 0.0051 0.0072 
   H171933.1  2 0.0074 0.0119 0.0205 0.0489 0.0477 0.0081 0.0168 0.0102 0.0076 0.0101 0.0099 0.6911 0.0177 0.0246 0.0125 0.0180 0.0370 
   H171933.2  2 0.0072 0.0467 0.0392 0.0744 0.1270 0.0065 0.0306 0.0134 0.0125 0.0154 0.0237 0.4367 0.0707 0.0326 0.0098 0.0135 0.0401 
   H171933.3  2 0.0096 0.0621 0.0325 0.0129 0.2281 0.0116 0.0205 0.0060 0.0104 0.0074 0.0082 0.3998 0.0254 0.0351 0.0151 0.0901 0.0252 
   H171933.4  2 0.0140 0.0325 0.0505 0.0056 0.0249 0.0327 0.0119 0.0100 0.0428 0.1189 0.0782 0.4616 0.0094 0.0138 0.0178 0.0612 0.0142 
   H171933.5  2 0.0193 0.0150 0.0598 0.0131 0.0467 0.1486 0.0123 0.0081 0.0504 0.0682 0.0694 0.1378 0.0195 0.0163 0.0455 0.2189 0.0512 
   H171933.6  2 0.0097 0.0112 0.0114 0.0060 0.1104 0.0144 0.0238 0.0207 0.0117 0.0060 0.1238 0.5748 0.0143 0.0111 0.0076 0.0130 0.0302 
   H171933.7  2 0.0145 0.0596 0.0969 0.0163 0.0153 0.0162 0.0182 0.0136 0.0176 0.0108 0.0231 0.4921 0.1429 0.0092 0.0134 0.0312 0.0090 
   H171933.8  2 0.0098 0.0700 0.1137 0.0383 0.0098 0.0075 0.0179 0.0183 0.0265 0.0631 0.0348 0.4430 0.0746 0.0162 0.0132 0.0287 0.0147 
   H171933.9  2 0.0123 0.0115 0.0411 0.0036 0.0100 0.0388 0.0073 0.0081 0.0137 0.0083 0.0501 0.7416 0.0085 0.0054 0.0076 0.0233 0.0089 
      H190.1  2 0.0249 0.0073 0.3540 0.0043 0.0345 0.0446 0.0694 0.0200 0.0781 0.0133 0.0484 0.0221 0.0148 0.0084 0.0334 0.2095 0.0132 
      H190.2  2 0.0104 0.0291 0.0300 0.0073 0.1887 0.0071 0.0209 0.0335 0.4551 0.0058 0.0191 0.0069 0.0421 0.0835 0.0243 0.0210 0.0152 
      H190.3  2 0.0210 0.0160 0.0260 0.0146 0.4170 0.0153 0.0225 0.0276 0.0348 0.0117 0.0242 0.0184 0.0144 0.1137 0.1584 0.0198 0.0446 
      H190.4  2 0.0212 0.0173 0.2181 0.0087 0.0853 0.0455 0.0221 0.0077 0.0169 0.0082 0.0218 0.0467 0.0045 0.0133 0.0253 0.4094 0.0277 
      H190.5  2 0.0156 0.0200 0.0274 0.0046 0.0524 0.0113 0.0500 0.0512 0.5826 0.0066 0.0484 0.0078 0.0463 0.0199 0.0119 0.0108 0.0332 
      H190.6  2 0.0157 0.0147 0.1153 0.0067 0.1621 0.0195 0.0203 0.0085 0.0155 0.0064 0.0129 0.0186 0.0049 0.0245 0.0234 0.5133 0.0178 
      H190.7  2 0.0085 0.1304 0.0151 0.0064 0.5801 0.0139 0.0106 0.0094 0.0538 0.0098 0.0184 0.0049 0.0062 0.0428 0.0376 0.0386 0.0135 
      H190.8  2 0.0209 0.0268 0.0422 0.0043 0.0230 0.0155 0.0525 0.0202 0.6542 0.0080 0.0276 0.0086 0.0289 0.0203 0.0122 0.0242 0.0104 
      H190.9  2 0.0069 0.0525 0.0190 0.0131 0.1199 0.0164 0.0099 0.0078 0.5186 0.0102 0.0461 0.0071 0.0135 0.0249 0.0267 0.0705 0.0370 
      H400.1  2 0.0061 0.0094 0.0298 0.0118 0.4590 0.0103 0.2102 0.0112 0.0073 0.0060 0.0398 0.0320 0.0309 0.0049 0.0197 0.0051 0.1065 
      H400.2  2 0.0092 0.0057 0.0148 0.0108 0.3196 0.0047 0.4694 0.0082 0.0050 0.0087 0.0285 0.0467 0.0261 0.0080 0.0057 0.0046 0.0242 
      H400.3  2 0.0101 0.0062 0.0602 0.0083 0.1572 0.0180 0.3310 0.0102 0.0158 0.0096 0.0430 0.0419 0.0180 0.0067 0.0234 0.0156 0.2248 
      H400.4  2 0.0131 0.0120 0.0546 0.0038 0.5225 0.0135 0.2042 0.0129 0.0087 0.0298 0.0335 0.0148 0.0140 0.0243 0.0076 0.0080 0.0228 
      H400.5  2 0.0092 0.0069 0.0435 0.0079 0.0909 0.0162 0.3167 0.0115 0.0061 0.0120 0.0097 0.2181 0.0111 0.0094 0.0115 0.0481 0.1713 
      H400.6  2 0.0039 0.0328 0.0166 0.0045 0.5047 0.0057 0.3175 0.0072 0.0054 0.0068 0.0156 0.0148 0.0217 0.0064 0.0160 0.0044 0.0158 
      H400.7  2 0.0081 0.0088 0.0319 0.0067 0.3871 0.0111 0.0758 0.0062 0.0071 0.0259 0.1104 0.1687 0.0309 0.0111 0.0306 0.0247 0.0549 
 H428.1_2005  2 0.0044 0.0050 0.0027 0.0037 0.0043 0.0044 0.0070 0.0053 0.0033 0.0054 0.0040 0.9310 0.0033 0.0037 0.0044 0.0039 0.0042 
 H428.1_2006  2 0.0032 0.0077 0.0036 0.0039 0.0089 0.0054 0.0067 0.0106 0.0060 0.0117 0.0076 0.8932 0.0103 0.0093 0.0046 0.0036 0.0037 
 H428.2_2005  2 0.0068 0.0038 0.0042 0.0047 0.0069 0.0039 0.0046 0.0042 0.0035 0.0049 0.0051 0.9198 0.0037 0.0058 0.0068 0.0061 0.0051 
 H428.2_2006  2 0.0057 0.0061 0.0064 0.0045 0.0059 0.0068 0.0064 0.0260 0.0040 0.0120 0.0226 0.8679 0.0060 0.0043 0.0033 0.0055 0.0066 
 H428.3_2005  2 0.0035 0.0048 0.0043 0.0027 0.0062 0.0038 0.0050 0.0045 0.0040 0.0051 0.0047 0.9272 0.0044 0.0055 0.0045 0.0057 0.0040 
 H428.3_2006  2 0.0060 0.0053 0.0056 0.0042 0.0062 0.0062 0.0085 0.0139 0.0061 0.0114 0.0198 0.8779 0.0110 0.0035 0.0040 0.0046 0.0059 
 H428.4_2005  2 0.0032 0.0038 0.0033 0.0036 0.0060 0.0043 0.0041 0.0046 0.0043 0.0064 0.0045 0.9279 0.0037 0.0065 0.0038 0.0058 0.0041 
 H428.4_2006  2 0.0023 0.0064 0.0029 0.0040 0.0038 0.0040 0.0045 0.0071 0.0036 0.0033 0.0041 0.9362 0.0036 0.0046 0.0034 0.0035 0.0026 
 H428.5_2005  2 0.0049 0.0051 0.0034 0.0043 0.0036 0.0034 0.0034 0.0058 0.0028 0.0053 0.0033 0.9377 0.0026 0.0039 0.0031 0.0043 0.0034 
 H428.6_2005  2 0.0038 0.0097 0.0039 0.0034 0.0036 0.0044 0.0086 0.0052 0.0041 0.0046 0.0046 0.9238 0.0038 0.0037 0.0052 0.0039 0.0039 
 H428.6_2006  2 0.0075 0.0092 0.0064 0.0116 0.0043 0.0113 0.0080 0.0100 0.0045 0.0117 0.0063 0.8866 0.0051 0.0055 0.0041 0.0029 0.0050 
      H428.7  2 0.0058 0.0048 0.0035 0.0029 0.0040 0.0039 0.0039 0.0041 0.0039 0.0034 0.0062 0.9360 0.0036 0.0035 0.0038 0.0032 0.0034 
      H428.8  2 0.0044 0.0042 0.0045 0.0049 0.0035 0.0051 0.0044 0.0056 0.0042 0.0044 0.0058 0.9318 0.0031 0.0034 0.0030 0.0043 0.0035 
      H428.9  2 0.0065 0.0041 0.0043 0.0050 0.0064 0.0030 0.0040 0.0041 0.0032 0.0052 0.0040 0.9310 0.0038 0.0042 0.0043 0.0038 0.0032 
      H453.1  2 0.0054 0.0052 0.0064 0.0040 0.0092 0.0063 0.0105 0.0114 0.0045 0.0069 0.9002 0.0066 0.0037 0.0057 0.0040 0.0040 0.0060 
      H453.2  2 0.0057 0.0073 0.0160 0.0033 0.0146 0.0047 0.0131 0.0051 0.0055 0.0045 0.8836 0.0059 0.0044 0.0056 0.0060 0.0045 0.0101 
      H453.3  2 0.0057 0.0100 0.0093 0.0033 0.0281 0.0047 0.0121 0.0052 0.0065 0.0067 0.8603 0.0142 0.0036 0.0063 0.0086 0.0062 0.0092 
      H453.4  2 0.0043 0.0043 0.0094 0.0028 0.0338 0.0053 0.0178 0.0051 0.0091 0.0047 0.8650 0.0073 0.0042 0.0045 0.0064 0.0040 0.0122 
      H453.5  2 0.0044 0.0036 0.0047 0.0035 0.0154 0.0059 0.0167 0.0102 0.0042 0.0033 0.8933 0.0081 0.0055 0.0065 0.0034 0.0039 0.0073 
      H453.6  2 0.0050 0.0046 0.0068 0.0042 0.0250 0.0050 0.0121 0.0157 0.0036 0.0043 0.8717 0.0200 0.0034 0.0062 0.0027 0.0033 0.0062 
      H453.7  2 0.0149 0.0940 0.0186 0.0044 0.0103 0.0063 0.0129 0.0439 0.0548 0.0131 0.6148 0.0100 0.0066 0.0069 0.0482 0.0245 0.0158 
      H453.8  2 0.0056 0.0093 0.0084 0.0046 0.0086 0.0062 0.0060 0.0137 0.0198 0.0100 0.8634 0.0032 0.0047 0.0065 0.0103 0.0091 0.0107 
