      H008.1  2 0.0068 0.0089 0.0091 0.0159 0.0077 0.0302 0.0116 0.0142 0.0110 0.0238 0.0175 0.0072 0.0080 0.0106 0.0361 0.7304 0.0082 0.0065 0.0082 0.0088 0.0194 
      H008.2  2 0.0315 0.0147 0.0237 0.0386 0.0103 0.0184 0.0212 0.0235 0.0396 0.0107 0.0105 0.0299 0.0128 0.0318 0.4506 0.1168 0.0116 0.0112 0.0061 0.0215 0.0647 
      H008.3  2 0.0385 0.0109 0.0156 0.0199 0.0096 0.0089 0.0465 0.0213 0.0785 0.1540 0.0159 0.0217 0.0197 0.0425 0.1185 0.2369 0.0232 0.0234 0.0085 0.0204 0.0656 
      H008.4  2 0.0135 0.0319 0.0174 0.0182 0.0236 0.0194 0.0166 0.0149 0.0131 0.0060 0.0113 0.0420 0.0090 0.0192 0.0447 0.6193 0.0260 0.0060 0.0108 0.0211 0.0159 
      H008.5  2 0.0083 0.0105 0.0078 0.0090 0.0051 0.0085 0.0219 0.0072 0.0076 0.0147 0.0076 0.0095 0.0086 0.0161 0.0104 0.7813 0.0120 0.0075 0.0050 0.0257 0.0156 
      H008.6  2 0.0204 0.0167 0.0341 0.0329 0.0131 0.0112 0.0185 0.0181 0.0045 0.0094 0.0058 0.0340 0.0143 0.0510 0.2559 0.3729 0.0109 0.0083 0.0036 0.0163 0.0483 
      H008.7  2 0.0173 0.0196 0.0288 0.0402 0.0177 0.0935 0.0136 0.0263 0.0474 0.0153 0.0371 0.0873 0.0094 0.0277 0.1349 0.2240 0.0282 0.0134 0.0158 0.0379 0.0644 
      H008.8  2 0.0195 0.0089 0.0113 0.0624 0.0124 0.0225 0.0133 0.1984 0.0192 0.0194 0.0077 0.0087 0.0093 0.0089 0.4100 0.1118 0.0092 0.0203 0.0061 0.0085 0.0123 
      H008.9  2 0.0287 0.0143 0.0201 0.1712 0.0069 0.0068 0.0186 0.0213 0.0105 0.0139 0.0101 0.0610 0.0126 0.0133 0.4142 0.0535 0.0191 0.0108 0.0107 0.0127 0.0698 
 H029.1_2002  2 0.0052 0.0534 0.0073 0.0242 0.0443 0.6524 0.0052 0.0131 0.0073 0.0061 0.0068 0.0157 0.0090 0.0083 0.0135 0.0771 0.0085 0.0128 0.0047 0.0193 0.0059 
 H029.1_2003  2 0.0075 0.0098 0.0101 0.0159 0.0091 0.6485 0.0098 0.0177 0.0065 0.0128 0.0153 0.0120 0.0128 0.0133 0.0650 0.0067 0.0682 0.0185 0.0042 0.0280 0.0081 
 H029.2_2002  2 0.0067 0.0078 0.0077 0.0038 0.0082 0.8309 0.0059 0.0062 0.0159 0.0044 0.0053 0.0109 0.0047 0.0117 0.0070 0.0101 0.0208 0.0096 0.0032 0.0134 0.0057 
 H029.2_2003  2 0.0152 0.0063 0.0249 0.0094 0.0057 0.6306 0.0117 0.0209 0.0076 0.0101 0.0216 0.0151 0.0196 0.0187 0.0188 0.0149 0.0345 0.0505 0.0058 0.0517 0.0061 
 H029.3_2002  2 0.0083 0.0044 0.0061 0.0048 0.0064 0.8122 0.0067 0.0079 0.0129 0.0054 0.0051 0.0243 0.0066 0.0098 0.0166 0.0061 0.0206 0.0137 0.0038 0.0124 0.0061 
 H029.3_2003  2 0.0060 0.0055 0.0142 0.0040 0.0043 0.7444 0.0123 0.0119 0.0084 0.0077 0.0106 0.0054 0.0122 0.0065 0.0169 0.0277 0.0143 0.0108 0.0050 0.0623 0.0101 
 H029.4_2002  2 0.0029 0.0055 0.0062 0.0035 0.0047 0.9119 0.0046 0.0038 0.0046 0.0041 0.0068 0.0051 0.0036 0.0033 0.0039 0.0043 0.0048 0.0027 0.0038 0.0049 0.0049 
 H029.4_2003  2 0.0050 0.0147 0.0083 0.0089 0.0072 0.7517 0.0056 0.0182 0.0043 0.0299 0.0371 0.0128 0.0083 0.0070 0.0156 0.0096 0.0121 0.0081 0.0043 0.0231 0.0082 
 H029.5_2002  2 0.0040 0.0204 0.0093 0.0064 0.0112 0.7874 0.0046 0.0062 0.0067 0.0052 0.0049 0.0048 0.0043 0.0063 0.0069 0.0568 0.0147 0.0060 0.0042 0.0215 0.0083 
 H029.5_2003  2 0.0034 0.0070 0.0051 0.0081 0.0064 0.8567 0.0056 0.0081 0.0032 0.0092 0.0100 0.0065 0.0059 0.0106 0.0143 0.0067 0.0098 0.0052 0.0031 0.0106 0.0045 
 H029.6_2002  2 0.0053 0.0035 0.0045 0.0033 0.0034 0.9000 0.0040 0.0062 0.0068 0.0032 0.0063 0.0061 0.0035 0.0048 0.0064 0.0040 0.0053 0.0031 0.0034 0.0136 0.0034 
 H029.6_2003  2 0.0091 0.0277 0.0565 0.0097 0.0065 0.5767 0.0105 0.0179 0.0081 0.0280 0.0172 0.0070 0.0228 0.0227 0.0147 0.0440 0.0493 0.0248 0.0123 0.0271 0.0076 
      H029.7  2 0.0054 0.0090 0.0063 0.0045 0.0047 0.8888 0.0042 0.0057 0.0070 0.0044 0.0046 0.0072 0.0033 0.0064 0.0038 0.0096 0.0059 0.0057 0.0033 0.0056 0.0046 
      H030.1  2 0.0091 0.0359 0.0602 0.0092 0.0057 0.0355 0.0386 0.0111 0.0156 0.0088 0.0343 0.0045 0.2948 0.0606 0.0116 0.0275 0.0082 0.0449 0.0260 0.2232 0.0348 
      H030.2  2 0.0040 0.0152 0.0066 0.0066 0.1466 0.0395 0.0431 0.0093 0.1076 0.0525 0.0167 0.0717 0.3309 0.0064 0.0059 0.0415 0.0052 0.0115 0.0306 0.0205 0.0281 
      H038.1  2 0.0084 0.0043 0.0066 0.0080 0.0050 0.8643 0.0063 0.0153 0.0038 0.0042 0.0043 0.0145 0.0059 0.0051 0.0052 0.0160 0.0051 0.0060 0.0036 0.0041 0.0038 
      H038.2  2 0.0026 0.0066 0.0052 0.0027 0.0066 0.8918 0.0034 0.0053 0.0043 0.0053 0.0045 0.0035 0.0066 0.0065 0.0053 0.0146 0.0033 0.0054 0.0082 0.0047 0.0035 
      H038.3  2 0.0041 0.0076 0.0272 0.0069 0.0099 0.8349 0.0101 0.0079 0.0049 0.0052 0.0051 0.0127 0.0086 0.0068 0.0063 0.0093 0.0044 0.0073 0.0077 0.0039 0.0093 
      H038.4  2 0.0044 0.0087 0.0159 0.0062 0.0075 0.8472 0.0096 0.0085 0.0058 0.0033 0.0055 0.0137 0.0051 0.0051 0.0077 0.0129 0.0041 0.0073 0.0101 0.0044 0.0072 
      H038.5  2 0.0025 0.0042 0.0082 0.0036 0.0039 0.8919 0.0047 0.0065 0.0040 0.0055 0.0108 0.0093 0.0079 0.0043 0.0059 0.0057 0.0043 0.0033 0.0039 0.0049 0.0047 
      H038.6  2 0.0035 0.0042 0.0053 0.0038 0.0066 0.8697 0.0044 0.0068 0.0034 0.0082 0.0056 0.0058 0.0068 0.0077 0.0052 0.0289 0.0040 0.0076 0.0021 0.0063 0.0042 
      H038.7  2 0.0031 0.0057 0.0155 0.0038 0.0126 0.8396 0.0039 0.0100 0.0028 0.0053 0.0073 0.0059 0.0053 0.0049 0.0052 0.0420 0.0027 0.0098 0.0032 0.0063 0.0052 
      H038.8  2 0.0034 0.0072 0.0110 0.0048 0.0067 0.8612 0.0096 0.0071 0.0053 0.0056 0.0044 0.0245 0.0066 0.0056 0.0049 0.0070 0.0037 0.0052 0.0082 0.0032 0.0048 
      H041.1  2 0.0130 0.0297 0.1432 0.0129 0.0088 0.2641 0.0201 0.0136 0.0994 0.0099 0.1068 0.0244 0.0065 0.0106 0.0047 0.0578 0.0109 0.0054 0.0102 0.0708 0.0773 
      H041.2  2 0.0068 0.3980 0.0147 0.0133 0.0252 0.0905 0.0299 0.0134 0.0077 0.0060 0.0064 0.0224 0.0078 0.0074 0.0131 0.0834 0.0212 0.0146 0.0058 0.1320 0.0804 
      H041.4  2 0.0150 0.0151 0.0203 0.0229 0.0070 0.6695 0.0077 0.0160 0.0071 0.0112 0.0105 0.0187 0.0082 0.0052 0.0132 0.0119 0.0370 0.0100 0.0093 0.0670 0.0170 
      H041.6  2 0.0242 0.0506 0.0182 0.0377 0.0241 0.4723 0.0252 0.0205 0.0142 0.0177 0.0064 0.0131 0.0107 0.0076 0.0083 0.0382 0.0461 0.0219 0.0170 0.0990 0.0269 
 H042.1_2002  2 0.0107 0.0281 0.0125 0.0261 0.0204 0.0053 0.1358 0.0145 0.0067 0.0423 0.0045 0.0121 0.0075 0.0172 0.0042 0.0101 0.0071 0.0092 0.0328 0.5833 0.0095 
 H042.1_2003  2 0.0093 0.0800 0.0199 0.0494 0.0189 0.0131 0.0954 0.0180 0.0154 0.0159 0.0069 0.1058 0.0310 0.0458 0.0530 0.2190 0.0094 0.0613 0.0134 0.0239 0.0952 
 H042.2_2002  2 0.0078 0.0065 0.0070 0.0052 0.1374 0.2131 0.0208 0.0203 0.0070 0.0264 0.0419 0.0275 0.0045 0.0219 0.0044 0.0164 0.0421 0.0098 0.0071 0.3677 0.0053 
 H042.2_2003  2 0.0082 0.5826 0.0225 0.0146 0.0098 0.0414 0.0300 0.0064 0.0036 0.0159 0.0056 0.0051 0.0105 0.0115 0.0109 0.1060 0.0134 0.0081 0.0107 0.0663 0.0170 
 H042.3_2002  2 0.0085 0.0076 0.0107 0.0064 0.0286 0.0044 0.5271 0.0069 0.0060 0.0556 0.0126 0.0131 0.0076 0.0107 0.0035 0.0059 0.0141 0.0048 0.0114 0.2453 0.0092 
 H042.3_2003  2 0.0112 0.0620 0.0150 0.0117 0.0485 0.0264 0.3117 0.0440 0.0290 0.2203 0.0503 0.0290 0.0110 0.0107 0.0045 0.0189 0.0139 0.0054 0.0112 0.0383 0.0269 
 H042.4_2002  2 0.0063 0.0455 0.0202 0.0156 0.0082 0.0261 0.0229 0.0152 0.0052 0.0116 0.0072 0.0137 0.0096 0.0089 0.0041 0.0125 0.0166 0.0071 0.0174 0.7195 0.0064 
 H042.4_2003  2 0.0195 0.1764 0.0251 0.0138 0.0055 0.0737 0.0116 0.0255 0.0177 0.0066 0.0072 0.0080 0.0073 0.0098 0.0048 0.0122 0.0107 0.0144 0.0157 0.5251 0.0094 
      H042.5  2 0.0117 0.0460 0.0059 0.0080 0.0069 0.0083 0.0120 0.0113 0.0041 0.0130 0.0051 0.0034 0.0042 0.0081 0.0046 0.0052 0.0097 0.0044 0.0101 0.8093 0.0087 
      H042.6  2 0.0378 0.0109 0.0099 0.0073 0.0078 0.0108 0.0151 0.0603 0.0056 0.0125 0.0084 0.0116 0.0054 0.0090 0.0044 0.0153 0.0076 0.0164 0.0102 0.7297 0.0039 
      H042.7  2 0.0092 0.0284 0.0114 0.0152 0.0526 0.0198 0.3377 0.0136 0.0063 0.0116 0.0095 0.0052 0.0038 0.0083 0.0073 0.0102 0.0490 0.0141 0.0381 0.3330 0.0157 
      H042.8  2 0.0242 0.0175 0.0069 0.0142 0.0535 0.0079 0.0612 0.0134 0.0033 0.0363 0.0064 0.0244 0.0047 0.0170 0.0056 0.0158 0.0245 0.0071 0.0141 0.6151 0.0269 
   H042_2002  2 0.0464 0.0763 0.0137 0.0285 0.2031 0.0301 0.0683 0.2039 0.0046 0.0432 0.0143 0.0278 0.0097 0.0198 0.0084 0.0719 0.0211 0.0336 0.0093 0.0400 0.0260 
   H042_2003  2 0.0566 0.0792 0.0128 0.0209 0.2111 0.0327 0.0550 0.1898 0.0045 0.0535 0.0122 0.0292 0.0083 0.0162 0.0086 0.0634 0.0249 0.0331 0.0110 0.0499 0.0268 
      H043.1  2 0.0058 0.0062 0.0072 0.0035 0.0050 0.0074 0.0052 0.8612 0.0084 0.0058 0.0164 0.0113 0.0061 0.0052 0.0060 0.0058 0.0025 0.0059 0.0049 0.0053 0.0150 
      H043.2  2 0.0150 0.0053 0.0094 0.0148 0.0043 0.0058 0.0127 0.8407 0.0025 0.0071 0.0043 0.0197 0.0045 0.0071 0.0080 0.0066 0.0090 0.0087 0.0041 0.0035 0.0069 
      H043.3  2 0.0085 0.0099 0.0193 0.0105 0.0166 0.0087 0.0110 0.7982 0.0033 0.0055 0.0109 0.0101 0.0054 0.0073 0.0049 0.0331 0.0047 0.0134 0.0036 0.0072 0.0081 
      H043.4  2 0.0174 0.0070 0.0070 0.0052 0.0048 0.0050 0.0095 0.8673 0.0034 0.0039 0.0058 0.0093 0.0035 0.0072 0.0032 0.0100 0.0036 0.0111 0.0039 0.0044 0.0075 
      H043.5  2 0.0045 0.0074 0.0212 0.0103 0.0082 0.0074 0.0225 0.7747 0.0033 0.0081 0.0069 0.0597 0.0056 0.0055 0.0109 0.0092 0.0050 0.0102 0.0038 0.0036 0.0121 
      H043.6  2 0.0058 0.0055 0.0118 0.0149 0.0073 0.0116 0.0251 0.8224 0.0025 0.0048 0.0059 0.0263 0.0072 0.0065 0.0042 0.0112 0.0074 0.0076 0.0039 0.0044 0.0037 
      H043.7  2 0.0302 0.0061 0.0363 0.0151 0.0070 0.0076 0.0068 0.8048 0.0029 0.0034 0.0054 0.0151 0.0048 0.0052 0.0028 0.0101 0.0039 0.0137 0.0041 0.0039 0.0109 
      H043.8  2 0.0076 0.0043 0.0145 0.0075 0.0083 0.0077 0.0131 0.8053 0.0070 0.0093 0.0250 0.0102 0.0170 0.0048 0.0132 0.0067 0.0035 0.0100 0.0081 0.0044 0.0125 
      H043.9  2 0.0054 0.0051 0.0086 0.0050 0.0076 0.0149 0.0056 0.8260 0.0062 0.0069 0.0463 0.0078 0.0059 0.0052 0.0043 0.0086 0.0034 0.0096 0.0052 0.0056 0.0066 
      H047.1  2 0.0050 0.0088 0.0092 0.0122 0.0514 0.0417 0.0089 0.0072 0.0047 0.0102 0.0039 0.0072 0.0051 0.0122 0.0052 0.4215 0.0039 0.0063 0.0034 0.0052 0.3670 
      H047.2  2 0.0061 0.0102 0.0186 0.0164 0.0103 0.4491 0.0051 0.0154 0.0246 0.0049 0.0179 0.0054 0.0068 0.0409 0.0174 0.0263 0.0118 0.0505 0.0113 0.0123 0.2388 
      H047.3  2 0.0161 0.0126 0.0095 0.0123 0.0503 0.2551 0.0105 0.0133 0.0241 0.0074 0.0345 0.0041 0.0084 0.0649 0.0191 0.0672 0.0231 0.0331 0.0158 0.0157 0.3030 
      H047.4  2 0.0094 0.0511 0.0327 0.0224 0.0544 0.2659 0.0098 0.0149 0.0055 0.0071 0.0087 0.0030 0.0067 0.0101 0.0141 0.0615 0.0157 0.0414 0.0144 0.0221 0.3291 
      H047.5  2 0.0399 0.0065 0.0227 0.0105 0.0760 0.0787 0.0189 0.0208 0.0054 0.0060 0.0334 0.0029 0.0078 0.0217 0.0098 0.2585 0.0236 0.0185 0.0180 0.0075 0.3128 
      H047.6  2 0.0057 0.0144 0.0053 0.0184 0.0208 0.2162 0.0049 0.0071 0.0063 0.0044 0.0106 0.0054 0.0040 0.0156 0.0075 0.0234 0.0112 0.0129 0.0066 0.0165 0.5826 
      H047.7  2 0.0051 0.0378 0.0081 0.0102 0.1552 0.1939 0.0129 0.0058 0.0100 0.0090 0.0040 0.0105 0.0045 0.0066 0.0035 0.1602 0.0078 0.0052 0.0084 0.0085 0.3326 
      H047.8  2 0.0084 0.0282 0.0050 0.0185 0.0331 0.1522 0.0124 0.0118 0.0071 0.0095 0.0082 0.0034 0.0052 0.0260 0.0083 0.0758 0.0104 0.0145 0.0072 0.0189 0.5358 
      H047.9  2 0.0349 0.0249 0.0185 0.0080 0.1841 0.1985 0.0250 0.0229 0.0057 0.0104 0.0065 0.0029 0.0062 0.0547 0.0073 0.1709 0.0133 0.0080 0.0530 0.0108 0.1334 
 H071.1_2002  2 0.0112 0.0082 0.0079 0.0072 0.0060 0.1571 0.0116 0.0351 0.0036 0.0053 0.0087 0.0054 0.0094 0.0100 0.0041 0.6782 0.0077 0.0073 0.0039 0.0062 0.0061 
 H071.1_2003  2 0.0483 0.0111 0.0361 0.0222 0.0086 0.0215 0.0179 0.0565 0.0036 0.0073 0.0116 0.0109 0.0446 0.0110 0.0090 0.6108 0.0197 0.0266 0.0057 0.0076 0.0095 
     H071.10  2 0.0058 0.0038 0.0116 0.0047 0.0183 0.7227 0.0115 0.0103 0.0096 0.0214 0.0186 0.0094 0.0365 0.0042 0.0074 0.0730 0.0037 0.0063 0.0132 0.0050 0.0032 
 H071.2_2002  2 0.0221 0.0071 0.0166 0.0266 0.0064 0.5872 0.0101 0.0300 0.0028 0.0109 0.0073 0.0091 0.0084 0.0100 0.0265 0.1785 0.0126 0.0093 0.0065 0.0048 0.0072 
 H071.2_2003  2 0.0063 0.0071 0.0042 0.0064 0.0043 0.0569 0.0070 0.0076 0.0033 0.0035 0.0045 0.0029 0.0062 0.0080 0.0035 0.8477 0.0042 0.0044 0.0034 0.0057 0.0029 
      H071.3  2 0.0055 0.0052 0.0153 0.0040 0.0088 0.0180 0.0050 0.0104 0.0063 0.0150 0.0078 0.0065 0.0124 0.0040 0.0088 0.8336 0.0039 0.0080 0.0055 0.0035 0.0125 
 H071.4_2002  2 0.0060 0.0039 0.0190 0.0087 0.0155 0.7795 0.0072 0.0137 0.0049 0.0223 0.0188 0.0101 0.0113 0.0060 0.0064 0.0188 0.0053 0.0092 0.0254 0.0045 0.0036 
 H071.4_2003  2 0.0037 0.0043 0.0051 0.0040 0.0066 0.0130 0.0032 0.0053 0.0041 0.0154 0.0045 0.0025 0.0059 0.0040 0.0082 0.8894 0.0031 0.0050 0.0035 0.0039 0.0051 
 H071.5_2002  2 0.0079 0.0062 0.0078 0.0041 0.0121 0.3466 0.0073 0.0150 0.0083 0.0088 0.0137 0.0069 0.0155 0.0046 0.0048 0.5004 0.0044 0.0052 0.0093 0.0065 0.0046 
 H071.5_2003  2 0.0054 0.0061 0.0122 0.0069 0.0122 0.0064 0.0038 0.0080 0.0029 0.0127 0.0096 0.0032 0.0089 0.0070 0.0070 0.8626 0.0033 0.0067 0.0059 0.0033 0.0060 
 H071.6_2002  2 0.0099 0.0039 0.0112 0.0052 0.0557 0.1049 0.0073 0.0309 0.0054 0.0278 0.0177 0.0086 0.0221 0.0055 0.0313 0.6221 0.0039 0.0108 0.0079 0.0043 0.0035 
 H071.6_2003  2 0.0043 0.0056 0.0124 0.0068 0.0092 0.0132 0.0046 0.0120 0.0040 0.0072 0.0071 0.0028 0.0236 0.0043 0.0040 0.8569 0.0028 0.0058 0.0048 0.0052 0.0036 
 H071.7_2002  2 0.0051 0.0044 0.0054 0.0045 0.0103 0.0065 0.0059 0.0065 0.0032 0.0045 0.0038 0.0038 0.0033 0.0045 0.0075 0.9001 0.0029 0.0068 0.0030 0.0035 0.0043 
 H071.7_2003  2 0.0067 0.0069 0.0139 0.0068 0.0096 0.0172 0.0072 0.0207 0.0039 0.0090 0.0140 0.0044 0.0180 0.0048 0.0040 0.8241 0.0034 0.0063 0.0094 0.0047 0.0046 
      H071.8  2 0.0230 0.0056 0.0115 0.0183 0.0059 0.6073 0.0105 0.0097 0.0040 0.0063 0.0058 0.0075 0.0068 0.0079 0.0563 0.1757 0.0106 0.0081 0.0058 0.0054 0.0078 
      H071.9  2 0.0126 0.0045 0.1078 0.0145 0.0158 0.5262 0.0081 0.0359 0.0059 0.0183 0.0975 0.0097 0.0197 0.0067 0.0412 0.0173 0.0152 0.0067 0.0167 0.0104 0.0093 
 H081.1_2002  2 0.0193 0.0067 0.0088 0.0095 0.0080 0.0538 0.0046 0.0064 0.0094 0.0053 0.0064 0.0052 0.0098 0.0041 0.0042 0.7948 0.0117 0.0059 0.0134 0.0081 0.0047 
 H081.1_2003  2 0.0099 0.0095 0.0269 0.0352 0.0143 0.0178 0.0373 0.0531 0.0109 0.0062 0.0129 0.1551 0.0325 0.0210 0.0206 0.0677 0.0236 0.3603 0.0160 0.0579 0.0113 
 H081.2_2002  2 0.0782 0.0070 0.0068 0.0091 0.0057 0.0811 0.0063 0.0138 0.0055 0.0043 0.0056 0.0040 0.0046 0.0069 0.0067 0.7011 0.0099 0.0161 0.0099 0.0093 0.0082 
 H081.2_2003  2 0.0393 0.0068 0.0199 0.0126 0.0067 0.0120 0.0138 0.0806 0.0274 0.0126 0.0088 0.0067 0.6235 0.0078 0.0303 0.0320 0.0072 0.0126 0.0093 0.0225 0.0073 
 H081.3_2002  2 0.0514 0.0068 0.0285 0.0182 0.0053 0.5920 0.0140 0.0190 0.0052 0.0044 0.0066 0.0078 0.0126 0.0064 0.0303 0.1485 0.0055 0.0079 0.0086 0.0078 0.0133 
 H081.3_2003  2 0.0155 0.0094 0.0201 0.0224 0.0093 0.0125 0.0136 0.4485 0.0104 0.0125 0.0199 0.0099 0.2906 0.0130 0.0213 0.0067 0.0100 0.0097 0.0120 0.0226 0.0100 
 H081.4_2002  2 0.0055 0.0050 0.0150 0.0050 0.0061 0.0447 0.0097 0.0075 0.0079 0.0072 0.0065 0.0042 0.0124 0.0055 0.0076 0.8134 0.0044 0.0059 0.0078 0.0115 0.0073 
 H081.4_2003  2 0.0239 0.0068 0.1560 0.0501 0.0095 0.0113 0.0153 0.0801 0.0122 0.0078 0.0268 0.0150 0.1868 0.0324 0.0215 0.0194 0.0284 0.0665 0.0221 0.2025 0.0056 
 H081.5_2002  2 0.0072 0.0076 0.0200 0.0152 0.0080 0.0692 0.0089 0.0166 0.0054 0.0067 0.0075 0.0051 0.0219 0.0086 0.0128 0.7329 0.0063 0.0135 0.0045 0.0145 0.0075 
 H081.5_2003  2 0.0551 0.0169 0.1824 0.0550 0.0195 0.0121 0.0406 0.0527 0.0117 0.0071 0.0134 0.0206 0.0363 0.0200 0.0124 0.0605 0.0263 0.2079 0.0197 0.1161 0.0136 
      H081.6  2 0.0077 0.0040 0.0048 0.0056 0.0065 0.0072 0.0067 0.0058 0.0033 0.0060 0.0045 0.0039 0.0048 0.0049 0.0039 0.8960 0.0051 0.0065 0.0060 0.0035 0.0033 
      H081.7  2 0.1800 0.0060 0.0338 0.0166 0.0057 0.1821 0.0160 0.0271 0.0075 0.0043 0.0107 0.0052 0.0152 0.0051 0.0202 0.4169 0.0082 0.0086 0.0188 0.0070 0.0050 
      H081.8  2 0.0105 0.0060 0.0476 0.0171 0.0091 0.6004 0.0357 0.0166 0.0161 0.0080 0.0104 0.0080 0.0476 0.0052 0.0687 0.0336 0.0062 0.0066 0.0180 0.0197 0.0087 
      H083.1  2 0.0084 0.0052 0.0078 0.0035 0.0292 0.7036 0.0083 0.0205 0.0190 0.0074 0.0097 0.0077 0.0076 0.0071 0.0070 0.0870 0.0113 0.0132 0.0046 0.0248 0.0069 
      H083.2  2 0.0101 0.0038 0.0064 0.0067 0.0116 0.8244 0.0033 0.0187 0.0100 0.0077 0.0155 0.0046 0.0053 0.0060 0.0055 0.0132 0.0058 0.0168 0.0067 0.0062 0.0119 
      H083.4  2 0.0145 0.0040 0.0051 0.0066 0.0131 0.7237 0.0072 0.0246 0.0576 0.0186 0.0094 0.0135 0.0053 0.0049 0.0271 0.0262 0.0053 0.0115 0.0079 0.0086 0.0056 
      H083.5  2 0.0090 0.0048 0.0055 0.0045 0.0109 0.7115 0.0045 0.0074 0.0623 0.0061 0.0047 0.0232 0.0044 0.0068 0.0157 0.0578 0.0155 0.0206 0.0051 0.0121 0.0076 
      H083.6  2 0.0169 0.0033 0.0104 0.0056 0.0090 0.6285 0.0114 0.0105 0.1000 0.0147 0.0071 0.0087 0.0122 0.0074 0.0239 0.0603 0.0236 0.0175 0.0120 0.0128 0.0040 
      H083.7  2 0.0145 0.0049 0.0047 0.0065 0.0096 0.7557 0.0057 0.0093 0.0647 0.0220 0.0072 0.0095 0.0046 0.0041 0.0143 0.0131 0.0066 0.0105 0.0215 0.0054 0.0057 
      H083.8  2 0.0119 0.0044 0.0060 0.0061 0.0065 0.8378 0.0040 0.0127 0.0067 0.0086 0.0122 0.0053 0.0039 0.0063 0.0078 0.0095 0.0068 0.0146 0.0079 0.0067 0.0145 
      H083.9  2 0.0088 0.0070 0.0047 0.0029 0.0113 0.6703 0.0047 0.0095 0.1095 0.0057 0.0052 0.0070 0.0065 0.0057 0.0086 0.0780 0.0170 0.0103 0.0055 0.0121 0.0096 
      H084.1  2 0.0071 0.0067 0.0147 0.0060 0.0107 0.0260 0.0054 0.0230 0.0082 0.0081 0.0640 0.0747 0.6121 0.0107 0.0090 0.0052 0.0357 0.0131 0.0112 0.0305 0.0180 
      H084.2  2 0.0035 0.0056 0.0112 0.0072 0.0063 0.0327 0.0086 0.0484 0.0059 0.0069 0.1952 0.0534 0.4986 0.0087 0.0099 0.0048 0.0066 0.0212 0.0053 0.0551 0.0048 
      H084.3  2 0.0065 0.0350 0.0165 0.0045 0.0286 0.0098 0.0179 0.0133 0.0107 0.0061 0.0211 0.2489 0.3190 0.0175 0.0091 0.0056 0.0551 0.0703 0.0808 0.0133 0.0105 
      H084.4  2 0.0042 0.0637 0.0557 0.0068 0.0121 0.0253 0.0455 0.0260 0.0062 0.0055 0.0363 0.1945 0.2472 0.0108 0.0373 0.0076 0.0192 0.1194 0.0232 0.0305 0.0229 
      H084.5  2 0.0076 0.0122 0.0389 0.0065 0.1481 0.0084 0.0210 0.0068 0.0053 0.0048 0.0205 0.0437 0.4885 0.0154 0.0115 0.0058 0.0678 0.0278 0.0209 0.0096 0.0289 
      H084.6  2 0.0072 0.0154 0.0087 0.0049 0.0379 0.0078 0.0112 0.0055 0.0225 0.0041 0.0100 0.0848 0.6393 0.0074 0.0145 0.0043 0.0241 0.0133 0.0377 0.0072 0.0320 
      H084.7  2 0.0058 0.0089 0.0275 0.0065 0.0062 0.0213 0.0109 0.0149 0.0043 0.0076 0.1559 0.0119 0.6205 0.0108 0.0104 0.0059 0.0095 0.0085 0.0112 0.0337 0.0078 
      H084.8  2 0.0063 0.0144 0.0223 0.0043 0.0253 0.0087 0.0090 0.0047 0.0078 0.0042 0.0128 0.0881 0.5536 0.0102 0.0140 0.0044 0.1376 0.0164 0.0231 0.0086 0.0243 
 H085.1_2002  2 0.6035 0.0057 0.0670 0.0142 0.0107 0.0173 0.0098 0.1430 0.0100 0.0038 0.0128 0.0117 0.0128 0.0059 0.0053 0.0175 0.0045 0.0042 0.0047 0.0318 0.0039 
 H085.1_2003  2 0.0979 0.0115 0.1756 0.0075 0.0040 0.0942 0.0243 0.0569 0.0816 0.0112 0.0522 0.0188 0.0120 0.0062 0.0178 0.2334 0.0118 0.0102 0.0111 0.0499 0.0115 
 H085.2_2002  2 0.1397 0.0075 0.1711 0.0785 0.0118 0.0360 0.0531 0.1562 0.1212 0.0074 0.0116 0.0468 0.0214 0.0067 0.0069 0.0087 0.0128 0.0259 0.0202 0.0506 0.0058 
 H085.2_2003  2 0.0226 0.0161 0.0319 0.0147 0.0063 0.1603 0.0325 0.0296 0.0478 0.0099 0.0330 0.0156 0.0157 0.0149 0.0248 0.3851 0.0062 0.0203 0.0077 0.0733 0.0315 
 H085.3_2002  2 0.5028 0.0176 0.2772 0.0098 0.0043 0.0064 0.0161 0.0473 0.0157 0.0074 0.0088 0.0048 0.0043 0.0049 0.0038 0.0111 0.0075 0.0143 0.0083 0.0212 0.0064 
 H085.3_2003  2 0.0088 0.0086 0.0401 0.0041 0.0033 0.0042 0.0465 0.0039 0.0050 0.0079 0.0103 0.0038 0.0046 0.0073 0.0035 0.8081 0.0034 0.0076 0.0039 0.0067 0.0086 
 H085.4_2002  2 0.3038 0.0091 0.1172 0.0508 0.0103 0.0593 0.0623 0.1692 0.0200 0.0081 0.0150 0.0279 0.0206 0.0115 0.0112 0.0216 0.0204 0.0098 0.0113 0.0368 0.0040 
 H085.4_2003  2 0.0102 0.1404 0.0274 0.0159 0.0299 0.1115 0.0334 0.0132 0.0089 0.0049 0.0066 0.0062 0.0276 0.0082 0.0042 0.4271 0.0080 0.0180 0.0157 0.0738 0.0087 
 H085.5_2002  2 0.5943 0.0063 0.2505 0.0116 0.0037 0.0045 0.0158 0.0161 0.0049 0.0062 0.0091 0.0044 0.0038 0.0056 0.0047 0.0206 0.0081 0.0067 0.0064 0.0107 0.0060 
 H085.5_2003  2 0.0161 0.0114 0.0082 0.0062 0.0057 0.0335 0.0164 0.0124 0.0465 0.0126 0.0196 0.0064 0.0182 0.0073 0.0094 0.7222 0.0036 0.0069 0.0042 0.0252 0.0081 
 H085.6_2002  2 0.4660 0.0064 0.1677 0.0103 0.0068 0.0102 0.0101 0.2066 0.0130 0.0042 0.0204 0.0077 0.0053 0.0058 0.0056 0.0074 0.0060 0.0105 0.0047 0.0186 0.0067 
 H085.6_2003  2 0.0289 0.0332 0.5202 0.0251 0.0052 0.0109 0.0811 0.0086 0.0050 0.0108 0.0107 0.0054 0.0069 0.0114 0.0075 0.1354 0.0096 0.0252 0.0088 0.0190 0.0310 
 H085.7_2002  2 0.2256 0.0215 0.1599 0.0467 0.0053 0.0314 0.0499 0.0877 0.0531 0.0074 0.0089 0.0100 0.0148 0.0080 0.0089 0.0458 0.0069 0.1080 0.0088 0.0686 0.0228 
 H085.7_2003  2 0.0102 0.0130 0.0765 0.0064 0.0048 0.0234 0.0394 0.0164 0.0102 0.0128 0.0268 0.0094 0.0067 0.0107 0.0058 0.6851 0.0067 0.0084 0.0096 0.0077 0.0102 
 H085.8_2002  2 0.0892 0.0100 0.4456 0.0723 0.0051 0.0105 0.1216 0.0263 0.0152 0.0133 0.0077 0.0109 0.0092 0.0065 0.0091 0.0259 0.0111 0.0772 0.0093 0.0146 0.0093 
 H085.8_2003  2 0.0416 0.0757 0.0696 0.0261 0.0141 0.0891 0.0677 0.0275 0.0840 0.0075 0.0269 0.0114 0.0127 0.0159 0.0112 0.0737 0.0109 0.0146 0.0203 0.2839 0.0157 
      H085.9  2 0.5604 0.0116 0.0733 0.0146 0.0097 0.0216 0.0318 0.0648 0.0128 0.0063 0.0130 0.0248 0.0147 0.0137 0.0094 0.0330 0.0089 0.0175 0.0087 0.0429 0.0064 
      H088.1  2 0.0183 0.0086 0.0111 0.0127 0.0037 0.0171 0.0049 0.0097 0.0126 0.0590 0.0082 0.0099 0.0067 0.0091 0.0444 0.0057 0.0839 0.0095 0.0241 0.6368 0.0039 
      H088.2  2 0.0171 0.0078 0.0103 0.0149 0.0099 0.0085 0.0047 0.0147 0.0088 0.0074 0.0087 0.0068 0.0065 0.0082 0.0103 0.0047 0.0633 0.0166 0.0116 0.7526 0.0065 
      H088.3  2 0.0095 0.0083 0.0046 0.0134 0.0083 0.0090 0.0041 0.0146 0.0073 0.0074 0.0074 0.0057 0.0054 0.0066 0.0124 0.0038 0.0368 0.0156 0.0058 0.8074 0.0066 
      H088.4  2 0.0038 0.0065 0.0077 0.0077 0.0046 0.0123 0.0042 0.0081 0.0029 0.0101 0.0056 0.0038 0.0097 0.0050 0.0117 0.0052 0.0059 0.0073 0.0032 0.8713 0.0035 
      H088.5  2 0.0051 0.0075 0.0074 0.0071 0.0045 0.0062 0.0030 0.0060 0.0046 0.0090 0.0055 0.0045 0.0064 0.0050 0.0096 0.0034 0.0094 0.0046 0.0045 0.8827 0.0040 
      H088.6  2 0.0038 0.0077 0.0071 0.0054 0.0060 0.0187 0.0047 0.0059 0.0063 0.0124 0.0062 0.0048 0.0088 0.0057 0.0212 0.0055 0.0112 0.0049 0.0069 0.8402 0.0067 
      H088.7  2 0.0050 0.0098 0.0074 0.0047 0.0084 0.0200 0.0040 0.0081 0.0056 0.0057 0.0080 0.0048 0.0041 0.0053 0.0098 0.0070 0.0114 0.0056 0.0045 0.8511 0.0095 
      H088.8  2 0.0054 0.0165 0.0084 0.0098 0.0074 0.0730 0.0051 0.0057 0.0054 0.0438 0.0073 0.0069 0.0116 0.0089 0.0419 0.0129 0.0078 0.0066 0.0102 0.6967 0.0087 
      H091.1  2 0.0068 0.0488 0.0364 0.0069 0.0101 0.0094 0.1070 0.0313 0.0186 0.0198 0.0188 0.0165 0.0058 0.0087 0.0053 0.0725 0.0085 0.0047 0.0066 0.5474 0.0100 
      H091.2  2 0.0059 0.0095 0.0190 0.0094 0.0103 0.0194 0.0797 0.0243 0.0293 0.0309 0.0277 0.0051 0.0041 0.0090 0.0102 0.0453 0.0051 0.0054 0.0201 0.6031 0.0272 
      H109.1  2 0.0233 0.0068 0.1029 0.0105 0.0671 0.0256 0.0225 0.0989 0.1206 0.0169 0.1751 0.0361 0.0371 0.0140 0.0547 0.0076 0.0254 0.0063 0.0107 0.0062 0.1318 
      H109.2  2 0.0069 0.0226 0.1871 0.0273 0.0374 0.0393 0.0103 0.0522 0.0146 0.0184 0.1010 0.0152 0.3243 0.0050 0.0126 0.0169 0.0127 0.0083 0.0222 0.0084 0.0571 
      H109.3  2 0.0042 0.0499 0.1130 0.0069 0.0124 0.0153 0.0130 0.0904 0.0088 0.0255 0.1096 0.0097 0.0443 0.0187 0.0138 0.0215 0.0267 0.0164 0.0132 0.0129 0.3737 
      H109.4  2 0.0053 0.0665 0.2441 0.0153 0.0149 0.0148 0.0115 0.0495 0.0109 0.1853 0.1478 0.0214 0.0541 0.0072 0.0378 0.0103 0.0126 0.0068 0.0085 0.0093 0.0662 
      H109.5  2 0.0053 0.0982 0.2046 0.0086 0.0156 0.0492 0.0225 0.0533 0.0047 0.0120 0.0517 0.0044 0.0703 0.0106 0.0087 0.1532 0.0956 0.0074 0.0105 0.0463 0.0675 
      H109.6  2 0.0070 0.0220 0.1651 0.0152 0.0404 0.0246 0.0117 0.0693 0.0153 0.0237 0.0493 0.0204 0.2062 0.0113 0.1520 0.0175 0.0261 0.0130 0.0311 0.0103 0.0686 
      H126.1  2 0.1118 0.0873 0.0237 0.1725 0.1379 0.0121 0.0303 0.0768 0.0095 0.0708 0.1211 0.0120 0.0059 0.0329 0.0215 0.0065 0.0155 0.0188 0.0079 0.0156 0.0095 
      H126.2  2 0.0351 0.0341 0.0447 0.0787 0.0221 0.0210 0.0113 0.3072 0.0166 0.1866 0.0129 0.0389 0.0068 0.0163 0.0101 0.0796 0.0053 0.0190 0.0069 0.0107 0.0361 
      H126.3  2 0.0088 0.0063 0.0055 0.0086 0.4002 0.0648 0.0089 0.3244 0.0173 0.0339 0.0235 0.0041 0.0039 0.0052 0.0122 0.0065 0.0090 0.0044 0.0038 0.0439 0.0046 
      H126.4  2 0.0131 0.0058 0.0105 0.2714 0.0234 0.0132 0.0110 0.0171 0.0065 0.5242 0.0102 0.0101 0.0059 0.0122 0.0075 0.0096 0.0117 0.0119 0.0065 0.0085 0.0098 
      H126.5  2 0.0262 0.0150 0.0157 0.1246 0.1643 0.0138 0.0105 0.0950 0.0090 0.1250 0.0077 0.0047 0.0064 0.0347 0.0130 0.2735 0.0060 0.0315 0.0094 0.0079 0.0060 
      H126.6  2 0.0495 0.0079 0.0053 0.0101 0.1491 0.0929 0.0036 0.5150 0.0047 0.0062 0.0055 0.0039 0.0034 0.0074 0.0053 0.0865 0.0051 0.0137 0.0039 0.0110 0.0098 
      H126.7  2 0.0706 0.0086 0.0245 0.0070 0.0307 0.1363 0.0062 0.0269 0.0118 0.1536 0.0083 0.0031 0.0056 0.0088 0.0079 0.3716 0.0067 0.0191 0.0078 0.0797 0.0053 
      H130.1  2 0.0095 0.0601 0.0339 0.3156 0.0059 0.0088 0.0079 0.3239 0.0114 0.0217 0.0143 0.0061 0.0110 0.0290 0.0214 0.0055 0.0158 0.0309 0.0124 0.0388 0.0163 
      H130.2  2 0.0114 0.0139 0.0713 0.1081 0.0055 0.0277 0.0116 0.0836 0.0466 0.0094 0.0236 0.0084 0.3015 0.0368 0.0466 0.0224 0.0075 0.0431 0.0204 0.0479 0.0527 
      H130.3  2 0.0056 0.0118 0.0107 0.0213 0.0061 0.0203 0.0051 0.0629 0.0061 0.0252 0.0260 0.0048 0.1263 0.4364 0.0176 0.0163 0.0093 0.1281 0.0190 0.0345 0.0065 
      H130.4  2 0.0119 0.0135 0.0186 0.3480 0.0077 0.0104 0.0070 0.2144 0.0187 0.0115 0.0326 0.0169 0.0288 0.1441 0.0232 0.0050 0.0105 0.0153 0.0253 0.0235 0.0131 
      H130.5  2 0.0159 0.0238 0.0936 0.1473 0.0045 0.0408 0.0085 0.2306 0.0179 0.0080 0.0157 0.0055 0.0957 0.0098 0.0096 0.0289 0.0145 0.0847 0.0362 0.1001 0.0084 
      H133.1  2 0.0157 0.0204 0.0471 0.0421 0.0064 0.0412 0.0063 0.0867 0.0086 0.0067 0.5641 0.0350 0.0133 0.0222 0.0068 0.0113 0.0131 0.0090 0.0051 0.0117 0.0271 
      H133.2  2 0.0179 0.0230 0.0470 0.0304 0.0074 0.0048 0.0075 0.5718 0.0039 0.0067 0.0981 0.0064 0.0698 0.0142 0.0098 0.0099 0.0138 0.0143 0.0046 0.0177 0.0209 
      H133.3  2 0.0164 0.0144 0.1072 0.0135 0.0062 0.0459 0.0114 0.0990 0.0073 0.0065 0.5397 0.0303 0.0099 0.0119 0.0049 0.0091 0.0245 0.0048 0.0078 0.0194 0.0098 
      H133.4  2 0.0279 0.0122 0.0274 0.0219 0.0063 0.0123 0.0100 0.1469 0.0087 0.0072 0.4301 0.0311 0.0250 0.0288 0.0238 0.0096 0.0085 0.0186 0.0072 0.0080 0.1284 
      H133.5  2 0.0216 0.0057 0.0204 0.0168 0.0046 0.0062 0.0131 0.3947 0.0067 0.0060 0.3874 0.0135 0.0142 0.0149 0.0092 0.0057 0.0054 0.0200 0.0041 0.0234 0.0065 
      H133.6  2 0.0314 0.0263 0.0280 0.0305 0.0120 0.0160 0.0097 0.4155 0.0100 0.0074 0.1736 0.0070 0.0357 0.0149 0.0111 0.0049 0.0142 0.0197 0.0094 0.1142 0.0086 
      H133.7  2 0.0226 0.0348 0.1662 0.0211 0.0072 0.0175 0.0124 0.0542 0.0088 0.0048 0.4282 0.0528 0.0053 0.0128 0.0049 0.0118 0.0247 0.0084 0.0184 0.0094 0.0735 
      H133.8  2 0.0514 0.0073 0.0445 0.0118 0.0080 0.0079 0.0334 0.3263 0.0076 0.0044 0.3958 0.0240 0.0091 0.0154 0.0066 0.0059 0.0080 0.0049 0.0052 0.0071 0.0156 
      H133.9  2 0.0116 0.0185 0.0265 0.0316 0.0080 0.0388 0.0061 0.0684 0.0099 0.0096 0.6308 0.0326 0.0116 0.0264 0.0045 0.0087 0.0123 0.0137 0.0072 0.0089 0.0141 
      H147.1  2 0.0136 0.0244 0.0161 0.0095 0.0115 0.0057 0.0244 0.0056 0.0090 0.0036 0.0039 0.0071 0.0226 0.0038 0.0051 0.7636 0.0172 0.0195 0.0131 0.0095 0.0111 
      H147.2  2 0.0068 0.0073 0.0100 0.0095 0.0055 0.0092 0.0111 0.0046 0.0043 0.0033 0.0040 0.0041 0.0088 0.0040 0.0049 0.8584 0.0065 0.0197 0.0053 0.0088 0.0039 
      H147.3  2 0.0116 0.0046 0.0057 0.0045 0.0044 0.0038 0.0052 0.0046 0.0038 0.0033 0.0033 0.0031 0.0062 0.0042 0.0034 0.9070 0.0049 0.0060 0.0042 0.0028 0.0035 
      H147.4  2 0.0048 0.0042 0.0040 0.0029 0.0047 0.0044 0.0046 0.0031 0.0048 0.0029 0.0031 0.0078 0.0089 0.0033 0.0036 0.9119 0.0044 0.0058 0.0031 0.0033 0.0044 
      H147.5  2 0.0072 0.0109 0.0099 0.0077 0.0053 0.0052 0.0091 0.0066 0.0102 0.0113 0.0041 0.0044 0.0396 0.0056 0.0103 0.7579 0.0122 0.0145 0.0067 0.0541 0.0072 
      H147.6  2 0.0060 0.0138 0.0135 0.0064 0.0098 0.0049 0.0071 0.0067 0.0073 0.0116 0.0042 0.0044 0.0653 0.0053 0.0091 0.7323 0.0101 0.0199 0.0052 0.0493 0.0079 
      H147.7  2 0.0043 0.0077 0.0063 0.0039 0.0059 0.0048 0.0040 0.0035 0.0085 0.0039 0.0034 0.0106 0.0123 0.0038 0.0040 0.8873 0.0054 0.0058 0.0044 0.0034 0.0068 
      H147.8  2 0.0057 0.0052 0.0075 0.0028 0.0058 0.0073 0.0073 0.0063 0.0093 0.0047 0.0039 0.0138 0.0294 0.0036 0.0094 0.8343 0.0051 0.0073 0.0036 0.0202 0.0074 
      H147.9  2 0.0064 0.0056 0.0065 0.0044 0.0047 0.0037 0.0058 0.0034 0.0036 0.0039 0.0033 0.0035 0.0062 0.0032 0.0036 0.9109 0.0044 0.0055 0.0036 0.0033 0.0045 
      H148.1  2 0.0058 0.0168 0.0423 0.4868 0.0311 0.0121 0.0423 0.0117 0.0263 0.0109 0.0270 0.0357 0.0402 0.0050 0.0422 0.0088 0.0408 0.0450 0.0300 0.0198 0.0192 
      H148.2  2 0.0181 0.0071 0.0292 0.2170 0.0508 0.0115 0.0286 0.0142 0.0138 0.0104 0.0538 0.0422 0.0210 0.0052 0.0291 0.0105 0.2416 0.0252 0.1513 0.0085 0.0110 
      H148.3  2 0.0059 0.0144 0.0197 0.0148 0.0144 0.0120 0.3328 0.0052 0.0075 0.0061 0.0055 0.0396 0.0119 0.0083 0.0116 0.0092 0.0574 0.0136 0.3840 0.0100 0.0161 
      H148.4  2 0.0103 0.0204 0.0192 0.3070 0.0247 0.0130 0.0547 0.0107 0.0072 0.0120 0.0138 0.0325 0.0111 0.0064 0.1164 0.0083 0.0913 0.1305 0.0900 0.0094 0.0110 
      H148.5  2 0.0086 0.0074 0.0092 0.0134 0.0129 0.0076 0.0128 0.0073 0.0072 0.0169 0.0064 0.0201 0.0303 0.0072 0.0496 0.0057 0.2149 0.0167 0.5256 0.0141 0.0061 
      H148.6  2 0.0136 0.0208 0.0148 0.0996 0.0254 0.0159 0.0433 0.0065 0.0336 0.0060 0.0165 0.0899 0.0202 0.0044 0.0325 0.0090 0.1285 0.0169 0.3831 0.0114 0.0080 
      H148.7  2 0.0081 0.0070 0.0147 0.0793 0.0232 0.0068 0.0230 0.0079 0.0117 0.0831 0.0401 0.0238 0.0192 0.0085 0.1000 0.0096 0.2584 0.0329 0.1974 0.0233 0.0218 
      H148.8  2 0.0064 0.0101 0.0097 0.1795 0.0065 0.0049 0.0182 0.0054 0.0049 0.0088 0.0060 0.0191 0.0104 0.0043 0.0120 0.0091 0.1988 0.0119 0.4447 0.0233 0.0059 
      H148.9  2 0.0529 0.0099 0.0189 0.1134 0.0956 0.0074 0.0877 0.0074 0.0152 0.0209 0.1146 0.1253 0.0159 0.0122 0.0280 0.0093 0.0411 0.0152 0.1573 0.0072 0.0447 
   H166022.1  2 0.0169 0.0670 0.0109 0.0070 0.0060 0.0086 0.0154 0.0140 0.0621 0.0053 0.0051 0.0086 0.0705 0.0034 0.0059 0.0449 0.0140 0.0234 0.0131 0.5873 0.0104 
   H166022.2  2 0.0122 0.0550 0.0471 0.0123 0.0135 0.0332 0.0100 0.0075 0.0580 0.0114 0.0095 0.0136 0.0829 0.0106 0.0228 0.0596 0.0135 0.1253 0.0219 0.3386 0.0414 
   H166022.3  2 0.0056 0.0291 0.0072 0.0076 0.0052 0.0050 0.0064 0.0077 0.1723 0.0205 0.0149 0.0064 0.0101 0.0058 0.0250 0.0045 0.0113 0.0226 0.0206 0.6036 0.0088 
   H166022.4  2 0.0041 0.0078 0.0064 0.0044 0.0038 0.0049 0.0076 0.0066 0.0138 0.0131 0.0079 0.0044 0.0091 0.0069 0.0206 0.0051 0.0073 0.0377 0.0052 0.8187 0.0046 
   H166022.5  2 0.0039 0.0309 0.0170 0.0042 0.0060 0.0071 0.0103 0.0065 0.0253 0.0056 0.0088 0.0051 0.0905 0.0080 0.0115 0.0108 0.0081 0.0335 0.0067 0.6917 0.0086 
   H166022.6  2 0.0086 0.0396 0.0159 0.0282 0.0054 0.0056 0.0166 0.0304 0.0372 0.0129 0.0135 0.0268 0.0245 0.0073 0.0148 0.0129 0.0159 0.0368 0.0079 0.6191 0.0204 
   H166022.7  2 0.0041 0.0064 0.0104 0.0065 0.0044 0.0078 0.0046 0.0061 0.0038 0.0067 0.0062 0.0062 0.0100 0.0056 0.8752 0.0068 0.0041 0.0053 0.0042 0.0067 0.0090 
   H166022.8  2 0.0222 0.0509 0.0367 0.0490 0.0068 0.0120 0.0208 0.0446 0.0354 0.0056 0.0101 0.0071 0.1139 0.0150 0.0112 0.0259 0.0119 0.4192 0.0059 0.0838 0.0120 
   H167397.1  2 0.0062 0.3095 0.0144 0.0140 0.0172 0.0491 0.0235 0.0130 0.0050 0.0069 0.0049 0.3828 0.0229 0.0053 0.0062 0.0386 0.0101 0.0150 0.0117 0.0260 0.0174 
   H167397.2  2 0.0321 0.0090 0.0134 0.0936 0.0085 0.0122 0.1756 0.0203 0.0394 0.0041 0.0157 0.3949 0.0150 0.0103 0.0138 0.0530 0.0118 0.0363 0.0097 0.0192 0.0122 
   H167397.3  2 0.0051 0.1554 0.0078 0.0266 0.0267 0.0536 0.0122 0.0088 0.0094 0.0054 0.0063 0.5464 0.0170 0.0088 0.0050 0.0494 0.0063 0.0133 0.0100 0.0118 0.0147 
   H167397.4  2 0.0234 0.0048 0.0075 0.0094 0.0078 0.0109 0.1440 0.0178 0.0221 0.0061 0.0179 0.5232 0.0142 0.0079 0.0100 0.0385 0.0415 0.0104 0.0129 0.0171 0.0526 
   H167397.5  2 0.0065 0.0370 0.0214 0.0465 0.0077 0.0182 0.0898 0.0130 0.0109 0.0107 0.0087 0.5355 0.0376 0.0058 0.0097 0.0299 0.0109 0.0419 0.0136 0.0264 0.0184 
   H167397.6  2 0.0101 0.0460 0.0067 0.0227 0.0933 0.0748 0.0189 0.0103 0.0068 0.0095 0.0188 0.5585 0.0059 0.0159 0.0059 0.0179 0.0196 0.0073 0.0086 0.0182 0.0243 
   H167496.1  2 0.0045 0.3288 0.0328 0.0103 0.0174 0.0396 0.0246 0.0205 0.0158 0.0261 0.0339 0.0089 0.0139 0.0157 0.0107 0.0057 0.0791 0.0207 0.0476 0.2321 0.0115 
   H167496.2  2 0.0121 0.0250 0.1493 0.0173 0.0712 0.1153 0.0114 0.0294 0.0079 0.0215 0.0378 0.0090 0.0176 0.0093 0.1484 0.0115 0.0413 0.0609 0.0900 0.0937 0.0202 
   H167496.3  2 0.0774 0.1134 0.1107 0.0234 0.0083 0.0262 0.0573 0.0220 0.0527 0.0206 0.0228 0.0068 0.0075 0.0166 0.0080 0.0351 0.0335 0.0631 0.0548 0.2286 0.0111 
   H167496.4  2 0.0051 0.0049 0.0065 0.0033 0.0060 0.0049 0.0067 0.0044 0.0061 0.0055 0.0044 0.0038 0.0058 0.0042 0.0054 0.0109 0.0038 0.0055 0.0035 0.8947 0.0046 
   H167496.6  2 0.0051 0.0126 0.0232 0.0048 0.0113 0.0094 0.0090 0.0056 0.0052 0.0082 0.0082 0.0038 0.0095 0.0105 0.0080 0.0258 0.0084 0.0418 0.0038 0.7774 0.0084 
   H167496.7  2 0.0058 0.7207 0.0212 0.0178 0.0177 0.0057 0.0222 0.0147 0.0123 0.0174 0.0173 0.0052 0.0063 0.0101 0.0059 0.0089 0.0067 0.0189 0.0307 0.0141 0.0204 
   H167496.8  2 0.0056 0.0093 0.0326 0.0060 0.0211 0.0102 0.0105 0.0065 0.0060 0.0056 0.0069 0.0055 0.0109 0.0068 0.0073 0.0239 0.0083 0.0182 0.0045 0.7821 0.0123 
   H167513.1  2 0.0064 0.0068 0.0051 0.0071 0.0115 0.0044 0.0058 0.0182 0.0085 0.0064 0.0114 0.0082 0.0068 0.0067 0.0150 0.0088 0.0055 0.0143 0.0039 0.0101 0.8291 
   H167513.2  2 0.0046 0.0222 0.0114 0.0088 0.0131 0.0063 0.0061 0.0070 0.0052 0.0072 0.0066 0.0148 0.0057 0.0052 0.0037 0.0049 0.0137 0.0063 0.0121 0.0102 0.8249 
   H167513.3  2 0.0044 0.0068 0.0056 0.0054 0.0096 0.0046 0.0064 0.0067 0.0066 0.0131 0.0169 0.0080 0.0297 0.0142 0.0091 0.0084 0.0035 0.0098 0.0052 0.0063 0.8196 
   H167513.4  2 0.0052 0.0097 0.0126 0.0124 0.0177 0.0130 0.0077 0.0081 0.0443 0.0057 0.1836 0.0098 0.0194 0.0062 0.0092 0.0079 0.0171 0.0242 0.0100 0.0284 0.5478 
   H167513.5  2 0.0049 0.0102 0.0093 0.0063 0.0062 0.0047 0.0043 0.0055 0.0063 0.0035 0.0050 0.0085 0.0043 0.0033 0.0042 0.0036 0.0108 0.0053 0.0052 0.0118 0.8769 
   H167513.6  2 0.0095 0.0156 0.0100 0.0078 0.0224 0.0120 0.0078 0.0123 0.0186 0.0056 0.0082 0.0080 0.0193 0.0087 0.0117 0.0095 0.0054 0.0170 0.0059 0.0178 0.7667 
   H167513.7  2 0.0061 0.0043 0.0118 0.0044 0.0104 0.0138 0.0077 0.0215 0.0262 0.0044 0.0287 0.0221 0.0114 0.0058 0.0067 0.0100 0.0043 0.0066 0.0049 0.0117 0.7770 
   H167513.8  2 0.0032 0.0035 0.0082 0.0043 0.0097 0.0053 0.0050 0.0106 0.0046 0.0069 0.0113 0.0127 0.0120 0.0098 0.0125 0.0054 0.0032 0.0107 0.0036 0.0049 0.8523 
   H167547.1  2 0.0052 0.8340 0.0050 0.0220 0.0058 0.0042 0.0042 0.0049 0.0074 0.0104 0.0084 0.0075 0.0054 0.0080 0.0072 0.0042 0.0066 0.0073 0.0316 0.0037 0.0068 
   H167547.2  2 0.0042 0.8878 0.0060 0.0064 0.0049 0.0035 0.0057 0.0032 0.0095 0.0065 0.0041 0.0073 0.0035 0.0045 0.0031 0.0055 0.0053 0.0042 0.0132 0.0047 0.0073 
   H167547.3  2 0.0050 0.8803 0.0046 0.0074 0.0049 0.0037 0.0062 0.0032 0.0087 0.0057 0.0044 0.0064 0.0043 0.0054 0.0035 0.0052 0.0055 0.0042 0.0177 0.0058 0.0078 
   H167547.4  2 0.0067 0.8454 0.0044 0.0104 0.0037 0.0034 0.0046 0.0049 0.0230 0.0189 0.0104 0.0080 0.0047 0.0057 0.0070 0.0034 0.0058 0.0071 0.0120 0.0044 0.0064 
   H167547.5  2 0.0056 0.5705 0.0132 0.0100 0.0107 0.0114 0.0310 0.0051 0.0130 0.0130 0.0047 0.0106 0.0172 0.0047 0.0057 0.0045 0.1816 0.0050 0.0651 0.0102 0.0074 
   H167547.6  2 0.0052 0.5761 0.0115 0.0090 0.0125 0.0123 0.0233 0.0054 0.0086 0.0131 0.0046 0.0091 0.0147 0.0054 0.0068 0.0053 0.1686 0.0053 0.0844 0.0115 0.0073 
   H167547.7  2 0.0906 0.1470 0.0173 0.0426 0.0169 0.0170 0.0361 0.0768 0.0335 0.0214 0.0230 0.0150 0.0217 0.0289 0.0381 0.0174 0.0262 0.0166 0.2137 0.0126 0.0876 
   H169750.1  2 0.0180 0.0502 0.1163 0.0620 0.0116 0.0073 0.0124 0.0804 0.0316 0.1043 0.2723 0.0114 0.0122 0.0196 0.0253 0.0062 0.0087 0.0144 0.0313 0.0899 0.0144 
   H169750.2  2 0.0110 0.0088 0.4685 0.0448 0.0092 0.0372 0.0853 0.0323 0.0055 0.0122 0.0394 0.0246 0.0228 0.0332 0.0200 0.0413 0.0193 0.0182 0.0074 0.0105 0.0486 
   H169750.3  2 0.0176 0.0454 0.3997 0.0093 0.0048 0.0208 0.0072 0.0678 0.0057 0.0172 0.2365 0.0036 0.0205 0.0228 0.0480 0.0076 0.0122 0.0052 0.0174 0.0175 0.0132 
   H169750.4  2 0.0146 0.0215 0.0452 0.1109 0.0229 0.0147 0.0428 0.0675 0.0048 0.0119 0.0911 0.0702 0.0076 0.1612 0.0225 0.0165 0.0559 0.1098 0.0119 0.0721 0.0242 
   H169750.5  2 0.0094 0.0059 0.1193 0.0164 0.0054 0.0230 0.0089 0.0994 0.0258 0.0260 0.5132 0.0059 0.0104 0.0059 0.0049 0.0071 0.0094 0.0069 0.0076 0.0745 0.0147 
   H169750.6  2 0.0124 0.0058 0.4676 0.0226 0.0060 0.2004 0.0106 0.0219 0.0086 0.0298 0.0563 0.0069 0.0144 0.0087 0.0100 0.0212 0.0127 0.0114 0.0054 0.0417 0.0257 
   H169750.7  2 0.0398 0.0279 0.2073 0.0170 0.0196 0.0144 0.0925 0.1191 0.0080 0.0271 0.0784 0.0168 0.0103 0.0562 0.0831 0.0338 0.0090 0.0354 0.0213 0.0157 0.0672 
   H171929.1  2 0.0934 0.0115 0.0245 0.0263 0.0082 0.0118 0.0065 0.0204 0.0087 0.0087 0.0074 0.0936 0.0043 0.0093 0.0158 0.0098 0.0598 0.0065 0.0175 0.0093 0.5467 
  H171929.10  2 0.0863 0.0329 0.1143 0.0214 0.0151 0.0194 0.0152 0.0555 0.0240 0.0061 0.0263 0.0618 0.0376 0.0150 0.0235 0.0216 0.0365 0.0094 0.0386 0.0397 0.2999 
  H171929.11  2 0.0333 0.0120 0.0098 0.0090 0.0066 0.0094 0.0085 0.0199 0.0065 0.0087 0.0137 0.0431 0.0071 0.0123 0.0090 0.0084 0.0380 0.0063 0.0095 0.0076 0.7216 
   H171929.2  2 0.0090 0.0117 0.0124 0.0128 0.0045 0.0110 0.0062 0.0117 0.0071 0.0093 0.1355 0.0061 0.0060 0.0088 0.0040 0.0042 0.0221 0.0054 0.0448 0.0093 0.6583 
   H171929.3  2 0.0077 0.0170 0.0090 0.0102 0.0042 0.0229 0.0124 0.0099 0.0103 0.0117 0.0330 0.0172 0.0100 0.0080 0.0069 0.0108 0.0211 0.0049 0.0126 0.0105 0.7497 
   H171929.4  2 0.0635 0.0423 0.0172 0.0430 0.0036 0.0322 0.0124 0.0295 0.0221 0.0169 0.0400 0.0059 0.0113 0.0185 0.0143 0.0162 0.0159 0.0089 0.0354 0.0246 0.5262 
   H171929.5  2 0.0112 0.0085 0.0122 0.0073 0.0083 0.0056 0.0071 0.0288 0.0052 0.0154 0.1298 0.0130 0.0129 0.0080 0.0181 0.0063 0.0124 0.0069 0.0135 0.0054 0.6644 
   H171929.6  2 0.0072 0.0072 0.0082 0.0099 0.0079 0.0060 0.0050 0.0173 0.0061 0.0146 0.0656 0.0169 0.0072 0.0092 0.0179 0.0058 0.0127 0.0070 0.0096 0.0052 0.7534 
   H171929.7  2 0.0662 0.0060 0.0103 0.0138 0.0045 0.0121 0.0053 0.0170 0.0089 0.0087 0.0074 0.0058 0.0038 0.0078 0.0080 0.0157 0.0106 0.0087 0.0153 0.0078 0.7562 
   H171929.8  2 0.1215 0.0129 0.0279 0.0485 0.0048 0.0117 0.0057 0.0237 0.0105 0.0073 0.0102 0.0083 0.0075 0.0150 0.0103 0.0076 0.0115 0.0047 0.0695 0.0181 0.5629 
   H171929.9  2 0.1417 0.0095 0.0390 0.0330 0.0044 0.0146 0.0075 0.0712 0.0151 0.0095 0.0480 0.0042 0.0179 0.0097 0.0324 0.0254 0.0050 0.0075 0.0118 0.0158 0.4769 
   H171930.1  2 0.0022 0.0093 0.3448 0.0091 0.0081 0.0109 0.0145 0.0042 0.0030 0.0182 0.0127 0.0185 0.0628 0.0350 0.0198 0.0060 0.0378 0.0066 0.0064 0.0185 0.3517 
   H171930.2  2 0.0090 0.0410 0.2176 0.0146 0.0130 0.0143 0.0277 0.0110 0.0085 0.0354 0.0101 0.0063 0.3811 0.0207 0.0216 0.0122 0.0164 0.0091 0.0125 0.0925 0.0254 
   H171930.3  2 0.0043 0.0084 0.7200 0.0048 0.0072 0.0090 0.0111 0.0044 0.0070 0.0120 0.0088 0.0105 0.1144 0.0123 0.0117 0.0040 0.0175 0.0049 0.0070 0.0089 0.0121 
   H171930.4  2 0.0034 0.0175 0.4473 0.0052 0.0104 0.0060 0.0685 0.0048 0.0107 0.0146 0.0095 0.0088 0.2761 0.0174 0.0278 0.0071 0.0080 0.0068 0.0079 0.0257 0.0166 
