      H008.1  2 0.0058 0.0082 0.8728 0.0167 0.0189 0.0115 0.0184 0.0156 0.0170 0.0079 0.0072 
      H008.2  2 0.1522 0.0814 0.1854 0.1503 0.1701 0.0449 0.1014 0.0379 0.0345 0.0254 0.0164 
      H008.3  2 0.0498 0.0787 0.1133 0.0567 0.1044 0.1246 0.3355 0.0336 0.0413 0.0375 0.0248 
      H008.4  2 0.0460 0.0150 0.8040 0.0157 0.0232 0.0155 0.0148 0.0167 0.0252 0.0113 0.0127 
      H008.5  2 0.0150 0.0183 0.8398 0.0092 0.0203 0.0171 0.0239 0.0115 0.0182 0.0130 0.0138 
      H008.6  2 0.1818 0.0299 0.4569 0.0188 0.0824 0.0103 0.0880 0.0705 0.0189 0.0205 0.0221 
      H008.7  2 0.0804 0.0148 0.5219 0.0350 0.0973 0.0781 0.0498 0.0436 0.0457 0.0150 0.0185 
      H008.8  2 0.0137 0.0376 0.1349 0.6311 0.0156 0.0122 0.0122 0.0891 0.0204 0.0124 0.0207 
      H008.9  2 0.4230 0.0401 0.0596 0.0405 0.0500 0.0239 0.0693 0.2241 0.0354 0.0156 0.0187 
 H029.1_2002  2 0.0207 0.0069 0.8428 0.0157 0.0093 0.0250 0.0094 0.0212 0.0113 0.0099 0.0279 
 H029.1_2003  2 0.0274 0.0124 0.6973 0.0288 0.0164 0.0451 0.0643 0.0378 0.0182 0.0233 0.0289 
 H029.2_2002  2 0.0237 0.0153 0.8139 0.0059 0.0098 0.0402 0.0369 0.0090 0.0093 0.0091 0.0269 
 H029.2_2003  2 0.0495 0.0209 0.6298 0.0177 0.0083 0.0351 0.1455 0.0226 0.0083 0.0205 0.0419 
 H029.3_2002  2 0.1041 0.0228 0.6505 0.0166 0.0099 0.0935 0.0351 0.0087 0.0093 0.0156 0.0339 
 H029.3_2003  2 0.0077 0.0049 0.8983 0.0073 0.0099 0.0166 0.0166 0.0049 0.0095 0.0156 0.0087 
 H029.4_2002  2 0.0121 0.0047 0.9185 0.0075 0.0109 0.0156 0.0061 0.0035 0.0102 0.0071 0.0038 
 H029.4_2003  2 0.0252 0.0117 0.7376 0.0356 0.0357 0.0639 0.0291 0.0227 0.0141 0.0117 0.0127 
 H029.5_2002  2 0.0059 0.0058 0.8955 0.0068 0.0157 0.0177 0.0079 0.0088 0.0187 0.0076 0.0095 
 H029.5_2003  2 0.0118 0.0056 0.8991 0.0126 0.0102 0.0101 0.0177 0.0103 0.0095 0.0064 0.0067 
 H029.6_2002  2 0.0265 0.0075 0.8057 0.0091 0.0083 0.1003 0.0091 0.0054 0.0135 0.0084 0.0062 
 H029.6_2003  2 0.0066 0.0102 0.7807 0.0131 0.0135 0.0166 0.0547 0.0196 0.0303 0.0169 0.0378 
      H029.7  2 0.0177 0.0141 0.8970 0.0065 0.0087 0.0161 0.0109 0.0074 0.0065 0.0045 0.0106 
      H030.1  2 0.0049 0.0113 0.0416 0.0136 0.0356 0.0992 0.0355 0.0164 0.0189 0.6737 0.0493 
      H030.2  2 0.1014 0.0068 0.1098 0.0214 0.1419 0.1978 0.0139 0.0122 0.0340 0.3062 0.0545 
      H038.1  2 0.0275 0.0084 0.9104 0.0084 0.0059 0.0062 0.0057 0.0075 0.0060 0.0062 0.0078 
      H038.2  2 0.0065 0.0035 0.9208 0.0058 0.0090 0.0072 0.0086 0.0054 0.0079 0.0138 0.0113 
      H038.3  2 0.0454 0.0058 0.8038 0.0160 0.0247 0.0080 0.0090 0.0095 0.0196 0.0257 0.0324 
      H038.4  2 0.0432 0.0060 0.8549 0.0121 0.0188 0.0057 0.0061 0.0074 0.0199 0.0112 0.0147 
      H038.5  2 0.0290 0.0038 0.8599 0.0312 0.0138 0.0094 0.0082 0.0067 0.0094 0.0195 0.0091 
      H038.6  2 0.0089 0.0057 0.9287 0.0095 0.0062 0.0059 0.0099 0.0048 0.0043 0.0075 0.0087 
      H038.7  2 0.0123 0.0040 0.8877 0.0090 0.0149 0.0045 0.0067 0.0067 0.0062 0.0131 0.0349 
      H038.8  2 0.1042 0.0055 0.7530 0.0202 0.0137 0.0089 0.0080 0.0080 0.0122 0.0479 0.0185 
      H041.1  2 0.0288 0.0226 0.3568 0.0061 0.2558 0.1704 0.0188 0.0160 0.0960 0.0112 0.0174 
      H041.2  2 0.0181 0.0065 0.4376 0.0074 0.0796 0.0709 0.0102 0.0202 0.3126 0.0124 0.0245 
      H041.4  2 0.0172 0.0215 0.7367 0.0135 0.0512 0.0350 0.0105 0.0263 0.0584 0.0158 0.0137 
      H041.6  2 0.0180 0.0358 0.6294 0.0140 0.0317 0.0722 0.0096 0.0499 0.0905 0.0218 0.0271 
 H042.1_2002  2 0.0162 0.0297 0.0141 0.0349 0.0096 0.5832 0.0460 0.1020 0.1260 0.0194 0.0188 
 H042.1_2003  2 0.1482 0.0158 0.1259 0.0411 0.1034 0.0334 0.1301 0.0741 0.1832 0.0407 0.1041 
 H042.2_2002  2 0.0392 0.0206 0.6230 0.0220 0.0383 0.0597 0.0991 0.0056 0.0632 0.0210 0.0080 
 H042.2_2003  2 0.0059 0.0146 0.2648 0.0122 0.0289 0.0140 0.0362 0.0460 0.5237 0.0118 0.0419 
 H042.3_2002  2 0.0281 0.0251 0.0182 0.0351 0.0379 0.3058 0.0781 0.0398 0.3845 0.0310 0.0164 
 H042.3_2003  2 0.0435 0.0334 0.1908 0.0376 0.1104 0.0954 0.1462 0.0501 0.2540 0.0246 0.0141 
 H042.4_2002  2 0.0222 0.0098 0.0597 0.0171 0.0141 0.5181 0.0415 0.0522 0.1403 0.1076 0.0174 
 H042.4_2003  2 0.0080 0.0547 0.1556 0.0147 0.0345 0.5032 0.0222 0.0585 0.0693 0.0336 0.0458 
      H042.5  2 0.0040 0.0414 0.0139 0.0088 0.0239 0.8218 0.0244 0.0198 0.0241 0.0097 0.0082 
      H042.6  2 0.0104 0.1523 0.0243 0.0368 0.0176 0.6722 0.0141 0.0158 0.0171 0.0129 0.0265 
      H042.7  2 0.0056 0.0203 0.0559 0.0266 0.0244 0.2420 0.0171 0.0304 0.4011 0.0062 0.1706 
      H042.8  2 0.0317 0.0212 0.0439 0.0112 0.0520 0.5048 0.0696 0.0147 0.2332 0.0070 0.0107 
   H042_2002  2 0.0615 0.2139 0.1878 0.0709 0.0876 0.0198 0.0556 0.0514 0.1159 0.0134 0.1223 
   H042_2003  2 0.0639 0.1989 0.1703 0.0924 0.1204 0.0160 0.0517 0.0667 0.0915 0.0136 0.1146 
      H043.1  2 0.1409 0.0168 0.0244 0.5740 0.1666 0.0139 0.0092 0.0094 0.0063 0.0168 0.0217 
      H043.2  2 0.2923 0.2158 0.0669 0.2736 0.0088 0.0077 0.0205 0.0777 0.0171 0.0073 0.0124 
      H043.3  2 0.0353 0.0350 0.3183 0.1556 0.0470 0.0075 0.0111 0.0308 0.0104 0.0085 0.3405 
      H043.4  2 0.2419 0.3635 0.0806 0.0987 0.0627 0.0062 0.0113 0.0437 0.0120 0.0093 0.0702 
      H043.5  2 0.3753 0.0111 0.1984 0.2706 0.0278 0.0081 0.0134 0.0480 0.0182 0.0122 0.0168 
      H043.6  2 0.3363 0.0220 0.3350 0.1561 0.0110 0.0095 0.0119 0.0588 0.0161 0.0130 0.0303 
      H043.7  2 0.1851 0.1410 0.0487 0.1039 0.0548 0.0053 0.0059 0.1953 0.0176 0.0130 0.2295 
      H043.8  2 0.0282 0.0243 0.0212 0.7437 0.0179 0.0100 0.0126 0.0480 0.0229 0.0444 0.0270 
      H043.9  2 0.0792 0.0472 0.0746 0.5479 0.1369 0.0161 0.0090 0.0113 0.0086 0.0135 0.0558 
      H047.1  2 0.0085 0.0148 0.4499 0.0144 0.4162 0.0077 0.0221 0.0222 0.0112 0.0076 0.0253 
      H047.2  2 0.0055 0.0099 0.1980 0.0110 0.6321 0.0265 0.0331 0.0192 0.0149 0.0159 0.0339 
      H047.3  2 0.0041 0.0162 0.1258 0.0093 0.7363 0.0111 0.0273 0.0109 0.0314 0.0108 0.0169 
      H047.4  2 0.0042 0.0110 0.2961 0.0130 0.5003 0.0171 0.0178 0.0250 0.0393 0.0129 0.0634 
      H047.5  2 0.0040 0.0453 0.1088 0.0064 0.7539 0.0060 0.0183 0.0101 0.0215 0.0089 0.0168 
      H047.6  2 0.0065 0.0073 0.0245 0.0073 0.8784 0.0117 0.0081 0.0191 0.0174 0.0059 0.0140 
      H047.7  2 0.0132 0.0087 0.3922 0.0098 0.5009 0.0114 0.0130 0.0112 0.0213 0.0069 0.0115 
      H047.8  2 0.0042 0.0131 0.0578 0.0105 0.8155 0.0104 0.0230 0.0178 0.0276 0.0065 0.0136 
      H047.9  2 0.0042 0.0543 0.2484 0.0104 0.5522 0.0082 0.0308 0.0126 0.0367 0.0096 0.0326 
 H071.1_2002  2 0.0054 0.0107 0.9220 0.0056 0.0067 0.0062 0.0086 0.0090 0.0062 0.0079 0.0118 
 H071.1_2003  2 0.0130 0.1763 0.6200 0.0093 0.0101 0.0085 0.0111 0.0338 0.0161 0.0526 0.0492 
     H071.10  2 0.0078 0.0054 0.8998 0.0259 0.0082 0.0071 0.0040 0.0047 0.0058 0.0233 0.0079 
 H071.2_2002  2 0.0089 0.0143 0.9046 0.0175 0.0083 0.0050 0.0064 0.0111 0.0085 0.0078 0.0075 
 H071.2_2003  2 0.0035 0.0107 0.9428 0.0048 0.0053 0.0056 0.0043 0.0054 0.0043 0.0060 0.0072 
      H071.3  2 0.0082 0.0062 0.8950 0.0101 0.0185 0.0074 0.0060 0.0057 0.0107 0.0225 0.0099 
 H071.4_2002  2 0.0173 0.0092 0.8499 0.0513 0.0133 0.0074 0.0056 0.0116 0.0087 0.0184 0.0074 
 H071.4_2003  2 0.0032 0.0044 0.9344 0.0147 0.0074 0.0048 0.0052 0.0042 0.0049 0.0103 0.0066 
 H071.5_2002  2 0.0055 0.0097 0.9292 0.0100 0.0070 0.0059 0.0049 0.0046 0.0050 0.0106 0.0076 
 H071.5_2003  2 0.0045 0.0089 0.8836 0.0185 0.0148 0.0044 0.0090 0.0124 0.0091 0.0234 0.0115 
 H071.6_2002  2 0.0070 0.0068 0.9008 0.0336 0.0105 0.0051 0.0050 0.0065 0.0060 0.0105 0.0081 
 H071.6_2003  2 0.0039 0.0061 0.9118 0.0104 0.0093 0.0047 0.0055 0.0127 0.0059 0.0188 0.0108 
 H071.7_2002  2 0.0042 0.0083 0.9398 0.0070 0.0066 0.0041 0.0053 0.0064 0.0049 0.0043 0.0092 
 H071.7_2003  2 0.0053 0.0119 0.8855 0.0109 0.0106 0.0051 0.0079 0.0107 0.0072 0.0325 0.0124 
      H071.8  2 0.0090 0.0155 0.9094 0.0131 0.0069 0.0063 0.0073 0.0105 0.0085 0.0055 0.0079 
      H071.9  2 0.0207 0.0185 0.6496 0.1372 0.0628 0.0124 0.0068 0.0228 0.0181 0.0393 0.0117 
 H081.1_2002  2 0.0047 0.0185 0.9258 0.0049 0.0051 0.0061 0.0062 0.0073 0.0073 0.0065 0.0078 
 H081.1_2003  2 0.3078 0.0196 0.0872 0.0298 0.0178 0.0505 0.0339 0.0851 0.0201 0.1746 0.1736 
 H081.2_2002  2 0.0045 0.0674 0.8623 0.0074 0.0090 0.0059 0.0058 0.0108 0.0091 0.0061 0.0117 
 H081.2_2003  2 0.0111 0.0782 0.0336 0.1204 0.0098 0.0227 0.0084 0.0213 0.0088 0.6740 0.0119 
 H081.3_2002  2 0.0092 0.0337 0.8656 0.0101 0.0148 0.0074 0.0051 0.0206 0.0117 0.0101 0.0116 
 H081.3_2003  2 0.0169 0.0504 0.0149 0.1675 0.0181 0.0124 0.0219 0.0528 0.0114 0.6241 0.0095 
 H081.4_2002  2 0.0033 0.0066 0.9238 0.0076 0.0090 0.0081 0.0081 0.0076 0.0065 0.0103 0.0091 
 H081.4_2003  2 0.0196 0.0485 0.0311 0.0465 0.0125 0.0290 0.0224 0.1235 0.0222 0.5766 0.0682 
 H081.5_2002  2 0.0052 0.0104 0.9163 0.0085 0.0077 0.0059 0.0066 0.0109 0.0060 0.0108 0.0118 
 H081.5_2003  2 0.0388 0.1025 0.0684 0.0157 0.0339 0.0325 0.0284 0.1921 0.0426 0.1974 0.2476 
      H081.6  2 0.0057 0.0166 0.9223 0.0057 0.0051 0.0051 0.0066 0.0056 0.0062 0.0089 0.0123 
      H081.7  2 0.0064 0.1200 0.7916 0.0116 0.0090 0.0074 0.0062 0.0172 0.0089 0.0132 0.0084 
      H081.8  2 0.0150 0.0112 0.8047 0.0442 0.0140 0.0133 0.0075 0.0135 0.0147 0.0490 0.0128 
      H083.1  2 0.0076 0.0069 0.9079 0.0100 0.0155 0.0134 0.0080 0.0047 0.0055 0.0112 0.0092 
      H083.2  2 0.0103 0.0174 0.8197 0.0184 0.0603 0.0212 0.0074 0.0165 0.0075 0.0100 0.0113 
      H083.4  2 0.0167 0.0195 0.7937 0.0668 0.0239 0.0394 0.0076 0.0100 0.0083 0.0073 0.0067 
      H083.5  2 0.0294 0.0130 0.8557 0.0111 0.0122 0.0387 0.0070 0.0058 0.0080 0.0076 0.0115 
      H083.6  2 0.0113 0.0113 0.8665 0.0136 0.0064 0.0410 0.0117 0.0057 0.0125 0.0109 0.0090 
      H083.7  2 0.0153 0.0167 0.7894 0.0456 0.0205 0.0563 0.0103 0.0120 0.0158 0.0101 0.0079 
      H083.8  2 0.0075 0.0165 0.7948 0.0127 0.1021 0.0204 0.0105 0.0093 0.0073 0.0070 0.0118 
      H083.9  2 0.0099 0.0082 0.8915 0.0079 0.0104 0.0355 0.0075 0.0043 0.0078 0.0075 0.0095 
      H084.1  2 0.0516 0.0077 0.0118 0.0086 0.0186 0.0166 0.0112 0.0076 0.0122 0.8477 0.0064 
      H084.2  2 0.0854 0.0057 0.0135 0.0191 0.0129 0.0212 0.0138 0.0139 0.0068 0.7964 0.0113 
      H084.3  2 0.1554 0.0079 0.0069 0.0114 0.0129 0.0138 0.0136 0.0095 0.0527 0.7048 0.0111 
      H084.4  2 0.2179 0.0061 0.0143 0.0097 0.0148 0.0225 0.0210 0.0130 0.0721 0.5447 0.0640 
      H084.5  2 0.0388 0.0090 0.0063 0.0082 0.0334 0.0056 0.0099 0.0083 0.0363 0.8281 0.0163 
      H084.6  2 0.0656 0.0079 0.0071 0.0097 0.0285 0.0100 0.0064 0.0065 0.0420 0.8058 0.0105 
      H084.7  2 0.0131 0.0068 0.0116 0.0112 0.0139 0.0121 0.0152 0.0100 0.0077 0.8911 0.0073 
      H084.8  2 0.0458 0.0085 0.0056 0.0055 0.0275 0.0093 0.0108 0.0068 0.0301 0.8382 0.0120 
 H085.1_2002  2 0.0206 0.8645 0.0323 0.0079 0.0122 0.0187 0.0058 0.0131 0.0068 0.0111 0.0071 
 H085.1_2003  2 0.0165 0.1065 0.5826 0.0293 0.0301 0.1539 0.0140 0.0122 0.0291 0.0133 0.0125 
 H085.2_2002  2 0.0592 0.5570 0.0223 0.0247 0.0077 0.0951 0.0076 0.1515 0.0230 0.0349 0.0170 
 H085.2_2003  2 0.0128 0.0199 0.7590 0.0158 0.0241 0.0821 0.0184 0.0158 0.0112 0.0172 0.0236 
 H085.3_2002  2 0.0045 0.9168 0.0081 0.0054 0.0060 0.0143 0.0061 0.0160 0.0102 0.0050 0.0076 
 H085.3_2003  2 0.0052 0.0656 0.7885 0.0158 0.0155 0.0097 0.0175 0.0088 0.0215 0.0137 0.0383 
 H085.4_2002  2 0.0449 0.7156 0.0766 0.0243 0.0108 0.0239 0.0097 0.0463 0.0203 0.0159 0.0117 
 H085.4_2003  2 0.0079 0.0117 0.7857 0.0098 0.0171 0.0216 0.0102 0.0309 0.0468 0.0305 0.0278 
 H085.5_2002  2 0.0046 0.9381 0.0079 0.0058 0.0053 0.0048 0.0054 0.0076 0.0074 0.0055 0.0077 
 H085.5_2003  2 0.0080 0.0180 0.8445 0.0133 0.0121 0.0461 0.0128 0.0110 0.0108 0.0158 0.0078 
 H085.6_2002  2 0.0098 0.8953 0.0115 0.0064 0.0138 0.0154 0.0048 0.0193 0.0069 0.0081 0.0087 
 H085.6_2003  2 0.0071 0.0689 0.1400 0.0130 0.0400 0.0147 0.0197 0.0679 0.1772 0.0181 0.4334 
 H085.7_2002  2 0.0162 0.6567 0.0607 0.0156 0.0136 0.0828 0.0108 0.0780 0.0127 0.0217 0.0312 
 H085.7_2003  2 0.0102 0.0277 0.8030 0.0180 0.0414 0.0127 0.0122 0.0110 0.0360 0.0078 0.0201 
 H085.8_2002  2 0.0179 0.5296 0.0370 0.0373 0.0100 0.0182 0.0104 0.1340 0.0649 0.0167 0.1240 
 H085.8_2003  2 0.0153 0.0457 0.2420 0.0137 0.0695 0.4368 0.0192 0.0372 0.0662 0.0248 0.0295 
      H085.9  2 0.0266 0.8162 0.0403 0.0146 0.0084 0.0217 0.0092 0.0171 0.0123 0.0175 0.0161 
      H088.1  2 0.0088 0.0180 0.0127 0.0887 0.0093 0.7573 0.0316 0.0312 0.0178 0.0157 0.0090 
      H088.2  2 0.0087 0.0413 0.0138 0.0195 0.0199 0.7640 0.0135 0.0272 0.0171 0.0151 0.0598 
      H088.3  2 0.0063 0.0178 0.0091 0.0192 0.0248 0.8316 0.0107 0.0163 0.0086 0.0126 0.0431 
      H088.4  2 0.0095 0.0072 0.0506 0.0263 0.0171 0.6204 0.0543 0.0266 0.0157 0.0525 0.1198 
      H088.5  2 0.0069 0.0076 0.0088 0.0161 0.0086 0.8793 0.0139 0.0229 0.0144 0.0115 0.0101 
      H088.6  2 0.0073 0.0073 0.0293 0.0252 0.0215 0.8042 0.0233 0.0112 0.0366 0.0226 0.0115 
      H088.7  2 0.0110 0.0168 0.1711 0.0162 0.1733 0.4681 0.0226 0.0111 0.0421 0.0303 0.0374 
      H088.8  2 0.0124 0.0096 0.2731 0.0768 0.0605 0.3593 0.0672 0.0208 0.0470 0.0558 0.0175 
      H091.1  2 0.0068 0.0167 0.0153 0.0175 0.0240 0.8343 0.0177 0.0113 0.0240 0.0084 0.0239 
      H091.2  2 0.0060 0.0130 0.0355 0.0290 0.0271 0.7773 0.0156 0.0125 0.0631 0.0044 0.0165 
      H109.1  2 0.0476 0.0334 0.0186 0.1577 0.5720 0.0355 0.0128 0.0184 0.0339 0.0611 0.0090 
      H109.2  2 0.0230 0.0098 0.0733 0.0391 0.2818 0.0195 0.0149 0.0268 0.0507 0.4226 0.0384 
      H109.3  2 0.0135 0.0064 0.0523 0.0602 0.5869 0.0135 0.0577 0.0125 0.0714 0.0935 0.0322 
      H109.4  2 0.0310 0.0110 0.0403 0.4265 0.1967 0.0211 0.0248 0.0239 0.0720 0.1311 0.0215 
      H109.5  2 0.0051 0.0085 0.3889 0.0086 0.1457 0.0160 0.0262 0.0121 0.3038 0.0549 0.0303 
      H109.6  2 0.0228 0.0146 0.0332 0.1070 0.3215 0.0144 0.0201 0.0229 0.0452 0.3654 0.0331 
      H126.1  2 0.0173 0.1515 0.0215 0.1334 0.0619 0.0184 0.1714 0.3118 0.0449 0.0143 0.0535 
      H126.2  2 0.0703 0.0477 0.5301 0.1491 0.0401 0.0131 0.0234 0.0581 0.0117 0.0163 0.0401 
      H126.3  2 0.0329 0.0281 0.6915 0.0802 0.0532 0.0139 0.0321 0.0308 0.0211 0.0056 0.0105 
      H126.4  2 0.0302 0.0316 0.0971 0.0676 0.0189 0.0265 0.2343 0.4301 0.0160 0.0212 0.0264 
      H126.5  2 0.0066 0.0530 0.3126 0.0916 0.0132 0.0096 0.0704 0.1243 0.0092 0.0069 0.3026 
      H126.6  2 0.0055 0.1274 0.7428 0.0114 0.0255 0.0109 0.0096 0.0237 0.0048 0.0047 0.0337 
      H126.7  2 0.0036 0.0293 0.8897 0.0143 0.0105 0.0087 0.0102 0.0079 0.0054 0.0066 0.0138 
      H130.1  2 0.0079 0.0114 0.0093 0.0457 0.0131 0.0241 0.0224 0.8278 0.0116 0.0107 0.0159 
      H130.2  2 0.0087 0.0173 0.0322 0.0661 0.0289 0.0475 0.0390 0.0910 0.0148 0.6400 0.0144 
      H130.3  2 0.0043 0.0080 0.0238 0.0397 0.0196 0.0215 0.5083 0.0857 0.0067 0.2711 0.0113 
      H130.4  2 0.0268 0.0170 0.0093 0.1086 0.0232 0.0315 0.0685 0.6523 0.0131 0.0344 0.0151 
      H130.5  2 0.0068 0.0364 0.0642 0.0220 0.0124 0.0851 0.0163 0.3964 0.0144 0.3248 0.0212 
      H133.1  2 0.1049 0.0183 0.0601 0.0188 0.3499 0.0370 0.1161 0.1882 0.0176 0.0633 0.0258 
      H133.2  2 0.0129 0.1668 0.0353 0.0410 0.3331 0.0202 0.0302 0.1009 0.0216 0.1686 0.0694 
      H133.3  2 0.1143 0.0659 0.1406 0.0136 0.4197 0.0306 0.0733 0.0420 0.0317 0.0379 0.0304 
      H133.4  2 0.0391 0.0272 0.0117 0.0427 0.7577 0.0104 0.0228 0.0210 0.0151 0.0370 0.0155 
      H133.5  2 0.0360 0.1398 0.0225 0.0861 0.2050 0.0415 0.2144 0.0862 0.0076 0.1153 0.0457 
      H133.6  2 0.0148 0.1327 0.0279 0.1339 0.1165 0.0928 0.0469 0.1221 0.0208 0.2323 0.0593 
      H133.7  2 0.0418 0.0234 0.0253 0.0078 0.7644 0.0089 0.0137 0.0158 0.0739 0.0138 0.0110 
      H133.8  2 0.0726 0.1051 0.0266 0.0535 0.5792 0.0188 0.0245 0.0387 0.0467 0.0245 0.0098 
      H133.9  2 0.1074 0.0165 0.0391 0.0137 0.3156 0.0443 0.2165 0.1651 0.0144 0.0486 0.0188 
      H147.1  2 0.0212 0.0461 0.4261 0.0049 0.0232 0.0782 0.0063 0.0230 0.1995 0.1087 0.0627 
      H147.2  2 0.0053 0.0181 0.8765 0.0051 0.0063 0.0109 0.0061 0.0137 0.0126 0.0160 0.0293 
      H147.3  2 0.0056 0.0405 0.8636 0.0039 0.0068 0.0071 0.0112 0.0114 0.0119 0.0221 0.0159 
      H147.4  2 0.0272 0.0174 0.8702 0.0037 0.0060 0.0089 0.0079 0.0065 0.0118 0.0319 0.0086 
      H147.5  2 0.0086 0.0307 0.5985 0.0073 0.0089 0.1122 0.0364 0.0127 0.0275 0.1144 0.0428 
      H147.6  2 0.0097 0.0184 0.5099 0.0098 0.0152 0.1239 0.0444 0.0099 0.0220 0.1890 0.0476 
      H147.7  2 0.0219 0.0122 0.8344 0.0044 0.0106 0.0078 0.0092 0.0076 0.0254 0.0514 0.0151 
      H147.8  2 0.0286 0.0093 0.7824 0.0062 0.0117 0.0712 0.0094 0.0042 0.0083 0.0572 0.0114 
      H147.9  2 0.0071 0.0257 0.8898 0.0047 0.0051 0.0068 0.0073 0.0106 0.0099 0.0109 0.0219 
      H148.1  2 0.0640 0.0097 0.0156 0.0367 0.0331 0.0436 0.0115 0.5477 0.0985 0.0818 0.0579 
      H148.2  2 0.1008 0.0169 0.0276 0.0320 0.0406 0.0207 0.0151 0.2259 0.4320 0.0634 0.0250 
      H148.3  2 0.0312 0.0096 0.0093 0.0160 0.0100 0.0068 0.0096 0.0114 0.8523 0.0220 0.0217 
      H148.4  2 0.0758 0.0132 0.0227 0.0473 0.0228 0.0195 0.0235 0.3388 0.2955 0.0277 0.1132 
      H148.5  2 0.1092 0.0086 0.0168 0.0569 0.0125 0.0468 0.0400 0.0286 0.5189 0.1204 0.0411 
      H148.6  2 0.1687 0.0109 0.0232 0.0197 0.0163 0.0402 0.0121 0.1285 0.4816 0.0646 0.0341 
      H148.7  2 0.0569 0.0092 0.0140 0.1171 0.0282 0.0281 0.0842 0.0820 0.4987 0.0492 0.0324 
      H148.8  2 0.0479 0.0128 0.0075 0.0141 0.0058 0.0194 0.0131 0.1793 0.6619 0.0244 0.0138 
      H148.9  2 0.2522 0.0883 0.0099 0.0592 0.1121 0.0205 0.0482 0.1057 0.2206 0.0524 0.0307 
   H166022.1  2 0.0098 0.0122 0.0140 0.0050 0.0083 0.8953 0.0059 0.0060 0.0143 0.0203 0.0089 
   H166022.2  2 0.0112 0.0134 0.0377 0.0128 0.0135 0.7176 0.0138 0.0112 0.0148 0.0866 0.0672 
   H166022.3  2 0.0051 0.0045 0.0066 0.0123 0.0067 0.9135 0.0122 0.0074 0.0077 0.0142 0.0098 
   H166022.4  2 0.0063 0.0050 0.0087 0.0192 0.0096 0.8873 0.0209 0.0052 0.0059 0.0127 0.0193 
   H166022.5  2 0.0051 0.0061 0.0136 0.0110 0.0102 0.7696 0.0179 0.0064 0.0098 0.1284 0.0219 
   H166022.6  2 0.0172 0.0113 0.0095 0.0069 0.0080 0.8522 0.0121 0.0255 0.0104 0.0193 0.0277 
   H166022.7  2 0.0111 0.0058 0.0122 0.9120 0.0136 0.0058 0.0083 0.0081 0.0065 0.0101 0.0063 
   H166022.8  2 0.0085 0.0341 0.0175 0.0077 0.0092 0.5298 0.0210 0.0546 0.0199 0.1299 0.1678 
   H167397.1  2 0.5151 0.0068 0.0952 0.0134 0.0139 0.0374 0.0087 0.0188 0.2255 0.0413 0.0238 
   H167397.2  2 0.5981 0.0802 0.0613 0.0087 0.0121 0.0493 0.0226 0.0757 0.0262 0.0154 0.0504 
   H167397.3  2 0.6136 0.0072 0.1292 0.0060 0.0332 0.0455 0.0140 0.0240 0.0895 0.0183 0.0194 
   H167397.4  2 0.7159 0.0461 0.0499 0.0095 0.0446 0.0199 0.0184 0.0083 0.0565 0.0183 0.0125 
   H167397.5  2 0.6689 0.0078 0.0359 0.0266 0.0087 0.0293 0.0204 0.0337 0.0626 0.0467 0.0595 
   H167397.6  2 0.6171 0.0142 0.0851 0.0093 0.0722 0.0361 0.0296 0.0233 0.0891 0.0078 0.0161 
   H167496.1  2 0.0094 0.0129 0.0279 0.1043 0.0973 0.2689 0.0553 0.0252 0.2278 0.0759 0.0950 
   H167496.2  2 0.0159 0.0188 0.1123 0.1439 0.1401 0.0205 0.0165 0.0381 0.0826 0.0533 0.3579 
   H167496.3  2 0.0112 0.3628 0.0371 0.0331 0.0466 0.2052 0.0704 0.0662 0.0789 0.0226 0.0660 
   H167496.4  2 0.0070 0.0127 0.0248 0.0099 0.0102 0.8689 0.0121 0.0067 0.0095 0.0112 0.0271 
   H167496.6  2 0.0054 0.0086 0.0282 0.0097 0.0090 0.0773 0.0222 0.0096 0.0092 0.0119 0.8089 
   H167496.7  2 0.0085 0.0126 0.0261 0.0461 0.1054 0.0882 0.0318 0.1513 0.2721 0.0441 0.2137 
   H167496.8  2 0.0083 0.0121 0.0420 0.0116 0.0160 0.1202 0.0112 0.0091 0.0178 0.0312 0.7205 
   H167513.1  2 0.0087 0.0089 0.0080 0.0087 0.8976 0.0131 0.0094 0.0113 0.0100 0.0105 0.0137 
   H167513.2  2 0.0293 0.0089 0.0076 0.0078 0.8348 0.0100 0.0137 0.0266 0.0355 0.0094 0.0164 
   H167513.3  2 0.0085 0.0081 0.0098 0.0155 0.7730 0.0274 0.0752 0.0082 0.0111 0.0533 0.0099 
   H167513.4  2 0.0063 0.0074 0.0082 0.0101 0.8692 0.0335 0.0083 0.0134 0.0114 0.0207 0.0116 
   H167513.5  2 0.0261 0.0116 0.0079 0.0060 0.8836 0.0109 0.0053 0.0144 0.0162 0.0086 0.0096 
   H167513.6  2 0.0116 0.0205 0.0097 0.0084 0.8230 0.0320 0.0093 0.0163 0.0224 0.0329 0.0141 
   H167513.7  2 0.0274 0.0107 0.0102 0.0086 0.8792 0.0212 0.0080 0.0085 0.0055 0.0124 0.0082 
   H167513.8  2 0.0192 0.0060 0.0074 0.0140 0.8809 0.0071 0.0127 0.0053 0.0053 0.0328 0.0091 
   H167547.1  2 0.0275 0.0092 0.0094 0.0200 0.0147 0.0248 0.0190 0.1147 0.7283 0.0171 0.0154 
   H167547.2  2 0.0102 0.0066 0.0091 0.0059 0.0108 0.0327 0.0075 0.0117 0.8889 0.0106 0.0059 
   H167547.3  2 0.0121 0.0072 0.0066 0.0063 0.0094 0.0265 0.0079 0.0119 0.8931 0.0111 0.0081 
   H167547.4  2 0.0359 0.0165 0.0089 0.0415 0.0115 0.6589 0.0310 0.0937 0.0677 0.0205 0.0140 
   H167547.5  2 0.0081 0.0096 0.0112 0.0114 0.0111 0.0848 0.0099 0.0219 0.8110 0.0150 0.0060 
   H167547.6  2 0.0077 0.0112 0.0083 0.0085 0.0133 0.0845 0.0081 0.0218 0.8141 0.0161 0.0064 
   H167547.7  2 0.0242 0.1911 0.0265 0.1355 0.1501 0.0281 0.0304 0.0728 0.2829 0.0376 0.0207 
   H169750.1  2 0.0158 0.0221 0.0317 0.0751 0.3509 0.1680 0.0487 0.1516 0.0166 0.0395 0.0800 
   H169750.2  2 0.0454 0.0406 0.1461 0.0300 0.1980 0.0170 0.0724 0.0973 0.0803 0.1329 0.1398 
   H169750.3  2 0.0052 0.0445 0.0401 0.1807 0.4618 0.0311 0.0295 0.0231 0.0181 0.1374 0.0285 
   H169750.4  2 0.0854 0.0270 0.0301 0.0192 0.2544 0.0153 0.1236 0.1287 0.0364 0.0160 0.2641 
   H169750.5  2 0.0113 0.0273 0.1110 0.0457 0.4817 0.1203 0.0445 0.0891 0.0111 0.0334 0.0245 
   H169750.6  2 0.0116 0.0451 0.4409 0.0684 0.1809 0.0310 0.0472 0.0573 0.0165 0.0703 0.0308 
   H169750.7  2 0.0248 0.0969 0.0640 0.1049 0.3206 0.0162 0.0755 0.0381 0.0286 0.0340 0.1963 
   H171929.1  2 0.1572 0.1041 0.0125 0.0140 0.6174 0.0110 0.0094 0.0320 0.0294 0.0069 0.0060 
  H171929.10  2 0.0610 0.0951 0.0360 0.0090 0.5685 0.0560 0.0086 0.0332 0.0741 0.0410 0.0175 
  H171929.11  2 0.0843 0.0418 0.0110 0.0110 0.7676 0.0112 0.0178 0.0194 0.0187 0.0116 0.0057 
   H171929.2  2 0.0047 0.0114 0.0060 0.0065 0.9144 0.0095 0.0072 0.0149 0.0128 0.0075 0.0050 
   H171929.3  2 0.0287 0.0114 0.0108 0.0081 0.8596 0.0171 0.0117 0.0135 0.0235 0.0097 0.0060 
   H171929.4  2 0.0069 0.1171 0.0352 0.0232 0.4665 0.1013 0.0503 0.0919 0.0811 0.0153 0.0113 
   H171929.5  2 0.0139 0.0085 0.0065 0.0122 0.9063 0.0080 0.0082 0.0099 0.0107 0.0097 0.0061 
   H171929.6  2 0.0171 0.0081 0.0062 0.0113 0.9135 0.0063 0.0070 0.0091 0.0068 0.0090 0.0057 
   H171929.7  2 0.0072 0.0910 0.0148 0.0114 0.7727 0.0096 0.0172 0.0559 0.0092 0.0054 0.0057 
   H171929.8  2 0.0120 0.1183 0.0104 0.0166 0.6808 0.0183 0.0092 0.0980 0.0179 0.0098 0.0086 
   H171929.9  2 0.0053 0.1445 0.0251 0.0206 0.6531 0.0304 0.0129 0.0543 0.0109 0.0259 0.0170 
   H171930.1  2 0.0438 0.0048 0.0090 0.0440 0.1626 0.0090 0.0589 0.0220 0.0524 0.5796 0.0140 
   H171930.2  2 0.0085 0.0106 0.0188 0.0919 0.0209 0.0382 0.0312 0.0170 0.0445 0.7025 0.0159 
   H171930.3  2 0.0148 0.0073 0.0073 0.0293 0.0116 0.0109 0.0351 0.0066 0.0364 0.8305 0.0102 
   H171930.4  2 0.0116 0.0047 0.0078 0.0686 0.0140 0.0227 0.0387 0.0064 0.0523 0.7553 0.0179 
   H171930.5  2 0.0226 0.0114 0.0211 0.1428 0.0892 0.0176 0.0426 0.0472 0.0247 0.5699 0.0110 
   H171930.6  2 0.0075 0.0043 0.0146 0.0264 0.0106 0.0103 0.0242 0.0055 0.0135 0.8726 0.0104 
   H171930.7  2 0.0230 0.0088 0.0097 0.0134 0.0240 0.0064 0.0226 0.0075 0.0152 0.8575 0.0119 
   H171930.8  2 0.0124 0.0055 0.0101 0.0105 0.0325 0.0074 0.0188 0.0086 0.0243 0.8354 0.0346 
   H171933.1  2 0.0312 0.0082 0.0091 0.0087 0.0112 0.8637 0.0071 0.0102 0.0263 0.0179 0.0065 
   H171933.2  2 0.0420 0.0302 0.0140 0.0076 0.0132 0.8189 0.0072 0.0080 0.0199 0.0234 0.0156 
   H171933.3  2 0.0159 0.0449 0.0078 0.0098 0.0130 0.8125 0.0087 0.0080 0.0363 0.0303 0.0129 
   H171933.4  2 0.0056 0.0145 0.0088 0.0103 0.0166 0.7956 0.0118 0.0118 0.0088 0.0850 0.0313 
   H171933.5  2 0.0105 0.0175 0.0078 0.0271 0.0711 0.4432 0.0999 0.0496 0.0501 0.1521 0.0711 
   H171933.6  2 0.0046 0.0077 0.0117 0.0100 0.0074 0.9169 0.0106 0.0065 0.0082 0.0087 0.0077 
   H171933.7  2 0.0276 0.0717 0.0101 0.0175 0.0138 0.6590 0.0244 0.0178 0.0374 0.0808 0.0400 
   H171933.8  2 0.0439 0.0497 0.0147 0.0157 0.0499 0.4806 0.0107 0.0154 0.0180 0.2340 0.0673 
   H171933.9  2 0.0043 0.0098 0.0067 0.0108 0.0099 0.9038 0.0136 0.0068 0.0083 0.0163 0.0099 
      H190.1  2 0.0052 0.0054 0.0159 0.0326 0.0121 0.0232 0.0662 0.0312 0.0202 0.7659 0.0220 
      H190.2  2 0.0045 0.0310 0.0248 0.0096 0.0118 0.0086 0.0096 0.0128 0.8368 0.0148 0.0356 
      H190.3  2 0.0102 0.0397 0.0221 0.0180 0.0115 0.0284 0.0191 0.0994 0.7118 0.0266 0.0131 
      H190.4  2 0.0068 0.0087 0.0080 0.0175 0.0098 0.0606 0.0204 0.0258 0.0114 0.8250 0.0060 
      H190.5  2 0.0067 0.0705 0.0666 0.0279 0.0397 0.0205 0.0230 0.0184 0.5713 0.0317 0.1237 
      H190.6  2 0.0080 0.0135 0.0096 0.0247 0.0103 0.0482 0.0217 0.0383 0.0187 0.8006 0.0064 
      H190.7  2 0.0113 0.5556 0.0192 0.0180 0.0175 0.0475 0.0378 0.0886 0.0958 0.0712 0.0374 
      H190.8  2 0.0052 0.0909 0.0327 0.0341 0.0300 0.0196 0.0547 0.0290 0.2538 0.1422 0.3078 
      H190.9  2 0.0117 0.1733 0.0133 0.0151 0.0945 0.0273 0.0451 0.0933 0.3369 0.0903 0.0992 
      H400.1  2 0.0092 0.0062 0.0078 0.0083 0.0099 0.8946 0.0118 0.0141 0.0051 0.0199 0.0130 
      H400.2  2 0.0096 0.0077 0.0189 0.0076 0.0197 0.8912 0.0059 0.0078 0.0093 0.0151 0.0071 
      H400.3  2 0.0172 0.0104 0.0093 0.0220 0.0190 0.8013 0.0218 0.0372 0.0197 0.0275 0.0144 
      H400.4  2 0.0047 0.0082 0.0253 0.0110 0.0283 0.8425 0.0119 0.0086 0.0175 0.0283 0.0137 
      H400.5  2 0.0062 0.0075 0.0123 0.0120 0.0238 0.8532 0.0143 0.0161 0.0084 0.0408 0.0055 
      H400.6  2 0.0043 0.0213 0.0107 0.0065 0.0111 0.8984 0.0067 0.0111 0.0080 0.0146 0.0070 
      H400.7  2 0.0065 0.0148 0.0077 0.0101 0.0172 0.8739 0.0074 0.0162 0.0105 0.0221 0.0135 
 H428.1_2005  2 0.0059 0.0091 0.0063 0.0074 0.0105 0.9332 0.0069 0.0057 0.0058 0.0051 0.0042 
 H428.1_2006  2 0.0068 0.0136 0.0126 0.0046 0.0151 0.9080 0.0104 0.0055 0.0082 0.0050 0.0103 
 H428.2_2005  2 0.0074 0.0053 0.0055 0.0079 0.0108 0.9311 0.0057 0.0101 0.0054 0.0059 0.0049 
 H428.2_2006  2 0.0079 0.0104 0.0404 0.0062 0.0134 0.8870 0.0056 0.0046 0.0062 0.0109 0.0073 
 H428.3_2005  2 0.0037 0.0060 0.0078 0.0056 0.0080 0.9384 0.0083 0.0053 0.0053 0.0061 0.0054 
 H428.3_2006  2 0.0082 0.0080 0.0274 0.0089 0.0138 0.8946 0.0082 0.0062 0.0078 0.0075 0.0092 
 H428.4_2005  2 0.0055 0.0052 0.0060 0.0060 0.0089 0.9386 0.0080 0.0052 0.0074 0.0047 0.0045 
 H428.4_2006  2 0.0065 0.0095 0.0094 0.0037 0.0050 0.9392 0.0079 0.0046 0.0056 0.0035 0.0051 
 H428.5_2005  2 0.0105 0.0071 0.0124 0.0069 0.0061 0.9303 0.0049 0.0050 0.0060 0.0061 0.0046 
 H428.6_2005  2 0.0043 0.0133 0.0088 0.0054 0.0109 0.9221 0.0078 0.0097 0.0049 0.0059 0.0068 
 H428.6_2006  2 0.0231 0.0209 0.0173 0.0103 0.0131 0.8594 0.0272 0.0071 0.0062 0.0097 0.0055 
      H428.7  2 0.0045 0.0089 0.0085 0.0062 0.0040 0.9410 0.0064 0.0055 0.0046 0.0063 0.0040 
      H428.8  2 0.0146 0.0104 0.0156 0.0106 0.0064 0.9075 0.0096 0.0052 0.0047 0.0102 0.0050 
      H428.9  2 0.0089 0.0064 0.0075 0.0081 0.0069 0.9351 0.0048 0.0060 0.0049 0.0077 0.0037 
      H453.1  2 0.0071 0.0111 0.0513 0.0166 0.0099 0.8088 0.0192 0.0091 0.0074 0.0238 0.0357 
      H453.2  2 0.0061 0.0153 0.0153 0.0154 0.0100 0.7820 0.0222 0.0218 0.0100 0.0718 0.0301 
      H453.3  2 0.0044 0.0263 0.0075 0.0154 0.0094 0.7952 0.0128 0.0583 0.0199 0.0274 0.0234 
      H453.4  2 0.0041 0.0100 0.0106 0.0181 0.0125 0.8095 0.0243 0.0342 0.0125 0.0349 0.0293 
      H453.5  2 0.0070 0.0072 0.1056 0.0108 0.0093 0.7157 0.0314 0.0090 0.0089 0.0832 0.0119 
      H453.6  2 0.0039 0.0052 0.1205 0.0085 0.0046 0.7876 0.0138 0.0052 0.0061 0.0356 0.0090 
      H453.7  2 0.0054 0.1703 0.1327 0.0370 0.0201 0.0568 0.0154 0.2262 0.0297 0.0946 0.2118 
      H453.8  2 0.0050 0.0205 0.0487 0.0249 0.0281 0.1132 0.0150 0.1389 0.0317 0.0803 0.4937 
      H453.9  2 0.0050 0.0655 0.4007 0.0209 0.0116 0.0927 0.0231 0.0623 0.0078 0.1588 0.1517 
      H512.1  2 0.0044 0.0440 0.0279 0.0165 0.0127 0.3746 0.1805 0.0180 0.0106 0.2903 0.0204 
     H512.10  2 0.0768 0.0120 0.0529 0.0326 0.0215 0.1345 0.3157 0.0341 0.0310 0.2221 0.0668 
      H512.2  2 0.0180 0.0142 0.0166 0.0595 0.0142 0.1930 0.2168 0.0372 0.1155 0.0872 0.2278 
      H512.3  2 0.0196 0.0131 0.0135 0.0377 0.0136 0.0627 0.6257 0.0113 0.0286 0.0535 0.1206 
      H512.4  2 0.0197 0.0095 0.0708 0.0401 0.0173 0.1243 0.0342 0.0356 0.0570 0.4490 0.1424 
      H512.5  2 0.0185 0.0062 0.0132 0.1117 0.0216 0.0424 0.5711 0.0183 0.0236 0.0119 0.1614 
      H512.6  2 0.0063 0.0145 0.0118 0.1529 0.0149 0.0390 0.2517 0.0409 0.0520 0.1985 0.2176 
      H512.7  2 0.0130 0.0097 0.0282 0.0382 0.0418 0.0807 0.7289 0.0066 0.0087 0.0106 0.0337 
      H512.8  2 0.0096 0.0135 0.0146 0.0671 0.0286 0.0684 0.2054 0.0176 0.2489 0.1186 0.2076 
      H512.9  2 0.0149 0.0405 0.0173 0.0245 0.0271 0.1285 0.6654 0.0181 0.0095 0.0179 0.0365 
      H513.1  2 0.0087 0.0064 0.0116 0.0054 0.0102 0.9248 0.0050 0.0053 0.0061 0.0102 0.0063 
      H513.2  2 0.0068 0.0074 0.0112 0.0062 0.0095 0.9182 0.0041 0.0092 0.0089 0.0125 0.0061 
      H513.3  2 0.0052 0.0058 0.0067 0.0080 0.0102 0.9327 0.0058 0.0060 0.0062 0.0069 0.0065 
      H513.4  2 0.0051 0.0110 0.0190 0.0073 0.0257 0.8787 0.0083 0.0062 0.0106 0.0162 0.0120 
      H513.5  2 0.0100 0.0084 0.0096 0.0125 0.0183 0.8901 0.0175 0.0048 0.0053 0.0175 0.0060 
      H513.6  2 0.2721 0.0186 0.0211 0.0218 0.0420 0.4758 0.0123 0.0208 0.0164 0.0861 0.0131 
      H532.1  2 0.0194 0.0134 0.1713 0.2636 0.0258 0.4040 0.0196 0.0258 0.0140 0.0173 0.0258 
      H532.2  2 0.0142 0.0276 0.0939 0.0279 0.0133 0.5011 0.0093 0.0285 0.0410 0.2214 0.0216 
      H532.3  2 0.0061 0.0187 0.1106 0.0223 0.0089 0.3013 0.0312 0.0569 0.0277 0.3675 0.0488 
      H532.4  2 0.0112 0.0310 0.5722 0.0201 0.0081 0.1511 0.0218 0.1036 0.0080 0.0229 0.0500 
      H532.5  2 0.0136 0.0136 0.0499 0.1021 0.0115 0.7465 0.0107 0.0132 0.0173 0.0125 0.0092 
      H532.6  2 0.0115 0.0094 0.3769 0.0186 0.0108 0.3343 0.0267 0.0629 0.0064 0.0719 0.0705 
      H532.7  2 0.0131 0.0098 0.5091 0.1518 0.0122 0.1926 0.0291 0.0117 0.0113 0.0472 0.0120 
      H532.8  2 0.0246 0.0327 0.2280 0.3213 0.0275 0.2363 0.0167 0.0153 0.0485 0.0234 0.0258 
      H543.1  2 0.9240 0.0066 0.0053 0.0054 0.0059 0.0175 0.0069 0.0067 0.0080 0.0083 0.0053 
      H543.2  2 0.8197 0.0193 0.0095 0.0074 0.0166 0.0604 0.0122 0.0088 0.0264 0.0156 0.0043 
      H543.3  2 0.9101 0.0142 0.0100 0.0050 0.0069 0.0171 0.0095 0.0068 0.0087 0.0065 0.0050 
      H543.4  2 0.9325 0.0088 0.0049 0.0059 0.0041 0.0076 0.0058 0.0081 0.0080 0.0086 0.0058 
      H543.5  2 0.9298 0.0065 0.0047 0.0086 0.0073 0.0087 0.0063 0.0060 0.0095 0.0077 0.0047 
      H543.6  2 0.7783 0.0945 0.0067 0.0105 0.0318 0.0213 0.0064 0.0232 0.0059 0.0133 0.0082 
      H543.7  2 0.9550 0.0060 0.0042 0.0036 0.0038 0.0052 0.0038 0.0045 0.0057 0.0044 0.0039 
      H543.8  2 0.8463 0.0179 0.0272 0.0153 0.0098 0.0350 0.0090 0.0124 0.0092 0.0114 0.0064 
      H543.9  2 0.9007 0.0337 0.0081 0.0059 0.0089 0.0093 0.0075 0.0057 0.0089 0.0078 0.0037 
 H545.1_2005  2 0.9645 0.0030 0.0031 0.0037 0.0034 0.0031 0.0038 0.0042 0.0037 0.0038 0.0037 
 H545.1_2006  2 0.9442 0.0046 0.0069 0.0065 0.0058 0.0058 0.0052 0.0039 0.0055 0.0060 0.0056 
 H545.2_2005  2 0.9242 0.0061 0.0064 0.0111 0.0076 0.0073 0.0127 0.0074 0.0083 0.0047 0.0042 
 H545.2_2006  2 0.9518 0.0040 0.0045 0.0045 0.0058 0.0072 0.0043 0.0051 0.0044 0.0047 0.0037 
 H545.3_2005  2 0.9239 0.0072 0.0051 0.0083 0.0069 0.0062 0.0111 0.0084 0.0107 0.0062 0.0062 
 H545.3_2006  2 0.9447 0.0038 0.0090 0.0113 0.0050 0.0053 0.0041 0.0041 0.0047 0.0034 0.0046 
 H545.4_2005  2 0.9250 0.0082 0.0070 0.0075 0.0066 0.0045 0.0084 0.0102 0.0122 0.0045 0.0060 
 H545.4_2006  2 0.9416 0.0055 0.0041 0.0074 0.0070 0.0050 0.0063 0.0055 0.0079 0.0041 0.0057 
 H545.5_2005  2 0.9342 0.0047 0.0069 0.0137 0.0059 0.0077 0.0065 0.0050 0.0045 0.0058 0.0049 
 H545.5_2006  2 0.9340 0.0051 0.0043 0.0069 0.0060 0.0065 0.0094 0.0071 0.0082 0.0070 0.0055 
 H545.6_2005  2 0.9613 0.0032 0.0041 0.0046 0.0041 0.0043 0.0037 0.0039 0.0034 0.0033 0.0041 
 H545.6_2006  2 0.9466 0.0056 0.0039 0.0056 0.0063 0.0055 0.0060 0.0056 0.0058 0.0041 0.0049 
 H545.7_2005  2 0.9505 0.0037 0.0040 0.0091 0.0046 0.0059 0.0050 0.0048 0.0040 0.0047 0.0039 
 H545.7_2006  2 0.9288 0.0046 0.0095 0.0112 0.0086 0.0084 0.0066 0.0057 0.0066 0.0047 0.0052 
 H545.8_2005  2 0.9121 0.0068 0.0086 0.0143 0.0058 0.0118 0.0104 0.0084 0.0079 0.0070 0.0070 
 H545.8_2006  2 0.9488 0.0048 0.0051 0.0055 0.0043 0.0050 0.0060 0.0056 0.0045 0.0054 0.0051 
      H545.9  2 0.9381 0.0056 0.0039 0.0054 0.0054 0.0065 0.0091 0.0076 0.0075 0.0059 0.0051 
      H547.1  2 0.0077 0.0250 0.0062 0.0118 0.0066 0.8877 0.0158 0.0122 0.0122 0.0061 0.0086 
      H547.2  2 0.0102 0.0118 0.0129 0.0090 0.0163 0.7330 0.0058 0.0110 0.1363 0.0069 0.0469 
      H547.3  2 0.0231 0.0152 0.0082 0.0230 0.0086 0.4724 0.0577 0.0298 0.0326 0.0129 0.3166 
      H547.4  2 0.0099 0.0227 0.0222 0.0121 0.0450 0.7087 0.0331 0.0215 0.0576 0.0163 0.0509 
      H547.5  2 0.0070 0.0117 0.0044 0.0098 0.0121 0.7377 0.0084 0.0090 0.1743 0.0068 0.0190 
      H547.6  2 0.0202 0.0057 0.0066 0.0094 0.0054 0.8903 0.0102 0.0178 0.0146 0.0080 0.0118 
      H547.7  2 0.0187 0.0101 0.0102 0.0279 0.0108 0.7397 0.0486 0.0393 0.0275 0.0170 0.0500 
      H547.8  2 0.0107 0.0215 0.0053 0.0125 0.0089 0.8789 0.0153 0.0138 0.0174 0.0072 0.0083 
      H548.1  2 0.9353 0.0035 0.0049 0.0089 0.0086 0.0049 0.0093 0.0080 0.0070 0.0046 0.0051 
      H548.2  2 0.9234 0.0059 0.0067 0.0084 0.0063 0.0066 0.0098 0.0088 0.0072 0.0090 0.0080 
      H548.3  2 0.9331 0.0058 0.0068 0.0114 0.0058 0.0054 0.0053 0.0106 0.0048 0.0060 0.0050 
      H548.4  2 0.7603 0.0076 0.0362 0.0301 0.0431 0.0112 0.0157 0.0534 0.0131 0.0187 0.0106 
      H548.5  2 0.9363 0.0042 0.0069 0.0062 0.0062 0.0058 0.0058 0.0060 0.0084 0.0080 0.0062 
      H548.6  2 0.9257 0.0040 0.0050 0.0162 0.0070 0.0063 0.0107 0.0075 0.0064 0.0052 0.0061 
      H548.7  2 0.9372 0.0051 0.0069 0.0101 0.0057 0.0061 0.0049 0.0078 0.0070 0.0045 0.0047 
      H548.8  2 0.9199 0.0067 0.0112 0.0079 0.0073 0.0039 0.0098 0.0066 0.0061 0.0126 0.0079 
      H548.9  2 0.8750 0.0140 0.0159 0.0098 0.0125 0.0078 0.0188 0.0139 0.0102 0.0143 0.0077 
     H7389.1  2 0.0077 0.0098 0.0092 0.0130 0.0088 0.9028 0.0061 0.0095 0.0154 0.0097 0.0078 
     H7389.2  2 0.0257 0.0045 0.0086 0.0069 0.0068 0.8935 0.0057 0.0068 0.0187 0.0160 0.0069 
     H7389.3  2 0.0086 0.0068 0.0083 0.0071 0.0080 0.9143 0.0080 0.0040 0.0197 0.0108 0.0045 
     H7389.4  2 0.0360 0.0182 0.0160 0.0491 0.0067 0.8405 0.0069 0.0060 0.0039 0.0088 0.0078 
     H7389.5  2 0.0127 0.0142 0.0131 0.1014 0.0131 0.7962 0.0079 0.0115 0.0047 0.0165 0.0087 
     H7389.6  2 0.0053 0.0052 0.0276 0.1834 0.0521 0.6701 0.0101 0.0060 0.0064 0.0268 0.0070 
     H7389.7  2 0.0175 0.0053 0.0158 0.0389 0.0068 0.8645 0.0061 0.0059 0.0252 0.0084 0.0055 
     H7389.8  2 0.1218 0.0166 0.0187 0.0973 0.0212 0.5911 0.0126 0.0177 0.0104 0.0760 0.0165 
     H7389.9  2 0.0171 0.0085 0.0188 0.0809 0.0102 0.8099 0.0078 0.0047 0.0070 0.0303 0.0048 
      H747.1  2 0.0099 0.0186 0.0106 0.0102 0.7879 0.0237 0.0657 0.0121 0.0343 0.0157 0.0113 
      H747.2  2 0.0053 0.0037 0.0047 0.0070 0.9301 0.0054 0.0125 0.0063 0.0052 0.0110 0.0087 
      H747.3  2 0.0076 0.0083 0.0064 0.0074 0.8559 0.0123 0.0529 0.0135 0.0093 0.0186 0.0078 
      H747.4  2 0.0058 0.0060 0.0070 0.0147 0.8414 0.0087 0.0477 0.0145 0.0132 0.0155 0.0254 
      H747.5  2 0.0048 0.0044 0.0037 0.0098 0.9190 0.0053 0.0210 0.0089 0.0061 0.0098 0.0071 
      H747.6  2 0.0085 0.0073 0.0062 0.0092 0.8957 0.0118 0.0098 0.0101 0.0095 0.0224 0.0095 
      H747.7  2 0.0072 0.0086 0.0072 0.0119 0.8373 0.0168 0.0376 0.0255 0.0145 0.0231 0.0102 
     H7484.1  2 0.0070 0.3621 0.2219 0.0183 0.1968 0.0598 0.0132 0.0143 0.0140 0.0202 0.0723 
     H7484.2  2 0.0067 0.2585 0.1227 0.0360 0.2319 0.0173 0.0151 0.0781 0.0305 0.0819 0.1213 
     H7484.3  2 0.0113 0.1055 0.2779 0.0603 0.1814 0.0166 0.0274 0.0608 0.0446 0.0467 0.1676 
     H7484.4  2 0.0056 0.3277 0.0781 0.0120 0.3585 0.0244 0.0139 0.0271 0.0123 0.0165 0.1240 
     H7484.5  2 0.0084 0.0182 0.4524 0.1153 0.0677 0.0136 0.0135 0.1613 0.0221 0.1113 0.0163 
     H7484.6  2 0.0110 0.0197 0.0535 0.1453 0.2431 0.0215 0.1095 0.2083 0.0483 0.0777 0.0621 
     H7484.7  2 0.0059 0.1294 0.2355 0.0311 0.0756 0.0184 0.0786 0.2456 0.0087 0.0180 0.1532 
     H7484.8  2 0.0056 0.0462 0.4208 0.0801 0.1086 0.1054 0.0146 0.1252 0.0207 0.0499 0.0230 
     H7485.1  2 0.9172 0.0120 0.0093 0.0075 0.0093 0.0056 0.0058 0.0115 0.0074 0.0069 0.0073 
     H7485.2  2 0.9039 0.0185 0.0081 0.0258 0.0068 0.0104 0.0038 0.0057 0.0041 0.0080 0.0049 
     H7485.3  2 0.9400 0.0035 0.0050 0.0103 0.0115 0.0053 0.0042 0.0048 0.0062 0.0036 0.0056 
     H7485.4  2 0.8979 0.0203 0.0071 0.0197 0.0060 0.0104 0.0036 0.0106 0.0046 0.0147 0.0051 
     H7485.5  2 0.8995 0.0108 0.0119 0.0073 0.0113 0.0073 0.0078 0.0141 0.0102 0.0091 0.0107 
     H7485.6  2 0.9090 0.0136 0.0116 0.0130 0.0087 0.0072 0.0054 0.0098 0.0079 0.0074 0.0064 
     H7485.7  2 0.9174 0.0059 0.0085 0.0086 0.0128 0.0059 0.0079 0.0112 0.0076 0.0064 0.0078 
     H7496.1  2 0.0054 0.0135 0.0353 0.0107 0.0202 0.7425 0.0177 0.0078 0.0232 0.0254 0.0983 
    H7496.10  2 0.0053 0.0345 0.0250 0.0084 0.0258 0.8379 0.0065 0.0087 0.0101 0.0142 0.0234 
    H7496.11  2 0.6914 0.0105 0.0682 0.0167 0.0657 0.0375 0.0294 0.0074 0.0194 0.0098 0.0441 
     H7496.2  2 0.0072 0.0202 0.0326 0.0136 0.0498 0.7331 0.0170 0.0144 0.0092 0.0292 0.0738 
     H7496.3  2 0.0082 0.0700 0.2780 0.0190 0.0277 0.1088 0.0202 0.0154 0.0204 0.0529 0.3795 
     H7496.4  2 0.0071 0.0083 0.0177 0.0108 0.0233 0.7923 0.0154 0.0149 0.0164 0.0248 0.0691 
     H7496.5  2 0.0086 0.0093 0.0306 0.0125 0.0197 0.5003 0.0342 0.0078 0.0158 0.0235 0.3377 
     H7496.6  2 0.0046 0.0112 0.0174 0.0165 0.0137 0.2820 0.0338 0.0067 0.0131 0.0164 0.5847 
     H7496.7  2 0.0055 0.0240 0.0223 0.0106 0.0308 0.8148 0.0101 0.0111 0.0077 0.0126 0.0505 
     H7496.8  2 0.0078 0.0152 0.0211 0.0096 0.0214 0.0378 0.0064 0.0133 0.0115 0.0194 0.8365 
        UNK4  2 0.0693 0.0082 0.0270 0.0495 0.1343 0.2423 0.0122 0.1010 0.0155 0.2785 0.0622 
        UNK5  2 0.0482 0.0482 0.0491 0.0127 0.0523 0.7169 0.0047 0.0234 0.0248 0.0104 0.0093 
        UNK6  2 0.0242 0.0081 0.0182 0.0337 0.0538 0.2939 0.0094 0.0250 0.0326 0.4894 0.0118 
        UNK7  2 0.0965 0.0117 0.0177 0.0071 0.0265 0.7845 0.0061 0.0152 0.0175 0.0086 0.0087 
        UNK8  2 0.1941 0.0071 0.0196 0.0200 0.0104 0.6305 0.0063 0.0481 0.0092 0.0217 0.0331 
        UNK9  2 0.1464 0.0106 0.1698 0.0787 0.1556 0.3158 0.0098 0.0114 0.0137 0.0681 0.0201 
      H009.1  4 0.0040 0.0065 0.0072 0.0047 0.0050 0.0058 0.0137 0.9300 0.0071 0.0080 0.0080 
      H009.2  4 0.0047 0.0174 0.0075 0.0226 0.0192 0.0098 0.1294 0.6990 0.0065 0.0409 0.0429 
      H009.3  4 0.0049 0.0158 0.0098 0.0092 0.0049 0.0068 0.0186 0.9046 0.0068 0.0070 0.0116 
      H009.4  4 0.0076 0.0072 0.0104 0.0201 0.0102 0.0076 0.0611 0.8416 0.0073 0.0113 0.0156 
      H009.5  4 0.0290 0.0780 0.0100 0.0398 0.0631 0.0062 0.0181 0.6221 0.0049 0.0257 0.1032 
      H009.6  4 0.0052 0.0114 0.0107 0.0073 0.0060 0.0064 0.0123 0.9019 0.0141 0.0102 0.0145 
      H046.4  4 0.0273 0.0181 0.2514 0.0727 0.0233 0.0559 0.1297 0.2488 0.0307 0.0824 0.0597 
      H046.8  4 0.0281 0.0193 0.0466 0.2906 0.0344 0.0233 0.0634 0.2090 0.2093 0.0445 0.0315 
 H076.1_2002  4 0.0075 0.0102 0.0059 0.0063 0.0087 0.0109 0.0137 0.0051 0.9203 0.0069 0.0044 
 H076.1_2003  4 0.0055 0.0049 0.0043 0.0069 0.0080 0.0049 0.0066 0.0045 0.9438 0.0052 0.0054 
 H076.1_2004  4 0.0057 0.0074 0.0074 0.0043 0.0090 0.0055 0.0078 0.0057 0.9309 0.0066 0.0096 
 H076.2_2002  4 0.0081 0.0095 0.0066 0.0051 0.0075 0.0147 0.0116 0.0050 0.9230 0.0048 0.0041 
 H076.2_2003  4 0.0131 0.0055 0.0041 0.0068 0.0078 0.0051 0.0059 0.0090 0.9269 0.0055 0.0103 
 H076.2_2004  4 0.0083 0.0179 0.0101 0.0102 0.0177 0.0180 0.1590 0.0163 0.6741 0.0321 0.0362 
 H076.3_2002  4 0.0082 0.0320 0.0200 0.0220 0.0328 0.0134 0.5000 0.0421 0.1298 0.0307 0.1691 
 H076.3_2003  4 0.0142 0.0060 0.0058 0.0052 0.0109 0.0074 0.0070 0.0058 0.9256 0.0064 0.0057 
