      H008.1  2 0.0148 0.0087 0.0149 0.0098 0.0098 0.0256 0.0093 0.0050 0.0088 0.0063 0.0069 0.0063 0.0103 0.7123 0.0072 0.0070 0.0115 0.0101 0.0147 0.0466 0.0541 
      H008.2  2 0.0150 0.0873 0.0253 0.0279 0.0319 0.4327 0.0053 0.0317 0.0153 0.0139 0.0440 0.0156 0.0123 0.0466 0.0132 0.0129 0.0275 0.0132 0.0416 0.0213 0.0655 
      H008.3  2 0.0542 0.0138 0.1309 0.0186 0.0184 0.2343 0.0098 0.0243 0.0151 0.0083 0.0440 0.0254 0.0350 0.0224 0.0261 0.0090 0.0537 0.0111 0.0169 0.0182 0.2106 
      H008.4  2 0.0266 0.0196 0.0102 0.0116 0.0207 0.1125 0.0089 0.0469 0.0098 0.0286 0.0180 0.0354 0.0083 0.4173 0.0183 0.0108 0.0160 0.0404 0.0108 0.0211 0.1082 
      H008.5  2 0.0604 0.0070 0.0377 0.0111 0.0057 0.0989 0.0055 0.0120 0.0104 0.0069 0.0238 0.0451 0.0104 0.5086 0.0181 0.0088 0.0119 0.0081 0.0070 0.0137 0.0889 
      H008.6  2 0.0383 0.0335 0.0280 0.0106 0.0474 0.4325 0.0045 0.0565 0.0114 0.0155 0.0265 0.0210 0.0108 0.1012 0.0104 0.0186 0.0056 0.0221 0.0263 0.0243 0.0550 
      H008.7  2 0.0150 0.0273 0.0215 0.0072 0.0267 0.3684 0.0092 0.0458 0.0086 0.0224 0.0101 0.0303 0.0106 0.1773 0.0191 0.0096 0.0302 0.0171 0.0311 0.0217 0.0908 
      H008.8  2 0.0113 0.2981 0.0117 0.0078 0.0947 0.0142 0.0071 0.0084 0.0202 0.0079 0.0236 0.0103 0.0205 0.0435 0.0117 0.0079 0.0263 0.0138 0.0114 0.0694 0.2803 
      H008.9  2 0.0117 0.0651 0.0148 0.0148 0.1834 0.3661 0.0061 0.0850 0.0207 0.0064 0.0284 0.0120 0.0119 0.0171 0.0281 0.0093 0.0088 0.0181 0.0201 0.0210 0.0509 
 H029.1_2002  2 0.0051 0.0271 0.0072 0.0074 0.0249 0.0063 0.0046 0.0150 0.0122 0.0480 0.0049 0.0643 0.0108 0.6660 0.0112 0.0086 0.0088 0.0405 0.0085 0.0099 0.0087 
 H029.1_2003  2 0.0125 0.0436 0.0235 0.0097 0.0277 0.0103 0.0056 0.0124 0.0119 0.0128 0.0103 0.5045 0.0204 0.1526 0.0599 0.0147 0.0070 0.0076 0.0311 0.0070 0.0150 
 H029.2_2002  2 0.0067 0.0064 0.0302 0.0047 0.0055 0.0213 0.0051 0.0330 0.0088 0.0088 0.0160 0.0629 0.0224 0.6082 0.0713 0.0112 0.0231 0.0216 0.0185 0.0045 0.0098 
 H029.2_2003  2 0.0093 0.0063 0.0540 0.0144 0.0113 0.0117 0.0043 0.0319 0.0214 0.0064 0.0234 0.3271 0.0475 0.2679 0.0413 0.0139 0.0086 0.0095 0.0770 0.0064 0.0065 
 H029.3_2002  2 0.0147 0.0285 0.0204 0.0188 0.0071 0.0080 0.0046 0.1132 0.0146 0.0121 0.0189 0.0585 0.0361 0.3905 0.0861 0.0181 0.0410 0.0075 0.0224 0.0043 0.0746 
 H029.3_2003  2 0.0095 0.0102 0.0123 0.0113 0.0042 0.0210 0.0041 0.0073 0.0058 0.0053 0.0045 0.3091 0.0096 0.4918 0.0248 0.0256 0.0065 0.0055 0.0132 0.0116 0.0069 
 H029.4_2002  2 0.0089 0.0095 0.0066 0.0062 0.0043 0.0066 0.0052 0.0169 0.0036 0.0078 0.0035 0.0448 0.0037 0.7998 0.0128 0.0111 0.0113 0.0060 0.0113 0.0076 0.0126 
 H029.4_2003  2 0.0091 0.0171 0.0208 0.0118 0.0168 0.0106 0.0042 0.0169 0.0338 0.0066 0.0116 0.5044 0.0096 0.1502 0.0152 0.0333 0.0075 0.0163 0.0276 0.0325 0.0442 
 H029.5_2002  2 0.0044 0.0064 0.0062 0.0064 0.0065 0.0099 0.0061 0.0042 0.0052 0.0091 0.0038 0.0682 0.0075 0.7667 0.0279 0.0117 0.0084 0.0171 0.0052 0.0142 0.0049 
 H029.5_2003  2 0.0068 0.0174 0.0181 0.0071 0.0107 0.0181 0.0039 0.0089 0.0126 0.0065 0.0038 0.3709 0.0056 0.4150 0.0125 0.0137 0.0037 0.0056 0.0351 0.0110 0.0127 
 H029.6_2002  2 0.0073 0.0279 0.0053 0.0054 0.0040 0.0050 0.0062 0.0444 0.0084 0.0061 0.0066 0.2728 0.0059 0.5066 0.0150 0.0087 0.0200 0.0055 0.0103 0.0039 0.0249 
 H029.6_2003  2 0.0098 0.0105 0.0490 0.0124 0.0111 0.0132 0.0100 0.0080 0.0129 0.0068 0.0077 0.0618 0.0267 0.4717 0.0667 0.1399 0.0072 0.0179 0.0188 0.0262 0.0117 
      H029.7  2 0.0066 0.0041 0.0122 0.0044 0.0052 0.0064 0.0040 0.0207 0.0091 0.0076 0.0159 0.0285 0.0092 0.7693 0.0210 0.0090 0.0151 0.0243 0.0137 0.0050 0.0087 
      H030.1  2 0.0338 0.0166 0.0319 0.3653 0.0112 0.0299 0.0346 0.0051 0.0131 0.0059 0.0097 0.1057 0.0869 0.0409 0.0122 0.1104 0.0169 0.0266 0.0236 0.0127 0.0070 
      H030.2  2 0.0631 0.0069 0.0107 0.3099 0.0068 0.0333 0.0380 0.0534 0.0100 0.1464 0.0046 0.0331 0.0090 0.0660 0.0063 0.0148 0.1243 0.0093 0.0059 0.0264 0.0219 
      H038.1  2 0.0075 0.0100 0.0043 0.0046 0.0109 0.0033 0.0032 0.0196 0.0076 0.0062 0.0074 0.0065 0.0056 0.8643 0.0075 0.0065 0.0034 0.0041 0.0051 0.0043 0.0080 
      H038.2  2 0.0037 0.0039 0.0067 0.0066 0.0034 0.0058 0.0133 0.0055 0.0086 0.0087 0.0027 0.0055 0.0061 0.8739 0.0039 0.0059 0.0058 0.0123 0.0044 0.0072 0.0061 
      H038.3  2 0.0095 0.0066 0.0060 0.0076 0.0059 0.0080 0.0117 0.0285 0.0125 0.0249 0.0038 0.0043 0.0082 0.7537 0.0045 0.0506 0.0065 0.0099 0.0049 0.0249 0.0075 
      H038.4  2 0.0089 0.0081 0.0041 0.0054 0.0061 0.0098 0.0119 0.0228 0.0071 0.0103 0.0040 0.0039 0.0064 0.8198 0.0059 0.0266 0.0058 0.0082 0.0043 0.0147 0.0059 
      H038.5  2 0.0086 0.0123 0.0096 0.0106 0.0045 0.0062 0.0065 0.0225 0.0097 0.0054 0.0032 0.0072 0.0045 0.7905 0.0072 0.0517 0.0098 0.0065 0.0101 0.0062 0.0073 
      H038.6  2 0.0039 0.0060 0.0122 0.0063 0.0048 0.0064 0.0037 0.0091 0.0133 0.0091 0.0035 0.0076 0.0057 0.8661 0.0045 0.0087 0.0039 0.0056 0.0054 0.0055 0.0088 
      H038.7  2 0.0046 0.0041 0.0067 0.0064 0.0040 0.0061 0.0040 0.0076 0.0097 0.0209 0.0035 0.0057 0.0100 0.8327 0.0038 0.0349 0.0029 0.0088 0.0061 0.0102 0.0074 
      H038.8  2 0.0082 0.0057 0.0043 0.0077 0.0039 0.0060 0.0130 0.0635 0.0119 0.0114 0.0034 0.0035 0.0056 0.7838 0.0048 0.0181 0.0095 0.0088 0.0035 0.0141 0.0094 
      H041.1  2 0.0274 0.0035 0.0165 0.0095 0.0121 0.0543 0.0106 0.0157 0.0046 0.0052 0.0196 0.1610 0.0048 0.0647 0.0171 0.0538 0.1430 0.0177 0.0133 0.3322 0.0134 
      H041.2  2 0.0182 0.0096 0.0066 0.0079 0.0102 0.0432 0.0073 0.0081 0.0054 0.0112 0.0061 0.3521 0.0082 0.0379 0.0158 0.0103 0.0063 0.0173 0.0055 0.4013 0.0113 
      H041.4  2 0.0182 0.0156 0.0107 0.0092 0.0366 0.0404 0.0115 0.0182 0.0136 0.0068 0.0221 0.3010 0.0125 0.2209 0.0843 0.0414 0.0178 0.0135 0.0096 0.0769 0.0193 
      H041.6  2 0.0251 0.0138 0.0109 0.0114 0.0471 0.0273 0.0146 0.0158 0.0157 0.0135 0.0273 0.2689 0.0149 0.1832 0.0483 0.0122 0.0240 0.0387 0.0068 0.1554 0.0252 
 H042.1_2002  2 0.0810 0.0052 0.0157 0.0060 0.0195 0.0084 0.0306 0.0144 0.0136 0.0114 0.0110 0.6138 0.0064 0.0078 0.0110 0.0092 0.0086 0.0318 0.0068 0.0128 0.0748 
 H042.1_2003  2 0.1016 0.0139 0.0400 0.0277 0.0324 0.1505 0.0148 0.0788 0.0185 0.0166 0.0103 0.0300 0.0854 0.0534 0.0112 0.0114 0.0091 0.0279 0.0215 0.2301 0.0149 
 H042.2_2002  2 0.0192 0.0050 0.0148 0.0038 0.0046 0.0083 0.0081 0.0280 0.0084 0.1089 0.0091 0.3837 0.0068 0.1329 0.0516 0.0089 0.0067 0.0057 0.0657 0.0074 0.1124 
 H042.2_2003  2 0.0372 0.0085 0.0194 0.0095 0.0133 0.0223 0.0115 0.0052 0.0092 0.0101 0.0074 0.2071 0.0120 0.1019 0.0189 0.0105 0.0043 0.2466 0.0071 0.2173 0.0209 
 H042.3_2002  2 0.4231 0.0041 0.0238 0.0080 0.0109 0.0111 0.0172 0.0129 0.0073 0.0329 0.0128 0.2765 0.0071 0.0064 0.0215 0.0118 0.0054 0.0122 0.0195 0.0159 0.0597 
 H042.3_2003  2 0.2487 0.0043 0.0601 0.0093 0.0166 0.0186 0.0103 0.0291 0.0170 0.0429 0.0160 0.1424 0.0057 0.0222 0.0149 0.0272 0.0362 0.0679 0.0254 0.0786 0.1068 
 H042.4_2002  2 0.0218 0.0065 0.0186 0.0099 0.0122 0.0057 0.0301 0.0162 0.0192 0.0060 0.0072 0.6817 0.0063 0.0291 0.0253 0.0174 0.0102 0.0465 0.0091 0.0111 0.0099 
 H042.4_2003  2 0.0097 0.0044 0.0110 0.0081 0.0100 0.0126 0.0203 0.0077 0.0303 0.0064 0.0144 0.4004 0.0105 0.0988 0.0215 0.0210 0.0379 0.2452 0.0062 0.0110 0.0127 
      H042.5  2 0.0076 0.0037 0.0071 0.0043 0.0062 0.0095 0.0083 0.0029 0.0120 0.0050 0.0107 0.8421 0.0052 0.0069 0.0087 0.0086 0.0041 0.0299 0.0051 0.0056 0.0066 
      H042.6  2 0.0148 0.0040 0.0059 0.0051 0.0088 0.0054 0.0113 0.0127 0.0451 0.0124 0.0521 0.6750 0.0107 0.0172 0.0088 0.0101 0.0077 0.0192 0.0140 0.0081 0.0515 
      H042.7  2 0.2690 0.0075 0.0113 0.0050 0.0178 0.0101 0.0459 0.0063 0.0124 0.0408 0.0073 0.3618 0.0137 0.0221 0.0412 0.0272 0.0072 0.0292 0.0060 0.0231 0.0352 
      H042.8  2 0.0266 0.0058 0.0280 0.0041 0.0127 0.0183 0.0094 0.0189 0.0056 0.0287 0.0215 0.6808 0.0066 0.0071 0.0283 0.0074 0.0042 0.0099 0.0097 0.0379 0.0285 
   H042_2002  2 0.0501 0.0079 0.0317 0.0103 0.0147 0.0345 0.0090 0.0286 0.1356 0.1293 0.0601 0.0422 0.0214 0.0565 0.0285 0.0141 0.0046 0.1065 0.0095 0.0502 0.1548 
   H042_2003  2 0.0616 0.0101 0.0185 0.0093 0.0229 0.0443 0.0087 0.0376 0.1098 0.1211 0.0707 0.0497 0.0287 0.0544 0.0322 0.0148 0.0037 0.1063 0.0105 0.0456 0.1397 
      H043.1  2 0.0061 0.0073 0.0062 0.0078 0.0045 0.0099 0.0049 0.0255 0.4406 0.0074 0.0077 0.0042 0.0081 0.0113 0.0035 0.0838 0.0070 0.0048 0.0099 0.3275 0.0122 
      H043.2  2 0.0107 0.0184 0.0069 0.0057 0.0149 0.0051 0.0040 0.0374 0.4405 0.0050 0.0145 0.0043 0.0059 0.0187 0.0100 0.0442 0.0032 0.0047 0.0062 0.3121 0.0278 
      H043.3  2 0.0144 0.0092 0.0073 0.0052 0.0101 0.0108 0.0043 0.0135 0.3159 0.0249 0.0104 0.0060 0.0235 0.0763 0.0054 0.0998 0.0036 0.0128 0.0080 0.3156 0.0230 
      H043.4  2 0.0181 0.0036 0.0062 0.0051 0.0086 0.0068 0.0048 0.0263 0.4347 0.0072 0.0250 0.0042 0.0100 0.0202 0.0042 0.0602 0.0035 0.0131 0.0071 0.3169 0.0141 
      H043.5  2 0.0143 0.0187 0.0055 0.0049 0.0130 0.0071 0.0040 0.0823 0.3057 0.0063 0.0038 0.0037 0.0065 0.0250 0.0062 0.0670 0.0043 0.0065 0.0089 0.3555 0.0508 
      H043.6  2 0.0345 0.0119 0.0052 0.0113 0.0185 0.0032 0.0041 0.0534 0.3198 0.0097 0.0063 0.0065 0.0078 0.0940 0.0101 0.0807 0.0031 0.0094 0.0072 0.2819 0.0215 
      H043.7  2 0.0099 0.0048 0.0039 0.0058 0.0268 0.0055 0.0055 0.0298 0.3507 0.0108 0.0251 0.0043 0.0175 0.0199 0.0041 0.0954 0.0028 0.0090 0.0065 0.3527 0.0093 
      H043.8  2 0.0156 0.0159 0.0048 0.0185 0.0107 0.0059 0.0097 0.0144 0.3477 0.0143 0.0092 0.0058 0.0102 0.0121 0.0042 0.0873 0.0089 0.0057 0.0141 0.3434 0.0418 
      H043.9  2 0.0075 0.0087 0.0069 0.0134 0.0047 0.0063 0.0058 0.0269 0.3477 0.0121 0.0129 0.0098 0.0189 0.0365 0.0049 0.1280 0.0083 0.0093 0.0137 0.2730 0.0447 
      H047.1  2 0.0167 0.0045 0.0077 0.0061 0.0132 0.3817 0.0042 0.0062 0.0063 0.0436 0.0056 0.0050 0.0062 0.4139 0.0049 0.0073 0.0048 0.0288 0.0048 0.0100 0.0185 
      H047.2  2 0.0048 0.0069 0.0083 0.0065 0.0158 0.6050 0.0104 0.0040 0.0066 0.0082 0.0050 0.0091 0.0431 0.1514 0.0098 0.0092 0.0195 0.0144 0.0282 0.0270 0.0071 
      H047.3  2 0.0097 0.0058 0.0123 0.0063 0.0100 0.5330 0.0126 0.0042 0.0077 0.0206 0.0099 0.0119 0.0394 0.1341 0.0216 0.0077 0.0200 0.0199 0.0520 0.0500 0.0114 
      H047.4  2 0.0090 0.0092 0.0094 0.0073 0.0230 0.3157 0.0089 0.0030 0.0092 0.0304 0.0062 0.0325 0.0650 0.2120 0.0142 0.0288 0.0063 0.0364 0.0108 0.1502 0.0126 
      H047.5  2 0.0213 0.0046 0.0074 0.0073 0.0098 0.4951 0.0096 0.0032 0.0071 0.0425 0.0327 0.0066 0.0282 0.1672 0.0160 0.0124 0.0043 0.0163 0.0595 0.0326 0.0163 
      H047.6  2 0.0048 0.0056 0.0050 0.0045 0.0184 0.6979 0.0057 0.0047 0.0054 0.0224 0.0069 0.0221 0.0163 0.0455 0.0136 0.0056 0.0086 0.0121 0.0130 0.0772 0.0049 
      H047.7  2 0.0125 0.0029 0.0075 0.0047 0.0113 0.2970 0.0071 0.0089 0.0048 0.0932 0.0055 0.0094 0.0053 0.4253 0.0059 0.0062 0.0090 0.0335 0.0044 0.0234 0.0224 
      H047.8  2 0.0099 0.0054 0.0137 0.0057 0.0126 0.6336 0.0066 0.0035 0.0079 0.0320 0.0076 0.0192 0.0209 0.0773 0.0089 0.0059 0.0081 0.0140 0.0103 0.0866 0.0102 
      H047.9  2 0.0212 0.0032 0.0158 0.0074 0.0093 0.2597 0.0333 0.0035 0.0098 0.1018 0.0196 0.0068 0.0093 0.3674 0.0145 0.0129 0.0061 0.0433 0.0137 0.0133 0.0281 
 H071.1_2002  2 0.0062 0.0034 0.0079 0.0064 0.0049 0.0040 0.0042 0.0041 0.0108 0.0051 0.0069 0.0045 0.0078 0.8797 0.0052 0.0055 0.0034 0.0101 0.0039 0.0092 0.0069 
 H071.1_2003  2 0.0182 0.0042 0.0125 0.0584 0.0289 0.0122 0.0051 0.0098 0.0326 0.0090 0.0576 0.0066 0.0438 0.5714 0.0164 0.0254 0.0038 0.0226 0.0073 0.0463 0.0080 
     H071.10  2 0.0069 0.0072 0.0033 0.0246 0.0048 0.0041 0.0105 0.0072 0.0078 0.0109 0.0049 0.0053 0.0043 0.8041 0.0034 0.0150 0.0085 0.0037 0.0051 0.0045 0.0542 
 H071.2_2002  2 0.0079 0.0175 0.0065 0.0078 0.0145 0.0065 0.0049 0.0072 0.0122 0.0077 0.0093 0.0043 0.0063 0.8296 0.0096 0.0081 0.0031 0.0056 0.0073 0.0089 0.0152 
 H071.2_2003  2 0.0053 0.0031 0.0044 0.0044 0.0045 0.0040 0.0029 0.0028 0.0049 0.0043 0.0060 0.0037 0.0054 0.9135 0.0036 0.0042 0.0035 0.0064 0.0036 0.0039 0.0057 
      H071.3  2 0.0094 0.0082 0.0059 0.0417 0.0052 0.0264 0.0102 0.0091 0.0072 0.0126 0.0066 0.0079 0.0138 0.5852 0.0042 0.0802 0.0071 0.0061 0.0078 0.0464 0.0989 
 H071.4_2002  2 0.0078 0.0163 0.0050 0.0133 0.0099 0.0052 0.0180 0.0105 0.0092 0.0137 0.0071 0.0053 0.0048 0.7611 0.0068 0.0368 0.0064 0.0048 0.0103 0.0071 0.0407 
 H071.4_2003  2 0.0044 0.0072 0.0053 0.0105 0.0041 0.0064 0.0079 0.0028 0.0059 0.0127 0.0045 0.0043 0.0069 0.7563 0.0033 0.0091 0.0043 0.0077 0.0048 0.0060 0.1257 
 H071.5_2002  2 0.0048 0.0048 0.0040 0.0069 0.0034 0.0035 0.0063 0.0047 0.0051 0.0116 0.0051 0.0054 0.0058 0.8704 0.0030 0.0099 0.0053 0.0044 0.0039 0.0053 0.0265 
 H071.5_2003  2 0.0047 0.0061 0.0084 0.0232 0.0111 0.0071 0.0109 0.0034 0.0106 0.0192 0.0070 0.0050 0.0139 0.5804 0.0039 0.0609 0.0036 0.0322 0.0182 0.0130 0.1571 
 H071.6_2002  2 0.0063 0.0166 0.0046 0.0192 0.0042 0.0038 0.0058 0.0045 0.0109 0.0176 0.0065 0.0048 0.0066 0.5226 0.0043 0.0062 0.0034 0.0040 0.0050 0.0041 0.3389 
 H071.6_2003  2 0.0080 0.0056 0.0069 0.0341 0.0081 0.0052 0.0077 0.0033 0.0064 0.0159 0.0061 0.0056 0.0080 0.7436 0.0036 0.0561 0.0037 0.0170 0.0076 0.0089 0.0386 
 H071.7_2002  2 0.0068 0.0072 0.0051 0.0036 0.0057 0.0072 0.0031 0.0047 0.0066 0.0105 0.0062 0.0042 0.0113 0.8485 0.0027 0.0055 0.0034 0.0091 0.0059 0.0099 0.0327 
 H071.7_2003  2 0.0075 0.0035 0.0067 0.0464 0.0081 0.0050 0.0131 0.0051 0.0103 0.0124 0.0093 0.0053 0.0144 0.7182 0.0040 0.0440 0.0040 0.0169 0.0122 0.0128 0.0410 
      H071.8  2 0.0066 0.0252 0.0055 0.0057 0.0096 0.0085 0.0045 0.0049 0.0084 0.0051 0.0091 0.0051 0.0057 0.8484 0.0087 0.0059 0.0037 0.0051 0.0066 0.0053 0.0123 
      H071.9  2 0.0061 0.0816 0.0048 0.0149 0.0146 0.0151 0.0089 0.0198 0.0227 0.0204 0.0162 0.0123 0.0071 0.3011 0.0212 0.2235 0.0110 0.0077 0.0193 0.0177 0.1540 
 H081.1_2002  2 0.0072 0.0038 0.0055 0.0051 0.0083 0.0044 0.0058 0.0041 0.0047 0.0066 0.0148 0.0048 0.0131 0.8682 0.0085 0.0050 0.0072 0.0073 0.0054 0.0042 0.0062 
 H081.1_2003  2 0.0469 0.0204 0.0198 0.0404 0.0272 0.0150 0.0128 0.2137 0.0460 0.0143 0.0149 0.0519 0.3191 0.0366 0.0207 0.0129 0.0147 0.0164 0.0197 0.0170 0.0194 
 H081.2_2002  2 0.0063 0.0040 0.0038 0.0040 0.0078 0.0063 0.0086 0.0034 0.0066 0.0058 0.0689 0.0067 0.0245 0.7894 0.0093 0.0060 0.0046 0.0140 0.0053 0.0045 0.0103 
 H081.2_2003  2 0.0170 0.0311 0.0086 0.6245 0.0123 0.0113 0.0109 0.0066 0.0502 0.0056 0.0518 0.0180 0.0144 0.0231 0.0069 0.0162 0.0266 0.0142 0.0087 0.0172 0.0247 
 H081.3_2002  2 0.0109 0.0146 0.0043 0.0109 0.0111 0.0217 0.0059 0.0054 0.0123 0.0041 0.0247 0.0067 0.0091 0.8036 0.0069 0.0145 0.0055 0.0074 0.0055 0.0086 0.0064 
 H081.3_2003  2 0.0135 0.0535 0.0110 0.3303 0.0275 0.0104 0.0179 0.0097 0.3144 0.0096 0.0319 0.0144 0.0082 0.0163 0.0119 0.0221 0.0130 0.0127 0.0273 0.0315 0.0130 
 H081.4_2002  2 0.0118 0.0062 0.0063 0.0078 0.0053 0.0054 0.0057 0.0032 0.0066 0.0071 0.0054 0.0069 0.0067 0.8694 0.0039 0.0080 0.0050 0.0067 0.0042 0.0073 0.0108 
 H081.4_2003  2 0.0209 0.0198 0.0257 0.2124 0.0422 0.0093 0.0263 0.0186 0.1011 0.0099 0.0387 0.0834 0.1527 0.0257 0.0356 0.0840 0.0161 0.0201 0.0334 0.0125 0.0118 
 H081.5_2002  2 0.0109 0.0088 0.0054 0.0090 0.0073 0.0082 0.0041 0.0042 0.0070 0.0067 0.0067 0.0086 0.0107 0.8575 0.0039 0.0110 0.0043 0.0058 0.0049 0.0091 0.0060 
 H081.5_2003  2 0.0299 0.0097 0.0116 0.0545 0.0458 0.0170 0.0204 0.0188 0.0183 0.0142 0.0606 0.0368 0.4362 0.0405 0.0238 0.0475 0.0125 0.0255 0.0169 0.0486 0.0107 
      H081.6  2 0.0151 0.0040 0.0054 0.0061 0.0079 0.0036 0.0058 0.0046 0.0061 0.0065 0.0159 0.0049 0.0188 0.8508 0.0057 0.0047 0.0042 0.0073 0.0062 0.0048 0.0117 
      H081.7  2 0.0121 0.0072 0.0048 0.0099 0.0084 0.0087 0.0119 0.0040 0.0096 0.0043 0.0698 0.0060 0.0081 0.7806 0.0061 0.0122 0.0059 0.0086 0.0057 0.0065 0.0094 
      H081.8  2 0.0142 0.0435 0.0056 0.0219 0.0099 0.0080 0.0079 0.0107 0.0088 0.0136 0.0073 0.0107 0.0079 0.7571 0.0085 0.0202 0.0125 0.0060 0.0057 0.0067 0.0131 
      H083.1  2 0.0062 0.0078 0.0105 0.0059 0.0032 0.0116 0.0048 0.0091 0.0082 0.0135 0.0076 0.0236 0.0209 0.7755 0.0156 0.0084 0.0281 0.0052 0.0098 0.0052 0.0192 
      H083.2  2 0.0045 0.0076 0.0077 0.0057 0.0099 0.0399 0.0104 0.0062 0.0174 0.0092 0.0115 0.0100 0.0179 0.7571 0.0059 0.0064 0.0225 0.0066 0.0143 0.0195 0.0098 
      H083.4  2 0.0065 0.1049 0.0051 0.0043 0.0071 0.0113 0.0127 0.0123 0.0091 0.0082 0.0154 0.0096 0.0256 0.5423 0.0067 0.0066 0.1334 0.0045 0.0077 0.0058 0.0608 
      H083.5  2 0.0046 0.0127 0.0086 0.0056 0.0070 0.0163 0.0068 0.0225 0.0098 0.0097 0.0146 0.0276 0.0228 0.6588 0.0315 0.0064 0.0926 0.0072 0.0076 0.0050 0.0225 
      H083.6  2 0.0092 0.0276 0.0117 0.0110 0.0054 0.0064 0.0133 0.0112 0.0068 0.0075 0.0124 0.0179 0.0151 0.6172 0.0466 0.0075 0.1251 0.0051 0.0058 0.0034 0.0338 
      H083.7  2 0.0052 0.0309 0.0074 0.0048 0.0107 0.0172 0.0374 0.0098 0.0069 0.0058 0.0127 0.0064 0.0096 0.5220 0.0127 0.0057 0.2259 0.0061 0.0109 0.0043 0.0476 
      H083.8  2 0.0033 0.0073 0.0067 0.0038 0.0111 0.0712 0.0155 0.0064 0.0110 0.0065 0.0097 0.0074 0.0158 0.7438 0.0096 0.0088 0.0213 0.0061 0.0158 0.0113 0.0077 
      H083.9  2 0.0054 0.0078 0.0084 0.0057 0.0034 0.0169 0.0054 0.0089 0.0047 0.0077 0.0080 0.0216 0.0145 0.6523 0.0272 0.0053 0.1609 0.0076 0.0060 0.0052 0.0172 
      H084.1  2 0.0071 0.0112 0.0141 0.6006 0.0071 0.0140 0.0116 0.0874 0.0267 0.0149 0.0076 0.0207 0.0088 0.0125 0.0481 0.0177 0.0092 0.0092 0.0455 0.0156 0.0103 
      H084.2  2 0.0098 0.0120 0.0118 0.5386 0.0082 0.0054 0.0087 0.0895 0.0567 0.0082 0.0036 0.0360 0.0148 0.0133 0.0057 0.0356 0.0048 0.0104 0.1059 0.0141 0.0068 
      H084.3  2 0.0145 0.0092 0.0168 0.2652 0.0058 0.0109 0.0781 0.2680 0.0347 0.0549 0.0074 0.0247 0.0414 0.0061 0.0497 0.0168 0.0145 0.0368 0.0139 0.0249 0.0058 
      H084.4  2 0.0418 0.0151 0.0108 0.2561 0.0068 0.0205 0.0161 0.2478 0.0249 0.0147 0.0034 0.0471 0.0680 0.0080 0.0226 0.0336 0.0054 0.0558 0.0188 0.0762 0.0066 
      H084.5  2 0.0220 0.0071 0.0099 0.4794 0.0072 0.0207 0.0183 0.0497 0.0094 0.1403 0.0076 0.0098 0.0279 0.0054 0.0745 0.0230 0.0056 0.0186 0.0166 0.0414 0.0056 
      H084.6  2 0.0092 0.0142 0.0065 0.6529 0.0040 0.0231 0.0359 0.0468 0.0111 0.0482 0.0076 0.0075 0.0102 0.0050 0.0267 0.0111 0.0215 0.0119 0.0074 0.0340 0.0053 
      H084.7  2 0.0135 0.0132 0.0097 0.6549 0.0080 0.0072 0.0111 0.0150 0.0091 0.0073 0.0052 0.0531 0.0091 0.0087 0.0126 0.0177 0.0056 0.0214 0.0969 0.0109 0.0099 
      H084.8  2 0.0083 0.0123 0.0134 0.5399 0.0040 0.0260 0.0289 0.0647 0.0083 0.0267 0.0072 0.0101 0.0176 0.0068 0.1347 0.0104 0.0061 0.0154 0.0118 0.0430 0.0044 
 H085.1_2002  2 0.0102 0.0070 0.0049 0.0136 0.0064 0.0062 0.0050 0.0131 0.0206 0.0108 0.7953 0.0148 0.0065 0.0340 0.0042 0.0092 0.0124 0.0059 0.0074 0.0046 0.0081 
 H085.1_2003  2 0.0324 0.0208 0.0072 0.0137 0.0082 0.0115 0.0142 0.0140 0.0136 0.0053 0.1360 0.0536 0.0090 0.3059 0.0099 0.1093 0.1111 0.0080 0.0103 0.0614 0.0444 
 H085.2_2002  2 0.0716 0.0117 0.0043 0.0221 0.1293 0.0062 0.0216 0.0725 0.0828 0.0120 0.2252 0.0239 0.0250 0.0290 0.0219 0.0204 0.1676 0.0136 0.0108 0.0110 0.0173 
 H085.2_2003  2 0.0261 0.0194 0.0191 0.0133 0.0168 0.0441 0.0075 0.0105 0.0120 0.0059 0.0302 0.0442 0.0138 0.5437 0.0057 0.0458 0.0406 0.0129 0.0155 0.0318 0.0411 
 H085.3_2002  2 0.0241 0.0038 0.0054 0.0050 0.0113 0.0079 0.0062 0.0042 0.0193 0.0037 0.7637 0.0170 0.0153 0.0076 0.0087 0.0155 0.0201 0.0332 0.0054 0.0147 0.0080 
 H085.3_2003  2 0.1213 0.0060 0.0129 0.0107 0.0063 0.0070 0.0061 0.0040 0.0073 0.0035 0.0304 0.0101 0.0183 0.4995 0.0036 0.0442 0.0072 0.0076 0.0066 0.1734 0.0141 
 H085.4_2002  2 0.0572 0.0123 0.0106 0.0247 0.0595 0.0055 0.0129 0.0279 0.0562 0.0135 0.4498 0.0209 0.0092 0.1073 0.0158 0.0167 0.0159 0.0116 0.0123 0.0069 0.0535 
 H085.4_2003  2 0.0372 0.0051 0.0072 0.0221 0.0091 0.0067 0.0157 0.0067 0.0057 0.0261 0.0072 0.0373 0.0195 0.5369 0.0067 0.0139 0.0067 0.0937 0.0069 0.1223 0.0073 
 H085.5_2002  2 0.0160 0.0035 0.0062 0.0035 0.0108 0.0050 0.0053 0.0035 0.0048 0.0039 0.8525 0.0085 0.0068 0.0092 0.0063 0.0119 0.0036 0.0064 0.0069 0.0187 0.0068 
 H085.5_2003  2 0.0384 0.0066 0.0179 0.0194 0.0061 0.0108 0.0066 0.0045 0.0102 0.0042 0.0246 0.0236 0.0091 0.7058 0.0043 0.0124 0.0392 0.0073 0.0089 0.0114 0.0285 
 H085.6_2002  2 0.0137 0.0068 0.0041 0.0053 0.0062 0.0087 0.0050 0.0070 0.0453 0.0068 0.7802 0.0187 0.0130 0.0083 0.0073 0.0111 0.0151 0.0144 0.0080 0.0076 0.0074 
 H085.6_2003  2 0.1088 0.0068 0.0114 0.0078 0.0396 0.0227 0.0121 0.0053 0.0083 0.0049 0.0359 0.0180 0.0496 0.0533 0.0133 0.1800 0.0061 0.0405 0.0071 0.3528 0.0157 
 H085.7_2002  2 0.0546 0.0104 0.0077 0.0141 0.0349 0.0304 0.0093 0.0142 0.0528 0.0069 0.4465 0.0378 0.0635 0.0556 0.0071 0.0132 0.0695 0.0321 0.0119 0.0168 0.0105 
 H085.7_2003  2 0.0552 0.0065 0.0142 0.0062 0.0079 0.0125 0.0104 0.0081 0.0099 0.0054 0.0193 0.0110 0.0062 0.5392 0.0079 0.0586 0.0071 0.0121 0.0077 0.1322 0.0623 
 H085.8_2002  2 0.1666 0.0144 0.0060 0.0105 0.0663 0.0063 0.0148 0.0116 0.0404 0.0053 0.2482 0.0116 0.1006 0.0264 0.0175 0.1101 0.0184 0.0172 0.0068 0.0835 0.0175 
 H085.8_2003  2 0.0698 0.0074 0.0147 0.0239 0.0192 0.0324 0.0231 0.0155 0.0185 0.0154 0.0538 0.2098 0.0279 0.1487 0.0114 0.0372 0.1113 0.0754 0.0198 0.0325 0.0321 
      H085.9  2 0.0272 0.0119 0.0069 0.0150 0.0111 0.0072 0.0091 0.0291 0.0216 0.0098 0.6966 0.0201 0.0172 0.0317 0.0065 0.0110 0.0138 0.0143 0.0084 0.0187 0.0127 
      H088.1  2 0.0036 0.0228 0.0117 0.0068 0.0168 0.0092 0.0232 0.0061 0.0184 0.0044 0.0161 0.6900 0.0077 0.0061 0.0847 0.0097 0.0093 0.0080 0.0177 0.0046 0.0231 
      H088.2  2 0.0073 0.0094 0.0056 0.0063 0.0149 0.0112 0.0117 0.0068 0.0118 0.0160 0.0212 0.7418 0.0117 0.0071 0.0498 0.0066 0.0069 0.0120 0.0220 0.0042 0.0158 
      H088.3  2 0.0055 0.0116 0.0049 0.0053 0.0129 0.0139 0.0052 0.0050 0.0090 0.0093 0.0087 0.8280 0.0104 0.0042 0.0209 0.0072 0.0055 0.0083 0.0114 0.0042 0.0086 
      H088.4  2 0.0040 0.0092 0.0091 0.0119 0.0084 0.0048 0.0034 0.0046 0.0078 0.0052 0.0041 0.8698 0.0080 0.0064 0.0068 0.0093 0.0031 0.0069 0.0061 0.0051 0.0060 
      H088.5  2 0.0032 0.0065 0.0053 0.0051 0.0063 0.0048 0.0044 0.0042 0.0062 0.0042 0.0045 0.8975 0.0032 0.0042 0.0105 0.0068 0.0045 0.0053 0.0052 0.0038 0.0043 
      H088.6  2 0.0042 0.0161 0.0073 0.0068 0.0062 0.0107 0.0069 0.0041 0.0080 0.0043 0.0046 0.8558 0.0060 0.0068 0.0138 0.0071 0.0050 0.0071 0.0059 0.0057 0.0077 
      H088.7  2 0.0054 0.0085 0.0058 0.0053 0.0066 0.0158 0.0053 0.0061 0.0063 0.0110 0.0065 0.8393 0.0092 0.0099 0.0136 0.0107 0.0053 0.0085 0.0059 0.0074 0.0078 
      H088.8  2 0.0044 0.0264 0.0182 0.0086 0.0071 0.0118 0.0086 0.0057 0.0086 0.0059 0.0062 0.8050 0.0058 0.0171 0.0114 0.0102 0.0058 0.0075 0.0067 0.0080 0.0110 
      H091.1  2 0.0577 0.0064 0.0123 0.0059 0.0056 0.0075 0.0086 0.0078 0.0084 0.0080 0.0097 0.6893 0.0046 0.0187 0.0066 0.0413 0.0155 0.0130 0.0051 0.0254 0.0427 
      H091.2  2 0.0321 0.0074 0.0105 0.0030 0.0063 0.0140 0.0187 0.0043 0.0057 0.0076 0.0061 0.5807 0.0039 0.0153 0.0051 0.0121 0.0257 0.0079 0.0083 0.0893 0.1359 
      H109.1  2 0.0159 0.0718 0.0086 0.0269 0.0077 0.1527 0.0085 0.0299 0.0398 0.0389 0.0220 0.0078 0.0077 0.0126 0.0144 0.1629 0.0870 0.0068 0.2243 0.0366 0.0172 
      H109.2  2 0.0138 0.0151 0.0045 0.2350 0.0298 0.0275 0.0216 0.0129 0.0170 0.0585 0.0065 0.0088 0.0075 0.0229 0.0091 0.3773 0.0152 0.0281 0.0430 0.0111 0.0347 
      H109.3  2 0.0126 0.0101 0.0152 0.0394 0.0074 0.0980 0.0090 0.0082 0.0231 0.0128 0.0048 0.0165 0.0159 0.0129 0.0180 0.4542 0.0126 0.0388 0.0232 0.1088 0.0585 
      H109.4  2 0.0068 0.0344 0.0101 0.0206 0.0107 0.0161 0.0078 0.0129 0.0466 0.0125 0.0060 0.0135 0.0062 0.0098 0.0089 0.6533 0.0105 0.0111 0.0277 0.0395 0.0353 
      H109.5  2 0.0140 0.0055 0.0096 0.0439 0.0063 0.0165 0.0068 0.0037 0.0061 0.0082 0.0058 0.0359 0.0089 0.0361 0.0359 0.5583 0.0045 0.0735 0.0080 0.0326 0.0797 
      H109.6  2 0.0112 0.1077 0.0089 0.1870 0.0282 0.0664 0.0232 0.0150 0.0327 0.0465 0.0063 0.0072 0.0156 0.0262 0.0234 0.2346 0.0142 0.0313 0.0680 0.0233 0.0231 
      H126.1  2 0.0234 0.0166 0.0375 0.0069 0.1430 0.0137 0.0109 0.0088 0.0418 0.1062 0.0993 0.0244 0.0171 0.0080 0.0162 0.0152 0.0071 0.1425 0.2090 0.0124 0.0400 
      H126.2  2 0.0108 0.0092 0.0223 0.0084 0.0948 0.0554 0.0082 0.0455 0.0392 0.0146 0.0613 0.0116 0.0223 0.0363 0.0073 0.0317 0.0118 0.0145 0.0166 0.0064 0.4717 
      H126.3  2 0.0072 0.0081 0.0083 0.0041 0.0101 0.0083 0.0042 0.0057 0.0078 0.2554 0.0097 0.0589 0.0043 0.0275 0.0127 0.0063 0.0136 0.0066 0.0313 0.0057 0.5042 
      H126.4  2 0.0090 0.0122 0.1533 0.0107 0.4122 0.0138 0.0089 0.0142 0.0290 0.0282 0.0174 0.0186 0.0121 0.0217 0.0180 0.0231 0.0181 0.0069 0.0238 0.0097 0.1389 
      H126.5  2 0.0082 0.0068 0.0292 0.0058 0.0594 0.0052 0.0074 0.0043 0.0241 0.0404 0.0170 0.0073 0.0221 0.0211 0.0056 0.0101 0.0057 0.0323 0.0094 0.0071 0.6714 
      H126.6  2 0.0042 0.0056 0.0061 0.0044 0.0170 0.0131 0.0042 0.0042 0.0215 0.1437 0.1206 0.0198 0.0245 0.0718 0.0048 0.0076 0.0049 0.0080 0.0067 0.0086 0.4985 
      H126.7  2 0.0073 0.0072 0.0115 0.0063 0.0071 0.0098 0.0059 0.0030 0.0202 0.0216 0.0355 0.0445 0.0389 0.5239 0.0051 0.0161 0.0080 0.0109 0.0091 0.0122 0.1960 
      H130.1  2 0.0090 0.0266 0.0176 0.0096 0.0862 0.0124 0.0087 0.0055 0.5929 0.0064 0.0071 0.0297 0.0236 0.0067 0.0177 0.0213 0.0078 0.0667 0.0127 0.0226 0.0093 
      H130.2  2 0.0090 0.0726 0.0149 0.3235 0.0940 0.0302 0.0333 0.0087 0.0565 0.0051 0.0132 0.0212 0.0499 0.0339 0.0081 0.0305 0.0371 0.0194 0.1057 0.0238 0.0095 
      H130.3  2 0.0063 0.0171 0.1854 0.0873 0.0103 0.0176 0.0149 0.0046 0.2473 0.0052 0.0052 0.0210 0.0948 0.0305 0.0123 0.0097 0.0053 0.0288 0.1841 0.0075 0.0048 
      H130.4  2 0.0055 0.0518 0.0487 0.0225 0.2591 0.0197 0.0282 0.0218 0.2675 0.0064 0.0179 0.0247 0.0135 0.0092 0.0124 0.0149 0.0198 0.0240 0.1027 0.0159 0.0138 
      H130.5  2 0.0131 0.0161 0.0064 0.1312 0.0904 0.0072 0.0369 0.0061 0.2796 0.0050 0.0333 0.0439 0.0965 0.0597 0.0222 0.0256 0.0239 0.0488 0.0302 0.0151 0.0087 
      H133.1  2 0.0073 0.0060 0.0131 0.0123 0.0295 0.0192 0.0079 0.0476 0.0147 0.0087 0.0098 0.0122 0.0096 0.0211 0.0107 0.0801 0.0116 0.0307 0.5218 0.1191 0.0070 
      H133.2  2 0.0071 0.0136 0.0108 0.0863 0.0325 0.0269 0.0049 0.0064 0.1344 0.0103 0.0440 0.0254 0.0153 0.0085 0.0206 0.2748 0.0054 0.0335 0.0290 0.1969 0.0135 
      H133.3  2 0.0222 0.0053 0.0157 0.0106 0.0131 0.0189 0.0111 0.0972 0.0202 0.0123 0.0348 0.0845 0.0081 0.0296 0.0303 0.3495 0.0115 0.0367 0.1321 0.0362 0.0200 
      H133.4  2 0.0093 0.0176 0.0106 0.0134 0.0143 0.0370 0.0074 0.0341 0.0432 0.0057 0.0147 0.0074 0.0175 0.0129 0.0106 0.2066 0.0078 0.0077 0.1618 0.3538 0.0064 
      H133.5  2 0.0146 0.0130 0.0114 0.0363 0.0182 0.0068 0.0042 0.0129 0.0736 0.0074 0.0469 0.0369 0.0251 0.0072 0.0068 0.1518 0.0071 0.0078 0.4411 0.0544 0.0166 
      H133.6  2 0.0149 0.0206 0.0085 0.0559 0.0418 0.0107 0.0074 0.0106 0.2063 0.0113 0.0345 0.0840 0.0307 0.0119 0.0178 0.0724 0.0113 0.0535 0.2305 0.0504 0.0150 
      H133.7  2 0.0229 0.0056 0.0105 0.0061 0.0216 0.0534 0.0296 0.0685 0.0090 0.0067 0.0227 0.0149 0.0074 0.0129 0.0342 0.2731 0.0105 0.0214 0.0395 0.3231 0.0065 
      H133.8  2 0.0223 0.0054 0.0064 0.0107 0.0147 0.0190 0.0039 0.0368 0.0719 0.0074 0.0414 0.0149 0.0064 0.0108 0.0138 0.1141 0.0092 0.0060 0.3488 0.2271 0.0088 
      H133.9  2 0.0076 0.0060 0.0339 0.0158 0.0318 0.0175 0.0056 0.0512 0.0189 0.0059 0.0106 0.0190 0.0123 0.0285 0.0117 0.0333 0.0133 0.0245 0.6118 0.0329 0.0080 
      H147.1  2 0.0779 0.0044 0.0037 0.1086 0.0147 0.0287 0.0108 0.0181 0.0058 0.0131 0.0583 0.0223 0.1368 0.2004 0.0240 0.0206 0.0275 0.0397 0.0053 0.1688 0.0104 
      H147.2  2 0.0239 0.0045 0.0041 0.0254 0.0145 0.0061 0.0057 0.0051 0.0066 0.0071 0.0121 0.0101 0.0838 0.7265 0.0085 0.0138 0.0050 0.0130 0.0043 0.0152 0.0049 
      H147.3  2 0.0098 0.0032 0.0068 0.0566 0.0087 0.0056 0.0069 0.0047 0.0045 0.0072 0.0334 0.0050 0.0834 0.6970 0.0065 0.0139 0.0045 0.0167 0.0069 0.0108 0.0078 
      H147.4  2 0.0206 0.0035 0.0058 0.1133 0.0059 0.0113 0.0047 0.0169 0.0033 0.0058 0.0138 0.0083 0.0380 0.6831 0.0062 0.0075 0.0104 0.0079 0.0044 0.0219 0.0074 
      H147.5  2 0.0156 0.0087 0.0176 0.2876 0.0101 0.0102 0.0071 0.0071 0.0063 0.0085 0.0220 0.0618 0.0723 0.3266 0.0212 0.0177 0.0268 0.0359 0.0056 0.0126 0.0187 
      H147.6  2 0.0112 0.0069 0.0182 0.3044 0.0053 0.0104 0.0048 0.0081 0.0062 0.0153 0.0167 0.0864 0.0705 0.2664 0.0095 0.0490 0.0246 0.0407 0.0056 0.0186 0.0212 
      H147.7  2 0.0208 0.0042 0.0074 0.1382 0.0065 0.0191 0.0071 0.0239 0.0032 0.0074 0.0132 0.0053 0.0308 0.6024 0.0115 0.0108 0.0148 0.0146 0.0047 0.0446 0.0093 
      H147.8  2 0.0175 0.0141 0.0080 0.1843 0.0044 0.0162 0.0038 0.0270 0.0038 0.0082 0.0122 0.0706 0.0247 0.4870 0.0091 0.0181 0.0255 0.0050 0.0033 0.0217 0.0356 
      H147.9  2 0.0196 0.0047 0.0057 0.0462 0.0108 0.0058 0.0058 0.0051 0.0044 0.0074 0.0288 0.0057 0.0526 0.7194 0.0102 0.0129 0.0068 0.0207 0.0046 0.0128 0.0100 
      H148.1  2 0.0296 0.0367 0.0056 0.0262 0.6388 0.0190 0.0189 0.0299 0.0082 0.0294 0.0062 0.0110 0.0256 0.0068 0.0259 0.0196 0.0192 0.0101 0.0133 0.0115 0.0087 
      H148.2  2 0.0208 0.0301 0.0066 0.0212 0.3760 0.0146 0.0774 0.0343 0.0124 0.0462 0.0186 0.0070 0.0216 0.0107 0.2134 0.0156 0.0157 0.0092 0.0290 0.0081 0.0115 
      H148.3  2 0.3412 0.0582 0.0096 0.0161 0.0246 0.0193 0.2291 0.0375 0.0037 0.0108 0.0092 0.0138 0.0127 0.0104 0.1265 0.0135 0.0078 0.0151 0.0105 0.0135 0.0166 
      H148.4  2 0.0727 0.1970 0.0056 0.0090 0.3598 0.0115 0.0377 0.0267 0.0077 0.0239 0.0116 0.0083 0.0698 0.0137 0.0528 0.0152 0.0067 0.0230 0.0219 0.0150 0.0105 
      H148.5  2 0.0212 0.1623 0.0089 0.0432 0.0181 0.0106 0.3460 0.0251 0.0046 0.0234 0.0103 0.0202 0.0266 0.0101 0.2113 0.0099 0.0106 0.0053 0.0166 0.0053 0.0102 
      H148.6  2 0.0480 0.0733 0.0052 0.0207 0.1827 0.0163 0.2168 0.1108 0.0083 0.0245 0.0165 0.0106 0.0297 0.0119 0.1273 0.0135 0.0335 0.0199 0.0109 0.0111 0.0086 
      H148.7  2 0.0289 0.1768 0.0275 0.0309 0.1241 0.0323 0.1051 0.0359 0.0096 0.0262 0.0078 0.0243 0.0435 0.0062 0.2123 0.0193 0.0131 0.0083 0.0443 0.0108 0.0128 
      H148.8  2 0.0290 0.0322 0.0077 0.0125 0.2559 0.0052 0.3105 0.0300 0.0054 0.0066 0.0126 0.0300 0.0124 0.0057 0.1911 0.0056 0.0053 0.0149 0.0104 0.0077 0.0091 
      H148.9  2 0.0825 0.0448 0.0099 0.0113 0.1791 0.0552 0.0875 0.0979 0.0091 0.0816 0.0551 0.0099 0.0095 0.0073 0.0365 0.0079 0.0131 0.0090 0.1579 0.0133 0.0215 
   H166022.1  2 0.0134 0.0050 0.0037 0.0940 0.0055 0.0071 0.0062 0.0078 0.0096 0.0046 0.0129 0.6831 0.0158 0.0093 0.0138 0.0072 0.0602 0.0188 0.0045 0.0091 0.0084 
   H166022.2  2 0.0111 0.0168 0.0155 0.1297 0.0112 0.0247 0.0167 0.0116 0.0067 0.0118 0.0151 0.3903 0.1547 0.0419 0.0124 0.0276 0.0361 0.0154 0.0124 0.0192 0.0191 
   H166022.3  2 0.0088 0.0186 0.0113 0.0128 0.0083 0.0113 0.0129 0.0060 0.0153 0.0040 0.0045 0.6251 0.0274 0.0037 0.0101 0.0111 0.1730 0.0094 0.0148 0.0041 0.0076 
   H166022.4  2 0.0100 0.0107 0.0085 0.0120 0.0044 0.0067 0.0060 0.0043 0.0202 0.0053 0.0036 0.8027 0.0461 0.0058 0.0071 0.0082 0.0170 0.0065 0.0063 0.0033 0.0053 
   H166022.5  2 0.0106 0.0092 0.0094 0.0836 0.0039 0.0081 0.0057 0.0040 0.0152 0.0045 0.0047 0.6892 0.0706 0.0095 0.0076 0.0132 0.0190 0.0158 0.0053 0.0044 0.0065 
   H166022.6  2 0.0125 0.0067 0.0099 0.0312 0.0212 0.0395 0.0056 0.0134 0.0654 0.0057 0.0072 0.6436 0.0292 0.0066 0.0087 0.0175 0.0392 0.0154 0.0067 0.0102 0.0046 
   H166022.7  2 0.0048 0.8858 0.0058 0.0077 0.0053 0.0055 0.0033 0.0051 0.0043 0.0052 0.0038 0.0057 0.0043 0.0067 0.0046 0.0078 0.0030 0.0068 0.0072 0.0082 0.0090 
   H166022.8  2 0.0234 0.0056 0.0172 0.1200 0.0398 0.0139 0.0050 0.0065 0.0320 0.0088 0.0206 0.1694 0.3681 0.0110 0.0105 0.0557 0.0337 0.0361 0.0074 0.0082 0.0073 
   H167397.1  2 0.0163 0.0072 0.0053 0.0188 0.0246 0.0075 0.0100 0.3794 0.0062 0.0135 0.0058 0.0842 0.0274 0.0255 0.0100 0.0128 0.0057 0.0595 0.0066 0.2602 0.0134 
   H167397.2  2 0.0761 0.0138 0.0086 0.0141 0.1652 0.0095 0.0114 0.3873 0.0081 0.0066 0.0309 0.0176 0.0771 0.0290 0.0132 0.0125 0.0327 0.0068 0.0080 0.0512 0.0204 
   H167397.3  2 0.0152 0.0070 0.0092 0.0148 0.0242 0.0072 0.0101 0.5164 0.0045 0.0194 0.0040 0.0311 0.0133 0.0395 0.0074 0.0078 0.0055 0.0562 0.0053 0.1856 0.0164 
   H167397.4  2 0.1054 0.0154 0.0091 0.0179 0.0133 0.0439 0.0114 0.5387 0.0071 0.0082 0.0407 0.0130 0.0124 0.0245 0.0471 0.0096 0.0201 0.0044 0.0174 0.0215 0.0191 
   H167397.5  2 0.0460 0.0192 0.0070 0.0334 0.0660 0.0073 0.0097 0.4704 0.0077 0.0070 0.0061 0.0222 0.0485 0.0296 0.0088 0.0281 0.0110 0.0267 0.0081 0.1218 0.0154 
   H167397.6  2 0.0212 0.0076 0.0200 0.0057 0.0187 0.0106 0.0076 0.5295 0.0079 0.0587 0.0116 0.0324 0.0078 0.0220 0.0179 0.0086 0.0071 0.0133 0.0090 0.1568 0.0259 
   H167496.1  2 0.0294 0.0096 0.0201 0.0095 0.0064 0.0146 0.0590 0.0103 0.0277 0.0248 0.0053 0.1750 0.0204 0.0134 0.1254 0.0391 0.0189 0.3585 0.0132 0.0066 0.0128 
   H167496.2  2 0.0136 0.0467 0.0125 0.0194 0.0248 0.0430 0.0968 0.0141 0.0443 0.0869 0.0110 0.0523 0.0892 0.0548 0.0532 0.1994 0.0102 0.0506 0.0155 0.0165 0.0451 
   H167496.3  2 0.0462 0.0056 0.0270 0.0082 0.0160 0.0344 0.0903 0.0101 0.0458 0.0091 0.1168 0.1138 0.0780 0.0352 0.0329 0.0306 0.0721 0.1928 0.0109 0.0133 0.0112 
   H167496.4  2 0.0062 0.0057 0.0057 0.0060 0.0037 0.0048 0.0038 0.0035 0.0042 0.0067 0.0084 0.8819 0.0102 0.0093 0.0049 0.0056 0.0056 0.0064 0.0053 0.0038 0.0083 
   H167496.6  2 0.0103 0.0057 0.0140 0.0085 0.0061 0.0074 0.0035 0.0041 0.0067 0.0103 0.0061 0.6633 0.1551 0.0153 0.0078 0.0339 0.0054 0.0116 0.0077 0.0078 0.0093 
   H167496.7  2 0.0174 0.0052 0.0076 0.0070 0.0143 0.0148 0.0470 0.0058 0.0294 0.0136 0.0061 0.0134 0.0204 0.0061 0.0057 0.0203 0.0169 0.6823 0.0108 0.0448 0.0109 
   H167496.8  2 0.0128 0.0060 0.0047 0.0112 0.0052 0.0109 0.0055 0.0052 0.0059 0.0298 0.0075 0.6372 0.0937 0.0181 0.0126 0.0765 0.0082 0.0173 0.0072 0.0148 0.0095 
   H167513.1  2 0.0059 0.0084 0.0056 0.0081 0.0092 0.8555 0.0046 0.0063 0.0144 0.0077 0.0042 0.0078 0.0095 0.0046 0.0051 0.0057 0.0068 0.0062 0.0087 0.0091 0.0066 
   H167513.2  2 0.0065 0.0053 0.0068 0.0059 0.0119 0.8015 0.0095 0.0214 0.0129 0.0089 0.0070 0.0104 0.0065 0.0050 0.0160 0.0121 0.0048 0.0223 0.0058 0.0146 0.0051 
   H167513.3  2 0.0070 0.0056 0.0157 0.0252 0.0056 0.7937 0.0089 0.0067 0.0129 0.0086 0.0043 0.0075 0.0176 0.0070 0.0034 0.0060 0.0124 0.0066 0.0241 0.0104 0.0105 
   H167513.4  2 0.0061 0.0055 0.0070 0.0140 0.0183 0.6835 0.0097 0.0085 0.0121 0.0178 0.0061 0.0162 0.0224 0.0071 0.0115 0.0075 0.0559 0.0087 0.0632 0.0135 0.0054 
   H167513.5  2 0.0053 0.0040 0.0042 0.0044 0.0109 0.8500 0.0047 0.0120 0.0070 0.0080 0.0061 0.0084 0.0063 0.0035 0.0100 0.0162 0.0053 0.0110 0.0063 0.0127 0.0037 
   H167513.6  2 0.0076 0.0073 0.0054 0.0343 0.0067 0.7828 0.0087 0.0064 0.0129 0.0140 0.0080 0.0160 0.0160 0.0079 0.0047 0.0064 0.0127 0.0154 0.0086 0.0100 0.0082 
   H167513.7  2 0.0059 0.0061 0.0050 0.0106 0.0071 0.7855 0.0045 0.0235 0.0108 0.0116 0.0086 0.0073 0.0074 0.0116 0.0045 0.0154 0.0303 0.0044 0.0234 0.0092 0.0073 
   H167513.8  2 0.0049 0.0067 0.0057 0.0196 0.0043 0.8216 0.0043 0.0178 0.0105 0.0072 0.0032 0.0050 0.0137 0.0056 0.0030 0.0143 0.0054 0.0053 0.0207 0.0162 0.0048 
   H167547.1  2 0.0071 0.0110 0.0167 0.0067 0.0474 0.0160 0.1842 0.0213 0.0190 0.0066 0.0069 0.0202 0.0077 0.0061 0.0151 0.0064 0.0246 0.4976 0.0131 0.0571 0.0093 
   H167547.2  2 0.0174 0.0036 0.0122 0.0078 0.0117 0.0096 0.0967 0.0103 0.0075 0.0093 0.0083 0.0408 0.0046 0.0069 0.0056 0.0106 0.0316 0.2793 0.0052 0.4150 0.0061 
   H167547.3  2 0.0147 0.0039 0.0114 0.0071 0.0098 0.0081 0.0905 0.0138 0.0090 0.0094 0.0092 0.0513 0.0042 0.0050 0.0061 0.0099 0.0244 0.2690 0.0059 0.4322 0.0051 
   H167547.4  2 0.0138 0.0104 0.0353 0.0093 0.0749 0.0325 0.0448 0.0289 0.0461 0.0050 0.0174 0.1115 0.0102 0.0059 0.0192 0.0172 0.1830 0.2666 0.0276 0.0282 0.0122 
   H167547.5  2 0.0439 0.0038 0.0257 0.0247 0.0164 0.0082 0.1302 0.0107 0.0117 0.0148 0.0067 0.3641 0.0069 0.0095 0.1778 0.0174 0.0185 0.0229 0.0051 0.0742 0.0069 
   H167547.6  2 0.0356 0.0059 0.0237 0.0254 0.0163 0.0113 0.1406 0.0082 0.0124 0.0163 0.0078 0.3201 0.0071 0.0097 0.1945 0.0243 0.0178 0.0240 0.0053 0.0841 0.0096 
   H167547.7  2 0.0339 0.0422 0.0244 0.0216 0.0315 0.0999 0.1896 0.0136 0.1161 0.0163 0.0587 0.0136 0.0184 0.0284 0.0295 0.0276 0.0252 0.1091 0.0168 0.0527 0.0308 
   H169750.1  2 0.0088 0.0066 0.0227 0.0072 0.0352 0.0132 0.0229 0.0131 0.1061 0.0092 0.0093 0.0584 0.0089 0.0056 0.0058 0.5562 0.0208 0.0200 0.0363 0.0104 0.0234 
   H169750.2  2 0.1013 0.0122 0.0214 0.0222 0.0311 0.0365 0.0090 0.0186 0.0079 0.0070 0.0120 0.0156 0.0339 0.0216 0.0129 0.5289 0.0055 0.0118 0.0171 0.0653 0.0080 
   H169750.3  2 0.0084 0.0046 0.0108 0.0098 0.0067 0.0413 0.0106 0.0028 0.0309 0.0048 0.0132 0.0191 0.0038 0.0091 0.0103 0.7664 0.0058 0.0085 0.0091 0.0098 0.0143 
   H169750.4  2 0.0422 0.0108 0.0353 0.0070 0.1061 0.0514 0.0100 0.0682 0.0299 0.0269 0.0214 0.0584 0.1169 0.0104 0.0556 0.2240 0.0055 0.0184 0.0633 0.0199 0.0183 
   H169750.5  2 0.0248 0.0051 0.0149 0.0085 0.0202 0.0178 0.0093 0.0081 0.0296 0.0053 0.0094 0.0453 0.0084 0.0151 0.0071 0.6548 0.0270 0.0077 0.0382 0.0207 0.0228 
   H169750.6  2 0.0082 0.0088 0.0109 0.0119 0.0173 0.0147 0.0063 0.0065 0.0094 0.0047 0.0151 0.0400 0.0111 0.0582 0.0079 0.6886 0.0123 0.0083 0.0223 0.0212 0.0164 
   H169750.7  2 0.0919 0.0138 0.0192 0.0066 0.0150 0.0897 0.0150 0.0155 0.0231 0.0147 0.0254 0.0152 0.0314 0.0134 0.0079 0.5040 0.0067 0.0125 0.0216 0.0291 0.0283 
   H171929.1  2 0.0046 0.0048 0.0059 0.0038 0.0064 0.8461 0.0094 0.0151 0.0082 0.0042 0.0195 0.0054 0.0041 0.0057 0.0176 0.0053 0.0061 0.0090 0.0056 0.0079 0.0055 
  H171929.10  2 0.0086 0.0059 0.0054 0.0131 0.0073 0.7499 0.0186 0.0155 0.0116 0.0070 0.0414 0.0217 0.0062 0.0092 0.0142 0.0131 0.0103 0.0141 0.0083 0.0123 0.0062 
  H171929.11  2 0.0088 0.0043 0.0060 0.0043 0.0066 0.8458 0.0066 0.0182 0.0087 0.0047 0.0120 0.0053 0.0042 0.0061 0.0126 0.0111 0.0033 0.0062 0.0064 0.0131 0.0054 
   H171929.2  2 0.0053 0.0035 0.0065 0.0044 0.0099 0.8133 0.0292 0.0056 0.0072 0.0041 0.0102 0.0073 0.0044 0.0053 0.0161 0.0181 0.0074 0.0091 0.0131 0.0152 0.0046 
   H171929.3  2 0.0084 0.0043 0.0080 0.0046 0.0061 0.8647 0.0088 0.0090 0.0061 0.0033 0.0066 0.0065 0.0047 0.0112 0.0073 0.0083 0.0059 0.0064 0.0044 0.0104 0.0050 
   H171929.4  2 0.0099 0.0060 0.0134 0.0070 0.0197 0.7672 0.0202 0.0041 0.0212 0.0038 0.0246 0.0137 0.0056 0.0135 0.0101 0.0119 0.0090 0.0155 0.0056 0.0079 0.0100 
   H171929.5  2 0.0062 0.0051 0.0050 0.0055 0.0079 0.8654 0.0067 0.0075 0.0095 0.0051 0.0060 0.0046 0.0045 0.0047 0.0065 0.0095 0.0043 0.0042 0.0112 0.0138 0.0068 
   H171929.6  2 0.0052 0.0053 0.0042 0.0054 0.0073 0.8762 0.0069 0.0070 0.0101 0.0057 0.0048 0.0039 0.0040 0.0039 0.0062 0.0081 0.0041 0.0048 0.0090 0.0123 0.0054 
   H171929.7  2 0.0043 0.0043 0.0052 0.0034 0.0088 0.8687 0.0085 0.0046 0.0065 0.0038 0.0215 0.0053 0.0052 0.0065 0.0082 0.0045 0.0047 0.0060 0.0058 0.0075 0.0067 
   H171929.8  2 0.0057 0.0047 0.0068 0.0068 0.0146 0.8089 0.0297 0.0047 0.0152 0.0043 0.0263 0.0060 0.0050 0.0059 0.0075 0.0065 0.0070 0.0151 0.0071 0.0069 0.0052 
   H171929.9  2 0.0058 0.0088 0.0057 0.0082 0.0088 0.8276 0.0055 0.0034 0.0149 0.0048 0.0224 0.0096 0.0072 0.0104 0.0041 0.0101 0.0066 0.0113 0.0084 0.0102 0.0060 
   H171930.1  2 0.0101 0.0109 0.0075 0.0790 0.0099 0.1400 0.0052 0.0211 0.0041 0.0074 0.0028 0.0215 0.0077 0.0050 0.0199 0.5759 0.0032 0.0104 0.0275 0.0161 0.0148 
   H171930.2  2 0.0236 0.0234 0.0117 0.2561 0.0151 0.0156 0.0174 0.0064 0.0110 0.0107 0.0090 0.0872 0.0099 0.0155 0.0182 0.3418 0.0085 0.0391 0.0192 0.0238 0.0368 
   H171930.3  2 0.0168 0.0126 0.0067 0.0255 0.0053 0.0107 0.0110 0.0147 0.0037 0.0073 0.0050 0.0121 0.0069 0.0056 0.0234 0.7711 0.0080 0.0088 0.0186 0.0105 0.0158 
   H171930.4  2 0.0895 0.0218 0.0124 0.1584 0.0049 0.0097 0.0074 0.0100 0.0045 0.0121 0.0028 0.0435 0.0192 0.0066 0.0090 0.5215 0.0075 0.0111 0.0252 0.0126 0.0102 
