      H008.1  2 0.0078 0.0141 0.0083 0.2320 0.0058 0.0122 0.0181 0.0079 0.0071 0.0083 0.6361 0.0067 0.0130 0.0084 0.0141 
      H008.2  2 0.0167 0.0077 0.0177 0.7378 0.0229 0.0192 0.0148 0.0083 0.0456 0.0197 0.0247 0.0078 0.0098 0.0244 0.0228 
      H008.3  2 0.0148 0.0157 0.0158 0.7542 0.0244 0.0135 0.0129 0.0070 0.0110 0.0185 0.0144 0.0092 0.0143 0.0304 0.0439 
      H008.4  2 0.0218 0.0075 0.0098 0.4475 0.0442 0.0098 0.0167 0.0283 0.0248 0.0227 0.3137 0.0102 0.0206 0.0124 0.0100 
      H008.5  2 0.0224 0.0095 0.0077 0.5457 0.0167 0.0098 0.0092 0.0069 0.0060 0.0170 0.2947 0.0097 0.0139 0.0111 0.0197 
      H008.6  2 0.0113 0.0057 0.0114 0.7180 0.0392 0.0124 0.0243 0.0111 0.0271 0.0232 0.0650 0.0132 0.0108 0.0050 0.0223 
      H008.7  2 0.0225 0.0120 0.0110 0.5768 0.0582 0.0314 0.0253 0.0139 0.0301 0.0133 0.1141 0.0120 0.0227 0.0330 0.0237 
      H008.8  2 0.0077 0.1024 0.0092 0.3109 0.0100 0.0095 0.1041 0.0112 0.2306 0.0297 0.0995 0.0146 0.0180 0.0248 0.0177 
      H008.9  2 0.0101 0.0072 0.0090 0.6809 0.0642 0.0121 0.0442 0.0073 0.0911 0.0179 0.0116 0.0087 0.0189 0.0068 0.0100 
 H029.1_2002  2 0.0508 0.0067 0.0071 0.0156 0.0243 0.0094 0.0345 0.0573 0.0324 0.0056 0.7039 0.0207 0.0127 0.0093 0.0099 
 H029.1_2003  2 0.2413 0.0116 0.0095 0.5538 0.0098 0.0075 0.0175 0.0148 0.0458 0.0101 0.0342 0.0132 0.0078 0.0053 0.0178 
 H029.2_2002  2 0.0494 0.0089 0.0066 0.0743 0.0521 0.0114 0.0079 0.0137 0.0109 0.0158 0.6073 0.0334 0.0095 0.0352 0.0637 
 H029.2_2003  2 0.0826 0.0135 0.0120 0.6540 0.0253 0.0087 0.0111 0.0072 0.0149 0.0167 0.0643 0.0315 0.0066 0.0050 0.0467 
 H029.3_2002  2 0.0298 0.0152 0.0157 0.3861 0.1270 0.0126 0.0083 0.0110 0.0314 0.0206 0.2470 0.0244 0.0087 0.0396 0.0225 
 H029.3_2003  2 0.1827 0.0052 0.0115 0.1474 0.0073 0.0187 0.0047 0.0055 0.0190 0.0053 0.5403 0.0109 0.0123 0.0085 0.0207 
 H029.4_2002  2 0.0234 0.0078 0.0077 0.0137 0.0179 0.0111 0.0055 0.0089 0.0073 0.0049 0.8628 0.0048 0.0075 0.0106 0.0060 
 H029.4_2003  2 0.4429 0.0423 0.0097 0.2881 0.0193 0.0235 0.0122 0.0088 0.0185 0.0111 0.0839 0.0098 0.0072 0.0076 0.0151 
 H029.5_2002  2 0.0377 0.0045 0.0065 0.0056 0.0065 0.0086 0.0073 0.0100 0.0086 0.0043 0.8607 0.0085 0.0129 0.0106 0.0080 
 H029.5_2003  2 0.1367 0.0142 0.0050 0.4252 0.0119 0.0082 0.0091 0.0081 0.0224 0.0050 0.3116 0.0062 0.0106 0.0043 0.0214 
 H029.6_2002  2 0.2581 0.0120 0.0070 0.0487 0.0437 0.0120 0.0054 0.0074 0.0177 0.0069 0.5237 0.0059 0.0113 0.0336 0.0065 
 H029.6_2003  2 0.0604 0.0129 0.0214 0.0949 0.0078 0.0210 0.0188 0.0096 0.0376 0.0117 0.5268 0.0494 0.0319 0.0100 0.0859 
      H029.7  2 0.0172 0.0077 0.0051 0.0328 0.0353 0.0088 0.0110 0.0124 0.0045 0.0211 0.7801 0.0170 0.0070 0.0223 0.0177 
      H030.1  2 0.1980 0.0123 0.4070 0.0099 0.0053 0.1210 0.0125 0.0063 0.0152 0.0107 0.0359 0.0907 0.0163 0.0144 0.0446 
      H030.2  2 0.0438 0.0259 0.3181 0.0146 0.0743 0.0698 0.0103 0.2013 0.0060 0.0047 0.0729 0.0156 0.0181 0.1147 0.0098 
      H038.1  2 0.0055 0.0091 0.0058 0.0091 0.0272 0.0047 0.0057 0.0059 0.0079 0.0091 0.8878 0.0070 0.0057 0.0041 0.0056 
      H038.2  2 0.0073 0.0066 0.0108 0.0076 0.0071 0.0059 0.0044 0.0111 0.0048 0.0030 0.9030 0.0078 0.0072 0.0053 0.0080 
      H038.3  2 0.0048 0.0268 0.0156 0.0090 0.0328 0.0094 0.0103 0.0221 0.0109 0.0046 0.7960 0.0318 0.0120 0.0070 0.0068 
      H038.4  2 0.0052 0.0168 0.0065 0.0065 0.0292 0.0092 0.0066 0.0111 0.0088 0.0041 0.8492 0.0193 0.0145 0.0080 0.0050 
      H038.5  2 0.0123 0.0218 0.0111 0.0092 0.0254 0.0127 0.0045 0.0054 0.0220 0.0037 0.8357 0.0075 0.0072 0.0118 0.0095 
      H038.6  2 0.0093 0.0087 0.0086 0.0136 0.0116 0.0062 0.0041 0.0082 0.0065 0.0040 0.8927 0.0074 0.0047 0.0044 0.0100 
      H038.7  2 0.0054 0.0125 0.0093 0.0091 0.0103 0.0087 0.0059 0.0201 0.0049 0.0037 0.8605 0.0340 0.0055 0.0036 0.0065 
      H038.8  2 0.0038 0.0195 0.0193 0.0055 0.0819 0.0071 0.0052 0.0124 0.0067 0.0038 0.7913 0.0170 0.0125 0.0096 0.0043 
      H041.1  2 0.2425 0.0119 0.0065 0.0288 0.0220 0.2782 0.0208 0.0122 0.0041 0.0184 0.1877 0.0252 0.0644 0.0665 0.0109 
      H041.2  2 0.6713 0.0056 0.0066 0.0224 0.0174 0.0125 0.0133 0.0223 0.0094 0.0064 0.0776 0.0145 0.1086 0.0055 0.0069 
      H041.4  2 0.4625 0.0118 0.0092 0.0424 0.0263 0.0294 0.0340 0.0086 0.0320 0.0227 0.2640 0.0156 0.0233 0.0094 0.0088 
      H041.6  2 0.4183 0.0158 0.0124 0.0198 0.0168 0.0145 0.0449 0.0166 0.0283 0.0267 0.3109 0.0177 0.0366 0.0127 0.0079 
 H042.1_2002  2 0.7904 0.0386 0.0071 0.0113 0.0115 0.0072 0.0280 0.0190 0.0069 0.0116 0.0089 0.0114 0.0304 0.0065 0.0113 
 H042.1_2003  2 0.0401 0.0310 0.0319 0.1739 0.1070 0.0149 0.0524 0.0511 0.0452 0.0132 0.0898 0.1182 0.1145 0.0129 0.1039 
 H042.2_2002  2 0.5570 0.0270 0.0075 0.0214 0.0429 0.0140 0.0052 0.1298 0.0091 0.0115 0.1130 0.0079 0.0136 0.0067 0.0334 
 H042.2_2003  2 0.5665 0.0128 0.0095 0.0110 0.0059 0.0097 0.0370 0.0191 0.0139 0.0115 0.1332 0.0203 0.1227 0.0042 0.0227 
 H042.3_2002  2 0.5200 0.1691 0.0126 0.0131 0.0224 0.0176 0.0194 0.1029 0.0084 0.0117 0.0084 0.0104 0.0506 0.0053 0.0283 
 H042.3_2003  2 0.2884 0.1678 0.0206 0.0644 0.0370 0.0741 0.0361 0.1149 0.0068 0.0217 0.0321 0.0131 0.0384 0.0302 0.0544 
 H042.4_2002  2 0.8638 0.0105 0.0102 0.0075 0.0128 0.0084 0.0104 0.0059 0.0104 0.0062 0.0137 0.0073 0.0154 0.0062 0.0113 
 H042.4_2003  2 0.7782 0.0150 0.0072 0.0080 0.0068 0.0147 0.0202 0.0071 0.0054 0.0175 0.0584 0.0306 0.0149 0.0090 0.0070 
      H042.5  2 0.9123 0.0063 0.0048 0.0059 0.0035 0.0067 0.0074 0.0043 0.0040 0.0093 0.0082 0.0065 0.0079 0.0042 0.0087 
      H042.6  2 0.7872 0.0673 0.0046 0.0111 0.0114 0.0065 0.0086 0.0129 0.0046 0.0316 0.0164 0.0132 0.0074 0.0083 0.0088 
      H042.7  2 0.5373 0.0340 0.0055 0.0094 0.0061 0.0151 0.0142 0.0993 0.0070 0.0118 0.0200 0.0263 0.1971 0.0071 0.0098 
      H042.8  2 0.7889 0.0115 0.0044 0.0145 0.0225 0.0133 0.0113 0.0322 0.0067 0.0166 0.0119 0.0075 0.0345 0.0038 0.0205 
   H042_2002  2 0.0873 0.1989 0.0152 0.0345 0.0369 0.0241 0.0385 0.2405 0.0136 0.0879 0.0923 0.0487 0.0493 0.0069 0.0252 
   H042_2003  2 0.0957 0.1839 0.0120 0.0435 0.0420 0.0234 0.0368 0.2541 0.0153 0.0831 0.0842 0.0476 0.0400 0.0064 0.0320 
      H043.1  2 0.0052 0.8055 0.0125 0.0108 0.0213 0.0737 0.0070 0.0056 0.0064 0.0091 0.0095 0.0081 0.0047 0.0144 0.0062 
      H043.2  2 0.0055 0.8168 0.0045 0.0087 0.0320 0.0075 0.0275 0.0039 0.0065 0.0476 0.0121 0.0071 0.0098 0.0037 0.0066 
      H043.3  2 0.0090 0.7014 0.0076 0.0122 0.0210 0.0226 0.0287 0.0215 0.0087 0.0172 0.0716 0.0576 0.0071 0.0037 0.0103 
      H043.4  2 0.0050 0.8426 0.0063 0.0071 0.0158 0.0136 0.0161 0.0076 0.0045 0.0245 0.0247 0.0159 0.0057 0.0044 0.0062 
      H043.5  2 0.0048 0.8726 0.0046 0.0130 0.0287 0.0086 0.0119 0.0063 0.0067 0.0069 0.0127 0.0053 0.0082 0.0040 0.0058 
      H043.6  2 0.0058 0.7651 0.0067 0.0081 0.0609 0.0062 0.0260 0.0095 0.0079 0.0124 0.0607 0.0096 0.0093 0.0032 0.0086 
      H043.7  2 0.0055 0.7069 0.0070 0.0060 0.0291 0.0196 0.0498 0.0137 0.0069 0.0461 0.0181 0.0745 0.0081 0.0034 0.0053 
      H043.8  2 0.0048 0.7989 0.0338 0.0111 0.0100 0.0267 0.0214 0.0092 0.0189 0.0139 0.0083 0.0121 0.0113 0.0130 0.0065 
      H043.9  2 0.0126 0.6715 0.0130 0.0209 0.0278 0.1092 0.0101 0.0161 0.0125 0.0242 0.0407 0.0205 0.0050 0.0101 0.0057 
      H047.1  2 0.0068 0.0375 0.0098 0.0167 0.0130 0.0799 0.0280 0.1577 0.0043 0.0107 0.5983 0.0086 0.0083 0.0044 0.0160 
      H047.2  2 0.0169 0.0117 0.0146 0.0166 0.0068 0.0772 0.0270 0.0132 0.0179 0.0068 0.5940 0.0540 0.0240 0.0666 0.0529 
      H047.3  2 0.0196 0.0110 0.0152 0.0184 0.0052 0.1859 0.0137 0.0364 0.0166 0.0165 0.4882 0.0263 0.0446 0.0436 0.0587 
      H047.4  2 0.0232 0.0105 0.0091 0.0285 0.0047 0.0419 0.0294 0.0600 0.0179 0.0091 0.5767 0.1272 0.0394 0.0087 0.0137 
      H047.5  2 0.0070 0.0123 0.0149 0.0191 0.0035 0.2197 0.0145 0.0936 0.0071 0.0502 0.4819 0.0193 0.0187 0.0050 0.0333 
      H047.6  2 0.0324 0.0074 0.0059 0.0137 0.0081 0.4427 0.0317 0.0685 0.0139 0.0086 0.2763 0.0167 0.0349 0.0120 0.0272 
      H047.7  2 0.0136 0.0190 0.0091 0.0076 0.0156 0.0784 0.0216 0.2322 0.0036 0.0071 0.5548 0.0072 0.0128 0.0062 0.0113 
      H047.8  2 0.0293 0.0218 0.0056 0.0280 0.0082 0.2893 0.0390 0.0957 0.0071 0.0120 0.3357 0.0139 0.0410 0.0090 0.0645 
      H047.9  2 0.0128 0.0384 0.0169 0.0125 0.0038 0.0308 0.0144 0.1353 0.0076 0.0515 0.5887 0.0126 0.0224 0.0056 0.0466 
 H071.1_2002  2 0.0059 0.0116 0.0065 0.0059 0.0045 0.0064 0.0078 0.0071 0.0039 0.0097 0.9037 0.0086 0.0058 0.0039 0.0087 
 H071.1_2003  2 0.0078 0.0172 0.0246 0.0181 0.0103 0.0103 0.0279 0.0094 0.0065 0.0887 0.7172 0.0321 0.0150 0.0041 0.0108 
     H071.10  2 0.0060 0.0211 0.0161 0.0052 0.0070 0.0064 0.0048 0.0091 0.0072 0.0056 0.8889 0.0043 0.0044 0.0095 0.0044 
 H071.2_2002  2 0.0066 0.0134 0.0085 0.0158 0.0090 0.0074 0.0134 0.0068 0.0173 0.0138 0.8622 0.0066 0.0064 0.0036 0.0093 
 H071.2_2003  2 0.0049 0.0047 0.0043 0.0046 0.0031 0.0038 0.0057 0.0047 0.0030 0.0081 0.9364 0.0048 0.0038 0.0038 0.0044 
      H071.3  2 0.0081 0.0148 0.0257 0.0127 0.0094 0.0139 0.0050 0.0153 0.0072 0.0061 0.8454 0.0138 0.0086 0.0088 0.0051 
 H071.4_2002  2 0.0060 0.0423 0.0248 0.0161 0.0174 0.0101 0.0089 0.0106 0.0267 0.0070 0.8028 0.0075 0.0079 0.0067 0.0052 
 H071.4_2003  2 0.0047 0.0126 0.0080 0.0071 0.0028 0.0062 0.0043 0.0059 0.0065 0.0052 0.9177 0.0046 0.0046 0.0048 0.0051 
 H071.5_2002  2 0.0052 0.0108 0.0088 0.0052 0.0050 0.0054 0.0052 0.0077 0.0038 0.0054 0.9192 0.0055 0.0043 0.0052 0.0034 
 H071.5_2003  2 0.0055 0.0210 0.0291 0.0164 0.0040 0.0118 0.0095 0.0139 0.0081 0.0085 0.8397 0.0125 0.0061 0.0041 0.0098 
 H071.6_2002  2 0.0044 0.0293 0.0096 0.0168 0.0052 0.0083 0.0054 0.0185 0.0150 0.0081 0.8573 0.0071 0.0048 0.0042 0.0060 
 H071.6_2003  2 0.0057 0.0151 0.0171 0.0111 0.0032 0.0078 0.0106 0.0089 0.0042 0.0067 0.8853 0.0100 0.0046 0.0044 0.0053 
 H071.7_2002  2 0.0051 0.0100 0.0040 0.0097 0.0038 0.0044 0.0058 0.0126 0.0057 0.0067 0.9122 0.0074 0.0036 0.0031 0.0060 
 H071.7_2003  2 0.0069 0.0204 0.0356 0.0095 0.0042 0.0107 0.0084 0.0102 0.0042 0.0075 0.8574 0.0079 0.0050 0.0048 0.0073 
      H071.8  2 0.0066 0.0099 0.0046 0.0223 0.0074 0.0060 0.0107 0.0056 0.0193 0.0124 0.8737 0.0057 0.0058 0.0034 0.0066 
      H071.9  2 0.0167 0.0598 0.0329 0.0371 0.0158 0.0928 0.0180 0.0178 0.0923 0.0177 0.5506 0.0119 0.0183 0.0108 0.0073 
 H081.1_2002  2 0.0075 0.0048 0.0075 0.0075 0.0050 0.0037 0.0085 0.0072 0.0066 0.0148 0.9026 0.0067 0.0060 0.0064 0.0052 
 H081.1_2003  2 0.0599 0.0195 0.0641 0.1535 0.2454 0.0122 0.0630 0.0216 0.0542 0.0143 0.0424 0.1913 0.0174 0.0162 0.0249 
 H081.2_2002  2 0.0059 0.0064 0.0049 0.0079 0.0052 0.0056 0.0087 0.0066 0.0063 0.0503 0.8658 0.0091 0.0066 0.0042 0.0064 
 H081.2_2003  2 0.0172 0.0552 0.6595 0.0400 0.0083 0.0083 0.0222 0.0058 0.0250 0.0605 0.0353 0.0194 0.0089 0.0261 0.0084 
 H081.3_2002  2 0.0076 0.0098 0.0088 0.0100 0.0080 0.0088 0.0125 0.0051 0.0136 0.0248 0.8606 0.0091 0.0106 0.0068 0.0040 
 H081.3_2003  2 0.0177 0.0808 0.5836 0.0411 0.0168 0.0197 0.0384 0.0107 0.0823 0.0364 0.0129 0.0129 0.0120 0.0148 0.0198 
 H081.4_2002  2 0.0059 0.0110 0.0105 0.0084 0.0039 0.0055 0.0052 0.0089 0.0065 0.0058 0.9031 0.0073 0.0061 0.0058 0.0061 
 H081.4_2003  2 0.0562 0.0232 0.4253 0.0404 0.0163 0.0111 0.0898 0.0114 0.0596 0.0384 0.0223 0.1415 0.0166 0.0150 0.0330 
 H081.5_2002  2 0.0084 0.0069 0.0095 0.0093 0.0044 0.0065 0.0085 0.0064 0.0082 0.0068 0.8961 0.0120 0.0054 0.0049 0.0067 
 H081.5_2003  2 0.0430 0.0140 0.0909 0.0199 0.0221 0.0137 0.0671 0.0237 0.0391 0.0700 0.0381 0.5019 0.0190 0.0151 0.0224 
      H081.6  2 0.0056 0.0062 0.0091 0.0097 0.0039 0.0041 0.0090 0.0095 0.0076 0.0182 0.8884 0.0110 0.0057 0.0052 0.0070 
      H081.7  2 0.0055 0.0086 0.0098 0.0113 0.0042 0.0052 0.0113 0.0042 0.0082 0.0527 0.8499 0.0094 0.0096 0.0058 0.0044 
      H081.8  2 0.0081 0.0103 0.0282 0.0162 0.0120 0.0067 0.0127 0.0088 0.0426 0.0094 0.8004 0.0091 0.0116 0.0175 0.0061 
      H083.1  2 0.0151 0.0091 0.0084 0.0220 0.0124 0.0130 0.0038 0.0165 0.0086 0.0079 0.8244 0.0101 0.0050 0.0322 0.0115 
      H083.2  2 0.0080 0.0159 0.0073 0.0100 0.0088 0.0363 0.0103 0.0096 0.0076 0.0156 0.8275 0.0098 0.0063 0.0203 0.0068 
      H083.4  2 0.0087 0.0299 0.0069 0.0139 0.0123 0.0185 0.0069 0.0085 0.0240 0.0133 0.7481 0.0072 0.0065 0.0909 0.0044 
      H083.5  2 0.0307 0.0086 0.0061 0.0194 0.0258 0.0085 0.0071 0.0101 0.0168 0.0152 0.7285 0.0137 0.0081 0.0916 0.0097 
      H083.6  2 0.0162 0.0087 0.0104 0.0491 0.0104 0.0055 0.0063 0.0078 0.0770 0.0097 0.6393 0.0088 0.0087 0.1340 0.0082 
      H083.7  2 0.0069 0.0175 0.0069 0.0167 0.0090 0.0119 0.0093 0.0057 0.0243 0.0135 0.6109 0.0087 0.0135 0.2384 0.0069 
      H083.8  2 0.0075 0.0161 0.0053 0.0095 0.0057 0.0392 0.0089 0.0085 0.0072 0.0150 0.8306 0.0096 0.0077 0.0205 0.0088 
      H083.9  2 0.0302 0.0067 0.0078 0.0188 0.0105 0.0096 0.0041 0.0083 0.0101 0.0085 0.7247 0.0084 0.0083 0.1370 0.0072 
      H084.1  2 0.0159 0.0139 0.7917 0.0125 0.0692 0.0182 0.0058 0.0127 0.0094 0.0069 0.0101 0.0088 0.0075 0.0075 0.0100 
      H084.2  2 0.0242 0.0608 0.7037 0.0281 0.0855 0.0187 0.0098 0.0067 0.0114 0.0044 0.0085 0.0121 0.0049 0.0059 0.0154 
      H084.3  2 0.0157 0.0197 0.6211 0.0096 0.1687 0.0108 0.0072 0.0309 0.0112 0.0051 0.0068 0.0155 0.0561 0.0115 0.0101 
      H084.4  2 0.0542 0.0213 0.4090 0.0516 0.2144 0.0191 0.0095 0.0172 0.0151 0.0039 0.0092 0.1033 0.0541 0.0065 0.0116 
      H084.5  2 0.0075 0.0070 0.7308 0.0089 0.0319 0.0156 0.0065 0.1102 0.0167 0.0079 0.0055 0.0145 0.0206 0.0060 0.0105 
      H084.6  2 0.0065 0.0080 0.7752 0.0062 0.0495 0.0094 0.0052 0.0319 0.0115 0.0082 0.0061 0.0112 0.0397 0.0252 0.0061 
      H084.7  2 0.0177 0.0082 0.8476 0.0163 0.0117 0.0310 0.0080 0.0061 0.0081 0.0057 0.0050 0.0110 0.0073 0.0052 0.0112 
      H084.8  2 0.0098 0.0061 0.7699 0.0082 0.0764 0.0126 0.0065 0.0209 0.0110 0.0080 0.0051 0.0090 0.0410 0.0059 0.0096 
 H085.1_2002  2 0.0142 0.0089 0.0097 0.0173 0.0172 0.0115 0.0086 0.0115 0.0064 0.8419 0.0252 0.0079 0.0049 0.0089 0.0058 
 H085.1_2003  2 0.0625 0.0265 0.0104 0.1121 0.0163 0.0709 0.0094 0.0050 0.0335 0.1628 0.3048 0.0403 0.0260 0.1078 0.0118 
 H085.2_2002  2 0.0514 0.0689 0.0301 0.0313 0.0702 0.0125 0.1514 0.0120 0.0324 0.3530 0.0263 0.0180 0.0184 0.1185 0.0057 
 H085.2_2003  2 0.0722 0.0197 0.0119 0.1511 0.0141 0.0492 0.0149 0.0064 0.0138 0.0263 0.5067 0.0326 0.0135 0.0513 0.0163 
 H085.3_2002  2 0.0229 0.0158 0.0046 0.0089 0.0045 0.0069 0.0133 0.0039 0.0051 0.8382 0.0080 0.0366 0.0105 0.0144 0.0063 
 H085.3_2003  2 0.0136 0.0451 0.0128 0.0155 0.0047 0.0186 0.0084 0.0048 0.0066 0.0584 0.6383 0.1389 0.0125 0.0079 0.0138 
 H085.4_2002  2 0.0313 0.0499 0.0283 0.0658 0.0487 0.0138 0.0900 0.0117 0.0202 0.5130 0.0626 0.0119 0.0160 0.0277 0.0090 
 H085.4_2003  2 0.0775 0.0118 0.0228 0.0084 0.0062 0.0077 0.0226 0.0271 0.0091 0.0112 0.7185 0.0350 0.0263 0.0078 0.0081 
 H085.5_2002  2 0.0068 0.0100 0.0046 0.0082 0.0043 0.0075 0.0110 0.0037 0.0038 0.8990 0.0054 0.0155 0.0092 0.0040 0.0071 
 H085.5_2003  2 0.0339 0.0176 0.0115 0.0530 0.0090 0.0151 0.0074 0.0051 0.0069 0.0329 0.7280 0.0176 0.0098 0.0386 0.0135 
 H085.6_2002  2 0.0182 0.0122 0.0073 0.0307 0.0100 0.0170 0.0176 0.0066 0.0057 0.8268 0.0070 0.0145 0.0058 0.0159 0.0046 
 H085.6_2003  2 0.0277 0.0175 0.0067 0.0090 0.0054 0.0174 0.0188 0.0057 0.0083 0.0317 0.0415 0.7474 0.0432 0.0047 0.0149 
 H085.7_2002  2 0.0761 0.0315 0.0119 0.0221 0.0153 0.0173 0.0573 0.0077 0.0108 0.5447 0.0454 0.0785 0.0104 0.0622 0.0090 
 H085.7_2003  2 0.0219 0.0551 0.0061 0.0216 0.0103 0.0376 0.0099 0.0066 0.0060 0.0238 0.6877 0.0580 0.0302 0.0086 0.0165 
 H085.8_2002  2 0.0130 0.1042 0.0103 0.0120 0.0172 0.0117 0.0934 0.0062 0.0158 0.2740 0.0235 0.3530 0.0443 0.0125 0.0089 
 H085.8_2003  2 0.3459 0.0150 0.0241 0.0375 0.0164 0.0718 0.0268 0.0201 0.0162 0.0386 0.1696 0.0655 0.0343 0.1017 0.0164 
      H085.9  2 0.0270 0.0196 0.0189 0.0108 0.0398 0.0096 0.0333 0.0130 0.0086 0.7271 0.0365 0.0212 0.0120 0.0143 0.0085 
      H088.1  2 0.7833 0.0130 0.0107 0.0223 0.0096 0.0107 0.0137 0.0050 0.0553 0.0213 0.0092 0.0062 0.0132 0.0125 0.0140 
      H088.2  2 0.8550 0.0092 0.0082 0.0123 0.0072 0.0109 0.0092 0.0107 0.0168 0.0184 0.0061 0.0126 0.0079 0.0078 0.0076 
      H088.3  2 0.8770 0.0095 0.0058 0.0117 0.0061 0.0118 0.0079 0.0090 0.0154 0.0094 0.0077 0.0086 0.0063 0.0066 0.0071 
      H088.4  2 0.8863 0.0054 0.0134 0.0112 0.0047 0.0060 0.0105 0.0065 0.0148 0.0042 0.0093 0.0109 0.0044 0.0037 0.0088 
      H088.5  2 0.9139 0.0060 0.0075 0.0074 0.0056 0.0050 0.0057 0.0055 0.0105 0.0051 0.0050 0.0057 0.0053 0.0042 0.0075 
      H088.6  2 0.8837 0.0086 0.0074 0.0130 0.0055 0.0069 0.0064 0.0049 0.0194 0.0052 0.0094 0.0068 0.0084 0.0057 0.0086 
      H088.7  2 0.8596 0.0064 0.0090 0.0180 0.0059 0.0163 0.0059 0.0104 0.0106 0.0085 0.0163 0.0120 0.0084 0.0074 0.0054 
      H088.8  2 0.7736 0.0087 0.0108 0.0276 0.0053 0.0084 0.0106 0.0069 0.0572 0.0078 0.0401 0.0086 0.0100 0.0076 0.0168 
      H091.1  2 0.7908 0.0342 0.0067 0.0191 0.0072 0.0247 0.0055 0.0076 0.0088 0.0082 0.0240 0.0171 0.0183 0.0184 0.0092 
      H091.2  2 0.7036 0.0599 0.0052 0.0414 0.0054 0.0284 0.0085 0.0120 0.0072 0.0079 0.0315 0.0107 0.0370 0.0314 0.0101 
      H109.1  2 0.0092 0.0338 0.0277 0.0225 0.0332 0.4475 0.0097 0.0476 0.2211 0.0252 0.0124 0.0089 0.0170 0.0714 0.0128 
      H109.2  2 0.0227 0.0242 0.3316 0.0676 0.0172 0.2625 0.0279 0.0418 0.0499 0.0078 0.0620 0.0360 0.0222 0.0177 0.0086 
      H109.3  2 0.0413 0.0381 0.0513 0.1014 0.0108 0.5629 0.0090 0.0176 0.0120 0.0043 0.0264 0.0448 0.0472 0.0093 0.0236 
      H109.4  2 0.0267 0.2004 0.1083 0.0885 0.0319 0.2940 0.0205 0.0162 0.0780 0.0093 0.0246 0.0153 0.0594 0.0150 0.0120 
      H109.5  2 0.2235 0.0120 0.0481 0.0949 0.0044 0.1751 0.0100 0.0241 0.0080 0.0077 0.2123 0.0265 0.1352 0.0051 0.0133 
      H109.6  2 0.0163 0.0445 0.2180 0.0694 0.0204 0.1665 0.0164 0.0586 0.2497 0.0069 0.0321 0.0458 0.0242 0.0137 0.0174 
      H126.1  2 0.0295 0.0657 0.0098 0.1411 0.0102 0.0299 0.1848 0.1706 0.0727 0.1080 0.0114 0.0387 0.0173 0.0099 0.1002 
      H126.2  2 0.0141 0.1012 0.0102 0.5034 0.0377 0.0262 0.0728 0.0244 0.0249 0.0606 0.0582 0.0263 0.0072 0.0131 0.0199 
      H126.3  2 0.0455 0.0099 0.0046 0.5642 0.0064 0.0090 0.0099 0.2466 0.0275 0.0135 0.0257 0.0057 0.0068 0.0170 0.0078 
      H126.4  2 0.0261 0.0731 0.0204 0.1789 0.0210 0.0201 0.3006 0.0606 0.0640 0.0260 0.0566 0.0203 0.0088 0.0281 0.0955 
      H126.5  2 0.0097 0.0973 0.0083 0.2888 0.0060 0.0058 0.1291 0.1256 0.0180 0.0309 0.1256 0.0938 0.0062 0.0085 0.0464 
      H126.6  2 0.0107 0.0109 0.0047 0.5508 0.0052 0.0091 0.0147 0.1222 0.0048 0.0895 0.1450 0.0171 0.0040 0.0049 0.0065 
      H126.7  2 0.0197 0.0338 0.0094 0.0293 0.0032 0.0087 0.0083 0.0113 0.0091 0.0271 0.8070 0.0121 0.0048 0.0069 0.0094 
      H130.1  2 0.0527 0.0335 0.0109 0.0372 0.0106 0.0190 0.7060 0.0074 0.0350 0.0113 0.0078 0.0232 0.0112 0.0119 0.0222 
      H130.2  2 0.0298 0.0166 0.5209 0.0466 0.0082 0.0387 0.0889 0.0058 0.0780 0.0166 0.0318 0.0250 0.0151 0.0435 0.0343 
      H130.3  2 0.0262 0.0235 0.2137 0.0249 0.0036 0.0154 0.0572 0.0054 0.0372 0.0066 0.0254 0.0228 0.0057 0.0110 0.5213 
      H130.4  2 0.0272 0.0292 0.0549 0.0308 0.0264 0.0508 0.5684 0.0064 0.0610 0.0246 0.0092 0.0136 0.0109 0.0174 0.0692 
      H130.5  2 0.1116 0.0259 0.2350 0.0306 0.0055 0.0159 0.3464 0.0062 0.0373 0.0389 0.0468 0.0451 0.0158 0.0274 0.0114 
      H133.1  2 0.0196 0.0111 0.0238 0.0279 0.0477 0.6733 0.0758 0.0085 0.0077 0.0107 0.0249 0.0164 0.0097 0.0085 0.0346 
      H133.2  2 0.0483 0.0245 0.0883 0.1639 0.0105 0.4000 0.0657 0.0186 0.0279 0.0552 0.0124 0.0489 0.0164 0.0061 0.0134 
      H133.3  2 0.0583 0.0106 0.0169 0.0310 0.0423 0.6952 0.0204 0.0096 0.0072 0.0297 0.0281 0.0134 0.0110 0.0072 0.0190 
      H133.4  2 0.0072 0.0153 0.0188 0.0113 0.0153 0.8303 0.0104 0.0057 0.0167 0.0191 0.0111 0.0093 0.0088 0.0079 0.0127 
      H133.5  2 0.0293 0.0602 0.0502 0.1373 0.0206 0.4829 0.0264 0.0105 0.0354 0.0475 0.0093 0.0253 0.0067 0.0090 0.0494 
      H133.6  2 0.1526 0.1298 0.1157 0.0341 0.0123 0.2638 0.0696 0.0161 0.0374 0.0528 0.0126 0.0599 0.0079 0.0136 0.0219 
      H133.7  2 0.0106 0.0075 0.0076 0.0055 0.0206 0.8453 0.0127 0.0072 0.0056 0.0136 0.0136 0.0112 0.0239 0.0056 0.0097 
      H133.8  2 0.0117 0.0344 0.0141 0.0499 0.0271 0.7004 0.0228 0.0107 0.0155 0.0558 0.0091 0.0070 0.0168 0.0088 0.0158 
      H133.9  2 0.0243 0.0115 0.0215 0.0178 0.0404 0.6667 0.0688 0.0103 0.0078 0.0124 0.0192 0.0207 0.0090 0.0111 0.0586 
      H147.1  2 0.0574 0.0064 0.0952 0.0311 0.0234 0.0140 0.0180 0.0331 0.0083 0.0637 0.3116 0.2331 0.0680 0.0330 0.0038 
      H147.2  2 0.0124 0.0048 0.0181 0.0072 0.0058 0.0048 0.0132 0.0088 0.0088 0.0145 0.8378 0.0433 0.0108 0.0054 0.0045 
      H147.3  2 0.0062 0.0048 0.0216 0.0094 0.0050 0.0048 0.0100 0.0073 0.0055 0.0254 0.8436 0.0290 0.0113 0.0091 0.0070 
      H147.4  2 0.0070 0.0040 0.0332 0.0174 0.0259 0.0063 0.0049 0.0074 0.0054 0.0147 0.8265 0.0141 0.0126 0.0142 0.0065 
      H147.5  2 0.1335 0.0070 0.1036 0.0229 0.0077 0.0052 0.0104 0.0109 0.0260 0.0320 0.5487 0.0446 0.0176 0.0163 0.0137 
      H147.6  2 0.1432 0.0060 0.1542 0.0275 0.0090 0.0078 0.0084 0.0147 0.0129 0.0202 0.4521 0.0920 0.0146 0.0189 0.0186 
      H147.7  2 0.0068 0.0044 0.0670 0.0170 0.0299 0.0059 0.0066 0.0109 0.0064 0.0117 0.7560 0.0245 0.0208 0.0252 0.0069 
      H147.8  2 0.0641 0.0041 0.0986 0.0582 0.0362 0.0084 0.0037 0.0117 0.0172 0.0152 0.6289 0.0122 0.0089 0.0246 0.0078 
      H147.9  2 0.0077 0.0052 0.0141 0.0120 0.0055 0.0052 0.0122 0.0076 0.0072 0.0171 0.8561 0.0263 0.0098 0.0073 0.0067 
      H148.1  2 0.0232 0.0097 0.0306 0.0215 0.0308 0.0180 0.1144 0.0144 0.6271 0.0075 0.0092 0.0431 0.0298 0.0134 0.0075 
      H148.2  2 0.0062 0.0056 0.0131 0.0151 0.0300 0.0207 0.0619 0.0327 0.6743 0.0148 0.0089 0.0136 0.0884 0.0088 0.0058 
      H148.3  2 0.0154 0.0152 0.0218 0.0091 0.0348 0.0155 0.0202 0.0230 0.2251 0.0126 0.0100 0.0164 0.5560 0.0122 0.0126 
      H148.4  2 0.0089 0.0067 0.0088 0.0132 0.0123 0.0061 0.0371 0.0073 0.8017 0.0113 0.0079 0.0309 0.0370 0.0047 0.0059 
      H148.5  2 0.0145 0.0075 0.0446 0.0059 0.0117 0.0124 0.0066 0.0223 0.7597 0.0098 0.0078 0.0080 0.0681 0.0110 0.0100 
      H148.6  2 0.0111 0.0058 0.0175 0.0109 0.0551 0.0095 0.0295 0.0130 0.6489 0.0157 0.0111 0.0126 0.1355 0.0172 0.0066 
      H148.7  2 0.0101 0.0116 0.0164 0.0151 0.0145 0.0287 0.0125 0.0166 0.7549 0.0075 0.0058 0.0126 0.0665 0.0088 0.0186 
      H148.8  2 0.0188 0.0047 0.0105 0.0076 0.0133 0.0068 0.0482 0.0073 0.7015 0.0124 0.0080 0.0137 0.1352 0.0049 0.0072 
      H148.9  2 0.0118 0.0206 0.0285 0.0275 0.1335 0.1045 0.0417 0.0570 0.3914 0.0632 0.0071 0.0174 0.0579 0.0162 0.0218 
   H166022.1  2 0.8465 0.0044 0.0179 0.0110 0.0083 0.0077 0.0072 0.0072 0.0082 0.0089 0.0090 0.0110 0.0139 0.0344 0.0046 
   H166022.2  2 0.5408 0.0139 0.0899 0.0251 0.0135 0.0108 0.0084 0.0148 0.0352 0.0102 0.0533 0.0933 0.0174 0.0566 0.0167 
   H166022.3  2 0.6966 0.0079 0.0164 0.0244 0.0076 0.0152 0.0096 0.0056 0.0381 0.0060 0.0042 0.0098 0.0104 0.1404 0.0079 
   H166022.4  2 0.8573 0.0083 0.0125 0.0152 0.0056 0.0071 0.0040 0.0049 0.0242 0.0040 0.0070 0.0194 0.0058 0.0150 0.0097 
   H166022.5  2 0.8273 0.0061 0.0457 0.0158 0.0051 0.0083 0.0055 0.0076 0.0094 0.0035 0.0083 0.0309 0.0058 0.0140 0.0067 
   H166022.6  2 0.7356 0.0091 0.0232 0.0308 0.0269 0.0251 0.0262 0.0074 0.0129 0.0098 0.0083 0.0206 0.0140 0.0410 0.0090 
   H166022.7  2 0.0077 0.0080 0.0099 0.0095 0.0065 0.0075 0.0050 0.0052 0.9057 0.0044 0.0068 0.0069 0.0051 0.0044 0.0074 
   H166022.8  2 0.3032 0.0073 0.0804 0.0440 0.0075 0.0126 0.0496 0.0102 0.0087 0.0231 0.0137 0.3483 0.0107 0.0677 0.0130 
   H167397.1  2 0.1816 0.0095 0.0268 0.0153 0.5275 0.0068 0.0136 0.0189 0.0082 0.0050 0.0542 0.0193 0.0981 0.0076 0.0077 
   H167397.2  2 0.0136 0.0080 0.0165 0.0776 0.5797 0.0136 0.0486 0.0110 0.0194 0.0552 0.0320 0.0414 0.0257 0.0443 0.0134 
   H167397.3  2 0.0752 0.0060 0.0177 0.0339 0.6151 0.0121 0.0258 0.0312 0.0063 0.0058 0.0953 0.0110 0.0419 0.0126 0.0101 
   H167397.4  2 0.0150 0.0067 0.0170 0.0389 0.6661 0.0249 0.0071 0.0131 0.0385 0.0342 0.0367 0.0108 0.0567 0.0228 0.0114 
   H167397.5  2 0.0347 0.0137 0.0323 0.0178 0.6325 0.0137 0.0343 0.0103 0.0371 0.0078 0.0309 0.0693 0.0397 0.0129 0.0133 
   H167397.6  2 0.0444 0.0080 0.0069 0.0333 0.6244 0.0138 0.0190 0.0962 0.0095 0.0123 0.0434 0.0131 0.0471 0.0105 0.0180 
   H167496.1  2 0.6973 0.0352 0.0204 0.0231 0.0064 0.0328 0.0096 0.0223 0.0141 0.0057 0.0132 0.0414 0.0451 0.0175 0.0159 
   H167496.2  2 0.0557 0.0336 0.0341 0.0575 0.0139 0.0565 0.0264 0.0906 0.1422 0.0169 0.1041 0.2895 0.0605 0.0092 0.0093 
   H167496.3  2 0.3584 0.0458 0.0114 0.0175 0.0088 0.0338 0.0514 0.0067 0.0117 0.1435 0.0374 0.1323 0.0420 0.0680 0.0312 
   H167496.4  2 0.8909 0.0064 0.0063 0.0127 0.0047 0.0062 0.0042 0.0083 0.0057 0.0110 0.0130 0.0121 0.0050 0.0077 0.0058 
   H167496.6  2 0.3313 0.0085 0.0098 0.0178 0.0053 0.0092 0.0069 0.0118 0.0066 0.0072 0.0139 0.5471 0.0056 0.0056 0.0133 
   H167496.7  2 0.0603 0.0981 0.0204 0.0299 0.0081 0.0554 0.1233 0.0670 0.0112 0.0060 0.0157 0.3374 0.1052 0.0383 0.0235 
   H167496.8  2 0.3822 0.0071 0.0185 0.0151 0.0078 0.0123 0.0071 0.0245 0.0078 0.0061 0.0271 0.4612 0.0080 0.0092 0.0061 
   H167513.1  2 0.0121 0.0074 0.0094 0.0195 0.0073 0.8445 0.0111 0.0121 0.0133 0.0079 0.0071 0.0177 0.0088 0.0106 0.0111 
   H167513.2  2 0.0185 0.0119 0.0112 0.0082 0.0317 0.7333 0.0216 0.0356 0.0143 0.0098 0.0092 0.0294 0.0504 0.0069 0.0082 
   H167513.3  2 0.0114 0.0111 0.0417 0.0427 0.0081 0.7797 0.0073 0.0121 0.0064 0.0066 0.0081 0.0086 0.0099 0.0158 0.0305 
   H167513.4  2 0.0174 0.0053 0.0166 0.0084 0.0080 0.8028 0.0145 0.0170 0.0125 0.0060 0.0071 0.0179 0.0139 0.0446 0.0077 
   H167513.5  2 0.0227 0.0072 0.0087 0.0086 0.0191 0.8249 0.0145 0.0186 0.0089 0.0093 0.0077 0.0216 0.0133 0.0101 0.0047 
   H167513.6  2 0.0434 0.0128 0.0397 0.0153 0.0103 0.7380 0.0174 0.0264 0.0116 0.0138 0.0110 0.0138 0.0170 0.0192 0.0103 
   H167513.7  2 0.0070 0.0052 0.0061 0.0087 0.0147 0.8888 0.0055 0.0068 0.0055 0.0076 0.0087 0.0072 0.0042 0.0179 0.0061 
   H167513.8  2 0.0054 0.0088 0.0273 0.0129 0.0094 0.8731 0.0054 0.0061 0.0078 0.0045 0.0079 0.0086 0.0061 0.0077 0.0092 
   H167547.1  2 0.0409 0.0192 0.0169 0.0143 0.0251 0.0135 0.1414 0.0121 0.0244 0.0093 0.0078 0.0499 0.5655 0.0325 0.0272 
   H167547.2  2 0.1058 0.0085 0.0104 0.0058 0.0138 0.0082 0.0190 0.0200 0.0054 0.0070 0.0124 0.0125 0.7372 0.0239 0.0101 
   H167547.3  2 0.1238 0.0117 0.0112 0.0065 0.0179 0.0098 0.0331 0.0197 0.0062 0.0083 0.0084 0.0111 0.6954 0.0271 0.0097 
   H167547.4  2 0.2494 0.0291 0.0182 0.0503 0.0277 0.0177 0.1829 0.0064 0.0220 0.0148 0.0077 0.0150 0.0566 0.2541 0.0481 
   H167547.5  2 0.3334 0.0139 0.0149 0.0090 0.0098 0.0056 0.0179 0.0085 0.0078 0.0071 0.0103 0.0068 0.5314 0.0117 0.0118 
   H167547.6  2 0.3018 0.0111 0.0141 0.0096 0.0074 0.0052 0.0166 0.0133 0.0081 0.0081 0.0084 0.0065 0.5675 0.0113 0.0109 
   H167547.7  2 0.0219 0.0703 0.0263 0.0303 0.0181 0.1719 0.0970 0.0214 0.0736 0.1139 0.0279 0.0275 0.2261 0.0384 0.0354 
   H169750.1  2 0.2031 0.0372 0.0239 0.0748 0.0136 0.4006 0.0832 0.0212 0.0126 0.0142 0.0091 0.0538 0.0098 0.0221 0.0208 
   H169750.2  2 0.0535 0.0296 0.0525 0.0412 0.0511 0.2810 0.0615 0.0167 0.0511 0.0229 0.0859 0.1302 0.0395 0.0072 0.0762 
   H169750.3  2 0.0906 0.0268 0.0476 0.0861 0.0041 0.6029 0.0158 0.0058 0.0156 0.0218 0.0120 0.0293 0.0096 0.0088 0.0229 
   H169750.4  2 0.1084 0.0222 0.0085 0.0521 0.1022 0.2656 0.0784 0.0623 0.0319 0.0171 0.0175 0.0923 0.0226 0.0050 0.1139 
   H169750.5  2 0.0724 0.0223 0.0158 0.0283 0.0058 0.7248 0.0164 0.0061 0.0094 0.0108 0.0243 0.0143 0.0065 0.0296 0.0131 
   H169750.6  2 0.0946 0.0348 0.0428 0.0267 0.0094 0.4139 0.0402 0.0059 0.0339 0.0217 0.1992 0.0279 0.0084 0.0161 0.0245 
   H169750.7  2 0.0445 0.0369 0.0179 0.2549 0.0219 0.2500 0.0220 0.0207 0.0353 0.0412 0.0184 0.1678 0.0161 0.0070 0.0455 
   H171929.1  2 0.0163 0.0113 0.0061 0.0365 0.1788 0.5108 0.0332 0.0113 0.0147 0.0990 0.0098 0.0090 0.0432 0.0106 0.0094 
  H171929.10  2 0.0583 0.0088 0.0280 0.0348 0.0383 0.6071 0.0154 0.0117 0.0115 0.0849 0.0191 0.0174 0.0358 0.0223 0.0067 
  H171929.11  2 0.0174 0.0086 0.0063 0.0159 0.0462 0.8008 0.0130 0.0070 0.0079 0.0319 0.0088 0.0064 0.0151 0.0057 0.0089 
   H171929.2  2 0.0066 0.0055 0.0052 0.0038 0.0047 0.9128 0.0094 0.0050 0.0042 0.0073 0.0063 0.0048 0.0127 0.0059 0.0058 
   H171929.3  2 0.0066 0.0049 0.0084 0.0074 0.0133 0.8893 0.0060 0.0050 0.0050 0.0097 0.0097 0.0050 0.0148 0.0076 0.0073 
   H171929.4  2 0.0355 0.0120 0.0100 0.0304 0.0049 0.7098 0.0500 0.0049 0.0077 0.0511 0.0191 0.0102 0.0230 0.0167 0.0147 
   H171929.5  2 0.0069 0.0082 0.0102 0.0234 0.0092 0.8752 0.0057 0.0088 0.0120 0.0075 0.0074 0.0055 0.0069 0.0056 0.0074 
   H171929.6  2 0.0050 0.0066 0.0076 0.0107 0.0118 0.9072 0.0064 0.0048 0.0076 0.0064 0.0052 0.0050 0.0062 0.0046 0.0049 
   H171929.7  2 0.0094 0.0080 0.0058 0.0184 0.0073 0.7551 0.0360 0.0053 0.0076 0.0861 0.0212 0.0078 0.0115 0.0096 0.0109 
   H171929.8  2 0.0143 0.0104 0.0091 0.0173 0.0078 0.6876 0.0661 0.0052 0.0069 0.1106 0.0107 0.0082 0.0206 0.0142 0.0108 
   H171929.9  2 0.0111 0.0136 0.0090 0.0402 0.0042 0.6670 0.0548 0.0058 0.0083 0.1147 0.0216 0.0154 0.0107 0.0149 0.0086 
   H171930.1  2 0.0471 0.0155 0.5462 0.0756 0.0378 0.1309 0.0206 0.0126 0.0189 0.0030 0.0094 0.0192 0.0286 0.0048 0.0298 
   H171930.2  2 0.1213 0.0376 0.6194 0.0174 0.0068 0.0250 0.0240 0.0110 0.0192 0.0104 0.0207 0.0192 0.0364 0.0097 0.0219 
   H171930.3  2 0.0190 0.0136 0.6886 0.0123 0.0160 0.0091 0.0063 0.0096 0.1435 0.0059 0.0085 0.0126 0.0263 0.0079 0.0207 
   H171930.4  2 0.0472 0.0179 0.7392 0.0120 0.0128 0.0104 0.0066 0.0121 0.0446 0.0039 0.0075 0.0169 0.0324 0.0114 0.0251 
   H171930.5  2 0.0213 0.0911 0.5909 0.0195 0.0195 0.0938 0.0442 0.0101 0.0104 0.0113 0.0223 0.0122 0.0193 0.0104 0.0237 
   H171930.6  2 0.0116 0.0219 0.8465 0.0242 0.0043 0.0079 0.0062 0.0124 0.0054 0.0033 0.0161 0.0089 0.0096 0.0053 0.0164 
   H171930.7  2 0.0071 0.0060 0.6782 0.0116 0.0184 0.0120 0.0068 0.0107 0.1846 0.0088 0.0085 0.0145 0.0124 0.0073 0.0132 
   H171930.8  2 0.0163 0.0053 0.6980 0.0211 0.0111 0.0120 0.0094 0.0172 0.1455 0.0047 0.0066 0.0285 0.0114 0.0042 0.0087 
   H171933.1  2 0.0395 0.0207 0.0204 0.0286 0.0630 0.0226 0.0153 0.0061 0.0077 0.0126 0.0081 0.0068 0.0290 0.7131 0.0066 
   H171933.2  2 0.1538 0.0111 0.0509 0.0941 0.0798 0.0207 0.0100 0.0263 0.0138 0.0572 0.0179 0.0195 0.0241 0.4150 0.0057 
   H171933.3  2 0.1924 0.0210 0.0736 0.0198 0.0179 0.0187 0.0146 0.0208 0.0118 0.0972 0.0066 0.0168 0.0535 0.4248 0.0106 
   H171933.4  2 0.0468 0.0098 0.1089 0.0180 0.0050 0.0469 0.0184 0.0099 0.0078 0.0454 0.0125 0.0722 0.0131 0.5628 0.0227 
   H171933.5  2 0.0598 0.0238 0.1812 0.0194 0.0094 0.1686 0.0641 0.0252 0.0128 0.0237 0.0075 0.0903 0.0473 0.1602 0.1066 
   H171933.6  2 0.2593 0.0124 0.0110 0.0170 0.0063 0.0153 0.0086 0.0095 0.0091 0.0084 0.0199 0.0202 0.0081 0.5801 0.0148 
   H171933.7  2 0.0124 0.1154 0.0741 0.0118 0.0208 0.0119 0.0146 0.0498 0.0078 0.0714 0.0175 0.0204 0.0211 0.5309 0.0201 
   H171933.8  2 0.0120 0.0152 0.1237 0.0464 0.0362 0.0283 0.0102 0.0428 0.0133 0.0815 0.0212 0.0501 0.0233 0.4894 0.0063 
   H171933.9  2 0.0134 0.0190 0.0373 0.0066 0.0044 0.0121 0.0066 0.0054 0.0071 0.0096 0.0083 0.0228 0.0074 0.8141 0.0260 
      H190.1  2 0.0186 0.0412 0.7014 0.0193 0.0049 0.0119 0.0286 0.0105 0.0251 0.0054 0.0119 0.0403 0.0164 0.0232 0.0412 
      H190.2  2 0.0336 0.0436 0.0122 0.0073 0.0062 0.0127 0.0246 0.0244 0.0070 0.0333 0.0291 0.1510 0.5994 0.0065 0.0091 
      H190.3  2 0.0647 0.0444 0.0286 0.0081 0.0103 0.0204 0.1287 0.0086 0.0079 0.0182 0.0256 0.0205 0.5867 0.0114 0.0159 
      H190.4  2 0.0228 0.0106 0.8124 0.0075 0.0050 0.0147 0.0255 0.0046 0.0144 0.0095 0.0052 0.0092 0.0088 0.0307 0.0191 
      H190.5  2 0.0312 0.2215 0.0157 0.0214 0.0054 0.0182 0.0172 0.0269 0.0121 0.0429 0.0492 0.2797 0.2355 0.0095 0.0138 
      H190.6  2 0.0353 0.0106 0.7861 0.0090 0.0075 0.0182 0.0270 0.0053 0.0179 0.0100 0.0063 0.0130 0.0149 0.0200 0.0189 
      H190.7  2 0.2708 0.0185 0.0514 0.0077 0.0111 0.0171 0.0861 0.0098 0.0130 0.3939 0.0112 0.0450 0.0220 0.0060 0.0365 
      H190.8  2 0.0205 0.2610 0.0468 0.0184 0.0047 0.0133 0.0141 0.0141 0.0108 0.0316 0.0263 0.4109 0.0934 0.0092 0.0251 
      H190.9  2 0.0668 0.0495 0.0835 0.0156 0.0158 0.0410 0.0540 0.0311 0.0182 0.1536 0.0136 0.2933 0.1216 0.0071 0.0353 
      H400.1  2 0.7383 0.0171 0.0228 0.0267 0.0118 0.0216 0.0213 0.0577 0.0088 0.0086 0.0086 0.0094 0.0039 0.0319 0.0116 
      H400.2  2 0.6659 0.0160 0.0198 0.0481 0.0167 0.0306 0.0079 0.0440 0.0160 0.0080 0.0191 0.0054 0.0070 0.0903 0.0053 
      H400.3  2 0.3930 0.2011 0.0343 0.0929 0.0166 0.0333 0.0340 0.0254 0.0076 0.0078 0.0105 0.0112 0.0121 0.1064 0.0138 
      H400.4  2 0.8027 0.0136 0.0270 0.0247 0.0050 0.0235 0.0088 0.0212 0.0112 0.0091 0.0167 0.0069 0.0068 0.0142 0.0084 
      H400.5  2 0.3165 0.0428 0.0829 0.0468 0.0105 0.1371 0.0193 0.0111 0.0067 0.0063 0.0097 0.0054 0.0079 0.2701 0.0270 
      H400.6  2 0.7684 0.0128 0.0144 0.0314 0.0049 0.0124 0.0174 0.0352 0.0070 0.0463 0.0098 0.0053 0.0042 0.0217 0.0088 
      H400.7  2 0.6083 0.0162 0.0343 0.0182 0.0075 0.0916 0.0364 0.0198 0.0089 0.0083 0.0052 0.0075 0.0115 0.1193 0.0069 
 H428.1_2005  2 0.0050 0.0044 0.0031 0.0079 0.0035 0.0051 0.0042 0.0036 0.0054 0.0049 0.0053 0.0034 0.0037 0.9353 0.0052 
 H428.1_2006  2 0.0064 0.0039 0.0034 0.0057 0.0049 0.0068 0.0046 0.0126 0.0045 0.0099 0.0129 0.0089 0.0069 0.9024 0.0062 
 H428.2_2005  2 0.0064 0.0048 0.0044 0.0060 0.0051 0.0071 0.0077 0.0038 0.0074 0.0040 0.0039 0.0053 0.0056 0.9243 0.0043 
 H428.2_2006  2 0.0073 0.0063 0.0075 0.0097 0.0055 0.0095 0.0039 0.0076 0.0066 0.0057 0.0275 0.0070 0.0048 0.8847 0.0062 
 H428.3_2005  2 0.0075 0.0034 0.0047 0.0054 0.0034 0.0047 0.0049 0.0037 0.0043 0.0056 0.0050 0.0056 0.0046 0.9330 0.0044 
 H428.3_2006  2 0.0077 0.0087 0.0066 0.0149 0.0056 0.0099 0.0036 0.0104 0.0041 0.0056 0.0140 0.0088 0.0055 0.8892 0.0055 
 H428.4_2005  2 0.0068 0.0036 0.0033 0.0047 0.0042 0.0064 0.0043 0.0043 0.0044 0.0044 0.0044 0.0043 0.0056 0.9343 0.0051 
 H428.4_2006  2 0.0048 0.0033 0.0029 0.0055 0.0041 0.0036 0.0030 0.0038 0.0034 0.0072 0.0058 0.0039 0.0044 0.9403 0.0038 
 H428.5_2005  2 0.0046 0.0037 0.0044 0.0047 0.0050 0.0044 0.0035 0.0032 0.0068 0.0040 0.0086 0.0030 0.0033 0.9372 0.0036 
 H428.6_2005  2 0.0046 0.0038 0.0036 0.0095 0.0030 0.0051 0.0061 0.0052 0.0033 0.0101 0.0053 0.0045 0.0041 0.9278 0.0040 
 H428.6_2006  2 0.0052 0.0035 0.0055 0.0166 0.0107 0.0071 0.0044 0.0051 0.0098 0.0087 0.0091 0.0045 0.0037 0.8935 0.0125 
      H428.7  2 0.0059 0.0043 0.0035 0.0048 0.0032 0.0029 0.0038 0.0041 0.0055 0.0061 0.0047 0.0035 0.0033 0.9410 0.0033 
      H428.8  2 0.0043 0.0055 0.0054 0.0051 0.0045 0.0035 0.0035 0.0033 0.0032 0.0039 0.0060 0.0038 0.0038 0.9394 0.0049 
      H428.9  2 0.0055 0.0050 0.0054 0.0050 0.0048 0.0041 0.0044 0.0042 0.0074 0.0046 0.0048 0.0042 0.0037 0.9330 0.0038 
      H453.1  2 0.7457 0.0097 0.0176 0.0260 0.0067 0.0115 0.0068 0.0064 0.0124 0.0090 0.0425 0.0591 0.0058 0.0184 0.0226 
      H453.2  2 0.7828 0.0151 0.0333 0.0119 0.0059 0.0133 0.0106 0.0055 0.0133 0.0151 0.0094 0.0502 0.0069 0.0125 0.0143 
      H453.3  2 0.8358 0.0124 0.0133 0.0103 0.0036 0.0068 0.0204 0.0045 0.0082 0.0167 0.0076 0.0306 0.0069 0.0127 0.0103 
      H453.4  2 0.8578 0.0100 0.0155 0.0099 0.0035 0.0115 0.0098 0.0041 0.0070 0.0069 0.0059 0.0342 0.0058 0.0082 0.0097 
      H453.5  2 0.7647 0.0089 0.0659 0.0113 0.0062 0.0111 0.0054 0.0073 0.0090 0.0060 0.0599 0.0120 0.0050 0.0075 0.0198 
      H453.6  2 0.7418 0.0058 0.0410 0.0107 0.0072 0.0084 0.0038 0.0041 0.0089 0.0060 0.0988 0.0165 0.0038 0.0328 0.0104 
      H453.7  2 0.0479 0.0114 0.0287 0.0144 0.0040 0.0228 0.0783 0.0074 0.0499 0.0945 0.0845 0.5119 0.0138 0.0190 0.0114 
      H453.8  2 0.1365 0.0068 0.0186 0.0076 0.0051 0.0122 0.0155 0.0065 0.0199 0.0115 0.0255 0.7060 0.0123 0.0053 0.0106 
      H453.9  2 0.0635 0.0190 0.0616 0.0270 0.0050 0.0207 0.0183 0.0054 0.0068 0.0379 0.2994 0.4012 0.0044 0.0187 0.0111 
      H512.1  2 0.0872 0.0232 0.3322 0.0233 0.0038 0.0073 0.0117 0.0203 0.0309 0.0416 0.0322 0.0514 0.0099 0.2190 0.1059 
     H512.10  2 0.0139 0.0201 0.0950 0.0239 0.0738 0.0179 0.0258 0.0207 0.0351 0.0104 0.1206 0.1265 0.0225 0.1652 0.2286 
      H512.2  2 0.0121 0.0313 0.0282 0.0185 0.0161 0.0117 0.0202 0.0297 0.0934 0.0100 0.0218 0.2997 0.0606 0.2630 0.0837 
      H512.3  2 0.0303 0.0563 0.0626 0.0685 0.0266 0.0139 0.0118 0.0305 0.0209 0.0071 0.0179 0.1621 0.0208 0.0917 0.3791 
      H512.4  2 0.0196 0.0232 0.1643 0.0137 0.0178 0.0162 0.0317 0.0149 0.0757 0.0068 0.1414 0.2868 0.0463 0.1219 0.0196 
      H512.5  2 0.0192 0.0984 0.0115 0.0475 0.0259 0.0246 0.0134 0.0147 0.0434 0.0050 0.0129 0.1447 0.0125 0.0560 0.4702 
      H512.6  2 0.0617 0.1780 0.0937 0.0767 0.0046 0.0115 0.0192 0.0142 0.0441 0.0085 0.0108 0.3439 0.0193 0.0240 0.0900 
      H512.7  2 0.0722 0.0208 0.0137 0.0261 0.0132 0.0245 0.0069 0.0685 0.0703 0.0115 0.0283 0.0306 0.0083 0.0280 0.5771 
      H512.8  2 0.0234 0.0436 0.0917 0.0162 0.0076 0.0147 0.0189 0.0533 0.0483 0.0086 0.0166 0.3636 0.1111 0.0785 0.1040 
      H512.9  2 0.0413 0.0384 0.0155 0.0543 0.0219 0.0240 0.0126 0.0323 0.0333 0.0454 0.0284 0.0441 0.0062 0.0870 0.5151 
      H513.1  2 0.0071 0.0049 0.0056 0.0049 0.0058 0.0063 0.0041 0.0113 0.0049 0.0035 0.0107 0.0089 0.0036 0.9141 0.0043 
      H513.2  2 0.0142 0.0052 0.0160 0.0125 0.0064 0.0105 0.0129 0.0062 0.0095 0.0109 0.0217 0.0111 0.0153 0.8428 0.0047 
      H513.3  2 0.0077 0.0074 0.0060 0.0051 0.0048 0.0057 0.0049 0.0047 0.0057 0.0058 0.0094 0.0092 0.0039 0.9140 0.0057 
      H513.4  2 0.0481 0.0094 0.0243 0.0203 0.0039 0.0178 0.0077 0.0178 0.0066 0.0109 0.0513 0.0212 0.0157 0.7377 0.0073 
      H513.5  2 0.0054 0.0049 0.0090 0.0143 0.0055 0.0094 0.0038 0.0067 0.0064 0.0038 0.0078 0.0053 0.0042 0.9045 0.0088 
      H513.6  2 0.0084 0.0136 0.0449 0.0210 0.0891 0.0294 0.0113 0.0062 0.0170 0.0113 0.0261 0.0149 0.0169 0.6807 0.0092 
      H532.1  2 0.0555 0.0558 0.0175 0.0297 0.0214 0.0579 0.0383 0.0230 0.0584 0.0112 0.4457 0.0200 0.0167 0.1195 0.0295 
      H532.2  2 0.2749 0.0097 0.1324 0.0067 0.0134 0.0195 0.0428 0.0056 0.0509 0.0325 0.1426 0.0401 0.0370 0.1793 0.0125 
      H532.3  2 0.5239 0.0114 0.0930 0.0087 0.0055 0.0154 0.0333 0.0032 0.0212 0.0118 0.1197 0.0813 0.0162 0.0314 0.0240 
      H532.4  2 0.0824 0.0141 0.0128 0.0492 0.0147 0.0104 0.1051 0.0078 0.0158 0.0201 0.5468 0.0584 0.0076 0.0352 0.0196 
      H532.5  2 0.0558 0.0166 0.0106 0.0268 0.0280 0.0214 0.0304 0.0069 0.1098 0.0176 0.0557 0.0163 0.0326 0.5433 0.0282 
      H532.6  2 0.2098 0.0145 0.0294 0.0412 0.0134 0.0102 0.0778 0.0120 0.0178 0.0083 0.4104 0.0930 0.0063 0.0377 0.0181 
      H532.7  2 0.1186 0.0485 0.0275 0.0144 0.0181 0.0146 0.0120 0.0045 0.0273 0.0101 0.5884 0.0130 0.0125 0.0426 0.0479 
      H532.8  2 0.0699 0.0508 0.0298 0.0181 0.0222 0.0568 0.0179 0.0070 0.1188 0.0146 0.4425 0.0153 0.0346 0.0612 0.0405 
      H543.1  2 0.0167 0.0051 0.0066 0.0064 0.8998 0.0062 0.0058 0.0037 0.0061 0.0080 0.0043 0.0043 0.0074 0.0124 0.0071 
      H543.2  2 0.0204 0.0062 0.0146 0.0108 0.7685 0.0194 0.0092 0.0064 0.0198 0.0210 0.0072 0.0038 0.0244 0.0610 0.0074 
      H543.3  2 0.0151 0.0044 0.0068 0.0175 0.8797 0.0066 0.0052 0.0041 0.0078 0.0146 0.0086 0.0055 0.0083 0.0091 0.0066 
      H543.4  2 0.0062 0.0058 0.0099 0.0035 0.9115 0.0044 0.0079 0.0041 0.0061 0.0069 0.0053 0.0056 0.0102 0.0075 0.0050 
      H543.5  2 0.0057 0.0077 0.0081 0.0048 0.9046 0.0068 0.0057 0.0058 0.0090 0.0062 0.0049 0.0048 0.0102 0.0096 0.0060 
      H543.6  2 0.0329 0.0055 0.0098 0.0113 0.7321 0.0434 0.0167 0.0033 0.0183 0.0942 0.0040 0.0068 0.0074 0.0087 0.0055 
      H543.7  2 0.0043 0.0035 0.0044 0.0037 0.9413 0.0040 0.0048 0.0046 0.0041 0.0057 0.0033 0.0033 0.0057 0.0041 0.0032 
      H543.8  2 0.0109 0.0064 0.0078 0.0403 0.7770 0.0080 0.0076 0.0050 0.0380 0.0221 0.0190 0.0052 0.0112 0.0326 0.0088 
