1:    0.091 0.073 0.067 0.105 0.098 0.135 0.040 0.119 0.045 0.139 0.088 1    
2:    0.092 0.131 0.053 0.078 0.077 0.084 0.051 0.124 0.112 0.108 0.090 1    
3:    0.097 0.078 0.050 0.065 0.069 0.128 0.095 0.103 0.094 0.151 0.071 1    
4:    0.075 0.079 0.210 0.127 0.091 0.067 0.044 0.111 0.049 0.046 0.099 1    
5:    0.103 0.044 0.027 0.106 0.080 0.109 0.270 0.067 0.048 0.032 0.114 1    
6:    0.107 0.035 0.078 0.145 0.176 0.058 0.022 0.098 0.076 0.041 0.162 1    
7:    0.063 0.069 0.059 0.084 0.074 0.100 0.031 0.221 0.088 0.140 0.070 1    
8:    0.126 0.044 0.093 0.159 0.123 0.069 0.067 0.069 0.059 0.063 0.128 1    
9:    0.088 0.038 0.223 0.097 0.120 0.055 0.027 0.105 0.080 0.072 0.095 1    
10:   0.085 0.042 0.080 0.095 0.100 0.052 0.029 0.251 0.039 0.114 0.113 1    
11:   0.083 0.198 0.066 0.058 0.050 0.085 0.053 0.027 0.151 0.167 0.062 1    
12:   0.036 0.031 0.042 0.028 0.027 0.048 0.690 0.021 0.030 0.021 0.027 1    
13:   0.119 0.134 0.052 0.077 0.071 0.083 0.089 0.053 0.103 0.112 0.108 1    
14:   0.064 0.050 0.167 0.080 0.079 0.131 0.084 0.121 0.038 0.116 0.070 1    
15:   0.088 0.102 0.080 0.094 0.080 0.120 0.104 0.078 0.074 0.096 0.085 1    
16:   0.115 0.269 0.031 0.059 0.073 0.062 0.135 0.018 0.147 0.032 0.059 1    
17:   0.095 0.144 0.031 0.105 0.114 0.092 0.038 0.069 0.131 0.069 0.113 1    
18:   0.088 0.115 0.097 0.103 0.094 0.084 0.148 0.053 0.069 0.029 0.121 1    
19:   0.080 0.072 0.058 0.070 0.071 0.059 0.029 0.355 0.059 0.071 0.076 1    
20:   0.125 0.125 0.035 0.113 0.106 0.078 0.065 0.051 0.127 0.062 0.112 1    
21:   0.068 0.123 0.033 0.062 0.069 0.136 0.084 0.071 0.137 0.138 0.080 1    
22:   0.086 0.202 0.068 0.066 0.058 0.092 0.161 0.057 0.086 0.050 0.074 1    
23:   0.089 0.043 0.036 0.176 0.168 0.097 0.098 0.035 0.048 0.070 0.141 1    
24:   0.113 0.109 0.199 0.083 0.090 0.077 0.030 0.036 0.141 0.027 0.095 1    
25:   0.086 0.037 0.101 0.112 0.117 0.125 0.035 0.059 0.056 0.168 0.103 1    
26:   0.063 0.105 0.048 0.071 0.068 0.081 0.251 0.112 0.103 0.044 0.055 1    
27:   0.137 0.096 0.052 0.113 0.116 0.050 0.050 0.089 0.144 0.044 0.108 1    
28:   0.101 0.061 0.049 0.106 0.105 0.105 0.076 0.056 0.104 0.138 0.098 1    
29:   0.053 0.052 0.051 0.049 0.045 0.111 0.460 0.036 0.065 0.032 0.048 1    
30:   0.082 0.035 0.076 0.108 0.122 0.102 0.040 0.047 0.061 0.227 0.099 1    
31:   0.059 0.047 0.048 0.055 0.068 0.215 0.145 0.077 0.039 0.189 0.058 1    
32:   0.062 0.317 0.041 0.076 0.076 0.046 0.032 0.178 0.036 0.066 0.069 1    
33:   0.101 0.087 0.028 0.111 0.123 0.082 0.046 0.150 0.061 0.120 0.092 1    
34:   0.108 0.096 0.180 0.107 0.084 0.053 0.047 0.072 0.132 0.045 0.074 1    
35:   0.061 0.037 0.027 0.054 0.054 0.081 0.057 0.365 0.043 0.175 0.047 1    
36:   0.061 0.088 0.110 0.066 0.053 0.159 0.056 0.091 0.043 0.205 0.069 1    
37:   0.122 0.061 0.039 0.083 0.103 0.116 0.111 0.055 0.141 0.071 0.100 1    
38:   0.085 0.074 0.051 0.096 0.085 0.137 0.044 0.089 0.101 0.159 0.079 1    
39:   0.038 0.052 0.079 0.056 0.062 0.054 0.043 0.422 0.037 0.101 0.057 1    
40:   0.048 0.024 0.028 0.039 0.037 0.032 0.022 0.526 0.026 0.174 0.043 1    
41:   0.072 0.189 0.102 0.082 0.089 0.090 0.079 0.107 0.039 0.078 0.073 1    
42:   0.045 0.036 0.018 0.032 0.034 0.042 0.639 0.037 0.050 0.029 0.039 1    
43:   0.097 0.057 0.035 0.090 0.088 0.161 0.079 0.046 0.097 0.166 0.085 1    
44:   0.070 0.117 0.057 0.066 0.061 0.043 0.028 0.352 0.075 0.071 0.060 1    
45:   0.042 0.034 0.032 0.054 0.062 0.159 0.343 0.068 0.037 0.105 0.063 1    
46:   0.103 0.120 0.208 0.088 0.085 0.055 0.078 0.040 0.117 0.024 0.082 1    
47:   0.045 0.043 0.048 0.044 0.055 0.160 0.027 0.079 0.033 0.420 0.045 1    
48:   0.107 0.043 0.100 0.126 0.160 0.081 0.032 0.052 0.054 0.073 0.172 1    
49:   0.042 0.031 0.430 0.050 0.043 0.050 0.022 0.179 0.028 0.082 0.044 1    
50:   0.064 0.035 0.038 0.097 0.091 0.053 0.026 0.344 0.031 0.134 0.087 1    
51:   0.051 0.024 0.409 0.057 0.060 0.080 0.054 0.028 0.043 0.119 0.073 1    
52:   0.045 0.027 0.031 0.044 0.045 0.218 0.414 0.038 0.043 0.054 0.042 1    
53:   0.025 0.022 0.022 0.032 0.029 0.035 0.032 0.626 0.022 0.125 0.031 1    
54:   0.053 0.027 0.140 0.046 0.040 0.082 0.438 0.025 0.072 0.030 0.047 1    
55:   0.105 0.042 0.023 0.142 0.128 0.127 0.145 0.056 0.033 0.066 0.134 1    
56:   0.024 0.018 0.023 0.033 0.038 0.018 0.012 0.638 0.020 0.144 0.031 1    
57:   0.097 0.076 0.051 0.158 0.173 0.053 0.028 0.046 0.045 0.113 0.160 1    
58:   0.098 0.036 0.015 0.088 0.114 0.122 0.240 0.031 0.136 0.030 0.090 1    
59:   0.064 0.026 0.039 0.059 0.062 0.082 0.427 0.057 0.070 0.035 0.078 1    
60:   0.090 0.027 0.042 0.216 0.235 0.050 0.026 0.031 0.032 0.034 0.216 1    
61:   0.091 0.040 0.057 0.088 0.090 0.128 0.120 0.072 0.066 0.139 0.109 1    
62:   0.044 0.102 0.408 0.068 0.062 0.049 0.044 0.091 0.035 0.040 0.058 1    
63:   0.132 0.029 0.032 0.165 0.157 0.103 0.025 0.032 0.121 0.053 0.150 1    
64:   0.077 0.038 0.082 0.082 0.084 0.076 0.113 0.224 0.070 0.066 0.089 1    
65:   0.048 0.024 0.054 0.066 0.068 0.039 0.052 0.435 0.042 0.117 0.054 1    
66:   0.049 0.037 0.066 0.051 0.048 0.076 0.038 0.216 0.033 0.342 0.044 1    
67:   0.071 0.063 0.235 0.074 0.070 0.082 0.026 0.121 0.083 0.096 0.079 1    
68:   0.070 0.050 0.166 0.098 0.095 0.101 0.029 0.071 0.081 0.154 0.087 1    
69:   0.161 0.036 0.046 0.106 0.113 0.092 0.061 0.052 0.183 0.036 0.116 1    
70:   0.055 0.091 0.133 0.091 0.088 0.047 0.017 0.186 0.044 0.162 0.085 1    
71:   0.103 0.051 0.032 0.099 0.108 0.089 0.024 0.259 0.033 0.090 0.111 1    
72:   0.063 0.038 0.092 0.060 0.064 0.107 0.326 0.065 0.055 0.063 0.067 1    
73:   0.023 0.778 0.023 0.023 0.023 0.019 0.024 0.025 0.021 0.018 0.021 1    
74:   0.125 0.103 0.042 0.147 0.148 0.059 0.030 0.064 0.076 0.084 0.122 1    
75:   0.035 0.020 0.675 0.053 0.054 0.020 0.019 0.022 0.030 0.024 0.048 1    
76:   0.069 0.050 0.083 0.066 0.059 0.049 0.027 0.371 0.048 0.110 0.068 1    
77:   0.120 0.049 0.026 0.104 0.121 0.088 0.022 0.046 0.192 0.115 0.117 1    
78:   0.085 0.056 0.129 0.101 0.109 0.055 0.100 0.108 0.094 0.065 0.098 1    
79:   0.063 0.030 0.200 0.090 0.116 0.064 0.076 0.139 0.070 0.078 0.074 1    
80:   0.097 0.096 0.064 0.102 0.103 0.089 0.043 0.076 0.142 0.077 0.112 1    
81:   0.091 0.067 0.059 0.106 0.096 0.143 0.072 0.057 0.073 0.134 0.101 1    
82:   0.094 0.071 0.089 0.124 0.132 0.087 0.048 0.075 0.086 0.070 0.123 1    
83:   0.101 0.084 0.043 0.066 0.079 0.084 0.304 0.038 0.069 0.052 0.082 1    
84:   0.093 0.030 0.156 0.084 0.083 0.105 0.073 0.071 0.120 0.086 0.100 1    
85:   0.119 0.027 0.036 0.124 0.117 0.100 0.032 0.037 0.155 0.126 0.126 1    
86:   0.111 0.091 0.135 0.104 0.103 0.099 0.065 0.038 0.085 0.056 0.113 1    
87:   0.103 0.057 0.044 0.093 0.081 0.096 0.029 0.054 0.096 0.247 0.100 1    
88:   0.047 0.035 0.043 0.049 0.046 0.148 0.443 0.052 0.042 0.049 0.047 1    
89:   0.092 0.087 0.092 0.122 0.137 0.050 0.084 0.045 0.131 0.055 0.105 1    
90:   0.083 0.212 0.067 0.077 0.072 0.125 0.107 0.069 0.051 0.073 0.063 1    
91:   0.077 0.233 0.062 0.120 0.126 0.057 0.025 0.088 0.047 0.057 0.107 1    
92:   0.153 0.054 0.047 0.106 0.144 0.149 0.052 0.038 0.075 0.046 0.136 1    
93:   0.153 0.077 0.041 0.170 0.156 0.045 0.020 0.079 0.078 0.040 0.140 1    
94:   0.048 0.246 0.149 0.078 0.068 0.071 0.068 0.088 0.049 0.076 0.058 1    
95:   0.093 0.053 0.070 0.050 0.059 0.103 0.368 0.039 0.053 0.034 0.077 1    
96:   0.113 0.026 0.264 0.094 0.107 0.054 0.039 0.048 0.100 0.048 0.108 1    
97:   0.079 0.062 0.149 0.071 0.070 0.053 0.022 0.235 0.088 0.102 0.070 1    
98:   0.092 0.136 0.067 0.117 0.104 0.102 0.031 0.087 0.070 0.071 0.123 1    
99:   0.025 0.031 0.024 0.029 0.027 0.098 0.663 0.027 0.020 0.029 0.027 1    
100:  0.066 0.140 0.054 0.100 0.100 0.084 0.083 0.157 0.054 0.076 0.084 1    
101:  0.115 0.109 0.117 0.099 0.114 0.068 0.027 0.097 0.096 0.047 0.110 1    
102:  0.071 0.034 0.227 0.097 0.080 0.062 0.043 0.151 0.069 0.077 0.088 1    
103:  0.065 0.076 0.224 0.074 0.074 0.112 0.040 0.065 0.072 0.122 0.076 1    
104:  0.097 0.116 0.027 0.131 0.141 0.105 0.050 0.076 0.083 0.042 0.132 1    
105:  0.149 0.086 0.037 0.111 0.119 0.134 0.037 0.052 0.095 0.064 0.117 1    
106:  0.088 0.084 0.082 0.110 0.137 0.075 0.044 0.100 0.059 0.103 0.118 1    
107:  0.120 0.082 0.127 0.103 0.114 0.095 0.083 0.062 0.047 0.056 0.111 1    
108:  0.055 0.089 0.026 0.064 0.065 0.155 0.079 0.102 0.090 0.219 0.056 1    
109:  0.093 0.062 0.044 0.100 0.113 0.070 0.056 0.132 0.089 0.113 0.128 1    
110:  0.118 0.079 0.031 0.136 0.133 0.098 0.066 0.041 0.108 0.061 0.129 1    
111:  0.073 0.128 0.043 0.090 0.081 0.101 0.056 0.067 0.164 0.101 0.097 1    
112:  0.036 0.069 0.615 0.038 0.036 0.028 0.027 0.047 0.027 0.034 0.041 1    
113:  0.077 0.146 0.123 0.080 0.086 0.081 0.022 0.070 0.057 0.174 0.084 1    
114:  0.055 0.061 0.086 0.077 0.081 0.133 0.045 0.075 0.069 0.232 0.086 1    
115:  0.100 0.052 0.035 0.091 0.088 0.082 0.025 0.273 0.037 0.102 0.116 1    
116:  0.041 0.557 0.023 0.037 0.048 0.059 0.065 0.039 0.056 0.036 0.040 1    
117:  0.079 0.169 0.156 0.073 0.097 0.069 0.039 0.070 0.066 0.081 0.102 1    
118:  0.023 0.777 0.028 0.022 0.024 0.020 0.021 0.022 0.024 0.018 0.021 1    
119:  0.128 0.071 0.022 0.128 0.121 0.073 0.051 0.050 0.134 0.081 0.141 1    
120:  0.028 0.745 0.028 0.026 0.026 0.024 0.026 0.028 0.021 0.022 0.025 1    
121:  0.099 0.070 0.071 0.091 0.081 0.113 0.022 0.056 0.148 0.158 0.091 1    
122:  0.100 0.045 0.060 0.089 0.066 0.083 0.020 0.128 0.122 0.201 0.087 1    
123:  0.113 0.073 0.022 0.146 0.129 0.094 0.103 0.055 0.089 0.036 0.140 1    
124:  0.130 0.105 0.047 0.129 0.148 0.068 0.030 0.067 0.071 0.077 0.129 1    
125:  0.108 0.083 0.041 0.111 0.105 0.086 0.274 0.042 0.046 0.034 0.070 1    
126:  0.033 0.022 0.678 0.048 0.049 0.022 0.021 0.021 0.030 0.021 0.055 1    
127:  0.075 0.077 0.095 0.079 0.084 0.127 0.054 0.066 0.131 0.119 0.092 1    
128:  0.045 0.618 0.039 0.030 0.034 0.026 0.019 0.025 0.090 0.036 0.036 1    
129:  0.025 0.027 0.035 0.025 0.033 0.099 0.639 0.020 0.025 0.043 0.029 1    
130:  0.083 0.200 0.035 0.117 0.111 0.084 0.070 0.084 0.054 0.044 0.118 1    
131:  0.193 0.115 0.020 0.066 0.085 0.054 0.067 0.026 0.234 0.044 0.097 1    
132:  0.080 0.114 0.067 0.085 0.083 0.135 0.057 0.090 0.084 0.123 0.083 1    
133:  0.117 0.143 0.134 0.084 0.090 0.064 0.037 0.031 0.150 0.061 0.091 1    
134:  0.099 0.147 0.021 0.047 0.040 0.078 0.377 0.024 0.084 0.034 0.049 1    
135:  0.136 0.028 0.036 0.071 0.075 0.074 0.100 0.050 0.295 0.058 0.077 1    
136:  0.026 0.023 0.024 0.030 0.033 0.071 0.645 0.032 0.025 0.059 0.032 1    
137:  0.041 0.035 0.052 0.050 0.044 0.036 0.510 0.096 0.054 0.038 0.045 1    
138:  0.054 0.048 0.069 0.070 0.051 0.131 0.024 0.034 0.058 0.401 0.060 1    
139:  0.113 0.028 0.074 0.098 0.100 0.121 0.041 0.050 0.117 0.176 0.082 1    
140:  0.049 0.083 0.034 0.048 0.048 0.244 0.203 0.111 0.048 0.088 0.044 1    
141:  0.087 0.116 0.031 0.112 0.099 0.102 0.078 0.146 0.067 0.047 0.114 1    
142:  0.135 0.077 0.029 0.094 0.079 0.119 0.026 0.124 0.137 0.078 0.104 1    
143:  0.106 0.113 0.092 0.099 0.102 0.096 0.045 0.049 0.118 0.085 0.093 1    
144:  0.071 0.027 0.052 0.068 0.074 0.083 0.149 0.163 0.068 0.179 0.067 1    
145:  0.152 0.030 0.039 0.129 0.088 0.102 0.070 0.039 0.205 0.036 0.111 1    
146:  0.082 0.079 0.146 0.109 0.109 0.072 0.034 0.042 0.122 0.088 0.116 1    
147:  0.156 0.065 0.075 0.079 0.077 0.069 0.048 0.028 0.284 0.027 0.093 1    
148:  0.052 0.049 0.273 0.065 0.074 0.111 0.051 0.064 0.045 0.161 0.056 1    
149:  0.133 0.029 0.056 0.135 0.130 0.062 0.062 0.087 0.112 0.061 0.134 1    
150:  0.082 0.142 0.110 0.080 0.086 0.080 0.101 0.060 0.099 0.070 0.090 1    
151:  0.058 0.066 0.086 0.068 0.084 0.121 0.080 0.190 0.040 0.141 0.068 1    
152:  0.080 0.039 0.030 0.093 0.098 0.119 0.021 0.095 0.073 0.253 0.099 1    
153:  0.043 0.039 0.022 0.033 0.032 0.074 0.627 0.021 0.046 0.030 0.032 1    
154:  0.094 0.152 0.035 0.152 0.168 0.060 0.026 0.059 0.055 0.032 0.167 1    
155:  0.067 0.049 0.030 0.075 0.074 0.122 0.017 0.032 0.079 0.393 0.062 1    
156:  0.070 0.100 0.083 0.078 0.077 0.041 0.238 0.092 0.097 0.050 0.074 1    
157:  0.112 0.065 0.095 0.098 0.099 0.085 0.039 0.056 0.144 0.100 0.106 1    
158:  0.038 0.041 0.106 0.046 0.043 0.056 0.513 0.041 0.033 0.040 0.043 1    
159:  0.078 0.375 0.032 0.086 0.068 0.059 0.037 0.035 0.080 0.056 0.094 1    
160:  0.103 0.140 0.052 0.084 0.087 0.084 0.022 0.033 0.150 0.157 0.087 1    
161:  0.097 0.124 0.115 0.097 0.103 0.060 0.029 0.109 0.085 0.055 0.126 1    
162:  0.095 0.070 0.090 0.100 0.106 0.145 0.086 0.098 0.062 0.070 0.079 1    
163:  0.102 0.035 0.202 0.103 0.103 0.077 0.034 0.057 0.114 0.064 0.109 1    
164:  0.111 0.049 0.028 0.108 0.129 0.106 0.221 0.032 0.055 0.050 0.110 1    
165:  0.046 0.020 0.033 0.064 0.059 0.128 0.023 0.036 0.067 0.469 0.056 1    
166:  0.171 0.112 0.036 0.111 0.101 0.094 0.030 0.049 0.122 0.038 0.137 1    
167:  0.134 0.032 0.143 0.121 0.130 0.076 0.036 0.063 0.087 0.055 0.124 1    
168:  0.054 0.124 0.035 0.054 0.050 0.192 0.214 0.104 0.052 0.062 0.059 1    
169:  0.077 0.080 0.058 0.081 0.078 0.120 0.035 0.104 0.092 0.187 0.089 1    
170:  0.060 0.038 0.037 0.064 0.063 0.191 0.134 0.066 0.049 0.233 0.065 1    
171:  0.130 0.077 0.078 0.106 0.116 0.099 0.038 0.059 0.092 0.067 0.137 1    
172:  0.045 0.123 0.080 0.061 0.057 0.167 0.185 0.111 0.034 0.088 0.050 1    
173:  0.078 0.026 0.040 0.126 0.138 0.087 0.037 0.048 0.060 0.217 0.143 1    
174:  0.059 0.048 0.030 0.058 0.063 0.215 0.204 0.088 0.050 0.121 0.065 1    
175:  0.052 0.058 0.040 0.110 0.088 0.053 0.339 0.083 0.056 0.040 0.083 1    
176:  0.133 0.049 0.056 0.096 0.080 0.064 0.049 0.098 0.193 0.059 0.123 1    
177:  0.067 0.104 0.043 0.082 0.070 0.097 0.333 0.035 0.045 0.042 0.081 1    
178:  0.133 0.029 0.186 0.144 0.139 0.063 0.025 0.039 0.059 0.058 0.125 1    
179:  0.203 0.049 0.044 0.090 0.089 0.082 0.064 0.027 0.177 0.040 0.135 1    
180:  0.096 0.041 0.034 0.088 0.092 0.096 0.226 0.088 0.070 0.059 0.110 1    
181:  0.118 0.080 0.137 0.073 0.068 0.084 0.038 0.039 0.132 0.152 0.077 1    
182:  0.074 0.115 0.161 0.076 0.067 0.085 0.122 0.048 0.073 0.114 0.067 1    
183:  0.155 0.053 0.032 0.187 0.144 0.067 0.024 0.032 0.091 0.045 0.169 1    
184:  0.143 0.071 0.100 0.108 0.101 0.082 0.154 0.022 0.078 0.031 0.110 1    
185:  0.083 0.214 0.073 0.083 0.083 0.054 0.035 0.106 0.113 0.082 0.073 1    
186:  0.077 0.116 0.123 0.093 0.096 0.069 0.165 0.037 0.091 0.044 0.089 1    
187:  0.092 0.035 0.078 0.128 0.132 0.125 0.081 0.056 0.090 0.060 0.123 1    
188:  0.083 0.039 0.129 0.115 0.139 0.081 0.071 0.041 0.084 0.095 0.122 1    
189:  0.086 0.139 0.037 0.086 0.079 0.122 0.136 0.069 0.080 0.069 0.097 1    
190:  0.098 0.029 0.046 0.137 0.104 0.085 0.018 0.050 0.090 0.214 0.127 1    
191:  0.146 0.285 0.023 0.115 0.105 0.060 0.016 0.032 0.094 0.032 0.092 1    
192:  0.059 0.143 0.223 0.088 0.096 0.056 0.059 0.047 0.062 0.076 0.090 1    
193:  0.087 0.060 0.033 0.117 0.117 0.132 0.030 0.079 0.082 0.154 0.110 1    
194:  0.054 0.055 0.107 0.133 0.133 0.073 0.031 0.043 0.054 0.185 0.132 1    
195:  0.058 0.142 0.305 0.080 0.097 0.041 0.088 0.033 0.040 0.018 0.099 1    
196:  0.083 0.072 0.237 0.081 0.077 0.061 0.031 0.065 0.163 0.068 0.063 1    
197:  0.024 0.027 0.730 0.033 0.033 0.030 0.018 0.028 0.022 0.029 0.026 1    
198:  0.099 0.132 0.042 0.160 0.133 0.086 0.026 0.053 0.086 0.060 0.123 1    
199:  0.141 0.080 0.137 0.121 0.128 0.051 0.041 0.046 0.116 0.029 0.109 1    
200:  0.127 0.063 0.052 0.084 0.097 0.071 0.120 0.048 0.201 0.044 0.092 1    
201:  0.133 0.076 0.031 0.126 0.124 0.075 0.018 0.033 0.200 0.048 0.135 1    
202:  0.051 0.152 0.032 0.051 0.057 0.135 0.027 0.032 0.061 0.340 0.064 1    
203:  0.056 0.046 0.025 0.108 0.076 0.094 0.198 0.092 0.059 0.161 0.084 1    
204:  0.097 0.093 0.076 0.114 0.136 0.064 0.023 0.096 0.100 0.076 0.126 1    
205:  0.074 0.036 0.057 0.094 0.100 0.092 0.069 0.087 0.069 0.238 0.084 1    
206:  0.127 0.133 0.030 0.098 0.119 0.087 0.041 0.077 0.066 0.120 0.102 1    
207:  0.109 0.048 0.067 0.075 0.062 0.114 0.152 0.036 0.160 0.101 0.076 1    
208:  0.127 0.108 0.069 0.096 0.099 0.080 0.079 0.075 0.095 0.081 0.091 1    
209:  0.120 0.040 0.058 0.122 0.108 0.088 0.041 0.106 0.128 0.040 0.150 1    
210:  0.038 0.024 0.563 0.059 0.060 0.041 0.033 0.028 0.047 0.047 0.059 1    
211:  0.089 0.037 0.053 0.114 0.139 0.063 0.208 0.056 0.101 0.031 0.107 1    
212:  0.112 0.084 0.136 0.102 0.124 0.057 0.088 0.044 0.102 0.045 0.106 1    
213:  0.081 0.111 0.065 0.098 0.107 0.122 0.046 0.106 0.054 0.093 0.119 1    
214:  0.150 0.074 0.050 0.099 0.103 0.058 0.038 0.077 0.170 0.079 0.102 1    
215:  0.091 0.048 0.047 0.081 0.095 0.078 0.076 0.217 0.090 0.084 0.092 1    
216:  0.070 0.042 0.041 0.128 0.133 0.088 0.049 0.062 0.061 0.208 0.116 1    
217:  0.075 0.057 0.054 0.078 0.065 0.224 0.089 0.083 0.057 0.162 0.056 1    
218:  0.096 0.037 0.038 0.085 0.111 0.053 0.024 0.282 0.098 0.075 0.102 1    
219:  0.147 0.056 0.051 0.115 0.112 0.047 0.031 0.048 0.257 0.033 0.105 1    
220:  0.061 0.038 0.263 0.112 0.091 0.062 0.023 0.055 0.089 0.112 0.094 1    
221:  0.130 0.029 0.032 0.084 0.080 0.055 0.045 0.149 0.254 0.057 0.086 1    
222:  0.169 0.152 0.047 0.053 0.062 0.096 0.077 0.020 0.161 0.064 0.100 1    
223:  0.090 0.220 0.030 0.088 0.075 0.098 0.060 0.109 0.081 0.061 0.087 1    
224:  0.183 0.131 0.037 0.083 0.099 0.062 0.045 0.028 0.148 0.048 0.135 1    
225:  0.103 0.041 0.072 0.085 0.091 0.160 0.024 0.059 0.063 0.203 0.100 1    
226:  0.083 0.088 0.084 0.083 0.102 0.083 0.080 0.152 0.069 0.080 0.096 1    
227:  0.082 0.031 0.047 0.066 0.074 0.207 0.067 0.055 0.068 0.230 0.073 1    
228:  0.102 0.246 0.065 0.072 0.080 0.052 0.026 0.055 0.156 0.052 0.094 1    
229:  0.136 0.066 0.055 0.112 0.111 0.082 0.040 0.118 0.116 0.064 0.100 1    
230:  0.132 0.225 0.111 0.104 0.099 0.063 0.022 0.028 0.070 0.040 0.107 1    
231:  0.077 0.058 0.041 0.076 0.079 0.198 0.107 0.059 0.069 0.158 0.078 1    
232:  0.093 0.074 0.153 0.078 0.090 0.069 0.033 0.067 0.086 0.182 0.077 1    
233:  0.085 0.048 0.045 0.107 0.086 0.056 0.244 0.113 0.058 0.052 0.106 1    
234:  0.033 0.041 0.063 0.040 0.041 0.062 0.543 0.057 0.033 0.039 0.047 1    
235:  0.048 0.142 0.032 0.062 0.062 0.147 0.111 0.206 0.045 0.096 0.048 1    
236:  0.047 0.502 0.025 0.055 0.050 0.044 0.098 0.053 0.034 0.041 0.051 1    
237:  0.081 0.069 0.089 0.116 0.146 0.077 0.093 0.040 0.101 0.085 0.103 1    
238:  0.075 0.126 0.024 0.119 0.144 0.080 0.176 0.042 0.054 0.037 0.122 1    
239:  0.072 0.053 0.123 0.058 0.059 0.120 0.213 0.057 0.067 0.104 0.074 1    
240:  0.072 0.043 0.171 0.056 0.071 0.050 0.285 0.064 0.089 0.026 0.074 1    
241:  0.069 0.044 0.088 0.083 0.079 0.061 0.341 0.044 0.063 0.041 0.086 1    
242:  0.117 0.042 0.083 0.090 0.081 0.108 0.182 0.037 0.141 0.036 0.083 1    
243:  0.104 0.056 0.168 0.088 0.091 0.114 0.084 0.071 0.069 0.059 0.098 1    
244:  0.073 0.133 0.107 0.069 0.075 0.108 0.120 0.093 0.058 0.093 0.072 1    
245:  0.051 0.044 0.399 0.088 0.087 0.043 0.078 0.053 0.043 0.050 0.064 1    
246:  0.118 0.115 0.125 0.106 0.102 0.056 0.062 0.049 0.100 0.043 0.124 1    
247:  0.126 0.031 0.026 0.052 0.069 0.038 0.046 0.235 0.248 0.059 0.070 1    
248:  0.088 0.106 0.050 0.069 0.074 0.135 0.055 0.074 0.165 0.116 0.067 1    
249:  0.156 0.090 0.105 0.109 0.107 0.066 0.044 0.044 0.117 0.054 0.108 1    
250:  0.073 0.272 0.047 0.090 0.082 0.071 0.041 0.056 0.128 0.050 0.091 1    
251:  0.046 0.307 0.258 0.065 0.051 0.042 0.036 0.046 0.048 0.046 0.055 1    
252:  0.075 0.318 0.055 0.089 0.086 0.071 0.026 0.118 0.042 0.047 0.072 1    
253:  0.142 0.035 0.032 0.173 0.185 0.051 0.036 0.065 0.067 0.066 0.147 1    
254:  0.093 0.163 0.028 0.127 0.127 0.054 0.028 0.069 0.091 0.091 0.128 1    
255:  0.126 0.066 0.035 0.117 0.116 0.101 0.105 0.083 0.070 0.066 0.116 1    
256:  0.050 0.110 0.018 0.062 0.046 0.111 0.074 0.280 0.090 0.101 0.058 1    
257:  0.098 0.038 0.162 0.103 0.124 0.076 0.091 0.046 0.089 0.055 0.117 1    
258:  0.088 0.074 0.035 0.092 0.083 0.119 0.037 0.150 0.093 0.139 0.090 1    
259:  0.093 0.043 0.155 0.075 0.078 0.137 0.101 0.057 0.067 0.085 0.109 1    
260:  0.107 0.056 0.098 0.105 0.111 0.058 0.030 0.071 0.185 0.069 0.110 1    
261:  0.050 0.243 0.083 0.066 0.073 0.049 0.047 0.202 0.060 0.071 0.055 1    
262:  0.135 0.080 0.031 0.078 0.070 0.084 0.050 0.052 0.261 0.078 0.080 1    
263:  0.064 0.045 0.252 0.071 0.064 0.094 0.144 0.056 0.075 0.055 0.078 1    
264:  0.092 0.104 0.032 0.109 0.101 0.118 0.059 0.151 0.074 0.057 0.103 1    
265:  0.065 0.036 0.203 0.132 0.132 0.086 0.063 0.058 0.050 0.063 0.112 1    
266:  0.119 0.033 0.055 0.113 0.124 0.144 0.062 0.049 0.109 0.073 0.120 1    
267:  0.110 0.039 0.022 0.156 0.179 0.061 0.054 0.036 0.116 0.045 0.182 1    
268:  0.108 0.054 0.033 0.124 0.134 0.147 0.065 0.037 0.087 0.089 0.124 1    
269:  0.101 0.051 0.073 0.079 0.081 0.166 0.031 0.037 0.111 0.189 0.081 1    
270:  0.076 0.064 0.038 0.101 0.094 0.105 0.186 0.069 0.042 0.122 0.104 1    
271:  0.077 0.075 0.054 0.077 0.073 0.163 0.111 0.105 0.058 0.149 0.058 1    
272:  0.066 0.065 0.049 0.067 0.070 0.087 0.403 0.036 0.052 0.043 0.063 1    
273:  0.136 0.061 0.063 0.123 0.114 0.060 0.065 0.059 0.137 0.050 0.132 1    
274:  0.069 0.046 0.031 0.061 0.063 0.075 0.025 0.267 0.078 0.216 0.070 1    
275:  0.119 0.028 0.048 0.146 0.108 0.067 0.117 0.069 0.129 0.043 0.126 1    
276:  0.083 0.034 0.066 0.065 0.067 0.162 0.200 0.057 0.109 0.079 0.077 1    
277:  0.107 0.062 0.106 0.105 0.108 0.064 0.023 0.045 0.218 0.057 0.105 1    
278:  0.085 0.043 0.185 0.106 0.097 0.045 0.020 0.142 0.095 0.082 0.099 1    
279:  0.114 0.024 0.159 0.096 0.127 0.071 0.024 0.065 0.152 0.061 0.106 1    
280:  0.077 0.040 0.104 0.088 0.094 0.067 0.024 0.299 0.051 0.083 0.075 1    
281:  0.124 0.045 0.087 0.102 0.110 0.107 0.089 0.083 0.069 0.084 0.101 1    
282:  0.116 0.108 0.093 0.098 0.086 0.084 0.046 0.050 0.113 0.104 0.104 1    
283:  0.073 0.039 0.035 0.099 0.108 0.102 0.029 0.074 0.090 0.255 0.095 1    
284:  0.083 0.040 0.127 0.118 0.103 0.107 0.105 0.051 0.096 0.061 0.107 1    
285:  0.093 0.059 0.034 0.141 0.171 0.053 0.022 0.140 0.075 0.064 0.149 1    
286:  0.064 0.085 0.270 0.084 0.095 0.087 0.028 0.038 0.056 0.105 0.089 1    
287:  0.105 0.036 0.264 0.097 0.102 0.052 0.045 0.048 0.091 0.077 0.084 1    
288:  0.111 0.069 0.088 0.124 0.120 0.090 0.035 0.098 0.058 0.079 0.126 1    
289:  0.098 0.077 0.042 0.088 0.088 0.144 0.061 0.079 0.036 0.201 0.085 1    
290:  0.066 0.094 0.070 0.065 0.078 0.118 0.020 0.206 0.046 0.172 0.066 1    
291:  0.050 0.170 0.024 0.056 0.061 0.119 0.043 0.290 0.048 0.081 0.060 1    
292:  0.129 0.038 0.037 0.103 0.091 0.143 0.031 0.066 0.091 0.162 0.107 1    
293:  0.101 0.023 0.025 0.093 0.089 0.148 0.093 0.097 0.131 0.088 0.111 1    
294:  0.058 0.098 0.068 0.090 0.084 0.106 0.045 0.186 0.046 0.126 0.094 1    
295:  0.105 0.127 0.077 0.124 0.113 0.076 0.039 0.062 0.089 0.069 0.119 1    
296:  0.047 0.087 0.026 0.060 0.058 0.168 0.055 0.128 0.118 0.207 0.047 1    
297:  0.120 0.039 0.065 0.165 0.176 0.089 0.066 0.032 0.067 0.021 0.162 1    
298:  0.111 0.073 0.032 0.150 0.163 0.098 0.041 0.055 0.073 0.055 0.149 1    
299:  0.144 0.048 0.029 0.134 0.128 0.095 0.050 0.101 0.086 0.053 0.130 1    
300:  0.129 0.039 0.059 0.104 0.111 0.062 0.149 0.052 0.142 0.041 0.113 1    
301:  0.064 0.089 0.328 0.073 0.064 0.074 0.042 0.070 0.047 0.067 0.081 1    
302:  0.110 0.140 0.060 0.103 0.131 0.094 0.087 0.035 0.090 0.039 0.109 1    
303:  0.059 0.028 0.053 0.075 0.073 0.172 0.061 0.048 0.073 0.286 0.072 1    
304:  0.097 0.058 0.044 0.117 0.135 0.058 0.042 0.174 0.087 0.080 0.108 1    
305:  0.090 0.042 0.021 0.077 0.073 0.203 0.183 0.098 0.071 0.069 0.073 1    
306:  0.114 0.022 0.027 0.129 0.142 0.123 0.032 0.039 0.096 0.151 0.125 1    
307:  0.067 0.093 0.054 0.061 0.059 0.127 0.332 0.065 0.038 0.044 0.060 1    
308:  0.103 0.047 0.098 0.110 0.107 0.120 0.030 0.046 0.118 0.108 0.114 1    
309:  0.093 0.080 0.075 0.091 0.093 0.127 0.033 0.087 0.146 0.073 0.102 1    
310:  0.050 0.170 0.102 0.067 0.052 0.119 0.159 0.109 0.032 0.071 0.069 1    
311:  0.179 0.043 0.048 0.135 0.122 0.084 0.154 0.032 0.066 0.027 0.110 1    
312:  0.095 0.062 0.105 0.093 0.093 0.083 0.112 0.075 0.131 0.057 0.094 1    
313:  0.074 0.048 0.028 0.095 0.095 0.165 0.112 0.106 0.067 0.120 0.088 1    
314:  0.072 0.043 0.052 0.094 0.094 0.085 0.033 0.251 0.040 0.148 0.088 1    
315:  0.064 0.029 0.327 0.138 0.138 0.034 0.026 0.025 0.058 0.024 0.137 1    
316:  0.108 0.156 0.060 0.078 0.079 0.085 0.053 0.047 0.163 0.089 0.083 1    
317:  0.059 0.122 0.271 0.068 0.062 0.088 0.039 0.075 0.051 0.100 0.065 1    
318:  0.108 0.081 0.023 0.096 0.087 0.170 0.132 0.031 0.077 0.089 0.106 1    
319:  0.039 0.064 0.032 0.042 0.048 0.197 0.352 0.092 0.029 0.063 0.041 1    
320:  0.084 0.035 0.093 0.082 0.077 0.116 0.045 0.057 0.111 0.221 0.079 1    
321:  0.091 0.049 0.043 0.086 0.113 0.103 0.260 0.045 0.080 0.043 0.088 1    
322:  0.118 0.024 0.081 0.110 0.099 0.136 0.057 0.059 0.097 0.117 0.102 1    
323:  0.103 0.024 0.038 0.086 0.078 0.100 0.022 0.114 0.223 0.117 0.095 1    
324:  0.089 0.155 0.042 0.084 0.079 0.108 0.055 0.051 0.087 0.175 0.073 1    
325:  0.122 0.054 0.042 0.167 0.121 0.116 0.052 0.038 0.098 0.037 0.152 1    
326:  0.070 0.142 0.069 0.078 0.074 0.096 0.049 0.202 0.078 0.064 0.079 1    
327:  0.066 0.125 0.060 0.110 0.089 0.066 0.044 0.196 0.064 0.095 0.085 1    
328:  0.114 0.160 0.079 0.109 0.110 0.083 0.038 0.044 0.079 0.075 0.109 1    
329:  0.102 0.030 0.080 0.131 0.116 0.052 0.033 0.069 0.249 0.042 0.096 1    
330:  0.061 0.045 0.042 0.064 0.076 0.084 0.340 0.090 0.094 0.038 0.064 1    
331:  0.090 0.078 0.055 0.111 0.127 0.128 0.109 0.044 0.096 0.064 0.099 1    
332:  0.161 0.056 0.054 0.095 0.088 0.096 0.052 0.057 0.165 0.058 0.117 1    
333:  0.132 0.042 0.033 0.109 0.118 0.106 0.027 0.091 0.131 0.099 0.113 1    
334:  0.062 0.195 0.101 0.100 0.091 0.056 0.033 0.130 0.032 0.103 0.097 1    
335:  0.045 0.076 0.428 0.051 0.054 0.064 0.086 0.059 0.044 0.042 0.050 1    
336:  0.073 0.069 0.023 0.106 0.105 0.195 0.108 0.080 0.044 0.106 0.090 1    
337:  0.123 0.030 0.053 0.106 0.126 0.140 0.032 0.053 0.080 0.125 0.131 1    
338:  0.123 0.043 0.120 0.098 0.094 0.111 0.062 0.060 0.113 0.075 0.101 1    
339:  0.144 0.060 0.044 0.085 0.093 0.054 0.106 0.026 0.276 0.029 0.084 1    
340:  0.163 0.066 0.021 0.104 0.101 0.095 0.111 0.042 0.102 0.075 0.120 1    
341:  0.097 0.117 0.026 0.063 0.048 0.160 0.191 0.055 0.132 0.053 0.057 1    
342:  0.046 0.076 0.055 0.066 0.069 0.049 0.029 0.402 0.041 0.097 0.070 1    
343:  0.109 0.053 0.043 0.153 0.153 0.067 0.033 0.046 0.129 0.047 0.168 1    
344:  0.112 0.059 0.046 0.099 0.103 0.177 0.098 0.039 0.081 0.085 0.102 1    
345:  0.063 0.071 0.040 0.066 0.065 0.147 0.057 0.231 0.049 0.132 0.079 1    
346:  0.076 0.130 0.054 0.061 0.060 0.161 0.126 0.044 0.092 0.115 0.079 1    
347:  0.157 0.094 0.051 0.086 0.076 0.054 0.117 0.044 0.186 0.027 0.109 1    
348:  0.136 0.040 0.026 0.078 0.069 0.059 0.170 0.036 0.276 0.030 0.079 1    
349:  0.055 0.032 0.046 0.043 0.040 0.140 0.425 0.055 0.057 0.053 0.053 1    
350:  0.074 0.041 0.167 0.079 0.077 0.091 0.021 0.072 0.083 0.220 0.074 1    
351:  0.077 0.098 0.082 0.073 0.082 0.124 0.225 0.045 0.054 0.054 0.087 1    
352:  0.053 0.040 0.017 0.043 0.055 0.152 0.061 0.126 0.048 0.361 0.043 1    
353:  0.107 0.051 0.085 0.122 0.100 0.110 0.088 0.066 0.064 0.093 0.115 1    
354:  0.043 0.036 0.039 0.059 0.068 0.177 0.034 0.057 0.042 0.392 0.053 1    
355:  0.073 0.089 0.020 0.064 0.064 0.135 0.191 0.107 0.101 0.093 0.062 1    
356:  0.062 0.046 0.059 0.129 0.142 0.044 0.026 0.250 0.049 0.074 0.118 1    
357:  0.181 0.035 0.029 0.134 0.120 0.092 0.037 0.039 0.118 0.058 0.157 1    
358:  0.061 0.053 0.041 0.061 0.068 0.145 0.154 0.123 0.083 0.146 0.065 1    
359:  0.102 0.062 0.028 0.138 0.164 0.070 0.065 0.069 0.100 0.069 0.132 1    
360:  0.106 0.066 0.080 0.102 0.086 0.142 0.154 0.039 0.075 0.049 0.100 1    
361:  0.055 0.094 0.056 0.160 0.141 0.049 0.022 0.166 0.030 0.082 0.145 1    
362:  0.117 0.109 0.067 0.092 0.100 0.105 0.090 0.089 0.085 0.052 0.093 1    
363:  0.124 0.030 0.045 0.092 0.086 0.147 0.026 0.104 0.138 0.116 0.091 1    
364:  0.075 0.042 0.030 0.097 0.099 0.155 0.039 0.052 0.069 0.249 0.093 1    
365:  0.128 0.093 0.035 0.071 0.083 0.056 0.037 0.130 0.228 0.062 0.077 1    
366:  0.060 0.078 0.029 0.049 0.063 0.164 0.045 0.135 0.120 0.194 0.062 1    
367:  0.084 0.071 0.093 0.082 0.076 0.076 0.157 0.125 0.076 0.080 0.080 1    
368:  0.069 0.084 0.257 0.058 0.059 0.064 0.179 0.066 0.061 0.045 0.058 1    
369:  0.201 0.032 0.030 0.130 0.127 0.100 0.036 0.023 0.115 0.063 0.141 1    
370:  0.100 0.071 0.074 0.100 0.086 0.072 0.090 0.108 0.122 0.099 0.078 1    
371:  0.077 0.087 0.031 0.084 0.073 0.218 0.156 0.040 0.064 0.079 0.088 1    
372:  0.079 0.088 0.186 0.104 0.084 0.069 0.060 0.091 0.070 0.079 0.089 1    
373:  0.070 0.021 0.533 0.048 0.047 0.041 0.051 0.023 0.082 0.033 0.051 1    
374:  0.039 0.405 0.031 0.038 0.051 0.041 0.021 0.265 0.017 0.056 0.036 1    
375:  0.065 0.047 0.066 0.078 0.076 0.090 0.059 0.169 0.050 0.219 0.081 1    
376:  0.064 0.131 0.030 0.053 0.058 0.054 0.027 0.313 0.083 0.116 0.071 1    
377:  0.059 0.103 0.033 0.074 0.070 0.169 0.105 0.118 0.041 0.152 0.077 1    
378:  0.062 0.058 0.030 0.055 0.059 0.161 0.307 0.095 0.049 0.063 0.061 1    
379:  0.061 0.064 0.027 0.054 0.061 0.141 0.392 0.037 0.059 0.056 0.047 1    
380:  0.097 0.094 0.021 0.092 0.099 0.181 0.117 0.066 0.053 0.071 0.109 1    
381:  0.109 0.131 0.029 0.075 0.067 0.094 0.109 0.071 0.200 0.050 0.067 1    
382:  0.101 0.053 0.062 0.140 0.122 0.086 0.047 0.077 0.122 0.067 0.121 1    
383:  0.056 0.197 0.059 0.060 0.072 0.102 0.098 0.178 0.051 0.074 0.054 1    
384:  0.114 0.269 0.020 0.075 0.069 0.070 0.142 0.027 0.085 0.047 0.082 1    
385:  0.162 0.084 0.050 0.112 0.128 0.052 0.027 0.061 0.114 0.058 0.152 1    
386:  0.071 0.310 0.075 0.063 0.082 0.057 0.078 0.075 0.054 0.058 0.077 1    
387:  0.103 0.038 0.124 0.092 0.095 0.081 0.106 0.063 0.135 0.061 0.101 1    
388:  0.078 0.040 0.061 0.075 0.073 0.055 0.022 0.362 0.073 0.103 0.058 1    
389:  0.102 0.053 0.115 0.134 0.147 0.086 0.040 0.039 0.054 0.076 0.154 1    
390:  0.072 0.088 0.082 0.077 0.077 0.141 0.095 0.061 0.050 0.174 0.083 1    
391:  0.124 0.081 0.104 0.090 0.087 0.064 0.020 0.146 0.172 0.052 0.060 1    
392:  0.080 0.107 0.083 0.085 0.096 0.101 0.059 0.088 0.094 0.132 0.076 1    
393:  0.062 0.056 0.069 0.061 0.060 0.034 0.023 0.413 0.055 0.112 0.056 1    
394:  0.034 0.414 0.029 0.039 0.037 0.046 0.022 0.266 0.016 0.051 0.046 1    
395:  0.107 0.131 0.025 0.117 0.105 0.066 0.034 0.074 0.113 0.126 0.103 1    
396:  0.108 0.101 0.066 0.084 0.079 0.086 0.021 0.047 0.192 0.123 0.093 1    
397:  0.148 0.090 0.079 0.109 0.103 0.046 0.040 0.030 0.190 0.052 0.113 1    
398:  0.113 0.077 0.029 0.092 0.099 0.113 0.046 0.188 0.082 0.055 0.106 1    
399:  0.086 0.051 0.143 0.084 0.096 0.066 0.204 0.039 0.096 0.051 0.085 1    
400:  0.111 0.080 0.082 0.096 0.086 0.123 0.062 0.053 0.089 0.123 0.095 1    
401:  0.083 0.047 0.020 0.055 0.060 0.088 0.040 0.356 0.063 0.134 0.055 1    
402:  0.065 0.032 0.535 0.052 0.061 0.037 0.025 0.045 0.029 0.065 0.054 1    
403:  0.026 0.038 0.023 0.032 0.038 0.038 0.044 0.580 0.029 0.112 0.041 1    
404:  0.100 0.235 0.016 0.081 0.107 0.046 0.019 0.075 0.164 0.072 0.085 1    
405:  0.067 0.163 0.034 0.072 0.076 0.093 0.053 0.127 0.037 0.184 0.093 1    
406:  0.029 0.042 0.630 0.034 0.038 0.028 0.076 0.027 0.028 0.031 0.037 1    
407:  0.127 0.051 0.031 0.088 0.130 0.099 0.132 0.052 0.124 0.042 0.124 1    
408:  0.115 0.050 0.026 0.108 0.117 0.108 0.166 0.050 0.090 0.060 0.109 1    
409:  0.116 0.078 0.030 0.077 0.074 0.065 0.250 0.043 0.150 0.046 0.071 1    
410:  0.078 0.099 0.099 0.060 0.051 0.112 0.290 0.057 0.033 0.064 0.057 1    
411:  0.089 0.034 0.147 0.080 0.086 0.087 0.168 0.057 0.136 0.037 0.082 1    
412:  0.067 0.071 0.074 0.092 0.077 0.137 0.142 0.081 0.037 0.140 0.082 1    
413:  0.116 0.049 0.070 0.065 0.074 0.084 0.149 0.066 0.228 0.037 0.062 1    
414:  0.141 0.029 0.029 0.097 0.103 0.049 0.020 0.092 0.310 0.047 0.082 1    
415:  0.065 0.222 0.116 0.053 0.055 0.071 0.072 0.150 0.068 0.070 0.057 1    
416:  0.058 0.023 0.246 0.070 0.072 0.034 0.203 0.115 0.068 0.049 0.060 1    
417:  0.076 0.112 0.033 0.097 0.114 0.105 0.042 0.100 0.054 0.173 0.092 1    
418:  0.101 0.031 0.039 0.097 0.083 0.041 0.052 0.256 0.134 0.089 0.076 1    
419:  0.082 0.087 0.155 0.093 0.099 0.104 0.027 0.071 0.119 0.059 0.105 1    
420:  0.075 0.115 0.031 0.054 0.053 0.099 0.352 0.049 0.080 0.035 0.057 1    
421:  0.083 0.079 0.190 0.092 0.095 0.062 0.083 0.050 0.144 0.046 0.077 1    
422:  0.131 0.089 0.037 0.113 0.108 0.122 0.056 0.042 0.063 0.103 0.135 1    
423:  0.110 0.049 0.070 0.136 0.143 0.058 0.019 0.105 0.087 0.068 0.155 1    
424:  0.136 0.064 0.030 0.114 0.123 0.080 0.087 0.067 0.135 0.041 0.122 1    
425:  0.078 0.030 0.187 0.123 0.102 0.125 0.027 0.061 0.046 0.107 0.114 1    
426:  0.099 0.154 0.134 0.126 0.117 0.048 0.056 0.030 0.086 0.028 0.123 1    
427:  0.108 0.252 0.086 0.086 0.077 0.046 0.029 0.066 0.119 0.043 0.088 1    
428:  0.087 0.254 0.135 0.080 0.079 0.049 0.030 0.038 0.129 0.043 0.078 1    
429:  0.081 0.041 0.126 0.084 0.072 0.061 0.311 0.065 0.045 0.041 0.074 1    
430:  0.083 0.242 0.081 0.090 0.076 0.059 0.029 0.104 0.061 0.092 0.084 1    
431:  0.096 0.055 0.043 0.157 0.158 0.085 0.028 0.093 0.060 0.083 0.142 1    
432:  0.068 0.054 0.055 0.053 0.068 0.035 0.021 0.422 0.056 0.113 0.054 1    
433:  0.068 0.082 0.078 0.076 0.067 0.149 0.140 0.093 0.073 0.104 0.072 1    
434:  0.172 0.165 0.067 0.068 0.072 0.052 0.046 0.024 0.211 0.037 0.086 1    
435:  0.099 0.064 0.042 0.144 0.145 0.089 0.032 0.081 0.098 0.077 0.130 1    
436:  0.095 0.049 0.243 0.095 0.108 0.073 0.057 0.041 0.075 0.046 0.119 1    
437:  0.068 0.038 0.033 0.187 0.263 0.057 0.039 0.071 0.040 0.045 0.159 1    
438:  0.088 0.034 0.023 0.094 0.093 0.215 0.099 0.052 0.096 0.115 0.092 1    
439:  0.095 0.070 0.200 0.082 0.063 0.090 0.099 0.038 0.113 0.064 0.087 1    
440:  0.096 0.052 0.064 0.096 0.101 0.134 0.080 0.058 0.112 0.119 0.088 1    
441:  0.111 0.029 0.046 0.113 0.113 0.100 0.059 0.176 0.083 0.078 0.093 1    
442:  0.072 0.146 0.041 0.082 0.072 0.142 0.098 0.068 0.119 0.087 0.072 1    
443:  0.086 0.095 0.102 0.111 0.094 0.105 0.037 0.105 0.044 0.114 0.105 1    
444:  0.095 0.083 0.029 0.084 0.074 0.108 0.022 0.060 0.228 0.104 0.113 1    
445:  0.033 0.023 0.660 0.029 0.031 0.038 0.057 0.033 0.024 0.038 0.033 1    
446:  0.076 0.070 0.019 0.089 0.087 0.184 0.198 0.059 0.060 0.049 0.109 1    
447:  0.106 0.077 0.088 0.129 0.117 0.076 0.036 0.078 0.105 0.048 0.140 1    
448:  0.068 0.114 0.099 0.080 0.079 0.083 0.060 0.064 0.057 0.214 0.081 1    
449:  0.072 0.024 0.021 0.075 0.084 0.235 0.100 0.062 0.064 0.178 0.085 1    
450:  0.095 0.038 0.078 0.158 0.129 0.092 0.042 0.075 0.082 0.060 0.151 1    
451:  0.043 0.028 0.331 0.053 0.051 0.033 0.141 0.148 0.053 0.066 0.053 1    
452:  0.083 0.137 0.080 0.081 0.096 0.074 0.031 0.085 0.131 0.124 0.078 1    
453:  0.197 0.034 0.049 0.103 0.085 0.074 0.060 0.024 0.181 0.076 0.117 1    
454:  0.057 0.022 0.062 0.058 0.063 0.077 0.237 0.192 0.079 0.096 0.056 1    
455:  0.057 0.063 0.106 0.071 0.057 0.085 0.314 0.056 0.069 0.059 0.061 1    
456:  0.087 0.085 0.152 0.125 0.090 0.099 0.026 0.059 0.120 0.062 0.095 1    
457:  0.091 0.078 0.082 0.118 0.099 0.121 0.060 0.067 0.083 0.115 0.085 1    
458:  0.126 0.105 0.038 0.116 0.119 0.107 0.047 0.062 0.101 0.069 0.110 1    
459:  0.083 0.039 0.033 0.061 0.050 0.191 0.287 0.032 0.065 0.084 0.075 1    
460:  0.110 0.039 0.048 0.117 0.125 0.121 0.049 0.059 0.107 0.127 0.096 1    
461:  0.059 0.077 0.019 0.064 0.059 0.231 0.199 0.098 0.062 0.087 0.045 1    
462:  0.125 0.087 0.131 0.061 0.053 0.091 0.169 0.033 0.138 0.050 0.062 1    
463:  0.093 0.084 0.147 0.111 0.096 0.064 0.108 0.042 0.125 0.033 0.099 1    
464:  0.084 0.197 0.029 0.053 0.050 0.160 0.062 0.041 0.150 0.114 0.060 1    
465:  0.089 0.075 0.208 0.080 0.081 0.096 0.119 0.053 0.061 0.047 0.091 1    
466:  0.082 0.063 0.099 0.092 0.097 0.070 0.058 0.189 0.076 0.090 0.083 1    
467:  0.076 0.052 0.070 0.095 0.096 0.110 0.110 0.137 0.086 0.088 0.080 1    
468:  0.084 0.035 0.027 0.119 0.151 0.059 0.044 0.119 0.044 0.185 0.133 1    
469:  0.125 0.080 0.104 0.085 0.083 0.059 0.026 0.035 0.260 0.050 0.093 1    
470:  0.082 0.038 0.056 0.106 0.100 0.110 0.118 0.066 0.097 0.113 0.115 1    
471:  0.075 0.053 0.054 0.081 0.074 0.164 0.130 0.046 0.085 0.163 0.075 1    
472:  0.090 0.159 0.048 0.084 0.106 0.106 0.069 0.059 0.138 0.060 0.082 1    
473:  0.048 0.177 0.025 0.070 0.071 0.086 0.025 0.269 0.062 0.095 0.071 1    
474:  0.063 0.049 0.256 0.078 0.088 0.077 0.077 0.060 0.087 0.073 0.093 1    
475:  0.133 0.043 0.036 0.066 0.070 0.065 0.204 0.042 0.241 0.034 0.067 1    
476:  0.101 0.041 0.049 0.138 0.125 0.118 0.072 0.082 0.074 0.065 0.135 1    
477:  0.091 0.041 0.307 0.079 0.070 0.060 0.103 0.028 0.111 0.044 0.065 1    
478:  0.053 0.057 0.196 0.068 0.079 0.110 0.029 0.114 0.040 0.179 0.075 1    
479:  0.121 0.056 0.043 0.103 0.112 0.111 0.016 0.107 0.077 0.153 0.102 1    
480:  0.100 0.165 0.027 0.116 0.103 0.086 0.060 0.083 0.073 0.087 0.100 1    
481:  0.053 0.063 0.320 0.079 0.092 0.056 0.024 0.084 0.060 0.088 0.082 1    
482:  0.094 0.040 0.029 0.108 0.090 0.132 0.030 0.093 0.149 0.149 0.085 1    
483:  0.081 0.077 0.106 0.119 0.111 0.100 0.036 0.082 0.054 0.097 0.137 1    
484:  0.236 0.082 0.018 0.116 0.113 0.043 0.048 0.034 0.153 0.035 0.122 1    
485:  0.066 0.082 0.104 0.093 0.074 0.091 0.052 0.122 0.053 0.191 0.071 1    
486:  0.197 0.025 0.030 0.058 0.045 0.032 0.096 0.046 0.396 0.027 0.047 1    
487:  0.086 0.120 0.036 0.163 0.158 0.085 0.034 0.072 0.061 0.045 0.140 1    
488:  0.118 0.117 0.027 0.073 0.088 0.093 0.108 0.042 0.197 0.052 0.084 1    
489:  0.197 0.090 0.046 0.097 0.102 0.062 0.043 0.030 0.158 0.052 0.122 1    
490:  0.087 0.146 0.030 0.063 0.077 0.136 0.043 0.109 0.130 0.100 0.079 1    
491:  0.135 0.056 0.082 0.106 0.107 0.097 0.086 0.053 0.100 0.070 0.109 1    
492:  0.078 0.049 0.187 0.107 0.128 0.073 0.038 0.051 0.071 0.104 0.114 1    
493:  0.097 0.083 0.141 0.103 0.090 0.072 0.036 0.077 0.097 0.082 0.122 1    
494:  0.080 0.045 0.022 0.087 0.104 0.126 0.287 0.038 0.061 0.024 0.127 1    
495:  0.084 0.039 0.132 0.116 0.122 0.081 0.098 0.075 0.041 0.084 0.127 1    
496:  0.066 0.101 0.077 0.071 0.072 0.084 0.045 0.203 0.054 0.152 0.076 1    
497:  0.107 0.049 0.061 0.092 0.077 0.155 0.131 0.053 0.118 0.066 0.092 1    
498:  0.109 0.070 0.023 0.109 0.121 0.125 0.052 0.106 0.091 0.076 0.118 1    
499:  0.100 0.064 0.105 0.102 0.082 0.069 0.045 0.116 0.129 0.097 0.090 1    
500:  0.081 0.085 0.101 0.074 0.074 0.098 0.034 0.150 0.104 0.119 0.079 1    
501:  0.086 0.190 0.167 0.085 0.107 0.039 0.015 0.031 0.125 0.040 0.115 1    
502:  0.028 0.026 0.737 0.026 0.028 0.027 0.019 0.030 0.024 0.028 0.026 1    
503:  0.120 0.171 0.061 0.101 0.088 0.083 0.026 0.071 0.095 0.088 0.096 1    
504:  0.079 0.039 0.025 0.071 0.067 0.156 0.134 0.111 0.083 0.157 0.078 1    
505:  0.089 0.041 0.044 0.111 0.096 0.095 0.137 0.131 0.081 0.074 0.101 1    
506:  0.091 0.060 0.052 0.072 0.097 0.097 0.123 0.139 0.102 0.101 0.066 1    
507:  0.105 0.200 0.064 0.079 0.081 0.098 0.082 0.052 0.112 0.044 0.084 1    
508:  0.061 0.089 0.036 0.069 0.058 0.131 0.038 0.073 0.132 0.242 0.072 1    
509:  0.143 0.071 0.068 0.110 0.127 0.078 0.042 0.064 0.134 0.058 0.106 1    
510:  0.077 0.046 0.031 0.069 0.061 0.074 0.039 0.322 0.106 0.114 0.062 1    
511:  0.052 0.039 0.041 0.067 0.081 0.097 0.081 0.257 0.049 0.175 0.060 1    
512:  0.097 0.048 0.189 0.091 0.112 0.058 0.025 0.092 0.051 0.134 0.102 1    
