1:    0.006 0.018 0.011 0.013 0.879 0.008 0.016 0.011 0.009 0.015 0.006 0.009 1    
2:    0.024 0.064 0.220 0.037 0.152 0.094 0.014 0.020 0.047 0.204 0.090 0.034 1    
3:    0.021 0.138 0.071 0.024 0.094 0.086 0.027 0.022 0.162 0.257 0.068 0.030 1    
4:    0.018 0.028 0.015 0.016 0.738 0.017 0.038 0.017 0.015 0.025 0.062 0.010 1    
5:    0.014 0.016 0.014 0.008 0.824 0.017 0.016 0.011 0.022 0.029 0.017 0.014 1    
6:    0.021 0.114 0.047 0.020 0.397 0.037 0.014 0.016 0.013 0.106 0.195 0.022 1    
7:    0.018 0.062 0.064 0.026 0.492 0.017 0.028 0.027 0.081 0.058 0.112 0.014 1    
8:    0.016 0.087 0.041 0.604 0.122 0.038 0.022 0.018 0.012 0.016 0.014 0.011 1    
9:    0.016 0.410 0.072 0.017 0.034 0.032 0.010 0.022 0.023 0.052 0.291 0.020 1    
10:   0.027 0.019 0.016 0.032 0.810 0.006 0.017 0.014 0.015 0.013 0.023 0.009 1    
11:   0.029 0.033 0.033 0.037 0.678 0.012 0.017 0.016 0.031 0.056 0.037 0.021 1    
12:   0.024 0.008 0.010 0.008 0.806 0.014 0.009 0.009 0.039 0.036 0.029 0.007 1    
13:   0.057 0.015 0.015 0.022 0.687 0.019 0.010 0.009 0.030 0.081 0.037 0.018 1    
14:   0.022 0.009 0.021 0.025 0.614 0.021 0.013 0.008 0.080 0.032 0.128 0.026 1    
15:   0.010 0.006 0.014 0.006 0.891 0.005 0.007 0.009 0.013 0.020 0.007 0.013 1    
16:   0.005 0.004 0.009 0.006 0.919 0.005 0.008 0.008 0.010 0.006 0.014 0.008 1    
17:   0.012 0.017 0.019 0.078 0.713 0.013 0.026 0.016 0.032 0.028 0.025 0.021 1    
18:   0.011 0.008 0.007 0.007 0.909 0.005 0.007 0.013 0.015 0.006 0.006 0.007 1    
19:   0.006 0.009 0.013 0.012 0.899 0.004 0.009 0.006 0.008 0.016 0.010 0.008 1    
20:   0.006 0.006 0.011 0.011 0.818 0.006 0.008 0.008 0.081 0.008 0.028 0.008 1    
21:   0.048 0.029 0.014 0.016 0.750 0.009 0.009 0.018 0.017 0.063 0.009 0.017 1    
22:   0.012 0.008 0.006 0.009 0.890 0.012 0.008 0.006 0.017 0.013 0.015 0.004 1    
23:   0.114 0.015 0.066 0.014 0.041 0.014 0.008 0.018 0.078 0.030 0.005 0.597 1    
24:   0.011 0.014 0.033 0.010 0.081 0.006 0.288 0.028 0.138 0.007 0.072 0.313 1    
25:   0.006 0.006 0.004 0.011 0.912 0.008 0.008 0.005 0.008 0.005 0.021 0.007 1    
26:   0.012 0.005 0.008 0.006 0.915 0.003 0.010 0.013 0.006 0.007 0.006 0.009 1    
27:   0.047 0.007 0.020 0.026 0.796 0.006 0.020 0.014 0.007 0.006 0.032 0.021 1    
28:   0.023 0.006 0.019 0.016 0.846 0.005 0.012 0.021 0.008 0.007 0.029 0.007 1    
29:   0.010 0.004 0.035 0.011 0.861 0.003 0.007 0.007 0.011 0.010 0.028 0.013 1    
30:   0.007 0.005 0.006 0.009 0.921 0.004 0.007 0.004 0.007 0.008 0.010 0.010 1    
31:   0.031 0.004 0.015 0.015 0.878 0.004 0.013 0.005 0.004 0.009 0.013 0.008 1    
32:   0.019 0.006 0.013 0.018 0.777 0.004 0.016 0.013 0.007 0.006 0.097 0.023 1    
33:   0.029 0.027 0.045 0.010 0.490 0.026 0.011 0.127 0.180 0.018 0.028 0.010 1    
34:   0.030 0.029 0.012 0.012 0.549 0.007 0.035 0.217 0.070 0.009 0.014 0.016 1    
35:   0.016 0.047 0.018 0.017 0.775 0.018 0.009 0.034 0.026 0.011 0.016 0.013 1    
36:   0.037 0.074 0.012 0.050 0.614 0.024 0.034 0.062 0.052 0.009 0.015 0.018 1    
37:   0.018 0.169 0.008 0.021 0.011 0.023 0.136 0.044 0.513 0.030 0.012 0.015 1    
38:   0.158 0.089 0.035 0.030 0.150 0.019 0.084 0.092 0.029 0.129 0.139 0.045 1    
39:   0.007 0.008 0.008 0.007 0.377 0.011 0.443 0.015 0.053 0.029 0.029 0.012 1    
40:   0.057 0.193 0.011 0.014 0.380 0.014 0.054 0.206 0.026 0.026 0.006 0.013 1    
41:   0.009 0.015 0.009 0.008 0.009 0.010 0.708 0.015 0.176 0.013 0.007 0.022 1    
42:   0.011 0.045 0.013 0.018 0.045 0.010 0.722 0.018 0.054 0.027 0.020 0.016 1    
43:   0.028 0.313 0.012 0.022 0.084 0.008 0.018 0.058 0.369 0.019 0.026 0.044 1    
44:   0.153 0.090 0.016 0.103 0.249 0.037 0.011 0.051 0.248 0.012 0.008 0.022 1    
45:   0.028 0.035 0.018 0.032 0.016 0.054 0.010 0.030 0.741 0.022 0.005 0.008 1    
46:   0.026 0.019 0.009 0.217 0.026 0.101 0.037 0.012 0.511 0.015 0.006 0.019 1    
47:   0.113 0.031 0.012 0.055 0.039 0.017 0.262 0.206 0.240 0.012 0.005 0.009 1    
48:   0.008 0.064 0.014 0.015 0.036 0.029 0.155 0.086 0.527 0.029 0.031 0.007 1    
49:   0.068 0.056 0.021 0.227 0.118 0.083 0.295 0.037 0.012 0.030 0.038 0.014 1    
50:   0.063 0.069 0.019 0.220 0.117 0.107 0.254 0.040 0.015 0.033 0.048 0.014 1    
51:   0.010 0.004 0.063 0.835 0.009 0.007 0.011 0.005 0.008 0.008 0.029 0.010 1    
52:   0.004 0.006 0.005 0.919 0.009 0.012 0.007 0.006 0.003 0.007 0.018 0.004 1    
53:   0.029 0.007 0.016 0.806 0.067 0.011 0.022 0.007 0.006 0.008 0.015 0.006 1    
54:   0.009 0.005 0.007 0.906 0.012 0.013 0.012 0.006 0.005 0.006 0.014 0.006 1    
55:   0.008 0.007 0.010 0.882 0.014 0.005 0.010 0.007 0.005 0.006 0.041 0.006 1    
56:   0.008 0.010 0.005 0.870 0.029 0.007 0.016 0.008 0.004 0.006 0.029 0.007 1    
57:   0.015 0.008 0.006 0.897 0.009 0.013 0.009 0.005 0.003 0.005 0.023 0.007 1    
58:   0.010 0.008 0.020 0.885 0.009 0.007 0.016 0.008 0.006 0.007 0.007 0.016 1    
59:   0.019 0.006 0.033 0.840 0.023 0.011 0.016 0.006 0.009 0.007 0.020 0.010 1    
60:   0.012 0.025 0.055 0.050 0.633 0.013 0.118 0.015 0.005 0.046 0.015 0.013 1    
61:   0.074 0.015 0.053 0.056 0.569 0.012 0.009 0.042 0.036 0.111 0.007 0.017 1    
62:   0.049 0.018 0.080 0.043 0.454 0.032 0.025 0.062 0.034 0.178 0.009 0.018 1    
63:   0.109 0.028 0.025 0.026 0.662 0.010 0.024 0.063 0.016 0.015 0.005 0.017 1    
64:   0.023 0.017 0.062 0.034 0.494 0.097 0.080 0.071 0.008 0.083 0.004 0.028 1    
65:   0.019 0.018 0.225 0.113 0.360 0.014 0.026 0.140 0.023 0.037 0.014 0.012 1    
66:   0.009 0.021 0.046 0.028 0.642 0.016 0.141 0.032 0.011 0.025 0.017 0.012 1    
67:   0.018 0.029 0.145 0.155 0.375 0.021 0.042 0.089 0.024 0.081 0.013 0.009 1    
68:   0.030 0.019 0.031 0.025 0.564 0.077 0.107 0.042 0.008 0.081 0.004 0.013 1    
69:   0.007 0.008 0.005 0.013 0.913 0.010 0.011 0.005 0.005 0.009 0.005 0.007 1    
70:   0.075 0.039 0.008 0.031 0.562 0.172 0.012 0.016 0.006 0.014 0.015 0.050 1    
71:   0.005 0.004 0.011 0.010 0.894 0.006 0.018 0.006 0.008 0.004 0.009 0.023 1    
72:   0.009 0.010 0.009 0.016 0.892 0.019 0.012 0.006 0.005 0.010 0.006 0.007 1    
73:   0.005 0.006 0.004 0.007 0.942 0.007 0.005 0.005 0.005 0.006 0.003 0.005 1    
74:   0.015 0.005 0.011 0.006 0.859 0.008 0.028 0.012 0.008 0.006 0.010 0.031 1    
75:   0.007 0.008 0.017 0.019 0.857 0.010 0.023 0.010 0.007 0.007 0.017 0.018 1    
76:   0.005 0.005 0.008 0.006 0.931 0.005 0.010 0.006 0.005 0.006 0.004 0.009 1    
77:   0.006 0.005 0.007 0.007 0.926 0.007 0.013 0.005 0.006 0.005 0.005 0.008 1    
78:   0.025 0.016 0.012 0.011 0.847 0.014 0.018 0.010 0.004 0.015 0.004 0.024 1    
79:   0.008 0.007 0.012 0.010 0.883 0.008 0.037 0.005 0.006 0.007 0.006 0.010 1    
80:   0.017 0.013 0.009 0.010 0.886 0.007 0.014 0.006 0.005 0.007 0.003 0.022 1    
81:   0.010 0.006 0.006 0.009 0.929 0.007 0.012 0.004 0.004 0.005 0.004 0.005 1    
82:   0.019 0.012 0.009 0.011 0.854 0.011 0.015 0.009 0.006 0.009 0.006 0.038 1    
83:   0.006 0.008 0.008 0.010 0.914 0.013 0.007 0.008 0.005 0.008 0.009 0.005 1    
84:   0.015 0.010 0.107 0.048 0.688 0.018 0.028 0.021 0.008 0.006 0.022 0.028 1    
85:   0.009 0.011 0.004 0.006 0.920 0.013 0.008 0.007 0.005 0.005 0.005 0.007 1    
86:   0.231 0.103 0.016 0.049 0.054 0.014 0.028 0.015 0.033 0.040 0.314 0.103 1    
87:   0.015 0.010 0.005 0.009 0.847 0.077 0.006 0.007 0.006 0.007 0.005 0.005 1    
88:   0.023 0.023 0.011 0.027 0.038 0.086 0.009 0.008 0.020 0.011 0.010 0.734 1    
89:   0.014 0.012 0.013 0.020 0.861 0.035 0.007 0.008 0.006 0.006 0.008 0.012 1    
90:   0.014 0.026 0.034 0.286 0.018 0.036 0.016 0.015 0.016 0.019 0.019 0.501 1    
91:   0.011 0.008 0.007 0.007 0.920 0.006 0.008 0.005 0.006 0.008 0.004 0.010 1    
92:   0.234 0.076 0.014 0.034 0.034 0.044 0.017 0.012 0.028 0.039 0.017 0.451 1    
93:   0.014 0.011 0.006 0.009 0.902 0.010 0.006 0.006 0.007 0.007 0.005 0.017 1    
94:   0.615 0.048 0.007 0.019 0.041 0.054 0.026 0.020 0.016 0.018 0.026 0.109 1    
95:   0.011 0.011 0.004 0.005 0.908 0.016 0.010 0.006 0.005 0.009 0.006 0.008 1    
96:   0.011 0.007 0.008 0.013 0.783 0.129 0.009 0.008 0.006 0.005 0.005 0.015 1    
97:   0.016 0.012 0.013 0.014 0.843 0.010 0.015 0.011 0.010 0.008 0.013 0.035 1    
98:   0.011 0.005 0.008 0.008 0.893 0.006 0.014 0.005 0.019 0.009 0.012 0.011 1    
99:   0.011 0.008 0.020 0.027 0.859 0.016 0.011 0.007 0.013 0.011 0.008 0.009 1    
100:  0.005 0.006 0.024 0.015 0.854 0.016 0.015 0.008 0.030 0.005 0.016 0.006 1    
101:  0.010 0.007 0.013 0.010 0.860 0.016 0.008 0.010 0.026 0.008 0.026 0.007 1    
102:  0.012 0.006 0.009 0.008 0.859 0.013 0.011 0.012 0.036 0.011 0.013 0.011 1    
103:  0.007 0.010 0.016 0.013 0.828 0.018 0.012 0.023 0.047 0.007 0.014 0.006 1    
104:  0.012 0.011 0.023 0.017 0.867 0.017 0.007 0.010 0.015 0.009 0.007 0.006 1    
105:  0.009 0.005 0.009 0.005 0.869 0.008 0.007 0.009 0.054 0.008 0.009 0.006 1    
106:  0.007 0.009 0.014 0.024 0.011 0.008 0.010 0.021 0.012 0.012 0.067 0.803 1    
107:  0.012 0.006 0.015 0.066 0.013 0.004 0.014 0.006 0.010 0.012 0.073 0.768 1    
108:  0.035 0.010 0.010 0.015 0.010 0.008 0.033 0.100 0.021 0.016 0.223 0.517 1    
109:  0.077 0.012 0.023 0.033 0.011 0.005 0.018 0.069 0.017 0.014 0.215 0.507 1    
110:  0.030 0.009 0.011 0.008 0.007 0.008 0.069 0.042 0.007 0.012 0.037 0.761 1    
111:  0.010 0.006 0.014 0.010 0.005 0.006 0.018 0.077 0.013 0.007 0.069 0.765 1    
112:  0.010 0.007 0.015 0.011 0.009 0.005 0.010 0.008 0.011 0.010 0.013 0.891 1    
113:  0.014 0.005 0.015 0.006 0.006 0.008 0.015 0.085 0.009 0.012 0.062 0.764 1    
114:  0.007 0.008 0.007 0.014 0.026 0.864 0.012 0.006 0.020 0.007 0.016 0.014 1    
115:  0.042 0.009 0.037 0.016 0.637 0.109 0.009 0.024 0.083 0.011 0.013 0.010 1    
116:  0.024 0.060 0.014 0.110 0.044 0.469 0.030 0.023 0.107 0.008 0.080 0.032 1    
117:  0.035 0.011 0.032 0.017 0.726 0.023 0.008 0.013 0.093 0.014 0.011 0.017 1    
118:  0.028 0.017 0.006 0.013 0.008 0.882 0.006 0.009 0.017 0.005 0.005 0.004 1    
119:  0.164 0.008 0.011 0.007 0.715 0.043 0.009 0.012 0.008 0.009 0.005 0.010 1    
120:  0.015 0.021 0.010 0.077 0.095 0.633 0.031 0.015 0.025 0.011 0.044 0.022 1    
121:  0.054 0.041 0.006 0.016 0.763 0.011 0.030 0.022 0.016 0.009 0.008 0.024 1    
122:  0.017 0.011 0.004 0.008 0.007 0.918 0.005 0.007 0.006 0.005 0.005 0.005 1    
123:  0.018 0.010 0.016 0.011 0.824 0.022 0.009 0.008 0.047 0.011 0.010 0.015 1    
124:  0.015 0.010 0.012 0.043 0.013 0.854 0.006 0.007 0.020 0.006 0.009 0.006 1    
125:  0.788 0.031 0.012 0.008 0.050 0.021 0.008 0.045 0.007 0.015 0.006 0.008 1    
126:  0.075 0.075 0.015 0.058 0.071 0.550 0.011 0.013 0.091 0.012 0.015 0.014 1    
127:  0.043 0.009 0.020 0.012 0.804 0.029 0.016 0.021 0.012 0.016 0.010 0.009 1    
128:  0.497 0.055 0.010 0.027 0.026 0.273 0.018 0.035 0.011 0.010 0.018 0.020 1    
129:  0.084 0.051 0.032 0.029 0.265 0.045 0.021 0.034 0.368 0.017 0.020 0.035 1    
130:  0.023 0.026 0.009 0.015 0.047 0.779 0.014 0.010 0.016 0.010 0.033 0.017 1    
131:  0.016 0.046 0.024 0.028 0.019 0.033 0.009 0.082 0.657 0.056 0.010 0.021 1    
132:  0.058 0.021 0.016 0.087 0.010 0.039 0.017 0.035 0.668 0.023 0.011 0.017 1    
133:  0.044 0.018 0.024 0.064 0.009 0.022 0.013 0.017 0.748 0.022 0.008 0.012 1    
134:  0.168 0.048 0.025 0.027 0.056 0.007 0.023 0.021 0.458 0.042 0.011 0.114 1    
135:  0.015 0.021 0.016 0.022 0.013 0.009 0.014 0.033 0.814 0.017 0.007 0.019 1    
136:  0.012 0.016 0.023 0.013 0.032 0.007 0.014 0.068 0.749 0.030 0.007 0.028 1    
137:  0.066 0.026 0.052 0.016 0.282 0.021 0.016 0.053 0.398 0.026 0.016 0.029 1    
138:  0.031 0.081 0.056 0.010 0.384 0.011 0.012 0.066 0.243 0.040 0.017 0.051 1    
139:  0.026 0.013 0.016 0.015 0.018 0.015 0.023 0.020 0.821 0.017 0.008 0.009 1    
140:  0.022 0.016 0.014 0.015 0.039 0.012 0.050 0.025 0.778 0.018 0.006 0.006 1    
141:  0.012 0.015 0.738 0.038 0.019 0.018 0.018 0.027 0.015 0.013 0.025 0.062 1    
142:  0.049 0.025 0.284 0.032 0.053 0.010 0.024 0.028 0.018 0.006 0.019 0.451 1    
143:  0.059 0.012 0.602 0.067 0.035 0.007 0.018 0.081 0.012 0.026 0.011 0.070 1    
144:  0.022 0.018 0.662 0.051 0.014 0.010 0.014 0.045 0.012 0.016 0.019 0.117 1    
145:  0.069 0.014 0.103 0.024 0.391 0.012 0.031 0.222 0.011 0.017 0.004 0.102 1    
146:  0.036 0.046 0.389 0.061 0.040 0.011 0.028 0.061 0.012 0.025 0.020 0.271 1    
147:  0.032 0.076 0.041 0.304 0.010 0.081 0.288 0.020 0.011 0.109 0.013 0.014 1    
148:  0.070 0.024 0.039 0.430 0.184 0.053 0.058 0.011 0.016 0.049 0.042 0.024 1    
149:  0.005 0.016 0.017 0.291 0.089 0.014 0.491 0.007 0.046 0.010 0.007 0.007 1    
150:  0.016 0.245 0.038 0.201 0.056 0.021 0.268 0.012 0.027 0.060 0.031 0.024 1    
151:  0.128 0.107 0.009 0.112 0.138 0.040 0.381 0.007 0.009 0.051 0.009 0.008 1    
152:  0.014 0.009 0.010 0.362 0.404 0.081 0.078 0.005 0.018 0.008 0.006 0.005 1    
153:  0.022 0.008 0.007 0.015 0.843 0.038 0.026 0.006 0.010 0.013 0.004 0.009 1    
154:  0.034 0.448 0.054 0.315 0.010 0.014 0.007 0.022 0.024 0.032 0.010 0.028 1    
155:  0.036 0.085 0.074 0.053 0.025 0.014 0.007 0.016 0.031 0.022 0.009 0.629 1    
156:  0.041 0.116 0.033 0.036 0.031 0.008 0.006 0.007 0.024 0.474 0.005 0.219 1    
157:  0.021 0.299 0.083 0.245 0.008 0.023 0.007 0.023 0.038 0.129 0.034 0.091 1    
158:  0.070 0.314 0.022 0.109 0.054 0.027 0.006 0.026 0.039 0.012 0.006 0.314 1    
159:  0.057 0.054 0.134 0.275 0.038 0.010 0.017 0.025 0.027 0.159 0.131 0.073 1    
160:  0.030 0.020 0.044 0.763 0.016 0.025 0.009 0.013 0.006 0.014 0.007 0.053 1    
161:  0.079 0.039 0.211 0.086 0.143 0.079 0.027 0.050 0.030 0.076 0.151 0.029 1    
162:  0.026 0.021 0.552 0.189 0.025 0.022 0.010 0.022 0.008 0.038 0.053 0.035 1    
163:  0.040 0.014 0.169 0.493 0.010 0.039 0.023 0.007 0.019 0.094 0.025 0.066 1    
164:  0.054 0.018 0.051 0.677 0.014 0.033 0.019 0.013 0.022 0.021 0.009 0.069 1    
165:  0.110 0.062 0.176 0.070 0.038 0.042 0.014 0.292 0.012 0.026 0.142 0.014 1    
166:  0.011 0.025 0.157 0.461 0.021 0.048 0.085 0.021 0.021 0.047 0.083 0.019 1    
167:  0.049 0.039 0.117 0.247 0.035 0.012 0.018 0.018 0.037 0.257 0.131 0.041 1    
168:  0.245 0.033 0.007 0.011 0.305 0.067 0.022 0.079 0.064 0.005 0.027 0.134 1    
169:  0.059 0.018 0.005 0.007 0.830 0.020 0.011 0.007 0.008 0.006 0.006 0.023 1    
170:  0.045 0.016 0.005 0.007 0.806 0.055 0.007 0.011 0.009 0.008 0.006 0.027 1    
171:  0.019 0.012 0.005 0.005 0.817 0.018 0.010 0.011 0.012 0.007 0.025 0.062 1    
172:  0.130 0.030 0.008 0.010 0.460 0.028 0.013 0.018 0.086 0.014 0.008 0.195 1    
173:  0.173 0.014 0.012 0.013 0.311 0.019 0.018 0.011 0.107 0.011 0.010 0.300 1    
174:  0.019 0.009 0.005 0.005 0.781 0.012 0.011 0.021 0.017 0.009 0.029 0.083 1    
175:  0.013 0.007 0.008 0.005 0.682 0.013 0.015 0.008 0.103 0.006 0.037 0.104 1    
176:  0.040 0.014 0.005 0.006 0.854 0.025 0.008 0.008 0.007 0.007 0.007 0.020 1    
177:  0.147 0.296 0.081 0.052 0.017 0.011 0.064 0.092 0.046 0.009 0.081 0.104 1    
178:  0.027 0.253 0.052 0.022 0.019 0.023 0.075 0.333 0.023 0.011 0.091 0.070 1    
179:  0.019 0.031 0.011 0.009 0.010 0.011 0.023 0.799 0.010 0.011 0.048 0.017 1    
180:  0.109 0.385 0.032 0.034 0.027 0.014 0.061 0.221 0.025 0.017 0.058 0.018 1    
181:  0.021 0.140 0.022 0.012 0.014 0.014 0.037 0.499 0.035 0.024 0.097 0.087 1    
182:  0.030 0.271 0.030 0.013 0.022 0.013 0.023 0.386 0.043 0.008 0.135 0.028 1    
183:  0.029 0.319 0.079 0.015 0.011 0.008 0.050 0.320 0.031 0.026 0.065 0.046 1    
184:  0.013 0.632 0.007 0.007 0.009 0.009 0.008 0.262 0.011 0.005 0.024 0.013 1    
185:  0.015 0.202 0.091 0.015 0.009 0.061 0.213 0.174 0.026 0.019 0.138 0.037 1    
186:  0.011 0.009 0.005 0.009 0.015 0.012 0.007 0.010 0.884 0.005 0.009 0.024 1    
187:  0.085 0.018 0.017 0.010 0.038 0.014 0.014 0.020 0.622 0.014 0.016 0.133 1    
188:  0.014 0.015 0.014 0.005 0.006 0.005 0.007 0.006 0.904 0.008 0.005 0.013 1    
189:  0.028 0.008 0.016 0.005 0.007 0.005 0.009 0.007 0.871 0.020 0.006 0.019 1    
190:  0.047 0.010 0.017 0.008 0.012 0.006 0.009 0.007 0.693 0.015 0.006 0.169 1    
191:  0.038 0.024 0.013 0.015 0.010 0.011 0.007 0.010 0.812 0.012 0.019 0.028 1    
192:  0.009 0.007 0.894 0.015 0.008 0.006 0.006 0.006 0.005 0.011 0.018 0.015 1    
193:  0.277 0.052 0.015 0.041 0.016 0.027 0.008 0.013 0.349 0.018 0.010 0.175 1    
194:  0.044 0.017 0.008 0.019 0.103 0.008 0.033 0.155 0.051 0.009 0.513 0.041 1    
195:  0.058 0.081 0.012 0.023 0.030 0.048 0.027 0.016 0.046 0.012 0.630 0.018 1    
196:  0.016 0.019 0.011 0.018 0.115 0.008 0.044 0.049 0.052 0.010 0.635 0.024 1    
197:  0.011 0.015 0.017 0.007 0.032 0.046 0.019 0.032 0.023 0.015 0.760 0.023 1    
198:  0.101 0.040 0.017 0.014 0.032 0.006 0.015 0.040 0.026 0.010 0.653 0.044 1    
199:  0.013 0.022 0.018 0.012 0.069 0.010 0.108 0.055 0.026 0.017 0.643 0.009 1    
200:  0.179 0.053 0.129 0.026 0.020 0.010 0.041 0.343 0.110 0.042 0.011 0.038 1    
201:  0.439 0.031 0.124 0.040 0.089 0.015 0.074 0.097 0.009 0.020 0.019 0.042 1    
202:  0.239 0.215 0.019 0.019 0.048 0.190 0.016 0.063 0.125 0.039 0.012 0.016 1    
203:  0.039 0.011 0.011 0.010 0.025 0.015 0.017 0.007 0.832 0.011 0.007 0.015 1    
204:  0.871 0.008 0.011 0.007 0.019 0.008 0.010 0.007 0.023 0.018 0.006 0.011 1    
205:  0.379 0.275 0.035 0.026 0.018 0.009 0.077 0.089 0.042 0.017 0.006 0.027 1    
206:  0.860 0.010 0.009 0.007 0.025 0.009 0.015 0.010 0.023 0.009 0.008 0.015 1    
207:  0.018 0.014 0.798 0.053 0.011 0.016 0.012 0.016 0.017 0.012 0.019 0.014 1    
208:  0.058 0.084 0.398 0.027 0.012 0.026 0.028 0.245 0.018 0.017 0.069 0.018 1    
209:  0.019 0.021 0.633 0.011 0.011 0.009 0.018 0.026 0.031 0.091 0.008 0.122 1    
210:  0.025 0.024 0.597 0.023 0.013 0.016 0.012 0.042 0.142 0.017 0.012 0.078 1    
211:  0.044 0.033 0.543 0.068 0.016 0.026 0.014 0.124 0.021 0.012 0.086 0.013 1    
212:  0.020 0.030 0.349 0.201 0.020 0.041 0.020 0.077 0.062 0.025 0.028 0.127 1    
213:  0.017 0.011 0.798 0.017 0.019 0.020 0.009 0.009 0.036 0.011 0.028 0.026 1    
214:  0.009 0.005 0.855 0.020 0.009 0.005 0.008 0.009 0.009 0.013 0.013 0.043 1    
215:  0.020 0.195 0.013 0.019 0.008 0.007 0.010 0.650 0.031 0.018 0.022 0.009 1    
216:  0.012 0.053 0.007 0.007 0.008 0.007 0.010 0.816 0.051 0.009 0.013 0.008 1    
217:  0.007 0.038 0.006 0.007 0.010 0.009 0.015 0.832 0.041 0.008 0.015 0.011 1    
218:  0.016 0.114 0.028 0.034 0.008 0.019 0.010 0.124 0.572 0.032 0.033 0.011 1    
219:  0.006 0.010 0.010 0.014 0.010 0.007 0.012 0.817 0.075 0.012 0.009 0.018 1    
220:  0.008 0.007 0.009 0.013 0.011 0.009 0.011 0.822 0.078 0.010 0.008 0.015 1    
221:  0.024 0.215 0.151 0.036 0.030 0.153 0.017 0.277 0.023 0.031 0.017 0.026 1    
222:  0.044 0.137 0.554 0.050 0.019 0.018 0.028 0.015 0.079 0.023 0.011 0.022 1    
223:  0.225 0.156 0.083 0.046 0.148 0.025 0.033 0.042 0.015 0.061 0.071 0.096 1    
224:  0.017 0.015 0.813 0.030 0.014 0.022 0.007 0.014 0.013 0.019 0.004 0.033 1    
225:  0.136 0.137 0.125 0.135 0.029 0.018 0.038 0.032 0.011 0.232 0.093 0.013 1    
226:  0.026 0.108 0.539 0.107 0.066 0.023 0.014 0.010 0.049 0.019 0.010 0.030 1    
227:  0.086 0.088 0.194 0.068 0.368 0.030 0.013 0.016 0.020 0.033 0.011 0.073 1    
228:  0.177 0.057 0.441 0.036 0.038 0.059 0.038 0.029 0.010 0.056 0.036 0.022 1    
229:  0.009 0.041 0.103 0.040 0.013 0.207 0.013 0.158 0.013 0.016 0.378 0.009 1    
230:  0.033 0.039 0.136 0.029 0.051 0.159 0.018 0.278 0.075 0.018 0.090 0.075 1    
231:  0.009 0.020 0.210 0.092 0.017 0.178 0.016 0.109 0.017 0.027 0.290 0.015 1    
232:  0.011 0.027 0.675 0.020 0.008 0.020 0.008 0.185 0.010 0.012 0.010 0.014 1    
233:  0.006 0.026 0.609 0.017 0.025 0.016 0.009 0.164 0.022 0.010 0.082 0.015 1    
234:  0.021 0.196 0.321 0.047 0.036 0.136 0.005 0.116 0.069 0.030 0.007 0.017 1    
235:  0.007 0.022 0.771 0.013 0.011 0.011 0.021 0.063 0.010 0.011 0.038 0.021 1    
236:  0.007 0.011 0.828 0.013 0.011 0.009 0.013 0.030 0.009 0.007 0.047 0.015 1    
237:  0.010 0.109 0.485 0.038 0.020 0.208 0.010 0.066 0.011 0.020 0.017 0.006 1    
238:  0.010 0.127 0.293 0.079 0.013 0.237 0.007 0.165 0.022 0.017 0.020 0.011 1    
239:  0.018 0.083 0.474 0.081 0.026 0.214 0.008 0.018 0.032 0.012 0.005 0.029 1    
240:  0.018 0.011 0.157 0.014 0.011 0.004 0.021 0.034 0.007 0.020 0.031 0.672 1    
241:  0.017 0.013 0.019 0.018 0.013 0.011 0.015 0.028 0.016 0.028 0.007 0.815 1    
242:  0.011 0.006 0.021 0.006 0.008 0.006 0.013 0.017 0.010 0.021 0.013 0.867 1    
243:  0.013 0.006 0.046 0.006 0.009 0.005 0.017 0.013 0.016 0.016 0.009 0.845 1    
244:  0.017 0.020 0.073 0.065 0.020 0.013 0.017 0.016 0.015 0.026 0.020 0.697 1    
245:  0.010 0.006 0.010 0.006 0.019 0.004 0.027 0.011 0.010 0.016 0.006 0.876 1    
246:  0.013 0.008 0.025 0.006 0.007 0.008 0.009 0.008 0.006 0.012 0.020 0.880 1    
247:  0.030 0.010 0.021 0.007 0.008 0.006 0.009 0.012 0.007 0.009 0.010 0.870 1    
248:  0.006 0.009 0.011 0.008 0.008 0.007 0.009 0.018 0.885 0.004 0.022 0.012 1    
249:  0.011 0.009 0.009 0.010 0.018 0.016 0.016 0.014 0.843 0.005 0.030 0.020 1    
250:  0.011 0.012 0.011 0.008 0.008 0.039 0.016 0.038 0.807 0.008 0.016 0.026 1    
251:  0.029 0.017 0.043 0.007 0.010 0.020 0.006 0.015 0.786 0.016 0.005 0.046 1    
252:  0.065 0.105 0.088 0.021 0.007 0.017 0.014 0.078 0.380 0.111 0.013 0.101 1    
253:  0.011 0.006 0.009 0.008 0.015 0.007 0.008 0.008 0.907 0.009 0.004 0.009 1    
254:  0.020 0.017 0.010 0.018 0.013 0.063 0.067 0.023 0.639 0.015 0.022 0.094 1    
255:  0.031 0.012 0.050 0.017 0.020 0.048 0.023 0.025 0.580 0.011 0.042 0.141 1    
256:  0.015 0.009 0.012 0.006 0.008 0.011 0.006 0.010 0.886 0.017 0.005 0.017 1    
257:  0.056 0.099 0.029 0.016 0.016 0.006 0.020 0.023 0.035 0.027 0.005 0.669 1    
258:  0.300 0.051 0.009 0.032 0.051 0.059 0.145 0.293 0.013 0.014 0.007 0.025 1    
259:  0.033 0.291 0.021 0.035 0.034 0.040 0.075 0.360 0.037 0.021 0.010 0.043 1    
260:  0.012 0.184 0.022 0.010 0.007 0.012 0.007 0.028 0.078 0.019 0.007 0.613 1    
261:  0.437 0.016 0.011 0.133 0.059 0.055 0.137 0.083 0.015 0.019 0.006 0.027 1    
262:  0.013 0.378 0.018 0.008 0.011 0.017 0.007 0.038 0.068 0.015 0.008 0.418 1    
263:  0.038 0.351 0.013 0.021 0.016 0.397 0.013 0.055 0.028 0.016 0.010 0.040 1    
264:  0.603 0.014 0.011 0.059 0.022 0.058 0.083 0.031 0.013 0.033 0.006 0.067 1    
265:  0.425 0.119 0.017 0.056 0.012 0.129 0.017 0.118 0.026 0.020 0.017 0.044 1    
266:  0.012 0.013 0.012 0.033 0.010 0.007 0.015 0.006 0.845 0.012 0.008 0.029 1    
267:  0.007 0.007 0.010 0.019 0.022 0.006 0.030 0.008 0.850 0.008 0.011 0.022 1    
268:  0.017 0.015 0.017 0.124 0.010 0.007 0.049 0.013 0.675 0.015 0.016 0.042 1    
269:  0.012 0.007 0.020 0.015 0.034 0.012 0.013 0.028 0.780 0.016 0.005 0.058 1    
270:  0.006 0.017 0.022 0.026 0.014 0.008 0.018 0.014 0.801 0.023 0.011 0.040 1    
271:  0.008 0.007 0.007 0.028 0.013 0.014 0.018 0.007 0.869 0.009 0.004 0.017 1    
272:  0.010 0.014 0.014 0.019 0.007 0.017 0.017 0.011 0.853 0.007 0.006 0.024 1    
273:  0.004 0.006 0.010 0.006 0.008 0.009 0.006 0.007 0.927 0.007 0.005 0.004 1    
274:  0.010 0.007 0.007 0.005 0.016 0.012 0.007 0.010 0.905 0.009 0.006 0.005 1    
275:  0.005 0.008 0.010 0.008 0.006 0.005 0.006 0.008 0.928 0.005 0.007 0.005 1    
276:  0.010 0.005 0.009 0.005 0.040 0.010 0.007 0.008 0.883 0.007 0.006 0.009 1    
277:  0.006 0.006 0.008 0.004 0.008 0.005 0.005 0.005 0.940 0.006 0.003 0.005 1    
278:  0.011 0.006 0.011 0.007 0.025 0.009 0.011 0.007 0.887 0.006 0.010 0.009 1    
279:  0.005 0.004 0.008 0.004 0.006 0.005 0.004 0.007 0.940 0.006 0.005 0.005 1    
280:  0.005 0.006 0.005 0.004 0.009 0.011 0.004 0.005 0.936 0.006 0.005 0.005 1    
281:  0.004 0.005 0.006 0.005 0.015 0.007 0.004 0.005 0.922 0.005 0.017 0.006 1    
282:  0.006 0.012 0.009 0.005 0.008 0.012 0.007 0.005 0.918 0.007 0.004 0.005 1    
283:  0.005 0.008 0.012 0.004 0.017 0.016 0.005 0.005 0.868 0.025 0.024 0.011 1    
284:  0.005 0.005 0.005 0.006 0.008 0.007 0.005 0.004 0.943 0.004 0.004 0.005 1    
285:  0.006 0.004 0.008 0.004 0.014 0.006 0.006 0.006 0.918 0.008 0.010 0.010 1    
286:  0.004 0.007 0.007 0.006 0.007 0.007 0.005 0.006 0.930 0.004 0.010 0.007 1    
287:  0.128 0.008 0.017 0.013 0.059 0.012 0.007 0.007 0.654 0.023 0.009 0.064 1    
288:  0.134 0.014 0.011 0.033 0.013 0.015 0.009 0.010 0.489 0.018 0.006 0.249 1    
289:  0.237 0.039 0.011 0.021 0.009 0.022 0.008 0.009 0.515 0.009 0.004 0.115 1    
290:  0.229 0.014 0.014 0.029 0.011 0.008 0.010 0.008 0.483 0.017 0.004 0.174 1    
291:  0.118 0.007 0.009 0.012 0.065 0.009 0.013 0.008 0.512 0.023 0.006 0.219 1    
292:  0.023 0.005 0.006 0.006 0.118 0.007 0.006 0.006 0.671 0.011 0.005 0.136 1    
293:  0.637 0.045 0.024 0.021 0.079 0.106 0.009 0.016 0.019 0.009 0.006 0.029 1    
294:  0.788 0.041 0.010 0.008 0.020 0.012 0.006 0.012 0.022 0.009 0.005 0.067 1    
295:  0.413 0.012 0.016 0.059 0.206 0.036 0.009 0.004 0.027 0.014 0.005 0.199 1    
296:  0.121 0.015 0.012 0.027 0.029 0.036 0.017 0.012 0.343 0.066 0.005 0.317 1    
297:  0.174 0.024 0.029 0.028 0.060 0.010 0.018 0.028 0.097 0.270 0.070 0.194 1    
298:  0.397 0.017 0.014 0.027 0.018 0.013 0.035 0.058 0.164 0.132 0.019 0.106 1    
299:  0.240 0.021 0.027 0.012 0.018 0.010 0.096 0.019 0.069 0.336 0.031 0.122 1    
300:  0.272 0.030 0.019 0.033 0.068 0.007 0.014 0.046 0.107 0.032 0.016 0.355 1    
301:  0.183 0.028 0.120 0.020 0.016 0.007 0.045 0.019 0.061 0.444 0.034 0.024 1    
302:  0.505 0.048 0.028 0.043 0.011 0.012 0.042 0.030 0.049 0.111 0.006 0.115 1    
303:  0.087 0.018 0.075 0.007 0.044 0.012 0.083 0.009 0.155 0.467 0.024 0.018 1    
304:  0.365 0.024 0.021 0.018 0.016 0.010 0.092 0.101 0.078 0.122 0.009 0.146 1    
305:  0.144 0.030 0.027 0.028 0.027 0.054 0.045 0.008 0.196 0.381 0.030 0.030 1    
306:  0.008 0.004 0.007 0.013 0.012 0.007 0.007 0.005 0.913 0.005 0.011 0.008 1    
307:  0.008 0.011 0.010 0.010 0.016 0.008 0.006 0.007 0.898 0.005 0.008 0.011 1    
308:  0.008 0.006 0.010 0.006 0.008 0.006 0.006 0.005 0.930 0.005 0.005 0.005 1    
309:  0.016 0.006 0.010 0.007 0.029 0.010 0.013 0.011 0.859 0.010 0.004 0.024 1    
310:  0.007 0.005 0.017 0.007 0.008 0.007 0.006 0.005 0.897 0.014 0.008 0.020 1    
311:  0.024 0.013 0.043 0.040 0.015 0.013 0.008 0.020 0.436 0.011 0.269 0.109 1    
312:  0.019 0.027 0.088 0.090 0.460 0.012 0.019 0.023 0.184 0.034 0.025 0.020 1    
313:  0.076 0.046 0.035 0.023 0.158 0.043 0.007 0.073 0.366 0.008 0.014 0.151 1    
314:  0.160 0.119 0.031 0.018 0.187 0.020 0.005 0.042 0.162 0.033 0.006 0.217 1    
315:  0.053 0.127 0.010 0.059 0.611 0.028 0.007 0.008 0.050 0.015 0.013 0.020 1    
316:  0.013 0.012 0.056 0.021 0.058 0.014 0.008 0.024 0.758 0.010 0.014 0.010 1    
317:  0.077 0.067 0.025 0.087 0.448 0.006 0.009 0.008 0.172 0.021 0.013 0.068 1    
318:  0.012 0.018 0.026 0.020 0.755 0.008 0.007 0.015 0.051 0.051 0.018 0.021 1    
319:  0.021 0.018 0.081 0.050 0.614 0.018 0.008 0.055 0.064 0.032 0.023 0.016 1    
320:  0.005 0.009 0.006 0.007 0.004 0.006 0.005 0.006 0.019 0.008 0.916 0.009 1    
321:  0.004 0.013 0.022 0.010 0.008 0.019 0.006 0.029 0.065 0.008 0.796 0.019 1    
322:  0.005 0.008 0.006 0.007 0.009 0.014 0.004 0.007 0.014 0.010 0.909 0.008 1    
323:  0.005 0.007 0.005 0.006 0.005 0.008 0.006 0.012 0.006 0.005 0.926 0.010 1    
324:  0.004 0.005 0.008 0.007 0.006 0.008 0.007 0.011 0.008 0.005 0.923 0.007 1    
325:  0.008 0.020 0.028 0.024 0.005 0.096 0.003 0.013 0.016 0.005 0.771 0.010 1    
326:  0.005 0.005 0.004 0.005 0.004 0.006 0.005 0.007 0.004 0.005 0.947 0.004 1    
327:  0.006 0.009 0.015 0.010 0.020 0.020 0.006 0.011 0.024 0.008 0.863 0.009 1    
328:  0.004 0.008 0.009 0.007 0.008 0.038 0.005 0.011 0.013 0.007 0.884 0.007 1    
329:  0.004 0.004 0.004 0.005 0.004 0.004 0.003 0.003 0.003 0.004 0.958 0.004 1    
330:  0.006 0.006 0.005 0.004 0.006 0.006 0.008 0.006 0.006 0.006 0.935 0.006 1    
331:  0.006 0.010 0.009 0.005 0.007 0.005 0.011 0.006 0.008 0.008 0.920 0.006 1    
332:  0.005 0.004 0.005 0.004 0.005 0.003 0.004 0.004 0.006 0.005 0.950 0.005 1    
333:  0.008 0.016 0.008 0.005 0.006 0.005 0.009 0.009 0.008 0.011 0.910 0.006 1    
334:  0.006 0.004 0.005 0.008 0.008 0.004 0.006 0.004 0.006 0.004 0.942 0.004 1    
335:  0.005 0.011 0.006 0.007 0.006 0.006 0.011 0.009 0.005 0.008 0.921 0.006 1    
336:  0.005 0.008 0.005 0.005 0.005 0.005 0.010 0.006 0.006 0.005 0.935 0.005 1    
337:  0.006 0.004 0.009 0.007 0.008 0.005 0.006 0.004 0.007 0.006 0.932 0.005 1    
338:  0.006 0.007 0.007 0.005 0.005 0.006 0.004 0.007 0.009 0.009 0.928 0.007 1    
339:  0.005 0.004 0.005 0.005 0.004 0.003 0.004 0.004 0.004 0.004 0.956 0.004 1    
340:  0.004 0.006 0.005 0.004 0.004 0.004 0.005 0.005 0.005 0.005 0.947 0.005 1    
341:  0.004 0.003 0.007 0.006 0.005 0.004 0.004 0.004 0.005 0.004 0.950 0.005 1    
342:  0.005 0.007 0.008 0.009 0.006 0.005 0.010 0.004 0.007 0.007 0.925 0.006 1    
343:  0.006 0.007 0.008 0.008 0.007 0.008 0.009 0.008 0.013 0.008 0.907 0.008 1    
344:  0.005 0.005 0.005 0.006 0.005 0.004 0.004 0.004 0.005 0.007 0.944 0.006 1    
345:  0.006 0.007 0.006 0.005 0.004 0.005 0.005 0.007 0.006 0.008 0.934 0.007 1    
346:  0.008 0.016 0.008 0.007 0.006 0.016 0.007 0.011 0.891 0.016 0.008 0.006 1    
347:  0.011 0.008 0.007 0.011 0.012 0.009 0.085 0.070 0.766 0.006 0.010 0.006 1    
348:  0.276 0.070 0.020 0.013 0.008 0.015 0.008 0.049 0.446 0.059 0.024 0.011 1    
349:  0.053 0.025 0.028 0.009 0.032 0.021 0.016 0.046 0.710 0.035 0.013 0.013 1    
350:  0.008 0.008 0.008 0.005 0.004 0.008 0.030 0.137 0.770 0.010 0.005 0.006 1    
351:  0.012 0.014 0.009 0.012 0.007 0.006 0.007 0.017 0.884 0.008 0.016 0.008 1    
352:  0.059 0.034 0.019 0.027 0.010 0.009 0.011 0.028 0.703 0.064 0.019 0.017 1    
353:  0.009 0.020 0.010 0.009 0.005 0.017 0.006 0.013 0.884 0.012 0.009 0.006 1    
354:  0.004 0.011 0.009 0.008 0.005 0.003 0.007 0.006 0.006 0.008 0.927 0.005 1    
355:  0.005 0.013 0.008 0.006 0.007 0.005 0.007 0.008 0.006 0.011 0.915 0.008 1    
356:  0.004 0.010 0.009 0.009 0.006 0.007 0.006 0.004 0.007 0.006 0.923 0.007 1    
357:  0.010 0.026 0.034 0.040 0.027 0.006 0.031 0.016 0.011 0.015 0.763 0.021 1    
358:  0.006 0.005 0.006 0.006 0.007 0.005 0.007 0.007 0.005 0.006 0.934 0.007 1    
359:  0.006 0.013 0.010 0.006 0.006 0.004 0.008 0.007 0.007 0.011 0.916 0.005 1    
360:  0.004 0.008 0.010 0.011 0.009 0.005 0.008 0.007 0.007 0.005 0.921 0.005 1    
361:  0.008 0.006 0.009 0.006 0.010 0.008 0.006 0.007 0.004 0.010 0.913 0.012 1    
362:  0.008 0.021 0.011 0.012 0.012 0.013 0.010 0.011 0.008 0.014 0.862 0.019 1    
363:  0.009 0.009 0.016 0.011 0.010 0.009 0.006 0.021 0.884 0.006 0.010 0.009 1    
364:  0.005 0.006 0.006 0.008 0.010 0.005 0.005 0.025 0.881 0.004 0.029 0.016 1    
365:  0.005 0.004 0.005 0.006 0.009 0.005 0.004 0.032 0.902 0.007 0.013 0.008 1    
366:  0.006 0.007 0.020 0.020 0.015 0.021 0.007 0.005 0.846 0.006 0.032 0.013 1    
367:  0.010 0.009 0.082 0.022 0.016 0.021 0.008 0.007 0.774 0.009 0.016 0.024 1    
368:  0.007 0.005 0.437 0.007 0.029 0.005 0.007 0.008 0.457 0.009 0.005 0.024 1    
369:  0.004 0.006 0.019 0.013 0.017 0.005 0.007 0.031 0.865 0.006 0.020 0.007 1    
370:  0.017 0.011 0.077 0.025 0.020 0.018 0.010 0.014 0.595 0.013 0.124 0.076 1    
371:  0.005 0.007 0.037 0.011 0.028 0.009 0.005 0.008 0.826 0.008 0.020 0.036 1    
372:  0.016 0.071 0.553 0.008 0.016 0.033 0.050 0.097 0.048 0.073 0.011 0.025 1    
373:  0.009 0.019 0.871 0.008 0.005 0.005 0.016 0.015 0.007 0.020 0.008 0.015 1    
374:  0.015 0.028 0.729 0.011 0.008 0.014 0.021 0.020 0.013 0.098 0.009 0.033 1    
375:  0.029 0.025 0.650 0.013 0.015 0.010 0.091 0.054 0.009 0.078 0.007 0.020 1    
376:  0.011 0.012 0.876 0.006 0.005 0.005 0.022 0.013 0.006 0.020 0.006 0.018 1    
377:  0.012 0.017 0.839 0.006 0.008 0.009 0.019 0.027 0.011 0.010 0.016 0.025 1    
378:  0.014 0.036 0.844 0.008 0.006 0.012 0.014 0.014 0.010 0.014 0.008 0.020 1    
379:  0.142 0.013 0.031 0.057 0.248 0.354 0.078 0.009 0.030 0.013 0.007 0.018 1    
380:  0.161 0.043 0.043 0.118 0.105 0.232 0.174 0.019 0.012 0.022 0.006 0.065 1    
381:  0.361 0.044 0.030 0.059 0.175 0.072 0.132 0.027 0.012 0.030 0.012 0.046 1    
382:  0.156 0.017 0.062 0.071 0.094 0.387 0.131 0.014 0.025 0.013 0.005 0.026 1    
383:  0.046 0.157 0.107 0.028 0.386 0.020 0.050 0.018 0.016 0.010 0.009 0.153 1    
384:  0.109 0.227 0.163 0.051 0.027 0.012 0.245 0.026 0.013 0.071 0.009 0.048 1    
385:  0.296 0.144 0.092 0.070 0.166 0.117 0.030 0.007 0.014 0.041 0.006 0.018 1    
386:  0.076 0.120 0.090 0.096 0.247 0.025 0.142 0.018 0.108 0.009 0.006 0.061 1    
387:  0.005 0.016 0.007 0.007 0.010 0.011 0.008 0.009 0.008 0.007 0.908 0.006 1    
388:  0.005 0.005 0.015 0.013 0.007 0.026 0.005 0.004 0.009 0.004 0.895 0.013 1    
389:  0.004 0.005 0.007 0.007 0.004 0.004 0.012 0.005 0.005 0.005 0.936 0.005 1    
390:  0.006 0.006 0.018 0.034 0.007 0.021 0.006 0.004 0.008 0.004 0.871 0.016 1    
391:  0.010 0.012 0.008 0.015 0.009 0.010 0.012 0.009 0.009 0.007 0.889 0.010 1    
392:  0.006 0.012 0.008 0.010 0.015 0.015 0.007 0.008 0.010 0.006 0.895 0.009 1    
393:  0.006 0.011 0.006 0.013 0.007 0.006 0.022 0.008 0.005 0.007 0.902 0.007 1    
394:  0.388 0.013 0.016 0.006 0.039 0.012 0.019 0.013 0.450 0.014 0.006 0.024 1    
395:  0.064 0.017 0.015 0.012 0.031 0.045 0.025 0.009 0.748 0.007 0.007 0.020 1    
396:  0.037 0.010 0.040 0.006 0.093 0.005 0.025 0.017 0.027 0.026 0.701 0.010 1    
397:  0.144 0.023 0.044 0.042 0.027 0.024 0.017 0.009 0.586 0.017 0.006 0.062 1    
398:  0.578 0.016 0.017 0.012 0.188 0.061 0.018 0.012 0.037 0.012 0.009 0.040 1    
399:  0.202 0.017 0.016 0.018 0.015 0.008 0.019 0.013 0.648 0.011 0.008 0.027 1    
400:  0.562 0.010 0.013 0.008 0.022 0.008 0.023 0.017 0.283 0.026 0.009 0.019 1    
401:  0.817 0.012 0.009 0.006 0.011 0.012 0.010 0.008 0.077 0.023 0.004 0.011 1    
402:  0.100 0.018 0.021 0.018 0.031 0.026 0.021 0.009 0.723 0.008 0.006 0.019 1    
403:  0.876 0.010 0.011 0.009 0.012 0.013 0.010 0.010 0.019 0.005 0.009 0.016 1    
404:  0.078 0.115 0.180 0.070 0.021 0.007 0.025 0.020 0.188 0.010 0.069 0.217 1    
405:  0.012 0.018 0.017 0.087 0.025 0.034 0.054 0.015 0.659 0.005 0.059 0.015 1    
406:  0.018 0.018 0.056 0.018 0.019 0.007 0.018 0.034 0.213 0.008 0.033 0.559 1    
407:  0.011 0.016 0.015 0.022 0.014 0.009 0.017 0.013 0.733 0.004 0.137 0.010 1    
408:  0.032 0.027 0.016 0.104 0.017 0.006 0.011 0.006 0.569 0.005 0.178 0.029 1    
409:  0.032 0.015 0.175 0.040 0.152 0.009 0.024 0.012 0.283 0.008 0.156 0.093 1    
410:  0.007 0.936 0.005 0.007 0.006 0.006 0.005 0.005 0.005 0.008 0.004 0.005 1    
411:  0.028 0.629 0.048 0.028 0.008 0.019 0.012 0.007 0.007 0.162 0.005 0.048 1    
412:  0.030 0.850 0.010 0.027 0.008 0.021 0.007 0.007 0.005 0.022 0.005 0.008 1    
413:  0.017 0.875 0.015 0.009 0.009 0.006 0.011 0.006 0.008 0.026 0.007 0.011 1    
414:  0.053 0.396 0.062 0.301 0.007 0.083 0.013 0.006 0.005 0.024 0.027 0.024 1    
415:  0.013 0.914 0.005 0.009 0.007 0.010 0.009 0.008 0.005 0.007 0.006 0.007 1    
416:  0.036 0.547 0.017 0.013 0.187 0.014 0.025 0.017 0.043 0.050 0.016 0.033 1    
417:  0.015 0.570 0.023 0.022 0.042 0.009 0.132 0.088 0.028 0.027 0.017 0.027 1    
418:  0.004 0.004 0.006 0.007 0.005 0.008 0.006 0.920 0.012 0.012 0.006 0.009 1    
419:  0.005 0.007 0.006 0.005 0.004 0.004 0.006 0.940 0.005 0.007 0.006 0.004 1    
420:  0.009 0.006 0.007 0.007 0.009 0.008 0.013 0.914 0.005 0.009 0.006 0.008 1    
421:  0.005 0.005 0.006 0.006 0.006 0.012 0.007 0.916 0.011 0.013 0.007 0.008 1    
422:  0.008 0.008 0.006 0.009 0.004 0.006 0.009 0.925 0.005 0.006 0.007 0.006 1    
423:  0.051 0.032 0.013 0.011 0.012 0.017 0.016 0.581 0.012 0.222 0.010 0.023 1    
424:  0.049 0.028 0.021 0.021 0.027 0.031 0.009 0.124 0.012 0.655 0.007 0.016 1    
425:  0.006 0.006 0.007 0.007 0.005 0.005 0.011 0.916 0.008 0.009 0.012 0.008 1    
426:  0.010 0.007 0.006 0.007 0.010 0.007 0.011 0.910 0.007 0.007 0.010 0.010 1    
427:  0.067 0.027 0.015 0.022 0.028 0.136 0.129 0.415 0.017 0.099 0.017 0.029 1    
428:  0.020 0.041 0.012 0.006 0.006 0.005 0.006 0.857 0.005 0.027 0.007 0.007 1    
429:  0.274 0.120 0.022 0.021 0.013 0.019 0.014 0.230 0.020 0.235 0.009 0.024 1    
430:  0.006 0.008 0.007 0.007 0.012 0.016 0.007 0.881 0.015 0.019 0.007 0.015 1    
431:  0.013 0.009 0.008 0.011 0.006 0.009 0.060 0.817 0.014 0.011 0.032 0.011 1    
432:  0.073 0.026 0.008 0.028 0.027 0.070 0.243 0.400 0.059 0.022 0.013 0.029 1    
433:  0.009 0.007 0.010 0.007 0.006 0.028 0.008 0.899 0.006 0.010 0.006 0.004 1    
434:  0.010 0.026 0.006 0.009 0.005 0.009 0.008 0.879 0.013 0.007 0.017 0.013 1    
435:  0.058 0.008 0.008 0.012 0.010 0.039 0.132 0.675 0.011 0.025 0.011 0.011 1    
436:  0.342 0.025 0.060 0.017 0.026 0.065 0.016 0.128 0.015 0.240 0.010 0.057 1    
437:  0.014 0.025 0.009 0.007 0.008 0.005 0.008 0.843 0.015 0.046 0.013 0.009 1    
438:  0.045 0.021 0.016 0.011 0.013 0.049 0.015 0.679 0.011 0.122 0.008 0.009 1    
439:  0.032 0.016 0.678 0.018 0.009 0.005 0.007 0.014 0.061 0.039 0.009 0.113 1    
440:  0.128 0.034 0.541 0.014 0.013 0.009 0.022 0.018 0.116 0.076 0.006 0.023 1    
441:  0.016 0.011 0.792 0.049 0.018 0.007 0.015 0.006 0.018 0.025 0.009 0.033 1    
442:  0.010 0.010 0.782 0.025 0.009 0.004 0.007 0.008 0.024 0.047 0.026 0.047 1    
443:  0.018 0.019 0.670 0.066 0.009 0.009 0.090 0.013 0.047 0.023 0.017 0.021 1    
444:  0.068 0.013 0.707 0.021 0.024 0.010 0.020 0.007 0.034 0.068 0.016 0.011 1    
445:  0.012 0.010 0.788 0.053 0.006 0.004 0.022 0.008 0.017 0.010 0.015 0.056 1    
446:  0.032 0.041 0.195 0.078 0.347 0.020 0.032 0.006 0.142 0.084 0.008 0.015 1    
447:  0.017 0.082 0.023 0.008 0.117 0.035 0.110 0.144 0.016 0.381 0.058 0.009 1    
448:  0.040 0.022 0.183 0.063 0.238 0.017 0.295 0.022 0.026 0.054 0.013 0.028 1    
449:  0.041 0.024 0.018 0.421 0.068 0.041 0.305 0.009 0.039 0.007 0.012 0.016 1    
450:  0.019 0.011 0.027 0.012 0.180 0.020 0.015 0.005 0.041 0.621 0.034 0.015 1    
451:  0.054 0.017 0.326 0.024 0.206 0.008 0.046 0.027 0.137 0.121 0.005 0.028 1    
452:  0.050 0.046 0.217 0.009 0.107 0.016 0.027 0.045 0.094 0.364 0.005 0.019 1    
453:  0.044 0.015 0.596 0.059 0.044 0.009 0.071 0.009 0.032 0.105 0.007 0.010 1    
454:  0.032 0.009 0.191 0.056 0.352 0.024 0.063 0.008 0.067 0.171 0.007 0.021 1    
455:  0.030 0.028 0.021 0.253 0.173 0.015 0.384 0.018 0.031 0.012 0.011 0.025 1    
456:  0.011 0.015 0.211 0.027 0.170 0.016 0.037 0.007 0.079 0.416 0.005 0.007 1    
457:  0.018 0.011 0.047 0.028 0.009 0.006 0.803 0.009 0.039 0.012 0.009 0.008 1    
458:  0.008 0.013 0.220 0.014 0.602 0.010 0.026 0.008 0.049 0.016 0.012 0.023 1    
459:  0.062 0.015 0.159 0.097 0.048 0.021 0.116 0.015 0.385 0.024 0.014 0.044 1    
460:  0.020 0.009 0.466 0.015 0.100 0.023 0.026 0.013 0.096 0.208 0.015 0.010 1    
461:  0.023 0.012 0.127 0.029 0.100 0.009 0.046 0.008 0.589 0.024 0.007 0.026 1    
462:  0.010 0.009 0.050 0.009 0.013 0.007 0.821 0.012 0.005 0.034 0.017 0.012 1    
463:  0.016 0.016 0.020 0.018 0.041 0.006 0.178 0.025 0.007 0.660 0.005 0.008 1    
464:  0.016 0.055 0.012 0.036 0.013 0.171 0.022 0.070 0.013 0.552 0.013 0.027 1    
465:  0.010 0.011 0.018 0.041 0.007 0.012 0.016 0.009 0.006 0.857 0.005 0.008 1    
466:  0.095 0.017 0.032 0.050 0.007 0.030 0.055 0.014 0.005 0.666 0.006 0.022 1    
467:  0.078 0.018 0.033 0.016 0.010 0.020 0.029 0.018 0.005 0.752 0.008 0.013 1    
468:  0.010 0.034 0.007 0.011 0.009 0.045 0.012 0.029 0.008 0.794 0.024 0.017 1    
469:  0.007 0.009 0.008 0.010 0.007 0.005 0.007 0.005 0.004 0.922 0.009 0.007 1    
470:  0.010 0.009 0.017 0.007 0.012 0.007 0.010 0.021 0.008 0.864 0.006 0.029 1    
471:  0.017 0.040 0.015 0.058 0.007 0.038 0.019 0.015 0.006 0.765 0.008 0.013 1    
472:  0.007 0.006 0.027 0.023 0.008 0.010 0.013 0.009 0.008 0.871 0.004 0.012 1    
473:  0.223 0.007 0.019 0.079 0.007 0.058 0.007 0.041 0.008 0.541 0.004 0.008 1    
474:  0.028 0.011 0.016 0.023 0.005 0.135 0.005 0.094 0.013 0.661 0.004 0.004 1    
475:  0.102 0.060 0.017 0.011 0.011 0.173 0.005 0.012 0.007 0.592 0.005 0.005 1    
476:  0.012 0.036 0.017 0.015 0.009 0.027 0.010 0.282 0.014 0.545 0.008 0.025 1    
