1:    0.015 0.008 0.008 0.013 0.907 0.009 0.010 0.010 0.010 0.010 1    
2:    0.016 0.010 0.121 0.412 0.069 0.022 0.060 0.201 0.066 0.024 1    
3:    0.040 0.035 0.131 0.032 0.020 0.075 0.212 0.092 0.349 0.014 1    
4:    0.023 0.072 0.021 0.128 0.270 0.056 0.146 0.109 0.134 0.042 1    
5:    0.014 0.010 0.304 0.013 0.488 0.014 0.018 0.018 0.022 0.098 1    
6:    0.027 0.010 0.013 0.026 0.820 0.021 0.016 0.021 0.019 0.028 1    
7:    0.105 0.015 0.024 0.138 0.030 0.045 0.171 0.175 0.095 0.202 1    
8:    0.007 0.009 0.010 0.007 0.007 0.008 0.008 0.010 0.009 0.923 1    
9:    0.008 0.007 0.011 0.007 0.010 0.009 0.008 0.007 0.008 0.924 1    
10:   0.029 0.053 0.019 0.169 0.015 0.041 0.087 0.070 0.082 0.436 1    
11:   0.042 0.023 0.142 0.064 0.170 0.035 0.079 0.087 0.224 0.134 1    
12:   0.022 0.019 0.293 0.023 0.026 0.135 0.134 0.051 0.089 0.209 1    
13:   0.057 0.185 0.029 0.127 0.036 0.272 0.089 0.028 0.069 0.107 1    
14:   0.039 0.012 0.019 0.013 0.022 0.012 0.033 0.014 0.035 0.800 1    
15:   0.043 0.445 0.128 0.024 0.033 0.137 0.060 0.022 0.042 0.067 1    
16:   0.095 0.028 0.015 0.103 0.127 0.179 0.139 0.015 0.214 0.085 1    
17:   0.024 0.022 0.070 0.073 0.056 0.029 0.057 0.131 0.038 0.500 1    
18:   0.020 0.394 0.020 0.039 0.083 0.126 0.080 0.102 0.069 0.066 1    
19:   0.016 0.111 0.030 0.014 0.036 0.031 0.073 0.597 0.051 0.041 1    
20:   0.149 0.026 0.046 0.034 0.100 0.153 0.101 0.075 0.104 0.211 1    
21:   0.022 0.017 0.015 0.012 0.011 0.012 0.016 0.866 0.011 0.018 1    
22:   0.016 0.018 0.048 0.014 0.015 0.018 0.022 0.761 0.012 0.076 1    
23:   0.057 0.024 0.016 0.030 0.018 0.016 0.035 0.755 0.030 0.020 1    
24:   0.035 0.106 0.021 0.050 0.208 0.047 0.139 0.039 0.332 0.022 1    
25:   0.066 0.068 0.073 0.139 0.037 0.144 0.223 0.072 0.129 0.049 1    
26:   0.015 0.062 0.011 0.022 0.013 0.034 0.028 0.781 0.018 0.017 1    
27:   0.025 0.014 0.175 0.101 0.036 0.102 0.173 0.061 0.161 0.151 1    
28:   0.019 0.039 0.024 0.022 0.010 0.014 0.030 0.774 0.021 0.047 1    
29:   0.027 0.065 0.109 0.024 0.055 0.041 0.056 0.519 0.069 0.036 1    
30:   0.055 0.029 0.041 0.070 0.018 0.334 0.294 0.021 0.094 0.045 1    
31:   0.015 0.057 0.017 0.016 0.048 0.013 0.025 0.775 0.023 0.011 1    
32:   0.054 0.121 0.042 0.141 0.028 0.077 0.108 0.306 0.063 0.059 1    
33:   0.113 0.020 0.317 0.105 0.016 0.041 0.158 0.016 0.152 0.061 1    
34:   0.025 0.081 0.058 0.036 0.013 0.024 0.034 0.554 0.027 0.149 1    
35:   0.020 0.013 0.014 0.022 0.034 0.012 0.023 0.765 0.015 0.083 1    
36:   0.036 0.034 0.018 0.068 0.012 0.025 0.030 0.727 0.029 0.021 1    
37:   0.013 0.041 0.018 0.013 0.014 0.022 0.037 0.012 0.036 0.793 1    
38:   0.011 0.012 0.094 0.033 0.019 0.013 0.026 0.017 0.022 0.753 1    
39:   0.008 0.011 0.010 0.016 0.014 0.009 0.012 0.012 0.010 0.898 1    
40:   0.010 0.530 0.106 0.015 0.015 0.019 0.025 0.024 0.029 0.226 1    
41:   0.035 0.014 0.012 0.011 0.010 0.016 0.015 0.033 0.012 0.842 1    
42:   0.029 0.026 0.021 0.022 0.023 0.017 0.022 0.014 0.018 0.809 1    
43:   0.012 0.012 0.025 0.027 0.041 0.637 0.087 0.018 0.087 0.055 1    
44:   0.037 0.086 0.038 0.023 0.102 0.090 0.085 0.020 0.078 0.440 1    
45:   0.012 0.008 0.903 0.011 0.008 0.013 0.014 0.009 0.014 0.008 1    
46:   0.035 0.009 0.768 0.011 0.041 0.020 0.037 0.012 0.038 0.029 1    
47:   0.050 0.053 0.106 0.106 0.029 0.039 0.133 0.047 0.269 0.170 1    
48:   0.030 0.047 0.071 0.023 0.103 0.467 0.064 0.069 0.103 0.022 1    
49:   0.013 0.010 0.873 0.012 0.015 0.014 0.017 0.014 0.019 0.012 1    
50:   0.016 0.031 0.079 0.031 0.023 0.069 0.150 0.016 0.568 0.017 1    
51:   0.017 0.018 0.876 0.008 0.008 0.014 0.014 0.015 0.011 0.018 1    
52:   0.016 0.034 0.686 0.066 0.043 0.020 0.031 0.050 0.029 0.026 1    
53:   0.016 0.012 0.056 0.013 0.153 0.021 0.071 0.018 0.043 0.597 1    
54:   0.012 0.007 0.919 0.008 0.008 0.009 0.010 0.007 0.010 0.010 1    
55:   0.341 0.013 0.017 0.026 0.020 0.019 0.090 0.034 0.278 0.163 1    
56:   0.121 0.032 0.030 0.022 0.224 0.054 0.150 0.009 0.318 0.039 1    
57:   0.149 0.336 0.074 0.012 0.105 0.036 0.052 0.067 0.090 0.079 1    
58:   0.035 0.019 0.133 0.054 0.041 0.211 0.195 0.053 0.244 0.015 1    
59:   0.486 0.070 0.078 0.028 0.018 0.032 0.111 0.034 0.107 0.036 1    
60:   0.087 0.011 0.017 0.024 0.017 0.015 0.335 0.014 0.463 0.018 1    
61:   0.528 0.030 0.012 0.022 0.023 0.021 0.067 0.014 0.250 0.033 1    
62:   0.024 0.020 0.031 0.027 0.672 0.019 0.045 0.023 0.106 0.034 1    
63:   0.027 0.019 0.021 0.015 0.679 0.025 0.034 0.017 0.127 0.035 1    
64:   0.340 0.020 0.010 0.017 0.147 0.016 0.081 0.009 0.314 0.046 1    
65:   0.011 0.015 0.908 0.008 0.008 0.010 0.010 0.012 0.010 0.008 1    
66:   0.024 0.144 0.095 0.018 0.069 0.043 0.090 0.340 0.085 0.091 1    
67:   0.046 0.240 0.015 0.107 0.020 0.020 0.034 0.017 0.038 0.464 1    
68:   0.605 0.014 0.010 0.021 0.018 0.014 0.034 0.021 0.219 0.044 1    
69:   0.069 0.197 0.024 0.058 0.022 0.021 0.067 0.021 0.049 0.471 1    
70:   0.159 0.058 0.071 0.042 0.158 0.039 0.108 0.217 0.114 0.034 1    
71:   0.104 0.016 0.387 0.038 0.129 0.051 0.109 0.015 0.126 0.027 1    
72:   0.036 0.034 0.034 0.051 0.041 0.032 0.187 0.021 0.541 0.022 1    
73:   0.016 0.060 0.059 0.035 0.078 0.042 0.125 0.016 0.554 0.016 1    
74:   0.116 0.019 0.723 0.020 0.022 0.015 0.029 0.016 0.026 0.014 1    
75:   0.409 0.016 0.078 0.034 0.089 0.029 0.102 0.009 0.216 0.018 1    
76:   0.023 0.011 0.847 0.022 0.013 0.015 0.022 0.017 0.018 0.012 1    
77:   0.019 0.036 0.484 0.019 0.066 0.026 0.056 0.057 0.054 0.184 1    
78:   0.287 0.027 0.209 0.028 0.066 0.148 0.052 0.025 0.139 0.019 1    
79:   0.105 0.036 0.038 0.073 0.047 0.058 0.195 0.083 0.134 0.230 1    
80:   0.309 0.017 0.368 0.029 0.011 0.028 0.079 0.029 0.107 0.023 1    
81:   0.008 0.015 0.011 0.016 0.030 0.015 0.013 0.854 0.013 0.024 1    
82:   0.056 0.021 0.787 0.011 0.011 0.025 0.020 0.015 0.019 0.035 1    
83:   0.196 0.015 0.021 0.086 0.157 0.026 0.195 0.016 0.262 0.026 1    
84:   0.054 0.011 0.060 0.035 0.044 0.015 0.186 0.107 0.475 0.013 1    
85:   0.087 0.013 0.445 0.021 0.142 0.078 0.069 0.018 0.102 0.024 1    
86:   0.093 0.050 0.069 0.446 0.017 0.026 0.077 0.064 0.109 0.049 1    
87:   0.012 0.015 0.847 0.011 0.023 0.015 0.015 0.017 0.017 0.029 1    
88:   0.269 0.017 0.099 0.051 0.037 0.024 0.146 0.007 0.323 0.027 1    
89:   0.027 0.019 0.119 0.014 0.045 0.013 0.043 0.024 0.064 0.631 1    
90:   0.139 0.050 0.017 0.130 0.312 0.065 0.104 0.056 0.087 0.039 1    
91:   0.016 0.020 0.049 0.023 0.015 0.094 0.171 0.014 0.588 0.009 1    
92:   0.049 0.012 0.819 0.024 0.011 0.009 0.023 0.014 0.019 0.019 1    
93:   0.026 0.041 0.028 0.020 0.019 0.040 0.178 0.017 0.622 0.009 1    
94:   0.165 0.033 0.078 0.039 0.018 0.021 0.284 0.039 0.278 0.045 1    
95:   0.018 0.015 0.648 0.011 0.020 0.014 0.024 0.206 0.023 0.020 1    
96:   0.186 0.378 0.060 0.024 0.063 0.052 0.067 0.090 0.058 0.023 1    
97:   0.061 0.037 0.034 0.014 0.629 0.090 0.041 0.017 0.054 0.022 1    
98:   0.131 0.012 0.131 0.436 0.035 0.026 0.067 0.025 0.114 0.023 1    
99:   0.577 0.036 0.021 0.019 0.085 0.043 0.059 0.017 0.111 0.031 1    
100:  0.041 0.036 0.020 0.021 0.076 0.067 0.224 0.034 0.232 0.249 1    
101:  0.202 0.085 0.333 0.069 0.040 0.059 0.085 0.023 0.089 0.015 1    
102:  0.200 0.080 0.025 0.018 0.173 0.064 0.144 0.014 0.183 0.099 1    
103:  0.208 0.096 0.016 0.049 0.044 0.237 0.135 0.039 0.115 0.061 1    
104:  0.008 0.020 0.025 0.010 0.009 0.013 0.012 0.011 0.012 0.880 1    
105:  0.824 0.023 0.026 0.019 0.009 0.021 0.029 0.014 0.017 0.018 1    
106:  0.029 0.287 0.020 0.095 0.016 0.167 0.060 0.037 0.055 0.234 1    
107:  0.508 0.018 0.149 0.039 0.040 0.040 0.063 0.018 0.099 0.027 1    
108:  0.021 0.009 0.042 0.011 0.021 0.019 0.016 0.820 0.020 0.022 1    
109:  0.027 0.056 0.717 0.021 0.028 0.033 0.034 0.028 0.038 0.018 1    
110:  0.015 0.010 0.021 0.010 0.853 0.017 0.023 0.011 0.019 0.021 1    
111:  0.008 0.008 0.008 0.012 0.909 0.008 0.010 0.009 0.010 0.017 1    
112:  0.221 0.060 0.100 0.053 0.044 0.039 0.099 0.197 0.110 0.077 1    
113:  0.131 0.077 0.350 0.117 0.029 0.025 0.069 0.066 0.060 0.077 1    
114:  0.059 0.052 0.041 0.155 0.090 0.093 0.162 0.035 0.222 0.092 1    
115:  0.030 0.023 0.066 0.203 0.084 0.047 0.072 0.286 0.132 0.056 1    
116:  0.015 0.009 0.011 0.010 0.016 0.011 0.016 0.017 0.016 0.881 1    
117:  0.124 0.072 0.194 0.032 0.065 0.069 0.138 0.025 0.262 0.018 1    
118:  0.019 0.311 0.327 0.056 0.030 0.047 0.065 0.033 0.078 0.035 1    
119:  0.013 0.087 0.439 0.042 0.036 0.044 0.050 0.017 0.260 0.013 1    
120:  0.022 0.010 0.023 0.029 0.814 0.018 0.020 0.009 0.025 0.030 1    
121:  0.033 0.121 0.036 0.087 0.027 0.045 0.045 0.036 0.072 0.498 1    
122:  0.375 0.140 0.203 0.051 0.014 0.024 0.080 0.027 0.043 0.043 1    
123:  0.086 0.048 0.113 0.068 0.340 0.037 0.116 0.011 0.160 0.021 1    
124:  0.077 0.187 0.035 0.019 0.068 0.314 0.071 0.075 0.056 0.099 1    
125:  0.019 0.021 0.016 0.022 0.012 0.023 0.017 0.019 0.016 0.835 1    
126:  0.187 0.176 0.051 0.041 0.097 0.071 0.112 0.106 0.077 0.083 1    
127:  0.021 0.022 0.129 0.035 0.042 0.053 0.193 0.278 0.173 0.054 1    
128:  0.064 0.047 0.039 0.054 0.115 0.038 0.124 0.070 0.413 0.036 1    
129:  0.036 0.019 0.293 0.032 0.044 0.099 0.242 0.058 0.157 0.019 1    
130:  0.079 0.034 0.026 0.021 0.116 0.051 0.069 0.365 0.183 0.056 1    
131:  0.031 0.017 0.457 0.283 0.016 0.028 0.050 0.021 0.087 0.011 1    
132:  0.041 0.022 0.035 0.184 0.199 0.045 0.105 0.025 0.161 0.182 1    
133:  0.009 0.020 0.012 0.010 0.028 0.011 0.014 0.874 0.010 0.012 1    
134:  0.047 0.033 0.251 0.023 0.045 0.048 0.126 0.041 0.079 0.307 1    
135:  0.050 0.024 0.016 0.031 0.075 0.229 0.226 0.081 0.188 0.081 1    
136:  0.093 0.091 0.064 0.051 0.027 0.030 0.050 0.534 0.046 0.014 1    
137:  0.173 0.015 0.118 0.082 0.034 0.054 0.232 0.012 0.194 0.086 1    
138:  0.021 0.037 0.023 0.539 0.076 0.020 0.067 0.054 0.061 0.100 1    
139:  0.191 0.022 0.049 0.069 0.075 0.026 0.120 0.020 0.391 0.037 1    
140:  0.162 0.134 0.102 0.037 0.134 0.039 0.142 0.035 0.192 0.022 1    
141:  0.432 0.027 0.124 0.038 0.061 0.037 0.077 0.061 0.077 0.067 1    
142:  0.013 0.012 0.824 0.017 0.010 0.039 0.021 0.014 0.026 0.024 1    
143:  0.050 0.061 0.068 0.031 0.088 0.129 0.199 0.047 0.184 0.142 1    
144:  0.031 0.020 0.605 0.027 0.037 0.040 0.052 0.042 0.079 0.068 1    
145:  0.029 0.027 0.049 0.026 0.032 0.242 0.283 0.016 0.179 0.118 1    
146:  0.025 0.031 0.018 0.256 0.067 0.027 0.243 0.130 0.164 0.039 1    
147:  0.011 0.013 0.035 0.846 0.013 0.017 0.023 0.011 0.017 0.014 1    
148:  0.045 0.060 0.018 0.044 0.245 0.037 0.099 0.364 0.068 0.020 1    
149:  0.019 0.087 0.021 0.700 0.017 0.018 0.035 0.011 0.030 0.063 1    
150:  0.038 0.084 0.221 0.121 0.014 0.050 0.071 0.332 0.040 0.029 1    
151:  0.169 0.033 0.041 0.039 0.083 0.127 0.117 0.013 0.229 0.150 1    
152:  0.025 0.067 0.052 0.170 0.100 0.054 0.263 0.030 0.203 0.035 1    
153:  0.039 0.047 0.027 0.024 0.019 0.049 0.148 0.550 0.077 0.018 1    
154:  0.023 0.034 0.020 0.033 0.031 0.697 0.036 0.020 0.036 0.070 1    
155:  0.044 0.329 0.022 0.055 0.021 0.018 0.043 0.368 0.043 0.055 1    
156:  0.016 0.207 0.094 0.225 0.050 0.052 0.120 0.043 0.159 0.033 1    
157:  0.076 0.088 0.144 0.136 0.045 0.036 0.076 0.024 0.061 0.313 1    
158:  0.047 0.017 0.024 0.179 0.127 0.072 0.278 0.023 0.197 0.035 1    
159:  0.020 0.091 0.019 0.079 0.160 0.068 0.276 0.014 0.244 0.029 1    
160:  0.015 0.020 0.056 0.018 0.014 0.731 0.030 0.031 0.034 0.052 1    
161:  0.031 0.032 0.024 0.067 0.027 0.034 0.099 0.468 0.135 0.082 1    
162:  0.017 0.018 0.040 0.021 0.017 0.042 0.034 0.738 0.030 0.043 1    
163:  0.028 0.031 0.015 0.021 0.060 0.455 0.070 0.040 0.075 0.205 1    
164:  0.014 0.237 0.073 0.207 0.028 0.076 0.079 0.163 0.044 0.079 1    
165:  0.061 0.012 0.037 0.016 0.018 0.686 0.055 0.039 0.062 0.013 1    
166:  0.025 0.190 0.050 0.052 0.032 0.242 0.185 0.088 0.082 0.053 1    
167:  0.019 0.031 0.031 0.554 0.030 0.025 0.067 0.020 0.051 0.171 1    
168:  0.125 0.255 0.121 0.043 0.022 0.071 0.125 0.056 0.101 0.083 1    
169:  0.023 0.021 0.027 0.248 0.011 0.180 0.310 0.044 0.047 0.088 1    
170:  0.170 0.035 0.031 0.089 0.025 0.109 0.271 0.016 0.210 0.043 1    
171:  0.035 0.039 0.033 0.491 0.042 0.036 0.102 0.108 0.089 0.025 1    
172:  0.018 0.062 0.015 0.356 0.083 0.062 0.058 0.096 0.046 0.205 1    
173:  0.711 0.013 0.016 0.106 0.043 0.015 0.032 0.013 0.031 0.020 1    
174:  0.087 0.543 0.023 0.026 0.026 0.023 0.047 0.087 0.041 0.097 1    
175:  0.020 0.042 0.017 0.119 0.021 0.449 0.201 0.018 0.064 0.048 1    
176:  0.074 0.011 0.029 0.098 0.029 0.039 0.270 0.013 0.159 0.279 1    
177:  0.016 0.022 0.018 0.065 0.019 0.040 0.464 0.036 0.168 0.154 1    
178:  0.035 0.066 0.012 0.580 0.069 0.066 0.047 0.037 0.050 0.038 1    
179:  0.026 0.036 0.090 0.128 0.054 0.069 0.134 0.037 0.393 0.032 1    
180:  0.338 0.121 0.020 0.144 0.018 0.022 0.039 0.162 0.045 0.090 1    
181:  0.127 0.045 0.026 0.134 0.028 0.060 0.181 0.014 0.118 0.267 1    
182:  0.070 0.019 0.073 0.090 0.040 0.018 0.225 0.120 0.260 0.086 1    
183:  0.026 0.073 0.031 0.128 0.037 0.337 0.177 0.032 0.107 0.052 1    
184:  0.044 0.049 0.043 0.475 0.055 0.054 0.121 0.039 0.045 0.074 1    
185:  0.054 0.542 0.030 0.122 0.022 0.064 0.067 0.030 0.054 0.013 1    
186:  0.117 0.021 0.085 0.539 0.026 0.015 0.054 0.013 0.107 0.023 1    
187:  0.124 0.044 0.023 0.141 0.068 0.032 0.073 0.043 0.048 0.404 1    
188:  0.102 0.435 0.035 0.016 0.026 0.029 0.061 0.070 0.120 0.108 1    
189:  0.013 0.028 0.018 0.035 0.011 0.576 0.107 0.016 0.051 0.143 1    
190:  0.040 0.018 0.023 0.357 0.267 0.076 0.052 0.018 0.092 0.056 1    
191:  0.018 0.019 0.013 0.723 0.037 0.061 0.055 0.015 0.032 0.027 1    
192:  0.014 0.016 0.009 0.549 0.026 0.014 0.013 0.340 0.010 0.010 1    
193:  0.035 0.014 0.012 0.437 0.032 0.028 0.057 0.340 0.033 0.013 1    
194:  0.025 0.159 0.041 0.099 0.026 0.211 0.171 0.095 0.095 0.078 1    
195:  0.166 0.044 0.081 0.023 0.030 0.029 0.102 0.344 0.085 0.096 1    
196:  0.164 0.011 0.029 0.136 0.063 0.073 0.152 0.105 0.220 0.046 1    
197:  0.045 0.018 0.034 0.034 0.014 0.012 0.038 0.749 0.036 0.019 1    
198:  0.015 0.082 0.156 0.249 0.072 0.057 0.104 0.111 0.095 0.060 1    
199:  0.014 0.014 0.013 0.523 0.059 0.089 0.114 0.022 0.115 0.037 1    
200:  0.015 0.024 0.023 0.862 0.012 0.010 0.015 0.013 0.013 0.014 1    
201:  0.014 0.013 0.039 0.025 0.013 0.031 0.018 0.815 0.018 0.014 1    
202:  0.040 0.017 0.098 0.093 0.024 0.056 0.099 0.447 0.080 0.048 1    
203:  0.029 0.011 0.099 0.043 0.031 0.024 0.345 0.109 0.279 0.029 1    
204:  0.063 0.046 0.066 0.132 0.034 0.131 0.203 0.042 0.156 0.128 1    
205:  0.229 0.018 0.189 0.036 0.043 0.066 0.117 0.064 0.099 0.140 1    
206:  0.305 0.038 0.064 0.256 0.017 0.024 0.121 0.021 0.096 0.058 1    
207:  0.222 0.020 0.029 0.041 0.263 0.082 0.082 0.034 0.210 0.016 1    
208:  0.096 0.067 0.035 0.237 0.033 0.082 0.177 0.102 0.105 0.067 1    
209:  0.059 0.013 0.093 0.641 0.014 0.025 0.051 0.031 0.046 0.027 1    
210:  0.364 0.014 0.070 0.042 0.268 0.015 0.042 0.032 0.048 0.104 1    
211:  0.016 0.032 0.116 0.111 0.014 0.029 0.127 0.372 0.103 0.081 1    
212:  0.033 0.013 0.080 0.285 0.021 0.054 0.107 0.091 0.229 0.088 1    
213:  0.473 0.063 0.020 0.119 0.016 0.010 0.042 0.068 0.027 0.161 1    
214:  0.447 0.022 0.025 0.045 0.116 0.024 0.084 0.076 0.148 0.014 1    
215:  0.050 0.101 0.101 0.134 0.076 0.042 0.081 0.258 0.143 0.014 1    
216:  0.174 0.124 0.018 0.148 0.056 0.061 0.140 0.060 0.131 0.089 1    
217:  0.033 0.037 0.035 0.064 0.036 0.039 0.295 0.172 0.185 0.104 1    
218:  0.014 0.517 0.019 0.139 0.022 0.027 0.042 0.170 0.036 0.015 1    
219:  0.036 0.034 0.029 0.374 0.023 0.079 0.136 0.167 0.043 0.079 1    
220:  0.058 0.158 0.047 0.039 0.107 0.116 0.237 0.041 0.150 0.046 1    
221:  0.018 0.014 0.135 0.035 0.011 0.018 0.043 0.687 0.024 0.016 1    
222:  0.044 0.059 0.422 0.040 0.031 0.055 0.094 0.129 0.094 0.032 1    
223:  0.312 0.029 0.171 0.064 0.019 0.043 0.067 0.038 0.227 0.030 1    
224:  0.756 0.015 0.051 0.016 0.018 0.021 0.034 0.026 0.044 0.018 1    
225:  0.019 0.015 0.017 0.023 0.015 0.020 0.021 0.842 0.015 0.013 1    
226:  0.046 0.016 0.050 0.080 0.018 0.054 0.125 0.040 0.089 0.483 1    
227:  0.323 0.022 0.040 0.199 0.032 0.043 0.102 0.025 0.154 0.060 1    
228:  0.091 0.074 0.017 0.063 0.020 0.027 0.095 0.057 0.055 0.501 1    
229:  0.016 0.040 0.075 0.014 0.016 0.780 0.018 0.011 0.019 0.011 1    
230:  0.049 0.010 0.062 0.442 0.024 0.043 0.096 0.016 0.184 0.073 1    
231:  0.029 0.058 0.057 0.092 0.046 0.242 0.226 0.055 0.172 0.024 1    
232:  0.022 0.018 0.026 0.338 0.167 0.248 0.056 0.013 0.059 0.054 1    
233:  0.019 0.016 0.050 0.613 0.035 0.023 0.054 0.111 0.052 0.027 1    
234:  0.052 0.082 0.200 0.055 0.056 0.193 0.154 0.055 0.132 0.021 1    
235:  0.042 0.028 0.031 0.058 0.053 0.043 0.235 0.176 0.304 0.030 1    
236:  0.019 0.030 0.022 0.033 0.204 0.015 0.059 0.307 0.044 0.267 1    
237:  0.166 0.022 0.032 0.251 0.027 0.053 0.126 0.028 0.181 0.113 1    
238:  0.037 0.397 0.083 0.026 0.018 0.163 0.092 0.011 0.095 0.078 1    
239:  0.067 0.045 0.022 0.353 0.085 0.077 0.091 0.135 0.075 0.049 1    
240:  0.027 0.033 0.021 0.166 0.019 0.014 0.020 0.658 0.026 0.016 1    
241:  0.031 0.024 0.394 0.060 0.105 0.079 0.128 0.080 0.087 0.012 1    
242:  0.037 0.025 0.068 0.244 0.046 0.076 0.133 0.092 0.190 0.089 1    
243:  0.198 0.026 0.042 0.026 0.180 0.198 0.117 0.048 0.110 0.057 1    
244:  0.036 0.015 0.010 0.068 0.013 0.671 0.121 0.012 0.030 0.024 1    
245:  0.205 0.054 0.027 0.050 0.246 0.049 0.092 0.040 0.108 0.128 1    
246:  0.010 0.010 0.012 0.008 0.009 0.910 0.011 0.009 0.013 0.009 1    
247:  0.056 0.083 0.372 0.061 0.026 0.082 0.098 0.034 0.056 0.132 1    
248:  0.071 0.047 0.051 0.101 0.032 0.108 0.279 0.062 0.202 0.048 1    
249:  0.072 0.049 0.031 0.174 0.027 0.178 0.192 0.016 0.193 0.068 1    
250:  0.078 0.075 0.418 0.096 0.033 0.022 0.086 0.026 0.084 0.080 1    
251:  0.053 0.022 0.071 0.482 0.031 0.021 0.053 0.016 0.233 0.019 1    
252:  0.020 0.692 0.016 0.040 0.032 0.042 0.052 0.040 0.036 0.031 1    
253:  0.025 0.034 0.212 0.069 0.049 0.090 0.154 0.214 0.111 0.042 1    
254:  0.046 0.020 0.217 0.050 0.091 0.081 0.097 0.211 0.113 0.075 1    
255:  0.039 0.313 0.036 0.134 0.017 0.199 0.117 0.045 0.068 0.032 1    
256:  0.042 0.746 0.021 0.031 0.024 0.016 0.032 0.024 0.035 0.028 1    
257:  0.023 0.107 0.021 0.158 0.022 0.329 0.180 0.063 0.084 0.013 1    
258:  0.031 0.291 0.130 0.057 0.054 0.150 0.097 0.028 0.110 0.052 1    
259:  0.132 0.015 0.099 0.021 0.028 0.025 0.136 0.030 0.454 0.061 1    
260:  0.016 0.035 0.312 0.033 0.015 0.075 0.156 0.064 0.067 0.226 1    
261:  0.044 0.200 0.058 0.304 0.071 0.030 0.089 0.103 0.052 0.048 1    
262:  0.065 0.620 0.041 0.023 0.048 0.077 0.032 0.020 0.034 0.039 1    
263:  0.145 0.104 0.176 0.050 0.073 0.033 0.129 0.051 0.071 0.167 1    
264:  0.087 0.017 0.030 0.022 0.414 0.035 0.128 0.126 0.125 0.017 1    
265:  0.032 0.042 0.013 0.041 0.668 0.020 0.064 0.011 0.079 0.030 1    
266:  0.025 0.029 0.169 0.028 0.025 0.312 0.149 0.024 0.111 0.128 1    
267:  0.012 0.032 0.016 0.022 0.776 0.015 0.022 0.072 0.022 0.010 1    
268:  0.066 0.038 0.107 0.485 0.096 0.024 0.056 0.026 0.078 0.025 1    
269:  0.036 0.783 0.013 0.016 0.029 0.024 0.023 0.012 0.040 0.023 1    
270:  0.031 0.108 0.027 0.109 0.028 0.363 0.168 0.034 0.110 0.022 1    
271:  0.016 0.757 0.018 0.023 0.048 0.046 0.027 0.018 0.028 0.019 1    
272:  0.054 0.085 0.083 0.089 0.240 0.036 0.084 0.163 0.142 0.025 1    
273:  0.019 0.041 0.108 0.035 0.020 0.052 0.238 0.114 0.283 0.090 1    
274:  0.115 0.015 0.126 0.134 0.048 0.050 0.142 0.222 0.125 0.025 1    
275:  0.533 0.087 0.024 0.029 0.011 0.033 0.028 0.117 0.028 0.110 1    
276:  0.027 0.080 0.025 0.044 0.610 0.033 0.052 0.024 0.072 0.033 1    
277:  0.051 0.288 0.016 0.119 0.015 0.043 0.057 0.044 0.047 0.320 1    
278:  0.265 0.172 0.037 0.058 0.014 0.039 0.089 0.154 0.112 0.059 1    
279:  0.219 0.063 0.009 0.090 0.220 0.013 0.110 0.036 0.084 0.156 1    
280:  0.049 0.083 0.025 0.123 0.099 0.043 0.115 0.071 0.111 0.281 1    
281:  0.021 0.800 0.018 0.011 0.030 0.041 0.022 0.016 0.027 0.014 1    
282:  0.155 0.019 0.251 0.024 0.055 0.024 0.075 0.070 0.239 0.090 1    
283:  0.041 0.103 0.037 0.072 0.309 0.040 0.128 0.014 0.121 0.134 1    
284:  0.025 0.865 0.011 0.014 0.019 0.011 0.016 0.014 0.016 0.009 1    
285:  0.035 0.346 0.038 0.034 0.147 0.070 0.113 0.064 0.076 0.077 1    
286:  0.043 0.135 0.185 0.026 0.420 0.053 0.051 0.021 0.046 0.020 1    
287:  0.280 0.193 0.107 0.020 0.033 0.070 0.142 0.031 0.106 0.018 1    
288:  0.015 0.165 0.368 0.128 0.030 0.119 0.060 0.026 0.049 0.040 1    
289:  0.033 0.066 0.121 0.039 0.040 0.069 0.175 0.024 0.359 0.073 1    
290:  0.032 0.087 0.190 0.080 0.091 0.252 0.115 0.044 0.095 0.014 1    
291:  0.044 0.045 0.020 0.014 0.108 0.264 0.327 0.017 0.127 0.034 1    
292:  0.017 0.034 0.108 0.028 0.016 0.549 0.125 0.020 0.078 0.024 1    
293:  0.024 0.234 0.039 0.028 0.047 0.187 0.215 0.021 0.181 0.025 1    
294:  0.073 0.039 0.077 0.066 0.036 0.061 0.104 0.449 0.074 0.022 1    
295:  0.032 0.163 0.020 0.042 0.023 0.479 0.126 0.024 0.075 0.018 1    
296:  0.118 0.215 0.024 0.188 0.044 0.066 0.129 0.037 0.121 0.058 1    
297:  0.456 0.089 0.011 0.026 0.015 0.034 0.044 0.175 0.051 0.097 1    
298:  0.017 0.030 0.024 0.017 0.040 0.322 0.216 0.015 0.294 0.024 1    
299:  0.035 0.024 0.036 0.019 0.731 0.022 0.033 0.034 0.050 0.015 1    
300:  0.867 0.017 0.012 0.023 0.017 0.013 0.017 0.011 0.014 0.010 1    
301:  0.013 0.593 0.010 0.055 0.013 0.046 0.172 0.010 0.067 0.022 1    
302:  0.030 0.083 0.058 0.326 0.030 0.037 0.100 0.049 0.240 0.048 1    
303:  0.273 0.074 0.036 0.060 0.202 0.057 0.106 0.034 0.062 0.096 1    
304:  0.008 0.057 0.014 0.054 0.639 0.011 0.025 0.154 0.025 0.013 1    
305:  0.135 0.080 0.067 0.157 0.106 0.052 0.128 0.130 0.092 0.053 1    
306:  0.095 0.076 0.015 0.025 0.089 0.023 0.123 0.028 0.107 0.419 1    
307:  0.009 0.711 0.018 0.070 0.036 0.033 0.043 0.019 0.037 0.025 1    
308:  0.152 0.033 0.100 0.040 0.067 0.055 0.203 0.050 0.239 0.061 1    
309:  0.011 0.795 0.023 0.045 0.011 0.019 0.029 0.028 0.023 0.014 1    
310:  0.052 0.611 0.013 0.029 0.017 0.113 0.056 0.036 0.053 0.021 1    
311:  0.011 0.016 0.011 0.017 0.774 0.097 0.022 0.015 0.025 0.012 1    
312:  0.032 0.533 0.013 0.093 0.012 0.024 0.123 0.035 0.068 0.065 1    
313:  0.024 0.783 0.027 0.016 0.015 0.037 0.029 0.019 0.030 0.021 1    
314:  0.036 0.119 0.129 0.169 0.115 0.094 0.145 0.080 0.098 0.015 1    
315:  0.010 0.641 0.034 0.040 0.021 0.036 0.066 0.033 0.075 0.045 1    
316:  0.016 0.027 0.016 0.170 0.010 0.038 0.215 0.013 0.097 0.398 1    
317:  0.034 0.598 0.016 0.036 0.009 0.029 0.078 0.011 0.074 0.116 1    
318:  0.021 0.025 0.011 0.009 0.858 0.017 0.015 0.017 0.012 0.014 1    
319:  0.857 0.016 0.012 0.013 0.012 0.015 0.017 0.021 0.021 0.016 1    
320:  0.036 0.021 0.433 0.090 0.019 0.087 0.189 0.033 0.075 0.018 1    
321:  0.073 0.268 0.021 0.043 0.082 0.096 0.178 0.060 0.124 0.054 1    
322:  0.044 0.029 0.018 0.019 0.032 0.072 0.355 0.047 0.185 0.198 1    
323:  0.294 0.256 0.026 0.019 0.070 0.035 0.072 0.096 0.052 0.080 1    
324:  0.030 0.453 0.020 0.018 0.042 0.063 0.095 0.038 0.218 0.022 1    
325:  0.062 0.427 0.015 0.034 0.064 0.102 0.115 0.045 0.096 0.040 1    
326:  0.011 0.015 0.009 0.014 0.808 0.008 0.018 0.073 0.019 0.024 1    
327:  0.023 0.027 0.742 0.029 0.021 0.020 0.031 0.034 0.054 0.020 1    
328:  0.039 0.283 0.019 0.238 0.044 0.084 0.120 0.058 0.086 0.029 1    
329:  0.026 0.067 0.021 0.019 0.622 0.025 0.054 0.074 0.076 0.017 1    
330:  0.763 0.024 0.033 0.015 0.054 0.020 0.028 0.024 0.024 0.015 1    
331:  0.018 0.556 0.041 0.027 0.027 0.096 0.081 0.016 0.118 0.020 1    
332:  0.022 0.118 0.031 0.422 0.028 0.077 0.136 0.022 0.072 0.073 1    
333:  0.013 0.007 0.010 0.055 0.079 0.009 0.013 0.781 0.012 0.021 1    
334:  0.012 0.054 0.017 0.090 0.076 0.031 0.265 0.011 0.094 0.349 1    
335:  0.077 0.020 0.608 0.017 0.040 0.026 0.083 0.031 0.064 0.033 1    
336:  0.748 0.021 0.046 0.019 0.015 0.033 0.042 0.025 0.028 0.025 1    
337:  0.027 0.024 0.019 0.026 0.044 0.575 0.110 0.085 0.057 0.035 1    
338:  0.516 0.023 0.009 0.014 0.039 0.084 0.055 0.118 0.044 0.098 1    
339:  0.053 0.219 0.019 0.038 0.090 0.095 0.116 0.018 0.087 0.266 1    
340:  0.025 0.374 0.035 0.092 0.110 0.121 0.076 0.029 0.083 0.054 1    
341:  0.024 0.353 0.022 0.036 0.014 0.106 0.243 0.062 0.116 0.024 1    
342:  0.745 0.023 0.019 0.050 0.016 0.013 0.049 0.036 0.034 0.016 1    
343:  0.084 0.014 0.064 0.018 0.026 0.028 0.227 0.107 0.181 0.251 1    
344:  0.022 0.185 0.013 0.161 0.027 0.031 0.128 0.030 0.061 0.342 1    
345:  0.019 0.017 0.691 0.070 0.008 0.111 0.027 0.023 0.018 0.016 1    
346:  0.014 0.014 0.011 0.007 0.890 0.011 0.012 0.014 0.015 0.011 1    
347:  0.852 0.010 0.013 0.023 0.024 0.016 0.024 0.010 0.020 0.009 1    
348:  0.060 0.040 0.037 0.018 0.096 0.017 0.025 0.642 0.033 0.030 1    
349:  0.112 0.059 0.061 0.079 0.247 0.052 0.111 0.098 0.166 0.016 1    
350:  0.039 0.034 0.017 0.577 0.018 0.021 0.061 0.047 0.061 0.126 1    
351:  0.071 0.410 0.045 0.085 0.018 0.039 0.107 0.054 0.088 0.084 1    
352:  0.012 0.026 0.357 0.023 0.018 0.158 0.067 0.011 0.305 0.023 1    
353:  0.033 0.018 0.072 0.025 0.016 0.012 0.029 0.010 0.032 0.754 1    
354:  0.517 0.031 0.025 0.050 0.012 0.032 0.104 0.102 0.034 0.094 1    
355:  0.051 0.039 0.045 0.061 0.042 0.024 0.034 0.646 0.038 0.019 1    
356:  0.051 0.198 0.020 0.088 0.033 0.153 0.091 0.022 0.103 0.240 1    
357:  0.012 0.829 0.031 0.015 0.010 0.023 0.023 0.011 0.017 0.029 1    
358:  0.409 0.041 0.023 0.027 0.120 0.222 0.058 0.032 0.050 0.018 1    
359:  0.023 0.666 0.058 0.079 0.024 0.014 0.036 0.014 0.051 0.035 1    
360:  0.351 0.100 0.023 0.026 0.057 0.020 0.068 0.045 0.134 0.176 1    
361:  0.031 0.034 0.036 0.060 0.027 0.030 0.393 0.015 0.247 0.127 1    
362:  0.089 0.199 0.049 0.039 0.095 0.058 0.102 0.151 0.106 0.112 1    
363:  0.013 0.827 0.015 0.012 0.017 0.019 0.019 0.012 0.018 0.049 1    
364:  0.026 0.164 0.393 0.028 0.032 0.179 0.071 0.011 0.059 0.037 1    
365:  0.179 0.227 0.034 0.083 0.049 0.087 0.110 0.043 0.089 0.100 1    
366:  0.018 0.013 0.032 0.064 0.074 0.024 0.050 0.262 0.038 0.425 1    
367:  0.047 0.620 0.030 0.041 0.024 0.078 0.041 0.024 0.052 0.043 1    
368:  0.067 0.046 0.023 0.023 0.213 0.031 0.122 0.034 0.135 0.307 1    
369:  0.016 0.037 0.672 0.053 0.031 0.056 0.037 0.016 0.037 0.045 1    
370:  0.813 0.031 0.014 0.022 0.013 0.011 0.023 0.016 0.025 0.032 1    
371:  0.361 0.063 0.032 0.041 0.021 0.240 0.053 0.085 0.048 0.057 1    
372:  0.036 0.713 0.042 0.013 0.028 0.046 0.022 0.027 0.056 0.017 1    
373:  0.029 0.023 0.035 0.340 0.015 0.084 0.154 0.039 0.107 0.174 1    
374:  0.156 0.223 0.076 0.061 0.022 0.181 0.105 0.040 0.120 0.017 1    
375:  0.061 0.048 0.017 0.112 0.013 0.039 0.123 0.438 0.043 0.105 1    
376:  0.022 0.016 0.012 0.172 0.021 0.016 0.089 0.051 0.066 0.534 1    
377:  0.607 0.027 0.097 0.016 0.028 0.040 0.036 0.082 0.034 0.033 1    
378:  0.104 0.041 0.038 0.046 0.051 0.109 0.239 0.027 0.117 0.229 1    
379:  0.678 0.065 0.027 0.047 0.059 0.039 0.030 0.016 0.028 0.011 1    
380:  0.035 0.024 0.038 0.019 0.327 0.248 0.142 0.056 0.084 0.027 1    
381:  0.306 0.113 0.172 0.033 0.015 0.071 0.103 0.051 0.091 0.047 1    
382:  0.220 0.079 0.062 0.045 0.027 0.208 0.098 0.017 0.228 0.017 1    
383:  0.120 0.575 0.024 0.024 0.104 0.027 0.029 0.028 0.049 0.023 1    
384:  0.063 0.018 0.152 0.435 0.049 0.021 0.069 0.040 0.114 0.037 1    
385:  0.029 0.875 0.010 0.011 0.008 0.017 0.013 0.012 0.013 0.011 1    
386:  0.066 0.094 0.099 0.040 0.023 0.075 0.193 0.092 0.268 0.049 1    
387:  0.061 0.208 0.200 0.072 0.070 0.118 0.105 0.047 0.088 0.031 1    
388:  0.039 0.019 0.202 0.031 0.014 0.028 0.205 0.096 0.332 0.034 1    
389:  0.063 0.088 0.025 0.026 0.400 0.029 0.147 0.048 0.105 0.068 1    
390:  0.165 0.080 0.024 0.101 0.015 0.216 0.083 0.033 0.073 0.208 1    
391:  0.033 0.260 0.043 0.052 0.080 0.197 0.178 0.049 0.069 0.039 1    
392:  0.042 0.014 0.046 0.050 0.025 0.059 0.066 0.541 0.089 0.067 1    
393:  0.028 0.101 0.052 0.036 0.043 0.050 0.137 0.386 0.097 0.069 1    
394:  0.084 0.148 0.070 0.067 0.087 0.068 0.186 0.050 0.220 0.021 1    
395:  0.064 0.314 0.029 0.046 0.113 0.056 0.056 0.046 0.049 0.227 1    
396:  0.034 0.147 0.097 0.169 0.041 0.120 0.180 0.031 0.157 0.023 1    
397:  0.013 0.021 0.033 0.062 0.272 0.014 0.020 0.511 0.025 0.028 1    
398:  0.052 0.011 0.069 0.015 0.070 0.021 0.407 0.020 0.306 0.029 1    
399:  0.021 0.371 0.013 0.056 0.122 0.025 0.164 0.022 0.064 0.142 1    
400:  0.099 0.129 0.016 0.039 0.044 0.194 0.077 0.023 0.067 0.311 1    
401:  0.023 0.188 0.140 0.139 0.025 0.116 0.088 0.078 0.092 0.112 1    
402:  0.013 0.019 0.369 0.122 0.008 0.217 0.168 0.023 0.052 0.009 1    
403:  0.426 0.024 0.021 0.021 0.020 0.083 0.068 0.074 0.088 0.175 1    
404:  0.457 0.021 0.017 0.053 0.019 0.063 0.062 0.080 0.080 0.149 1    
405:  0.168 0.019 0.040 0.102 0.140 0.221 0.158 0.027 0.103 0.022 1    
406:  0.015 0.063 0.011 0.013 0.818 0.017 0.019 0.013 0.015 0.017 1    
407:  0.010 0.021 0.009 0.019 0.871 0.013 0.017 0.016 0.014 0.010 1    
408:  0.042 0.021 0.312 0.048 0.023 0.260 0.176 0.014 0.082 0.021 1    
409:  0.084 0.020 0.073 0.066 0.208 0.021 0.251 0.041 0.169 0.068 1    
410:  0.017 0.082 0.042 0.184 0.053 0.105 0.146 0.017 0.325 0.029 1    
411:  0.057 0.543 0.018 0.018 0.087 0.070 0.064 0.027 0.064 0.052 1    
412:  0.058 0.273 0.051 0.017 0.207 0.036 0.065 0.035 0.233 0.026 1    
413:  0.663 0.032 0.010 0.021 0.010 0.016 0.045 0.083 0.038 0.081 1    
414:  0.647 0.137 0.010 0.052 0.032 0.015 0.034 0.019 0.028 0.026 1    
415:  0.249 0.370 0.055 0.034 0.020 0.063 0.073 0.028 0.085 0.024 1    
416:  0.302 0.028 0.024 0.022 0.039 0.105 0.089 0.240 0.094 0.056 1    
417:  0.323 0.041 0.068 0.089 0.045 0.033 0.152 0.026 0.123 0.102 1    
418:  0.106 0.062 0.034 0.110 0.061 0.108 0.160 0.013 0.245 0.101 1    
419:  0.031 0.130 0.099 0.019 0.043 0.262 0.098 0.025 0.095 0.199 1    
420:  0.238 0.044 0.013 0.387 0.022 0.044 0.082 0.064 0.044 0.064 1    
421:  0.026 0.018 0.017 0.291 0.052 0.017 0.022 0.525 0.023 0.010 1    
422:  0.018 0.015 0.438 0.054 0.022 0.041 0.052 0.017 0.037 0.307 1    
423:  0.037 0.014 0.014 0.090 0.010 0.174 0.306 0.129 0.044 0.180 1    
424:  0.019 0.019 0.010 0.375 0.126 0.022 0.039 0.328 0.040 0.021 1    
425:  0.086 0.192 0.027 0.155 0.037 0.103 0.156 0.150 0.055 0.039 1    
426:  0.015 0.021 0.128 0.062 0.022 0.022 0.046 0.641 0.023 0.021 1    
427:  0.020 0.013 0.020 0.030 0.014 0.794 0.039 0.018 0.027 0.024 1    
428:  0.024 0.016 0.014 0.015 0.011 0.019 0.021 0.848 0.019 0.013 1    
429:  0.080 0.604 0.039 0.032 0.027 0.036 0.058 0.062 0.040 0.022 1    
430:  0.082 0.065 0.172 0.264 0.053 0.034 0.084 0.030 0.203 0.012 1    
431:  0.217 0.035 0.033 0.109 0.172 0.061 0.097 0.021 0.205 0.051 1    
432:  0.019 0.053 0.012 0.032 0.008 0.772 0.037 0.020 0.015 0.030 1    
433:  0.049 0.026 0.122 0.026 0.045 0.085 0.200 0.015 0.242 0.188 1    
434:  0.015 0.789 0.019 0.012 0.013 0.020 0.027 0.053 0.030 0.023 1    
435:  0.033 0.028 0.059 0.054 0.038 0.278 0.286 0.058 0.146 0.020 1    
436:  0.013 0.013 0.036 0.037 0.011 0.014 0.025 0.798 0.019 0.033 1    
437:  0.024 0.027 0.182 0.150 0.030 0.024 0.108 0.311 0.119 0.025 1    
438:  0.028 0.054 0.141 0.154 0.053 0.052 0.165 0.178 0.094 0.080 1    
439:  0.036 0.057 0.046 0.052 0.011 0.131 0.314 0.093 0.115 0.145 1    
440:  0.070 0.105 0.038 0.054 0.024 0.134 0.201 0.196 0.092 0.086 1    
441:  0.140 0.038 0.066 0.082 0.031 0.069 0.107 0.054 0.157 0.256 1    
442:  0.032 0.052 0.575 0.049 0.023 0.021 0.039 0.022 0.033 0.154 1    
443:  0.344 0.057 0.046 0.019 0.192 0.065 0.102 0.027 0.097 0.050 1    
444:  0.040 0.021 0.022 0.114 0.027 0.656 0.036 0.033 0.032 0.019 1    
445:  0.083 0.021 0.029 0.114 0.177 0.014 0.098 0.342 0.081 0.041 1    
446:  0.084 0.021 0.044 0.050 0.011 0.027 0.220 0.394 0.114 0.036 1    
447:  0.343 0.038 0.044 0.018 0.031 0.026 0.234 0.059 0.184 0.023 1    
448:  0.036 0.036 0.162 0.025 0.105 0.193 0.147 0.023 0.088 0.186 1    
449:  0.052 0.068 0.040 0.019 0.018 0.104 0.369 0.102 0.200 0.029 1    
450:  0.021 0.009 0.063 0.015 0.012 0.125 0.033 0.033 0.033 0.657 1    
451:  0.094 0.038 0.038 0.290 0.162 0.048 0.134 0.067 0.108 0.022 1    
452:  0.757 0.012 0.024 0.049 0.017 0.020 0.044 0.014 0.041 0.022 1    
453:  0.046 0.131 0.012 0.060 0.226 0.031 0.087 0.039 0.063 0.305 1    
454:  0.029 0.025 0.012 0.021 0.017 0.077 0.127 0.615 0.037 0.039 1    
455:  0.016 0.022 0.791 0.039 0.026 0.020 0.028 0.013 0.025 0.020 1    
456:  0.012 0.258 0.011 0.009 0.008 0.648 0.014 0.015 0.012 0.013 1    
457:  0.121 0.047 0.114 0.038 0.300 0.048 0.071 0.030 0.197 0.035 1    
458:  0.852 0.015 0.015 0.019 0.015 0.019 0.020 0.012 0.019 0.015 1    
459:  0.015 0.028 0.032 0.159 0.127 0.233 0.128 0.149 0.110 0.019 1    
460:  0.096 0.031 0.015 0.425 0.109 0.026 0.085 0.070 0.080 0.063 1    
461:  0.789 0.016 0.013 0.027 0.037 0.009 0.026 0.049 0.023 0.012 1    
462:  0.541 0.017 0.036 0.117 0.012 0.018 0.056 0.108 0.061 0.034 1    
463:  0.028 0.011 0.731 0.041 0.014 0.057 0.035 0.033 0.027 0.022 1    
464:  0.564 0.120 0.041 0.025 0.020 0.030 0.039 0.049 0.076 0.035 1    
465:  0.060 0.053 0.090 0.028 0.065 0.142 0.154 0.059 0.141 0.208 1    
466:  0.017 0.721 0.014 0.050 0.054 0.043 0.047 0.024 0.019 0.012 1    
467:  0.014 0.009 0.014 0.205 0.644 0.011 0.027 0.022 0.039 0.015 1    
468:  0.357 0.029 0.049 0.018 0.082 0.034 0.066 0.059 0.277 0.029 1    
469:  0.014 0.024 0.026 0.239 0.116 0.077 0.061 0.379 0.037 0.028 1    
470:  0.046 0.039 0.085 0.105 0.047 0.040 0.127 0.100 0.175 0.235 1    
471:  0.169 0.055 0.047 0.090 0.099 0.155 0.123 0.018 0.085 0.160 1    
472:  0.060 0.049 0.274 0.135 0.032 0.078 0.161 0.013 0.137 0.060 1    
473:  0.022 0.039 0.091 0.091 0.458 0.034 0.060 0.142 0.039 0.023 1    
474:  0.036 0.036 0.025 0.016 0.612 0.050 0.073 0.033 0.102 0.016 1    
475:  0.032 0.022 0.064 0.009 0.152 0.522 0.072 0.034 0.079 0.014 1    
476:  0.019 0.087 0.047 0.036 0.027 0.470 0.066 0.169 0.043 0.036 1    
477:  0.218 0.036 0.036 0.025 0.034 0.143 0.062 0.084 0.024 0.338 1    
478:  0.526 0.110 0.022 0.087 0.024 0.043 0.062 0.046 0.040 0.040 1    
479:  0.014 0.013 0.025 0.019 0.013 0.844 0.015 0.014 0.017 0.026 1    
480:  0.017 0.038 0.022 0.011 0.013 0.845 0.018 0.014 0.015 0.008 1    
481:  0.009 0.054 0.016 0.027 0.801 0.014 0.014 0.010 0.047 0.007 1    
482:  0.059 0.020 0.237 0.050 0.058 0.032 0.187 0.157 0.126 0.075 1    
483:  0.033 0.026 0.051 0.034 0.647 0.026 0.055 0.009 0.044 0.075 1    
484:  0.026 0.010 0.029 0.033 0.017 0.010 0.025 0.797 0.028 0.027 1    
485:  0.045 0.238 0.175 0.038 0.208 0.053 0.077 0.035 0.075 0.055 1    
486:  0.022 0.017 0.024 0.040 0.232 0.026 0.156 0.017 0.407 0.059 1    
487:  0.015 0.033 0.212 0.159 0.030 0.083 0.179 0.009 0.196 0.083 1    
488:  0.110 0.049 0.028 0.023 0.019 0.110 0.247 0.182 0.165 0.067 1    
489:  0.069 0.076 0.015 0.028 0.014 0.690 0.032 0.021 0.028 0.026 1    
490:  0.056 0.040 0.346 0.022 0.055 0.059 0.123 0.083 0.143 0.074 1    
491:  0.041 0.027 0.074 0.038 0.015 0.044 0.025 0.019 0.017 0.701 1    
492:  0.053 0.015 0.022 0.124 0.017 0.018 0.368 0.053 0.275 0.056 1    
493:  0.033 0.318 0.012 0.044 0.010 0.285 0.069 0.031 0.022 0.176 1    
494:  0.013 0.890 0.009 0.009 0.013 0.015 0.011 0.022 0.009 0.009 1    
495:  0.012 0.027 0.014 0.035 0.053 0.762 0.024 0.027 0.024 0.022 1    
496:  0.253 0.095 0.048 0.050 0.094 0.063 0.070 0.165 0.129 0.034 1    
497:  0.028 0.028 0.117 0.121 0.034 0.032 0.058 0.528 0.038 0.017 1    
498:  0.478 0.016 0.037 0.126 0.044 0.026 0.084 0.076 0.067 0.046 1    
499:  0.044 0.545 0.034 0.038 0.017 0.136 0.086 0.014 0.050 0.036 1    
500:  0.049 0.375 0.021 0.047 0.034 0.044 0.048 0.078 0.030 0.275 1    
501:  0.059 0.058 0.014 0.038 0.016 0.223 0.113 0.052 0.089 0.338 1    
502:  0.022 0.071 0.054 0.294 0.040 0.027 0.065 0.051 0.065 0.311 1    
503:  0.084 0.043 0.128 0.137 0.042 0.020 0.110 0.154 0.227 0.053 1    
504:  0.310 0.324 0.027 0.026 0.039 0.022 0.069 0.034 0.051 0.098 1    
505:  0.553 0.035 0.063 0.063 0.037 0.025 0.102 0.024 0.063 0.034 1    
506:  0.024 0.088 0.112 0.032 0.022 0.037 0.132 0.276 0.101 0.176 1    
507:  0.346 0.024 0.052 0.071 0.032 0.093 0.161 0.016 0.143 0.061 1    
508:  0.037 0.028 0.067 0.034 0.019 0.305 0.108 0.114 0.205 0.083 1    
509:  0.021 0.304 0.016 0.169 0.308 0.032 0.047 0.036 0.042 0.026 1    
510:  0.031 0.014 0.123 0.031 0.020 0.046 0.149 0.028 0.541 0.017 1    
511:  0.026 0.012 0.745 0.015 0.015 0.014 0.027 0.013 0.040 0.093 1    
512:  0.098 0.239 0.027 0.096 0.338 0.043 0.061 0.035 0.050 0.014 1    
513:  0.025 0.070 0.010 0.017 0.029 0.294 0.375 0.024 0.143 0.012 1    
514:  0.019 0.835 0.010 0.018 0.013 0.017 0.034 0.016 0.023 0.015 1    
515:  0.811 0.019 0.016 0.020 0.021 0.031 0.024 0.011 0.038 0.010 1    
516:  0.389 0.014 0.048 0.027 0.125 0.024 0.054 0.020 0.133 0.164 1    
517:  0.654 0.034 0.025 0.023 0.099 0.023 0.034 0.025 0.062 0.021 1    
518:  0.030 0.037 0.058 0.086 0.035 0.069 0.052 0.017 0.028 0.588 1    
519:  0.405 0.021 0.023 0.232 0.062 0.020 0.061 0.062 0.052 0.063 1    
520:  0.018 0.035 0.011 0.040 0.015 0.023 0.067 0.702 0.024 0.066 1    
521:  0.024 0.612 0.056 0.020 0.019 0.030 0.035 0.033 0.021 0.152 1    
522:  0.097 0.146 0.020 0.066 0.030 0.064 0.078 0.263 0.076 0.160 1    
523:  0.018 0.073 0.062 0.043 0.081 0.294 0.156 0.019 0.119 0.134 1    
524:  0.133 0.057 0.026 0.175 0.100 0.085 0.101 0.054 0.143 0.126 1    
525:  0.066 0.542 0.047 0.013 0.049 0.153 0.039 0.021 0.036 0.034 1    
526:  0.077 0.067 0.102 0.263 0.047 0.248 0.082 0.027 0.074 0.014 1    
527:  0.012 0.032 0.028 0.034 0.015 0.737 0.044 0.018 0.026 0.054 1    
528:  0.276 0.021 0.066 0.040 0.216 0.031 0.092 0.021 0.206 0.029 1    
529:  0.020 0.792 0.016 0.018 0.025 0.031 0.029 0.033 0.018 0.017 1    
530:  0.023 0.038 0.048 0.027 0.022 0.595 0.055 0.046 0.040 0.107 1    
531:  0.022 0.479 0.022 0.015 0.032 0.252 0.074 0.024 0.061 0.019 1    
532:  0.017 0.022 0.030 0.016 0.091 0.377 0.029 0.284 0.033 0.102 1    
533:  0.220 0.036 0.020 0.294 0.014 0.033 0.034 0.258 0.041 0.051 1    
534:  0.421 0.028 0.034 0.128 0.022 0.081 0.097 0.027 0.058 0.105 1    
535:  0.336 0.017 0.090 0.124 0.023 0.019 0.147 0.047 0.066 0.133 1    
536:  0.010 0.021 0.020 0.018 0.678 0.098 0.055 0.043 0.037 0.020 1    
537:  0.021 0.024 0.075 0.019 0.370 0.312 0.062 0.016 0.088 0.014 1    
538:  0.055 0.029 0.025 0.102 0.061 0.371 0.161 0.049 0.090 0.057 1    
539:  0.019 0.025 0.012 0.714 0.012 0.051 0.036 0.013 0.026 0.092 1    
540:  0.027 0.163 0.075 0.040 0.030 0.335 0.119 0.059 0.123 0.030 1    
541:  0.026 0.071 0.020 0.108 0.012 0.021 0.057 0.593 0.039 0.053 1    
542:  0.025 0.060 0.051 0.029 0.019 0.032 0.053 0.091 0.041 0.600 1    
543:  0.027 0.557 0.018 0.068 0.020 0.031 0.086 0.113 0.046 0.034 1    
544:  0.133 0.014 0.040 0.037 0.038 0.313 0.169 0.025 0.103 0.129 1    
545:  0.021 0.019 0.712 0.046 0.020 0.013 0.024 0.088 0.044 0.013 1    
546:  0.058 0.023 0.267 0.355 0.009 0.035 0.087 0.023 0.117 0.026 1    
547:  0.064 0.033 0.266 0.111 0.081 0.097 0.174 0.034 0.104 0.037 1    
548:  0.026 0.027 0.070 0.020 0.301 0.039 0.092 0.238 0.120 0.067 1    
549:  0.188 0.088 0.024 0.189 0.025 0.034 0.160 0.049 0.120 0.124 1    
550:  0.018 0.021 0.163 0.328 0.083 0.032 0.083 0.197 0.054 0.021 1    
551:  0.047 0.062 0.017 0.194 0.012 0.044 0.237 0.028 0.040 0.319 1    
552:  0.062 0.050 0.127 0.409 0.030 0.025 0.093 0.055 0.102 0.046 1    
553:  0.034 0.015 0.023 0.702 0.083 0.034 0.038 0.024 0.032 0.015 1    
554:  0.053 0.016 0.195 0.037 0.065 0.017 0.113 0.279 0.135 0.089 1    
555:  0.130 0.088 0.063 0.087 0.036 0.036 0.226 0.122 0.165 0.048 1    
