1:    0.106 0.109 0.116 0.069 0.139 0.108 0.049 0.073 0.107 0.123 1    
2:    0.134 0.034 0.124 0.077 0.188 0.100 0.048 0.101 0.120 0.074 1    
3:    0.057 0.053 0.073 0.139 0.021 0.152 0.132 0.177 0.114 0.083 1    
4:    0.087 0.295 0.076 0.068 0.232 0.041 0.036 0.028 0.050 0.088 1    
5:    0.095 0.020 0.103 0.072 0.058 0.058 0.328 0.086 0.076 0.104 1    
6:    0.268 0.057 0.161 0.055 0.112 0.029 0.016 0.065 0.079 0.158 1    
7:    0.112 0.045 0.083 0.086 0.322 0.056 0.026 0.054 0.135 0.081 1    
8:    0.091 0.176 0.128 0.086 0.093 0.063 0.076 0.067 0.108 0.112 1    
9:    0.076 0.322 0.083 0.086 0.124 0.055 0.021 0.046 0.100 0.087 1    
10:   0.065 0.044 0.098 0.052 0.543 0.062 0.019 0.027 0.040 0.050 1    
11:   0.167 0.043 0.060 0.139 0.019 0.159 0.044 0.052 0.220 0.098 1    
12:   0.023 0.031 0.042 0.042 0.015 0.021 0.713 0.051 0.025 0.035 1    
13:   0.139 0.060 0.070 0.133 0.040 0.146 0.077 0.105 0.143 0.087 1    
14:   0.058 0.221 0.065 0.045 0.140 0.133 0.123 0.057 0.094 0.062 1    
15:   0.088 0.056 0.093 0.106 0.043 0.195 0.103 0.124 0.105 0.087 1    
16:   0.165 0.022 0.073 0.131 0.019 0.068 0.168 0.057 0.198 0.099 1    
17:   0.170 0.034 0.169 0.113 0.092 0.075 0.025 0.061 0.085 0.176 1    
18:   0.088 0.091 0.156 0.089 0.047 0.089 0.141 0.124 0.055 0.119 1    
19:   0.077 0.061 0.063 0.068 0.509 0.070 0.016 0.052 0.036 0.048 1    
20:   0.197 0.025 0.102 0.075 0.044 0.074 0.074 0.055 0.145 0.209 1    
21:   0.099 0.021 0.078 0.123 0.024 0.130 0.119 0.140 0.160 0.107 1    
22:   0.122 0.077 0.057 0.080 0.053 0.099 0.209 0.085 0.139 0.078 1    
23:   0.220 0.026 0.148 0.064 0.018 0.052 0.109 0.048 0.094 0.222 1    
24:   0.149 0.218 0.104 0.099 0.055 0.057 0.025 0.082 0.067 0.144 1    
25:   0.110 0.120 0.101 0.108 0.060 0.128 0.039 0.094 0.135 0.105 1    
26:   0.074 0.041 0.055 0.180 0.040 0.108 0.229 0.159 0.066 0.049 1    
27:   0.099 0.046 0.084 0.221 0.075 0.063 0.036 0.085 0.187 0.104 1    
28:   0.108 0.049 0.116 0.134 0.061 0.101 0.079 0.139 0.103 0.110 1    
29:   0.045 0.051 0.073 0.075 0.031 0.037 0.541 0.057 0.045 0.045 1    
30:   0.075 0.080 0.101 0.167 0.041 0.159 0.029 0.043 0.169 0.136 1    
31:   0.063 0.060 0.061 0.092 0.111 0.155 0.221 0.062 0.118 0.057 1    
32:   0.098 0.035 0.100 0.045 0.317 0.167 0.047 0.038 0.075 0.078 1    
33:   0.087 0.024 0.103 0.089 0.243 0.160 0.038 0.053 0.084 0.119 1    
34:   0.144 0.189 0.066 0.098 0.080 0.074 0.037 0.083 0.129 0.100 1    
35:   0.046 0.024 0.060 0.048 0.560 0.051 0.065 0.042 0.059 0.045 1    
36:   0.059 0.084 0.086 0.106 0.054 0.178 0.048 0.194 0.123 0.068 1    
37:   0.115 0.036 0.122 0.126 0.047 0.068 0.148 0.109 0.107 0.122 1    
38:   0.085 0.080 0.083 0.091 0.085 0.095 0.058 0.097 0.217 0.108 1    
39:   0.033 0.072 0.042 0.026 0.620 0.050 0.044 0.036 0.030 0.047 1    
40:   0.025 0.020 0.024 0.034 0.788 0.024 0.019 0.021 0.024 0.022 1    
41:   0.104 0.165 0.084 0.040 0.100 0.189 0.084 0.047 0.118 0.070 1    
42:   0.044 0.016 0.034 0.028 0.033 0.025 0.704 0.046 0.039 0.030 1    
43:   0.091 0.033 0.140 0.133 0.056 0.093 0.113 0.096 0.144 0.101 1    
44:   0.070 0.059 0.061 0.103 0.445 0.087 0.019 0.067 0.041 0.048 1    
45:   0.062 0.025 0.060 0.061 0.021 0.130 0.389 0.111 0.075 0.066 1    
46:   0.144 0.201 0.077 0.124 0.041 0.061 0.068 0.065 0.094 0.124 1    
47:   0.052 0.057 0.064 0.139 0.093 0.217 0.029 0.062 0.208 0.081 1    
48:   0.141 0.150 0.161 0.077 0.067 0.067 0.041 0.046 0.104 0.146 1    
49:   0.071 0.366 0.049 0.038 0.308 0.035 0.023 0.040 0.034 0.036 1    
50:   0.048 0.036 0.071 0.041 0.586 0.034 0.021 0.037 0.049 0.078 1    
51:   0.049 0.509 0.046 0.053 0.025 0.092 0.050 0.048 0.076 0.051 1    
52:   0.027 0.023 0.060 0.038 0.028 0.045 0.586 0.097 0.050 0.046 1    
53:   0.019 0.019 0.016 0.019 0.810 0.027 0.026 0.021 0.020 0.024 1    
54:   0.045 0.101 0.042 0.056 0.014 0.034 0.501 0.123 0.038 0.046 1    
55:   0.118 0.029 0.154 0.054 0.045 0.136 0.132 0.075 0.124 0.134 1    
56:   0.015 0.017 0.014 0.014 0.882 0.012 0.007 0.011 0.015 0.012 1    
57:   0.131 0.045 0.136 0.059 0.047 0.145 0.022 0.062 0.136 0.216 1    
58:   0.077 0.012 0.147 0.121 0.041 0.032 0.207 0.255 0.030 0.080 1    
59:   0.050 0.040 0.089 0.119 0.050 0.035 0.464 0.056 0.035 0.062 1    
60:   0.264 0.028 0.189 0.053 0.031 0.030 0.020 0.037 0.082 0.265 1    
61:   0.102 0.077 0.107 0.122 0.062 0.095 0.135 0.073 0.133 0.093 1    
62:   0.070 0.495 0.050 0.037 0.129 0.059 0.039 0.035 0.045 0.043 1    
63:   0.105 0.029 0.220 0.129 0.030 0.030 0.014 0.198 0.054 0.192 1    
64:   0.074 0.093 0.098 0.063 0.330 0.051 0.095 0.073 0.039 0.085 1    
65:   0.040 0.050 0.032 0.036 0.702 0.019 0.037 0.021 0.024 0.037 1    
66:   0.038 0.057 0.043 0.055 0.321 0.197 0.043 0.031 0.163 0.053 1    
67:   0.102 0.215 0.085 0.065 0.218 0.049 0.027 0.070 0.082 0.089 1    
68:   0.077 0.240 0.100 0.075 0.065 0.132 0.020 0.069 0.142 0.080 1    
69:   0.100 0.053 0.127 0.271 0.050 0.036 0.047 0.114 0.066 0.136 1    
70:   0.085 0.221 0.080 0.051 0.263 0.072 0.013 0.028 0.096 0.091 1    
71:   0.064 0.037 0.087 0.058 0.316 0.134 0.022 0.057 0.131 0.094 1    
72:   0.046 0.064 0.054 0.066 0.061 0.067 0.480 0.052 0.050 0.060 1    
73:   0.283 0.025 0.034 0.028 0.031 0.333 0.026 0.024 0.184 0.033 1    
74:   0.093 0.055 0.095 0.115 0.035 0.204 0.031 0.126 0.124 0.122 1    
75:   0.032 0.822 0.023 0.023 0.015 0.016 0.015 0.013 0.019 0.021 1    
76:   0.039 0.069 0.059 0.049 0.582 0.058 0.019 0.042 0.036 0.046 1    
77:   0.102 0.026 0.171 0.244 0.046 0.050 0.019 0.063 0.156 0.123 1    
78:   0.091 0.091 0.093 0.147 0.163 0.079 0.095 0.087 0.057 0.097 1    
79:   0.060 0.263 0.099 0.070 0.156 0.049 0.064 0.084 0.074 0.081 1    
80:   0.114 0.047 0.114 0.160 0.059 0.056 0.051 0.106 0.180 0.112 1    
81:   0.089 0.057 0.112 0.116 0.044 0.086 0.078 0.169 0.157 0.092 1    
82:   0.136 0.079 0.185 0.077 0.075 0.088 0.038 0.100 0.073 0.147 1    
83:   0.096 0.055 0.074 0.064 0.024 0.053 0.390 0.044 0.099 0.100 1    
84:   0.054 0.147 0.121 0.097 0.071 0.069 0.076 0.194 0.079 0.093 1    
85:   0.108 0.034 0.133 0.211 0.026 0.076 0.031 0.087 0.140 0.155 1    
86:   0.147 0.118 0.131 0.076 0.036 0.062 0.049 0.164 0.077 0.140 1    
87:   0.082 0.039 0.085 0.135 0.054 0.181 0.028 0.077 0.183 0.136 1    
88:   0.034 0.037 0.046 0.038 0.048 0.050 0.583 0.079 0.041 0.044 1    
89:   0.147 0.097 0.082 0.133 0.045 0.118 0.077 0.104 0.082 0.114 1    
90:   0.089 0.124 0.091 0.080 0.081 0.141 0.145 0.050 0.094 0.103 1    
91:   0.146 0.058 0.167 0.056 0.048 0.182 0.022 0.111 0.098 0.111 1    
92:   0.155 0.034 0.180 0.128 0.038 0.080 0.060 0.076 0.072 0.177 1    
93:   0.089 0.059 0.191 0.180 0.117 0.072 0.019 0.036 0.071 0.165 1    
94:   0.135 0.217 0.078 0.050 0.076 0.125 0.083 0.069 0.116 0.052 1    
95:   0.050 0.075 0.053 0.054 0.028 0.034 0.540 0.047 0.064 0.056 1    
96:   0.090 0.426 0.080 0.070 0.068 0.036 0.030 0.047 0.034 0.120 1    
97:   0.098 0.201 0.084 0.081 0.308 0.048 0.022 0.037 0.055 0.066 1    
98:   0.121 0.077 0.115 0.062 0.124 0.114 0.027 0.108 0.092 0.160 1    
99:   0.019 0.023 0.024 0.019 0.023 0.026 0.805 0.024 0.018 0.019 1    
100:  0.115 0.061 0.131 0.069 0.223 0.075 0.104 0.056 0.079 0.087 1    
101:  0.119 0.098 0.134 0.078 0.080 0.155 0.023 0.103 0.109 0.101 1    
102:  0.096 0.234 0.059 0.091 0.217 0.050 0.034 0.070 0.071 0.077 1    
103:  0.107 0.171 0.092 0.114 0.060 0.083 0.041 0.150 0.095 0.086 1    
104:  0.140 0.035 0.183 0.092 0.038 0.156 0.041 0.073 0.096 0.146 1    
105:  0.108 0.045 0.135 0.113 0.035 0.103 0.051 0.095 0.120 0.194 1    
106:  0.139 0.092 0.126 0.076 0.091 0.110 0.042 0.057 0.144 0.124 1    
107:  0.086 0.267 0.059 0.048 0.063 0.062 0.182 0.040 0.105 0.089 1    
108:  0.071 0.017 0.065 0.166 0.092 0.168 0.095 0.092 0.165 0.070 1    
109:  0.084 0.042 0.112 0.142 0.158 0.125 0.048 0.119 0.078 0.091 1    
110:  0.191 0.024 0.173 0.086 0.049 0.051 0.079 0.066 0.111 0.171 1    
111:  0.101 0.030 0.101 0.134 0.048 0.083 0.074 0.120 0.196 0.112 1    
112:  0.033 0.760 0.024 0.018 0.054 0.023 0.023 0.014 0.019 0.031 1    
113:  0.116 0.148 0.078 0.093 0.101 0.171 0.016 0.038 0.152 0.086 1    
114:  0.058 0.080 0.073 0.149 0.041 0.158 0.047 0.070 0.220 0.104 1    
115:  0.068 0.040 0.095 0.068 0.309 0.127 0.025 0.060 0.127 0.082 1    
116:  0.228 0.019 0.052 0.042 0.035 0.230 0.094 0.035 0.193 0.071 1    
117:  0.123 0.234 0.085 0.072 0.123 0.081 0.039 0.048 0.101 0.093 1    
118:  0.285 0.026 0.031 0.029 0.034 0.332 0.026 0.024 0.184 0.029 1    
119:  0.140 0.022 0.156 0.113 0.056 0.084 0.037 0.119 0.094 0.178 1    
120:  0.281 0.034 0.040 0.032 0.046 0.304 0.033 0.024 0.162 0.045 1    
121:  0.104 0.066 0.136 0.154 0.058 0.078 0.024 0.065 0.206 0.108 1    
122:  0.077 0.068 0.085 0.108 0.173 0.097 0.018 0.056 0.181 0.139 1    
123:  0.098 0.019 0.204 0.160 0.051 0.040 0.103 0.058 0.104 0.163 1    
124:  0.070 0.044 0.124 0.125 0.032 0.211 0.031 0.130 0.120 0.113 1    
125:  0.075 0.052 0.052 0.044 0.030 0.047 0.498 0.043 0.075 0.084 1    
126:  0.027 0.822 0.021 0.017 0.016 0.016 0.014 0.017 0.020 0.029 1    
127:  0.095 0.154 0.068 0.114 0.040 0.064 0.056 0.100 0.209 0.100 1    
128:  0.234 0.033 0.029 0.026 0.023 0.278 0.018 0.024 0.279 0.056 1    
129:  0.021 0.031 0.021 0.027 0.012 0.026 0.781 0.029 0.033 0.018 1    
130:  0.095 0.039 0.108 0.063 0.076 0.199 0.077 0.101 0.110 0.133 1    
131:  0.070 0.013 0.124 0.231 0.018 0.066 0.074 0.134 0.152 0.118 1    
132:  0.087 0.048 0.097 0.119 0.045 0.188 0.080 0.112 0.140 0.085 1    
133:  0.170 0.108 0.082 0.074 0.026 0.072 0.038 0.063 0.232 0.137 1    
134:  0.069 0.017 0.064 0.061 0.012 0.040 0.448 0.077 0.117 0.095 1    
135:  0.041 0.023 0.097 0.364 0.033 0.040 0.084 0.206 0.033 0.078 1    
136:  0.023 0.019 0.019 0.030 0.012 0.052 0.771 0.024 0.027 0.025 1    
137:  0.042 0.036 0.035 0.048 0.129 0.023 0.586 0.046 0.019 0.035 1    
138:  0.072 0.067 0.050 0.177 0.025 0.224 0.024 0.043 0.235 0.083 1    
139:  0.098 0.074 0.109 0.171 0.061 0.073 0.041 0.092 0.134 0.147 1    
140:  0.051 0.034 0.040 0.033 0.022 0.233 0.261 0.172 0.088 0.065 1    
141:  0.115 0.045 0.146 0.067 0.075 0.189 0.055 0.128 0.096 0.083 1    
142:  0.133 0.040 0.153 0.156 0.125 0.076 0.022 0.091 0.092 0.112 1    
143:  0.133 0.111 0.115 0.136 0.058 0.090 0.044 0.100 0.106 0.107 1    
144:  0.058 0.043 0.098 0.065 0.236 0.071 0.163 0.130 0.080 0.056 1    
145:  0.119 0.058 0.134 0.260 0.035 0.033 0.046 0.127 0.050 0.139 1    
146:  0.113 0.199 0.101 0.116 0.070 0.081 0.039 0.062 0.115 0.104 1    
147:  0.175 0.049 0.115 0.142 0.029 0.060 0.046 0.168 0.091 0.124 1    
148:  0.047 0.375 0.047 0.090 0.050 0.088 0.060 0.076 0.118 0.050 1    
149:  0.092 0.057 0.105 0.136 0.173 0.051 0.049 0.077 0.078 0.183 1    
150:  0.153 0.097 0.110 0.093 0.106 0.082 0.094 0.102 0.075 0.089 1    
151:  0.062 0.098 0.079 0.070 0.259 0.122 0.095 0.049 0.105 0.060 1    
152:  0.111 0.038 0.095 0.138 0.133 0.175 0.016 0.044 0.169 0.082 1    
153:  0.020 0.019 0.034 0.032 0.014 0.021 0.757 0.028 0.035 0.041 1    
154:  0.206 0.027 0.176 0.052 0.134 0.081 0.021 0.059 0.094 0.150 1    
155:  0.066 0.027 0.062 0.196 0.029 0.225 0.015 0.034 0.262 0.084 1    
156:  0.102 0.066 0.068 0.103 0.136 0.085 0.240 0.093 0.055 0.052 1    
157:  0.118 0.110 0.124 0.117 0.051 0.083 0.040 0.108 0.140 0.108 1    
158:  0.045 0.091 0.052 0.037 0.039 0.079 0.504 0.067 0.036 0.050 1    
159:  0.227 0.028 0.071 0.038 0.028 0.124 0.044 0.026 0.237 0.178 1    
160:  0.107 0.045 0.068 0.126 0.023 0.089 0.020 0.075 0.326 0.120 1    
161:  0.113 0.138 0.137 0.106 0.070 0.139 0.021 0.090 0.097 0.090 1    
162:  0.084 0.134 0.116 0.123 0.083 0.081 0.099 0.062 0.085 0.133 1    
163:  0.103 0.256 0.139 0.100 0.054 0.049 0.034 0.083 0.063 0.120 1    
164:  0.130 0.028 0.168 0.078 0.020 0.082 0.234 0.078 0.066 0.116 1    
165:  0.049 0.037 0.056 0.190 0.031 0.252 0.018 0.034 0.241 0.093 1    
166:  0.162 0.028 0.122 0.170 0.053 0.071 0.025 0.074 0.071 0.224 1    
167:  0.112 0.227 0.100 0.106 0.090 0.050 0.043 0.088 0.075 0.108 1    
168:  0.049 0.026 0.059 0.059 0.024 0.258 0.226 0.179 0.062 0.057 1    
169:  0.111 0.057 0.112 0.111 0.145 0.110 0.044 0.108 0.105 0.098 1    
170:  0.060 0.037 0.062 0.077 0.046 0.176 0.223 0.069 0.155 0.096 1    
171:  0.078 0.070 0.186 0.055 0.055 0.072 0.031 0.264 0.085 0.104 1    
172:  0.054 0.084 0.051 0.066 0.093 0.157 0.321 0.056 0.072 0.046 1    
173:  0.092 0.032 0.116 0.147 0.038 0.123 0.032 0.106 0.150 0.163 1    
174:  0.065 0.028 0.073 0.073 0.061 0.143 0.321 0.082 0.080 0.074 1    
175:  0.063 0.039 0.074 0.077 0.053 0.075 0.321 0.117 0.062 0.118 1    
176:  0.090 0.062 0.145 0.141 0.104 0.067 0.044 0.174 0.064 0.110 1    
177:  0.066 0.075 0.060 0.035 0.027 0.064 0.506 0.038 0.075 0.054 1    
178:  0.127 0.245 0.124 0.054 0.035 0.061 0.020 0.073 0.084 0.177 1    
179:  0.107 0.031 0.206 0.081 0.024 0.054 0.062 0.301 0.056 0.079 1    
180:  0.057 0.035 0.155 0.086 0.035 0.081 0.198 0.194 0.060 0.099 1    
181:  0.109 0.067 0.077 0.141 0.026 0.168 0.035 0.130 0.152 0.096 1    
182:  0.122 0.107 0.072 0.092 0.048 0.105 0.158 0.088 0.131 0.077 1    
183:  0.197 0.031 0.164 0.124 0.025 0.068 0.020 0.043 0.108 0.219 1    
184:  0.198 0.047 0.094 0.053 0.012 0.073 0.143 0.103 0.112 0.167 1    
185:  0.218 0.058 0.068 0.084 0.117 0.126 0.027 0.060 0.151 0.092 1    
186:  0.137 0.118 0.096 0.059 0.025 0.084 0.157 0.147 0.086 0.091 1    
187:  0.103 0.096 0.219 0.072 0.048 0.040 0.091 0.173 0.054 0.103 1    
188:  0.104 0.164 0.097 0.099 0.061 0.071 0.073 0.105 0.079 0.147 1    
189:  0.156 0.046 0.081 0.049 0.034 0.108 0.162 0.081 0.158 0.126 1    
190:  0.117 0.045 0.105 0.114 0.062 0.160 0.015 0.072 0.126 0.184 1    
191:  0.245 0.021 0.134 0.060 0.018 0.156 0.015 0.073 0.124 0.153 1    
192:  0.142 0.204 0.086 0.083 0.049 0.108 0.073 0.051 0.089 0.112 1    
193:  0.114 0.040 0.136 0.099 0.085 0.094 0.027 0.112 0.167 0.126 1    
194:  0.134 0.164 0.100 0.090 0.041 0.128 0.030 0.055 0.144 0.115 1    
195:  0.076 0.531 0.056 0.029 0.031 0.058 0.093 0.034 0.038 0.054 1    
196:  0.120 0.205 0.076 0.083 0.104 0.078 0.026 0.091 0.126 0.091 1    
197:  0.021 0.833 0.020 0.023 0.019 0.018 0.015 0.015 0.020 0.017 1    
198:  0.147 0.038 0.233 0.054 0.063 0.062 0.027 0.155 0.074 0.147 1    
199:  0.114 0.111 0.080 0.207 0.023 0.114 0.029 0.168 0.066 0.087 1    
200:  0.086 0.061 0.073 0.273 0.042 0.050 0.108 0.147 0.075 0.086 1    
201:  0.111 0.019 0.135 0.108 0.024 0.142 0.012 0.144 0.175 0.130 1    
202:  0.073 0.039 0.094 0.149 0.035 0.222 0.024 0.052 0.198 0.113 1    
203:  0.073 0.025 0.075 0.084 0.067 0.104 0.294 0.066 0.128 0.084 1    
204:  0.127 0.063 0.162 0.106 0.099 0.103 0.029 0.088 0.071 0.152 1    
205:  0.071 0.060 0.071 0.073 0.089 0.212 0.080 0.072 0.147 0.125 1    
206:  0.109 0.027 0.101 0.101 0.025 0.188 0.050 0.137 0.140 0.123 1    
207:  0.073 0.056 0.077 0.173 0.037 0.065 0.186 0.128 0.112 0.094 1    
208:  0.113 0.078 0.160 0.067 0.066 0.096 0.100 0.116 0.095 0.109 1    
209:  0.124 0.042 0.137 0.159 0.127 0.050 0.035 0.116 0.063 0.147 1    
210:  0.040 0.734 0.031 0.037 0.024 0.032 0.019 0.028 0.028 0.029 1    
211:  0.096 0.042 0.103 0.130 0.037 0.090 0.196 0.138 0.052 0.116 1    
212:  0.128 0.139 0.086 0.117 0.046 0.104 0.103 0.118 0.075 0.082 1    
213:  0.104 0.056 0.118 0.086 0.080 0.182 0.044 0.111 0.118 0.101 1    
214:  0.096 0.048 0.089 0.166 0.072 0.121 0.034 0.180 0.099 0.095 1    
215:  0.070 0.033 0.130 0.074 0.311 0.060 0.054 0.145 0.043 0.078 1    
216:  0.093 0.051 0.101 0.117 0.047 0.138 0.065 0.076 0.181 0.131 1    
217:  0.067 0.092 0.059 0.107 0.022 0.132 0.181 0.104 0.180 0.055 1    
218:  0.152 0.044 0.092 0.078 0.371 0.040 0.021 0.072 0.041 0.089 1    
219:  0.119 0.045 0.112 0.240 0.044 0.041 0.038 0.097 0.141 0.124 1    
220:  0.068 0.427 0.090 0.089 0.049 0.067 0.020 0.035 0.088 0.067 1    
221:  0.080 0.029 0.076 0.310 0.139 0.034 0.035 0.176 0.040 0.082 1    
222:  0.156 0.034 0.092 0.057 0.015 0.092 0.073 0.109 0.236 0.137 1    
223:  0.084 0.027 0.137 0.128 0.078 0.150 0.054 0.128 0.107 0.107 1    
224:  0.193 0.025 0.154 0.055 0.021 0.064 0.029 0.108 0.170 0.181 1    
225:  0.092 0.069 0.146 0.120 0.059 0.097 0.025 0.123 0.132 0.137 1    
226:  0.116 0.069 0.109 0.090 0.207 0.083 0.082 0.072 0.084 0.088 1    
227:  0.065 0.044 0.142 0.109 0.031 0.090 0.089 0.177 0.152 0.102 1    
228:  0.252 0.038 0.082 0.055 0.049 0.119 0.025 0.045 0.219 0.116 1    
229:  0.100 0.134 0.113 0.142 0.119 0.062 0.050 0.061 0.091 0.128 1    
230:  0.252 0.097 0.075 0.059 0.021 0.137 0.018 0.080 0.115 0.147 1    
231:  0.083 0.060 0.101 0.112 0.067 0.091 0.141 0.076 0.170 0.099 1    
232:  0.066 0.235 0.073 0.126 0.063 0.158 0.030 0.062 0.114 0.072 1    
233:  0.079 0.041 0.095 0.084 0.218 0.047 0.233 0.053 0.041 0.111 1    
234:  0.027 0.040 0.030 0.056 0.062 0.027 0.673 0.026 0.026 0.034 1    
235:  0.042 0.022 0.052 0.035 0.085 0.337 0.126 0.145 0.105 0.052 1    
236:  0.186 0.019 0.063 0.040 0.019 0.330 0.087 0.074 0.117 0.066 1    
237:  0.136 0.053 0.106 0.090 0.024 0.125 0.084 0.082 0.131 0.169 1    
238:  0.164 0.026 0.089 0.067 0.074 0.080 0.237 0.045 0.087 0.131 1    
239:  0.079 0.151 0.072 0.084 0.077 0.057 0.263 0.074 0.076 0.066 1    
240:  0.060 0.163 0.052 0.085 0.045 0.057 0.275 0.153 0.046 0.063 1    
241:  0.063 0.093 0.060 0.078 0.034 0.079 0.366 0.106 0.058 0.063 1    
242:  0.120 0.084 0.156 0.094 0.029 0.040 0.167 0.126 0.072 0.112 1    
243:  0.071 0.138 0.119 0.078 0.054 0.113 0.079 0.191 0.073 0.084 1    
244:  0.072 0.093 0.100 0.096 0.064 0.150 0.136 0.141 0.087 0.062 1    
245:  0.042 0.617 0.043 0.037 0.039 0.051 0.049 0.031 0.039 0.050 1    
246:  0.152 0.123 0.125 0.109 0.038 0.088 0.054 0.093 0.093 0.126 1    
247:  0.052 0.024 0.089 0.192 0.290 0.036 0.041 0.154 0.049 0.072 1    
248:  0.090 0.043 0.105 0.119 0.079 0.070 0.077 0.125 0.186 0.106 1    
249:  0.131 0.152 0.094 0.105 0.033 0.083 0.047 0.071 0.159 0.125 1    
250:  0.173 0.045 0.095 0.066 0.052 0.188 0.030 0.092 0.177 0.082 1    
251:  0.158 0.182 0.072 0.048 0.074 0.210 0.040 0.055 0.081 0.079 1    
252:  0.076 0.054 0.084 0.040 0.042 0.336 0.020 0.167 0.098 0.082 1    
253:  0.130 0.051 0.154 0.146 0.096 0.052 0.040 0.043 0.093 0.195 1    
254:  0.181 0.027 0.114 0.095 0.062 0.147 0.029 0.083 0.133 0.128 1    
255:  0.094 0.040 0.129 0.086 0.096 0.103 0.098 0.136 0.070 0.147 1    
256:  0.061 0.014 0.062 0.057 0.228 0.151 0.055 0.167 0.115 0.090 1    
257:  0.108 0.246 0.117 0.077 0.040 0.066 0.084 0.075 0.052 0.136 1    
258:  0.089 0.038 0.120 0.135 0.113 0.163 0.036 0.110 0.091 0.104 1    
259:  0.083 0.147 0.149 0.053 0.058 0.062 0.102 0.192 0.063 0.092 1    
260:  0.167 0.055 0.092 0.146 0.078 0.084 0.026 0.072 0.131 0.149 1    
261:  0.056 0.093 0.056 0.061 0.117 0.281 0.050 0.130 0.087 0.068 1    
262:  0.089 0.024 0.076 0.163 0.049 0.086 0.042 0.148 0.205 0.117 1    
263:  0.077 0.162 0.060 0.096 0.027 0.075 0.271 0.093 0.073 0.066 1    
264:  0.094 0.026 0.121 0.051 0.049 0.253 0.052 0.159 0.098 0.098 1    
265:  0.090 0.283 0.127 0.068 0.045 0.060 0.056 0.107 0.063 0.102 1    
266:  0.086 0.031 0.220 0.081 0.037 0.062 0.032 0.299 0.041 0.113 1    
267:  0.134 0.022 0.204 0.164 0.027 0.066 0.056 0.078 0.069 0.178 1    
268:  0.050 0.025 0.190 0.075 0.023 0.028 0.098 0.238 0.091 0.183 1    
269:  0.130 0.065 0.144 0.163 0.042 0.088 0.023 0.114 0.127 0.102 1    
270:  0.094 0.038 0.109 0.074 0.079 0.096 0.246 0.056 0.092 0.116 1    
271:  0.062 0.046 0.153 0.060 0.104 0.087 0.149 0.201 0.054 0.085 1    
272:  0.064 0.044 0.091 0.038 0.032 0.047 0.470 0.106 0.049 0.059 1    
273:  0.146 0.040 0.148 0.129 0.077 0.057 0.067 0.113 0.075 0.148 1    
274:  0.060 0.027 0.066 0.073 0.433 0.070 0.029 0.047 0.120 0.075 1    
275:  0.081 0.042 0.164 0.215 0.093 0.035 0.109 0.104 0.037 0.120 1    
276:  0.057 0.059 0.093 0.107 0.035 0.110 0.238 0.139 0.075 0.087 1    
277:  0.177 0.061 0.133 0.175 0.047 0.070 0.023 0.105 0.119 0.089 1    
278:  0.074 0.300 0.097 0.078 0.145 0.055 0.018 0.057 0.078 0.098 1    
279:  0.072 0.294 0.114 0.174 0.073 0.043 0.024 0.063 0.055 0.088 1    
280:  0.069 0.132 0.084 0.053 0.371 0.077 0.026 0.066 0.048 0.073 1    
281:  0.091 0.099 0.123 0.102 0.083 0.078 0.087 0.140 0.072 0.125 1    
282:  0.136 0.093 0.092 0.100 0.021 0.121 0.045 0.096 0.187 0.110 1    
283:  0.076 0.041 0.156 0.136 0.060 0.120 0.025 0.116 0.129 0.139 1    
284:  0.105 0.079 0.116 0.118 0.047 0.114 0.124 0.123 0.076 0.097 1    
285:  0.126 0.038 0.179 0.103 0.138 0.089 0.019 0.058 0.062 0.187 1    
286:  0.132 0.188 0.110 0.111 0.039 0.102 0.032 0.048 0.132 0.104 1    
287:  0.072 0.253 0.088 0.122 0.053 0.091 0.041 0.089 0.077 0.113 1    
288:  0.113 0.080 0.191 0.070 0.091 0.102 0.036 0.126 0.086 0.105 1    
289:  0.075 0.044 0.122 0.119 0.113 0.119 0.066 0.045 0.143 0.154 1    
290:  0.091 0.123 0.059 0.078 0.265 0.095 0.021 0.048 0.128 0.092 1    
291:  0.043 0.020 0.056 0.040 0.109 0.379 0.030 0.212 0.062 0.049 1    
292:  0.100 0.040 0.112 0.115 0.049 0.175 0.026 0.124 0.131 0.128 1    
293:  0.102 0.025 0.181 0.082 0.092 0.046 0.067 0.237 0.055 0.113 1    
294:  0.062 0.047 0.080 0.048 0.097 0.233 0.036 0.208 0.115 0.075 1    
295:  0.132 0.082 0.141 0.139 0.032 0.126 0.041 0.095 0.106 0.107 1    
296:  0.071 0.023 0.067 0.131 0.024 0.170 0.035 0.163 0.232 0.084 1    
297:  0.118 0.074 0.190 0.119 0.023 0.038 0.037 0.107 0.048 0.245 1    
298:  0.162 0.030 0.157 0.069 0.043 0.078 0.036 0.106 0.103 0.215 1    
299:  0.144 0.027 0.177 0.107 0.108 0.062 0.046 0.108 0.066 0.155 1    
300:  0.084 0.072 0.100 0.213 0.046 0.029 0.120 0.159 0.091 0.086 1    
301:  0.095 0.287 0.075 0.053 0.064 0.127 0.049 0.100 0.074 0.076 1    
302:  0.233 0.046 0.133 0.075 0.031 0.085 0.093 0.064 0.112 0.127 1    
303:  0.087 0.095 0.089 0.145 0.036 0.156 0.072 0.073 0.157 0.090 1    
304:  0.094 0.045 0.119 0.085 0.313 0.070 0.034 0.052 0.095 0.093 1    
305:  0.049 0.019 0.115 0.051 0.060 0.138 0.191 0.241 0.053 0.081 1    
306:  0.108 0.028 0.192 0.111 0.044 0.091 0.025 0.164 0.068 0.169 1    
307:  0.058 0.035 0.086 0.034 0.028 0.121 0.342 0.213 0.033 0.050 1    
308:  0.078 0.115 0.093 0.149 0.037 0.067 0.034 0.110 0.205 0.112 1    
309:  0.147 0.063 0.138 0.085 0.104 0.072 0.030 0.203 0.076 0.083 1    
310:  0.059 0.090 0.062 0.035 0.034 0.260 0.159 0.194 0.048 0.059 1    
311:  0.105 0.080 0.127 0.113 0.017 0.055 0.208 0.068 0.055 0.171 1    
312:  0.082 0.065 0.117 0.152 0.079 0.059 0.120 0.124 0.095 0.107 1    
313:  0.068 0.028 0.125 0.088 0.058 0.178 0.103 0.127 0.107 0.119 1    
314:  0.065 0.052 0.070 0.052 0.456 0.089 0.026 0.048 0.074 0.068 1    
315:  0.106 0.349 0.109 0.107 0.023 0.031 0.027 0.067 0.045 0.135 1    
316:  0.087 0.074 0.068 0.091 0.032 0.080 0.074 0.104 0.253 0.137 1    
317:  0.119 0.210 0.077 0.066 0.084 0.115 0.050 0.097 0.122 0.061 1    
318:  0.068 0.017 0.173 0.059 0.024 0.050 0.143 0.239 0.068 0.159 1    
319:  0.040 0.025 0.046 0.042 0.035 0.152 0.458 0.128 0.036 0.038 1    
320:  0.060 0.066 0.088 0.204 0.033 0.157 0.050 0.094 0.158 0.090 1    
321:  0.088 0.031 0.156 0.066 0.027 0.048 0.223 0.201 0.061 0.098 1    
322:  0.114 0.079 0.142 0.122 0.066 0.106 0.056 0.146 0.068 0.100 1    
323:  0.080 0.035 0.091 0.240 0.157 0.077 0.018 0.102 0.074 0.127 1    
324:  0.105 0.046 0.075 0.094 0.040 0.146 0.060 0.049 0.268 0.116 1    
325:  0.143 0.048 0.207 0.127 0.020 0.064 0.038 0.107 0.065 0.181 1    
326:  0.106 0.073 0.110 0.111 0.138 0.158 0.039 0.125 0.065 0.075 1    
327:  0.085 0.108 0.093 0.064 0.263 0.125 0.042 0.083 0.059 0.079 1    
328:  0.162 0.068 0.137 0.101 0.042 0.116 0.041 0.095 0.107 0.131 1    
329:  0.145 0.049 0.140 0.236 0.119 0.029 0.017 0.071 0.058 0.136 1    
330:  0.067 0.039 0.080 0.104 0.074 0.029 0.383 0.111 0.053 0.058 1    
331:  0.082 0.065 0.209 0.103 0.038 0.030 0.117 0.223 0.059 0.075 1    
332:  0.122 0.052 0.112 0.161 0.053 0.088 0.077 0.089 0.113 0.134 1    
333:  0.141 0.032 0.176 0.183 0.079 0.067 0.022 0.081 0.069 0.151 1    
334:  0.072 0.131 0.072 0.052 0.092 0.254 0.036 0.100 0.107 0.085 1    
335:  0.091 0.296 0.062 0.059 0.053 0.132 0.092 0.100 0.049 0.065 1    
336:  0.082 0.025 0.160 0.057 0.040 0.175 0.092 0.149 0.105 0.114 1    
337:  0.103 0.076 0.154 0.106 0.053 0.103 0.027 0.187 0.071 0.123 1    
338:  0.074 0.156 0.119 0.136 0.066 0.059 0.080 0.083 0.106 0.121 1    
339:  0.165 0.028 0.104 0.141 0.035 0.042 0.083 0.085 0.134 0.184 1    
340:  0.132 0.018 0.107 0.094 0.022 0.061 0.141 0.088 0.137 0.201 1    
341:  0.070 0.026 0.061 0.058 0.013 0.069 0.229 0.158 0.179 0.137 1    
342:  0.052 0.062 0.054 0.062 0.495 0.083 0.021 0.054 0.059 0.058 1    
343:  0.125 0.037 0.140 0.181 0.039 0.052 0.024 0.090 0.072 0.240 1    
344:  0.068 0.036 0.215 0.088 0.026 0.044 0.136 0.230 0.059 0.098 1    
345:  0.056 0.050 0.069 0.062 0.205 0.217 0.033 0.154 0.089 0.064 1    
346:  0.109 0.082 0.061 0.060 0.020 0.086 0.243 0.094 0.164 0.081 1    
347:  0.116 0.043 0.080 0.191 0.031 0.042 0.124 0.161 0.115 0.096 1    
348:  0.064 0.022 0.068 0.342 0.023 0.034 0.155 0.099 0.093 0.099 1    
349:  0.041 0.052 0.066 0.052 0.044 0.033 0.517 0.094 0.041 0.060 1    
350:  0.092 0.174 0.067 0.157 0.079 0.118 0.018 0.060 0.142 0.093 1    
351:  0.075 0.060 0.075 0.053 0.030 0.078 0.375 0.121 0.066 0.067 1    
352:  0.049 0.019 0.065 0.127 0.057 0.172 0.051 0.127 0.264 0.068 1    
353:  0.093 0.072 0.152 0.075 0.066 0.077 0.075 0.207 0.074 0.109 1    
354:  0.057 0.057 0.082 0.172 0.036 0.162 0.034 0.090 0.258 0.054 1    
355:  0.085 0.018 0.069 0.121 0.049 0.103 0.202 0.123 0.155 0.076 1    
356:  0.089 0.054 0.089 0.052 0.431 0.074 0.017 0.038 0.078 0.077 1    
357:  0.160 0.025 0.161 0.197 0.042 0.042 0.034 0.080 0.051 0.209 1    
358:  0.065 0.025 0.076 0.083 0.172 0.112 0.159 0.131 0.101 0.076 1    
359:  0.144 0.022 0.116 0.104 0.066 0.077 0.054 0.092 0.113 0.211 1    
360:  0.086 0.064 0.176 0.056 0.025 0.056 0.163 0.207 0.049 0.118 1    
361:  0.104 0.070 0.107 0.040 0.164 0.189 0.020 0.067 0.118 0.121 1    
362:  0.110 0.053 0.128 0.061 0.043 0.117 0.080 0.176 0.110 0.122 1    
363:  0.111 0.069 0.184 0.113 0.090 0.087 0.021 0.137 0.095 0.091 1    
364:  0.078 0.029 0.142 0.109 0.034 0.175 0.040 0.148 0.128 0.116 1    
365:  0.071 0.033 0.073 0.192 0.134 0.069 0.041 0.150 0.133 0.103 1    
366:  0.065 0.018 0.066 0.141 0.022 0.165 0.041 0.179 0.214 0.089 1    
367:  0.065 0.094 0.067 0.065 0.199 0.061 0.179 0.117 0.086 0.067 1    
368:  0.064 0.200 0.063 0.056 0.099 0.049 0.253 0.074 0.071 0.072 1    
369:  0.142 0.027 0.145 0.188 0.015 0.076 0.031 0.122 0.060 0.194 1    
370:  0.085 0.098 0.092 0.169 0.153 0.078 0.066 0.112 0.069 0.079 1    
371:  0.085 0.029 0.118 0.088 0.027 0.075 0.255 0.144 0.080 0.099 1    
372:  0.066 0.248 0.090 0.089 0.086 0.077 0.071 0.106 0.070 0.097 1    
373:  0.035 0.574 0.045 0.072 0.021 0.034 0.044 0.078 0.045 0.053 1    
374:  0.031 0.021 0.028 0.018 0.056 0.497 0.017 0.204 0.091 0.036 1    
375:  0.072 0.077 0.092 0.087 0.205 0.136 0.060 0.055 0.110 0.107 1    
376:  0.061 0.023 0.068 0.052 0.546 0.074 0.021 0.057 0.051 0.046 1    
377:  0.054 0.039 0.077 0.044 0.095 0.227 0.136 0.133 0.126 0.068 1    
378:  0.056 0.026 0.060 0.030 0.051 0.159 0.435 0.072 0.060 0.050 1    
379:  0.053 0.022 0.125 0.047 0.036 0.047 0.464 0.117 0.038 0.051 1    
380:  0.084 0.016 0.206 0.061 0.044 0.110 0.131 0.157 0.077 0.116 1    
381:  0.094 0.028 0.068 0.204 0.052 0.111 0.123 0.100 0.126 0.093 1    
382:  0.091 0.068 0.129 0.104 0.100 0.084 0.027 0.218 0.058 0.121 1    
383:  0.096 0.060 0.066 0.082 0.050 0.226 0.110 0.166 0.080 0.063 1    
384:  0.165 0.013 0.117 0.067 0.020 0.107 0.127 0.081 0.164 0.139 1    
385:  0.178 0.034 0.120 0.098 0.083 0.083 0.022 0.052 0.142 0.190 1    
386:  0.125 0.097 0.063 0.073 0.038 0.206 0.109 0.074 0.127 0.089 1    
387:  0.082 0.143 0.116 0.140 0.072 0.059 0.116 0.088 0.074 0.110 1    
388:  0.060 0.050 0.077 0.057 0.544 0.028 0.017 0.040 0.043 0.083 1    
389:  0.094 0.182 0.124 0.076 0.045 0.075 0.073 0.077 0.136 0.118 1    
390:  0.079 0.065 0.119 0.119 0.066 0.134 0.091 0.117 0.116 0.095 1    
391:  0.078 0.160 0.100 0.197 0.162 0.058 0.015 0.087 0.051 0.092 1    
392:  0.094 0.154 0.083 0.149 0.077 0.125 0.075 0.085 0.088 0.070 1    
393:  0.054 0.077 0.036 0.033 0.607 0.065 0.017 0.037 0.030 0.044 1    
394:  0.029 0.017 0.029 0.016 0.061 0.499 0.018 0.202 0.096 0.031 1    
395:  0.131 0.018 0.119 0.135 0.055 0.141 0.031 0.108 0.154 0.108 1    
396:  0.155 0.083 0.094 0.116 0.040 0.084 0.021 0.070 0.229 0.108 1    
397:  0.147 0.048 0.126 0.149 0.031 0.074 0.045 0.140 0.099 0.141 1    
398:  0.102 0.028 0.154 0.126 0.247 0.076 0.040 0.073 0.072 0.083 1    
399:  0.101 0.186 0.094 0.111 0.050 0.053 0.181 0.054 0.084 0.085 1    
400:  0.115 0.083 0.129 0.090 0.045 0.106 0.074 0.095 0.125 0.139 1    
401:  0.037 0.015 0.091 0.036 0.571 0.048 0.032 0.052 0.069 0.048 1    
402:  0.044 0.660 0.036 0.041 0.037 0.047 0.021 0.030 0.032 0.052 1    
403:  0.029 0.017 0.023 0.028 0.760 0.032 0.036 0.025 0.026 0.025 1    
404:  0.095 0.016 0.073 0.138 0.128 0.126 0.017 0.079 0.221 0.107 1    
405:  0.077 0.037 0.076 0.054 0.194 0.179 0.053 0.113 0.129 0.087 1    
406:  0.030 0.773 0.025 0.020 0.024 0.022 0.040 0.023 0.022 0.020 1    
407:  0.075 0.019 0.159 0.091 0.041 0.075 0.132 0.258 0.055 0.095 1    
408:  0.077 0.018 0.117 0.131 0.042 0.062 0.188 0.114 0.112 0.139 1    
409:  0.080 0.018 0.084 0.254 0.042 0.050 0.162 0.179 0.049 0.083 1    
410:  0.033 0.159 0.039 0.038 0.046 0.046 0.511 0.031 0.060 0.036 1    
411:  0.073 0.129 0.114 0.148 0.083 0.030 0.149 0.109 0.043 0.120 1    
412:  0.080 0.102 0.069 0.077 0.094 0.119 0.178 0.088 0.106 0.087 1    
413:  0.078 0.042 0.080 0.269 0.075 0.030 0.090 0.204 0.040 0.093 1    
414:  0.096 0.022 0.119 0.284 0.097 0.047 0.016 0.099 0.116 0.101 1    
415:  0.081 0.141 0.051 0.094 0.203 0.131 0.098 0.071 0.072 0.059 1    
416:  0.041 0.199 0.047 0.120 0.230 0.029 0.203 0.049 0.023 0.059 1    
417:  0.102 0.037 0.137 0.096 0.154 0.140 0.047 0.049 0.112 0.126 1    
418:  0.060 0.031 0.063 0.097 0.492 0.028 0.050 0.046 0.051 0.081 1    
419:  0.156 0.118 0.080 0.109 0.126 0.071 0.030 0.097 0.095 0.119 1    
420:  0.077 0.038 0.060 0.062 0.051 0.039 0.460 0.065 0.090 0.058 1    
421:  0.138 0.161 0.074 0.143 0.064 0.072 0.067 0.126 0.074 0.082 1    
422:  0.135 0.038 0.163 0.113 0.040 0.083 0.063 0.063 0.127 0.176 1    
423:  0.146 0.070 0.142 0.072 0.164 0.064 0.020 0.048 0.110 0.164 1    
424:  0.088 0.032 0.138 0.215 0.051 0.076 0.075 0.164 0.047 0.115 1    
425:  0.105 0.261 0.101 0.093 0.050 0.059 0.021 0.072 0.124 0.113 1    
426:  0.225 0.106 0.109 0.082 0.020 0.111 0.072 0.072 0.095 0.107 1    
427:  0.206 0.065 0.077 0.066 0.082 0.173 0.020 0.058 0.148 0.105 1    
428:  0.221 0.141 0.095 0.054 0.035 0.119 0.028 0.053 0.139 0.117 1    
429:  0.073 0.105 0.081 0.099 0.041 0.052 0.306 0.115 0.060 0.067 1    
430:  0.104 0.077 0.095 0.061 0.060 0.235 0.028 0.079 0.148 0.113 1    
431:  0.237 0.038 0.163 0.057 0.129 0.060 0.018 0.058 0.079 0.161 1    
432:  0.054 0.072 0.064 0.046 0.567 0.052 0.018 0.049 0.027 0.049 1    
433:  0.076 0.092 0.117 0.085 0.124 0.088 0.167 0.112 0.073 0.066 1    
434:  0.179 0.041 0.103 0.085 0.023 0.063 0.042 0.121 0.198 0.144 1    
435:  0.100 0.031 0.161 0.135 0.099 0.074 0.028 0.094 0.061 0.217 1    
436:  0.124 0.228 0.127 0.097 0.042 0.077 0.052 0.089 0.058 0.106 1    
437:  0.176 0.042 0.185 0.046 0.114 0.081 0.043 0.037 0.070 0.205 1    
438:  0.067 0.020 0.199 0.083 0.054 0.061 0.078 0.302 0.059 0.077 1    
439:  0.134 0.135 0.079 0.099 0.027 0.092 0.149 0.113 0.092 0.079 1    
440:  0.109 0.085 0.134 0.089 0.045 0.101 0.068 0.137 0.115 0.117 1    
441:  0.111 0.033 0.130 0.063 0.338 0.034 0.053 0.086 0.055 0.095 1    
442:  0.123 0.028 0.147 0.085 0.082 0.102 0.107 0.110 0.117 0.098 1    
443:  0.082 0.199 0.085 0.072 0.084 0.126 0.044 0.067 0.131 0.110 1    
444:  0.098 0.029 0.110 0.148 0.063 0.106 0.018 0.126 0.172 0.131 1    
445:  0.019 0.811 0.017 0.019 0.017 0.020 0.034 0.018 0.024 0.022 1    
446:  0.086 0.018 0.120 0.072 0.029 0.128 0.269 0.083 0.087 0.107 1    
447:  0.167 0.096 0.127 0.100 0.069 0.073 0.030 0.069 0.089 0.180 1    
448:  0.113 0.081 0.091 0.093 0.084 0.179 0.060 0.068 0.129 0.101 1    
449:  0.079 0.025 0.135 0.096 0.047 0.073 0.075 0.238 0.115 0.117 1    
450:  0.118 0.081 0.141 0.078 0.127 0.058 0.035 0.096 0.114 0.152 1    
451:  0.050 0.248 0.038 0.093 0.328 0.034 0.103 0.032 0.028 0.045 1    
452:  0.129 0.093 0.084 0.086 0.105 0.130 0.037 0.072 0.167 0.096 1    
453:  0.147 0.047 0.092 0.133 0.021 0.082 0.061 0.117 0.117 0.183 1    
454:  0.061 0.054 0.064 0.087 0.278 0.027 0.277 0.068 0.037 0.047 1    
455:  0.064 0.103 0.072 0.108 0.079 0.053 0.346 0.054 0.055 0.066 1    
456:  0.160 0.109 0.096 0.110 0.122 0.076 0.029 0.096 0.099 0.102 1    
457:  0.124 0.088 0.098 0.097 0.025 0.104 0.049 0.160 0.133 0.122 1    
458:  0.123 0.038 0.183 0.098 0.081 0.050 0.055 0.172 0.082 0.120 1    
459:  0.077 0.030 0.157 0.053 0.025 0.048 0.279 0.223 0.052 0.057 1    
460:  0.087 0.074 0.153 0.130 0.063 0.093 0.054 0.086 0.124 0.137 1    
461:  0.060 0.014 0.082 0.061 0.078 0.104 0.362 0.095 0.084 0.060 1    
462:  0.120 0.112 0.064 0.086 0.024 0.058 0.210 0.088 0.151 0.087 1    
463:  0.137 0.101 0.082 0.160 0.030 0.100 0.092 0.148 0.054 0.095 1    
464:  0.099 0.021 0.070 0.055 0.017 0.076 0.114 0.123 0.296 0.129 1    
465:  0.095 0.182 0.084 0.051 0.041 0.070 0.151 0.142 0.082 0.102 1    
466:  0.056 0.109 0.066 0.057 0.451 0.042 0.043 0.049 0.046 0.080 1    
467:  0.102 0.071 0.186 0.053 0.148 0.051 0.099 0.126 0.064 0.099 1    
468:  0.110 0.025 0.085 0.075 0.201 0.155 0.050 0.030 0.126 0.143 1    
469:  0.133 0.102 0.107 0.191 0.031 0.077 0.022 0.087 0.121 0.127 1    
470:  0.083 0.050 0.104 0.129 0.041 0.075 0.136 0.153 0.129 0.102 1    
471:  0.091 0.050 0.115 0.120 0.033 0.073 0.131 0.134 0.136 0.117 1    
472:  0.179 0.041 0.151 0.051 0.054 0.095 0.061 0.167 0.103 0.099 1    
473:  0.046 0.024 0.079 0.072 0.078 0.314 0.019 0.201 0.109 0.059 1    
474:  0.106 0.251 0.091 0.111 0.112 0.051 0.057 0.066 0.054 0.101 1    
475:  0.042 0.027 0.126 0.243 0.040 0.028 0.180 0.214 0.036 0.064 1    
476:  0.091 0.054 0.202 0.116 0.078 0.082 0.082 0.084 0.077 0.135 1    
477:  0.089 0.224 0.089 0.144 0.022 0.079 0.089 0.146 0.050 0.068 1    
478:  0.071 0.151 0.059 0.101 0.170 0.137 0.025 0.085 0.135 0.066 1    
479:  0.105 0.075 0.126 0.092 0.111 0.108 0.023 0.074 0.160 0.126 1    
480:  0.109 0.019 0.156 0.121 0.131 0.083 0.078 0.042 0.114 0.148 1    
481:  0.096 0.375 0.078 0.058 0.118 0.070 0.025 0.037 0.072 0.070 1    
482:  0.116 0.033 0.138 0.135 0.131 0.104 0.028 0.121 0.084 0.111 1    
483:  0.096 0.162 0.129 0.070 0.081 0.112 0.046 0.121 0.091 0.093 1    
484:  0.076 0.013 0.083 0.280 0.021 0.020 0.024 0.060 0.238 0.185 1    
485:  0.062 0.189 0.078 0.067 0.159 0.099 0.071 0.074 0.116 0.086 1    
486:  0.035 0.020 0.042 0.408 0.040 0.036 0.079 0.249 0.039 0.050 1    
487:  0.132 0.027 0.153 0.063 0.049 0.183 0.031 0.083 0.116 0.163 1    
488:  0.080 0.020 0.079 0.220 0.024 0.092 0.106 0.214 0.082 0.083 1    
489:  0.122 0.034 0.148 0.069 0.023 0.080 0.028 0.125 0.178 0.193 1    
490:  0.065 0.025 0.085 0.071 0.047 0.188 0.044 0.184 0.172 0.119 1    
491:  0.129 0.065 0.122 0.075 0.051 0.078 0.091 0.114 0.128 0.147 1    
492:  0.115 0.262 0.114 0.071 0.042 0.089 0.032 0.080 0.097 0.098 1    
493:  0.119 0.123 0.131 0.122 0.075 0.068 0.037 0.114 0.096 0.116 1    
494:  0.099 0.020 0.152 0.087 0.017 0.053 0.290 0.113 0.043 0.127 1    
495:  0.093 0.204 0.100 0.059 0.105 0.056 0.114 0.050 0.116 0.103 1    
496:  0.081 0.095 0.088 0.082 0.222 0.126 0.055 0.054 0.112 0.086 1    
497:  0.085 0.064 0.078 0.124 0.048 0.073 0.205 0.109 0.115 0.097 1    
498:  0.147 0.022 0.139 0.109 0.101 0.082 0.065 0.080 0.115 0.141 1    
499:  0.094 0.082 0.090 0.113 0.114 0.078 0.043 0.116 0.177 0.093 1    
500:  0.087 0.092 0.072 0.135 0.140 0.138 0.040 0.113 0.096 0.087 1    
501:  0.228 0.149 0.142 0.054 0.025 0.066 0.013 0.066 0.148 0.111 1    
502:  0.018 0.829 0.022 0.019 0.023 0.017 0.017 0.017 0.016 0.022 1    
503:  0.175 0.064 0.132 0.069 0.078 0.125 0.022 0.070 0.112 0.154 1    
504:  0.076 0.022 0.130 0.097 0.136 0.092 0.155 0.118 0.094 0.081 1    
505:  0.103 0.053 0.084 0.085 0.058 0.146 0.117 0.152 0.114 0.088 1    
506:  0.053 0.053 0.085 0.121 0.181 0.075 0.138 0.119 0.067 0.108 1    
507:  0.136 0.071 0.097 0.081 0.033 0.107 0.102 0.098 0.167 0.109 1    
508:  0.079 0.029 0.069 0.108 0.056 0.101 0.040 0.181 0.248 0.088 1    
509:  0.120 0.151 0.122 0.094 0.082 0.055 0.070 0.102 0.088 0.117 1    
510:  0.065 0.030 0.071 0.072 0.439 0.067 0.029 0.075 0.079 0.072 1    
511:  0.041 0.050 0.068 0.065 0.269 0.128 0.086 0.104 0.123 0.065 1    
512:  0.092 0.264 0.106 0.067 0.097 0.093 0.023 0.039 0.099 0.120 1    
513:  0.067 0.046 0.150 0.123 0.046 0.082 0.092 0.238 0.080 0.077 1    
514:  0.089 0.034 0.129 0.139 0.042 0.093 0.036 0.174 0.104 0.160 1    
515:  0.126 0.068 0.096 0.100 0.175 0.057 0.056 0.049 0.176 0.098 1    
516:  0.089 0.298 0.063 0.097 0.090 0.061 0.056 0.086 0.084 0.077 1    
517:  0.076 0.446 0.034 0.040 0.020 0.079 0.133 0.094 0.045 0.034 1    
518:  0.157 0.018 0.103 0.190 0.029 0.089 0.018 0.075 0.141 0.179 1    
519:  0.049 0.202 0.043 0.052 0.027 0.093 0.295 0.090 0.090 0.058 1    
520:  0.109 0.129 0.122 0.175 0.074 0.089 0.029 0.064 0.104 0.105 1    
521:  0.143 0.096 0.102 0.060 0.224 0.095 0.058 0.055 0.082 0.084 1    
522:  0.084 0.199 0.068 0.111 0.031 0.121 0.038 0.141 0.136 0.072 1    
523:  0.113 0.042 0.171 0.066 0.049 0.103 0.027 0.236 0.092 0.103 1    
524:  0.096 0.019 0.160 0.104 0.093 0.072 0.076 0.192 0.069 0.120 1    
525:  0.079 0.059 0.057 0.092 0.038 0.209 0.111 0.117 0.153 0.086 1    
526:  0.115 0.071 0.131 0.082 0.067 0.167 0.038 0.109 0.097 0.122 1    
527:  0.060 0.026 0.103 0.250 0.121 0.042 0.072 0.161 0.061 0.104 1    
528:  0.118 0.057 0.136 0.098 0.036 0.100 0.050 0.186 0.080 0.139 1    
529:  0.140 0.061 0.174 0.088 0.070 0.096 0.061 0.106 0.094 0.110 1    
530:  0.058 0.102 0.094 0.157 0.049 0.161 0.040 0.061 0.162 0.115 1    
531:  0.103 0.031 0.107 0.264 0.023 0.031 0.144 0.109 0.076 0.113 1    
532:  0.136 0.126 0.155 0.063 0.075 0.100 0.021 0.032 0.185 0.107 1    
533:  0.131 0.041 0.152 0.071 0.086 0.064 0.021 0.175 0.119 0.141 1    
534:  0.065 0.019 0.140 0.183 0.116 0.048 0.047 0.195 0.074 0.113 1    
535:  0.143 0.054 0.186 0.073 0.061 0.061 0.047 0.232 0.064 0.078 1    
536:  0.056 0.151 0.062 0.156 0.027 0.126 0.032 0.091 0.219 0.080 1    
537:  0.137 0.025 0.154 0.065 0.027 0.083 0.053 0.174 0.076 0.206 1    
538:  0.094 0.128 0.089 0.071 0.330 0.032 0.032 0.036 0.118 0.070 1    
539:  0.106 0.038 0.067 0.095 0.051 0.161 0.165 0.091 0.164 0.061 1    
540:  0.172 0.037 0.101 0.089 0.063 0.171 0.023 0.047 0.203 0.094 1    
541:  0.168 0.169 0.053 0.075 0.030 0.121 0.016 0.069 0.215 0.085 1    
542:  0.074 0.019 0.107 0.130 0.018 0.097 0.107 0.165 0.177 0.105 1    
543:  0.088 0.025 0.132 0.070 0.160 0.187 0.031 0.099 0.108 0.100 1    
544:  0.143 0.077 0.111 0.067 0.118 0.102 0.067 0.028 0.148 0.140 1    
545:  0.075 0.220 0.090 0.097 0.035 0.063 0.133 0.116 0.092 0.078 1    
546:  0.069 0.038 0.095 0.155 0.056 0.127 0.066 0.128 0.170 0.097 1    
547:  0.202 0.133 0.041 0.115 0.022 0.143 0.064 0.112 0.093 0.076 1    
548:  0.065 0.032 0.097 0.292 0.090 0.032 0.037 0.157 0.096 0.101 1    
549:  0.063 0.426 0.075 0.080 0.033 0.058 0.037 0.117 0.048 0.063 1    
550:  0.095 0.026 0.109 0.137 0.037 0.119 0.049 0.070 0.227 0.129 1    
551:  0.077 0.092 0.066 0.049 0.091 0.306 0.032 0.137 0.086 0.064 1    
552:  0.103 0.052 0.149 0.118 0.176 0.065 0.034 0.116 0.071 0.115 1    
553:  0.090 0.024 0.170 0.115 0.031 0.065 0.167 0.175 0.066 0.097 1    
554:  0.040 0.719 0.026 0.031 0.028 0.041 0.019 0.034 0.030 0.031 1    
555:  0.057 0.403 0.064 0.097 0.032 0.036 0.090 0.040 0.111 0.069 1    
