1:    0.008 0.232 0.512 0.248 1    
2:    0.020 0.444 0.439 0.097 1    
3:    0.007 0.560 0.131 0.302 1    
4:    0.077 0.381 0.136 0.407 1    
5:    0.008 0.545 0.199 0.248 1    
6:    0.008 0.374 0.455 0.164 1    
7:    0.016 0.562 0.100 0.322 1    
8:    0.012 0.301 0.469 0.218 1    
9:    0.010 0.447 0.211 0.332 1    
10:   0.016 0.437 0.309 0.239 1    
11:   0.056 0.429 0.211 0.304 1    
12:   0.041 0.582 0.160 0.218 1    
13:   0.011 0.432 0.148 0.409 1    
14:   0.014 0.326 0.534 0.125 1    
15:   0.008 0.753 0.136 0.103 1    
16:   0.041 0.191 0.302 0.466 1    
17:   0.006 0.219 0.388 0.388 1    
18:   0.021 0.393 0.275 0.311 1    
19:   0.065 0.439 0.070 0.426 1    
20:   0.006 0.543 0.100 0.352 1    
21:   0.007 0.706 0.150 0.137 1    
22:   0.042 0.267 0.230 0.461 1    
23:   0.008 0.505 0.250 0.238 1    
24:   0.022 0.518 0.115 0.346 1    
25:   0.006 0.456 0.211 0.328 1    
26:   0.011 0.474 0.197 0.318 1    
27:   0.008 0.404 0.216 0.372 1    
28:   0.009 0.263 0.237 0.491 1    
29:   0.006 0.350 0.155 0.489 1    
30:   0.026 0.117 0.744 0.113 1    
31:   0.010 0.526 0.249 0.215 1    
32:   0.009 0.255 0.115 0.621 1    
33:   0.017 0.218 0.429 0.337 1    
34:   0.050 0.105 0.443 0.402 1    
35:   0.008 0.387 0.086 0.519 1    
36:   0.007 0.425 0.097 0.472 1    
37:   0.005 0.569 0.319 0.107 1    
38:   0.014 0.369 0.133 0.485 1    
39:   0.004 0.213 0.589 0.194 1    
40:   0.015 0.362 0.509 0.114 1    
41:   0.023 0.467 0.244 0.267 1    
42:   0.008 0.325 0.509 0.158 1    
43:   0.017 0.242 0.638 0.102 1    
44:   0.053 0.336 0.264 0.348 1    
45:   0.011 0.149 0.716 0.125 1    
46:   0.012 0.142 0.662 0.184 1    
47:   0.011 0.240 0.138 0.611 1    
48:   0.006 0.043 0.863 0.089 1    
49:   0.029 0.636 0.089 0.246 1    
50:   0.012 0.476 0.289 0.223 1    
51:   0.017 0.152 0.666 0.165 1    
52:   0.009 0.580 0.140 0.270 1    
53:   0.007 0.196 0.652 0.145 1    
54:   0.035 0.340 0.239 0.386 1    
55:   0.035 0.144 0.473 0.347 1    
56:   0.011 0.515 0.094 0.381 1    
57:   0.007 0.088 0.618 0.286 1    
58:   0.030 0.603 0.161 0.207 1    
59:   0.028 0.140 0.704 0.128 1    
60:   0.009 0.206 0.488 0.297 1    
61:   0.152 0.329 0.254 0.265 1    
62:   0.020 0.197 0.175 0.608 1    
63:   0.009 0.089 0.813 0.088 1    
64:   0.348 0.142 0.321 0.189 1    
65:   0.008 0.174 0.370 0.448 1    
66:   0.025 0.176 0.704 0.094 1    
67:   0.024 0.302 0.475 0.199 1    
68:   0.010 0.049 0.859 0.083 1    
69:   0.007 0.275 0.570 0.149 1    
70:   0.013 0.096 0.713 0.178 1    
71:   0.091 0.105 0.655 0.149 1    
72:   0.011 0.654 0.188 0.147 1    
73:   0.005 0.931 0.040 0.023 1    
74:   0.006 0.938 0.029 0.027 1    
75:   0.016 0.106 0.665 0.213 1    
76:   0.005 0.925 0.034 0.037 1    
77:   0.012 0.090 0.708 0.189 1    
78:   0.303 0.274 0.201 0.222 1    
79:   0.014 0.348 0.391 0.246 1    
80:   0.012 0.869 0.070 0.049 1    
81:   0.008 0.062 0.726 0.204 1    
82:   0.013 0.199 0.676 0.112 1    
83:   0.007 0.245 0.194 0.554 1    
84:   0.040 0.417 0.217 0.326 1    
85:   0.163 0.119 0.212 0.505 1    
86:   0.017 0.046 0.174 0.763 1    
87:   0.005 0.028 0.032 0.936 1    
88:   0.019 0.161 0.727 0.093 1    
89:   0.008 0.366 0.435 0.190 1    
90:   0.009 0.314 0.556 0.121 1    
91:   0.036 0.510 0.144 0.310 1    
92:   0.017 0.110 0.601 0.272 1    
93:   0.015 0.345 0.348 0.292 1    
94:   0.021 0.151 0.594 0.235 1    
95:   0.044 0.137 0.383 0.437 1    
96:   0.010 0.091 0.061 0.838 1    
97:   0.019 0.088 0.714 0.179 1    
98:   0.143 0.179 0.316 0.362 1    
99:   0.006 0.541 0.196 0.257 1    
100:  0.057 0.378 0.309 0.256 1    
101:  0.010 0.488 0.405 0.097 1    
102:  0.009 0.333 0.263 0.395 1    
103:  0.024 0.173 0.138 0.666 1    
104:  0.016 0.493 0.174 0.317 1    
105:  0.017 0.309 0.243 0.431 1    
106:  0.006 0.778 0.089 0.127 1    
107:  0.006 0.463 0.139 0.392 1    
108:  0.008 0.252 0.266 0.475 1    
109:  0.005 0.439 0.158 0.398 1    
110:  0.015 0.643 0.190 0.152 1    
111:  0.009 0.108 0.701 0.181 1    
112:  0.007 0.373 0.242 0.378 1    
113:  0.011 0.253 0.204 0.532 1    
114:  0.029 0.397 0.171 0.402 1    
115:  0.011 0.651 0.170 0.168 1    
116:  0.012 0.292 0.598 0.097 1    
117:  0.068 0.386 0.233 0.313 1    
118:  0.011 0.241 0.488 0.259 1    
119:  0.025 0.090 0.522 0.364 1    
120:  0.016 0.144 0.344 0.496 1    
121:  0.007 0.203 0.502 0.288 1    
122:  0.012 0.401 0.240 0.346 1    
123:  0.054 0.477 0.207 0.262 1    
124:  0.015 0.771 0.098 0.116 1    
125:  0.123 0.274 0.353 0.250 1    
126:  0.026 0.696 0.204 0.075 1    
127:  0.029 0.295 0.166 0.510 1    
128:  0.010 0.100 0.607 0.283 1    
129:  0.005 0.054 0.076 0.866 1    
130:  0.004 0.327 0.483 0.186 1    
131:  0.036 0.037 0.077 0.851 1    
132:  0.026 0.329 0.511 0.133 1    
133:  0.017 0.079 0.670 0.234 1    
134:  0.014 0.466 0.079 0.441 1    
135:  0.065 0.374 0.448 0.112 1    
136:  0.048 0.493 0.168 0.291 1    
137:  0.135 0.285 0.304 0.276 1    
138:  0.029 0.036 0.087 0.848 1    
139:  0.480 0.088 0.299 0.134 1    
140:  0.013 0.143 0.380 0.464 1    
141:  0.130 0.040 0.144 0.686 1    
142:  0.981 0.006 0.006 0.007 1    
143:  0.967 0.010 0.010 0.012 1    
144:  0.982 0.006 0.007 0.005 1    
145:  0.974 0.009 0.008 0.009 1    
146:  0.984 0.006 0.005 0.006 1    
147:  0.981 0.006 0.006 0.006 1    
148:  0.977 0.007 0.008 0.008 1    
149:  0.964 0.011 0.014 0.011 1    
150:  0.983 0.005 0.006 0.006 1    
151:  0.987 0.004 0.005 0.004 1    
152:  0.013 0.441 0.268 0.278 1    
153:  0.019 0.187 0.241 0.553 1    
154:  0.016 0.239 0.438 0.307 1    
155:  0.165 0.203 0.334 0.298 1    
156:  0.007 0.427 0.337 0.229 1    
157:  0.015 0.236 0.430 0.319 1    
158:  0.052 0.138 0.180 0.630 1    
159:  0.022 0.049 0.063 0.867 1    
160:  0.016 0.246 0.622 0.116 1    
161:  0.085 0.106 0.749 0.059 1    
162:  0.017 0.136 0.618 0.229 1    
163:  0.006 0.390 0.157 0.448 1    
164:  0.014 0.269 0.338 0.379 1    
165:  0.016 0.568 0.232 0.184 1    
166:  0.011 0.363 0.365 0.261 1    
167:  0.013 0.450 0.336 0.202 1    
168:  0.009 0.753 0.091 0.147 1    
169:  0.071 0.060 0.493 0.376 1    
170:  0.021 0.416 0.482 0.081 1    
171:  0.022 0.554 0.098 0.326 1    
172:  0.019 0.382 0.460 0.139 1    
173:  0.029 0.329 0.513 0.129 1    
174:  0.011 0.401 0.355 0.234 1    
175:  0.202 0.193 0.146 0.458 1    
176:  0.060 0.449 0.166 0.324 1    
177:  0.006 0.063 0.148 0.783 1    
178:  0.012 0.445 0.139 0.403 1    
179:  0.040 0.103 0.268 0.588 1    
180:  0.018 0.307 0.420 0.255 1    
181:  0.012 0.126 0.484 0.379 1    
182:  0.024 0.236 0.483 0.257 1    
183:  0.013 0.088 0.303 0.595 1    
184:  0.023 0.705 0.162 0.111 1    
185:  0.011 0.718 0.186 0.085 1    
186:  0.017 0.221 0.419 0.343 1    
187:  0.010 0.502 0.233 0.255 1    
188:  0.046 0.457 0.132 0.365 1    
189:  0.020 0.581 0.073 0.326 1    
190:  0.015 0.245 0.534 0.206 1    
191:  0.006 0.314 0.374 0.305 1    
192:  0.035 0.230 0.439 0.296 1    
193:  0.300 0.126 0.228 0.346 1    
194:  0.009 0.493 0.120 0.378 1    
195:  0.010 0.255 0.074 0.661 1    
196:  0.032 0.092 0.603 0.272 1    
197:  0.013 0.280 0.183 0.523 1    
198:  0.010 0.434 0.177 0.379 1    
199:  0.083 0.155 0.326 0.436 1    
200:  0.014 0.419 0.299 0.267 1    
                 
                 
1:    0.214 0.588 0.008 0.189 1    
2:    0.134 0.458 0.025 0.382 1    
3:    0.303 0.101 0.007 0.589 1    
4:    0.332 0.213 0.074 0.381 1    
5:    0.332 0.298 0.007 0.364 1    
6:    0.222 0.315 0.008 0.455 1    
7:    0.372 0.091 0.016 0.521 1    
8:    0.192 0.532 0.011 0.265 1    
9:    0.258 0.272 0.010 0.459 1    
10:   0.260 0.329 0.020 0.391 1    
11:   0.241 0.271 0.057 0.432 1    
12:   0.262 0.189 0.035 0.514 1    
13:   0.384 0.245 0.012 0.360 1    
14:   0.149 0.580 0.018 0.253 1    
15:   0.165 0.155 0.009 0.671 1    
16:   0.372 0.376 0.032 0.220 1    
17:   0.322 0.460 0.006 0.212 1    
18:   0.233 0.225 0.018 0.523 1    
19:   0.359 0.139 0.062 0.441 1    
20:   0.316 0.095 0.006 0.582 1    
21:   0.228 0.104 0.009 0.659 1    
22:   0.395 0.211 0.030 0.364 1    
23:   0.303 0.290 0.007 0.399 1    
24:   0.448 0.232 0.016 0.304 1    
25:   0.326 0.325 0.007 0.343 1    
26:   0.322 0.210 0.009 0.460 1    
27:   0.405 0.249 0.008 0.338 1    
28:   0.295 0.381 0.008 0.317 1    
29:   0.291 0.414 0.005 0.290 1    
30:   0.274 0.510 0.028 0.188 1    
31:   0.228 0.194 0.009 0.569 1    
32:   0.448 0.259 0.011 0.281 1    
33:   0.286 0.494 0.014 0.206 1    
34:   0.333 0.549 0.040 0.077 1    
35:   0.420 0.247 0.008 0.325 1    
36:   0.381 0.226 0.008 0.385 1    
37:   0.151 0.275 0.006 0.568 1    
38:   0.325 0.273 0.015 0.387 1    
39:   0.295 0.394 0.005 0.306 1    
40:   0.196 0.409 0.015 0.380 1    
41:   0.260 0.301 0.024 0.416 1    
42:   0.261 0.358 0.010 0.371 1    
43:   0.162 0.477 0.016 0.345 1    
44:   0.377 0.211 0.050 0.362 1    
45:   0.234 0.529 0.013 0.224 1    
46:   0.343 0.456 0.014 0.187 1    
47:   0.375 0.377 0.013 0.234 1    
48:   0.256 0.702 0.006 0.036 1    
49:   0.332 0.100 0.027 0.542 1    
50:   0.306 0.347 0.011 0.335 1    
51:   0.211 0.601 0.020 0.168 1    
52:   0.222 0.237 0.009 0.532 1    
53:   0.250 0.467 0.007 0.276 1    
54:   0.446 0.205 0.038 0.311 1    
55:   0.348 0.419 0.040 0.193 1    
56:   0.267 0.109 0.012 0.611 1    
57:   0.319 0.550 0.007 0.124 1    
58:   0.182 0.179 0.038 0.601 1    
59:   0.188 0.715 0.021 0.075 1    
60:   0.398 0.368 0.009 0.226 1    
61:   0.269 0.292 0.193 0.247 1    
62:   0.582 0.174 0.019 0.224 1    
63:   0.138 0.707 0.007 0.148 1    
64:   0.261 0.336 0.306 0.097 1    
65:   0.365 0.416 0.009 0.209 1    
66:   0.162 0.518 0.027 0.293 1    
67:   0.302 0.317 0.023 0.358 1    
68:   0.249 0.671 0.010 0.070 1    
69:   0.206 0.373 0.007 0.414 1    
70:   0.171 0.679 0.018 0.132 1    
71:   0.235 0.552 0.103 0.110 1    
72:   0.158 0.150 0.010 0.682 1    
73:   0.020 0.062 0.004 0.914 1    
74:   0.031 0.035 0.005 0.929 1    
75:   0.231 0.645 0.016 0.107 1    
76:   0.039 0.048 0.005 0.909 1    
77:   0.258 0.610 0.011 0.121 1    
78:   0.231 0.218 0.320 0.231 1    
79:   0.326 0.341 0.012 0.321 1    
80:   0.077 0.057 0.015 0.850 1    
81:   0.302 0.614 0.009 0.076 1    
82:   0.155 0.531 0.014 0.300 1    
83:   0.564 0.275 0.006 0.155 1    
84:   0.327 0.345 0.042 0.286 1    
85:   0.379 0.295 0.151 0.175 1    
86:   0.683 0.242 0.021 0.055 1    
87:   0.804 0.166 0.006 0.024 1    
88:   0.114 0.676 0.022 0.189 1    
89:   0.233 0.323 0.009 0.436 1    
90:   0.200 0.341 0.008 0.452 1    
91:   0.266 0.239 0.031 0.465 1    
92:   0.303 0.538 0.016 0.143 1    
93:   0.336 0.356 0.017 0.291 1    
94:   0.327 0.472 0.021 0.179 1    
95:   0.419 0.379 0.046 0.156 1    
96:   0.710 0.174 0.009 0.107 1    
97:   0.346 0.551 0.013 0.090 1    
98:   0.311 0.419 0.143 0.127 1    
99:   0.296 0.149 0.007 0.548 1    
100:  0.315 0.251 0.048 0.385 1    
101:  0.187 0.316 0.011 0.486 1    
102:  0.275 0.371 0.007 0.347 1    
103:  0.605 0.270 0.025 0.100 1    
104:  0.382 0.172 0.014 0.433 1    
105:  0.303 0.392 0.013 0.291 1    
106:  0.171 0.161 0.006 0.661 1    
107:  0.457 0.206 0.007 0.330 1    
108:  0.495 0.309 0.008 0.187 1    
109:  0.433 0.278 0.005 0.284 1    
110:  0.205 0.179 0.014 0.602 1    
111:  0.249 0.644 0.011 0.097 1    
112:  0.271 0.286 0.009 0.434 1    
113:  0.390 0.265 0.010 0.334 1    
114:  0.362 0.255 0.031 0.353 1    
115:  0.188 0.177 0.017 0.619 1    
116:  0.178 0.565 0.013 0.245 1    
117:  0.411 0.242 0.053 0.294 1    
118:  0.367 0.458 0.012 0.163 1    
119:  0.480 0.393 0.027 0.100 1    
120:  0.512 0.411 0.013 0.064 1    
121:  0.186 0.570 0.007 0.238 1    
122:  0.398 0.258 0.014 0.330 1    
123:  0.305 0.231 0.054 0.409 1    
124:  0.202 0.082 0.015 0.701 1    
125:  0.216 0.383 0.094 0.308 1    
126:  0.134 0.119 0.032 0.715 1    
127:  0.486 0.214 0.024 0.276 1    
128:  0.307 0.649 0.009 0.035 1    
129:  0.786 0.171 0.005 0.038 1    
130:  0.187 0.384 0.004 0.425 1    
131:  0.789 0.137 0.053 0.020 1    
132:  0.255 0.320 0.025 0.400 1    
133:  0.379 0.508 0.023 0.090 1    
134:  0.233 0.173 0.017 0.577 1    
135:  0.127 0.451 0.062 0.360 1    
136:  0.353 0.199 0.051 0.397 1    
137:  0.344 0.224 0.136 0.297 1    
138:  0.772 0.174 0.033 0.021 1    
139:  0.180 0.267 0.475 0.077 1    
140:  0.454 0.381 0.015 0.149 1    
141:  0.650 0.201 0.134 0.016 1    
142:  0.006 0.007 0.981 0.006 1    
143:  0.012 0.011 0.966 0.011 1    
144:  0.006 0.006 0.983 0.005 1    
145:  0.009 0.007 0.977 0.007 1    
146:  0.005 0.006 0.984 0.005 1    
147:  0.006 0.005 0.984 0.005 1    
148:  0.008 0.007 0.978 0.007 1    
149:  0.014 0.012 0.963 0.011 1    
150:  0.005 0.005 0.984 0.005 1    
151:  0.004 0.004 0.987 0.004 1    
152:  0.238 0.300 0.015 0.446 1    
153:  0.471 0.317 0.020 0.192 1    
154:  0.258 0.472 0.016 0.254 1    
155:  0.255 0.394 0.141 0.210 1    
156:  0.217 0.266 0.007 0.511 1    
157:  0.291 0.354 0.013 0.343 1    
158:  0.589 0.229 0.046 0.136 1    
159:  0.772 0.178 0.020 0.030 1    
160:  0.249 0.360 0.021 0.370 1    
161:  0.204 0.410 0.120 0.265 1    
162:  0.343 0.446 0.015 0.196 1    
163:  0.461 0.126 0.007 0.406 1    
164:  0.348 0.356 0.012 0.284 1    
165:  0.156 0.206 0.020 0.618 1    
166:  0.417 0.247 0.010 0.325 1    
167:  0.241 0.343 0.013 0.403 1    
168:  0.133 0.151 0.008 0.707 1    
169:  0.334 0.524 0.063 0.079 1    
170:  0.105 0.368 0.029 0.497 1    
171:  0.287 0.229 0.020 0.464 1    
172:  0.136 0.375 0.014 0.475 1    
173:  0.171 0.403 0.030 0.396 1    
174:  0.372 0.234 0.010 0.384 1    
175:  0.443 0.225 0.193 0.139 1    
176:  0.350 0.177 0.055 0.417 1    
177:  0.767 0.184 0.006 0.043 1    
178:  0.397 0.257 0.010 0.335 1    
179:  0.463 0.398 0.039 0.101 1    
180:  0.311 0.388 0.017 0.284 1    
181:  0.457 0.385 0.017 0.141 1    
182:  0.294 0.374 0.025 0.307 1    
183:  0.596 0.316 0.014 0.074 1    
184:  0.203 0.223 0.022 0.552 1    
185:  0.088 0.230 0.014 0.669 1    
186:  0.395 0.388 0.018 0.199 1    
187:  0.276 0.233 0.007 0.484 1    
188:  0.277 0.220 0.039 0.464 1    
189:  0.315 0.145 0.020 0.519 1    
190:  0.220 0.517 0.016 0.246 1    
191:  0.318 0.308 0.006 0.369 1    
192:  0.263 0.454 0.037 0.247 1    
193:  0.232 0.318 0.318 0.131 1    
194:  0.315 0.198 0.011 0.476 1    
195:  0.476 0.269 0.012 0.243 1    
196:  0.347 0.538 0.029 0.087 1    
197:  0.491 0.293 0.011 0.206 1    
198:  0.382 0.189 0.012 0.416 1    
199:  0.339 0.429 0.089 0.143 1    
200:  0.296 0.345 0.018 0.341 1    
                 
                 
1:    0.357 0.010 0.269 0.365 1    
2:    0.282 0.027 0.531 0.160 1    
3:    0.109 0.007 0.819 0.065 1    
4:    0.306 0.090 0.406 0.198 1    
5:    0.355 0.008 0.451 0.187 1    
6:    0.290 0.009 0.609 0.092 1    
7:    0.090 0.017 0.782 0.111 1    
8:    0.627 0.011 0.108 0.254 1    
9:    0.267 0.012 0.506 0.215 1    
10:   0.544 0.018 0.350 0.088 1    
11:   0.351 0.061 0.396 0.192 1    
12:   0.174 0.045 0.702 0.078 1    
13:   0.298 0.012 0.287 0.403 1    
14:   0.745 0.019 0.076 0.159 1    
15:   0.174 0.009 0.762 0.055 1    
16:   0.379 0.035 0.264 0.322 1    
17:   0.462 0.006 0.249 0.284 1    
18:   0.269 0.022 0.599 0.109 1    
19:   0.504 0.057 0.185 0.254 1    
20:   0.370 0.007 0.461 0.162 1    
21:   0.157 0.008 0.783 0.052 1    
22:   0.367 0.048 0.363 0.222 1    
23:   0.178 0.009 0.667 0.146 1    
24:   0.214 0.022 0.546 0.217 1    
25:   0.339 0.006 0.490 0.164 1    
26:   0.186 0.010 0.575 0.229 1    
27:   0.167 0.009 0.538 0.287 1    
28:   0.355 0.009 0.133 0.502 1    
29:   0.547 0.007 0.070 0.376 1    
30:   0.365 0.031 0.181 0.423 1    
31:   0.285 0.011 0.492 0.212 1    
32:   0.204 0.007 0.109 0.680 1    
33:   0.319 0.015 0.133 0.533 1    
34:   0.279 0.039 0.056 0.626 1    
35:   0.193 0.008 0.399 0.400 1    
36:   0.190 0.007 0.408 0.394 1    
37:   0.201 0.007 0.661 0.132 1    
38:   0.422 0.017 0.112 0.449 1    
39:   0.211 0.006 0.482 0.302 1    
40:   0.216 0.017 0.443 0.324 1    
41:   0.268 0.023 0.496 0.213 1    
42:   0.143 0.009 0.614 0.233 1    
43:   0.343 0.017 0.243 0.397 1    
44:   0.560 0.046 0.147 0.248 1    
45:   0.318 0.011 0.243 0.428 1    
46:   0.136 0.014 0.411 0.439 1    
47:   0.258 0.012 0.101 0.630 1    
48:   0.390 0.007 0.051 0.553 1    
49:   0.237 0.027 0.589 0.146 1    
50:   0.488 0.014 0.253 0.245 1    
51:   0.736 0.019 0.048 0.196 1    
52:   0.426 0.008 0.347 0.219 1    
53:   0.226 0.008 0.398 0.368 1    
54:   0.162 0.035 0.513 0.290 1    
55:   0.354 0.046 0.192 0.408 1    
56:   0.588 0.015 0.215 0.182 1    
57:   0.233 0.007 0.104 0.655 1    
58:   0.449 0.036 0.369 0.145 1    
59:   0.582 0.024 0.107 0.286 1    
60:   0.236 0.009 0.282 0.474 1    
61:   0.321 0.182 0.154 0.343 1    
62:   0.482 0.020 0.173 0.325 1    
63:   0.356 0.011 0.158 0.475 1    
64:   0.190 0.366 0.159 0.285 1    
65:   0.411 0.009 0.054 0.527 1    
66:   0.490 0.027 0.303 0.179 1    
67:   0.192 0.028 0.456 0.324 1    
68:   0.562 0.011 0.052 0.374 1    
69:   0.568 0.006 0.285 0.140 1    
70:   0.319 0.013 0.110 0.558 1    
71:   0.387 0.091 0.139 0.384 1    
72:   0.337 0.012 0.509 0.143 1    
73:   0.331 0.004 0.635 0.030 1    
74:   0.267 0.006 0.700 0.027 1    
75:   0.498 0.016 0.091 0.395 1    
76:   0.144 0.004 0.829 0.022 1    
77:   0.341 0.014 0.103 0.542 1    
78:   0.376 0.317 0.142 0.165 1    
79:   0.199 0.019 0.440 0.343 1    
80:   0.097 0.017 0.851 0.034 1    
81:   0.223 0.010 0.087 0.680 1    
82:   0.344 0.016 0.132 0.508 1    
83:   0.306 0.007 0.387 0.300 1    
84:   0.219 0.046 0.451 0.284 1    
85:   0.340 0.120 0.129 0.410 1    
86:   0.428 0.017 0.054 0.501 1    
87:   0.153 0.007 0.033 0.808 1    
88:   0.545 0.025 0.164 0.266 1    
89:   0.364 0.010 0.324 0.301 1    
90:   0.301 0.008 0.384 0.306 1    
91:   0.519 0.030 0.288 0.164 1    
92:   0.796 0.015 0.089 0.100 1    
93:   0.382 0.019 0.401 0.197 1    
94:   0.207 0.024 0.249 0.520 1    
95:   0.538 0.039 0.077 0.346 1    
96:   0.249 0.008 0.085 0.658 1    
97:   0.230 0.017 0.138 0.615 1    
98:   0.488 0.138 0.143 0.231 1    
99:   0.513 0.007 0.270 0.210 1    
100:  0.353 0.045 0.517 0.085 1    
101:  0.354 0.009 0.551 0.085 1    
102:  0.519 0.007 0.140 0.334 1    
103:  0.176 0.029 0.236 0.560 1    
104:  0.181 0.015 0.609 0.195 1    
105:  0.448 0.014 0.180 0.358 1    
106:  0.217 0.006 0.711 0.066 1    
107:  0.142 0.007 0.672 0.178 1    
108:  0.119 0.009 0.400 0.473 1    
109:  0.087 0.006 0.669 0.238 1    
110:  0.127 0.017 0.801 0.055 1    
111:  0.577 0.012 0.073 0.338 1    
112:  0.524 0.007 0.148 0.321 1    
113:  0.365 0.009 0.083 0.543 1    
114:  0.183 0.036 0.420 0.361 1    
115:  0.145 0.013 0.783 0.059 1    
116:  0.641 0.012 0.247 0.099 1    
117:  0.118 0.082 0.589 0.212 1    
118:  0.203 0.011 0.432 0.354 1    
119:  0.184 0.028 0.082 0.706 1    
120:  0.218 0.013 0.142 0.626 1    
121:  0.590 0.008 0.172 0.230 1    
122:  0.181 0.014 0.555 0.250 1    
123:  0.272 0.066 0.498 0.165 1    
124:  0.260 0.013 0.671 0.056 1    
125:  0.263 0.112 0.350 0.275 1    
126:  0.361 0.023 0.539 0.076 1    
127:  0.212 0.027 0.450 0.311 1    
128:  0.401 0.009 0.067 0.523 1    
129:  0.129 0.006 0.042 0.824 1    
130:  0.692 0.004 0.113 0.191 1    
131:  0.152 0.038 0.026 0.783 1    
132:  0.160 0.026 0.641 0.172 1    
133:  0.248 0.017 0.122 0.614 1    
134:  0.657 0.015 0.134 0.194 1    
135:  0.324 0.081 0.435 0.160 1    
136:  0.234 0.048 0.520 0.198 1    
137:  0.123 0.143 0.569 0.164 1    
138:  0.078 0.025 0.021 0.876 1    
139:  0.202 0.470 0.096 0.232 1    
140:  0.187 0.012 0.086 0.715 1    
141:  0.110 0.127 0.012 0.751 1    
142:  0.006 0.982 0.006 0.006 1    
143:  0.013 0.964 0.012 0.012 1    
144:  0.007 0.981 0.006 0.006 1    
145:  0.009 0.975 0.009 0.007 1    
146:  0.006 0.983 0.005 0.006 1    
147:  0.007 0.982 0.006 0.006 1    
148:  0.008 0.977 0.007 0.008 1    
149:  0.010 0.965 0.010 0.015 1    
150:  0.005 0.982 0.006 0.007 1    
151:  0.004 0.986 0.004 0.005 1    
152:  0.368 0.015 0.449 0.168 1    
153:  0.305 0.018 0.258 0.419 1    
154:  0.518 0.015 0.135 0.333 1    
155:  0.502 0.158 0.104 0.237 1    
156:  0.297 0.007 0.409 0.287 1    
157:  0.288 0.014 0.433 0.264 1    
158:  0.202 0.063 0.194 0.542 1    
159:  0.091 0.022 0.019 0.868 1    
160:  0.424 0.021 0.397 0.158 1    
161:  0.319 0.116 0.327 0.239 1    
162:  0.238 0.020 0.252 0.490 1    
163:  0.139 0.009 0.532 0.321 1    
164:  0.187 0.014 0.512 0.287 1    
165:  0.146 0.021 0.805 0.027 1    
166:  0.691 0.010 0.158 0.142 1    
167:  0.242 0.014 0.577 0.167 1    
168:  0.182 0.009 0.775 0.033 1    
169:  0.722 0.049 0.038 0.192 1    
170:  0.513 0.018 0.388 0.080 1    
171:  0.660 0.017 0.201 0.123 1    
172:  0.435 0.016 0.503 0.046 1    
173:  0.212 0.031 0.659 0.098 1    
174:  0.148 0.011 0.641 0.200 1    
175:  0.380 0.176 0.261 0.183 1    
176:  0.166 0.049 0.511 0.274 1    
177:  0.190 0.006 0.077 0.727 1    
178:  0.198 0.013 0.503 0.286 1    
179:  0.266 0.043 0.112 0.579 1    
180:  0.371 0.022 0.299 0.308 1    
181:  0.405 0.015 0.082 0.497 1    
182:  0.301 0.025 0.306 0.368 1    
183:  0.131 0.016 0.090 0.763 1    
184:  0.571 0.021 0.326 0.083 1    
185:  0.348 0.013 0.573 0.065 1    
186:  0.250 0.017 0.122 0.611 1    
187:  0.388 0.008 0.445 0.159 1    
188:  0.347 0.043 0.272 0.338 1    
189:  0.208 0.022 0.597 0.173 1    
190:  0.467 0.017 0.265 0.250 1    
191:  0.302 0.006 0.335 0.357 1    
192:  0.567 0.037 0.156 0.240 1    
193:  0.259 0.321 0.141 0.279 1    
194:  0.355 0.010 0.404 0.231 1    
195:  0.446 0.011 0.092 0.451 1    
196:  0.352 0.036 0.075 0.537 1    
197:  0.208 0.014 0.250 0.528 1    
198:  0.500 0.012 0.363 0.125 1    
199:  0.349 0.102 0.065 0.484 1    
200:  0.239 0.022 0.574 0.165 1    
                 
                 
1:    0.364 0.339 0.009 0.287 1    
2:    0.265 0.469 0.026 0.240 1    
3:    0.276 0.589 0.006 0.130 1    
4:    0.278 0.407 0.071 0.244 1    
5:    0.340 0.338 0.008 0.313 1    
6:    0.216 0.473 0.007 0.305 1    
7:    0.296 0.516 0.017 0.171 1    
8:    0.321 0.208 0.009 0.462 1    
9:    0.259 0.505 0.009 0.227 1    
10:   0.156 0.416 0.016 0.412 1    
11:   0.210 0.366 0.050 0.373 1    
12:   0.174 0.558 0.038 0.230 1    
13:   0.416 0.328 0.009 0.247 1    
14:   0.213 0.244 0.016 0.527 1    
15:   0.154 0.534 0.008 0.304 1    
16:   0.296 0.331 0.042 0.331 1    
17:   0.374 0.309 0.005 0.312 1    
18:   0.262 0.482 0.019 0.238 1    
19:   0.321 0.355 0.069 0.255 1    
20:   0.319 0.488 0.006 0.187 1    
21:   0.203 0.575 0.008 0.214 1    
22:   0.285 0.326 0.037 0.351 1    
23:   0.297 0.516 0.009 0.178 1    
24:   0.270 0.442 0.015 0.273 1    
25:   0.322 0.457 0.005 0.215 1    
26:   0.332 0.443 0.010 0.215 1    
27:   0.383 0.389 0.007 0.222 1    
28:   0.486 0.190 0.008 0.316 1    
29:   0.434 0.164 0.005 0.397 1    
30:   0.299 0.245 0.025 0.431 1    
31:   0.399 0.324 0.008 0.269 1    
32:   0.578 0.231 0.007 0.184 1    
33:   0.436 0.240 0.014 0.310 1    
34:   0.417 0.183 0.038 0.361 1    
35:   0.387 0.365 0.007 0.241 1    
36:   0.438 0.355 0.008 0.199 1    
37:   0.268 0.517 0.006 0.209 1    
38:   0.472 0.215 0.013 0.299 1    
39:   0.307 0.359 0.004 0.331 1    
40:   0.257 0.361 0.015 0.367 1    
41:   0.301 0.390 0.024 0.285 1    
42:   0.386 0.348 0.009 0.257 1    
43:   0.264 0.337 0.014 0.386 1    
44:   0.338 0.214 0.039 0.409 1    
45:   0.374 0.201 0.009 0.416 1    
46:   0.414 0.306 0.012 0.267 1    
47:   0.563 0.186 0.011 0.240 1    
48:   0.276 0.149 0.006 0.569 1    
49:   0.277 0.487 0.026 0.210 1    
50:   0.207 0.296 0.011 0.486 1    
51:   0.181 0.156 0.016 0.646 1    
52:   0.332 0.351 0.008 0.309 1    
53:   0.370 0.269 0.006 0.355 1    
54:   0.323 0.435 0.033 0.209 1    
55:   0.280 0.246 0.039 0.435 1    
56:   0.394 0.383 0.014 0.209 1    
57:   0.379 0.240 0.007 0.374 1    
58:   0.294 0.396 0.030 0.281 1    
59:   0.280 0.247 0.029 0.443 1    
60:   0.418 0.284 0.007 0.291 1    
61:   0.344 0.226 0.156 0.275 1    
62:   0.328 0.269 0.016 0.386 1    
63:   0.345 0.250 0.008 0.397 1    
64:   0.264 0.201 0.345 0.190 1    
65:   0.426 0.166 0.009 0.399 1    
66:   0.274 0.253 0.025 0.449 1    
67:   0.375 0.345 0.024 0.256 1    
68:   0.221 0.128 0.009 0.642 1    
69:   0.186 0.266 0.006 0.542 1    
70:   0.375 0.244 0.012 0.369 1    
71:   0.303 0.205 0.083 0.408 1    
72:   0.282 0.417 0.009 0.291 1    
73:   0.191 0.672 0.005 0.133 1    
74:   0.197 0.643 0.006 0.153 1    
75:   0.256 0.279 0.017 0.448 1    
76:   0.209 0.670 0.004 0.117 1    
77:   0.442 0.147 0.010 0.402 1    
78:   0.204 0.188 0.336 0.271 1    
79:   0.348 0.343 0.014 0.295 1    
80:   0.254 0.598 0.014 0.134 1    
81:   0.358 0.235 0.010 0.397 1    
82:   0.369 0.266 0.015 0.349 1    
83:   0.390 0.349 0.007 0.254 1    
84:   0.332 0.389 0.035 0.244 1    
85:   0.343 0.142 0.125 0.390 1    
86:   0.391 0.133 0.019 0.457 1    
87:   0.532 0.098 0.006 0.363 1    
88:   0.262 0.287 0.018 0.434 1    
89:   0.283 0.288 0.009 0.421 1    
90:   0.286 0.332 0.007 0.375 1    
91:   0.201 0.394 0.032 0.373 1    
92:   0.106 0.160 0.015 0.719 1    
93:   0.245 0.314 0.015 0.425 1    
94:   0.375 0.273 0.019 0.332 1    
95:   0.257 0.223 0.047 0.473 1    
96:   0.624 0.140 0.009 0.227 1    
97:   0.363 0.233 0.016 0.388 1    
98:   0.215 0.181 0.133 0.471 1    
99:   0.321 0.308 0.007 0.364 1    
100:  0.324 0.354 0.048 0.274 1    
101:  0.290 0.343 0.009 0.358 1    
102:  0.388 0.236 0.006 0.370 1    
103:  0.508 0.287 0.024 0.180 1    
104:  0.326 0.461 0.012 0.201 1    
105:  0.361 0.219 0.012 0.408 1    
106:  0.156 0.614 0.005 0.225 1    
107:  0.363 0.474 0.007 0.156 1    
108:  0.469 0.320 0.007 0.204 1    
109:  0.393 0.475 0.004 0.128 1    
110:  0.158 0.576 0.013 0.253 1    
111:  0.275 0.255 0.009 0.460 1    
112:  0.369 0.239 0.007 0.385 1    
113:  0.479 0.220 0.008 0.294 1    
114:  0.300 0.429 0.035 0.236 1    
115:  0.244 0.581 0.014 0.161 1    
116:  0.176 0.234 0.012 0.578 1    
117:  0.343 0.391 0.055 0.212 1    
118:  0.366 0.385 0.010 0.239 1    
119:  0.445 0.161 0.029 0.365 1    
120:  0.486 0.250 0.014 0.251 1    
121:  0.289 0.286 0.006 0.418 1    
122:  0.381 0.382 0.011 0.226 1    
123:  0.270 0.358 0.051 0.322 1    
124:  0.190 0.520 0.013 0.277 1    
125:  0.256 0.250 0.094 0.401 1    
126:  0.185 0.407 0.027 0.382 1    
127:  0.337 0.339 0.023 0.302 1    
128:  0.347 0.166 0.008 0.479 1    
129:  0.611 0.101 0.005 0.283 1    
130:  0.237 0.314 0.004 0.445 1    
131:  0.567 0.091 0.036 0.306 1    
132:  0.195 0.445 0.022 0.338 1    
133:  0.383 0.220 0.016 0.382 1    
134:  0.394 0.369 0.015 0.222 1    
135:  0.185 0.453 0.047 0.315 1    
136:  0.276 0.383 0.049 0.292 1    
137:  0.287 0.382 0.120 0.212 1    
138:  0.606 0.069 0.030 0.295 1    
139:  0.168 0.134 0.470 0.228 1    
140:  0.508 0.183 0.011 0.297 1    
141:  0.575 0.040 0.145 0.240 1    
142:  0.005 0.006 0.984 0.005 1    
143:  0.010 0.012 0.966 0.012 1    
144:  0.006 0.006 0.983 0.006 1    
145:  0.008 0.007 0.977 0.008 1    
146:  0.005 0.006 0.984 0.005 1    
147:  0.005 0.007 0.983 0.005 1    
148:  0.006 0.007 0.980 0.007 1    
149:  0.012 0.011 0.968 0.010 1    
150:  0.005 0.006 0.984 0.005 1    
151:  0.004 0.004 0.987 0.004 1    
152:  0.224 0.467 0.012 0.298 1    
153:  0.338 0.343 0.015 0.304 1    
154:  0.250 0.257 0.012 0.480 1    
155:  0.245 0.228 0.120 0.408 1    
156:  0.341 0.308 0.005 0.346 1    
157:  0.271 0.403 0.011 0.315 1    
158:  0.455 0.281 0.045 0.218 1    
159:  0.670 0.083 0.019 0.228 1    
160:  0.210 0.182 0.020 0.588 1    
161:  0.201 0.229 0.115 0.455 1    
162:  0.353 0.273 0.016 0.357 1    
163:  0.347 0.482 0.006 0.165 1    
164:  0.343 0.385 0.011 0.260 1    
165:  0.203 0.573 0.017 0.206 1    
166:  0.225 0.154 0.012 0.609 1    
167:  0.282 0.469 0.012 0.237 1    
168:  0.211 0.586 0.009 0.194 1    
169:  0.196 0.130 0.054 0.620 1    
170:  0.155 0.353 0.024 0.468 1    
171:  0.109 0.347 0.016 0.528 1    
172:  0.226 0.346 0.013 0.415 1    
173:  0.300 0.439 0.021 0.240 1    
174:  0.328 0.331 0.010 0.332 1    
175:  0.207 0.257 0.177 0.359 1    
176:  0.301 0.378 0.051 0.270 1    
177:  0.525 0.093 0.006 0.376 1    
178:  0.290 0.471 0.010 0.229 1    
179:  0.390 0.233 0.039 0.339 1    
180:  0.353 0.297 0.015 0.336 1    
181:  0.253 0.158 0.012 0.577 1    
182:  0.321 0.268 0.024 0.387 1    
183:  0.477 0.175 0.013 0.335 1    
184:  0.132 0.275 0.018 0.574 1    
185:  0.171 0.483 0.012 0.335 1    
186:  0.409 0.209 0.013 0.369 1    
187:  0.240 0.508 0.007 0.245 1    
188:  0.395 0.287 0.040 0.279 1    
189:  0.282 0.491 0.018 0.209 1    
190:  0.227 0.388 0.014 0.371 1    
191:  0.323 0.360 0.006 0.311 1    
192:  0.370 0.236 0.035 0.360 1    
193:  0.234 0.192 0.294 0.280 1    
194:  0.314 0.432 0.008 0.245 1    
195:  0.400 0.226 0.012 0.362 1    
196:  0.420 0.206 0.030 0.344 1    
197:  0.397 0.261 0.012 0.330 1    
198:  0.276 0.330 0.008 0.386 1    
199:  0.388 0.189 0.084 0.339 1    
200:  0.235 0.455 0.013 0.297 1    
                 
                 
1:    0.373 0.012 0.258 0.358 1    
2:    0.625 0.025 0.092 0.257 1    
3:    0.374 0.006 0.175 0.445 1    
4:    0.248 0.066 0.247 0.439 1    
5:    0.617 0.009 0.144 0.230 1    
6:    0.472 0.010 0.161 0.358 1    
7:    0.353 0.020 0.180 0.446 1    
8:    0.252 0.013 0.248 0.487 1    
9:    0.344 0.010 0.263 0.383 1    
10:   0.331 0.023 0.195 0.452 1    
11:   0.450 0.045 0.185 0.321 1    
12:   0.369 0.044 0.195 0.392 1    
13:   0.162 0.013 0.348 0.478 1    
14:   0.425 0.020 0.130 0.425 1    
15:   0.417 0.009 0.085 0.489 1    
16:   0.206 0.038 0.487 0.269 1    
17:   0.293 0.006 0.347 0.355 1    
18:   0.266 0.026 0.261 0.446 1    
19:   0.146 0.076 0.375 0.402 1    
20:   0.192 0.006 0.267 0.535 1    
21:   0.317 0.009 0.105 0.570 1    
22:   0.182 0.041 0.433 0.344 1    
23:   0.660 0.010 0.141 0.189 1    
24:   0.546 0.020 0.173 0.262 1    
25:   0.501 0.008 0.258 0.234 1    
26:   0.253 0.014 0.271 0.461 1    
27:   0.324 0.008 0.370 0.298 1    
28:   0.114 0.009 0.534 0.343 1    
29:   0.126 0.007 0.463 0.403 1    
30:   0.274 0.040 0.403 0.283 1    
31:   0.184 0.010 0.370 0.436 1    
32:   0.051 0.007 0.673 0.269 1    
33:   0.372 0.019 0.270 0.339 1    
34:   0.272 0.056 0.403 0.269 1    
35:   0.396 0.010 0.262 0.332 1    
36:   0.446 0.010 0.247 0.298 1    
37:   0.605 0.006 0.059 0.330 1    
38:   0.150 0.019 0.501 0.330 1    
39:   0.499 0.006 0.292 0.203 1    
40:   0.617 0.018 0.141 0.225 1    
41:   0.431 0.024 0.210 0.335 1    
42:   0.388 0.011 0.341 0.260 1    
43:   0.454 0.016 0.177 0.353 1    
44:   0.192 0.061 0.452 0.295 1    
45:   0.187 0.013 0.467 0.332 1    
46:   0.306 0.016 0.406 0.272 1    
47:   0.084 0.013 0.625 0.278 1    
48:   0.273 0.007 0.479 0.241 1    
49:   0.326 0.030 0.167 0.477 1    
50:   0.552 0.012 0.145 0.290 1    
51:   0.299 0.020 0.271 0.410 1    
52:   0.238 0.012 0.247 0.503 1    
53:   0.238 0.006 0.448 0.307 1    
54:   0.330 0.038 0.327 0.305 1    
55:   0.230 0.050 0.494 0.226 1    
56:   0.120 0.014 0.340 0.525 1    
57:   0.211 0.007 0.546 0.236 1    
58:   0.362 0.046 0.174 0.419 1    
59:   0.387 0.031 0.216 0.365 1    
60:   0.288 0.008 0.398 0.307 1    
61:   0.303 0.224 0.217 0.256 1    
62:   0.144 0.021 0.599 0.237 1    
63:   0.492 0.011 0.167 0.330 1    
64:   0.273 0.382 0.146 0.198 1    
65:   0.092 0.011 0.650 0.248 1    
66:   0.346 0.025 0.223 0.406 1    
67:   0.298 0.029 0.230 0.442 1    
68:   0.260 0.011 0.452 0.277 1    
69:   0.309 0.009 0.285 0.397 1    
70:   0.446 0.016 0.202 0.335 1    
71:   0.331 0.090 0.313 0.266 1    
72:   0.288 0.012 0.197 0.503 1    
73:   0.412 0.006 0.045 0.538 1    
74:   0.395 0.007 0.053 0.545 1    
75:   0.297 0.021 0.432 0.250 1    
76:   0.405 0.005 0.072 0.519 1    
77:   0.369 0.014 0.276 0.341 1    
78:   0.185 0.350 0.208 0.258 1    
79:   0.382 0.017 0.207 0.393 1    
80:   0.352 0.014 0.081 0.553 1    
81:   0.231 0.011 0.527 0.231 1    
82:   0.424 0.015 0.202 0.358 1    
83:   0.352 0.008 0.396 0.244 1    
84:   0.436 0.043 0.234 0.287 1    
85:   0.109 0.163 0.596 0.131 1    
86:   0.086 0.027 0.827 0.060 1    
87:   0.078 0.018 0.848 0.056 1    
88:   0.482 0.022 0.124 0.371 1    
89:   0.273 0.009 0.301 0.416 1    
90:   0.247 0.010 0.241 0.502 1    
91:   0.296 0.033 0.248 0.423 1    
92:   0.261 0.019 0.449 0.271 1    
93:   0.400 0.018 0.260 0.321 1    
94:   0.387 0.027 0.258 0.329 1    
95:   0.255 0.047 0.443 0.254 1    
96:   0.099 0.015 0.784 0.103 1    
97:   0.246 0.017 0.460 0.277 1    
98:   0.285 0.168 0.292 0.256 1    
99:   0.239 0.008 0.284 0.470 1    
100:  0.423 0.057 0.246 0.274 1    
101:  0.484 0.013 0.201 0.302 1    
102:  0.147 0.009 0.461 0.384 1    
103:  0.247 0.033 0.488 0.232 1    
104:  0.428 0.016 0.199 0.357 1    
105:  0.143 0.018 0.599 0.240 1    
106:  0.549 0.006 0.070 0.375 1    
107:  0.431 0.008 0.212 0.350 1    
108:  0.400 0.009 0.348 0.243 1    
109:  0.435 0.006 0.250 0.309 1    
110:  0.502 0.016 0.092 0.389 1    
111:  0.287 0.012 0.433 0.268 1    
112:  0.183 0.011 0.391 0.415 1    
113:  0.130 0.009 0.503 0.357 1    
114:  0.433 0.040 0.226 0.301 1    
115:  0.447 0.015 0.130 0.408 1    
116:  0.400 0.013 0.222 0.365 1    
117:  0.491 0.079 0.152 0.277 1    
118:  0.570 0.013 0.210 0.207 1    
119:  0.200 0.033 0.568 0.199 1    
120:  0.277 0.018 0.456 0.249 1    
121:  0.325 0.009 0.290 0.376 1    
122:  0.548 0.014 0.204 0.234 1    
123:  0.383 0.057 0.265 0.295 1    
124:  0.346 0.014 0.101 0.539 1    
125:  0.232 0.119 0.431 0.218 1    
126:  0.332 0.027 0.101 0.539 1    
127:  0.293 0.032 0.404 0.270 1    
128:  0.423 0.011 0.300 0.266 1    
129:  0.132 0.009 0.801 0.059 1    
130:  0.239 0.005 0.121 0.635 1    
131:  0.117 0.086 0.751 0.045 1    
132:  0.463 0.028 0.238 0.270 1    
133:  0.379 0.020 0.340 0.261 1    
134:  0.105 0.020 0.376 0.499 1    
135:  0.404 0.071 0.106 0.420 1    
136:  0.368 0.067 0.186 0.378 1    
137:  0.357 0.154 0.183 0.306 1    
138:  0.128 0.060 0.763 0.049 1    
139:  0.138 0.490 0.215 0.156 1    
140:  0.244 0.015 0.484 0.257 1    
141:  0.132 0.184 0.645 0.040 1    
142:  0.007 0.978 0.007 0.007 1    
143:  0.015 0.959 0.015 0.011 1    
144:  0.006 0.980 0.007 0.006 1    
145:  0.010 0.969 0.011 0.009 1    
146:  0.007 0.981 0.006 0.006 1    
147:  0.007 0.979 0.008 0.006 1    
148:  0.008 0.974 0.009 0.009 1    
149:  0.012 0.962 0.013 0.013 1    
150:  0.006 0.981 0.006 0.007 1    
151:  0.005 0.984 0.006 0.005 1    
152:  0.340 0.018 0.259 0.383 1    
153:  0.206 0.020 0.533 0.241 1    
154:  0.490 0.020 0.147 0.342 1    
155:  0.453 0.126 0.125 0.296 1    
156:  0.288 0.008 0.273 0.431 1    
157:  0.304 0.013 0.241 0.442 1    
158:  0.244 0.065 0.493 0.198 1    
159:  0.095 0.044 0.778 0.084 1    
160:  0.597 0.026 0.239 0.138 1    
161:  0.535 0.117 0.167 0.181 1    
162:  0.351 0.019 0.405 0.225 1    
163:  0.219 0.007 0.421 0.353 1    
164:  0.334 0.014 0.356 0.296 1    
165:  0.477 0.020 0.119 0.384 1    
166:  0.383 0.013 0.350 0.255 1    
167:  0.483 0.013 0.159 0.345 1    
168:  0.346 0.011 0.091 0.552 1    
169:  0.207 0.072 0.580 0.142 1    
170:  0.507 0.028 0.144 0.320 1    
171:  0.349 0.022 0.185 0.444 1    
172:  0.509 0.019 0.136 0.335 1    
173:  0.586 0.029 0.114 0.271 1    
174:  0.544 0.012 0.215 0.229 1    
175:  0.191 0.194 0.418 0.197 1    
176:  0.337 0.052 0.267 0.344 1    
177:  0.181 0.011 0.758 0.050 1    
178:  0.456 0.016 0.248 0.281 1    
179:  0.229 0.054 0.510 0.207 1    
180:  0.339 0.024 0.276 0.361 1    
181:  0.411 0.016 0.339 0.234 1    
182:  0.232 0.028 0.359 0.382 1    
183:  0.369 0.022 0.430 0.179 1    
184:  0.359 0.030 0.114 0.497 1    
185:  0.519 0.013 0.070 0.398 1    
186:  0.318 0.017 0.400 0.266 1    
187:  0.312 0.011 0.154 0.524 1    
188:  0.227 0.050 0.281 0.442 1    
189:  0.383 0.023 0.161 0.433 1    
190:  0.340 0.020 0.276 0.363 1    
191:  0.186 0.007 0.470 0.337 1    
192:  0.261 0.037 0.320 0.382 1    
193:  0.309 0.341 0.207 0.144 1    
194:  0.157 0.010 0.304 0.529 1    
195:  0.178 0.013 0.485 0.324 1    
196:  0.394 0.040 0.251 0.315 1    
197:  0.475 0.015 0.308 0.202 1    
198:  0.235 0.014 0.335 0.416 1    
199:  0.204 0.106 0.421 0.269 1    
200:  0.414 0.018 0.274 0.294 1    
                 
                 
1:    0.240 0.501 0.233 0.025 1    
2:    0.394 0.235 0.308 0.062 1    
3:    0.378 0.081 0.529 0.013 1    
4:    0.295 0.124 0.404 0.177 1    
5:    0.431 0.107 0.449 0.013 1    
6:    0.479 0.173 0.325 0.022 1    
7:    0.296 0.115 0.540 0.049 1    
8:    0.244 0.461 0.267 0.028 1    
9:    0.330 0.180 0.453 0.037 1    
10:   0.302 0.184 0.471 0.043 1    
11:   0.344 0.163 0.389 0.104 1    
12:   0.263 0.097 0.535 0.105 1    
13:   0.306 0.246 0.423 0.024 1    
14:   0.272 0.435 0.242 0.050 1    
15:   0.272 0.091 0.615 0.022 1    
16:   0.293 0.432 0.188 0.087 1    
17:   0.418 0.302 0.267 0.012 1    
18:   0.381 0.160 0.415 0.044 1    
19:   0.283 0.066 0.540 0.111 1    
20:   0.336 0.075 0.572 0.017 1    
21:   0.242 0.125 0.616 0.018 1    
22:   0.324 0.275 0.317 0.084 1    
23:   0.493 0.128 0.361 0.019 1    
24:   0.469 0.079 0.403 0.048 1    
25:   0.461 0.185 0.343 0.011 1    
26:   0.224 0.270 0.472 0.035 1    
27:   0.288 0.322 0.367 0.022 1    
28:   0.331 0.245 0.409 0.015 1    
29:   0.405 0.157 0.425 0.013 1    
30:   0.154 0.648 0.128 0.070 1    
31:   0.266 0.218 0.497 0.019 1    
32:   0.358 0.220 0.404 0.017 1    
33:   0.303 0.456 0.206 0.036 1    
34:   0.190 0.593 0.121 0.096 1    
35:   0.456 0.092 0.438 0.014 1    
36:   0.441 0.086 0.454 0.018 1    
37:   0.417 0.109 0.462 0.012 1    
38:   0.337 0.121 0.518 0.024 1    
39:   0.293 0.497 0.198 0.012 1    
40:   0.367 0.403 0.198 0.033 1    
41:   0.324 0.180 0.442 0.053 1    
42:   0.327 0.377 0.278 0.017 1    
43:   0.237 0.595 0.134 0.033 1    
44:   0.238 0.225 0.447 0.089 1    
45:   0.111 0.698 0.169 0.022 1    
46:   0.254 0.588 0.128 0.030 1    
47:   0.325 0.298 0.350 0.027 1    
48:   0.028 0.941 0.019 0.012 1    
49:   0.287 0.056 0.599 0.058 1    
50:   0.367 0.246 0.363 0.024 1    
51:   0.271 0.466 0.218 0.045 1    
52:   0.311 0.141 0.529 0.020 1    
53:   0.217 0.610 0.161 0.012 1    
54:   0.362 0.236 0.330 0.071 1    
55:   0.189 0.612 0.102 0.096 1    
56:   0.323 0.065 0.590 0.022 1    
57:   0.127 0.763 0.096 0.014 1    
58:   0.253 0.123 0.559 0.065 1    
59:   0.198 0.659 0.090 0.053 1    
60:   0.173 0.591 0.212 0.024 1    
61:   0.238 0.255 0.249 0.258 1    
62:   0.300 0.338 0.307 0.055 1    
63:   0.264 0.644 0.074 0.018 1    
64:   0.233 0.219 0.114 0.434 1    
65:   0.250 0.466 0.266 0.018 1    
66:   0.307 0.480 0.168 0.045 1    
67:   0.282 0.359 0.297 0.062 1    
68:   0.098 0.837 0.040 0.026 1    
69:   0.300 0.408 0.277 0.015 1    
70:   0.275 0.609 0.088 0.027 1    
71:   0.160 0.603 0.105 0.132 1    
72:   0.211 0.152 0.613 0.024 1    
73:   0.210 0.027 0.753 0.010 1    
74:   0.206 0.035 0.748 0.011 1    
75:   0.110 0.790 0.068 0.033 1    
76:   0.223 0.031 0.737 0.009 1    
77:   0.240 0.661 0.080 0.019 1    
78:   0.190 0.157 0.240 0.412 1    
79:   0.441 0.267 0.257 0.035 1    
80:   0.270 0.051 0.652 0.028 1    
81:   0.059 0.873 0.044 0.024 1    
82:   0.216 0.632 0.120 0.032 1    
83:   0.506 0.175 0.296 0.024 1    
84:   0.351 0.229 0.321 0.099 1    
85:   0.262 0.354 0.192 0.192 1    
86:   0.345 0.388 0.235 0.032 1    
87:   0.358 0.433 0.195 0.014 1    
88:   0.290 0.528 0.139 0.044 1    
89:   0.210 0.413 0.354 0.023 1    
90:   0.192 0.526 0.263 0.019 1    
91:   0.325 0.073 0.525 0.078 1    
92:   0.291 0.442 0.221 0.046 1    
93:   0.251 0.358 0.311 0.080 1    
94:   0.273 0.542 0.143 0.042 1    
95:   0.339 0.354 0.226 0.081 1    
96:   0.390 0.316 0.277 0.017 1    
97:   0.098 0.796 0.059 0.047 1    
98:   0.247 0.327 0.212 0.215 1    
99:   0.254 0.210 0.523 0.013 1    
100:  0.406 0.159 0.343 0.092 1    
101:  0.415 0.220 0.341 0.023 1    
102:  0.314 0.294 0.377 0.015 1    
103:  0.474 0.220 0.243 0.062 1    
104:  0.409 0.126 0.420 0.046 1    
105:  0.272 0.458 0.240 0.030 1    
106:  0.326 0.063 0.597 0.014 1    
