1:    0.021 0.013 0.007 0.013 0.011 0.033 0.014 0.018 0.010 0.005 0.041 0.009 0.032 0.730 0.006 0.013 0.009 0.007 0.009 1    
2:    0.034 0.051 0.046 0.013 0.027 0.396 0.012 0.026 0.006 0.029 0.020 0.012 0.189 0.045 0.008 0.036 0.024 0.012 0.011 1    
3:    0.079 0.016 0.063 0.019 0.048 0.264 0.054 0.009 0.013 0.027 0.021 0.044 0.214 0.035 0.014 0.020 0.027 0.012 0.021 1    
4:    0.015 0.015 0.015 0.034 0.010 0.091 0.008 0.020 0.012 0.044 0.038 0.050 0.023 0.538 0.006 0.019 0.010 0.036 0.014 1    
5:    0.023 0.007 0.022 0.019 0.016 0.087 0.017 0.010 0.006 0.013 0.021 0.048 0.020 0.636 0.010 0.009 0.011 0.013 0.013 1    
6:    0.046 0.014 0.036 0.033 0.006 0.469 0.012 0.013 0.005 0.054 0.021 0.018 0.042 0.098 0.014 0.052 0.019 0.034 0.014 1    
7:    0.044 0.040 0.013 0.021 0.040 0.295 0.011 0.031 0.016 0.055 0.018 0.045 0.046 0.238 0.009 0.030 0.007 0.023 0.018 1    
8:    0.024 0.219 0.024 0.011 0.020 0.015 0.023 0.083 0.009 0.007 0.030 0.006 0.294 0.088 0.016 0.097 0.011 0.010 0.013 1    
9:    0.044 0.016 0.024 0.019 0.012 0.357 0.011 0.015 0.011 0.136 0.024 0.014 0.074 0.019 0.012 0.174 0.013 0.011 0.014 1    
10:   0.012 0.021 0.004 0.025 0.009 0.009 0.006 0.017 0.008 0.020 0.013 0.069 0.019 0.678 0.010 0.038 0.008 0.021 0.013 1    
11:   0.073 0.015 0.010 0.008 0.006 0.010 0.007 0.020 0.005 0.011 0.010 0.637 0.030 0.035 0.014 0.026 0.010 0.012 0.063 1    
12:   0.024 0.013 0.015 0.029 0.030 0.014 0.006 0.013 0.006 0.034 0.005 0.051 0.023 0.608 0.022 0.005 0.007 0.015 0.079 1    
13:   0.211 0.008 0.016 0.031 0.007 0.015 0.007 0.028 0.005 0.027 0.006 0.395 0.046 0.100 0.031 0.011 0.015 0.007 0.035 1    
14:   0.038 0.031 0.025 0.013 0.049 0.011 0.014 0.058 0.006 0.144 0.004 0.063 0.031 0.353 0.033 0.008 0.023 0.024 0.073 1    
15:   0.025 0.017 0.005 0.011 0.006 0.015 0.008 0.019 0.005 0.007 0.014 0.218 0.006 0.576 0.011 0.004 0.013 0.006 0.034 1    
16:   0.008 0.009 0.005 0.006 0.009 0.007 0.007 0.016 0.005 0.018 0.008 0.040 0.003 0.821 0.006 0.004 0.006 0.010 0.012 1    
17:   0.042 0.025 0.010 0.013 0.007 0.013 0.017 0.183 0.005 0.019 0.038 0.391 0.016 0.152 0.008 0.012 0.011 0.008 0.029 1    
18:   0.007 0.006 0.004 0.010 0.010 0.012 0.004 0.009 0.007 0.006 0.022 0.056 0.006 0.787 0.009 0.008 0.006 0.006 0.026 1    
19:   0.090 0.014 0.005 0.009 0.004 0.020 0.011 0.023 0.004 0.008 0.012 0.460 0.010 0.280 0.008 0.008 0.007 0.007 0.019 1    
20:   0.009 0.024 0.006 0.004 0.018 0.005 0.011 0.017 0.007 0.045 0.005 0.320 0.008 0.476 0.005 0.004 0.008 0.010 0.019 1    
21:   0.101 0.013 0.009 0.051 0.009 0.016 0.022 0.043 0.015 0.012 0.032 0.044 0.016 0.444 0.037 0.013 0.020 0.010 0.092 1    
22:   0.019 0.008 0.020 0.020 0.021 0.009 0.004 0.020 0.004 0.030 0.005 0.027 0.016 0.739 0.012 0.007 0.005 0.012 0.023 1    
23:   0.040 0.032 0.010 0.045 0.018 0.069 0.021 0.018 0.020 0.005 0.010 0.094 0.016 0.029 0.138 0.012 0.406 0.007 0.010 1    
24:   0.017 0.008 0.004 0.012 0.121 0.038 0.015 0.011 0.030 0.067 0.025 0.041 0.018 0.064 0.012 0.007 0.302 0.203 0.006 1    
25:   0.005 0.007 0.007 0.004 0.004 0.004 0.004 0.011 0.003 0.024 0.004 0.006 0.007 0.873 0.006 0.011 0.005 0.007 0.008 1    
26:   0.005 0.005 0.003 0.016 0.006 0.006 0.005 0.005 0.015 0.004 0.007 0.006 0.008 0.877 0.007 0.003 0.007 0.010 0.004 1    
27:   0.008 0.008 0.004 0.010 0.007 0.010 0.009 0.013 0.009 0.035 0.017 0.004 0.008 0.763 0.041 0.009 0.014 0.023 0.006 1    
28:   0.005 0.009 0.004 0.007 0.007 0.008 0.008 0.012 0.016 0.028 0.011 0.005 0.006 0.818 0.024 0.005 0.006 0.014 0.005 1    
29:   0.008 0.022 0.004 0.006 0.010 0.008 0.020 0.020 0.008 0.023 0.004 0.010 0.004 0.809 0.008 0.006 0.013 0.006 0.011 1    
30:   0.009 0.005 0.004 0.009 0.004 0.007 0.007 0.009 0.003 0.011 0.004 0.010 0.008 0.879 0.005 0.005 0.008 0.007 0.006 1    
31:   0.007 0.006 0.003 0.010 0.003 0.009 0.007 0.013 0.004 0.011 0.008 0.006 0.009 0.843 0.030 0.004 0.008 0.013 0.005 1    
32:   0.005 0.007 0.004 0.007 0.009 0.006 0.013 0.007 0.020 0.086 0.010 0.004 0.007 0.766 0.016 0.004 0.010 0.014 0.004 1    
33:   0.016 0.005 0.014 0.007 0.127 0.043 0.010 0.049 0.010 0.022 0.432 0.103 0.007 0.052 0.042 0.013 0.008 0.003 0.037 1    
34:   0.010 0.006 0.006 0.008 0.009 0.036 0.005 0.012 0.007 0.010 0.648 0.154 0.007 0.028 0.009 0.008 0.008 0.010 0.018 1    
35:   0.018 0.012 0.021 0.013 0.015 0.061 0.005 0.048 0.017 0.025 0.068 0.243 0.012 0.271 0.012 0.031 0.008 0.008 0.113 1    
36:   0.019 0.009 0.028 0.017 0.023 0.025 0.005 0.037 0.016 0.012 0.201 0.236 0.023 0.193 0.015 0.046 0.014 0.012 0.070 1    
37:   0.010 0.005 0.013 0.022 0.007 0.005 0.019 0.011 0.039 0.012 0.027 0.723 0.024 0.009 0.013 0.025 0.006 0.019 0.011 1    
38:   0.047 0.011 0.010 0.054 0.008 0.093 0.014 0.008 0.014 0.054 0.458 0.020 0.030 0.064 0.040 0.029 0.022 0.017 0.008 1    
39:   0.042 0.008 0.009 0.007 0.006 0.009 0.010 0.024 0.009 0.037 0.007 0.515 0.015 0.103 0.006 0.006 0.005 0.134 0.050 1    
40:   0.015 0.009 0.010 0.113 0.005 0.020 0.008 0.011 0.011 0.006 0.337 0.230 0.013 0.118 0.016 0.030 0.014 0.011 0.023 1    
41:   0.023 0.007 0.011 0.019 0.006 0.008 0.028 0.010 0.018 0.019 0.041 0.440 0.010 0.008 0.013 0.012 0.011 0.295 0.020 1    
42:   0.058 0.007 0.017 0.114 0.031 0.015 0.034 0.081 0.023 0.034 0.145 0.195 0.021 0.037 0.019 0.021 0.013 0.123 0.014 1    
43:   0.016 0.005 0.006 0.017 0.006 0.007 0.006 0.013 0.035 0.013 0.014 0.770 0.009 0.027 0.012 0.013 0.010 0.005 0.018 1    
44:   0.017 0.006 0.020 0.066 0.021 0.020 0.007 0.052 0.024 0.007 0.011 0.552 0.031 0.077 0.024 0.017 0.007 0.008 0.033 1    
45:   0.006 0.005 0.013 0.020 0.004 0.009 0.007 0.010 0.008 0.003 0.005 0.863 0.009 0.007 0.007 0.005 0.003 0.004 0.013 1    
46:   0.010 0.006 0.051 0.012 0.008 0.007 0.014 0.053 0.009 0.010 0.005 0.712 0.041 0.013 0.015 0.009 0.005 0.011 0.009 1    
47:   0.020 0.009 0.009 0.029 0.007 0.010 0.022 0.024 0.060 0.007 0.025 0.440 0.022 0.024 0.039 0.016 0.006 0.167 0.061 1    
48:   0.014 0.007 0.019 0.016 0.004 0.013 0.012 0.010 0.010 0.018 0.050 0.726 0.009 0.010 0.006 0.012 0.005 0.030 0.027 1    
49:   0.014 0.010 0.055 0.117 0.005 0.034 0.012 0.051 0.009 0.030 0.041 0.051 0.317 0.081 0.014 0.017 0.009 0.099 0.035 1    
50:   0.025 0.016 0.044 0.111 0.004 0.029 0.016 0.049 0.010 0.026 0.032 0.043 0.320 0.081 0.016 0.020 0.011 0.113 0.033 1    
51:   0.008 0.009 0.006 0.007 0.008 0.008 0.009 0.863 0.005 0.018 0.010 0.004 0.012 0.008 0.006 0.004 0.006 0.005 0.003 1    
52:   0.008 0.008 0.031 0.006 0.003 0.007 0.019 0.742 0.005 0.043 0.024 0.005 0.021 0.013 0.015 0.031 0.005 0.007 0.008 1    
53:   0.006 0.008 0.010 0.015 0.003 0.008 0.021 0.731 0.005 0.015 0.014 0.005 0.022 0.056 0.042 0.009 0.006 0.019 0.005 1    
54:   0.005 0.004 0.027 0.006 0.003 0.007 0.009 0.809 0.004 0.014 0.017 0.005 0.022 0.022 0.020 0.010 0.005 0.007 0.004 1    
55:   0.009 0.013 0.006 0.006 0.003 0.011 0.035 0.688 0.004 0.089 0.038 0.005 0.015 0.024 0.016 0.019 0.005 0.010 0.005 1    
56:   0.007 0.005 0.009 0.006 0.003 0.004 0.015 0.758 0.005 0.056 0.009 0.005 0.011 0.049 0.011 0.021 0.006 0.012 0.008 1    
57:   0.005 0.004 0.043 0.007 0.003 0.004 0.009 0.742 0.004 0.025 0.020 0.005 0.010 0.013 0.065 0.022 0.005 0.009 0.004 1    
58:   0.007 0.023 0.011 0.005 0.008 0.004 0.015 0.820 0.009 0.011 0.015 0.003 0.009 0.010 0.015 0.009 0.009 0.013 0.004 1    
59:   0.006 0.009 0.008 0.006 0.006 0.005 0.009 0.863 0.004 0.011 0.006 0.005 0.015 0.014 0.010 0.004 0.007 0.007 0.004 1    
60:   0.007 0.004 0.007 0.019 0.005 0.443 0.012 0.006 0.005 0.006 0.013 0.008 0.014 0.385 0.008 0.016 0.006 0.031 0.005 1    
61:   0.025 0.014 0.005 0.014 0.016 0.669 0.005 0.014 0.012 0.004 0.023 0.010 0.020 0.107 0.029 0.010 0.005 0.007 0.012 1    
62:   0.017 0.018 0.011 0.019 0.017 0.626 0.006 0.011 0.009 0.005 0.049 0.013 0.021 0.112 0.017 0.008 0.008 0.014 0.019 1    
63:   0.012 0.018 0.008 0.016 0.007 0.380 0.006 0.027 0.011 0.004 0.135 0.014 0.027 0.223 0.046 0.021 0.007 0.022 0.016 1    
64:   0.019 0.007 0.039 0.008 0.005 0.597 0.006 0.020 0.012 0.004 0.027 0.005 0.026 0.129 0.025 0.010 0.008 0.034 0.020 1    
65:   0.008 0.006 0.007 0.006 0.007 0.757 0.004 0.008 0.007 0.004 0.078 0.017 0.009 0.032 0.011 0.011 0.004 0.011 0.015 1    
66:   0.006 0.003 0.005 0.016 0.010 0.379 0.013 0.005 0.010 0.005 0.019 0.009 0.009 0.444 0.006 0.008 0.004 0.043 0.006 1    
67:   0.008 0.006 0.007 0.013 0.006 0.696 0.007 0.008 0.005 0.004 0.116 0.020 0.015 0.044 0.010 0.008 0.004 0.013 0.010 1    
68:   0.014 0.006 0.022 0.028 0.005 0.384 0.009 0.015 0.044 0.004 0.017 0.008 0.024 0.318 0.019 0.008 0.010 0.047 0.019 1    
69:   0.005 0.004 0.010 0.010 0.003 0.005 0.009 0.014 0.005 0.005 0.008 0.005 0.007 0.874 0.008 0.006 0.006 0.009 0.007 1    
70:   0.017 0.006 0.079 0.015 0.003 0.013 0.009 0.055 0.004 0.009 0.023 0.007 0.026 0.518 0.089 0.026 0.065 0.011 0.024 1    
71:   0.004 0.009 0.004 0.004 0.007 0.003 0.023 0.007 0.007 0.007 0.004 0.006 0.005 0.873 0.005 0.004 0.016 0.009 0.003 1    
72:   0.008 0.012 0.013 0.006 0.004 0.008 0.014 0.014 0.004 0.007 0.007 0.005 0.011 0.834 0.008 0.018 0.007 0.008 0.011 1    
73:   0.003 0.003 0.006 0.006 0.003 0.004 0.004 0.005 0.003 0.003 0.004 0.005 0.007 0.919 0.005 0.006 0.004 0.005 0.004 1    
74:   0.007 0.007 0.005 0.004 0.009 0.016 0.019 0.007 0.007 0.010 0.033 0.006 0.010 0.790 0.014 0.004 0.036 0.011 0.005 1    
75:   0.006 0.013 0.006 0.004 0.008 0.004 0.030 0.022 0.012 0.014 0.005 0.006 0.007 0.814 0.009 0.009 0.013 0.012 0.008 1    
76:   0.006 0.004 0.004 0.004 0.004 0.006 0.013 0.005 0.005 0.002 0.005 0.004 0.009 0.905 0.005 0.003 0.007 0.005 0.003 1    
77:   0.003 0.005 0.007 0.003 0.006 0.004 0.009 0.008 0.005 0.004 0.004 0.005 0.006 0.906 0.005 0.004 0.007 0.006 0.003 1    
78:   0.015 0.008 0.008 0.009 0.004 0.008 0.021 0.016 0.012 0.004 0.010 0.004 0.017 0.797 0.023 0.009 0.020 0.009 0.006 1    
79:   0.006 0.013 0.010 0.004 0.005 0.005 0.046 0.010 0.006 0.005 0.004 0.004 0.009 0.832 0.008 0.005 0.006 0.019 0.004 1    
80:   0.007 0.007 0.005 0.009 0.004 0.005 0.011 0.013 0.005 0.003 0.006 0.005 0.006 0.839 0.026 0.009 0.027 0.011 0.004 1    
81:   0.005 0.005 0.007 0.004 0.004 0.005 0.007 0.006 0.003 0.004 0.007 0.004 0.008 0.902 0.007 0.006 0.004 0.010 0.003 1    
82:   0.010 0.005 0.009 0.008 0.004 0.005 0.016 0.020 0.009 0.005 0.008 0.006 0.009 0.816 0.014 0.009 0.036 0.008 0.005 1    
83:   0.006 0.011 0.010 0.005 0.004 0.008 0.007 0.008 0.004 0.007 0.006 0.007 0.009 0.869 0.006 0.014 0.005 0.006 0.010 1    
84:   0.023 0.102 0.016 0.005 0.009 0.010 0.038 0.205 0.015 0.011 0.007 0.010 0.012 0.442 0.020 0.022 0.019 0.013 0.023 1    
85:   0.007 0.004 0.012 0.004 0.006 0.004 0.004 0.006 0.007 0.004 0.004 0.006 0.007 0.884 0.011 0.008 0.006 0.007 0.008 1    
86:   0.061 0.025 0.012 0.020 0.012 0.019 0.007 0.033 0.016 0.194 0.018 0.055 0.224 0.042 0.126 0.037 0.056 0.023 0.021 1    
87:   0.006 0.005 0.077 0.006 0.004 0.007 0.004 0.010 0.009 0.004 0.004 0.006 0.012 0.804 0.014 0.010 0.005 0.005 0.009 1    
88:   0.014 0.018 0.065 0.008 0.030 0.010 0.011 0.048 0.011 0.010 0.014 0.017 0.036 0.029 0.018 0.015 0.633 0.006 0.006 1    
89:   0.005 0.012 0.024 0.007 0.005 0.023 0.005 0.011 0.010 0.006 0.006 0.008 0.011 0.811 0.015 0.014 0.012 0.006 0.008 1    
90:   0.017 0.048 0.024 0.010 0.016 0.010 0.012 0.491 0.014 0.010 0.013 0.017 0.036 0.012 0.018 0.023 0.206 0.009 0.013 1    
91:   0.006 0.005 0.005 0.008 0.005 0.006 0.010 0.007 0.007 0.003 0.006 0.007 0.006 0.883 0.007 0.005 0.012 0.008 0.004 1    
92:   0.060 0.034 0.034 0.015 0.014 0.010 0.010 0.070 0.026 0.015 0.011 0.094 0.034 0.016 0.246 0.056 0.217 0.013 0.023 1    
93:   0.006 0.007 0.009 0.007 0.006 0.006 0.006 0.007 0.004 0.004 0.007 0.009 0.010 0.857 0.017 0.011 0.013 0.008 0.004 1    
94:   0.042 0.013 0.037 0.010 0.012 0.013 0.007 0.017 0.013 0.017 0.035 0.025 0.022 0.027 0.586 0.047 0.040 0.017 0.019 1    
95:   0.009 0.004 0.010 0.006 0.005 0.005 0.005 0.005 0.005 0.005 0.005 0.005 0.006 0.880 0.014 0.008 0.006 0.011 0.006 1    
96:   0.006 0.009 0.075 0.006 0.005 0.010 0.008 0.018 0.010 0.004 0.005 0.006 0.009 0.781 0.020 0.009 0.009 0.007 0.006 1    
97:   0.008 0.020 0.009 0.005 0.015 0.009 0.014 0.012 0.015 0.012 0.008 0.010 0.008 0.752 0.024 0.017 0.037 0.013 0.011 1    
98:   0.009 0.010 0.008 0.005 0.019 0.009 0.020 0.011 0.005 0.012 0.006 0.021 0.009 0.807 0.014 0.005 0.007 0.010 0.013 1    
99:   0.011 0.023 0.013 0.007 0.023 0.043 0.007 0.032 0.011 0.008 0.007 0.008 0.035 0.728 0.015 0.009 0.006 0.007 0.008 1    
100:  0.008 0.062 0.016 0.005 0.075 0.017 0.017 0.010 0.012 0.012 0.004 0.008 0.020 0.697 0.008 0.007 0.006 0.008 0.007 1    
101:  0.008 0.013 0.012 0.006 0.078 0.015 0.008 0.008 0.008 0.027 0.006 0.024 0.019 0.700 0.015 0.005 0.005 0.007 0.036 1    
102:  0.014 0.017 0.009 0.005 0.091 0.007 0.017 0.007 0.012 0.011 0.004 0.018 0.009 0.705 0.018 0.006 0.010 0.007 0.033 1    
103:  0.011 0.031 0.013 0.006 0.199 0.021 0.015 0.007 0.042 0.011 0.004 0.005 0.015 0.581 0.008 0.007 0.005 0.006 0.012 1    
104:  0.014 0.017 0.013 0.005 0.028 0.095 0.007 0.030 0.014 0.005 0.008 0.006 0.021 0.693 0.012 0.009 0.005 0.007 0.012 1    
105:  0.008 0.009 0.007 0.007 0.110 0.015 0.009 0.005 0.007 0.010 0.005 0.018 0.007 0.727 0.009 0.003 0.006 0.006 0.030 1    
106:  0.015 0.030 0.007 0.007 0.007 0.009 0.005 0.020 0.011 0.093 0.008 0.019 0.015 0.010 0.008 0.005 0.697 0.009 0.024 1    
107:  0.017 0.034 0.004 0.009 0.006 0.006 0.008 0.116 0.006 0.069 0.004 0.028 0.017 0.007 0.014 0.006 0.633 0.013 0.005 1    
108:  0.020 0.018 0.007 0.040 0.011 0.011 0.008 0.013 0.075 0.257 0.038 0.026 0.033 0.009 0.024 0.005 0.338 0.030 0.040 1    
109:  0.018 0.023 0.004 0.042 0.006 0.018 0.005 0.030 0.018 0.217 0.079 0.064 0.031 0.008 0.039 0.007 0.352 0.024 0.015 1    
110:  0.013 0.012 0.009 0.011 0.006 0.023 0.006 0.010 0.015 0.036 0.084 0.008 0.010 0.006 0.026 0.005 0.574 0.103 0.043 1    
111:  0.009 0.019 0.008 0.012 0.045 0.015 0.005 0.013 0.043 0.101 0.043 0.008 0.013 0.005 0.011 0.004 0.580 0.046 0.021 1    
112:  0.017 0.030 0.006 0.008 0.006 0.006 0.007 0.042 0.008 0.012 0.007 0.031 0.006 0.007 0.017 0.006 0.764 0.012 0.009 1    
113:  0.011 0.013 0.007 0.015 0.008 0.024 0.005 0.005 0.026 0.059 0.047 0.008 0.008 0.005 0.012 0.004 0.638 0.017 0.088 1    
114:  0.006 0.009 0.779 0.005 0.009 0.007 0.007 0.053 0.005 0.017 0.004 0.014 0.007 0.026 0.017 0.008 0.013 0.011 0.004 1    
115:  0.016 0.033 0.103 0.006 0.090 0.016 0.023 0.081 0.011 0.015 0.057 0.039 0.009 0.355 0.112 0.010 0.009 0.006 0.010 1    
116:  0.014 0.016 0.231 0.005 0.110 0.008 0.016 0.096 0.033 0.084 0.009 0.040 0.032 0.030 0.092 0.136 0.016 0.021 0.011 1    
117:  0.022 0.023 0.026 0.016 0.043 0.025 0.022 0.032 0.008 0.010 0.021 0.055 0.014 0.601 0.035 0.014 0.017 0.011 0.006 1    
118:  0.006 0.006 0.671 0.009 0.015 0.007 0.007 0.033 0.009 0.004 0.017 0.019 0.018 0.009 0.137 0.014 0.004 0.004 0.009 1    
119:  0.007 0.007 0.028 0.010 0.007 0.010 0.020 0.008 0.007 0.004 0.190 0.008 0.010 0.517 0.144 0.005 0.008 0.006 0.005 1    
120:  0.009 0.013 0.426 0.008 0.018 0.009 0.025 0.094 0.016 0.041 0.007 0.026 0.035 0.091 0.050 0.072 0.016 0.026 0.019 1    
121:  0.014 0.005 0.014 0.024 0.009 0.008 0.006 0.011 0.019 0.006 0.165 0.031 0.011 0.542 0.048 0.026 0.032 0.024 0.007 1    
122:  0.008 0.005 0.773 0.005 0.003 0.007 0.006 0.015 0.006 0.005 0.018 0.009 0.008 0.007 0.095 0.015 0.004 0.004 0.009 1    
123:  0.012 0.010 0.021 0.014 0.030 0.014 0.018 0.008 0.006 0.006 0.012 0.026 0.013 0.772 0.008 0.006 0.015 0.005 0.003 1    
124:  0.009 0.008 0.592 0.006 0.014 0.008 0.005 0.223 0.004 0.010 0.009 0.012 0.009 0.009 0.051 0.014 0.007 0.005 0.006 1    
125:  0.014 0.008 0.022 0.012 0.005 0.020 0.011 0.012 0.011 0.007 0.222 0.012 0.012 0.036 0.545 0.028 0.006 0.006 0.011 1    
126:  0.015 0.014 0.365 0.010 0.050 0.027 0.010 0.038 0.010 0.016 0.015 0.080 0.062 0.047 0.165 0.046 0.014 0.009 0.006 1    
127:  0.012 0.009 0.018 0.009 0.011 0.013 0.028 0.051 0.013 0.009 0.127 0.016 0.010 0.571 0.071 0.009 0.007 0.006 0.008 1    
128:  0.012 0.010 0.112 0.007 0.014 0.006 0.016 0.023 0.014 0.016 0.049 0.011 0.022 0.019 0.589 0.054 0.009 0.006 0.009 1    
129:  0.020 0.013 0.042 0.036 0.102 0.034 0.015 0.043 0.024 0.017 0.057 0.248 0.012 0.209 0.061 0.024 0.016 0.016 0.011 1    
130:  0.008 0.009 0.619 0.007 0.013 0.008 0.014 0.031 0.012 0.028 0.011 0.041 0.023 0.046 0.067 0.024 0.015 0.018 0.007 1    
131:  0.019 0.018 0.014 0.008 0.009 0.010 0.019 0.009 0.021 0.009 0.005 0.720 0.019 0.008 0.008 0.016 0.007 0.004 0.079 1    
132:  0.011 0.012 0.022 0.006 0.008 0.013 0.008 0.019 0.012 0.008 0.004 0.729 0.018 0.006 0.019 0.014 0.007 0.014 0.071 1    
133:  0.007 0.012 0.008 0.007 0.006 0.013 0.006 0.013 0.006 0.005 0.004 0.826 0.015 0.005 0.012 0.012 0.005 0.009 0.030 1    
134:  0.008 0.007 0.004 0.008 0.003 0.004 0.006 0.008 0.003 0.005 0.006 0.875 0.007 0.006 0.008 0.009 0.020 0.005 0.007 1    
135:  0.007 0.006 0.004 0.005 0.004 0.005 0.006 0.007 0.004 0.004 0.005 0.905 0.005 0.004 0.005 0.007 0.007 0.004 0.008 1    
136:  0.012 0.009 0.004 0.008 0.005 0.009 0.011 0.007 0.006 0.004 0.008 0.864 0.006 0.011 0.005 0.007 0.010 0.004 0.011 1    
137:  0.008 0.011 0.008 0.007 0.006 0.024 0.006 0.021 0.006 0.006 0.006 0.818 0.009 0.019 0.010 0.005 0.006 0.010 0.014 1    
138:  0.012 0.012 0.008 0.010 0.007 0.012 0.010 0.007 0.012 0.005 0.011 0.821 0.009 0.024 0.006 0.008 0.011 0.005 0.008 1    
139:  0.010 0.014 0.008 0.012 0.012 0.008 0.027 0.040 0.007 0.006 0.032 0.751 0.006 0.019 0.023 0.005 0.006 0.009 0.006 1    
140:  0.013 0.028 0.006 0.008 0.029 0.014 0.026 0.034 0.017 0.006 0.085 0.672 0.008 0.022 0.012 0.006 0.004 0.007 0.006 1    
141:  0.062 0.205 0.029 0.007 0.073 0.156 0.017 0.219 0.012 0.038 0.020 0.008 0.012 0.014 0.011 0.009 0.044 0.045 0.019 1    
142:  0.041 0.034 0.005 0.019 0.015 0.043 0.027 0.155 0.028 0.017 0.010 0.015 0.013 0.056 0.033 0.031 0.412 0.034 0.011 1    
143:  0.027 0.017 0.003 0.024 0.007 0.099 0.126 0.406 0.017 0.007 0.066 0.014 0.010 0.027 0.040 0.008 0.069 0.010 0.020 1    
144:  0.059 0.035 0.007 0.027 0.013 0.024 0.260 0.235 0.014 0.019 0.052 0.014 0.010 0.012 0.023 0.020 0.144 0.017 0.014 1    
145:  0.040 0.011 0.004 0.036 0.005 0.026 0.022 0.316 0.013 0.004 0.045 0.063 0.007 0.142 0.018 0.009 0.110 0.015 0.114 1    
146:  0.068 0.073 0.007 0.019 0.015 0.084 0.018 0.177 0.046 0.023 0.013 0.011 0.035 0.033 0.038 0.021 0.263 0.027 0.029 1    
147:  0.075 0.030 0.114 0.104 0.007 0.013 0.020 0.105 0.010 0.009 0.013 0.020 0.085 0.009 0.015 0.138 0.007 0.209 0.016 1    
148:  0.032 0.011 0.045 0.026 0.019 0.052 0.130 0.357 0.010 0.039 0.009 0.016 0.038 0.081 0.025 0.065 0.010 0.026 0.009 1    
149:  0.035 0.029 0.014 0.005 0.017 0.010 0.009 0.359 0.005 0.007 0.012 0.082 0.016 0.033 0.004 0.016 0.004 0.333 0.011 1    
150:  0.173 0.010 0.015 0.046 0.022 0.017 0.052 0.026 0.016 0.012 0.013 0.027 0.024 0.052 0.017 0.415 0.014 0.023 0.027 1    
151:  0.038 0.010 0.043 0.063 0.007 0.008 0.101 0.042 0.008 0.005 0.014 0.009 0.206 0.141 0.036 0.129 0.008 0.127 0.006 1    
152:  0.006 0.006 0.037 0.007 0.006 0.011 0.010 0.491 0.004 0.005 0.012 0.013 0.018 0.293 0.013 0.012 0.004 0.047 0.005 1    
153:  0.013 0.007 0.031 0.007 0.006 0.009 0.023 0.015 0.008 0.003 0.006 0.031 0.029 0.753 0.029 0.008 0.007 0.010 0.005 1    
154:  0.027 0.017 0.013 0.051 0.013 0.016 0.051 0.333 0.013 0.007 0.012 0.045 0.037 0.005 0.026 0.294 0.012 0.005 0.020 1    
155:  0.107 0.055 0.013 0.011 0.032 0.039 0.036 0.082 0.028 0.008 0.023 0.022 0.016 0.026 0.090 0.095 0.304 0.006 0.008 1    
156:  0.553 0.098 0.006 0.025 0.004 0.011 0.014 0.051 0.016 0.004 0.004 0.015 0.043 0.020 0.049 0.020 0.050 0.005 0.009 1    
157:  0.070 0.070 0.023 0.020 0.018 0.018 0.077 0.209 0.028 0.014 0.009 0.023 0.020 0.007 0.019 0.330 0.023 0.007 0.015 1    
158:  0.072 0.018 0.028 0.011 0.028 0.010 0.020 0.242 0.023 0.005 0.009 0.036 0.021 0.042 0.150 0.157 0.106 0.006 0.016 1    
159:  0.054 0.019 0.005 0.012 0.008 0.016 0.006 0.767 0.007 0.016 0.010 0.006 0.009 0.012 0.008 0.018 0.010 0.005 0.012 1    
160:  0.014 0.008 0.013 0.014 0.004 0.007 0.004 0.817 0.006 0.005 0.012 0.008 0.008 0.006 0.021 0.017 0.024 0.005 0.008 1    
161:  0.043 0.014 0.014 0.009 0.007 0.013 0.009 0.733 0.010 0.032 0.009 0.018 0.005 0.010 0.018 0.012 0.009 0.006 0.028 1    
162:  0.024 0.054 0.007 0.011 0.009 0.036 0.006 0.709 0.007 0.019 0.042 0.008 0.010 0.009 0.009 0.014 0.014 0.006 0.007 1    
163:  0.013 0.013 0.010 0.005 0.006 0.005 0.007 0.856 0.004 0.007 0.004 0.013 0.009 0.004 0.015 0.010 0.008 0.007 0.005 1    
164:  0.023 0.056 0.018 0.013 0.009 0.011 0.008 0.686 0.009 0.007 0.008 0.027 0.022 0.007 0.034 0.018 0.016 0.008 0.020 1    
165:  0.026 0.024 0.019 0.015 0.008 0.054 0.005 0.512 0.021 0.039 0.161 0.010 0.006 0.011 0.029 0.026 0.007 0.006 0.023 1    
166:  0.026 0.014 0.025 0.005 0.006 0.007 0.005 0.830 0.006 0.012 0.008 0.005 0.005 0.005 0.006 0.008 0.006 0.019 0.005 1    
167:  0.063 0.034 0.008 0.018 0.013 0.016 0.009 0.680 0.010 0.031 0.016 0.011 0.010 0.009 0.014 0.028 0.011 0.005 0.016 1    
168:  0.011 0.004 0.056 0.008 0.020 0.029 0.004 0.011 0.015 0.015 0.298 0.039 0.022 0.160 0.182 0.012 0.083 0.018 0.013 1    
169:  0.007 0.006 0.016 0.007 0.005 0.006 0.004 0.006 0.007 0.005 0.019 0.011 0.015 0.742 0.091 0.012 0.026 0.010 0.006 1    
170:  0.009 0.004 0.030 0.008 0.006 0.005 0.004 0.006 0.009 0.005 0.010 0.005 0.012 0.769 0.060 0.010 0.030 0.008 0.010 1    
171:  0.006 0.003 0.014 0.005 0.012 0.008 0.003 0.004 0.006 0.021 0.031 0.006 0.006 0.751 0.025 0.005 0.081 0.007 0.006 1    
172:  0.026 0.006 0.022 0.032 0.020 0.009 0.009 0.010 0.012 0.007 0.019 0.062 0.016 0.426 0.064 0.010 0.214 0.012 0.025 1    
173:  0.028 0.006 0.012 0.015 0.023 0.011 0.011 0.011 0.009 0.008 0.022 0.103 0.010 0.333 0.104 0.007 0.263 0.013 0.010 1    
174:  0.010 0.003 0.011 0.011 0.013 0.018 0.004 0.004 0.009 0.021 0.071 0.008 0.011 0.675 0.034 0.007 0.067 0.012 0.012 1    
175:  0.010 0.005 0.013 0.006 0.019 0.015 0.006 0.011 0.005 0.027 0.026 0.067 0.004 0.555 0.018 0.004 0.194 0.009 0.007 1    
176:  0.009 0.004 0.012 0.010 0.007 0.006 0.005 0.006 0.005 0.005 0.015 0.005 0.010 0.805 0.044 0.008 0.024 0.010 0.009 1    
177:  0.021 0.033 0.006 0.011 0.020 0.014 0.008 0.010 0.040 0.043 0.016 0.017 0.023 0.011 0.042 0.562 0.057 0.045 0.020 1    
178:  0.040 0.049 0.020 0.008 0.013 0.020 0.006 0.014 0.192 0.050 0.014 0.008 0.011 0.013 0.018 0.289 0.024 0.057 0.154 1    
179:  0.023 0.009 0.008 0.006 0.006 0.013 0.008 0.005 0.675 0.057 0.030 0.014 0.008 0.011 0.010 0.016 0.015 0.031 0.055 1    
180:  0.040 0.083 0.011 0.016 0.009 0.014 0.008 0.011 0.092 0.031 0.023 0.012 0.054 0.013 0.044 0.408 0.012 0.065 0.054 1    
181:  0.023 0.016 0.006 0.006 0.005 0.008 0.006 0.004 0.753 0.023 0.006 0.016 0.009 0.005 0.008 0.012 0.018 0.016 0.060 1    
182:  0.016 0.029 0.011 0.011 0.028 0.011 0.005 0.008 0.486 0.124 0.014 0.012 0.013 0.012 0.011 0.109 0.019 0.035 0.046 1    
183:  0.111 0.128 0.007 0.010 0.010 0.027 0.014 0.012 0.330 0.037 0.018 0.025 0.019 0.007 0.015 0.072 0.021 0.032 0.105 1    
184:  0.014 0.014 0.007 0.008 0.004 0.004 0.004 0.005 0.686 0.021 0.009 0.014 0.006 0.006 0.007 0.131 0.007 0.006 0.048 1    
185:  0.059 0.073 0.045 0.011 0.018 0.050 0.013 0.007 0.215 0.115 0.018 0.009 0.029 0.007 0.013 0.111 0.019 0.154 0.032 1    
186:  0.006 0.005 0.010 0.008 0.039 0.006 0.004 0.010 0.007 0.008 0.010 0.817 0.010 0.008 0.009 0.006 0.024 0.007 0.007 1    
187:  0.016 0.012 0.014 0.013 0.055 0.023 0.013 0.007 0.018 0.012 0.023 0.460 0.041 0.033 0.124 0.011 0.098 0.014 0.013 1    
188:  0.015 0.020 0.004 0.009 0.145 0.008 0.017 0.005 0.019 0.006 0.006 0.686 0.010 0.005 0.013 0.009 0.011 0.004 0.009 1    
189:  0.009 0.009 0.004 0.007 0.009 0.007 0.011 0.006 0.005 0.005 0.005 0.863 0.015 0.005 0.015 0.004 0.009 0.005 0.007 1    
190:  0.006 0.013 0.004 0.008 0.015 0.008 0.008 0.007 0.006 0.005 0.006 0.829 0.020 0.008 0.017 0.004 0.025 0.006 0.007 1    
191:  0.010 0.010 0.010 0.013 0.033 0.036 0.009 0.020 0.007 0.018 0.012 0.721 0.017 0.006 0.024 0.022 0.014 0.007 0.011 1    
192:  0.010 0.814 0.005 0.005 0.004 0.010 0.049 0.010 0.004 0.009 0.010 0.007 0.009 0.007 0.006 0.012 0.021 0.005 0.005 1    
193:  0.019 0.010 0.024 0.025 0.045 0.010 0.008 0.041 0.008 0.006 0.018 0.277 0.148 0.013 0.169 0.047 0.109 0.012 0.010 1    
194:  0.009 0.007 0.006 0.012 0.005 0.005 0.010 0.010 0.008 0.354 0.416 0.070 0.008 0.015 0.012 0.013 0.021 0.011 0.007 1    
195:  0.024 0.011 0.037 0.007 0.037 0.009 0.013 0.019 0.011 0.453 0.109 0.015 0.020 0.035 0.032 0.122 0.014 0.022 0.011 1    
196:  0.008 0.007 0.004 0.015 0.006 0.008 0.005 0.010 0.008 0.506 0.313 0.021 0.006 0.031 0.005 0.013 0.009 0.020 0.005 1    
197:  0.020 0.011 0.034 0.006 0.022 0.031 0.010 0.009 0.014 0.640 0.046 0.014 0.007 0.042 0.012 0.011 0.015 0.027 0.029 1    
198:  0.015 0.016 0.007 0.009 0.007 0.008 0.014 0.010 0.015 0.500 0.224 0.024 0.014 0.022 0.037 0.037 0.020 0.012 0.010 1    
199:  0.015 0.008 0.009 0.009 0.006 0.009 0.010 0.013 0.006 0.496 0.288 0.018 0.006 0.027 0.005 0.015 0.005 0.037 0.016 1    
200:  0.021 0.020 0.005 0.121 0.024 0.014 0.061 0.066 0.069 0.012 0.009 0.314 0.014 0.012 0.027 0.011 0.014 0.023 0.165 1    
201:  0.025 0.057 0.012 0.026 0.010 0.063 0.034 0.068 0.117 0.010 0.016 0.031 0.049 0.074 0.223 0.031 0.034 0.060 0.062 1    
202:  0.026 0.010 0.107 0.074 0.065 0.044 0.025 0.020 0.129 0.009 0.011 0.169 0.073 0.033 0.116 0.021 0.009 0.014 0.044 1    
203:  0.008 0.006 0.009 0.006 0.008 0.007 0.008 0.006 0.004 0.005 0.006 0.873 0.007 0.011 0.011 0.005 0.006 0.009 0.006 1    
204:  0.013 0.007 0.007 0.013 0.005 0.008 0.011 0.008 0.003 0.007 0.007 0.620 0.019 0.015 0.209 0.009 0.014 0.012 0.013 1    
205:  0.034 0.010 0.006 0.233 0.033 0.032 0.034 0.035 0.116 0.006 0.144 0.050 0.032 0.009 0.111 0.044 0.014 0.047 0.010 1    
206:  0.008 0.009 0.008 0.012 0.007 0.014 0.008 0.013 0.006 0.006 0.015 0.526 0.012 0.029 0.273 0.007 0.013 0.023 0.010 1    
207:  0.006 0.008 0.005 0.006 0.009 0.867 0.009 0.011 0.004 0.005 0.011 0.005 0.009 0.005 0.009 0.008 0.007 0.007 0.005 1    
208:  0.007 0.008 0.007 0.028 0.006 0.796 0.005 0.007 0.012 0.024 0.017 0.013 0.008 0.005 0.009 0.015 0.007 0.007 0.019 1    
209:  0.014 0.011 0.005 0.008 0.012 0.815 0.012 0.007 0.008 0.006 0.014 0.009 0.016 0.008 0.007 0.005 0.028 0.011 0.004 1    
210:  0.012 0.060 0.006 0.006 0.042 0.729 0.005 0.012 0.011 0.010 0.013 0.013 0.015 0.008 0.013 0.008 0.014 0.010 0.012 1    
211:  0.005 0.004 0.006 0.009 0.006 0.872 0.004 0.010 0.005 0.015 0.010 0.009 0.004 0.006 0.010 0.008 0.005 0.005 0.007 1    
212:  0.009 0.008 0.008 0.007 0.013 0.804 0.005 0.011 0.012 0.007 0.015 0.016 0.015 0.008 0.011 0.008 0.027 0.010 0.005 1    
213:  0.005 0.010 0.006 0.004 0.025 0.818 0.008 0.028 0.004 0.029 0.005 0.007 0.008 0.008 0.009 0.005 0.010 0.007 0.004 1    
214:  0.009 0.008 0.004 0.005 0.005 0.855 0.007 0.011 0.004 0.017 0.009 0.005 0.009 0.006 0.010 0.003 0.024 0.006 0.003 1    
215:  0.019 0.015 0.009 0.140 0.020 0.016 0.013 0.008 0.363 0.030 0.178 0.024 0.028 0.010 0.011 0.084 0.006 0.008 0.019 1    
216:  0.008 0.005 0.007 0.017 0.017 0.006 0.012 0.005 0.071 0.006 0.778 0.018 0.005 0.004 0.008 0.013 0.007 0.007 0.005 1    
217:  0.008 0.004 0.006 0.036 0.015 0.006 0.012 0.006 0.079 0.010 0.741 0.021 0.007 0.004 0.010 0.015 0.009 0.006 0.007 1    
218:  0.049 0.010 0.016 0.078 0.188 0.021 0.074 0.013 0.070 0.034 0.056 0.190 0.032 0.007 0.008 0.114 0.011 0.006 0.022 1    
219:  0.017 0.006 0.008 0.016 0.020 0.008 0.036 0.006 0.120 0.008 0.099 0.370 0.009 0.011 0.007 0.014 0.026 0.019 0.200 1    
220:  0.018 0.006 0.007 0.022 0.016 0.009 0.034 0.006 0.120 0.010 0.106 0.336 0.007 0.011 0.007 0.016 0.026 0.019 0.223 1    
221:  0.030 0.046 0.097 0.063 0.030 0.102 0.033 0.107 0.201 0.016 0.034 0.015 0.082 0.020 0.021 0.040 0.019 0.018 0.027 1    
222:  0.061 0.029 0.012 0.053 0.027 0.022 0.063 0.464 0.035 0.008 0.006 0.069 0.023 0.011 0.034 0.039 0.013 0.020 0.012 1    
223:  0.059 0.033 0.018 0.020 0.006 0.104 0.021 0.082 0.009 0.051 0.091 0.032 0.018 0.053 0.183 0.068 0.103 0.021 0.028 1    
224:  0.061 0.053 0.016 0.031 0.006 0.101 0.112 0.413 0.026 0.004 0.006 0.034 0.013 0.014 0.043 0.012 0.041 0.005 0.007 1    
225:  0.045 0.033 0.012 0.035 0.005 0.051 0.018 0.344 0.016 0.087 0.012 0.052 0.033 0.013 0.060 0.086 0.012 0.036 0.053 1    
226:  0.023 0.034 0.006 0.010 0.027 0.009 0.020 0.669 0.013 0.005 0.007 0.047 0.008 0.016 0.055 0.021 0.015 0.007 0.008 1    
227:  0.067 0.053 0.020 0.011 0.013 0.027 0.052 0.204 0.011 0.012 0.021 0.053 0.016 0.194 0.130 0.042 0.043 0.005 0.027 1    
228:  0.080 0.033 0.036 0.039 0.008 0.191 0.108 0.230 0.030 0.016 0.022 0.023 0.023 0.024 0.047 0.035 0.024 0.021 0.010 1    
229:  0.005 0.005 0.025 0.005 0.005 0.848 0.005 0.006 0.010 0.023 0.009 0.007 0.006 0.006 0.005 0.008 0.004 0.004 0.013 1    
230:  0.006 0.005 0.032 0.007 0.014 0.772 0.004 0.018 0.020 0.019 0.011 0.012 0.011 0.010 0.019 0.011 0.013 0.005 0.013 1    
231:  0.005 0.004 0.012 0.006 0.003 0.848 0.007 0.013 0.006 0.021 0.015 0.007 0.006 0.007 0.006 0.011 0.005 0.006 0.012 1    
232:  0.009 0.015 0.009 0.008 0.007 0.826 0.005 0.017 0.027 0.005 0.010 0.007 0.006 0.005 0.005 0.016 0.005 0.004 0.014 1    
233:  0.005 0.006 0.005 0.009 0.007 0.880 0.004 0.008 0.006 0.009 0.011 0.008 0.005 0.008 0.004 0.005 0.005 0.004 0.010 1    
234:  0.019 0.011 0.026 0.020 0.015 0.746 0.009 0.023 0.020 0.005 0.011 0.019 0.014 0.013 0.010 0.017 0.008 0.004 0.010 1    
235:  0.006 0.009 0.006 0.004 0.005 0.861 0.008 0.017 0.007 0.010 0.016 0.005 0.008 0.006 0.005 0.007 0.006 0.005 0.008 1    
236:  0.005 0.009 0.005 0.004 0.005 0.881 0.007 0.013 0.007 0.008 0.013 0.004 0.006 0.005 0.004 0.007 0.006 0.005 0.006 1    
237:  0.007 0.004 0.025 0.005 0.005 0.873 0.006 0.007 0.010 0.005 0.005 0.005 0.007 0.008 0.005 0.010 0.003 0.004 0.005 1    
238:  0.006 0.005 0.032 0.008 0.006 0.815 0.005 0.012 0.030 0.005 0.007 0.009 0.010 0.005 0.008 0.020 0.006 0.004 0.008 1    
239:  0.008 0.010 0.033 0.007 0.007 0.837 0.005 0.014 0.006 0.003 0.007 0.007 0.010 0.009 0.008 0.012 0.007 0.004 0.005 1    
240:  0.033 0.011 0.003 0.012 0.004 0.116 0.032 0.006 0.004 0.029 0.015 0.023 0.005 0.006 0.014 0.018 0.647 0.008 0.015 1    
241:  0.019 0.017 0.012 0.036 0.008 0.012 0.040 0.013 0.012 0.006 0.019 0.044 0.016 0.009 0.015 0.020 0.680 0.007 0.016 1    
242:  0.019 0.012 0.005 0.006 0.006 0.007 0.021 0.007 0.009 0.017 0.012 0.012 0.005 0.005 0.010 0.006 0.816 0.007 0.017 1    
243:  0.012 0.010 0.004 0.011 0.005 0.005 0.029 0.006 0.005 0.009 0.017 0.018 0.006 0.006 0.008 0.004 0.824 0.015 0.007 1    
244:  0.035 0.011 0.012 0.018 0.008 0.074 0.181 0.018 0.015 0.014 0.014 0.019 0.012 0.013 0.019 0.041 0.475 0.009 0.014 1    
245:  0.011 0.005 0.003 0.011 0.005 0.007 0.022 0.009 0.008 0.005 0.010 0.011 0.006 0.011 0.012 0.005 0.842 0.012 0.006 1    
246:  0.009 0.009 0.009 0.006 0.004 0.015 0.007 0.009 0.005 0.016 0.027 0.007 0.005 0.005 0.017 0.006 0.826 0.011 0.006 1    
247:  0.006 0.009 0.004 0.010 0.003 0.013 0.004 0.007 0.005 0.008 0.016 0.009 0.006 0.008 0.013 0.008 0.848 0.009 0.012 1    
248:  0.010 0.020 0.012 0.032 0.672 0.009 0.008 0.018 0.021 0.063 0.007 0.033 0.008 0.009 0.007 0.014 0.021 0.023 0.013 1    
249:  0.015 0.030 0.070 0.036 0.408 0.017 0.006 0.021 0.019 0.079 0.011 0.121 0.015 0.016 0.009 0.013 0.023 0.069 0.022 1    
250:  0.024 0.014 0.090 0.053 0.400 0.011 0.014 0.010 0.111 0.014 0.009 0.099 0.015 0.008 0.011 0.012 0.037 0.034 0.034 1    
251:  0.027 0.019 0.027 0.081 0.428 0.112 0.009 0.009 0.064 0.005 0.004 0.043 0.040 0.009 0.029 0.010 0.056 0.011 0.018 1    
252:  0.096 0.035 0.018 0.222 0.133 0.079 0.027 0.015 0.151 0.012 0.017 0.019 0.051 0.006 0.020 0.023 0.047 0.017 0.012 1    
253:  0.015 0.023 0.009 0.028 0.464 0.006 0.008 0.010 0.011 0.006 0.010 0.331 0.010 0.017 0.022 0.006 0.009 0.008 0.008 1    
254:  0.014 0.006 0.040 0.012 0.469 0.012 0.027 0.010 0.026 0.019 0.012 0.011 0.062 0.014 0.017 0.009 0.100 0.133 0.006 1    
255:  0.033 0.011 0.054 0.018 0.402 0.085 0.009 0.011 0.035 0.044 0.012 0.012 0.038 0.012 0.034 0.010 0.090 0.079 0.011 1    
256:  0.027 0.011 0.009 0.024 0.723 0.009 0.019 0.005 0.028 0.003 0.008 0.018 0.024 0.007 0.029 0.006 0.036 0.006 0.007 1    
257:  0.114 0.033 0.007 0.076 0.031 0.013 0.052 0.013 0.199 0.004 0.020 0.030 0.033 0.024 0.112 0.025 0.196 0.010 0.008 1    
258:  0.017 0.009 0.018 0.018 0.007 0.006 0.015 0.013 0.014 0.009 0.359 0.012 0.015 0.027 0.241 0.012 0.025 0.015 0.167 1    
259:  0.058 0.012 0.023 0.033 0.016 0.012 0.025 0.037 0.040 0.015 0.122 0.056 0.026 0.034 0.045 0.161 0.037 0.014 0.235 1    
260:  0.067 0.023 0.015 0.043 0.032 0.009 0.025 0.019 0.543 0.008 0.006 0.027 0.012 0.006 0.016 0.019 0.113 0.005 0.013 1    
261:  0.022 0.012 0.017 0.006 0.007 0.005 0.019 0.023 0.007 0.005 0.373 0.018 0.026 0.023 0.349 0.010 0.022 0.021 0.034 1    
262:  0.023 0.011 0.016 0.040 0.009 0.005 0.021 0.011 0.651 0.006 0.005 0.055 0.009 0.009 0.012 0.019 0.070 0.005 0.020 1    
263:  0.040 0.010 0.356 0.172 0.006 0.013 0.009 0.016 0.066 0.009 0.026 0.070 0.018 0.012 0.024 0.051 0.017 0.008 0.075 1    
264:  0.044 0.006 0.016 0.013 0.006 0.007 0.019 0.011 0.013 0.005 0.102 0.012 0.028 0.017 0.621 0.012 0.023 0.019 0.026 1    
265:  0.040 0.011 0.103 0.051 0.006 0.011 0.006 0.040 0.087 0.010 0.269 0.019 0.013 0.008 0.248 0.019 0.029 0.008 0.023 1    
266:  0.014 0.013 0.007 0.010 0.023 0.006 0.006 0.055 0.004 0.006 0.004 0.743 0.024 0.009 0.004 0.018 0.019 0.031 0.003 1    
267:  0.014 0.016 0.006 0.003 0.049 0.016 0.013 0.095 0.009 0.016 0.008 0.671 0.013 0.016 0.005 0.009 0.017 0.019 0.005 1    
268:  0.040 0.024 0.007 0.021 0.065 0.013 0.030 0.238 0.015 0.017 0.009 0.352 0.025 0.013 0.017 0.025 0.044 0.039 0.007 1    
269:  0.014 0.014 0.009 0.007 0.009 0.021 0.008 0.026 0.008 0.004 0.008 0.782 0.006 0.012 0.006 0.006 0.039 0.012 0.009 1    
270:  0.075 0.017 0.008 0.013 0.200 0.015 0.010 0.097 0.044 0.009 0.005 0.384 0.016 0.010 0.008 0.023 0.039 0.016 0.011 1    
271:  0.008 0.009 0.024 0.008 0.015 0.008 0.007 0.034 0.005 0.004 0.007 0.781 0.014 0.006 0.004 0.018 0.016 0.028 0.005 1    
272:  0.014 0.025 0.010 0.007 0.093 0.036 0.010 0.021 0.053 0.008 0.007 0.578 0.017 0.008 0.007 0.048 0.024 0.025 0.011 1    
273:  0.004 0.005 0.005 0.003 0.930 0.005 0.006 0.003 0.004 0.003 0.003 0.003 0.004 0.003 0.003 0.004 0.003 0.004 0.004 1    
274:  0.004 0.004 0.007 0.006 0.889 0.008 0.004 0.005 0.004 0.004 0.005 0.007 0.007 0.014 0.006 0.004 0.003 0.009 0.010 1    
275:  0.004 0.005 0.004 0.004 0.916 0.006 0.005 0.004 0.007 0.005 0.003 0.008 0.004 0.004 0.004 0.006 0.003 0.003 0.005 1    
276:  0.008 0.007 0.006 0.004 0.857 0.010 0.006 0.006 0.005 0.005 0.004 0.011 0.010 0.030 0.009 0.003 0.007 0.006 0.005 1    
277:  0.004 0.005 0.005 0.005 0.920 0.004 0.004 0.003 0.005 0.003 0.004 0.008 0.004 0.006 0.005 0.004 0.004 0.005 0.004 1    
278:  0.007 0.005 0.005 0.006 0.864 0.015 0.014 0.006 0.004 0.004 0.005 0.007 0.011 0.016 0.009 0.003 0.007 0.007 0.004 1    
279:  0.004 0.004 0.004 0.004 0.920 0.005 0.004 0.003 0.007 0.004 0.004 0.006 0.004 0.004 0.004 0.004 0.003 0.004 0.006 1    
280:  0.004 0.003 0.006 0.003 0.929 0.004 0.003 0.004 0.003 0.004 0.005 0.004 0.004 0.006 0.003 0.003 0.003 0.004 0.006 1    
281:  0.003 0.004 0.004 0.003 0.931 0.005 0.004 0.004 0.005 0.005 0.003 0.004 0.003 0.005 0.003 0.003 0.004 0.003 0.003 1    
282:  0.004 0.005 0.008 0.005 0.913 0.005 0.004 0.005 0.005 0.004 0.005 0.006 0.004 0.005 0.004 0.006 0.004 0.004 0.004 1    
283:  0.013 0.008 0.008 0.005 0.873 0.013 0.009 0.006 0.003 0.012 0.006 0.005 0.005 0.011 0.004 0.005 0.007 0.005 0.004 1    
284:  0.003 0.004 0.004 0.003 0.932 0.003 0.005 0.003 0.003 0.003 0.003 0.006 0.005 0.005 0.004 0.003 0.004 0.003 0.003 1    
285:  0.004 0.003 0.004 0.003 0.928 0.005 0.007 0.003 0.004 0.005 0.005 0.004 0.004 0.006 0.004 0.003 0.004 0.003 0.003 1    
286:  0.003 0.004 0.003 0.004 0.926 0.005 0.006 0.003 0.004 0.004 0.003 0.007 0.005 0.005 0.004 0.004 0.004 0.004 0.004 1    
287:  0.051 0.024 0.009 0.006 0.014 0.011 0.010 0.024 0.004 0.006 0.009 0.669 0.025 0.039 0.061 0.006 0.022 0.005 0.006 1    
288:  0.056 0.016 0.013 0.007 0.009 0.006 0.008 0.026 0.006 0.005 0.009 0.647 0.011 0.005 0.125 0.008 0.031 0.006 0.006 1    
289:  0.041 0.006 0.013 0.006 0.013 0.005 0.007 0.019 0.009 0.003 0.009 0.639 0.008 0.006 0.182 0.015 0.009 0.004 0.005 1    
290:  0.072 0.008 0.008 0.005 0.008 0.006 0.004 0.018 0.004 0.003 0.015 0.641 0.006 0.005 0.157 0.010 0.020 0.004 0.004 1    
291:  0.155 0.014 0.005 0.005 0.006 0.004 0.009 0.031 0.004 0.004 0.005 0.561 0.007 0.049 0.081 0.005 0.040 0.006 0.008 1    
292:  0.078 0.015 0.005 0.004 0.022 0.004 0.009 0.008 0.004 0.005 0.005 0.655 0.011 0.096 0.023 0.004 0.047 0.003 0.004 1    
293:  0.018 0.036 0.080 0.010 0.012 0.014 0.005 0.018 0.016 0.004 0.010 0.018 0.011 0.043 0.617 0.056 0.020 0.006 0.006 1    
294:  0.035 0.010 0.011 0.013 0.004 0.012 0.006 0.014 0.022 0.005 0.019 0.080 0.013 0.021 0.703 0.009 0.009 0.005 0.008 1    
295:  0.065 0.021 0.017 0.008 0.009 0.006 0.005 0.041 0.004 0.004 0.012 0.029 0.059 0.143 0.512 0.009 0.047 0.005 0.003 1    
296:  0.509 0.010 0.012 0.013 0.055 0.004 0.007 0.022 0.014 0.004 0.006 0.020 0.139 0.018 0.061 0.008 0.083 0.007 0.006 1    
297:  0.313 0.024 0.006 0.007 0.041 0.007 0.010 0.020 0.011 0.041 0.015 0.006 0.251 0.034 0.132 0.010 0.040 0.016 0.016 1    
298:  0.126 0.020 0.005 0.006 0.078 0.007 0.011 0.011 0.016 0.011 0.027 0.008 0.301 0.010 0.281 0.009 0.015 0.017 0.040 1    
299:  0.398 0.016 0.005 0.032 0.027 0.005 0.038 0.022 0.009 0.018 0.023 0.011 0.161 0.012 0.121 0.007 0.035 0.051 0.009 1    
300:  0.140 0.023 0.004 0.005 0.045 0.009 0.011 0.016 0.022 0.014 0.018 0.007 0.267 0.050 0.196 0.015 0.112 0.012 0.033 1    
301:  0.327 0.113 0.004 0.031 0.025 0.011 0.113 0.026 0.009 0.015 0.006 0.016 0.166 0.009 0.069 0.008 0.009 0.029 0.014 1    
302:  0.269 0.015 0.006 0.013 0.014 0.007 0.056 0.019 0.040 0.004 0.011 0.020 0.236 0.009 0.195 0.016 0.039 0.017 0.015 1    
303:  0.467 0.118 0.007 0.080 0.017 0.011 0.036 0.011 0.006 0.010 0.015 0.067 0.037 0.024 0.027 0.005 0.013 0.042 0.007 1    
304:  0.099 0.022 0.007 0.011 0.027 0.011 0.030 0.006 0.024 0.008 0.115 0.017 0.244 0.006 0.276 0.011 0.046 0.023 0.017 1    
305:  0.573 0.042 0.020 0.014 0.030 0.005 0.016 0.078 0.008 0.011 0.007 0.015 0.080 0.019 0.044 0.005 0.008 0.017 0.007 1    
306:  0.004 0.004 0.005 0.005 0.898 0.005 0.006 0.008 0.004 0.006 0.003 0.008 0.008 0.009 0.006 0.004 0.005 0.008 0.005 1    
307:  0.007 0.008 0.011 0.005 0.807 0.016 0.006 0.011 0.006 0.006 0.014 0.011 0.008 0.020 0.013 0.017 0.019 0.005 0.010 1    
308:  0.006 0.007 0.006 0.006 0.881 0.008 0.005 0.005 0.004 0.004 0.006 0.008 0.013 0.009 0.011 0.005 0.006 0.006 0.004 1    
309:  0.010 0.007 0.014 0.019 0.693 0.032 0.010 0.015 0.008 0.004 0.021 0.047 0.015 0.034 0.017 0.006 0.025 0.014 0.009 1    
310:  0.009 0.008 0.004 0.005 0.870 0.012 0.015 0.006 0.004 0.005 0.005 0.007 0.008 0.008 0.006 0.004 0.014 0.006 0.004 1    
311:  0.013 0.007 0.009 0.007 0.582 0.048 0.021 0.021 0.006 0.090 0.057 0.009 0.012 0.015 0.016 0.008 0.068 0.005 0.007 1    
312:  0.036 0.533 0.010 0.022 0.043 0.006 0.007 0.030 0.009 0.013 0.008 0.018 0.036 0.141 0.010 0.024 0.009 0.022 0.026 1    
313:  0.037 0.053 0.027 0.039 0.134 0.013 0.010 0.014 0.115 0.014 0.007 0.096 0.039 0.161 0.046 0.024 0.067 0.007 0.096 1    
314:  0.040 0.025 0.020 0.107 0.029 0.011 0.009 0.011 0.066 0.005 0.008 0.272 0.036 0.145 0.059 0.023 0.089 0.005 0.041 1    
315:  0.022 0.027 0.026 0.053 0.025 0.005 0.006 0.051 0.011 0.011 0.005 0.054 0.076 0.514 0.024 0.054 0.012 0.007 0.020 1    
316:  0.013 0.359 0.011 0.014 0.304 0.007 0.012 0.018 0.017 0.012 0.005 0.032 0.016 0.035 0.010 0.017 0.009 0.006 0.102 1    
317:  0.051 0.024 0.008 0.079 0.027 0.006 0.012 0.071 0.008 0.011 0.006 0.087 0.066 0.413 0.027 0.053 0.032 0.012 0.007 1    
