        H102  1 0.2682 0.3200 0.1937 0.2181 
        H103  1 0.1556 0.1813 0.3203 0.3428 
        H104  1 0.3270 0.2768 0.2150 0.1812 
        H105  1 0.1934 0.3421 0.2443 0.2203 
        H106  1 0.2423 0.2263 0.2968 0.2346 
        H112  1 0.3092 0.2577 0.2296 0.2035 
        H113  1 0.2185 0.3123 0.2731 0.1961 
        H114  1 0.1807 0.2959 0.3190 0.2044 
        H115  1 0.2639 0.3403 0.2237 0.1721 
        H143  1 0.2096 0.3438 0.2044 0.2422 
        H144  1 0.1375 0.3375 0.1916 0.3335 
        H145  1 0.1574 0.2374 0.3187 0.2866 
        H149  1 0.3255 0.2654 0.2043 0.2049 
        H150  1 0.2384 0.2581 0.2386 0.2650 
     H167542  1 0.1813 0.4140 0.2105 0.1943 
     H169604  1 0.2078 0.3360 0.2384 0.2178 
     H169607  1 0.1584 0.3312 0.2254 0.2850 
     H169608  1 0.3740 0.2220 0.1858 0.2182 
     H169633  1 0.1542 0.2998 0.3110 0.2349 
     H169688  1 0.2072 0.2023 0.2268 0.3637 
     H169714  1 0.3271 0.2188 0.2406 0.2135 
     H171802  1 0.3549 0.1847 0.2521 0.2083 
     H171805  1 0.2002 0.2315 0.2912 0.2771 
     H171807  1 0.2583 0.2781 0.2115 0.2521 
     H171814  1 0.1650 0.2090 0.2792 0.3469 
     H171816  1 0.3178 0.2226 0.2327 0.2269 
     H171817  1 0.2962 0.2421 0.2564 0.2053 
     H171818  1 0.2233 0.2591 0.2959 0.2217 
     H171819  1 0.2744 0.2272 0.2771 0.2213 
     H171834  1 0.2276 0.2886 0.2418 0.2420 
     H171835  1 0.4089 0.2086 0.1856 0.1970 
     H171836  1 0.1266 0.2311 0.4059 0.2364 
     H171837  1 0.2905 0.2961 0.2121 0.2012 
     H171838  1 0.1827 0.1961 0.3850 0.2363 
     H171839  1 0.2859 0.2941 0.2144 0.2056 
     H171841  1 0.4305 0.1532 0.1855 0.2308 
     H171860  1 0.2400 0.2991 0.2443 0.2166 
     H171861  1 0.1337 0.2584 0.3458 0.2620 
     H171862  1 0.2303 0.2788 0.2485 0.2424 
     H171868  1 0.2003 0.3761 0.2190 0.2046 
     H171869  1 0.1953 0.2198 0.2587 0.3262 
     H171870  1 0.2686 0.1908 0.2393 0.3013 
     H171871  1 0.1873 0.1683 0.3702 0.2742 
     H171872  1 0.2826 0.2792 0.2429 0.1953 
     H171873  1 0.2749 0.2058 0.2056 0.3137 
     H171874  1 0.1953 0.2945 0.2149 0.2953 
     H171875  1 0.1455 0.3170 0.2569 0.2806 
     H171876  1 0.1672 0.3596 0.2272 0.2459 
     H171877  1 0.1919 0.4145 0.2050 0.1886 
     H171878  1 0.2906 0.2103 0.1937 0.3055 
     H171901  1 0.3287 0.1829 0.2657 0.2227 
     H171902  1 0.2347 0.2611 0.2035 0.3007 
     H171903  1 0.2448 0.2633 0.2590 0.2329 
     H171935  1 0.3046 0.1696 0.2690 0.2568 
     H171936  1 0.1762 0.3202 0.2773 0.2263 
     H171940  1 0.2652 0.3324 0.1748 0.2276 
     H171945  1 0.2405 0.2304 0.2274 0.3017 
     H171948  1 0.2704 0.2534 0.2795 0.1966 
     H171949  1 0.3597 0.2480 0.1836 0.2086 
     H171950  1 0.4284 0.1768 0.1975 0.1973 
     H171963  1 0.1909 0.2110 0.2835 0.3146 
     H171964  1 0.1897 0.2362 0.1804 0.3938 
     H171966  1 0.2391 0.2222 0.2712 0.2675 
     H171968  1 0.2706 0.2781 0.1711 0.2803 
     H171971  1 0.2363 0.1864 0.3104 0.2669 
     H171972  1 0.1823 0.2283 0.2821 0.3074 
     H171977  1 0.1687 0.2747 0.2331 0.3235 
     H171978  1 0.3130 0.1932 0.2220 0.2718 
     H171979  1 0.1467 0.2232 0.3597 0.2704 
        H176  1 0.2177 0.3033 0.2279 0.2512 
        H177  1 0.3705 0.2328 0.2065 0.1903 
        H179  1 0.3423 0.3016 0.1839 0.1722 
        H181  1 0.1501 0.2673 0.2809 0.3017 
        H182  1 0.1455 0.2569 0.3500 0.2476 
        H183  1 0.1783 0.2267 0.2398 0.3551 
        H184  1 0.2867 0.2421 0.2521 0.2191 
        H185  1 0.1710 0.2776 0.2852 0.2663 
        H186  1 0.2740 0.2725 0.1440 0.3095 
        H187  1 0.2574 0.1830 0.3129 0.2468 
        H188  1 0.2636 0.3741 0.1791 0.1832 
        H192  1 0.3397 0.2251 0.2205 0.2147 
        H193  1 0.1665 0.2503 0.2987 0.2845 
        H194  1 0.2521 0.2793 0.2556 0.2130 
        H195  1 0.1770 0.2064 0.2046 0.4120 
        H199  1 0.1805 0.2382 0.2149 0.3664 
        H200  1 0.2988 0.2414 0.2216 0.2383 
        H414  1 0.2001 0.1999 0.3277 0.2723 
        H415  1 0.1910 0.2591 0.3148 0.2352 
        H422  1 0.2747 0.2182 0.2058 0.3013 
        H423  1 0.4393 0.1899 0.1807 0.1901 
        H424  1 0.1702 0.2050 0.3061 0.3187 
        H425  1 0.1761 0.2418 0.2079 0.3742 
        H426  1 0.2035 0.1637 0.2481 0.3847 
        H443  1 0.1802 0.3267 0.1418 0.3512 
        H466  1 0.2417 0.2656 0.2411 0.2517 
        H467  1 0.3901 0.2072 0.1758 0.2269 
        H472  1 0.2161 0.3066 0.2235 0.2538 
        H483  1 0.1429 0.3949 0.2134 0.2488 
        H504  1 0.1653 0.2214 0.2490 0.3643 
        H505  1 0.2878 0.2758 0.2162 0.2202 
        H506  1 0.2391 0.2591 0.2240 0.2778 
        H507  1 0.1287 0.2634 0.3536 0.2543 
        H508  1 0.2816 0.2047 0.2504 0.2633 
        H524  1 0.1627 0.2675 0.3065 0.2633 
        H525  1 0.2113 0.2948 0.2058 0.2880 
        H526  1 0.1728 0.4279 0.1945 0.2048 
        H527  1 0.3161 0.2219 0.2350 0.2270 
        H528  1 0.1750 0.2547 0.2782 0.2922 
        H529  1 0.1452 0.2765 0.2902 0.2881 
        H533  1 0.1257 0.1861 0.4748 0.2134 
        H538  1 0.2263 0.3467 0.2051 0.2219 
        H539  1 0.2218 0.1852 0.2887 0.3043 
        H540  1 0.2425 0.2599 0.2794 0.2183 
        H541  1 0.2093 0.3361 0.2416 0.2130 
        H558  1 0.1992 0.1701 0.3223 0.3083 
        H559  1 0.2342 0.3345 0.1755 0.2558 
        H579  1 0.1834 0.2698 0.2483 0.2986 
        H584  1 0.1996 0.2308 0.2334 0.3362 
        H585  1 0.2043 0.2294 0.2898 0.2765 
        H605  1 0.2584 0.2482 0.2456 0.2477 
        H606  1 0.3721 0.2696 0.1569 0.2014 
        H632  1 0.1743 0.2685 0.2132 0.3440 
        H634  1 0.2197 0.2396 0.2357 0.3050 
        H671  1 0.3898 0.2156 0.1893 0.2053 
        H672  1 0.2412 0.2235 0.2627 0.2726 
        H673  1 0.1723 0.3436 0.1803 0.3037 
        H689  1 0.1831 0.3155 0.2123 0.2890 
        H690  1 0.2823 0.2704 0.2608 0.1865 
        H691  1 0.2095 0.3905 0.1991 0.2009 
        H692  1 0.1066 0.2682 0.3155 0.3097 
        H709  1 0.2035 0.2404 0.2940 0.2620 
        H710  1 0.1358 0.2515 0.2784 0.3343 
       H7355  1 0.1599 0.3477 0.3033 0.1891 
       H7356  1 0.2291 0.2423 0.2308 0.2978 
       H7357  1 0.2439 0.2852 0.2611 0.2098 
       H7358  1 0.1614 0.3323 0.2144 0.2918 
       H7380  1 0.1944 0.3052 0.2348 0.2656 
       H7381  1 0.3043 0.2113 0.2053 0.2790 
       H7382  1 0.2034 0.2897 0.2365 0.2704 
        H904  1 0.4794 0.2279 0.1375 0.1551 
        H923  1 0.2648 0.2555 0.2009 0.2788 
        H924  1 0.2774 0.2843 0.1939 0.2443 
        H925  1 0.1919 0.3832 0.1990 0.2259 
       H9558  1 0.1874 0.1559 0.3225 0.3342 
        H008  2 0.1454 0.2979 0.3240 0.2327 
        H021  2 0.2850 0.2984 0.2109 0.2056 
        H023  2 0.2874 0.3185 0.2019 0.1922 
        H024  2 0.1485 0.1851 0.3654 0.3010 
        H025  2 0.3303 0.2093 0.1969 0.2635 
        H026  2 0.1771 0.2110 0.2575 0.3544 
        H027  2 0.1911 0.3281 0.2486 0.2322 
        H028  2 0.1753 0.2713 0.2725 0.2809 
        H029  2 0.1915 0.2722 0.2804 0.2559 
        H030  2 0.1548 0.1994 0.3222 0.3236 
        H038  2 0.3379 0.2327 0.1946 0.2349 
        H039  2 0.5644 0.1471 0.1378 0.1506 
        H040  2 0.3332 0.1758 0.2640 0.2270 
        H041  2 0.2025 0.3403 0.2592 0.1979 
        H042  2 0.2528 0.2890 0.2414 0.2167 
        H043  2 0.4087 0.1453 0.1999 0.2461 
        H044  2 0.1768 0.1777 0.3846 0.2609 
        H047  2 0.3215 0.1842 0.2314 0.2630 
        H050  2 0.1870 0.1749 0.3404 0.2977 
        H058  2 0.2972 0.1780 0.2884 0.2365 
        H062  2 0.2659 0.3637 0.1684 0.2020 
        H063  2 0.3563 0.2152 0.2322 0.1962 
        H065  2 0.2482 0.2370 0.1633 0.3515 
        H066  2 0.2377 0.1607 0.3373 0.2642 
        H067  2 0.1790 0.3669 0.2124 0.2418 
        H068  2 0.3494 0.1968 0.2223 0.2315 
        H069  2 0.2465 0.1996 0.2562 0.2977 
        H071  2 0.3150 0.2500 0.2075 0.2275 
        H072  2 0.4059 0.2112 0.2003 0.1825 
        H073  2 0.1916 0.3002 0.2262 0.2820 
        H081  2 0.2256 0.3791 0.2196 0.1758 
        H082  2 0.1383 0.2023 0.3598 0.2996 
        H083  2 0.1632 0.2313 0.2594 0.3461 
        H084  2 0.2772 0.1917 0.3203 0.2108 
        H085  2 0.1839 0.4203 0.2078 0.1880 
        H087  2 0.1855 0.4418 0.1960 0.1767 
        H088  2 0.3236 0.2660 0.2178 0.1926 
        H089  2 0.1766 0.3598 0.2350 0.2286 
        H090  2 0.1687 0.2377 0.2915 0.3022 
        H091  2 0.1434 0.3286 0.2743 0.2537 
        H098  2 0.1919 0.2210 0.3680 0.2191 
      H10001  2 0.5417 0.1666 0.1321 0.1597 
      H10002  2 0.3188 0.2829 0.2016 0.1968 
        H101  2 0.1891 0.1584 0.3885 0.2640 
        H108  2 0.3090 0.3574 0.1530 0.1806 
        H109  2 0.2927 0.1523 0.3357 0.2192 
        H110  2 0.1644 0.3579 0.2784 0.1993 
        H116  2 0.2018 0.2082 0.2803 0.3097 
        H117  2 0.1816 0.2982 0.3225 0.1977 
        H118  2 0.1294 0.3144 0.2281 0.3281 
        H119  2 0.3212 0.2556 0.2047 0.2185 
        H120  2 0.4013 0.2870 0.1455 0.1662 
        H121  2 0.1654 0.3205 0.2361 0.2780 
        H125  2 0.5497 0.1634 0.1398 0.1470 
        H126  2 0.2117 0.2061 0.2361 0.3461 
        H128  2 0.1070 0.1917 0.3040 0.3974 
        H129  2 0.1526 0.2153 0.2438 0.3882 
        H130  2 0.3263 0.1680 0.2131 0.2926 
        H133  2 0.4457 0.1639 0.1704 0.2199 
        H134  2 0.1584 0.1739 0.2088 0.4589 
        H135  2 0.2434 0.3095 0.2247 0.2224 
        H137  2 0.2162 0.2187 0.3446 0.2205 
        H138  2 0.1842 0.1960 0.2450 0.3748 
        H140  2 0.2423 0.2509 0.2459 0.2609 
        H146  2 0.2002 0.2346 0.2488 0.3165 
        H147  2 0.1838 0.3120 0.2941 0.2100 
        H148  2 0.1854 0.3099 0.3137 0.1910 
     H166022  2 0.1607 0.2453 0.3756 0.2185 
     H167359  2 0.2240 0.2158 0.3094 0.2508 
     H167397  2 0.1076 0.1992 0.4501 0.2432 
     H167428  2 0.1147 0.4104 0.2002 0.2747 
     H167496  2 0.3762 0.2733 0.1856 0.1649 
     H167513  2 0.2248 0.1635 0.3842 0.2275 
     H167545  2 0.1605 0.2149 0.3182 0.3065 
     H167547  2 0.1675 0.1386 0.4037 0.2902 
     H169621  2 0.1636 0.2519 0.3220 0.2625 
     H169622  2 0.1823 0.2725 0.2381 0.3072 
     H169750  2 0.3116 0.1674 0.2359 0.2852 
     H171806  2 0.2933 0.2347 0.1976 0.2745 
     H171808  2 0.2120 0.2941 0.2145 0.2794 
     H171809  2 0.2288 0.3277 0.2302 0.2133 
     H171813  2 0.2446 0.2335 0.2274 0.2945 
     H171815  2 0.4390 0.1660 0.1664 0.2286 
     H171824  2 0.3410 0.3219 0.1702 0.1669 
     H171825  2 0.2030 0.2904 0.2402 0.2664 
     H171826  2 0.2875 0.2783 0.2316 0.2025 
     H171827  2 0.2593 0.2431 0.2557 0.2419 
     H171828  2 0.4541 0.2579 0.1424 0.1456 
     H171829  2 0.2673 0.1791 0.2456 0.3080 
     H171830  2 0.2294 0.1995 0.3681 0.2030 
     H171831  2 0.1519 0.2255 0.2850 0.3376 
     H171832  2 0.2120 0.2243 0.2699 0.2939 
     H171863  2 0.1381 0.1810 0.3083 0.3725 
     H171864  2 0.2068 0.2664 0.3056 0.2213 
     H171865  2 0.3952 0.1873 0.2026 0.2150 
     H171879  2 0.2384 0.1905 0.3099 0.2613 
     H171880  2 0.2049 0.1895 0.3962 0.2094 
     H171881  2 0.1764 0.3229 0.2637 0.2371 
     H171882  2 0.4494 0.1951 0.1705 0.1851 
     H171929  2 0.1873 0.3085 0.2704 0.2338 
     H171930  2 0.1631 0.1764 0.3965 0.2640 
     H171933  2 0.2031 0.2518 0.3032 0.2419 
     H171934  2 0.2103 0.3353 0.2383 0.2161 
     H171937  2 0.1934 0.1708 0.2930 0.3427 
     H171962  2 0.1697 0.3410 0.2408 0.2486 
        H190  2 0.1713 0.2658 0.2957 0.2672 
        H191  2 0.2258 0.2596 0.2427 0.2718 
        H396  2 0.2135 0.4106 0.1597 0.2163 
        H397  2 0.1945 0.2513 0.3064 0.2479 
        H398  2 0.2574 0.2720 0.1720 0.2987 
        H400  2 0.2072 0.3229 0.2418 0.2280 
        H401  2 0.1232 0.1760 0.4444 0.2564 
        H402  2 0.1706 0.2435 0.3558 0.2301 
        H427  2 0.2092 0.3629 0.2243 0.2036 
        H428  2 0.1171 0.4216 0.1974 0.2638 
        H497  2 0.3030 0.1825 0.2717 0.2428 
        H512  2 0.2387 0.2065 0.3309 0.2238 
        H513  2 0.2257 0.1660 0.3831 0.2252 
        H514  2 0.2239 0.2077 0.2481 0.3203 
        H519  2 0.2239 0.1721 0.3851 0.2189 
        H532  2 0.1652 0.3722 0.2336 0.2290 
        H543  2 0.1650 0.2418 0.3747 0.2185 
        H544  2 0.2326 0.1932 0.2023 0.3719 
        H545  2 0.1527 0.2088 0.3121 0.3263 
        H546  2 0.3207 0.2281 0.1952 0.2559 
        H547  2 0.1688 0.1362 0.4002 0.2948 
        H548  2 0.1980 0.2859 0.2934 0.2227 
        H549  2 0.2064 0.1696 0.3070 0.3170 
        H620  2 0.4583 0.2089 0.1623 0.1706 
        H623  2 0.1736 0.2013 0.3232 0.3020 
        H624  2 0.3306 0.1677 0.1823 0.3194 
        H625  2 0.1805 0.3489 0.2419 0.2287 
        H626  2 0.2508 0.2084 0.3244 0.2165 
        H654  2 0.5171 0.1501 0.1494 0.1833 
        H655  2 0.3183 0.2061 0.2507 0.2249 
        H656  2 0.3866 0.2843 0.1416 0.1875 
        H666  2 0.4713 0.1541 0.1672 0.2074 
        H667  2 0.2136 0.3205 0.2357 0.2302 
        H677  2 0.2052 0.2873 0.2399 0.2676 
        H693  2 0.3001 0.3723 0.1568 0.1708 
        H694  2 0.1796 0.2117 0.3297 0.2790 
        H701  2 0.1821 0.2085 0.3741 0.2353 
        H702  2 0.2580 0.2185 0.3168 0.2068 
        H731  2 0.2883 0.3058 0.2018 0.2041 
       H7359  2 0.2265 0.2230 0.3085 0.2420 
       H7389  2 0.2257 0.2631 0.2349 0.2763 
       H7390  2 0.4083 0.1796 0.2129 0.1992 
       H7391  2 0.1778 0.4294 0.2177 0.1751 
       H7392  2 0.2689 0.2429 0.1916 0.2966 
       H7393  2 0.3075 0.1924 0.2958 0.2043 
       H7398  2 0.2025 0.3533 0.2567 0.1875 
       H7399  2 0.1645 0.3123 0.2281 0.2952 
       H7400  2 0.4869 0.1742 0.1577 0.1812 
        H745  2 0.1716 0.1916 0.2487 0.3880 
        H746  2 0.1709 0.2857 0.2395 0.3038 
        H747  2 0.3369 0.1898 0.2716 0.2017 
        H748  2 0.2605 0.1927 0.3190 0.2278 
       H7484  2 0.3940 0.2164 0.2008 0.1888 
       H7485  2 0.1995 0.2176 0.2934 0.2896 
        H749  2 0.1758 0.2487 0.2936 0.2819 
        H930  2 0.1685 0.1830 0.3983 0.2503 
        H931  2 0.2072 0.3172 0.2142 0.2614 
        H932  2 0.2800 0.2278 0.2288 0.2634 
        H111  3 0.1774 0.1719 0.3464 0.3042 
        H951  3 0.1727 0.2304 0.3381 0.2588 
        H952  3 0.2376 0.2238 0.2174 0.3212 
        H953  3 0.1673 0.3890 0.2184 0.2253 
        H954  3 0.3882 0.1793 0.2394 0.1931 
        H955  3 0.1758 0.2006 0.3455 0.2781 
        H956  3 0.2644 0.2372 0.2764 0.2221 
       H9563  3 0.2601 0.2888 0.2672 0.1838 
        H002  4 0.3683 0.1799 0.1810 0.2708 
        H003  4 0.1652 0.3485 0.2127 0.2735 
        H009  4 0.1950 0.1987 0.2510 0.3552 
        H010  4 0.2074 0.3046 0.2373 0.2507 
        H011  4 0.3576 0.3074 0.1542 0.1808 
        H012  4 0.1637 0.3109 0.3200 0.2054 
        H013  4 0.2704 0.3180 0.2132 0.1984 
        H014  4 0.2351 0.2448 0.2575 0.2627 
        H045  4 0.2643 0.3248 0.2214 0.1896 
        H046  4 0.1690 0.2973 0.2168 0.3169 
        H051  4 0.2800 0.3200 0.2095 0.1905 
        H052  4 0.3094 0.1870 0.2119 0.2917 
        H053  4 0.3103 0.2209 0.2409 0.2279 
        H056  4 0.3312 0.2046 0.2241 0.2401 
        H076  4 0.1668 0.2794 0.2479 0.3059 
        H151  4 0.4745 0.1649 0.1545 0.2061 
        H152  4 0.3551 0.1999 0.1666 0.2784 
     H171803  4 0.3549 0.2208 0.2191 0.2052 
     H171804  4 0.2909 0.2243 0.2909 0.1939 
     H171833  4 0.1858 0.1814 0.2442 0.3886 
     H171855  4 0.4334 0.1567 0.1756 0.2343 
     H171856  4 0.2634 0.1906 0.3089 0.2370 
     H171857  4 0.3778 0.1846 0.2074 0.2302 
     H171858  4 0.2478 0.2343 0.2043 0.3136 
     H171859  4 0.2687 0.2480 0.2150 0.2683 
     H171961  4 0.2904 0.2935 0.2011 0.2150 
        H198  4 0.1533 0.3016 0.2558 0.2893 
      H20001  4 0.1905 0.1740 0.2785 0.3569 
        H403  4 0.2676 0.2178 0.2392 0.2753 
        H404  4 0.1693 0.3402 0.2419 0.2486 
        H405  4 0.1767 0.2694 0.2835 0.2704 
        H406  4 0.2329 0.1271 0.3212 0.3188 
        H407  4 0.2650 0.2570 0.2499 0.2281 
        H410  4 0.1758 0.2606 0.3026 0.2610 
        H411  4 0.1947 0.1762 0.3387 0.2904 
        H468  4 0.2562 0.1408 0.3080 0.2950 
        H476  4 0.2768 0.1531 0.3201 0.2500 
        H477  4 0.1753 0.1813 0.2678 0.3756 
        H478  4 0.1817 0.2761 0.2898 0.2524 
        H479  4 0.2707 0.2949 0.2039 0.2305 
        H480  4 0.1712 0.1723 0.3729 0.2836 
        H498  4 0.2175 0.2691 0.2276 0.2857 
        H499  4 0.2537 0.2577 0.2398 0.2487 
        H500  4 0.3870 0.2211 0.2146 0.1773 
        H515  4 0.3140 0.2012 0.2810 0.2038 
        H516  4 0.2670 0.1864 0.2603 0.2863 
        H517  4 0.2474 0.2083 0.2863 0.2580 
        H518  4 0.3026 0.1808 0.2297 0.2869 
        H520  4 0.3621 0.1711 0.2314 0.2355 
        H521  4 0.2039 0.3302 0.2240 0.2418 
        H522  4 0.2659 0.2246 0.2686 0.2410 
        H523  4 0.2618 0.2071 0.2942 0.2368 
        H536  4 0.2045 0.3302 0.1981 0.2672 
        H645  4 0.2518 0.4022 0.1719 0.1741 
        H646  4 0.1696 0.2063 0.3269 0.2973 
        H647  4 0.2303 0.2137 0.2591 0.2969 
        H657  4 0.1853 0.2277 0.2914 0.2957 
        H658  4 0.2637 0.2193 0.3008 0.2162 
        H659  4 0.5040 0.1486 0.1740 0.1733 
        H660  4 0.2661 0.2229 0.2656 0.2454 
        H661  4 0.3443 0.2026 0.1985 0.2547 
        H668  4 0.1775 0.3054 0.2734 0.2437 
        H669  4 0.2449 0.2876 0.2511 0.2164 
        H670  4 0.2597 0.3870 0.1723 0.1810 
        H678  4 0.2468 0.2067 0.3310 0.2155 
        H679  4 0.1731 0.2042 0.3798 0.2428 
        H680  4 0.2512 0.2141 0.2244 0.3104 
        H681  4 0.2827 0.2787 0.2178 0.2208 
        H682  4 0.2018 0.2201 0.3769 0.2012 
        H683  4 0.3229 0.1699 0.2173 0.2899 
        H718  4 0.3875 0.2141 0.1795 0.2188 
        H719  4 0.2422 0.3376 0.2311 0.1890 
        H720  4 0.2536 0.2465 0.1938 0.3061 
        H721  4 0.2651 0.2126 0.2282 0.2940 
        H722  4 0.3232 0.1646 0.1846 0.3276 
        H723  4 0.3383 0.2648 0.2147 0.1821 
        H724  4 0.4603 0.1874 0.1754 0.1769 
        H725  4 0.4191 0.1811 0.1912 0.2085 
        H726  4 0.3665 0.2047 0.2097 0.2191 
        H727  4 0.3190 0.2859 0.2014 0.1937 
        H910  4 0.2893 0.2610 0.2581 0.1916 
        H911  4 0.1978 0.2237 0.2988 0.2797 
        H912  4 0.3004 0.1810 0.2500 0.2687 
        H913  4 0.3188 0.2197 0.2421 0.2194 
        H914  4 0.3397 0.2728 0.2145 0.1731 
        H915  4 0.2692 0.1756 0.3361 0.2191 
        H916  4 0.2436 0.1592 0.3374 0.2598 
       H9572  4 0.2459 0.2438 0.2587 0.2516 
        H015  5 0.1657 0.2297 0.3341 0.2705 
        H016  5 0.1751 0.2216 0.2319 0.3714 
        H017  5 0.2547 0.1778 0.2745 0.2930 
        H019  5 0.2006 0.2407 0.2706 0.2882 
        H020  5 0.2623 0.2874 0.1854 0.2648 
        H032  5 0.3048 0.1801 0.2777 0.2374 
        H033  5 0.1829 0.3151 0.2803 0.2216 
        H034  5 0.3341 0.2729 0.2024 0.1907 
        H035  5 0.2535 0.2248 0.2616 0.2600 
        H036  5 0.1976 0.2491 0.2995 0.2538 
        H037  5 0.3038 0.2576 0.2270 0.2116 
        H048  5 0.3454 0.2857 0.1859 0.1830 
        H049  5 0.2468 0.2158 0.2328 0.3046 
        H054  5 0.2688 0.2654 0.2103 0.2555 
        H055  5 0.2866 0.3148 0.1573 0.2413 
        H057  5 0.2383 0.1870 0.2018 0.3728 
        H060  5 0.2962 0.2519 0.1819 0.2700 
        H061  5 0.2091 0.2951 0.2498 0.2460 
        H064  5 0.2783 0.2798 0.1703 0.2716 
        H070  5 0.2799 0.2834 0.2422 0.1945 
        H077  5 0.3692 0.1781 0.2388 0.2139 
        H078  5 0.3400 0.1630 0.2305 0.2665 
        H079  5 0.1602 0.3300 0.2896 0.2203 
        H097  5 0.2947 0.1396 0.2406 0.3251 
        H107  5 0.4205 0.2786 0.1418 0.1590 
        H122  5 0.2325 0.2171 0.2694 0.2810 
        H123  5 0.1821 0.2116 0.3120 0.2942 
        H124  5 0.1926 0.2685 0.2582 0.2807 
        H131  5 0.1882 0.2684 0.2850 0.2585 
        H132  5 0.2716 0.2819 0.2260 0.2205 
        H141  5 0.2945 0.2342 0.2326 0.2387 
        H142  5 0.1554 0.2724 0.3137 0.2586 
        H157  5 0.3590 0.2515 0.1919 0.1976 
        H158  5 0.1942 0.1707 0.2593 0.3757 
        H159  5 0.1642 0.2354 0.3374 0.2631 
        H160  5 0.2602 0.2069 0.2689 0.2639 
        H163  5 0.1950 0.2435 0.3246 0.2368 
        H164  5 0.2059 0.2501 0.2845 0.2596 
        H165  5 0.1584 0.3614 0.2281 0.2521 
        H166  5 0.1748 0.3170 0.2376 0.2706 
        H169  5 0.2368 0.2921 0.2271 0.2440 
     H169613  5 0.2422 0.2416 0.2468 0.2694 
     H169653  5 0.1824 0.2928 0.2514 0.2734 
     H169728  5 0.2026 0.1987 0.3377 0.2610 
     H169742  5 0.2309 0.4000 0.1694 0.1996 
        H170  5 0.2211 0.1957 0.2220 0.3612 
        H171  5 0.2091 0.2032 0.2209 0.3669 
     H171851  5 0.2304 0.2339 0.2443 0.2913 
     H171852  5 0.3480 0.2032 0.1805 0.2683 
     H171853  5 0.2966 0.2509 0.2497 0.2027 
     H171854  5 0.2495 0.1847 0.3276 0.2382 
     H171938  5 0.2253 0.3484 0.2375 0.1888 
     H171939  5 0.1834 0.2718 0.2214 0.3234 
     H171941  5 0.3423 0.3173 0.1456 0.1948 
     H171965  5 0.1789 0.2791 0.2500 0.2919 
     H171970  5 0.3994 0.2427 0.1757 0.1821 
     H171973  5 0.1810 0.3409 0.2519 0.2262 
     H171974  5 0.2502 0.3113 0.2310 0.2075 
     H171975  5 0.2521 0.3266 0.2034 0.2178 
     H171976  5 0.2548 0.1518 0.2571 0.3363 
        H175  5 0.3116 0.2908 0.1944 0.2031 
        H178  5 0.2460 0.3143 0.2019 0.2379 
        H189  5 0.1573 0.2497 0.2867 0.3063 
        H399  5 0.2420 0.1581 0.2173 0.3826 
        H416  5 0.2585 0.2858 0.2455 0.2102 
        H438  5 0.2284 0.2892 0.2912 0.1912 
        H450  5 0.3603 0.2290 0.1850 0.2257 
        H455  5 0.3445 0.3297 0.1511 0.1747 
        H456  5 0.2495 0.3377 0.2104 0.2024 
        H457  5 0.3324 0.1884 0.2006 0.2786 
        H458  5 0.3159 0.2761 0.1962 0.2118 
        H459  5 0.1634 0.2634 0.3006 0.2726 
        H460  5 0.2478 0.2070 0.3104 0.2348 
        H461  5 0.2496 0.1584 0.2648 0.3272 
        H462  5 0.1677 0.2856 0.3165 0.2303 
        H469  5 0.1637 0.2591 0.3601 0.2171 
        H470  5 0.2789 0.2157 0.2774 0.2280 
        H471  5 0.1772 0.1505 0.3167 0.3555 
        H481  5 0.4417 0.2056 0.1669 0.1858 
        H482  5 0.3211 0.2055 0.2381 0.2353 
        H501  5 0.2646 0.2680 0.2517 0.2156 
        H502  5 0.1671 0.2338 0.2719 0.3271 
        H503  5 0.1982 0.2366 0.2766 0.2886 
        H509  5 0.3240 0.2515 0.2359 0.1885 
        H510  5 0.2137 0.3086 0.2317 0.2460 
        H511  5 0.1963 0.2582 0.2589 0.2867 
        H530  5 0.2908 0.3019 0.2097 0.1976 
        H531  5 0.3814 0.1788 0.2160 0.2238 
        H564  5 0.2905 0.2441 0.2126 0.2528 
        H565  5 0.3876 0.2233 0.1783 0.2108 
        H567  5 0.1508 0.2356 0.3115 0.3021 
     H568???  5 0.1906 0.2003 0.2699 0.3393 
        H608  5 0.3716 0.2278 0.1903 0.2103 
        H609  5 0.1916 0.4189 0.1885 0.2010 
        H612  5 0.4044 0.2476 0.1921 0.1558 
        H614  5 0.4093 0.1876 0.1694 0.2336 
        H615  5 0.3460 0.1881 0.2163 0.2496 
        H616  5 0.4526 0.2591 0.1386 0.1496 
        H617  5 0.1599 0.2734 0.3337 0.2329 
        H618  5 0.3585 0.2517 0.1944 0.1954 
        H619  5 0.1742 0.4555 0.1580 0.2123 
        H635  5 0.2282 0.2617 0.2804 0.2298 
        H636  5 0.1813 0.3822 0.2451 0.1915 
        H637  5 0.2617 0.3117 0.1835 0.2431 
        H644  5 0.1202 0.1860 0.2716 0.4221 
        H711  5 0.2376 0.1916 0.1986 0.3722 
        H712  5 0.2409 0.4026 0.1724 0.1841 
       H7360  5 0.2506 0.2252 0.2288 0.2954 
       H7361  5 0.3301 0.2319 0.2103 0.2277 
       H7362  5 0.1318 0.2110 0.2712 0.3861 
       H7363  5 0.3035 0.2106 0.2343 0.2517 
       H7394  5 0.1895 0.2051 0.3527 0.2527 
       H7395  5 0.2223 0.3306 0.2060 0.2411 
       H7396  5 0.2293 0.2584 0.2874 0.2249 
        H742  5 0.2353 0.4005 0.1680 0.1962 
        H743  5 0.2502 0.3204 0.1730 0.2563 
        H744  5 0.3990 0.2396 0.1824 0.1790 
        H957  5 0.2637 0.1740 0.2686 0.2937 
        H958  5 0.1885 0.2192 0.3596 0.2327 
        H959  5 0.3449 0.2896 0.1770 0.1885 
        H960  5 0.2263 0.3007 0.2472 0.2257 
      H_PALI  6 0.2226 0.2324 0.2807 0.2642 
        H581  6 0.3163 0.2000 0.2442 0.2396 
        H582  6 0.3989 0.1951 0.1781 0.2280 
        H583  6 0.2757 0.2340 0.2523 0.2380 
        H595  6 0.1522 0.1861 0.4240 0.2377 
        H596  6 0.1645 0.2019 0.3940 0.2396 
        H597  6 0.1631 0.2540 0.2430 0.3398 
        H598  6 0.2563 0.2502 0.2824 0.2110 
        H599  6 0.2853 0.3248 0.1858 0.2041 
        H642  6 0.2060 0.1499 0.3270 0.3171 
        H643  6 0.2414 0.2709 0.2632 0.2244 
        H664  6 0.3937 0.1376 0.2320 0.2368 
        H665  6 0.2167 0.3446 0.2495 0.1892 
        H674  6 0.1477 0.1882 0.2770 0.3871 
        H675  6 0.2923 0.2069 0.2223 0.2785 
        H676  6 0.1934 0.1843 0.3822 0.2401 
        H686  6 0.2190 0.2310 0.2768 0.2732 
        H687  6 0.2444 0.1977 0.3115 0.2464 
        H917  6 0.1506 0.2827 0.3518 0.2149 
        H918  6 0.1680 0.4200 0.1835 0.2285 
        H919  6 0.3686 0.2792 0.1861 0.1661 
        H920  6 0.3040 0.2133 0.2487 0.2340 
        H631  7 0.3072 0.2536 0.2027 0.2365 
        H684  7 0.1763 0.2211 0.2560 0.3466 
        H685  7 0.4032 0.1474 0.2625 0.1869 
        H713  7 0.3949 0.1917 0.2199 0.1935 
        H715  7 0.2047 0.2212 0.2427 0.3314 
        H716  7 0.2522 0.3526 0.1543 0.2409 
        H717  7 0.2524 0.2730 0.2157 0.2589 
        H729  7 0.1436 0.3138 0.3297 0.2129 
        H730  7 0.2234 0.3670 0.2132 0.1964 
        H431  8 0.3683 0.2008 0.2277 0.2031 
        H432  8 0.1400 0.2767 0.2369 0.3464 
        H433  8 0.1861 0.2672 0.3279 0.2188 
        H434  8 0.1785 0.2874 0.2892 0.2449 
        H444  8 0.1726 0.3665 0.2406 0.2204 
        H454  8 0.3557 0.2807 0.1918 0.1717 
        H475  8 0.4142 0.1734 0.2147 0.1978 
        H491  8 0.2695 0.3092 0.1864 0.2349 
        H492  8 0.3294 0.2215 0.2310 0.2181 
        H493  8 0.2381 0.2274 0.2444 0.2901 
        H494  8 0.2484 0.2514 0.2717 0.2285 
        H495  8 0.3881 0.1676 0.1780 0.2663 
        H662  8 0.2184 0.2381 0.2269 0.3166 
        H663  8 0.2521 0.2608 0.2432 0.2438 
        H695  8 0.2647 0.2631 0.2449 0.2274 
       H7367  8 0.1615 0.2399 0.3588 0.2398 
       H7368  8 0.2050 0.2500 0.2693 0.2758 
       H7369  8 0.2152 0.3644 0.2269 0.1935 
       H7370  8 0.1417 0.1791 0.4469 0.2323 
       H7371  8 0.2091 0.2706 0.3156 0.2047 
        H600  9 0.3391 0.2264 0.2114 0.2230 
        H648  9 0.2464 0.2220 0.2530 0.2786 
        H696  9 0.1385 0.1883 0.2929 0.3803 
        H697  9 0.2170 0.2949 0.2565 0.2315 
        H698  9 0.2039 0.2402 0.2778 0.2781 
        H699  9 0.2305 0.2538 0.2582 0.2575 
        H700  9 0.3146 0.2543 0.2121 0.2190 
        H732  9 0.3808 0.1898 0.1853 0.2442 
        H733  9 0.1666 0.2372 0.3808 0.2153 
        H734  9 0.1624 0.1857 0.3624 0.2895 
        H735  9 0.2008 0.2231 0.3407 0.2354 
        H736  9 0.2592 0.2364 0.2333 0.2710 
        H737  9 0.2978 0.2755 0.1828 0.2438 
        H905  9 0.2890 0.3095 0.2034 0.1982 
        H921  9 0.2887 0.2846 0.2324 0.1943 
        H922  9 0.1336 0.2685 0.3718 0.2260 
     H169705 10 0.2059 0.2131 0.3786 0.2024 
     H171942 10 0.1340 0.2853 0.2433 0.3374 
     H171943 10 0.2048 0.2282 0.2912 0.2757 
     H171944 10 0.2409 0.2157 0.3230 0.2204 
     H171946 10 0.3587 0.1568 0.2170 0.2675 
     H171947 10 0.2121 0.2692 0.2423 0.2764 
     H229641 10 0.2557 0.1846 0.3105 0.2492 
      H30001 10 0.2660 0.2376 0.2898 0.2066 
      H30002 10 0.2157 0.3186 0.2217 0.2440 
      H30005 10 0.2191 0.2155 0.3267 0.2388 
      H30006 10 0.1883 0.2206 0.2604 0.3307 
      H30007 10 0.1490 0.2420 0.2187 0.3903 
        H451 10 0.1634 0.2740 0.3229 0.2396 
        H452 10 0.2427 0.1972 0.2834 0.2767 
        H453 10 0.3797 0.2265 0.1522 0.2417 
        H473 10 0.2731 0.2945 0.1806 0.2518 
        H474 10 0.4417 0.1389 0.2156 0.2038 
        H486 10 0.2821 0.2275 0.2570 0.2334 
        H487 10 0.3076 0.2254 0.2352 0.2317 
        H488 10 0.2265 0.3561 0.2240 0.1934 
        H489 10 0.3960 0.1902 0.2273 0.1866 
        H550 10 0.2016 0.1851 0.2724 0.3409 
        H551 10 0.2447 0.2757 0.2840 0.1957 
        H553 10 0.3599 0.1842 0.2161 0.2398 
        H554 10 0.1884 0.2588 0.2642 0.2885 
        H556 10 0.2773 0.2216 0.2065 0.2946 
        H580 10 0.1971 0.2861 0.2580 0.2588 
        H591 10 0.4368 0.2123 0.1733 0.1776 
        H592 10 0.3083 0.1927 0.2947 0.2042 
        H593 10 0.2245 0.2316 0.2705 0.2734 
        H594 10 0.1354 0.2609 0.3015 0.3022 
        H627 10 0.2502 0.1751 0.3080 0.2667 
        H628 10 0.1308 0.4312 0.1995 0.2385 
        H629 10 0.2659 0.1817 0.2668 0.2857 
        H630 10 0.2736 0.1662 0.3253 0.2349 
        H638 10 0.2142 0.1862 0.3937 0.2059 
        H639 10 0.3709 0.1692 0.2114 0.2484 
        H640 10 0.1928 0.1899 0.3442 0.2731 
        H704 10 0.1777 0.2725 0.2147 0.3351 
        H705 10 0.2115 0.2124 0.3803 0.1958 
        H706 10 0.2897 0.3305 0.1999 0.1799 
        H708 10 0.4266 0.1957 0.1903 0.1875 
       H7351 10 0.2153 0.2477 0.2439 0.2931 
       H7352 10 0.2847 0.2433 0.2444 0.2276 
       H7353 10 0.1770 0.1995 0.2287 0.3948 
       H7354 10 0.2760 0.3127 0.1757 0.2357 
       H7365 10 0.4065 0.2031 0.2063 0.1841 
       H7383 10 0.2870 0.2773 0.2532 0.1826 
       H7384 10 0.2858 0.2855 0.2059 0.2227 
       H7385 10 0.3272 0.2347 0.2479 0.1903 
       H7386 10 0.2041 0.3210 0.2450 0.2298 
       H7387 10 0.2205 0.2570 0.2613 0.2612 
       H7388 10 0.2588 0.2482 0.2444 0.2486 
        H906 10 0.2902 0.2797 0.1510 0.2791 
        H907 10 0.1787 0.1835 0.3735 0.2644 
        H908 10 0.2302 0.2515 0.2958 0.2226 
        H909 10 0.2239 0.3690 0.1811 0.2260 
       H9552 10 0.2417 0.2627 0.2146 0.2810 
       H9553 10 0.3021 0.2138 0.2358 0.2483 
       H9555 10 0.1930 0.2478 0.3539 0.2053 
       H9575 10 0.3843 0.1807 0.1891 0.2459 
       H9703 10 0.4284 0.2030 0.1663 0.2023 
       H9707 10 0.3423 0.1908 0.2534 0.2134 
       HSAA4 10 0.1967 0.2865 0.2598 0.2571 
        H001 11 0.2763 0.3148 0.1761 0.2328 
        H004 11 0.2106 0.2604 0.2760 0.2530 
        H005 11 0.3958 0.2579 0.1711 0.1752 
        H006 11 0.2435 0.2489 0.2819 0.2258 
        H007 11 0.3035 0.3508 0.1646 0.1811 
        H031 11 0.4557 0.1862 0.2026 0.1555 
        H074 11 0.3658 0.1732 0.2512 0.2099 
        H075 11 0.3425 0.2884 0.1833 0.1857 
        H080 11 0.3673 0.2217 0.2174 0.1936 
        H086 11 0.2430 0.2470 0.2686 0.2414 
        H092 11 0.3160 0.2170 0.2630 0.2040 
        H093 11 0.1407 0.2717 0.2471 0.3405 
        H094 11 0.2197 0.1683 0.3556 0.2564 
        H095 11 0.3414 0.2421 0.1862 0.2303 
        H096 11 0.2782 0.3270 0.1959 0.1988 
        H099 11 0.3007 0.2380 0.2576 0.2038 
        H100 11 0.1487 0.3604 0.2055 0.2854 
        H127 11 0.2876 0.2536 0.2285 0.2304 
        H136 11 0.4098 0.1940 0.1989 0.1973 
        H153 11 0.2223 0.2202 0.2895 0.2681 
        H154 11 0.4129 0.1726 0.2153 0.1992 
        H155 11 0.1364 0.4081 0.2427 0.2128 
        H156 11 0.1285 0.3440 0.2857 0.2418 
        H161 11 0.2054 0.2471 0.2397 0.3078 
        H162 11 0.1729 0.2001 0.3701 0.2569 
        H167 11 0.1978 0.3231 0.2195 0.2596 
        H168 11 0.2343 0.2635 0.2587 0.2434 
     H169586 11 0.3167 0.1532 0.1743 0.3558 
     H169738 11 0.1553 0.3431 0.2904 0.2112 
     H169741 11 0.3698 0.1815 0.2332 0.2155 
     H171801 11 0.1598 0.2440 0.2656 0.3306 
     H171810 11 0.3251 0.2007 0.2421 0.2320 
     H171811 11 0.3935 0.1769 0.1984 0.2312 
     H171812 11 0.2056 0.4403 0.1659 0.1882 
     H171820 11 0.3779 0.2172 0.2010 0.2039 
     H171821 11 0.2060 0.2665 0.3056 0.2219 
     H171822 11 0.2341 0.2211 0.3198 0.2250 
     H171823 11 0.3726 0.1673 0.1761 0.2840 
     H171866 11 0.1818 0.2655 0.2502 0.3025 
     H171867 11 0.1837 0.2916 0.3193 0.2054 
     H171967 11 0.3455 0.2908 0.1858 0.1778 
     H171969 11 0.2312 0.2838 0.2329 0.2521 
        H172 11 0.2205 0.2938 0.2515 0.2341 
        H173 11 0.2223 0.3230 0.2674 0.1873 
        H174 11 0.1638 0.1707 0.3707 0.2948 
        H196 11 0.1876 0.2902 0.2668 0.2554 
        H197 11 0.1990 0.2702 0.3080 0.2228 
        H346 11 0.2382 0.3608 0.1945 0.2064 
        H355 11 0.2738 0.3179 0.1829 0.2253 
        H356 11 0.2629 0.2716 0.2310 0.2345 
        H357 11 0.3217 0.2427 0.2397 0.1959 
        H358 11 0.2182 0.3473 0.2451 0.1894 
        H359 11 0.2532 0.2081 0.2888 0.2499 
        H360 11 0.2415 0.2920 0.2410 0.2254 
        H361 11 0.2126 0.3172 0.2241 0.2462 
        H362 11 0.1378 0.1930 0.4368 0.2324 
        H363 11 0.3799 0.2152 0.2168 0.1882 
        H364 11 0.2584 0.2760 0.1928 0.2729 
        H365 11 0.1818 0.3472 0.2080 0.2630 
        H366 11 0.1938 0.3278 0.2276 0.2508 
        H367 11 0.4027 0.1906 0.2101 0.1966 
        H368 11 0.1884 0.1766 0.3013 0.3337 
        H369 11 0.4104 0.2239 0.2049 0.1607 
        H370 11 0.2000 0.2430 0.2917 0.2653 
        H371 11 0.2512 0.2184 0.3137 0.2167 
        H372 11 0.2234 0.3109 0.2342 0.2314 
        H373 11 0.2531 0.2714 0.2503 0.2252 
        H374 11 0.2759 0.3320 0.1780 0.2141 
        H375 11 0.2516 0.3266 0.2173 0.2046 
        H376 11 0.1784 0.2892 0.2406 0.2918 
        H377 11 0.2700 0.2350 0.2739 0.2211 
        H378 11 0.3082 0.2284 0.2077 0.2558 
        H379 11 0.2457 0.1957 0.3449 0.2137 
        H380 11 0.1619 0.3408 0.2692 0.2281 
        H381 11 0.3697 0.1730 0.2103 0.2470 
        H382 11 0.1314 0.2150 0.3978 0.2557 
        H383 11 0.1577 0.3491 0.2081 0.2851 
        H384 11 0.3397 0.2386 0.1964 0.2254 
        H385 11 0.3137 0.1832 0.3061 0.1970 
        H386 11 0.1997 0.3607 0.2457 0.1939 
        H387 11 0.2497 0.2002 0.1877 0.3625 
        H388 11 0.1438 0.3515 0.2296 0.2752 
        H389 11 0.2250 0.3327 0.2389 0.2035 
        H390 11 0.1961 0.2501 0.3178 0.2360 
        H391 11 0.2079 0.2164 0.2872 0.2885 
        H392 11 0.3405 0.3068 0.1617 0.1910 
        H393 11 0.1515 0.3412 0.1944 0.3128 
        H394 11 0.1675 0.2108 0.2239 0.3979 
        H395 11 0.3762 0.2339 0.1971 0.1928 
        H408 11 0.2432 0.3779 0.1886 0.1903 
        H412 11 0.4482 0.1161 0.1934 0.2423 
        H417 11 0.3118 0.2541 0.2099 0.2242 
        H418 11 0.2925 0.1849 0.2533 0.2693 
        H429 11 0.1921 0.3454 0.2218 0.2407 
        H430 11 0.1690 0.3168 0.2956 0.2186 
        H439 11 0.2603 0.2630 0.2695 0.2072 
        H440 11 0.4017 0.2296 0.1759 0.1928 
        H441 11 0.1938 0.2225 0.3596 0.2241 
        H442 11 0.1996 0.2951 0.2305 0.2748 
        H446 11 0.2258 0.2369 0.2649 0.2724 
        H447 11 0.1766 0.2971 0.2969 0.2295 
        H448 11 0.2064 0.3315 0.2547 0.2074 
        H534 11 0.4362 0.1916 0.1598 0.2124 
        H537 11 0.3837 0.1973 0.1788 0.2402 
        H568 11 0.4437 0.1616 0.2117 0.1829 
        H569 11 0.1220 0.2727 0.3526 0.2527 
        H586 11 0.3171 0.1444 0.1755 0.3630 
        H587 11 0.4413 0.2126 0.1704 0.1757 
        H588 11 0.1605 0.2444 0.2201 0.3750 
        H589 11 0.4132 0.2299 0.1662 0.1908 
        H590 11 0.3335 0.2557 0.1890 0.2219 
        H601 11 0.1561 0.2573 0.3181 0.2685 
        H602 11 0.3077 0.2099 0.2755 0.2069 
        H603 11 0.1699 0.3020 0.3178 0.2102 
        H610 11 0.2722 0.2211 0.2724 0.2344 
        H611 11 0.3150 0.1700 0.3022 0.2129 
        H649 11 0.2271 0.2915 0.2511 0.2303 
        H650 11 0.1855 0.1697 0.3929 0.2518 
        H651 11 0.2124 0.3500 0.2429 0.1947 
        H652 11 0.2802 0.1930 0.2453 0.2815 
       H7364 11 0.1951 0.2998 0.2663 0.2389 
       H7366 11 0.2519 0.3081 0.2179 0.2221 
       H7378 11 0.1218 0.1454 0.3353 0.3975 
       H7379 11 0.2523 0.2367 0.2736 0.2373 
        H739 11 0.3684 0.1995 0.2216 0.2105 
        H740 11 0.2080 0.1871 0.3246 0.2804 
        H741 11 0.3778 0.1876 0.2273 0.2073 
        H926 11 0.2098 0.2037 0.3310 0.2554 
        H927 11 0.1970 0.2345 0.3286 0.2399 
        H928 11 0.2603 0.1611 0.3546 0.2241 
       H9560 11 0.2297 0.1866 0.2845 0.2992 
        H409 12 0.1605 0.3223 0.2924 0.2248 
        H413 12 0.1524 0.1841 0.2622 0.4014 
        H419 12 0.2118 0.3036 0.2556 0.2289 
        H420 12 0.2819 0.2768 0.2042 0.2371 
        H421 12 0.1459 0.2690 0.2727 0.3124 
        H435 12 0.1789 0.2762 0.2642 0.2806 
        H436 12 0.2374 0.3324 0.2263 0.2039 
        H437 12 0.3607 0.1967 0.1904 0.2522 
        H445 12 0.1735 0.3774 0.2238 0.2253 
        H449 12 0.2124 0.2398 0.2239 0.3240 
        H463 12 0.2967 0.2474 0.2220 0.2339 
        H464 12 0.1660 0.2380 0.2577 0.3383 
        H465 12 0.2447 0.1535 0.2607 0.3411 
        H490 12 0.1633 0.2001 0.3000 0.3366 
        H561 12 0.2406 0.2181 0.3172 0.2240 
        H562 12 0.2143 0.3863 0.2059 0.1935 
        H563 12 0.2608 0.2833 0.2710 0.1849 
        H570 12 0.3194 0.2752 0.2176 0.1878 
        H571 12 0.2460 0.1739 0.2626 0.3176 
        H572 12 0.2492 0.2629 0.2579 0.2300 
        H573 12 0.1575 0.3222 0.2888 0.2315 
       H7372 12 0.1343 0.3574 0.2509 0.2574 
       H7373 12 0.1782 0.1954 0.2367 0.3897 
       H7374 12 0.3042 0.3008 0.1668 0.2282 
       H7375 12 0.3134 0.2543 0.2203 0.2120 
       H7376 12 0.1328 0.4584 0.2189 0.1898 
       H7377 12 0.3486 0.1735 0.2720 0.2059 
