        H102  1 0.0476 0.0872 0.1534 0.0671 0.0837 0.0804 0.2607 0.0455 0.0456 0.0627 0.0661 
        H103  1 0.1084 0.0641 0.1276 0.1172 0.0352 0.0495 0.1105 0.0599 0.0786 0.1322 0.1168 
        H104  1 0.0950 0.0862 0.0837 0.0759 0.0964 0.0859 0.0988 0.1590 0.0780 0.0727 0.0684 
        H105  1 0.0782 0.1071 0.1055 0.0884 0.1261 0.1006 0.1134 0.0441 0.0731 0.0889 0.0745 
        H106  1 0.0827 0.1118 0.0882 0.0931 0.0901 0.0849 0.0870 0.0647 0.0895 0.0819 0.1261 
        H112  1 0.0706 0.0741 0.1238 0.0837 0.1605 0.0578 0.1550 0.0709 0.0672 0.0677 0.0688 
        H113  1 0.1210 0.0621 0.0762 0.0686 0.0743 0.0710 0.1069 0.1097 0.1657 0.0769 0.0677 
        H114  1 0.1220 0.0719 0.0889 0.0919 0.0410 0.0744 0.1279 0.0846 0.1474 0.0714 0.0785 
        H115  1 0.0644 0.0688 0.1639 0.0601 0.1334 0.0790 0.1722 0.0666 0.0647 0.0635 0.0635 
        H143  1 0.0708 0.0693 0.1229 0.0980 0.0847 0.1015 0.2098 0.0456 0.0569 0.0887 0.0517 
        H144  1 0.0687 0.1069 0.0944 0.1399 0.0286 0.1377 0.0899 0.0458 0.0669 0.1516 0.0696 
        H145  1 0.0798 0.0597 0.1834 0.1093 0.0671 0.0634 0.1342 0.0329 0.0932 0.1029 0.0741 
        H149  1 0.0596 0.1454 0.0729 0.0689 0.1031 0.0625 0.0875 0.1569 0.0644 0.0742 0.1048 
        H150  1 0.0846 0.0634 0.1197 0.1154 0.1004 0.0624 0.0928 0.0793 0.0932 0.1316 0.0572 
     H167542  1 0.0571 0.0726 0.0556 0.0626 0.0520 0.4059 0.0700 0.0578 0.0530 0.0574 0.0559 
     H169604  1 0.1357 0.0910 0.0837 0.0868 0.0494 0.1214 0.1026 0.0960 0.0785 0.0796 0.0753 
     H169607  1 0.1090 0.0870 0.0869 0.1003 0.0546 0.1310 0.0896 0.0605 0.0851 0.1157 0.0803 
     H169608  1 0.0494 0.0425 0.2072 0.0501 0.2724 0.0372 0.1501 0.0410 0.0449 0.0518 0.0533 
     H169633  1 0.1099 0.0875 0.0861 0.0979 0.0502 0.1515 0.0823 0.0574 0.1174 0.0869 0.0729 
     H169688  1 0.0749 0.1199 0.0925 0.1053 0.0435 0.0719 0.0759 0.0591 0.0549 0.1121 0.1900 
     H169714  1 0.0865 0.0866 0.0820 0.0953 0.0776 0.0588 0.0950 0.1450 0.0971 0.0871 0.0892 
     H171802  1 0.1503 0.0705 0.0573 0.0704 0.1702 0.0487 0.0522 0.1546 0.0831 0.0651 0.0775 
     H171805  1 0.0871 0.0781 0.1092 0.1266 0.0496 0.0626 0.1114 0.0563 0.1017 0.1144 0.1029 
     H171807  1 0.0703 0.1610 0.0848 0.0887 0.1049 0.0649 0.0568 0.0849 0.0815 0.0850 0.1173 
     H171814  1 0.1335 0.0703 0.0888 0.1130 0.0427 0.0412 0.0777 0.1064 0.1144 0.1412 0.0708 
     H171816  1 0.0713 0.0992 0.0946 0.0972 0.1170 0.0516 0.0824 0.0965 0.0910 0.1000 0.0993 
     H171817  1 0.0730 0.1265 0.0800 0.0930 0.0724 0.0600 0.0895 0.1369 0.0965 0.0864 0.0858 
     H171818  1 0.0838 0.1122 0.0733 0.1020 0.0494 0.1145 0.0818 0.0721 0.1080 0.1052 0.0978 
     H171819  1 0.1006 0.0784 0.0745 0.0878 0.0995 0.0482 0.1153 0.0931 0.1437 0.0833 0.0754 
     H171834  1 0.0705 0.1236 0.1489 0.0815 0.0746 0.0440 0.1656 0.0523 0.0768 0.0742 0.0880 
     H171835  1 0.1066 0.0717 0.0734 0.0595 0.0952 0.0593 0.0677 0.2178 0.0700 0.0632 0.1157 
     H171836  1 0.1356 0.0870 0.0699 0.1251 0.0278 0.0796 0.0948 0.0626 0.1364 0.0958 0.0855 
     H171837  1 0.0700 0.0745 0.1134 0.0739 0.0911 0.1559 0.0955 0.1000 0.0696 0.0807 0.0755 
     H171838  1 0.1150 0.1126 0.0906 0.0883 0.0460 0.0358 0.1058 0.0415 0.1650 0.0825 0.1169 
     H171839  1 0.1095 0.0697 0.0795 0.0695 0.0812 0.1104 0.0835 0.1693 0.0703 0.0790 0.0780 
     H171841  1 0.0401 0.0787 0.0684 0.0606 0.4434 0.0366 0.0473 0.0404 0.0469 0.0711 0.0665 
     H171860  1 0.1150 0.0673 0.1022 0.0902 0.1050 0.0960 0.1068 0.0876 0.0776 0.0882 0.0640 
     H171861  1 0.1009 0.0946 0.0995 0.0929 0.0320 0.0882 0.1723 0.0456 0.0901 0.0946 0.0893 
     H171862  1 0.0931 0.1020 0.1050 0.0996 0.0699 0.0647 0.1288 0.0716 0.0798 0.0960 0.0895 
     H171868  1 0.0593 0.1304 0.0966 0.0706 0.0651 0.1330 0.1870 0.0527 0.0716 0.0718 0.0619 
     H171869  1 0.0726 0.0813 0.1070 0.1252 0.0469 0.0615 0.1017 0.0525 0.0958 0.1474 0.1082 
     H171870  1 0.0727 0.1000 0.0930 0.1155 0.0757 0.0693 0.0616 0.1021 0.0583 0.0917 0.1601 
     H171871  1 0.1171 0.0931 0.1090 0.1226 0.0532 0.0315 0.0897 0.0729 0.1022 0.1117 0.0970 
     H171872  1 0.1002 0.0873 0.0797 0.0727 0.0952 0.0747 0.1205 0.1301 0.0990 0.0756 0.0651 
     H171873  1 0.0867 0.0910 0.0822 0.0979 0.0551 0.0706 0.0605 0.1199 0.0841 0.1121 0.1400 
     H171874  1 0.0830 0.1065 0.1116 0.0982 0.0483 0.0649 0.1901 0.0606 0.0657 0.0932 0.0779 
     H171875  1 0.0876 0.0779 0.0748 0.1184 0.0349 0.1071 0.1772 0.0579 0.1049 0.1060 0.0532 
     H171876  1 0.0963 0.0999 0.1019 0.0942 0.0397 0.1193 0.1480 0.0595 0.0769 0.0929 0.0716 
     H171877  1 0.0512 0.0643 0.0607 0.0598 0.0366 0.4233 0.0615 0.0677 0.0622 0.0537 0.0591 
     H171878  1 0.0567 0.0995 0.0972 0.0996 0.0690 0.0857 0.0637 0.0679 0.0995 0.1111 0.1502 
     H171901  1 0.0872 0.1122 0.0618 0.0810 0.1095 0.0663 0.0575 0.1171 0.0881 0.0782 0.1410 
     H171902  1 0.0798 0.0993 0.0934 0.1175 0.1236 0.0818 0.0841 0.0678 0.0734 0.1045 0.0749 
     H171903  1 0.1111 0.0759 0.1238 0.0878 0.0709 0.0533 0.1297 0.0965 0.0756 0.1003 0.0752 
     H171935  1 0.0780 0.1078 0.0990 0.0898 0.0877 0.0351 0.0614 0.1001 0.0940 0.1059 0.1411 
     H171936  1 0.1095 0.0680 0.0667 0.0889 0.0419 0.1683 0.0882 0.0883 0.1370 0.0785 0.0647 
     H171940  1 0.0500 0.1463 0.0816 0.0934 0.0851 0.2110 0.0652 0.0632 0.0592 0.0713 0.0737 
     H171945  1 0.0760 0.0799 0.0914 0.1069 0.1851 0.0853 0.0690 0.0449 0.0750 0.1160 0.0706 
     H171948  1 0.0775 0.1162 0.1124 0.0751 0.1529 0.0412 0.0945 0.0607 0.1077 0.0726 0.0891 
     H171949  1 0.0550 0.1952 0.0668 0.0641 0.1124 0.1017 0.0523 0.1266 0.0712 0.0621 0.0927 
     H171950  1 0.0598 0.0878 0.0622 0.0679 0.1091 0.0513 0.0882 0.2299 0.0575 0.0604 0.1258 
     H171963  1 0.0685 0.1043 0.0902 0.1257 0.0363 0.0547 0.0634 0.0552 0.1053 0.1071 0.1892 
     H171964  1 0.0814 0.0935 0.1500 0.1514 0.0455 0.0575 0.0675 0.0532 0.0990 0.1392 0.0617 
     H171966  1 0.0773 0.1092 0.0973 0.1024 0.0604 0.0583 0.0775 0.0683 0.1200 0.0925 0.1366 
     H171968  1 0.0586 0.1024 0.0958 0.0978 0.1206 0.0841 0.1175 0.0703 0.0675 0.1065 0.0790 
     H171971  1 0.0808 0.1234 0.0894 0.0998 0.0531 0.0378 0.0903 0.0584 0.1442 0.1039 0.1190 
     H171972  1 0.1212 0.0891 0.1343 0.1192 0.0412 0.0482 0.0938 0.0708 0.0839 0.1180 0.0802 
     H171977  1 0.0968 0.0688 0.1025 0.1248 0.0349 0.1619 0.0666 0.0592 0.0858 0.1239 0.0748 
     H171978  1 0.0741 0.0768 0.1138 0.1133 0.1229 0.0492 0.0918 0.0784 0.0771 0.1113 0.0912 
     H171979  1 0.1182 0.1141 0.1018 0.1176 0.0352 0.0490 0.0739 0.0577 0.1040 0.1130 0.1155 
        H176  1 0.0799 0.0625 0.1255 0.0842 0.1177 0.0883 0.1264 0.0641 0.0976 0.0961 0.0576 
        H177  1 0.0541 0.0926 0.0801 0.0733 0.2110 0.0945 0.0816 0.0782 0.0656 0.0695 0.0995 
        H179  1 0.0706 0.0792 0.0426 0.0554 0.1219 0.2065 0.0733 0.1537 0.0734 0.0607 0.0628 
        H181  1 0.0847 0.1565 0.0824 0.1081 0.0486 0.0531 0.0699 0.0445 0.1264 0.1123 0.1134 
        H182  1 0.0910 0.0742 0.1322 0.1039 0.0379 0.0473 0.1737 0.0378 0.1277 0.0948 0.0794 
        H183  1 0.0908 0.1472 0.0728 0.1268 0.0585 0.0842 0.0421 0.0511 0.0854 0.1317 0.1092 
        H184  1 0.0780 0.0909 0.1024 0.0847 0.2001 0.0685 0.0832 0.0611 0.0871 0.0789 0.0651 
        H185  1 0.0848 0.0838 0.1011 0.1099 0.0593 0.1162 0.0864 0.0436 0.1368 0.0957 0.0825 
        H186  1 0.0435 0.0789 0.1164 0.1192 0.0825 0.0799 0.1380 0.0535 0.0502 0.1550 0.0829 
        H187  1 0.0907 0.1220 0.0821 0.0959 0.0765 0.0778 0.0669 0.0637 0.0775 0.0873 0.1597 
        H188  1 0.0695 0.1040 0.0449 0.0587 0.0697 0.3459 0.0481 0.0850 0.0668 0.0601 0.0474 
        H192  1 0.0582 0.1150 0.0951 0.0867 0.1650 0.0607 0.0670 0.0826 0.0959 0.0789 0.0948 
        H193  1 0.0833 0.0754 0.1142 0.1223 0.0464 0.0780 0.1406 0.0376 0.0957 0.1150 0.0916 
        H194  1 0.0865 0.0970 0.0997 0.0859 0.0843 0.0745 0.1016 0.1041 0.1013 0.0921 0.0731 
        H195  1 0.0683 0.1312 0.1028 0.1152 0.0577 0.0678 0.0729 0.0379 0.0595 0.1264 0.1603 
        H199  1 0.1096 0.0892 0.0991 0.1385 0.0813 0.0908 0.0579 0.0484 0.0776 0.1295 0.0781 
        H200  1 0.1278 0.0828 0.0746 0.0767 0.1464 0.0738 0.0699 0.1161 0.0690 0.0823 0.0806 
        H414  1 0.1077 0.0876 0.1063 0.1056 0.0568 0.0419 0.1039 0.0778 0.0834 0.1214 0.1076 
        H415  1 0.1363 0.0732 0.0960 0.0901 0.0525 0.0572 0.1299 0.0836 0.1277 0.0867 0.0666 
        H422  1 0.0829 0.0882 0.0968 0.1185 0.1425 0.0561 0.1079 0.0588 0.0747 0.1170 0.0567 
        H423  1 0.0439 0.0784 0.0474 0.0489 0.4450 0.0375 0.0413 0.0761 0.0583 0.0548 0.0684 
        H424  1 0.1031 0.0857 0.1022 0.1272 0.0745 0.0635 0.0807 0.0609 0.0873 0.1267 0.0883 
        H425  1 0.0909 0.0863 0.0865 0.1536 0.0532 0.0886 0.0611 0.0546 0.0785 0.1712 0.0756 
        H426  1 0.1074 0.0888 0.1109 0.1355 0.0477 0.0374 0.0761 0.0618 0.0840 0.1507 0.0995 
        H443  1 0.0545 0.0750 0.1243 0.1410 0.0367 0.1253 0.0934 0.0623 0.0540 0.1868 0.0467 
        H466  1 0.0837 0.0952 0.1007 0.1054 0.0652 0.0675 0.0816 0.1046 0.0802 0.1027 0.1132 
        H467  1 0.0579 0.1123 0.0820 0.0728 0.1076 0.0547 0.0604 0.1706 0.0952 0.0765 0.1099 
        H472  1 0.0823 0.1094 0.0745 0.0772 0.0696 0.1699 0.0553 0.0946 0.0876 0.0866 0.0929 
        H483  1 0.0541 0.1934 0.0735 0.1033 0.0395 0.1219 0.0914 0.0393 0.0880 0.0979 0.0976 
        H504  1 0.1244 0.0793 0.0782 0.1188 0.0662 0.0684 0.0742 0.0528 0.1228 0.1503 0.0645 
        H505  1 0.0779 0.1142 0.0648 0.0802 0.0696 0.1770 0.0507 0.1156 0.0676 0.0860 0.0965 
        H506  1 0.0742 0.0834 0.1111 0.1076 0.0816 0.0673 0.1351 0.0527 0.1144 0.1033 0.0692 
        H507  1 0.1017 0.0946 0.0915 0.1227 0.0248 0.0815 0.0802 0.0602 0.1185 0.1077 0.1166 
        H508  1 0.0697 0.0736 0.0776 0.0987 0.0824 0.0537 0.0675 0.1385 0.0913 0.1059 0.1413 
        H524  1 0.1393 0.0865 0.0688 0.0972 0.0395 0.1284 0.0647 0.1038 0.0821 0.0995 0.0902 
        H525  1 0.0802 0.0707 0.1483 0.1233 0.0349 0.1015 0.1000 0.0696 0.0799 0.1184 0.0732 
        H526  1 0.0805 0.0652 0.0718 0.0731 0.0772 0.2499 0.0934 0.0734 0.0979 0.0717 0.0458 
        H527  1 0.0584 0.0965 0.0995 0.0997 0.1150 0.0754 0.1124 0.0603 0.0647 0.0956 0.1224 
        H528  1 0.1110 0.0674 0.0921 0.1230 0.0448 0.0551 0.1038 0.0968 0.1198 0.1180 0.0682 
        H529  1 0.0736 0.0715 0.1056 0.1149 0.0334 0.1250 0.0909 0.0576 0.0894 0.1582 0.0799 
        H533  1 0.1350 0.0859 0.0900 0.1099 0.0259 0.0417 0.0976 0.0575 0.1441 0.0871 0.1254 
        H538  1 0.1095 0.0988 0.0788 0.0876 0.0728 0.1466 0.0725 0.1071 0.0694 0.0800 0.0768 
        H539  1 0.0677 0.1395 0.0899 0.0905 0.0547 0.0604 0.0831 0.0572 0.0613 0.0874 0.2083 
        H540  1 0.0817 0.0944 0.1102 0.1035 0.0706 0.0817 0.0932 0.0614 0.1109 0.1019 0.0907 
        H541  1 0.0927 0.0847 0.0769 0.0900 0.0418 0.1753 0.0890 0.0955 0.0876 0.0800 0.0864 
        H558  1 0.1133 0.1208 0.0967 0.1007 0.0843 0.0458 0.0732 0.0399 0.1010 0.1022 0.1221 
        H559  1 0.0601 0.0924 0.0882 0.0973 0.0864 0.1119 0.1842 0.0549 0.0864 0.0847 0.0534 
        H579  1 0.0894 0.0738 0.1774 0.1032 0.0677 0.0678 0.1281 0.0350 0.0790 0.1036 0.0750 
        H584  1 0.0915 0.0662 0.1096 0.1268 0.0591 0.0758 0.0857 0.0612 0.0840 0.1319 0.1081 
        H585  1 0.0901 0.0898 0.0804 0.1351 0.0428 0.0685 0.0832 0.0900 0.1036 0.1155 0.1010 
        H605  1 0.0805 0.0893 0.0927 0.0925 0.1549 0.0881 0.0941 0.0637 0.0586 0.1018 0.0839 
        H606  1 0.0489 0.0854 0.0805 0.0564 0.2384 0.1205 0.1057 0.0715 0.0511 0.0618 0.0797 
        H632  1 0.0690 0.0822 0.1394 0.1274 0.0425 0.0829 0.1058 0.0506 0.1090 0.1276 0.0636 
        H634  1 0.0956 0.0812 0.0882 0.1051 0.0710 0.1079 0.1045 0.0597 0.0660 0.0991 0.1217 
        H671  1 0.0616 0.0772 0.0562 0.0697 0.2267 0.0682 0.0644 0.1650 0.0698 0.0725 0.0688 
        H672  1 0.2250 0.0568 0.0572 0.0637 0.0566 0.0590 0.0533 0.2131 0.0588 0.0833 0.0733 
        H673  1 0.0552 0.1127 0.1099 0.1052 0.0573 0.1520 0.0985 0.0384 0.0550 0.1409 0.0749 
        H689  1 0.0753 0.1058 0.0980 0.1148 0.0488 0.1416 0.0916 0.0525 0.0887 0.1110 0.0719 
        H690  1 0.0670 0.0603 0.1732 0.0514 0.1555 0.0726 0.1661 0.0693 0.0585 0.0528 0.0734 
        H691  1 0.0729 0.0828 0.0949 0.0879 0.0520 0.1736 0.1163 0.0790 0.0802 0.0825 0.0780 
        H692  1 0.1018 0.0914 0.1213 0.1339 0.0284 0.0673 0.0809 0.0424 0.0949 0.1632 0.0745 
        H709  1 0.1176 0.0594 0.1359 0.0958 0.0817 0.0479 0.1383 0.0932 0.0532 0.0946 0.0825 
        H710  1 0.0897 0.0726 0.1007 0.1215 0.0389 0.0497 0.1410 0.0410 0.1280 0.1252 0.0916 
       H7355  1 0.0845 0.0677 0.1106 0.0641 0.0489 0.1367 0.1495 0.0432 0.1533 0.0819 0.0597 
       H7356  1 0.0958 0.0667 0.1209 0.1068 0.0967 0.0814 0.0874 0.0635 0.0853 0.1168 0.0786 
       H7357  1 0.0846 0.1059 0.0842 0.0800 0.0898 0.1250 0.0997 0.0974 0.0693 0.0783 0.0858 
       H7358  1 0.0706 0.0970 0.0582 0.0731 0.0487 0.3413 0.0570 0.0460 0.0514 0.0782 0.0786 
       H7380  1 0.0588 0.1082 0.1110 0.1058 0.0661 0.0558 0.1884 0.0517 0.0838 0.1037 0.0666 
       H7381  1 0.0675 0.0841 0.1043 0.1282 0.1231 0.0569 0.0778 0.0789 0.0626 0.1314 0.0852 
       H7382  1 0.0810 0.0948 0.1049 0.1180 0.0639 0.0769 0.1315 0.0584 0.0791 0.1129 0.0786 
        H904  1 0.0404 0.0928 0.0769 0.0613 0.2193 0.0629 0.1072 0.1451 0.0567 0.0576 0.0796 
        H923  1 0.0907 0.0698 0.0784 0.0871 0.1271 0.1372 0.0613 0.0846 0.0874 0.0959 0.0805 
        H924  1 0.0829 0.0872 0.0857 0.0942 0.1182 0.1577 0.0790 0.0750 0.0610 0.0873 0.0717 
        H925  1 0.0586 0.0566 0.0471 0.0562 0.0439 0.4439 0.0499 0.0609 0.0614 0.0596 0.0620 
       H9558  1 0.1286 0.1150 0.1100 0.1008 0.0796 0.0366 0.0768 0.0381 0.1080 0.1122 0.0943 
        H008  2 0.1094 0.0786 0.1011 0.1120 0.0460 0.0927 0.0928 0.0652 0.1299 0.0922 0.0802 
        H021  2 0.0722 0.1363 0.0880 0.0762 0.0760 0.0771 0.0797 0.1285 0.0753 0.0833 0.1074 
        H023  2 0.0687 0.0827 0.0794 0.0661 0.0732 0.2675 0.0791 0.0744 0.0573 0.0683 0.0833 
        H024  2 0.1474 0.0740 0.0652 0.1036 0.0441 0.0424 0.0698 0.0907 0.2001 0.1047 0.0581 
        H025  2 0.0598 0.0993 0.0798 0.1080 0.2370 0.0735 0.0576 0.0627 0.0532 0.1016 0.0674 
        H026  2 0.1241 0.0622 0.0932 0.1607 0.0339 0.0484 0.0518 0.1088 0.0955 0.1616 0.0599 
        H027  2 0.1265 0.0955 0.0828 0.0841 0.0363 0.1333 0.0677 0.1261 0.0652 0.0931 0.0894 
        H028  2 0.0867 0.1522 0.0896 0.1045 0.0474 0.0784 0.0715 0.0587 0.0929 0.1060 0.1122 
        H029  2 0.1077 0.0764 0.0716 0.0862 0.0362 0.1234 0.0813 0.0857 0.1463 0.1076 0.0775 
        H030  2 0.1342 0.0894 0.1325 0.1085 0.0376 0.0400 0.0728 0.0838 0.1229 0.0966 0.0816 
        H038  2 0.0540 0.1293 0.0648 0.0649 0.0526 0.1011 0.0607 0.1413 0.0614 0.0678 0.2021 
        H039  2 0.0362 0.0647 0.0476 0.0315 0.5708 0.0350 0.0401 0.0646 0.0385 0.0335 0.0376 
        H040  2 0.0863 0.0878 0.0575 0.0779 0.0735 0.0461 0.0610 0.2003 0.0728 0.0685 0.1684 
        H041  2 0.1166 0.0813 0.0828 0.0840 0.0683 0.1360 0.0892 0.0936 0.1147 0.0772 0.0562 
        H042  2 0.0745 0.1031 0.0814 0.0980 0.0992 0.1408 0.0853 0.0678 0.0761 0.0966 0.0772 
        H043  2 0.0420 0.1199 0.0699 0.0614 0.2175 0.0325 0.0468 0.0659 0.0510 0.0736 0.2194 
        H044  2 0.1266 0.0916 0.0926 0.1201 0.0592 0.0403 0.0913 0.0488 0.1342 0.1019 0.0935 
        H047  2 0.0990 0.0784 0.1020 0.0949 0.1599 0.0491 0.0786 0.0690 0.0974 0.1016 0.0701 
        H050  2 0.2568 0.0495 0.0704 0.0763 0.0423 0.0394 0.0817 0.1771 0.0630 0.0750 0.0685 
        H058  2 0.0727 0.0954 0.0874 0.1118 0.0657 0.0469 0.0630 0.1030 0.0964 0.1060 0.1517 
        H062  2 0.0431 0.1209 0.0670 0.0638 0.0969 0.3202 0.0575 0.0561 0.0517 0.0603 0.0625 
        H063  2 0.0761 0.0879 0.0859 0.0758 0.1584 0.0722 0.0814 0.0920 0.0775 0.0819 0.1111 
        H065  2 0.0505 0.0745 0.0925 0.1490 0.1057 0.1080 0.0598 0.0463 0.0503 0.2044 0.0589 
        H066  2 0.1219 0.0787 0.0744 0.0985 0.0431 0.0324 0.0735 0.0979 0.1538 0.1078 0.1180 
        H067  2 0.0740 0.1275 0.0703 0.0992 0.0382 0.1305 0.1040 0.0721 0.0815 0.1065 0.0962 
        H068  2 0.0911 0.0796 0.0704 0.0814 0.1242 0.1368 0.0586 0.1208 0.0683 0.0718 0.0970 
        H069  2 0.0765 0.1180 0.0689 0.1003 0.0553 0.1370 0.0525 0.0647 0.0573 0.0963 0.1732 
        H071  2 0.0715 0.0889 0.1180 0.0935 0.0944 0.0790 0.1057 0.1127 0.0704 0.0897 0.0762 
        H072  2 0.0675 0.0643 0.0605 0.0626 0.3470 0.0648 0.0519 0.0819 0.0632 0.0706 0.0656 
        H073  2 0.0884 0.0738 0.0928 0.1244 0.0587 0.0950 0.0986 0.0835 0.0809 0.1208 0.0832 
        H081  2 0.0850 0.0752 0.0924 0.0684 0.0986 0.1902 0.0994 0.0919 0.0745 0.0667 0.0576 
        H082  2 0.1068 0.1087 0.1071 0.1314 0.0524 0.0498 0.0655 0.0479 0.0989 0.0955 0.1361 
        H083  2 0.0858 0.0994 0.1708 0.1228 0.0532 0.0566 0.0845 0.0463 0.0589 0.1031 0.1186 
        H084  2 0.0954 0.0906 0.0723 0.0858 0.0507 0.0714 0.0610 0.1344 0.1253 0.0896 0.1234 
        H085  2 0.1466 0.0581 0.0771 0.0636 0.0584 0.1928 0.0880 0.1430 0.0586 0.0675 0.0462 
        H087  2 0.0620 0.1417 0.0807 0.0601 0.0661 0.1752 0.1169 0.0556 0.0924 0.0668 0.0825 
        H088  2 0.0759 0.0800 0.0986 0.0969 0.1367 0.0879 0.0937 0.0872 0.0738 0.0860 0.0834 
        H089  2 0.0700 0.0941 0.0723 0.0873 0.0436 0.2567 0.0714 0.0592 0.0718 0.0835 0.0900 
        H090  2 0.2522 0.0634 0.0666 0.0609 0.0524 0.0444 0.0612 0.2099 0.0633 0.0579 0.0677 
        H091  2 0.2554 0.0562 0.0609 0.0642 0.0276 0.0764 0.0569 0.2220 0.0705 0.0637 0.0462 
        H098  2 0.1088 0.0855 0.0652 0.0847 0.0721 0.0806 0.0770 0.0698 0.1880 0.0903 0.0778 
      H10001  2 0.0366 0.0641 0.0490 0.0388 0.5422 0.0332 0.0494 0.0728 0.0361 0.0354 0.0423 
      H10002  2 0.0556 0.0796 0.1332 0.0666 0.1492 0.0770 0.1693 0.0666 0.0537 0.0692 0.0800 
        H101  2 0.2902 0.0610 0.0487 0.0702 0.0309 0.0379 0.0473 0.1898 0.0794 0.0573 0.0873 
        H108  2 0.0482 0.1225 0.0647 0.0687 0.1980 0.1629 0.0827 0.0662 0.0582 0.0740 0.0539 
        H109  2 0.1062 0.0797 0.0683 0.1039 0.1016 0.0372 0.0720 0.1032 0.1323 0.0934 0.1021 
        H110  2 0.0886 0.0903 0.1173 0.0708 0.0631 0.0646 0.2508 0.0461 0.0853 0.0693 0.0538 
        H116  2 0.1007 0.0666 0.1078 0.1453 0.0473 0.0472 0.0980 0.0689 0.1069 0.1138 0.0974 
        H117  2 0.1769 0.0606 0.0590 0.0619 0.0342 0.0555 0.0767 0.1859 0.1670 0.0658 0.0565 
        H118  2 0.1971 0.0561 0.0831 0.0877 0.0310 0.0972 0.0629 0.1731 0.0710 0.0945 0.0463 
        H119  2 0.0700 0.0755 0.0832 0.0748 0.0699 0.0574 0.1191 0.1721 0.1188 0.0880 0.0713 
        H120  2 0.0426 0.0871 0.0640 0.0568 0.3074 0.1491 0.0613 0.0730 0.0521 0.0554 0.0512 
        H121  2 0.2721 0.0497 0.0498 0.0592 0.0351 0.1172 0.0467 0.2194 0.0555 0.0501 0.0452 
        H125  2 0.0381 0.0656 0.0402 0.0407 0.3164 0.0398 0.0468 0.2524 0.0477 0.0398 0.0726 
        H126  2 0.0926 0.0725 0.1039 0.1265 0.1352 0.0606 0.0813 0.0399 0.0866 0.1488 0.0521 
        H128  2 0.3172 0.0390 0.0595 0.0647 0.0196 0.0374 0.0453 0.2458 0.0637 0.0604 0.0474 
        H129  2 0.0860 0.0885 0.1000 0.1584 0.0310 0.0568 0.0874 0.0475 0.0798 0.1558 0.1088 
        H130  2 0.0616 0.1113 0.1171 0.1104 0.1988 0.0378 0.0771 0.0498 0.0614 0.0914 0.0832 
        H133  2 0.0643 0.0603 0.0569 0.0729 0.3868 0.0363 0.0438 0.1029 0.0443 0.0727 0.0589 
        H134  2 0.0693 0.0723 0.0995 0.1823 0.0505 0.0468 0.0765 0.0343 0.0819 0.2385 0.0481 
        H135  2 0.0809 0.0854 0.0890 0.0890 0.1079 0.0941 0.1265 0.0690 0.0886 0.0919 0.0776 
        H137  2 0.1557 0.0990 0.0595 0.0666 0.0578 0.0485 0.0536 0.1766 0.1339 0.0618 0.0871 
        H138  2 0.0680 0.0856 0.1616 0.1391 0.0417 0.0341 0.1340 0.0423 0.0815 0.1371 0.0750 
        H140  2 0.1844 0.0707 0.0647 0.0738 0.1148 0.0520 0.0786 0.1498 0.0805 0.0730 0.0577 
        H146  2 0.2640 0.0375 0.0622 0.0681 0.0494 0.0361 0.0553 0.2709 0.0565 0.0602 0.0397 
        H147  2 0.1065 0.0757 0.1015 0.0790 0.0524 0.0607 0.1322 0.1022 0.1257 0.0838 0.0802 
        H148  2 0.1311 0.0871 0.1154 0.0669 0.0539 0.0610 0.1168 0.1007 0.1369 0.0616 0.0685 
     H166022  2 0.1090 0.0852 0.0891 0.1127 0.0420 0.0500 0.1284 0.0604 0.1423 0.0921 0.0889 
     H167359  2 0.1047 0.0917 0.0906 0.1318 0.0759 0.0702 0.0840 0.0661 0.0902 0.1134 0.0815 
     H167397  2 0.1364 0.0576 0.0748 0.0910 0.0268 0.0436 0.1079 0.0564 0.2577 0.0841 0.0637 
     H167428  2 0.0744 0.0717 0.0613 0.0803 0.0262 0.3683 0.0762 0.0606 0.0644 0.0790 0.0375 
     H167496  2 0.0684 0.0796 0.0673 0.0659 0.2059 0.0993 0.0672 0.1501 0.0656 0.0631 0.0676 
     H167513  2 0.0721 0.1329 0.0528 0.0643 0.0569 0.0414 0.0484 0.0596 0.1681 0.0562 0.2474 
     H167545  2 0.1289 0.0805 0.1142 0.1092 0.0368 0.0764 0.1069 0.0497 0.0842 0.1137 0.0996 
     H167547  2 0.1278 0.0431 0.0664 0.0703 0.0365 0.0236 0.1158 0.0554 0.3234 0.0721 0.0656 
     H169621  2 0.1331 0.1073 0.1079 0.0933 0.0426 0.0442 0.0906 0.0916 0.1036 0.1006 0.0852 
     H169622  2 0.0659 0.0997 0.0965 0.1288 0.0524 0.1075 0.1005 0.0468 0.0777 0.1182 0.1060 
     H169750  2 0.0729 0.0865 0.1066 0.1066 0.0966 0.0377 0.0589 0.1474 0.0809 0.0942 0.1117 
     H171806  2 0.1503 0.0538 0.0995 0.0741 0.0814 0.0763 0.0762 0.1730 0.0731 0.0841 0.0582 
     H171808  2 0.0769 0.0922 0.0812 0.0954 0.0625 0.2301 0.0660 0.0602 0.0549 0.0870 0.0936 
     H171809  2 0.0726 0.0873 0.0910 0.0934 0.1074 0.1084 0.1282 0.0569 0.0890 0.0913 0.0745 
     H171813  2 0.0803 0.0749 0.1444 0.0855 0.0886 0.0611 0.0863 0.0809 0.0957 0.1013 0.1010 
     H171815  2 0.0446 0.1030 0.0600 0.0717 0.2533 0.0633 0.0550 0.0834 0.0548 0.0749 0.1360 
     H171824  2 0.0769 0.1104 0.0693 0.0653 0.0899 0.0977 0.1142 0.1542 0.0919 0.0619 0.0682 
     H171825  2 0.0795 0.0915 0.0943 0.1291 0.0506 0.1138 0.0875 0.0572 0.0910 0.1165 0.0891 
     H171826  2 0.0816 0.1043 0.0866 0.0851 0.0925 0.0711 0.1371 0.0805 0.1073 0.0862 0.0677 
     H171827  2 0.0807 0.0738 0.1334 0.0779 0.0580 0.0439 0.1582 0.0980 0.0688 0.0739 0.1332 
     H171828  2 0.0601 0.0861 0.0692 0.0524 0.2610 0.0995 0.0649 0.1482 0.0556 0.0505 0.0524 
     H171829  2 0.0764 0.0812 0.0920 0.1151 0.0681 0.0408 0.0943 0.0905 0.1081 0.1291 0.1043 
     H171830  2 0.1095 0.0730 0.0816 0.0949 0.1089 0.0679 0.0794 0.0620 0.1558 0.0848 0.0822 
     H171831  2 0.0721 0.0851 0.1091 0.1290 0.0420 0.0889 0.0788 0.0423 0.1247 0.1388 0.0891 
     H171832  2 0.1062 0.0772 0.1449 0.1291 0.0830 0.0519 0.0785 0.0480 0.0769 0.1193 0.0848 
     H171863  2 0.0917 0.1091 0.1015 0.1637 0.0261 0.0812 0.0668 0.0431 0.0752 0.1402 0.1014 
     H171864  2 0.1071 0.0807 0.0739 0.0874 0.0666 0.1040 0.0731 0.1072 0.1127 0.0883 0.0991 
     H171865  2 0.0642 0.0996 0.0580 0.0635 0.2403 0.0827 0.0562 0.0836 0.0789 0.0720 0.1011 
     H171879  2 0.1520 0.0621 0.0820 0.1004 0.0641 0.0385 0.0829 0.1452 0.1305 0.0806 0.0618 
     H171880  2 0.1842 0.0723 0.0713 0.0815 0.0424 0.0359 0.0762 0.1546 0.1426 0.0717 0.0674 
     H171881  2 0.0740 0.1678 0.0867 0.1049 0.0348 0.0979 0.0885 0.0749 0.0890 0.0929 0.0886 
     H171882  2 0.0420 0.0612 0.0474 0.0455 0.5325 0.0460 0.0458 0.0617 0.0338 0.0426 0.0415 
     H171929  2 0.0913 0.1075 0.0872 0.1018 0.0941 0.1042 0.0726 0.0722 0.0967 0.0957 0.0767 
     H171930  2 0.2183 0.0567 0.0840 0.0793 0.0365 0.0509 0.0754 0.0727 0.1337 0.1072 0.0853 
     H171933  2 0.1319 0.1000 0.0918 0.0881 0.0470 0.0667 0.0827 0.1012 0.1101 0.0923 0.0883 
     H171934  2 0.0827 0.0771 0.1103 0.0744 0.0573 0.1851 0.0978 0.0732 0.0827 0.0872 0.0722 
     H171937  2 0.0940 0.0689 0.1059 0.1514 0.0743 0.0486 0.0784 0.0562 0.0817 0.1440 0.0965 
     H171962  2 0.0814 0.1093 0.1110 0.0980 0.0383 0.1659 0.0822 0.0495 0.0770 0.0997 0.0876 
        H190  2 0.1082 0.1085 0.0924 0.1143 0.0531 0.0691 0.0782 0.0672 0.0934 0.0995 0.1162 
        H191  2 0.0636 0.1204 0.0802 0.1048 0.0557 0.0961 0.0677 0.0771 0.1387 0.0886 0.1071 
        H396  2 0.0615 0.1091 0.0566 0.0705 0.0434 0.3289 0.0602 0.0944 0.0489 0.0716 0.0549 
        H397  2 0.1249 0.0893 0.0882 0.1122 0.0544 0.0826 0.0973 0.0856 0.0812 0.1028 0.0816 
        H398  2 0.0651 0.0774 0.0962 0.1208 0.0732 0.1715 0.0555 0.0665 0.0566 0.1441 0.0732 
        H400  2 0.0691 0.0636 0.0818 0.0825 0.0773 0.2836 0.0717 0.0611 0.0589 0.0779 0.0726 
        H401  2 0.1264 0.0622 0.0522 0.0644 0.0290 0.0336 0.1002 0.0746 0.3359 0.0603 0.0612 
        H402  2 0.0922 0.1029 0.0930 0.0938 0.0300 0.0588 0.0999 0.0885 0.1130 0.0922 0.1357 
        H427  2 0.0755 0.0884 0.0728 0.0740 0.0495 0.2036 0.1167 0.0676 0.1106 0.0847 0.0566 
        H428  2 0.0761 0.0721 0.0582 0.0695 0.0273 0.3740 0.0832 0.0685 0.0613 0.0695 0.0403 
        H497  2 0.0558 0.1258 0.0775 0.0773 0.1443 0.0505 0.0633 0.0528 0.0913 0.0656 0.1957 
        H512  2 0.0949 0.0729 0.0845 0.0871 0.0637 0.0449 0.1441 0.0847 0.1691 0.0818 0.0721 
        H513  2 0.0628 0.1332 0.0647 0.0713 0.0570 0.0384 0.0517 0.0571 0.1669 0.0596 0.2374 
        H514  2 0.0742 0.0964 0.1266 0.1321 0.0691 0.0434 0.1311 0.0423 0.0694 0.1175 0.0978 
        H519  2 0.0726 0.1242 0.0647 0.0691 0.0632 0.0447 0.0602 0.0500 0.1821 0.0643 0.2047 
        H532  2 0.0671 0.0771 0.0915 0.0877 0.0332 0.2554 0.0938 0.0692 0.0820 0.0803 0.0627 
        H543  2 0.1292 0.0896 0.1127 0.0911 0.0366 0.0474 0.1180 0.0759 0.1065 0.0890 0.1041 
        H544  2 0.0731 0.0976 0.1166 0.1073 0.1111 0.0938 0.0595 0.0389 0.0524 0.1481 0.1015 
        H545  2 0.1378 0.0760 0.1016 0.1119 0.0344 0.0700 0.1075 0.0425 0.0997 0.1202 0.0983 
        H546  2 0.0474 0.1481 0.0707 0.0729 0.1702 0.0981 0.0564 0.0774 0.0612 0.0892 0.1084 
        H547  2 0.1270 0.0487 0.0696 0.0635 0.0399 0.0228 0.1202 0.0508 0.3188 0.0724 0.0662 
        H548  2 0.0903 0.0851 0.0828 0.0783 0.0695 0.1658 0.0782 0.0601 0.0969 0.0985 0.0944 
        H549  2 0.0510 0.1681 0.0418 0.0757 0.0313 0.0518 0.0374 0.0753 0.0645 0.0553 0.3479 
        H620  2 0.0402 0.0728 0.0466 0.0404 0.4774 0.0635 0.0496 0.0664 0.0464 0.0487 0.0479 
        H623  2 0.1164 0.1118 0.0947 0.1214 0.0706 0.0463 0.0645 0.0503 0.0998 0.1170 0.1072 
        H624  2 0.0456 0.1364 0.1085 0.0796 0.1465 0.0568 0.0639 0.0517 0.0574 0.0716 0.1820 
        H625  2 0.0711 0.1056 0.0837 0.0855 0.0357 0.2561 0.0663 0.0644 0.0718 0.0757 0.0842 
        H626  2 0.0850 0.0883 0.0724 0.0955 0.0630 0.0674 0.0729 0.0748 0.1443 0.0925 0.1439 
        H654  2 0.0293 0.1203 0.0396 0.0462 0.3072 0.0435 0.0388 0.1253 0.0398 0.0457 0.1644 
        H655  2 0.1035 0.0814 0.1409 0.0810 0.1269 0.0477 0.1145 0.0690 0.0726 0.0712 0.0914 
        H656  2 0.0333 0.0780 0.0452 0.0470 0.4517 0.1187 0.0468 0.0471 0.0392 0.0501 0.0429 
        H666  2 0.1112 0.0687 0.0460 0.0474 0.3699 0.0314 0.0380 0.1368 0.0497 0.0442 0.0567 
        H667  2 0.0664 0.0823 0.1262 0.0750 0.0461 0.0760 0.2020 0.0722 0.0930 0.0787 0.0821 
        H677  2 0.0956 0.0826 0.1105 0.0883 0.0768 0.1153 0.1106 0.0770 0.0823 0.0886 0.0726 
        H693  2 0.0436 0.1352 0.0596 0.0497 0.1157 0.2875 0.0691 0.0607 0.0571 0.0540 0.0678 
        H694  2 0.1583 0.1022 0.0790 0.1012 0.0923 0.0579 0.0547 0.0696 0.0836 0.1062 0.0951 
        H701  2 0.1482 0.0838 0.0894 0.1157 0.0532 0.0537 0.0800 0.0925 0.1074 0.0832 0.0930 
        H702  2 0.0863 0.0940 0.0921 0.0943 0.0603 0.0427 0.1010 0.1261 0.0939 0.0889 0.1202 
        H731  2 0.0875 0.0861 0.0831 0.0812 0.1476 0.0638 0.1278 0.0916 0.0865 0.0701 0.0748 
       H7359  2 0.0955 0.0913 0.0879 0.1194 0.0805 0.0750 0.0932 0.0713 0.0979 0.1008 0.0872 
       H7389  2 0.1037 0.0732 0.0791 0.0980 0.0399 0.1428 0.0651 0.1314 0.0998 0.0859 0.0811 
       H7390  2 0.0544 0.0808 0.0798 0.0732 0.0684 0.0409 0.0678 0.2555 0.0733 0.0661 0.1396 
       H7391  2 0.0927 0.0752 0.0624 0.0631 0.0494 0.2356 0.1148 0.0772 0.1183 0.0590 0.0521 
       H7392  2 0.0752 0.1088 0.0831 0.1200 0.0514 0.0649 0.0660 0.1350 0.0765 0.1191 0.1000 
       H7393  2 0.0891 0.0992 0.0859 0.0847 0.1300 0.0469 0.0921 0.0829 0.1192 0.0733 0.0966 
       H7398  2 0.1154 0.0825 0.0778 0.0779 0.0730 0.1119 0.0923 0.1101 0.1259 0.0762 0.0569 
       H7399  2 0.1002 0.0664 0.1301 0.0948 0.0342 0.0797 0.1771 0.0874 0.0665 0.0900 0.0735 
       H7400  2 0.0343 0.0841 0.0356 0.0371 0.5153 0.0646 0.0369 0.0541 0.0370 0.0432 0.0578 
        H745  2 0.0603 0.0859 0.1397 0.1702 0.0385 0.0583 0.0581 0.0431 0.0746 0.1973 0.0741 
        H746  2 0.0649 0.0837 0.1618 0.0879 0.0415 0.0676 0.1824 0.0520 0.0657 0.0999 0.0927 
        H747  2 0.1092 0.0784 0.0620 0.0769 0.1523 0.0577 0.0594 0.1525 0.0771 0.0764 0.0982 
        H748  2 0.1001 0.0915 0.1002 0.0875 0.0777 0.0419 0.1229 0.0667 0.1276 0.0819 0.1022 
       H7484  2 0.0582 0.0788 0.0551 0.0565 0.3463 0.0734 0.0579 0.0911 0.0747 0.0583 0.0496 
       H7485  2 0.0606 0.1085 0.0972 0.1125 0.0525 0.0611 0.0571 0.0514 0.0999 0.0951 0.2042 
        H749  2 0.0725 0.1214 0.0992 0.0888 0.0380 0.1158 0.0773 0.0496 0.0827 0.0954 0.1593 
        H930  2 0.2164 0.0563 0.0786 0.0987 0.0386 0.0543 0.0649 0.0774 0.1303 0.0948 0.0897 
        H931  2 0.0781 0.0925 0.0816 0.1019 0.0888 0.1624 0.0666 0.0770 0.0861 0.1018 0.0632 
        H932  2 0.0951 0.0715 0.0935 0.1011 0.0578 0.0724 0.0811 0.1470 0.1007 0.1014 0.0785 
        H111  3 0.1087 0.0742 0.1012 0.1283 0.0444 0.0390 0.0792 0.0544 0.1094 0.1300 0.1312 
        H951  3 0.0872 0.0749 0.0821 0.1149 0.0489 0.1020 0.0875 0.0453 0.1667 0.1047 0.0857 
        H952  3 0.1608 0.0628 0.0920 0.1064 0.0517 0.0640 0.0867 0.1388 0.0633 0.0940 0.0796 
        H953  3 0.0822 0.0534 0.0488 0.0605 0.0355 0.3190 0.0637 0.0879 0.1432 0.0589 0.0469 
        H954  3 0.0798 0.0923 0.0837 0.0876 0.1851 0.0578 0.0807 0.0971 0.0691 0.0705 0.0963 
        H955  3 0.1320 0.0806 0.0960 0.1248 0.0328 0.0450 0.0791 0.0720 0.1201 0.1146 0.1030 
        H956  3 0.2191 0.0517 0.0693 0.0616 0.0439 0.0459 0.0601 0.2411 0.0561 0.0676 0.0835 
       H9563  3 0.0932 0.1240 0.0672 0.0711 0.0744 0.1110 0.0749 0.0944 0.1570 0.0721 0.0607 
        H002  4 0.0448 0.0759 0.1172 0.0898 0.2353 0.0428 0.1097 0.0556 0.0456 0.0985 0.0847 
        H003  4 0.0643 0.0669 0.1467 0.0941 0.0367 0.0719 0.2372 0.0536 0.0598 0.0982 0.0708 
        H009  4 0.1075 0.0800 0.1414 0.1266 0.0481 0.0489 0.0627 0.0668 0.0771 0.1109 0.1300 
        H010  4 0.0908 0.1226 0.1053 0.0907 0.0419 0.0727 0.1105 0.0784 0.0975 0.1020 0.0875 
        H011  4 0.0468 0.1544 0.0676 0.0643 0.1446 0.1511 0.0710 0.0802 0.0655 0.0663 0.0882 
        H012  4 0.0961 0.0937 0.1149 0.0955 0.0755 0.0658 0.1345 0.0493 0.1070 0.0906 0.0772 
        H013  4 0.0602 0.0773 0.1003 0.0824 0.1388 0.0966 0.1452 0.0720 0.0715 0.0764 0.0792 
        H014  4 0.0894 0.1468 0.1011 0.0906 0.0530 0.0399 0.1110 0.0608 0.1051 0.0904 0.1118 
        H045  4 0.0804 0.1048 0.0512 0.0619 0.0863 0.2536 0.0535 0.1027 0.0866 0.0593 0.0597 
        H046  4 0.0728 0.0853 0.1055 0.1235 0.0421 0.1147 0.1287 0.0542 0.0671 0.1298 0.0762 
        H051  4 0.0659 0.1101 0.0885 0.0870 0.1320 0.1405 0.0868 0.0698 0.0698 0.0728 0.0768 
        H052  4 0.0635 0.0890 0.0694 0.0933 0.2805 0.0884 0.0526 0.0561 0.0710 0.0838 0.0524 
        H053  4 0.0916 0.0794 0.0872 0.0928 0.0740 0.0412 0.1084 0.1537 0.0940 0.0898 0.0880 
        H056  4 0.0502 0.1053 0.0803 0.0884 0.2599 0.0663 0.0584 0.0491 0.0949 0.0735 0.0736 
        H076  4 0.0735 0.1130 0.1023 0.1229 0.0395 0.0634 0.1029 0.0583 0.1227 0.1248 0.0768 
        H151  4 0.0481 0.0893 0.0993 0.0832 0.1214 0.0382 0.0964 0.1637 0.0675 0.0726 0.1204 
        H152  4 0.0611 0.0573 0.1155 0.0890 0.2212 0.0829 0.1038 0.0528 0.0549 0.0991 0.0623 
     H171803  4 0.0502 0.0881 0.0900 0.0599 0.0522 0.0735 0.0820 0.1950 0.0654 0.0598 0.1839 
     H171804  4 0.0824 0.0961 0.0675 0.0790 0.0948 0.0718 0.0821 0.1369 0.0960 0.0876 0.1057 
     H171833  4 0.0657 0.1069 0.1127 0.1825 0.0384 0.0432 0.0927 0.0410 0.0690 0.1514 0.0966 
     H171855  4 0.0469 0.0765 0.0858 0.0834 0.2060 0.0372 0.0640 0.1505 0.0737 0.0839 0.0921 
     H171856  4 0.1044 0.0915 0.0769 0.0756 0.0482 0.0580 0.0537 0.1645 0.0743 0.0821 0.1708 
     H171857  4 0.0644 0.0862 0.0728 0.0904 0.1247 0.0531 0.0769 0.1551 0.0951 0.0972 0.0840 
     H171858  4 0.0841 0.0572 0.1087 0.1115 0.1340 0.0510 0.1124 0.0827 0.0780 0.1083 0.0721 
     H171859  4 0.0855 0.0848 0.0993 0.1002 0.0744 0.0669 0.1013 0.1109 0.1042 0.1058 0.0666 
     H171961  4 0.0565 0.1098 0.0715 0.0850 0.1167 0.1478 0.0772 0.0743 0.0746 0.0832 0.1034 
        H198  4 0.0951 0.0858 0.0963 0.1183 0.0314 0.0785 0.1779 0.0475 0.0874 0.1064 0.0753 
      H20001  4 0.0683 0.0808 0.1188 0.1188 0.0341 0.0403 0.0924 0.0390 0.1111 0.1218 0.1745 
        H403  4 0.0655 0.0960 0.0874 0.0869 0.0739 0.0557 0.0723 0.1211 0.1185 0.1069 0.1158 
        H404  4 0.0754 0.0660 0.1476 0.0976 0.0466 0.1129 0.1648 0.0458 0.0737 0.0973 0.0723 
        H405  4 0.0754 0.0815 0.1216 0.1074 0.0535 0.0835 0.1247 0.0519 0.1021 0.1303 0.0679 
        H406  4 0.0864 0.0760 0.0674 0.1000 0.0966 0.0314 0.0680 0.0638 0.2243 0.1083 0.0777 
        H407  4 0.0954 0.0777 0.0740 0.0791 0.0405 0.0987 0.0727 0.1800 0.1082 0.0846 0.0891 
        H410  4 0.1196 0.0477 0.0502 0.0585 0.0330 0.0626 0.0911 0.1197 0.3034 0.0683 0.0458 
        H411  4 0.0977 0.0850 0.1104 0.1118 0.0664 0.0298 0.1221 0.0335 0.1416 0.1133 0.0883 
        H468  4 0.1014 0.0672 0.0959 0.1135 0.0417 0.0348 0.0600 0.1316 0.0895 0.1222 0.1422 
        H476  4 0.1078 0.1163 0.0829 0.0924 0.0985 0.0388 0.0717 0.0852 0.0924 0.0978 0.1162 
        H477  4 0.1109 0.0885 0.1111 0.1335 0.0257 0.0587 0.0816 0.0763 0.0919 0.1258 0.0959 
        H478  4 0.0661 0.1040 0.1132 0.0854 0.0600 0.0839 0.1472 0.0390 0.0822 0.0736 0.1454 
        H479  4 0.0680 0.0826 0.0822 0.0814 0.1662 0.1520 0.0823 0.0784 0.0551 0.0943 0.0576 
        H480  4 0.1107 0.0738 0.1429 0.1069 0.0459 0.0363 0.1139 0.0631 0.1012 0.1050 0.1002 
        H498  4 0.0774 0.0893 0.1057 0.1050 0.0772 0.0445 0.1566 0.0550 0.0756 0.1064 0.1072 
        H499  4 0.0679 0.0738 0.1048 0.0929 0.0731 0.1422 0.1071 0.0535 0.0824 0.0936 0.1087 
        H500  4 0.0724 0.0787 0.0823 0.0684 0.1392 0.0749 0.1077 0.1216 0.0611 0.0737 0.1201 
        H515  4 0.0751 0.0953 0.1026 0.0880 0.1334 0.0464 0.1132 0.0836 0.0994 0.0720 0.0909 
        H516  4 0.1331 0.0747 0.0918 0.1117 0.0855 0.0349 0.0846 0.1119 0.0873 0.1087 0.0758 
        H517  4 0.1068 0.0583 0.0919 0.0862 0.0615 0.0470 0.0958 0.1507 0.1580 0.0808 0.0629 
        H518  4 0.0973 0.1020 0.0828 0.1092 0.1715 0.0534 0.0558 0.0785 0.0648 0.1070 0.0778 
        H520  4 0.0698 0.0964 0.0624 0.0954 0.0864 0.0385 0.0711 0.1789 0.0761 0.0951 0.1299 
        H521  4 0.0747 0.1006 0.1031 0.0932 0.0363 0.1510 0.0609 0.0959 0.0808 0.0982 0.1053 
        H522  4 0.0869 0.0834 0.1073 0.0992 0.0469 0.0644 0.0866 0.1203 0.0853 0.0856 0.1341 
        H523  4 0.1571 0.0740 0.1045 0.0887 0.0813 0.0366 0.0868 0.1278 0.0684 0.0923 0.0824 
        H536  4 0.0627 0.0792 0.0996 0.0934 0.0571 0.1797 0.0977 0.0583 0.0637 0.1426 0.0658 
        H645  4 0.0457 0.0745 0.0591 0.0523 0.0642 0.3908 0.0794 0.0668 0.0616 0.0552 0.0504 
        H646  4 0.2216 0.0708 0.0707 0.0940 0.0332 0.0513 0.0490 0.1877 0.0721 0.0872 0.0623 
        H647  4 0.0761 0.1138 0.0712 0.1193 0.0535 0.0768 0.0646 0.0761 0.0968 0.1111 0.1407 
        H657  4 0.0907 0.0669 0.0939 0.1023 0.0352 0.0563 0.1192 0.1011 0.1190 0.1329 0.0826 
        H658  4 0.1830 0.0691 0.0705 0.0794 0.0540 0.0611 0.0650 0.1462 0.0834 0.0882 0.1002 
        H659  4 0.0349 0.0992 0.0669 0.0555 0.1198 0.0316 0.0684 0.2033 0.0630 0.0551 0.2023 
        H660  4 0.0679 0.1134 0.0988 0.1093 0.1057 0.0900 0.0761 0.0534 0.0725 0.0873 0.1256 
        H661  4 0.0483 0.1015 0.1137 0.0838 0.0887 0.0418 0.0582 0.1017 0.1012 0.0882 0.1729 
        H668  4 0.0676 0.1078 0.1112 0.0862 0.0605 0.0611 0.2524 0.0434 0.0688 0.0741 0.0669 
        H669  4 0.1096 0.0993 0.0867 0.0834 0.0944 0.0710 0.0937 0.0966 0.0942 0.0899 0.0813 
        H670  4 0.0534 0.0855 0.1115 0.0594 0.1142 0.1497 0.2083 0.0536 0.0605 0.0542 0.0497 
        H678  4 0.0790 0.0860 0.0842 0.0992 0.0462 0.0536 0.0912 0.0921 0.1398 0.0925 0.1362 
        H679  4 0.1788 0.0664 0.0713 0.0925 0.0561 0.0735 0.0641 0.1163 0.1181 0.0804 0.0827 
        H680  4 0.0623 0.0691 0.0960 0.1107 0.0393 0.0554 0.0874 0.1098 0.1115 0.1232 0.1354 
        H681  4 0.0674 0.0773 0.1126 0.0749 0.1550 0.1157 0.1405 0.0530 0.0604 0.0756 0.0676 
        H682  4 0.1380 0.0751 0.0911 0.0867 0.0391 0.0441 0.1176 0.1195 0.1099 0.0803 0.0985 
        H683  4 0.0917 0.0797 0.0789 0.1140 0.1971 0.0436 0.0465 0.0870 0.0839 0.0908 0.0866 
        H718  4 0.0986 0.0844 0.0448 0.0498 0.3272 0.0793 0.0452 0.1126 0.0456 0.0596 0.0529 
        H719  4 0.0721 0.1884 0.0577 0.0594 0.0569 0.2054 0.0508 0.0848 0.0734 0.0629 0.0882 
        H720  4 0.0484 0.1067 0.0748 0.0875 0.1322 0.1050 0.0482 0.0439 0.0769 0.0977 0.1787 
        H721  4 0.0645 0.0896 0.1075 0.1081 0.1107 0.0857 0.0782 0.0751 0.0780 0.1027 0.0998 
        H722  4 0.0676 0.0775 0.0978 0.1084 0.1655 0.0516 0.0537 0.0769 0.0662 0.1318 0.1030 
        H723  4 0.0725 0.0860 0.0757 0.0725 0.1799 0.0685 0.0865 0.0901 0.1236 0.0738 0.0709 
        H724  4 0.0691 0.0958 0.0455 0.0522 0.1422 0.0773 0.0442 0.2518 0.0646 0.0598 0.0975 
        H725  4 0.0519 0.1089 0.0557 0.0804 0.2180 0.0411 0.0634 0.1528 0.0695 0.0729 0.0855 
        H726  4 0.0675 0.0849 0.0799 0.0794 0.2692 0.0472 0.0898 0.0632 0.0860 0.0688 0.0641 
        H727  4 0.0791 0.1067 0.0803 0.0630 0.0949 0.0981 0.0951 0.1438 0.0903 0.0804 0.0683 
        H910  4 0.1053 0.0773 0.1039 0.0679 0.1236 0.0763 0.1012 0.0984 0.1018 0.0709 0.0734 
        H911  4 0.0997 0.0799 0.0754 0.1026 0.0596 0.0494 0.0780 0.1004 0.1641 0.1157 0.0754 
        H912  4 0.0725 0.0769 0.0869 0.1043 0.0967 0.0507 0.0862 0.0782 0.1313 0.0936 0.1224 
        H913  4 0.1512 0.0655 0.0705 0.0808 0.0589 0.0494 0.0746 0.1829 0.0775 0.0703 0.1184 
        H914  4 0.0709 0.0788 0.0926 0.0645 0.1029 0.1072 0.1024 0.1563 0.0723 0.0610 0.0911 
        H915  4 0.1053 0.0953 0.0785 0.0906 0.0676 0.0425 0.0840 0.0913 0.1462 0.0948 0.1038 
        H916  4 0.1187 0.0730 0.0890 0.1026 0.0736 0.0528 0.0939 0.0670 0.1154 0.0975 0.1165 
       H9572  4 0.0680 0.1988 0.0603 0.0515 0.0473 0.0486 0.0447 0.1133 0.1213 0.0508 0.1954 
        H015  5 0.1075 0.1688 0.0824 0.0981 0.0361 0.0543 0.0621 0.0487 0.1071 0.0903 0.1445 
        H016  5 0.0710 0.0846 0.1125 0.1547 0.0625 0.0691 0.0740 0.0540 0.0667 0.1769 0.0738 
        H017  5 0.0914 0.1024 0.1317 0.0909 0.0622 0.0294 0.0875 0.0852 0.0720 0.0816 0.1657 
        H019  5 0.0827 0.1343 0.0993 0.1124 0.0920 0.0669 0.0785 0.0455 0.0751 0.1189 0.0943 
        H020  5 0.1067 0.0568 0.0775 0.0665 0.0818 0.2803 0.0575 0.0850 0.0441 0.0738 0.0700 
        H032  5 0.1028 0.0731 0.0821 0.0969 0.1255 0.0348 0.1005 0.1111 0.1006 0.1006 0.0719 
        H033  5 0.1177 0.0939 0.1056 0.0966 0.0445 0.0815 0.1204 0.0892 0.0738 0.0817 0.0953 
        H034  5 0.0624 0.1204 0.1006 0.0665 0.1669 0.0545 0.1286 0.0931 0.0726 0.0617 0.0730 
        H035  5 0.0915 0.0668 0.0911 0.0961 0.0435 0.0689 0.0880 0.1471 0.0868 0.1026 0.1176 
        H036  5 0.1308 0.0831 0.0778 0.1066 0.0405 0.0995 0.0669 0.1060 0.1102 0.0979 0.0805 
        H037  5 0.0800 0.1055 0.0849 0.0722 0.0597 0.0899 0.0899 0.1502 0.0803 0.0671 0.1202 
        H048  5 0.0500 0.1008 0.0444 0.0651 0.1053 0.1829 0.0458 0.2022 0.0708 0.0571 0.0755 
        H049  5 0.1203 0.0846 0.1029 0.1117 0.0655 0.0782 0.0655 0.0708 0.0922 0.1235 0.0849 
        H054  5 0.0749 0.0660 0.0958 0.0901 0.0809 0.0582 0.0875 0.1143 0.1242 0.1461 0.0623 
        H055  5 0.0445 0.1009 0.1377 0.0840 0.1044 0.0674 0.1517 0.0640 0.0879 0.0936 0.0640 
        H057  5 0.0646 0.0820 0.1360 0.1366 0.0771 0.0529 0.0780 0.0481 0.0528 0.1865 0.0857 
        H060  5 0.0515 0.0511 0.2021 0.0726 0.1979 0.0643 0.1506 0.0406 0.0464 0.0677 0.0550 
        H061  5 0.0829 0.0945 0.1032 0.1098 0.0469 0.1086 0.1513 0.0656 0.0760 0.0869 0.0743 
        H064  5 0.0614 0.0960 0.1116 0.0957 0.1431 0.0843 0.0744 0.0712 0.0710 0.1012 0.0900 
        H070  5 0.0678 0.0618 0.1688 0.0601 0.1949 0.0524 0.1610 0.0562 0.0588 0.0595 0.0588 
        H077  5 0.0490 0.0996 0.0664 0.0684 0.3632 0.0345 0.0727 0.0460 0.0653 0.0626 0.0724 
        H078  5 0.0818 0.0799 0.0954 0.0998 0.0833 0.0360 0.0800 0.1213 0.0893 0.0977 0.1355 
