        H102  1 0.3199 0.2823 0.3978 
        H103  1 0.3176 0.4780 0.2043 
        H104  1 0.3553 0.2123 0.4325 
        H105  1 0.4059 0.2864 0.3077 
        H106  1 0.3150 0.3306 0.3543 
        H112  1 0.3243 0.2544 0.4213 
        H113  1 0.4737 0.2565 0.2699 
        H114  1 0.4961 0.2765 0.2273 
        H115  1 0.3947 0.2171 0.3882 
        H143  1 0.3849 0.3296 0.2856 
        H144  1 0.3452 0.4594 0.1954 
        H145  1 0.3318 0.4570 0.2112 
        H149  1 0.2831 0.2392 0.4777 
        H150  1 0.3432 0.3351 0.3216 
     H167542  1 0.4706 0.2583 0.2711 
     H169604  1 0.4143 0.2997 0.2860 
     H169607  1 0.3832 0.3785 0.2382 
     H169608  1 0.2482 0.2741 0.4777 
     H169633  1 0.4711 0.3148 0.2141 
     H169688  1 0.2498 0.4806 0.2696 
     H169714  1 0.3049 0.3003 0.3948 
     H171802  1 0.2893 0.2962 0.4146 
     H171805  1 0.3572 0.3813 0.2615 
     H171807  1 0.2820 0.3267 0.3914 
     H171814  1 0.3633 0.4314 0.2053 
     H171816  1 0.3046 0.2974 0.3980 
     H171817  1 0.3423 0.2586 0.3992 
     H171818  1 0.3680 0.3243 0.3077 
     H171819  1 0.3361 0.3161 0.3477 
     H171834  1 0.3472 0.3284 0.3245 
     H171835  1 0.2819 0.2295 0.4886 
     H171836  1 0.4473 0.3802 0.1725 
     H171837  1 0.3699 0.2516 0.3785 
     H171838  1 0.3158 0.4198 0.2644 
     H171839  1 0.3907 0.2387 0.3706 
     H171841  1 0.1934 0.2955 0.5111 
     H171860  1 0.3963 0.2806 0.3231 
     H171861  1 0.4636 0.3546 0.1818 
     H171862  1 0.3340 0.3422 0.3238 
     H171868  1 0.4394 0.2670 0.2936 
     H171869  1 0.2865 0.4607 0.2528 
     H171870  1 0.2752 0.3769 0.3479 
     H171871  1 0.3190 0.4214 0.2596 
     H171872  1 0.3699 0.2502 0.3799 
     H171873  1 0.2775 0.3723 0.3502 
     H171874  1 0.3364 0.3965 0.2672 
     H171875  1 0.4654 0.3500 0.1846 
     H171876  1 0.3787 0.3589 0.2623 
     H171877  1 0.4703 0.2327 0.2970 
     H171878  1 0.2302 0.3965 0.3733 
     H171901  1 0.2855 0.2839 0.4306 
     H171902  1 0.2870 0.3679 0.3451 
     H171903  1 0.3697 0.3199 0.3104 
     H171935  1 0.2354 0.3537 0.4109 
     H171936  1 0.4580 0.2999 0.2421 
     H171940  1 0.3017 0.2940 0.4043 
     H171945  1 0.2952 0.3754 0.3294 
     H171948  1 0.3323 0.2826 0.3851 
     H171949  1 0.2516 0.2493 0.4991 
     H171950  1 0.2349 0.2329 0.5322 
     H171963  1 0.2985 0.4771 0.2244 
     H171964  1 0.2663 0.4823 0.2514 
     H171966  1 0.2966 0.3729 0.3305 
     H171968  1 0.2839 0.3244 0.3917 
     H171971  1 0.2725 0.3995 0.3281 
     H171972  1 0.3133 0.4538 0.2329 
     H171977  1 0.3158 0.4494 0.2349 
     H171978  1 0.2522 0.3580 0.3897 
     H171979  1 0.3829 0.4045 0.2126 
        H176  1 0.3978 0.3152 0.2870 
        H177  1 0.2699 0.2304 0.4997 
        H179  1 0.3591 0.2141 0.4268 
        H181  1 0.3411 0.4196 0.2393 
        H182  1 0.3945 0.4070 0.1985 
        H183  1 0.2751 0.4679 0.2570 
        H184  1 0.3245 0.2900 0.3855 
        H185  1 0.4032 0.3749 0.2219 
        H186  1 0.2689 0.3810 0.3500 
        H187  1 0.3385 0.3402 0.3212 
        H188  1 0.3816 0.2364 0.3820 
        H192  1 0.2803 0.2783 0.4414 
        H193  1 0.3180 0.4585 0.2235 
        H194  1 0.3779 0.2750 0.3470 
        H195  1 0.2499 0.5308 0.2193 
        H199  1 0.2766 0.4696 0.2537 
        H200  1 0.3277 0.2895 0.3828 
        H414  1 0.3270 0.3785 0.2945 
        H415  1 0.4293 0.3216 0.2492 
        H422  1 0.2721 0.3577 0.3702 
        H423  1 0.2138 0.2186 0.5676 
        H424  1 0.3561 0.4179 0.2260 
        H425  1 0.2890 0.4641 0.2469 
        H426  1 0.2227 0.5068 0.2705 
        H443  1 0.3215 0.4339 0.2446 
        H466  1 0.3241 0.3335 0.3423 
        H467  1 0.2400 0.2712 0.4888 
        H472  1 0.3485 0.3174 0.3341 
        H483  1 0.3930 0.3591 0.2479 
        H504  1 0.3001 0.4744 0.2256 
        H505  1 0.3167 0.2851 0.3983 
        H506  1 0.3051 0.3731 0.3219 
        H507  1 0.4114 0.4065 0.1821 
        H508  1 0.2902 0.3482 0.3616 
        H524  1 0.4527 0.3294 0.2178 
        H525  1 0.3509 0.3750 0.2742 
        H526  1 0.4838 0.2596 0.2565 
        H527  1 0.2862 0.3031 0.4107 
        H528  1 0.4133 0.3707 0.2160 
        H529  1 0.4070 0.3922 0.2008 
        H533  1 0.4015 0.3891 0.2094 
        H538  1 0.3740 0.2772 0.3489 
        H539  1 0.2860 0.4272 0.2868 
        H540  1 0.3743 0.3074 0.3183 
        H541  1 0.4253 0.2764 0.2984 
        H558  1 0.2390 0.4964 0.2646 
        H559  1 0.3419 0.3356 0.3225 
        H579  1 0.3376 0.4103 0.2522 
        H584  1 0.3095 0.4360 0.2545 
        H585  1 0.3670 0.3655 0.2675 
        H605  1 0.3238 0.3008 0.3755 
        H606  1 0.2770 0.2228 0.5002 
        H632  1 0.2923 0.4693 0.2384 
        H634  1 0.3432 0.3711 0.2857 
        H671  1 0.2635 0.2458 0.4907 
        H672  1 0.3766 0.3165 0.3069 
        H673  1 0.3513 0.3909 0.2578 
        H689  1 0.3570 0.3839 0.2591 
        H690  1 0.3736 0.2288 0.3976 
        H691  1 0.4220 0.2828 0.2952 
        H692  1 0.4041 0.4395 0.1563 
        H709  1 0.3663 0.3485 0.2852 
        H710  1 0.3641 0.4490 0.1869 
       H7355  1 0.5079 0.2683 0.2239 
       H7356  1 0.3165 0.3729 0.3107 
       H7357  1 0.3578 0.2618 0.3804 
       H7358  1 0.4014 0.3549 0.2437 
       H7380  1 0.3674 0.3532 0.2794 
       H7381  1 0.2482 0.3459 0.4058 
       H7382  1 0.3680 0.3626 0.2694 
        H904  1 0.2364 0.1789 0.5847 
        H923  1 0.3358 0.3324 0.3318 
        H924  1 0.3160 0.3077 0.3763 
        H925  1 0.4411 0.3002 0.2587 
       H9558  1 0.2247 0.5324 0.2429 
        H008  2 0.4690 0.3346 0.1963 
        H021  2 0.3204 0.2585 0.4211 
        H023  2 0.3253 0.2586 0.4161 
        H024  2 0.3702 0.4375 0.1923 
        H025  2 0.2473 0.3356 0.4171 
        H026  2 0.3138 0.4666 0.2196 
        H027  2 0.4374 0.2859 0.2767 
        H028  2 0.3492 0.3842 0.2666 
        H029  2 0.4150 0.3438 0.2412 
        H030  2 0.3142 0.4718 0.2140 
        H038  2 0.2808 0.3115 0.4077 
        H039  2 0.1763 0.1667 0.6570 
        H040  2 0.2744 0.3006 0.4250 
        H041  2 0.4795 0.2519 0.2687 
        H042  2 0.3416 0.2954 0.3630 
        H043  2 0.1978 0.3319 0.4702 
        H044  2 0.3174 0.4400 0.2425 
        H047  2 0.2411 0.3641 0.3948 
        H050  2 0.3539 0.4015 0.2445 
        H058  2 0.2722 0.3489 0.3789 
        H062  2 0.3164 0.2655 0.4180 
        H063  2 0.2974 0.2559 0.4467 
        H065  2 0.2597 0.4173 0.3229 
        H066  2 0.3095 0.3971 0.2934 
        H067  2 0.3957 0.3197 0.2847 
        H068  2 0.2407 0.2861 0.4732 
        H069  2 0.2835 0.4188 0.2978 
        H071  2 0.3012 0.2708 0.4280 
        H072  2 0.2657 0.2226 0.5116 
        H073  2 0.3828 0.3587 0.2585 
        H081  2 0.4474 0.2316 0.3210 
        H082  2 0.3445 0.4551 0.2004 
        H083  2 0.2976 0.4753 0.2271 
        H084  2 0.3385 0.3120 0.3495 
        H085  2 0.4852 0.2443 0.2705 
        H087  2 0.4474 0.2439 0.3088 
        H088  2 0.3289 0.2475 0.4236 
        H089  2 0.4375 0.2959 0.2665 
        H090  2 0.3921 0.3805 0.2274 
        H091  2 0.4777 0.3187 0.2037 
        H098  2 0.4098 0.3213 0.2688 
      H10001  2 0.1729 0.1713 0.6559 
      H10002  2 0.3253 0.2351 0.4397 
        H101  2 0.3525 0.3923 0.2552 
        H108  2 0.3349 0.2184 0.4467 
        H109  2 0.3203 0.3174 0.3622 
        H110  2 0.4896 0.2677 0.2427 
        H116  2 0.3159 0.4264 0.2577 
        H117  2 0.5181 0.2569 0.2249 
        H118  2 0.4161 0.4037 0.1801 
        H119  2 0.3492 0.2695 0.3813 
        H120  2 0.2747 0.1907 0.5346 
        H121  2 0.4347 0.3502 0.2152 
        H125  2 0.1909 0.1715 0.6376 
        H126  2 0.2829 0.4450 0.2721 
        H128  2 0.3600 0.5056 0.1344 
        H129  2 0.2827 0.5151 0.2021 
        H130  2 0.1885 0.3487 0.4629 
        H133  2 0.2092 0.2560 0.5347 
        H134  2 0.2320 0.5653 0.2027 
        H135  2 0.3907 0.2737 0.3356 
        H137  2 0.3827 0.3136 0.3037 
        H138  2 0.2712 0.4928 0.2360 
        H140  2 0.3556 0.3390 0.3055 
        H146  2 0.3986 0.3540 0.2474 
        H147  2 0.4706 0.2879 0.2415 
        H148  2 0.4933 0.2473 0.2594 
     H166022  2 0.4366 0.3482 0.2152 
     H167359  2 0.3440 0.3548 0.3012 
     H167397  2 0.4536 0.3976 0.1488 
     H167428  2 0.4690 0.3661 0.1648 
     H167496  2 0.3111 0.2079 0.4810 
     H167513  2 0.2949 0.3819 0.3232 
     H167545  2 0.3210 0.4463 0.2327 
     H167547  2 0.3367 0.4584 0.2049 
     H169621  2 0.3818 0.3839 0.2343 
     H169622  2 0.3693 0.3990 0.2317 
     H169750  2 0.2379 0.3672 0.3949 
     H171806  2 0.3268 0.3199 0.3533 
     H171808  2 0.3395 0.3704 0.2901 
     H171809  2 0.3853 0.2723 0.3424 
     H171813  2 0.2816 0.4017 0.3167 
     H171815  2 0.2120 0.2700 0.5180 
     H171824  2 0.3497 0.2049 0.4453 
     H171825  2 0.3437 0.3707 0.2856 
     H171826  2 0.3584 0.2740 0.3676 
     H171827  2 0.3387 0.3194 0.3419 
     H171828  2 0.2612 0.1716 0.5672 
     H171829  2 0.2678 0.4048 0.3274 
     H171830  2 0.3699 0.3141 0.3161 
     H171831  2 0.3296 0.4667 0.2037 
     H171832  2 0.3090 0.4136 0.2773 
     H171863  2 0.2944 0.5209 0.1847 
     H171864  2 0.4384 0.2770 0.2846 
     H171865  2 0.2543 0.2644 0.4813 
     H171879  2 0.3816 0.3300 0.2883 
     H171880  2 0.4318 0.3070 0.2612 
     H171881  2 0.3921 0.3298 0.2781 
     H171882  2 0.2186 0.2043 0.5772 
     H171929  2 0.3946 0.3163 0.2891 
     H171930  2 0.3304 0.4651 0.2045 
     H171933  2 0.3855 0.3259 0.2887 
     H171934  2 0.4258 0.2735 0.3007 
     H171937  2 0.2819 0.4718 0.2463 
     H171962  2 0.3797 0.3573 0.2629 
        H190  2 0.3814 0.3611 0.2576 
        H191  2 0.3423 0.3486 0.3091 
        H396  2 0.3939 0.2851 0.3209 
        H397  2 0.3623 0.3553 0.2824 
        H398  2 0.2864 0.3675 0.3461 
        H400  2 0.3926 0.3076 0.2999 
        H401  2 0.3984 0.4423 0.1593 
        H402  2 0.4376 0.3400 0.2224 
        H427  2 0.4341 0.2751 0.2908 
        H428  2 0.4790 0.3566 0.1644 
        H497  2 0.2747 0.3415 0.3838 
        H512  2 0.3817 0.3166 0.3017 
        H513  2 0.2971 0.3792 0.3237 
        H514  2 0.2693 0.4469 0.2839 
        H519  2 0.3157 0.3606 0.3237 
        H532  2 0.4643 0.2993 0.2363 
        H543  2 0.4447 0.3214 0.2338 
        H544  2 0.2194 0.4576 0.3230 
        H545  2 0.2917 0.4904 0.2179 
        H546  2 0.2480 0.3098 0.4423 
        H547  2 0.3307 0.4667 0.2026 
        H548  2 0.4451 0.2834 0.2715 
        H549  2 0.2840 0.4406 0.2753 
        H620  2 0.2298 0.1925 0.5777 
        H623  2 0.2928 0.4484 0.2588 
        H624  2 0.1807 0.4125 0.4069 
        H625  2 0.3962 0.3323 0.2715 
        H626  2 0.3617 0.3128 0.3255 
        H654  2 0.1689 0.2112 0.6199 
        H655  2 0.2757 0.3150 0.4092 
        H656  2 0.2518 0.2133 0.5349 
        H666  2 0.1907 0.2349 0.5744 
        H667  2 0.3951 0.3148 0.2902 
        H677  2 0.3921 0.3267 0.2812 
        H693  2 0.3263 0.2070 0.4667 
        H694  2 0.3298 0.4089 0.2612 
        H701  2 0.3939 0.3518 0.2543 
        H702  2 0.3361 0.2952 0.3687 
        H731  2 0.3295 0.2700 0.4005 
       H7359  2 0.3426 0.3507 0.3067 
       H7389  2 0.3740 0.3459 0.2801 
       H7390  2 0.2339 0.2498 0.5163 
       H7391  2 0.5386 0.2130 0.2484 
       H7392  2 0.2868 0.3700 0.3432 
       H7393  2 0.3164 0.2861 0.3975 
       H7398  2 0.4690 0.2379 0.2932 
       H7399  2 0.3849 0.3867 0.2284 
       H7400  2 0.1921 0.2074 0.6006 
        H745  2 0.2602 0.5259 0.2139 
        H746  2 0.3578 0.4066 0.2356 
        H747  2 0.2879 0.2549 0.4572 
        H748  2 0.3258 0.3394 0.3348 
       H7484  2 0.2575 0.2317 0.5108 
       H7485  2 0.3072 0.4285 0.2643 
        H749  2 0.3489 0.4077 0.2434 
        H930  2 0.3606 0.4233 0.2161 
        H931  2 0.3927 0.3143 0.2931 
        H932  2 0.3524 0.3181 0.3296 
        H111  3 0.3079 0.4498 0.2423 
        H951  3 0.3666 0.4033 0.2301 
        H952  3 0.2977 0.3926 0.3098 
        H953  3 0.4750 0.3006 0.2244 
        H954  3 0.2513 0.2428 0.5060 
        H955  3 0.3362 0.4413 0.2225 
        H956  3 0.3791 0.2665 0.3543 
       H9563  3 0.3920 0.2574 0.3507 
        H002  4 0.2090 0.3377 0.4532 
        H003  4 0.4104 0.3546 0.2350 
        H009  4 0.2850 0.4654 0.2496 
        H010  4 0.3772 0.3263 0.2966 
        H011  4 0.2662 0.2168 0.5170 
        H012  4 0.4629 0.2984 0.2387 
        H013  4 0.3682 0.2674 0.3643 
        H014  4 0.2983 0.3780 0.3237 
        H045  4 0.4035 0.2394 0.3571 
        H046  4 0.3691 0.4007 0.2302 
        H051  4 0.3370 0.2407 0.4224 
        H052  4 0.2360 0.3461 0.4179 
        H053  4 0.3001 0.3034 0.3965 
        H056  4 0.2445 0.2980 0.4575 
        H076  4 0.3762 0.3939 0.2299 
        H151  4 0.1908 0.2573 0.5519 
        H152  4 0.2269 0.3454 0.4277 
     H171803  4 0.2998 0.2663 0.4339 
     H171804  4 0.3373 0.2653 0.3975 
     H171833  4 0.2663 0.4958 0.2379 
     H171855  4 0.2014 0.3013 0.4973 
     H171856  4 0.3339 0.3233 0.3428 
     H171857  4 0.2557 0.3135 0.4308 
     H171858  4 0.3333 0.3482 0.3185 
     H171859  4 0.3230 0.3223 0.3547 
     H171961  4 0.3010 0.2623 0.4367 
        H198  4 0.3892 0.4173 0.1935 
      H20001  4 0.2388 0.5076 0.2536 
        H403  4 0.3018 0.3439 0.3543 
        H404  4 0.3999 0.3620 0.2381 
        H405  4 0.4234 0.3475 0.2291 
        H406  4 0.2712 0.4536 0.2752 
        H407  4 0.3628 0.2772 0.3600 
        H410  4 0.4839 0.3170 0.1991 
        H411  4 0.2592 0.4881 0.2527 
        H468  4 0.2425 0.4502 0.3072 
        H476  4 0.2633 0.3605 0.3762 
        H477  4 0.2304 0.5355 0.2341 
        H478  4 0.3895 0.3716 0.2388 
        H479  4 0.3312 0.2667 0.4021 
        H480  4 0.3189 0.4547 0.2263 
        H498  4 0.3337 0.3629 0.3035 
        H499  4 0.3289 0.3407 0.3304 
        H500  4 0.3026 0.2202 0.4772 
        H515  4 0.3110 0.2843 0.4046 
        H516  4 0.2888 0.3764 0.3348 
        H517  4 0.3754 0.3206 0.3040 
        H518  4 0.2448 0.3493 0.4059 
        H520  4 0.2546 0.2957 0.4497 
        H521  4 0.3894 0.3303 0.2803 
        H522  4 0.3094 0.3296 0.3610 
        H523  4 0.3290 0.3067 0.3643 
        H536  4 0.3784 0.3383 0.2833 
        H645  4 0.3984 0.2334 0.3681 
        H646  4 0.3815 0.3925 0.2260 
        H647  4 0.3015 0.3963 0.3022 
        H657  4 0.4115 0.3607 0.2279 
        H658  4 0.3485 0.3010 0.3505 
        H659  4 0.1961 0.2260 0.5779 
        H660  4 0.2871 0.3287 0.3842 
        H661  4 0.2370 0.3123 0.4507 
        H668  4 0.4427 0.3080 0.2493 
        H669  4 0.3737 0.2729 0.3534 
        H670  4 0.3980 0.2313 0.3707 
        H678  4 0.3575 0.3268 0.3158 
        H679  4 0.4182 0.3540 0.2278 
        H680  4 0.2954 0.3919 0.3127 
        H681  4 0.3447 0.2703 0.3850 
        H682  4 0.4326 0.2933 0.2741 
        H683  4 0.2319 0.3670 0.4011 
        H718  4 0.2618 0.2543 0.4839 
        H719  4 0.3697 0.2595 0.3708 
        H720  4 0.2578 0.3690 0.3732 
        H721  4 0.2569 0.3715 0.3717 
        H722  4 0.2064 0.4172 0.3764 
        H723  4 0.3580 0.2241 0.4180 
        H724  4 0.2375 0.2150 0.5474 
        H725  4 0.2165 0.2441 0.5395 
        H726  4 0.2769 0.2644 0.4586 
        H727  4 0.3413 0.2346 0.4241 
        H910  4 0.3538 0.2498 0.3964 
        H911  4 0.3674 0.3762 0.2564 
        H912  4 0.2923 0.3621 0.3456 
        H913  4 0.2954 0.2933 0.4112 
        H914  4 0.3309 0.2094 0.4597 
        H915  4 0.3318 0.3201 0.3481 
        H916  4 0.2795 0.4097 0.3109 
       H9572  4 0.2961 0.3353 0.3685 
        H015  5 0.3023 0.4398 0.2579 
        H016  5 0.2890 0.4685 0.2425 
        H017  5 0.2416 0.4380 0.3204 
        H019  5 0.3232 0.3854 0.2914 
        H020  5 0.3170 0.3201 0.3629 
        H032  5 0.3008 0.3246 0.3746 
        H033  5 0.4209 0.3015 0.2776 
        H034  5 0.3214 0.2168 0.4619 
        H035  5 0.3529 0.3280 0.3191 
        H036  5 0.3829 0.3533 0.2638 
        H037  5 0.2759 0.2761 0.4480 
        H048  5 0.3122 0.2300 0.4579 
        H049  5 0.2658 0.4293 0.3050 
        H054  5 0.3498 0.3170 0.3332 
        H055  5 0.2972 0.3011 0.4017 
        H057  5 0.2260 0.4503 0.3237 
        H060  5 0.2574 0.3434 0.3992 
        H061  5 0.3827 0.3412 0.2761 
        H064  5 0.2994 0.3310 0.3696 
        H070  5 0.3632 0.2537 0.3831 
        H077  5 0.2301 0.2714 0.4985 
        H078  5 0.2344 0.3313 0.4342 
        H079  5 0.5037 0.2811 0.2153 
        H097  5 0.2018 0.4194 0.3789 
        H107  5 0.2431 0.1778 0.5792 
        H122  5 0.3011 0.4046 0.2943 
        H123  5 0.3858 0.3815 0.2327 
        H124  5 0.4238 0.3377 0.2385 
        H131  5 0.3952 0.3494 0.2554 
        H132  5 0.3441 0.2909 0.3650 
        H141  5 0.3062 0.2899 0.4039 
        H142  5 0.3632 0.4098 0.2271 
        H157  5 0.2898 0.2465 0.4638 
        H158  5 0.2985 0.4725 0.2290 
        H159  5 0.3499 0.4143 0.2357 
        H160  5 0.3239 0.3577 0.3184 
        H163  5 0.3566 0.3727 0.2707 
        H164  5 0.3471 0.3789 0.2740 
        H165  5 0.4766 0.3020 0.2213 
        H166  5 0.3394 0.3964 0.2641 
        H169  5 0.3464 0.3408 0.3128 
     H169613  5 0.2768 0.3742 0.3490 
     H169653  5 0.3636 0.3734 0.2630 
     H169728  5 0.3336 0.3826 0.2837 
     H169742  5 0.3790 0.2626 0.3584 
        H170  5 0.2295 0.4768 0.2937 
        H171  5 0.2575 0.4793 0.2632 
     H171851  5 0.2946 0.3741 0.3313 
     H171852  5 0.2611 0.3220 0.4168 
     H171853  5 0.3475 0.2602 0.3923 
     H171854  5 0.3142 0.3646 0.3212 
     H171938  5 0.4407 0.2476 0.3117 
     H171939  5 0.3091 0.4468 0.2441 
     H171941  5 0.2688 0.2291 0.5021 
     H171965  5 0.3225 0.4199 0.2576 
     H171970  5 0.2252 0.2150 0.5597 
     H171973  5 0.4376 0.3126 0.2498 
     H171974  5 0.3821 0.2782 0.3398 
     H171975  5 0.3410 0.2909 0.3682 
     H171976  5 0.2198 0.4609 0.3194 
        H175  5 0.3166 0.2593 0.4241 
        H178  5 0.3337 0.2966 0.3697 
        H189  5 0.3734 0.4208 0.2058 
        H399  5 0.2516 0.4630 0.2853 
        H416  5 0.3500 0.2879 0.3621 
        H438  5 0.4185 0.2666 0.3149 
        H450  5 0.2360 0.2763 0.4877 
        H455  5 0.2713 0.1983 0.5304 
        H456  5 0.4085 0.2774 0.3141 
        H457  5 0.2326 0.3331 0.4343 
        H458  5 0.3112 0.2861 0.4027 
        H459  5 0.3843 0.3905 0.2252 
        H460  5 0.3207 0.3338 0.3455 
        H461  5 0.2371 0.4568 0.3061 
        H462  5 0.4204 0.3209 0.2587 
        H469  5 0.4471 0.3255 0.2274 
        H470  5 0.3105 0.3225 0.3670 
        H471  5 0.3025 0.4776 0.2200 
        H481  5 0.2342 0.2166 0.5492 
        H482  5 0.2857 0.2977 0.4166 
        H501  5 0.3622 0.2937 0.3441 
        H502  5 0.3274 0.4528 0.2198 
        H503  5 0.3420 0.3915 0.2665 
        H509  5 0.3098 0.2452 0.4450 
        H510  5 0.3183 0.3623 0.3194 
        H511  5 0.3212 0.4141 0.2648 
        H530  5 0.3662 0.2537 0.3800 
        H531  5 0.2614 0.2797 0.4589 
        H564  5 0.2966 0.3073 0.3961 
        H565  5 0.2275 0.2721 0.5004 
        H567  5 0.3987 0.3993 0.2020 
     H568???  5 0.2986 0.4521 0.2493 
        H608  5 0.2544 0.2562 0.4894 
        H609  5 0.4242 0.2691 0.3068 
        H612  5 0.2923 0.1983 0.5093 
        H614  5 0.2181 0.2824 0.4994 
        H615  5 0.2273 0.3366 0.4361 
        H616  5 0.2603 0.1733 0.5665 
        H617  5 0.4472 0.3325 0.2202 
        H618  5 0.2879 0.2423 0.4698 
        H619  5 0.4214 0.3097 0.2689 
        H635  5 0.3449 0.3259 0.3292 
        H636  5 0.4629 0.2638 0.2733 
        H637  5 0.3361 0.2951 0.3687 
        H644  5 0.2786 0.5572 0.1643 
        H711  5 0.2545 0.4645 0.2811 
        H712  5 0.3544 0.2394 0.4062 
       H7360  5 0.2705 0.3782 0.3513 
       H7361  5 0.2596 0.2779 0.4625 
       H7362  5 0.3215 0.4993 0.1792 
       H7363  5 0.2754 0.3329 0.3917 
       H7394  5 0.3521 0.4000 0.2478 
       H7395  5 0.3475 0.3094 0.3432 
       H7396  5 0.3458 0.3267 0.3275 
        H742  5 0.3850 0.2600 0.3550 
        H743  5 0.3495 0.3155 0.3350 
        H744  5 0.2852 0.2095 0.5053 
        H957  5 0.2756 0.3950 0.3294 
        H958  5 0.3723 0.3504 0.2773 
        H959  5 0.2983 0.2264 0.4753 
        H960  5 0.3896 0.2983 0.3122 
      H_PALI  6 0.3108 0.3773 0.3119 
        H581  6 0.2755 0.3335 0.3910 
        H582  6 0.2075 0.2739 0.5186 
        H583  6 0.3086 0.3238 0.3675 
        H595  6 0.3698 0.4181 0.2121 
        H596  6 0.3965 0.4041 0.1994 
        H597  6 0.3352 0.4409 0.2239 
        H598  6 0.3647 0.2823 0.3531 
        H599  6 0.2990 0.2723 0.4287 
        H642  6 0.2941 0.4521 0.2538 
        H643  6 0.3965 0.2773 0.3262 
        H664  6 0.2046 0.3334 0.4620 
        H665  6 0.4359 0.2512 0.3129 
        H674  6 0.2837 0.5171 0.1991 
        H675  6 0.2558 0.3432 0.4010 
        H676  6 0.3274 0.4112 0.2615 
        H686  6 0.2977 0.3969 0.3053 
        H687  6 0.3055 0.3601 0.3345 
        H917  6 0.4825 0.3082 0.2093 
        H918  6 0.4052 0.3119 0.2828 
        H919  6 0.2972 0.2116 0.4913 
        H920  6 0.2858 0.3022 0.4120 
        H631  7 0.2807 0.2922 0.4271 
        H684  7 0.2678 0.5039 0.2283 
        H685  7 0.2613 0.2661 0.4725 
        H713  7 0.2535 0.2468 0.4997 
        H715  7 0.2830 0.4519 0.2651 
        H716  7 0.3191 0.2927 0.3882 
        H717  7 0.3215 0.3106 0.3680 
        H729  7 0.5280 0.2796 0.1924 
        H730  7 0.4398 0.2334 0.3268 
        H431  8 0.3243 0.2646 0.4110 
        H432  8 0.3603 0.4389 0.2008 
        H433  8 0.4229 0.3000 0.2770 
        H434  8 0.3790 0.3489 0.2721 
        H444  8 0.4177 0.3028 0.2796 
        H454  8 0.2820 0.2218 0.4962 
        H475  8 0.2244 0.2488 0.5268 
        H491  8 0.2782 0.3012 0.4205 
        H492  8 0.2875 0.2744 0.4381 
        H493  8 0.3048 0.3872 0.3079 
        H494  8 0.3319 0.3106 0.3575 
        H495  8 0.1863 0.3566 0.4571 
        H662  8 0.2850 0.4251 0.2898 
        H663  8 0.3707 0.3063 0.3230 
        H695  8 0.3571 0.2771 0.3658 
       H7367  8 0.4571 0.3390 0.2039 
       H7368  8 0.3392 0.4034 0.2575 
       H7369  8 0.4119 0.2775 0.3106 
       H7370  8 0.4121 0.3806 0.2073 
       H7371  8 0.4215 0.2980 0.2806 
        H600  9 0.2857 0.2679 0.4464 
        H648  9 0.2956 0.3812 0.3232 
        H696  9 0.2891 0.5222 0.1887 
        H697  9 0.3788 0.3226 0.2987 
        H698  9 0.3825 0.3537 0.2638 
        H699  9 0.3599 0.3333 0.3068 
        H700  9 0.3004 0.2534 0.4462 
        H732  9 0.2286 0.2910 0.4805 
        H733  9 0.4500 0.3321 0.2179 
        H734  9 0.3251 0.4602 0.2147 
        H735  9 0.3463 0.3902 0.2635 
        H736  9 0.3027 0.3402 0.3571 
        H737  9 0.3514 0.2812 0.3674 
        H905  9 0.3255 0.2538 0.4207 
        H921  9 0.3692 0.2410 0.3898 
        H922  9 0.4207 0.3705 0.2088 
     H169705 10 0.4216 0.3094 0.2690 
     H171942 10 0.3712 0.4351 0.1937 
     H171943 10 0.3122 0.3825 0.3053 
     H171944 10 0.3805 0.2943 0.3252 
     H171946 10 0.2146 0.3497 0.4357 
     H171947 10 0.3502 0.3696 0.2802 
     H229641 10 0.3273 0.3403 0.3323 
      H30001 10 0.3683 0.2846 0.3471 
      H30002 10 0.3612 0.3150 0.3238 
      H30005 10 0.3935 0.3327 0.2738 
      H30006 10 0.3517 0.3911 0.2572 
      H30007 10 0.2595 0.5438 0.1967 
        H451 10 0.3981 0.3658 0.2361 
        H452 10 0.3807 0.3432 0.2760 
        H453 10 0.2212 0.2973 0.4815 
        H473 10 0.3108 0.3047 0.3845 
        H474 10 0.1883 0.2727 0.5390 
        H486 10 0.3240 0.2935 0.3825 
        H487 10 0.3291 0.2796 0.3913 
        H488 10 0.4043 0.2397 0.3560 
        H489 10 0.2796 0.2358 0.4846 
        H550 10 0.2663 0.4727 0.2610 
        H551 10 0.4073 0.2591 0.3336 
        H553 10 0.2899 0.2734 0.4367 
        H554 10 0.3405 0.3937 0.2658 
        H556 10 0.2911 0.3609 0.3480 
        H580 10 0.3997 0.3363 0.2639 
        H591 10 0.2489 0.2098 0.5414 
        H592 10 0.3195 0.2871 0.3933 
        H593 10 0.3322 0.3593 0.3086 
        H594 10 0.3770 0.4427 0.1803 
        H627 10 0.2684 0.3922 0.3394 
        H628 10 0.5002 0.3183 0.1815 
        H629 10 0.2662 0.3833 0.3505 
        H630 10 0.3158 0.3542 0.3301 
        H638 10 0.3812 0.3308 0.2880 
        H639 10 0.2206 0.3068 0.4726 
        H640 10 0.3499 0.3972 0.2529 
        H704 10 0.3187 0.4500 0.2313 
        H705 10 0.4182 0.3014 0.2804 
        H706 10 0.3674 0.2118 0.4208 
        H708 10 0.2429 0.2494 0.5077 
       H7351 10 0.2947 0.3941 0.3112 
       H7352 10 0.3525 0.3113 0.3362 
       H7353 10 0.2714 0.4943 0.2342 
       H7354 10 0.2964 0.2821 0.4215 
       H7365 10 0.2621 0.2185 0.5194 
       H7383 10 0.3516 0.2328 0.4156 
       H7384 10 0.3579 0.2640 0.3781 
       H7385 10 0.3103 0.2474 0.4423 
       H7386 10 0.3899 0.3104 0.2998 
       H7387 10 0.3641 0.3403 0.2957 
       H7388 10 0.4116 0.2915 0.2969 
        H906 10 0.2550 0.3377 0.4073 
        H907 10 0.3472 0.4043 0.2485 
        H908 10 0.3558 0.3229 0.3213 
        H909 10 0.3672 0.2889 0.3438 
       H9552 10 0.3179 0.3651 0.3169 
       H9553 10 0.3468 0.2915 0.3617 
       H9555 10 0.4410 0.2994 0.2597 
       H9575 10 0.2390 0.3152 0.4458 
       H9703 10 0.2539 0.2298 0.5163 
       H9707 10 0.2807 0.2697 0.4495 
       HSAA4 10 0.4037 0.3281 0.2681 
        H001 11 0.3330 0.2943 0.3728 
        H004 11 0.3200 0.3597 0.3203 
        H005 11 0.2614 0.2167 0.5219 
        H006 11 0.3622 0.2895 0.3483 
        H007 11 0.3364 0.2214 0.4422 
        H031 11 0.2623 0.1980 0.5397 
        H074 11 0.2469 0.2743 0.4787 
        H075 11 0.3051 0.2123 0.4827 
        H080 11 0.3079 0.2513 0.4408 
        H086 11 0.3707 0.3157 0.3136 
        H092 11 0.3355 0.2793 0.3852 
        H093 11 0.3351 0.4685 0.1964 
        H094 11 0.3253 0.3809 0.2938 
        H095 11 0.2726 0.2801 0.4472 
        H096 11 0.3652 0.2434 0.3914 
        H099 11 0.3147 0.2886 0.3967 
        H100 11 0.3693 0.4119 0.2188 
        H127 11 0.3587 0.2756 0.3657 
        H136 11 0.2435 0.2520 0.5045 
        H153 11 0.3196 0.3775 0.3029 
        H154 11 0.2528 0.2575 0.4897 
        H155 11 0.5054 0.2902 0.2044 
        H156 11 0.4692 0.3517 0.1791 
        H161 11 0.2965 0.4243 0.2792 
        H162 11 0.4007 0.3752 0.2241 
        H167 11 0.3957 0.3353 0.2689 
        H168 11 0.3928 0.3126 0.2946 
     H169586 11 0.1848 0.4209 0.3943 
     H169738 11 0.5022 0.2789 0.2188 
     H169741 11 0.2741 0.2827 0.4432 
     H171801 11 0.3058 0.4361 0.2581 
     H171810 11 0.2368 0.3083 0.4549 
     H171811 11 0.2225 0.3041 0.4734 
     H171812 11 0.3687 0.2564 0.3749 
     H171820 11 0.2568 0.2710 0.4722 
     H171821 11 0.3931 0.3342 0.2727 
     H171822 11 0.3742 0.3273 0.2985 
     H171823 11 0.1889 0.3603 0.4509 
     H171866 11 0.3797 0.3888 0.2315 
     H171867 11 0.4859 0.2677 0.2465 
     H171967 11 0.3299 0.2234 0.4467 
     H171969 11 0.3444 0.3258 0.3299 
        H172 11 0.3884 0.3136 0.2980 
        H173 11 0.4740 0.2415 0.2845 
        H174 11 0.3427 0.4472 0.2101 
        H196 11 0.4695 0.3041 0.2264 
        H197 11 0.4263 0.3158 0.2579 
        H346 11 0.3617 0.2699 0.3685 
        H355 11 0.3270 0.2763 0.3967 
        H356 11 0.3347 0.3110 0.3543 
        H357 11 0.3211 0.2435 0.4354 
        H358 11 0.4108 0.2521 0.3371 
        H359 11 0.3119 0.3444 0.3437 
        H360 11 0.3970 0.2708 0.3322 
        H361 11 0.4102 0.3061 0.2837 
        H362 11 0.4165 0.3986 0.1849 
        H363 11 0.2835 0.2375 0.4790 
        H364 11 0.2840 0.3764 0.3396 
        H365 11 0.3929 0.3347 0.2724 
        H366 11 0.4380 0.3138 0.2482 
        H367 11 0.2599 0.2518 0.4884 
        H368 11 0.2802 0.4570 0.2628 
        H369 11 0.2878 0.2050 0.5072 
        H370 11 0.3704 0.3665 0.2631 
        H371 11 0.3460 0.3427 0.3113 
        H372 11 0.3751 0.3315 0.2934 
        H373 11 0.3258 0.3331 0.3410 
        H374 11 0.3267 0.2763 0.3970 
        H375 11 0.3691 0.2561 0.3748 
        H376 11 0.3369 0.3988 0.2643 
        H377 11 0.3415 0.2863 0.3722 
        H378 11 0.2918 0.3214 0.3868 
        H379 11 0.3390 0.3490 0.3120 
        H380 11 0.4594 0.3076 0.2329 
        H381 11 0.2292 0.3120 0.4588 
        H382 11 0.4151 0.4023 0.1826 
        H383 11 0.3634 0.4119 0.2247 
        H384 11 0.2688 0.2875 0.4437 
        H385 11 0.2895 0.3039 0.4067 
        H386 11 0.4618 0.2543 0.2839 
        H387 11 0.2080 0.4685 0.3235 
        H388 11 0.4550 0.3501 0.1949 
        H389 11 0.4192 0.2534 0.3274 
        H390 11 0.3703 0.3438 0.2860 
        H391 11 0.3177 0.4150 0.2673 
        H392 11 0.2971 0.2283 0.4745 
        H393 11 0.3343 0.4403 0.2255 
        H394 11 0.2530 0.5206 0.2264 
        H395 11 0.3043 0.2478 0.4479 
        H408 11 0.3967 0.2511 0.3522 
        H412 11 0.1808 0.3191 0.5002 
        H417 11 0.3204 0.2982 0.3814 
        H418 11 0.2595 0.3875 0.3530 
        H429 11 0.3810 0.3310 0.2880 
        H430 11 0.4473 0.3214 0.2313 
        H439 11 0.3612 0.2787 0.3601 
        H440 11 0.2583 0.2365 0.5052 
        H441 11 0.4158 0.3230 0.2612 
        H442 11 0.3900 0.3495 0.2606 
        H446 11 0.3163 0.3669 0.3168 
        H447 11 0.4511 0.3113 0.2376 
        H448 11 0.4716 0.2542 0.2742 
        H534 11 0.2033 0.2578 0.5388 
        H537 11 0.2382 0.2813 0.4806 
        H568 11 0.2242 0.2181 0.5577 
        H569 11 0.4949 0.3301 0.1750 
        H586 11 0.1728 0.4435 0.3837 
        H587 11 0.2319 0.2074 0.5606 
        H588 11 0.2801 0.5003 0.2196 
        H589 11 0.2410 0.2310 0.5280 
        H590 11 0.2769 0.2830 0.4401 
        H601 11 0.4183 0.3743 0.2074 
        H602 11 0.3399 0.2786 0.3815 
        H603 11 0.4797 0.2857 0.2347 
        H610 11 0.3515 0.2806 0.3678 
        H611 11 0.2867 0.2920 0.4213 
        H649 11 0.3262 0.3441 0.3298 
        H650 11 0.2980 0.4481 0.2539 
        H651 11 0.4444 0.2601 0.2955 
        H652 11 0.2649 0.3893 0.3458 
       H7364 11 0.3976 0.3261 0.2763 
       H7366 11 0.4078 0.2461 0.3461 
       H7378 11 0.2765 0.5759 0.1475 
       H7379 11 0.3438 0.3245 0.3317 
        H739 11 0.2857 0.2723 0.4420 
        H740 11 0.3083 0.4141 0.2776 
        H741 11 0.2722 0.2744 0.4534 
        H926 11 0.3214 0.3960 0.2826 
        H927 11 0.4630 0.2895 0.2475 
        H928 11 0.3249 0.3513 0.3238 
       H9560 11 0.3186 0.3664 0.3149 
        H409 12 0.4541 0.3207 0.2252 
        H413 12 0.2566 0.5347 0.2087 
        H419 12 0.4185 0.2987 0.2828 
        H420 12 0.3342 0.2778 0.3880 
        H421 12 0.3598 0.4406 0.1996 
        H435 12 0.3398 0.4212 0.2390 
        H436 12 0.3949 0.2500 0.3551 
        H437 12 0.2344 0.3056 0.4599 
        H445 12 0.4471 0.2976 0.2553 
        H449 12 0.3232 0.4012 0.2755 
        H463 12 0.2705 0.3025 0.4270 
        H464 12 0.3106 0.4729 0.2165 
        H465 12 0.2163 0.4910 0.2928 
        H490 12 0.3121 0.4528 0.2351 
        H561 12 0.3367 0.3427 0.3206 
        H562 12 0.4137 0.2471 0.3392 
        H563 12 0.3883 0.2520 0.3597 
        H570 12 0.3309 0.2239 0.4452 
        H571 12 0.2628 0.4338 0.3033 
        H572 12 0.3164 0.3090 0.3745 
        H573 12 0.4485 0.3258 0.2258 
       H7372 12 0.4770 0.3431 0.1799 
       H7373 12 0.2428 0.5366 0.2206 
       H7374 12 0.3072 0.2782 0.4146 
       H7375 12 0.3504 0.2516 0.3980 
       H7376 12 0.5252 0.2623 0.2125 
       H7377 12 0.2898 0.2781 0.4322 
