        H102  1 0.1008 0.1285 0.2347 0.1414 0.0964 0.2982 
        H103  1 0.0895 0.2282 0.1750 0.2599 0.1691 0.0783 
        H104  1 0.2492 0.1484 0.1239 0.1098 0.1665 0.2022 
        H105  1 0.0809 0.1679 0.2331 0.1450 0.1499 0.2232 
        H106  1 0.1816 0.1710 0.1634 0.1634 0.1754 0.1452 
        H112  1 0.1317 0.1381 0.1703 0.1470 0.1392 0.2737 
        H113  1 0.1182 0.2026 0.1316 0.1223 0.2964 0.1289 
        H114  1 0.0895 0.2187 0.1635 0.1444 0.2764 0.1075 
        H115  1 0.1146 0.1424 0.1942 0.1134 0.1359 0.2996 
        H143  1 0.0751 0.1957 0.2024 0.1847 0.1380 0.2041 
        H144  1 0.0626 0.1929 0.1738 0.3296 0.1076 0.1335 
        H145  1 0.0569 0.1969 0.1858 0.2256 0.1748 0.1600 
        H149  1 0.2907 0.1272 0.1628 0.1261 0.1075 0.1858 
        H150  1 0.1243 0.1565 0.1335 0.2516 0.1879 0.1462 
     H167542  1 0.0829 0.2276 0.1263 0.1236 0.1913 0.2483 
     H169604  1 0.1158 0.1747 0.1986 0.1675 0.1532 0.1902 
     H169607  1 0.1030 0.1873 0.1815 0.1921 0.1467 0.1893 
     H169608  1 0.1146 0.1204 0.1619 0.1169 0.0798 0.4064 
     H169633  1 0.0780 0.1931 0.1488 0.1563 0.2831 0.1407 
     H169688  1 0.1955 0.1715 0.2114 0.2266 0.0974 0.0976 
     H169714  1 0.2557 0.1517 0.1353 0.1471 0.1648 0.1453 
     H171802  1 0.2482 0.1641 0.1282 0.1209 0.1877 0.1509 
     H171805  1 0.1131 0.1992 0.1767 0.2179 0.1713 0.1218 
     H171807  1 0.1311 0.1204 0.2579 0.1679 0.1036 0.2192 
     H171814  1 0.0906 0.1944 0.1179 0.2488 0.2747 0.0736 
     H171816  1 0.2013 0.1383 0.1968 0.1525 0.1443 0.1667 
     H171817  1 0.2378 0.1447 0.1545 0.1481 0.1584 0.1565 
     H171818  1 0.1856 0.1420 0.1990 0.1627 0.1705 0.1401 
     H171819  1 0.1707 0.1636 0.1390 0.1614 0.2401 0.1252 
     H171834  1 0.0900 0.1545 0.2875 0.1610 0.1468 0.1602 
     H171835  1 0.3235 0.1419 0.1176 0.0960 0.1728 0.1482 
     H171836  1 0.0605 0.2030 0.1831 0.1647 0.2982 0.0904 
     H171837  1 0.1421 0.2004 0.1265 0.1464 0.1655 0.2191 
     H171838  1 0.0993 0.1777 0.2232 0.1869 0.2218 0.0910 
     H171839  1 0.2142 0.1783 0.1244 0.1339 0.1838 0.1653 
     H171841  1 0.2126 0.1030 0.1606 0.1110 0.0730 0.3398 
     H171860  1 0.1082 0.1792 0.1953 0.1401 0.1889 0.1883 
     H171861  1 0.0631 0.2027 0.2016 0.1954 0.2320 0.1052 
     H171862  1 0.1117 0.1885 0.1981 0.1992 0.1513 0.1511 
     H171868  1 0.0823 0.1721 0.2183 0.1451 0.1399 0.2424 
     H171869  1 0.1179 0.1921 0.1943 0.2601 0.1303 0.1052 
     H171870  1 0.2850 0.1421 0.1679 0.1775 0.1055 0.1220 
     H171871  1 0.1075 0.1852 0.1780 0.2122 0.2276 0.0897 
     H171872  1 0.2150 0.1600 0.1383 0.1265 0.1731 0.1871 
     H171873  1 0.2454 0.1839 0.1296 0.2082 0.1189 0.1140 
     H171874  1 0.0863 0.1740 0.3228 0.1882 0.1042 0.1246 
     H171875  1 0.0577 0.2102 0.2039 0.2080 0.2036 0.1165 
     H171876  1 0.0952 0.1842 0.2700 0.1795 0.1318 0.1393 
     H171877  1 0.0977 0.1898 0.1586 0.0945 0.2004 0.2591 
     H171878  1 0.2359 0.1424 0.1775 0.1896 0.1074 0.1472 
     H171901  1 0.3540 0.1299 0.1171 0.1264 0.1166 0.1560 
     H171902  1 0.1561 0.1626 0.1670 0.2162 0.1036 0.1946 
     H171903  1 0.1454 0.1681 0.2224 0.1837 0.1507 0.1298 
     H171935  1 0.2789 0.1435 0.1625 0.1702 0.1242 0.1207 
     H171936  1 0.1104 0.2294 0.1380 0.1240 0.2680 0.1302 
     H171940  1 0.1335 0.1549 0.1846 0.1480 0.1164 0.2627 
     H171945  1 0.1307 0.2013 0.1271 0.2058 0.1276 0.2074 
     H171948  1 0.1275 0.1359 0.2417 0.1249 0.1419 0.2280 
     H171949  1 0.2783 0.1179 0.1354 0.1159 0.1037 0.2490 
     H171950  1 0.4150 0.0955 0.1231 0.1028 0.0840 0.1796 
     H171963  1 0.1638 0.1879 0.2023 0.1995 0.1571 0.0894 
     H171964  1 0.0944 0.1986 0.2011 0.2975 0.1092 0.0993 
     H171966  1 0.1535 0.1685 0.2402 0.1771 0.1425 0.1181 
     H171968  1 0.1529 0.1496 0.1720 0.2086 0.0851 0.2317 
     H171971  1 0.1818 0.1505 0.2042 0.1977 0.1589 0.1068 
     H171972  1 0.0703 0.1651 0.2958 0.2143 0.1636 0.0908 
     H171977  1 0.1038 0.2450 0.1190 0.2379 0.1710 0.1232 
     H171978  1 0.1992 0.1518 0.1774 0.1816 0.1217 0.1683 
     H171979  1 0.0979 0.1751 0.2362 0.1981 0.1996 0.0930 
        H176  1 0.0911 0.1771 0.1451 0.1624 0.1894 0.2350 
        H177  1 0.2806 0.1325 0.1240 0.1100 0.0989 0.2539 
        H179  1 0.2998 0.1617 0.0996 0.1004 0.1289 0.2096 
        H181  1 0.0786 0.1891 0.2176 0.2201 0.1735 0.1211 
        H182  1 0.0625 0.2207 0.2148 0.1880 0.1988 0.1152 
        H183  1 0.0987 0.2177 0.1763 0.2407 0.1652 0.1013 
        H184  1 0.1313 0.1339 0.2140 0.1209 0.1460 0.2539 
        H185  1 0.0942 0.1768 0.1986 0.1891 0.1910 0.1503 
        H186  1 0.1444 0.1557 0.1660 0.2985 0.0826 0.1529 
        H187  1 0.2043 0.1855 0.1612 0.1465 0.1846 0.1179 
        H188  1 0.1420 0.1672 0.1497 0.0990 0.1752 0.2669 
        H192  1 0.2065 0.1348 0.1806 0.1348 0.1199 0.2233 
        H193  1 0.0790 0.1837 0.2061 0.2560 0.1379 0.1373 
        H194  1 0.1710 0.1756 0.1525 0.1575 0.1869 0.1564 
        H195  1 0.1325 0.1617 0.2640 0.2387 0.1038 0.0994 
        H199  1 0.1055 0.2035 0.1470 0.2631 0.1154 0.1654 
        H200  1 0.1584 0.1673 0.1492 0.1574 0.1682 0.1995 
        H414  1 0.1923 0.1834 0.1700 0.1992 0.1444 0.1107 
        H415  1 0.0898 0.1692 0.1807 0.1543 0.2911 0.1149 
        H422  1 0.1203 0.1599 0.1526 0.2353 0.1098 0.2221 
        H423  1 0.2834 0.0944 0.1088 0.0983 0.0739 0.3411 
        H424  1 0.0889 0.1950 0.1295 0.2809 0.2047 0.1011 
        H425  1 0.1215 0.2100 0.0961 0.3438 0.1164 0.1122 
        H426  1 0.1294 0.1960 0.1820 0.2880 0.1279 0.0766 
        H443  1 0.0729 0.1712 0.1454 0.3886 0.0833 0.1386 
        H466  1 0.1810 0.1615 0.1851 0.1811 0.1412 0.1501 
        H467  1 0.3507 0.1264 0.1398 0.1280 0.0932 0.1619 
        H472  1 0.2096 0.1591 0.1356 0.1579 0.1370 0.2007 
        H483  1 0.0791 0.1772 0.2554 0.1721 0.1455 0.1706 
        H504  1 0.0960 0.2120 0.1377 0.2677 0.1732 0.1134 
        H505  1 0.2453 0.1417 0.1446 0.1443 0.1428 0.1814 
        H506  1 0.1224 0.1672 0.1928 0.2256 0.1267 0.1652 
        H507  1 0.0914 0.2064 0.1839 0.1836 0.2096 0.1251 
        H508  1 0.2982 0.1320 0.1481 0.1823 0.1269 0.1125 
        H524  1 0.1003 0.2219 0.1337 0.1558 0.2712 0.1171 
        H525  1 0.1066 0.1875 0.2170 0.2311 0.1309 0.1268 
        H526  1 0.0785 0.2280 0.1307 0.1151 0.1873 0.2604 
        H527  1 0.2017 0.1477 0.2062 0.1485 0.1072 0.1888 
        H528  1 0.0801 0.2044 0.1702 0.2024 0.2339 0.1091 
        H529  1 0.0887 0.2243 0.1092 0.2555 0.2041 0.1182 
        H533  1 0.1139 0.2025 0.1866 0.1690 0.2459 0.0820 
        H538  1 0.1246 0.1746 0.1622 0.1443 0.1561 0.2382 
        H539  1 0.2157 0.1869 0.2067 0.1724 0.1333 0.0851 
        H540  1 0.1306 0.1816 0.1935 0.1765 0.1702 0.1475 
        H541  1 0.1456 0.1954 0.1642 0.1387 0.1829 0.1732 
        H558  1 0.0838 0.1844 0.2341 0.2115 0.1763 0.1099 
        H559  1 0.1004 0.1775 0.2089 0.1935 0.1081 0.2117 
        H579  1 0.0710 0.1935 0.2853 0.1807 0.1323 0.1372 
        H584  1 0.0955 0.1921 0.1477 0.2651 0.1699 0.1296 
        H585  1 0.1645 0.1862 0.1487 0.1911 0.2136 0.0961 
        H605  1 0.1836 0.1643 0.1423 0.1625 0.1325 0.2149 
        H606  1 0.2327 0.1048 0.1318 0.1134 0.0790 0.3381 
        H632  1 0.0857 0.1647 0.1944 0.3195 0.1100 0.1258 
        H634  1 0.1202 0.2076 0.1683 0.2128 0.1524 0.1388 
        H671  1 0.3359 0.1210 0.0983 0.1227 0.1146 0.2074 
        H672  1 0.1823 0.1904 0.1543 0.1377 0.2371 0.0981 
        H673  1 0.0655 0.1697 0.2129 0.2708 0.1264 0.1548 
        H689  1 0.0797 0.2007 0.1732 0.2117 0.1517 0.1831 
        H690  1 0.1469 0.1547 0.1522 0.1182 0.1697 0.2583 
        H691  1 0.1055 0.1985 0.1976 0.1443 0.1356 0.2184 
        H692  1 0.0457 0.1787 0.2152 0.3071 0.1764 0.0768 
        H709  1 0.1057 0.1861 0.1769 0.1780 0.2045 0.1488 
        H710  1 0.0518 0.2118 0.1822 0.2580 0.2003 0.0960 
       H7355  1 0.0671 0.1932 0.1573 0.1424 0.2470 0.1930 
       H7356  1 0.1130 0.2078 0.1643 0.2017 0.1412 0.1719 
       H7357  1 0.1835 0.1531 0.1485 0.1396 0.1450 0.2304 
       H7358  1 0.0680 0.2124 0.1959 0.1375 0.1655 0.2207 
       H7380  1 0.0837 0.1793 0.1910 0.2219 0.1437 0.1804 
       H7381  1 0.2074 0.1346 0.1519 0.2219 0.1093 0.1748 
       H7382  1 0.0935 0.1552 0.2802 0.1980 0.1316 0.1416 
        H904  1 0.2802 0.0885 0.1347 0.0760 0.0659 0.3546 
        H923  1 0.1408 0.1830 0.1431 0.1838 0.1651 0.1842 
        H924  1 0.1557 0.1901 0.1336 0.1761 0.1408 0.2036 
        H925  1 0.1041 0.2562 0.1014 0.1221 0.1706 0.2455 
       H9558  1 0.0691 0.2019 0.2287 0.2301 0.1801 0.0901 
        H008  2 0.0584 0.1886 0.1889 0.1573 0.2654 0.1414 
        H021  2 0.2182 0.1404 0.1915 0.1341 0.1185 0.1973 
        H023  2 0.2251 0.1761 0.1224 0.1318 0.1224 0.2222 
        H024  2 0.0637 0.2014 0.1161 0.1623 0.3931 0.0634 
        H025  2 0.1743 0.1382 0.1378 0.1830 0.1126 0.2541 
        H026  2 0.0788 0.2011 0.1281 0.2878 0.2257 0.0785 
        H027  2 0.1396 0.1983 0.1568 0.1376 0.2046 0.1630 
        H028  2 0.1018 0.1867 0.1848 0.2334 0.1804 0.1129 
        H029  2 0.1331 0.1977 0.1222 0.1763 0.2504 0.1203 
        H030  2 0.0741 0.1804 0.2363 0.2005 0.2272 0.0815 
        H038  2 0.4000 0.1490 0.1262 0.1117 0.0933 0.1199 
        H039  2 0.3413 0.0625 0.0682 0.0543 0.0528 0.4208 
        H040  2 0.4926 0.1016 0.0950 0.1006 0.1068 0.1035 
        H041  2 0.0962 0.1942 0.1390 0.1329 0.2816 0.1561 
        H042  2 0.1536 0.1726 0.1476 0.1594 0.1467 0.2201 
        H043  2 0.3778 0.0970 0.1673 0.1003 0.0812 0.1764 
        H044  2 0.0745 0.1685 0.2417 0.1904 0.2248 0.1002 
        H047  2 0.1479 0.1738 0.1668 0.1664 0.1663 0.1787 
        H050  2 0.1024 0.2115 0.1390 0.1725 0.2878 0.0867 
        H058  2 0.2822 0.1329 0.1927 0.1449 0.1259 0.1213 
        H062  2 0.1591 0.1626 0.1283 0.1067 0.1151 0.3282 
        H063  2 0.2598 0.1381 0.1504 0.1124 0.1567 0.1826 
        H065  2 0.1027 0.1998 0.1113 0.3157 0.0993 0.1712 
        H066  2 0.2096 0.1731 0.1457 0.1742 0.2284 0.0690 
        H067  2 0.1290 0.1861 0.1852 0.1716 0.1456 0.1825 
        H068  2 0.3385 0.1377 0.1167 0.1224 0.1067 0.1778 
        H069  2 0.2364 0.2006 0.1492 0.1751 0.1304 0.1083 
        H071  2 0.1882 0.1523 0.1630 0.1714 0.1385 0.1866 
        H072  2 0.2485 0.1135 0.1214 0.0994 0.1259 0.2914 
        H073  2 0.1217 0.2279 0.1295 0.2353 0.1585 0.1271 
        H081  2 0.1011 0.1602 0.1560 0.1078 0.1841 0.2908 
        H082  2 0.0624 0.1767 0.2550 0.2011 0.2225 0.0823 
        H083  2 0.0642 0.1669 0.3464 0.1982 0.1334 0.0909 
        H084  2 0.2892 0.1552 0.1089 0.1336 0.2001 0.1131 
        H085  2 0.0679 0.2003 0.1766 0.1095 0.2189 0.2268 
        H087  2 0.0972 0.1748 0.1789 0.1296 0.1546 0.2647 
        H088  2 0.1845 0.1392 0.1803 0.1242 0.1407 0.2311 
        H089  2 0.1238 0.1897 0.1677 0.1438 0.1677 0.2073 
        H090  2 0.0656 0.2260 0.1688 0.1342 0.3147 0.0908 
        H091  2 0.0616 0.2337 0.1537 0.1142 0.3121 0.1246 
        H098  2 0.1178 0.1677 0.1359 0.1566 0.2996 0.1224 
      H10001  2 0.3174 0.0521 0.0776 0.0587 0.0468 0.4474 
      H10002  2 0.1655 0.1341 0.1914 0.1222 0.0895 0.2973 
        H101  2 0.1460 0.2066 0.1241 0.1319 0.3196 0.0718 
        H108  2 0.1523 0.1117 0.1428 0.1170 0.0917 0.3845 
        H109  2 0.2300 0.1591 0.1170 0.1541 0.2474 0.0924 
        H110  2 0.0617 0.1418 0.2426 0.1606 0.2053 0.1881 
        H116  2 0.1135 0.1778 0.1699 0.2231 0.2155 0.1002 
        H117  2 0.1070 0.2285 0.1043 0.0933 0.3857 0.0812 
        H118  2 0.0543 0.2322 0.1431 0.1786 0.2674 0.1244 
        H119  2 0.2295 0.1589 0.1185 0.1414 0.2086 0.1432 
        H120  2 0.1633 0.0963 0.1333 0.0832 0.0766 0.4472 
        H121  2 0.0586 0.2107 0.1571 0.1378 0.2939 0.1419 
        H125  2 0.5115 0.0588 0.0627 0.0602 0.0614 0.2454 
        H126  2 0.0687 0.1736 0.1600 0.2638 0.1630 0.1709 
        H128  2 0.0420 0.2130 0.1583 0.1795 0.3456 0.0616 
        H129  2 0.0899 0.1884 0.1598 0.3580 0.1330 0.0708 
        H130  2 0.1449 0.1383 0.1921 0.1829 0.0781 0.2637 
        H133  2 0.3033 0.1055 0.0976 0.1188 0.0845 0.2902 
        H134  2 0.0532 0.1820 0.0964 0.4719 0.1283 0.0683 
        H135  2 0.1209 0.1828 0.2036 0.1466 0.1459 0.2003 
        H137  2 0.1740 0.1927 0.1139 0.1209 0.3180 0.0805 
        H138  2 0.0693 0.1966 0.2060 0.2857 0.1493 0.0931 
        H140  2 0.1065 0.1971 0.1507 0.1395 0.2506 0.1556 
        H146  2 0.0830 0.2164 0.1372 0.1441 0.3297 0.0895 
        H147  2 0.0896 0.1728 0.1938 0.1504 0.2471 0.1463 
        H148  2 0.1178 0.2007 0.1468 0.1161 0.2718 0.1468 
     H166022  2 0.0916 0.1768 0.2224 0.1693 0.2367 0.1032 
     H167359  2 0.1351 0.1692 0.2021 0.1727 0.1912 0.1297 
     H167397  2 0.0576 0.1779 0.1473 0.1826 0.3644 0.0702 
     H167428  2 0.0387 0.2387 0.1714 0.1432 0.2247 0.1833 
     H167496  2 0.2885 0.1269 0.1146 0.0923 0.1240 0.2536 
     H167513  2 0.2715 0.1420 0.2315 0.1020 0.1685 0.0845 
     H167545  2 0.1049 0.2274 0.1794 0.1959 0.1926 0.0998 
     H167547  2 0.1099 0.1489 0.0976 0.2033 0.3764 0.0639 
     H169621  2 0.0780 0.1730 0.2352 0.1931 0.2316 0.0892 
     H169622  2 0.0980 0.1748 0.2469 0.2090 0.1267 0.1446 
     H169750  2 0.2726 0.1233 0.2059 0.1774 0.1154 0.1054 
     H171806  2 0.1684 0.1914 0.1125 0.1537 0.2230 0.1510 
     H171808  2 0.1334 0.2163 0.1277 0.1741 0.1362 0.2123 
     H171809  2 0.1084 0.1572 0.1781 0.1333 0.1504 0.2727 
     H171813  2 0.1336 0.1732 0.1849 0.1871 0.1536 0.1677 
     H171815  2 0.3701 0.1125 0.1131 0.1138 0.0859 0.2045 
     H171824  2 0.2331 0.1569 0.1446 0.1156 0.1405 0.2093 
     H171825  2 0.1123 0.1872 0.2067 0.1869 0.1290 0.1779 
     H171826  2 0.1587 0.1699 0.1800 0.1455 0.1745 0.1714 
     H171827  2 0.2070 0.1625 0.2072 0.1779 0.1299 0.1155 
     H171828  2 0.2622 0.0869 0.1104 0.0747 0.0825 0.3833 
     H171829  2 0.2281 0.1653 0.1181 0.2194 0.1555 0.1136 
     H171830  2 0.1353 0.1619 0.1767 0.1356 0.2642 0.1264 
     H171831  2 0.0769 0.2173 0.1434 0.2347 0.2159 0.1118 
     H171832  2 0.0810 0.2145 0.2400 0.1750 0.1540 0.1354 
     H171863  2 0.0764 0.1873 0.2248 0.2614 0.1781 0.0720 
     H171864  2 0.1646 0.2026 0.1135 0.1320 0.2672 0.1201 
     H171865  2 0.3310 0.1205 0.0938 0.1230 0.1513 0.1804 
     H171879  2 0.1497 0.1792 0.1558 0.1469 0.2837 0.0847 
     H171880  2 0.1134 0.1980 0.1293 0.1228 0.3623 0.0742 
     H171881  2 0.1168 0.1777 0.2391 0.1732 0.1583 0.1349 
     H171882  2 0.2763 0.0726 0.0995 0.0745 0.0638 0.4132 
     H171929  2 0.0825 0.1731 0.2134 0.1628 0.2112 0.1570 
     H171930  2 0.0847 0.2459 0.1502 0.1652 0.2694 0.0846 
     H171933  2 0.1753 0.1693 0.1786 0.1737 0.1865 0.1167 
     H171934  2 0.1269 0.2006 0.1308 0.1319 0.2077 0.2022 
     H171937  2 0.0767 0.2023 0.1713 0.2643 0.1728 0.1126 
     H171962  2 0.0856 0.1924 0.2471 0.1672 0.1566 0.1511 
        H190  2 0.1105 0.1855 0.1760 0.2028 0.2081 0.1172 
        H191  2 0.1432 0.1619 0.1916 0.1681 0.2087 0.1266 
        H396  2 0.1401 0.1896 0.1442 0.1169 0.1366 0.2726 
        H397  2 0.1476 0.1924 0.1625 0.1840 0.1733 0.1402 
        H398  2 0.1312 0.1762 0.1472 0.2276 0.1049 0.2127 
        H400  2 0.1041 0.2075 0.1392 0.1448 0.1540 0.2504 
        H401  2 0.0737 0.1971 0.1085 0.1247 0.4445 0.0515 
        H402  2 0.1640 0.1691 0.2171 0.1587 0.2094 0.0816 
        H427  2 0.1239 0.1833 0.1508 0.1447 0.1761 0.2212 
        H428  2 0.0412 0.2363 0.1703 0.1512 0.2167 0.1843 
        H497  2 0.2395 0.1351 0.1983 0.1273 0.1451 0.1547 
        H512  2 0.1396 0.1842 0.1533 0.1633 0.2527 0.1069 
        H513  2 0.2723 0.1339 0.2243 0.1214 0.1539 0.0942 
        H514  2 0.1111 0.1702 0.2542 0.2147 0.1391 0.1107 
        H519  2 0.2259 0.1435 0.2145 0.1296 0.1824 0.1041 
        H532  2 0.0887 0.2349 0.1577 0.1435 0.1818 0.1933 
        H543  2 0.1038 0.1851 0.2419 0.1601 0.2053 0.1038 
        H544  2 0.1105 0.1556 0.2395 0.2557 0.0973 0.1414 
        H545  2 0.0770 0.2633 0.1789 0.1933 0.1913 0.0962 
        H546  2 0.2813 0.1369 0.1419 0.1539 0.1013 0.1846 
        H547  2 0.1098 0.1620 0.1056 0.1669 0.3894 0.0665 
        H548  2 0.1178 0.1940 0.1642 0.1392 0.2164 0.1685 
        H549  2 0.4117 0.1566 0.1688 0.1009 0.0938 0.0681 
        H620  2 0.3272 0.0820 0.0924 0.0695 0.0758 0.3532 
        H623  2 0.0865 0.1844 0.1803 0.2623 0.1741 0.1124 
        H624  2 0.2439 0.1443 0.2016 0.1622 0.0653 0.1827 
        H625  2 0.1170 0.1941 0.1490 0.1499 0.1812 0.2089 
        H626  2 0.2369 0.1823 0.1345 0.1481 0.1792 0.1191 
        H654  2 0.4959 0.0658 0.0873 0.0634 0.0505 0.2370 
        H655  2 0.2128 0.1590 0.1805 0.1487 0.1301 0.1689 
        H656  2 0.2227 0.0882 0.0923 0.0748 0.0621 0.4598 
        H666  2 0.3278 0.0941 0.0821 0.0957 0.1085 0.2918 
        H667  2 0.1327 0.1835 0.2314 0.1679 0.1408 0.1438 
        H677  2 0.1001 0.2314 0.1588 0.1574 0.1787 0.1736 
        H693  2 0.1324 0.1128 0.1528 0.0933 0.1092 0.3995 
        H694  2 0.0951 0.1902 0.1660 0.2093 0.2052 0.1341 
        H701  2 0.0877 0.1741 0.2248 0.1632 0.2380 0.1122 
        H702  2 0.2125 0.1474 0.2038 0.1579 0.1541 0.1243 
        H731  2 0.1643 0.1377 0.1896 0.1443 0.1307 0.2333 
       H7359  2 0.1348 0.1846 0.1793 0.1854 0.1833 0.1326 
       H7389  2 0.1688 0.1959 0.1424 0.1553 0.2148 0.1227 
       H7390  2 0.4645 0.1009 0.1059 0.1098 0.0850 0.1340 
       H7391  2 0.1125 0.2193 0.1280 0.0980 0.2563 0.1858 
       H7392  2 0.2234 0.1539 0.1911 0.1939 0.1081 0.1295 
       H7393  2 0.2561 0.1284 0.1557 0.1262 0.1675 0.1662 
       H7398  2 0.1130 0.1778 0.1374 0.1234 0.2583 0.1901 
       H7399  2 0.0865 0.2019 0.2472 0.1815 0.1643 0.1186 
       H7400  2 0.3533 0.0696 0.0769 0.0686 0.0587 0.3729 
        H745  2 0.0739 0.1699 0.1621 0.3938 0.1190 0.0814 
        H746  2 0.0994 0.2033 0.2584 0.1991 0.1188 0.1210 
        H747  2 0.3598 0.1185 0.0988 0.1071 0.1475 0.1683 
        H748  2 0.1649 0.1532 0.1665 0.1719 0.2079 0.1356 
       H7484  2 0.2643 0.1135 0.0850 0.1059 0.1193 0.3120 
       H7485  2 0.1727 0.1679 0.2383 0.1572 0.1579 0.1060 
        H749  2 0.1441 0.2023 0.2145 0.1784 0.1218 0.1390 
        H930  2 0.1033 0.2355 0.1434 0.1466 0.2855 0.0856 
        H931  2 0.0916 0.1654 0.1848 0.1686 0.2171 0.1725 
        H932  2 0.1625 0.1907 0.1162 0.1585 0.2573 0.1149 
        H111  3 0.0901 0.1883 0.1641 0.2589 0.2052 0.0933 
        H951  3 0.0890 0.2074 0.1369 0.1960 0.2429 0.1278 
        H952  3 0.1487 0.2034 0.1340 0.2037 0.1829 0.1273 
        H953  3 0.1075 0.2296 0.0953 0.1175 0.2570 0.1931 
        H954  3 0.2870 0.1106 0.1852 0.1014 0.1082 0.2077 
        H955  3 0.0929 0.2166 0.2076 0.1813 0.2066 0.0951 
        H956  3 0.2488 0.1745 0.1305 0.1151 0.2204 0.1106 
       H9563  3 0.1616 0.1520 0.1582 0.1181 0.2334 0.1767 
        H002  4 0.1734 0.1377 0.1503 0.1663 0.0961 0.2762 
        H003  4 0.0766 0.1979 0.2366 0.2323 0.1202 0.1364 
        H009  4 0.1442 0.1792 0.2811 0.1807 0.1201 0.0948 
        H010  4 0.1307 0.1799 0.2206 0.1714 0.1728 0.1246 
        H011  4 0.2176 0.1103 0.1671 0.1008 0.0970 0.3072 
        H012  4 0.0709 0.1649 0.2565 0.1413 0.2025 0.1640 
        H013  4 0.1272 0.1328 0.2178 0.1409 0.1452 0.2360 
        H014  4 0.1141 0.1793 0.2524 0.1782 0.1480 0.1280 
        H045  4 0.1761 0.1495 0.1193 0.1136 0.2100 0.2315 
        H046  4 0.0852 0.2227 0.1537 0.2357 0.1483 0.1544 
        H051  4 0.1314 0.1271 0.1781 0.1228 0.1286 0.3119 
        H052  4 0.1921 0.1278 0.1247 0.1811 0.1039 0.2703 
        H053  4 0.2230 0.1463 0.1696 0.1652 0.1565 0.1395 
        H056  4 0.1629 0.1333 0.1702 0.1313 0.1126 0.2897 
        H076  4 0.0970 0.1888 0.1612 0.2776 0.1710 0.1044 
        H151  4 0.3417 0.1004 0.1378 0.1358 0.0789 0.2054 
        H152  4 0.1153 0.1621 0.1386 0.1828 0.0945 0.3066 
     H171803  4 0.4398 0.1223 0.1307 0.1097 0.0931 0.1044 
     H171804  4 0.3098 0.1264 0.1239 0.1246 0.1498 0.1655 
     H171833  4 0.0903 0.2101 0.1592 0.3032 0.1524 0.0849 
     H171855  4 0.3482 0.0988 0.1231 0.1460 0.0830 0.2010 
     H171856  4 0.3286 0.1612 0.1115 0.1267 0.1755 0.0965 
     H171857  4 0.3077 0.1347 0.1184 0.1513 0.1358 0.1521 
     H171858  4 0.0960 0.1859 0.1400 0.2030 0.1465 0.2286 
     H171859  4 0.1608 0.1652 0.1730 0.1992 0.1512 0.1506 
     H171961  4 0.1702 0.1469 0.1898 0.1387 0.1269 0.2276 
        H198  4 0.0681 0.1915 0.2578 0.2329 0.1406 0.1091 
      H20001  4 0.1123 0.2132 0.1909 0.2263 0.1664 0.0909 
        H403  4 0.2807 0.1462 0.1407 0.1602 0.1479 0.1243 
        H404  4 0.0719 0.1863 0.2223 0.1848 0.1573 0.1774 
        H405  4 0.0919 0.1998 0.1443 0.2282 0.1958 0.1400 
        H406  4 0.1423 0.1620 0.0967 0.2038 0.3148 0.0805 
        H407  4 0.2784 0.1662 0.0914 0.1206 0.2152 0.1283 
        H410  4 0.1147 0.2188 0.0756 0.0982 0.4260 0.0667 
        H411  4 0.0747 0.1895 0.1966 0.2161 0.2080 0.1151 
        H468  4 0.3564 0.1478 0.1223 0.1769 0.1276 0.0691 
        H476  4 0.2355 0.1452 0.1748 0.1717 0.1570 0.1159 
        H477  4 0.1274 0.2056 0.1706 0.2789 0.1211 0.0963 
        H478  4 0.1207 0.1852 0.2808 0.1400 0.1310 0.1423 
        H479  4 0.1761 0.1537 0.1170 0.1799 0.1186 0.2548 
        H480  4 0.1056 0.2105 0.1862 0.2042 0.1999 0.0936 
        H498  4 0.1022 0.1667 0.2397 0.2221 0.1421 0.1272 
        H499  4 0.1246 0.1901 0.1444 0.1807 0.1637 0.1965 
        H500  4 0.3500 0.1192 0.1197 0.0984 0.1247 0.1879 
        H515  4 0.1635 0.1521 0.1667 0.1375 0.1758 0.2044 
        H516  4 0.1288 0.1734 0.1622 0.2085 0.2010 0.1261 
        H517  4 0.1692 0.1843 0.1353 0.1478 0.2592 0.1043 
        H518  4 0.2437 0.1402 0.1102 0.1855 0.1151 0.2053 
        H520  4 0.4302 0.1086 0.1008 0.1270 0.1119 0.1215 
        H521  4 0.1420 0.1938 0.1765 0.1642 0.1725 0.1511 
        H522  4 0.2756 0.1540 0.1610 0.1602 0.1365 0.1126 
        H523  4 0.1533 0.1556 0.1978 0.1830 0.1723 0.1382 
        H536  4 0.1277 0.1904 0.1161 0.2690 0.1261 0.1707 
        H645  4 0.1539 0.1675 0.1395 0.1156 0.1401 0.2835 
        H646  4 0.0942 0.2214 0.1356 0.1873 0.2897 0.0719 
        H647  4 0.2154 0.1713 0.1614 0.1855 0.1417 0.1248 
        H657  4 0.1527 0.1868 0.1384 0.1999 0.2433 0.0789 
        H658  4 0.2063 0.1640 0.1503 0.1546 0.1819 0.1429 
        H659  4 0.4630 0.0872 0.1324 0.0858 0.0689 0.1627 
        H660  4 0.1572 0.1431 0.2110 0.1744 0.1261 0.1883 
        H661  4 0.3067 0.1271 0.1714 0.1594 0.0910 0.1444 
        H668  4 0.0753 0.1777 0.2448 0.1636 0.1540 0.1845 
        H669  4 0.1491 0.1759 0.1480 0.1487 0.2078 0.1706 
        H670  4 0.0953 0.1481 0.1698 0.1153 0.0965 0.3750 
        H678  4 0.1995 0.1711 0.1817 0.1396 0.1913 0.1168 
        H679  4 0.0849 0.1780 0.1712 0.1500 0.3201 0.0957 
        H680  4 0.2413 0.1694 0.1265 0.2081 0.1581 0.0966 
        H681  4 0.1346 0.1508 0.2275 0.1445 0.1278 0.2148 
        H682  4 0.1708 0.1613 0.1755 0.1216 0.2831 0.0877 
        H683  4 0.2147 0.1323 0.1623 0.1705 0.1451 0.1750 
        H718  4 0.3026 0.1278 0.0873 0.0968 0.1295 0.2559 
        H719  4 0.1554 0.1380 0.1912 0.1310 0.1696 0.2148 
        H720  4 0.2053 0.1518 0.1441 0.1838 0.1011 0.2139 
        H721  4 0.2075 0.1441 0.1167 0.2386 0.1139 0.1791 
        H722  4 0.1952 0.1351 0.1446 0.2447 0.1074 0.1731 
        H723  4 0.2260 0.1363 0.1461 0.0974 0.1610 0.2331 
        H724  4 0.5152 0.0944 0.0726 0.0791 0.0850 0.1538 
        H725  4 0.4127 0.0922 0.0866 0.1133 0.0900 0.2053 
        H726  4 0.1711 0.1320 0.1472 0.1464 0.1396 0.2637 
        H727  4 0.2231 0.1508 0.1396 0.1222 0.1628 0.2015 
        H910  4 0.1863 0.1531 0.1438 0.1235 0.1828 0.2104 
        H911  4 0.1378 0.1676 0.1179 0.1808 0.3164 0.0795 
        H912  4 0.2192 0.1678 0.1254 0.1847 0.1858 0.1170 
        H913  4 0.2849 0.1512 0.1430 0.1418 0.1435 0.1356 
        H914  4 0.2712 0.1342 0.1438 0.1145 0.1089 0.2274 
        H915  4 0.2242 0.1635 0.1344 0.1677 0.2033 0.1068 
        H916  4 0.1439 0.1870 0.1446 0.2104 0.2051 0.1091 
       H9572  4 0.3339 0.1309 0.1891 0.1123 0.1384 0.0954 
        H015  5 0.0919 0.2066 0.2281 0.1898 0.1831 0.1005 
        H016  5 0.0790 0.1530 0.1524 0.3516 0.1556 0.1085 
        H017  5 0.2239 0.1773 0.1872 0.1947 0.1165 0.1005 
        H019  5 0.0818 0.1587 0.2426 0.2019 0.1580 0.1571 
        H020  5 0.1146 0.1808 0.1393 0.1506 0.1406 0.2740 
        H032  5 0.1808 0.1591 0.1449 0.1791 0.1894 0.1468 
        H033  5 0.0993 0.1914 0.2409 0.1764 0.1718 0.1202 
        H034  5 0.1485 0.1278 0.1789 0.1303 0.1156 0.2990 
        H035  5 0.2449 0.1811 0.1312 0.1683 0.1649 0.1094 
        H036  5 0.1501 0.2077 0.1233 0.1727 0.2424 0.1038 
        H037  5 0.2887 0.1403 0.1557 0.1263 0.1119 0.1772 
        H048  5 0.3954 0.1140 0.0949 0.0960 0.1148 0.1849 
        H049  5 0.1028 0.2277 0.1682 0.1968 0.1713 0.1332 
        H054  5 0.1569 0.1828 0.1053 0.2292 0.1947 0.1311 
        H055  5 0.1126 0.1415 0.2217 0.1710 0.1022 0.2510 
        H057  5 0.1257 0.1590 0.1548 0.3505 0.0900 0.1200 
        H060  5 0.0896 0.1404 0.1718 0.1698 0.0766 0.3518 
        H061  5 0.1233 0.1962 0.1921 0.1597 0.1396 0.1892 
        H064  5 0.1727 0.1406 0.1913 0.1533 0.1076 0.2344 
        H070  5 0.0981 0.1399 0.1876 0.1105 0.1390 0.3249 
        H077  5 0.1916 0.1010 0.1631 0.1105 0.1039 0.3299 
        H078  5 0.3116 0.1381 0.1428 0.1682 0.1156 0.1237 
        H079  5 0.0896 0.2187 0.1504 0.1281 0.2459 0.1673 
        H097  5 0.1425 0.1368 0.2242 0.2214 0.1062 0.1689 
        H107  5 0.3541 0.0937 0.1252 0.0836 0.0725 0.2709 
        H122  5 0.2104 0.1625 0.1702 0.2101 0.1252 0.1216 
        H123  5 0.1142 0.1729 0.1299 0.2091 0.2988 0.0751 
        H124  5 0.1139 0.1923 0.1352 0.1752 0.2789 0.1045 
        H131  5 0.1029 0.1885 0.1670 0.1829 0.2571 0.1016 
        H132  5 0.1851 0.1601 0.1507 0.1548 0.1550 0.1942 
        H141  5 0.3063 0.1480 0.1514 0.1382 0.1045 0.1515 
        H142  5 0.0791 0.1834 0.2635 0.1905 0.1555 0.1279 
        H157  5 0.3335 0.1257 0.1271 0.1254 0.1173 0.1710 
        H158  5 0.0787 0.2287 0.1783 0.2360 0.1916 0.0867 
        H159  5 0.1525 0.1919 0.1784 0.1887 0.1775 0.1109 
        H160  5 0.3122 0.1534 0.1091 0.1811 0.1516 0.0926 
        H163  5 0.1017 0.2051 0.1680 0.1911 0.2218 0.1123 
        H164  5 0.0758 0.1272 0.3305 0.1578 0.1618 0.1469 
        H165  5 0.0894 0.1935 0.2101 0.1544 0.2068 0.1458 
        H166  5 0.0808 0.2085 0.1760 0.1702 0.1670 0.1975 
        H169  5 0.0950 0.1898 0.2624 0.1585 0.1446 0.1497 
     H169613  5 0.0851 0.1565 0.2399 0.1825 0.1224 0.2136 
     H169653  5 0.0826 0.1909 0.2148 0.2153 0.1666 0.1298 
     H169728  5 0.2085 0.1771 0.1235 0.1969 0.1886 0.1053 
     H169742  5 0.1217 0.2116 0.0999 0.1076 0.1469 0.3124 
        H170  5 0.1142 0.1764 0.2387 0.2352 0.1110 0.1244 
        H171  5 0.0843 0.1881 0.1672 0.2975 0.1590 0.1039 
     H171851  5 0.1007 0.1510 0.2624 0.2212 0.1177 0.1471 
     H171852  5 0.3310 0.1228 0.1232 0.1631 0.0985 0.1614 
     H171853  5 0.2684 0.1349 0.1525 0.1480 0.1663 0.1299 
     H171854  5 0.1189 0.1609 0.2043 0.1803 0.2035 0.1321 
     H171938  5 0.1201 0.1660 0.1861 0.1532 0.1756 0.1990 
     H171939  5 0.1042 0.1699 0.1881 0.2220 0.1568 0.1589 
     H171941  5 0.1204 0.1039 0.1990 0.1114 0.0852 0.3801 
     H171965  5 0.0664 0.1887 0.2861 0.1931 0.1210 0.1447 
     H171970  5 0.2311 0.0977 0.1535 0.0928 0.0813 0.3435 
     H171973  5 0.1153 0.2004 0.1263 0.1737 0.1845 0.1998 
     H171974  5 0.1336 0.1558 0.2363 0.1441 0.1405 0.1897 
     H171975  5 0.1316 0.1633 0.1805 0.1374 0.1524 0.2347 
     H171976  5 0.1686 0.1976 0.1645 0.2168 0.1483 0.1042 
        H175  5 0.2507 0.1576 0.1281 0.1176 0.1353 0.2107 
        H178  5 0.0971 0.1621 0.2220 0.1525 0.1235 0.2428 
        H189  5 0.0694 0.1831 0.2226 0.2274 0.2142 0.0832 
        H399  5 0.2835 0.1326 0.0685 0.3186 0.1293 0.0676 
        H416  5 0.1455 0.1658 0.1568 0.1371 0.1559 0.2390 
        H438  5 0.1720 0.1843 0.1447 0.1273 0.2236 0.1480 
        H450  5 0.1284 0.1332 0.1823 0.1232 0.0729 0.3601 
        H455  5 0.1656 0.1033 0.1607 0.0884 0.0931 0.3890 
        H456  5 0.1587 0.1907 0.1566 0.1443 0.1616 0.1882 
        H457  5 0.1834 0.1360 0.1528 0.1681 0.0927 0.2669 
        H458  5 0.1844 0.1387 0.1925 0.1683 0.1253 0.1907 
        H459  5 0.0961 0.1899 0.2281 0.1925 0.1900 0.1033 
        H460  5 0.2246 0.1780 0.1705 0.1448 0.1529 0.1292 
        H461  5 0.1077 0.2012 0.1743 0.2225 0.1607 0.1336 
        H462  5 0.0932 0.2071 0.1339 0.1632 0.2691 0.1336 
        H469  5 0.0704 0.1782 0.1754 0.1680 0.2990 0.1090 
        H470  5 0.2336 0.1390 0.2063 0.1499 0.1594 0.1118 
        H471  5 0.1257 0.1817 0.1520 0.2278 0.2415 0.0712 
        H481  5 0.3447 0.1088 0.0954 0.0976 0.0908 0.2628 
        H482  5 0.1424 0.1231 0.1854 0.1414 0.1085 0.2992 
        H501  5 0.1779 0.1638 0.2052 0.1522 0.1536 0.1474 
        H502  5 0.0666 0.1831 0.2227 0.2365 0.1951 0.0959 
        H503  5 0.1404 0.2222 0.1515 0.1812 0.2041 0.1006 
        H509  5 0.3619 0.1226 0.1156 0.1100 0.1474 0.1425 
        H510  5 0.0730 0.1673 0.2299 0.1675 0.1531 0.2092 
        H511  5 0.0732 0.1848 0.2344 0.2215 0.1532 0.1329 
        H530  5 0.2038 0.1564 0.1556 0.1334 0.1631 0.1877 
        H531  5 0.4026 0.1188 0.1068 0.1305 0.0972 0.1441 
        H564  5 0.1760 0.1730 0.1463 0.1523 0.1293 0.2232 
        H565  5 0.2497 0.1648 0.1169 0.1094 0.0940 0.2652 
        H567  5 0.0699 0.2185 0.1387 0.1536 0.2981 0.1211 
     H568???  5 0.0994 0.1995 0.1540 0.2616 0.1919 0.0936 
        H608  5 0.1265 0.1177 0.1585 0.1239 0.0864 0.3870 
        H609  5 0.0940 0.1647 0.2118 0.1346 0.1552 0.2397 
        H612  5 0.3529 0.1099 0.1088 0.0843 0.0903 0.2538 
        H614  5 0.4303 0.1050 0.0905 0.1230 0.0809 0.1702 
        H615  5 0.2592 0.1416 0.1615 0.1455 0.1066 0.1856 
        H616  5 0.2576 0.0970 0.1095 0.0818 0.0854 0.3688 
        H617  5 0.1187 0.2058 0.1546 0.1511 0.2600 0.1098 
        H618  5 0.2453 0.1394 0.1345 0.1303 0.1278 0.2227 
        H619  5 0.0665 0.1874 0.1804 0.1135 0.1197 0.3324 
        H635  5 0.0874 0.1758 0.2213 0.1858 0.1640 0.1657 
        H636  5 0.0784 0.1854 0.1821 0.1385 0.1644 0.2511 
        H637  5 0.1207 0.1830 0.1305 0.1225 0.1268 0.3166 
        H644  5 0.0524 0.1638 0.1493 0.3577 0.2022 0.0747 
        H711  5 0.1290 0.2023 0.2349 0.2159 0.1122 0.1058 
        H712  5 0.1393 0.1502 0.1334 0.1170 0.1205 0.3396 
       H7360  5 0.1507 0.1350 0.2391 0.2332 0.0946 0.1474 
       H7361  5 0.1403 0.1523 0.1673 0.1565 0.1146 0.2690 
       H7362  5 0.0724 0.2002 0.1210 0.3540 0.1784 0.0740 
       H7363  5 0.1549 0.1738 0.1467 0.1606 0.1714 0.1927 
       H7394  5 0.0625 0.1797 0.2518 0.1624 0.2397 0.1039 
       H7395  5 0.1169 0.1607 0.2387 0.1893 0.1179 0.1764 
       H7396  5 0.1613 0.1773 0.1867 0.1613 0.1523 0.1611 
        H742  5 0.1247 0.2032 0.0971 0.1026 0.1423 0.3300 
        H743  5 0.1684 0.1687 0.1292 0.1386 0.1595 0.2356 
        H744  5 0.3366 0.1325 0.0868 0.0927 0.1557 0.1957 
        H957  5 0.1534 0.1784 0.2174 0.1960 0.1399 0.1149 
        H958  5 0.1603 0.1766 0.1439 0.1677 0.2341 0.1174 
        H959  5 0.1517 0.1110 0.2011 0.1091 0.0985 0.3286 
        H960  5 0.1466 0.2073 0.1173 0.1544 0.2105 0.1639 
      H_PALI  6 0.0933 0.1489 0.2789 0.1789 0.1363 0.1638 
        H581  6 0.3127 0.1460 0.1202 0.1346 0.1484 0.1380 
        H582  6 0.4111 0.0924 0.1263 0.1165 0.0713 0.1825 
        H583  6 0.2576 0.1582 0.1536 0.1625 0.1368 0.1312 
        H595  6 0.1133 0.1705 0.1566 0.1805 0.2998 0.0793 
        H596  6 0.0843 0.1992 0.1269 0.1688 0.3434 0.0774 
        H597  6 0.0808 0.1895 0.1441 0.2752 0.1883 0.1220 
        H598  6 0.1715 0.1634 0.1834 0.1433 0.1678 0.1706 
        H599  6 0.1177 0.1441 0.1937 0.1088 0.1293 0.3065 
        H642  6 0.1890 0.1651 0.1694 0.1939 0.2122 0.0702 
        H643  6 0.1545 0.1647 0.1308 0.1556 0.2570 0.1374 
        H664  6 0.4800 0.1110 0.1256 0.1152 0.0789 0.0894 
        H665  6 0.1035 0.1852 0.2033 0.1348 0.1824 0.1906 
        H674  6 0.0748 0.1608 0.2170 0.2590 0.1816 0.1069 
        H675  6 0.1892 0.1476 0.1842 0.1476 0.1347 0.1966 
        H676  6 0.0702 0.1789 0.1854 0.1862 0.2391 0.1401 
        H686  6 0.1253 0.1836 0.1822 0.2295 0.1407 0.1388 
        H687  6 0.1784 0.1604 0.1399 0.2217 0.1815 0.1181 
        H917  6 0.0897 0.1995 0.1388 0.1469 0.3020 0.1233 
        H918  6 0.1120 0.1842 0.1872 0.1482 0.1487 0.2198 
        H919  6 0.2611 0.1289 0.1036 0.0970 0.1337 0.2757 
        H920  6 0.1698 0.1422 0.2073 0.1519 0.1290 0.1997 
        H631  7 0.2189 0.1534 0.1623 0.1661 0.1119 0.1874 
        H684  7 0.0455 0.1855 0.3320 0.2126 0.1270 0.0974 
        H685  7 0.4601 0.1134 0.0802 0.0872 0.1722 0.0869 
        H713  7 0.5111 0.0860 0.1176 0.0888 0.0741 0.1225 
        H715  7 0.0729 0.1719 0.2739 0.2136 0.1411 0.1267 
        H716  7 0.0979 0.1427 0.1770 0.1496 0.1144 0.3185 
        H717  7 0.1663 0.1680 0.1744 0.1575 0.1440 0.1898 
        H729  7 0.0653 0.2024 0.1876 0.1191 0.3322 0.0933 
        H730  7 0.1362 0.2165 0.1106 0.1080 0.2534 0.1753 
        H431  8 0.2846 0.1418 0.1126 0.1243 0.2117 0.1250 
        H432  8 0.0637 0.2409 0.1191 0.2491 0.1908 0.1365 
        H433  8 0.0984 0.1749 0.1928 0.1500 0.2378 0.1461 
        H434  8 0.1049 0.1696 0.2505 0.1678 0.1806 0.1266 
        H444  8 0.0711 0.1488 0.2451 0.1562 0.1549 0.2239 
        H454  8 0.2103 0.1043 0.1903 0.0959 0.1115 0.2877 
        H475  8 0.1752 0.0926 0.1614 0.0969 0.0807 0.3931 
        H491  8 0.1059 0.1370 0.2077 0.1524 0.1032 0.2937 
        H492  8 0.2840 0.1511 0.1358 0.1513 0.1281 0.1496 
        H493  8 0.1399 0.1713 0.2152 0.2106 0.1565 0.1065 
        H494  8 0.1837 0.1799 0.1234 0.1484 0.1722 0.1923 
        H495  8 0.2832 0.1274 0.1508 0.1439 0.0704 0.2243 
        H662  8 0.2497 0.1773 0.1465 0.1920 0.1263 0.1082 
        H663  8 0.1322 0.2066 0.1189 0.1671 0.2068 0.1683 
        H695  8 0.1857 0.1830 0.1429 0.1506 0.1891 0.1487 
       H7367  8 0.0671 0.2203 0.1450 0.1341 0.3565 0.0769 
       H7368  8 0.0918 0.2044 0.1875 0.2406 0.1664 0.1093 
       H7369  8 0.0913 0.1693 0.1987 0.1343 0.1520 0.2544 
       H7370  8 0.1192 0.1874 0.1543 0.1332 0.3328 0.0731 
       H7371  8 0.1535 0.1821 0.1779 0.1453 0.2199 0.1213 
        H600  9 0.1952 0.1288 0.1411 0.1418 0.1197 0.2734 
        H648  9 0.1277 0.1660 0.1969 0.2265 0.1614 0.1216 
        H696  9 0.1364 0.2019 0.1452 0.2385 0.2070 0.0710 
        H697  9 0.1359 0.1971 0.1230 0.1503 0.2438 0.1498 
        H698  9 0.1285 0.1901 0.1137 0.1780 0.3021 0.0875 
        H699  9 0.1060 0.1713 0.1983 0.1824 0.1901 0.1518 
        H700  9 0.1626 0.1171 0.1933 0.1410 0.0817 0.3043 
        H732  9 0.3526 0.1108 0.1256 0.1345 0.0962 0.1803 
        H733  9 0.0898 0.1822 0.1790 0.1486 0.3002 0.1003 
        H734  9 0.1310 0.2068 0.2044 0.1776 0.1706 0.1096 
        H735  9 0.1628 0.1795 0.1479 0.1355 0.2862 0.0882 
        H736  9 0.2086 0.1696 0.2027 0.1734 0.1015 0.1442 
        H737  9 0.1413 0.1810 0.1175 0.1419 0.2137 0.2046 
        H905  9 0.1036 0.1226 0.2304 0.1205 0.0998 0.3230 
        H921  9 0.1696 0.1526 0.1854 0.1331 0.1756 0.1838 
        H922  9 0.0845 0.1840 0.1874 0.1732 0.2533 0.1175 
     H169705 10 0.1492 0.1891 0.1161 0.1130 0.3566 0.0761 
     H171942 10 0.0667 0.2511 0.1174 0.2552 0.1783 0.1314 
     H171943 10 0.1748 0.1961 0.1501 0.1942 0.1495 0.1353 
     H171944 10 0.2003 0.1762 0.1523 0.1471 0.2036 0.1204 
     H171946 10 0.3892 0.1327 0.1305 0.1526 0.0939 0.1011 
     H171947 10 0.0937 0.1756 0.2321 0.1715 0.1735 0.1536 
     H229641 10 0.1766 0.1531 0.1714 0.1686 0.2016 0.1287 
      H30001 10 0.1397 0.1430 0.1948 0.1700 0.1888 0.1637 
      H30002 10 0.1007 0.1495 0.2941 0.1410 0.1240 0.1907 
      H30005 10 0.1615 0.1911 0.1007 0.1305 0.3366 0.0796 
      H30006 10 0.0815 0.2058 0.1426 0.1625 0.2868 0.1209 
      H30007 10 0.0755 0.2000 0.2124 0.2425 0.1173 0.1524 
        H451 10 0.0694 0.1739 0.2336 0.1942 0.1996 0.1293 
        H452 10 0.1641 0.1979 0.0729 0.1182 0.3686 0.0784 
        H453 10 0.2072 0.1284 0.1525 0.1717 0.0730 0.2673 
        H473 10 0.1265 0.1528 0.1320 0.1729 0.0982 0.3176 
        H474 10 0.4789 0.0800 0.1026 0.0938 0.0809 0.1637 
        H486 10 0.1986 0.1377 0.1686 0.1496 0.1810 0.1644 
        H487 10 0.1673 0.1706 0.1512 0.1205 0.1961 0.1943 
        H488 10 0.1066 0.1408 0.2129 0.1450 0.1589 0.2357 
        H489 10 0.3283 0.1241 0.1205 0.1144 0.1368 0.1759 
        H550 10 0.1344 0.1637 0.3147 0.1953 0.1048 0.0872 
        H551 10 0.1874 0.1997 0.1353 0.1026 0.2537 0.1212 
        H553 10 0.3123 0.1535 0.0851 0.0995 0.2197 0.1300 
        H554 10 0.0954 0.1406 0.3091 0.1983 0.1395 0.1171 
        H556 10 0.2429 0.1629 0.1520 0.1596 0.1664 0.1162 
        H580 10 0.1210 0.2013 0.1574 0.1700 0.2349 0.1154 
        H591 10 0.3501 0.0908 0.1252 0.0892 0.0992 0.2455 
        H592 10 0.2845 0.1457 0.1373 0.1429 0.1590 0.1305 
        H593 10 0.1168 0.1658 0.2418 0.1959 0.1360 0.1436 
        H594 10 0.0712 0.2163 0.1662 0.2430 0.2191 0.0842 
        H627 10 0.1813 0.1467 0.2143 0.1931 0.1302 0.1345 
        H628 10 0.0596 0.2325 0.1561 0.1817 0.2126 0.1575 
        H629 10 0.2911 0.1535 0.1127 0.2008 0.1439 0.0981 
        H630 10 0.3008 0.1538 0.1350 0.1298 0.2001 0.0805 
        H638 10 0.1685 0.1709 0.1416 0.1501 0.2817 0.0871 
        H639 10 0.4382 0.1032 0.0870 0.1340 0.1067 0.1309 
        H640 10 0.1732 0.1955 0.1584 0.1716 0.1937 0.1076 
        H704 10 0.0910 0.1981 0.1596 0.2559 0.1797 0.1157 
        H705 10 0.1325 0.1799 0.1126 0.1146 0.3765 0.0839 
        H706 10 0.1705 0.1524 0.1538 0.1108 0.1790 0.2335 
        H708 10 0.4521 0.1256 0.1269 0.0975 0.0798 0.1181 
       H7351 10 0.1513 0.1683 0.2453 0.2021 0.1184 0.1145 
       H7352 10 0.2128 0.1810 0.1510 0.1608 0.1579 0.1366 
       H7353 10 0.0640 0.1570 0.1367 0.4095 0.1298 0.1031 
       H7354 10 0.0910 0.1158 0.2152 0.1556 0.0715 0.3509 
       H7365 10 0.4940 0.0937 0.0757 0.0906 0.0897 0.1562 
       H7383 10 0.1856 0.1323 0.1704 0.1472 0.1535 0.2111 
       H7384 10 0.1160 0.1771 0.2000 0.1437 0.1697 0.1934 
       H7385 10 0.1742 0.1306 0.1691 0.1184 0.1290 0.2788 
       H7386 10 0.1234 0.1629 0.2059 0.1723 0.2015 0.1341 
       H7387 10 0.1017 0.2042 0.1973 0.2002 0.1526 0.1441 
       H7388 10 0.1484 0.2041 0.0924 0.1229 0.3394 0.0927 
        H906 10 0.1095 0.1436 0.1773 0.1909 0.1003 0.2784 
        H907 10 0.0871 0.1787 0.1886 0.1984 0.2497 0.0976 
        H908 10 0.1421 0.1634 0.2228 0.1509 0.1751 0.1457 
        H909 10 0.0705 0.1458 0.2161 0.1389 0.0818 0.3470 
       H9552 10 0.1299 0.1725 0.1402 0.2463 0.1718 0.1393 
       H9553 10 0.2402 0.1895 0.0869 0.1039 0.2718 0.1078 
       H9555 10 0.1230 0.1985 0.1609 0.1489 0.2409 0.1278 
       H9575 10 0.3062 0.1402 0.1476 0.1607 0.0989 0.1463 
       H9703 10 0.3286 0.1284 0.0998 0.0823 0.1453 0.2156 
       H9707 10 0.2391 0.1263 0.1618 0.1267 0.1473 0.1988 
       HSAA4 10 0.1252 0.2040 0.1575 0.1655 0.2290 0.1187 
        H001 11 0.1501 0.1663 0.1373 0.1691 0.1295 0.2477 
        H004 11 0.1159 0.1613 0.2212 0.1846 0.1379 0.1789 
        H005 11 0.1587 0.0915 0.1805 0.0937 0.0788 0.3969 
        H006 11 0.1449 0.1660 0.2125 0.1678 0.1488 0.1599 
        H007 11 0.1356 0.1223 0.1445 0.0935 0.1144 0.3896 
        H031 11 0.4285 0.1016 0.0884 0.0764 0.1175 0.1876 
        H074 11 0.4686 0.1030 0.1112 0.1150 0.0967 0.1055 
        H075 11 0.2310 0.1553 0.1140 0.1000 0.0866 0.3130 
        H080 11 0.2453 0.1280 0.1353 0.1293 0.1621 0.2000 
        H086 11 0.1209 0.1870 0.1779 0.1328 0.2568 0.1246 
        H092 11 0.1517 0.1614 0.1417 0.1454 0.1909 0.2090 
        H093 11 0.0703 0.1865 0.1743 0.3004 0.1485 0.1200 
        H094 11 0.1780 0.1709 0.1522 0.1840 0.2320 0.0830 
        H095 11 0.2477 0.1398 0.1198 0.1553 0.1020 0.2355 
        H096 11 0.1393 0.1535 0.1705 0.1320 0.1214 0.2833 
        H099 11 0.1682 0.1282 0.1873 0.1685 0.1346 0.2132 
        H100 11 0.0782 0.2535 0.1321 0.1819 0.1442 0.2101 
        H127 11 0.2305 0.1816 0.1243 0.1297 0.2102 0.1237 
        H136 11 0.2814 0.1135 0.1334 0.1246 0.1044 0.2426 
        H153 11 0.1035 0.1675 0.2140 0.2033 0.1604 0.1514 
        H154 11 0.4448 0.1076 0.0983 0.1103 0.1039 0.1352 
        H155 11 0.0774 0.2292 0.1283 0.1279 0.2733 0.1639 
