        H102  1 0.2036 0.2014 0.3113 0.2838 
        H103  1 0.3089 0.3174 0.2048 0.1688 
        H104  1 0.1998 0.2464 0.2622 0.2917 
        H105  1 0.2128 0.2420 0.3318 0.2134 
        H106  1 0.2482 0.2758 0.2381 0.2379 
        H112  1 0.2104 0.2385 0.2415 0.3095 
        H113  1 0.2160 0.2710 0.2823 0.2307 
        H114  1 0.2165 0.2827 0.2974 0.2034 
        H115  1 0.1900 0.2349 0.3077 0.2673 
        H143  1 0.2346 0.2136 0.3195 0.2323 
        H144  1 0.3081 0.2079 0.3214 0.1625 
        H145  1 0.3095 0.2701 0.2429 0.1775 
        H149  1 0.1994 0.2342 0.2703 0.2961 
        H150  1 0.2648 0.2248 0.2569 0.2535 
     H167542  1 0.2047 0.2272 0.3638 0.2043 
     H169604  1 0.2190 0.2379 0.3283 0.2148 
     H169607  1 0.2685 0.2482 0.3095 0.1738 
     H169608  1 0.2178 0.2068 0.2131 0.3623 
     H169633  1 0.2524 0.2742 0.2977 0.1757 
     H169688  1 0.3268 0.2538 0.2125 0.2070 
     H169714  1 0.2290 0.2338 0.2262 0.3111 
     H171802  1 0.2245 0.2718 0.1834 0.3203 
     H171805  1 0.2700 0.2811 0.2424 0.2065 
     H171807  1 0.2339 0.2213 0.2821 0.2628 
     H171814  1 0.3619 0.2511 0.2063 0.1808 
     H171816  1 0.2297 0.2410 0.2290 0.3003 
     H171817  1 0.2158 0.2541 0.2435 0.2866 
     H171818  1 0.2305 0.2714 0.2695 0.2286 
     H171819  1 0.2336 0.2639 0.2227 0.2798 
     H171834  1 0.2255 0.2158 0.3133 0.2454 
     H171835  1 0.2050 0.2108 0.1940 0.3903 
     H171836  1 0.2624 0.3273 0.2651 0.1452 
     H171837  1 0.2207 0.2392 0.2564 0.2837 
     H171838  1 0.2688 0.2943 0.2238 0.2131 
     H171839  1 0.2050 0.2524 0.2637 0.2789 
     H171841  1 0.2333 0.2071 0.1648 0.3948 
     H171860  1 0.2237 0.2384 0.2869 0.2510 
     H171861  1 0.2600 0.2915 0.2920 0.1566 
     H171862  1 0.2416 0.2375 0.2753 0.2456 
     H171868  1 0.1963 0.2145 0.3702 0.2191 
     H171869  1 0.3277 0.2435 0.2210 0.2077 
     H171870  1 0.2747 0.2468 0.2209 0.2576 
     H171871  1 0.2798 0.3236 0.1969 0.1997 
     H171872  1 0.2061 0.2346 0.2775 0.2818 
     H171873  1 0.2876 0.2497 0.2087 0.2539 
     H171874  1 0.2623 0.2180 0.3130 0.2067 
     H171875  1 0.2632 0.2433 0.3291 0.1644 
     H171876  1 0.2220 0.2487 0.3391 0.1901 
     H171877  1 0.1948 0.2134 0.3877 0.2041 
     H171878  1 0.2812 0.2241 0.2064 0.2884 
     H171901  1 0.2262 0.3108 0.1687 0.2944 
     H171902  1 0.2891 0.2163 0.2490 0.2456 
     H171903  1 0.2309 0.2568 0.2698 0.2424 
     H171935  1 0.2481 0.2606 0.1847 0.3066 
     H171936  1 0.2319 0.2838 0.2875 0.1969 
     H171940  1 0.2153 0.1919 0.3249 0.2679 
     H171945  1 0.2852 0.2372 0.2279 0.2497 
     H171948  1 0.2007 0.2398 0.2762 0.2833 
     H171949  1 0.2088 0.2139 0.2431 0.3343 
     H171950  1 0.2143 0.2210 0.1896 0.3750 
     H171963  1 0.3082 0.2609 0.2313 0.1997 
     H171964  1 0.3735 0.1813 0.2373 0.2079 
     H171966  1 0.2454 0.2700 0.2273 0.2572 
     H171968  1 0.2588 0.1920 0.2695 0.2797 
     H171971  1 0.2611 0.2919 0.2083 0.2387 
     H171972  1 0.2914 0.2529 0.2586 0.1972 
     H171977  1 0.3155 0.2405 0.2513 0.1926 
     H171978  1 0.2494 0.2358 0.2024 0.3124 
     H171979  1 0.2564 0.3079 0.2681 0.1675 
        H176  1 0.2548 0.2363 0.2788 0.2301 
        H177  1 0.1982 0.2461 0.2222 0.3336 
        H179  1 0.1904 0.2252 0.2775 0.3069 
        H181  1 0.2822 0.2631 0.2721 0.1825 
        H182  1 0.2552 0.3021 0.2736 0.1691 
        H183  1 0.3096 0.2665 0.2232 0.2007 
        H184  1 0.2067 0.2359 0.2726 0.2847 
        H185  1 0.2760 0.2631 0.2747 0.1862 
        H186  1 0.2906 0.1666 0.2600 0.2828 
        H187  1 0.2417 0.3227 0.2008 0.2348 
        H188  1 0.1996 0.1975 0.3442 0.2587 
        H192  1 0.2079 0.2298 0.2396 0.3227 
        H193  1 0.2783 0.2716 0.2645 0.1856 
        H194  1 0.2114 0.2411 0.2982 0.2493 
        H195  1 0.3653 0.2180 0.2235 0.1932 
        H199  1 0.3103 0.2567 0.2336 0.1994 
        H200  1 0.2489 0.2436 0.2337 0.2738 
        H414  1 0.2522 0.3240 0.2132 0.2106 
        H415  1 0.2397 0.2825 0.2758 0.2019 
        H422  1 0.2897 0.2042 0.2337 0.2725 
        H423  1 0.1895 0.2080 0.1985 0.4040 
        H424  1 0.3061 0.2883 0.2238 0.1818 
        H425  1 0.3434 0.2367 0.2265 0.1934 
        H426  1 0.3395 0.2553 0.1879 0.2173 
        H443  1 0.3174 0.1723 0.3117 0.1986 
        H466  1 0.2263 0.2596 0.2780 0.2361 
        H467  1 0.2295 0.1927 0.2175 0.3603 
        H472  1 0.2436 0.2656 0.2710 0.2197 
        H483  1 0.2433 0.2170 0.3629 0.1767 
        H504  1 0.3355 0.2601 0.2162 0.1882 
        H505  1 0.2227 0.2493 0.2663 0.2616 
        H506  1 0.2720 0.2251 0.2466 0.2563 
        H507  1 0.2658 0.3211 0.2707 0.1424 
        H508  1 0.2613 0.2757 0.2085 0.2545 
        H524  1 0.2719 0.3174 0.2398 0.1709 
        H525  1 0.2674 0.2142 0.2976 0.2209 
        H526  1 0.2163 0.2208 0.3738 0.1892 
        H527  1 0.2227 0.2536 0.2310 0.2927 
        H528  1 0.2951 0.2441 0.2750 0.1858 
        H529  1 0.2843 0.2878 0.2625 0.1654 
        H533  1 0.2183 0.4151 0.2192 0.1474 
        H538  1 0.2137 0.2481 0.3022 0.2361 
        H539  1 0.2730 0.2938 0.2023 0.2309 
        H540  1 0.2300 0.2732 0.2548 0.2420 
        H541  1 0.2257 0.2498 0.3125 0.2119 
        H558  1 0.3146 0.2672 0.1960 0.2221 
        H559  1 0.2437 0.1895 0.3150 0.2518 
        H579  1 0.2770 0.2336 0.2792 0.2102 
        H584  1 0.3126 0.2403 0.2314 0.2158 
        H585  1 0.2691 0.2717 0.2603 0.1988 
        H605  1 0.2392 0.2635 0.2502 0.2471 
        H606  1 0.2054 0.1894 0.2593 0.3459 
        H632  1 0.3410 0.2105 0.2427 0.2058 
        H634  1 0.2669 0.2667 0.2479 0.2185 
        H671  1 0.2141 0.2259 0.2125 0.3475 
        H672  1 0.2668 0.2942 0.2199 0.2190 
        H673  1 0.2660 0.1904 0.3435 0.2001 
        H689  1 0.2739 0.2225 0.3034 0.2002 
        H690  1 0.2035 0.2404 0.2698 0.2863 
        H691  1 0.2074 0.2303 0.3426 0.2198 
        H692  1 0.2881 0.2714 0.3052 0.1353 
        H709  1 0.2433 0.3004 0.2376 0.2187 
        H710  1 0.3160 0.2474 0.2692 0.1674 
       H7355  1 0.2180 0.2627 0.3291 0.1902 
       H7356  1 0.2758 0.2360 0.2489 0.2393 
       H7357  1 0.2154 0.2679 0.2638 0.2529 
       H7358  1 0.2639 0.2484 0.3081 0.1795 
       H7380  1 0.2567 0.2282 0.3031 0.2120 
       H7381  1 0.2544 0.2313 0.2165 0.2978 
       H7382  1 0.2593 0.2269 0.3022 0.2116 
        H904  1 0.1719 0.1734 0.2304 0.4243 
        H923  1 0.2634 0.2374 0.2398 0.2593 
        H924  1 0.2286 0.2278 0.2554 0.2882 
        H925  1 0.2394 0.2470 0.3148 0.1988 
       H9558  1 0.3362 0.2640 0.1865 0.2133 
        H008  2 0.2326 0.2646 0.3334 0.1693 
        H021  2 0.2057 0.2353 0.2790 0.2801 
        H023  2 0.1983 0.2452 0.2750 0.2815 
        H024  2 0.3358 0.2801 0.2115 0.1726 
        H025  2 0.2642 0.1987 0.2246 0.3125 
        H026  2 0.3525 0.2305 0.2203 0.1966 
        H027  2 0.2384 0.2737 0.2934 0.1944 
        H028  2 0.2764 0.2564 0.2717 0.1955 
        H029  2 0.2772 0.2703 0.2457 0.2068 
        H030  2 0.3305 0.2596 0.2259 0.1839 
        H038  2 0.2435 0.2356 0.2157 0.3051 
        H039  2 0.1691 0.1768 0.1589 0.4952 
        H040  2 0.2269 0.2852 0.1903 0.2976 
        H041  2 0.2037 0.2296 0.3475 0.2192 
        H042  2 0.2206 0.2473 0.2793 0.2529 
        H043  2 0.2358 0.2295 0.1614 0.3732 
        H044  2 0.2776 0.3180 0.2086 0.1959 
        H047  2 0.2673 0.2181 0.1921 0.3225 
        H050  2 0.3021 0.3047 0.1909 0.2023 
        H058  2 0.2435 0.2871 0.1863 0.2832 
        H062  2 0.2169 0.2064 0.3051 0.2716 
        H063  2 0.2003 0.2557 0.2199 0.3241 
        H065  2 0.3150 0.2084 0.2267 0.2500 
        H066  2 0.2812 0.3050 0.1773 0.2365 
        H067  2 0.2330 0.2291 0.3436 0.1943 
        H068  2 0.2143 0.2689 0.1857 0.3311 
        H069  2 0.2936 0.2900 0.1892 0.2272 
        H071  2 0.2236 0.2322 0.2402 0.3040 
        H072  2 0.2000 0.2203 0.2152 0.3646 
        H073  2 0.2756 0.2506 0.2780 0.1959 
        H081  2 0.1849 0.2188 0.3680 0.2282 
        H082  2 0.2833 0.3131 0.2386 0.1650 
        H083  2 0.3165 0.2381 0.2567 0.1887 
        H084  2 0.2291 0.3115 0.1969 0.2625 
        H085  2 0.1970 0.2144 0.3803 0.2084 
        H087  2 0.1839 0.1903 0.4107 0.2151 
        H088  2 0.1937 0.2467 0.2644 0.2952 
        H089  2 0.2369 0.2550 0.3291 0.1790 
        H090  2 0.2906 0.2750 0.2421 0.1923 
        H091  2 0.2653 0.2708 0.2973 0.1667 
        H098  2 0.2455 0.2855 0.2617 0.2073 
      H10001  2 0.1778 0.1776 0.1672 0.4773 
      H10002  2 0.1892 0.2200 0.2885 0.3023 
        H101  2 0.2688 0.3637 0.1638 0.2037 
        H108  2 0.1938 0.1807 0.3432 0.2823 
        H109  2 0.2410 0.3193 0.1722 0.2675 
        H110  2 0.2091 0.2235 0.3809 0.1865 
        H116  2 0.2965 0.2461 0.2469 0.2105 
        H117  2 0.2188 0.2778 0.2975 0.2058 
        H118  2 0.3147 0.2221 0.3083 0.1548 
        H119  2 0.2259 0.2197 0.2442 0.3103 
        H120  2 0.1764 0.1784 0.2865 0.3587 
        H121  2 0.2851 0.2332 0.2980 0.1837 
        H125  2 0.1713 0.1845 0.1744 0.4698 
        H126  2 0.3264 0.2083 0.2399 0.2255 
        H128  2 0.4159 0.2500 0.2036 0.1305 
        H129  2 0.3448 0.2295 0.2496 0.1761 
        H130  2 0.2495 0.2371 0.1753 0.3381 
        H133  2 0.2099 0.2140 0.1720 0.4042 
        H134  2 0.4368 0.1894 0.1907 0.1831 
        H135  2 0.2103 0.2503 0.2970 0.2424 
        H137  2 0.2368 0.3034 0.2331 0.2267 
        H138  2 0.3342 0.2457 0.2164 0.2037 
        H140  2 0.2585 0.2327 0.2638 0.2451 
        H146  2 0.3098 0.2535 0.2363 0.2004 
        H147  2 0.2265 0.2687 0.3051 0.1996 
        H148  2 0.2040 0.2934 0.2990 0.2036 
     H166022  2 0.2426 0.3240 0.2574 0.1760 
     H167359  2 0.2549 0.2849 0.2352 0.2250 
     H167397  2 0.2847 0.3402 0.2362 0.1389 
     H167428  2 0.2539 0.2142 0.3903 0.1416 
     H167496  2 0.1785 0.2212 0.2716 0.3287 
     H167513  2 0.2412 0.3239 0.1893 0.2456 
     H167545  2 0.2789 0.3145 0.2287 0.1779 
     H167547  2 0.3518 0.3005 0.1643 0.1835 
     H169621  2 0.2749 0.2757 0.2603 0.1891 
     H169622  2 0.2888 0.2577 0.2644 0.1891 
     H169750  2 0.2592 0.2630 0.1797 0.2981 
     H171806  2 0.2909 0.2322 0.1993 0.2776 
     H171808  2 0.2651 0.2775 0.2377 0.2197 
     H171809  2 0.2208 0.2400 0.2948 0.2444 
     H171813  2 0.2829 0.2175 0.2349 0.2647 
     H171815  2 0.2301 0.2006 0.1823 0.3870 
     H171824  2 0.1792 0.1989 0.2985 0.3234 
     H171825  2 0.2551 0.2558 0.2781 0.2111 
     H171826  2 0.2070 0.2300 0.2735 0.2895 
     H171827  2 0.2325 0.2500 0.2475 0.2700 
     H171828  2 0.1699 0.1730 0.2430 0.4141 
     H171829  2 0.3131 0.2484 0.1868 0.2517 
     H171830  2 0.2239 0.3023 0.2311 0.2427 
     H171831  2 0.3324 0.2544 0.2373 0.1760 
     H171832  2 0.2747 0.2492 0.2507 0.2254 
     H171863  2 0.3541 0.2835 0.2043 0.1581 
     H171864  2 0.2204 0.3155 0.2399 0.2242 
     H171865  2 0.2309 0.2195 0.1953 0.3544 
     H171879  2 0.2785 0.2742 0.2172 0.2301 
     H171880  2 0.2345 0.3478 0.2034 0.2142 
     H171881  2 0.2320 0.2414 0.3338 0.1928 
     H171882  2 0.1865 0.2042 0.2066 0.4027 
     H171929  2 0.2338 0.2591 0.3019 0.2052 
     H171930  2 0.2681 0.3666 0.1880 0.1772 
     H171933  2 0.2441 0.2937 0.2592 0.2031 
     H171934  2 0.2209 0.2433 0.3139 0.2220 
     H171937  2 0.3377 0.2496 0.2027 0.2100 
     H171962  2 0.2368 0.2348 0.3355 0.1929 
        H190  2 0.2515 0.2723 0.2957 0.1806 
        H191  2 0.2732 0.2368 0.2535 0.2364 
        H396  2 0.2304 0.2039 0.3484 0.2173 
        H397  2 0.2481 0.3015 0.2525 0.1978 
        H398  2 0.2859 0.2101 0.2467 0.2572 
        H400  2 0.2295 0.2867 0.2640 0.2199 
        H401  2 0.3358 0.3000 0.2114 0.1527 
        H402  2 0.2374 0.2976 0.2785 0.1865 
        H427  2 0.2267 0.2097 0.3454 0.2182 
        H428  2 0.2571 0.2137 0.3863 0.1428 
        H497  2 0.2383 0.2656 0.1903 0.3058 
        H512  2 0.2541 0.2674 0.2389 0.2396 
        H513  2 0.2425 0.3276 0.1901 0.2399 
        H514  2 0.2901 0.2564 0.2236 0.2299 
        H519  2 0.2333 0.3260 0.1974 0.2432 
        H532  2 0.2415 0.2448 0.3326 0.1811 
        H543  2 0.2264 0.3299 0.2613 0.1824 
        H544  2 0.3320 0.2305 0.2003 0.2372 
        H545  2 0.3046 0.3027 0.2215 0.1712 
        H546  2 0.2463 0.2267 0.2273 0.2996 
        H547  2 0.3589 0.2922 0.1668 0.1820 
        H548  2 0.2326 0.3004 0.2711 0.1959 
        H549  2 0.2956 0.3277 0.1747 0.2020 
        H620  2 0.1820 0.1946 0.2076 0.4158 
        H623  2 0.2984 0.2713 0.2399 0.1903 
        H624  2 0.2945 0.2193 0.1652 0.3210 
        H625  2 0.2289 0.2596 0.3212 0.1903 
        H626  2 0.2439 0.3142 0.2023 0.2397 
        H654  2 0.1963 0.1961 0.1569 0.4507 
        H655  2 0.2152 0.2737 0.2063 0.3049 
        H656  2 0.1968 0.1835 0.2596 0.3601 
        H666  2 0.2177 0.2034 0.1634 0.4156 
        H667  2 0.2391 0.2175 0.3043 0.2390 
        H677  2 0.2605 0.2532 0.2798 0.2065 
        H693  2 0.1829 0.1848 0.3414 0.2909 
        H694  2 0.2749 0.2892 0.2392 0.1967 
        H701  2 0.2389 0.3154 0.2475 0.1982 
        H702  2 0.2032 0.2928 0.2398 0.2642 
        H731  2 0.2176 0.2039 0.2850 0.2934 
       H7359  2 0.2411 0.3007 0.2330 0.2252 
       H7389  2 0.2803 0.2587 0.2380 0.2230 
       H7390  2 0.2067 0.2495 0.1837 0.3600 
       H7391  2 0.1820 0.2264 0.3972 0.1945 
       H7392  2 0.2844 0.2181 0.2504 0.2471 
       H7393  2 0.2229 0.2646 0.2187 0.2938 
       H7398  2 0.2076 0.2291 0.3481 0.2152 
       H7399  2 0.2729 0.2194 0.3168 0.1909 
       H7400  2 0.1916 0.2003 0.1782 0.4299 
        H745  2 0.3763 0.2214 0.2101 0.1922 
        H746  2 0.2897 0.2327 0.2823 0.1953 
        H747  2 0.2098 0.3015 0.1853 0.3035 
        H748  2 0.2446 0.2985 0.2006 0.2563 
       H7484  2 0.2067 0.2246 0.2105 0.3582 
       H7485  2 0.2755 0.2711 0.2368 0.2166 
        H749  2 0.2830 0.2801 0.2427 0.1943 
        H930  2 0.2484 0.3740 0.1943 0.1833 
        H931  2 0.2411 0.2308 0.2994 0.2287 
        H932  2 0.2695 0.2466 0.2112 0.2727 
        H111  3 0.2964 0.3005 0.2033 0.1998 
        H951  3 0.2791 0.2790 0.2412 0.2006 
        H952  3 0.3142 0.2441 0.1964 0.2453 
        H953  3 0.2473 0.2431 0.3262 0.1834 
        H954  3 0.2005 0.2454 0.2006 0.3535 
        H955  3 0.2770 0.3222 0.2087 0.1920 
        H956  3 0.2101 0.2962 0.2361 0.2576 
       H9563  3 0.2105 0.2456 0.2811 0.2627 
        H002  4 0.2647 0.1894 0.2024 0.3435 
        H003  4 0.2639 0.2091 0.3361 0.1909 
        H009  4 0.3331 0.2477 0.2149 0.2043 
        H010  4 0.2442 0.2405 0.2973 0.2181 
        H011  4 0.1855 0.1992 0.2822 0.3331 
        H012  4 0.2209 0.2692 0.3203 0.1896 
        H013  4 0.2031 0.2100 0.3164 0.2705 
        H014  4 0.2557 0.2240 0.2684 0.2518 
        H045  4 0.2118 0.2142 0.3252 0.2488 
        H046  4 0.2935 0.2374 0.2879 0.1811 
        H051  4 0.1946 0.2170 0.3106 0.2777 
        H052  4 0.2864 0.2195 0.1891 0.3050 
        H053  4 0.2198 0.2603 0.2256 0.2943 
        H056  4 0.2478 0.2326 0.2012 0.3184 
        H076  4 0.3009 0.2259 0.2824 0.1909 
        H151  4 0.2191 0.1767 0.1793 0.4249 
        H152  4 0.2768 0.1818 0.1932 0.3481 
     H171803  4 0.2153 0.2417 0.2229 0.3201 
     H171804  4 0.2139 0.2851 0.2186 0.2824 
     H171833  4 0.3447 0.2367 0.2203 0.1983 
     H171855  4 0.2326 0.1951 0.1660 0.4063 
     H171856  4 0.2479 0.2977 0.1941 0.2604 
     H171857  4 0.2550 0.2190 0.1843 0.3416 
     H171858  4 0.2888 0.2322 0.2348 0.2442 
     H171859  4 0.2565 0.2309 0.2489 0.2637 
     H171961  4 0.2132 0.2306 0.2805 0.2757 
        H198  4 0.2640 0.2511 0.3075 0.1774 
      H20001  4 0.3272 0.2584 0.2009 0.2135 
        H403  4 0.2737 0.2566 0.2038 0.2659 
        H404  4 0.2406 0.2434 0.3248 0.1912 
        H405  4 0.2660 0.2815 0.2654 0.1871 
        H406  4 0.3594 0.2523 0.1525 0.2358 
        H407  4 0.2460 0.2842 0.2188 0.2510 
        H410  4 0.2917 0.2721 0.2550 0.1812 
        H411  4 0.3139 0.2612 0.1947 0.2301 
        H468  4 0.2864 0.3102 0.1618 0.2416 
        H476  4 0.2272 0.3401 0.1708 0.2619 
        H477  4 0.3584 0.2742 0.1740 0.1935 
        H478  4 0.2346 0.2608 0.3039 0.2008 
        H479  4 0.2270 0.2278 0.2845 0.2607 
        H480  4 0.2888 0.3268 0.1983 0.1862 
        H498  4 0.2573 0.2302 0.2821 0.2304 
        H499  4 0.2536 0.2335 0.2587 0.2542 
        H500  4 0.1975 0.2529 0.2229 0.3267 
        H515  4 0.2186 0.2582 0.2161 0.3072 
        H516  4 0.2718 0.2453 0.2034 0.2795 
        H517  4 0.2656 0.2787 0.2162 0.2395 
        H518  4 0.2626 0.2668 0.1829 0.2877 
        H520  4 0.2468 0.2415 0.1993 0.3124 
        H521  4 0.2307 0.2268 0.3235 0.2190 
        H522  4 0.2254 0.2987 0.2213 0.2546 
        H523  4 0.2210 0.2868 0.2229 0.2693 
        H536  4 0.2606 0.2296 0.2894 0.2204 
        H645  4 0.1861 0.1937 0.3635 0.2567 
        H646  4 0.3066 0.2976 0.2165 0.1793 
        H647  4 0.2863 0.2822 0.2074 0.2240 
        H657  4 0.2950 0.2859 0.2311 0.1880 
        H658  4 0.2085 0.3335 0.2113 0.2466 
        H659  4 0.1877 0.1964 0.1678 0.4482 
        H660  4 0.2318 0.2613 0.2334 0.2735 
        H661  4 0.2344 0.2165 0.2042 0.3449 
        H668  4 0.2309 0.2495 0.3148 0.2047 
        H669  4 0.2208 0.2467 0.2945 0.2380 
        H670  4 0.1841 0.1813 0.3689 0.2657 
        H678  4 0.2300 0.3121 0.2112 0.2467 
        H679  4 0.2612 0.3231 0.2336 0.1821 
        H680  4 0.2981 0.2198 0.2137 0.2683 
        H681  4 0.2129 0.2261 0.2834 0.2777 
        H682  4 0.2017 0.3523 0.2482 0.1978 
        H683  4 0.2953 0.2209 0.1861 0.2977 
        H718  4 0.2385 0.2044 0.2151 0.3420 
        H719  4 0.1928 0.2263 0.3368 0.2441 
        H720  4 0.2761 0.2176 0.2428 0.2635 
        H721  4 0.2877 0.2335 0.2118 0.2670 
        H722  4 0.3165 0.1881 0.1814 0.3140 
        H723  4 0.1991 0.2216 0.2721 0.3072 
        H724  4 0.1980 0.2207 0.1833 0.3980 
        H725  4 0.2263 0.2142 0.1967 0.3628 
        H726  4 0.2268 0.2173 0.2192 0.3367 
        H727  4 0.1994 0.2161 0.2714 0.3132 
        H910  4 0.1993 0.2607 0.2488 0.2911 
        H911  4 0.2958 0.2836 0.2190 0.2017 
        H912  4 0.2755 0.2420 0.2012 0.2814 
        H913  4 0.2241 0.2832 0.2062 0.2865 
        H914  4 0.1933 0.2363 0.2415 0.3289 
        H915  4 0.2352 0.3170 0.1925 0.2553 
        H916  4 0.2747 0.3083 0.1698 0.2471 
       H9572  4 0.2357 0.2401 0.2674 0.2568 
        H015  5 0.2723 0.2913 0.2412 0.1952 
        H016  5 0.3408 0.2404 0.2306 0.1882 
        H017  5 0.2740 0.2677 0.1878 0.2705 
        H019  5 0.2667 0.2471 0.2680 0.2181 
        H020  5 0.2613 0.2265 0.2482 0.2640 
        H032  5 0.2477 0.2592 0.2008 0.2923 
        H033  5 0.2002 0.2787 0.3210 0.2000 
        H034  5 0.1913 0.2118 0.2646 0.3324 
        H035  5 0.2471 0.2948 0.2129 0.2452 
        H036  5 0.2565 0.3033 0.2416 0.1987 
        H037  5 0.2047 0.2783 0.2305 0.2866 
        H048  5 0.1968 0.2242 0.2691 0.3099 
        H049  5 0.2965 0.2230 0.2321 0.2485 
        H054  5 0.2623 0.2238 0.2489 0.2649 
        H055  5 0.2252 0.1731 0.2889 0.3128 
        H057  5 0.3214 0.2182 0.2062 0.2542 
        H060  5 0.2607 0.1975 0.2379 0.3039 
        H061  5 0.2504 0.2546 0.2854 0.2097 
        H064  5 0.2398 0.1950 0.2720 0.2932 
        H070  5 0.1985 0.2270 0.2819 0.2927 
        H077  5 0.2164 0.2344 0.2002 0.3489 
        H078  5 0.2522 0.2461 0.1787 0.3230 
        H079  5 0.2320 0.2910 0.3076 0.1693 
        H097  5 0.3182 0.2426 0.1566 0.2826 
        H107  5 0.1703 0.1905 0.2687 0.3706 
        H122  5 0.2800 0.2751 0.2158 0.2291 
        H123  5 0.3056 0.2853 0.2147 0.1945 
        H124  5 0.2803 0.2669 0.2584 0.1944 
        H131  5 0.2637 0.2607 0.2688 0.2068 
        H132  5 0.2244 0.2187 0.2897 0.2672 
        H141  5 0.2341 0.2577 0.2258 0.2824 
        H142  5 0.2393 0.2980 0.2909 0.1718 
        H157  5 0.2071 0.2198 0.2562 0.3168 
        H158  5 0.3484 0.2626 0.1753 0.2137 
        H159  5 0.2671 0.2969 0.2541 0.1819 
        H160  5 0.2766 0.2826 0.2057 0.2352 
        H163  5 0.2353 0.3004 0.2429 0.2215 
        H164  5 0.2490 0.2305 0.2977 0.2228 
        H165  5 0.2545 0.2212 0.3478 0.1764 
        H166  5 0.2568 0.2542 0.2852 0.2038 
        H169  5 0.2363 0.2223 0.2902 0.2513 
     H169613  5 0.2479 0.2530 0.2442 0.2550 
     H169653  5 0.2616 0.2378 0.2891 0.2115 
     H169728  5 0.2503 0.3204 0.2150 0.2143 
     H169742  5 0.2156 0.2217 0.3258 0.2369 
        H170  5 0.3184 0.2298 0.2177 0.2341 
        H171  5 0.3343 0.2265 0.2193 0.2199 
     H171851  5 0.2773 0.2401 0.2386 0.2440 
     H171852  5 0.2652 0.2256 0.2060 0.3032 
     H171853  5 0.2043 0.2521 0.2502 0.2934 
     H171854  5 0.2497 0.2774 0.2181 0.2547 
     H171938  5 0.1964 0.2459 0.3275 0.2303 
     H171939  5 0.3322 0.2227 0.2544 0.1907 
     H171941  5 0.1865 0.1800 0.2930 0.3405 
     H171965  5 0.2789 0.2296 0.2870 0.2045 
     H171970  5 0.1858 0.1903 0.2426 0.3813 
     H171973  5 0.2309 0.2724 0.3037 0.1930 
     H171974  5 0.2124 0.2322 0.2940 0.2613 
     H171975  5 0.2142 0.2049 0.3033 0.2776 
     H171976  5 0.3272 0.2540 0.1699 0.2489 
        H175  5 0.2097 0.2342 0.2669 0.2893 
        H178  5 0.2260 0.2186 0.3044 0.2511 
        H189  5 0.3058 0.2496 0.2574 0.1872 
        H399  5 0.3633 0.2351 0.1653 0.2363 
        H416  5 0.2350 0.2487 0.2595 0.2568 
        H438  5 0.2011 0.2821 0.2808 0.2360 
        H450  5 0.2152 0.2019 0.2200 0.3630 
        H455  5 0.1742 0.1844 0.3036 0.3379 
        H456  5 0.2228 0.2395 0.2956 0.2421 
        H457  5 0.2686 0.2111 0.1970 0.3233 
        H458  5 0.2201 0.2059 0.2720 0.3020 
        H459  5 0.2604 0.2974 0.2629 0.1793 
        H460  5 0.2359 0.2972 0.2132 0.2538 
        H461  5 0.3104 0.2595 0.1733 0.2568 
        H462  5 0.2293 0.3067 0.2735 0.1905 
        H469  5 0.2455 0.2940 0.2714 0.1892 
        H470  5 0.2325 0.2453 0.2425 0.2796 
        H471  5 0.3377 0.3006 0.1819 0.1798 
        H481  5 0.2017 0.2166 0.1919 0.3897 
        H482  5 0.2428 0.2379 0.2079 0.3113 
        H501  5 0.2127 0.2588 0.2772 0.2514 
        H502  5 0.2980 0.2590 0.2547 0.1883 
        H503  5 0.2995 0.2415 0.2391 0.2199 
        H509  5 0.2005 0.2564 0.2419 0.3011 
        H510  5 0.2353 0.2151 0.3192 0.2304 
        H511  5 0.2704 0.2366 0.2685 0.2246 
        H530  5 0.2013 0.2374 0.2953 0.2660 
        H531  5 0.2429 0.2638 0.1793 0.3140 
        H564  5 0.2398 0.2386 0.2478 0.2738 
        H565  5 0.2169 0.2258 0.2015 0.3558 
        H567  5 0.3055 0.2984 0.2243 0.1718 
     H568???  5 0.3303 0.2416 0.2222 0.2059 
        H608  5 0.2167 0.2032 0.2161 0.3640 
        H609  5 0.2022 0.2123 0.3702 0.2153 
        H612  5 0.1770 0.2108 0.2436 0.3686 
        H614  5 0.2323 0.2167 0.1839 0.3671 
        H615  5 0.2410 0.2643 0.1800 0.3147 
        H616  5 0.1682 0.1878 0.2324 0.4116 
        H617  5 0.2502 0.3070 0.2744 0.1684 
        H618  5 0.2037 0.2150 0.2385 0.3428 
        H619  5 0.2175 0.1916 0.3932 0.1976 
        H635  5 0.2277 0.2419 0.2866 0.2438 
        H636  5 0.1959 0.2479 0.3524 0.2038 
        H637  5 0.2338 0.2401 0.2703 0.2558 
        H644  5 0.3823 0.2450 0.2275 0.1452 
        H711  5 0.3292 0.2288 0.2017 0.2403 
        H712  5 0.2002 0.2187 0.3247 0.2564 
       H7360  5 0.2658 0.2273 0.2473 0.2596 
       H7361  5 0.2186 0.2272 0.2271 0.3271 
       H7362  5 0.3611 0.2466 0.2359 0.1563 
       H7363  5 0.2597 0.2393 0.1964 0.3045 
       H7394  5 0.2507 0.3006 0.2377 0.2110 
       H7395  5 0.2313 0.2235 0.3017 0.2435 
       H7396  5 0.2197 0.3074 0.2401 0.2328 
        H742  5 0.2065 0.2243 0.3361 0.2331 
        H743  5 0.2708 0.2289 0.2623 0.2380 
        H744  5 0.2021 0.2262 0.2105 0.3612 
        H957  5 0.2706 0.2735 0.2015 0.2544 
        H958  5 0.2436 0.3506 0.2124 0.1933 
        H959  5 0.1874 0.2015 0.2825 0.3287 
        H960  5 0.2206 0.2684 0.2794 0.2316 
      H_PALI  6 0.2296 0.2719 0.2658 0.2327 
        H581  6 0.2433 0.2585 0.2009 0.2973 
        H582  6 0.2160 0.2099 0.2089 0.3652 
        H583  6 0.2517 0.2433 0.2348 0.2703 
        H595  6 0.2580 0.3634 0.2025 0.1761 
        H596  6 0.2800 0.3157 0.2299 0.1744 
        H597  6 0.3310 0.2407 0.2390 0.1893 
        H598  6 0.2227 0.2654 0.2621 0.2499 
        H599  6 0.2042 0.2188 0.2937 0.2834 
        H642  6 0.3186 0.2860 0.1758 0.2196 
        H643  6 0.2399 0.2571 0.2615 0.2415 
        H664  6 0.2700 0.2383 0.1459 0.3458 
        H665  6 0.1979 0.2392 0.3338 0.2291 
        H674  6 0.3848 0.2454 0.1985 0.1714 
        H675  6 0.2773 0.2361 0.1887 0.2980 
        H676  6 0.2718 0.3016 0.2131 0.2134 
        H686  6 0.2439 0.2722 0.2517 0.2322 
        H687  6 0.2661 0.2899 0.2021 0.2419 
        H917  6 0.2267 0.3100 0.2949 0.1684 
        H918  6 0.2134 0.2178 0.3879 0.1809 
        H919  6 0.1786 0.2310 0.2517 0.3387 
        H920  6 0.2275 0.2364 0.2372 0.2989 
        H631  7 0.2419 0.2116 0.2564 0.2901 
        H684  7 0.3276 0.2062 0.2645 0.2017 
        H685  7 0.2055 0.2937 0.1450 0.3558 
        H713  7 0.2082 0.2247 0.2131 0.3540 
        H715  7 0.3134 0.2220 0.2325 0.2321 
        H716  7 0.2227 0.1850 0.3305 0.2618 
        H717  7 0.2426 0.2410 0.2645 0.2519 
        H729  7 0.2185 0.2875 0.3276 0.1665 
        H730  7 0.2036 0.2333 0.3306 0.2325 
        H431  8 0.2243 0.2306 0.2058 0.3393 
        H432  8 0.3342 0.2279 0.2689 0.1690 
        H433  8 0.2238 0.2942 0.2823 0.1997 
        H434  8 0.2485 0.2795 0.2753 0.1967 
        H444  8 0.2108 0.2332 0.3629 0.1931 
        H454  8 0.1833 0.2014 0.2829 0.3324 
        H475  8 0.2052 0.2254 0.1867 0.3827 
        H491  8 0.2140 0.1963 0.3046 0.2851 
        H492  8 0.2065 0.2924 0.2192 0.2819 
        H493  8 0.2783 0.2469 0.2330 0.2418 
        H494  8 0.2272 0.2909 0.2265 0.2554 
        H495  8 0.2677 0.1883 0.1698 0.3742 
        H662  8 0.3089 0.2454 0.2265 0.2192 
        H663  8 0.2515 0.2565 0.2457 0.2463 
        H695  8 0.2275 0.2642 0.2581 0.2503 
       H7367  8 0.2592 0.3038 0.2529 0.1840 
       H7368  8 0.2855 0.2315 0.2646 0.2184 
       H7369  8 0.2082 0.2084 0.3528 0.2305 
       H7370  8 0.2401 0.4120 0.1900 0.1578 
       H7371  8 0.2139 0.3142 0.2573 0.2147 
        H600  9 0.2262 0.2313 0.2371 0.3055 
        H648  9 0.2735 0.2337 0.2290 0.2638 
        H696  9 0.3387 0.2909 0.2112 0.1592 
        H697  9 0.2535 0.2358 0.2808 0.2299 
        H698  9 0.2824 0.2452 0.2540 0.2185 
        H699  9 0.2560 0.2459 0.2619 0.2362 
        H700  9 0.2127 0.2114 0.2566 0.3193 
        H732  9 0.2425 0.2175 0.2014 0.3386 
        H733  9 0.2550 0.3055 0.2543 0.1852 
        H734  9 0.2907 0.3366 0.2005 0.1722 
        H735  9 0.2742 0.2779 0.2290 0.2189 
        H736  9 0.2456 0.2729 0.2278 0.2537 
        H737  9 0.2540 0.2069 0.2477 0.2915 
        H905  9 0.2032 0.2065 0.2834 0.3069 
        H921  9 0.1983 0.2335 0.2969 0.2712 
        H922  9 0.2334 0.3131 0.2932 0.1603 
     H169705 10 0.2352 0.3271 0.2159 0.2218 
     H171942 10 0.3228 0.2299 0.2877 0.1596 
     H171943 10 0.2642 0.3150 0.2069 0.2139 
     H171944 10 0.2262 0.3225 0.2107 0.2406 
     H171946 10 0.2646 0.2412 0.1653 0.3289 
     H171947 10 0.2522 0.2430 0.2857 0.2191 
     H229641 10 0.2576 0.2886 0.2096 0.2442 
      H30001 10 0.2149 0.2622 0.2559 0.2670 
      H30002 10 0.2254 0.2463 0.2976 0.2307 
      H30005 10 0.2567 0.2872 0.2225 0.2337 
      H30006 10 0.3221 0.2657 0.2067 0.2055 
      H30007 10 0.3968 0.2156 0.2155 0.1721 
        H451 10 0.2429 0.2654 0.3146 0.1771 
        H452 10 0.2944 0.2861 0.1909 0.2286 
        H453 10 0.2357 0.1851 0.2144 0.3649 
        H473 10 0.2404 0.2237 0.2676 0.2682 
        H474 10 0.2192 0.2353 0.1535 0.3920 
        H486 10 0.2348 0.2580 0.2237 0.2835 
        H487 10 0.2335 0.2429 0.2329 0.2907 
        H488 10 0.1892 0.2176 0.3570 0.2362 
        H489 10 0.2131 0.2574 0.1886 0.3409 
        H550 10 0.3203 0.2849 0.1958 0.1989 
        H551 10 0.2094 0.2929 0.2523 0.2454 
        H553 10 0.2545 0.2532 0.1819 0.3104 
        H554 10 0.2722 0.2257 0.2874 0.2147 
        H556 10 0.2933 0.2570 0.2162 0.2335 
        H580 10 0.2550 0.2537 0.2703 0.2211 
        H591 10 0.1956 0.2016 0.2188 0.3840 
        H592 10 0.2213 0.2975 0.1925 0.2887 
        H593 10 0.2552 0.2409 0.2694 0.2345 
        H594 10 0.3111 0.2685 0.2626 0.1578 
        H627 10 0.2543 0.2926 0.1967 0.2564 
        H628 10 0.2393 0.1981 0.4120 0.1506 
        H629 10 0.2853 0.2636 0.1930 0.2581 
        H630 10 0.2642 0.2977 0.1865 0.2516 
        H638 10 0.2351 0.3272 0.2074 0.2303 
        H639 10 0.2555 0.2194 0.1828 0.3422 
        H640 10 0.2805 0.3122 0.2084 0.1989 
        H704 10 0.3179 0.2115 0.2685 0.2021 
        H705 10 0.2328 0.3291 0.2173 0.2209 
        H706 10 0.1932 0.2170 0.2922 0.2976 
        H708 10 0.2062 0.2201 0.1936 0.3801 
       H7351 10 0.2672 0.2472 0.2533 0.2323 
       H7352 10 0.2346 0.2488 0.2398 0.2769 
       H7353 10 0.3662 0.2173 0.2107 0.2058 
       H7354 10 0.2177 0.1962 0.2921 0.2940 
       H7365 10 0.1965 0.2442 0.2142 0.3451 
       H7383 10 0.2027 0.2367 0.2757 0.2849 
       H7384 10 0.2153 0.2239 0.2799 0.2808 
       H7385 10 0.2052 0.2430 0.2258 0.3260 
       H7386 10 0.2313 0.2292 0.3241 0.2154 
       H7387 10 0.2531 0.2657 0.2508 0.2304 
       H7388 10 0.2632 0.2482 0.2366 0.2520 
        H906 10 0.2470 0.1862 0.2877 0.2791 
        H907 10 0.2657 0.3257 0.2060 0.2026 
        H908 10 0.2312 0.2530 0.2583 0.2575 
        H909 10 0.2185 0.1964 0.3424 0.2427 
       H9552 10 0.2699 0.2301 0.2529 0.2471 
       H9553 10 0.2593 0.2640 0.2069 0.2698 
       H9555 10 0.2331 0.3221 0.2528 0.1920 
       H9575 10 0.2401 0.2218 0.1937 0.3444 
       H9703 10 0.2223 0.2095 0.1840 0.3841 
       H9707 10 0.2197 0.2647 0.1961 0.3194 
       HSAA4 10 0.2549 0.2517 0.2689 0.2244 
        H001 11 0.2309 0.1978 0.2851 0.2861 
        H004 11 0.2358 0.2745 0.2628 0.2268 
        H005 11 0.1801 0.1787 0.2688 0.3724 
        H006 11 0.2204 0.2792 0.2558 0.2445 
        H007 11 0.1897 0.2020 0.3208 0.2875 
        H031 11 0.1811 0.2562 0.1918 0.3709 
        H074 11 0.2081 0.2686 0.1885 0.3348 
        H075 11 0.1940 0.2265 0.2493 0.3302 
        H080 11 0.2096 0.2088 0.2217 0.3598 
        H086 11 0.2627 0.2543 0.2380 0.2451 
        H092 11 0.2284 0.2531 0.2110 0.3075 
        H093 11 0.3202 0.2364 0.2782 0.1652 
        H094 11 0.2534 0.3490 0.1763 0.2213 
        H095 11 0.2309 0.2174 0.2218 0.3300 
        H096 11 0.1977 0.2127 0.3221 0.2676 
        H099 11 0.2287 0.2421 0.2367 0.2924 
        H100 11 0.2842 0.2432 0.2998 0.1729 
        H127 11 0.2357 0.2377 0.2553 0.2713 
        H136 11 0.2175 0.2115 0.1960 0.3750 
        H153 11 0.2395 0.2711 0.2493 0.2401 
        H154 11 0.2135 0.2459 0.1764 0.3642 
        H155 11 0.2195 0.2219 0.3946 0.1640 
        H156 11 0.2519 0.2424 0.3573 0.1484 
        H161 11 0.2869 0.2333 0.2518 0.2280 
        H162 11 0.2899 0.3046 0.2239 0.1817 
        H167 11 0.2452 0.2333 0.3044 0.2171 
        H168 11 0.2610 0.2280 0.2671 0.2439 
     H169586 11 0.3175 0.2176 0.1636 0.3014 
     H169738 11 0.2503 0.2565 0.3183 0.1749 
     H169741 11 0.2133 0.2862 0.1871 0.3133 
     H171801 11 0.2894 0.2484 0.2815 0.1808 
     H171810 11 0.2076 0.2797 0.2016 0.3111 
     H171811 11 0.2355 0.2226 0.1734 0.3685 
     H171812 11 0.1968 0.1975 0.3783 0.2274 
     H171820 11 0.2196 0.2227 0.2177 0.3400 
     H171821 11 0.2472 0.2609 0.2620 0.2299 
     H171822 11 0.2491 0.2921 0.2285 0.2303 
     H171823 11 0.2674 0.1919 0.1873 0.3534 
     H171866 11 0.3159 0.2257 0.2567 0.2018 
     H171867 11 0.2124 0.2940 0.3041 0.1896 
     H171967 11 0.1891 0.2225 0.2849 0.3035 
     H171969 11 0.2404 0.2439 0.2860 0.2297 
        H172 11 0.2408 0.2710 0.2704 0.2178 
        H173 11 0.1971 0.2769 0.3050 0.2210 
        H174 11 0.3267 0.2987 0.1947 0.1799 
        H196 11 0.2682 0.2610 0.2686 0.2022 
        H197 11 0.2244 0.2616 0.2960 0.2181 
        H346 11 0.1928 0.2197 0.3403 0.2471 
        H355 11 0.2291 0.2148 0.2836 0.2725 
        H356 11 0.2493 0.2585 0.2324 0.2598 
        H357 11 0.2146 0.2615 0.2348 0.2891 
        H358 11 0.2046 0.2587 0.2933 0.2435 
        H359 11 0.2588 0.2679 0.2218 0.2515 
        H360 11 0.2217 0.2519 0.2838 0.2426 
        H361 11 0.2554 0.2316 0.2785 0.2344 
        H362 11 0.2643 0.3340 0.2371 0.1646 
        H363 11 0.2022 0.2250 0.2205 0.3523 
        H364 11 0.2608 0.2149 0.2587 0.2656 
        H365 11 0.2584 0.2323 0.3143 0.1949 
        H366 11 0.2550 0.2421 0.3140 0.1888 
        H367 11 0.2204 0.2310 0.1953 0.3533 
        H368 11 0.2793 0.3420 0.1928 0.1858 
        H369 11 0.1783 0.2231 0.2223 0.3762 
        H370 11 0.2442 0.2869 0.2732 0.1957 
        H371 11 0.2483 0.2761 0.2266 0.2491 
        H372 11 0.2390 0.2537 0.2650 0.2423 
        H373 11 0.2337 0.2217 0.2656 0.2790 
        H374 11 0.1988 0.1982 0.3090 0.2940 
        H375 11 0.2053 0.2505 0.3061 0.2381 
        H376 11 0.2727 0.2452 0.2771 0.2050 
        H377 11 0.2062 0.2775 0.2496 0.2667 
        H378 11 0.2564 0.2331 0.2133 0.2972 
        H379 11 0.2497 0.2922 0.2171 0.2410 
        H380 11 0.2237 0.2524 0.3498 0.1741 
        H381 11 0.2491 0.2433 0.1877 0.3199 
        H382 11 0.2829 0.2869 0.2794 0.1508 
        H383 11 0.2802 0.2013 0.3342 0.1844 
        H384 11 0.2232 0.2424 0.2163 0.3181 
        H385 11 0.2255 0.2611 0.1995 0.3140 
        H386 11 0.2028 0.2345 0.3381 0.2246 
        H387 11 0.3443 0.1904 0.1999 0.2654 
        H388 11 0.2821 0.2444 0.3059 0.1676 
        H389 11 0.1994 0.2616 0.3125 0.2264 
        H390 11 0.2365 0.2734 0.2811 0.2090 
        H391 11 0.3258 0.2820 0.1840 0.2083 
        H392 11 0.2013 0.2044 0.2694 0.3249 
        H393 11 0.2712 0.2275 0.3243 0.1770 
        H394 11 0.3539 0.2361 0.2221 0.1879 
        H395 11 0.2078 0.2101 0.2376 0.3445 
        H408 11 0.2064 0.1994 0.3403 0.2539 
        H412 11 0.2573 0.2403 0.1287 0.3737 
        H417 11 0.2269 0.2506 0.2375 0.2851 
        H418 11 0.2768 0.2424 0.1855 0.2953 
        H429 11 0.2296 0.2382 0.3250 0.2072 
        H430 11 0.2426 0.2620 0.3111 0.1843 
        H439 11 0.2092 0.2758 0.2524 0.2626 
        H440 11 0.2123 0.1923 0.2186 0.3769 
        H441 11 0.2446 0.2972 0.2485 0.2096 
        H442 11 0.2700 0.2418 0.2799 0.2083 
        H446 11 0.2716 0.2598 0.2405 0.2281 
        H447 11 0.2305 0.2995 0.2913 0.1786 
        H448 11 0.2119 0.2707 0.3145 0.2029 
        H534 11 0.2147 0.1779 0.1883 0.4191 
        H537 11 0.2326 0.1949 0.2137 0.3588 
        H568 11 0.1988 0.2303 0.1707 0.4002 
        H569 11 0.2478 0.3303 0.2708 0.1511 
        H586 11 0.3287 0.2153 0.1591 0.2969 
        H587 11 0.1886 0.2163 0.2084 0.3866 
        H588 11 0.3450 0.2392 0.2258 0.1900 
        H589 11 0.2049 0.2030 0.2170 0.3750 
        H590 11 0.2312 0.2032 0.2393 0.3263 
        H601 11 0.2906 0.2642 0.2721 0.1731 
        H602 11 0.2283 0.2664 0.2153 0.2899 
        H603 11 0.2126 0.2753 0.3241 0.1880 
        H610 11 0.2326 0.2691 0.2321 0.2662 
        H611 11 0.2045 0.3423 0.1740 0.2792 
        H649 11 0.2222 0.2540 0.2920 0.2318 
        H650 11 0.2800 0.3245 0.1862 0.2092 
        H651 11 0.2172 0.2237 0.3295 0.2295 
        H652 11 0.2780 0.2247 0.2122 0.2851 
       H7364 11 0.2479 0.2748 0.2679 0.2093 
       H7366 11 0.2168 0.2256 0.3004 0.2572 
       H7378 11 0.4223 0.2583 0.1762 0.1432 
       H7379 11 0.2516 0.2399 0.2504 0.2581 
        H739 11 0.2133 0.2710 0.1997 0.3160 
        H740 11 0.2829 0.2864 0.2071 0.2236 
        H741 11 0.2063 0.2856 0.1890 0.3192 
        H926 11 0.2635 0.2726 0.2304 0.2335 
        H927 11 0.2472 0.3222 0.2329 0.1977 
        H928 11 0.2421 0.3312 0.1892 0.2375 
       H9560 11 0.2829 0.3059 0.1898 0.2214 
        H409 12 0.2194 0.2526 0.3491 0.1788 
        H413 12 0.3758 0.2575 0.1896 0.1771 
        H419 12 0.2225 0.2377 0.3123 0.2276 
        H420 12 0.2385 0.2260 0.2589 0.2767 
        H421 12 0.2901 0.2387 0.2974 0.1737 
        H435 12 0.2856 0.2278 0.2884 0.1982 
        H436 12 0.2054 0.2314 0.3262 0.2370 
        H437 12 0.2339 0.2170 0.2048 0.3442 
        H445 12 0.2175 0.2240 0.3573 0.2012 
        H449 12 0.3119 0.2304 0.2354 0.2223 
        H463 12 0.2264 0.2247 0.2488 0.3001 
        H464 12 0.3020 0.2648 0.2502 0.1831 
        H465 12 0.3407 0.2410 0.1687 0.2496 
        H490 12 0.3121 0.2709 0.2305 0.1864 
        H561 12 0.2532 0.2659 0.2303 0.2506 
        H562 12 0.1840 0.2220 0.3702 0.2238 
        H563 12 0.2084 0.2432 0.2844 0.2640 
        H570 12 0.1945 0.2089 0.2853 0.3112 
        H571 12 0.2926 0.2547 0.1946 0.2581 
        H572 12 0.2298 0.2384 0.2788 0.2530 
        H573 12 0.2387 0.2575 0.3165 0.1874 
       H7372 12 0.2585 0.2375 0.3508 0.1532 
       H7373 12 0.3675 0.2413 0.2013 0.1899 
       H7374 12 0.2163 0.1747 0.3066 0.3024 
       H7375 12 0.2229 0.2274 0.2557 0.2940 
       H7376 12 0.1931 0.2124 0.4357 0.1589 
       H7377 12 0.2144 0.2674 0.1942 0.3240 
