        H102  1 0.3578 0.2669 0.3753 
        H103  1 0.2041 0.4958 0.3001 
        H104  1 0.4417 0.2185 0.3398 
        H105  1 0.2881 0.2804 0.4315 
        H106  1 0.3641 0.3315 0.3043 
        H112  1 0.4152 0.2526 0.3322 
        H113  1 0.2871 0.2745 0.4384 
        H114  1 0.2385 0.2912 0.4703 
        H115  1 0.3823 0.2116 0.4061 
        H143  1 0.2743 0.2993 0.4264 
        H144  1 0.1989 0.4189 0.3822 
        H145  1 0.2015 0.4532 0.3453 
        H149  1 0.4704 0.2482 0.2814 
        H150  1 0.3177 0.3472 0.3351 
     H167542  1 0.2644 0.2318 0.5039 
     H169604  1 0.2699 0.2954 0.4347 
     H169607  1 0.2345 0.3757 0.3898 
     H169608  1 0.4708 0.2663 0.2630 
     H169633  1 0.2112 0.3084 0.4804 
     H169688  1 0.2867 0.4594 0.2539 
     H169714  1 0.3961 0.2854 0.3185 
     H171802  1 0.4312 0.3132 0.2556 
     H171805  1 0.2606 0.3808 0.3586 
     H171807  1 0.4049 0.3342 0.2609 
     H171814  1 0.2140 0.4403 0.3457 
     H171816  1 0.4041 0.3014 0.2945 
     H171817  1 0.3670 0.2584 0.3745 
     H171818  1 0.2940 0.3246 0.3813 
     H171819  1 0.3315 0.3187 0.3498 
     H171834  1 0.3290 0.3301 0.3408 
     H171835  1 0.5076 0.2338 0.2586 
     H171836  1 0.1699 0.4226 0.4075 
     H171837  1 0.3627 0.2533 0.3840 
     H171838  1 0.2549 0.4617 0.2834 
     H171839  1 0.3711 0.2376 0.3913 
     H171841  1 0.5287 0.2817 0.1896 
     H171860  1 0.3004 0.2986 0.4010 
     H171861  1 0.1780 0.3432 0.4788 
     H171862  1 0.3056 0.3377 0.3567 
     H171868  1 0.2695 0.2520 0.4785 
     H171869  1 0.2884 0.4315 0.2801 
     H171870  1 0.3670 0.3541 0.2789 
     H171871  1 0.2528 0.4314 0.3158 
     H171872  1 0.3475 0.2441 0.4083 
     H171873  1 0.3641 0.3668 0.2691 
     H171874  1 0.2642 0.3562 0.3796 
     H171875  1 0.1786 0.3282 0.4932 
     H171876  1 0.2674 0.3503 0.3823 
     H171877  1 0.2918 0.2419 0.4662 
     H171878  1 0.4052 0.3647 0.2300 
     H171901  1 0.4042 0.2994 0.2963 
     H171902  1 0.3148 0.3855 0.2997 
     H171903  1 0.3176 0.3079 0.3745 
     H171935  1 0.4197 0.3705 0.2098 
     H171936  1 0.2391 0.2804 0.4805 
     H171940  1 0.3892 0.2984 0.3125 
     H171945  1 0.3065 0.3675 0.3260 
     H171948  1 0.3905 0.2856 0.3239 
     H171949  1 0.4952 0.2581 0.2467 
     H171950  1 0.5133 0.2378 0.2489 
     H171963  1 0.2619 0.4423 0.2958 
     H171964  1 0.2484 0.4924 0.2592 
     H171966  1 0.3402 0.3792 0.2806 
     H171968  1 0.3495 0.3205 0.3300 
     H171971  1 0.3416 0.4109 0.2475 
     H171972  1 0.2265 0.4557 0.3177 
     H171977  1 0.2459 0.4406 0.3135 
     H171978  1 0.4066 0.3230 0.2704 
     H171979  1 0.2074 0.4403 0.3523 
        H176  1 0.2774 0.3027 0.4199 
        H177  1 0.4945 0.2168 0.2886 
        H179  1 0.3806 0.2114 0.4080 
        H181  1 0.2478 0.4462 0.3060 
        H182  1 0.2046 0.4057 0.3898 
        H183  1 0.2631 0.4852 0.2517 
        H184  1 0.3693 0.2906 0.3401 
        H185  1 0.2246 0.3957 0.3797 
        H186  1 0.3515 0.3467 0.3018 
        H187  1 0.3292 0.3306 0.3401 
        H188  1 0.3833 0.2400 0.3767 
        H192  1 0.4461 0.2723 0.2816 
        H193  1 0.2287 0.4184 0.3529 
        H194  1 0.3565 0.2790 0.3645 
        H195  1 0.2575 0.4741 0.2685 
        H199  1 0.2542 0.4528 0.2930 
        H200  1 0.3773 0.2862 0.3365 
        H414  1 0.2937 0.3788 0.3275 
        H415  1 0.2504 0.3317 0.4179 
        H422  1 0.3394 0.3547 0.3059 
        H423  1 0.5589 0.2269 0.2142 
        H424  1 0.2196 0.4168 0.3635 
        H425  1 0.2400 0.4422 0.3178 
        H426  1 0.2695 0.5077 0.2227 
        H443  1 0.2414 0.3967 0.3619 
        H466  1 0.3925 0.3088 0.2987 
        H467  1 0.4987 0.2710 0.2303 
        H472  1 0.3397 0.3245 0.3358 
        H483  1 0.2341 0.3502 0.4156 
        H504  1 0.2204 0.4821 0.2975 
        H505  1 0.3941 0.2910 0.3149 
        H506  1 0.3101 0.3531 0.3368 
        H507  1 0.1946 0.3938 0.4117 
        H508  1 0.4096 0.3383 0.2521 
        H524  1 0.2146 0.3372 0.4482 
        H525  1 0.2816 0.3662 0.3523 
        H526  1 0.2409 0.2621 0.4970 
        H527  1 0.4118 0.2787 0.3096 
        H528  1 0.2101 0.3769 0.4130 
        H529  1 0.2030 0.3738 0.4232 
        H533  1 0.1986 0.4020 0.3994 
        H538  1 0.3439 0.2815 0.3746 
        H539  1 0.3117 0.4013 0.2869 
        H540  1 0.3169 0.3122 0.3708 
        H541  1 0.2774 0.2664 0.4563 
        H558  1 0.2591 0.5013 0.2396 
        H559  1 0.2974 0.2946 0.4080 
        H579  1 0.2372 0.4045 0.3583 
        H584  1 0.2477 0.4474 0.3049 
        H585  1 0.2936 0.3657 0.3406 
        H605  1 0.3792 0.2979 0.3229 
        H606  1 0.4435 0.2235 0.3330 
        H632  1 0.2453 0.4314 0.3233 
        H634  1 0.2903 0.3677 0.3420 
        H671  1 0.4734 0.2529 0.2738 
        H672  1 0.2981 0.3345 0.3674 
        H673  1 0.2847 0.3714 0.3438 
        H689  1 0.2445 0.3443 0.4111 
        H690  1 0.4003 0.2390 0.3607 
        H691  1 0.2890 0.2590 0.4519 
        H692  1 0.1545 0.4610 0.3845 
        H709  1 0.3038 0.3484 0.3478 
        H710  1 0.1916 0.4579 0.3505 
       H7355  1 0.2089 0.2726 0.5185 
       H7356  1 0.3077 0.3805 0.3118 
       H7357  1 0.3273 0.2599 0.4129 
       H7358  1 0.2455 0.3394 0.4151 
       H7380  1 0.2556 0.3362 0.4082 
       H7381  1 0.4424 0.3135 0.2441 
       H7382  1 0.2714 0.3360 0.3927 
        H904  1 0.5521 0.1791 0.2688 
        H923  1 0.3513 0.3249 0.3238 
        H924  1 0.3799 0.2839 0.3362 
        H925  1 0.2427 0.2741 0.4832 
       H9558  1 0.2395 0.5345 0.2259 
        H008  2 0.2086 0.3532 0.4382 
        H021  2 0.4226 0.2661 0.3113 
        H023  2 0.4120 0.2367 0.3513 
        H024  2 0.2073 0.4838 0.3090 
        H025  2 0.4199 0.3408 0.2394 
        H026  2 0.2197 0.4834 0.2969 
        H027  2 0.2772 0.2844 0.4384 
        H028  2 0.2620 0.4155 0.3225 
        H029  2 0.2232 0.3756 0.4012 
        H030  2 0.2181 0.5099 0.2720 
        H038  2 0.4271 0.2915 0.2814 
        H039  2 0.6499 0.1760 0.1741 
        H040  2 0.4288 0.2976 0.2736 
        H041  2 0.2751 0.2707 0.4542 
        H042  2 0.3389 0.3056 0.3555 
        H043  2 0.5134 0.2883 0.1983 
        H044  2 0.2321 0.4743 0.2936 
        H047  2 0.3886 0.3779 0.2335 
        H050  2 0.2458 0.4381 0.3162 
        H058  2 0.4071 0.3421 0.2508 
        H062  2 0.3923 0.2515 0.3562 
        H063  2 0.4697 0.2560 0.2743 
        H065  2 0.3308 0.3860 0.2832 
        H066  2 0.3017 0.4332 0.2651 
        H067  2 0.2602 0.2857 0.4542 
        H068  2 0.4837 0.2873 0.2290 
        H069  2 0.3168 0.4030 0.2802 
        H071  2 0.4169 0.2745 0.3085 
        H072  2 0.5207 0.2219 0.2574 
        H073  2 0.2723 0.3425 0.3852 
        H081  2 0.3339 0.2207 0.4454 
        H082  2 0.2028 0.4938 0.3035 
        H083  2 0.2388 0.4921 0.2692 
        H084  2 0.3546 0.3311 0.3143 
        H085  2 0.2807 0.2492 0.4701 
        H087  2 0.2799 0.2401 0.4800 
        H088  2 0.4236 0.2343 0.3422 
        H089  2 0.2720 0.2724 0.4556 
        H090  2 0.2338 0.4150 0.3512 
        H091  2 0.2082 0.3337 0.4581 
        H098  2 0.2648 0.3611 0.3741 
      H10001  2 0.6468 0.1790 0.1742 
      H10002  2 0.4157 0.2263 0.3580 
        H101  2 0.2488 0.4599 0.2914 
        H108  2 0.4244 0.2194 0.3563 
        H109  2 0.3774 0.3367 0.2859 
        H110  2 0.2316 0.2705 0.4979 
        H116  2 0.2583 0.4142 0.3275 
        H117  2 0.2321 0.2763 0.4917 
        H118  2 0.1902 0.4269 0.3829 
        H119  2 0.3657 0.2550 0.3793 
        H120  2 0.5427 0.1887 0.2686 
        H121  2 0.2346 0.3755 0.3899 
        H125  2 0.6503 0.1687 0.1810 
        H126  2 0.2839 0.4521 0.2640 
        H128  2 0.1394 0.5436 0.3170 
        H129  2 0.2210 0.4995 0.2795 
        H130  2 0.4488 0.3579 0.1933 
        H133  2 0.5219 0.2514 0.2268 
        H134  2 0.1935 0.5660 0.2405 
        H135  2 0.3187 0.2694 0.4119 
        H137  2 0.3191 0.3588 0.3222 
        H138  2 0.2341 0.4821 0.2838 
        H140  2 0.3030 0.3545 0.3425 
        H146  2 0.2516 0.3759 0.3725 
        H147  2 0.2503 0.3011 0.4486 
        H148  2 0.2577 0.2410 0.5013 
     H166022  2 0.2173 0.3501 0.4325 
     H167359  2 0.3100 0.3485 0.3415 
     H167397  2 0.1515 0.4349 0.4135 
     H167428  2 0.1649 0.3422 0.4929 
     H167496  2 0.4898 0.1982 0.3120 
     H167513  2 0.3472 0.4058 0.2471 
     H167545  2 0.2305 0.4670 0.3025 
     H167547  2 0.2017 0.5294 0.2689 
     H169621  2 0.2367 0.4407 0.3226 
     H169622  2 0.2355 0.3662 0.3983 
     H169750  2 0.4012 0.3818 0.2170 
     H171806  2 0.3531 0.3306 0.3164 
     H171808  2 0.2849 0.3344 0.3807 
     H171809  2 0.3156 0.2672 0.4172 
     H171813  2 0.3400 0.4015 0.2585 
     H171815  2 0.5284 0.2531 0.2185 
     H171824  2 0.3990 0.2036 0.3974 
     H171825  2 0.2799 0.3409 0.3792 
     H171826  2 0.3437 0.2657 0.3906 
     H171827  2 0.3640 0.3024 0.3336 
     H171828  2 0.5681 0.1726 0.2594 
     H171829  2 0.3408 0.3958 0.2634 
     H171830  2 0.3324 0.3307 0.3368 
     H171831  2 0.2022 0.4562 0.3416 
     H171832  2 0.2800 0.4118 0.3082 
     H171863  2 0.1865 0.5285 0.2850 
     H171864  2 0.2907 0.2902 0.4191 
     H171865  2 0.4795 0.2741 0.2464 
     H171879  2 0.2854 0.3625 0.3521 
     H171880  2 0.2439 0.3567 0.3994 
     H171881  2 0.2722 0.3220 0.4057 
     H171882  2 0.5672 0.2075 0.2252 
     H171929  2 0.2886 0.3231 0.3884 
     H171930  2 0.2149 0.5011 0.2840 
     H171933  2 0.2948 0.3498 0.3554 
     H171934  2 0.2834 0.2587 0.4579 
     H171937  2 0.2519 0.4694 0.2787 
     H171962  2 0.2786 0.3399 0.3815 
        H190  2 0.2713 0.3739 0.3548 
        H191  2 0.3350 0.3562 0.3088 
        H396  2 0.3274 0.2829 0.3898 
        H397  2 0.2938 0.3671 0.3391 
        H398  2 0.3635 0.3328 0.3038 
        H400  2 0.2941 0.2894 0.4164 
        H401  2 0.1737 0.5080 0.3183 
        H402  2 0.2257 0.3313 0.4431 
        H427  2 0.2687 0.2683 0.4629 
        H428  2 0.1696 0.3402 0.4903 
        H497  2 0.4005 0.3407 0.2588 
        H512  2 0.2895 0.3309 0.3797 
        H513  2 0.3441 0.4062 0.2497 
        H514  2 0.2838 0.4393 0.2769 
        H519  2 0.3448 0.3859 0.2693 
        H532  2 0.2223 0.2838 0.4939 
        H543  2 0.2347 0.3332 0.4321 
        H544  2 0.3100 0.4598 0.2302 
        H545  2 0.2142 0.5058 0.2801 
        H546  2 0.4500 0.2952 0.2548 
        H547  2 0.1963 0.5387 0.2650 
        H548  2 0.2677 0.2706 0.4617 
        H549  2 0.3217 0.4113 0.2670 
        H620  2 0.5676 0.1928 0.2396 
        H623  2 0.2535 0.4779 0.2686 
        H624  2 0.4173 0.3840 0.1987 
        H625  2 0.2802 0.3140 0.4058 
        H626  2 0.3268 0.3047 0.3685 
        H654  2 0.6163 0.2068 0.1768 
        H655  2 0.4177 0.3111 0.2712 
        H656  2 0.5385 0.2057 0.2558 
        H666  2 0.5629 0.2490 0.1881 
        H667  2 0.2739 0.3050 0.4211 
        H677  2 0.2666 0.3127 0.4207 
        H693  2 0.4669 0.2078 0.3253 
        H694  2 0.2463 0.4619 0.2918 
        H701  2 0.2386 0.3819 0.3795 
        H702  2 0.3677 0.3034 0.3290 
        H731  2 0.4065 0.2604 0.3331 
       H7359  2 0.3014 0.3463 0.3523 
       H7389  2 0.2919 0.3555 0.3526 
       H7390  2 0.5186 0.2378 0.2435 
       H7391  2 0.2385 0.2051 0.5563 
       H7392  2 0.3553 0.3551 0.2896 
       H7393  2 0.3880 0.2996 0.3124 
       H7398  2 0.2971 0.2592 0.4437 
       H7399  2 0.2377 0.3718 0.3905 
       H7400  2 0.5921 0.2017 0.2062 
        H745  2 0.2251 0.5252 0.2498 
        H746  2 0.2327 0.3809 0.3863 
        H747  2 0.4685 0.2701 0.2614 
        H748  2 0.3131 0.3425 0.3444 
       H7484  2 0.5145 0.2396 0.2459 
       H7485  2 0.3253 0.3953 0.2794 
        H749  2 0.2447 0.3635 0.3918 
        H930  2 0.2218 0.4640 0.3142 
        H931  2 0.2991 0.3119 0.3890 
        H932  2 0.3193 0.3198 0.3609 
        H111  3 0.2404 0.4614 0.2982 
        H951  3 0.2331 0.4233 0.3436 
        H952  3 0.3071 0.3890 0.3039 
        H953  3 0.2278 0.2763 0.4959 
        H954  3 0.4932 0.2541 0.2527 
        H955  3 0.2292 0.4554 0.3154 
        H956  3 0.3752 0.2882 0.3366 
       H9563  3 0.3629 0.2687 0.3684 
        H002  4 0.4575 0.3183 0.2242 
        H003  4 0.2319 0.3274 0.4407 
        H009  4 0.2728 0.4619 0.2653 
        H010  4 0.2978 0.3044 0.3978 
        H011  4 0.5393 0.2087 0.2520 
        H012  4 0.2272 0.2909 0.4819 
        H013  4 0.3811 0.2537 0.3652 
        H014  4 0.3141 0.3833 0.3026 
        H045  4 0.3713 0.2493 0.3793 
        H046  4 0.2311 0.3605 0.4083 
        H051  4 0.4310 0.2439 0.3251 
        H052  4 0.3789 0.3627 0.2583 
        H053  4 0.3900 0.2997 0.3103 
        H056  4 0.4541 0.3078 0.2380 
        H076  4 0.2320 0.3748 0.3931 
        H151  4 0.5372 0.2491 0.2137 
        H152  4 0.4304 0.3298 0.2398 
     H171803  4 0.4516 0.2558 0.2926 
     H171804  4 0.3931 0.2663 0.3406 
     H171833  4 0.2402 0.4759 0.2839 
     H171855  4 0.5219 0.2755 0.2027 
     H171856  4 0.3395 0.3272 0.3333 
     H171857  4 0.4493 0.3007 0.2500 
     H171858  4 0.3074 0.3383 0.3543 
     H171859  4 0.3534 0.3113 0.3353 
     H171961  4 0.4500 0.2597 0.2902 
        H198  4 0.1951 0.3805 0.4244 
      H20001  4 0.2671 0.5011 0.2318 
        H403  4 0.3621 0.3521 0.2858 
        H404  4 0.2513 0.3284 0.4204 
        H405  4 0.2255 0.3168 0.4578 
        H406  4 0.2709 0.5080 0.2211 
        H407  4 0.3635 0.2663 0.3702 
        H410  4 0.1993 0.3456 0.4550 
        H411  4 0.2471 0.5089 0.2440 
        H468  4 0.3222 0.4666 0.2112 
        H476  4 0.3642 0.3750 0.2608 
        H477  4 0.2299 0.5235 0.2466 
        H478  4 0.2557 0.3161 0.4282 
        H479  4 0.3737 0.2730 0.3532 
        H480  4 0.2289 0.4943 0.2768 
        H498  4 0.3070 0.3732 0.3199 
        H499  4 0.3307 0.3263 0.3430 
        H500  4 0.4903 0.2104 0.2993 
        H515  4 0.3840 0.2911 0.3249 
        H516  4 0.3409 0.3869 0.2722 
        H517  4 0.2902 0.3276 0.3823 
        H518  4 0.4108 0.3535 0.2356 
        H520  4 0.4475 0.2833 0.2692 
        H521  4 0.2995 0.3238 0.3767 
        H522  4 0.3959 0.3183 0.2858 
        H523  4 0.3648 0.3414 0.2938 
        H536  4 0.2914 0.3035 0.4051 
        H645  4 0.3453 0.2014 0.4534 
        H646  4 0.2219 0.4524 0.3257 
        H647  4 0.3012 0.3840 0.3148 
        H657  4 0.2305 0.3555 0.4140 
        H658  4 0.3503 0.3210 0.3287 
        H659  4 0.5933 0.2086 0.1981 
        H660  4 0.3767 0.3390 0.2843 
        H661  4 0.4860 0.2879 0.2260 
        H668  4 0.2201 0.2864 0.4935 
        H669  4 0.3340 0.2769 0.3891 
        H670  4 0.3276 0.2194 0.4530 
        H678  4 0.3387 0.3326 0.3286 
        H679  4 0.2249 0.3953 0.3798 
        H680  4 0.3381 0.3697 0.2922 
        H681  4 0.3577 0.2628 0.3795 
        H682  4 0.2722 0.3002 0.4276 
        H683  4 0.4137 0.3916 0.1947 
        H718  4 0.4843 0.2515 0.2642 
        H719  4 0.3700 0.2895 0.3405 
        H720  4 0.3799 0.3588 0.2613 
        H721  4 0.3872 0.3653 0.2474 
        H722  4 0.4054 0.3970 0.1976 
        H723  4 0.4240 0.2289 0.3471 
        H724  4 0.5506 0.2222 0.2272 
        H725  4 0.5340 0.2499 0.2160 
        H726  4 0.4442 0.2692 0.2866 
        H727  4 0.4223 0.2326 0.3451 
        H910  4 0.3908 0.2660 0.3431 
        H911  4 0.2554 0.3943 0.3502 
        H912  4 0.3501 0.3573 0.2926 
        H913  4 0.4232 0.2948 0.2821 
        H914  4 0.4249 0.2022 0.3729 
        H915  4 0.3484 0.3394 0.3123 
        H916  4 0.3068 0.4470 0.2461 
       H9572  4 0.4050 0.3377 0.2573 
        H015  5 0.2395 0.4911 0.2694 
        H016  5 0.2519 0.4503 0.2978 
        H017  5 0.3574 0.4234 0.2192 
        H019  5 0.2908 0.3958 0.3133 
        H020  5 0.3742 0.3155 0.3103 
        H032  5 0.3520 0.3339 0.3141 
        H033  5 0.2735 0.3240 0.4025 
        H034  5 0.4167 0.2297 0.3536 
        H035  5 0.3306 0.3474 0.3220 
        H036  5 0.2894 0.3870 0.3235 
        H037  5 0.4432 0.2660 0.2908 
        H048  5 0.4576 0.2255 0.3169 
        H049  5 0.3059 0.4495 0.2446 
        H054  5 0.3255 0.3132 0.3613 
        H055  5 0.3847 0.2911 0.3242 
        H057  5 0.3367 0.4219 0.2414 
        H060  5 0.3864 0.3364 0.2772 
        H061  5 0.2524 0.3156 0.4320 
        H064  5 0.4037 0.3021 0.2943 
        H070  5 0.3755 0.2561 0.3684 
        H077  5 0.4812 0.2801 0.2387 
        H078  5 0.4422 0.3370 0.2208 
        H079  5 0.2280 0.2899 0.4821 
        H097  5 0.3635 0.4384 0.1981 
        H107  5 0.5674 0.1856 0.2470 
        H122  5 0.3176 0.3982 0.2842 
        H123  5 0.2364 0.3939 0.3697 
        H124  5 0.2283 0.3260 0.4457 
        H131  5 0.2466 0.3804 0.3730 
        H132  5 0.3501 0.2893 0.3606 
        H141  5 0.3745 0.2826 0.3429 
        H142  5 0.2380 0.3994 0.3626 
        H157  5 0.4882 0.2384 0.2734 
        H158  5 0.2351 0.5039 0.2609 
        H159  5 0.2368 0.4270 0.3361 
        H160  5 0.3395 0.3450 0.3156 
        H163  5 0.2663 0.3882 0.3454 
        H164  5 0.2787 0.3646 0.3567 
        H165  5 0.2018 0.2941 0.5041 
        H166  5 0.2744 0.4278 0.2978 
        H169  5 0.2957 0.3307 0.3736 
     H169613  5 0.3380 0.3805 0.2815 
     H169653  5 0.2549 0.3908 0.3542 
     H169728  5 0.2867 0.3913 0.3220 
     H169742  5 0.3227 0.2314 0.4459 
        H170  5 0.2950 0.4612 0.2438 
        H171  5 0.2845 0.4716 0.2439 
     H171851  5 0.3130 0.3955 0.2915 
     H171852  5 0.4266 0.3075 0.2659 
     H171853  5 0.3882 0.2688 0.3430 
     H171854  5 0.3153 0.3745 0.3102 
     H171938  5 0.2977 0.2359 0.4664 
     H171939  5 0.2575 0.4294 0.3131 
     H171941  5 0.5079 0.2342 0.2579 
     H171965  5 0.2435 0.4037 0.3529 
     H171970  5 0.5448 0.2247 0.2304 
     H171973  5 0.2344 0.2707 0.4949 
     H171974  5 0.3146 0.2756 0.4099 
     H171975  5 0.3604 0.3011 0.3384 
     H171976  5 0.3119 0.4469 0.2412 
        H175  5 0.4353 0.2340 0.3307 
        H178  5 0.3600 0.3116 0.3284 
        H189  5 0.1974 0.4323 0.3703 
        H399  5 0.3004 0.4517 0.2479 
        H416  5 0.3446 0.2794 0.3760 
        H438  5 0.3121 0.2579 0.4301 
        H450  5 0.4741 0.2622 0.2636 
        H455  5 0.5286 0.2161 0.2553 
        H456  5 0.3132 0.2640 0.4227 
        H457  5 0.4231 0.3377 0.2392 
        H458  5 0.4180 0.2716 0.3104 
        H459  5 0.2282 0.4013 0.3705 
        H460  5 0.3644 0.3133 0.3223 
        H461  5 0.2867 0.4704 0.2430 
        H462  5 0.2780 0.3538 0.3682 
        H469  5 0.2289 0.3818 0.3893 
        H470  5 0.3681 0.3075 0.3243 
        H471  5 0.2212 0.4834 0.2955 
        H481  5 0.5405 0.2193 0.2402 
        H482  5 0.3849 0.3120 0.3031 
        H501  5 0.3487 0.2978 0.3535 
        H502  5 0.2223 0.4565 0.3212 
        H503  5 0.2847 0.4045 0.3107 
        H509  5 0.4424 0.2667 0.2910 
        H510  5 0.3282 0.3730 0.2988 
        H511  5 0.2560 0.4104 0.3336 
        H530  5 0.3568 0.2404 0.4028 
        H531  5 0.4830 0.2718 0.2451 
        H564  5 0.4132 0.2712 0.3156 
        H565  5 0.5044 0.2624 0.2332 
        H567  5 0.1965 0.4162 0.3873 
     H568???  5 0.2414 0.4425 0.3161 
        H608  5 0.4584 0.2715 0.2701 
        H609  5 0.2901 0.2770 0.4329 
        H612  5 0.4843 0.1846 0.3311 
        H614  5 0.5072 0.2689 0.2239 
        H615  5 0.4653 0.3031 0.2316 
        H616  5 0.5548 0.1753 0.2699 
        H617  5 0.2218 0.3241 0.4541 
        H618  5 0.4667 0.2370 0.2963 
        H619  5 0.2452 0.2533 0.5015 
        H635  5 0.3030 0.3323 0.3648 
        H636  5 0.2388 0.2314 0.5298 
        H637  5 0.3733 0.2796 0.3471 
        H644  5 0.1610 0.5803 0.2587 
        H711  5 0.2812 0.4501 0.2687 
        H712  5 0.4020 0.2297 0.3683 
       H7360  5 0.3513 0.3790 0.2697 
       H7361  5 0.4335 0.2830 0.2835 
       H7362  5 0.1879 0.5294 0.2826 
       H7363  5 0.3798 0.3439 0.2762 
       H7394  5 0.2361 0.4245 0.3394 
       H7395  5 0.3455 0.2929 0.3617 
       H7396  5 0.3227 0.3340 0.3433 
        H742  5 0.3219 0.2306 0.4475 
        H743  5 0.3543 0.3129 0.3328 
        H744  5 0.4934 0.2155 0.2911 
        H957  5 0.3208 0.3869 0.2923 
        H958  5 0.2756 0.3686 0.3558 
        H959  5 0.4666 0.2155 0.3180 
        H960  5 0.3133 0.3006 0.3861 
      H_PALI  6 0.3101 0.3730 0.3169 
        H581  6 0.3880 0.3269 0.2851 
        H582  6 0.5317 0.2643 0.2040 
        H583  6 0.3528 0.3146 0.3326 
        H595  6 0.2063 0.4587 0.3350 
        H596  6 0.2038 0.4127 0.3835 
        H597  6 0.2102 0.4446 0.3452 
        H598  6 0.3472 0.2931 0.3597 
        H599  6 0.4486 0.2690 0.2824 
        H642  6 0.2685 0.4798 0.2517 
        H643  6 0.3070 0.2976 0.3954 
        H664  6 0.4932 0.3142 0.1926 
        H665  6 0.2841 0.2317 0.4842 
        H674  6 0.1966 0.5501 0.2532 
        H675  6 0.3907 0.3339 0.2753 
        H676  6 0.2581 0.4616 0.2803 
        H686  6 0.2993 0.3856 0.3151 
        H687  6 0.3319 0.3681 0.3000 
        H917  6 0.2116 0.3300 0.4584 
        H918  6 0.2878 0.2763 0.4359 
        H919  6 0.4831 0.2041 0.3128 
        H920  6 0.4091 0.3020 0.2889 
        H631  7 0.4131 0.2881 0.2988 
        H684  7 0.2281 0.4913 0.2807 
        H685  7 0.4939 0.2853 0.2208 
        H713  7 0.5148 0.2257 0.2594 
        H715  7 0.2529 0.4640 0.2831 
        H716  7 0.3907 0.2865 0.3228 
        H717  7 0.3760 0.3213 0.3027 
        H729  7 0.2196 0.3090 0.4715 
        H730  7 0.3339 0.2448 0.4212 
        H431  8 0.3876 0.2668 0.3457 
        H432  8 0.2071 0.4668 0.3261 
        H433  8 0.2670 0.3186 0.4144 
        H434  8 0.3152 0.3709 0.3139 
        H444  8 0.2901 0.3083 0.4017 
        H454  8 0.5111 0.2316 0.2574 
        H475  8 0.5216 0.2438 0.2346 
        H491  8 0.4285 0.3041 0.2673 
        H492  8 0.4571 0.2725 0.2704 
        H493  8 0.2916 0.3944 0.3140 
        H494  8 0.3490 0.3018 0.3491 
        H495  8 0.4783 0.3329 0.1888 
        H662  8 0.3148 0.3953 0.2899 
        H663  8 0.3315 0.2977 0.3708 
        H695  8 0.3550 0.2653 0.3798 
       H7367  8 0.2203 0.3687 0.4110 
       H7368  8 0.2439 0.3946 0.3615 
       H7369  8 0.3081 0.2637 0.4283 
       H7370  8 0.1980 0.4416 0.3604 
       H7371  8 0.2891 0.2912 0.4197 
        H600  9 0.4385 0.2676 0.2939 
        H648  9 0.3308 0.3923 0.2768 
        H696  9 0.1991 0.5528 0.2481 
        H697  9 0.2919 0.3119 0.3962 
        H698  9 0.2628 0.3741 0.3632 
        H699  9 0.3254 0.3562 0.3183 
        H700  9 0.4119 0.2439 0.3443 
        H732  9 0.4960 0.2849 0.2190 
        H733  9 0.2372 0.3544 0.4084 
        H734  9 0.2218 0.4632 0.3151 
        H735  9 0.2798 0.4149 0.3053 
        H736  9 0.3641 0.3155 0.3204 
        H737  9 0.3663 0.2727 0.3610 
        H905  9 0.4046 0.2512 0.3442 
        H921  9 0.3897 0.2464 0.3639 
        H922  9 0.2136 0.4127 0.3737 
     H169705 10 0.2769 0.3637 0.3594 
     H171942 10 0.1973 0.4603 0.3424 
     H171943 10 0.3072 0.3917 0.3011 
     H171944 10 0.3069 0.2902 0.4029 
     H171946 10 0.4456 0.3413 0.2131 
     H171947 10 0.2780 0.3940 0.3280 
     H229641 10 0.3437 0.3545 0.3019 
      H30001 10 0.3467 0.2789 0.3744 
      H30002 10 0.3411 0.3031 0.3559 
      H30005 10 0.2972 0.3557 0.3470 
      H30006 10 0.2468 0.4408 0.3124 
      H30007 10 0.2000 0.5432 0.2568 
        H451 10 0.2188 0.3987 0.3826 
        H452 10 0.2800 0.3768 0.3431 
        H453 10 0.4844 0.2970 0.2186 
        H473 10 0.3675 0.3092 0.3232 
        H474 10 0.5476 0.2699 0.1825 
        H486 10 0.4011 0.2860 0.3128 
        H487 10 0.4229 0.2814 0.2957 
        H488 10 0.3551 0.2517 0.3932 
        H489 10 0.4648 0.2496 0.2856 
        H550 10 0.2610 0.4636 0.2754 
        H551 10 0.3468 0.2733 0.3798 
        H553 10 0.4555 0.2860 0.2585 
        H554 10 0.2642 0.3953 0.3405 
        H556 10 0.3657 0.3699 0.2644 
        H580 10 0.2750 0.3345 0.3905 
        H591 10 0.5460 0.2082 0.2458 
        H592 10 0.3839 0.2838 0.3323 
        H593 10 0.3021 0.3408 0.3571 
        H594 10 0.1861 0.4688 0.3450 
        H627 10 0.3576 0.3885 0.2539 
        H628 10 0.1769 0.2953 0.5277 
        H629 10 0.3648 0.3790 0.2562 
        H630 10 0.3433 0.3706 0.2861 
        H638 10 0.2873 0.3719 0.3407 
        H639 10 0.4587 0.3221 0.2192 
        H640 10 0.2491 0.4169 0.3340 
        H704 10 0.2522 0.4410 0.3069 
        H705 10 0.2757 0.3561 0.3682 
        H706 10 0.4120 0.2181 0.3699 
        H708 10 0.5373 0.2308 0.2319 
       H7351 10 0.3093 0.3857 0.3050 
       H7352 10 0.3435 0.3306 0.3259 
       H7353 10 0.2403 0.5001 0.2596 
       H7354 10 0.3845 0.2889 0.3266 
       H7365 10 0.5038 0.2204 0.2758 
       H7383 10 0.3760 0.2420 0.3820 
       H7384 10 0.3802 0.2737 0.3461 
       H7385 10 0.4279 0.2598 0.3123 
       H7386 10 0.2837 0.3069 0.4093 
       H7387 10 0.2713 0.3452 0.3835 
       H7388 10 0.2879 0.3101 0.4020 
        H906 10 0.4299 0.3200 0.2500 
        H907 10 0.2335 0.4617 0.3048 
        H908 10 0.3264 0.3136 0.3600 
        H909 10 0.3233 0.2809 0.3957 
       H9552 10 0.3148 0.3659 0.3193 
       H9553 10 0.3945 0.2989 0.3066 
       H9555 10 0.2648 0.3039 0.4313 
       H9575 10 0.4647 0.2802 0.2550 
       H9703 10 0.5093 0.2358 0.2549 
       H9707 10 0.4381 0.2761 0.2858 
       HSAA4 10 0.2734 0.3267 0.3999 
        H001 11 0.3437 0.2699 0.3864 
        H004 11 0.3169 0.3529 0.3302 
        H005 11 0.4777 0.2188 0.3035 
        H006 11 0.3224 0.2862 0.3913 
        H007 11 0.4550 0.2098 0.3352 
        H031 11 0.5427 0.1937 0.2636 
        H074 11 0.4845 0.2997 0.2158 
        H075 11 0.4625 0.2031 0.3344 
        H080 11 0.4456 0.2551 0.2993 
        H086 11 0.3493 0.3421 0.3085 
        H092 11 0.3914 0.2802 0.3284 
        H093 11 0.2014 0.4694 0.3293 
        H094 11 0.2900 0.4066 0.3034 
        H095 11 0.4053 0.2569 0.3378 
        H096 11 0.3485 0.2303 0.4212 
        H099 11 0.4023 0.2896 0.3081 
        H100 11 0.2195 0.3918 0.3887 
        H127 11 0.3743 0.2855 0.3402 
        H136 11 0.5005 0.2497 0.2498 
        H153 11 0.3038 0.4146 0.2816 
        H154 11 0.5067 0.2505 0.2428 
        H155 11 0.2104 0.2926 0.4969 
        H156 11 0.1701 0.3451 0.4847 
        H161 11 0.2987 0.4149 0.2864 
        H162 11 0.2200 0.4117 0.3683 
        H167 11 0.2749 0.3375 0.3877 
        H168 11 0.2901 0.3181 0.3918 
     H169586 11 0.4110 0.3898 0.1991 
     H169738 11 0.2315 0.2864 0.4820 
     H169741 11 0.4586 0.2778 0.2635 
     H171801 11 0.2634 0.4509 0.2857 
     H171810 11 0.4610 0.3011 0.2380 
     H171811 11 0.5058 0.2802 0.2140 
     H171812 11 0.3484 0.2479 0.4037 
     H171820 11 0.5064 0.2544 0.2392 
     H171821 11 0.2613 0.3456 0.3931 
     H171822 11 0.3027 0.3314 0.3659 
     H171823 11 0.4685 0.3524 0.1792 
     H171866 11 0.2459 0.3937 0.3604 
     H171867 11 0.2362 0.2813 0.4825 
     H171967 11 0.4594 0.2235 0.3172 
     H171969 11 0.3329 0.3208 0.3463 
        H172 11 0.2871 0.2962 0.4167 
        H173 11 0.2903 0.2400 0.4697 
        H174 11 0.2131 0.4617 0.3252 
        H196 11 0.2262 0.3128 0.4610 
        H197 11 0.2518 0.3109 0.4373 
        H346 11 0.3778 0.2674 0.3548 
        H355 11 0.3682 0.2862 0.3455 
        H356 11 0.3868 0.2960 0.3171 
        H357 11 0.4236 0.2527 0.3237 
        H358 11 0.3058 0.2340 0.4601 
        H359 11 0.3336 0.3326 0.3338 
        H360 11 0.3328 0.2843 0.3829 
        H361 11 0.2791 0.3081 0.4127 
        H362 11 0.2006 0.4365 0.3629 
        H363 11 0.4510 0.2308 0.3182 
        H364 11 0.3288 0.3385 0.3327 
        H365 11 0.2682 0.3223 0.4095 
        H366 11 0.2444 0.2919 0.4637 
        H367 11 0.4922 0.2699 0.2379 
        H368 11 0.2904 0.4360 0.2736 
        H369 11 0.4850 0.2025 0.3125 
        H370 11 0.2591 0.3551 0.3857 
        H371 11 0.3361 0.3656 0.2984 
        H372 11 0.2842 0.3091 0.4067 
        H373 11 0.3310 0.3287 0.3403 
        H374 11 0.4000 0.2684 0.3317 
        H375 11 0.3872 0.2512 0.3616 
        H376 11 0.2568 0.3945 0.3487 
        H377 11 0.3652 0.2941 0.3407 
        H378 11 0.3831 0.3264 0.2904 
        H379 11 0.3138 0.3615 0.3247 
        H380 11 0.2147 0.2818 0.5035 
        H381 11 0.4707 0.2986 0.2307 
        H382 11 0.1724 0.3987 0.4289 
        H383 11 0.2126 0.3980 0.3893 
        H384 11 0.4223 0.2790 0.2987 
        H385 11 0.3949 0.3060 0.2991 
        H386 11 0.2517 0.2323 0.5160 
        H387 11 0.3086 0.4571 0.2343 
        H388 11 0.1935 0.3401 0.4664 
        H389 11 0.3525 0.2512 0.3963 
        H390 11 0.2851 0.3396 0.3752 
        H391 11 0.2674 0.4086 0.3240 
        H392 11 0.4543 0.2208 0.3249 
        H393 11 0.2419 0.4433 0.3148 
        H394 11 0.2477 0.5067 0.2456 
        H395 11 0.4210 0.2346 0.3443 
        H408 11 0.3125 0.2430 0.4445 
        H412 11 0.5209 0.3192 0.1599 
        H417 11 0.3762 0.2861 0.3377 
        H418 11 0.3582 0.4029 0.2388 
        H429 11 0.2995 0.2796 0.4209 
        H430 11 0.2371 0.3355 0.4274 
        H439 11 0.3603 0.2955 0.3442 
        H440 11 0.4809 0.2415 0.2776 
        H441 11 0.2564 0.3466 0.3970 
        H442 11 0.2449 0.3250 0.4301 
        H446 11 0.3197 0.3487 0.3316 
        H447 11 0.2299 0.2801 0.4899 
        H448 11 0.2691 0.2485 0.4824 
        H534 11 0.5255 0.2637 0.2107 
        H537 11 0.4739 0.2829 0.2431 
        H568 11 0.5474 0.2253 0.2272 
        H569 11 0.1856 0.3771 0.4373 
        H586 11 0.4094 0.3999 0.1907 
        H587 11 0.5383 0.2176 0.2441 
        H588 11 0.2202 0.4849 0.2949 
        H589 11 0.4953 0.2250 0.2797 
        H590 11 0.4469 0.2776 0.2755 
        H601 11 0.2044 0.4066 0.3889 
        H602 11 0.3800 0.2704 0.3496 
        H603 11 0.2376 0.2964 0.4660 
        H610 11 0.3842 0.2948 0.3210 
        H611 11 0.4269 0.2976 0.2755 
        H649 11 0.3401 0.3603 0.2996 
        H650 11 0.2417 0.4776 0.2807 
        H651 11 0.2881 0.2666 0.4452 
        H652 11 0.3345 0.3987 0.2668 
       H7364 11 0.2710 0.3125 0.4165 
       H7366 11 0.3234 0.2558 0.4208 
       H7378 11 0.1554 0.5881 0.2565 
       H7379 11 0.3092 0.3373 0.3535 
        H739 11 0.4582 0.2810 0.2608 
        H740 11 0.2474 0.4382 0.3144 
        H741 11 0.4580 0.2715 0.2704 
        H926 11 0.2720 0.4346 0.2935 
        H927 11 0.2461 0.3047 0.4492 
        H928 11 0.3289 0.3667 0.3043 
       H9560 11 0.3087 0.3792 0.3121 
        H409 12 0.2346 0.3214 0.4440 
        H413 12 0.2252 0.5447 0.2301 
        H419 12 0.2755 0.2814 0.4431 
        H420 12 0.3879 0.2959 0.3161 
        H421 12 0.1880 0.4223 0.3897 
        H435 12 0.2511 0.4174 0.3315 
        H436 12 0.3268 0.2384 0.4348 
        H437 12 0.4535 0.2930 0.2535 
        H445 12 0.2335 0.2906 0.4760 
        H449 12 0.2889 0.4129 0.2981 
        H463 12 0.4157 0.3098 0.2744 
        H464 12 0.2236 0.5004 0.2760 
        H465 12 0.3253 0.4813 0.1934 
        H490 12 0.2254 0.4636 0.3111 
        H561 12 0.3119 0.3677 0.3204 
        H562 12 0.2987 0.2388 0.4625 
        H563 12 0.3570 0.2725 0.3706 
        H570 12 0.4089 0.2247 0.3664 
        H571 12 0.3447 0.4096 0.2457 
        H572 12 0.4060 0.3190 0.2750 
        H573 12 0.2318 0.3058 0.4623 
       H7372 12 0.1721 0.3035 0.5244 
       H7373 12 0.2409 0.5156 0.2435 
       H7374 12 0.3846 0.2802 0.3352 
       H7375 12 0.3915 0.2551 0.3534 
       H7376 12 0.2099 0.2696 0.5205 
       H7377 12 0.4234 0.2743 0.3022 
