        H102  1 0.1911 0.1900 0.1560 0.1227 0.3401 
        H103  1 0.1706 0.1114 0.2715 0.2522 0.1943 
        H104  1 0.2423 0.2354 0.1511 0.1833 0.1878 
        H105  1 0.1853 0.1891 0.1713 0.1688 0.2855 
        H106  1 0.1906 0.2137 0.1940 0.2378 0.1638 
        H112  1 0.1876 0.2557 0.1538 0.1885 0.2143 
        H113  1 0.2050 0.1723 0.1539 0.2582 0.2106 
        H114  1 0.1896 0.1263 0.1651 0.2715 0.2474 
        H115  1 0.2362 0.1988 0.1392 0.1690 0.2568 
        H143  1 0.1903 0.1540 0.1870 0.1475 0.3212 
        H144  1 0.1844 0.1060 0.3069 0.1466 0.2561 
        H145  1 0.1695 0.1251 0.2540 0.2191 0.2322 
        H149  1 0.2241 0.2517 0.1711 0.1613 0.1917 
        H150  1 0.1859 0.1915 0.2495 0.1874 0.1857 
     H167542  1 0.2289 0.1476 0.1622 0.1668 0.2945 
     H169604  1 0.2010 0.1561 0.1669 0.1702 0.3058 
     H169607  1 0.1975 0.1328 0.2284 0.1704 0.2708 
     H169608  1 0.1920 0.2930 0.1756 0.1396 0.1998 
     H169633  1 0.1953 0.1233 0.1910 0.2561 0.2343 
     H169688  1 0.1958 0.1585 0.2773 0.1755 0.1930 
     H169714  1 0.2248 0.2245 0.1911 0.1768 0.1829 
     H171802  1 0.1998 0.2818 0.1618 0.2221 0.1345 
     H171805  1 0.1910 0.1524 0.2205 0.2160 0.2201 
     H171807  1 0.1976 0.2608 0.1925 0.1589 0.1902 
     H171814  1 0.1814 0.1214 0.2990 0.2271 0.1710 
     H171816  1 0.1989 0.2683 0.1825 0.1743 0.1760 
     H171817  1 0.1883 0.2289 0.1690 0.1955 0.2183 
     H171818  1 0.1933 0.1733 0.1679 0.2692 0.1964 
     H171819  1 0.1895 0.2012 0.1845 0.2274 0.1974 
     H171834  1 0.1986 0.1934 0.1949 0.1648 0.2483 
     H171835  1 0.2294 0.3059 0.1652 0.1652 0.1343 
     H171836  1 0.1527 0.0978 0.1945 0.3405 0.2144 
     H171837  1 0.2523 0.2165 0.1715 0.1667 0.1930 
     H171838  1 0.1645 0.1553 0.2123 0.3048 0.1632 
     H171839  1 0.2409 0.1975 0.1614 0.1811 0.2191 
     H171841  1 0.1458 0.4385 0.1637 0.1265 0.1255 
     H171860  1 0.1898 0.1915 0.1708 0.1813 0.2666 
     H171861  1 0.1404 0.0913 0.1960 0.2599 0.3124 
     H171862  1 0.1842 0.1598 0.2080 0.2073 0.2407 
     H171868  1 0.2001 0.1466 0.1541 0.1588 0.3404 
     H171869  1 0.2073 0.1522 0.2855 0.2025 0.1524 
     H171870  1 0.1812 0.2140 0.2326 0.1963 0.1758 
     H171871  1 0.1905 0.1431 0.2102 0.2979 0.1583 
     H171872  1 0.1920 0.2074 0.1569 0.1911 0.2526 
     H171873  1 0.2334 0.1911 0.2540 0.1686 0.1529 
     H171874  1 0.1866 0.1458 0.2068 0.1282 0.3327 
     H171875  1 0.1671 0.1105 0.2193 0.1882 0.3150 
     H171876  1 0.2174 0.1322 0.1790 0.1689 0.3026 
     H171877  1 0.2588 0.1537 0.1469 0.1953 0.2453 
     H171878  1 0.2189 0.2606 0.2168 0.1658 0.1379 
     H171901  1 0.2401 0.2289 0.1714 0.1922 0.1674 
     H171902  1 0.1819 0.2006 0.2557 0.1510 0.2108 
     H171903  1 0.2019 0.1633 0.1806 0.1930 0.2611 
     H171935  1 0.1826 0.2543 0.1811 0.2392 0.1428 
     H171936  1 0.2444 0.1240 0.1789 0.2230 0.2298 
     H171940  1 0.2135 0.2536 0.1870 0.1351 0.2108 
     H171945  1 0.1719 0.2120 0.2621 0.1800 0.1741 
     H171948  1 0.1728 0.2612 0.1594 0.2082 0.1984 
     H171949  1 0.2065 0.3335 0.1598 0.1501 0.1500 
     H171950  1 0.2417 0.2825 0.1524 0.1486 0.1748 
     H171963  1 0.2006 0.1446 0.2592 0.2448 0.1508 
     H171964  1 0.1655 0.1506 0.3691 0.1381 0.1767 
     H171966  1 0.1790 0.1989 0.2210 0.2284 0.1727 
     H171968  1 0.1904 0.2187 0.2232 0.1201 0.2476 
     H171971  1 0.1971 0.2114 0.1914 0.2544 0.1458 
     H171972  1 0.1662 0.1390 0.2379 0.2093 0.2476 
     H171977  1 0.2144 0.1223 0.3019 0.1933 0.1681 
     H171978  1 0.1707 0.2729 0.2003 0.1628 0.1934 
     H171979  1 0.1704 0.1172 0.1900 0.3008 0.2216 
        H176  1 0.1916 0.1786 0.2059 0.1798 0.2442 
        H177  1 0.2227 0.2988 0.1518 0.1434 0.1833 
        H179  1 0.2310 0.2448 0.1366 0.1585 0.2291 
        H181  1 0.1673 0.1610 0.2377 0.2584 0.1756 
        H182  1 0.1714 0.1098 0.2135 0.2462 0.2592 
        H183  1 0.1871 0.1672 0.2952 0.2135 0.1370 
        H184  1 0.1549 0.2715 0.1633 0.1919 0.2185 
        H185  1 0.1775 0.1505 0.2204 0.2605 0.1910 
        H186  1 0.1776 0.2207 0.2527 0.1074 0.2415 
        H187  1 0.2212 0.1977 0.1822 0.2235 0.1754 
        H188  1 0.2553 0.2293 0.1486 0.1706 0.1962 
        H192  1 0.1820 0.3173 0.1644 0.1725 0.1637 
        H193  1 0.1663 0.1254 0.2361 0.2162 0.2559 
        H194  1 0.2156 0.1992 0.1738 0.2052 0.2061 
        H195  1 0.1670 0.1716 0.3109 0.1500 0.2004 
        H199  1 0.1709 0.1614 0.3102 0.1873 0.1703 
        H200  1 0.1921 0.2506 0.1860 0.1769 0.1944 
        H414  1 0.1966 0.1447 0.2186 0.2303 0.2099 
        H415  1 0.1904 0.1333 0.1832 0.2302 0.2629 
        H422  1 0.1624 0.2208 0.2446 0.1460 0.2263 
        H423  1 0.1545 0.4429 0.1355 0.1411 0.1260 
        H424  1 0.1599 0.1323 0.2754 0.2540 0.1784 
        H425  1 0.1935 0.1298 0.3479 0.1599 0.1689 
        H426  1 0.1627 0.1635 0.3369 0.1807 0.1562 
        H443  1 0.1832 0.1207 0.3265 0.1033 0.2662 
        H466  1 0.2335 0.1879 0.1958 0.1981 0.1846 
        H467  1 0.2094 0.3154 0.1841 0.1487 0.1425 
        H472  1 0.2505 0.1854 0.1970 0.1839 0.1832 
        H483  1 0.2014 0.1388 0.2103 0.1811 0.2685 
        H504  1 0.1665 0.1369 0.3289 0.1966 0.1711 
        H505  1 0.2475 0.2302 0.1733 0.1795 0.1695 
        H506  1 0.1776 0.2063 0.2026 0.1751 0.2385 
        H507  1 0.2418 0.0944 0.2168 0.2483 0.1987 
        H508  1 0.2274 0.2066 0.1992 0.2304 0.1365 
        H524  1 0.2326 0.1259 0.1994 0.2220 0.2201 
        H525  1 0.2119 0.1433 0.2532 0.1559 0.2356 
        H526  1 0.2302 0.1548 0.1686 0.1674 0.2790 
        H527  1 0.2071 0.2598 0.1657 0.1467 0.2206 
        H528  1 0.1717 0.1198 0.2346 0.2066 0.2673 
        H529  1 0.2005 0.1005 0.2513 0.2379 0.2099 
        H533  1 0.1848 0.0899 0.1661 0.3629 0.1963 
        H538  1 0.2499 0.1986 0.1656 0.1586 0.2273 
        H539  1 0.1999 0.1787 0.2162 0.2139 0.1913 
        H540  1 0.2035 0.1925 0.1836 0.2165 0.2039 
        H541  1 0.2396 0.1413 0.1753 0.1827 0.2611 
        H558  1 0.1463 0.1875 0.2770 0.2267 0.1626 
        H559  1 0.1732 0.1864 0.1791 0.1314 0.3299 
        H579  1 0.1761 0.1550 0.2378 0.1683 0.2627 
        H584  1 0.1677 0.1587 0.2901 0.1934 0.1902 
        H585  1 0.1962 0.1529 0.2156 0.2641 0.1712 
        H605  1 0.1935 0.2231 0.2011 0.1793 0.2030 
        H606  1 0.1963 0.3008 0.1518 0.1144 0.2367 
        H632  1 0.1897 0.1290 0.2955 0.1588 0.2269 
        H634  1 0.1984 0.1586 0.2345 0.1785 0.2299 
        H671  1 0.1979 0.3097 0.1615 0.1588 0.1721 
        H672  1 0.2318 0.1576 0.2047 0.2053 0.2007 
        H673  1 0.1894 0.1803 0.2496 0.1289 0.2517 
        H689  1 0.2104 0.1445 0.2351 0.1538 0.2562 
        H690  1 0.2158 0.2205 0.1459 0.2072 0.2106 
        H691  1 0.2736 0.1413 0.1584 0.1362 0.2904 
        H692  1 0.1372 0.0925 0.2633 0.2589 0.2481 
        H709  1 0.1925 0.1545 0.2176 0.2106 0.2249 
        H710  1 0.1440 0.1138 0.2676 0.2285 0.2461 
       H7355  1 0.1892 0.1229 0.1540 0.2494 0.2845 
       H7356  1 0.1726 0.2008 0.2511 0.1817 0.1938 
       H7357  1 0.2039 0.1882 0.1618 0.2117 0.2344 
       H7358  1 0.2133 0.1526 0.2082 0.1558 0.2701 
       H7380  1 0.1714 0.1420 0.2100 0.1686 0.3081 
       H7381  1 0.1854 0.2729 0.2325 0.1498 0.1595 
       H7382  1 0.1987 0.1556 0.1946 0.1632 0.2879 
        H904  1 0.2015 0.3655 0.1163 0.1047 0.2120 
        H923  1 0.1937 0.2354 0.2135 0.1719 0.1855 
        H924  1 0.2155 0.2265 0.2003 0.1450 0.2126 
        H925  1 0.2670 0.1336 0.1882 0.1578 0.2535 
       H9558  1 0.1411 0.1772 0.3005 0.2303 0.1510 
        H008  2 0.1672 0.1321 0.1902 0.2844 0.2260 
        H021  2 0.2714 0.2123 0.1658 0.1683 0.1822 
        H023  2 0.2446 0.2188 0.1661 0.1602 0.2103 
        H024  2 0.1375 0.1295 0.2520 0.3467 0.1343 
        H025  2 0.1488 0.3275 0.2207 0.1462 0.1567 
        H026  2 0.1726 0.1185 0.3309 0.2234 0.1546 
        H027  2 0.2713 0.1393 0.1822 0.1824 0.2248 
        H028  2 0.1897 0.1563 0.2380 0.2143 0.2017 
        H029  2 0.2210 0.1217 0.1956 0.2477 0.2140 
        H030  2 0.1689 0.1293 0.2759 0.2691 0.1568 
        H038  2 0.2773 0.2347 0.1682 0.1644 0.1554 
        H039  2 0.1341 0.5509 0.1115 0.1022 0.1013 
        H040  2 0.2179 0.2228 0.1777 0.2273 0.1543 
        H041  2 0.2064 0.1701 0.1527 0.2425 0.2284 
        H042  2 0.1978 0.2273 0.1815 0.1979 0.1955 
        H043  2 0.1973 0.3604 0.1641 0.1563 0.1218 
        H044  2 0.1410 0.1538 0.1873 0.3358 0.1821 
        H047  2 0.1704 0.2889 0.2243 0.1789 0.1375 
        H050  2 0.1700 0.1268 0.2220 0.2989 0.1823 
        H058  2 0.2125 0.2207 0.1842 0.2499 0.1326 
        H062  2 0.2645 0.2422 0.1686 0.1232 0.2015 
        H063  2 0.2117 0.3085 0.1463 0.1833 0.1502 
        H065  2 0.1737 0.2068 0.3196 0.1336 0.1662 
        H066  2 0.1954 0.1565 0.2263 0.2878 0.1341 
        H067  2 0.2191 0.1328 0.1947 0.1650 0.2886 
        H068  2 0.2028 0.3076 0.1713 0.1823 0.1360 
        H069  2 0.2266 0.1727 0.2467 0.1939 0.1601 
        H071  2 0.2292 0.2440 0.1813 0.1584 0.1870 
        H072  2 0.1674 0.3908 0.1411 0.1610 0.1397 
        H073  2 0.2282 0.1450 0.2437 0.1752 0.2079 
        H081  2 0.2232 0.1991 0.1406 0.1815 0.2557 
        H082  2 0.1495 0.1376 0.2449 0.2989 0.1690 
        H083  2 0.1644 0.1534 0.2832 0.1978 0.2013 
        H084  2 0.2334 0.1812 0.1577 0.2871 0.1406 
        H085  2 0.2465 0.1645 0.1461 0.1767 0.2662 
        H087  2 0.2262 0.1744 0.1534 0.1633 0.2827 
        H088  2 0.2076 0.2643 0.1484 0.1673 0.2124 
        H089  2 0.2511 0.1394 0.1786 0.1676 0.2632 
        H090  2 0.1843 0.1464 0.2292 0.2508 0.1894 
        H091  2 0.2523 0.1048 0.1896 0.2325 0.2207 
        H098  2 0.1474 0.1721 0.1611 0.3701 0.1493 
      H10001  2 0.1586 0.5138 0.1153 0.0985 0.1138 
      H10002  2 0.2051 0.2375 0.1457 0.1343 0.2775 
        H101  2 0.1782 0.1270 0.1916 0.3650 0.1382 
        H108  2 0.1787 0.3130 0.1498 0.1220 0.2365 
        H109  2 0.1894 0.2146 0.1777 0.2870 0.1313 
        H110  2 0.1719 0.1300 0.1453 0.1995 0.3533 
        H116  2 0.1742 0.1512 0.2553 0.2209 0.1984 
        H117  2 0.2177 0.1234 0.1585 0.2858 0.2146 
        H118  2 0.2038 0.1087 0.2984 0.1955 0.1936 
        H119  2 0.2110 0.2075 0.1735 0.1740 0.2341 
        H120  2 0.1984 0.3895 0.1316 0.1120 0.1684 
        H121  2 0.2155 0.1275 0.2020 0.2399 0.2151 
        H125  2 0.1983 0.4535 0.1116 0.1206 0.1160 
        H126  2 0.1344 0.2093 0.2912 0.1954 0.1697 
        H128  2 0.1615 0.0775 0.3271 0.2791 0.1548 
        H129  2 0.1441 0.1239 0.3406 0.2127 0.1788 
        H130  2 0.1513 0.3392 0.2063 0.1380 0.1652 
        H133  2 0.1607 0.3983 0.1661 0.1335 0.1413 
        H134  2 0.1196 0.1266 0.4458 0.1657 0.1424 
        H135  2 0.1992 0.1935 0.1671 0.1669 0.2733 
        H137  2 0.1841 0.1636 0.1822 0.3232 0.1468 
        H138  2 0.1681 0.1345 0.3120 0.1686 0.2168 
        H140  2 0.1779 0.1985 0.2069 0.1992 0.2175 
        H146  2 0.2007 0.1453 0.2668 0.2064 0.1809 
        H147  2 0.2099 0.1439 0.1653 0.2439 0.2371 
        H148  2 0.2325 0.1269 0.1513 0.2465 0.2427 
     H166022  2 0.1756 0.1205 0.1713 0.2863 0.2463 
     H167359  2 0.1845 0.1776 0.1966 0.2352 0.2060 
     H167397  2 0.1323 0.0827 0.1738 0.4243 0.1869 
     H167428  2 0.2225 0.0908 0.2167 0.1743 0.2956 
     H167496  2 0.2167 0.3171 0.1351 0.1587 0.1724 
     H167513  2 0.1665 0.2111 0.1657 0.3435 0.1131 
     H167545  2 0.1922 0.1244 0.2642 0.2320 0.1872 
     H167547  2 0.1392 0.1152 0.2403 0.3821 0.1233 
     H169621  2 0.1923 0.1271 0.2270 0.2582 0.1953 
     H169622  2 0.1946 0.1305 0.2327 0.1625 0.2797 
     H169750  2 0.1827 0.2542 0.2137 0.2041 0.1453 
     H171806  2 0.2390 0.2059 0.2161 0.1783 0.1606 
     H171808  2 0.2426 0.1524 0.2235 0.1632 0.2183 
     H171809  2 0.2005 0.1926 0.1755 0.1709 0.2603 
     H171813  2 0.1910 0.2109 0.2406 0.1883 0.1691 
     H171815  2 0.1880 0.3782 0.1726 0.1346 0.1266 
     H171824  2 0.2339 0.2247 0.1377 0.1343 0.2694 
     H171825  2 0.2024 0.1539 0.2207 0.1665 0.2565 
     H171826  2 0.2048 0.2053 0.1700 0.1848 0.2351 
     H171827  2 0.2299 0.1576 0.1749 0.1848 0.2528 
     H171828  2 0.2038 0.4026 0.1218 0.1204 0.1513 
     H171829  2 0.1880 0.1975 0.2530 0.2078 0.1537 
     H171830  2 0.1572 0.2151 0.1530 0.3094 0.1652 
     H171831  2 0.1562 0.1262 0.2874 0.2370 0.1932 
     H171832  2 0.1715 0.1897 0.2526 0.1843 0.2019 
     H171863  2 0.1578 0.1097 0.3057 0.2445 0.1824 
     H171864  2 0.2101 0.1606 0.1737 0.2744 0.1812 
     H171865  2 0.1789 0.3551 0.1679 0.1638 0.1343 
     H171879  2 0.1924 0.1703 0.2029 0.2457 0.1888 
     H171880  2 0.2004 0.1373 0.1585 0.3446 0.1591 
     H171881  2 0.2208 0.1485 0.1916 0.2054 0.2336 
     H171882  2 0.1378 0.4631 0.1281 0.1185 0.1526 
     H171929  2 0.1922 0.1897 0.1835 0.2323 0.2023 
     H171930  2 0.1805 0.1156 0.2362 0.3332 0.1345 
     H171933  2 0.2141 0.1474 0.1943 0.2461 0.1981 
     H171934  2 0.2272 0.1585 0.1804 0.1849 0.2489 
     H171937  2 0.1392 0.1687 0.2954 0.2274 0.1692 
     H171962  2 0.2321 0.1583 0.2070 0.1803 0.2223 
        H190  2 0.1858 0.1489 0.2067 0.2466 0.2119 
        H191  2 0.2057 0.2066 0.2155 0.2190 0.1532 
        H396  2 0.2893 0.1833 0.1832 0.1347 0.2095 
        H397  2 0.1996 0.1541 0.2039 0.2291 0.2133 
        H398  2 0.2290 0.2017 0.2646 0.1388 0.1659 
        H400  2 0.2536 0.1604 0.1808 0.1833 0.2220 
        H401  2 0.1423 0.1030 0.2202 0.4052 0.1294 
        H402  2 0.1847 0.1172 0.1740 0.2826 0.2414 
        H427  2 0.2236 0.1648 0.1739 0.1829 0.2548 
        H428  2 0.2199 0.0935 0.2087 0.1781 0.2997 
        H497  2 0.1732 0.2777 0.1763 0.2327 0.1402 
        H512  2 0.1713 0.1705 0.1828 0.2712 0.2042 
        H513  2 0.1742 0.2031 0.1653 0.3408 0.1165 
        H514  2 0.1754 0.1853 0.2433 0.1795 0.2164 
        H519  2 0.1641 0.2088 0.1662 0.3444 0.1165 
        H532  2 0.2750 0.1126 0.1877 0.1604 0.2643 
        H543  2 0.2040 0.1088 0.1613 0.2737 0.2521 
        H544  2 0.1591 0.2112 0.3114 0.1390 0.1793 
        H545  2 0.1881 0.1233 0.2899 0.2229 0.1758 
        H546  2 0.1897 0.3043 0.1957 0.1567 0.1536 
        H547  2 0.1425 0.1197 0.2355 0.3811 0.1212 
        H548  2 0.2088 0.1577 0.1760 0.2197 0.2379 
        H549  2 0.2473 0.1483 0.2150 0.2490 0.1405 
        H620  2 0.1586 0.4518 0.1236 0.1134 0.1526 
        H623  2 0.1437 0.1694 0.2715 0.2633 0.1522 
        H624  2 0.2160 0.2853 0.2327 0.1256 0.1404 
        H625  2 0.2518 0.1616 0.1835 0.2045 0.1986 
        H626  2 0.2356 0.1694 0.1781 0.2514 0.1656 
        H654  2 0.1698 0.4794 0.1273 0.1132 0.1103 
        H655  2 0.2161 0.2559 0.1683 0.1633 0.1964 
        H656  2 0.1698 0.4316 0.1372 0.1057 0.1556 
        H666  2 0.1702 0.4186 0.1715 0.1273 0.1123 
        H667  2 0.2037 0.1516 0.1777 0.1791 0.2879 
        H677  2 0.2257 0.1479 0.2118 0.1680 0.2465 
        H693  2 0.2351 0.2988 0.1424 0.1286 0.1951 
        H694  2 0.1461 0.1760 0.2287 0.2911 0.1581 
        H701  2 0.1615 0.1439 0.1707 0.3062 0.2176 
        H702  2 0.2092 0.1940 0.1632 0.2265 0.2071 
        H731  2 0.2193 0.2408 0.1530 0.1405 0.2465 
       H7359  2 0.1839 0.1746 0.1956 0.2327 0.2132 
       H7389  2 0.2777 0.1491 0.2049 0.2020 0.1662 
       H7390  2 0.2542 0.2594 0.1611 0.1724 0.1530 
       H7391  2 0.2431 0.1345 0.1419 0.1811 0.2994 
       H7392  2 0.2401 0.1787 0.2327 0.1540 0.1946 
       H7393  2 0.1927 0.2576 0.1619 0.2182 0.1695 
       H7398  2 0.2148 0.1737 0.1547 0.2382 0.2185 
       H7399  2 0.1953 0.1164 0.2193 0.1824 0.2867 
       H7400  2 0.1488 0.4982 0.1297 0.1048 0.1186 
        H745  2 0.1472 0.1302 0.3696 0.2155 0.1375 
        H746  2 0.2094 0.1199 0.2175 0.1768 0.2763 
        H747  2 0.2418 0.2620 0.1544 0.2058 0.1359 
        H748  2 0.2083 0.1799 0.1759 0.2277 0.2082 
       H7484  2 0.1657 0.3949 0.1509 0.1603 0.1282 
       H7485  2 0.2027 0.1890 0.2119 0.2451 0.1512 
        H749  2 0.2206 0.1341 0.2031 0.2002 0.2418 
        H930  2 0.1871 0.1222 0.2090 0.3332 0.1486 
        H931  2 0.1933 0.2014 0.1908 0.1836 0.2309 
        H932  2 0.2275 0.1674 0.2197 0.1912 0.1942 
        H111  3 0.1415 0.1362 0.2567 0.2997 0.1659 
        H951  3 0.1688 0.1383 0.2239 0.2858 0.1831 
        H952  3 0.2244 0.1733 0.2475 0.1807 0.1741 
        H953  3 0.2933 0.1170 0.1827 0.1890 0.2179 
        H954  3 0.1867 0.3286 0.1420 0.1867 0.1560 
        H955  3 0.2015 0.1196 0.2230 0.2691 0.1869 
        H956  3 0.2618 0.1683 0.1736 0.2043 0.1920 
       H9563  3 0.2042 0.2163 0.1508 0.2509 0.1778 
        H002  4 0.1633 0.3139 0.2257 0.1269 0.1702 
        H003  4 0.1984 0.1216 0.2242 0.1408 0.3149 
        H009  4 0.2057 0.1533 0.2768 0.1889 0.1752 
        H010  4 0.2344 0.1484 0.1935 0.1787 0.2450 
        H011  4 0.2242 0.3577 0.1366 0.1228 0.1586 
        H012  4 0.1792 0.1440 0.1621 0.2159 0.2988 
        H013  4 0.2050 0.2337 0.1557 0.1557 0.2499 
        H014  4 0.1771 0.1923 0.2114 0.1813 0.2380 
        H045  4 0.2339 0.2294 0.1536 0.2045 0.1786 
        H046  4 0.1935 0.1189 0.2819 0.1479 0.2578 
        H051  4 0.2108 0.2796 0.1457 0.1699 0.1940 
        H052  4 0.1507 0.3169 0.2239 0.1537 0.1548 
        H053  4 0.2248 0.2092 0.1832 0.1865 0.1963 
        H056  4 0.1567 0.3430 0.1789 0.1779 0.1436 
        H076  4 0.1832 0.1281 0.2690 0.2009 0.2188 
        H151  4 0.2087 0.3459 0.1765 0.1204 0.1486 
        H152  4 0.1690 0.3123 0.2367 0.1163 0.1656 
     H171803  4 0.2752 0.2036 0.1646 0.1838 0.1728 
     H171804  4 0.2190 0.2209 0.1612 0.2251 0.1738 
     H171833  4 0.1508 0.1446 0.3234 0.1932 0.1879 
     H171855  4 0.1622 0.3634 0.1841 0.1664 0.1239 
     H171856  4 0.2493 0.1781 0.1851 0.2357 0.1518 
     H171857  4 0.1850 0.2846 0.2016 0.1829 0.1459 
     H171858  4 0.1914 0.1753 0.2566 0.1468 0.2299 
     H171859  4 0.2068 0.2062 0.1986 0.1633 0.2251 
     H171961  4 0.2364 0.2473 0.1728 0.1611 0.1824 
        H198  4 0.1698 0.1018 0.2328 0.1835 0.3121 
      H20001  4 0.1644 0.1585 0.2983 0.2378 0.1409 
        H403  4 0.2078 0.2197 0.2079 0.2204 0.1441 
        H404  4 0.2094 0.1265 0.1903 0.1703 0.3036 
        H405  4 0.1975 0.1271 0.2214 0.2203 0.2337 
        H406  4 0.1308 0.2071 0.2732 0.2916 0.0973 
        H407  4 0.2822 0.1548 0.1852 0.2015 0.1763 
        H410  4 0.2092 0.1071 0.2151 0.2898 0.1789 
        H411  4 0.1402 0.1600 0.2515 0.2821 0.1661 
        H468  4 0.1830 0.1827 0.2345 0.2810 0.1187 
        H476  4 0.1852 0.2215 0.1977 0.2384 0.1572 
        H477  4 0.2131 0.1072 0.3205 0.1895 0.1697 
        H478  4 0.1781 0.1480 0.1776 0.1982 0.2981 
        H479  4 0.1971 0.2539 0.1784 0.1614 0.2092 
        H480  4 0.1762 0.1200 0.2376 0.2870 0.1791 
        H498  4 0.1724 0.1894 0.2305 0.1644 0.2433 
        H499  4 0.1987 0.1925 0.2137 0.1871 0.2079 
        H500  4 0.2520 0.2720 0.1389 0.1575 0.1796 
        H515  4 0.1925 0.2317 0.1659 0.2172 0.1927 
        H516  4 0.1631 0.2128 0.2302 0.2180 0.1759 
        H517  4 0.2060 0.1576 0.2024 0.2290 0.2051 
        H518  4 0.1572 0.2879 0.2333 0.1817 0.1398 
        H520  4 0.2028 0.2564 0.1927 0.1863 0.1619 
        H521  4 0.2247 0.1612 0.1986 0.2094 0.2061 
        H522  4 0.2505 0.1962 0.1888 0.2005 0.1641 
        H523  4 0.2006 0.2167 0.1777 0.2012 0.2039 
        H536  4 0.2202 0.1495 0.2395 0.1498 0.2410 
        H645  4 0.2435 0.2043 0.1383 0.1380 0.2759 
        H646  4 0.1952 0.1187 0.2525 0.2681 0.1655 
        H647  4 0.2410 0.1572 0.2324 0.1971 0.1723 
        H657  4 0.2025 0.1198 0.2160 0.2329 0.2289 
        H658  4 0.2597 0.1581 0.1726 0.2155 0.1941 
        H659  4 0.2198 0.3693 0.1320 0.1413 0.1376 
        H660  4 0.1782 0.2564 0.1793 0.2098 0.1763 
        H661  4 0.2071 0.2883 0.1968 0.1639 0.1440 
        H668  4 0.1672 0.1200 0.1694 0.1767 0.3667 
        H669  4 0.2083 0.1976 0.1716 0.2114 0.2111 
        H670  4 0.1925 0.1932 0.1386 0.1173 0.3584 
        H678  4 0.2359 0.1636 0.1710 0.2764 0.1531 
        H679  4 0.1660 0.1355 0.1944 0.3148 0.1893 
        H680  4 0.1923 0.1668 0.2546 0.2269 0.1594 
        H681  4 0.1729 0.2360 0.1574 0.1456 0.2881 
        H682  4 0.2057 0.1289 0.1608 0.2837 0.2210 
        H683  4 0.1593 0.3217 0.2147 0.1966 0.1076 
        H718  4 0.1673 0.3617 0.1835 0.1362 0.1513 
        H719  4 0.2186 0.2260 0.1562 0.2207 0.1784 
        H720  4 0.1757 0.2590 0.2384 0.1745 0.1524 
        H721  4 0.1832 0.2234 0.2559 0.1967 0.1408 
        H722  4 0.1415 0.3036 0.2828 0.1517 0.1204 
        H723  4 0.2014 0.2930 0.1389 0.1758 0.1910 
        H724  4 0.2229 0.3445 0.1450 0.1504 0.1373 
        H725  4 0.1719 0.3718 0.1762 0.1540 0.1262 
        H726  4 0.1790 0.3062 0.1789 0.1597 0.1762 
        H727  4 0.2061 0.2486 0.1680 0.1679 0.2094 
        H910  4 0.1949 0.2379 0.1602 0.2168 0.1903 
        H911  4 0.1742 0.1556 0.2330 0.2686 0.1687 
        H912  4 0.1765 0.2217 0.2185 0.2250 0.1582 
        H913  4 0.2824 0.1935 0.1648 0.1862 0.1731 
        H914  4 0.2600 0.2284 0.1358 0.1532 0.2226 
        H915  4 0.1991 0.1913 0.1754 0.2696 0.1646 
        H916  4 0.1860 0.1718 0.2287 0.2825 0.1309 
       H9572  4 0.2082 0.2178 0.1895 0.2358 0.1487 
        H015  5 0.1682 0.1603 0.2284 0.2983 0.1448 
        H016  5 0.1743 0.1348 0.3279 0.1787 0.1843 
        H017  5 0.2019 0.1792 0.2467 0.2169 0.1553 
        H019  5 0.1569 0.2155 0.2163 0.1955 0.2158 
        H020  5 0.2378 0.2196 0.2073 0.1532 0.1821 
        H032  5 0.1748 0.2251 0.1985 0.2070 0.1947 
        H033  5 0.1809 0.1486 0.1676 0.2107 0.2922 
        H034  5 0.1841 0.2619 0.1460 0.1546 0.2533 
        H035  5 0.2506 0.1522 0.2041 0.2290 0.1641 
        H036  5 0.2050 0.1390 0.2152 0.2859 0.1550 
        H037  5 0.2944 0.1980 0.1626 0.1625 0.1825 
        H048  5 0.2541 0.2572 0.1545 0.1651 0.1690 
        H049  5 0.1686 0.2107 0.2591 0.2064 0.1552 
        H054  5 0.1861 0.1919 0.2338 0.1896 0.1986 
        H055  5 0.1849 0.2633 0.1876 0.1219 0.2422 
        H057  5 0.1654 0.2047 0.3063 0.1373 0.1863 
        H060  5 0.1944 0.2388 0.2135 0.1263 0.2270 
        H061  5 0.2103 0.1434 0.1925 0.1662 0.2877 
        H064  5 0.1915 0.2776 0.1934 0.1514 0.1861 
        H070  5 0.2038 0.2436 0.1485 0.1786 0.2254 
        H077  5 0.1453 0.3710 0.1579 0.1755 0.1503 
        H078  5 0.2087 0.2513 0.2169 0.1969 0.1263 
        H079  5 0.2712 0.1133 0.1679 0.2153 0.2324 
        H097  5 0.1550 0.2497 0.2597 0.1925 0.1432 
        H107  5 0.2392 0.3402 0.1235 0.1132 0.1839 
        H122  5 0.2511 0.1466 0.2267 0.2025 0.1731 
        H123  5 0.2056 0.1157 0.2348 0.2604 0.1834 
        H124  5 0.2236 0.1281 0.2157 0.1887 0.2439 
        H131  5 0.1961 0.1308 0.2060 0.2461 0.2210 
        H132  5 0.2082 0.2197 0.1730 0.2034 0.1957 
        H141  5 0.2193 0.1997 0.1723 0.1853 0.2234 
        H142  5 0.1839 0.1225 0.1904 0.2035 0.2996 
        H157  5 0.2332 0.2614 0.1643 0.1696 0.1714 
        H158  5 0.1868 0.1312 0.3369 0.1947 0.1504 
        H159  5 0.1746 0.1320 0.2092 0.2964 0.1878 
        H160  5 0.2424 0.1523 0.2111 0.2088 0.1853 
        H163  5 0.1719 0.1563 0.2118 0.2489 0.2112 
        H164  5 0.1522 0.1912 0.1925 0.2038 0.2603 
        H165  5 0.1887 0.1138 0.1808 0.1824 0.3344 
        H166  5 0.2263 0.1651 0.2220 0.1961 0.1904 
        H169  5 0.1993 0.1639 0.1811 0.1585 0.2972 
     H169613  5 0.1789 0.2062 0.1920 0.1543 0.2685 
     H169653  5 0.1688 0.1587 0.2263 0.1971 0.2491 
     H169728  5 0.1709 0.1651 0.2180 0.2760 0.1700 
     H169742  5 0.2763 0.1698 0.1617 0.1285 0.2637 
        H170  5 0.1516 0.1937 0.3073 0.1665 0.1809 
        H171  5 0.1668 0.1831 0.3182 0.1837 0.1481 
     H171851  5 0.1711 0.1936 0.2491 0.1658 0.2204 
     H171852  5 0.2054 0.2803 0.2043 0.1328 0.1771 
     H171853  5 0.1991 0.2141 0.1572 0.2403 0.1893 
     H171854  5 0.1480 0.2122 0.1897 0.2520 0.1980 
     H171938  5 0.2062 0.1623 0.1479 0.1797 0.3039 
     H171939  5 0.2207 0.1471 0.2628 0.1819 0.1875 
     H171941  5 0.2275 0.3240 0.1478 0.1193 0.1815 
     H171965  5 0.1647 0.1462 0.2306 0.1506 0.3079 
     H171970  5 0.1830 0.4060 0.1328 0.1379 0.1402 
     H171973  5 0.2237 0.1181 0.1787 0.1982 0.2813 
     H171974  5 0.2227 0.1799 0.1634 0.1796 0.2544 
     H171975  5 0.1998 0.2613 0.1760 0.1804 0.1825 
     H171976  5 0.1616 0.2262 0.2855 0.1805 0.1462 
        H175  5 0.2567 0.2262 0.1712 0.1560 0.1898 
        H178  5 0.2151 0.2470 0.1898 0.1464 0.2017 
        H189  5 0.1565 0.1182 0.2306 0.2086 0.2861 
        H399  5 0.1791 0.1624 0.3359 0.1925 0.1301 
        H416  5 0.2362 0.1975 0.1728 0.1872 0.2063 
        H438  5 0.2253 0.1671 0.1611 0.2471 0.1993 
        H450  5 0.1792 0.3095 0.1686 0.1246 0.2181 
        H455  5 0.2236 0.3753 0.1340 0.1209 0.1462 
        H456  5 0.2439 0.1708 0.1695 0.1556 0.2602 
        H457  5 0.1468 0.3176 0.2173 0.1340 0.1842 
        H458  5 0.2264 0.2212 0.1716 0.1695 0.2114 
        H459  5 0.2232 0.1186 0.2080 0.2154 0.2347 
        H460  5 0.2326 0.1891 0.1694 0.2244 0.1845 
        H461  5 0.1522 0.1848 0.2922 0.2056 0.1652 
        H462  5 0.2025 0.1408 0.1987 0.2772 0.1808 
        H469  5 0.1567 0.1518 0.1797 0.3201 0.1917 
        H470  5 0.1804 0.2115 0.1779 0.2416 0.1886 
        H471  5 0.1874 0.1126 0.3073 0.2334 0.1594 
        H481  5 0.2195 0.3507 0.1538 0.1242 0.1518 
        H482  5 0.1636 0.2862 0.1782 0.1652 0.2067 
        H501  5 0.2281 0.1979 0.1730 0.1931 0.2079 
        H502  5 0.1707 0.1381 0.2604 0.2071 0.2237 
        H503  5 0.1693 0.1485 0.2413 0.2528 0.1881 
        H509  5 0.2362 0.2454 0.1548 0.2243 0.1393 
        H510  5 0.1810 0.2242 0.1998 0.1629 0.2321 
        H511  5 0.1670 0.1619 0.2156 0.1879 0.2676 
        H530  5 0.2372 0.2084 0.1458 0.1669 0.2416 
        H531  5 0.2659 0.2640 0.1759 0.1637 0.1305 
        H564  5 0.2056 0.2643 0.1955 0.1433 0.1913 
        H565  5 0.2193 0.3551 0.1613 0.1347 0.1295 
        H567  5 0.1849 0.1134 0.2248 0.2782 0.1986 
     H568???  5 0.1603 0.1369 0.2989 0.2059 0.1980 
        H608  5 0.1872 0.3069 0.1721 0.1364 0.1973 
        H609  5 0.2447 0.1685 0.1543 0.1583 0.2742 
        H612  5 0.2282 0.3062 0.1224 0.1439 0.1993 
        H614  5 0.2248 0.3169 0.1860 0.1335 0.1388 
        H615  5 0.2171 0.2851 0.1936 0.1608 0.1433 
        H616  5 0.2279 0.3575 0.1220 0.1122 0.1804 
        H617  5 0.2361 0.1122 0.1872 0.2464 0.2181 
        H618  5 0.2007 0.3248 0.1638 0.1557 0.1551 
        H619  5 0.2059 0.1602 0.1568 0.1207 0.3565 
        H635  5 0.1619 0.2117 0.1837 0.1902 0.2525 
        H636  5 0.1876 0.1324 0.1472 0.1718 0.3610 
        H637  5 0.2070 0.2473 0.1780 0.1381 0.2295 
        H644  5 0.1303 0.1038 0.3550 0.2416 0.1694 
        H711  5 0.1808 0.1797 0.3081 0.1467 0.1847 
        H712  5 0.2829 0.2169 0.1521 0.1374 0.2107 
       H7360  5 0.1819 0.2175 0.2233 0.1821 0.1953 
       H7361  5 0.1849 0.2926 0.1841 0.1532 0.1853 
       H7362  5 0.1497 0.0985 0.3365 0.2635 0.1519 
       H7363  5 0.1859 0.2484 0.2135 0.1945 0.1578 
       H7394  5 0.1538 0.1334 0.1795 0.2561 0.2773 
       H7395  5 0.2283 0.1859 0.1863 0.1522 0.2473 
       H7396  5 0.2519 0.1632 0.1812 0.1998 0.2039 
        H742  5 0.2744 0.1739 0.1528 0.1218 0.2771 
        H743  5 0.2561 0.2149 0.2000 0.1445 0.1845 
        H744  5 0.2500 0.3019 0.1454 0.1547 0.1480 
        H957  5 0.1659 0.2003 0.2497 0.1799 0.2042 
        H958  5 0.2152 0.1508 0.1900 0.2487 0.1953 
        H959  5 0.1938 0.3231 0.1370 0.1285 0.2176 
        H960  5 0.2309 0.1848 0.1863 0.1992 0.1988 
      H_PALI  6 0.1689 0.1841 0.1821 0.2179 0.2469 
        H581  6 0.2150 0.2522 0.1963 0.1926 0.1439 
        H582  6 0.1848 0.3628 0.1705 0.1550 0.1270 
        H583  6 0.2214 0.2034 0.1896 0.1934 0.1922 
        H595  6 0.1630 0.1091 0.1885 0.3844 0.1549 
        H596  6 0.1639 0.1175 0.2106 0.3179 0.1901 
        H597  6 0.1716 0.1179 0.2960 0.1981 0.2165 
        H598  6 0.1996 0.1924 0.1707 0.2087 0.2285 
        H599  6 0.2543 0.2853 0.1482 0.1551 0.1571 
        H642  6 0.1738 0.1477 0.2345 0.3167 0.1273 
        H643  6 0.2086 0.1645 0.1950 0.2145 0.2174 
        H664  6 0.2312 0.2658 0.1832 0.2126 0.1073 
        H665  6 0.2105 0.1638 0.1523 0.1811 0.2924 
        H674  6 0.1474 0.1263 0.3311 0.2480 0.1472 
        H675  6 0.2090 0.2449 0.2138 0.1809 0.1514 
        H676  6 0.1271 0.1779 0.2024 0.3208 0.1717 
        H686  6 0.1655 0.1859 0.2026 0.2150 0.2309 
        H687  6 0.2140 0.1731 0.2143 0.2349 0.1637 
        H917  6 0.1821 0.1159 0.1708 0.3076 0.2236 
        H918  6 0.2411 0.1480 0.1797 0.1437 0.2875 
        H919  6 0.2529 0.2848 0.1327 0.1579 0.1717 
        H920  6 0.1591 0.2902 0.1724 0.1931 0.1853 
        H631  7 0.2130 0.2461 0.1948 0.1440 0.2020 
        H684  7 0.1282 0.1588 0.2921 0.1547 0.2662 
        H685  7 0.2535 0.2667 0.1505 0.2175 0.1118 
        H713  7 0.2247 0.2700 0.1415 0.1897 0.1740 
        H715  7 0.1486 0.1647 0.2829 0.1725 0.2312 
        H716  7 0.2191 0.2393 0.2034 0.1218 0.2163 
        H717  7 0.2076 0.2280 0.2052 0.1824 0.1768 
        H729  7 0.2233 0.1145 0.1644 0.2650 0.2328 
        H730  7 0.2757 0.1748 0.1583 0.1929 0.1982 
        H431  8 0.2100 0.2386 0.1729 0.1932 0.1853 
        H432  8 0.1611 0.1251 0.3148 0.2359 0.1631 
        H433  8 0.1840 0.1569 0.1667 0.2680 0.2243 
        H434  8 0.2440 0.1428 0.1841 0.2522 0.1768 
        H444  8 0.2028 0.1868 0.1709 0.1940 0.2456 
        H454  8 0.2125 0.3559 0.1307 0.1517 0.1492 
        H475  8 0.1515 0.3966 0.1418 0.1421 0.1680 
        H491  8 0.2171 0.2805 0.1768 0.1340 0.1916 
        H492  8 0.2381 0.2508 0.1697 0.1805 0.1608 
        H493  8 0.1791 0.1804 0.2214 0.1912 0.2279 
        H494  8 0.2018 0.2168 0.1874 0.2293 0.1647 
        H495  8 0.1796 0.3573 0.1994 0.1436 0.1202 
        H662  8 0.2433 0.1588 0.2434 0.1966 0.1580 
        H663  8 0.1988 0.1973 0.2058 0.2131 0.1850 
        H695  8 0.2164 0.1989 0.1769 0.1809 0.2269 
       H7367  8 0.1926 0.1192 0.1893 0.3068 0.1920 
       H7368  8 0.1589 0.1496 0.2540 0.2044 0.2330 
       H7369  8 0.2117 0.2074 0.1604 0.1773 0.2433 
       H7370  8 0.1952 0.0931 0.1731 0.3769 0.1617 
       H7371  8 0.2116 0.1589 0.1637 0.2388 0.2271 
        H600  9 0.2068 0.2473 0.1898 0.1564 0.1998 
        H648  9 0.1731 0.2175 0.2411 0.2135 0.1547 
        H696  9 0.1666 0.1053 0.2960 0.3036 0.1284 
        H697  9 0.2119 0.1768 0.1921 0.2294 0.1897 
        H698  9 0.1882 0.1485 0.2214 0.2644 0.1775 
        H699  9 0.1868 0.2136 0.1984 0.2268 0.1743 
        H700  9 0.2096 0.2154 0.1557 0.1423 0.2769 
        H732  9 0.2110 0.3221 0.1913 0.1570 0.1186 
        H733  9 0.1574 0.1412 0.1705 0.3471 0.1838 
        H734  9 0.2098 0.1201 0.2223 0.2621 0.1857 
        H735  9 0.1816 0.1630 0.1819 0.3368 0.1367 
        H736  9 0.2457 0.1811 0.1866 0.1628 0.2238 
        H737  9 0.2569 0.2178 0.1883 0.1471 0.1899 
        H905  9 0.1999 0.2714 0.1449 0.1429 0.2409 
        H921  9 0.2294 0.2299 0.1557 0.1746 0.2104 
        H922  9 0.1882 0.1210 0.1761 0.3299 0.1848 
     H169705 10 0.2160 0.1357 0.1619 0.3272 0.1592 
     H171942 10 0.1613 0.1265 0.3134 0.2352 0.1636 
     H171943 10 0.2502 0.1436 0.2314 0.2098 0.1650 
     H171944 10 0.2649 0.1491 0.1700 0.2366 0.1795 
     H171946 10 0.2387 0.2449 0.2019 0.1820 0.1325 
     H171947 10 0.1813 0.1887 0.1924 0.2102 0.2274 
     H229641 10 0.1601 0.2316 0.1840 0.2516 0.1726 
      H30001 10 0.1927 0.2040 0.1664 0.2283 0.2086 
      H30002 10 0.2507 0.1610 0.1726 0.1463 0.2694 
      H30005 10 0.2031 0.1427 0.1928 0.2862 0.1752 
      H30006 10 0.1886 0.1564 0.2594 0.2366 0.1590 
      H30007 10 0.2029 0.1245 0.3454 0.1701 0.1571 
        H451 10 0.1513 0.1473 0.1937 0.2540 0.2538 
        H452 10 0.1956 0.1798 0.2184 0.2662 0.1400 
        H453 10 0.1950 0.3371 0.1894 0.1141 0.1644 
        H473 10 0.1982 0.2394 0.2011 0.1356 0.2256 
        H474 10 0.1853 0.3681 0.1593 0.1725 0.1148 
        H486 10 0.1823 0.2692 0.1706 0.2128 0.1651 
        H487 10 0.2080 0.2619 0.1860 0.1761 0.1679 
        H488 10 0.2001 0.2144 0.1493 0.1782 0.2581 
        H489 10 0.2122 0.2970 0.1540 0.1784 0.1584 
        H550 10 0.2230 0.1300 0.2613 0.1719 0.2137 
        H551 10 0.2336 0.1796 0.1618 0.2552 0.1698 
        H553 10 0.2331 0.2578 0.1964 0.1781 0.1347 
        H554 10 0.1532 0.1733 0.2143 0.1999 0.2594 
        H556 10 0.2813 0.1601 0.2415 0.1658 0.1513 
        H580 10 0.2264 0.1352 0.2247 0.2165 0.1972 
        H591 10 0.1959 0.3870 0.1384 0.1252 0.1535 
        H592 10 0.2222 0.2072 0.1638 0.2320 0.1747 
        H593 10 0.1626 0.1897 0.2070 0.1930 0.2478 
        H594 10 0.1932 0.1005 0.2706 0.2612 0.1745 
        H627 10 0.1735 0.2302 0.2097 0.2280 0.1586 
        H628 10 0.2035 0.0977 0.2112 0.1594 0.3281 
        H629 10 0.1820 0.2093 0.2400 0.2336 0.1351 
        H630 10 0.2361 0.1581 0.1833 0.2827 0.1399 
        H638 10 0.1745 0.1530 0.1742 0.3502 0.1480 
        H639 10 0.1463 0.3287 0.1941 0.2110 0.1198 
        H640 10 0.1912 0.1332 0.2056 0.2930 0.1770 
        H704 10 0.1870 0.1309 0.3051 0.1939 0.1831 
        H705 10 0.2127 0.1340 0.1656 0.3277 0.1600 
        H706 10 0.2467 0.2291 0.1441 0.1705 0.2096 
        H708 10 0.2784 0.2858 0.1421 0.1492 0.1445 
       H7351 10 0.1912 0.1722 0.2134 0.1978 0.2253 
       H7352 10 0.2127 0.2032 0.1882 0.1999 0.1961 
       H7353 10 0.1388 0.1544 0.3466 0.2107 0.1495 
       H7354 10 0.1908 0.2299 0.1689 0.1129 0.2975 
       H7365 10 0.2316 0.2750 0.1519 0.1718 0.1697 
       H7383 10 0.2010 0.2209 0.1493 0.1901 0.2387 
       H7384 10 0.2336 0.1977 0.1852 0.1486 0.2349 
       H7385 10 0.2043 0.2558 0.1555 0.2012 0.1831 
       H7386 10 0.1942 0.1665 0.1790 0.2213 0.2389 
       H7387 10 0.2111 0.1463 0.2127 0.1842 0.2456 
       H7388 10 0.2112 0.1803 0.1934 0.2258 0.1893 
        H906 10 0.1914 0.3035 0.2263 0.1171 0.1616 
        H907 10 0.1524 0.1327 0.2274 0.3187 0.1688 
        H908 10 0.1699 0.1980 0.1733 0.2427 0.2160 
        H909 10 0.2020 0.1932 0.1595 0.1199 0.3253 
       H9552 10 0.2198 0.1695 0.2296 0.1886 0.1924 
       H9553 10 0.2444 0.2045 0.1995 0.1995 0.1521 
       H9555 10 0.2297 0.1262 0.1564 0.2730 0.2147 
       H9575 10 0.2184 0.2645 0.1975 0.1504 0.1692 
       H9703 10 0.2349 0.3335 0.1603 0.1274 0.1440 
       H9707 10 0.1738 0.3154 0.1648 0.1802 0.1658 
       HSAA4 10 0.2292 0.1381 0.2194 0.2094 0.2039 
        H001 11 0.2220 0.1963 0.1917 0.1422 0.2477 
        H004 11 0.1988 0.1736 0.1956 0.1897 0.2423 
        H005 11 0.1588 0.3680 0.1240 0.1093 0.2399 
        H006 11 0.1992 0.1641 0.1692 0.1910 0.2765 
        H007 11 0.2395 0.2754 0.1392 0.1368 0.2091 
        H031 11 0.2408 0.3276 0.1233 0.1563 0.1520 
        H074 11 0.2016 0.2794 0.1638 0.2286 0.1266 
        H075 11 0.2596 0.2655 0.1419 0.1361 0.1969 
        H080 11 0.1855 0.2894 0.1614 0.2027 0.1610 
        H086 11 0.2371 0.1739 0.1950 0.2271 0.1669 
        H092 11 0.2042 0.2305 0.1773 0.1980 0.1900 
        H093 11 0.1613 0.1313 0.2942 0.2162 0.1969 
        H094 11 0.2106 0.1392 0.2024 0.2842 0.1636 
        H095 11 0.2149 0.2425 0.1819 0.1390 0.2217 
        H096 11 0.1913 0.2356 0.1455 0.1349 0.2927 
        H099 11 0.2000 0.2362 0.1641 0.2101 0.1896 
        H100 11 0.2263 0.1093 0.2524 0.1672 0.2448 
        H127 11 0.2329 0.2305 0.1767 0.1853 0.1747 
        H136 11 0.2008 0.3494 0.1535 0.1434 0.1529 
        H153 11 0.1531 0.2028 0.1881 0.2437 0.2122 
        H154 11 0.2380 0.2796 0.1585 0.1879 0.1359 
        H155 11 0.2232 0.1182 0.1716 0.2342 0.2527 
        H156 11 0.1631 0.0893 0.1761 0.2281 0.3434 
        H161 11 0.1778 0.2124 0.2400 0.1818 0.1879 
        H162 11 0.1728 0.1196 0.2088 0.3203 0.1784 
        H167 11 0.2227 0.1423 0.2045 0.1702 0.2602 
        H168 11 0.1845 0.1697 0.2082 0.2072 0.2304 
     H169586 11 0.2106 0.2488 0.2727 0.1398 0.1281 
     H169738 11 0.1992 0.1336 0.1652 0.2625 0.2395 
     H169741 11 0.2670 0.2474 0.1537 0.1606 0.1713 
     H171801 11 0.1667 0.1485 0.2743 0.2319 0.1787 
     H171810 11 0.2126 0.2798 0.1730 0.1741 0.1605 
     H171811 11 0.2310 0.2827 0.1912 0.1572 0.1379 
     H171812 11 0.2983 0.1824 0.1563 0.1202 0.2428 
     H171820 11 0.2372 0.2815 0.1646 0.1760 0.1407 
     H171821 11 0.1730 0.1502 0.1834 0.2625 0.2309 
     H171822 11 0.2097 0.1500 0.2030 0.2516 0.1856 
     H171823 11 0.1286 0.4124 0.2046 0.1302 0.1243 
     H171866 11 0.1653 0.1554 0.2559 0.2269 0.1965 
     H171867 11 0.1854 0.1318 0.1610 0.2621 0.2597 
     H171967 11 0.2686 0.2561 0.1430 0.1570 0.1752 
     H171969 11 0.2144 0.1936 0.1939 0.1861 0.2120 
        H172 11 0.2477 0.1450 0.1815 0.1951 0.2307 
        H173 11 0.2382 0.1441 0.1483 0.2284 0.2411 
        H174 11 0.1763 0.1074 0.2515 0.3263 0.1385 
        H196 11 0.2274 0.1207 0.2040 0.2525 0.1954 
        H197 11 0.1693 0.1410 0.1751 0.2449 0.2698 
        H346 11 0.2245 0.2211 0.1458 0.1379 0.2707 
        H355 11 0.2090 0.2178 0.1869 0.1645 0.2218 
        H356 11 0.2352 0.2214 0.1847 0.1776 0.1812 
        H357 11 0.1984 0.2687 0.1591 0.1966 0.1772 
        H358 11 0.2519 0.1499 0.1527 0.1807 0.2649 
        H359 11 0.2145 0.1905 0.1830 0.2074 0.2046 
        H360 11 0.2362 0.1780 0.1690 0.1831 0.2337 
        H361 11 0.2066 0.1832 0.1885 0.1697 0.2520 
        H362 11 0.1568 0.1069 0.1865 0.3734 0.1764 
        H363 11 0.2003 0.2774 0.1408 0.1373 0.2440 
        H364 11 0.2218 0.1796 0.2055 0.1347 0.2583 
        H365 11 0.2297 0.1632 0.2047 0.1682 0.2342 
        H366 11 0.2268 0.1314 0.2011 0.1873 0.2534 
        H367 11 0.1968 0.3262 0.1578 0.2028 0.1164 
        H368 11 0.2333 0.1266 0.2524 0.2210 0.1666 
        H369 11 0.1961 0.3344 0.1261 0.1634 0.1800 
        H370 11 0.1845 0.1368 0.1949 0.2211 0.2627 
        H371 11 0.2061 0.1942 0.1663 0.2974 0.1361 
        H372 11 0.2556 0.1508 0.1973 0.1862 0.2102 
        H373 11 0.1932 0.1872 0.1870 0.2010 0.2317 
        H374 11 0.2168 0.2420 0.1589 0.1325 0.2498 
        H375 11 0.2384 0.2130 0.1674 0.1857 0.1956 
        H376 11 0.1981 0.1515 0.2441 0.1956 0.2107 
        H377 11 0.1854 0.2261 0.1563 0.1979 0.2343 
        H378 11 0.2098 0.2056 0.2220 0.1851 0.1775 
        H379 11 0.1882 0.1759 0.1812 0.2523 0.2024 
        H380 11 0.1756 0.1245 0.1709 0.1825 0.3465 
        H381 11 0.1970 0.3154 0.1806 0.1624 0.1446 
        H382 11 0.1332 0.1009 0.2110 0.2972 0.2576 
        H383 11 0.1843 0.1142 0.2481 0.1493 0.3041 
        H384 11 0.2676 0.2192 0.1760 0.1434 0.1937 
        H385 11 0.1937 0.2530 0.1623 0.2186 0.1724 
        H386 11 0.2040 0.1342 0.1487 0.1650 0.3481 
        H387 11 0.1629 0.2055 0.3291 0.1212 0.1813 
        H388 11 0.2213 0.1107 0.2152 0.1861 0.2667 
        H389 11 0.2380 0.1916 0.1557 0.2051 0.2096 
        H390 11 0.2043 0.1377 0.1766 0.2416 0.2397 
        H391 11 0.2543 0.1202 0.2447 0.2481 0.1327 
        H392 11 0.2532 0.2616 0.1520 0.1172 0.2160 
        H393 11 0.2199 0.1433 0.2538 0.1694 0.2137 
        H394 11 0.1587 0.1515 0.3412 0.2160 0.1325 
        H395 11 0.1883 0.2902 0.1524 0.1538 0.2152 
        H408 11 0.2130 0.1877 0.1454 0.1365 0.3175 
        H412 11 0.2449 0.2888 0.1913 0.1875 0.0875 
        H417 11 0.2623 0.2068 0.1660 0.1440 0.2209 
        H418 11 0.1892 0.2193 0.2280 0.2179 0.1456 
        H429 11 0.2367 0.1534 0.1959 0.1693 0.2448 
        H430 11 0.2009 0.1377 0.1855 0.2534 0.2225 
        H439 11 0.2376 0.1824 0.1676 0.2147 0.1976 
        H440 11 0.1988 0.3321 0.1461 0.1175 0.2056 
        H441 11 0.1836 0.1396 0.1803 0.3198 0.1767 
        H442 11 0.1929 0.1434 0.2135 0.1815 0.2687 
        H446 11 0.2107 0.1595 0.2279 0.1859 0.2159 
        H447 11 0.2535 0.1092 0.1716 0.2074 0.2582 
        H448 11 0.2233 0.1525 0.1679 0.2194 0.2368 
        H534 11 0.1991 0.3504 0.1790 0.1308 0.1407 
        H537 11 0.1646 0.3114 0.1993 0.1643 0.1604 
        H568 11 0.1505 0.4254 0.1422 0.1571 0.1249 
        H569 11 0.1689 0.1003 0.1917 0.3456 0.1934 
        H586 11 0.2134 0.2423 0.2776 0.1431 0.1236 
        H587 11 0.2409 0.3206 0.1436 0.1314 0.1635 
        H588 11 0.1634 0.1224 0.3512 0.1654 0.1976 
        H589 11 0.2210 0.3341 0.1533 0.1120 0.1796 
        H590 11 0.1735 0.3491 0.1666 0.1410 0.1697 
        H601 11 0.1586 0.1388 0.2314 0.2602 0.2110 
        H602 11 0.2165 0.2385 0.1640 0.2252 0.1559 
        H603 11 0.1792 0.1545 0.1555 0.2615 0.2493 
