        H102  1 0.2182 0.1231 0.1197 0.2811 0.1676 0.0904 
        H103  1 0.1060 0.0927 0.2413 0.1559 0.2172 0.1868 
        H104  1 0.1868 0.2121 0.1168 0.1612 0.1219 0.2012 
        H105  1 0.2567 0.0872 0.1561 0.1946 0.1811 0.1243 
        H106  1 0.1512 0.2301 0.1509 0.1378 0.1983 0.1318 
        H112  1 0.1803 0.1599 0.1338 0.2108 0.1676 0.1476 
        H113  1 0.1112 0.1025 0.1130 0.2130 0.1709 0.2895 
        H114  1 0.1136 0.0953 0.1443 0.2126 0.1736 0.2607 
        H115  1 0.2030 0.1103 0.0990 0.1951 0.1925 0.2001 
        H143  1 0.1775 0.0827 0.1690 0.2608 0.1710 0.1389 
        H144  1 0.2424 0.0629 0.3321 0.1312 0.1151 0.1161 
        H145  1 0.1253 0.0841 0.1911 0.2297 0.1927 0.1771 
        H149  1 0.2113 0.2937 0.1377 0.1152 0.1303 0.1118 
        H150  1 0.1317 0.1235 0.2934 0.1512 0.1244 0.1758 
     H167542  1 0.2721 0.0829 0.1223 0.1886 0.1443 0.1898 
     H169604  1 0.2385 0.1158 0.1312 0.2148 0.1206 0.1791 
     H169607  1 0.1820 0.1110 0.2343 0.1687 0.1470 0.1569 
     H169608  1 0.1881 0.1561 0.1079 0.1983 0.2286 0.1209 
     H169633  1 0.1440 0.0779 0.1566 0.1928 0.1905 0.2382 
     H169688  1 0.1303 0.2049 0.2720 0.1168 0.1687 0.1073 
     H169714  1 0.1371 0.2497 0.1446 0.1312 0.1280 0.2094 
     H171802  1 0.1293 0.2519 0.1310 0.1431 0.1163 0.2283 
     H171805  1 0.1078 0.1225 0.2129 0.1751 0.2178 0.1639 
     H171807  1 0.2476 0.1511 0.1674 0.1753 0.1495 0.1091 
     H171814  1 0.0823 0.0904 0.2708 0.1739 0.1273 0.2553 
     H171816  1 0.1567 0.2207 0.1496 0.1601 0.1623 0.1507 
     H171817  1 0.1587 0.2339 0.1278 0.1868 0.1470 0.1457 
     H171818  1 0.1995 0.1649 0.1769 0.1428 0.1885 0.1273 
     H171819  1 0.1315 0.1662 0.1586 0.1659 0.1947 0.1832 
     H171834  1 0.1888 0.0968 0.1610 0.2428 0.1723 0.1382 
     H171835  1 0.1130 0.3422 0.0970 0.1348 0.0985 0.2145 
     H171836  1 0.1004 0.0660 0.1677 0.2096 0.2208 0.2355 
     H171837  1 0.2085 0.1412 0.1117 0.1707 0.1447 0.2233 
     H171838  1 0.1123 0.1077 0.1648 0.1753 0.2824 0.1574 
     H171839  1 0.1652 0.2018 0.1157 0.1776 0.0989 0.2408 
     H171841  1 0.2008 0.2772 0.1258 0.1303 0.1852 0.0807 
     H171860  1 0.1636 0.1068 0.1505 0.2069 0.1363 0.2359 
     H171861  1 0.1450 0.0571 0.1733 0.2673 0.1931 0.1642 
     H171862  1 0.1767 0.1152 0.1858 0.2153 0.1612 0.1457 
     H171868  1 0.2965 0.0848 0.1162 0.2208 0.1588 0.1229 
     H171869  1 0.1137 0.1076 0.3196 0.1208 0.1886 0.1497 
     H171870  1 0.1314 0.2969 0.1798 0.1171 0.1649 0.1099 
     H171871  1 0.0987 0.1041 0.2212 0.1566 0.1899 0.2296 
     H171872  1 0.1837 0.1764 0.1380 0.1827 0.1257 0.1935 
     H171873  1 0.1333 0.2242 0.2130 0.1328 0.1503 0.1464 
     H171874  1 0.1937 0.0973 0.1862 0.2538 0.1407 0.1283 
     H171875  1 0.1501 0.0625 0.1983 0.2380 0.1722 0.1790 
     H171876  1 0.2120 0.0930 0.1895 0.2154 0.1435 0.1466 
     H171877  1 0.3100 0.0754 0.0858 0.1923 0.1490 0.1876 
     H171878  1 0.1385 0.2263 0.2342 0.1063 0.2059 0.0889 
     H171901  1 0.1234 0.3183 0.1231 0.1046 0.1412 0.1894 
     H171902  1 0.1850 0.1828 0.2383 0.1485 0.1334 0.1120 
     H171903  1 0.1407 0.1476 0.1792 0.1846 0.1522 0.1959 
     H171935  1 0.1274 0.2908 0.1729 0.1288 0.1821 0.0981 
     H171936  1 0.1413 0.1035 0.1466 0.2037 0.1487 0.2563 
     H171940  1 0.3524 0.1248 0.1261 0.1500 0.1539 0.0928 
     H171945  1 0.1562 0.1483 0.2506 0.1358 0.1725 0.1367 
     H171948  1 0.1684 0.1276 0.1291 0.2120 0.2402 0.1227 
     H171949  1 0.2634 0.2514 0.1187 0.1278 0.1421 0.0968 
     H171950  1 0.1587 0.4495 0.0919 0.1025 0.1028 0.0946 
     H171963  1 0.0994 0.1567 0.2205 0.1329 0.2576 0.1329 
     H171964  1 0.1318 0.0945 0.3336 0.1687 0.1582 0.1132 
     H171966  1 0.1518 0.1699 0.1953 0.1705 0.2024 0.1101 
     H171968  1 0.2186 0.1895 0.1857 0.1551 0.1435 0.1075 
     H171971  1 0.1181 0.1897 0.1747 0.1299 0.2468 0.1409 
     H171972  1 0.1232 0.0809 0.1986 0.2326 0.1763 0.1883 
     H171977  1 0.1553 0.1073 0.2779 0.1455 0.1578 0.1562 
     H171978  1 0.1204 0.2428 0.1986 0.1683 0.1584 0.1114 
     H171979  1 0.1270 0.0984 0.1911 0.1763 0.2284 0.1788 
        H176  1 0.1596 0.0976 0.1519 0.2141 0.1770 0.1996 
        H177  1 0.1834 0.3033 0.1148 0.1099 0.1831 0.1055 
        H179  1 0.2357 0.2187 0.0994 0.1492 0.1548 0.1422 
        H181  1 0.1472 0.0899 0.2352 0.1768 0.2293 0.1215 
        H182  1 0.1304 0.0699 0.1796 0.2312 0.2304 0.1585 
        H183  1 0.1576 0.0907 0.2877 0.1582 0.1652 0.1406 
        H184  1 0.2447 0.1419 0.1333 0.1780 0.1826 0.1195 
        H185  1 0.1356 0.0937 0.1859 0.1644 0.2505 0.1698 
        H186  1 0.2061 0.1369 0.2725 0.1582 0.1268 0.0994 
        H187  1 0.1119 0.1994 0.1850 0.1441 0.1881 0.1715 
        H188  1 0.3181 0.1025 0.0841 0.1876 0.1313 0.1765 
        H192  1 0.1960 0.2302 0.1440 0.1342 0.1872 0.1084 
        H193  1 0.2041 0.0861 0.1975 0.1904 0.2077 0.1141 
        H194  1 0.1685 0.1626 0.1490 0.1672 0.1517 0.2009 
        H195  1 0.1232 0.1533 0.2905 0.1305 0.1952 0.1072 
        H199  1 0.1461 0.1129 0.2821 0.1179 0.1941 0.1470 
        H200  1 0.1702 0.1491 0.1492 0.1843 0.1479 0.1993 
        H414  1 0.0878 0.1854 0.2099 0.1482 0.1670 0.2018 
        H415  1 0.1238 0.0972 0.1567 0.2206 0.1706 0.2311 
        H422  1 0.1945 0.1395 0.2562 0.1634 0.1444 0.1019 
        H423  1 0.2231 0.3475 0.0934 0.0853 0.1762 0.0745 
        H424  1 0.1166 0.0905 0.3004 0.1545 0.1599 0.1782 
        H425  1 0.1542 0.1065 0.3696 0.1192 0.1228 0.1279 
        H426  1 0.1452 0.1209 0.3119 0.1427 0.1498 0.1294 
        H443  1 0.2829 0.0809 0.3378 0.1270 0.0739 0.0975 
        H466  1 0.1739 0.1901 0.1767 0.1521 0.1517 0.1555 
        H467  1 0.1538 0.3486 0.1423 0.1159 0.1386 0.1007 
        H472  1 0.1896 0.1657 0.1642 0.1524 0.1480 0.1801 
        H483  1 0.2912 0.0746 0.1799 0.1948 0.1532 0.1063 
        H504  1 0.1189 0.1008 0.3085 0.1349 0.1691 0.1680 
        H505  1 0.2165 0.2433 0.1301 0.1336 0.1291 0.1475 
        H506  1 0.2356 0.1328 0.1748 0.1788 0.1657 0.1123 
        H507  1 0.1288 0.0879 0.1875 0.1553 0.1988 0.2416 
        H508  1 0.1060 0.3357 0.1969 0.0971 0.1344 0.1299 
        H524  1 0.1106 0.1087 0.1439 0.1861 0.1152 0.3355 
        H525  1 0.2142 0.1081 0.1895 0.1831 0.1516 0.1536 
        H526  1 0.2853 0.0710 0.1151 0.2074 0.1533 0.1678 
        H527  1 0.1624 0.2107 0.1717 0.1570 0.1836 0.1145 
        H528  1 0.1437 0.0806 0.2029 0.2173 0.1476 0.2080 
        H529  1 0.1434 0.0939 0.2715 0.1546 0.1406 0.1960 
        H533  1 0.0858 0.1185 0.1506 0.1774 0.2534 0.2143 
        H538  1 0.2224 0.1340 0.1436 0.1663 0.1215 0.2122 
        H539  1 0.0895 0.2201 0.1776 0.1553 0.2274 0.1301 
        H540  1 0.1426 0.1229 0.1933 0.1610 0.1949 0.1853 
        H541  1 0.2244 0.1295 0.1312 0.1773 0.1324 0.2052 
        H558  1 0.1070 0.0884 0.2210 0.1925 0.2317 0.1593 
        H559  1 0.2909 0.0995 0.1529 0.2053 0.1483 0.1031 
        H579  1 0.1547 0.0676 0.1679 0.2579 0.2253 0.1266 
        H584  1 0.1463 0.1050 0.2718 0.1483 0.1668 0.1617 
        H585  1 0.1130 0.1543 0.2230 0.1332 0.2061 0.1705 
        H605  1 0.1700 0.1984 0.1694 0.1330 0.1885 0.1407 
        H606  1 0.2484 0.2573 0.1000 0.1337 0.1599 0.1008 
        H632  1 0.1796 0.0926 0.2488 0.1869 0.1491 0.1431 
        H634  1 0.1656 0.1150 0.2132 0.1643 0.1829 0.1590 
        H671  1 0.1763 0.3491 0.1307 0.1138 0.1193 0.1108 
        H672  1 0.0930 0.1422 0.1101 0.1922 0.0884 0.3740 
        H673  1 0.2095 0.0700 0.3176 0.1635 0.1266 0.1129 
        H689  1 0.2061 0.0954 0.2374 0.1766 0.1194 0.1652 
        H690  1 0.1450 0.1448 0.1185 0.1847 0.2037 0.2033 
        H691  1 0.2549 0.1235 0.1271 0.1762 0.1292 0.1892 
        H692  1 0.1289 0.0512 0.3251 0.1619 0.1734 0.1595 
        H709  1 0.1310 0.1009 0.1668 0.1996 0.1584 0.2432 
        H710  1 0.1388 0.0620 0.2461 0.2188 0.1837 0.1506 
       H7355  1 0.1807 0.0882 0.1230 0.2062 0.1954 0.2065 
       H7356  1 0.1307 0.1246 0.2301 0.1661 0.1922 0.1564 
       H7357  1 0.2250 0.1892 0.1301 0.1709 0.1641 0.1207 
       H7358  1 0.2898 0.0804 0.1402 0.1904 0.1363 0.1629 
       H7380  1 0.1900 0.0876 0.1757 0.2646 0.1577 0.1244 
       H7381  1 0.1554 0.1880 0.2681 0.1388 0.1378 0.1119 
       H7382  1 0.1743 0.1217 0.2046 0.1938 0.1726 0.1330 
        H904  1 0.2310 0.3344 0.0829 0.1209 0.1517 0.0792 
        H923  1 0.1886 0.1494 0.1632 0.1661 0.1774 0.1554 
        H924  1 0.2343 0.1336 0.1582 0.1685 0.1470 0.1585 
        H925  1 0.2772 0.0991 0.1238 0.1796 0.1345 0.1859 
       H9558  1 0.1040 0.0714 0.2328 0.1919 0.2468 0.1531 
        H008  2 0.1602 0.0646 0.1386 0.2169 0.2171 0.2026 
        H021  2 0.2231 0.2356 0.1280 0.1375 0.1279 0.1481 
        H023  2 0.2468 0.2253 0.1167 0.1491 0.1506 0.1116 
        H024  2 0.0710 0.0763 0.1776 0.2053 0.1859 0.2839 
        H025  2 0.2239 0.1710 0.1984 0.1310 0.1747 0.1011 
        H026  2 0.1092 0.0769 0.3174 0.1406 0.1162 0.2398 
        H027  2 0.1419 0.1162 0.1248 0.1843 0.1040 0.3288 
        H028  2 0.1544 0.1056 0.2284 0.1808 0.1823 0.1486 
        H029  2 0.1657 0.1217 0.1667 0.1620 0.1571 0.2269 
        H030  2 0.0876 0.0810 0.1773 0.2042 0.2533 0.1965 
        H038  2 0.1578 0.3625 0.1273 0.1005 0.1408 0.1112 
        H039  2 0.2262 0.4249 0.0607 0.0554 0.1729 0.0598 
        H040  2 0.1049 0.4729 0.1050 0.0953 0.1155 0.1064 
        H041  2 0.2092 0.0814 0.1161 0.1928 0.1579 0.2426 
        H042  2 0.2417 0.1369 0.1661 0.1432 0.1792 0.1330 
        H043  2 0.1304 0.4193 0.1025 0.0978 0.1687 0.0812 
        H044  2 0.1227 0.0836 0.1799 0.1691 0.2626 0.1821 
        H047  2 0.1416 0.1543 0.1768 0.1601 0.1937 0.1735 
        H050  2 0.0776 0.0977 0.1258 0.2323 0.1233 0.3433 
        H058  2 0.1223 0.3230 0.1430 0.1152 0.1692 0.1273 
        H062  2 0.3456 0.1338 0.1197 0.1328 0.1763 0.0917 
        H063  2 0.1685 0.2747 0.1180 0.1293 0.1474 0.1621 
        H065  2 0.1875 0.0903 0.3706 0.1079 0.1369 0.1070 
        H066  2 0.0865 0.1851 0.1718 0.1447 0.2228 0.1891 
        H067  2 0.2406 0.1231 0.1609 0.2163 0.1284 0.1307 
        H068  2 0.1621 0.3404 0.1193 0.1242 0.1323 0.1216 
        H069  2 0.1310 0.1910 0.1934 0.1249 0.1977 0.1620 
        H071  2 0.1786 0.1676 0.1658 0.1684 0.1371 0.1824 
        H072  2 0.2146 0.2551 0.1121 0.1237 0.1739 0.1206 
        H073  2 0.1448 0.1224 0.2621 0.1448 0.1370 0.1889 
        H081  2 0.2482 0.0878 0.1045 0.1863 0.1879 0.1853 
        H082  2 0.1107 0.0688 0.1641 0.1895 0.2764 0.1905 
        H083  2 0.1306 0.0646 0.1888 0.2130 0.2566 0.1464 
        H084  2 0.1101 0.2618 0.1315 0.1322 0.1525 0.2118 
        H085  2 0.1989 0.0663 0.1010 0.2126 0.1150 0.3062 
        H087  2 0.3184 0.0850 0.1172 0.2069 0.1494 0.1232 
        H088  2 0.2009 0.1957 0.1269 0.1640 0.1686 0.1440 
        H089  2 0.2412 0.1075 0.1528 0.1717 0.1599 0.1670 
        H090  2 0.0850 0.0583 0.1112 0.2635 0.0895 0.3925 
        H091  2 0.0948 0.0643 0.0778 0.2353 0.0744 0.4534 
        H098  2 0.1351 0.1169 0.1349 0.1577 0.2569 0.1985 
      H10001  2 0.2278 0.4173 0.0626 0.0614 0.1722 0.0586 
      H10002  2 0.2228 0.1786 0.1185 0.1803 0.1769 0.1229 
        H101  2 0.0606 0.1140 0.1244 0.1947 0.1311 0.3752 
        H108  2 0.3550 0.1502 0.1058 0.1344 0.1753 0.0793 
        H109  2 0.0987 0.2182 0.1425 0.1387 0.1881 0.2138 
        H110  2 0.2135 0.0665 0.1449 0.2485 0.1840 0.1426 
        H116  2 0.1146 0.1135 0.2528 0.1594 0.1910 0.1686 
        H117  2 0.0790 0.0857 0.0955 0.2213 0.1227 0.3959 
        H118  2 0.1158 0.0511 0.1638 0.2261 0.0944 0.3489 
        H119  2 0.1335 0.2117 0.1267 0.1848 0.1490 0.1944 
        H120  2 0.3785 0.1644 0.0821 0.1083 0.1893 0.0774 
        H121  2 0.1150 0.0516 0.1019 0.2544 0.0776 0.3994 
        H125  2 0.1835 0.5321 0.0623 0.0615 0.1016 0.0589 
        H126  2 0.1511 0.0651 0.3296 0.1492 0.1835 0.1215 
        H128  2 0.0480 0.0414 0.1309 0.2384 0.0937 0.4475 
        H129  2 0.1606 0.0926 0.3370 0.1269 0.1628 0.1201 
        H130  2 0.1927 0.2383 0.1713 0.1427 0.1731 0.0820 
        H133  2 0.1708 0.3884 0.1210 0.0904 0.1313 0.0981 
        H134  2 0.1202 0.0563 0.5100 0.1071 0.1036 0.1029 
        H135  2 0.2024 0.1300 0.1449 0.2028 0.1684 0.1515 
        H137  2 0.0892 0.1803 0.1263 0.1790 0.1402 0.2849 
        H138  2 0.1270 0.0785 0.2944 0.2110 0.1492 0.1399 
        H140  2 0.1303 0.1022 0.1388 0.2129 0.1223 0.2935 
        H146  2 0.0697 0.0672 0.1093 0.2210 0.0682 0.4646 
        H147  2 0.1229 0.0913 0.1466 0.1943 0.1698 0.2752 
        H148  2 0.1167 0.0943 0.0933 0.2420 0.1459 0.3077 
     H166022  2 0.1286 0.1056 0.1616 0.1952 0.2163 0.1928 
     H167359  2 0.1542 0.1461 0.1721 0.1652 0.1878 0.1746 
     H167397  2 0.0987 0.0773 0.1559 0.1866 0.2606 0.2209 
     H167428  2 0.2346 0.0456 0.1551 0.2289 0.1098 0.2260 
     H167496  2 0.2194 0.2646 0.0965 0.1253 0.1396 0.1545 
     H167513  2 0.0901 0.2470 0.1016 0.1234 0.3231 0.1147 
     H167545  2 0.1261 0.1021 0.2031 0.1851 0.2243 0.1593 
     H167547  2 0.0677 0.1381 0.1686 0.1413 0.2728 0.2115 
     H169621  2 0.1110 0.0920 0.1576 0.2108 0.1966 0.2321 
     H169622  2 0.1544 0.1250 0.2307 0.1631 0.1714 0.1553 
     H169750  2 0.1086 0.2596 0.1761 0.1341 0.1941 0.1275 
     H171806  2 0.1115 0.1290 0.1212 0.2005 0.1169 0.3208 
     H171808  2 0.2201 0.1313 0.1634 0.1642 0.1563 0.1646 
     H171809  2 0.2418 0.1056 0.1493 0.1883 0.1871 0.1279 
     H171813  2 0.1163 0.1265 0.1918 0.1886 0.2182 0.1585 
     H171815  2 0.1783 0.3788 0.1385 0.0888 0.1335 0.0820 
     H171824  2 0.2207 0.2043 0.1022 0.1852 0.1206 0.1670 
     H171825  2 0.1859 0.1149 0.2278 0.1641 0.1689 0.1384 
     H171826  2 0.1761 0.1446 0.1443 0.2031 0.1628 0.1690 
     H171827  2 0.1280 0.2339 0.1384 0.1863 0.1599 0.1535 
     H171828  2 0.2890 0.2636 0.0720 0.1133 0.1587 0.1034 
     H171829  2 0.1019 0.2436 0.2296 0.1333 0.1593 0.1323 
     H171830  2 0.1220 0.1311 0.1452 0.1608 0.2608 0.1800 
     H171831  2 0.1300 0.0873 0.2444 0.1752 0.1962 0.1669 
     H171832  2 0.1668 0.0760 0.1942 0.2077 0.2155 0.1398 
     H171863  2 0.1053 0.0810 0.2630 0.1575 0.2225 0.1706 
     H171864  2 0.1279 0.1266 0.1146 0.1960 0.1661 0.2688 
     H171865  2 0.1856 0.3080 0.1379 0.1159 0.1443 0.1082 
     H171879  2 0.0947 0.1232 0.1528 0.2383 0.1576 0.2334 
     H171880  2 0.0763 0.1229 0.1129 0.2078 0.1308 0.3494 
     H171881  2 0.2700 0.1056 0.1548 0.1806 0.1410 0.1480 
     H171882  2 0.2435 0.3435 0.0666 0.0823 0.2013 0.0628 
     H171929  2 0.1967 0.0852 0.1523 0.1927 0.1887 0.1844 
     H171930  2 0.0741 0.0899 0.1772 0.1738 0.2032 0.2818 
     H171933  2 0.1233 0.1590 0.1684 0.1697 0.1564 0.2231 
     H171934  2 0.1847 0.1143 0.1235 0.1814 0.1558 0.2402 
     H171937  2 0.1141 0.0789 0.3020 0.1674 0.1923 0.1453 
     H171962  2 0.1971 0.0882 0.1817 0.1921 0.1881 0.1528 
        H190  2 0.1325 0.1149 0.2413 0.1765 0.1731 0.1616 
        H191  2 0.1878 0.1447 0.1630 0.1639 0.1766 0.1641 
        H396  2 0.3437 0.1081 0.1231 0.1441 0.1150 0.1659 
        H397  2 0.1309 0.1522 0.1798 0.1757 0.1708 0.1906 
        H398  2 0.2365 0.1285 0.2479 0.1173 0.1432 0.1266 
        H400  2 0.2303 0.1151 0.1346 0.1743 0.1866 0.1592 
        H401  2 0.0580 0.1003 0.1017 0.1911 0.2902 0.2587 
        H402  2 0.1282 0.1478 0.1326 0.1939 0.2214 0.1761 
        H427  2 0.2787 0.1112 0.1493 0.1781 0.1526 0.1300 
        H428  2 0.2455 0.0439 0.1463 0.2198 0.1167 0.2278 
        H497  2 0.1205 0.2832 0.1287 0.1293 0.2319 0.1064 
        H512  2 0.1067 0.1442 0.1538 0.1728 0.2228 0.1997 
        H513  2 0.0944 0.2517 0.0999 0.1167 0.3269 0.1104 
        H514  2 0.1167 0.1109 0.2678 0.1856 0.1780 0.1410 
        H519  2 0.0981 0.2318 0.1172 0.1354 0.3055 0.1120 
        H532  2 0.2741 0.0911 0.1352 0.1712 0.1270 0.2015 
        H543  2 0.1106 0.1115 0.1510 0.2074 0.1704 0.2491 
        H544  2 0.1549 0.1076 0.2894 0.1589 0.1838 0.1053 
        H545  2 0.1177 0.0863 0.1998 0.2009 0.2248 0.1706 
        H546  2 0.2022 0.2876 0.1779 0.1095 0.1451 0.0778 
        H547  2 0.0596 0.1311 0.1777 0.1416 0.2726 0.2173 
        H548  2 0.1842 0.1263 0.1355 0.1600 0.1908 0.2031 
        H549  2 0.0682 0.3979 0.1017 0.0962 0.2203 0.1157 
        H620  2 0.2397 0.3457 0.0823 0.0793 0.1829 0.0701 
        H623  2 0.1394 0.0806 0.2543 0.1644 0.2306 0.1308 
        H624  2 0.1407 0.2836 0.1676 0.1239 0.1923 0.0920 
        H625  2 0.2657 0.0972 0.1464 0.1603 0.1627 0.1677 
        H626  2 0.1207 0.2115 0.1518 0.1278 0.1992 0.1891 
        H654  2 0.2011 0.5215 0.0651 0.0552 0.1101 0.0470 
        H655  2 0.1218 0.2065 0.1429 0.1815 0.1701 0.1772 
        H656  2 0.2972 0.2622 0.0932 0.0867 0.1957 0.0650 
        H666  2 0.1753 0.3767 0.0883 0.0842 0.1313 0.1441 
        H667  2 0.1856 0.1340 0.1528 0.2209 0.1901 0.1167 
        H677  2 0.1643 0.1090 0.1832 0.1820 0.1461 0.2155 
        H693  2 0.3926 0.1181 0.0820 0.1409 0.1836 0.0828 
        H694  2 0.1337 0.0942 0.2260 0.1675 0.1853 0.1933 
        H701  2 0.1255 0.0932 0.1628 0.1978 0.2033 0.2174 
        H702  2 0.1321 0.2184 0.1283 0.1735 0.1918 0.1559 
        H731  2 0.1896 0.1786 0.1407 0.1779 0.1510 0.1622 
       H7359  2 0.1303 0.1518 0.2082 0.1608 0.1793 0.1697 
       H7389  2 0.1490 0.1284 0.1500 0.1791 0.1545 0.2390 
       H7390  2 0.1241 0.4445 0.1121 0.0973 0.1058 0.1162 
       H7391  2 0.2255 0.0862 0.0945 0.2187 0.1273 0.2480 
       H7392  2 0.2043 0.2033 0.1853 0.1304 0.1217 0.1550 
       H7393  2 0.1434 0.2398 0.1261 0.1256 0.1895 0.1756 
       H7398  2 0.1905 0.0894 0.1334 0.1926 0.1475 0.2465 
       H7399  2 0.1799 0.0902 0.2040 0.2138 0.1492 0.1629 
       H7400  2 0.2531 0.3706 0.0757 0.0686 0.1787 0.0532 
        H745  2 0.0961 0.0726 0.4022 0.1312 0.1893 0.1087 
        H746  2 0.1810 0.1025 0.1805 0.2058 0.1911 0.1392 
        H747  2 0.1172 0.3731 0.1011 0.1084 0.1184 0.1818 
        H748  2 0.1111 0.1588 0.1691 0.1710 0.2134 0.1766 
       H7484  2 0.1998 0.2821 0.1162 0.1019 0.1842 0.1157 
       H7485  2 0.1172 0.1913 0.1676 0.1483 0.2517 0.1239 
        H749  2 0.1722 0.1397 0.1772 0.1579 0.2216 0.1313 
        H930  2 0.0793 0.0968 0.1619 0.1631 0.2062 0.2928 
        H931  2 0.1898 0.0860 0.1648 0.2109 0.1532 0.1953 
        H932  2 0.1196 0.1513 0.1583 0.1771 0.1243 0.2693 
        H111  3 0.1008 0.1087 0.2491 0.1625 0.2180 0.1609 
        H951  3 0.1266 0.0998 0.1843 0.1697 0.2475 0.1722 
        H952  3 0.1270 0.1382 0.2004 0.1838 0.1034 0.2471 
        H953  3 0.2182 0.0938 0.0928 0.2021 0.1096 0.2833 
        H954  3 0.1584 0.3346 0.1090 0.1180 0.1574 0.1226 
        H955  3 0.0998 0.0795 0.2115 0.1766 0.2243 0.2083 
        H956  3 0.0901 0.2100 0.0911 0.1809 0.0838 0.3442 
       H9563  3 0.1935 0.1292 0.1300 0.1888 0.1739 0.1845 
        H002  4 0.2224 0.1743 0.2061 0.1438 0.1771 0.0762 
        H003  4 0.2033 0.0840 0.2103 0.2066 0.1540 0.1417 
        H009  4 0.1072 0.1370 0.2009 0.2096 0.1970 0.1483 
        H010  4 0.1672 0.1340 0.1579 0.2214 0.1283 0.1912 
        H011  4 0.3268 0.2265 0.0963 0.1295 0.1489 0.0720 
        H012  4 0.1454 0.0748 0.1649 0.2328 0.1875 0.1946 
        H013  4 0.2323 0.1336 0.1398 0.1937 0.1844 0.1162 
        H014  4 0.1704 0.1129 0.1696 0.2652 0.1687 0.1132 
        H045  4 0.3071 0.1194 0.1009 0.1411 0.1501 0.1814 
        H046  4 0.1569 0.0821 0.2912 0.2008 0.1179 0.1512 
        H051  4 0.2753 0.1279 0.1331 0.1615 0.1871 0.1151 
        H052  4 0.2154 0.2095 0.1925 0.1198 0.1616 0.1011 
        H053  4 0.1380 0.2360 0.1464 0.1739 0.1301 0.1755 
        H056  4 0.2022 0.2321 0.1418 0.1322 0.2007 0.0910 
        H076  4 0.1478 0.1000 0.2685 0.1670 0.1617 0.1550 
        H151  4 0.1679 0.3773 0.1419 0.1148 0.1132 0.0849 
        H152  4 0.1953 0.1403 0.2218 0.1666 0.1777 0.0983 
     H171803  4 0.1150 0.4186 0.1154 0.1084 0.1412 0.1015 
     H171804  4 0.1439 0.2689 0.1365 0.1219 0.1591 0.1697 
     H171833  4 0.1327 0.0935 0.3479 0.1501 0.1672 0.1087 
     H171855  4 0.1548 0.3936 0.1588 0.0839 0.1366 0.0722 
     H171856  4 0.0878 0.3076 0.1093 0.1283 0.1281 0.2390 
     H171857  4 0.1593 0.3027 0.1645 0.1313 0.1242 0.1179 
     H171858  4 0.1811 0.1142 0.2013 0.1919 0.1451 0.1665 
     H171859  4 0.2036 0.1589 0.1851 0.1716 0.1375 0.1433 
     H171961  4 0.2863 0.1744 0.1381 0.1232 0.1611 0.1170 
        H198  4 0.1489 0.0717 0.2411 0.2291 0.1502 0.1590 
      H20001  4 0.0923 0.1251 0.2506 0.1534 0.2621 0.1165 
        H403  4 0.1361 0.2673 0.1796 0.1191 0.1790 0.1188 
        H404  4 0.1859 0.0761 0.1957 0.2240 0.1768 0.1414 
        H405  4 0.1385 0.0977 0.2285 0.1667 0.1720 0.1966 
        H406  4 0.0986 0.1399 0.2306 0.1196 0.2303 0.1810 
        H407  4 0.1194 0.2256 0.1175 0.1650 0.1212 0.2513 
        H410  4 0.0873 0.0892 0.0942 0.2058 0.1847 0.3389 
        H411  4 0.1077 0.0919 0.1947 0.2144 0.2607 0.1306 
        H468  4 0.0664 0.3186 0.2220 0.0948 0.1740 0.1242 
        H476  4 0.1026 0.2493 0.1418 0.1349 0.2057 0.1657 
        H477  4 0.1259 0.1229 0.2861 0.1511 0.1725 0.1415 
        H478  4 0.1665 0.1131 0.1451 0.2320 0.2218 0.1214 
        H479  4 0.2410 0.1729 0.1472 0.1276 0.1778 0.1336 
        H480  4 0.0991 0.1136 0.1801 0.1590 0.2431 0.2050 
        H498  4 0.1629 0.1125 0.2324 0.1944 0.1515 0.1464 
        H499  4 0.1794 0.1342 0.1861 0.1694 0.2029 0.1281 
        H500  4 0.1477 0.3451 0.1085 0.1151 0.1571 0.1265 
        H515  4 0.1483 0.1747 0.1441 0.1770 0.1816 0.1742 
        H516  4 0.1053 0.1346 0.2052 0.2046 0.1503 0.2000 
        H517  4 0.0925 0.1466 0.1546 0.2061 0.1706 0.2297 
        H518  4 0.1527 0.2686 0.2103 0.1141 0.1370 0.1174 
        H520  4 0.1161 0.4071 0.1363 0.1089 0.1131 0.1185 
        H521  4 0.1991 0.1339 0.1692 0.1828 0.1598 0.1552 
        H522  4 0.1087 0.2878 0.1460 0.1164 0.1619 0.1792 
        H523  4 0.1301 0.1556 0.1313 0.1983 0.1388 0.2460 
        H536  4 0.2024 0.1250 0.2736 0.1427 0.1278 0.1284 
        H645  4 0.3463 0.1155 0.0864 0.1535 0.1729 0.1254 
        H646  4 0.0748 0.0820 0.1636 0.2103 0.0887 0.3806 
        H647  4 0.1348 0.2145 0.2190 0.1228 0.1462 0.1627 
        H657  4 0.0952 0.1354 0.1912 0.1801 0.1728 0.2253 
        H658  4 0.1079 0.1817 0.1359 0.1641 0.1361 0.2744 
        H659  4 0.1274 0.5628 0.0803 0.0741 0.0997 0.0558 
        H660  4 0.1899 0.1449 0.1814 0.1444 0.2181 0.1213 
        H661  4 0.1453 0.3208 0.1449 0.1299 0.1791 0.0800 
        H668  4 0.2032 0.0776 0.1371 0.2792 0.1588 0.1441 
        H669  4 0.1737 0.1458 0.1551 0.1681 0.1538 0.2034 
        H670  4 0.3358 0.0906 0.0909 0.2068 0.1749 0.1010 
        H678  4 0.1127 0.2066 0.1492 0.1323 0.1958 0.2034 
        H679  4 0.1107 0.0837 0.1525 0.2100 0.1871 0.2559 
        H680  4 0.1045 0.2331 0.2129 0.1425 0.2079 0.0991 
        H681  4 0.2197 0.1601 0.1474 0.1892 0.1755 0.1082 
        H682  4 0.0979 0.1616 0.1178 0.1732 0.1886 0.2609 
        H683  4 0.1461 0.2225 0.2047 0.1193 0.1747 0.1327 
        H718  4 0.1990 0.2914 0.1059 0.1090 0.1494 0.1453 
        H719  4 0.3462 0.1135 0.1082 0.1522 0.1508 0.1291 
        H720  4 0.1975 0.2285 0.1802 0.1178 0.1957 0.0802 
        H721  4 0.1488 0.2090 0.2597 0.1273 0.1574 0.0978 
        H722  4 0.1325 0.1873 0.3068 0.1047 0.1552 0.1135 
        H723  4 0.1995 0.1979 0.1296 0.1411 0.1794 0.1525 
        H724  4 0.1698 0.4424 0.0857 0.0855 0.0986 0.1180 
        H725  4 0.1793 0.4109 0.1206 0.0951 0.1153 0.0787 
        H726  4 0.1903 0.1894 0.1669 0.1463 0.1636 0.1435 
        H727  4 0.2074 0.1905 0.1091 0.1811 0.1445 0.1674 
        H910  4 0.1546 0.1876 0.1214 0.1816 0.1702 0.1846 
        H911  4 0.1075 0.1205 0.1720 0.1653 0.1805 0.2543 
        H912  4 0.1262 0.1955 0.1928 0.1398 0.2095 0.1362 
        H913  4 0.1135 0.2779 0.1168 0.1361 0.1056 0.2501 
        H914  4 0.2166 0.2491 0.0867 0.1442 0.1337 0.1697 
        H915  4 0.1194 0.2009 0.1521 0.1449 0.2148 0.1679 
        H916  4 0.0929 0.1453 0.1834 0.1475 0.2298 0.2012 
       H9572  4 0.1197 0.2970 0.1433 0.1433 0.1986 0.0980 
        H015  5 0.1697 0.0825 0.1954 0.1803 0.2424 0.1297 
        H016  5 0.1238 0.0903 0.3842 0.1345 0.1255 0.1417 
        H017  5 0.0815 0.2433 0.1588 0.1579 0.2092 0.1492 
        H019  5 0.1723 0.0933 0.1974 0.2124 0.1877 0.1368 
        H020  5 0.2351 0.1212 0.1362 0.1771 0.1415 0.1889 
        H032  5 0.1270 0.1951 0.1870 0.1691 0.1544 0.1674 
        H033  5 0.1864 0.0967 0.1652 0.2215 0.1511 0.1790 
        H034  5 0.2342 0.1615 0.1058 0.2139 0.1556 0.1290 
        H035  5 0.1156 0.2227 0.1742 0.1305 0.1390 0.2180 
        H036  5 0.1135 0.1305 0.1733 0.1871 0.1618 0.2338 
        H037  5 0.1723 0.2906 0.1216 0.1354 0.1366 0.1435 
        H048  5 0.2031 0.3419 0.1090 0.1109 0.1202 0.1149 
        H049  5 0.1534 0.0902 0.2296 0.1721 0.1943 0.1605 
        H054  5 0.1276 0.1285 0.2656 0.1565 0.1374 0.1843 
        H055  5 0.2308 0.1359 0.1848 0.1962 0.1479 0.1044 
        H057  5 0.1253 0.1376 0.3844 0.1406 0.1278 0.0844 
        H060  5 0.2260 0.1176 0.1545 0.1999 0.1963 0.1057 
        H061  5 0.2128 0.1249 0.1604 0.1959 0.1469 0.1591 
        H064  5 0.2147 0.1970 0.1541 0.1429 0.1794 0.1118 
        H070  5 0.2078 0.1096 0.1079 0.2010 0.2060 0.1677 
        H077  5 0.2139 0.2519 0.1205 0.1359 0.1939 0.0838 
        H078  5 0.1061 0.3721 0.1562 0.1031 0.1431 0.1194 
        H079  5 0.1238 0.0828 0.1270 0.2100 0.1092 0.3471 
        H097  5 0.1208 0.1585 0.2068 0.1738 0.2157 0.1244 
        H107  5 0.2584 0.3565 0.0862 0.1057 0.1156 0.0776 
        H122  5 0.1096 0.2076 0.1962 0.1297 0.1680 0.1889 
        H123  5 0.1006 0.1185 0.1691 0.1666 0.1405 0.3048 
        H124  5 0.1165 0.0981 0.1662 0.1671 0.1315 0.3206 
        H131  5 0.1151 0.0986 0.1370 0.2375 0.1113 0.3005 
        H132  5 0.2404 0.1683 0.1612 0.1531 0.1455 0.1315 
        H141  5 0.1532 0.3117 0.1258 0.1497 0.1492 0.1103 
        H142  5 0.1481 0.0866 0.1888 0.2246 0.1907 0.1613 
        H157  5 0.1748 0.3021 0.1493 0.1246 0.1236 0.1256 
        H158  5 0.0920 0.0815 0.2530 0.1609 0.1568 0.2558 
        H159  5 0.1303 0.1247 0.2308 0.1557 0.2262 0.1324 
        H160  5 0.1029 0.3271 0.1851 0.1058 0.1342 0.1449 
        H163  5 0.1108 0.1083 0.1672 0.2148 0.2050 0.1939 
        H164  5 0.1508 0.0779 0.1611 0.2209 0.2530 0.1363 
        H165  5 0.1868 0.0954 0.1290 0.2253 0.1278 0.2358 
        H166  5 0.2140 0.0845 0.1824 0.1692 0.1763 0.1737 
        H169  5 0.1921 0.1048 0.1596 0.2490 0.1496 0.1449 
     H169613  5 0.1647 0.1071 0.1836 0.2285 0.1551 0.1611 
     H169653  5 0.1794 0.0912 0.2022 0.2351 0.1547 0.1374 
     H169728  5 0.0998 0.2162 0.2099 0.1431 0.1816 0.1493 
     H169742  5 0.3185 0.1119 0.1066 0.1637 0.1888 0.1105 
        H170  5 0.1916 0.1128 0.2390 0.1767 0.1639 0.1160 
        H171  5 0.1503 0.0814 0.3418 0.1536 0.1605 0.1123 
     H171851  5 0.1975 0.1057 0.1843 0.2143 0.1685 0.1298 
     H171852  5 0.1486 0.3246 0.1891 0.1024 0.1227 0.1125 
     H171853  5 0.1391 0.2581 0.1394 0.1553 0.1632 0.1448 
     H171854  5 0.1211 0.1361 0.1786 0.1878 0.2128 0.1636 
     H171938  5 0.2091 0.1128 0.1343 0.2039 0.1766 0.1634 
     H171939  5 0.1905 0.1004 0.2425 0.1509 0.1636 0.1520 
     H171941  5 0.3485 0.1472 0.0980 0.1649 0.1576 0.0837 
     H171965  5 0.1702 0.0668 0.2240 0.2548 0.1619 0.1222 
     H171970  5 0.3029 0.2647 0.0918 0.1305 0.1411 0.0690 
     H171973  5 0.2105 0.1197 0.1432 0.1900 0.1536 0.1830 
     H171974  5 0.2471 0.1389 0.1253 0.2057 0.1314 0.1515 
     H171975  5 0.2391 0.1218 0.1364 0.1953 0.1847 0.1226 
     H171976  5 0.1126 0.1657 0.2643 0.1592 0.1774 0.1208 
        H175  5 0.1951 0.2345 0.1281 0.1432 0.1491 0.1500 
        H178  5 0.2940 0.0935 0.1495 0.1700 0.1607 0.1323 
        H189  5 0.1315 0.0832 0.1737 0.2411 0.1480 0.2224 
        H399  5 0.0688 0.2354 0.4236 0.0727 0.0935 0.1059 
        H416  5 0.2015 0.1649 0.1523 0.1510 0.1950 0.1353 
        H438  5 0.1555 0.1530 0.1319 0.1803 0.1594 0.2200 
        H450  5 0.2456 0.1563 0.1204 0.1906 0.2008 0.0863 
        H455  5 0.3439 0.1609 0.0905 0.1501 0.1713 0.0834 
        H456  5 0.2229 0.1670 0.1375 0.1606 0.1452 0.1667 
        H457  5 0.2165 0.1966 0.1945 0.1541 0.1533 0.0850 
        H458  5 0.1698 0.1801 0.1766 0.1862 0.1419 0.1455 
        H459  5 0.1331 0.1047 0.2198 0.1609 0.1348 0.2467 
        H460  5 0.1170 0.2417 0.1353 0.1540 0.1974 0.1547 
        H461  5 0.1190 0.0964 0.2420 0.1776 0.2008 0.1642 
        H462  5 0.1292 0.0816 0.1603 0.2173 0.1470 0.2646 
        H469  5 0.1311 0.0884 0.1606 0.1799 0.2289 0.2111 
        H470  5 0.1246 0.2490 0.1673 0.1631 0.1913 0.1047 
        H471  5 0.0737 0.1103 0.2615 0.1380 0.1316 0.2849 
        H481  5 0.2066 0.3398 0.0958 0.1051 0.1307 0.1220 
        H482  5 0.1556 0.1556 0.1636 0.1957 0.1942 0.1353 
        H501  5 0.1842 0.1688 0.1605 0.1607 0.1827 0.1432 
        H502  5 0.1312 0.0724 0.2344 0.2192 0.1650 0.1779 
        H503  5 0.1175 0.1464 0.2116 0.1727 0.2012 0.1506 
        H509  5 0.1591 0.3229 0.1098 0.1207 0.1426 0.1449 
        H510  5 0.2149 0.0684 0.1572 0.2507 0.1989 0.1099 
        H511  5 0.1861 0.0863 0.1957 0.2291 0.1688 0.1339 
        H530  5 0.1987 0.1952 0.1343 0.1570 0.1406 0.1742 
        H531  5 0.1265 0.3853 0.1398 0.0742 0.1370 0.1371 
        H564  5 0.1991 0.1574 0.1813 0.1509 0.1941 0.1172 
        H565  5 0.2443 0.2471 0.1106 0.1208 0.1960 0.0812 
        H567  5 0.0932 0.0661 0.1432 0.2499 0.1054 0.3422 
     H568???  5 0.1113 0.1055 0.2947 0.1819 0.1507 0.1560 
        H608  5 0.1741 0.1653 0.1139 0.2042 0.2208 0.1217 
        H609  5 0.3088 0.0850 0.1243 0.1998 0.1260 0.1562 
        H612  5 0.2156 0.3339 0.0766 0.1163 0.1635 0.0941 
        H614  5 0.1494 0.4180 0.1445 0.0824 0.1046 0.1012 
        H615  5 0.1453 0.2807 0.1745 0.1189 0.1640 0.1166 
        H616  5 0.2643 0.2654 0.0786 0.1082 0.1682 0.1154 
        H617  5 0.1336 0.1227 0.1673 0.1746 0.1470 0.2548 
        H618  5 0.2405 0.2229 0.1351 0.1453 0.1413 0.1149 
        H619  5 0.3170 0.0787 0.1265 0.1909 0.1731 0.1139 
        H635  5 0.1981 0.0950 0.1527 0.2578 0.1495 0.1468 
        H636  5 0.2096 0.0851 0.1281 0.2351 0.1893 0.1529 
        H637  5 0.2643 0.1352 0.1426 0.1478 0.1895 0.1206 
        H644  5 0.0956 0.0601 0.3707 0.1269 0.1474 0.1994 
        H711  5 0.1328 0.1175 0.2322 0.1906 0.1922 0.1347 
        H712  5 0.2870 0.1201 0.1111 0.1596 0.1402 0.1819 
       H7360  5 0.2069 0.1669 0.2194 0.1365 0.1649 0.1053 
       H7361  5 0.2210 0.1530 0.1575 0.1830 0.1727 0.1127 
       H7362  5 0.1091 0.0916 0.3482 0.1237 0.1657 0.1617 
       H7363  5 0.1561 0.1660 0.1769 0.1776 0.1524 0.1710 
       H7394  5 0.1121 0.0777 0.1496 0.2701 0.1646 0.2259 
       H7395  5 0.2253 0.1101 0.1763 0.2133 0.1521 0.1229 
       H7396  5 0.1434 0.1623 0.1405 0.1723 0.1634 0.2180 
        H742  5 0.3149 0.1147 0.1054 0.1621 0.1866 0.1163 
        H743  5 0.2334 0.1507 0.1499 0.1477 0.1367 0.1816 
        H744  5 0.1769 0.2784 0.0893 0.1364 0.1251 0.1938 
        H957  5 0.1153 0.1370 0.2093 0.2146 0.2049 0.1189 
        H958  5 0.1042 0.1624 0.1548 0.1541 0.1665 0.2579 
        H959  5 0.2839 0.1658 0.1113 0.1690 0.1781 0.0918 
        H960  5 0.1766 0.1270 0.1395 0.1863 0.1564 0.2142 
      H_PALI  6 0.1778 0.1006 0.1925 0.1936 0.2092 0.1264 
        H581  6 0.1399 0.2795 0.1619 0.1131 0.1811 0.1245 
        H582  6 0.1669 0.3971 0.1388 0.1023 0.1353 0.0596 
        H583  6 0.1691 0.2370 0.1760 0.1345 0.1600 0.1234 
        H595  6 0.0901 0.1290 0.1667 0.1517 0.2614 0.2012 
        H596  6 0.0828 0.0935 0.1631 0.1917 0.2067 0.2621 
        H597  6 0.1538 0.0948 0.2315 0.1848 0.1566 0.1785 
        H598  6 0.1595 0.1601 0.1389 0.1990 0.1607 0.1819 
        H599  6 0.3204 0.1239 0.1260 0.1452 0.1672 0.1172 
        H642  6 0.0866 0.1735 0.2069 0.1507 0.2359 0.1463 
        H643  6 0.1382 0.1589 0.1450 0.1800 0.1303 0.2476 
        H664  6 0.0823 0.4963 0.1479 0.0766 0.1247 0.0722 
        H665  6 0.1941 0.0974 0.1293 0.2307 0.1914 0.1571 
        H674  6 0.0951 0.0805 0.2512 0.1689 0.2476 0.1568 
        H675  6 0.1442 0.2325 0.1694 0.1654 0.1503 0.1382 
        H676  6 0.1193 0.0994 0.1382 0.1985 0.2857 0.1590 
        H686  6 0.2070 0.1244 0.1824 0.1772 0.1834 0.1256 
        H687  6 0.1185 0.1820 0.2180 0.1583 0.1530 0.1702 
        H917  6 0.1427 0.1048 0.1425 0.1879 0.2018 0.2203 
        H918  6 0.3417 0.1037 0.1476 0.1524 0.1343 0.1202 
        H919  6 0.2420 0.2336 0.0924 0.1329 0.1576 0.1415 
        H920  6 0.1862 0.2122 0.1713 0.1754 0.1666 0.0884 
        H631  7 0.2445 0.2064 0.1554 0.1683 0.1296 0.0957 
        H684  7 0.1270 0.0548 0.1768 0.2929 0.2117 0.1368 
        H685  7 0.0734 0.4043 0.0844 0.1104 0.0883 0.2392 
        H713  7 0.1126 0.5276 0.0896 0.0801 0.1181 0.0720 
        H715  7 0.1428 0.0770 0.1749 0.2787 0.1991 0.1276 
        H716  7 0.3432 0.0898 0.1573 0.1510 0.1794 0.0792 
        H717  7 0.2310 0.1663 0.1635 0.1592 0.1403 0.1397 
        H729  7 0.0972 0.0575 0.1078 0.2588 0.1076 0.3712 
        H730  7 0.2071 0.1012 0.0759 0.2200 0.1137 0.2822 
        H431  8 0.1186 0.2397 0.1259 0.1635 0.1497 0.2026 
        H432  8 0.1826 0.0728 0.2487 0.1705 0.1805 0.1450 
        H433  8 0.1385 0.0981 0.1594 0.2126 0.1913 0.2001 
        H434  8 0.1246 0.1229 0.1498 0.1940 0.1441 0.2646 
        H444  8 0.2646 0.0684 0.1507 0.2013 0.1776 0.1374 
        H454  8 0.3172 0.2032 0.1043 0.1206 0.1582 0.0965 
        H475  8 0.1973 0.2329 0.1071 0.1407 0.2234 0.0986 
        H491  8 0.2771 0.1092 0.1540 0.1866 0.1864 0.0868 
        H492  8 0.1427 0.2726 0.1399 0.1285 0.1524 0.1639 
        H493  8 0.1507 0.1470 0.2087 0.2007 0.1430 0.1500 
        H494  8 0.2030 0.1692 0.1483 0.1568 0.1705 0.1523 
        H495  8 0.1601 0.3274 0.1458 0.1082 0.1748 0.0837 
        H662  8 0.1374 0.2192 0.2496 0.1066 0.1545 0.1327 
        H663  8 0.1648 0.1645 0.1585 0.1368 0.1852 0.1902 
        H695  8 0.1509 0.1643 0.1523 0.1722 0.1391 0.2211 
       H7367  8 0.0682 0.0686 0.0997 0.2452 0.1022 0.4162 
       H7368  8 0.1339 0.0951 0.2473 0.2081 0.1733 0.1423 
       H7369  8 0.2553 0.0937 0.1360 0.1735 0.1925 0.1490 
       H7370  8 0.0609 0.1035 0.1132 0.1910 0.1619 0.3695 
       H7371  8 0.1300 0.1498 0.1474 0.1801 0.1764 0.2163 
        H600  9 0.1961 0.2157 0.1297 0.1360 0.1759 0.1467 
        H648  9 0.1291 0.1219 0.2118 0.1744 0.2269 0.1359 
        H696  9 0.1018 0.1295 0.2674 0.1220 0.2256 0.1538 
        H697  9 0.1379 0.1288 0.1590 0.1698 0.2041 0.2005 
        H698  9 0.1320 0.1205 0.1621 0.1698 0.2032 0.2124 
        H699  9 0.1334 0.1113 0.1769 0.1891 0.1595 0.2296 
        H700  9 0.1859 0.2076 0.0984 0.2033 0.1819 0.1229 
        H732  9 0.1953 0.3342 0.1586 0.0872 0.1169 0.1079 
        H733  9 0.1074 0.0971 0.1532 0.1809 0.2508 0.2106 
        H734  9 0.1051 0.1177 0.2001 0.1480 0.2408 0.1884 
        H735  9 0.0973 0.1409 0.1390 0.1723 0.2626 0.1879 
        H736  9 0.1698 0.2094 0.1724 0.1393 0.1747 0.1344 
        H737  9 0.1616 0.1347 0.1361 0.1857 0.1344 0.2474 
        H905  9 0.1980 0.1137 0.1330 0.2244 0.2056 0.1254 
        H921  9 0.1984 0.1614 0.1238 0.1778 0.1700 0.1686 
        H922  9 0.1472 0.0850 0.1763 0.1592 0.2325 0.1998 
     H169705 10 0.0729 0.1404 0.0998 0.2102 0.1034 0.3733 
     H171942 10 0.2065 0.0646 0.2508 0.1575 0.1729 0.1477 
     H171943 10 0.1396 0.1602 0.1846 0.1483 0.1606 0.2067 
     H171944 10 0.1085 0.1709 0.1386 0.1524 0.1518 0.2778 
     H171946 10 0.1231 0.3846 0.1657 0.0966 0.1364 0.0936 
     H171947 10 0.1811 0.0891 0.1589 0.1884 0.1634 0.2191 
     H229641 10 0.1267 0.1699 0.1752 0.1446 0.2189 0.1647 
      H30001 10 0.1473 0.1564 0.1613 0.1938 0.1866 0.1546 
      H30002 10 0.1894 0.1093 0.1431 0.1896 0.1300 0.2385 
      H30005 10 0.0749 0.1454 0.1346 0.1991 0.1751 0.2709 
      H30006 10 0.0776 0.0679 0.1095 0.2317 0.0861 0.4272 
      H30007 10 0.1728 0.0833 0.2674 0.1435 0.2032 0.1298 
        H451 10 0.1937 0.0785 0.1674 0.2351 0.1843 0.1410 
        H452 10 0.0748 0.1422 0.1305 0.1803 0.1725 0.2997 
        H453 10 0.2191 0.2209 0.1974 0.1407 0.1347 0.0872 
        H473 10 0.2660 0.1546 0.1678 0.1349 0.1655 0.1112 
        H474 10 0.1197 0.5135 0.1065 0.0765 0.0987 0.0851 
        H486 10 0.1591 0.2369 0.1407 0.1511 0.1612 0.1510 
        H487 10 0.1332 0.1503 0.1441 0.2013 0.1355 0.2356 
        H488 10 0.2319 0.1147 0.1368 0.1992 0.1842 0.1331 
        H489 10 0.1329 0.3063 0.1090 0.1327 0.1132 0.2059 
        H550 10 0.1169 0.1561 0.2186 0.1531 0.1842 0.1711 
        H551 10 0.1327 0.1399 0.1121 0.1965 0.1455 0.2732 
        H553 10 0.0971 0.2572 0.1022 0.1728 0.0945 0.2762 
        H554 10 0.1356 0.0952 0.1657 0.2314 0.2396 0.1326 
        H556 10 0.1144 0.1836 0.1656 0.1466 0.1024 0.2874 
        H580 10 0.1301 0.1165 0.1657 0.1890 0.1240 0.2747 
        H591 10 0.2256 0.3423 0.0799 0.0988 0.1456 0.1078 
        H592 10 0.1148 0.2660 0.1267 0.1352 0.1584 0.1989 
        H593 10 0.1514 0.1214 0.1800 0.2110 0.2156 0.1206 
        H594 10 0.1381 0.0776 0.2403 0.1583 0.1616 0.2240 
        H627 10 0.0971 0.1807 0.2115 0.1559 0.2104 0.1444 
        H628 10 0.2192 0.0613 0.1775 0.1899 0.1397 0.2124 
        H629 10 0.1110 0.2825 0.2215 0.1105 0.1647 0.1098 
        H630 10 0.0798 0.3011 0.1477 0.1272 0.1682 0.1761 
        H638 10 0.1018 0.1756 0.1346 0.1295 0.2598 0.1987 
        H639 10 0.1443 0.4290 0.1545 0.0747 0.1191 0.0784 
        H640 10 0.1086 0.1690 0.1989 0.1513 0.2107 0.1615 
        H704 10 0.1547 0.0795 0.3028 0.1506 0.1383 0.1742 
        H705 10 0.0694 0.1250 0.0849 0.2151 0.1021 0.4035 
        H706 10 0.1940 0.1416 0.1123 0.1997 0.1360 0.2165 
        H708 10 0.1245 0.4661 0.1025 0.0877 0.1129 0.1063 
       H7351 10 0.2214 0.1551 0.1825 0.1685 0.1511 0.1213 
       H7352 10 0.1530 0.1956 0.1813 0.1533 0.1495 0.1674 
       H7353 10 0.1150 0.0627 0.4613 0.1121 0.1312 0.1177 
       H7354 10 0.3069 0.1063 0.1173 0.2191 0.1557 0.0948 
       H7365 10 0.1463 0.4723 0.0970 0.0890 0.1083 0.0872 
       H7383 10 0.2228 0.1642 0.1335 0.1949 0.1487 0.1360 
       H7384 10 0.1649 0.1111 0.1140 0.2203 0.1111 0.2785 
       H7385 10 0.1870 0.1947 0.1223 0.1674 0.1870 0.1416 
       H7386 10 0.2147 0.1232 0.1628 0.1866 0.1746 0.1382 
       H7387 10 0.1355 0.1100 0.2061 0.2077 0.1509 0.1899 
       H7388 10 0.1081 0.1212 0.1163 0.2115 0.1671 0.2758 
        H906 10 0.3013 0.1070 0.2210 0.1355 0.1608 0.0744 
        H907 10 0.1122 0.0931 0.1814 0.1626 0.2555 0.1951 
        H908 10 0.1251 0.1635 0.1472 0.1977 0.2291 0.1373 
        H909 10 0.3078 0.0776 0.1390 0.2290 0.1412 0.1053 
       H9552 10 0.1699 0.1233 0.2216 0.1772 0.1349 0.1730 
       H9553 10 0.0873 0.1529 0.1057 0.2060 0.0919 0.3562 
       H9555 10 0.1231 0.1370 0.1444 0.1670 0.1733 0.2551 
       H9575 10 0.1372 0.3530 0.1734 0.1062 0.1331 0.0970 
       H9703 10 0.1538 0.2681 0.0901 0.1349 0.0999 0.2532 
       H9707 10 0.1448 0.2655 0.1382 0.1362 0.1616 0.1538 
       HSAA4 10 0.1288 0.1044 0.1551 0.2089 0.1236 0.2793 
        H001 11 0.2578 0.1415 0.1514 0.1921 0.1367 0.1206 
        H004 11 0.1795 0.1264 0.1870 0.2002 0.1712 0.1358 
        H005 11 0.2879 0.1901 0.1005 0.1785 0.1621 0.0809 
        H006 11 0.1596 0.1478 0.1569 0.2172 0.1728 0.1457 
        H007 11 0.3589 0.1226 0.0811 0.1366 0.1751 0.1257 
        H031 11 0.1598 0.4015 0.0900 0.0949 0.1179 0.1359 
        H074 11 0.1329 0.4253 0.1307 0.0961 0.1244 0.0907 
        H075 11 0.2670 0.2169 0.0895 0.1342 0.1885 0.1040 
        H080 11 0.1831 0.2439 0.1240 0.1486 0.1651 0.1352 
        H086 11 0.0976 0.1030 0.1256 0.2502 0.1255 0.2982 
        H092 11 0.1262 0.1497 0.1348 0.1894 0.1417 0.2582 
        H093 11 0.1473 0.0695 0.3260 0.1409 0.1726 0.1436 
        H094 11 0.0854 0.1881 0.1817 0.1369 0.1825 0.2254 
        H095 11 0.2043 0.2484 0.1348 0.1774 0.1207 0.1144 
        H096 11 0.3146 0.1247 0.1143 0.1679 0.1750 0.1034 
        H099 11 0.1651 0.1963 0.1651 0.1643 0.1703 0.1389 
        H100 11 0.2552 0.0814 0.1778 0.1874 0.1344 0.1638 
        H127 11 0.1499 0.1666 0.1416 0.1863 0.1345 0.2213 
        H136 11 0.1526 0.3087 0.1387 0.1348 0.1424 0.1229 
        H153 11 0.1384 0.1035 0.1985 0.2038 0.2329 0.1230 
        H154 11 0.1069 0.4652 0.1070 0.0929 0.1187 0.1092 
        H155 11 0.2299 0.0709 0.1312 0.1960 0.1325 0.2395 
