        H102  1 0.0935 0.1243 0.1161 0.1177 0.4169 0.1314 
        H103  1 0.1945 0.2971 0.0759 0.1977 0.1504 0.0844 
        H104  1 0.1514 0.1269 0.2191 0.1160 0.2041 0.1825 
        H105  1 0.1322 0.1420 0.1228 0.1534 0.2199 0.2297 
        H106  1 0.1686 0.1891 0.1797 0.1632 0.1353 0.1641 
        H112  1 0.1400 0.1380 0.1986 0.1280 0.2638 0.1316 
        H113  1 0.2133 0.1430 0.1240 0.1372 0.1893 0.1932 
        H114  1 0.2181 0.1650 0.0864 0.1442 0.2189 0.1674 
        H115  1 0.1216 0.1122 0.1275 0.1048 0.3895 0.1444 
        H143  1 0.1262 0.1373 0.1035 0.1514 0.3119 0.1697 
        H144  1 0.1595 0.1446 0.0653 0.2681 0.1456 0.2168 
        H145  1 0.1673 0.1960 0.0739 0.2211 0.2252 0.1164 
        H149  1 0.1294 0.1360 0.2560 0.1401 0.1824 0.1562 
        H150  1 0.1727 0.1366 0.1448 0.2431 0.1746 0.1283 
     H167542  1 0.1284 0.1142 0.0978 0.1124 0.1516 0.3955 
     H169604  1 0.1544 0.1418 0.1161 0.1576 0.2129 0.2172 
     H169607  1 0.1690 0.1567 0.1034 0.2189 0.1695 0.1824 
     H169608  1 0.1082 0.1269 0.2122 0.1338 0.3309 0.0881 
     H169633  1 0.2014 0.1480 0.0883 0.1564 0.1453 0.2605 
     H169688  1 0.1597 0.2069 0.1639 0.2235 0.1283 0.1177 
     H169714  1 0.1627 0.1556 0.2119 0.1662 0.1789 0.1247 
     H171802  1 0.1715 0.1783 0.2717 0.1409 0.1143 0.1233 
     H171805  1 0.1596 0.2465 0.1158 0.1772 0.1814 0.1195 
     H171807  1 0.1414 0.1516 0.1903 0.1758 0.1693 0.1716 
     H171814  1 0.2790 0.1584 0.0856 0.2478 0.1190 0.1102 
     H171816  1 0.1489 0.1722 0.2101 0.1606 0.1791 0.1291 
     H171817  1 0.1589 0.1568 0.1993 0.1500 0.1964 0.1385 
     H171818  1 0.1544 0.1961 0.1307 0.1474 0.1669 0.2046 
     H171819  1 0.2199 0.1707 0.1737 0.1469 0.1604 0.1285 
     H171834  1 0.1328 0.1525 0.1101 0.1486 0.3175 0.1385 
     H171835  1 0.1609 0.1193 0.3276 0.1238 0.1409 0.1275 
     H171836  1 0.2156 0.2611 0.0563 0.1575 0.1268 0.1827 
     H171837  1 0.1500 0.1252 0.1750 0.1315 0.1810 0.2373 
     H171838  1 0.1908 0.2625 0.0945 0.1821 0.1644 0.1057 
     H171839  1 0.1651 0.1354 0.2141 0.1247 0.1898 0.1709 
     H171841  1 0.1143 0.1458 0.3922 0.1324 0.1262 0.0890 
     H171860  1 0.1648 0.1604 0.1385 0.1538 0.2032 0.1792 
     H171861  1 0.1680 0.2492 0.0655 0.1529 0.2230 0.1415 
     H171862  1 0.1583 0.1653 0.1216 0.1778 0.2429 0.1342 
     H171868  1 0.1101 0.1291 0.0987 0.1279 0.2878 0.2464 
     H171869  1 0.1762 0.1788 0.1026 0.2597 0.1504 0.1323 
     H171870  1 0.1507 0.1699 0.2143 0.1773 0.1453 0.1424 
     H171871  1 0.2168 0.2357 0.0932 0.1925 0.1660 0.0958 
     H171872  1 0.1643 0.1289 0.1866 0.1404 0.2230 0.1568 
     H171873  1 0.1717 0.1804 0.2045 0.2049 0.1093 0.1290 
     H171874  1 0.1357 0.1760 0.1061 0.1875 0.2583 0.1363 
     H171875  1 0.1894 0.1814 0.0702 0.1919 0.1769 0.1902 
     H171876  1 0.1461 0.1698 0.0850 0.1602 0.2231 0.2158 
     H171877  1 0.1279 0.1022 0.0880 0.0963 0.1419 0.4437 
     H171878  1 0.1477 0.1997 0.1892 0.1895 0.1189 0.1551 
     H171901  1 0.1535 0.1912 0.2691 0.1433 0.1273 0.1155 
     H171902  1 0.1386 0.1315 0.2067 0.2260 0.1642 0.1330 
     H171903  1 0.1544 0.1603 0.1246 0.1646 0.2868 0.1092 
     H171935  1 0.1562 0.1945 0.2502 0.1788 0.1220 0.0983 
     H171936  1 0.2228 0.1560 0.0985 0.1421 0.1318 0.2487 
     H171940  1 0.1100 0.1259 0.1664 0.1348 0.1478 0.3151 
     H171945  1 0.1669 0.1537 0.1813 0.2163 0.1356 0.1463 
     H171948  1 0.1528 0.1610 0.1857 0.1383 0.2299 0.1323 
     H171949  1 0.1189 0.1125 0.2950 0.1237 0.1333 0.2166 
     H171950  1 0.1125 0.1355 0.3335 0.1179 0.1985 0.1021 
     H171963  1 0.1991 0.2246 0.1057 0.2125 0.1155 0.1426 
     H171964  1 0.2011 0.1511 0.1008 0.2957 0.1207 0.1306 
     H171966  1 0.1617 0.2157 0.1695 0.1884 0.1307 0.1340 
     H171968  1 0.1218 0.1233 0.2232 0.1725 0.2199 0.1393 
     H171971  1 0.1813 0.2235 0.1440 0.1857 0.1510 0.1144 
     H171972  1 0.1950 0.2035 0.0775 0.2078 0.2032 0.1131 
     H171977  1 0.1959 0.1583 0.0910 0.2183 0.1118 0.2247 
     H171978  1 0.1363 0.1849 0.2317 0.1791 0.1716 0.0964 
     H171979  1 0.1880 0.2478 0.0821 0.2001 0.1472 0.1348 
        H176  1 0.1688 0.1255 0.1280 0.1687 0.2206 0.1884 
        H177  1 0.1238 0.1479 0.2730 0.1293 0.1857 0.1403 
        H179  1 0.1322 0.1138 0.2656 0.1076 0.1290 0.2519 
        H181  1 0.1713 0.1765 0.0902 0.2117 0.1387 0.2114 
        H182  1 0.1728 0.2402 0.0705 0.1666 0.2301 0.1197 
        H183  1 0.1601 0.2166 0.1058 0.2286 0.0873 0.2016 
        H184  1 0.1323 0.1723 0.2127 0.1392 0.1785 0.1649 
        H185  1 0.2013 0.1715 0.1002 0.1841 0.1177 0.2252 
        H186  1 0.1284 0.1267 0.1688 0.2252 0.2230 0.1278 
        H187  1 0.1774 0.2464 0.1686 0.1677 0.1162 0.1237 
        H188  1 0.1271 0.0916 0.1464 0.0999 0.0912 0.4437 
        H192  1 0.1344 0.1628 0.2724 0.1474 0.1470 0.1360 
        H193  1 0.1502 0.2022 0.0798 0.1833 0.2471 0.1374 
        H194  1 0.1681 0.1588 0.1619 0.1484 0.1908 0.1719 
        H195  1 0.1641 0.1911 0.1349 0.2594 0.1194 0.1309 
        H199  1 0.1836 0.1662 0.1198 0.2453 0.1097 0.1754 
        H200  1 0.1584 0.1649 0.2067 0.1515 0.1249 0.1935 
        H414  1 0.1643 0.2241 0.1065 0.1929 0.2211 0.0911 
        H415  1 0.2181 0.1635 0.0938 0.1649 0.2272 0.1325 
        H422  1 0.1461 0.1302 0.2013 0.2207 0.1946 0.1071 
        H423  1 0.0905 0.1090 0.4740 0.1053 0.1122 0.1090 
        H424  1 0.1854 0.2230 0.0974 0.2314 0.1275 0.1353 
        H425  1 0.1876 0.1394 0.1018 0.3233 0.1051 0.1429 
        H426  1 0.1673 0.2213 0.1272 0.2742 0.1124 0.0976 
        H443  1 0.1436 0.1051 0.0842 0.2894 0.1758 0.2020 
        H466  1 0.1577 0.1670 0.1469 0.1658 0.1917 0.1708 
        H467  1 0.1314 0.1233 0.3486 0.1566 0.1151 0.1250 
        H472  1 0.1505 0.1292 0.1629 0.1631 0.0929 0.3013 
        H483  1 0.1348 0.1316 0.0885 0.1510 0.1820 0.3122 
        H504  1 0.2207 0.1700 0.1045 0.2755 0.1075 0.1217 
        H505  1 0.1321 0.1491 0.1955 0.1430 0.1125 0.2679 
        H506  1 0.1663 0.1527 0.1421 0.1830 0.2052 0.1508 
        H507  1 0.2095 0.2159 0.0570 0.1865 0.1499 0.1812 
        H508  1 0.1666 0.1774 0.2197 0.1779 0.1322 0.1262 
        H524  1 0.2071 0.1861 0.0903 0.1739 0.1308 0.2118 
        H525  1 0.1619 0.1758 0.0946 0.1942 0.1907 0.1828 
        H526  1 0.1544 0.0985 0.0995 0.1267 0.1473 0.3736 
        H527  1 0.1334 0.1810 0.1967 0.1519 0.2176 0.1194 
        H528  1 0.2058 0.1817 0.0872 0.2117 0.1848 0.1288 
        H529  1 0.1905 0.1709 0.0731 0.2374 0.1496 0.1784 
        H533  1 0.2037 0.2967 0.0581 0.1432 0.1934 0.1050 
        H538  1 0.1498 0.1334 0.1369 0.1496 0.1726 0.2577 
        H539  1 0.1564 0.2435 0.1857 0.1793 0.1380 0.0971 
        H540  1 0.1662 0.1807 0.1280 0.1743 0.1923 0.1585 
        H541  1 0.1739 0.1424 0.1058 0.1623 0.1870 0.2286 
        H558  1 0.1746 0.2742 0.1184 0.2203 0.1165 0.0960 
        H559  1 0.1364 0.1251 0.1331 0.1492 0.2547 0.2016 
        H579  1 0.1483 0.1935 0.0948 0.1776 0.2449 0.1411 
        H584  1 0.1929 0.1627 0.1077 0.2621 0.1290 0.1456 
        H585  1 0.2068 0.1896 0.1127 0.2103 0.1204 0.1601 
        H605  1 0.1378 0.1582 0.2331 0.1528 0.1742 0.1440 
        H606  1 0.0979 0.1026 0.3163 0.1140 0.2015 0.1677 
        H632  1 0.1893 0.1541 0.0864 0.2405 0.1869 0.1426 
        H634  1 0.1541 0.2183 0.1129 0.1982 0.1602 0.1563 
        H671  1 0.1234 0.1035 0.4179 0.1174 0.1119 0.1258 
        H672  1 0.2064 0.2041 0.1505 0.1633 0.1211 0.1545 
        H673  1 0.1253 0.1367 0.0947 0.2205 0.1665 0.2563 
        H689  1 0.1658 0.1455 0.0931 0.1943 0.1770 0.2243 
        H690  1 0.1383 0.1233 0.1668 0.1066 0.3279 0.1372 
        H691  1 0.1333 0.1343 0.1043 0.1390 0.2508 0.2383 
        H692  1 0.1812 0.2129 0.0531 0.2588 0.1329 0.1611 
        H709  1 0.1705 0.2005 0.1068 0.1547 0.2635 0.1041 
        H710  1 0.2043 0.2245 0.0653 0.1990 0.1821 0.1248 
       H7355  1 0.1985 0.1369 0.0783 0.1356 0.2322 0.2184 
       H7356  1 0.1710 0.1970 0.1568 0.1968 0.1452 0.1332 
       H7357  1 0.1304 0.1374 0.1662 0.1266 0.2406 0.1988 
       H7358  1 0.1360 0.1240 0.0958 0.1281 0.1047 0.4114 
       H7380  1 0.1475 0.1525 0.0974 0.1821 0.2974 0.1232 
       H7381  1 0.1388 0.1542 0.2044 0.2274 0.1452 0.1300 
       H7382  1 0.1566 0.1645 0.1017 0.1884 0.2425 0.1463 
        H904  1 0.0838 0.0945 0.3943 0.0958 0.2038 0.1279 
        H923  1 0.1507 0.1565 0.1891 0.1699 0.1112 0.2226 
        H924  1 0.1398 0.1262 0.1867 0.1595 0.1400 0.2478 
        H925  1 0.1393 0.1075 0.0963 0.1356 0.1102 0.4111 
       H9558  1 0.1712 0.2923 0.1085 0.2321 0.1120 0.0839 
        H008  2 0.2215 0.1878 0.0725 0.1471 0.1566 0.2145 
        H021  2 0.1390 0.1257 0.1819 0.1586 0.2047 0.1902 
        H023  2 0.1215 0.1374 0.1821 0.1260 0.1624 0.2706 
        H024  2 0.3250 0.1882 0.0777 0.1756 0.0856 0.1479 
        H025  2 0.1373 0.1522 0.2558 0.1865 0.1040 0.1642 
        H026  2 0.2391 0.1812 0.0815 0.2681 0.0907 0.1395 
        H027  2 0.1750 0.1446 0.1025 0.1555 0.1595 0.2629 
        H028  2 0.1815 0.1836 0.1075 0.1881 0.1414 0.1979 
        H029  2 0.2370 0.1574 0.0936 0.1763 0.1058 0.2299 
        H030  2 0.2714 0.2107 0.0793 0.1914 0.1259 0.1213 
        H038  2 0.1319 0.1642 0.2883 0.1486 0.1137 0.1533 
        H039  2 0.0731 0.0679 0.6155 0.0719 0.0955 0.0762 
        H040  2 0.1661 0.1731 0.2998 0.1321 0.1278 0.1010 
        H041  2 0.1975 0.1432 0.1183 0.1242 0.1262 0.2905 
        H042  2 0.1448 0.1495 0.1758 0.1473 0.1445 0.2381 
        H043  2 0.1127 0.1783 0.3899 0.1315 0.1130 0.0746 
        H044  2 0.1771 0.2844 0.0962 0.1888 0.1354 0.1181 
        H047  2 0.1645 0.1749 0.2317 0.1799 0.1349 0.1141 
        H050  2 0.2423 0.2492 0.0906 0.1785 0.1402 0.0992 
        H058  2 0.1509 0.2349 0.1976 0.1554 0.1427 0.1184 
        H062  2 0.1179 0.1063 0.1612 0.1361 0.1293 0.3492 
        H063  2 0.1465 0.1563 0.2798 0.1251 0.1387 0.1537 
        H065  2 0.1395 0.1188 0.1624 0.2747 0.1244 0.1801 
        H066  2 0.2370 0.2308 0.1345 0.1833 0.1072 0.1072 
        H067  2 0.1593 0.1274 0.0956 0.1709 0.1983 0.2485 
        H068  2 0.1384 0.1617 0.3005 0.1303 0.0923 0.1767 
        H069  2 0.1746 0.2245 0.1661 0.1800 0.0875 0.1673 
        H071  2 0.1437 0.1525 0.2038 0.1516 0.2020 0.1464 
        H072  2 0.1319 0.1267 0.3611 0.1106 0.1128 0.1568 
        H073  2 0.1630 0.1638 0.1128 0.2196 0.1678 0.1730 
        H081  2 0.1562 0.1137 0.1241 0.1114 0.1817 0.3129 
        H082  2 0.2117 0.2473 0.0771 0.1853 0.1249 0.1538 
        H083  2 0.1871 0.2338 0.0869 0.2061 0.1563 0.1298 
        H084  2 0.1910 0.1821 0.1826 0.1583 0.1174 0.1686 
        H085  2 0.1652 0.1200 0.0895 0.1178 0.1866 0.3208 
        H087  2 0.1395 0.1104 0.1067 0.1167 0.2193 0.3074 
        H088  2 0.1327 0.1617 0.1993 0.1296 0.1947 0.1820 
        H089  2 0.1453 0.1292 0.1039 0.1405 0.1596 0.3215 
        H090  2 0.2474 0.1841 0.0998 0.1851 0.1224 0.1612 
        H091  2 0.2703 0.1632 0.0680 0.1511 0.1581 0.1893 
        H098  2 0.2404 0.1828 0.1190 0.1500 0.1004 0.2073 
      H10001  2 0.0724 0.0692 0.5910 0.0742 0.1132 0.0801 
      H10002  2 0.1044 0.1396 0.1842 0.1129 0.3282 0.1307 
        H101  2 0.2613 0.3026 0.1003 0.1538 0.0854 0.0966 
        H108  2 0.0935 0.0846 0.2622 0.1138 0.1651 0.2808 
        H109  2 0.2187 0.1999 0.2104 0.1642 0.1027 0.1042 
        H110  2 0.1464 0.1304 0.0779 0.1346 0.3490 0.1616 
        H116  2 0.2185 0.1850 0.1062 0.2079 0.1563 0.1260 
        H117  2 0.3004 0.1510 0.0874 0.1333 0.1341 0.1938 
        H118  2 0.2611 0.1403 0.0621 0.2094 0.1341 0.1930 
        H119  2 0.1999 0.1209 0.2025 0.1446 0.2022 0.1299 
        H120  2 0.0958 0.0902 0.3207 0.0937 0.1562 0.2433 
        H121  2 0.2332 0.1567 0.0819 0.1461 0.1139 0.2681 
        H125  2 0.0825 0.0845 0.5770 0.0801 0.0877 0.0882 
        H126  2 0.1673 0.1637 0.1226 0.2750 0.1332 0.1382 
        H128  2 0.3338 0.1977 0.0480 0.2160 0.0831 0.1214 
        H129  2 0.1931 0.1966 0.0775 0.2772 0.1299 0.1257 
        H130  2 0.1221 0.1619 0.2856 0.1777 0.1751 0.0776 
        H133  2 0.1142 0.1162 0.4278 0.1195 0.1243 0.0980 
        H134  2 0.1942 0.1539 0.0794 0.3809 0.0901 0.1015 
        H135  2 0.1464 0.1586 0.1541 0.1453 0.2190 0.1765 
        H137  2 0.2541 0.1865 0.1536 0.1569 0.1068 0.1421 
        H138  2 0.1650 0.2357 0.0862 0.2293 0.2022 0.0816 
        H140  2 0.2209 0.1526 0.1663 0.1704 0.1516 0.1382 
        H146  2 0.2879 0.1556 0.1031 0.1926 0.1442 0.1167 
        H147  2 0.1976 0.1668 0.0985 0.1436 0.2435 0.1499 
        H148  2 0.2218 0.1334 0.0960 0.1259 0.2545 0.1684 
     H166022  2 0.2067 0.2319 0.0780 0.1562 0.1968 0.1304 
     H167359  2 0.1747 0.2206 0.1305 0.1807 0.1549 0.1386 
     H167397  2 0.3062 0.2195 0.0508 0.1492 0.1366 0.1376 
     H167428  2 0.1618 0.1227 0.0539 0.1309 0.1167 0.4139 
     H167496  2 0.1210 0.1123 0.3289 0.1122 0.1431 0.1825 
     H167513  2 0.1994 0.2333 0.2048 0.1502 0.0924 0.1200 
     H167545  2 0.1794 0.2622 0.0832 0.2029 0.1505 0.1218 
     H167547  2 0.3452 0.1823 0.0906 0.1950 0.0880 0.0988 
     H169621  2 0.2306 0.1920 0.0867 0.1792 0.1876 0.1240 
     H169622  2 0.1568 0.1822 0.0931 0.1947 0.2291 0.1441 
     H169750  2 0.1524 0.1937 0.2482 0.1834 0.1294 0.0928 
     H171806  2 0.2062 0.1370 0.1779 0.1876 0.1307 0.1606 
     H171808  2 0.1518 0.1465 0.1267 0.1674 0.1281 0.2796 
     H171809  2 0.1353 0.1361 0.1520 0.1517 0.2073 0.2175 
     H171813  2 0.1731 0.1766 0.1660 0.2044 0.1543 0.1256 
     H171815  2 0.1094 0.1296 0.4145 0.1234 0.1090 0.1142 
     H171824  2 0.1369 0.1156 0.2244 0.1172 0.2294 0.1765 
     H171825  2 0.1426 0.1866 0.1037 0.1936 0.1955 0.1780 
     H171826  2 0.1518 0.1441 0.1757 0.1525 0.2108 0.1651 
     H171827  2 0.1333 0.1675 0.1378 0.1333 0.3343 0.0937 
     H171828  2 0.0964 0.0794 0.3970 0.0867 0.1421 0.1985 
     H171829  2 0.1875 0.1625 0.1666 0.2541 0.1364 0.0928 
     H171830  2 0.2191 0.2200 0.1506 0.1243 0.1244 0.1615 
     H171831  2 0.2098 0.1975 0.0815 0.2431 0.1186 0.1495 
     H171832  2 0.1516 0.2255 0.1189 0.1956 0.1659 0.1426 
     H171863  2 0.2099 0.2497 0.0645 0.2359 0.1090 0.1310 
     H171864  2 0.2157 0.1550 0.1512 0.1513 0.1196 0.2072 
     H171865  2 0.1417 0.1298 0.3683 0.1177 0.0798 0.1627 
     H171879  2 0.2471 0.1856 0.1394 0.1714 0.1313 0.1251 
     H171880  2 0.2781 0.2387 0.0973 0.1467 0.1191 0.1200 
     H171881  2 0.1491 0.1585 0.0980 0.1611 0.1879 0.2453 
     H171882  2 0.0853 0.0894 0.4874 0.0931 0.1346 0.1102 
     H171929  2 0.1864 0.1598 0.1137 0.1560 0.1301 0.2540 
     H171930  2 0.2232 0.3085 0.0772 0.1780 0.1019 0.1113 
     H171933  2 0.2136 0.1654 0.1195 0.1759 0.1746 0.1510 
     H171934  2 0.1791 0.1433 0.1159 0.1487 0.1798 0.2332 
     H171937  2 0.1727 0.2187 0.1070 0.2375 0.1551 0.1091 
     H171962  2 0.1371 0.1647 0.0844 0.1540 0.1612 0.2985 
        H190  2 0.1745 0.2026 0.1085 0.1900 0.1635 0.1608 
        H191  2 0.1907 0.1422 0.1497 0.1549 0.1135 0.2491 
        H396  2 0.1260 0.0904 0.1133 0.1221 0.1096 0.4386 
        H397  2 0.1773 0.2042 0.1081 0.1765 0.1851 0.1488 
        H398  2 0.1365 0.1257 0.1450 0.2299 0.1160 0.2469 
        H400  2 0.1407 0.1377 0.1192 0.1404 0.1522 0.3098 
        H401  2 0.3693 0.1850 0.0608 0.1545 0.0839 0.1464 
        H402  2 0.2004 0.2259 0.0967 0.1584 0.1742 0.1446 
        H427  2 0.1642 0.1165 0.1127 0.1397 0.1609 0.3060 
        H428  2 0.1691 0.1245 0.0517 0.1376 0.1123 0.4048 
        H497  2 0.1444 0.1900 0.2985 0.1278 0.1221 0.1172 
        H512  2 0.2312 0.1664 0.1340 0.1464 0.2048 0.1170 
        H513  2 0.1842 0.2443 0.2092 0.1527 0.0886 0.1210 
        H514  2 0.1528 0.2232 0.1121 0.2115 0.2079 0.0926 
        H519  2 0.1947 0.2461 0.1851 0.1447 0.0992 0.1301 
        H532  2 0.1660 0.1365 0.0777 0.1529 0.1524 0.3145 
        H543  2 0.1644 0.2334 0.0742 0.1443 0.2614 0.1223 
        H544  2 0.1509 0.1707 0.1565 0.2625 0.1136 0.1457 
        H545  2 0.1699 0.2773 0.0800 0.2138 0.1450 0.1138 
        H546  2 0.1106 0.1389 0.3043 0.1428 0.1128 0.1906 
        H547  2 0.3455 0.2025 0.0875 0.1787 0.0867 0.0992 
        H548  2 0.1684 0.1722 0.1179 0.1408 0.1586 0.2421 
        H549  2 0.1556 0.2179 0.2865 0.1421 0.0825 0.1153 
        H620  2 0.0917 0.0874 0.4979 0.0909 0.1159 0.1161 
        H623  2 0.1885 0.2214 0.1069 0.2334 0.1257 0.1242 
        H624  2 0.1297 0.1936 0.2608 0.1786 0.1500 0.0873 
        H625  2 0.1508 0.1390 0.0936 0.1402 0.1115 0.3650 
        H626  2 0.1894 0.1955 0.1585 0.1677 0.1423 0.1466 
        H654  2 0.0739 0.1104 0.5468 0.0902 0.0904 0.0882 
        H655  2 0.1371 0.1917 0.1794 0.1471 0.2507 0.0940 
        H656  2 0.0914 0.0767 0.4122 0.1045 0.1063 0.2088 
        H666  2 0.1159 0.0996 0.5077 0.1128 0.0844 0.0796 
        H667  2 0.1547 0.1504 0.1103 0.1643 0.2779 0.1425 
        H677  2 0.1822 0.1725 0.1081 0.1739 0.1962 0.1671 
        H693  2 0.0942 0.0858 0.2201 0.0976 0.1416 0.3608 
        H694  2 0.1590 0.2599 0.1346 0.1928 0.1005 0.1532 
        H701  2 0.1706 0.2514 0.0892 0.1621 0.1832 0.1434 
        H702  2 0.1626 0.2057 0.1599 0.1533 0.2107 0.1079 
        H731  2 0.1493 0.1323 0.1961 0.1467 0.2441 0.1315 
       H7359  2 0.1780 0.2061 0.1279 0.1894 0.1561 0.1426 
       H7389  2 0.2131 0.1530 0.1177 0.1686 0.0992 0.2485 
       H7390  2 0.1280 0.1539 0.3184 0.1408 0.1637 0.0952 
       H7391  2 0.1663 0.1062 0.1013 0.1138 0.1806 0.3318 
       H7392  2 0.1705 0.1551 0.1592 0.2005 0.1470 0.1677 
       H7393  2 0.1763 0.1717 0.2321 0.1577 0.1497 0.1126 
       H7398  2 0.1990 0.1315 0.1260 0.1341 0.1620 0.2474 
       H7399  2 0.1793 0.1680 0.0821 0.1748 0.2486 0.1472 
       H7400  2 0.0783 0.0925 0.5241 0.0968 0.0919 0.1165 
        H745  2 0.1859 0.1781 0.0786 0.3141 0.0956 0.1477 
        H746  2 0.1504 0.1716 0.0845 0.2000 0.2675 0.1259 
        H747  2 0.1623 0.1484 0.3221 0.1327 0.1270 0.1076 
        H748  2 0.1782 0.1986 0.1328 0.1651 0.2202 0.1051 
       H7484  2 0.1248 0.1003 0.4143 0.1157 0.1005 0.1445 
       H7485  2 0.1743 0.2251 0.1609 0.1698 0.1137 0.1561 
        H749  2 0.1672 0.1953 0.1091 0.1808 0.1720 0.1757 
        H930  2 0.2306 0.2979 0.0878 0.1661 0.1051 0.1126 
        H931  2 0.1774 0.1272 0.1291 0.1511 0.1354 0.2797 
        H932  2 0.2348 0.1517 0.1525 0.1798 0.1489 0.1324 
        H111  3 0.1788 0.2637 0.0928 0.2166 0.1518 0.0963 
        H951  3 0.2259 0.1962 0.0863 0.1854 0.1257 0.1806 
        H952  3 0.1961 0.1625 0.1563 0.2152 0.1324 0.1375 
        H953  3 0.2007 0.1055 0.0781 0.1325 0.1029 0.3803 
        H954  3 0.1233 0.1703 0.3236 0.1113 0.1519 0.1196 
        H955  3 0.1843 0.2893 0.0778 0.1807 0.1528 0.1152 
        H956  3 0.2135 0.1889 0.1537 0.1311 0.2050 0.1079 
       H9563  3 0.1883 0.1457 0.1675 0.1211 0.1350 0.2424 
        H002  4 0.1085 0.1401 0.2673 0.1665 0.2272 0.0904 
        H003  4 0.1459 0.1401 0.0749 0.1867 0.2977 0.1546 
        H009  4 0.1654 0.2246 0.1385 0.2254 0.1282 0.1180 
        H010  4 0.1737 0.1430 0.1072 0.1822 0.2119 0.1821 
        H011  4 0.0934 0.0988 0.2810 0.1034 0.1430 0.2804 
        H012  4 0.1589 0.1863 0.0878 0.1560 0.2589 0.1520 
        H013  4 0.1228 0.1311 0.1691 0.1276 0.2357 0.2137 
        H014  4 0.1720 0.1787 0.1311 0.1953 0.1992 0.1236 
        H045  4 0.1538 0.1006 0.1682 0.1048 0.0960 0.3766 
        H046  4 0.1611 0.1472 0.0832 0.2628 0.1940 0.1516 
        H051  4 0.1265 0.1268 0.1858 0.1205 0.1726 0.2678 
        H052  4 0.1405 0.1304 0.3042 0.1684 0.1017 0.1548 
        H053  4 0.1730 0.1633 0.1736 0.1582 0.2221 0.1097 
        H056  4 0.1354 0.1331 0.2895 0.1473 0.1282 0.1666 
        H076  4 0.1946 0.1534 0.0832 0.2269 0.1694 0.1725 
        H151  4 0.1038 0.1325 0.3420 0.1326 0.1981 0.0910 
        H152  4 0.1155 0.1143 0.2502 0.1798 0.2083 0.1320 
     H171803  4 0.1254 0.1545 0.2868 0.1354 0.1816 0.1163 
     H171804  4 0.1646 0.1613 0.2230 0.1484 0.1617 0.1409 
     H171833  4 0.1792 0.2207 0.0854 0.2601 0.1404 0.1142 
     H171855  4 0.1240 0.1296 0.3866 0.1638 0.1128 0.0832 
     H171856  4 0.1916 0.1870 0.1964 0.1572 0.1449 0.1229 
     H171857  4 0.1586 0.1270 0.3090 0.1681 0.1156 0.1216 
     H171858  4 0.1601 0.1439 0.1418 0.2059 0.2202 0.1281 
     H171859  4 0.1673 0.1433 0.1699 0.1838 0.1869 0.1488 
     H171961  4 0.1270 0.1356 0.2124 0.1418 0.1552 0.2280 
        H198  4 0.1677 0.1920 0.0668 0.1977 0.2455 0.1303 
      H20001  4 0.1532 0.2695 0.1016 0.2405 0.1363 0.0989 
        H403  4 0.1850 0.1402 0.2407 0.1817 0.1151 0.1372 
        H404  4 0.1420 0.1424 0.0773 0.1507 0.2975 0.1901 
        H405  4 0.1735 0.1587 0.0891 0.2188 0.2046 0.1554 
        H406  4 0.2813 0.1674 0.1693 0.2044 0.0623 0.1154 
        H407  4 0.2060 0.1414 0.1609 0.1582 0.1498 0.1838 
        H410  4 0.3313 0.1351 0.0909 0.1484 0.0903 0.2040 
        H411  4 0.1828 0.2359 0.0939 0.1955 0.2021 0.0898 
        H468  4 0.1616 0.2672 0.1809 0.2156 0.0901 0.0846 
        H476  4 0.1682 0.2591 0.1894 0.1503 0.1444 0.0885 
        H477  4 0.1854 0.2241 0.0834 0.2781 0.1415 0.0875 
        H478  4 0.1450 0.1885 0.1116 0.1653 0.2553 0.1344 
        H479  4 0.1267 0.1249 0.2347 0.1492 0.1624 0.2020 
        H480  4 0.2002 0.2581 0.0909 0.1934 0.1783 0.0791 
        H498  4 0.1561 0.1696 0.1171 0.2018 0.2433 0.1121 
        H499  4 0.1532 0.1682 0.1369 0.1746 0.1884 0.1787 
        H500  4 0.1272 0.1423 0.2985 0.1119 0.1961 0.1240 
        H515  4 0.1607 0.1689 0.1938 0.1524 0.2139 0.1103 
        H516  4 0.1839 0.2135 0.1601 0.1893 0.1604 0.0927 
        H517  4 0.2380 0.1548 0.1488 0.1858 0.1481 0.1245 
        H518  4 0.1438 0.1705 0.2768 0.1946 0.1083 0.1059 
        H520  4 0.1445 0.1572 0.2798 0.1689 0.1511 0.0985 
        H521  4 0.1680 0.1464 0.1131 0.1616 0.1256 0.2853 
        H522  4 0.1548 0.2208 0.1661 0.1650 0.1770 0.1163 
        H523  4 0.1777 0.1990 0.1509 0.1513 0.2275 0.0936 
        H536  4 0.1396 0.1207 0.1147 0.2176 0.1903 0.2171 
        H645  4 0.1049 0.0881 0.1425 0.1011 0.1557 0.4078 
        H646  4 0.2589 0.2167 0.0849 0.2028 0.1017 0.1350 
        H647  4 0.1875 0.1955 0.1482 0.2009 0.1264 0.1415 
        H657  4 0.2401 0.1769 0.1008 0.1845 0.1671 0.1306 
        H658  4 0.1799 0.2252 0.1404 0.1483 0.1821 0.1242 
        H659  4 0.0926 0.1410 0.4296 0.0990 0.1652 0.0727 
        H660  4 0.1367 0.2095 0.1680 0.1602 0.1646 0.1610 
        H661  4 0.1290 0.1671 0.2781 0.1702 0.1526 0.1030 
        H668  4 0.1401 0.1721 0.0882 0.1506 0.3261 0.1229 
        H669  4 0.1788 0.1403 0.1637 0.1488 0.1902 0.1783 
        H670  4 0.0962 0.0975 0.1480 0.1193 0.3287 0.2103 
        H678  4 0.1800 0.2036 0.1350 0.1566 0.1874 0.1373 
        H679  4 0.2251 0.2646 0.0978 0.1534 0.1090 0.1501 
        H680  4 0.1909 0.1637 0.1425 0.2462 0.1223 0.1345 
        H681  4 0.1071 0.1423 0.1908 0.1268 0.2550 0.1780 
        H682  4 0.2029 0.2507 0.1017 0.1268 0.2023 0.1155 
        H683  4 0.1774 0.1655 0.2843 0.1804 0.0818 0.1105 
        H718  4 0.1399 0.0998 0.3914 0.1351 0.0916 0.1422 
        H719  4 0.1187 0.1361 0.1474 0.1105 0.1187 0.3686 
        H720  4 0.1213 0.1446 0.2595 0.1899 0.1053 0.1794 
        H721  4 0.1492 0.1462 0.2101 0.2185 0.1312 0.1448 
        H722  4 0.1490 0.1392 0.2651 0.2529 0.0913 0.1024 
        H723  4 0.1574 0.1288 0.2519 0.1272 0.1627 0.1720 
        H724  4 0.1174 0.1028 0.4357 0.1083 0.0891 0.1468 
        H725  4 0.1193 0.1077 0.3943 0.1569 0.1145 0.1072 
        H726  4 0.1436 0.1366 0.2706 0.1566 0.1821 0.1106 
        H727  4 0.1515 0.1291 0.2291 0.1265 0.1867 0.1771 
        H910  4 0.1701 0.1572 0.2095 0.1211 0.1877 0.1545 
        H911  4 0.2843 0.1565 0.1226 0.1800 0.0992 0.1575 
        H912  4 0.1983 0.1764 0.1889 0.2033 0.1170 0.1161 
        H913  4 0.1744 0.1864 0.1808 0.1459 0.2118 0.1007 
        H914  4 0.1189 0.1138 0.2283 0.1083 0.2593 0.1712 
        H915  4 0.2066 0.2231 0.1641 0.1472 0.1463 0.1127 
        H916  4 0.2131 0.2388 0.1346 0.1828 0.1307 0.0999 
       H9572  4 0.1573 0.1513 0.2360 0.1674 0.1198 0.1682 
        H015  5 0.1675 0.2443 0.0916 0.2107 0.1111 0.1747 
        H016  5 0.1950 0.1674 0.0904 0.2793 0.1481 0.1198 
        H017  5 0.1697 0.2147 0.1704 0.1896 0.1791 0.0765 
        H019  5 0.1503 0.2151 0.1171 0.2067 0.1425 0.1682 
        H020  5 0.1407 0.1300 0.1512 0.1415 0.1237 0.3130 
        H032  5 0.1699 0.1854 0.2350 0.1568 0.1652 0.0877 
        H033  5 0.1473 0.2118 0.0936 0.1404 0.2396 0.1674 
        H034  5 0.1260 0.1166 0.2289 0.1326 0.2618 0.1341 
        H035  5 0.1858 0.2078 0.1538 0.1758 0.1532 0.1235 
        H036  5 0.2217 0.1911 0.1147 0.1671 0.1043 0.2011 
        H037  5 0.1381 0.1668 0.1824 0.1455 0.2160 0.1512 
        H048  5 0.1237 0.1126 0.2842 0.1144 0.0896 0.2755 
        H049  5 0.1543 0.2444 0.1324 0.1944 0.1091 0.1655 
        H054  5 0.1887 0.1245 0.1573 0.2296 0.1604 0.1395 
        H055  5 0.1282 0.1308 0.1888 0.1621 0.2391 0.1510 
        H057  5 0.1329 0.1717 0.1389 0.3033 0.1498 0.1035 
        H060  5 0.1205 0.1360 0.1589 0.1747 0.2878 0.1220 
        H061  5 0.1524 0.1604 0.1088 0.1969 0.1946 0.1868 
        H064  5 0.1312 0.1194 0.2314 0.1475 0.1538 0.2166 
        H070  5 0.1351 0.1412 0.1572 0.1169 0.3153 0.1343 
        H077  5 0.1307 0.1349 0.3366 0.1248 0.1699 0.1031 
        H078  5 0.1675 0.1658 0.2489 0.1659 0.1503 0.1017 
        H079  5 0.2014 0.1684 0.0764 0.1406 0.1979 0.2153 
        H097  5 0.1606 0.2168 0.1914 0.1994 0.1614 0.0704 
        H107  5 0.0844 0.1016 0.3442 0.1003 0.1830 0.1865 
        H122  5 0.1648 0.2044 0.1336 0.2125 0.1670 0.1176 
        H123  5 0.2719 0.1899 0.0887 0.1841 0.1284 0.1371 
        H124  5 0.2403 0.1715 0.0879 0.1894 0.1315 0.1794 
        H131  5 0.2106 0.1905 0.0974 0.1732 0.1503 0.1780 
        H132  5 0.1652 0.1395 0.1667 0.1543 0.1365 0.2378 
        H141  5 0.1445 0.1571 0.2407 0.1447 0.1777 0.1353 
        H142  5 0.1550 0.2149 0.0727 0.1708 0.2773 0.1093 
        H157  5 0.1399 0.1336 0.2623 0.1424 0.1607 0.1611 
        H158  5 0.2052 0.2305 0.0919 0.2536 0.1276 0.0913 
        H159  5 0.2092 0.2018 0.0991 0.2206 0.1320 0.1374 
        H160  5 0.1713 0.1939 0.1864 0.1971 0.1557 0.0957 
        H163  5 0.1873 0.2373 0.1057 0.1620 0.1761 0.1317 
        H164  5 0.1653 0.1963 0.1162 0.1723 0.2104 0.1395 
        H165  5 0.1691 0.1377 0.0896 0.1535 0.2073 0.2427 
        H166  5 0.1433 0.1706 0.0945 0.1614 0.1124 0.3178 
        H169  5 0.1227 0.1978 0.1188 0.1534 0.2839 0.1234 
     H169613  5 0.1476 0.1835 0.1257 0.1887 0.2456 0.1089 
     H169653  5 0.1633 0.1845 0.1026 0.1950 0.1984 0.1562 
     H169728  5 0.1917 0.2202 0.1300 0.1818 0.1617 0.1147 
     H169742  5 0.1138 0.1053 0.1214 0.1122 0.1547 0.3926 
        H170  5 0.1656 0.1880 0.1316 0.2399 0.1435 0.1315 
        H171  5 0.1880 0.1975 0.1064 0.2519 0.1224 0.1337 
     H171851  5 0.1564 0.2108 0.1318 0.1942 0.1727 0.1340 
     H171852  5 0.1426 0.1403 0.2695 0.1900 0.1191 0.1385 
     H171853  5 0.1593 0.1511 0.2203 0.1444 0.1671 0.1578 
     H171854  5 0.1724 0.2269 0.1591 0.1785 0.1541 0.1089 
     H171938  5 0.1328 0.1405 0.1176 0.1303 0.2993 0.1796 
     H171939  5 0.1918 0.1511 0.0905 0.2115 0.0946 0.2605 
     H171941  5 0.1032 0.1077 0.2330 0.1170 0.1771 0.2621 
     H171965  5 0.1385 0.1841 0.0839 0.1872 0.3105 0.0958 
     H171970  5 0.1001 0.1014 0.3758 0.1068 0.1483 0.1677 
     H171973  5 0.1686 0.1487 0.0988 0.1650 0.1645 0.2544 
     H171974  5 0.1420 0.1397 0.1357 0.1473 0.2289 0.2065 
     H171975  5 0.1423 0.1260 0.1863 0.1466 0.1288 0.2699 
     H171976  5 0.1403 0.2287 0.1843 0.2330 0.1038 0.1100 
        H175  5 0.1416 0.1309 0.2339 0.1402 0.1357 0.2177 
        H178  5 0.1290 0.1484 0.1488 0.1610 0.1741 0.2386 
        H189  5 0.2073 0.1905 0.0851 0.2133 0.1982 0.1056 
        H399  5 0.1824 0.1270 0.1714 0.3485 0.0877 0.0831 
        H416  5 0.1562 0.1565 0.1563 0.1369 0.1529 0.2412 
        H438  5 0.1896 0.1589 0.1427 0.1536 0.1731 0.1821 
        H450  5 0.0988 0.1328 0.2386 0.1210 0.3101 0.0988 
        H455  5 0.0956 0.0876 0.2952 0.0978 0.1411 0.2827 
        H456  5 0.1482 0.1442 0.1401 0.1576 0.1730 0.2370 
        H457  5 0.1237 0.1472 0.2738 0.1982 0.1486 0.1084 
        H458  5 0.1400 0.1441 0.1843 0.1497 0.2403 0.1415 
        H459  5 0.1852 0.2400 0.0773 0.1854 0.1854 0.1267 
        H460  5 0.1552 0.1931 0.1875 0.1554 0.2079 0.1008 
        H461  5 0.1659 0.2341 0.1482 0.2113 0.1503 0.0901 
        H462  5 0.2046 0.2005 0.0950 0.1552 0.1339 0.2108 
        H469  5 0.2345 0.2089 0.0920 0.1550 0.1508 0.1588 
        H470  5 0.1737 0.1997 0.1828 0.1492 0.1674 0.1272 
        H471  5 0.2339 0.2219 0.0916 0.2413 0.1312 0.0800 
        H481  5 0.1155 0.1051 0.4000 0.1080 0.1179 0.1535 
        H482  5 0.1321 0.1522 0.2130 0.1540 0.2508 0.0980 
        H501  5 0.1466 0.1960 0.1522 0.1382 0.1633 0.2038 
        H502  5 0.1806 0.2351 0.0809 0.2162 0.1731 0.1140 
        H503  5 0.2105 0.1788 0.1265 0.1889 0.1515 0.1438 
        H509  5 0.1655 0.1339 0.2844 0.1328 0.0944 0.1890 
        H510  5 0.1216 0.1852 0.1147 0.1431 0.2170 0.2183 
        H511  5 0.1777 0.2015 0.0942 0.1873 0.2298 0.1096 
        H530  5 0.1538 0.1419 0.1742 0.1294 0.1734 0.2273 
        H531  5 0.1313 0.1756 0.3283 0.1562 0.0973 0.1113 
        H564  5 0.1222 0.1827 0.1948 0.1600 0.1382 0.2022 
        H565  5 0.1084 0.1431 0.3139 0.1283 0.0977 0.2086 
        H567  5 0.2424 0.2160 0.0779 0.1767 0.0989 0.1880 
     H568???  5 0.1714 0.1902 0.0982 0.2826 0.1478 0.1097 
        H608  5 0.1047 0.1333 0.2194 0.1251 0.3231 0.0944 
        H609  5 0.1355 0.1048 0.1047 0.1233 0.1682 0.3634 
        H612  5 0.0986 0.1071 0.3258 0.0945 0.1715 0.2026 
        H614  5 0.1132 0.1361 0.3513 0.1556 0.1123 0.1316 
        H615  5 0.1393 0.1896 0.2530 0.1555 0.1282 0.1344 
        H616  5 0.1025 0.0843 0.3781 0.0916 0.1814 0.1620 
        H617  5 0.2055 0.1922 0.0878 0.1896 0.1670 0.1580 
        H618  5 0.1269 0.1187 0.2913 0.1274 0.1054 0.2304 
        H619  5 0.1142 0.0976 0.1104 0.1194 0.2045 0.3539 
        H635  5 0.1598 0.1850 0.1320 0.1784 0.1991 0.1458 
        H636  5 0.1274 0.1261 0.0851 0.1218 0.3448 0.1947 
        H637  5 0.1145 0.1261 0.1726 0.1235 0.1376 0.3257 
        H644  5 0.2384 0.1690 0.0590 0.3099 0.0975 0.1262 
        H711  5 0.1654 0.2341 0.1352 0.2270 0.1382 0.1002 
        H712  5 0.1265 0.1034 0.1508 0.1221 0.1626 0.3347 
       H7360  5 0.1392 0.1723 0.2018 0.2033 0.1567 0.1267 
       H7361  5 0.1262 0.1428 0.2387 0.1586 0.1897 0.1440 
       H7362  5 0.2289 0.1729 0.0701 0.2875 0.1005 0.1402 
       H7363  5 0.1547 0.1835 0.2202 0.1554 0.1444 0.1418 
       H7394  5 0.1762 0.2678 0.0874 0.1626 0.2112 0.0948 
       H7395  5 0.1347 0.1551 0.1237 0.1449 0.2764 0.1652 
       H7396  5 0.1637 0.2140 0.1227 0.1449 0.2028 0.1519 
        H742  5 0.1110 0.1105 0.1212 0.1046 0.1516 0.4011 
        H743  5 0.1556 0.1067 0.1837 0.1394 0.0981 0.3165 
        H744  5 0.1451 0.0982 0.3732 0.1056 0.1087 0.1692 
        H957  5 0.1429 0.2475 0.1571 0.1972 0.1651 0.0902 
        H958  5 0.1999 0.2378 0.1174 0.1615 0.1596 0.1237 
        H959  5 0.0996 0.1212 0.2439 0.1168 0.1916 0.2270 
        H960  5 0.1766 0.1475 0.1453 0.1544 0.1356 0.2407 
      H_PALI  6 0.1435 0.2281 0.1159 0.1634 0.2117 0.1374 
        H581  6 0.1489 0.1865 0.2491 0.1640 0.0932 0.1583 
        H582  6 0.1091 0.1406 0.3769 0.1481 0.1021 0.1232 
        H583  6 0.1750 0.1554 0.1932 0.1741 0.1423 0.1600 
        H595  6 0.2578 0.2698 0.0778 0.1595 0.1105 0.1246 
        H596  6 0.2644 0.2336 0.0792 0.1611 0.1424 0.1193 
        H597  6 0.2026 0.1603 0.0833 0.2435 0.1558 0.1546 
        H598  6 0.1596 0.1507 0.1713 0.1378 0.2617 0.1189 
        H599  6 0.1025 0.1290 0.1822 0.1154 0.0986 0.3724 
        H642  6 0.2470 0.2090 0.1266 0.2163 0.1068 0.0944 
        H643  6 0.2221 0.1380 0.1443 0.1544 0.1904 0.1507 
        H664  6 0.1277 0.1835 0.3436 0.1580 0.0965 0.0908 
        H665  6 0.1416 0.1494 0.1193 0.1302 0.2617 0.1978 
        H674  6 0.2261 0.1983 0.0755 0.2584 0.0887 0.1531 
        H675  6 0.1461 0.1565 0.2005 0.1763 0.1429 0.1777 
        H676  6 0.2039 0.2331 0.1136 0.1687 0.1830 0.0977 
        H686  6 0.1510 0.2147 0.1264 0.1750 0.1859 0.1470 
        H687  6 0.1806 0.2014 0.1424 0.1865 0.1842 0.1049 
        H917  6 0.2249 0.1992 0.0830 0.1406 0.1637 0.1887 
        H918  6 0.1123 0.1189 0.0921 0.1255 0.1768 0.3745 
        H919  6 0.1339 0.1083 0.2766 0.1094 0.1335 0.2383 
        H920  6 0.1286 0.1720 0.2188 0.1564 0.1730 0.1512 
        H631  7 0.1261 0.1486 0.1941 0.1694 0.1761 0.1857 
        H684  7 0.1674 0.2346 0.0877 0.2264 0.1932 0.0907 
        H685  7 0.1863 0.1744 0.3416 0.1126 0.1034 0.0817 
        H713  7 0.1068 0.1313 0.3575 0.1125 0.1966 0.0952 
        H715  7 0.1631 0.2093 0.1070 0.2049 0.2157 0.1000 
        H716  7 0.0994 0.1003 0.1600 0.1393 0.1958 0.3052 
        H717  7 0.1373 0.1295 0.1768 0.1573 0.1104 0.2886 
        H729  7 0.2153 0.1803 0.0678 0.1396 0.1833 0.2137 
        H730  7 0.1912 0.1158 0.1370 0.1201 0.1211 0.3148 
        H431  8 0.2079 0.1326 0.2416 0.1471 0.1596 0.1112 
        H432  8 0.1800 0.1712 0.0808 0.2169 0.0945 0.2566 
        H433  8 0.1831 0.1942 0.1083 0.1673 0.2034 0.1437 
        H434  8 0.1848 0.1706 0.0889 0.1523 0.2461 0.1573 
        H444  8 0.1338 0.1505 0.1030 0.1407 0.1634 0.3086 
        H454  8 0.1049 0.1165 0.2729 0.1156 0.1235 0.2665 
        H475  8 0.0940 0.1377 0.3526 0.1100 0.2320 0.0737 
        H491  8 0.1187 0.1421 0.1724 0.1424 0.2233 0.2012 
        H492  8 0.1395 0.1940 0.2306 0.1232 0.1381 0.1746 
        H493  8 0.1764 0.2025 0.1376 0.2059 0.1693 0.1084 
        H494  8 0.1623 0.1607 0.1774 0.1356 0.1008 0.2632 
        H495  8 0.1105 0.1693 0.3560 0.1404 0.1367 0.0871 
        H662  8 0.1817 0.1854 0.1388 0.2197 0.1087 0.1657 
        H663  8 0.1755 0.1549 0.1667 0.1688 0.1346 0.1995 
        H695  8 0.1682 0.1558 0.1797 0.1526 0.1766 0.1670 
       H7367  8 0.2665 0.2212 0.0709 0.1576 0.1385 0.1454 
       H7368  8 0.1961 0.1713 0.1068 0.2218 0.1745 0.1296 
       H7369  8 0.1462 0.1266 0.1294 0.1286 0.1809 0.2883 
       H7370  8 0.2453 0.3293 0.0708 0.1420 0.0951 0.1175 
       H7371  8 0.1906 0.1981 0.1246 0.1392 0.1533 0.1943 
        H600  9 0.1240 0.1320 0.2353 0.1367 0.2527 0.1193 
        H648  9 0.1918 0.1912 0.1606 0.2082 0.1178 0.1304 
        H696  9 0.2682 0.2028 0.0818 0.2417 0.0824 0.1230 
        H697  9 0.2338 0.1254 0.1229 0.1613 0.1282 0.2283 
        H698  9 0.2925 0.1413 0.1150 0.1586 0.1063 0.1862 
        H699  9 0.1934 0.1801 0.1381 0.1712 0.1335 0.1838 
        H700  9 0.1009 0.1220 0.1690 0.1100 0.3950 0.1031 
        H732  9 0.1289 0.1396 0.3409 0.1596 0.0894 0.1416 
        H733  9 0.2630 0.1795 0.0919 0.1557 0.1426 0.1672 
        H734  9 0.1815 0.2732 0.0838 0.1884 0.1565 0.1167 
        H735  9 0.2580 0.1960 0.1218 0.1701 0.0923 0.1619 
        H736  9 0.1321 0.1858 0.1795 0.1730 0.1680 0.1616 
        H737  9 0.1873 0.1101 0.1636 0.1447 0.1989 0.1954 
        H905  9 0.1232 0.1193 0.1778 0.1180 0.3082 0.1536 
        H921  9 0.1508 0.1456 0.1710 0.1266 0.1851 0.2209 
        H922  9 0.2139 0.2244 0.0727 0.1521 0.1139 0.2231 
     H169705 10 0.2923 0.2139 0.1010 0.1367 0.1450 0.1110 
     H171942 10 0.1671 0.1721 0.0754 0.2242 0.0927 0.2684 
     H171943 10 0.1730 0.2097 0.1133 0.1928 0.1646 0.1466 
     H171944 10 0.1933 0.1928 0.1292 0.1558 0.1970 0.1319 
     H171946 10 0.1597 0.1766 0.2673 0.1808 0.1125 0.1030 
     H171947 10 0.1525 0.2068 0.1084 0.1611 0.1286 0.2427 
     H229641 10 0.2111 0.1960 0.1775 0.1698 0.1317 0.1139 
      H30001 10 0.1646 0.1854 0.1425 0.1504 0.2157 0.1413 
      H30002 10 0.1438 0.1379 0.1081 0.1478 0.3047 0.1577 
      H30005 10 0.2919 0.1532 0.1169 0.1441 0.1694 0.1245 
      H30006 10 0.2523 0.1927 0.1138 0.1862 0.0939 0.1611 
      H30007 10 0.1788 0.1668 0.0695 0.2606 0.0811 0.2431 
        H451 10 0.1565 0.1908 0.0890 0.1675 0.2176 0.1787 
        H452 10 0.3127 0.1395 0.1506 0.1611 0.0922 0.1439 
        H453 10 0.1215 0.1217 0.2762 0.1786 0.1605 0.1415 
        H473 10 0.1187 0.1259 0.2091 0.1609 0.1368 0.2485 
        H474 10 0.1204 0.1530 0.4139 0.1202 0.1220 0.0705 
        H486 10 0.1627 0.1399 0.2548 0.1356 0.1221 0.1849 
        H487 10 0.1764 0.1296 0.2219 0.1578 0.1796 0.1347 
        H488 10 0.1317 0.1177 0.1494 0.1370 0.2403 0.2240 
        H489 10 0.1529 0.1554 0.2910 0.1293 0.1475 0.1239 
        H550 10 0.1778 0.2542 0.0958 0.2075 0.1766 0.0881 
        H551 10 0.1973 0.1586 0.1473 0.1221 0.1183 0.2564 
        H553 10 0.1955 0.1277 0.3178 0.1477 0.1050 0.1062 
        H554 10 0.1605 0.1975 0.1101 0.1798 0.2206 0.1314 
        H556 10 0.2015 0.1641 0.1735 0.2031 0.1209 0.1369 
        H580 10 0.2084 0.1547 0.1119 0.1801 0.1620 0.1830 
        H591 10 0.0974 0.1138 0.3971 0.0955 0.1161 0.1801 
        H592 10 0.1918 0.1850 0.2229 0.1536 0.1324 0.1143 
        H593 10 0.1458 0.2145 0.1246 0.1732 0.2088 0.1331 
        H594 10 0.2203 0.1954 0.0639 0.2363 0.1031 0.1809 
        H627 10 0.1606 0.2384 0.1866 0.1710 0.1515 0.0918 
        H628 10 0.1643 0.1215 0.0637 0.1548 0.1861 0.3096 
        H629 10 0.1775 0.1765 0.1926 0.2379 0.0971 0.1184 
        H630 10 0.2158 0.2241 0.1710 0.1705 0.1168 0.1018 
        H638 10 0.2296 0.2416 0.1229 0.1571 0.1175 0.1314 
        H639 10 0.1518 0.1303 0.3533 0.1664 0.0852 0.1130 
        H640 10 0.1905 0.2356 0.1275 0.1771 0.1383 0.1309 
        H704 10 0.1848 0.1535 0.0977 0.2611 0.1292 0.1738 
        H705 10 0.2957 0.2075 0.1066 0.1333 0.1491 0.1079 
        H706 10 0.1378 0.1038 0.1958 0.1133 0.2170 0.2324 
        H708 10 0.1210 0.1601 0.3247 0.1183 0.1544 0.1216 
       H7351 10 0.1508 0.2068 0.1316 0.1895 0.1647 0.1566 
       H7352 10 0.1800 0.1713 0.1854 0.1743 0.1454 0.1436 
       H7353 10 0.1759 0.1442 0.0928 0.3440 0.1229 0.1202 
       H7354 10 0.1050 0.1225 0.1629 0.1301 0.3301 0.1494 
       H7365 10 0.1194 0.1215 0.3607 0.1234 0.1508 0.1241 
       H7383 10 0.1270 0.1447 0.1739 0.1320 0.2624 0.1600 
       H7384 10 0.1594 0.1274 0.1549 0.1459 0.2789 0.1334 
       H7385 10 0.1342 0.1281 0.2101 0.1249 0.2767 0.1260 
       H7386 10 0.1736 0.1405 0.1098 0.1466 0.1772 0.2523 
       H7387 10 0.1639 0.1630 0.1020 0.1915 0.2583 0.1213 
       H7388 10 0.2659 0.1195 0.1652 0.1494 0.1243 0.1756 
        H906 10 0.1241 0.1080 0.1963 0.1929 0.1134 0.2653 
        H907 10 0.2140 0.2685 0.0915 0.1776 0.1316 0.1167 
        H908 10 0.1744 0.1593 0.1544 0.1581 0.2374 0.1164 
        H909 10 0.1116 0.1144 0.1270 0.1346 0.2958 0.2165 
       H9552 10 0.1893 0.1481 0.1387 0.2040 0.1381 0.1817 
       H9553 10 0.2427 0.1219 0.2344 0.1562 0.1167 0.1281 
       H9555 10 0.2087 0.1873 0.0960 0.1500 0.1973 0.1606 
       H9575 10 0.1360 0.1648 0.2599 0.1749 0.1660 0.0983 
       H9703 10 0.1630 0.1044 0.3503 0.1338 0.1455 0.1030 
       H9707 10 0.1425 0.1558 0.3023 0.1417 0.1371 0.1206 
       HSAA4 10 0.1984 0.1566 0.1126 0.1856 0.1590 0.1879 
        H001 11 0.1275 0.1268 0.1702 0.1676 0.1804 0.2276 
        H004 11 0.1604 0.1927 0.1235 0.1781 0.2107 0.1347 
        H005 11 0.0889 0.1054 0.3049 0.1072 0.2519 0.1417 
        H006 11 0.1451 0.1761 0.1315 0.1430 0.2869 0.1175 
        H007 11 0.0999 0.0917 0.1842 0.0977 0.1734 0.3530 
        H031 11 0.1144 0.1311 0.3864 0.1011 0.1455 0.1214 
        H074 11 0.1357 0.1658 0.3273 0.1486 0.1032 0.1195 
        H075 11 0.1015 0.1243 0.2488 0.1030 0.1693 0.2533 
        H080 11 0.1694 0.1131 0.2824 0.1303 0.1610 0.1437 
        H086 11 0.2264 0.1444 0.1306 0.1493 0.1981 0.1512 
        H092 11 0.1722 0.1546 0.1968 0.1440 0.2278 0.1046 
        H093 11 0.1868 0.1897 0.0792 0.2396 0.1336 0.1711 
        H094 11 0.2069 0.2635 0.1197 0.1761 0.1446 0.0891 
        H095 11 0.1296 0.1182 0.2559 0.1469 0.1627 0.1867 
        H096 11 0.1196 0.1270 0.1762 0.1315 0.2231 0.2225 
        H099 11 0.1571 0.1432 0.1846 0.1626 0.2078 0.1446 
        H100 11 0.1629 0.1542 0.0709 0.1588 0.1155 0.3377 
        H127 11 0.1871 0.1441 0.1969 0.1611 0.1365 0.1742 
        H136 11 0.1234 0.1490 0.2852 0.1440 0.1875 0.1110 
        H153 11 0.1513 0.2337 0.1295 0.1792 0.1904 0.1160 
        H154 11 0.1359 0.1477 0.3615 0.1434 0.1200 0.0914 
        H155 11 0.2086 0.1304 0.0685 0.1343 0.1121 0.3461 
