        H102  1 0.2484 0.3888 0.1549 0.2079 
        H103  1 0.1249 0.1703 0.3269 0.3779 
        H104  1 0.3648 0.2526 0.2223 0.1603 
        H105  1 0.1954 0.3722 0.2167 0.2157 
        H106  1 0.2678 0.2007 0.2787 0.2528 
        H112  1 0.3293 0.2553 0.2238 0.1917 
        H113  1 0.1889 0.2987 0.3403 0.1721 
        H114  1 0.1348 0.3478 0.3374 0.1801 
        H115  1 0.2637 0.3904 0.1875 0.1585 
        H143  1 0.1842 0.3945 0.1855 0.2358 
        H144  1 0.1146 0.3138 0.1695 0.4022 
        H145  1 0.1211 0.2701 0.2585 0.3502 
        H149  1 0.3846 0.2504 0.1752 0.1898 
        H150  1 0.2284 0.2540 0.2228 0.2948 
     H167542  1 0.1602 0.4832 0.1835 0.1732 
     H169604  1 0.1827 0.4013 0.2106 0.2054 
     H169607  1 0.1575 0.3297 0.1977 0.3151 
     H169608  1 0.3797 0.2496 0.1535 0.2172 
     H169633  1 0.1302 0.3220 0.3117 0.2361 
     H169688  1 0.2001 0.1555 0.2096 0.4348 
     H169714  1 0.3254 0.2188 0.2518 0.2040 
     H171802  1 0.3622 0.1533 0.2892 0.1953 
     H171805  1 0.1916 0.2355 0.2652 0.3078 
     H171807  1 0.3003 0.2475 0.1932 0.2590 
     H171814  1 0.1328 0.1804 0.3172 0.3696 
     H171816  1 0.3190 0.2191 0.2314 0.2304 
     H171817  1 0.3031 0.2509 0.2536 0.1923 
     H171818  1 0.2214 0.2620 0.2999 0.2168 
     H171819  1 0.2465 0.2391 0.2988 0.2156 
     H171834  1 0.2122 0.3186 0.2191 0.2501 
     H171835  1 0.4337 0.1969 0.2078 0.1616 
     H171836  1 0.0990 0.2334 0.4283 0.2392 
     H171837  1 0.2752 0.3230 0.2050 0.1967 
     H171838  1 0.1580 0.1736 0.3773 0.2912 
     H171839  1 0.2784 0.3191 0.2239 0.1786 
     H171841  1 0.4744 0.1332 0.1569 0.2355 
     H171860  1 0.2125 0.3085 0.2626 0.2164 
     H171861  1 0.1054 0.3352 0.3148 0.2446 
     H171862  1 0.2118 0.2929 0.2426 0.2528 
     H171868  1 0.1680 0.4796 0.1723 0.1800 
     H171869  1 0.1726 0.1908 0.2300 0.4066 
     H171870  1 0.2916 0.1806 0.2248 0.3030 
     H171871  1 0.1598 0.1592 0.3527 0.3283 
     H171872  1 0.2783 0.3119 0.2411 0.1688 
     H171873  1 0.2932 0.1733 0.2258 0.3077 
     H171874  1 0.1761 0.3364 0.1931 0.2944 
     H171875  1 0.1124 0.3833 0.2498 0.2545 
     H171876  1 0.1497 0.3811 0.2315 0.2377 
     H171877  1 0.1742 0.4753 0.1926 0.1580 
     H171878  1 0.3167 0.1677 0.1885 0.3271 
     H171901  1 0.3594 0.1498 0.2707 0.2201 
     H171902  1 0.2515 0.2516 0.1575 0.3393 
     H171903  1 0.2276 0.2516 0.2915 0.2294 
     H171935  1 0.3585 0.1313 0.2724 0.2378 
     H171936  1 0.1611 0.3202 0.3267 0.1920 
     H171940  1 0.3086 0.3178 0.1469 0.2267 
     H171945  1 0.2407 0.2147 0.2076 0.3369 
     H171948  1 0.2864 0.2564 0.2539 0.2032 
     H171949  1 0.4202 0.2183 0.1731 0.1883 
     H171950  1 0.4974 0.1631 0.1788 0.1607 
     H171963  1 0.1683 0.1835 0.3050 0.3432 
     H171964  1 0.1553 0.2296 0.1757 0.4394 
     H171966  1 0.2510 0.2059 0.2760 0.2671 
     H171968  1 0.2898 0.3006 0.1375 0.2721 
     H171971  1 0.2468 0.1423 0.3549 0.2560 
     H171972  1 0.1477 0.2291 0.3217 0.3015 
     H171977  1 0.1534 0.2734 0.2385 0.3347 
     H171978  1 0.3468 0.1898 0.1841 0.2792 
     H171979  1 0.1263 0.2137 0.3533 0.3067 
        H176  1 0.2048 0.3149 0.2448 0.2355 
        H177  1 0.4361 0.2115 0.1578 0.1946 
        H179  1 0.3502 0.3102 0.1864 0.1532 
        H181  1 0.1611 0.2174 0.3055 0.3161 
        H182  1 0.1172 0.3056 0.2822 0.2950 
        H183  1 0.1678 0.1685 0.2632 0.4006 
        H184  1 0.3071 0.2603 0.2336 0.1991 
        H185  1 0.1503 0.2672 0.3046 0.2780 
        H186  1 0.2528 0.2713 0.1209 0.3550 
        H187  1 0.2489 0.1879 0.3044 0.2588 
        H188  1 0.2788 0.3764 0.1907 0.1542 
        H192  1 0.3799 0.2204 0.1966 0.2031 
        H193  1 0.1388 0.2794 0.2228 0.3590 
        H194  1 0.2647 0.2944 0.2388 0.2021 
        H195  1 0.1687 0.1686 0.1794 0.4832 
        H199  1 0.1799 0.1977 0.2336 0.3889 
        H200  1 0.2961 0.2355 0.2582 0.2102 
        H414  1 0.1961 0.1979 0.2987 0.3072 
        H415  1 0.1660 0.2683 0.3475 0.2182 
        H422  1 0.2726 0.2278 0.1724 0.3272 
        H423  1 0.5388 0.1475 0.1469 0.1667 
        H424  1 0.1427 0.2069 0.2715 0.3790 
        H425  1 0.1663 0.2137 0.1968 0.4232 
        H426  1 0.1934 0.1445 0.2173 0.4448 
        H443  1 0.1529 0.3542 0.1108 0.3821 
        H466  1 0.2495 0.2519 0.2333 0.2653 
        H467  1 0.4525 0.1758 0.1638 0.2080 
        H472  1 0.2452 0.2637 0.2371 0.2541 
        H483  1 0.1475 0.4101 0.1968 0.2456 
        H504  1 0.1505 0.1806 0.2648 0.4041 
        H505  1 0.3317 0.2347 0.2200 0.2136 
        H506  1 0.2386 0.2753 0.1952 0.2908 
        H507  1 0.1133 0.2720 0.3217 0.2930 
        H508  1 0.3102 0.1665 0.2475 0.2759 
        H524  1 0.1459 0.2569 0.3411 0.2561 
        H525  1 0.1786 0.3263 0.1871 0.3080 
        H526  1 0.1631 0.4505 0.1994 0.1869 
        H527  1 0.3454 0.2304 0.2002 0.2239 
        H528  1 0.1426 0.2639 0.2895 0.3040 
        H529  1 0.1175 0.2654 0.2787 0.3384 
        H533  1 0.1103 0.1781 0.4612 0.2503 
        H538  1 0.2377 0.3299 0.2044 0.2280 
        H539  1 0.2275 0.1766 0.2633 0.3326 
        H540  1 0.2228 0.2712 0.2735 0.2324 
        H541  1 0.1899 0.3944 0.2144 0.2014 
        H558  1 0.1754 0.1464 0.2876 0.3906 
        H559  1 0.2130 0.3985 0.1474 0.2411 
        H579  1 0.1528 0.3415 0.1997 0.3059 
        H584  1 0.1663 0.2047 0.2314 0.3976 
        H585  1 0.1915 0.1944 0.3257 0.2883 
        H605  1 0.3007 0.2254 0.2203 0.2536 
        H606  1 0.4232 0.2649 0.1319 0.1800 
        H632  1 0.1431 0.2904 0.1926 0.3739 
        H634  1 0.2066 0.2332 0.2270 0.3332 
        H671  1 0.4561 0.1880 0.1810 0.1750 
        H672  1 0.2328 0.2002 0.3413 0.2257 
        H673  1 0.1645 0.3484 0.1501 0.3371 
        H689  1 0.1562 0.3666 0.1873 0.2900 
        H690  1 0.2877 0.2840 0.2539 0.1744 
        H691  1 0.1783 0.4735 0.1591 0.1891 
        H692  1 0.0865 0.2474 0.3228 0.3432 
        H709  1 0.1964 0.2315 0.2919 0.2802 
        H710  1 0.1080 0.2607 0.2856 0.3457 
       H7355  1 0.1229 0.4332 0.2734 0.1706 
       H7356  1 0.2260 0.2280 0.2160 0.3300 
       H7357  1 0.2719 0.3061 0.2283 0.1937 
       H7358  1 0.1515 0.3617 0.2161 0.2706 
       H7380  1 0.1602 0.3672 0.1933 0.2794 
       H7381  1 0.3291 0.1890 0.1873 0.2945 
       H7382  1 0.1771 0.3419 0.2121 0.2689 
        H904  1 0.5341 0.2335 0.1092 0.1232 
        H923  1 0.2680 0.2404 0.2195 0.2721 
        H924  1 0.2706 0.2939 0.1788 0.2567 
        H925  1 0.1646 0.4252 0.2015 0.2088 
       H9558  1 0.1617 0.1388 0.2793 0.4202 
        H008  2 0.1195 0.3408 0.3082 0.2314 
        H021  2 0.3091 0.2900 0.1922 0.2086 
        H023  2 0.3130 0.3244 0.1798 0.1828 
        H024  2 0.1226 0.1528 0.4426 0.2820 
        H025  2 0.3439 0.1822 0.1676 0.3063 
        H026  2 0.1387 0.1731 0.3096 0.3786 
        H027  2 0.1896 0.3269 0.2676 0.2160 
        H028  2 0.1806 0.2584 0.2613 0.2997 
        H029  2 0.1492 0.2821 0.3225 0.2462 
        H030  2 0.1300 0.1741 0.3900 0.3059 
        H038  2 0.3797 0.2180 0.1838 0.2185 
        H039  2 0.6641 0.1093 0.1129 0.1138 
        H040  2 0.3959 0.1494 0.2588 0.1959 
        H041  2 0.1755 0.3834 0.2709 0.1703 
        H042  2 0.2622 0.2768 0.2406 0.2204 
        H043  2 0.4677 0.1233 0.1704 0.2386 
        H044  2 0.1507 0.1521 0.4172 0.2800 
        H047  2 0.3248 0.1585 0.2443 0.2724 
        H050  2 0.1656 0.1559 0.4400 0.2385 
        H058  2 0.3097 0.1581 0.2937 0.2385 
        H062  2 0.2982 0.3693 0.1365 0.1960 
        H063  2 0.3877 0.2002 0.2352 0.1769 
        H065  2 0.2342 0.2064 0.1398 0.4196 
        H066  2 0.2064 0.1237 0.4322 0.2377 
        H067  2 0.1671 0.4312 0.1831 0.2186 
        H068  2 0.4195 0.1749 0.2167 0.1889 
        H069  2 0.2462 0.1729 0.2759 0.3049 
        H071  2 0.3216 0.2514 0.2019 0.2250 
        H072  2 0.4508 0.1904 0.1929 0.1659 
        H073  2 0.1815 0.2918 0.2191 0.3077 
        H081  2 0.2098 0.4239 0.2020 0.1643 
        H082  2 0.1241 0.1643 0.4084 0.3032 
        H083  2 0.1411 0.2256 0.2690 0.3643 
        H084  2 0.2822 0.1744 0.3549 0.1884 
        H085  2 0.1620 0.4391 0.2303 0.1686 
        H087  2 0.1643 0.5016 0.1691 0.1650 
        H088  2 0.3249 0.2637 0.2146 0.1969 
        H089  2 0.1708 0.4158 0.2013 0.2121 
        H090  2 0.1418 0.2064 0.3724 0.2793 
        H091  2 0.1273 0.3016 0.3476 0.2235 
        H098  2 0.1818 0.2203 0.4104 0.1875 
      H10001  2 0.6540 0.1243 0.1059 0.1158 
      H10002  2 0.3312 0.3282 0.1584 0.1822 
        H101  2 0.1581 0.1227 0.5068 0.2125 
        H108  2 0.3424 0.3659 0.1226 0.1691 
        H109  2 0.2895 0.1324 0.3807 0.1975 
        H110  2 0.1372 0.4403 0.2447 0.1777 
        H116  2 0.1757 0.2151 0.2895 0.3196 
        H117  2 0.1409 0.2825 0.4086 0.1680 
        H118  2 0.1098 0.2882 0.2592 0.3429 
        H119  2 0.2905 0.2917 0.2281 0.1897 
        H120  2 0.4738 0.2730 0.1218 0.1315 
        H121  2 0.1385 0.2830 0.3293 0.2492 
        H125  2 0.6464 0.1308 0.1121 0.1107 
        H126  2 0.1806 0.1924 0.2135 0.4135 
        H128  2 0.0773 0.1522 0.4124 0.3581 
        H129  2 0.1315 0.1902 0.2208 0.4576 
        H130  2 0.4043 0.1476 0.1680 0.2801 
        H133  2 0.5044 0.1388 0.1595 0.1973 
        H134  2 0.1183 0.1428 0.1702 0.5687 
        H135  2 0.2369 0.3432 0.2145 0.2054 
        H137  2 0.2243 0.1733 0.3989 0.2035 
        H138  2 0.1416 0.2125 0.2100 0.4359 
        H140  2 0.2205 0.2316 0.2802 0.2677 
        H146  2 0.1684 0.1990 0.3304 0.3021 
        H147  2 0.1451 0.3478 0.2924 0.2147 
        H148  2 0.1578 0.3688 0.3032 0.1701 
     H166022  2 0.1329 0.2645 0.3844 0.2182 
     H167359  2 0.2104 0.1938 0.3259 0.2699 
     H167397  2 0.0843 0.1827 0.5117 0.2214 
     H167428  2 0.0889 0.4714 0.2002 0.2395 
     H167496  2 0.4426 0.2479 0.1702 0.1393 
     H167513  2 0.2472 0.1221 0.4030 0.2277 
     H167545  2 0.1446 0.2266 0.2853 0.3435 
     H167547  2 0.1322 0.1176 0.4810 0.2691 
     H169621  2 0.1516 0.2268 0.3748 0.2469 
     H169622  2 0.1609 0.2843 0.2088 0.3460 
     H169750  2 0.3372 0.1405 0.2555 0.2668 
     H171806  2 0.2795 0.2264 0.2570 0.2370 
     H171808  2 0.2048 0.2937 0.2156 0.2858 
     H171809  2 0.2308 0.3602 0.1918 0.2172 
     H171813  2 0.2433 0.2123 0.2213 0.3232 
     H171815  2 0.5019 0.1537 0.1397 0.2048 
     H171824  2 0.3122 0.3775 0.1713 0.1391 
     H171825  2 0.1836 0.3166 0.1917 0.3081 
     H171826  2 0.2566 0.3104 0.2405 0.1924 
     H171827  2 0.2467 0.2745 0.2375 0.2413 
     H171828  2 0.5041 0.2612 0.1248 0.1098 
     H171829  2 0.2683 0.1578 0.2437 0.3301 
     H171830  2 0.2168 0.1933 0.3900 0.1999 
     H171831  2 0.1242 0.2288 0.2953 0.3517 
     H171832  2 0.1871 0.2280 0.2372 0.3478 
     H171863  2 0.1134 0.1574 0.3530 0.3761 
     H171864  2 0.2099 0.2495 0.3548 0.1859 
     H171865  2 0.4420 0.1800 0.1822 0.1958 
     H171879  2 0.2179 0.1963 0.3635 0.2223 
     H171880  2 0.1532 0.1716 0.4954 0.1798 
     H171881  2 0.1727 0.3227 0.2404 0.2642 
     H171882  2 0.5724 0.1601 0.1314 0.1361 
     H171929  2 0.1853 0.2787 0.3175 0.2184 
     H171930  2 0.1261 0.1376 0.4492 0.2871 
     H171933  2 0.2142 0.2280 0.3172 0.2407 
     H171934  2 0.1935 0.3802 0.2281 0.1982 
     H171937  2 0.1718 0.1507 0.2755 0.4020 
     H171962  2 0.1565 0.3501 0.2329 0.2605 
        H190  2 0.1777 0.2425 0.2707 0.3091 
        H191  2 0.2414 0.2611 0.2674 0.2302 
        H396  2 0.2172 0.4360 0.1454 0.2014 
        H397  2 0.1798 0.2305 0.2987 0.2910 
        H398  2 0.2642 0.2429 0.1589 0.3340 
        H400  2 0.2082 0.3476 0.2206 0.2236 
        H401  2 0.0948 0.1552 0.5192 0.2308 
        H402  2 0.1547 0.2415 0.3858 0.2180 
        H427  2 0.1889 0.4447 0.1782 0.1882 
        H428  2 0.0898 0.4762 0.2085 0.2256 
        H497  2 0.3342 0.1490 0.2857 0.2311 
        H512  2 0.2075 0.2026 0.3677 0.2222 
        H513  2 0.2510 0.1200 0.4046 0.2244 
        H514  2 0.1956 0.1956 0.2522 0.3566 
        H519  2 0.2392 0.1288 0.4111 0.2208 
        H532  2 0.1432 0.4299 0.2231 0.2038 
        H543  2 0.1417 0.2684 0.3629 0.2270 
        H544  2 0.2332 0.1604 0.1968 0.4096 
        H545  2 0.1303 0.2053 0.2767 0.3877 
        H546  2 0.3937 0.1963 0.1645 0.2455 
        H547  2 0.1365 0.1231 0.4695 0.2710 
        H548  2 0.1919 0.3164 0.2798 0.2120 
        H549  2 0.2603 0.1356 0.3172 0.2869 
        H620  2 0.5580 0.1837 0.1213 0.1370 
        H623  2 0.1578 0.1562 0.2886 0.3974 
        H624  2 0.3638 0.1445 0.1479 0.3438 
        H625  2 0.1787 0.3427 0.2346 0.2439 
        H626  2 0.2514 0.2120 0.3050 0.2316 
        H654  2 0.6380 0.1130 0.1065 0.1425 
        H655  2 0.3333 0.2075 0.2302 0.2289 
        H656  2 0.4926 0.2253 0.1129 0.1693 
        H666  2 0.5654 0.1073 0.1543 0.1730 
        H667  2 0.1911 0.3822 0.2041 0.2225 
        H677  2 0.1856 0.3236 0.2209 0.2699 
        H693  2 0.3279 0.3848 0.1284 0.1589 
        H694  2 0.1779 0.1611 0.3255 0.3355 
        H701  2 0.1520 0.2070 0.3982 0.2428 
        H702  2 0.2700 0.2360 0.3017 0.1922 
        H731  2 0.3028 0.3271 0.1717 0.1983 
       H7359  2 0.2255 0.1986 0.3293 0.2467 
       H7389  2 0.1978 0.2653 0.2937 0.2432 
       H7390  2 0.4678 0.1655 0.1862 0.1805 
       H7391  2 0.1532 0.5141 0.2001 0.1326 
       H7392  2 0.2668 0.2380 0.1861 0.3091 
       H7393  2 0.3209 0.1846 0.2915 0.2030 
       H7398  2 0.1853 0.3660 0.2678 0.1809 
       H7399  2 0.1485 0.3330 0.2450 0.2735 
       H7400  2 0.6002 0.1361 0.1140 0.1497 
        H745  2 0.1425 0.1624 0.2422 0.4529 
        H746  2 0.1468 0.3362 0.2068 0.3101 
        H747  2 0.4198 0.1501 0.2578 0.1723 
        H748  2 0.2407 0.2018 0.3146 0.2429 
       H7484  2 0.4831 0.1643 0.1794 0.1732 
       H7485  2 0.2126 0.1915 0.2855 0.3105 
        H749  2 0.1559 0.2985 0.2353 0.3103 
        H930  2 0.1360 0.1510 0.4588 0.2541 
        H931  2 0.1983 0.3256 0.2515 0.2246 
        H932  2 0.2509 0.2285 0.2937 0.2269 
        H111  3 0.1513 0.1617 0.3245 0.3625 
        H951  3 0.1430 0.2304 0.3613 0.2653 
        H952  3 0.2205 0.2056 0.2620 0.3118 
        H953  3 0.1422 0.4125 0.2644 0.1809 
        H954  3 0.4471 0.1480 0.2307 0.1741 
        H955  3 0.1330 0.1773 0.3809 0.3088 
        H956  3 0.2528 0.2300 0.3249 0.1924 
       H9563  3 0.2599 0.2650 0.3095 0.1656 
        H002  4 0.3805 0.1820 0.1333 0.3042 
        H003  4 0.1361 0.4268 0.1656 0.2715 
        H009  4 0.1928 0.1757 0.2605 0.3711 
        H010  4 0.1977 0.3438 0.2450 0.2135 
        H011  4 0.4226 0.2729 0.1372 0.1674 
        H012  4 0.1471 0.3469 0.2782 0.2278 
        H013  4 0.2538 0.3825 0.1733 0.1903 
        H014  4 0.2266 0.2512 0.2392 0.2831 
        H045  4 0.2799 0.3390 0.2172 0.1639 
        H046  4 0.1352 0.3603 0.1670 0.3375 
        H051  4 0.2936 0.3218 0.2017 0.1829 
        H052  4 0.3572 0.1694 0.1792 0.2942 
        H053  4 0.2841 0.2296 0.2506 0.2357 
        H056  4 0.3925 0.1697 0.2078 0.2300 
        H076  4 0.1353 0.2925 0.2476 0.3246 
        H151  4 0.5279 0.1424 0.1389 0.1907 
        H152  4 0.3589 0.1944 0.1375 0.3093 
     H171803  4 0.3948 0.2132 0.2005 0.1914 
     H171804  4 0.3254 0.2274 0.2569 0.1903 
     H171833  4 0.1597 0.1871 0.2334 0.4198 
     H171855  4 0.4674 0.1410 0.1683 0.2233 
     H171856  4 0.2806 0.1792 0.3160 0.2242 
     H171857  4 0.3882 0.1763 0.2144 0.2211 
     H171858  4 0.2275 0.2648 0.2094 0.2983 
     H171859  4 0.2732 0.2713 0.2193 0.2362 
     H171961  4 0.3190 0.2886 0.1910 0.2014 
        H198  4 0.1141 0.3405 0.2490 0.2964 
      H20001  4 0.1736 0.1370 0.2549 0.4345 
        H403  4 0.3099 0.1883 0.2430 0.2588 
        H404  4 0.1374 0.4061 0.2140 0.2426 
        H405  4 0.1404 0.2984 0.2632 0.2979 
        H406  4 0.2101 0.1072 0.3759 0.3068 
        H407  4 0.2789 0.2506 0.2888 0.1817 
        H410  4 0.1287 0.2584 0.4190 0.1939 
        H411  4 0.1564 0.1629 0.3219 0.3588 
        H468  4 0.2574 0.1125 0.3212 0.3089 
        H476  4 0.2962 0.1349 0.3225 0.2464 
        H477  4 0.1534 0.1747 0.2499 0.4220 
        H478  4 0.1695 0.3223 0.2355 0.2727 
        H479  4 0.3183 0.2855 0.1726 0.2236 
        H480  4 0.1441 0.1577 0.3393 0.3589 
        H498  4 0.2074 0.2803 0.2100 0.3023 
        H499  4 0.2300 0.2941 0.2044 0.2716 
        H500  4 0.4477 0.1939 0.2074 0.1510 
        H515  4 0.3047 0.2236 0.2517 0.2200 
        H516  4 0.2600 0.1628 0.3061 0.2710 
        H517  4 0.2264 0.2173 0.3365 0.2199 
        H518  4 0.3667 0.1431 0.2153 0.2749 
        H520  4 0.4125 0.1610 0.2111 0.2154 
        H521  4 0.2030 0.3128 0.2371 0.2470 
        H522  4 0.3127 0.2016 0.2539 0.2319 
        H523  4 0.2618 0.1968 0.3270 0.2144 
        H536  4 0.1904 0.3437 0.1661 0.2998 
        H645  4 0.2423 0.4840 0.1347 0.1389 
        H646  4 0.1355 0.1619 0.3978 0.3049 
        H647  4 0.2301 0.1880 0.2744 0.3075 
        H657  4 0.1629 0.2380 0.3408 0.2582 
        H658  4 0.2571 0.2022 0.3257 0.2150 
        H659  4 0.5865 0.1342 0.1332 0.1460 
        H660  4 0.2854 0.1914 0.2558 0.2673 
        H661  4 0.4029 0.1894 0.1622 0.2455 
        H668  4 0.1446 0.4220 0.2200 0.2134 
        H669  4 0.2508 0.2718 0.2574 0.2199 
        H670  4 0.2301 0.4866 0.1336 0.1497 
        H678  4 0.2201 0.1998 0.3597 0.2204 
        H679  4 0.1457 0.1869 0.4356 0.2318 
        H680  4 0.2373 0.2035 0.2492 0.3100 
        H681  4 0.2690 0.3445 0.1973 0.1892 
        H682  4 0.1779 0.2293 0.4053 0.1875 
        H683  4 0.3775 0.1158 0.2494 0.2572 
        H718  4 0.4692 0.1729 0.1638 0.1942 
        H719  4 0.2667 0.3246 0.2205 0.1882 
        H720  4 0.3188 0.1879 0.1647 0.3286 
        H721  4 0.3037 0.1733 0.1827 0.3402 
        H722  4 0.3336 0.1356 0.1711 0.3598 
        H723  4 0.3573 0.2610 0.2210 0.1607 
        H724  4 0.5378 0.1485 0.1711 0.1425 
        H725  4 0.5135 0.1441 0.1575 0.1850 
        H726  4 0.3758 0.2021 0.2074 0.2146 
        H727  4 0.3159 0.3181 0.1888 0.1773 
        H910  4 0.2944 0.2708 0.2563 0.1785 
        H911  4 0.1858 0.1909 0.3692 0.2540 
        H912  4 0.2894 0.1572 0.2841 0.2693 
        H913  4 0.3227 0.1981 0.2645 0.2148 
        H914  4 0.3548 0.3245 0.1783 0.1424 
        H915  4 0.2567 0.1838 0.3428 0.2167 
        H916  4 0.2120 0.1416 0.3509 0.2956 
       H9572  4 0.3197 0.1931 0.2465 0.2408 
        H015  5 0.1509 0.1819 0.3371 0.3302 
        H016  5 0.1601 0.2008 0.2254 0.4138 
        H017  5 0.2487 0.1607 0.2647 0.3258 
        H019  5 0.1973 0.2377 0.2356 0.3294 
        H020  5 0.2576 0.2774 0.1987 0.2663 
        H032  5 0.2834 0.1829 0.2862 0.2475 
        H033  5 0.1613 0.3405 0.2843 0.2138 
        H034  5 0.3410 0.3108 0.1792 0.1691 
        H035  5 0.2376 0.2155 0.2926 0.2542 
        H036  5 0.1815 0.1999 0.3710 0.2476 
        H037  5 0.3294 0.2530 0.1977 0.2199 
        H048  5 0.4141 0.2464 0.1718 0.1677 
        H049  5 0.2207 0.1796 0.2456 0.3541 
        H054  5 0.2349 0.2595 0.2239 0.2817 
        H055  5 0.2924 0.3429 0.1459 0.2187 
        H057  5 0.2361 0.1700 0.1526 0.4413 
        H060  5 0.2916 0.2840 0.1439 0.2804 
        H061  5 0.1947 0.3240 0.2304 0.2509 
        H064  5 0.3202 0.2784 0.1743 0.2271 
        H070  5 0.2640 0.3242 0.2233 0.1885 
        H077  5 0.4298 0.1664 0.1918 0.2120 
        H078  5 0.3753 0.1380 0.2584 0.2283 
        H079  5 0.1352 0.3375 0.2852 0.2421 
        H097  5 0.2906 0.1224 0.2363 0.3507 
        H107  5 0.5193 0.2318 0.1145 0.1344 
        H122  5 0.2286 0.1945 0.2502 0.3267 
        H123  5 0.1498 0.2092 0.3770 0.2639 
        H124  5 0.1573 0.2766 0.3100 0.2561 
        H131  5 0.1623 0.2576 0.3566 0.2235 
        H132  5 0.2728 0.2813 0.2497 0.1962 
        H141  5 0.3239 0.2576 0.2070 0.2115 
        H142  5 0.1396 0.2922 0.2814 0.2868 
        H157  5 0.3936 0.2380 0.1760 0.1924 
        H158  5 0.1427 0.1578 0.2939 0.4057 
        H159  5 0.1549 0.2194 0.2992 0.3264 
        H160  5 0.2669 0.1859 0.2694 0.2778 
        H163  5 0.1713 0.2414 0.3360 0.2513 
        H164  5 0.1826 0.2993 0.2682 0.2499 
        H165  5 0.1385 0.3958 0.2525 0.2131 
        H166  5 0.1641 0.2615 0.2515 0.3229 
        H169  5 0.2049 0.3325 0.2147 0.2478 
     H169613  5 0.2294 0.2559 0.2277 0.2870 
     H169653  5 0.1652 0.3040 0.2444 0.2864 
     H169728  5 0.1910 0.1872 0.3442 0.2775 
     H169742  5 0.2345 0.4393 0.1359 0.1902 
        H170  5 0.2076 0.1782 0.1931 0.4211 
        H171  5 0.1715 0.1837 0.2243 0.4204 
     H171851  5 0.2176 0.2584 0.2125 0.3115 
     H171852  5 0.3756 0.1791 0.1853 0.2600 
     H171853  5 0.2983 0.2451 0.2701 0.1866 
     H171854  5 0.2286 0.1917 0.3236 0.2562 
     H171938  5 0.1957 0.4163 0.2090 0.1790 
     H171939  5 0.1696 0.2427 0.2336 0.3542 
     H171941  5 0.3788 0.3097 0.1343 0.1773 
     H171965  5 0.1505 0.3244 0.1840 0.3412 
     H171970  5 0.4819 0.2106 0.1464 0.1611 
     H171973  5 0.1613 0.3982 0.2278 0.2127 
     H171974  5 0.2341 0.3649 0.2155 0.1855 
     H171975  5 0.2660 0.3257 0.1939 0.2144 
     H171976  5 0.2560 0.1513 0.1976 0.3950 
        H175  5 0.3496 0.2720 0.1947 0.1837 
        H178  5 0.2439 0.3280 0.1675 0.2607 
        H189  5 0.1341 0.2539 0.3338 0.2782 
        H399  5 0.2385 0.1221 0.2196 0.4198 
        H416  5 0.2570 0.3099 0.2235 0.2096 
        H438  5 0.2112 0.3195 0.2817 0.1877 
        H450  5 0.3657 0.2684 0.1452 0.2207 
        H455  5 0.4159 0.3052 0.1296 0.1493 
        H456  5 0.2353 0.3656 0.1991 0.2000 
        H457  5 0.3772 0.1759 0.1643 0.2826 
        H458  5 0.3038 0.2899 0.2066 0.1997 
        H459  5 0.1380 0.2457 0.3207 0.2955 
        H460  5 0.2686 0.2109 0.2766 0.2439 
        H461  5 0.2101 0.1535 0.2550 0.3813 
        H462  5 0.1640 0.2572 0.3578 0.2210 
        H469  5 0.1465 0.2359 0.3883 0.2292 
        H470  5 0.2909 0.2095 0.2792 0.2204 
        H471  5 0.1374 0.1312 0.3262 0.4052 
        H481  5 0.5025 0.1864 0.1585 0.1526 
        H482  5 0.3409 0.2138 0.2083 0.2369 
        H501  5 0.2623 0.2719 0.2464 0.2194 
        H502  5 0.1350 0.2262 0.2693 0.3696 
        H503  5 0.1910 0.2213 0.3072 0.2805 
        H509  5 0.3686 0.2053 0.2436 0.1824 
        H510  5 0.2011 0.3283 0.2010 0.2697 
        H511  5 0.1627 0.3004 0.2480 0.2888 
        H530  5 0.2908 0.3208 0.2099 0.1785 
        H531  5 0.4275 0.1467 0.2136 0.2123 
        H564  5 0.3062 0.2668 0.1532 0.2738 
        H565  5 0.4384 0.1922 0.1506 0.2188 
        H567  5 0.1253 0.2171 0.4015 0.2561 
     H568???  5 0.1619 0.2102 0.2599 0.3680 
        H608  5 0.3773 0.2552 0.1638 0.2038 
        H609  5 0.1726 0.4683 0.1807 0.1784 
        H612  5 0.4406 0.2764 0.1510 0.1320 
        H614  5 0.4662 0.1597 0.1601 0.2140 
        H615  5 0.3804 0.1596 0.1989 0.2611 
        H616  5 0.4854 0.2553 0.1319 0.1274 
        H617  5 0.1454 0.2715 0.3243 0.2588 
        H618  5 0.3938 0.2625 0.1789 0.1648 
        H619  5 0.1560 0.5206 0.1284 0.1951 
        H635  5 0.2004 0.3025 0.2529 0.2442 
        H636  5 0.1432 0.4881 0.1958 0.1729 
        H637  5 0.2643 0.3100 0.1709 0.2548 
        H644  5 0.0999 0.1429 0.2881 0.4691 
        H711  5 0.2105 0.1761 0.1945 0.4189 
        H712  5 0.2809 0.3991 0.1521 0.1680 
       H7360  5 0.2717 0.2099 0.1974 0.3210 
       H7361  5 0.3421 0.2461 0.1801 0.2318 
       H7362  5 0.1092 0.1782 0.2884 0.4242 
       H7363  5 0.2941 0.2122 0.2443 0.2495 
       H7394  5 0.1414 0.2354 0.3626 0.2606 
       H7395  5 0.2108 0.3926 0.1705 0.2261 
       H7396  5 0.2191 0.2627 0.2833 0.2349 
        H742  5 0.2231 0.4462 0.1432 0.1876 
        H743  5 0.2802 0.2770 0.2073 0.2355 
        H744  5 0.4381 0.2132 0.2019 0.1468 
        H957  5 0.2533 0.1974 0.2189 0.3304 
        H958  5 0.1985 0.1973 0.3687 0.2354 
        H959  5 0.3745 0.3042 0.1556 0.1657 
        H960  5 0.2186 0.2853 0.2944 0.2017 
      H_PALI  6 0.2100 0.2160 0.2848 0.2892 
        H581  6 0.3388 0.1805 0.2640 0.2167 
        H582  6 0.5002 0.1569 0.1421 0.2008 
        H583  6 0.2993 0.2193 0.2476 0.2338 
        H595  6 0.1176 0.1612 0.4989 0.2223 
        H596  6 0.1293 0.1871 0.4279 0.2558 
        H597  6 0.1365 0.2395 0.2703 0.3537 
        H598  6 0.2528 0.2764 0.2748 0.1960 
        H599  6 0.3232 0.2885 0.1850 0.2033 
        H642  6 0.1906 0.1346 0.3654 0.3094 
        H643  6 0.2200 0.2776 0.3066 0.1958 
        H664  6 0.4503 0.1090 0.2087 0.2320 
        H665  6 0.1873 0.4292 0.2014 0.1821 
        H674  6 0.1197 0.1672 0.3116 0.4015 
        H675  6 0.3072 0.2133 0.2181 0.2615 
        H676  6 0.1653 0.1718 0.3694 0.2935 
        H686  6 0.2132 0.2487 0.2352 0.3028 
        H687  6 0.2386 0.1814 0.2929 0.2871 
        H917  6 0.1220 0.2799 0.3762 0.2219 
        H918  6 0.1647 0.4562 0.1591 0.2200 
        H919  6 0.3908 0.2782 0.1763 0.1547 
        H920  6 0.3436 0.1907 0.2272 0.2385 
        H631  7 0.3211 0.2792 0.1602 0.2394 
        H684  7 0.1356 0.2562 0.2124 0.3958 
        H685  7 0.4309 0.1129 0.3038 0.1524 
        H713  7 0.4859 0.1717 0.1721 0.1703 
        H715  7 0.1703 0.2415 0.2343 0.3539 
        H716  7 0.2549 0.3815 0.1293 0.2344 
        H717  7 0.2858 0.2498 0.2104 0.2540 
        H729  7 0.1178 0.3223 0.3564 0.2036 
        H730  7 0.2113 0.3809 0.2482 0.1595 
        H431  8 0.3327 0.2277 0.2664 0.1731 
        H432  8 0.1258 0.2186 0.2595 0.3961 
        H433  8 0.1739 0.2771 0.3366 0.2124 
        H434  8 0.1849 0.2335 0.3192 0.2624 
        H444  8 0.1670 0.3957 0.2181 0.2193 
        H454  8 0.4128 0.2584 0.1662 0.1625 
        H475  8 0.4676 0.1653 0.1771 0.1900 
        H491  8 0.2986 0.2926 0.1621 0.2467 
        H492  8 0.3740 0.1784 0.2472 0.2004 
        H493  8 0.2123 0.2243 0.2630 0.3004 
        H494  8 0.2700 0.2435 0.2718 0.2146 
        H495  8 0.4408 0.1365 0.1427 0.2801 
        H662  8 0.2252 0.1908 0.2401 0.3439 
        H663  8 0.2430 0.2594 0.2611 0.2365 
        H695  8 0.2737 0.2566 0.2658 0.2040 
       H7367  8 0.1298 0.1978 0.4630 0.2094 
       H7368  8 0.1697 0.2812 0.2367 0.3125 
       H7369  8 0.2053 0.4002 0.2087 0.1858 
       H7370  8 0.1130 0.1292 0.5663 0.1914 
       H7371  8 0.1889 0.2890 0.3270 0.1950 
        H600  9 0.3719 0.2314 0.1827 0.2140 
        H648  9 0.2409 0.2193 0.2449 0.2949 
        H696  9 0.1223 0.1352 0.3818 0.3607 
        H697  9 0.1936 0.2987 0.2852 0.2225 
        H698  9 0.1745 0.2290 0.3653 0.2313 
        H699  9 0.2135 0.2305 0.3061 0.2498 
        H700  9 0.3183 0.3156 0.1640 0.2022 
        H732  9 0.4389 0.1469 0.1776 0.2366 
        H733  9 0.1468 0.2119 0.4477 0.1937 
        H734  9 0.1426 0.1877 0.3383 0.3314 
        H735  9 0.1842 0.1672 0.4240 0.2246 
        H736  9 0.2779 0.2477 0.2189 0.2555 
        H737  9 0.2690 0.3157 0.2169 0.1984 
        H905  9 0.2958 0.3452 0.1802 0.1788 
        H921  9 0.2698 0.3248 0.2268 0.1785 
        H922  9 0.1213 0.2428 0.4051 0.2307 
     H169705 10 0.1780 0.1741 0.4642 0.1837 
     H171942 10 0.1247 0.2297 0.2484 0.3971 
     H171943 10 0.2027 0.2291 0.2631 0.3050 
     H171944 10 0.2209 0.2382 0.3245 0.2164 
     H171946 10 0.3878 0.1329 0.2192 0.2601 
     H171947 10 0.1970 0.2455 0.2839 0.2735 
     H229641 10 0.2795 0.1594 0.3188 0.2423 
      H30001 10 0.2445 0.2635 0.2725 0.2195 
      H30002 10 0.2104 0.3481 0.2173 0.2242 
      H30005 10 0.1849 0.2159 0.3906 0.2087 
      H30006 10 0.1604 0.1698 0.3624 0.3074 
      H30007 10 0.1227 0.2070 0.2061 0.4643 
        H451 10 0.1509 0.2828 0.3120 0.2542 
        H452 10 0.2054 0.1794 0.4105 0.2046 
        H453 10 0.4427 0.1821 0.1373 0.2379 
        H473 10 0.2921 0.2866 0.1631 0.2581 
        H474 10 0.5289 0.1073 0.1893 0.1745 
        H486 10 0.3170 0.2236 0.2646 0.1948 
        H487 10 0.3264 0.2053 0.2618 0.2065 
        H488 10 0.2369 0.3915 0.1918 0.1798 
        H489 10 0.4310 0.1535 0.2554 0.1601 
        H550 10 0.1767 0.1814 0.2886 0.3533 
        H551 10 0.2456 0.2490 0.3455 0.1598 
        H553 10 0.4035 0.1516 0.2503 0.1946 
        H554 10 0.1780 0.2522 0.2615 0.3083 
        H556 10 0.2664 0.1729 0.2439 0.3168 
        H580 10 0.1693 0.2946 0.2892 0.2468 
        H591 10 0.5104 0.1844 0.1620 0.1432 
        H592 10 0.3146 0.1799 0.2983 0.2073 
        H593 10 0.2094 0.2536 0.2350 0.3020 
        H594 10 0.1149 0.2320 0.3399 0.3132 
        H627 10 0.2648 0.1549 0.2971 0.2832 
        H628 10 0.1020 0.4758 0.2049 0.2173 
        H629 10 0.2823 0.1600 0.2572 0.3005 
        H630 10 0.2674 0.1451 0.3557 0.2317 
        H638 10 0.1813 0.1669 0.4499 0.2018 
        H639 10 0.4283 0.1408 0.2075 0.2234 
        H640 10 0.1789 0.1830 0.3530 0.2852 
        H704 10 0.1579 0.2255 0.2410 0.3757 
        H705 10 0.1795 0.1767 0.4728 0.1710 
        H706 10 0.3051 0.3473 0.2001 0.1475 
        H708 10 0.4653 0.1790 0.1850 0.1707 
       H7351 10 0.2194 0.2349 0.2335 0.3122 
       H7352 10 0.2665 0.2544 0.2436 0.2355 
       H7353 10 0.1463 0.1762 0.2305 0.4470 
       H7354 10 0.2914 0.3666 0.1378 0.2043 
       H7365 10 0.4728 0.1909 0.1777 0.1586 
       H7383 10 0.2792 0.3382 0.2043 0.1784 
       H7384 10 0.2677 0.3079 0.2285 0.1959 
       H7385 10 0.3428 0.2425 0.2308 0.1838 
       H7386 10 0.1948 0.3254 0.2681 0.2116 
       H7387 10 0.1852 0.2950 0.2471 0.2727 
       H7388 10 0.2108 0.2710 0.3329 0.1854 
        H906 10 0.3020 0.2474 0.1364 0.3142 
        H907 10 0.1463 0.1760 0.4015 0.2762 
        H908 10 0.2269 0.2570 0.2983 0.2178 
        H909 10 0.2142 0.4381 0.1432 0.2045 
       H9552 10 0.2192 0.2750 0.2440 0.2619 
       H9553 10 0.3134 0.1927 0.2924 0.2014 
       H9555 10 0.1692 0.2622 0.3549 0.2137 
       H9575 10 0.3914 0.1900 0.1803 0.2383 
       H9703 10 0.4755 0.1762 0.1747 0.1736 
       H9707 10 0.3937 0.1645 0.2512 0.1906 
       HSAA4 10 0.1734 0.2986 0.2866 0.2414 
        H001 11 0.2562 0.3753 0.1522 0.2163 
        H004 11 0.2168 0.2711 0.2573 0.2548 
        H005 11 0.4235 0.2847 0.1388 0.1531 
        H006 11 0.2280 0.2893 0.2613 0.2214 
        H007 11 0.3258 0.3644 0.1451 0.1646 
        H031 11 0.5049 0.1708 0.1893 0.1351 
        H074 11 0.4451 0.1441 0.2363 0.1744 
        H075 11 0.3878 0.3060 0.1514 0.1548 
        H080 11 0.3666 0.2390 0.2161 0.1783 
        H086 11 0.2269 0.2348 0.3302 0.2081 
        H092 11 0.3016 0.2141 0.2757 0.2086 
        H093 11 0.1272 0.2287 0.2358 0.4083 
        H094 11 0.1981 0.1460 0.4053 0.2506 
        H095 11 0.3563 0.2701 0.1664 0.2072 
        H096 11 0.2803 0.3772 0.1592 0.1834 
        H099 11 0.3021 0.2231 0.2532 0.2217 
        H100 11 0.1259 0.3783 0.2023 0.2936 
        H127 11 0.3021 0.2384 0.2759 0.1836 
        H136 11 0.4684 0.1584 0.1825 0.1906 
        H153 11 0.2077 0.2021 0.2862 0.3039 
        H154 11 0.4590 0.1601 0.2006 0.1803 
        H155 11 0.1196 0.4311 0.2444 0.2050 
        H156 11 0.0994 0.3879 0.2953 0.2175 
        H161 11 0.2068 0.2353 0.2382 0.3197 
        H162 11 0.1459 0.1862 0.3963 0.2716 
        H167 11 0.1587 0.3617 0.2284 0.2512 
        H168 11 0.1901 0.3114 0.2516 0.2469 
     H169586 11 0.3432 0.1241 0.1482 0.3845 
     H169738 11 0.1448 0.3490 0.3231 0.1830 
     H169741 11 0.3994 0.1578 0.2366 0.2062 
     H171801 11 0.1603 0.1911 0.2637 0.3848 
     H171810 11 0.3730 0.1746 0.2192 0.2333 
     H171811 11 0.4369 0.1696 0.1758 0.2177 
     H171812 11 0.2142 0.4665 0.1380 0.1813 
     H171820 11 0.4194 0.1888 0.1989 0.1929 
     H171821 11 0.1683 0.2928 0.3000 0.2389 
     H171822 11 0.2087 0.2364 0.3224 0.2325 
     H171823 11 0.4232 0.1327 0.1411 0.3030 
     H171866 11 0.1683 0.2544 0.2848 0.2925 
     H171867 11 0.1506 0.3206 0.3230 0.2058 
     H171967 11 0.3665 0.2795 0.1909 0.1632 
     H171969 11 0.2220 0.2931 0.2287 0.2563 
        H172 11 0.2150 0.3095 0.2442 0.2312 
        H173 11 0.1926 0.3394 0.2956 0.1723 
        H174 11 0.1260 0.1594 0.4095 0.3050 
        H196 11 0.1435 0.2784 0.3848 0.1933 
        H197 11 0.1594 0.2927 0.3259 0.2220 
        H346 11 0.2329 0.3967 0.1718 0.1986 
        H355 11 0.3115 0.3087 0.1670 0.2128 
        H356 11 0.2730 0.2655 0.2349 0.2265 
        H357 11 0.3480 0.2309 0.2429 0.1782 
        H358 11 0.1895 0.4396 0.1933 0.1776 
        H359 11 0.2662 0.2152 0.2754 0.2432 
        H360 11 0.2171 0.2898 0.2765 0.2167 
        H361 11 0.1797 0.3699 0.2144 0.2360 
        H362 11 0.1137 0.1960 0.4700 0.2203 
        H363 11 0.3965 0.2388 0.1930 0.1717 
        H364 11 0.2343 0.3055 0.1715 0.2887 
        H365 11 0.1835 0.3396 0.2342 0.2427 
        H366 11 0.1824 0.3589 0.2489 0.2097 
        H367 11 0.4534 0.1554 0.2232 0.1680 
        H368 11 0.1804 0.1560 0.2981 0.3655 
        H369 11 0.4498 0.2346 0.1763 0.1393 
        H370 11 0.1777 0.2588 0.3009 0.2626 
        H371 11 0.2202 0.1820 0.3954 0.2024 
        H372 11 0.1992 0.3245 0.2518 0.2245 
        H373 11 0.2151 0.3104 0.2402 0.2343 
        H374 11 0.2795 0.3548 0.1634 0.2023 
        H375 11 0.2755 0.3019 0.2060 0.2166 
        H376 11 0.1628 0.2861 0.2277 0.3234 
        H377 11 0.2758 0.2382 0.2591 0.2269 
        H378 11 0.2893 0.2290 0.2200 0.2616 
        H379 11 0.2208 0.1961 0.3228 0.2604 
        H380 11 0.1388 0.4092 0.2267 0.2253 
        H381 11 0.4274 0.1442 0.1822 0.2462 
        H382 11 0.1054 0.2558 0.3602 0.2787 
        H383 11 0.1277 0.3738 0.1835 0.3150 
        H384 11 0.3294 0.2448 0.1929 0.2330 
        H385 11 0.2952 0.1773 0.3122 0.2153 
        H386 11 0.1519 0.4944 0.1834 0.1704 
        H387 11 0.2262 0.2005 0.1447 0.4286 
        H388 11 0.1228 0.3671 0.2661 0.2440 
        H389 11 0.2332 0.3456 0.2306 0.1906 
        H390 11 0.2117 0.2579 0.2986 0.2318 
        H391 11 0.1801 0.2016 0.3064 0.3119 
        H392 11 0.3455 0.3429 0.1325 0.1791 
        H393 11 0.1328 0.3047 0.1892 0.3733 
        H394 11 0.1558 0.1481 0.2333 0.4628 
        H395 11 0.3861 0.2602 0.1916 0.1621 
        H408 11 0.2315 0.4420 0.1531 0.1734 
        H412 11 0.5441 0.0784 0.1734 0.2042 
        H417 11 0.3096 0.2418 0.2262 0.2224 
        H418 11 0.2732 0.1698 0.2775 0.2796 
        H429 11 0.1756 0.3801 0.1740 0.2703 
        H430 11 0.1476 0.3132 0.3004 0.2388 
        H439 11 0.2423 0.2585 0.2939 0.2053 
        H440 11 0.4455 0.2303 0.1341 0.1901 
        H441 11 0.1701 0.2263 0.3829 0.2208 
        H442 11 0.1756 0.3404 0.2337 0.2503 
        H446 11 0.2205 0.2247 0.2398 0.3150 
        H447 11 0.1442 0.3754 0.2613 0.2191 
        H448 11 0.1994 0.3186 0.2878 0.1942 
        H534 11 0.4725 0.1745 0.1499 0.2031 
        H537 11 0.4313 0.1800 0.1563 0.2324 
        H568 11 0.5381 0.1261 0.1889 0.1469 
        H569 11 0.1024 0.2350 0.4483 0.2143 
        H586 11 0.3482 0.1152 0.1356 0.4010 
        H587 11 0.5078 0.1896 0.1532 0.1494 
        H588 11 0.1338 0.2164 0.1939 0.4560 
        H589 11 0.4514 0.2404 0.1287 0.1794 
        H590 11 0.3639 0.2446 0.1646 0.2269 
        H601 11 0.1274 0.2319 0.3412 0.2996 
        H602 11 0.2999 0.2330 0.2782 0.1889 
        H603 11 0.1400 0.3629 0.2884 0.2087 
        H610 11 0.2904 0.2000 0.3054 0.2042 
        H611 11 0.3713 0.1452 0.3070 0.1765 
        H649 11 0.2260 0.2662 0.2386 0.2692 
        H650 11 0.1659 0.1461 0.4111 0.2769 
        H651 11 0.1814 0.3897 0.2510 0.1779 
        H652 11 0.2416 0.2021 0.2445 0.3118 
       H7364 11 0.1744 0.3017 0.2635 0.2604 
       H7366 11 0.2392 0.3417 0.2225 0.1966 
       H7378 11 0.0875 0.1169 0.3485 0.4471 
       H7379 11 0.2337 0.2331 0.2955 0.2376 
        H739 11 0.4178 0.1635 0.2310 0.1877 
        H740 11 0.1901 0.1796 0.3598 0.2705 
        H741 11 0.3994 0.1656 0.2414 0.1936 
        H926 11 0.1779 0.1923 0.3514 0.2785 
        H927 11 0.1662 0.2295 0.3888 0.2155 
        H928 11 0.2394 0.1358 0.4178 0.2070 
       H9560 11 0.2157 0.1806 0.2966 0.3071 
        H409 12 0.1459 0.3379 0.2822 0.2340 
        H413 12 0.1531 0.1420 0.2829 0.4220 
        H419 12 0.1825 0.3512 0.2525 0.2138 
        H420 12 0.2980 0.2794 0.1977 0.2249 
        H421 12 0.1193 0.3004 0.2729 0.3073 
        H435 12 0.1501 0.2977 0.2366 0.3157 
        H436 12 0.2374 0.3896 0.1952 0.1778 
        H437 12 0.3933 0.1862 0.1699 0.2506 
        H445 12 0.1420 0.4460 0.2007 0.2113 
        H449 12 0.1975 0.2017 0.2674 0.3334 
        H463 12 0.3328 0.2310 0.2128 0.2234 
        H464 12 0.1483 0.2101 0.2559 0.3857 
        H465 12 0.2408 0.1305 0.2686 0.3601 
        H490 12 0.1393 0.1894 0.2761 0.3951 
        H561 12 0.2258 0.2036 0.3362 0.2344 
        H562 12 0.1868 0.4669 0.1669 0.1794 
        H563 12 0.2496 0.2713 0.3091 0.1700 
        H570 12 0.3277 0.3002 0.2029 0.1692 
        H571 12 0.2591 0.1556 0.2765 0.3088 
        H572 12 0.3161 0.2135 0.2502 0.2202 
        H573 12 0.1407 0.3665 0.2820 0.2108 
       H7372 12 0.1017 0.4239 0.2676 0.2069 
       H7373 12 0.1434 0.1831 0.2316 0.4419 
       H7374 12 0.3132 0.3365 0.1423 0.2081 
       H7375 12 0.3384 0.2850 0.1946 0.1820 
       H7376 12 0.1139 0.5278 0.1863 0.1721 
       H7377 12 0.3558 0.1667 0.2927 0.1848 
