        H102  1 0.3857 0.3630 0.2514 
        H103  1 0.3019 0.2066 0.4915 
        H104  1 0.3349 0.4477 0.2173 
        H105  1 0.4338 0.2959 0.2703 
        H106  1 0.2932 0.3593 0.3474 
        H112  1 0.3387 0.4287 0.2326 
        H113  1 0.4455 0.2893 0.2652 
        H114  1 0.4889 0.2248 0.2863 
        H115  1 0.4370 0.3655 0.1975 
        H143  1 0.4355 0.2848 0.2797 
        H144  1 0.3807 0.1812 0.4382 
        H145  1 0.3703 0.2014 0.4283 
        H149  1 0.2995 0.4499 0.2507 
        H150  1 0.3324 0.3105 0.3571 
     H167542  1 0.5050 0.2564 0.2386 
     H169604  1 0.4583 0.2667 0.2749 
     H169607  1 0.4226 0.2136 0.3638 
     H169608  1 0.2820 0.4661 0.2519 
     H169633  1 0.4842 0.2132 0.3026 
     H169688  1 0.2503 0.2874 0.4623 
     H169714  1 0.3152 0.3945 0.2903 
     H171802  1 0.2718 0.4388 0.2894 
     H171805  1 0.3489 0.2584 0.3927 
     H171807  1 0.2968 0.3917 0.3115 
     H171814  1 0.3253 0.2097 0.4649 
     H171816  1 0.3096 0.4015 0.2889 
     H171817  1 0.3476 0.3849 0.2674 
     H171818  1 0.3463 0.2933 0.3603 
     H171819  1 0.3560 0.3433 0.3007 
     H171834  1 0.3556 0.3173 0.3270 
     H171835  1 0.2445 0.5110 0.2445 
     H171836  1 0.4145 0.1621 0.4234 
     H171837  1 0.3905 0.3755 0.2340 
     H171838  1 0.3081 0.2507 0.4412 
     H171839  1 0.3925 0.3662 0.2413 
     H171841  1 0.1932 0.5445 0.2623 
     H171860  1 0.4136 0.3172 0.2692 
     H171861  1 0.4778 0.1718 0.3504 
     H171862  1 0.3723 0.2999 0.3278 
     H171868  1 0.4962 0.2683 0.2355 
     H171869  1 0.2878 0.2541 0.4581 
     H171870  1 0.2715 0.3545 0.3741 
     H171871  1 0.3154 0.2546 0.4300 
     H171872  1 0.3987 0.3526 0.2487 
     H171873  1 0.2484 0.3677 0.3839 
     H171874  1 0.3802 0.2692 0.3507 
     H171875  1 0.4550 0.1831 0.3618 
     H171876  1 0.4388 0.2566 0.3047 
     H171877  1 0.4665 0.2927 0.2407 
     H171878  1 0.2257 0.4045 0.3698 
     H171901  1 0.2837 0.4329 0.2834 
     H171902  1 0.3164 0.3133 0.3703 
     H171903  1 0.3817 0.3210 0.2972 
     H171935  1 0.2232 0.4316 0.3452 
     H171936  1 0.4442 0.2521 0.3038 
     H171940  1 0.3148 0.3852 0.2999 
     H171945  1 0.3082 0.3109 0.3810 
     H171948  1 0.3310 0.4045 0.2645 
     H171949  1 0.2654 0.4835 0.2511 
     H171950  1 0.2515 0.5187 0.2298 
     H171963  1 0.2793 0.2525 0.4682 
     H171964  1 0.2583 0.2426 0.4991 
     H171966  1 0.2893 0.3492 0.3615 
     H171968  1 0.3336 0.3429 0.3235 
     H171971  1 0.2481 0.3457 0.4063 
     H171972  1 0.3130 0.2215 0.4655 
     H171977  1 0.3097 0.2266 0.4637 
     H171978  1 0.2665 0.4223 0.3112 
     H171979  1 0.3654 0.2113 0.4234 
        H176  1 0.4111 0.2870 0.3019 
        H177  1 0.2958 0.4918 0.2124 
        H179  1 0.3762 0.4095 0.2143 
        H181  1 0.3266 0.2595 0.4139 
        H182  1 0.4090 0.1835 0.4075 
        H183  1 0.2548 0.2540 0.4912 
        H184  1 0.3345 0.3869 0.2787 
        H185  1 0.3759 0.2284 0.3957 
        H186  1 0.2954 0.3496 0.3550 
        H187  1 0.3112 0.3319 0.3570 
        H188  1 0.3744 0.3935 0.2321 
        H192  1 0.2754 0.4558 0.2687 
        H193  1 0.3719 0.2159 0.4123 
        H194  1 0.3842 0.3394 0.2765 
        H195  1 0.2515 0.2574 0.4911 
        H199  1 0.2885 0.2554 0.4561 
        H200  1 0.3253 0.3864 0.2882 
        H414  1 0.3473 0.2832 0.3695 
        H415  1 0.4397 0.2469 0.3134 
        H422  1 0.3004 0.3502 0.3494 
        H423  1 0.2209 0.5678 0.2114 
        H424  1 0.3417 0.2146 0.4438 
        H425  1 0.2885 0.2234 0.4881 
        H426  1 0.2242 0.2629 0.5129 
        H443  1 0.3616 0.2265 0.4119 
        H466  1 0.3262 0.3646 0.3093 
        H467  1 0.2146 0.5288 0.2566 
        H472  1 0.3521 0.3295 0.3184 
        H483  1 0.4240 0.2350 0.3410 
        H504  1 0.2857 0.2147 0.4996 
        H505  1 0.2967 0.4197 0.2837 
        H506  1 0.3393 0.3182 0.3426 
        H507  1 0.4240 0.1758 0.4002 
        H508  1 0.2635 0.3855 0.3510 
        H524  1 0.4238 0.2180 0.3582 
        H525  1 0.3414 0.2676 0.3910 
        H526  1 0.4758 0.2512 0.2730 
        H527  1 0.3072 0.4192 0.2736 
        H528  1 0.3901 0.2125 0.3974 
        H529  1 0.3963 0.1957 0.4080 
        H533  1 0.4138 0.2027 0.3835 
        H538  1 0.3969 0.3336 0.2694 
        H539  1 0.2784 0.3035 0.4182 
        H540  1 0.3810 0.3125 0.3065 
        H541  1 0.4558 0.2787 0.2655 
        H558  1 0.2399 0.2638 0.4963 
        H559  1 0.3999 0.3047 0.2954 
        H579  1 0.3718 0.2437 0.3845 
        H584  1 0.3033 0.2499 0.4468 
        H585  1 0.3222 0.2802 0.3975 
        H605  1 0.3180 0.3717 0.3103 
        H606  1 0.3118 0.4687 0.2195 
        H632  1 0.3203 0.2344 0.4452 
        H634  1 0.3292 0.2867 0.3841 
        H671  1 0.2646 0.4896 0.2458 
        H672  1 0.3376 0.3142 0.3482 
        H673  1 0.3549 0.2633 0.3818 
        H689  1 0.4178 0.2397 0.3426 
        H690  1 0.3670 0.4074 0.2256 
        H691  1 0.4862 0.2723 0.2415 
        H692  1 0.3919 0.1437 0.4644 
        H709  1 0.3524 0.2994 0.3482 
        H710  1 0.3648 0.1819 0.4534 
       H7355  1 0.5385 0.1969 0.2646 
       H7356  1 0.3057 0.3095 0.3848 
       H7357  1 0.4148 0.3341 0.2512 
       H7358  1 0.4279 0.2461 0.3260 
       H7380  1 0.4276 0.2500 0.3224 
       H7381  1 0.2396 0.4357 0.3247 
       H7382  1 0.4022 0.2695 0.3283 
        H904  1 0.2706 0.5563 0.1731 
        H923  1 0.3073 0.3656 0.3271 
        H924  1 0.3447 0.3659 0.2894 
        H925  1 0.4651 0.2508 0.2842 
       H9558  1 0.2197 0.2486 0.5317 
        H008  2 0.4504 0.1992 0.3504 
        H021  2 0.3404 0.4039 0.2558 
        H023  2 0.3390 0.4173 0.2437 
        H024  2 0.2915 0.2062 0.5024 
        H025  2 0.2359 0.4188 0.3453 
        H026  2 0.2784 0.2095 0.5122 
        H027  2 0.4379 0.2763 0.2858 
        H028  2 0.3308 0.2655 0.4037 
        H029  2 0.3988 0.2323 0.3689 
        H030  2 0.2807 0.2139 0.5054 
        H038  2 0.2744 0.4351 0.2905 
        H039  2 0.1578 0.6775 0.1648 
        H040  2 0.2597 0.4416 0.2988 
        H041  2 0.4532 0.2683 0.2785 
        H042  2 0.3508 0.3442 0.3050 
        H043  2 0.1860 0.5263 0.2877 
        H044  2 0.2956 0.2407 0.4637 
        H047  2 0.2273 0.4112 0.3616 
        H050  2 0.3205 0.2527 0.4269 
        H058  2 0.2510 0.3947 0.3543 
        H062  2 0.3558 0.3938 0.2504 
        H063  2 0.2800 0.4719 0.2482 
        H065  2 0.2639 0.3157 0.4205 
        H066  2 0.2596 0.3160 0.4244 
        H067  2 0.4567 0.2510 0.2923 
        H068  2 0.2237 0.4974 0.2790 
        H069  2 0.2673 0.3085 0.4242 
        H071  2 0.3128 0.4240 0.2632 
        H072  2 0.2515 0.5292 0.2193 
        H073  2 0.3883 0.2492 0.3625 
        H081  2 0.4657 0.3140 0.2203 
        H082  2 0.3104 0.2025 0.4872 
        H083  2 0.2833 0.2274 0.4893 
        H084  2 0.3096 0.3532 0.3372 
        H085  2 0.4815 0.2690 0.2495 
        H087  2 0.4883 0.2757 0.2359 
        H088  2 0.3415 0.4212 0.2373 
        H089  2 0.4819 0.2494 0.2688 
        H090  2 0.3380 0.2341 0.4279 
        H091  2 0.4568 0.2028 0.3404 
        H098  2 0.3665 0.2637 0.3698 
      H10001  2 0.1764 0.6705 0.1531 
      H10002  2 0.3653 0.4092 0.2255 
        H101  2 0.2874 0.2566 0.4560 
        H108  2 0.3707 0.4227 0.2066 
        H109  2 0.2732 0.3826 0.3441 
        H110  2 0.5302 0.2184 0.2514 
        H116  2 0.3083 0.2440 0.4477 
        H117  2 0.4635 0.2317 0.3048 
        H118  2 0.3639 0.1787 0.4575 
        H119  2 0.3473 0.3772 0.2755 
        H120  2 0.2839 0.5291 0.1870 
        H121  2 0.4092 0.2207 0.3701 
        H125  2 0.1837 0.6565 0.1598 
        H126  2 0.2708 0.2799 0.4493 
        H128  2 0.2883 0.1219 0.5897 
        H129  2 0.2705 0.2046 0.5248 
        H130  2 0.1947 0.4754 0.3300 
        H133  2 0.2108 0.5423 0.2469 
        H134  2 0.2170 0.1882 0.5949 
        H135  2 0.4126 0.3272 0.2603 
        H137  2 0.3269 0.3197 0.3533 
        H138  2 0.2755 0.2252 0.4993 
        H140  2 0.3393 0.3057 0.3550 
        H146  2 0.3215 0.2425 0.4360 
        H147  2 0.4833 0.2440 0.2727 
        H148  2 0.5136 0.2523 0.2341 
     H166022  2 0.4471 0.2098 0.3431 
     H167359  2 0.3259 0.3191 0.3551 
     H167397  2 0.4105 0.1399 0.4496 
     H167428  2 0.4830 0.1569 0.3601 
     H167496  2 0.3183 0.4866 0.1952 
     H167513  2 0.2450 0.3589 0.3961 
     H167545  2 0.3090 0.2172 0.4738 
     H167547  2 0.2486 0.1924 0.5590 
     H169621  2 0.3676 0.2307 0.4017 
     H169622  2 0.4002 0.2321 0.3677 
     H169750  2 0.2225 0.4029 0.3745 
     H171806  2 0.3021 0.3657 0.3321 
     H171808  2 0.3744 0.2962 0.3294 
     H171809  2 0.4195 0.3232 0.2573 
     H171813  2 0.2722 0.3480 0.3797 
     H171815  2 0.2076 0.5312 0.2611 
     H171824  2 0.3935 0.4082 0.1983 
     H171825  2 0.3931 0.2651 0.3417 
     H171826  2 0.3785 0.3504 0.2712 
     H171827  2 0.3583 0.3621 0.2795 
     H171828  2 0.2682 0.5617 0.1701 
     H171829  2 0.2577 0.3285 0.4138 
     H171830  2 0.3301 0.3337 0.3361 
     H171831  2 0.3272 0.1948 0.4780 
     H171832  2 0.3198 0.2785 0.4017 
     H171863  2 0.2493 0.1752 0.5755 
     H171864  2 0.4019 0.3060 0.2921 
     H171865  2 0.2253 0.4849 0.2898 
     H171879  2 0.3065 0.3103 0.3832 
     H171880  2 0.3778 0.2482 0.3740 
     H171881  2 0.4020 0.2657 0.3323 
     H171882  2 0.2164 0.5873 0.1964 
     H171929  2 0.3844 0.2893 0.3263 
     H171930  2 0.3018 0.1966 0.5016 
     H171933  2 0.3749 0.2990 0.3260 
     H171934  2 0.4363 0.2808 0.2829 
     H171937  2 0.2624 0.2517 0.4859 
     H171962  2 0.3782 0.2698 0.3520 
        H190  2 0.3622 0.2579 0.3799 
        H191  2 0.3061 0.3248 0.3691 
        H396  2 0.4109 0.3276 0.2615 
        H397  2 0.3620 0.2884 0.3496 
        H398  2 0.2848 0.3675 0.3477 
        H400  2 0.4104 0.3161 0.2735 
        H401  2 0.3061 0.1730 0.5208 
        H402  2 0.4225 0.2348 0.3427 
        H427  2 0.4623 0.2723 0.2654 
        H428  2 0.4823 0.1562 0.3615 
        H497  2 0.2511 0.4298 0.3191 
        H512  2 0.3524 0.2942 0.3534 
        H513  2 0.2464 0.3581 0.3955 
        H514  2 0.2707 0.2908 0.4385 
        H519  2 0.2646 0.3620 0.3735 
        H532  2 0.4812 0.2351 0.2836 
        H543  2 0.4494 0.2238 0.3268 
        H544  2 0.2236 0.3166 0.4597 
        H545  2 0.2972 0.2074 0.4954 
        H546  2 0.2412 0.4511 0.3077 
        H547  2 0.2508 0.1882 0.5610 
        H548  2 0.4549 0.2701 0.2750 
        H549  2 0.2472 0.3253 0.4275 
        H620  2 0.2273 0.5904 0.1823 
        H623  2 0.2714 0.2516 0.4770 
        H624  2 0.1894 0.4309 0.3797 
        H625  2 0.4002 0.2820 0.3178 
        H626  2 0.3575 0.3341 0.3085 
        H654  2 0.1612 0.6471 0.1916 
        H655  2 0.2924 0.4343 0.2733 
        H656  2 0.2634 0.5340 0.2026 
        H666  2 0.1794 0.5685 0.2520 
        H667  2 0.4260 0.2769 0.2971 
        H677  2 0.4105 0.2749 0.3146 
        H693  2 0.3510 0.4468 0.2023 
        H694  2 0.3072 0.2511 0.4417 
        H701  2 0.3842 0.2445 0.3713 
        H702  2 0.3456 0.3718 0.2825 
        H731  2 0.3541 0.3960 0.2499 
       H7359  2 0.3206 0.3187 0.3607 
       H7389  2 0.3171 0.3162 0.3667 
       H7390  2 0.2394 0.5293 0.2313 
       H7391  2 0.5477 0.2402 0.2122 
       H7392  2 0.2914 0.3441 0.3645 
       H7393  2 0.2995 0.3942 0.3063 
       H7398  2 0.4563 0.2842 0.2595 
       H7399  2 0.4006 0.2336 0.3658 
       H7400  2 0.1929 0.6096 0.1976 
        H745  2 0.2394 0.2209 0.5397 
        H746  2 0.3991 0.2325 0.3684 
        H747  2 0.2619 0.4813 0.2568 
        H748  2 0.3469 0.3191 0.3340 
       H7484  2 0.2388 0.5365 0.2246 
       H7485  2 0.2781 0.3059 0.4160 
        H749  2 0.3985 0.2463 0.3552 
        H930  2 0.3289 0.2127 0.4584 
        H931  2 0.3797 0.3167 0.3036 
        H932  2 0.3181 0.3427 0.3392 
        H111  3 0.2893 0.2276 0.4831 
        H951  3 0.3392 0.2308 0.4300 
        H952  3 0.2910 0.3186 0.3903 
        H953  3 0.4551 0.2391 0.3058 
        H954  3 0.2349 0.5169 0.2481 
        H955  3 0.3257 0.2211 0.4532 
        H956  3 0.3562 0.3476 0.2962 
       H9563  3 0.3750 0.3516 0.2734 
        H002  4 0.2196 0.4418 0.3386 
        H003  4 0.4571 0.2205 0.3224 
        H009  4 0.2629 0.2697 0.4673 
        H010  4 0.3936 0.2945 0.3119 
        H011  4 0.2753 0.5147 0.2099 
        H012  4 0.5018 0.2262 0.2720 
        H013  4 0.4013 0.3601 0.2386 
        H014  4 0.3175 0.3200 0.3625 
        H045  4 0.3783 0.3677 0.2540 
        H046  4 0.4152 0.2143 0.3705 
        H051  4 0.3416 0.4261 0.2323 
        H052  4 0.2471 0.4053 0.3476 
        H053  4 0.3177 0.3894 0.2929 
        H056  4 0.2438 0.4538 0.3024 
        H076  4 0.3737 0.2061 0.4202 
        H151  4 0.1928 0.5619 0.2453 
        H152  4 0.2373 0.4329 0.3298 
     H171803  4 0.2926 0.4509 0.2565 
     H171804  4 0.3429 0.3984 0.2587 
     H171833  4 0.2551 0.2281 0.5168 
     H171855  4 0.1926 0.5194 0.2880 
     H171856  4 0.3088 0.3601 0.3312 
     H171857  4 0.2347 0.4568 0.3085 
     H171858  4 0.3399 0.3128 0.3473 
     H171859  4 0.3208 0.3596 0.3196 
     H171961  4 0.3181 0.4156 0.2663 
        H198  4 0.4389 0.1847 0.3764 
      H20001  4 0.2279 0.2589 0.5133 
        H403  4 0.2708 0.3866 0.3426 
        H404  4 0.4556 0.2348 0.3096 
        H405  4 0.4322 0.2115 0.3563 
        H406  4 0.1893 0.2766 0.5341 
        H407  4 0.3417 0.3771 0.2811 
        H410  4 0.3863 0.2096 0.4041 
        H411  4 0.2631 0.2496 0.4873 
        H468  4 0.2101 0.3078 0.4820 
        H476  4 0.2609 0.3929 0.3462 
        H477  4 0.2439 0.2301 0.5260 
        H478  4 0.4357 0.2563 0.3080 
        H479  4 0.3515 0.3827 0.2658 
        H480  4 0.2930 0.2254 0.4816 
        H498  4 0.3527 0.2921 0.3552 
        H499  4 0.3466 0.3139 0.3395 
        H500  4 0.2871 0.4932 0.2197 
        H515  4 0.3255 0.3826 0.2919 
        H516  4 0.2696 0.3586 0.3718 
        H517  4 0.3369 0.3097 0.3534 
        H518  4 0.2344 0.4060 0.3596 
        H520  4 0.2433 0.4411 0.3156 
        H521  4 0.3759 0.3029 0.3212 
        H522  4 0.2921 0.3851 0.3228 
        H523  4 0.3171 0.3589 0.3240 
        H536  4 0.3935 0.2781 0.3284 
        H645  4 0.4383 0.3492 0.2126 
        H646  4 0.3097 0.2187 0.4716 
        H647  4 0.2893 0.3122 0.3985 
        H657  4 0.3782 0.2374 0.3843 
        H658  4 0.3484 0.3495 0.3021 
        H659  4 0.1880 0.6034 0.2086 
        H660  4 0.2904 0.3771 0.3325 
        H661  4 0.2368 0.4713 0.2919 
        H668  4 0.5022 0.2228 0.2750 
        H669  4 0.3783 0.3396 0.2821 
        H670  4 0.4742 0.3230 0.2028 
        H678  4 0.3395 0.3247 0.3358 
        H679  4 0.3606 0.2364 0.4030 
        H680  4 0.2679 0.3310 0.4011 
        H681  4 0.3825 0.3622 0.2553 
        H682  4 0.4167 0.2737 0.3096 
        H683  4 0.1928 0.4327 0.3744 
        H718  4 0.2393 0.5000 0.2607 
        H719  4 0.3670 0.3586 0.2744 
        H720  4 0.2467 0.3953 0.3580 
        H721  4 0.2508 0.3851 0.3641 
        H722  4 0.1873 0.4062 0.4065 
        H723  4 0.3400 0.4405 0.2196 
        H724  4 0.2280 0.5536 0.2184 
        H725  4 0.2083 0.5330 0.2587 
        H726  4 0.2756 0.4476 0.2768 
        H727  4 0.3488 0.4135 0.2377 
        H910  4 0.3432 0.3975 0.2593 
        H911  4 0.3215 0.2519 0.4266 
        H912  4 0.2657 0.3602 0.3741 
        H913  4 0.3135 0.4035 0.2830 
        H914  4 0.3797 0.4296 0.1907 
        H915  4 0.3173 0.3520 0.3307 
        H916  4 0.2462 0.3122 0.4416 
       H9572  4 0.2643 0.4098 0.3260 
        H015  5 0.2940 0.2501 0.4559 
        H016  5 0.2824 0.2330 0.4846 
        H017  5 0.2401 0.3428 0.4170 
        H019  5 0.3236 0.2983 0.3781 
        H020  5 0.3327 0.3628 0.3045 
        H032  5 0.2988 0.3475 0.3536 
        H033  5 0.4344 0.2672 0.2984 
        H034  5 0.3695 0.4058 0.2247 
        H035  5 0.3170 0.3205 0.3625 
        H036  5 0.3327 0.2928 0.3744 
        H037  5 0.3147 0.4319 0.2535 
        H048  5 0.2989 0.4688 0.2323 
        H049  5 0.2420 0.3079 0.4501 
        H054  5 0.3445 0.3355 0.3200 
        H055  5 0.3255 0.3978 0.2767 
        H057  5 0.2275 0.3245 0.4480 
        H060  5 0.2973 0.3828 0.3200 
        H061  5 0.4167 0.2642 0.3191 
        H064  5 0.2993 0.4069 0.2938 
        H070  5 0.3956 0.3706 0.2338 
        H077  5 0.2423 0.5036 0.2541 
        H078  5 0.2100 0.4559 0.3341 
        H079  5 0.4875 0.2132 0.2993 
        H097  5 0.1981 0.3655 0.4364 
        H107  5 0.2616 0.5625 0.1758 
        H122  5 0.2973 0.3067 0.3959 
        H123  5 0.3427 0.2249 0.4324 
        H124  5 0.3958 0.2336 0.3706 
        H131  5 0.3982 0.2375 0.3642 
        H132  5 0.3324 0.3607 0.3068 
        H141  5 0.3325 0.3869 0.2806 
        H142  5 0.4174 0.2278 0.3548 
        H157  5 0.2790 0.4865 0.2345 
        H158  5 0.2613 0.2204 0.5183 
        H159  5 0.3555 0.2351 0.4094 
        H160  5 0.3095 0.3246 0.3659 
        H163  5 0.3692 0.2718 0.3590 
        H164  5 0.3550 0.2763 0.3686 
        H165  5 0.5063 0.2059 0.2878 
        H166  5 0.3519 0.2695 0.3786 
        H169  5 0.3970 0.2945 0.3085 
     H169613  5 0.3285 0.3439 0.3276 
     H169653  5 0.3817 0.2512 0.3672 
     H169728  5 0.3273 0.2754 0.3973 
     H169742  5 0.4300 0.3310 0.2390 
        H170  5 0.2216 0.2931 0.4853 
        H171  5 0.2412 0.2738 0.4850 
     H171851  5 0.3099 0.3024 0.3877 
     H171852  5 0.2606 0.4167 0.3227 
     H171853  5 0.3508 0.3856 0.2636 
     H171854  5 0.3012 0.3152 0.3835 
     H171938  5 0.4758 0.2899 0.2343 
     H171939  5 0.3077 0.2559 0.4365 
     H171941  5 0.2911 0.4944 0.2145 
     H171965  5 0.3891 0.2341 0.3768 
     H171970  5 0.2372 0.5490 0.2138 
     H171973  5 0.4778 0.2369 0.2852 
     H171974  5 0.4220 0.3142 0.2638 
     H171975  5 0.3596 0.3716 0.2688 
     H171976  5 0.2173 0.3071 0.4756 
        H175  5 0.3167 0.4469 0.2364 
        H178  5 0.3480 0.3580 0.2940 
        H189  5 0.3884 0.2016 0.4099 
        H399  5 0.2121 0.2897 0.4982 
        H416  5 0.3656 0.3381 0.2963 
        H438  5 0.4253 0.3132 0.2615 
        H450  5 0.2746 0.4688 0.2566 
        H455  5 0.2793 0.5217 0.1990 
        H456  5 0.4127 0.3172 0.2701 
        H457  5 0.2330 0.4465 0.3205 
        H458  5 0.3186 0.4114 0.2700 
        H459  5 0.3882 0.2175 0.3944 
        H460  5 0.3303 0.3514 0.3183 
        H461  5 0.2516 0.2953 0.4530 
        H462  5 0.3806 0.2782 0.3412 
        H469  5 0.4207 0.2262 0.3531 
        H470  5 0.2931 0.3875 0.3194 
        H471  5 0.2669 0.2128 0.5203 
        H481  5 0.2414 0.5472 0.2114 
        H482  5 0.3048 0.4101 0.2851 
        H501  5 0.3385 0.3546 0.3068 
        H502  5 0.3331 0.2196 0.4473 
        H503  5 0.3191 0.2682 0.4126 
        H509  5 0.2992 0.4514 0.2494 
        H510  5 0.3416 0.3207 0.3378 
        H511  5 0.3506 0.2556 0.3938 
        H530  5 0.3865 0.3630 0.2505 
        H531  5 0.2400 0.4788 0.2812 
        H564  5 0.3210 0.3910 0.2880 
        H565  5 0.2362 0.5047 0.2591 
        H567  5 0.3777 0.1961 0.4262 
     H568???  5 0.3054 0.2381 0.4565 
        H608  5 0.2877 0.4633 0.2490 
        H609  5 0.4745 0.2738 0.2517 
        H612  5 0.3195 0.4914 0.1891 
        H614  5 0.2162 0.5040 0.2798 
        H615  5 0.2316 0.4703 0.2981 
        H616  5 0.2768 0.5565 0.1667 
        H617  5 0.4247 0.2186 0.3567 
        H618  5 0.2891 0.4763 0.2345 
        H619  5 0.5097 0.2465 0.2438 
        H635  5 0.3802 0.3018 0.3180 
        H636  5 0.5454 0.2324 0.2221 
        H637  5 0.3609 0.3641 0.2750 
        H644  5 0.2385 0.1591 0.6024 
        H711  5 0.2565 0.2854 0.4581 
        H712  5 0.3941 0.3848 0.2212 
       H7360  5 0.2866 0.3447 0.3687 
       H7361  5 0.2977 0.4256 0.2768 
       H7362  5 0.2744 0.1687 0.5569 
       H7363  5 0.2754 0.3885 0.3362 
       H7394  5 0.3807 0.2336 0.3856 
       H7395  5 0.3960 0.3335 0.2705 
       H7396  5 0.3650 0.3196 0.3154 
        H742  5 0.4356 0.3274 0.2370 
        H743  5 0.3143 0.3693 0.3164 
        H744  5 0.2641 0.5250 0.2108 
        H957  5 0.2791 0.3255 0.3954 
        H958  5 0.3585 0.2847 0.3567 
        H959  5 0.3285 0.4575 0.2140 
        H960  5 0.3622 0.3271 0.3107 
      H_PALI  6 0.3220 0.3132 0.3649 
        H581  6 0.2538 0.4029 0.3433 
        H582  6 0.2067 0.5405 0.2527 
        H583  6 0.3014 0.3658 0.3328 
        H595  6 0.3160 0.1991 0.4850 
        H596  6 0.3438 0.1941 0.4621 
        H597  6 0.3257 0.2184 0.4559 
        H598  6 0.3789 0.3487 0.2725 
        H599  6 0.3071 0.4317 0.2612 
        H642  6 0.2416 0.2647 0.4937 
        H643  6 0.3774 0.3152 0.3074 
        H664  6 0.1825 0.5007 0.3169 
        H665  6 0.4812 0.2754 0.2434 
        H674  6 0.2526 0.1922 0.5552 
        H675  6 0.2643 0.3949 0.3408 
        H676  6 0.3101 0.2575 0.4325 
        H686  6 0.3310 0.3008 0.3682 
        H687  6 0.3037 0.3162 0.3801 
        H917  6 0.4790 0.2020 0.3191 
        H918  6 0.4512 0.2646 0.2842 
        H919  6 0.3280 0.4776 0.1944 
        H920  6 0.2864 0.4223 0.2912 
        H631  7 0.3112 0.4099 0.2789 
        H684  7 0.2933 0.2189 0.4878 
        H685  7 0.2271 0.5018 0.2711 
        H713  7 0.2640 0.5107 0.2252 
        H715  7 0.2966 0.2588 0.4446 
        H716  7 0.3394 0.3688 0.2918 
        H717  7 0.3090 0.3810 0.3100 
        H729  7 0.4836 0.2022 0.3142 
        H730  7 0.4149 0.3372 0.2479 
        H431  8 0.3048 0.4212 0.2740 
        H432  8 0.3158 0.1926 0.4917 
        H433  8 0.4344 0.2639 0.3017 
        H434  8 0.3609 0.2983 0.3408 
        H444  8 0.4498 0.2756 0.2747 
        H454  8 0.2808 0.5015 0.2177 
        H475  8 0.2367 0.5339 0.2294 
        H491  8 0.2968 0.4106 0.2926 
        H492  8 0.2713 0.4643 0.2644 
        H493  8 0.3131 0.2955 0.3914 
        H494  8 0.3386 0.3614 0.3000 
        H495  8 0.1860 0.4877 0.3263 
        H662  8 0.2794 0.3036 0.4170 
        H663  8 0.3428 0.3328 0.3244 
        H695  8 0.3711 0.3607 0.2682 
       H7367  8 0.3971 0.2259 0.3770 
       H7368  8 0.3631 0.2503 0.3866 
       H7369  8 0.4448 0.3052 0.2500 
       H7370  8 0.3597 0.1988 0.4415 
       H7371  8 0.4205 0.2929 0.2866 
        H600  9 0.3139 0.4245 0.2617 
        H648  9 0.2920 0.3314 0.3766 
        H696  9 0.2276 0.1824 0.5900 
        H697  9 0.3715 0.2992 0.3293 
        H698  9 0.3311 0.2622 0.4067 
        H699  9 0.3384 0.3179 0.3438 
        H700  9 0.3456 0.4248 0.2296 
        H732  9 0.2172 0.4939 0.2889 
        H733  9 0.3925 0.2340 0.3735 
        H734  9 0.3228 0.2177 0.4595 
        H735  9 0.3010 0.2796 0.4194 
        H736  9 0.3295 0.3583 0.3122 
        H737  9 0.3377 0.3758 0.2865 
        H905  9 0.3586 0.4130 0.2284 
        H921  9 0.3673 0.3795 0.2532 
        H922  9 0.4068 0.2124 0.3808 
     H169705 10 0.3598 0.2717 0.3685 
     H171942 10 0.3185 0.2004 0.4810 
     H171943 10 0.3215 0.3100 0.3685 
     H171944 10 0.3905 0.3141 0.2954 
     H171946 10 0.2025 0.4541 0.3433 
     H171947 10 0.3376 0.2922 0.3702 
     H229641 10 0.2861 0.3517 0.3623 
      H30001 10 0.3678 0.3511 0.2811 
      H30002 10 0.4133 0.3072 0.2795 
      H30005 10 0.3535 0.2930 0.3535 
      H30006 10 0.3145 0.2517 0.4338 
      H30007 10 0.2511 0.2012 0.5477 
        H451 10 0.4090 0.2241 0.3669 
        H452 10 0.2700 0.2945 0.4355 
        H453 10 0.2186 0.5031 0.2783 
        H473 10 0.3310 0.3779 0.2911 
        H474 10 0.1791 0.5714 0.2495 
        H486 10 0.2999 0.4183 0.2818 
        H487 10 0.2839 0.4461 0.2700 
        H488 10 0.4238 0.3342 0.2419 
        H489 10 0.2679 0.4992 0.2330 
        H550 10 0.2830 0.2516 0.4654 
        H551 10 0.3692 0.3673 0.2635 
        H553 10 0.2380 0.4759 0.2860 
        H554 10 0.3579 0.2725 0.3696 
        H556 10 0.2655 0.3484 0.3862 
        H580 10 0.3874 0.2699 0.3427 
        H591 10 0.2367 0.5617 0.2016 
        H592 10 0.3048 0.4088 0.2864 
        H593 10 0.3555 0.3112 0.3333 
        H594 10 0.3365 0.1756 0.4880 
        H627 10 0.2543 0.3700 0.3757 
        H628 10 0.5067 0.1708 0.3226 
        H629 10 0.2437 0.3500 0.4063 
        H630 10 0.2633 0.3447 0.3919 
        H638 10 0.3311 0.2871 0.3818 
        H639 10 0.2152 0.4558 0.3290 
        H640 10 0.3236 0.2478 0.4286 
        H704 10 0.3068 0.2381 0.4550 
        H705 10 0.3648 0.2670 0.3683 
        H706 10 0.3785 0.4193 0.2022 
        H708 10 0.2450 0.5262 0.2288 
       H7351 10 0.3217 0.3071 0.3712 
       H7352 10 0.3357 0.3393 0.3251 
       H7353 10 0.2641 0.2260 0.5099 
       H7354 10 0.3648 0.3912 0.2439 
       H7365 10 0.2825 0.5024 0.2151 
       H7383 10 0.3909 0.3702 0.2389 
       H7384 10 0.3609 0.3637 0.2754 
       H7385 10 0.3261 0.4366 0.2373 
       H7386 10 0.3944 0.2893 0.3163 
       H7387 10 0.4086 0.2737 0.3177 
       H7388 10 0.3526 0.2975 0.3498 
        H906 10 0.2532 0.4190 0.3278 
        H907 10 0.3372 0.2346 0.4282 
        H908 10 0.3749 0.3427 0.2823 
        H909 10 0.4229 0.3307 0.2464 
       H9552 10 0.3242 0.3102 0.3655 
       H9553 10 0.2801 0.4046 0.3153 
       H9555 10 0.4393 0.2573 0.3035 
       H9575 10 0.2485 0.4522 0.2993 
       H9703 10 0.2507 0.5138 0.2355 
       H9707 10 0.2726 0.4529 0.2745 
       HSAA4 10 0.3892 0.2707 0.3401 
        H001 11 0.3752 0.3518 0.2730 
        H004 11 0.3593 0.3136 0.3271 
        H005 11 0.3031 0.5067 0.1901 
        H006 11 0.4023 0.3117 0.2860 
        H007 11 0.3538 0.4425 0.2037 
        H031 11 0.2546 0.5502 0.1952 
        H074 11 0.2203 0.4929 0.2869 
        H075 11 0.3275 0.4641 0.2084 
        H080 11 0.2994 0.4464 0.2542 
        H086 11 0.3152 0.3597 0.3251 
        H092 11 0.3323 0.3950 0.2727 
        H093 11 0.3254 0.1916 0.4830 
        H094 11 0.2952 0.2895 0.4153 
        H095 11 0.3267 0.4244 0.2489 
        H096 11 0.4111 0.3591 0.2298 
        H099 11 0.3167 0.4064 0.2769 
        H100 11 0.3804 0.2104 0.4092 
        H127 11 0.3128 0.4041 0.2830 
        H136 11 0.2290 0.5412 0.2298 
        H153 11 0.3058 0.3151 0.3791 
        H154 11 0.2401 0.5139 0.2460 
        H155 11 0.4988 0.2009 0.3004 
        H156 11 0.4914 0.1652 0.3435 
        H161 11 0.2960 0.3129 0.3911 
        H162 11 0.3590 0.2232 0.4178 
        H167 11 0.4117 0.2577 0.3307 
        H168 11 0.3953 0.2840 0.3207 
     H169586 11 0.1935 0.3966 0.4098 
     H169738 11 0.4575 0.2427 0.2999 
     H169741 11 0.2576 0.4756 0.2668 
     H171801 11 0.2862 0.2492 0.4646 
     H171810 11 0.2356 0.4838 0.2805 
     H171811 11 0.2315 0.4830 0.2855 
     H171812 11 0.4262 0.3346 0.2392 
     H171820 11 0.2501 0.4903 0.2596 
     H171821 11 0.4107 0.2631 0.3262 
     H171822 11 0.3692 0.3016 0.3291 
     H171823 11 0.1805 0.4918 0.3276 
     H171866 11 0.3383 0.2470 0.4147 
     H171867 11 0.4941 0.2325 0.2734 
     H171967 11 0.3108 0.4640 0.2253 
     H171969 11 0.3527 0.3251 0.3222 
        H172 11 0.4094 0.2915 0.2990 
        H173 11 0.4572 0.2921 0.2507 
        H174 11 0.2919 0.2015 0.5067 
        H196 11 0.4074 0.2326 0.3600 
        H197 11 0.4295 0.2604 0.3101 
        H346 11 0.4122 0.3472 0.2406 
        H355 11 0.3405 0.3692 0.2902 
        H356 11 0.3160 0.4026 0.2814 
        H357 11 0.3161 0.4230 0.2609 
        H358 11 0.4769 0.2987 0.2244 
        H359 11 0.3247 0.3402 0.3351 
        H360 11 0.4043 0.3181 0.2776 
        H361 11 0.4506 0.2680 0.2814 
        H362 11 0.3938 0.1929 0.4133 
        H363 11 0.3147 0.4676 0.2177 
        H364 11 0.3482 0.3215 0.3304 
        H365 11 0.3863 0.2766 0.3371 
        H366 11 0.4307 0.2427 0.3266 
        H367 11 0.2213 0.5189 0.2599 
        H368 11 0.2679 0.2531 0.4790 
        H369 11 0.3027 0.4988 0.1985 
        H370 11 0.3744 0.2544 0.3712 
        H371 11 0.2864 0.3269 0.3867 
        H372 11 0.3900 0.2949 0.3152 
        H373 11 0.3560 0.3252 0.3189 
        H374 11 0.3687 0.3861 0.2451 
        H375 11 0.3754 0.3734 0.2511 
        H376 11 0.3755 0.2443 0.3802 
        H377 11 0.3594 0.3835 0.2571 
        H378 11 0.2971 0.3805 0.3224 
        H379 11 0.3290 0.3161 0.3549 
        H380 11 0.5142 0.2005 0.2853 
        H381 11 0.2163 0.4994 0.2843 
        H382 11 0.4094 0.1656 0.4251 
        H383 11 0.4096 0.2017 0.3887 
        H384 11 0.3064 0.4182 0.2754 
        H385 11 0.2936 0.4046 0.3018 
        H386 11 0.5246 0.2549 0.2205 
        H387 11 0.2308 0.3077 0.4615 
        H388 11 0.4551 0.1991 0.3457 
        H389 11 0.4178 0.3306 0.2516 
        H390 11 0.3920 0.2734 0.3346 
        H391 11 0.2872 0.2652 0.4476 
        H392 11 0.3343 0.4574 0.2083 
        H393 11 0.3428 0.2365 0.4206 
        H394 11 0.2225 0.2331 0.5444 
        H395 11 0.3206 0.4446 0.2349 
        H408 11 0.4562 0.3165 0.2272 
        H412 11 0.1535 0.5313 0.3152 
        H417 11 0.3315 0.3813 0.2871 
        H418 11 0.2390 0.3577 0.4033 
        H429 11 0.4356 0.2733 0.2912 
        H430 11 0.4318 0.2390 0.3292 
        H439 11 0.3812 0.3505 0.2684 
        H440 11 0.2767 0.5080 0.2153 
        H441 11 0.3830 0.2554 0.3617 
        H442 11 0.4039 0.2482 0.3479 
        H446 11 0.3394 0.3179 0.3428 
        H447 11 0.4721 0.2425 0.2854 
        H448 11 0.4363 0.2904 0.2734 
        H534 11 0.2067 0.5366 0.2567 
        H537 11 0.2340 0.4732 0.2929 
        H568 11 0.2168 0.5832 0.2000 
        H569 11 0.4458 0.1856 0.3686 
        H586 11 0.1840 0.3914 0.4246 
        H587 11 0.2500 0.5398 0.2101 
        H588 11 0.2816 0.2178 0.5005 
        H589 11 0.2797 0.5018 0.2185 
        H590 11 0.2767 0.4591 0.2642 
        H601 11 0.3829 0.2116 0.4056 
        H602 11 0.3283 0.3949 0.2769 
        H603 11 0.4743 0.2302 0.2955 
        H610 11 0.3107 0.3864 0.3030 
        H611 11 0.2704 0.4312 0.2983 
        H649 11 0.3217 0.3330 0.3453 
        H650 11 0.2941 0.2407 0.4652 
        H651 11 0.4602 0.2839 0.2559 
        H652 11 0.2706 0.3393 0.3902 
       H7364 11 0.4092 0.2716 0.3191 
       H7366 11 0.4241 0.3277 0.2483 
       H7378 11 0.2191 0.1407 0.6402 
       H7379 11 0.3255 0.3194 0.3551 
        H739 11 0.2564 0.4691 0.2744 
        H740 11 0.3179 0.2638 0.4183 
        H741 11 0.2678 0.4737 0.2585 
        H926 11 0.3075 0.2856 0.4070 
        H927 11 0.4370 0.2423 0.3207 
        H928 11 0.2873 0.3323 0.3804 
       H9560 11 0.3015 0.3017 0.3968 
        H409 12 0.4614 0.2246 0.3139 
        H413 12 0.2248 0.2311 0.5441 
        H419 12 0.4408 0.2730 0.2861 
        H420 12 0.3297 0.3903 0.2800 
        H421 12 0.3922 0.1958 0.4120 
        H435 12 0.3518 0.2280 0.4201 
        H436 12 0.4403 0.3159 0.2438 
        H437 12 0.2453 0.4549 0.2998 
        H445 12 0.4963 0.2301 0.2736 
        H449 12 0.2847 0.2790 0.4363 
        H463 12 0.2873 0.4100 0.3027 
        H464 12 0.2862 0.2198 0.4939 
        H465 12 0.1939 0.3250 0.4811 
        H490 12 0.3159 0.2188 0.4653 
        H561 12 0.3156 0.3141 0.3703 
        H562 12 0.4811 0.2876 0.2313 
        H563 12 0.3715 0.3602 0.2683 
        H570 12 0.3681 0.4074 0.2245 
        H571 12 0.2507 0.3363 0.4129 
        H572 12 0.2877 0.4089 0.3034 
        H573 12 0.4561 0.2284 0.3155 
       H7372 12 0.5393 0.1635 0.2972 
       H7373 12 0.2523 0.2172 0.5304 
       H7374 12 0.3482 0.3900 0.2617 
       H7375 12 0.3362 0.4111 0.2526 
       H7376 12 0.5573 0.1915 0.2512 
       H7377 12 0.2813 0.4320 0.2867 
