        H102  1 0.2186 0.2743 0.2027 0.3043 
        H103  1 0.2841 0.1838 0.3597 0.1725 
        H104  1 0.1958 0.2713 0.2264 0.3065 
        H105  1 0.2152 0.3289 0.2343 0.2216 
        H106  1 0.2426 0.2452 0.2797 0.2325 
        H112  1 0.2077 0.2580 0.2229 0.3114 
        H113  1 0.2188 0.3069 0.2468 0.2275 
        H114  1 0.2219 0.3175 0.2690 0.1917 
        H115  1 0.1776 0.3003 0.2320 0.2901 
        H143  1 0.2503 0.3154 0.1953 0.2390 
        H144  1 0.3081 0.3333 0.1972 0.1614 
        H145  1 0.3133 0.1963 0.3089 0.1815 
        H149  1 0.1942 0.2874 0.2186 0.2997 
        H150  1 0.2593 0.2547 0.2267 0.2593 
     H167542  1 0.2108 0.3652 0.2335 0.1906 
     H169604  1 0.2217 0.3079 0.2485 0.2219 
     H169607  1 0.2773 0.2755 0.2715 0.1757 
     H169608  1 0.2268 0.1935 0.2071 0.3727 
     H169633  1 0.2426 0.3112 0.2784 0.1678 
     H169688  1 0.3225 0.2110 0.2627 0.2038 
     H169714  1 0.2214 0.2185 0.2515 0.3087 
     H171802  1 0.2287 0.1956 0.2508 0.3249 
     H171805  1 0.2633 0.2238 0.3110 0.2019 
     H171807  1 0.2336 0.2994 0.1869 0.2801 
     H171814  1 0.3599 0.2007 0.2634 0.1761 
     H171816  1 0.2347 0.2305 0.2255 0.3093 
     H171817  1 0.2106 0.2557 0.2658 0.2680 
     H171818  1 0.2400 0.2739 0.2586 0.2275 
     H171819  1 0.2295 0.2343 0.2636 0.2726 
     H171834  1 0.2191 0.3426 0.1879 0.2504 
     H171835  1 0.2175 0.2072 0.2139 0.3614 
     H171836  1 0.2652 0.2553 0.3394 0.1401 
     H171837  1 0.2207 0.2486 0.2503 0.2803 
     H171838  1 0.2654 0.2249 0.2911 0.2186 
     H171839  1 0.2030 0.2598 0.2687 0.2684 
     H171841  1 0.2370 0.1751 0.1828 0.4051 
     H171860  1 0.2325 0.2851 0.2339 0.2485 
     H171861  1 0.2684 0.2804 0.3028 0.1485 
     H171862  1 0.2639 0.2584 0.2330 0.2448 
     H171868  1 0.2029 0.3680 0.2118 0.2173 
     H171869  1 0.3219 0.2099 0.2514 0.2168 
     H171870  1 0.2786 0.2199 0.2500 0.2515 
     H171871  1 0.2641 0.1878 0.3467 0.2014 
     H171872  1 0.2204 0.2495 0.2467 0.2834 
     H171873  1 0.2909 0.2195 0.2473 0.2423 
     H171874  1 0.2659 0.2994 0.2079 0.2268 
     H171875  1 0.2670 0.3263 0.2389 0.1678 
     H171876  1 0.2221 0.3498 0.2317 0.1964 
     H171877  1 0.1835 0.4112 0.2114 0.1939 
     H171878  1 0.2778 0.2133 0.2093 0.2996 
     H171901  1 0.2171 0.1612 0.3337 0.2880 
     H171902  1 0.3003 0.2303 0.2240 0.2454 
     H171903  1 0.2209 0.2661 0.2544 0.2586 
     H171935  1 0.2660 0.1894 0.2490 0.2955 
     H171936  1 0.2422 0.2929 0.2840 0.1809 
     H171940  1 0.2151 0.3591 0.1642 0.2615 
     H171945  1 0.3090 0.2130 0.2368 0.2413 
     H171948  1 0.1983 0.3077 0.2040 0.2900 
     H171949  1 0.2020 0.2784 0.1916 0.3280 
     H171950  1 0.2031 0.1737 0.2406 0.3827 
     H171963  1 0.2987 0.2324 0.2750 0.1940 
     H171964  1 0.3707 0.2508 0.1739 0.2046 
     H171966  1 0.2503 0.2608 0.2474 0.2415 
     H171968  1 0.2760 0.2538 0.1975 0.2727 
     H171971  1 0.2539 0.2185 0.2688 0.2587 
     H171972  1 0.3012 0.2418 0.2478 0.2092 
     H171977  1 0.3300 0.2466 0.2444 0.1789 
     H171978  1 0.2542 0.1913 0.2451 0.3095 
     H171979  1 0.2540 0.2644 0.3211 0.1604 
        H176  1 0.2572 0.2829 0.2307 0.2293 
        H177  1 0.1934 0.1955 0.2664 0.3448 
        H179  1 0.1944 0.2921 0.2091 0.3043 
        H181  1 0.2838 0.3220 0.2250 0.1691 
        H182  1 0.2550 0.2562 0.3157 0.1730 
        H183  1 0.3187 0.2605 0.2301 0.1907 
        H184  1 0.2155 0.2685 0.2218 0.2942 
        H185  1 0.2760 0.2762 0.2619 0.1860 
        H186  1 0.2853 0.2617 0.1551 0.2979 
        H187  1 0.2374 0.1805 0.3426 0.2394 
        H188  1 0.1848 0.4029 0.1649 0.2475 
        H192  1 0.2111 0.2472 0.2131 0.3286 
        H193  1 0.2866 0.2459 0.2877 0.1799 
        H194  1 0.2013 0.3008 0.2508 0.2471 
        H195  1 0.3667 0.2287 0.2095 0.1950 
        H199  1 0.3430 0.2288 0.2320 0.1961 
        H200  1 0.2400 0.2434 0.2347 0.2818 
        H414  1 0.2572 0.2028 0.3260 0.2140 
        H415  1 0.2404 0.2633 0.2857 0.2106 
        H422  1 0.2958 0.2121 0.2084 0.2837 
        H423  1 0.1951 0.2160 0.1884 0.4005 
        H424  1 0.3190 0.2283 0.2798 0.1729 
        H425  1 0.3532 0.2161 0.2480 0.1827 
        H426  1 0.3533 0.1797 0.2563 0.2107 
        H443  1 0.3319 0.2919 0.1770 0.1992 
        H466  1 0.2291 0.2946 0.2463 0.2300 
        H467  1 0.2298 0.2292 0.1850 0.3560 
        H472  1 0.2446 0.2787 0.2720 0.2048 
        H483  1 0.2440 0.4040 0.1884 0.1636 
        H504  1 0.3526 0.2118 0.2507 0.1850 
        H505  1 0.2249 0.2886 0.2261 0.2604 
        H506  1 0.2809 0.2430 0.2169 0.2592 
        H507  1 0.2428 0.2466 0.3731 0.1376 
        H508  1 0.2449 0.1998 0.3063 0.2490 
        H524  1 0.2633 0.2322 0.3419 0.1626 
        H525  1 0.2793 0.2874 0.2211 0.2123 
        H526  1 0.2376 0.3593 0.2109 0.1922 
        H527  1 0.2192 0.2200 0.2534 0.3074 
        H528  1 0.2926 0.2746 0.2398 0.1929 
        H529  1 0.2762 0.2417 0.3299 0.1522 
        H533  1 0.2089 0.2038 0.4472 0.1401 
        H538  1 0.2109 0.3009 0.2485 0.2397 
        H539  1 0.2830 0.1798 0.3225 0.2147 
        H540  1 0.2247 0.2464 0.2770 0.2519 
        H541  1 0.2162 0.3061 0.2682 0.2095 
        H558  1 0.3140 0.1840 0.2650 0.2370 
        H559  1 0.2645 0.3046 0.1808 0.2501 
        H579  1 0.2919 0.2508 0.2366 0.2206 
        H584  1 0.3272 0.2261 0.2259 0.2208 
        H585  1 0.2559 0.2812 0.2630 0.2000 
        H605  1 0.2426 0.2560 0.2615 0.2398 
        H606  1 0.2102 0.2471 0.1882 0.3545 
        H632  1 0.3419 0.2395 0.2196 0.1990 
        H634  1 0.2744 0.2430 0.2591 0.2235 
        H671  1 0.2184 0.2174 0.2259 0.3383 
        H672  1 0.2632 0.2211 0.2950 0.2206 
        H673  1 0.2584 0.3696 0.1685 0.2035 
        H689  1 0.2763 0.3044 0.2213 0.1980 
        H690  1 0.1986 0.2629 0.2468 0.2917 
        H691  1 0.2180 0.3204 0.2354 0.2262 
        H692  1 0.2888 0.3263 0.2560 0.1288 
        H709  1 0.2516 0.2269 0.2981 0.2234 
        H710  1 0.3025 0.2867 0.2444 0.1664 
       H7355  1 0.2183 0.3066 0.2895 0.1856 
       H7356  1 0.2721 0.2442 0.2369 0.2468 
       H7357  1 0.2244 0.2521 0.2778 0.2457 
       H7358  1 0.2678 0.3177 0.2345 0.1799 
       H7380  1 0.2577 0.3076 0.2230 0.2117 
       H7381  1 0.2496 0.2312 0.2164 0.3028 
       H7382  1 0.2530 0.2905 0.2282 0.2283 
        H904  1 0.1631 0.2269 0.1633 0.4467 
        H923  1 0.2604 0.2510 0.2206 0.2681 
        H924  1 0.2517 0.2614 0.2126 0.2742 
        H925  1 0.2569 0.2809 0.2727 0.1895 
       H9558  1 0.3284 0.1777 0.2693 0.2246 
        H008  2 0.2244 0.3541 0.2590 0.1625 
        H021  2 0.2144 0.2752 0.2208 0.2896 
        H023  2 0.2040 0.2736 0.2519 0.2705 
        H024  2 0.3331 0.2426 0.2628 0.1616 
        H025  2 0.2611 0.2364 0.1779 0.3246 
        H026  2 0.3594 0.2357 0.2242 0.1807 
        H027  2 0.2314 0.2835 0.2892 0.1959 
        H028  2 0.2816 0.2958 0.2355 0.1872 
        H029  2 0.2806 0.2512 0.2756 0.1926 
        H030  2 0.3300 0.2322 0.2648 0.1729 
        H038  2 0.2431 0.1999 0.2696 0.2874 
        H039  2 0.1724 0.1688 0.1576 0.5012 
        H040  2 0.2372 0.1665 0.3246 0.2717 
        H041  2 0.2034 0.3793 0.2083 0.2090 
        H042  2 0.2283 0.2723 0.2449 0.2545 
        H043  2 0.2504 0.1534 0.2293 0.3668 
        H044  2 0.2803 0.1973 0.3140 0.2084 
        H047  2 0.2722 0.2173 0.1888 0.3218 
        H050  2 0.2938 0.1856 0.3217 0.1989 
        H058  2 0.2470 0.1857 0.2929 0.2744 
        H062  2 0.2261 0.2831 0.2160 0.2748 
        H063  2 0.1917 0.2384 0.2230 0.3469 
        H065  2 0.3124 0.2415 0.2026 0.2435 
        H066  2 0.2889 0.1907 0.2960 0.2245 
        H067  2 0.2331 0.3391 0.2380 0.1899 
        H068  2 0.2231 0.2065 0.2508 0.3196 
        H069  2 0.2868 0.1760 0.3098 0.2275 
        H071  2 0.2167 0.2315 0.2476 0.3042 
        H072  2 0.1957 0.2370 0.1991 0.3681 
        H073  2 0.2701 0.2615 0.2737 0.1947 
        H081  2 0.1830 0.3700 0.2161 0.2310 
        H082  2 0.2876 0.2670 0.2816 0.1637 
        H083  2 0.2996 0.2755 0.2321 0.1928 
        H084  2 0.2306 0.1844 0.3325 0.2525 
        H085  2 0.1981 0.3844 0.2009 0.2165 
        H087  2 0.1867 0.4290 0.1824 0.2019 
        H088  2 0.1901 0.2693 0.2275 0.3131 
        H089  2 0.2258 0.3106 0.2796 0.1840 
        H090  2 0.3001 0.2713 0.2303 0.1983 
        H091  2 0.2557 0.2927 0.2839 0.1678 
        H098  2 0.2538 0.2824 0.2724 0.1913 
      H10001  2 0.1719 0.1636 0.1621 0.5024 
      H10002  2 0.1913 0.2565 0.2389 0.3133 
        H101  2 0.2846 0.1730 0.3523 0.1902 
        H108  2 0.1943 0.3712 0.1642 0.2703 
        H109  2 0.2383 0.1780 0.3136 0.2701 
        H110  2 0.2041 0.3602 0.2301 0.2056 
        H116  2 0.2873 0.2455 0.2470 0.2202 
        H117  2 0.2199 0.3129 0.2810 0.1863 
        H118  2 0.3217 0.3022 0.2229 0.1533 
        H119  2 0.2278 0.2366 0.2265 0.3091 
        H120  2 0.1685 0.2807 0.1618 0.3890 
        H121  2 0.2792 0.3214 0.2130 0.1864 
        H125  2 0.1597 0.1679 0.1831 0.4892 
        H126  2 0.3233 0.2518 0.1820 0.2429 
        H128  2 0.4126 0.1989 0.2626 0.1258 
        H129  2 0.3540 0.2630 0.2154 0.1676 
        H130  2 0.2613 0.1784 0.2207 0.3396 
        H133  2 0.2219 0.1750 0.1893 0.4138 
        H134  2 0.4517 0.1924 0.1778 0.1782 
        H135  2 0.2125 0.2920 0.2416 0.2540 
        H137  2 0.2336 0.2601 0.2997 0.2066 
        H138  2 0.3381 0.2116 0.2443 0.2060 
        H140  2 0.2579 0.2732 0.2237 0.2452 
        H146  2 0.3037 0.2375 0.2513 0.2075 
        H147  2 0.2178 0.3010 0.2748 0.2063 
        H148  2 0.2063 0.3069 0.2875 0.1993 
     H166022  2 0.2329 0.2377 0.3502 0.1791 
     H167359  2 0.2584 0.2305 0.2886 0.2225 
     H167397  2 0.2901 0.2343 0.3458 0.1298 
     H167428  2 0.2663 0.4056 0.1922 0.1359 
     H167496  2 0.1756 0.2886 0.2040 0.3317 
     H167513  2 0.2413 0.2219 0.3101 0.2267 
     H167545  2 0.2917 0.1925 0.3372 0.1786 
     H167547  2 0.3311 0.1605 0.3314 0.1770 
     H169621  2 0.2689 0.2759 0.2661 0.1891 
     H169622  2 0.2782 0.2484 0.2728 0.2005 
     H169750  2 0.2577 0.1814 0.2596 0.3012 
     H171806  2 0.2809 0.2048 0.2383 0.2760 
     H171808  2 0.2871 0.2094 0.2900 0.2135 
     H171809  2 0.2252 0.2981 0.2312 0.2455 
     H171813  2 0.2946 0.2279 0.2221 0.2554 
     H171815  2 0.2288 0.1697 0.2052 0.3963 
     H171824  2 0.1771 0.3002 0.1967 0.3260 
     H171825  2 0.2599 0.2593 0.2705 0.2103 
     H171826  2 0.2147 0.2885 0.2126 0.2842 
     H171827  2 0.2352 0.2213 0.2835 0.2599 
     H171828  2 0.1609 0.2591 0.1639 0.4161 
     H171829  2 0.3057 0.1693 0.2530 0.2720 
     H171830  2 0.2134 0.2537 0.2927 0.2402 
     H171831  2 0.3246 0.2470 0.2594 0.1690 
     H171832  2 0.2881 0.2502 0.2329 0.2288 
     H171863  2 0.3615 0.1972 0.2808 0.1605 
     H171864  2 0.2228 0.2615 0.3168 0.1989 
     H171865  2 0.2290 0.2040 0.2069 0.3602 
     H171879  2 0.2761 0.2164 0.2602 0.2473 
     H171880  2 0.2451 0.1998 0.3452 0.2099 
     H171881  2 0.2317 0.3596 0.2225 0.1862 
     H171882  2 0.1889 0.2119 0.1756 0.4236 
     H171929  2 0.2294 0.3397 0.2295 0.2014 
     H171930  2 0.2834 0.1767 0.3698 0.1700 
     H171933  2 0.2389 0.2529 0.3050 0.2031 
     H171934  2 0.2264 0.2939 0.2744 0.2053 
     H171937  2 0.3357 0.2067 0.2443 0.2133 
     H171962  2 0.2318 0.3662 0.2125 0.1895 
        H190  2 0.2424 0.2938 0.2876 0.1762 
        H191  2 0.2539 0.2890 0.2318 0.2253 
        H396  2 0.2220 0.3478 0.2141 0.2161 
        H397  2 0.2323 0.2422 0.3211 0.2044 
        H398  2 0.2882 0.2412 0.2123 0.2583 
        H400  2 0.2442 0.2462 0.2987 0.2108 
        H401  2 0.3124 0.2317 0.3146 0.1413 
        H402  2 0.2283 0.2670 0.3380 0.1667 
        H427  2 0.2279 0.3303 0.2187 0.2231 
        H428  2 0.2678 0.4060 0.1914 0.1348 
        H497  2 0.2542 0.2038 0.2488 0.2932 
        H512  2 0.2427 0.2351 0.2715 0.2507 
        H513  2 0.2421 0.2211 0.3086 0.2282 
        H514  2 0.2883 0.2087 0.2392 0.2638 
        H519  2 0.2305 0.2252 0.3143 0.2299 
        H532  2 0.2437 0.3049 0.2716 0.1798 
        H543  2 0.2295 0.2313 0.3530 0.1862 
        H544  2 0.3250 0.2104 0.2140 0.2505 
        H545  2 0.3128 0.1914 0.3246 0.1713 
        H546  2 0.2522 0.2392 0.2169 0.2918 
        H547  2 0.3357 0.1599 0.3273 0.1772 
        H548  2 0.2196 0.2447 0.3323 0.2034 
        H549  2 0.2873 0.1696 0.3819 0.1612 
        H620  2 0.1794 0.2114 0.1901 0.4191 
        H623  2 0.3071 0.2641 0.2414 0.1874 
        H624  2 0.3084 0.1433 0.2161 0.3322 
        H625  2 0.2255 0.3257 0.2676 0.1812 
        H626  2 0.2281 0.1845 0.3520 0.2353 
        H654  2 0.1923 0.1612 0.1889 0.4576 
        H655  2 0.2224 0.1969 0.2650 0.3157 
        H656  2 0.1984 0.2672 0.1650 0.3694 
        H666  2 0.2216 0.1700 0.1865 0.4219 
        H667  2 0.2468 0.2646 0.2502 0.2384 
        H677  2 0.2669 0.2385 0.2824 0.2122 
        H693  2 0.1702 0.3611 0.1680 0.3008 
        H694  2 0.2927 0.2652 0.2590 0.1831 
        H701  2 0.2446 0.2431 0.3111 0.2012 
        H702  2 0.1988 0.2369 0.3023 0.2621 
        H731  2 0.2229 0.2581 0.2020 0.3170 
       H7359  2 0.2508 0.2374 0.2834 0.2284 
       H7389  2 0.2749 0.2468 0.2597 0.2186 
       H7390  2 0.1940 0.1740 0.2827 0.3493 
       H7391  2 0.1817 0.4050 0.2286 0.1848 
       H7392  2 0.2889 0.2457 0.2210 0.2443 
       H7393  2 0.2166 0.2091 0.2725 0.3018 
       H7398  2 0.1965 0.3725 0.2167 0.2144 
       H7399  2 0.2741 0.3007 0.2394 0.1857 
       H7400  2 0.1935 0.1701 0.1911 0.4452 
        H745  2 0.3785 0.2331 0.2089 0.1795 
        H746  2 0.2918 0.2398 0.2704 0.1980 
        H747  2 0.2068 0.1864 0.3075 0.2993 
        H748  2 0.2348 0.1830 0.3121 0.2701 
       H7484  2 0.2121 0.2346 0.2116 0.3417 
       H7485  2 0.2794 0.2523 0.2652 0.2031 
        H749  2 0.2817 0.1907 0.3393 0.1883 
        H930  2 0.2640 0.1831 0.3836 0.1693 
        H931  2 0.2319 0.3474 0.2033 0.2173 
        H932  2 0.2682 0.2038 0.2656 0.2624 
        H111  3 0.3078 0.2011 0.3011 0.1900 
        H951  3 0.2873 0.2411 0.2809 0.1907 
        H952  3 0.3143 0.1886 0.2525 0.2446 
        H953  3 0.2472 0.3237 0.2551 0.1741 
        H954  3 0.2038 0.2005 0.2271 0.3686 
        H955  3 0.2799 0.2063 0.3302 0.1836 
        H956  3 0.2182 0.2198 0.3042 0.2578 
       H9563  3 0.2128 0.3051 0.2198 0.2624 
        H002  4 0.2569 0.1894 0.1887 0.3650 
        H003  4 0.2621 0.2958 0.2381 0.2040 
        H009  4 0.3403 0.2182 0.2500 0.1916 
        H010  4 0.2420 0.3021 0.2455 0.2103 
        H011  4 0.1764 0.3246 0.1669 0.3322 
        H012  4 0.2100 0.3201 0.2759 0.1940 
        H013  4 0.1956 0.3207 0.2022 0.2816 
        H014  4 0.2488 0.2858 0.2060 0.2593 
        H045  4 0.1968 0.3654 0.2007 0.2370 
        H046  4 0.2995 0.2595 0.2601 0.1809 
        H051  4 0.1923 0.3301 0.1930 0.2845 
        H052  4 0.3034 0.2027 0.2074 0.2864 
        H053  4 0.2230 0.2249 0.2507 0.3014 
        H056  4 0.2407 0.2131 0.2126 0.3337 
        H076  4 0.3009 0.3040 0.2090 0.1861 
        H151  4 0.2129 0.1692 0.1821 0.4358 
        H152  4 0.2768 0.1952 0.1711 0.3569 
     H171803  4 0.2119 0.1980 0.2963 0.2938 
     H171804  4 0.2013 0.2131 0.3184 0.2672 
     H171833  4 0.3452 0.2075 0.2432 0.2042 
     H171855  4 0.2261 0.1757 0.1974 0.4008 
     H171856  4 0.2438 0.1717 0.3545 0.2299 
     H171857  4 0.2542 0.1947 0.2143 0.3368 
     H171858  4 0.2932 0.2167 0.2337 0.2563 
     H171859  4 0.2538 0.2440 0.2286 0.2737 
     H171961  4 0.2106 0.2926 0.2061 0.2906 
        H198  4 0.2824 0.2861 0.2494 0.1821 
      H20001  4 0.3369 0.1942 0.2554 0.2135 
        H403  4 0.2672 0.2118 0.2609 0.2601 
        H404  4 0.2372 0.3237 0.2411 0.1979 
        H405  4 0.2650 0.2341 0.3145 0.1863 
        H406  4 0.3651 0.1627 0.2361 0.2361 
        H407  4 0.2439 0.2154 0.3062 0.2345 
        H410  4 0.2891 0.2702 0.2730 0.1676 
        H411  4 0.3235 0.1956 0.2514 0.2296 
        H468  4 0.2899 0.1553 0.3188 0.2359 
        H476  4 0.2267 0.1694 0.3442 0.2596 
        H477  4 0.3554 0.1507 0.3123 0.1816 
        H478  4 0.2488 0.2699 0.2926 0.1888 
        H479  4 0.2247 0.2758 0.2372 0.2623 
        H480  4 0.2764 0.1757 0.3558 0.1921 
        H498  4 0.2564 0.2799 0.2132 0.2505 
        H499  4 0.2504 0.2306 0.2518 0.2672 
        H500  4 0.1858 0.2055 0.2636 0.3451 
        H515  4 0.2192 0.1973 0.2612 0.3223 
        H516  4 0.2782 0.2162 0.2257 0.2799 
        H517  4 0.2679 0.2224 0.2766 0.2331 
        H518  4 0.2869 0.1934 0.2414 0.2784 
        H520  4 0.2394 0.1923 0.2508 0.3175 
        H521  4 0.2344 0.3566 0.2266 0.1824 
        H522  4 0.2240 0.2046 0.3107 0.2607 
        H523  4 0.2332 0.2068 0.2750 0.2850 
        H536  4 0.2641 0.2788 0.2420 0.2151 
        H645  4 0.1841 0.3710 0.1972 0.2476 
        H646  4 0.3153 0.2093 0.2998 0.1756 
        H647  4 0.2917 0.2048 0.2870 0.2165 
        H657  4 0.2637 0.2274 0.3292 0.1797 
        H658  4 0.2240 0.1926 0.3262 0.2572 
        H659  4 0.1826 0.1552 0.2059 0.4563 
        H660  4 0.2376 0.2380 0.2430 0.2814 
        H661  4 0.2469 0.2076 0.2151 0.3304 
        H668  4 0.2346 0.2941 0.2678 0.2036 
        H669  4 0.2093 0.3066 0.2323 0.2518 
        H670  4 0.1936 0.3473 0.1841 0.2751 
        H678  4 0.2322 0.2022 0.3194 0.2461 
        H679  4 0.2504 0.2315 0.3331 0.1850 
        H680  4 0.2872 0.2397 0.2332 0.2399 
        H681  4 0.2057 0.2648 0.2331 0.2964 
        H682  4 0.2010 0.2307 0.3703 0.1980 
        H683  4 0.2883 0.2033 0.2000 0.3085 
        H718  4 0.2378 0.2342 0.1954 0.3326 
        H719  4 0.1901 0.3892 0.1906 0.2301 
        H720  4 0.3004 0.2669 0.2045 0.2281 
        H721  4 0.2909 0.2065 0.2533 0.2493 
        H722  4 0.3122 0.1883 0.1803 0.3192 
        H723  4 0.1860 0.2756 0.2120 0.3264 
        H724  4 0.1973 0.1944 0.2207 0.3876 
        H725  4 0.2210 0.2055 0.1918 0.3818 
        H726  4 0.2178 0.2229 0.1955 0.3638 
        H727  4 0.1993 0.2928 0.1978 0.3101 
        H910  4 0.2042 0.2610 0.2589 0.2759 
        H911  4 0.3015 0.2340 0.2613 0.2032 
        H912  4 0.2635 0.2061 0.2381 0.2923 
        H913  4 0.2292 0.1817 0.2866 0.3024 
        H914  4 0.1831 0.2235 0.2599 0.3335 
        H915  4 0.2270 0.1890 0.3291 0.2549 
        H916  4 0.2777 0.1562 0.3192 0.2470 
       H9572  4 0.2364 0.3184 0.2256 0.2196 
        H015  5 0.2858 0.2689 0.2548 0.1905 
        H016  5 0.3498 0.2160 0.2290 0.2052 
        H017  5 0.2870 0.1747 0.2789 0.2594 
        H019  5 0.2728 0.2786 0.2200 0.2287 
        H020  5 0.2657 0.2326 0.2247 0.2769 
        H032  5 0.2447 0.1896 0.2775 0.2881 
        H033  5 0.2051 0.3301 0.2651 0.1998 
        H034  5 0.2012 0.2712 0.2013 0.3263 
        H035  5 0.2459 0.2083 0.3110 0.2347 
        H036  5 0.2603 0.2782 0.2770 0.1846 
        H037  5 0.2081 0.2135 0.2866 0.2918 
        H048  5 0.1894 0.2914 0.2250 0.2943 
        H049  5 0.2952 0.2425 0.2146 0.2477 
        H054  5 0.2607 0.2537 0.2214 0.2642 
        H055  5 0.2272 0.3075 0.1555 0.3098 
        H057  5 0.3234 0.2062 0.2134 0.2570 
        H060  5 0.2764 0.1974 0.2041 0.3221 
        H061  5 0.2575 0.2491 0.2819 0.2115 
        H064  5 0.2460 0.3050 0.1724 0.2765 
        H070  5 0.1970 0.2613 0.2343 0.3075 
        H077  5 0.2180 0.2008 0.2148 0.3664 
        H078  5 0.2628 0.1843 0.2295 0.3234 
        H079  5 0.2352 0.2751 0.3208 0.1690 
        H097  5 0.3195 0.1494 0.2393 0.2919 
        H107  5 0.1631 0.2756 0.1718 0.3895 
        H122  5 0.2751 0.1877 0.3160 0.2211 
        H123  5 0.2915 0.2207 0.3009 0.1869 
        H124  5 0.2609 0.2594 0.2893 0.1904 
        H131  5 0.2574 0.2858 0.2605 0.1963 
        H132  5 0.2299 0.2948 0.2124 0.2629 
        H141  5 0.2413 0.2101 0.2885 0.2601 
        H142  5 0.2479 0.2587 0.3090 0.1845 
        H157  5 0.1967 0.2655 0.2337 0.3042 
        H158  5 0.3571 0.1702 0.2627 0.2100 
        H159  5 0.2668 0.2341 0.3296 0.1694 
        H160  5 0.2551 0.1893 0.3315 0.2241 
        H163  5 0.2525 0.2428 0.2906 0.2141 
        H164  5 0.2419 0.2829 0.2396 0.2356 
        H165  5 0.2502 0.3501 0.2286 0.1711 
        H166  5 0.2642 0.3010 0.2339 0.2010 
        H169  5 0.2388 0.2690 0.2270 0.2652 
     H169613  5 0.2508 0.2201 0.2492 0.2798 
     H169653  5 0.2618 0.3081 0.2165 0.2136 
     H169728  5 0.2531 0.2075 0.3349 0.2045 
     H169742  5 0.2198 0.2988 0.2508 0.2306 
        H170  5 0.3369 0.2341 0.2057 0.2232 
        H171  5 0.3197 0.2386 0.2153 0.2264 
     H171851  5 0.2785 0.2528 0.2191 0.2496 
     H171852  5 0.2568 0.1919 0.2137 0.3376 
     H171853  5 0.1981 0.2707 0.2561 0.2752 
     H171854  5 0.2545 0.2090 0.2661 0.2704 
     H171938  5 0.2020 0.3029 0.2505 0.2447 
     H171939  5 0.3276 0.2579 0.2146 0.1999 
     H171941  5 0.1848 0.3205 0.1526 0.3421 
     H171965  5 0.2831 0.2729 0.2257 0.2183 
     H171970  5 0.1792 0.2824 0.1631 0.3753 
     H171973  5 0.2250 0.2839 0.3125 0.1786 
     H171974  5 0.2028 0.3089 0.2302 0.2582 
     H171975  5 0.2122 0.3557 0.1745 0.2576 
     H171976  5 0.3421 0.1637 0.2541 0.2401 
        H175  5 0.2115 0.2846 0.2216 0.2823 
        H178  5 0.2255 0.3076 0.2070 0.2600 
        H189  5 0.3159 0.2346 0.2617 0.1878 
        H399  5 0.3485 0.1622 0.2694 0.2198 
        H416  5 0.2320 0.2376 0.2571 0.2733 
        H438  5 0.1977 0.2941 0.2812 0.2270 
        H450  5 0.2278 0.1910 0.2036 0.3775 
        H455  5 0.1701 0.3490 0.1537 0.3272 
        H456  5 0.2153 0.2700 0.2689 0.2459 
        H457  5 0.2678 0.1923 0.2095 0.3303 
        H458  5 0.1998 0.2718 0.2177 0.3108 
        H459  5 0.2585 0.2541 0.3022 0.1851 
        H460  5 0.2245 0.1773 0.3498 0.2485 
        H461  5 0.3295 0.1678 0.2480 0.2547 
        H462  5 0.2279 0.3074 0.2926 0.1721 
        H469  5 0.2504 0.3016 0.2535 0.1945 
        H470  5 0.2392 0.2614 0.2416 0.2578 
        H471  5 0.3321 0.1599 0.3319 0.1761 
        H481  5 0.2030 0.1923 0.2083 0.3964 
        H482  5 0.2402 0.2121 0.2310 0.3167 
        H501  5 0.2104 0.2860 0.2383 0.2652 
        H502  5 0.2964 0.2544 0.2582 0.1910 
        H503  5 0.2937 0.2580 0.2467 0.2016 
        H509  5 0.1960 0.2681 0.2596 0.2762 
        H510  5 0.2367 0.3351 0.2018 0.2264 
        H511  5 0.2751 0.2486 0.2434 0.2329 
        H530  5 0.1940 0.2965 0.2360 0.2734 
        H531  5 0.2358 0.1737 0.2723 0.3182 
        H564  5 0.2364 0.2271 0.2441 0.2925 
        H565  5 0.2138 0.1962 0.2158 0.3741 
        H567  5 0.3064 0.2269 0.3065 0.1602 
     H568???  5 0.3463 0.2177 0.2402 0.1958 
        H608  5 0.2185 0.1980 0.2051 0.3784 
        H609  5 0.1969 0.3959 0.1943 0.2129 
        H612  5 0.1718 0.2266 0.2318 0.3698 
        H614  5 0.2376 0.1824 0.2021 0.3779 
        H615  5 0.2601 0.1780 0.2487 0.3132 
        H616  5 0.1733 0.2332 0.1724 0.4212 
        H617  5 0.2258 0.2578 0.3522 0.1642 
        H618  5 0.2027 0.2698 0.2044 0.3231 
        H619  5 0.2349 0.3681 0.1933 0.2037 
        H635  5 0.2365 0.2960 0.2201 0.2474 
        H636  5 0.2003 0.2999 0.2891 0.2106 
        H637  5 0.2466 0.2499 0.2321 0.2714 
        H644  5 0.3919 0.2252 0.2417 0.1412 
        H711  5 0.3405 0.1937 0.2172 0.2486 
        H712  5 0.2022 0.3238 0.2143 0.2598 
       H7360  5 0.2830 0.2393 0.2259 0.2517 
       H7361  5 0.2225 0.2410 0.2130 0.3235 
       H7362  5 0.3727 0.2488 0.2284 0.1501 
       H7363  5 0.2620 0.1959 0.2473 0.2947 
       H7394  5 0.2572 0.2117 0.3093 0.2218 
       H7395  5 0.2145 0.3126 0.2327 0.2402 
       H7396  5 0.2238 0.2300 0.2988 0.2474 
        H742  5 0.2144 0.3031 0.2473 0.2352 
        H743  5 0.2794 0.2629 0.2000 0.2577 
        H744  5 0.2025 0.2355 0.2038 0.3582 
        H957  5 0.2828 0.1797 0.2764 0.2611 
        H958  5 0.2314 0.1973 0.3810 0.1903 
        H959  5 0.1729 0.3084 0.1809 0.3378 
        H960  5 0.2276 0.2954 0.2439 0.2331 
      H_PALI  6 0.2526 0.2572 0.2411 0.2490 
        H581  6 0.2539 0.2019 0.2541 0.2900 
        H582  6 0.2067 0.2272 0.2083 0.3578 
        H583  6 0.2467 0.2236 0.2593 0.2704 
        H595  6 0.2817 0.1963 0.3598 0.1623 
        H596  6 0.2589 0.2152 0.3521 0.1739 
        H597  6 0.3519 0.2348 0.2310 0.1824 
        H598  6 0.2177 0.2537 0.2724 0.2562 
        H599  6 0.1950 0.3123 0.1909 0.3019 
        H642  6 0.3056 0.1734 0.3169 0.2040 
        H643  6 0.2325 0.2521 0.2777 0.2376 
        H664  6 0.2592 0.1387 0.2767 0.3254 
        H665  6 0.1956 0.3282 0.2396 0.2365 
        H674  6 0.3736 0.2294 0.2368 0.1602 
        H675  6 0.2686 0.1976 0.2435 0.2903 
        H676  6 0.2776 0.2085 0.2839 0.2300 
        H686  6 0.2563 0.2468 0.2649 0.2320 
        H687  6 0.2496 0.1933 0.3052 0.2519 
        H917  6 0.2184 0.3081 0.3164 0.1571 
        H918  6 0.2067 0.3898 0.2241 0.1794 
        H919  6 0.1833 0.2578 0.2296 0.3292 
        H920  6 0.2237 0.2445 0.2252 0.3067 
        H631  7 0.2392 0.2625 0.2173 0.2811 
        H684  7 0.3367 0.2493 0.2036 0.2104 
        H685  7 0.2012 0.1440 0.3150 0.3398 
        H713  7 0.1940 0.1990 0.2641 0.3430 
        H715  7 0.3299 0.2310 0.2131 0.2259 
        H716  7 0.2308 0.3448 0.1658 0.2586 
        H717  7 0.2481 0.3008 0.2139 0.2372 
        H729  7 0.2171 0.3530 0.2725 0.1573 
        H730  7 0.2006 0.3612 0.2180 0.2203 
        H431  8 0.2212 0.2111 0.2306 0.3372 
        H432  8 0.3265 0.3057 0.2117 0.1561 
        H433  8 0.2192 0.2751 0.3018 0.2039 
        H434  8 0.2502 0.2930 0.2560 0.2007 
        H444  8 0.2022 0.4022 0.2014 0.1942 
        H454  8 0.1681 0.3166 0.1755 0.3398 
        H475  8 0.1940 0.1713 0.2099 0.4248 
        H491  8 0.2148 0.3237 0.1755 0.2860 
        H492  8 0.2079 0.2282 0.2724 0.2915 
        H493  8 0.2829 0.2303 0.2384 0.2484 
        H494  8 0.2353 0.2564 0.2799 0.2284 
        H495  8 0.2778 0.1540 0.1876 0.3807 
        H662  8 0.3084 0.2426 0.2454 0.2036 
        H663  8 0.2418 0.2556 0.2559 0.2467 
        H695  8 0.2259 0.2594 0.2678 0.2470 
       H7367  8 0.2565 0.2684 0.2995 0.1756 
       H7368  8 0.2783 0.2630 0.2374 0.2213 
       H7369  8 0.2073 0.3574 0.1980 0.2373 
       H7370  8 0.2343 0.1866 0.4349 0.1442 
       H7371  8 0.2062 0.2823 0.3053 0.2062 
        H600  9 0.2217 0.2212 0.2359 0.3212 
        H648  9 0.2660 0.2515 0.2281 0.2544 
        H696  9 0.3713 0.2160 0.2684 0.1442 
        H697  9 0.2541 0.2896 0.2305 0.2257 
        H698  9 0.2788 0.2737 0.2426 0.2048 
        H699  9 0.2486 0.2859 0.2184 0.2471 
        H700  9 0.2142 0.2191 0.2514 0.3153 
        H732  9 0.2400 0.2132 0.2034 0.3434 
        H733  9 0.2523 0.2659 0.2900 0.1918 
        H734  9 0.2716 0.1731 0.3759 0.1795 
        H735  9 0.2666 0.2512 0.2794 0.2028 
        H736  9 0.2524 0.1966 0.3000 0.2509 
        H737  9 0.2465 0.2413 0.1990 0.3131 
        H905  9 0.1963 0.3056 0.1823 0.3158 
        H921  9 0.1904 0.3159 0.2224 0.2714 
        H922  9 0.2214 0.3240 0.3059 0.1487 
     H169705 10 0.2378 0.2112 0.3338 0.2172 
     H171942 10 0.3155 0.3400 0.1982 0.1463 
     H171943 10 0.2576 0.1794 0.3538 0.2093 
     H171944 10 0.2129 0.1859 0.3661 0.2351 
     H171946 10 0.2685 0.1643 0.2518 0.3154 
     H171947 10 0.2535 0.2959 0.2267 0.2239 
     H229641 10 0.2479 0.2074 0.2815 0.2632 
      H30001 10 0.2113 0.2625 0.2637 0.2626 
      H30002 10 0.2269 0.2739 0.2414 0.2578 
      H30005 10 0.2595 0.2384 0.2868 0.2153 
      H30006 10 0.3255 0.2166 0.2598 0.1981 
      H30007 10 0.4150 0.1796 0.2266 0.1787 
        H451 10 0.2471 0.3261 0.2463 0.1805 
        H452 10 0.2954 0.1867 0.2817 0.2362 
        H453 10 0.2345 0.2220 0.1633 0.3803 
        H473 10 0.2641 0.2590 0.2046 0.2723 
        H474 10 0.2293 0.1560 0.2279 0.3869 
        H486 10 0.2252 0.2543 0.2502 0.2703 
        H487 10 0.2422 0.2522 0.2127 0.2928 
        H488 10 0.1869 0.3823 0.1944 0.2364 
        H489 10 0.2103 0.1977 0.2428 0.3492 
        H550 10 0.3118 0.1771 0.3057 0.2054 
        H551 10 0.2027 0.2900 0.2763 0.2310 
        H553 10 0.2568 0.1960 0.2399 0.3073 
        H554 10 0.2725 0.2884 0.2324 0.2067 
        H556 10 0.2898 0.2052 0.2680 0.2370 
        H580 10 0.2554 0.2881 0.2546 0.2019 
        H591 10 0.1810 0.2246 0.1916 0.4028 
        H592 10 0.2164 0.1856 0.3201 0.2779 
        H593 10 0.2760 0.2512 0.2483 0.2245 
        H594 10 0.3083 0.2659 0.2786 0.1471 
        H627 10 0.2519 0.1954 0.2921 0.2606 
        H628 10 0.2412 0.4140 0.2002 0.1446 
        H629 10 0.2809 0.1999 0.2615 0.2578 
        H630 10 0.2491 0.1756 0.3357 0.2396 
        H638 10 0.2338 0.2132 0.3345 0.2185 
        H639 10 0.2684 0.1977 0.2001 0.3337 
        H640 10 0.2887 0.1903 0.3290 0.1920 
        H704 10 0.3245 0.2749 0.2110 0.1896 
        H705 10 0.2384 0.2100 0.3323 0.2193 
        H706 10 0.1879 0.3292 0.1954 0.2875 
        H708 10 0.2032 0.1894 0.2361 0.3714 
       H7351 10 0.2862 0.2559 0.2389 0.2191 
       H7352 10 0.2298 0.2412 0.2543 0.2748 
       H7353 10 0.3743 0.2284 0.1945 0.2028 
       H7354 10 0.2247 0.2669 0.1957 0.3127 
       H7365 10 0.1904 0.2016 0.2714 0.3365 
       H7383 10 0.2019 0.2714 0.2385 0.2883 
       H7384 10 0.2234 0.2785 0.2022 0.2959 
       H7385 10 0.2132 0.2140 0.2489 0.3238 
       H7386 10 0.2197 0.3513 0.2217 0.2074 
       H7387 10 0.2504 0.2321 0.2785 0.2391 
       H7388 10 0.2617 0.2467 0.2375 0.2542 
        H906 10 0.2434 0.3031 0.1619 0.2916 
        H907 10 0.2716 0.2102 0.3206 0.1976 
        H908 10 0.2283 0.2772 0.2526 0.2419 
        H909 10 0.2181 0.3260 0.2034 0.2525 
       H9552 10 0.2700 0.2564 0.2364 0.2373 
       H9553 10 0.2652 0.2126 0.2568 0.2654 
       H9555 10 0.2246 0.2318 0.3538 0.1897 
       H9575 10 0.2376 0.1815 0.2325 0.3483 
       H9703 10 0.2196 0.1718 0.2194 0.3893 
       H9707 10 0.2233 0.1984 0.2495 0.3288 
       HSAA4 10 0.2568 0.2878 0.2506 0.2049 
        H001 11 0.2455 0.2709 0.2023 0.2813 
        H004 11 0.2506 0.2537 0.2645 0.2313 
        H005 11 0.1737 0.2720 0.1573 0.3970 
        H006 11 0.2251 0.2353 0.2845 0.2550 
        H007 11 0.1842 0.3317 0.1871 0.2970 
        H031 11 0.1711 0.1854 0.2548 0.3887 
        H074 11 0.2159 0.2025 0.2765 0.3051 
        H075 11 0.1888 0.2320 0.2440 0.3352 
        H080 11 0.2079 0.2534 0.1967 0.3420 
        H086 11 0.2600 0.2561 0.2268 0.2571 
        H092 11 0.2262 0.1987 0.2581 0.3170 
        H093 11 0.3490 0.2722 0.2150 0.1638 
        H094 11 0.2492 0.1655 0.3666 0.2187 
        H095 11 0.2398 0.2108 0.2327 0.3167 
        H096 11 0.1947 0.3147 0.2189 0.2717 
        H099 11 0.2168 0.2349 0.2443 0.3040 
        H100 11 0.2930 0.2986 0.2474 0.1610 
        H127 11 0.2267 0.2839 0.2181 0.2713 
        H136 11 0.2098 0.1932 0.2054 0.3916 
        H153 11 0.2463 0.2474 0.2583 0.2480 
        H154 11 0.2057 0.1630 0.2870 0.3442 
        H155 11 0.2158 0.4183 0.2159 0.1501 
        H156 11 0.2567 0.3528 0.2437 0.1469 
        H161 11 0.2923 0.2640 0.2224 0.2213 
        H162 11 0.2699 0.2086 0.3448 0.1767 
        H167 11 0.2435 0.3029 0.2253 0.2283 
        H168 11 0.2608 0.2661 0.2273 0.2458 
     H169586 11 0.3325 0.1442 0.2102 0.3132 
     H169738 11 0.2405 0.3461 0.2366 0.1767 
     H169741 11 0.2018 0.1747 0.2819 0.3417 
     H171801 11 0.2924 0.3231 0.2138 0.1707 
     H171810 11 0.2128 0.2067 0.2703 0.3102 
     H171811 11 0.2348 0.1631 0.2392 0.3629 
     H171812 11 0.1943 0.3955 0.1812 0.2291 
     H171820 11 0.2029 0.2139 0.2440 0.3392 
     H171821 11 0.2500 0.2695 0.2676 0.2130 
     H171822 11 0.2576 0.2171 0.3057 0.2197 
     H171823 11 0.2586 0.2019 0.1615 0.3780 
     H171866 11 0.3180 0.2679 0.2110 0.2030 
     H171867 11 0.2118 0.2931 0.2978 0.1973 
     H171967 11 0.1873 0.2968 0.2209 0.2951 
     H171969 11 0.2324 0.2889 0.2444 0.2342 
        H172 11 0.2350 0.2555 0.2829 0.2266 
        H173 11 0.1914 0.3132 0.2778 0.2176 
        H174 11 0.3182 0.1855 0.3245 0.1719 
        H196 11 0.2724 0.2947 0.2421 0.1908 
        H197 11 0.2289 0.2948 0.2563 0.2200 
        H346 11 0.1914 0.3287 0.2067 0.2733 
        H355 11 0.2562 0.2840 0.2067 0.2532 
        H356 11 0.2405 0.2557 0.2352 0.2685 
        H357 11 0.2066 0.2562 0.2510 0.2863 
        H358 11 0.2164 0.2407 0.2947 0.2483 
        H359 11 0.2452 0.2109 0.2910 0.2529 
        H360 11 0.2129 0.2768 0.2474 0.2630 
        H361 11 0.2537 0.2889 0.2124 0.2450 
        H362 11 0.2721 0.2257 0.3429 0.1593 
        H363 11 0.1925 0.1929 0.2398 0.3748 
        H364 11 0.2676 0.2338 0.2074 0.2912 
        H365 11 0.2676 0.3166 0.2101 0.2057 
        H366 11 0.2575 0.3068 0.2544 0.1813 
        H367 11 0.2111 0.2185 0.2224 0.3480 
        H368 11 0.2842 0.1718 0.3622 0.1817 
        H369 11 0.1762 0.2192 0.2224 0.3822 
        H370 11 0.2416 0.2515 0.2984 0.2084 
        H371 11 0.2305 0.2499 0.2720 0.2476 
        H372 11 0.2625 0.2394 0.2696 0.2285 
        H373 11 0.2201 0.2820 0.2276 0.2703 
        H374 11 0.2025 0.3151 0.1790 0.3035 
        H375 11 0.1922 0.3262 0.2446 0.2370 
        H376 11 0.2781 0.2906 0.2353 0.1960 
        H377 11 0.2142 0.2382 0.2665 0.2811 
        H378 11 0.2625 0.2243 0.2310 0.2821 
        H379 11 0.2415 0.1928 0.3183 0.2473 
        H380 11 0.2153 0.3342 0.2747 0.1757 
        H381 11 0.2375 0.1829 0.2520 0.3277 
        H382 11 0.2781 0.2600 0.3053 0.1565 
        H383 11 0.2867 0.3411 0.1909 0.1813 
        H384 11 0.2333 0.1978 0.2316 0.3372 
        H385 11 0.2128 0.1940 0.2689 0.3243 
        H386 11 0.1980 0.3147 0.2741 0.2132 
        H387 11 0.3603 0.1672 0.1994 0.2731 
        H388 11 0.3015 0.2900 0.2453 0.1632 
        H389 11 0.1994 0.2989 0.2754 0.2263 
        H390 11 0.2388 0.2525 0.3099 0.1988 
        H391 11 0.3143 0.1603 0.3237 0.2017 
        H392 11 0.1942 0.2359 0.2279 0.3420 
        H393 11 0.2848 0.3351 0.2138 0.1663 
        H394 11 0.3659 0.2266 0.2306 0.1769 
        H395 11 0.2032 0.2391 0.1994 0.3583 
        H408 11 0.2091 0.3171 0.2068 0.2670 
        H412 11 0.2596 0.1262 0.2780 0.3362 
        H417 11 0.2210 0.2263 0.2476 0.3051 
        H418 11 0.2712 0.1873 0.2558 0.2857 
        H429 11 0.2324 0.2958 0.2580 0.2138 
        H430 11 0.2259 0.3376 0.2561 0.1804 
        H439 11 0.2066 0.2625 0.2666 0.2642 
        H440 11 0.2184 0.1865 0.2022 0.3929 
        H441 11 0.2291 0.2549 0.3187 0.1973 
        H442 11 0.2721 0.2692 0.2559 0.2027 
        H446 11 0.2649 0.2266 0.2634 0.2451 
        H447 11 0.2138 0.2507 0.3583 0.1772 
        H448 11 0.2162 0.3259 0.2588 0.1991 
        H534 11 0.2165 0.1880 0.1749 0.4206 
        H537 11 0.2278 0.2302 0.1973 0.3447 
        H568 11 0.2000 0.1875 0.2105 0.4020 
        H569 11 0.2560 0.3056 0.3043 0.1340 
        H586 11 0.3422 0.1404 0.2136 0.3038 
        H587 11 0.1849 0.2037 0.2146 0.3968 
        H588 11 0.3535 0.2260 0.2325 0.1880 
        H589 11 0.2050 0.1934 0.2123 0.3892 
        H590 11 0.2257 0.2465 0.1943 0.3335 
        H601 11 0.2767 0.2920 0.2595 0.1718 
        H602 11 0.2204 0.2128 0.2720 0.2948 
        H603 11 0.2098 0.3206 0.2775 0.1922 
        H610 11 0.2309 0.2360 0.2623 0.2708 
        H611 11 0.2018 0.1668 0.3503 0.2811 
        H649 11 0.2315 0.3112 0.2242 0.2331 
        H650 11 0.2782 0.1630 0.3436 0.2152 
        H651 11 0.2052 0.3376 0.2262 0.2310 
        H652 11 0.2820 0.1971 0.2241 0.2967 
       H7364 11 0.2570 0.2573 0.2858 0.1999 
       H7366 11 0.2105 0.3080 0.2130 0.2685 
       H7378 11 0.4312 0.1718 0.2624 0.1347 
       H7379 11 0.2653 0.2648 0.2120 0.2579 
        H739 11 0.2121 0.2059 0.2598 0.3221 
        H740 11 0.2866 0.1893 0.2960 0.2282 
        H741 11 0.2037 0.1775 0.2782 0.3406 
        H926 11 0.2685 0.2347 0.2677 0.2291 
        H927 11 0.2421 0.1943 0.3670 0.1966 
        H928 11 0.2382 0.1694 0.3427 0.2498 
       H9560 11 0.2877 0.1692 0.3258 0.2172 
        H409 12 0.2176 0.3700 0.2385 0.1738 
        H413 12 0.3763 0.2190 0.2474 0.1573 
        H419 12 0.2328 0.3278 0.2233 0.2161 
        H420 12 0.2271 0.2812 0.2053 0.2865 
        H421 12 0.3075 0.2850 0.2309 0.1766 
        H435 12 0.2844 0.2819 0.2401 0.1935 
        H436 12 0.2091 0.3114 0.2477 0.2319 
        H437 12 0.2374 0.2029 0.2004 0.3594 
        H445 12 0.2352 0.3468 0.2163 0.2017 
        H449 12 0.3063 0.2396 0.2245 0.2296 
        H463 12 0.2367 0.2496 0.2093 0.3044 
        H464 12 0.3154 0.2805 0.2299 0.1742 
        H465 12 0.3301 0.1677 0.2554 0.2468 
        H490 12 0.3015 0.2415 0.2784 0.1787 
        H561 12 0.2510 0.2267 0.2680 0.2543 
        H562 12 0.1839 0.3860 0.2108 0.2193 
        H563 12 0.2114 0.3063 0.2169 0.2654 
        H570 12 0.1906 0.2854 0.2134 0.3106 
        H571 12 0.3003 0.1933 0.2785 0.2279 
        H572 12 0.2225 0.3308 0.2231 0.2236 
        H573 12 0.2289 0.3275 0.2647 0.1789 
       H7372 12 0.2555 0.3206 0.2660 0.1579 
       H7373 12 0.3664 0.1865 0.2489 0.1982 
       H7374 12 0.2163 0.3188 0.1643 0.3006 
       H7375 12 0.2218 0.2682 0.2283 0.2817 
       H7376 12 0.1889 0.4663 0.1969 0.1478 
       H7377 12 0.2069 0.1878 0.2873 0.3181 
