        H102  1 0.2599 0.4014 0.3387 
        H103  1 0.5636 0.1699 0.2665 
        H104  1 0.2029 0.4377 0.3595 
        H105  1 0.2816 0.3182 0.4003 
        H106  1 0.3377 0.3769 0.2854 
        H112  1 0.2314 0.4229 0.3457 
        H113  1 0.2357 0.2364 0.5279 
        H114  1 0.2528 0.1797 0.5675 
        H115  1 0.1902 0.3557 0.4541 
        H143  1 0.2989 0.2636 0.4376 
        H144  1 0.4969 0.1761 0.3270 
        H145  1 0.4570 0.2013 0.3417 
        H149  1 0.2361 0.4861 0.2778 
        H150  1 0.3785 0.2995 0.3221 
     H167542  1 0.2280 0.2657 0.5063 
     H169604  1 0.2757 0.2751 0.4491 
     H169607  1 0.3928 0.2212 0.3861 
     H169608  1 0.2447 0.5036 0.2517 
     H169633  1 0.2808 0.1891 0.5301 
     H169688  1 0.5211 0.2620 0.2169 
     H169714  1 0.2741 0.4096 0.3163 
     H171802  1 0.2997 0.4223 0.2780 
     H171805  1 0.4140 0.2505 0.3355 
     H171807  1 0.3316 0.4245 0.2439 
     H171814  1 0.4520 0.1771 0.3710 
     H171816  1 0.2854 0.4233 0.2913 
     H171817  1 0.2463 0.4262 0.3275 
     H171818  1 0.3188 0.3037 0.3776 
     H171819  1 0.2924 0.3271 0.3805 
     H171834  1 0.3228 0.3066 0.3707 
     H171835  1 0.2102 0.5289 0.2609 
     H171836  1 0.4092 0.1409 0.4499 
     H171837  1 0.2253 0.3919 0.3828 
     H171838  1 0.4464 0.2365 0.3171 
     H171839  1 0.2157 0.3657 0.4186 
     H171841  1 0.2551 0.5866 0.1583 
     H171860  1 0.2766 0.3175 0.4059 
     H171861  1 0.3368 0.1608 0.5024 
     H171862  1 0.3209 0.2904 0.3888 
     H171868  1 0.2458 0.2717 0.4825 
     H171869  1 0.4757 0.2472 0.2771 
     H171870  1 0.3940 0.3709 0.2352 
     H171871  1 0.4310 0.2325 0.3365 
     H171872  1 0.2183 0.3723 0.4094 
     H171873  1 0.3963 0.3569 0.2468 
     H171874  1 0.3857 0.2475 0.3668 
     H171875  1 0.3243 0.1490 0.5267 
     H171876  1 0.3548 0.2334 0.4117 
     H171877  1 0.2164 0.3001 0.4835 
     H171878  1 0.3975 0.4057 0.1968 
     H171901  1 0.2849 0.4407 0.2744 
     H171902  1 0.4033 0.3344 0.2623 
     H171903  1 0.3114 0.2852 0.4034 
     H171935  1 0.3537 0.4353 0.2110 
     H171936  1 0.2772 0.2170 0.5059 
     H171940  1 0.2815 0.4448 0.2737 
     H171945  1 0.3986 0.2996 0.3018 
     H171948  1 0.2706 0.3879 0.3414 
     H171949  1 0.2329 0.5380 0.2290 
     H171950  1 0.2184 0.5658 0.2158 
     H171963  1 0.4940 0.2348 0.2711 
     H171964  1 0.5294 0.2245 0.2461 
     H171966  1 0.3738 0.3355 0.2908 
     H171968  1 0.3314 0.3778 0.2908 
     H171971  1 0.4210 0.3302 0.2487 
     H171972  1 0.4859 0.2037 0.3104 
     H171977  1 0.4495 0.2157 0.3347 
     H171978  1 0.3214 0.4457 0.2329 
     H171979  1 0.4524 0.1964 0.3513 
        H176  1 0.2848 0.2868 0.4284 
        H177  1 0.2077 0.5482 0.2441 
        H179  1 0.1859 0.4213 0.3929 
        H181  1 0.4370 0.2344 0.3286 
        H182  1 0.3970 0.1725 0.4305 
        H183  1 0.5269 0.2469 0.2262 
        H184  1 0.2793 0.4165 0.3042 
        H185  1 0.3927 0.2220 0.3852 
        H186  1 0.3781 0.3555 0.2664 
        H187  1 0.3582 0.3193 0.3224 
        H188  1 0.2207 0.3961 0.3831 
        H192  1 0.2557 0.4953 0.2490 
        H193  1 0.4440 0.2179 0.3381 
        H194  1 0.2560 0.3548 0.3892 
        H195  1 0.5386 0.2261 0.2353 
        H199  1 0.5090 0.2336 0.2574 
        H200  1 0.2652 0.3858 0.3490 
        H414  1 0.3984 0.2468 0.3547 
        H415  1 0.2907 0.2117 0.4976 
        H422  1 0.3674 0.3626 0.2700 
        H423  1 0.1924 0.6279 0.1798 
        H424  1 0.4391 0.1996 0.3613 
        H425  1 0.5071 0.2098 0.2831 
        H426  1 0.5421 0.2584 0.1995 
        H443  1 0.4580 0.2311 0.3109 
        H466  1 0.3235 0.3634 0.3131 
        H467  1 0.2329 0.5440 0.2231 
        H472  1 0.3369 0.3448 0.3183 
        H483  1 0.3477 0.2456 0.4068 
        H504  1 0.5300 0.1895 0.2805 
        H505  1 0.2856 0.4163 0.2981 
        H506  1 0.3551 0.3307 0.3142 
        H507  1 0.4033 0.1640 0.4327 
        H508  1 0.3628 0.3955 0.2418 
        H524  1 0.3326 0.2031 0.4643 
        H525  1 0.3946 0.2720 0.3334 
        H526  1 0.2551 0.2320 0.5129 
        H527  1 0.2669 0.4597 0.2734 
        H528  1 0.3969 0.1834 0.4198 
        H529  1 0.4183 0.1795 0.4022 
        H533  1 0.3848 0.1765 0.4388 
        H538  1 0.2747 0.3550 0.3704 
        H539  1 0.4482 0.2859 0.2659 
        H540  1 0.2986 0.3111 0.3903 
        H541  1 0.2676 0.2670 0.4654 
        H558  1 0.5433 0.2434 0.2133 
        H559  1 0.3075 0.3133 0.3793 
        H579  1 0.4127 0.2487 0.3387 
        H584  1 0.4928 0.2219 0.2853 
        H585  1 0.3924 0.2447 0.3629 
        H605  1 0.2994 0.3902 0.3104 
        H606  1 0.2058 0.5058 0.2884 
        H632  1 0.4628 0.2329 0.3042 
        H634  1 0.4086 0.2713 0.3202 
        H671  1 0.2201 0.5401 0.2398 
        H672  1 0.3229 0.2780 0.3991 
        H673  1 0.4143 0.2619 0.3238 
        H689  1 0.3259 0.2516 0.4225 
        H690  1 0.2236 0.3874 0.3889 
        H691  1 0.2477 0.2771 0.4752 
        H692  1 0.5105 0.1272 0.3623 
        H709  1 0.3584 0.2681 0.3736 
        H710  1 0.4809 0.1587 0.3604 
       H7355  1 0.2485 0.1946 0.5569 
       H7356  1 0.4056 0.3059 0.2885 
       H7357  1 0.2385 0.3795 0.3820 
       H7358  1 0.3663 0.2360 0.3976 
       H7380  1 0.3421 0.2488 0.4090 
       H7381  1 0.3318 0.4505 0.2177 
       H7382  1 0.3568 0.2512 0.3920 
        H904  1 0.1518 0.6156 0.2326 
        H923  1 0.3169 0.3481 0.3349 
        H924  1 0.2813 0.3940 0.3247 
        H925  1 0.2783 0.2523 0.4695 
       H9558  1 0.5761 0.2228 0.2011 
        H008  2 0.3464 0.1869 0.4667 
        H021  2 0.2435 0.4407 0.3157 
        H023  2 0.2293 0.4664 0.3043 
        H024  2 0.4490 0.1704 0.3805 
        H025  2 0.3629 0.4312 0.2059 
        H026  2 0.5099 0.1869 0.3032 
        H027  2 0.2673 0.2681 0.4646 
        H028  2 0.3957 0.2574 0.3469 
        H029  2 0.3583 0.2069 0.4348 
        H030  2 0.5255 0.1744 0.3001 
        H038  2 0.2873 0.4700 0.2427 
        H039  2 0.1453 0.7118 0.1429 
        H040  2 0.2834 0.4550 0.2616 
        H041  2 0.2268 0.2536 0.5196 
        H042  2 0.2965 0.3728 0.3306 
        H043  2 0.2881 0.5475 0.1644 
        H044  2 0.4944 0.2129 0.2927 
        H047  2 0.3810 0.3794 0.2396 
        H050  2 0.4206 0.2087 0.3707 
        H058  2 0.3453 0.4112 0.2435 
        H062  2 0.2412 0.4660 0.2928 
        H063  2 0.2276 0.4868 0.2856 
        H065  2 0.4321 0.3324 0.2355 
        H066  2 0.4475 0.2595 0.2930 
        H067  2 0.3095 0.2569 0.4336 
        H068  2 0.2764 0.5040 0.2196 
        H069  2 0.4525 0.2934 0.2541 
        H071  2 0.2676 0.4307 0.3017 
        H072  2 0.2033 0.5626 0.2341 
        H073  2 0.3746 0.2468 0.3786 
        H081  2 0.2046 0.3314 0.4640 
        H082  2 0.5066 0.1804 0.3130 
        H083  2 0.5312 0.2025 0.2663 
        H084  2 0.3232 0.3448 0.3320 
        H085  2 0.2277 0.2533 0.5190 
        H087  2 0.2234 0.2992 0.4774 
        H088  2 0.2331 0.4378 0.3291 
        H089  2 0.2704 0.2618 0.4678 
        H090  2 0.3725 0.1970 0.4305 
        H091  2 0.3025 0.1686 0.5289 
        H098  2 0.3278 0.2598 0.4125 
      H10001  2 0.1379 0.7161 0.1460 
      H10002  2 0.2145 0.4608 0.3247 
        H101  2 0.4346 0.2169 0.3485 
        H108  2 0.1914 0.5108 0.2978 
        H109  2 0.3226 0.3530 0.3244 
        H110  2 0.2456 0.2146 0.5398 
        H116  2 0.4332 0.2362 0.3306 
        H117  2 0.2471 0.1918 0.5611 
        H118  2 0.4214 0.1632 0.4154 
        H119  2 0.2449 0.3735 0.3816 
        H120  2 0.1628 0.6085 0.2287 
        H121  2 0.3480 0.1875 0.4645 
        H125  2 0.1397 0.7070 0.1533 
        H126  2 0.5006 0.2542 0.2452 
        H128  2 0.5478 0.1011 0.3511 
        H129  2 0.5488 0.1956 0.2556 
        H130  2 0.3499 0.4927 0.1574 
        H133  2 0.2378 0.5698 0.1924 
        H134  2 0.6155 0.1658 0.2186 
        H135  2 0.2679 0.3224 0.4097 
        H137  2 0.3393 0.2839 0.3768 
        H138  2 0.5312 0.2073 0.2615 
        H140  2 0.3442 0.2950 0.3608 
        H146  2 0.3675 0.2168 0.4156 
        H147  2 0.2925 0.2156 0.4919 
        H148  2 0.2065 0.2160 0.5775 
     H166022  2 0.3547 0.1926 0.4526 
     H167359  2 0.3633 0.2909 0.3458 
     H167397  2 0.3992 0.1222 0.4786 
     H167428  2 0.3435 0.1419 0.5147 
     H167496  2 0.1719 0.5215 0.3067 
     H167513  2 0.4110 0.3370 0.2520 
     H167545  2 0.5026 0.2096 0.2878 
     H167547  2 0.5150 0.1648 0.3202 
     H169621  2 0.4128 0.1958 0.3914 
     H169622  2 0.4162 0.2161 0.3676 
     H169750  2 0.4025 0.3938 0.2037 
     H171806  2 0.3102 0.3485 0.3413 
     H171808  2 0.3575 0.2985 0.3439 
     H171809  2 0.2540 0.3313 0.4147 
     H171813  2 0.3975 0.3487 0.2538 
     H171815  2 0.2383 0.5719 0.1898 
     H171824  2 0.1875 0.4215 0.3910 
     H171825  2 0.3834 0.2721 0.3445 
     H171826  2 0.2414 0.3431 0.4155 
     H171827  2 0.2908 0.3318 0.3774 
     H171828  2 0.1416 0.6293 0.2292 
     H171829  2 0.4456 0.3027 0.2516 
     H171830  2 0.3180 0.3118 0.3702 
     H171831  2 0.4943 0.1745 0.3312 
     H171832  2 0.4471 0.2650 0.2878 
     H171863  2 0.5761 0.1590 0.2650 
     H171864  2 0.2728 0.2807 0.4465 
     H171865  2 0.2467 0.5123 0.2410 
     H171879  2 0.3174 0.2607 0.4219 
     H171880  2 0.3248 0.2244 0.4507 
     H171881  2 0.3243 0.2797 0.3960 
     H171882  2 0.1748 0.6484 0.1767 
     H171929  2 0.3252 0.2767 0.3981 
     H171930  2 0.5162 0.1671 0.3166 
     H171933  2 0.3485 0.2602 0.3913 
     H171934  2 0.2645 0.3037 0.4319 
     H171937  2 0.5256 0.2179 0.2564 
     H171962  2 0.3418 0.2668 0.3914 
        H190  2 0.3599 0.2752 0.3649 
        H191  2 0.3373 0.3407 0.3220 
        H396  2 0.2550 0.3681 0.3769 
        H397  2 0.3523 0.2731 0.3747 
        H398  2 0.3812 0.3572 0.2616 
        H400  2 0.2773 0.2953 0.4274 
        H401  2 0.4524 0.1380 0.4096 
        H402  2 0.3495 0.2065 0.4440 
        H427  2 0.2400 0.2933 0.4667 
        H428  2 0.3317 0.1421 0.5262 
        H497  2 0.3399 0.4166 0.2436 
        H512  2 0.3120 0.2780 0.4100 
        H513  2 0.4075 0.3456 0.2469 
        H514  2 0.4812 0.2615 0.2573 
        H519  2 0.3937 0.3332 0.2731 
        H532  2 0.2740 0.2163 0.5097 
        H543  2 0.3255 0.1940 0.4805 
        H544  2 0.5110 0.3023 0.1867 
        H545  2 0.5495 0.1898 0.2607 
        H546  2 0.2768 0.5053 0.2179 
        H547  2 0.5098 0.1714 0.3188 
        H548  2 0.2537 0.2563 0.4900 
        H549  2 0.4348 0.3169 0.2483 
        H620  2 0.1560 0.6407 0.2032 
        H623  2 0.5189 0.2394 0.2417 
        H624  2 0.4121 0.4291 0.1588 
        H625  2 0.3025 0.3012 0.3963 
        H626  2 0.3043 0.3302 0.3655 
        H654  2 0.1679 0.7046 0.1275 
        H655  2 0.2925 0.4307 0.2768 
        H656  2 0.1683 0.6246 0.2071 
        H666  2 0.2345 0.6001 0.1653 
        H667  2 0.3082 0.2795 0.4123 
        H677  2 0.3213 0.2630 0.4157 
        H693  2 0.1838 0.5197 0.2965 
        H694  2 0.4501 0.2518 0.2981 
        H701  2 0.3548 0.2256 0.4196 
        H702  2 0.2936 0.3791 0.3273 
        H731  2 0.2595 0.4162 0.3243 
       H7359  2 0.3565 0.2879 0.3556 
       H7389  2 0.3442 0.2731 0.3827 
       H7390  2 0.2211 0.5592 0.2197 
       H7391  2 0.1731 0.2209 0.6060 
       H7392  2 0.3529 0.3736 0.2735 
       H7393  2 0.2897 0.4170 0.2934 
       H7398  2 0.2251 0.2683 0.5067 
       H7399  2 0.3931 0.2064 0.4004 
       H7400  2 0.1607 0.6867 0.1526 
        H745  2 0.5899 0.1853 0.2248 
        H746  2 0.4031 0.2153 0.3816 
        H747  2 0.2432 0.4843 0.2726 
        H748  2 0.3278 0.3071 0.3650 
       H7484  2 0.2102 0.5658 0.2240 
       H7485  2 0.4156 0.3054 0.2790 
        H749  2 0.3876 0.2370 0.3754 
        H930  2 0.4778 0.1818 0.3404 
        H931  2 0.3074 0.2863 0.4063 
        H932  2 0.3370 0.3084 0.3546 
        H111  3 0.5023 0.2098 0.2878 
        H951  3 0.4170 0.2127 0.3703 
        H952  3 0.3991 0.2858 0.3150 
        H953  3 0.2475 0.2154 0.5370 
        H954  3 0.2427 0.5251 0.2322 
        H955  3 0.4781 0.1927 0.3292 
        H956  3 0.2608 0.3347 0.4046 
       H9563  3 0.2530 0.3580 0.3890 
        H002  4 0.3203 0.4915 0.1881 
        H003  4 0.3379 0.2158 0.4463 
        H009  4 0.5124 0.2455 0.2421 
        H010  4 0.2972 0.2671 0.4357 
        H011  4 0.1760 0.6176 0.2064 
        H012  4 0.2815 0.2187 0.4998 
        H013  4 0.2247 0.3926 0.3827 
        H014  4 0.3790 0.3201 0.3009 
        H045  4 0.2051 0.4138 0.3812 
        H046  4 0.4000 0.2235 0.3765 
        H051  4 0.2181 0.4632 0.3188 
        H052  4 0.3388 0.4433 0.2179 
        H053  4 0.2642 0.3888 0.3470 
        H056  4 0.2763 0.5074 0.2163 
        H076  4 0.4000 0.1937 0.4063 
        H151  4 0.2421 0.5842 0.1737 
        H152  4 0.3355 0.4389 0.2256 
     H171803  4 0.2631 0.4815 0.2555 
     H171804  4 0.2413 0.4222 0.3364 
     H171833  4 0.5370 0.2165 0.2465 
     H171855  4 0.2859 0.5426 0.1715 
     H171856  4 0.3051 0.3590 0.3358 
     H171857  4 0.3068 0.4582 0.2350 
     H171858  4 0.3506 0.3006 0.3488 
     H171859  4 0.3087 0.3620 0.3293 
     H171961  4 0.2449 0.4676 0.2875 
        H198  4 0.4117 0.1574 0.4309 
      H20001  4 0.5687 0.2366 0.1947 
        H403  4 0.3448 0.3757 0.2795 
        H404  4 0.3252 0.2125 0.4623 
        H405  4 0.3515 0.2042 0.4443 
        H406  4 0.5154 0.2595 0.2251 
        H407  4 0.2523 0.3532 0.3946 
        H410  4 0.2997 0.1671 0.5331 
        H411  4 0.5131 0.2284 0.2585 
        H468  4 0.5141 0.2977 0.1882 
        H476  4 0.3774 0.3739 0.2487 
        H477  4 0.5770 0.2027 0.2202 
        H478  4 0.3588 0.2500 0.3912 
        H479  4 0.2511 0.4169 0.3320 
        H480  4 0.5298 0.1906 0.2796 
        H498  4 0.3762 0.2898 0.3340 
        H499  4 0.3561 0.3231 0.3208 
        H500  4 0.2075 0.4925 0.3001 
        H515  4 0.2795 0.3928 0.3278 
        H516  4 0.3848 0.3337 0.2815 
        H517  4 0.3099 0.2685 0.4216 
        H518  4 0.3703 0.4224 0.2073 
        H520  4 0.3065 0.4446 0.2489 
        H521  4 0.3252 0.3016 0.3732 
        H522  4 0.3309 0.3918 0.2773 
        H523  4 0.3326 0.3536 0.3138 
        H536  4 0.3400 0.2850 0.3750 
        H645  4 0.1898 0.3911 0.4192 
        H646  4 0.4326 0.1914 0.3760 
        H647  4 0.4066 0.2899 0.3035 
        H657  4 0.3514 0.2171 0.4314 
        H658  4 0.3044 0.3323 0.3633 
        H659  4 0.1791 0.6501 0.1708 
        H660  4 0.3515 0.3952 0.2532 
        H661  4 0.2649 0.5267 0.2084 
        H668  4 0.2705 0.2108 0.5187 
        H669  4 0.2665 0.3226 0.4109 
        H670  4 0.1967 0.3646 0.4387 
        H678  4 0.3216 0.3029 0.3755 
        H679  4 0.3652 0.2024 0.4324 
        H680  4 0.4316 0.3065 0.2619 
        H681  4 0.2544 0.3884 0.3572 
        H682  4 0.2838 0.2504 0.4657 
        H683  4 0.3976 0.4064 0.1959 
        H718  4 0.2328 0.5506 0.2166 
        H719  4 0.2613 0.4037 0.3350 
        H720  4 0.3706 0.4261 0.2033 
        H721  4 0.3757 0.4040 0.2203 
        H722  4 0.4316 0.4049 0.1635 
        H723  4 0.2091 0.4338 0.3571 
        H724  4 0.1981 0.5944 0.2076 
        H725  4 0.2485 0.5671 0.1844 
        H726  4 0.2596 0.4656 0.2748 
        H727  4 0.2189 0.4181 0.3630 
        H910  4 0.2357 0.4129 0.3514 
        H911  4 0.3752 0.2481 0.3767 
        H912  4 0.3898 0.3294 0.2809 
        H913  4 0.2818 0.4146 0.3036 
        H914  4 0.1761 0.4618 0.3621 
        H915  4 0.3280 0.3306 0.3415 
        H916  4 0.4578 0.2823 0.2598 
       H9572  4 0.3292 0.4147 0.2561 
        H015  5 0.5005 0.2397 0.2598 
        H016  5 0.5156 0.2147 0.2697 
        H017  5 0.4544 0.3237 0.2219 
        H019  5 0.4065 0.2972 0.2963 
        H020  5 0.3060 0.3673 0.3267 
        H032  5 0.3195 0.3579 0.3226 
        H033  5 0.3134 0.2575 0.4291 
        H034  5 0.2056 0.4625 0.3318 
        H035  5 0.3417 0.3009 0.3574 
        H036  5 0.4018 0.2479 0.3503 
        H037  5 0.2574 0.4539 0.2888 
        H048  5 0.2017 0.5286 0.2697 
        H049  5 0.4910 0.2924 0.2165 
        H054  5 0.3383 0.2996 0.3621 
        H055  5 0.2761 0.4221 0.3018 
        H057  5 0.4847 0.3202 0.1951 
        H060  5 0.3144 0.4246 0.2610 
        H061  5 0.3306 0.2677 0.4017 
        H064  5 0.3125 0.4179 0.2697 
        H070  5 0.2417 0.3946 0.3638 
        H077  5 0.2540 0.5406 0.2054 
        H078  5 0.3489 0.4285 0.2226 
        H079  5 0.2635 0.1980 0.5385 
        H097  5 0.4541 0.3658 0.1801 
        H107  5 0.1559 0.6354 0.2087 
        H122  5 0.4201 0.2932 0.2867 
        H123  5 0.4151 0.1971 0.3878 
        H124  5 0.3493 0.2028 0.4478 
        H131  5 0.3419 0.2327 0.4254 
        H132  5 0.2871 0.3892 0.3238 
        H141  5 0.2793 0.4133 0.3074 
        H142  5 0.4054 0.2131 0.3815 
        H157  5 0.2258 0.5279 0.2463 
        H158  5 0.5426 0.1825 0.2749 
        H159  5 0.4509 0.2416 0.3075 
        H160  5 0.3762 0.3215 0.3023 
        H163  5 0.3842 0.2488 0.3670 
        H164  5 0.3859 0.2773 0.3368 
        H165  5 0.2921 0.1883 0.5197 
        H166  5 0.4420 0.2702 0.2878 
        H169  5 0.3460 0.2794 0.3745 
     H169613  5 0.3809 0.3435 0.2756 
     H169653  5 0.4034 0.2409 0.3557 
     H169728  5 0.4085 0.2692 0.3223 
     H169742  5 0.2343 0.3670 0.3987 
        H170  5 0.4817 0.3004 0.2179 
        H171  5 0.5264 0.2531 0.2205 
     H171851  5 0.3987 0.3172 0.2841 
     H171852  5 0.3391 0.4313 0.2296 
     H171853  5 0.2615 0.4006 0.3378 
     H171854  5 0.3743 0.3031 0.3225 
     H171938  5 0.2172 0.2939 0.4888 
     H171939  5 0.4667 0.2341 0.2991 
     H171941  5 0.2043 0.5615 0.2342 
     H171965  5 0.4064 0.2161 0.3775 
     H171970  5 0.1860 0.6208 0.1932 
     H171973  5 0.2685 0.2224 0.5091 
     H171974  5 0.2639 0.3291 0.4070 
     H171975  5 0.2801 0.4054 0.3145 
     H171976  5 0.4632 0.3261 0.2106 
        H175  5 0.2294 0.4437 0.3269 
        H178  5 0.2969 0.3968 0.3062 
        H189  5 0.4259 0.1774 0.3967 
        H399  5 0.5244 0.2696 0.2060 
        H416  5 0.2810 0.3454 0.3735 
        H438  5 0.2371 0.3043 0.4587 
        H450  5 0.2524 0.5144 0.2331 
        H455  5 0.1699 0.5991 0.2310 
        H456  5 0.2689 0.3202 0.4109 
        H457  5 0.3330 0.4689 0.1981 
        H458  5 0.2613 0.4271 0.3116 
        H459  5 0.3967 0.1961 0.4072 
        H460  5 0.3160 0.3607 0.3233 
        H461  5 0.4971 0.2765 0.2264 
        H462  5 0.3275 0.2364 0.4361 
        H469  5 0.3514 0.2011 0.4475 
        H470  5 0.3121 0.3801 0.3077 
        H471  5 0.5338 0.1850 0.2812 
        H481  5 0.2003 0.5868 0.2129 
        H482  5 0.2899 0.4256 0.2845 
        H501  5 0.3014 0.3452 0.3534 
        H502  5 0.4755 0.1913 0.3332 
        H503  5 0.4190 0.2554 0.3256 
        H509  5 0.2416 0.4860 0.2724 
        H510  5 0.3493 0.3522 0.2985 
        H511  5 0.4316 0.2423 0.3261 
        H530  5 0.2277 0.3565 0.4158 
        H531  5 0.2784 0.4932 0.2284 
        H564  5 0.2725 0.4369 0.2905 
        H565  5 0.2423 0.5596 0.1981 
        H567  5 0.3971 0.1720 0.4310 
     H568???  5 0.4706 0.2237 0.3057 
        H608  5 0.2485 0.4963 0.2552 
        H609  5 0.2683 0.2926 0.4391 
        H612  5 0.1563 0.5605 0.2832 
        H614  5 0.2680 0.5229 0.2091 
        H615  5 0.3096 0.4758 0.2146 
        H616  5 0.1459 0.6185 0.2356 
        H617  5 0.3337 0.2007 0.4656 
        H618  5 0.2071 0.5254 0.2675 
        H619  5 0.2700 0.2612 0.4687 
        H635  5 0.3199 0.3252 0.3550 
        H636  5 0.2162 0.2372 0.5466 
        H637  5 0.2848 0.3925 0.3226 
        H644  5 0.6430 0.1325 0.2244 
        H711  5 0.5142 0.2564 0.2294 
        H712  5 0.2117 0.4355 0.3529 
       H7360  5 0.4051 0.3422 0.2527 
       H7361  5 0.2610 0.4821 0.2568 
       H7362  5 0.5633 0.1511 0.2856 
       H7363  5 0.3187 0.4044 0.2769 
       H7394  5 0.3939 0.2029 0.4033 
       H7395  5 0.2850 0.3717 0.3433 
       H7396  5 0.3166 0.3111 0.3723 
        H742  5 0.2297 0.3667 0.4036 
        H743  5 0.2983 0.3654 0.3363 
        H744  5 0.1744 0.5206 0.3050 
        H957  5 0.4109 0.3429 0.2462 
        H958  5 0.3399 0.2851 0.3749 
        H959  5 0.2011 0.5142 0.2847 
        H960  5 0.2763 0.2992 0.4246 
      H_PALI  6 0.4098 0.2988 0.2914 
        H581  6 0.3444 0.4030 0.2526 
        H582  6 0.2273 0.6104 0.1622 
        H583  6 0.3207 0.3728 0.3065 
        H595  6 0.4709 0.1681 0.3611 
        H596  6 0.4096 0.1706 0.4198 
        H597  6 0.4698 0.2002 0.3300 
        H598  6 0.2637 0.3354 0.4009 
        H599  6 0.2491 0.4778 0.2730 
        H642  6 0.5018 0.2406 0.2576 
        H643  6 0.2751 0.3034 0.4216 
        H664  6 0.3209 0.5058 0.1733 
        H665  6 0.2123 0.2819 0.5058 
        H674  6 0.5690 0.1664 0.2646 
        H675  6 0.3239 0.4116 0.2645 
        H676  6 0.4557 0.2303 0.3141 
        H686  6 0.3679 0.3166 0.3154 
        H687  6 0.3636 0.3091 0.3273 
        H917  6 0.2967 0.1867 0.5166 
        H918  6 0.3093 0.3063 0.3844 
        H919  6 0.1762 0.5262 0.2976 
        H920  6 0.2942 0.4517 0.2541 
        H631  7 0.2601 0.4733 0.2666 
        H684  7 0.5320 0.2080 0.2600 
        H685  7 0.2570 0.4982 0.2448 
        H713  7 0.2052 0.5783 0.2166 
        H715  7 0.4917 0.2497 0.2587 
        H716  7 0.2882 0.4273 0.2845 
        H717  7 0.2982 0.4156 0.2862 
        H729  7 0.2617 0.1660 0.5723 
        H730  7 0.2169 0.3253 0.4578 
        H431  8 0.2362 0.3871 0.3768 
        H432  8 0.5268 0.1784 0.2948 
        H433  8 0.3212 0.2541 0.4247 
        H434  8 0.3550 0.2556 0.3894 
        H444  8 0.2743 0.2959 0.4297 
        H454  8 0.2018 0.5529 0.2454 
        H475  8 0.2286 0.5675 0.2039 
        H491  8 0.2806 0.4692 0.2501 
        H492  8 0.2855 0.4565 0.2580 
        H493  8 0.4287 0.2852 0.2861 
        H494  8 0.3022 0.3856 0.3122 
        H495  8 0.3356 0.5049 0.1596 
        H662  8 0.4339 0.2915 0.2746 
        H663  8 0.3101 0.3269 0.3629 
        H695  8 0.2727 0.3415 0.3858 
       H7367  8 0.3401 0.1740 0.4858 
       H7368  8 0.3793 0.2300 0.3907 
       H7369  8 0.2637 0.3309 0.4054 
       H7370  8 0.4208 0.1608 0.4184 
       H7371  8 0.2781 0.2701 0.4518 
        H600  9 0.2428 0.4644 0.2928 
        H648  9 0.3838 0.3361 0.2802 
        H696  9 0.5875 0.1648 0.2477 
        H697  9 0.2968 0.2808 0.4224 
        H698  9 0.3576 0.2400 0.4025 
        H699  9 0.3260 0.3099 0.3640 
        H700  9 0.2326 0.4754 0.2920 
        H732  9 0.2825 0.5197 0.1978 
        H733  9 0.3400 0.1974 0.4627 
        H734  9 0.4874 0.1986 0.3140 
        H735  9 0.4193 0.2499 0.3308 
        H736  9 0.3517 0.3508 0.2976 
        H737  9 0.2445 0.3376 0.4179 
        H905  9 0.2281 0.4194 0.3525 
        H921  9 0.2107 0.4020 0.3872 
        H922  9 0.4045 0.1863 0.4092 
     H169705 10 0.3290 0.2384 0.4326 
     H171942 10 0.5219 0.1877 0.2904 
     H171943 10 0.3955 0.3086 0.2958 
     H171944 10 0.2833 0.2956 0.4211 
     H171946 10 0.3448 0.4632 0.1921 
     H171947 10 0.4030 0.2613 0.3357 
     H229641 10 0.3571 0.3445 0.2984 
      H30001 10 0.2721 0.3375 0.3904 
      H30002 10 0.3039 0.3079 0.3882 
      H30005 10 0.3361 0.2398 0.4241 
      H30006 10 0.4311 0.2248 0.3441 
      H30007 10 0.6125 0.1706 0.2168 
        H451 10 0.3896 0.2257 0.3847 
        H452 10 0.3609 0.2605 0.3786 
        H453 10 0.2808 0.5275 0.1917 
        H473 10 0.3010 0.4105 0.2885 
        H474 10 0.2503 0.5829 0.1668 
        H486 10 0.2665 0.4213 0.3123 
        H487 10 0.2579 0.4027 0.3394 
        H488 10 0.2413 0.3464 0.4123 
        H489 10 0.2320 0.4894 0.2786 
        H550 10 0.5187 0.2286 0.2528 
        H551 10 0.2513 0.3302 0.4185 
        H553 10 0.2646 0.4431 0.2923 
        H554 10 0.4279 0.2560 0.3161 
        H556 10 0.3938 0.3363 0.2699 
        H580 10 0.3172 0.2550 0.4278 
        H591 10 0.1883 0.5904 0.2212 
        H592 10 0.2755 0.3923 0.3323 
        H593 10 0.3628 0.3140 0.3232 
        H594 10 0.5080 0.1469 0.3452 
        H627 10 0.3671 0.3879 0.2450 
        H628 10 0.2804 0.1612 0.5584 
        H629 10 0.4062 0.3493 0.2446 
        H630 10 0.3931 0.3134 0.2935 
        H638 10 0.3728 0.2525 0.3747 
        H639 10 0.3079 0.4928 0.1994 
        H640 10 0.4332 0.2306 0.3361 
        H704 10 0.4955 0.2182 0.2864 
        H705 10 0.3052 0.2455 0.4492 
        H706 10 0.1929 0.4127 0.3944 
        H708 10 0.2118 0.5681 0.2201 
       H7351 10 0.4190 0.3083 0.2728 
       H7352 10 0.3198 0.3331 0.3471 
       H7353 10 0.5388 0.2097 0.2516 
       H7354 10 0.2713 0.4423 0.2864 
       H7365 10 0.1963 0.5556 0.2480 
       H7383 10 0.2169 0.4140 0.3691 
       H7384 10 0.2425 0.3410 0.4164 
       H7385 10 0.2355 0.4469 0.3176 
       H7386 10 0.3096 0.2849 0.4055 
       H7387 10 0.3463 0.2553 0.3984 
       H7388 10 0.2644 0.2679 0.4677 
        H906 10 0.3322 0.4607 0.2071 
        H907 10 0.4494 0.2113 0.3393 
        H908 10 0.2968 0.3185 0.3847 
        H909 10 0.2713 0.3554 0.3733 
       H9552 10 0.3633 0.2989 0.3378 
       H9553 10 0.2842 0.3529 0.3629 
       H9555 10 0.2831 0.2387 0.4782 
       H9575 10 0.2991 0.4753 0.2256 
       H9703 10 0.2142 0.5454 0.2404 
       H9707 10 0.2559 0.4862 0.2579 
       HSAA4 10 0.3153 0.2574 0.4272 
        H001 11 0.2808 0.3740 0.3453 
        H004 11 0.3585 0.3068 0.3346 
        H005 11 0.1916 0.5520 0.2564 
        H006 11 0.2701 0.3195 0.4105 
        H007 11 0.1865 0.4957 0.3178 
        H031 11 0.1676 0.5648 0.2676 
        H074 11 0.2700 0.5280 0.2020 
        H075 11 0.1834 0.5228 0.2938 
        H080 11 0.2357 0.4584 0.3059 
        H086 11 0.2966 0.2733 0.4301 
        H092 11 0.2490 0.3947 0.3563 
        H093 11 0.5124 0.1784 0.3092 
        H094 11 0.4192 0.2606 0.3202 
        H095 11 0.2406 0.4634 0.2960 
        H096 11 0.2295 0.4086 0.3619 
        H099 11 0.2786 0.4123 0.3091 
        H100 11 0.4349 0.1916 0.3735 
        H127 11 0.2661 0.3668 0.3671 
        H136 11 0.2334 0.5500 0.2166 
        H153 11 0.4326 0.3008 0.2665 
        H154 11 0.2407 0.5387 0.2206 
        H155 11 0.2807 0.1905 0.5288 
        H156 11 0.3100 0.1435 0.5465 
        H161 11 0.4383 0.2904 0.2713 
        H162 11 0.3888 0.1976 0.4137 
        H167 11 0.3200 0.2393 0.4407 
        H168 11 0.3007 0.2731 0.4262 
     H169586 11 0.4572 0.3735 0.1693 
     H169738 11 0.2543 0.1927 0.5530 
     H169741 11 0.2831 0.4582 0.2587 
     H171801 11 0.4939 0.2425 0.2637 
     H171810 11 0.2904 0.4907 0.2189 
     H171811 11 0.2618 0.5328 0.2054 
     H171812 11 0.2359 0.3915 0.3726 
     H171820 11 0.2514 0.5271 0.2215 
     H171821 11 0.3289 0.2433 0.4278 
     H171822 11 0.3094 0.2614 0.4292 
     H171823 11 0.3294 0.5276 0.1430 
     H171866 11 0.3882 0.2187 0.3931 
     H171867 11 0.2527 0.2166 0.5307 
     H171967 11 0.2070 0.4868 0.3062 
     H171969 11 0.3437 0.3347 0.3216 
        H172 11 0.2884 0.2826 0.4290 
        H173 11 0.2282 0.2662 0.5056 
        H174 11 0.4908 0.1774 0.3318 
        H196 11 0.2759 0.1929 0.5312 
        H197 11 0.2971 0.2277 0.4752 
        H346 11 0.2538 0.3735 0.3727 
        H355 11 0.2819 0.4095 0.3086 
        H356 11 0.2806 0.3592 0.3602 
        H357 11 0.2271 0.4637 0.3092 
        H358 11 0.2182 0.3064 0.4754 
        H359 11 0.3367 0.3462 0.3172 
        H360 11 0.2789 0.3059 0.4152 
        H361 11 0.2794 0.2530 0.4676 
        H362 11 0.4074 0.1593 0.4334 
        H363 11 0.2154 0.4773 0.3073 
        H364 11 0.3513 0.3357 0.3130 
        H365 11 0.3313 0.2652 0.4035 
        H366 11 0.2969 0.2306 0.4725 
        H367 11 0.2360 0.5498 0.2142 
        H368 11 0.5240 0.2339 0.2421 
        H369 11 0.1694 0.5338 0.2969 
        H370 11 0.3913 0.2392 0.3694 
        H371 11 0.3597 0.3092 0.3311 
        H372 11 0.3152 0.2810 0.4038 
        H373 11 0.3109 0.3317 0.3574 
        H374 11 0.2581 0.4081 0.3339 
        H375 11 0.2394 0.4069 0.3536 
        H376 11 0.4169 0.2425 0.3406 
        H377 11 0.2788 0.3525 0.3686 
        H378 11 0.3307 0.3795 0.2899 
        H379 11 0.3465 0.3052 0.3484 
        H380 11 0.2820 0.2022 0.5158 
        H381 11 0.2971 0.5077 0.1952 
        H382 11 0.3911 0.1506 0.4583 
        H383 11 0.3982 0.1902 0.4116 
        H384 11 0.2597 0.4331 0.3072 
        H385 11 0.2948 0.4055 0.2997 
        H386 11 0.2129 0.2433 0.5437 
        H387 11 0.5004 0.3066 0.1930 
        H388 11 0.3168 0.1737 0.5095 
        H389 11 0.2483 0.3391 0.4126 
        H390 11 0.3393 0.2833 0.3774 
        H391 11 0.4454 0.2310 0.3236 
        H392 11 0.2085 0.5049 0.2866 
        H393 11 0.4900 0.2199 0.2902 
        H394 11 0.5679 0.2190 0.2132 
        H395 11 0.2248 0.4444 0.3308 
        H408 11 0.2357 0.3423 0.4220 
        H412 11 0.3167 0.5485 0.1349 
        H417 11 0.2948 0.3668 0.3385 
        H418 11 0.3897 0.3581 0.2522 
        H429 11 0.3042 0.2871 0.4087 
        H430 11 0.3238 0.2218 0.4544 
        H439 11 0.2649 0.3359 0.3992 
        H440 11 0.2061 0.5499 0.2440 
        H441 11 0.3329 0.2409 0.4262 
        H442 11 0.3172 0.2465 0.4363 
        H446 11 0.3752 0.2935 0.3313 
        H447 11 0.2772 0.2103 0.5125 
        H448 11 0.2283 0.2499 0.5218 
        H534 11 0.2609 0.5563 0.1827 
        H537 11 0.2765 0.5252 0.1983 
        H568 11 0.1860 0.6215 0.1925 
        H569 11 0.3365 0.1417 0.5219 
        H586 11 0.4720 0.3721 0.1559 
        H587 11 0.1904 0.5846 0.2250 
        H588 11 0.5459 0.1925 0.2616 
        H589 11 0.1966 0.5770 0.2264 
        H590 11 0.2551 0.4974 0.2475 
        H601 11 0.4085 0.1877 0.4038 
        H602 11 0.2525 0.3815 0.3660 
        H603 11 0.2761 0.2216 0.5023 
        H610 11 0.2876 0.3578 0.3546 
        H611 11 0.2896 0.4434 0.2669 
        H649 11 0.3870 0.3294 0.2836 
        H650 11 0.4875 0.2193 0.2932 
        H651 11 0.2520 0.2719 0.4761 
        H652 11 0.4110 0.3226 0.2665 
       H7364 11 0.3150 0.2580 0.4269 
       H7366 11 0.2289 0.3281 0.4430 
       H7378 11 0.6586 0.1179 0.2234 
       H7379 11 0.3170 0.3002 0.3828 
        H739 11 0.2719 0.4646 0.2635 
        H740 11 0.4512 0.2396 0.3092 
        H741 11 0.2785 0.4584 0.2631 
        H926 11 0.4338 0.2602 0.3060 
        H927 11 0.2768 0.2196 0.5036 
        H928 11 0.3808 0.2978 0.3213 
       H9560 11 0.3938 0.2761 0.3301 
        H409 12 0.3123 0.2225 0.4652 
        H413 12 0.5936 0.1970 0.2094 
        H419 12 0.2669 0.2631 0.4701 
        H420 12 0.2691 0.3968 0.3341 
        H421 12 0.4547 0.1717 0.3736 
        H435 12 0.4314 0.2236 0.3450 
        H436 12 0.2232 0.3466 0.4302 
        H437 12 0.2918 0.5014 0.2068 
        H445 12 0.2732 0.2254 0.5013 
        H449 12 0.4263 0.2520 0.3217 
        H463 12 0.2993 0.4535 0.2472 
        H464 12 0.5674 0.1986 0.2340 
        H465 12 0.5229 0.2921 0.1850 
        H490 12 0.5035 0.2038 0.2928 
        H561 12 0.3717 0.2996 0.3288 
        H562 12 0.2234 0.3183 0.4582 
        H563 12 0.2413 0.3631 0.3956 
        H570 12 0.2126 0.4447 0.3427 
        H571 12 0.4581 0.3201 0.2218 
        H572 12 0.3095 0.4184 0.2722 
        H573 12 0.3156 0.2111 0.4733 
       H7372 12 0.2925 0.1432 0.5643 
       H7373 12 0.5848 0.2018 0.2134 
       H7374 12 0.2801 0.4421 0.2778 
       H7375 12 0.2288 0.4396 0.3315 
       H7376 12 0.2390 0.1920 0.5689 
       H7377 12 0.2718 0.4304 0.2978 
