        H102  1 0.2319 0.4053 0.3629 
        H103  1 0.5047 0.2905 0.2049 
        H104  1 0.2120 0.3646 0.4234 
        H105  1 0.2689 0.4420 0.2891 
        H106  1 0.3612 0.2656 0.3732 
        H112  1 0.2387 0.3524 0.4089 
        H113  1 0.2652 0.4697 0.2650 
        H114  1 0.2818 0.5037 0.2145 
        H115  1 0.1880 0.4553 0.3567 
        H143  1 0.2672 0.4756 0.2571 
        H144  1 0.4246 0.3839 0.1916 
        H145  1 0.4556 0.3416 0.2028 
        H149  1 0.2435 0.3003 0.4563 
        H150  1 0.3394 0.3453 0.3153 
     H167542  1 0.2452 0.4930 0.2618 
     H169604  1 0.2717 0.4536 0.2746 
     H169607  1 0.3671 0.4052 0.2277 
     H169608  1 0.2448 0.2913 0.4640 
     H169633  1 0.3157 0.4678 0.2165 
     H169688  1 0.4759 0.2430 0.2812 
     H169714  1 0.2882 0.3138 0.3980 
     H171802  1 0.2995 0.2664 0.4342 
     H171805  1 0.3829 0.3409 0.2762 
     H171807  1 0.3170 0.2980 0.3850 
     H171814  1 0.4677 0.3294 0.2029 
     H171816  1 0.2895 0.3180 0.3926 
     H171817  1 0.2563 0.3499 0.3938 
     H171818  1 0.3453 0.3425 0.3122 
     H171819  1 0.3065 0.3562 0.3374 
     H171834  1 0.2986 0.3918 0.3096 
     H171835  1 0.2255 0.2847 0.4897 
     H171836  1 0.4584 0.3758 0.1658 
     H171837  1 0.2404 0.3936 0.3660 
     H171838  1 0.4827 0.2664 0.2509 
     H171839  1 0.2345 0.4041 0.3615 
     H171841  1 0.2627 0.1881 0.5493 
     H171860  1 0.2710 0.4284 0.3006 
     H171861  1 0.3673 0.4618 0.1708 
     H171862  1 0.3098 0.3857 0.3045 
     H171868  1 0.2240 0.5161 0.2599 
     H171869  1 0.4601 0.2734 0.2665 
     H171870  1 0.3877 0.2442 0.3681 
     H171871  1 0.4451 0.2950 0.2598 
     H171872  1 0.2389 0.4070 0.3541 
     H171873  1 0.3692 0.2543 0.3764 
     H171874  1 0.3289 0.4139 0.2572 
     H171875  1 0.3488 0.4732 0.1780 
     H171876  1 0.3066 0.4578 0.2356 
     H171877  1 0.2420 0.4863 0.2717 
     H171878  1 0.3765 0.2270 0.3966 
     H171901  1 0.3031 0.2532 0.4437 
     H171902  1 0.3689 0.3043 0.3268 
     H171903  1 0.2989 0.3998 0.3013 
     H171935  1 0.3759 0.2049 0.4193 
     H171936  1 0.2995 0.4610 0.2395 
     H171940  1 0.2903 0.3182 0.3915 
     H171945  1 0.3752 0.2968 0.3280 
     H171948  1 0.2592 0.3560 0.3848 
     H171949  1 0.2513 0.2466 0.5022 
     H171950  1 0.2259 0.2458 0.5283 
     H171963  1 0.4855 0.2663 0.2482 
     H171964  1 0.4849 0.2783 0.2368 
     H171966  1 0.3582 0.2988 0.3430 
     H171968  1 0.2967 0.3373 0.3660 
     H171971  1 0.4120 0.2313 0.3567 
     H171972  1 0.4464 0.3322 0.2214 
     H171977  1 0.4568 0.3143 0.2289 
     H171978  1 0.3175 0.2678 0.4148 
     H171979  1 0.4452 0.3475 0.2072 
        H176  1 0.3002 0.4278 0.2720 
        H177  1 0.2097 0.2708 0.5195 
        H179  1 0.1985 0.3826 0.4189 
        H181  1 0.4375 0.3172 0.2453 
        H182  1 0.4040 0.4028 0.1932 
        H183  1 0.4992 0.2401 0.2608 
        H184  1 0.2691 0.3447 0.3862 
        H185  1 0.4256 0.3418 0.2326 
        H186  1 0.3304 0.3215 0.3481 
        H187  1 0.3643 0.2874 0.3483 
        H188  1 0.2358 0.3943 0.3698 
        H192  1 0.2611 0.2813 0.4577 
        H193  1 0.4270 0.3434 0.2296 
        H194  1 0.2722 0.3874 0.3404 
        H195  1 0.4966 0.2469 0.2565 
        H199  1 0.4684 0.2691 0.2625 
        H200  1 0.2902 0.3164 0.3934 
        H414  1 0.3584 0.3435 0.2981 
        H415  1 0.3133 0.4411 0.2456 
        H422  1 0.3399 0.3065 0.3536 
        H423  1 0.2139 0.2137 0.5723 
        H424  1 0.4374 0.3318 0.2309 
        H425  1 0.4575 0.2966 0.2459 
        H426  1 0.5044 0.2195 0.2761 
        H443  1 0.3772 0.3883 0.2345 
        H466  1 0.3092 0.3388 0.3520 
        H467  1 0.2508 0.2403 0.5089 
        H472  1 0.3477 0.3187 0.3336 
        H483  1 0.3327 0.4382 0.2291 
        H504  1 0.4856 0.2803 0.2341 
        H505  1 0.2824 0.3025 0.4151 
        H506  1 0.3563 0.3221 0.3216 
        H507  1 0.4422 0.3800 0.1778 
        H508  1 0.3774 0.2353 0.3872 
        H524  1 0.3740 0.3966 0.2295 
        H525  1 0.3601 0.3771 0.2628 
        H526  1 0.2576 0.4988 0.2436 
        H527  1 0.2697 0.3090 0.4214 
        H528  1 0.3652 0.4291 0.2057 
        H529  1 0.4086 0.3903 0.2011 
        H533  1 0.4200 0.3796 0.2003 
        H538  1 0.2798 0.3799 0.3403 
        H539  1 0.4340 0.2618 0.3042 
        H540  1 0.3169 0.3592 0.3239 
        H541  1 0.2676 0.4585 0.2738 
        H558  1 0.4988 0.2215 0.2797 
        H559  1 0.2781 0.4197 0.3021 
        H579  1 0.3845 0.3806 0.2349 
        H584  1 0.4547 0.2938 0.2515 
        H585  1 0.3913 0.3286 0.2801 
        H605  1 0.3002 0.3147 0.3851 
        H606  1 0.2015 0.3349 0.4636 
        H632  1 0.4337 0.3322 0.2341 
        H634  1 0.3668 0.3338 0.2995 
        H671  1 0.2323 0.2746 0.4931 
        H672  1 0.3497 0.3327 0.3177 
        H673  1 0.3665 0.3808 0.2527 
        H689  1 0.3376 0.4261 0.2364 
        H690  1 0.2244 0.3882 0.3874 
        H691  1 0.2260 0.5014 0.2726 
        H692  1 0.4724 0.3801 0.1476 
        H709  1 0.3326 0.3686 0.2988 
        H710  1 0.4553 0.3682 0.1765 
       H7355  1 0.2846 0.5181 0.1973 
       H7356  1 0.3804 0.3052 0.3144 
       H7357  1 0.2617 0.3791 0.3591 
       H7358  1 0.3685 0.3841 0.2473 
       H7380  1 0.3085 0.4405 0.2510 
       H7381  1 0.3126 0.2600 0.4273 
       H7382  1 0.3410 0.3938 0.2652 
        H904  1 0.1614 0.2847 0.5539 
        H923  1 0.3238 0.3141 0.3621 
        H924  1 0.2844 0.3404 0.3752 
        H925  1 0.2923 0.4589 0.2488 
       H9558  1 0.5417 0.2120 0.2463 
        H008  2 0.3567 0.4439 0.1994 
        H021  2 0.2564 0.3405 0.4031 
        H023  2 0.2238 0.3465 0.4297 
        H024  2 0.5182 0.2739 0.2079 
        H025  2 0.3483 0.2240 0.4277 
        H026  2 0.4981 0.2939 0.2080 
        H027  2 0.2814 0.4434 0.2753 
        H028  2 0.3971 0.3373 0.2656 
        H029  2 0.3893 0.3813 0.2293 
        H030  2 0.5148 0.2776 0.2075 
        H038  2 0.2898 0.2775 0.4327 
        H039  2 0.1575 0.1709 0.6716 
        H040  2 0.2972 0.2387 0.4641 
        H041  2 0.2667 0.4656 0.2676 
        H042  2 0.3024 0.3356 0.3619 
        H043  2 0.2963 0.1829 0.5208 
        H044  2 0.4930 0.2706 0.2364 
        H047  2 0.3567 0.2405 0.4028 
        H050  2 0.4388 0.3136 0.2476 
        H058  2 0.3749 0.2284 0.3967 
        H062  2 0.2479 0.3466 0.4055 
        H063  2 0.2429 0.2893 0.4678 
        H065  2 0.3959 0.2682 0.3359 
        H066  2 0.4435 0.2556 0.3010 
        H067  2 0.2863 0.4671 0.2466 
        H068  2 0.2757 0.2249 0.4993 
        H069  2 0.4368 0.2365 0.3267 
        H071  2 0.2564 0.3327 0.4109 
        H072  2 0.2249 0.2548 0.5204 
        H073  2 0.3521 0.3919 0.2560 
        H081  2 0.2206 0.4637 0.3156 
        H082  2 0.5214 0.2798 0.1988 
        H083  2 0.4862 0.2933 0.2205 
        H084  2 0.3619 0.2776 0.3604 
        H085  2 0.2359 0.5107 0.2534 
        H087  2 0.2225 0.5070 0.2706 
        H088  2 0.2276 0.3519 0.4204 
        H089  2 0.2957 0.4475 0.2568 
        H090  2 0.4058 0.3669 0.2273 
        H091  2 0.3454 0.4624 0.1922 
        H098  2 0.4032 0.3221 0.2747 
      H10001  2 0.1523 0.1724 0.6753 
      H10002  2 0.2009 0.3690 0.4301 
        H101  2 0.4814 0.2658 0.2528 
        H108  2 0.2044 0.3714 0.4242 
        H109  2 0.3562 0.2601 0.3838 
        H110  2 0.2508 0.5323 0.2169 
        H116  2 0.4346 0.3179 0.2475 
        H117  2 0.2801 0.5021 0.2178 
        H118  2 0.4275 0.3959 0.1766 
        H119  2 0.2441 0.3834 0.3725 
        H120  2 0.1809 0.2875 0.5317 
        H121  2 0.3747 0.4109 0.2144 
        H125  2 0.1590 0.1809 0.6601 
        H126  2 0.4573 0.2585 0.2842 
        H128  2 0.5796 0.2929 0.1275 
        H129  2 0.5189 0.2744 0.2067 
        H130  2 0.3351 0.1932 0.4717 
        H133  2 0.2372 0.2077 0.5551 
        H134  2 0.5776 0.2237 0.1987 
        H135  2 0.2523 0.4184 0.3293 
        H137  2 0.3530 0.3305 0.3165 
        H138  2 0.4571 0.3096 0.2333 
        H140  2 0.3400 0.3514 0.3086 
        H146  2 0.3957 0.3584 0.2459 
        H147  2 0.2891 0.4731 0.2378 
        H148  2 0.2308 0.5248 0.2444 
     H166022  2 0.3656 0.4212 0.2131 
     H167359  2 0.3503 0.3437 0.3059 
     H167397  2 0.4963 0.3633 0.1405 
     H167428  2 0.3476 0.5039 0.1486 
     H167496  2 0.1918 0.3166 0.4916 
     H167513  2 0.4292 0.2245 0.3462 
     H167545  2 0.4754 0.2914 0.2333 
     H167547  2 0.5780 0.2245 0.1975 
     H169621  2 0.4216 0.3551 0.2233 
     H169622  2 0.3800 0.3871 0.2330 
     H169750  2 0.3790 0.2100 0.4109 
     H171806  2 0.3255 0.3234 0.3512 
     H171808  2 0.3402 0.3641 0.2957 
     H171809  2 0.2491 0.4292 0.3217 
     H171813  2 0.3914 0.2768 0.3319 
     H171815  2 0.2584 0.1954 0.5462 
     H171824  2 0.1830 0.4272 0.3898 
     H171825  2 0.3408 0.3767 0.2826 
     H171826  2 0.2548 0.4083 0.3370 
     H171827  2 0.2796 0.3851 0.3353 
     H171828  2 0.1600 0.2778 0.5621 
     H171829  2 0.4124 0.2460 0.3415 
     H171830  2 0.3392 0.3171 0.3437 
     H171831  2 0.4891 0.3137 0.1972 
     H171832  2 0.4040 0.3139 0.2821 
     H171863  2 0.5632 0.2481 0.1886 
     H171864  2 0.3186 0.3849 0.2965 
     H171865  2 0.2800 0.2149 0.5051 
     H171879  2 0.3564 0.3454 0.2982 
     H171880  2 0.3688 0.3756 0.2555 
     H171881  2 0.3207 0.4107 0.2687 
     H171882  2 0.1928 0.2046 0.6025 
     H171929  2 0.3449 0.3717 0.2834 
     H171930  2 0.5293 0.2661 0.2046 
     H171933  2 0.3575 0.3527 0.2898 
     H171934  2 0.2654 0.4480 0.2866 
     H171937  2 0.4738 0.2647 0.2615 
     H171962  2 0.3226 0.4103 0.2671 
        H190  2 0.3782 0.3621 0.2597 
        H191  2 0.3691 0.2975 0.3333 
        H396  2 0.2697 0.4080 0.3223 
        H397  2 0.3709 0.3419 0.2872 
        H398  2 0.3508 0.2937 0.3555 
        H400  2 0.2879 0.3988 0.3133 
        H401  2 0.5624 0.2717 0.1659 
        H402  2 0.3624 0.4118 0.2258 
        H427  2 0.2646 0.4567 0.2787 
        H428  2 0.3487 0.4992 0.1522 
        H497  2 0.3571 0.2341 0.4088 
        H512  2 0.3556 0.3463 0.2981 
        H513  2 0.4430 0.2203 0.3367 
        H514  2 0.4230 0.2818 0.2952 
        H519  2 0.4091 0.2464 0.3445 
        H532  2 0.2786 0.5019 0.2196 
        H543  2 0.3506 0.4253 0.2240 
        H544  2 0.4595 0.2209 0.3196 
        H545  2 0.5162 0.2688 0.2150 
        H546  2 0.3034 0.2264 0.4702 
        H547  2 0.5815 0.2302 0.1883 
        H548  2 0.3006 0.4180 0.2814 
        H549  2 0.4667 0.2183 0.3150 
        H620  2 0.1747 0.2310 0.5943 
        H623  2 0.5001 0.2422 0.2577 
        H624  2 0.3696 0.1867 0.4437 
        H625  2 0.3406 0.3887 0.2707 
        H626  2 0.3385 0.3316 0.3299 
        H654  2 0.1874 0.1546 0.6580 
        H655  2 0.2729 0.2907 0.4364 
        H656  2 0.1879 0.2557 0.5564 
        H666  2 0.2344 0.1768 0.5888 
        H667  2 0.2853 0.4496 0.2651 
        H677  2 0.3022 0.4220 0.2758 
        H693  2 0.1931 0.3622 0.4448 
        H694  2 0.4529 0.2851 0.2620 
        H701  2 0.3815 0.3675 0.2509 
        H702  2 0.2815 0.3470 0.3715 
        H731  2 0.2466 0.3763 0.3771 
       H7359  2 0.3420 0.3369 0.3212 
       H7389  2 0.3643 0.3421 0.2936 
       H7390  2 0.2436 0.2490 0.5074 
       H7391  2 0.1957 0.5781 0.2263 
       H7392  2 0.3713 0.2721 0.3565 
       H7393  2 0.3068 0.2914 0.4018 
       H7398  2 0.2625 0.4493 0.2882 
       H7399  2 0.3448 0.4391 0.2161 
       H7400  2 0.1892 0.1786 0.6322 
        H745  2 0.5523 0.2321 0.2155 
        H746  2 0.3651 0.4114 0.2235 
        H747  2 0.2687 0.2473 0.4841 
        H748  2 0.3400 0.3307 0.3293 
       H7484  2 0.2334 0.2427 0.5239 
       H7485  2 0.4410 0.2728 0.2862 
        H749  2 0.3834 0.3658 0.2507 
        H930  2 0.4900 0.2885 0.2215 
        H931  2 0.3127 0.3925 0.2948 
        H932  2 0.3250 0.3451 0.3299 
        H111  3 0.4934 0.2674 0.2391 
        H951  3 0.4406 0.3293 0.2301 
        H952  3 0.4009 0.2950 0.3040 
        H953  3 0.3218 0.4490 0.2292 
        H954  3 0.2478 0.2387 0.5135 
        H955  3 0.4680 0.3103 0.2217 
        H956  3 0.2729 0.3789 0.3482 
       H9563  3 0.2759 0.3834 0.3407 
        H002  4 0.3041 0.2236 0.4723 
        H003  4 0.3027 0.4790 0.2183 
        H009  4 0.4707 0.2643 0.2650 
        H010  4 0.2884 0.4242 0.2874 
        H011  4 0.2006 0.2762 0.5231 
        H012  4 0.2798 0.4963 0.2239 
        H013  4 0.2322 0.4030 0.3648 
        H014  4 0.3506 0.3413 0.3080 
        H045  4 0.2607 0.3578 0.3815 
        H046  4 0.3585 0.4114 0.2300 
        H051  4 0.2290 0.3607 0.4104 
        H052  4 0.3587 0.2295 0.4119 
        H053  4 0.2747 0.3390 0.3863 
        H056  4 0.3075 0.2271 0.4654 
        H076  4 0.4073 0.3733 0.2194 
        H151  4 0.2431 0.2090 0.5479 
        H152  4 0.3098 0.2586 0.4316 
     H171803  4 0.2600 0.2937 0.4463 
     H171804  4 0.2807 0.3155 0.4038 
     H171833  4 0.4979 0.2594 0.2426 
     H171855  4 0.2855 0.1960 0.5184 
     H171856  4 0.3441 0.2932 0.3627 
     H171857  4 0.3098 0.2452 0.4450 
     H171858  4 0.3200 0.3667 0.3133 
     H171859  4 0.3040 0.3452 0.3508 
     H171961  4 0.2607 0.3175 0.4217 
        H198  4 0.3601 0.4551 0.1848 
      H20001  4 0.5225 0.2176 0.2600 
        H403  4 0.3642 0.2612 0.3746 
        H404  4 0.3109 0.4598 0.2293 
        H405  4 0.3418 0.4301 0.2281 
        H406  4 0.5405 0.1708 0.2886 
        H407  4 0.2809 0.3468 0.3723 
        H410  4 0.3941 0.4037 0.2021 
        H411  4 0.4975 0.2484 0.2541 
        H468  4 0.4647 0.2049 0.3304 
        H476  4 0.3464 0.2488 0.4048 
        H477  4 0.5312 0.2424 0.2265 
        H478  4 0.3341 0.4129 0.2530 
        H479  4 0.2588 0.3439 0.3973 
        H480  4 0.4970 0.2748 0.2282 
        H498  4 0.3465 0.3549 0.2986 
        H499  4 0.3418 0.3292 0.3290 
        H500  4 0.2046 0.3039 0.4915 
        H515  4 0.2903 0.3105 0.3992 
        H516  4 0.3619 0.2877 0.3504 
        H517  4 0.3311 0.3760 0.2929 
        H518  4 0.3455 0.2268 0.4276 
        H520  4 0.2951 0.2451 0.4598 
        H521  4 0.3323 0.4009 0.2668 
        H522  4 0.3097 0.2982 0.3921 
        H523  4 0.3158 0.3224 0.3619 
        H536  4 0.3044 0.4037 0.2920 
        H645  4 0.1985 0.4539 0.3476 
        H646  4 0.4617 0.3190 0.2194 
        H647  4 0.3955 0.2879 0.3166 
        H657  4 0.3837 0.3764 0.2399 
        H658  4 0.3066 0.3328 0.3606 
        H659  4 0.1965 0.2002 0.6033 
        H660  4 0.3450 0.2700 0.3851 
        H661  4 0.2947 0.2426 0.4627 
        H668  4 0.2763 0.4980 0.2257 
        H669  4 0.2754 0.3801 0.3445 
        H670  4 0.1861 0.4954 0.3185 
        H678  4 0.3524 0.3253 0.3223 
        H679  4 0.4050 0.3566 0.2384 
        H680  4 0.4031 0.2900 0.3069 
        H681  4 0.2485 0.3825 0.3690 
        H682  4 0.2877 0.4311 0.2811 
        H683  4 0.3800 0.1937 0.4263 
        H718  4 0.2524 0.2333 0.5142 
        H719  4 0.2771 0.3599 0.3630 
        H720  4 0.3768 0.2417 0.3815 
        H721  4 0.3800 0.2315 0.3885 
        H722  4 0.3980 0.1901 0.4119 
        H723  4 0.2225 0.3504 0.4271 
        H724  4 0.2150 0.2169 0.5681 
        H725  4 0.2482 0.2079 0.5439 
        H726  4 0.2541 0.2912 0.4547 
        H727  4 0.2278 0.3716 0.4007 
        H910  4 0.2543 0.3479 0.3978 
        H911  4 0.4194 0.3122 0.2684 
        H912  4 0.3638 0.2688 0.3674 
        H913  4 0.2886 0.3030 0.4084 
        H914  4 0.1945 0.3709 0.4347 
        H915  4 0.3287 0.3044 0.3670 
        H916  4 0.4430 0.2381 0.3189 
       H9572  4 0.3465 0.2701 0.3834 
        H015  5 0.4974 0.2572 0.2454 
        H016  5 0.4605 0.2884 0.2512 
        H017  5 0.4209 0.2459 0.3332 
        H019  5 0.4128 0.2953 0.2919 
        H020  5 0.3241 0.3066 0.3692 
        H032  5 0.3224 0.3144 0.3633 
        H033  5 0.2857 0.4432 0.2712 
        H034  5 0.2057 0.3810 0.4134 
        H035  5 0.3502 0.3120 0.3378 
        H036  5 0.3898 0.3270 0.2832 
        H037  5 0.2377 0.3165 0.4458 
        H048  5 0.2268 0.3033 0.4699 
        H049  5 0.4452 0.2346 0.3201 
        H054  5 0.3068 0.3747 0.3185 
        H055  5 0.2635 0.3698 0.3668 
        H057  5 0.4225 0.2391 0.3384 
        H060  5 0.2965 0.3064 0.3971 
        H061  5 0.3093 0.4268 0.2639 
        H064  5 0.3054 0.3116 0.3830 
        H070  5 0.2372 0.3957 0.3670 
        H077  5 0.2588 0.2257 0.5155 
        H078  5 0.3273 0.2208 0.4519 
        H079  5 0.2918 0.4848 0.2234 
        H097  5 0.4435 0.1803 0.3762 
        H107  5 0.1686 0.2708 0.5606 
        H122  5 0.4044 0.2925 0.3031 
        H123  5 0.4237 0.3402 0.2361 
        H124  5 0.3505 0.4135 0.2360 
        H131  5 0.3746 0.3800 0.2454 
        H132  5 0.2980 0.3374 0.3646 
        H141  5 0.2835 0.3160 0.4006 
        H142  5 0.3660 0.4062 0.2279 
        H157  5 0.2317 0.3057 0.4625 
        H158  5 0.5028 0.2736 0.2236 
        H159  5 0.4452 0.3203 0.2345 
        H160  5 0.3774 0.2869 0.3357 
        H163  5 0.3668 0.3634 0.2698 
        H164  5 0.3603 0.3633 0.2763 
        H165  5 0.3091 0.4857 0.2052 
        H166  5 0.4178 0.3160 0.2662 
        H169  5 0.3007 0.4066 0.2928 
     H169613  5 0.3408 0.3309 0.3283 
     H169653  5 0.3580 0.3975 0.2445 
     H169728  5 0.3937 0.3086 0.2977 
     H169742  5 0.2390 0.4227 0.3383 
        H170  5 0.4690 0.2265 0.3045 
        H171  5 0.4798 0.2506 0.2696 
     H171851  5 0.3817 0.2992 0.3191 
     H171852  5 0.3112 0.2518 0.4369 
     H171853  5 0.2736 0.3487 0.3777 
     H171854  5 0.3909 0.2899 0.3192 
     H171938  5 0.2173 0.4888 0.2939 
     H171939  5 0.4624 0.2920 0.2456 
     H171941  5 0.2168 0.3001 0.4831 
     H171965  5 0.3637 0.4069 0.2294 
     H171970  5 0.2076 0.2370 0.5554 
     H171973  5 0.2885 0.4683 0.2431 
     H171974  5 0.2547 0.4314 0.3139 
     H171975  5 0.2860 0.3587 0.3553 
     H171976  5 0.4598 0.2044 0.3358 
        H175  5 0.2259 0.3409 0.4332 
        H178  5 0.2977 0.3401 0.3621 
        H189  5 0.4299 0.3733 0.1968 
        H399  5 0.4845 0.2140 0.3015 
        H416  5 0.2897 0.3505 0.3598 
        H438  5 0.2678 0.4270 0.3052 
        H450  5 0.2506 0.2792 0.4701 
        H455  5 0.2022 0.2878 0.5100 
        H456  5 0.2550 0.4283 0.3167 
        H457  5 0.3219 0.2307 0.4474 
        H458  5 0.2553 0.3625 0.3821 
        H459  5 0.3816 0.3959 0.2225 
        H460  5 0.3352 0.3037 0.3611 
        H461  5 0.4515 0.2483 0.3001 
        H462  5 0.3478 0.3909 0.2612 
        H469  5 0.3883 0.3813 0.2304 
        H470  5 0.3092 0.3235 0.3674 
        H471  5 0.5190 0.2642 0.2168 
        H481  5 0.2100 0.2378 0.5523 
        H482  5 0.2933 0.3011 0.4056 
        H501  5 0.2919 0.3517 0.3565 
        H502  5 0.4438 0.3356 0.2206 
        H503  5 0.4118 0.3138 0.2745 
        H509  5 0.2665 0.2951 0.4384 
        H510  5 0.3432 0.3359 0.3210 
        H511  5 0.3830 0.3658 0.2512 
        H530  5 0.2421 0.3935 0.3645 
        H531  5 0.2833 0.2302 0.4865 
        H564  5 0.2983 0.2967 0.4050 
        H565  5 0.2463 0.2225 0.5313 
        H567  5 0.4402 0.3565 0.2034 
     H568???  5 0.4537 0.3068 0.2395 
        H608  5 0.2366 0.2950 0.4684 
        H609  5 0.2616 0.4658 0.2726 
        H612  5 0.1845 0.3110 0.5045 
        H614  5 0.2518 0.2235 0.5248 
        H615  5 0.3090 0.2271 0.4639 
        H616  5 0.1591 0.2928 0.5482 
        H617  5 0.3626 0.4112 0.2262 
        H618  5 0.2383 0.2947 0.4670 
        H619  5 0.2535 0.4999 0.2466 
        H635  5 0.3179 0.3804 0.3016 
        H636  5 0.2266 0.5361 0.2373 
        H637  5 0.2824 0.3354 0.3822 
        H644  5 0.6037 0.2375 0.1587 
        H711  5 0.4403 0.2662 0.2935 
        H712  5 0.2269 0.3965 0.3766 
       H7360  5 0.3740 0.2779 0.3481 
       H7361  5 0.2702 0.2972 0.4326 
       H7362  5 0.5433 0.2771 0.1796 
       H7363  5 0.3432 0.2750 0.3818 
       H7394  5 0.3772 0.3886 0.2342 
       H7395  5 0.2742 0.4090 0.3168 
       H7396  5 0.3181 0.3519 0.3300 
        H742  5 0.2285 0.4349 0.3366 
        H743  5 0.3224 0.3197 0.3579 
        H744  5 0.1993 0.2869 0.5138 
        H957  5 0.3734 0.2859 0.3407 
        H958  5 0.3790 0.3220 0.2990 
        H959  5 0.1990 0.3458 0.4552 
        H960  5 0.2932 0.3886 0.3182 
      H_PALI  6 0.3547 0.3335 0.3119 
        H581  6 0.3385 0.2517 0.4098 
        H582  6 0.2687 0.2005 0.5307 
        H583  6 0.3336 0.2985 0.3679 
        H595  6 0.4854 0.3068 0.2078 
        H596  6 0.4477 0.3440 0.2084 
        H597  6 0.4428 0.3398 0.2174 
        H598  6 0.2648 0.3903 0.3449 
        H599  6 0.2622 0.3011 0.4367 
        H642  6 0.5124 0.2265 0.2612 
        H643  6 0.3048 0.3841 0.3111 
        H664  6 0.3347 0.1741 0.4913 
        H665  6 0.2225 0.4962 0.2813 
        H674  6 0.5805 0.2344 0.1851 
        H675  6 0.3461 0.2616 0.3923 
        H676  6 0.4631 0.2752 0.2617 
        H686  6 0.3718 0.3115 0.3167 
        H687  6 0.3777 0.2855 0.3368 
        H917  6 0.3409 0.4474 0.2117 
        H918  6 0.2817 0.4456 0.2728 
        H919  6 0.1896 0.3342 0.4762 
        H920  6 0.2984 0.2738 0.4278 
        H631  7 0.2783 0.3078 0.4139 
        H684  7 0.4671 0.3154 0.2175 
        H685  7 0.2731 0.2263 0.5006 
        H713  7 0.2365 0.2461 0.5174 
        H715  7 0.4415 0.3129 0.2456 
        H716  7 0.2763 0.3564 0.3673 
        H717  7 0.3246 0.3063 0.3691 
        H729  7 0.2976 0.5103 0.1922 
        H730  7 0.2438 0.4367 0.3194 
        H431  8 0.2608 0.3295 0.4096 
        H432  8 0.5022 0.2988 0.1989 
        H433  8 0.3226 0.4103 0.2671 
        H434  8 0.3604 0.3619 0.2777 
        H444  8 0.2938 0.4363 0.2699 
        H454  8 0.2224 0.2767 0.5008 
        H475  8 0.2302 0.2304 0.5394 
        H491  8 0.2934 0.3019 0.4046 
        H492  8 0.2691 0.2653 0.4656 
        H493  8 0.3896 0.3189 0.2915 
        H494  8 0.3189 0.3173 0.3638 
        H495  8 0.3289 0.1860 0.4851 
        H662  8 0.4282 0.2773 0.2945 
        H663  8 0.3246 0.3457 0.3297 
        H695  8 0.2582 0.3836 0.3581 
       H7367  8 0.3595 0.4399 0.2006 
       H7368  8 0.3844 0.3683 0.2473 
       H7369  8 0.2595 0.4499 0.2907 
       H7370  8 0.4710 0.3252 0.2038 
       H7371  8 0.2823 0.4270 0.2908 
        H600  9 0.2617 0.3004 0.4379 
        H648  9 0.3820 0.2986 0.3194 
        H696  9 0.5815 0.2379 0.1806 
        H697  9 0.3391 0.3761 0.2848 
        H698  9 0.4042 0.3355 0.2603 
        H699  9 0.3618 0.3146 0.3236 
        H700  9 0.2322 0.3522 0.4156 
        H732  9 0.2927 0.2081 0.4992 
        H733  9 0.3780 0.3907 0.2313 
        H734  9 0.4948 0.2838 0.2214 
        H735  9 0.4581 0.2876 0.2542 
        H736  9 0.3288 0.3116 0.3596 
        H737  9 0.2765 0.3603 0.3632 
        H905  9 0.2192 0.3935 0.3873 
        H921  9 0.2303 0.3964 0.3733 
        H922  9 0.4187 0.3765 0.2048 
     H169705 10 0.3793 0.3553 0.2655 
     H171942 10 0.4936 0.3076 0.1988 
     H171943 10 0.4006 0.2866 0.3128 
     H171944 10 0.2917 0.3812 0.3271 
     H171946 10 0.3544 0.2003 0.4453 
     H171947 10 0.3826 0.3337 0.2837 
     H229641 10 0.3646 0.2763 0.3590 
      H30001 10 0.2763 0.3808 0.3429 
      H30002 10 0.2910 0.4069 0.3021 
      H30005 10 0.3408 0.3761 0.2831 
      H30006 10 0.4368 0.3094 0.2538 
      H30007 10 0.5748 0.2318 0.1934 
        H451 10 0.3863 0.3774 0.2362 
        H452 10 0.4239 0.2796 0.2965 
        H453 10 0.2752 0.2401 0.4847 
        H473 10 0.2866 0.3383 0.3751 
        H474 10 0.2540 0.1760 0.5699 
        H486 10 0.2985 0.2942 0.4073 
        H487 10 0.2570 0.3267 0.4163 
        H488 10 0.2302 0.4324 0.3375 
        H489 10 0.2323 0.2879 0.4797 
        H550 10 0.4771 0.2608 0.2621 
        H551 10 0.2768 0.3704 0.3528 
        H553 10 0.2727 0.2534 0.4739 
        H554 10 0.3916 0.3490 0.2594 
        H556 10 0.3898 0.2616 0.3485 
        H580 10 0.3273 0.4153 0.2574 
        H591 10 0.2055 0.2405 0.5540 
        H592 10 0.2970 0.2975 0.4055 
        H593 10 0.3489 0.3427 0.3083 
        H594 10 0.4918 0.3295 0.1786 
        H627 10 0.3764 0.2558 0.3678 
        H628 10 0.3021 0.5323 0.1656 
        H629 10 0.4062 0.2272 0.3667 
        H630 10 0.4012 0.2556 0.3431 
        H638 10 0.4051 0.3103 0.2846 
        H639 10 0.3185 0.1985 0.4830 
        H640 10 0.4565 0.2845 0.2590 
        H704 10 0.4440 0.3282 0.2278 
        H705 10 0.3669 0.3633 0.2698 
        H706 10 0.1992 0.4094 0.3915 
        H708 10 0.2330 0.2605 0.5065 
       H7351 10 0.3823 0.3051 0.3126 
       H7352 10 0.3080 0.3557 0.3362 
       H7353 10 0.5059 0.2642 0.2300 
       H7354 10 0.2464 0.3629 0.3907 
       H7365 10 0.2170 0.2662 0.5168 
       H7383 10 0.2304 0.3848 0.3848 
       H7384 10 0.2438 0.4091 0.3471 
       H7385 10 0.2430 0.3205 0.4365 
       H7386 10 0.3209 0.3970 0.2821 
       H7387 10 0.3157 0.4105 0.2739 
       H7388 10 0.3323 0.3713 0.2965 
        H906 10 0.3173 0.2672 0.4155 
        H907 10 0.4510 0.3053 0.2437 
        H908 10 0.3030 0.3766 0.3205 
        H909 10 0.2424 0.4352 0.3223 
       H9552 10 0.3588 0.3502 0.2910 
       H9553 10 0.2942 0.3111 0.3947 
       H9555 10 0.3256 0.4124 0.2620 
       H9575 10 0.2893 0.2532 0.4574 
       H9703 10 0.2188 0.2634 0.5178 
       H9707 10 0.2765 0.2637 0.4598 
       HSAA4 10 0.3344 0.4130 0.2525 
        H001 11 0.2600 0.3931 0.3469 
        H004 11 0.3307 0.3638 0.3055 
        H005 11 0.1953 0.3210 0.4838 
        H006 11 0.2721 0.3921 0.3358 
        H007 11 0.2032 0.3642 0.4326 
        H031 11 0.1865 0.2559 0.5576 
        H074 11 0.2906 0.2143 0.4951 
        H075 11 0.1969 0.3217 0.4814 
        H080 11 0.2483 0.3186 0.4331 
        H086 11 0.3103 0.3691 0.3207 
        H092 11 0.2635 0.3515 0.3850 
        H093 11 0.4857 0.3181 0.1962 
        H094 11 0.4153 0.2869 0.2978 
        H095 11 0.2435 0.3259 0.4306 
        H096 11 0.2238 0.4024 0.3738 
        H099 11 0.3007 0.3169 0.3824 
        H100 11 0.3926 0.3946 0.2128 
        H127 11 0.2695 0.3559 0.3745 
        H136 11 0.2301 0.2479 0.5220 
        H153 11 0.3942 0.2932 0.3126 
        H154 11 0.2588 0.2301 0.5111 
        H155 11 0.3028 0.5064 0.1908 
        H156 11 0.3283 0.5145 0.1571 
        H161 11 0.4099 0.2949 0.2953 
        H162 11 0.4455 0.3334 0.2211 
        H167 11 0.2945 0.4497 0.2559 
        H168 11 0.3022 0.4164 0.2814 
     H169586 11 0.4034 0.1761 0.4205 
     H169738 11 0.2936 0.4883 0.2182 
     H169741 11 0.2547 0.2682 0.4772 
     H171801 11 0.4616 0.2818 0.2566 
     H171810 11 0.2675 0.2449 0.4875 
     H171811 11 0.2809 0.2281 0.4910 
     H171812 11 0.2264 0.4318 0.3418 
     H171820 11 0.2603 0.2552 0.4845 
     H171821 11 0.3383 0.4117 0.2500 
     H171822 11 0.3173 0.3792 0.3036 
     H171823 11 0.3410 0.1804 0.4787 
     H171866 11 0.4143 0.3501 0.2356 
     H171867 11 0.2789 0.4775 0.2436 
     H171967 11 0.2143 0.3319 0.4538 
     H171969 11 0.3300 0.3316 0.3384 
        H172 11 0.3033 0.3980 0.2988 
        H173 11 0.2374 0.4792 0.2834 
        H174 11 0.5262 0.2646 0.2092 
        H196 11 0.3480 0.4327 0.2192 
        H197 11 0.3108 0.4409 0.2483 
        H346 11 0.2420 0.4154 0.3426 
        H355 11 0.2817 0.3410 0.3773 
        H356 11 0.2906 0.3332 0.3762 
        H357 11 0.2403 0.3144 0.4453 
        H358 11 0.2291 0.4808 0.2900 
        H359 11 0.3390 0.3184 0.3426 
        H360 11 0.2817 0.3954 0.3229 
        H361 11 0.2953 0.4408 0.2638 
        H362 11 0.4294 0.3790 0.1916 
        H363 11 0.2122 0.3275 0.4602 
        H364 11 0.3239 0.3517 0.3245 
        H365 11 0.3398 0.3800 0.2802 
        H366 11 0.3035 0.4440 0.2525 
        H367 11 0.2688 0.2091 0.5221 
        H368 11 0.4562 0.2617 0.2821 
        H369 11 0.1935 0.2976 0.5089 
        H370 11 0.3648 0.3706 0.2646 
        H371 11 0.3951 0.2867 0.3182 
        H372 11 0.3070 0.3999 0.2931 
        H373 11 0.3097 0.3766 0.3137 
        H374 11 0.2439 0.3776 0.3785 
        H375 11 0.2514 0.3652 0.3834 
        H376 11 0.3794 0.3678 0.2528 
        H377 11 0.2644 0.3631 0.3725 
        H378 11 0.3156 0.3073 0.3770 
        H379 11 0.3640 0.3248 0.3112 
        H380 11 0.2823 0.5030 0.2147 
        H381 11 0.3061 0.2137 0.4801 
        H382 11 0.4363 0.3886 0.1751 
        H383 11 0.3649 0.4294 0.2057 
        H384 11 0.2647 0.3146 0.4208 
        H385 11 0.3101 0.2941 0.3958 
        H386 11 0.2042 0.5540 0.2419 
        H387 11 0.4446 0.2357 0.3196 
        H388 11 0.3338 0.4760 0.1903 
        H389 11 0.2605 0.4049 0.3345 
        H390 11 0.3464 0.3735 0.2801 
        H391 11 0.4645 0.2699 0.2656 
        H392 11 0.1993 0.3432 0.4575 
        H393 11 0.4492 0.3223 0.2286 
        H394 11 0.5570 0.2077 0.2353 
        H395 11 0.2232 0.3447 0.4321 
        H408 11 0.2247 0.4653 0.3101 
        H412 11 0.3312 0.1374 0.5314 
        H417 11 0.2661 0.3398 0.3941 
        H418 11 0.3994 0.2362 0.3644 
        H429 11 0.2974 0.4239 0.2787 
        H430 11 0.3490 0.4156 0.2354 
        H439 11 0.2713 0.3832 0.3454 
        H440 11 0.2138 0.2916 0.4946 
        H441 11 0.3813 0.3616 0.2571 
        H442 11 0.3402 0.4061 0.2537 
        H446 11 0.3445 0.3408 0.3147 
        H447 11 0.2745 0.4947 0.2308 
        H448 11 0.2544 0.4668 0.2788 
        H534 11 0.2482 0.2279 0.5240 
        H537 11 0.2799 0.2419 0.4782 
        H568 11 0.2163 0.2132 0.5705 
        H569 11 0.3848 0.4321 0.1831 
        H586 11 0.4183 0.1664 0.4153 
        H587 11 0.1958 0.2521 0.5521 
        H588 11 0.4719 0.3007 0.2274 
        H589 11 0.2123 0.2639 0.5238 
        H590 11 0.2724 0.2743 0.4533 
        H601 11 0.4241 0.3650 0.2109 
        H602 11 0.2838 0.3146 0.4015 
        H603 11 0.2977 0.4675 0.2348 
        H610 11 0.2908 0.3333 0.3759 
        H611 11 0.2903 0.2446 0.4651 
        H649 11 0.3421 0.3184 0.3394 
        H650 11 0.4823 0.2699 0.2478 
        H651 11 0.2536 0.4744 0.2720 
        H652 11 0.3672 0.3075 0.3253 
       H7364 11 0.3190 0.4005 0.2805 
       H7366 11 0.2262 0.4451 0.3286 
       H7378 11 0.6620 0.1915 0.1465 
       H7379 11 0.3343 0.3473 0.3184 
        H739 11 0.2696 0.2643 0.4661 
        H740 11 0.4284 0.3020 0.2696 
        H741 11 0.2572 0.2647 0.4780 
        H926 11 0.4227 0.3043 0.2730 
        H927 11 0.3165 0.4400 0.2435 
        H928 11 0.3907 0.2706 0.3387 
       H9560 11 0.3984 0.2925 0.3091 
        H409 12 0.3064 0.4694 0.2241 
        H413 12 0.5715 0.2188 0.2097 
        H419 12 0.2714 0.4600 0.2686 
        H420 12 0.2878 0.3312 0.3810 
        H421 12 0.4127 0.4008 0.1865 
        H435 12 0.4017 0.3741 0.2242 
        H436 12 0.2375 0.4405 0.3220 
        H437 12 0.2873 0.2440 0.4686 
        H445 12 0.2630 0.5124 0.2247 
        H449 12 0.4094 0.3111 0.2795 
        H463 12 0.3015 0.2875 0.4110 
        H464 12 0.4946 0.2788 0.2266 
        H465 12 0.4996 0.1909 0.3094 
        H490 12 0.4803 0.3021 0.2176 
        H561 12 0.3814 0.3068 0.3118 
        H562 12 0.2169 0.5041 0.2790 
        H563 12 0.2736 0.3787 0.3477 
        H570 12 0.2183 0.3792 0.4025 
        H571 12 0.4271 0.2583 0.3145 
        H572 12 0.3228 0.2935 0.3837 
        H573 12 0.3252 0.4542 0.2206 
       H7372 12 0.3034 0.5373 0.1593 
       H7373 12 0.5345 0.2466 0.2189 
       H7374 12 0.2643 0.3477 0.3880 
       H7375 12 0.2555 0.3304 0.4141 
       H7376 12 0.2555 0.5579 0.1867 
       H7377 12 0.2834 0.2739 0.4427 
