        H102  1 0.2661 0.2006 0.3601 0.1731 
        H103  1 0.1437 0.3255 0.1907 0.3402 
        H104  1 0.3294 0.1715 0.2794 0.2197 
        H105  1 0.2198 0.2202 0.3412 0.2188 
        H106  1 0.2736 0.2271 0.2178 0.2815 
        H112  1 0.3026 0.2012 0.2631 0.2331 
        H113  1 0.1968 0.1929 0.3024 0.3079 
        H114  1 0.1512 0.1959 0.3129 0.3400 
        H115  1 0.2673 0.1746 0.3498 0.2083 
        H143  1 0.1978 0.2334 0.3697 0.1991 
        H144  1 0.1419 0.3835 0.2944 0.1802 
        H145  1 0.1420 0.3302 0.2469 0.2809 
        H149  1 0.3667 0.2002 0.2435 0.1896 
        H150  1 0.2346 0.2847 0.2400 0.2407 
     H167542  1 0.1756 0.1917 0.4241 0.2087 
     H169604  1 0.2033 0.2224 0.3361 0.2381 
     H169607  1 0.1638 0.3010 0.3084 0.2267 
     H169608  1 0.3481 0.2234 0.2481 0.1804 
     H169633  1 0.1517 0.2258 0.3011 0.3214 
     H169688  1 0.2153 0.3671 0.1865 0.2311 
     H169714  1 0.3022 0.2234 0.2297 0.2447 
     H171802  1 0.3417 0.1995 0.1846 0.2741 
     H171805  1 0.1978 0.2880 0.2397 0.2744 
     H171807  1 0.3134 0.2641 0.2367 0.1858 
     H171814  1 0.1520 0.3402 0.1920 0.3158 
     H171816  1 0.3277 0.2291 0.2202 0.2231 
     H171817  1 0.3005 0.1958 0.2401 0.2636 
     H171818  1 0.2308 0.2284 0.2572 0.2836 
     H171819  1 0.2512 0.2281 0.2352 0.2855 
     H171834  1 0.2402 0.2613 0.2816 0.2169 
     H171835  1 0.3842 0.1867 0.2098 0.2194 
     H171836  1 0.1165 0.2431 0.2433 0.3971 
     H171837  1 0.2583 0.1985 0.3201 0.2231 
     H171838  1 0.1891 0.2944 0.1759 0.3406 
     H171839  1 0.2630 0.1896 0.2965 0.2509 
     H171841  1 0.4620 0.2236 0.1550 0.1594 
     H171860  1 0.2233 0.2325 0.3015 0.2427 
     H171861  1 0.1237 0.2359 0.3079 0.3325 
     H171862  1 0.2179 0.2699 0.2767 0.2356 
     H171868  1 0.1919 0.2051 0.4000 0.2029 
     H171869  1 0.1861 0.3807 0.2086 0.2246 
     H171870  1 0.2888 0.2897 0.1959 0.2256 
     H171871  1 0.1714 0.2787 0.1853 0.3645 
     H171872  1 0.2653 0.1900 0.2987 0.2459 
     H171873  1 0.2816 0.2961 0.1953 0.2271 
     H171874  1 0.1913 0.3265 0.2959 0.1863 
     H171875  1 0.1277 0.2753 0.3467 0.2503 
     H171876  1 0.1706 0.2713 0.3365 0.2216 
     H171877  1 0.1859 0.1695 0.4513 0.1934 
     H171878  1 0.3130 0.3075 0.1891 0.1905 
     H171901  1 0.3180 0.1991 0.1866 0.2964 
     H171902  1 0.2550 0.3168 0.2379 0.1903 
     H171903  1 0.2244 0.2681 0.2625 0.2450 
     H171935  1 0.3331 0.2549 0.1576 0.2544 
     H171936  1 0.1663 0.2228 0.3066 0.3043 
     H171940  1 0.3065 0.2344 0.3142 0.1449 
     H171945  1 0.2408 0.3153 0.2257 0.2181 
     H171948  1 0.2931 0.2101 0.2557 0.2410 
     H171949  1 0.3962 0.1952 0.2320 0.1765 
     H171950  1 0.4390 0.1766 0.1858 0.1987 
     H171963  1 0.1770 0.3436 0.2031 0.2763 
     H171964  1 0.1798 0.4592 0.2047 0.1564 
     H171966  1 0.2507 0.2698 0.2095 0.2700 
     H171968  1 0.2877 0.2790 0.2740 0.1593 
     H171971  1 0.2598 0.2600 0.1707 0.3095 
     H171972  1 0.1688 0.3372 0.2250 0.2690 
     H171977  1 0.1646 0.3388 0.2633 0.2333 
     H171978  1 0.3193 0.2633 0.2039 0.2134 
     H171979  1 0.1453 0.2971 0.2198 0.3378 
        H176  1 0.2092 0.2430 0.2997 0.2481 
        H177  1 0.3894 0.1833 0.2317 0.1955 
        H179  1 0.3209 0.1645 0.3056 0.2091 
        H181  1 0.1851 0.2984 0.2407 0.2758 
        H182  1 0.1380 0.2785 0.2646 0.3189 
        H183  1 0.2016 0.3513 0.2008 0.2464 
        H184  1 0.2991 0.2235 0.2502 0.2273 
        H185  1 0.1717 0.2776 0.2590 0.2918 
        H186  1 0.2663 0.3345 0.2624 0.1368 
        H187  1 0.2488 0.2255 0.2075 0.3182 
        H188  1 0.2723 0.1832 0.3689 0.1756 
        H192  1 0.3775 0.2116 0.2088 0.2021 
        H193  1 0.1568 0.3206 0.2640 0.2586 
        H194  1 0.2466 0.2147 0.2845 0.2542 
        H195  1 0.1971 0.4212 0.1963 0.1853 
        H199  1 0.1907 0.3647 0.2179 0.2267 
        H200  1 0.2918 0.2252 0.2456 0.2375 
        H414  1 0.2056 0.2757 0.2119 0.3069 
        H415  1 0.1796 0.2201 0.2658 0.3345 
        H422  1 0.2825 0.3198 0.2127 0.1850 
        H423  1 0.4884 0.1736 0.1767 0.1614 
        H424  1 0.1602 0.3214 0.2157 0.3028 
        H425  1 0.1750 0.4021 0.2109 0.2120 
        H426  1 0.2045 0.3966 0.1717 0.2272 
        H443  1 0.1624 0.3848 0.3219 0.1308 
        H466  1 0.2472 0.2665 0.2660 0.2203 
        H467  1 0.4008 0.2311 0.1989 0.1693 
        H472  1 0.2402 0.2298 0.2857 0.2443 
        H483  1 0.1781 0.2706 0.3496 0.2017 
        H504  1 0.1626 0.3774 0.1951 0.2649 
        H505  1 0.3000 0.2178 0.2717 0.2105 
        H506  1 0.2438 0.2878 0.2541 0.2143 
        H507  1 0.1245 0.2691 0.2731 0.3333 
        H508  1 0.2883 0.2638 0.1920 0.2560 
        H524  1 0.1530 0.2378 0.2634 0.3457 
        H525  1 0.1923 0.3056 0.3127 0.1894 
        H526  1 0.1672 0.1978 0.4382 0.1968 
        H527  1 0.3179 0.2278 0.2400 0.2143 
        H528  1 0.1484 0.3115 0.2577 0.2824 
        H529  1 0.1365 0.2995 0.2547 0.3093 
        H533  1 0.1192 0.2037 0.1924 0.4848 
        H538  1 0.2462 0.2119 0.3305 0.2114 
        H539  1 0.2306 0.2864 0.1989 0.2840 
        H540  1 0.2361 0.2346 0.2597 0.2696 
        H541  1 0.2008 0.2087 0.3403 0.2502 
        H558  1 0.2097 0.3547 0.1622 0.2734 
        H559  1 0.2286 0.2589 0.3456 0.1669 
        H579  1 0.1827 0.3160 0.2995 0.2018 
        H584  1 0.1866 0.3443 0.2163 0.2528 
        H585  1 0.1976 0.2729 0.2308 0.2987 
        H605  1 0.2937 0.2306 0.2344 0.2414 
        H606  1 0.3871 0.1857 0.2673 0.1598 
        H632  1 0.1693 0.3731 0.2594 0.1982 
        H634  1 0.2183 0.2801 0.2502 0.2514 
        H671  1 0.3990 0.1940 0.2028 0.2042 
        H672  1 0.2229 0.2286 0.2278 0.3206 
        H673  1 0.1939 0.3324 0.3246 0.1490 
        H689  1 0.1765 0.2847 0.3362 0.2026 
        H690  1 0.2684 0.1785 0.3048 0.2483 
        H691  1 0.2007 0.2093 0.4021 0.1879 
        H692  1 0.1104 0.3501 0.2502 0.2892 
        H709  1 0.2060 0.2476 0.2321 0.3144 
        H710  1 0.1356 0.3403 0.2477 0.2764 
       H7355  1 0.1450 0.1907 0.3522 0.3121 
       H7356  1 0.2370 0.3003 0.2341 0.2286 
       H7357  1 0.2658 0.1941 0.2865 0.2536 
       H7358  1 0.1826 0.2435 0.3476 0.2263 
       H7380  1 0.1933 0.2664 0.3076 0.2327 
       H7381  1 0.3048 0.2914 0.2090 0.1948 
       H7382  1 0.2025 0.2795 0.2989 0.2191 
        H904  1 0.4820 0.1464 0.2374 0.1342 
        H923  1 0.2745 0.2648 0.2490 0.2117 
        H924  1 0.2759 0.2340 0.3013 0.1888 
        H925  1 0.1707 0.2120 0.4056 0.2117 
       H9558  1 0.1985 0.3756 0.1578 0.2681 
        H008  2 0.1433 0.2363 0.3124 0.3080 
        H021  2 0.3193 0.2068 0.2787 0.1952 
        H023  2 0.2946 0.1846 0.3182 0.2027 
        H024  2 0.1410 0.2791 0.1853 0.3946 
        H025  2 0.3462 0.2701 0.2107 0.1730 
        H026  2 0.1547 0.3879 0.1870 0.2704 
        H027  2 0.2014 0.2226 0.3091 0.2669 
        H028  2 0.1949 0.2965 0.2635 0.2452 
        H029  2 0.1644 0.2503 0.2652 0.3201 
        H030  2 0.1518 0.3583 0.1857 0.3043 
        H038  2 0.3369 0.2228 0.2314 0.2089 
        H039  2 0.5914 0.1324 0.1438 0.1324 
        H040  2 0.3327 0.2028 0.1734 0.2911 
        H041  2 0.2009 0.1900 0.3539 0.2553 
        H042  2 0.2615 0.2123 0.2905 0.2357 
        H043  2 0.4377 0.2234 0.1501 0.1888 
        H044  2 0.1831 0.2744 0.1695 0.3731 
        H047  2 0.3113 0.2698 0.1893 0.2296 
        H050  2 0.1720 0.2467 0.1781 0.4032 
        H058  2 0.2993 0.2478 0.1771 0.2758 
        H062  2 0.2947 0.2060 0.3464 0.1529 
        H063  2 0.3762 0.1803 0.2188 0.2247 
        H065  2 0.2364 0.3736 0.2294 0.1607 
        H066  2 0.2115 0.2563 0.1592 0.3730 
        H067  2 0.1926 0.2395 0.3532 0.2147 
        H068  2 0.3709 0.1945 0.2035 0.2312 
        H069  2 0.2409 0.2808 0.1955 0.2828 
        H071  2 0.3006 0.2136 0.2721 0.2137 
        H072  2 0.4108 0.1705 0.2243 0.1944 
        H073  2 0.1839 0.2861 0.2944 0.2356 
        H081  2 0.2234 0.1718 0.3995 0.2053 
        H082  2 0.1589 0.2995 0.1889 0.3526 
        H083  2 0.1715 0.3913 0.2208 0.2164 
        H084  2 0.2621 0.2075 0.1889 0.3415 
        H085  2 0.1890 0.2007 0.4068 0.2035 
        H087  2 0.1987 0.1826 0.4312 0.1876 
        H088  2 0.3134 0.1877 0.2861 0.2128 
        H089  2 0.1820 0.2323 0.3572 0.2284 
        H090  2 0.1746 0.2638 0.2271 0.3345 
        H091  2 0.1401 0.2380 0.3035 0.3184 
        H098  2 0.2003 0.2096 0.2257 0.3644 
      H10001  2 0.5824 0.1394 0.1496 0.1286 
      H10002  2 0.3239 0.1850 0.3089 0.1822 
        H101  2 0.1648 0.2045 0.1521 0.4787 
        H108  2 0.3289 0.1815 0.3470 0.1427 
        H109  2 0.2702 0.2028 0.1611 0.3659 
        H110  2 0.1701 0.2055 0.3726 0.2518 
        H116  2 0.1938 0.3139 0.2223 0.2700 
        H117  2 0.1546 0.1875 0.2825 0.3753 
        H118  2 0.1273 0.3301 0.2921 0.2505 
        H119  2 0.2891 0.2141 0.2793 0.2174 
        H120  2 0.4318 0.1514 0.2809 0.1359 
        H121  2 0.1574 0.2595 0.2981 0.2851 
        H125  2 0.5708 0.1320 0.1560 0.1412 
        H126  2 0.2084 0.3603 0.2100 0.2213 
        H128  2 0.0944 0.3637 0.1710 0.3709 
        H129  2 0.1597 0.4184 0.2020 0.2199 
        H130  2 0.3896 0.2781 0.1515 0.1807 
        H133  2 0.4591 0.2043 0.1660 0.1706 
        H134  2 0.1455 0.5123 0.1622 0.1800 
        H135  2 0.2530 0.2102 0.3129 0.2240 
        H137  2 0.2142 0.2071 0.2019 0.3768 
        H138  2 0.1756 0.3925 0.2064 0.2255 
        H140  2 0.2232 0.2482 0.2530 0.2755 
        H146  2 0.1722 0.3045 0.2200 0.3034 
        H147  2 0.1682 0.2295 0.3064 0.2959 
        H148  2 0.1696 0.1796 0.3308 0.3200 
     H166022  2 0.1492 0.2358 0.2314 0.3836 
     H167359  2 0.2095 0.2627 0.2290 0.2988 
     H167397  2 0.1008 0.2437 0.1840 0.4715 
     H167428  2 0.1112 0.2721 0.4157 0.2010 
     H167496  2 0.3965 0.1523 0.2657 0.1855 
     H167513  2 0.2546 0.2172 0.1503 0.3779 
     H167545  2 0.1646 0.2817 0.2281 0.3255 
     H167547  2 0.1459 0.3102 0.1238 0.4202 
     H169621  2 0.1613 0.2856 0.2246 0.3286 
     H169622  2 0.1716 0.3188 0.2754 0.2342 
     H169750  2 0.3139 0.2781 0.1655 0.2426 
     H171806  2 0.2575 0.2538 0.2465 0.2423 
     H171808  2 0.2112 0.2543 0.2923 0.2422 
     H171809  2 0.2391 0.2142 0.3220 0.2247 
     H171813  2 0.2521 0.3170 0.2176 0.2133 
     H171815  2 0.4623 0.1998 0.1772 0.1607 
     H171824  2 0.3205 0.1687 0.3251 0.1857 
     H171825  2 0.1952 0.2868 0.2946 0.2234 
     H171826  2 0.2704 0.2063 0.2880 0.2354 
     H171827  2 0.2424 0.2459 0.2750 0.2366 
     H171828  2 0.4605 0.1378 0.2682 0.1335 
     H171829  2 0.2737 0.2923 0.1744 0.2595 
     H171830  2 0.2347 0.2073 0.2085 0.3495 
     H171831  2 0.1455 0.3326 0.2225 0.2994 
     H171832  2 0.2096 0.3274 0.2441 0.2189 
     H171863  2 0.1361 0.3755 0.1794 0.3090 
     H171864  2 0.2018 0.1930 0.2583 0.3468 
     H171865  2 0.4056 0.2007 0.1964 0.1973 
     H171879  2 0.2074 0.2615 0.2111 0.3200 
     H171880  2 0.1792 0.2038 0.1818 0.4352 
     H171881  2 0.1929 0.2600 0.3079 0.2392 
     H171882  2 0.5115 0.1552 0.1891 0.1442 
     H171929  2 0.2057 0.2396 0.2879 0.2668 
     H171930  2 0.1387 0.2517 0.1703 0.4393 
     H171933  2 0.2064 0.2501 0.2415 0.3020 
     H171934  2 0.1908 0.2121 0.3543 0.2429 
     H171937  2 0.1766 0.3768 0.1873 0.2594 
     H171962  2 0.1861 0.2694 0.3399 0.2046 
        H190  2 0.1864 0.2778 0.2537 0.2821 
        H191  2 0.2452 0.2591 0.2445 0.2511 
        H396  2 0.2233 0.2077 0.4086 0.1603 
        H397  2 0.1950 0.2394 0.2412 0.3245 
        H398  2 0.2498 0.3124 0.2674 0.1705 
        H400  2 0.2062 0.2115 0.3382 0.2441 
        H401  2 0.1143 0.2594 0.1683 0.4580 
        H402  2 0.1612 0.2406 0.2413 0.3570 
        H427  2 0.2070 0.2074 0.3723 0.2132 
        H428  2 0.1144 0.2633 0.4214 0.2008 
        H497  2 0.3291 0.2243 0.1740 0.2726 
        H512  2 0.2132 0.2174 0.2149 0.3544 
        H513  2 0.2571 0.2083 0.1549 0.3797 
        H514  2 0.2171 0.3539 0.2070 0.2221 
        H519  2 0.2495 0.2020 0.1620 0.3865 
        H532  2 0.1571 0.2208 0.3955 0.2266 
        H543  2 0.1552 0.2256 0.2626 0.3567 
        H544  2 0.2521 0.3877 0.1746 0.1856 
        H545  2 0.1527 0.3082 0.2222 0.3169 
        H546  2 0.3619 0.2450 0.2162 0.1769 
        H547  2 0.1449 0.3027 0.1258 0.4266 
        H548  2 0.1929 0.2048 0.3040 0.2984 
        H549  2 0.2474 0.2438 0.1664 0.3425 
        H620  2 0.4967 0.1488 0.2043 0.1502 
        H623  2 0.1912 0.3398 0.1813 0.2878 
        H624  2 0.3544 0.3180 0.1654 0.1621 
        H625  2 0.1808 0.2211 0.3617 0.2363 
        H626  2 0.2372 0.2200 0.2059 0.3368 
        H654  2 0.5738 0.1476 0.1417 0.1369 
        H655  2 0.3034 0.2298 0.2286 0.2383 
        H656  2 0.4504 0.1692 0.2561 0.1243 
        H666  2 0.4955 0.1835 0.1443 0.1767 
        H667  2 0.2009 0.2384 0.3352 0.2255 
        H677  2 0.1947 0.2643 0.3022 0.2389 
        H693  2 0.3290 0.1634 0.3603 0.1473 
        H694  2 0.2012 0.2907 0.1995 0.3086 
        H701  2 0.1702 0.2429 0.2229 0.3639 
        H702  2 0.2558 0.2052 0.2322 0.3067 
        H731  2 0.3076 0.2208 0.2820 0.1896 
       H7359  2 0.2171 0.2487 0.2411 0.2932 
       H7389  2 0.2043 0.2582 0.2739 0.2636 
       H7390  2 0.3964 0.2091 0.1836 0.2109 
       H7391  2 0.1668 0.1680 0.4331 0.2322 
       H7392  2 0.2612 0.3082 0.2465 0.1841 
       H7393  2 0.3198 0.2058 0.1953 0.2791 
       H7398  2 0.2100 0.1862 0.3353 0.2684 
       H7399  2 0.1589 0.3022 0.3117 0.2273 
       H7400  2 0.5423 0.1580 0.1637 0.1360 
        H745  2 0.1561 0.4394 0.1815 0.2231 
        H746  2 0.1658 0.3123 0.2992 0.2227 
        H747  2 0.3624 0.1867 0.1796 0.2714 
        H748  2 0.2383 0.2298 0.2096 0.3222 
       H7484  2 0.4226 0.1768 0.2040 0.1966 
       H7485  2 0.2281 0.2944 0.2111 0.2663 
        H749  2 0.1764 0.2795 0.2696 0.2746 
        H930  2 0.1512 0.2251 0.1753 0.4484 
        H931  2 0.2059 0.2549 0.3293 0.2099 
        H932  2 0.2370 0.2521 0.2384 0.2726 
        H111  3 0.1695 0.3246 0.1738 0.3320 
        H951  3 0.1636 0.2765 0.2213 0.3386 
        H952  3 0.2272 0.3105 0.2210 0.2413 
        H953  3 0.1543 0.2136 0.3809 0.2512 
        H954  3 0.4074 0.1796 0.1815 0.2315 
        H955  3 0.1493 0.2875 0.2104 0.3527 
        H956  3 0.2447 0.2096 0.2374 0.3083 
       H9563  3 0.2642 0.1964 0.2661 0.2733 
        H002  4 0.3817 0.2684 0.1949 0.1550 
        H003  4 0.1572 0.2944 0.3546 0.1938 
        H009  4 0.1951 0.3776 0.1996 0.2277 
        H010  4 0.2050 0.2484 0.3064 0.2403 
        H011  4 0.4135 0.1637 0.2787 0.1442 
        H012  4 0.1663 0.2295 0.3094 0.2948 
        H013  4 0.2699 0.2101 0.3430 0.1771 
        H014  4 0.2424 0.2959 0.2283 0.2335 
        H045  4 0.2714 0.1796 0.3353 0.2138 
        H046  4 0.1540 0.3243 0.3247 0.1970 
        H051  4 0.3024 0.1795 0.3273 0.1907 
        H052  4 0.3410 0.2636 0.1982 0.1972 
        H053  4 0.2867 0.2307 0.2296 0.2530 
        H056  4 0.3852 0.2176 0.1860 0.2112 
        H076  4 0.1619 0.3426 0.2633 0.2322 
        H151  4 0.4523 0.2171 0.1773 0.1533 
        H152  4 0.3422 0.2872 0.2185 0.1522 
     H171803  4 0.3324 0.2084 0.2322 0.2270 
     H171804  4 0.2983 0.1948 0.2241 0.2828 
     H171833  4 0.1842 0.3838 0.1964 0.2356 
     H171855  4 0.4274 0.2349 0.1622 0.1755 
     H171856  4 0.2545 0.2231 0.1851 0.3372 
     H171857  4 0.3576 0.2351 0.1825 0.2248 
     H171858  4 0.2327 0.2979 0.2496 0.2198 
     H171859  4 0.2658 0.2568 0.2590 0.2184 
     H171961  4 0.3315 0.2086 0.2698 0.1901 
        H198  4 0.1341 0.3223 0.2923 0.2513 
      H20001  4 0.1988 0.3623 0.1651 0.2738 
        H403  4 0.2881 0.2655 0.2014 0.2450 
        H404  4 0.1642 0.2531 0.3510 0.2317 
        H405  4 0.1652 0.2707 0.2712 0.2929 
        H406  4 0.2296 0.3095 0.1242 0.3367 
        H407  4 0.2642 0.2096 0.2427 0.2836 
        H410  4 0.1384 0.2533 0.2304 0.3778 
        H411  4 0.1843 0.3631 0.1553 0.2972 
        H468  4 0.2451 0.3081 0.1376 0.3093 
        H476  4 0.2784 0.2235 0.1641 0.3340 
        H477  4 0.1585 0.3927 0.1847 0.2641 
        H478  4 0.1906 0.2530 0.3039 0.2525 
        H479  4 0.3029 0.2139 0.2880 0.1952 
        H480  4 0.1565 0.3121 0.1719 0.3595 
        H498  4 0.2410 0.2880 0.2562 0.2148 
        H499  4 0.2403 0.2460 0.2761 0.2376 
        H500  4 0.3745 0.1702 0.2365 0.2188 
        H515  4 0.3027 0.2064 0.2173 0.2736 
        H516  4 0.2608 0.2687 0.1938 0.2767 
        H517  4 0.2082 0.2544 0.2268 0.3106 
        H518  4 0.3397 0.2651 0.1697 0.2256 
        H520  4 0.3712 0.2192 0.1778 0.2318 
        H521  4 0.2054 0.2419 0.3375 0.2153 
        H522  4 0.2858 0.2299 0.2173 0.2670 
        H523  4 0.2664 0.2381 0.1950 0.3006 
        H536  4 0.1984 0.2820 0.3282 0.1914 
        H645  4 0.2465 0.1665 0.4336 0.1533 
        H646  4 0.1520 0.3024 0.1955 0.3501 
        H647  4 0.2322 0.2923 0.2055 0.2700 
        H657  4 0.1609 0.2728 0.2380 0.3283 
        H658  4 0.2464 0.2007 0.2218 0.3311 
        H659  4 0.5112 0.1615 0.1587 0.1687 
        H660  4 0.2978 0.2353 0.2209 0.2461 
        H661  4 0.3746 0.2511 0.1900 0.1842 
        H668  4 0.1723 0.2138 0.3473 0.2666 
        H669  4 0.2572 0.2122 0.2739 0.2567 
        H670  4 0.2468 0.1766 0.4187 0.1578 
        H678  4 0.2284 0.2351 0.2111 0.3254 
        H679  4 0.1650 0.2295 0.2152 0.3903 
        H680  4 0.2309 0.3058 0.2154 0.2478 
        H681  4 0.2832 0.2005 0.3135 0.2028 
        H682  4 0.1827 0.1887 0.2314 0.3972 
        H683  4 0.3537 0.2739 0.1565 0.2160 
        H718  4 0.4148 0.1983 0.2106 0.1762 
        H719  4 0.2662 0.1992 0.3215 0.2131 
        H720  4 0.3084 0.2810 0.2182 0.1924 
        H721  4 0.2786 0.3152 0.1967 0.2096 
        H722  4 0.3248 0.3440 0.1620 0.1693 
        H723  4 0.3425 0.1828 0.2584 0.2163 
        H724  4 0.4743 0.1597 0.1784 0.1876 
        H725  4 0.4561 0.2019 0.1636 0.1784 
        H726  4 0.3678 0.2095 0.2130 0.2097 
        H727  4 0.3033 0.1946 0.2923 0.2099 
        H910  4 0.2708 0.1843 0.2724 0.2725 
        H911  4 0.1970 0.2692 0.2000 0.3338 
        H912  4 0.2813 0.2630 0.1742 0.2814 
        H913  4 0.3012 0.2159 0.2206 0.2623 
        H914  4 0.3234 0.1644 0.3101 0.2021 
        H915  4 0.2607 0.2147 0.1794 0.3452 
        H916  4 0.2176 0.2749 0.1590 0.3485 
       H9572  4 0.2965 0.2465 0.2217 0.2354 
        H015  5 0.1963 0.2803 0.2104 0.3131 
        H016  5 0.1732 0.3917 0.2097 0.2254 
        H017  5 0.2467 0.3178 0.1692 0.2663 
        H019  5 0.2255 0.2940 0.2430 0.2375 
        H020  5 0.2695 0.2480 0.2855 0.1970 
        H032  5 0.2873 0.2302 0.1895 0.2930 
        H033  5 0.1866 0.2301 0.3075 0.2758 
        H034  5 0.3345 0.1855 0.2786 0.2014 
        H035  5 0.2271 0.2568 0.2232 0.2928 
        H036  5 0.1886 0.2407 0.2337 0.3370 
        H037  5 0.3120 0.1939 0.2577 0.2364 
        H048  5 0.3593 0.1743 0.2730 0.1935 
        H049  5 0.2374 0.3210 0.2155 0.2261 
        H054  5 0.2325 0.2811 0.2602 0.2261 
        H055  5 0.3006 0.2573 0.2935 0.1485 
        H057  5 0.2410 0.3921 0.1907 0.1762 
        H060  5 0.2931 0.2716 0.2687 0.1666 
        H061  5 0.1916 0.2507 0.3080 0.2498 
        H064  5 0.3013 0.2664 0.2791 0.1532 
        H070  5 0.2755 0.1927 0.3089 0.2230 
        H077  5 0.4190 0.2063 0.1687 0.2060 
        H078  5 0.3408 0.2664 0.1663 0.2264 
        H079  5 0.1538 0.2239 0.3352 0.2871 
        H097  5 0.2922 0.3362 0.1504 0.2211 
        H107  5 0.4590 0.1445 0.2615 0.1351 
        H122  5 0.2188 0.3104 0.2061 0.2647 
        H123  5 0.1658 0.2721 0.2023 0.3598 
        H124  5 0.1681 0.2594 0.2738 0.2987 
        H131  5 0.1850 0.2405 0.2571 0.3175 
        H132  5 0.2692 0.2161 0.2862 0.2285 
        H141  5 0.3029 0.2132 0.2447 0.2392 
        H142  5 0.1570 0.2723 0.2807 0.2901 
        H157  5 0.3508 0.1984 0.2531 0.1977 
        H158  5 0.1681 0.3786 0.1766 0.2767 
        H159  5 0.1744 0.2902 0.2250 0.3104 
        H160  5 0.2433 0.2571 0.2128 0.2868 
        H163  5 0.1896 0.2583 0.2265 0.3256 
        H164  5 0.2139 0.2849 0.2637 0.2375 
        H165  5 0.1593 0.2292 0.3604 0.2511 
        H166  5 0.1912 0.2825 0.2907 0.2356 
        H169  5 0.2223 0.2409 0.3170 0.2198 
     H169613  5 0.2483 0.2878 0.2360 0.2279 
     H169653  5 0.1905 0.2921 0.2713 0.2462 
     H169728  5 0.1976 0.2612 0.1953 0.3459 
     H169742  5 0.2263 0.1895 0.4155 0.1687 
        H170  5 0.2251 0.4045 0.1838 0.1866 
        H171  5 0.2078 0.3828 0.1984 0.2110 
     H171851  5 0.2429 0.3085 0.2397 0.2088 
     H171852  5 0.3515 0.2607 0.1998 0.1880 
     H171853  5 0.2901 0.2015 0.2447 0.2637 
     H171854  5 0.2376 0.2651 0.1949 0.3024 
     H171938  5 0.2137 0.1933 0.3669 0.2261 
     H171939  5 0.1802 0.3458 0.2575 0.2165 
     H171941  5 0.3703 0.1945 0.3002 0.1350 
     H171965  5 0.1797 0.3409 0.2740 0.2055 
     H171970  5 0.4586 0.1652 0.2224 0.1539 
     H171973  5 0.1630 0.2142 0.3559 0.2669 
     H171974  5 0.2377 0.2156 0.3222 0.2244 
     H171975  5 0.2693 0.2101 0.3189 0.2017 
     H171976  5 0.2548 0.3481 0.1741 0.2230 
        H175  5 0.3141 0.1956 0.2895 0.2008 
        H178  5 0.2716 0.2373 0.3129 0.1782 
        H189  5 0.1526 0.3107 0.2323 0.3044 
        H399  5 0.2221 0.3983 0.1506 0.2291 
        H416  5 0.2637 0.2123 0.2927 0.2313 
        H438  5 0.2164 0.2014 0.2829 0.2994 
        H450  5 0.3711 0.2180 0.2497 0.1612 
        H455  5 0.3839 0.1731 0.3101 0.1330 
        H456  5 0.2277 0.2139 0.3455 0.2129 
        H457  5 0.3451 0.2855 0.1934 0.1760 
        H458  5 0.2948 0.2271 0.2799 0.1982 
        H459  5 0.1572 0.2709 0.2661 0.3058 
        H460  5 0.2693 0.2193 0.2133 0.2982 
        H461  5 0.2309 0.3232 0.1695 0.2763 
        H462  5 0.1660 0.2197 0.2774 0.3369 
        H469  5 0.1683 0.2375 0.2243 0.3699 
        H470  5 0.2861 0.2310 0.2217 0.2612 
        H471  5 0.1519 0.3441 0.1647 0.3393 
        H481  5 0.4439 0.1750 0.2002 0.1809 
        H482  5 0.3201 0.2373 0.2209 0.2217 
        H501  5 0.2593 0.2204 0.2832 0.2371 
        H502  5 0.1598 0.3515 0.2280 0.2607 
        H503  5 0.1987 0.2796 0.2285 0.2933 
        H509  5 0.3433 0.1827 0.2285 0.2454 
        H510  5 0.2269 0.2756 0.3066 0.1909 
        H511  5 0.1949 0.3030 0.2479 0.2543 
        H530  5 0.2794 0.1941 0.3132 0.2134 
        H531  5 0.3816 0.2250 0.1745 0.2189 
        H564  5 0.3079 0.2394 0.2692 0.1835 
        H565  5 0.4068 0.2019 0.2204 0.1709 
        H567  5 0.1397 0.2530 0.2341 0.3732 
     H568???  5 0.1729 0.3415 0.2193 0.2662 
        H608  5 0.3495 0.2212 0.2515 0.1778 
        H609  5 0.2079 0.2055 0.4011 0.1855 
        H612  5 0.4019 0.1429 0.2760 0.1792 
        H614  5 0.4346 0.2173 0.1855 0.1626 
        H615  5 0.3530 0.2464 0.1893 0.2113 
        H616  5 0.4429 0.1468 0.2614 0.1489 
        H617  5 0.1551 0.2170 0.2702 0.3577 
        H618  5 0.3556 0.1803 0.2750 0.1891 
        H619  5 0.1767 0.2229 0.4496 0.1508 
        H635  5 0.2323 0.2471 0.2644 0.2562 
        H636  5 0.1658 0.1839 0.4195 0.2308 
        H637  5 0.2794 0.2200 0.3176 0.1831 
        H644  5 0.1208 0.4261 0.1726 0.2805 
        H711  5 0.2210 0.3990 0.1896 0.1903 
        H712  5 0.2729 0.1864 0.3682 0.1725 
       H7360  5 0.2804 0.2958 0.2181 0.2058 
       H7361  5 0.3481 0.2232 0.2273 0.2014 
       H7362  5 0.1291 0.4020 0.1849 0.2840 
       H7363  5 0.2838 0.2375 0.2251 0.2536 
       H7394  5 0.1699 0.2552 0.2296 0.3453 
       H7395  5 0.2330 0.2451 0.3343 0.1876 
       H7396  5 0.2267 0.2276 0.2582 0.2875 
        H742  5 0.2294 0.1846 0.4185 0.1675 
        H743  5 0.2685 0.2468 0.2883 0.1964 
        H744  5 0.4023 0.1663 0.2287 0.2028 
        H957  5 0.2413 0.3195 0.2027 0.2365 
        H958  5 0.1882 0.2191 0.2171 0.3757 
        H959  5 0.3529 0.1743 0.3130 0.1598 
        H960  5 0.2271 0.2174 0.2827 0.2729 
      H_PALI  6 0.2282 0.2777 0.2337 0.2603 
        H581  6 0.3162 0.2440 0.1947 0.2452 
        H582  6 0.4463 0.2076 0.1833 0.1627 
        H583  6 0.2807 0.2501 0.2241 0.2451 
        H595  6 0.1431 0.2403 0.1718 0.4448 
        H596  6 0.1449 0.2507 0.1970 0.4073 
        H597  6 0.1561 0.3296 0.2424 0.2720 
        H598  6 0.2527 0.2090 0.2654 0.2728 
        H599  6 0.3249 0.1932 0.3122 0.1696 
        H642  6 0.1964 0.3226 0.1500 0.3310 
        H643  6 0.2362 0.2167 0.2539 0.2932 
        H664  6 0.3937 0.2335 0.1374 0.2354 
        H665  6 0.2048 0.1938 0.3754 0.2260 
        H674  6 0.1382 0.3992 0.1877 0.2749 
        H675  6 0.3065 0.2541 0.2158 0.2236 
        H676  6 0.1947 0.2788 0.1679 0.3586 
        H686  6 0.2235 0.2633 0.2494 0.2637 
        H687  6 0.2406 0.2506 0.1942 0.3147 
        H917  6 0.1492 0.2029 0.2721 0.3757 
        H918  6 0.1870 0.2316 0.4058 0.1757 
        H919  6 0.3588 0.1578 0.2898 0.1936 
        H920  6 0.3407 0.2203 0.2142 0.2249 
        H631  7 0.3102 0.2218 0.2740 0.1941 
        H684  7 0.1642 0.4288 0.2229 0.1841 
        H685  7 0.3636 0.1763 0.1487 0.3113 
        H713  7 0.4133 0.1759 0.1994 0.2115 
        H715  7 0.1876 0.3829 0.2193 0.2102 
        H716  7 0.2568 0.2488 0.3580 0.1364 
        H717  7 0.2798 0.2381 0.2617 0.2204 
        H729  7 0.1358 0.2239 0.3181 0.3221 
        H730  7 0.2283 0.1853 0.3670 0.2194 
        H431  8 0.3189 0.2097 0.2244 0.2470 
        H432  8 0.1499 0.3399 0.2559 0.2542 
        H433  8 0.1918 0.2187 0.2668 0.3227 
        H434  8 0.1876 0.2705 0.2607 0.2812 
        H444  8 0.2027 0.2228 0.3563 0.2182 
        H454  8 0.4027 0.1692 0.2655 0.1626 
        H475  8 0.4606 0.1807 0.1752 0.1835 
        H491  8 0.3099 0.2475 0.2918 0.1509 
        H492  8 0.3327 0.1979 0.2228 0.2465 
        H493  8 0.2319 0.2949 0.2121 0.2610 
        H494  8 0.2560 0.2022 0.2683 0.2735 
        H495  8 0.4159 0.2628 0.1559 0.1654 
        H662  8 0.2218 0.3355 0.2190 0.2237 
        H663  8 0.2439 0.2279 0.2654 0.2628 
        H695  8 0.2504 0.2095 0.2774 0.2627 
       H7367  8 0.1440 0.2346 0.2299 0.3915 
       H7368  8 0.1877 0.3138 0.2489 0.2496 
       H7369  8 0.2242 0.2058 0.3619 0.2080 
       H7370  8 0.1241 0.1942 0.1758 0.5060 
       H7371  8 0.1929 0.2090 0.2830 0.3151 
        H600  9 0.3345 0.2216 0.2452 0.1988 
        H648  9 0.2478 0.3022 0.2159 0.2341 
        H696  9 0.1411 0.3754 0.1569 0.3266 
        H697  9 0.2097 0.2452 0.2805 0.2646 
        H698  9 0.1933 0.2761 0.2198 0.3108 
        H699  9 0.2437 0.2489 0.2370 0.2704 
        H700  9 0.2959 0.2090 0.3016 0.1934 
        H732  9 0.4051 0.2287 0.1861 0.1800 
        H733  9 0.1609 0.2321 0.2177 0.3893 
        H734  9 0.1520 0.2671 0.1976 0.3833 
        H735  9 0.1970 0.2445 0.1966 0.3619 
        H736  9 0.2713 0.2542 0.2382 0.2363 
        H737  9 0.2695 0.2502 0.2837 0.1965 
        H905  9 0.2984 0.2112 0.3217 0.1687 
        H921  9 0.2780 0.1946 0.3065 0.2209 
        H922  9 0.1395 0.2251 0.2563 0.3791 
     H169705 10 0.1857 0.2001 0.1853 0.4289 
     H171942 10 0.1511 0.3315 0.2520 0.2655 
     H171943 10 0.2073 0.2519 0.2366 0.3042 
     H171944 10 0.2164 0.2084 0.2333 0.3419 
     H171946 10 0.3446 0.2676 0.1614 0.2265 
     H171947 10 0.2114 0.2610 0.2659 0.2617 
     H229641 10 0.2660 0.2351 0.1878 0.3112 
      H30001 10 0.2519 0.2112 0.2601 0.2767 
      H30002 10 0.2337 0.2533 0.2999 0.2131 
      H30005 10 0.1916 0.2274 0.2310 0.3500 
      H30006 10 0.1794 0.2831 0.1994 0.3381 
      H30007 10 0.1440 0.4564 0.2095 0.1901 
        H451 10 0.1777 0.2649 0.2552 0.3022 
        H452 10 0.2155 0.2608 0.1721 0.3516 
        H453 10 0.4027 0.2555 0.2033 0.1385 
        H473 10 0.2910 0.2411 0.2886 0.1793 
        H474 10 0.4665 0.1949 0.1347 0.2039 
        H486 10 0.3135 0.2165 0.2273 0.2428 
        H487 10 0.2906 0.2280 0.2410 0.2404 
        H488 10 0.2474 0.1910 0.3540 0.2076 
        H489 10 0.3852 0.1848 0.1917 0.2383 
        H550 10 0.1832 0.3602 0.1900 0.2667 
        H551 10 0.2396 0.1801 0.2718 0.3085 
        H553 10 0.3452 0.2203 0.1867 0.2478 
        H554 10 0.2054 0.3009 0.2581 0.2356 
        H556 10 0.2569 0.2993 0.2121 0.2317 
        H580 10 0.1848 0.2520 0.2819 0.2813 
        H591 10 0.4520 0.1690 0.2131 0.1658 
        H592 10 0.2909 0.1849 0.1981 0.3262 
        H593 10 0.2179 0.2767 0.2636 0.2419 
        H594 10 0.1261 0.3482 0.2314 0.2943 
        H627 10 0.2641 0.2881 0.1748 0.2731 
        H628 10 0.1249 0.2608 0.4140 0.2003 
        H629 10 0.2770 0.2815 0.1770 0.2645 
        H630 10 0.2527 0.2243 0.1657 0.3573 
        H638 10 0.1998 0.2208 0.1793 0.4000 
        H639 10 0.4003 0.2326 0.1565 0.2107 
        H640 10 0.1852 0.2537 0.1998 0.3613 
        H704 10 0.1720 0.3641 0.2399 0.2240 
        H705 10 0.1873 0.1943 0.1866 0.4319 
        H706 10 0.2816 0.1709 0.3461 0.2014 
        H708 10 0.4041 0.1968 0.2026 0.1965 
       H7351 10 0.2300 0.2976 0.2386 0.2338 
       H7352 10 0.2612 0.2461 0.2463 0.2464 
       H7353 10 0.1770 0.4204 0.1858 0.2168 
       H7354 10 0.2936 0.2350 0.3081 0.1633 
       H7365 10 0.3972 0.1702 0.2223 0.2103 
       H7383 10 0.2885 0.1884 0.2943 0.2288 
       H7384 10 0.2779 0.2324 0.2816 0.2081 
       H7385 10 0.3198 0.1900 0.2530 0.2372 
       H7386 10 0.2102 0.2330 0.3160 0.2407 
       H7387 10 0.2025 0.2705 0.2686 0.2584 
       H7388 10 0.2261 0.2345 0.2404 0.2990 
        H906 10 0.3161 0.2788 0.2665 0.1386 
        H907 10 0.1672 0.2693 0.1795 0.3840 
        H908 10 0.2337 0.2305 0.2545 0.2813 
        H909 10 0.2242 0.2212 0.3876 0.1670 
       H9552 10 0.2194 0.2916 0.2574 0.2317 
       H9553 10 0.2707 0.2323 0.2157 0.2813 
       H9555 10 0.1811 0.2086 0.2512 0.3591 
       H9575 10 0.3516 0.2571 0.2031 0.1882 
       H9703 10 0.4232 0.1917 0.1960 0.1891 
       H9707 10 0.3619 0.1904 0.1937 0.2540 
       HSAA4 10 0.1857 0.2477 0.2875 0.2791 
        H001 11 0.2625 0.2165 0.3326 0.1884 
        H004 11 0.2213 0.2616 0.2553 0.2619 
        H005 11 0.4066 0.1778 0.2660 0.1496 
        H006 11 0.2457 0.2166 0.2709 0.2669 
        H007 11 0.3167 0.1689 0.3601 0.1543 
        H031 11 0.4431 0.1434 0.2035 0.2100 
        H074 11 0.3821 0.1911 0.1723 0.2544 
        H075 11 0.3451 0.1703 0.3034 0.1812 
        H080 11 0.3490 0.1931 0.2318 0.2261 
        H086 11 0.2275 0.2496 0.2450 0.2780 
        H092 11 0.2961 0.1993 0.2198 0.2849 
        H093 11 0.1446 0.3819 0.2430 0.2305 
        H094 11 0.1887 0.2398 0.1815 0.3901 
        H095 11 0.3156 0.2233 0.2742 0.1868 
        H096 11 0.2728 0.1895 0.3508 0.1869 
        H099 11 0.2921 0.2303 0.2271 0.2505 
        H100 11 0.1434 0.2797 0.3553 0.2216 
        H127 11 0.2896 0.2221 0.2494 0.2388 
        H136 11 0.4056 0.2041 0.2005 0.1898 
        H153 11 0.2254 0.2932 0.2217 0.2598 
        H154 11 0.3906 0.2012 0.1814 0.2267 
        H155 11 0.1447 0.2078 0.3966 0.2510 
        H156 11 0.1198 0.2453 0.3373 0.2976 
        H161 11 0.2190 0.3188 0.2580 0.2042 
        H162 11 0.1512 0.2572 0.1949 0.3968 
        H167 11 0.1848 0.2579 0.3304 0.2270 
        H168 11 0.2128 0.2560 0.2774 0.2539 
     H169586 11 0.3261 0.3528 0.1516 0.1696 
     H169738 11 0.1510 0.2206 0.3385 0.2899 
     H169741 11 0.3480 0.2119 0.1981 0.2419 
     H171801 11 0.1898 0.3305 0.2307 0.2490 
     H171810 11 0.3387 0.2153 0.2097 0.2363 
     H171811 11 0.3874 0.2506 0.1750 0.1870 
     H171812 11 0.2434 0.1910 0.4195 0.1462 
     H171820 11 0.3775 0.2088 0.2119 0.2018 
     H171821 11 0.1805 0.2391 0.2654 0.3150 
     H171822 11 0.2008 0.2306 0.2366 0.3320 
     H171823 11 0.3976 0.2832 0.1717 0.1475 
     H171866 11 0.1862 0.3067 0.2427 0.2644 
     H171867 11 0.1725 0.1972 0.2902 0.3401 
     H171967 11 0.3323 0.1666 0.3123 0.1888 
     H171969 11 0.2310 0.2468 0.2933 0.2290 
        H172 11 0.2053 0.2247 0.2980 0.2720 
        H173 11 0.2044 0.1831 0.3266 0.2859 
        H174 11 0.1427 0.3260 0.1615 0.3698 
        H196 11 0.1620 0.2405 0.2597 0.3378 
        H197 11 0.1800 0.2237 0.2840 0.3122 
        H346 11 0.2510 0.2114 0.3673 0.1703 
        H355 11 0.2841 0.2242 0.3056 0.1860 
        H356 11 0.2600 0.2461 0.2712 0.2227 
        H357 11 0.3271 0.1891 0.2297 0.2541 
        H358 11 0.2057 0.1909 0.3683 0.2351 
        H359 11 0.2619 0.2576 0.2210 0.2595 
        H360 11 0.2398 0.2236 0.2843 0.2523 
        H361 11 0.2005 0.2479 0.3256 0.2261 
        H362 11 0.1289 0.2327 0.1947 0.4437 
        H363 11 0.3641 0.1886 0.2434 0.2039 
        H364 11 0.2501 0.2943 0.2808 0.1748 
        H365 11 0.2089 0.2594 0.3186 0.2131 
        H366 11 0.1821 0.2372 0.3341 0.2466 
        H367 11 0.4167 0.1932 0.1702 0.2200 
        H368 11 0.1842 0.3151 0.1937 0.3070 
        H369 11 0.4180 0.1560 0.2280 0.1980 
        H370 11 0.1923 0.2542 0.2510 0.3025 
        H371 11 0.2397 0.2156 0.2124 0.3323 
        H372 11 0.2059 0.2298 0.3098 0.2545 
        H373 11 0.2373 0.2365 0.2771 0.2492 
        H374 11 0.2769 0.2257 0.3390 0.1585 
        H375 11 0.2755 0.1901 0.3030 0.2314 
        H376 11 0.1856 0.3125 0.2732 0.2286 
        H377 11 0.2599 0.2162 0.2504 0.2735 
        H378 11 0.2764 0.2645 0.2365 0.2226 
        H379 11 0.2143 0.2513 0.1994 0.3351 
        H380 11 0.1553 0.2168 0.3632 0.2647 
        H381 11 0.3885 0.2399 0.1734 0.1983 
        H382 11 0.1330 0.2689 0.2348 0.3633 
        H383 11 0.1527 0.3402 0.3172 0.1899 
        H384 11 0.3280 0.2439 0.2394 0.1887 
        H385 11 0.3026 0.2170 0.1841 0.2963 
        H386 11 0.1748 0.1931 0.4102 0.2219 
        H387 11 0.2426 0.4126 0.1888 0.1559 
        H388 11 0.1432 0.2619 0.3221 0.2727 
        H389 11 0.2300 0.1875 0.3386 0.2439 
        H390 11 0.2068 0.2448 0.2535 0.2949 
        H391 11 0.1893 0.3269 0.1937 0.2901 
        H392 11 0.3332 0.1867 0.3232 0.1569 
        H393 11 0.1590 0.3393 0.3114 0.1903 
        H394 11 0.1762 0.4190 0.1877 0.2171 
        H395 11 0.3520 0.1987 0.2489 0.2005 
        H408 11 0.2321 0.1876 0.3964 0.1839 
        H412 11 0.4441 0.2365 0.1110 0.2084 
        H417 11 0.2944 0.2376 0.2575 0.2105 
        H418 11 0.2836 0.2863 0.1717 0.2584 
        H429 11 0.1957 0.2400 0.3595 0.2048 
        H430 11 0.1661 0.2166 0.3178 0.2995 
        H439 11 0.2463 0.2123 0.2662 0.2752 
        H440 11 0.4006 0.1894 0.2488 0.1612 
        H441 11 0.1872 0.2271 0.2127 0.3731 
        H442 11 0.1877 0.2555 0.3105 0.2463 
        H446 11 0.2293 0.2901 0.2314 0.2492 
        H447 11 0.1567 0.2209 0.3270 0.2954 
        H448 11 0.1912 0.1938 0.3268 0.2882 
        H534 11 0.4263 0.2301 0.1902 0.1534 
        H537 11 0.3881 0.2408 0.1996 0.1714 
        H568 11 0.4825 0.1634 0.1603 0.1938 
        H569 11 0.1128 0.1982 0.2718 0.4172 
        H586 11 0.3363 0.3500 0.1432 0.1705 
        H587 11 0.4545 0.1691 0.2013 0.1751 
        H588 11 0.1545 0.4079 0.2200 0.2176 
        H589 11 0.4136 0.1832 0.2497 0.1535 
        H590 11 0.3490 0.2261 0.2607 0.1642 
        H601 11 0.1504 0.2893 0.2453 0.3150 
        H602 11 0.2874 0.2016 0.2275 0.2835 
        H603 11 0.1722 0.2008 0.3245 0.3025 
        H610 11 0.2797 0.2093 0.2167 0.2943 
        H611 11 0.3178 0.1786 0.1725 0.3311 
        H649 11 0.2416 0.2487 0.2682 0.2415 
        H650 11 0.1758 0.2720 0.1663 0.3859 
        H651 11 0.2054 0.1861 0.3533 0.2553 
        H652 11 0.2531 0.3123 0.2005 0.2340 
       H7364 11 0.1886 0.2330 0.2927 0.2856 
       H7366 11 0.2548 0.2063 0.3090 0.2299 
       H7378 11 0.1150 0.3907 0.1304 0.3639 
       H7379 11 0.2406 0.2462 0.2314 0.2817 
        H739 11 0.3576 0.1976 0.2032 0.2416 
        H740 11 0.2005 0.2727 0.1915 0.3353 
        H741 11 0.3493 0.1976 0.2024 0.2507 
        H926 11 0.2083 0.2633 0.1970 0.3314 
        H927 11 0.1695 0.2047 0.2385 0.3872 
        H928 11 0.2399 0.2151 0.1673 0.3777 
       H9560 11 0.2088 0.2682 0.2062 0.3167 
        H409 12 0.1697 0.2405 0.3101 0.2797 
        H413 12 0.1636 0.4070 0.1779 0.2515 
        H419 12 0.1891 0.2283 0.3251 0.2575 
        H420 12 0.2945 0.2191 0.2796 0.2068 
        H421 12 0.1374 0.3563 0.2793 0.2270 
        H435 12 0.1578 0.3258 0.2795 0.2369 
        H436 12 0.2353 0.2008 0.3525 0.2113 
        H437 12 0.3803 0.2459 0.1969 0.1769 
        H445 12 0.1676 0.2273 0.3852 0.2199 
        H449 12 0.2083 0.3216 0.2249 0.2452 
        H463 12 0.3233 0.2383 0.2245 0.2138 
        H464 12 0.1654 0.3497 0.2232 0.2617 
        H465 12 0.2396 0.3778 0.1403 0.2423 
        H490 12 0.1632 0.3560 0.1987 0.2820 
        H561 12 0.2416 0.2499 0.2005 0.3080 
        H562 12 0.2139 0.1885 0.3994 0.1983 
        H563 12 0.2610 0.1884 0.2773 0.2732 
        H570 12 0.3151 0.1859 0.2861 0.2129 
        H571 12 0.2349 0.3208 0.1795 0.2649 
        H572 12 0.2922 0.2391 0.2343 0.2344 
        H573 12 0.1637 0.2320 0.3367 0.2676 
       H7372 12 0.1217 0.2320 0.3693 0.2770 
       H7373 12 0.1675 0.4578 0.1837 0.1910 
       H7374 12 0.3081 0.2304 0.3214 0.1402 
       H7375 12 0.3079 0.1892 0.2877 0.2151 
       H7376 12 0.1325 0.2066 0.4601 0.2008 
       H7377 12 0.3297 0.2083 0.1858 0.2763 
