        H102  1 0.2085 0.3583 0.2743 0.1589 
        H103  1 0.3771 0.1772 0.1290 0.3167 
        H104  1 0.1727 0.2703 0.3313 0.2257 
        H105  1 0.2138 0.3517 0.2192 0.2153 
        H106  1 0.2408 0.2070 0.2557 0.2966 
        H112  1 0.1901 0.2271 0.3489 0.2339 
        H113  1 0.1937 0.2850 0.2017 0.3196 
        H114  1 0.1906 0.3105 0.1504 0.3486 
        H115  1 0.1717 0.3500 0.2728 0.2055 
        H143  1 0.2270 0.3729 0.2079 0.1921 
        H144  1 0.3565 0.3418 0.1308 0.1708 
        H145  1 0.3263 0.2623 0.1374 0.2739 
        H149  1 0.1910 0.2459 0.3726 0.1905 
        H150  1 0.2828 0.2483 0.2392 0.2297 
     H167542  1 0.1746 0.4598 0.1654 0.2002 
     H169604  1 0.2211 0.3674 0.1938 0.2178 
     H169607  1 0.3023 0.3411 0.1554 0.2012 
     H169608  1 0.2171 0.2309 0.3792 0.1728 
     H169633  1 0.2271 0.3175 0.1414 0.3141 
     H169688  1 0.3895 0.1837 0.1968 0.2300 
     H169714  1 0.2308 0.2256 0.3064 0.2372 
     H171802  1 0.1993 0.1575 0.3530 0.2902 
     H171805  1 0.3070 0.2417 0.1878 0.2634 
     H171807  1 0.2654 0.2279 0.3094 0.1972 
     H171814  1 0.3503 0.1984 0.1385 0.3127 
     H171816  1 0.2468 0.2053 0.3208 0.2271 
     H171817  1 0.1977 0.2307 0.3165 0.2550 
     H171818  1 0.2234 0.2633 0.2121 0.3012 
     H171819  1 0.2211 0.2251 0.2605 0.2932 
     H171834  1 0.2463 0.2873 0.2438 0.2226 
     H171835  1 0.1841 0.1899 0.4179 0.2081 
     H171836  1 0.2297 0.2477 0.1018 0.4207 
     H171837  1 0.2039 0.3242 0.2650 0.2069 
     H171838  1 0.2677 0.1645 0.1791 0.3886 
     H171839  1 0.1903 0.3111 0.2732 0.2253 
     H171841  1 0.2265 0.1354 0.4888 0.1493 
     H171860  1 0.2232 0.3094 0.2298 0.2376 
     H171861  1 0.2682 0.2943 0.1232 0.3143 
     H171862  1 0.2421 0.2771 0.2264 0.2544 
     H171868  1 0.1821 0.4282 0.1861 0.2036 
     H171869  1 0.3748 0.2136 0.1756 0.2360 
     H171870  1 0.2874 0.1956 0.2875 0.2295 
     H171871  1 0.3328 0.1627 0.1651 0.3394 
     H171872  1 0.1930 0.3092 0.2711 0.2267 
     H171873  1 0.3178 0.1960 0.2692 0.2170 
     H171874  1 0.3037 0.3334 0.1851 0.1779 
     H171875  1 0.2647 0.3816 0.1227 0.2309 
     H171876  1 0.2382 0.3747 0.1630 0.2241 
     H171877  1 0.1650 0.4754 0.1640 0.1956 
     H171878  1 0.3032 0.1949 0.2945 0.2074 
     H171901  1 0.2113 0.1663 0.3294 0.2930 
     H171902  1 0.3064 0.2623 0.2534 0.1778 
     H171903  1 0.2312 0.2715 0.2287 0.2686 
     H171935  1 0.2645 0.1337 0.3321 0.2696 
     H171936  1 0.2155 0.3310 0.1573 0.2962 
     H171940  1 0.2145 0.3389 0.2922 0.1544 
     H171945  1 0.3150 0.2321 0.2357 0.2172 
     H171948  1 0.2127 0.2177 0.3091 0.2605 
     H171949  1 0.1842 0.2101 0.4275 0.1782 
     H171950  1 0.1726 0.1828 0.4520 0.1926 
     H171963  1 0.3459 0.2018 0.1709 0.2814 
     H171964  1 0.4211 0.2268 0.1783 0.1738 
     H171966  1 0.2717 0.1871 0.2568 0.2843 
     H171968  1 0.2656 0.2995 0.2885 0.1464 
     H171971  1 0.2682 0.1601 0.2394 0.3323 
     H171972  1 0.3356 0.2283 0.1638 0.2723 
     H171977  1 0.3426 0.2718 0.1487 0.2370 
     H171978  1 0.2699 0.1794 0.3565 0.1942 
     H171979  1 0.2991 0.2126 0.1383 0.3500 
        H176  1 0.2343 0.3177 0.2150 0.2330 
        H177  1 0.1851 0.2402 0.3936 0.1811 
        H179  1 0.1592 0.3270 0.3166 0.1971 
        H181  1 0.2744 0.2149 0.1924 0.3184 
        H182  1 0.2843 0.2755 0.1235 0.3167 
        H183  1 0.3671 0.1798 0.1905 0.2627 
        H184  1 0.2184 0.2545 0.3034 0.2237 
        H185  1 0.2659 0.2744 0.1603 0.2994 
        H186  1 0.3325 0.2720 0.2690 0.1265 
        H187  1 0.2591 0.1869 0.2316 0.3225 
        H188  1 0.1712 0.3843 0.2644 0.1800 
        H192  1 0.1973 0.2094 0.3943 0.1990 
        H193  1 0.3169 0.2839 0.1425 0.2567 
        H194  1 0.2150 0.2805 0.2534 0.2511 
        H195  1 0.4407 0.2038 0.1764 0.1791 
        H199  1 0.3577 0.2315 0.1772 0.2336 
        H200  1 0.2216 0.2522 0.3008 0.2254 
        H414  1 0.2932 0.1948 0.1993 0.3127 
        H415  1 0.2236 0.2630 0.1786 0.3348 
        H422  1 0.2856 0.2297 0.2964 0.1882 
        H423  1 0.1636 0.1523 0.5218 0.1623 
        H424  1 0.3382 0.1930 0.1544 0.3143 
        H425  1 0.4073 0.2337 0.1546 0.2045 
        H426  1 0.4506 0.1479 0.1868 0.2148 
        H443  1 0.3601 0.3704 0.1522 0.1173 
        H466  1 0.2525 0.2506 0.2558 0.2410 
        H467  1 0.2143 0.1935 0.4360 0.1562 
        H472  1 0.2392 0.2930 0.2283 0.2395 
        H483  1 0.2316 0.3821 0.1691 0.2173 
        H504  1 0.3699 0.2042 0.1508 0.2751 
        H505  1 0.2041 0.2721 0.2933 0.2305 
        H506  1 0.2947 0.2690 0.2323 0.2040 
        H507  1 0.2878 0.2753 0.1098 0.3271 
        H508  1 0.2748 0.1887 0.2771 0.2593 
        H524  1 0.2533 0.2614 0.1492 0.3361 
        H525  1 0.3155 0.3291 0.1721 0.1833 
        H526  1 0.1792 0.4755 0.1666 0.1787 
        H527  1 0.2324 0.2377 0.3305 0.1994 
        H528  1 0.3047 0.2723 0.1550 0.2680 
        H529  1 0.3109 0.2703 0.1209 0.2979 
        H533  1 0.2162 0.1754 0.1092 0.4991 
        H538  1 0.2232 0.3440 0.2269 0.2058 
        H539  1 0.3230 0.1810 0.2095 0.2865 
        H540  1 0.2284 0.2624 0.2316 0.2776 
        H541  1 0.2050 0.3830 0.1903 0.2218 
        H558  1 0.3529 0.1520 0.2007 0.2944 
        H559  1 0.2336 0.3782 0.2325 0.1556 
        H579  1 0.3228 0.2980 0.1804 0.1989 
        H584  1 0.3775 0.2214 0.1819 0.2192 
        H585  1 0.2795 0.2092 0.1911 0.3201 
        H605  1 0.2345 0.2345 0.2899 0.2411 
        H606  1 0.1699 0.2951 0.3930 0.1420 
        H632  1 0.3763 0.2780 0.1564 0.1894 
        H634  1 0.3024 0.2479 0.2159 0.2338 
        H671  1 0.1939 0.2026 0.4213 0.1821 
        H672  1 0.2475 0.2386 0.2133 0.3006 
        H673  1 0.3206 0.3442 0.1783 0.1569 
        H689  1 0.2801 0.3644 0.1690 0.1865 
        H690  1 0.1860 0.2657 0.2873 0.2610 
        H691  1 0.1919 0.4606 0.1788 0.1687 
        H692  1 0.3414 0.2557 0.0995 0.3035 
        H709  1 0.2645 0.2236 0.2085 0.3035 
        H710  1 0.3610 0.2296 0.1326 0.2767 
       H7355  1 0.1821 0.3852 0.1415 0.2913 
       H7356  1 0.3135 0.2344 0.2319 0.2201 
       H7357  1 0.1863 0.3016 0.2651 0.2469 
       H7358  1 0.2384 0.3781 0.1616 0.2219 
       H7380  1 0.2608 0.3336 0.1957 0.2099 
       H7381  1 0.2873 0.1986 0.3162 0.1979 
       H7382  1 0.2736 0.3281 0.1904 0.2079 
        H904  1 0.1322 0.2285 0.5227 0.1166 
        H923  1 0.2495 0.2601 0.2853 0.2052 
        H924  1 0.2413 0.2970 0.2826 0.1790 
        H925  1 0.1944 0.4582 0.1594 0.1880 
       H9558  1 0.3910 0.1496 0.1797 0.2797 
        H008  2 0.2347 0.3123 0.1413 0.3117 
        H021  2 0.2036 0.2932 0.3053 0.1979 
        H023  2 0.1919 0.3427 0.2700 0.1953 
        H024  2 0.2967 0.1586 0.1392 0.4055 
        H025  2 0.2674 0.1892 0.3619 0.1815 
        H026  2 0.3712 0.1876 0.1474 0.2938 
        H027  2 0.2145 0.3525 0.1731 0.2599 
        H028  2 0.2764 0.2501 0.1905 0.2830 
        H029  2 0.2541 0.2826 0.1569 0.3064 
        H030  2 0.3438 0.1746 0.1406 0.3410 
        H038  2 0.2300 0.2538 0.3213 0.1949 
        H039  2 0.1234 0.1172 0.6320 0.1274 
        H040  2 0.2001 0.1684 0.3432 0.2884 
        H041  2 0.1909 0.3638 0.1953 0.2501 
        H042  2 0.2122 0.2996 0.2522 0.2361 
        H043  2 0.2529 0.1291 0.4306 0.1874 
        H044  2 0.2582 0.1594 0.1728 0.4095 
        H047  2 0.2796 0.1645 0.3376 0.2183 
        H050  2 0.2421 0.1616 0.1786 0.4177 
        H058  2 0.2614 0.1636 0.2848 0.2902 
        H062  2 0.1905 0.3946 0.2749 0.1401 
        H063  2 0.1963 0.2062 0.3670 0.2305 
        H065  2 0.3708 0.2307 0.2451 0.1534 
        H066  2 0.2532 0.1375 0.2071 0.4021 
        H067  2 0.2295 0.3958 0.1786 0.1961 
        H068  2 0.2116 0.1806 0.3764 0.2314 
        H069  2 0.3008 0.1935 0.2157 0.2901 
        H071  2 0.2255 0.2579 0.3137 0.2029 
        H072  2 0.1780 0.1826 0.4462 0.1932 
        H073  2 0.3005 0.2976 0.1720 0.2299 
        H081  2 0.1631 0.4083 0.2239 0.2046 
        H082  2 0.3069 0.1734 0.1389 0.3808 
        H083  2 0.3906 0.2099 0.1624 0.2371 
        H084  2 0.2179 0.1783 0.2553 0.3485 
        H085  2 0.1838 0.4387 0.1743 0.2032 
        H087  2 0.1669 0.4811 0.1852 0.1668 
        H088  2 0.1942 0.2625 0.3308 0.2125 
        H089  2 0.2112 0.4190 0.1693 0.2005 
        H090  2 0.2846 0.2271 0.1646 0.3238 
        H091  2 0.2444 0.3299 0.1231 0.3026 
        H098  2 0.2024 0.2046 0.1857 0.4073 
      H10001  2 0.1242 0.1376 0.6248 0.1134 
      H10002  2 0.1819 0.3145 0.3285 0.1751 
        H101  2 0.2317 0.1353 0.1612 0.4717 
        H108  2 0.1628 0.3558 0.3417 0.1397 
        H109  2 0.2113 0.1318 0.2708 0.3862 
        H110  2 0.1942 0.4053 0.1618 0.2388 
        H116  2 0.3377 0.2032 0.1952 0.2639 
        H117  2 0.2040 0.2763 0.1590 0.3607 
        H118  2 0.3363 0.3072 0.1166 0.2399 
        H119  2 0.2074 0.2717 0.3096 0.2113 
        H120  2 0.1391 0.2743 0.4589 0.1277 
        H121  2 0.2396 0.3422 0.1406 0.2776 
        H125  2 0.1283 0.1397 0.6074 0.1247 
        H126  2 0.3662 0.2047 0.2177 0.2115 
        H128  2 0.3902 0.1744 0.0848 0.3506 
        H129  2 0.4348 0.1971 0.1384 0.2297 
        H130  2 0.2699 0.1372 0.4041 0.1888 
        H133  2 0.2054 0.1407 0.4983 0.1556 
        H134  2 0.5103 0.1611 0.1355 0.1931 
        H135  2 0.2060 0.3297 0.2405 0.2238 
        H137  2 0.2052 0.1779 0.2222 0.3948 
        H138  2 0.4352 0.1896 0.1689 0.2063 
        H140  2 0.2459 0.2490 0.2356 0.2695 
        H146  2 0.3156 0.2318 0.1680 0.2846 
        H147  2 0.2237 0.3283 0.1674 0.2806 
        H148  2 0.1797 0.3290 0.1733 0.3180 
     H166022  2 0.2390 0.2280 0.1497 0.3834 
     H167359  2 0.2693 0.2114 0.2095 0.3098 
     H167397  2 0.2490 0.1843 0.0896 0.4771 
     H167428  2 0.2366 0.4622 0.1001 0.2011 
     H167496  2 0.1481 0.2610 0.4066 0.1843 
     H167513  2 0.2154 0.1283 0.2403 0.4159 
     H167545  2 0.3162 0.2287 0.1433 0.3119 
     H167547  2 0.3026 0.1237 0.1426 0.4311 
     H169621  2 0.2863 0.2188 0.1533 0.3416 
     H169622  2 0.3234 0.3063 0.1541 0.2162 
     H169750  2 0.2915 0.1450 0.3181 0.2454 
     H171806  2 0.2657 0.2414 0.2702 0.2227 
     H171808  2 0.2702 0.3027 0.2035 0.2235 
     H171809  2 0.2040 0.3312 0.2531 0.2118 
     H171813  2 0.3062 0.2147 0.2613 0.2179 
     H171815  2 0.2254 0.1628 0.4580 0.1538 
     H171824  2 0.1608 0.3557 0.3143 0.1693 
     H171825  2 0.2945 0.3177 0.1835 0.2043 
     H171826  2 0.1954 0.2847 0.2813 0.2386 
     H171827  2 0.2520 0.2635 0.2469 0.2377 
     H171828  2 0.1348 0.2458 0.4876 0.1318 
     H171829  2 0.3115 0.1728 0.2608 0.2548 
     H171830  2 0.2037 0.1872 0.2224 0.3866 
     H171831  2 0.3535 0.2194 0.1380 0.2891 
     H171832  2 0.3408 0.2159 0.2052 0.2381 
     H171863  2 0.3903 0.1735 0.1173 0.3189 
     H171864  2 0.2104 0.2406 0.1989 0.3501 
     H171865  2 0.2143 0.1809 0.4016 0.2033 
     H171879  2 0.2568 0.2099 0.2303 0.3031 
     H171880  2 0.2149 0.1701 0.1616 0.4534 
     H171881  2 0.2416 0.3256 0.1778 0.2551 
     H171882  2 0.1488 0.1593 0.5496 0.1423 
     H171929  2 0.2317 0.2854 0.2012 0.2817 
     H171930  2 0.2841 0.1542 0.1306 0.4311 
     H171933  2 0.2433 0.2482 0.1943 0.3142 
     H171934  2 0.2184 0.3669 0.1905 0.2242 
     H171937  2 0.3590 0.1623 0.1870 0.2917 
     H171962  2 0.2653 0.3476 0.1730 0.2141 
        H190  2 0.2684 0.2604 0.1749 0.2963 
        H191  2 0.2509 0.2248 0.2635 0.2608 
        H396  2 0.1873 0.4514 0.2097 0.1516 
        H397  2 0.2447 0.2521 0.1849 0.3183 
        H398  2 0.2933 0.2755 0.2678 0.1634 
        H400  2 0.2246 0.3344 0.2024 0.2385 
        H401  2 0.2747 0.1551 0.1095 0.4607 
        H402  2 0.2291 0.2462 0.1566 0.3681 
        H427  2 0.1958 0.4220 0.1879 0.1942 
        H428  2 0.2287 0.4682 0.1012 0.2019 
        H497  2 0.2323 0.1591 0.3269 0.2817 
        H512  2 0.2254 0.2057 0.2234 0.3455 
        H513  2 0.2130 0.1305 0.2363 0.4203 
        H514  2 0.3666 0.2007 0.2097 0.2229 
        H519  2 0.2100 0.1380 0.2285 0.4235 
        H532  2 0.2121 0.4566 0.1349 0.1963 
        H543  2 0.2466 0.2666 0.1510 0.3358 
        H544  2 0.3936 0.1695 0.2516 0.1853 
        H545  2 0.3546 0.2116 0.1325 0.3013 
        H546  2 0.2307 0.2066 0.3712 0.1914 
        H547  2 0.3011 0.1211 0.1400 0.4379 
        H548  2 0.2233 0.3118 0.1809 0.2840 
        H549  2 0.3003 0.1612 0.2061 0.3325 
        H620  2 0.1551 0.1882 0.5168 0.1399 
        H623  2 0.3362 0.1706 0.1803 0.3129 
        H624  2 0.3365 0.1673 0.3393 0.1569 
        H625  2 0.2275 0.3539 0.1752 0.2434 
        H626  2 0.2263 0.2119 0.2266 0.3352 
        H654  2 0.1552 0.1363 0.5814 0.1270 
        H655  2 0.2510 0.2023 0.3146 0.2320 
        H656  2 0.1556 0.2567 0.4676 0.1201 
        H666  2 0.1948 0.1197 0.5205 0.1650 
        H667  2 0.2289 0.3678 0.1954 0.2078 
        H677  2 0.2680 0.3356 0.1865 0.2099 
        H693  2 0.1513 0.3593 0.3517 0.1377 
        H694  2 0.2797 0.1752 0.1956 0.3495 
        H701  2 0.2283 0.2053 0.1649 0.4015 
        H702  2 0.2078 0.2140 0.2719 0.3063 
        H731  2 0.2060 0.3112 0.3069 0.1759 
       H7359  2 0.2559 0.2247 0.2098 0.3096 
       H7389  2 0.2683 0.3004 0.1881 0.2432 
       H7390  2 0.1954 0.1689 0.4272 0.2085 
       H7391  2 0.1516 0.4859 0.1574 0.2051 
       H7392  2 0.2997 0.2669 0.2477 0.1856 
       H7393  2 0.2081 0.1984 0.3095 0.2840 
       H7398  2 0.1844 0.3486 0.2082 0.2588 
       H7399  2 0.2739 0.3598 0.1511 0.2152 
       H7400  2 0.1572 0.1561 0.5612 0.1255 
        H745  2 0.4227 0.1637 0.1564 0.2572 
        H746  2 0.3027 0.3334 0.1573 0.2066 
        H747  2 0.1974 0.1666 0.3581 0.2778 
        H748  2 0.2518 0.1934 0.2381 0.3167 
       H7484  2 0.1705 0.1666 0.4615 0.2014 
       H7485  2 0.3210 0.1928 0.2060 0.2802 
        H749  2 0.2917 0.2927 0.1670 0.2486 
        H930  2 0.2487 0.1658 0.1323 0.4533 
        H931  2 0.2288 0.3203 0.2112 0.2397 
        H932  2 0.2600 0.2314 0.2497 0.2589 
        H111  3 0.3302 0.1607 0.1604 0.3487 
        H951  3 0.2664 0.2328 0.1578 0.3430 
        H952  3 0.3328 0.2206 0.2248 0.2218 
        H953  3 0.2121 0.4329 0.1337 0.2214 
        H954  3 0.1792 0.1644 0.4284 0.2280 
        H955  3 0.3250 0.1915 0.1415 0.3421 
        H956  3 0.2156 0.2338 0.2453 0.3054 
       H9563  3 0.1844 0.2751 0.2527 0.2878 
        H002  4 0.2929 0.1722 0.3816 0.1533 
        H003  4 0.2761 0.4134 0.1492 0.1612 
        H009  4 0.3890 0.1888 0.1869 0.2353 
        H010  4 0.2341 0.3052 0.2226 0.2381 
        H011  4 0.1618 0.2727 0.4173 0.1481 
        H012  4 0.2173 0.3372 0.1631 0.2824 
        H013  4 0.2035 0.3428 0.2713 0.1824 
        H014  4 0.2727 0.2215 0.2526 0.2533 
        H045  4 0.1787 0.3362 0.2696 0.2155 
        H046  4 0.3456 0.3301 0.1449 0.1794 
        H051  4 0.1816 0.3039 0.3171 0.1975 
        H052  4 0.2804 0.1812 0.3474 0.1910 
        H053  4 0.2400 0.2105 0.2920 0.2576 
        H056  4 0.2059 0.1716 0.4157 0.2069 
        H076  4 0.3246 0.2907 0.1486 0.2360 
        H151  4 0.2072 0.1587 0.4871 0.1470 
        H152  4 0.2735 0.2018 0.3715 0.1532 
     H171803  4 0.2171 0.2331 0.3235 0.2263 
     H171804  4 0.1986 0.2169 0.2996 0.2848 
     H171833  4 0.4003 0.1873 0.1784 0.2339 
     H171855  4 0.2184 0.1345 0.4758 0.1713 
     H171856  4 0.2404 0.1849 0.2411 0.3335 
     H171857  4 0.2414 0.1688 0.3765 0.2133 
     H171858  4 0.2948 0.2622 0.2447 0.1983 
     H171859  4 0.2681 0.2680 0.2688 0.1952 
     H171961  4 0.2077 0.2831 0.3193 0.1899 
        H198  4 0.2981 0.3323 0.1291 0.2405 
      H20001  4 0.3635 0.1503 0.1974 0.2888 
        H403  4 0.2644 0.2037 0.2802 0.2516 
        H404  4 0.2390 0.3855 0.1559 0.2195 
        H405  4 0.2845 0.2830 0.1573 0.2753 
        H406  4 0.3192 0.1065 0.2203 0.3539 
        H407  4 0.2143 0.2506 0.2560 0.2790 
        H410  4 0.2439 0.2638 0.1363 0.3560 
        H411  4 0.3085 0.1498 0.1921 0.3496 
        H468  4 0.3214 0.1194 0.2283 0.3308 
        H476  4 0.2503 0.1437 0.2774 0.3286 
        H477  4 0.4120 0.1808 0.1481 0.2590 
        H478  4 0.2643 0.3160 0.1765 0.2432 
        H479  4 0.2202 0.3019 0.2878 0.1901 
        H480  4 0.3306 0.1604 0.1481 0.3609 
        H498  4 0.3076 0.2607 0.2273 0.2044 
        H499  4 0.2535 0.2808 0.2284 0.2373 
        H500  4 0.1769 0.2226 0.3799 0.2206 
        H515  4 0.2156 0.2004 0.3102 0.2738 
        H516  4 0.2659 0.1655 0.2974 0.2713 
        H517  4 0.2512 0.2216 0.2359 0.2914 
        H518  4 0.2789 0.1450 0.3420 0.2342 
        H520  4 0.2309 0.1657 0.3736 0.2299 
        H521  4 0.2337 0.3285 0.2044 0.2334 
        H522  4 0.2551 0.2102 0.2645 0.2702 
        H523  4 0.2453 0.1841 0.2697 0.3009 
        H536  4 0.2747 0.3509 0.1898 0.1846 
        H645  4 0.1617 0.4699 0.2225 0.1459 
        H646  4 0.3084 0.1813 0.1391 0.3711 
        H647  4 0.3017 0.2120 0.2118 0.2745 
        H657  4 0.2835 0.2480 0.1610 0.3075 
        H658  4 0.2275 0.2094 0.2334 0.3298 
        H659  4 0.1616 0.1380 0.5490 0.1515 
        H660  4 0.2474 0.2137 0.2785 0.2604 
        H661  4 0.2452 0.1790 0.3974 0.1783 
        H668  4 0.2200 0.3680 0.1738 0.2382 
        H669  4 0.2039 0.2788 0.2495 0.2677 
        H670  4 0.1548 0.4561 0.2476 0.1415 
        H678  4 0.2201 0.2072 0.2234 0.3494 
        H679  4 0.2367 0.2005 0.1528 0.4100 
        H680  4 0.3093 0.1965 0.2430 0.2511 
        H681  4 0.2012 0.3166 0.2938 0.1885 
        H682  4 0.2050 0.2198 0.1663 0.4089 
        H683  4 0.2696 0.1351 0.3535 0.2418 
        H718  4 0.2098 0.1958 0.4207 0.1738 
        H719  4 0.1944 0.3125 0.2605 0.2326 
        H720  4 0.2799 0.2161 0.3084 0.1956 
        H721  4 0.3072 0.1826 0.2855 0.2247 
        H722  4 0.3539 0.1420 0.3314 0.1728 
        H723  4 0.1749 0.2729 0.3426 0.2096 
        H724  4 0.1653 0.1643 0.4886 0.1818 
        H725  4 0.2057 0.1487 0.4825 0.1631 
        H726  4 0.2163 0.1938 0.3987 0.1912 
        H727  4 0.1915 0.2670 0.3351 0.2064 
        H910  4 0.1856 0.2359 0.3018 0.2767 
        H911  4 0.2805 0.1964 0.1772 0.3459 
        H912  4 0.2590 0.1636 0.2955 0.2819 
        H913  4 0.2250 0.2313 0.2925 0.2512 
        H914  4 0.1625 0.3134 0.3340 0.1902 
        H915  4 0.2235 0.1672 0.2495 0.3598 
        H916  4 0.2682 0.1479 0.2099 0.3740 
       H9572  4 0.2500 0.1917 0.2980 0.2603 
        H015  5 0.2996 0.1883 0.1806 0.3314 
        H016  5 0.3949 0.2227 0.1677 0.2147 
        H017  5 0.3063 0.1644 0.2489 0.2804 
        H019  5 0.2955 0.2314 0.2278 0.2453 
        H020  5 0.2331 0.3166 0.2571 0.1931 
        H032  5 0.2308 0.1837 0.3060 0.2795 
        H033  5 0.2251 0.3089 0.1795 0.2865 
        H034  5 0.1718 0.2463 0.3905 0.1914 
        H035  5 0.2635 0.2180 0.2285 0.2901 
        H036  5 0.2448 0.2125 0.1810 0.3617 
        H037  5 0.2112 0.2728 0.2979 0.2181 
        H048  5 0.1756 0.2857 0.3536 0.1850 
        H049  5 0.3430 0.1918 0.2340 0.2313 
        H054  5 0.2671 0.2486 0.2549 0.2294 
        H055  5 0.2134 0.3181 0.3198 0.1487 
        H057  5 0.4082 0.1811 0.2403 0.1704 
        H060  5 0.2927 0.2693 0.2906 0.1473 
        H061  5 0.2554 0.3289 0.1876 0.2280 
        H064  5 0.2497 0.2651 0.3189 0.1663 
        H070  5 0.1972 0.2907 0.2888 0.2233 
        H077  5 0.1992 0.1601 0.4330 0.2076 
        H078  5 0.2571 0.1388 0.3596 0.2445 
        H079  5 0.2231 0.3565 0.1340 0.2864 
        H097  5 0.3556 0.1279 0.2890 0.2275 
        H107  5 0.1435 0.2362 0.4941 0.1262 
        H122  5 0.3128 0.2211 0.1997 0.2664 
        H123  5 0.2985 0.1980 0.1560 0.3475 
        H124  5 0.2689 0.2972 0.1586 0.2753 
        H131  5 0.2273 0.2681 0.1845 0.3201 
        H132  5 0.2163 0.2936 0.2548 0.2354 
        H141  5 0.2179 0.2479 0.3034 0.2309 
        H142  5 0.2795 0.2842 0.1494 0.2868 
        H157  5 0.1977 0.2415 0.3625 0.1984 
        H158  5 0.4219 0.1579 0.1525 0.2677 
        H159  5 0.3017 0.2302 0.1623 0.3058 
        H160  5 0.2893 0.2056 0.2375 0.2675 
        H163  5 0.2382 0.2134 0.1874 0.3611 
        H164  5 0.2694 0.2652 0.2151 0.2502 
        H165  5 0.2051 0.4157 0.1455 0.2338 
        H166  5 0.2849 0.2915 0.1726 0.2510 
        H169  5 0.2486 0.3281 0.2189 0.2044 
     H169613  5 0.2826 0.2338 0.2581 0.2255 
     H169653  5 0.2975 0.2637 0.1951 0.2437 
     H169728  5 0.2514 0.1819 0.1861 0.3807 
     H169742  5 0.1802 0.4609 0.2053 0.1536 
        H170  5 0.4142 0.1815 0.2148 0.1894 
        H171  5 0.4070 0.1820 0.2001 0.2108 
     H171851  5 0.3121 0.2173 0.2486 0.2220 
     H171852  5 0.2582 0.2028 0.3464 0.1926 
     H171853  5 0.1988 0.2175 0.3119 0.2718 
     H171854  5 0.2473 0.1728 0.2511 0.3287 
     H171938  5 0.1903 0.3954 0.2052 0.2092 
     H171939  5 0.3235 0.2864 0.1611 0.2291 
     H171941  5 0.1748 0.2815 0.4101 0.1336 
     H171965  5 0.3302 0.2905 0.1727 0.2065 
     H171970  5 0.1584 0.1865 0.4971 0.1579 
     H171973  5 0.2158 0.3839 0.1605 0.2397 
     H171974  5 0.2029 0.3350 0.2386 0.2234 
     H171975  5 0.2067 0.2958 0.2885 0.2090 
     H171976  5 0.3711 0.1420 0.2557 0.2312 
        H175  5 0.1978 0.2692 0.3265 0.2065 
        H178  5 0.2496 0.3151 0.2632 0.1720 
        H189  5 0.2988 0.2579 0.1498 0.2934 
        H399  5 0.3993 0.1322 0.2238 0.2447 
        H416  5 0.2087 0.3133 0.2449 0.2331 
        H438  5 0.2082 0.2622 0.2258 0.3038 
        H450  5 0.2305 0.2346 0.3826 0.1523 
        H455  5 0.1561 0.2835 0.4141 0.1464 
        H456  5 0.2086 0.3738 0.2184 0.1991 
        H457  5 0.2742 0.1724 0.3879 0.1655 
        H458  5 0.2155 0.2868 0.3039 0.1938 
        H459  5 0.3172 0.2584 0.1474 0.2771 
        H460  5 0.2556 0.2051 0.2487 0.2906 
        H461  5 0.3520 0.1451 0.2291 0.2737 
        H462  5 0.2079 0.2529 0.1674 0.3718 
        H469  5 0.2180 0.2410 0.1596 0.3815 
        H470  5 0.2284 0.1982 0.2902 0.2832 
        H471  5 0.3916 0.1441 0.1418 0.3225 
        H481  5 0.1696 0.1984 0.4653 0.1667 
        H482  5 0.2262 0.2172 0.3336 0.2230 
        H501  5 0.2334 0.2829 0.2448 0.2389 
        H502  5 0.3581 0.2359 0.1483 0.2577 
        H503  5 0.2811 0.2149 0.2025 0.3015 
        H509  5 0.1818 0.2017 0.3607 0.2559 
        H510  5 0.2454 0.3002 0.2316 0.2228 
        H511  5 0.2969 0.2679 0.1903 0.2449 
        H530  5 0.1867 0.3232 0.2758 0.2143 
        H531  5 0.2275 0.1703 0.3695 0.2327 
        H564  5 0.2442 0.2625 0.3114 0.1819 
        H565  5 0.2081 0.2030 0.4272 0.1617 
        H567  5 0.2570 0.2445 0.1336 0.3649 
     H568???  5 0.3567 0.2061 0.1751 0.2621 
        H608  5 0.2142 0.2341 0.3812 0.1704 
        H609  5 0.1816 0.4292 0.1981 0.1910 
        H612  5 0.1478 0.2668 0.4142 0.1712 
        H614  5 0.2270 0.1781 0.4234 0.1714 
        H615  5 0.2657 0.1821 0.3434 0.2087 
        H616  5 0.1397 0.2477 0.4794 0.1332 
        H617  5 0.2521 0.2896 0.1408 0.3175 
        H618  5 0.1832 0.2282 0.3981 0.1904 
        H619  5 0.1747 0.5252 0.1688 0.1313 
        H635  5 0.2480 0.2528 0.2417 0.2575 
        H636  5 0.1751 0.4500 0.1639 0.2110 
        H637  5 0.2190 0.3368 0.2675 0.1767 
        H644  5 0.4546 0.1624 0.1098 0.2732 
        H711  5 0.3973 0.2022 0.2214 0.1791 
        H712  5 0.1790 0.3944 0.2667 0.1599 
       H7360  5 0.3090 0.2192 0.2734 0.1985 
       H7361  5 0.2276 0.2103 0.3733 0.1888 
       H7362  5 0.4182 0.1787 0.1215 0.2816 
       H7363  5 0.2560 0.1902 0.3057 0.2482 
       H7394  5 0.2660 0.2043 0.1740 0.3557 
       H7395  5 0.2377 0.3447 0.2334 0.1842 
       H7396  5 0.2502 0.2687 0.2113 0.2698 
        H742  5 0.1709 0.4722 0.2054 0.1515 
        H743  5 0.2294 0.3322 0.2650 0.1734 
        H744  5 0.1640 0.2325 0.4207 0.1827 
        H957  5 0.3260 0.1802 0.2459 0.2478 
        H958  5 0.2300 0.2124 0.1794 0.3781 
        H959  5 0.1661 0.3013 0.3728 0.1597 
        H960  5 0.2072 0.3179 0.2091 0.2658 
      H_PALI  6 0.2685 0.2229 0.2343 0.2743 
        H581  6 0.2526 0.2043 0.2901 0.2531 
        H582  6 0.2135 0.1670 0.4661 0.1534 
        H583  6 0.2362 0.2469 0.2736 0.2433 
        H595  6 0.2406 0.1620 0.1267 0.4707 
        H596  6 0.2466 0.1949 0.1333 0.4252 
        H597  6 0.3549 0.2357 0.1558 0.2536 
        H598  6 0.2203 0.2560 0.2620 0.2617 
        H599  6 0.2003 0.2976 0.3281 0.1740 
        H642  6 0.3550 0.1313 0.1953 0.3183 
        H643  6 0.2043 0.2709 0.2324 0.2924 
        H664  6 0.2296 0.1165 0.4184 0.2355 
        H665  6 0.1858 0.3932 0.2051 0.2159 
        H674  6 0.3892 0.1832 0.1373 0.2903 
        H675  6 0.2671 0.1910 0.3232 0.2187 
        H676  6 0.2502 0.1612 0.1960 0.3925 
        H686  6 0.2793 0.2428 0.2142 0.2637 
        H687  6 0.2745 0.1850 0.2330 0.3074 
        H917  6 0.2065 0.2846 0.1344 0.3744 
        H918  6 0.2054 0.4700 0.1620 0.1625 
        H919  6 0.1597 0.2744 0.3812 0.1847 
        H920  6 0.2197 0.1860 0.3673 0.2270 
        H631  7 0.2330 0.2710 0.3152 0.1808 
        H684  7 0.4144 0.2163 0.1664 0.2029 
        H685  7 0.1900 0.1287 0.3672 0.3141 
        H713  7 0.1806 0.1847 0.4353 0.1993 
        H715  7 0.3833 0.2016 0.1971 0.2180 
        H716  7 0.2342 0.3598 0.2709 0.1351 
        H717  7 0.2392 0.2425 0.2924 0.2259 
        H729  7 0.2209 0.3162 0.1327 0.3302 
        H730  7 0.1847 0.3755 0.2198 0.2200 
        H431  8 0.2168 0.2049 0.3443 0.2340 
        H432  8 0.3471 0.2439 0.1386 0.2704 
        H433  8 0.2368 0.2633 0.1741 0.3257 
        H434  8 0.2492 0.2538 0.1811 0.3158 
        H444  8 0.2156 0.3610 0.2026 0.2209 
        H454  8 0.1659 0.2492 0.4114 0.1736 
        H475  8 0.1833 0.1519 0.4792 0.1857 
        H491  8 0.2331 0.2878 0.3105 0.1686 
        H492  8 0.2033 0.2065 0.3280 0.2622 
        H493  8 0.3118 0.2207 0.2244 0.2431 
        H494  8 0.2154 0.2419 0.2540 0.2887 
        H495  8 0.2698 0.1573 0.4140 0.1590 
        H662  8 0.3244 0.2334 0.2036 0.2385 
        H663  8 0.2323 0.2571 0.2449 0.2656 
        H695  8 0.2119 0.2716 0.2600 0.2565 
       H7367  8 0.2233 0.2100 0.1440 0.4226 
       H7368  8 0.2896 0.2412 0.1955 0.2737 
       H7369  8 0.1892 0.3927 0.2093 0.2088 
       H7370  8 0.2167 0.1529 0.1157 0.5147 
       H7371  8 0.2150 0.2734 0.1808 0.3308 
        H600  9 0.2200 0.2442 0.3468 0.1890 
        H648  9 0.2815 0.1875 0.2768 0.2543 
        H696  9 0.3743 0.1563 0.1249 0.3445 
        H697  9 0.2368 0.2975 0.2053 0.2605 
        H698  9 0.2607 0.2267 0.1949 0.3176 
        H699  9 0.2524 0.2377 0.2374 0.2725 
        H700  9 0.1947 0.2983 0.3287 0.1783 
        H732  9 0.2501 0.1751 0.3904 0.1844 
        H733  9 0.2205 0.2127 0.1594 0.4073 
        H734  9 0.3267 0.1819 0.1444 0.3470 
        H735  9 0.2190 0.1882 0.1904 0.4024 
        H736  9 0.2594 0.2580 0.2591 0.2235 
        H737  9 0.2360 0.3060 0.2743 0.1837 
        H905  9 0.1960 0.2956 0.3255 0.1829 
        H921  9 0.1871 0.3049 0.2889 0.2191 
        H922  9 0.2249 0.2556 0.1276 0.3919 
     H169705 10 0.1980 0.1828 0.1686 0.4507 
     H171942 10 0.3429 0.2432 0.1432 0.2708 
     H171943 10 0.2741 0.2373 0.1845 0.3041 
     H171944 10 0.2156 0.2426 0.2092 0.3327 
     H171946 10 0.2782 0.1520 0.3416 0.2283 
     H171947 10 0.2508 0.2727 0.2100 0.2664 
     H229641 10 0.2552 0.1742 0.2689 0.3018 
      H30001 10 0.2213 0.2319 0.2656 0.2812 
      H30002 10 0.2399 0.3403 0.2147 0.2051 
      H30005 10 0.2343 0.1822 0.2035 0.3800 
      H30006 10 0.2878 0.1985 0.1759 0.3379 
      H30007 10 0.4181 0.2549 0.1199 0.2071 
        H451 10 0.2483 0.2615 0.1720 0.3182 
        H452 10 0.2710 0.1838 0.2074 0.3378 
        H453 10 0.2302 0.1968 0.4300 0.1430 
        H473 10 0.2319 0.3053 0.3023 0.1605 
        H474 10 0.1993 0.1144 0.4714 0.2149 
        H486 10 0.2180 0.2002 0.3120 0.2698 
        H487 10 0.2148 0.2190 0.3309 0.2354 
        H488 10 0.1801 0.3540 0.2578 0.2081 
        H489 10 0.1776 0.1741 0.3989 0.2494 
        H550 10 0.3742 0.1842 0.1789 0.2627 
        H551 10 0.1776 0.2599 0.2339 0.3286 
        H553 10 0.2275 0.1599 0.3702 0.2424 
        H554 10 0.2926 0.2617 0.2036 0.2422 
        H556 10 0.3024 0.2146 0.2355 0.2475 
        H580 10 0.2636 0.2837 0.1961 0.2565 
        H591 10 0.1658 0.2121 0.4581 0.1641 
        H592 10 0.2114 0.1871 0.3008 0.3007 
        H593 10 0.2700 0.2527 0.2311 0.2463 
        H594 10 0.3352 0.2434 0.1157 0.3057 
        H627 10 0.2828 0.1616 0.2584 0.2972 
        H628 10 0.2355 0.4746 0.1109 0.1789 
        H629 10 0.2965 0.1628 0.2693 0.2714 
        H630 10 0.2326 0.1611 0.2410 0.3653 
        H638 10 0.2095 0.1640 0.1886 0.4379 
        H639 10 0.2306 0.1465 0.3916 0.2313 
        H640 10 0.2715 0.1881 0.1792 0.3612 
        H704 10 0.3320 0.2712 0.1643 0.2326 
        H705 10 0.1910 0.1866 0.1723 0.4500 
        H706 10 0.1660 0.3175 0.3148 0.2017 
        H708 10 0.1901 0.2015 0.4201 0.1884 
       H7351 10 0.3149 0.2351 0.2248 0.2252 
       H7352 10 0.2437 0.2482 0.2702 0.2379 
       H7353 10 0.4242 0.1743 0.1756 0.2260 
       H7354 10 0.2051 0.3330 0.3122 0.1496 
       H7365 10 0.1679 0.2025 0.4246 0.2050 
       H7383 10 0.1845 0.2940 0.2926 0.2289 
       H7384 10 0.2113 0.2818 0.2889 0.2181 
       H7385 10 0.1864 0.2311 0.3388 0.2437 
       H7386 10 0.2218 0.3258 0.1960 0.2564 
       H7387 10 0.2662 0.2817 0.1972 0.2549 
       H7388 10 0.2425 0.2644 0.2212 0.2719 
        H906 10 0.2796 0.2579 0.3229 0.1395 
        H907 10 0.2710 0.1611 0.1642 0.4037 
        H908 10 0.2258 0.2378 0.2455 0.2908 
        H909 10 0.2054 0.4102 0.2346 0.1498 
       H9552 10 0.2775 0.2610 0.2263 0.2352 
       H9553 10 0.2440 0.2017 0.2882 0.2661 
       H9555 10 0.2137 0.2503 0.1673 0.3686 
       H9575 10 0.2561 0.1817 0.3857 0.1765 
       H9703 10 0.2007 0.1788 0.4416 0.1789 
       H9707 10 0.2089 0.1751 0.3705 0.2455 
       HSAA4 10 0.2728 0.2780 0.1913 0.2579 
        H001 11 0.2127 0.3480 0.2638 0.1755 
        H004 11 0.2594 0.2620 0.2152 0.2634 
        H005 11 0.1594 0.2567 0.4341 0.1498 
        H006 11 0.2184 0.2738 0.2427 0.2651 
        H007 11 0.1624 0.3573 0.3293 0.1511 
        H031 11 0.1493 0.1803 0.4571 0.2134 
        H074 11 0.2025 0.1487 0.3937 0.2551 
        H075 11 0.1618 0.3213 0.3537 0.1632 
        H080 11 0.1906 0.1985 0.3898 0.2212 
        H086 11 0.2322 0.2266 0.2412 0.3000 
        H092 11 0.2008 0.2043 0.3230 0.2719 
        H093 11 0.3755 0.2617 0.1386 0.2242 
        H094 11 0.2697 0.1515 0.1995 0.3793 
        H095 11 0.2043 0.2804 0.3472 0.1682 
        H096 11 0.1862 0.3573 0.2794 0.1771 
        H099 11 0.2195 0.2148 0.3002 0.2655 
        H100 11 0.2678 0.3944 0.1224 0.2154 
        H127 11 0.2241 0.2473 0.2972 0.2314 
        H136 11 0.1904 0.1825 0.4314 0.1957 
        H153 11 0.2741 0.2061 0.2365 0.2832 
        H154 11 0.1991 0.1655 0.4116 0.2238 
        H155 11 0.1992 0.4219 0.1362 0.2427 
        H156 11 0.2205 0.3861 0.1071 0.2863 
        H161 11 0.3034 0.2573 0.2234 0.2160 
        H162 11 0.2492 0.1964 0.1492 0.4052 
        H167 11 0.2713 0.3494 0.1804 0.1989 
        H168 11 0.2570 0.2786 0.2107 0.2537 
     H169586 11 0.3676 0.1509 0.3142 0.1672 
     H169738 11 0.1955 0.3739 0.1443 0.2863 
     H169741 11 0.2231 0.1909 0.3424 0.2435 
     H171801 11 0.3253 0.2224 0.1774 0.2749 
     H171810 11 0.2313 0.1846 0.3302 0.2539 
     H171811 11 0.2334 0.1608 0.4174 0.1884 
     H171812 11 0.1705 0.4721 0.2175 0.1399 
     H171820 11 0.1953 0.2149 0.3787 0.2112 
     H171821 11 0.2193 0.2719 0.1843 0.3246 
     H171822 11 0.2172 0.2139 0.2061 0.3628 
     H171823 11 0.2738 0.1462 0.4332 0.1468 
     H171866 11 0.2860 0.2595 0.1788 0.2757 
     H171867 11 0.2023 0.3025 0.1642 0.3310 
     H171967 11 0.1728 0.3084 0.3318 0.1870 
     H171969 11 0.2314 0.3144 0.2249 0.2293 
        H172 11 0.2195 0.3314 0.2050 0.2441 
        H173 11 0.1778 0.3326 0.1961 0.2935 
        H174 11 0.3283 0.1492 0.1368 0.3857 
        H196 11 0.2427 0.2848 0.1601 0.3123 
        H197 11 0.2221 0.2810 0.1870 0.3099 
        H346 11 0.2126 0.3704 0.2487 0.1682 
        H355 11 0.2094 0.3339 0.2746 0.1822 
        H356 11 0.2297 0.2740 0.2695 0.2268 
        H357 11 0.1737 0.2316 0.3361 0.2587 
        H358 11 0.1874 0.3981 0.1988 0.2156 
        H359 11 0.2530 0.2087 0.2610 0.2773 
        H360 11 0.2131 0.3108 0.2269 0.2493 
        H361 11 0.2389 0.3532 0.1986 0.2093 
        H362 11 0.2313 0.1805 0.1265 0.4617 
        H363 11 0.1867 0.2323 0.3933 0.1877 
        H364 11 0.2845 0.3028 0.2393 0.1734 
        H365 11 0.2426 0.3746 0.1762 0.2066 
        H366 11 0.2346 0.3725 0.1725 0.2204 
        H367 11 0.1894 0.1600 0.4242 0.2264 
        H368 11 0.3301 0.1829 0.1628 0.3242 
        H369 11 0.1546 0.2091 0.4455 0.1908 
        H370 11 0.2468 0.2810 0.1792 0.2930 
        H371 11 0.2245 0.1943 0.2360 0.3452 
        H372 11 0.2401 0.3273 0.1914 0.2412 
        H373 11 0.2191 0.2673 0.2540 0.2597 
        H374 11 0.2026 0.3461 0.2769 0.1744 
        H375 11 0.1952 0.3118 0.2748 0.2182 
        H376 11 0.3036 0.2762 0.1816 0.2386 
        H377 11 0.2071 0.2450 0.2717 0.2762 
        H378 11 0.2689 0.2100 0.2995 0.2216 
        H379 11 0.2570 0.1900 0.2163 0.3366 
        H380 11 0.2248 0.3950 0.1430 0.2373 
        H381 11 0.2438 0.1601 0.3899 0.2062 
        H382 11 0.2561 0.2317 0.1245 0.3877 
        H383 11 0.2852 0.3743 0.1461 0.1944 
        H384 11 0.2409 0.2501 0.3187 0.1904 
        H385 11 0.2095 0.1818 0.3019 0.3068 
        H386 11 0.1893 0.4243 0.1754 0.2110 
        H387 11 0.4252 0.1930 0.2357 0.1461 
        H388 11 0.2429 0.3765 0.1328 0.2479 
        H389 11 0.1973 0.3500 0.2159 0.2367 
        H390 11 0.2368 0.2673 0.1976 0.2983 
        H391 11 0.3083 0.2135 0.1669 0.3114 
        H392 11 0.1782 0.3337 0.3419 0.1462 
        H393 11 0.3012 0.3454 0.1500 0.2034 
        H394 11 0.4315 0.1826 0.1625 0.2234 
        H395 11 0.1773 0.2563 0.3727 0.1936 
        H408 11 0.1754 0.4257 0.2354 0.1635 
        H412 11 0.2495 0.0936 0.4480 0.2088 
        H417 11 0.2271 0.2788 0.2824 0.2117 
        H418 11 0.3004 0.1621 0.2769 0.2605 
        H429 11 0.2528 0.3809 0.1760 0.1904 
        H430 11 0.2206 0.3210 0.1593 0.2991 
        H439 11 0.2047 0.2587 0.2459 0.2907 
        H440 11 0.1865 0.2379 0.4282 0.1475 
        H441 11 0.2334 0.2131 0.1837 0.3698 
        H442 11 0.2549 0.3329 0.1816 0.2307 
        H446 11 0.2917 0.2296 0.2265 0.2522 
        H447 11 0.2229 0.3644 0.1414 0.2713 
        H448 11 0.1920 0.3375 0.2066 0.2639 
        H534 11 0.2185 0.1774 0.4493 0.1549 
        H537 11 0.2391 0.1733 0.4217 0.1658 
        H568 11 0.1527 0.1336 0.5115 0.2022 
        H569 11 0.1989 0.2582 0.1097 0.4332 
        H586 11 0.3826 0.1366 0.3135 0.1673 
        H587 11 0.1646 0.2111 0.4523 0.1719 
        H588 11 0.3952 0.2341 0.1475 0.2232 
        H589 11 0.1799 0.2601 0.4184 0.1416 
        H590 11 0.2090 0.2326 0.3854 0.1730 
        H601 11 0.2644 0.2572 0.1436 0.3348 
        H602 11 0.2138 0.2100 0.2978 0.2784 
        H603 11 0.2099 0.3274 0.1650 0.2977 
        H610 11 0.2140 0.1956 0.2834 0.3070 
        H611 11 0.2041 0.1495 0.3160 0.3304 
        H649 11 0.2423 0.2694 0.2379 0.2505 
        H650 11 0.2819 0.1611 0.1621 0.3948 
        H651 11 0.1751 0.3882 0.1948 0.2419 
        H652 11 0.3120 0.1906 0.2638 0.2336 
       H7364 11 0.2318 0.3176 0.1801 0.2705 
       H7366 11 0.1972 0.3259 0.2672 0.2098 
       H7378 11 0.3958 0.1249 0.1055 0.3738 
       H7379 11 0.2332 0.2331 0.2484 0.2853 
        H739 11 0.2025 0.1906 0.3549 0.2520 
        H740 11 0.2584 0.1763 0.2122 0.3531 
        H741 11 0.2031 0.1939 0.3497 0.2532 
        H926 11 0.2521 0.1767 0.2131 0.3582 
        H927 11 0.2300 0.2478 0.1642 0.3580 
        H928 11 0.2179 0.1496 0.2310 0.4015 
       H9560 11 0.3106 0.1765 0.2105 0.3023 
        H409 12 0.2302 0.3199 0.1632 0.2866 
        H413 12 0.4367 0.1512 0.1573 0.2548 
        H419 12 0.2116 0.3351 0.1963 0.2571 
        H420 12 0.2303 0.2571 0.3140 0.1986 
        H421 12 0.3270 0.3012 0.1350 0.2368 
        H435 12 0.3207 0.2840 0.1632 0.2322 
        H436 12 0.1811 0.3824 0.2339 0.2026 
        H437 12 0.2396 0.1807 0.4076 0.1722 
        H445 12 0.2016 0.4329 0.1630 0.2026 
        H449 12 0.3607 0.2208 0.1987 0.2198 
        H463 12 0.2255 0.2027 0.3588 0.2130 
        H464 12 0.3709 0.2092 0.1563 0.2635 
        H465 12 0.3451 0.1264 0.2473 0.2813 
        H490 12 0.3774 0.1857 0.1534 0.2836 
        H561 12 0.2426 0.2041 0.2282 0.3251 
        H562 12 0.1742 0.4120 0.2231 0.1906 
        H563 12 0.1799 0.2757 0.2573 0.2870 
        H570 12 0.1741 0.2838 0.3382 0.2039 
        H571 12 0.3150 0.1504 0.2552 0.2794 
        H572 12 0.2215 0.2100 0.3019 0.2666 
        H573 12 0.2161 0.3474 0.1534 0.2831 
       H7372 12 0.2339 0.4256 0.1094 0.2312 
       H7373 12 0.4618 0.1761 0.1536 0.2085 
       H7374 12 0.2159 0.3103 0.3297 0.1441 
       H7375 12 0.2062 0.2760 0.3194 0.1984 
       H7376 12 0.1765 0.5010 0.1240 0.1985 
       H7377 12 0.1935 0.1715 0.3363 0.2987 
