        H102  1 0.0619 0.0953 0.0410 0.0745 0.0398 0.1237 0.0257 0.0340 0.0985 0.0900 0.2531 0.0626 
        H103  1 0.0802 0.0491 0.0347 0.0584 0.0170 0.0820 0.0470 0.0345 0.0575 0.0822 0.0427 0.4146 
        H104  1 0.1158 0.0526 0.1203 0.0810 0.0998 0.0681 0.1234 0.0724 0.0517 0.0669 0.1020 0.0459 
        H105  1 0.1040 0.0928 0.0462 0.1254 0.0904 0.0861 0.0412 0.0594 0.1176 0.0918 0.0708 0.0744 
        H106  1 0.0715 0.0725 0.2351 0.0763 0.0800 0.0550 0.0385 0.0640 0.0696 0.0694 0.0556 0.1125 
        H112  1 0.0494 0.0716 0.0700 0.0633 0.0979 0.0782 0.0710 0.0401 0.0758 0.0869 0.2415 0.0543 
        H113  1 0.0407 0.0683 0.0471 0.0823 0.0426 0.0366 0.1162 0.3315 0.0652 0.0633 0.0550 0.0513 
        H114  1 0.0518 0.0684 0.0461 0.1062 0.0219 0.0516 0.0666 0.3191 0.0602 0.0694 0.0695 0.0692 
        H115  1 0.0496 0.0520 0.0454 0.0370 0.0692 0.0373 0.0715 0.0309 0.0532 0.0565 0.4546 0.0429 
        H143  1 0.0665 0.1219 0.0433 0.1003 0.0379 0.0943 0.0473 0.0398 0.0976 0.0958 0.1690 0.0861 
        H144  1 0.0671 0.1119 0.0396 0.1417 0.0180 0.1856 0.0516 0.0313 0.1084 0.1393 0.0270 0.0785 
        H145  1 0.0731 0.0858 0.0202 0.0796 0.0251 0.0605 0.0275 0.1124 0.1274 0.0931 0.2021 0.0932 
        H149  1 0.0602 0.0713 0.1787 0.1115 0.1070 0.0684 0.0511 0.0309 0.0688 0.0809 0.1114 0.0599 
        H150  1 0.0487 0.0660 0.0674 0.1297 0.0584 0.0553 0.0921 0.0755 0.0679 0.1462 0.1218 0.0709 
     H167542  1 0.2166 0.2971 0.0462 0.0477 0.0363 0.0560 0.0511 0.0627 0.0499 0.0581 0.0422 0.0361 
     H169604  1 0.0856 0.0747 0.0522 0.0702 0.0383 0.1097 0.2361 0.0441 0.0927 0.0747 0.0586 0.0631 
     H169607  1 0.1387 0.0713 0.0374 0.0809 0.0357 0.1865 0.0999 0.0588 0.0732 0.0696 0.0394 0.1086 
     H169608  1 0.0217 0.0310 0.0255 0.0300 0.1457 0.0313 0.0179 0.0242 0.0420 0.0296 0.5706 0.0306 
     H169633  1 0.0886 0.0982 0.0522 0.0988 0.0343 0.1020 0.0968 0.1288 0.0723 0.1132 0.0584 0.0565 
     H169688  1 0.0600 0.0805 0.0903 0.0603 0.0516 0.2637 0.0542 0.0250 0.1044 0.0784 0.0437 0.0877 
     H169714  1 0.0524 0.0734 0.1244 0.0870 0.0605 0.0791 0.0657 0.0655 0.0948 0.0940 0.1266 0.0766 
     H171802  1 0.0720 0.0421 0.0471 0.0549 0.1771 0.0567 0.2382 0.0775 0.0417 0.0618 0.0516 0.0792 
     H171805  1 0.1065 0.0539 0.0414 0.0827 0.0282 0.0740 0.0315 0.0649 0.1114 0.0852 0.0521 0.2681 
     H171807  1 0.0925 0.0667 0.1147 0.0926 0.0908 0.0994 0.1091 0.0261 0.0895 0.0979 0.0450 0.0759 
     H171814  1 0.0344 0.0729 0.0315 0.1270 0.0274 0.0939 0.1854 0.1329 0.0714 0.1271 0.0333 0.0629 
     H171816  1 0.0563 0.0816 0.0780 0.1003 0.0976 0.0980 0.0693 0.0676 0.0815 0.1099 0.0710 0.0891 
     H171817  1 0.0733 0.0815 0.1039 0.1024 0.0764 0.0924 0.0514 0.1061 0.0882 0.0827 0.0719 0.0696 
     H171818  1 0.1248 0.1293 0.0870 0.1052 0.0360 0.0932 0.0350 0.0794 0.0950 0.0990 0.0448 0.0712 
     H171819  1 0.0496 0.0554 0.0503 0.0861 0.0787 0.0514 0.0638 0.3265 0.0606 0.0671 0.0527 0.0578 
     H171834  1 0.0697 0.0773 0.0678 0.0850 0.0276 0.0798 0.0484 0.0453 0.0897 0.1014 0.2218 0.0863 
     H171835  1 0.0324 0.0392 0.3404 0.0444 0.0631 0.0375 0.1285 0.0402 0.0418 0.0527 0.1461 0.0337 
     H171836  1 0.0711 0.0885 0.0558 0.0946 0.0179 0.0692 0.0785 0.1455 0.1305 0.0827 0.0347 0.1310 
     H171837  1 0.1065 0.1108 0.0484 0.0811 0.0706 0.0784 0.0585 0.0876 0.0789 0.0885 0.1329 0.0577 
     H171838  1 0.0548 0.0717 0.0872 0.0975 0.0225 0.0554 0.0440 0.1379 0.1082 0.0955 0.0706 0.1546 
     H171839  1 0.0702 0.0804 0.1160 0.0843 0.0626 0.0673 0.1245 0.0691 0.0665 0.0846 0.1150 0.0593 
     H171841  1 0.0239 0.0423 0.0350 0.0328 0.5253 0.1109 0.0198 0.0208 0.0485 0.0461 0.0590 0.0356 
     H171860  1 0.0637 0.1221 0.0342 0.1029 0.0648 0.0790 0.1080 0.0734 0.1164 0.0925 0.0845 0.0585 
     H171861  1 0.0932 0.1283 0.0418 0.1035 0.0152 0.0584 0.0437 0.0883 0.1571 0.0962 0.0371 0.1374 
     H171862  1 0.0603 0.0922 0.0588 0.1006 0.0354 0.1204 0.0702 0.0413 0.1039 0.1475 0.0927 0.0768 
     H171868  1 0.0884 0.1481 0.0544 0.0847 0.0269 0.0873 0.0314 0.0534 0.0747 0.0762 0.2037 0.0707 
     H171869  1 0.0823 0.1085 0.0750 0.0775 0.0310 0.1238 0.0613 0.0532 0.1028 0.1276 0.0597 0.0974 
     H171870  1 0.0645 0.0644 0.1930 0.0640 0.0749 0.1130 0.0657 0.0491 0.0902 0.0957 0.0638 0.0618 
     H171871  1 0.0735 0.0643 0.0737 0.1120 0.0263 0.0677 0.0938 0.0514 0.1210 0.1117 0.0783 0.1263 
     H171872  1 0.0653 0.0619 0.0737 0.0877 0.0769 0.0874 0.1161 0.1067 0.0775 0.0864 0.1027 0.0577 
     H171873  1 0.0570 0.0508 0.1194 0.0736 0.0725 0.1129 0.0660 0.0409 0.0562 0.1127 0.0628 0.1753 
     H171874  1 0.0494 0.1040 0.0340 0.1227 0.0289 0.1366 0.0451 0.0377 0.1758 0.1283 0.0529 0.0845 
     H171875  1 0.1251 0.1287 0.0279 0.0833 0.0222 0.0758 0.0492 0.1093 0.1076 0.1218 0.0271 0.1222 
     H171876  1 0.0797 0.1067 0.0445 0.0886 0.0214 0.1106 0.1343 0.0464 0.1396 0.0915 0.0354 0.1014 
     H171877  1 0.3602 0.2640 0.0347 0.0367 0.0204 0.0255 0.0341 0.0785 0.0434 0.0368 0.0379 0.0278 
     H171878  1 0.1023 0.0760 0.1054 0.0969 0.0474 0.1410 0.0432 0.0355 0.0881 0.1163 0.0701 0.0779 
     H171901  1 0.0706 0.0606 0.0795 0.0531 0.1979 0.1595 0.1003 0.0364 0.0571 0.0602 0.0593 0.0655 
     H171902  1 0.1075 0.0572 0.0445 0.0896 0.1168 0.2024 0.0407 0.0439 0.0794 0.0932 0.0413 0.0834 
     H171903  1 0.0621 0.0770 0.0442 0.0940 0.0340 0.1007 0.1126 0.0537 0.1123 0.1257 0.1138 0.0698 
     H171935  1 0.0481 0.0540 0.2905 0.0868 0.0615 0.0765 0.0578 0.0438 0.0951 0.0740 0.0609 0.0511 
     H171936  1 0.1115 0.1206 0.0340 0.0868 0.0333 0.1104 0.0787 0.1997 0.0728 0.0668 0.0326 0.0527 
     H171940  1 0.1746 0.1655 0.0615 0.1029 0.0615 0.0764 0.0233 0.0501 0.0827 0.0946 0.0416 0.0652 
     H171945  1 0.0708 0.0775 0.0343 0.0744 0.1480 0.2444 0.0394 0.0551 0.0617 0.0809 0.0586 0.0547 
     H171948  1 0.0449 0.1049 0.0837 0.0872 0.1245 0.0500 0.0454 0.0624 0.0915 0.0710 0.1588 0.0758 
     H171949  1 0.1018 0.0615 0.1565 0.0962 0.1512 0.0721 0.0677 0.0366 0.0607 0.0714 0.0678 0.0566 
     H171950  1 0.0521 0.0422 0.2267 0.0467 0.1286 0.0800 0.0727 0.0437 0.0628 0.0563 0.1519 0.0363 
     H171963  1 0.0527 0.0697 0.1614 0.0894 0.0225 0.0927 0.0342 0.1012 0.1317 0.0902 0.0706 0.0839 
     H171964  1 0.0460 0.1122 0.0434 0.1429 0.0213 0.0679 0.0304 0.1136 0.1726 0.1546 0.0423 0.0528 
     H171966  1 0.0450 0.0839 0.1584 0.0811 0.0315 0.0744 0.0296 0.0692 0.1098 0.1332 0.0677 0.1163 
     H171968  1 0.1080 0.0617 0.0384 0.0837 0.1023 0.2209 0.0298 0.0317 0.0835 0.0781 0.0659 0.0959 
     H171971  1 0.0455 0.0624 0.1788 0.1220 0.0291 0.0825 0.0451 0.1011 0.1029 0.0920 0.0500 0.0885 
     H171972  1 0.0390 0.1063 0.0365 0.0758 0.0226 0.0858 0.1823 0.0477 0.2197 0.0899 0.0423 0.0519 
     H171977  1 0.1302 0.1049 0.0489 0.0936 0.0240 0.0678 0.0639 0.0818 0.1020 0.1186 0.0481 0.1162 
     H171978  1 0.0439 0.1017 0.0804 0.1079 0.1177 0.0896 0.0497 0.0365 0.0967 0.1174 0.0639 0.0946 
     H171979  1 0.0697 0.0878 0.0599 0.1371 0.0194 0.1030 0.0765 0.0702 0.1307 0.1090 0.0371 0.0996 
        H176  1 0.0590 0.0669 0.0311 0.0840 0.0789 0.0668 0.0434 0.2154 0.0614 0.0742 0.1783 0.0405 
        H177  1 0.0731 0.0599 0.0508 0.0555 0.2484 0.1517 0.0356 0.0336 0.0521 0.0527 0.1188 0.0676 
        H179  1 0.1429 0.2006 0.0505 0.0497 0.1576 0.0921 0.0450 0.0849 0.0364 0.0564 0.0399 0.0439 
        H181  1 0.0638 0.0946 0.1231 0.1646 0.0250 0.0732 0.0397 0.0695 0.1121 0.1228 0.0385 0.0730 
        H182  1 0.0975 0.0571 0.0287 0.0673 0.0178 0.0661 0.0364 0.0629 0.0894 0.0825 0.1073 0.2870 
        H183  1 0.0811 0.0711 0.0872 0.1322 0.0364 0.1050 0.0471 0.0323 0.0784 0.1021 0.0186 0.2084 
        H184  1 0.0739 0.0992 0.0449 0.0813 0.1620 0.0807 0.0307 0.0764 0.1159 0.0872 0.0612 0.0867 
        H185  1 0.1012 0.1039 0.0776 0.0955 0.0360 0.0855 0.0426 0.1249 0.1463 0.0881 0.0298 0.0685 
        H186  1 0.0561 0.0927 0.0463 0.0903 0.0483 0.1837 0.0298 0.0293 0.1100 0.1726 0.0712 0.0697 
        H187  1 0.1161 0.0650 0.0534 0.0589 0.0933 0.1141 0.0554 0.0525 0.0728 0.0615 0.0374 0.2195 
        H188  1 0.2969 0.2308 0.0603 0.0432 0.0743 0.0315 0.0577 0.0821 0.0295 0.0416 0.0284 0.0238 
        H192  1 0.0737 0.0899 0.0846 0.1294 0.1271 0.0781 0.0398 0.0492 0.0787 0.0873 0.0819 0.0802 
        H193  1 0.0797 0.0833 0.0452 0.0792 0.0197 0.0903 0.0230 0.0487 0.0977 0.1197 0.1706 0.1428 
        H194  1 0.0808 0.0928 0.0579 0.1006 0.0531 0.0665 0.0598 0.1014 0.1035 0.0940 0.1209 0.0687 
        H195  1 0.0431 0.0948 0.0617 0.0639 0.0689 0.2863 0.0425 0.0284 0.1195 0.0926 0.0314 0.0668 
        H199  1 0.0994 0.0478 0.0329 0.0630 0.0764 0.2558 0.0747 0.0746 0.0757 0.0831 0.0225 0.0939 
        H200  1 0.0731 0.0814 0.0296 0.0896 0.1649 0.0993 0.1477 0.0642 0.0608 0.0821 0.0466 0.0608 
        H414  1 0.0547 0.0711 0.0800 0.0901 0.0442 0.0915 0.1110 0.0323 0.0805 0.0965 0.0894 0.1585 
        H415  1 0.0680 0.0794 0.0301 0.0905 0.0316 0.0976 0.1518 0.1439 0.0998 0.0752 0.0646 0.0678 
        H422  1 0.0628 0.0623 0.0292 0.1101 0.0930 0.1700 0.0336 0.0541 0.1038 0.1317 0.0818 0.0677 
        H423  1 0.0408 0.0308 0.0439 0.0475 0.5925 0.0327 0.0267 0.0314 0.0339 0.0421 0.0422 0.0355 
        H424  1 0.0669 0.0854 0.0527 0.1125 0.0676 0.1321 0.0481 0.0638 0.0725 0.1641 0.0353 0.0990 
        H425  1 0.0698 0.0752 0.0299 0.0920 0.0443 0.2183 0.0391 0.0590 0.0786 0.1840 0.0319 0.0779 
        H426  1 0.0636 0.1035 0.0692 0.1162 0.0280 0.0743 0.0266 0.0338 0.1287 0.1372 0.0410 0.1780 
        H443  1 0.0848 0.0966 0.0240 0.1136 0.0184 0.1606 0.0353 0.0316 0.1144 0.1692 0.0575 0.0941 
        H466  1 0.0807 0.0859 0.1126 0.0920 0.0463 0.0658 0.0882 0.0452 0.0914 0.1010 0.1064 0.0844 
        H467  1 0.0486 0.0540 0.2315 0.0905 0.0993 0.0531 0.0458 0.0451 0.0529 0.1053 0.1199 0.0539 
        H472  1 0.1541 0.0827 0.0831 0.0785 0.0817 0.1441 0.0861 0.0735 0.0527 0.0698 0.0362 0.0574 
        H483  1 0.1086 0.1309 0.0968 0.1638 0.0247 0.0968 0.0391 0.0448 0.0974 0.0938 0.0325 0.0710 
        H504  1 0.0935 0.0544 0.0294 0.0747 0.0491 0.1915 0.0594 0.1096 0.0710 0.1101 0.0324 0.1248 
        H505  1 0.1732 0.1301 0.0914 0.0721 0.0634 0.1146 0.0709 0.0515 0.0547 0.0692 0.0415 0.0674 
        H506  1 0.0488 0.0716 0.0481 0.1113 0.0474 0.1351 0.0281 0.1001 0.0890 0.1081 0.1395 0.0729 
        H507  1 0.1275 0.1133 0.0515 0.0914 0.0132 0.0845 0.0751 0.0721 0.0919 0.0830 0.0452 0.1515 
        H508  1 0.1048 0.0743 0.1812 0.0739 0.0880 0.0489 0.0545 0.0619 0.0631 0.0724 0.1103 0.0668 
        H524  1 0.0757 0.1083 0.0697 0.0759 0.0321 0.1115 0.1815 0.0723 0.0715 0.0888 0.0255 0.0873 
        H525  1 0.0829 0.1177 0.0382 0.0988 0.0188 0.0746 0.0368 0.0625 0.1535 0.1424 0.0931 0.0807 
        H526  1 0.2089 0.1647 0.0207 0.0843 0.0717 0.0722 0.0461 0.1204 0.0548 0.0680 0.0378 0.0505 
        H527  1 0.0704 0.0998 0.0657 0.0793 0.1530 0.1161 0.0429 0.0349 0.1016 0.0842 0.0675 0.0846 
        H528  1 0.0576 0.0715 0.0357 0.1081 0.0336 0.0712 0.0750 0.1328 0.1128 0.1352 0.0506 0.1158 
        H529  1 0.0869 0.1046 0.0923 0.1174 0.0210 0.0875 0.0482 0.0828 0.0744 0.1248 0.0561 0.1039 
        H533  1 0.0920 0.0645 0.1493 0.0565 0.0135 0.0630 0.0794 0.0503 0.0662 0.0903 0.0627 0.2123 
        H538  1 0.1074 0.1138 0.0582 0.0791 0.0766 0.0877 0.1854 0.0341 0.0692 0.0638 0.0449 0.0798 
        H539  1 0.0575 0.0567 0.1585 0.0641 0.0655 0.1257 0.0397 0.0360 0.0976 0.0774 0.0667 0.1545 
        H540  1 0.0756 0.0714 0.0419 0.0793 0.0507 0.0888 0.0621 0.0640 0.1219 0.1166 0.0832 0.1444 
        H541  1 0.1209 0.1546 0.0515 0.0897 0.0309 0.0800 0.1110 0.0681 0.0903 0.0850 0.0545 0.0635 
        H558  1 0.0975 0.0775 0.0437 0.0916 0.0559 0.0931 0.0395 0.0486 0.1113 0.0831 0.0361 0.2220 
        H559  1 0.0688 0.0937 0.0316 0.1234 0.0550 0.1533 0.0314 0.0573 0.1083 0.1250 0.0817 0.0706 
        H579  1 0.0855 0.1383 0.0369 0.0789 0.0301 0.0667 0.0241 0.0645 0.1904 0.0836 0.0567 0.1444 
        H584  1 0.0637 0.0853 0.0727 0.1196 0.0397 0.0791 0.0782 0.0776 0.0815 0.1397 0.0496 0.1132 
        H585  1 0.0939 0.0967 0.0633 0.1194 0.0374 0.0779 0.0732 0.1001 0.0813 0.1122 0.0459 0.0985 
        H605  1 0.0714 0.0643 0.0608 0.0747 0.2016 0.0953 0.0543 0.0362 0.0711 0.0932 0.0628 0.1144 
        H606  1 0.0778 0.0821 0.0397 0.0726 0.2128 0.1310 0.0317 0.0298 0.0605 0.0812 0.1301 0.0508 
        H632  1 0.0457 0.0837 0.0385 0.1410 0.0203 0.0843 0.0396 0.0645 0.1772 0.1310 0.1096 0.0646 
        H634  1 0.0859 0.0888 0.0570 0.0881 0.0597 0.1013 0.0482 0.0384 0.0713 0.0983 0.0388 0.2241 
        H671  1 0.0598 0.0445 0.1367 0.0715 0.3177 0.0680 0.0396 0.0595 0.0520 0.0613 0.0540 0.0353 
        H672  1 0.0604 0.0500 0.0416 0.0527 0.0625 0.0626 0.4609 0.0440 0.0472 0.0522 0.0220 0.0438 
        H673  1 0.1298 0.1304 0.0513 0.1017 0.0339 0.0777 0.0295 0.0366 0.1315 0.1562 0.0386 0.0827 
        H689  1 0.0713 0.1610 0.0390 0.1404 0.0287 0.0907 0.0540 0.0524 0.1276 0.1097 0.0499 0.0752 
        H690  1 0.0534 0.0374 0.0518 0.0328 0.0748 0.0379 0.0620 0.0388 0.0533 0.0504 0.4684 0.0389 
        H691  1 0.1347 0.1513 0.0379 0.0815 0.0308 0.1019 0.0988 0.0317 0.0818 0.0798 0.1074 0.0624 
        H692  1 0.0655 0.0838 0.0724 0.1638 0.0166 0.0746 0.0787 0.0403 0.1332 0.1327 0.0223 0.1161 
        H709  1 0.0458 0.0653 0.0812 0.0712 0.0384 0.0585 0.1728 0.0300 0.0720 0.0927 0.1461 0.1261 
        H710  1 0.0736 0.0569 0.0573 0.0884 0.0206 0.0723 0.0730 0.1005 0.0683 0.1118 0.0362 0.2412 
       H7355  1 0.0937 0.0841 0.0386 0.0963 0.0220 0.0501 0.0333 0.2292 0.0434 0.0497 0.2133 0.0463 
       H7356  1 0.0635 0.0697 0.0533 0.0932 0.0704 0.0729 0.1024 0.0327 0.0740 0.0856 0.0612 0.2210 
       H7357  1 0.0776 0.1026 0.0891 0.0914 0.0740 0.1007 0.0490 0.0609 0.0641 0.0851 0.1165 0.0891 
       H7358  1 0.1827 0.1995 0.0335 0.0448 0.0531 0.1802 0.0602 0.0352 0.1040 0.0510 0.0202 0.0355 
       H7380  1 0.0614 0.1003 0.0416 0.1274 0.0300 0.1218 0.0407 0.0601 0.1079 0.1231 0.1163 0.0693 
       H7381  1 0.0668 0.0875 0.0956 0.0979 0.0977 0.0800 0.0357 0.0281 0.0980 0.1661 0.0618 0.0848 
       H7382  1 0.0624 0.0984 0.0427 0.1093 0.0325 0.1555 0.0718 0.0351 0.1117 0.1342 0.0847 0.0617 
        H904  1 0.0590 0.0691 0.0542 0.0625 0.2614 0.0831 0.0370 0.0269 0.0617 0.0580 0.1911 0.0361 
        H923  1 0.0913 0.0987 0.0327 0.1055 0.1240 0.1125 0.0833 0.0739 0.0673 0.0935 0.0477 0.0696 
        H924  1 0.0946 0.1117 0.0446 0.0782 0.1399 0.0993 0.0813 0.0418 0.0828 0.0961 0.0594 0.0702 
        H925  1 0.2187 0.2892 0.0325 0.0440 0.0342 0.1498 0.0368 0.0515 0.0459 0.0390 0.0205 0.0378 
       H9558  1 0.1018 0.0732 0.0303 0.0725 0.0582 0.0863 0.0348 0.0391 0.0971 0.0784 0.0300 0.2983 
        H008  2 0.0933 0.1048 0.0538 0.0895 0.0267 0.0621 0.0889 0.1232 0.1069 0.1014 0.0406 0.1087 
        H021  2 0.1185 0.0726 0.1402 0.1011 0.0494 0.0544 0.0988 0.0391 0.0695 0.0799 0.1188 0.0576 
        H023  2 0.1616 0.1342 0.0943 0.0522 0.0712 0.1119 0.0372 0.0484 0.0475 0.0606 0.0744 0.1065 
        H024  2 0.0354 0.0460 0.0489 0.1023 0.0239 0.0476 0.1182 0.3511 0.0576 0.0880 0.0243 0.0568 
        H025  2 0.0613 0.0742 0.0376 0.0691 0.3136 0.0666 0.0434 0.0291 0.0917 0.1025 0.0367 0.0742 
        H026  2 0.0494 0.0753 0.0354 0.1119 0.0201 0.1260 0.1021 0.1114 0.1014 0.1510 0.0263 0.0897 
        H027  2 0.0992 0.0940 0.0925 0.0774 0.0229 0.1178 0.2370 0.0429 0.0669 0.0625 0.0492 0.0377 
        H028  2 0.0650 0.1062 0.0685 0.1202 0.0374 0.0869 0.0498 0.0783 0.1154 0.1413 0.0338 0.0973 
        H029  2 0.0926 0.0788 0.0256 0.0928 0.0205 0.1186 0.0705 0.3010 0.0439 0.0703 0.0256 0.0598 
        H030  2 0.0299 0.1284 0.0459 0.0763 0.0227 0.0495 0.1735 0.1138 0.1861 0.0812 0.0376 0.0550 
        H038  2 0.1118 0.0669 0.3156 0.0571 0.0522 0.0826 0.0242 0.0434 0.0576 0.0447 0.1073 0.0365 
        H039  2 0.0194 0.0186 0.0233 0.0207 0.7626 0.0240 0.0161 0.0189 0.0188 0.0214 0.0393 0.0170 
        H040  2 0.0420 0.0341 0.3589 0.0437 0.0758 0.0909 0.0553 0.0518 0.0317 0.0498 0.1111 0.0549 
        H041  2 0.1606 0.1028 0.0376 0.0950 0.0583 0.0451 0.1004 0.1777 0.0718 0.0628 0.0322 0.0557 
        H042  2 0.1564 0.1068 0.0642 0.0728 0.0783 0.0924 0.0362 0.0736 0.0795 0.0809 0.0567 0.1023 
        H043  2 0.0308 0.0347 0.1605 0.0355 0.2517 0.1725 0.0212 0.0194 0.0577 0.0622 0.1085 0.0453 
        H044  2 0.0680 0.0688 0.0692 0.0999 0.0309 0.0949 0.0572 0.0680 0.1895 0.1028 0.0356 0.1151 
        H047  2 0.0764 0.0504 0.0520 0.0791 0.1721 0.0623 0.0432 0.0661 0.0642 0.1056 0.0791 0.1496 
        H050  2 0.0375 0.0316 0.0378 0.0472 0.0234 0.0407 0.5184 0.0273 0.0451 0.0586 0.0586 0.0739 
        H058  2 0.0902 0.0564 0.1884 0.0684 0.0520 0.0677 0.0506 0.0454 0.0976 0.0782 0.1166 0.0884 
        H062  2 0.2554 0.2012 0.0518 0.0536 0.0706 0.0703 0.0187 0.0465 0.0606 0.0499 0.0677 0.0536 
        H063  2 0.0629 0.0604 0.1262 0.0775 0.1975 0.0585 0.0732 0.0617 0.0587 0.0687 0.0767 0.0780 
        H065  2 0.0809 0.0803 0.0306 0.1272 0.0716 0.1783 0.0219 0.0479 0.0882 0.1596 0.0306 0.0830 
        H066  2 0.0434 0.0422 0.0924 0.0905 0.0410 0.0514 0.0508 0.2531 0.0745 0.0906 0.0389 0.1313 
        H067  2 0.0928 0.1136 0.0869 0.1331 0.0258 0.1058 0.0596 0.0687 0.0802 0.1036 0.0608 0.0692 
        H068  2 0.0546 0.0831 0.2013 0.0615 0.1706 0.0577 0.0877 0.0356 0.0501 0.0556 0.0533 0.0888 
        H069  2 0.1281 0.0827 0.0528 0.0449 0.0757 0.2408 0.0764 0.0468 0.0972 0.0689 0.0324 0.0533 
        H071  2 0.0748 0.0692 0.0608 0.1069 0.0682 0.0623 0.0772 0.0519 0.1051 0.1144 0.1365 0.0727 
        H072  2 0.0549 0.0590 0.0363 0.0548 0.4662 0.0525 0.0410 0.0483 0.0541 0.0467 0.0492 0.0369 
        H073  2 0.1259 0.0774 0.0423 0.1122 0.0438 0.1436 0.0585 0.0876 0.0699 0.1246 0.0401 0.0740 
        H081  2 0.1859 0.1356 0.0339 0.0637 0.1011 0.0480 0.0949 0.0780 0.0657 0.0652 0.0823 0.0456 
        H082  2 0.0516 0.0742 0.1069 0.0814 0.0349 0.0724 0.0782 0.0615 0.2158 0.1024 0.0413 0.0796 
        H083  2 0.0456 0.1659 0.0377 0.0679 0.0348 0.0645 0.0536 0.0540 0.2653 0.0991 0.0356 0.0759 
        H084  2 0.0669 0.0468 0.1742 0.0780 0.0431 0.0911 0.0835 0.1454 0.0623 0.0642 0.0774 0.0671 
        H085  2 0.1420 0.1046 0.0303 0.0517 0.0340 0.0430 0.3169 0.0492 0.0682 0.0510 0.0595 0.0496 
        H087  2 0.2235 0.1234 0.0590 0.0750 0.0357 0.0601 0.0304 0.0890 0.0636 0.0521 0.1218 0.0663 
        H088  2 0.0971 0.1040 0.0586 0.0812 0.1311 0.0916 0.0625 0.0411 0.0875 0.0711 0.0894 0.0847 
        H089  2 0.1597 0.1995 0.0356 0.0722 0.0416 0.1107 0.0982 0.0519 0.0656 0.0820 0.0410 0.0421 
        H090  2 0.0283 0.0309 0.0344 0.0562 0.0456 0.0299 0.5883 0.0456 0.0397 0.0486 0.0204 0.0321 
        H091  2 0.0388 0.0365 0.0190 0.0380 0.0167 0.0312 0.6544 0.0438 0.0383 0.0355 0.0227 0.0252 
        H098  2 0.1146 0.0834 0.0816 0.0888 0.0559 0.0426 0.0592 0.2193 0.0885 0.0712 0.0309 0.0641 
      H10001  2 0.0214 0.0186 0.0316 0.0240 0.7060 0.0252 0.0255 0.0134 0.0202 0.0246 0.0714 0.0182 
      H10002  2 0.0702 0.0911 0.0456 0.0577 0.1102 0.0939 0.0395 0.0269 0.0726 0.0694 0.2667 0.0562 
        H101  2 0.0271 0.0366 0.0800 0.0359 0.0219 0.0362 0.5782 0.0318 0.0301 0.0423 0.0236 0.0562 
        H108  2 0.1522 0.1052 0.0414 0.0733 0.2467 0.0821 0.0240 0.0473 0.0506 0.0843 0.0390 0.0539 
        H109  2 0.0522 0.0360 0.1008 0.0904 0.1259 0.0594 0.0668 0.2018 0.0585 0.0891 0.0438 0.0753 
        H110  2 0.1183 0.0876 0.0431 0.0792 0.0236 0.0659 0.0611 0.0840 0.1022 0.0944 0.1759 0.0648 
        H116  2 0.0658 0.0757 0.0510 0.1244 0.0301 0.0861 0.0882 0.1169 0.0895 0.1192 0.0530 0.1000 
        H117  2 0.0416 0.0468 0.0525 0.1020 0.0172 0.0453 0.1766 0.3565 0.0421 0.0487 0.0321 0.0387 
        H118  2 0.0827 0.0639 0.0276 0.0846 0.0182 0.0525 0.3818 0.0609 0.0576 0.0820 0.0367 0.0514 
        H119  2 0.0420 0.0519 0.0572 0.1168 0.0500 0.0433 0.0485 0.3490 0.0511 0.0676 0.0790 0.0436 
        H120  2 0.1603 0.0764 0.0354 0.0443 0.3568 0.0485 0.0282 0.0350 0.0512 0.0543 0.0803 0.0293 
        H121  2 0.0444 0.0391 0.0212 0.0332 0.0202 0.0240 0.7121 0.0235 0.0197 0.0243 0.0172 0.0212 
        H125  2 0.0484 0.0291 0.1517 0.0342 0.4984 0.0291 0.0210 0.0362 0.0243 0.0265 0.0811 0.0200 
        H126  2 0.0824 0.0539 0.0239 0.1059 0.1014 0.1139 0.0416 0.0519 0.0779 0.1914 0.0359 0.1197 
        H128  2 0.0175 0.0258 0.0132 0.0311 0.0096 0.0258 0.7516 0.0378 0.0298 0.0279 0.0104 0.0196 
        H129  2 0.0646 0.0875 0.0569 0.1411 0.0195 0.0665 0.0304 0.0439 0.1327 0.1743 0.0522 0.1304 
        H130  2 0.0519 0.0688 0.0561 0.0859 0.1850 0.1305 0.0413 0.0229 0.1126 0.0779 0.0700 0.0973 
        H133  2 0.0327 0.0357 0.0377 0.0540 0.5090 0.0501 0.0535 0.0412 0.0464 0.0516 0.0471 0.0411 
        H134  2 0.0381 0.0815 0.0192 0.1370 0.0178 0.1183 0.0239 0.0800 0.1049 0.2623 0.0232 0.0939 
        H135  2 0.0898 0.0930 0.0425 0.0906 0.0885 0.1000 0.0583 0.0670 0.0862 0.0970 0.0733 0.1137 
        H137  2 0.0464 0.0398 0.0984 0.0923 0.0479 0.0421 0.1651 0.2392 0.0606 0.0593 0.0450 0.0640 
        H138  2 0.0614 0.1007 0.0309 0.0961 0.0236 0.0796 0.0274 0.0441 0.1921 0.1625 0.0502 0.1315 
        H140  2 0.0457 0.0483 0.0269 0.0726 0.1387 0.0646 0.2686 0.0786 0.0609 0.0966 0.0455 0.0530 
        H146  2 0.0281 0.0363 0.0230 0.0623 0.0368 0.0435 0.5698 0.0461 0.0317 0.0536 0.0292 0.0396 
        H147  2 0.0695 0.0717 0.0398 0.0870 0.0366 0.0594 0.2351 0.0979 0.0798 0.0906 0.0665 0.0659 
        H148  2 0.0448 0.0677 0.0678 0.0725 0.0234 0.0575 0.1148 0.1434 0.0543 0.0734 0.2409 0.0395 
     H166022  2 0.0640 0.0744 0.0472 0.1278 0.0236 0.0920 0.0533 0.1813 0.1040 0.0753 0.0366 0.1206 
     H167359  2 0.0624 0.0988 0.0378 0.0938 0.0907 0.1191 0.0532 0.0659 0.1376 0.1293 0.0314 0.0800 
     H167397  2 0.0316 0.0420 0.0378 0.1145 0.0120 0.0604 0.0772 0.4210 0.0548 0.0532 0.0402 0.0554 
     H167428  2 0.1719 0.2853 0.0276 0.0456 0.0158 0.0608 0.1026 0.0770 0.0602 0.0634 0.0181 0.0717 
     H167496  2 0.0937 0.0622 0.0823 0.0573 0.3549 0.0620 0.0671 0.0486 0.0323 0.0448 0.0525 0.0423 
     H167513  2 0.0263 0.0319 0.5712 0.0405 0.0242 0.0260 0.0211 0.0361 0.1151 0.0226 0.0549 0.0301 
     H167545  2 0.1507 0.0441 0.0293 0.0542 0.0191 0.0614 0.0270 0.0316 0.0726 0.0511 0.0397 0.4192 
     H167547  2 0.0142 0.0238 0.0186 0.1252 0.0143 0.0159 0.0160 0.6793 0.0223 0.0251 0.0207 0.0247 
     H169621  2 0.0463 0.0841 0.0512 0.0710 0.0226 0.0617 0.2569 0.0696 0.1336 0.0888 0.0490 0.0653 
     H169622  2 0.0906 0.1121 0.0297 0.0775 0.0373 0.2937 0.0418 0.0286 0.0847 0.0931 0.0436 0.0673 
     H169750  2 0.0423 0.0870 0.1753 0.0771 0.0576 0.0603 0.0859 0.0565 0.1451 0.0942 0.0560 0.0626 
     H171806  2 0.0644 0.0662 0.0554 0.0776 0.0515 0.0522 0.2149 0.1321 0.0588 0.0819 0.0994 0.0455 
     H171808  2 0.1520 0.1276 0.0387 0.0669 0.0720 0.2403 0.0454 0.0360 0.0532 0.0578 0.0447 0.0654 
     H171809  2 0.0976 0.1256 0.0469 0.0935 0.0646 0.0893 0.0439 0.0519 0.1018 0.1044 0.1161 0.0643 
     H171813  2 0.0399 0.0853 0.0919 0.1017 0.0380 0.0570 0.0542 0.0765 0.1136 0.1221 0.1308 0.0890 
     H171815  2 0.0597 0.0432 0.0978 0.0514 0.3569 0.0841 0.0222 0.0404 0.0530 0.0582 0.0794 0.0537 
     H171824  2 0.0684 0.0857 0.0654 0.0899 0.0721 0.0923 0.0938 0.0933 0.0828 0.0882 0.1119 0.0563 
     H171825  2 0.1220 0.0826 0.0311 0.0841 0.0306 0.2383 0.0350 0.0395 0.0946 0.0921 0.0478 0.1023 
     H171826  2 0.0608 0.0902 0.0813 0.1002 0.0613 0.0750 0.0425 0.1190 0.0880 0.1252 0.0884 0.0682 
     H171827  2 0.0765 0.0746 0.0975 0.0824 0.0305 0.0674 0.0719 0.0437 0.1102 0.0821 0.1836 0.0795 
     H171828  2 0.1342 0.0688 0.0632 0.0418 0.3047 0.0347 0.0551 0.0521 0.0434 0.0431 0.1319 0.0271 
     H171829  2 0.0357 0.0654 0.1704 0.0757 0.0726 0.0693 0.0541 0.0909 0.0809 0.1062 0.0542 0.1246 
     H171830  2 0.0873 0.0651 0.0939 0.0812 0.0901 0.0432 0.0773 0.1563 0.0978 0.0677 0.0444 0.0957 
     H171831  2 0.0545 0.1078 0.0916 0.1405 0.0227 0.0950 0.0412 0.1014 0.1079 0.1105 0.0355 0.0913 
     H171832  2 0.0612 0.1175 0.0323 0.0861 0.0439 0.0745 0.0340 0.0556 0.1723 0.0903 0.0467 0.1856 
     H171863  2 0.0598 0.0740 0.0380 0.1032 0.0181 0.1483 0.0570 0.0734 0.1990 0.1132 0.0213 0.0947 
     H171864  2 0.0657 0.0761 0.1251 0.0805 0.0727 0.0445 0.1059 0.1867 0.0574 0.0650 0.0595 0.0609 
     H171865  2 0.0927 0.0654 0.0557 0.0563 0.3611 0.0627 0.0258 0.0837 0.0417 0.0522 0.0340 0.0689 
     H171879  2 0.0426 0.0556 0.0315 0.0958 0.0581 0.0556 0.1129 0.2719 0.0750 0.1145 0.0332 0.0533 
     H171880  2 0.0420 0.0544 0.0801 0.0819 0.0223 0.0458 0.2019 0.2538 0.0601 0.0568 0.0312 0.0697 
     H171881  2 0.1043 0.1253 0.0931 0.1346 0.0214 0.0852 0.0432 0.0592 0.1137 0.0957 0.0584 0.0659 
     H171882  2 0.0299 0.0225 0.0309 0.0261 0.6975 0.0278 0.0250 0.0236 0.0249 0.0208 0.0480 0.0230 
     H171929  2 0.0811 0.0929 0.0779 0.1032 0.0595 0.0770 0.1129 0.0787 0.1085 0.1031 0.0354 0.0697 
     H171930  2 0.1337 0.0280 0.0282 0.0392 0.0203 0.0562 0.0721 0.0893 0.0448 0.0435 0.0229 0.4217 
     H171933  2 0.0588 0.0595 0.0718 0.1014 0.0438 0.0675 0.2085 0.1203 0.0845 0.0678 0.0527 0.0635 
     H171934  2 0.1340 0.1320 0.0635 0.0883 0.0392 0.0639 0.0527 0.1004 0.0760 0.0684 0.1135 0.0681 
     H171937  2 0.0857 0.0669 0.0451 0.0837 0.0585 0.0701 0.0449 0.0420 0.1010 0.1467 0.0600 0.1954 
     H171962  2 0.1664 0.1745 0.0492 0.0880 0.0220 0.0824 0.0276 0.0476 0.1205 0.0894 0.0408 0.0916 
        H190  2 0.0822 0.0951 0.0847 0.1063 0.0394 0.0719 0.0819 0.0373 0.1084 0.1210 0.0481 0.1237 
        H191  2 0.0770 0.0945 0.1226 0.1109 0.0534 0.0577 0.0450 0.1454 0.0890 0.1059 0.0542 0.0444 
        H396  2 0.4086 0.1858 0.0427 0.0554 0.0289 0.0443 0.0398 0.0518 0.0490 0.0423 0.0260 0.0252 
        H397  2 0.0846 0.0680 0.0627 0.0798 0.0387 0.1037 0.1934 0.0382 0.0863 0.0831 0.0511 0.1105 
        H398  2 0.1211 0.1172 0.0653 0.0995 0.0528 0.1322 0.0459 0.0380 0.0948 0.1304 0.0541 0.0487 
        H400  2 0.1903 0.1896 0.0385 0.0548 0.0711 0.1415 0.0464 0.0330 0.0562 0.0540 0.0744 0.0503 
        H401  2 0.0150 0.0238 0.0261 0.1326 0.0133 0.0192 0.0307 0.6518 0.0278 0.0219 0.0145 0.0233 
        H402  2 0.0595 0.0825 0.1632 0.0837 0.0191 0.0810 0.0626 0.0981 0.1294 0.0777 0.0485 0.0949 
        H427  2 0.2755 0.1494 0.0368 0.0690 0.0247 0.0650 0.0271 0.1121 0.0687 0.0692 0.0632 0.0393 
        H428  2 0.1917 0.2794 0.0245 0.0405 0.0172 0.0517 0.0982 0.0751 0.0667 0.0688 0.0196 0.0664 
        H497  2 0.0360 0.0406 0.2972 0.0484 0.1132 0.0956 0.0295 0.0458 0.0966 0.0632 0.0772 0.0567 
        H512  2 0.0486 0.0746 0.1035 0.0920 0.0405 0.0563 0.0575 0.2136 0.0822 0.0876 0.0896 0.0539 
        H513  2 0.0213 0.0316 0.5692 0.0438 0.0272 0.0275 0.0202 0.0405 0.0995 0.0268 0.0576 0.0347 
        H514  2 0.0651 0.0966 0.0367 0.1207 0.0427 0.1226 0.0425 0.0265 0.1463 0.1221 0.0584 0.1196 
        H519  2 0.0333 0.0376 0.5278 0.0513 0.0312 0.0294 0.0290 0.0467 0.0989 0.0377 0.0386 0.0386 
        H532  2 0.2417 0.1998 0.0271 0.0889 0.0207 0.0773 0.0380 0.0838 0.0738 0.0579 0.0493 0.0416 
        H543  2 0.0959 0.0743 0.0534 0.0783 0.0157 0.0814 0.1832 0.0595 0.1018 0.0876 0.0748 0.0941 
        H544  2 0.0792 0.0651 0.0299 0.0789 0.0974 0.2297 0.0293 0.0268 0.1616 0.1321 0.0194 0.0506 
        H545  2 0.1653 0.0381 0.0273 0.0438 0.0163 0.0560 0.0258 0.0313 0.0686 0.0428 0.0305 0.4543 
        H546  2 0.0707 0.0734 0.1142 0.1131 0.2075 0.0677 0.0284 0.0286 0.0728 0.0852 0.0563 0.0821 
        H547  2 0.0164 0.0270 0.0240 0.1328 0.0132 0.0152 0.0146 0.6629 0.0244 0.0251 0.0196 0.0247 
        H548  2 0.1392 0.1343 0.0339 0.0650 0.0596 0.1406 0.0559 0.1152 0.0745 0.0627 0.0419 0.0774 
        H549  2 0.0272 0.0222 0.4939 0.0335 0.0460 0.0708 0.0258 0.0282 0.0912 0.0268 0.1097 0.0246 
        H620  2 0.0343 0.0281 0.0327 0.0309 0.7085 0.0255 0.0168 0.0222 0.0210 0.0237 0.0295 0.0269 
        H623  2 0.0753 0.0775 0.0806 0.1248 0.0552 0.0718 0.0570 0.0367 0.0990 0.1159 0.0369 0.1693 
        H624  2 0.0436 0.0415 0.0455 0.0587 0.1903 0.2902 0.0215 0.0180 0.0742 0.0625 0.0962 0.0579 
        H625  2 0.2820 0.1696 0.0569 0.0655 0.0305 0.0620 0.0315 0.0758 0.0779 0.0457 0.0303 0.0724 
        H626  2 0.0954 0.0831 0.1203 0.0787 0.0516 0.0986 0.0353 0.1615 0.0657 0.0721 0.0639 0.0738 
        H654  2 0.0379 0.0296 0.1737 0.0294 0.4168 0.1053 0.0126 0.0189 0.0276 0.0380 0.0818 0.0283 
        H655  2 0.0643 0.0523 0.0349 0.0611 0.1083 0.0706 0.0963 0.0246 0.0878 0.0701 0.1703 0.1595 
        H656  2 0.0661 0.0380 0.0270 0.0297 0.6454 0.0479 0.0196 0.0241 0.0266 0.0288 0.0226 0.0242 
        H666  2 0.0188 0.0223 0.0343 0.0410 0.5838 0.0309 0.1078 0.0248 0.0256 0.0364 0.0360 0.0381 
        H667  2 0.0895 0.0772 0.0700 0.0794 0.0256 0.1084 0.0293 0.1271 0.1248 0.0774 0.1147 0.0767 
        H677  2 0.1012 0.1033 0.0331 0.0838 0.0517 0.1111 0.0516 0.0821 0.1085 0.1162 0.0708 0.0866 
        H693  2 0.2823 0.2001 0.0641 0.0465 0.1230 0.0423 0.0234 0.0348 0.0449 0.0355 0.0646 0.0385 
        H694  2 0.0826 0.0685 0.0598 0.0978 0.0637 0.0815 0.0830 0.0386 0.0853 0.0961 0.0254 0.2178 
        H701  2 0.0670 0.0790 0.0375 0.0965 0.0224 0.0995 0.1370 0.0577 0.1386 0.0940 0.0509 0.1198 
        H702  2 0.0599 0.0699 0.2054 0.0909 0.0330 0.0641 0.0609 0.0675 0.0894 0.0780 0.0899 0.0911 
        H731  2 0.0639 0.0639 0.0492 0.0844 0.1291 0.0768 0.1769 0.0491 0.0891 0.0800 0.0873 0.0501 
       H7359  2 0.0631 0.0934 0.0364 0.0874 0.0843 0.1384 0.0503 0.0740 0.1343 0.1059 0.0390 0.0934 
       H7389  2 0.2184 0.1437 0.0534 0.0988 0.0260 0.0484 0.0715 0.1376 0.0537 0.0630 0.0388 0.0468 
       H7390  2 0.0415 0.0502 0.2847 0.0647 0.0494 0.0574 0.0445 0.0259 0.0716 0.0607 0.2042 0.0453 
       H7391  2 0.2273 0.1950 0.0388 0.0888 0.0279 0.0514 0.0456 0.1723 0.0411 0.0525 0.0318 0.0275 
       H7392  2 0.0728 0.0840 0.0466 0.0888 0.0462 0.1314 0.1066 0.0576 0.1268 0.1017 0.0620 0.0756 
       H7393  2 0.0482 0.0652 0.1758 0.0808 0.1047 0.0594 0.0543 0.0849 0.0773 0.0732 0.1215 0.0547 
       H7398  2 0.2070 0.0810 0.0439 0.0849 0.0487 0.0484 0.1567 0.1039 0.0515 0.0569 0.0615 0.0556 
       H7399  2 0.0797 0.0810 0.0444 0.0975 0.0181 0.1127 0.1389 0.0651 0.1250 0.1120 0.0583 0.0674 
       H7400  2 0.0398 0.0233 0.0204 0.0243 0.7171 0.0437 0.0129 0.0178 0.0272 0.0208 0.0335 0.0190 
        H745  2 0.0370 0.0896 0.0975 0.1103 0.0212 0.0562 0.0463 0.0572 0.1967 0.1915 0.0343 0.0622 
        H746  2 0.0914 0.0950 0.0519 0.1028 0.0200 0.1368 0.0268 0.0570 0.1256 0.1173 0.0877 0.0878 
        H747  2 0.0416 0.0378 0.2492 0.0484 0.1898 0.0389 0.1545 0.0345 0.0406 0.0535 0.0639 0.0473 
        H748  2 0.0623 0.0621 0.0572 0.0929 0.0453 0.1195 0.0594 0.1080 0.0985 0.0836 0.1204 0.0907 
       H7484  2 0.0375 0.0368 0.0745 0.0473 0.5075 0.0365 0.0349 0.0638 0.0366 0.0478 0.0415 0.0353 
       H7485  2 0.0767 0.0908 0.2382 0.0769 0.0492 0.0607 0.0447 0.0506 0.1266 0.0638 0.0592 0.0626 
        H749  2 0.1164 0.0999 0.0589 0.0642 0.0281 0.2237 0.0293 0.0504 0.1287 0.0798 0.0525 0.0681 
        H930  2 0.1203 0.0347 0.0338 0.0523 0.0258 0.0481 0.0881 0.1137 0.0494 0.0538 0.0252 0.3549 
        H931  2 0.1087 0.1327 0.0406 0.0954 0.0599 0.0806 0.0690 0.1300 0.0878 0.0992 0.0418 0.0542 
        H932  2 0.0467 0.0592 0.0481 0.1099 0.0339 0.0716 0.0825 0.2420 0.0809 0.0988 0.0791 0.0473 
        H111  3 0.0591 0.0571 0.0761 0.1007 0.0291 0.0927 0.0459 0.0608 0.0903 0.1129 0.0490 0.2264 
        H951  3 0.0607 0.0764 0.0755 0.0997 0.0262 0.0826 0.0532 0.2023 0.0812 0.0966 0.0644 0.0810 
        H952  3 0.0673 0.0659 0.0617 0.0716 0.0513 0.0589 0.2911 0.0621 0.0805 0.0812 0.0575 0.0509 
        H953  3 0.2278 0.1962 0.0333 0.0833 0.0233 0.0402 0.0456 0.2001 0.0413 0.0400 0.0384 0.0306 
        H954  3 0.0529 0.0596 0.1220 0.0619 0.2214 0.0979 0.0689 0.0368 0.0817 0.0736 0.0705 0.0528 
        H955  3 0.1442 0.0410 0.0291 0.0694 0.0169 0.0799 0.0823 0.0440 0.0810 0.0819 0.0341 0.2960 
        H956  3 0.0466 0.0383 0.0585 0.0393 0.0252 0.0417 0.5338 0.0302 0.0323 0.0416 0.0529 0.0595 
       H9563  3 0.1217 0.0625 0.1075 0.1067 0.0587 0.0573 0.0699 0.2152 0.0481 0.0767 0.0369 0.0388 
        H002  4 0.0593 0.0602 0.0399 0.0840 0.1811 0.0520 0.0200 0.0255 0.0542 0.0892 0.2106 0.1239 
        H003  4 0.1230 0.1020 0.0356 0.1199 0.0202 0.0878 0.0318 0.0436 0.1527 0.1251 0.0785 0.0798 
        H009  4 0.0425 0.1252 0.1042 0.0615 0.0272 0.0905 0.0719 0.0603 0.2069 0.0727 0.0520 0.0851 
        H010  4 0.0664 0.0890 0.0670 0.1393 0.0279 0.1107 0.0805 0.0758 0.0999 0.1083 0.0635 0.0717 
        H011  4 0.1854 0.0855 0.1481 0.0766 0.1423 0.0574 0.0296 0.0373 0.0582 0.0583 0.0740 0.0474 
        H012  4 0.0558 0.1188 0.0531 0.0996 0.0345 0.0857 0.0719 0.0751 0.1162 0.1049 0.1108 0.0735 
        H013  4 0.1166 0.1411 0.0526 0.0850 0.1022 0.0588 0.0516 0.0504 0.0891 0.0904 0.0964 0.0658 
        H014  4 0.0424 0.0972 0.1068 0.1148 0.0330 0.0971 0.0527 0.0419 0.1379 0.1333 0.0710 0.0720 
        H045  4 0.3084 0.1975 0.0731 0.0433 0.0722 0.0312 0.0448 0.0965 0.0330 0.0341 0.0336 0.0322 
        H046  4 0.1142 0.1251 0.0354 0.0867 0.0265 0.1013 0.0569 0.0301 0.1181 0.1452 0.0412 0.1192 
        H051  4 0.1786 0.1040 0.0661 0.0738 0.1405 0.0583 0.0573 0.0504 0.0799 0.0716 0.0645 0.0550 
        H052  4 0.0408 0.0641 0.0463 0.0684 0.3685 0.0599 0.0498 0.0515 0.0563 0.0869 0.0454 0.0622 
        H053  4 0.0582 0.0703 0.0993 0.1054 0.0511 0.0861 0.1333 0.0537 0.0796 0.0918 0.1033 0.0679 
        H056  4 0.0550 0.0750 0.1171 0.0730 0.2617 0.0672 0.0260 0.0476 0.0800 0.0833 0.0556 0.0583 
        H076  4 0.0568 0.0855 0.0364 0.1439 0.0196 0.0846 0.0300 0.1549 0.1026 0.1347 0.0682 0.0827 
        H151  4 0.0395 0.0488 0.1199 0.0827 0.0831 0.0759 0.0310 0.0244 0.1001 0.1055 0.2264 0.0626 
        H152  4 0.0563 0.0651 0.0341 0.0719 0.1897 0.0661 0.0371 0.0300 0.0691 0.1047 0.1853 0.0905 
     H171803  4 0.0533 0.0386 0.3872 0.0335 0.0287 0.0585 0.0267 0.0340 0.0552 0.0504 0.1809 0.0528 
     H171804  4 0.0791 0.0547 0.2289 0.0835 0.0748 0.0552 0.0505 0.0695 0.0551 0.0659 0.1179 0.0648 
     H171833  4 0.0874 0.0635 0.0518 0.1665 0.0204 0.0645 0.0274 0.0404 0.1134 0.1544 0.0291 0.1813 
     H171855  4 0.0460 0.0472 0.1749 0.1052 0.1439 0.0520 0.0190 0.0452 0.0534 0.0739 0.1764 0.0630 
     H171856  4 0.0359 0.0431 0.3799 0.0577 0.0299 0.0454 0.0902 0.0427 0.0421 0.0505 0.1327 0.0499 
     H171857  4 0.0485 0.0574 0.2226 0.0858 0.1220 0.0608 0.0325 0.0954 0.0778 0.0912 0.0585 0.0477 
     H171858  4 0.0491 0.0684 0.0274 0.0860 0.0925 0.0807 0.0524 0.0654 0.0773 0.1406 0.1718 0.0885 
     H171859  4 0.0655 0.0745 0.0605 0.1292 0.0604 0.0856 0.0655 0.1038 0.0835 0.1323 0.0773 0.0621 
     H171961  4 0.1513 0.1281 0.0918 0.0913 0.1399 0.0503 0.0398 0.0423 0.0735 0.0690 0.0681 0.0547 
        H198  4 0.0848 0.1090 0.0318 0.1014 0.0160 0.0973 0.0515 0.0486 0.1552 0.1259 0.0609 0.1176 
      H20001  4 0.0615 0.0398 0.1064 0.1047 0.0144 0.0629 0.0180 0.0313 0.1007 0.0861 0.0605 0.3137 
        H403  4 0.0501 0.0514 0.2398 0.1057 0.0522 0.0754 0.0333 0.1174 0.0615 0.0810 0.0833 0.0490 
        H404  4 0.0834 0.0986 0.0403 0.0851 0.0257 0.0952 0.0647 0.0549 0.0888 0.0868 0.1860 0.0905 
        H405  4 0.0894 0.0924 0.0488 0.1329 0.0332 0.0914 0.0452 0.1159 0.0683 0.0993 0.1069 0.0764 
        H406  4 0.0291 0.0272 0.0607 0.1041 0.0651 0.0391 0.0177 0.4852 0.0325 0.0574 0.0258 0.0561 
        H407  4 0.0594 0.0946 0.1474 0.0778 0.0369 0.0764 0.1162 0.1067 0.0673 0.0629 0.1156 0.0388 
        H410  4 0.0263 0.0249 0.0225 0.1542 0.0159 0.0208 0.0196 0.6348 0.0175 0.0260 0.0172 0.0203 
        H411  4 0.0574 0.0612 0.0608 0.0956 0.0197 0.0644 0.0325 0.0957 0.1183 0.0927 0.1644 0.1372 
        H468  4 0.0650 0.0313 0.1981 0.0464 0.0348 0.0583 0.0349 0.0652 0.0481 0.0740 0.0685 0.2755 
        H476  4 0.0593 0.0547 0.0636 0.0636 0.1322 0.1289 0.0689 0.0466 0.0888 0.0613 0.0448 0.1873 
        H477  4 0.1213 0.0462 0.0463 0.1007 0.0165 0.1362 0.0314 0.0255 0.1018 0.0944 0.0779 0.2018 
        H478  4 0.0636 0.0994 0.1267 0.0603 0.0361 0.1249 0.0286 0.0551 0.1489 0.0776 0.1049 0.0739 
        H479  4 0.1435 0.1114 0.0459 0.0815 0.1594 0.0969 0.0710 0.0316 0.0554 0.0852 0.0447 0.0736 
        H480  4 0.0821 0.0582 0.0775 0.0848 0.0244 0.0653 0.0689 0.0491 0.0760 0.0775 0.0957 0.2405 
        H498  4 0.0764 0.0828 0.0647 0.1193 0.0541 0.0603 0.0617 0.0454 0.1254 0.1059 0.0786 0.1254 
        H499  4 0.0860 0.0992 0.0442 0.0681 0.0487 0.0654 0.0329 0.0470 0.0714 0.1025 0.1465 0.1882 
        H500  4 0.1042 0.0733 0.0853 0.0519 0.2033 0.0814 0.0635 0.0497 0.0511 0.0613 0.0980 0.0768 
        H515  4 0.0641 0.0497 0.0991 0.0794 0.0763 0.0619 0.0454 0.0591 0.0927 0.0852 0.2126 0.0745 
        H516  4 0.0438 0.0692 0.0533 0.1000 0.0547 0.0782 0.1541 0.0495 0.0951 0.1239 0.0546 0.1236 
        H517  4 0.0327 0.0419 0.0411 0.1058 0.0482 0.0278 0.0660 0.4337 0.0599 0.0656 0.0372 0.0401 
        H518  4 0.0382 0.0656 0.1103 0.0731 0.2017 0.0728 0.0782 0.0328 0.0846 0.0919 0.0398 0.1108 
        H520  4 0.0505 0.0549 0.2714 0.0620 0.1138 0.0555 0.0699 0.0390 0.0673 0.0680 0.0736 0.0741 
        H521  4 0.1424 0.1224 0.1046 0.0700 0.0254 0.0771 0.0691 0.0866 0.0968 0.0926 0.0484 0.0646 
        H522  4 0.0750 0.0632 0.1945 0.0532 0.0282 0.0615 0.0707 0.0275 0.0771 0.0599 0.0657 0.2236 
        H523  4 0.0391 0.0568 0.1032 0.0665 0.0561 0.0502 0.2773 0.0381 0.0923 0.0631 0.0697 0.0876 
        H536  4 0.1153 0.1365 0.0447 0.0950 0.0434 0.1148 0.0622 0.0473 0.0572 0.1664 0.0630 0.0541 
        H645  4 0.3012 0.2731 0.0341 0.0456 0.0470 0.0440 0.0226 0.0821 0.0414 0.0347 0.0463 0.0280 
        H646  4 0.0382 0.0727 0.0376 0.0953 0.0231 0.0660 0.3598 0.0456 0.0710 0.0845 0.0279 0.0784 
        H647  4 0.0711 0.0775 0.0579 0.0858 0.0591 0.2609 0.0591 0.0531 0.0756 0.0950 0.0381 0.0668 
        H657  4 0.0639 0.0663 0.0528 0.1032 0.0198 0.0679 0.0608 0.2626 0.0892 0.1052 0.0430 0.0652 
        H658  4 0.0667 0.0539 0.0559 0.0611 0.0500 0.0736 0.3181 0.0294 0.0625 0.0746 0.0483 0.1060 
        H659  4 0.0351 0.0334 0.3377 0.0526 0.0907 0.0690 0.0185 0.0227 0.0446 0.0385 0.2235 0.0336 
        H660  4 0.0718 0.0743 0.1151 0.0931 0.0680 0.1538 0.0442 0.0331 0.1049 0.0933 0.0813 0.0672 
        H661  4 0.0500 0.0919 0.1692 0.1120 0.0530 0.0637 0.0229 0.0462 0.0890 0.1067 0.1400 0.0554 
        H668  4 0.0533 0.1042 0.0430 0.1042 0.0245 0.1015 0.0428 0.0606 0.1049 0.0835 0.2044 0.0732 
        H669  4 0.0709 0.0740 0.0674 0.0817 0.0799 0.0777 0.1439 0.0660 0.0739 0.0915 0.1002 0.0729 
        H670  4 0.1034 0.1072 0.0306 0.0561 0.0616 0.0900 0.0308 0.0440 0.0666 0.0525 0.3089 0.0482 
        H678  4 0.1049 0.0570 0.1541 0.0918 0.0303 0.0702 0.0565 0.0903 0.0784 0.0671 0.1128 0.0866 
        H679  4 0.0783 0.0732 0.0382 0.0887 0.0417 0.0706 0.1443 0.1523 0.0723 0.0870 0.0252 0.1283 
        H680  4 0.0405 0.0590 0.1956 0.1167 0.0187 0.0524 0.0236 0.0868 0.0742 0.1076 0.1575 0.0672 
        H681  4 0.0745 0.1307 0.0340 0.0702 0.1478 0.1211 0.0522 0.0453 0.1280 0.0646 0.0769 0.0548 
        H682  4 0.0863 0.0582 0.1001 0.0828 0.0239 0.0679 0.0878 0.1245 0.0562 0.0621 0.0562 0.1941 
        H683  4 0.0467 0.0548 0.0606 0.0751 0.2427 0.0955 0.1128 0.0635 0.0812 0.0931 0.0247 0.0492 
        H718  4 0.0334 0.0345 0.0308 0.0324 0.6037 0.0349 0.0749 0.0365 0.0230 0.0389 0.0264 0.0305 
        H719  4 0.2430 0.1613 0.1381 0.0830 0.0436 0.0383 0.0701 0.0454 0.0495 0.0512 0.0289 0.0478 
        H720  4 0.0545 0.0650 0.2623 0.0953 0.1002 0.1028 0.0180 0.0275 0.0727 0.0851 0.0512 0.0653 
        H721  4 0.0722 0.0897 0.1468 0.1125 0.0602 0.0897 0.0300 0.0411 0.0938 0.1090 0.1027 0.0520 
        H722  4 0.0540 0.0487 0.1128 0.0833 0.2037 0.0647 0.0510 0.0479 0.0787 0.1394 0.0540 0.0618 
        H723  4 0.0832 0.0607 0.0538 0.0790 0.1613 0.0661 0.0493 0.1938 0.0646 0.0601 0.0820 0.0461 
        H724  4 0.0672 0.0416 0.1451 0.0506 0.3407 0.0553 0.0648 0.0555 0.0315 0.0398 0.0770 0.0309 
        H725  4 0.0602 0.0490 0.2200 0.0448 0.3059 0.0424 0.0313 0.0341 0.0469 0.0536 0.0596 0.0522 
        H726  4 0.0527 0.0617 0.0309 0.1034 0.2067 0.0587 0.0329 0.0733 0.0952 0.0841 0.1202 0.0801 
        H727  4 0.1058 0.1112 0.0805 0.0857 0.0736 0.0680 0.0756 0.0679 0.0790 0.0866 0.1094 0.0566 
        H910  4 0.0725 0.0725 0.1148 0.0614 0.0872 0.0534 0.1011 0.0753 0.0641 0.0744 0.1346 0.0886 
