        H102  1 0.1250 0.3719 0.1038 0.0508 0.1910 0.1575 
        H103  1 0.2150 0.2102 0.0563 0.1059 0.2841 0.1285 
        H104  1 0.1205 0.1232 0.2930 0.2069 0.1095 0.1470 
        H105  1 0.1523 0.2164 0.1176 0.1241 0.1500 0.2396 
        H106  1 0.1573 0.1505 0.1714 0.1301 0.2253 0.1654 
        H112  1 0.1543 0.2029 0.1895 0.1365 0.1827 0.1342 
        H113  1 0.1221 0.1291 0.1037 0.3927 0.1426 0.1098 
        H114  1 0.1315 0.1516 0.0684 0.3312 0.1904 0.1268 
        H115  1 0.1237 0.2590 0.1407 0.1631 0.1611 0.1525 
        H143  1 0.1739 0.2915 0.0882 0.1179 0.1712 0.1572 
        H144  1 0.3084 0.1670 0.0615 0.0886 0.1695 0.2050 
        H145  1 0.1838 0.3125 0.0496 0.1124 0.1979 0.1437 
        H149  1 0.1360 0.1295 0.3250 0.1077 0.1238 0.1779 
        H150  1 0.2401 0.1648 0.1376 0.2165 0.1217 0.1193 
     H167542  1 0.1053 0.2571 0.0876 0.1860 0.1157 0.2484 
     H169604  1 0.1341 0.2234 0.1183 0.1734 0.1470 0.2038 
     H169607  1 0.1878 0.1901 0.1004 0.1318 0.1524 0.2374 
     H169608  1 0.1241 0.3436 0.1606 0.0815 0.1724 0.1179 
     H169633  1 0.1498 0.1675 0.0631 0.3123 0.1225 0.1847 
     H169688  1 0.2226 0.1549 0.1164 0.0787 0.2372 0.1901 
     H169714  1 0.1554 0.1525 0.2263 0.1762 0.1391 0.1505 
     H171802  1 0.1301 0.0860 0.3009 0.2117 0.1413 0.1300 
     H171805  1 0.1805 0.1967 0.0877 0.1136 0.2667 0.1547 
     H171807  1 0.1590 0.1434 0.2251 0.0965 0.1671 0.2089 
     H171814  1 0.2347 0.1062 0.0657 0.3571 0.1265 0.1098 
     H171816  1 0.1715 0.1526 0.2072 0.1369 0.1719 0.1599 
     H171817  1 0.1442 0.1502 0.2326 0.1415 0.1641 0.1675 
     H171818  1 0.1537 0.1567 0.1344 0.1440 0.1918 0.2194 
     H171819  1 0.1641 0.1521 0.1678 0.2271 0.1551 0.1338 
     H171834  1 0.1505 0.2384 0.0875 0.1074 0.2452 0.1710 
     H171835  1 0.1019 0.1219 0.3084 0.2717 0.0924 0.1037 
     H171836  1 0.1609 0.1594 0.0469 0.2202 0.2536 0.1590 
     H171837  1 0.1431 0.1903 0.1583 0.1947 0.1222 0.1915 
     H171838  1 0.1721 0.1666 0.0759 0.1482 0.2857 0.1515 
     H171839  1 0.1302 0.1496 0.1968 0.2689 0.1089 0.1457 
     H171841  1 0.1332 0.1418 0.4013 0.0657 0.1414 0.1166 
     H171860  1 0.1445 0.1811 0.1252 0.2478 0.1396 0.1618 
     H171861  1 0.1733 0.2500 0.0536 0.1476 0.2286 0.1469 
     H171862  1 0.2063 0.1958 0.1109 0.1215 0.1886 0.1769 
     H171868  1 0.1243 0.3026 0.0886 0.1071 0.1445 0.2329 
     H171869  1 0.2832 0.1364 0.0881 0.1096 0.2319 0.1508 
     H171870  1 0.1844 0.1430 0.2198 0.0943 0.1738 0.1847 
     H171871  1 0.2246 0.1506 0.0784 0.1597 0.2443 0.1423 
     H171872  1 0.1264 0.1935 0.2003 0.1974 0.1302 0.1523 
     H171873  1 0.1905 0.1303 0.1899 0.1419 0.1918 0.1557 
     H171874  1 0.1760 0.2716 0.0780 0.1200 0.1895 0.1648 
     H171875  1 0.1687 0.2323 0.0532 0.2153 0.2014 0.1291 
     H171876  1 0.1772 0.2276 0.0821 0.1298 0.1896 0.1937 
     H171877  1 0.1028 0.2355 0.0865 0.2092 0.1145 0.2516 
     H171878  1 0.2157 0.1293 0.1729 0.0773 0.1989 0.2058 
     H171901  1 0.1220 0.1057 0.2643 0.1188 0.1699 0.2193 
     H171902  1 0.1951 0.1770 0.2192 0.0890 0.1277 0.1920 
     H171903  1 0.1680 0.2000 0.1132 0.1653 0.2172 0.1364 
     H171935  1 0.1634 0.1268 0.2531 0.1183 0.2071 0.1312 
     H171936  1 0.1287 0.1347 0.0772 0.3481 0.1144 0.1969 
     H171940  1 0.1371 0.1760 0.2044 0.0781 0.1497 0.2548 
     H171945  1 0.2376 0.1424 0.1722 0.1246 0.1375 0.1857 
     H171948  1 0.1440 0.1893 0.1793 0.1313 0.2052 0.1508 
     H171949  1 0.1181 0.1170 0.3778 0.0949 0.1089 0.1833 
     H171950  1 0.1018 0.1491 0.4035 0.0946 0.1120 0.1391 
     H171963  1 0.2251 0.1687 0.0770 0.1334 0.2250 0.1708 
     H171964  1 0.3536 0.1531 0.0949 0.1324 0.1177 0.1482 
     H171966  1 0.1993 0.1565 0.1432 0.1161 0.2295 0.1555 
     H171968  1 0.1618 0.2125 0.2394 0.0705 0.1221 0.1936 
     H171971  1 0.1901 0.1264 0.1269 0.1494 0.2364 0.1708 
     H171972  1 0.1772 0.2074 0.0668 0.2023 0.1875 0.1588 
     H171977  1 0.2478 0.1566 0.0803 0.2007 0.1570 0.1575 
     H171978  1 0.2007 0.1732 0.2238 0.0790 0.1934 0.1300 
     H171979  1 0.2133 0.1548 0.0721 0.1406 0.2385 0.1807 
        H176  1 0.1580 0.2201 0.1077 0.2336 0.1248 0.1558 
        H177  1 0.1204 0.1534 0.3225 0.0752 0.1461 0.1825 
        H179  1 0.0995 0.1647 0.2914 0.1725 0.0928 0.1792 
        H181  1 0.2151 0.1174 0.0884 0.1498 0.2330 0.1964 
        H182  1 0.1625 0.2680 0.0486 0.1155 0.2656 0.1397 
        H183  1 0.2562 0.0971 0.0994 0.1026 0.2536 0.1910 
        H184  1 0.1404 0.1777 0.2198 0.1120 0.1582 0.1918 
        H185  1 0.1959 0.1623 0.0868 0.1619 0.1931 0.1999 
        H186  1 0.2970 0.2087 0.1509 0.0621 0.1567 0.1246 
        H187  1 0.1361 0.1344 0.1451 0.1198 0.2639 0.2007 
        H188  1 0.0957 0.1633 0.1881 0.2139 0.0993 0.2397 
        H192  1 0.1446 0.1458 0.2636 0.1072 0.1630 0.1757 
        H193  1 0.2001 0.2645 0.0634 0.0707 0.2706 0.1307 
        H194  1 0.1558 0.1899 0.1690 0.1697 0.1609 0.1547 
        H195  1 0.2732 0.1646 0.0944 0.0785 0.2157 0.1736 
        H199  1 0.2732 0.1306 0.1196 0.1225 0.1567 0.1974 
        H200  1 0.1375 0.1301 0.2238 0.2225 0.1190 0.1671 
        H414  1 0.1999 0.1782 0.0992 0.1147 0.2326 0.1755 
        H415  1 0.1455 0.1855 0.0816 0.2804 0.1676 0.1394 
        H422  1 0.2374 0.1889 0.2042 0.1095 0.1271 0.1329 
        H423  1 0.0939 0.0877 0.5475 0.0715 0.0992 0.1002 
        H424  1 0.2632 0.1293 0.0933 0.1566 0.2104 0.1472 
        H425  1 0.3457 0.1123 0.0978 0.1343 0.1241 0.1858 
        H426  1 0.3187 0.1451 0.1159 0.0767 0.2162 0.1273 
        H443  1 0.3649 0.1998 0.0739 0.0789 0.1007 0.1818 
        H466  1 0.1887 0.1553 0.1682 0.1269 0.1784 0.1825 
        H467  1 0.1490 0.1138 0.3408 0.1223 0.1281 0.1459 
        H472  1 0.1514 0.1303 0.1990 0.1564 0.1118 0.2510 
        H483  1 0.1769 0.1709 0.0876 0.1131 0.1651 0.2864 
        H504  1 0.2897 0.1245 0.0964 0.1956 0.1363 0.1575 
        H505  1 0.1327 0.1322 0.2158 0.1258 0.1513 0.2422 
        H506  1 0.2177 0.2086 0.1331 0.1085 0.1877 0.1444 
        H507  1 0.1693 0.1579 0.0471 0.1544 0.2335 0.2378 
        H508  1 0.1759 0.1179 0.2421 0.1108 0.1827 0.1706 
        H524  1 0.1340 0.1249 0.0816 0.3125 0.1526 0.1944 
        H525  1 0.2136 0.2416 0.0862 0.1311 0.1633 0.1641 
        H526  1 0.1062 0.2206 0.1011 0.2560 0.0891 0.2269 
        H527  1 0.1430 0.1792 0.2056 0.0800 0.2032 0.1890 
        H528  1 0.1871 0.1771 0.0633 0.2860 0.1703 0.1162 
        H529  1 0.2272 0.1667 0.0621 0.1724 0.1962 0.1754 
        H533  1 0.1381 0.1824 0.0449 0.1465 0.3244 0.1636 
        H538  1 0.1324 0.1470 0.1613 0.1604 0.1366 0.2623 
        H539  1 0.1552 0.1927 0.1124 0.0787 0.2848 0.1763 
        H540  1 0.1750 0.1793 0.1225 0.1387 0.2084 0.1761 
        H541  1 0.1327 0.1999 0.1018 0.2079 0.1381 0.2196 
        H558  1 0.2052 0.1353 0.1004 0.0972 0.2906 0.1712 
        H559  1 0.1773 0.2742 0.1341 0.0938 0.1479 0.1728 
        H579  1 0.1851 0.2974 0.0715 0.0787 0.2059 0.1614 
        H584  1 0.2683 0.1715 0.0936 0.1480 0.1781 0.1404 
        H585  1 0.2013 0.1272 0.1092 0.1818 0.2232 0.1572 
        H605  1 0.1587 0.1696 0.2496 0.1227 0.1534 0.1460 
        H606  1 0.1141 0.1936 0.3560 0.0744 0.0976 0.1644 
        H632  1 0.2781 0.2119 0.0657 0.1237 0.1640 0.1566 
        H634  1 0.1849 0.2028 0.1122 0.1098 0.2206 0.1696 
        H671  1 0.1065 0.0896 0.4679 0.1308 0.0915 0.1136 
        H672  1 0.1327 0.0992 0.1564 0.3627 0.1176 0.1315 
        H673  1 0.2781 0.1881 0.0943 0.1000 0.1535 0.1859 
        H689  1 0.2283 0.1896 0.0848 0.1212 0.1709 0.2053 
        H690  1 0.1061 0.2642 0.1423 0.1842 0.1854 0.1178 
        H691  1 0.1297 0.2404 0.0926 0.1408 0.1295 0.2670 
        H692  1 0.3083 0.1436 0.0443 0.1562 0.1907 0.1568 
        H709  1 0.1671 0.2154 0.0884 0.2120 0.2052 0.1120 
        H710  1 0.2331 0.1843 0.0504 0.1684 0.2436 0.1202 
       H7355  1 0.1252 0.2794 0.0618 0.2118 0.1544 0.1674 
       H7356  1 0.1981 0.1907 0.1236 0.1255 0.2133 0.1487 
       H7357  1 0.1176 0.2174 0.1752 0.1298 0.1486 0.2114 
       H7358  1 0.1492 0.2094 0.0874 0.1662 0.1104 0.2774 
       H7380  1 0.1917 0.2720 0.0858 0.1048 0.1787 0.1671 
       H7381  1 0.2716 0.1313 0.2271 0.0991 0.1412 0.1296 
       H7382  1 0.1812 0.2350 0.0869 0.1145 0.1926 0.1898 
        H904  1 0.0835 0.1397 0.4711 0.0705 0.0978 0.1374 
        H923  1 0.1815 0.1490 0.1742 0.2088 0.1292 0.1573 
        H924  1 0.1682 0.1649 0.1909 0.1502 0.1404 0.1855 
        H925  1 0.1118 0.2201 0.0852 0.1940 0.0857 0.3032 
       H9558  1 0.2152 0.1336 0.0841 0.0939 0.3126 0.1606 
        H008  2 0.1554 0.1796 0.0640 0.2452 0.1955 0.1603 
        H021  2 0.1412 0.1494 0.2260 0.1224 0.1354 0.2255 
        H023  2 0.1240 0.2053 0.2038 0.1039 0.1357 0.2273 
        H024  2 0.1541 0.0818 0.0688 0.4581 0.1525 0.0847 
        H025  2 0.1897 0.1305 0.2826 0.0875 0.1614 0.1483 
        H026  2 0.3359 0.0879 0.0702 0.2788 0.1249 0.1024 
        H027  2 0.1329 0.1482 0.1002 0.2733 0.1118 0.2335 
        H028  2 0.2047 0.1202 0.1105 0.1531 0.2078 0.2036 
        H029  2 0.1788 0.1246 0.0791 0.3053 0.1227 0.1894 
        H030  2 0.2181 0.1369 0.0678 0.2574 0.1745 0.1453 
        H038  2 0.1260 0.1593 0.2517 0.0991 0.1494 0.2144 
        H039  2 0.0583 0.0658 0.6877 0.0670 0.0600 0.0612 
        H040  2 0.1058 0.1191 0.3341 0.1332 0.1561 0.1517 
        H041  2 0.1134 0.1425 0.1160 0.3658 0.1095 0.1527 
        H042  2 0.1483 0.1761 0.1724 0.1255 0.1595 0.2182 
        H043  2 0.1087 0.1402 0.3210 0.0627 0.2100 0.1574 
        H044  2 0.1717 0.1421 0.0736 0.1498 0.2883 0.1745 
        H047  2 0.1960 0.1169 0.2026 0.1534 0.2235 0.1076 
        H050  2 0.1496 0.1281 0.0825 0.3870 0.1543 0.0985 
        H058  2 0.1797 0.1194 0.1940 0.1009 0.2236 0.1824 
        H062  2 0.1087 0.2131 0.1903 0.0751 0.0935 0.3193 
        H063  2 0.1155 0.1261 0.2771 0.1591 0.1837 0.1385 
        H065  2 0.3675 0.1251 0.1628 0.0771 0.1279 0.1396 
        H066  2 0.1636 0.0946 0.1222 0.2340 0.2619 0.1237 
        H067  2 0.1482 0.2228 0.1036 0.1434 0.1440 0.2379 
        H068  2 0.1351 0.1074 0.3337 0.1337 0.1467 0.1434 
        H069  2 0.1725 0.1371 0.1391 0.1236 0.1795 0.2481 
        H071  2 0.1664 0.1968 0.1863 0.1429 0.1591 0.1485 
        H072  2 0.1064 0.1107 0.4048 0.1265 0.1343 0.1173 
        H073  2 0.2223 0.1574 0.1187 0.1657 0.1564 0.1795 
        H081  2 0.1146 0.2280 0.1493 0.1916 0.1184 0.1981 
        H082  2 0.1946 0.1458 0.0615 0.1973 0.2485 0.1523 
        H083  2 0.2037 0.2259 0.0699 0.1097 0.2124 0.1784 
        H084  2 0.1534 0.1112 0.1741 0.2111 0.1570 0.1933 
        H085  2 0.1005 0.1763 0.0965 0.3348 0.0935 0.1983 
        H087  2 0.1079 0.2507 0.1148 0.1354 0.1334 0.2578 
        H088  2 0.1376 0.1715 0.2149 0.1176 0.1799 0.1785 
        H089  2 0.1425 0.2032 0.0942 0.1465 0.1153 0.2983 
        H090  2 0.1240 0.0935 0.0820 0.4887 0.1125 0.0994 
        H091  2 0.0981 0.1192 0.0559 0.5164 0.0926 0.1176 
        H098  2 0.1394 0.1183 0.1259 0.3008 0.1794 0.1362 
      H10001  2 0.0575 0.0657 0.6959 0.0536 0.0557 0.0716 
      H10002  2 0.1138 0.2879 0.1906 0.0794 0.1709 0.1573 
        H101  2 0.1321 0.0690 0.0875 0.4375 0.1701 0.1039 
        H108  2 0.1101 0.1758 0.3498 0.0711 0.0918 0.2014 
        H109  2 0.1506 0.0917 0.1701 0.2375 0.2202 0.1299 
        H110  2 0.1240 0.3135 0.0719 0.1590 0.1707 0.1609 
        H116  2 0.2156 0.1705 0.0908 0.1967 0.2024 0.1240 
        H117  2 0.0959 0.0906 0.0734 0.5462 0.0896 0.1044 
        H118  2 0.1357 0.1148 0.0516 0.4726 0.0935 0.1318 
        H119  2 0.1506 0.1561 0.2211 0.2441 0.1147 0.1134 
        H120  2 0.0900 0.1479 0.4160 0.0782 0.0877 0.1802 
        H121  2 0.1159 0.1139 0.0668 0.4848 0.0770 0.1416 
        H125  2 0.0612 0.0637 0.6713 0.0600 0.0607 0.0831 
        H126  2 0.3015 0.1207 0.1243 0.1127 0.2091 0.1318 
        H128  2 0.1326 0.0779 0.0348 0.5964 0.0815 0.0767 
        H129  2 0.3492 0.1363 0.0639 0.0956 0.2367 0.1183 
        H130  2 0.1552 0.1608 0.2949 0.0517 0.1866 0.1509 
        H133  2 0.1258 0.0956 0.4712 0.0965 0.1053 0.1057 
        H134  2 0.5031 0.1179 0.0607 0.0955 0.1227 0.1001 
        H135  2 0.1552 0.1982 0.1585 0.1502 0.1623 0.1756 
        H137  2 0.1293 0.0804 0.1586 0.3879 0.1454 0.0985 
        H138  2 0.2485 0.2220 0.0590 0.1031 0.2318 0.1356 
        H140  2 0.1564 0.1221 0.1508 0.3375 0.1135 0.1196 
        H146  2 0.1055 0.0806 0.0804 0.5698 0.0789 0.0848 
        H147  2 0.1487 0.1970 0.0886 0.2533 0.1753 0.1370 
        H148  2 0.1128 0.1701 0.0766 0.3705 0.1284 0.1415 
     H166022  2 0.1452 0.1822 0.0711 0.2014 0.2276 0.1725 
     H167359  2 0.1884 0.1519 0.1228 0.1455 0.2049 0.1865 
     H167397  2 0.1546 0.1169 0.0387 0.3804 0.1954 0.1140 
     H167428  2 0.1407 0.2019 0.0457 0.2987 0.0942 0.2188 
     H167496  2 0.0839 0.1048 0.4401 0.1524 0.0908 0.1280 
     H167513  2 0.1232 0.1350 0.1309 0.1411 0.3132 0.1567 
     H167545  2 0.1899 0.2106 0.0698 0.1038 0.2704 0.1556 
     H167547  2 0.1807 0.1149 0.0689 0.3868 0.1627 0.0860 
     H169621  2 0.1707 0.1530 0.0759 0.2936 0.1679 0.1389 
     H169622  2 0.1830 0.2184 0.0821 0.0917 0.1929 0.2320 
     H169750  2 0.1721 0.1231 0.2754 0.1046 0.1698 0.1549 
     H171806  2 0.1477 0.1500 0.1608 0.3385 0.1032 0.0998 
     H171808  2 0.1694 0.1970 0.1122 0.1459 0.1143 0.2612 
     H171809  2 0.1424 0.2439 0.1391 0.1132 0.1524 0.2090 
     H171813  2 0.1914 0.2127 0.1144 0.1784 0.1745 0.1286 
     H171815  2 0.1094 0.1133 0.4078 0.0951 0.1345 0.1399 
     H171824  2 0.1040 0.1940 0.2440 0.1798 0.1075 0.1707 
     H171825  2 0.2031 0.1974 0.1028 0.0826 0.1731 0.2410 
     H171826  2 0.1555 0.1916 0.1670 0.1757 0.1678 0.1424 
     H171827  2 0.1568 0.2673 0.1103 0.0998 0.2207 0.1451 
     H171828  2 0.0781 0.1148 0.5113 0.1069 0.0682 0.1208 
     H171829  2 0.2490 0.1402 0.1743 0.1235 0.1836 0.1294 
     H171830  2 0.1354 0.1357 0.1380 0.2387 0.2272 0.1250 
     H171831  2 0.2537 0.1454 0.0626 0.1709 0.2281 0.1393 
     H171832  2 0.2021 0.2076 0.0914 0.0999 0.2303 0.1687 
     H171863  2 0.2605 0.1568 0.0506 0.1496 0.2121 0.1703 
     H171864  2 0.1421 0.1227 0.1354 0.3123 0.1394 0.1480 
     H171865  2 0.1197 0.1035 0.3939 0.1407 0.1213 0.1209 
     H171879  2 0.1507 0.1067 0.1253 0.3707 0.1402 0.1064 
     H171880  2 0.1226 0.0885 0.0799 0.4249 0.1671 0.1170 
     H171881  2 0.1749 0.1657 0.0892 0.1428 0.1829 0.2445 
     H171882  2 0.0790 0.0966 0.5933 0.0715 0.0735 0.0860 
     H171929  2 0.1578 0.1318 0.1208 0.2305 0.1527 0.2063 
     H171930  2 0.1598 0.1162 0.0667 0.2383 0.2914 0.1276 
     H171933  2 0.1703 0.1412 0.1305 0.2165 0.1665 0.1749 
     H171934  2 0.1378 0.2195 0.1010 0.2205 0.1322 0.1891 
     H171937  2 0.2542 0.1333 0.0822 0.1207 0.2886 0.1210 
     H171962  2 0.1782 0.1737 0.0799 0.1153 0.1991 0.2539 
        H190  2 0.2122 0.1535 0.1013 0.1391 0.2132 0.1807 
        H191  2 0.1638 0.1137 0.1567 0.2191 0.1514 0.1953 
        H396  2 0.1061 0.1951 0.1567 0.1329 0.0855 0.3236 
        H397  2 0.1969 0.1775 0.1031 0.1542 0.1880 0.1803 
        H398  2 0.2814 0.1492 0.1578 0.1055 0.0940 0.2121 
        H400  2 0.1477 0.2127 0.1043 0.1441 0.1286 0.2626 
        H401  2 0.1307 0.0757 0.0453 0.5345 0.1432 0.0707 
        H402  2 0.1442 0.1825 0.0827 0.2082 0.2172 0.1651 
        H427  2 0.1300 0.2461 0.1158 0.1527 0.1073 0.2482 
        H428  2 0.1273 0.2029 0.0447 0.3163 0.0963 0.2125 
        H497  2 0.1327 0.1483 0.1939 0.1208 0.2620 0.1424 
        H512  2 0.1468 0.1635 0.1113 0.2746 0.1920 0.1119 
        H513  2 0.1182 0.1343 0.1294 0.1413 0.3121 0.1647 
        H514  2 0.2284 0.1888 0.0905 0.0826 0.2578 0.1519 
        H519  2 0.1275 0.1351 0.1257 0.1666 0.2937 0.1515 
        H532  2 0.1315 0.2154 0.0708 0.2175 0.1078 0.2569 
        H543  2 0.1706 0.1842 0.0648 0.1616 0.2360 0.1828 
        H544  2 0.2818 0.1445 0.1453 0.0681 0.1539 0.2063 
        H545  2 0.1916 0.2006 0.0596 0.0998 0.2971 0.1512 
        H546  2 0.1484 0.1027 0.3689 0.0729 0.1304 0.1766 
        H547  2 0.1822 0.1150 0.0669 0.3916 0.1613 0.0831 
        H548  2 0.1361 0.1921 0.1081 0.1698 0.1483 0.2456 
        H549  2 0.1099 0.1410 0.1637 0.1198 0.2600 0.2057 
        H620  2 0.0771 0.0951 0.5841 0.0702 0.0860 0.0874 
        H623  2 0.2477 0.1189 0.1037 0.1099 0.2592 0.1606 
        H624  2 0.1684 0.2033 0.1915 0.0512 0.1890 0.1965 
        H625  2 0.1292 0.1820 0.1111 0.1599 0.1553 0.2625 
        H626  2 0.1584 0.1272 0.1432 0.1464 0.2103 0.2145 
        H654  2 0.0689 0.0812 0.5760 0.0413 0.1073 0.1254 
        H655  2 0.1467 0.2020 0.1670 0.1015 0.2310 0.1518 
        H656  2 0.0843 0.0978 0.5549 0.0622 0.0659 0.1349 
        H666  2 0.0887 0.0595 0.5674 0.1385 0.0716 0.0743 
        H667  2 0.1472 0.3282 0.0930 0.1095 0.1626 0.1594 
        H677  2 0.1553 0.2333 0.1044 0.1743 0.1493 0.1834 
        H693  2 0.1004 0.2012 0.2637 0.0773 0.1049 0.2526 
        H694  2 0.2117 0.1109 0.1475 0.1456 0.2403 0.1440 
        H701  2 0.1700 0.1515 0.0720 0.1807 0.2629 0.1629 
        H702  2 0.1533 0.1795 0.1538 0.1407 0.2053 0.1675 
        H731  2 0.1335 0.1962 0.2342 0.1456 0.1370 0.1535 
       H7359  2 0.1931 0.1520 0.1273 0.1398 0.2041 0.1838 
       H7389  2 0.1600 0.1458 0.0973 0.3195 0.1244 0.1530 
       H7390  2 0.1375 0.1232 0.3478 0.0893 0.1351 0.1672 
       H7391  2 0.1008 0.2038 0.0922 0.2938 0.0957 0.2137 
       H7392  2 0.1865 0.1443 0.1958 0.1298 0.1390 0.2045 
       H7393  2 0.1341 0.1464 0.2233 0.1797 0.1630 0.1535 
       H7398  2 0.1116 0.1409 0.1307 0.3570 0.1095 0.1503 
       H7399  2 0.1734 0.2929 0.0656 0.1738 0.1504 0.1441 
       H7400  2 0.0748 0.0802 0.6039 0.0491 0.0857 0.1063 
        H745  2 0.4359 0.1332 0.0665 0.1092 0.1285 0.1267 
        H746  2 0.1709 0.3417 0.0638 0.0948 0.1844 0.1444 
        H747  2 0.1107 0.0899 0.3985 0.1668 0.1115 0.1226 
        H748  2 0.1691 0.1830 0.1207 0.1408 0.2238 0.1626 
       H7484  2 0.1030 0.0836 0.5116 0.1247 0.0808 0.0962 
       H7485  2 0.1643 0.1529 0.1144 0.0984 0.2773 0.1927 
        H749  2 0.1718 0.2389 0.0753 0.0930 0.1755 0.2456 
        H930  2 0.1560 0.1162 0.0693 0.2700 0.2623 0.1262 
        H931  2 0.1595 0.1597 0.1234 0.2373 0.1357 0.1844 
        H932  2 0.1759 0.1324 0.1310 0.3176 0.1170 0.1261 
        H111  3 0.2204 0.1428 0.0785 0.1180 0.3263 0.1141 
        H951  3 0.2017 0.1591 0.0752 0.2229 0.1967 0.1445 
        H952  3 0.2130 0.1351 0.1356 0.2680 0.1260 0.1223 
        H953  3 0.1022 0.1671 0.0722 0.3602 0.0717 0.2266 
        H954  3 0.1205 0.1140 0.3477 0.1019 0.1737 0.1423 
        H955  3 0.1946 0.1429 0.0588 0.1352 0.2894 0.1792 
        H956  3 0.1276 0.1135 0.1583 0.3495 0.1252 0.1259 
       H9563  3 0.1264 0.1030 0.1750 0.2719 0.1241 0.1996 
        H002  4 0.1873 0.1878 0.2431 0.0546 0.2165 0.1107 
        H003  4 0.1958 0.3286 0.0666 0.0989 0.1561 0.1540 
        H009  4 0.2124 0.1872 0.1021 0.1304 0.1923 0.1757 
        H010  4 0.1680 0.1735 0.1117 0.1982 0.1544 0.1942 
        H011  4 0.0990 0.1333 0.3939 0.0645 0.1101 0.1992 
        H012  4 0.1491 0.2382 0.0749 0.1557 0.2006 0.1815 
        H013  4 0.1485 0.2112 0.1869 0.0988 0.1675 0.1870 
        H014  4 0.1982 0.1684 0.1238 0.1068 0.2179 0.1850 
        H045  4 0.1072 0.1465 0.2021 0.2403 0.0905 0.2134 
        H046  4 0.2450 0.2241 0.0720 0.1047 0.1839 0.1703 
        H051  4 0.1376 0.1546 0.2514 0.1106 0.1339 0.2120 
        H052  4 0.1847 0.1154 0.3485 0.1017 0.1251 0.1247 
        H053  4 0.1710 0.1552 0.1873 0.1624 0.1745 0.1497 
        H056  4 0.1524 0.1232 0.3316 0.0958 0.1500 0.1469 
        H076  4 0.2862 0.1552 0.0726 0.1823 0.1495 0.1542 
        H151  4 0.1503 0.1454 0.3668 0.0742 0.1250 0.1382 
        H152  4 0.2230 0.1951 0.2159 0.0905 0.1613 0.1142 
     H171803  4 0.1131 0.1920 0.2379 0.0969 0.1768 0.1832 
     H171804  4 0.1306 0.1345 0.2475 0.1501 0.1605 0.1768 
     H171833  4 0.2783 0.1577 0.0753 0.0840 0.2707 0.1340 
     H171855  4 0.1564 0.1003 0.4164 0.0706 0.1433 0.1129 
     H171856  4 0.1309 0.1423 0.1669 0.2418 0.1530 0.1650 
     H171857  4 0.1743 0.1079 0.3328 0.1357 0.1349 0.1145 
     H171858  4 0.1971 0.2023 0.1273 0.2000 0.1395 0.1338 
     H171859  4 0.1993 0.1789 0.1712 0.1773 0.1391 0.1341 
     H171961  4 0.1367 0.1502 0.2338 0.1127 0.1400 0.2266 
        H198  4 0.2324 0.2340 0.0557 0.1226 0.2020 0.1533 
      H20001  4 0.2180 0.1794 0.0596 0.0660 0.3573 0.1198 
        H403  4 0.1866 0.1220 0.2218 0.1720 0.1469 0.1508 
        H404  4 0.1627 0.2711 0.0648 0.1255 0.2047 0.1712 
        H405  4 0.2167 0.2013 0.0757 0.1697 0.1815 0.1552 
        H406  4 0.1934 0.0706 0.1565 0.3179 0.1690 0.0926 
        H407  4 0.1257 0.1164 0.1537 0.3153 0.1082 0.1808 
        H410  4 0.0833 0.0680 0.0581 0.6403 0.0725 0.0779 
        H411  4 0.2254 0.2022 0.0703 0.1162 0.2684 0.1174 
        H468  4 0.2114 0.1105 0.1813 0.0923 0.2499 0.1547 
        H476  4 0.1520 0.1362 0.1871 0.1183 0.2261 0.1804 
        H477  4 0.2802 0.1566 0.0651 0.0879 0.2261 0.1841 
        H478  4 0.1296 0.3229 0.0743 0.0793 0.2119 0.1820 
        H479  4 0.1277 0.1634 0.2741 0.1365 0.1199 0.1784 
        H480  4 0.1770 0.2301 0.0648 0.1374 0.2694 0.1213 
        H498  4 0.2421 0.2088 0.1088 0.1058 0.1846 0.1499 
        H499  4 0.1806 0.2516 0.1182 0.0933 0.2033 0.1530 
        H500  4 0.1064 0.1377 0.3152 0.1161 0.1627 0.1619 
        H515  4 0.1446 0.1883 0.1717 0.1475 0.1956 0.1523 
        H516  4 0.2129 0.1367 0.1490 0.1876 0.1930 0.1208 
        H517  4 0.1413 0.1482 0.1274 0.3569 0.1329 0.0932 
        H518  4 0.1956 0.0977 0.3182 0.1142 0.1389 0.1354 
        H520  4 0.1480 0.1148 0.3298 0.1211 0.1481 0.1383 
        H521  4 0.1700 0.1659 0.1171 0.1778 0.1558 0.2134 
        H522  4 0.1556 0.1604 0.1506 0.1245 0.2328 0.1760 
        H523  4 0.1624 0.1731 0.1401 0.2203 0.1754 0.1287 
        H536  4 0.2570 0.1754 0.1148 0.1156 0.1277 0.2095 
        H645  4 0.0896 0.2495 0.1832 0.1375 0.0863 0.2539 
        H646  4 0.1727 0.0831 0.0701 0.4333 0.1258 0.1149 
        H647  4 0.1964 0.1363 0.1421 0.1261 0.1788 0.2203 
        H657  4 0.1882 0.1532 0.0913 0.2820 0.1537 0.1315 
        H658  4 0.1551 0.1405 0.1384 0.2070 0.1824 0.1766 
        H659  4 0.0962 0.1302 0.4294 0.0616 0.1450 0.1375 
        H660  4 0.1571 0.1696 0.1411 0.0912 0.2432 0.1979 
        H661  4 0.1827 0.1540 0.2482 0.0706 0.1693 0.1752 
        H668  4 0.1399 0.3311 0.0664 0.1158 0.1753 0.1715 
        H669  4 0.1506 0.1523 0.1594 0.2229 0.1570 0.1578 
        H670  4 0.1002 0.3520 0.1288 0.0993 0.1071 0.2126 
        H678  4 0.1632 0.1470 0.1150 0.1640 0.2291 0.1817 
        H679  4 0.1668 0.1137 0.0764 0.2837 0.2096 0.1498 
        H680  4 0.2630 0.1494 0.1258 0.1311 0.1931 0.1375 
        H681  4 0.1292 0.2498 0.1882 0.1072 0.1479 0.1776 
        H682  4 0.1224 0.1658 0.0940 0.2611 0.2215 0.1352 
        H683  4 0.1604 0.0897 0.3340 0.1674 0.1312 0.1172 
        H718  4 0.0990 0.0902 0.4664 0.1692 0.0783 0.0968 
        H719  4 0.1181 0.1382 0.1816 0.1050 0.1538 0.3033 
        H720  4 0.1656 0.1537 0.2358 0.0689 0.2016 0.1744 
        H721  4 0.2488 0.1489 0.2073 0.0839 0.1498 0.1614 
        H722  4 0.2808 0.1116 0.2258 0.1140 0.1514 0.1163 
        H723  4 0.1173 0.1299 0.3006 0.1864 0.1120 0.1539 
        H724  4 0.0810 0.0809 0.5260 0.1180 0.0701 0.1241 
        H725  4 0.1176 0.0777 0.5114 0.0754 0.1008 0.1170 
        H726  4 0.1555 0.1480 0.3084 0.1135 0.1427 0.1319 
        H727  4 0.1279 0.1637 0.2345 0.1975 0.1237 0.1527 
        H910  4 0.1329 0.1808 0.1909 0.2148 0.1585 0.1222 
        H911  4 0.1692 0.0816 0.1175 0.3961 0.1262 0.1094 
        H912  4 0.1899 0.1266 0.1816 0.1402 0.2286 0.1331 
        H913  4 0.1475 0.1146 0.2142 0.1686 0.1662 0.1889 
        H914  4 0.1007 0.2162 0.2194 0.1295 0.1219 0.2123 
        H915  4 0.1573 0.1404 0.1453 0.1750 0.2181 0.1640 
        H916  4 0.2060 0.1563 0.1020 0.1983 0.2124 0.1249 
       H9572  4 0.1408 0.1150 0.2216 0.1355 0.1883 0.1988 
        H015  5 0.1757 0.1283 0.0793 0.1083 0.2960 0.2124 
        H016  5 0.3475 0.1246 0.0812 0.1145 0.1690 0.1632 
        H017  5 0.1967 0.2202 0.1176 0.1114 0.2163 0.1379 
        H019  5 0.2013 0.1702 0.1218 0.0976 0.2211 0.1881 
        H020  5 0.1568 0.1874 0.1499 0.1784 0.1182 0.2094 
        H032  5 0.1434 0.1530 0.2432 0.1822 0.1752 0.1030 
        H033  5 0.1622 0.2086 0.0973 0.1467 0.2148 0.1703 
        H034  5 0.1242 0.2196 0.2345 0.1377 0.1242 0.1598 
        H035  5 0.1814 0.1395 0.1490 0.1953 0.1805 0.1542 
        H036  5 0.1750 0.1136 0.1174 0.2425 0.2048 0.1467 
        H037  5 0.1398 0.1698 0.1959 0.0905 0.1826 0.2215 
        H048  5 0.0894 0.1210 0.3843 0.1079 0.0911 0.2063 
        H049  5 0.2032 0.1348 0.1265 0.0968 0.2727 0.1660 
        H054  5 0.2628 0.1237 0.1673 0.2278 0.1130 0.1054 
        H055  5 0.1857 0.2352 0.1659 0.0951 0.1482 0.1699 
        H057  5 0.3712 0.1464 0.1159 0.0590 0.1755 0.1320 
        H060  5 0.1554 0.3565 0.1030 0.0641 0.1793 0.1417 
        H061  5 0.1562 0.2414 0.1035 0.1386 0.1453 0.2151 
        H064  5 0.1803 0.1601 0.2358 0.1192 0.1317 0.1729 
        H070  5 0.1208 0.2897 0.1398 0.1374 0.1699 0.1425 
        H077  5 0.1253 0.1320 0.3605 0.0937 0.1467 0.1418 
        H078  5 0.1829 0.1233 0.2433 0.1352 0.1771 0.1381 
        H079  5 0.1353 0.1576 0.0695 0.3066 0.1286 0.2024 
        H097  5 0.2236 0.1634 0.1676 0.0826 0.1976 0.1653 
        H107  5 0.0794 0.1116 0.4993 0.0674 0.0826 0.1598 
        H122  5 0.2114 0.2029 0.1219 0.1163 0.1794 0.1682 
        H123  5 0.1837 0.0970 0.0676 0.3616 0.1568 0.1333 
        H124  5 0.1691 0.1186 0.0856 0.3293 0.1331 0.1643 
        H131  5 0.1513 0.1286 0.0937 0.3529 0.1307 0.1428 
        H132  5 0.1441 0.1597 0.1803 0.1794 0.1342 0.2024 
        H141  5 0.1370 0.1952 0.2061 0.1021 0.1532 0.2065 
        H142  5 0.1717 0.2509 0.0650 0.0884 0.2485 0.1756 
        H157  5 0.1377 0.1405 0.3241 0.1125 0.1254 0.1597 
        H158  5 0.2390 0.1354 0.0702 0.2272 0.2124 0.1158 
        H159  5 0.2037 0.1805 0.0991 0.1278 0.2054 0.1835 
        H160  5 0.1680 0.1239 0.2215 0.1365 0.1835 0.1666 
        H163  5 0.1734 0.1763 0.0955 0.1734 0.2365 0.1448 
        H164  5 0.1597 0.2341 0.0987 0.1033 0.2098 0.1945 
        H165  5 0.1262 0.2262 0.0741 0.2614 0.1155 0.1966 
        H166  5 0.1774 0.1632 0.0930 0.1208 0.2034 0.2423 
        H169  5 0.1624 0.2479 0.1018 0.0930 0.2320 0.1628 
     H169613  5 0.1532 0.2493 0.1336 0.1049 0.1911 0.1678 
     H169653  5 0.2002 0.1808 0.0878 0.1302 0.2316 0.1695 
     H169728  5 0.1980 0.1598 0.1249 0.1407 0.2444 0.1322 
     H169742  5 0.1146 0.2559 0.1139 0.0978 0.1102 0.3076 
        H170  5 0.2610 0.1691 0.1193 0.1010 0.1964 0.1532 
        H171  5 0.2814 0.1404 0.0871 0.1286 0.2140 0.1485 
     H171851  5 0.2014 0.2008 0.1166 0.0982 0.1871 0.1959 
     H171852  5 0.1588 0.1260 0.3155 0.0909 0.1339 0.1748 
     H171853  5 0.1376 0.1344 0.2423 0.1645 0.1580 0.1631 
     H171854  5 0.1606 0.1662 0.1259 0.1238 0.2836 0.1399 
     H171938  5 0.1352 0.2445 0.1268 0.1288 0.1771 0.1876 
     H171939  5 0.2389 0.1418 0.0976 0.1474 0.1382 0.2362 
     H171941  5 0.1174 0.1679 0.2833 0.0826 0.1182 0.2306 
     H171965  5 0.1810 0.2887 0.0714 0.0769 0.2242 0.1579 
     H171970  5 0.1000 0.1036 0.4613 0.0687 0.0951 0.1713 
     H171973  5 0.1493 0.2284 0.0899 0.1777 0.1431 0.2117 
     H171974  5 0.1482 0.2166 0.1096 0.1500 0.1488 0.2269 
     H171975  5 0.1551 0.1317 0.2180 0.1435 0.1382 0.2136 
     H171976  5 0.1935 0.1218 0.1697 0.0691 0.2815 0.1644 
        H175  5 0.1286 0.1395 0.2661 0.1566 0.1167 0.1924 
        H178  5 0.1593 0.1848 0.1740 0.1093 0.1506 0.2220 
        H189  5 0.1870 0.1909 0.0730 0.2556 0.1608 0.1328 
        H399  5 0.3952 0.0877 0.1655 0.1235 0.1221 0.1060 
        H416  5 0.1508 0.1994 0.1444 0.1245 0.1392 0.2417 
        H438  5 0.1382 0.1574 0.1405 0.2339 0.1661 0.1640 
        H450  5 0.1325 0.3298 0.1811 0.0575 0.1845 0.1146 
        H455  5 0.0881 0.1265 0.4105 0.0816 0.0945 0.1988 
        H456  5 0.1243 0.2261 0.1331 0.1515 0.1466 0.2184 
        H457  5 0.1851 0.1532 0.2866 0.0798 0.1528 0.1425 
        H458  5 0.1482 0.2047 0.1885 0.1404 0.1656 0.1527 
        H459  5 0.2187 0.1487 0.0661 0.1529 0.2235 0.1902 
        H460  5 0.1405 0.2119 0.1553 0.1279 0.2070 0.1574 
        H461  5 0.2449 0.1586 0.1229 0.1095 0.2256 0.1385 
        H462  5 0.1561 0.1357 0.0873 0.3049 0.1746 0.1414 
        H469  5 0.1604 0.1398 0.0712 0.2965 0.1974 0.1347 
        H470  5 0.1562 0.1581 0.1612 0.1239 0.2352 0.1655 
        H471  5 0.2432 0.1115 0.0805 0.2239 0.2140 0.1268 
        H481  5 0.0996 0.1092 0.4576 0.1211 0.0788 0.1336 
        H482  5 0.1596 0.2297 0.1796 0.0967 0.1861 0.1483 
        H501  5 0.1515 0.1636 0.1476 0.1342 0.2015 0.2016 
        H502  5 0.2116 0.1990 0.0653 0.1473 0.2372 0.1395 
        H503  5 0.1974 0.1733 0.1044 0.1802 0.2139 0.1307 
        H509  5 0.1056 0.0896 0.3498 0.1596 0.1239 0.1715 
        H510  5 0.1652 0.2285 0.1195 0.0713 0.2077 0.2079 
        H511  5 0.1744 0.2803 0.0787 0.1321 0.1782 0.1561 
        H530  5 0.1204 0.1617 0.1930 0.1722 0.1443 0.2085 
        H531  5 0.1315 0.0795 0.3705 0.0919 0.1409 0.1857 
        H564  5 0.1647 0.1883 0.1803 0.0705 0.2021 0.1940 
        H565  5 0.1198 0.1120 0.3590 0.0616 0.1424 0.2052 
        H567  5 0.1378 0.1135 0.0652 0.4409 0.1212 0.1214 
     H568???  5 0.2744 0.1559 0.0890 0.1352 0.2181 0.1273 
        H608  5 0.1321 0.3330 0.1560 0.0770 0.1834 0.1186 
        H609  5 0.1301 0.2075 0.1118 0.1560 0.1277 0.2669 
        H612  5 0.0940 0.1680 0.3642 0.0884 0.1071 0.1783 
        H614  5 0.1470 0.1135 0.3921 0.0855 0.1196 0.1423 
        H615  5 0.1619 0.1339 0.2790 0.0784 0.1723 0.1745 
        H616  5 0.0830 0.1252 0.4915 0.1126 0.0724 0.1153 
        H617  5 0.1583 0.1777 0.0752 0.2378 0.1761 0.1748 
        H618  5 0.1135 0.1258 0.3395 0.1232 0.1167 0.1812 
        H619  5 0.1206 0.3437 0.0863 0.0997 0.0954 0.2544 
        H635  5 0.1500 0.1956 0.1401 0.1350 0.2017 0.1776 
        H636  5 0.1068 0.3816 0.0729 0.1130 0.1648 0.1608 
        H637  5 0.1437 0.1974 0.1709 0.1024 0.1204 0.2652 
        H644  5 0.3308 0.0991 0.0493 0.2376 0.1619 0.1213 
        H711  5 0.2169 0.2118 0.1077 0.0999 0.1941 0.1696 
        H712  5 0.1067 0.1791 0.2085 0.1352 0.0983 0.2723 
       H7360  5 0.2244 0.1532 0.2003 0.0743 0.1774 0.1704 
       H7361  5 0.1424 0.1774 0.2530 0.0929 0.1809 0.1534 
       H7362  5 0.3400 0.1047 0.0559 0.1858 0.1997 0.1139 
       H7363  5 0.1847 0.1761 0.1771 0.1659 0.1591 0.1370 
       H7394  5 0.1439 0.2377 0.0657 0.1801 0.2323 0.1403 
       H7395  5 0.1733 0.2632 0.1076 0.0879 0.1745 0.1934 
       H7396  5 0.1522 0.1791 0.1129 0.1454 0.2059 0.2046 
        H742  5 0.1090 0.2652 0.1149 0.1017 0.1090 0.3002 
        H743  5 0.1392 0.1432 0.2156 0.1981 0.0845 0.2194 
        H744  5 0.0853 0.0841 0.4005 0.2450 0.0715 0.1135 
        H957  5 0.2056 0.2319 0.1224 0.0733 0.2133 0.1535 
        H958  5 0.1576 0.1509 0.1182 0.2007 0.1962 0.1763 
        H959  5 0.1161 0.1866 0.2631 0.0787 0.1579 0.1975 
        H960  5 0.1299 0.1449 0.1413 0.2844 0.1264 0.1730 
      H_PALI  6 0.1763 0.2179 0.0857 0.0877 0.2531 0.1793 
        H581  6 0.1530 0.1209 0.2413 0.1332 0.1746 0.1769 
        H582  6 0.1257 0.1117 0.4287 0.0589 0.1266 0.1483 
        H583  6 0.1517 0.1497 0.2043 0.1351 0.1537 0.2056 
        H595  6 0.1785 0.1011 0.0646 0.2653 0.2608 0.1297 
        H596  6 0.1469 0.1538 0.0638 0.3209 0.2016 0.1131 
        H597  6 0.2681 0.1621 0.0684 0.2008 0.1539 0.1467 
        H598  6 0.1436 0.1975 0.1607 0.1869 0.1721 0.1392 
        H599  6 0.1164 0.1435 0.2316 0.1125 0.1304 0.2657 
        H642  6 0.2362 0.1224 0.1152 0.2162 0.1881 0.1219 
        H643  6 0.1282 0.1367 0.1319 0.3357 0.1312 0.1364 
        H664  6 0.1539 0.0972 0.3349 0.0812 0.1642 0.1686 
        H665  6 0.1430 0.2631 0.1042 0.1312 0.1595 0.1991 
        H674  6 0.3024 0.1420 0.0599 0.1746 0.1667 0.1545 
        H675  6 0.2193 0.1287 0.2099 0.1336 0.1472 0.1613 
        H676  6 0.1795 0.1997 0.0868 0.1729 0.2511 0.1100 
        H686  6 0.1802 0.2116 0.1039 0.0824 0.2511 0.1708 
        H687  6 0.1935 0.1484 0.1294 0.1373 0.2285 0.1628 
        H917  6 0.1343 0.1794 0.0750 0.2386 0.2021 0.1707 
        H918  6 0.1348 0.2251 0.0950 0.0917 0.1379 0.3156 
        H919  6 0.1066 0.1333 0.3411 0.1298 0.1037 0.1855 
        H920  6 0.1484 0.1476 0.2447 0.0856 0.2135 0.1602 
        H631  7 0.1478 0.1960 0.2055 0.0800 0.1559 0.2148 
        H684  7 0.2073 0.2679 0.0657 0.0849 0.2044 0.1698 
        H685  7 0.0980 0.0681 0.3375 0.2840 0.1062 0.1062 
        H713  7 0.0944 0.1440 0.4257 0.0714 0.1212 0.1433 
        H715  7 0.1925 0.2561 0.0853 0.1151 0.1964 0.1546 
        H716  7 0.1586 0.2249 0.1765 0.0714 0.1423 0.2263 
        H717  7 0.1633 0.1212 0.1927 0.1336 0.1476 0.2416 
        H729  7 0.1176 0.1377 0.0577 0.4047 0.1440 0.1383 
        H730  7 0.0932 0.1217 0.1333 0.4008 0.0815 0.1695 
        H431  8 0.1269 0.1247 0.2476 0.2618 0.1142 0.1248 
        H432  8 0.2315 0.1740 0.0722 0.1343 0.2334 0.1546 
        H433  8 0.1515 0.1879 0.1057 0.2121 0.1920 0.1508 
        H434  8 0.1789 0.1598 0.0748 0.2093 0.2135 0.1637 
        H444  8 0.1344 0.1889 0.1111 0.1175 0.1879 0.2603 
        H454  8 0.1107 0.1179 0.3543 0.0879 0.1286 0.2006 
        H475  8 0.1108 0.1994 0.3453 0.0760 0.1547 0.1137 
        H491  8 0.1388 0.2203 0.1677 0.0674 0.2066 0.1992 
        H492  8 0.1446 0.1203 0.2417 0.1173 0.1871 0.1891 
        H493  8 0.2145 0.1550 0.1216 0.1401 0.2157 0.1531 
        H494  8 0.1601 0.1464 0.1810 0.1600 0.1631 0.1893 
        H495  8 0.1515 0.1727 0.2888 0.0599 0.1814 0.1457 
        H662  8 0.2254 0.1173 0.1321 0.1244 0.1766 0.2241 
        H663  8 0.1646 0.1654 0.1529 0.1807 0.1896 0.1468 
        H695  8 0.1449 0.1518 0.1820 0.2159 0.1494 0.1560 
       H7367  8 0.1207 0.0943 0.0553 0.5012 0.1281 0.1002 
       H7368  8 0.2491 0.1646 0.0935 0.1540 0.1826 0.1561 
       H7369  8 0.1292 0.1981 0.1442 0.1575 0.1367 0.2342 
       H7370  8 0.1148 0.0885 0.0566 0.3698 0.2195 0.1508 
       H7371  8 0.1496 0.1511 0.1222 0.2284 0.1831 0.1656 
        H600  9 0.1465 0.2331 0.2269 0.0969 0.1565 0.1400 
        H648  9 0.2041 0.1545 0.1497 0.1574 0.1895 0.1449 
        H696  9 0.2661 0.0961 0.0660 0.2333 0.2079 0.1306 
        H697  9 0.1728 0.1442 0.1227 0.2729 0.1276 0.1597 
        H698  9 0.1396 0.0969 0.1091 0.4166 0.1185 0.1194 
        H699  9 0.1762 0.1220 0.1444 0.2469 0.1712 0.1393 
        H700  9 0.1102 0.3620 0.1311 0.0623 0.1933 0.1410 
        H732  9 0.1554 0.0826 0.3873 0.0986 0.1118 0.1643 
        H733  9 0.1455 0.1367 0.0753 0.3282 0.1951 0.1191 
        H734  9 0.1756 0.1500 0.0662 0.1143 0.2725 0.2214 
        H735  9 0.1468 0.1166 0.0959 0.3308 0.1857 0.1243 
        H736  9 0.1493 0.1998 0.1466 0.0888 0.1621 0.2534 
        H737  9 0.1351 0.1587 0.1514 0.3481 0.0873 0.1194 
        H905  9 0.1457 0.2485 0.1788 0.1079 0.1658 0.1533 
        H921  9 0.1398 0.1667 0.1815 0.1634 0.1647 0.1838 
        H922  9 0.1618 0.1354 0.0648 0.2204 0.2316 0.1860 
     H169705 10 0.1134 0.0928 0.0887 0.4802 0.1307 0.0942 
     H171942 10 0.2086 0.1571 0.0701 0.1219 0.2612 0.1811 
     H171943 10 0.1642 0.2233 0.0922 0.1255 0.2014 0.1933 
     H171944 10 0.1447 0.1881 0.1034 0.1776 0.2077 0.1786 
     H171946 10 0.1758 0.1222 0.2610 0.0864 0.1780 0.1766 
     H171947 10 0.1566 0.1674 0.1047 0.2017 0.1810 0.1885 
     H229641 10 0.1577 0.1300 0.1954 0.1671 0.2034 0.1463 
      H30001 10 0.1641 0.1881 0.1343 0.1310 0.2216 0.1609 
      H30002 10 0.1549 0.2175 0.1218 0.1450 0.1580 0.2028 
      H30005 10 0.1509 0.1146 0.0979 0.3974 0.1486 0.0906 
      H30006 10 0.1344 0.0861 0.0980 0.4854 0.0920 0.1041 
      H30007 10 0.2798 0.1859 0.0517 0.0881 0.1315 0.2631 
        H451 10 0.1492 0.1699 0.0942 0.1389 0.2524 0.1955 
        H452 10 0.1189 0.0704 0.1203 0.5159 0.0986 0.0759 
        H453 10 0.1574 0.1283 0.3402 0.0804 0.1404 0.1533 
        H473 10 0.1593 0.1755 0.2340 0.0914 0.1175 0.2223 
        H474 10 0.1093 0.0965 0.4388 0.0757 0.1545 0.1252 
        H486 10 0.1376 0.0980 0.2793 0.1922 0.1461 0.1468 
        H487 10 0.1565 0.1408 0.1905 0.2672 0.1290 0.1161 
        H488 10 0.1254 0.1945 0.1663 0.1490 0.1552 0.2096 
        H489 10 0.1191 0.1004 0.3128 0.1803 0.1405 0.1470 
        H550 10 0.1949 0.1742 0.0827 0.0941 0.2306 0.2236 
        H551 10 0.1100 0.1127 0.1383 0.3322 0.1384 0.1684 
        H553 10 0.1042 0.0700 0.3184 0.3281 0.0905 0.0888 
        H554 10 0.1727 0.2377 0.1002 0.1056 0.2114 0.1724 
        H556 10 0.1816 0.0889 0.1809 0.2371 0.1328 0.1788 
        H580 10 0.1817 0.1529 0.0927 0.2853 0.1433 0.1441 
        H591 10 0.1010 0.1125 0.4409 0.1033 0.1004 0.1418 
        H592 10 0.1357 0.1209 0.2212 0.1680 0.1797 0.1744 
        H593 10 0.1627 0.2487 0.1042 0.1008 0.2163 0.1673 
        H594 10 0.2337 0.1298 0.0558 0.2416 0.1858 0.1532 
        H627 10 0.1967 0.1635 0.1545 0.1091 0.2427 0.1335 
        H628 10 0.1571 0.2265 0.0576 0.2642 0.1064 0.1881 
        H629 10 0.2280 0.1190 0.2034 0.1145 0.1857 0.1493 
        H630 10 0.1340 0.1302 0.1477 0.2068 0.2127 0.1686 
        H638 10 0.1609 0.1170 0.1051 0.2392 0.2608 0.1169 
        H639 10 0.1466 0.0720 0.4511 0.1153 0.1094 0.1055 
        H640 10 0.1885 0.1386 0.1046 0.1551 0.2540 0.1592 
        H704 10 0.2889 0.1723 0.0830 0.1846 0.1187 0.1525 
        H705 10 0.0928 0.0852 0.0879 0.5120 0.1215 0.1005 
        H706 10 0.1234 0.1696 0.2220 0.2274 0.1127 0.1448 
        H708 10 0.1296 0.1298 0.3110 0.1012 0.1379 0.1905 
       H7351 10 0.2210 0.1756 0.1226 0.1007 0.1861 0.1939 
       H7352 10 0.1714 0.1504 0.1860 0.1766 0.1635 0.1522 
       H7353 10 0.4513 0.0992 0.0824 0.1335 0.1399 0.0936 
       H7354 10 0.1319 0.3126 0.1461 0.0624 0.1532 0.1937 
       H7365 10 0.0946 0.1142 0.4499 0.0953 0.1034 0.1425 
       H7383 10 0.1451 0.2070 0.1800 0.1104 0.1473 0.2102 
       H7384 10 0.1481 0.1797 0.1449 0.2583 0.1390 0.1301 
       H7385 10 0.1380 0.2268 0.1901 0.1227 0.1789 0.1435 
       H7386 10 0.1663 0.1615 0.1269 0.2023 0.1387 0.2043 
       H7387 10 0.1903 0.2195 0.0794 0.1324 0.1872 0.1911 
       H7388 10 0.1079 0.0842 0.1277 0.5124 0.0845 0.0834 
        H906 10 0.2164 0.1316 0.2420 0.0624 0.1215 0.2261 
        H907 10 0.1856 0.1419 0.0731 0.1964 0.2755 0.1276 
        H908 10 0.1674 0.2132 0.1232 0.1634 0.2024 0.1305 
        H909 10 0.1314 0.3242 0.1034 0.0785 0.1408 0.2217 
       H9552 10 0.2262 0.1259 0.1354 0.2175 0.1336 0.1615 
       H9553 10 0.0984 0.0799 0.1837 0.4674 0.0833 0.0874 
       H9555 10 0.1432 0.1863 0.0876 0.2067 0.1891 0.1872 
       H9575 10 0.1818 0.1339 0.2597 0.0778 0.1678 0.1791 
       H9703 10 0.0928 0.0849 0.4176 0.2349 0.0754 0.0944 
       H9707 10 0.1431 0.1134 0.3329 0.1525 0.1356 0.1225 
       HSAA4 10 0.1982 0.1571 0.0892 0.2711 0.1395 0.1449 
        H001 11 0.1653 0.2458 0.1627 0.1096 0.1177 0.1989 
        H004 11 0.1842 0.2091 0.1188 0.1170 0.1878 0.1831 
        H005 11 0.1038 0.2062 0.3378 0.0712 0.1261 0.1549 
        H006 11 0.1510 0.2352 0.1247 0.1239 0.1914 0.1737 
        H007 11 0.0978 0.2127 0.2291 0.1136 0.1101 0.2368 
        H031 11 0.0857 0.1119 0.4238 0.1230 0.1150 0.1406 
        H074 11 0.1385 0.0880 0.3583 0.1040 0.1421 0.1692 
        H075 11 0.1068 0.2098 0.2278 0.0875 0.1207 0.2473 
        H080 11 0.1458 0.1285 0.2976 0.1951 0.1163 0.1167 
        H086 11 0.1581 0.1214 0.1092 0.3817 0.1244 0.1052 
        H092 11 0.1491 0.1734 0.1857 0.2284 0.1366 0.1268 
        H093 11 0.3211 0.1375 0.0709 0.1261 0.1738 0.1706 
        H094 11 0.1955 0.1479 0.0894 0.1559 0.2600 0.1513 
        H095 11 0.1365 0.1910 0.2906 0.1020 0.1120 0.1679 
        H096 11 0.1148 0.2402 0.1873 0.0900 0.1372 0.2304 
        H099 11 0.1740 0.1674 0.1833 0.1301 0.1750 0.1702 
        H100 11 0.1929 0.2222 0.0599 0.1434 0.1610 0.2206 
        H127 11 0.1303 0.1137 0.1893 0.3159 0.1160 0.1349 
        H136 11 0.1322 0.1292 0.3371 0.1115 0.1540 0.1361 
        H153 11 0.1806 0.2391 0.1194 0.1029 0.2113 0.1467 
        H154 11 0.1129 0.1137 0.3797 0.1112 0.1358 0.1466 
        H155 11 0.1242 0.1709 0.0635 0.2948 0.1072 0.2395 
