        H102  1 0.3217 0.2566 0.4217 
        H103  1 0.3047 0.4932 0.2021 
        H104  1 0.3652 0.2075 0.4273 
        H105  1 0.4256 0.2752 0.2992 
        H106  1 0.3127 0.3379 0.3494 
        H112  1 0.3193 0.2436 0.4371 
        H113  1 0.4697 0.2587 0.2716 
        H114  1 0.4955 0.2820 0.2224 
        H115  1 0.4084 0.2055 0.3861 
        H143  1 0.4080 0.2969 0.2951 
        H144  1 0.3405 0.4710 0.1885 
        H145  1 0.3610 0.4317 0.2072 
        H149  1 0.2831 0.2540 0.4629 
        H150  1 0.3260 0.3568 0.3172 
     H167542  1 0.4795 0.2531 0.2674 
     H169604  1 0.4028 0.3137 0.2836 
     H169607  1 0.3795 0.4003 0.2202 
     H169608  1 0.2489 0.2596 0.4915 
     H169633  1 0.4891 0.2971 0.2137 
     H169688  1 0.2279 0.4984 0.2737 
     H169714  1 0.3301 0.2708 0.3991 
     H171802  1 0.2670 0.2981 0.4348 
     H171805  1 0.3634 0.3701 0.2664 
     H171807  1 0.2487 0.3505 0.4008 
     H171814  1 0.3538 0.4494 0.1968 
     H171816  1 0.3066 0.2995 0.3939 
     H171817  1 0.3466 0.2465 0.4069 
     H171818  1 0.3683 0.3201 0.3115 
     H171819  1 0.3640 0.2994 0.3366 
     H171834  1 0.3421 0.3293 0.3287 
     H171835  1 0.2661 0.2305 0.5033 
     H171836  1 0.4274 0.4133 0.1593 
     H171837  1 0.3839 0.2370 0.3791 
     H171838  1 0.3088 0.4435 0.2476 
     H171839  1 0.3909 0.2340 0.3751 
     H171841  1 0.1824 0.2862 0.5314 
     H171860  1 0.3905 0.2818 0.3277 
     H171861  1 0.4545 0.3573 0.1882 
     H171862  1 0.3561 0.3284 0.3156 
     H171868  1 0.4441 0.2563 0.2996 
     H171869  1 0.2881 0.4568 0.2551 
     H171870  1 0.2504 0.3762 0.3734 
     H171871  1 0.3231 0.4297 0.2472 
     H171872  1 0.3808 0.2366 0.3826 
     H171873  1 0.2680 0.3816 0.3503 
     H171874  1 0.3469 0.3858 0.2673 
     H171875  1 0.4661 0.3526 0.1813 
     H171876  1 0.3848 0.3557 0.2596 
     H171877  1 0.4755 0.2284 0.2961 
     H171878  1 0.2314 0.3787 0.3899 
     H171901  1 0.3077 0.2795 0.4128 
     H171902  1 0.2863 0.4014 0.3122 
     H171903  1 0.3686 0.2950 0.3365 
     H171935  1 0.2196 0.3685 0.4119 
     H171936  1 0.4964 0.2712 0.2324 
     H171940  1 0.3016 0.2932 0.4052 
     H171945  1 0.3047 0.3842 0.3111 
     H171948  1 0.3356 0.2691 0.3952 
     H171949  1 0.2383 0.2532 0.5085 
     H171950  1 0.2492 0.2255 0.5253 
     H171963  1 0.3085 0.4418 0.2497 
     H171964  1 0.2519 0.5062 0.2419 
     H171966  1 0.2890 0.3600 0.3510 
     H171968  1 0.2952 0.3307 0.3741 
     H171971  1 0.2808 0.3905 0.3287 
     H171972  1 0.3093 0.4646 0.2261 
     H171977  1 0.3287 0.4391 0.2321 
     H171978  1 0.2548 0.3275 0.4177 
     H171979  1 0.3421 0.4586 0.1993 
        H176  1 0.4049 0.2963 0.2987 
        H177  1 0.2806 0.2113 0.5081 
        H179  1 0.3882 0.1994 0.4124 
        H181  1 0.3313 0.4438 0.2249 
        H182  1 0.3985 0.4040 0.1975 
        H183  1 0.2391 0.5146 0.2463 
        H184  1 0.3239 0.2824 0.3937 
        H185  1 0.4094 0.3795 0.2111 
        H186  1 0.2506 0.3880 0.3614 
        H187  1 0.3429 0.3434 0.3137 
        H188  1 0.3782 0.2462 0.3756 
        H192  1 0.2666 0.2604 0.4730 
        H193  1 0.3419 0.4202 0.2379 
        H194  1 0.3875 0.2725 0.3400 
        H195  1 0.2363 0.5401 0.2236 
        H199  1 0.2855 0.4698 0.2447 
        H200  1 0.3235 0.2987 0.3777 
        H414  1 0.3302 0.3848 0.2850 
        H415  1 0.4456 0.3131 0.2413 
        H422  1 0.2793 0.3485 0.3721 
        H423  1 0.2093 0.2225 0.5682 
        H424  1 0.3431 0.4415 0.2155 
        H425  1 0.2995 0.4722 0.2283 
        H426  1 0.2208 0.5296 0.2495 
        H443  1 0.3306 0.4429 0.2265 
        H466  1 0.3247 0.3181 0.3572 
        H467  1 0.2230 0.2601 0.5169 
        H472  1 0.3459 0.3333 0.3209 
        H483  1 0.4232 0.3452 0.2316 
        H504  1 0.2927 0.4923 0.2150 
        H505  1 0.3242 0.2711 0.4047 
        H506  1 0.3371 0.3606 0.3023 
        H507  1 0.4473 0.3770 0.1758 
        H508  1 0.2776 0.3440 0.3784 
        H524  1 0.4572 0.3389 0.2039 
        H525  1 0.3545 0.3660 0.2795 
        H526  1 0.5089 0.2478 0.2433 
        H527  1 0.3107 0.2678 0.4214 
        H528  1 0.3983 0.3903 0.2114 
        H529  1 0.4007 0.4108 0.1885 
        H533  1 0.4380 0.3626 0.1994 
        H538  1 0.3814 0.2849 0.3338 
        H539  1 0.2779 0.4314 0.2907 
        H540  1 0.3733 0.3045 0.3222 
        H541  1 0.4531 0.2737 0.2732 
        H558  1 0.2370 0.5186 0.2444 
        H559  1 0.3836 0.3050 0.3114 
        H579  1 0.3490 0.4018 0.2492 
        H584  1 0.2828 0.4778 0.2394 
        H585  1 0.3621 0.3698 0.2681 
        H605  1 0.3140 0.3149 0.3711 
        H606  1 0.2976 0.2151 0.4873 
        H632  1 0.3123 0.4466 0.2410 
        H634  1 0.3254 0.3894 0.2852 
        H671  1 0.2673 0.2424 0.4903 
        H672  1 0.3505 0.3489 0.3007 
        H673  1 0.3232 0.4180 0.2588 
        H689  1 0.3905 0.3623 0.2473 
        H690  1 0.3675 0.2183 0.4142 
        H691  1 0.4504 0.2613 0.2883 
        H692  1 0.3429 0.5109 0.1462 
        H709  1 0.3462 0.3474 0.3064 
        H710  1 0.3392 0.4803 0.1805 
       H7355  1 0.5330 0.2554 0.2115 
       H7356  1 0.3016 0.3855 0.3130 
       H7357  1 0.3722 0.2555 0.3723 
       H7358  1 0.3840 0.3761 0.2399 
       H7380  1 0.4002 0.3297 0.2702 
       H7381  1 0.2472 0.3334 0.4194 
       H7382  1 0.3676 0.3589 0.2735 
        H904  1 0.2379 0.1654 0.5966 
        H923  1 0.3166 0.3231 0.3603 
        H924  1 0.3197 0.3031 0.3772 
        H925  1 0.4843 0.2749 0.2408 
       H9558  1 0.2212 0.5524 0.2264 
        H008  2 0.4616 0.3374 0.2010 
        H021  2 0.3343 0.2655 0.4002 
        H023  2 0.3352 0.2309 0.4339 
        H024  2 0.3392 0.4731 0.1876 
        H025  2 0.2240 0.3609 0.4151 
        H026  2 0.3097 0.4847 0.2055 
        H027  2 0.4460 0.2898 0.2642 
        H028  2 0.3527 0.4030 0.2443 
        H029  2 0.4280 0.3599 0.2122 
        H030  2 0.3175 0.4853 0.1972 
        H038  2 0.3156 0.2712 0.4132 
        H039  2 0.1662 0.1551 0.6787 
        H040  2 0.2807 0.2714 0.4479 
        H041  2 0.4608 0.2585 0.2806 
        H042  2 0.3647 0.2995 0.3358 
        H043  2 0.1897 0.3068 0.5034 
        H044  2 0.3024 0.4627 0.2349 
        H047  2 0.2518 0.3592 0.3890 
        H050  2 0.3175 0.4382 0.2443 
        H058  2 0.2620 0.3307 0.4073 
        H062  2 0.3440 0.2594 0.3966 
        H063  2 0.2854 0.2564 0.4583 
        H065  2 0.2596 0.4167 0.3237 
        H066  2 0.3062 0.4046 0.2892 
        H067  2 0.4365 0.3039 0.2597 
        H068  2 0.2401 0.2787 0.4811 
        H069  2 0.2936 0.4145 0.2918 
        H071  2 0.3062 0.2641 0.4297 
        H072  2 0.2630 0.2185 0.5186 
        H073  2 0.3919 0.3579 0.2503 
        H081  2 0.4476 0.2262 0.3263 
        H082  2 0.3052 0.5001 0.1947 
        H083  2 0.2554 0.5263 0.2183 
        H084  2 0.3374 0.3129 0.3497 
        H085  2 0.4693 0.2549 0.2758 
        H087  2 0.4536 0.2554 0.2910 
        H088  2 0.3368 0.2243 0.4389 
        H089  2 0.4455 0.2933 0.2612 
        H090  2 0.3285 0.4488 0.2227 
        H091  2 0.4697 0.3332 0.1970 
        H098  2 0.3991 0.3295 0.2713 
      H10001  2 0.1679 0.1652 0.6669 
      H10002  2 0.3395 0.2164 0.4442 
        H101  2 0.3085 0.4556 0.2358 
        H108  2 0.3380 0.2101 0.4520 
        H109  2 0.3169 0.3271 0.3560 
        H110  2 0.4896 0.2606 0.2498 
        H116  2 0.3249 0.4189 0.2563 
        H117  2 0.5256 0.2572 0.2172 
        H118  2 0.3842 0.4395 0.1764 
        H119  2 0.3584 0.2484 0.3931 
        H120  2 0.2686 0.1861 0.5453 
        H121  2 0.3777 0.3973 0.2251 
        H125  2 0.1831 0.1590 0.6579 
        H126  2 0.2578 0.4655 0.2767 
        H128  2 0.2900 0.5894 0.1205 
        H129  2 0.2585 0.5522 0.1893 
        H130  2 0.1795 0.3381 0.4824 
        H133  2 0.2070 0.2452 0.5478 
        H134  2 0.2203 0.5989 0.1808 
        H135  2 0.4009 0.2819 0.3173 
        H137  2 0.3539 0.3481 0.2979 
        H138  2 0.2825 0.4855 0.2320 
        H140  2 0.3413 0.3534 0.3052 
        H146  2 0.3655 0.4007 0.2338 
        H147  2 0.4575 0.2944 0.2481 
        H148  2 0.5169 0.2319 0.2512 
     H166022  2 0.4551 0.3320 0.2130 
     H167359  2 0.3639 0.3371 0.2990 
     H167397  2 0.4568 0.4039 0.1393 
     H167428  2 0.4540 0.3843 0.1618 
     H167496  2 0.3230 0.1816 0.4954 
     H167513  2 0.2660 0.3944 0.3395 
     H167545  2 0.3195 0.4676 0.2129 
     H167547  2 0.3015 0.5108 0.1877 
     H169621  2 0.3587 0.4207 0.2206 
     H169622  2 0.3931 0.3749 0.2319 
     H169750  2 0.2318 0.3745 0.3937 
     H171806  2 0.3183 0.3285 0.3532 
     H171808  2 0.3636 0.3386 0.2978 
     H171809  2 0.4044 0.2710 0.3246 
     H171813  2 0.2591 0.3876 0.3534 
     H171815  2 0.2118 0.2577 0.5305 
     H171824  2 0.3885 0.1920 0.4195 
     H171825  2 0.3736 0.3547 0.2717 
     H171826  2 0.3883 0.2549 0.3568 
     H171827  2 0.3435 0.2831 0.3735 
     H171828  2 0.2549 0.1576 0.5875 
     H171829  2 0.2692 0.4132 0.3176 
     H171830  2 0.3647 0.3090 0.3263 
     H171831  2 0.3369 0.4676 0.1955 
     H171832  2 0.3013 0.4133 0.2854 
     H171863  2 0.2690 0.5548 0.1761 
     H171864  2 0.4284 0.2760 0.2957 
     H171865  2 0.2573 0.2653 0.4775 
     H171879  2 0.3682 0.3399 0.2919 
     H171880  2 0.4386 0.3234 0.2380 
     H171881  2 0.4081 0.3341 0.2577 
     H171882  2 0.1961 0.1942 0.6097 
     H171929  2 0.3927 0.3318 0.2755 
     H171930  2 0.3214 0.4911 0.1875 
     H171933  2 0.3644 0.3535 0.2821 
     H171934  2 0.4522 0.2593 0.2884 
     H171937  2 0.2735 0.4718 0.2547 
     H171962  2 0.3950 0.3377 0.2673 
        H190  2 0.3459 0.3866 0.2675 
        H191  2 0.3299 0.3412 0.3288 
        H396  2 0.4144 0.2794 0.3063 
        H397  2 0.3523 0.3650 0.2827 
        H398  2 0.3056 0.3592 0.3351 
        H400  2 0.4249 0.2795 0.2956 
        H401  2 0.3752 0.4721 0.1526 
        H402  2 0.4310 0.3455 0.2235 
        H427  2 0.4529 0.2628 0.2843 
        H428  2 0.4684 0.3705 0.1611 
        H497  2 0.2444 0.3376 0.4180 
        H512  2 0.3794 0.3173 0.3033 
        H513  2 0.2579 0.4070 0.3351 
        H514  2 0.2515 0.4659 0.2827 
        H519  2 0.2833 0.3730 0.3437 
        H532  2 0.5007 0.2876 0.2116 
        H543  2 0.4318 0.3308 0.2374 
        H544  2 0.2159 0.4791 0.3050 
        H545  2 0.2988 0.5069 0.1943 
        H546  2 0.2419 0.3078 0.4503 
        H547  2 0.2982 0.5222 0.1797 
        H548  2 0.4573 0.2733 0.2693 
        H549  2 0.2909 0.4017 0.3074 
        H620  2 0.2277 0.1802 0.5922 
        H623  2 0.2591 0.4950 0.2459 
        H624  2 0.1878 0.3894 0.4228 
        H625  2 0.4338 0.3041 0.2621 
        H626  2 0.3886 0.2897 0.3217 
        H654  2 0.1617 0.1873 0.6510 
        H655  2 0.2822 0.2963 0.4215 
        H656  2 0.2490 0.2046 0.5463 
        H666  2 0.1883 0.2455 0.5663 
        H667  2 0.4366 0.2831 0.2803 
        H677  2 0.4248 0.3153 0.2599 
        H693  2 0.3106 0.2162 0.4732 
        H694  2 0.2845 0.4683 0.2472 
        H701  2 0.3959 0.3510 0.2531 
        H702  2 0.3402 0.2867 0.3731 
        H731  2 0.3362 0.2560 0.4077 
       H7359  2 0.3689 0.3281 0.3030 
       H7389  2 0.3929 0.3355 0.2716 
       H7390  2 0.2523 0.2287 0.5190 
       H7391  2 0.5568 0.1991 0.2441 
       H7392  2 0.2970 0.3522 0.3508 
       H7393  2 0.3204 0.2850 0.3946 
       H7398  2 0.4584 0.2570 0.2847 
       H7399  2 0.3815 0.3799 0.2386 
       H7400  2 0.1889 0.2001 0.6110 
        H745  2 0.2399 0.5430 0.2171 
        H746  2 0.3895 0.3750 0.2356 
        H747  2 0.2917 0.2562 0.4521 
        H748  2 0.3554 0.3216 0.3230 
       H7484  2 0.2543 0.2272 0.5185 
       H7485  2 0.2794 0.4280 0.2926 
        H749  2 0.3944 0.3642 0.2415 
        H930  2 0.3516 0.4391 0.2093 
        H931  2 0.3888 0.3148 0.2964 
        H932  2 0.3557 0.3202 0.3240 
        H111  3 0.2943 0.4700 0.2356 
        H951  3 0.3650 0.4108 0.2242 
        H952  3 0.2879 0.4006 0.3116 
        H953  3 0.5092 0.2712 0.2196 
        H954  3 0.2451 0.2344 0.5205 
        H955  3 0.3396 0.4454 0.2150 
        H956  3 0.3628 0.2713 0.3659 
       H9563  3 0.3906 0.2518 0.3576 
        H002  4 0.2047 0.3229 0.4724 
        H003  4 0.4233 0.3421 0.2347 
        H009  4 0.2724 0.4626 0.2649 
        H010  4 0.4130 0.3034 0.2836 
        H011  4 0.2506 0.2102 0.5392 
        H012  4 0.4838 0.2860 0.2302 
        H013  4 0.3620 0.2512 0.3867 
        H014  4 0.3027 0.3704 0.3269 
        H045  4 0.3846 0.2403 0.3751 
        H046  4 0.3876 0.3942 0.2182 
        H051  4 0.3361 0.2296 0.4343 
        H052  4 0.2380 0.3655 0.3966 
        H053  4 0.3336 0.2832 0.3832 
        H056  4 0.2448 0.3089 0.4464 
        H076  4 0.3780 0.4102 0.2118 
        H151  4 0.1952 0.2324 0.5724 
        H152  4 0.2323 0.3286 0.4391 
     H171803  4 0.3057 0.2338 0.4605 
     H171804  4 0.3526 0.2571 0.3903 
     H171833  4 0.2522 0.5129 0.2349 
     H171855  4 0.1980 0.2784 0.5237 
     H171856  4 0.3362 0.3105 0.3533 
     H171857  4 0.2474 0.3060 0.4466 
     H171858  4 0.3430 0.3429 0.3141 
     H171859  4 0.3360 0.3174 0.3466 
     H171961  4 0.2944 0.2728 0.4328 
        H198  4 0.4026 0.4143 0.1831 
      H20001  4 0.2316 0.5047 0.2637 
        H403  4 0.3015 0.3390 0.3595 
        H404  4 0.4264 0.3308 0.2428 
        H405  4 0.4470 0.3342 0.2189 
        H406  4 0.2281 0.5026 0.2693 
        H407  4 0.3823 0.2531 0.3646 
        H410  4 0.4825 0.3286 0.1890 
        H411  4 0.2688 0.4747 0.2565 
        H468  4 0.2346 0.4491 0.3163 
        H476  4 0.2783 0.3531 0.3686 
        H477  4 0.2659 0.5039 0.2302 
        H478  4 0.4049 0.3385 0.2565 
        H479  4 0.3279 0.2730 0.3991 
        H480  4 0.2921 0.4875 0.2205 
        H498  4 0.3084 0.3907 0.3009 
        H499  4 0.3373 0.3230 0.3397 
        H500  4 0.3119 0.2009 0.4872 
        H515  4 0.3318 0.2736 0.3946 
        H516  4 0.2577 0.3815 0.3608 
        H517  4 0.3831 0.3240 0.2929 
        H518  4 0.2363 0.3612 0.4025 
        H520  4 0.2759 0.2809 0.4432 
        H521  4 0.3781 0.3290 0.2929 
        H522  4 0.3038 0.3024 0.3937 
        H523  4 0.3161 0.3247 0.3592 
        H536  4 0.3806 0.3310 0.2884 
        H645  4 0.4254 0.2085 0.3662 
        H646  4 0.3392 0.4432 0.2175 
        H647  4 0.3262 0.3730 0.3008 
        H657  4 0.4101 0.3583 0.2315 
        H658  4 0.3665 0.2902 0.3433 
        H659  4 0.1946 0.1869 0.6185 
        H660  4 0.2756 0.3300 0.3944 
        H661  4 0.2268 0.2803 0.4929 
        H668  4 0.4682 0.2863 0.2455 
        H669  4 0.3859 0.2741 0.3400 
        H670  4 0.4180 0.2126 0.3694 
        H678  4 0.3629 0.3075 0.3296 
        H679  4 0.3998 0.3766 0.2236 
        H680  4 0.2970 0.3752 0.3278 
        H681  4 0.3551 0.2662 0.3787 
        H682  4 0.4715 0.2715 0.2569 
        H683  4 0.2172 0.3829 0.4000 
        H718  4 0.2434 0.2547 0.5019 
        H719  4 0.3284 0.2916 0.3800 
        H720  4 0.2303 0.3805 0.3892 
        H721  4 0.2438 0.3725 0.3837 
        H722  4 0.1848 0.4233 0.3919 
        H723  4 0.3735 0.2104 0.4161 
        H724  4 0.2309 0.2052 0.5640 
        H725  4 0.2123 0.2503 0.5374 
        H726  4 0.2726 0.2613 0.4661 
        H727  4 0.3362 0.2345 0.4292 
        H910  4 0.3471 0.2397 0.4132 
        H911  4 0.3502 0.3994 0.2504 
        H912  4 0.2916 0.3632 0.3452 
        H913  4 0.3045 0.2837 0.4117 
        H914  4 0.3569 0.1877 0.4553 
        H915  4 0.3532 0.3040 0.3427 
        H916  4 0.2762 0.4218 0.3019 
       H9572  4 0.2615 0.3637 0.3748 
        H015  5 0.2698 0.5072 0.2231 
        H016  5 0.2783 0.4849 0.2369 
        H017  5 0.2328 0.4152 0.3520 
        H019  5 0.2937 0.4256 0.2807 
        H020  5 0.2887 0.3449 0.3665 
        H032  5 0.3255 0.3113 0.3632 
        H033  5 0.3950 0.3219 0.2831 
        H034  5 0.3282 0.2181 0.4537 
        H035  5 0.3320 0.3492 0.3189 
        H036  5 0.3595 0.3756 0.2648 
        H037  5 0.3069 0.2551 0.4380 
        H048  5 0.3195 0.2117 0.4688 
        H049  5 0.2387 0.4645 0.2967 
        H054  5 0.3641 0.3131 0.3227 
        H055  5 0.3110 0.2749 0.4141 
        H057  5 0.2122 0.4500 0.3377 
        H060  5 0.2583 0.3399 0.4018 
        H061  5 0.4334 0.3071 0.2594 
        H064  5 0.2875 0.3158 0.3967 
        H070  5 0.3730 0.2343 0.3927 
        H077  5 0.2304 0.2658 0.5038 
        H078  5 0.2359 0.3132 0.4509 
        H079  5 0.5003 0.2840 0.2157 
        H097  5 0.2017 0.4418 0.3565 
        H107  5 0.2393 0.1721 0.5886 
        H122  5 0.3060 0.3967 0.2974 
        H123  5 0.3749 0.4076 0.2175 
        H124  5 0.4374 0.3339 0.2288 
        H131  5 0.3668 0.3821 0.2511 
        H132  5 0.3457 0.2752 0.3791 
        H141  5 0.3297 0.2750 0.3953 
        H142  5 0.3826 0.3850 0.2323 
        H157  5 0.2939 0.2254 0.4807 
        H158  5 0.2750 0.5082 0.2168 
        H159  5 0.3497 0.4280 0.2223 
        H160  5 0.3229 0.3369 0.3402 
        H163  5 0.3544 0.3812 0.2644 
        H164  5 0.3562 0.3620 0.2818 
        H165  5 0.4599 0.3235 0.2166 
        H166  5 0.2929 0.4458 0.2614 
        H169  5 0.3519 0.3399 0.3082 
     H169613  5 0.2972 0.3671 0.3357 
     H169653  5 0.3399 0.4052 0.2549 
     H169728  5 0.3339 0.3822 0.2839 
     H169742  5 0.4088 0.2550 0.3361 
        H170  5 0.2267 0.4775 0.2958 
        H171  5 0.2413 0.4966 0.2621 
     H171851  5 0.2809 0.4039 0.3152 
     H171852  5 0.2536 0.3233 0.4230 
     H171853  5 0.3249 0.2651 0.4100 
     H171854  5 0.3107 0.3757 0.3135 
     H171938  5 0.4639 0.2261 0.3101 
     H171939  5 0.3208 0.4456 0.2336 
     H171941  5 0.2470 0.2311 0.5219 
     H171965  5 0.3497 0.4061 0.2442 
     H171970  5 0.2196 0.2044 0.5760 
     H171973  5 0.4902 0.2728 0.2370 
     H171974  5 0.3958 0.2663 0.3379 
     H171975  5 0.3373 0.2985 0.3642 
     H171976  5 0.2304 0.4655 0.3041 
        H175  5 0.3401 0.2285 0.4314 
        H178  5 0.3150 0.3159 0.3691 
        H189  5 0.3458 0.4520 0.2021 
        H399  5 0.2387 0.4727 0.2886 
        H416  5 0.3860 0.2734 0.3406 
        H438  5 0.4461 0.2513 0.3026 
        H450  5 0.2446 0.2623 0.4931 
        H455  5 0.2669 0.2060 0.5271 
        H456  5 0.4491 0.2559 0.2951 
        H457  5 0.2287 0.3321 0.4392 
        H458  5 0.3211 0.2591 0.4198 
        H459  5 0.3845 0.4037 0.2117 
        H460  5 0.3378 0.3088 0.3534 
        H461  5 0.2502 0.4537 0.2961 
        H462  5 0.4005 0.3295 0.2700 
        H469  5 0.4156 0.3585 0.2259 
        H470  5 0.3105 0.3056 0.3838 
        H471  5 0.3054 0.4953 0.1994 
        H481  5 0.2332 0.2065 0.5603 
        H482  5 0.3003 0.2873 0.4124 
        H501  5 0.3489 0.2976 0.3535 
        H502  5 0.3050 0.4825 0.2125 
        H503  5 0.3101 0.4152 0.2747 
        H509  5 0.3032 0.2548 0.4420 
        H510  5 0.3165 0.3602 0.3233 
        H511  5 0.3355 0.4080 0.2565 
        H530  5 0.3994 0.2405 0.3601 
        H531  5 0.2752 0.2575 0.4673 
        H564  5 0.2986 0.3055 0.3959 
        H565  5 0.2342 0.2559 0.5099 
        H567  5 0.3839 0.4217 0.1944 
     H568???  5 0.2949 0.4751 0.2300 
        H608  5 0.2567 0.2443 0.4990 
        H609  5 0.4242 0.2787 0.2971 
        H612  5 0.3008 0.1815 0.5177 
        H614  5 0.2271 0.2648 0.5080 
        H615  5 0.2410 0.3090 0.4500 
        H616  5 0.2561 0.1636 0.5803 
        H617  5 0.4653 0.3268 0.2080 
        H618  5 0.3007 0.2292 0.4701 
        H619  5 0.4517 0.2841 0.2641 
        H635  5 0.3541 0.3365 0.3094 
        H636  5 0.5085 0.2335 0.2580 
        H637  5 0.3213 0.3075 0.3712 
        H644  5 0.2381 0.6173 0.1446 
        H711  5 0.2565 0.4666 0.2770 
        H712  5 0.3846 0.2313 0.3841 
       H7360  5 0.2540 0.4088 0.3372 
       H7361  5 0.2768 0.2781 0.4451 
       H7362  5 0.2970 0.5355 0.1676 
       H7363  5 0.2793 0.3325 0.3882 
       H7394  5 0.3467 0.4125 0.2408 
       H7395  5 0.3553 0.2921 0.3525 
       H7396  5 0.3518 0.3298 0.3184 
        H742  5 0.4145 0.2414 0.3441 
        H743  5 0.3362 0.3204 0.3434 
        H744  5 0.2992 0.1990 0.5018 
        H957  5 0.2832 0.3725 0.3442 
        H958  5 0.3847 0.3433 0.2721 
        H959  5 0.3094 0.2136 0.4771 
        H960  5 0.4074 0.2848 0.3078 
      H_PALI  6 0.2974 0.3736 0.3290 
        H581  6 0.2958 0.3164 0.3878 
        H582  6 0.1944 0.2654 0.5401 
        H583  6 0.3326 0.3053 0.3621 
        H595  6 0.3596 0.4452 0.1952 
        H596  6 0.4068 0.3932 0.1999 
        H597  6 0.3193 0.4557 0.2250 
        H598  6 0.3766 0.2806 0.3428 
        H599  6 0.2897 0.2813 0.4290 
        H642  6 0.2754 0.4668 0.2577 
        H643  6 0.4099 0.2797 0.3104 
        H664  6 0.2188 0.2895 0.4917 
        H665  6 0.4661 0.2376 0.2962 
        H674  6 0.2683 0.5543 0.1774 
        H675  6 0.2734 0.3347 0.3918 
        H676  6 0.2994 0.4433 0.2573 
        H686  6 0.3068 0.3944 0.2988 
        H687  6 0.3089 0.3696 0.3215 
        H917  6 0.4688 0.3226 0.2086 
        H918  6 0.4069 0.3054 0.2877 
        H919  6 0.3171 0.1966 0.4863 
        H920  6 0.2638 0.2936 0.4425 
        H631  7 0.2871 0.2840 0.4289 
        H684  7 0.2726 0.5033 0.2240 
        H685  7 0.2719 0.2477 0.4804 
        H713  7 0.2514 0.2154 0.5332 
        H715  7 0.2922 0.4423 0.2654 
        H716  7 0.3016 0.3047 0.3937 
        H717  7 0.3022 0.3282 0.3695 
        H729  7 0.4937 0.3059 0.2004 
        H730  7 0.4372 0.2418 0.3210 
        H431  8 0.3521 0.2507 0.3972 
        H432  8 0.2998 0.5004 0.1998 
        H433  8 0.4139 0.3254 0.2607 
        H434  8 0.3406 0.3731 0.2863 
        H444  8 0.3965 0.3236 0.2799 
        H454  8 0.2611 0.2292 0.5097 
        H475  8 0.2147 0.2356 0.5497 
        H491  8 0.2610 0.2975 0.4414 
        H492  8 0.2857 0.2606 0.4537 
        H493  8 0.2999 0.4146 0.2855 
        H494  8 0.3419 0.2978 0.3604 
        H495  8 0.1764 0.3244 0.4992 
        H662  8 0.3070 0.4131 0.2798 
        H663  8 0.3574 0.3061 0.3365 
        H695  8 0.3867 0.2584 0.3549 
       H7367  8 0.4378 0.3542 0.2080 
       H7368  8 0.3696 0.3852 0.2452 
       H7369  8 0.4501 0.2653 0.2846 
       H7370  8 0.4094 0.3997 0.1909 
       H7371  8 0.4451 0.2792 0.2758 
        H600  9 0.2756 0.2585 0.4659 
        H648  9 0.2899 0.3762 0.3339 
        H696  9 0.2603 0.5662 0.1736 
        H697  9 0.4182 0.3016 0.2801 
        H698  9 0.3880 0.3650 0.2469 
        H699  9 0.3085 0.3774 0.3142 
        H700  9 0.3034 0.2246 0.4720 
        H732  9 0.2280 0.2848 0.4872 
        H733  9 0.4448 0.3283 0.2269 
        H734  9 0.3344 0.4551 0.2105 
        H735  9 0.3461 0.3946 0.2593 
        H736  9 0.3165 0.3238 0.3597 
        H737  9 0.3543 0.2816 0.3641 
        H905  9 0.3442 0.2380 0.4178 
        H921  9 0.3840 0.2373 0.3788 
        H922  9 0.4004 0.3999 0.1997 
     H169705 10 0.3909 0.3469 0.2622 
     H171942 10 0.3057 0.5034 0.1909 
     H171943 10 0.3283 0.3836 0.2880 
     H171944 10 0.4204 0.2674 0.3122 
     H171946 10 0.2366 0.3277 0.4357 
     H171947 10 0.3273 0.3934 0.2793 
     H229641 10 0.3232 0.3494 0.3274 
      H30001 10 0.3825 0.2669 0.3506 
      H30002 10 0.3413 0.3163 0.3424 
      H30005 10 0.3883 0.3291 0.2826 
      H30006 10 0.2966 0.4653 0.2381 
      H30007 10 0.2606 0.5545 0.1849 
        H451 10 0.3551 0.4110 0.2339 
        H452 10 0.3606 0.3740 0.2654 
        H453 10 0.2149 0.2880 0.4971 
        H473 10 0.3179 0.3103 0.3718 
        H474 10 0.1851 0.2567 0.5582 
        H486 10 0.3323 0.2726 0.3951 
        H487 10 0.3168 0.2654 0.4177 
        H488 10 0.3964 0.2550 0.3486 
        H489 10 0.2893 0.2230 0.4877 
        H550 10 0.2698 0.4865 0.2437 
        H551 10 0.4062 0.2572 0.3366 
        H553 10 0.2773 0.2946 0.4281 
        H554 10 0.3292 0.3919 0.2789 
        H556 10 0.2916 0.3763 0.3321 
        H580 10 0.4046 0.3172 0.2782 
        H591 10 0.2382 0.1933 0.5684 
        H592 10 0.3421 0.2730 0.3849 
        H593 10 0.3440 0.3441 0.3118 
        H594 10 0.3476 0.4802 0.1722 
        H627 10 0.2754 0.3507 0.3739 
        H628 10 0.5131 0.3036 0.1833 
        H629 10 0.2542 0.3952 0.3507 
        H630 10 0.3067 0.3541 0.3392 
        H638 10 0.3678 0.3498 0.2824 
        H639 10 0.2195 0.3214 0.4591 
        H640 10 0.3314 0.4147 0.2538 
        H704 10 0.3042 0.4555 0.2403 
        H705 10 0.3992 0.3345 0.2662 
        H706 10 0.3700 0.2120 0.4180 
        H708 10 0.2558 0.2211 0.5231 
       H7351 10 0.2922 0.4140 0.2939 
       H7352 10 0.3569 0.3104 0.3326 
       H7353 10 0.2404 0.5339 0.2258 
       H7354 10 0.3020 0.2686 0.4295 
       H7365 10 0.2799 0.1994 0.5208 
       H7383 10 0.3615 0.2340 0.4045 
       H7384 10 0.3571 0.2703 0.3727 
       H7385 10 0.3078 0.2362 0.4559 
       H7386 10 0.3969 0.3136 0.2895 
       H7387 10 0.3794 0.3389 0.2817 
       H7388 10 0.4065 0.3105 0.2831 
        H906 10 0.2377 0.3444 0.4179 
        H907 10 0.3227 0.4456 0.2317 
        H908 10 0.3625 0.2944 0.3431 
        H909 10 0.3787 0.2756 0.3457 
       H9552 10 0.3415 0.3585 0.3000 
       H9553 10 0.3309 0.3100 0.3591 
       H9555 10 0.4557 0.2830 0.2613 
       H9575 10 0.2591 0.2773 0.4636 
       H9703 10 0.2540 0.2303 0.5156 
       H9707 10 0.2778 0.2662 0.4560 
       HSAA4 10 0.3984 0.3196 0.2820 
        H001 11 0.3519 0.2807 0.3674 
        H004 11 0.3341 0.3470 0.3189 
        H005 11 0.2680 0.2060 0.5260 
        H006 11 0.3759 0.2765 0.3476 
        H007 11 0.3226 0.2103 0.4671 
        H031 11 0.2807 0.1780 0.5413 
        H074 11 0.2280 0.2761 0.4959 
        H075 11 0.3136 0.1974 0.4890 
        H080 11 0.2965 0.2377 0.4658 
        H086 11 0.3648 0.3149 0.3203 
        H092 11 0.3331 0.2692 0.3978 
        H093 11 0.3083 0.4982 0.1935 
        H094 11 0.3379 0.3773 0.2848 
        H095 11 0.3081 0.2472 0.4447 
        H096 11 0.3885 0.2318 0.3798 
        H099 11 0.3185 0.2749 0.4066 
        H100 11 0.3665 0.4166 0.2170 
        H127 11 0.3473 0.2739 0.3789 
        H136 11 0.2589 0.2253 0.5157 
        H153 11 0.2877 0.4083 0.3040 
        H154 11 0.2707 0.2370 0.4922 
        H155 11 0.5101 0.3018 0.1881 
        H156 11 0.4896 0.3370 0.1734 
        H161 11 0.2954 0.4206 0.2840 
        H162 11 0.3922 0.3908 0.2170 
        H167 11 0.3793 0.3524 0.2683 
        H168 11 0.3918 0.3166 0.2916 
     H169586 11 0.1910 0.4163 0.3927 
     H169738 11 0.4970 0.2743 0.2286 
     H169741 11 0.2840 0.2595 0.4565 
     H171801 11 0.2897 0.4760 0.2342 
     H171810 11 0.2495 0.2761 0.4744 
     H171811 11 0.2262 0.2635 0.5103 
     H171812 11 0.3986 0.2554 0.3460 
     H171820 11 0.2639 0.2489 0.4872 
     H171821 11 0.4275 0.3188 0.2537 
     H171822 11 0.3936 0.3121 0.2943 
     H171823 11 0.1685 0.3383 0.4932 
     H171866 11 0.3771 0.3868 0.2361 
     H171867 11 0.4692 0.2830 0.2478 
     H171967 11 0.3365 0.2163 0.4471 
     H171969 11 0.3383 0.3193 0.3424 
        H172 11 0.4017 0.2993 0.2990 
        H173 11 0.4787 0.2411 0.2801 
        H174 11 0.3283 0.4680 0.2037 
        H196 11 0.4666 0.3111 0.2223 
        H197 11 0.4218 0.3137 0.2645 
        H346 11 0.3494 0.2747 0.3759 
        H355 11 0.3170 0.2915 0.3916 
        H356 11 0.3390 0.2866 0.3744 
        H357 11 0.3330 0.2306 0.4364 
        H358 11 0.4583 0.2258 0.3159 
        H359 11 0.3434 0.3163 0.3403 
        H360 11 0.3606 0.3125 0.3269 
        H361 11 0.3956 0.3231 0.2813 
        H362 11 0.4133 0.4003 0.1864 
        H363 11 0.3012 0.2150 0.4838 
        H364 11 0.3166 0.3477 0.3358 
        H365 11 0.3970 0.3382 0.2647 
        H366 11 0.4486 0.3076 0.2438 
        H367 11 0.2411 0.2495 0.5094 
        H368 11 0.3060 0.4387 0.2553 
        H369 11 0.2930 0.1970 0.5100 
        H370 11 0.3789 0.3566 0.2645 
        H371 11 0.3262 0.3550 0.3188 
        H372 11 0.4034 0.3116 0.2850 
        H373 11 0.3388 0.3170 0.3442 
        H374 11 0.3187 0.2666 0.4147 
        H375 11 0.3722 0.2654 0.3624 
        H376 11 0.3361 0.4158 0.2481 
        H377 11 0.3443 0.2767 0.3790 
        H378 11 0.2877 0.3162 0.3962 
        H379 11 0.3532 0.3379 0.3089 
        H380 11 0.4901 0.2971 0.2128 
        H381 11 0.2273 0.2964 0.4763 
        H382 11 0.4167 0.4123 0.1709 
        H383 11 0.3871 0.4000 0.2129 
        H384 11 0.2958 0.2743 0.4299 
        H385 11 0.3171 0.2800 0.4029 
        H386 11 0.5013 0.2274 0.2713 
        H387 11 0.2172 0.4772 0.3056 
        H388 11 0.4826 0.3316 0.1858 
        H389 11 0.4184 0.2454 0.3363 
        H390 11 0.3775 0.3343 0.2882 
        H391 11 0.3465 0.4066 0.2469 
        H392 11 0.3065 0.2036 0.4899 
        H393 11 0.2917 0.4838 0.2245 
        H394 11 0.2329 0.5467 0.2204 
        H395 11 0.3447 0.2211 0.4342 
        H408 11 0.4335 0.2382 0.3283 
        H412 11 0.1876 0.3020 0.5104 
        H417 11 0.3331 0.2722 0.3946 
        H418 11 0.2454 0.3893 0.3653 
        H429 11 0.4240 0.2889 0.2871 
        H430 11 0.4152 0.3424 0.2424 
        H439 11 0.3803 0.2708 0.3490 
        H440 11 0.2690 0.2250 0.5060 
        H441 11 0.3989 0.3460 0.2550 
        H442 11 0.4338 0.3237 0.2425 
        H446 11 0.3223 0.3621 0.3156 
        H447 11 0.4971 0.2764 0.2265 
        H448 11 0.4799 0.2525 0.2675 
        H534 11 0.2008 0.2491 0.5501 
        H537 11 0.2175 0.2901 0.4925 
        H568 11 0.2201 0.2023 0.5776 
        H569 11 0.4366 0.3872 0.1761 
        H586 11 0.1811 0.4279 0.3910 
        H587 11 0.2356 0.1964 0.5680 
        H588 11 0.2815 0.4916 0.2269 
        H589 11 0.2728 0.2118 0.5154 
        H590 11 0.3040 0.2572 0.4389 
        H601 11 0.3919 0.3973 0.2109 
        H602 11 0.3537 0.2538 0.3925 
        H603 11 0.4666 0.3000 0.2334 
        H610 11 0.3389 0.2876 0.3735 
        H611 11 0.2980 0.2812 0.4208 
        H649 11 0.2955 0.3704 0.3341 
        H650 11 0.3073 0.4523 0.2404 
        H651 11 0.4501 0.2534 0.2965 
        H652 11 0.2699 0.3875 0.3425 
       H7364 11 0.4069 0.3213 0.2718 
       H7366 11 0.3985 0.2576 0.3439 
       H7378 11 0.2499 0.6136 0.1365 
       H7379 11 0.3602 0.3243 0.3155 
        H739 11 0.2802 0.2688 0.4511 
        H740 11 0.3111 0.4181 0.2707 
        H741 11 0.2849 0.2655 0.4497 
        H926 11 0.2972 0.4274 0.2753 
        H927 11 0.4697 0.2982 0.2321 
        H928 11 0.3374 0.3428 0.3198 
       H9560 11 0.3300 0.3762 0.2937 
        H409 12 0.4452 0.3128 0.2419 
        H413 12 0.2147 0.5640 0.2213 
        H419 12 0.4572 0.2814 0.2615 
        H420 12 0.3192 0.2901 0.3907 
        H421 12 0.3647 0.4413 0.1940 
        H435 12 0.3383 0.4173 0.2443 
        H436 12 0.4313 0.2210 0.3477 
        H437 12 0.2413 0.2852 0.4734 
        H445 12 0.4665 0.2910 0.2425 
        H449 12 0.3023 0.4330 0.2648 
        H463 12 0.2514 0.3091 0.4396 
        H464 12 0.2613 0.5208 0.2179 
        H465 12 0.2159 0.4815 0.3027 
        H490 12 0.3066 0.4843 0.2091 
        H561 12 0.3430 0.3658 0.2912 
        H562 12 0.4278 0.2515 0.3206 
        H563 12 0.3912 0.2494 0.3593 
        H570 12 0.3407 0.2134 0.4458 
        H571 12 0.2470 0.4068 0.3462 
        H572 12 0.2833 0.3304 0.3864 
        H573 12 0.4601 0.3041 0.2358 
       H7372 12 0.4739 0.3517 0.1744 
       H7373 12 0.2323 0.5434 0.2243 
       H7374 12 0.2982 0.2764 0.4255 
       H7375 12 0.3438 0.2564 0.3998 
       H7376 12 0.5075 0.2802 0.2124 
       H7377 12 0.3091 0.2499 0.4410 
