        H102  1 0.3504 0.3820 0.2676 
        H103  1 0.2958 0.1960 0.5082 
        H104  1 0.3482 0.4347 0.2171 
        H105  1 0.4374 0.2797 0.2829 
        H106  1 0.2962 0.3613 0.3425 
        H112  1 0.3447 0.4147 0.2406 
        H113  1 0.4820 0.2637 0.2543 
        H114  1 0.5217 0.2133 0.2650 
        H115  1 0.4387 0.3657 0.1957 
        H143  1 0.4335 0.2666 0.2999 
        H144  1 0.3531 0.1807 0.4663 
        H145  1 0.3430 0.1926 0.4644 
        H149  1 0.2862 0.4644 0.2494 
        H150  1 0.3370 0.3079 0.3551 
     H167542  1 0.5026 0.2632 0.2342 
     H169604  1 0.4266 0.2828 0.2906 
     H169607  1 0.3874 0.2221 0.3904 
     H169608  1 0.2623 0.4821 0.2556 
     H169633  1 0.4904 0.2100 0.2996 
     H169688  1 0.2362 0.2953 0.4685 
     H169714  1 0.3221 0.3981 0.2797 
     H171802  1 0.2704 0.4233 0.3063 
     H171805  1 0.3544 0.2725 0.3731 
     H171807  1 0.2667 0.3995 0.3338 
     H171814  1 0.3345 0.2073 0.4582 
     H171816  1 0.2815 0.4205 0.2980 
     H171817  1 0.3377 0.4024 0.2598 
     H171818  1 0.3639 0.3161 0.3200 
     H171819  1 0.3583 0.3430 0.2987 
     H171834  1 0.3648 0.3115 0.3237 
     H171835  1 0.2600 0.5259 0.2141 
     H171836  1 0.4237 0.1586 0.4177 
     H171837  1 0.3805 0.3765 0.2430 
     H171838  1 0.3174 0.2423 0.4403 
     H171839  1 0.3836 0.3806 0.2358 
     H171841  1 0.1843 0.5355 0.2802 
     H171860  1 0.4196 0.3011 0.2792 
     H171861  1 0.4836 0.1740 0.3424 
     H171862  1 0.3609 0.3093 0.3298 
     H171868  1 0.4966 0.2605 0.2430 
     H171869  1 0.2711 0.2707 0.4583 
     H171870  1 0.2553 0.3722 0.3725 
     H171871  1 0.3151 0.2475 0.4374 
     H171872  1 0.3945 0.3677 0.2378 
     H171873  1 0.2513 0.3672 0.3815 
     H171874  1 0.3875 0.2517 0.3609 
     H171875  1 0.4974 0.1770 0.3256 
     H171876  1 0.4187 0.2444 0.3369 
     H171877  1 0.5015 0.2881 0.2104 
     H171878  1 0.2180 0.4137 0.3682 
     H171901  1 0.2582 0.4392 0.3026 
     H171902  1 0.2924 0.3189 0.3887 
     H171903  1 0.4006 0.3031 0.2964 
     H171935  1 0.2193 0.4252 0.3555 
     H171936  1 0.4947 0.2302 0.2752 
     H171940  1 0.3075 0.4010 0.2916 
     H171945  1 0.3036 0.3103 0.3861 
     H171948  1 0.3634 0.3668 0.2698 
     H171949  1 0.2348 0.5104 0.2548 
     H171950  1 0.2252 0.5465 0.2283 
     H171963  1 0.3066 0.2533 0.4401 
     H171964  1 0.2643 0.2301 0.5056 
     H171966  1 0.2906 0.3440 0.3653 
     H171968  1 0.2889 0.3711 0.3400 
     H171971  1 0.2501 0.3402 0.4096 
     H171972  1 0.3324 0.2187 0.4489 
     H171977  1 0.3277 0.2349 0.4374 
     H171978  1 0.2475 0.4333 0.3192 
     H171979  1 0.3609 0.1925 0.4466 
        H176  1 0.4199 0.2776 0.3025 
        H177  1 0.2641 0.5221 0.2138 
        H179  1 0.3758 0.4166 0.2076 
        H181  1 0.3346 0.2398 0.4257 
        H182  1 0.3958 0.1902 0.4140 
        H183  1 0.2480 0.2502 0.5018 
        H184  1 0.3365 0.3753 0.2882 
        H185  1 0.3876 0.2205 0.3919 
        H186  1 0.2756 0.3501 0.3743 
        H187  1 0.3086 0.3427 0.3487 
        H188  1 0.4088 0.3722 0.2190 
        H192  1 0.2759 0.4642 0.2599 
        H193  1 0.3470 0.2217 0.4314 
        H194  1 0.3833 0.3331 0.2835 
        H195  1 0.2443 0.2489 0.5068 
        H199  1 0.2724 0.2431 0.4845 
        H200  1 0.3241 0.3789 0.2970 
        H414  1 0.3210 0.2859 0.3932 
        H415  1 0.4518 0.2336 0.3146 
        H422  1 0.2773 0.3499 0.3727 
        H423  1 0.2003 0.5724 0.2274 
        H424  1 0.3463 0.2159 0.4378 
        H425  1 0.2903 0.2385 0.4712 
        H426  1 0.1976 0.2579 0.5445 
        H443  1 0.3440 0.2302 0.4258 
        H466  1 0.3270 0.3536 0.3194 
        H467  1 0.2337 0.5188 0.2475 
        H472  1 0.3269 0.3226 0.3504 
        H483  1 0.4216 0.2301 0.3483 
        H504  1 0.2801 0.2204 0.4995 
        H505  1 0.3091 0.4040 0.2869 
        H506  1 0.3426 0.3093 0.3481 
        H507  1 0.4101 0.1787 0.4113 
        H508  1 0.2465 0.3997 0.3538 
        H524  1 0.4297 0.2244 0.3459 
        H525  1 0.3514 0.2794 0.3693 
        H526  1 0.5108 0.2205 0.2687 
        H527  1 0.2907 0.4263 0.2830 
        H528  1 0.4274 0.1954 0.3771 
        H529  1 0.4038 0.1980 0.3982 
        H533  1 0.3961 0.1985 0.4054 
        H538  1 0.3754 0.3281 0.2965 
        H539  1 0.2791 0.3234 0.3975 
        H540  1 0.3641 0.3166 0.3193 
        H541  1 0.4646 0.2765 0.2590 
        H558  1 0.2302 0.2551 0.5147 
        H559  1 0.3969 0.2968 0.3063 
        H579  1 0.3398 0.2388 0.4214 
        H584  1 0.2998 0.2394 0.4608 
        H585  1 0.3477 0.2672 0.3851 
        H605  1 0.3168 0.3823 0.3009 
        H606  1 0.3001 0.4769 0.2230 
        H632  1 0.3191 0.2366 0.4443 
        H634  1 0.3326 0.2863 0.3811 
        H671  1 0.2558 0.5001 0.2441 
        H672  1 0.3496 0.3050 0.3454 
        H673  1 0.3592 0.2417 0.3991 
        H689  1 0.3919 0.2449 0.3632 
        H690  1 0.3931 0.3908 0.2160 
        H691  1 0.4503 0.2889 0.2608 
        H692  1 0.3782 0.1351 0.4867 
        H709  1 0.3517 0.2858 0.3625 
        H710  1 0.3601 0.1762 0.4637 
       H7355  1 0.5316 0.1999 0.2684 
       H7356  1 0.3084 0.3016 0.3900 
       H7357  1 0.3739 0.3744 0.2517 
       H7358  1 0.4018 0.2379 0.3603 
       H7380  1 0.4008 0.2574 0.3418 
       H7381  1 0.2298 0.4306 0.3395 
       H7382  1 0.3756 0.2686 0.3558 
        H904  1 0.2424 0.5862 0.1714 
        H923  1 0.3259 0.3569 0.3172 
        H924  1 0.3321 0.3760 0.2919 
        H925  1 0.4708 0.2484 0.2809 
       H9558  1 0.2162 0.2354 0.5484 
        H008  2 0.4733 0.1955 0.3313 
        H021  2 0.3136 0.4202 0.2662 
        H023  2 0.3203 0.4419 0.2378 
        H024  2 0.3542 0.1852 0.4606 
        H025  2 0.2301 0.4202 0.3497 
        H026  2 0.2889 0.2073 0.5037 
        H027  2 0.4284 0.2741 0.2975 
        H028  2 0.3472 0.2505 0.4023 
        H029  2 0.3988 0.2224 0.3788 
        H030  2 0.3156 0.1938 0.4906 
        H038  2 0.2828 0.4440 0.2732 
        H039  2 0.1656 0.6640 0.1704 
        H040  2 0.2535 0.4784 0.2681 
        H041  2 0.4938 0.2534 0.2528 
        H042  2 0.3504 0.3395 0.3100 
        H043  2 0.1787 0.5405 0.2808 
        H044  2 0.3032 0.2317 0.4650 
        H047  2 0.2428 0.3891 0.3681 
        H050  2 0.3229 0.2440 0.4331 
        H058  2 0.2468 0.4214 0.3318 
        H062  2 0.3219 0.4101 0.2680 
        H063  2 0.2704 0.4811 0.2485 
        H065  2 0.2563 0.3179 0.4257 
        H066  2 0.2788 0.2943 0.4269 
        H067  2 0.4444 0.2543 0.3013 
        H068  2 0.2188 0.5078 0.2734 
        H069  2 0.2562 0.3074 0.4364 
        H071  2 0.3126 0.4230 0.2644 
        H072  2 0.2557 0.5313 0.2130 
        H073  2 0.3751 0.2504 0.3745 
        H081  2 0.4518 0.3114 0.2368 
        H082  2 0.3251 0.1939 0.4810 
        H083  2 0.2912 0.2110 0.4977 
        H084  2 0.3101 0.3630 0.3268 
        H085  2 0.4963 0.2544 0.2492 
        H087  2 0.4870 0.2724 0.2406 
        H088  2 0.3445 0.4110 0.2446 
        H089  2 0.4416 0.2698 0.2886 
        H090  2 0.3666 0.2134 0.4199 
        H091  2 0.4884 0.1927 0.3189 
        H098  2 0.3945 0.2666 0.3390 
      H10001  2 0.1642 0.6671 0.1687 
      H10002  2 0.3469 0.4366 0.2164 
        H101  2 0.2888 0.2519 0.4593 
        H108  2 0.3447 0.4335 0.2217 
        H109  2 0.2920 0.3688 0.3392 
        H110  2 0.5216 0.2204 0.2580 
        H116  2 0.3298 0.2568 0.4134 
        H117  2 0.5119 0.2188 0.2693 
        H118  2 0.4133 0.1741 0.4126 
        H119  2 0.3613 0.3968 0.2419 
        H120  2 0.2716 0.5424 0.1861 
        H121  2 0.4146 0.2083 0.3771 
        H125  2 0.1645 0.6739 0.1616 
        H126  2 0.2788 0.2617 0.4595 
        H128  2 0.3107 0.1236 0.5656 
        H129  2 0.2712 0.1996 0.5292 
        H130  2 0.1840 0.4523 0.3637 
        H133  2 0.2007 0.5372 0.2621 
        H134  2 0.2291 0.1837 0.5873 
        H135  2 0.4064 0.3129 0.2807 
        H137  2 0.3609 0.3095 0.3296 
        H138  2 0.2806 0.2231 0.4962 
        H140  2 0.3443 0.2883 0.3674 
        H146  2 0.3795 0.2384 0.3821 
        H147  2 0.4874 0.2340 0.2785 
        H148  2 0.5298 0.2440 0.2262 
     H166022  2 0.4540 0.2067 0.3393 
     H167359  2 0.3467 0.2911 0.3622 
     H167397  2 0.4469 0.1393 0.4138 
     H167428  2 0.5097 0.1541 0.3362 
     H167496  2 0.3117 0.4978 0.1905 
     H167513  2 0.2625 0.3698 0.3677 
     H167545  2 0.2962 0.2232 0.4805 
     H167547  2 0.3001 0.1847 0.5153 
     H169621  2 0.3663 0.2106 0.4230 
     H169622  2 0.3851 0.2326 0.3823 
     H169750  2 0.2116 0.4024 0.3860 
     H171806  2 0.3253 0.3490 0.3256 
     H171808  2 0.3585 0.2915 0.3500 
     H171809  2 0.4044 0.3278 0.2678 
     H171813  2 0.2717 0.3295 0.3988 
     H171815  2 0.1987 0.5490 0.2523 
     H171824  2 0.3854 0.4210 0.1936 
     H171825  2 0.3617 0.2771 0.3612 
     H171826  2 0.3926 0.3519 0.2556 
     H171827  2 0.3528 0.3651 0.2821 
     H171828  2 0.2527 0.5897 0.1575 
     H171829  2 0.2436 0.3240 0.4324 
     H171830  2 0.3641 0.3198 0.3160 
     H171831  2 0.3298 0.1946 0.4756 
     H171832  2 0.3040 0.2649 0.4311 
     H171863  2 0.2738 0.1825 0.5437 
     H171864  2 0.4219 0.3067 0.2713 
     H171865  2 0.2379 0.4952 0.2669 
     H171879  2 0.3778 0.2773 0.3449 
     H171880  2 0.4053 0.2445 0.3502 
     H171881  2 0.4166 0.2528 0.3306 
     H171882  2 0.2059 0.5953 0.1988 
     H171929  2 0.4054 0.2680 0.3265 
     H171930  2 0.2893 0.2003 0.5104 
     H171933  2 0.3654 0.2786 0.3561 
     H171934  2 0.4509 0.2822 0.2669 
     H171937  2 0.2789 0.2414 0.4797 
     H171962  2 0.4005 0.2580 0.3415 
        H190  2 0.3507 0.2688 0.3805 
        H191  2 0.3242 0.3380 0.3378 
        H396  2 0.4084 0.3178 0.2738 
        H397  2 0.3420 0.2819 0.3761 
        H398  2 0.2888 0.3421 0.3691 
        H400  2 0.4199 0.2991 0.2810 
        H401  2 0.3874 0.1469 0.4658 
        H402  2 0.4412 0.2421 0.3167 
        H427  2 0.4572 0.2785 0.2643 
        H428  2 0.5144 0.1528 0.3328 
        H497  2 0.2592 0.4342 0.3066 
        H512  2 0.3868 0.3007 0.3125 
        H513  2 0.2645 0.3690 0.3665 
        H514  2 0.2658 0.2873 0.4469 
        H519  2 0.2899 0.3554 0.3547 
        H532  2 0.5033 0.2086 0.2881 
        H543  2 0.4262 0.2340 0.3398 
        H544  2 0.2143 0.3086 0.4770 
        H545  2 0.2715 0.2054 0.5231 
        H546  2 0.2305 0.4664 0.3031 
        H547  2 0.2978 0.1880 0.5143 
        H548  2 0.4429 0.2711 0.2860 
        H549  2 0.2508 0.3620 0.3872 
        H620  2 0.2208 0.5925 0.1867 
        H623  2 0.2672 0.2434 0.4894 
        H624  2 0.1774 0.4396 0.3830 
        H625  2 0.4047 0.2719 0.3235 
        H626  2 0.3453 0.3372 0.3175 
        H654  2 0.1501 0.6600 0.1899 
        H655  2 0.2685 0.4222 0.3093 
        H656  2 0.2437 0.5389 0.2173 
        H666  2 0.1736 0.5831 0.2432 
        H667  2 0.4337 0.2807 0.2856 
        H677  2 0.4205 0.2562 0.3233 
        H693  2 0.3255 0.4731 0.2014 
        H694  2 0.2920 0.2407 0.4673 
        H701  2 0.3936 0.2317 0.3747 
        H702  2 0.3267 0.3872 0.2860 
        H731  2 0.3408 0.3989 0.2603 
       H7359  2 0.3521 0.2899 0.3580 
       H7389  2 0.3771 0.2917 0.3312 
       H7390  2 0.2290 0.5329 0.2381 
       H7391  2 0.5717 0.2301 0.1982 
       H7392  2 0.2759 0.3492 0.3749 
       H7393  2 0.3086 0.3971 0.2944 
       H7398  2 0.4800 0.2791 0.2409 
       H7399  2 0.4227 0.2182 0.3591 
       H7400  2 0.1757 0.6231 0.2012 
        H745  2 0.2604 0.2075 0.5321 
        H746  2 0.4088 0.2255 0.3657 
        H747  2 0.2556 0.4820 0.2624 
        H748  2 0.3353 0.3255 0.3392 
       H7484  2 0.2501 0.5154 0.2345 
       H7485  2 0.2966 0.3152 0.3882 
        H749  2 0.3584 0.2514 0.3902 
        H930  2 0.3157 0.2077 0.4766 
        H931  2 0.4171 0.2840 0.2989 
        H932  2 0.3654 0.3215 0.3131 
        H111  3 0.2838 0.2329 0.4833 
        H951  3 0.3786 0.2294 0.3920 
        H952  3 0.3005 0.2994 0.4001 
        H953  3 0.4970 0.2257 0.2773 
        H954  3 0.2371 0.5221 0.2408 
        H955  3 0.3129 0.2199 0.4671 
        H956  3 0.3400 0.3873 0.2727 
       H9563  3 0.3970 0.3450 0.2581 
        H002  4 0.2068 0.4654 0.3278 
        H003  4 0.4473 0.2211 0.3316 
        H009  4 0.2592 0.2615 0.4793 
        H010  4 0.4090 0.2801 0.3109 
        H011  4 0.2468 0.5440 0.2092 
        H012  4 0.4993 0.2170 0.2837 
        H013  4 0.3837 0.3777 0.2386 
        H014  4 0.3201 0.3136 0.3663 
        H045  4 0.3977 0.3794 0.2228 
        H046  4 0.3828 0.2271 0.3901 
        H051  4 0.3445 0.4185 0.2370 
        H052  4 0.2430 0.3966 0.3604 
        H053  4 0.3184 0.3966 0.2850 
        H056  4 0.2429 0.4533 0.3038 
        H076  4 0.3779 0.2145 0.4076 
        H151  4 0.1861 0.5745 0.2394 
        H152  4 0.2349 0.4210 0.3440 
     H171803  4 0.2762 0.4782 0.2456 
     H171804  4 0.3305 0.4134 0.2561 
     H171833  4 0.2519 0.2501 0.4980 
     H171855  4 0.1929 0.5376 0.2694 
     H171856  4 0.3120 0.3727 0.3153 
     H171857  4 0.2406 0.4544 0.3050 
     H171858  4 0.3476 0.3027 0.3498 
     H171859  4 0.3356 0.3541 0.3103 
     H171961  4 0.3039 0.4390 0.2571 
        H198  4 0.4195 0.1801 0.4003 
      H20001  4 0.2279 0.2645 0.5076 
        H403  4 0.2902 0.3772 0.3326 
        H404  4 0.4369 0.2350 0.3281 
        H405  4 0.4258 0.2129 0.3614 
        H406  4 0.2279 0.2716 0.5005 
        H407  4 0.3612 0.3692 0.2696 
        H410  4 0.4714 0.1952 0.3334 
        H411  4 0.2818 0.2425 0.4757 
        H468  4 0.2062 0.3366 0.4572 
        H476  4 0.2485 0.3707 0.3808 
        H477  4 0.2327 0.2339 0.5334 
        H478  4 0.4272 0.2516 0.3212 
        H479  4 0.3476 0.3968 0.2556 
        H480  4 0.2978 0.2176 0.4846 
        H498  4 0.3237 0.2870 0.3893 
        H499  4 0.3396 0.3306 0.3298 
        H500  4 0.2941 0.5046 0.2012 
        H515  4 0.3299 0.3829 0.2872 
        H516  4 0.2809 0.3453 0.3738 
        H517  4 0.3921 0.2914 0.3165 
        H518  4 0.2154 0.4023 0.3824 
        H520  4 0.2341 0.4787 0.2872 
        H521  4 0.3846 0.2949 0.3204 
        H522  4 0.2860 0.4011 0.3129 
        H523  4 0.3036 0.3668 0.3295 
        H536  4 0.3858 0.2904 0.3238 
        H645  4 0.4365 0.3650 0.1985 
        H646  4 0.3298 0.2185 0.4518 
        H647  4 0.2893 0.3148 0.3959 
        H657  4 0.4083 0.2374 0.3542 
        H658  4 0.3235 0.3576 0.3189 
        H659  4 0.1778 0.6331 0.1892 
        H660  4 0.2755 0.3966 0.3279 
        H661  4 0.2290 0.5024 0.2686 
        H668  4 0.4837 0.2267 0.2896 
        H669  4 0.3987 0.3296 0.2717 
        H670  4 0.4607 0.3307 0.2087 
        H678  4 0.3467 0.3270 0.3263 
        H679  4 0.3999 0.2238 0.3763 
        H680  4 0.2850 0.3450 0.3700 
        H681  4 0.3657 0.3709 0.2634 
        H682  4 0.4304 0.2745 0.2951 
        H683  4 0.2109 0.4076 0.3815 
        H718  4 0.2517 0.4942 0.2540 
        H719  4 0.3610 0.3747 0.2643 
        H720  4 0.2413 0.3984 0.3603 
        H721  4 0.2440 0.3773 0.3787 
        H722  4 0.1929 0.4039 0.4033 
        H723  4 0.3666 0.4127 0.2206 
        H724  4 0.2110 0.5808 0.2082 
        H725  4 0.1992 0.5485 0.2523 
        H726  4 0.2862 0.4415 0.2722 
        H727  4 0.3496 0.4240 0.2264 
        H910  4 0.3473 0.4138 0.2389 
        H911  4 0.3596 0.2415 0.3989 
        H912  4 0.2834 0.3606 0.3560 
        H913  4 0.2750 0.4347 0.2903 
        H914  4 0.3435 0.4629 0.1936 
        H915  4 0.3081 0.3595 0.3324 
        H916  4 0.2555 0.3136 0.4309 
       H9572  4 0.2698 0.4119 0.3183 
        H015  5 0.2622 0.2333 0.5045 
        H016  5 0.2716 0.2416 0.4868 
        H017  5 0.2247 0.3601 0.4152 
        H019  5 0.3109 0.2850 0.4041 
        H020  5 0.2968 0.3701 0.3331 
        H032  5 0.3002 0.3616 0.3382 
        H033  5 0.4037 0.2715 0.3248 
        H034  5 0.3451 0.4352 0.2197 
        H035  5 0.3234 0.3327 0.3439 
        H036  5 0.3514 0.2666 0.3819 
        H037  5 0.2771 0.4553 0.2676 
        H048  5 0.3001 0.4786 0.2213 
        H049  5 0.2372 0.2935 0.4693 
        H054  5 0.3682 0.3122 0.3196 
        H055  5 0.3288 0.3879 0.2833 
        H057  5 0.2132 0.3307 0.4561 
        H060  5 0.2655 0.4044 0.3301 
        H061  5 0.4250 0.2471 0.3280 
        H064  5 0.3051 0.3906 0.3043 
        H070  5 0.3850 0.3704 0.2446 
        H077  5 0.2365 0.4944 0.2691 
        H078  5 0.2220 0.4511 0.3269 
        H079  5 0.4875 0.2195 0.2930 
        H097  5 0.1852 0.3535 0.4613 
        H107  5 0.2184 0.6002 0.1815 
        H122  5 0.2797 0.3021 0.4182 
        H123  5 0.3637 0.2272 0.4090 
        H124  5 0.4306 0.2262 0.3433 
        H131  5 0.3744 0.2526 0.3730 
        H132  5 0.3455 0.3708 0.2837 
        H141  5 0.3059 0.4226 0.2715 
        H142  5 0.3749 0.2221 0.4030 
        H157  5 0.2681 0.4996 0.2323 
        H158  5 0.2682 0.2200 0.5118 
        H159  5 0.3502 0.2251 0.4247 
        H160  5 0.2838 0.3449 0.3714 
        H163  5 0.3571 0.2608 0.3821 
        H164  5 0.3720 0.2798 0.3482 
        H165  5 0.4881 0.2063 0.3056 
        H166  5 0.3023 0.2531 0.4445 
        H169  5 0.3563 0.3012 0.3425 
     H169613  5 0.3001 0.3122 0.3877 
     H169653  5 0.3569 0.2426 0.4005 
     H169728  5 0.3158 0.2882 0.3959 
     H169742  5 0.4023 0.3529 0.2448 
        H170  5 0.2228 0.2807 0.4965 
        H171  5 0.2531 0.2668 0.4801 
     H171851  5 0.2947 0.3091 0.3962 
     H171852  5 0.2397 0.4402 0.3201 
     H171853  5 0.3433 0.3900 0.2667 
     H171854  5 0.3184 0.3124 0.3692 
     H171938  5 0.4609 0.3023 0.2368 
     H171939  5 0.3021 0.2368 0.4611 
     H171941  5 0.2630 0.5095 0.2275 
     H171965  5 0.3662 0.2315 0.4023 
     H171970  5 0.2249 0.5630 0.2121 
     H171973  5 0.4915 0.2412 0.2674 
     H171974  5 0.4147 0.3277 0.2575 
     H171975  5 0.3557 0.3536 0.2908 
     H171976  5 0.2012 0.3280 0.4707 
        H175  5 0.3301 0.4389 0.2309 
        H178  5 0.3228 0.3558 0.3215 
        H189  5 0.3713 0.1935 0.4352 
        H399  5 0.2166 0.2973 0.4861 
        H416  5 0.3690 0.3590 0.2720 
        H438  5 0.4205 0.3243 0.2552 
        H450  5 0.2506 0.4779 0.2715 
        H455  5 0.2630 0.5272 0.2098 
        H456  5 0.4269 0.3116 0.2614 
        H457  5 0.2180 0.4418 0.3402 
        H458  5 0.3172 0.4102 0.2725 
        H459  5 0.3727 0.2129 0.4145 
        H460  5 0.3112 0.3755 0.3133 
        H461  5 0.2365 0.2866 0.4769 
        H462  5 0.3965 0.2552 0.3483 
        H469  5 0.4217 0.2132 0.3651 
        H470  5 0.3212 0.3887 0.2901 
        H471  5 0.2710 0.2141 0.5149 
        H481  5 0.2247 0.5580 0.2172 
        H482  5 0.3013 0.4098 0.2889 
        H501  5 0.3516 0.3622 0.2862 
        H502  5 0.3161 0.2155 0.4684 
        H503  5 0.3290 0.2732 0.3977 
        H509  5 0.2908 0.4533 0.2560 
        H510  5 0.3357 0.3055 0.3588 
        H511  5 0.3664 0.2495 0.3841 
        H530  5 0.3937 0.3660 0.2403 
        H531  5 0.2238 0.4913 0.2849 
        H564  5 0.2931 0.4204 0.2865 
        H565  5 0.2164 0.5240 0.2596 
        H567  5 0.3669 0.1825 0.4506 
     H568???  5 0.3040 0.2315 0.4645 
        H608  5 0.2709 0.4703 0.2589 
        H609  5 0.4376 0.2846 0.2779 
        H612  5 0.2937 0.5291 0.1771 
        H614  5 0.2045 0.5372 0.2584 
        H615  5 0.2066 0.4742 0.3192 
        H616  5 0.2655 0.5701 0.1644 
        H617  5 0.4563 0.2179 0.3258 
        H618  5 0.2857 0.4846 0.2297 
        H619  5 0.4779 0.2485 0.2735 
        H635  5 0.3641 0.2971 0.3387 
        H636  5 0.5111 0.2494 0.2395 
        H637  5 0.3288 0.3772 0.2939 
        H644  5 0.2525 0.1473 0.6002 
        H711  5 0.2582 0.2843 0.4576 
        H712  5 0.3667 0.3966 0.2368 
       H7360  5 0.2695 0.3447 0.3859 
       H7361  5 0.2727 0.4441 0.2832 
       H7362  5 0.2884 0.1684 0.5432 
       H7363  5 0.2762 0.3854 0.3384 
       H7394  5 0.3535 0.2270 0.4195 
       H7395  5 0.3716 0.3365 0.2919 
       H7396  5 0.3377 0.3295 0.3328 
        H742  5 0.4135 0.3538 0.2327 
        H743  5 0.3242 0.3580 0.3179 
        H744  5 0.2914 0.5101 0.1984 
        H957  5 0.2754 0.3317 0.3929 
        H958  5 0.3496 0.2790 0.3714 
        H959  5 0.3174 0.4732 0.2094 
        H960  5 0.3980 0.3051 0.2969 
      H_PALI  6 0.3211 0.3087 0.3702 
        H581  6 0.2664 0.4135 0.3201 
        H582  6 0.1933 0.5502 0.2565 
        H583  6 0.3002 0.3700 0.3298 
        H595  6 0.3413 0.2012 0.4575 
        H596  6 0.3840 0.2015 0.4145 
        H597  6 0.3447 0.2075 0.4478 
        H598  6 0.3876 0.3354 0.2769 
        H599  6 0.2863 0.4316 0.2821 
        H642  6 0.2706 0.2612 0.4682 
        H643  6 0.3904 0.3153 0.2943 
        H664  6 0.1778 0.5138 0.3084 
        H665  6 0.4816 0.2897 0.2287 
        H674  6 0.2701 0.1746 0.5553 
        H675  6 0.2615 0.4025 0.3360 
        H676  6 0.3090 0.2383 0.4527 
        H686  6 0.3141 0.2960 0.3899 
        H687  6 0.2879 0.3355 0.3767 
        H917  6 0.4744 0.2024 0.3232 
        H918  6 0.4149 0.2788 0.3062 
        H919  6 0.3057 0.4913 0.2030 
        H920  6 0.2711 0.4342 0.2947 
        H631  7 0.2696 0.4333 0.2971 
        H684  7 0.2925 0.2108 0.4967 
        H685  7 0.2184 0.5222 0.2594 
        H713  7 0.2306 0.5500 0.2194 
        H715  7 0.2942 0.2480 0.4579 
        H716  7 0.3190 0.3780 0.3030 
        H717  7 0.3034 0.3822 0.3144 
        H729  7 0.5322 0.1862 0.2815 
        H730  7 0.4496 0.3246 0.2258 
        H431  8 0.3288 0.4136 0.2576 
        H432  8 0.3224 0.1882 0.4895 
        H433  8 0.4226 0.2614 0.3160 
        H434  8 0.3645 0.2727 0.3628 
        H444  8 0.4289 0.2753 0.2958 
        H454  8 0.2715 0.5078 0.2207 
        H475  8 0.2308 0.5302 0.2390 
        H491  8 0.2770 0.4325 0.2905 
        H492  8 0.2536 0.4846 0.2618 
        H493  8 0.2954 0.2948 0.4097 
        H494  8 0.3308 0.3672 0.3020 
        H495  8 0.1881 0.5073 0.3046 
        H662  8 0.2790 0.3203 0.4007 
        H663  8 0.3652 0.3304 0.3044 
        H695  8 0.3761 0.3399 0.2840 
       H7367  8 0.4530 0.2014 0.3456 
       H7368  8 0.3639 0.2559 0.3802 
       H7369  8 0.4532 0.2809 0.2659 
       H7370  8 0.3565 0.1961 0.4475 
       H7371  8 0.4339 0.2844 0.2817 
        H600  9 0.2835 0.4495 0.2670 
        H648  9 0.3123 0.3343 0.3534 
        H696  9 0.2525 0.1861 0.5614 
        H697  9 0.4125 0.2770 0.3105 
        H698  9 0.3872 0.2525 0.3603 
        H699  9 0.3329 0.3126 0.3545 
        H700  9 0.3099 0.4576 0.2324 
        H732  9 0.2115 0.5030 0.2854 
        H733  9 0.4445 0.2157 0.3399 
        H734  9 0.3023 0.2134 0.4844 
        H735  9 0.3380 0.2651 0.3970 
        H736  9 0.3011 0.3693 0.3296 
        H737  9 0.3748 0.3604 0.2648 
        H905  9 0.3738 0.3945 0.2317 
        H921  9 0.3745 0.3868 0.2387 
        H922  9 0.4056 0.1971 0.3973 
     H169705 10 0.3841 0.2731 0.3428 
     H171942 10 0.3167 0.1909 0.4924 
     H171943 10 0.2946 0.3070 0.3983 
     H171944 10 0.4076 0.3191 0.2734 
     H171946 10 0.2048 0.4643 0.3309 
     H171947 10 0.3390 0.2760 0.3850 
     H229641 10 0.2987 0.3403 0.3610 
      H30001 10 0.3718 0.3528 0.2754 
      H30002 10 0.3678 0.3175 0.3147 
      H30005 10 0.4054 0.2779 0.3166 
      H30006 10 0.2948 0.2398 0.4654 
      H30007 10 0.2430 0.1869 0.5702 
        H451 10 0.4025 0.2237 0.3739 
        H452 10 0.3559 0.2674 0.3767 
        H453 10 0.2193 0.4959 0.2848 
        H473 10 0.3277 0.3629 0.3094 
        H474 10 0.1701 0.5815 0.2484 
        H486 10 0.3115 0.4098 0.2787 
        H487 10 0.3414 0.3848 0.2738 
        H488 10 0.4354 0.3234 0.2412 
        H489 10 0.2753 0.4852 0.2395 
        H550 10 0.2438 0.2499 0.5062 
        H551 10 0.4087 0.3470 0.2443 
        H553 10 0.2685 0.4488 0.2827 
        H554 10 0.3511 0.2691 0.3798 
        H556 10 0.2525 0.3633 0.3843 
        H580 10 0.4095 0.2695 0.3210 
        H591 10 0.2286 0.5686 0.2028 
        H592 10 0.3212 0.4039 0.2749 
        H593 10 0.3517 0.3076 0.3406 
        H594 10 0.3604 0.1711 0.4685 
        H627 10 0.2554 0.3697 0.3748 
        H628 10 0.5391 0.1632 0.2977 
        H629 10 0.2487 0.3532 0.3981 
        H630 10 0.2816 0.3645 0.3539 
        H638 10 0.3529 0.2900 0.3571 
        H639 10 0.2110 0.4837 0.3052 
        H640 10 0.3112 0.2595 0.4293 
        H704 10 0.3212 0.2261 0.4527 
        H705 10 0.3819 0.2812 0.3369 
        H706 10 0.3924 0.4078 0.1998 
        H708 10 0.2262 0.5594 0.2144 
       H7351 10 0.3045 0.3019 0.3936 
       H7352 10 0.3352 0.3403 0.3246 
       H7353 10 0.2618 0.2191 0.5190 
       H7354 10 0.3324 0.3936 0.2740 
       H7365 10 0.2412 0.5376 0.2212 
       H7383 10 0.3541 0.4062 0.2397 
       H7384 10 0.3806 0.3559 0.2635 
       H7385 10 0.3166 0.4419 0.2415 
       H7386 10 0.4031 0.2885 0.3084 
       H7387 10 0.3757 0.2801 0.3441 
       H7388 10 0.4177 0.2818 0.3005 
        H906 10 0.2487 0.4190 0.3323 
        H907 10 0.3232 0.2371 0.4397 
        H908 10 0.3936 0.3276 0.2789 
        H909 10 0.4105 0.3175 0.2720 
       H9552 10 0.3435 0.3082 0.3483 
       H9553 10 0.3259 0.3889 0.2852 
       H9555 10 0.4378 0.2573 0.3049 
       H9575 10 0.2308 0.4747 0.2944 
       H9703 10 0.2399 0.5231 0.2370 
       H9707 10 0.2637 0.4560 0.2803 
       HSAA4 10 0.4191 0.2645 0.3164 
        H001 11 0.3626 0.3572 0.2802 
        H004 11 0.3423 0.3062 0.3515 
        H005 11 0.2984 0.4924 0.2093 
        H006 11 0.3744 0.3436 0.2820 
        H007 11 0.3365 0.4655 0.1980 
        H031 11 0.2472 0.5671 0.1857 
        H074 11 0.2108 0.5119 0.2773 
        H075 11 0.3136 0.4918 0.1946 
        H080 11 0.3125 0.4544 0.2331 
        H086 11 0.3723 0.3197 0.3080 
        H092 11 0.3271 0.3921 0.2807 
        H093 11 0.3155 0.1900 0.4945 
        H094 11 0.3000 0.2973 0.4027 
        H095 11 0.2987 0.4548 0.2465 
        H096 11 0.4026 0.3648 0.2326 
        H099 11 0.3198 0.3974 0.2829 
        H100 11 0.3672 0.2082 0.4246 
        H127 11 0.3654 0.3732 0.2614 
        H136 11 0.2376 0.5242 0.2382 
        H153 11 0.2990 0.2891 0.4119 
        H154 11 0.2334 0.5197 0.2469 
        H155 11 0.5272 0.1828 0.2900 
        H156 11 0.5123 0.1597 0.3280 
        H161 11 0.3072 0.2887 0.4041 
        H162 11 0.3815 0.2115 0.4070 
        H167 11 0.4308 0.2573 0.3119 
        H168 11 0.4087 0.2820 0.3094 
     H169586 11 0.1714 0.4061 0.4225 
     H169738 11 0.5343 0.2097 0.2560 
     H169741 11 0.2478 0.4736 0.2787 
     H171801 11 0.2879 0.2374 0.4747 
     H171810 11 0.2296 0.4754 0.2950 
     H171811 11 0.2058 0.5309 0.2634 
     H171812 11 0.3936 0.3486 0.2578 
     H171820 11 0.2453 0.5020 0.2527 
     H171821 11 0.4208 0.2561 0.3231 
     H171822 11 0.3778 0.2986 0.3236 
     H171823 11 0.1843 0.4783 0.3374 
     H171866 11 0.4000 0.2323 0.3677 
     H171867 11 0.4938 0.2406 0.2656 
     H171967 11 0.3197 0.4638 0.2165 
     H171969 11 0.3382 0.3389 0.3229 
        H172 11 0.3870 0.2967 0.3164 
        H173 11 0.4856 0.2848 0.2296 
        H174 11 0.3257 0.2126 0.4617 
        H196 11 0.4779 0.2188 0.3034 
        H197 11 0.4365 0.2707 0.2928 
        H346 11 0.3947 0.3423 0.2630 
        H355 11 0.3253 0.3800 0.2947 
        H356 11 0.3457 0.3612 0.2931 
        H357 11 0.3094 0.4541 0.2366 
        H358 11 0.4428 0.3169 0.2404 
        H359 11 0.3082 0.3435 0.3483 
        H360 11 0.3748 0.3200 0.3052 
        H361 11 0.4207 0.2661 0.3133 
        H362 11 0.4175 0.1834 0.3991 
        H363 11 0.2993 0.4766 0.2240 
        H364 11 0.3048 0.3361 0.3591 
        H365 11 0.4046 0.2577 0.3377 
        H366 11 0.4655 0.2301 0.3045 
        H367 11 0.2299 0.5144 0.2557 
        H368 11 0.2434 0.2751 0.4815 
        H369 11 0.2779 0.5266 0.1955 
        H370 11 0.3682 0.2588 0.3730 
        H371 11 0.3220 0.3288 0.3492 
        H372 11 0.3970 0.2858 0.3173 
        H373 11 0.3522 0.3305 0.3173 
        H374 11 0.3508 0.3735 0.2757 
        H375 11 0.3569 0.3834 0.2597 
        H376 11 0.3412 0.2426 0.4162 
        H377 11 0.3405 0.3678 0.2918 
        H378 11 0.2769 0.3868 0.3363 
        H379 11 0.3335 0.3221 0.3444 
        H380 11 0.4953 0.2090 0.2956 
        H381 11 0.2061 0.4916 0.3022 
        H382 11 0.4275 0.1737 0.3988 
        H383 11 0.3989 0.2048 0.3962 
        H384 11 0.2744 0.4377 0.2879 
        H385 11 0.3008 0.4054 0.2938 
        H386 11 0.5237 0.2632 0.2131 
        H387 11 0.2147 0.3065 0.4788 
        H388 11 0.4640 0.1928 0.3432 
        H389 11 0.4116 0.3401 0.2484 
        H390 11 0.3849 0.2941 0.3209 
        H391 11 0.3058 0.2687 0.4255 
        H392 11 0.3180 0.4719 0.2101 
        H393 11 0.3148 0.2166 0.4685 
        H394 11 0.2360 0.2191 0.5449 
        H395 11 0.3315 0.4431 0.2254 
        H408 11 0.4457 0.3173 0.2370 
        H412 11 0.1333 0.5609 0.3058 
        H417 11 0.3112 0.3922 0.2966 
        H418 11 0.2478 0.3659 0.3863 
        H429 11 0.4010 0.2840 0.3150 
        H430 11 0.4452 0.2293 0.3254 
        H439 11 0.3781 0.3419 0.2800 
        H440 11 0.2599 0.5103 0.2298 
        H441 11 0.4002 0.2568 0.3430 
        H442 11 0.4142 0.2474 0.3384 
        H446 11 0.3281 0.3044 0.3675 
        H447 11 0.4930 0.2307 0.2762 
        H448 11 0.4949 0.2676 0.2375 
        H534 11 0.2042 0.5461 0.2497 
        H537 11 0.2140 0.4948 0.2912 
        H568 11 0.2134 0.5750 0.2117 
        H569 11 0.4740 0.1717 0.3543 
        H586 11 0.1640 0.4062 0.4298 
        H587 11 0.2289 0.5687 0.2024 
        H588 11 0.2749 0.2152 0.5099 
        H589 11 0.2500 0.5282 0.2219 
        H590 11 0.2827 0.4353 0.2820 
        H601 11 0.4075 0.1946 0.3979 
        H602 11 0.3454 0.3912 0.2634 
        H603 11 0.4933 0.2281 0.2786 
        H610 11 0.3386 0.3641 0.2972 
        H611 11 0.2503 0.4556 0.2940 
        H649 11 0.3054 0.3327 0.3618 
        H650 11 0.2845 0.2389 0.4766 
        H651 11 0.4832 0.2686 0.2481 
        H652 11 0.2832 0.3308 0.3860 
       H7364 11 0.4144 0.2734 0.3122 
       H7366 11 0.4240 0.3251 0.2510 
       H7378 11 0.2500 0.1415 0.6084 
       H7379 11 0.3682 0.3129 0.3189 
        H739 11 0.2504 0.4714 0.2782 
        H740 11 0.3068 0.2623 0.4308 
        H741 11 0.2488 0.4723 0.2789 
        H926 11 0.3073 0.2712 0.4215 
        H927 11 0.4441 0.2437 0.3122 
        H928 11 0.2943 0.3440 0.3617 
       H9560 11 0.3007 0.2970 0.4023 
        H409 12 0.4730 0.2242 0.3028 
        H413 12 0.2354 0.2287 0.5359 
        H419 12 0.4713 0.2575 0.2712 
        H420 12 0.3379 0.3871 0.2750 
        H421 12 0.3778 0.1828 0.4393 
        H435 12 0.3686 0.2369 0.3945 
        H436 12 0.4116 0.3473 0.2411 
        H437 12 0.2323 0.4740 0.2937 
        H445 12 0.4847 0.2330 0.2823 
        H449 12 0.3028 0.2672 0.4300 
        H463 12 0.2757 0.4246 0.2997 
        H464 12 0.2803 0.2111 0.5086 
        H465 12 0.2020 0.3206 0.4774 
        H490 12 0.3002 0.2115 0.4883 
        H561 12 0.3366 0.3090 0.3544 
        H562 12 0.4524 0.3014 0.2462 
        H563 12 0.3938 0.3500 0.2562 
        H570 12 0.3536 0.4304 0.2160 
        H571 12 0.2566 0.3316 0.4118 
        H572 12 0.3072 0.3849 0.3080 
        H573 12 0.4718 0.2278 0.3004 
       H7372 12 0.5154 0.1660 0.3187 
       H7373 12 0.2273 0.2239 0.5488 
       H7374 12 0.3284 0.3936 0.2780 
       H7375 12 0.3353 0.4171 0.2476 
       H7376 12 0.5598 0.1831 0.2570 
       H7377 12 0.2803 0.4507 0.2691 
