        H102  1 0.2538 0.2102 0.3471 0.1889 
        H103  1 0.1573 0.2914 0.2070 0.3442 
        H104  1 0.3202 0.1902 0.2641 0.2254 
        H105  1 0.2034 0.2223 0.3331 0.2411 
        H106  1 0.2452 0.2421 0.2361 0.2767 
        H112  1 0.3095 0.1970 0.2695 0.2239 
        H113  1 0.2409 0.2020 0.2917 0.2654 
        H114  1 0.1892 0.2042 0.3147 0.2919 
        H115  1 0.2706 0.1663 0.3582 0.2050 
        H143  1 0.2147 0.2322 0.3511 0.2020 
        H144  1 0.1511 0.3224 0.3244 0.2021 
        H145  1 0.1594 0.3262 0.2299 0.2846 
        H149  1 0.3205 0.2016 0.2762 0.2017 
        H150  1 0.2587 0.2544 0.2603 0.2267 
     H167542  1 0.1956 0.2099 0.3624 0.2321 
     H169604  1 0.2176 0.2174 0.3197 0.2453 
     H169607  1 0.1752 0.2808 0.2963 0.2477 
     H169608  1 0.3439 0.2254 0.2435 0.1872 
     H169633  1 0.1627 0.2587 0.2864 0.2922 
     H169688  1 0.1833 0.3535 0.1999 0.2633 
     H169714  1 0.3200 0.2218 0.2233 0.2349 
     H171802  1 0.3554 0.2034 0.1789 0.2623 
     H171805  1 0.1913 0.2521 0.2459 0.3107 
     H171807  1 0.2778 0.2549 0.2671 0.2001 
     H171814  1 0.1685 0.3658 0.1930 0.2726 
     H171816  1 0.3163 0.2185 0.2389 0.2264 
     H171817  1 0.2749 0.2039 0.2608 0.2604 
     H171818  1 0.2330 0.2199 0.2577 0.2893 
     H171819  1 0.2803 0.2147 0.2407 0.2642 
     H171834  1 0.2339 0.2200 0.3382 0.2080 
     H171835  1 0.3980 0.2074 0.2100 0.1846 
     H171836  1 0.1291 0.2375 0.2413 0.3921 
     H171837  1 0.2825 0.2154 0.2746 0.2275 
     H171838  1 0.2010 0.2634 0.2209 0.3147 
     H171839  1 0.2866 0.2006 0.2868 0.2260 
     H171841  1 0.3969 0.2411 0.1743 0.1878 
     H171860  1 0.2422 0.2288 0.2832 0.2458 
     H171861  1 0.1321 0.2342 0.2995 0.3342 
     H171862  1 0.2312 0.2495 0.2921 0.2272 
     H171868  1 0.1983 0.2007 0.3928 0.2082 
     H171869  1 0.2100 0.3318 0.2098 0.2484 
     H171870  1 0.2413 0.2944 0.2137 0.2506 
     H171871  1 0.1950 0.2697 0.1884 0.3470 
     H171872  1 0.2862 0.1914 0.2783 0.2441 
     H171873  1 0.2650 0.2955 0.2025 0.2370 
     H171874  1 0.2023 0.2883 0.2967 0.2127 
     H171875  1 0.1561 0.2605 0.3212 0.2622 
     H171876  1 0.1854 0.2255 0.3497 0.2394 
     H171877  1 0.1943 0.1886 0.3988 0.2183 
     H171878  1 0.2773 0.3156 0.1895 0.2176 
     H171901  1 0.3025 0.2185 0.1627 0.3163 
     H171902  1 0.2497 0.3107 0.2332 0.2065 
     H171903  1 0.2475 0.2239 0.2743 0.2543 
     H171935  1 0.3017 0.2726 0.1721 0.2536 
     H171936  1 0.1856 0.2463 0.2752 0.2928 
     H171940  1 0.2767 0.2311 0.3125 0.1798 
     H171945  1 0.2307 0.3141 0.2219 0.2334 
     H171948  1 0.2840 0.1976 0.2963 0.2221 
     H171949  1 0.3612 0.2081 0.2409 0.1899 
     H171950  1 0.3800 0.2066 0.2035 0.2099 
     H171963  1 0.1792 0.3296 0.2070 0.2842 
     H171964  1 0.2081 0.3891 0.2395 0.1633 
     H171966  1 0.2526 0.2576 0.2391 0.2507 
     H171968  1 0.2728 0.2595 0.2880 0.1796 
     H171971  1 0.2380 0.2576 0.1970 0.3074 
     H171972  1 0.1851 0.3000 0.2401 0.2747 
     H171977  1 0.1855 0.3476 0.2350 0.2319 
     H171978  1 0.2915 0.2628 0.2111 0.2346 
     H171979  1 0.1517 0.2633 0.2352 0.3498 
        H176  1 0.2142 0.2723 0.2886 0.2249 
        H177  1 0.3421 0.2002 0.2273 0.2305 
        H179  1 0.3378 0.1777 0.2726 0.2119 
        H181  1 0.1749 0.3053 0.2573 0.2625 
        H182  1 0.1606 0.2392 0.2868 0.3133 
        H183  1 0.1954 0.3293 0.2107 0.2646 
        H184  1 0.2813 0.2131 0.2581 0.2474 
        H185  1 0.1840 0.2978 0.2446 0.2736 
        H186  1 0.2747 0.2850 0.2883 0.1519 
        H187  1 0.2275 0.2285 0.1833 0.3607 
        H188  1 0.2830 0.1952 0.3385 0.1833 
        H192  1 0.3133 0.2247 0.2473 0.2147 
        H193  1 0.1747 0.2707 0.2786 0.2760 
        H194  1 0.2568 0.2002 0.3056 0.2374 
        H195  1 0.1778 0.3939 0.2083 0.2200 
        H199  1 0.1949 0.3481 0.2147 0.2423 
        H200  1 0.2891 0.2403 0.2353 0.2353 
        H414  1 0.2059 0.2518 0.2195 0.3228 
        H415  1 0.2056 0.2223 0.2744 0.2977 
        H422  1 0.2604 0.3060 0.2319 0.2017 
        H423  1 0.4247 0.1945 0.1981 0.1827 
        H424  1 0.1675 0.3017 0.2208 0.3100 
        H425  1 0.1869 0.3601 0.2177 0.2353 
        H426  1 0.2212 0.3404 0.1878 0.2505 
        H443  1 0.1918 0.3354 0.3083 0.1644 
        H466  1 0.2531 0.2454 0.2677 0.2338 
        H467  1 0.3664 0.2443 0.2143 0.1750 
        H472  1 0.2310 0.2702 0.2441 0.2548 
        H483  1 0.1695 0.2531 0.3731 0.2044 
        H504  1 0.1803 0.3519 0.2022 0.2656 
        H505  1 0.2812 0.2271 0.2462 0.2455 
        H506  1 0.2527 0.2697 0.2592 0.2184 
        H507  1 0.1338 0.2667 0.2300 0.3695 
        H508  1 0.2741 0.2623 0.1996 0.2639 
        H524  1 0.1642 0.2613 0.2239 0.3506 
        H525  1 0.2141 0.2808 0.2905 0.2146 
        H526  1 0.1944 0.2274 0.3579 0.2203 
        H527  1 0.2903 0.2183 0.2381 0.2533 
        H528  1 0.1828 0.2878 0.2710 0.2584 
        H529  1 0.1529 0.2915 0.2552 0.3004 
        H533  1 0.1344 0.2022 0.2122 0.4511 
        H538  1 0.2449 0.2222 0.2916 0.2413 
        H539  1 0.2006 0.2823 0.1963 0.3207 
        H540  1 0.2365 0.2168 0.2638 0.2828 
        H541  1 0.2210 0.2101 0.3182 0.2507 
        H558  1 0.2136 0.3061 0.1860 0.2943 
        H559  1 0.2402 0.2390 0.3477 0.1731 
        H579  1 0.1917 0.2879 0.2934 0.2270 
        H584  1 0.2101 0.3282 0.2257 0.2361 
        H585  1 0.2067 0.2606 0.2396 0.2931 
        H605  1 0.2339 0.2372 0.2654 0.2636 
        H606  1 0.3501 0.2021 0.2734 0.1743 
        H632  1 0.1949 0.3569 0.2489 0.1993 
        H634  1 0.2092 0.2589 0.2675 0.2643 
        H671  1 0.3952 0.2090 0.2038 0.1920 
        H672  1 0.2192 0.2473 0.2259 0.3076 
        H673  1 0.1907 0.2793 0.3458 0.1842 
        H689  1 0.1938 0.2842 0.3077 0.2143 
        H690  1 0.2847 0.1792 0.3077 0.2285 
        H691  1 0.2246 0.2128 0.3537 0.2088 
        H692  1 0.1187 0.2955 0.2884 0.2973 
        H709  1 0.2118 0.2405 0.2657 0.2820 
        H710  1 0.1499 0.2810 0.3047 0.2644 
       H7355  1 0.1724 0.1970 0.3545 0.2761 
       H7356  1 0.2281 0.2876 0.2521 0.2323 
       H7357  1 0.2357 0.2118 0.2884 0.2642 
       H7358  1 0.1720 0.2973 0.2892 0.2414 
       H7380  1 0.1941 0.2529 0.3331 0.2199 
       H7381  1 0.3017 0.2691 0.2172 0.2120 
       H7382  1 0.2071 0.2530 0.3113 0.2287 
        H904  1 0.4410 0.1548 0.2560 0.1482 
        H923  1 0.2427 0.2882 0.2468 0.2224 
        H924  1 0.2871 0.2362 0.2673 0.2094 
        H925  1 0.1981 0.2677 0.2759 0.2583 
       H9558  1 0.1979 0.3286 0.1750 0.2985 
        H008  2 0.1524 0.2383 0.3118 0.2976 
        H021  2 0.2979 0.2316 0.2560 0.2145 
        H023  2 0.2945 0.1999 0.2828 0.2228 
        H024  2 0.1589 0.3289 0.1976 0.3146 
        H025  2 0.3180 0.2735 0.2100 0.1985 
        H026  2 0.1887 0.3487 0.2034 0.2591 
        H027  2 0.1998 0.2504 0.2775 0.2723 
        H028  2 0.1901 0.2817 0.2771 0.2511 
        H029  2 0.1960 0.2887 0.2278 0.2874 
        H030  2 0.1771 0.3476 0.2050 0.2703 
        H038  2 0.3111 0.2634 0.1919 0.2337 
        H039  2 0.5447 0.1582 0.1559 0.1412 
        H040  2 0.2919 0.2351 0.1807 0.2924 
        H041  2 0.2194 0.1958 0.3435 0.2413 
        H042  2 0.2580 0.2224 0.2569 0.2628 
        H043  2 0.3608 0.2582 0.1613 0.2197 
        H044  2 0.1794 0.2620 0.1882 0.3704 
        H047  2 0.3439 0.2513 0.1899 0.2149 
        H050  2 0.1950 0.2717 0.1959 0.3374 
        H058  2 0.2887 0.2327 0.1819 0.2967 
        H062  2 0.2837 0.2370 0.2822 0.1971 
        H063  2 0.3465 0.1844 0.2285 0.2406 
        H065  2 0.2523 0.3273 0.2324 0.1880 
        H066  2 0.2286 0.2701 0.1612 0.3401 
        H067  2 0.1987 0.2376 0.3416 0.2221 
        H068  2 0.3597 0.2073 0.1934 0.2396 
        H069  2 0.2283 0.3088 0.1668 0.2961 
        H071  2 0.3067 0.2165 0.2511 0.2257 
        H072  2 0.3834 0.1786 0.2233 0.2147 
        H073  2 0.2015 0.2808 0.2721 0.2456 
        H081  2 0.2321 0.1761 0.3733 0.2185 
        H082  2 0.1471 0.2999 0.2232 0.3297 
        H083  2 0.1752 0.3232 0.2575 0.2441 
        H084  2 0.2796 0.2193 0.1838 0.3172 
        H085  2 0.2052 0.1972 0.3768 0.2208 
        H087  2 0.2042 0.1833 0.4235 0.1891 
        H088  2 0.3160 0.1893 0.2652 0.2296 
        H089  2 0.1790 0.2351 0.3255 0.2605 
        H090  2 0.1973 0.2805 0.2479 0.2743 
        H091  2 0.1627 0.2522 0.2945 0.2906 
        H098  2 0.1987 0.2326 0.2408 0.3279 
      H10001  2 0.5140 0.1739 0.1696 0.1425 
      H10002  2 0.2811 0.1862 0.3151 0.2175 
        H101  2 0.2007 0.2475 0.1566 0.3952 
        H108  2 0.3008 0.1886 0.3478 0.1628 
        H109  2 0.2800 0.2320 0.1605 0.3275 
        H110  2 0.1668 0.1876 0.4008 0.2447 
        H116  2 0.2061 0.2948 0.2360 0.2630 
        H117  2 0.1995 0.2167 0.2802 0.3037 
        H118  2 0.1448 0.3479 0.2765 0.2308 
        H119  2 0.3133 0.2030 0.2809 0.2027 
        H120  2 0.3940 0.1711 0.2769 0.1579 
        H121  2 0.1802 0.2749 0.2907 0.2542 
        H125  2 0.5380 0.1478 0.1669 0.1474 
        H126  2 0.2155 0.3340 0.2391 0.2114 
        H128  2 0.1155 0.4054 0.1827 0.2963 
        H129  2 0.1658 0.3422 0.2502 0.2418 
        H130  2 0.3362 0.2690 0.1709 0.2239 
        H133  2 0.4216 0.2143 0.1781 0.1860 
        H134  2 0.1666 0.4635 0.1714 0.1984 
        H135  2 0.2436 0.1991 0.3144 0.2428 
        H137  2 0.2302 0.2224 0.2346 0.3129 
        H138  2 0.1914 0.3424 0.2226 0.2436 
        H140  2 0.2341 0.2540 0.2616 0.2504 
        H146  2 0.1925 0.3077 0.2339 0.2659 
        H147  2 0.1911 0.2111 0.3125 0.2853 
        H148  2 0.2015 0.1998 0.3261 0.2725 
     H166022  2 0.1697 0.2345 0.2459 0.3498 
     H167359  2 0.2167 0.2531 0.2186 0.3116 
     H167397  2 0.1191 0.2555 0.2215 0.4039 
     H167428  2 0.1288 0.2910 0.3734 0.2068 
     H167496  2 0.3722 0.1678 0.2653 0.1948 
     H167513  2 0.2210 0.2480 0.1873 0.3438 
     H167545  2 0.1752 0.2838 0.2151 0.3259 
     H167547  2 0.1748 0.3449 0.1521 0.3282 
     H169621  2 0.1845 0.2751 0.2583 0.2821 
     H169622  2 0.1753 0.2952 0.2628 0.2667 
     H169750  2 0.3157 0.2633 0.1759 0.2451 
     H171806  2 0.2949 0.2848 0.2069 0.2135 
     H171808  2 0.2161 0.3107 0.2168 0.2564 
     H171809  2 0.2386 0.2152 0.3235 0.2227 
     H171813  2 0.2346 0.3210 0.2365 0.2078 
     H171815  2 0.4077 0.2339 0.1741 0.1842 
     H171824  2 0.3390 0.1692 0.3130 0.1787 
     H171825  2 0.2073 0.2528 0.2827 0.2571 
     H171826  2 0.2952 0.2102 0.2781 0.2164 
     H171827  2 0.2508 0.2255 0.2844 0.2393 
     H171828  2 0.4471 0.1517 0.2508 0.1504 
     H171829  2 0.2702 0.2906 0.1892 0.2499 
     H171830  2 0.2334 0.2178 0.2240 0.3247 
     H171831  2 0.1655 0.3393 0.2184 0.2768 
     H171832  2 0.2253 0.2833 0.2408 0.2506 
     H171863  2 0.1456 0.3635 0.1814 0.3095 
     H171864  2 0.2112 0.2165 0.2448 0.3275 
     H171865  2 0.3823 0.2207 0.1818 0.2152 
     H171879  2 0.2391 0.2552 0.2138 0.2919 
     H171880  2 0.2146 0.2123 0.1965 0.3766 
     H171881  2 0.1883 0.2322 0.3358 0.2438 
     H171882  2 0.4217 0.1846 0.2211 0.1726 
     H171929  2 0.2000 0.2432 0.2890 0.2679 
     H171930  2 0.1743 0.2576 0.1775 0.3906 
     H171933  2 0.2096 0.2359 0.2619 0.2926 
     H171934  2 0.2155 0.2143 0.3137 0.2564 
     H171937  2 0.1961 0.3159 0.2045 0.2835 
     H171962  2 0.1870 0.2397 0.3295 0.2438 
        H190  2 0.1765 0.2387 0.2905 0.2943 
        H191  2 0.2396 0.2693 0.2568 0.2343 
        H396  2 0.2322 0.2662 0.3017 0.1999 
        H397  2 0.1915 0.2397 0.2501 0.3187 
        H398  2 0.2577 0.3242 0.2232 0.1949 
        H400  2 0.2160 0.2611 0.2522 0.2708 
        H401  2 0.1396 0.3120 0.1917 0.3567 
        H402  2 0.1569 0.2344 0.2650 0.3438 
        H427  2 0.2262 0.2219 0.3303 0.2215 
        H428  2 0.1333 0.2835 0.3756 0.2075 
        H497  2 0.2774 0.2480 0.2041 0.2706 
        H512  2 0.2215 0.2370 0.2451 0.2964 
        H513  2 0.2188 0.2518 0.1842 0.3452 
        H514  2 0.2302 0.2885 0.2236 0.2576 
        H519  2 0.2256 0.2432 0.1899 0.3413 
        H532  2 0.1783 0.2645 0.3054 0.2518 
        H543  2 0.1669 0.2045 0.2689 0.3596 
        H544  2 0.2234 0.3703 0.1886 0.2178 
        H545  2 0.1702 0.3020 0.2036 0.3242 
        H546  2 0.3162 0.2508 0.2220 0.2110 
        H547  2 0.1708 0.3397 0.1515 0.3381 
        H548  2 0.1967 0.2135 0.2736 0.3162 
        H549  2 0.1739 0.3180 0.1690 0.3390 
        H620  2 0.4426 0.1682 0.2148 0.1743 
        H623  2 0.1799 0.3022 0.2300 0.2879 
        H624  2 0.3178 0.3275 0.1547 0.1999 
        H625  2 0.1916 0.2445 0.2874 0.2764 
        H626  2 0.2362 0.2340 0.1979 0.3318 
        H654  2 0.4753 0.1921 0.1611 0.1715 
        H655  2 0.3154 0.2062 0.2240 0.2544 
        H656  2 0.3956 0.2007 0.2514 0.1524 
        H666  2 0.4488 0.2120 0.1591 0.1801 
        H667  2 0.2138 0.2316 0.3207 0.2339 
        H677  2 0.2017 0.2688 0.2696 0.2600 
        H693  2 0.3058 0.1708 0.3623 0.1611 
        H694  2 0.1893 0.2636 0.2277 0.3194 
        H701  2 0.1770 0.2222 0.2368 0.3640 
        H702  2 0.2555 0.1992 0.2460 0.2993 
        H731  2 0.3072 0.2140 0.2818 0.1971 
       H7359  2 0.2196 0.2464 0.2163 0.3177 
       H7389  2 0.2294 0.2935 0.2223 0.2548 
       H7390  2 0.3842 0.2038 0.1816 0.2304 
       H7391  2 0.1984 0.1694 0.4024 0.2298 
       H7392  2 0.2652 0.2968 0.2284 0.2095 
       H7393  2 0.3056 0.2153 0.2041 0.2750 
       H7398  2 0.2172 0.2019 0.3416 0.2392 
       H7399  2 0.1644 0.2619 0.3377 0.2360 
       H7400  2 0.4587 0.1935 0.1777 0.1701 
        H745  2 0.1753 0.3970 0.2103 0.2173 
        H746  2 0.1689 0.2941 0.2920 0.2449 
        H747  2 0.3385 0.2033 0.1828 0.2754 
        H748  2 0.2526 0.2264 0.2128 0.3081 
       H7484  2 0.3942 0.2043 0.2067 0.1948 
       H7485  2 0.1973 0.2889 0.2311 0.2827 
        H749  2 0.1658 0.3100 0.2226 0.3016 
        H930  2 0.1760 0.2401 0.1870 0.3970 
        H931  2 0.2243 0.2450 0.3072 0.2236 
        H932  2 0.2679 0.2685 0.2172 0.2464 
        H111  3 0.1896 0.2941 0.1966 0.3197 
        H951  3 0.1794 0.2857 0.2340 0.3009 
        H952  3 0.2597 0.3056 0.2024 0.2323 
        H953  3 0.1895 0.2814 0.2907 0.2383 
        H954  3 0.3562 0.1892 0.2074 0.2472 
        H955  3 0.1790 0.2574 0.2031 0.3605 
        H956  3 0.2690 0.2119 0.2351 0.2840 
       H9563  3 0.2760 0.1971 0.2711 0.2559 
        H002  4 0.3578 0.2519 0.2105 0.1799 
        H003  4 0.1753 0.2537 0.3525 0.2185 
        H009  4 0.1953 0.3499 0.2092 0.2456 
        H010  4 0.2251 0.2351 0.3111 0.2287 
        H011  4 0.3609 0.1770 0.2932 0.1688 
        H012  4 0.1723 0.2080 0.3223 0.2974 
        H013  4 0.2727 0.1871 0.3395 0.2008 
        H014  4 0.2539 0.2531 0.2649 0.2281 
        H045  4 0.2627 0.2075 0.3084 0.2215 
        H046  4 0.1798 0.3000 0.2891 0.2311 
        H051  4 0.2821 0.1860 0.3195 0.2124 
        H052  4 0.3010 0.2844 0.1984 0.2161 
        H053  4 0.3100 0.2177 0.2339 0.2384 
        H056  4 0.3386 0.2480 0.2090 0.2044 
        H076  4 0.1802 0.2973 0.2993 0.2232 
        H151  4 0.4292 0.2154 0.1833 0.1721 
        H152  4 0.3613 0.2731 0.2077 0.1579 
     H171803  4 0.3239 0.2154 0.2337 0.2269 
     H171804  4 0.2915 0.2026 0.2185 0.2873 
     H171833  4 0.1802 0.3466 0.2089 0.2643 
     H171855  4 0.4218 0.2305 0.1695 0.1782 
     H171856  4 0.2425 0.2693 0.1756 0.3126 
     H171857  4 0.3751 0.2417 0.1811 0.2022 
     H171858  4 0.2408 0.3020 0.2446 0.2126 
     H171859  4 0.2682 0.2452 0.2631 0.2235 
     H171961  4 0.2895 0.2103 0.2962 0.2040 
        H198  4 0.1624 0.2644 0.3207 0.2525 
      H20001  4 0.1806 0.3435 0.1931 0.2828 
        H403  4 0.2784 0.2931 0.1874 0.2412 
        H404  4 0.1776 0.2357 0.3530 0.2337 
        H405  4 0.1786 0.2575 0.2795 0.2844 
        H406  4 0.2273 0.3468 0.1377 0.2882 
        H407  4 0.2680 0.2487 0.2250 0.2582 
        H410  4 0.1816 0.2975 0.2329 0.2880 
        H411  4 0.2075 0.3225 0.1979 0.2721 
        H468  4 0.2577 0.2731 0.1477 0.3215 
        H476  4 0.2666 0.2305 0.1629 0.3400 
        H477  4 0.1836 0.3718 0.1631 0.2815 
        H478  4 0.1680 0.2492 0.3168 0.2661 
        H479  4 0.2751 0.2220 0.2845 0.2184 
        H480  4 0.1815 0.2880 0.1955 0.3351 
        H498  4 0.2339 0.2411 0.3064 0.2186 
        H499  4 0.2495 0.2466 0.2632 0.2407 
        H500  4 0.3546 0.1792 0.2314 0.2348 
        H515  4 0.3174 0.2132 0.2155 0.2539 
        H516  4 0.2510 0.2737 0.2186 0.2566 
        H517  4 0.2421 0.2589 0.2296 0.2694 
        H518  4 0.3064 0.2608 0.1826 0.2503 
        H520  4 0.3272 0.2314 0.2003 0.2411 
        H521  4 0.2031 0.2546 0.3070 0.2353 
        H522  4 0.2590 0.2342 0.2198 0.2870 
        H523  4 0.2745 0.2258 0.2155 0.2842 
        H536  4 0.2137 0.2659 0.3011 0.2193 
        H645  4 0.2606 0.1769 0.3821 0.1804 
        H646  4 0.1648 0.3143 0.1876 0.3332 
        H647  4 0.2234 0.2924 0.1951 0.2891 
        H657  4 0.1783 0.2662 0.2485 0.3070 
        H658  4 0.2655 0.2050 0.2122 0.3174 
        H659  4 0.4534 0.1875 0.1751 0.1840 
        H660  4 0.2588 0.2414 0.2234 0.2764 
        H661  4 0.3240 0.2669 0.2123 0.1967 
        H668  4 0.1777 0.2065 0.3491 0.2667 
        H669  4 0.2461 0.2137 0.2957 0.2445 
        H670  4 0.2590 0.1757 0.3917 0.1736 
        H678  4 0.2507 0.2330 0.2124 0.3040 
        H679  4 0.1678 0.2264 0.2205 0.3854 
        H680  4 0.2574 0.2902 0.2268 0.2256 
        H681  4 0.2703 0.2110 0.3059 0.2129 
        H682  4 0.2039 0.1824 0.2505 0.3632 
        H683  4 0.3245 0.2890 0.1701 0.2164 
        H718  4 0.3662 0.2286 0.2109 0.1943 
        H719  4 0.2488 0.1884 0.3267 0.2361 
        H720  4 0.2410 0.3188 0.2356 0.2046 
        H721  4 0.2686 0.3095 0.2045 0.2174 
        H722  4 0.3046 0.3365 0.1800 0.1789 
        H723  4 0.3283 0.1949 0.2575 0.2193 
        H724  4 0.4535 0.1797 0.1685 0.1982 
        H725  4 0.3999 0.2139 0.1963 0.1899 
        H726  4 0.3439 0.2231 0.2278 0.2052 
        H727  4 0.3222 0.1960 0.2885 0.1933 
        H910  4 0.2972 0.1881 0.2752 0.2395 
        H911  4 0.2168 0.2762 0.2170 0.2901 
        H912  4 0.2878 0.2620 0.1946 0.2556 
        H913  4 0.3143 0.2126 0.2029 0.2702 
        H914  4 0.3271 0.1780 0.2671 0.2279 
        H915  4 0.2601 0.2291 0.1892 0.3216 
        H916  4 0.2394 0.2734 0.1682 0.3190 
       H9572  4 0.2501 0.2725 0.2526 0.2247 
        H015  5 0.1869 0.2825 0.2198 0.3108 
        H016  5 0.1787 0.3501 0.2308 0.2404 
        H017  5 0.2588 0.2889 0.1989 0.2534 
        H019  5 0.2003 0.2880 0.2492 0.2625 
        H020  5 0.2675 0.2686 0.2563 0.2076 
        H032  5 0.2908 0.2240 0.2105 0.2747 
        H033  5 0.1929 0.1965 0.3293 0.2813 
        H034  5 0.3194 0.1814 0.3014 0.1979 
        H035  5 0.2573 0.2531 0.2133 0.2762 
        H036  5 0.2087 0.2560 0.2403 0.2950 
        H037  5 0.3107 0.2128 0.2366 0.2398 
        H048  5 0.3561 0.1972 0.2417 0.2050 
        H049  5 0.2524 0.2708 0.2288 0.2480 
        H054  5 0.2660 0.2539 0.2632 0.2169 
        H055  5 0.2926 0.2395 0.3088 0.1591 
        H057  5 0.2385 0.3312 0.2109 0.2194 
        H060  5 0.2881 0.2730 0.2637 0.1753 
        H061  5 0.2050 0.2610 0.2592 0.2748 
        H064  5 0.2921 0.2549 0.2818 0.1713 
        H070  5 0.2826 0.1896 0.3066 0.2213 
        H077  5 0.3583 0.2233 0.1996 0.2188 
        H078  5 0.3417 0.2563 0.1753 0.2266 
        H079  5 0.1613 0.2306 0.2938 0.3143 
        H097  5 0.2805 0.3249 0.1571 0.2375 
        H107  5 0.4079 0.1590 0.2735 0.1596 
        H122  5 0.2217 0.3010 0.2050 0.2724 
        H123  5 0.1896 0.2791 0.2109 0.3204 
        H124  5 0.1937 0.2689 0.2456 0.2918 
        H131  5 0.1948 0.2432 0.2781 0.2839 
        H132  5 0.2774 0.2205 0.2673 0.2348 
        H141  5 0.2756 0.2344 0.2418 0.2482 
        H142  5 0.1635 0.2410 0.2899 0.3055 
        H157  5 0.3449 0.2040 0.2530 0.1981 
        H158  5 0.2077 0.3509 0.1813 0.2601 
        H159  5 0.1730 0.2861 0.2261 0.3149 
        H160  5 0.2528 0.2455 0.2108 0.2908 
        H163  5 0.2192 0.2357 0.2554 0.2898 
        H164  5 0.1987 0.2650 0.2910 0.2453 
        H165  5 0.1571 0.2524 0.3568 0.2337 
        H166  5 0.2028 0.2566 0.2847 0.2560 
        H169  5 0.2424 0.2214 0.3127 0.2235 
     H169613  5 0.2483 0.2672 0.2389 0.2456 
     H169653  5 0.2091 0.2504 0.3045 0.2360 
     H169728  5 0.2109 0.2542 0.2140 0.3209 
     H169742  5 0.2421 0.2150 0.3356 0.2073 
        H170  5 0.2339 0.3484 0.2069 0.2108 
        H171  5 0.2096 0.3575 0.2036 0.2293 
     H171851  5 0.2304 0.2941 0.2483 0.2271 
     H171852  5 0.3260 0.2726 0.1912 0.2102 
     H171853  5 0.2948 0.1946 0.2618 0.2487 
     H171854  5 0.2578 0.2481 0.2025 0.2916 
     H171938  5 0.2260 0.1763 0.3529 0.2448 
     H171939  5 0.1926 0.3625 0.2271 0.2178 
     H171941  5 0.3508 0.1907 0.3065 0.1520 
     H171965  5 0.1896 0.2794 0.3134 0.2177 
     H171970  5 0.4040 0.1795 0.2502 0.1664 
     H171973  5 0.1832 0.2249 0.3057 0.2863 
     H171974  5 0.2592 0.1973 0.3084 0.2350 
     H171975  5 0.2862 0.2181 0.3005 0.1952 
     H171976  5 0.2549 0.3123 0.1580 0.2747 
        H175  5 0.3229 0.2084 0.2628 0.2059 
        H178  5 0.2542 0.2330 0.3070 0.2058 
        H189  5 0.1671 0.2884 0.2706 0.2739 
        H399  5 0.2442 0.3595 0.1630 0.2333 
        H416  5 0.2681 0.2243 0.2669 0.2407 
        H438  5 0.2483 0.1967 0.2851 0.2699 
        H450  5 0.3459 0.2233 0.2487 0.1821 
        H455  5 0.3591 0.1817 0.3083 0.1509 
        H456  5 0.2489 0.2224 0.2847 0.2439 
        H457  5 0.3213 0.2849 0.1933 0.2005 
        H458  5 0.3167 0.1929 0.2911 0.1994 
        H459  5 0.1732 0.2473 0.2611 0.3184 
        H460  5 0.2458 0.2341 0.2213 0.2988 
        H461  5 0.2481 0.3076 0.1784 0.2659 
        H462  5 0.1835 0.2153 0.2834 0.3178 
        H469  5 0.1794 0.2401 0.2723 0.3082 
        H470  5 0.2636 0.2266 0.2482 0.2616 
        H471  5 0.1666 0.3466 0.1617 0.3251 
        H481  5 0.4211 0.1927 0.1937 0.1925 
        H482  5 0.2928 0.2494 0.2188 0.2390 
        H501  5 0.2643 0.2060 0.2746 0.2551 
        H502  5 0.1778 0.2890 0.2486 0.2846 
        H503  5 0.2062 0.2797 0.2650 0.2492 
        H509  5 0.3374 0.1991 0.2236 0.2399 
        H510  5 0.2189 0.2472 0.3342 0.1997 
        H511  5 0.2070 0.2730 0.2750 0.2450 
        H530  5 0.2714 0.2030 0.2874 0.2381 
        H531  5 0.3431 0.2385 0.1659 0.2524 
        H564  5 0.2714 0.2655 0.2318 0.2312 
        H565  5 0.3853 0.2180 0.1977 0.1991 
        H567  5 0.1608 0.2906 0.2229 0.3257 
     H568???  5 0.1991 0.3237 0.2208 0.2564 
        H608  5 0.3459 0.2287 0.2440 0.1814 
        H609  5 0.2160 0.1981 0.3804 0.2056 
        H612  5 0.3861 0.1641 0.2546 0.1951 
        H614  5 0.4078 0.2223 0.1861 0.1837 
        H615  5 0.3281 0.2448 0.1826 0.2445 
        H616  5 0.4313 0.1598 0.2573 0.1516 
        H617  5 0.1633 0.2256 0.2667 0.3444 
        H618  5 0.3655 0.2022 0.2300 0.2023 
        H619  5 0.1791 0.2337 0.4106 0.1766 
        H635  5 0.2391 0.2312 0.2768 0.2529 
        H636  5 0.1859 0.1850 0.3828 0.2463 
        H637  5 0.2529 0.2540 0.2719 0.2213 
        H644  5 0.1282 0.3990 0.1921 0.2807 
        H711  5 0.2190 0.3688 0.1939 0.2183 
        H712  5 0.2803 0.2043 0.3197 0.1957 
       H7360  5 0.2541 0.2768 0.2418 0.2273 
       H7361  5 0.3379 0.2268 0.2311 0.2041 
       H7362  5 0.1476 0.3689 0.2198 0.2637 
       H7363  5 0.3023 0.2492 0.2067 0.2418 
       H7394  5 0.1983 0.2325 0.2490 0.3202 
       H7395  5 0.2380 0.2190 0.3323 0.2106 
       H7396  5 0.2454 0.2102 0.2523 0.2921 
        H742  5 0.2400 0.2114 0.3392 0.2094 
        H743  5 0.2699 0.2790 0.2467 0.2045 
        H744  5 0.4087 0.1926 0.2135 0.1852 
        H957  5 0.2385 0.2847 0.2017 0.2751 
        H958  5 0.1931 0.2240 0.2177 0.3651 
        H959  5 0.3349 0.1777 0.2995 0.1879 
        H960  5 0.2501 0.2253 0.2722 0.2523 
      H_PALI  6 0.2148 0.2420 0.2544 0.2889 
        H581  6 0.3096 0.2372 0.1927 0.2605 
        H582  6 0.3793 0.2295 0.2017 0.1896 
        H583  6 0.2749 0.2499 0.2209 0.2544 
        H595  6 0.1667 0.2439 0.1913 0.3981 
        H596  6 0.1640 0.2473 0.2203 0.3684 
        H597  6 0.1726 0.3534 0.2374 0.2365 
        H598  6 0.2588 0.2040 0.2829 0.2542 
        H599  6 0.3126 0.2080 0.2804 0.1990 
        H642  6 0.2124 0.3151 0.1699 0.3026 
        H643  6 0.2464 0.2226 0.2630 0.2680 
        H664  6 0.3643 0.2593 0.1391 0.2373 
        H665  6 0.2211 0.1780 0.3700 0.2310 
        H674  6 0.1534 0.4096 0.1905 0.2465 
        H675  6 0.3163 0.2603 0.2035 0.2199 
        H676  6 0.1986 0.2718 0.2207 0.3088 
        H686  6 0.2290 0.2468 0.2584 0.2658 
        H687  6 0.2497 0.2520 0.2028 0.2955 
        H917  6 0.1557 0.2038 0.3049 0.3356 
        H918  6 0.1757 0.2207 0.3856 0.2179 
        H919  6 0.3761 0.1737 0.2508 0.1994 
        H920  6 0.2901 0.2251 0.2407 0.2441 
        H631  7 0.2947 0.2375 0.2543 0.2135 
        H684  7 0.1840 0.3578 0.2541 0.2041 
        H685  7 0.3941 0.1963 0.1442 0.2653 
        H713  7 0.3535 0.1988 0.2273 0.2204 
        H715  7 0.2173 0.3290 0.2352 0.2185 
        H716  7 0.2679 0.2296 0.3436 0.1589 
        H717  7 0.2581 0.2516 0.2627 0.2275 
        H729  7 0.1597 0.2122 0.3309 0.2972 
        H730  7 0.2469 0.2152 0.3179 0.2201 
        H431  8 0.3541 0.2024 0.2235 0.2200 
        H432  8 0.1576 0.3312 0.2719 0.2394 
        H433  8 0.1916 0.2005 0.2858 0.3220 
        H434  8 0.1994 0.2616 0.2700 0.2690 
        H444  8 0.1900 0.2179 0.3672 0.2249 
        H454  8 0.3512 0.1796 0.2774 0.1918 
        H475  8 0.3846 0.2007 0.2021 0.2126 
        H491  8 0.2813 0.2282 0.3067 0.1838 
        H492  8 0.2983 0.1984 0.2272 0.2762 
        H493  8 0.2448 0.2670 0.2327 0.2555 
        H494  8 0.2632 0.2285 0.2310 0.2773 
        H495  8 0.3708 0.2881 0.1642 0.1768 
        H662  8 0.2164 0.3429 0.2010 0.2396 
        H663  8 0.2484 0.2379 0.2567 0.2570 
        H695  8 0.2633 0.2107 0.2622 0.2638 
       H7367  8 0.1723 0.2449 0.2381 0.3446 
       H7368  8 0.2178 0.2706 0.2792 0.2324 
       H7369  8 0.2369 0.2255 0.3256 0.2120 
       H7370  8 0.1467 0.2088 0.1710 0.4734 
       H7371  8 0.2196 0.1969 0.2743 0.3092 
        H600  9 0.3108 0.2251 0.2493 0.2148 
        H648  9 0.2509 0.2957 0.2289 0.2246 
        H696  9 0.1437 0.3611 0.1832 0.3120 
        H697  9 0.2369 0.2660 0.2629 0.2342 
        H698  9 0.2012 0.2852 0.2410 0.2726 
        H699  9 0.2456 0.2561 0.2554 0.2428 
        H700  9 0.2670 0.2055 0.2967 0.2308 
        H732  9 0.3672 0.2494 0.1789 0.2045 
        H733  9 0.1766 0.2441 0.2426 0.3366 
        H734  9 0.1672 0.2728 0.1845 0.3755 
        H735  9 0.2084 0.2847 0.2069 0.2999 
        H736  9 0.2416 0.2739 0.2269 0.2576 
        H737  9 0.3109 0.2455 0.2608 0.1828 
        H905  9 0.3048 0.1873 0.3216 0.1862 
        H921  9 0.2790 0.1841 0.3085 0.2285 
        H922  9 0.1437 0.2315 0.2710 0.3538 
     H169705 10 0.2250 0.2180 0.2121 0.3449 
     H171942 10 0.1530 0.3261 0.2879 0.2331 
     H171943 10 0.2148 0.2904 0.1913 0.3035 
     H171944 10 0.2396 0.2151 0.2146 0.3307 
     H171946 10 0.3335 0.2785 0.1593 0.2287 
     H171947 10 0.2046 0.2585 0.2656 0.2713 
     H229641 10 0.2448 0.2459 0.2007 0.3086 
      H30001 10 0.2587 0.2020 0.2664 0.2729 
      H30002 10 0.2338 0.2371 0.2983 0.2307 
      H30005 10 0.2392 0.2404 0.2402 0.2802 
      H30006 10 0.1936 0.3358 0.1916 0.2790 
      H30007 10 0.1536 0.4547 0.1724 0.2193 
        H451 10 0.1708 0.2377 0.3123 0.2793 
        H452 10 0.2492 0.2846 0.1787 0.2875 
        H453 10 0.3876 0.2513 0.2033 0.1578 
        H473 10 0.2725 0.2725 0.2479 0.2071 
        H474 10 0.4061 0.2160 0.1526 0.2253 
        H486 10 0.2955 0.2217 0.2380 0.2448 
        H487 10 0.3066 0.2378 0.2339 0.2217 
        H488 10 0.2339 0.1803 0.3738 0.2121 
        H489 10 0.3704 0.1918 0.1808 0.2571 
        H550 10 0.2014 0.3169 0.1877 0.2941 
        H551 10 0.2482 0.1937 0.2594 0.2986 
        H553 10 0.3549 0.2525 0.1785 0.2141 
        H554 10 0.1900 0.2780 0.2909 0.2411 
        H556 10 0.2543 0.2988 0.2007 0.2462 
        H580 10 0.2150 0.2600 0.2814 0.2435 
        H591 10 0.4058 0.1881 0.2144 0.1916 
        H592 10 0.2929 0.2098 0.1927 0.3046 
        H593 10 0.2002 0.2746 0.2622 0.2631 
        H594 10 0.1500 0.3235 0.2367 0.2898 
        H627 10 0.2357 0.2652 0.1967 0.3025 
        H628 10 0.1364 0.2544 0.4050 0.2043 
        H629 10 0.2684 0.2911 0.1807 0.2598 
        H630 10 0.2565 0.2440 0.1766 0.3230 
        H638 10 0.2199 0.2296 0.1993 0.3512 
        H639 10 0.3690 0.2412 0.1751 0.2147 
        H640 10 0.1862 0.2687 0.2082 0.3369 
        H704 10 0.1848 0.3351 0.2648 0.2153 
        H705 10 0.2202 0.2233 0.2176 0.3388 
        H706 10 0.3061 0.1706 0.3297 0.1936 
        H708 10 0.3880 0.2046 0.1947 0.2127 
       H7351 10 0.2204 0.2793 0.2539 0.2464 
       H7352 10 0.2917 0.2343 0.2338 0.2401 
       H7353 10 0.1982 0.3691 0.2153 0.2174 
       H7354 10 0.2828 0.2227 0.3109 0.1836 
       H7365 10 0.3710 0.1892 0.2187 0.2211 
       H7383 10 0.2813 0.1836 0.3002 0.2350 
       H7384 10 0.2931 0.2088 0.3077 0.1904 
       H7385 10 0.3273 0.2006 0.2486 0.2235 
       H7386 10 0.2088 0.2243 0.3238 0.2430 
       H7387 10 0.2232 0.2496 0.2749 0.2523 
       H7388 10 0.2776 0.2453 0.2411 0.2360 
        H906 10 0.2847 0.2862 0.2649 0.1642 
        H907 10 0.1859 0.2653 0.2031 0.3458 
        H908 10 0.2394 0.2231 0.2862 0.2513 
        H909 10 0.2300 0.2194 0.3631 0.1875 
       H9552 10 0.2480 0.2806 0.2506 0.2208 
       H9553 10 0.3020 0.2576 0.2045 0.2359 
       H9555 10 0.1845 0.2123 0.2623 0.3408 
       H9575 10 0.3530 0.2381 0.2037 0.2053 
       H9703 10 0.4273 0.2105 0.1831 0.1791 
       H9707 10 0.3328 0.2032 0.2054 0.2586 
       HSAA4 10 0.2182 0.2621 0.2777 0.2420 
        H001 11 0.2926 0.2245 0.3029 0.1800 
        H004 11 0.2187 0.2698 0.2522 0.2593 
        H005 11 0.3839 0.1803 0.2710 0.1647 
        H006 11 0.2316 0.2002 0.2964 0.2719 
        H007 11 0.3065 0.1878 0.3219 0.1837 
        H031 11 0.4178 0.1588 0.1998 0.2236 
        H074 11 0.3588 0.2044 0.1755 0.2613 
        H075 11 0.3342 0.1924 0.2646 0.2088 
        H080 11 0.3766 0.1899 0.2362 0.1974 
        H086 11 0.2721 0.2349 0.2571 0.2359 
        H092 11 0.3134 0.2152 0.2276 0.2438 
        H093 11 0.1523 0.3387 0.2621 0.2469 
        H094 11 0.2202 0.2358 0.1823 0.3617 
        H095 11 0.3326 0.2272 0.2382 0.2019 
        H096 11 0.2693 0.1890 0.3294 0.2123 
        H099 11 0.2885 0.2306 0.2299 0.2510 
        H100 11 0.1673 0.2743 0.3167 0.2418 
        H127 11 0.3003 0.2308 0.2392 0.2298 
        H136 11 0.3856 0.2071 0.1897 0.2177 
        H153 11 0.2264 0.2532 0.2522 0.2683 
        H154 11 0.3896 0.1992 0.1756 0.2355 
        H155 11 0.1579 0.2480 0.3448 0.2494 
        H156 11 0.1346 0.2316 0.3649 0.2689 
        H161 11 0.2055 0.3223 0.2422 0.2300 
        H162 11 0.1792 0.2644 0.2094 0.3469 
        H167 11 0.2088 0.2388 0.3298 0.2226 
        H168 11 0.2361 0.2434 0.2955 0.2250 
     H169586 11 0.2984 0.3571 0.1505 0.1939 
     H169738 11 0.1730 0.2238 0.3395 0.2637 
     H169741 11 0.3386 0.2024 0.1851 0.2739 
     H171801 11 0.1725 0.3082 0.2589 0.2605 
     H171810 11 0.3101 0.2198 0.2066 0.2636 
     H171811 11 0.3626 0.2513 0.1832 0.2029 
     H171812 11 0.2442 0.2048 0.3760 0.1750 
     H171820 11 0.3512 0.2247 0.2127 0.2114 
     H171821 11 0.2190 0.2386 0.2780 0.2644 
     H171822 11 0.2255 0.2425 0.2358 0.2962 
     H171823 11 0.3462 0.2887 0.1848 0.1802 
     H171866 11 0.1934 0.3159 0.2537 0.2370 
     H171867 11 0.1813 0.1909 0.3280 0.2999 
     H171967 11 0.3304 0.1839 0.2678 0.2179 
     H171969 11 0.2245 0.2474 0.2774 0.2507 
        H172 11 0.2261 0.2331 0.2710 0.2698 
        H173 11 0.2275 0.1846 0.3090 0.2789 
        H174 11 0.1658 0.3141 0.1832 0.3369 
        H196 11 0.2144 0.2704 0.2625 0.2527 
        H197 11 0.1944 0.2171 0.3065 0.2821 
        H346 11 0.2575 0.1975 0.3416 0.2034 
        H355 11 0.2815 0.2344 0.2752 0.2089 
        H356 11 0.2759 0.2346 0.2608 0.2287 
        H357 11 0.2881 0.2033 0.2463 0.2622 
        H358 11 0.2252 0.2011 0.3342 0.2396 
        H359 11 0.2405 0.2445 0.2245 0.2906 
        H360 11 0.2444 0.2019 0.3008 0.2529 
        H361 11 0.2311 0.2394 0.3205 0.2090 
        H362 11 0.1511 0.2496 0.2278 0.3714 
        H363 11 0.3433 0.1817 0.2467 0.2283 
        H364 11 0.2651 0.2500 0.2738 0.2111 
        H365 11 0.1919 0.2935 0.2868 0.2278 
        H366 11 0.1973 0.2459 0.3035 0.2534 
        H367 11 0.3965 0.2092 0.1861 0.2083 
        H368 11 0.1752 0.2911 0.1798 0.3539 
        H369 11 0.4021 0.1604 0.2321 0.2054 
        H370 11 0.1816 0.2331 0.2818 0.3035 
        H371 11 0.2595 0.2283 0.2089 0.3033 
        H372 11 0.2421 0.2314 0.2699 0.2566 
        H373 11 0.2605 0.2133 0.2966 0.2296 
        H374 11 0.2957 0.1961 0.3368 0.1714 
        H375 11 0.2537 0.2074 0.2912 0.2477 
        H376 11 0.2016 0.2939 0.2660 0.2384 
        H377 11 0.2590 0.1966 0.2665 0.2779 
        H378 11 0.2982 0.2460 0.2358 0.2199 
        H379 11 0.2261 0.2390 0.2160 0.3189 
        H380 11 0.1686 0.2001 0.3573 0.2740 
        H381 11 0.3297 0.2516 0.1781 0.2407 
        H382 11 0.1353 0.2658 0.2667 0.3322 
        H383 11 0.1705 0.2887 0.3451 0.1957 
        H384 11 0.3402 0.2205 0.2254 0.2139 
        H385 11 0.3014 0.2144 0.1975 0.2867 
        H386 11 0.2020 0.1751 0.3819 0.2410 
        H387 11 0.2685 0.3726 0.1788 0.1802 
        H388 11 0.1580 0.3072 0.2837 0.2512 
        H389 11 0.2277 0.1963 0.3121 0.2639 
        H390 11 0.1968 0.2440 0.2706 0.2887 
        H391 11 0.2153 0.3425 0.1688 0.2735 
        H392 11 0.3219 0.1998 0.2940 0.1843 
        H393 11 0.1638 0.3286 0.2891 0.2185 
        H394 11 0.1755 0.3898 0.1927 0.2421 
        H395 11 0.3512 0.2038 0.2466 0.1983 
        H408 11 0.2579 0.1937 0.3465 0.2018 
        H412 11 0.4011 0.2667 0.1144 0.2179 
        H417 11 0.2954 0.2321 0.2338 0.2387 
        H418 11 0.3032 0.2749 0.1897 0.2322 
        H429 11 0.2017 0.2480 0.3243 0.2260 
        H430 11 0.1817 0.2253 0.3146 0.2783 
        H439 11 0.2594 0.2105 0.2684 0.2617 
        H440 11 0.3736 0.2180 0.2226 0.1858 
        H441 11 0.2012 0.2315 0.2527 0.3145 
        H442 11 0.2072 0.2570 0.2864 0.2494 
        H446 11 0.2441 0.2641 0.2436 0.2481 
        H447 11 0.1729 0.2194 0.2931 0.3146 
        H448 11 0.2109 0.2098 0.3094 0.2698 
        H534 11 0.4169 0.2253 0.1958 0.1620 
        H537 11 0.3814 0.2220 0.2173 0.1793 
        H568 11 0.4134 0.2002 0.1688 0.2177 
        H569 11 0.1369 0.2399 0.2603 0.3629 
        H586 11 0.2884 0.3689 0.1436 0.1991 
        H587 11 0.4245 0.1758 0.2075 0.1923 
        H588 11 0.1802 0.3622 0.2262 0.2314 
        H589 11 0.3986 0.2008 0.2066 0.1940 
        H590 11 0.3377 0.2329 0.2351 0.1943 
        H601 11 0.1530 0.2734 0.2644 0.3092 
        H602 11 0.3118 0.2126 0.2204 0.2552 
        H603 11 0.1753 0.2022 0.3417 0.2808 
        H610 11 0.2751 0.2307 0.2290 0.2652 
        H611 11 0.3099 0.1976 0.1699 0.3226 
        H649 11 0.2380 0.2252 0.2896 0.2473 
        H650 11 0.1955 0.2599 0.1735 0.3711 
        H651 11 0.2270 0.1940 0.3423 0.2367 
        H652 11 0.2809 0.2786 0.2143 0.2261 
       H7364 11 0.2042 0.2494 0.2795 0.2669 
       H7366 11 0.2550 0.2155 0.3081 0.2213 
       H7378 11 0.1270 0.4284 0.1588 0.2858 
       H7379 11 0.2658 0.2401 0.2456 0.2486 
        H739 11 0.3461 0.2088 0.1835 0.2615 
        H740 11 0.2028 0.2679 0.2088 0.3205 
        H741 11 0.3434 0.1934 0.1880 0.2752 
        H926 11 0.2111 0.2497 0.2321 0.3071 
        H927 11 0.1860 0.2388 0.2315 0.3437 
        H928 11 0.2437 0.2183 0.1680 0.3699 
       H9560 11 0.2306 0.2758 0.1944 0.2992 
        H409 12 0.1647 0.2187 0.3455 0.2710 
        H413 12 0.1556 0.3836 0.2087 0.2520 
        H419 12 0.2147 0.2335 0.3090 0.2428 
        H420 12 0.2908 0.2256 0.2670 0.2166 
        H421 12 0.1454 0.2989 0.2973 0.2583 
        H435 12 0.1779 0.2971 0.2997 0.2252 
        H436 12 0.2295 0.2002 0.3359 0.2345 
        H437 12 0.3522 0.2392 0.2172 0.1913 
        H445 12 0.1758 0.2189 0.3880 0.2173 
        H449 12 0.2288 0.3074 0.2337 0.2301 
        H463 12 0.2907 0.2479 0.2531 0.2083 
        H464 12 0.1818 0.2995 0.2446 0.2741 
        H465 12 0.2448 0.3609 0.1486 0.2457 
        H490 12 0.1726 0.3006 0.2302 0.2967 
        H561 12 0.2479 0.2411 0.2185 0.2926 
        H562 12 0.2169 0.1879 0.3853 0.2099 
        H563 12 0.2717 0.1987 0.2687 0.2609 
        H570 12 0.2959 0.1850 0.3015 0.2177 
        H571 12 0.2369 0.3242 0.2020 0.2369 
        H572 12 0.2556 0.2514 0.2657 0.2272 
        H573 12 0.1691 0.2320 0.3214 0.2775 
       H7372 12 0.1404 0.2332 0.3611 0.2653 
       H7373 12 0.1884 0.3815 0.1939 0.2361 
       H7374 12 0.3037 0.2256 0.3100 0.1607 
       H7375 12 0.2985 0.2130 0.2604 0.2281 
       H7376 12 0.1473 0.1891 0.4397 0.2239 
       H7377 12 0.3101 0.2064 0.1989 0.2847 
