        H102  1 0.3174 0.3936 0.2890 
        H103  1 0.2573 0.1804 0.5623 
        H104  1 0.3760 0.4380 0.1860 
        H105  1 0.4072 0.2883 0.3045 
        H106  1 0.2810 0.3766 0.3424 
        H112  1 0.3381 0.4272 0.2347 
        H113  1 0.5315 0.2372 0.2313 
        H114  1 0.5607 0.1929 0.2464 
        H115  1 0.4293 0.3683 0.2024 
        H143  1 0.4193 0.2673 0.3134 
        H144  1 0.3521 0.1701 0.4778 
        H145  1 0.3124 0.1902 0.4973 
        H149  1 0.2687 0.4820 0.2493 
        H150  1 0.3480 0.2985 0.3535 
     H167542  1 0.5074 0.2545 0.2381 
     H169604  1 0.4507 0.2606 0.2887 
     H169607  1 0.3767 0.2204 0.4029 
     H169608  1 0.2367 0.5020 0.2614 
     H169633  1 0.5271 0.1910 0.2819 
     H169688  1 0.2312 0.2701 0.4987 
     H169714  1 0.3304 0.4099 0.2596 
     H171802  1 0.2962 0.4264 0.2774 
     H171805  1 0.3373 0.2596 0.4030 
     H171807  1 0.2603 0.3924 0.3473 
     H171814  1 0.4044 0.1822 0.4134 
     H171816  1 0.3082 0.3906 0.3012 
     H171817  1 0.3364 0.4122 0.2514 
     H171818  1 0.3609 0.3056 0.3334 
     H171819  1 0.3814 0.3189 0.2996 
     H171834  1 0.3479 0.3097 0.3424 
     H171835  1 0.2902 0.5145 0.1953 
     H171836  1 0.4071 0.1514 0.4416 
     H171837  1 0.3985 0.3795 0.2220 
     H171838  1 0.2869 0.2240 0.4891 
     H171839  1 0.4184 0.3734 0.2083 
     H171841  1 0.1586 0.5540 0.2874 
     H171860  1 0.4284 0.2971 0.2745 
     H171861  1 0.4344 0.1638 0.4018 
     H171862  1 0.3710 0.3073 0.3217 
     H171868  1 0.4678 0.2741 0.2581 
     H171869  1 0.2775 0.2530 0.4696 
     H171870  1 0.2414 0.3795 0.3791 
     H171871  1 0.3109 0.2393 0.4497 
     H171872  1 0.4127 0.3703 0.2170 
     H171873  1 0.2583 0.3646 0.3771 
     H171874  1 0.3401 0.2484 0.4115 
     H171875  1 0.4827 0.1585 0.3588 
     H171876  1 0.3995 0.2402 0.3603 
     H171877  1 0.5040 0.2803 0.2157 
     H171878  1 0.2083 0.4134 0.3784 
     H171901  1 0.2742 0.4433 0.2825 
     H171902  1 0.2737 0.3274 0.3989 
     H171903  1 0.3846 0.2982 0.3172 
     H171935  1 0.2038 0.4402 0.3560 
     H171936  1 0.5217 0.2177 0.2607 
     H171940  1 0.2856 0.4021 0.3123 
     H171945  1 0.3096 0.3026 0.3878 
     H171948  1 0.3320 0.3923 0.2757 
     H171949  1 0.2374 0.5230 0.2396 
     H171950  1 0.2164 0.5723 0.2112 
     H171963  1 0.2810 0.2378 0.4812 
     H171964  1 0.2570 0.2161 0.5270 
     H171966  1 0.2724 0.3425 0.3851 
     H171968  1 0.2899 0.3729 0.3372 
     H171971  1 0.2405 0.3380 0.4215 
     H171972  1 0.3176 0.2012 0.4812 
     H171977  1 0.3309 0.2136 0.4555 
     H171978  1 0.2344 0.4417 0.3239 
     H171979  1 0.3312 0.1940 0.4748 
        H176  1 0.4276 0.2790 0.2934 
        H177  1 0.2526 0.5429 0.2045 
        H179  1 0.4020 0.4103 0.1877 
        H181  1 0.3262 0.2288 0.4451 
        H182  1 0.3539 0.1853 0.4608 
        H183  1 0.2375 0.2460 0.5165 
        H184  1 0.3119 0.3960 0.2921 
        H185  1 0.3911 0.2095 0.3994 
        H186  1 0.2730 0.3544 0.3726 
        H187  1 0.2946 0.3325 0.3728 
        H188  1 0.4284 0.3713 0.2003 
        H192  1 0.2540 0.4862 0.2598 
        H193  1 0.2982 0.2227 0.4791 
        H194  1 0.3737 0.3520 0.2743 
        H195  1 0.2277 0.2280 0.5443 
        H199  1 0.2771 0.2288 0.4941 
        H200  1 0.3449 0.3849 0.2702 
        H414  1 0.3167 0.2859 0.3974 
        H415  1 0.4719 0.2254 0.3026 
        H422  1 0.2684 0.3646 0.3670 
        H423  1 0.1860 0.6174 0.1967 
        H424  1 0.3451 0.1992 0.4556 
        H425  1 0.2989 0.2179 0.4832 
        H426  1 0.1940 0.2643 0.5417 
        H443  1 0.3316 0.2286 0.4398 
        H466  1 0.3110 0.3834 0.3056 
        H467  1 0.2300 0.5333 0.2367 
        H472  1 0.3543 0.3257 0.3199 
        H483  1 0.4140 0.2311 0.3549 
        H504  1 0.2905 0.2057 0.5038 
        H505  1 0.3225 0.4014 0.2761 
        H506  1 0.3120 0.3226 0.3654 
        H507  1 0.4089 0.1651 0.4260 
        H508  1 0.2501 0.4164 0.3335 
        H524  1 0.4757 0.2044 0.3198 
        H525  1 0.3401 0.2735 0.3863 
        H526  1 0.5241 0.2278 0.2481 
        H527  1 0.2706 0.4500 0.2794 
        H528  1 0.4300 0.1884 0.3816 
        H529  1 0.4159 0.1879 0.3962 
        H533  1 0.3926 0.1870 0.4204 
        H538  1 0.3983 0.3262 0.2755 
        H539  1 0.2400 0.3150 0.4450 
        H540  1 0.3670 0.3113 0.3217 
        H541  1 0.4829 0.2627 0.2544 
        H558  1 0.2036 0.2450 0.5514 
        H559  1 0.3802 0.3131 0.3068 
        H579  1 0.3145 0.2249 0.4606 
        H584  1 0.3144 0.2278 0.4578 
        H585  1 0.3439 0.2653 0.3907 
        H605  1 0.3018 0.4040 0.2942 
        H606  1 0.2889 0.5076 0.2035 
        H632  1 0.3047 0.2345 0.4608 
        H634  1 0.3055 0.2839 0.4106 
        H671  1 0.2524 0.5329 0.2147 
        H672  1 0.4026 0.2875 0.3099 
        H673  1 0.3127 0.2435 0.4438 
        H689  1 0.3993 0.2421 0.3586 
        H690  1 0.3854 0.3964 0.2182 
        H691  1 0.4849 0.2704 0.2447 
        H692  1 0.3609 0.1314 0.5076 
        H709  1 0.3680 0.2902 0.3418 
        H710  1 0.3410 0.1658 0.4933 
       H7355  1 0.5639 0.1868 0.2493 
       H7356  1 0.2917 0.3141 0.3941 
       H7357  1 0.3766 0.3644 0.2590 
       H7358  1 0.4184 0.2323 0.3493 
       H7380  1 0.3988 0.2484 0.3528 
       H7381  1 0.2232 0.4454 0.3314 
       H7382  1 0.3727 0.2495 0.3778 
        H904  1 0.2317 0.6109 0.1574 
        H923  1 0.3369 0.3557 0.3074 
        H924  1 0.3286 0.3783 0.2931 
        H925  1 0.4994 0.2374 0.2632 
       H9558  1 0.1908 0.2193 0.5900 
        H008  2 0.4577 0.1834 0.3590 
        H021  2 0.3314 0.4287 0.2399 
        H023  2 0.3107 0.4644 0.2249 
        H024  2 0.3929 0.1763 0.4309 
        H025  2 0.2066 0.4187 0.3747 
        H026  2 0.3281 0.1882 0.4837 
        H027  2 0.5060 0.2528 0.2412 
        H028  2 0.3392 0.2487 0.4121 
        H029  2 0.4669 0.2176 0.3155 
        H030  2 0.3095 0.1820 0.5085 
        H038  2 0.2575 0.4713 0.2712 
        H039  2 0.1585 0.6984 0.1431 
        H040  2 0.2434 0.4877 0.2689 
        H041  2 0.5069 0.2509 0.2422 
        H042  2 0.3321 0.3607 0.3071 
        H043  2 0.1624 0.5507 0.2870 
        H044  2 0.2743 0.2240 0.5017 
        H047  2 0.2493 0.3858 0.3649 
        H050  2 0.3731 0.2234 0.4035 
        H058  2 0.2367 0.4305 0.3327 
        H062  2 0.3185 0.4293 0.2522 
        H063  2 0.2941 0.4729 0.2330 
        H065  2 0.2447 0.3299 0.4255 
        H066  2 0.3034 0.2757 0.4209 
        H067  2 0.4605 0.2500 0.2895 
        H068  2 0.2230 0.5131 0.2639 
        H069  2 0.2806 0.2978 0.4216 
        H071  2 0.3036 0.4307 0.2657 
        H072  2 0.2490 0.5338 0.2172 
        H073  2 0.3935 0.2554 0.3512 
        H081  2 0.4757 0.3115 0.2128 
        H082  2 0.2959 0.1838 0.5203 
        H083  2 0.2461 0.2034 0.5506 
        H084  2 0.3294 0.3625 0.3081 
        H085  2 0.5367 0.2392 0.2241 
        H087  2 0.4995 0.2778 0.2227 
        H088  2 0.3250 0.4272 0.2478 
        H089  2 0.4471 0.2698 0.2832 
        H090  2 0.4254 0.2055 0.3691 
        H091  2 0.5612 0.1661 0.2727 
        H098  2 0.3926 0.2610 0.3463 
      H10001  2 0.1538 0.7020 0.1441 
      H10002  2 0.3166 0.4541 0.2293 
        H101  2 0.3499 0.2404 0.4097 
        H108  2 0.3180 0.4763 0.2057 
        H109  2 0.3302 0.3522 0.3176 
        H110  2 0.5127 0.2238 0.2635 
        H116  2 0.3161 0.2371 0.4467 
        H117  2 0.5977 0.1892 0.2131 
        H118  2 0.4619 0.1552 0.3829 
        H119  2 0.3871 0.3826 0.2304 
        H120  2 0.2501 0.5671 0.1828 
        H121  2 0.5016 0.1835 0.3149 
        H125  2 0.1635 0.6901 0.1464 
        H126  2 0.2521 0.2581 0.4898 
        H128  2 0.4081 0.1066 0.4853 
        H129  2 0.2420 0.1914 0.5666 
        H130  2 0.1535 0.4838 0.3627 
        H133  2 0.1938 0.5708 0.2354 
        H134  2 0.2070 0.1708 0.6223 
        H135  2 0.4132 0.3195 0.2673 
        H137  2 0.3859 0.3069 0.3072 
        H138  2 0.2512 0.2086 0.5402 
        H140  2 0.3637 0.2853 0.3510 
        H146  2 0.4400 0.2174 0.3426 
        H147  2 0.5041 0.2255 0.2704 
        H148  2 0.5782 0.2185 0.2033 
     H166022  2 0.4586 0.1996 0.3418 
     H167359  2 0.3368 0.2943 0.3689 
     H167397  2 0.4634 0.1322 0.4045 
     H167428  2 0.5132 0.1322 0.3546 
     H167496  2 0.3230 0.5016 0.1754 
     H167513  2 0.2424 0.3528 0.4047 
     H167545  2 0.2682 0.2298 0.5020 
     H167547  2 0.2951 0.1779 0.5270 
     H169621  2 0.3854 0.2004 0.4142 
     H169622  2 0.3613 0.2178 0.4209 
     H169750  2 0.2020 0.3999 0.3981 
     H171806  2 0.3556 0.3597 0.2847 
     H171808  2 0.3817 0.2858 0.3325 
     H171809  2 0.4002 0.3270 0.2729 
     H171813  2 0.2640 0.3481 0.3879 
     H171815  2 0.1848 0.5767 0.2384 
     H171824  2 0.4156 0.4092 0.1752 
     H171825  2 0.3403 0.2709 0.3888 
     H171826  2 0.4016 0.3451 0.2533 
     H171827  2 0.3377 0.3686 0.2937 
     H171828  2 0.2475 0.6057 0.1469 
     H171829  2 0.2646 0.3281 0.4072 
     H171830  2 0.3446 0.3269 0.3286 
     H171831  2 0.3425 0.1866 0.4709 
     H171832  2 0.2717 0.2593 0.4691 
     H171863  2 0.2558 0.1648 0.5794 
     H171864  2 0.4530 0.2869 0.2601 
     H171865  2 0.2365 0.5190 0.2445 
     H171879  2 0.3910 0.2742 0.3348 
     H171880  2 0.4659 0.2225 0.3116 
     H171881  2 0.3908 0.2617 0.3475 
     H171882  2 0.1841 0.6343 0.1816 
     H171929  2 0.4000 0.2777 0.3223 
     H171930  2 0.3044 0.1836 0.5120 
     H171933  2 0.3939 0.2737 0.3324 
     H171934  2 0.4473 0.2998 0.2529 
     H171937  2 0.2555 0.2186 0.5259 
     H171962  2 0.3678 0.2597 0.3725 
        H190  2 0.3328 0.2658 0.4014 
        H191  2 0.3284 0.3333 0.3383 
        H396  2 0.4127 0.3229 0.2644 
        H397  2 0.3562 0.2741 0.3698 
        H398  2 0.2836 0.3522 0.3642 
        H400  2 0.4202 0.2984 0.2813 
        H401  2 0.4000 0.1400 0.4600 
        H402  2 0.4262 0.2231 0.3507 
        H427  2 0.4669 0.2708 0.2623 
        H428  2 0.5121 0.1367 0.3512 
        H497  2 0.2402 0.4303 0.3295 
        H512  2 0.3883 0.2972 0.3145 
        H513  2 0.2403 0.3541 0.4057 
        H514  2 0.2376 0.2654 0.4970 
        H519  2 0.2729 0.3533 0.3738 
        H532  2 0.5150 0.1998 0.2852 
        H543  2 0.4266 0.2148 0.3585 
        H544  2 0.1899 0.3009 0.5092 
        H545  2 0.2527 0.1957 0.5516 
        H546  2 0.2079 0.5048 0.2873 
        H547  2 0.2935 0.1843 0.5222 
        H548  2 0.4526 0.2666 0.2808 
        H549  2 0.2467 0.3541 0.3992 
        H620  2 0.1999 0.6367 0.1634 
        H623  2 0.2407 0.2365 0.5228 
        H624  2 0.1586 0.4179 0.4235 
        H625  2 0.3867 0.2841 0.3291 
        H626  2 0.3564 0.3359 0.3077 
        H654  2 0.1262 0.7012 0.1726 
        H655  2 0.2682 0.4237 0.3081 
        H656  2 0.2275 0.5868 0.1856 
        H666  2 0.1844 0.5996 0.2160 
        H667  2 0.4066 0.2872 0.3063 
        H677  2 0.4196 0.2578 0.3225 
        H693  2 0.3032 0.5064 0.1903 
        H694  2 0.2851 0.2391 0.4757 
        H701  2 0.3750 0.2301 0.3949 
        H702  2 0.3222 0.3743 0.3035 
        H731  2 0.3562 0.3943 0.2495 
       H7359  2 0.3387 0.2915 0.3698 
       H7389  2 0.3959 0.2770 0.3271 
       H7390  2 0.2195 0.5599 0.2206 
       H7391  2 0.6132 0.2113 0.1755 
       H7392  2 0.2889 0.3630 0.3482 
       H7393  2 0.3045 0.4120 0.2835 
       H7398  2 0.5005 0.2647 0.2348 
       H7399  2 0.3867 0.2199 0.3934 
       H7400  2 0.1532 0.6619 0.1850 
        H745  2 0.2285 0.1939 0.5776 
        H746  2 0.3514 0.2296 0.4190 
        H747  2 0.2633 0.5094 0.2273 
        H748  2 0.3340 0.3208 0.3452 
       H7484  2 0.2423 0.5509 0.2069 
       H7485  2 0.2566 0.3020 0.4415 
        H749  2 0.3511 0.2440 0.4049 
        H930  2 0.3420 0.1911 0.4668 
        H931  2 0.4208 0.2902 0.2889 
        H932  2 0.3905 0.3065 0.3029 
        H111  3 0.2781 0.2245 0.4974 
        H951  3 0.3688 0.2143 0.4170 
        H952  3 0.3267 0.3012 0.3721 
        H953  3 0.5508 0.2018 0.2474 
        H954  3 0.2241 0.5398 0.2361 
        H955  3 0.3186 0.2006 0.4807 
        H956  3 0.4024 0.3464 0.2512 
       H9563  3 0.4258 0.3445 0.2297 
        H002  4 0.1840 0.4819 0.3342 
        H003  4 0.4164 0.2261 0.3575 
        H009  4 0.2518 0.2426 0.5056 
        H010  4 0.4236 0.2775 0.2989 
        H011  4 0.2271 0.5757 0.1972 
        H012  4 0.4725 0.2146 0.3129 
        H013  4 0.3495 0.3991 0.2514 
        H014  4 0.3001 0.3184 0.3815 
        H045  4 0.3941 0.3924 0.2136 
        H046  4 0.3788 0.2191 0.4021 
        H051  4 0.3387 0.4395 0.2218 
        H052  4 0.2223 0.4301 0.3477 
        H053  4 0.3319 0.3903 0.2778 
        H056  4 0.2175 0.4805 0.3019 
        H076  4 0.3784 0.2133 0.4082 
        H151  4 0.1751 0.5913 0.2337 
        H152  4 0.2293 0.4465 0.3243 
     H171803  4 0.2680 0.4960 0.2359 
     H171804  4 0.3324 0.4120 0.2556 
     H171833  4 0.2263 0.2227 0.5510 
     H171855  4 0.1722 0.5560 0.2718 
     H171856  4 0.3532 0.3685 0.2784 
     H171857  4 0.2457 0.4693 0.2850 
     H171858  4 0.3622 0.3001 0.3377 
     H171859  4 0.3355 0.3563 0.3082 
     H171961  4 0.2899 0.4644 0.2457 
        H198  4 0.4205 0.1601 0.4194 
      H20001  4 0.1970 0.2516 0.5514 
        H403  4 0.2873 0.3897 0.3229 
        H404  4 0.4389 0.2231 0.3380 
        H405  4 0.4497 0.2128 0.3375 
        H406  4 0.2357 0.2679 0.4963 
        H407  4 0.4125 0.3573 0.2302 
        H410  4 0.5522 0.1742 0.2736 
        H411  4 0.2445 0.2206 0.5349 
        H468  4 0.2013 0.3345 0.4642 
        H476  4 0.2451 0.3852 0.3697 
        H477  4 0.2280 0.2278 0.5442 
        H478  4 0.3724 0.2595 0.3682 
        H479  4 0.3320 0.4137 0.2543 
        H480  4 0.2684 0.2089 0.5227 
        H498  4 0.3099 0.2894 0.4007 
        H499  4 0.3147 0.3295 0.3558 
        H500  4 0.2858 0.5189 0.1953 
        H515  4 0.3118 0.4075 0.2807 
        H516  4 0.2900 0.3462 0.3638 
        H517  4 0.4041 0.2905 0.3054 
        H518  4 0.2181 0.4195 0.3623 
        H520  4 0.2473 0.4759 0.2767 
        H521  4 0.3805 0.3076 0.3119 
        H522  4 0.2931 0.3963 0.3106 
        H523  4 0.3252 0.3560 0.3188 
        H536  4 0.4005 0.2818 0.3177 
        H645  4 0.4183 0.3848 0.1969 
        H646  4 0.3815 0.2006 0.4179 
        H647  4 0.3207 0.2966 0.3828 
        H657  4 0.4124 0.2216 0.3660 
        H658  4 0.3557 0.3436 0.3007 
        H659  4 0.1588 0.6591 0.1821 
        H660  4 0.2626 0.3862 0.3513 
        H661  4 0.1981 0.5252 0.2767 
        H668  4 0.4640 0.2243 0.3117 
        H669  4 0.4016 0.3299 0.2685 
        H670  4 0.4404 0.3482 0.2114 
        H678  4 0.3411 0.3265 0.3324 
        H679  4 0.4082 0.2117 0.3801 
        H680  4 0.2841 0.3435 0.3723 
        H681  4 0.3389 0.3856 0.2755 
        H682  4 0.4436 0.2574 0.2990 
        H683  4 0.2125 0.4122 0.3753 
        H718  4 0.2370 0.5357 0.2273 
        H719  4 0.3480 0.3862 0.2659 
        H720  4 0.2195 0.4248 0.3556 
        H721  4 0.2294 0.4006 0.3700 
        H722  4 0.1769 0.3999 0.4232 
        H723  4 0.3601 0.4275 0.2124 
        H724  4 0.2383 0.5755 0.1863 
        H725  4 0.1901 0.5685 0.2414 
        H726  4 0.2688 0.4610 0.2702 
        H727  4 0.3551 0.4265 0.2184 
        H910  4 0.3409 0.4181 0.2410 
        H911  4 0.3926 0.2371 0.3704 
        H912  4 0.2770 0.3546 0.3684 
        H913  4 0.3082 0.4107 0.2811 
        H914  4 0.3575 0.4668 0.1757 
        H915  4 0.3099 0.3578 0.3323 
        H916  4 0.2535 0.3064 0.4401 
       H9572  4 0.2622 0.4233 0.3144 
        H015  5 0.2553 0.2367 0.5080 
        H016  5 0.2812 0.2344 0.4844 
        H017  5 0.2237 0.3437 0.4326 
        H019  5 0.2704 0.2702 0.4594 
        H020  5 0.3253 0.3667 0.3080 
        H032  5 0.2967 0.3665 0.3368 
        H033  5 0.3990 0.2647 0.3363 
        H034  5 0.3340 0.4524 0.2136 
        H035  5 0.3427 0.3190 0.3383 
        H036  5 0.3805 0.2553 0.3642 
        H037  5 0.2889 0.4471 0.2640 
        H048  5 0.3092 0.4968 0.1940 
        H049  5 0.2262 0.2889 0.4849 
        H054  5 0.3993 0.3022 0.2985 
        H055  5 0.3104 0.4141 0.2755 
        H057  5 0.1837 0.3212 0.4950 
        H060  5 0.2451 0.4143 0.3406 
        H061  5 0.4032 0.2695 0.3273 
        H064  5 0.2876 0.4126 0.2997 
        H070  5 0.3663 0.3869 0.2468 
        H077  5 0.2099 0.5252 0.2649 
        H078  5 0.2255 0.4533 0.3212 
        H079  5 0.5375 0.2028 0.2597 
        H097  5 0.1660 0.3528 0.4812 
        H107  5 0.2352 0.6081 0.1567 
        H122  5 0.2831 0.2974 0.4194 
        H123  5 0.4290 0.2039 0.3670 
        H124  5 0.4564 0.2137 0.3298 
        H131  5 0.4288 0.2333 0.3378 
        H132  5 0.3525 0.3740 0.2735 
        H141  5 0.3013 0.4273 0.2714 
        H142  5 0.3471 0.2128 0.4402 
        H157  5 0.2758 0.5049 0.2193 
        H158  5 0.2898 0.1971 0.5131 
        H159  5 0.3176 0.2415 0.4409 
        H160  5 0.2886 0.3519 0.3595 
        H163  5 0.3635 0.2485 0.3879 
        H164  5 0.3209 0.2616 0.4175 
        H165  5 0.5216 0.2014 0.2770 
        H166  5 0.3177 0.2489 0.4333 
        H169  5 0.3636 0.2853 0.3511 
     H169613  5 0.2764 0.3274 0.3962 
     H169653  5 0.3551 0.2396 0.4054 
     H169728  5 0.3143 0.2813 0.4044 
     H169742  5 0.4174 0.3424 0.2402 
        H170  5 0.2018 0.2869 0.5114 
        H171  5 0.2267 0.2573 0.5159 
     H171851  5 0.2685 0.2972 0.4343 
     H171852  5 0.2559 0.4247 0.3194 
     H171853  5 0.3361 0.4061 0.2578 
     H171854  5 0.2860 0.2961 0.4179 
     H171938  5 0.4683 0.3049 0.2267 
     H171939  5 0.3255 0.2244 0.4501 
     H171941  5 0.2546 0.5307 0.2147 
     H171965  5 0.3199 0.2207 0.4594 
     H171970  5 0.2036 0.5980 0.1984 
     H171973  5 0.4931 0.2284 0.2785 
     H171974  5 0.4193 0.3265 0.2542 
     H171975  5 0.3486 0.3782 0.2732 
     H171976  5 0.1871 0.3139 0.4990 
        H175  5 0.3458 0.4413 0.2128 
        H178  5 0.3129 0.3600 0.3271 
        H189  5 0.3806 0.1841 0.4353 
        H399  5 0.2317 0.2944 0.4739 
        H416  5 0.3564 0.3484 0.2952 
        H438  5 0.4420 0.3111 0.2470 
        H450  5 0.2229 0.5054 0.2717 
        H455  5 0.2480 0.5673 0.1847 
        H456  5 0.4228 0.3106 0.2666 
        H457  5 0.2037 0.4628 0.3335 
        H458  5 0.3184 0.4250 0.2566 
        H459  5 0.3815 0.2048 0.4137 
        H460  5 0.3198 0.3704 0.3098 
        H461  5 0.2291 0.2778 0.4931 
        H462  5 0.4067 0.2571 0.3363 
        H469  5 0.4439 0.2042 0.3520 
        H470  5 0.2971 0.3956 0.3073 
        H471  5 0.3031 0.1937 0.5033 
        H481  5 0.2321 0.5805 0.1875 
        H482  5 0.2804 0.4132 0.3064 
        H501  5 0.3451 0.3412 0.3137 
        H502  5 0.3108 0.1940 0.4952 
        H503  5 0.3357 0.2641 0.4001 
        H509  5 0.2919 0.4844 0.2237 
        H510  5 0.2854 0.3247 0.3898 
        H511  5 0.3293 0.2384 0.4323 
        H530  5 0.4056 0.3687 0.2257 
        H531  5 0.2367 0.5043 0.2590 
        H564  5 0.2650 0.4230 0.3120 
        H565  5 0.1988 0.5403 0.2609 
        H567  5 0.4334 0.1832 0.3834 
     H568???  5 0.3076 0.2242 0.4681 
        H608  5 0.2442 0.5103 0.2455 
        H609  5 0.4618 0.2689 0.2693 
        H612  5 0.2836 0.5507 0.1657 
        H614  5 0.2055 0.5287 0.2658 
        H615  5 0.2200 0.4477 0.3323 
        H616  5 0.2736 0.5805 0.1459 
        H617  5 0.4647 0.2047 0.3306 
        H618  5 0.2742 0.5068 0.2190 
        H619  5 0.4776 0.2430 0.2794 
        H635  5 0.3469 0.3003 0.3528 
        H636  5 0.5210 0.2445 0.2345 
        H637  5 0.3236 0.3783 0.2981 
        H644  5 0.2554 0.1333 0.6112 
        H711  5 0.2376 0.2580 0.5045 
        H712  5 0.3979 0.3876 0.2144 
       H7360  5 0.2537 0.3549 0.3914 
       H7361  5 0.2634 0.4613 0.2753 
       H7362  5 0.3008 0.1597 0.5395 
       H7363  5 0.2663 0.4081 0.3256 
       H7394  5 0.3618 0.2155 0.4228 
       H7395  5 0.3275 0.3686 0.3039 
       H7396  5 0.3485 0.3118 0.3397 
        H742  5 0.4151 0.3476 0.2373 
        H743  5 0.3616 0.3404 0.2981 
        H744  5 0.3237 0.5044 0.1718 
        H957  5 0.2370 0.3373 0.4257 
        H958  5 0.3713 0.2740 0.3547 
        H959  5 0.2941 0.4967 0.2092 
        H960  5 0.4311 0.3011 0.2678 
      H_PALI  6 0.2853 0.3035 0.4112 
        H581  6 0.2582 0.4079 0.3339 
        H582  6 0.1704 0.5904 0.2392 
        H583  6 0.3054 0.3737 0.3209 
        H595  6 0.3547 0.1869 0.4584 
        H596  6 0.3939 0.1917 0.4144 
        H597  6 0.3412 0.2109 0.4479 
        H598  6 0.3925 0.3453 0.2622 
        H599  6 0.2862 0.4488 0.2650 
        H642  6 0.2529 0.2672 0.4800 
        H643  6 0.4425 0.2925 0.2650 
        H664  6 0.1735 0.5363 0.2902 
        H665  6 0.4756 0.2792 0.2452 
        H674  6 0.2516 0.1714 0.5770 
        H675  6 0.2549 0.4257 0.3194 
        H676  6 0.2840 0.2365 0.4795 
        H686  6 0.2828 0.3064 0.4108 
        H687  6 0.2978 0.3252 0.3770 
        H917  6 0.5054 0.1944 0.3003 
        H918  6 0.3972 0.2929 0.3099 
        H919  6 0.3241 0.4978 0.1781 
        H920  6 0.2491 0.4433 0.3076 
        H631  7 0.2730 0.4557 0.2713 
        H684  7 0.2478 0.2000 0.5523 
        H685  7 0.2762 0.4907 0.2331 
        H713  7 0.2211 0.5804 0.1985 
        H715  7 0.2650 0.2322 0.5028 
        H716  7 0.2911 0.3969 0.3120 
        H717  7 0.3116 0.3884 0.3000 
        H729  7 0.5499 0.1762 0.2739 
        H730  7 0.4852 0.2994 0.2153 
        H431  8 0.3597 0.4026 0.2377 
        H432  8 0.3127 0.1854 0.5018 
        H433  8 0.4189 0.2531 0.3280 
        H434  8 0.3890 0.2633 0.3477 
        H444  8 0.3961 0.2693 0.3346 
        H454  8 0.2521 0.5352 0.2127 
        H475  8 0.2027 0.5532 0.2441 
        H491  8 0.2439 0.4328 0.3233 
        H492  8 0.2607 0.4721 0.2672 
        H493  8 0.2969 0.2807 0.4224 
        H494  8 0.3204 0.3820 0.2976 
        H495  8 0.1633 0.5159 0.3208 
        H662  8 0.2766 0.3042 0.4192 
        H663  8 0.3669 0.3400 0.2932 
        H695  8 0.4007 0.3436 0.2557 
       H7367  8 0.5040 0.1788 0.3171 
       H7368  8 0.3623 0.2325 0.4052 
       H7369  8 0.4350 0.3005 0.2645 
       H7370  8 0.4003 0.1872 0.4125 
       H7371  8 0.4458 0.2780 0.2762 
        H600  9 0.2753 0.4658 0.2589 
        H648  9 0.2856 0.3378 0.3766 
        H696  9 0.2593 0.1742 0.5665 
        H697  9 0.4322 0.2724 0.2954 
        H698  9 0.4089 0.2473 0.3438 
        H699  9 0.3525 0.3021 0.3454 
        H700  9 0.2945 0.4613 0.2442 
        H732  9 0.1990 0.5278 0.2731 
        H733  9 0.4606 0.2153 0.3241 
        H734  9 0.3016 0.2021 0.4963 
        H735  9 0.3577 0.2612 0.3811 
        H736  9 0.3008 0.3683 0.3309 
        H737  9 0.4191 0.3479 0.2330 
        H905  9 0.3455 0.4198 0.2347 
        H921  9 0.3675 0.3961 0.2364 
        H922  9 0.4035 0.1868 0.4097 
     H169705 10 0.4664 0.2457 0.2878 
     H171942 10 0.3172 0.1827 0.5001 
     H171943 10 0.3004 0.3076 0.3920 
     H171944 10 0.4105 0.3116 0.2779 
     H171946 10 0.2007 0.4683 0.3310 
     H171947 10 0.3412 0.2570 0.4018 
     H229641 10 0.3025 0.3326 0.3649 
      H30001 10 0.3572 0.3570 0.2859 
      H30002 10 0.3921 0.3107 0.2972 
      H30005 10 0.4455 0.2666 0.2879 
      H30006 10 0.3932 0.2260 0.3809 
      H30007 10 0.2330 0.1661 0.6009 
        H451 10 0.3727 0.2191 0.4083 
        H452 10 0.4031 0.2650 0.3319 
        H453 10 0.2087 0.5065 0.2847 
        H473 10 0.3170 0.3875 0.2955 
        H474 10 0.1653 0.5885 0.2462 
        H486 10 0.3146 0.4208 0.2647 
        H487 10 0.3560 0.3955 0.2485 
        H488 10 0.4120 0.3437 0.2443 
        H489 10 0.2926 0.4917 0.2156 
        H550 10 0.2456 0.2329 0.5215 
        H551 10 0.4406 0.3273 0.2321 
        H553 10 0.3129 0.4423 0.2447 
        H554 10 0.3083 0.2525 0.4391 
        H556 10 0.2929 0.3445 0.3627 
        H580 10 0.4192 0.2763 0.3044 
        H591 10 0.2253 0.5877 0.1870 
        H592 10 0.3285 0.3908 0.2807 
        H593 10 0.2981 0.3074 0.3945 
        H594 10 0.3563 0.1523 0.4913 
        H627 10 0.2324 0.3705 0.3970 
        H628 10 0.5391 0.1631 0.2977 
        H629 10 0.2336 0.3583 0.4081 
        H630 10 0.2875 0.3447 0.3678 
        H638 10 0.3562 0.2730 0.3708 
        H639 10 0.2114 0.4880 0.3006 
        H640 10 0.3121 0.2600 0.4279 
        H704 10 0.3096 0.2351 0.4552 
        H705 10 0.4758 0.2433 0.2808 
        H706 10 0.3958 0.4220 0.1823 
        H708 10 0.2243 0.5617 0.2139 
       H7351 10 0.2863 0.3099 0.4038 
       H7352 10 0.3299 0.3358 0.3343 
       H7353 10 0.2567 0.2095 0.5338 
       H7354 10 0.2949 0.4197 0.2853 
       H7365 10 0.2405 0.5645 0.1951 
       H7383 10 0.3673 0.4090 0.2238 
       H7384 10 0.4250 0.3400 0.2350 
       H7385 10 0.3135 0.4514 0.2352 
       H7386 10 0.4184 0.2844 0.2972 
       H7387 10 0.3873 0.2651 0.3476 
       H7388 10 0.4710 0.2699 0.2591 
        H906 10 0.2161 0.4338 0.3501 
        H907 10 0.3222 0.2227 0.4551 
        H908 10 0.3792 0.3252 0.2956 
        H909 10 0.3778 0.3397 0.2825 
       H9552 10 0.3500 0.3075 0.3425 
       H9553 10 0.3949 0.3515 0.2536 
       H9555 10 0.4505 0.2513 0.2983 
       H9575 10 0.2214 0.4903 0.2883 
       H9703 10 0.2803 0.5304 0.1893 
       H9707 10 0.2613 0.4707 0.2680 
       HSAA4 10 0.4227 0.2741 0.3032 
        H001 11 0.3749 0.3586 0.2665 
        H004 11 0.3325 0.3178 0.3497 
        H005 11 0.2575 0.5373 0.2053 
        H006 11 0.3646 0.3353 0.3001 
        H007 11 0.3389 0.4663 0.1948 
        H031 11 0.2503 0.5820 0.1676 
        H074 11 0.2129 0.5285 0.2586 
        H075 11 0.2957 0.5200 0.1844 
        H080 11 0.3173 0.4682 0.2145 
        H086 11 0.4140 0.2997 0.2864 
        H092 11 0.3752 0.3715 0.2533 
        H093 11 0.3022 0.1787 0.5191 
        H094 11 0.3050 0.2800 0.4150 
        H095 11 0.2944 0.4652 0.2404 
        H096 11 0.3807 0.3825 0.2368 
        H099 11 0.3142 0.4063 0.2795 
        H100 11 0.3832 0.2014 0.4154 
        H127 11 0.3810 0.3674 0.2516 
        H136 11 0.2405 0.5276 0.2319 
        H153 11 0.2682 0.2904 0.4414 
        H154 11 0.2249 0.5459 0.2292 
        H155 11 0.5533 0.1749 0.2718 
        H156 11 0.5122 0.1496 0.3383 
        H161 11 0.2622 0.2850 0.4528 
        H162 11 0.3951 0.2113 0.3936 
        H167 11 0.4225 0.2498 0.3277 
        H168 11 0.4277 0.2691 0.3032 
     H169586 11 0.1716 0.3955 0.4329 
     H169738 11 0.5446 0.2017 0.2537 
     H169741 11 0.2651 0.4691 0.2658 
     H171801 11 0.2650 0.2429 0.4921 
     H171810 11 0.2103 0.5066 0.2830 
     H171811 11 0.1938 0.5474 0.2588 
     H171812 11 0.4016 0.3455 0.2528 
     H171820 11 0.2357 0.5261 0.2381 
     H171821 11 0.4342 0.2428 0.3229 
     H171822 11 0.3980 0.2836 0.3184 
     H171823 11 0.1478 0.4920 0.3601 
     H171866 11 0.4026 0.2208 0.3766 
     H171867 11 0.5185 0.2206 0.2610 
     H171967 11 0.3138 0.4806 0.2055 
     H171969 11 0.3399 0.3177 0.3424 
        H172 11 0.4304 0.2729 0.2966 
        H173 11 0.5116 0.2717 0.2167 
        H174 11 0.3282 0.1883 0.4835 
        H196 11 0.5447 0.1966 0.2587 
        H197 11 0.4301 0.2401 0.3298 
        H346 11 0.3653 0.3592 0.2755 
        H355 11 0.3440 0.3941 0.2619 
        H356 11 0.3513 0.3713 0.2774 
        H357 11 0.3032 0.4560 0.2408 
        H358 11 0.4659 0.3034 0.2307 
        H359 11 0.3071 0.3386 0.3544 
        H360 11 0.4077 0.3060 0.2863 
        H361 11 0.4507 0.2549 0.2944 
        H362 11 0.4148 0.1661 0.4191 
        H363 11 0.2895 0.4803 0.2302 
        H364 11 0.2918 0.3255 0.3826 
        H365 11 0.4153 0.2621 0.3226 
        H366 11 0.4927 0.2380 0.2693 
        H367 11 0.2410 0.5346 0.2244 
        H368 11 0.2343 0.2664 0.4993 
        H369 11 0.2899 0.5310 0.1791 
        H370 11 0.3577 0.2478 0.3945 
        H371 11 0.3416 0.3072 0.3512 
        H372 11 0.4255 0.2726 0.3019 
        H373 11 0.3456 0.3272 0.3273 
        H374 11 0.3338 0.3929 0.2734 
        H375 11 0.3610 0.3959 0.2431 
        H376 11 0.3351 0.2405 0.4245 
        H377 11 0.3497 0.3606 0.2897 
        H378 11 0.2940 0.3889 0.3171 
        H379 11 0.3234 0.3060 0.3707 
        H380 11 0.4757 0.2025 0.3217 
        H381 11 0.1938 0.4956 0.3105 
        H382 11 0.4013 0.1614 0.4373 
        H383 11 0.4095 0.1845 0.4060 
        H384 11 0.2840 0.4380 0.2780 
        H385 11 0.2892 0.4076 0.3032 
        H386 11 0.5063 0.2646 0.2291 
        H387 11 0.1909 0.3045 0.5046 
        H388 11 0.5392 0.1690 0.2918 
        H389 11 0.4040 0.3481 0.2479 
        H390 11 0.3496 0.2895 0.3609 
        H391 11 0.3202 0.2572 0.4226 
        H392 11 0.2886 0.5020 0.2094 
        H393 11 0.3043 0.2182 0.4775 
        H394 11 0.2237 0.2237 0.5526 
        H395 11 0.3297 0.4553 0.2150 
        H408 11 0.4432 0.3161 0.2407 
        H412 11 0.1426 0.5739 0.2835 
        H417 11 0.3327 0.3792 0.2881 
        H418 11 0.2514 0.3729 0.3757 
        H429 11 0.3983 0.2885 0.3132 
        H430 11 0.4419 0.2264 0.3317 
        H439 11 0.4081 0.3252 0.2667 
        H440 11 0.2466 0.5301 0.2233 
        H441 11 0.4094 0.2520 0.3386 
        H442 11 0.4344 0.2451 0.3205 
        H446 11 0.3474 0.2933 0.3593 
        H447 11 0.4765 0.2332 0.2903 
        H448 11 0.5162 0.2633 0.2205 
        H534 11 0.1914 0.5615 0.2471 
        H537 11 0.2134 0.5224 0.2642 
        H568 11 0.2036 0.5916 0.2048 
        H569 11 0.5096 0.1520 0.3385 
        H586 11 0.1636 0.4026 0.4338 
        H587 11 0.2277 0.5817 0.1906 
        H588 11 0.2598 0.2029 0.5373 
        H589 11 0.2391 0.5507 0.2102 
        H590 11 0.2469 0.4779 0.2751 
        H601 11 0.3973 0.1820 0.4207 
        H602 11 0.3646 0.3823 0.2531 
        H603 11 0.4771 0.2315 0.2914 
        H610 11 0.3667 0.3707 0.2626 
        H611 11 0.2545 0.4687 0.2768 
        H649 11 0.2931 0.3306 0.3764 
        H650 11 0.2801 0.2264 0.4935 
        H651 11 0.4940 0.2664 0.2397 
        H652 11 0.2826 0.3248 0.3926 
       H7364 11 0.4195 0.2726 0.3079 
       H7366 11 0.4446 0.3260 0.2294 
       H7378 11 0.2407 0.1296 0.6298 
       H7379 11 0.3854 0.3036 0.3110 
        H739 11 0.2902 0.4680 0.2418 
        H740 11 0.3015 0.2533 0.4452 
        H741 11 0.2613 0.4691 0.2696 
        H926 11 0.3022 0.2642 0.4336 
        H927 11 0.5210 0.2179 0.2611 
        H928 11 0.3150 0.3245 0.3606 
       H9560 11 0.3297 0.2821 0.3882 
        H409 12 0.4458 0.2312 0.3230 
        H413 12 0.2046 0.2219 0.5735 
        H419 12 0.4665 0.2485 0.2850 
        H420 12 0.3150 0.3921 0.2929 
        H421 12 0.3534 0.1714 0.4752 
        H435 12 0.3176 0.2292 0.4531 
        H436 12 0.4175 0.3498 0.2328 
        H437 12 0.2154 0.4945 0.2900 
        H445 12 0.5019 0.2139 0.2842 
        H449 12 0.3504 0.2474 0.4022 
        H463 12 0.2535 0.4383 0.3082 
        H464 12 0.2546 0.2024 0.5430 
        H465 12 0.1933 0.3108 0.4959 
        H490 12 0.2746 0.2030 0.5224 
        H561 12 0.3304 0.3078 0.3618 
        H562 12 0.4584 0.3059 0.2357 
        H563 12 0.4183 0.3530 0.2286 
        H570 12 0.3451 0.4429 0.2120 
        H571 12 0.2413 0.3505 0.4082 
        H572 12 0.2778 0.4266 0.2956 
        H573 12 0.4602 0.2161 0.3237 
       H7372 12 0.5449 0.1529 0.3022 
       H7373 12 0.2097 0.2043 0.5860 
       H7374 12 0.2934 0.4251 0.2815 
       H7375 12 0.3257 0.4308 0.2435 
       H7376 12 0.5536 0.1799 0.2665 
       H7377 12 0.2928 0.4388 0.2684 
