        H102  1 0.4235 0.1764 0.3082 0.0919 
        H103  1 0.3636 0.0933 0.3371 0.2060 
        H104  1 0.1507 0.3682 0.1558 0.3253 
        H105  1 0.3242 0.1935 0.2860 0.1962 
        H106  1 0.2537 0.3148 0.2323 0.1992 
        H112  1 0.2429 0.2864 0.2560 0.2147 
        H113  1 0.1591 0.1484 0.1707 0.5219 
        H114  1 0.1999 0.0974 0.1920 0.5107 
        H115  1 0.2833 0.1937 0.2653 0.2577 
        H143  1 0.3457 0.1417 0.3074 0.2052 
        H144  1 0.3879 0.0892 0.4038 0.1191 
        H145  1 0.4035 0.0886 0.3401 0.1678 
        H149  1 0.2032 0.4346 0.2044 0.1578 
        H150  1 0.2542 0.1739 0.2806 0.2913 
     H167542  1 0.2513 0.1909 0.2182 0.3395 
     H169604  1 0.3416 0.1760 0.2273 0.2551 
     H169607  1 0.3767 0.1515 0.2550 0.2169 
     H169608  1 0.3422 0.2753 0.2760 0.1066 
     H169633  1 0.1899 0.1164 0.2086 0.4852 
     H169688  1 0.3250 0.2298 0.3259 0.1193 
     H169714  1 0.2084 0.2782 0.2093 0.3041 
     H171802  1 0.1703 0.3820 0.1626 0.2851 
     H171805  1 0.3450 0.1612 0.2989 0.1949 
     H171807  1 0.2810 0.3603 0.2328 0.1259 
     H171814  1 0.1711 0.1202 0.2485 0.4603 
     H171816  1 0.2504 0.3551 0.2040 0.1905 
     H171817  1 0.2146 0.3328 0.2206 0.2320 
     H171818  1 0.2503 0.2271 0.2760 0.2466 
     H171819  1 0.2148 0.2253 0.2238 0.3361 
     H171834  1 0.3604 0.1415 0.3580 0.1401 
     H171835  1 0.1263 0.3946 0.1421 0.3370 
     H171836  1 0.2432 0.0814 0.2549 0.4205 
     H171837  1 0.2046 0.2663 0.2083 0.3208 
     H171838  1 0.2938 0.1207 0.3842 0.2014 
     H171839  1 0.1759 0.2705 0.1638 0.3897 
     H171841  1 0.1876 0.5581 0.1734 0.0809 
     H171860  1 0.2600 0.1661 0.2281 0.3458 
     H171861  1 0.3137 0.0887 0.2921 0.3054 
     H171862  1 0.3068 0.1612 0.3259 0.2061 
     H171868  1 0.3530 0.1453 0.3225 0.1792 
     H171869  1 0.3507 0.1405 0.3437 0.1651 
     H171870  1 0.2412 0.3514 0.2656 0.1418 
     H171871  1 0.2517 0.1332 0.3029 0.3122 
     H171872  1 0.2373 0.2725 0.1853 0.3049 
     H171873  1 0.2728 0.2916 0.2369 0.1987 
     H171874  1 0.3771 0.1330 0.3272 0.1628 
     H171875  1 0.3083 0.0836 0.2432 0.3648 
     H171876  1 0.3371 0.1514 0.2945 0.2171 
     H171877  1 0.2088 0.2015 0.2193 0.3704 
     H171878  1 0.2636 0.3635 0.2588 0.1142 
     H171901  1 0.1638 0.4448 0.1774 0.2140 
     H171902  1 0.3258 0.2713 0.2734 0.1295 
     H171903  1 0.2714 0.1643 0.2778 0.2865 
     H171935  1 0.2249 0.3567 0.2641 0.1543 
     H171936  1 0.1732 0.1318 0.1781 0.5169 
     H171940  1 0.2822 0.3253 0.2839 0.1086 
     H171945  1 0.2781 0.2825 0.2653 0.1742 
     H171948  1 0.2679 0.2367 0.2905 0.2049 
     H171949  1 0.1752 0.5387 0.1561 0.1301 
     H171950  1 0.1852 0.5100 0.1576 0.1472 
     H171963  1 0.2623 0.1685 0.3689 0.2003 
     H171964  1 0.3402 0.1126 0.4066 0.1406 
     H171966  1 0.2548 0.2403 0.3181 0.1868 
     H171968  1 0.3474 0.2984 0.2546 0.0996 
     H171971  1 0.2521 0.2468 0.2974 0.2038 
     H171972  1 0.3213 0.1009 0.3557 0.2221 
     H171977  1 0.2754 0.1426 0.3526 0.2294 
     H171978  1 0.2608 0.3735 0.2333 0.1324 
     H171979  1 0.3219 0.1161 0.3341 0.2279 
        H176  1 0.2481 0.1685 0.2492 0.3342 
        H177  1 0.2097 0.5105 0.1528 0.1270 
        H179  1 0.1729 0.4123 0.1459 0.2688 
        H181  1 0.2507 0.1634 0.3720 0.2139 
        H182  1 0.4192 0.0858 0.2928 0.2022 
        H183  1 0.2972 0.1929 0.3308 0.1792 
        H184  1 0.2723 0.3062 0.2548 0.1667 
        H185  1 0.2765 0.1311 0.3164 0.2760 
        H186  1 0.3501 0.1955 0.3592 0.0953 
        H187  1 0.2382 0.2990 0.2051 0.2577 
        H188  1 0.1519 0.3274 0.1857 0.3349 
        H192  1 0.2196 0.4098 0.2329 0.1376 
        H193  1 0.4126 0.0986 0.3736 0.1151 
        H194  1 0.2430 0.2645 0.2300 0.2625 
        H195  1 0.3244 0.2110 0.3482 0.1163 
        H199  1 0.3261 0.1712 0.3462 0.1565 
        H200  1 0.1812 0.3111 0.1984 0.3092 
        H414  1 0.3004 0.2120 0.2595 0.2281 
        H415  1 0.2519 0.1157 0.2426 0.3898 
        H422  1 0.2923 0.2399 0.3344 0.1334 
        H423  1 0.1326 0.6476 0.1234 0.0964 
        H424  1 0.2808 0.1523 0.2986 0.2683 
        H425  1 0.2880 0.1788 0.3522 0.1810 
        H426  1 0.3765 0.1711 0.3226 0.1299 
        H443  1 0.3835 0.1141 0.3933 0.1091 
        H466  1 0.2538 0.2753 0.2705 0.2005 
        H467  1 0.1714 0.4978 0.1791 0.1517 
        H472  1 0.1863 0.3597 0.1984 0.2555 
        H483  1 0.3032 0.1540 0.3756 0.1673 
        H504  1 0.3297 0.1303 0.3249 0.2151 
        H505  1 0.1742 0.4189 0.1992 0.2078 
        H506  1 0.3194 0.2064 0.3306 0.1436 
        H507  1 0.3153 0.1036 0.2976 0.2836 
        H508  1 0.2080 0.3642 0.2284 0.1994 
        H524  1 0.1649 0.1432 0.1717 0.5201 
        H525  1 0.3617 0.1372 0.3353 0.1658 
        H526  1 0.2384 0.1505 0.1970 0.4142 
        H527  1 0.2861 0.3450 0.2213 0.1475 
        H528  1 0.2523 0.0923 0.2761 0.3792 
        H529  1 0.2954 0.1037 0.2563 0.3446 
        H533  1 0.3187 0.0960 0.2682 0.3171 
        H538  1 0.2548 0.2589 0.2261 0.2602 
        H539  1 0.2987 0.2691 0.2589 0.1734 
        H540  1 0.2923 0.2229 0.2325 0.2523 
        H541  1 0.2645 0.1759 0.2115 0.3481 
        H558  1 0.3227 0.1478 0.3692 0.1603 
        H559  1 0.3621 0.1883 0.3184 0.1312 
        H579  1 0.4304 0.1094 0.3383 0.1218 
        H584  1 0.2902 0.1498 0.3497 0.2102 
        H585  1 0.2218 0.2072 0.2881 0.2829 
        H605  1 0.2177 0.3736 0.2166 0.1920 
        H606  1 0.2319 0.4791 0.1783 0.1108 
        H632  1 0.3549 0.1115 0.3781 0.1555 
        H634  1 0.3019 0.1875 0.2867 0.2240 
        H671  1 0.1380 0.5257 0.1459 0.1904 
        H672  1 0.1347 0.1945 0.1446 0.5262 
        H673  1 0.3619 0.1620 0.3290 0.1471 
        H689  1 0.3386 0.1270 0.3018 0.2325 
        H690  1 0.2398 0.2149 0.2470 0.2983 
        H691  1 0.3458 0.1661 0.2670 0.2211 
        H692  1 0.3108 0.0680 0.3905 0.2308 
        H709  1 0.2519 0.1458 0.2502 0.3520 
        H710  1 0.3469 0.0785 0.3311 0.2435 
       H7355  1 0.2864 0.0978 0.2292 0.3867 
       H7356  1 0.3293 0.1834 0.2941 0.1932 
       H7357  1 0.2551 0.3140 0.2358 0.1951 
       H7358  1 0.2362 0.1952 0.2778 0.2908 
       H7380  1 0.3951 0.1223 0.3169 0.1658 
       H7381  1 0.2795 0.3329 0.2478 0.1398 
       H7382  1 0.3603 0.1612 0.2936 0.1848 
        H904  1 0.1850 0.5451 0.1740 0.0959 
        H923  1 0.1908 0.3263 0.2231 0.2598 
        H924  1 0.2408 0.3302 0.2220 0.2070 
        H925  1 0.2232 0.1881 0.2102 0.3785 
       H9558  1 0.3670 0.1326 0.3597 0.1407 
        H008  2 0.2756 0.1095 0.2764 0.3385 
        H021  2 0.2518 0.3127 0.2483 0.1872 
        H023  2 0.2416 0.3756 0.1981 0.1847 
        H024  2 0.1433 0.0976 0.2085 0.5506 
        H025  2 0.2207 0.3920 0.2609 0.1263 
        H026  2 0.2373 0.1023 0.3330 0.3274 
        H027  2 0.1802 0.1849 0.1768 0.4581 
        H028  2 0.2461 0.1830 0.3402 0.2308 
        H029  2 0.1814 0.1413 0.2488 0.4285 
        H030  2 0.2568 0.1060 0.3541 0.2832 
        H038  2 0.2003 0.4467 0.1810 0.1720 
        H039  2 0.0869 0.7389 0.0872 0.0870 
        H040  2 0.1772 0.4795 0.1529 0.1903 
        H041  2 0.1842 0.1660 0.1882 0.4616 
        H042  2 0.2569 0.2832 0.2454 0.2146 
        H043  2 0.1594 0.6046 0.1378 0.0982 
        H044  2 0.2566 0.1240 0.3790 0.2404 
        H047  2 0.2672 0.2642 0.2613 0.2074 
        H050  2 0.1725 0.1065 0.2001 0.5208 
        H058  2 0.2135 0.3614 0.2282 0.1970 
        H062  2 0.2934 0.3681 0.2138 0.1246 
        H063  2 0.1640 0.4622 0.1614 0.2124 
        H065  2 0.3029 0.2177 0.3566 0.1229 
        H066  2 0.2104 0.2049 0.2561 0.3285 
        H067  2 0.3299 0.1642 0.2776 0.2283 
        H068  2 0.1746 0.4709 0.1621 0.1924 
        H069  2 0.2323 0.2820 0.2837 0.2021 
        H071  2 0.2222 0.2953 0.2319 0.2506 
        H072  2 0.1471 0.5296 0.1472 0.1761 
        H073  2 0.2705 0.1889 0.2783 0.2622 
        H081  2 0.2501 0.2154 0.2195 0.3150 
        H082  2 0.2504 0.1068 0.3710 0.2718 
        H083  2 0.3258 0.1073 0.4162 0.1507 
        H084  2 0.1842 0.2922 0.1880 0.3356 
        H085  2 0.2149 0.1386 0.1904 0.4560 
        H087  2 0.3325 0.1756 0.2468 0.2450 
        H088  2 0.2319 0.3398 0.2188 0.2095 
        H089  2 0.2537 0.2145 0.2356 0.2961 
        H090  2 0.1643 0.1053 0.1427 0.5877 
        H091  2 0.1446 0.0904 0.1593 0.6057 
        H098  2 0.1774 0.1842 0.2676 0.3708 
      H10001  2 0.1046 0.7186 0.1004 0.0764 
      H10002  2 0.3173 0.2914 0.2576 0.1338 
        H101  2 0.1721 0.1328 0.1505 0.5445 
        H108  2 0.2574 0.4416 0.1970 0.1040 
        H109  2 0.1557 0.2894 0.1852 0.3697 
        H110  2 0.3731 0.1050 0.2882 0.2337 
        H116  2 0.2948 0.1370 0.3379 0.2304 
        H117  2 0.1154 0.1050 0.1248 0.6548 
        H118  2 0.1699 0.0832 0.2233 0.5236 
        H119  2 0.1847 0.2376 0.1787 0.3991 
        H120  2 0.1889 0.5327 0.1673 0.1111 
        H121  2 0.1548 0.1065 0.1602 0.5785 
        H125  2 0.0838 0.7414 0.0876 0.0872 
        H126  2 0.3271 0.1443 0.3972 0.1314 
        H128  2 0.1488 0.0533 0.1936 0.6043 
        H129  2 0.3220 0.1197 0.4067 0.1517 
        H130  2 0.2813 0.3814 0.2553 0.0820 
        H133  2 0.1557 0.5735 0.1438 0.1271 
        H134  2 0.2970 0.0885 0.4845 0.1300 
        H135  2 0.2884 0.2247 0.2338 0.2531 
        H137  2 0.1325 0.2131 0.1622 0.4922 
        H138  2 0.3612 0.0974 0.3885 0.1528 
        H140  2 0.1965 0.1881 0.1930 0.4223 
        H146  2 0.1175 0.1001 0.1562 0.6262 
        H147  2 0.2484 0.1233 0.2317 0.3967 
        H148  2 0.2012 0.1076 0.1909 0.5002 
     H166022  2 0.2927 0.1069 0.2651 0.3352 
     H167359  2 0.2365 0.2087 0.2855 0.2693 
     H167397  2 0.2083 0.0624 0.2922 0.4370 
     H167428  2 0.2521 0.0726 0.2671 0.4082 
     H167496  2 0.1352 0.5048 0.1342 0.2258 
     H167513  2 0.1968 0.3137 0.2787 0.2108 
     H167545  2 0.3826 0.1176 0.3125 0.1874 
     H167547  2 0.1985 0.0948 0.3079 0.3988 
     H169621  2 0.2686 0.1052 0.3002 0.3260 
     H169622  2 0.3834 0.1581 0.3057 0.1528 
     H169750  2 0.2533 0.3559 0.2401 0.1506 
     H171806  2 0.1664 0.2084 0.1750 0.4503 
     H171808  2 0.2476 0.2347 0.2376 0.2801 
     H171809  2 0.3084 0.2261 0.2650 0.2005 
     H171813  2 0.2920 0.1903 0.3155 0.2023 
     H171815  2 0.1514 0.5753 0.1516 0.1217 
     H171824  2 0.2392 0.3025 0.2028 0.2555 
     H171825  2 0.4026 0.1823 0.2618 0.1533 
     H171826  2 0.2247 0.2240 0.2603 0.2910 
     H171827  2 0.3462 0.1971 0.2791 0.1776 
     H171828  2 0.1421 0.5591 0.1421 0.1567 
     H171829  2 0.2530 0.2873 0.2531 0.2065 
     H171830  2 0.1927 0.2236 0.2503 0.3335 
     H171831  2 0.2618 0.1027 0.3931 0.2423 
     H171832  2 0.3633 0.1501 0.3347 0.1520 
     H171863  2 0.2886 0.0883 0.3915 0.2317 
     H171864  2 0.1466 0.1891 0.1671 0.4972 
     H171865  2 0.1310 0.5350 0.1461 0.1879 
     H171879  2 0.1633 0.1672 0.1711 0.4984 
     H171880  2 0.1406 0.1173 0.1524 0.5897 
     H171881  2 0.2872 0.1535 0.3265 0.2327 
     H171882  2 0.1345 0.6412 0.1297 0.0946 
     H171929  2 0.2118 0.1886 0.2513 0.3484 
     H171930  2 0.3076 0.0996 0.2446 0.3481 
     H171933  2 0.2343 0.2091 0.2363 0.3203 
     H171934  2 0.2375 0.1596 0.2194 0.3835 
     H171937  2 0.2947 0.1220 0.3849 0.1983 
     H171962  2 0.3055 0.1759 0.3083 0.2103 
        H190  2 0.3063 0.1711 0.2862 0.2364 
        H191  2 0.1836 0.2577 0.2790 0.2796 
        H396  2 0.2457 0.2663 0.2198 0.2681 
        H397  2 0.2746 0.2005 0.2556 0.2694 
        H398  2 0.2458 0.2643 0.3174 0.1725 
        H400  2 0.2325 0.2328 0.2353 0.2994 
        H401  2 0.1334 0.0662 0.2364 0.5639 
        H402  2 0.2479 0.1418 0.2637 0.3467 
        H427  2 0.2922 0.1734 0.2596 0.2748 
        H428  2 0.2197 0.0782 0.2772 0.4249 
        H497  2 0.1948 0.4183 0.2244 0.1625 
        H512  2 0.1896 0.1593 0.2508 0.4004 
        H513  2 0.1907 0.3295 0.2703 0.2095 
        H514  2 0.3505 0.1576 0.3438 0.1481 
        H519  2 0.2043 0.2809 0.2696 0.2452 
        H532  2 0.2411 0.1298 0.2208 0.4083 
        H543  2 0.3190 0.1130 0.2804 0.2876 
        H544  2 0.3011 0.2403 0.3548 0.1039 
        H545  2 0.3946 0.1060 0.3221 0.1773 
        H546  2 0.1623 0.5402 0.1841 0.1134 
        H547  2 0.1796 0.0943 0.3171 0.4090 
        H548  2 0.2161 0.2047 0.2140 0.3653 
        H549  2 0.1881 0.4028 0.2098 0.1994 
        H620  2 0.1210 0.6600 0.1113 0.1076 
        H623  2 0.3363 0.1388 0.3575 0.1674 
        H624  2 0.2524 0.4102 0.2524 0.0850 
        H625  2 0.2453 0.2240 0.2632 0.2674 
        H626  2 0.2263 0.2781 0.2142 0.2813 
        H654  2 0.0946 0.7335 0.1026 0.0692 
        H655  2 0.3295 0.2852 0.2332 0.1521 
        H656  2 0.1328 0.6613 0.1222 0.0837 
        H666  2 0.1033 0.6348 0.1133 0.1486 
        H667  2 0.3673 0.1462 0.3055 0.1810 
        H677  2 0.3008 0.1473 0.2428 0.3091 
        H693  2 0.2347 0.4275 0.1995 0.1382 
        H694  2 0.3039 0.1910 0.2877 0.2174 
        H701  2 0.2867 0.1215 0.2716 0.3201 
        H702  2 0.2858 0.2513 0.2327 0.2303 
        H731  2 0.3118 0.2660 0.2216 0.2006 
       H7359  2 0.2096 0.2198 0.2853 0.2853 
       H7389  2 0.1411 0.1796 0.2006 0.4788 
       H7390  2 0.1661 0.5348 0.1582 0.1409 
       H7391  2 0.1913 0.1390 0.1569 0.5128 
       H7392  2 0.2678 0.2657 0.2971 0.1694 
       H7393  2 0.2435 0.3164 0.2159 0.2242 
       H7398  2 0.1819 0.1679 0.1762 0.4739 
       H7399  2 0.3268 0.1054 0.3223 0.2454 
       H7400  2 0.1127 0.7131 0.0999 0.0743 
        H745  2 0.2767 0.1070 0.4500 0.1664 
        H746  2 0.4062 0.1086 0.3282 0.1570 
        H747  2 0.1293 0.4992 0.1332 0.2383 
        H748  2 0.2881 0.2082 0.2633 0.2405 
       H7484  2 0.1249 0.5838 0.1254 0.1658 
       H7485  2 0.2398 0.2686 0.3155 0.1760 
        H749  2 0.3642 0.1714 0.2882 0.1762 
        H930  2 0.2702 0.1095 0.2034 0.4169 
        H931  2 0.2115 0.1859 0.2193 0.3833 
        H932  2 0.1557 0.1647 0.1988 0.4808 
        H111  3 0.3103 0.1183 0.3702 0.2012 
        H951  3 0.2553 0.1197 0.3239 0.3011 
        H952  3 0.2125 0.1927 0.2288 0.3660 
        H953  3 0.1675 0.1312 0.1614 0.5399 
        H954  3 0.1591 0.5134 0.1665 0.1610 
        H955  3 0.3606 0.1058 0.3020 0.2316 
        H956  3 0.1614 0.2255 0.1721 0.4410 
       H9563  3 0.1700 0.2348 0.1889 0.4064 
        H002  4 0.2925 0.3203 0.2952 0.0920 
        H003  4 0.3757 0.1200 0.3161 0.1882 
        H009  4 0.3271 0.1792 0.3315 0.1622 
        H010  4 0.2491 0.1741 0.2776 0.2991 
        H011  4 0.1866 0.5389 0.1662 0.1084 
        H012  4 0.3419 0.1125 0.3008 0.2448 
        H013  4 0.3011 0.2743 0.2663 0.1583 
        H014  4 0.2990 0.1735 0.3606 0.1669 
        H045  4 0.1465 0.3204 0.1818 0.3513 
        H046  4 0.3807 0.1261 0.2813 0.2119 
        H051  4 0.2355 0.3714 0.2146 0.1786 
        H052  4 0.2101 0.4249 0.2283 0.1367 
        H053  4 0.2625 0.2552 0.2377 0.2446 
        H056  4 0.1829 0.4851 0.2018 0.1303 
        H076  4 0.2718 0.1184 0.3513 0.2584 
        H151  4 0.1983 0.4899 0.1986 0.1132 
        H152  4 0.2954 0.2893 0.2896 0.1257 
     H171803  4 0.2286 0.4115 0.1845 0.1754 
     H171804  4 0.1978 0.3723 0.1773 0.2526 
     H171833  4 0.3344 0.1174 0.3805 0.1677 
     H171855  4 0.1699 0.5325 0.1886 0.1090 
     H171856  4 0.1673 0.2835 0.1844 0.3648 
     H171857  4 0.1796 0.3685 0.2271 0.2247 
     H171858  4 0.2741 0.1584 0.3048 0.2627 
     H171859  4 0.2500 0.2573 0.2611 0.2316 
     H171961  4 0.2176 0.3962 0.2309 0.1553 
        H198  4 0.4018 0.0848 0.3182 0.1951 
      H20001  4 0.3235 0.1402 0.4023 0.1340 
        H403  4 0.1922 0.3276 0.2471 0.2331 
        H404  4 0.3608 0.1084 0.3269 0.2039 
        H405  4 0.2926 0.1209 0.2716 0.3149 
        H406  4 0.1640 0.1796 0.3130 0.3434 
        H407  4 0.1436 0.2448 0.1598 0.4518 
        H410  4 0.0950 0.0885 0.1390 0.6775 
        H411  4 0.3352 0.1040 0.4152 0.1456 
        H468  4 0.2819 0.2722 0.2616 0.1843 
        H476  4 0.2415 0.3310 0.2255 0.2020 
        H477  4 0.3720 0.1041 0.3841 0.1398 
        H478  4 0.4219 0.1458 0.2859 0.1463 
        H479  4 0.2093 0.3950 0.2106 0.1851 
        H480  4 0.3282 0.1104 0.3309 0.2305 
        H498  4 0.3561 0.1724 0.3150 0.1565 
        H499  4 0.3009 0.2100 0.3184 0.1707 
        H500  4 0.1631 0.4849 0.1550 0.1970 
        H515  4 0.2626 0.2649 0.2534 0.2190 
        H516  4 0.2304 0.2100 0.2553 0.3043 
        H517  4 0.1685 0.1556 0.1793 0.4967 
        H518  4 0.1874 0.4621 0.1910 0.1595 
        H520  4 0.1744 0.4759 0.1672 0.1824 
        H521  4 0.2454 0.2137 0.2663 0.2747 
        H522  4 0.2603 0.3099 0.2148 0.2150 
        H523  4 0.2389 0.2053 0.2285 0.3274 
        H536  4 0.2975 0.2030 0.2850 0.2145 
        H645  4 0.2399 0.3269 0.2206 0.2125 
        H646  4 0.1589 0.0998 0.1875 0.5538 
        H647  4 0.2389 0.3022 0.2603 0.1986 
        H657  4 0.1975 0.1331 0.2026 0.4667 
        H658  4 0.2325 0.2486 0.1869 0.3319 
        H659  4 0.1486 0.6103 0.1446 0.0964 
        H660  4 0.2562 0.2976 0.2914 0.1549 
        H661  4 0.2118 0.4347 0.2520 0.1016 
        H668  4 0.3895 0.1061 0.3006 0.2039 
        H669  4 0.2061 0.2443 0.2150 0.3346 
        H670  4 0.3755 0.2009 0.2676 0.1560 
        H678  4 0.2400 0.2088 0.2737 0.2775 
        H679  4 0.1846 0.1338 0.2131 0.4684 
        H680  4 0.2215 0.2522 0.3173 0.2091 
        H681  4 0.3118 0.2782 0.2538 0.1561 
        H682  4 0.2456 0.1483 0.1717 0.4344 
        H683  4 0.1709 0.4217 0.2328 0.1745 
        H718  4 0.1207 0.5498 0.1237 0.2058 
        H719  4 0.2404 0.3363 0.2391 0.1842 
        H720  4 0.2098 0.4314 0.2448 0.1141 
        H721  4 0.2644 0.3381 0.2596 0.1379 
        H722  4 0.2117 0.3518 0.3114 0.1251 
        H723  4 0.1670 0.3740 0.1708 0.2882 
        H724  4 0.0993 0.6323 0.1080 0.1604 
        H725  4 0.1394 0.6047 0.1382 0.1176 
        H726  4 0.2004 0.3410 0.2489 0.2096 
        H727  4 0.2057 0.3106 0.2066 0.2772 
        H910  4 0.2316 0.2702 0.2058 0.2923 
        H911  4 0.1428 0.1413 0.1949 0.5211 
        H912  4 0.2051 0.2832 0.2903 0.2215 
        H913  4 0.2120 0.3352 0.1970 0.2558 
        H914  4 0.2272 0.3693 0.1888 0.2147 
        H915  4 0.2195 0.2653 0.2450 0.2702 
        H916  4 0.2880 0.1550 0.3019 0.2551 
       H9572  4 0.2032 0.3983 0.2340 0.1645 
        H015  5 0.3348 0.1385 0.3513 0.1754 
        H016  5 0.2957 0.1282 0.3842 0.1919 
        H017  5 0.3066 0.2264 0.3081 0.1589 
        H019  5 0.3359 0.1975 0.3112 0.1555 
        H020  5 0.2224 0.2775 0.2182 0.2818 
        H032  5 0.2513 0.2807 0.2198 0.2481 
        H033  5 0.3336 0.1488 0.2822 0.2355 
        H034  5 0.2755 0.3013 0.2262 0.1970 
        H035  5 0.2164 0.2334 0.2329 0.3172 
        H036  5 0.2258 0.1653 0.2185 0.3904 
        H037  5 0.2637 0.3933 0.1841 0.1588 
        H048  5 0.1306 0.5625 0.1268 0.1801 
        H049  5 0.3737 0.1799 0.3006 0.1458 
        H054  5 0.1995 0.1847 0.2498 0.3660 
        H055  5 0.3278 0.2301 0.3222 0.1199 
        H057  5 0.3092 0.2203 0.3635 0.1070 
        H060  5 0.3663 0.2353 0.3091 0.0894 
        H061  5 0.3095 0.1508 0.2799 0.2598 
        H064  5 0.2527 0.3172 0.2774 0.1527 
        H070  5 0.3261 0.2160 0.2642 0.1936 
        H077  5 0.2078 0.4780 0.1906 0.1236 
        H078  5 0.1925 0.3839 0.2455 0.1781 
        H079  5 0.2230 0.1135 0.1829 0.4807 
        H097  5 0.3172 0.2437 0.3189 0.1202 
        H107  5 0.1593 0.6015 0.1463 0.0929 
        H122  5 0.2832 0.2382 0.2788 0.1997 
        H123  5 0.1657 0.1021 0.2132 0.5190 
        H124  5 0.1550 0.1141 0.1878 0.5430 
        H131  5 0.1953 0.1257 0.2113 0.4677 
        H132  5 0.2305 0.2809 0.2399 0.2487 
        H141  5 0.2626 0.3702 0.2077 0.1595 
        H142  5 0.4438 0.1045 0.2978 0.1538 
        H157  5 0.2017 0.4440 0.1798 0.1744 
        H158  5 0.3323 0.1024 0.2686 0.2967 
        H159  5 0.3258 0.1495 0.3042 0.2205 
        H160  5 0.2421 0.2807 0.2269 0.2503 
        H163  5 0.3084 0.1434 0.2858 0.2623 
        H164  5 0.3495 0.1460 0.3649 0.1396 
        H165  5 0.2392 0.1139 0.2387 0.4082 
        H166  5 0.3327 0.1698 0.3099 0.1875 
        H169  5 0.4498 0.1332 0.2675 0.1495 
     H169613  5 0.3720 0.1607 0.3107 0.1565 
     H169653  5 0.3724 0.1180 0.3044 0.2052 
     H169728  5 0.2633 0.2383 0.2639 0.2346 
     H169742  5 0.2920 0.2709 0.2275 0.2096 
        H170  5 0.3518 0.1563 0.3681 0.1238 
        H171  5 0.2548 0.1531 0.4217 0.1704 
     H171851  5 0.3367 0.1633 0.3645 0.1355 
     H171852  5 0.1770 0.4795 0.1923 0.1512 
     H171853  5 0.2182 0.3240 0.2018 0.2560 
     H171854  5 0.2841 0.2044 0.3053 0.2062 
     H171938  5 0.2998 0.1812 0.2369 0.2821 
     H171939  5 0.2696 0.1784 0.3406 0.2113 
     H171941  5 0.2505 0.4073 0.2400 0.1022 
     H171965  5 0.4903 0.0982 0.2985 0.1131 
     H171970  5 0.1697 0.5738 0.1585 0.0979 
     H171973  5 0.2630 0.1488 0.2149 0.3733 
     H171974  5 0.2986 0.1808 0.2811 0.2395 
     H171975  5 0.2624 0.2747 0.2502 0.2127 
     H171976  5 0.3203 0.2701 0.2891 0.1205 
        H175  5 0.1596 0.4081 0.1799 0.2524 
        H178  5 0.3238 0.2473 0.2759 0.1531 
        H189  5 0.2739 0.0979 0.2842 0.3441 
        H399  5 0.2046 0.2463 0.3064 0.2427 
        H416  5 0.2693 0.2855 0.2261 0.2192 
        H438  5 0.2180 0.1978 0.2080 0.3762 
        H450  5 0.3377 0.2941 0.2805 0.0876 
        H455  5 0.2028 0.5047 0.1647 0.1279 
        H456  5 0.2770 0.2121 0.2323 0.2786 
        H457  5 0.2422 0.3584 0.2836 0.1158 
        H458  5 0.2860 0.2444 0.2393 0.2302 
        H459  5 0.2974 0.1137 0.2421 0.3467 
        H460  5 0.2841 0.2728 0.2251 0.2180 
        H461  5 0.3694 0.1507 0.3224 0.1575 
        H462  5 0.1935 0.1354 0.2129 0.4583 
        H469  5 0.2083 0.1152 0.2833 0.3932 
        H470  5 0.2347 0.2704 0.2974 0.1974 
        H471  5 0.2226 0.1449 0.2594 0.3731 
        H481  5 0.1297 0.5933 0.1272 0.1498 
        H482  5 0.3169 0.2846 0.2586 0.1399 
        H501  5 0.2422 0.2826 0.2500 0.2252 
        H502  5 0.3716 0.1146 0.3086 0.2053 
        H503  5 0.2990 0.1552 0.2896 0.2562 
        H509  5 0.1536 0.4539 0.1435 0.2490 
        H510  5 0.3430 0.1710 0.3734 0.1125 
        H511  5 0.3439 0.1187 0.3583 0.1791 
        H530  5 0.2000 0.3284 0.1711 0.3004 
        H531  5 0.1399 0.5385 0.1533 0.1682 
        H564  5 0.2442 0.4123 0.2235 0.1200 
        H565  5 0.1674 0.5700 0.1620 0.1006 
        H567  5 0.1855 0.0904 0.1828 0.5413 
     H568???  5 0.3177 0.1209 0.3204 0.2410 
        H608  5 0.3409 0.2750 0.2747 0.1094 
        H609  5 0.2860 0.1851 0.2455 0.2833 
        H612  5 0.1677 0.5457 0.1510 0.1356 
        H614  5 0.1404 0.5797 0.1507 0.1291 
        H615  5 0.2035 0.4898 0.1815 0.1252 
        H616  5 0.1532 0.4983 0.1421 0.2063 
        H617  5 0.2335 0.1244 0.2157 0.4265 
        H618  5 0.1824 0.4736 0.1598 0.1842 
        H619  5 0.3894 0.1668 0.2751 0.1687 
        H635  5 0.3478 0.1784 0.2847 0.1891 
        H636  5 0.3731 0.1213 0.2801 0.2255 
        H637  5 0.2395 0.3790 0.2218 0.1596 
        H644  5 0.2648 0.0760 0.4023 0.2569 
        H711  5 0.3590 0.1657 0.3321 0.1432 
        H712  5 0.2306 0.3356 0.2000 0.2338 
       H7360  5 0.2735 0.2830 0.3248 0.1187 
       H7361  5 0.2951 0.3311 0.2460 0.1278 
       H7362  5 0.2637 0.0838 0.4331 0.2195 
       H7363  5 0.2343 0.2745 0.2387 0.2526 
       H7394  5 0.3554 0.0960 0.2604 0.2881 
       H7395  5 0.3454 0.1812 0.3219 0.1515 
       H7396  5 0.2896 0.2162 0.2464 0.2477 
        H742  5 0.2773 0.2752 0.2313 0.2161 
        H743  5 0.1626 0.3496 0.2177 0.2701 
        H744  5 0.1051 0.4528 0.1198 0.3223 
        H957  5 0.3773 0.2074 0.2909 0.1243 
        H958  5 0.2567 0.1994 0.1958 0.3481 
        H959  5 0.2594 0.3926 0.2283 0.1197 
        H960  5 0.1954 0.2118 0.1816 0.4111 
      H_PALI  6 0.3278 0.1738 0.3474 0.1510 
        H581  6 0.2312 0.3820 0.1933 0.1935 
        H582  6 0.1683 0.5843 0.1514 0.0961 
        H583  6 0.2404 0.3312 0.2173 0.2111 
        H595  6 0.2459 0.1100 0.2816 0.3624 
        H596  6 0.2251 0.0871 0.2529 0.4349 
        H597  6 0.2467 0.0986 0.3137 0.3410 
        H598  6 0.2504 0.2173 0.2646 0.2677 
        H599  6 0.2065 0.4188 0.1990 0.1757 
        H642  6 0.2251 0.1708 0.3262 0.2780 
        H643  6 0.1951 0.1789 0.2010 0.4250 
        H664  6 0.1668 0.5262 0.1761 0.1309 
        H665  6 0.3173 0.1734 0.2619 0.2475 
        H674  6 0.2982 0.0953 0.3848 0.2216 
        H675  6 0.2152 0.3135 0.2624 0.2089 
        H676  6 0.3095 0.1288 0.3516 0.2102 
        H686  6 0.3558 0.1893 0.3218 0.1331 
        H687  6 0.2711 0.2036 0.2881 0.2372 
        H917  6 0.2363 0.1190 0.2178 0.4269 
        H918  6 0.3226 0.2076 0.3088 0.1611 
        H919  6 0.1598 0.4879 0.1384 0.2139 
        H920  6 0.2358 0.3767 0.2502 0.1373 
        H631  7 0.2992 0.3490 0.2318 0.1200 
        H684  7 0.4268 0.0904 0.3811 0.1017 
        H685  7 0.1041 0.4194 0.1056 0.3710 
        H713  7 0.1652 0.5639 0.1517 0.1192 
        H715  7 0.3867 0.1098 0.3632 0.1403 
        H716  7 0.2896 0.2751 0.3238 0.1115 
        H717  7 0.1917 0.3592 0.2238 0.2254 
        H729  7 0.1712 0.0874 0.1813 0.5601 
        H730  7 0.1315 0.1924 0.1550 0.5210 
        H431  8 0.1724 0.2790 0.1467 0.4019 
        H432  8 0.2973 0.1141 0.3734 0.2153 
        H433  8 0.2722 0.1512 0.2407 0.3359 
        H434  8 0.2553 0.1371 0.3163 0.2914 
        H444  8 0.3160 0.1828 0.3108 0.1904 
        H454  8 0.1829 0.5064 0.1769 0.1338 
        H475  8 0.2434 0.4324 0.2094 0.1149 
        H491  8 0.3330 0.2613 0.3126 0.0931 
        H492  8 0.1803 0.4781 0.1604 0.1813 
        H493  8 0.2896 0.1694 0.3210 0.2199 
        H494  8 0.2022 0.3119 0.2067 0.2792 
        H495  8 0.2126 0.4442 0.2527 0.0906 
        H662  8 0.2212 0.2942 0.2940 0.1906 
        H663  8 0.1982 0.2540 0.2254 0.3224 
        H695  8 0.2044 0.2536 0.1958 0.3462 
       H7367  8 0.1360 0.0841 0.1528 0.6271 
       H7368  8 0.3045 0.1334 0.3520 0.2101 
       H7369  8 0.3134 0.1965 0.2490 0.2411 
       H7370  8 0.1815 0.0996 0.1579 0.5610 
       H7371  8 0.2258 0.1902 0.1779 0.4061 
        H600  9 0.2550 0.3511 0.2356 0.1583 
        H648  9 0.2306 0.2233 0.3292 0.2170 
        H696  9 0.2556 0.1159 0.3899 0.2386 
        H697  9 0.2069 0.1867 0.2013 0.4051 
        H698  9 0.1318 0.1443 0.2610 0.4629 
        H699  9 0.2140 0.2118 0.2461 0.3281 
        H700  9 0.3961 0.2180 0.2841 0.1019 
        H732  9 0.1340 0.5603 0.1623 0.1434 
        H733  9 0.1672 0.1176 0.2584 0.4568 
        H734  9 0.3334 0.1391 0.3091 0.2184 
        H735  9 0.1845 0.1770 0.2749 0.3636 
        H736  9 0.2567 0.3171 0.2581 0.1681 
        H737  9 0.1779 0.1922 0.1909 0.4389 
        H905  9 0.3011 0.2476 0.2833 0.1680 
        H921  9 0.2303 0.2995 0.2006 0.2696 
        H922  9 0.2313 0.1194 0.2901 0.3591 
     H169705 10 0.1303 0.1283 0.1625 0.5789 
     H171942 10 0.2988 0.1218 0.3684 0.2111 
     H171943 10 0.3005 0.2005 0.2709 0.2281 
     H171944 10 0.2186 0.1869 0.2150 0.3794 
     H171946 10 0.1932 0.4575 0.2092 0.1401 
     H171947 10 0.2574 0.1781 0.2852 0.2794 
     H229641 10 0.1952 0.2868 0.2646 0.2534 
      H30001 10 0.2704 0.2198 0.2671 0.2427 
      H30002 10 0.3257 0.1742 0.2745 0.2256 
      H30005 10 0.1479 0.1236 0.1857 0.5428 
      H30006 10 0.1423 0.1332 0.1628 0.5617 
      H30007 10 0.3468 0.1069 0.4229 0.1233 
        H451 10 0.3455 0.1250 0.3190 0.2106 
        H452 10 0.1050 0.1513 0.1434 0.6003 
        H453 10 0.2231 0.4314 0.2368 0.1087 
        H473 10 0.2456 0.3670 0.2451 0.1423 
        H474 10 0.1599 0.5862 0.1501 0.1038 
        H486 10 0.1617 0.4012 0.1674 0.2697 
        H487 10 0.1673 0.2724 0.1976 0.3627 
        H488 10 0.2685 0.2265 0.2853 0.2197 
        H489 10 0.1448 0.4384 0.1542 0.2626 
        H550 10 0.3361 0.1805 0.3318 0.1515 
        H551 10 0.1233 0.2386 0.1564 0.4817 
        H553 10 0.1078 0.3700 0.1280 0.3941 
        H554 10 0.3351 0.1461 0.3674 0.1515 
        H556 10 0.1925 0.3033 0.2216 0.2827 
        H580 10 0.1878 0.1121 0.2296 0.4704 
        H591 10 0.1153 0.6183 0.1248 0.1416 
        H592 10 0.1921 0.3494 0.1792 0.2793 
        H593 10 0.3384 0.1847 0.3191 0.1578 
        H594 10 0.2522 0.0836 0.3322 0.3320 
        H627 10 0.2769 0.2837 0.2596 0.1798 
        H628 10 0.2758 0.0865 0.2546 0.3831 
        H629 10 0.2146 0.3704 0.2359 0.1791 
        H630 10 0.2077 0.2510 0.2191 0.3222 
        H638 10 0.1951 0.1638 0.2726 0.3686 
        H639 10 0.1484 0.5371 0.1636 0.1509 
        H640 10 0.2990 0.1629 0.3037 0.2344 
        H704 10 0.2725 0.1227 0.3814 0.2233 
        H705 10 0.1345 0.1248 0.1488 0.5919 
        H706 10 0.1762 0.2662 0.1985 0.3591 
        H708 10 0.1658 0.5303 0.1569 0.1470 
       H7351 10 0.3278 0.1979 0.3340 0.1404 
       H7352 10 0.2634 0.2393 0.2295 0.2679 
       H7353 10 0.2810 0.1079 0.4276 0.1836 
       H7354 10 0.3827 0.2180 0.2978 0.1015 
       H7365 10 0.1362 0.5848 0.1217 0.1572 
       H7383 10 0.3242 0.2735 0.2250 0.1772 
       H7384 10 0.2106 0.1740 0.2420 0.3733 
       H7385 10 0.2800 0.2875 0.2336 0.1988 
       H7386 10 0.2249 0.1808 0.3000 0.2943 
       H7387 10 0.3424 0.1379 0.3084 0.2113 
       H7388 10 0.1204 0.1499 0.1365 0.5931 
        H906 10 0.2670 0.3606 0.2779 0.0946 
        H907 10 0.2575 0.1113 0.3455 0.2856 
        H908 10 0.2896 0.1970 0.2794 0.2340 
        H909 10 0.3937 0.1714 0.3130 0.1218 
       H9552 10 0.2246 0.1823 0.3006 0.2925 
       H9553 10 0.1133 0.2434 0.1211 0.5221 
       H9555 10 0.2221 0.1391 0.2233 0.4156 
       H9575 10 0.1937 0.4370 0.2249 0.1444 
       H9703 10 0.1250 0.4538 0.1272 0.2940 
       H9707 10 0.1669 0.4430 0.1663 0.2238 
       HSAA4 10 0.1869 0.1198 0.2265 0.4669 
        H001 11 0.3135 0.2392 0.2541 0.1932 
        H004 11 0.3191 0.1992 0.3051 0.1767 
        H005 11 0.2650 0.3976 0.2396 0.0978 
        H006 11 0.3234 0.2153 0.2577 0.2035 
        H007 11 0.2244 0.4113 0.1934 0.1709 
        H031 11 0.1230 0.5743 0.1122 0.1905 
        H074 11 0.1569 0.5201 0.1636 0.1594 
        H075 11 0.1895 0.4853 0.1737 0.1515 
        H080 11 0.1889 0.3439 0.2093 0.2578 
        H086 11 0.1607 0.1366 0.2076 0.4951 
        H092 11 0.2124 0.2407 0.2090 0.3380 
        H093 11 0.3227 0.1168 0.3885 0.1720 
        H094 11 0.2700 0.1532 0.2427 0.3340 
        H095 11 0.2350 0.3776 0.2144 0.1730 
        H096 11 0.3130 0.2803 0.2532 0.1535 
        H099 11 0.2317 0.2669 0.2842 0.2172 
        H100 11 0.3505 0.1122 0.3054 0.2319 
        H127 11 0.1567 0.2633 0.1653 0.4146 
        H136 11 0.1756 0.4795 0.1936 0.1513 
        H153 11 0.3480 0.1811 0.3175 0.1534 
        H154 11 0.1597 0.5176 0.1425 0.1802 
        H155 11 0.2054 0.1082 0.1992 0.4872 
        H156 11 0.2760 0.0760 0.2967 0.3513 
        H161 11 0.3272 0.1732 0.3676 0.1320 
        H162 11 0.1964 0.1120 0.2131 0.4785 
        H167 11 0.2753 0.1138 0.2889 0.3220 
        H168 11 0.2387 0.1479 0.2615 0.3519 
     H169586 11 0.2448 0.4112 0.2587 0.0853 
     H169738 11 0.1744 0.1027 0.1948 0.5281 
     H169741 11 0.2096 0.4466 0.1582 0.1856 
     H171801 11 0.2766 0.1386 0.4162 0.1685 
     H171810 11 0.2721 0.3972 0.1995 0.1311 
     H171811 11 0.2134 0.4465 0.2106 0.1295 
     H171812 11 0.2818 0.3032 0.2601 0.1549 
     H171820 11 0.1751 0.4829 0.1913 0.1507 
     H171821 11 0.2785 0.1465 0.2954 0.2797 
     H171822 11 0.2067 0.1779 0.2190 0.3965 
     H171823 11 0.2352 0.4503 0.2360 0.0785 
     H171866 11 0.1914 0.1338 0.3188 0.3561 
     H171867 11 0.2295 0.1209 0.2017 0.4480 
     H171967 11 0.1732 0.4480 0.1763 0.2025 
     H171969 11 0.2874 0.2452 0.2905 0.1768 
        H172 11 0.2474 0.2332 0.2257 0.2937 
        H173 11 0.1811 0.1814 0.1574 0.4801 
        H174 11 0.2351 0.0918 0.3354 0.3377 
        H196 11 0.0995 0.0955 0.1197 0.6852 
        H197 11 0.2712 0.1351 0.2969 0.2968 
        H346 11 0.3525 0.2240 0.2776 0.1460 
        H355 11 0.2130 0.4081 0.2049 0.1740 
        H356 11 0.2038 0.2358 0.2277 0.3327 
        H357 11 0.1810 0.3991 0.1952 0.2248 
        H358 11 0.3591 0.1657 0.2378 0.2374 
        H359 11 0.2767 0.2578 0.2592 0.2063 
        H360 11 0.2716 0.1586 0.2243 0.3455 
        H361 11 0.2458 0.1390 0.2327 0.3824 
        H362 11 0.2283 0.0897 0.3081 0.3739 
        H363 11 0.2812 0.3475 0.2202 0.1511 
        H364 11 0.3734 0.2113 0.3029 0.1123 
        H365 11 0.1970 0.2225 0.2661 0.3143 
        H366 11 0.2046 0.1812 0.1790 0.4353 
        H367 11 0.1299 0.5306 0.1383 0.2012 
        H368 11 0.3203 0.2161 0.2994 0.1641 
        H369 11 0.1639 0.5153 0.1346 0.1862 
        H370 11 0.3089 0.1387 0.2810 0.2715 
        H371 11 0.1765 0.2034 0.2237 0.3965 
        H372 11 0.2760 0.1883 0.2201 0.3156 
        H373 11 0.3301 0.1502 0.3101 0.2096 
        H374 11 0.3468 0.1894 0.3056 0.1582 
        H375 11 0.2301 0.3724 0.1844 0.2131 
        H376 11 0.3077 0.1624 0.3576 0.1723 
        H377 11 0.3043 0.2288 0.2423 0.2246 
        H378 11 0.2711 0.2450 0.2530 0.2309 
        H379 11 0.3028 0.1863 0.2791 0.2318 
        H380 11 0.3542 0.1219 0.2724 0.2516 
        H381 11 0.1760 0.5230 0.1913 0.1097 
        H382 11 0.2872 0.0784 0.3305 0.3039 
        H383 11 0.3468 0.1000 0.3582 0.1950 
        H384 11 0.2843 0.3299 0.2063 0.1794 
        H385 11 0.2549 0.2457 0.2891 0.2104 
        H386 11 0.3420 0.1185 0.2522 0.2873 
        H387 11 0.3632 0.1689 0.3628 0.1050 
        H388 11 0.1782 0.1175 0.2172 0.4871 
        H389 11 0.2039 0.2769 0.2214 0.2977 
        H390 11 0.3243 0.1913 0.2865 0.1979 
        H391 11 0.2693 0.1457 0.3009 0.2841 
        H392 11 0.2771 0.3614 0.2330 0.1285 
        H393 11 0.3126 0.1471 0.3764 0.1639 
        H394 11 0.2541 0.1653 0.4143 0.1663 
        H395 11 0.1835 0.4004 0.1898 0.2263 
        H408 11 0.3480 0.2019 0.2540 0.1961 
        H412 11 0.1178 0.6323 0.1383 0.1116 
        H417 11 0.2440 0.3354 0.1968 0.2238 
        H418 11 0.2412 0.2593 0.2758 0.2237 
        H429 11 0.3192 0.2254 0.2760 0.1795 
        H430 11 0.2487 0.1463 0.2535 0.3516 
        H439 11 0.2266 0.2020 0.2427 0.3287 
        H440 11 0.2626 0.3962 0.2193 0.1219 
        H441 11 0.2140 0.1469 0.2120 0.4271 
        H442 11 0.2425 0.1586 0.2475 0.3515 
        H446 11 0.3248 0.1716 0.2945 0.2091 
        H447 11 0.2698 0.1138 0.2170 0.3994 
        H448 11 0.1429 0.1520 0.1462 0.5589 
        H534 11 0.2353 0.4055 0.2515 0.1078 
        H537 11 0.1923 0.4869 0.1957 0.1251 
        H568 11 0.1201 0.6205 0.1325 0.1269 
        H569 11 0.1428 0.0794 0.1525 0.6253 
        H586 11 0.2304 0.4240 0.2592 0.0865 
        H587 11 0.1734 0.5404 0.1498 0.1364 
        H588 11 0.3364 0.1120 0.4024 0.1492 
        H589 11 0.2415 0.4789 0.1824 0.0972 
        H590 11 0.2153 0.4384 0.2109 0.1354 
        H601 11 0.2051 0.1067 0.2772 0.4110 
        H602 11 0.1732 0.2784 0.1925 0.3559 
        H603 11 0.3209 0.1089 0.2739 0.2963 
        H610 11 0.1589 0.2372 0.1937 0.4102 
        H611 11 0.1767 0.4570 0.1495 0.2169 
        H649 11 0.3166 0.2326 0.2825 0.1683 
        H650 11 0.2775 0.1236 0.3283 0.2705 
        H651 11 0.2325 0.1629 0.2093 0.3952 
        H652 11 0.2787 0.1696 0.3312 0.2205 
       H7364 11 0.2584 0.1849 0.2370 0.3196 
       H7366 11 0.2144 0.2055 0.2129 0.3671 
       H7378 11 0.2471 0.0754 0.4394 0.2380 
       H7379 11 0.1923 0.1956 0.2558 0.3564 
        H739 11 0.1458 0.4911 0.1421 0.2210 
        H740 11 0.2914 0.1406 0.3284 0.2396 
        H741 11 0.2071 0.4483 0.1533 0.1913 
        H926 11 0.2826 0.1480 0.3113 0.2581 
        H927 11 0.1487 0.1143 0.1408 0.5963 
        H928 11 0.2179 0.2256 0.2083 0.3483 
       H9560 11 0.2348 0.1793 0.2510 0.3349 
        H409 12 0.2837 0.1258 0.3331 0.2574 
        H413 12 0.2898 0.1302 0.4174 0.1625 
        H419 12 0.2448 0.1402 0.2675 0.3475 
        H420 12 0.2055 0.3345 0.2040 0.2561 
        H421 12 0.3713 0.0827 0.3728 0.1733 
        H435 12 0.3478 0.1055 0.3706 0.1761 
        H436 12 0.2780 0.2401 0.2384 0.2435 
        H437 12 0.2610 0.3959 0.2310 0.1121 
        H445 12 0.3407 0.1268 0.2895 0.2430 
        H449 12 0.2063 0.1447 0.2285 0.4205 
        H463 12 0.2610 0.3161 0.2804 0.1426 
        H464 12 0.3861 0.1200 0.3332 0.1608 
        H465 12 0.2426 0.2344 0.3757 0.1473 
        H490 12 0.2990 0.1177 0.3955 0.1878 
        H561 12 0.2369 0.2165 0.2964 0.2502 
        H562 12 0.3220 0.2085 0.2479 0.2216 
        H563 12 0.1706 0.2601 0.1796 0.3897 
        H570 12 0.2845 0.2938 0.2298 0.1919 
        H571 12 0.2697 0.2321 0.3317 0.1665 
        H572 12 0.1916 0.3883 0.2323 0.1878 
        H573 12 0.2585 0.1246 0.3063 0.3106 
       H7372 12 0.2944 0.0733 0.2270 0.4053 
       H7373 12 0.3622 0.1251 0.3839 0.1289 
       H7374 12 0.3376 0.2675 0.2895 0.1055 
       H7375 12 0.1937 0.4093 0.1547 0.2423 
       H7376 12 0.2845 0.1062 0.2606 0.3487 
       H7377 12 0.2127 0.3560 0.2082 0.2231 
