        H102  1 0.2464 0.1670 0.2718 0.1852 0.1297 
        H103  1 0.3089 0.2505 0.1251 0.0987 0.2167 
        H104  1 0.1733 0.1369 0.2043 0.2816 0.2039 
        H105  1 0.1748 0.1722 0.3125 0.1669 0.1736 
        H106  1 0.2308 0.2001 0.1695 0.1988 0.2008 
        H112  1 0.1945 0.1555 0.1898 0.2645 0.1958 
        H113  1 0.1618 0.1580 0.2000 0.1695 0.3107 
        H114  1 0.1846 0.1713 0.2295 0.1205 0.2940 
        H115  1 0.2384 0.1315 0.2560 0.2009 0.1732 
        H143  1 0.1798 0.1925 0.3073 0.1531 0.1673 
        H144  1 0.1499 0.3133 0.3027 0.0948 0.1393 
        H145  1 0.2700 0.2697 0.1731 0.1009 0.1863 
        H149  1 0.1816 0.1558 0.2151 0.3017 0.1457 
        H150  1 0.1889 0.2469 0.1744 0.1889 0.2009 
     H167542  1 0.1495 0.1552 0.4081 0.1262 0.1609 
     H169604  1 0.1744 0.1804 0.2894 0.1610 0.1948 
     H169607  1 0.1907 0.2424 0.2589 0.1275 0.1805 
     H169608  1 0.2884 0.1610 0.1540 0.2721 0.1245 
     H169633  1 0.1567 0.1985 0.2771 0.1103 0.2575 
     H169688  1 0.2233 0.3096 0.1397 0.1519 0.1755 
     H169714  1 0.2057 0.1813 0.1564 0.2673 0.1893 
     H171802  1 0.1679 0.1541 0.1214 0.3095 0.2471 
     H171805  1 0.2940 0.2196 0.1594 0.1326 0.1945 
     H171807  1 0.1922 0.1967 0.2083 0.2381 0.1648 
     H171814  1 0.1629 0.3024 0.1243 0.1158 0.2946 
     H171816  1 0.2207 0.1827 0.1557 0.2538 0.1871 
     H171817  1 0.1778 0.1747 0.1859 0.2563 0.2053 
     H171818  1 0.1858 0.1988 0.2270 0.1674 0.2210 
     H171819  1 0.2026 0.1809 0.1656 0.2170 0.2339 
     H171834  1 0.2581 0.1754 0.2327 0.1599 0.1739 
     H171835  1 0.2215 0.1365 0.1258 0.3265 0.1897 
     H171836  1 0.2118 0.2018 0.1964 0.0834 0.3067 
     H171837  1 0.2231 0.1626 0.2393 0.1998 0.1752 
     H171838  1 0.2581 0.2038 0.1407 0.1297 0.2677 
     H171839  1 0.2017 0.1509 0.2311 0.2270 0.1893 
     H171841  1 0.2089 0.1646 0.1020 0.4045 0.1199 
     H171860  1 0.1895 0.1704 0.2306 0.1851 0.2243 
     H171861  1 0.2181 0.2185 0.2467 0.0924 0.2243 
     H171862  1 0.1987 0.2139 0.2232 0.1659 0.1982 
     H171868  1 0.1610 0.1363 0.4205 0.1351 0.1471 
     H171869  1 0.2342 0.3096 0.1474 0.1353 0.1735 
     H171870  1 0.1944 0.2453 0.1547 0.2274 0.1782 
     H171871  1 0.2678 0.2368 0.1182 0.1264 0.2507 
     H171872  1 0.1683 0.1618 0.2193 0.2427 0.2078 
     H171873  1 0.1944 0.2419 0.1491 0.2249 0.1897 
     H171874  1 0.2330 0.2270 0.2433 0.1390 0.1577 
     H171875  1 0.1940 0.2422 0.2766 0.0979 0.1894 
     H171876  1 0.2007 0.1942 0.3103 0.1239 0.1708 
     H171877  1 0.1627 0.1339 0.4150 0.1296 0.1588 
     H171878  1 0.2348 0.2469 0.1565 0.2098 0.1520 
     H171901  1 0.1931 0.1675 0.1348 0.2889 0.2157 
     H171902  1 0.1770 0.2613 0.1987 0.2183 0.1446 
     H171903  1 0.2218 0.2052 0.1763 0.1744 0.2223 
     H171935  1 0.2196 0.2058 0.1106 0.2668 0.1973 
     H171936  1 0.1748 0.1765 0.2493 0.1268 0.2725 
     H171940  1 0.1559 0.1572 0.3462 0.2160 0.1247 
     H171945  1 0.1761 0.2713 0.1822 0.1929 0.1775 
     H171948  1 0.2098 0.1620 0.1908 0.2316 0.2058 
     H171949  1 0.1394 0.1553 0.2134 0.3407 0.1512 
     H171950  1 0.1845 0.1397 0.1308 0.3985 0.1465 
     H171963  1 0.2492 0.2654 0.1430 0.1243 0.2182 
     H171964  1 0.1739 0.3528 0.1821 0.1339 0.1573 
     H171966  1 0.2433 0.2099 0.1652 0.2003 0.1812 
     H171968  1 0.1820 0.2212 0.2352 0.2325 0.1291 
     H171971  1 0.2590 0.2071 0.1277 0.1746 0.2316 
     H171972  1 0.2461 0.2327 0.1622 0.1167 0.2423 
     H171977  1 0.2055 0.2714 0.2167 0.1138 0.1926 
     H171978  1 0.2281 0.2040 0.1349 0.2635 0.1695 
     H171979  1 0.2291 0.2380 0.1768 0.1040 0.2520 
        H176  1 0.1782 0.2004 0.2535 0.1662 0.2018 
        H177  1 0.2170 0.1480 0.1670 0.3370 0.1310 
        H179  1 0.1462 0.1250 0.2734 0.2939 0.1614 
        H181  1 0.1655 0.2485 0.2217 0.1268 0.2374 
        H182  1 0.3036 0.2155 0.1908 0.0974 0.1927 
        H183  1 0.1963 0.2648 0.1839 0.1420 0.2129 
        H184  1 0.1850 0.1557 0.2129 0.2731 0.1734 
        H185  1 0.1724 0.2315 0.2350 0.1300 0.2310 
        H186  1 0.1676 0.2945 0.2214 0.2052 0.1113 
        H187  1 0.2635 0.2008 0.1361 0.1853 0.2143 
        H188  1 0.1133 0.1310 0.3728 0.2175 0.1654 
        H192  1 0.2156 0.1608 0.1773 0.2860 0.1603 
        H193  1 0.2766 0.2364 0.2249 0.1081 0.1539 
        H194  1 0.2046 0.1862 0.2322 0.1902 0.1867 
        H195  1 0.2154 0.3298 0.1625 0.1354 0.1569 
        H199  1 0.1855 0.3043 0.1812 0.1445 0.1845 
        H200  1 0.1577 0.1712 0.2002 0.2525 0.2185 
        H414  1 0.2614 0.2478 0.1391 0.1535 0.1982 
        H415  1 0.2001 0.1980 0.1764 0.1378 0.2877 
        H422  1 0.1806 0.2664 0.1726 0.2298 0.1505 
        H423  1 0.1445 0.1427 0.1261 0.4625 0.1242 
        H424  1 0.2092 0.2826 0.1607 0.1210 0.2266 
        H425  1 0.1660 0.3765 0.1676 0.1241 0.1657 
        H426  1 0.2412 0.3146 0.1239 0.1616 0.1587 
        H443  1 0.1288 0.3224 0.3288 0.1173 0.1028 
        H466  1 0.2263 0.1884 0.2094 0.1975 0.1785 
        H467  1 0.2091 0.1688 0.1540 0.3286 0.1396 
        H472  1 0.1547 0.2010 0.2606 0.1896 0.1942 
        H483  1 0.1328 0.1941 0.3897 0.1162 0.1671 
        H504  1 0.1722 0.3220 0.1540 0.1275 0.2243 
        H505  1 0.1692 0.1694 0.2358 0.2356 0.1900 
        H506  1 0.1956 0.2224 0.2158 0.1850 0.1812 
        H507  1 0.2544 0.2181 0.2061 0.0802 0.2413 
        H508  1 0.2322 0.2279 0.1308 0.2322 0.1768 
        H524  1 0.1822 0.2169 0.2082 0.1160 0.2767 
        H525  1 0.2341 0.2283 0.2453 0.1330 0.1593 
        H526  1 0.1210 0.1609 0.4001 0.1418 0.1762 
        H527  1 0.2414 0.1697 0.1678 0.2606 0.1604 
        H528  1 0.1829 0.2359 0.1973 0.1227 0.2611 
        H529  1 0.1922 0.2863 0.2077 0.0996 0.2144 
        H533  1 0.3156 0.1868 0.1368 0.0876 0.2731 
        H538  1 0.1683 0.1667 0.3086 0.1807 0.1756 
        H539  1 0.2871 0.2309 0.1273 0.1539 0.2007 
        H540  1 0.2390 0.2064 0.1894 0.1758 0.1895 
        H541  1 0.1944 0.1738 0.3020 0.1388 0.1910 
        H558  1 0.2744 0.2271 0.1208 0.1490 0.2286 
        H559  1 0.1675 0.1786 0.3436 0.1804 0.1299 
        H579  1 0.2476 0.2321 0.2264 0.1385 0.1553 
        H584  1 0.1867 0.2996 0.1694 0.1427 0.2017 
        H585  1 0.1822 0.2378 0.1818 0.1494 0.2488 
        H605  1 0.1984 0.2137 0.1853 0.2350 0.1676 
        H606  1 0.1434 0.1553 0.2399 0.3414 0.1200 
        H632  1 0.2113 0.2880 0.2219 0.1140 0.1648 
        H634  1 0.2316 0.2248 0.1967 0.1662 0.1807 
        H671  1 0.1653 0.1519 0.1473 0.3923 0.1432 
        H672  1 0.1685 0.1818 0.1636 0.1752 0.3109 
        H673  1 0.1652 0.2537 0.3175 0.1330 0.1306 
        H689  1 0.1691 0.2253 0.3209 0.1246 0.1600 
        H690  1 0.2431 0.1540 0.1845 0.2152 0.2033 
        H691  1 0.2017 0.1499 0.3612 0.1391 0.1481 
        H692  1 0.1649 0.2971 0.2310 0.0807 0.2263 
        H709  1 0.2782 0.1928 0.1622 0.1492 0.2176 
        H710  1 0.2042 0.2612 0.1966 0.0973 0.2406 
       H7355  1 0.1986 0.1629 0.2897 0.1040 0.2447 
       H7356  1 0.2228 0.2378 0.1767 0.1744 0.1884 
       H7357  1 0.1798 0.1617 0.2685 0.2141 0.1758 
       H7358  1 0.1348 0.1849 0.3745 0.1310 0.1748 
       H7380  1 0.1932 0.2080 0.2899 0.1429 0.1660 
       H7381  1 0.2082 0.2398 0.1561 0.2511 0.1448 
       H7382  1 0.2120 0.2167 0.2503 0.1437 0.1773 
        H904  1 0.1504 0.1176 0.1844 0.4460 0.1016 
        H923  1 0.1728 0.2110 0.2060 0.2216 0.1886 
        H924  1 0.1794 0.1950 0.2552 0.2184 0.1520 
        H925  1 0.1371 0.1697 0.4014 0.1323 0.1595 
       H9558  1 0.2783 0.2532 0.1113 0.1399 0.2173 
        H008  2 0.1917 0.1858 0.2525 0.1120 0.2579 
        H021  2 0.1999 0.1654 0.2415 0.2295 0.1638 
        H023  2 0.2139 0.1449 0.2813 0.2211 0.1389 
        H024  2 0.1438 0.2169 0.1376 0.1160 0.3857 
        H025  2 0.1550 0.2177 0.1705 0.3104 0.1465 
        H026  2 0.1467 0.3256 0.1528 0.1140 0.2609 
        H027  2 0.1712 0.1796 0.2730 0.1330 0.2432 
        H028  2 0.1701 0.2444 0.2289 0.1373 0.2192 
        H029  2 0.1587 0.2009 0.2387 0.1320 0.2697 
        H030  2 0.2060 0.2493 0.1270 0.1081 0.3095 
        H038  2 0.2139 0.1864 0.1880 0.2612 0.1505 
        H039  2 0.1202 0.1026 0.0881 0.5863 0.1028 
        H040  2 0.2010 0.1698 0.1211 0.3144 0.1937 
        H041  2 0.1464 0.1453 0.2929 0.1676 0.2478 
        H042  2 0.1694 0.1805 0.2571 0.2105 0.1825 
        H043  2 0.2634 0.1763 0.0899 0.3335 0.1369 
        H044  2 0.2414 0.2155 0.1286 0.1312 0.2832 
        H047  2 0.2048 0.2015 0.1226 0.2707 0.2004 
        H050  2 0.1835 0.1896 0.1189 0.1368 0.3712 
        H058  2 0.2517 0.2030 0.1246 0.2269 0.1938 
        H062  2 0.1601 0.1588 0.3651 0.2010 0.1151 
        H063  2 0.2124 0.1498 0.1586 0.2993 0.1798 
        H065  2 0.1520 0.3377 0.1872 0.1999 0.1232 
        H066  2 0.2189 0.2118 0.1007 0.1661 0.3025 
        H067  2 0.1725 0.1941 0.3244 0.1313 0.1778 
        H068  2 0.1868 0.1598 0.1688 0.3272 0.1574 
        H069  2 0.2140 0.2356 0.1533 0.1849 0.2122 
        H071  2 0.2409 0.1736 0.1818 0.2319 0.1718 
        H072  2 0.1578 0.1416 0.1530 0.3867 0.1609 
        H073  2 0.1950 0.2668 0.2141 0.1418 0.1823 
        H081  2 0.1553 0.1387 0.3365 0.1819 0.1876 
        H082  2 0.2185 0.2232 0.1578 0.1099 0.2906 
        H083  2 0.2770 0.2540 0.1751 0.1127 0.1812 
        H084  2 0.2072 0.1789 0.1452 0.2101 0.2585 
        H085  2 0.1469 0.1413 0.3568 0.1378 0.2172 
        H087  2 0.1460 0.1286 0.4259 0.1418 0.1577 
        H088  2 0.2018 0.1493 0.2229 0.2664 0.1596 
        H089  2 0.1710 0.1825 0.3450 0.1272 0.1743 
        H090  2 0.1469 0.1932 0.1631 0.1311 0.3657 
        H091  2 0.1822 0.1788 0.2063 0.1000 0.3327 
        H098  2 0.1577 0.1891 0.1908 0.1583 0.3041 
      H10001  2 0.1360 0.1035 0.0964 0.5738 0.0903 
      H10002  2 0.2284 0.1523 0.2290 0.2539 0.1364 
        H101  2 0.1849 0.1754 0.1022 0.1302 0.4073 
        H108  2 0.1174 0.1298 0.3604 0.2813 0.1111 
        H109  2 0.2030 0.1759 0.0997 0.2229 0.2984 
        H110  2 0.1817 0.1734 0.2988 0.1255 0.2207 
        H116  2 0.2227 0.2677 0.1469 0.1376 0.2252 
        H117  2 0.1650 0.1417 0.1913 0.1192 0.3828 
        H118  2 0.1544 0.2496 0.2322 0.0915 0.2723 
        H119  2 0.1777 0.1650 0.1854 0.2564 0.2155 
        H120  2 0.1322 0.1190 0.2467 0.3937 0.1084 
        H121  2 0.1335 0.1768 0.2574 0.1199 0.3123 
        H125  2 0.1486 0.0941 0.1036 0.5581 0.0957 
        H126  2 0.1741 0.3097 0.1677 0.1754 0.1731 
        H128  2 0.1353 0.2677 0.1174 0.0718 0.4078 
        H129  2 0.1989 0.3439 0.1775 0.1074 0.1723 
        H130  2 0.2324 0.2000 0.1085 0.3157 0.1433 
        H133  2 0.1495 0.1537 0.1081 0.4522 0.1365 
        H134  2 0.1454 0.4678 0.1368 0.1030 0.1470 
        H135  2 0.1969 0.1594 0.2592 0.2063 0.1782 
        H137  2 0.1680 0.1730 0.1380 0.1710 0.3500 
        H138  2 0.2796 0.2849 0.1455 0.1196 0.1705 
        H140  2 0.1538 0.1922 0.1946 0.1943 0.2651 
        H146  2 0.1589 0.2315 0.1427 0.1326 0.3343 
        H147  2 0.1959 0.1869 0.2159 0.1374 0.2639 
        H148  2 0.2067 0.1492 0.2370 0.1232 0.2839 
     H166022  2 0.2402 0.1801 0.1901 0.1228 0.2667 
     H167359  2 0.2151 0.2125 0.1668 0.1664 0.2392 
     H167397  2 0.1711 0.2145 0.1460 0.0714 0.3969 
     H167428  2 0.1168 0.1576 0.4572 0.0795 0.1889 
     H167496  2 0.1586 0.1190 0.2003 0.3654 0.1568 
     H167513  2 0.2465 0.1941 0.1208 0.1837 0.2548 
     H167545  2 0.2888 0.2563 0.1494 0.1054 0.2001 
     H167547  2 0.1962 0.2611 0.0864 0.1136 0.3428 
     H169621  2 0.2059 0.2128 0.1687 0.1195 0.2931 
     H169622  2 0.2197 0.2582 0.2270 0.1227 0.1724 
     H169750  2 0.2309 0.2092 0.1091 0.2741 0.1766 
     H171806  2 0.1932 0.2085 0.1539 0.2131 0.2313 
     H171808  2 0.1760 0.2045 0.2744 0.1673 0.1777 
     H171809  2 0.1888 0.1668 0.2877 0.1945 0.1622 
     H171813  2 0.2637 0.2246 0.1608 0.1726 0.1783 
     H171815  2 0.1868 0.1643 0.1255 0.4004 0.1230 
     H171824  2 0.1786 0.1273 0.2724 0.2745 0.1472 
     H171825  2 0.2255 0.2229 0.2445 0.1403 0.1669 
     H171826  2 0.1846 0.1756 0.2297 0.2269 0.1831 
     H171827  2 0.2963 0.1820 0.1634 0.1837 0.1746 
     H171828  2 0.1411 0.1010 0.2149 0.4342 0.1088 
     H171829  2 0.1929 0.2599 0.1180 0.2247 0.2046 
     H171830  2 0.2066 0.1788 0.1523 0.1936 0.2687 
     H171831  2 0.1868 0.2839 0.1873 0.1104 0.2317 
     H171832  2 0.2696 0.2274 0.1691 0.1553 0.1786 
     H171863  2 0.2199 0.2944 0.1461 0.0952 0.2444 
     H171864  2 0.1631 0.1683 0.1895 0.1719 0.3072 
     H171865  2 0.1560 0.1629 0.1484 0.3703 0.1624 
     H171879  2 0.1748 0.2077 0.1313 0.1842 0.3019 
     H171880  2 0.1938 0.1567 0.1200 0.1283 0.4013 
     H171881  2 0.1759 0.1854 0.3191 0.1243 0.1953 
     H171882  2 0.1234 0.1222 0.1330 0.5099 0.1116 
     H171929  2 0.1587 0.1861 0.2619 0.1546 0.2386 
     H171930  2 0.2539 0.2278 0.1096 0.1089 0.2999 
     H171933  2 0.2100 0.2048 0.1773 0.1553 0.2526 
     H171934  2 0.1954 0.1771 0.2795 0.1429 0.2051 
     H171937  2 0.2188 0.2871 0.1246 0.1394 0.2302 
     H171962  2 0.2034 0.1874 0.3130 0.1240 0.1723 
        H190  2 0.2128 0.2294 0.2120 0.1307 0.2151 
        H191  2 0.1590 0.2041 0.2304 0.1843 0.2223 
        H396  2 0.1321 0.1595 0.4238 0.1566 0.1280 
        H397  2 0.2319 0.2103 0.1895 0.1533 0.2151 
        H398  2 0.1551 0.2623 0.2483 0.1975 0.1369 
        H400  2 0.1820 0.1696 0.3079 0.1577 0.1827 
        H401  2 0.1539 0.2021 0.1235 0.0890 0.4315 
        H402  2 0.2165 0.2051 0.1828 0.1179 0.2775 
        H427  2 0.1436 0.1564 0.3871 0.1491 0.1637 
        H428  2 0.1114 0.1650 0.4676 0.0800 0.1760 
        H497  2 0.2335 0.1821 0.1235 0.2557 0.2052 
        H512  2 0.1935 0.1922 0.1529 0.1760 0.2854 
        H513  2 0.2410 0.1954 0.1175 0.1831 0.2630 
        H514  2 0.2825 0.2510 0.1378 0.1537 0.1750 
        H519  2 0.2299 0.1851 0.1285 0.1853 0.2711 
        H532  2 0.1708 0.1713 0.3738 0.1030 0.1811 
        H543  2 0.2682 0.1917 0.1769 0.1091 0.2542 
        H544  2 0.1869 0.3042 0.1520 0.2057 0.1512 
        H545  2 0.2854 0.2789 0.1399 0.1036 0.1922 
        H546  2 0.1650 0.1965 0.1974 0.3079 0.1332 
        H547  2 0.2009 0.2679 0.0824 0.1164 0.3324 
        H548  2 0.2056 0.1909 0.2463 0.1466 0.2106 
        H549  2 0.2435 0.2274 0.1130 0.1750 0.2411 
        H620  2 0.1343 0.1124 0.1490 0.5013 0.1031 
        H623  2 0.2131 0.2870 0.1432 0.1447 0.2120 
        H624  2 0.2842 0.2163 0.1061 0.2652 0.1282 
        H625  2 0.1830 0.1727 0.3328 0.1334 0.1781 
        H626  2 0.2367 0.2043 0.1498 0.1848 0.2244 
        H654  2 0.1561 0.1177 0.1078 0.5195 0.0988 
        H655  2 0.3114 0.1710 0.1343 0.2176 0.1658 
        H656  2 0.1100 0.1254 0.2228 0.4351 0.1066 
        H666  2 0.1350 0.1513 0.0928 0.4793 0.1417 
        H667  2 0.2237 0.1955 0.2687 0.1481 0.1640 
        H677  2 0.2285 0.2025 0.2267 0.1537 0.1886 
        H693  2 0.1440 0.1257 0.3520 0.2632 0.1150 
        H694  2 0.2003 0.2283 0.1621 0.1470 0.2624 
        H701  2 0.2326 0.1883 0.1621 0.1217 0.2953 
        H702  2 0.2498 0.1867 0.1597 0.1997 0.2041 
        H731  2 0.1966 0.1680 0.2061 0.2730 0.1562 
       H7359  2 0.2157 0.2063 0.1739 0.1692 0.2349 
       H7389  2 0.1886 0.2167 0.2073 0.1525 0.2348 
       H7390  2 0.2376 0.1552 0.1253 0.3425 0.1394 
       H7391  2 0.1460 0.1284 0.4033 0.1318 0.1905 
       H7392  2 0.1891 0.2334 0.1994 0.2097 0.1685 
       H7393  2 0.2002 0.1670 0.1368 0.2795 0.2164 
       H7398  2 0.1551 0.1507 0.2827 0.1644 0.2470 
       H7399  2 0.2078 0.2153 0.2558 0.1141 0.2070 
       H7400  2 0.1409 0.1230 0.1194 0.5209 0.0958 
        H745  2 0.1731 0.3815 0.1463 0.1182 0.1809 
        H746  2 0.2400 0.2466 0.2310 0.1186 0.1638 
        H747  2 0.2083 0.1558 0.1127 0.3284 0.1948 
        H748  2 0.2621 0.2039 0.1330 0.1820 0.2190 
       H7484  2 0.1363 0.1462 0.1319 0.4242 0.1614 
       H7485  2 0.2583 0.2358 0.1553 0.1514 0.1993 
        H749  2 0.2334 0.2487 0.2168 0.1186 0.1825 
        H930  2 0.2558 0.2022 0.1107 0.1129 0.3184 
        H931  2 0.1443 0.1909 0.2814 0.1721 0.2114 
        H932  2 0.1966 0.2001 0.1576 0.1893 0.2564 
        H111  3 0.2603 0.2665 0.1208 0.1274 0.2250 
        H951  3 0.1937 0.2188 0.1968 0.1204 0.2703 
        H952  3 0.2018 0.2468 0.1453 0.1753 0.2309 
        H953  3 0.1472 0.1519 0.3554 0.1086 0.2368 
        H954  3 0.1910 0.1519 0.1291 0.3494 0.1786 
        H955  3 0.2874 0.2229 0.1275 0.1089 0.2533 
        H956  3 0.2372 0.1597 0.1430 0.1977 0.2624 
       H9563  3 0.1506 0.1470 0.2425 0.2083 0.2516 
        H002  4 0.2341 0.2143 0.1356 0.3023 0.1137 
        H003  4 0.2080 0.2250 0.2997 0.1176 0.1497 
        H009  4 0.2347 0.2889 0.1393 0.1338 0.2034 
        H010  4 0.1834 0.1973 0.2497 0.1514 0.2182 
        H011  4 0.1575 0.1256 0.2741 0.3247 0.1180 
        H012  4 0.2222 0.1768 0.2580 0.1254 0.2176 
        H013  4 0.1935 0.1447 0.2953 0.2288 0.1377 
        H014  4 0.1983 0.2204 0.2013 0.1796 0.2004 
        H045  4 0.1222 0.1434 0.3228 0.2248 0.1868 
        H046  4 0.2031 0.2937 0.2408 0.1203 0.1421 
        H051  4 0.1644 0.1476 0.2780 0.2457 0.1644 
        H052  4 0.1366 0.2199 0.1686 0.3168 0.1581 
        H053  4 0.2354 0.1798 0.1599 0.2299 0.1950 
        H056  4 0.1646 0.1764 0.1627 0.3374 0.1589 
        H076  4 0.1660 0.2962 0.2367 0.1146 0.1864 
        H151  4 0.2046 0.1733 0.1157 0.3849 0.1215 
        H152  4 0.1870 0.2238 0.1646 0.2910 0.1337 
     H171803  4 0.2848 0.1617 0.1506 0.2621 0.1408 
     H171804  4 0.2087 0.1609 0.1702 0.2606 0.1995 
     H171833  4 0.2294 0.3309 0.1435 0.1254 0.1708 
     H171855  4 0.1751 0.1928 0.1119 0.4029 0.1173 
     H171856  4 0.2370 0.1792 0.1283 0.2052 0.2503 
     H171857  4 0.1726 0.1888 0.1294 0.3430 0.1662 
     H171858  4 0.1886 0.2391 0.1899 0.1983 0.1842 
     H171859  4 0.1810 0.2060 0.1943 0.2266 0.1921 
     H171961  4 0.1872 0.1622 0.2550 0.2463 0.1493 
        H198  4 0.2197 0.2415 0.2529 0.0979 0.1880 
      H20001  4 0.3209 0.2622 0.1131 0.1176 0.1861 
        H403  4 0.1758 0.2464 0.1509 0.2377 0.1892 
        H404  4 0.2265 0.1947 0.2876 0.1161 0.1751 
        H405  4 0.2014 0.2583 0.1959 0.1280 0.2164 
        H406  4 0.1533 0.2551 0.0944 0.1928 0.3044 
        H407  4 0.2122 0.1780 0.1781 0.1916 0.2402 
        H410  4 0.1397 0.1938 0.1760 0.1140 0.3765 
        H411  4 0.2600 0.2602 0.1244 0.1349 0.2204 
        H468  4 0.2473 0.2610 0.0887 0.1972 0.2059 
        H476  4 0.2700 0.1850 0.1036 0.2161 0.2254 
        H477  4 0.2459 0.3250 0.1261 0.1121 0.1909 
        H478  4 0.2589 0.2020 0.2328 0.1335 0.1729 
        H479  4 0.1697 0.1799 0.2495 0.2412 0.1597 
        H480  4 0.3158 0.2429 0.1053 0.1125 0.2236 
        H498  4 0.2267 0.2366 0.1975 0.1727 0.1664 
        H499  4 0.2493 0.2153 0.2111 0.1660 0.1583 
        H500  4 0.2097 0.1415 0.1404 0.3495 0.1589 
        H515  4 0.2481 0.1716 0.1489 0.2327 0.1987 
        H516  4 0.2063 0.2164 0.1221 0.1998 0.2553 
        H517  4 0.1918 0.2007 0.1405 0.1900 0.2770 
        H518  4 0.1743 0.2484 0.1226 0.2817 0.1731 
        H520  4 0.1903 0.1902 0.1132 0.3236 0.1826 
        H521  4 0.1739 0.1989 0.2860 0.1474 0.1938 
        H522  4 0.3003 0.1898 0.1418 0.1865 0.1816 
        H523  4 0.2694 0.1696 0.1249 0.1986 0.2375 
        H536  4 0.1626 0.2597 0.2870 0.1483 0.1424 
        H645  4 0.1429 0.1203 0.4267 0.1900 0.1201 
        H646  4 0.1693 0.2531 0.1327 0.1068 0.3382 
        H647  4 0.1991 0.2422 0.1701 0.1712 0.2174 
        H657  4 0.2062 0.2323 0.1667 0.1255 0.2693 
        H658  4 0.2672 0.1681 0.1466 0.1770 0.2412 
        H659  4 0.2278 0.1310 0.0978 0.4220 0.1213 
        H660  4 0.2227 0.1956 0.1738 0.2133 0.1946 
        H661  4 0.2625 0.2008 0.1316 0.2634 0.1417 
        H668  4 0.2045 0.1969 0.2847 0.1289 0.1850 
        H669  4 0.1670 0.1787 0.2212 0.1961 0.2369 
        H670  4 0.1617 0.1328 0.4016 0.1834 0.1205 
        H678  4 0.2656 0.1937 0.1481 0.1655 0.2272 
        H679  4 0.2027 0.1891 0.1529 0.1232 0.3321 
        H680  4 0.2061 0.2706 0.1547 0.1771 0.1915 
        H681  4 0.1995 0.1634 0.2473 0.2412 0.1486 
        H682  4 0.2763 0.1624 0.1536 0.1358 0.2720 
        H683  4 0.1529 0.2116 0.1074 0.3102 0.2179 
        H718  4 0.1179 0.1534 0.1586 0.4144 0.1557 
        H719  4 0.1346 0.1508 0.3509 0.1920 0.1718 
        H720  4 0.1923 0.2548 0.1919 0.2134 0.1476 
        H721  4 0.1949 0.2770 0.1625 0.2193 0.1464 
        H722  4 0.1612 0.2875 0.1271 0.2849 0.1393 
        H723  4 0.1538 0.1398 0.1995 0.3084 0.1985 
        H724  4 0.1548 0.1248 0.1330 0.4440 0.1434 
        H725  4 0.1476 0.1578 0.1272 0.4348 0.1326 
        H726  4 0.1805 0.1769 0.1590 0.3253 0.1583 
        H727  4 0.1786 0.1412 0.2359 0.2630 0.1814 
        H910  4 0.2242 0.1495 0.1825 0.2457 0.1980 
        H911  4 0.1527 0.2108 0.1472 0.1558 0.3334 
        H912  4 0.2039 0.2241 0.1312 0.2304 0.2105 
        H913  4 0.2460 0.1741 0.1434 0.2423 0.1942 
        H914  4 0.1991 0.1339 0.2452 0.2693 0.1525 
        H915  4 0.2427 0.1932 0.1352 0.1968 0.2321 
        H916  4 0.2766 0.2219 0.1029 0.1616 0.2370 
       H9572  4 0.1897 0.2018 0.1853 0.2151 0.2080 
        H015  5 0.2068 0.2388 0.1837 0.1308 0.2399 
        H016  5 0.1899 0.3348 0.1666 0.1231 0.1856 
        H017  5 0.3131 0.2339 0.1074 0.1641 0.1815 
        H019  5 0.2156 0.2185 0.2047 0.1660 0.1952 
        H020  5 0.1728 0.1905 0.2756 0.1900 0.1711 
        H032  5 0.2103 0.1875 0.1257 0.2484 0.2281 
        H033  5 0.2320 0.1826 0.2558 0.1342 0.1955 
        H034  5 0.1677 0.1498 0.2203 0.2998 0.1625 
        H035  5 0.2403 0.2160 0.1562 0.1786 0.2089 
        H036  5 0.1757 0.2000 0.1856 0.1503 0.2885 
        H037  5 0.2807 0.1509 0.2001 0.2140 0.1543 
        H048  5 0.1533 0.1395 0.2533 0.3147 0.1391 
        H049  5 0.2261 0.2259 0.1676 0.1824 0.1981 
        H054  5 0.1570 0.2402 0.1849 0.2053 0.2126 
        H055  5 0.1948 0.1895 0.2651 0.2189 0.1317 
        H057  5 0.2112 0.3385 0.1436 0.1735 0.1332 
        H060  5 0.2761 0.2101 0.2004 0.1972 0.1162 
        H061  5 0.1787 0.2085 0.2703 0.1501 0.1924 
        H064  5 0.1576 0.1935 0.2396 0.2619 0.1474 
        H070  5 0.2451 0.1513 0.2085 0.2205 0.1745 
        H077  5 0.1681 0.1637 0.1273 0.3842 0.1567 
        H078  5 0.2186 0.2065 0.1088 0.2716 0.1944 
        H079  5 0.2126 0.1782 0.2415 0.1046 0.2632 
        H097  5 0.2481 0.2626 0.0899 0.2230 0.1764 
        H107  5 0.1553 0.1099 0.2227 0.4027 0.1095 
        H122  5 0.2775 0.2429 0.1489 0.1528 0.1779 
        H123  5 0.1903 0.2285 0.1520 0.1162 0.3130 
        H124  5 0.1684 0.2195 0.2110 0.1234 0.2777 
        H131  5 0.1534 0.1867 0.2194 0.1332 0.3073 
        H132  5 0.1603 0.1793 0.2489 0.2089 0.2026 
        H141  5 0.2056 0.1780 0.1926 0.2507 0.1730 
        H142  5 0.2792 0.2070 0.2005 0.1129 0.2003 
        H157  5 0.2054 0.1573 0.1992 0.2899 0.1482 
        H158  5 0.2569 0.2776 0.1108 0.1262 0.2284 
        H159  5 0.2188 0.2591 0.1851 0.1250 0.2121 
        H160  5 0.2200 0.2334 0.1295 0.2212 0.1959 
        H163  5 0.2299 0.2028 0.1900 0.1458 0.2315 
        H164  5 0.2505 0.1992 0.1993 0.1619 0.1891 
        H165  5 0.1241 0.1895 0.3255 0.1141 0.2468 
        H166  5 0.1932 0.2204 0.2632 0.1340 0.1892 
        H169  5 0.2331 0.1896 0.2366 0.1654 0.1753 
     H169613  5 0.2548 0.2002 0.1636 0.1942 0.1872 
     H169653  5 0.1930 0.2126 0.2300 0.1470 0.2173 
     H169728  5 0.2422 0.2406 0.1392 0.1605 0.2174 
     H169742  5 0.1729 0.1497 0.4063 0.1466 0.1244 
        H170  5 0.2354 0.2761 0.1624 0.1712 0.1549 
        H171  5 0.2209 0.2896 0.1591 0.1420 0.1885 
     H171851  5 0.2421 0.2192 0.1956 0.1717 0.1714 
     H171852  5 0.1740 0.2151 0.1439 0.3096 0.1575 
     H171853  5 0.1943 0.1688 0.1803 0.2430 0.2136 
     H171854  5 0.2325 0.2199 0.1420 0.2008 0.2047 
     H171938  5 0.2029 0.1547 0.2920 0.1735 0.1769 
     H171939  5 0.1546 0.2641 0.2536 0.1309 0.1967 
     H171941  5 0.1768 0.1356 0.2964 0.2757 0.1155 
     H171965  5 0.2708 0.2428 0.2038 0.1269 0.1557 
     H171970  5 0.1370 0.1287 0.1941 0.4187 0.1215 
     H171973  5 0.1875 0.1826 0.3159 0.1238 0.1902 
     H171974  5 0.1802 0.1609 0.2943 0.1748 0.1897 
     H171975  5 0.1438 0.1593 0.2825 0.2347 0.1795 
     H171976  5 0.2370 0.2742 0.1271 0.1989 0.1628 
        H175  5 0.1682 0.1569 0.2314 0.2805 0.1630 
        H178  5 0.2000 0.1843 0.2730 0.1909 0.1518 
        H189  5 0.1711 0.2482 0.1741 0.1186 0.2880 
        H399  5 0.1582 0.3954 0.0974 0.1758 0.1732 
        H416  5 0.2032 0.1682 0.2575 0.1973 0.1737 
        H438  5 0.2169 0.1584 0.2232 0.1689 0.2326 
        H450  5 0.2772 0.1560 0.1747 0.2753 0.1168 
        H455  5 0.1537 0.1175 0.2876 0.3214 0.1198 
        H456  5 0.2024 0.1624 0.2954 0.1757 0.1642 
        H457  5 0.1693 0.2242 0.1423 0.3209 0.1433 
        H458  5 0.2181 0.1656 0.2161 0.2372 0.1630 
        H459  5 0.2369 0.2216 0.1873 0.1118 0.2424 
        H460  5 0.3060 0.1859 0.1291 0.1901 0.1890 
        H461  5 0.2540 0.2427 0.1157 0.1946 0.1930 
        H462  5 0.1972 0.1761 0.2158 0.1197 0.2912 
        H469  5 0.1711 0.1956 0.2065 0.1265 0.3004 
        H470  5 0.2127 0.1972 0.1667 0.2056 0.2178 
        H471  5 0.2191 0.3097 0.1019 0.1213 0.2480 
        H481  5 0.1518 0.1318 0.1501 0.4323 0.1340 
        H482  5 0.2068 0.1929 0.1628 0.2653 0.1722 
        H501  5 0.2485 0.1681 0.2297 0.1819 0.1718 
        H502  5 0.2727 0.2333 0.1643 0.1140 0.2157 
        H503  5 0.1917 0.2338 0.1725 0.1479 0.2541 
        H509  5 0.1767 0.1454 0.1779 0.2976 0.2023 
        H510  5 0.2248 0.1832 0.2783 0.1631 0.1506 
        H511  5 0.2486 0.2245 0.2001 0.1408 0.1861 
        H530  5 0.1690 0.1518 0.2638 0.2302 0.1852 
        H531  5 0.1978 0.1965 0.1214 0.3276 0.1566 
        H564  5 0.2438 0.2003 0.2115 0.2075 0.1369 
        H565  5 0.2034 0.1554 0.1840 0.3377 0.1195 
        H567  5 0.1425 0.2079 0.1974 0.1075 0.3448 
     H568???  5 0.2018 0.2920 0.1670 0.1369 0.2023 
        H608  5 0.2822 0.1575 0.1594 0.2768 0.1241 
        H609  5 0.1415 0.1480 0.4046 0.1410 0.1649 
        H612  5 0.1757 0.1252 0.2188 0.3538 0.1265 
        H614  5 0.1945 0.1767 0.1324 0.3618 0.1345 
        H615  5 0.2541 0.1948 0.1358 0.2724 0.1429 
        H616  5 0.1561 0.1005 0.1951 0.4354 0.1128 
        H617  5 0.2214 0.2067 0.2106 0.1148 0.2465 
        H618  5 0.1549 0.1440 0.2174 0.3328 0.1508 
        H619  5 0.1303 0.1510 0.4653 0.1335 0.1198 
        H635  5 0.2082 0.1840 0.2198 0.1839 0.2042 
        H636  5 0.2093 0.1531 0.3473 0.1319 0.1584 
        H637  5 0.1744 0.1679 0.2947 0.2152 0.1478 
        H644  5 0.1615 0.3499 0.1463 0.0876 0.2547 
        H711  5 0.2630 0.2677 0.1427 0.1640 0.1626 
        H712  5 0.1560 0.1363 0.3421 0.2132 0.1523 
       H7360  5 0.2077 0.2402 0.1912 0.2045 0.1565 
       H7361  5 0.2111 0.1724 0.1785 0.2899 0.1482 
       H7362  5 0.1611 0.3411 0.1530 0.0909 0.2539 
       H7363  5 0.2098 0.1920 0.1599 0.2365 0.2020 
       H7394  5 0.2900 0.1648 0.1564 0.1268 0.2620 
       H7395  5 0.2319 0.1832 0.2865 0.1628 0.1356 
       H7396  5 0.2850 0.1741 0.1896 0.1558 0.1954 
        H742  5 0.1682 0.1397 0.4205 0.1512 0.1203 
        H743  5 0.1405 0.1968 0.2440 0.2373 0.1814 
        H744  5 0.1619 0.1298 0.1612 0.3795 0.1677 
        H957  5 0.2895 0.2337 0.1358 0.1814 0.1596 
        H958  5 0.2325 0.1941 0.1529 0.1632 0.2572 
        H959  5 0.1646 0.1388 0.2735 0.2982 0.1249 
        H960  5 0.1664 0.1729 0.2418 0.1775 0.2413 
      H_PALI  6 0.2506 0.1979 0.1833 0.1636 0.2046 
        H581  6 0.1975 0.1823 0.1549 0.2703 0.1949 
        H582  6 0.1940 0.1659 0.1462 0.3738 0.1201 
        H583  6 0.1764 0.1983 0.1953 0.2346 0.1954 
        H595  6 0.2329 0.2153 0.1239 0.1080 0.3200 
        H596  6 0.2192 0.2109 0.1333 0.1103 0.3263 
        H597  6 0.1832 0.2903 0.1923 0.1165 0.2178 
        H598  6 0.2237 0.1637 0.1875 0.2185 0.2066 
        H599  6 0.1615 0.1346 0.3239 0.2341 0.1459 
        H642  6 0.2239 0.2663 0.0999 0.1460 0.2638 
        H643  6 0.1817 0.1658 0.2012 0.1854 0.2659 
        H664  6 0.2292 0.2055 0.0927 0.3145 0.1580 
        H665  6 0.2157 0.1514 0.3079 0.1478 0.1773 
        H674  6 0.1872 0.3105 0.1663 0.0998 0.2362 
        H675  6 0.1986 0.1977 0.1780 0.2415 0.1841 
        H676  6 0.2465 0.2333 0.1285 0.1570 0.2347 
        H686  6 0.2416 0.2177 0.2141 0.1633 0.1632 
        H687  6 0.2428 0.2322 0.1344 0.1874 0.2032 
        H917  6 0.1904 0.1844 0.2390 0.1121 0.2742 
        H918  6 0.1646 0.1647 0.4309 0.1165 0.1233 
        H919  6 0.1863 0.1271 0.2326 0.3094 0.1446 
        H920  6 0.1900 0.1832 0.1763 0.2749 0.1757 
        H631  7 0.2019 0.1888 0.2512 0.2272 0.1309 
        H684  7 0.2649 0.2637 0.1686 0.1245 0.1782 
        H685  7 0.2341 0.1382 0.0811 0.3238 0.2228 
        H713  7 0.2121 0.1480 0.1286 0.3735 0.1379 
        H715  7 0.2497 0.2733 0.1572 0.1431 0.1767 
        H716  7 0.1607 0.1813 0.3525 0.1986 0.1069 
        H717  7 0.1507 0.1885 0.2690 0.2108 0.1810 
        H729  7 0.1892 0.1739 0.2276 0.0985 0.3108 
        H730  7 0.1659 0.1382 0.2996 0.1729 0.2233 
        H431  8 0.2031 0.1605 0.1414 0.2922 0.2029 
        H432  8 0.1516 0.2759 0.2273 0.1087 0.2365 
        H433  8 0.2257 0.1769 0.1922 0.1472 0.2579 
        H434  8 0.2290 0.1891 0.1986 0.1308 0.2525 
        H444  8 0.1584 0.1549 0.3651 0.1515 0.1700 
        H454  8 0.1532 0.1333 0.2528 0.3267 0.1339 
        H475  8 0.2374 0.1340 0.1083 0.3929 0.1273 
        H491  8 0.2310 0.1725 0.2536 0.2173 0.1255 
        H492  8 0.2286 0.1598 0.1702 0.2669 0.1745 
        H493  8 0.2169 0.2309 0.1613 0.1806 0.2103 
        H494  8 0.1672 0.1820 0.2405 0.2197 0.1906 
        H495  8 0.2344 0.1988 0.1098 0.3317 0.1253 
        H662  8 0.1809 0.2862 0.1816 0.1533 0.1980 
        H663  8 0.1939 0.2010 0.1946 0.1893 0.2211 
        H695  8 0.1812 0.1709 0.1991 0.2193 0.2295 
       H7367  8 0.1710 0.1734 0.1503 0.1050 0.4003 
       H7368  8 0.1788 0.2671 0.2084 0.1442 0.2015 
       H7369  8 0.1503 0.1641 0.3404 0.1735 0.1717 
       H7370  8 0.2073 0.1686 0.1145 0.0986 0.4110 
       H7371  8 0.2202 0.1673 0.2253 0.1543 0.2329 
        H600  9 0.2281 0.1786 0.1789 0.2682 0.1462 
        H648  9 0.2231 0.2200 0.1637 0.1864 0.2068 
        H696  9 0.1788 0.3112 0.1244 0.0940 0.2916 
        H697  9 0.1682 0.1849 0.2406 0.1644 0.2418 
        H698  9 0.1364 0.2086 0.1897 0.1489 0.3164 
        H699  9 0.1792 0.1992 0.1923 0.1871 0.2422 
        H700  9 0.2641 0.1628 0.2023 0.2308 0.1400 
        H732  9 0.1623 0.1915 0.1484 0.3503 0.1474 
        H733  9 0.1627 0.1932 0.1743 0.1272 0.3425 
        H734  9 0.2652 0.2428 0.1289 0.1086 0.2545 
        H735  9 0.1835 0.1902 0.1519 0.1397 0.3347 
        H736  9 0.2416 0.2041 0.1834 0.2022 0.1687 
        H737  9 0.1860 0.1780 0.2146 0.2123 0.2091 
        H905  9 0.2003 0.1447 0.2459 0.2582 0.1509 
        H921  9 0.2077 0.1556 0.2443 0.2119 0.1804 
        H922  9 0.1833 0.1933 0.2459 0.0947 0.2829 
     H169705 10 0.2138 0.1544 0.1176 0.1341 0.3801 
     H171942 10 0.1400 0.2742 0.2508 0.1054 0.2296 
     H171943 10 0.2795 0.2217 0.1734 0.1423 0.1830 
     H171944 10 0.2885 0.1727 0.1525 0.1615 0.2248 
     H171946 10 0.2186 0.2154 0.1221 0.2674 0.1765 
     H171947 10 0.1860 0.1979 0.2372 0.1547 0.2242 
     H229641 10 0.1965 0.1924 0.1347 0.2274 0.2490 
      H30001 10 0.2398 0.1846 0.1857 0.1864 0.2034 
      H30002 10 0.2168 0.1928 0.2432 0.1698 0.1775 
      H30005 10 0.1970 0.1796 0.1333 0.1521 0.3380 
      H30006 10 0.1362 0.2123 0.1518 0.1513 0.3485 
      H30007 10 0.1884 0.3393 0.2169 0.0937 0.1618 
        H451 10 0.1760 0.2102 0.2410 0.1247 0.2481 
        H452 10 0.1529 0.1982 0.1140 0.1824 0.3525 
        H453 10 0.1624 0.1859 0.1736 0.3456 0.1324 
        H473 10 0.1517 0.1923 0.2730 0.2443 0.1387 
        H474 10 0.2038 0.1505 0.0913 0.4084 0.1460 
        H486 10 0.1752 0.1680 0.1635 0.2809 0.2124 
        H487 10 0.1897 0.1845 0.1506 0.2493 0.2259 
        H488 10 0.1553 0.1530 0.3154 0.2014 0.1749 
        H489 10 0.1740 0.1428 0.1329 0.3303 0.2200 
        H550 10 0.2824 0.2477 0.1208 0.1293 0.2199 
        H551 10 0.1790 0.1465 0.2033 0.1940 0.2772 
        H553 10 0.1666 0.1654 0.1093 0.3388 0.2199 
        H554 10 0.2311 0.2352 0.1969 0.1458 0.1910 
        H556 10 0.2058 0.2273 0.1485 0.2109 0.2075 
        H580 10 0.1952 0.2167 0.2213 0.1412 0.2257 
        H591 10 0.1500 0.1324 0.1703 0.4100 0.1373 
        H592 10 0.2152 0.1694 0.1353 0.2614 0.2186 
        H593 10 0.2420 0.2169 0.1950 0.1604 0.1858 
        H594 10 0.1939 0.2793 0.1974 0.0894 0.2400 
        H627 10 0.2816 0.2105 0.1223 0.1925 0.1932 
        H628 10 0.1300 0.1985 0.4039 0.0896 0.1781 
        H629 10 0.2015 0.2671 0.1360 0.2078 0.1876 
        H630 10 0.2420 0.1958 0.1126 0.1835 0.2660 
        H638 10 0.2264 0.1846 0.1346 0.1576 0.2967 
        H639 10 0.1401 0.1909 0.1208 0.3820 0.1663 
        H640 10 0.2239 0.2326 0.1437 0.1435 0.2562 
        H704 10 0.1663 0.2982 0.2179 0.1235 0.1941 
        H705 10 0.2123 0.1467 0.1214 0.1348 0.3847 
        H706 10 0.1733 0.1333 0.2532 0.2452 0.1951 
        H708 10 0.2477 0.1471 0.1383 0.3257 0.1412 
       H7351 10 0.2125 0.2302 0.2140 0.1567 0.1866 
       H7352 10 0.1991 0.1926 0.1856 0.2310 0.1918 
       H7353 10 0.1511 0.3990 0.1407 0.1366 0.1726 
       H7354 10 0.2105 0.1663 0.2708 0.2260 0.1265 
       H7365 10 0.1900 0.1338 0.1493 0.3823 0.1445 
       H7383 10 0.1902 0.1656 0.2466 0.2281 0.1694 
       H7384 10 0.2018 0.1670 0.2164 0.2068 0.2080 
       H7385 10 0.2321 0.1551 0.1801 0.2601 0.1725 
       H7386 10 0.1526 0.1795 0.2990 0.1504 0.2184 
       H7387 10 0.2337 0.2209 0.2113 0.1452 0.1889 
       H7388 10 0.1570 0.1677 0.1709 0.1892 0.3151 
        H906 10 0.1575 0.2329 0.2562 0.2451 0.1084 
        H907 10 0.2403 0.2262 0.1372 0.1325 0.2639 
        H908 10 0.2217 0.1880 0.1703 0.1821 0.2379 
        H909 10 0.1722 0.1687 0.3458 0.1766 0.1367 
       H9552 10 0.1729 0.2101 0.2388 0.1719 0.2063 
       H9553 10 0.1678 0.1723 0.1252 0.2576 0.2772 
       H9555 10 0.2279 0.1875 0.2008 0.1337 0.2502 
       H9575 10 0.2103 0.2094 0.1376 0.3036 0.1390 
       H9703 10 0.1747 0.1406 0.1160 0.3992 0.1694 
       H9707 10 0.1815 0.1625 0.1261 0.3226 0.2073 
       HSAA4 10 0.2035 0.2084 0.2098 0.1411 0.2373 
        H001 11 0.1788 0.1729 0.2980 0.2074 0.1429 
        H004 11 0.2231 0.2111 0.2053 0.1670 0.1936 
        H005 11 0.1487 0.1210 0.2323 0.3746 0.1234 
        H006 11 0.2420 0.1828 0.2024 0.1856 0.1872 
        H007 11 0.1490 0.1288 0.3539 0.2428 0.1254 
        H031 11 0.2072 0.1185 0.1318 0.3886 0.1539 
        H074 11 0.1946 0.1653 0.1281 0.3320 0.1800 
        H075 11 0.2084 0.1325 0.2698 0.2646 0.1247 
        H080 11 0.1657 0.1518 0.1778 0.3136 0.1911 
        H086 11 0.1960 0.1650 0.1561 0.1758 0.3070 
        H092 11 0.2210 0.1611 0.1463 0.2420 0.2296 
        H093 11 0.1757 0.3100 0.2054 0.1072 0.2017 
        H094 11 0.2796 0.2070 0.1028 0.1467 0.2639 
        H095 11 0.1688 0.1532 0.2384 0.3033 0.1363 
        H096 11 0.1605 0.1554 0.3259 0.2271 0.1311 
        H099 11 0.2022 0.1941 0.1750 0.2253 0.2033 
        H100 11 0.1693 0.2017 0.3613 0.0974 0.1703 
        H127 11 0.1643 0.1692 0.1758 0.2445 0.2461 
        H136 11 0.1946 0.1600 0.1310 0.3483 0.1661 
        H153 11 0.2634 0.2076 0.1647 0.1721 0.1921 
        H154 11 0.2191 0.1536 0.1111 0.3605 0.1557 
        H155 11 0.1259 0.1608 0.3882 0.0925 0.2326 
        H156 11 0.1660 0.1740 0.3336 0.0900 0.2364 
        H161 11 0.2307 0.2290 0.2007 0.1612 0.1785 
        H162 11 0.1926 0.2252 0.1404 0.1199 0.3218 
        H167 11 0.2335 0.1891 0.2486 0.1344 0.1945 
        H168 11 0.1910 0.2065 0.2109 0.1639 0.2278 
     H169586 11 0.2124 0.2976 0.1067 0.2536 0.1297 
     H169738 11 0.1477 0.1800 0.2697 0.1270 0.2756 
     H169741 11 0.2582 0.1621 0.1236 0.2764 0.1797 
     H171801 11 0.1766 0.2782 0.2242 0.1261 0.1949 
     H171810 11 0.2798 0.1685 0.1491 0.2534 0.1494 
     H171811 11 0.2792 0.1774 0.1120 0.2947 0.1367 
     H171812 11 0.1397 0.1202 0.4875 0.1379 0.1147 
     H171820 11 0.2117 0.1658 0.1555 0.3210 0.1460 
     H171821 11 0.2056 0.1889 0.2234 0.1460 0.2362 
     H171822 11 0.2319 0.1908 0.1624 0.1521 0.2627 
     H171823 11 0.2119 0.2145 0.1204 0.3312 0.1220 
     H171866 11 0.1483 0.2487 0.2016 0.1467 0.2547 
     H171867 11 0.2119 0.1580 0.2281 0.1271 0.2749 
     H171967 11 0.1775 0.1343 0.2579 0.2805 0.1498 
     H171969 11 0.2057 0.1943 0.2639 0.1608 0.1753 
        H172 11 0.2006 0.1860 0.2626 0.1587 0.1921 
        H173 11 0.1888 0.1536 0.2569 0.1582 0.2424 
        H174 11 0.2376 0.2831 0.1123 0.0990 0.2679 
        H196 11 0.1420 0.1794 0.1747 0.1296 0.3743 
        H197 11 0.2118 0.1983 0.2169 0.1388 0.2341 
        H346 11 0.2134 0.1551 0.3026 0.1887 0.1402 
        H355 11 0.1426 0.1674 0.3022 0.2357 0.1521 
        H356 11 0.2020 0.1846 0.2168 0.2043 0.1922 
        H357 11 0.1855 0.1639 0.1992 0.2650 0.1864 
        H358 11 0.2517 0.1537 0.3002 0.1397 0.1546 
        H359 11 0.2309 0.2118 0.1644 0.1889 0.2041 
        H360 11 0.2230 0.1601 0.2303 0.1657 0.2209 
        H361 11 0.1756 0.1787 0.2825 0.1557 0.2074 
        H362 11 0.2263 0.1956 0.1408 0.1012 0.3360 
        H363 11 0.2145 0.1444 0.1472 0.3326 0.1613 
        H364 11 0.2252 0.2244 0.2193 0.1837 0.1474 
        H365 11 0.1368 0.1896 0.3303 0.1478 0.1956 
        H366 11 0.1398 0.2038 0.2808 0.1531 0.2225 
        H367 11 0.1650 0.1467 0.1272 0.3833 0.1778 
        H368 11 0.3083 0.2541 0.1280 0.1204 0.1892 
        H369 11 0.1746 0.1246 0.1582 0.3829 0.1596 
        H370 11 0.2360 0.2085 0.2092 0.1350 0.2114 
        H371 11 0.1872 0.1785 0.1584 0.1685 0.3073 
        H372 11 0.2129 0.1986 0.2349 0.1559 0.1978 
        H373 11 0.2169 0.1844 0.2264 0.1745 0.1978 
        H374 11 0.2158 0.1517 0.2883 0.2160 0.1282 
        H375 11 0.1684 0.1599 0.2896 0.2169 0.1653 
        H376 11 0.1722 0.2484 0.2539 0.1398 0.1856 
        H377 11 0.2462 0.1722 0.1753 0.2127 0.1936 
        H378 11 0.2232 0.2198 0.1692 0.2152 0.1727 
        H379 11 0.2787 0.2033 0.1370 0.1678 0.2132 
        H380 11 0.2032 0.1844 0.3046 0.1167 0.1911 
        H381 11 0.2115 0.1908 0.1265 0.3215 0.1497 
        H382 11 0.2139 0.2349 0.1885 0.0909 0.2717 
        H383 11 0.1550 0.2435 0.3296 0.1048 0.1671 
        H384 11 0.2443 0.1883 0.1699 0.2445 0.1530 
        H385 11 0.2400 0.1790 0.1341 0.2279 0.2191 
        H386 11 0.2102 0.1565 0.3311 0.1376 0.1646 
        H387 11 0.1977 0.3252 0.1464 0.2031 0.1275 
        H388 11 0.1389 0.2114 0.2898 0.1051 0.2549 
        H389 11 0.2018 0.1584 0.2807 0.1618 0.1974 
        H390 11 0.2215 0.2082 0.2082 0.1498 0.2123 
        H391 11 0.2187 0.2706 0.1620 0.1252 0.2235 
        H392 11 0.2469 0.1425 0.2668 0.2389 0.1049 
        H393 11 0.1651 0.2218 0.3417 0.1147 0.1567 
        H394 11 0.1610 0.3522 0.1611 0.1246 0.2011 
        H395 11 0.1545 0.1589 0.1924 0.3255 0.1686 
        H408 11 0.1472 0.1475 0.3678 0.1947 0.1428 
        H412 11 0.1939 0.1951 0.0701 0.4045 0.1363 
        H417 11 0.2305 0.1743 0.1970 0.2352 0.1630 
        H418 11 0.2298 0.2289 0.1196 0.2138 0.2079 
        H429 11 0.2148 0.2048 0.3057 0.1362 0.1385 
        H430 11 0.1677 0.1995 0.2856 0.1267 0.2205 
        H439 11 0.2374 0.1689 0.1805 0.1762 0.2370 
        H440 11 0.1956 0.1557 0.1808 0.3463 0.1216 
        H441 11 0.2042 0.1913 0.1485 0.1474 0.3086 
        H442 11 0.1636 0.2197 0.2673 0.1430 0.2063 
        H446 11 0.2190 0.2524 0.1536 0.1731 0.2018 
        H447 11 0.2649 0.1794 0.2426 0.1156 0.1975 
        H448 11 0.1453 0.1568 0.2573 0.1753 0.2652 
        H534 11 0.2308 0.1783 0.1369 0.3338 0.1202 
        H537 11 0.1555 0.1925 0.1560 0.3739 0.1220 
        H568 11 0.1381 0.1350 0.1071 0.4625 0.1573 
        H569 11 0.1453 0.1660 0.2126 0.0918 0.3843 
        H586 11 0.2238 0.2907 0.1025 0.2484 0.1346 
        H587 11 0.1913 0.1225 0.1602 0.3962 0.1298 
        H588 11 0.1997 0.3503 0.1850 0.1169 0.1481 
        H589 11 0.1651 0.1473 0.2047 0.3686 0.1143 
        H590 11 0.1551 0.1695 0.2156 0.3278 0.1319 
        H601 11 0.1612 0.2199 0.2092 0.1156 0.2941 
        H602 11 0.2001 0.1705 0.1516 0.2420 0.2359 
        H603 11 0.2150 0.1821 0.2402 0.1270 0.2357 
