        H102  1 0.3530 0.2646 0.1819 0.2006 
        H103  1 0.1891 0.1624 0.3283 0.3202 
        H104  1 0.2676 0.3149 0.2310 0.1865 
        H105  1 0.3376 0.2145 0.2281 0.2197 
        H106  1 0.2183 0.2464 0.2858 0.2494 
        H112  1 0.2458 0.3180 0.2383 0.1979 
        H113  1 0.2948 0.2149 0.2853 0.2050 
        H114  1 0.3073 0.1724 0.3099 0.2105 
        H115  1 0.3290 0.2771 0.2164 0.1775 
        H143  1 0.3591 0.2076 0.2046 0.2287 
        H144  1 0.3349 0.1479 0.1867 0.3305 
        H145  1 0.2480 0.1586 0.3026 0.2908 
        H149  1 0.2566 0.3219 0.2121 0.2094 
        H150  1 0.2538 0.2456 0.2274 0.2732 
     H167542  1 0.4150 0.1863 0.2053 0.1935 
     H169604  1 0.3485 0.2063 0.2341 0.2112 
     H169607  1 0.3253 0.1614 0.2352 0.2781 
     H169608  1 0.2272 0.3631 0.1937 0.2161 
     H169633  1 0.3043 0.1590 0.2944 0.2422 
     H169688  1 0.1987 0.2036 0.2365 0.3611 
     H169714  1 0.2206 0.3224 0.2457 0.2113 
     H171802  1 0.1678 0.3461 0.2755 0.2106 
     H171805  1 0.2464 0.2028 0.2792 0.2717 
     H171807  1 0.2555 0.2864 0.2034 0.2547 
     H171814  1 0.1987 0.1567 0.2958 0.3488 
     H171816  1 0.2288 0.3110 0.2277 0.2326 
     H171817  1 0.2438 0.2959 0.2495 0.2107 
     H171818  1 0.2583 0.2242 0.2845 0.2330 
     H171819  1 0.2309 0.2676 0.2703 0.2313 
     H171834  1 0.3036 0.2423 0.2085 0.2456 
     H171835  1 0.1995 0.3854 0.2197 0.1955 
     H171836  1 0.2378 0.1249 0.3754 0.2618 
     H171837  1 0.3002 0.2642 0.2297 0.2060 
     H171838  1 0.1821 0.2027 0.3575 0.2576 
     H171839  1 0.2795 0.2614 0.2600 0.1991 
     H171841  1 0.1545 0.4375 0.1808 0.2273 
     H171860  1 0.2941 0.2363 0.2489 0.2207 
     H171861  1 0.2886 0.1324 0.3103 0.2687 
     H171862  1 0.2822 0.2279 0.2473 0.2426 
     H171868  1 0.4090 0.1907 0.2086 0.1917 
     H171869  1 0.2111 0.2006 0.2542 0.3341 
     H171870  1 0.1970 0.2647 0.2416 0.2967 
     H171871  1 0.1692 0.1872 0.3678 0.2758 
     H171872  1 0.2923 0.2761 0.2419 0.1897 
     H171873  1 0.2010 0.2729 0.2281 0.2979 
     H171874  1 0.3092 0.2072 0.2016 0.2819 
     H171875  1 0.3492 0.1438 0.2447 0.2624 
     H171876  1 0.3531 0.1792 0.2324 0.2353 
     H171877  1 0.4364 0.1821 0.1978 0.1837 
     H171878  1 0.2034 0.2958 0.2101 0.2907 
     H171901  1 0.1708 0.3228 0.2935 0.2129 
     H171902  1 0.2616 0.2386 0.2006 0.2992 
     H171903  1 0.2687 0.2434 0.2638 0.2241 
     H171935  1 0.1629 0.3143 0.2746 0.2482 
     H171936  1 0.3096 0.1788 0.2709 0.2407 
     H171940  1 0.3338 0.2851 0.1659 0.2152 
     H171945  1 0.2288 0.2498 0.2256 0.2958 
     H171948  1 0.2448 0.2951 0.2452 0.2149 
     H171949  1 0.2357 0.3672 0.1935 0.2036 
     H171950  1 0.1845 0.4114 0.2051 0.1990 
     H171963  1 0.2060 0.1802 0.2808 0.3330 
     H171964  1 0.2372 0.1898 0.1866 0.3864 
     H171966  1 0.2171 0.2473 0.2708 0.2647 
     H171968  1 0.2847 0.2775 0.1701 0.2678 
     H171971  1 0.1857 0.2483 0.2953 0.2707 
     H171972  1 0.2388 0.1814 0.2626 0.3173 
     H171977  1 0.2585 0.1638 0.2409 0.3368 
     H171978  1 0.1970 0.3186 0.2253 0.2591 
     H171979  1 0.2191 0.1482 0.3479 0.2848 
        H176  1 0.3045 0.2181 0.2295 0.2479 
        H177  1 0.2314 0.3713 0.2148 0.1825 
        H179  1 0.3050 0.3178 0.2033 0.1739 
        H181  1 0.2450 0.1782 0.2715 0.3054 
        H182  1 0.2717 0.1506 0.3090 0.2688 
        H183  1 0.2088 0.1912 0.2645 0.3355 
        H184  1 0.2528 0.3036 0.2289 0.2147 
        H185  1 0.2796 0.1749 0.2840 0.2615 
        H186  1 0.2910 0.2701 0.1463 0.2926 
        H187  1 0.1910 0.2528 0.3072 0.2489 
        H188  1 0.3692 0.2696 0.1799 0.1812 
        H192  1 0.2230 0.3489 0.2125 0.2155 
        H193  1 0.2691 0.1624 0.2758 0.2927 
        H194  1 0.2915 0.2473 0.2540 0.2072 
        H195  1 0.2057 0.1888 0.2078 0.3977 
        H199  1 0.2326 0.1864 0.2269 0.3540 
        H200  1 0.2332 0.2901 0.2375 0.2392 
        H414  1 0.1965 0.2128 0.3187 0.2720 
        H415  1 0.2685 0.1960 0.3020 0.2335 
        H422  1 0.2302 0.2710 0.2053 0.2935 
        H423  1 0.1778 0.4586 0.1823 0.1812 
        H424  1 0.2058 0.1656 0.3002 0.3284 
        H425  1 0.2289 0.1808 0.2218 0.3685 
        H426  1 0.1728 0.2080 0.2405 0.3786 
        H443  1 0.3461 0.1755 0.1471 0.3314 
        H466  1 0.2542 0.2462 0.2501 0.2495 
        H467  1 0.2015 0.3935 0.1812 0.2238 
        H472  1 0.2875 0.2149 0.2512 0.2464 
        H483  1 0.3727 0.1618 0.2065 0.2589 
        H504  1 0.2139 0.1752 0.2532 0.3577 
        H505  1 0.2791 0.2851 0.2188 0.2169 
        H506  1 0.2558 0.2368 0.2157 0.2917 
        H507  1 0.2516 0.1292 0.3447 0.2745 
        H508  1 0.1849 0.2707 0.2918 0.2526 
        H524  1 0.2492 0.1640 0.3192 0.2675 
        H525  1 0.3076 0.1998 0.2040 0.2886 
        H526  1 0.4223 0.1804 0.1990 0.1983 
        H527  1 0.2430 0.3078 0.2164 0.2328 
        H528  1 0.2637 0.1727 0.2695 0.2941 
        H529  1 0.2672 0.1436 0.2983 0.2910 
        H533  1 0.1952 0.1306 0.4487 0.2255 
        H538  1 0.3135 0.2482 0.2273 0.2110 
        H539  1 0.1931 0.2162 0.2891 0.3016 
        H540  1 0.2608 0.2425 0.2762 0.2205 
        H541  1 0.3444 0.2064 0.2390 0.2102 
        H558  1 0.1745 0.2207 0.2792 0.3256 
        H559  1 0.3470 0.2301 0.1718 0.2510 
        H579  1 0.2917 0.1913 0.2237 0.2933 
        H584  1 0.2268 0.2053 0.2335 0.3345 
        H585  1 0.2368 0.2053 0.2830 0.2749 
        H605  1 0.2527 0.2636 0.2359 0.2478 
        H606  1 0.2875 0.3675 0.1551 0.1899 
        H632  1 0.2653 0.1770 0.2147 0.3431 
        H634  1 0.2472 0.2202 0.2414 0.2912 
        H671  1 0.2158 0.3698 0.2078 0.2066 
        H672  1 0.2147 0.2381 0.2779 0.2693 
        H673  1 0.3458 0.1881 0.1658 0.3003 
        H689  1 0.3213 0.1843 0.2227 0.2717 
        H690  1 0.2761 0.2867 0.2475 0.1897 
        H691  1 0.3823 0.2095 0.2075 0.2007 
        H692  1 0.2718 0.1172 0.2934 0.3176 
        H709  1 0.2278 0.2170 0.3007 0.2545 
        H710  1 0.2569 0.1448 0.2702 0.3281 
       H7355  1 0.3683 0.1520 0.2869 0.1929 
       H7356  1 0.2370 0.2399 0.2319 0.2912 
       H7357  1 0.2838 0.2451 0.2650 0.2062 
       H7358  1 0.3300 0.1745 0.2136 0.2818 
       H7380  1 0.3286 0.1917 0.2197 0.2600 
       H7381  1 0.2155 0.3101 0.2004 0.2740 
       H7382  1 0.3119 0.2069 0.2231 0.2581 
        H904  1 0.2400 0.4653 0.1447 0.1499 
        H923  1 0.2523 0.2720 0.2123 0.2634 
        H924  1 0.2816 0.2807 0.1923 0.2454 
        H925  1 0.3800 0.1799 0.2205 0.2196 
       H9558  1 0.1656 0.2121 0.2870 0.3353 
        H008  2 0.3162 0.1482 0.2964 0.2392 
        H021  2 0.2676 0.3052 0.2148 0.2124 
        H023  2 0.3182 0.2799 0.2003 0.2016 
        H024  2 0.1790 0.1531 0.3410 0.3268 
        H025  2 0.2114 0.3426 0.1811 0.2649 
        H026  2 0.2064 0.1696 0.2685 0.3554 
        H027  2 0.3092 0.1975 0.2628 0.2305 
        H028  2 0.2596 0.1930 0.2474 0.3000 
        H029  2 0.2683 0.1763 0.2891 0.2663 
        H030  2 0.1908 0.1629 0.2917 0.3546 
        H038  2 0.2366 0.3105 0.2091 0.2438 
        H039  2 0.1431 0.5635 0.1477 0.1458 
        H040  2 0.1772 0.3130 0.2831 0.2266 
        H041  2 0.3479 0.2090 0.2375 0.2057 
        H042  2 0.2893 0.2591 0.2290 0.2226 
        H043  2 0.1454 0.3944 0.2115 0.2487 
        H044  2 0.1835 0.1884 0.3753 0.2528 
        H047  2 0.1817 0.3345 0.2176 0.2662 
        H050  2 0.1711 0.1888 0.3601 0.2800 
        H058  2 0.1663 0.2930 0.3035 0.2372 
        H062  2 0.3451 0.2663 0.1813 0.2073 
        H063  2 0.2128 0.3593 0.2309 0.1970 
        H065  2 0.2383 0.2384 0.1760 0.3472 
        H066  2 0.1561 0.2212 0.3479 0.2748 
        H067  2 0.3648 0.1762 0.2211 0.2379 
        H068  2 0.1916 0.3625 0.2285 0.2173 
        H069  2 0.1949 0.2319 0.2792 0.2940 
        H071  2 0.2507 0.3076 0.2228 0.2189 
        H072  2 0.2095 0.3936 0.2031 0.1938 
        H073  2 0.2954 0.1862 0.2424 0.2760 
        H081  2 0.3892 0.2204 0.2109 0.1795 
        H082  2 0.1965 0.1602 0.3364 0.3070 
        H083  2 0.2387 0.1779 0.2338 0.3495 
        H084  2 0.1893 0.2601 0.3336 0.2170 
        H085  2 0.4161 0.1938 0.2044 0.1857 
        H087  2 0.4427 0.1946 0.1852 0.1775 
        H088  2 0.2730 0.3096 0.2208 0.1966 
        H089  2 0.3469 0.1809 0.2427 0.2295 
        H090  2 0.2199 0.1878 0.2948 0.2974 
        H091  2 0.3111 0.1532 0.2814 0.2542 
        H098  2 0.2318 0.1928 0.3405 0.2348 
      H10001  2 0.1568 0.5498 0.1419 0.1515 
      H10002  2 0.2963 0.3198 0.1920 0.1919 
        H101  2 0.1482 0.1861 0.3970 0.2687 
        H108  2 0.3603 0.3007 0.1577 0.1813 
        H109  2 0.1489 0.2876 0.3405 0.2230 
        H110  2 0.3864 0.1709 0.2368 0.2059 
        H116  2 0.2240 0.2037 0.2612 0.3111 
        H117  2 0.2724 0.1783 0.3311 0.2182 
        H118  2 0.3052 0.1365 0.2300 0.3282 
        H119  2 0.2671 0.2939 0.2225 0.2164 
        H120  2 0.2914 0.4087 0.1467 0.1532 
        H121  2 0.3104 0.1694 0.2519 0.2684 
        H125  2 0.1600 0.5352 0.1592 0.1457 
        H126  2 0.2252 0.2187 0.2245 0.3316 
        H128  2 0.1827 0.1131 0.3060 0.3982 
        H129  2 0.2188 0.1573 0.2393 0.3846 
        H130  2 0.1663 0.3664 0.2018 0.2655 
        H133  2 0.1598 0.4485 0.1806 0.2110 
        H134  2 0.1761 0.1584 0.1925 0.4730 
        H135  2 0.3106 0.2416 0.2253 0.2226 
        H137  2 0.2087 0.2220 0.3336 0.2358 
        H138  2 0.2125 0.1841 0.2402 0.3633 
        H140  2 0.2523 0.2480 0.2436 0.2562 
        H146  2 0.2258 0.1992 0.2682 0.3068 
        H147  2 0.3009 0.1906 0.2876 0.2209 
        H148  2 0.3025 0.1900 0.3113 0.1962 
     H166022  2 0.2412 0.1623 0.3565 0.2400 
     H167359  2 0.2223 0.2272 0.2913 0.2592 
     H167397  2 0.2057 0.1135 0.4070 0.2737 
     H167428  2 0.4121 0.1217 0.1979 0.2683 
     H167496  2 0.2680 0.3669 0.1926 0.1725 
     H167513  2 0.1605 0.2358 0.3584 0.2453 
     H167545  2 0.2235 0.1712 0.3029 0.3024 
     H167547  2 0.1405 0.1587 0.3931 0.3077 
     H169621  2 0.2289 0.1814 0.3144 0.2753 
     H169622  2 0.2765 0.1779 0.2451 0.3005 
     H169750  2 0.1647 0.3110 0.2451 0.2792 
     H171806  2 0.2160 0.2740 0.2312 0.2788 
     H171808  2 0.2775 0.2079 0.2480 0.2666 
     H171809  2 0.3253 0.2361 0.2283 0.2103 
     H171813  2 0.2203 0.2472 0.2378 0.2946 
     H171815  2 0.1736 0.4345 0.1714 0.2205 
     H171824  2 0.3241 0.3297 0.1814 0.1648 
     H171825  2 0.2940 0.2031 0.2338 0.2691 
     H171826  2 0.2819 0.2839 0.2326 0.2017 
     H171827  2 0.2525 0.2589 0.2564 0.2322 
     H171828  2 0.2595 0.4399 0.1515 0.1490 
     H171829  2 0.1851 0.2591 0.2460 0.3097 
     H171830  2 0.2039 0.2387 0.3293 0.2281 
     H171831  2 0.2246 0.1569 0.2759 0.3426 
     H171832  2 0.2336 0.2101 0.2538 0.3024 
     H171863  2 0.1855 0.1454 0.3069 0.3622 
     H171864  2 0.2360 0.2073 0.3350 0.2217 
     H171865  2 0.1900 0.3809 0.1989 0.2302 
     H171879  2 0.2004 0.2385 0.2955 0.2656 
     H171880  2 0.1862 0.1928 0.3990 0.2220 
     H171881  2 0.3178 0.1805 0.2462 0.2556 
     H171882  2 0.1871 0.4740 0.1625 0.1764 
     H171929  2 0.2851 0.2080 0.2635 0.2434 
     H171930  2 0.1691 0.1582 0.4071 0.2657 
     H171933  2 0.2431 0.2099 0.3026 0.2445 
     H171934  2 0.3425 0.1991 0.2446 0.2138 
     H171937  2 0.1863 0.1947 0.2739 0.3451 
     H171962  2 0.3376 0.1778 0.2251 0.2595 
        H190  2 0.2629 0.1783 0.2968 0.2620 
        H191  2 0.2421 0.2445 0.2359 0.2774 
        H396  2 0.4024 0.2082 0.1721 0.2173 
        H397  2 0.2505 0.2004 0.3036 0.2455 
        H398  2 0.2581 0.2571 0.1890 0.2958 
        H400  2 0.3056 0.2117 0.2537 0.2290 
        H401  2 0.1703 0.1322 0.4011 0.2964 
        H402  2 0.2490 0.1648 0.3397 0.2466 
        H427  2 0.3770 0.2081 0.2140 0.2009 
        H428  2 0.4187 0.1217 0.1966 0.2630 
        H497  2 0.1849 0.3036 0.2633 0.2482 
        H512  2 0.2182 0.2367 0.3096 0.2355 
        H513  2 0.1616 0.2325 0.3651 0.2409 
        H514  2 0.2192 0.2344 0.2391 0.3073 
        H519  2 0.1675 0.2334 0.3625 0.2365 
        H532  2 0.3705 0.1680 0.2267 0.2348 
        H543  2 0.2407 0.1684 0.3613 0.2295 
        H544  2 0.1966 0.2423 0.2002 0.3609 
        H545  2 0.2129 0.1667 0.3019 0.3185 
        H546  2 0.2242 0.3221 0.1976 0.2562 
        H547  2 0.1401 0.1567 0.3897 0.3135 
        H548  2 0.2877 0.2019 0.2959 0.2145 
        H549  2 0.1643 0.1868 0.3185 0.3304 
        H620  2 0.2087 0.4695 0.1601 0.1617 
        H623  2 0.2028 0.1861 0.2851 0.3260 
        H624  2 0.1660 0.3388 0.1798 0.3153 
        H625  2 0.3373 0.1814 0.2402 0.2411 
        H626  2 0.2073 0.2294 0.3397 0.2237 
        H654  2 0.1531 0.5158 0.1549 0.1762 
        H655  2 0.2121 0.3300 0.2509 0.2071 
        H656  2 0.2670 0.4064 0.1466 0.1800 
        H666  2 0.1413 0.4797 0.1813 0.1978 
        H667  2 0.3322 0.2129 0.2173 0.2376 
        H677  2 0.2966 0.2052 0.2436 0.2545 
        H693  2 0.3653 0.3091 0.1602 0.1653 
        H694  2 0.2061 0.1834 0.3260 0.2846 
        H701  2 0.2266 0.1828 0.3606 0.2299 
        H702  2 0.2210 0.2699 0.2935 0.2155 
        H731  2 0.2878 0.3055 0.1944 0.2123 
       H7359  2 0.2195 0.2312 0.2976 0.2518 
       H7389  2 0.2641 0.2140 0.2412 0.2807 
       H7390  2 0.1692 0.3863 0.2508 0.1937 
       H7391  2 0.4514 0.1713 0.2068 0.1705 
       H7392  2 0.2401 0.2589 0.2027 0.2983 
       H7393  2 0.2059 0.3091 0.2788 0.2062 
       H7398  2 0.3429 0.2114 0.2418 0.2040 
       H7399  2 0.3344 0.1656 0.2298 0.2702 
       H7400  2 0.1723 0.4954 0.1627 0.1696 
        H745  2 0.1898 0.1677 0.2380 0.4045 
        H746  2 0.3112 0.1712 0.2302 0.2874 
        H747  2 0.1746 0.3457 0.2675 0.2122 
        H748  2 0.1990 0.2506 0.3123 0.2382 
       H7484  2 0.2010 0.3974 0.2142 0.1873 
       H7485  2 0.2141 0.2089 0.2813 0.2957 
        H749  2 0.2594 0.1797 0.2887 0.2721 
        H930  2 0.1768 0.1649 0.4111 0.2471 
        H931  2 0.3174 0.2195 0.2208 0.2423 
        H932  2 0.2287 0.2510 0.2595 0.2608 
        H111  3 0.1803 0.1798 0.3281 0.3118 
        H951  3 0.2382 0.1772 0.3111 0.2734 
        H952  3 0.2073 0.2292 0.2392 0.3242 
        H953  3 0.3668 0.1619 0.2419 0.2293 
        H954  3 0.1876 0.3882 0.2264 0.1978 
        H955  3 0.1994 0.1708 0.3513 0.2786 
        H956  3 0.2197 0.2656 0.2963 0.2183 
       H9563  3 0.2873 0.2598 0.2609 0.1920 
        H002  4 0.1940 0.3691 0.1711 0.2658 
        H003  4 0.3683 0.1701 0.2029 0.2587 
        H009  4 0.2079 0.1932 0.2488 0.3500 
        H010  4 0.2890 0.2270 0.2390 0.2450 
        H011  4 0.2931 0.3554 0.1679 0.1836 
        H012  4 0.3111 0.1788 0.2887 0.2214 
        H013  4 0.3290 0.2710 0.2010 0.1989 
        H014  4 0.2497 0.2471 0.2313 0.2719 
        H045  4 0.3357 0.2594 0.2091 0.1958 
        H046  4 0.3131 0.1649 0.2186 0.3033 
        H051  4 0.3171 0.2912 0.1989 0.1927 
        H052  4 0.1877 0.3159 0.2040 0.2923 
        H053  4 0.2187 0.3099 0.2531 0.2183 
        H056  4 0.1975 0.3531 0.2079 0.2415 
        H076  4 0.2749 0.1715 0.2369 0.3168 
        H151  4 0.1709 0.4489 0.1677 0.2126 
        H152  4 0.2091 0.3553 0.1675 0.2681 
     H171803  4 0.2333 0.3159 0.2404 0.2105 
     H171804  4 0.2151 0.2839 0.2991 0.2019 
     H171833  4 0.2018 0.1857 0.2456 0.3669 
     H171855  4 0.1554 0.4166 0.1957 0.2322 
     H171856  4 0.1809 0.2400 0.3401 0.2390 
     H171857  4 0.1927 0.3455 0.2234 0.2385 
     H171858  4 0.2400 0.2497 0.2238 0.2865 
     H171859  4 0.2561 0.2656 0.2181 0.2602 
     H171961  4 0.2757 0.3106 0.2036 0.2101 
        H198  4 0.3217 0.1552 0.2511 0.2720 
      H20001  4 0.1733 0.1958 0.2778 0.3531 
        H403  4 0.1995 0.2684 0.2582 0.2739 
        H404  4 0.3608 0.1740 0.2271 0.2382 
        H405  4 0.2712 0.1726 0.2833 0.2729 
        H406  4 0.1318 0.2318 0.3034 0.3329 
        H407  4 0.2306 0.2545 0.2816 0.2333 
        H410  4 0.2476 0.1600 0.3118 0.2805 
        H411  4 0.1781 0.2028 0.3158 0.3032 
        H468  4 0.1440 0.2418 0.3114 0.3029 
        H476  4 0.1557 0.2749 0.3273 0.2421 
        H477  4 0.1794 0.1700 0.2865 0.3641 
        H478  4 0.3050 0.1855 0.2530 0.2565 
        H479  4 0.2974 0.2765 0.2070 0.2191 
        H480  4 0.1794 0.1779 0.3582 0.2845 
        H498  4 0.2727 0.2360 0.2183 0.2730 
        H499  4 0.2729 0.2495 0.2387 0.2389 
        H500  4 0.2285 0.3777 0.2150 0.1788 
        H515  4 0.2063 0.3134 0.2641 0.2162 
        H516  4 0.1909 0.2793 0.2624 0.2674 
        H517  4 0.2216 0.2367 0.2688 0.2729 
        H518  4 0.1698 0.3167 0.2362 0.2773 
        H520  4 0.1859 0.3424 0.2208 0.2509 
        H521  4 0.3269 0.1913 0.2376 0.2442 
        H522  4 0.2168 0.2644 0.2774 0.2414 
        H523  4 0.2006 0.2811 0.2775 0.2409 
        H536  4 0.3308 0.2027 0.1977 0.2689 
        H645  4 0.4256 0.2333 0.1666 0.1745 
        H646  4 0.1882 0.1691 0.3412 0.3015 
        H647  4 0.2064 0.2222 0.2736 0.2978 
        H657  4 0.2384 0.1653 0.3109 0.2855 
        H658  4 0.2049 0.2680 0.3126 0.2145 
        H659  4 0.1582 0.4839 0.1808 0.1771 
        H660  4 0.2256 0.2854 0.2527 0.2363 
        H661  4 0.1918 0.3500 0.2155 0.2427 
        H668  4 0.3343 0.1840 0.2471 0.2346 
        H669  4 0.2790 0.2567 0.2427 0.2217 
        H670  4 0.4142 0.2466 0.1666 0.1726 
        H678  4 0.1984 0.2361 0.3408 0.2247 
        H679  4 0.2193 0.1738 0.3643 0.2427 
        H680  4 0.2110 0.2330 0.2486 0.3075 
        H681  4 0.2970 0.2951 0.1998 0.2082 
        H682  4 0.2406 0.2004 0.3458 0.2131 
        H683  4 0.1711 0.3266 0.2150 0.2873 
        H718  4 0.2151 0.3878 0.1826 0.2145 
        H719  4 0.3216 0.2530 0.2283 0.1971 
        H720  4 0.2320 0.2532 0.2168 0.2980 
        H721  4 0.2052 0.2652 0.2433 0.2864 
        H722  4 0.1742 0.3222 0.1840 0.3196 
        H723  4 0.2738 0.3283 0.2112 0.1868 
        H724  4 0.1822 0.4423 0.1960 0.1795 
        H725  4 0.1798 0.4163 0.1850 0.2189 
        H726  4 0.1992 0.3774 0.2104 0.2131 
        H727  4 0.2789 0.3234 0.2083 0.1894 
        H910  4 0.2532 0.2841 0.2571 0.2056 
        H911  4 0.2082 0.2053 0.3011 0.2854 
        H912  4 0.1875 0.2915 0.2537 0.2673 
        H913  4 0.2009 0.3154 0.2688 0.2148 
        H914  4 0.2768 0.3252 0.2266 0.1715 
        H915  4 0.1870 0.2561 0.3341 0.2227 
        H916  4 0.1545 0.2360 0.3337 0.2758 
       H9572  4 0.2308 0.2606 0.2558 0.2528 
        H015  5 0.2123 0.1887 0.3093 0.2897 
        H016  5 0.2279 0.1890 0.2346 0.3484 
        H017  5 0.1803 0.2521 0.2861 0.2815 
        H019  5 0.2464 0.2207 0.2457 0.2871 
        H020  5 0.2748 0.2648 0.1993 0.2611 
        H032  5 0.1963 0.2851 0.2717 0.2469 
        H033  5 0.3168 0.1934 0.2758 0.2140 
        H034  5 0.2702 0.3393 0.2042 0.1862 
        H035  5 0.2175 0.2348 0.3022 0.2455 
        H036  5 0.2384 0.1910 0.3111 0.2595 
        H037  5 0.2496 0.3046 0.2427 0.2031 
        H048  5 0.2790 0.3333 0.2046 0.1831 
        H049  5 0.2177 0.2379 0.2397 0.3047 
        H054  5 0.2544 0.2456 0.2303 0.2697 
        H055  5 0.3080 0.3028 0.1637 0.2255 
        H057  5 0.1967 0.2521 0.1997 0.3515 
        H060  5 0.2598 0.3005 0.1781 0.2616 
        H061  5 0.3032 0.2003 0.2392 0.2573 
        H064  5 0.2684 0.2942 0.1813 0.2561 
        H070  5 0.2869 0.2922 0.2244 0.1964 
        H077  5 0.1796 0.3961 0.2157 0.2086 
        H078  5 0.1584 0.3451 0.2349 0.2616 
        H079  5 0.3201 0.1545 0.2952 0.2301 
        H097  5 0.1392 0.3008 0.2391 0.3209 
        H107  5 0.2680 0.4196 0.1521 0.1603 
        H122  5 0.2069 0.2171 0.2847 0.2913 
        H123  5 0.2148 0.1812 0.3089 0.2951 
        H124  5 0.2767 0.1823 0.2639 0.2771 
        H131  5 0.2583 0.1894 0.3033 0.2489 
        H132  5 0.2915 0.2648 0.2223 0.2214 
        H141  5 0.2378 0.2808 0.2526 0.2288 
        H142  5 0.2753 0.1704 0.3015 0.2529 
        H157  5 0.2553 0.3310 0.2129 0.2007 
        H158  5 0.1713 0.1898 0.2769 0.3620 
        H159  5 0.2283 0.1635 0.3281 0.2801 
        H160  5 0.1992 0.2403 0.2930 0.2675 
        H163  5 0.2383 0.1982 0.3093 0.2542 
        H164  5 0.2815 0.2203 0.2412 0.2570 
        H165  5 0.3649 0.1578 0.2303 0.2470 
        H166  5 0.2851 0.1910 0.2586 0.2653 
        H169  5 0.3088 0.2383 0.2215 0.2314 
     H169613  5 0.2330 0.2599 0.2470 0.2601 
     H169653  5 0.2776 0.1911 0.2538 0.2774 
     H169728  5 0.1991 0.1978 0.3416 0.2615 
     H169742  5 0.3922 0.2291 0.1852 0.1935 
        H170  5 0.1955 0.2282 0.2098 0.3665 
        H171  5 0.2058 0.2076 0.2336 0.3530 
     H171851  5 0.2332 0.2390 0.2394 0.2885 
     H171852  5 0.2039 0.3427 0.1917 0.2618 
     H171853  5 0.2425 0.2719 0.2757 0.2099 
     H171854  5 0.1911 0.2548 0.3014 0.2527 
     H171938  5 0.3615 0.2184 0.2367 0.1834 
     H171939  5 0.2713 0.1851 0.2137 0.3299 
     H171941  5 0.3019 0.3600 0.1540 0.1840 
     H171965  5 0.2984 0.1876 0.2183 0.2957 
     H171970  5 0.2296 0.4235 0.1705 0.1764 
     H171973  5 0.3483 0.1725 0.2742 0.2050 
     H171974  5 0.3223 0.2521 0.2269 0.1988 
     H171975  5 0.3046 0.2666 0.2067 0.2222 
     H171976  5 0.1642 0.2544 0.2332 0.3482 
        H175  5 0.2730 0.3272 0.2058 0.1939 
        H178  5 0.3159 0.2521 0.2013 0.2307 
        H189  5 0.2505 0.1651 0.2685 0.3159 
        H399  5 0.1572 0.2167 0.2362 0.3899 
        H416  5 0.2900 0.2548 0.2445 0.2107 
        H438  5 0.2734 0.2257 0.3001 0.2009 
        H450  5 0.2399 0.3597 0.1780 0.2225 
        H455  5 0.3007 0.3646 0.1554 0.1793 
        H456  5 0.3380 0.2335 0.2190 0.2095 
        H457  5 0.1844 0.3523 0.2004 0.2628 
        H458  5 0.2909 0.2941 0.2103 0.2047 
        H459  5 0.2599 0.1691 0.3055 0.2654 
        H460  5 0.2043 0.2579 0.3134 0.2244 
        H461  5 0.1741 0.2315 0.2672 0.3272 
        H462  5 0.2653 0.1747 0.3320 0.2280 
        H469  5 0.2624 0.1773 0.3273 0.2330 
        H470  5 0.2270 0.2722 0.2666 0.2342 
        H471  5 0.1577 0.1658 0.3326 0.3438 
        H481  5 0.1977 0.4346 0.1827 0.1849 
        H482  5 0.2162 0.3221 0.2269 0.2348 
        H501  5 0.2759 0.2644 0.2374 0.2223 
        H502  5 0.2474 0.1709 0.2734 0.3082 
        H503  5 0.2392 0.1977 0.2837 0.2795 
        H509  5 0.2292 0.3136 0.2567 0.2005 
        H510  5 0.3145 0.2192 0.2074 0.2589 
        H511  5 0.2757 0.2091 0.2461 0.2692 
        H530  5 0.3038 0.2807 0.2166 0.1990 
        H531  5 0.1701 0.3576 0.2421 0.2302 
        H564  5 0.2515 0.2936 0.2056 0.2493 
        H565  5 0.2122 0.3828 0.2005 0.2046 
        H567  5 0.2255 0.1575 0.3211 0.2959 
     H568???  5 0.2150 0.1899 0.2677 0.3274 
        H608  5 0.2300 0.3717 0.1899 0.2084 
        H609  5 0.4049 0.1993 0.1973 0.1984 
        H612  5 0.2552 0.3852 0.1958 0.1638 
        H614  5 0.1859 0.4054 0.1788 0.2299 
        H615  5 0.1842 0.3355 0.2326 0.2478 
        H616  5 0.2544 0.4381 0.1549 0.1526 
        H617  5 0.2711 0.1625 0.3252 0.2412 
        H618  5 0.2489 0.3405 0.2046 0.2060 
        H619  5 0.4631 0.1830 0.1615 0.1924 
        H635  5 0.2727 0.2406 0.2439 0.2428 
        H636  5 0.4029 0.1761 0.2402 0.1807 
        H637  5 0.3156 0.2633 0.1976 0.2235 
        H644  5 0.1895 0.1321 0.2708 0.4076 
        H711  5 0.2062 0.2347 0.2056 0.3534 
        H712  5 0.3646 0.2561 0.1910 0.1883 
       H7360  5 0.2285 0.2558 0.2291 0.2866 
       H7361  5 0.2243 0.3314 0.2163 0.2280 
       H7362  5 0.2020 0.1340 0.2797 0.3843 
       H7363  5 0.2002 0.2919 0.2549 0.2530 
       H7394  5 0.2252 0.1899 0.3319 0.2531 
       H7395  5 0.3310 0.2293 0.2115 0.2282 
       H7396  5 0.2469 0.2465 0.2814 0.2251 
        H742  5 0.4077 0.2271 0.1818 0.1835 
        H743  5 0.2979 0.2636 0.1880 0.2505 
        H744  5 0.2198 0.3974 0.2004 0.1825 
        H957  5 0.1983 0.2498 0.2508 0.3012 
        H958  5 0.2128 0.1955 0.3475 0.2442 
        H959  5 0.2989 0.3525 0.1726 0.1759 
        H960  5 0.2927 0.2381 0.2448 0.2243 
      H_PALI  6 0.2462 0.2340 0.2630 0.2568 
        H581  6 0.2013 0.3012 0.2461 0.2515 
        H582  6 0.1903 0.3924 0.1997 0.2176 
        H583  6 0.2369 0.2842 0.2443 0.2346 
        H595  6 0.1862 0.1558 0.4053 0.2527 
        H596  6 0.2184 0.1585 0.3704 0.2526 
        H597  6 0.2445 0.1668 0.2594 0.3293 
        H598  6 0.2578 0.2592 0.2663 0.2167 
        H599  6 0.3050 0.3048 0.1906 0.1996 
        H642  6 0.1455 0.1939 0.3532 0.3073 
        H643  6 0.2689 0.2310 0.2757 0.2244 
        H664  6 0.1346 0.3685 0.2450 0.2520 
        H665  6 0.3740 0.2118 0.2261 0.1881 
        H674  6 0.1890 0.1489 0.2706 0.3915 
        H675  6 0.1921 0.3060 0.2296 0.2723 
        H676  6 0.1846 0.2083 0.3404 0.2667 
        H686  6 0.2512 0.2240 0.2650 0.2598 
        H687  6 0.1900 0.2455 0.3146 0.2499 
        H917  6 0.2860 0.1537 0.3438 0.2165 
        H918  6 0.4137 0.1806 0.1898 0.2159 
        H919  6 0.2642 0.3466 0.2224 0.1667 
        H920  6 0.2204 0.3233 0.2235 0.2327 
        H631  7 0.2694 0.2946 0.2070 0.2290 
        H684  7 0.2488 0.1796 0.2181 0.3535 
        H685  7 0.1363 0.3731 0.2937 0.1969 
        H713  7 0.2005 0.3645 0.2295 0.2055 
        H715  7 0.2274 0.2008 0.2391 0.3327 
        H716  7 0.3443 0.2551 0.1661 0.2346 
        H717  7 0.2628 0.2633 0.2220 0.2519 
        H729  7 0.3116 0.1495 0.3087 0.2301 
        H730  7 0.3547 0.2273 0.2171 0.2010 
        H431  8 0.2123 0.3331 0.2429 0.2117 
        H432  8 0.2606 0.1477 0.2488 0.3430 
        H433  8 0.2622 0.1937 0.3189 0.2253 
        H434  8 0.2522 0.1996 0.3035 0.2448 
        H444  8 0.3556 0.1975 0.2321 0.2147 
        H454  8 0.2660 0.3678 0.1866 0.1796 
        H475  8 0.1733 0.4364 0.1940 0.1963 
        H491  8 0.3012 0.2895 0.1824 0.2268 
        H492  8 0.2239 0.3148 0.2517 0.2095 
        H493  8 0.2276 0.2378 0.2461 0.2885 
        H494  8 0.2425 0.2467 0.2809 0.2299 
        H495  8 0.1752 0.3823 0.1838 0.2587 
        H662  8 0.2190 0.2102 0.2419 0.3290 
        H663  8 0.2558 0.2417 0.2529 0.2497 
        H695  8 0.2616 0.2675 0.2497 0.2212 
       H7367  8 0.2328 0.1610 0.3544 0.2518 
       H7368  8 0.2573 0.2046 0.2436 0.2946 
       H7369  8 0.3760 0.2223 0.1961 0.2057 
       H7370  8 0.1693 0.1426 0.4620 0.2261 
       H7371  8 0.2789 0.2065 0.2953 0.2192 
        H600  9 0.2361 0.3340 0.2138 0.2161 
        H648  9 0.2182 0.2452 0.2454 0.2913 
        H696  9 0.1744 0.1424 0.3055 0.3777 
        H697  9 0.2883 0.2111 0.2624 0.2381 
        H698  9 0.2366 0.1957 0.2784 0.2893 
        H699  9 0.2378 0.2435 0.2562 0.2625 
        H700  9 0.2826 0.3151 0.2052 0.1972 
        H732  9 0.1790 0.3789 0.1938 0.2483 
        H733  9 0.2361 0.1734 0.3508 0.2397 
        H734  9 0.1768 0.1671 0.3510 0.3050 
        H735  9 0.2100 0.1932 0.3436 0.2532 
        H736  9 0.2360 0.2549 0.2525 0.2566 
        H737  9 0.2774 0.2902 0.1978 0.2345 
        H905  9 0.3132 0.3070 0.1859 0.1939 
        H921  9 0.3011 0.2784 0.2157 0.2047 
        H922  9 0.2712 0.1433 0.3418 0.2437 
     H169705 10 0.1951 0.2047 0.3950 0.2052 
     H171942 10 0.2668 0.1487 0.2434 0.3411 
     H171943 10 0.2207 0.2073 0.3107 0.2613 
     H171944 10 0.2154 0.2237 0.3388 0.2221 
     H171946 10 0.1616 0.3326 0.2301 0.2756 
     H171947 10 0.2785 0.2232 0.2417 0.2566 
     H229641 10 0.1871 0.2689 0.2937 0.2503 
      H30001 10 0.2448 0.2557 0.2794 0.2201 
      H30002 10 0.2941 0.2410 0.2328 0.2321 
      H30005 10 0.2133 0.2118 0.3270 0.2479 
      H30006 10 0.1910 0.1957 0.2981 0.3152 
      H30007 10 0.2464 0.1575 0.2162 0.3799 
        H451 10 0.2843 0.1783 0.2796 0.2578 
        H452 10 0.1902 0.2331 0.2984 0.2783 
        H453 10 0.2145 0.3867 0.1671 0.2318 
        H473 10 0.2959 0.2745 0.1857 0.2439 
        H474 10 0.1359 0.4457 0.2135 0.2049 
        H486 10 0.2211 0.2925 0.2438 0.2427 
        H487 10 0.2075 0.3237 0.2330 0.2358 
        H488 10 0.3475 0.2479 0.2078 0.1967 
        H489 10 0.1809 0.3859 0.2389 0.1943 
        H550 10 0.1864 0.1972 0.2730 0.3434 
        H551 10 0.2652 0.2497 0.2819 0.2032 
        H553 10 0.1675 0.3611 0.2305 0.2408 
        H554 10 0.2721 0.1990 0.2417 0.2872 
        H556 10 0.2075 0.2548 0.2460 0.2917 
        H580 10 0.2773 0.1966 0.2759 0.2502 
        H591 10 0.2132 0.4379 0.1732 0.1757 
        H592 10 0.1879 0.2951 0.3019 0.2151 
        H593 10 0.2541 0.2175 0.2460 0.2824 
        H594 10 0.2525 0.1389 0.3018 0.3069 
        H627 10 0.1831 0.2607 0.2849 0.2713 
        H628 10 0.4367 0.1329 0.1931 0.2373 
        H629 10 0.1778 0.2602 0.2674 0.2946 
        H630 10 0.1729 0.2569 0.3290 0.2412 
        H638 10 0.1837 0.2052 0.3930 0.2180 
        H639 10 0.1663 0.3724 0.2128 0.2485 
        H640 10 0.1946 0.1904 0.3347 0.2803 
        H704 10 0.2612 0.1767 0.2212 0.3408 
        H705 10 0.1966 0.2076 0.3923 0.2035 
        H706 10 0.3161 0.2966 0.2043 0.1831 
        H708 10 0.1904 0.3931 0.2168 0.1997 
       H7351 10 0.2407 0.2172 0.2481 0.2940 
       H7352 10 0.2500 0.2669 0.2512 0.2319 
       H7353 10 0.1897 0.1861 0.2305 0.3936 
       H7354 10 0.3164 0.2995 0.1764 0.2077 
       H7365 10 0.2086 0.3685 0.2366 0.1863 
       H7383 10 0.2867 0.2846 0.2420 0.1867 
       H7384 10 0.2774 0.2937 0.2058 0.2230 
       H7385 10 0.2336 0.3241 0.2531 0.1891 
       H7386 10 0.3203 0.2051 0.2439 0.2307 
       H7387 10 0.2697 0.2115 0.2727 0.2461 
       H7388 10 0.2423 0.2395 0.2593 0.2589 
        H906 10 0.2823 0.2965 0.1601 0.2611 
        H907 10 0.1800 0.1892 0.3773 0.2535 
        H908 10 0.2484 0.2377 0.2849 0.2291 
        H909 10 0.3811 0.2333 0.1776 0.2081 
       H9552 10 0.2587 0.2321 0.2307 0.2785 
       H9553 10 0.2010 0.2939 0.2488 0.2563 
       H9555 10 0.2617 0.1856 0.3291 0.2236 
       H9575 10 0.1922 0.3629 0.2010 0.2439 
       H9703 10 0.1849 0.4144 0.1982 0.2025 
       H9707 10 0.1923 0.3484 0.2415 0.2178 
       HSAA4 10 0.2746 0.1988 0.2799 0.2467 
        H001 11 0.3231 0.2644 0.1947 0.2178 
        H004 11 0.2496 0.2259 0.2658 0.2588 
        H005 11 0.2694 0.4047 0.1549 0.1709 
        H006 11 0.2660 0.2461 0.2690 0.2190 
        H007 11 0.3495 0.2986 0.1743 0.1776 
        H031 11 0.1875 0.4288 0.2173 0.1664 
        H074 11 0.1692 0.3508 0.2697 0.2103 
        H075 11 0.2940 0.3316 0.1961 0.1784 
        H080 11 0.2185 0.3577 0.2297 0.1941 
        H086 11 0.2341 0.2540 0.2635 0.2485 
        H092 11 0.2092 0.3098 0.2743 0.2067 
        H093 11 0.2573 0.1523 0.2441 0.3463 
        H094 11 0.1646 0.2175 0.3643 0.2536 
        H095 11 0.2543 0.3216 0.2055 0.2186 
        H096 11 0.3445 0.2764 0.1870 0.1922 
        H099 11 0.2304 0.2903 0.2660 0.2133 
        H100 11 0.3456 0.1504 0.2246 0.2794 
        H127 11 0.2532 0.2950 0.2241 0.2277 
        H136 11 0.1967 0.4067 0.1928 0.2038 
        H153 11 0.2225 0.2391 0.2869 0.2515 
        H154 11 0.1690 0.3845 0.2476 0.1988 
        H155 11 0.4004 0.1430 0.2362 0.2204 
        H156 11 0.3682 0.1276 0.2593 0.2449 
        H161 11 0.2417 0.2238 0.2195 0.3149 
        H162 11 0.1958 0.1606 0.3699 0.2737 
        H167 11 0.3329 0.2010 0.2275 0.2387 
        H168 11 0.2759 0.2265 0.2512 0.2465 
     H169586 11 0.1532 0.3228 0.1889 0.3351 
     H169738 11 0.3511 0.1615 0.2641 0.2233 
     H169741 11 0.1864 0.3754 0.2380 0.2002 
     H171801 11 0.2442 0.1752 0.2558 0.3248 
     H171810 11 0.2038 0.3327 0.2346 0.2289 
     H171811 11 0.1694 0.3738 0.2276 0.2292 
     H171812 11 0.4230 0.2248 0.1654 0.1868 
     H171820 11 0.2127 0.3627 0.2246 0.2000 
     H171821 11 0.2710 0.1966 0.3001 0.2323 
     H171822 11 0.2159 0.2131 0.3222 0.2488 
     H171823 11 0.1747 0.3873 0.1691 0.2689 
     H171866 11 0.2668 0.1916 0.2406 0.3010 
     H171867 11 0.3035 0.1805 0.3099 0.2062 
     H171967 11 0.2990 0.3154 0.1991 0.1865 
     H171969 11 0.3032 0.2304 0.2249 0.2414 
        H172 11 0.2882 0.2238 0.2621 0.2259 
        H173 11 0.3237 0.2133 0.2707 0.1923 
        H174 11 0.1704 0.1550 0.3720 0.3027 
        H196 11 0.2708 0.1825 0.2912 0.2555 
        H197 11 0.2937 0.1970 0.2866 0.2227 
        H346 11 0.3509 0.2443 0.1976 0.2072 
        H355 11 0.3200 0.2615 0.1936 0.2249 
        H356 11 0.2503 0.2688 0.2322 0.2488 
        H357 11 0.2462 0.3039 0.2482 0.2017 
        H358 11 0.3430 0.2104 0.2600 0.1866 
        H359 11 0.2050 0.2601 0.2755 0.2593 
        H360 11 0.2877 0.2498 0.2453 0.2172 
        H361 11 0.3057 0.2153 0.2310 0.2480 
        H362 11 0.2012 0.1447 0.4091 0.2450 
        H363 11 0.2307 0.3732 0.2111 0.1850 
        H364 11 0.2758 0.2657 0.1930 0.2655 
        H365 11 0.3387 0.2005 0.1999 0.2609 
        H366 11 0.3412 0.1784 0.2317 0.2487 
        H367 11 0.1925 0.3775 0.2307 0.1993 
        H368 11 0.1772 0.1927 0.3058 0.3243 
        H369 11 0.2209 0.3976 0.2147 0.1668 
        H370 11 0.2660 0.1998 0.2696 0.2647 
        H371 11 0.2096 0.2475 0.3080 0.2349 
        H372 11 0.3025 0.2153 0.2523 0.2299 
        H373 11 0.2922 0.2512 0.2425 0.2141 
        H374 11 0.3142 0.3026 0.1855 0.1977 
        H375 11 0.3133 0.2572 0.2283 0.2012 
        H376 11 0.2673 0.1877 0.2496 0.2955 
        H377 11 0.2523 0.2814 0.2552 0.2110 
        H378 11 0.2289 0.2734 0.2385 0.2592 
        H379 11 0.2067 0.2310 0.3250 0.2373 
        H380 11 0.3625 0.1617 0.2480 0.2278 
        H381 11 0.1760 0.3546 0.2252 0.2443 
        H382 11 0.2515 0.1353 0.3394 0.2738 
        H383 11 0.3426 0.1660 0.1985 0.2929 
        H384 11 0.2223 0.3511 0.2133 0.2133 
        H385 11 0.1904 0.3126 0.2867 0.2103 
        H386 11 0.3829 0.1910 0.2366 0.1895 
        H387 11 0.1996 0.2609 0.1782 0.3614 
        H388 11 0.3332 0.1515 0.2387 0.2766 
        H389 11 0.3269 0.2188 0.2548 0.1994 
        H390 11 0.2682 0.1951 0.3009 0.2358 
        H391 11 0.2070 0.1854 0.3109 0.2966 
        H392 11 0.3190 0.3243 0.1730 0.1838 
        H393 11 0.3346 0.1572 0.2179 0.2903 
        H394 11 0.1927 0.1719 0.2416 0.3938 
        H395 11 0.2454 0.3662 0.1906 0.1979 
        H408 11 0.3920 0.2408 0.1817 0.1855 
        H412 11 0.1161 0.3953 0.2407 0.2479 
        H417 11 0.2568 0.3077 0.2167 0.2188 
        H418 11 0.1803 0.2856 0.2676 0.2665 
        H429 11 0.3492 0.1900 0.2185 0.2422 
        H430 11 0.3163 0.1769 0.2745 0.2324 
        H439 11 0.2633 0.2553 0.2797 0.2017 
        H440 11 0.2308 0.3963 0.1762 0.1967 
        H441 11 0.2181 0.1877 0.3471 0.2471 
        H442 11 0.3009 0.1985 0.2294 0.2713 
        H446 11 0.2311 0.2332 0.2521 0.2837 
        H447 11 0.3218 0.1645 0.2955 0.2182 
        H448 11 0.3287 0.2027 0.2548 0.2138 
        H534 11 0.1844 0.4268 0.1700 0.2188 
        H537 11 0.2035 0.3707 0.1919 0.2339 
        H568 11 0.1554 0.4554 0.2056 0.1837 
        H569 11 0.2593 0.1292 0.3577 0.2539 
        H586 11 0.1485 0.3050 0.1874 0.3591 
        H587 11 0.2194 0.4241 0.1822 0.1743 
        H588 11 0.2425 0.1694 0.2296 0.3585 
        H589 11 0.2436 0.4020 0.1691 0.1854 
        H590 11 0.2499 0.3486 0.1747 0.2267 
        H601 11 0.2581 0.1613 0.2936 0.2870 
        H602 11 0.2127 0.2991 0.2743 0.2139 
        H603 11 0.3178 0.1771 0.2888 0.2163 
        H610 11 0.2115 0.2767 0.2794 0.2324 
        H611 11 0.1631 0.3267 0.3120 0.1983 
        H649 11 0.2905 0.2416 0.2479 0.2200 
        H650 11 0.1692 0.1997 0.3686 0.2625 
        H651 11 0.3508 0.2135 0.2407 0.1949 
        H652 11 0.2048 0.2733 0.2347 0.2872 
       H7364 11 0.2968 0.1978 0.2654 0.2399 
       H7366 11 0.3055 0.2671 0.2244 0.2030 
       H7378 11 0.1461 0.1214 0.3295 0.4030 
       H7379 11 0.2407 0.2536 0.2638 0.2420 
        H739 11 0.1957 0.3634 0.2364 0.2045 
        H740 11 0.1944 0.2118 0.3026 0.2912 
        H741 11 0.1932 0.3764 0.2356 0.1948 
        H926 11 0.2087 0.2130 0.3288 0.2494 
        H927 11 0.2242 0.1945 0.3448 0.2364 
        H928 11 0.1658 0.2526 0.3619 0.2198 
       H9560 11 0.1798 0.2224 0.3182 0.2795 
        H409 12 0.3292 0.1657 0.2677 0.2374 
        H413 12 0.1720 0.1542 0.2643 0.4096 
        H419 12 0.3182 0.2087 0.2413 0.2319 
        H420 12 0.2704 0.2847 0.2109 0.2340 
        H421 12 0.2954 0.1543 0.2457 0.3046 
        H435 12 0.2826 0.1756 0.2475 0.2943 
        H436 12 0.3296 0.2325 0.2280 0.2098 
        H437 12 0.2050 0.3688 0.1868 0.2394 
        H445 12 0.3953 0.1828 0.2104 0.2114 
        H449 12 0.2246 0.2206 0.2462 0.3086 
        H463 12 0.2287 0.3152 0.2279 0.2282 
        H464 12 0.2418 0.1749 0.2575 0.3258 
        H465 12 0.1461 0.2368 0.2634 0.3536 
        H490 12 0.2062 0.1709 0.2902 0.3327 
        H561 12 0.2209 0.2477 0.2982 0.2332 
        H562 12 0.3928 0.2132 0.2028 0.1912 
        H563 12 0.2847 0.2619 0.2642 0.1891 
        H570 12 0.2947 0.3120 0.2137 0.1796 
        H571 12 0.1745 0.2328 0.2810 0.3116 
        H572 12 0.2427 0.2620 0.2474 0.2479 
        H573 12 0.3316 0.1625 0.2688 0.2371 
       H7372 12 0.3687 0.1307 0.2433 0.2573 
       H7373 12 0.1834 0.1766 0.2387 0.4013 
       H7374 12 0.3160 0.3086 0.1612 0.2141 
       H7375 12 0.2661 0.3011 0.2106 0.2222 
       H7376 12 0.4513 0.1407 0.2128 0.1952 
       H7377 12 0.1839 0.3162 0.2881 0.2119 
