        H102  1 0.3449 0.2708 0.3843 
        H103  1 0.2823 0.5006 0.2172 
        H104  1 0.3410 0.2265 0.4325 
        H105  1 0.4476 0.2682 0.2842 
        H106  1 0.3010 0.3454 0.3535 
        H112  1 0.3304 0.2506 0.4190 
        H113  1 0.4569 0.2704 0.2727 
        H114  1 0.4795 0.2814 0.2391 
        H115  1 0.4138 0.2106 0.3756 
        H143  1 0.4364 0.2851 0.2786 
        H144  1 0.4099 0.3957 0.1944 
        H145  1 0.3117 0.4715 0.2168 
        H149  1 0.3055 0.2419 0.4526 
        H150  1 0.3332 0.3496 0.3172 
     H167542  1 0.4960 0.2537 0.2503 
     H169604  1 0.4455 0.2833 0.2712 
     H169607  1 0.3973 0.3714 0.2313 
     H169608  1 0.2572 0.2696 0.4732 
     H169633  1 0.4890 0.3007 0.2103 
     H169688  1 0.2552 0.4582 0.2865 
     H169714  1 0.3024 0.2990 0.3986 
     H171802  1 0.2599 0.3007 0.4394 
     H171805  1 0.3355 0.3900 0.2746 
     H171807  1 0.3084 0.3138 0.3778 
     H171814  1 0.3321 0.4385 0.2294 
     H171816  1 0.3098 0.2879 0.4023 
     H171817  1 0.3294 0.2763 0.3943 
     H171818  1 0.3827 0.3198 0.2975 
     H171819  1 0.3443 0.3019 0.3538 
     H171834  1 0.3716 0.2998 0.3286 
     H171835  1 0.2563 0.2421 0.5016 
     H171836  1 0.3903 0.4381 0.1716 
     H171837  1 0.3778 0.2508 0.3713 
     H171838  1 0.3000 0.4420 0.2580 
     H171839  1 0.3690 0.2468 0.3842 
     H171841  1 0.1919 0.2811 0.5271 
     H171860  1 0.3980 0.2933 0.3087 
     H171861  1 0.4446 0.3770 0.1784 
     H171862  1 0.3606 0.3274 0.3120 
     H171868  1 0.4927 0.2312 0.2761 
     H171869  1 0.2864 0.4376 0.2760 
     H171870  1 0.2758 0.3646 0.3596 
     H171871  1 0.2880 0.4472 0.2649 
     H171872  1 0.3871 0.2464 0.3665 
     H171873  1 0.2600 0.3682 0.3718 
     H171874  1 0.3663 0.3659 0.2678 
     H171875  1 0.4629 0.3496 0.1875 
     H171876  1 0.4294 0.3185 0.2521 
     H171877  1 0.5046 0.2348 0.2606 
     H171878  1 0.2500 0.3576 0.3924 
     H171901  1 0.2586 0.2950 0.4464 
     H171902  1 0.3091 0.3689 0.3220 
     H171903  1 0.3472 0.3238 0.3290 
     H171935  1 0.2219 0.3700 0.4081 
     H171936  1 0.4671 0.2892 0.2437 
     H171940  1 0.3618 0.2752 0.3630 
     H171945  1 0.3089 0.3656 0.3255 
     H171948  1 0.3469 0.2728 0.3802 
     H171949  1 0.2844 0.2504 0.4652 
     H171950  1 0.2226 0.2480 0.5294 
     H171963  1 0.3041 0.4501 0.2459 
     H171964  1 0.2883 0.4640 0.2477 
     H171966  1 0.3010 0.3645 0.3345 
     H171968  1 0.3122 0.3224 0.3653 
     H171971  1 0.2607 0.3955 0.3438 
     H171972  1 0.3139 0.4466 0.2394 
     H171977  1 0.3140 0.4498 0.2363 
     H171978  1 0.2602 0.3254 0.4144 
     H171979  1 0.3650 0.4254 0.2096 
        H176  1 0.4143 0.3030 0.2827 
        H177  1 0.2780 0.2227 0.4993 
        H179  1 0.3831 0.2078 0.4091 
        H181  1 0.3742 0.3971 0.2287 
        H182  1 0.3581 0.4314 0.2105 
        H183  1 0.2938 0.4527 0.2535 
        H184  1 0.3444 0.2818 0.3738 
        H185  1 0.3962 0.3794 0.2245 
        H186  1 0.2976 0.3444 0.3581 
        H187  1 0.2993 0.3602 0.3405 
        H188  1 0.4292 0.2242 0.3466 
        H192  1 0.2931 0.2663 0.4406 
        H193  1 0.3303 0.4305 0.2392 
        H194  1 0.3705 0.2889 0.3406 
        H195  1 0.2723 0.4835 0.2442 
        H199  1 0.2921 0.4470 0.2610 
        H200  1 0.3329 0.2880 0.3791 
        H414  1 0.3103 0.3641 0.3256 
        H415  1 0.3986 0.3300 0.2714 
        H422  1 0.2869 0.3528 0.3603 
        H423  1 0.2228 0.2224 0.5548 
        H424  1 0.3358 0.4310 0.2333 
        H425  1 0.3105 0.4411 0.2484 
        H426  1 0.2248 0.4992 0.2760 
        H443  1 0.3886 0.3737 0.2377 
        H466  1 0.3376 0.3040 0.3584 
        H467  1 0.2536 0.2636 0.4828 
        H472  1 0.3800 0.3172 0.3028 
        H483  1 0.4835 0.3000 0.2165 
        H504  1 0.2968 0.4743 0.2290 
        H505  1 0.3357 0.2784 0.3859 
        H506  1 0.3517 0.3368 0.3115 
        H507  1 0.4076 0.3926 0.1998 
        H508  1 0.2545 0.3623 0.3831 
        H524  1 0.4192 0.3594 0.2214 
        H525  1 0.3669 0.3558 0.2773 
        H526  1 0.5260 0.2432 0.2309 
        H527  1 0.2817 0.2944 0.4238 
        H528  1 0.3955 0.3820 0.2225 
        H529  1 0.3850 0.4046 0.2104 
        H533  1 0.3573 0.4188 0.2239 
        H538  1 0.4035 0.2703 0.3263 
        H539  1 0.2565 0.4424 0.3010 
        H540  1 0.3590 0.3146 0.3264 
        H541  1 0.4406 0.2798 0.2796 
        H558  1 0.2377 0.4846 0.2777 
        H559  1 0.4097 0.2891 0.3012 
        H579  1 0.3751 0.3702 0.2547 
        H584  1 0.3120 0.4352 0.2529 
        H585  1 0.3330 0.3881 0.2788 
        H605  1 0.3100 0.3128 0.3772 
        H606  1 0.3091 0.2262 0.4647 
        H632  1 0.3334 0.4267 0.2399 
        H634  1 0.3131 0.3878 0.2991 
        H671  1 0.2645 0.2551 0.4804 
        H672  1 0.3356 0.3514 0.3130 
        H673  1 0.3985 0.3587 0.2428 
        H689  1 0.3937 0.3493 0.2570 
        H690  1 0.3457 0.2541 0.4002 
        H691  1 0.4653 0.2392 0.2955 
        H692  1 0.4110 0.4340 0.1550 
        H709  1 0.3308 0.3573 0.3119 
        H710  1 0.3574 0.4453 0.1972 
       H7355  1 0.4866 0.2964 0.2170 
       H7356  1 0.3087 0.3711 0.3202 
       H7357  1 0.3851 0.2582 0.3568 
       H7358  1 0.4366 0.3355 0.2279 
       H7380  1 0.4019 0.3291 0.2690 
       H7381  1 0.2591 0.3262 0.4147 
       H7382  1 0.3831 0.3397 0.2772 
        H904  1 0.2629 0.1714 0.5658 
        H923  1 0.3471 0.3167 0.3362 
        H924  1 0.3543 0.2839 0.3618 
        H925  1 0.4792 0.2678 0.2530 
       H9558  1 0.2269 0.5199 0.2532 
        H008  2 0.4725 0.3259 0.2016 
        H021  2 0.3472 0.2469 0.4060 
        H023  2 0.3284 0.2593 0.4123 
        H024  2 0.3105 0.4875 0.2020 
        H025  2 0.2541 0.3392 0.4067 
        H026  2 0.3078 0.4724 0.2198 
        H027  2 0.4576 0.2704 0.2720 
        H028  2 0.3519 0.3917 0.2563 
        H029  2 0.4194 0.3433 0.2373 
        H030  2 0.3001 0.4844 0.2155 
        H038  2 0.2915 0.2907 0.4178 
        H039  2 0.1677 0.1838 0.6485 
        H040  2 0.2415 0.3122 0.4463 
        H041  2 0.4804 0.2567 0.2629 
        H042  2 0.3601 0.2951 0.3448 
        H043  2 0.1857 0.2911 0.5232 
        H044  2 0.2834 0.4756 0.2410 
        H047  2 0.2446 0.3572 0.3982 
        H050  2 0.2785 0.4679 0.2536 
        H058  2 0.2538 0.3379 0.4083 
        H062  2 0.3733 0.2509 0.3757 
        H063  2 0.2899 0.2492 0.4609 
        H065  2 0.2735 0.3914 0.3351 
        H066  2 0.2625 0.4326 0.3049 
        H067  2 0.4553 0.2899 0.2548 
        H068  2 0.2401 0.2917 0.4682 
        H069  2 0.2698 0.4139 0.3163 
        H071  2 0.3173 0.2753 0.4075 
        H072  2 0.2659 0.2385 0.4956 
        H073  2 0.3757 0.3602 0.2641 
        H081  2 0.4727 0.2239 0.3034 
        H082  2 0.3388 0.4630 0.1982 
        H083  2 0.2994 0.4747 0.2259 
        H084  2 0.3198 0.3259 0.3543 
        H085  2 0.5154 0.2298 0.2548 
        H087  2 0.5106 0.2269 0.2624 
        H088  2 0.3364 0.2324 0.4312 
        H089  2 0.4585 0.2851 0.2563 
        H090  2 0.3651 0.3999 0.2349 
        H091  2 0.4634 0.3295 0.2071 
        H098  2 0.3815 0.3618 0.2566 
      H10001  2 0.1792 0.1786 0.6422 
      H10002  2 0.3360 0.2345 0.4296 
        H101  2 0.2754 0.4594 0.2651 
        H108  2 0.3783 0.2202 0.4015 
        H109  2 0.2601 0.3568 0.3831 
        H110  2 0.5118 0.2607 0.2275 
        H116  2 0.3139 0.4163 0.2698 
        H117  2 0.5005 0.2706 0.2289 
        H118  2 0.4190 0.3950 0.1861 
        H119  2 0.3463 0.2677 0.3860 
        H120  2 0.2973 0.1894 0.5133 
        H121  2 0.4377 0.3418 0.2206 
        H125  2 0.1774 0.1800 0.6427 
        H126  2 0.2851 0.4313 0.2836 
        H128  2 0.3208 0.5383 0.1409 
        H129  2 0.2952 0.4908 0.2140 
        H130  2 0.1941 0.3417 0.4641 
        H133  2 0.2053 0.2489 0.5458 
        H134  2 0.2293 0.5684 0.2023 
        H135  2 0.4089 0.2612 0.3300 
        H137  2 0.3347 0.3597 0.3056 
        H138  2 0.2768 0.4761 0.2471 
        H140  2 0.3436 0.3454 0.3110 
        H146  2 0.3457 0.3897 0.2647 
        H147  2 0.4649 0.2855 0.2496 
        H148  2 0.4929 0.2388 0.2683 
     H166022  2 0.4216 0.3524 0.2260 
     H167359  2 0.3266 0.3609 0.3125 
     H167397  2 0.4241 0.4216 0.1543 
     H167428  2 0.5225 0.3182 0.1593 
     H167496  2 0.3274 0.1996 0.4730 
     H167513  2 0.2727 0.3983 0.3290 
     H167545  2 0.2795 0.4825 0.2381 
     H167547  2 0.2448 0.5538 0.2014 
     H169621  2 0.3635 0.4064 0.2301 
     H169622  2 0.3820 0.3694 0.2485 
     H169750  2 0.2226 0.3735 0.4039 
     H171806  2 0.3027 0.3440 0.3532 
     H171808  2 0.3821 0.3268 0.2911 
     H171809  2 0.4219 0.2600 0.3181 
     H171813  2 0.2762 0.3979 0.3259 
     H171815  2 0.2023 0.2682 0.5294 
     H171824  2 0.3844 0.1989 0.4167 
     H171825  2 0.3738 0.3452 0.2810 
     H171826  2 0.3778 0.2647 0.3576 
     H171827  2 0.3151 0.3085 0.3763 
     H171828  2 0.2829 0.1798 0.5373 
     H171829  2 0.2431 0.4090 0.3479 
     H171830  2 0.3372 0.3343 0.3285 
     H171831  2 0.3410 0.4564 0.2026 
     H171832  2 0.3236 0.3943 0.2821 
     H171863  2 0.2726 0.5384 0.1890 
     H171864  2 0.4010 0.3075 0.2915 
     H171865  2 0.2453 0.2800 0.4747 
     H171879  2 0.3215 0.3812 0.2972 
     H171880  2 0.3736 0.3543 0.2720 
     H171881  2 0.4486 0.2981 0.2533 
     H171882  2 0.2278 0.2097 0.5626 
     H171929  2 0.4218 0.3111 0.2671 
     H171930  2 0.2744 0.5049 0.2207 
     H171933  2 0.3642 0.3532 0.2825 
     H171934  2 0.4171 0.3063 0.2767 
     H171937  2 0.2530 0.4845 0.2625 
     H171962  2 0.4183 0.3271 0.2546 
        H190  2 0.3562 0.3801 0.2636 
        H191  2 0.3475 0.3401 0.3124 
        H396  2 0.4690 0.2469 0.2841 
        H397  2 0.3456 0.3689 0.2855 
        H398  2 0.3205 0.3383 0.3412 
        H400  2 0.4129 0.2799 0.3072 
        H401  2 0.3160 0.5215 0.1624 
        H402  2 0.4232 0.3470 0.2298 
        H427  2 0.4827 0.2466 0.2707 
        H428  2 0.5301 0.3091 0.1609 
        H497  2 0.2577 0.3390 0.4033 
        H512  2 0.3356 0.3479 0.3165 
        H513  2 0.2740 0.3992 0.3268 
        H514  2 0.2718 0.4265 0.3018 
        H519  2 0.2932 0.3769 0.3299 
        H532  2 0.5013 0.2710 0.2277 
        H543  2 0.4073 0.3394 0.2533 
        H544  2 0.2399 0.4553 0.3048 
        H545  2 0.2643 0.5171 0.2186 
        H546  2 0.2621 0.3084 0.4294 
        H547  2 0.2436 0.5559 0.2005 
        H548  2 0.4249 0.2977 0.2774 
        H549  2 0.2355 0.4591 0.3054 
        H620  2 0.2341 0.1960 0.5700 
        H623  2 0.2925 0.4590 0.2484 
        H624  2 0.1907 0.3838 0.4255 
        H625  2 0.4290 0.3161 0.2550 
        H626  2 0.3266 0.3239 0.3495 
        H654  2 0.1706 0.2066 0.6228 
        H655  2 0.2584 0.3031 0.4385 
        H656  2 0.2802 0.2128 0.5070 
        H666  2 0.1886 0.2428 0.5686 
        H667  2 0.4208 0.3048 0.2744 
        H677  2 0.3880 0.3301 0.2819 
        H693  2 0.3690 0.2065 0.4245 
        H694  2 0.3176 0.4321 0.2503 
        H701  2 0.3708 0.3706 0.2586 
        H702  2 0.3229 0.2972 0.3799 
        H731  2 0.3394 0.2617 0.3989 
       H7359  2 0.3318 0.3597 0.3085 
       H7389  2 0.3703 0.3481 0.2816 
       H7390  2 0.2307 0.2534 0.5159 
       H7391  2 0.5575 0.2100 0.2325 
       H7392  2 0.3001 0.3537 0.3463 
       H7393  2 0.3027 0.3026 0.3947 
       H7398  2 0.4707 0.2471 0.2822 
       H7399  2 0.3988 0.3728 0.2284 
       H7400  2 0.1931 0.2069 0.6000 
        H745  2 0.2651 0.5168 0.2181 
        H746  2 0.3838 0.3818 0.2344 
        H747  2 0.2517 0.2731 0.4751 
        H748  2 0.3074 0.3433 0.3492 
       H7484  2 0.2485 0.2476 0.5038 
       H7485  2 0.2932 0.4158 0.2910 
        H749  2 0.3796 0.3684 0.2520 
        H930  2 0.2961 0.4750 0.2288 
        H931  2 0.4103 0.2998 0.2899 
        H932  2 0.3207 0.3355 0.3439 
        H111  3 0.2748 0.4785 0.2467 
        H951  3 0.3498 0.4163 0.2339 
        H952  3 0.2787 0.4162 0.3051 
        H953  3 0.4943 0.2812 0.2245 
        H954  3 0.2474 0.2512 0.5015 
        H955  3 0.3239 0.4338 0.2423 
        H956  3 0.3217 0.2843 0.3941 
       H9563  3 0.3998 0.2557 0.3445 
        H002  4 0.2139 0.3181 0.4680 
        H003  4 0.4395 0.3285 0.2320 
        H009  4 0.2811 0.4545 0.2644 
        H010  4 0.4025 0.3103 0.2872 
        H011  4 0.2987 0.2157 0.4855 
        H012  4 0.4826 0.2891 0.2283 
        H013  4 0.3927 0.2415 0.3657 
        H014  4 0.3241 0.3598 0.3162 
        H045  4 0.4195 0.2451 0.3354 
        H046  4 0.3768 0.3839 0.2393 
        H051  4 0.3798 0.2272 0.3930 
        H052  4 0.2560 0.3570 0.3870 
        H053  4 0.3080 0.2905 0.4015 
        H056  4 0.2493 0.3075 0.4432 
        H076  4 0.3843 0.3852 0.2304 
        H151  4 0.1946 0.2536 0.5518 
        H152  4 0.2267 0.3251 0.4481 
     H171803  4 0.2700 0.2813 0.4487 
     H171804  4 0.3275 0.2716 0.4009 
     H171833  4 0.2515 0.4999 0.2486 
     H171855  4 0.2001 0.2816 0.5183 
     H171856  4 0.2992 0.3431 0.3577 
     H171857  4 0.2411 0.3240 0.4349 
     H171858  4 0.3218 0.3428 0.3354 
     H171859  4 0.3407 0.3134 0.3458 
     H171961  4 0.3223 0.2559 0.4218 
        H198  4 0.4191 0.3764 0.2045 
      H20001  4 0.2439 0.4935 0.2627 
        H403  4 0.3006 0.3429 0.3565 
        H404  4 0.4445 0.3091 0.2463 
        H405  4 0.4157 0.3412 0.2431 
        H406  4 0.2157 0.5055 0.2789 
        H407  4 0.3285 0.2929 0.3786 
        H410  4 0.4345 0.3575 0.2079 
        H411  4 0.2549 0.4806 0.2645 
        H468  4 0.2115 0.4682 0.3203 
        H476  4 0.2412 0.3631 0.3957 
        H477  4 0.2358 0.5261 0.2381 
        H478  4 0.4008 0.3435 0.2557 
        H479  4 0.3644 0.2674 0.3682 
        H480  4 0.2627 0.5015 0.2357 
        H498  4 0.3430 0.3415 0.3155 
        H499  4 0.3196 0.3502 0.3301 
        H500  4 0.2714 0.2307 0.4979 
        H515  4 0.2998 0.2942 0.4060 
        H516  4 0.2623 0.3872 0.3506 
        H517  4 0.3397 0.3523 0.3080 
        H518  4 0.2358 0.3524 0.4118 
        H520  4 0.2413 0.2882 0.4705 
        H521  4 0.4083 0.3217 0.2700 
        H522  4 0.2842 0.3281 0.3877 
        H523  4 0.2906 0.3356 0.3738 
        H536  4 0.4009 0.3109 0.2882 
        H645  4 0.4561 0.2129 0.3309 
        H646  4 0.3191 0.4599 0.2210 
        H647  4 0.3018 0.3722 0.3260 
        H657  4 0.3569 0.4052 0.2379 
        H658  4 0.3126 0.3064 0.3810 
        H659  4 0.1830 0.2110 0.6059 
        H660  4 0.3081 0.3262 0.3657 
        H661  4 0.2319 0.2971 0.4709 
        H668  4 0.4614 0.2990 0.2396 
        H669  4 0.3908 0.2665 0.3426 
        H670  4 0.4422 0.2218 0.3359 
        H678  4 0.3189 0.3424 0.3388 
        H679  4 0.3606 0.4019 0.2375 
        H680  4 0.2920 0.3925 0.3155 
        H681  4 0.3640 0.2603 0.3757 
        H682  4 0.3878 0.3173 0.2949 
        H683  4 0.2213 0.3861 0.3926 
        H718  4 0.2511 0.2647 0.4842 
        H719  4 0.4099 0.2538 0.3363 
        H720  4 0.2712 0.3713 0.3575 
        H721  4 0.2411 0.3898 0.3692 
        H722  4 0.2102 0.3911 0.3987 
        H723  4 0.3702 0.2247 0.4052 
        H724  4 0.2368 0.2311 0.5321 
        H725  4 0.2187 0.2476 0.5337 
        H726  4 0.2688 0.2707 0.4604 
        H727  4 0.3505 0.2381 0.4114 
        H910  4 0.3221 0.2688 0.4091 
        H911  4 0.3414 0.4007 0.2579 
        H912  4 0.2722 0.3661 0.3617 
        H913  4 0.2769 0.2894 0.4338 
        H914  4 0.3522 0.2030 0.4448 
        H915  4 0.2969 0.3278 0.3753 
        H916  4 0.2316 0.4456 0.3227 
       H9572  4 0.3080 0.3373 0.3547 
        H015  5 0.3298 0.4320 0.2382 
        H016  5 0.2941 0.4450 0.2609 
        H017  5 0.2110 0.4317 0.3574 
        H019  5 0.3325 0.3958 0.2717 
        H020  5 0.3289 0.3117 0.3594 
        H032  5 0.2667 0.3480 0.3853 
        H033  5 0.4217 0.3038 0.2745 
        H034  5 0.3450 0.2292 0.4258 
        H035  5 0.3174 0.3424 0.3402 
        H036  5 0.3472 0.3773 0.2755 
        H037  5 0.2917 0.2462 0.4621 
        H048  5 0.3310 0.2253 0.4437 
        H049  5 0.2657 0.4246 0.3097 
        H054  5 0.3574 0.3105 0.3321 
        H055  5 0.3607 0.2773 0.3621 
        H057  5 0.2330 0.4277 0.3394 
        H060  5 0.2790 0.3239 0.3972 
        H061  5 0.4154 0.3213 0.2633 
        H064  5 0.3274 0.3023 0.3703 
        H070  5 0.3610 0.2561 0.3829 
        H077  5 0.2475 0.2742 0.4784 
        H078  5 0.2199 0.3344 0.4457 
        H079  5 0.4703 0.2946 0.2351 
        H097  5 0.1882 0.4433 0.3685 
        H107  5 0.2695 0.1833 0.5471 
        H122  5 0.2792 0.4127 0.3080 
        H123  5 0.3539 0.4080 0.2380 
        H124  5 0.4014 0.3538 0.2448 
        H131  5 0.3746 0.3744 0.2511 
        H132  5 0.3608 0.2945 0.3447 
        H141  5 0.3022 0.2991 0.3988 
        H142  5 0.3504 0.4062 0.2434 
        H157  5 0.2855 0.2557 0.4589 
        H158  5 0.2619 0.4893 0.2487 
        H159  5 0.3566 0.4134 0.2300 
        H160  5 0.2658 0.3904 0.3438 
        H163  5 0.3413 0.3807 0.2779 
        H164  5 0.3649 0.3576 0.2775 
        H165  5 0.4949 0.2974 0.2076 
        H166  5 0.3633 0.3850 0.2518 
        H169  5 0.3692 0.3127 0.3182 
     H169613  5 0.2879 0.3668 0.3453 
     H169653  5 0.3737 0.3738 0.2526 
     H169728  5 0.3011 0.3858 0.3130 
     H169742  5 0.4184 0.2509 0.3307 
        H170  5 0.2560 0.4473 0.2967 
        H171  5 0.2710 0.4597 0.2693 
     H171851  5 0.2978 0.3868 0.3154 
     H171852  5 0.2592 0.3143 0.4265 
     H171853  5 0.3543 0.2676 0.3781 
     H171854  5 0.2816 0.3935 0.3248 
     H171938  5 0.4475 0.2413 0.3111 
     H171939  5 0.3505 0.4114 0.2381 
     H171941  5 0.3100 0.2298 0.4602 
     H171965  5 0.3544 0.3874 0.2582 
     H171970  5 0.2644 0.2126 0.5230 
     H171973  5 0.4660 0.2854 0.2486 
     H171974  5 0.4326 0.2512 0.3162 
     H171975  5 0.3925 0.2709 0.3366 
     H171976  5 0.2071 0.4710 0.3220 
        H175  5 0.3390 0.2377 0.4233 
        H178  5 0.3542 0.2981 0.3477 
        H189  5 0.3433 0.4446 0.2122 
        H399  5 0.2205 0.4769 0.3026 
        H416  5 0.3687 0.2770 0.3544 
        H438  5 0.4260 0.2630 0.3110 
        H450  5 0.2635 0.2564 0.4801 
        H455  5 0.3142 0.2093 0.4765 
        H456  5 0.4191 0.2699 0.3109 
        H457  5 0.2373 0.3358 0.4269 
        H458  5 0.3161 0.2833 0.4006 
        H459  5 0.3812 0.3867 0.2321 
        H460  5 0.2865 0.3325 0.3810 
        H461  5 0.2348 0.4523 0.3129 
        H462  5 0.3781 0.3626 0.2593 
        H469  5 0.4174 0.3577 0.2250 
        H470  5 0.3173 0.3146 0.3682 
        H471  5 0.2453 0.5176 0.2371 
        H481  5 0.2425 0.2213 0.5363 
        H482  5 0.2933 0.3094 0.3973 
        H501  5 0.3651 0.2850 0.3499 
        H502  5 0.3286 0.4426 0.2288 
        H503  5 0.3111 0.4211 0.2678 
        H509  5 0.3125 0.2607 0.4268 
        H510  5 0.3510 0.3496 0.2994 
        H511  5 0.3315 0.4098 0.2587 
        H530  5 0.3992 0.2390 0.3618 
        H531  5 0.2272 0.2901 0.4828 
        H564  5 0.3063 0.3010 0.3927 
        H565  5 0.2346 0.2625 0.5030 
        H567  5 0.3618 0.4315 0.2067 
     H568???  5 0.2883 0.4650 0.2466 
        H608  5 0.2593 0.2646 0.4762 
        H609  5 0.4872 0.2456 0.2671 
        H612  5 0.3058 0.1946 0.4996 
        H614  5 0.2165 0.2595 0.5240 
        H615  5 0.2239 0.3087 0.4674 
        H616  5 0.2698 0.1770 0.5532 
        H617  5 0.4158 0.3574 0.2267 
        H618  5 0.3106 0.2447 0.4446 
        H619  5 0.4991 0.2540 0.2469 
        H635  5 0.3581 0.3385 0.3035 
        H636  5 0.4900 0.2530 0.2571 
        H637  5 0.3662 0.2792 0.3547 
        H644  5 0.2849 0.5542 0.1609 
        H711  5 0.2696 0.4385 0.2919 
        H712  5 0.4208 0.2260 0.3532 
       H7360  5 0.3061 0.3578 0.3362 
       H7361  5 0.2787 0.2729 0.4484 
       H7362  5 0.3109 0.5057 0.1835 
       H7363  5 0.2537 0.3785 0.3678 
       H7394  5 0.3209 0.4111 0.2680 
       H7395  5 0.3762 0.2958 0.3280 
       H7396  5 0.3494 0.3038 0.3468 
        H742  5 0.4278 0.2436 0.3285 
        H743  5 0.3550 0.3045 0.3406 
        H744  5 0.2861 0.2106 0.5033 
        H957  5 0.2646 0.3969 0.3384 
        H958  5 0.3126 0.3943 0.2931 
        H959  5 0.3367 0.2152 0.4482 
        H960  5 0.3985 0.2965 0.3049 
      H_PALI  6 0.3259 0.3533 0.3207 
        H581  6 0.2811 0.3300 0.3889 
        H582  6 0.2233 0.2719 0.5048 
        H583  6 0.3205 0.3236 0.3558 
        H595  6 0.3208 0.4608 0.2184 
        H596  6 0.3188 0.4633 0.2179 
        H597  6 0.3309 0.4519 0.2172 
        H598  6 0.3610 0.2870 0.3521 
        H599  6 0.3409 0.2495 0.4096 
        H642  6 0.2525 0.4921 0.2554 
        H643  6 0.3693 0.3017 0.3290 
        H664  6 0.1791 0.3408 0.4801 
        H665  6 0.4674 0.2368 0.2958 
        H674  6 0.2757 0.5357 0.1886 
        H675  6 0.2710 0.3344 0.3946 
        H676  6 0.2860 0.4508 0.2631 
        H686  6 0.3265 0.3616 0.3118 
        H687  6 0.2801 0.3780 0.3419 
        H917  6 0.4526 0.3351 0.2123 
        H918  6 0.4579 0.2794 0.2626 
        H919  6 0.3210 0.1923 0.4867 
        H920  6 0.2950 0.3043 0.4008 
        H631  7 0.3014 0.2902 0.4084 
        H684  7 0.2895 0.4857 0.2248 
        H685  7 0.2034 0.2880 0.5086 
        H713  7 0.2473 0.2439 0.5088 
        H715  7 0.2774 0.4613 0.2613 
        H716  7 0.3546 0.2849 0.3606 
        H717  7 0.3480 0.3007 0.3513 
        H729  7 0.5006 0.2923 0.2072 
        H730  7 0.4443 0.2418 0.3139 
        H431  8 0.3041 0.2704 0.4255 
        H432  8 0.3448 0.4602 0.1949 
        H433  8 0.4132 0.3120 0.2748 
        H434  8 0.3626 0.3524 0.2850 
        H444  8 0.4650 0.2794 0.2557 
        H454  8 0.3205 0.2190 0.4605 
        H475  8 0.2256 0.2392 0.5352 
        H491  8 0.2994 0.2894 0.4112 
        H492  8 0.2792 0.2657 0.4552 
        H493  8 0.3071 0.3920 0.3009 
        H494  8 0.3469 0.3126 0.3405 
        H495  8 0.1900 0.3345 0.4755 
        H662  8 0.3121 0.3874 0.3005 
        H663  8 0.3522 0.3156 0.3322 
        H695  8 0.3652 0.2750 0.3598 
       H7367  8 0.4104 0.3683 0.2213 
       H7368  8 0.3611 0.3795 0.2594 
       H7369  8 0.4633 0.2512 0.2854 
       H7370  8 0.3432 0.4441 0.2128 
       H7371  8 0.4145 0.2988 0.2866 
        H600  9 0.2846 0.2706 0.4448 
        H648  9 0.3102 0.3737 0.3161 
        H696  9 0.2659 0.5448 0.1894 
        H697  9 0.4064 0.3108 0.2828 
        H698  9 0.3735 0.3679 0.2585 
        H699  9 0.3472 0.3395 0.3133 
        H700  9 0.3012 0.2652 0.4336 
        H732  9 0.2339 0.2820 0.4841 
        H733  9 0.4120 0.3667 0.2214 
        H734  9 0.2958 0.4738 0.2304 
        H735  9 0.3283 0.4128 0.2588 
        H736  9 0.3102 0.3261 0.3638 
        H737  9 0.3529 0.2761 0.3709 
        H905  9 0.3604 0.2339 0.4057 
        H921  9 0.3789 0.2460 0.3751 
        H922  9 0.4160 0.3847 0.1993 
     H169705 10 0.3500 0.3625 0.2875 
     H171942 10 0.3700 0.4427 0.1873 
     H171943 10 0.2905 0.3996 0.3099 
     H171944 10 0.3642 0.2993 0.3364 
     H171946 10 0.2166 0.3412 0.4422 
     H171947 10 0.3589 0.3620 0.2791 
     H229641 10 0.2997 0.3519 0.3484 
      H30001 10 0.3604 0.2918 0.3478 
      H30002 10 0.3854 0.2817 0.3329 
      H30005 10 0.3387 0.3638 0.2976 
      H30006 10 0.3238 0.4218 0.2544 
      H30007 10 0.2903 0.5156 0.1940 
        H451 10 0.3997 0.3761 0.2242 
        H452 10 0.3018 0.4029 0.2953 
        H453 10 0.2403 0.2761 0.4836 
        H473 10 0.3527 0.2817 0.3656 
        H474 10 0.1785 0.2725 0.5491 
        H486 10 0.3192 0.2879 0.3929 
        H487 10 0.3040 0.2889 0.4071 
        H488 10 0.4396 0.2340 0.3264 
        H489 10 0.2733 0.2428 0.4839 
        H550 10 0.2466 0.4804 0.2730 
        H551 10 0.3917 0.2710 0.3373 
        H553 10 0.2504 0.2922 0.4574 
        H554 10 0.3522 0.3836 0.2643 
        H556 10 0.2628 0.3662 0.3710 
        H580 10 0.3906 0.3451 0.2643 
        H591 10 0.2647 0.2118 0.5234 
        H592 10 0.2978 0.2930 0.4093 
        H593 10 0.3438 0.3504 0.3058 
        H594 10 0.3688 0.4505 0.1807 
        H627 10 0.2492 0.4000 0.3508 
        H628 10 0.5244 0.2995 0.1761 
        H629 10 0.2476 0.3884 0.3640 
        H630 10 0.2455 0.3997 0.3548 
        H638 10 0.3311 0.3747 0.2942 
        H639 10 0.2246 0.3188 0.4566 
        H640 10 0.3085 0.4265 0.2650 
        H704 10 0.3246 0.4366 0.2388 
        H705 10 0.3585 0.3520 0.2896 
        H706 10 0.3801 0.2194 0.4005 
        H708 10 0.2380 0.2306 0.5314 
       H7351 10 0.3318 0.3692 0.2990 
       H7352 10 0.3443 0.3048 0.3509 
       H7353 10 0.2775 0.4799 0.2426 
       H7354 10 0.3357 0.2766 0.3877 
       H7365 10 0.2509 0.2358 0.5134 
       H7383 10 0.3717 0.2387 0.3896 
       H7384 10 0.3531 0.2650 0.3819 
       H7385 10 0.3034 0.2639 0.4327 
       H7386 10 0.4334 0.2956 0.2710 
       H7387 10 0.3717 0.3246 0.3037 
       H7388 10 0.3764 0.3162 0.3073 
        H906 10 0.2942 0.3204 0.3854 
        H907 10 0.3160 0.4312 0.2527 
        H908 10 0.3663 0.3114 0.3224 
        H909 10 0.4142 0.2671 0.3188 
       H9552 10 0.3386 0.3524 0.3090 
       H9553 10 0.2973 0.3033 0.3994 
       H9555 10 0.4021 0.3192 0.2787 
       H9575 10 0.2251 0.2942 0.4807 
       H9703 10 0.2357 0.2373 0.5270 
       H9707 10 0.2687 0.2857 0.4457 
       HSAA4 10 0.3867 0.3472 0.2661 
        H001 11 0.3706 0.2757 0.3538 
        H004 11 0.3444 0.3369 0.3188 
        H005 11 0.3032 0.2098 0.4870 
        H006 11 0.3455 0.2932 0.3613 
        H007 11 0.3721 0.2063 0.4217 
        H031 11 0.2449 0.1952 0.5599 
        H074 11 0.2356 0.2943 0.4701 
        H075 11 0.3264 0.2131 0.4604 
        H080 11 0.3099 0.2464 0.4436 
        H086 11 0.3253 0.3425 0.3322 
        H092 11 0.3063 0.2865 0.4071 
        H093 11 0.3452 0.4545 0.2004 
        H094 11 0.2701 0.4233 0.3066 
        H095 11 0.3143 0.2618 0.4239 
        H096 11 0.4010 0.2363 0.3628 
        H099 11 0.3131 0.2940 0.3929 
        H100 11 0.3970 0.3854 0.2176 
        H127 11 0.3489 0.2788 0.3723 
        H136 11 0.2385 0.2508 0.5107 
        H153 11 0.3007 0.3833 0.3160 
        H154 11 0.2200 0.2684 0.5117 
        H155 11 0.5598 0.2575 0.1827 
        H156 11 0.4913 0.3335 0.1752 
        H161 11 0.3243 0.3878 0.2879 
        H162 11 0.3288 0.4423 0.2289 
        H167 11 0.4137 0.3196 0.2667 
        H168 11 0.3813 0.3183 0.3004 
     H169586 11 0.1952 0.3986 0.4061 
     H169738 11 0.4943 0.2885 0.2172 
     H169741 11 0.2557 0.2769 0.4674 
     H171801 11 0.3367 0.4211 0.2422 
     H171810 11 0.2368 0.2890 0.4741 
     H171811 11 0.2020 0.2976 0.5004 
     H171812 11 0.4666 0.2178 0.3155 
     H171820 11 0.2530 0.2635 0.4836 
     H171821 11 0.3874 0.3378 0.2748 
     H171822 11 0.3438 0.3440 0.3123 
     H171823 11 0.2013 0.3449 0.4538 
     H171866 11 0.3554 0.3946 0.2500 
     H171867 11 0.4567 0.2796 0.2637 
     H171967 11 0.3403 0.2264 0.4333 
     H171969 11 0.3642 0.3135 0.3224 
        H172 11 0.3964 0.2992 0.3044 
        H173 11 0.4627 0.2448 0.2925 
        H174 11 0.2934 0.4911 0.2156 
        H196 11 0.4496 0.3196 0.2308 
        H197 11 0.4225 0.3169 0.2605 
        H346 11 0.4073 0.2497 0.3430 
        H355 11 0.3652 0.2813 0.3535 
        H356 11 0.3377 0.2977 0.3647 
        H357 11 0.3234 0.2512 0.4254 
        H358 11 0.4281 0.2478 0.3241 
        H359 11 0.3175 0.3460 0.3364 
        H360 11 0.3866 0.2764 0.3370 
        H361 11 0.4201 0.2959 0.2841 
        H362 11 0.3734 0.4263 0.2003 
        H363 11 0.2821 0.2399 0.4780 
        H364 11 0.3209 0.3316 0.3474 
        H365 11 0.4399 0.3015 0.2586 
        H366 11 0.4493 0.3017 0.2491 
        H367 11 0.2468 0.2762 0.4770 
        H368 11 0.2503 0.4568 0.2928 
        H369 11 0.2980 0.2103 0.4918 
        H370 11 0.3563 0.3698 0.2739 
        H371 11 0.3215 0.3636 0.3149 
        H372 11 0.3810 0.3159 0.3031 
        H373 11 0.3375 0.3291 0.3334 
        H374 11 0.3527 0.2549 0.3924 
        H375 11 0.3944 0.2497 0.3559 
        H376 11 0.3731 0.3719 0.2550 
        H377 11 0.3240 0.2901 0.3859 
        H378 11 0.2909 0.3229 0.3862 
        H379 11 0.2859 0.3945 0.3196 
        H380 11 0.4800 0.2986 0.2214 
        H381 11 0.2219 0.3064 0.4718 
        H382 11 0.3870 0.4236 0.1894 
        H383 11 0.4326 0.3543 0.2131 
        H384 11 0.2704 0.2719 0.4576 
        H385 11 0.2884 0.3085 0.4031 
        H386 11 0.4787 0.2519 0.2694 
        H387 11 0.2328 0.4454 0.3218 
        H388 11 0.4808 0.3208 0.1984 
        H389 11 0.4299 0.2430 0.3271 
        H390 11 0.3723 0.3437 0.2840 
        H391 11 0.2916 0.4350 0.2734 
        H392 11 0.3179 0.2275 0.4546 
        H393 11 0.3778 0.4111 0.2112 
        H394 11 0.2660 0.4958 0.2382 
        H395 11 0.3203 0.2355 0.4443 
        H408 11 0.4412 0.2434 0.3154 
        H412 11 0.1461 0.3406 0.5132 
        H417 11 0.3304 0.2696 0.4000 
        H418 11 0.2373 0.4111 0.3516 
        H429 11 0.4250 0.2886 0.2864 
        H430 11 0.4383 0.3342 0.2275 
        H439 11 0.3606 0.2792 0.3602 
        H440 11 0.2635 0.2404 0.4962 
        H441 11 0.3859 0.3610 0.2531 
        H442 11 0.3947 0.3410 0.2644 
        H446 11 0.3091 0.3661 0.3248 
        H447 11 0.4347 0.3131 0.2522 
        H448 11 0.4529 0.2661 0.2810 
        H534 11 0.2119 0.2658 0.5223 
        H537 11 0.2435 0.2811 0.4753 
        H568 11 0.2172 0.2264 0.5564 
        H569 11 0.4545 0.3646 0.1809 
        H586 11 0.1846 0.4155 0.3999 
        H587 11 0.2410 0.2152 0.5437 
        H588 11 0.2904 0.4807 0.2289 
        H589 11 0.2684 0.2206 0.5110 
        H590 11 0.3094 0.2675 0.4231 
        H601 11 0.3836 0.4106 0.2058 
        H602 11 0.3069 0.2880 0.4051 
        H603 11 0.4708 0.2933 0.2359 
        H610 11 0.3188 0.2943 0.3869 
        H611 11 0.2481 0.3010 0.4509 
        H649 11 0.3360 0.3451 0.3189 
        H650 11 0.2502 0.4879 0.2618 
        H651 11 0.4489 0.2629 0.2882 
        H652 11 0.2589 0.3925 0.3485 
       H7364 11 0.3885 0.3284 0.2830 
       H7366 11 0.4215 0.2470 0.3315 
       H7378 11 0.2390 0.6086 0.1524 
       H7379 11 0.3619 0.3131 0.3250 
        H739 11 0.2768 0.2684 0.4547 
        H740 11 0.2762 0.4485 0.2753 
        H741 11 0.2552 0.2671 0.4777 
        H926 11 0.2832 0.4382 0.2785 
        H927 11 0.4085 0.3153 0.2763 
        H928 11 0.2722 0.3861 0.3417 
       H9560 11 0.2615 0.4153 0.3232 
        H409 12 0.4770 0.3029 0.2201 
        H413 12 0.2448 0.5428 0.2123 
        H419 12 0.4356 0.2869 0.2774 
        H420 12 0.3403 0.2910 0.3686 
        H421 12 0.3751 0.4296 0.1953 
        H435 12 0.3405 0.4154 0.2442 
        H436 12 0.4165 0.2499 0.3337 
        H437 12 0.2368 0.2959 0.4673 
        H445 12 0.4817 0.2788 0.2395 
        H449 12 0.3016 0.4187 0.2796 
        H463 12 0.2801 0.3148 0.4051 
        H464 12 0.3094 0.4665 0.2241 
        H465 12 0.2112 0.4836 0.3052 
        H490 12 0.3094 0.4700 0.2206 
        H561 12 0.3371 0.3494 0.3135 
        H562 12 0.4810 0.2243 0.2947 
        H563 12 0.4055 0.2572 0.3373 
        H570 12 0.3604 0.2371 0.4025 
        H571 12 0.2391 0.4286 0.3323 
        H572 12 0.3298 0.3075 0.3627 
        H573 12 0.4668 0.3133 0.2199 
       H7372 12 0.4907 0.3325 0.1768 
       H7373 12 0.2401 0.5174 0.2425 
       H7374 12 0.3613 0.2640 0.3747 
       H7375 12 0.3410 0.2736 0.3854 
       H7376 12 0.5654 0.2451 0.1895 
       H7377 12 0.2719 0.2791 0.4489 
