        H102  1 0.0803 0.1743 0.1211 0.3505 0.1380 0.1358 
        H103  1 0.1361 0.1678 0.0690 0.1082 0.2353 0.2835 
        H104  1 0.1772 0.1782 0.2434 0.1700 0.1185 0.1127 
        H105  1 0.1343 0.1142 0.1772 0.2318 0.1756 0.1668 
        H106  1 0.1592 0.1770 0.1794 0.1346 0.1700 0.1797 
        H112  1 0.1528 0.1498 0.2229 0.1928 0.1397 0.1420 
        H113  1 0.3170 0.1073 0.1399 0.1774 0.1296 0.1289 
        H114  1 0.2828 0.1099 0.0872 0.2293 0.1455 0.1453 
        H115  1 0.1443 0.1598 0.1685 0.2885 0.1182 0.1206 
        H143  1 0.1321 0.1234 0.1178 0.3164 0.1528 0.1575 
        H144  1 0.1175 0.1136 0.0812 0.2242 0.2303 0.2332 
        H145  1 0.1388 0.1387 0.0787 0.1997 0.2097 0.2344 
        H149  1 0.1187 0.1753 0.2687 0.1595 0.1412 0.1367 
        H150  1 0.1763 0.1254 0.1578 0.1747 0.1821 0.1837 
     H167542  1 0.1800 0.1182 0.1143 0.3205 0.1355 0.1316 
     H169604  1 0.1708 0.1358 0.1169 0.2718 0.1559 0.1488 
     H169607  1 0.1368 0.1610 0.1013 0.2132 0.1859 0.2018 
     H169608  1 0.0980 0.1848 0.2207 0.2219 0.1386 0.1360 
     H169633  1 0.2750 0.1314 0.0866 0.1937 0.1572 0.1562 
     H169688  1 0.1040 0.2956 0.1030 0.1108 0.1979 0.1887 
     H169714  1 0.1435 0.1934 0.1830 0.1618 0.1535 0.1648 
     H171802  1 0.2198 0.1682 0.2447 0.1048 0.1299 0.1325 
     H171805  1 0.1368 0.1886 0.1051 0.1564 0.2077 0.2054 
     H171807  1 0.1098 0.1434 0.2780 0.1359 0.1675 0.1655 
     H171814  1 0.2821 0.1355 0.0758 0.1227 0.1833 0.2006 
     H171816  1 0.1441 0.1940 0.2106 0.1328 0.1673 0.1513 
     H171817  1 0.1492 0.1988 0.1892 0.1667 0.1514 0.1447 
     H171818  1 0.1620 0.1738 0.1344 0.1841 0.1766 0.1691 
     H171819  1 0.2082 0.1628 0.1597 0.1475 0.1530 0.1688 
     H171834  1 0.1218 0.1413 0.1360 0.2428 0.1908 0.1673 
     H171835  1 0.2027 0.1834 0.2533 0.1333 0.1135 0.1138 
     H171836  1 0.2537 0.1312 0.0667 0.1608 0.1974 0.1902 
     H171837  1 0.1735 0.1853 0.1563 0.2119 0.1372 0.1357 
     H171838  1 0.1880 0.1362 0.1089 0.1077 0.2182 0.2410 
     H171839  1 0.2127 0.1782 0.1737 0.1931 0.1277 0.1146 
     H171841  1 0.0857 0.1505 0.4071 0.0791 0.1414 0.1362 
     H171860  1 0.1923 0.1244 0.1498 0.2087 0.1643 0.1605 
     H171861  1 0.1718 0.1190 0.0671 0.2434 0.2133 0.1854 
     H171862  1 0.1376 0.1478 0.1244 0.2220 0.1737 0.1944 
     H171868  1 0.1266 0.1099 0.1134 0.3648 0.1322 0.1531 
     H171869  1 0.1444 0.2010 0.1152 0.1303 0.2055 0.2036 
     H171870  1 0.1244 0.2508 0.1547 0.1164 0.1767 0.1770 
     H171871  1 0.1671 0.1850 0.0927 0.1040 0.2252 0.2262 
     H171872  1 0.1724 0.1622 0.1726 0.2321 0.1314 0.1293 
     H171873  1 0.1339 0.2511 0.1388 0.1121 0.1777 0.1863 
     H171874  1 0.1105 0.1773 0.0966 0.2400 0.2053 0.1702 
     H171875  1 0.1836 0.1084 0.0784 0.2713 0.2026 0.1557 
     H171876  1 0.1443 0.1462 0.1066 0.2558 0.1816 0.1655 
     H171877  1 0.2105 0.1183 0.1381 0.2922 0.1211 0.1199 
     H171878  1 0.1129 0.2392 0.1940 0.1077 0.1727 0.1735 
     H171901  1 0.1397 0.3450 0.1523 0.0929 0.1351 0.1351 
     H171902  1 0.1074 0.1724 0.1833 0.1854 0.1732 0.1783 
     H171903  1 0.1610 0.1882 0.1144 0.1988 0.1757 0.1619 
     H171935  1 0.1425 0.2085 0.2137 0.0885 0.1675 0.1793 
     H171936  1 0.2871 0.1503 0.0862 0.2009 0.1357 0.1399 
     H171940  1 0.0986 0.1252 0.2471 0.2215 0.1541 0.1536 
     H171945  1 0.1485 0.1691 0.1621 0.1428 0.1849 0.1924 
     H171948  1 0.1479 0.1157 0.2520 0.1618 0.1535 0.1690 
     H171949  1 0.1246 0.1467 0.3483 0.1344 0.1224 0.1236 
     H171950  1 0.1074 0.3040 0.2229 0.1334 0.1134 0.1188 
     H171963  1 0.1611 0.2187 0.0954 0.1201 0.1953 0.2093 
     H171964  1 0.1299 0.1018 0.1166 0.1459 0.2490 0.2569 
     H171966  1 0.1510 0.1534 0.1719 0.1196 0.1951 0.2090 
     H171968  1 0.0900 0.1832 0.1790 0.2383 0.1495 0.1600 
     H171971  1 0.1607 0.1964 0.1410 0.0983 0.2029 0.2007 
     H171972  1 0.1819 0.1485 0.0826 0.1546 0.2358 0.1965 
     H171977  1 0.2002 0.1413 0.0940 0.1699 0.1937 0.2009 
     H171978  1 0.1122 0.1884 0.2148 0.1263 0.1755 0.1828 
     H171979  1 0.1688 0.1410 0.0864 0.1266 0.2453 0.2319 
        H176  1 0.1975 0.1246 0.1407 0.2186 0.1563 0.1623 
        H177  1 0.0983 0.2653 0.2445 0.1468 0.1180 0.1271 
        H179  1 0.1679 0.1563 0.2355 0.2313 0.1041 0.1049 
        H181  1 0.1850 0.1086 0.1546 0.1162 0.2130 0.2226 
        H182  1 0.1471 0.1360 0.0695 0.2214 0.2171 0.2089 
        H183  1 0.1451 0.1304 0.1587 0.0940 0.2342 0.2376 
        H184  1 0.1337 0.1167 0.2596 0.1626 0.1730 0.1543 
        H185  1 0.2009 0.1187 0.1242 0.1596 0.2029 0.1937 
        H186  1 0.0769 0.1651 0.1670 0.2175 0.1862 0.1873 
        H187  1 0.1545 0.2800 0.1248 0.1157 0.1653 0.1597 
        H188  1 0.2083 0.0914 0.2573 0.2396 0.1073 0.0961 
        H192  1 0.1235 0.1534 0.2959 0.1345 0.1486 0.1442 
        H193  1 0.1130 0.1469 0.0824 0.2671 0.1909 0.1996 
        H194  1 0.1627 0.1515 0.1913 0.1791 0.1556 0.1599 
        H195  1 0.1033 0.2340 0.1041 0.1152 0.2279 0.2154 
        H199  1 0.1558 0.1628 0.1296 0.1344 0.1977 0.2198 
        H200  1 0.1942 0.1590 0.2224 0.1397 0.1429 0.1419 
        H414  1 0.1485 0.2465 0.0916 0.1400 0.1898 0.1836 
        H415  1 0.2417 0.1414 0.0910 0.2051 0.1594 0.1614 
        H422  1 0.1106 0.1611 0.1724 0.1817 0.1824 0.1919 
        H423  1 0.0956 0.1168 0.4911 0.0906 0.1013 0.1045 
        H424  1 0.1818 0.1398 0.0975 0.1303 0.2138 0.2368 
        H425  1 0.1521 0.1717 0.0896 0.1392 0.2177 0.2298 
        H426  1 0.1101 0.1677 0.1207 0.1217 0.2455 0.2344 
        H443  1 0.0888 0.1138 0.0873 0.2952 0.2141 0.2008 
        H466  1 0.1488 0.1732 0.1876 0.1446 0.1716 0.1742 
        H467  1 0.1177 0.1970 0.2957 0.1241 0.1342 0.1314 
        H472  1 0.1831 0.1712 0.2052 0.1531 0.1396 0.1479 
        H483  1 0.1441 0.1013 0.1422 0.2498 0.1828 0.1798 
        H504  1 0.1786 0.1422 0.0959 0.1279 0.2002 0.2552 
        H505  1 0.1605 0.1867 0.2086 0.1653 0.1394 0.1394 
        H506  1 0.1279 0.1599 0.1549 0.2239 0.1816 0.1518 
        H507  1 0.1922 0.1971 0.0644 0.1489 0.2097 0.1877 
        H508  1 0.1424 0.2373 0.1915 0.1020 0.1619 0.1649 
        H524  1 0.2628 0.1749 0.0847 0.1468 0.1609 0.1698 
        H525  1 0.1333 0.1497 0.1052 0.2342 0.2132 0.1645 
        H526  1 0.2255 0.0988 0.1446 0.2831 0.1252 0.1229 
        H527  1 0.0966 0.2304 0.2037 0.1579 0.1647 0.1468 
        H528  1 0.2158 0.1117 0.0849 0.1843 0.1963 0.2070 
        H529  1 0.1778 0.1522 0.0722 0.1722 0.2011 0.2245 
        H533  1 0.1936 0.2034 0.0567 0.1338 0.1881 0.2244 
        H538  1 0.1667 0.1607 0.1795 0.1936 0.1479 0.1516 
        H539  1 0.1155 0.3256 0.0979 0.1120 0.1755 0.1734 
        H540  1 0.1577 0.1805 0.1408 0.1772 0.1791 0.1647 
        H541  1 0.1795 0.1648 0.1086 0.2586 0.1450 0.1435 
        H558  1 0.1284 0.1602 0.1293 0.0884 0.2466 0.2470 
        H559  1 0.1076 0.1292 0.1454 0.3299 0.1516 0.1363 
        H579  1 0.1099 0.1304 0.1169 0.1978 0.2447 0.2002 
        H584  1 0.1644 0.1283 0.1085 0.1400 0.2155 0.2433 
        H585  1 0.1981 0.1585 0.1291 0.1315 0.1906 0.1922 
        H605  1 0.1380 0.1684 0.2058 0.1563 0.1588 0.1726 
        H606  1 0.0913 0.2009 0.2487 0.2412 0.1093 0.1086 
        H632  1 0.1298 0.1455 0.0854 0.2235 0.2148 0.2010 
        H634  1 0.1439 0.1819 0.1133 0.1591 0.1935 0.2083 
        H671  1 0.1325 0.1797 0.3160 0.1288 0.1183 0.1248 
        H672  1 0.2864 0.1881 0.1195 0.1277 0.1465 0.1319 
        H673  1 0.1118 0.0988 0.1477 0.2218 0.2273 0.1925 
        H689  1 0.1390 0.1345 0.1114 0.2313 0.1940 0.1897 
        H690  1 0.1644 0.1753 0.1616 0.2535 0.1205 0.1248 
        H691  1 0.1356 0.1618 0.1025 0.3343 0.1431 0.1227 
        H692  1 0.1831 0.0887 0.0651 0.1541 0.2781 0.2308 
        H709  1 0.1933 0.1498 0.1152 0.1752 0.1689 0.1977 
        H710  1 0.1787 0.0911 0.0847 0.1615 0.2327 0.2513 
       H7355  1 0.2226 0.1068 0.0823 0.3175 0.1278 0.1430 
       H7356  1 0.1370 0.1471 0.1512 0.1603 0.1861 0.2184 
       H7357  1 0.1412 0.1860 0.1563 0.2355 0.1387 0.1422 
       H7358  1 0.1952 0.1308 0.1164 0.2171 0.1685 0.1721 
       H7380  1 0.1230 0.1286 0.1083 0.2902 0.1693 0.1806 
       H7381  1 0.1141 0.1558 0.2242 0.1256 0.1976 0.1828 
       H7382  1 0.1388 0.1786 0.0986 0.2470 0.1782 0.1588 
        H904  1 0.0822 0.1924 0.3348 0.1976 0.1001 0.0930 
        H923  1 0.1936 0.1431 0.1946 0.1543 0.1565 0.1578 
        H924  1 0.1587 0.1596 0.2073 0.2026 0.1470 0.1248 
        H925  1 0.2082 0.1583 0.0998 0.2658 0.1293 0.1386 
       H9558  1 0.1251 0.1523 0.1137 0.0872 0.2529 0.2688 
        H008  2 0.2363 0.0980 0.1069 0.1875 0.1859 0.1854 
        H021  2 0.1236 0.2128 0.1847 0.1911 0.1456 0.1422 
        H023  2 0.1189 0.1865 0.1872 0.2478 0.1209 0.1386 
        H024  2 0.3449 0.0882 0.1002 0.0950 0.1770 0.1947 
        H025  2 0.1125 0.1181 0.3200 0.1129 0.1731 0.1633 
        H026  2 0.2457 0.1129 0.0827 0.1206 0.2201 0.2179 
        H027  2 0.2411 0.1768 0.1086 0.1897 0.1466 0.1373 
        H028  2 0.1672 0.1231 0.1448 0.1491 0.1982 0.2175 
        H029  2 0.2764 0.1513 0.0864 0.1662 0.1536 0.1661 
        H030  2 0.2439 0.1150 0.0894 0.1052 0.2232 0.2233 
        H038  2 0.1056 0.3227 0.1737 0.1352 0.1292 0.1336 
        H039  2 0.0851 0.1032 0.5803 0.0826 0.0749 0.0738 
        H040  2 0.1472 0.3220 0.1688 0.1107 0.1252 0.1261 
        H041  2 0.2986 0.0889 0.1637 0.2007 0.1252 0.1229 
        H042  2 0.1398 0.1464 0.2032 0.1825 0.1610 0.1671 
        H043  2 0.0888 0.3358 0.2333 0.0850 0.1340 0.1231 
        H044  2 0.1728 0.1659 0.1144 0.0981 0.2373 0.2114 
        H047  2 0.1694 0.1410 0.2238 0.1138 0.1699 0.1820 
        H050  2 0.2978 0.1465 0.0855 0.1150 0.1778 0.1774 
        H058  2 0.1374 0.2372 0.1749 0.0978 0.1800 0.1726 
        H062  2 0.0972 0.1612 0.2209 0.2393 0.1375 0.1439 
        H063  2 0.1704 0.1789 0.2610 0.1206 0.1342 0.1347 
        H065  2 0.1019 0.1316 0.1864 0.1438 0.2041 0.2321 
        H066  2 0.2175 0.2135 0.1017 0.0896 0.1892 0.1886 
        H067  2 0.1446 0.1434 0.1095 0.2905 0.1530 0.1590 
        H068  2 0.1498 0.1565 0.2864 0.1170 0.1379 0.1524 
        H069  2 0.1570 0.2648 0.1133 0.1027 0.1797 0.1825 
        H071  2 0.1363 0.1771 0.1960 0.1703 0.1692 0.1511 
        H072  2 0.1344 0.1309 0.4042 0.1079 0.1124 0.1101 
        H073  2 0.1573 0.1628 0.1194 0.1777 0.1871 0.1957 
        H081  2 0.1907 0.1024 0.2311 0.2443 0.1112 0.1203 
        H082  2 0.2166 0.1196 0.1014 0.0968 0.2389 0.2267 
        H083  2 0.1332 0.1098 0.1108 0.1248 0.2814 0.2400 
        H084  2 0.2332 0.2185 0.1410 0.1148 0.1502 0.1422 
        H085  2 0.2637 0.1024 0.1503 0.2542 0.1208 0.1086 
        H087  2 0.1374 0.0964 0.1649 0.3439 0.1286 0.1289 
        H088  2 0.1428 0.1712 0.2409 0.1690 0.1486 0.1276 
        H089  2 0.1696 0.1932 0.1127 0.2316 0.1519 0.1409 
        H090  2 0.3568 0.0930 0.1165 0.1174 0.1661 0.1501 
        H091  2 0.3704 0.1159 0.0727 0.1733 0.1326 0.1350 
        H098  2 0.2970 0.0960 0.1516 0.1332 0.1525 0.1697 
      H10001  2 0.0758 0.1406 0.5468 0.0844 0.0778 0.0747 
      H10002  2 0.0938 0.2113 0.1729 0.2636 0.1340 0.1243 
        H101  2 0.3477 0.1649 0.0859 0.0855 0.1616 0.1545 
        H108  2 0.0912 0.0962 0.3688 0.2300 0.1036 0.1102 
        H109  2 0.2492 0.2026 0.1538 0.0917 0.1456 0.1572 
        H110  2 0.1586 0.1224 0.1001 0.3146 0.1568 0.1475 
        H116  2 0.1836 0.1515 0.1036 0.1452 0.2125 0.2036 
        H117  2 0.4141 0.0937 0.0929 0.1540 0.1204 0.1249 
        H118  2 0.3247 0.0924 0.0780 0.1704 0.1664 0.1681 
        H119  2 0.1838 0.1607 0.1789 0.2057 0.1393 0.1315 
        H120  2 0.0892 0.1045 0.4713 0.1478 0.0932 0.0939 
        H121  2 0.3836 0.0936 0.0946 0.1703 0.1309 0.1269 
        H125  2 0.0824 0.1598 0.5089 0.0835 0.0821 0.0833 
        H126  2 0.1304 0.1012 0.1856 0.1189 0.2313 0.2327 
        H128  2 0.4299 0.0872 0.0482 0.0954 0.1678 0.1714 
        H129  2 0.1225 0.1159 0.0958 0.1534 0.2451 0.2674 
        H130  2 0.0774 0.1706 0.2727 0.1040 0.1886 0.1867 
        H133  2 0.1169 0.1653 0.3800 0.0926 0.1284 0.1167 
        H134  2 0.1214 0.0915 0.0855 0.1079 0.2703 0.3233 
        H135  2 0.1532 0.1473 0.1726 0.2206 0.1527 0.1537 
        H137  2 0.3268 0.1203 0.1443 0.1155 0.1377 0.1553 
        H138  2 0.1161 0.1368 0.0851 0.1401 0.2828 0.2391 
        H140  2 0.2422 0.1129 0.1584 0.1509 0.1635 0.1722 
        H146  2 0.3735 0.1160 0.0901 0.1254 0.1520 0.1431 
        H147  2 0.2266 0.1176 0.1194 0.2008 0.1672 0.1684 
        H148  2 0.2761 0.1317 0.0910 0.2480 0.1230 0.1303 
     H166022  2 0.2105 0.1472 0.0821 0.1641 0.1965 0.1997 
     H167359  2 0.1553 0.1852 0.1326 0.1353 0.2064 0.1853 
     H167397  2 0.3385 0.1113 0.0523 0.1474 0.1747 0.1758 
     H167428  2 0.2502 0.0752 0.0664 0.2916 0.1484 0.1682 
     H167496  2 0.1487 0.1335 0.3744 0.1487 0.0967 0.0980 
     H167513  2 0.1906 0.2520 0.1411 0.0794 0.1644 0.1726 
     H167545  2 0.1404 0.1689 0.0778 0.1473 0.2185 0.2471 
     H167547  2 0.3089 0.1158 0.0744 0.0790 0.1943 0.2276 
     H169621  2 0.2279 0.1274 0.0916 0.1387 0.2094 0.2050 
     H169622  2 0.1084 0.2320 0.0772 0.1947 0.1921 0.1957 
     H169750  2 0.1283 0.1778 0.2252 0.0845 0.1972 0.1870 
     H171806  2 0.2585 0.1365 0.1630 0.1452 0.1509 0.1459 
     H171808  2 0.1619 0.1949 0.1266 0.1702 0.1598 0.1866 
     H171809  2 0.1389 0.1278 0.1903 0.2458 0.1529 0.1443 
     H171813  2 0.1559 0.1609 0.1612 0.1564 0.1771 0.1885 
     H171815  2 0.0972 0.2284 0.3128 0.1120 0.1248 0.1249 
     H171824  2 0.1390 0.1666 0.1845 0.2913 0.1092 0.1094 
     H171825  2 0.1084 0.1993 0.1067 0.2196 0.1907 0.1752 
     H171826  2 0.1703 0.1397 0.1710 0.2217 0.1548 0.1424 
     H171827  2 0.1145 0.2707 0.0970 0.2200 0.1556 0.1423 
     H171828  2 0.1074 0.1130 0.4641 0.1536 0.0813 0.0806 
     H171829  2 0.1624 0.1996 0.1533 0.1108 0.1799 0.1940 
     H171830  2 0.2481 0.1348 0.1770 0.1139 0.1621 0.1641 
     H171831  2 0.2026 0.1151 0.0862 0.1294 0.2158 0.2509 
     H171832  2 0.1309 0.1301 0.1439 0.1281 0.2521 0.2149 
     H171863  2 0.1562 0.1609 0.0689 0.1038 0.2526 0.2575 
     H171864  2 0.2882 0.1362 0.1458 0.1459 0.1417 0.1422 
     H171865  2 0.1405 0.1550 0.3530 0.1101 0.1244 0.1169 
     H171879  2 0.2606 0.1651 0.1166 0.1308 0.1734 0.1535 
     H171880  2 0.3485 0.1431 0.0927 0.1103 0.1582 0.1472 
     H171881  2 0.1531 0.1403 0.1203 0.2280 0.1933 0.1651 
     H171882  2 0.0922 0.1024 0.5255 0.1012 0.0908 0.0879 
     H171929  2 0.2327 0.1099 0.1785 0.1471 0.1747 0.1571 
     H171930  2 0.2362 0.1588 0.0764 0.0946 0.2031 0.2308 
     H171933  2 0.2095 0.1751 0.1182 0.1475 0.1617 0.1880 
     H171934  2 0.1818 0.1454 0.1100 0.2555 0.1483 0.1589 
     H171937  2 0.1442 0.1253 0.1082 0.1136 0.2664 0.2424 
     H171962  2 0.1410 0.1442 0.1402 0.1932 0.2076 0.1737 
        H190  2 0.1578 0.1434 0.1249 0.1608 0.2019 0.2111 
        H191  2 0.2072 0.1241 0.2065 0.1273 0.1684 0.1665 
        H396  2 0.1581 0.1351 0.1928 0.2486 0.1378 0.1275 
        H397  2 0.1705 0.1810 0.1159 0.1552 0.1806 0.1968 
        H398  2 0.1282 0.1583 0.1863 0.1497 0.1900 0.1875 
        H400  2 0.1794 0.1762 0.1276 0.2000 0.1579 0.1591 
        H401  2 0.4053 0.0815 0.0686 0.0950 0.1537 0.1959 
        H402  2 0.1919 0.2069 0.0780 0.1565 0.1893 0.1773 
        H427  2 0.1550 0.1231 0.1337 0.2818 0.1523 0.1541 
        H428  2 0.2530 0.0736 0.0678 0.2987 0.1514 0.1554 
        H497  2 0.1494 0.2559 0.1922 0.1049 0.1499 0.1478 
        H512  2 0.2313 0.1623 0.1131 0.1589 0.1662 0.1682 
        H513  2 0.1950 0.2417 0.1481 0.0801 0.1676 0.1673 
        H514  2 0.1144 0.1970 0.1137 0.1494 0.2310 0.1945 
        H519  2 0.2114 0.1980 0.1627 0.0854 0.1629 0.1797 
        H532  2 0.1859 0.1486 0.0856 0.2651 0.1584 0.1564 
        H543  2 0.1896 0.2087 0.0712 0.1653 0.1900 0.1751 
        H544  2 0.1022 0.1595 0.1690 0.0931 0.2440 0.2322 
        H545  2 0.1321 0.1731 0.0749 0.1314 0.2224 0.2661 
        H546  2 0.1060 0.1586 0.3206 0.1124 0.1521 0.1504 
        H547  2 0.3000 0.1179 0.0795 0.0834 0.1767 0.2425 
        H548  2 0.2001 0.1939 0.1137 0.1725 0.1637 0.1560 
        H549  2 0.1287 0.4367 0.0874 0.0795 0.1333 0.1344 
        H620  2 0.0884 0.1087 0.5145 0.1157 0.0871 0.0855 
        H623  2 0.1360 0.1247 0.1394 0.1046 0.2434 0.2519 
        H624  2 0.0748 0.3202 0.1642 0.0951 0.1685 0.1772 
        H625  2 0.1711 0.1472 0.1455 0.2153 0.1607 0.1602 
        H626  2 0.1750 0.2794 0.1216 0.1181 0.1452 0.1608 
        H654  2 0.0642 0.2425 0.4240 0.0796 0.0936 0.0961 
        H655  2 0.1186 0.2389 0.1618 0.1492 0.1638 0.1677 
        H656  2 0.0766 0.1064 0.5162 0.1310 0.0843 0.0855 
        H666  2 0.1409 0.1439 0.4277 0.0761 0.1044 0.1070 
        H667  2 0.1279 0.1832 0.1004 0.2759 0.1640 0.1486 
        H677  2 0.1618 0.1673 0.1043 0.2061 0.1806 0.1798 
        H693  2 0.0999 0.1084 0.3582 0.2279 0.1022 0.1034 
        H694  2 0.1786 0.1190 0.1524 0.1046 0.2202 0.2252 
        H701  2 0.2016 0.1610 0.0934 0.1365 0.2026 0.2049 
        H702  2 0.1380 0.2185 0.1486 0.1468 0.1783 0.1699 
        H731  2 0.1293 0.1468 0.2272 0.2306 0.1335 0.1326 
       H7359  2 0.1600 0.1847 0.1334 0.1408 0.1949 0.1863 
       H7389  2 0.2486 0.1576 0.1164 0.1587 0.1704 0.1482 
       H7390  2 0.1041 0.3163 0.2124 0.1183 0.1233 0.1255 
       H7391  2 0.2423 0.0943 0.1155 0.3315 0.1111 0.1052 
       H7392  2 0.1278 0.2013 0.1464 0.1796 0.1821 0.1628 
       H7393  2 0.1741 0.1945 0.1906 0.1353 0.1543 0.1512 
       H7398  2 0.2571 0.1053 0.1688 0.2165 0.1247 0.1276 
       H7399  2 0.1566 0.1476 0.0774 0.2411 0.1930 0.1844 
       H7400  2 0.0751 0.1455 0.5045 0.0907 0.0931 0.0910 
        H745  2 0.1679 0.0931 0.1052 0.0976 0.2592 0.2771 
        H746  2 0.1137 0.1919 0.0736 0.2310 0.2050 0.1847 
        H747  2 0.1778 0.2074 0.2400 0.1032 0.1327 0.1389 
        H748  2 0.1609 0.2620 0.1101 0.1464 0.1586 0.1621 
       H7484  2 0.1387 0.0992 0.4504 0.1037 0.1007 0.1074 
       H7485  2 0.1478 0.2427 0.1410 0.1027 0.1936 0.1721 
        H749  2 0.1159 0.2776 0.0775 0.1579 0.1847 0.1864 
        H930  2 0.2652 0.1586 0.0781 0.0980 0.1857 0.2143 
        H931  2 0.1973 0.1099 0.1769 0.2021 0.1699 0.1439 
        H932  2 0.2203 0.1682 0.1327 0.1475 0.1686 0.1627 
        H111  3 0.1629 0.1633 0.0919 0.1160 0.2178 0.2482 
        H951  3 0.2412 0.1255 0.1031 0.1388 0.1715 0.2199 
        H952  3 0.2366 0.1562 0.1246 0.1296 0.1783 0.1747 
        H953  3 0.3172 0.1202 0.0903 0.2373 0.1154 0.1197 
        H954  3 0.1265 0.2241 0.2725 0.1181 0.1391 0.1197 
        H955  3 0.1703 0.2182 0.0768 0.1098 0.2304 0.1945 
        H956  3 0.2605 0.2178 0.1141 0.1443 0.1321 0.1311 
       H9563  3 0.2244 0.1156 0.2267 0.1679 0.1336 0.1318 
        H002  4 0.0891 0.1641 0.2548 0.1565 0.1782 0.1573 
        H003  4 0.1077 0.1296 0.0846 0.3039 0.1919 0.1823 
        H009  4 0.1426 0.2018 0.1055 0.1133 0.2404 0.1964 
        H010  4 0.1797 0.1489 0.1171 0.2248 0.1670 0.1625 
        H011  4 0.0863 0.1201 0.4205 0.1644 0.1042 0.1046 
        H012  4 0.1624 0.1228 0.1065 0.2342 0.1931 0.1810 
        H013  4 0.1166 0.1265 0.2314 0.2343 0.1482 0.1430 
        H014  4 0.1334 0.1297 0.1542 0.1719 0.2092 0.2016 
        H045  4 0.2114 0.1003 0.2598 0.2035 0.1116 0.1134 
        H046  4 0.1153 0.1421 0.0971 0.2403 0.2008 0.2044 
        H051  4 0.1238 0.1141 0.3247 0.1872 0.1255 0.1247 
        H052  4 0.1443 0.1259 0.2981 0.1220 0.1566 0.1530 
        H053  4 0.1581 0.2178 0.1526 0.1639 0.1565 0.1511 
        H056  4 0.1335 0.1109 0.3622 0.0967 0.1450 0.1517 
        H076  4 0.1708 0.1136 0.0923 0.2021 0.2179 0.2033 
        H151  4 0.0867 0.2485 0.2560 0.1349 0.1389 0.1349 
        H152  4 0.1028 0.1270 0.2524 0.1682 0.1785 0.1711 
     H171803  4 0.1069 0.3384 0.1477 0.1509 0.1234 0.1327 
     H171804  4 0.1632 0.2205 0.1901 0.1508 0.1322 0.1432 
     H171833  4 0.1174 0.1607 0.0936 0.1235 0.2543 0.2506 
     H171855  4 0.1071 0.1571 0.3556 0.1008 0.1395 0.1400 
     H171856  4 0.1967 0.2943 0.1124 0.1192 0.1298 0.1476 
     H171857  4 0.1573 0.1497 0.2782 0.1193 0.1502 0.1453 
     H171858  4 0.1546 0.1453 0.1382 0.1772 0.1997 0.1850 
     H171859  4 0.1616 0.1619 0.1747 0.1904 0.1679 0.1435 
     H171961  4 0.1268 0.1515 0.2653 0.1698 0.1477 0.1388 
        H198  4 0.1418 0.1311 0.0665 0.2654 0.2114 0.1838 
      H20001  4 0.1247 0.1903 0.1035 0.0974 0.2188 0.2653 
        H403  4 0.1561 0.2224 0.1814 0.1131 0.1578 0.1691 
        H404  4 0.1439 0.1499 0.0880 0.2975 0.1590 0.1618 
        H405  4 0.1714 0.1476 0.0866 0.2009 0.1852 0.2083 
        H406  4 0.2617 0.1168 0.1545 0.0675 0.1882 0.2113 
        H407  4 0.2328 0.2441 0.1158 0.1481 0.1324 0.1269 
        H410  4 0.4236 0.0924 0.0754 0.1572 0.1187 0.1327 
        H411  4 0.1699 0.1208 0.1102 0.1308 0.2212 0.2471 
        H468  4 0.1304 0.2415 0.1174 0.0759 0.2019 0.2328 
        H476  4 0.1447 0.2628 0.1428 0.0874 0.1843 0.1779 
        H477  4 0.1080 0.2428 0.0663 0.1245 0.2195 0.2389 
        H478  4 0.1128 0.2308 0.0883 0.2359 0.1694 0.1628 
        H479  4 0.1379 0.1385 0.2527 0.1775 0.1422 0.1512 
        H480  4 0.1611 0.1766 0.0776 0.1077 0.2305 0.2464 
        H498  4 0.1224 0.1318 0.1548 0.1999 0.1972 0.1940 
        H499  4 0.1293 0.1828 0.1381 0.1945 0.1698 0.1855 
        H500  4 0.1250 0.2695 0.2207 0.1480 0.1183 0.1185 
        H515  4 0.1549 0.1772 0.1814 0.1716 0.1622 0.1527 
        H516  4 0.1779 0.1583 0.1619 0.1217 0.1907 0.1895 
        H517  4 0.2728 0.1537 0.1209 0.1472 0.1623 0.1431 
        H518  4 0.1420 0.1524 0.2489 0.0918 0.1813 0.1836 
        H520  4 0.1443 0.2674 0.1948 0.1129 0.1408 0.1397 
        H521  4 0.1889 0.1367 0.1455 0.1882 0.1658 0.1748 
        H522  4 0.1327 0.2618 0.1355 0.1369 0.1634 0.1696 
        H523  4 0.1879 0.1725 0.1503 0.1401 0.1752 0.1739 
        H536  4 0.1235 0.1602 0.1229 0.2299 0.1810 0.1825 
        H645  4 0.1414 0.1245 0.1865 0.3464 0.1013 0.0998 
        H646  4 0.3179 0.1345 0.0750 0.1106 0.1951 0.1670 
        H647  4 0.1465 0.2826 0.1023 0.1174 0.1798 0.1714 
        H657  4 0.2159 0.1753 0.0860 0.1438 0.1884 0.1905 
        H658  4 0.1829 0.2519 0.1140 0.1355 0.1535 0.1623 
        H659  4 0.0840 0.3451 0.2508 0.1108 0.1054 0.1039 
        H660  4 0.1274 0.1924 0.1872 0.1249 0.1883 0.1798 
        H661  4 0.0974 0.2425 0.2114 0.1211 0.1600 0.1675 
        H668  4 0.1333 0.1260 0.0758 0.3464 0.1669 0.1517 
        H669  4 0.2026 0.1597 0.1617 0.1885 0.1430 0.1445 
        H670  4 0.0964 0.1083 0.1476 0.4286 0.1105 0.1087 
        H678  4 0.1988 0.2500 0.1130 0.1312 0.1551 0.1519 
        H679  4 0.2723 0.1449 0.0955 0.1225 0.1858 0.1790 
        H680  4 0.1600 0.1616 0.1366 0.1254 0.1931 0.2232 
        H681  4 0.1194 0.1761 0.1873 0.2325 0.1566 0.1280 
        H682  4 0.2268 0.1831 0.0908 0.1689 0.1685 0.1619 
        H683  4 0.1647 0.1352 0.3018 0.0772 0.1655 0.1556 
        H718  4 0.1605 0.1169 0.3849 0.1181 0.1117 0.1079 
        H719  4 0.1475 0.1043 0.2467 0.1988 0.1454 0.1572 
        H720  4 0.1034 0.1883 0.2306 0.1247 0.1619 0.1911 
        H721  4 0.1230 0.1599 0.1969 0.1313 0.1897 0.1991 
        H722  4 0.1160 0.1505 0.2488 0.0885 0.1993 0.1968 
        H723  4 0.1698 0.1362 0.2970 0.1619 0.1183 0.1169 
        H724  4 0.1373 0.1885 0.3679 0.1012 0.1017 0.1034 
        H725  4 0.1104 0.1574 0.4018 0.0986 0.1148 0.1170 
        H726  4 0.1245 0.1584 0.2732 0.1315 0.1533 0.1591 
        H727  4 0.1640 0.1285 0.2310 0.2036 0.1372 0.1357 
        H910  4 0.1938 0.1412 0.2078 0.1876 0.1301 0.1396 
        H911  4 0.2883 0.1198 0.1235 0.1175 0.1679 0.1830 
        H912  4 0.1655 0.1910 0.1660 0.1100 0.1760 0.1916 
        H913  4 0.1491 0.3074 0.1380 0.1313 0.1373 0.1368 
        H914  4 0.1278 0.2602 0.1566 0.2380 0.1119 0.1055 
        H915  4 0.1778 0.2473 0.1302 0.1126 0.1575 0.1746 
        H916  4 0.2064 0.1964 0.1120 0.1010 0.1766 0.2077 
       H9572  4 0.1552 0.1899 0.2058 0.1162 0.1567 0.1762 
        H015  5 0.1468 0.1277 0.1222 0.1013 0.2469 0.2552 
        H016  5 0.1331 0.1680 0.0959 0.1302 0.2424 0.2304 
        H017  5 0.1178 0.2690 0.1062 0.1253 0.1898 0.1919 
        H019  5 0.1260 0.1229 0.1661 0.1356 0.2339 0.2154 
        H020  5 0.1831 0.1625 0.1729 0.1798 0.1500 0.1516 
        H032  5 0.1665 0.1759 0.1789 0.1352 0.1768 0.1667 
        H033  5 0.1529 0.1506 0.1092 0.2194 0.1920 0.1760 
        H034  5 0.1345 0.1422 0.2508 0.2127 0.1256 0.1343 
        H035  5 0.1847 0.2302 0.1175 0.1326 0.1663 0.1686 
        H036  5 0.2689 0.1248 0.1214 0.1321 0.1658 0.1870 
        H037  5 0.1090 0.2923 0.1438 0.1855 0.1370 0.1324 
        H048  5 0.1240 0.1681 0.3259 0.1736 0.1007 0.1077 
        H049  5 0.1332 0.1305 0.1729 0.1165 0.2156 0.2313 
        H054  5 0.1947 0.1113 0.1753 0.1675 0.1620 0.1891 
        H055  5 0.1017 0.1198 0.2083 0.2655 0.1543 0.1504 
        H057  5 0.0833 0.1707 0.1338 0.1207 0.2453 0.2462 
        H060  5 0.0837 0.1831 0.1557 0.2630 0.1591 0.1554 
        H061  5 0.1419 0.1645 0.0982 0.2437 0.1796 0.1721 
        H064  5 0.1361 0.1303 0.2690 0.1661 0.1553 0.1432 
        H070  5 0.1377 0.1430 0.1950 0.2414 0.1464 0.1365 
        H077  5 0.1165 0.1226 0.3738 0.1059 0.1389 0.1423 
        H078  5 0.1560 0.2341 0.1885 0.1005 0.1646 0.1563 
        H079  5 0.2670 0.1702 0.0802 0.2076 0.1386 0.1364 
        H097  5 0.1037 0.1853 0.1663 0.0867 0.2330 0.2250 
        H107  5 0.0790 0.1818 0.3854 0.1588 0.0957 0.0992 
        H122  5 0.1360 0.2719 0.0954 0.1222 0.1807 0.1938 
        H123  5 0.2648 0.1625 0.0769 0.1228 0.1929 0.1801 
        H124  5 0.2467 0.1709 0.0838 0.1632 0.1804 0.1550 
        H131  5 0.2672 0.1296 0.1049 0.1561 0.1781 0.1640 
        H132  5 0.1781 0.1376 0.1970 0.1952 0.1473 0.1449 
        H141  5 0.1200 0.2850 0.1441 0.1789 0.1371 0.1349 
        H142  5 0.1214 0.1575 0.0869 0.2171 0.2064 0.2107 
        H157  5 0.1246 0.1912 0.2711 0.1602 0.1228 0.1301 
        H158  5 0.2005 0.1521 0.0843 0.0993 0.2375 0.2263 
        H159  5 0.1614 0.1454 0.1136 0.1243 0.2039 0.2513 
        H160  5 0.1465 0.2797 0.1139 0.1268 0.1612 0.1719 
        H163  5 0.1888 0.1254 0.1238 0.1603 0.1903 0.2114 
        H164  5 0.1313 0.1273 0.1578 0.1688 0.2260 0.1888 
        H165  5 0.2305 0.1459 0.0758 0.2781 0.1403 0.1294 
        H166  5 0.1622 0.1308 0.1410 0.1593 0.2067 0.2000 
        H169  5 0.1103 0.1746 0.1161 0.2446 0.1899 0.1646 
     H169613  5 0.1198 0.1440 0.1675 0.1811 0.2126 0.1750 
     H169653  5 0.1561 0.1050 0.1346 0.1920 0.1963 0.2160 
     H169728  5 0.1726 0.1782 0.1184 0.1283 0.1913 0.2113 
     H169742  5 0.1193 0.1917 0.1276 0.3220 0.1204 0.1189 
        H170  5 0.1122 0.1265 0.1522 0.1378 0.2697 0.2016 
        H171  5 0.1410 0.1289 0.1377 0.1015 0.2554 0.2355 
     H171851  5 0.1146 0.1483 0.1494 0.1459 0.2411 0.2007 
     H171852  5 0.1245 0.2386 0.2089 0.1262 0.1469 0.1549 
     H171853  5 0.1727 0.1666 0.2073 0.1552 0.1461 0.1521 
     H171854  5 0.1671 0.1477 0.1612 0.1356 0.2089 0.1795 
     H171938  5 0.1450 0.1484 0.1368 0.2826 0.1440 0.1432 
     H171939  5 0.1875 0.1592 0.1160 0.1550 0.1927 0.1897 
     H171941  5 0.1013 0.1211 0.3595 0.1829 0.1205 0.1147 
     H171965  5 0.0965 0.1463 0.0975 0.2511 0.2024 0.2062 
     H171970  5 0.0985 0.1018 0.4660 0.1189 0.1081 0.1066 
     H171973  5 0.1771 0.1706 0.0944 0.2599 0.1512 0.1469 
     H171974  5 0.1507 0.1498 0.1312 0.2700 0.1548 0.1434 
     H171975  5 0.1509 0.0878 0.3044 0.1734 0.1383 0.1452 
     H171976  5 0.1087 0.1818 0.1634 0.1010 0.2186 0.2265 
        H175  5 0.1509 0.1683 0.2501 0.1724 0.1313 0.1271 
        H178  5 0.1265 0.1244 0.2299 0.1816 0.1779 0.1597 
        H189  5 0.2157 0.1415 0.0759 0.1636 0.2057 0.1975 
        H399  5 0.1357 0.1780 0.1215 0.0852 0.2399 0.2397 
        H416  5 0.1570 0.2031 0.1589 0.1943 0.1440 0.1427 
        H438  5 0.2227 0.1439 0.1459 0.1862 0.1529 0.1484 
        H450  5 0.0835 0.1946 0.2280 0.2335 0.1303 0.1302 
        H455  5 0.0993 0.0848 0.4744 0.1540 0.0926 0.0949 
        H456  5 0.1390 0.1739 0.1361 0.2384 0.1532 0.1595 
        H457  5 0.0964 0.1423 0.2741 0.1197 0.1882 0.1794 
        H458  5 0.1313 0.1552 0.2044 0.2113 0.1513 0.1465 
        H459  5 0.1610 0.1826 0.0784 0.1496 0.2343 0.1941 
        H460  5 0.1325 0.2928 0.1205 0.1308 0.1645 0.1590 
        H461  5 0.1310 0.1726 0.1387 0.1121 0.2267 0.2188 
        H462  5 0.2565 0.1216 0.1120 0.1694 0.1623 0.1782 
        H469  5 0.2873 0.1006 0.1131 0.1453 0.1646 0.1892 
        H470  5 0.1453 0.1925 0.1650 0.1422 0.1784 0.1767 
        H471  5 0.1876 0.2084 0.0686 0.0884 0.2374 0.2096 
        H481  5 0.1278 0.1943 0.3467 0.1231 0.0982 0.1100 
        H482  5 0.1202 0.1820 0.2042 0.1697 0.1739 0.1499 
        H501  5 0.1464 0.2051 0.1601 0.1668 0.1694 0.1522 
        H502  5 0.1551 0.1449 0.0892 0.1360 0.2498 0.2249 
        H503  5 0.1979 0.1496 0.1117 0.1551 0.1772 0.2084 
        H509  5 0.1750 0.1622 0.2925 0.1214 0.1209 0.1281 
        H510  5 0.1132 0.1057 0.2068 0.1926 0.1879 0.1937 
        H511  5 0.1357 0.1357 0.1155 0.1945 0.2088 0.2097 
        H530  5 0.1746 0.2005 0.1673 0.2113 0.1260 0.1203 
        H531  5 0.1142 0.3150 0.2202 0.0919 0.1358 0.1229 
        H564  5 0.1082 0.2107 0.2153 0.1569 0.1636 0.1453 
        H565  5 0.0996 0.2033 0.3301 0.1144 0.1272 0.1254 
        H567  5 0.3353 0.1151 0.0761 0.1336 0.1710 0.1690 
     H568???  5 0.1425 0.1480 0.0989 0.1585 0.2234 0.2287 
        H608  5 0.0985 0.1742 0.2239 0.2321 0.1375 0.1338 
        H609  5 0.1721 0.1082 0.1570 0.2805 0.1493 0.1329 
        H612  5 0.1076 0.2382 0.2590 0.1986 0.0987 0.0979 
        H614  5 0.1114 0.2571 0.2497 0.1193 0.1263 0.1362 
        H615  5 0.1042 0.2543 0.2249 0.1061 0.1545 0.1560 
        H616  5 0.1090 0.1348 0.4052 0.1745 0.0874 0.0891 
        H617  5 0.1912 0.1865 0.0760 0.1654 0.1857 0.1952 
        H618  5 0.1335 0.1167 0.3747 0.1320 0.1247 0.1185 
        H619  5 0.1169 0.1214 0.1234 0.3941 0.1270 0.1172 
        H635  5 0.1428 0.1197 0.1760 0.1834 0.1960 0.1821 
        H636  5 0.1327 0.1420 0.0959 0.3687 0.1285 0.1322 
        H637  5 0.1337 0.1766 0.2142 0.1900 0.1388 0.1467 
        H644  5 0.2069 0.0952 0.0701 0.0943 0.2577 0.2758 
        H711  5 0.1112 0.1875 0.1171 0.1188 0.2480 0.2174 
        H712  5 0.1452 0.1503 0.2545 0.2324 0.1038 0.1139 
       H7360  5 0.1043 0.1977 0.1773 0.1514 0.1967 0.1726 
       H7361  5 0.1178 0.1428 0.2774 0.1640 0.1404 0.1577 
       H7362  5 0.2030 0.1114 0.0735 0.1114 0.2502 0.2504 
       H7363  5 0.1640 0.1516 0.1913 0.1465 0.1797 0.1670 
       H7394  5 0.1782 0.1401 0.0898 0.1735 0.2244 0.1939 
       H7395  5 0.1031 0.1318 0.1582 0.2549 0.1798 0.1721 
       H7396  5 0.1593 0.2299 0.1076 0.1646 0.1708 0.1679 
        H742  5 0.1208 0.1879 0.1279 0.3244 0.1178 0.1212 
        H743  5 0.1877 0.1487 0.2104 0.1903 0.1305 0.1324 
        H744  5 0.1874 0.1711 0.2961 0.1408 0.1008 0.1037 
        H957  5 0.1031 0.1754 0.1443 0.1364 0.2375 0.2034 
        H958  5 0.2030 0.2094 0.1072 0.1285 0.1726 0.1792 
        H959  5 0.0994 0.1470 0.3154 0.2030 0.1208 0.1144 
        H960  5 0.2231 0.1326 0.1582 0.1885 0.1479 0.1497 
      H_PALI  6 0.1261 0.1823 0.1283 0.1644 0.2053 0.1936 
        H581  6 0.1558 0.2256 0.1898 0.1181 0.1489 0.1619 
        H582  6 0.0882 0.1572 0.3799 0.1044 0.1335 0.1368 
        H583  6 0.1463 0.2428 0.1583 0.1468 0.1510 0.1549 
        H595  6 0.2715 0.1416 0.0741 0.1080 0.1996 0.2054 
        H596  6 0.2624 0.1349 0.0759 0.1331 0.1921 0.2016 
        H597  6 0.1762 0.1172 0.0870 0.1656 0.2189 0.2351 
        H598  6 0.1710 0.1472 0.1634 0.2072 0.1537 0.1574 
        H599  6 0.1391 0.1245 0.3196 0.1611 0.1345 0.1211 
        H642  6 0.1823 0.1768 0.1053 0.0811 0.2242 0.2304 
        H643  6 0.2407 0.1551 0.1355 0.1896 0.1340 0.1450 
        H664  6 0.1140 0.3286 0.1941 0.0723 0.1388 0.1521 
        H665  6 0.1430 0.1434 0.1232 0.3120 0.1453 0.1331 
        H674  6 0.2088 0.0995 0.0849 0.1024 0.2506 0.2538 
        H675  6 0.1631 0.1558 0.2138 0.1261 0.1804 0.1608 
        H676  6 0.1954 0.1026 0.1383 0.1195 0.2101 0.2342 
        H686  6 0.1162 0.1633 0.1298 0.2094 0.1950 0.1862 
        H687  6 0.1435 0.2319 0.1187 0.1205 0.1952 0.1902 
        H917  6 0.2478 0.1274 0.0869 0.1798 0.1680 0.1900 
        H918  6 0.1077 0.1422 0.1262 0.3074 0.1591 0.1573 
        H919  6 0.1455 0.1555 0.3073 0.1753 0.1090 0.1073 
        H920  6 0.1216 0.1469 0.2610 0.1275 0.1752 0.1677 
        H631  7 0.0964 0.1766 0.2058 0.1987 0.1554 0.1671 
        H684  7 0.1038 0.1015 0.1145 0.1561 0.2733 0.2508 
        H685  7 0.2224 0.2518 0.2044 0.0832 0.1101 0.1281 
        H713  7 0.0977 0.3190 0.2288 0.1295 0.1096 0.1154 
        H715  7 0.1160 0.1157 0.1177 0.1545 0.2632 0.2330 
        H716  7 0.1021 0.1026 0.2561 0.2438 0.1513 0.1442 
        H717  7 0.1578 0.1202 0.2467 0.1441 0.1672 0.1640 
        H729  7 0.3335 0.1098 0.0846 0.1748 0.1587 0.1386 
        H730  7 0.2995 0.1125 0.1669 0.2060 0.1063 0.1088 
        H431  8 0.2016 0.1891 0.1905 0.1443 0.1372 0.1374 
        H432  8 0.1780 0.0957 0.1045 0.1441 0.2018 0.2760 
        H433  8 0.2044 0.1315 0.1330 0.1725 0.1862 0.1724 
        H434  8 0.2124 0.1701 0.1030 0.1752 0.1722 0.1672 
        H444  8 0.1506 0.1015 0.2032 0.2050 0.1795 0.1601 
        H454  8 0.1085 0.1024 0.4297 0.1361 0.1143 0.1089 
        H475  8 0.0956 0.1679 0.3651 0.1193 0.1258 0.1262 
        H491  8 0.0906 0.1429 0.2601 0.1946 0.1545 0.1572 
        H492  8 0.1400 0.2541 0.2029 0.1229 0.1419 0.1383 
        H493  8 0.1620 0.1727 0.1240 0.1628 0.1992 0.1793 
        H494  8 0.1939 0.1227 0.2185 0.1498 0.1506 0.1645 
        H495  8 0.0847 0.2483 0.2568 0.1120 0.1564 0.1416 
        H662  8 0.1550 0.2380 0.1158 0.1237 0.1784 0.1891 
        H663  8 0.1870 0.1692 0.1553 0.1667 0.1414 0.1804 
        H695  8 0.1980 0.1713 0.1599 0.1768 0.1480 0.1459 
       H7367  8 0.3837 0.1061 0.0803 0.1265 0.1570 0.1466 
       H7368  8 0.1642 0.1122 0.1223 0.1912 0.1915 0.2186 
       H7369  8 0.1627 0.1014 0.2012 0.2396 0.1425 0.1525 
       H7370  8 0.3422 0.1829 0.0563 0.0929 0.1620 0.1637 
       H7371  8 0.2177 0.1581 0.1232 0.1808 0.1636 0.1566 
        H600  9 0.1145 0.2044 0.1998 0.1960 0.1412 0.1442 
        H648  9 0.1619 0.1059 0.1945 0.1180 0.1986 0.2210 
        H696  9 0.2346 0.1610 0.0701 0.0904 0.2085 0.2353 
        H697  9 0.2498 0.1133 0.1630 0.1833 0.1413 0.1493 
        H698  9 0.3059 0.1249 0.1137 0.1363 0.1487 0.1705 
        H699  9 0.2298 0.1283 0.1884 0.1354 0.1561 0.1620 
        H700  9 0.0830 0.2506 0.1367 0.2757 0.1338 0.1202 
        H732  9 0.1124 0.1770 0.3362 0.0932 0.1476 0.1336 
        H733  9 0.3097 0.1186 0.0988 0.1390 0.1578 0.1760 
        H734  9 0.1545 0.2625 0.0699 0.1021 0.2002 0.2108 
        H735  9 0.2973 0.1467 0.1203 0.1091 0.1508 0.1758 
        H736  9 0.1178 0.3116 0.1195 0.1442 0.1624 0.1444 
        H737  9 0.2296 0.1338 0.1700 0.1980 0.1418 0.1268 
        H905  9 0.1177 0.1216 0.2467 0.2385 0.1420 0.1334 
        H921  9 0.1612 0.1576 0.2068 0.1909 0.1458 0.1376 
        H922  9 0.2660 0.1166 0.0929 0.1458 0.1927 0.1860 
     H169705 10 0.3599 0.1539 0.0895 0.1214 0.1395 0.1357 
     H171942 10 0.1902 0.0877 0.1161 0.1376 0.1982 0.2701 
     H171943 10 0.1352 0.2479 0.0989 0.1372 0.1744 0.2064 
     H171944 10 0.1751 0.2644 0.0977 0.1444 0.1563 0.1622 
     H171946 10 0.1100 0.3497 0.1566 0.1055 0.1459 0.1322 
     H171947 10 0.2057 0.1443 0.1352 0.1604 0.1868 0.1676 
     H229641 10 0.1659 0.1643 0.1833 0.1054 0.1935 0.1875 
      H30001 10 0.1614 0.1669 0.1703 0.1640 0.1667 0.1706 
      H30002 10 0.1504 0.1949 0.1199 0.2283 0.1666 0.1399 
      H30005 10 0.3036 0.1282 0.1106 0.1413 0.1499 0.1664 
      H30006 10 0.3686 0.1154 0.1180 0.1045 0.1513 0.1422 
      H30007 10 0.1336 0.1792 0.0698 0.1353 0.2362 0.2459 
        H451 10 0.1575 0.1010 0.1210 0.1875 0.2073 0.2258 
        H452 10 0.3761 0.1083 0.1290 0.1186 0.1293 0.1387 
        H453 10 0.0942 0.1491 0.3198 0.1279 0.1635 0.1455 
        H473 10 0.1134 0.1563 0.2334 0.1808 0.1544 0.1616 
        H474 10 0.0971 0.2673 0.2957 0.0860 0.1225 0.1314 
        H486 10 0.1877 0.1233 0.2943 0.1131 0.1424 0.1391 
        H487 10 0.2129 0.1416 0.2185 0.1476 0.1449 0.1346 
        H488 10 0.1387 0.1034 0.2186 0.2590 0.1383 0.1420 
        H489 10 0.1707 0.2303 0.2371 0.1157 0.1243 0.1220 
        H550 10 0.1034 0.2924 0.0722 0.1056 0.2303 0.1961 
        H551 10 0.3103 0.1403 0.1523 0.1522 0.1213 0.1237 
        H553 10 0.2526 0.1688 0.2212 0.1093 0.1251 0.1229 
        H554 10 0.1334 0.1522 0.1312 0.1620 0.2212 0.2001 
        H556 10 0.1955 0.2484 0.1272 0.1193 0.1527 0.1570 
        H580 10 0.2208 0.1336 0.1057 0.1839 0.1803 0.1757 
        H591 10 0.1180 0.1904 0.3701 0.1209 0.1024 0.0982 
        H592 10 0.1684 0.2683 0.1594 0.1155 0.1398 0.1485 
        H593 10 0.1237 0.1859 0.1390 0.1711 0.2044 0.1761 
        H594 10 0.2422 0.1105 0.0725 0.1337 0.2183 0.2228 
        H627 10 0.1294 0.1913 0.1733 0.1016 0.2092 0.1952 
        H628 10 0.1905 0.0824 0.0790 0.3289 0.1516 0.1676 
        H629 10 0.1589 0.2092 0.1742 0.0987 0.1706 0.1884 
        H630 10 0.1950 0.3078 0.0981 0.1028 0.1446 0.1517 
        H638 10 0.2544 0.1782 0.1103 0.1115 0.1722 0.1734 
        H639 10 0.1358 0.1421 0.3480 0.0903 0.1448 0.1390 
        H640 10 0.1834 0.2244 0.0926 0.1201 0.1758 0.2037 
        H704 10 0.1875 0.1324 0.1021 0.1545 0.1939 0.2297 
        H705 10 0.3658 0.1532 0.0917 0.1199 0.1326 0.1368 
        H706 10 0.1887 0.1173 0.2453 0.2193 0.1163 0.1131 
        H708 10 0.1152 0.3564 0.1782 0.1278 0.1129 0.1095 
       H7351 10 0.1173 0.1816 0.1309 0.1804 0.2132 0.1766 
       H7352 10 0.1673 0.1666 0.1656 0.1569 0.1739 0.1698 
       H7353 10 0.1508 0.0968 0.1137 0.1152 0.2630 0.2605 
       H7354 10 0.0860 0.1455 0.1768 0.3034 0.1495 0.1388 
       H7365 10 0.1190 0.2731 0.2538 0.1364 0.1052 0.1125 
       H7383 10 0.1299 0.1644 0.1909 0.2357 0.1405 0.1386 
       H7384 10 0.1949 0.1461 0.1698 0.2138 0.1384 0.1369 
       H7385 10 0.1498 0.1627 0.2027 0.2264 0.1291 0.1292 
       H7386 10 0.1810 0.1279 0.1481 0.2121 0.1709 0.1600 
       H7387 10 0.1408 0.2005 0.0961 0.2179 0.1734 0.1713 
       H7388 10 0.3341 0.1031 0.1376 0.1724 0.1249 0.1279 
        H906 10 0.0867 0.1201 0.3143 0.1396 0.1673 0.1719 
        H907 10 0.1963 0.1513 0.0956 0.1009 0.2210 0.2348 
        H908 10 0.1733 0.1495 0.1512 0.1856 0.1727 0.1677 
        H909 10 0.0952 0.1277 0.1692 0.3350 0.1440 0.1288 
       H9552 10 0.1783 0.1551 0.1399 0.1644 0.1783 0.1840 
       H9553 10 0.3113 0.1513 0.1649 0.1291 0.1223 0.1211 
       H9555 10 0.2148 0.2052 0.0914 0.1736 0.1501 0.1649 
       H9575 10 0.1002 0.2549 0.2030 0.1244 0.1646 0.1529 
       H9703 10 0.1930 0.1707 0.3043 0.1215 0.1050 0.1054 
       H9707 10 0.1580 0.1684 0.2838 0.1094 0.1445 0.1358 
       HSAA4 10 0.2056 0.1318 0.1042 0.1881 0.1866 0.1836 
        H001 11 0.1293 0.1223 0.1749 0.2746 0.1366 0.1623 
        H004 11 0.1367 0.1823 0.1296 0.1817 0.1807 0.1889 
        H005 11 0.0853 0.1095 0.3684 0.2064 0.1210 0.1094 
        H006 11 0.1398 0.2077 0.1188 0.2208 0.1542 0.1587 
        H007 11 0.1258 0.1286 0.3153 0.2231 0.1043 0.1029 
        H031 11 0.1429 0.2548 0.2743 0.1202 0.1016 0.1062 
        H074 11 0.1311 0.2039 0.2804 0.0939 0.1479 0.1429 
        H075 11 0.1032 0.2498 0.2054 0.2194 0.1098 0.1124 
        H080 11 0.1706 0.1096 0.2932 0.1582 0.1305 0.1381 
        H086 11 0.2756 0.1236 0.1296 0.1655 0.1606 0.1450 
        H092 11 0.1936 0.1595 0.2040 0.1547 0.1401 0.1480 
        H093 11 0.1619 0.1147 0.1023 0.1566 0.2244 0.2401 
        H094 11 0.1716 0.2417 0.0863 0.1073 0.2011 0.1920 
        H095 11 0.1195 0.1832 0.2128 0.2008 0.1387 0.1450 
        H096 11 0.1030 0.1418 0.2046 0.2804 0.1324 0.1379 
        H099 11 0.1547 0.1814 0.1938 0.1534 0.1595 0.1573 
        H100 11 0.1680 0.1244 0.0769 0.2604 0.1635 0.2068 
        H127 11 0.2157 0.1377 0.2034 0.1489 0.1509 0.1433 
        H136 11 0.1171 0.2217 0.2618 0.1253 0.1394 0.1348 
        H153 11 0.1377 0.1321 0.1743 0.1281 0.2146 0.2131 
        H154 11 0.1233 0.2731 0.2315 0.1038 0.1284 0.1398 
        H155 11 0.2746 0.0868 0.0995 0.2366 0.1492 0.1532 
