        H102  1 0.4063 0.2387 0.1892 0.1658 
        H103  1 0.2289 0.1501 0.3149 0.3061 
        H104  1 0.2571 0.3234 0.1828 0.2367 
        H105  1 0.3380 0.2235 0.2057 0.2328 
        H106  1 0.2236 0.2572 0.2405 0.2787 
        H112  1 0.2576 0.3109 0.2026 0.2289 
        H113  1 0.2794 0.2255 0.2009 0.2942 
        H114  1 0.3292 0.1703 0.2030 0.2975 
        H115  1 0.3729 0.2586 0.1684 0.2001 
        H143  1 0.3773 0.1999 0.2278 0.1950 
        H144  1 0.3090 0.1544 0.3414 0.1953 
        H145  1 0.2876 0.1563 0.2974 0.2588 
        H149  1 0.2533 0.3406 0.2000 0.2061 
        H150  1 0.2611 0.2464 0.2752 0.2173 
     H167542  1 0.3734 0.1979 0.1899 0.2387 
     H169604  1 0.3463 0.2061 0.2160 0.2316 
     H169607  1 0.3213 0.1732 0.2819 0.2237 
     H169608  1 0.2653 0.3503 0.2113 0.1731 
     H169633  1 0.2804 0.1643 0.2362 0.3191 
     H169688  1 0.1958 0.1999 0.3564 0.2479 
     H169714  1 0.2409 0.3068 0.2143 0.2380 
     H171802  1 0.1601 0.3331 0.2259 0.2808 
     H171805  1 0.2642 0.1888 0.2838 0.2631 
     H171807  1 0.2489 0.3092 0.2411 0.2009 
     H171814  1 0.1970 0.1602 0.3577 0.2851 
     H171816  1 0.2298 0.3090 0.2331 0.2280 
     H171817  1 0.2613 0.2843 0.2021 0.2523 
     H171818  1 0.2568 0.2244 0.2259 0.2928 
     H171819  1 0.2556 0.2581 0.2139 0.2724 
     H171834  1 0.3415 0.2335 0.2267 0.1983 
     H171835  1 0.1805 0.3963 0.2034 0.2199 
     H171836  1 0.2520 0.1250 0.2555 0.3674 
     H171837  1 0.2764 0.2793 0.2105 0.2338 
     H171838  1 0.2236 0.2025 0.2753 0.2986 
     H171839  1 0.2924 0.2694 0.1976 0.2405 
     H171841  1 0.1587 0.4281 0.2271 0.1861 
     H171860  1 0.3017 0.2434 0.2064 0.2485 
     H171861  1 0.3623 0.1306 0.2258 0.2813 
     H171862  1 0.2981 0.2374 0.2394 0.2252 
     H171868  1 0.4308 0.1947 0.1850 0.1895 
     H171869  1 0.2021 0.1945 0.3601 0.2432 
     H171870  1 0.2109 0.2465 0.2891 0.2534 
     H171871  1 0.2020 0.1882 0.2760 0.3338 
     H171872  1 0.3102 0.2628 0.1995 0.2275 
     H171873  1 0.1895 0.2617 0.3070 0.2418 
     H171874  1 0.3676 0.1931 0.2442 0.1951 
     H171875  1 0.3789 0.1404 0.2401 0.2406 
     H171876  1 0.3494 0.1866 0.2319 0.2320 
     H171877  1 0.3567 0.1939 0.1957 0.2537 
     H171878  1 0.1695 0.2955 0.3205 0.2145 
     H171901  1 0.1621 0.3028 0.2128 0.3222 
     H171902  1 0.2656 0.2454 0.2992 0.1898 
     H171903  1 0.2971 0.2317 0.2118 0.2594 
     H171935  1 0.1632 0.3237 0.2550 0.2581 
     H171936  1 0.2717 0.1710 0.2347 0.3225 
     H171940  1 0.2830 0.3005 0.2328 0.1837 
     H171945  1 0.2164 0.2395 0.3122 0.2319 
     H171948  1 0.2797 0.2973 0.1905 0.2325 
     H171949  1 0.2003 0.3878 0.2072 0.2047 
     H171950  1 0.2128 0.3825 0.1935 0.2112 
     H171963  1 0.1985 0.1794 0.3311 0.2910 
     H171964  1 0.2263 0.2033 0.4027 0.1677 
     H171966  1 0.2318 0.2602 0.2499 0.2580 
     H171968  1 0.3066 0.2592 0.2658 0.1684 
     H171971  1 0.1834 0.2540 0.2678 0.2948 
     H171972  1 0.2530 0.1798 0.3088 0.2585 
     H171977  1 0.2269 0.1719 0.3528 0.2484 
     H171978  1 0.2193 0.3070 0.2584 0.2153 
     H171979  1 0.2519 0.1583 0.2642 0.3256 
        H176  1 0.3041 0.2204 0.2392 0.2363 
        H177  1 0.2365 0.3511 0.1985 0.2139 
        H179  1 0.2757 0.3207 0.1791 0.2246 
        H181  1 0.2269 0.1934 0.2935 0.2862 
        H182  1 0.3341 0.1462 0.2495 0.2701 
        H183  1 0.1766 0.2043 0.3397 0.2793 
        H184  1 0.2648 0.3012 0.2081 0.2259 
        H185  1 0.2451 0.1888 0.2903 0.2759 
        H186  1 0.3032 0.2634 0.2924 0.1410 
        H187  1 0.2049 0.2280 0.2418 0.3254 
        H188  1 0.2661 0.3048 0.2025 0.2266 
        H192  1 0.2184 0.3521 0.2199 0.2096 
        H193  1 0.3094 0.1578 0.2937 0.2391 
        H194  1 0.2940 0.2553 0.2093 0.2414 
        H195  1 0.2099 0.1822 0.3837 0.2242 
        H199  1 0.1971 0.1905 0.3686 0.2438 
        H200  1 0.2321 0.2908 0.2270 0.2501 
        H414  1 0.2471 0.1924 0.2671 0.2935 
        H415  1 0.3156 0.1818 0.2283 0.2743 
        H422  1 0.2724 0.2559 0.2879 0.1838 
        H423  1 0.1759 0.4450 0.1912 0.1879 
        H424  1 0.2297 0.1706 0.3144 0.2854 
        H425  1 0.2072 0.1769 0.3845 0.2315 
        H426  1 0.1870 0.2136 0.3712 0.2283 
        H443  1 0.3364 0.1811 0.3331 0.1495 
        H466  1 0.2472 0.2528 0.2506 0.2494 
        H467  1 0.1976 0.3925 0.2240 0.1859 
        H472  1 0.2108 0.2418 0.2682 0.2793 
        H483  1 0.3455 0.1859 0.2535 0.2150 
        H504  1 0.1979 0.1744 0.3679 0.2598 
        H505  1 0.2130 0.2836 0.2336 0.2698 
        H506  1 0.2772 0.2410 0.2756 0.2063 
        H507  1 0.2533 0.1297 0.2674 0.3495 
        H508  1 0.1827 0.2739 0.2751 0.2683 
        H524  1 0.2329 0.1633 0.2475 0.3563 
        H525  1 0.3061 0.2019 0.2838 0.2082 
        H526  1 0.3511 0.1854 0.2406 0.2229 
        H527  1 0.2594 0.3008 0.2163 0.2235 
        H528  1 0.3056 0.1707 0.2728 0.2508 
        H529  1 0.2643 0.1497 0.2982 0.2878 
        H533  1 0.2369 0.1304 0.2230 0.4096 
        H538  1 0.2748 0.2636 0.2173 0.2444 
        H539  1 0.2133 0.2052 0.2869 0.2946 
        H540  1 0.2615 0.2348 0.2256 0.2780 
        H541  1 0.3300 0.2114 0.2107 0.2480 
        H558  1 0.1853 0.2170 0.3234 0.2743 
        H559  1 0.3748 0.2319 0.2259 0.1674 
        H579  1 0.3315 0.1857 0.2867 0.1961 
        H584  1 0.2233 0.1992 0.3357 0.2418 
        H585  1 0.2251 0.2037 0.2653 0.3059 
        H605  1 0.2583 0.2500 0.2460 0.2456 
        H606  1 0.2962 0.3411 0.1917 0.1710 
        H632  1 0.2663 0.1848 0.3532 0.1957 
        H634  1 0.2674 0.2105 0.2651 0.2570 
        H671  1 0.2097 0.3739 0.2048 0.2116 
        H672  1 0.2146 0.2158 0.2511 0.3186 
        H673  1 0.3278 0.2057 0.2806 0.1858 
        H689  1 0.3273 0.1917 0.2677 0.2134 
        H690  1 0.3047 0.2652 0.1888 0.2412 
        H691  1 0.3784 0.2038 0.2122 0.2056 
        H692  1 0.2778 0.1233 0.3093 0.2896 
        H709  1 0.2674 0.2086 0.2517 0.2724 
        H710  1 0.3074 0.1502 0.3057 0.2367 
       H7355  1 0.3781 0.1617 0.2010 0.2591 
       H7356  1 0.2431 0.2380 0.2929 0.2260 
       H7357  1 0.3006 0.2425 0.2062 0.2507 
       H7358  1 0.2803 0.1782 0.2718 0.2697 
       H7380  1 0.3647 0.1970 0.2366 0.2017 
       H7381  1 0.2082 0.3234 0.2676 0.2008 
       H7382  1 0.3398 0.1905 0.2487 0.2210 
        H904  1 0.2593 0.4408 0.1522 0.1476 
        H923  1 0.2169 0.2526 0.2845 0.2460 
        H924  1 0.2523 0.2886 0.2351 0.2240 
        H925  1 0.2943 0.1925 0.2516 0.2616 
       H9558  1 0.1730 0.2037 0.3511 0.2722 
        H008  2 0.2975 0.1607 0.2414 0.3004 
        H021  2 0.2619 0.3027 0.2236 0.2119 
        H023  2 0.2841 0.2860 0.2021 0.2278 
        H024  2 0.1656 0.1601 0.3037 0.3707 
        H025  2 0.1932 0.3411 0.2609 0.2049 
        H026  2 0.1863 0.1726 0.3717 0.2693 
        H027  2 0.2733 0.2023 0.2437 0.2807 
        H028  2 0.2535 0.1980 0.2752 0.2732 
        H029  2 0.2361 0.1817 0.2826 0.2997 
        H030  2 0.1898 0.1677 0.3579 0.2846 
        H038  2 0.2072 0.3113 0.2468 0.2347 
        H039  2 0.1391 0.5474 0.1523 0.1612 
        H040  2 0.1913 0.2891 0.2387 0.2809 
        H041  2 0.3150 0.2214 0.2050 0.2586 
        H042  2 0.2604 0.2639 0.2296 0.2462 
        H043  2 0.1615 0.3712 0.2475 0.2198 
        H044  2 0.1966 0.1905 0.2754 0.3375 
        H047  2 0.1747 0.3284 0.2687 0.2283 
        H050  2 0.1899 0.1794 0.2732 0.3575 
        H058  2 0.1652 0.2890 0.2500 0.2958 
        H062  2 0.2791 0.2934 0.2302 0.1973 
        H063  2 0.2107 0.3487 0.1950 0.2456 
        H065  2 0.2157 0.2503 0.3486 0.1853 
        H066  2 0.1617 0.2159 0.2734 0.3490 
        H067  2 0.3587 0.2003 0.2273 0.2137 
        H068  2 0.1634 0.3664 0.2162 0.2539 
        H069  2 0.1596 0.2187 0.3134 0.3083 
        H071  2 0.2456 0.3132 0.2153 0.2260 
        H072  2 0.1905 0.3993 0.1843 0.2260 
        H073  2 0.2767 0.1954 0.2908 0.2371 
        H081  2 0.3488 0.2408 0.1831 0.2273 
        H082  2 0.1965 0.1587 0.3055 0.3394 
        H083  2 0.2474 0.1807 0.3354 0.2365 
        H084  2 0.1677 0.2559 0.2420 0.3345 
        H085  2 0.3338 0.2097 0.2105 0.2460 
        H087  2 0.4135 0.2221 0.1775 0.1868 
        H088  2 0.2684 0.3112 0.1937 0.2267 
        H089  2 0.3228 0.1786 0.2400 0.2586 
        H090  2 0.2116 0.1880 0.2943 0.3061 
        H091  2 0.2654 0.1574 0.2672 0.3100 
        H098  2 0.2120 0.1968 0.2411 0.3501 
      H10001  2 0.1546 0.5415 0.1579 0.1461 
      H10002  2 0.3488 0.2823 0.1815 0.1875 
        H101  2 0.1451 0.1878 0.2552 0.4119 
        H108  2 0.3272 0.3238 0.1884 0.1606 
        H109  2 0.1558 0.2575 0.2254 0.3613 
        H110  2 0.4483 0.1651 0.1810 0.2055 
        H116  2 0.2586 0.1943 0.2963 0.2508 
        H117  2 0.2704 0.1889 0.2160 0.3246 
        H118  2 0.2610 0.1421 0.3453 0.2516 
        H119  2 0.2902 0.2927 0.2115 0.2057 
        H120  2 0.2458 0.4317 0.1644 0.1580 
        H121  2 0.2462 0.1794 0.2918 0.2826 
        H125  2 0.1628 0.5326 0.1445 0.1601 
        H126  2 0.2236 0.2264 0.3424 0.2076 
        H128  2 0.1639 0.1065 0.4194 0.3102 
        H129  2 0.2333 0.1669 0.3638 0.2360 
        H130  2 0.1706 0.3591 0.2670 0.2033 
        H133  2 0.1704 0.4252 0.2123 0.1920 
        H134  2 0.1820 0.1609 0.4647 0.1924 
        H135  2 0.3225 0.2422 0.2104 0.2249 
        H137  2 0.1997 0.2213 0.2256 0.3534 
        H138  2 0.2546 0.1827 0.3408 0.2219 
        H140  2 0.2641 0.2420 0.2473 0.2465 
        H146  2 0.2193 0.1901 0.3036 0.2870 
        H147  2 0.3153 0.1862 0.2247 0.2738 
        H148  2 0.3406 0.1880 0.1854 0.2861 
     H166022  2 0.2829 0.1657 0.2288 0.3225 
     H167359  2 0.2231 0.2162 0.2432 0.3175 
     H167397  2 0.2234 0.1141 0.2781 0.3843 
     H167428  2 0.3553 0.1265 0.2753 0.2429 
     H167496  2 0.2408 0.3805 0.1725 0.2062 
     H167513  2 0.1548 0.2422 0.2363 0.3668 
     H167545  2 0.2476 0.1623 0.3028 0.2873 
     H167547  2 0.1587 0.1638 0.3387 0.3387 
     H169621  2 0.2463 0.1785 0.2737 0.3015 
     H169622  2 0.2986 0.1748 0.2848 0.2418 
     H169750  2 0.1666 0.3184 0.2806 0.2345 
     H171806  2 0.2046 0.2855 0.2655 0.2444 
     H171808  2 0.2257 0.2101 0.2950 0.2692 
     H171809  2 0.3282 0.2508 0.2047 0.2163 
     H171813  2 0.2251 0.2459 0.3084 0.2207 
     H171815  2 0.1826 0.4076 0.2248 0.1850 
     H171824  2 0.3314 0.3254 0.1613 0.1818 
     H171825  2 0.3051 0.2010 0.2685 0.2254 
     H171826  2 0.2910 0.2863 0.1975 0.2251 
     H171827  2 0.3247 0.2243 0.2268 0.2242 
     H171828  2 0.2160 0.4688 0.1553 0.1599 
     H171829  2 0.1897 0.2528 0.3206 0.2368 
     H171830  2 0.2056 0.2378 0.2177 0.3389 
     H171831  2 0.2240 0.1630 0.3303 0.2828 
     H171832  2 0.2445 0.2216 0.2916 0.2423 
     H171863  2 0.1822 0.1405 0.3743 0.3030 
     H171864  2 0.2192 0.2142 0.2179 0.3487 
     H171865  2 0.1708 0.3809 0.2237 0.2246 
     H171879  2 0.2319 0.2164 0.2536 0.2981 
     H171880  2 0.1899 0.2003 0.2330 0.3768 
     H171881  2 0.3148 0.1965 0.2430 0.2456 
     H171882  2 0.1951 0.4598 0.1755 0.1696 
     H171929  2 0.2549 0.2201 0.2353 0.2897 
     H171930  2 0.1650 0.1534 0.2947 0.3869 
     H171933  2 0.2490 0.2020 0.2515 0.2976 
     H171934  2 0.3127 0.2175 0.2082 0.2615 
     H171937  2 0.1989 0.1927 0.3429 0.2655 
     H171962  2 0.3082 0.1980 0.2450 0.2489 
        H190  2 0.2768 0.1817 0.2620 0.2796 
        H191  2 0.2187 0.2582 0.2634 0.2597 
        H396  2 0.2917 0.2501 0.2522 0.2059 
        H397  2 0.2548 0.1981 0.2434 0.3037 
        H398  2 0.2037 0.2708 0.3131 0.2124 
        H400  2 0.2622 0.2043 0.2431 0.2904 
        H401  2 0.1769 0.1331 0.2919 0.3982 
        H402  2 0.2831 0.1601 0.2218 0.3349 
        H427  2 0.3635 0.2164 0.2155 0.2047 
        H428  2 0.3598 0.1306 0.2644 0.2452 
        H497  2 0.1900 0.2863 0.2490 0.2747 
        H512  2 0.2655 0.2163 0.2221 0.2961 
        H513  2 0.1558 0.2459 0.2408 0.3576 
        H514  2 0.2361 0.2200 0.3107 0.2331 
        H519  2 0.1605 0.2471 0.2297 0.3627 
        H532  2 0.3477 0.1644 0.2352 0.2528 
        H543  2 0.2983 0.1580 0.2242 0.3195 
        H544  2 0.1824 0.2497 0.3518 0.2161 
        H545  2 0.2356 0.1522 0.3278 0.2844 
        H546  2 0.2049 0.3398 0.2427 0.2126 
        H547  2 0.1570 0.1630 0.3418 0.3382 
        H548  2 0.2881 0.1866 0.2198 0.3055 
        H549  2 0.1614 0.1762 0.2922 0.3702 
        H620  2 0.2060 0.4601 0.1633 0.1706 
        H623  2 0.2046 0.1995 0.3238 0.2721 
        H624  2 0.1699 0.3120 0.3152 0.2029 
        H625  2 0.2745 0.1985 0.2476 0.2794 
        H626  2 0.2128 0.2294 0.2357 0.3222 
        H654  2 0.1502 0.4993 0.1812 0.1693 
        H655  2 0.2403 0.2916 0.2224 0.2457 
        H656  2 0.2280 0.4209 0.1931 0.1580 
        H666  2 0.1470 0.4596 0.2115 0.1818 
        H667  2 0.3798 0.1983 0.2265 0.1954 
        H677  2 0.3119 0.2051 0.2406 0.2424 
        H693  2 0.3230 0.3398 0.1712 0.1660 
        H694  2 0.1978 0.1974 0.3024 0.3024 
        H701  2 0.2512 0.1805 0.2314 0.3369 
        H702  2 0.2600 0.2633 0.2008 0.2759 
        H731  2 0.2962 0.3007 0.2108 0.1924 
       H7359  2 0.2263 0.2115 0.2413 0.3210 
       H7389  2 0.2101 0.2128 0.2903 0.2868 
       H7390  2 0.1859 0.3798 0.2040 0.2303 
       H7391  2 0.4153 0.1925 0.1707 0.2215 
       H7392  2 0.2349 0.2571 0.2949 0.2131 
       H7393  2 0.2101 0.2989 0.2193 0.2716 
       H7398  2 0.3162 0.2237 0.2060 0.2541 
       H7399  2 0.3582 0.1616 0.2612 0.2190 
       H7400  2 0.1632 0.4807 0.1863 0.1698 
        H745  2 0.1736 0.1766 0.4178 0.2320 
        H746  2 0.3571 0.1588 0.2743 0.2098 
        H747  2 0.1674 0.3355 0.2098 0.2873 
        H748  2 0.2500 0.2309 0.2213 0.2978 
       H7484  2 0.1707 0.4142 0.2005 0.2145 
       H7485  2 0.2001 0.2042 0.2972 0.2986 
        H749  2 0.2757 0.1624 0.2880 0.2739 
        H930  2 0.1790 0.1621 0.2621 0.3969 
        H931  2 0.2663 0.2341 0.2493 0.2503 
        H932  2 0.2229 0.2616 0.2608 0.2546 
        H111  3 0.2007 0.1809 0.3157 0.3028 
        H951  3 0.2236 0.1791 0.2899 0.3074 
        H952  3 0.2113 0.2351 0.3104 0.2433 
        H953  3 0.2965 0.1726 0.2543 0.2766 
        H954  3 0.1944 0.3609 0.2045 0.2403 
        H955  3 0.1990 0.1689 0.2822 0.3500 
        H956  3 0.2363 0.2495 0.2203 0.2939 
       H9563  3 0.2462 0.2999 0.1950 0.2590 
        H002  4 0.2351 0.3431 0.2594 0.1624 
        H003  4 0.4089 0.1592 0.2589 0.1730 
        H009  4 0.1923 0.1911 0.3568 0.2599 
        H010  4 0.3127 0.2120 0.2282 0.2471 
        H011  4 0.2421 0.4160 0.1770 0.1649 
        H012  4 0.3443 0.1742 0.2108 0.2707 
        H013  4 0.3407 0.2717 0.1991 0.1885 
        H014  4 0.2789 0.2615 0.2382 0.2214 
        H045  4 0.2659 0.2873 0.1985 0.2482 
        H046  4 0.3456 0.1700 0.2859 0.1984 
        H051  4 0.2793 0.3193 0.1911 0.2102 
        H052  4 0.1806 0.3157 0.2830 0.2207 
        H053  4 0.2428 0.3019 0.2170 0.2383 
        H056  4 0.1855 0.3642 0.2396 0.2107 
        H076  4 0.3023 0.1690 0.3046 0.2241 
        H151  4 0.1880 0.4308 0.2148 0.1664 
        H152  4 0.2164 0.3459 0.2681 0.1697 
     H171803  4 0.2494 0.3122 0.2059 0.2325 
     H171804  4 0.2242 0.2900 0.2023 0.2836 
     H171833  4 0.2287 0.1829 0.3567 0.2317 
     H171855  4 0.1614 0.4334 0.2215 0.1837 
     H171856  4 0.1873 0.2360 0.2472 0.3294 
     H171857  4 0.1761 0.3684 0.2379 0.2177 
     H171858  4 0.2777 0.2334 0.2822 0.2067 
     H171859  4 0.2664 0.2668 0.2508 0.2160 
     H171961  4 0.2613 0.3148 0.2195 0.2045 
        H198  4 0.3541 0.1500 0.2722 0.2237 
      H20001  4 0.1865 0.1909 0.3735 0.2491 
        H403  4 0.1868 0.2761 0.2823 0.2548 
        H404  4 0.3781 0.1600 0.2459 0.2160 
        H405  4 0.3052 0.1679 0.2627 0.2642 
        H406  4 0.1211 0.2305 0.3355 0.3129 
        H407  4 0.2090 0.2587 0.2389 0.2934 
        H410  4 0.2321 0.1612 0.2699 0.3368 
        H411  4 0.2029 0.2051 0.3347 0.2573 
        H468  4 0.1491 0.2404 0.3059 0.3046 
        H476  4 0.1713 0.2678 0.2326 0.3283 
        H477  4 0.1861 0.1679 0.3771 0.2690 
        H478  4 0.3578 0.1736 0.2282 0.2404 
        H479  4 0.2793 0.2794 0.2290 0.2123 
        H480  4 0.2116 0.1709 0.2968 0.3206 
        H498  4 0.3152 0.2268 0.2642 0.1938 
        H499  4 0.2855 0.2378 0.2484 0.2283 
        H500  4 0.2452 0.3414 0.1838 0.2296 
        H515  4 0.2454 0.3053 0.2112 0.2381 
        H516  4 0.2064 0.2614 0.2727 0.2595 
        H517  4 0.2451 0.2224 0.2487 0.2838 
        H518  4 0.1637 0.3071 0.2877 0.2415 
        H520  4 0.2050 0.3190 0.2389 0.2370 
        H521  4 0.2704 0.2209 0.2458 0.2629 
        H522  4 0.2134 0.2623 0.2496 0.2747 
        H523  4 0.2210 0.2745 0.2304 0.2742 
        H536  4 0.3126 0.2082 0.2698 0.2094 
        H645  4 0.3737 0.2489 0.1839 0.1935 
        H646  4 0.1771 0.1618 0.3081 0.3530 
        H647  4 0.1877 0.2174 0.2969 0.2979 
        H657  4 0.2693 0.1655 0.2659 0.2993 
        H658  4 0.2114 0.2559 0.2108 0.3219 
        H659  4 0.1857 0.4515 0.1807 0.1821 
        H660  4 0.2108 0.2861 0.2498 0.2534 
        H661  4 0.2031 0.3433 0.2507 0.2029 
        H668  4 0.4167 0.1712 0.1976 0.2145 
        H669  4 0.2907 0.2476 0.2147 0.2470 
        H670  4 0.4456 0.2408 0.1571 0.1565 
        H678  4 0.2088 0.2298 0.2415 0.3199 
        H679  4 0.2206 0.1662 0.2371 0.3761 
        H680  4 0.2101 0.2553 0.2920 0.2426 
        H681  4 0.3313 0.2646 0.2029 0.2012 
        H682  4 0.2745 0.1929 0.2022 0.3303 
        H683  4 0.1364 0.3307 0.2998 0.2331 
        H718  4 0.1969 0.3823 0.2173 0.2035 
        H719  4 0.2723 0.2808 0.2051 0.2418 
        H720  4 0.2130 0.2702 0.2993 0.2175 
        H721  4 0.1918 0.2793 0.3110 0.2179 
        H722  4 0.1603 0.3229 0.3281 0.1887 
        H723  4 0.2486 0.3362 0.1859 0.2293 
        H724  4 0.1525 0.4394 0.1847 0.2234 
        H725  4 0.1791 0.4134 0.2265 0.1809 
        H726  4 0.2334 0.3492 0.2051 0.2123 
        H727  4 0.2885 0.3285 0.1797 0.2032 
        H910  4 0.2564 0.2981 0.1930 0.2525 
        H911  4 0.2044 0.2013 0.2850 0.3092 
        H912  4 0.2027 0.2780 0.2633 0.2560 
        H913  4 0.2027 0.2991 0.2254 0.2729 
        H914  4 0.2945 0.3090 0.1748 0.2217 
        H915  4 0.2064 0.2500 0.2317 0.3119 
        H916  4 0.1696 0.2264 0.2892 0.3149 
       H9572  4 0.2195 0.2858 0.2341 0.2605 
        H015  5 0.2038 0.2044 0.2943 0.2974 
        H016  5 0.2217 0.1762 0.3796 0.2225 
        H017  5 0.2119 0.2413 0.2964 0.2504 
        H019  5 0.2481 0.2370 0.2672 0.2476 
        H020  5 0.2363 0.2616 0.2801 0.2219 
        H032  5 0.2328 0.2734 0.2356 0.2582 
        H033  5 0.3336 0.1945 0.2068 0.2651 
        H034  5 0.3099 0.3326 0.1716 0.1859 
        H035  5 0.2182 0.2349 0.2547 0.2922 
        H036  5 0.1987 0.2052 0.2773 0.3189 
        H037  5 0.2502 0.2960 0.2150 0.2389 
        H048  5 0.2307 0.3581 0.1887 0.2225 
        H049  5 0.1927 0.2522 0.3238 0.2312 
        H054  5 0.2530 0.2629 0.2574 0.2267 
        H055  5 0.3112 0.3146 0.2222 0.1519 
        H057  5 0.2150 0.2468 0.3402 0.1980 
        H060  5 0.2914 0.2878 0.2545 0.1663 
        H061  5 0.3168 0.2028 0.2344 0.2459 
        H064  5 0.2441 0.3058 0.2560 0.1941 
        H070  5 0.3075 0.2824 0.1903 0.2198 
        H077  5 0.1964 0.3867 0.1995 0.2175 
        H078  5 0.1644 0.3334 0.2641 0.2381 
        H079  5 0.2838 0.1543 0.2503 0.3115 
        H097  5 0.1569 0.2908 0.3285 0.2238 
        H107  5 0.2599 0.4380 0.1501 0.1521 
        H122  5 0.2180 0.2120 0.2899 0.2801 
        H123  5 0.2111 0.1780 0.3003 0.3106 
        H124  5 0.2591 0.1829 0.2623 0.2957 
        H131  5 0.2761 0.1922 0.2444 0.2872 
        H132  5 0.2532 0.2807 0.2295 0.2366 
        H141  5 0.2631 0.2634 0.2213 0.2521 
        H142  5 0.3346 0.1620 0.2464 0.2570 
        H157  5 0.2408 0.3595 0.1958 0.2039 
        H158  5 0.1793 0.1890 0.3691 0.2626 
        H159  5 0.2521 0.1780 0.2827 0.2871 
        H160  5 0.2221 0.2309 0.2648 0.2822 
        H163  5 0.2529 0.2130 0.2447 0.2894 
        H164  5 0.3081 0.2145 0.2555 0.2218 
        H165  5 0.3792 0.1522 0.2235 0.2452 
        H166  5 0.2316 0.2110 0.2981 0.2594 
        H169  5 0.3481 0.2236 0.2313 0.1970 
     H169613  5 0.2822 0.2579 0.2368 0.2231 
     H169653  5 0.3085 0.2113 0.2610 0.2192 
     H169728  5 0.2168 0.2035 0.2702 0.3095 
     H169742  5 0.3437 0.2324 0.2113 0.2126 
        H170  5 0.2006 0.2355 0.3611 0.2028 
        H171  5 0.1896 0.2260 0.3549 0.2295 
     H171851  5 0.2495 0.2464 0.2852 0.2188 
     H171852  5 0.1995 0.3175 0.2682 0.2148 
     H171853  5 0.2483 0.3044 0.2021 0.2452 
     H171854  5 0.2322 0.2565 0.2331 0.2782 
     H171938  5 0.3893 0.2148 0.1807 0.2151 
     H171939  5 0.2088 0.1941 0.3601 0.2370 
     H171941  5 0.2586 0.3862 0.1912 0.1640 
     H171965  5 0.3527 0.1852 0.2743 0.1879 
     H171970  5 0.2009 0.4542 0.1711 0.1738 
     H171973  5 0.3301 0.1747 0.2096 0.2855 
     H171974  5 0.3196 0.2503 0.2021 0.2280 
     H171975  5 0.2562 0.3112 0.2206 0.2120 
     H171976  5 0.1768 0.2456 0.3315 0.2461 
        H175  5 0.2386 0.3229 0.2034 0.2351 
        H178  5 0.2792 0.2802 0.2365 0.2040 
        H189  5 0.2913 0.1584 0.2839 0.2663 
        H399  5 0.1591 0.2327 0.3700 0.2381 
        H416  5 0.2731 0.2533 0.2318 0.2417 
        H438  5 0.2799 0.2412 0.1990 0.2799 
        H450  5 0.2759 0.3502 0.2124 0.1615 
        H455  5 0.2357 0.4177 0.1799 0.1667 
        H456  5 0.3170 0.2371 0.2177 0.2282 
        H457  5 0.2016 0.3486 0.2533 0.1966 
        H458  5 0.2880 0.3070 0.2108 0.1942 
        H459  5 0.2619 0.1709 0.2658 0.3014 
        H460  5 0.2439 0.2439 0.2340 0.2783 
        H461  5 0.1894 0.2387 0.3306 0.2413 
        H462  5 0.2444 0.1899 0.2263 0.3394 
        H469  5 0.2530 0.1880 0.2452 0.3138 
        H470  5 0.2477 0.2760 0.2252 0.2512 
        H471  5 0.1799 0.1583 0.3242 0.3376 
        H481  5 0.1797 0.4256 0.1890 0.2057 
        H482  5 0.2358 0.3127 0.2273 0.2242 
        H501  5 0.2662 0.2535 0.2190 0.2613 
        H502  5 0.2623 0.1711 0.3113 0.2553 
        H503  5 0.2478 0.1918 0.2928 0.2675 
        H509  5 0.1921 0.3571 0.1992 0.2516 
        H510  5 0.3206 0.2371 0.2486 0.1936 
        H511  5 0.3062 0.2043 0.2656 0.2239 
        H530  5 0.2979 0.2680 0.1924 0.2417 
        H531  5 0.1594 0.3330 0.2415 0.2661 
        H564  5 0.2616 0.2875 0.2365 0.2145 
        H565  5 0.1832 0.3918 0.2239 0.2012 
        H567  5 0.2094 0.1578 0.2832 0.3496 
     H568???  5 0.2328 0.1859 0.3194 0.2620 
        H608  5 0.2681 0.3480 0.2064 0.1775 
        H609  5 0.3422 0.2319 0.2088 0.2170 
        H612  5 0.2697 0.3783 0.1617 0.1904 
        H614  5 0.1785 0.3766 0.2454 0.1995 
        H615  5 0.1722 0.3241 0.2574 0.2463 
        H616  5 0.2342 0.4498 0.1565 0.1595 
        H617  5 0.2916 0.1581 0.2370 0.3132 
        H618  5 0.2102 0.3886 0.1856 0.2156 
        H619  5 0.4196 0.1824 0.2257 0.1724 
        H635  5 0.3059 0.2575 0.2138 0.2229 
        H636  5 0.4400 0.1725 0.1795 0.2080 
        H637  5 0.2545 0.2583 0.2567 0.2306 
        H644  5 0.1867 0.1280 0.4128 0.2726 
        H711  5 0.2109 0.2178 0.3606 0.2108 
        H712  5 0.2961 0.2996 0.2005 0.2039 
       H7360  5 0.2386 0.2640 0.2796 0.2179 
       H7361  5 0.2388 0.3431 0.2182 0.1999 
       H7362  5 0.2003 0.1429 0.3958 0.2610 
       H7363  5 0.2042 0.3019 0.2431 0.2508 
       H7394  5 0.3011 0.1818 0.2337 0.2834 
       H7395  5 0.3393 0.2461 0.2197 0.1948 
       H7396  5 0.2530 0.2229 0.2344 0.2896 
        H742  5 0.3470 0.2320 0.2144 0.2065 
        H743  5 0.2094 0.2568 0.2935 0.2402 
        H744  5 0.1896 0.3951 0.1933 0.2220 
        H957  5 0.2344 0.2427 0.2903 0.2326 
        H958  5 0.2190 0.1943 0.2395 0.3473 
        H959  5 0.2798 0.3569 0.1775 0.1858 
        H960  5 0.2652 0.2390 0.2288 0.2670 
      H_PALI  6 0.2618 0.2226 0.2523 0.2633 
        H581  6 0.1765 0.2963 0.2577 0.2695 
        H582  6 0.1801 0.4157 0.2218 0.1824 
        H583  6 0.2287 0.2724 0.2427 0.2562 
        H595  6 0.1899 0.1523 0.2637 0.3942 
        H596  6 0.2303 0.1548 0.2581 0.3568 
        H597  6 0.2489 0.1713 0.3276 0.2522 
        H598  6 0.3072 0.2456 0.1985 0.2488 
        H599  6 0.2269 0.3426 0.2152 0.2153 
        H642  6 0.1652 0.2046 0.3147 0.3155 
        H643  6 0.2681 0.2406 0.2179 0.2734 
        H664  6 0.1352 0.3635 0.2521 0.2492 
        H665  6 0.4010 0.2023 0.1799 0.2168 
        H674  6 0.1735 0.1590 0.3948 0.2727 
        H675  6 0.1864 0.3128 0.2623 0.2385 
        H676  6 0.2223 0.2089 0.2754 0.2934 
        H686  6 0.2740 0.2259 0.2531 0.2470 
        H687  6 0.2152 0.2418 0.2519 0.2911 
        H917  6 0.2981 0.1521 0.2137 0.3361 
        H918  6 0.3682 0.1879 0.2283 0.2156 
        H919  6 0.2394 0.3714 0.1794 0.2098 
        H920  6 0.2326 0.3131 0.2239 0.2304 
        H631  7 0.2780 0.3077 0.2126 0.2017 
        H684  7 0.2847 0.1826 0.3397 0.1929 
        H685  7 0.1311 0.3731 0.2025 0.2933 
        H713  7 0.2386 0.3598 0.1946 0.2070 
        H715  7 0.2659 0.2070 0.3189 0.2083 
        H716  7 0.3257 0.2816 0.2326 0.1602 
        H717  7 0.2234 0.2779 0.2519 0.2468 
        H729  7 0.3025 0.1471 0.2275 0.3230 
        H730  7 0.2792 0.2599 0.2029 0.2580 
        H431  8 0.2370 0.3261 0.2054 0.2315 
        H432  8 0.2196 0.1667 0.3611 0.2527 
        H433  8 0.2824 0.2022 0.2218 0.2937 
        H434  8 0.2390 0.1957 0.2690 0.2964 
        H444  8 0.3349 0.2166 0.2199 0.2286 
        H454  8 0.2247 0.3939 0.1826 0.1987 
        H475  8 0.2104 0.4060 0.1919 0.1917 
        H491  8 0.2689 0.3088 0.2433 0.1790 
        H492  8 0.1994 0.3177 0.2085 0.2745 
        H493  8 0.2384 0.2446 0.2769 0.2401 
        H494  8 0.2029 0.2739 0.2322 0.2910 
        H495  8 0.1604 0.3739 0.2825 0.1833 
        H662  8 0.1865 0.2153 0.3300 0.2682 
        H663  8 0.2553 0.2282 0.2411 0.2753 
        H695  8 0.2657 0.2551 0.2102 0.2690 
       H7367  8 0.2204 0.1624 0.2451 0.3721 
       H7368  8 0.3010 0.1991 0.2723 0.2277 
       H7369  8 0.3384 0.2483 0.2083 0.2051 
       H7370  8 0.1686 0.1346 0.2229 0.4739 
       H7371  8 0.2619 0.2129 0.2071 0.3181 
        H600  9 0.2684 0.3078 0.2168 0.2070 
        H648  9 0.2157 0.2781 0.2721 0.2341 
        H696  9 0.1606 0.1401 0.3856 0.3137 
        H697  9 0.2527 0.2352 0.2573 0.2547 
        H698  9 0.2232 0.2082 0.2768 0.2919 
        H699  9 0.2297 0.2509 0.2489 0.2705 
        H700  9 0.3271 0.2791 0.2006 0.1932 
        H732  9 0.1643 0.3901 0.2396 0.2060 
        H733  9 0.2429 0.1719 0.2406 0.3446 
        H734  9 0.2060 0.1545 0.2852 0.3543 
        H735  9 0.1825 0.2146 0.2720 0.3309 
        H736  9 0.2442 0.2470 0.2512 0.2576 
        H737  9 0.2566 0.2934 0.2449 0.2051 
        H905  9 0.3114 0.3051 0.1918 0.1917 
        H921  9 0.2967 0.2794 0.1966 0.2273 
        H922  9 0.2361 0.1566 0.2397 0.3676 
     H169705 10 0.1938 0.2078 0.2314 0.3670 
     H171942 10 0.2299 0.1675 0.3526 0.2499 
     H171943 10 0.2227 0.2087 0.2765 0.2921 
     H171944 10 0.2427 0.2240 0.2216 0.3117 
     H171946 10 0.1645 0.3243 0.2726 0.2386 
     H171947 10 0.2440 0.2092 0.2591 0.2878 
     H229641 10 0.2074 0.2494 0.2381 0.3051 
      H30001 10 0.2702 0.2580 0.2095 0.2623 
      H30002 10 0.3045 0.2374 0.2291 0.2290 
      H30005 10 0.2308 0.2151 0.2472 0.3069 
      H30006 10 0.1713 0.1976 0.3241 0.3070 
      H30007 10 0.1760 0.1468 0.4503 0.2269 
        H451 10 0.3067 0.1844 0.2464 0.2625 
        H452 10 0.1678 0.2254 0.2876 0.3192 
        H453 10 0.1941 0.4131 0.2331 0.1597 
        H473 10 0.2588 0.2743 0.2558 0.2110 
        H474 10 0.1423 0.4181 0.2165 0.2231 
        H486 10 0.2118 0.3029 0.2202 0.2651 
        H487 10 0.2153 0.2980 0.2296 0.2571 
        H488 10 0.3687 0.2474 0.1805 0.2034 
        H489 10 0.1750 0.3589 0.1951 0.2710 
        H550 10 0.2045 0.1888 0.3284 0.2783 
        H551 10 0.2045 0.2471 0.2083 0.3401 
        H553 10 0.1649 0.3369 0.2474 0.2508 
        H554 10 0.3007 0.1928 0.2786 0.2278 
        H556 10 0.1844 0.2451 0.3133 0.2572 
        H580 10 0.2613 0.2142 0.2485 0.2759 
        H591 10 0.1877 0.4231 0.1790 0.2102 
        H592 10 0.1984 0.2848 0.2052 0.3116 
        H593 10 0.2933 0.2125 0.2553 0.2389 
        H594 10 0.2112 0.1415 0.3329 0.3145 
        H627 10 0.1914 0.2663 0.2520 0.2903 
        H628 10 0.4172 0.1377 0.2358 0.2093 
        H629 10 0.1835 0.2645 0.2943 0.2577 
        H630 10 0.1721 0.2442 0.2503 0.3334 
        H638 10 0.1935 0.2110 0.2294 0.3661 
        H639 10 0.1612 0.3712 0.2517 0.2159 
        H640 10 0.2168 0.1805 0.2838 0.3189 
        H704 10 0.2453 0.1842 0.3410 0.2295 
        H705 10 0.1935 0.2145 0.2335 0.3585 
        H706 10 0.3005 0.3093 0.1745 0.2157 
        H708 10 0.2006 0.3758 0.2028 0.2207 
       H7351 10 0.2472 0.2334 0.2794 0.2400 
       H7352 10 0.2437 0.2740 0.2393 0.2431 
       H7353 10 0.1932 0.1982 0.3924 0.2162 
       H7354 10 0.3404 0.2962 0.2014 0.1620 
       H7365 10 0.2291 0.3623 0.1850 0.2236 
       H7383 10 0.3183 0.2857 0.1795 0.2165 
       H7384 10 0.3046 0.2773 0.2126 0.2055 
       H7385 10 0.2463 0.3185 0.2040 0.2312 
       H7386 10 0.3144 0.2181 0.2180 0.2495 
       H7387 10 0.2990 0.2043 0.2554 0.2413 
       H7388 10 0.2488 0.2369 0.2499 0.2644 
        H906 10 0.2275 0.3268 0.2728 0.1729 
        H907 10 0.2046 0.1886 0.2730 0.3338 
        H908 10 0.2775 0.2412 0.2247 0.2565 
        H909 10 0.3771 0.2456 0.2020 0.1753 
       H9552 10 0.2352 0.2521 0.2736 0.2391 
       H9553 10 0.1918 0.2795 0.2561 0.2726 
       H9555 10 0.2712 0.1830 0.2195 0.3263 
       H9575 10 0.2097 0.3499 0.2391 0.2014 
       H9703 10 0.1763 0.4170 0.2152 0.1916 
       H9707 10 0.1919 0.3377 0.2156 0.2548 
       HSAA4 10 0.2643 0.2166 0.2408 0.2784 
        H001 11 0.3126 0.2791 0.2245 0.1838 
        H004 11 0.2741 0.2182 0.2462 0.2615 
        H005 11 0.2910 0.4015 0.1537 0.1539 
        H006 11 0.3309 0.2232 0.2043 0.2416 
        H007 11 0.2822 0.3279 0.1869 0.2030 
        H031 11 0.2061 0.3964 0.1665 0.2311 
        H074 11 0.1641 0.3684 0.2073 0.2602 
        H075 11 0.2703 0.3277 0.1879 0.2141 
        H080 11 0.2277 0.3729 0.1904 0.2090 
        H086 11 0.2204 0.2498 0.2505 0.2794 
        H092 11 0.2418 0.3002 0.2132 0.2448 
        H093 11 0.2321 0.1536 0.3724 0.2420 
        H094 11 0.1968 0.2044 0.2523 0.3465 
        H095 11 0.2532 0.3276 0.2207 0.1986 
        H096 11 0.3552 0.2771 0.1774 0.1902 
        H099 11 0.2312 0.3074 0.2135 0.2479 
        H100 11 0.2990 0.1569 0.3008 0.2433 
        H127 11 0.2246 0.2889 0.2324 0.2541 
        H136 11 0.1842 0.3919 0.2081 0.2159 
        H153 11 0.2446 0.2351 0.2611 0.2592 
        H154 11 0.1788 0.3782 0.2014 0.2415 
        H155 11 0.3374 0.1721 0.2280 0.2625 
        H156 11 0.3946 0.1256 0.2239 0.2559 
        H161 11 0.2325 0.2099 0.3194 0.2382 
        H162 11 0.2319 0.1669 0.2654 0.3359 
        H167 11 0.3337 0.1990 0.2478 0.2195 
        H168 11 0.3003 0.2286 0.2466 0.2245 
     H169586 11 0.1517 0.2875 0.3634 0.1974 
     H169738 11 0.3232 0.1613 0.2359 0.2797 
     H169741 11 0.1883 0.3357 0.2057 0.2703 
     H171801 11 0.2310 0.1924 0.3189 0.2577 
     H171810 11 0.2013 0.3302 0.2160 0.2525 
     H171811 11 0.1807 0.3716 0.2467 0.2010 
     H171812 11 0.3545 0.2590 0.2022 0.1844 
     H171820 11 0.1980 0.3611 0.2235 0.2174 
     H171821 11 0.3007 0.2071 0.2388 0.2535 
     H171822 11 0.2376 0.2106 0.2438 0.3080 
     H171823 11 0.1594 0.3935 0.2770 0.1701 
     H171866 11 0.2402 0.1840 0.3191 0.2566 
     H171867 11 0.3488 0.1706 0.1940 0.2865 
     H171967 11 0.2470 0.3366 0.1939 0.2225 
     H171969 11 0.2601 0.2317 0.2554 0.2528 
        H172 11 0.2816 0.2084 0.2347 0.2753 
        H173 11 0.2918 0.2170 0.1950 0.2962 
        H174 11 0.1825 0.1570 0.3234 0.3371 
        H196 11 0.2507 0.1897 0.2630 0.2967 
        H197 11 0.3320 0.1864 0.2140 0.2676 
        H346 11 0.3404 0.2642 0.1991 0.1963 
        H355 11 0.2700 0.2749 0.2397 0.2155 
        H356 11 0.2212 0.2710 0.2518 0.2560 
        H357 11 0.2336 0.3080 0.2034 0.2550 
        H358 11 0.3766 0.2080 0.1914 0.2240 
        H359 11 0.2398 0.2410 0.2407 0.2785 
        H360 11 0.2921 0.2481 0.2191 0.2407 
        H361 11 0.3197 0.2275 0.2365 0.2162 
        H362 11 0.2395 0.1422 0.2551 0.3632 
        H363 11 0.2868 0.3401 0.1735 0.1996 
        H364 11 0.2914 0.2446 0.2683 0.1957 
        H365 11 0.2627 0.1945 0.2782 0.2646 
        H366 11 0.3020 0.1808 0.2563 0.2609 
        H367 11 0.1646 0.4108 0.2059 0.2186 
        H368 11 0.1899 0.1759 0.3204 0.3138 
        H369 11 0.2472 0.3847 0.1639 0.2043 
        H370 11 0.3079 0.1782 0.2436 0.2703 
        H371 11 0.1792 0.2566 0.2383 0.3260 
        H372 11 0.2863 0.2166 0.2442 0.2529 
        H373 11 0.2978 0.2607 0.2183 0.2232 
        H374 11 0.3276 0.2820 0.2047 0.1858 
        H375 11 0.2772 0.2802 0.2029 0.2396 
        H376 11 0.2568 0.2018 0.2937 0.2478 
        H377 11 0.2668 0.2634 0.2086 0.2612 
        H378 11 0.2179 0.2969 0.2493 0.2360 
        H379 11 0.2422 0.2282 0.2479 0.2818 
        H380 11 0.4145 0.1621 0.2013 0.2221 
        H381 11 0.1678 0.3589 0.2389 0.2344 
        H382 11 0.3270 0.1302 0.2537 0.2891 
        H383 11 0.3669 0.1630 0.2769 0.1932 
        H384 11 0.2326 0.3154 0.2328 0.2193 
        H385 11 0.2114 0.2996 0.2159 0.2731 
        H386 11 0.4294 0.1885 0.1713 0.2108 
        H387 11 0.2138 0.2515 0.3654 0.1693 
        H388 11 0.2975 0.1494 0.2867 0.2665 
        H389 11 0.2985 0.2355 0.2107 0.2554 
        H390 11 0.2937 0.1959 0.2398 0.2706 
        H391 11 0.1710 0.2002 0.3413 0.2875 
        H392 11 0.3085 0.3207 0.1922 0.1786 
        H393 11 0.2547 0.1683 0.3330 0.2440 
        H394 11 0.1612 0.1817 0.4108 0.2464 
        H395 11 0.2675 0.3445 0.1898 0.1983 
        H408 11 0.3892 0.2423 0.1908 0.1777 
        H412 11 0.1101 0.3954 0.2496 0.2449 
        H417 11 0.2440 0.2797 0.2259 0.2504 
        H418 11 0.1838 0.2830 0.2847 0.2485 
        H429 11 0.3432 0.1970 0.2478 0.2120 
        H430 11 0.2873 0.1820 0.2381 0.2925 
        H439 11 0.2677 0.2514 0.2143 0.2665 
        H440 11 0.2577 0.3713 0.1958 0.1751 
        H441 11 0.2536 0.1963 0.2389 0.3112 
        H442 11 0.3235 0.1879 0.2465 0.2421 
        H446 11 0.2605 0.2220 0.2730 0.2445 
        H447 11 0.3428 0.1545 0.2165 0.2863 
        H448 11 0.2930 0.2030 0.2099 0.2941 
        H534 11 0.1923 0.4233 0.2187 0.1657 
        H537 11 0.2162 0.3819 0.2278 0.1740 
        H568 11 0.1560 0.4326 0.1858 0.2255 
        H569 11 0.2348 0.1289 0.2469 0.3894 
        H586 11 0.1432 0.2849 0.3773 0.1946 
        H587 11 0.2076 0.4201 0.1826 0.1897 
        H588 11 0.2296 0.1659 0.3743 0.2302 
        H589 11 0.2394 0.3803 0.2002 0.1800 
        H590 11 0.2193 0.3635 0.2232 0.1940 
        H601 11 0.2410 0.1571 0.2821 0.3197 
        H602 11 0.2278 0.2821 0.2167 0.2734 
        H603 11 0.3588 0.1814 0.2082 0.2516 
        H610 11 0.2151 0.2675 0.2315 0.2859 
        H611 11 0.1713 0.3035 0.2002 0.3250 
        H649 11 0.2591 0.2639 0.2353 0.2417 
        H650 11 0.1931 0.1847 0.2780 0.3442 
        H651 11 0.3465 0.2213 0.1945 0.2376 
        H652 11 0.2437 0.2678 0.2674 0.2212 
       H7364 11 0.2780 0.1939 0.2512 0.2770 
       H7366 11 0.3218 0.2481 0.2091 0.2210 
       H7378 11 0.1480 0.1229 0.4283 0.3008 
       H7379 11 0.2313 0.2542 0.2505 0.2640 
        H739 11 0.1786 0.3325 0.2057 0.2832 
        H740 11 0.2318 0.2042 0.2724 0.2916 
        H741 11 0.1911 0.3318 0.2071 0.2700 
        H926 11 0.2234 0.2240 0.2582 0.2945 
        H927 11 0.2566 0.1761 0.2314 0.3358 
        H928 11 0.1722 0.2360 0.2408 0.3510 
       H9560 11 0.2023 0.2123 0.2861 0.2993 
        H409 12 0.3618 0.1738 0.2203 0.2440 
        H413 12 0.1803 0.1654 0.3826 0.2717 
        H419 12 0.3368 0.2076 0.2064 0.2492 
        H420 12 0.2528 0.3063 0.2265 0.2143 
        H421 12 0.3315 0.1429 0.2812 0.2444 
        H435 12 0.3266 0.1790 0.2734 0.2210 
        H436 12 0.3360 0.2308 0.2035 0.2296 
        H437 12 0.2253 0.3559 0.2321 0.1866 
        H445 12 0.4150 0.1711 0.2042 0.2098 
        H449 12 0.2086 0.2208 0.3176 0.2530 
        H463 12 0.2388 0.3258 0.2232 0.2122 
        H464 12 0.2049 0.1802 0.3505 0.2644 
        H465 12 0.1414 0.2504 0.3547 0.2535 
        H490 12 0.2303 0.1763 0.3183 0.2751 
        H561 12 0.2100 0.2484 0.2544 0.2872 
        H562 12 0.3954 0.2280 0.1825 0.1940 
        H563 12 0.2446 0.2949 0.2002 0.2603 
        H570 12 0.3105 0.3100 0.1813 0.1983 
        H571 12 0.2050 0.2272 0.3129 0.2549 
        H572 12 0.2304 0.2915 0.2207 0.2574 
        H573 12 0.3097 0.1711 0.2363 0.2829 
       H7372 12 0.4211 0.1274 0.2130 0.2385 
       H7373 12 0.1992 0.1700 0.4055 0.2252 
       H7374 12 0.3133 0.3159 0.2151 0.1556 
       H7375 12 0.2786 0.2973 0.1972 0.2269 
       H7376 12 0.4169 0.1557 0.1948 0.2326 
       H7377 12 0.2042 0.3076 0.2112 0.2770 
