        H102  1 0.2744 0.1608 0.2090 0.3558 
        H103  1 0.1371 0.3237 0.3445 0.1947 
        H104  1 0.3382 0.2362 0.1781 0.2475 
        H105  1 0.2212 0.2175 0.2034 0.3580 
        H106  1 0.2581 0.2852 0.2576 0.1991 
        H112  1 0.3248 0.2288 0.1944 0.2520 
        H113  1 0.2077 0.3099 0.1926 0.2899 
        H114  1 0.1539 0.3236 0.1939 0.3286 
        H115  1 0.2738 0.2124 0.1636 0.3501 
        H143  1 0.2086 0.1958 0.2248 0.3709 
        H144  1 0.1300 0.1759 0.3707 0.3234 
        H145  1 0.1394 0.2628 0.3588 0.2390 
        H149  1 0.3557 0.1970 0.1904 0.2570 
        H150  1 0.2412 0.2294 0.2860 0.2434 
     H167542  1 0.1757 0.1980 0.1896 0.4368 
     H169604  1 0.2004 0.2299 0.2188 0.3508 
     H169607  1 0.1600 0.2163 0.3147 0.3090 
     H169608  1 0.3900 0.1734 0.2017 0.2348 
     H169633  1 0.1461 0.3155 0.2289 0.3095 
     H169688  1 0.1975 0.2359 0.3837 0.1829 
     H169714  1 0.3169 0.2396 0.2110 0.2326 
     H171802  1 0.3436 0.2987 0.1963 0.1614 
     H171805  1 0.1906 0.2721 0.2868 0.2505 
     H171807  1 0.2980 0.1916 0.2811 0.2293 
     H171814  1 0.1494 0.3159 0.3439 0.1908 
     H171816  1 0.3149 0.2316 0.2366 0.2168 
     H171817  1 0.2954 0.2515 0.2045 0.2486 
     H171818  1 0.2211 0.2980 0.2231 0.2577 
     H171819  1 0.2586 0.2870 0.2200 0.2343 
     H171834  1 0.2303 0.2101 0.2362 0.3234 
     H171835  1 0.4332 0.2114 0.1713 0.1841 
     H171836  1 0.1110 0.4015 0.2380 0.2496 
     H171837  1 0.2856 0.2078 0.2125 0.2941 
     H171838  1 0.1779 0.3360 0.3006 0.1855 
     H171839  1 0.2768 0.2377 0.1882 0.2972 
     H171841  1 0.4877 0.1624 0.2099 0.1400 
     H171860  1 0.2330 0.2444 0.2101 0.3126 
     H171861  1 0.1122 0.3032 0.2529 0.3317 
     H171862  1 0.2253 0.2318 0.2615 0.2814 
     H171868  1 0.2011 0.1879 0.1749 0.4361 
     H171869  1 0.1863 0.2454 0.3630 0.2054 
     H171870  1 0.2738 0.2438 0.2889 0.1935 
     H171871  1 0.1754 0.3749 0.2801 0.1695 
     H171872  1 0.2834 0.2371 0.1893 0.2901 
     H171873  1 0.2646 0.2338 0.3138 0.1878 
     H171874  1 0.1825 0.1901 0.2881 0.3393 
     H171875  1 0.1243 0.2243 0.2720 0.3794 
     H171876  1 0.1592 0.2378 0.2338 0.3692 
     H171877  1 0.1824 0.2024 0.1758 0.4394 
     H171878  1 0.3091 0.1941 0.3106 0.1862 
     H171901  1 0.3232 0.2952 0.2149 0.1668 
     H171902  1 0.2518 0.1740 0.3243 0.2498 
     H171903  1 0.2224 0.2660 0.2296 0.2820 
     H171935  1 0.3252 0.2678 0.2627 0.1443 
     H171936  1 0.1517 0.3030 0.2126 0.3326 
     H171940  1 0.3037 0.1488 0.2176 0.3299 
     H171945  1 0.2473 0.2248 0.3025 0.2254 
     H171948  1 0.2937 0.2521 0.2013 0.2530 
     H171949  1 0.3990 0.1792 0.2024 0.2194 
     H171950  1 0.4387 0.1916 0.1842 0.1855 
     H171963  1 0.1721 0.2842 0.3367 0.2071 
     H171964  1 0.1772 0.1640 0.4315 0.2273 
     H171966  1 0.2489 0.2587 0.2759 0.2165 
     H171968  1 0.2884 0.1526 0.2733 0.2857 
     H171971  1 0.2316 0.3293 0.2713 0.1679 
     H171972  1 0.1627 0.2773 0.3146 0.2454 
     H171977  1 0.1586 0.2375 0.3418 0.2621 
     H171978  1 0.3177 0.2124 0.2719 0.1980 
     H171979  1 0.1322 0.3554 0.2919 0.2205 
        H176  1 0.2294 0.2363 0.2309 0.3034 
        H177  1 0.4101 0.1905 0.1794 0.2200 
        H179  1 0.3360 0.1993 0.1529 0.3118 
        H181  1 0.1688 0.2872 0.3103 0.2337 
        H182  1 0.1315 0.3034 0.2757 0.2894 
        H183  1 0.1842 0.2639 0.3636 0.1883 
        H184  1 0.3047 0.2330 0.1941 0.2683 
        H185  1 0.1623 0.2790 0.2934 0.2654 
        H186  1 0.2729 0.1303 0.3267 0.2702 
        H187  1 0.2343 0.3239 0.2531 0.1886 
        H188  1 0.2732 0.1922 0.1722 0.3624 
        H192  1 0.3684 0.2000 0.2106 0.2210 
        H193  1 0.1598 0.2520 0.3097 0.2785 
        H194  1 0.2500 0.2421 0.2121 0.2957 
        H195  1 0.1737 0.1931 0.4334 0.1998 
        H199  1 0.1840 0.2401 0.3583 0.2176 
        H200  1 0.3051 0.2380 0.2190 0.2379 
        H414  1 0.1933 0.3278 0.2717 0.2072 
        H415  1 0.1727 0.3290 0.2381 0.2602 
        H422  1 0.2874 0.1803 0.3050 0.2273 
        H423  1 0.5092 0.1597 0.1660 0.1650 
        H424  1 0.1545 0.3033 0.3316 0.2105 
        H425  1 0.1678 0.2136 0.4010 0.2176 
        H426  1 0.1852 0.2222 0.4375 0.1551 
        H443  1 0.1637 0.1264 0.3642 0.3457 
        H466  1 0.2585 0.2497 0.2375 0.2543 
        H467  1 0.4126 0.1658 0.2252 0.1964 
        H472  1 0.2342 0.2432 0.2562 0.2664 
        H483  1 0.1631 0.1968 0.2567 0.3833 
        H504  1 0.1588 0.2764 0.3673 0.1975 
        H505  1 0.2993 0.2334 0.2145 0.2529 
        H506  1 0.2501 0.2094 0.2850 0.2555 
        H507  1 0.1216 0.3248 0.2961 0.2574 
        H508  1 0.2899 0.2627 0.2699 0.1775 
        H524  1 0.1458 0.3417 0.2655 0.2470 
        H525  1 0.1918 0.1967 0.2934 0.3181 
        H526  1 0.1733 0.2020 0.1953 0.4293 
        H527  1 0.3128 0.2271 0.2262 0.2339 
        H528  1 0.1456 0.2709 0.2930 0.2904 
        H529  1 0.1344 0.2954 0.3172 0.2531 
        H533  1 0.1119 0.4662 0.2296 0.1923 
        H538  1 0.2460 0.2232 0.2166 0.3142 
        H539  1 0.2111 0.2961 0.3091 0.1837 
        H540  1 0.2291 0.2686 0.2390 0.2633 
        H541  1 0.1964 0.2333 0.2090 0.3613 
        H558  1 0.2010 0.2850 0.3529 0.1610 
        H559  1 0.2339 0.1604 0.2350 0.3707 
        H579  1 0.1792 0.1933 0.3264 0.3012 
        H584  1 0.1830 0.2325 0.3656 0.2190 
        H585  1 0.1854 0.3058 0.2896 0.2192 
        H605  1 0.2843 0.2427 0.2363 0.2367 
        H606  1 0.3946 0.1471 0.1777 0.2807 
        H632  1 0.1715 0.1895 0.3768 0.2621 
        H634  1 0.2125 0.2485 0.2860 0.2529 
        H671  1 0.4065 0.1932 0.1905 0.2098 
        H672  1 0.2117 0.3403 0.2192 0.2288 
        H673  1 0.1793 0.1566 0.3157 0.3483 
        H689  1 0.1736 0.2024 0.2704 0.3536 
        H690  1 0.2976 0.2501 0.1802 0.2720 
        H691  1 0.1992 0.1858 0.1886 0.4264 
        H692  1 0.0990 0.2889 0.3385 0.2736 
        H709  1 0.2076 0.3120 0.2445 0.2359 
        H710  1 0.1289 0.2739 0.3339 0.2632 
       H7355  1 0.1444 0.2773 0.1944 0.3838 
       H7356  1 0.2314 0.2309 0.2959 0.2417 
       H7357  1 0.2730 0.2455 0.1945 0.2870 
       H7358  1 0.1651 0.2152 0.2666 0.3531 
       H7380  1 0.1918 0.2022 0.2604 0.3455 
       H7381  1 0.3209 0.2049 0.2867 0.1875 
       H7382  1 0.1827 0.2086 0.2892 0.3194 
        H904  1 0.4940 0.1257 0.1412 0.2390 
        H923  1 0.2656 0.2171 0.2621 0.2552 
        H924  1 0.2803 0.1952 0.2381 0.2863 
        H925  1 0.1705 0.2178 0.2122 0.3995 
       H9558  1 0.1948 0.2737 0.3831 0.1484 
        H008  2 0.1476 0.3030 0.2245 0.3249 
        H021  2 0.3113 0.2027 0.2114 0.2746 
        H023  2 0.2980 0.2054 0.1952 0.3014 
        H024  2 0.1391 0.4048 0.2778 0.1782 
        H025  2 0.3589 0.1755 0.2702 0.1954 
        H026  2 0.1500 0.2896 0.3524 0.2079 
        H027  2 0.1886 0.2742 0.2207 0.3165 
        H028  2 0.1802 0.2520 0.3060 0.2618 
        H029  2 0.1606 0.3174 0.2462 0.2758 
        H030  2 0.1432 0.3165 0.3559 0.1844 
        H038  2 0.3384 0.1966 0.2413 0.2237 
        H039  2 0.6303 0.1258 0.1229 0.1209 
        H040  2 0.3359 0.2867 0.2126 0.1647 
        H041  2 0.1891 0.2646 0.1782 0.3681 
        H042  2 0.2590 0.2419 0.2224 0.2767 
        H043  2 0.4414 0.1937 0.2339 0.1310 
        H044  2 0.1676 0.3858 0.2733 0.1734 
        H047  2 0.3433 0.2200 0.2648 0.1719 
        H050  2 0.1715 0.4167 0.2393 0.1725 
        H058  2 0.2971 0.2894 0.2433 0.1702 
        H062  2 0.2845 0.1596 0.2168 0.3392 
        H063  2 0.3811 0.2267 0.1824 0.2099 
        H065  2 0.2484 0.1603 0.3727 0.2186 
        H066  2 0.2006 0.3686 0.2718 0.1590 
        H067  2 0.1662 0.1972 0.2506 0.3861 
        H068  2 0.3689 0.2445 0.1990 0.1876 
        H069  2 0.2237 0.2879 0.3102 0.1782 
        H071  2 0.3160 0.2127 0.2219 0.2494 
        H072  2 0.4362 0.2019 0.1624 0.1994 
        H073  2 0.1817 0.2316 0.3240 0.2627 
        H081  2 0.2260 0.2124 0.1662 0.3955 
        H082  2 0.1426 0.3640 0.3067 0.1867 
        H083  2 0.1551 0.2395 0.3779 0.2275 
        H084  2 0.2590 0.3418 0.2149 0.1842 
        H085  2 0.1848 0.2284 0.1648 0.4220 
        H087  2 0.1945 0.1740 0.1735 0.4580 
        H088  2 0.3236 0.2205 0.1855 0.2705 
        H089  2 0.1802 0.2202 0.2250 0.3746 
        H090  2 0.1625 0.3477 0.2653 0.2246 
        H091  2 0.1428 0.3238 0.2333 0.3001 
        H098  2 0.1906 0.3760 0.2180 0.2154 
      H10001  2 0.6272 0.1131 0.1302 0.1295 
      H10002  2 0.3221 0.1887 0.1752 0.3140 
        H101  2 0.1588 0.4854 0.2197 0.1362 
        H108  2 0.3525 0.1365 0.1684 0.3426 
        H109  2 0.2701 0.3722 0.2100 0.1477 
        H110  2 0.1597 0.2383 0.2031 0.3989 
        H116  2 0.1860 0.2597 0.3315 0.2228 
        H117  2 0.1549 0.3612 0.1855 0.2984 
        H118  2 0.1336 0.2613 0.3040 0.3011 
        H119  2 0.3017 0.2135 0.2130 0.2717 
        H120  2 0.4650 0.1293 0.1476 0.2580 
        H121  2 0.1523 0.3150 0.2370 0.2958 
        H125  2 0.5928 0.1335 0.1326 0.1411 
        H126  2 0.2218 0.2148 0.3617 0.2018 
        H128  2 0.0906 0.3811 0.3628 0.1655 
        H129  2 0.1421 0.2250 0.4312 0.2017 
        H130  2 0.3797 0.1829 0.2834 0.1540 
        H133  2 0.4693 0.1723 0.1994 0.1591 
        H134  2 0.1396 0.1754 0.5181 0.1669 
        H135  2 0.2491 0.2298 0.1887 0.3323 
        H137  2 0.2067 0.3894 0.2136 0.1903 
        H138  2 0.1686 0.2141 0.3930 0.2242 
        H140  2 0.2434 0.2707 0.2298 0.2561 
        H146  2 0.1865 0.3186 0.2713 0.2236 
        H147  2 0.1788 0.2966 0.2151 0.3094 
        H148  2 0.1735 0.3095 0.1839 0.3332 
     H166022  2 0.1443 0.3772 0.2315 0.2469 
     H167359  2 0.2114 0.3189 0.2519 0.2177 
     H167397  2 0.0966 0.4627 0.2410 0.1998 
     H167428  2 0.1056 0.2124 0.2302 0.4517 
     H167496  2 0.3981 0.1958 0.1508 0.2552 
     H167513  2 0.2338 0.3893 0.2323 0.1446 
     H167545  2 0.1506 0.2923 0.3471 0.2100 
     H167547  2 0.1379 0.4000 0.3296 0.1325 
     H169621  2 0.1540 0.3303 0.2867 0.2290 
     H169622  2 0.1631 0.2256 0.3145 0.2969 
     H169750  2 0.3019 0.2448 0.3067 0.1466 
     H171806  2 0.2823 0.2367 0.2683 0.2127 
     H171808  2 0.2131 0.2426 0.2604 0.2840 
     H171809  2 0.2547 0.2052 0.2040 0.3361 
     H171813  2 0.2554 0.2353 0.2849 0.2244 
     H171815  2 0.4683 0.1631 0.2043 0.1643 
     H171824  2 0.3259 0.1726 0.1476 0.3539 
     H171825  2 0.1863 0.2176 0.2956 0.3005 
     H171826  2 0.2799 0.2252 0.1858 0.3090 
     H171827  2 0.2489 0.2480 0.2329 0.2702 
     H171828  2 0.4988 0.1310 0.1293 0.2409 
     H171829  2 0.2586 0.2428 0.3288 0.1699 
     H171830  2 0.2283 0.3713 0.1988 0.2016 
     H171831  2 0.1360 0.2775 0.3535 0.2331 
     H171832  2 0.2135 0.2292 0.3159 0.2414 
     H171863  2 0.1258 0.2945 0.4040 0.1757 
     H171864  2 0.2096 0.3574 0.1949 0.2382 
     H171865  2 0.4157 0.2025 0.2020 0.1798 
     H171879  2 0.2027 0.3373 0.2512 0.2089 
     H171880  2 0.1673 0.4440 0.2034 0.1854 
     H171881  2 0.1771 0.2544 0.2339 0.3345 
     H171882  2 0.5343 0.1438 0.1490 0.1729 
     H171929  2 0.2001 0.2827 0.2214 0.2957 
     H171930  2 0.1367 0.4477 0.2599 0.1557 
     H171933  2 0.1920 0.3090 0.2555 0.2435 
     H171934  2 0.1935 0.2374 0.2149 0.3542 
     H171937  2 0.1756 0.2789 0.3647 0.1807 
     H171962  2 0.1783 0.2217 0.2494 0.3506 
        H190  2 0.1704 0.2992 0.2661 0.2643 
        H191  2 0.2367 0.2425 0.2691 0.2517 
        H396  2 0.2275 0.1706 0.2208 0.3812 
        H397  2 0.1895 0.3282 0.2517 0.2306 
        H398  2 0.2646 0.1692 0.3042 0.2620 
        H400  2 0.2121 0.2456 0.2286 0.3137 
        H401  2 0.1085 0.4659 0.2597 0.1659 
        H402  2 0.1416 0.3766 0.2234 0.2584 
        H427  2 0.2036 0.1995 0.2122 0.3847 
        H428  2 0.1041 0.2125 0.2110 0.4723 
        H497  2 0.3244 0.2733 0.2370 0.1653 
        H512  2 0.2160 0.3422 0.2139 0.2279 
        H513  2 0.2352 0.3897 0.2302 0.1450 
        H514  2 0.2113 0.2411 0.3362 0.2114 
        H519  2 0.2258 0.4021 0.2216 0.1505 
        H532  2 0.1517 0.2185 0.2131 0.4167 
        H543  2 0.1453 0.3629 0.2268 0.2649 
        H544  2 0.2386 0.1881 0.3992 0.1742 
        H545  2 0.1429 0.2973 0.3615 0.1983 
        H546  2 0.3614 0.1743 0.2569 0.2074 
        H547  2 0.1381 0.4078 0.3217 0.1324 
        H548  2 0.1889 0.2787 0.2306 0.3018 
        H549  2 0.2072 0.3334 0.3101 0.1493 
        H620  2 0.5191 0.1451 0.1527 0.1832 
        H623  2 0.1803 0.2910 0.3508 0.1779 
        H624  2 0.3686 0.1586 0.3253 0.1474 
        H625  2 0.1850 0.2452 0.2508 0.3191 
        H626  2 0.2365 0.3341 0.2274 0.2020 
        H654  2 0.5835 0.1323 0.1573 0.1269 
        H655  2 0.3119 0.2489 0.2270 0.2122 
        H656  2 0.4751 0.1285 0.1643 0.2322 
        H666  2 0.5281 0.1725 0.1725 0.1269 
        H667  2 0.1947 0.2111 0.2461 0.3481 
        H677  2 0.1983 0.2446 0.2432 0.3138 
        H693  2 0.3535 0.1425 0.1662 0.3378 
        H694  2 0.1898 0.3363 0.2875 0.1864 
        H701  2 0.1665 0.3826 0.2271 0.2238 
        H702  2 0.2468 0.3133 0.2144 0.2254 
        H731  2 0.3251 0.1856 0.1935 0.2958 
       H7359  2 0.2137 0.3196 0.2414 0.2253 
       H7389  2 0.1978 0.2586 0.2721 0.2715 
       H7390  2 0.4052 0.2124 0.1965 0.1859 
       H7391  2 0.1585 0.2109 0.1557 0.4749 
       H7392  2 0.2655 0.1913 0.3003 0.2429 
       H7393  2 0.3142 0.2764 0.2052 0.2042 
       H7398  2 0.2048 0.2744 0.1723 0.3485 
       H7399  2 0.1539 0.2416 0.2582 0.3463 
       H7400  2 0.5608 0.1383 0.1583 0.1427 
        H745  2 0.1589 0.2211 0.4360 0.1840 
        H746  2 0.1633 0.2168 0.3044 0.3155 
        H747  2 0.3585 0.2833 0.1911 0.1671 
        H748  2 0.2390 0.3174 0.2408 0.2028 
       H7484  2 0.4464 0.1984 0.1786 0.1767 
       H7485  2 0.2134 0.2804 0.3021 0.2041 
        H749  2 0.1660 0.2611 0.3087 0.2642 
        H930  2 0.1404 0.4570 0.2376 0.1650 
        H931  2 0.2070 0.2272 0.2375 0.3283 
        H932  2 0.2537 0.2499 0.2578 0.2386 
        H111  3 0.1669 0.3324 0.3277 0.1729 
        H951  3 0.1666 0.3328 0.2593 0.2413 
        H952  3 0.2182 0.2344 0.3390 0.2083 
        H953  3 0.1578 0.2478 0.2077 0.3866 
        H954  3 0.4055 0.2387 0.1794 0.1764 
        H955  3 0.1524 0.3552 0.2889 0.2036 
        H956  3 0.2493 0.3279 0.1954 0.2274 
       H9563  3 0.2645 0.2775 0.1872 0.2709 
        H002  4 0.3970 0.1524 0.2701 0.1805 
        H003  4 0.1511 0.1788 0.2903 0.3798 
        H009  4 0.1844 0.2428 0.3790 0.1938 
        H010  4 0.1974 0.2306 0.2511 0.3209 
        H011  4 0.4148 0.1475 0.1803 0.2574 
        H012  4 0.1573 0.2776 0.2142 0.3509 
        H013  4 0.2710 0.1875 0.1973 0.3442 
        H014  4 0.2368 0.2199 0.2957 0.2476 
        H045  4 0.2718 0.2266 0.1839 0.3177 
        H046  4 0.1555 0.1845 0.3540 0.3059 
        H051  4 0.3166 0.2004 0.1823 0.3007 
        H052  4 0.3438 0.1992 0.2713 0.1857 
        H053  4 0.2993 0.2581 0.2256 0.2170 
        H056  4 0.3772 0.2019 0.2386 0.1823 
        H076  4 0.1536 0.2285 0.3292 0.2886 
        H151  4 0.4737 0.1488 0.2091 0.1684 
        H152  4 0.3726 0.1460 0.2741 0.2073 
     H171803  4 0.3286 0.2239 0.2265 0.2210 
     H171804  4 0.3049 0.2883 0.2008 0.2059 
     H171833  4 0.1695 0.2184 0.4128 0.1993 
     H171855  4 0.4489 0.1595 0.2417 0.1499 
     H171856  4 0.2500 0.3375 0.2279 0.1845 
     H171857  4 0.3778 0.2088 0.2409 0.1725 
     H171858  4 0.2522 0.2053 0.2679 0.2746 
     H171859  4 0.2645 0.2113 0.2718 0.2524 
     H171961  4 0.3440 0.1865 0.2064 0.2631 
        H198  4 0.1334 0.2300 0.2839 0.3527 
      H20001  4 0.1882 0.2561 0.3895 0.1662 
        H403  4 0.2732 0.2474 0.2842 0.1952 
        H404  4 0.1656 0.2176 0.2406 0.3762 
        H405  4 0.1552 0.2736 0.2856 0.2857 
        H406  4 0.2205 0.3193 0.3417 0.1185 
        H407  4 0.2614 0.2760 0.2268 0.2357 
        H410  4 0.1334 0.3686 0.2319 0.2660 
        H411  4 0.1945 0.2942 0.3356 0.1758 
        H468  4 0.2177 0.3233 0.3273 0.1317 
        H476  4 0.2615 0.3506 0.2370 0.1509 
        H477  4 0.1563 0.2442 0.4329 0.1666 
        H478  4 0.1752 0.2494 0.2512 0.3242 
        H479  4 0.3062 0.1958 0.2263 0.2716 
        H480  4 0.1540 0.3634 0.3108 0.1719 
        H498  4 0.2248 0.2098 0.2972 0.2682 
        H499  4 0.2459 0.2163 0.2679 0.2700 
        H500  4 0.3845 0.2303 0.1704 0.2148 
        H515  4 0.3132 0.2606 0.2071 0.2191 
        H516  4 0.2610 0.2915 0.2633 0.1843 
        H517  4 0.2136 0.3046 0.2541 0.2278 
        H518  4 0.3255 0.2328 0.2839 0.1577 
        H520  4 0.3589 0.2376 0.2321 0.1714 
        H521  4 0.2036 0.2458 0.2431 0.3076 
        H522  4 0.2580 0.2799 0.2554 0.2067 
        H523  4 0.2647 0.3160 0.2182 0.2012 
        H536  4 0.1976 0.1933 0.2880 0.3212 
        H645  4 0.2466 0.1547 0.1618 0.4369 
        H646  4 0.1444 0.3898 0.2854 0.1804 
        H647  4 0.2241 0.2824 0.2893 0.2042 
        H657  4 0.1539 0.3170 0.2915 0.2377 
        H658  4 0.2441 0.3433 0.2024 0.2101 
        H659  4 0.5267 0.1579 0.1710 0.1445 
        H660  4 0.2838 0.2582 0.2480 0.2100 
        H661  4 0.3751 0.1808 0.2514 0.1928 
        H668  4 0.1594 0.2231 0.2279 0.3895 
        H669  4 0.2532 0.2640 0.2063 0.2765 
        H670  4 0.2538 0.1452 0.1498 0.4512 
        H678  4 0.2330 0.3329 0.2262 0.2079 
        H679  4 0.1555 0.4078 0.2302 0.2065 
        H680  4 0.2303 0.2252 0.3307 0.2138 
        H681  4 0.2816 0.1936 0.2103 0.3145 
        H682  4 0.1747 0.3965 0.1949 0.2339 
        H683  4 0.3519 0.2361 0.2670 0.1450 
        H718  4 0.4254 0.1842 0.1937 0.1968 
        H719  4 0.2641 0.2332 0.2042 0.2985 
        H720  4 0.3013 0.1911 0.3055 0.2021 
        H721  4 0.2723 0.1952 0.3449 0.1875 
        H722  4 0.3416 0.1698 0.3384 0.1501 
        H723  4 0.3384 0.2141 0.1668 0.2808 
        H724  4 0.4861 0.1816 0.1575 0.1748 
        H725  4 0.4647 0.1707 0.2120 0.1526 
        H726  4 0.3758 0.2075 0.1958 0.2209 
        H727  4 0.3282 0.2016 0.1833 0.2869 
        H910  4 0.2879 0.2720 0.1888 0.2514 
        H911  4 0.1877 0.3222 0.2931 0.1970 
        H912  4 0.2806 0.2672 0.2657 0.1865 
        H913  4 0.3195 0.2689 0.2105 0.2011 
        H914  4 0.3454 0.1934 0.1698 0.2915 
        H915  4 0.2404 0.3441 0.2315 0.1840 
        H916  4 0.2172 0.3576 0.2725 0.1526 
       H9572  4 0.2667 0.2497 0.2781 0.2055 
        H015  5 0.1726 0.3141 0.3321 0.1812 
        H016  5 0.1728 0.2216 0.4014 0.2043 
        H017  5 0.2489 0.2784 0.3022 0.1705 
        H019  5 0.2120 0.2407 0.3083 0.2390 
        H020  5 0.2796 0.1994 0.2528 0.2681 
        H032  5 0.2948 0.2823 0.2258 0.1972 
        H033  5 0.1745 0.2958 0.2114 0.3183 
        H034  5 0.3384 0.1929 0.1683 0.3004 
        H035  5 0.2318 0.2906 0.2618 0.2157 
        H036  5 0.1748 0.3603 0.2548 0.2101 
        H037  5 0.3172 0.2352 0.2220 0.2257 
        H048  5 0.3581 0.1849 0.1862 0.2708 
        H049  5 0.2371 0.2403 0.3241 0.1985 
        H054  5 0.2490 0.2208 0.2719 0.2583 
        H055  5 0.3023 0.1470 0.2246 0.3261 
        H057  5 0.2396 0.1752 0.3937 0.1915 
        H060  5 0.3274 0.1573 0.2580 0.2573 
        H061  5 0.1824 0.2403 0.2459 0.3314 
        H064  5 0.2973 0.1669 0.2466 0.2892 
        H070  5 0.2965 0.2166 0.1797 0.3072 
        H077  5 0.4323 0.2021 0.1947 0.1709 
        H078  5 0.3446 0.2351 0.2636 0.1567 
        H079  5 0.1462 0.3162 0.2155 0.3221 
        H097  5 0.2912 0.2208 0.3599 0.1282 
        H107  5 0.4766 0.1370 0.1524 0.2341 
        H122  5 0.2125 0.2669 0.3155 0.2052 
        H123  5 0.1547 0.3389 0.2965 0.2099 
        H124  5 0.1625 0.2855 0.2660 0.2861 
        H131  5 0.1706 0.3326 0.2426 0.2542 
        H132  5 0.2677 0.2281 0.2182 0.2861 
        H141  5 0.2962 0.2317 0.2229 0.2492 
        H142  5 0.1499 0.2911 0.2813 0.2778 
        H157  5 0.3594 0.1967 0.2086 0.2354 
        H158  5 0.1646 0.2771 0.3940 0.1643 
        H159  5 0.1517 0.3035 0.3167 0.2280 
        H160  5 0.2418 0.2852 0.2743 0.1986 
        H163  5 0.1872 0.3129 0.2602 0.2397 
        H164  5 0.2039 0.2374 0.2680 0.2907 
        H165  5 0.1462 0.2423 0.2183 0.3932 
        H166  5 0.1888 0.2380 0.3053 0.2679 
        H169  5 0.2214 0.2063 0.2447 0.3277 
     H169613  5 0.2573 0.2355 0.2644 0.2428 
     H169653  5 0.1811 0.2418 0.3027 0.2743 
     H169728  5 0.1892 0.3462 0.2733 0.1912 
     H169742  5 0.2323 0.1691 0.1982 0.4004 
        H170  5 0.2214 0.2009 0.3879 0.1898 
        H171  5 0.2027 0.2154 0.3977 0.1842 
     H171851  5 0.2387 0.2100 0.3060 0.2454 
     H171852  5 0.3413 0.1922 0.2618 0.2047 
     H171853  5 0.2825 0.2667 0.2098 0.2411 
     H171854  5 0.2420 0.2998 0.2541 0.2041 
     H171938  5 0.2141 0.2291 0.1844 0.3724 
     H171939  5 0.1696 0.2169 0.3449 0.2686 
     H171941  5 0.3875 0.1351 0.1809 0.2964 
     H171965  5 0.1754 0.2009 0.3140 0.3098 
     H171970  5 0.4772 0.1513 0.1692 0.2022 
     H171973  5 0.1645 0.2539 0.2098 0.3718 
     H171974  5 0.2414 0.2138 0.1933 0.3514 
     H171975  5 0.2880 0.1972 0.2140 0.3008 
     H171976  5 0.2445 0.2112 0.3842 0.1601 
        H175  5 0.3300 0.2039 0.1910 0.2751 
        H178  5 0.2692 0.1843 0.2514 0.2952 
        H189  5 0.1418 0.2893 0.3181 0.2508 
        H399  5 0.2062 0.2266 0.4216 0.1456 
        H416  5 0.2574 0.2228 0.2187 0.3012 
        H438  5 0.2237 0.3048 0.1893 0.2823 
        H450  5 0.3976 0.1567 0.2125 0.2331 
        H455  5 0.4102 0.1364 0.1691 0.2843 
        H456  5 0.2255 0.2254 0.2092 0.3399 
        H457  5 0.3588 0.1780 0.2658 0.1974 
        H458  5 0.2925 0.2026 0.2107 0.2941 
        H459  5 0.1453 0.3304 0.2695 0.2547 
        H460  5 0.2627 0.2995 0.2394 0.1985 
        H461  5 0.2476 0.2654 0.3226 0.1645 
        H462  5 0.1605 0.3673 0.2090 0.2632 
        H469  5 0.1613 0.3643 0.2283 0.2461 
        H470  5 0.2717 0.2664 0.2382 0.2236 
        H471  5 0.1566 0.3488 0.3409 0.1537 
        H481  5 0.4704 0.1751 0.1642 0.1902 
        H482  5 0.3221 0.2194 0.2362 0.2224 
        H501  5 0.2498 0.2475 0.2180 0.2847 
        H502  5 0.1601 0.2647 0.3412 0.2339 
        H503  5 0.1844 0.2915 0.3060 0.2181 
        H509  5 0.3355 0.2519 0.2016 0.2110 
        H510  5 0.2307 0.1933 0.2641 0.3118 
        H511  5 0.1938 0.2321 0.3038 0.2703 
        H530  5 0.2719 0.2179 0.1966 0.3136 
        H531  5 0.3772 0.2358 0.2164 0.1706 
        H564  5 0.2973 0.1786 0.2695 0.2546 
        H565  5 0.4463 0.1617 0.2054 0.1866 
        H567  5 0.1318 0.3893 0.2503 0.2286 
     H568???  5 0.1714 0.2470 0.3539 0.2277 
        H608  5 0.4019 0.1683 0.1886 0.2411 
        H609  5 0.1928 0.1963 0.2032 0.4077 
        H612  5 0.4243 0.1736 0.1526 0.2495 
        H614  5 0.4361 0.1661 0.2198 0.1779 
        H615  5 0.3580 0.2247 0.2441 0.1732 
        H616  5 0.5046 0.1340 0.1301 0.2313 
        H617  5 0.1463 0.3445 0.2460 0.2632 
        H618  5 0.3796 0.1846 0.1909 0.2450 
        H619  5 0.1754 0.1467 0.1948 0.4831 
        H635  5 0.2333 0.2373 0.2408 0.2886 
        H636  5 0.1720 0.2196 0.1874 0.4209 
        H637  5 0.2862 0.1885 0.2247 0.3006 
        H644  5 0.1078 0.2824 0.4423 0.1676 
        H711  5 0.2259 0.1939 0.3778 0.2024 
        H712  5 0.2917 0.1755 0.1769 0.3558 
       H7360  5 0.2623 0.2177 0.3004 0.2197 
       H7361  5 0.3696 0.1940 0.2085 0.2278 
       H7362  5 0.1219 0.2734 0.4224 0.1823 
       H7363  5 0.3051 0.2353 0.2509 0.2087 
       H7394  5 0.1725 0.3613 0.2232 0.2430 
       H7395  5 0.2391 0.1880 0.2447 0.3282 
       H7396  5 0.2177 0.2897 0.2321 0.2605 
        H742  5 0.2324 0.1645 0.1853 0.4179 
        H743  5 0.2748 0.1929 0.2430 0.2893 
        H744  5 0.4193 0.1970 0.1668 0.2169 
        H957  5 0.2379 0.2295 0.3190 0.2136 
        H958  5 0.1808 0.3797 0.2393 0.2003 
        H959  5 0.3749 0.1580 0.1659 0.3012 
        H960  5 0.2214 0.2640 0.2161 0.2985 
      H_PALI  6 0.2227 0.2801 0.2452 0.2520 
        H581  6 0.3067 0.2541 0.2277 0.2115 
        H582  6 0.4299 0.1574 0.2374 0.1753 
        H583  6 0.2718 0.2487 0.2402 0.2393 
        H595  6 0.1300 0.4438 0.2457 0.1805 
        H596  6 0.1410 0.3992 0.2505 0.2092 
        H597  6 0.1601 0.2463 0.3444 0.2492 
        H598  6 0.2545 0.2733 0.2066 0.2657 
        H599  6 0.3347 0.1940 0.1883 0.2830 
        H642  6 0.1831 0.3319 0.3345 0.1505 
        H643  6 0.2386 0.2870 0.2135 0.2608 
        H664  6 0.3773 0.2338 0.2602 0.1288 
        H665  6 0.2031 0.2122 0.1806 0.4042 
        H674  6 0.1316 0.2644 0.4170 0.1871 
        H675  6 0.3043 0.2116 0.2728 0.2113 
        H676  6 0.1979 0.3466 0.2782 0.1773 
        H686  6 0.2208 0.2474 0.2883 0.2435 
        H687  6 0.2424 0.2979 0.2814 0.1784 
        H917  6 0.1320 0.3764 0.2096 0.2820 
        H918  6 0.1764 0.1775 0.2189 0.4272 
        H919  6 0.3898 0.1954 0.1528 0.2620 
        H920  6 0.3379 0.2231 0.2361 0.2029 
        H631  7 0.3128 0.1777 0.2455 0.2640 
        H684  7 0.1675 0.1798 0.4037 0.2489 
        H685  7 0.3779 0.3140 0.1752 0.1329 
        H713  7 0.4121 0.2047 0.1949 0.1883 
        H715  7 0.1841 0.2103 0.3756 0.2301 
        H716  7 0.2801 0.1382 0.2362 0.3455 
        H717  7 0.2794 0.2194 0.2468 0.2545 
        H729  7 0.1253 0.3394 0.2078 0.3275 
        H730  7 0.2365 0.2340 0.1778 0.3517 
        H431  8 0.3337 0.2444 0.1983 0.2236 
        H432  8 0.1389 0.2624 0.3697 0.2289 
        H433  8 0.1851 0.3317 0.2155 0.2677 
        H434  8 0.1891 0.3108 0.2623 0.2378 
        H444  8 0.1891 0.2211 0.2220 0.3678 
        H454  8 0.3978 0.1863 0.1698 0.2460 
        H475  8 0.4781 0.1840 0.1692 0.1687 
        H491  8 0.3221 0.1607 0.2267 0.2906 
        H492  8 0.3222 0.2683 0.2025 0.2071 
        H493  8 0.2180 0.2587 0.2893 0.2341 
        H494  8 0.2618 0.2768 0.2111 0.2503 
        H495  8 0.4376 0.1586 0.2557 0.1481 
        H662  8 0.2095 0.2441 0.3266 0.2198 
        H663  8 0.2514 0.2618 0.2396 0.2472 
        H695  8 0.2582 0.2609 0.2038 0.2771 
       H7367  8 0.1398 0.4100 0.2153 0.2349 
       H7368  8 0.1778 0.2307 0.3165 0.2750 
       H7369  8 0.2135 0.2011 0.2029 0.3824 
       H7370  8 0.1122 0.5310 0.1884 0.1684 
       H7371  8 0.1812 0.3259 0.2012 0.2917 
        H600  9 0.3589 0.1966 0.2146 0.2298 
        H648  9 0.2552 0.2266 0.3030 0.2152 
        H696  9 0.1222 0.3532 0.3599 0.1647 
        H697  9 0.2157 0.2694 0.2288 0.2862 
        H698  9 0.1830 0.3276 0.2458 0.2435 
        H699  9 0.2361 0.2787 0.2509 0.2342 
        H700  9 0.3226 0.1847 0.1996 0.2931 
        H732  9 0.4084 0.1820 0.2404 0.1692 
        H733  9 0.1594 0.3866 0.2275 0.2265 
        H734  9 0.1483 0.3444 0.3344 0.1729 
        H735  9 0.1898 0.3776 0.2372 0.1953 
        H736  9 0.2569 0.2378 0.2618 0.2435 
        H737  9 0.2817 0.1946 0.2337 0.2900 
        H905  9 0.3071 0.1782 0.1881 0.3266 
        H921  9 0.2823 0.2231 0.1842 0.3103 
        H922  9 0.1264 0.3882 0.2276 0.2578 
     H169705 10 0.1880 0.4360 0.1933 0.1828 
     H171942 10 0.1313 0.2609 0.3659 0.2419 
     H171943 10 0.2047 0.2927 0.3027 0.1999 
     H171944 10 0.2174 0.3270 0.2268 0.2288 
     H171946 10 0.3476 0.2260 0.2668 0.1596 
     H171947 10 0.2053 0.2907 0.2284 0.2756 
     H229641 10 0.2550 0.3236 0.2434 0.1780 
      H30001 10 0.2530 0.2812 0.2106 0.2553 
      H30002 10 0.2306 0.2269 0.2272 0.3154 
      H30005 10 0.1940 0.3497 0.2441 0.2122 
      H30006 10 0.1827 0.3636 0.2679 0.1858 
      H30007 10 0.1290 0.1877 0.4552 0.2282 
        H451 10 0.1608 0.2953 0.2676 0.2763 
        H452 10 0.2060 0.3488 0.2606 0.1845 
        H453 10 0.4158 0.1439 0.2364 0.2039 
        H473 10 0.3016 0.1825 0.2329 0.2831 
        H474 10 0.4628 0.2103 0.2011 0.1258 
        H486 10 0.3043 0.2627 0.2119 0.2211 
        H487 10 0.3005 0.2566 0.2228 0.2200 
        H488 10 0.2438 0.2157 0.1771 0.3634 
        H489 10 0.3819 0.2557 0.1770 0.1854 
        H550 10 0.1703 0.2700 0.3847 0.1750 
        H551 10 0.2341 0.3282 0.1866 0.2511 
        H553 10 0.3534 0.2574 0.2171 0.1721 
        H554 10 0.1880 0.2426 0.2971 0.2723 
        H556 10 0.2664 0.2534 0.2839 0.1963 
        H580 10 0.1814 0.2789 0.2451 0.2946 
        H591 10 0.4746 0.1662 0.1606 0.1987 
        H592 10 0.2817 0.3219 0.2045 0.1919 
        H593 10 0.2122 0.2450 0.2645 0.2783 
        H594 10 0.1198 0.3054 0.3349 0.2399 
        H627 10 0.2550 0.3009 0.2625 0.1816 
        H628 10 0.1167 0.2003 0.2249 0.4581 
        H629 10 0.2630 0.2483 0.3200 0.1687 
        H630 10 0.2454 0.3528 0.2401 0.1617 
        H638 10 0.1942 0.4070 0.2111 0.1876 
        H639 10 0.3936 0.2144 0.2421 0.1499 
        H640 10 0.1784 0.3524 0.2749 0.1943 
        H704 10 0.1674 0.2307 0.3420 0.2598 
        H705 10 0.1819 0.4427 0.1838 0.1916 
        H706 10 0.3130 0.1949 0.1738 0.3183 
        H708 10 0.4243 0.1874 0.1898 0.1985 
       H7351 10 0.2182 0.2390 0.2908 0.2521 
       H7352 10 0.2645 0.2401 0.2403 0.2551 
       H7353 10 0.1638 0.2067 0.4405 0.1890 
       H7354 10 0.3129 0.1479 0.2060 0.3331 
       H7365 10 0.4251 0.2076 0.1688 0.1985 
       H7383 10 0.2812 0.2269 0.1957 0.2962 
       H7384 10 0.2921 0.2089 0.2095 0.2895 
       H7385 10 0.3416 0.2234 0.1937 0.2413 
       H7386 10 0.1978 0.2509 0.2265 0.3248 
       H7387 10 0.1985 0.2551 0.2660 0.2805 
       H7388 10 0.2252 0.2800 0.2245 0.2703 
        H906 10 0.3196 0.1418 0.2951 0.2434 
        H907 10 0.1665 0.3831 0.2734 0.1770 
        H908 10 0.2316 0.2796 0.2279 0.2609 
        H909 10 0.2319 0.1513 0.2090 0.4078 
       H9552 10 0.2330 0.2256 0.2736 0.2678 
       H9553 10 0.2894 0.2851 0.2237 0.2018 
       H9555 10 0.1764 0.3458 0.2106 0.2672 
       H9575 10 0.3682 0.1853 0.2577 0.1888 
       H9703 10 0.4519 0.1904 0.1830 0.1747 
       H9707 10 0.3681 0.2560 0.1977 0.1782 
       HSAA4 10 0.1836 0.2800 0.2355 0.3009 
        H001 11 0.2688 0.1658 0.2105 0.3550 
        H004 11 0.2254 0.2759 0.2284 0.2703 
        H005 11 0.4312 0.1468 0.1548 0.2673 
        H006 11 0.2337 0.2648 0.2225 0.2790 
        H007 11 0.3574 0.1584 0.1664 0.3178 
        H031 11 0.4574 0.2125 0.1479 0.1822 
        H074 11 0.3687 0.2605 0.2087 0.1621 
        H075 11 0.3751 0.1706 0.1772 0.2771 
        H080 11 0.3705 0.2149 0.1829 0.2317 
        H086 11 0.2279 0.2904 0.2464 0.2353 
        H092 11 0.3164 0.2661 0.2056 0.2119 
        H093 11 0.1387 0.2393 0.3709 0.2511 
        H094 11 0.1902 0.3909 0.2413 0.1776 
        H095 11 0.3504 0.1756 0.2045 0.2695 
        H096 11 0.2875 0.1729 0.1868 0.3528 
        H099 11 0.3019 0.2507 0.2174 0.2300 
        H100 11 0.1340 0.2286 0.2826 0.3548 
        H127 11 0.2835 0.2548 0.2202 0.2415 
        H136 11 0.4377 0.1882 0.1883 0.1858 
        H153 11 0.2226 0.2770 0.2738 0.2266 
        H154 11 0.3980 0.2248 0.2033 0.1739 
        H155 11 0.1226 0.2594 0.2112 0.4068 
        H156 11 0.1129 0.2796 0.2053 0.4022 
        H161 11 0.2128 0.2164 0.3229 0.2478 
        H162 11 0.1484 0.3989 0.2570 0.1957 
        H167 11 0.1915 0.2246 0.2454 0.3385 
        H168 11 0.2172 0.2491 0.2388 0.2949 
     H169586 11 0.3200 0.1667 0.3798 0.1334 
     H169738 11 0.1472 0.2888 0.2178 0.3462 
     H169741 11 0.3409 0.2638 0.2058 0.1895 
     H171801 11 0.1686 0.2631 0.3506 0.2177 
     H171810 11 0.3362 0.2459 0.2241 0.1937 
     H171811 11 0.4109 0.1883 0.2382 0.1626 
     H171812 11 0.2325 0.1446 0.1889 0.4339 
     H171820 11 0.3838 0.2052 0.2061 0.2048 
     H171821 11 0.1889 0.2923 0.2328 0.2860 
     H171822 11 0.2014 0.3220 0.2510 0.2256 
     H171823 11 0.4124 0.1549 0.2814 0.1514 
     H171866 11 0.1845 0.2678 0.2881 0.2596 
     H171867 11 0.1710 0.3302 0.1824 0.3165 
     H171967 11 0.3462 0.1930 0.1686 0.2921 
     H171969 11 0.2397 0.2242 0.2422 0.2939 
        H172 11 0.2082 0.2559 0.2297 0.3061 
        H173 11 0.1931 0.3046 0.1715 0.3309 
        H174 11 0.1357 0.3627 0.3287 0.1730 
        H196 11 0.1564 0.3256 0.2289 0.2891 
        H197 11 0.1797 0.2970 0.2211 0.3022 
        H346 11 0.2609 0.1822 0.1951 0.3618 
        H355 11 0.2843 0.1852 0.2224 0.3081 
        H356 11 0.2535 0.2394 0.2397 0.2675 
        H357 11 0.3332 0.2381 0.1916 0.2370 
        H358 11 0.2228 0.2242 0.1940 0.3590 
        H359 11 0.2342 0.2766 0.2679 0.2213 
        H360 11 0.2334 0.2604 0.2111 0.2952 
        H361 11 0.1976 0.2317 0.2315 0.3391 
        H362 11 0.1272 0.4213 0.2485 0.2031 
        H363 11 0.3783 0.2073 0.1763 0.2380 
        H364 11 0.2500 0.1806 0.2801 0.2893 
        H365 11 0.1902 0.2189 0.2392 0.3518 
        H366 11 0.1772 0.2345 0.2359 0.3523 
        H367 11 0.4138 0.2219 0.1913 0.1731 
        H368 11 0.1643 0.3250 0.3332 0.1775 
        H369 11 0.4194 0.1989 0.1643 0.2173 
        H370 11 0.1762 0.3007 0.2429 0.2801 
        H371 11 0.2344 0.3404 0.2275 0.1977 
        H372 11 0.2105 0.2386 0.2350 0.3158 
        H373 11 0.2480 0.2318 0.2265 0.2937 
        H374 11 0.2929 0.1654 0.1918 0.3499 
        H375 11 0.2663 0.2369 0.2012 0.2956 
        H376 11 0.1804 0.2362 0.3116 0.2718 
        H377 11 0.2671 0.2734 0.2029 0.2565 
        H378 11 0.2906 0.2231 0.2592 0.2271 
        H379 11 0.2255 0.3358 0.2421 0.1966 
        H380 11 0.1491 0.2330 0.2235 0.3944 
        H381 11 0.3698 0.2066 0.2629 0.1607 
        H382 11 0.1136 0.3354 0.3079 0.2431 
        H383 11 0.1441 0.1766 0.3106 0.3687 
        H384 11 0.3463 0.2012 0.2184 0.2341 
        H385 11 0.3131 0.2777 0.2142 0.1949 
        H386 11 0.1720 0.2080 0.1878 0.4321 
        H387 11 0.2524 0.1534 0.4049 0.1893 
        H388 11 0.1317 0.2671 0.2484 0.3527 
        H389 11 0.2451 0.2527 0.1930 0.3091 
        H390 11 0.1938 0.3055 0.2404 0.2603 
        H391 11 0.1783 0.2866 0.3368 0.1983 
        H392 11 0.3657 0.1491 0.1883 0.2970 
        H393 11 0.1567 0.2126 0.3090 0.3218 
        H394 11 0.1715 0.2421 0.4129 0.1736 
        H395 11 0.3615 0.1909 0.1812 0.2665 
        H408 11 0.2399 0.1672 0.1794 0.4136 
        H412 11 0.4293 0.2085 0.2553 0.1069 
        H417 11 0.2949 0.2250 0.2171 0.2630 
        H418 11 0.2758 0.2465 0.3111 0.1665 
        H429 11 0.1897 0.2032 0.2624 0.3447 
        H430 11 0.1611 0.2953 0.2375 0.3061 
        H439 11 0.2493 0.2911 0.2073 0.2522 
        H440 11 0.4207 0.1547 0.1906 0.2339 
        H441 11 0.1728 0.3534 0.2500 0.2238 
        H442 11 0.1748 0.2344 0.2622 0.3286 
        H446 11 0.2208 0.2528 0.3049 0.2215 
        H447 11 0.1474 0.2925 0.2318 0.3283 
        H448 11 0.1903 0.2902 0.1839 0.3357 
        H534 11 0.4583 0.1475 0.2197 0.1746 
        H537 11 0.3954 0.1680 0.2542 0.1824 
        H568 11 0.4876 0.1993 0.1691 0.1440 
        H569 11 0.1094 0.4298 0.2066 0.2542 
        H586 11 0.3079 0.1682 0.3975 0.1264 
        H587 11 0.4648 0.1782 0.1604 0.1965 
        H588 11 0.1584 0.2117 0.3954 0.2345 
        H589 11 0.4396 0.1456 0.1766 0.2382 
        H590 11 0.3679 0.1692 0.2204 0.2426 
        H601 11 0.1447 0.3359 0.2586 0.2608 
        H602 11 0.3088 0.2787 0.2012 0.2112 
        H603 11 0.1647 0.2928 0.2233 0.3193 
        H610 11 0.2750 0.2992 0.2171 0.2087 
        H611 11 0.3127 0.3316 0.2005 0.1552 
        H649 11 0.2342 0.2429 0.2552 0.2677 
        H650 11 0.1779 0.3901 0.2687 0.1632 
        H651 11 0.2092 0.2540 0.1705 0.3663 
        H652 11 0.2662 0.2408 0.2843 0.2087 
       H7364 11 0.1910 0.2742 0.2336 0.3011 
       H7366 11 0.2552 0.2337 0.1957 0.3153 
       H7378 11 0.1053 0.3401 0.4207 0.1339 
       H7379 11 0.2364 0.2856 0.2303 0.2477 
        H739 11 0.3549 0.2617 0.1953 0.1882 
        H740 11 0.1982 0.3340 0.2757 0.1920 
        H741 11 0.3375 0.2711 0.2054 0.1860 
        H926 11 0.2058 0.3337 0.2589 0.2016 
        H927 11 0.1689 0.3753 0.2096 0.2462 
        H928 11 0.2267 0.4068 0.2095 0.1571 
       H9560 11 0.2153 0.3115 0.2829 0.1903 
        H409 12 0.1596 0.2768 0.2368 0.3268 
        H413 12 0.1466 0.2472 0.4269 0.1794 
        H419 12 0.1868 0.2409 0.2206 0.3517 
        H420 12 0.3051 0.2028 0.2309 0.2612 
        H421 12 0.1353 0.2378 0.3113 0.3156 
        H435 12 0.1649 0.2307 0.3210 0.2834 
        H436 12 0.2375 0.2184 0.1843 0.3598 
        H437 12 0.3852 0.1739 0.2424 0.1986 
        H445 12 0.1594 0.2034 0.2054 0.4318 
        H449 12 0.2007 0.2621 0.3231 0.2141 
        H463 12 0.3413 0.2081 0.2287 0.2219 
        H464 12 0.1599 0.2733 0.3428 0.2240 
        H465 12 0.2261 0.2375 0.3952 0.1412 
        H490 12 0.1482 0.2710 0.3741 0.2067 
        H561 12 0.2373 0.2980 0.2481 0.2165 
        H562 12 0.2086 0.1941 0.1816 0.4157 
        H563 12 0.2582 0.2801 0.1926 0.2691 
        H570 12 0.3294 0.2065 0.1736 0.2905 
        H571 12 0.2318 0.2529 0.3386 0.1767 
        H572 12 0.2672 0.2535 0.2547 0.2246 
        H573 12 0.1554 0.2744 0.2170 0.3532 
       H7372 12 0.1125 0.2536 0.2278 0.4062 
       H7373 12 0.1547 0.2065 0.4668 0.1721 
       H7374 12 0.3214 0.1426 0.2169 0.3191 
       H7375 12 0.3084 0.2072 0.2037 0.2806 
       H7376 12 0.1287 0.2073 0.1777 0.4863 
       H7377 12 0.3269 0.2988 0.1932 0.1811 
