        H102  1 0.3382 0.2964 0.3654 
        H103  1 0.3420 0.4147 0.2433 
        H104  1 0.3236 0.2443 0.4321 
        H105  1 0.4321 0.3009 0.2670 
        H106  1 0.3408 0.3275 0.3317 
        H112  1 0.3466 0.2715 0.3819 
        H113  1 0.4044 0.2760 0.3196 
        H114  1 0.4316 0.2775 0.2909 
        H115  1 0.3780 0.2378 0.3842 
        H143  1 0.3856 0.3144 0.2999 
        H144  1 0.3673 0.3911 0.2416 
        H145  1 0.3291 0.4225 0.2484 
        H149  1 0.3212 0.2695 0.4093 
        H150  1 0.3254 0.3355 0.3391 
     H167542  1 0.4263 0.2815 0.2922 
     H169604  1 0.3723 0.3053 0.3224 
     H169607  1 0.3701 0.3661 0.2638 
     H169608  1 0.2729 0.3064 0.4207 
     H169633  1 0.4439 0.3139 0.2422 
     H169688  1 0.2895 0.4366 0.2739 
     H169714  1 0.2984 0.2923 0.4094 
     H171802  1 0.2877 0.2988 0.4134 
     H171805  1 0.3579 0.3644 0.2777 
     H171807  1 0.3172 0.3255 0.3573 
     H171814  1 0.3154 0.4293 0.2553 
     H171816  1 0.3112 0.3076 0.3813 
     H171817  1 0.3366 0.2807 0.3828 
     H171818  1 0.3764 0.3093 0.3142 
     H171819  1 0.3298 0.3033 0.3670 
     H171834  1 0.3584 0.3251 0.3165 
     H171835  1 0.2401 0.2719 0.4880 
     H171836  1 0.4363 0.3577 0.2060 
     H171837  1 0.3261 0.2800 0.3939 
     H171838  1 0.3394 0.3880 0.2725 
     H171839  1 0.3419 0.2742 0.3839 
     H171841  1 0.2436 0.3344 0.4220 
     H171860  1 0.3690 0.3014 0.3296 
     H171861  1 0.4591 0.3300 0.2110 
     H171862  1 0.3339 0.3199 0.3462 
     H171868  1 0.4428 0.2669 0.2903 
     H171869  1 0.2997 0.4043 0.2960 
     H171870  1 0.3082 0.3756 0.3161 
     H171871  1 0.3502 0.3651 0.2847 
     H171872  1 0.3417 0.2710 0.3873 
     H171873  1 0.2662 0.3832 0.3506 
     H171874  1 0.3459 0.3832 0.2709 
     H171875  1 0.4214 0.3456 0.2330 
     H171876  1 0.3790 0.3309 0.2901 
     H171877  1 0.4336 0.2605 0.3058 
     H171878  1 0.2709 0.3870 0.3421 
     H171901  1 0.2915 0.3065 0.4020 
     H171902  1 0.2920 0.3795 0.3285 
     H171903  1 0.3543 0.3093 0.3364 
     H171935  1 0.2684 0.3571 0.3745 
     H171936  1 0.4034 0.3104 0.2861 
     H171940  1 0.3412 0.3173 0.3415 
     H171945  1 0.3223 0.3699 0.3078 
     H171948  1 0.3761 0.2764 0.3474 
     H171949  1 0.2887 0.2952 0.4160 
     H171950  1 0.2438 0.2736 0.4826 
     H171963  1 0.3319 0.4044 0.2637 
     H171964  1 0.2636 0.4402 0.2962 
     H171966  1 0.3404 0.3413 0.3182 
     H171968  1 0.2924 0.3574 0.3502 
     H171971  1 0.3071 0.3763 0.3167 
     H171972  1 0.3188 0.4130 0.2682 
     H171977  1 0.2990 0.4187 0.2824 
     H171978  1 0.2900 0.3448 0.3652 
     H171979  1 0.3956 0.3728 0.2315 
        H176  1 0.3671 0.3310 0.3018 
        H177  1 0.3044 0.2680 0.4276 
        H179  1 0.3410 0.2408 0.4181 
        H181  1 0.3827 0.3879 0.2295 
        H182  1 0.3878 0.3676 0.2446 
        H183  1 0.3103 0.4321 0.2576 
        H184  1 0.3729 0.2981 0.3290 
        H185  1 0.3987 0.3528 0.2485 
        H186  1 0.2959 0.3583 0.3458 
        H187  1 0.3348 0.3385 0.3267 
        H188  1 0.3656 0.2608 0.3736 
        H192  1 0.3179 0.3065 0.3755 
        H193  1 0.3660 0.3866 0.2474 
        H194  1 0.3582 0.2923 0.3495 
        H195  1 0.2883 0.4854 0.2264 
        H199  1 0.3017 0.4306 0.2677 
        H200  1 0.3325 0.3134 0.3541 
        H414  1 0.3536 0.3409 0.3054 
        H415  1 0.3774 0.3163 0.3063 
        H422  1 0.2923 0.3684 0.3393 
        H423  1 0.2746 0.2824 0.4429 
        H424  1 0.3727 0.3714 0.2559 
        H425  1 0.2977 0.4272 0.2751 
        H426  1 0.2595 0.4444 0.2961 
        H443  1 0.3102 0.4009 0.2889 
        H466  1 0.3540 0.3056 0.3404 
        H467  1 0.2539 0.3058 0.4403 
        H472  1 0.3492 0.3345 0.3164 
        H483  1 0.4226 0.3421 0.2353 
        H504  1 0.2970 0.4373 0.2657 
        H505  1 0.3316 0.3016 0.3668 
        H506  1 0.3227 0.3655 0.3118 
        H507  1 0.4085 0.3617 0.2298 
        H508  1 0.3056 0.3386 0.3558 
        H524  1 0.3881 0.3586 0.2533 
        H525  1 0.3250 0.3599 0.3152 
        H526  1 0.4260 0.3081 0.2658 
        H527  1 0.3064 0.3121 0.3815 
        H528  1 0.3692 0.3660 0.2648 
        H529  1 0.3911 0.3536 0.2553 
        H533  1 0.4376 0.3228 0.2396 
        H538  1 0.3547 0.2960 0.3493 
        H539  1 0.3077 0.4063 0.2860 
        H540  1 0.3611 0.3154 0.3235 
        H541  1 0.3691 0.2935 0.3374 
        H558  1 0.2947 0.4435 0.2618 
        H559  1 0.3462 0.3334 0.3203 
        H579  1 0.3603 0.3753 0.2644 
        H584  1 0.3072 0.4078 0.2850 
        H585  1 0.3643 0.3355 0.3002 
        H605  1 0.3355 0.3424 0.3221 
        H606  1 0.2925 0.2852 0.4223 
        H632  1 0.2954 0.4222 0.2824 
        H634  1 0.3362 0.3616 0.3022 
        H671  1 0.2739 0.2811 0.4450 
        H672  1 0.3190 0.3510 0.3300 
        H673  1 0.3704 0.3803 0.2492 
        H689  1 0.3518 0.3596 0.2886 
        H690  1 0.3522 0.2619 0.3858 
        H691  1 0.3857 0.2840 0.3303 
        H692  1 0.4464 0.3732 0.1804 
        H709  1 0.3644 0.3335 0.3021 
        H710  1 0.3932 0.3825 0.2243 
       H7355  1 0.4375 0.2867 0.2758 
       H7356  1 0.3155 0.3796 0.3049 
       H7357  1 0.3889 0.2767 0.3344 
       H7358  1 0.3900 0.3690 0.2410 
       H7380  1 0.3785 0.3286 0.2929 
       H7381  1 0.2794 0.3341 0.3865 
       H7382  1 0.3516 0.3618 0.2866 
        H904  1 0.2591 0.2257 0.5151 
        H923  1 0.3253 0.3598 0.3148 
        H924  1 0.3044 0.3243 0.3712 
        H925  1 0.3825 0.3172 0.3003 
       H9558  1 0.2799 0.4696 0.2505 
        H008  2 0.4731 0.3018 0.2251 
        H021  2 0.3153 0.2842 0.4006 
        H023  2 0.3169 0.2772 0.4059 
        H024  2 0.3450 0.4214 0.2336 
        H025  2 0.2811 0.3541 0.3648 
        H026  2 0.2968 0.4280 0.2752 
        H027  2 0.3767 0.3159 0.3074 
        H028  2 0.3459 0.3837 0.2704 
        H029  2 0.3592 0.3525 0.2883 
        H030  2 0.3197 0.4218 0.2584 
        H038  2 0.2695 0.3246 0.4059 
        H039  2 0.2153 0.2428 0.5419 
        H040  2 0.2870 0.3107 0.4023 
        H041  2 0.4230 0.2722 0.3048 
        H042  2 0.3491 0.3160 0.3349 
        H043  2 0.2392 0.3511 0.4097 
        H044  2 0.3621 0.3920 0.2459 
        H047  2 0.2554 0.3567 0.3879 
        H050  2 0.3173 0.3989 0.2838 
        H058  2 0.2996 0.3343 0.3662 
        H062  2 0.3254 0.3078 0.3668 
        H063  2 0.3146 0.2710 0.4144 
        H065  2 0.2866 0.3873 0.3261 
        H066  2 0.2968 0.3666 0.3366 
        H067  2 0.3769 0.3064 0.3168 
        H068  2 0.2632 0.3073 0.4295 
        H069  2 0.2923 0.3884 0.3193 
        H071  2 0.3006 0.2968 0.4026 
        H072  2 0.2994 0.2666 0.4340 
        H073  2 0.3510 0.3506 0.2984 
        H081  2 0.4279 0.2514 0.3207 
        H082  2 0.3953 0.4015 0.2032 
        H083  2 0.3450 0.4203 0.2347 
        H084  2 0.3183 0.3023 0.3794 
        H085  2 0.4226 0.2805 0.2969 
        H087  2 0.4305 0.2624 0.3071 
        H088  2 0.3558 0.2557 0.3885 
        H089  2 0.4006 0.3177 0.2817 
        H090  2 0.3388 0.4003 0.2609 
        H091  2 0.3810 0.3466 0.2725 
        H098  2 0.4105 0.3204 0.2691 
      H10001  2 0.2145 0.2488 0.5367 
      H10002  2 0.3484 0.2697 0.3819 
        H101  2 0.3052 0.3887 0.3061 
        H108  2 0.3723 0.2635 0.3642 
        H109  2 0.3078 0.3096 0.3826 
        H110  2 0.4636 0.2774 0.2590 
        H116  2 0.3310 0.3765 0.2926 
        H117  2 0.4290 0.2761 0.2949 
        H118  2 0.3595 0.4177 0.2228 
        H119  2 0.3000 0.2767 0.4234 
        H120  2 0.3095 0.2448 0.4457 
        H121  2 0.3548 0.3718 0.2734 
        H125  2 0.2176 0.2173 0.5651 
        H126  2 0.3125 0.4132 0.2743 
        H128  2 0.3039 0.5115 0.1846 
        H129  2 0.3250 0.4373 0.2376 
        H130  2 0.2392 0.4056 0.3552 
        H133  2 0.2428 0.2947 0.4624 
        H134  2 0.2553 0.5114 0.2333 
        H135  2 0.3852 0.2901 0.3247 
        H137  2 0.3538 0.3197 0.3265 
        H138  2 0.2942 0.4446 0.2611 
        H140  2 0.3347 0.3556 0.3097 
        H146  2 0.3242 0.3917 0.2842 
        H147  2 0.4202 0.3014 0.2783 
        H148  2 0.4230 0.2561 0.3209 
     H166022  2 0.4243 0.3140 0.2617 
     H167359  2 0.3574 0.3348 0.3078 
     H167397  2 0.4481 0.3610 0.1909 
     H167428  2 0.4332 0.3636 0.2031 
     H167496  2 0.3245 0.2325 0.4430 
     H167513  2 0.3562 0.3579 0.2859 
     H167545  2 0.3072 0.4271 0.2657 
     H167547  2 0.3140 0.4449 0.2410 
     H169621  2 0.3604 0.3678 0.2718 
     H169622  2 0.3807 0.3643 0.2551 
     H169750  2 0.2625 0.3482 0.3893 
     H171806  2 0.2643 0.3497 0.3860 
     H171808  2 0.3442 0.3452 0.3105 
     H171809  2 0.3993 0.2802 0.3205 
     H171813  2 0.2806 0.4064 0.3130 
     H171815  2 0.2337 0.3167 0.4496 
     H171824  2 0.3159 0.2333 0.4508 
     H171825  2 0.3469 0.3371 0.3160 
     H171826  2 0.3502 0.2741 0.3756 
     H171827  2 0.3296 0.3044 0.3660 
     H171828  2 0.2717 0.2212 0.5071 
     H171829  2 0.2664 0.3790 0.3546 
     H171830  2 0.3976 0.3002 0.3022 
     H171831  2 0.3529 0.4175 0.2296 
     H171832  2 0.3484 0.3653 0.2864 
     H171863  2 0.3086 0.4713 0.2201 
     H171864  2 0.4013 0.2920 0.3067 
     H171865  2 0.2750 0.2942 0.4308 
     H171879  2 0.3225 0.3545 0.3230 
     H171880  2 0.3755 0.3142 0.3103 
     H171881  2 0.3955 0.3251 0.2795 
     H171882  2 0.2851 0.2737 0.4412 
     H171929  2 0.4256 0.3130 0.2614 
     H171930  2 0.3216 0.4169 0.2616 
     H171933  2 0.3530 0.3346 0.3124 
     H171934  2 0.3755 0.3096 0.3148 
     H171937  2 0.3099 0.4254 0.2647 
     H171962  2 0.3965 0.3345 0.2690 
        H190  2 0.3866 0.3543 0.2592 
        H191  2 0.3371 0.3483 0.3145 
        H396  2 0.3609 0.3106 0.3285 
        H397  2 0.3532 0.3429 0.3040 
        H398  2 0.2980 0.3586 0.3435 
        H400  2 0.3785 0.3095 0.3120 
        H401  2 0.3684 0.4212 0.2103 
        H402  2 0.4301 0.3188 0.2510 
        H427  2 0.4063 0.2792 0.3145 
        H428  2 0.4376 0.3595 0.2029 
        H497  2 0.3185 0.3535 0.3280 
        H512  2 0.3699 0.3135 0.3166 
        H513  2 0.3508 0.3597 0.2895 
        H514  2 0.3020 0.4070 0.2911 
        H519  2 0.3698 0.3326 0.2976 
        H532  2 0.4018 0.3220 0.2762 
        H543  2 0.4202 0.3084 0.2713 
        H544  2 0.2802 0.4342 0.2857 
        H545  2 0.2990 0.4488 0.2521 
        H546  2 0.2941 0.3456 0.3603 
        H547  2 0.3142 0.4397 0.2461 
        H548  2 0.4208 0.2946 0.2846 
        H549  2 0.3034 0.4220 0.2746 
        H620  2 0.2848 0.2425 0.4727 
        H623  2 0.3506 0.4011 0.2483 
        H624  2 0.2140 0.4270 0.3590 
        H625  2 0.3958 0.3197 0.2845 
        H626  2 0.3509 0.3040 0.3451 
        H654  2 0.2273 0.2801 0.4926 
        H655  2 0.2810 0.3099 0.4091 
        H656  2 0.3043 0.2763 0.4195 
        H666  2 0.2274 0.2999 0.4728 
        H667  2 0.3692 0.3216 0.3092 
        H677  2 0.3565 0.3435 0.3000 
        H693  2 0.3418 0.2501 0.4081 
        H694  2 0.3571 0.3985 0.2445 
        H701  2 0.4006 0.3337 0.2657 
        H702  2 0.3484 0.2824 0.3692 
        H731  2 0.3075 0.2953 0.3973 
       H7359  2 0.3626 0.3291 0.3083 
       H7389  2 0.3145 0.3587 0.3268 
       H7390  2 0.2633 0.2621 0.4746 
       H7391  2 0.4497 0.2430 0.3073 
       H7392  2 0.2727 0.3581 0.3692 
       H7393  2 0.3191 0.3105 0.3704 
       H7398  2 0.4231 0.2613 0.3156 
       H7399  2 0.3527 0.3828 0.2645 
       H7400  2 0.2500 0.2778 0.4723 
        H745  2 0.3100 0.4471 0.2429 
        H746  2 0.3563 0.3827 0.2609 
        H747  2 0.2865 0.2850 0.4285 
        H748  2 0.3276 0.3225 0.3499 
       H7484  2 0.2858 0.2857 0.4285 
       H7485  2 0.3455 0.3935 0.2610 
        H749  2 0.3692 0.3694 0.2614 
        H930  2 0.3323 0.3960 0.2717 
        H931  2 0.3893 0.3168 0.2939 
        H932  2 0.3016 0.3215 0.3768 
        H111  3 0.3364 0.3919 0.2717 
        H951  3 0.3697 0.3708 0.2596 
        H952  3 0.2521 0.3942 0.3537 
        H953  3 0.3819 0.3229 0.2951 
        H954  3 0.2920 0.2857 0.4223 
        H955  3 0.3574 0.3670 0.2756 
        H956  3 0.3102 0.2943 0.3955 
       H9563  3 0.3614 0.2690 0.3695 
        H002  4 0.2549 0.3385 0.4066 
        H003  4 0.3823 0.3408 0.2769 
        H009  4 0.3016 0.4174 0.2809 
        H010  4 0.3418 0.3328 0.3254 
        H011  4 0.3099 0.2652 0.4249 
        H012  4 0.4720 0.2872 0.2408 
        H013  4 0.3855 0.2681 0.3464 
        H014  4 0.3228 0.3444 0.3328 
        H045  4 0.3893 0.2670 0.3437 
        H046  4 0.3472 0.3673 0.2855 
        H051  4 0.3644 0.2618 0.3738 
        H052  4 0.2599 0.3973 0.3428 
        H053  4 0.3070 0.2834 0.4096 
        H056  4 0.2907 0.3413 0.3681 
        H076  4 0.3529 0.3825 0.2646 
        H151  4 0.2167 0.2869 0.4965 
        H152  4 0.2304 0.3574 0.4122 
     H171803  4 0.2846 0.2739 0.4415 
     H171804  4 0.3490 0.2676 0.3834 
     H171833  4 0.2938 0.4506 0.2556 
     H171855  4 0.2404 0.3027 0.4569 
     H171856  4 0.3150 0.3347 0.3503 
     H171857  4 0.2530 0.3116 0.4354 
     H171858  4 0.3150 0.3578 0.3272 
     H171859  4 0.3068 0.3383 0.3550 
     H171961  4 0.3256 0.2896 0.3848 
        H198  4 0.3928 0.3561 0.2511 
      H20001  4 0.2891 0.4541 0.2568 
        H403  4 0.3077 0.3566 0.3357 
        H404  4 0.4007 0.3230 0.2763 
        H405  4 0.3984 0.3325 0.2691 
        H406  4 0.2651 0.4520 0.2830 
        H407  4 0.3099 0.2867 0.4034 
        H410  4 0.3754 0.3610 0.2636 
        H411  4 0.3129 0.4207 0.2665 
        H468  4 0.2741 0.3912 0.3346 
        H476  4 0.3080 0.3395 0.3524 
        H477  4 0.2570 0.4499 0.2931 
        H478  4 0.4116 0.3442 0.2442 
        H479  4 0.3597 0.3079 0.3324 
        H480  4 0.3319 0.4090 0.2591 
        H498  4 0.3421 0.3511 0.3068 
        H499  4 0.3168 0.3363 0.3470 
        H500  4 0.3070 0.2486 0.4444 
        H515  4 0.3136 0.2862 0.4002 
        H516  4 0.2851 0.3758 0.3391 
        H517  4 0.3324 0.3261 0.3415 
        H518  4 0.2695 0.3774 0.3532 
        H520  4 0.2687 0.3064 0.4249 
        H521  4 0.3815 0.3160 0.3025 
        H522  4 0.3079 0.3277 0.3644 
        H523  4 0.3085 0.3361 0.3554 
        H536  4 0.3623 0.3188 0.3189 
        H645  4 0.3847 0.2552 0.3600 
        H646  4 0.3276 0.4072 0.2652 
        H647  4 0.3064 0.3720 0.3216 
        H657  4 0.3644 0.3643 0.2714 
        H658  4 0.3163 0.2908 0.3929 
        H659  4 0.2295 0.2495 0.5210 
        H660  4 0.3328 0.3404 0.3269 
        H661  4 0.2649 0.3456 0.3895 
        H668  4 0.4182 0.3063 0.2754 
        H669  4 0.3723 0.2878 0.3399 
        H670  4 0.3713 0.2589 0.3698 
        H678  4 0.3388 0.3096 0.3516 
        H679  4 0.3957 0.3460 0.2582 
        H680  4 0.3018 0.3573 0.3409 
        H681  4 0.3726 0.2884 0.3390 
        H682  4 0.4062 0.2728 0.3210 
        H683  4 0.2537 0.3840 0.3623 
        H718  4 0.2785 0.3097 0.4118 
        H719  4 0.3994 0.2735 0.3271 
        H720  4 0.3089 0.3995 0.2916 
        H721  4 0.2879 0.3664 0.3456 
        H722  4 0.2562 0.4011 0.3427 
        H723  4 0.3500 0.2610 0.3890 
        H724  4 0.2350 0.2528 0.5121 
        H725  4 0.2604 0.2872 0.4524 
        H726  4 0.2984 0.2971 0.4045 
        H727  4 0.3177 0.2602 0.4221 
        H910  4 0.3361 0.2730 0.3909 
        H911  4 0.3417 0.3713 0.2870 
        H912  4 0.2927 0.3451 0.3622 
        H913  4 0.2661 0.2925 0.4414 
        H914  4 0.3182 0.2404 0.4414 
        H915  4 0.3324 0.3085 0.3591 
        H916  4 0.2910 0.3762 0.3329 
       H9572  4 0.3334 0.3340 0.3326 
        H015  5 0.3596 0.3910 0.2495 
        H016  5 0.3100 0.4182 0.2718 
        H017  5 0.2563 0.3945 0.3492 
        H019  5 0.3507 0.3880 0.2612 
        H020  5 0.2891 0.3603 0.3505 
        H032  5 0.3018 0.3317 0.3664 
        H033  5 0.4257 0.2931 0.2812 
        H034  5 0.3324 0.2614 0.4062 
        H035  5 0.3142 0.3210 0.3648 
        H036  5 0.3500 0.3301 0.3198 
        H037  5 0.2798 0.2725 0.4477 
        H048  5 0.3246 0.2458 0.4295 
        H049  5 0.2911 0.3974 0.3115 
        H054  5 0.3305 0.3116 0.3579 
        H055  5 0.3095 0.3354 0.3551 
        H057  5 0.2753 0.4130 0.3117 
        H060  5 0.2669 0.3643 0.3688 
        H061  5 0.3688 0.3339 0.2973 
        H064  5 0.3262 0.3356 0.3382 
        H070  5 0.3565 0.2755 0.3680 
        H077  5 0.3011 0.3053 0.3937 
        H078  5 0.2556 0.3280 0.4164 
        H079  5 0.4253 0.3097 0.2650 
        H097  5 0.2380 0.4149 0.3470 
        H107  5 0.2741 0.2213 0.5046 
        H122  5 0.2950 0.3837 0.3213 
        H123  5 0.3395 0.3697 0.2908 
        H124  5 0.3602 0.3495 0.2902 
        H131  5 0.3473 0.3585 0.2942 
        H132  5 0.3296 0.3116 0.3588 
        H141  5 0.3048 0.3133 0.3819 
        H142  5 0.3759 0.3729 0.2512 
        H157  5 0.2951 0.2584 0.4465 
        H158  5 0.2726 0.4395 0.2879 
        H159  5 0.3842 0.3619 0.2539 
        H160  5 0.2931 0.3487 0.3582 
        H163  5 0.3481 0.3496 0.3024 
        H164  5 0.3974 0.3320 0.2706 
        H165  5 0.4260 0.3355 0.2385 
        H166  5 0.3453 0.3779 0.2768 
        H169  5 0.3330 0.3181 0.3489 
     H169613  5 0.3036 0.3604 0.3360 
     H169653  5 0.3703 0.3461 0.2836 
     H169728  5 0.3552 0.3477 0.2971 
     H169742  5 0.3562 0.2915 0.3523 
        H170  5 0.2729 0.4372 0.2899 
        H171  5 0.3006 0.4236 0.2758 
     H171851  5 0.3237 0.3606 0.3157 
     H171852  5 0.2626 0.3433 0.3941 
     H171853  5 0.3567 0.2688 0.3745 
     H171854  5 0.3411 0.3378 0.3211 
     H171938  5 0.4062 0.2554 0.3384 
     H171939  5 0.3076 0.4151 0.2773 
     H171941  5 0.2996 0.2728 0.4276 
     H171965  5 0.3518 0.3734 0.2747 
     H171970  5 0.2850 0.2629 0.4522 
     H171973  5 0.4154 0.2940 0.2905 
     H171974  5 0.3751 0.2774 0.3476 
     H171975  5 0.3526 0.2977 0.3497 
     H171976  5 0.2469 0.4359 0.3172 
        H175  5 0.3243 0.2648 0.4110 
        H178  5 0.3373 0.3247 0.3380 
        H189  5 0.3309 0.4288 0.2402 
        H399  5 0.2595 0.4146 0.3259 
        H416  5 0.3347 0.3063 0.3589 
        H438  5 0.4034 0.2577 0.3389 
        H450  5 0.2734 0.3122 0.4144 
        H455  5 0.3214 0.2593 0.4193 
        H456  5 0.3623 0.2891 0.3485 
        H457  5 0.2742 0.3642 0.3615 
        H458  5 0.3059 0.2822 0.4119 
        H459  5 0.3726 0.3541 0.2733 
        H460  5 0.3354 0.3201 0.3445 
        H461  5 0.2753 0.4071 0.3176 
        H462  5 0.3772 0.3337 0.2892 
        H469  5 0.4256 0.3227 0.2517 
        H470  5 0.3495 0.3048 0.3457 
        H471  5 0.3100 0.4295 0.2605 
        H481  5 0.2422 0.2568 0.5010 
        H482  5 0.3189 0.3219 0.3592 
        H501  5 0.3708 0.2918 0.3374 
        H502  5 0.3370 0.4148 0.2483 
        H503  5 0.3169 0.3805 0.3026 
        H509  5 0.3174 0.2628 0.4199 
        H510  5 0.3676 0.3495 0.2829 
        H511  5 0.3280 0.3924 0.2795 
        H530  5 0.3498 0.2670 0.3832 
        H531  5 0.2642 0.3101 0.4257 
        H564  5 0.3166 0.3319 0.3515 
        H565  5 0.2585 0.3035 0.4379 
        H567  5 0.3456 0.4086 0.2457 
     H568???  5 0.3068 0.4028 0.2904 
        H608  5 0.2705 0.3017 0.4278 
        H609  5 0.4036 0.2888 0.3076 
        H612  5 0.3023 0.2311 0.4666 
        H614  5 0.2388 0.2971 0.4642 
        H615  5 0.2541 0.3377 0.4083 
        H616  5 0.2601 0.2187 0.5212 
        H617  5 0.4019 0.3211 0.2770 
        H618  5 0.3132 0.2587 0.4281 
        H619  5 0.4159 0.3278 0.2564 
        H635  5 0.3603 0.3197 0.3200 
        H636  5 0.4358 0.2762 0.2880 
        H637  5 0.3480 0.3343 0.3177 
        H644  5 0.3160 0.4964 0.1877 
        H711  5 0.2711 0.4338 0.2951 
        H712  5 0.3427 0.2632 0.3940 
       H7360  5 0.3025 0.3778 0.3198 
       H7361  5 0.3071 0.2947 0.3982 
       H7362  5 0.3255 0.4449 0.2296 
       H7363  5 0.2729 0.3459 0.3812 
       H7394  5 0.3614 0.3533 0.2853 
       H7395  5 0.3653 0.3111 0.3237 
       H7396  5 0.3369 0.3128 0.3503 
        H742  5 0.3620 0.2861 0.3519 
        H743  5 0.3098 0.3549 0.3353 
        H744  5 0.2757 0.2479 0.4764 
        H957  5 0.3049 0.3771 0.3179 
        H958  5 0.3501 0.3482 0.3017 
        H959  5 0.3484 0.2527 0.3988 
        H960  5 0.3427 0.3212 0.3361 
      H_PALI  6 0.3595 0.3485 0.2920 
        H581  6 0.2847 0.3373 0.3780 
        H582  6 0.2559 0.3182 0.4258 
        H583  6 0.3123 0.3289 0.3589 
        H595  6 0.3772 0.3660 0.2567 
        H596  6 0.3784 0.3784 0.2432 
        H597  6 0.3270 0.4157 0.2573 
        H598  6 0.3644 0.2835 0.3521 
        H599  6 0.3250 0.2938 0.3812 
        H642  6 0.2998 0.4227 0.2775 
        H643  6 0.3479 0.3028 0.3493 
        H664  6 0.2279 0.3354 0.4366 
        H665  6 0.4130 0.2601 0.3269 
        H674  6 0.3007 0.4789 0.2204 
        H675  6 0.2650 0.3541 0.3809 
        H676  6 0.3632 0.3833 0.2535 
        H686  6 0.3434 0.3503 0.3064 
        H687  6 0.3132 0.3343 0.3525 
        H917  6 0.4456 0.3006 0.2538 
        H918  6 0.4038 0.3256 0.2706 
        H919  6 0.2953 0.2285 0.4762 
        H920  6 0.3389 0.3152 0.3459 
        H631  7 0.2933 0.3075 0.3992 
        H684  7 0.3119 0.4363 0.2518 
        H685  7 0.2315 0.2766 0.4918 
        H713  7 0.2876 0.2635 0.4490 
        H715  7 0.2967 0.4157 0.2877 
        H716  7 0.3341 0.3166 0.3493 
        H717  7 0.3400 0.3308 0.3292 
        H729  7 0.4555 0.3021 0.2424 
        H730  7 0.3642 0.2744 0.3614 
        H431  8 0.2843 0.2734 0.4423 
        H432  8 0.3431 0.4245 0.2324 
        H433  8 0.4178 0.2974 0.2848 
        H434  8 0.3621 0.3404 0.2975 
        H444  8 0.4472 0.2951 0.2576 
        H454  8 0.3357 0.2606 0.4037 
        H475  8 0.2928 0.2924 0.4148 
        H491  8 0.3243 0.3275 0.3482 
        H492  8 0.3058 0.2858 0.4084 
        H493  8 0.3034 0.3678 0.3288 
        H494  8 0.3537 0.3098 0.3365 
        H495  8 0.2191 0.3807 0.4002 
        H662  8 0.3061 0.3881 0.3057 
        H663  8 0.3497 0.3173 0.3330 
        H695  8 0.3434 0.2900 0.3665 
       H7367  8 0.3980 0.3366 0.2654 
       H7368  8 0.3495 0.3531 0.2974 
       H7369  8 0.4090 0.2841 0.3069 
       H7370  8 0.3819 0.3671 0.2510 
       H7371  8 0.4056 0.2773 0.3171 
        H600  9 0.2956 0.2994 0.4050 
        H648  9 0.3195 0.3615 0.3189 
        H696  9 0.2966 0.4863 0.2171 
        H697  9 0.3641 0.3122 0.3237 
        H698  9 0.3359 0.3698 0.2943 
        H699  9 0.3544 0.3395 0.3062 
        H700  9 0.3186 0.2907 0.3907 
        H732  9 0.2536 0.3138 0.4326 
        H733  9 0.4196 0.3285 0.2519 
        H734  9 0.3362 0.4060 0.2578 
        H735  9 0.3448 0.3626 0.2925 
        H736  9 0.3094 0.3481 0.3425 
        H737  9 0.2851 0.3226 0.3923 
        H905  9 0.3594 0.2739 0.3666 
        H921  9 0.3605 0.2653 0.3742 
        H922  9 0.4355 0.3325 0.2319 
     H169705 10 0.3433 0.3203 0.3364 
     H171942 10 0.3745 0.4056 0.2198 
     H171943 10 0.2974 0.3709 0.3317 
     H171944 10 0.3529 0.2896 0.3575 
     H171946 10 0.2289 0.3539 0.4172 
     H171947 10 0.3637 0.3632 0.2730 
     H229641 10 0.3400 0.3454 0.3146 
      H30001 10 0.3808 0.2701 0.3491 
      H30002 10 0.3399 0.3271 0.3330 
      H30005 10 0.3409 0.3140 0.3451 
      H30006 10 0.3135 0.4121 0.2743 
      H30007 10 0.2723 0.5065 0.2213 
        H451 10 0.4289 0.3366 0.2345 
        H452 10 0.2979 0.3796 0.3225 
        H453 10 0.2399 0.3224 0.4378 
        H473 10 0.3210 0.3365 0.3425 
        H474 10 0.2300 0.3020 0.4680 
        H486 10 0.3457 0.3026 0.3517 
        H487 10 0.3056 0.3173 0.3771 
        H488 10 0.4137 0.2672 0.3191 
        H489 10 0.2894 0.2646 0.4460 
        H550 10 0.2748 0.4195 0.3057 
        H551 10 0.3775 0.2725 0.3500 
        H553 10 0.2586 0.3074 0.4340 
        H554 10 0.3792 0.3698 0.2510 
        H556 10 0.2654 0.3521 0.3824 
        H580 10 0.3659 0.3250 0.3091 
        H591 10 0.2786 0.2677 0.4538 
        H592 10 0.3160 0.2822 0.4018 
        H593 10 0.3644 0.3581 0.2775 
        H594 10 0.3709 0.3998 0.2293 
        H627 10 0.3044 0.3796 0.3160 
        H628 10 0.4580 0.3209 0.2211 
        H629 10 0.2857 0.3756 0.3387 
        H630 10 0.2851 0.3444 0.3705 
        H638 10 0.3781 0.3150 0.3069 
        H639 10 0.2545 0.3270 0.4185 
        H640 10 0.3371 0.3831 0.2798 
        H704 10 0.3101 0.4207 0.2693 
        H705 10 0.3498 0.3094 0.3407 
        H706 10 0.3528 0.2449 0.4023 
        H708 10 0.2452 0.2719 0.4828 
       H7351 10 0.3224 0.3666 0.3110 
       H7352 10 0.3321 0.3049 0.3631 
       H7353 10 0.3012 0.4367 0.2621 
       H7354 10 0.3134 0.3082 0.3784 
       H7365 10 0.2782 0.2498 0.4720 
       H7383 10 0.3495 0.2611 0.3894 
       H7384 10 0.3118 0.2905 0.3977 
       H7385 10 0.3148 0.2697 0.4154 
       H7386 10 0.3919 0.3071 0.3010 
       H7387 10 0.3591 0.3123 0.3287 
       H7388 10 0.3227 0.3323 0.3450 
        H906 10 0.3119 0.3435 0.3447 
        H907 10 0.3742 0.3603 0.2656 
        H908 10 0.3779 0.3039 0.3183 
        H909 10 0.3584 0.3104 0.3312 
       H9552 10 0.3110 0.3406 0.3485 
       H9553 10 0.2839 0.3049 0.4112 
       H9555 10 0.4031 0.2924 0.3045 
       H9575 10 0.2539 0.3083 0.4378 
       H9703 10 0.2339 0.2747 0.4914 
       H9707 10 0.3041 0.3083 0.3875 
       HSAA4 10 0.3577 0.3332 0.3091 
        H001 11 0.3170 0.2899 0.3932 
        H004 11 0.3425 0.3504 0.3071 
        H005 11 0.3112 0.2579 0.4309 
        H006 11 0.3590 0.2922 0.3488 
        H007 11 0.3618 0.2509 0.3873 
        H031 11 0.2754 0.2241 0.5004 
        H074 11 0.2718 0.2911 0.4371 
        H075 11 0.3139 0.2548 0.4313 
        H080 11 0.3030 0.2557 0.4414 
        H086 11 0.3074 0.3265 0.3661 
        H092 11 0.3180 0.2856 0.3964 
        H093 11 0.3587 0.4179 0.2234 
        H094 11 0.3244 0.3490 0.3266 
        H095 11 0.2878 0.2963 0.4159 
        H096 11 0.3877 0.2711 0.3413 
        H099 11 0.3297 0.2852 0.3850 
        H100 11 0.3362 0.3910 0.2727 
        H127 11 0.3256 0.2996 0.3749 
        H136 11 0.2545 0.2890 0.4565 
        H153 11 0.3523 0.3617 0.2860 
        H154 11 0.2535 0.2758 0.4707 
        H155 11 0.4561 0.2943 0.2496 
        H156 11 0.4474 0.3303 0.2223 
        H161 11 0.3324 0.4052 0.2624 
        H162 11 0.3715 0.3627 0.2658 
        H167 11 0.3673 0.3250 0.3077 
        H168 11 0.3503 0.3117 0.3380 
     H169586 11 0.2132 0.4202 0.3666 
     H169738 11 0.4406 0.3040 0.2553 
     H169741 11 0.2658 0.2884 0.4458 
     H171801 11 0.3572 0.3951 0.2477 
     H171810 11 0.2747 0.3215 0.4038 
     H171811 11 0.2305 0.3250 0.4445 
     H171812 11 0.3708 0.2773 0.3519 
     H171820 11 0.2710 0.2847 0.4444 
     H171821 11 0.3683 0.3195 0.3122 
     H171822 11 0.3358 0.3160 0.3482 
     H171823 11 0.2544 0.3908 0.3548 
     H171866 11 0.3539 0.3857 0.2604 
     H171867 11 0.4541 0.2735 0.2724 
     H171967 11 0.3236 0.2501 0.4263 
     H171969 11 0.3553 0.3261 0.3186 
        H172 11 0.3565 0.3051 0.3384 
        H173 11 0.4113 0.2537 0.3349 
        H174 11 0.3430 0.3945 0.2625 
        H196 11 0.3701 0.3275 0.3024 
        H197 11 0.4215 0.2946 0.2838 
        H346 11 0.3676 0.2929 0.3395 
        H355 11 0.3139 0.3173 0.3688 
        H356 11 0.3190 0.3280 0.3531 
        H357 11 0.3424 0.2820 0.3756 
        H358 11 0.3820 0.2671 0.3509 
        H359 11 0.3191 0.3492 0.3317 
        H360 11 0.3610 0.2948 0.3442 
        H361 11 0.3582 0.3291 0.3127 
        H362 11 0.4157 0.3498 0.2346 
        H363 11 0.3000 0.2665 0.4335 
        H364 11 0.2899 0.3581 0.3520 
        H365 11 0.3724 0.3625 0.2651 
        H366 11 0.3817 0.3304 0.2879 
        H367 11 0.2714 0.2797 0.4489 
        H368 11 0.2968 0.4052 0.2980 
        H369 11 0.2969 0.2288 0.4743 
        H370 11 0.3632 0.3509 0.2859 
        H371 11 0.3322 0.3193 0.3485 
        H372 11 0.3197 0.3263 0.3540 
        H373 11 0.3294 0.3152 0.3554 
        H374 11 0.3220 0.3004 0.3776 
        H375 11 0.3704 0.2696 0.3600 
        H376 11 0.3655 0.3581 0.2764 
        H377 11 0.3536 0.2977 0.3487 
        H378 11 0.2832 0.3130 0.4037 
        H379 11 0.3424 0.3311 0.3265 
        H380 11 0.4451 0.2984 0.2565 
        H381 11 0.2816 0.3312 0.3871 
        H382 11 0.4239 0.3558 0.2203 
        H383 11 0.3590 0.3801 0.2609 
        H384 11 0.2692 0.2976 0.4332 
        H385 11 0.3078 0.3071 0.3851 
        H386 11 0.4181 0.2639 0.3180 
        H387 11 0.2430 0.4272 0.3299 
        H388 11 0.3838 0.3750 0.2412 
        H389 11 0.4067 0.2640 0.3293 
        H390 11 0.3814 0.3157 0.3029 
        H391 11 0.2889 0.3814 0.3297 
        H392 11 0.2961 0.2732 0.4307 
        H393 11 0.3493 0.4247 0.2260 
        H394 11 0.3028 0.4584 0.2388 
        H395 11 0.3073 0.2722 0.4205 
        H408 11 0.3633 0.2782 0.3584 
        H412 11 0.1960 0.3315 0.4726 
        H417 11 0.3078 0.3007 0.3915 
        H418 11 0.2538 0.3809 0.3652 
        H429 11 0.3937 0.3057 0.3006 
        H430 11 0.4219 0.3150 0.2632 
        H439 11 0.3413 0.2809 0.3778 
        H440 11 0.2771 0.2804 0.4425 
        H441 11 0.3888 0.3172 0.2940 
        H442 11 0.3487 0.3538 0.2975 
        H446 11 0.3095 0.3380 0.3525 
        H447 11 0.4080 0.3028 0.2892 
        H448 11 0.4191 0.2799 0.3009 
        H534 11 0.2314 0.2908 0.4778 
        H537 11 0.2725 0.2851 0.4424 
        H568 11 0.2753 0.2745 0.4501 
        H569 11 0.4416 0.3397 0.2187 
        H586 11 0.2069 0.4367 0.3564 
        H587 11 0.2469 0.2418 0.5113 
        H588 11 0.3018 0.4429 0.2553 
        H589 11 0.2656 0.2680 0.4664 
        H590 11 0.3078 0.3163 0.3760 
        H601 11 0.4022 0.3712 0.2266 
        H602 11 0.3148 0.2921 0.3930 
        H603 11 0.4606 0.2914 0.2479 
        H610 11 0.3347 0.3071 0.3581 
        H611 11 0.2958 0.2950 0.4092 
        H649 11 0.3393 0.3318 0.3289 
        H650 11 0.3041 0.4077 0.2882 
        H651 11 0.3968 0.2720 0.3312 
        H652 11 0.2895 0.3547 0.3559 
       H7364 11 0.3620 0.3213 0.3167 
       H7366 11 0.3780 0.2919 0.3301 
       H7378 11 0.3009 0.5111 0.1880 
       H7379 11 0.3373 0.3155 0.3472 
        H739 11 0.2701 0.2950 0.4349 
        H740 11 0.3196 0.3969 0.2835 
        H741 11 0.2713 0.2833 0.4454 
        H926 11 0.3258 0.3863 0.2879 
        H927 11 0.3689 0.3141 0.3170 
        H928 11 0.3164 0.3264 0.3572 
       H9560 11 0.2949 0.3566 0.3485 
        H409 12 0.4528 0.3009 0.2463 
        H413 12 0.2931 0.4781 0.2288 
        H419 12 0.3882 0.3003 0.3115 
        H420 12 0.3339 0.3085 0.3576 
        H421 12 0.3729 0.4008 0.2263 
        H435 12 0.3496 0.3797 0.2706 
        H436 12 0.3838 0.2714 0.3448 
        H437 12 0.2733 0.3190 0.4076 
        H445 12 0.4120 0.3162 0.2718 
        H449 12 0.2947 0.4007 0.3047 
        H463 12 0.3073 0.3248 0.3679 
        H464 12 0.3357 0.4235 0.2409 
        H465 12 0.2495 0.4424 0.3082 
        H490 12 0.3501 0.3943 0.2556 
        H561 12 0.3521 0.3323 0.3156 
        H562 12 0.3999 0.2557 0.3444 
        H563 12 0.3642 0.2714 0.3644 
        H570 12 0.3484 0.2600 0.3916 
        H571 12 0.2875 0.3804 0.3321 
        H572 12 0.3415 0.3173 0.3413 
        H573 12 0.4481 0.3084 0.2435 
       H7372 12 0.4122 0.3421 0.2458 
       H7373 12 0.2655 0.4653 0.2693 
       H7374 12 0.3320 0.3036 0.3644 
       H7375 12 0.3300 0.2922 0.3779 
       H7376 12 0.4803 0.2853 0.2344 
       H7377 12 0.3001 0.2816 0.4182 
