        H102  1 0.3592 0.2580 0.3828 
        H103  1 0.2328 0.4580 0.3092 
        H104  1 0.4199 0.2340 0.3461 
        H105  1 0.2922 0.2684 0.4394 
        H106  1 0.3467 0.3447 0.3086 
        H112  1 0.3867 0.2627 0.3506 
        H113  1 0.2981 0.2636 0.4383 
        H114  1 0.2545 0.2792 0.4664 
        H115  1 0.3607 0.2181 0.4212 
        H143  1 0.2877 0.2822 0.4301 
        H144  1 0.2149 0.3928 0.3923 
        H145  1 0.2236 0.4424 0.3340 
        H149  1 0.4229 0.2670 0.3102 
        H150  1 0.3312 0.3252 0.3436 
     H167542  1 0.2729 0.2479 0.4792 
     H169604  1 0.2846 0.2880 0.4274 
     H169607  1 0.2367 0.3522 0.4111 
     H169608  1 0.4341 0.2841 0.2817 
     H169633  1 0.2419 0.3150 0.4432 
     H169688  1 0.2732 0.4528 0.2740 
     H169714  1 0.3994 0.2891 0.3115 
     H171802  1 0.4170 0.3162 0.2668 
     H171805  1 0.2781 0.3618 0.3601 
     H171807  1 0.3524 0.3271 0.3205 
     H171814  1 0.2409 0.4444 0.3147 
     H171816  1 0.3840 0.3027 0.3133 
     H171817  1 0.3914 0.2744 0.3342 
     H171818  1 0.3146 0.3219 0.3635 
     H171819  1 0.3663 0.3059 0.3278 
     H171834  1 0.3159 0.2952 0.3888 
     H171835  1 0.4786 0.2618 0.2595 
     H171836  1 0.1974 0.4008 0.4018 
     H171837  1 0.3871 0.2650 0.3480 
     H171838  1 0.2683 0.4099 0.3218 
     H171839  1 0.3773 0.2605 0.3622 
     H171841  1 0.4772 0.3087 0.2140 
     H171860  1 0.3284 0.2749 0.3967 
     H171861  1 0.2047 0.3430 0.4523 
     H171862  1 0.3267 0.3215 0.3518 
     H171868  1 0.2762 0.2443 0.4795 
     H171869  1 0.2845 0.4223 0.2932 
     H171870  1 0.3375 0.3802 0.2823 
     H171871  1 0.2825 0.4200 0.2975 
     H171872  1 0.3677 0.2602 0.3721 
     H171873  1 0.3590 0.3834 0.2577 
     H171874  1 0.2740 0.3569 0.3690 
     H171875  1 0.2159 0.3434 0.4407 
     H171876  1 0.2701 0.3221 0.4078 
     H171877  1 0.2920 0.2381 0.4699 
     H171878  1 0.3637 0.3855 0.2508 
     H171901  1 0.4224 0.3083 0.2693 
     H171902  1 0.3136 0.3709 0.3155 
     H171903  1 0.3216 0.2962 0.3822 
     H171935  1 0.3840 0.3785 0.2375 
     H171936  1 0.2704 0.2997 0.4299 
     H171940  1 0.3659 0.2853 0.3487 
     H171945  1 0.3205 0.3630 0.3165 
     H171948  1 0.3730 0.2654 0.3616 
     H171949  1 0.4435 0.2795 0.2770 
     H171950  1 0.4995 0.2532 0.2473 
     H171963  1 0.2572 0.4322 0.3106 
     H171964  1 0.2723 0.4559 0.2718 
     H171966  1 0.3342 0.3632 0.3027 
     H171968  1 0.3487 0.3291 0.3222 
     H171971  1 0.3451 0.3865 0.2684 
     H171972  1 0.2585 0.3994 0.3421 
     H171977  1 0.2553 0.4390 0.3057 
     H171978  1 0.3821 0.3455 0.2724 
     H171979  1 0.2250 0.3945 0.3806 
        H176  1 0.2974 0.3121 0.3905 
        H177  1 0.4478 0.2519 0.3003 
        H179  1 0.4144 0.2248 0.3608 
        H181  1 0.2413 0.4012 0.3574 
        H182  1 0.2270 0.3795 0.3934 
        H183  1 0.2644 0.4583 0.2774 
        H184  1 0.3638 0.2797 0.3565 
        H185  1 0.2499 0.3575 0.3926 
        H186  1 0.3480 0.3409 0.3111 
        H187  1 0.3386 0.3447 0.3167 
        H188  1 0.3612 0.2419 0.3969 
        H192  1 0.4091 0.2873 0.3036 
        H193  1 0.2375 0.4129 0.3496 
        H194  1 0.3451 0.2781 0.3768 
        H195  1 0.2423 0.4770 0.2808 
        H199  1 0.2645 0.4455 0.2900 
        H200  1 0.3780 0.3003 0.3217 
        H414  1 0.2996 0.3791 0.3213 
        H415  1 0.2796 0.3263 0.3941 
        H422  1 0.3442 0.3565 0.2993 
        H423  1 0.5008 0.2513 0.2478 
        H424  1 0.2502 0.4044 0.3454 
        H425  1 0.2630 0.4338 0.3032 
        H426  1 0.2887 0.4785 0.2329 
        H443  1 0.2555 0.3807 0.3639 
        H466  1 0.3317 0.3210 0.3473 
        H467  1 0.4565 0.2968 0.2466 
        H472  1 0.3163 0.3292 0.3545 
        H483  1 0.2358 0.3346 0.4296 
        H504  1 0.2509 0.4500 0.2991 
        H505  1 0.3803 0.2841 0.3356 
        H506  1 0.3161 0.3617 0.3222 
        H507  1 0.2105 0.3789 0.4107 
        H508  1 0.3606 0.3637 0.2757 
        H524  1 0.2543 0.3538 0.3920 
        H525  1 0.2923 0.3481 0.3596 
        H526  1 0.2566 0.2764 0.4670 
        H527  1 0.4008 0.2897 0.3095 
        H528  1 0.2442 0.3682 0.3875 
        H529  1 0.2215 0.3760 0.4025 
        H533  1 0.2324 0.3938 0.3737 
        H538  1 0.3290 0.2799 0.3911 
        H539  1 0.2918 0.4168 0.2915 
        H540  1 0.3245 0.3038 0.3717 
        H541  1 0.2976 0.2908 0.4116 
        H558  1 0.2803 0.4537 0.2660 
        H559  1 0.3146 0.3080 0.3775 
        H579  1 0.2706 0.3736 0.3558 
        H584  1 0.2758 0.4100 0.3142 
        H585  1 0.2861 0.3630 0.3509 
        H605  1 0.3378 0.3193 0.3429 
        H606  1 0.4404 0.2390 0.3206 
        H632  1 0.2554 0.4324 0.3121 
        H634  1 0.3012 0.3640 0.3348 
        H671  1 0.4535 0.2723 0.2742 
        H672  1 0.3368 0.3454 0.3178 
        H673  1 0.2664 0.3463 0.3873 
        H689  1 0.2670 0.3565 0.3765 
        H690  1 0.3777 0.2447 0.3776 
        H691  1 0.3058 0.2579 0.4363 
        H692  1 0.1752 0.4042 0.4205 
        H709  1 0.3070 0.3486 0.3443 
        H710  1 0.2081 0.4151 0.3768 
       H7355  1 0.2360 0.2811 0.4829 
       H7356  1 0.3086 0.3694 0.3220 
       H7357  1 0.3512 0.2651 0.3837 
       H7358  1 0.2560 0.3489 0.3951 
       H7380  1 0.2762 0.3204 0.4034 
       H7381  1 0.4083 0.3245 0.2672 
       H7382  1 0.2772 0.3295 0.3933 
        H904  1 0.5327 0.1974 0.2698 
        H923  1 0.3312 0.3563 0.3125 
        H924  1 0.3662 0.3057 0.3282 
        H925  1 0.2801 0.3021 0.4179 
       H9558  1 0.2673 0.4816 0.2511 
        H008  2 0.2213 0.3145 0.4643 
        H021  2 0.3979 0.2746 0.3274 
        H023  2 0.4000 0.2641 0.3359 
        H024  2 0.2301 0.4729 0.2971 
        H025  2 0.3931 0.3392 0.2677 
        H026  2 0.2559 0.4439 0.3002 
        H027  2 0.2938 0.2906 0.4156 
        H028  2 0.2762 0.3712 0.3526 
        H029  2 0.2722 0.3760 0.3518 
        H030  2 0.2405 0.4459 0.3135 
        H038  2 0.4071 0.3137 0.2793 
        H039  2 0.5886 0.2095 0.2019 
        H040  2 0.4169 0.3306 0.2525 
        H041  2 0.2973 0.2670 0.4357 
        H042  2 0.3523 0.2987 0.3490 
        H043  2 0.4453 0.3475 0.2071 
        H044  2 0.2509 0.4353 0.3138 
        H047  2 0.4014 0.3490 0.2496 
        H050  2 0.2700 0.4358 0.2942 
        H058  2 0.3814 0.3617 0.2569 
        H062  2 0.3736 0.2750 0.3513 
        H063  2 0.4377 0.2646 0.2977 
        H065  2 0.3319 0.3796 0.2885 
        H066  2 0.3292 0.3931 0.2777 
        H067  2 0.2686 0.2962 0.4352 
        H068  2 0.4542 0.3143 0.2315 
        H069  2 0.3178 0.4056 0.2766 
        H071  2 0.4015 0.2838 0.3147 
        H072  2 0.4774 0.2439 0.2788 
        H073  2 0.2803 0.3512 0.3684 
        H081  2 0.3152 0.2260 0.4588 
        H082  2 0.2227 0.4275 0.3498 
        H083  2 0.2459 0.4368 0.3173 
        H084  2 0.3605 0.3447 0.2948 
        H085  2 0.2844 0.2397 0.4759 
        H087  2 0.2798 0.2247 0.4955 
        H088  2 0.4120 0.2472 0.3408 
        H089  2 0.2681 0.3058 0.4261 
        H090  2 0.2568 0.4069 0.3363 
        H091  2 0.2390 0.3487 0.4124 
        H098  2 0.2782 0.3556 0.3662 
      H10001  2 0.5872 0.2093 0.2035 
      H10002  2 0.4058 0.2306 0.3636 
        H101  2 0.2853 0.4520 0.2627 
        H108  2 0.3776 0.2363 0.3861 
        H109  2 0.3800 0.3429 0.2771 
        H110  2 0.2457 0.2564 0.4980 
        H116  2 0.2860 0.4041 0.3098 
        H117  2 0.2705 0.2689 0.4606 
        H118  2 0.2074 0.4066 0.3860 
        H119  2 0.3979 0.2742 0.3279 
        H120  2 0.4708 0.2115 0.3177 
        H121  2 0.2511 0.3721 0.3768 
        H125  2 0.5973 0.1947 0.2080 
        H126  2 0.2846 0.4201 0.2952 
        H128  2 0.1620 0.5514 0.2865 
        H129  2 0.2216 0.4769 0.3015 
        H130  2 0.4137 0.3683 0.2181 
        H133  2 0.4977 0.2793 0.2229 
        H134  2 0.2269 0.5220 0.2511 
        H135  2 0.3308 0.2754 0.3938 
        H137  2 0.3134 0.3490 0.3376 
        H138  2 0.2591 0.4491 0.2919 
        H140  2 0.3196 0.3393 0.3411 
        H146  2 0.2765 0.3893 0.3343 
        H147  2 0.2660 0.2816 0.4524 
        H148  2 0.2777 0.2537 0.4686 
     H166022  2 0.2437 0.3354 0.4209 
     H167359  2 0.3211 0.3454 0.3335 
     H167397  2 0.1769 0.4197 0.4034 
     H167428  2 0.1851 0.3484 0.4665 
     H167496  2 0.4602 0.2176 0.3222 
     H167513  2 0.3267 0.3979 0.2754 
     H167545  2 0.2488 0.4593 0.2919 
     H167547  2 0.2291 0.5221 0.2488 
     H169621  2 0.2490 0.3667 0.3843 
     H169622  2 0.2497 0.3567 0.3936 
     H169750  2 0.3970 0.3606 0.2424 
     H171806  2 0.3735 0.3485 0.2780 
     H171808  2 0.3079 0.3515 0.3405 
     H171809  2 0.3193 0.2706 0.4101 
     H171813  2 0.3169 0.4092 0.2739 
     H171815  2 0.4892 0.2936 0.2172 
     H171824  2 0.4244 0.2082 0.3674 
     H171825  2 0.2926 0.3414 0.3660 
     H171826  2 0.3745 0.2658 0.3597 
     H171827  2 0.3446 0.3115 0.3438 
     H171828  2 0.5128 0.1944 0.2928 
     H171829  2 0.3455 0.3935 0.2610 
     H171830  2 0.3388 0.3306 0.3306 
     H171831  2 0.2292 0.4364 0.3344 
     H171832  2 0.2976 0.3796 0.3229 
     H171863  2 0.2144 0.5044 0.2812 
     H171864  2 0.3056 0.3089 0.3855 
     H171865  2 0.4705 0.2909 0.2386 
     H171879  2 0.3200 0.3762 0.3038 
     H171880  2 0.2940 0.3447 0.3613 
     H171881  2 0.2690 0.3085 0.4225 
     H171882  2 0.5139 0.2360 0.2502 
     H171929  2 0.2820 0.3140 0.4039 
     H171930  2 0.2423 0.4637 0.2940 
     H171933  2 0.2908 0.3363 0.3729 
     H171934  2 0.2995 0.2729 0.4277 
     H171937  2 0.2707 0.4404 0.2889 
     H171962  2 0.2716 0.3292 0.3992 
        H190  2 0.2599 0.3560 0.3841 
        H191  2 0.3227 0.3600 0.3174 
        H396  2 0.3180 0.2843 0.3977 
        H397  2 0.2952 0.3560 0.3487 
        H398  2 0.3564 0.3405 0.3031 
        H400  2 0.3107 0.2975 0.3918 
        H401  2 0.1989 0.4740 0.3271 
        H402  2 0.2488 0.3276 0.4236 
        H427  2 0.2966 0.2708 0.4326 
        H428  2 0.1930 0.3433 0.4638 
        H497  2 0.3697 0.3516 0.2787 
        H512  2 0.3256 0.3218 0.3526 
        H513  2 0.3225 0.4003 0.2772 
        H514  2 0.3067 0.3958 0.2975 
        H519  2 0.3354 0.3778 0.2868 
        H532  2 0.2586 0.2938 0.4476 
        H543  2 0.2596 0.3222 0.4183 
        H544  2 0.3193 0.4299 0.2508 
        H545  2 0.2387 0.4822 0.2790 
        H546  2 0.4066 0.3265 0.2670 
        H547  2 0.2336 0.5192 0.2472 
        H548  2 0.2923 0.2890 0.4187 
        H549  2 0.2751 0.4683 0.2566 
        H620  2 0.5237 0.2133 0.2631 
        H623  2 0.2611 0.4341 0.3048 
        H624  2 0.3938 0.4061 0.2002 
        H625  2 0.2832 0.3256 0.3912 
        H626  2 0.3387 0.3349 0.3264 
        H654  2 0.5599 0.2475 0.1926 
        H655  2 0.4101 0.3075 0.2825 
        H656  2 0.4604 0.2326 0.3070 
        H666  2 0.5152 0.2814 0.2034 
        H667  2 0.2950 0.3091 0.3958 
        H677  2 0.3001 0.3085 0.3914 
        H693  2 0.3995 0.2219 0.3786 
        H694  2 0.2562 0.4185 0.3253 
        H701  2 0.2654 0.3471 0.3875 
        H702  2 0.3743 0.2952 0.3305 
        H731  2 0.3899 0.2638 0.3463 
       H7359  2 0.3215 0.3336 0.3449 
       H7389  2 0.3212 0.3633 0.3155 
       H7390  2 0.4869 0.2695 0.2436 
       H7391  2 0.2665 0.2173 0.5163 
       H7392  2 0.3530 0.3551 0.2919 
       H7393  2 0.3916 0.2903 0.3181 
       H7398  2 0.3056 0.2618 0.4326 
       H7399  2 0.2463 0.3647 0.3890 
       H7400  2 0.5339 0.2471 0.2190 
        H745  2 0.2380 0.4784 0.2836 
        H746  2 0.2516 0.3758 0.3725 
        H747  2 0.4413 0.2964 0.2623 
        H748  2 0.3513 0.3310 0.3176 
       H7484  2 0.4487 0.2684 0.2829 
       H7485  2 0.2714 0.4238 0.3048 
        H749  2 0.2575 0.3872 0.3553 
        H930  2 0.2529 0.4411 0.3060 
        H931  2 0.3068 0.3084 0.3848 
        H932  2 0.3623 0.3263 0.3114 
        H111  3 0.2648 0.4406 0.2946 
        H951  3 0.2582 0.3976 0.3441 
        H952  3 0.3220 0.4122 0.2658 
        H953  3 0.2665 0.3138 0.4198 
        H954  3 0.4708 0.2666 0.2626 
        H955  3 0.2573 0.4154 0.3273 
        H956  3 0.3812 0.3057 0.3131 
       H9563  3 0.3588 0.2667 0.3746 
        H002  4 0.4314 0.3305 0.2381 
        H003  4 0.2515 0.3261 0.4224 
        H009  4 0.2656 0.4427 0.2917 
        H010  4 0.3003 0.3155 0.3842 
        H011  4 0.4534 0.2328 0.3138 
        H012  4 0.2428 0.2697 0.4875 
        H013  4 0.3461 0.2638 0.3901 
        H014  4 0.3251 0.3361 0.3387 
        H045  4 0.3546 0.2591 0.3863 
        H046  4 0.2558 0.3664 0.3778 
        H051  4 0.3761 0.2492 0.3746 
        H052  4 0.3719 0.3806 0.2475 
        H053  4 0.4028 0.2984 0.2988 
        H056  4 0.4106 0.3292 0.2602 
        H076  4 0.2431 0.3849 0.3720 
        H151  4 0.5153 0.2637 0.2210 
        H152  4 0.4177 0.3408 0.2415 
     H171803  4 0.4261 0.2764 0.2975 
     H171804  4 0.3890 0.2796 0.3313 
     H171833  4 0.2539 0.4663 0.2799 
     H171855  4 0.4805 0.3060 0.2135 
     H171856  4 0.3508 0.3496 0.2996 
     H171857  4 0.4374 0.3148 0.2477 
     H171858  4 0.3255 0.3565 0.3181 
     H171859  4 0.3481 0.3293 0.3226 
     H171961  4 0.3999 0.2775 0.3226 
        H198  4 0.2243 0.3478 0.4279 
      H20001  4 0.2636 0.4768 0.2596 
        H403  4 0.3496 0.3792 0.2711 
        H404  4 0.2510 0.3065 0.4425 
        H405  4 0.2524 0.3313 0.4164 
        H406  4 0.3001 0.4936 0.2064 
        H407  4 0.3725 0.3101 0.3174 
        H410  4 0.2438 0.3905 0.3657 
        H411  4 0.2645 0.4564 0.2791 
        H468  4 0.3280 0.4499 0.2221 
        H476  4 0.3796 0.3684 0.2520 
        H477  4 0.2510 0.5031 0.2459 
        H478  4 0.2536 0.3293 0.4171 
        H479  4 0.3498 0.2829 0.3673 
        H480  4 0.2526 0.4536 0.2938 
        H498  4 0.3029 0.3382 0.3590 
        H499  4 0.3300 0.3287 0.3413 
        H500  4 0.4592 0.2339 0.3069 
        H515  4 0.4033 0.2865 0.3101 
        H516  4 0.3455 0.3716 0.2829 
        H517  4 0.3317 0.3544 0.3139 
        H518  4 0.3714 0.3812 0.2474 
        H520  4 0.4327 0.3125 0.2548 
        H521  4 0.2802 0.3168 0.4029 
        H522  4 0.3631 0.3358 0.3011 
        H523  4 0.3691 0.3231 0.3078 
        H536  4 0.2976 0.3066 0.3958 
        H645  4 0.3512 0.2319 0.4169 
        H646  4 0.2597 0.4145 0.3258 
        H647  4 0.3193 0.3926 0.2882 
        H657  4 0.2565 0.3883 0.3552 
        H658  4 0.3755 0.3152 0.3094 
        H659  4 0.5429 0.2445 0.2125 
        H660  4 0.3606 0.3241 0.3153 
        H661  4 0.4110 0.3357 0.2533 
        H668  4 0.2593 0.2917 0.4489 
        H669  4 0.3367 0.2865 0.3768 
        H670  4 0.3346 0.2199 0.4456 
        H678  4 0.3387 0.3389 0.3224 
        H679  4 0.2581 0.3788 0.3631 
        H680  4 0.3248 0.3771 0.2980 
        H681  4 0.3664 0.2700 0.3635 
        H682  4 0.3161 0.2979 0.3860 
        H683  4 0.3847 0.3816 0.2337 
        H718  4 0.4537 0.2779 0.2684 
        H719  4 0.3376 0.2647 0.3977 
        H720  4 0.3165 0.3799 0.3037 
        H721  4 0.3426 0.3840 0.2734 
        H722  4 0.3705 0.4069 0.2226 
        H723  4 0.4060 0.2336 0.3604 
        H724  4 0.5239 0.2465 0.2296 
        H725  4 0.4827 0.2824 0.2350 
        H726  4 0.4358 0.2805 0.2837 
        H727  4 0.4007 0.2507 0.3485 
        H910  4 0.3854 0.2719 0.3427 
        H911  4 0.2887 0.3968 0.3144 
        H912  4 0.3664 0.3511 0.2824 
        H913  4 0.4098 0.3135 0.2767 
        H914  4 0.4310 0.2156 0.3534 
        H915  4 0.3639 0.3410 0.2950 
        H916  4 0.3346 0.4181 0.2473 
       H9572  4 0.3344 0.3400 0.3256 
        H015  5 0.2575 0.4342 0.3082 
        H016  5 0.2584 0.4415 0.3001 
        H017  5 0.3287 0.4271 0.2442 
        H019  5 0.2872 0.3691 0.3437 
        H020  5 0.3457 0.3461 0.3082 
        H032  5 0.3707 0.3375 0.2919 
        H033  5 0.2848 0.3016 0.4137 
        H034  5 0.4238 0.2387 0.3375 
        H035  5 0.3424 0.3471 0.3104 
        H036  5 0.2933 0.3656 0.3411 
        H037  5 0.4284 0.2773 0.2943 
        H048  5 0.4385 0.2372 0.3243 
        H049  5 0.3110 0.4111 0.2779 
        H054  5 0.3419 0.3031 0.3550 
        H055  5 0.3548 0.3014 0.3438 
        H057  5 0.3237 0.4179 0.2584 
        H060  5 0.3739 0.3334 0.2927 
        H061  5 0.2834 0.3111 0.4055 
        H064  5 0.3521 0.3168 0.3310 
        H070  5 0.3721 0.2497 0.3781 
        H077  5 0.4465 0.2902 0.2633 
        H078  5 0.4210 0.3456 0.2335 
        H079  5 0.2508 0.2962 0.4530 
        H097  5 0.3728 0.4249 0.2023 
        H107  5 0.5129 0.2003 0.2868 
        H122  5 0.3031 0.3966 0.3003 
        H123  5 0.2687 0.4114 0.3199 
        H124  5 0.2806 0.3473 0.3722 
        H131  5 0.2765 0.3599 0.3636 
        H132  5 0.3572 0.2964 0.3465 
        H141  5 0.3874 0.3114 0.3012 
        H142  5 0.2423 0.3652 0.3926 
        H157  5 0.4431 0.2558 0.3010 
        H158  5 0.2697 0.4699 0.2604 
        H159  5 0.2415 0.4012 0.3573 
        H160  5 0.3369 0.3758 0.2872 
        H163  5 0.2876 0.3617 0.3507 
        H164  5 0.2824 0.3363 0.3813 
        H165  5 0.2320 0.3025 0.4655 
        H166  5 0.2679 0.3761 0.3560 
        H169  5 0.3283 0.3024 0.3693 
     H169613  5 0.3387 0.3446 0.3167 
     H169653  5 0.2655 0.3481 0.3865 
     H169728  5 0.2950 0.3847 0.3203 
     H169742  5 0.3291 0.2652 0.4057 
        H170  5 0.3021 0.4547 0.2432 
        H171  5 0.2765 0.4558 0.2677 
     H171851  5 0.3235 0.3673 0.3092 
     H171852  5 0.3959 0.3321 0.2719 
     H171853  5 0.3803 0.2674 0.3523 
     H171854  5 0.3370 0.3542 0.3087 
     H171938  5 0.3201 0.2376 0.4422 
     H171939  5 0.2670 0.4235 0.3095 
     H171941  5 0.4315 0.2507 0.3178 
     H171965  5 0.2619 0.3603 0.3778 
     H171970  5 0.4825 0.2435 0.2740 
     H171973  5 0.2691 0.2913 0.4397 
     H171974  5 0.3222 0.2646 0.4132 
     H171975  5 0.3536 0.2854 0.3609 
     H171976  5 0.3222 0.4555 0.2223 
        H175  5 0.4144 0.2503 0.3353 
        H178  5 0.3461 0.3074 0.3465 
        H189  5 0.2261 0.4073 0.3666 
        H399  5 0.3067 0.4517 0.2417 
        H416  5 0.3547 0.2912 0.3541 
        H438  5 0.3277 0.2657 0.4066 
        H450  5 0.4350 0.2824 0.2826 
        H455  5 0.4458 0.2299 0.3242 
        H456  5 0.3320 0.2664 0.4016 
        H457  5 0.4035 0.3429 0.2536 
        H458  5 0.3932 0.2745 0.3323 
        H459  5 0.2504 0.3622 0.3874 
        H460  5 0.3437 0.3406 0.3157 
        H461  5 0.3256 0.4256 0.2488 
        H462  5 0.2735 0.3446 0.3819 
        H469  5 0.2451 0.3440 0.4109 
        H470  5 0.3560 0.3165 0.3276 
        H471  5 0.2456 0.4776 0.2768 
        H481  5 0.5100 0.2463 0.2437 
        H482  5 0.3924 0.3038 0.3038 
        H501  5 0.3579 0.2890 0.3530 
        H502  5 0.2363 0.4268 0.3369 
        H503  5 0.2752 0.3991 0.3257 
        H509  5 0.4177 0.2670 0.3154 
        H510  5 0.3042 0.3347 0.3610 
        H511  5 0.2730 0.3818 0.3452 
        H530  5 0.3764 0.2499 0.3737 
        H531  5 0.4388 0.3136 0.2476 
        H564  5 0.3702 0.3154 0.3144 
        H565  5 0.4671 0.2902 0.2426 
        H567  5 0.2326 0.4304 0.3369 
     H568???  5 0.2635 0.4295 0.3070 
        H608  5 0.4412 0.2757 0.2832 
        H609  5 0.2830 0.2698 0.4472 
        H612  5 0.4754 0.2116 0.3130 
        H614  5 0.4868 0.2874 0.2258 
        H615  5 0.4243 0.3380 0.2377 
        H616  5 0.5289 0.1946 0.2764 
        H617  5 0.2513 0.3252 0.4234 
        H618  5 0.4406 0.2600 0.2994 
        H619  5 0.2421 0.2797 0.4783 
        H635  5 0.3212 0.3035 0.3753 
        H636  5 0.2631 0.2500 0.4869 
        H637  5 0.3404 0.3034 0.3562 
        H644  5 0.1819 0.5282 0.2899 
        H711  5 0.2988 0.4307 0.2706 
        H712  5 0.3678 0.2448 0.3874 
       H7360  5 0.3161 0.3855 0.2984 
       H7361  5 0.4188 0.2919 0.2893 
       H7362  5 0.2028 0.4944 0.3028 
       H7363  5 0.3727 0.3590 0.2683 
       H7394  5 0.2703 0.3754 0.3543 
       H7395  5 0.3217 0.3088 0.3694 
       H7396  5 0.3429 0.3150 0.3422 
        H742  5 0.3315 0.2628 0.4057 
        H743  5 0.3444 0.3381 0.3176 
        H744  5 0.4854 0.2456 0.2690 
        H957  5 0.3327 0.3809 0.2864 
        H958  5 0.2985 0.3636 0.3379 
        H959  5 0.4258 0.2324 0.3419 
        H960  5 0.3300 0.3063 0.3637 
      H_PALI  6 0.3108 0.3416 0.3476 
        H581  6 0.3933 0.3375 0.2692 
        H582  6 0.4628 0.2981 0.2391 
        H583  6 0.3639 0.3210 0.3151 
        H595  6 0.2443 0.4329 0.3228 
        H596  6 0.2390 0.4020 0.3590 
        H597  6 0.2439 0.4229 0.3332 
        H598  6 0.3472 0.2848 0.3680 
        H599  6 0.3946 0.2779 0.3274 
        H642  6 0.2702 0.4739 0.2560 
        H643  6 0.3400 0.3093 0.3507 
        H664  6 0.4469 0.3553 0.1978 
        H665  6 0.3082 0.2467 0.4450 
        H674  6 0.2122 0.5135 0.2743 
        H675  6 0.3782 0.3747 0.2471 
        H676  6 0.2706 0.4157 0.3137 
        H686  6 0.3034 0.3723 0.3243 
        H687  6 0.3395 0.3677 0.2928 
        H917  6 0.2305 0.3089 0.4607 
        H918  6 0.2750 0.2896 0.4354 
        H919  6 0.4585 0.2237 0.3178 
        H920  6 0.3940 0.3027 0.3033 
        H631  7 0.3933 0.2961 0.3106 
        H684  7 0.2417 0.4334 0.3249 
        H685  7 0.4968 0.2932 0.2099 
        H713  7 0.4638 0.2584 0.2778 
        H715  7 0.2704 0.4168 0.3128 
        H716  7 0.3531 0.2877 0.3592 
        H717  7 0.3483 0.3203 0.3314 
        H729  7 0.2289 0.2960 0.4751 
        H730  7 0.3377 0.2582 0.4042 
        H431  8 0.4367 0.2764 0.2869 
        H432  8 0.2236 0.4357 0.3407 
        H433  8 0.2814 0.3019 0.4167 
        H434  8 0.2762 0.3442 0.3796 
        H444  8 0.2646 0.2855 0.4500 
        H454  8 0.4468 0.2376 0.3156 
        H475  8 0.4759 0.2657 0.2584 
        H491  8 0.3764 0.3021 0.3215 
        H492  8 0.4256 0.2853 0.2892 
        H493  8 0.3189 0.3699 0.3112 
        H494  8 0.3450 0.3352 0.3198 
        H495  8 0.4339 0.3630 0.2031 
        H662  8 0.3005 0.4040 0.2955 
        H663  8 0.3332 0.3158 0.3510 
        H695  8 0.3578 0.2745 0.3677 
       H7367  8 0.2440 0.3460 0.4100 
       H7368  8 0.2823 0.3697 0.3479 
       H7369  8 0.3035 0.2564 0.4401 
       H7370  8 0.2429 0.4166 0.3405 
       H7371  8 0.3111 0.3015 0.3875 
        H600  9 0.4121 0.2864 0.3016 
        H648  9 0.3240 0.3743 0.3017 
        H696  9 0.2042 0.5386 0.2572 
        H697  9 0.3074 0.3231 0.3695 
        H698  9 0.2930 0.3796 0.3274 
        H699  9 0.3158 0.3378 0.3464 
        H700  9 0.3990 0.2591 0.3419 
        H732  9 0.4612 0.3005 0.2384 
        H733  9 0.2468 0.3499 0.4033 
        H734  9 0.2464 0.4494 0.3042 
        H735  9 0.2856 0.3960 0.3185 
        H736  9 0.3478 0.3410 0.3112 
        H737  9 0.3798 0.3163 0.3039 
        H905  9 0.3825 0.2459 0.3716 
        H921  9 0.3764 0.2518 0.3718 
        H922  9 0.2307 0.3654 0.4039 
     H169705 10 0.3111 0.3457 0.3432 
     H171942 10 0.2180 0.4193 0.3627 
     H171943 10 0.3196 0.4045 0.2759 
     H171944 10 0.3454 0.3045 0.3501 
     H171946 10 0.4279 0.3572 0.2149 
     H171947 10 0.2907 0.3508 0.3585 
     H229641 10 0.3461 0.3412 0.3127 
      H30001 10 0.3476 0.2878 0.3646 
      H30002 10 0.3187 0.3038 0.3775 
      H30005 10 0.2990 0.3520 0.3491 
      H30006 10 0.2762 0.4291 0.2946 
      H30007 10 0.2210 0.5197 0.2592 
        H451 10 0.2310 0.3387 0.4302 
        H452 10 0.3154 0.4046 0.2801 
        H453 10 0.4599 0.2864 0.2537 
        H473 10 0.3509 0.3121 0.3371 
        H474 10 0.4993 0.3037 0.1970 
        H486 10 0.3858 0.3050 0.3092 
        H487 10 0.3914 0.2989 0.3097 
        H488 10 0.3179 0.2435 0.4386 
        H489 10 0.4592 0.2517 0.2892 
        H550 10 0.2836 0.4421 0.2742 
        H551 10 0.3474 0.2692 0.3834 
        H553 10 0.4386 0.3176 0.2438 
        H554 10 0.2695 0.3496 0.3809 
        H556 10 0.3528 0.3838 0.2635 
        H580 10 0.2843 0.3342 0.3815 
        H591 10 0.5011 0.2306 0.2684 
        H592 10 0.4017 0.2952 0.3031 
        H593 10 0.3051 0.3388 0.3561 
        H594 10 0.2153 0.4257 0.3589 
        H627 10 0.3480 0.3931 0.2589 
        H628 10 0.2024 0.2946 0.5030 
        H629 10 0.3484 0.3952 0.2564 
        H630 10 0.3531 0.3837 0.2632 
        H638 10 0.3141 0.3586 0.3274 
        H639 10 0.4348 0.3347 0.2305 
        H640 10 0.2752 0.4235 0.3013 
        H704 10 0.2581 0.4077 0.3342 
        H705 10 0.3177 0.3384 0.3438 
        H706 10 0.3937 0.2217 0.3846 
        H708 10 0.4871 0.2615 0.2513 
       H7351 10 0.3069 0.3750 0.3181 
       H7352 10 0.3660 0.3149 0.3191 
       H7353 10 0.2525 0.4754 0.2721 
       H7354 10 0.3628 0.2838 0.3534 
       H7365 10 0.4765 0.2509 0.2726 
       H7383 10 0.3738 0.2535 0.3727 
       H7384 10 0.3777 0.2700 0.3523 
       H7385 10 0.3995 0.2744 0.3261 
       H7386 10 0.2975 0.3052 0.3973 
       H7387 10 0.3028 0.3179 0.3793 
       H7388 10 0.3304 0.3466 0.3231 
        H906 10 0.3726 0.3291 0.2983 
        H907 10 0.2667 0.4185 0.3148 
        H908 10 0.3146 0.3039 0.3816 
        H909 10 0.3107 0.2785 0.4108 
       H9552 10 0.3224 0.3616 0.3160 
       H9553 10 0.3810 0.3274 0.2916 
       H9555 10 0.2886 0.3068 0.4045 
       H9575 10 0.4384 0.3113 0.2503 
       H9703 10 0.4882 0.2645 0.2473 
       H9707 10 0.4301 0.2870 0.2828 
       HSAA4 10 0.2917 0.3334 0.3749 
        H001 11 0.3638 0.2843 0.3518 
        H004 11 0.3187 0.3319 0.3494 
        H005 11 0.4612 0.2218 0.3170 
        H006 11 0.3461 0.2906 0.3632 
        H007 11 0.3972 0.2285 0.3743 
        H031 11 0.5187 0.2193 0.2620 
        H074 11 0.4473 0.3069 0.2458 
        H075 11 0.4317 0.2332 0.3351 
        H080 11 0.4322 0.2722 0.2956 
        H086 11 0.3357 0.3360 0.3283 
        H092 11 0.3960 0.2874 0.3167 
        H093 11 0.2148 0.4276 0.3576 
        H094 11 0.3178 0.3943 0.2878 
        H095 11 0.4149 0.2909 0.2942 
        H096 11 0.3511 0.2385 0.4104 
        H099 11 0.3822 0.2882 0.3295 
        H100 11 0.2327 0.3934 0.3739 
        H127 11 0.3718 0.2946 0.3336 
        H136 11 0.4744 0.2638 0.2618 
        H153 11 0.3014 0.3700 0.3286 
        H154 11 0.4748 0.2792 0.2460 
        H155 11 0.2203 0.2837 0.4960 
        H156 11 0.1996 0.3334 0.4670 
        H161 11 0.2850 0.3911 0.3239 
        H162 11 0.2516 0.3984 0.3499 
        H167 11 0.2852 0.3137 0.4011 
        H168 11 0.3214 0.3172 0.3615 
     H169586 11 0.3820 0.4177 0.2002 
     H169738 11 0.2411 0.2956 0.4633 
     H169741 11 0.4487 0.2799 0.2714 
     H171801 11 0.2615 0.4190 0.3195 
     H171810 11 0.4347 0.3109 0.2544 
     H171811 11 0.4445 0.3270 0.2284 
     H171812 11 0.3334 0.2467 0.4199 
     H171820 11 0.4402 0.2844 0.2755 
     H171821 11 0.2900 0.3378 0.3722 
     H171822 11 0.3182 0.3330 0.3488 
     H171823 11 0.4176 0.3636 0.2188 
     H171866 11 0.2610 0.3952 0.3437 
     H171867 11 0.2641 0.2699 0.4660 
     H171967 11 0.4251 0.2356 0.3393 
     H171969 11 0.3174 0.3185 0.3641 
        H172 11 0.3176 0.3103 0.3721 
        H173 11 0.3156 0.2528 0.4317 
        H174 11 0.2375 0.4572 0.3053 
        H196 11 0.2726 0.3476 0.3798 
        H197 11 0.2820 0.2860 0.4320 
        H346 11 0.3362 0.2603 0.4035 
        H355 11 0.3530 0.3034 0.3436 
        H356 11 0.3605 0.3260 0.3135 
        H357 11 0.4014 0.2696 0.3290 
        H358 11 0.3184 0.2536 0.4280 
        H359 11 0.3498 0.3365 0.3137 
        H360 11 0.3335 0.2782 0.3883 
        H361 11 0.2972 0.3224 0.3804 
        H362 11 0.2121 0.4017 0.3862 
        H363 11 0.4534 0.2428 0.3038 
        H364 11 0.3475 0.3387 0.3138 
        H365 11 0.2846 0.3202 0.3952 
        H366 11 0.2648 0.3242 0.4110 
        H367 11 0.4665 0.2860 0.2475 
        H368 11 0.2935 0.4420 0.2645 
        H369 11 0.4787 0.2200 0.3014 
        H370 11 0.2821 0.3595 0.3584 
        H371 11 0.3338 0.3576 0.3086 
        H372 11 0.3185 0.3210 0.3605 
        H373 11 0.3233 0.3274 0.3493 
        H374 11 0.3695 0.2673 0.3632 
        H375 11 0.3471 0.2662 0.3867 
        H376 11 0.2775 0.3689 0.3536 
        H377 11 0.3637 0.2869 0.3494 
        H378 11 0.3843 0.3257 0.2899 
        H379 11 0.3228 0.3488 0.3283 
        H380 11 0.2442 0.2818 0.4740 
        H381 11 0.4314 0.3244 0.2443 
        H382 11 0.2106 0.3883 0.4011 
        H383 11 0.2393 0.3428 0.4179 
        H384 11 0.4356 0.2933 0.2711 
        H385 11 0.4020 0.2972 0.3009 
        H386 11 0.2826 0.2498 0.4675 
        H387 11 0.3297 0.4341 0.2361 
        H388 11 0.2182 0.3436 0.4382 
        H389 11 0.3229 0.2579 0.4193 
        H390 11 0.2850 0.3306 0.3844 
        H391 11 0.2933 0.4354 0.2713 
        H392 11 0.4205 0.2496 0.3299 
        H393 11 0.2242 0.4150 0.3608 
        H394 11 0.2434 0.4879 0.2687 
        H395 11 0.4357 0.2495 0.3148 
        H408 11 0.3287 0.2469 0.4244 
        H412 11 0.4787 0.3564 0.1649 
        H417 11 0.3952 0.2805 0.3243 
        H418 11 0.3622 0.3942 0.2436 
        H429 11 0.2797 0.3006 0.4198 
        H430 11 0.2503 0.3251 0.4246 
        H439 11 0.3500 0.2781 0.3719 
        H440 11 0.4779 0.2481 0.2740 
        H441 11 0.2791 0.3447 0.3762 
        H442 11 0.2795 0.3423 0.3782 
        H446 11 0.3218 0.3465 0.3317 
        H447 11 0.2630 0.2996 0.4375 
        H448 11 0.3005 0.2700 0.4295 
        H534 11 0.4908 0.2744 0.2348 
        H537 11 0.4435 0.2931 0.2635 
        H568 11 0.5068 0.2499 0.2433 
        H569 11 0.2067 0.3595 0.4338 
        H586 11 0.3758 0.4294 0.1948 
        H587 11 0.5008 0.2339 0.2653 
        H588 11 0.2441 0.4456 0.3103 
        H589 11 0.4777 0.2520 0.2703 
        H590 11 0.4176 0.2912 0.2911 
        H601 11 0.2261 0.3789 0.3950 
        H602 11 0.3888 0.2960 0.3152 
        H603 11 0.2480 0.2827 0.4693 
        H610 11 0.3756 0.2950 0.3295 
        H611 11 0.4202 0.3225 0.2573 
        H649 11 0.3269 0.3357 0.3374 
        H650 11 0.2771 0.4474 0.2755 
        H651 11 0.3074 0.2643 0.4284 
        H652 11 0.3556 0.3540 0.2904 
       H7364 11 0.2911 0.3244 0.3845 
       H7366 11 0.3369 0.2590 0.4041 
       H7378 11 0.1682 0.5871 0.2447 
       H7379 11 0.3411 0.3326 0.3263 
        H739 11 0.4512 0.2839 0.2649 
        H740 11 0.2927 0.3950 0.3123 
        H741 11 0.4550 0.2727 0.2723 
        H926 11 0.2872 0.3896 0.3232 
        H927 11 0.2982 0.3142 0.3876 
        H928 11 0.3458 0.3662 0.2880 
       H9560 11 0.3296 0.3831 0.2873 
        H409 12 0.2398 0.2977 0.4625 
        H413 12 0.2191 0.5224 0.2585 
        H419 12 0.3011 0.2765 0.4224 
        H420 12 0.3782 0.2950 0.3267 
        H421 12 0.2236 0.3803 0.3961 
        H435 12 0.2544 0.3853 0.3603 
        H436 12 0.3368 0.2516 0.4116 
        H437 12 0.4333 0.3044 0.2623 
        H445 12 0.2568 0.2699 0.4734 
        H449 12 0.3059 0.3843 0.3098 
        H463 12 0.3879 0.3119 0.3002 
        H464 12 0.2445 0.4439 0.3115 
        H465 12 0.3116 0.4633 0.2251 
        H490 12 0.2495 0.4300 0.3205 
        H561 12 0.3271 0.3474 0.3255 
        H562 12 0.3123 0.2380 0.4497 
        H563 12 0.3615 0.2622 0.3763 
        H570 12 0.3940 0.2291 0.3768 
        H571 12 0.3138 0.4206 0.2656 
        H572 12 0.3519 0.3055 0.3426 
        H573 12 0.2429 0.3057 0.4514 
       H7372 12 0.2053 0.3180 0.4767 
       H7373 12 0.2460 0.4895 0.2645 
       H7374 12 0.3763 0.2740 0.3497 
       H7375 12 0.3995 0.2701 0.3304 
       H7376 12 0.2179 0.2520 0.5301 
       H7377 12 0.4240 0.2920 0.2840 
