        H102  1 0.1806 0.3175 0.1233 0.1927 0.1858 
        H103  1 0.2726 0.1314 0.2344 0.2820 0.0796 
        H104  1 0.2070 0.2277 0.1605 0.1272 0.2776 
        H105  1 0.1878 0.2879 0.1828 0.1913 0.1503 
        H106  1 0.1843 0.1582 0.2277 0.1931 0.2367 
        H112  1 0.1758 0.2371 0.1871 0.1602 0.2398 
        H113  1 0.2336 0.2064 0.3019 0.1336 0.1245 
        H114  1 0.2447 0.2147 0.3023 0.1500 0.0883 
        H115  1 0.1985 0.3726 0.1414 0.1282 0.1593 
        H143  1 0.1936 0.3510 0.1423 0.1962 0.1169 
        H144  1 0.2185 0.2266 0.1205 0.3560 0.0783 
        H145  1 0.2347 0.2030 0.2086 0.2679 0.0857 
        H149  1 0.1673 0.2087 0.1376 0.1493 0.3372 
        H150  1 0.2152 0.1972 0.2087 0.2176 0.1613 
     H167542  1 0.1699 0.4552 0.1311 0.1354 0.1084 
     H169604  1 0.2546 0.2915 0.1465 0.1707 0.1366 
     H169607  1 0.2502 0.2336 0.1378 0.2575 0.1210 
     H169608  1 0.1625 0.2543 0.1183 0.1669 0.2981 
     H169633  1 0.1923 0.2630 0.2672 0.1782 0.0993 
     H169688  1 0.2193 0.1111 0.1554 0.3428 0.1714 
     H169714  1 0.2262 0.1843 0.1816 0.1605 0.2475 
     H171802  1 0.2069 0.1228 0.2133 0.1600 0.2970 
     H171805  1 0.2255 0.1757 0.2049 0.2606 0.1333 
     H171807  1 0.1945 0.1697 0.1507 0.2407 0.2443 
     H171814  1 0.2676 0.1196 0.2730 0.2391 0.1007 
     H171816  1 0.1967 0.1561 0.1848 0.1945 0.2679 
     H171817  1 0.1712 0.1839 0.2181 0.1667 0.2601 
     H171818  1 0.1697 0.2182 0.2517 0.2041 0.1563 
     H171819  1 0.1963 0.1731 0.2669 0.1785 0.1853 
     H171834  1 0.2048 0.2520 0.1995 0.2106 0.1331 
     H171835  1 0.1871 0.1523 0.1678 0.1113 0.3814 
     H171836  1 0.2067 0.1622 0.3568 0.2102 0.0641 
     H171837  1 0.1830 0.3030 0.1611 0.1450 0.2079 
     H171838  1 0.2038 0.1246 0.3452 0.2221 0.1044 
     H171839  1 0.2083 0.2550 0.1687 0.1373 0.2307 
     H171841  1 0.1329 0.1085 0.1267 0.1581 0.4738 
     H171860  1 0.2194 0.2658 0.1883 0.1688 0.1578 
     H171861  1 0.2234 0.2562 0.2468 0.2027 0.0709 
     H171862  1 0.2099 0.2163 0.2104 0.2148 0.1486 
     H171868  1 0.1566 0.4293 0.1439 0.1584 0.1119 
     H171869  1 0.2298 0.1437 0.1910 0.3117 0.1238 
     H171870  1 0.1629 0.1463 0.1780 0.2488 0.2640 
     H171871  1 0.2675 0.1231 0.2998 0.2113 0.0982 
     H171872  1 0.2102 0.2659 0.1649 0.1410 0.2181 
     H171873  1 0.2043 0.1521 0.1569 0.2552 0.2314 
     H171874  1 0.2249 0.2545 0.1492 0.2492 0.1221 
     H171875  1 0.2234 0.2955 0.2079 0.2040 0.0691 
     H171876  1 0.2420 0.2702 0.1620 0.2110 0.1148 
     H171877  1 0.1632 0.4614 0.1532 0.1135 0.1088 
     H171878  1 0.1690 0.1299 0.1631 0.2739 0.2642 
     H171901  1 0.2189 0.1162 0.1731 0.1516 0.3400 
     H171902  1 0.2142 0.1764 0.1224 0.2534 0.2336 
     H171903  1 0.2345 0.2042 0.2013 0.2014 0.1587 
     H171935  1 0.1730 0.0934 0.2322 0.2025 0.2989 
     H171936  1 0.2252 0.2720 0.2349 0.1609 0.1069 
     H171940  1 0.1433 0.2844 0.1293 0.1972 0.2458 
     H171945  1 0.1926 0.1721 0.1590 0.2726 0.2037 
     H171948  1 0.1803 0.2054 0.2231 0.1935 0.1978 
     H171949  1 0.1393 0.1755 0.1266 0.1629 0.3958 
     H171950  1 0.1539 0.1583 0.1199 0.1272 0.4407 
     H171963  1 0.1895 0.1371 0.2582 0.2918 0.1233 
     H171964  1 0.2086 0.1558 0.1646 0.3568 0.1142 
     H171966  1 0.1679 0.1404 0.2700 0.2503 0.1714 
     H171968  1 0.1827 0.2343 0.1040 0.2214 0.2576 
     H171971  1 0.1953 0.1131 0.2922 0.2241 0.1754 
     H171972  1 0.2549 0.1554 0.2353 0.2644 0.0900 
     H171977  1 0.2223 0.2129 0.1847 0.2778 0.1024 
     H171978  1 0.1770 0.1478 0.1542 0.2108 0.3102 
     H171979  1 0.2329 0.1328 0.3023 0.2461 0.0859 
        H176  1 0.1887 0.2806 0.2012 0.1793 0.1502 
        H177  1 0.1536 0.1756 0.1134 0.1439 0.4135 
        H179  1 0.1459 0.3073 0.1294 0.1113 0.3061 
        H181  1 0.1967 0.1357 0.2902 0.2699 0.1076 
        H182  1 0.2584 0.2112 0.2235 0.2339 0.0731 
        H183  1 0.2434 0.1199 0.1949 0.3057 0.1361 
        H184  1 0.1590 0.2167 0.1836 0.1926 0.2480 
        H185  1 0.1773 0.2074 0.2738 0.2356 0.1059 
        H186  1 0.1777 0.2124 0.0942 0.3212 0.1945 
        H187  1 0.2291 0.1323 0.2379 0.2006 0.2002 
        H188  1 0.1532 0.3924 0.1422 0.1228 0.1894 
        H192  1 0.1497 0.1712 0.1662 0.1735 0.3394 
        H193  1 0.2022 0.2295 0.1842 0.2901 0.0939 
        H194  1 0.1980 0.2250 0.1975 0.1729 0.2066 
        H195  1 0.2160 0.1282 0.1457 0.3577 0.1524 
        H199  1 0.2159 0.1517 0.1626 0.3165 0.1533 
        H200  1 0.1952 0.1943 0.1929 0.1652 0.2524 
        H414  1 0.2602 0.1684 0.1896 0.2209 0.1610 
        H415  1 0.2475 0.2006 0.2709 0.1752 0.1058 
        H422  1 0.1948 0.1919 0.1414 0.2333 0.2387 
        H423  1 0.1093 0.1109 0.1113 0.1252 0.5433 
        H424  1 0.2039 0.1457 0.2537 0.2858 0.1108 
        H425  1 0.2086 0.1634 0.1444 0.3754 0.1082 
        H426  1 0.2412 0.1087 0.1443 0.3590 0.1467 
        H443  1 0.1915 0.2861 0.0756 0.3508 0.0959 
        H466  1 0.2148 0.1863 0.1830 0.2262 0.1897 
        H467  1 0.1279 0.1630 0.1286 0.1624 0.4181 
        H472  1 0.1953 0.2127 0.1517 0.2069 0.2335 
        H483  1 0.1768 0.2739 0.1895 0.2495 0.1102 
        H504  1 0.2525 0.1334 0.2043 0.2963 0.1135 
        H505  1 0.1661 0.2412 0.1530 0.1694 0.2703 
        H506  1 0.1991 0.2041 0.1740 0.2663 0.1564 
        H507  1 0.2581 0.1874 0.2493 0.2363 0.0689 
        H508  1 0.1865 0.1157 0.2009 0.2275 0.2694 
        H524  1 0.2676 0.1866 0.2454 0.1865 0.1139 
        H525  1 0.2124 0.2413 0.1470 0.2844 0.1149 
        H526  1 0.1829 0.4211 0.1331 0.1490 0.1139 
        H527  1 0.2030 0.1802 0.1445 0.1779 0.2944 
        H528  1 0.2245 0.2328 0.2366 0.2239 0.0822 
        H529  1 0.2345 0.1925 0.2394 0.2505 0.0831 
        H533  1 0.2631 0.1425 0.3434 0.1821 0.0689 
        H538  1 0.2577 0.2559 0.1363 0.1679 0.1823 
        H539  1 0.2045 0.1189 0.2064 0.2760 0.1942 
        H540  1 0.2190 0.1937 0.2157 0.2087 0.1629 
        H541  1 0.2247 0.3109 0.1659 0.1720 0.1265 
        H558  1 0.2332 0.1063 0.2238 0.3002 0.1365 
        H559  1 0.1734 0.2998 0.1312 0.2323 0.1634 
        H579  1 0.2255 0.2625 0.1596 0.2487 0.1036 
        H584  1 0.2372 0.1617 0.1936 0.2899 0.1175 
        H585  1 0.1861 0.1560 0.2735 0.2337 0.1506 
        H605  1 0.1816 0.1683 0.1689 0.2029 0.2783 
        H606  1 0.1326 0.2476 0.0979 0.1359 0.3859 
        H632  1 0.2282 0.2094 0.1455 0.3181 0.0987 
        H634  1 0.2213 0.2033 0.1868 0.2347 0.1539 
        H671  1 0.1359 0.1354 0.1243 0.1292 0.4752 
        H672  1 0.2766 0.1700 0.2290 0.1497 0.1747 
        H673  1 0.1841 0.2737 0.1414 0.2875 0.1133 
        H689  1 0.2272 0.2729 0.1504 0.2403 0.1092 
        H690  1 0.1905 0.3174 0.1688 0.1386 0.1846 
        H691  1 0.2482 0.3593 0.1162 0.1565 0.1198 
        H692  1 0.2120 0.1472 0.2537 0.3299 0.0572 
        H709  1 0.2560 0.2100 0.2105 0.1951 0.1285 
        H710  1 0.2274 0.1709 0.2500 0.2829 0.0689 
       H7355  1 0.2011 0.3284 0.2570 0.1331 0.0804 
       H7356  1 0.2214 0.1820 0.1645 0.2578 0.1744 
       H7357  1 0.1640 0.2974 0.1672 0.1553 0.2161 
       H7358  1 0.2017 0.3249 0.1462 0.1959 0.1313 
       H7380  1 0.2258 0.2552 0.1735 0.2290 0.1165 
       H7381  1 0.1654 0.1606 0.1545 0.2387 0.2808 
       H7382  1 0.2329 0.2422 0.1695 0.2269 0.1285 
        H904  1 0.1105 0.2074 0.0829 0.0920 0.5072 
        H923  1 0.1738 0.2176 0.1597 0.2075 0.2415 
        H924  1 0.1911 0.2388 0.1286 0.1976 0.2439 
        H925  1 0.1952 0.3918 0.1297 0.1659 0.1173 
       H9558  1 0.2565 0.1016 0.2287 0.2997 0.1135 
        H008  2 0.1937 0.2316 0.2966 0.1963 0.0819 
        H021  2 0.2156 0.2446 0.1447 0.1682 0.2269 
        H023  2 0.1636 0.2833 0.1229 0.1534 0.2769 
        H024  2 0.2107 0.0994 0.4282 0.1799 0.0819 
        H025  2 0.1481 0.1552 0.1361 0.2441 0.3165 
        H026  2 0.2173 0.1315 0.2441 0.3167 0.0905 
        H027  2 0.2728 0.2451 0.1754 0.1715 0.1352 
        H028  2 0.2103 0.1781 0.2200 0.2645 0.1271 
        H029  2 0.2166 0.1989 0.2666 0.2162 0.1017 
        H030  2 0.2460 0.1139 0.2866 0.2709 0.0826 
        H038  2 0.1564 0.1791 0.1458 0.1858 0.3329 
        H039  2 0.0825 0.0885 0.0754 0.0792 0.6745 
        H040  2 0.1696 0.1304 0.1796 0.1506 0.3698 
        H041  2 0.1804 0.2986 0.2511 0.1408 0.1291 
        H042  2 0.1811 0.2524 0.1817 0.1863 0.1986 
        H043  2 0.1342 0.0983 0.1460 0.1683 0.4532 
        H044  2 0.2068 0.1087 0.3449 0.2334 0.1062 
        H047  2 0.2066 0.1377 0.2049 0.2066 0.2441 
        H050  2 0.2776 0.1330 0.3097 0.1822 0.0975 
        H058  2 0.1866 0.1155 0.2391 0.1991 0.2596 
        H062  2 0.1383 0.3620 0.0931 0.1733 0.2333 
        H063  2 0.1835 0.1566 0.1819 0.1418 0.3361 
        H065  2 0.1600 0.1744 0.1043 0.3609 0.2004 
        H066  2 0.2175 0.0976 0.3316 0.2059 0.1474 
        H067  2 0.2094 0.3277 0.1479 0.1972 0.1177 
        H068  2 0.1589 0.1720 0.1467 0.1428 0.3795 
        H069  2 0.2074 0.1343 0.1949 0.2606 0.2028 
        H071  2 0.1966 0.2102 0.1657 0.1750 0.2525 
        H072  2 0.1300 0.1545 0.1528 0.1233 0.4394 
        H073  2 0.2291 0.2121 0.1607 0.2721 0.1260 
        H081  2 0.1757 0.3683 0.1701 0.1355 0.1504 
        H082  2 0.2285 0.1126 0.3213 0.2617 0.0759 
        H083  2 0.2277 0.1507 0.2220 0.3013 0.0983 
        H084  2 0.2075 0.1386 0.2768 0.1668 0.2103 
        H085  2 0.2247 0.3795 0.1561 0.1318 0.1080 
        H087  2 0.1646 0.4201 0.1435 0.1413 0.1305 
        H088  2 0.1791 0.2225 0.1649 0.1623 0.2712 
        H089  2 0.2054 0.3303 0.1464 0.1829 0.1350 
        H090  2 0.3065 0.1560 0.2640 0.1751 0.0984 
        H091  2 0.3252 0.2287 0.2361 0.1357 0.0743 
        H098  2 0.1650 0.1647 0.3759 0.1590 0.1353 
      H10001  2 0.0845 0.0937 0.0740 0.0754 0.6724 
      H10002  2 0.1708 0.2930 0.1231 0.1532 0.2599 
        H101  2 0.2929 0.0902 0.3513 0.1610 0.1046 
        H108  2 0.1210 0.2865 0.1089 0.1445 0.3391 
        H109  2 0.2017 0.0986 0.3224 0.1623 0.2149 
        H110  2 0.1875 0.3306 0.2237 0.1644 0.0937 
        H116  2 0.2219 0.1615 0.2496 0.2514 0.1155 
        H117  2 0.2658 0.1890 0.3321 0.1210 0.0920 
        H118  2 0.2577 0.2361 0.2279 0.2035 0.0748 
        H119  2 0.1858 0.2126 0.2161 0.1625 0.2231 
        H120  2 0.1115 0.2520 0.0934 0.1234 0.4197 
        H121  2 0.2901 0.2378 0.2259 0.1622 0.0840 
        H125  2 0.0858 0.0882 0.0845 0.0779 0.6637 
        H126  2 0.2061 0.1470 0.1816 0.3229 0.1424 
        H128  2 0.3263 0.0910 0.3072 0.2273 0.0482 
        H129  2 0.2081 0.1313 0.1908 0.3794 0.0904 
        H130  2 0.1721 0.1083 0.1403 0.2067 0.3726 
        H133  2 0.1270 0.1220 0.1085 0.1419 0.5005 
        H134  2 0.1913 0.1171 0.1535 0.4533 0.0849 
        H135  2 0.2150 0.2597 0.1647 0.1769 0.1837 
        H137  2 0.2248 0.1227 0.3425 0.1527 0.1574 
        H138  2 0.2706 0.1479 0.1870 0.2959 0.0986 
        H140  2 0.2211 0.1737 0.2365 0.1843 0.1844 
        H146  2 0.3153 0.1542 0.2738 0.1519 0.1048 
        H147  2 0.2468 0.2390 0.2228 0.1916 0.0997 
        H148  2 0.2467 0.2860 0.2351 0.1345 0.0977 
     H166022  2 0.2425 0.1646 0.3100 0.1931 0.0898 
     H167359  2 0.2028 0.1606 0.2431 0.2262 0.1674 
     H167397  2 0.1973 0.1037 0.4665 0.1811 0.0514 
     H167428  2 0.1884 0.4099 0.1643 0.1788 0.0586 
     H167496  2 0.1519 0.2051 0.1300 0.1198 0.3932 
     H167513  2 0.1479 0.0855 0.3963 0.1749 0.1954 
     H167545  2 0.2761 0.1643 0.1817 0.2781 0.0998 
     H167547  2 0.1738 0.0697 0.4739 0.1952 0.0874 
     H169621  2 0.2756 0.1448 0.2711 0.2182 0.0903 
     H169622  2 0.2401 0.2201 0.1525 0.2768 0.1104 
     H169750  2 0.1937 0.1062 0.1975 0.2197 0.2829 
     H171806  2 0.2401 0.2014 0.1956 0.1619 0.2010 
     H171808  2 0.2081 0.2689 0.1391 0.2212 0.1626 
     H171809  2 0.1684 0.3167 0.1632 0.1814 0.1702 
     H171813  2 0.1896 0.1813 0.1890 0.2505 0.1897 
     H171815  2 0.1059 0.1248 0.1207 0.1402 0.5084 
     H171824  2 0.1783 0.3181 0.1325 0.1283 0.2427 
     H171825  2 0.2188 0.2273 0.1497 0.2688 0.1355 
     H171826  2 0.1870 0.2460 0.2149 0.1695 0.1826 
     H171827  2 0.2370 0.2105 0.1727 0.2121 0.1677 
     H171828  2 0.1172 0.2438 0.0950 0.0941 0.4499 
     H171829  2 0.2241 0.1127 0.2103 0.2402 0.2127 
     H171830  2 0.1623 0.1447 0.3617 0.1600 0.1713 
     H171831  2 0.2108 0.1634 0.2682 0.2727 0.0849 
     H171832  2 0.2156 0.1879 0.1852 0.2838 0.1274 
     H171863  2 0.2236 0.1144 0.2633 0.3218 0.0770 
     H171864  2 0.2063 0.1903 0.3031 0.1416 0.1587 
     H171865  2 0.1196 0.1277 0.1595 0.1472 0.4460 
     H171879  2 0.2022 0.1743 0.3103 0.1683 0.1449 
     H171880  2 0.2671 0.1047 0.3800 0.1420 0.1062 
     H171881  2 0.2014 0.2369 0.2055 0.2321 0.1241 
     H171882  2 0.1037 0.1423 0.0928 0.0992 0.5621 
     H171929  2 0.1835 0.2296 0.2529 0.1933 0.1407 
     H171930  2 0.2932 0.0997 0.3050 0.2164 0.0858 
     H171933  2 0.2583 0.1628 0.2317 0.2020 0.1452 
     H171934  2 0.1921 0.3061 0.1834 0.1827 0.1356 
     H171937  2 0.2032 0.1489 0.2387 0.2994 0.1098 
     H171962  2 0.1940 0.2765 0.1790 0.2401 0.1104 
        H190  2 0.2157 0.1657 0.2275 0.2599 0.1312 
        H191  2 0.1600 0.1840 0.2723 0.1937 0.1900 
        H396  2 0.1901 0.4041 0.1000 0.1478 0.1580 
        H397  2 0.2466 0.1824 0.2106 0.2189 0.1415 
        H398  2 0.1824 0.2286 0.1359 0.2550 0.1981 
        H400  2 0.1951 0.3391 0.1468 0.1696 0.1494 
        H401  2 0.1964 0.0908 0.5037 0.1526 0.0566 
        H402  2 0.2350 0.1670 0.2971 0.1968 0.1042 
        H427  2 0.1672 0.3966 0.1525 0.1521 0.1316 
        H428  2 0.1906 0.4229 0.1636 0.1670 0.0559 
        H497  2 0.1494 0.1119 0.2705 0.1718 0.2964 
        H512  2 0.1836 0.1715 0.3573 0.1476 0.1400 
        H513  2 0.1461 0.0834 0.3956 0.1784 0.1965 
        H514  2 0.2712 0.1414 0.1823 0.2704 0.1347 
        H519  2 0.1580 0.0973 0.4020 0.1641 0.1786 
        H532  2 0.2162 0.3799 0.1441 0.1684 0.0914 
        H543  2 0.2852 0.1880 0.2485 0.1887 0.0897 
        H544  2 0.1847 0.1285 0.1517 0.3445 0.1906 
        H545  2 0.2806 0.1478 0.1966 0.2935 0.0814 
        H546  2 0.1305 0.1448 0.1313 0.2071 0.3863 
        H547  2 0.1666 0.0731 0.4774 0.1993 0.0836 
        H548  2 0.2111 0.2470 0.2057 0.1812 0.1550 
        H549  2 0.1745 0.0998 0.2414 0.2126 0.2717 
        H620  2 0.1021 0.1399 0.0888 0.0911 0.5781 
        H623  2 0.2328 0.1124 0.2375 0.2959 0.1214 
        H624  2 0.1685 0.1118 0.1265 0.2358 0.3574 
        H625  2 0.1907 0.3023 0.1751 0.1909 0.1410 
        H626  2 0.1968 0.1381 0.2924 0.1780 0.1947 
        H654  2 0.0709 0.0852 0.0839 0.0893 0.6707 
        H655  2 0.2505 0.1771 0.1596 0.1716 0.2412 
        H656  2 0.0922 0.1859 0.0780 0.1104 0.5335 
        H666  2 0.1298 0.0746 0.1140 0.1062 0.5754 
        H667  2 0.2164 0.2778 0.1775 0.1987 0.1296 
        H677  2 0.2437 0.2513 0.1779 0.1932 0.1339 
        H693  2 0.1203 0.3636 0.1069 0.1212 0.2880 
        H694  2 0.2313 0.1154 0.2448 0.2553 0.1531 
        H701  2 0.2244 0.1562 0.3065 0.2093 0.1037 
        H702  2 0.2112 0.1772 0.2363 0.1772 0.1981 
        H731  2 0.2231 0.2224 0.1311 0.1816 0.2417 
       H7359  2 0.2080 0.1570 0.2422 0.2259 0.1668 
       H7389  2 0.2149 0.2504 0.2171 0.1840 0.1336 
       H7390  2 0.1603 0.1399 0.1442 0.1366 0.4190 
       H7391  2 0.1864 0.4251 0.1761 0.1068 0.1056 
       H7392  2 0.2193 0.1750 0.1410 0.2586 0.2061 
       H7393  2 0.1865 0.1498 0.2267 0.1709 0.2661 
       H7398  2 0.1860 0.3159 0.2344 0.1318 0.1319 
       H7399  2 0.2433 0.2501 0.1847 0.2294 0.0925 
       H7400  2 0.0765 0.1028 0.0817 0.0958 0.6432 
        H745  2 0.1771 0.1125 0.2506 0.3719 0.0878 
        H746  2 0.2347 0.2469 0.1771 0.2465 0.0948 
        H747  2 0.2027 0.1205 0.1588 0.1291 0.3889 
        H748  2 0.2174 0.1667 0.2459 0.2041 0.1659 
       H7484  2 0.1345 0.1240 0.1383 0.1253 0.4780 
       H7485  2 0.1783 0.1276 0.2797 0.2469 0.1676 
        H749  2 0.2255 0.2213 0.1712 0.2493 0.1327 
        H930  2 0.2853 0.1049 0.3299 0.1881 0.0919 
        H931  2 0.1769 0.2738 0.2015 0.2029 0.1449 
        H932  2 0.2171 0.1818 0.2569 0.1877 0.1565 
        H111  3 0.2020 0.1138 0.2931 0.2870 0.1041 
        H951  3 0.1774 0.1848 0.3247 0.2156 0.0975 
        H952  3 0.2491 0.1765 0.1885 0.2251 0.1608 
        H953  3 0.2178 0.3855 0.1780 0.1290 0.0897 
        H954  3 0.1549 0.1389 0.1771 0.1420 0.3870 
        H955  3 0.2922 0.1257 0.2362 0.2580 0.0878 
        H956  3 0.3126 0.1644 0.2091 0.1283 0.1856 
       H9563  3 0.1820 0.2153 0.2648 0.1448 0.1931 
        H002  4 0.1379 0.1710 0.1238 0.2291 0.3383 
        H003  4 0.2430 0.2955 0.1326 0.2364 0.0925 
        H009  4 0.2133 0.1365 0.2029 0.3086 0.1387 
        H010  4 0.2294 0.2419 0.1865 0.2049 0.1374 
        H011  4 0.1235 0.2134 0.1098 0.1260 0.4273 
        H012  4 0.2106 0.2544 0.2410 0.1943 0.0998 
        H013  4 0.1734 0.3095 0.1403 0.1740 0.2028 
        H014  4 0.2048 0.1767 0.2192 0.2465 0.1528 
        H045  4 0.1373 0.3524 0.1761 0.1181 0.2161 
        H046  4 0.2644 0.2348 0.1223 0.2773 0.1013 
        H051  4 0.1513 0.2752 0.1661 0.1562 0.2511 
        H052  4 0.1477 0.1444 0.1392 0.2080 0.3606 
        H053  4 0.2539 0.1725 0.1964 0.1669 0.2102 
        H056  4 0.1393 0.1282 0.2062 0.1723 0.3540 
        H076  4 0.1796 0.2263 0.2283 0.2686 0.0973 
        H151  4 0.1266 0.1419 0.1190 0.1558 0.4567 
        H152  4 0.1576 0.2310 0.1188 0.2150 0.2775 
     H171803  4 0.1729 0.1681 0.1625 0.1580 0.3385 
     H171804  4 0.1908 0.1775 0.1960 0.1624 0.2732 
     H171833  4 0.2102 0.1411 0.2077 0.3355 0.1054 
     H171855  4 0.1035 0.1147 0.1554 0.1584 0.4680 
     H171856  4 0.2343 0.1417 0.2329 0.1578 0.2333 
     H171857  4 0.1627 0.1354 0.1881 0.1711 0.3426 
     H171858  4 0.1920 0.2660 0.1630 0.2093 0.1697 
     H171859  4 0.2070 0.2030 0.1727 0.2121 0.2052 
     H171961  4 0.1714 0.2268 0.1639 0.1782 0.2597 
        H198  4 0.2708 0.2172 0.1597 0.2821 0.0702 
      H20001  4 0.1995 0.1111 0.2367 0.3374 0.1154 
        H403  4 0.1639 0.1552 0.2050 0.2147 0.2613 
        H404  4 0.2224 0.3115 0.1578 0.2130 0.0953 
        H405  4 0.2385 0.2369 0.2011 0.2205 0.1031 
        H406  4 0.1526 0.0739 0.4053 0.2024 0.1658 
        H407  4 0.2335 0.2184 0.2086 0.1563 0.1832 
        H410  4 0.2089 0.1758 0.4096 0.1272 0.0785 
        H411  4 0.1768 0.1294 0.3262 0.2658 0.1018 
        H468  4 0.2061 0.0870 0.2256 0.2509 0.2305 
        H476  4 0.2220 0.1043 0.2311 0.1764 0.2662 
        H477  4 0.2724 0.1292 0.1706 0.3325 0.0952 
        H478  4 0.2010 0.2473 0.1956 0.2308 0.1252 
        H479  4 0.1769 0.2557 0.1222 0.1747 0.2706 
        H480  4 0.2537 0.1279 0.2699 0.2520 0.0965 
        H498  4 0.2530 0.1836 0.1588 0.2553 0.1493 
        H499  4 0.1744 0.2634 0.1786 0.2186 0.1649 
        H500  4 0.1812 0.1755 0.1446 0.1393 0.3595 
        H515  4 0.1971 0.1872 0.2268 0.1640 0.2249 
        H516  4 0.2385 0.1327 0.2066 0.2261 0.1960 
        H517  4 0.2175 0.1826 0.2708 0.1690 0.1601 
        H518  4 0.1729 0.1034 0.1589 0.1981 0.3667 
        H520  4 0.1728 0.1277 0.1594 0.1668 0.3733 
        H521  4 0.1862 0.2396 0.1989 0.2275 0.1478 
        H522  4 0.2431 0.1497 0.1876 0.1894 0.2302 
        H523  4 0.2992 0.1452 0.2053 0.1690 0.1813 
        H536  4 0.1914 0.2677 0.1270 0.2598 0.1541 
        H645  4 0.1330 0.4812 0.0953 0.1093 0.1813 
        H646  4 0.3022 0.1182 0.2905 0.1989 0.0901 
        H647  4 0.2161 0.1411 0.2088 0.2340 0.1999 
        H657  4 0.2334 0.1678 0.2874 0.2001 0.1113 
        H658  4 0.2913 0.1647 0.2010 0.1650 0.1781 
        H659  4 0.1021 0.1149 0.1265 0.1122 0.5443 
        H660  4 0.1718 0.1658 0.1975 0.2460 0.2189 
        H661  4 0.1390 0.1367 0.1581 0.2081 0.3581 
        H668  4 0.2339 0.3155 0.1775 0.1801 0.0931 
        H669  4 0.2038 0.2464 0.2068 0.1679 0.1750 
        H670  4 0.1486 0.4845 0.0971 0.1113 0.1585 
        H678  4 0.2161 0.1488 0.2956 0.1870 0.1526 
        H679  4 0.2073 0.1378 0.3608 0.1968 0.0973 
        H680  4 0.1602 0.1606 0.2595 0.2372 0.1825 
        H681  4 0.1905 0.2833 0.1432 0.1528 0.2303 
        H682  4 0.2680 0.1602 0.2950 0.1603 0.1164 
        H683  4 0.1735 0.0879 0.1820 0.2336 0.3230 
        H718  4 0.1344 0.1376 0.1207 0.1224 0.4848 
        H719  4 0.1522 0.2969 0.1705 0.1738 0.2066 
        H720  4 0.1399 0.1434 0.1666 0.2497 0.3004 
        H721  4 0.1669 0.1521 0.1552 0.2572 0.2687 
        H722  4 0.1389 0.1042 0.1823 0.2746 0.3000 
        H723  4 0.1451 0.2302 0.1831 0.1378 0.3038 
        H724  4 0.1233 0.1217 0.1181 0.1113 0.5257 
        H725  4 0.1356 0.1157 0.1199 0.1362 0.4927 
        H726  4 0.1727 0.1754 0.1662 0.1655 0.3202 
        H727  4 0.1812 0.2590 0.1704 0.1409 0.2485 
        H910  4 0.1986 0.2402 0.1889 0.1416 0.2307 
        H911  4 0.2151 0.1274 0.3419 0.1884 0.1272 
        H912  4 0.1752 0.1257 0.2528 0.2311 0.2152 
        H913  4 0.2900 0.1333 0.1765 0.1667 0.2335 
        H914  4 0.1783 0.3213 0.1146 0.1216 0.2642 
        H915  4 0.1816 0.1306 0.2977 0.1839 0.2062 
        H916  4 0.2228 0.1216 0.3021 0.2096 0.1439 
       H9572  4 0.1656 0.1314 0.2341 0.2082 0.2608 
        H015  5 0.2140 0.1151 0.2789 0.2884 0.1036 
        H016  5 0.2269 0.1388 0.1654 0.3578 0.1111 
        H017  5 0.2204 0.1378 0.1962 0.2622 0.1834 
        H019  5 0.2106 0.1523 0.2097 0.2793 0.1481 
        H020  5 0.1884 0.3042 0.1255 0.1754 0.2065 
        H032  5 0.2130 0.1452 0.2167 0.1713 0.2538 
        H033  5 0.2659 0.2394 0.1904 0.1955 0.1087 
        H034  5 0.1619 0.2660 0.1581 0.1417 0.2723 
        H035  5 0.2373 0.1591 0.2266 0.2024 0.1746 
        H036  5 0.2332 0.1583 0.2905 0.1903 0.1277 
        H037  5 0.2441 0.1990 0.1392 0.1501 0.2676 
        H048  5 0.1171 0.2398 0.1315 0.1320 0.3796 
        H049  5 0.2343 0.1446 0.1759 0.2825 0.1627 
        H054  5 0.1828 0.2009 0.2153 0.2061 0.1948 
        H055  5 0.1778 0.2657 0.1255 0.2086 0.2225 
        H057  5 0.1830 0.1376 0.1364 0.3612 0.1818 
        H060  5 0.1882 0.2604 0.1108 0.2293 0.2113 
        H061  5 0.2204 0.2851 0.1551 0.2069 0.1325 
        H064  5 0.1575 0.2203 0.1461 0.2172 0.2589 
        H070  5 0.1963 0.3011 0.1677 0.1455 0.1895 
        H077  5 0.1301 0.1390 0.1840 0.1506 0.3962 
        H078  5 0.1772 0.1207 0.2042 0.2068 0.2911 
        H079  5 0.2950 0.2530 0.1985 0.1695 0.0840 
        H097  5 0.2057 0.1022 0.1832 0.2654 0.2435 
        H107  5 0.1175 0.2007 0.0935 0.1087 0.4796 
        H122  5 0.2480 0.1399 0.1940 0.2557 0.1624 
        H123  5 0.2382 0.1302 0.3214 0.2149 0.0954 
        H124  5 0.2406 0.2087 0.2506 0.1986 0.1015 
        H131  5 0.2634 0.1899 0.2573 0.1814 0.1079 
        H132  5 0.1642 0.2458 0.1915 0.1895 0.2090 
        H141  5 0.1628 0.2036 0.1556 0.1716 0.3064 
        H142  5 0.2738 0.2131 0.1893 0.2344 0.0893 
        H157  5 0.1585 0.1865 0.1451 0.1671 0.3428 
        H158  5 0.3206 0.1106 0.2028 0.2750 0.0909 
        H159  5 0.2171 0.1556 0.2512 0.2560 0.1200 
        H160  5 0.2464 0.1313 0.1822 0.2142 0.2259 
        H163  5 0.2343 0.1705 0.2529 0.2193 0.1230 
        H164  5 0.1844 0.1960 0.2484 0.2394 0.1319 
        H165  5 0.2057 0.3295 0.1873 0.1792 0.0984 
        H166  5 0.2448 0.2250 0.1695 0.2424 0.1183 
        H169  5 0.2626 0.2592 0.1530 0.1928 0.1324 
     H169613  5 0.2538 0.1973 0.1511 0.2238 0.1740 
     H169653  5 0.2466 0.1778 0.1985 0.2711 0.1060 
     H169728  5 0.2011 0.1414 0.2683 0.2284 0.1609 
     H169742  5 0.1566 0.4462 0.0980 0.1332 0.1660 
        H170  5 0.1931 0.1457 0.1820 0.3170 0.1621 
        H171  5 0.1949 0.1381 0.2168 0.3203 0.1299 
     H171851  5 0.2248 0.1825 0.1841 0.2658 0.1428 
     H171852  5 0.1643 0.1406 0.1298 0.1920 0.3732 
     H171853  5 0.1776 0.1784 0.2295 0.1661 0.2484 
     H171854  5 0.1912 0.1356 0.2995 0.2087 0.1649 
     H171938  5 0.2062 0.3107 0.1688 0.1645 0.1499 
     H171939  5 0.2074 0.2138 0.1762 0.2852 0.1175 
     H171941  5 0.1486 0.2761 0.1148 0.1595 0.3009 
     H171965  5 0.2538 0.2299 0.1490 0.2695 0.0978 
     H171970  5 0.1116 0.1685 0.1202 0.1271 0.4727 
     H171973  5 0.2188 0.3161 0.1692 0.1841 0.1118 
     H171974  5 0.1974 0.3055 0.1731 0.1675 0.1565 
     H171975  5 0.1551 0.2626 0.1795 0.1906 0.2123 
     H171976  5 0.2019 0.1105 0.1609 0.3112 0.2155 
        H175  5 0.1775 0.2464 0.1372 0.1479 0.2911 
        H178  5 0.1970 0.2615 0.1419 0.2127 0.1870 
        H189  5 0.2767 0.1708 0.2204 0.2445 0.0877 
        H399  5 0.1509 0.0874 0.2213 0.3169 0.2235 
        H416  5 0.1771 0.2655 0.1854 0.1606 0.2114 
        H438  5 0.2222 0.2416 0.2282 0.1561 0.1517 
        H450  5 0.1647 0.2502 0.1137 0.1864 0.2850 
        H455  5 0.1281 0.2743 0.1110 0.1228 0.3638 
        H456  5 0.2059 0.3077 0.1423 0.1720 0.1721 
        H457  5 0.1555 0.1593 0.1403 0.2066 0.3382 
        H458  5 0.1880 0.2245 0.1576 0.1915 0.2383 
        H459  5 0.3147 0.1606 0.2056 0.2310 0.0882 
        H460  5 0.2390 0.1572 0.2051 0.1916 0.2072 
        H461  5 0.2237 0.1291 0.2002 0.2824 0.1646 
        H462  5 0.2204 0.2174 0.2750 0.1813 0.1059 
        H469  5 0.1877 0.1544 0.3922 0.1655 0.1002 
        H470  5 0.1681 0.1598 0.2665 0.1918 0.2139 
        H471  5 0.2956 0.0940 0.2796 0.2302 0.1006 
        H481  5 0.1433 0.1577 0.0984 0.1093 0.4912 
        H482  5 0.1654 0.1826 0.1935 0.1947 0.2639 
        H501  5 0.2054 0.2220 0.1827 0.2001 0.1899 
        H502  5 0.2756 0.1507 0.2023 0.2745 0.0969 
        H503  5 0.2131 0.1591 0.2619 0.2308 0.1352 
        H509  5 0.1680 0.1554 0.1935 0.1412 0.3418 
        H510  5 0.1703 0.2531 0.1850 0.2449 0.1467 
        H511  5 0.2366 0.1960 0.1990 0.2610 0.1075 
        H530  5 0.1813 0.2819 0.1651 0.1515 0.2202 
        H531  5 0.1513 0.1111 0.1613 0.1629 0.4133 
        H564  5 0.1553 0.2305 0.1308 0.2092 0.2743 
        H565  5 0.1325 0.1722 0.1089 0.1659 0.4205 
        H567  5 0.2609 0.1767 0.2827 0.1966 0.0831 
     H568???  5 0.2589 0.1577 0.2148 0.2605 0.1081 
        H608  5 0.1660 0.2451 0.1254 0.1628 0.3007 
        H609  5 0.2022 0.3753 0.1368 0.1677 0.1180 
        H612  5 0.1289 0.2590 0.1164 0.1056 0.3901 
        H614  5 0.1484 0.1323 0.1095 0.1527 0.4571 
        H615  5 0.1858 0.1242 0.1327 0.1800 0.3773 
        H616  5 0.1401 0.2316 0.0970 0.0932 0.4382 
        H617  5 0.2585 0.2093 0.2479 0.1888 0.0956 
        H618  5 0.1388 0.2164 0.1525 0.1437 0.3486 
        H619  5 0.1458 0.4763 0.0888 0.1683 0.1208 
        H635  5 0.2126 0.2025 0.2134 0.2189 0.1527 
        H636  5 0.1942 0.4065 0.1385 0.1536 0.1072 
        H637  5 0.1674 0.3019 0.1131 0.1826 0.2350 
        H644  5 0.2280 0.0972 0.2713 0.3345 0.0690 
        H711  5 0.2212 0.1590 0.1584 0.3058 0.1557 
        H712  5 0.1902 0.3425 0.1058 0.1462 0.2153 
       H7360  5 0.1975 0.1357 0.1710 0.2788 0.2171 
       H7361  5 0.1647 0.1875 0.1548 0.1911 0.3019 
       H7362  5 0.2067 0.1082 0.2831 0.3299 0.0721 
       H7363  5 0.1821 0.1812 0.1968 0.1998 0.2401 
       H7394  5 0.2772 0.1832 0.2394 0.2124 0.0878 
       H7395  5 0.1961 0.2847 0.1530 0.2148 0.1513 
       H7396  5 0.2738 0.2090 0.1798 0.1826 0.1549 
        H742  5 0.1555 0.4609 0.0924 0.1289 0.1624 
        H743  5 0.1829 0.2791 0.1330 0.1813 0.2238 
        H744  5 0.1549 0.2210 0.1395 0.1012 0.3834 
        H957  5 0.1923 0.1679 0.1705 0.2779 0.1914 
        H958  5 0.2738 0.1478 0.2457 0.1768 0.1559 
        H959  5 0.1208 0.2818 0.1292 0.1445 0.3237 
        H960  5 0.2032 0.2661 0.2039 0.1611 0.1658 
      H_PALI  6 0.2191 0.1707 0.2118 0.2587 0.1397 
        H581  6 0.1843 0.1493 0.1858 0.1935 0.2872 
        H582  6 0.1137 0.1368 0.1157 0.1552 0.4787 
        H583  6 0.1774 0.1827 0.1939 0.1986 0.2474 
        H595  6 0.2215 0.1012 0.4103 0.1866 0.0804 
        H596  6 0.2413 0.1220 0.3598 0.1966 0.0803 
        H597  6 0.2281 0.1839 0.2348 0.2622 0.0910 
        H598  6 0.2211 0.2252 0.1931 0.1741 0.1864 
        H599  6 0.1657 0.2736 0.1256 0.1702 0.2649 
        H642  6 0.1766 0.0924 0.3646 0.2374 0.1289 
        H643  6 0.2171 0.2002 0.2574 0.1578 0.1675 
        H664  6 0.1242 0.0795 0.1903 0.1714 0.4346 
        H665  6 0.1818 0.3563 0.1674 0.1654 0.1291 
        H674  6 0.1778 0.1323 0.2811 0.3176 0.0911 
        H675  6 0.1946 0.1774 0.1823 0.2040 0.2417 
        H676  6 0.1807 0.1258 0.3683 0.2118 0.1135 
        H686  6 0.2069 0.2006 0.1897 0.2512 0.1517 
        H687  6 0.2365 0.1478 0.2258 0.2224 0.1676 
        H917  6 0.2225 0.2005 0.3075 0.1758 0.0937 
        H918  6 0.1817 0.3704 0.1108 0.2050 0.1321 
        H919  6 0.1504 0.2496 0.1339 0.1122 0.3539 
        H920  6 0.1489 0.1539 0.2063 0.2108 0.2801 
        H631  7 0.1707 0.2198 0.1416 0.2007 0.2673 
        H684  7 0.2249 0.1776 0.1968 0.3124 0.0883 
        H685  7 0.2253 0.0867 0.2141 0.1015 0.3725 
        H713  7 0.1249 0.1561 0.1403 0.1247 0.4541 
        H715  7 0.2223 0.1746 0.1943 0.2994 0.1094 
        H716  7 0.1498 0.3621 0.1003 0.1920 0.1958 
        H717  7 0.1727 0.2169 0.1780 0.2053 0.2270 
        H729  7 0.2896 0.2444 0.2466 0.1458 0.0737 
        H730  7 0.2149 0.3415 0.1846 0.1149 0.1441 
        H431  8 0.1804 0.1717 0.2142 0.1459 0.2878 
        H432  8 0.1909 0.2011 0.2316 0.2877 0.0886 
        H433  8 0.2481 0.1940 0.2475 0.1871 0.1232 
        H434  8 0.2712 0.1924 0.2342 0.2036 0.0986 
        H444  8 0.1760 0.2952 0.1912 0.2071 0.1306 
        H454  8 0.1390 0.2187 0.1431 0.1326 0.3665 
        H475  8 0.1537 0.1544 0.1364 0.1482 0.4072 
        H491  8 0.1531 0.2270 0.1537 0.2418 0.2245 
        H492  8 0.2000 0.1451 0.1569 0.1642 0.3338 
        H493  8 0.2741 0.1471 0.1831 0.2416 0.1542 
        H494  8 0.1641 0.2491 0.2021 0.1643 0.2204 
        H495  8 0.1426 0.1219 0.1388 0.2007 0.3960 
        H662  8 0.1796 0.1512 0.1983 0.2902 0.1807 
        H663  8 0.1814 0.2270 0.2223 0.1801 0.1892 
        H695  8 0.2252 0.2043 0.1916 0.1744 0.2044 
       H7367  8 0.2976 0.1473 0.3163 0.1633 0.0754 
       H7368  8 0.2135 0.1947 0.2280 0.2492 0.1146 
       H7369  8 0.1711 0.3250 0.1836 0.1682 0.1520 
       H7370  8 0.3022 0.0909 0.3852 0.1504 0.0712 
       H7371  8 0.2290 0.2112 0.2447 0.1742 0.1410 
        H600  9 0.1795 0.2156 0.1325 0.1673 0.3051 
        H648  9 0.1727 0.1563 0.2445 0.2406 0.1859 
        H696  9 0.2038 0.0922 0.3314 0.2925 0.0801 
        H697  9 0.1787 0.2230 0.2668 0.1872 0.1443 
        H698  9 0.1642 0.1720 0.3794 0.1730 0.1115 
        H699  9 0.2217 0.1803 0.2466 0.1992 0.1521 
        H700  9 0.1679 0.2986 0.1284 0.1608 0.2443 
        H732  9 0.1445 0.1489 0.1309 0.1705 0.4053 
        H733  9 0.1783 0.1400 0.4158 0.1694 0.0965 
        H734  9 0.2771 0.1324 0.2465 0.2375 0.1066 
        H735  9 0.1848 0.1172 0.3992 0.1709 0.1279 
        H736  9 0.2116 0.1958 0.1601 0.2113 0.2213 
        H737  9 0.1992 0.3164 0.1673 0.1491 0.1681 
        H905  9 0.1654 0.2914 0.1600 0.1593 0.2240 
        H921  9 0.1825 0.2529 0.1807 0.1523 0.2316 
        H922  9 0.2003 0.1757 0.3522 0.1849 0.0868 
     H169705 10 0.3126 0.1140 0.3462 0.1276 0.0996 
     H171942 10 0.1766 0.2087 0.2348 0.2945 0.0854 
     H171943 10 0.2675 0.1940 0.1844 0.2165 0.1376 
     H171944 10 0.2359 0.1851 0.2563 0.1675 0.1553 
     H171946 10 0.1596 0.1093 0.1704 0.2125 0.3482 
     H171947 10 0.2080 0.2123 0.2085 0.2380 0.1333 
     H229641 10 0.1841 0.1141 0.2861 0.2032 0.2124 
      H30001 10 0.1835 0.1988 0.2441 0.1851 0.1885 
      H30002 10 0.3078 0.2390 0.1339 0.1918 0.1275 
      H30005 10 0.2211 0.1452 0.3581 0.1624 0.1132 
      H30006 10 0.3016 0.1240 0.2666 0.1806 0.1272 
      H30007 10 0.2302 0.1742 0.1591 0.3528 0.0836 
        H451 10 0.2140 0.1956 0.2476 0.2377 0.1051 
        H452 10 0.2099 0.1255 0.3792 0.1518 0.1336 
        H453 10 0.1438 0.1674 0.1189 0.2010 0.3689 
        H473 10 0.1781 0.2388 0.1133 0.2006 0.2692 
        H474 10 0.1274 0.0937 0.1396 0.1416 0.4977 
        H486 10 0.1735 0.1586 0.2100 0.1652 0.2928 
        H487 10 0.1932 0.2064 0.1955 0.1602 0.2446 
        H488 10 0.1790 0.3302 0.1746 0.1564 0.1599 
        H489 10 0.1878 0.1476 0.1685 0.1334 0.3628 
        H550 10 0.3071 0.1150 0.1676 0.2904 0.1200 
        H551 10 0.2218 0.2261 0.2533 0.1265 0.1724 
        H553 10 0.2131 0.1347 0.1843 0.1189 0.3489 
        H554 10 0.1839 0.1940 0.2289 0.2646 0.1286 
        H556 10 0.2652 0.1340 0.1690 0.2075 0.2243 
        H580 10 0.2435 0.2330 0.2244 0.1828 0.1163 
        H591 10 0.1199 0.1844 0.1179 0.1177 0.4601 
        H592 10 0.2077 0.1400 0.2350 0.1592 0.2581 
        H593 10 0.1741 0.2137 0.2100 0.2539 0.1483 
        H594 10 0.2349 0.1528 0.2694 0.2661 0.0768 
        H627 10 0.2069 0.1271 0.2153 0.2158 0.2349 
        H628 10 0.1801 0.3950 0.1582 0.1946 0.0720 
        H629 10 0.1785 0.1138 0.2157 0.2378 0.2542 
        H630 10 0.2173 0.1123 0.2942 0.1817 0.1946 
        H638 10 0.1787 0.1102 0.4138 0.1681 0.1292 
        H639 10 0.1381 0.1105 0.1580 0.1641 0.4292 
        H640 10 0.2274 0.1499 0.2649 0.2271 0.1307 
        H704 10 0.2035 0.1893 0.1881 0.3085 0.1106 
        H705 10 0.3074 0.1204 0.3465 0.1191 0.1066 
        H706 10 0.1792 0.3160 0.1724 0.1289 0.2034 
        H708 10 0.1655 0.1325 0.1568 0.1407 0.4045 
       H7351 10 0.2117 0.1572 0.1867 0.2833 0.1611 
       H7352 10 0.2133 0.1878 0.1979 0.1856 0.2154 
       H7353 10 0.1675 0.1219 0.2384 0.3698 0.1025 
       H7354 10 0.1925 0.2983 0.1116 0.1832 0.2144 
       H7365 10 0.1390 0.1551 0.1290 0.1188 0.4580 
       H7383 10 0.1762 0.2802 0.1672 0.1579 0.2186 
       H7384 10 0.2432 0.2747 0.1518 0.1563 0.1740 
       H7385 10 0.1787 0.2530 0.1724 0.1474 0.2485 
       H7386 10 0.1577 0.2741 0.2456 0.1873 0.1353 
       H7387 10 0.2569 0.2249 0.1836 0.2186 0.1159 
       H7388 10 0.1979 0.2001 0.3143 0.1401 0.1476 
        H906 10 0.1538 0.2004 0.1142 0.2680 0.2637 
        H907 10 0.1996 0.1145 0.3489 0.2309 0.1061 
        H908 10 0.1843 0.1919 0.2621 0.1985 0.1633 
        H909 10 0.1802 0.3712 0.1137 0.1803 0.1546 
       H9552 10 0.2006 0.2103 0.2180 0.2204 0.1507 
       H9553 10 0.2548 0.1526 0.2213 0.1289 0.2424 
       H9555 10 0.2141 0.2086 0.2968 0.1631 0.1175 
       H9575 10 0.1633 0.1417 0.1543 0.1867 0.3541 
       H9703 10 0.2031 0.1295 0.1178 0.1073 0.4423 
       H9707 10 0.1759 0.1374 0.1997 0.1458 0.3412 
       HSAA4 10 0.2369 0.2288 0.2218 0.1903 0.1222 
        H001 11 0.1763 0.3275 0.1295 0.1746 0.1922 
        H004 11 0.2311 0.1918 0.2011 0.2210 0.1550 
        H005 11 0.1294 0.2650 0.1114 0.1276 0.3666 
        H006 11 0.2122 0.2437 0.1783 0.1896 0.1763 
        H007 11 0.1425 0.4086 0.0944 0.1201 0.2344 
        H031 11 0.1444 0.1377 0.1440 0.1013 0.4728 
        H074 11 0.1526 0.1093 0.1828 0.1527 0.4026 
        H075 11 0.1225 0.3023 0.1159 0.1224 0.3369 
        H080 11 0.1506 0.1977 0.2120 0.1331 0.3066 
        H086 11 0.2473 0.2268 0.2389 0.1668 0.1201 
        H092 11 0.2303 0.1779 0.2195 0.1427 0.2296 
        H093 11 0.2344 0.1620 0.1673 0.3491 0.0872 
        H094 11 0.2559 0.1172 0.3010 0.1853 0.1405 
        H095 11 0.1453 0.2654 0.1075 0.1548 0.3270 
        H096 11 0.1467 0.3491 0.1222 0.1587 0.2233 
        H099 11 0.1768 0.1892 0.2368 0.1641 0.2331 
        H100 11 0.2240 0.3410 0.1321 0.2131 0.0898 
        H127 11 0.1987 0.2378 0.1900 0.1558 0.2176 
        H136 11 0.1477 0.1491 0.1495 0.1551 0.3986 
        H153 11 0.2027 0.1501 0.2330 0.2622 0.1521 
        H154 11 0.1459 0.1152 0.1538 0.1385 0.4466 
        H155 11 0.1980 0.3451 0.2123 0.1617 0.0829 
        H156 11 0.2134 0.2938 0.2270 0.2005 0.0654 
        H161 11 0.2036 0.1805 0.1863 0.2800 0.1497 
        H162 11 0.2200 0.1148 0.3769 0.1800 0.1082 
        H167 11 0.2915 0.2559 0.1751 0.1772 0.1003 
        H168 11 0.1830 0.2660 0.2358 0.1866 0.1286 
     H169586 11 0.1673 0.0953 0.1099 0.3061 0.3214 
     H169738 11 0.1851 0.3052 0.2651 0.1559 0.0886 
     H169741 11 0.2305 0.1349 0.1522 0.1448 0.3376 
     H171801 11 0.1903 0.1439 0.2339 0.3086 0.1232 
     H171810 11 0.1823 0.1557 0.1655 0.1774 0.3191 
     H171811 11 0.1616 0.1214 0.1608 0.1838 0.3724 
     H171812 11 0.1520 0.4269 0.0988 0.1491 0.1732 
     H171820 11 0.1458 0.1411 0.1692 0.1749 0.3690 
     H171821 11 0.1976 0.1924 0.2978 0.1967 0.1155 
     H171822 11 0.2257 0.1958 0.2530 0.1862 0.1393 
     H171823 11 0.1312 0.1216 0.1283 0.2332 0.3856 
     H171866 11 0.1721 0.2046 0.2846 0.2297 0.1089 
     H171867 11 0.2449 0.2615 0.2459 0.1446 0.1031 
     H171967 11 0.1642 0.2593 0.1372 0.1322 0.3071 
     H171969 11 0.1972 0.2294 0.1786 0.2257 0.1692 
        H172 11 0.2241 0.2562 0.1734 0.1795 0.1667 
        H173 11 0.2263 0.2792 0.2238 0.1459 0.1247 
        H174 11 0.2183 0.0995 0.3944 0.2125 0.0754 
        H196 11 0.2260 0.2118 0.3467 0.1275 0.0880 
        H197 11 0.1986 0.2146 0.2841 0.1939 0.1088 
        H346 11 0.2219 0.2985 0.1225 0.1790 0.1781 
        H355 11 0.1668 0.2659 0.1143 0.1744 0.2785 
        H356 11 0.2011 0.2786 0.1847 0.1609 0.1747 
        H357 11 0.1461 0.1825 0.2130 0.1487 0.3096 
        H358 11 0.2057 0.4067 0.1234 0.1294 0.1348 
        H359 11 0.2175 0.1573 0.2089 0.2144 0.2020 
        H360 11 0.2626 0.2467 0.1802 0.1691 0.1414 
        H361 11 0.2418 0.3035 0.1774 0.1576 0.1196 
        H362 11 0.2126 0.1220 0.4189 0.1812 0.0653 
        H363 11 0.1796 0.2181 0.1394 0.1314 0.3316 
        H364 11 0.2401 0.2316 0.1271 0.2395 0.1617 
        H365 11 0.1901 0.3045 0.1603 0.2032 0.1419 
        H366 11 0.2173 0.3173 0.1677 0.1725 0.1252 
        H367 11 0.1219 0.1157 0.2030 0.1222 0.4371 
        H368 11 0.2426 0.1297 0.2194 0.2664 0.1419 
        H369 11 0.1544 0.1817 0.1319 0.1134 0.4185 
        H370 11 0.2230 0.2160 0.2378 0.2055 0.1177 
        H371 11 0.2086 0.1318 0.3244 0.1813 0.1539 
        H372 11 0.2376 0.2542 0.1736 0.1959 0.1387 
        H373 11 0.2098 0.2348 0.2106 0.1961 0.1487 
        H374 11 0.1990 0.3253 0.1172 0.1729 0.1855 
        H375 11 0.1711 0.2361 0.1683 0.1789 0.2456 
        H376 11 0.2075 0.1984 0.1829 0.2928 0.1184 
        H377 11 0.2383 0.2094 0.1907 0.1652 0.1964 
        H378 11 0.2168 0.1690 0.1749 0.2085 0.2308 
        H379 11 0.2203 0.1369 0.2798 0.2134 0.1496 
        H380 11 0.2307 0.2928 0.1857 0.1984 0.0924 
        H381 11 0.1462 0.1051 0.1485 0.1864 0.4139 
        H382 11 0.2000 0.1725 0.3464 0.2128 0.0683 
        H383 11 0.2374 0.2564 0.1640 0.2592 0.0829 
        H384 11 0.2348 0.1918 0.1407 0.1823 0.2504 
        H385 11 0.1900 0.1550 0.2531 0.1716 0.2303 
        H386 11 0.1933 0.4121 0.1421 0.1464 0.1061 
        H387 11 0.2505 0.1473 0.1110 0.3295 0.1617 
        H388 11 0.2484 0.2733 0.1973 0.1976 0.0834 
        H389 11 0.1858 0.2935 0.1844 0.1552 0.1810 
        H390 11 0.2197 0.2074 0.2304 0.1971 0.1454 
        H391 11 0.2199 0.1739 0.2597 0.2330 0.1135 
        H392 11 0.1424 0.3496 0.0923 0.1443 0.2713 
        H393 11 0.1954 0.2675 0.1351 0.2947 0.1073 
        H394 11 0.2004 0.1030 0.2023 0.3722 0.1222 
        H395 11 0.1483 0.2192 0.1648 0.1435 0.3242 
        H408 11 0.1824 0.4031 0.1069 0.1444 0.1632 
        H412 11 0.1232 0.0541 0.1314 0.1465 0.5447 
        H417 11 0.2303 0.1916 0.1441 0.1856 0.2484 
        H418 11 0.1958 0.1143 0.2485 0.2215 0.2199 
        H429 11 0.1850 0.3208 0.1385 0.2166 0.1391 
        H430 11 0.1951 0.2632 0.2506 0.1882 0.1029 
        H439 11 0.2411 0.2181 0.2073 0.1742 0.1594 
        H440 11 0.1497 0.2281 0.1066 0.1416 0.3739 
        H441 11 0.2006 0.1475 0.3752 0.1546 0.1221 
        H442 11 0.2024 0.2407 0.2033 0.2226 0.1310 
        H446 11 0.2645 0.1756 0.1570 0.2481 0.1548 
        H447 11 0.2536 0.2860 0.1876 0.1695 0.1032 
        H448 11 0.1942 0.3337 0.2118 0.1234 0.1369 
        H534 11 0.1431 0.1695 0.1292 0.1680 0.3902 
        H537 11 0.1170 0.1441 0.1377 0.1877 0.4135 
        H568 11 0.1046 0.1101 0.1488 0.1134 0.5231 
        H569 11 0.2608 0.2054 0.3153 0.1545 0.0639 
        H586 11 0.1598 0.0854 0.1139 0.3023 0.3386 
        H587 11 0.1527 0.1485 0.1164 0.1168 0.4656 
        H588 11 0.2416 0.1842 0.1329 0.3500 0.0913 
        H589 11 0.1172 0.2294 0.0923 0.1358 0.4253 
        H590 11 0.1543 0.1873 0.1440 0.1763 0.3382 
        H601 11 0.1865 0.2058 0.2928 0.2221 0.0928 
        H602 11 0.1861 0.2130 0.2286 0.1436 0.2287 
        H603 11 0.1911 0.2561 0.2929 0.1666 0.0932 
