        H102  1 0.1976 0.3746 0.1340 0.1270 0.1669 
        H103  1 0.4218 0.0626 0.2669 0.0810 0.1677 
        H104  1 0.0956 0.2747 0.1230 0.3040 0.2027 
        H105  1 0.2198 0.2915 0.1672 0.1924 0.1290 
        H106  1 0.2423 0.1895 0.2013 0.1324 0.2344 
        H112  1 0.1697 0.3537 0.1438 0.1915 0.1413 
        H113  1 0.1583 0.1189 0.1388 0.4551 0.1289 
        H114  1 0.2005 0.0884 0.1661 0.3911 0.1540 
        H115  1 0.1223 0.3478 0.1130 0.2832 0.1339 
        H143  1 0.2158 0.2363 0.1880 0.2320 0.1280 
        H144  1 0.1738 0.0793 0.4654 0.1484 0.1331 
        H145  1 0.3201 0.1358 0.2689 0.1010 0.1742 
        H149  1 0.1555 0.3317 0.1556 0.1391 0.2182 
        H150  1 0.1492 0.1778 0.3424 0.2075 0.1232 
     H167542  1 0.1269 0.1746 0.1265 0.4650 0.1070 
     H169604  1 0.1526 0.1733 0.1835 0.2917 0.1989 
     H169607  1 0.2083 0.1377 0.2438 0.1936 0.2167 
     H169608  1 0.1281 0.5306 0.1202 0.0928 0.1284 
     H169633  1 0.2081 0.0944 0.1820 0.4065 0.1090 
     H169688  1 0.1894 0.1022 0.2903 0.0756 0.3425 
     H169714  1 0.1393 0.1977 0.1922 0.2150 0.2558 
     H171802  1 0.1729 0.2174 0.1754 0.1776 0.2565 
     H171805  1 0.3013 0.1051 0.2442 0.1284 0.2211 
     H171807  1 0.2125 0.2959 0.2092 0.1139 0.1685 
     H171814  1 0.1412 0.0732 0.2993 0.3127 0.1737 
     H171816  1 0.1801 0.2291 0.1958 0.1419 0.2531 
     H171817  1 0.1985 0.2533 0.1660 0.1734 0.2089 
     H171818  1 0.2178 0.1493 0.2030 0.1831 0.2469 
     H171819  1 0.2217 0.1641 0.1873 0.2097 0.2172 
     H171834  1 0.3067 0.1966 0.1909 0.1474 0.1584 
     H171835  1 0.0817 0.2439 0.1212 0.3107 0.2426 
     H171836  1 0.3867 0.0546 0.2518 0.1661 0.1408 
     H171837  1 0.1276 0.2814 0.1386 0.2981 0.1543 
     H171838  1 0.4968 0.0850 0.2012 0.0867 0.1303 
     H171839  1 0.1068 0.1945 0.1448 0.3345 0.2194 
     H171841  1 0.1651 0.4843 0.1283 0.0592 0.1631 
     H171860  1 0.1874 0.1843 0.1936 0.2983 0.1365 
     H171861  1 0.4233 0.0712 0.1975 0.1801 0.1279 
     H171862  1 0.2702 0.1816 0.2050 0.1754 0.1679 
     H171868  1 0.1890 0.2544 0.1781 0.2624 0.1162 
     H171869  1 0.1891 0.0986 0.3590 0.1221 0.2312 
     H171870  1 0.1738 0.1876 0.2342 0.1008 0.3036 
     H171871  1 0.3054 0.0916 0.2597 0.1379 0.2054 
     H171872  1 0.1207 0.2591 0.1519 0.2913 0.1770 
     H171873  1 0.1828 0.1497 0.2495 0.1479 0.2701 
     H171874  1 0.2667 0.1280 0.2578 0.1574 0.1901 
     H171875  1 0.2556 0.0650 0.2256 0.3197 0.1341 
     H171876  1 0.2131 0.1291 0.2287 0.2322 0.1969 
     H171877  1 0.1043 0.1726 0.1120 0.5044 0.1067 
     H171878  1 0.1423 0.1770 0.2155 0.0865 0.3786 
     H171901  1 0.1408 0.2159 0.1421 0.1220 0.3792 
     H171902  1 0.1599 0.2445 0.2443 0.1213 0.2301 
     H171903  1 0.2178 0.1639 0.1801 0.2035 0.2347 
     H171935  1 0.2124 0.2065 0.2035 0.0750 0.3025 
     H171936  1 0.1150 0.0862 0.1430 0.4951 0.1607 
     H171940  1 0.1688 0.3303 0.1855 0.1473 0.1681 
     H171945  1 0.1475 0.2225 0.2586 0.1416 0.2298 
     H171948  1 0.2893 0.2824 0.1604 0.1360 0.1319 
     H171949  1 0.1206 0.4340 0.1345 0.1238 0.1872 
     H171950  1 0.1010 0.3847 0.1157 0.1106 0.2881 
     H171963  1 0.2324 0.0905 0.2996 0.1301 0.2474 
     H171964  1 0.2090 0.0882 0.4271 0.1264 0.1493 
     H171966  1 0.3167 0.1496 0.2287 0.1028 0.2021 
     H171968  1 0.1430 0.3123 0.2171 0.1236 0.2041 
     H171971  1 0.2945 0.1236 0.2351 0.1030 0.2439 
     H171972  1 0.3052 0.0844 0.2885 0.1542 0.1677 
     H171977  1 0.1825 0.0828 0.3207 0.2301 0.1839 
     H171978  1 0.1974 0.2429 0.2281 0.0865 0.2451 
     H171979  1 0.3969 0.0702 0.2663 0.0991 0.1675 
        H176  1 0.1536 0.2683 0.1864 0.2713 0.1204 
        H177  1 0.1088 0.4544 0.1035 0.1076 0.2257 
        H179  1 0.0883 0.2741 0.1171 0.3188 0.2017 
        H181  1 0.3374 0.1134 0.2748 0.1416 0.1328 
        H182  1 0.3926 0.0771 0.2503 0.1234 0.1566 
        H183  1 0.3432 0.0987 0.2958 0.1049 0.1574 
        H184  1 0.2023 0.3504 0.1783 0.1351 0.1339 
        H185  1 0.2988 0.1088 0.2631 0.2006 0.1286 
        H186  1 0.1291 0.2036 0.3651 0.1075 0.1948 
        H187  1 0.2319 0.1332 0.1799 0.1304 0.3245 
        H188  1 0.0882 0.2206 0.1144 0.4639 0.1128 
        H192  1 0.2106 0.3431 0.1648 0.1040 0.1775 
        H193  1 0.2652 0.1323 0.3171 0.1066 0.1789 
        H194  1 0.2076 0.2156 0.1996 0.1857 0.1915 
        H195  1 0.1841 0.0939 0.3665 0.0860 0.2695 
        H199  1 0.2002 0.1192 0.3283 0.1267 0.2256 
        H200  1 0.1651 0.2420 0.1751 0.2422 0.1756 
        H414  1 0.2123 0.1169 0.2295 0.1238 0.3174 
        H415  1 0.2237 0.1159 0.1782 0.3050 0.1773 
        H422  1 0.1818 0.2917 0.2671 0.1191 0.1402 
        H423  1 0.1023 0.5564 0.0963 0.0782 0.1668 
        H424  1 0.2574 0.0949 0.3185 0.1351 0.1941 
        H425  1 0.1187 0.0881 0.4313 0.1463 0.2156 
        H426  1 0.2394 0.1002 0.3956 0.0746 0.1902 
        H443  1 0.0903 0.1247 0.4598 0.1849 0.1404 
        H466  1 0.2043 0.1794 0.2276 0.1519 0.2368 
        H467  1 0.1151 0.2961 0.1586 0.1501 0.2801 
        H472  1 0.1626 0.1863 0.2103 0.2294 0.2114 
        H483  1 0.2400 0.1624 0.2451 0.2176 0.1349 
        H504  1 0.2227 0.0893 0.3305 0.1464 0.2111 
        H505  1 0.1372 0.2249 0.1521 0.2238 0.2620 
        H506  1 0.1592 0.2128 0.2915 0.1488 0.1878 
        H507  1 0.2652 0.0599 0.2610 0.1838 0.2302 
        H508  1 0.1749 0.1744 0.1911 0.0999 0.3598 
        H524  1 0.1786 0.0793 0.1515 0.4210 0.1696 
        H525  1 0.1806 0.1342 0.2924 0.2089 0.1839 
        H526  1 0.1040 0.1733 0.1325 0.5017 0.0886 
        H527  1 0.1637 0.2770 0.1745 0.1106 0.2741 
        H528  1 0.2834 0.0936 0.2415 0.2688 0.1128 
        H529  1 0.1955 0.0810 0.3139 0.2330 0.1767 
        H533  1 0.3864 0.0586 0.1772 0.1103 0.2675 
        H538  1 0.1472 0.2204 0.1756 0.2697 0.1872 
        H539  1 0.2302 0.1218 0.1849 0.0871 0.3761 
        H540  1 0.2506 0.1666 0.2144 0.1647 0.2036 
        H541  1 0.1302 0.1388 0.1836 0.3857 0.1617 
        H558  1 0.4864 0.1034 0.1978 0.0711 0.1413 
        H559  1 0.1528 0.2460 0.2411 0.1945 0.1656 
        H579  1 0.3749 0.1335 0.2290 0.1176 0.1450 
        H584  1 0.2287 0.1078 0.3511 0.1617 0.1507 
        H585  1 0.1972 0.1080 0.2535 0.1814 0.2598 
        H605  1 0.1921 0.3027 0.1836 0.1473 0.1743 
        H606  1 0.0780 0.5101 0.1109 0.1392 0.1618 
        H632  1 0.1692 0.1265 0.3657 0.1673 0.1713 
        H634  1 0.2765 0.1459 0.2511 0.1427 0.1838 
        H671  1 0.0922 0.3739 0.1221 0.1370 0.2747 
        H672  1 0.1359 0.1185 0.1503 0.3899 0.2053 
        H673  1 0.2096 0.1522 0.3413 0.1885 0.1083 
        H689  1 0.1980 0.1307 0.2700 0.2276 0.1737 
        H690  1 0.1314 0.3194 0.1241 0.2746 0.1506 
        H691  1 0.1192 0.1458 0.1892 0.3379 0.2079 
        H692  1 0.3182 0.0466 0.4048 0.1334 0.0970 
        H709  1 0.2272 0.1717 0.1950 0.2369 0.1693 
        H710  1 0.4267 0.0652 0.2681 0.1285 0.1115 
       H7355  1 0.2147 0.1569 0.1729 0.3337 0.1217 
       H7356  1 0.2686 0.1690 0.2468 0.1310 0.1846 
       H7357  1 0.1695 0.3152 0.1506 0.1873 0.1774 
       H7358  1 0.1809 0.1221 0.2163 0.3463 0.1344 
       H7380  1 0.2467 0.1968 0.2612 0.1503 0.1451 
       H7381  1 0.1595 0.2522 0.2652 0.1209 0.2023 
       H7382  1 0.1871 0.1414 0.2892 0.1800 0.2023 
        H904  1 0.0669 0.5781 0.0785 0.1097 0.1667 
        H923  1 0.1482 0.2088 0.1929 0.2594 0.1907 
        H924  1 0.1400 0.2621 0.1851 0.2484 0.1643 
        H925  1 0.0980 0.1477 0.1330 0.4816 0.1396 
       H9558  1 0.5084 0.0819 0.2049 0.0605 0.1443 
        H008  2 0.3219 0.0952 0.2082 0.2587 0.1159 
        H021  2 0.1246 0.2503 0.1539 0.2132 0.2579 
        H023  2 0.1203 0.2850 0.1208 0.2136 0.2604 
        H024  2 0.2880 0.0628 0.2238 0.3164 0.1090 
        H025  2 0.1810 0.3305 0.2258 0.1057 0.1570 
        H026  2 0.1749 0.0665 0.3916 0.2090 0.1580 
        H027  2 0.1066 0.1155 0.1591 0.4326 0.1863 
        H028  2 0.3438 0.1143 0.1999 0.2031 0.1388 
        H029  2 0.1624 0.0752 0.1915 0.3945 0.1764 
        H030  2 0.3660 0.0639 0.2406 0.1837 0.1458 
        H038  2 0.1017 0.2015 0.1308 0.1644 0.4015 
        H039  2 0.0567 0.6808 0.0554 0.0714 0.1356 
        H040  2 0.0948 0.2242 0.1262 0.1010 0.4538 
        H041  2 0.1775 0.1186 0.1246 0.4770 0.1023 
        H042  2 0.1996 0.2566 0.1879 0.1930 0.1629 
        H043  2 0.1300 0.2966 0.1310 0.0565 0.3859 
        H044  2 0.4539 0.0907 0.2332 0.0731 0.1492 
        H047  2 0.2835 0.2336 0.1855 0.1425 0.1550 
        H050  2 0.2339 0.0845 0.2013 0.2946 0.1856 
        H058  2 0.1780 0.1612 0.2240 0.0982 0.3386 
        H062  2 0.1038 0.3671 0.1335 0.2290 0.1664 
        H063  2 0.1443 0.2595 0.1356 0.1790 0.2816 
        H065  2 0.1502 0.1992 0.3925 0.1094 0.1486 
        H066  2 0.3152 0.0886 0.1941 0.1522 0.2500 
        H067  2 0.1560 0.1623 0.2213 0.2742 0.1861 
        H068  2 0.1328 0.2679 0.1553 0.1665 0.2775 
        H069  2 0.1708 0.1254 0.2159 0.1338 0.3541 
        H071  2 0.1654 0.2896 0.1774 0.1964 0.1711 
        H072  2 0.1400 0.4531 0.1131 0.1283 0.1655 
        H073  2 0.1437 0.1165 0.2690 0.2452 0.2255 
        H081  2 0.1334 0.2843 0.1299 0.3474 0.1050 
        H082  2 0.4526 0.0722 0.2406 0.1257 0.1089 
        H083  2 0.4207 0.0773 0.2707 0.0948 0.1365 
        H084  2 0.1452 0.1389 0.1831 0.1849 0.3479 
        H085  2 0.0878 0.1538 0.1067 0.5634 0.0883 
        H087  2 0.1803 0.2605 0.1324 0.3253 0.1015 
        H088  2 0.1799 0.2904 0.1479 0.1628 0.2190 
        H089  2 0.1441 0.1491 0.1917 0.3148 0.2003 
        H090  2 0.1831 0.0746 0.1618 0.4570 0.1234 
        H091  2 0.0843 0.0586 0.1345 0.5875 0.1350 
        H098  2 0.2942 0.1168 0.1940 0.2451 0.1499 
      H10001  2 0.0512 0.7113 0.0536 0.0637 0.1201 
      H10002  2 0.1529 0.3987 0.1261 0.1462 0.1761 
        H101  2 0.2205 0.0661 0.1843 0.2761 0.2529 
        H108  2 0.0963 0.5441 0.1090 0.1500 0.1006 
        H109  2 0.2137 0.1388 0.1780 0.1632 0.3063 
        H110  2 0.2698 0.1929 0.1751 0.2381 0.1241 
        H116  2 0.2729 0.0883 0.3010 0.1626 0.1751 
        H117  2 0.1347 0.0665 0.1029 0.5767 0.1192 
        H118  2 0.1391 0.0731 0.1832 0.4996 0.1050 
        H119  2 0.1173 0.1920 0.1503 0.3678 0.1726 
        H120  2 0.0791 0.6157 0.0925 0.1210 0.0917 
        H121  2 0.1113 0.0755 0.1391 0.5559 0.1182 
        H125  2 0.0631 0.4950 0.0731 0.0743 0.2945 
        H126  2 0.3012 0.1789 0.3113 0.0949 0.1138 
        H128  2 0.1465 0.0357 0.1958 0.4916 0.1305 
        H129  2 0.2349 0.0792 0.4100 0.0900 0.1859 
        H130  2 0.2060 0.3941 0.1767 0.0469 0.1762 
        H133  2 0.1082 0.4667 0.1342 0.0944 0.1965 
        H134  2 0.2379 0.0667 0.5096 0.0781 0.1077 
        H135  2 0.2039 0.2360 0.1785 0.2263 0.1553 
        H137  2 0.2408 0.1189 0.1625 0.3044 0.1735 
        H138  2 0.3088 0.0801 0.3485 0.0928 0.1697 
        H140  2 0.1994 0.1820 0.1897 0.3028 0.1262 
        H146  2 0.1240 0.0903 0.1416 0.5193 0.1248 
        H147  2 0.2245 0.1328 0.1716 0.3180 0.1530 
        H148  2 0.1441 0.1251 0.1287 0.4572 0.1449 
     H166022  2 0.3483 0.0833 0.2104 0.1709 0.1872 
     H167359  2 0.2480 0.1400 0.2504 0.1481 0.2135 
     H167397  2 0.3168 0.0454 0.2770 0.2263 0.1345 
     H167428  2 0.1505 0.0585 0.1866 0.5165 0.0880 
     H167496  2 0.0991 0.3696 0.1020 0.2328 0.1965 
     H167513  2 0.3177 0.1161 0.1473 0.0784 0.3405 
     H167545  2 0.3520 0.0768 0.2322 0.1156 0.2235 
     H167547  2 0.3030 0.0588 0.3139 0.1608 0.1634 
     H169621  2 0.2835 0.0862 0.2341 0.2335 0.1627 
     H169622  2 0.2149 0.1152 0.2923 0.1304 0.2472 
     H169750  2 0.2613 0.1911 0.2047 0.0876 0.2553 
     H171806  2 0.1049 0.1862 0.1529 0.4055 0.1505 
     H171808  2 0.1476 0.1891 0.1895 0.2895 0.1842 
     H171809  2 0.1941 0.3075 0.1742 0.1851 0.1391 
     H171813  2 0.2235 0.1772 0.2789 0.1464 0.1740 
     H171815  2 0.1178 0.3530 0.1143 0.0994 0.3156 
     H171824  2 0.1001 0.2887 0.1145 0.3188 0.1780 
     H171825  2 0.2085 0.1510 0.2590 0.1450 0.2364 
     H171826  2 0.1928 0.2149 0.1816 0.2447 0.1661 
     H171827  2 0.1702 0.1382 0.1756 0.1463 0.3697 
     H171828  2 0.0566 0.5928 0.0734 0.1755 0.1017 
     H171829  2 0.1693 0.1403 0.3213 0.1079 0.2612 
     H171830  2 0.3285 0.1412 0.1592 0.2103 0.1608 
     H171831  2 0.2761 0.0713 0.3582 0.1604 0.1340 
     H171832  2 0.4040 0.1304 0.2192 0.0958 0.1506 
     H171863  2 0.3084 0.0537 0.3324 0.1313 0.1742 
     H171864  2 0.1866 0.1369 0.1505 0.3556 0.1704 
     H171865  2 0.1260 0.2929 0.1378 0.1768 0.2665 
     H171879  2 0.2116 0.1058 0.1846 0.3381 0.1599 
     H171880  2 0.2022 0.0760 0.1964 0.3145 0.2110 
     H171881  2 0.2294 0.1459 0.2599 0.2055 0.1593 
     H171882  2 0.0828 0.6640 0.0741 0.0790 0.1002 
     H171929  2 0.2378 0.1582 0.2105 0.2663 0.1272 
     H171930  2 0.4371 0.0626 0.1984 0.1209 0.1811 
     H171933  2 0.2039 0.1153 0.1999 0.2350 0.2458 
     H171934  2 0.1384 0.1901 0.1540 0.3804 0.1370 
     H171937  2 0.3861 0.1089 0.3045 0.0878 0.1126 
     H171962  2 0.2807 0.1307 0.2262 0.2010 0.1614 
        H190  2 0.3231 0.1223 0.2314 0.1373 0.1859 
        H191  2 0.2239 0.1697 0.1937 0.2449 0.1677 
        H396  2 0.0867 0.2026 0.1416 0.4369 0.1323 
        H397  2 0.2456 0.1230 0.2179 0.1696 0.2440 
        H398  2 0.1310 0.2321 0.2901 0.1981 0.1487 
        H400  2 0.1323 0.2228 0.1515 0.3421 0.1512 
        H401  2 0.2977 0.0444 0.2016 0.3334 0.1228 
        H402  2 0.3034 0.0740 0.1868 0.2036 0.2322 
        H427  2 0.1430 0.1856 0.1743 0.3811 0.1160 
        H428  2 0.1540 0.0623 0.1773 0.5162 0.0902 
        H497  2 0.2365 0.2050 0.1576 0.0902 0.3107 
        H512  2 0.2543 0.1310 0.1906 0.2428 0.1814 
        H513  2 0.3152 0.1293 0.1464 0.0798 0.3293 
        H514  2 0.2852 0.1224 0.2738 0.0904 0.2283 
        H519  2 0.3455 0.1175 0.1648 0.0888 0.2834 
        H532  2 0.1331 0.1078 0.1623 0.4755 0.1213 
        H543  2 0.2682 0.0877 0.2371 0.1546 0.2524 
        H544  2 0.2415 0.1764 0.3647 0.0704 0.1470 
        H545  2 0.3978 0.0690 0.2416 0.0935 0.1981 
        H546  2 0.1751 0.3382 0.1546 0.1105 0.2217 
        H547  2 0.3388 0.0596 0.2931 0.1524 0.1561 
        H548  2 0.2006 0.1522 0.1927 0.2557 0.1989 
        H549  2 0.1489 0.1379 0.1187 0.0809 0.5135 
        H620  2 0.0817 0.5774 0.0850 0.0956 0.1603 
        H623  2 0.4051 0.1178 0.2709 0.0804 0.1259 
        H624  2 0.1736 0.2451 0.1948 0.0589 0.3275 
        H625  2 0.1782 0.1480 0.2166 0.2823 0.1750 
        H626  2 0.1982 0.1455 0.1770 0.1268 0.3526 
        H654  2 0.0735 0.4829 0.0672 0.0484 0.3280 
        H655  2 0.1933 0.2325 0.1763 0.1038 0.2940 
        H656  2 0.0618 0.6421 0.0864 0.1082 0.1015 
        H666  2 0.0712 0.5273 0.1038 0.1321 0.1655 
        H667  2 0.1902 0.1573 0.2112 0.2192 0.2222 
        H677  2 0.1819 0.1651 0.1984 0.2866 0.1680 
        H693  2 0.1127 0.5093 0.1005 0.1813 0.0962 
        H694  2 0.4049 0.1319 0.2433 0.0863 0.1335 
        H701  2 0.3862 0.0959 0.2093 0.1391 0.1695 
        H702  2 0.2564 0.1554 0.1683 0.1402 0.2798 
        H731  2 0.1258 0.3236 0.1515 0.2149 0.1842 
       H7359  2 0.2485 0.1340 0.2438 0.1549 0.2188 
       H7389  2 0.1223 0.0960 0.1555 0.4518 0.1744 
       H7390  2 0.0929 0.2669 0.1233 0.0870 0.4300 
       H7391  2 0.0941 0.1196 0.0942 0.6052 0.0869 
       H7392  2 0.1206 0.1625 0.2548 0.1874 0.2747 
       H7393  2 0.1770 0.2420 0.1666 0.1580 0.2564 
       H7398  2 0.1232 0.1579 0.1197 0.4932 0.1060 
       H7399  2 0.2347 0.0999 0.2801 0.2176 0.1677 
       H7400  2 0.0758 0.6384 0.0693 0.0595 0.1570 
        H745  2 0.2323 0.0724 0.5055 0.0950 0.0948 
        H746  2 0.2473 0.1133 0.2731 0.1687 0.1976 
        H747  2 0.1059 0.2931 0.1224 0.1730 0.3057 
        H748  2 0.2383 0.1441 0.1973 0.1175 0.3028 
       H7484  2 0.1015 0.5236 0.1137 0.1478 0.1134 
       H7485  2 0.2450 0.1161 0.2425 0.1074 0.2889 
        H749  2 0.2342 0.1049 0.2172 0.1421 0.3016 
        H930  2 0.3890 0.0640 0.1934 0.1479 0.2058 
        H931  2 0.1747 0.1691 0.1917 0.3467 0.1179 
        H932  2 0.1482 0.1365 0.1956 0.3602 0.1595 
        H111  3 0.3909 0.0782 0.2794 0.0850 0.1665 
        H951  3 0.2913 0.0944 0.2625 0.1988 0.1531 
        H952  3 0.1272 0.1329 0.2333 0.3136 0.1930 
        H953  3 0.0827 0.0825 0.1163 0.6154 0.1031 
        H954  3 0.1551 0.3656 0.1276 0.1045 0.2472 
        H955  3 0.3560 0.0690 0.2425 0.1146 0.2179 
        H956  3 0.1111 0.1274 0.1276 0.3563 0.2777 
       H9563  3 0.1628 0.2048 0.1431 0.3390 0.1503 
        H002  4 0.1823 0.3973 0.1913 0.0762 0.1528 
        H003  4 0.2056 0.1266 0.2789 0.2275 0.1614 
        H009  4 0.2641 0.0951 0.3114 0.1153 0.2140 
        H010  4 0.1694 0.1516 0.1997 0.3234 0.1559 
        H011  4 0.1144 0.5165 0.1125 0.1127 0.1439 
        H012  4 0.3148 0.1447 0.1906 0.2156 0.1344 
        H013  4 0.1873 0.2719 0.1748 0.1876 0.1783 
        H014  4 0.3614 0.1598 0.2116 0.1116 0.1557 
        H045  4 0.0952 0.2194 0.0947 0.4725 0.1182 
        H046  4 0.2030 0.1140 0.3093 0.1914 0.1823 
        H051  4 0.1392 0.3988 0.1295 0.2024 0.1301 
        H052  4 0.1415 0.3593 0.2321 0.1184 0.1486 
        H053  4 0.1544 0.1724 0.1762 0.1641 0.3329 
        H056  4 0.2014 0.3833 0.1790 0.0921 0.1442 
        H076  4 0.1982 0.0962 0.3403 0.2076 0.1577 
        H151  4 0.1095 0.4053 0.1328 0.0847 0.2677 
        H152  4 0.1617 0.3798 0.2164 0.1113 0.1308 
     H171803  4 0.1109 0.1998 0.1192 0.1082 0.4618 
     H171804  4 0.1472 0.2267 0.1515 0.1871 0.2874 
     H171833  4 0.3177 0.0921 0.3480 0.0798 0.1624 
     H171855  4 0.1132 0.3478 0.1700 0.0642 0.3048 
     H171856  4 0.1179 0.1447 0.1509 0.2337 0.3528 
     H171857  4 0.1485 0.2568 0.1966 0.1554 0.2427 
     H171858  4 0.1790 0.2464 0.2390 0.2095 0.1262 
     H171859  4 0.1419 0.2078 0.2506 0.2282 0.1715 
     H171961  4 0.1708 0.3054 0.1782 0.1491 0.1965 
        H198  4 0.2627 0.0753 0.3029 0.1854 0.1737 
      H20001  4 0.3661 0.0781 0.2951 0.0549 0.2057 
        H403  4 0.1640 0.1757 0.2065 0.1801 0.2738 
        H404  4 0.2047 0.1423 0.2409 0.2416 0.1705 
        H405  4 0.1945 0.1127 0.2753 0.2545 0.1630 
        H406  4 0.2932 0.1083 0.3069 0.1526 0.1391 
        H407  4 0.0857 0.1433 0.1222 0.4159 0.2330 
        H410  4 0.1382 0.0521 0.0940 0.6149 0.1008 
        H411  4 0.4608 0.1010 0.2452 0.0662 0.1268 
        H468  4 0.1933 0.1194 0.2208 0.0617 0.4048 
        H476  4 0.2495 0.1708 0.1731 0.0798 0.3268 
        H477  4 0.2620 0.0739 0.2908 0.0804 0.2928 
        H478  4 0.2860 0.1361 0.2132 0.1431 0.2216 
        H479  4 0.1254 0.3562 0.1443 0.2256 0.1484 
        H480  4 0.3615 0.0790 0.2671 0.0903 0.2021 
        H498  4 0.2687 0.1489 0.2796 0.1329 0.1698 
        H499  4 0.2589 0.2047 0.2122 0.1361 0.1881 
        H500  4 0.1021 0.3061 0.1164 0.1595 0.3158 
        H515  4 0.2504 0.2314 0.1625 0.1476 0.2081 
        H516  4 0.2591 0.1569 0.2367 0.1491 0.1982 
        H517  4 0.1856 0.1268 0.2008 0.3288 0.1579 
        H518  4 0.1474 0.2868 0.2632 0.0868 0.2157 
        H520  4 0.1151 0.2304 0.1666 0.1126 0.3752 
        H521  4 0.1980 0.1388 0.2264 0.2535 0.1832 
        H522  4 0.1658 0.1481 0.1708 0.1191 0.3962 
        H523  4 0.2171 0.1822 0.1916 0.2086 0.2005 
        H536  4 0.1214 0.1588 0.2983 0.2402 0.1814 
        H645  4 0.0865 0.2756 0.1181 0.3745 0.1453 
        H646  4 0.1867 0.0718 0.2392 0.3470 0.1553 
        H647  4 0.1517 0.1351 0.2265 0.1389 0.3479 
        H657  4 0.2037 0.0888 0.2452 0.2627 0.1996 
        H658  4 0.1648 0.1512 0.1770 0.1947 0.3123 
        H659  4 0.0976 0.3623 0.0944 0.0588 0.3870 
        H660  4 0.2440 0.2521 0.1979 0.1053 0.2007 
        H661  4 0.1673 0.2420 0.1653 0.0759 0.3494 
        H668  4 0.3049 0.1507 0.1873 0.2069 0.1502 
        H669  4 0.1649 0.2088 0.1582 0.2832 0.1849 
        H670  4 0.1101 0.4183 0.1090 0.2515 0.1110 
        H678  4 0.2029 0.1222 0.1904 0.1348 0.3496 
        H679  4 0.3606 0.0843 0.1727 0.2073 0.1752 
        H680  4 0.1823 0.1204 0.2522 0.1475 0.2977 
        H681  4 0.1988 0.2847 0.1617 0.1675 0.1873 
        H682  4 0.2552 0.0945 0.1675 0.2225 0.2603 
        H683  4 0.1838 0.2642 0.2529 0.1152 0.1840 
        H718  4 0.0805 0.4416 0.1143 0.2259 0.1376 
        H719  4 0.1923 0.2596 0.1660 0.2301 0.1519 
        H720  4 0.1977 0.2889 0.2207 0.0879 0.2048 
        H721  4 0.1678 0.2589 0.2669 0.1024 0.2041 
        H722  4 0.1494 0.2201 0.3687 0.0963 0.1654 
        H723  4 0.1220 0.3528 0.1213 0.2364 0.1675 
        H724  4 0.0753 0.3834 0.0923 0.1584 0.2907 
        H725  4 0.1009 0.3987 0.1360 0.0840 0.2805 
        H726  4 0.1986 0.3408 0.1712 0.1325 0.1570 
        H727  4 0.1288 0.2919 0.1293 0.2637 0.1864 
        H910  4 0.1797 0.2576 0.1309 0.2589 0.1730 
        H911  4 0.1960 0.0882 0.2366 0.3194 0.1598 
        H912  4 0.2322 0.1645 0.2112 0.1176 0.2745 
        H913  4 0.1090 0.1676 0.1665 0.1632 0.3937 
        H914  4 0.0836 0.3386 0.1026 0.2629 0.2123 
        H915  4 0.2674 0.1389 0.1820 0.1224 0.2894 
        H916  4 0.2985 0.1192 0.2349 0.1116 0.2358 
       H9572  4 0.2356 0.1917 0.1636 0.1325 0.2766 
        H015  5 0.4567 0.0804 0.2474 0.0904 0.1251 
        H016  5 0.1789 0.0975 0.4025 0.1357 0.1854 
        H017  5 0.2284 0.1268 0.2273 0.0845 0.3331 
        H019  5 0.3521 0.1617 0.2349 0.1046 0.1467 
        H020  5 0.1122 0.2555 0.1674 0.3019 0.1629 
        H032  5 0.2467 0.2055 0.2105 0.1398 0.1976 
        H033  5 0.2971 0.1313 0.1981 0.1929 0.1807 
        H034  5 0.1487 0.4219 0.1186 0.1764 0.1344 
        H035  5 0.1616 0.1182 0.1792 0.1821 0.3589 
        H036  5 0.2589 0.0920 0.1973 0.2662 0.1857 
        H037  5 0.1180 0.2162 0.1436 0.1386 0.3836 
        H048  5 0.0881 0.2859 0.1195 0.2218 0.2847 
        H049  5 0.3850 0.1269 0.2242 0.0969 0.1670 
        H054  5 0.1344 0.1756 0.2900 0.2734 0.1266 
        H055  5 0.1607 0.3243 0.2229 0.1390 0.1531 
        H057  5 0.1843 0.1563 0.4144 0.0671 0.1778 
        H060  5 0.1361 0.4436 0.1748 0.0938 0.1517 
        H061  5 0.1720 0.1681 0.2373 0.2476 0.1750 
        H064  5 0.1508 0.2960 0.2082 0.1781 0.1668 
        H070  5 0.1607 0.3821 0.1398 0.1838 0.1336 
        H077  5 0.1787 0.4859 0.1214 0.0772 0.1369 
        H078  5 0.1448 0.2176 0.2059 0.1014 0.3302 
        H079  5 0.1144 0.0881 0.1316 0.4761 0.1898 
        H097  5 0.3068 0.1988 0.2605 0.0576 0.1763 
        H107  5 0.0779 0.4908 0.0946 0.1158 0.2209 
        H122  5 0.1848 0.1403 0.2475 0.1212 0.3062 
        H123  5 0.1836 0.0759 0.2453 0.3206 0.1746 
        H124  5 0.1427 0.0819 0.2198 0.3871 0.1685 
        H131  5 0.2284 0.0907 0.1998 0.3195 0.1615 
        H132  5 0.1559 0.2219 0.1872 0.2381 0.1969 
        H141  5 0.1434 0.2134 0.1554 0.1262 0.3617 
        H142  5 0.3380 0.1017 0.2340 0.1053 0.2210 
        H157  5 0.1197 0.2933 0.1474 0.1576 0.2821 
        H158  5 0.2981 0.0601 0.2746 0.1831 0.1841 
        H159  5 0.3325 0.0929 0.2755 0.1155 0.1836 
        H160  5 0.1688 0.1274 0.1822 0.1393 0.3823 
        H163  5 0.3902 0.1118 0.2001 0.1430 0.1548 
        H164  5 0.3668 0.1523 0.2156 0.1036 0.1617 
        H165  5 0.1486 0.1035 0.1799 0.4181 0.1500 
        H166  5 0.2769 0.1275 0.2821 0.1643 0.1493 
        H169  5 0.3039 0.1635 0.1968 0.1457 0.1900 
     H169613  5 0.2886 0.2189 0.2247 0.1010 0.1669 
     H169653  5 0.3661 0.1140 0.2418 0.1322 0.1458 
     H169728  5 0.2394 0.1230 0.2426 0.1111 0.2839 
     H169742  5 0.0913 0.2527 0.1289 0.3571 0.1700 
        H170  5 0.2564 0.1372 0.3478 0.0946 0.1640 
        H171  5 0.2814 0.1033 0.3539 0.1133 0.1481 
     H171851  5 0.3252 0.1654 0.2414 0.1086 0.1594 
     H171852  5 0.0999 0.2985 0.1781 0.1138 0.3097 
     H171853  5 0.2248 0.2026 0.1812 0.1696 0.2218 
     H171854  5 0.3589 0.1330 0.2190 0.1023 0.1868 
     H171938  5 0.1744 0.2232 0.1586 0.2788 0.1650 
     H171939  5 0.1611 0.0925 0.3084 0.2489 0.1891 
     H171941  5 0.1231 0.4985 0.1097 0.1242 0.1446 
     H171965  5 0.3246 0.1341 0.2638 0.0959 0.1816 
     H171970  5 0.1120 0.5639 0.1076 0.0912 0.1254 
     H171973  5 0.1529 0.1245 0.1801 0.3640 0.1785 
     H171974  5 0.1680 0.1958 0.1882 0.2635 0.1845 
     H171975  5 0.2203 0.2861 0.1720 0.2166 0.1050 
     H171976  5 0.3303 0.1477 0.2291 0.0730 0.2199 
        H175  5 0.1053 0.2830 0.1192 0.2795 0.2129 
        H178  5 0.2066 0.2940 0.1973 0.1591 0.1430 
        H189  5 0.3209 0.0805 0.2167 0.2176 0.1642 
        H399  5 0.1166 0.1177 0.4222 0.1042 0.2394 
        H416  5 0.1520 0.2180 0.1892 0.1952 0.2456 
        H438  5 0.1936 0.1428 0.1625 0.3008 0.2004 
        H450  5 0.1243 0.5033 0.1464 0.0880 0.1380 
        H455  5 0.0916 0.5730 0.0892 0.1510 0.0951 
        H456  5 0.1409 0.1691 0.1772 0.3099 0.2030 
        H457  5 0.1845 0.4048 0.1974 0.0768 0.1365 
        H458  5 0.1537 0.2716 0.1804 0.1765 0.2179 
        H459  5 0.2723 0.0725 0.2474 0.1813 0.2265 
        H460  5 0.2084 0.1543 0.1651 0.1255 0.3467 
        H461  5 0.3615 0.1191 0.2568 0.0749 0.1876 
        H462  5 0.2404 0.1178 0.1690 0.3198 0.1530 
        H469  5 0.3453 0.0981 0.2025 0.2253 0.1287 
        H470  5 0.2642 0.1586 0.1874 0.1138 0.2760 
        H471  5 0.1989 0.0652 0.3354 0.1766 0.2239 
        H481  5 0.0723 0.4858 0.1091 0.1430 0.1897 
        H482  5 0.1700 0.4097 0.1626 0.0942 0.1636 
        H501  5 0.1949 0.1580 0.1798 0.1842 0.2831 
        H502  5 0.3496 0.0740 0.2743 0.1267 0.1755 
        H503  5 0.3153 0.1031 0.2373 0.1667 0.1776 
        H509  5 0.1512 0.2382 0.1570 0.2057 0.2478 
        H510  5 0.3777 0.2266 0.1786 0.1046 0.1125 
        H511  5 0.3048 0.1282 0.2731 0.1310 0.1628 
        H530  5 0.1223 0.2012 0.1453 0.2932 0.2379 
        H531  5 0.1049 0.2740 0.1403 0.0955 0.3852 
        H564  5 0.1894 0.2547 0.1639 0.1220 0.2701 
        H565  5 0.1500 0.3919 0.1229 0.0883 0.2469 
        H567  5 0.1887 0.0667 0.1906 0.4157 0.1384 
     H568???  5 0.2648 0.0889 0.3466 0.1317 0.1681 
        H608  5 0.1350 0.5114 0.1216 0.1049 0.1271 
        H609  5 0.1336 0.2086 0.1658 0.3696 0.1225 
        H612  5 0.0828 0.4196 0.0970 0.1729 0.2277 
        H614  5 0.0849 0.3076 0.1218 0.1063 0.3794 
        H615  5 0.1458 0.2808 0.1556 0.0905 0.3273 
        H616  5 0.0630 0.5806 0.0763 0.1722 0.1080 
        H617  5 0.2530 0.0806 0.1810 0.2811 0.2043 
        H618  5 0.1353 0.3467 0.1292 0.2017 0.1871 
        H619  5 0.1165 0.2707 0.1774 0.3167 0.1187 
        H635  5 0.3536 0.1728 0.1812 0.1477 0.1447 
        H636  5 0.1890 0.2365 0.1416 0.2901 0.1427 
        H637  5 0.1265 0.3505 0.1676 0.1952 0.1601 
        H644  5 0.2433 0.0494 0.4534 0.1381 0.1158 
        H711  5 0.2508 0.1171 0.3135 0.1076 0.2110 
        H712  5 0.0829 0.3323 0.1099 0.3436 0.1312 
       H7360  5 0.1763 0.2215 0.2879 0.0935 0.2208 
       H7361  5 0.2179 0.3575 0.1595 0.1146 0.1506 
       H7362  5 0.2710 0.0504 0.4276 0.1228 0.1282 
       H7363  5 0.2330 0.2388 0.1947 0.1644 0.1691 
       H7394  5 0.4527 0.0813 0.1892 0.1182 0.1586 
       H7395  5 0.2136 0.2308 0.1974 0.1590 0.1992 
       H7396  5 0.1936 0.1311 0.1822 0.1875 0.3056 
        H742  5 0.0889 0.2667 0.1258 0.3685 0.1500 
        H743  5 0.0861 0.2071 0.1803 0.3542 0.1723 
        H744  5 0.0754 0.2974 0.0833 0.3539 0.1900 
        H957  5 0.3161 0.1451 0.2224 0.0761 0.2404 
        H958  5 0.2311 0.1261 0.1870 0.1941 0.2617 
        H959  5 0.1358 0.4601 0.1221 0.1432 0.1387 
        H960  5 0.1644 0.1444 0.1573 0.3619 0.1721 
      H_PALI  6 0.3206 0.1844 0.1934 0.0984 0.2033 
        H581  6 0.1706 0.1835 0.1584 0.1482 0.3392 
        H582  6 0.1211 0.3544 0.1442 0.0675 0.3127 
        H583  6 0.1371 0.1922 0.2036 0.1532 0.3139 
        H595  6 0.3276 0.0569 0.2478 0.1453 0.2225 
        H596  6 0.3414 0.0724 0.2288 0.1909 0.1665 
        H597  6 0.2353 0.1157 0.3188 0.2031 0.1270 
        H598  6 0.1791 0.2272 0.1870 0.2220 0.1847 
        H599  6 0.1615 0.3221 0.1596 0.1987 0.1581 
        H642  6 0.3124 0.0852 0.2845 0.1211 0.1969 
        H643  6 0.1546 0.1532 0.1564 0.3460 0.1899 
        H664  6 0.1231 0.2324 0.1337 0.0620 0.4488 
        H665  6 0.2008 0.1913 0.1674 0.2731 0.1674 
        H674  6 0.3207 0.0685 0.3726 0.1283 0.1099 
        H675  6 0.1751 0.2246 0.2085 0.2054 0.1864 
        H676  6 0.4823 0.1123 0.2109 0.0771 0.1174 
        H686  6 0.2243 0.1639 0.2864 0.1070 0.2184 
        H687  6 0.2226 0.1219 0.2443 0.1199 0.2912 
        H917  6 0.2881 0.0831 0.1806 0.2919 0.1562 
        H918  6 0.1582 0.1924 0.2207 0.2204 0.2084 
        H919  6 0.0991 0.3815 0.1010 0.2312 0.1873 
        H920  6 0.2552 0.3070 0.1689 0.0938 0.1751 
        H631  7 0.1685 0.2900 0.1731 0.1298 0.2386 
        H684  7 0.4467 0.0917 0.2362 0.0679 0.1576 
        H685  7 0.0949 0.2119 0.1029 0.1841 0.4062 
        H713  7 0.1035 0.2911 0.1146 0.0941 0.3967 
        H715  7 0.3738 0.1125 0.2728 0.0852 0.1558 
        H716  7 0.1351 0.3968 0.1917 0.1729 0.1035 
        H717  7 0.1798 0.2613 0.1979 0.2100 0.1510 
        H729  7 0.1696 0.0641 0.1408 0.5000 0.1255 
        H730  7 0.0866 0.1513 0.0890 0.5694 0.1037 
        H431  8 0.1336 0.1857 0.1639 0.2881 0.2286 
        H432  8 0.3533 0.0968 0.2956 0.1431 0.1113 
        H433  8 0.3029 0.1290 0.2017 0.2212 0.1453 
        H434  8 0.1826 0.1325 0.2126 0.2557 0.2165 
        H444  8 0.2960 0.2068 0.1963 0.1767 0.1242 
        H454  8 0.1265 0.4242 0.1193 0.1498 0.1802 
        H475  8 0.1505 0.5607 0.1070 0.0678 0.1139 
        H491  8 0.2038 0.3461 0.1751 0.1046 0.1703 
        H492  8 0.1574 0.2469 0.1346 0.1345 0.3266 
        H493  8 0.2299 0.1197 0.2834 0.1333 0.2336 
        H494  8 0.1826 0.2144 0.1855 0.2392 0.1783 
        H495  8 0.1368 0.3160 0.1696 0.0678 0.3098 
        H662  8 0.1257 0.1114 0.2250 0.1433 0.3946 
        H663  8 0.1918 0.1962 0.1893 0.2450 0.1777 
        H695  8 0.1563 0.1977 0.1674 0.2869 0.1916 
       H7367  8 0.1721 0.0659 0.1695 0.4511 0.1415 
       H7368  8 0.3300 0.1093 0.2483 0.1568 0.1556 
       H7369  8 0.1866 0.2550 0.1719 0.2721 0.1143 
       H7370  8 0.2816 0.0500 0.1857 0.2156 0.2671 
       H7371  8 0.1943 0.1134 0.1689 0.3091 0.2143 
        H600  9 0.1253 0.4305 0.1508 0.1298 0.1637 
        H648  9 0.3321 0.1595 0.2267 0.1373 0.1444 
        H696  9 0.2266 0.0539 0.3651 0.1211 0.2333 
        H697  9 0.1571 0.1354 0.1975 0.3598 0.1502 
        H698  9 0.1932 0.0946 0.1887 0.3864 0.1371 
        H699  9 0.2134 0.1547 0.2108 0.2511 0.1700 
        H700  9 0.1235 0.4429 0.1383 0.1202 0.1751 
        H732  9 0.1081 0.3075 0.1480 0.1233 0.3131 
        H733  9 0.2673 0.0980 0.2037 0.2785 0.1525 
        H734  9 0.3016 0.0679 0.2376 0.0930 0.2999 
        H735  9 0.2803 0.0899 0.2147 0.2127 0.2024 
        H736  9 0.1754 0.2023 0.1899 0.1236 0.3088 
        H737  9 0.0895 0.1879 0.1282 0.4863 0.1080 
        H905  9 0.1550 0.4218 0.1314 0.1820 0.1098 
        H921  9 0.1919 0.2257 0.1480 0.2313 0.2030 
        H922  9 0.3169 0.0744 0.2460 0.2203 0.1424 
     H169705 10 0.1664 0.0813 0.1604 0.3663 0.2257 
     H171942 10 0.3921 0.0941 0.2739 0.1411 0.0988 
     H171943 10 0.2074 0.1256 0.2027 0.1738 0.2906 
     H171944 10 0.2114 0.1256 0.1566 0.2270 0.2794 
     H171946 10 0.1096 0.1931 0.1914 0.0856 0.4203 
     H171947 10 0.2284 0.1413 0.2361 0.2292 0.1651 
     H229641 10 0.2889 0.1793 0.2069 0.1327 0.1922 
      H30001 10 0.2467 0.2083 0.1951 0.1586 0.1913 
      H30002 10 0.1390 0.2070 0.1783 0.2439 0.2318 
      H30005 10 0.1896 0.0872 0.1656 0.3984 0.1592 
      H30006 10 0.1353 0.0973 0.1753 0.4536 0.1385 
      H30007 10 0.1774 0.0798 0.4104 0.1294 0.2030 
        H451 10 0.4766 0.1015 0.1904 0.1253 0.1062 
        H452 10 0.1482 0.0947 0.1543 0.4661 0.1366 
        H453 10 0.1285 0.4449 0.1703 0.0955 0.1608 
        H473 10 0.1279 0.3821 0.1707 0.1736 0.1458 
        H474 10 0.1030 0.3457 0.1220 0.0599 0.3694 
        H486 10 0.1940 0.2387 0.1573 0.2367 0.1733 
        H487 10 0.1409 0.2596 0.1527 0.2892 0.1576 
        H488 10 0.1617 0.3136 0.1608 0.2555 0.1083 
        H489 10 0.1114 0.3051 0.1374 0.1788 0.2673 
        H550 10 0.2449 0.0850 0.2621 0.0864 0.3216 
        H551 10 0.1355 0.1201 0.1092 0.4623 0.1730 
        H553 10 0.0887 0.2342 0.1187 0.3688 0.1896 
        H554 10 0.3574 0.1306 0.2381 0.1194 0.1544 
        H556 10 0.1196 0.1446 0.2040 0.2486 0.2832 
        H580 10 0.1876 0.1086 0.1884 0.3629 0.1525 
        H591 10 0.0789 0.4541 0.0930 0.1557 0.2183 
        H592 10 0.1592 0.1923 0.1654 0.1755 0.3076 
        H593 10 0.3466 0.1564 0.2063 0.1187 0.1720 
        H594 10 0.2400 0.0581 0.3311 0.2199 0.1508 
        H627 10 0.2418 0.1734 0.2089 0.0918 0.2841 
        H628 10 0.1373 0.0985 0.2135 0.4508 0.1000 
        H629 10 0.2002 0.1489 0.2513 0.0935 0.3060 
        H630 10 0.1783 0.1109 0.1593 0.1496 0.4019 
        H638 10 0.3296 0.0993 0.2014 0.1292 0.2406 
        H639 10 0.1025 0.3225 0.1690 0.1089 0.2972 
        H640 10 0.2869 0.0864 0.2321 0.1388 0.2558 
        H704 10 0.1860 0.1085 0.3726 0.1858 0.1471 
        H705 10 0.1525 0.0806 0.1618 0.3814 0.2237 
        H706 10 0.1055 0.2851 0.0977 0.4022 0.1095 
        H708 10 0.0919 0.2579 0.1004 0.1112 0.4387 
       H7351 10 0.2163 0.1530 0.2892 0.1170 0.2246 
       H7352 10 0.2139 0.1579 0.2199 0.1917 0.2166 
       H7353 10 0.1870 0.0911 0.5300 0.1028 0.0891 
       H7354 10 0.1322 0.4550 0.1530 0.1248 0.1349 
       H7365 10 0.0878 0.3395 0.0996 0.1182 0.3549 
       H7383 10 0.1590 0.3260 0.1487 0.1740 0.1924 
       H7384 10 0.1484 0.2227 0.1326 0.3666 0.1298 
       H7385 10 0.1363 0.4049 0.1446 0.1560 0.1582 
       H7386 10 0.2316 0.1600 0.1999 0.2696 0.1389 
       H7387 10 0.2215 0.1449 0.2336 0.1691 0.2309 
       H7388 10 0.1198 0.1053 0.1292 0.5300 0.1156 
        H906 10 0.1576 0.3597 0.2409 0.1166 0.1252 
        H907 10 0.4438 0.0828 0.2074 0.1015 0.1645 
        H908 10 0.2641 0.1996 0.1844 0.1823 0.1696 
        H909 10 0.1455 0.4067 0.1495 0.1675 0.1308 
       H9552 10 0.2084 0.1390 0.2218 0.2638 0.1670 
       H9553 10 0.0852 0.1536 0.1144 0.4969 0.1500 
       H9555 10 0.2433 0.1183 0.1843 0.2576 0.1966 
       H9575 10 0.1206 0.2549 0.1654 0.0868 0.3722 
       H9703 10 0.0666 0.3553 0.1123 0.2954 0.1704 
       H9707 10 0.1897 0.3231 0.1554 0.1550 0.1768 
       HSAA4 10 0.1754 0.1106 0.2019 0.3615 0.1507 
        H001 11 0.1330 0.2604 0.2000 0.2483 0.1583 
        H004 11 0.2516 0.1965 0.2022 0.1371 0.2126 
        H005 11 0.1114 0.5554 0.1055 0.1171 0.1107 
        H006 11 0.2394 0.2225 0.1767 0.1555 0.2059 
        H007 11 0.0830 0.4565 0.0941 0.2634 0.1030 
        H031 11 0.0890 0.3528 0.0875 0.1467 0.3240 
        H074 11 0.1282 0.2584 0.1362 0.0977 0.3795 
        H075 11 0.0814 0.4045 0.0945 0.1878 0.2318 
        H080 11 0.1453 0.2967 0.1353 0.2453 0.1773 
        H086 11 0.1744 0.1256 0.1445 0.4293 0.1263 
        H092 11 0.1594 0.2459 0.1644 0.2457 0.1846 
        H093 11 0.2258 0.0860 0.4089 0.1371 0.1422 
        H094 11 0.3113 0.0860 0.2076 0.1175 0.2776 
        H095 11 0.1064 0.3108 0.1632 0.2011 0.2185 
        H096 11 0.1600 0.3706 0.1555 0.1803 0.1336 
        H099 11 0.1938 0.2805 0.1808 0.1477 0.1972 
        H100 11 0.1832 0.0976 0.2747 0.2770 0.1675 
        H127 11 0.1292 0.1730 0.1391 0.3980 0.1607 
        H136 11 0.1187 0.4110 0.1327 0.1197 0.2179 
        H153 11 0.3840 0.1587 0.2103 0.0804 0.1665 
        H154 11 0.1154 0.2771 0.1201 0.1035 0.3839 
        H155 11 0.1427 0.0820 0.1424 0.5440 0.0888 
        H156 11 0.2892 0.0728 0.2198 0.2896 0.1287 
        H161 11 0.2823 0.1545 0.2715 0.1315 0.1602 
        H162 11 0.2887 0.0734 0.2222 0.2454 0.1703 
        H167 11 0.1928 0.1378 0.2298 0.2991 0.1406 
        H168 11 0.2221 0.1689 0.2103 0.2848 0.1140 
     H169586 11 0.1119 0.1913 0.2054 0.0559 0.4355 
     H169738 11 0.1524 0.1139 0.1461 0.4877 0.0999 
     H169741 11 0.1183 0.2073 0.1141 0.1044 0.4559 
     H171801 11 0.3533 0.1114 0.3243 0.0874 0.1236 
     H171810 11 0.2072 0.2659 0.1600 0.0815 0.2854 
     H171811 11 0.1199 0.2385 0.1543 0.0726 0.4148 
     H171812 11 0.1169 0.2802 0.1517 0.2889 0.1623 
     H171820 11 0.1301 0.2965 0.1343 0.1031 0.3361 
     H171821 11 0.2782 0.1204 0.2356 0.2024 0.1634 
     H171822 11 0.2462 0.1259 0.1823 0.2483 0.1973 
     H171823 11 0.2074 0.4259 0.1767 0.0528 0.1372 
     H171866 11 0.1916 0.1200 0.2482 0.3386 0.1016 
     H171867 11 0.2679 0.1319 0.1502 0.3128 0.1372 
     H171967 11 0.0870 0.2772 0.1165 0.2574 0.2619 
     H171969 11 0.1938 0.2027 0.2243 0.1589 0.2203 
        H172 11 0.1586 0.1453 0.1752 0.2448 0.2760 
        H173 11 0.1376 0.1087 0.1174 0.4475 0.1887 
        H174 11 0.2793 0.0544 0.3185 0.1509 0.1969 
        H196 11 0.1141 0.0666 0.1139 0.6070 0.0984 
        H197 11 0.2911 0.1127 0.1982 0.2150 0.1830 
        H346 11 0.1775 0.3403 0.1557 0.1858 0.1406 
        H355 11 0.1031 0.2741 0.1805 0.2298 0.2125 
        H356 11 0.1442 0.2135 0.1703 0.3293 0.1428 
        H357 11 0.1801 0.3177 0.1265 0.1429 0.2329 
        H358 11 0.1286 0.2788 0.1419 0.2808 0.1700 
        H359 11 0.2359 0.1769 0.2186 0.1358 0.2329 
        H360 11 0.1640 0.1640 0.1708 0.2960 0.2052 
        H361 11 0.1594 0.1537 0.1790 0.3911 0.1169 
        H362 11 0.3685 0.0615 0.2229 0.1868 0.1604 
        H363 11 0.1503 0.3735 0.1232 0.1199 0.2331 
        H364 11 0.1875 0.1690 0.2530 0.1202 0.2703 
        H365 11 0.1236 0.1338 0.1799 0.3944 0.1683 
        H366 11 0.0969 0.1127 0.1794 0.4620 0.1489 
        H367 11 0.1266 0.2887 0.1434 0.1525 0.2887 
        H368 11 0.1990 0.0884 0.2296 0.0785 0.4045 
        H369 11 0.1021 0.3735 0.1042 0.1618 0.2583 
        H370 11 0.2842 0.1166 0.2390 0.1617 0.1985 
        H371 11 0.2169 0.1164 0.2117 0.2315 0.2235 
        H372 11 0.1774 0.1280 0.1941 0.2697 0.2308 
        H373 11 0.2657 0.2082 0.2156 0.1504 0.1600 
        H374 11 0.1343 0.3654 0.1683 0.1832 0.1487 
        H375 11 0.1875 0.2318 0.1620 0.2049 0.2139 
        H376 11 0.2381 0.1209 0.3196 0.1617 0.1596 
        H377 11 0.1983 0.2732 0.1678 0.1625 0.1982 
        H378 11 0.1758 0.1873 0.2321 0.1665 0.2382 
        H379 11 0.2643 0.1615 0.2090 0.1199 0.2453 
        H380 11 0.2972 0.1032 0.1984 0.2515 0.1497 
        H381 11 0.1484 0.3159 0.1579 0.0635 0.3143 
        H382 11 0.4775 0.0509 0.2050 0.1437 0.1230 
        H383 11 0.2613 0.1009 0.3170 0.1865 0.1343 
        H384 11 0.0970 0.2220 0.1637 0.1335 0.3838 
        H385 11 0.2322 0.2350 0.1763 0.1146 0.2420 
        H386 11 0.1776 0.1785 0.1561 0.3488 0.1391 
        H387 11 0.1702 0.1624 0.4028 0.0868 0.1777 
        H388 11 0.1027 0.0813 0.1670 0.5152 0.1337 
        H389 11 0.1636 0.2463 0.1486 0.2981 0.1434 
        H390 11 0.2081 0.1213 0.2308 0.1477 0.2921 
        H391 11 0.1588 0.0846 0.2796 0.2130 0.2640 
        H392 11 0.0992 0.4721 0.1212 0.1665 0.1410 
        H393 11 0.2188 0.1158 0.3159 0.1838 0.1658 
        H394 11 0.2115 0.0835 0.4272 0.1030 0.1748 
        H395 11 0.1204 0.3078 0.1437 0.2002 0.2279 
        H408 11 0.1174 0.2993 0.1430 0.2997 0.1406 
        H412 11 0.0812 0.2442 0.1197 0.0475 0.5073 
        H417 11 0.1277 0.1761 0.1510 0.1906 0.3546 
        H418 11 0.2090 0.1497 0.2530 0.1421 0.2462 
        H429 11 0.1433 0.2035 0.2020 0.2222 0.2290 
        H430 11 0.2452 0.1163 0.2221 0.2639 0.1524 
        H439 11 0.1727 0.1940 0.1663 0.2484 0.2186 
        H440 11 0.1139 0.4677 0.1221 0.1302 0.1660 
        H441 11 0.2922 0.0861 0.2048 0.2493 0.1676 
        H442 11 0.2012 0.1143 0.2164 0.3139 0.1543 
        H446 11 0.1724 0.1538 0.2796 0.1481 0.2461 
        H447 11 0.1610 0.1051 0.1793 0.3270 0.2276 
        H448 11 0.1222 0.1082 0.1130 0.5537 0.1029 
        H534 11 0.1182 0.4266 0.1511 0.0948 0.2093 
        H537 11 0.1252 0.2910 0.2285 0.0898 0.2655 
        H568 11 0.1065 0.5646 0.0894 0.0823 0.1572 
        H569 11 0.2118 0.0523 0.1124 0.5041 0.1193 
        H586 11 0.1008 0.1848 0.1964 0.0502 0.4678 
        H587 11 0.0746 0.3602 0.1135 0.1250 0.3267 
        H588 11 0.1976 0.1038 0.4686 0.0983 0.1317 
        H589 11 0.0800 0.4578 0.1015 0.1233 0.2374 
        H590 11 0.1681 0.3813 0.1520 0.1537 0.1449 
        H601 11 0.3085 0.1018 0.2363 0.2514 0.1020 
        H602 11 0.1337 0.2295 0.1609 0.2774 0.1985 
        H603 11 0.3338 0.1291 0.1938 0.2188 0.1245 
