        H102  1 0.1644 0.2250 0.2441 0.3665 
        H103  1 0.2823 0.4372 0.1214 0.1591 
        H104  1 0.2319 0.1542 0.3345 0.2794 
        H105  1 0.2190 0.2125 0.1831 0.3854 
        H106  1 0.2677 0.2470 0.2667 0.2186 
        H112  1 0.2392 0.1836 0.3354 0.2419 
        H113  1 0.3636 0.1751 0.1844 0.2769 
        H114  1 0.3795 0.1790 0.1426 0.2988 
        H115  1 0.2057 0.1559 0.2490 0.3894 
        H143  1 0.1960 0.2235 0.1826 0.3979 
        H144  1 0.1599 0.4026 0.1118 0.3258 
        H145  1 0.2654 0.3752 0.1201 0.2392 
        H149  1 0.1779 0.1725 0.4003 0.2493 
        H150  1 0.2313 0.3033 0.2300 0.2354 
     H167542  1 0.1783 0.1613 0.1532 0.5071 
     H169604  1 0.2215 0.2236 0.1783 0.3766 
     H169607  1 0.1891 0.3445 0.1495 0.3169 
     H169608  1 0.1634 0.2164 0.3621 0.2580 
     H169633  1 0.3458 0.2142 0.1302 0.3098 
     H169688  1 0.1992 0.4126 0.2309 0.1572 
     H169714  1 0.2337 0.2060 0.3142 0.2461 
     H171802  1 0.2976 0.1797 0.3793 0.1435 
     H171805  1 0.2635 0.3327 0.1827 0.2211 
     H171807  1 0.1879 0.2662 0.3095 0.2364 
     H171814  1 0.3593 0.3376 0.1321 0.1710 
     H171816  1 0.2327 0.2328 0.3363 0.1981 
     H171817  1 0.2575 0.1822 0.3263 0.2341 
     H171818  1 0.2979 0.2158 0.2145 0.2718 
     H171819  1 0.3162 0.2111 0.2591 0.2136 
     H171834  1 0.2495 0.2503 0.2187 0.2815 
     H171835  1 0.2034 0.1580 0.4508 0.1878 
     H171836  1 0.4574 0.2273 0.0941 0.2212 
     H171837  1 0.2114 0.1846 0.2583 0.3457 
     H171838  1 0.4150 0.2644 0.1605 0.1602 
     H171839  1 0.2282 0.1782 0.2911 0.3025 
     H171841  1 0.1526 0.2138 0.5138 0.1198 
     H171860  1 0.2610 0.2169 0.2155 0.3066 
     H171861  1 0.3248 0.2757 0.1030 0.2965 
     H171862  1 0.2832 0.2359 0.2098 0.2710 
     H171868  1 0.1862 0.1722 0.1580 0.4836 
     H171869  1 0.2286 0.4059 0.1754 0.1900 
     H171870  1 0.2174 0.2813 0.3170 0.1843 
     H171871  1 0.3729 0.3149 0.1621 0.1501 
     H171872  1 0.2391 0.1780 0.2648 0.3180 
     H171873  1 0.2068 0.2988 0.3109 0.1836 
     H171874  1 0.1905 0.3416 0.1698 0.2980 
     H171875  1 0.2486 0.2955 0.1027 0.3532 
     H171876  1 0.2154 0.2725 0.1515 0.3606 
     H171877  1 0.1836 0.1585 0.1507 0.5072 
     H171878  1 0.1878 0.2885 0.3505 0.1732 
     H171901  1 0.2700 0.1964 0.3680 0.1656 
     H171902  1 0.1621 0.3217 0.2749 0.2414 
     H171903  1 0.2851 0.2360 0.2393 0.2397 
     H171935  1 0.2573 0.2461 0.3708 0.1258 
     H171936  1 0.3342 0.1999 0.1510 0.3149 
     H171940  1 0.1458 0.2185 0.2633 0.3724 
     H171945  1 0.2252 0.3138 0.2392 0.2218 
     H171948  1 0.2732 0.2011 0.2788 0.2469 
     H171949  1 0.1589 0.1709 0.4333 0.2368 
     H171950  1 0.1639 0.1683 0.4786 0.1892 
     H171963  1 0.2856 0.3400 0.1796 0.1948 
     H171964  1 0.1672 0.4521 0.1638 0.2169 
     H171966  1 0.2657 0.2726 0.2743 0.1874 
     H171968  1 0.1354 0.2628 0.2805 0.3212 
     H171971  1 0.3174 0.2795 0.2442 0.1589 
     H171972  1 0.2973 0.3880 0.1362 0.1785 
     H171977  1 0.2387 0.3333 0.1442 0.2838 
     H171978  1 0.1913 0.2679 0.3680 0.1728 
     H171979  1 0.3682 0.3188 0.1334 0.1796 
        H176  1 0.2410 0.2365 0.1842 0.3383 
        H177  1 0.1601 0.1756 0.4388 0.2255 
        H179  1 0.1796 0.1378 0.3269 0.3557 
        H181  1 0.3375 0.2651 0.1705 0.2269 
        H182  1 0.2942 0.3348 0.1148 0.2562 
        H183  1 0.2516 0.3816 0.1892 0.1775 
        H184  1 0.2300 0.2179 0.2743 0.2778 
        H185  1 0.3156 0.2664 0.1372 0.2808 
        H186  1 0.1238 0.3589 0.2504 0.2669 
        H187  1 0.2898 0.2927 0.2411 0.1763 
        H188  1 0.2015 0.1521 0.2377 0.4086 
        H192  1 0.2018 0.1905 0.4000 0.2077 
        H193  1 0.2406 0.3488 0.1340 0.2766 
        H194  1 0.2561 0.1972 0.2589 0.2878 
        H195  1 0.1808 0.4577 0.1897 0.1718 
        H199  1 0.2249 0.3932 0.1731 0.2088 
        H200  1 0.2525 0.2066 0.2907 0.2501 
        H414  1 0.3099 0.2821 0.2227 0.1853 
        H415  1 0.3747 0.2325 0.1544 0.2384 
        H422  1 0.1865 0.3150 0.2784 0.2200 
        H423  1 0.1473 0.1413 0.5703 0.1412 
        H424  1 0.3175 0.3536 0.1509 0.1780 
        H425  1 0.1935 0.4386 0.1587 0.2092 
        H426  1 0.1933 0.4709 0.1802 0.1556 
        H443  1 0.1116 0.3590 0.1318 0.3976 
        H466  1 0.2325 0.2320 0.2944 0.2411 
        H467  1 0.1537 0.1821 0.4836 0.1807 
        H472  1 0.2371 0.2294 0.2514 0.2822 
        H483  1 0.2074 0.2250 0.1500 0.4175 
        H504  1 0.2615 0.4134 0.1452 0.1799 
        H505  1 0.2095 0.1992 0.3087 0.2826 
        H506  1 0.2016 0.2712 0.2127 0.3145 
        H507  1 0.3184 0.3150 0.1109 0.2557 
        H508  1 0.2323 0.2581 0.3470 0.1626 
        H524  1 0.3416 0.2568 0.1359 0.2657 
        H525  1 0.1731 0.3059 0.1686 0.3524 
        H526  1 0.1915 0.1813 0.1413 0.4860 
        H527  1 0.1973 0.2548 0.3215 0.2264 
        H528  1 0.2978 0.3263 0.1311 0.2448 
        H529  1 0.2853 0.3214 0.1175 0.2758 
        H533  1 0.4642 0.2499 0.1170 0.1689 
        H538  1 0.1992 0.2244 0.2331 0.3432 
        H539  1 0.2530 0.3267 0.2548 0.1655 
        H540  1 0.2815 0.2389 0.2320 0.2477 
        H541  1 0.2063 0.2062 0.1792 0.4083 
        H558  1 0.3203 0.3742 0.1761 0.1294 
        H559  1 0.1495 0.2188 0.1932 0.4384 
        H579  1 0.1837 0.3447 0.1459 0.3256 
        H584  1 0.2319 0.3966 0.1603 0.2112 
        H585  1 0.3095 0.2926 0.1857 0.2123 
        H605  1 0.2255 0.2366 0.3099 0.2281 
        H606  1 0.1310 0.1679 0.3944 0.3067 
        H632  1 0.1828 0.3668 0.1438 0.3066 
        H634  1 0.2389 0.3243 0.1937 0.2431 
        H671  1 0.1671 0.1731 0.4785 0.1813 
        H672  1 0.3248 0.2394 0.2304 0.2054 
        H673  1 0.1433 0.3555 0.1463 0.3548 
        H689  1 0.2041 0.2676 0.1565 0.3718 
        H690  1 0.2563 0.1712 0.2771 0.2955 
        H691  1 0.1719 0.1812 0.1718 0.4751 
        H692  1 0.3090 0.3782 0.0842 0.2286 
        H709  1 0.3050 0.2762 0.1919 0.2269 
        H710  1 0.2960 0.3879 0.1040 0.2120 
       H7355  1 0.3028 0.1917 0.1227 0.3829 
       H7356  1 0.2184 0.3025 0.2405 0.2387 
       H7357  1 0.2299 0.1759 0.2607 0.3334 
       H7358  1 0.2010 0.2507 0.1458 0.4025 
       H7380  1 0.2149 0.2733 0.1680 0.3437 
       H7381  1 0.1759 0.3088 0.3292 0.1862 
       H7382  1 0.2148 0.3040 0.1749 0.3062 
        H904  1 0.1104 0.1247 0.5096 0.2553 
        H923  1 0.2119 0.2571 0.2862 0.2447 
        H924  1 0.1773 0.2210 0.2801 0.3216 
        H925  1 0.1753 0.1909 0.1496 0.4842 
       H9558  1 0.3076 0.4213 0.1500 0.1210 
        H008  2 0.3341 0.2383 0.1195 0.3080 
        H021  2 0.1777 0.1817 0.3321 0.3085 
        H023  2 0.1706 0.1787 0.2780 0.3728 
        H024  2 0.4897 0.2388 0.1182 0.1534 
        H025  2 0.1672 0.2887 0.3379 0.2062 
        H026  2 0.3206 0.3721 0.1362 0.1711 
        H027  2 0.2673 0.2150 0.1783 0.3393 
        H028  2 0.3103 0.2713 0.1781 0.2403 
        H029  2 0.3276 0.2556 0.1499 0.2670 
        H030  2 0.3801 0.3330 0.1237 0.1632 
        H038  2 0.1532 0.2277 0.3769 0.2422 
        H039  2 0.1162 0.1084 0.6606 0.1148 
        H040  2 0.2505 0.1819 0.4016 0.1661 
        H041  2 0.2876 0.1847 0.1685 0.3592 
        H042  2 0.2211 0.2262 0.2373 0.3154 
        H043  2 0.1744 0.2108 0.4998 0.1150 
        H044  2 0.4312 0.2819 0.1526 0.1343 
        H047  2 0.2599 0.2618 0.3188 0.1595 
        H050  2 0.4550 0.2369 0.1597 0.1485 
        H058  2 0.2612 0.2372 0.3545 0.1472 
        H062  2 0.1251 0.1837 0.2578 0.4334 
        H063  2 0.2267 0.1771 0.3953 0.2009 
        H065  2 0.1517 0.3963 0.2312 0.2208 
        H066  2 0.4018 0.2479 0.2216 0.1287 
        H067  2 0.1974 0.2288 0.1645 0.4093 
        H068  2 0.1987 0.2019 0.4052 0.1942 
        H069  2 0.2667 0.3294 0.2277 0.1762 
        H071  2 0.1938 0.2465 0.3111 0.2486 
        H072  2 0.1905 0.1648 0.4498 0.1949 
        H073  2 0.2167 0.3231 0.1766 0.2837 
        H081  2 0.2089 0.1639 0.1966 0.4307 
        H082  2 0.3860 0.3335 0.1206 0.1599 
        H083  2 0.2260 0.4392 0.1309 0.2039 
        H084  2 0.3235 0.2194 0.2759 0.1811 
        H085  2 0.2245 0.1750 0.1541 0.4464 
        H087  2 0.1650 0.1636 0.1543 0.5171 
        H088  2 0.2063 0.1847 0.3320 0.2770 
        H089  2 0.2096 0.2223 0.1700 0.3981 
        H090  2 0.4095 0.2630 0.1376 0.1899 
        H091  2 0.3314 0.2450 0.1134 0.3102 
        H098  2 0.4165 0.1977 0.1708 0.2150 
      H10001  2 0.1009 0.1063 0.6723 0.1205 
      H10002  2 0.1669 0.1809 0.3162 0.3360 
        H101  2 0.4971 0.2306 0.1520 0.1203 
        H108  2 0.1271 0.1476 0.3351 0.3902 
        H109  2 0.3876 0.2020 0.2833 0.1270 
        H110  2 0.2763 0.2016 0.1332 0.3888 
        H116  2 0.2847 0.3497 0.1673 0.1983 
        H117  2 0.4056 0.1728 0.1457 0.2759 
        H118  2 0.2909 0.3249 0.1029 0.2813 
        H119  2 0.2262 0.2064 0.3020 0.2653 
        H120  2 0.1197 0.1464 0.4139 0.3201 
        H121  2 0.3415 0.2238 0.1262 0.3085 
        H125  2 0.1064 0.1075 0.6597 0.1263 
        H126  2 0.2269 0.3928 0.1817 0.1986 
        H128  2 0.4113 0.3688 0.0756 0.1443 
        H129  2 0.2116 0.4698 0.1317 0.1869 
        H130  2 0.1727 0.2902 0.4099 0.1272 
        H133  2 0.1581 0.1759 0.5255 0.1405 
        H134  2 0.2100 0.5387 0.1161 0.1351 
        H135  2 0.2231 0.2131 0.2262 0.3375 
        H137  2 0.4381 0.1924 0.2105 0.1590 
        H138  2 0.2072 0.4606 0.1500 0.1823 
        H140  2 0.3170 0.2440 0.2242 0.2148 
        H146  2 0.3445 0.2941 0.1667 0.1947 
        H147  2 0.3045 0.2326 0.1537 0.3092 
        H148  2 0.3482 0.1514 0.1658 0.3345 
     H166022  2 0.3947 0.2428 0.1330 0.2296 
     H167359  2 0.3341 0.2569 0.2096 0.1995 
     H167397  2 0.5091 0.2238 0.0811 0.1860 
     H167428  2 0.2183 0.2143 0.0837 0.4837 
     H167496  2 0.1737 0.1426 0.4158 0.2680 
     H167513  2 0.3841 0.2012 0.2870 0.1277 
     H167545  2 0.2890 0.3631 0.1322 0.2157 
     H167547  2 0.4408 0.3194 0.1333 0.1065 
     H169621  2 0.3828 0.2715 0.1436 0.2022 
     H169622  2 0.2260 0.3422 0.1480 0.2838 
     H169750  2 0.2120 0.3108 0.3413 0.1359 
     H171806  2 0.2339 0.2553 0.2585 0.2523 
     H171808  2 0.2109 0.2693 0.2016 0.3182 
     H171809  2 0.2097 0.2080 0.2186 0.3637 
     H171813  2 0.2318 0.2879 0.2573 0.2230 
     H171815  2 0.1471 0.1874 0.5117 0.1538 
     H171824  2 0.1589 0.1451 0.3204 0.3756 
     H171825  2 0.1951 0.3207 0.1732 0.3110 
     H171826  2 0.2424 0.1814 0.2673 0.3089 
     H171827  2 0.2364 0.2337 0.2764 0.2536 
     H171828  2 0.1157 0.1207 0.4832 0.2804 
     H171829  2 0.2573 0.3211 0.2690 0.1526 
     H171830  2 0.3802 0.2163 0.2102 0.1934 
     H171831  2 0.3023 0.3475 0.1189 0.2313 
     H171832  2 0.2330 0.3536 0.1786 0.2347 
     H171863  2 0.3102 0.4340 0.1050 0.1509 
     H171864  2 0.3743 0.1895 0.2019 0.2343 
     H171865  2 0.1847 0.2098 0.4277 0.1778 
     H171879  2 0.3528 0.2639 0.2082 0.1750 
     H171880  2 0.4994 0.1955 0.1528 0.1523 
     H171881  2 0.2404 0.2270 0.1695 0.3631 
     H171882  2 0.1272 0.1491 0.5553 0.1683 
     H171929  2 0.3079 0.2293 0.1810 0.2819 
     H171930  2 0.4560 0.2827 0.1259 0.1355 
     H171933  2 0.3157 0.2491 0.2088 0.2264 
     H171934  2 0.2181 0.2071 0.1854 0.3894 
     H171937  2 0.3138 0.3756 0.1586 0.1519 
     H171962  2 0.2303 0.2643 0.1654 0.3401 
        H190  2 0.3009 0.2889 0.1843 0.2260 
        H191  2 0.2618 0.2367 0.2443 0.2573 
        H396  2 0.1255 0.1813 0.1907 0.5025 
        H397  2 0.3009 0.2924 0.1885 0.2182 
        H398  2 0.1555 0.3130 0.2434 0.2880 
        H400  2 0.2236 0.2111 0.1909 0.3743 
        H401  2 0.5380 0.2396 0.0904 0.1319 
        H402  2 0.3693 0.2429 0.1552 0.2326 
        H427  2 0.1884 0.1819 0.1651 0.4646 
        H428  2 0.2148 0.2139 0.0847 0.4866 
        H497  2 0.2781 0.2151 0.3635 0.1433 
        H512  2 0.3684 0.2243 0.2077 0.1996 
        H513  2 0.3862 0.1938 0.2931 0.1269 
        H514  2 0.2303 0.4083 0.1947 0.1667 
        H519  2 0.4006 0.1967 0.2681 0.1347 
        H532  2 0.1851 0.2104 0.1245 0.4801 
        H543  2 0.3724 0.2492 0.1459 0.2325 
        H544  2 0.1862 0.4331 0.2199 0.1608 
        H545  2 0.2733 0.4092 0.1203 0.1973 
        H546  2 0.1541 0.2120 0.4185 0.2154 
        H547  2 0.4545 0.3065 0.1279 0.1111 
        H548  2 0.2981 0.2274 0.1805 0.2940 
        H549  2 0.2768 0.2780 0.2938 0.1514 
        H620  2 0.1248 0.1399 0.5502 0.1851 
        H623  2 0.3065 0.3744 0.1659 0.1531 
        H624  2 0.1501 0.3499 0.3524 0.1477 
        H625  2 0.2247 0.2256 0.1589 0.3908 
        H626  2 0.3256 0.2208 0.2625 0.1911 
        H654  2 0.1087 0.1319 0.6375 0.1218 
        H655  2 0.2251 0.2552 0.3269 0.1928 
        H656  2 0.1141 0.1472 0.4819 0.2568 
        H666  2 0.1535 0.1567 0.5817 0.1081 
        H667  2 0.1950 0.2442 0.1851 0.3757 
        H677  2 0.1989 0.2843 0.1770 0.3397 
        H693  2 0.1253 0.1416 0.3054 0.4278 
        H694  2 0.3509 0.3003 0.1841 0.1646 
        H701  2 0.4270 0.2359 0.1498 0.1873 
        H702  2 0.2896 0.2096 0.2827 0.2181 
        H731  2 0.1791 0.2212 0.3169 0.2827 
       H7359  2 0.3306 0.2561 0.2067 0.2066 
       H7389  2 0.2600 0.2807 0.1719 0.2874 
       H7390  2 0.1666 0.1654 0.5112 0.1569 
       H7391  2 0.2229 0.1413 0.1438 0.4920 
       H7392  2 0.1683 0.2988 0.2616 0.2714 
       H7393  2 0.2754 0.2051 0.3190 0.2005 
       H7398  2 0.2855 0.1759 0.1846 0.3541 
       H7399  2 0.2318 0.2895 0.1446 0.3341 
       H7400  2 0.1152 0.1436 0.5886 0.1525 
        H745  2 0.2343 0.4691 0.1353 0.1613 
        H746  2 0.1989 0.3190 0.1419 0.3402 
        H747  2 0.2274 0.1766 0.4328 0.1632 
        H748  2 0.3277 0.2494 0.2465 0.1764 
       H7484  2 0.1892 0.1498 0.4840 0.1769 
       H7485  2 0.2753 0.3001 0.2507 0.1739 
        H749  2 0.2416 0.3054 0.1714 0.2816 
        H930  2 0.4768 0.2415 0.1355 0.1462 
        H931  2 0.2613 0.2321 0.1776 0.3291 
        H932  2 0.2600 0.2698 0.2401 0.2301 
        H111  3 0.3599 0.3415 0.1508 0.1478 
        H951  3 0.3564 0.2613 0.1426 0.2397 
        H952  3 0.2402 0.3367 0.2211 0.2020 
        H953  3 0.2291 0.1862 0.1283 0.4564 
        H954  3 0.2236 0.1703 0.4461 0.1600 
        H955  3 0.3525 0.3504 0.1324 0.1648 
        H956  3 0.2931 0.2119 0.2879 0.2071 
       H9563  3 0.3018 0.1726 0.2390 0.2867 
        H002  4 0.1558 0.3013 0.3564 0.1865 
        H003  4 0.1597 0.3001 0.1268 0.4134 
        H009  4 0.2249 0.4042 0.1933 0.1776 
        H010  4 0.2470 0.2188 0.2020 0.3322 
        H011  4 0.1293 0.1526 0.4094 0.3087 
        H012  4 0.3043 0.2259 0.1459 0.3239 
        H013  4 0.1782 0.2007 0.2694 0.3517 
        H014  4 0.2766 0.2855 0.2274 0.2105 
        H045  4 0.2077 0.1555 0.2504 0.3864 
        H046  4 0.1783 0.3620 0.1434 0.3163 
        H051  4 0.1849 0.1719 0.2939 0.3492 
        H052  4 0.1864 0.2526 0.3488 0.2121 
        H053  4 0.2445 0.2275 0.3145 0.2135 
        H056  4 0.2042 0.2047 0.3927 0.1984 
        H076  4 0.2399 0.3272 0.1430 0.2900 
        H151  4 0.1360 0.1932 0.5103 0.1605 
        H152  4 0.1567 0.2811 0.3362 0.2260 
     H171803  4 0.1796 0.1901 0.3977 0.2327 
     H171804  4 0.2530 0.1890 0.3281 0.2299 
     H171833  4 0.2380 0.4441 0.1537 0.1642 
     H171855  4 0.1538 0.1959 0.5138 0.1365 
     H171856  4 0.3101 0.2101 0.2883 0.1915 
     H171857  4 0.2158 0.2269 0.3864 0.1709 
     H171858  4 0.2050 0.2996 0.2218 0.2736 
     H171859  4 0.1945 0.2595 0.2529 0.2931 
     H171961  4 0.1811 0.1952 0.3440 0.2797 
        H198  4 0.2469 0.3544 0.1130 0.2857 
      H20001  4 0.2782 0.3907 0.1861 0.1450 
        H403  4 0.2356 0.2349 0.3390 0.1905 
        H404  4 0.2249 0.2629 0.1418 0.3704 
        H405  4 0.2684 0.2961 0.1438 0.2917 
        H406  4 0.3738 0.3148 0.2105 0.1009 
        H407  4 0.2594 0.1858 0.2986 0.2561 
        H410  4 0.4067 0.2228 0.1308 0.2397 
        H411  4 0.3636 0.3311 0.1640 0.1413 
        H468  4 0.2768 0.3473 0.2599 0.1160 
        H476  4 0.3060 0.2627 0.3053 0.1259 
        H477  4 0.2334 0.4533 0.1488 0.1645 
        H478  4 0.2293 0.2634 0.1757 0.3315 
        H479  4 0.1729 0.2245 0.2972 0.3054 
        H480  4 0.3310 0.3810 0.1423 0.1457 
        H498  4 0.2057 0.3503 0.2053 0.2387 
        H499  4 0.2240 0.2606 0.2137 0.3017 
        H500  4 0.2002 0.1629 0.4196 0.2173 
        H515  4 0.2642 0.2036 0.3075 0.2247 
        H516  4 0.3187 0.2492 0.2856 0.1465 
        H517  4 0.3014 0.2730 0.2184 0.2072 
        H518  4 0.2096 0.2697 0.3726 0.1481 
        H520  4 0.2068 0.2178 0.4253 0.1501 
        H521  4 0.2340 0.2319 0.1992 0.3349 
        H522  4 0.2359 0.2439 0.3037 0.2165 
        H523  4 0.3055 0.2559 0.2647 0.1739 
        H536  4 0.1689 0.2913 0.1951 0.3447 
        H645  4 0.1302 0.1373 0.2082 0.5243 
        H646  4 0.4050 0.2996 0.1321 0.1633 
        H647  4 0.2690 0.2895 0.2484 0.1931 
        H657  4 0.3039 0.3078 0.1592 0.2291 
        H658  4 0.3075 0.2270 0.2554 0.2101 
        H659  4 0.1400 0.1321 0.5997 0.1282 
        H660  4 0.2470 0.2646 0.2723 0.2161 
        H661  4 0.1729 0.2082 0.4613 0.1577 
        H668  4 0.2414 0.2164 0.1511 0.3911 
        H669  4 0.2760 0.1987 0.2511 0.2743 
        H670  4 0.1370 0.1502 0.1981 0.5148 
        H678  4 0.3460 0.2125 0.2566 0.1849 
        H679  4 0.4481 0.2438 0.1422 0.1659 
        H680  4 0.2439 0.3058 0.2595 0.1908 
        H681  4 0.1845 0.2202 0.2619 0.3334 
        H682  4 0.3838 0.2321 0.1746 0.2095 
        H683  4 0.2504 0.2677 0.3546 0.1273 
        H718  4 0.1621 0.1899 0.4438 0.2043 
        H719  4 0.2105 0.1760 0.2471 0.3663 
        H720  4 0.1879 0.2623 0.3361 0.2137 
        H721  4 0.1871 0.3027 0.3136 0.1965 
        H722  4 0.1639 0.3533 0.3412 0.1416 
        H723  4 0.2099 0.1625 0.3356 0.2920 
        H724  4 0.1636 0.1400 0.5291 0.1673 
        H725  4 0.1531 0.1747 0.5293 0.1429 
        H726  4 0.2187 0.1942 0.3877 0.1994 
        H727  4 0.1923 0.1704 0.3230 0.3143 
        H910  4 0.2540 0.1852 0.2987 0.2621 
        H911  4 0.3981 0.2544 0.1654 0.1820 
        H912  4 0.2902 0.2674 0.2755 0.1669 
        H913  4 0.2426 0.2183 0.3483 0.1908 
        H914  4 0.1689 0.1508 0.3352 0.3450 
        H915  4 0.3523 0.2204 0.2719 0.1554 
        H916  4 0.3664 0.2820 0.2044 0.1473 
       H9572  4 0.2413 0.1982 0.3631 0.1974 
        H015  5 0.3401 0.3109 0.1592 0.1898 
        H016  5 0.2174 0.4422 0.1512 0.1893 
        H017  5 0.2697 0.2922 0.2851 0.1530 
        H019  5 0.2467 0.3309 0.2022 0.2202 
        H020  5 0.1932 0.2346 0.2414 0.3309 
        H032  5 0.2902 0.2429 0.3017 0.1652 
        H033  5 0.2803 0.2418 0.1679 0.3100 
        H034  5 0.1800 0.1711 0.3462 0.3027 
        H035  5 0.2587 0.2721 0.2629 0.2063 
        H036  5 0.3653 0.2486 0.1735 0.2125 
        H037  5 0.1967 0.1936 0.3455 0.2643 
        H048  5 0.1571 0.1407 0.3991 0.3031 
        H049  5 0.2445 0.3470 0.2017 0.2068 
        H054  5 0.2262 0.2679 0.2515 0.2544 
        H055  5 0.1421 0.2120 0.3012 0.3447 
        H057  5 0.1673 0.4462 0.2246 0.1618 
        H060  5 0.1421 0.2906 0.2606 0.3066 
        H061  5 0.2188 0.2628 0.1665 0.3519 
        H064  5 0.1693 0.2241 0.3135 0.2931 
        H070  5 0.2252 0.1893 0.2474 0.3381 
        H077  5 0.2046 0.1770 0.4514 0.1670 
        H078  5 0.2442 0.2221 0.4023 0.1314 
        H079  5 0.2970 0.2345 0.1331 0.3354 
        H097  5 0.2073 0.3982 0.2823 0.1121 
        H107  5 0.1110 0.1223 0.5154 0.2514 
        H122  5 0.2347 0.3142 0.2353 0.2159 
        H123  5 0.3711 0.2951 0.1451 0.1887 
        H124  5 0.2951 0.2834 0.1480 0.2735 
        H131  5 0.3726 0.2146 0.1634 0.2495 
        H132  5 0.2338 0.2065 0.2458 0.3139 
        H141  5 0.2060 0.1990 0.3294 0.2656 
        H142  5 0.2946 0.3268 0.1366 0.2420 
        H157  5 0.1716 0.1865 0.3928 0.2490 
        H158  5 0.2626 0.4596 0.1388 0.1391 
        H159  5 0.2880 0.3070 0.1778 0.2272 
        H160  5 0.2362 0.2834 0.3006 0.1797 
        H163  5 0.3607 0.2617 0.1672 0.2104 
        H164  5 0.2513 0.3031 0.1754 0.2702 
        H165  5 0.2589 0.2014 0.1339 0.4058 
        H166  5 0.2475 0.3075 0.1583 0.2867 
        H169  5 0.2128 0.2648 0.1971 0.3253 
     H169613  5 0.2448 0.3177 0.2204 0.2171 
     H169653  5 0.2572 0.3131 0.1625 0.2673 
     H169728  5 0.3471 0.2673 0.2061 0.1795 
     H169742  5 0.1333 0.1675 0.1851 0.5141 
        H170  5 0.1761 0.4231 0.2004 0.2004 
        H171  5 0.2158 0.4392 0.1736 0.1714 
     H171851  5 0.2145 0.3324 0.2265 0.2266 
     H171852  5 0.1818 0.2749 0.3630 0.1802 
     H171853  5 0.2608 0.1886 0.3220 0.2286 
     H171854  5 0.3253 0.2823 0.2350 0.1574 
     H171938  5 0.2170 0.1854 0.2022 0.3954 
     H171939  5 0.2187 0.3301 0.1531 0.2981 
     H171941  5 0.1291 0.1644 0.3702 0.3364 
     H171965  5 0.2082 0.3885 0.1435 0.2597 
     H171970  5 0.1382 0.1363 0.4954 0.2301 
     H171973  5 0.2311 0.2182 0.1537 0.3971 
     H171974  5 0.2012 0.1868 0.2152 0.3968 
     H171975  5 0.2228 0.1978 0.2587 0.3206 
     H171976  5 0.1975 0.3893 0.2643 0.1489 
        H175  5 0.1838 0.1663 0.3543 0.2957 
        H178  5 0.1719 0.2542 0.2365 0.3374 
        H189  5 0.3446 0.3215 0.1304 0.2034 
        H399  5 0.2083 0.4194 0.2544 0.1178 
        H416  5 0.2211 0.2128 0.2393 0.3268 
        H438  5 0.3023 0.1902 0.2164 0.2910 
        H450  5 0.1462 0.2111 0.3557 0.2869 
        H455  5 0.1241 0.1433 0.4071 0.3255 
        H456  5 0.1770 0.2142 0.2050 0.4039 
        H457  5 0.1644 0.2954 0.3640 0.1763 
        H458  5 0.1949 0.2095 0.3076 0.2880 
        H459  5 0.2976 0.3208 0.1348 0.2467 
        H460  5 0.2672 0.2500 0.2876 0.1953 
        H461  5 0.2605 0.3830 0.2133 0.1431 
        H462  5 0.3821 0.2104 0.1597 0.2478 
        H469  5 0.4173 0.2148 0.1399 0.2280 
        H470  5 0.2732 0.2215 0.3074 0.1980 
        H471  5 0.3321 0.3881 0.1551 0.1246 
        H481  5 0.1497 0.1503 0.5033 0.1967 
        H482  5 0.2214 0.2413 0.3166 0.2207 
        H501  5 0.2380 0.2320 0.2469 0.2831 
        H502  5 0.2602 0.4091 0.1324 0.1983 
        H503  5 0.3256 0.2847 0.1817 0.2081 
        H509  5 0.2197 0.1689 0.4031 0.2084 
        H510  5 0.2232 0.2657 0.1813 0.3298 
        H511  5 0.2421 0.3438 0.1571 0.2569 
        H530  5 0.2015 0.1827 0.2708 0.3450 
        H531  5 0.1867 0.2040 0.4640 0.1454 
        H564  5 0.1682 0.2484 0.3127 0.2707 
        H565  5 0.1519 0.1943 0.4421 0.2117 
        H567  5 0.4270 0.2328 0.1158 0.2244 
     H568???  5 0.2718 0.3565 0.1630 0.2087 
        H608  5 0.1669 0.2161 0.3575 0.2596 
        H609  5 0.1873 0.1860 0.1731 0.4535 
        H612  5 0.1442 0.1295 0.4219 0.3043 
        H614  5 0.1453 0.2060 0.4816 0.1671 
        H615  5 0.1860 0.2730 0.3804 0.1606 
        H616  5 0.1205 0.1239 0.4787 0.2769 
        H617  5 0.3333 0.2578 0.1360 0.2729 
        H618  5 0.1727 0.1758 0.3858 0.2657 
        H619  5 0.1297 0.1795 0.1445 0.5462 
        H635  5 0.2666 0.2668 0.2225 0.2440 
        H636  5 0.2069 0.1804 0.1366 0.4761 
        H637  5 0.1618 0.2328 0.2599 0.3456 
        H644  5 0.3065 0.4606 0.0974 0.1355 
        H711  5 0.1789 0.4453 0.1976 0.1782 
        H712  5 0.1473 0.1564 0.2499 0.4464 
       H7360  5 0.1937 0.3034 0.2753 0.2276 
       H7361  5 0.1990 0.2144 0.3564 0.2302 
       H7362  5 0.3020 0.4121 0.1071 0.1788 
       H7363  5 0.2538 0.2346 0.2989 0.2127 
       H7394  5 0.3957 0.2785 0.1417 0.1841 
       H7395  5 0.1723 0.2430 0.2285 0.3562 
       H7396  5 0.2705 0.2552 0.2182 0.2561 
        H742  5 0.1288 0.1576 0.1943 0.5193 
        H743  5 0.1855 0.2438 0.2634 0.3073 
        H744  5 0.1811 0.1430 0.4532 0.2227 
        H957  5 0.2113 0.3605 0.2433 0.1849 
        H958  5 0.3540 0.2430 0.1882 0.2148 
        H959  5 0.1520 0.1662 0.3575 0.3244 
        H960  5 0.2803 0.2087 0.2018 0.3093 
      H_PALI  6 0.2910 0.2979 0.2030 0.2080 
        H581  6 0.2301 0.2443 0.3363 0.1893 
        H582  6 0.1361 0.1813 0.5160 0.1666 
        H583  6 0.2292 0.2249 0.3049 0.2409 
        H595  6 0.4827 0.2466 0.1252 0.1455 
        H596  6 0.4402 0.2585 0.1236 0.1777 
        H597  6 0.2789 0.3415 0.1365 0.2432 
        H598  6 0.2815 0.1971 0.2551 0.2663 
        H599  6 0.1853 0.1745 0.3087 0.3315 
        H642  6 0.3457 0.3228 0.2083 0.1232 
        H643  6 0.3054 0.2047 0.2293 0.2607 
        H664  6 0.1909 0.2049 0.4923 0.1119 
        H665  6 0.2229 0.1818 0.1838 0.4115 
        H674  6 0.2750 0.4267 0.1152 0.1831 
        H675  6 0.2074 0.2488 0.3155 0.2283 
        H676  6 0.3970 0.2892 0.1641 0.1498 
        H686  6 0.2233 0.3179 0.1947 0.2641 
        H687  6 0.3005 0.2757 0.2450 0.1788 
        H917  6 0.3931 0.2025 0.1282 0.2762 
        H918  6 0.1573 0.2082 0.1671 0.4674 
        H919  6 0.1699 0.1416 0.3833 0.3051 
        H920  6 0.2256 0.2198 0.3544 0.2002 
        H631  7 0.1696 0.2128 0.3225 0.2952 
        H684  7 0.2170 0.4610 0.1312 0.1908 
        H685  7 0.2829 0.1617 0.4479 0.1075 
        H713  7 0.1698 0.1475 0.5119 0.1708 
        H715  7 0.2236 0.4129 0.1617 0.2018 
        H716  7 0.1272 0.2232 0.2266 0.4230 
        H717  7 0.2088 0.2233 0.2853 0.2827 
        H729  7 0.3656 0.2171 0.1115 0.3057 
        H730  7 0.2232 0.1564 0.2123 0.4081 
        H431  8 0.2439 0.1934 0.3598 0.2029 
        H432  8 0.2780 0.3512 0.1215 0.2493 
        H433  8 0.3528 0.2361 0.1639 0.2472 
        H434  8 0.3357 0.2241 0.1986 0.2416 
        H444  8 0.2247 0.2112 0.1722 0.3919 
        H454  8 0.1554 0.1578 0.4136 0.2732 
        H475  8 0.1796 0.1831 0.4715 0.1658 
        H491  8 0.1604 0.2498 0.2964 0.2934 
        H492  8 0.2292 0.2005 0.3679 0.2024 
        H493  8 0.2516 0.3241 0.2177 0.2065 
        H494  8 0.2635 0.1982 0.2573 0.2810 
        H495  8 0.1497 0.2524 0.4529 0.1450 
        H662  8 0.2178 0.3108 0.2512 0.2202 
        H663  8 0.2744 0.2381 0.2271 0.2604 
        H695  8 0.2757 0.2121 0.2519 0.2603 
       H7367  8 0.4828 0.2126 0.1235 0.1810 
       H7368  8 0.2608 0.3294 0.1661 0.2437 
       H7369  8 0.2031 0.1877 0.1878 0.4214 
       H7370  8 0.5392 0.2100 0.1145 0.1363 
       H7371  8 0.2933 0.2223 0.1943 0.2901 
        H600  9 0.1802 0.2139 0.3578 0.2481 
        H648  9 0.2758 0.2773 0.2547 0.1923 
        H696  9 0.3768 0.3618 0.1320 0.1294 
        H697  9 0.2854 0.2179 0.1911 0.3056 
        H698  9 0.3735 0.2359 0.1775 0.2130 
        H699  9 0.3079 0.2439 0.2163 0.2319 
        H700  9 0.1781 0.1922 0.3048 0.3249 
        H732  9 0.1547 0.2298 0.4338 0.1818 
        H733  9 0.4573 0.1988 0.1339 0.2099 
        H734  9 0.3410 0.3566 0.1472 0.1552 
        H735  9 0.4405 0.2052 0.1810 0.1733 
        H736  9 0.2234 0.2657 0.2772 0.2336 
        H737  9 0.1896 0.2158 0.2627 0.3319 
        H905  9 0.1889 0.1873 0.2992 0.3247 
        H921  9 0.2253 0.1861 0.2736 0.3150 
        H922  9 0.3944 0.2326 0.1223 0.2508 
     H169705 10 0.4584 0.1981 0.1793 0.1642 
     H171942 10 0.2935 0.3499 0.1152 0.2414 
     H171943 10 0.2568 0.2929 0.1984 0.2518 
     H171944 10 0.3219 0.2233 0.2235 0.2313 
     H171946 10 0.1885 0.2466 0.3969 0.1680 
     H171947 10 0.2893 0.2669 0.1821 0.2617 
     H229641 10 0.3335 0.2536 0.2552 0.1577 
      H30001 10 0.2928 0.2116 0.2559 0.2396 
      H30002 10 0.2220 0.2372 0.2333 0.3075 
      H30005 10 0.4261 0.2071 0.1839 0.1829 
      H30006 10 0.3919 0.2663 0.1679 0.1740 
      H30007 10 0.1652 0.4917 0.1106 0.2324 
        H451 10 0.3470 0.2636 0.1474 0.2420 
        H452 10 0.3804 0.2591 0.1963 0.1641 
        H453 10 0.1389 0.2315 0.4315 0.1981 
        H473 10 0.1641 0.2320 0.2882 0.3157 
        H474 10 0.1880 0.1688 0.5330 0.1102 
        H486 10 0.2389 0.2092 0.3344 0.2176 
        H487 10 0.2731 0.1979 0.3216 0.2074 
        H488 10 0.2205 0.1702 0.2412 0.3681 
        H489 10 0.2501 0.1582 0.4223 0.1693 
        H550 10 0.2498 0.4187 0.1746 0.1569 
        H551 10 0.3297 0.1737 0.2422 0.2544 
        H553 10 0.2483 0.2014 0.4010 0.1493 
        H554 10 0.2485 0.3225 0.1793 0.2497 
        H556 10 0.2230 0.3023 0.2889 0.1859 
        H580 10 0.2908 0.2309 0.1831 0.2952 
        H591 10 0.1533 0.1551 0.4956 0.1960 
        H592 10 0.2965 0.1949 0.3303 0.1784 
        H593 10 0.2442 0.2851 0.2170 0.2537 
        H594 10 0.3091 0.3682 0.1067 0.2160 
        H627 10 0.2693 0.3015 0.2757 0.1535 
        H628 10 0.1943 0.2248 0.0971 0.4837 
        H629 10 0.2609 0.2763 0.3183 0.1445 
        H630 10 0.3499 0.2209 0.2780 0.1512 
        H638 10 0.4413 0.2099 0.1956 0.1533 
        H639 10 0.2000 0.2260 0.4270 0.1470 
        H640 10 0.3581 0.2660 0.1822 0.1937 
        H704 10 0.2590 0.3333 0.1525 0.2551 
        H705 10 0.4503 0.1909 0.1834 0.1754 
        H706 10 0.2066 0.1408 0.3024 0.3502 
        H708 10 0.1619 0.1636 0.5101 0.1643 
       H7351 10 0.2154 0.3015 0.2143 0.2688 
       H7352 10 0.2350 0.2539 0.2686 0.2425 
       H7353 10 0.2402 0.4446 0.1501 0.1650 
       H7354 10 0.1409 0.2200 0.2672 0.3719 
       H7365 10 0.1731 0.1458 0.4911 0.1901 
       H7383 10 0.2199 0.1833 0.2817 0.3151 
       H7384 10 0.2549 0.1973 0.2544 0.2933 
       H7385 10 0.2392 0.1757 0.3410 0.2441 
       H7386 10 0.2684 0.2120 0.1702 0.3494 
       H7387 10 0.2528 0.2919 0.1897 0.2655 
       H7388 10 0.3336 0.2218 0.2095 0.2351 
        H906 10 0.1324 0.3049 0.2835 0.2792 
        H907 10 0.4041 0.2695 0.1602 0.1663 
        H908 10 0.3136 0.2107 0.2402 0.2356 
        H909 10 0.1454 0.2150 0.1993 0.4403 
       H9552 10 0.2550 0.2578 0.2153 0.2720 
       H9553 10 0.2885 0.2111 0.3141 0.1863 
       H9555 10 0.3549 0.2082 0.1645 0.2725 
       H9575 10 0.1633 0.2539 0.4029 0.1799 
       H9703 10 0.1743 0.1690 0.4705 0.1862 
       H9707 10 0.2410 0.2171 0.3715 0.1704 
       HSAA4 10 0.2838 0.2332 0.1900 0.2930 
        H001 11 0.1594 0.2059 0.2409 0.3938 
        H004 11 0.2665 0.2736 0.2248 0.2352 
        H005 11 0.1415 0.1631 0.3899 0.3055 
        H006 11 0.2630 0.2295 0.2264 0.2812 
        H007 11 0.1383 0.1446 0.2944 0.4227 
        H031 11 0.1811 0.1384 0.5009 0.1795 
        H074 11 0.2197 0.1842 0.4471 0.1490 
        H075 11 0.1449 0.1460 0.3474 0.3618 
        H080 11 0.2359 0.1648 0.3844 0.2148 
        H086 11 0.3583 0.1966 0.2333 0.2119 
        H092 11 0.2873 0.2017 0.2989 0.2122 
        H093 11 0.2405 0.4102 0.1244 0.2249 
        H094 11 0.3689 0.2812 0.2059 0.1439 
        H095 11 0.1571 0.1899 0.3363 0.3167 
        H096 11 0.1604 0.1708 0.2453 0.4235 
        H099 11 0.2624 0.2095 0.3080 0.2201 
        H100 11 0.1893 0.2758 0.1163 0.4186 
        H127 11 0.2489 0.2158 0.2864 0.2489 
        H136 11 0.1898 0.1831 0.4510 0.1760 
        H153 11 0.2746 0.3108 0.2124 0.2022 
        H154 11 0.1780 0.1834 0.4782 0.1605 
        H155 11 0.2556 0.2000 0.1127 0.4317 
        H156 11 0.3080 0.2386 0.0914 0.3621 
        H161 11 0.2154 0.3382 0.1993 0.2472 
        H162 11 0.4398 0.2491 0.1477 0.1634 
        H167 11 0.2215 0.2756 0.1665 0.3365 
        H168 11 0.2689 0.2554 0.1926 0.2832 
     H169586 11 0.1535 0.3710 0.3512 0.1243 
     H169738 11 0.3323 0.1867 0.1340 0.3471 
     H169741 11 0.2147 0.2155 0.4025 0.1673 
     H171801 11 0.2775 0.3451 0.1606 0.2168 
     H171810 11 0.2144 0.2287 0.3652 0.1917 
     H171811 11 0.1828 0.2059 0.4680 0.1433 
     H171812 11 0.1270 0.1470 0.2023 0.5238 
     H171820 11 0.1841 0.1785 0.4544 0.1830 
     H171821 11 0.3416 0.2158 0.1778 0.2647 
     H171822 11 0.3749 0.2170 0.1981 0.2099 
     H171823 11 0.1449 0.2988 0.4096 0.1468 
     H171866 11 0.3129 0.2848 0.1443 0.2579 
     H171867 11 0.3397 0.2060 0.1474 0.3069 
     H171967 11 0.1737 0.1612 0.3418 0.3233 
     H171969 11 0.2261 0.2431 0.2233 0.3076 
        H172 11 0.2344 0.2260 0.2062 0.3334 
        H173 11 0.2782 0.1721 0.1919 0.3578 
        H174 11 0.3964 0.3331 0.1326 0.1379 
        H196 11 0.3847 0.2080 0.1455 0.2617 
        H197 11 0.3314 0.2219 0.1644 0.2822 
        H346 11 0.1673 0.2093 0.2385 0.3849 
        H355 11 0.1635 0.2044 0.2790 0.3531 
        H356 11 0.2340 0.2105 0.2726 0.2829 
        H357 11 0.2373 0.1739 0.3573 0.2316 
        H358 11 0.2010 0.1785 0.1853 0.4352 
        H359 11 0.2725 0.2515 0.2711 0.2049 
        H360 11 0.2788 0.2063 0.2192 0.2956 
        H361 11 0.2365 0.2323 0.1777 0.3535 
        H362 11 0.4990 0.2320 0.1083 0.1607 
        H363 11 0.1909 0.1796 0.3957 0.2338 
        H364 11 0.1700 0.3039 0.2447 0.2814 
        H365 11 0.2271 0.2282 0.1709 0.3739 
        H366 11 0.2270 0.2371 0.1642 0.3717 
        H367 11 0.2001 0.1640 0.4775 0.1583 
        H368 11 0.2613 0.3819 0.1871 0.1697 
        H369 11 0.1811 0.1355 0.4614 0.2220 
        H370 11 0.2869 0.2898 0.1612 0.2621 
        H371 11 0.3849 0.2188 0.2128 0.1835 
        H372 11 0.2390 0.2401 0.1861 0.3347 
        H373 11 0.2563 0.2442 0.2178 0.2816 
        H374 11 0.1649 0.2000 0.2680 0.3671 
        H375 11 0.1973 0.1924 0.2897 0.3206 
        H376 11 0.2441 0.3148 0.1734 0.2677 
        H377 11 0.2793 0.2246 0.2630 0.2331 
        H378 11 0.2101 0.2540 0.3133 0.2226 
        H379 11 0.3306 0.2725 0.2174 0.1796 
        H380 11 0.2390 0.2548 0.1297 0.3765 
        H381 11 0.1851 0.2244 0.4447 0.1458 
        H382 11 0.4203 0.2716 0.1003 0.2078 
        H383 11 0.2159 0.3062 0.1255 0.3524 
        H384 11 0.1733 0.2309 0.3736 0.2222 
        H385 11 0.2992 0.2142 0.3147 0.1720 
        H386 11 0.2016 0.1811 0.1535 0.4639 
        H387 11 0.1392 0.4622 0.2142 0.1844 
        H388 11 0.2906 0.2283 0.1171 0.3640 
        H389 11 0.2480 0.1804 0.2246 0.3469 
        H390 11 0.2992 0.2350 0.2061 0.2597 
        H391 11 0.2622 0.3400 0.1752 0.2226 
        H392 11 0.1317 0.1729 0.3133 0.3822 
        H393 11 0.1957 0.3309 0.1314 0.3420 
        H394 11 0.2325 0.4448 0.1735 0.1492 
        H395 11 0.1952 0.1713 0.3659 0.2675 
        H408 11 0.1459 0.1779 0.2093 0.4669 
        H412 11 0.1430 0.2091 0.5623 0.0856 
        H417 11 0.2070 0.2270 0.3090 0.2571 
        H418 11 0.2512 0.2852 0.3041 0.1595 
        H429 11 0.1789 0.2482 0.1747 0.3981 
        H430 11 0.3139 0.2340 0.1424 0.3097 
        H439 11 0.3088 0.2041 0.2432 0.2439 
        H440 11 0.1381 0.1765 0.4201 0.2653 
        H441 11 0.3843 0.2202 0.1913 0.2042 
        H442 11 0.2405 0.2628 0.1661 0.3306 
        H446 11 0.2501 0.3215 0.2195 0.2088 
        H447 11 0.2479 0.2524 0.1370 0.3627 
        H448 11 0.2925 0.1826 0.1845 0.3404 
        H534 11 0.1376 0.2082 0.4586 0.1956 
        H537 11 0.1527 0.2262 0.4442 0.1769 
        H568 11 0.1861 0.1369 0.5483 0.1286 
        H569 11 0.4746 0.1879 0.0985 0.2390 
        H586 11 0.1495 0.3826 0.3504 0.1175 
        H587 11 0.1480 0.1567 0.4895 0.2058 
        H588 11 0.2097 0.4484 0.1219 0.2200 
        H589 11 0.1295 0.1657 0.4223 0.2825 
        H590 11 0.1567 0.2077 0.3627 0.2729 
        H601 11 0.3702 0.2693 0.1213 0.2392 
        H602 11 0.2818 0.1893 0.3021 0.2268 
        H603 11 0.2997 0.2273 0.1415 0.3314 
        H610 11 0.3118 0.2046 0.2763 0.2073 
        H611 11 0.2774 0.2059 0.3658 0.1509 
        H649 11 0.2340 0.2615 0.2192 0.2854 
        H650 11 0.4248 0.2842 0.1571 0.1340 
        H651 11 0.2766 0.1718 0.1863 0.3653 
        H652 11 0.2507 0.3318 0.2356 0.1818 
       H7364 11 0.2599 0.2305 0.1775 0.3322 
       H7366 11 0.2432 0.1883 0.2363 0.3322 
       H7378 11 0.4004 0.3943 0.0911 0.1142 
       H7379 11 0.3144 0.2284 0.2287 0.2285 
        H739 11 0.2240 0.2051 0.3858 0.1851 
        H740 11 0.4026 0.2651 0.1789 0.1534 
        H741 11 0.2198 0.2137 0.3969 0.1696 
        H926 11 0.3795 0.2921 0.1767 0.1517 
        H927 11 0.3729 0.2247 0.1554 0.2470 
        H928 11 0.3954 0.2362 0.2314 0.1370 
       H9560 11 0.3219 0.3004 0.2077 0.1700 
        H409 12 0.2979 0.2397 0.1586 0.3038 
        H413 12 0.2334 0.4517 0.1580 0.1569 
        H419 12 0.2787 0.2020 0.1907 0.3286 
        H420 12 0.1986 0.2335 0.2998 0.2680 
        H421 12 0.2510 0.3607 0.1116 0.2768 
        H435 12 0.2391 0.3450 0.1410 0.2749 
        H436 12 0.2007 0.1723 0.2392 0.3879 
        H437 12 0.1743 0.2383 0.4054 0.1821 
        H445 12 0.2034 0.2149 0.1314 0.4502 
        H449 12 0.2478 0.3560 0.1836 0.2126 
        H463 12 0.2162 0.2196 0.3441 0.2201 
        H464 12 0.2485 0.4033 0.1363 0.2120 
        H465 12 0.2461 0.3748 0.2553 0.1239 
        H490 12 0.2775 0.3995 0.1428 0.1802 
        H561 12 0.3367 0.2506 0.2276 0.1851 
        H562 12 0.1836 0.1600 0.1963 0.4601 
        H563 12 0.3052 0.1624 0.2461 0.2863 
        H570 12 0.2035 0.1638 0.3160 0.3168 
        H571 12 0.2705 0.2836 0.2933 0.1526 
        H572 12 0.2429 0.1907 0.3500 0.2164 
        H573 12 0.2833 0.2248 0.1365 0.3555 
       H7372 12 0.2870 0.2389 0.0942 0.3798 
       H7373 12 0.1814 0.5314 0.1460 0.1413 
       H7374 12 0.1253 0.2061 0.2790 0.3897 
       H7375 12 0.1817 0.2002 0.3336 0.2844 
       H7376 12 0.2077 0.1739 0.1030 0.5154 
       H7377 12 0.2820 0.1807 0.3753 0.1619 
