        H102  1 0.2707 0.0846 0.0889 0.1033 0.0802 0.0829 0.0823 0.0807 0.0617 0.0647 
        H103  1 0.0951 0.1247 0.0877 0.0703 0.0654 0.1813 0.1358 0.1025 0.1002 0.0370 
        H104  1 0.1015 0.0895 0.1102 0.0856 0.0996 0.0811 0.0758 0.0895 0.1232 0.1440 
        H105  1 0.1033 0.1081 0.0832 0.1120 0.0990 0.1000 0.1111 0.0961 0.0794 0.1078 
        H106  1 0.0960 0.1376 0.1229 0.0987 0.0910 0.0878 0.1014 0.0893 0.0808 0.0945 
        H112  1 0.1852 0.0780 0.0895 0.0828 0.0749 0.0881 0.0790 0.0766 0.0926 0.1532 
        H113  1 0.0875 0.0682 0.0781 0.1815 0.0878 0.0904 0.0793 0.0816 0.1567 0.0889 
        H114  1 0.1007 0.0826 0.0758 0.1821 0.0805 0.1108 0.0873 0.0990 0.1315 0.0497 
        H115  1 0.2853 0.0682 0.0736 0.0955 0.0703 0.0846 0.0737 0.0880 0.0856 0.0753 
        H143  1 0.1926 0.0840 0.0679 0.1202 0.1065 0.1006 0.0866 0.0946 0.0849 0.0622 
        H144  1 0.0698 0.1213 0.0715 0.0715 0.1327 0.0809 0.1694 0.1357 0.1129 0.0343 
        H145  1 0.2039 0.0771 0.0884 0.1334 0.0694 0.1035 0.1055 0.0911 0.0722 0.0554 
        H149  1 0.0907 0.1017 0.1319 0.0773 0.1262 0.0835 0.0961 0.0860 0.0937 0.1128 
        H150  1 0.1169 0.0757 0.0842 0.1096 0.0653 0.0817 0.1663 0.0783 0.1304 0.0915 
     H167542  1 0.0737 0.0658 0.0541 0.0983 0.2201 0.0630 0.0681 0.2317 0.0738 0.0515 
     H169604  1 0.1046 0.0913 0.0814 0.0813 0.1247 0.1089 0.1010 0.1234 0.1219 0.0614 
     H169607  1 0.0867 0.0810 0.0827 0.0932 0.1226 0.1243 0.1297 0.1210 0.1035 0.0552 
     H169608  1 0.3285 0.0569 0.0996 0.0696 0.0452 0.0641 0.0530 0.0610 0.0560 0.1663 
     H169633  1 0.0906 0.0863 0.0631 0.1639 0.1125 0.1077 0.1001 0.1199 0.1091 0.0468 
     H169688  1 0.0998 0.1599 0.1184 0.0508 0.1209 0.0914 0.1127 0.0954 0.0974 0.0535 
     H169714  1 0.1106 0.0909 0.1253 0.0872 0.0904 0.1065 0.1069 0.0920 0.0970 0.0931 
     H171802  1 0.0711 0.0665 0.0907 0.0584 0.0771 0.1085 0.0863 0.0978 0.1466 0.1969 
     H171805  1 0.1049 0.1283 0.0973 0.0988 0.0716 0.1292 0.1081 0.1126 0.0985 0.0509 
     H171807  1 0.0883 0.1146 0.1041 0.0608 0.1023 0.0973 0.1042 0.0955 0.0946 0.1383 
     H171814  1 0.0846 0.0830 0.0763 0.1398 0.0671 0.1084 0.1514 0.0732 0.1706 0.0455 
     H171816  1 0.0941 0.0955 0.1182 0.0792 0.0837 0.1237 0.0977 0.0756 0.1004 0.1318 
     H171817  1 0.0867 0.1171 0.1169 0.1029 0.1003 0.1006 0.0975 0.0897 0.0925 0.0957 
     H171818  1 0.0767 0.1097 0.1075 0.1055 0.1227 0.1209 0.1069 0.1110 0.0813 0.0576 
     H171819  1 0.0800 0.0790 0.0942 0.1744 0.0836 0.1130 0.0953 0.0785 0.0945 0.1075 
     H171834  1 0.1564 0.1100 0.1027 0.0981 0.0895 0.1107 0.1096 0.0824 0.0858 0.0548 
     H171835  1 0.1036 0.0988 0.1703 0.0512 0.1040 0.0680 0.0674 0.0650 0.1362 0.1354 
     H171836  1 0.0752 0.1219 0.0696 0.1470 0.0939 0.1412 0.1018 0.1115 0.1025 0.0353 
     H171837  1 0.1502 0.0808 0.0887 0.0697 0.1085 0.0855 0.0837 0.1316 0.1038 0.0975 
     H171838  1 0.0895 0.1156 0.1013 0.2004 0.0717 0.1241 0.1082 0.0656 0.0779 0.0457 
     H171839  1 0.1042 0.0843 0.0960 0.0817 0.1096 0.0817 0.0871 0.1085 0.1444 0.1026 
     H171841  1 0.0683 0.0604 0.1077 0.0418 0.0448 0.0679 0.0673 0.0500 0.0481 0.4437 
     H171860  1 0.1187 0.0943 0.0832 0.0957 0.0902 0.1040 0.1030 0.0914 0.1229 0.0965 
     H171861  1 0.0955 0.1417 0.0718 0.1568 0.1062 0.1074 0.0967 0.1080 0.0821 0.0338 
     H171862  1 0.1199 0.1065 0.0892 0.0855 0.1124 0.1138 0.1130 0.0917 0.1099 0.0581 
     H171868  1 0.1413 0.0849 0.0743 0.1326 0.1210 0.0981 0.0874 0.1266 0.0770 0.0568 
     H171869  1 0.0955 0.1116 0.0984 0.0777 0.0980 0.0890 0.1573 0.1131 0.1007 0.0586 
     H171870  1 0.0829 0.1295 0.1490 0.0630 0.1124 0.0832 0.1105 0.0873 0.1000 0.0821 
     H171871  1 0.0987 0.0966 0.0914 0.0956 0.0675 0.1682 0.1259 0.1129 0.0922 0.0509 
     H171872  1 0.1210 0.0941 0.0924 0.1207 0.0997 0.0883 0.0855 0.0859 0.1051 0.1072 
     H171873  1 0.0856 0.1267 0.1306 0.0571 0.0930 0.0986 0.1249 0.0918 0.1182 0.0734 
     H171874  1 0.1287 0.1452 0.0772 0.0841 0.1195 0.0927 0.1225 0.0839 0.0962 0.0502 
     H171875  1 0.0874 0.1059 0.0720 0.1447 0.1284 0.0844 0.1154 0.1036 0.1167 0.0414 
     H171876  1 0.1012 0.1096 0.0790 0.0869 0.1117 0.1282 0.1162 0.1176 0.1043 0.0453 
     H171877  1 0.0907 0.0826 0.0576 0.0919 0.2242 0.0523 0.0570 0.2178 0.0812 0.0446 
     H171878  1 0.0851 0.1070 0.1378 0.0571 0.1066 0.1107 0.1176 0.1051 0.0890 0.0841 
     H171901  1 0.0731 0.1031 0.1064 0.0667 0.0894 0.1743 0.0841 0.0941 0.0757 0.1332 
     H171902  1 0.0965 0.0833 0.1025 0.0788 0.1032 0.1082 0.1218 0.0878 0.1085 0.1093 
     H171903  1 0.1331 0.0975 0.0904 0.0772 0.0762 0.1195 0.1185 0.0919 0.1315 0.0642 
     H171935  1 0.0824 0.1243 0.1580 0.0881 0.0919 0.0831 0.1014 0.0696 0.0844 0.1168 
     H171936  1 0.0773 0.0855 0.0718 0.1282 0.1438 0.0952 0.0918 0.1326 0.1206 0.0532 
     H171940  1 0.0670 0.1115 0.0892 0.0732 0.1745 0.0705 0.0868 0.1571 0.0654 0.1048 
     H171945  1 0.0895 0.0831 0.0816 0.0846 0.1017 0.1023 0.1316 0.0892 0.0899 0.1466 
     H171948  1 0.1223 0.0981 0.1067 0.1151 0.0633 0.0916 0.0826 0.0669 0.0847 0.1686 
     H171949  1 0.0693 0.1075 0.1141 0.0612 0.1377 0.0852 0.0848 0.0890 0.0880 0.1632 
     H171950  1 0.1109 0.1071 0.1841 0.0641 0.1021 0.0791 0.0764 0.0712 0.0804 0.1245 
     H171963  1 0.0935 0.1442 0.1389 0.1093 0.1043 0.0921 0.1003 0.0893 0.0838 0.0443 
     H171964  1 0.0786 0.1185 0.0934 0.1092 0.1085 0.0703 0.1876 0.0848 0.0948 0.0543 
     H171966  1 0.0930 0.1307 0.1270 0.0887 0.0971 0.1004 0.1169 0.0773 0.0851 0.0838 
     H171968  1 0.1128 0.0851 0.0978 0.0856 0.1213 0.1022 0.1157 0.0967 0.0797 0.1031 
     H171971  1 0.0917 0.1404 0.1109 0.1273 0.0787 0.1315 0.1047 0.0743 0.0791 0.0614 
     H171972  1 0.1086 0.1275 0.0833 0.1059 0.0850 0.1351 0.1276 0.0809 0.1054 0.0408 
     H171977  1 0.0877 0.0992 0.0866 0.0900 0.1368 0.0780 0.1157 0.1424 0.1105 0.0530 
     H171978  1 0.0970 0.1123 0.1132 0.0581 0.0714 0.0974 0.1102 0.0860 0.0860 0.1684 
     H171979  1 0.0760 0.1381 0.0905 0.1288 0.0755 0.1345 0.1301 0.0895 0.0950 0.0420 
        H176  1 0.1599 0.0745 0.0797 0.1409 0.0873 0.0809 0.1012 0.0793 0.0937 0.1026 
        H177  1 0.1270 0.0863 0.1109 0.0544 0.0929 0.0967 0.0755 0.0937 0.0636 0.1990 
        H179  1 0.0679 0.0736 0.0829 0.1013 0.1532 0.0741 0.0723 0.1449 0.0796 0.1502 
        H181  1 0.0732 0.1226 0.0840 0.1241 0.0916 0.1056 0.1417 0.0853 0.1087 0.0632 
        H182  1 0.1580 0.1083 0.0765 0.1459 0.0710 0.1189 0.0976 0.1090 0.0781 0.0368 
        H183  1 0.0546 0.1275 0.0978 0.0526 0.0932 0.1576 0.1324 0.1097 0.1005 0.0741 
        H184  1 0.0902 0.1158 0.0889 0.1128 0.0731 0.0846 0.0856 0.0749 0.0747 0.1994 
        H185  1 0.0753 0.1028 0.0908 0.1735 0.1170 0.0826 0.1086 0.0980 0.0841 0.0673 
        H186  1 0.1130 0.1053 0.0988 0.0743 0.1084 0.0685 0.1539 0.0916 0.1012 0.0849 
        H187  1 0.0888 0.1185 0.1155 0.0694 0.0934 0.1591 0.0891 0.1031 0.0779 0.0854 
        H188  1 0.0520 0.0674 0.0703 0.0778 0.2026 0.0582 0.0778 0.1925 0.0905 0.1109 
        H192  1 0.0823 0.1053 0.1329 0.0861 0.0845 0.0877 0.0930 0.0779 0.0761 0.1741 
        H193  1 0.1690 0.1223 0.0832 0.1129 0.0884 0.0879 0.1020 0.1174 0.0759 0.0410 
        H194  1 0.1015 0.1029 0.1045 0.1082 0.0905 0.1040 0.1018 0.0892 0.1068 0.0907 
        H195  1 0.0931 0.1424 0.0965 0.0584 0.1330 0.0928 0.1395 0.0760 0.0992 0.0692 
        H199  1 0.0733 0.0805 0.0819 0.0809 0.1170 0.1343 0.1388 0.1030 0.1087 0.0816 
        H200  1 0.0676 0.0899 0.0862 0.0732 0.0882 0.0932 0.1014 0.1012 0.1333 0.1657 
        H414  1 0.1392 0.0947 0.0789 0.0660 0.0742 0.1632 0.1131 0.1065 0.1074 0.0568 
        H415  1 0.1176 0.1005 0.0685 0.1615 0.0724 0.1195 0.1042 0.0836 0.1206 0.0516 
        H422  1 0.1231 0.0976 0.0872 0.0895 0.0796 0.0872 0.1394 0.0823 0.0959 0.1181 
        H423  1 0.0543 0.0528 0.1009 0.0581 0.0517 0.0483 0.0541 0.0581 0.0536 0.4681 
        H424  1 0.0771 0.1055 0.0871 0.0883 0.0808 0.1247 0.1600 0.0974 0.1209 0.0582 
        H425  1 0.0635 0.0898 0.0741 0.0676 0.1031 0.0919 0.2189 0.1150 0.1301 0.0459 
        H426  1 0.0936 0.1283 0.1003 0.0614 0.0808 0.1246 0.1541 0.0869 0.1088 0.0613 
        H443  1 0.0962 0.1051 0.0687 0.0738 0.1173 0.0576 0.2032 0.1214 0.1177 0.0390 
        H466  1 0.0912 0.1142 0.1226 0.0651 0.0896 0.0924 0.1213 0.1104 0.1090 0.0842 
        H467  1 0.0861 0.1010 0.1800 0.0601 0.1184 0.0645 0.0920 0.0750 0.0837 0.1392 
        H472  1 0.0568 0.0969 0.0873 0.0864 0.1524 0.0992 0.1013 0.1202 0.0931 0.1063 
        H483  1 0.0595 0.1155 0.0754 0.1011 0.1561 0.1067 0.1061 0.1417 0.0888 0.0490 
        H504  1 0.0809 0.0958 0.0812 0.1173 0.0762 0.1320 0.1530 0.0883 0.1148 0.0605 
        H505  1 0.0683 0.0947 0.1016 0.0637 0.1535 0.0952 0.0905 0.1403 0.0951 0.0971 
        H506  1 0.1387 0.0922 0.0855 0.1360 0.1097 0.0842 0.0965 0.0867 0.0750 0.0954 
        H507  1 0.0817 0.1159 0.0885 0.1054 0.0963 0.1508 0.1034 0.1458 0.0820 0.0301 
        H508  1 0.0704 0.1126 0.1886 0.0708 0.0800 0.0861 0.0997 0.1039 0.0835 0.1044 
        H524  1 0.0671 0.1089 0.0783 0.0809 0.1277 0.1387 0.0960 0.1068 0.1509 0.0446 
        H525  1 0.1177 0.1391 0.0995 0.0907 0.1131 0.0824 0.1162 0.1113 0.0815 0.0484 
        H526  1 0.0846 0.0674 0.0608 0.1294 0.1758 0.0624 0.0697 0.1479 0.1140 0.0880 
        H527  1 0.1134 0.1209 0.1092 0.0671 0.0899 0.1093 0.0925 0.0903 0.0782 0.1293 
        H528  1 0.0883 0.1107 0.0731 0.1273 0.0816 0.1136 0.1296 0.0811 0.1459 0.0488 
        H529  1 0.0995 0.1016 0.0811 0.1154 0.0918 0.1053 0.1403 0.1141 0.1143 0.0366 
        H533  1 0.0998 0.1189 0.0933 0.0992 0.0641 0.1929 0.0952 0.1190 0.0876 0.0299 
        H538  1 0.0820 0.0915 0.0799 0.0660 0.1175 0.1190 0.0935 0.1288 0.1258 0.0960 
        H539  1 0.1393 0.1654 0.1530 0.0617 0.0986 0.1053 0.0794 0.0741 0.0656 0.0577 
        H540  1 0.1066 0.0929 0.0944 0.0885 0.0888 0.1316 0.1223 0.1051 0.0932 0.0766 
        H541  1 0.0772 0.0843 0.0842 0.0865 0.1370 0.0975 0.1031 0.1739 0.1024 0.0539 
        H558  1 0.0726 0.1344 0.1022 0.0924 0.0615 0.1694 0.1166 0.0717 0.0920 0.0871 
        H559  1 0.1089 0.0990 0.0738 0.1375 0.1484 0.0745 0.0973 0.1012 0.0730 0.0866 
        H579  1 0.1374 0.1291 0.0875 0.1103 0.0956 0.1090 0.1039 0.0918 0.0738 0.0616 
        H584  1 0.0942 0.1128 0.0952 0.0917 0.0948 0.0928 0.1435 0.1034 0.1097 0.0619 
        H585  1 0.0714 0.1149 0.0999 0.1181 0.0891 0.1065 0.1227 0.1082 0.1050 0.0642 
        H605  1 0.0879 0.1094 0.1044 0.0706 0.0795 0.0880 0.1122 0.1009 0.1034 0.1438 
        H606  1 0.1366 0.0757 0.1009 0.0884 0.0994 0.0805 0.0744 0.0867 0.0669 0.1905 
        H632  1 0.1360 0.1157 0.0800 0.1115 0.1161 0.0837 0.1289 0.0899 0.0989 0.0393 
        H634  1 0.0952 0.1216 0.0868 0.0700 0.0925 0.1303 0.1052 0.1263 0.0985 0.0735 
        H671  1 0.0621 0.0803 0.1148 0.0738 0.0971 0.0710 0.0894 0.0757 0.0872 0.2486 
        H672  1 0.0658 0.0822 0.0785 0.0609 0.0843 0.1314 0.0867 0.1023 0.2258 0.0821 
        H673  1 0.0812 0.1333 0.0796 0.0688 0.1262 0.0771 0.1515 0.1368 0.0911 0.0544 
        H689  1 0.0770 0.0948 0.0798 0.0744 0.1392 0.1001 0.1308 0.1501 0.1003 0.0534 
        H690  1 0.3031 0.0702 0.0885 0.0856 0.0591 0.0699 0.0610 0.0768 0.0815 0.1043 
        H691  1 0.1081 0.0807 0.0703 0.0823 0.1624 0.1007 0.0748 0.1654 0.1016 0.0537 
        H692  1 0.0595 0.1349 0.0658 0.1096 0.0870 0.1044 0.2006 0.0938 0.1128 0.0316 
        H709  1 0.1646 0.1038 0.0934 0.0710 0.0572 0.1108 0.0893 0.0941 0.1505 0.0653 
        H710  1 0.1001 0.1255 0.0800 0.1225 0.0771 0.1380 0.1132 0.1004 0.1034 0.0399 
       H7355  1 0.1542 0.0674 0.0630 0.2440 0.0909 0.0806 0.0737 0.1086 0.0697 0.0479 
       H7356  1 0.0985 0.1271 0.0936 0.0686 0.0890 0.1073 0.1118 0.1059 0.1105 0.0877 
       H7357  1 0.1157 0.0997 0.0943 0.1010 0.1152 0.0963 0.0835 0.1171 0.0903 0.0868 
       H7358  1 0.0550 0.0849 0.0513 0.0683 0.2316 0.0695 0.0818 0.2248 0.0748 0.0581 
       H7380  1 0.1378 0.0957 0.0753 0.1234 0.1133 0.0905 0.1286 0.0901 0.0913 0.0539 
       H7381  1 0.0857 0.1091 0.1032 0.0574 0.0665 0.0853 0.1623 0.0791 0.1050 0.1464 
       H7382  1 0.1154 0.1137 0.0800 0.1113 0.1064 0.1218 0.1185 0.0898 0.0882 0.0549 
        H904  1 0.1304 0.0761 0.1326 0.0679 0.1178 0.0719 0.0644 0.0783 0.0597 0.2010 
        H923  1 0.0802 0.0780 0.0825 0.0749 0.1175 0.0751 0.0987 0.1178 0.1226 0.1525 
        H924  1 0.0859 0.1003 0.0863 0.0689 0.1276 0.0841 0.1021 0.1269 0.0951 0.1228 
        H925  1 0.0657 0.0728 0.0591 0.0715 0.2395 0.0805 0.0725 0.2164 0.0664 0.0556 
       H9558  1 0.0775 0.1296 0.1097 0.0820 0.0610 0.1759 0.1167 0.0839 0.0857 0.0780 
        H008  2 0.0910 0.1029 0.0685 0.1684 0.0954 0.1021 0.1036 0.1139 0.1003 0.0538 
        H021  2 0.1083 0.1006 0.1275 0.0728 0.1134 0.0893 0.0924 0.1170 0.1055 0.0733 
        H023  2 0.1168 0.0936 0.0988 0.0611 0.1618 0.0802 0.0750 0.1545 0.0693 0.0890 
        H024  2 0.0621 0.0815 0.0715 0.2494 0.0547 0.1073 0.1056 0.0689 0.1448 0.0544 
        H025  2 0.0639 0.0747 0.0963 0.0579 0.0881 0.0713 0.1048 0.0846 0.0905 0.2679 
        H026  2 0.0580 0.0872 0.0826 0.0818 0.0776 0.1064 0.1841 0.0882 0.1882 0.0459 
        H027  2 0.0708 0.0926 0.0913 0.0750 0.1326 0.1063 0.1026 0.1208 0.1605 0.0475 
        H028  2 0.0794 0.1038 0.0926 0.0974 0.1028 0.1179 0.1368 0.0990 0.1050 0.0652 
        H029  2 0.0638 0.0745 0.0746 0.1986 0.1186 0.1057 0.0843 0.1161 0.1117 0.0520 
        H030  2 0.0791 0.1278 0.0920 0.1830 0.0745 0.0959 0.1107 0.0711 0.1218 0.0440 
        H038  2 0.1024 0.1408 0.2028 0.0534 0.1329 0.0635 0.0782 0.0918 0.0571 0.0771 
        H039  2 0.0619 0.0350 0.1006 0.0355 0.0381 0.0339 0.0380 0.0376 0.0387 0.5807 
        H040  2 0.0869 0.1421 0.1990 0.0703 0.1143 0.0755 0.0695 0.0638 0.0805 0.0983 
        H041  2 0.0673 0.0838 0.0683 0.1684 0.1041 0.0883 0.0810 0.1140 0.1270 0.0979 
        H042  2 0.0975 0.1018 0.0938 0.1028 0.1146 0.0804 0.0916 0.1200 0.0769 0.1205 
        H043  2 0.1198 0.1214 0.1690 0.0472 0.0794 0.0848 0.0660 0.0462 0.0507 0.2157 
        H044  2 0.0828 0.1291 0.0938 0.1382 0.0740 0.1366 0.1129 0.0851 0.0880 0.0596 
        H047  2 0.0912 0.0964 0.1072 0.0842 0.0599 0.1136 0.1025 0.0828 0.0936 0.1685 
        H050  2 0.0874 0.0857 0.0745 0.0792 0.0605 0.1265 0.0990 0.0950 0.2439 0.0482 
        H058  2 0.0929 0.1221 0.1637 0.0638 0.0871 0.1081 0.0922 0.1038 0.0781 0.0883 
        H062  2 0.0847 0.0765 0.0903 0.0666 0.1980 0.0665 0.0719 0.1873 0.0545 0.1038 
        H063  2 0.0997 0.0963 0.1146 0.0693 0.0919 0.0973 0.0725 0.0875 0.0924 0.1785 
        H065  2 0.0761 0.1034 0.0816 0.0545 0.0985 0.0663 0.1859 0.1056 0.1090 0.1191 
        H066  2 0.0754 0.1077 0.1205 0.1220 0.0685 0.1405 0.1079 0.0792 0.1158 0.0626 
        H067  2 0.0852 0.1021 0.0839 0.1030 0.1340 0.0996 0.1117 0.1464 0.0848 0.0493 
        H068  2 0.0702 0.0930 0.1107 0.0534 0.1085 0.0812 0.0865 0.1199 0.0949 0.1816 
        H069  2 0.0673 0.1198 0.1076 0.0660 0.1291 0.1356 0.1009 0.1178 0.0877 0.0683 
        H071  2 0.1438 0.0920 0.1100 0.0633 0.0979 0.0992 0.0953 0.1014 0.0968 0.1003 
        H072  2 0.0587 0.0662 0.0999 0.0595 0.0642 0.0597 0.0643 0.0683 0.0640 0.3953 
        H073  2 0.0904 0.0934 0.0898 0.0876 0.1070 0.0960 0.1386 0.1207 0.1140 0.0627 
        H081  2 0.1057 0.0768 0.0796 0.1209 0.1253 0.0685 0.0774 0.1324 0.0915 0.1220 
        H082  2 0.0842 0.1733 0.1005 0.1384 0.0761 0.1112 0.1059 0.0748 0.0874 0.0482 
        H083  2 0.0965 0.1693 0.1083 0.0729 0.0883 0.0936 0.1229 0.0976 0.0984 0.0521 
        H084  2 0.0744 0.0995 0.1260 0.1268 0.1094 0.1165 0.0930 0.0903 0.0855 0.0786 
        H085  2 0.1011 0.0776 0.0629 0.0739 0.1425 0.0936 0.0685 0.1250 0.1881 0.0668 
        H087  2 0.1105 0.0819 0.0717 0.1505 0.1380 0.0953 0.0775 0.1312 0.0733 0.0703 
        H088  2 0.1083 0.0882 0.0977 0.0706 0.1055 0.1047 0.0811 0.1015 0.0876 0.1547 
        H089  2 0.0665 0.0862 0.0772 0.0784 0.1816 0.0950 0.0903 0.1951 0.0813 0.0485 
        H090  2 0.0727 0.0744 0.0634 0.0781 0.0601 0.1191 0.0994 0.0935 0.2729 0.0663 
        H091  2 0.0804 0.0544 0.0521 0.1006 0.0835 0.1319 0.0781 0.1002 0.2829 0.0359 
        H098  2 0.0790 0.0843 0.0688 0.2815 0.0757 0.0802 0.0748 0.0896 0.0794 0.0866 
      H10001  2 0.0732 0.0375 0.1049 0.0381 0.0440 0.0424 0.0432 0.0429 0.0486 0.5252 
      H10002  2 0.1995 0.1030 0.1070 0.0967 0.0846 0.0834 0.0782 0.0791 0.0680 0.1005 
        H101  2 0.0601 0.0830 0.0684 0.0805 0.0557 0.1653 0.0874 0.0980 0.2535 0.0479 
        H108  2 0.0642 0.0785 0.0827 0.0814 0.1207 0.0541 0.0832 0.1189 0.0662 0.2500 
        H109  2 0.0758 0.0895 0.1099 0.1178 0.0716 0.1184 0.1008 0.0819 0.1065 0.1279 
        H110  2 0.1808 0.1043 0.0650 0.2066 0.0756 0.0885 0.0712 0.0868 0.0795 0.0417 
        H116  2 0.0952 0.1103 0.0917 0.1420 0.0847 0.0988 0.1206 0.0864 0.1140 0.0563 
        H117  2 0.0663 0.0711 0.0671 0.1904 0.0787 0.1101 0.0679 0.0853 0.2166 0.0465 
        H118  2 0.0741 0.0634 0.0592 0.1016 0.0916 0.1101 0.1151 0.1177 0.2279 0.0394 
        H119  2 0.1037 0.0867 0.1156 0.1458 0.1139 0.0809 0.0812 0.0778 0.0993 0.0950 
        H120  2 0.0736 0.0609 0.1018 0.0625 0.0983 0.0528 0.0569 0.0962 0.0553 0.3418 
        H121  2 0.0603 0.0561 0.0487 0.0819 0.1099 0.1220 0.0734 0.1166 0.2878 0.0434 
        H125  2 0.0561 0.0589 0.1519 0.0497 0.1052 0.0485 0.0485 0.0532 0.0466 0.3814 
        H126  2 0.0705 0.1107 0.0919 0.1002 0.0636 0.0989 0.1479 0.0732 0.1049 0.1382 
        H128  2 0.0653 0.0526 0.0411 0.1170 0.0518 0.1381 0.0817 0.0992 0.3298 0.0234 
        H129  2 0.0738 0.1460 0.1072 0.0780 0.0848 0.0926 0.1557 0.1137 0.1064 0.0418 
        H130  2 0.0999 0.0981 0.1091 0.0444 0.0791 0.1121 0.1039 0.0803 0.0727 0.2005 
        H133  2 0.0645 0.0633 0.0923 0.0440 0.0579 0.0667 0.0752 0.0552 0.0714 0.4094 
        H134  2 0.0597 0.0986 0.0749 0.1125 0.0802 0.0739 0.2484 0.0726 0.1312 0.0481 
        H135  2 0.0995 0.0992 0.0796 0.1039 0.1016 0.0980 0.0969 0.0985 0.0983 0.1245 
        H137  2 0.0680 0.0896 0.0948 0.1393 0.0743 0.0951 0.0914 0.0805 0.1864 0.0805 
        H138  2 0.1139 0.1172 0.0920 0.0743 0.0814 0.1255 0.1528 0.0946 0.1029 0.0454 
        H140  2 0.0816 0.0805 0.0761 0.0890 0.0707 0.1072 0.1035 0.0812 0.1918 0.1184 
        H146  2 0.0746 0.0571 0.0534 0.0841 0.0473 0.1396 0.0942 0.0930 0.2950 0.0616 
        H147  2 0.1165 0.0812 0.0746 0.1486 0.0794 0.1011 0.0972 0.1100 0.1300 0.0614 
        H148  2 0.1650 0.0785 0.0637 0.1391 0.0796 0.1053 0.0866 0.0916 0.1413 0.0491 
     H166022  2 0.0889 0.1134 0.0871 0.1750 0.0841 0.1323 0.1048 0.0904 0.0837 0.0403 
     H167359  2 0.0853 0.1177 0.0892 0.0802 0.0846 0.1351 0.1179 0.0984 0.0959 0.0957 
     H167397  2 0.0792 0.0776 0.0532 0.3733 0.0554 0.1129 0.0713 0.0665 0.0836 0.0269 
     H167428  2 0.0548 0.0648 0.0430 0.1011 0.2205 0.0670 0.0855 0.2238 0.1103 0.0291 
     H167496  2 0.0686 0.0712 0.0956 0.0791 0.1034 0.0737 0.0680 0.0851 0.0956 0.2597 
     H167513  2 0.1066 0.1625 0.1789 0.1600 0.0940 0.0691 0.0605 0.0519 0.0557 0.0609 
     H167545  2 0.1041 0.1232 0.1211 0.0753 0.0772 0.1533 0.1022 0.1111 0.0920 0.0405 
     H167547  2 0.0740 0.0553 0.0785 0.4410 0.0417 0.0904 0.0666 0.0402 0.0653 0.0469 
     H169621  2 0.0916 0.0951 0.0808 0.1370 0.0695 0.1121 0.1134 0.0890 0.1684 0.0431 
     H169622  2 0.1091 0.1051 0.0862 0.0831 0.1028 0.1611 0.1215 0.1057 0.0743 0.0510 
     H169750  2 0.0738 0.1230 0.1213 0.0856 0.0860 0.1009 0.1135 0.0771 0.0877 0.1312 
     H171806  2 0.1126 0.0669 0.0876 0.0858 0.0869 0.0868 0.0899 0.0953 0.1797 0.1085 
     H171808  2 0.0783 0.0886 0.0699 0.0637 0.1685 0.1147 0.0983 0.1536 0.0866 0.0779 
     H171809  2 0.1136 0.0860 0.0809 0.1088 0.1186 0.0971 0.0986 0.1145 0.0831 0.0989 
     H171813  2 0.1397 0.1095 0.1229 0.0994 0.0829 0.0741 0.1062 0.0812 0.1089 0.0752 
     H171815  2 0.0860 0.1057 0.1491 0.0562 0.0874 0.0603 0.0734 0.0766 0.0557 0.2495 
     H171824  2 0.1075 0.0874 0.1149 0.0936 0.1241 0.0942 0.0797 0.0981 0.0956 0.1049 
     H171825  2 0.1035 0.1099 0.0829 0.0708 0.1069 0.1500 0.1168 0.1206 0.0814 0.0573 
     H171826  2 0.0957 0.0806 0.1071 0.1090 0.1169 0.0966 0.0919 0.0967 0.0915 0.1140 
     H171827  2 0.1963 0.1186 0.1206 0.0768 0.0773 0.0943 0.0813 0.0983 0.0857 0.0507 
     H171828  2 0.0888 0.0550 0.1215 0.0613 0.1043 0.0609 0.0527 0.0678 0.0714 0.3160 
     H171829  2 0.0944 0.0980 0.1012 0.1078 0.0916 0.1039 0.1420 0.0794 0.0904 0.0913 
     H171830  2 0.0951 0.1078 0.0874 0.1822 0.0607 0.1013 0.0736 0.0900 0.0859 0.1162 
     H171831  2 0.0770 0.1197 0.0759 0.1440 0.1100 0.0839 0.1355 0.1045 0.1033 0.0460 
     H171832  2 0.0962 0.1276 0.1022 0.0870 0.0722 0.1255 0.1055 0.0972 0.0931 0.0934 
     H171863  2 0.0704 0.1516 0.0905 0.0897 0.1116 0.1122 0.1405 0.0994 0.1016 0.0324 
     H171864  2 0.0864 0.0928 0.0877 0.1159 0.0985 0.0933 0.0861 0.0969 0.1550 0.0873 
     H171865  2 0.0610 0.0791 0.1068 0.0886 0.0844 0.0717 0.0747 0.0789 0.0692 0.2856 
     H171879  2 0.0861 0.0988 0.0871 0.1248 0.0621 0.1106 0.1180 0.0749 0.1568 0.0810 
     H171880  2 0.0696 0.0866 0.0804 0.1788 0.0613 0.1447 0.0775 0.0848 0.1639 0.0524 
     H171881  2 0.0893 0.1402 0.0799 0.0981 0.1149 0.0966 0.1136 0.1211 0.1037 0.0425 
     H171882  2 0.0594 0.0545 0.1000 0.0465 0.0504 0.0403 0.0468 0.0429 0.0511 0.5082 
     H171929  2 0.0749 0.1165 0.0804 0.1181 0.1076 0.0923 0.1132 0.0984 0.1013 0.0971 
     H171930  2 0.0642 0.1135 0.0944 0.0943 0.0548 0.1998 0.1017 0.1144 0.1153 0.0475 
     H171933  2 0.0898 0.0947 0.0911 0.1125 0.0983 0.1193 0.1138 0.0937 0.1304 0.0564 
     H171934  2 0.1254 0.0921 0.0884 0.0943 0.1368 0.0862 0.0794 0.1410 0.0937 0.0629 
     H171937  2 0.0970 0.1179 0.0977 0.0681 0.0606 0.1106 0.1602 0.0891 0.1220 0.0768 
     H171962  2 0.0817 0.1113 0.0922 0.0668 0.1461 0.1129 0.1083 0.1447 0.0852 0.0508 
        H190  2 0.0758 0.1107 0.1085 0.0852 0.0783 0.1170 0.1296 0.1215 0.1127 0.0606 
        H191  2 0.0688 0.1085 0.1034 0.1207 0.1144 0.0849 0.1082 0.1109 0.0991 0.0811 
        H396  2 0.0827 0.0757 0.0757 0.0690 0.2071 0.0629 0.0869 0.1965 0.0789 0.0647 
        H397  2 0.0961 0.1097 0.0941 0.0885 0.0824 0.1191 0.1128 0.1194 0.1113 0.0666 
        H398  2 0.0836 0.0991 0.0892 0.0605 0.1436 0.0795 0.1316 0.1257 0.0959 0.0914 
        H400  2 0.1117 0.0742 0.0688 0.0694 0.1740 0.0906 0.0885 0.1565 0.0837 0.0825 
        H401  2 0.0691 0.0555 0.0695 0.4398 0.0418 0.0898 0.0611 0.0466 0.0909 0.0360 
        H402  2 0.0899 0.1437 0.1136 0.1431 0.0934 0.1108 0.0937 0.0751 0.0985 0.0381 
        H427  2 0.0877 0.0819 0.0780 0.1633 0.1474 0.0713 0.0876 0.1366 0.0809 0.0652 
        H428  2 0.0515 0.0697 0.0430 0.1024 0.2186 0.0784 0.0745 0.2296 0.1039 0.0285 
        H497  2 0.1118 0.1419 0.1560 0.0942 0.0946 0.0691 0.0642 0.0614 0.0641 0.1428 
        H512  2 0.1247 0.0904 0.0906 0.2121 0.0698 0.0996 0.0938 0.0686 0.0862 0.0643 
        H513  2 0.1029 0.1748 0.1645 0.1631 0.0886 0.0667 0.0658 0.0509 0.0575 0.0651 
        H514  2 0.1137 0.1143 0.1080 0.0700 0.0847 0.1218 0.1498 0.0895 0.0850 0.0631 
        H519  2 0.0949 0.1556 0.1560 0.1719 0.0858 0.0801 0.0675 0.0566 0.0640 0.0675 
        H532  2 0.0987 0.0773 0.0707 0.1011 0.1625 0.0894 0.0873 0.1827 0.0924 0.0380 
        H543  2 0.1101 0.1063 0.0908 0.1036 0.0746 0.1676 0.0869 0.1273 0.0974 0.0352 
        H544  2 0.0694 0.1275 0.1055 0.0524 0.1002 0.0942 0.1353 0.0853 0.1012 0.1288 
        H545  2 0.1067 0.1275 0.1184 0.0740 0.0647 0.1550 0.1019 0.1174 0.0968 0.0377 
        H546  2 0.0655 0.1085 0.1237 0.0578 0.1157 0.0785 0.1004 0.1013 0.0755 0.1730 
        H547  2 0.0768 0.0566 0.0742 0.4387 0.0415 0.0943 0.0647 0.0415 0.0653 0.0465 
        H548  2 0.0764 0.0962 0.0774 0.0934 0.1305 0.1286 0.0942 0.1401 0.0834 0.0798 
        H549  2 0.1288 0.2134 0.2092 0.0644 0.1195 0.0637 0.0559 0.0507 0.0523 0.0422 
        H620  2 0.0529 0.0529 0.0986 0.0504 0.0573 0.0445 0.0443 0.0513 0.0450 0.5028 
        H623  2 0.0735 0.1340 0.0985 0.0922 0.0643 0.1185 0.1369 0.0982 0.1029 0.0810 
        H624  2 0.1316 0.0991 0.1342 0.0405 0.0977 0.1165 0.0986 0.0733 0.0586 0.1499 
        H625  2 0.0808 0.0935 0.0883 0.0854 0.1717 0.0801 0.0884 0.1756 0.0825 0.0536 
        H626  2 0.0883 0.0942 0.1184 0.1220 0.0895 0.1300 0.0993 0.1062 0.0766 0.0755 
        H654  2 0.0754 0.0896 0.1828 0.0376 0.0861 0.0528 0.0526 0.0524 0.0418 0.3290 
        H655  2 0.1857 0.0836 0.0886 0.0539 0.0607 0.1433 0.0935 0.0832 0.0900 0.1175 
        H656  2 0.0451 0.0461 0.0880 0.0439 0.0848 0.0442 0.0505 0.0690 0.0435 0.4850 
        H666  2 0.0560 0.0530 0.1057 0.0444 0.0514 0.0650 0.0604 0.0514 0.1146 0.3982 
        H667  2 0.1583 0.1116 0.1126 0.1549 0.1033 0.0771 0.0816 0.0776 0.0777 0.0454 
        H677  2 0.1303 0.0981 0.0931 0.0864 0.0947 0.1193 0.1076 0.1138 0.0912 0.0656 
        H693  2 0.0847 0.0636 0.0830 0.0794 0.1704 0.0641 0.0661 0.1736 0.0602 0.1548 
        H694  2 0.0656 0.1067 0.0805 0.0706 0.0710 0.1578 0.1239 0.1029 0.1230 0.0979 
        H701  2 0.1047 0.1075 0.0866 0.0938 0.0758 0.1598 0.1064 0.0939 0.1209 0.0506 
        H702  2 0.1162 0.1224 0.1279 0.0982 0.0908 0.1163 0.0919 0.0862 0.0823 0.0678 
        H731  2 0.1136 0.0728 0.0913 0.0912 0.0930 0.0873 0.0928 0.0904 0.1104 0.1571 
       H7359  2 0.0888 0.1207 0.0812 0.0874 0.0737 0.1370 0.1230 0.0957 0.0899 0.1026 
       H7389  2 0.0888 0.0893 0.1052 0.0962 0.1213 0.0803 0.1051 0.1290 0.1232 0.0616 
       H7390  2 0.0991 0.1060 0.1806 0.0497 0.1164 0.1135 0.0835 0.0872 0.0646 0.0995 
       H7391  2 0.0754 0.0686 0.0634 0.1535 0.1604 0.0749 0.0834 0.1444 0.1132 0.0627 
       H7392  2 0.0858 0.1287 0.1183 0.0693 0.1193 0.0865 0.1124 0.1048 0.1046 0.0703 
       H7393  2 0.1021 0.1030 0.1144 0.1457 0.0800 0.0898 0.0869 0.0697 0.0856 0.1228 
       H7398  2 0.0864 0.0723 0.0741 0.1657 0.1058 0.0820 0.0770 0.1004 0.1532 0.0832 
       H7399  2 0.1268 0.1125 0.0872 0.1044 0.0999 0.1029 0.1107 0.0947 0.1239 0.0370 
       H7400  2 0.0517 0.0451 0.1005 0.0369 0.0587 0.0448 0.0537 0.0527 0.0410 0.5149 
        H745  2 0.0687 0.1031 0.1061 0.0877 0.0893 0.0772 0.2196 0.0773 0.1251 0.0460 
        H746  2 0.1778 0.1161 0.0963 0.1147 0.1052 0.0867 0.1069 0.0893 0.0711 0.0359 
        H747  2 0.0691 0.0940 0.1268 0.0613 0.0818 0.1038 0.0753 0.0860 0.1229 0.1790 
        H748  2 0.1308 0.0915 0.0956 0.1246 0.0823 0.1360 0.0935 0.0877 0.0810 0.0769 
       H7484  2 0.0541 0.0492 0.1016 0.0689 0.0696 0.0459 0.0591 0.0603 0.0735 0.4178 
       H7485  2 0.1019 0.1599 0.1530 0.0686 0.1096 0.0762 0.0958 0.0911 0.0768 0.0670 
        H749  2 0.1163 0.1280 0.0995 0.0876 0.1267 0.1100 0.0983 0.1184 0.0678 0.0476 
        H930  2 0.0700 0.1016 0.0838 0.0972 0.0632 0.1953 0.1024 0.1098 0.1280 0.0486 
        H931  2 0.0769 0.1025 0.0745 0.0873 0.1307 0.0811 0.1070 0.1298 0.1093 0.1009 
        H932  2 0.0966 0.0867 0.0993 0.1200 0.0894 0.1036 0.1161 0.0872 0.1301 0.0710 
        H111  3 0.0962 0.1348 0.0857 0.0868 0.0782 0.1280 0.1320 0.0976 0.1095 0.0511 
        H951  3 0.0894 0.0924 0.0781 0.2230 0.0909 0.0874 0.1005 0.1017 0.0858 0.0507 
        H952  3 0.0984 0.0944 0.0882 0.0630 0.0905 0.1017 0.1165 0.0981 0.1670 0.0824 
        H953  3 0.0698 0.0588 0.0577 0.1543 0.1873 0.0596 0.0696 0.1895 0.1064 0.0470 
        H954  3 0.0947 0.1051 0.1338 0.0735 0.0783 0.0959 0.0778 0.0661 0.0763 0.1985 
        H955  3 0.0816 0.1053 0.0849 0.0704 0.0678 0.2220 0.1183 0.1218 0.0916 0.0364 
        H956  3 0.0886 0.0767 0.0997 0.0630 0.0699 0.1342 0.0793 0.1008 0.2173 0.0707 
       H9563  3 0.0816 0.0852 0.0844 0.1890 0.1000 0.0783 0.0905 0.0964 0.0834 0.1111 
        H002  4 0.1671 0.0915 0.1175 0.0530 0.0594 0.0717 0.1119 0.0762 0.0660 0.1856 
        H003  4 0.1431 0.1156 0.0860 0.1105 0.1050 0.0861 0.1223 0.1006 0.0881 0.0427 
        H009  4 0.1022 0.1515 0.1259 0.0869 0.0988 0.0897 0.1009 0.0809 0.1023 0.0609 
        H010  4 0.1110 0.0932 0.0849 0.0914 0.1111 0.1121 0.1156 0.1039 0.1219 0.0549 
        H011  4 0.0793 0.1024 0.1084 0.0596 0.1235 0.0692 0.0773 0.1148 0.0660 0.1995 
        H012  4 0.1321 0.1073 0.0786 0.1358 0.0853 0.1167 0.1001 0.0922 0.0908 0.0610 
        H013  4 0.1040 0.0930 0.0977 0.0930 0.1064 0.0820 0.0900 0.1205 0.0797 0.1337 
        H014  4 0.0929 0.1280 0.1036 0.0943 0.1019 0.1231 0.1202 0.0729 0.0985 0.0646 
        H045  4 0.0652 0.0824 0.0798 0.1323 0.1528 0.0568 0.0702 0.1583 0.0853 0.1168 
        H046  4 0.0980 0.1043 0.0793 0.0794 0.1314 0.0920 0.1521 0.1151 0.1019 0.0466 
        H051  4 0.0952 0.0919 0.0900 0.0785 0.1061 0.0761 0.0849 0.1031 0.0761 0.1982 
        H052  4 0.0680 0.0810 0.0800 0.0705 0.0793 0.0642 0.1080 0.0768 0.0874 0.2849 
        H053  4 0.1112 0.0857 0.1149 0.0817 0.0937 0.1225 0.0912 0.1016 0.1090 0.0886 
        H056  4 0.0726 0.0815 0.1144 0.0906 0.0761 0.0631 0.0880 0.0717 0.0661 0.2761 
        H076  4 0.0808 0.1034 0.0872 0.1319 0.1038 0.0945 0.1624 0.0835 0.1093 0.0433 
        H151  4 0.1559 0.0897 0.1953 0.0461 0.1061 0.0781 0.0881 0.0599 0.0716 0.1091 
        H152  4 0.1523 0.0754 0.0860 0.0472 0.0755 0.0655 0.1202 0.0849 0.0876 0.2053 
     H171803  4 0.1317 0.1398 0.2219 0.0552 0.1142 0.0669 0.0655 0.0678 0.0642 0.0728 
     H171804  4 0.0945 0.1047 0.1344 0.1023 0.1054 0.0890 0.0826 0.0866 0.0771 0.1234 
     H171833  4 0.0737 0.1392 0.0922 0.0659 0.0867 0.1037 0.1875 0.0964 0.1060 0.0486 
     H171855  4 0.0727 0.0823 0.1756 0.0502 0.1018 0.0670 0.0901 0.0734 0.0701 0.2169 
     H171856  4 0.1129 0.1353 0.1700 0.0764 0.0887 0.0826 0.0720 0.0777 0.1217 0.0626 
     H171857  4 0.0793 0.0914 0.1155 0.0966 0.1128 0.0677 0.1048 0.0693 0.0824 0.1801 
     H171858  4 0.1488 0.0937 0.0776 0.0931 0.0715 0.0794 0.1199 0.0790 0.1279 0.1092 
     H171859  4 0.1058 0.1097 0.0975 0.1105 0.1075 0.0761 0.1143 0.0784 0.1027 0.0976 
     H171961  4 0.0848 0.1061 0.1169 0.0702 0.1155 0.0714 0.0838 0.1321 0.0770 0.1424 
        H198  4 0.0953 0.1135 0.0738 0.1017 0.1020 0.1321 0.1270 0.1100 0.1091 0.0356 
      H20001  4 0.1112 0.1475 0.1321 0.0721 0.0835 0.1208 0.1282 0.0866 0.0807 0.0373 
        H403  4 0.0961 0.1019 0.1474 0.1385 0.1032 0.0663 0.0937 0.0626 0.0963 0.0942 
        H404  4 0.1802 0.0886 0.0753 0.0956 0.1138 0.0861 0.1050 0.1138 0.0997 0.0420 
        H405  4 0.1236 0.0854 0.0799 0.1434 0.0797 0.0981 0.1456 0.0948 0.0988 0.0506 
        H406  4 0.0644 0.0934 0.0958 0.2744 0.0497 0.0885 0.0974 0.0539 0.0818 0.1007 
        H407  4 0.0964 0.0911 0.1146 0.1003 0.1098 0.0938 0.0903 0.1101 0.1309 0.0627 
        H410  4 0.0569 0.0623 0.0646 0.3268 0.0761 0.0762 0.0745 0.0671 0.1537 0.0420 
        H411  4 0.1307 0.0956 0.1041 0.1771 0.0702 0.1197 0.1026 0.0650 0.0787 0.0562 
        H468  4 0.0670 0.1280 0.1493 0.0633 0.0784 0.1600 0.1209 0.0773 0.0826 0.0731 
        H476  4 0.0757 0.1216 0.1011 0.0723 0.0660 0.1855 0.0957 0.0901 0.0865 0.1055 
        H477  4 0.1053 0.1229 0.1098 0.0582 0.0851 0.1596 0.1270 0.1092 0.0875 0.0356 
        H478  4 0.1633 0.1491 0.1043 0.1294 0.0996 0.0827 0.0846 0.0726 0.0637 0.0508 
        H479  4 0.0951 0.0764 0.0883 0.0628 0.1001 0.0831 0.1074 0.1220 0.0948 0.1699 
        H480  4 0.1404 0.1107 0.0983 0.1101 0.0620 0.1281 0.1017 0.1027 0.0995 0.0464 
        H498  4 0.1051 0.1154 0.0982 0.0846 0.0816 0.1106 0.1306 0.0952 0.1043 0.0744 
        H499  4 0.1467 0.1086 0.0955 0.0844 0.1087 0.0885 0.0994 0.1184 0.0842 0.0655 
        H500  4 0.1220 0.0987 0.1399 0.0701 0.0902 0.0900 0.0743 0.0855 0.0818 0.1476 
        H515  4 0.1441 0.0969 0.1037 0.1296 0.0837 0.0965 0.0879 0.0792 0.0765 0.1018 
        H516  4 0.0920 0.0963 0.0962 0.0675 0.0717 0.1203 0.1338 0.0805 0.1425 0.0993 
        H517  4 0.0898 0.0811 0.0913 0.1918 0.0772 0.0866 0.0884 0.0728 0.1311 0.0898 
        H518  4 0.0671 0.0811 0.0960 0.0562 0.0697 0.1059 0.1342 0.0798 0.0992 0.2108 
        H520  4 0.0859 0.1008 0.1621 0.0722 0.0990 0.0864 0.0962 0.0753 0.0928 0.1292 
        H521  4 0.0765 0.1123 0.1071 0.0818 0.1362 0.0882 0.0894 0.1350 0.1065 0.0670 
        H522  4 0.1015 0.1277 0.1369 0.0556 0.0838 0.1274 0.1012 0.1015 0.1036 0.0607 
        H523  4 0.1133 0.0933 0.0904 0.0727 0.0652 0.1262 0.0973 0.0900 0.1606 0.0912 
        H536  4 0.0874 0.0886 0.0756 0.0668 0.1254 0.0846 0.1743 0.1332 0.1015 0.0626 
        H645  4 0.0827 0.0697 0.0675 0.1001 0.2153 0.0536 0.0604 0.2114 0.0599 0.0795 
        H646  4 0.0730 0.0765 0.0706 0.0658 0.0715 0.1464 0.1211 0.0919 0.2427 0.0406 
        H647  4 0.0807 0.1083 0.0898 0.0777 0.1103 0.1464 0.1208 0.1057 0.0886 0.0717 
        H657  4 0.0884 0.1028 0.0965 0.1542 0.0820 0.1073 0.1304 0.0930 0.1031 0.0424 
        H658  4 0.0942 0.0855 0.0863 0.0572 0.0736 0.2056 0.0914 0.1083 0.1302 0.0677 
        H659  4 0.1274 0.1164 0.2341 0.0543 0.1105 0.0676 0.0590 0.0571 0.0479 0.1256 
        H660  4 0.1107 0.1380 0.1021 0.0785 0.1029 0.1030 0.0981 0.0923 0.0725 0.1018 
        H661  4 0.1024 0.1114 0.1989 0.0528 0.0904 0.0920 0.0968 0.0895 0.0692 0.0966 
        H668  4 0.1722 0.0940 0.0695 0.1593 0.1127 0.1008 0.0941 0.0886 0.0681 0.0406 
        H669  4 0.1068 0.0966 0.0858 0.1201 0.0913 0.0915 0.0964 0.0961 0.1205 0.0949 
        H670  4 0.2092 0.0717 0.0709 0.1375 0.1107 0.0841 0.0715 0.1041 0.0607 0.0795 
        H678  4 0.1089 0.0938 0.1385 0.1202 0.0743 0.1133 0.0856 0.1218 0.0854 0.0581 
        H679  4 0.0711 0.1089 0.0887 0.1023 0.0756 0.1633 0.1035 0.1006 0.1264 0.0595 
        H680  4 0.0885 0.1188 0.1553 0.0870 0.1158 0.0789 0.1154 0.0922 0.0856 0.0625 
        H681  4 0.1200 0.1059 0.0934 0.1061 0.1075 0.0811 0.0804 0.1032 0.0650 0.1374 
        H682  4 0.0889 0.1259 0.0985 0.1272 0.0708 0.1540 0.0886 0.1010 0.0996 0.0455 
        H683  4 0.0605 0.0835 0.0986 0.0889 0.0648 0.0850 0.1056 0.0648 0.1131 0.2353 
        H718  4 0.0512 0.0633 0.0935 0.0580 0.0741 0.0647 0.0630 0.0648 0.1036 0.3639 
        H719  4 0.0549 0.1209 0.0803 0.0810 0.1694 0.0911 0.0765 0.1553 0.0828 0.0879 
        H720  4 0.0994 0.1316 0.1328 0.0628 0.1116 0.0604 0.0984 0.1014 0.0702 0.1314 
        H721  4 0.1097 0.1035 0.1201 0.0719 0.0953 0.0769 0.1403 0.0823 0.0909 0.1091 
        H722  4 0.0795 0.0957 0.1154 0.0720 0.0753 0.0657 0.1420 0.0637 0.1054 0.1854 
        H723  4 0.0874 0.0771 0.1063 0.1548 0.0896 0.0793 0.0720 0.0724 0.0780 0.1830 
        H724  4 0.0544 0.0780 0.1237 0.0619 0.1484 0.0752 0.0676 0.0741 0.0753 0.2415 
        H725  4 0.0704 0.0820 0.1294 0.0627 0.1107 0.0668 0.0720 0.0631 0.0722 0.2705 
        H726  4 0.0984 0.0884 0.1128 0.0785 0.0758 0.0952 0.0887 0.0750 0.0772 0.2100 
        H727  4 0.1063 0.0749 0.1184 0.0795 0.1271 0.1034 0.0816 0.0957 0.1043 0.1088 
        H910  4 0.1380 0.0805 0.1043 0.1007 0.0865 0.0851 0.0742 0.0884 0.1094 0.1328 
        H911  4 0.0601 0.0987 0.0888 0.2278 0.0647 0.0846 0.1168 0.0732 0.1175 0.0678 
        H912  4 0.0819 0.1044 0.1075 0.1296 0.0833 0.0942 0.1061 0.0893 0.0913 0.1126 
        H913  4 0.1013 0.0839 0.1110 0.0559 0.0877 0.1578 0.0737 0.1166 0.1414 0.0706 
        H914  4 0.1822 0.0930 0.1091 0.0798 0.1029 0.0916 0.0701 0.1037 0.0838 0.0839 
        H915  4 0.0995 0.0979 0.1019 0.1453 0.0783 0.1384 0.0964 0.0907 0.0771 0.0745 
        H916  4 0.1371 0.1142 0.1039 0.1140 0.0620 0.1121 0.1006 0.0864 0.1058 0.0640 
       H9572  4 0.0721 0.1456 0.1721 0.1109 0.1186 0.0712 0.0906 0.0684 0.0789 0.0717 
        H015  5 0.0689 0.1595 0.1004 0.1180 0.0851 0.1391 0.1033 0.0938 0.0795 0.0523 
        H016  5 0.0741 0.1126 0.0873 0.0692 0.0797 0.1153 0.1758 0.1104 0.1217 0.0540 
        H017  5 0.1648 0.1435 0.1400 0.0620 0.0822 0.0919 0.1014 0.0709 0.0862 0.0571 
        H019  5 0.0810 0.1251 0.0961 0.0914 0.1061 0.0945 0.1229 0.0865 0.0938 0.1027 
        H020  5 0.1038 0.0649 0.0677 0.0496 0.1710 0.0700 0.0837 0.1754 0.1343 0.0794 
        H032  5 0.0855 0.0965 0.0988 0.1079 0.0721 0.1196 0.1090 0.0792 0.1067 0.1247 
        H033  5 0.0995 0.1284 0.0848 0.0837 0.0871 0.1420 0.0913 0.1114 0.1181 0.0537 
        H034  5 0.1500 0.0781 0.0894 0.1006 0.1029 0.0982 0.0839 0.0739 0.0880 0.1349 
        H035  5 0.0849 0.0881 0.1316 0.0730 0.1004 0.1217 0.0991 0.1131 0.1263 0.0620 
        H036  5 0.0687 0.0994 0.0845 0.1169 0.0929 0.1120 0.1018 0.1089 0.1488 0.0661 
        H037  5 0.1339 0.1047 0.1097 0.0528 0.1148 0.1388 0.0832 0.1113 0.0735 0.0773 
        H048  5 0.0497 0.0932 0.1297 0.0729 0.1708 0.0574 0.0810 0.1279 0.0694 0.1481 
        H049  5 0.0718 0.1235 0.1054 0.0577 0.0825 0.1513 0.1153 0.1158 0.0940 0.0828 
        H054  5 0.0806 0.0722 0.0898 0.1268 0.0944 0.0776 0.1604 0.0657 0.1356 0.0970 
        H055  5 0.1344 0.0981 0.1025 0.0956 0.1077 0.1051 0.1092 0.0802 0.0787 0.0886 
        H057  5 0.0868 0.1116 0.0947 0.0463 0.0799 0.0959 0.2136 0.0893 0.1070 0.0749 
        H060  5 0.3188 0.0663 0.0858 0.0833 0.0662 0.0602 0.0678 0.0737 0.0548 0.1230 
        H061  5 0.1183 0.1158 0.0990 0.1003 0.1199 0.1070 0.1153 0.0928 0.0820 0.0496 
        H064  5 0.0842 0.1072 0.1027 0.0706 0.1136 0.0638 0.1024 0.0930 0.0851 0.1774 
        H070  5 0.2542 0.0680 0.0891 0.1090 0.0650 0.0799 0.0706 0.0730 0.0773 0.1139 
        H077  5 0.0870 0.0716 0.1181 0.0843 0.0519 0.0666 0.0748 0.0564 0.0622 0.3270 
        H078  5 0.1021 0.1142 0.1498 0.0726 0.0925 0.0883 0.1077 0.0791 0.0943 0.0994 
        H079  5 0.0990 0.0791 0.0707 0.0653 0.1109 0.1184 0.0923 0.1356 0.1871 0.0416 
        H097  5 0.1202 0.1205 0.1087 0.0752 0.0676 0.0985 0.1103 0.0713 0.0727 0.1548 
        H107  5 0.0760 0.0877 0.1455 0.0547 0.1584 0.0728 0.0604 0.0917 0.0613 0.1915 
        H122  5 0.1088 0.1282 0.1197 0.0787 0.0895 0.1215 0.1256 0.0846 0.0804 0.0628 
        H123  5 0.0750 0.0934 0.0880 0.1531 0.0803 0.1302 0.1278 0.0863 0.1303 0.0358 
        H124  5 0.0711 0.1071 0.0691 0.1155 0.0939 0.1362 0.1123 0.1178 0.1311 0.0459 
        H131  5 0.0719 0.0932 0.0782 0.0892 0.0895 0.1279 0.0919 0.1150 0.1995 0.0436 
        H132  5 0.0977 0.1007 0.1002 0.1237 0.1071 0.0831 0.1010 0.1103 0.0929 0.0835 
        H141  5 0.1091 0.1275 0.1505 0.0790 0.1192 0.0787 0.0817 0.0873 0.0751 0.0919 
        H142  5 0.1228 0.1110 0.1009 0.0918 0.0858 0.1336 0.1140 0.1126 0.0832 0.0444 
        H157  5 0.0887 0.0954 0.1539 0.0655 0.1096 0.0812 0.1029 0.0946 0.0897 0.1185 
        H158  5 0.0836 0.0935 0.0896 0.0611 0.0600 0.1682 0.1347 0.1079 0.1544 0.0471 
        H159  5 0.0793 0.1209 0.1070 0.1936 0.0832 0.0932 0.1023 0.0780 0.0838 0.0586 
        H160  5 0.0696 0.1174 0.1479 0.0775 0.0908 0.1165 0.1039 0.1001 0.1063 0.0699 
        H163  5 0.0877 0.1126 0.0984 0.1173 0.0799 0.1294 0.1141 0.0811 0.1101 0.0693 
        H164  5 0.1086 0.1529 0.1048 0.1413 0.0847 0.0848 0.0875 0.0808 0.0732 0.0813 
        H165  5 0.0896 0.0982 0.0725 0.1497 0.1450 0.0787 0.0812 0.1250 0.1252 0.0348 
        H166  5 0.0677 0.1153 0.0865 0.0642 0.1429 0.1059 0.0964 0.1681 0.0966 0.0564 
        H169  5 0.1323 0.1103 0.0990 0.1053 0.0986 0.1395 0.0848 0.1091 0.0661 0.0550 
     H169613  5 0.1462 0.0938 0.0852 0.0672 0.0779 0.1323 0.1143 0.0856 0.0931 0.1043 
     H169653  5 0.0914 0.1301 0.0870 0.0822 0.0991 0.1317 0.1142 0.0981 0.1071 0.0592 
     H169728  5 0.0927 0.1004 0.1016 0.1004 0.0742 0.1236 0.1361 0.0961 0.0992 0.0755 
     H169742  5 0.0862 0.0581 0.0651 0.0685 0.2567 0.0555 0.0586 0.2471 0.0480 0.0562 
        H170  5 0.0903 0.1396 0.0944 0.0898 0.1001 0.0843 0.1453 0.0906 0.0859 0.0799 
        H171  5 0.0888 0.1251 0.0917 0.0805 0.0847 0.1044 0.1530 0.1016 0.1086 0.0615 
     H171851  5 0.0941 0.1342 0.0971 0.0694 0.0947 0.1054 0.1198 0.1026 0.1062 0.0765 
     H171852  5 0.0842 0.0831 0.0975 0.0565 0.0989 0.1130 0.1230 0.0863 0.0865 0.1710 
     H171853  5 0.0818 0.0984 0.1388 0.1167 0.1188 0.0886 0.0943 0.0840 0.0872 0.0914 
     H171854  5 0.0869 0.1036 0.0939 0.1317 0.1058 0.1002 0.0995 0.0860 0.0764 0.1161 
     H171938  5 0.1426 0.0968 0.0853 0.1026 0.1070 0.1256 0.0838 0.1011 0.0786 0.0767 
     H171939  5 0.0637 0.1078 0.0790 0.1093 0.1625 0.0897 0.1035 0.1424 0.0927 0.0493 
     H171941  5 0.1051 0.0873 0.1085 0.0557 0.1285 0.0879 0.0833 0.1035 0.0882 0.1520 
     H171965  5 0.1623 0.0910 0.0850 0.0958 0.0706 0.1392 0.1156 0.1011 0.0904 0.0492 
     H171970  5 0.0740 0.0854 0.1090 0.0616 0.1171 0.0822 0.0710 0.0708 0.0659 0.2630 
