        H102  1 0.1161 0.1449 0.1314 0.2459 0.2316 0.1300 
        H103  1 0.2018 0.0827 0.2125 0.2339 0.2087 0.0604 
        H104  1 0.1534 0.1966 0.1171 0.1172 0.1301 0.2857 
        H105  1 0.1426 0.1986 0.1541 0.2005 0.1875 0.1167 
        H106  1 0.1764 0.1441 0.1628 0.1641 0.2014 0.1512 
        H112  1 0.1543 0.1514 0.1405 0.1556 0.1665 0.2317 
        H113  1 0.1926 0.2235 0.1376 0.1632 0.1564 0.1267 
        H114  1 0.2026 0.2094 0.1433 0.1914 0.1733 0.0799 
        H115  1 0.1606 0.1918 0.1127 0.1891 0.1736 0.1721 
        H143  1 0.1234 0.1897 0.1694 0.2181 0.1860 0.1134 
        H144  1 0.1220 0.1993 0.2898 0.1882 0.1328 0.0678 
        H145  1 0.1323 0.1054 0.2199 0.2893 0.1798 0.0732 
        H149  1 0.1403 0.1438 0.1300 0.1501 0.1426 0.2932 
        H150  1 0.1522 0.1560 0.2414 0.1605 0.1336 0.1563 
     H167542  1 0.1192 0.3747 0.1195 0.1474 0.1511 0.0881 
     H169604  1 0.1637 0.2266 0.1504 0.1928 0.1583 0.1082 
     H169607  1 0.1511 0.1850 0.2006 0.1964 0.1695 0.0974 
     H169608  1 0.1493 0.1056 0.1303 0.1970 0.1460 0.2718 
     H169633  1 0.1936 0.2513 0.1467 0.1644 0.1672 0.0767 
     H169688  1 0.2096 0.0860 0.2415 0.1698 0.1896 0.1035 
     H169714  1 0.1979 0.1320 0.1514 0.1535 0.1630 0.2021 
     H171802  1 0.2020 0.1373 0.1372 0.1237 0.1231 0.2767 
     H171805  1 0.1743 0.1129 0.2061 0.2137 0.1963 0.0967 
     H171807  1 0.1555 0.1568 0.1506 0.1580 0.1545 0.2246 
     H171814  1 0.2273 0.1678 0.2415 0.1465 0.1376 0.0793 
     H171816  1 0.1760 0.1256 0.1598 0.1571 0.1819 0.1997 
     H171817  1 0.1474 0.1485 0.1492 0.1772 0.1831 0.1946 
     H171818  1 0.1631 0.2013 0.1556 0.1647 0.1925 0.1228 
     H171819  1 0.1608 0.1441 0.1623 0.1877 0.1748 0.1703 
     H171834  1 0.1684 0.1345 0.1498 0.2304 0.2013 0.1157 
     H171835  1 0.1739 0.1669 0.1090 0.1057 0.1283 0.3163 
     H171836  1 0.2009 0.1754 0.1763 0.1963 0.2015 0.0497 
     H171837  1 0.1694 0.2357 0.1301 0.1467 0.1562 0.1619 
     H171838  1 0.2059 0.0893 0.1624 0.2340 0.2202 0.0882 
     H171839  1 0.1982 0.2024 0.1307 0.1341 0.1346 0.2000 
     H171841  1 0.1218 0.0735 0.1215 0.1321 0.1402 0.4109 
     H171860  1 0.1689 0.2010 0.1512 0.1938 0.1467 0.1384 
     H171861  1 0.1453 0.1406 0.1656 0.2485 0.2437 0.0563 
     H171862  1 0.1554 0.1456 0.1935 0.2021 0.1832 0.1201 
     H171868  1 0.1218 0.2743 0.1192 0.1983 0.1890 0.0973 
     H171869  1 0.1846 0.1195 0.2706 0.1799 0.1532 0.0922 
     H171870  1 0.1790 0.1098 0.1941 0.1465 0.1828 0.1878 
     H171871  1 0.2437 0.0952 0.1923 0.1905 0.1967 0.0815 
     H171872  1 0.1524 0.1944 0.1318 0.1714 0.1566 0.1934 
     H171873  1 0.1764 0.1384 0.2019 0.1347 0.1742 0.1744 
     H171874  1 0.1479 0.1185 0.1842 0.2535 0.2039 0.0919 
     H171875  1 0.1485 0.1919 0.1930 0.2198 0.1793 0.0677 
     H171876  1 0.1547 0.1951 0.1700 0.2180 0.1729 0.0893 
     H171877  1 0.1174 0.4413 0.0973 0.1122 0.1425 0.0893 
     H171878  1 0.1954 0.1184 0.1945 0.1315 0.1858 0.1744 
     H171901  1 0.2258 0.1053 0.1281 0.1267 0.1760 0.2380 
     H171902  1 0.1034 0.1320 0.2142 0.2007 0.1527 0.1969 
     H171903  1 0.2227 0.1265 0.1661 0.1881 0.1631 0.1336 
     H171935  1 0.1761 0.0832 0.1692 0.1434 0.1843 0.2438 
     H171936  1 0.1953 0.2753 0.1396 0.1459 0.1512 0.0926 
     H171940  1 0.1126 0.2855 0.1512 0.1449 0.1343 0.1716 
     H171945  1 0.1392 0.1442 0.2511 0.1543 0.1446 0.1666 
     H171948  1 0.1620 0.1311 0.1329 0.1868 0.1771 0.2101 
     H171949  1 0.1219 0.2009 0.1177 0.1163 0.1232 0.3200 
     H171950  1 0.1596 0.1088 0.1111 0.1427 0.1564 0.3213 
     H171963  1 0.2220 0.1270 0.1831 0.1561 0.2400 0.0717 
     H171964  1 0.1135 0.1315 0.2966 0.2056 0.1428 0.1100 
     H171966  1 0.1806 0.1212 0.1725 0.1838 0.2042 0.1378 
     H171968  1 0.1090 0.1375 0.1892 0.2077 0.1624 0.1941 
     H171971  1 0.2182 0.1155 0.1559 0.1890 0.2050 0.1165 
     H171972  1 0.1875 0.1218 0.2015 0.2189 0.1944 0.0759 
     H171977  1 0.1585 0.2048 0.2398 0.1591 0.1489 0.0888 
     H171978  1 0.1471 0.0851 0.1903 0.1707 0.1650 0.2419 
     H171979  1 0.2173 0.1193 0.1738 0.2312 0.1872 0.0713 
        H176  1 0.1425 0.2058 0.1627 0.2032 0.1455 0.1403 
        H177  1 0.1496 0.1204 0.1203 0.1305 0.1617 0.3176 
        H179  1 0.1159 0.2875 0.1062 0.1130 0.1234 0.2540 
        H181  1 0.1923 0.1563 0.1795 0.1832 0.1965 0.0922 
        H182  1 0.1579 0.1108 0.1932 0.2711 0.2113 0.0556 
        H183  1 0.1892 0.1422 0.2172 0.1624 0.1933 0.0957 
        H184  1 0.1395 0.1464 0.1462 0.1775 0.1688 0.2215 
        H185  1 0.1568 0.1977 0.1952 0.1732 0.1855 0.0916 
        H186  1 0.1149 0.1148 0.2842 0.1791 0.1499 0.1571 
        H187  1 0.2308 0.1137 0.1446 0.1491 0.2247 0.1370 
        H188  1 0.1084 0.4095 0.0985 0.0938 0.1082 0.1815 
        H192  1 0.1449 0.1363 0.1392 0.1528 0.1583 0.2685 
        H193  1 0.1323 0.1243 0.2096 0.2484 0.2142 0.0712 
        H194  1 0.1678 0.1771 0.1424 0.1785 0.1499 0.1843 
        H195  1 0.1905 0.0945 0.2623 0.1737 0.1908 0.0882 
        H199  1 0.1492 0.1510 0.2570 0.1833 0.1530 0.1065 
        H200  1 0.1773 0.1809 0.1572 0.1373 0.1359 0.2115 
        H414  1 0.2306 0.1012 0.1920 0.1807 0.1794 0.1161 
        H415  1 0.2040 0.1676 0.1612 0.2129 0.1631 0.0911 
        H422  1 0.1139 0.1250 0.2229 0.2052 0.1494 0.1836 
        H423  1 0.0898 0.0867 0.0976 0.0910 0.0980 0.5370 
        H424  1 0.1613 0.1231 0.2717 0.1896 0.1619 0.0924 
        H425  1 0.1275 0.1420 0.3640 0.1428 0.1390 0.0846 
        H426  1 0.1246 0.0905 0.3056 0.2028 0.1667 0.1098 
        H443  1 0.0741 0.1915 0.3488 0.1680 0.1344 0.0833 
        H466  1 0.1864 0.1627 0.1607 0.1551 0.1636 0.1714 
        H467  1 0.1289 0.1373 0.1450 0.1091 0.1347 0.3450 
        H472  1 0.1493 0.2401 0.1550 0.1302 0.1376 0.1878 
        H483  1 0.1372 0.2714 0.1570 0.1721 0.1762 0.0861 
        H504  1 0.1448 0.1373 0.2780 0.1984 0.1558 0.0856 
        H505  1 0.1604 0.2346 0.1340 0.1162 0.1519 0.2029 
        H506  1 0.1219 0.1597 0.1993 0.2076 0.1759 0.1355 
        H507  1 0.2334 0.1667 0.1801 0.1751 0.1918 0.0528 
        H508  1 0.2055 0.1096 0.1644 0.1364 0.1888 0.1952 
        H524  1 0.2540 0.2064 0.1557 0.1399 0.1660 0.0781 
        H525  1 0.1407 0.1910 0.1914 0.2045 0.1810 0.0914 
        H526  1 0.1223 0.3633 0.1154 0.1400 0.1385 0.1205 
        H527  1 0.1671 0.1077 0.1463 0.1671 0.2032 0.2087 
        H528  1 0.1658 0.1601 0.2065 0.2158 0.1635 0.0884 
        H529  1 0.1646 0.1635 0.2595 0.1732 0.1734 0.0658 
        H533  1 0.2422 0.0963 0.1515 0.2217 0.2354 0.0529 
        H538  1 0.1669 0.2462 0.1414 0.1484 0.1312 0.1659 
        H539  1 0.2194 0.0877 0.1702 0.1562 0.2652 0.1015 
        H540  1 0.1810 0.1524 0.1815 0.1793 0.1753 0.1306 
        H541  1 0.1480 0.2783 0.1395 0.1662 0.1670 0.1010 
        H558  1 0.1758 0.0795 0.2060 0.2111 0.2244 0.1033 
        H559  1 0.0938 0.1987 0.1619 0.2212 0.1906 0.1339 
        H579  1 0.1249 0.1271 0.2078 0.2335 0.2206 0.0861 
        H584  1 0.1503 0.1482 0.2637 0.1880 0.1505 0.0993 
        H585  1 0.1742 0.1668 0.1954 0.1625 0.1846 0.1165 
        H605  1 0.1618 0.1257 0.1749 0.1642 0.1643 0.2091 
        H606  1 0.1033 0.1734 0.1192 0.1493 0.1424 0.3124 
        H632  1 0.1324 0.1655 0.2539 0.2034 0.1677 0.0771 
        H634  1 0.1815 0.1359 0.1894 0.2000 0.1762 0.1170 
        H671  1 0.1075 0.1282 0.1216 0.1118 0.1134 0.4175 
        H672  1 0.2815 0.1936 0.1311 0.1225 0.1343 0.1371 
        H673  1 0.1198 0.2159 0.2315 0.1703 0.1625 0.1000 
        H689  1 0.1459 0.2123 0.1984 0.1884 0.1651 0.0899 
        H690  1 0.1915 0.1665 0.1176 0.1690 0.1711 0.1843 
        H691  1 0.1506 0.2826 0.1260 0.1662 0.1735 0.1012 
        H692  1 0.1624 0.1339 0.3103 0.1798 0.1640 0.0496 
        H709  1 0.2515 0.1269 0.1606 0.1896 0.1653 0.1061 
        H710  1 0.1761 0.1142 0.2064 0.2373 0.2032 0.0628 
       H7355  1 0.1523 0.2501 0.1365 0.2081 0.1765 0.0765 
       H7356  1 0.1481 0.1417 0.2171 0.1839 0.1633 0.1459 
       H7357  1 0.1321 0.2175 0.1413 0.1686 0.1812 0.1593 
       H7358  1 0.1345 0.2982 0.1614 0.1500 0.1595 0.0964 
       H7380  1 0.1222 0.1528 0.1872 0.2373 0.2020 0.0985 
       H7381  1 0.1300 0.1298 0.2340 0.1444 0.1409 0.2210 
       H7382  1 0.1639 0.1456 0.1931 0.2117 0.1924 0.0932 
        H904  1 0.0928 0.1257 0.0882 0.1214 0.1262 0.4456 
        H923  1 0.1493 0.1859 0.1922 0.1261 0.1408 0.2057 
        H924  1 0.1259 0.2100 0.1638 0.1477 0.1442 0.2086 
        H925  1 0.1286 0.3836 0.1273 0.1144 0.1477 0.0986 
       H9558  1 0.1680 0.0778 0.2265 0.2243 0.2139 0.0895 
        H008  2 0.1853 0.2067 0.1663 0.1851 0.1870 0.0697 
        H021  2 0.1604 0.2152 0.1298 0.1393 0.1562 0.1992 
        H023  2 0.1216 0.2526 0.1269 0.1415 0.1752 0.1822 
        H024  2 0.2511 0.1746 0.1772 0.1619 0.1583 0.0768 
        H025  2 0.1119 0.1499 0.1751 0.1336 0.1377 0.2918 
        H026  2 0.1778 0.1681 0.3062 0.1417 0.1204 0.0858 
        H027  2 0.2312 0.2430 0.1395 0.1357 0.1528 0.0977 
        H028  2 0.1692 0.1548 0.2076 0.1774 0.1886 0.1024 
        H029  2 0.1790 0.2463 0.1740 0.1610 0.1482 0.0916 
        H030  2 0.2127 0.1421 0.2043 0.1694 0.1932 0.0783 
        H038  2 0.1681 0.1710 0.1321 0.1177 0.2066 0.2045 
        H039  2 0.0645 0.0705 0.0656 0.0678 0.0629 0.6687 
        H040  2 0.1779 0.1175 0.1409 0.1226 0.1827 0.2584 
        H041  2 0.1684 0.3078 0.1208 0.1333 0.1401 0.1296 
        H042  2 0.1276 0.2270 0.1510 0.1533 0.1643 0.1768 
        H043  2 0.1976 0.0654 0.1301 0.1149 0.2132 0.2787 
        H044  2 0.2120 0.0962 0.1694 0.2157 0.2257 0.0810 
        H047  2 0.1434 0.1284 0.1766 0.1744 0.1453 0.2320 
        H050  2 0.2899 0.1622 0.1595 0.1611 0.1340 0.0932 
        H058  2 0.2128 0.1076 0.1618 0.1323 0.2094 0.1762 
        H062  2 0.0947 0.3289 0.1098 0.1310 0.1445 0.1910 
        H063  2 0.1819 0.1530 0.1139 0.1280 0.1545 0.2688 
        H065  2 0.1001 0.1344 0.3382 0.1516 0.1199 0.1558 
        H066  2 0.2170 0.1166 0.1738 0.1834 0.1941 0.1152 
        H067  2 0.1197 0.2671 0.1564 0.1834 0.1779 0.0955 
        H068  2 0.1332 0.1554 0.1342 0.1239 0.1420 0.3113 
        H069  2 0.2105 0.1351 0.1917 0.1466 0.1759 0.1402 
        H071  2 0.1703 0.1577 0.1554 0.1531 0.1576 0.2058 
        H072  2 0.1135 0.1309 0.1066 0.1054 0.1303 0.4133 
        H073  2 0.1554 0.1673 0.2409 0.1710 0.1605 0.1049 
        H081  2 0.1298 0.3087 0.1048 0.1495 0.1392 0.1681 
        H082  2 0.2293 0.1181 0.1474 0.1921 0.2471 0.0660 
        H083  2 0.1884 0.1147 0.1967 0.1926 0.2254 0.0821 
        H084  2 0.1981 0.1464 0.1688 0.1499 0.1632 0.1736 
        H085  2 0.1737 0.3475 0.1072 0.1298 0.1290 0.1128 
        H087  2 0.1082 0.3337 0.1082 0.1782 0.1594 0.1122 
        H088  2 0.1576 0.1589 0.1283 0.1426 0.1524 0.2602 
        H089  2 0.1726 0.2588 0.1532 0.1396 0.1725 0.1033 
        H090  2 0.2733 0.2224 0.1444 0.1405 0.1202 0.0992 
        H091  2 0.2872 0.2820 0.1238 0.1135 0.1298 0.0638 
        H098  2 0.1758 0.2222 0.1517 0.1568 0.1777 0.1158 
      H10001  2 0.0725 0.0723 0.0675 0.0653 0.0705 0.6520 
      H10002  2 0.1500 0.1340 0.1172 0.1940 0.1999 0.2050 
        H101  2 0.3141 0.1759 0.1511 0.1345 0.1326 0.0918 
        H108  2 0.0766 0.2721 0.1132 0.1296 0.1182 0.2903 
        H109  2 0.2198 0.1230 0.1562 0.1611 0.1613 0.1785 
        H110  2 0.1436 0.1945 0.1214 0.2423 0.2220 0.0762 
        H116  2 0.1696 0.1329 0.2359 0.1842 0.1797 0.0978 
        H117  2 0.2454 0.2811 0.1126 0.1398 0.1401 0.0810 
        H118  2 0.2390 0.2602 0.1958 0.1180 0.1164 0.0705 
        H119  2 0.1340 0.1815 0.1505 0.1669 0.1569 0.2103 
        H120  2 0.0917 0.2081 0.0871 0.1041 0.1076 0.4013 
        H121  2 0.2591 0.3170 0.1278 0.1105 0.1094 0.0762 
        H125  2 0.0815 0.0801 0.0717 0.0680 0.0820 0.6168 
        H126  2 0.1147 0.1250 0.2834 0.1908 0.1566 0.1295 
        H128  2 0.3123 0.2131 0.1972 0.1126 0.1207 0.0441 
        H129  2 0.1325 0.1217 0.2903 0.1932 0.1834 0.0790 
        H130  2 0.1378 0.0664 0.1849 0.1708 0.1546 0.2856 
        H133  2 0.1150 0.0886 0.1215 0.0991 0.1061 0.4696 
        H134  2 0.0942 0.0842 0.4700 0.1617 0.1177 0.0722 
        H135  2 0.1577 0.1790 0.1456 0.1930 0.1704 0.1542 
        H137  2 0.2203 0.1895 0.1359 0.1542 0.1443 0.1558 
        H138  2 0.1516 0.0842 0.2672 0.2464 0.1683 0.0823 
        H140  2 0.2090 0.1780 0.1610 0.1558 0.1276 0.1686 
        H146  2 0.3084 0.2086 0.1703 0.1059 0.1139 0.0928 
        H147  2 0.1962 0.1996 0.1563 0.1751 0.1734 0.0994 
        H148  2 0.2337 0.2316 0.1095 0.1827 0.1569 0.0855 
     H166022  2 0.1938 0.1174 0.1648 0.2332 0.2150 0.0758 
     H167359  2 0.1792 0.1226 0.1936 0.1847 0.1840 0.1360 
     H167397  2 0.2133 0.1658 0.1873 0.1990 0.1905 0.0441 
     H167428  2 0.1581 0.3879 0.1393 0.1365 0.1264 0.0518 
     H167496  2 0.1199 0.1909 0.1010 0.1057 0.1061 0.3764 
     H167513  2 0.2302 0.0893 0.1277 0.1583 0.2826 0.1118 
     H167545  2 0.1660 0.1182 0.2028 0.2328 0.2117 0.0685 
     H167547  2 0.2005 0.1233 0.2063 0.2176 0.1713 0.0810 
     H169621  2 0.2361 0.1427 0.1779 0.1869 0.1719 0.0844 
     H169622  2 0.1831 0.1224 0.1967 0.2050 0.2153 0.0775 
     H169750  2 0.1754 0.0869 0.1677 0.1556 0.1755 0.2390 
     H171806  2 0.1760 0.1983 0.1724 0.1308 0.1286 0.1939 
     H171808  2 0.1355 0.2286 0.1844 0.1583 0.1603 0.1330 
     H171809  2 0.1193 0.2261 0.1476 0.1824 0.1636 0.1610 
     H171813  2 0.1713 0.1481 0.1825 0.1864 0.1620 0.1497 
     H171815  2 0.1267 0.0940 0.1282 0.1106 0.1514 0.3891 
     H171824  2 0.1330 0.2341 0.1109 0.1539 0.1491 0.2191 
     H171825  2 0.1519 0.1570 0.1846 0.2202 0.1927 0.0936 
     H171826  2 0.1468 0.1695 0.1481 0.1817 0.1641 0.1898 
     H171827  2 0.1961 0.0990 0.1694 0.1924 0.2176 0.1256 
     H171828  2 0.0802 0.2058 0.0719 0.0872 0.0847 0.4701 
     H171829  2 0.1600 0.1026 0.2292 0.1607 0.1613 0.1862 
     H171830  2 0.1997 0.1570 0.1387 0.1690 0.1960 0.1397 
     H171831  2 0.1562 0.1570 0.2512 0.1985 0.1669 0.0702 
     H171832  2 0.1440 0.1227 0.1965 0.2215 0.1962 0.1191 
     H171863  2 0.1692 0.1134 0.2787 0.1810 0.1998 0.0579 
     H171864  2 0.2017 0.2170 0.1550 0.1362 0.1483 0.1418 
     H171865  2 0.1209 0.1523 0.1354 0.1052 0.1474 0.3388 
     H171879  2 0.2101 0.1720 0.1640 0.1666 0.1445 0.1428 
     H171880  2 0.2775 0.1762 0.1391 0.1554 0.1576 0.0942 
     H171881  2 0.1483 0.2245 0.1731 0.1894 0.1752 0.0895 
     H171882  2 0.0863 0.0946 0.0806 0.0939 0.0957 0.5488 
     H171929  2 0.1622 0.2271 0.1491 0.1592 0.1851 0.1173 
     H171930  2 0.2322 0.1246 0.1798 0.2110 0.1824 0.0700 
     H171933  2 0.2128 0.1494 0.1764 0.1736 0.1486 0.1392 
     H171934  2 0.1550 0.2616 0.1367 0.1723 0.1617 0.1127 
     H171937  2 0.1402 0.1002 0.2897 0.1949 0.1776 0.0973 
     H171962  2 0.1477 0.2337 0.1577 0.1781 0.1932 0.0896 
        H190  2 0.1859 0.1431 0.1738 0.1963 0.1996 0.1013 
        H191  2 0.1758 0.2084 0.1635 0.1366 0.1753 0.1403 
        H396  2 0.0985 0.4297 0.1079 0.1010 0.1334 0.1295 
        H397  2 0.1954 0.1366 0.1892 0.1969 0.1658 0.1161 
        H398  2 0.1208 0.2163 0.2246 0.1354 0.1255 0.1773 
        H400  2 0.1507 0.2705 0.1439 0.1374 0.1715 0.1260 
        H401  2 0.2483 0.1949 0.1347 0.1836 0.1855 0.0530 
        H402  2 0.2123 0.1383 0.1507 0.1929 0.2291 0.0766 
        H427  2 0.1118 0.3282 0.1303 0.1507 0.1679 0.1110 
        H428  2 0.1513 0.3843 0.1470 0.1428 0.1242 0.0503 
        H497  2 0.2002 0.1077 0.1340 0.1344 0.2310 0.1926 
        H512  2 0.1975 0.1422 0.1558 0.1845 0.1984 0.1215 
        H513  2 0.2363 0.0989 0.1192 0.1616 0.2659 0.1182 
        H514  2 0.1918 0.0850 0.2134 0.2050 0.2027 0.1022 
        H519  2 0.2213 0.1043 0.1266 0.1747 0.2516 0.1215 
        H532  2 0.1325 0.3420 0.1314 0.1687 0.1559 0.0694 
        H543  2 0.2278 0.1182 0.1521 0.2031 0.2239 0.0748 
        H544  2 0.1537 0.0946 0.2632 0.1679 0.1832 0.1375 
        H545  2 0.1599 0.1023 0.2181 0.2435 0.2099 0.0663 
        H546  2 0.1276 0.1429 0.1423 0.1282 0.1488 0.3101 
        H547  2 0.2056 0.1224 0.2279 0.2007 0.1633 0.0802 
        H548  2 0.1885 0.1909 0.1511 0.1664 0.1898 0.1134 
        H549  2 0.2629 0.0985 0.1206 0.1192 0.2935 0.1053 
        H620  2 0.0842 0.1065 0.0867 0.0920 0.1064 0.5242 
        H623  2 0.1610 0.1098 0.2343 0.2009 0.1918 0.1023 
        H624  2 0.1927 0.0722 0.1815 0.1578 0.2016 0.1942 
        H625  2 0.1525 0.3023 0.1433 0.1344 0.1618 0.1056 
        H626  2 0.2098 0.1243 0.1860 0.1627 0.1827 0.1346 
        H654  2 0.1284 0.0792 0.0846 0.0861 0.1448 0.4770 
        H655  2 0.2160 0.0913 0.1466 0.1811 0.1780 0.1871 
        H656  2 0.0801 0.1565 0.0883 0.0870 0.0924 0.4956 
        H666  2 0.1273 0.0921 0.0996 0.0776 0.0787 0.5247 
        H667  2 0.1322 0.1689 0.1424 0.2300 0.2338 0.0928 
        H677  2 0.1641 0.1816 0.1692 0.1977 0.1820 0.1053 
        H693  2 0.0915 0.3220 0.0943 0.1166 0.1175 0.2582 
        H694  2 0.1702 0.1422 0.2067 0.1828 0.1623 0.1358 
        H701  2 0.2124 0.1424 0.1752 0.2060 0.1816 0.0823 
        H702  2 0.1850 0.1188 0.1429 0.1894 0.2223 0.1416 
        H731  2 0.1476 0.1489 0.1512 0.1615 0.1542 0.2365 
       H7359  2 0.1902 0.1271 0.1856 0.1825 0.1791 0.1354 
       H7389  2 0.1681 0.2688 0.1683 0.1234 0.1563 0.1150 
       H7390  2 0.1861 0.0866 0.1266 0.1225 0.1370 0.3411 
       H7391  2 0.1392 0.3765 0.0935 0.1487 0.1446 0.0974 
       H7392  2 0.1506 0.1740 0.2100 0.1504 0.1601 0.1549 
       H7393  2 0.1744 0.1285 0.1432 0.1661 0.1734 0.2144 
       H7398  2 0.1646 0.3050 0.1234 0.1384 0.1246 0.1440 
       H7399  2 0.1719 0.1730 0.1799 0.2251 0.1827 0.0675 
       H7400  2 0.0849 0.0902 0.0863 0.0842 0.1045 0.5500 
        H745  2 0.1414 0.1218 0.3464 0.1497 0.1626 0.0781 
        H746  2 0.1490 0.1270 0.1921 0.2291 0.2311 0.0717 
        H747  2 0.1912 0.1189 0.1211 0.1093 0.1344 0.3251 
        H748  2 0.1890 0.1035 0.1564 0.2143 0.2088 0.1280 
       H7484  2 0.0991 0.1208 0.1106 0.0901 0.0906 0.4887 
       H7485  2 0.2234 0.1224 0.1630 0.1340 0.2560 0.1012 
        H749  2 0.1669 0.1406 0.1867 0.1917 0.2377 0.0763 
        H930  2 0.2703 0.1356 0.1642 0.1878 0.1640 0.0781 
        H931  2 0.1599 0.2396 0.1698 0.1382 0.1579 0.1345 
        H932  2 0.1725 0.1839 0.1993 0.1484 0.1481 0.1479 
        H111  3 0.1703 0.0903 0.2560 0.2130 0.1894 0.0811 
        H951  3 0.1788 0.1791 0.1830 0.1960 0.1822 0.0808 
        H952  3 0.1955 0.1657 0.2078 0.1423 0.1436 0.1452 
        H953  3 0.1337 0.4441 0.1088 0.1163 0.1239 0.0732 
        H954  3 0.1531 0.1059 0.1163 0.1287 0.1615 0.3345 
        H955  3 0.2327 0.1058 0.2077 0.1960 0.1900 0.0679 
        H956  3 0.2900 0.1670 0.1209 0.1396 0.1334 0.1490 
       H9563  3 0.1490 0.2645 0.1362 0.1349 0.1418 0.1736 
        H002  4 0.1277 0.0940 0.1802 0.1712 0.1642 0.2627 
        H003  4 0.1166 0.1721 0.1871 0.2280 0.2217 0.0745 
        H009  4 0.1675 0.1221 0.2295 0.1617 0.2150 0.1042 
        H010  4 0.1777 0.1902 0.1753 0.1801 0.1659 0.1109 
        H011  4 0.1072 0.2302 0.0945 0.1056 0.1186 0.3439 
        H012  4 0.1871 0.1474 0.1541 0.2319 0.1995 0.0800 
        H013  4 0.1311 0.2065 0.1376 0.1694 0.1693 0.1861 
        H014  4 0.1616 0.1255 0.1770 0.1937 0.1977 0.1445 
        H045  4 0.1198 0.3858 0.1006 0.1031 0.1202 0.1705 
        H046  4 0.1224 0.1561 0.2419 0.2131 0.1738 0.0927 
        H051  4 0.1260 0.2368 0.1299 0.1311 0.1435 0.2328 
        H052  4 0.0981 0.1479 0.1950 0.1398 0.1194 0.2998 
        H053  4 0.1922 0.1299 0.1581 0.1698 0.1579 0.1921 
        H056  4 0.1383 0.1263 0.1331 0.1418 0.1697 0.2908 
        H076  4 0.1422 0.1858 0.2351 0.1885 0.1692 0.0792 
        H151  4 0.1423 0.1018 0.1343 0.1293 0.1413 0.3510 
        H152  4 0.1153 0.1112 0.2302 0.1453 0.1282 0.2698 
     H171803  4 0.1777 0.1225 0.1372 0.1498 0.1930 0.2197 
     H171804  4 0.1708 0.1563 0.1435 0.1384 0.1640 0.2271 
     H171833  4 0.1552 0.0859 0.2718 0.1866 0.2223 0.0781 
     H171855  4 0.1166 0.0831 0.1474 0.1184 0.1351 0.3994 
     H171856  4 0.2407 0.1519 0.1508 0.1357 0.1756 0.1453 
     H171857  4 0.1155 0.1248 0.1665 0.1376 0.1349 0.3207 
     H171858  4 0.1602 0.1477 0.2016 0.1800 0.1552 0.1554 
     H171859  4 0.1323 0.1724 0.1822 0.1724 0.1574 0.1832 
     H171961  4 0.1417 0.2080 0.1395 0.1393 0.1594 0.2120 
        H198  4 0.1369 0.1341 0.2201 0.2484 0.1978 0.0627 
      H20001  4 0.1911 0.0814 0.2299 0.1938 0.2205 0.0833 
        H403  4 0.1603 0.1347 0.1746 0.1487 0.1686 0.2130 
        H404  4 0.1532 0.1749 0.1868 0.2143 0.1925 0.0782 
        H405  4 0.1481 0.1634 0.2232 0.1981 0.1827 0.0844 
        H406  4 0.1717 0.1294 0.2111 0.1731 0.1785 0.1362 
        H407  4 0.2012 0.2198 0.1409 0.1295 0.1530 0.1555 
        H410  4 0.2182 0.2731 0.1507 0.1463 0.1344 0.0773 
        H411  4 0.1792 0.0750 0.1942 0.2429 0.2208 0.0879 
        H468  4 0.1938 0.0838 0.2346 0.1598 0.1819 0.1460 
        H476  4 0.2377 0.0779 0.1497 0.1683 0.2002 0.1663 
        H477  4 0.1653 0.0942 0.2621 0.2267 0.1795 0.0722 
        H478  4 0.1658 0.1216 0.1489 0.2102 0.2741 0.0795 
        H479  4 0.1256 0.2149 0.1528 0.1271 0.1441 0.2355 
        H480  4 0.2199 0.0833 0.2161 0.2104 0.1926 0.0777 
        H498  4 0.1552 0.1185 0.1838 0.2122 0.2008 0.1295 
        H499  4 0.1477 0.1685 0.1865 0.1828 0.1791 0.1354 
        H500  4 0.1844 0.1165 0.1106 0.1288 0.1670 0.2927 
        H515  4 0.1666 0.1235 0.1461 0.1935 0.1693 0.2010 
        H516  4 0.2032 0.1145 0.2048 0.1655 0.1532 0.1588 
        H517  4 0.1784 0.1709 0.1677 0.1698 0.1553 0.1579 
        H518  4 0.1401 0.1125 0.2006 0.1190 0.1322 0.2957 
        H520  4 0.1618 0.1189 0.1557 0.1373 0.1554 0.2709 
        H521  4 0.1556 0.2582 0.1615 0.1485 0.1598 0.1164 
        H522  4 0.2203 0.1222 0.1638 0.1616 0.1855 0.1466 
        H523  4 0.2373 0.1209 0.1499 0.1719 0.1601 0.1599 
        H536  4 0.1183 0.2141 0.2498 0.1499 0.1489 0.1191 
        H645  4 0.0831 0.3978 0.0897 0.1375 0.1434 0.1485 
        H646  4 0.2841 0.1910 0.1781 0.1474 0.1202 0.0792 
        H647  4 0.2107 0.1413 0.1864 0.1502 0.1826 0.1289 
        H657  4 0.1808 0.1419 0.2051 0.1959 0.1897 0.0866 
        H658  4 0.2522 0.1416 0.1458 0.1638 0.1529 0.1436 
        H659  4 0.1675 0.0718 0.0945 0.1080 0.1751 0.3831 
        H660  4 0.1874 0.1213 0.1586 0.1753 0.2106 0.1468 
        H661  4 0.1729 0.1036 0.1556 0.1433 0.1810 0.2437 
        H668  4 0.1291 0.1481 0.1516 0.2730 0.2226 0.0756 
        H669  4 0.1794 0.2034 0.1497 0.1511 0.1506 0.1658 
        H670  4 0.0982 0.2846 0.1070 0.2049 0.1764 0.1289 
        H678  4 0.2115 0.1278 0.1570 0.1805 0.2017 0.1214 
        H679  4 0.2542 0.1578 0.1542 0.1724 0.1796 0.0819 
        H680  4 0.1609 0.1376 0.2323 0.1596 0.1786 0.1310 
        H681  4 0.1267 0.1483 0.1423 0.1934 0.1916 0.1977 
        H682  4 0.2446 0.1382 0.1384 0.1872 0.2006 0.0911 
        H683  4 0.1559 0.1160 0.1708 0.1297 0.1268 0.3008 
        H718  4 0.1194 0.1510 0.1186 0.0885 0.0983 0.4242 
        H719  4 0.1416 0.3329 0.1173 0.1171 0.1399 0.1513 
        H720  4 0.1436 0.1528 0.1864 0.1311 0.1705 0.2156 
        H721  4 0.1252 0.1238 0.2409 0.1494 0.1491 0.2116 
        H722  4 0.1324 0.0972 0.2699 0.1170 0.1387 0.2448 
        H723  4 0.1508 0.1893 0.1099 0.1425 0.1375 0.2699 
        H724  4 0.1057 0.1397 0.0931 0.0817 0.0986 0.4811 
        H725  4 0.1047 0.1042 0.1232 0.0997 0.1168 0.4514 
        H726  4 0.1569 0.1046 0.1470 0.1593 0.1571 0.2751 
        H727  4 0.1299 0.2265 0.1391 0.1436 0.1259 0.2351 
        H910  4 0.1547 0.1824 0.1250 0.1593 0.1506 0.2280 
        H911  4 0.1823 0.1960 0.1876 0.1476 0.1712 0.1155 
        H912  4 0.1696 0.1136 0.1931 0.1676 0.1739 0.1823 
        H913  4 0.2590 0.1250 0.1305 0.1306 0.1479 0.2070 
        H914  4 0.1571 0.2029 0.1007 0.1489 0.1712 0.2192 
        H915  4 0.1968 0.1184 0.1604 0.1847 0.1983 0.1415 
        H916  4 0.1902 0.1140 0.2004 0.2010 0.1760 0.1184 
       H9572  4 0.1987 0.1413 0.1295 0.1539 0.1788 0.1978 
        H015  5 0.1860 0.1355 0.1659 0.2088 0.2209 0.0829 
        H016  5 0.1649 0.1173 0.3263 0.1517 0.1583 0.0816 
        H017  5 0.2170 0.0829 0.1838 0.1945 0.1996 0.1222 
        H019  5 0.1499 0.1459 0.1831 0.2005 0.1990 0.1217 
        H020  5 0.1702 0.2535 0.1604 0.1234 0.1342 0.1583 
        H032  5 0.1572 0.1124 0.1750 0.1912 0.1539 0.2103 
        H033  5 0.1833 0.1636 0.1492 0.2077 0.1984 0.0977 
        H034  5 0.1223 0.1519 0.1184 0.1960 0.1574 0.2541 
        H035  5 0.2190 0.1454 0.1575 0.1536 0.1752 0.1491 
        H036  5 0.1768 0.2064 0.1741 0.1594 0.1614 0.1219 
        H037  5 0.1782 0.1659 0.1263 0.1655 0.1681 0.1960 
        H048  5 0.1145 0.2543 0.0975 0.0962 0.1290 0.3085 
        H049  5 0.1408 0.1510 0.2186 0.1804 0.1824 0.1269 
        H054  5 0.1347 0.1723 0.2445 0.1464 0.1245 0.1776 
        H055  5 0.1190 0.1593 0.1732 0.1841 0.1596 0.2048 
        H057  5 0.1372 0.0855 0.3174 0.1617 0.1713 0.1268 
        H060  5 0.1219 0.1283 0.1658 0.2231 0.1722 0.1886 
        H061  5 0.1295 0.1949 0.1705 0.2160 0.1895 0.0997 
        H064  5 0.1293 0.1820 0.1631 0.1281 0.1508 0.2467 
        H070  5 0.1607 0.1745 0.1186 0.1963 0.1647 0.1852 
        H077  5 0.1326 0.0930 0.1296 0.1503 0.1376 0.3569 
        H078  5 0.1790 0.1011 0.1721 0.1390 0.1574 0.2514 
        H079  5 0.2587 0.2527 0.1297 0.1371 0.1498 0.0721 
        H097  5 0.1620 0.0655 0.2210 0.1819 0.1766 0.1930 
        H107  5 0.0956 0.1757 0.0851 0.1023 0.1261 0.4153 
        H122  5 0.2171 0.1101 0.1856 0.1885 0.1806 0.1181 
        H123  5 0.2086 0.1541 0.2236 0.1609 0.1760 0.0767 
        H124  5 0.2235 0.2013 0.1986 0.1389 0.1584 0.0794 
        H131  5 0.2359 0.1939 0.1572 0.1749 0.1452 0.0929 
        H132  5 0.1291 0.2614 0.1620 0.1459 0.1471 0.1546 
        H141  5 0.1626 0.1350 0.1367 0.1753 0.1971 0.1933 
        H142  5 0.1678 0.0980 0.1829 0.2760 0.2030 0.0721 
        H157  5 0.1421 0.1678 0.1319 0.1303 0.1361 0.2917 
        H158  5 0.2070 0.1181 0.2523 0.1876 0.1593 0.0758 
        H159  5 0.1750 0.1269 0.1924 0.2155 0.1889 0.1014 
        H160  5 0.2037 0.1110 0.1907 0.1606 0.1648 0.1693 
        H163  5 0.1852 0.1293 0.1840 0.2222 0.1735 0.1059 
        H164  5 0.1652 0.1212 0.1575 0.2048 0.2481 0.1032 
        H165  5 0.1750 0.2491 0.1375 0.1812 0.1877 0.0694 
        H166  5 0.1573 0.2357 0.1732 0.1722 0.1604 0.1012 
        H169  5 0.1288 0.1440 0.1600 0.2437 0.2116 0.1119 
     H169613  5 0.1684 0.1001 0.1555 0.2466 0.1669 0.1625 
     H169653  5 0.1507 0.1602 0.1810 0.2203 0.1843 0.1035 
     H169728  5 0.1779 0.1145 0.2060 0.2094 0.1634 0.1288 
     H169742  5 0.1130 0.3543 0.1119 0.1333 0.1633 0.1242 
        H170  5 0.1153 0.1277 0.2775 0.2080 0.1539 0.1175 
        H171  5 0.1673 0.1180 0.2707 0.1797 0.1694 0.0950 
     H171851  5 0.1529 0.1257 0.2158 0.2053 0.1703 0.1301 
     H171852  5 0.1620 0.1193 0.1821 0.1328 0.1332 0.2707 
     H171853  5 0.1609 0.1605 0.1261 0.1660 0.1665 0.2200 
     H171854  5 0.1612 0.0975 0.1625 0.2101 0.2122 0.1565 
     H171938  5 0.1377 0.1923 0.1382 0.2036 0.2014 0.1269 
     H171939  5 0.1522 0.2283 0.2214 0.1475 0.1584 0.0923 
     H171941  5 0.1031 0.2450 0.1110 0.1290 0.1122 0.2997 
     H171965  5 0.1293 0.0957 0.2044 0.2979 0.1903 0.0824 
     H171970  5 0.1011 0.1746 0.0891 0.1132 0.1035 0.4185 
     H171973  5 0.1544 0.2543 0.1618 0.1674 0.1680 0.0941 
     H171974  5 0.1508 0.2370 0.1317 0.1754 0.1780 0.1271 
     H171975  5 0.1173 0.2492 0.1331 0.1384 0.1354 0.2265 
     H171976  5 0.1324 0.0904 0.2436 0.2039 0.1802 0.1495 
        H175  5 0.1383 0.2087 0.1314 0.1196 0.1313 0.2706 
        H178  5 0.1392 0.2168 0.1598 0.1619 0.1566 0.1657 
        H189  5 0.2088 0.1278 0.1916 0.2122 0.1897 0.0699 
        H399  5 0.1262 0.0807 0.3927 0.1279 0.1168 0.1556 
        H416  5 0.1399 0.2193 0.1544 0.1652 0.1753 0.1460 
        H438  5 0.1858 0.2082 0.1307 0.1637 0.1623 0.1494 
        H450  5 0.1295 0.1177 0.1322 0.2077 0.1563 0.2568 
        H455  5 0.0953 0.2569 0.0868 0.0933 0.1017 0.3661 
        H456  5 0.1354 0.2572 0.1390 0.1629 0.1785 0.1270 
        H457  5 0.1207 0.0966 0.2044 0.1621 0.1382 0.2780 
        H458  5 0.1521 0.1747 0.1472 0.1713 0.1428 0.2118 
        H459  5 0.2626 0.1243 0.1795 0.1892 0.1730 0.0715 
        H460  5 0.2260 0.0974 0.1511 0.1755 0.2101 0.1399 
        H461  5 0.1538 0.0831 0.2245 0.2313 0.1698 0.1376 
        H462  5 0.2467 0.2207 0.1405 0.1545 0.1363 0.1013 
        H469  5 0.1940 0.1841 0.1729 0.1930 0.1695 0.0865 
        H470  5 0.1785 0.1296 0.1524 0.1695 0.2173 0.1527 
        H471  5 0.2878 0.0927 0.2144 0.1579 0.1602 0.0870 
        H481  5 0.1148 0.1321 0.1052 0.0956 0.1097 0.4425 
        H482  5 0.1328 0.1075 0.1677 0.1920 0.1698 0.2302 
        H501  5 0.1883 0.1616 0.1441 0.1559 0.2022 0.1478 
        H502  5 0.1883 0.1257 0.2120 0.2097 0.1861 0.0783 
        H503  5 0.1493 0.1496 0.2026 0.1952 0.2010 0.1023 
        H509  5 0.1404 0.1727 0.1144 0.1299 0.1265 0.3160 
        H510  5 0.1456 0.1693 0.1577 0.1971 0.2034 0.1269 
        H511  5 0.1523 0.1264 0.1902 0.2437 0.1922 0.0952 
        H530  5 0.1546 0.2402 0.1287 0.1344 0.1585 0.1836 
        H531  5 0.1895 0.0932 0.1451 0.1048 0.1507 0.3166 
        H564  5 0.1430 0.1609 0.1625 0.1359 0.1900 0.2077 
        H565  5 0.1196 0.1659 0.1195 0.1179 0.1353 0.3418 
        H567  5 0.2646 0.2370 0.1607 0.1421 0.1239 0.0716 
     H568???  5 0.1660 0.1092 0.2641 0.1966 0.1692 0.0950 
        H608  5 0.1372 0.1181 0.1273 0.1945 0.1602 0.2627 
        H609  5 0.1255 0.3406 0.1231 0.1507 0.1426 0.1175 
        H612  5 0.1163 0.2021 0.0861 0.1185 0.1609 0.3162 
        H614  5 0.1546 0.1097 0.1582 0.1046 0.1214 0.3515 
        H615  5 0.1896 0.0962 0.1550 0.1293 0.1718 0.2581 
        H616  5 0.0968 0.1537 0.0765 0.0954 0.0995 0.4782 
        H617  5 0.2159 0.1694 0.1635 0.1827 0.1904 0.0780 
        H618  5 0.1037 0.2083 0.1277 0.1094 0.1335 0.3173 
        H619  5 0.0981 0.3322 0.1339 0.1631 0.1773 0.0953 
        H635  5 0.1261 0.1394 0.1718 0.2365 0.1768 0.1493 
        H636  5 0.1393 0.1992 0.1278 0.2398 0.2057 0.0881 
        H637  5 0.1307 0.2275 0.1493 0.1284 0.1550 0.2090 
        H644  5 0.1886 0.1194 0.3199 0.1658 0.1462 0.0601 
        H711  5 0.1586 0.1011 0.2533 0.2003 0.1748 0.1118 
        H712  5 0.1158 0.3392 0.1116 0.1089 0.1145 0.2101 
       H7360  5 0.1570 0.1205 0.2017 0.1702 0.1764 0.1741 
       H7361  5 0.1187 0.1416 0.1411 0.1864 0.1444 0.2678 
       H7362  5 0.1607 0.1456 0.2984 0.1639 0.1660 0.0654 
       H7363  5 0.1539 0.1525 0.1640 0.1808 0.1418 0.2069 
       H7394  5 0.2008 0.1091 0.1537 0.2713 0.1841 0.0811 
       H7395  5 0.1412 0.1735 0.1666 0.2027 0.1839 0.1321 
       H7396  5 0.2244 0.1557 0.1453 0.1761 0.1804 0.1180 
        H742  5 0.1060 0.3643 0.1089 0.1333 0.1638 0.1238 
        H743  5 0.1352 0.2792 0.1507 0.1027 0.1302 0.2020 
        H744  5 0.1328 0.1805 0.0972 0.0956 0.1020 0.3919 
        H957  5 0.1449 0.0865 0.2048 0.2110 0.2155 0.1372 
        H958  5 0.2261 0.1358 0.1675 0.1800 0.1764 0.1142 
        H959  5 0.1226 0.1977 0.1096 0.1460 0.1706 0.2536 
        H960  5 0.1609 0.2407 0.1580 0.1501 0.1443 0.1461 
      H_PALI  6 0.1889 0.1083 0.1740 0.2179 0.1975 0.1135 
        H581  6 0.1482 0.1545 0.1495 0.1402 0.1901 0.2176 
        H582  6 0.1219 0.1149 0.1193 0.1134 0.1406 0.3899 
        H583  6 0.1519 0.1560 0.1710 0.1624 0.1745 0.1843 
        H595  6 0.2152 0.1295 0.1801 0.2023 0.1991 0.0738 
        H596  6 0.2192 0.1351 0.1821 0.2105 0.1838 0.0693 
        H597  6 0.1497 0.1518 0.2546 0.2010 0.1640 0.0790 
        H598  6 0.1808 0.1425 0.1405 0.1813 0.1673 0.1877 
        H599  6 0.1219 0.3018 0.1085 0.1136 0.1255 0.2287 
        H642  6 0.2240 0.0904 0.2051 0.1727 0.2021 0.1058 
        H643  6 0.1852 0.1885 0.1536 0.1661 0.1572 0.1495 
        H664  6 0.1787 0.0742 0.1645 0.1228 0.1816 0.2782 
        H665  6 0.1363 0.2226 0.1254 0.2006 0.1997 0.1153 
        H674  6 0.1699 0.1489 0.2511 0.1765 0.1816 0.0719 
        H675  6 0.1552 0.1618 0.1618 0.1423 0.1690 0.2098 
        H676  6 0.1866 0.0901 0.1711 0.2494 0.1996 0.1032 
        H686  6 0.1355 0.1329 0.1946 0.2378 0.1913 0.1079 
        H687  6 0.1988 0.1037 0.1987 0.1828 0.1746 0.1414 
        H917  6 0.2117 0.1850 0.1501 0.1996 0.1745 0.0790 
        H918  6 0.1328 0.3045 0.1437 0.1568 0.1722 0.0899 
        H919  6 0.1114 0.2213 0.0994 0.1102 0.1185 0.3391 
        H920  6 0.1579 0.1119 0.1465 0.1628 0.1970 0.2239 
        H631  7 0.1198 0.1998 0.1497 0.1796 0.1695 0.1815 
        H684  7 0.1435 0.0852 0.2230 0.2429 0.2237 0.0817 
        H685  7 0.2093 0.1255 0.1126 0.1019 0.1215 0.3292 
        H713  7 0.1558 0.0936 0.1007 0.1235 0.1869 0.3394 
        H715  7 0.1356 0.0972 0.2218 0.2513 0.1917 0.1024 
        H716  7 0.0899 0.2833 0.1518 0.1544 0.1324 0.1883 
        H717  7 0.1538 0.2202 0.1524 0.1327 0.1652 0.1757 
        H729  7 0.2652 0.2402 0.1198 0.1573 0.1531 0.0644 
        H730  7 0.1600 0.3839 0.1062 0.0988 0.1118 0.1393 
        H431  8 0.1573 0.1527 0.1356 0.1598 0.1362 0.2585 
        H432  8 0.1412 0.2203 0.2329 0.1707 0.1565 0.0785 
        H433  8 0.2072 0.1467 0.1499 0.1914 0.1969 0.1080 
        H434  8 0.2402 0.1808 0.1659 0.1626 0.1575 0.0930 
        H444  8 0.1409 0.2666 0.1303 0.1699 0.1708 0.1215 
        H454  8 0.1244 0.2182 0.0963 0.1154 0.1163 0.3295 
        H475  8 0.1409 0.0758 0.1054 0.1482 0.1505 0.3792 
        H491  8 0.1455 0.1866 0.1405 0.1732 0.1629 0.1912 
        H492  8 0.2080 0.1413 0.1290 0.1248 0.1742 0.2227 
        H493  8 0.1560 0.1209 0.2180 0.1984 0.1760 0.1308 
        H494  8 0.1430 0.2331 0.1534 0.1396 0.1470 0.1839 
        H495  8 0.1575 0.0841 0.1690 0.1420 0.1675 0.2799 
        H662  8 0.1894 0.1602 0.2114 0.1319 0.1864 0.1207 
        H663  8 0.1672 0.2112 0.1480 0.1519 0.1770 0.1447 
        H695  8 0.1887 0.1669 0.1525 0.1527 0.1574 0.1819 
       H7367  8 0.2908 0.2175 0.1402 0.1520 0.1262 0.0734 
       H7368  8 0.1399 0.1317 0.2339 0.2155 0.1749 0.1040 
       H7369  8 0.1191 0.2898 0.1312 0.1593 0.1636 0.1370 
       H7370  8 0.3313 0.1584 0.1318 0.1573 0.1621 0.0591 
       H7371  8 0.1877 0.1813 0.1554 0.1665 0.1883 0.1208 
        H600  9 0.1501 0.1187 0.1519 0.1669 0.1580 0.2545 
        H648  9 0.1639 0.1382 0.1835 0.1619 0.1983 0.1542 
        H696  9 0.2177 0.1266 0.2477 0.1605 0.1849 0.0625 
        H697  9 0.1695 0.2454 0.1488 0.1545 0.1435 0.1384 
        H698  9 0.1958 0.2094 0.1593 0.1664 0.1638 0.1053 
        H699  9 0.2092 0.1897 0.1642 0.1440 0.1474 0.1455 
        H700  9 0.1388 0.1482 0.1232 0.2134 0.2163 0.1601 
        H732  9 0.1346 0.1435 0.1312 0.1053 0.1400 0.3455 
        H733  9 0.2053 0.1759 0.1517 0.1874 0.1906 0.0892 
        H734  9 0.2250 0.0876 0.1822 0.2034 0.2311 0.0707 
        H735  9 0.2054 0.1799 0.1577 0.1755 0.1818 0.0997 
        H736  9 0.1943 0.1193 0.1648 0.1731 0.1977 0.1508 
        H737  9 0.1480 0.2590 0.1407 0.1393 0.1159 0.1970 
        H905  9 0.1288 0.1626 0.1328 0.1856 0.1609 0.2293 
        H921  9 0.1422 0.2132 0.1367 0.1528 0.1711 0.1840 
        H922  9 0.2082 0.2023 0.1355 0.1802 0.2018 0.0720 
     H169705 10 0.2879 0.1956 0.1424 0.1512 0.1241 0.0987 
     H171942 10 0.1398 0.2214 0.2182 0.1788 0.1656 0.0763 
     H171943 10 0.1884 0.1481 0.1871 0.1777 0.1930 0.1056 
     H171944 10 0.2286 0.1385 0.1475 0.1734 0.1993 0.1127 
     H171946 10 0.1618 0.1023 0.1710 0.1483 0.1978 0.2188 
     H171947 10 0.1850 0.1939 0.1641 0.1652 0.1736 0.1182 
     H229641 10 0.1819 0.1037 0.1667 0.1673 0.2144 0.1660 
      H30001 10 0.1669 0.1436 0.1480 0.1852 0.2006 0.1558 
      H30002 10 0.2267 0.1574 0.1495 0.1765 0.1622 0.1277 
      H30005 10 0.2100 0.1722 0.1670 0.1760 0.1661 0.1087 
      H30006 10 0.2987 0.2095 0.1577 0.1123 0.1038 0.1180 
      H30007 10 0.1267 0.1742 0.2817 0.1788 0.1763 0.0623 
        H451 10 0.1643 0.1622 0.1657 0.2086 0.2138 0.0854 
        H452 10 0.2014 0.2110 0.1564 0.1455 0.1446 0.1413 
        H453 10 0.1145 0.1281 0.1695 0.1325 0.1244 0.3310 
        H473 10 0.1059 0.2054 0.1603 0.1564 0.1443 0.2278 
        H474 10 0.1472 0.0722 0.1329 0.1172 0.1435 0.3870 
        H486 10 0.1529 0.1567 0.1370 0.1331 0.1792 0.2412 
        H487 10 0.1756 0.1553 0.1513 0.1370 0.1171 0.2636 
        H488 10 0.1360 0.2344 0.1272 0.1739 0.1573 0.1712 
        H489 10 0.1728 0.1317 0.1365 0.1148 0.1304 0.3138 
        H550 10 0.2367 0.0776 0.1854 0.2017 0.2082 0.0904 
        H551 10 0.1855 0.2636 0.1230 0.1038 0.1630 0.1611 
        H553 10 0.1930 0.1572 0.1206 0.0859 0.1030 0.3404 
        H554 10 0.1666 0.1136 0.1751 0.2063 0.2385 0.0998 
        H556 10 0.2594 0.1592 0.1544 0.1092 0.1323 0.1855 
        H580 10 0.2216 0.1981 0.1561 0.1664 0.1599 0.0979 
        H591 10 0.1234 0.1472 0.0932 0.0935 0.1309 0.4118 
        H592 10 0.2084 0.1204 0.1407 0.1530 0.1590 0.2184 
        H593 10 0.1575 0.1223 0.1718 0.2026 0.2274 0.1183 
        H594 10 0.1951 0.1705 0.2341 0.1648 0.1757 0.0599 
        H627 10 0.1887 0.0971 0.1879 0.1774 0.1776 0.1714 
        H628 10 0.1336 0.3229 0.1516 0.1760 0.1576 0.0584 
        H629 10 0.1559 0.1135 0.2132 0.1542 0.1719 0.1913 
        H630 10 0.2300 0.1189 0.1592 0.1584 0.1886 0.1449 
        H638 10 0.2043 0.1261 0.1646 0.1917 0.2032 0.1101 
        H639 10 0.1087 0.1255 0.1660 0.1076 0.1077 0.3846 
        H640 10 0.1899 0.1353 0.1965 0.1670 0.2205 0.0908 
        H704 10 0.1546 0.1936 0.2541 0.1707 0.1425 0.0845 
        H705 10 0.2941 0.2012 0.1279 0.1509 0.1273 0.0986 
        H706 10 0.1335 0.2519 0.1035 0.1346 0.1355 0.2411 
        H708 10 0.1963 0.1124 0.1196 0.1105 0.1809 0.2803 
       H7351 10 0.1615 0.1522 0.2113 0.1779 0.1810 0.1161 
       H7352 10 0.1521 0.1534 0.1692 0.1872 0.1432 0.1949 
       H7353 10 0.1296 0.1070 0.3831 0.1478 0.1314 0.1011 
       H7354 10 0.1190 0.1809 0.1363 0.2075 0.1674 0.1889 
       H7365 10 0.1301 0.1204 0.1112 0.1163 0.1407 0.3813 
       H7383 10 0.1311 0.2055 0.1349 0.1806 0.1807 0.1672 
       H7384 10 0.2143 0.1781 0.1361 0.1609 0.1446 0.1660 
       H7385 10 0.1473 0.1473 0.1408 0.1753 0.1551 0.2341 
       H7386 10 0.1561 0.2391 0.1499 0.1612 0.1888 0.1050 
       H7387 10 0.1583 0.1339 0.1972 0.2395 0.1678 0.1032 
       H7388 10 0.1938 0.2291 0.1469 0.1501 0.1422 0.1378 
        H906 10 0.1113 0.1939 0.1912 0.1283 0.1415 0.2338 
        H907 10 0.2105 0.1029 0.1924 0.2118 0.1983 0.0841 
        H908 10 0.1800 0.1252 0.1563 0.1931 0.2074 0.1379 
        H909 10 0.1093 0.2352 0.1445 0.1943 0.1726 0.1441 
       H9552 10 0.1707 0.1880 0.2006 0.1513 0.1542 0.1352 
       H9553 10 0.2316 0.1930 0.1332 0.1003 0.1076 0.2343 
       H9555 10 0.2191 0.1615 0.1510 0.1816 0.1925 0.0942 
       H9575 10 0.1630 0.0963 0.1621 0.1428 0.1721 0.2636 
       H9703 10 0.1602 0.1388 0.1031 0.0862 0.0930 0.4187 
       H9707 10 0.1586 0.1175 0.1283 0.1349 0.1507 0.3101 
       HSAA4 10 0.2115 0.1856 0.1758 0.1640 0.1602 0.1029 
        H001 11 0.1045 0.2643 0.1374 0.1801 0.1473 0.1664 
        H004 11 0.1799 0.1325 0.1757 0.1991 0.1910 0.1217 
        H005 11 0.0909 0.1531 0.0957 0.1548 0.1423 0.3632 
        H006 11 0.1747 0.1268 0.1488 0.2219 0.1979 0.1299 
        H007 11 0.1049 0.3336 0.0987 0.1106 0.1077 0.2446 
        H031 11 0.1521 0.1250 0.0942 0.1068 0.1367 0.3852 
        H074 11 0.1501 0.1112 0.1383 0.1194 0.1576 0.3234 
        H075 11 0.1292 0.2505 0.1005 0.1196 0.1695 0.2307 
        H080 11 0.1321 0.1672 0.1332 0.1387 0.1269 0.3019 
        H086 11 0.2262 0.1925 0.1561 0.1325 0.1405 0.1522 
        H092 11 0.1946 0.1329 0.1324 0.1737 0.1452 0.2211 
        H093 11 0.1524 0.1545 0.2918 0.1645 0.1587 0.0782 
        H094 11 0.2433 0.0879 0.1730 0.1845 0.2132 0.0981 
        H095 11 0.1140 0.1824 0.1478 0.1515 0.1464 0.2579 
        H096 11 0.1085 0.2298 0.1254 0.1803 0.1710 0.1850 
        H099 11 0.1524 0.1453 0.1616 0.1739 0.1635 0.2034 
        H100 11 0.1327 0.3093 0.1736 0.1499 0.1693 0.0651 
        H127 11 0.1688 0.2194 0.1359 0.1264 0.1325 0.2169 
        H136 11 0.1523 0.1107 0.1323 0.1280 0.1423 0.3344 
        H153 11 0.1818 0.0979 0.1751 0.2182 0.1986 0.1284 
        H154 11 0.1549 0.0931 0.1316 0.1297 0.1464 0.3443 
        H155 11 0.1481 0.3670 0.1328 0.1425 0.1355 0.0741 
