        H102  1 0.3768 0.3574 0.2658 
        H103  1 0.2068 0.2795 0.5136 
        H104  1 0.4266 0.3607 0.2127 
        H105  1 0.2753 0.4482 0.2765 
        H106  1 0.3755 0.2994 0.3251 
        H112  1 0.4145 0.3523 0.2331 
        H113  1 0.2711 0.4686 0.2604 
        H114  1 0.2187 0.5091 0.2721 
        H115  1 0.3655 0.4314 0.2032 
        H143  1 0.2682 0.4451 0.2867 
        H144  1 0.1838 0.3561 0.4601 
        H145  1 0.1967 0.3134 0.4899 
        H149  1 0.4708 0.2878 0.2414 
        H150  1 0.3090 0.3207 0.3703 
     H167542  1 0.2610 0.4951 0.2439 
     H169604  1 0.2662 0.4346 0.2992 
     H169607  1 0.2196 0.3824 0.3980 
     H169608  1 0.4833 0.2526 0.2640 
     H169633  1 0.2038 0.5002 0.2960 
     H169688  1 0.2806 0.2404 0.4789 
     H169714  1 0.4098 0.3075 0.2827 
     H171802  1 0.4425 0.2593 0.2981 
     H171805  1 0.2644 0.3491 0.3865 
     H171807  1 0.3851 0.2768 0.3381 
     H171814  1 0.2094 0.3442 0.4464 
     H171816  1 0.4127 0.2959 0.2914 
     H171817  1 0.3979 0.3312 0.2708 
     H171818  1 0.3071 0.3737 0.3192 
     H171819  1 0.3458 0.3507 0.3035 
     H171834  1 0.3123 0.3694 0.3183 
     H171835  1 0.5207 0.2499 0.2294 
     H171836  1 0.1667 0.4372 0.3961 
     H171837  1 0.3764 0.3827 0.2409 
     H171838  1 0.2515 0.3251 0.4234 
     H171839  1 0.3811 0.3826 0.2363 
     H171841  1 0.5389 0.1933 0.2678 
     H171860  1 0.2959 0.4199 0.2842 
     H171861  1 0.1653 0.4955 0.3392 
     H171862  1 0.3027 0.3815 0.3158 
     H171868  1 0.2658 0.5088 0.2254 
     H171869  1 0.2773 0.2727 0.4500 
     H171870  1 0.3669 0.2541 0.3790 
     H171871  1 0.2547 0.3115 0.4337 
     H171872  1 0.3560 0.3929 0.2511 
     H171873  1 0.3629 0.2567 0.3804 
     H171874  1 0.2490 0.3809 0.3701 
     H171875  1 0.1671 0.4898 0.3431 
     H171876  1 0.2472 0.4158 0.3369 
     H171877  1 0.2778 0.4977 0.2245 
     H171878  1 0.4039 0.2259 0.3703 
     H171901  1 0.4414 0.2596 0.2990 
     H171902  1 0.3095 0.2700 0.4205 
     H171903  1 0.3174 0.3738 0.3088 
     H171935  1 0.4185 0.2230 0.3586 
     H171936  1 0.2346 0.4800 0.2854 
     H171940  1 0.3780 0.3303 0.2917 
     H171945  1 0.3121 0.2968 0.3911 
     H171948  1 0.3695 0.3551 0.2754 
     H171949  1 0.4900 0.2541 0.2558 
     H171950  1 0.5441 0.2227 0.2332 
     H171963  1 0.2602 0.2973 0.4425 
     H171964  1 0.2248 0.2549 0.5203 
     H171966  1 0.3494 0.2983 0.3523 
     H171968  1 0.3648 0.2920 0.3432 
     H171971  1 0.3397 0.2561 0.4042 
     H171972  1 0.2125 0.3108 0.4767 
     H171977  1 0.2367 0.3038 0.4595 
     H171978  1 0.4158 0.2530 0.3312 
     H171979  1 0.2045 0.3555 0.4400 
        H176  1 0.2735 0.4247 0.3018 
        H177  1 0.5273 0.2640 0.2088 
        H179  1 0.4109 0.3882 0.2009 
        H181  1 0.2295 0.3603 0.4103 
        H182  1 0.1979 0.3914 0.4107 
        H183  1 0.2590 0.2629 0.4782 
        H184  1 0.3747 0.3514 0.2739 
        H185  1 0.2198 0.3990 0.3812 
        H186  1 0.3524 0.2832 0.3644 
        H187  1 0.3482 0.3087 0.3432 
        H188  1 0.3601 0.4131 0.2268 
        H192  1 0.4625 0.2813 0.2562 
        H193  1 0.2287 0.3339 0.4374 
        H194  1 0.3447 0.3848 0.2705 
        H195  1 0.2433 0.2451 0.5116 
        H199  1 0.2462 0.2701 0.4837 
        H200  1 0.3743 0.3398 0.2859 
        H414  1 0.3020 0.3157 0.3824 
        H415  1 0.2476 0.4362 0.3162 
        H422  1 0.3429 0.2956 0.3615 
        H423  1 0.5708 0.2169 0.2123 
        H424  1 0.2192 0.3420 0.4388 
        H425  1 0.2384 0.2804 0.4812 
        H426  1 0.2572 0.2004 0.5425 
        H443  1 0.2301 0.3294 0.4405 
        H466  1 0.3702 0.3324 0.2974 
        H467  1 0.4967 0.2392 0.2641 
        H472  1 0.3129 0.3456 0.3416 
        H483  1 0.2319 0.4441 0.3239 
        H504  1 0.2165 0.2699 0.5136 
        H505  1 0.4063 0.3253 0.2684 
        H506  1 0.3120 0.3266 0.3614 
        H507  1 0.1835 0.4271 0.3894 
        H508  1 0.4086 0.2509 0.3405 
        H524  1 0.2180 0.4379 0.3441 
        H525  1 0.2722 0.3459 0.3819 
        H526  1 0.2147 0.5283 0.2571 
        H527  1 0.4338 0.2892 0.2770 
        H528  1 0.2033 0.4084 0.3884 
        H529  1 0.2034 0.3981 0.3984 
        H533  1 0.2084 0.3802 0.4114 
        H538  1 0.3314 0.3821 0.2864 
        H539  1 0.3196 0.2558 0.4246 
        H540  1 0.3245 0.3642 0.3113 
        H541  1 0.2811 0.4328 0.2861 
        H558  1 0.2596 0.2400 0.5005 
        H559  1 0.2938 0.3977 0.3085 
        H579  1 0.2343 0.3496 0.4162 
        H584  1 0.2468 0.2804 0.4728 
        H585  1 0.2901 0.3420 0.3679 
        H605  1 0.3872 0.3172 0.2956 
        H606  1 0.4787 0.2967 0.2246 
        H632  1 0.2350 0.3111 0.4539 
        H634  1 0.3002 0.3226 0.3772 
        H671  1 0.4939 0.2572 0.2489 
        H672  1 0.3146 0.3388 0.3466 
        H673  1 0.2446 0.3586 0.3969 
        H689  1 0.2486 0.4054 0.3460 
        H690  1 0.3943 0.3765 0.2292 
        H691  1 0.2924 0.4586 0.2490 
        H692  1 0.1422 0.3991 0.4586 
        H709  1 0.3090 0.3566 0.3344 
        H710  1 0.1777 0.3794 0.4429 
       H7355  1 0.2071 0.5293 0.2636 
       H7356  1 0.2996 0.2941 0.4063 
       H7357  1 0.3535 0.3957 0.2507 
       H7358  1 0.2256 0.4106 0.3638 
       H7380  1 0.2499 0.4169 0.3332 
       H7381  1 0.4139 0.2400 0.3461 
       H7382  1 0.2681 0.3867 0.3451 
        H904  1 0.5802 0.2482 0.1716 
        H923  1 0.3481 0.3191 0.3328 
        H924  1 0.3741 0.3234 0.3025 
        H925  1 0.2405 0.4758 0.2837 
       H9558  1 0.2393 0.2215 0.5391 
        H008  2 0.1893 0.4969 0.3138 
        H021  2 0.4132 0.3278 0.2590 
        H023  2 0.4507 0.3116 0.2377 
        H024  2 0.1880 0.3511 0.4609 
        H025  2 0.4167 0.2450 0.3383 
        H026  2 0.2090 0.2883 0.5027 
        H027  2 0.2759 0.4390 0.2852 
        H028  2 0.2597 0.3542 0.3861 
        H029  2 0.2272 0.4100 0.3628 
        H030  2 0.2010 0.2972 0.5018 
        H038  2 0.4358 0.2629 0.3013 
        H039  2 0.6643 0.1654 0.1703 
        H040  2 0.4584 0.2427 0.2989 
        H041  2 0.2603 0.4956 0.2440 
        H042  2 0.3474 0.3453 0.3073 
        H043  2 0.5394 0.1796 0.2810 
        H044  2 0.2362 0.3088 0.4550 
        H047  2 0.3890 0.2369 0.3741 
        H050  2 0.2422 0.3226 0.4352 
        H058  2 0.4308 0.2390 0.3303 
        H062  2 0.4014 0.3264 0.2721 
        H063  2 0.4832 0.2874 0.2294 
        H065  2 0.3305 0.2611 0.4084 
        H066  2 0.2918 0.2765 0.4317 
        H067  2 0.2523 0.4474 0.3003 
        H068  2 0.4947 0.2227 0.2826 
        H069  2 0.3179 0.2524 0.4297 
        H071  2 0.4261 0.2942 0.2797 
        H072  2 0.5122 0.2649 0.2230 
        H073  2 0.2566 0.3693 0.3741 
        H081  2 0.2915 0.4874 0.2211 
        H082  2 0.1990 0.3380 0.4630 
        H083  2 0.2213 0.2909 0.4878 
        H084  2 0.3751 0.3045 0.3204 
        H085  2 0.2532 0.5147 0.2321 
        H087  2 0.2591 0.5141 0.2269 
        H088  2 0.4277 0.3421 0.2302 
        H089  2 0.2613 0.4474 0.2913 
        H090  2 0.2145 0.3772 0.4084 
        H091  2 0.1999 0.4459 0.3541 
        H098  2 0.2542 0.4211 0.3247 
      H10001  2 0.6664 0.1626 0.1709 
      H10002  2 0.4330 0.3486 0.2184 
        H101  2 0.2513 0.2943 0.4545 
        H108  2 0.4022 0.3735 0.2243 
        H109  2 0.3843 0.2771 0.3386 
        H110  2 0.2149 0.5472 0.2379 
        H116  2 0.2533 0.3321 0.4146 
        H117  2 0.2186 0.5318 0.2496 
        H118  2 0.1712 0.4044 0.4244 
        H119  2 0.3719 0.3684 0.2597 
        H120  2 0.5256 0.2874 0.1870 
        H121  2 0.2114 0.4173 0.3714 
        H125  2 0.6642 0.1727 0.1631 
        H126  2 0.2632 0.2839 0.4528 
        H128  2 0.1272 0.3086 0.5642 
        H129  2 0.2052 0.2663 0.5285 
        H130  2 0.4464 0.1862 0.3675 
        H133  2 0.5500 0.1985 0.2515 
        H134  2 0.1887 0.2271 0.5843 
        H135  2 0.3267 0.4102 0.2631 
        H137  2 0.3079 0.3423 0.3498 
        H138  2 0.2224 0.2743 0.5032 
        H140  2 0.2925 0.3547 0.3528 
        H146  2 0.2405 0.3572 0.4022 
        H147  2 0.2425 0.4702 0.2874 
        H148  2 0.2551 0.5196 0.2253 
     H166022  2 0.2137 0.4508 0.3356 
     H167359  2 0.3001 0.3408 0.3591 
     H167397  2 0.1380 0.4536 0.4085 
     H167428  2 0.1480 0.5329 0.3191 
     H167496  2 0.4911 0.3175 0.1914 
     H167513  2 0.3528 0.2779 0.3693 
     H167545  2 0.2287 0.2791 0.4922 
     H167547  2 0.1845 0.2641 0.5514 
     H169621  2 0.2281 0.3593 0.4126 
     H169622  2 0.2447 0.3720 0.3833 
     H169750  2 0.4023 0.2171 0.3806 
     H171806  2 0.3547 0.3117 0.3336 
     H171808  2 0.2871 0.3694 0.3435 
     H171809  2 0.3079 0.4353 0.2568 
     H171813  2 0.3353 0.2683 0.3964 
     H171815  2 0.5464 0.2019 0.2517 
     H171824  2 0.4213 0.3836 0.1951 
     H171825  2 0.2841 0.3493 0.3666 
     H171826  2 0.3569 0.3915 0.2515 
     H171827  2 0.3672 0.3239 0.3089 
     H171828  2 0.5660 0.2625 0.1714 
     H171829  2 0.3407 0.2395 0.4199 
     H171830  2 0.3196 0.3734 0.3071 
     H171831  2 0.1861 0.3416 0.4723 
     H171832  2 0.2694 0.3056 0.4250 
     H171863  2 0.1801 0.2651 0.5548 
     H171864  2 0.2937 0.4323 0.2740 
     H171865  2 0.4930 0.2516 0.2554 
     H171879  2 0.2756 0.3514 0.3730 
     H171880  2 0.2599 0.4073 0.3328 
     H171881  2 0.2603 0.4212 0.3186 
     H171882  2 0.5797 0.2229 0.1974 
     H171929  2 0.2608 0.4250 0.3142 
     H171930  2 0.2089 0.2833 0.5078 
     H171933  2 0.2776 0.3545 0.3679 
     H171934  2 0.2803 0.4381 0.2816 
     H171937  2 0.2460 0.2551 0.4989 
     H171962  2 0.2592 0.4072 0.3336 
        H190  2 0.2635 0.3549 0.3816 
        H191  2 0.3284 0.3454 0.3262 
        H396  2 0.2993 0.4253 0.2754 
        H397  2 0.2752 0.3382 0.3866 
        H398  2 0.3516 0.2953 0.3532 
        H400  2 0.3092 0.4162 0.2746 
        H401  2 0.1601 0.3572 0.4827 
        H402  2 0.2214 0.4375 0.3411 
        H427  2 0.2693 0.4875 0.2432 
        H428  2 0.1499 0.5386 0.3115 
        H497  2 0.4390 0.2500 0.3110 
        H512  2 0.3033 0.3910 0.3057 
        H513  2 0.3589 0.2703 0.3708 
        H514  2 0.2866 0.2775 0.4359 
        H519  2 0.3628 0.2864 0.3508 
        H532  2 0.2157 0.5058 0.2785 
        H543  2 0.2296 0.4346 0.3357 
        H544  2 0.2975 0.2300 0.4726 
        H545  2 0.2185 0.2578 0.5236 
        H546  2 0.4777 0.2387 0.2835 
        H547  2 0.1929 0.2693 0.5378 
        H548  2 0.2748 0.4406 0.2847 
        H549  2 0.3434 0.2332 0.4235 
        H620  2 0.5906 0.2298 0.1797 
        H623  2 0.2360 0.2747 0.4892 
        H624  2 0.4429 0.1687 0.3884 
        H625  2 0.2605 0.4222 0.3173 
        H626  2 0.3557 0.3435 0.3008 
        H654  2 0.6482 0.1621 0.1897 
        H655  2 0.4379 0.2546 0.3076 
        H656  2 0.5341 0.2569 0.2090 
        H666  2 0.5685 0.1867 0.2448 
        H667  2 0.2742 0.4207 0.3050 
        H677  2 0.2602 0.4029 0.3369 
        H693  2 0.4527 0.3431 0.2042 
        H694  2 0.2325 0.3024 0.4651 
        H701  2 0.2424 0.3990 0.3587 
        H702  2 0.3749 0.3325 0.2925 
        H731  2 0.3812 0.3488 0.2700 
       H7359  2 0.2995 0.3405 0.3601 
       H7389  2 0.2828 0.3639 0.3533 
       H7390  2 0.5401 0.2228 0.2371 
       H7391  2 0.2281 0.5760 0.1959 
       H7392  2 0.3545 0.2768 0.3688 
       H7393  2 0.4027 0.3030 0.2943 
       H7398  2 0.2735 0.4932 0.2333 
       H7399  2 0.2261 0.3782 0.3957 
       H7400  2 0.6200 0.1792 0.2008 
        H745  2 0.2116 0.2653 0.5230 
        H746  2 0.2272 0.3721 0.4007 
        H747  2 0.4851 0.2565 0.2584 
        H748  2 0.3427 0.3212 0.3362 
       H7484  2 0.5126 0.2511 0.2364 
       H7485  2 0.3109 0.2952 0.3940 
        H749  2 0.2373 0.3586 0.4041 
        H930  2 0.2263 0.3089 0.4649 
        H931  2 0.2854 0.4102 0.3044 
        H932  2 0.3293 0.3410 0.3297 
        H111  3 0.2366 0.2834 0.4799 
        H951  3 0.2367 0.3728 0.3905 
        H952  3 0.3021 0.2833 0.4146 
        H953  3 0.2177 0.4915 0.2908 
        H954  3 0.5179 0.2427 0.2394 
        H955  3 0.2333 0.3173 0.4494 
        H956  3 0.3666 0.3389 0.2945 
       H9563  3 0.3516 0.4009 0.2475 
        H002  4 0.4752 0.2101 0.3147 
        H003  4 0.2197 0.4336 0.3468 
        H009  4 0.2647 0.2464 0.4888 
        H010  4 0.2869 0.4088 0.3043 
        H011  4 0.5291 0.2704 0.2004 
        H012  4 0.2204 0.4882 0.2914 
        H013  4 0.3755 0.3901 0.2344 
        H014  4 0.3107 0.3364 0.3529 
        H045  4 0.3607 0.4157 0.2236 
        H046  4 0.2301 0.3740 0.3959 
        H051  4 0.4062 0.3604 0.2334 
        H052  4 0.3867 0.2305 0.3827 
        H053  4 0.4070 0.2932 0.2998 
        H056  4 0.4655 0.2423 0.2922 
        H076  4 0.2213 0.3807 0.3980 
        H151  4 0.5641 0.1896 0.2463 
        H152  4 0.4299 0.2281 0.3420 
     H171803  4 0.4884 0.2607 0.2509 
     H171804  4 0.3956 0.3423 0.2621 
     H171833  4 0.2347 0.2566 0.5086 
     H171855  4 0.5429 0.1930 0.2640 
     H171856  4 0.3718 0.3104 0.3178 
     H171857  4 0.4490 0.2499 0.3012 
     H171858  4 0.3014 0.3527 0.3459 
     H171859  4 0.3302 0.3237 0.3461 
     H171961  4 0.4371 0.3063 0.2566 
        H198  4 0.1858 0.4113 0.4029 
      H20001  4 0.2643 0.2336 0.5020 
        H403  4 0.3619 0.2924 0.3457 
        H404  4 0.2306 0.4554 0.3140 
        H405  4 0.2223 0.4410 0.3367 
        H406  4 0.2724 0.2236 0.5040 
        H407  4 0.3660 0.3600 0.2740 
        H410  4 0.1918 0.4811 0.3271 
        H411  4 0.2502 0.2859 0.4639 
        H468  4 0.3536 0.1982 0.4482 
        H476  4 0.3884 0.2366 0.3750 
        H477  4 0.2337 0.2180 0.5483 
        H478  4 0.2590 0.4087 0.3323 
        H479  4 0.3797 0.3443 0.2761 
        H480  4 0.2335 0.2709 0.4956 
        H498  4 0.2955 0.3266 0.3779 
        H499  4 0.3412 0.3188 0.3400 
        H500  4 0.5001 0.2987 0.2012 
        H515  4 0.4134 0.3122 0.2744 
        H516  4 0.3433 0.2772 0.3795 
        H517  4 0.2874 0.3661 0.3466 
        H518  4 0.4005 0.2133 0.3862 
        H520  4 0.4658 0.2372 0.2970 
        H521  4 0.2839 0.4024 0.3137 
        H522  4 0.4220 0.2701 0.3079 
        H523  4 0.3672 0.3101 0.3227 
        H536  4 0.2806 0.3895 0.3299 
        H645  4 0.3440 0.4468 0.2092 
        H646  4 0.2116 0.3416 0.4469 
        H647  4 0.3274 0.2894 0.3832 
        H657  4 0.2252 0.3760 0.3988 
        H658  4 0.3774 0.3164 0.3063 
        H659  4 0.6267 0.1816 0.1918 
        H660  4 0.3869 0.2852 0.3279 
        H661  4 0.4799 0.2262 0.2938 
        H668  4 0.2222 0.4965 0.2813 
        H669  4 0.3431 0.3911 0.2658 
        H670  4 0.3309 0.4544 0.2146 
        H678  4 0.3521 0.3315 0.3164 
        H679  4 0.2269 0.3737 0.3995 
        H680  4 0.3460 0.2890 0.3651 
        H681  4 0.3707 0.3596 0.2697 
        H682  4 0.2836 0.4252 0.2912 
        H683  4 0.4046 0.2091 0.3863 
        H718  4 0.4940 0.2454 0.2606 
        H719  4 0.3582 0.3870 0.2548 
        H720  4 0.3910 0.2453 0.3637 
        H721  4 0.3788 0.2377 0.3835 
        H722  4 0.4051 0.1920 0.4029 
        H723  4 0.4152 0.3739 0.2109 
        H724  4 0.5688 0.2121 0.2192 
        H725  4 0.5356 0.2078 0.2566 
        H726  4 0.4421 0.2956 0.2623 
        H727  4 0.4222 0.3525 0.2253 
        H910  4 0.4023 0.3438 0.2539 
        H911  4 0.2487 0.3520 0.3994 
        H912  4 0.3657 0.2721 0.3622 
        H913  4 0.4395 0.2587 0.3018 
        H914  4 0.4587 0.3434 0.1979 
        H915  4 0.3669 0.3181 0.3150 
        H916  4 0.3217 0.2463 0.4321 
       H9572  4 0.3953 0.2854 0.3194 
        H015  5 0.2277 0.3046 0.4678 
        H016  5 0.2437 0.2739 0.4824 
        H017  5 0.3587 0.2106 0.4307 
        H019  5 0.2707 0.3125 0.4168 
        H020  5 0.3627 0.3165 0.3208 
        H032  5 0.3587 0.2920 0.3493 
        H033  5 0.2668 0.4115 0.3216 
        H034  5 0.4145 0.3656 0.2199 
        H035  5 0.3384 0.3017 0.3600 
        H036  5 0.2815 0.3456 0.3729 
        H037  5 0.4648 0.2640 0.2712 
        H048  5 0.4763 0.3173 0.2064 
        H049  5 0.3061 0.2452 0.4487 
        H054  5 0.3010 0.3684 0.3306 
        H055  5 0.3960 0.3242 0.2798 
        H057  5 0.3244 0.2220 0.4536 
        H060  5 0.3938 0.2592 0.3470 
        H061  5 0.2517 0.4303 0.3180 
        H064  5 0.3848 0.3117 0.3035 
        H070  5 0.3720 0.3819 0.2461 
        H077  5 0.4998 0.2396 0.2607 
        H078  5 0.4587 0.2240 0.3173 
        H079  5 0.2217 0.4736 0.3047 
        H097  5 0.3551 0.1798 0.4651 
        H107  5 0.5702 0.2570 0.1729 
        H122  5 0.3339 0.2681 0.3980 
        H123  5 0.2283 0.3568 0.4149 
        H124  5 0.2302 0.4134 0.3564 
        H131  5 0.2356 0.3945 0.3699 
        H132  5 0.3587 0.3492 0.2921 
        H141  5 0.4139 0.2970 0.2891 
        H142  5 0.2298 0.3736 0.3966 
        H157  5 0.4833 0.2766 0.2401 
        H158  5 0.2285 0.2515 0.5200 
        H159  5 0.2255 0.3339 0.4405 
        H160  5 0.3507 0.2673 0.3821 
        H163  5 0.2639 0.3653 0.3707 
        H164  5 0.2657 0.3627 0.3715 
        H165  5 0.1963 0.5015 0.3022 
        H166  5 0.2655 0.3044 0.4302 
        H169  5 0.3038 0.3609 0.3353 
     H169613  5 0.3198 0.2923 0.3879 
     H169653  5 0.2369 0.3744 0.3887 
     H169728  5 0.3017 0.3049 0.3934 
     H169742  5 0.3485 0.4082 0.2433 
        H170  5 0.2879 0.2277 0.4843 
        H171  5 0.2582 0.2590 0.4828 
     H171851  5 0.2985 0.2893 0.4122 
     H171852  5 0.4314 0.2440 0.3246 
     H171853  5 0.3941 0.3532 0.2528 
     H171854  5 0.3165 0.3093 0.3742 
     H171938  5 0.3035 0.4686 0.2280 
     H171939  5 0.2325 0.3231 0.4444 
     H171941  5 0.5084 0.2767 0.2149 
     H171965  5 0.2236 0.3529 0.4236 
     H171970  5 0.5526 0.2413 0.2062 
     H171973  5 0.2331 0.4916 0.2753 
     H171974  5 0.3170 0.4292 0.2538 
     H171975  5 0.3579 0.3594 0.2826 
     H171976  5 0.3347 0.2067 0.4585 
        H175  5 0.4494 0.3318 0.2189 
        H178  5 0.3553 0.3161 0.3286 
        H189  5 0.1896 0.3613 0.4491 
        H399  5 0.2973 0.2137 0.4890 
        H416  5 0.3665 0.3627 0.2708 
        H438  5 0.3122 0.4342 0.2536 
        H450  5 0.4774 0.2520 0.2706 
        H455  5 0.5096 0.2945 0.1959 
        H456  5 0.3165 0.4195 0.2641 
        H457  5 0.4369 0.2355 0.3276 
        H458  5 0.4137 0.3305 0.2559 
        H459  5 0.2226 0.3771 0.4003 
        H460  5 0.3793 0.2982 0.3225 
        H461  5 0.2913 0.2413 0.4674 
        H462  5 0.2610 0.3990 0.3400 
        H469  5 0.2197 0.4391 0.3412 
        H470  5 0.3793 0.3243 0.2964 
        H471  5 0.2247 0.2691 0.5062 
        H481  5 0.5512 0.2228 0.2260 
        H482  5 0.3930 0.2972 0.3098 
        H501  5 0.3616 0.3628 0.2756 
        H502  5 0.2150 0.3162 0.4688 
        H503  5 0.2741 0.3063 0.4196 
        H509  5 0.4514 0.2992 0.2494 
        H510  5 0.3022 0.3510 0.3468 
        H511  5 0.2429 0.3243 0.4328 
        H530  5 0.3663 0.3960 0.2378 
        H531  5 0.5018 0.2152 0.2830 
        H564  5 0.4011 0.2985 0.3005 
        H565  5 0.5265 0.2157 0.2579 
        H567  5 0.1847 0.3871 0.4282 
     H568???  5 0.2353 0.2866 0.4781 
        H608  5 0.4757 0.2647 0.2596 
        H609  5 0.2665 0.4647 0.2688 
        H612  5 0.5229 0.2949 0.1822 
        H614  5 0.5356 0.2095 0.2549 
        H615  5 0.4760 0.2168 0.3072 
        H616  5 0.5680 0.2622 0.1698 
        H617  5 0.2230 0.4347 0.3424 
        H618  5 0.4602 0.3170 0.2228 
        H619  5 0.2436 0.4833 0.2732 
        H635  5 0.2838 0.3621 0.3542 
        H636  5 0.2380 0.5191 0.2429 
        H637  5 0.3744 0.3371 0.2886 
        H644  5 0.1459 0.2593 0.5947 
        H711  5 0.2798 0.2461 0.4740 
        H712  5 0.3733 0.3961 0.2306 
       H7360  5 0.3487 0.2649 0.3864 
       H7361  5 0.4368 0.2889 0.2743 
       H7362  5 0.1714 0.2931 0.5355 
       H7363  5 0.3852 0.2745 0.3404 
       H7394  5 0.2380 0.3624 0.3996 
       H7395  5 0.3358 0.3587 0.3054 
       H7396  5 0.3442 0.3354 0.3203 
        H742  5 0.3362 0.4355 0.2283 
        H743  5 0.3370 0.3313 0.3317 
        H744  5 0.5000 0.2940 0.2061 
        H957  5 0.3385 0.2614 0.4001 
        H958  5 0.2813 0.3236 0.3952 
        H959  5 0.4683 0.3293 0.2024 
        H960  5 0.3045 0.3948 0.3007 
      H_PALI  6 0.3149 0.3318 0.3533 
        H581  6 0.4105 0.2602 0.3293 
        H582  6 0.5343 0.2049 0.2608 
        H583  6 0.3729 0.3068 0.3203 
        H595  6 0.2153 0.3282 0.4565 
        H596  6 0.2012 0.3675 0.4312 
        H597  6 0.2125 0.3461 0.4414 
        H598  6 0.3388 0.3852 0.2760 
        H599  6 0.4297 0.3051 0.2652 
        H642  6 0.2609 0.2557 0.4833 
        H643  6 0.3011 0.4067 0.2923 
        H664  6 0.5372 0.1768 0.2860 
        H665  6 0.2892 0.4852 0.2256 
        H674  6 0.1812 0.2669 0.5520 
        H675  6 0.4102 0.2668 0.3230 
        H676  6 0.2479 0.3172 0.4349 
        H686  6 0.3095 0.3109 0.3795 
        H687  6 0.3370 0.2874 0.3756 
        H917  6 0.2043 0.4821 0.3136 
        H918  6 0.2802 0.4293 0.2905 
        H919  6 0.5019 0.3039 0.1943 
        H920  6 0.4144 0.2965 0.2891 
        H631  7 0.4207 0.2901 0.2892 
        H684  7 0.2105 0.2846 0.5049 
        H685  7 0.5171 0.2132 0.2697 
        H713  7 0.5422 0.2377 0.2200 
        H715  7 0.2437 0.2829 0.4734 
        H716  7 0.3745 0.3269 0.2986 
        H717  7 0.3746 0.3318 0.2936 
        H729  7 0.2002 0.5107 0.2891 
        H730  7 0.3111 0.4379 0.2510 
        H431  8 0.4071 0.3285 0.2644 
        H432  8 0.1938 0.3189 0.4872 
        H433  8 0.2610 0.4219 0.3172 
        H434  8 0.2964 0.3569 0.3467 
        H444  8 0.2504 0.4592 0.2904 
        H454  8 0.4968 0.2883 0.2149 
        H475  8 0.5360 0.2315 0.2326 
        H491  8 0.4198 0.2935 0.2867 
        H492  8 0.4756 0.2600 0.2643 
        H493  8 0.2808 0.3034 0.4157 
        H494  8 0.3523 0.3508 0.2969 
        H495  8 0.5028 0.1716 0.3257 
        H662  8 0.3201 0.2823 0.3976 
        H663  8 0.3421 0.3515 0.3064 
        H695  8 0.3592 0.3706 0.2702 
       H7367  8 0.2070 0.4399 0.3531 
       H7368  8 0.2495 0.3726 0.3779 
       H7369  8 0.2761 0.4702 0.2537 
       H7370  8 0.2021 0.3564 0.4416 
       H7371  8 0.2902 0.4213 0.2885 
        H600  9 0.4523 0.2854 0.2623 
        H648  9 0.3233 0.3014 0.3753 
        H696  9 0.1873 0.2468 0.5659 
        H697  9 0.2730 0.4189 0.3082 
        H698  9 0.2496 0.3868 0.3635 
        H699  9 0.3068 0.3481 0.3450 
        H700  9 0.4394 0.3071 0.2535 
        H732  9 0.5024 0.2147 0.2830 
        H733  9 0.2265 0.4403 0.3332 
        H734  9 0.2276 0.2863 0.4861 
        H735  9 0.2722 0.3312 0.3966 
        H736  9 0.3531 0.3063 0.3406 
        H737  9 0.3490 0.3714 0.2796 
        H905  9 0.4031 0.3819 0.2150 
        H921  9 0.3752 0.3871 0.2377 
        H922  9 0.1992 0.4211 0.3796 
     H169705 10 0.2705 0.3761 0.3534 
     H171942 10 0.1816 0.3304 0.4880 
     H171943 10 0.3072 0.2784 0.4144 
     H171944 10 0.3301 0.3752 0.2947 
     H171946 10 0.4620 0.1942 0.3438 
     H171947 10 0.2720 0.3495 0.3785 
     H229641 10 0.3419 0.3041 0.3539 
      H30001 10 0.3481 0.3862 0.2656 
      H30002 10 0.3205 0.3723 0.3072 
      H30005 10 0.2812 0.3812 0.3376 
      H30006 10 0.2365 0.3149 0.4486 
      H30007 10 0.1870 0.2315 0.5815 
        H451 10 0.2165 0.4250 0.3586 
        H452 10 0.2684 0.3423 0.3893 
        H453 10 0.4826 0.2299 0.2875 
        H473 10 0.3617 0.3382 0.3001 
        H474 10 0.5759 0.1702 0.2540 
        H486 10 0.4056 0.3216 0.2729 
        H487 10 0.3863 0.3260 0.2878 
        H488 10 0.3259 0.4397 0.2344 
        H489 10 0.4849 0.2728 0.2424 
        H550 10 0.2603 0.2335 0.5062 
        H551 10 0.3439 0.3963 0.2598 
        H553 10 0.4429 0.2634 0.2936 
        H554 10 0.2565 0.3542 0.3893 
        H556 10 0.3634 0.2535 0.3831 
        H580 10 0.2649 0.4254 0.3097 
        H591 10 0.5552 0.2375 0.2073 
        H592 10 0.4058 0.3003 0.2939 
        H593 10 0.2931 0.3447 0.3623 
        H594 10 0.1734 0.3474 0.4792 
        H627 10 0.3643 0.2459 0.3898 
        H628 10 0.1677 0.5439 0.2884 
        H629 10 0.3629 0.2386 0.3985 
        H630 10 0.3657 0.2652 0.3690 
        H638 10 0.2877 0.3589 0.3533 
        H639 10 0.4775 0.2145 0.3080 
        H640 10 0.2604 0.3158 0.4238 
        H704 10 0.2337 0.3171 0.4492 
        H705 10 0.2751 0.3741 0.3508 
        H706 10 0.3952 0.4032 0.2016 
        H708 10 0.5528 0.2215 0.2257 
       H7351 10 0.3009 0.3003 0.3989 
       H7352 10 0.3456 0.3281 0.3263 
       H7353 10 0.2281 0.2648 0.5071 
       H7354 10 0.3958 0.3298 0.2744 
       H7365 10 0.5364 0.2529 0.2106 
       H7383 10 0.3824 0.3826 0.2350 
       H7384 10 0.3687 0.3805 0.2508 
       H7385 10 0.4536 0.3077 0.2387 
       H7386 10 0.2816 0.4221 0.2964 
       H7387 10 0.2768 0.3878 0.3354 
       H7388 10 0.2814 0.4099 0.3087 
        H906 10 0.3970 0.2617 0.3412 
        H907 10 0.2395 0.3349 0.4256 
        H908 10 0.3182 0.3868 0.2950 
        H909 10 0.3158 0.3989 0.2853 
       H9552 10 0.3089 0.3439 0.3472 
       H9553 10 0.3690 0.3148 0.3163 
       H9555 10 0.2773 0.4325 0.2902 
       H9575 10 0.4912 0.2244 0.2843 
       H9703 10 0.5223 0.2386 0.2391 
       H9707 10 0.4521 0.2689 0.2790 
       HSAA4 10 0.2694 0.4186 0.3120 
        H001 11 0.3634 0.3676 0.2690 
        H004 11 0.3051 0.3465 0.3484 
        H005 11 0.4799 0.3141 0.2060 
        H006 11 0.3456 0.3675 0.2869 
        H007 11 0.4393 0.3577 0.2029 
        H031 11 0.5702 0.2465 0.1833 
        H074 11 0.4964 0.2246 0.2790 
        H075 11 0.4918 0.3100 0.1983 
        H080 11 0.4488 0.3293 0.2219 
        H086 11 0.3211 0.3778 0.3011 
        H092 11 0.3930 0.3412 0.2658 
        H093 11 0.1857 0.3195 0.4948 
        H094 11 0.3058 0.2926 0.4016 
        H095 11 0.4288 0.3170 0.2542 
        H096 11 0.3630 0.4070 0.2300 
        H099 11 0.3930 0.3187 0.2883 
        H100 11 0.2202 0.3616 0.4182 
        H127 11 0.3523 0.3542 0.2935 
        H136 11 0.5242 0.2330 0.2428 
        H153 11 0.3044 0.3139 0.3817 
        H154 11 0.5280 0.2155 0.2566 
        H155 11 0.1830 0.5589 0.2581 
        H156 11 0.1559 0.5368 0.3073 
        H161 11 0.2800 0.3001 0.4199 
        H162 11 0.2154 0.3737 0.4109 
        H167 11 0.2624 0.4133 0.3242 
        H168 11 0.2820 0.4125 0.3055 
     H169586 11 0.4136 0.1694 0.4171 
     H169738 11 0.2071 0.5336 0.2593 
     H169741 11 0.4901 0.2371 0.2727 
     H171801 11 0.2320 0.3250 0.4430 
     H171810 11 0.4940 0.2226 0.2834 
     H171811 11 0.5088 0.2016 0.2896 
     H171812 11 0.3444 0.4202 0.2354 
     H171820 11 0.5144 0.2367 0.2489 
     H171821 11 0.2618 0.4057 0.3325 
     H171822 11 0.2991 0.3771 0.3238 
     H171823 11 0.4657 0.1920 0.3422 
     H171866 11 0.2312 0.3902 0.3786 
     H171867 11 0.2392 0.4914 0.2694 
     H171967 11 0.4518 0.3319 0.2163 
     H171969 11 0.3288 0.3453 0.3259 
        H172 11 0.3062 0.3797 0.3141 
        H173 11 0.2879 0.4755 0.2366 
        H174 11 0.2050 0.3121 0.4829 
        H196 11 0.2039 0.4742 0.3218 
        H197 11 0.2578 0.4382 0.3040 
        H346 11 0.3460 0.3949 0.2590 
        H355 11 0.3813 0.3226 0.2960 
        H356 11 0.3659 0.3485 0.2856 
        H357 11 0.4341 0.3282 0.2377 
        H358 11 0.3182 0.4411 0.2407 
        H359 11 0.3459 0.3071 0.3469 
        H360 11 0.3298 0.3899 0.2803 
        H361 11 0.2678 0.4433 0.2889 
        H362 11 0.1954 0.4017 0.4029 
        H363 11 0.4676 0.3010 0.2313 
        H364 11 0.3436 0.2987 0.3578 
        H365 11 0.2691 0.4016 0.3294 
        H366 11 0.2393 0.4368 0.3239 
        H367 11 0.5147 0.2332 0.2521 
        H368 11 0.2997 0.2394 0.4609 
        H369 11 0.5118 0.2896 0.1985 
        H370 11 0.2562 0.3787 0.3650 
        H371 11 0.3211 0.3432 0.3358 
        H372 11 0.2926 0.3741 0.3333 
        H373 11 0.3258 0.3648 0.3094 
        H374 11 0.3992 0.3392 0.2616 
        H375 11 0.3753 0.3768 0.2479 
        H376 11 0.2440 0.3566 0.3994 
        H377 11 0.3680 0.3440 0.2880 
        H378 11 0.3817 0.2865 0.3319 
        H379 11 0.3102 0.3219 0.3680 
        H380 11 0.2112 0.4866 0.3023 
        H381 11 0.4900 0.2118 0.2982 
        H382 11 0.1734 0.4413 0.3853 
        H383 11 0.2039 0.4135 0.3827 
        H384 11 0.4473 0.2687 0.2840 
        H385 11 0.4114 0.2931 0.2955 
        H386 11 0.2639 0.5086 0.2274 
        H387 11 0.3058 0.2142 0.4800 
        H388 11 0.1886 0.4654 0.3460 
        H389 11 0.3303 0.4272 0.2426 
        H390 11 0.2836 0.3799 0.3365 
        H391 11 0.2637 0.3001 0.4362 
        H392 11 0.4820 0.2940 0.2241 
        H393 11 0.2165 0.3403 0.4431 
        H394 11 0.2238 0.2416 0.5345 
        H395 11 0.4508 0.3105 0.2387 
        H408 11 0.3113 0.4403 0.2484 
        H412 11 0.5462 0.1377 0.3161 
        H417 11 0.4074 0.3124 0.2803 
        H418 11 0.3572 0.2304 0.4124 
        H429 11 0.2916 0.4157 0.2927 
        H430 11 0.2309 0.4375 0.3316 
        H439 11 0.3483 0.3684 0.2834 
        H440 11 0.4974 0.2643 0.2384 
        H441 11 0.2508 0.4018 0.3475 
        H442 11 0.2608 0.4252 0.3140 
        H446 11 0.3120 0.3146 0.3733 
        H447 11 0.2401 0.4583 0.3016 
        H448 11 0.2534 0.5020 0.2446 
        H534 11 0.5688 0.1936 0.2376 
        H537 11 0.4809 0.2356 0.2835 
        H568 11 0.5648 0.2233 0.2119 
        H569 11 0.1752 0.4632 0.3615 
        H586 11 0.4039 0.1621 0.4340 
        H587 11 0.5577 0.2354 0.2070 
        H588 11 0.2171 0.2785 0.5044 
        H589 11 0.5301 0.2509 0.2190 
        H590 11 0.4360 0.2946 0.2694 
        H601 11 0.1951 0.4038 0.4012 
        H602 11 0.3841 0.3464 0.2695 
        H603 11 0.2297 0.4784 0.2919 
        H610 11 0.3869 0.3318 0.2814 
        H611 11 0.4667 0.2383 0.2950 
        H649 11 0.3359 0.3132 0.3509 
        H650 11 0.2404 0.2603 0.4993 
        H651 11 0.2735 0.4750 0.2515 
        H652 11 0.3230 0.2748 0.4022 
       H7364 11 0.2879 0.3941 0.3181 
       H7366 11 0.3255 0.4253 0.2491 
       H7378 11 0.1407 0.2330 0.6262 
       H7379 11 0.3157 0.3736 0.3107 
        H739 11 0.4737 0.2471 0.2792 
        H740 11 0.2540 0.3123 0.4337 
        H741 11 0.4929 0.2414 0.2657 
        H926 11 0.2640 0.2938 0.4422 
        H927 11 0.2544 0.4425 0.3032 
        H928 11 0.3526 0.2920 0.3553 
       H9560 11 0.3141 0.2897 0.3962 
        H409 12 0.2207 0.4784 0.3008 
        H413 12 0.2169 0.2414 0.5417 
        H419 12 0.2688 0.4474 0.2838 
        H420 12 0.3642 0.3448 0.2910 
        H421 12 0.1781 0.3738 0.4481 
        H435 12 0.2301 0.3400 0.4298 
        H436 12 0.3223 0.4284 0.2493 
        H437 12 0.4662 0.2362 0.2976 
        H445 12 0.2305 0.4917 0.2778 
        H449 12 0.2757 0.3047 0.4196 
        H463 12 0.4138 0.2809 0.3053 
        H464 12 0.2118 0.2887 0.4996 
        H465 12 0.3260 0.2068 0.4672 
        H490 12 0.2137 0.3078 0.4786 
        H561 12 0.3073 0.3292 0.3635 
        H562 12 0.2953 0.4720 0.2328 
        H563 12 0.3512 0.3986 0.2502 
        H570 12 0.4088 0.3727 0.2185 
        H571 12 0.3412 0.2434 0.4154 
        H572 12 0.3874 0.3123 0.3002 
        H573 12 0.2193 0.4934 0.2873 
       H7372 12 0.1641 0.4941 0.3418 
       H7373 12 0.2315 0.2188 0.5497 
       H7374 12 0.3933 0.3341 0.2726 
       H7375 12 0.4027 0.3500 0.2473 
       H7376 12 0.1861 0.5563 0.2576 
       H7377 12 0.4363 0.2832 0.2805 
