        H102  1 0.0602 0.0896 0.0837 0.0730 0.0746 0.0835 0.1387 0.2630 0.1336 
        H103  1 0.1008 0.1125 0.1734 0.1488 0.0661 0.0431 0.1734 0.1063 0.0756 
        H104  1 0.1261 0.0850 0.0942 0.0891 0.1721 0.1535 0.0957 0.0910 0.0933 
        H105  1 0.0854 0.0887 0.1101 0.1100 0.0877 0.1443 0.1377 0.1232 0.1130 
        H106  1 0.0916 0.1318 0.1050 0.1098 0.1182 0.0992 0.1354 0.0965 0.1125 
        H112  1 0.0987 0.0980 0.0786 0.0889 0.1067 0.0700 0.0978 0.2164 0.1451 
        H113  1 0.1815 0.1130 0.1222 0.0784 0.0731 0.1164 0.0804 0.0994 0.1357 
        H114  1 0.1542 0.1119 0.1587 0.0859 0.0571 0.0872 0.0951 0.1089 0.1409 
        H115  1 0.0897 0.0622 0.0648 0.0646 0.0716 0.1301 0.0882 0.2574 0.1715 
        H143  1 0.0892 0.1011 0.1096 0.1023 0.0740 0.1033 0.1221 0.2028 0.0956 
        H144  1 0.0875 0.1323 0.1251 0.1848 0.0568 0.1409 0.1375 0.0917 0.0433 
        H145  1 0.0654 0.0854 0.0941 0.1288 0.0452 0.0632 0.1418 0.2071 0.1691 
        H149  1 0.0880 0.0925 0.0910 0.0989 0.2352 0.1150 0.1012 0.0811 0.0972 
        H150  1 0.1188 0.0713 0.0975 0.1878 0.0835 0.0930 0.0968 0.1198 0.1316 
     H167542  1 0.1231 0.1006 0.0637 0.0746 0.0953 0.2962 0.0957 0.0990 0.0518 
     H169604  1 0.1476 0.0901 0.1127 0.0930 0.1021 0.1367 0.1327 0.1064 0.0788 
     H169607  1 0.0848 0.1153 0.1135 0.1512 0.0864 0.1080 0.1411 0.1118 0.0879 
     H169608  1 0.0498 0.0607 0.0449 0.0655 0.0729 0.0762 0.0846 0.3142 0.2313 
     H169633  1 0.1532 0.1192 0.1054 0.0987 0.0601 0.1378 0.0848 0.1081 0.1327 
     H169688  1 0.0838 0.2960 0.0950 0.1479 0.0817 0.0683 0.1199 0.0685 0.0389 
     H169714  1 0.1304 0.0859 0.1089 0.1185 0.1230 0.1131 0.1082 0.1091 0.1030 
     H171802  1 0.1788 0.1072 0.1019 0.0873 0.1925 0.0785 0.0796 0.0732 0.1010 
     H171805  1 0.0676 0.1191 0.1586 0.1303 0.0701 0.0732 0.1451 0.1474 0.0887 
     H171807  1 0.0908 0.1080 0.1223 0.1230 0.1189 0.0943 0.1491 0.0904 0.1033 
     H171814  1 0.1643 0.1266 0.1048 0.1765 0.0428 0.0713 0.0961 0.0980 0.1195 
     H171816  1 0.0887 0.1362 0.1385 0.1006 0.1113 0.0868 0.1353 0.0963 0.1064 
     H171817  1 0.1065 0.0986 0.1437 0.0990 0.1368 0.1081 0.1124 0.0853 0.1097 
     H171818  1 0.0905 0.1128 0.1193 0.0984 0.0898 0.1690 0.1260 0.0859 0.1083 
     H171819  1 0.0957 0.0975 0.1458 0.1066 0.0964 0.0695 0.1085 0.1010 0.1790 
     H171834  1 0.0707 0.0888 0.1023 0.0869 0.0589 0.0901 0.1598 0.2183 0.1242 
     H171835  1 0.1789 0.0951 0.1108 0.0709 0.1722 0.1050 0.0655 0.0925 0.1092 
     H171836  1 0.1602 0.0936 0.1628 0.1073 0.0423 0.0726 0.1392 0.1089 0.1131 
     H171837  1 0.1250 0.1033 0.0856 0.0914 0.0923 0.1793 0.0827 0.1236 0.1167 
     H171838  1 0.0965 0.0981 0.1342 0.1016 0.0517 0.0473 0.1551 0.1209 0.1946 
     H171839  1 0.1585 0.0953 0.0985 0.0992 0.1474 0.1297 0.0773 0.1032 0.0908 
     H171841  1 0.0462 0.1235 0.0828 0.0728 0.2703 0.0594 0.0976 0.0769 0.1704 
     H171860  1 0.1316 0.0993 0.1351 0.1100 0.0875 0.1122 0.1016 0.1259 0.0970 
     H171861  1 0.1280 0.0927 0.1633 0.1025 0.0642 0.0653 0.1635 0.1512 0.0693 
     H171862  1 0.0939 0.0991 0.1322 0.1305 0.0734 0.0772 0.1405 0.1500 0.1032 
     H171868  1 0.1017 0.0709 0.0886 0.0766 0.0758 0.1895 0.1218 0.1668 0.1085 
     H171869  1 0.0764 0.1839 0.1014 0.1773 0.0594 0.0774 0.1211 0.1075 0.0957 
     H171870  1 0.1039 0.1621 0.0857 0.1236 0.1397 0.0938 0.1192 0.0883 0.0838 
     H171871  1 0.1577 0.0960 0.1424 0.1257 0.0593 0.0539 0.1306 0.1099 0.1244 
     H171872  1 0.1229 0.0750 0.1006 0.0839 0.1476 0.1438 0.1066 0.1039 0.1157 
     H171873  1 0.1022 0.1741 0.1134 0.1458 0.1190 0.0846 0.1220 0.0771 0.0617 
     H171874  1 0.0794 0.1227 0.1684 0.1271 0.0571 0.0800 0.1710 0.1357 0.0584 
     H171875  1 0.1032 0.1223 0.1799 0.1071 0.0508 0.1069 0.1297 0.1384 0.0617 
     H171876  1 0.1126 0.0968 0.1450 0.1224 0.0754 0.1167 0.1520 0.1146 0.0647 
     H171877  1 0.1000 0.0904 0.0662 0.0656 0.0710 0.3831 0.0675 0.0909 0.0654 
     H171878  1 0.0561 0.2262 0.0988 0.1452 0.0774 0.0846 0.1343 0.1025 0.0749 
     H171901  1 0.0968 0.1808 0.0941 0.0803 0.1850 0.0982 0.1189 0.0677 0.0781 
     H171902  1 0.0595 0.1033 0.0970 0.1678 0.1404 0.0929 0.1384 0.0980 0.1027 
     H171903  1 0.1131 0.0991 0.1254 0.1213 0.0760 0.0778 0.1510 0.1502 0.0861 
     H171935  1 0.0881 0.1395 0.1156 0.1104 0.1619 0.0612 0.1162 0.0954 0.1117 
     H171936  1 0.1364 0.1367 0.0953 0.0903 0.0764 0.1799 0.0956 0.0894 0.0999 
     H171940  1 0.0610 0.0837 0.0880 0.0892 0.1084 0.2893 0.0906 0.0977 0.0920 
     H171945  1 0.0747 0.1812 0.0818 0.1676 0.1011 0.0925 0.1005 0.0966 0.1039 
     H171948  1 0.0840 0.0762 0.1238 0.0960 0.0943 0.0683 0.1240 0.1601 0.1733 
     H171949  1 0.0725 0.0995 0.0837 0.0885 0.2350 0.1420 0.0877 0.0761 0.1149 
     H171950  1 0.0843 0.0964 0.0805 0.0823 0.2647 0.1256 0.0964 0.0844 0.0855 
     H171963  1 0.0919 0.1786 0.1082 0.1318 0.0622 0.0857 0.1152 0.1081 0.1183 
     H171964  1 0.0606 0.0933 0.1443 0.2146 0.0579 0.0693 0.1136 0.1332 0.1132 
     H171966  1 0.0929 0.1250 0.1590 0.1193 0.0825 0.0811 0.1267 0.0953 0.1181 
     H171968  1 0.0552 0.1076 0.0945 0.1452 0.1485 0.1061 0.1349 0.1253 0.0826 
     H171971  1 0.0954 0.1400 0.1391 0.0922 0.0766 0.0641 0.1449 0.1039 0.1439 
     H171972  1 0.1375 0.1093 0.1474 0.1343 0.0475 0.0579 0.1529 0.1351 0.0781 
     H171977  1 0.1032 0.1137 0.0802 0.1489 0.0753 0.1677 0.0962 0.1142 0.1008 
     H171978  1 0.0690 0.1046 0.1436 0.1252 0.1641 0.0535 0.1215 0.1344 0.0841 
     H171979  1 0.0982 0.1051 0.1470 0.1405 0.0526 0.0555 0.1826 0.1030 0.1155 
        H176  1 0.0974 0.0878 0.0932 0.1159 0.0752 0.1204 0.0942 0.1563 0.1597 
        H177  1 0.0622 0.1370 0.0665 0.0754 0.1927 0.1117 0.0880 0.1324 0.1342 
        H179  1 0.0907 0.1168 0.0821 0.0626 0.1985 0.2354 0.0751 0.0605 0.0782 
        H181  1 0.0924 0.1105 0.1216 0.1514 0.0573 0.0983 0.1453 0.0955 0.1276 
        H182  1 0.0769 0.1011 0.1271 0.1020 0.0548 0.0598 0.1665 0.1811 0.1306 
        H183  1 0.0971 0.1288 0.1402 0.1562 0.0673 0.0914 0.1757 0.0867 0.0567 
        H184  1 0.0753 0.0769 0.1295 0.0926 0.1426 0.1145 0.1275 0.1080 0.1333 
        H185  1 0.1004 0.1085 0.1003 0.1163 0.0688 0.1447 0.1156 0.0921 0.1533 
        H186  1 0.0631 0.1521 0.0818 0.1847 0.0817 0.1034 0.1347 0.1284 0.0700 
        H187  1 0.0939 0.2282 0.1109 0.0918 0.0967 0.0888 0.1347 0.0807 0.0744 
        H188  1 0.1135 0.0795 0.0784 0.0664 0.0998 0.3653 0.0556 0.0588 0.0828 
        H192  1 0.0685 0.1090 0.1147 0.0909 0.1638 0.0863 0.1146 0.1057 0.1464 
        H193  1 0.0641 0.1061 0.1031 0.1239 0.0626 0.0787 0.1520 0.2014 0.1081 
        H194  1 0.1116 0.0948 0.1177 0.1187 0.1151 0.1035 0.0980 0.1197 0.1212 
        H195  1 0.0654 0.2956 0.1005 0.1499 0.0561 0.0699 0.1294 0.0789 0.0543 
        H199  1 0.0913 0.1584 0.1076 0.1575 0.0816 0.0875 0.1337 0.0866 0.0958 
        H200  1 0.1549 0.1160 0.1129 0.1080 0.1266 0.0992 0.0962 0.0778 0.1084 
        H414  1 0.1349 0.1297 0.1146 0.1199 0.0974 0.0659 0.1156 0.1326 0.0894 
        H415  1 0.1556 0.1217 0.1277 0.0960 0.0611 0.0784 0.1086 0.1211 0.1297 
        H422  1 0.0607 0.0944 0.1134 0.1828 0.1074 0.0835 0.1007 0.1292 0.1278 
        H423  1 0.0485 0.0557 0.0595 0.0561 0.4094 0.0706 0.0554 0.0583 0.1865 
        H424  1 0.1092 0.1512 0.1228 0.1672 0.0587 0.0622 0.1283 0.1075 0.0930 
        H425  1 0.0697 0.1659 0.0676 0.2709 0.0738 0.1060 0.1186 0.0661 0.0614 
        H426  1 0.0543 0.1071 0.1615 0.2060 0.0860 0.0552 0.1463 0.1030 0.0805 
        H443  1 0.0590 0.0793 0.0683 0.2756 0.0740 0.1919 0.1108 0.0926 0.0485 
        H466  1 0.1087 0.1119 0.0981 0.1315 0.1104 0.0983 0.1158 0.1243 0.1009 
        H467  1 0.0704 0.1141 0.1066 0.1146 0.2031 0.0963 0.1015 0.0920 0.1014 
        H472  1 0.0909 0.1229 0.0906 0.1253 0.1365 0.1796 0.0841 0.0780 0.0921 
        H483  1 0.0844 0.0992 0.1053 0.1110 0.0728 0.2047 0.1537 0.0935 0.0755 
        H504  1 0.0949 0.1420 0.1222 0.1585 0.0749 0.0701 0.1267 0.0894 0.1213 
        H505  1 0.1040 0.1327 0.0914 0.0907 0.1191 0.2279 0.1062 0.0690 0.0590 
        H506  1 0.0646 0.1029 0.1016 0.1463 0.1040 0.0932 0.1246 0.1467 0.1160 
        H507  1 0.1118 0.1299 0.1374 0.1160 0.0523 0.1036 0.1314 0.1013 0.1163 
        H508  1 0.0815 0.1267 0.1070 0.1317 0.1778 0.0588 0.1110 0.0961 0.1094 
        H524  1 0.1933 0.1246 0.1008 0.1180 0.0731 0.1293 0.1196 0.0829 0.0584 
        H525  1 0.0757 0.0990 0.1250 0.1324 0.0728 0.1361 0.1275 0.1604 0.0711 
        H526  1 0.0979 0.0984 0.0840 0.0885 0.0932 0.2756 0.0778 0.1046 0.0801 
        H527  1 0.0696 0.1759 0.1150 0.0906 0.1190 0.0835 0.1466 0.1122 0.0876 
        H528  1 0.1313 0.1264 0.1771 0.1211 0.0469 0.0686 0.1294 0.1127 0.0865 
        H529  1 0.1113 0.1032 0.0903 0.1801 0.0611 0.1030 0.1405 0.1100 0.1005 
        H533  1 0.1561 0.0904 0.1425 0.0957 0.0536 0.0513 0.1281 0.1183 0.1639 
        H538  1 0.1539 0.0777 0.1021 0.1130 0.1042 0.1730 0.1166 0.0848 0.0747 
        H539  1 0.0883 0.2521 0.1124 0.0963 0.0782 0.0710 0.1279 0.1120 0.0618 
        H540  1 0.0924 0.1199 0.1197 0.1056 0.0742 0.0994 0.1475 0.1357 0.1055 
        H541  1 0.1303 0.0960 0.1092 0.0903 0.0944 0.2008 0.1100 0.0971 0.0720 
        H558  1 0.0794 0.1099 0.1844 0.1256 0.0611 0.0454 0.1779 0.1206 0.0958 
        H559  1 0.0688 0.0886 0.1079 0.1159 0.1190 0.1391 0.1374 0.1362 0.0871 
        H579  1 0.0597 0.0906 0.1612 0.1235 0.0621 0.0789 0.1320 0.2013 0.0906 
        H584  1 0.1030 0.1189 0.1239 0.1843 0.0707 0.0797 0.1263 0.1089 0.0842 
        H585  1 0.1210 0.1427 0.0986 0.1439 0.0841 0.0887 0.1222 0.0851 0.1137 
        H605  1 0.0989 0.1071 0.0863 0.1316 0.1600 0.0953 0.1132 0.1045 0.1031 
        H606  1 0.0618 0.1003 0.0645 0.0855 0.2240 0.1395 0.0956 0.1056 0.1232 
        H632  1 0.0663 0.1026 0.1090 0.1778 0.0539 0.0890 0.1162 0.1737 0.1115 
        H634  1 0.1154 0.1231 0.1176 0.1396 0.0978 0.0882 0.1284 0.1131 0.0768 
        H671  1 0.0615 0.0824 0.1082 0.0821 0.3351 0.0898 0.0715 0.0628 0.1066 
        H672  1 0.3124 0.0944 0.1182 0.0805 0.1239 0.0864 0.0808 0.0560 0.0474 
        H673  1 0.0853 0.0784 0.0975 0.1965 0.0624 0.1746 0.1367 0.1045 0.0641 
        H689  1 0.0927 0.1006 0.1255 0.1617 0.0692 0.1335 0.1332 0.1054 0.0781 
        H690  1 0.0861 0.0571 0.0612 0.0652 0.0798 0.1168 0.0817 0.2502 0.2019 
        H691  1 0.1089 0.0969 0.0932 0.0951 0.0843 0.1911 0.1125 0.1433 0.0748 
        H692  1 0.1074 0.0961 0.1560 0.2200 0.0445 0.0605 0.1558 0.0854 0.0743 
        H709  1 0.1709 0.0857 0.0945 0.1187 0.0775 0.0693 0.1096 0.1649 0.1088 
        H710  1 0.1178 0.0957 0.1673 0.1247 0.0514 0.0590 0.1663 0.1193 0.0984 
       H7355  1 0.0933 0.0702 0.0924 0.0816 0.0555 0.1528 0.0931 0.1541 0.2070 
       H7356  1 0.1061 0.1050 0.1374 0.1309 0.0941 0.0726 0.1453 0.1228 0.0859 
       H7357  1 0.1071 0.0899 0.0968 0.0932 0.1273 0.1401 0.1076 0.1286 0.1094 
       H7358  1 0.1409 0.1205 0.0961 0.0890 0.0762 0.2512 0.0830 0.0956 0.0476 
       H7380  1 0.0817 0.0877 0.1175 0.1482 0.0633 0.0711 0.1459 0.1827 0.1019 
       H7381  1 0.0700 0.0868 0.0908 0.2010 0.1245 0.0984 0.1220 0.1073 0.0991 
       H7382  1 0.0901 0.1332 0.1214 0.1206 0.0703 0.1012 0.1547 0.1229 0.0857 
        H904  1 0.0606 0.0915 0.0709 0.0662 0.2814 0.1076 0.0916 0.0973 0.1329 
        H923  1 0.1137 0.1628 0.1048 0.1169 0.1056 0.1127 0.0821 0.1197 0.0818 
        H924  1 0.1054 0.1175 0.0929 0.1397 0.1389 0.1409 0.0931 0.0943 0.0774 
        H925  1 0.0989 0.1234 0.0648 0.0741 0.1001 0.3197 0.0825 0.0835 0.0530 
       H9558  1 0.0696 0.1033 0.1836 0.1058 0.0554 0.0425 0.2031 0.1455 0.0910 
        H008  2 0.1435 0.0859 0.1274 0.1011 0.0459 0.1037 0.0964 0.1305 0.1656 
        H021  2 0.1039 0.0943 0.0899 0.0938 0.1174 0.1803 0.0973 0.1203 0.1029 
        H023  2 0.0755 0.1304 0.0723 0.0853 0.1315 0.2313 0.0880 0.0949 0.0909 
        H024  2 0.1998 0.0760 0.1475 0.1201 0.0446 0.0559 0.0700 0.1025 0.1836 
        H025  2 0.0754 0.0987 0.1001 0.1417 0.1822 0.0801 0.0933 0.0966 0.1319 
        H026  2 0.1584 0.0948 0.1336 0.2294 0.0500 0.0776 0.0944 0.0932 0.0687 
        H027  2 0.1911 0.1335 0.0856 0.0956 0.0751 0.1787 0.1093 0.0706 0.0606 
        H028  2 0.0956 0.1070 0.1544 0.1413 0.0697 0.0872 0.1579 0.0989 0.0880 
        H029  2 0.1083 0.1318 0.1138 0.1034 0.0714 0.1388 0.0970 0.0852 0.1502 
        H030  2 0.1597 0.0953 0.1644 0.1134 0.0470 0.0632 0.1230 0.1111 0.1230 
        H038  2 0.0623 0.2111 0.0724 0.0778 0.1393 0.2041 0.1027 0.0671 0.0631 
        H039  2 0.0368 0.0434 0.0431 0.0347 0.4850 0.0624 0.0379 0.0487 0.2080 
        H040  2 0.1003 0.1501 0.0755 0.0787 0.2439 0.0924 0.0904 0.0742 0.0945 
        H041  2 0.1659 0.1064 0.1142 0.0813 0.0846 0.1499 0.0743 0.0837 0.1397 
        H042  2 0.0834 0.0903 0.0924 0.1042 0.1209 0.1810 0.1174 0.0923 0.1181 
        H043  2 0.0517 0.2737 0.0658 0.0650 0.1611 0.0785 0.1119 0.0746 0.1177 
        H044  2 0.1086 0.1171 0.1776 0.1056 0.0539 0.0474 0.1628 0.1105 0.1166 
        H047  2 0.0874 0.0904 0.1291 0.1006 0.1462 0.0686 0.1200 0.1345 0.1231 
        H050  2 0.3590 0.0826 0.1235 0.0973 0.0689 0.0472 0.0730 0.0934 0.0551 
        H058  2 0.0957 0.1338 0.1042 0.1195 0.1251 0.0806 0.1364 0.1014 0.1034 
        H062  2 0.0467 0.0721 0.0527 0.0858 0.1101 0.3696 0.0816 0.0934 0.0879 
        H063  2 0.1023 0.1499 0.0964 0.0793 0.1617 0.0992 0.0937 0.0932 0.1243 
        H065  2 0.0524 0.1021 0.0694 0.2714 0.1010 0.1188 0.1004 0.1069 0.0777 
        H066  2 0.1154 0.1104 0.1604 0.1176 0.0756 0.0551 0.1265 0.0925 0.1464 
        H067  2 0.0896 0.0884 0.1284 0.1168 0.0821 0.1841 0.1305 0.0935 0.0866 
        H068  2 0.1120 0.0943 0.0806 0.0847 0.2577 0.1016 0.0926 0.0759 0.1006 
        H069  2 0.0990 0.2575 0.0806 0.1162 0.0910 0.0965 0.1081 0.0871 0.0640 
        H071  2 0.0881 0.1029 0.0914 0.1148 0.1151 0.1141 0.1152 0.1489 0.1095 
        H072  2 0.0710 0.0844 0.0915 0.0790 0.2793 0.0900 0.0804 0.0729 0.1515 
        H073  2 0.0898 0.1582 0.0848 0.1646 0.0799 0.1322 0.1132 0.0937 0.0838 
        H081  2 0.1108 0.0753 0.0704 0.0708 0.1013 0.2267 0.0805 0.1334 0.1308 
        H082  2 0.1724 0.1135 0.1496 0.1068 0.0512 0.0581 0.1474 0.0930 0.1081 
        H083  2 0.1194 0.1158 0.1551 0.1077 0.0561 0.0552 0.1714 0.1462 0.0731 
        H084  2 0.1138 0.1343 0.1179 0.0965 0.1273 0.1019 0.1023 0.0804 0.1256 
        H085  2 0.2486 0.0785 0.0766 0.0755 0.0685 0.2220 0.0778 0.0831 0.0694 
        H087  2 0.0792 0.0715 0.1019 0.0773 0.0806 0.2603 0.1115 0.1046 0.1132 
        H088  2 0.0934 0.1224 0.1139 0.0905 0.1355 0.1065 0.1173 0.1143 0.1062 
        H089  2 0.1140 0.1422 0.0870 0.1142 0.0804 0.2075 0.1017 0.0878 0.0652 
        H090  2 0.3496 0.1117 0.1344 0.0850 0.0559 0.0643 0.0701 0.0740 0.0550 
        H091  2 0.3860 0.0623 0.0976 0.0705 0.0537 0.1323 0.0710 0.0663 0.0602 
        H098  2 0.1530 0.0843 0.1022 0.0914 0.0825 0.1111 0.0818 0.0892 0.2045 
      H10001  2 0.0402 0.0410 0.0342 0.0409 0.4368 0.0725 0.0427 0.0676 0.2241 
      H10002  2 0.0793 0.1071 0.0870 0.0860 0.1243 0.0918 0.1202 0.1742 0.1301 
        H101  2 0.3956 0.0826 0.1410 0.0656 0.0750 0.0406 0.0653 0.0749 0.0593 
        H108  2 0.0623 0.0515 0.0753 0.0875 0.2122 0.2157 0.0795 0.0801 0.1360 
        H109  2 0.1363 0.1400 0.1160 0.1046 0.1136 0.0646 0.0944 0.0793 0.1512 
        H110  2 0.1018 0.0838 0.1079 0.0895 0.0668 0.1095 0.1363 0.1760 0.1284 
        H116  2 0.1303 0.1066 0.1231 0.1396 0.0652 0.0699 0.1112 0.1178 0.1364 
        H117  2 0.2478 0.0996 0.1615 0.0585 0.0492 0.1070 0.0662 0.0762 0.1339 
        H118  2 0.2657 0.0838 0.0918 0.1250 0.0460 0.1601 0.0665 0.0897 0.0712 
        H119  2 0.1018 0.0981 0.1419 0.1012 0.1326 0.0819 0.0940 0.1081 0.1403 
        H120  2 0.0540 0.0599 0.0538 0.0538 0.2542 0.1814 0.0554 0.0807 0.2069 
        H121  2 0.3825 0.0894 0.1077 0.0749 0.0544 0.1118 0.0531 0.0758 0.0504 
        H125  2 0.0344 0.0543 0.0674 0.0437 0.5130 0.0614 0.0428 0.0398 0.1432 
        H126  2 0.0872 0.0938 0.1315 0.1694 0.0674 0.0706 0.1296 0.1302 0.1202 
        H128  2 0.4280 0.0790 0.1287 0.0769 0.0358 0.0660 0.0519 0.0863 0.0474 
        H129  2 0.0757 0.1230 0.1319 0.2163 0.0576 0.0553 0.1551 0.1147 0.0704 
        H130  2 0.0562 0.0907 0.1068 0.1323 0.1837 0.0518 0.1197 0.1313 0.1275 
        H133  2 0.0777 0.0705 0.0687 0.0725 0.3718 0.0695 0.0673 0.0645 0.1374 
        H134  2 0.0531 0.0971 0.0896 0.3729 0.0421 0.0576 0.0855 0.1180 0.0840 
        H135  2 0.1061 0.1071 0.1076 0.1058 0.1242 0.1126 0.1158 0.1210 0.0999 
        H137  2 0.2058 0.0804 0.1519 0.0868 0.1128 0.0557 0.0829 0.0716 0.1521 
        H138  2 0.0672 0.1139 0.1387 0.1905 0.0483 0.0441 0.1476 0.1725 0.0772 
        H140  2 0.2090 0.0834 0.1387 0.0973 0.1158 0.0819 0.0935 0.0932 0.0871 
        H146  2 0.3763 0.0779 0.1049 0.0837 0.0650 0.0980 0.0566 0.0761 0.0615 
        H147  2 0.1393 0.0942 0.1034 0.0967 0.0707 0.1029 0.1202 0.1361 0.1365 
        H148  2 0.1756 0.0851 0.1137 0.0778 0.0613 0.1243 0.0792 0.1292 0.1539 
     H166022  2 0.1127 0.1016 0.1495 0.1103 0.0524 0.0610 0.1611 0.1048 0.1466 
     H167359  2 0.1065 0.1189 0.1497 0.1169 0.0830 0.0766 0.1634 0.1085 0.0765 
     H167397  2 0.1515 0.0858 0.1284 0.0893 0.0367 0.0419 0.0952 0.1091 0.2621 
     H167428  2 0.1643 0.1073 0.0959 0.0794 0.0691 0.2668 0.0738 0.1001 0.0434 
     H167496  2 0.0883 0.0865 0.0723 0.0603 0.3142 0.1276 0.0641 0.0647 0.1218 
     H167513  2 0.1444 0.1879 0.1140 0.0730 0.0749 0.0547 0.1037 0.0718 0.1757 
     H167545  2 0.0911 0.1202 0.1221 0.1188 0.0669 0.0751 0.1693 0.1506 0.0858 
     H167547  2 0.1016 0.0601 0.1580 0.0795 0.0369 0.0261 0.0641 0.0987 0.3749 
     H169621  2 0.1954 0.0745 0.1289 0.1108 0.0565 0.0730 0.1305 0.1226 0.1079 
     H169622  2 0.0742 0.1754 0.1330 0.1380 0.0606 0.0928 0.1607 0.1137 0.0515 
     H169750  2 0.0955 0.1058 0.1294 0.1148 0.1867 0.0563 0.1181 0.0925 0.1008 
     H171806  2 0.2246 0.0925 0.1018 0.0905 0.1052 0.1063 0.0698 0.0977 0.1116 
     H171808  2 0.0835 0.1479 0.0847 0.1322 0.0952 0.1795 0.1009 0.1015 0.0746 
     H171809  2 0.0781 0.1045 0.1144 0.1129 0.0979 0.1283 0.1082 0.1358 0.1199 
     H171813  2 0.0858 0.0992 0.1079 0.1438 0.0671 0.0778 0.1144 0.1641 0.1399 
     H171815  2 0.0514 0.1791 0.0563 0.0820 0.2511 0.1073 0.0705 0.0742 0.1283 
     H171824  2 0.1074 0.0821 0.1352 0.0699 0.1275 0.1765 0.1009 0.1060 0.0944 
     H171825  2 0.0736 0.1409 0.1334 0.1393 0.0770 0.1129 0.1458 0.1116 0.0654 
     H171826  2 0.0977 0.0940 0.1376 0.0994 0.1119 0.1157 0.1017 0.1208 0.1212 
     H171827  2 0.0935 0.1212 0.0810 0.0954 0.0816 0.0748 0.1288 0.2034 0.1204 
     H171828  2 0.0695 0.0587 0.0608 0.0498 0.2845 0.1570 0.0449 0.0880 0.1867 
     H171829  2 0.0995 0.1057 0.1016 0.1461 0.1618 0.0678 0.1140 0.0960 0.1073 
     H171830  2 0.1436 0.0907 0.1177 0.0864 0.0914 0.0734 0.0909 0.0985 0.2073 
     H171831  2 0.1108 0.1130 0.1340 0.1681 0.0507 0.0701 0.1268 0.1080 0.1185 
     H171832  2 0.0671 0.0906 0.1848 0.1417 0.0621 0.0643 0.1348 0.1724 0.0822 
     H171863  2 0.1220 0.1544 0.1205 0.1855 0.0480 0.0618 0.1432 0.0990 0.0656 
     H171864  2 0.1511 0.1163 0.1118 0.1011 0.1014 0.1044 0.0742 0.0811 0.1586 
     H171865  2 0.0712 0.1354 0.0739 0.0737 0.2447 0.1358 0.0790 0.0548 0.1314 
     H171879  2 0.1667 0.1272 0.1632 0.1008 0.0695 0.0657 0.1086 0.1054 0.0929 
     H171880  2 0.2363 0.0845 0.1481 0.0718 0.0603 0.0757 0.0996 0.0749 0.1488 
     H171881  2 0.0970 0.0931 0.1121 0.1382 0.0676 0.1793 0.1376 0.0936 0.0815 
     H171882  2 0.0511 0.0466 0.0428 0.0411 0.4603 0.0657 0.0483 0.0490 0.1950 
     H171929  2 0.1249 0.0985 0.1109 0.1252 0.0748 0.1375 0.1125 0.0972 0.1185 
     H171930  2 0.1486 0.0960 0.1706 0.1182 0.0615 0.0491 0.1547 0.1096 0.0918 
     H171933  2 0.1333 0.1131 0.1274 0.1243 0.1077 0.0749 0.1034 0.1057 0.1102 
     H171934  2 0.1149 0.0924 0.1044 0.0905 0.0869 0.1902 0.1052 0.1200 0.0955 
     H171937  2 0.1028 0.0976 0.1750 0.1546 0.0556 0.0430 0.1698 0.1265 0.0751 
     H171962  2 0.0782 0.1087 0.1269 0.1136 0.0567 0.2017 0.1386 0.1167 0.0588 
        H190  2 0.1175 0.1006 0.1192 0.1444 0.0777 0.0684 0.1636 0.1098 0.0987 
        H191  2 0.1083 0.1217 0.1051 0.1162 0.0887 0.1509 0.0900 0.0902 0.1290 
        H396  2 0.0731 0.0652 0.0448 0.0743 0.0871 0.4696 0.0645 0.0624 0.0591 
        H397  2 0.1434 0.1129 0.1059 0.1241 0.0884 0.0763 0.1297 0.1164 0.1028 
        H398  2 0.0716 0.0952 0.0825 0.1964 0.1051 0.1982 0.0941 0.0935 0.0633 
        H400  2 0.0992 0.1246 0.0674 0.1009 0.0823 0.2315 0.0915 0.1221 0.0805 
        H401  2 0.1609 0.0622 0.1636 0.0610 0.0340 0.0348 0.0580 0.0906 0.3349 
        H402  2 0.1264 0.1359 0.1451 0.0985 0.0738 0.0730 0.1493 0.0991 0.0990 
        H427  2 0.0759 0.0817 0.0845 0.0814 0.0829 0.2938 0.0885 0.1029 0.1084 
        H428  2 0.1615 0.1050 0.0917 0.0863 0.0688 0.2805 0.0664 0.0995 0.0404 
        H497  2 0.0985 0.2106 0.0886 0.0910 0.0891 0.0788 0.1123 0.0938 0.1373 
        H512  2 0.1340 0.1097 0.1093 0.1026 0.0742 0.0660 0.0859 0.1314 0.1869 
        H513  2 0.1353 0.1886 0.1194 0.0670 0.0744 0.0501 0.1057 0.0702 0.1895 
        H514  2 0.0673 0.1644 0.1343 0.1551 0.0586 0.0503 0.1543 0.1444 0.0713 
        H519  2 0.1534 0.1456 0.1019 0.0775 0.0776 0.0517 0.1041 0.0794 0.2087 
        H532  2 0.0940 0.1019 0.0704 0.0895 0.0770 0.3142 0.0873 0.0976 0.0681 
        H543  2 0.1502 0.1063 0.1598 0.0886 0.0574 0.0524 0.1511 0.1200 0.1142 
        H544  2 0.0773 0.1760 0.1265 0.1547 0.0943 0.0862 0.1173 0.0969 0.0708 
        H545  2 0.0888 0.1021 0.1372 0.1213 0.0662 0.0707 0.1801 0.1501 0.0835 
        H546  2 0.0536 0.1123 0.0755 0.1053 0.2313 0.1367 0.1040 0.0805 0.1007 
        H547  2 0.1009 0.0549 0.1590 0.0774 0.0415 0.0281 0.0640 0.0939 0.3804 
        H548  2 0.1028 0.1501 0.1112 0.1054 0.0827 0.1325 0.1095 0.1086 0.0972 
        H549  2 0.1155 0.3546 0.0757 0.0675 0.1047 0.0941 0.0854 0.0472 0.0552 
        H620  2 0.0412 0.0584 0.0475 0.0482 0.4401 0.0824 0.0518 0.0501 0.1804 
        H623  2 0.0956 0.0969 0.1567 0.1535 0.0661 0.0537 0.1780 0.1137 0.0859 
        H624  2 0.0444 0.2869 0.0724 0.0858 0.1009 0.0855 0.1294 0.0861 0.1087 
        H625  2 0.0849 0.1097 0.0802 0.1004 0.0742 0.3051 0.0952 0.0748 0.0755 
        H626  2 0.0826 0.1755 0.1281 0.1103 0.0765 0.0824 0.1071 0.0870 0.1505 
        H654  2 0.0315 0.1744 0.0430 0.0512 0.3400 0.1062 0.0624 0.0495 0.1419 
        H655  2 0.1029 0.1020 0.1104 0.0965 0.0950 0.0749 0.1350 0.1669 0.1163 
        H656  2 0.0390 0.0576 0.0420 0.0644 0.3684 0.1263 0.0494 0.0657 0.1873 
        H666  2 0.1082 0.0540 0.0636 0.0657 0.4014 0.0744 0.0492 0.0460 0.1374 
        H667  2 0.0695 0.1119 0.0929 0.1020 0.0836 0.1172 0.1270 0.1664 0.1295 
        H677  2 0.1074 0.1106 0.1025 0.1139 0.0824 0.1307 0.1266 0.1227 0.1032 
        H693  2 0.0695 0.0657 0.0627 0.0699 0.1536 0.2679 0.0745 0.0990 0.1372 
        H694  2 0.1420 0.0824 0.1590 0.1320 0.0863 0.0591 0.1579 0.1015 0.0799 
        H701  2 0.1542 0.0999 0.1825 0.1038 0.0482 0.0587 0.1414 0.1277 0.0835 
        H702  2 0.1070 0.0933 0.1391 0.0992 0.0972 0.0825 0.1302 0.1256 0.1258 
        H731  2 0.0960 0.0826 0.1072 0.0896 0.1276 0.1102 0.1130 0.1479 0.1259 
       H7359  2 0.1121 0.1211 0.1504 0.1130 0.0844 0.0777 0.1534 0.1057 0.0822 
       H7389  2 0.1301 0.1274 0.1009 0.1045 0.0689 0.2219 0.0854 0.0856 0.0752 
       H7390  2 0.0790 0.1367 0.0834 0.0940 0.2341 0.0852 0.0958 0.1034 0.0885 
       H7391  2 0.1228 0.1117 0.1032 0.0607 0.0798 0.2920 0.0699 0.0793 0.0807 
       H7392  2 0.0939 0.1166 0.1065 0.1436 0.1047 0.1503 0.1253 0.0963 0.0629 
       H7393  2 0.1062 0.1057 0.0956 0.0973 0.1267 0.0907 0.1119 0.1118 0.1541 
       H7398  2 0.1673 0.0855 0.0797 0.0935 0.0795 0.1701 0.0763 0.0861 0.1622 
       H7399  2 0.1249 0.0948 0.1102 0.1312 0.0690 0.1015 0.1419 0.1447 0.0819 
       H7400  2 0.0315 0.0820 0.0412 0.0482 0.4090 0.0917 0.0503 0.0611 0.1850 
        H745  2 0.0969 0.0956 0.0932 0.3168 0.0466 0.0583 0.0888 0.1105 0.0932 
        H746  2 0.0705 0.1172 0.0912 0.1254 0.0720 0.0850 0.1437 0.1882 0.1069 
        H747  2 0.1528 0.0773 0.0811 0.0838 0.2985 0.0819 0.0583 0.0610 0.1054 
        H748  2 0.0835 0.1652 0.1177 0.1003 0.0839 0.0653 0.1182 0.1197 0.1461 
       H7484  2 0.0692 0.0518 0.0680 0.0688 0.3903 0.0800 0.0513 0.0609 0.1596 
       H7485  2 0.1115 0.2192 0.1179 0.1240 0.0573 0.0822 0.1158 0.0861 0.0859 
        H749  2 0.0652 0.2144 0.0915 0.1257 0.0601 0.1096 0.1219 0.1269 0.0846 
        H930  2 0.1693 0.1001 0.1478 0.1330 0.0667 0.0508 0.1254 0.1104 0.0964 
        H931  2 0.1306 0.0908 0.1182 0.1301 0.0762 0.1554 0.1080 0.0982 0.0924 
        H932  2 0.1489 0.0929 0.1287 0.1155 0.0870 0.1032 0.1090 0.0967 0.1182 
        H111  3 0.1110 0.1196 0.1453 0.1424 0.0534 0.0514 0.1354 0.1260 0.1154 
        H951  3 0.1323 0.1045 0.1043 0.1358 0.0587 0.0765 0.0891 0.0994 0.1994 
        H952  3 0.2164 0.1060 0.1047 0.1336 0.0977 0.0804 0.0941 0.0872 0.0798 
        H953  3 0.1048 0.0903 0.0987 0.0763 0.0634 0.3465 0.0696 0.0666 0.0839 
        H954  3 0.0898 0.1082 0.0905 0.0897 0.2209 0.0902 0.1077 0.0847 0.1183 
        H955  3 0.1117 0.1128 0.1886 0.1181 0.0518 0.0617 0.1615 0.1184 0.0753 
        H956  3 0.3393 0.0825 0.1131 0.0678 0.0949 0.0928 0.0703 0.0715 0.0677 
       H9563  3 0.1192 0.0750 0.1161 0.0777 0.1041 0.1777 0.1024 0.0685 0.1594 
        H002  4 0.0459 0.0985 0.0846 0.1101 0.1378 0.0719 0.1255 0.1663 0.1593 
        H003  4 0.0770 0.0862 0.0896 0.1427 0.0682 0.1158 0.1734 0.1544 0.0927 
        H009  4 0.0913 0.1457 0.1468 0.1352 0.0563 0.0741 0.1335 0.1572 0.0599 
        H010  4 0.1206 0.1026 0.1268 0.1241 0.0791 0.1171 0.1244 0.1259 0.0794 
        H011  4 0.0536 0.0799 0.0746 0.0715 0.1985 0.2122 0.0925 0.0886 0.1285 
        H012  4 0.1163 0.0961 0.1325 0.0900 0.0619 0.0789 0.1492 0.1607 0.1145 
        H013  4 0.0834 0.0965 0.0993 0.0979 0.1090 0.1242 0.1073 0.1512 0.1312 
        H014  4 0.0860 0.1071 0.1742 0.1196 0.0720 0.0668 0.1527 0.1185 0.1032 
        H045  4 0.1095 0.0676 0.0626 0.0714 0.1103 0.3606 0.0524 0.0544 0.1112 
        H046  4 0.0811 0.1042 0.1068 0.1883 0.0617 0.0960 0.1465 0.1452 0.0703 
        H051  4 0.0856 0.0823 0.0819 0.0950 0.1276 0.1888 0.0931 0.1081 0.1375 
        H052  4 0.0833 0.0755 0.0763 0.1304 0.2691 0.0716 0.0923 0.0784 0.1230 
        H053  4 0.1304 0.1042 0.1252 0.1047 0.0991 0.0825 0.1255 0.1355 0.0928 
        H056  4 0.0712 0.0973 0.0751 0.1000 0.2166 0.1039 0.0967 0.0741 0.1650 
        H076  4 0.0782 0.1168 0.1238 0.1717 0.0556 0.0950 0.1189 0.1124 0.1276 
        H151  4 0.0494 0.1075 0.0680 0.1017 0.1739 0.1048 0.1138 0.1418 0.1390 
        H152  4 0.0673 0.0819 0.0875 0.1162 0.1280 0.0653 0.1099 0.1899 0.1539 
     H171803  4 0.0660 0.1667 0.0918 0.0771 0.1761 0.1048 0.1096 0.1109 0.0971 
     H171804  4 0.0910 0.1042 0.1146 0.0907 0.1642 0.1075 0.0980 0.0927 0.1371 
     H171833  4 0.0740 0.1182 0.1607 0.1838 0.0535 0.0585 0.1598 0.1250 0.0664 
     H171855  4 0.0503 0.1135 0.0859 0.1071 0.2746 0.0591 0.0783 0.0904 0.1410 
     H171856  4 0.1714 0.1539 0.0993 0.0951 0.1152 0.1077 0.0836 0.0813 0.0926 
     H171857  4 0.0794 0.1019 0.1135 0.1074 0.2171 0.0807 0.0908 0.0840 0.1254 
     H171858  4 0.1053 0.1098 0.1173 0.1350 0.0826 0.0738 0.1064 0.1598 0.1100 
     H171859  4 0.0974 0.1011 0.1271 0.1488 0.1113 0.0984 0.1099 0.1098 0.0963 
     H171961  4 0.0737 0.1244 0.0757 0.1059 0.1502 0.1769 0.0923 0.0797 0.1212 
        H198  4 0.0852 0.1076 0.1777 0.1314 0.0559 0.0781 0.1788 0.1194 0.0659 
      H20001  4 0.0848 0.1198 0.1466 0.1471 0.0486 0.0481 0.1638 0.1538 0.0874 
        H403  4 0.0829 0.1299 0.1162 0.1214 0.1373 0.0831 0.0989 0.0980 0.1323 
        H404  4 0.0837 0.1051 0.0914 0.1074 0.0578 0.1070 0.1274 0.2237 0.0965 
        H405  4 0.0935 0.1043 0.0944 0.1756 0.0673 0.0981 0.1272 0.1173 0.1222 
        H406  4 0.1164 0.0739 0.1328 0.1289 0.0885 0.0466 0.0825 0.0971 0.2333 
        H407  4 0.1551 0.1076 0.1315 0.0959 0.0943 0.1429 0.0845 0.0965 0.0916 
        H410  4 0.1583 0.1188 0.1893 0.0642 0.0427 0.0870 0.0443 0.0805 0.2149 
        H411  4 0.0745 0.0906 0.1247 0.1281 0.0433 0.0379 0.1132 0.1749 0.2128 
        H468  4 0.0828 0.1300 0.1258 0.1356 0.1570 0.0540 0.1370 0.0791 0.0987 
        H476  4 0.1060 0.1416 0.1361 0.0958 0.1350 0.0607 0.1459 0.0915 0.0874 
        H477  4 0.0642 0.1239 0.1382 0.1817 0.0591 0.0569 0.1410 0.1458 0.0892 
        H478  4 0.0803 0.1567 0.1105 0.0987 0.0701 0.0856 0.1432 0.1618 0.0933 
        H479  4 0.0986 0.0850 0.0661 0.1107 0.1723 0.1753 0.0841 0.0957 0.1123 
        H480  4 0.1114 0.0926 0.1211 0.1244 0.0645 0.0459 0.1383 0.1484 0.1536 
        H498  4 0.0868 0.1066 0.1276 0.1228 0.0820 0.0648 0.1802 0.1396 0.0896 
        H499  4 0.0849 0.1113 0.0940 0.1341 0.0765 0.1198 0.1275 0.1345 0.1174 
        H500  4 0.0863 0.1516 0.0812 0.0763 0.1986 0.1076 0.1014 0.1062 0.0909 
        H515  4 0.0915 0.1071 0.1028 0.1006 0.1033 0.0713 0.1103 0.1403 0.1728 
        H516  4 0.1666 0.0989 0.1484 0.1253 0.0832 0.0520 0.1295 0.1204 0.0756 
        H517  4 0.1412 0.1003 0.1681 0.0952 0.1021 0.0687 0.0886 0.1094 0.1263 
        H518  4 0.0950 0.0881 0.0909 0.1556 0.2355 0.0681 0.0861 0.0763 0.1045 
        H520  4 0.0957 0.1077 0.1069 0.0970 0.2688 0.0790 0.0920 0.0667 0.0863 
        H521  4 0.1218 0.1151 0.1122 0.1140 0.0803 0.1827 0.1049 0.0947 0.0744 
        H522  4 0.1240 0.1324 0.1165 0.0990 0.1011 0.0939 0.1467 0.1135 0.0729 
        H523  4 0.2047 0.0961 0.1146 0.0966 0.0898 0.0742 0.1012 0.1190 0.1038 
        H536  4 0.0843 0.1238 0.0845 0.2033 0.0892 0.1398 0.0977 0.1182 0.0592 
        H645  4 0.0856 0.0830 0.0522 0.0569 0.1156 0.4083 0.0652 0.0697 0.0633 
        H646  4 0.2903 0.0838 0.1225 0.1400 0.0517 0.0788 0.0960 0.0834 0.0534 
        H647  4 0.0940 0.2370 0.1038 0.1233 0.0815 0.0884 0.1228 0.0726 0.0767 
        H657  4 0.1251 0.0980 0.1363 0.1459 0.0729 0.0685 0.1069 0.0935 0.1528 
        H658  4 0.2208 0.1001 0.1177 0.0935 0.0954 0.0952 0.1206 0.0864 0.0704 
        H659  4 0.0498 0.1948 0.0633 0.0663 0.2103 0.0924 0.0898 0.1056 0.1276 
        H660  4 0.0872 0.1736 0.1035 0.1093 0.0770 0.0937 0.1367 0.1175 0.1015 
        H661  4 0.0620 0.1622 0.1008 0.1197 0.1052 0.0663 0.1278 0.1371 0.1189 
        H668  4 0.1006 0.0896 0.1330 0.0940 0.0687 0.0765 0.1506 0.1840 0.1029 
        H669  4 0.1216 0.1241 0.0963 0.1024 0.1102 0.1145 0.1046 0.1093 0.1169 
        H670  4 0.0671 0.0674 0.0694 0.0671 0.1079 0.2008 0.0998 0.1962 0.1243 
        H678  4 0.1043 0.1485 0.1182 0.0977 0.0720 0.0757 0.1159 0.1213 0.1466 
        H679  4 0.1842 0.1161 0.1629 0.0965 0.0579 0.0677 0.1177 0.1089 0.0882 
        H680  4 0.0871 0.1288 0.1202 0.1534 0.0818 0.0731 0.0916 0.1247 0.1395 
        H681  4 0.0951 0.1025 0.1196 0.0906 0.1269 0.1088 0.1113 0.1395 0.1058 
        H682  4 0.1534 0.0977 0.1509 0.0863 0.0774 0.0754 0.1454 0.1070 0.1066 
        H683  4 0.1203 0.0980 0.0982 0.1374 0.2003 0.0615 0.0954 0.0759 0.1128 
        H718  4 0.0936 0.0666 0.0603 0.0627 0.3672 0.1177 0.0536 0.0487 0.1297 
        H719  4 0.0939 0.0668 0.0860 0.0876 0.1043 0.2905 0.1074 0.0717 0.0917 
        H720  4 0.0766 0.1665 0.0720 0.1423 0.1193 0.1208 0.1133 0.0922 0.0970 
        H721  4 0.0522 0.1182 0.0831 0.1822 0.1388 0.0804 0.1079 0.1099 0.1274 
        H722  4 0.0886 0.1094 0.0732 0.2336 0.1381 0.0766 0.0830 0.0783 0.1193 
        H723  4 0.0862 0.1025 0.0866 0.0764 0.1500 0.1623 0.0793 0.0856 0.1711 
        H724  4 0.0757 0.0763 0.0854 0.0563 0.4164 0.0898 0.0559 0.0458 0.0985 
        H725  4 0.0577 0.0711 0.0731 0.0777 0.3951 0.0701 0.0662 0.0586 0.1304 
        H726  4 0.0782 0.1091 0.1006 0.1055 0.1732 0.0785 0.1056 0.1051 0.1442 
        H727  4 0.1154 0.0926 0.1200 0.0944 0.1395 0.1314 0.0884 0.1043 0.1140 
        H910  4 0.1287 0.0796 0.1072 0.0823 0.1248 0.0979 0.0879 0.1391 0.1524 
        H911  4 0.1334 0.0995 0.1483 0.1177 0.0818 0.0689 0.1059 0.0719 0.1725 
        H912  4 0.1013 0.1623 0.1140 0.1171 0.1113 0.0690 0.1115 0.0866 0.1270 
        H913  4 0.2181 0.1087 0.1141 0.0813 0.1087 0.0940 0.1036 0.0989 0.0725 
        H914  4 0.1023 0.0977 0.0786 0.0721 0.1218 0.1662 0.0844 0.1556 0.1212 
        H915  4 0.0938 0.1284 0.1250 0.1043 0.0877 0.0742 0.1057 0.0992 0.1817 
        H916  4 0.1237 0.1033 0.1132 0.1281 0.0699 0.0615 0.1026 0.1252 0.1725 
       H9572  4 0.0958 0.1284 0.1334 0.0950 0.1378 0.0978 0.1236 0.0642 0.1240 
        H015  5 0.0958 0.1013 0.1414 0.0992 0.0574 0.0939 0.2139 0.0977 0.0995 
        H016  5 0.0912 0.1472 0.1134 0.2352 0.0575 0.0748 0.1059 0.1041 0.0708 
        H017  5 0.0986 0.1473 0.0904 0.1201 0.0716 0.0749 0.1080 0.1555 0.1336 
        H019  5 0.0866 0.1182 0.1588 0.1266 0.0667 0.0791 0.1689 0.1067 0.0885 
        H020  5 0.1563 0.1358 0.0641 0.1140 0.0967 0.1756 0.0796 0.1020 0.0759 
        H032  5 0.1139 0.0843 0.1290 0.1242 0.1497 0.0577 0.1067 0.1068 0.1277 
        H033  5 0.1625 0.0816 0.1606 0.1064 0.0774 0.0956 0.1483 0.1051 0.0625 
        H034  5 0.0882 0.0781 0.0977 0.0963 0.1485 0.0917 0.1025 0.1438 0.1532 
        H035  5 0.1321 0.1431 0.1134 0.1223 0.1084 0.0859 0.1104 0.0994 0.0850 
        H036  5 0.1970 0.1054 0.1157 0.1159 0.0889 0.1054 0.0963 0.0720 0.1035 
        H037  5 0.0946 0.1406 0.1059 0.0848 0.1015 0.1239 0.1218 0.1251 0.1017 
        H048  5 0.0576 0.0828 0.0924 0.0684 0.2470 0.2498 0.0637 0.0544 0.0839 
        H049  5 0.0923 0.0908 0.1775 0.1166 0.0798 0.1013 0.1642 0.1182 0.0593 
        H054  5 0.1101 0.0784 0.1104 0.2111 0.1045 0.0959 0.0707 0.0996 0.1193 
        H055  5 0.0572 0.0887 0.0963 0.1232 0.0851 0.1067 0.1290 0.1860 0.1280 
        H057  5 0.0491 0.1142 0.1102 0.2753 0.0814 0.0618 0.1293 0.1070 0.0717 
        H060  5 0.0439 0.0653 0.0516 0.0833 0.0631 0.0781 0.0989 0.3115 0.2042 
        H061  5 0.0827 0.1073 0.1054 0.1193 0.0858 0.1761 0.1393 0.1072 0.0769 
        H064  5 0.0927 0.1000 0.0840 0.1292 0.1474 0.1262 0.1051 0.1073 0.1081 
        H070  5 0.0836 0.0617 0.0759 0.0685 0.0718 0.0979 0.0889 0.2337 0.2180 
        H077  5 0.0647 0.0804 0.0796 0.0716 0.2389 0.0666 0.0889 0.0886 0.2206 
        H078  5 0.1126 0.1293 0.0921 0.1189 0.1559 0.0691 0.1072 0.1062 0.1085 
        H079  5 0.2511 0.1139 0.0868 0.0900 0.0629 0.1429 0.0888 0.0988 0.0648 
        H097  5 0.0766 0.0991 0.1295 0.1350 0.1066 0.0474 0.1598 0.1345 0.1116 
        H107  5 0.0600 0.0737 0.0739 0.0613 0.3133 0.1603 0.0915 0.0679 0.0983 
        H122  5 0.1008 0.1560 0.1042 0.1565 0.0832 0.0749 0.1169 0.1163 0.0913 
        H123  5 0.1588 0.0953 0.1485 0.1367 0.0562 0.0720 0.1110 0.0924 0.1292 
        H124  5 0.1403 0.1219 0.1354 0.1112 0.0708 0.1240 0.1160 0.0920 0.0884 
        H131  5 0.2695 0.0873 0.1468 0.0953 0.0711 0.0838 0.0977 0.0840 0.0645 
        H132  5 0.0991 0.0945 0.0857 0.1063 0.1021 0.2015 0.1073 0.0920 0.1114 
        H141  5 0.0826 0.1601 0.0926 0.1013 0.1533 0.1109 0.1068 0.1005 0.0918 
        H142  5 0.0902 0.1008 0.1468 0.1106 0.0542 0.0581 0.1735 0.1602 0.1056 
        H157  5 0.0767 0.0843 0.1085 0.1092 0.1990 0.1257 0.0922 0.1043 0.1000 
        H158  5 0.1687 0.1084 0.1589 0.1680 0.0567 0.0539 0.1343 0.0945 0.0566 
        H159  5 0.0819 0.0945 0.1190 0.1173 0.0724 0.0683 0.1569 0.1107 0.1791 
        H160  5 0.1163 0.1081 0.1233 0.1235 0.1768 0.0685 0.1279 0.0820 0.0736 
        H163  5 0.1203 0.0893 0.1648 0.1174 0.0676 0.0693 0.1185 0.1235 0.1294 
        H164  5 0.1149 0.0883 0.1716 0.0917 0.0642 0.0711 0.1453 0.1357 0.1173 
        H165  5 0.2030 0.1196 0.1147 0.0842 0.0887 0.1357 0.0957 0.0953 0.0631 
        H166  5 0.1261 0.0956 0.0990 0.1255 0.0708 0.1899 0.1300 0.0926 0.0704 
        H169  5 0.0918 0.0875 0.1619 0.0914 0.0767 0.0923 0.1636 0.1584 0.0764 
     H169613  5 0.0899 0.0907 0.1575 0.1224 0.0747 0.0550 0.1514 0.1508 0.1075 
     H169653  5 0.1017 0.1000 0.1798 0.1111 0.0657 0.0702 0.1897 0.1059 0.0759 
     H169728  5 0.1015 0.1079 0.1068 0.1577 0.1054 0.0652 0.1088 0.1114 0.1352 
     H169742  5 0.0713 0.1144 0.0481 0.0717 0.1123 0.3323 0.0979 0.0988 0.0532 
        H170  5 0.0544 0.0962 0.1565 0.1736 0.0757 0.0755 0.1296 0.1548 0.0837 
        H171  5 0.0784 0.1085 0.1132 0.2133 0.0531 0.0722 0.1251 0.1368 0.0994 
     H171851  5 0.1052 0.0897 0.1559 0.1316 0.0732 0.0806 0.1427 0.1386 0.0824 
     H171852  5 0.0730 0.2023 0.0750 0.1192 0.1756 0.0933 0.1003 0.0693 0.0920 
     H171853  5 0.1014 0.1028 0.1418 0.0948 0.1515 0.0866 0.1048 0.0908 0.1255 
     H171854  5 0.0829 0.1104 0.1523 0.1179 0.0974 0.0500 0.1278 0.1224 0.1388 
     H171938  5 0.0860 0.0993 0.1020 0.0892 0.0914 0.1264 0.1434 0.1632 0.0992 
     H171939  5 0.1064 0.1717 0.0912 0.1393 0.0643 0.1535 0.1076 0.0873 0.0790 
     H171941  5 0.0686 0.0761 0.0670 0.0788 0.1385 0.1731 0.0998 0.1465 0.1515 
     H171965  5 0.0659 0.0962 0.1448 0.1307 0.0511 0.0577 0.1518 0.2125 0.0894 
     H171970  5 0.0602 0.0672 0.0702 0.0622 0.2991 0.1246 0.0719 0.0814 0.1630 
     H171973  5 0.1055 0.1180 0.0976 0.1190 0.0914 0.1643 0.1118 0.1208 0.0716 
     H171974  5 0.1171 0.0824 0.1042 0.0925 0.0779 0.1505 0.1252 0.1593 0.0908 
     H171975  5 0.0758 0.0729 0.1277 0.0971 0.1429 0.1845 0.0939 0.0855 0.1197 
     H171976  5 0.0600 0.1291 0.1443 0.1403 0.1191 0.0570 0.1609 0.1156 0.0739 
        H175  5 0.1089 0.0989 0.1054 0.1033 0.1779 0.1685 0.0887 0.0794 0.0689 
        H178  5 0.0831 0.0889 0.0997 0.1106 0.0913 0.1813 0.1228 0.1183 0.1041 
        H189  5 0.2155 0.0893 0.1583 0.1122 0.0598 0.0478 0.1401 0.1107 0.0664 
        H399  5 0.0585 0.0848 0.0914 0.3502 0.1319 0.0448 0.0796 0.0616 0.0973 
        H416  5 0.0694 0.1803 0.0813 0.0976 0.0792 0.1642 0.0970 0.1143 0.1168 
        H438  5 0.1441 0.0928 0.1321 0.0916 0.0925 0.1071 0.0991 0.1099 0.1307 
        H450  5 0.0484 0.0672 0.0606 0.0670 0.0796 0.0707 0.0911 0.3009 0.2146 
        H455  5 0.0594 0.0564 0.0630 0.0718 0.2245 0.2044 0.0678 0.0821 0.1707 
        H456  5 0.0854 0.1012 0.0976 0.0897 0.1098 0.2284 0.1160 0.1031 0.0688 
        H457  5 0.0570 0.1047 0.0949 0.1142 0.1753 0.0645 0.1312 0.1368 0.1214 
        H458  5 0.0903 0.0886 0.1045 0.1071 0.1082 0.0933 0.1192 0.1814 0.1073 
        H459  5 0.1603 0.1131 0.1694 0.1100 0.0564 0.0639 0.1758 0.1023 0.0488 
        H460  5 0.0984 0.1720 0.0885 0.0945 0.1035 0.0804 0.1212 0.1263 0.1152 
        H461  5 0.0808 0.1086 0.1556 0.1489 0.0797 0.0515 0.1415 0.1300 0.1034 
        H462  5 0.2182 0.0963 0.1143 0.1040 0.0688 0.0982 0.1076 0.1072 0.0853 
        H469  5 0.1650 0.0931 0.1135 0.0985 0.0504 0.0860 0.0992 0.1099 0.1844 
        H470  5 0.0890 0.1273 0.1295 0.1093 0.0974 0.0804 0.1355 0.1159 0.1157 
        H471  5 0.1723 0.1106 0.1577 0.1509 0.0640 0.0513 0.1226 0.1097 0.0608 
        H481  5 0.0830 0.0781 0.0675 0.0607 0.3256 0.1177 0.0697 0.0685 0.1292 
        H482  5 0.0695 0.0841 0.0845 0.1024 0.0984 0.0650 0.1229 0.1990 0.1744 
        H501  5 0.0937 0.1567 0.1228 0.0858 0.0955 0.1270 0.1443 0.1047 0.0695 
        H502  5 0.1146 0.1145 0.1565 0.1426 0.0538 0.0593 0.1467 0.1428 0.0692 
        H503  5 0.1386 0.1117 0.1228 0.1277 0.0901 0.0738 0.1414 0.0869 0.1070 
        H509  5 0.0902 0.0732 0.1529 0.0750 0.2565 0.1207 0.0736 0.0510 0.1069 
        H510  5 0.0735 0.0712 0.1224 0.1050 0.0744 0.1192 0.1427 0.1721 0.1194 
        H511  5 0.0886 0.0923 0.1300 0.1298 0.0619 0.0752 0.1452 0.1384 0.1386 
        H530  5 0.1085 0.1176 0.1129 0.0907 0.1246 0.1772 0.1118 0.0764 0.0803 
        H531  5 0.0735 0.1822 0.0771 0.0956 0.2234 0.1025 0.1088 0.0553 0.0816 
        H564  5 0.0584 0.1699 0.1168 0.1131 0.0970 0.1126 0.1183 0.1256 0.0883 
        H565  5 0.0471 0.1360 0.0720 0.0845 0.2071 0.1460 0.0869 0.0712 0.1493 
        H567  5 0.3309 0.0993 0.1415 0.0927 0.0641 0.0666 0.0649 0.0838 0.0562 
     H568???  5 0.1087 0.0992 0.1444 0.1611 0.0618 0.0729 0.1447 0.1286 0.0786 
        H608  5 0.0529 0.0509 0.0495 0.0562 0.0673 0.0658 0.0859 0.3123 0.2592 
        H609  5 0.1190 0.0899 0.0985 0.0935 0.0956 0.2357 0.0999 0.1016 0.0664 
        H612  5 0.0723 0.1077 0.0675 0.0612 0.2205 0.2030 0.0644 0.0868 0.1165 
        H614  5 0.0707 0.1923 0.0648 0.0849 0.2350 0.0948 0.0888 0.0712 0.0975 
        H615  5 0.0648 0.1876 0.0946 0.0928 0.1792 0.0926 0.1140 0.0812 0.0934 
