        H102  1 0.1000 0.1963 0.1007 0.1881 0.0945 0.1530 0.1673 
        H103  1 0.2510 0.0600 0.1776 0.0929 0.1502 0.0841 0.1841 
        H104  1 0.1139 0.1773 0.1117 0.1499 0.1630 0.1834 0.1007 
        H105  1 0.1269 0.1977 0.1343 0.1497 0.1238 0.1188 0.1488 
        H106  1 0.1790 0.1459 0.1353 0.1558 0.1203 0.1302 0.1334 
        H112  1 0.1114 0.1900 0.1195 0.1170 0.1152 0.1882 0.1587 
        H113  1 0.2020 0.1130 0.1219 0.0955 0.2242 0.0943 0.1491 
        H114  1 0.1951 0.1069 0.1409 0.1098 0.2208 0.0735 0.1529 
        H115  1 0.1108 0.1916 0.1070 0.1442 0.1336 0.1815 0.1313 
        H143  1 0.1194 0.1798 0.1551 0.1398 0.1247 0.1210 0.1601 
        H144  1 0.0917 0.1274 0.2915 0.1333 0.1080 0.0680 0.1801 
        H145  1 0.2046 0.0994 0.1575 0.1018 0.1494 0.0864 0.2009 
        H149  1 0.1002 0.1709 0.1170 0.1850 0.1044 0.1965 0.1260 
        H150  1 0.1332 0.1146 0.2332 0.0975 0.1562 0.1109 0.1545 
     H167542  1 0.0910 0.2810 0.0918 0.1814 0.1651 0.0894 0.1004 
     H169604  1 0.1300 0.1522 0.1326 0.1452 0.1947 0.1017 0.1435 
     H169607  1 0.1318 0.1331 0.1788 0.1134 0.1452 0.1005 0.1971 
     H169608  1 0.1171 0.2249 0.0923 0.1333 0.0720 0.2541 0.1062 
     H169633  1 0.1584 0.1540 0.1335 0.1185 0.2120 0.0775 0.1461 
     H169688  1 0.0978 0.0742 0.1864 0.1821 0.1071 0.1887 0.1637 
     H169714  1 0.1376 0.1223 0.1483 0.1449 0.1280 0.1907 0.1282 
     H171802  1 0.1555 0.1368 0.1006 0.1333 0.1868 0.1836 0.1033 
     H171805  1 0.1806 0.0982 0.1949 0.1226 0.1424 0.0986 0.1628 
     H171807  1 0.1104 0.1591 0.1346 0.1447 0.1413 0.1472 0.1627 
     H171814  1 0.1785 0.0661 0.1963 0.0788 0.2237 0.0844 0.1723 
     H171816  1 0.1257 0.1238 0.1342 0.1343 0.1321 0.1899 0.1600 
     H171817  1 0.1472 0.1425 0.1240 0.1401 0.1201 0.1900 0.1360 
     H171818  1 0.1396 0.1418 0.1641 0.1797 0.1203 0.1161 0.1385 
     H171819  1 0.1827 0.1162 0.1445 0.1109 0.1528 0.1398 0.1532 
     H171834  1 0.1404 0.1297 0.1507 0.1394 0.1454 0.1214 0.1731 
     H171835  1 0.1271 0.1393 0.0879 0.1611 0.1772 0.2221 0.0853 
     H171836  1 0.2693 0.0936 0.1550 0.0954 0.1607 0.0661 0.1598 
     H171837  1 0.1167 0.1905 0.1198 0.1487 0.1497 0.1595 0.1151 
     H171838  1 0.2352 0.0670 0.1659 0.0896 0.1682 0.0816 0.1924 
     H171839  1 0.1376 0.1620 0.1144 0.1573 0.1890 0.1267 0.1130 
     H171841  1 0.0849 0.2699 0.1017 0.0951 0.0696 0.2767 0.1022 
     H171860  1 0.1553 0.1324 0.1233 0.1217 0.1964 0.1291 0.1418 
     H171861  1 0.2459 0.1099 0.1399 0.1204 0.1479 0.0597 0.1763 
     H171862  1 0.1488 0.1305 0.1714 0.1238 0.1340 0.1125 0.1790 
     H171868  1 0.1248 0.1977 0.1172 0.2113 0.1051 0.0985 0.1454 
     H171869  1 0.1115 0.0917 0.2432 0.1161 0.1320 0.1126 0.1929 
     H171870  1 0.1106 0.1068 0.1862 0.1743 0.1038 0.1837 0.1346 
     H171871  1 0.2033 0.0680 0.1971 0.1054 0.1351 0.1078 0.1835 
     H171872  1 0.1425 0.1566 0.1217 0.1417 0.1551 0.1560 0.1263 
     H171873  1 0.1364 0.0877 0.1620 0.1796 0.1250 0.1826 0.1266 
     H171874  1 0.1475 0.1220 0.1597 0.1401 0.1586 0.0899 0.1822 
     H171875  1 0.1719 0.1355 0.1535 0.1143 0.1845 0.0562 0.1842 
     H171876  1 0.1268 0.1430 0.1448 0.1667 0.1652 0.0832 0.1702 
     H171877  1 0.0883 0.2597 0.0905 0.2094 0.1640 0.0818 0.1062 
     H171878  1 0.0874 0.1148 0.1543 0.2097 0.0891 0.1957 0.1490 
     H171901  1 0.1072 0.1189 0.0875 0.1980 0.0966 0.2901 0.1018 
     H171902  1 0.1037 0.1391 0.1723 0.1205 0.1105 0.1573 0.1965 
     H171903  1 0.1343 0.0986 0.1516 0.1210 0.1856 0.1307 0.1783 
     H171935  1 0.1395 0.1101 0.1535 0.1686 0.0997 0.1831 0.1454 
     H171936  1 0.1553 0.1414 0.1249 0.1221 0.2333 0.1007 0.1223 
     H171940  1 0.0868 0.2219 0.1365 0.2261 0.0880 0.1245 0.1162 
     H171945  1 0.1116 0.1590 0.2040 0.1261 0.1102 0.1620 0.1271 
     H171948  1 0.1442 0.1655 0.1254 0.1225 0.1341 0.1563 0.1521 
     H171949  1 0.0843 0.2050 0.1097 0.1651 0.0921 0.2353 0.1084 
     H171950  1 0.0881 0.1542 0.0883 0.1862 0.0877 0.3105 0.0849 
     H171963  1 0.1411 0.0724 0.1852 0.1502 0.1229 0.1358 0.1925 
     H171964  1 0.1448 0.0824 0.3045 0.0812 0.1186 0.0765 0.1921 
     H171966  1 0.1547 0.1067 0.1773 0.1373 0.1161 0.1211 0.1869 
     H171968  1 0.0925 0.1840 0.1441 0.1549 0.0976 0.1731 0.1538 
     H171971  1 0.1840 0.0845 0.1482 0.1329 0.1340 0.1560 0.1604 
     H171972  1 0.1693 0.0726 0.1655 0.1009 0.2190 0.0727 0.1998 
     H171977  1 0.1464 0.1284 0.2144 0.1254 0.1524 0.0902 0.1427 
     H171978  1 0.1307 0.1416 0.1626 0.1297 0.1097 0.1631 0.1628 
     H171979  1 0.2256 0.0719 0.1807 0.1018 0.1549 0.0758 0.1894 
        H176  1 0.1467 0.1563 0.1337 0.1055 0.1424 0.1615 0.1539 
        H177  1 0.0942 0.2312 0.0963 0.1627 0.0892 0.2334 0.0930 
        H179  1 0.0857 0.2237 0.0852 0.1865 0.1355 0.1878 0.0955 
        H181  1 0.1423 0.1090 0.1819 0.1210 0.1408 0.0753 0.2297 
        H182  1 0.2326 0.0908 0.1686 0.0918 0.1652 0.0640 0.1871 
        H183  1 0.1698 0.1029 0.2012 0.1343 0.1199 0.0902 0.1817 
        H184  1 0.1497 0.1756 0.1303 0.1356 0.1133 0.1607 0.1347 
        H185  1 0.1559 0.1196 0.1827 0.1068 0.1520 0.0804 0.2026 
        H186  1 0.0761 0.1376 0.2508 0.1354 0.0842 0.1293 0.1866 
        H187  1 0.1605 0.0955 0.1169 0.1784 0.1300 0.1978 0.1209 
        H188  1 0.0777 0.2636 0.0792 0.2092 0.1682 0.1078 0.0943 
        H192  1 0.1230 0.1743 0.1393 0.1379 0.1066 0.1899 0.1291 
        H193  1 0.1948 0.1146 0.1847 0.1405 0.1159 0.0693 0.1801 
        H194  1 0.1355 0.1277 0.1557 0.1495 0.1458 0.1259 0.1599 
        H195  1 0.1011 0.0840 0.2192 0.1369 0.1103 0.1595 0.1890 
        H199  1 0.1440 0.1077 0.2359 0.1110 0.1283 0.1205 0.1525 
        H200  1 0.1356 0.1615 0.1122 0.1369 0.1848 0.1586 0.1104 
        H414  1 0.1492 0.0860 0.1773 0.1582 0.1369 0.1508 0.1416 
        H415  1 0.2002 0.0938 0.1354 0.1031 0.2045 0.0852 0.1779 
        H422  1 0.1222 0.1563 0.1820 0.1183 0.0995 0.1711 0.1506 
        H423  1 0.0801 0.2743 0.0914 0.1139 0.0741 0.2853 0.0810 
        H424  1 0.1882 0.0895 0.2145 0.1010 0.1269 0.1065 0.1733 
        H425  1 0.0950 0.0877 0.2832 0.1288 0.1112 0.1361 0.1580 
        H426  1 0.1811 0.0649 0.2394 0.1085 0.1241 0.0962 0.1859 
        H443  1 0.0806 0.1350 0.3026 0.1427 0.0905 0.0819 0.1668 
        H466  1 0.1261 0.1239 0.1310 0.1805 0.1371 0.1194 0.1821 
        H467  1 0.1041 0.1442 0.1380 0.1823 0.1030 0.2176 0.1108 
        H472  1 0.1173 0.1692 0.1235 0.1729 0.1347 0.1596 0.1229 
        H483  1 0.1142 0.1995 0.1505 0.1945 0.1125 0.0711 0.1578 
        H504  1 0.1858 0.0786 0.2441 0.0899 0.1338 0.1004 0.1674 
        H505  1 0.0981 0.1806 0.1056 0.2027 0.1239 0.1749 0.1141 
        H506  1 0.1488 0.1188 0.1972 0.1427 0.1136 0.1135 0.1655 
        H507  1 0.1780 0.0916 0.1678 0.1272 0.1699 0.1009 0.1645 
        H508  1 0.1163 0.1028 0.1543 0.1950 0.1185 0.1552 0.1578 
        H524  1 0.1758 0.1178 0.1272 0.1121 0.2357 0.1148 0.1166 
        H525  1 0.1500 0.1154 0.1944 0.1570 0.1391 0.0896 0.1545 
        H526  1 0.1205 0.2230 0.1323 0.1356 0.1787 0.0830 0.1267 
        H527  1 0.1151 0.1415 0.1238 0.1728 0.1093 0.1962 0.1414 
        H528  1 0.2016 0.0903 0.1606 0.0879 0.1871 0.0717 0.2008 
        H529  1 0.1696 0.1132 0.2026 0.1160 0.1445 0.0830 0.1710 
        H533  1 0.2925 0.0611 0.1307 0.1208 0.1489 0.0881 0.1578 
        H538  1 0.1107 0.1737 0.1276 0.1563 0.1839 0.1317 0.1161 
        H539  1 0.1527 0.0779 0.1238 0.1952 0.1185 0.2116 0.1202 
        H540  1 0.1442 0.1231 0.1747 0.1277 0.1433 0.1236 0.1633 
        H541  1 0.1122 0.1718 0.1215 0.1696 0.1861 0.1054 0.1334 
        H558  1 0.2140 0.0804 0.1851 0.0890 0.1506 0.0938 0.1870 
        H559  1 0.1072 0.1805 0.1530 0.1910 0.1007 0.1115 0.1562 
        H579  1 0.1808 0.1200 0.1781 0.1183 0.1460 0.0744 0.1824 
        H584  1 0.1581 0.1014 0.2265 0.1051 0.1296 0.0975 0.1817 
        H585  1 0.1529 0.0968 0.1512 0.1572 0.1375 0.1214 0.1831 
        H605  1 0.1283 0.1872 0.1421 0.1269 0.1173 0.1695 0.1286 
        H606  1 0.0600 0.2537 0.0822 0.1612 0.0692 0.2756 0.0980 
        H632  1 0.1346 0.1026 0.2373 0.1312 0.1182 0.0826 0.1934 
        H634  1 0.1459 0.1241 0.1581 0.1371 0.1420 0.1203 0.1725 
        H671  1 0.1003 0.2095 0.1027 0.1451 0.0998 0.2343 0.1083 
        H672  1 0.1640 0.1017 0.1013 0.1128 0.2948 0.1246 0.1008 
        H673  1 0.1042 0.1723 0.2047 0.1787 0.1053 0.0719 0.1629 
        H689  1 0.1244 0.1739 0.1845 0.1413 0.1192 0.0795 0.1772 
        H690  1 0.1329 0.1841 0.1014 0.1346 0.1379 0.1879 0.1212 
        H691  1 0.0961 0.2044 0.1165 0.1808 0.1623 0.1146 0.1253 
        H692  1 0.2100 0.0897 0.2388 0.0917 0.1370 0.0445 0.1883 
        H709  1 0.1782 0.1153 0.1602 0.1190 0.1772 0.1068 0.1433 
        H710  1 0.1999 0.0860 0.2194 0.0818 0.1527 0.0521 0.2081 
       H7355  1 0.1799 0.1613 0.1269 0.1292 0.1673 0.0773 0.1582 
       H7356  1 0.1593 0.1306 0.1908 0.1157 0.1437 0.1122 0.1475 
       H7357  1 0.1241 0.1941 0.1270 0.1720 0.1142 0.1595 0.1092 
       H7358  1 0.0925 0.2423 0.1107 0.1880 0.1648 0.1047 0.0970 
       H7380  1 0.1068 0.1404 0.1508 0.1395 0.1180 0.1045 0.2400 
       H7381  1 0.1125 0.1459 0.2060 0.1393 0.0947 0.1571 0.1446 
       H7382  1 0.1288 0.1213 0.1560 0.1317 0.1427 0.1275 0.1920 
        H904  1 0.0575 0.2687 0.0815 0.1466 0.0689 0.2879 0.0889 
        H923  1 0.1272 0.1678 0.1542 0.1273 0.1693 0.1273 0.1268 
        H924  1 0.1067 0.2057 0.1339 0.1416 0.1472 0.1465 0.1184 
        H925  1 0.0864 0.2736 0.0966 0.1692 0.1592 0.1153 0.0997 
       H9558  1 0.2374 0.0743 0.1884 0.0832 0.1601 0.0796 0.1771 
        H008  2 0.1955 0.1130 0.1458 0.1184 0.1727 0.0648 0.1899 
        H021  2 0.0938 0.1484 0.1136 0.1996 0.1191 0.1857 0.1398 
        H023  2 0.0995 0.2301 0.0964 0.1876 0.0975 0.1937 0.0952 
        H024  2 0.2710 0.0643 0.1524 0.0677 0.2180 0.0587 0.1679 
        H025  2 0.1010 0.2056 0.1444 0.1299 0.1145 0.1696 0.1351 
        H026  2 0.1559 0.0666 0.2776 0.0817 0.1796 0.0708 0.1678 
        H027  2 0.1343 0.1416 0.0970 0.1536 0.2319 0.1313 0.1103 
        H028  2 0.1573 0.1124 0.1949 0.1202 0.1459 0.0846 0.1847 
        H029  2 0.1712 0.1150 0.1247 0.1301 0.2233 0.1096 0.1260 
        H030  2 0.2112 0.0607 0.1734 0.0735 0.2138 0.0661 0.2012 
        H038  2 0.0760 0.1075 0.0914 0.2643 0.0818 0.2918 0.0870 
        H039  2 0.0516 0.3544 0.0529 0.0803 0.0574 0.3536 0.0497 
        H040  2 0.0964 0.1091 0.0980 0.2471 0.1038 0.2652 0.0804 
        H041  2 0.1694 0.1536 0.1120 0.1528 0.2065 0.0860 0.1196 
        H042  2 0.1366 0.1868 0.1408 0.1372 0.1172 0.1445 0.1370 
        H043  2 0.0905 0.1511 0.0861 0.2219 0.0651 0.2999 0.0854 
        H044  2 0.2490 0.0752 0.1718 0.0938 0.1453 0.0842 0.1808 
        H047  2 0.1745 0.1327 0.1399 0.0947 0.1396 0.1770 0.1416 
        H050  2 0.2211 0.0769 0.1305 0.0790 0.2698 0.0949 0.1277 
        H058  2 0.1411 0.1014 0.1484 0.1884 0.1053 0.1768 0.1385 
        H062  2 0.0741 0.2709 0.1039 0.2012 0.0817 0.1679 0.1004 
        H063  2 0.1128 0.1816 0.1127 0.1842 0.1223 0.1741 0.1124 
        H065  2 0.0874 0.1476 0.2892 0.1043 0.0850 0.1115 0.1749 
        H066  2 0.2217 0.0627 0.1409 0.1183 0.1646 0.1345 0.1573 
        H067  2 0.1114 0.1664 0.1598 0.1628 0.1401 0.0932 0.1663 
        H068  2 0.1150 0.1871 0.1171 0.1661 0.1198 0.1922 0.1027 
        H069  2 0.1138 0.1042 0.1252 0.1850 0.1212 0.2369 0.1137 
        H071  2 0.1116 0.1582 0.1455 0.1378 0.1198 0.1804 0.1468 
        H072  2 0.1090 0.2432 0.0884 0.1312 0.1063 0.2245 0.0973 
        H073  2 0.1272 0.1271 0.2166 0.1259 0.1331 0.1233 0.1468 
        H081  2 0.1165 0.2315 0.1108 0.1601 0.1515 0.1048 0.1248 
        H082  2 0.2301 0.0842 0.1637 0.0957 0.1736 0.0709 0.1819 
        H083  2 0.1803 0.0899 0.1859 0.0993 0.1752 0.0715 0.1979 
        H084  2 0.1466 0.0948 0.1325 0.1640 0.1352 0.2006 0.1263 
        H085  2 0.1312 0.1957 0.0885 0.1440 0.2684 0.0830 0.0892 
        H087  2 0.1227 0.2204 0.1103 0.2140 0.1217 0.0960 0.1149 
        H088  2 0.1232 0.1955 0.1079 0.1664 0.1169 0.1614 0.1287 
        H089  2 0.0933 0.2147 0.1167 0.1777 0.1737 0.1107 0.1132 
        H090  2 0.2315 0.0831 0.1121 0.0744 0.3437 0.0573 0.0978 
        H091  2 0.2165 0.0760 0.0861 0.0648 0.4155 0.0584 0.0827 
        H098  2 0.2264 0.1183 0.1338 0.1144 0.1789 0.0855 0.1427 
      H10001  2 0.0492 0.3463 0.0501 0.0866 0.0526 0.3602 0.0549 
      H10002  2 0.1025 0.1972 0.1055 0.1837 0.1002 0.1957 0.1152 
        H101  2 0.2247 0.0524 0.1120 0.1006 0.2834 0.1162 0.1106 
        H108  2 0.0693 0.2969 0.1071 0.1808 0.0752 0.1822 0.0886 
        H109  2 0.1825 0.0927 0.1318 0.1309 0.1575 0.1539 0.1506 
        H110  2 0.1571 0.1459 0.1189 0.1510 0.1520 0.0781 0.1970 
        H116  2 0.1674 0.0779 0.1890 0.1130 0.1630 0.0845 0.2054 
        H117  2 0.2538 0.0779 0.0828 0.0750 0.3236 0.0635 0.1235 
        H118  2 0.1979 0.0963 0.1564 0.0803 0.3061 0.0478 0.1153 
        H119  2 0.1577 0.1330 0.1349 0.1257 0.1340 0.1571 0.1575 
        H120  2 0.0621 0.3191 0.0769 0.1432 0.0718 0.2482 0.0786 
        H121  2 0.1711 0.1264 0.0812 0.0919 0.3900 0.0561 0.0833 
        H125  2 0.0548 0.2683 0.0627 0.1668 0.0622 0.3190 0.0662 
        H126  2 0.1698 0.1327 0.2377 0.0906 0.1099 0.1031 0.1562 
        H128  2 0.2485 0.0481 0.0985 0.0444 0.4277 0.0405 0.0923 
        H129  2 0.1611 0.0748 0.2513 0.1258 0.1145 0.0648 0.2076 
        H130  2 0.1344 0.1701 0.1242 0.1170 0.0994 0.2175 0.1375 
        H133  2 0.0906 0.2507 0.1081 0.0959 0.0943 0.2718 0.0888 
        H134  2 0.1066 0.0695 0.4011 0.0683 0.1008 0.0587 0.1951 
        H135  2 0.1379 0.1774 0.1239 0.1500 0.1323 0.1307 0.1478 
        H137  2 0.2246 0.0855 0.1225 0.0957 0.2387 0.1042 0.1288 
        H138  2 0.1448 0.0693 0.2231 0.0957 0.1408 0.0815 0.2446 
        H140  2 0.1928 0.1279 0.1303 0.0827 0.2438 0.1091 0.1133 
        H146  2 0.2359 0.0681 0.1041 0.0652 0.3773 0.0647 0.0846 
        H147  2 0.1939 0.1189 0.1405 0.1004 0.2179 0.0862 0.1422 
        H148  2 0.1920 0.1126 0.1122 0.1212 0.2273 0.0862 0.1485 
     H166022  2 0.2469 0.0922 0.1391 0.0971 0.1564 0.0852 0.1831 
     H167359  2 0.1832 0.1118 0.1651 0.1283 0.1296 0.1363 0.1458 
     H167397  2 0.2835 0.0632 0.1505 0.0679 0.2040 0.0489 0.1819 
     H167428  2 0.1110 0.2474 0.1110 0.1806 0.2058 0.0432 0.1008 
     H167496  2 0.0874 0.2542 0.0740 0.1476 0.1313 0.2121 0.0933 
     H167513  2 0.1903 0.0728 0.0996 0.2265 0.1017 0.1662 0.1429 
     H167545  2 0.2232 0.0837 0.1665 0.1071 0.1676 0.1064 0.1456 
     H167547  2 0.2935 0.0459 0.1453 0.0652 0.1858 0.0636 0.2007 
     H169621  2 0.2133 0.0770 0.1542 0.0773 0.2401 0.0711 0.1670 
     H169622  2 0.1238 0.1171 0.1709 0.1530 0.1156 0.1503 0.1693 
     H169750  2 0.1501 0.1145 0.1532 0.1305 0.1204 0.1774 0.1540 
     H171806  2 0.1411 0.1254 0.1272 0.1078 0.2416 0.1361 0.1209 
     H171808  2 0.1009 0.1761 0.1321 0.1503 0.1308 0.1778 0.1320 
     H171809  2 0.1158 0.1951 0.1342 0.1441 0.1197 0.1182 0.1728 
     H171813  2 0.1528 0.1227 0.1720 0.1272 0.1478 0.1238 0.1537 
     H171815  2 0.0743 0.1911 0.1030 0.1915 0.0778 0.2739 0.0884 
     H171824  2 0.1216 0.1855 0.0942 0.1602 0.1407 0.1832 0.1147 
     H171825  2 0.1352 0.1208 0.1741 0.1504 0.1087 0.1285 0.1823 
     H171826  2 0.1224 0.1518 0.1398 0.1473 0.1280 0.1542 0.1564 
     H171827  2 0.1225 0.1029 0.1288 0.1861 0.1334 0.1623 0.1640 
     H171828  2 0.0703 0.2873 0.0698 0.1311 0.0937 0.2798 0.0680 
     H171829  2 0.1347 0.1048 0.1813 0.1288 0.1172 0.1745 0.1586 
     H171830  2 0.2205 0.1196 0.1233 0.1278 0.1645 0.1033 0.1408 
     H171831  2 0.1636 0.0978 0.2328 0.0983 0.1188 0.0650 0.2236 
     H171832  2 0.1938 0.1051 0.1696 0.1219 0.1504 0.0917 0.1675 
     H171863  2 0.2318 0.0687 0.1808 0.0991 0.1500 0.0909 0.1787 
     H171864  2 0.1729 0.1221 0.1287 0.1304 0.2073 0.1066 0.1319 
     H171865  2 0.1089 0.2027 0.1045 0.1755 0.1069 0.2041 0.0974 
     H171879  2 0.2294 0.0910 0.1368 0.0926 0.1995 0.1073 0.1434 
     H171880  2 0.2956 0.0652 0.1155 0.0822 0.2349 0.0896 0.1169 
     H171881  2 0.1361 0.1416 0.1622 0.1768 0.1254 0.0924 0.1656 
     H171882  2 0.0625 0.3333 0.0670 0.1031 0.0674 0.2983 0.0683 
     H171929  2 0.1504 0.1522 0.1401 0.1425 0.1711 0.0975 0.1462 
     H171930  2 0.2978 0.0560 0.1626 0.0749 0.1931 0.0781 0.1374 
     H171933  2 0.1673 0.1052 0.1570 0.1063 0.2065 0.1033 0.1543 
     H171934  2 0.1364 0.1761 0.1257 0.1372 0.1602 0.1225 0.1419 
     H171937  2 0.2012 0.0809 0.2434 0.1000 0.1319 0.0837 0.1588 
     H171962  2 0.1526 0.1596 0.1561 0.1705 0.1239 0.0810 0.1563 
        H190  2 0.1684 0.1107 0.1760 0.1285 0.1638 0.0810 0.1716 
        H191  2 0.1308 0.1427 0.1628 0.1574 0.1323 0.1068 0.1672 
        H396  2 0.0776 0.2362 0.0992 0.2084 0.1524 0.1192 0.1071 
        H397  2 0.1609 0.1080 0.1657 0.1198 0.1601 0.1271 0.1583 
        H398  2 0.0790 0.1729 0.1975 0.1362 0.1091 0.1539 0.1514 
        H400  2 0.1032 0.2206 0.1201 0.1600 0.1405 0.1499 0.1057 
        H401  2 0.3291 0.0509 0.1042 0.0485 0.2133 0.0429 0.2111 
        H402  2 0.1789 0.0877 0.1489 0.1574 0.1611 0.1121 0.1539 
        H427  2 0.1150 0.2032 0.1393 0.1745 0.1274 0.0909 0.1496 
        H428  2 0.1178 0.2456 0.1112 0.1781 0.2014 0.0422 0.1038 
        H497  2 0.1381 0.1298 0.1150 0.1840 0.1012 0.2105 0.1215 
        H512  2 0.2003 0.1024 0.1275 0.1082 0.1750 0.1092 0.1774 
        H513  2 0.1746 0.0790 0.0961 0.2240 0.0995 0.1728 0.1540 
        H514  2 0.1406 0.0871 0.1741 0.1325 0.1416 0.0979 0.2263 
        H519  2 0.1910 0.0841 0.1131 0.1908 0.1083 0.1516 0.1611 
        H532  2 0.1098 0.1979 0.1281 0.1555 0.1731 0.1005 0.1350 
        H543  2 0.2031 0.0895 0.1413 0.1192 0.1806 0.1014 0.1648 
        H544  2 0.1200 0.1298 0.2012 0.1400 0.1036 0.1428 0.1625 
        H545  2 0.2534 0.0702 0.1761 0.0900 0.1768 0.0910 0.1425 
        H546  2 0.0899 0.2218 0.1368 0.1795 0.0805 0.1753 0.1162 
        H547  2 0.2820 0.0474 0.1486 0.0636 0.1807 0.0716 0.2062 
        H548  2 0.1399 0.1610 0.1351 0.1496 0.1515 0.1198 0.1431 
        H549  2 0.1175 0.0551 0.0669 0.3147 0.0717 0.3134 0.0605 
        H620  2 0.0670 0.3206 0.0673 0.1332 0.0670 0.2757 0.0692 
        H623  2 0.2362 0.0862 0.2120 0.0914 0.1230 0.0806 0.1706 
        H624  2 0.0748 0.1269 0.1222 0.1844 0.0788 0.3207 0.0922 
        H625  2 0.1256 0.1843 0.1321 0.1810 0.1385 0.1074 0.1310 
        H626  2 0.1529 0.1004 0.1223 0.1896 0.1102 0.1815 0.1430 
        H654  2 0.0542 0.2069 0.0705 0.2208 0.0424 0.3450 0.0602 
        H655  2 0.1365 0.1299 0.1306 0.1384 0.1353 0.1924 0.1368 
        H656  2 0.0513 0.3676 0.0732 0.1248 0.0556 0.2523 0.0752 
        H666  2 0.0996 0.2581 0.0871 0.0835 0.1256 0.2792 0.0669 
        H667  2 0.1315 0.1299 0.1418 0.1671 0.1326 0.1149 0.1822 
        H677  2 0.1299 0.1421 0.1516 0.1266 0.1512 0.1464 0.1522 
        H693  2 0.0669 0.3318 0.0767 0.2228 0.0716 0.1368 0.0933 
        H694  2 0.2294 0.1030 0.2016 0.0778 0.1498 0.0900 0.1484 
        H701  2 0.2465 0.0888 0.1434 0.1039 0.1723 0.0892 0.1559 
        H702  2 0.1796 0.1012 0.1273 0.1794 0.1277 0.1402 0.1445 
        H731  2 0.1113 0.1758 0.1093 0.1343 0.1694 0.1623 0.1376 
       H7359  2 0.1721 0.1093 0.1682 0.1261 0.1237 0.1263 0.1742 
       H7389  2 0.1358 0.1285 0.1316 0.1185 0.2139 0.1266 0.1451 
       H7390  2 0.0760 0.1128 0.0927 0.2504 0.0691 0.2967 0.1022 
       H7391  2 0.1346 0.2062 0.1050 0.1480 0.2047 0.0790 0.1224 
       H7392  2 0.1173 0.1193 0.1699 0.1595 0.1317 0.1655 0.1369 
       H7393  2 0.1459 0.1251 0.1233 0.1443 0.1457 0.1881 0.1277 
       H7398  2 0.1634 0.1537 0.1027 0.1258 0.2415 0.0898 0.1232 
       H7399  2 0.1247 0.1097 0.1916 0.1333 0.1834 0.0906 0.1668 
       H7400  2 0.0557 0.3254 0.0723 0.1252 0.0548 0.3016 0.0649 
        H745  2 0.1317 0.0767 0.2907 0.0873 0.1049 0.0699 0.2388 
        H746  2 0.1124 0.1156 0.1786 0.1549 0.1297 0.1187 0.1901 
        H747  2 0.1187 0.1596 0.0958 0.1580 0.1487 0.2165 0.1028 
        H748  2 0.1751 0.0940 0.1258 0.1458 0.1334 0.1457 0.1803 
       H7484  2 0.0949 0.2687 0.0962 0.1013 0.0962 0.2385 0.1042 
       H7485  2 0.1314 0.0943 0.1441 0.1983 0.1258 0.1494 0.1567 
        H749  2 0.1262 0.1125 0.1646 0.1709 0.1091 0.1703 0.1464 
        H930  2 0.2785 0.0597 0.1470 0.0836 0.2078 0.0941 0.1294 
        H931  2 0.1433 0.1748 0.1330 0.1503 0.1667 0.0977 0.1342 
        H932  2 0.1853 0.1085 0.1431 0.1151 0.1831 0.1300 0.1350 
        H111  3 0.2130 0.0645 0.2318 0.0813 0.1277 0.0711 0.2106 
        H951  3 0.1917 0.1172 0.1574 0.1114 0.1473 0.0792 0.1959 
        H952  3 0.1411 0.1030 0.1622 0.1033 0.2202 0.1241 0.1462 
        H953  3 0.1465 0.1834 0.1041 0.1257 0.2520 0.0797 0.1086 
        H954  3 0.1181 0.1849 0.0953 0.1684 0.1091 0.2299 0.0943 
        H955  3 0.2369 0.0668 0.1760 0.1081 0.1457 0.1015 0.1651 
        H956  3 0.1696 0.0899 0.0925 0.1387 0.2782 0.1357 0.0954 
       H9563  3 0.1653 0.1622 0.1201 0.1285 0.1625 0.1341 0.1274 
        H002  4 0.1101 0.2080 0.1465 0.1325 0.0767 0.2006 0.1257 
        H003  4 0.1182 0.1369 0.1779 0.1490 0.1327 0.0752 0.2101 
        H009  4 0.1514 0.0708 0.2080 0.1487 0.1442 0.1215 0.1554 
        H010  4 0.1317 0.1265 0.1752 0.1234 0.1698 0.1021 0.1712 
        H011  4 0.0734 0.2860 0.0910 0.1982 0.0719 0.1908 0.0887 
        H012  4 0.1730 0.1237 0.1361 0.1188 0.1650 0.0894 0.1938 
        H013  4 0.1073 0.2088 0.1173 0.1709 0.1201 0.1271 0.1484 
        H014  4 0.1478 0.0960 0.1732 0.1189 0.1429 0.1008 0.2203 
        H045  4 0.1041 0.2360 0.0851 0.2008 0.1746 0.1179 0.0815 
        H046  4 0.1128 0.1187 0.2314 0.1226 0.1409 0.0766 0.1968 
        H051  4 0.1012 0.2425 0.1114 0.1714 0.1088 0.1486 0.1160 
        H052  4 0.1194 0.2083 0.1578 0.1067 0.1044 0.1867 0.1167 
        H053  4 0.1253 0.1148 0.1394 0.1812 0.1283 0.1589 0.1522 
        H056  4 0.1106 0.2305 0.1171 0.1257 0.0949 0.1959 0.1254 
        H076  4 0.1361 0.1032 0.2263 0.1293 0.1307 0.0761 0.1982 
        H151  4 0.0772 0.1732 0.1085 0.1656 0.0739 0.2988 0.1027 
        H152  4 0.1091 0.2273 0.1445 0.1070 0.0888 0.2048 0.1185 
     H171803  4 0.0869 0.1066 0.0835 0.2547 0.0831 0.2898 0.0954 
     H171804  4 0.1375 0.1520 0.1150 0.1729 0.1194 0.1792 0.1240 
     H171833  4 0.1658 0.0790 0.2514 0.1113 0.1096 0.0849 0.1980 
     H171855  4 0.0754 0.1617 0.1380 0.1847 0.0621 0.2534 0.1246 
     H171856  4 0.1413 0.0794 0.1082 0.2060 0.1607 0.2144 0.0900 
     H171857  4 0.1083 0.1504 0.1403 0.1421 0.1066 0.1932 0.1591 
     H171858  4 0.1554 0.1384 0.1621 0.1039 0.1307 0.1407 0.1689 
     H171859  4 0.1426 0.1285 0.1690 0.1252 0.1427 0.1246 0.1675 
     H171961  4 0.0872 0.2149 0.1259 0.1936 0.0919 0.1667 0.1199 
        H198  4 0.1638 0.0982 0.1807 0.1223 0.1473 0.0620 0.2258 
      H20001  4 0.1827 0.0668 0.2121 0.1123 0.1178 0.1115 0.1967 
        H403  4 0.1232 0.1133 0.1508 0.1718 0.1181 0.1680 0.1548 
        H404  4 0.1314 0.1558 0.1631 0.1448 0.1441 0.0853 0.1754 
        H405  4 0.1775 0.1001 0.1976 0.1195 0.1315 0.0918 0.1819 
        H406  4 0.2550 0.0761 0.1722 0.0691 0.1466 0.1077 0.1734 
        H407  4 0.1368 0.1131 0.1033 0.1674 0.1909 0.1755 0.1129 
        H410  4 0.2665 0.0705 0.1131 0.0745 0.2800 0.0534 0.1420 
        H411  4 0.2120 0.0841 0.1830 0.0871 0.1477 0.0836 0.2026 
        H468  4 0.1769 0.0677 0.1582 0.1797 0.0958 0.2035 0.1182 
        H476  4 0.1927 0.0865 0.1284 0.1465 0.1171 0.1980 0.1308 
        H477  4 0.1765 0.0619 0.2107 0.1291 0.1006 0.1427 0.1785 
        H478  4 0.1407 0.1226 0.1337 0.1896 0.1146 0.1400 0.1588 
        H479  4 0.0919 0.2360 0.1352 0.1497 0.1294 0.1428 0.1150 
        H480  4 0.2398 0.0689 0.1668 0.0879 0.1520 0.0967 0.1879 
        H498  4 0.1344 0.1136 0.1864 0.1185 0.1476 0.0976 0.2018 
        H499  4 0.1453 0.1656 0.1672 0.1366 0.1156 0.1288 0.1409 
        H500  4 0.0913 0.1831 0.0930 0.2026 0.1085 0.2331 0.0884 
        H515  4 0.1564 0.1439 0.1244 0.1328 0.1205 0.1791 0.1428 
        H516  4 0.1652 0.0911 0.1851 0.0943 0.1788 0.1267 0.1588 
        H517  4 0.2038 0.0930 0.1367 0.0975 0.2201 0.1139 0.1351 
        H518  4 0.1301 0.1630 0.1722 0.1185 0.0994 0.2010 0.1157 
        H520  4 0.1101 0.1261 0.1120 0.1999 0.1066 0.2326 0.1127 
        H521  4 0.1183 0.1458 0.1468 0.1876 0.1451 0.1143 0.1422 
        H522  4 0.1297 0.1090 0.1142 0.2025 0.1332 0.2022 0.1091 
        H523  4 0.1948 0.1022 0.1215 0.1132 0.1965 0.1390 0.1329 
        H536  4 0.0912 0.1864 0.1970 0.1307 0.1156 0.1218 0.1573 
        H645  4 0.0676 0.3016 0.0788 0.2333 0.1159 0.1141 0.0888 
        H646  4 0.2099 0.0668 0.1492 0.0823 0.2956 0.0785 0.1178 
        H647  4 0.1103 0.1004 0.1390 0.1767 0.1086 0.2272 0.1377 
        H657  4 0.1753 0.0855 0.1515 0.1145 0.1746 0.1085 0.1901 
        H658  4 0.1710 0.1002 0.1200 0.1508 0.1734 0.1673 0.1173 
        H659  4 0.0662 0.1430 0.0759 0.2676 0.0578 0.3146 0.0750 
        H660  4 0.1386 0.1473 0.1330 0.1505 0.0996 0.1943 0.1367 
        H661  4 0.1030 0.1254 0.1369 0.2107 0.0954 0.2109 0.1177 
        H668  4 0.1530 0.1348 0.1313 0.1487 0.1376 0.0933 0.2013 
        H669  4 0.1390 0.1403 0.1396 0.1406 0.1795 0.1196 0.1414 
        H670  4 0.0911 0.2405 0.0922 0.1983 0.0999 0.1482 0.1297 
        H678  4 0.1511 0.0981 0.1381 0.1765 0.1271 0.1475 0.1616 
        H679  4 0.2565 0.0924 0.1381 0.0996 0.1957 0.0822 0.1355 
        H680  4 0.1115 0.0889 0.1905 0.1836 0.0939 0.1307 0.2008 
        H681  4 0.1133 0.1985 0.1242 0.1611 0.1259 0.1453 0.1317 
        H682  4 0.2275 0.0857 0.1176 0.1341 0.1773 0.1154 0.1424 
        H683  4 0.1181 0.1617 0.1558 0.0985 0.1446 0.1766 0.1446 
        H718  4 0.1143 0.2448 0.0882 0.1113 0.1410 0.2182 0.0822 
        H719  4 0.1102 0.2180 0.1100 0.2310 0.1091 0.1122 0.1094 
        H720  4 0.1079 0.1594 0.1796 0.1756 0.0698 0.1685 0.1393 
        H721  4 0.1060 0.1401 0.2098 0.1422 0.0911 0.1352 0.1756 
        H722  4 0.1071 0.1337 0.2345 0.1348 0.0931 0.1510 0.1458 
        H723  4 0.1207 0.1975 0.0964 0.1241 0.1341 0.2022 0.1251 
        H724  4 0.0824 0.1994 0.0768 0.1576 0.1033 0.2997 0.0808 
        H725  4 0.0822 0.2148 0.1017 0.1590 0.0756 0.2679 0.0987 
        H726  4 0.1069 0.2051 0.1287 0.1183 0.0877 0.2301 0.1233 
        H727  4 0.1226 0.1828 0.1065 0.1556 0.1277 0.1690 0.1357 
        H910  4 0.1562 0.1601 0.1184 0.1324 0.1541 0.1573 0.1216 
        H911  4 0.2393 0.0854 0.1529 0.0864 0.1967 0.0863 0.1529 
        H912  4 0.1373 0.1103 0.1701 0.1318 0.1204 0.1609 0.1690 
        H913  4 0.1301 0.1077 0.0968 0.1801 0.1792 0.2057 0.1004 
        H914  4 0.1057 0.1701 0.0897 0.1743 0.1256 0.2347 0.0999 
        H915  4 0.1935 0.0893 0.1344 0.1685 0.1128 0.1638 0.1376 
        H916  4 0.2314 0.0888 0.1444 0.1115 0.1454 0.1359 0.1426 
       H9572  4 0.1313 0.1008 0.1294 0.2142 0.1146 0.1628 0.1468 
        H015  5 0.2183 0.0891 0.1618 0.1064 0.1507 0.0922 0.1816 
        H016  5 0.1384 0.0843 0.2381 0.1183 0.1228 0.0993 0.1988 
        H017  5 0.1518 0.0804 0.1669 0.1736 0.1202 0.1728 0.1342 
        H019  5 0.1712 0.1257 0.1590 0.1194 0.1531 0.1008 0.1708 
        H020  5 0.0918 0.2245 0.1085 0.1672 0.1923 0.1243 0.0915 
        H032  5 0.1763 0.1249 0.1608 0.1051 0.1371 0.1561 0.1397 
        H033  5 0.1843 0.1229 0.1381 0.1486 0.1757 0.0831 0.1472 
        H034  5 0.1161 0.1943 0.0996 0.1414 0.0934 0.2189 0.1364 
        H035  5 0.1223 0.0948 0.1439 0.1733 0.1477 0.1704 0.1475 
        H036  5 0.1985 0.1015 0.1494 0.1141 0.1963 0.0963 0.1438 
        H037  5 0.0983 0.1309 0.1048 0.2237 0.1050 0.2207 0.1164 
        H048  5 0.0747 0.2279 0.0849 0.2200 0.0911 0.2042 0.0971 
        H049  5 0.2275 0.1015 0.1800 0.1181 0.1405 0.0949 0.1375 
        H054  5 0.1403 0.1177 0.2242 0.0947 0.1409 0.1263 0.1559 
        H055  5 0.0946 0.1796 0.1618 0.1470 0.1075 0.1557 0.1538 
        H057  5 0.1164 0.1080 0.2550 0.1234 0.0769 0.1193 0.2010 
        H060  5 0.1071 0.2045 0.1366 0.1481 0.0733 0.1973 0.1331 
        H061  5 0.1203 0.1368 0.1377 0.1423 0.1337 0.1404 0.1888 
        H064  5 0.1076 0.1675 0.1642 0.1662 0.1062 0.1472 0.1412 
        H070  5 0.1382 0.1949 0.0934 0.1348 0.1099 0.1950 0.1338 
        H077  5 0.1102 0.2260 0.1021 0.1067 0.0832 0.2599 0.1119 
        H078  5 0.1083 0.1116 0.1676 0.1680 0.1197 0.1913 0.1336 
        H079  5 0.1587 0.1227 0.1189 0.1194 0.2743 0.0944 0.1116 
        H097  5 0.1589 0.1233 0.1843 0.0961 0.1150 0.1599 0.1626 
        H107  5 0.0585 0.2476 0.0766 0.1933 0.0772 0.2613 0.0854 
        H122  5 0.1126 0.1021 0.1566 0.1479 0.1235 0.2069 0.1504 
        H123  5 0.2143 0.0675 0.1521 0.1019 0.1918 0.1154 0.1571 
        H124  5 0.1726 0.0934 0.1566 0.1154 0.1985 0.1207 0.1427 
        H131  5 0.2009 0.1072 0.1291 0.1172 0.2449 0.0810 0.1196 
        H132  5 0.1248 0.1633 0.1382 0.1554 0.1300 0.1606 0.1277 
        H141  5 0.1068 0.1263 0.1258 0.2148 0.0956 0.2105 0.1201 
        H142  5 0.1923 0.0846 0.1505 0.1067 0.1664 0.0846 0.2148 
        H157  5 0.0931 0.1635 0.1156 0.1903 0.1116 0.1986 0.1273 
        H158  5 0.2230 0.0608 0.2127 0.0775 0.1880 0.0744 0.1636 
        H159  5 0.1975 0.0857 0.1812 0.1104 0.1278 0.0947 0.2027 
        H160  5 0.1297 0.0917 0.1374 0.1726 0.1355 0.1905 0.1426 
        H163  5 0.2390 0.0922 0.1653 0.0932 0.1784 0.0849 0.1471 
        H164  5 0.1613 0.1207 0.1409 0.1272 0.1675 0.0942 0.1882 
        H165  5 0.1318 0.1626 0.1180 0.1426 0.2274 0.0884 0.1291 
        H166  5 0.1577 0.1744 0.1474 0.1590 0.1413 0.0916 0.1287 
        H169  5 0.1751 0.1227 0.1453 0.1417 0.1522 0.1040 0.1590 
     H169613  5 0.1709 0.1199 0.1447 0.1129 0.1595 0.1246 0.1675 
     H169653  5 0.1747 0.1061 0.1670 0.1031 0.1664 0.0758 0.2070 
     H169728  5 0.1968 0.0902 0.1640 0.1483 0.1266 0.1322 0.1419 
     H169742  5 0.0649 0.3163 0.0804 0.2133 0.1196 0.1218 0.0837 
        H170  5 0.1684 0.0925 0.2326 0.1204 0.1206 0.0922 0.1733 
        H171  5 0.1266 0.0893 0.2400 0.1226 0.1056 0.0861 0.2298 
     H171851  5 0.1581 0.1291 0.1577 0.1275 0.1584 0.1096 0.1596 
     H171852  5 0.0835 0.1562 0.1174 0.1748 0.1009 0.2481 0.1191 
     H171853  5 0.1444 0.1216 0.1413 0.1687 0.1301 0.1437 0.1503 
     H171854  5 0.1868 0.1034 0.1534 0.1120 0.1533 0.1073 0.1837 
     H171938  5 0.1400 0.1862 0.1315 0.1531 0.1149 0.1146 0.1597 
     H171939  5 0.1247 0.1672 0.1536 0.1327 0.1516 0.1173 0.1529 
     H171941  5 0.0720 0.2734 0.1017 0.1773 0.0864 0.1913 0.0979 
     H171965  5 0.1566 0.0946 0.1694 0.1282 0.1499 0.0819 0.2193 
     H171970  5 0.0821 0.2256 0.0970 0.1502 0.0756 0.2659 0.1037 
     H171973  5 0.1111 0.1852 0.1277 0.1649 0.1498 0.1103 0.1510 
     H171974  5 0.1218 0.1528 0.1317 0.1715 0.1276 0.1286 0.1660 
     H171975  5 0.1291 0.1928 0.1168 0.1615 0.1072 0.1497 0.1430 
     H171976  5 0.1777 0.1027 0.1778 0.1135 0.1253 0.1390 0.1641 
        H175  5 0.0947 0.1945 0.1120 0.1819 0.1400 0.1675 0.1094 
        H178  5 0.1034 0.1951 0.1448 0.1613 0.1235 0.1267 0.1452 
        H189  5 0.1727 0.0798 0.1578 0.0854 0.2525 0.0730 0.1788 
        H399  5 0.0999 0.0721 0.2940 0.1312 0.0870 0.1446 0.1712 
        H416  5 0.1134 0.1988 0.1203 0.1732 0.1141 0.1675 0.1127 
        H438  5 0.1540 0.1228 0.1349 0.1476 0.1890 0.1060 0.1457 
        H450  5 0.1197 0.2240 0.1013 0.1466 0.0702 0.2311 0.1071 
        H455  5 0.0763 0.3019 0.0848 0.1661 0.0791 0.2132 0.0787 
        H456  5 0.1078 0.1912 0.1148 0.1650 0.1389 0.1374 0.1450 
        H457  5 0.1144 0.1751 0.1466 0.1255 0.0962 0.1876 0.1545 
        H458  5 0.1116 0.1436 0.1396 0.1581 0.1506 0.1636 0.1329 
        H459  5 0.1813 0.0815 0.1742 0.1117 0.1675 0.1058 0.1780 
        H460  5 0.1433 0.1120 0.1302 0.2009 0.1165 0.1782 0.1189 
        H461  5 0.2170 0.0917 0.1901 0.0889 0.1245 0.1130 0.1749 
        H462  5 0.1926 0.1159 0.1389 0.1153 0.2245 0.0847 0.1282 
        H469  5 0.2305 0.0997 0.1547 0.0865 0.2074 0.0785 0.1426 
        H470  5 0.1432 0.1015 0.1475 0.1761 0.1237 0.1520 0.1560 
        H471  5 0.1760 0.0573 0.1846 0.0927 0.1994 0.1128 0.1771 
        H481  5 0.0687 0.2405 0.0858 0.1273 0.1026 0.3011 0.0740 
        H482  5 0.1262 0.1615 0.1079 0.1374 0.0842 0.2402 0.1426 
        H501  5 0.1283 0.1528 0.1223 0.1992 0.1321 0.1330 0.1324 
        H502  5 0.1814 0.0786 0.2107 0.0874 0.1875 0.0809 0.1736 
        H503  5 0.1988 0.1014 0.1703 0.1219 0.1590 0.0902 0.1585 
        H509  5 0.1122 0.1451 0.1109 0.1860 0.1190 0.2010 0.1258 
        H510  5 0.1544 0.1741 0.1440 0.1599 0.1182 0.0919 0.1574 
        H511  5 0.1590 0.1055 0.1591 0.1192 0.1741 0.0888 0.1944 
        H530  5 0.1149 0.1662 0.1172 0.1894 0.1451 0.1393 0.1279 
        H531  5 0.0735 0.1440 0.1090 0.1998 0.0906 0.2881 0.0951 
        H564  5 0.1168 0.1869 0.1453 0.1776 0.0958 0.1616 0.1160 
        H565  5 0.0936 0.2482 0.1120 0.1831 0.0778 0.2012 0.0842 
        H567  5 0.1989 0.1184 0.1123 0.0801 0.3153 0.0649 0.1103 
     H568???  5 0.1592 0.0752 0.2336 0.0980 0.1314 0.0840 0.2186 
        H608  5 0.1145 0.2292 0.0868 0.1353 0.0635 0.2653 0.1054 
        H609  5 0.0881 0.2452 0.1087 0.1908 0.1694 0.0856 0.1122 
        H612  5 0.0767 0.2523 0.0778 0.2099 0.0798 0.2231 0.0802 
        H614  5 0.0705 0.1704 0.1019 0.2080 0.0855 0.2693 0.0944 
        H615  5 0.1097 0.1615 0.1230 0.1412 0.1050 0.2439 0.1158 
        H616  5 0.0662 0.2963 0.0658 0.1062 0.0912 0.3026 0.0716 
        H617  5 0.1802 0.0953 0.1470 0.1208 0.1978 0.1043 0.1545 
        H618  5 0.0941 0.2309 0.1057 0.1717 0.0926 0.1939 0.1111 
        H619  5 0.0749 0.3057 0.0905 0.1989 0.1183 0.0962 0.1155 
        H635  5 0.1743 0.1198 0.1439 0.1225 0.1573 0.1121 0.1702 
        H636  5 0.1229 0.2049 0.1187 0.1608 0.1419 0.0926 0.1582 
        H637  5 0.0843 0.2714 0.1064 0.1664 0.1156 0.1601 0.0958 
        H644  5 0.2070 0.0571 0.2113 0.0717 0.1894 0.0517 0.2118 
        H711  5 0.1446 0.0883 0.2219 0.1188 0.1389 0.1286 0.1590 
        H712  5 0.0833 0.2433 0.0983 0.1902 0.1418 0.1456 0.0974 
       H7360  5 0.1214 0.1190 0.1958 0.1554 0.0997 0.1491 0.1596 
       H7361  5 0.1251 0.1851 0.1292 0.1323 0.1007 0.1842 0.1434 
       H7362  5 0.1731 0.0651 0.2948 0.0818 0.1459 0.0540 0.1852 
       H7363  5 0.1468 0.1541 0.1378 0.1174 0.1413 0.1725 0.1300 
       H7394  5 0.2418 0.0798 0.1356 0.0847 0.2187 0.0690 0.1704 
       H7395  5 0.1126 0.1545 0.1484 0.1795 0.1185 0.1036 0.1828 
       H7396  5 0.1531 0.1156 0.1324 0.1616 0.1638 0.1434 0.1300 
        H742  5 0.0600 0.3230 0.0923 0.2181 0.1125 0.1167 0.0774 
        H743  5 0.0997 0.2343 0.1026 0.1496 0.1827 0.1412 0.0900 
        H744  5 0.1224 0.2000 0.0877 0.1356 0.1592 0.2091 0.0861 
        H957  5 0.2021 0.0878 0.1803 0.1295 0.1234 0.1261 0.1509 
        H958  5 0.1999 0.0999 0.1361 0.1187 0.1850 0.1244 0.1360 
        H959  5 0.0871 0.2472 0.0953 0.1821 0.0774 0.1931 0.1179 
        H960  5 0.1717 0.1461 0.1465 0.1158 0.1612 0.1271 0.1315 
      H_PALI  6 0.1615 0.1150 0.1501 0.1471 0.1310 0.1269 0.1684 
        H581  6 0.1247 0.1219 0.1332 0.1828 0.1069 0.2110 0.1194 
        H582  6 0.0880 0.1631 0.1200 0.2179 0.0779 0.2255 0.1076 
        H583  6 0.1107 0.1243 0.1409 0.1710 0.1129 0.2142 0.1260 
        H595  6 0.2530 0.0642 0.1703 0.0929 0.1565 0.0893 0.1739 
        H596  6 0.2825 0.0699 0.1372 0.0819 0.2036 0.0693 0.1556 
        H597  6 0.1527 0.1063 0.2293 0.0936 0.1234 0.0853 0.2094 
        H598  6 0.1596 0.1377 0.1375 0.1233 0.1490 0.1369 0.1560 
        H599  6 0.0779 0.2842 0.0940 0.2065 0.1240 0.1298 0.0836 
        H642  6 0.1832 0.0538 0.1906 0.1246 0.1253 0.1167 0.2059 
        H643  6 0.1774 0.1186 0.1256 0.1219 0.2056 0.1156 0.1353 
        H664  6 0.0828 0.0901 0.1110 0.2425 0.0668 0.3076 0.0993 
        H665  6 0.1230 0.1913 0.1347 0.1654 0.1300 0.0946 0.1611 
        H674  6 0.1859 0.0956 0.1983 0.0810 0.1546 0.0706 0.2139 
        H675  6 0.1060 0.1625 0.1574 0.1393 0.1230 0.1446 0.1672 
        H676  6 0.2709 0.0968 0.1599 0.0740 0.1371 0.0859 0.1754 
        H686  6 0.1648 0.1130 0.1792 0.1598 0.1183 0.1018 0.1632 
        H687  6 0.1577 0.0880 0.1683 0.1509 0.1216 0.1387 0.1748 
        H917  6 0.2223 0.1239 0.1233 0.1089 0.2120 0.0738 0.1359 
        H918  6 0.0865 0.2546 0.1021 0.2304 0.1134 0.1061 0.1070 
        H919  6 0.1042 0.2347 0.0932 0.1589 0.1158 0.2042 0.0890 
        H920  6 0.1178 0.1893 0.1321 0.1427 0.1002 0.1559 0.1620 
        H631  7 0.1059 0.1646 0.1248 0.1842 0.0990 0.1887 0.1328 
        H684  7 0.2122 0.0722 0.1892 0.0999 0.1762 0.0596 0.1907 
        H685  7 0.1459 0.0917 0.0773 0.1866 0.1805 0.2458 0.0723 
        H713  7 0.0796 0.1341 0.0847 0.2924 0.0705 0.2414 0.0974 
        H715  7 0.1909 0.0881 0.1898 0.1033 0.1587 0.0802 0.1890 
        H716  7 0.0963 0.2423 0.1439 0.2105 0.0746 0.1264 0.1060 
        H717  7 0.1031 0.2016 0.1349 0.1794 0.1111 0.1343 0.1357 
        H729  7 0.2027 0.0966 0.1194 0.1011 0.3005 0.0568 0.1227 
        H730  7 0.1371 0.1651 0.0824 0.1328 0.2921 0.0947 0.0958 
        H431  8 0.1782 0.1234 0.1086 0.1174 0.1521 0.1797 0.1407 
        H432  8 0.1671 0.1197 0.2168 0.1259 0.1378 0.0602 0.1726 
        H433  8 0.2252 0.1131 0.1494 0.1067 0.1788 0.0840 0.1428 
        H434  8 0.1323 0.1116 0.1376 0.1241 0.2177 0.1020 0.1747 
        H444  8 0.1192 0.1879 0.1114 0.1974 0.1294 0.0889 0.1659 
        H454  8 0.0820 0.2728 0.0850 0.2070 0.0874 0.1742 0.0917 
        H475  8 0.1027 0.2908 0.0771 0.1065 0.0675 0.2667 0.0888 
        H491  8 0.1100 0.1988 0.1192 0.1918 0.1045 0.1411 0.1344 
        H492  8 0.1216 0.1418 0.1129 0.2012 0.1105 0.2084 0.1035 
        H493  8 0.1410 0.0889 0.1666 0.1362 0.1477 0.1064 0.2133 
        H494  8 0.1430 0.1893 0.1324 0.1709 0.1245 0.1200 0.1198 
        H495  8 0.0849 0.1666 0.1175 0.1937 0.0735 0.2621 0.1016 
        H662  8 0.0982 0.1006 0.1406 0.2251 0.1049 0.1979 0.1327 
        H663  8 0.1384 0.1558 0.1542 0.1395 0.1443 0.1334 0.1343 
        H695  8 0.1536 0.1392 0.1426 0.1225 0.1684 0.1517 0.1219 
       H7367  8 0.2367 0.0644 0.1218 0.0704 0.3242 0.0591 0.1234 
       H7368  8 0.1548 0.1093 0.2145 0.1078 0.1247 0.0776 0.2113 
       H7369  8 0.1362 0.1762 0.1312 0.1443 0.1299 0.1181 0.1641 
       H7370  8 0.2781 0.0557 0.1111 0.1017 0.2241 0.1164 0.1128 
       H7371  8 0.1777 0.1264 0.1212 0.1442 0.1796 0.1095 0.1414 
        H600  9 0.1034 0.1997 0.1148 0.1510 0.0980 0.2210 0.1121 
        H648  9 0.1608 0.0999 0.1996 0.1203 0.1182 0.1075 0.1937 
        H696  9 0.1782 0.0536 0.2370 0.1262 0.1497 0.0966 0.1588 
        H697  9 0.1691 0.1449 0.1420 0.1074 0.1638 0.1059 0.1669 
        H698  9 0.2197 0.0869 0.1401 0.1006 0.2070 0.0920 0.1536 
        H699  9 0.1410 0.1285 0.1431 0.1220 0.2039 0.1050 0.1565 
        H700  9 0.0958 0.1970 0.0970 0.1921 0.0832 0.2245 0.1103 
        H732  9 0.0821 0.1627 0.1248 0.2040 0.0888 0.2293 0.1082 
        H733  9 0.2112 0.0942 0.1447 0.0878 0.1919 0.0771 0.1931 
        H734  9 0.2182 0.0707 0.1385 0.1322 0.1448 0.1403 0.1553 
        H735  9 0.2193 0.0744 0.1364 0.1298 0.1728 0.1015 0.1658 
        H736  9 0.0961 0.1163 0.1256 0.2075 0.1067 0.2259 0.1219 
        H737  9 0.1523 0.1702 0.1141 0.1042 0.2168 0.1196 0.1228 
        H905  9 0.1010 0.1958 0.1004 0.1467 0.1018 0.1796 0.1748 
        H921  9 0.1306 0.1618 0.1093 0.1761 0.1315 0.1408 0.1499 
        H922  9 0.1999 0.1143 0.1417 0.1356 0.1728 0.0722 0.1635 
     H169705 10 0.2625 0.0617 0.0930 0.0902 0.3086 0.0918 0.0923 
     H171942 10 0.1675 0.1123 0.2036 0.1517 0.1266 0.0579 0.1803 
     H171943 10 0.1599 0.1024 0.1412 0.1673 0.1412 0.1610 0.1270 
     H171944 10 0.1561 0.0908 0.1269 0.1753 0.1239 0.1963 0.1307 
     H171946 10 0.0981 0.0825 0.1223 0.2373 0.0730 0.2832 0.1037 
     H171947 10 0.1362 0.1470 0.1373 0.1458 0.1904 0.1121 0.1311 
     H229641 10 0.1840 0.1195 0.1569 0.1114 0.1458 0.1269 0.1555 
      H30001 10 0.1568 0.1249 0.1492 0.1467 0.1224 0.1308 0.1692 
      H30002 10 0.1206 0.1336 0.1119 0.1499 0.2029 0.1335 0.1475 
      H30005 10 0.2450 0.0775 0.1487 0.0898 0.2060 0.0867 0.1462 
      H30006 10 0.2079 0.0953 0.1004 0.0797 0.3681 0.0702 0.0784 
      H30007 10 0.1238 0.1514 0.1785 0.1239 0.1089 0.1564 0.1571 
        H451 10 0.2099 0.1053 0.1594 0.1115 0.1706 0.0653 0.1780 
        H452 10 0.2634 0.0738 0.1214 0.0646 0.2452 0.0837 0.1480 
        H453 10 0.0776 0.1853 0.1312 0.1342 0.0925 0.2445 0.1348 
