        H102  1 0.2823 0.3688 0.3488 
        H103  1 0.4171 0.3589 0.2240 
        H104  1 0.2367 0.3168 0.4465 
        H105  1 0.2639 0.4466 0.2895 
        H106  1 0.3331 0.3164 0.3505 
        H112  1 0.2634 0.3277 0.4089 
        H113  1 0.2838 0.3836 0.3326 
        H114  1 0.2797 0.4446 0.2757 
        H115  1 0.2325 0.3794 0.3881 
        H143  1 0.2920 0.4085 0.2995 
        H144  1 0.3891 0.3785 0.2323 
        H145  1 0.4341 0.3264 0.2395 
        H149  1 0.2690 0.3255 0.4055 
        H150  1 0.3389 0.3222 0.3390 
     H167542  1 0.2591 0.4437 0.2973 
     H169604  1 0.2940 0.4046 0.3014 
     H169607  1 0.3733 0.3761 0.2507 
     H169608  1 0.2908 0.2785 0.4307 
     H169633  1 0.3095 0.4441 0.2464 
     H169688  1 0.4383 0.2929 0.2688 
     H169714  1 0.2932 0.3090 0.3979 
     H171802  1 0.3168 0.2706 0.4126 
     H171805  1 0.3448 0.3833 0.2719 
     H171807  1 0.3382 0.2900 0.3718 
     H171814  1 0.4322 0.3190 0.2488 
     H171816  1 0.3087 0.3084 0.3829 
     H171817  1 0.2671 0.3729 0.3600 
     H171818  1 0.3176 0.3721 0.3103 
     H171819  1 0.3089 0.3307 0.3604 
     H171834  1 0.3147 0.3553 0.3300 
     H171835  1 0.2760 0.2417 0.4823 
     H171836  1 0.3524 0.4527 0.1949 
     H171837  1 0.2688 0.3354 0.3958 
     H171838  1 0.4110 0.3168 0.2721 
     H171839  1 0.2640 0.3617 0.3743 
     H171841  1 0.3109 0.2333 0.4558 
     H171860  1 0.2768 0.3823 0.3409 
     H171861  1 0.2872 0.5195 0.1934 
     H171862  1 0.3156 0.3481 0.3363 
     H171868  1 0.2397 0.4830 0.2773 
     H171869  1 0.4461 0.2709 0.2830 
     H171870  1 0.3681 0.3215 0.3104 
     H171871  1 0.3883 0.3346 0.2772 
     H171872  1 0.2549 0.3731 0.3720 
     H171873  1 0.3993 0.2587 0.3419 
     H171874  1 0.3523 0.3747 0.2730 
     H171875  1 0.3388 0.4417 0.2195 
     H171876  1 0.3351 0.3786 0.2863 
     H171877  1 0.2505 0.4369 0.3126 
     H171878  1 0.4152 0.2344 0.3504 
     H171901  1 0.2911 0.3020 0.4069 
     H171902  1 0.3963 0.2949 0.3088 
     H171903  1 0.3100 0.3628 0.3271 
     H171935  1 0.3772 0.2430 0.3798 
     H171936  1 0.3175 0.3974 0.2851 
     H171940  1 0.2993 0.3337 0.3670 
     H171945  1 0.3678 0.3167 0.3155 
     H171948  1 0.2634 0.3590 0.3776 
     H171949  1 0.2885 0.2660 0.4455 
     H171950  1 0.2627 0.2792 0.4581 
     H171963  1 0.4351 0.3102 0.2548 
     H171964  1 0.4632 0.2539 0.2829 
     H171966  1 0.3563 0.3088 0.3349 
     H171968  1 0.3499 0.3158 0.3343 
     H171971  1 0.3932 0.2825 0.3243 
     H171972  1 0.4074 0.3388 0.2538 
     H171977  1 0.4412 0.2869 0.2718 
     H171978  1 0.3350 0.2992 0.3659 
     H171979  1 0.3751 0.4017 0.2233 
        H176  1 0.3111 0.3759 0.3130 
        H177  1 0.2617 0.2987 0.4396 
        H179  1 0.2233 0.3695 0.4072 
        H181  1 0.4026 0.3322 0.2652 
        H182  1 0.3777 0.3840 0.2382 
        H183  1 0.4480 0.2809 0.2711 
        H184  1 0.2687 0.3785 0.3528 
        H185  1 0.3689 0.3664 0.2647 
        H186  1 0.3564 0.2879 0.3557 
        H187  1 0.3329 0.3510 0.3161 
        H188  1 0.2660 0.3395 0.3944 
        H192  1 0.2936 0.3030 0.4034 
        H193  1 0.3980 0.3595 0.2425 
        H194  1 0.2986 0.3676 0.3337 
        H195  1 0.4831 0.2741 0.2428 
        H199  1 0.4444 0.2750 0.2806 
        H200  1 0.2994 0.3286 0.3720 
        H414  1 0.3522 0.3511 0.2967 
        H415  1 0.3143 0.3898 0.2959 
        H422  1 0.3484 0.3259 0.3258 
        H423  1 0.2679 0.2523 0.4798 
        H424  1 0.3648 0.3897 0.2455 
        H425  1 0.4357 0.2957 0.2686 
        H426  1 0.4569 0.2488 0.2943 
        H443  1 0.3965 0.3368 0.2667 
        H466  1 0.3313 0.3323 0.3364 
        H467  1 0.3116 0.2364 0.4520 
        H472  1 0.3492 0.3345 0.3163 
        H483  1 0.3506 0.3942 0.2552 
        H504  1 0.4490 0.2911 0.2598 
        H505  1 0.3035 0.3119 0.3847 
        H506  1 0.3691 0.3122 0.3188 
        H507  1 0.3740 0.4154 0.2105 
        H508  1 0.3806 0.2833 0.3361 
        H524  1 0.3394 0.4062 0.2544 
        H525  1 0.3639 0.3412 0.2949 
        H526  1 0.3005 0.4275 0.2720 
        H527  1 0.2926 0.3201 0.3873 
        H528  1 0.3540 0.3959 0.2502 
        H529  1 0.3680 0.3919 0.2401 
        H533  1 0.3360 0.4342 0.2298 
        H538  1 0.2872 0.3540 0.3588 
        H539  1 0.4050 0.3208 0.2741 
        H540  1 0.3172 0.3579 0.3249 
        H541  1 0.2822 0.4018 0.3160 
        H558  1 0.4487 0.2808 0.2705 
        H559  1 0.3127 0.3813 0.3060 
        H579  1 0.3673 0.3724 0.2603 
        H584  1 0.4130 0.3082 0.2788 
        H585  1 0.3635 0.3395 0.2971 
        H605  1 0.3147 0.3579 0.3275 
        H606  1 0.2658 0.3133 0.4208 
        H632  1 0.4444 0.2850 0.2707 
        H634  1 0.3384 0.3666 0.2951 
        H671  1 0.2880 0.2819 0.4301 
        H672  1 0.3249 0.3579 0.3172 
        H673  1 0.3614 0.3600 0.2785 
        H689  1 0.3504 0.3667 0.2829 
        H690  1 0.2540 0.3368 0.4092 
        H691  1 0.2796 0.4076 0.3128 
        H692  1 0.3712 0.4471 0.1816 
        H709  1 0.3206 0.3642 0.3151 
        H710  1 0.3874 0.3907 0.2219 
       H7355  1 0.2998 0.4380 0.2621 
       H7356  1 0.3744 0.3099 0.3157 
       H7357  1 0.2564 0.4170 0.3266 
       H7358  1 0.3388 0.4057 0.2556 
       H7380  1 0.3108 0.4028 0.2864 
       H7381  1 0.3222 0.2715 0.4064 
       H7382  1 0.3398 0.3808 0.2794 
        H904  1 0.2110 0.2773 0.5116 
        H923  1 0.3574 0.3079 0.3347 
        H924  1 0.3112 0.3106 0.3783 
        H925  1 0.3201 0.3940 0.2859 
       H9558  1 0.4763 0.2655 0.2583 
        H008  2 0.3139 0.4639 0.2222 
        H021  2 0.2986 0.3052 0.3962 
        H023  2 0.2711 0.3064 0.4225 
        H024  2 0.4288 0.3255 0.2457 
        H025  2 0.3449 0.2647 0.3904 
        H026  2 0.4386 0.2982 0.2632 
        H027  2 0.3010 0.3970 0.3020 
        H028  2 0.3799 0.3349 0.2852 
        H029  2 0.3648 0.3639 0.2713 
        H030  2 0.4490 0.3001 0.2509 
        H038  2 0.3364 0.2798 0.3838 
        H039  2 0.2177 0.1925 0.5898 
        H040  2 0.3235 0.2938 0.3827 
        H041  2 0.2653 0.4291 0.3056 
        H042  2 0.3055 0.3430 0.3515 
        H043  2 0.3461 0.2326 0.4213 
        H044  2 0.3924 0.3561 0.2515 
        H047  2 0.3488 0.2362 0.4150 
        H050  2 0.3923 0.3372 0.2705 
        H058  2 0.3530 0.2848 0.3622 
        H062  2 0.3125 0.3115 0.3760 
        H063  2 0.2753 0.2920 0.4327 
        H065  2 0.3675 0.2894 0.3431 
        H066  2 0.3885 0.2854 0.3261 
        H067  2 0.2948 0.4137 0.2915 
        H068  2 0.3009 0.2362 0.4630 
        H069  2 0.4063 0.2917 0.3020 
        H071  2 0.2895 0.3056 0.4049 
        H072  2 0.2483 0.2888 0.4629 
        H073  2 0.3624 0.3538 0.2838 
        H081  2 0.2406 0.4275 0.3319 
        H082  2 0.3929 0.3831 0.2240 
        H083  2 0.4350 0.3121 0.2528 
        H084  2 0.3336 0.3138 0.3525 
        H085  2 0.2726 0.4248 0.3026 
        H087  2 0.2516 0.4315 0.3169 
        H088  2 0.2513 0.3553 0.3934 
        H089  2 0.3154 0.4172 0.2674 
        H090  2 0.3997 0.3317 0.2686 
        H091  2 0.3542 0.3831 0.2627 
        H098  2 0.3278 0.3896 0.2826 
      H10001  2 0.2339 0.1976 0.5685 
      H10002  2 0.2333 0.3964 0.3703 
        H101  2 0.4095 0.3040 0.2865 
        H108  2 0.2519 0.3653 0.3829 
        H109  2 0.3218 0.2935 0.3847 
        H110  2 0.2559 0.4974 0.2466 
        H116  2 0.3921 0.3408 0.2672 
        H117  2 0.2727 0.4436 0.2837 
        H118  2 0.4148 0.3654 0.2198 
        H119  2 0.2708 0.3441 0.3851 
        H120  2 0.2237 0.3000 0.4763 
        H121  2 0.3832 0.3488 0.2680 
        H125  2 0.2147 0.2070 0.5783 
        H126  2 0.4135 0.2992 0.2872 
        H128  2 0.5247 0.3003 0.1751 
        H129  2 0.4625 0.3021 0.2354 
        H130  2 0.3745 0.2250 0.4005 
        H133  2 0.2702 0.2499 0.4800 
        H134  2 0.5153 0.2523 0.2324 
        H135  2 0.2607 0.4108 0.3286 
        H137  2 0.3391 0.3418 0.3191 
        H138  2 0.4193 0.3194 0.2613 
        H140  2 0.3301 0.3458 0.3241 
        H146  2 0.3691 0.3509 0.2801 
        H147  2 0.3086 0.4167 0.2747 
        H148  2 0.2609 0.4294 0.3097 
     H166022  2 0.3094 0.4470 0.2436 
     H167359  2 0.3286 0.3561 0.3153 
     H167397  2 0.3923 0.4318 0.1759 
     H167428  2 0.3519 0.4521 0.1961 
     H167496  2 0.2238 0.3144 0.4619 
     H167513  2 0.3926 0.2987 0.3087 
     H167545  2 0.4358 0.3094 0.2548 
     H167547  2 0.5066 0.2744 0.2191 
     H169621  2 0.3887 0.3353 0.2760 
     H169622  2 0.3402 0.4075 0.2524 
     H169750  2 0.3640 0.2588 0.3772 
     H171806  2 0.3586 0.2568 0.3846 
     H171808  2 0.3499 0.3510 0.2991 
     H171809  2 0.2718 0.3997 0.3285 
     H171813  2 0.4081 0.2637 0.3282 
     H171815  2 0.2938 0.2361 0.4701 
     H171824  2 0.2120 0.3608 0.4272 
     H171825  2 0.3300 0.3742 0.2958 
     H171826  2 0.2676 0.3623 0.3702 
     H171827  2 0.3231 0.3466 0.3303 
     H171828  2 0.2177 0.2608 0.5215 
     H171829  2 0.4104 0.2546 0.3350 
     H171830  2 0.3019 0.3694 0.3287 
     H171831  2 0.4189 0.3481 0.2329 
     H171832  2 0.3627 0.3433 0.2939 
     H171863  2 0.4778 0.3119 0.2103 
     H171864  2 0.2877 0.3949 0.3175 
     H171865  2 0.2931 0.2651 0.4418 
     H171879  2 0.3590 0.3453 0.2957 
     H171880  2 0.3158 0.3917 0.2925 
     H171881  2 0.3151 0.4073 0.2776 
     H171882  2 0.2415 0.2700 0.4885 
     H171929  2 0.3126 0.3973 0.2901 
     H171930  2 0.4484 0.3069 0.2447 
     H171933  2 0.3550 0.3446 0.3004 
     H171934  2 0.2943 0.3936 0.3121 
     H171937  2 0.4149 0.3091 0.2761 
     H171962  2 0.3387 0.3808 0.2805 
        H190  2 0.3569 0.3871 0.2560 
        H191  2 0.3532 0.3161 0.3307 
        H396  2 0.3167 0.3491 0.3342 
        H397  2 0.3462 0.3553 0.2985 
        H398  2 0.3548 0.2913 0.3540 
        H400  2 0.3039 0.3771 0.3190 
        H401  2 0.4701 0.3224 0.2076 
        H402  2 0.3215 0.4546 0.2239 
        H427  2 0.2890 0.4006 0.3104 
        H428  2 0.3392 0.4611 0.1997 
        H497  2 0.3511 0.2965 0.3524 
        H512  2 0.3109 0.3802 0.3089 
        H513  2 0.3879 0.3043 0.3078 
        H514  2 0.4135 0.2949 0.2916 
        H519  2 0.3652 0.3118 0.3230 
        H532  2 0.3018 0.4340 0.2642 
        H543  2 0.3112 0.4433 0.2455 
        H544  2 0.4185 0.2769 0.3046 
        H545  2 0.4559 0.2991 0.2450 
        H546  2 0.3349 0.2750 0.3901 
        H547  2 0.5026 0.2777 0.2197 
        H548  2 0.2824 0.4380 0.2796 
        H549  2 0.4327 0.3017 0.2656 
        H620  2 0.2231 0.2626 0.5143 
        H623  2 0.3965 0.3351 0.2684 
        H624  2 0.4320 0.2039 0.3641 
        H625  2 0.3309 0.3807 0.2884 
        H626  2 0.3253 0.3508 0.3238 
        H654  2 0.2665 0.2146 0.5189 
        H655  2 0.3035 0.2738 0.4227 
        H656  2 0.2706 0.2682 0.4612 
        H666  2 0.2840 0.2184 0.4977 
        H667  2 0.3344 0.3811 0.2845 
        H677  2 0.3151 0.3988 0.2860 
        H693  2 0.2402 0.3216 0.4382 
        H694  2 0.3867 0.3542 0.2591 
        H701  2 0.3175 0.4198 0.2627 
        H702  2 0.2819 0.3633 0.3548 
        H731  2 0.2973 0.3102 0.3925 
       H7359  2 0.3241 0.3583 0.3176 
       H7389  2 0.3858 0.3000 0.3142 
       H7390  2 0.2752 0.2624 0.4624 
       H7391  2 0.2297 0.4731 0.2972 
       H7392  2 0.3672 0.2816 0.3512 
       H7393  2 0.3093 0.3132 0.3775 
       H7398  2 0.2669 0.4164 0.3167 
       H7399  2 0.3790 0.3768 0.2441 
       H7400  2 0.2608 0.2248 0.5144 
        H745  2 0.4722 0.2834 0.2444 
        H746  2 0.3942 0.3680 0.2378 
        H747  2 0.3008 0.2685 0.4306 
        H748  2 0.3270 0.3371 0.3359 
       H7484  2 0.2857 0.2485 0.4658 
       H7485  2 0.4332 0.3108 0.2561 
        H749  2 0.3810 0.3869 0.2321 
        H930  2 0.4149 0.3257 0.2594 
        H931  2 0.3021 0.3845 0.3134 
        H932  2 0.3208 0.3256 0.3536 
        H111  3 0.4024 0.3379 0.2597 
        H951  3 0.3971 0.3486 0.2543 
        H952  3 0.4039 0.2550 0.3411 
        H953  3 0.3385 0.3761 0.2853 
        H954  3 0.2705 0.2969 0.4326 
        H955  3 0.3834 0.3635 0.2531 
        H956  3 0.2991 0.3394 0.3615 
       H9563  3 0.2682 0.3517 0.3801 
        H002  4 0.3173 0.2571 0.4256 
        H003  4 0.3436 0.4051 0.2514 
        H009  4 0.4389 0.2888 0.2722 
        H010  4 0.3202 0.3524 0.3274 
        H011  4 0.2531 0.2800 0.4670 
        H012  4 0.2756 0.4769 0.2476 
        H013  4 0.2774 0.3685 0.3541 
        H014  4 0.3351 0.3212 0.3438 
        H045  4 0.2591 0.3762 0.3647 
        H046  4 0.3704 0.3616 0.2680 
        H051  4 0.2503 0.3475 0.4022 
        H052  4 0.3827 0.2496 0.3677 
        H053  4 0.3006 0.3062 0.3932 
        H056  4 0.3209 0.2558 0.4233 
        H076  4 0.3834 0.3659 0.2507 
        H151  4 0.2763 0.2347 0.4890 
        H152  4 0.3426 0.2187 0.4387 
     H171803  4 0.2996 0.2905 0.4099 
     H171804  4 0.2772 0.3358 0.3870 
     H171833  4 0.4538 0.3048 0.2414 
     H171855  4 0.3218 0.2199 0.4583 
     H171856  4 0.3448 0.3179 0.3373 
     H171857  4 0.3203 0.2382 0.4414 
     H171858  4 0.3310 0.3449 0.3241 
     H171859  4 0.3456 0.3177 0.3368 
     H171961  4 0.2818 0.3138 0.4044 
        H198  4 0.3539 0.4182 0.2280 
      H20001  4 0.4679 0.2751 0.2570 
        H403  4 0.3894 0.2735 0.3372 
        H404  4 0.3343 0.4000 0.2657 
        H405  4 0.3202 0.4269 0.2528 
        H406  4 0.4678 0.2442 0.2879 
        H407  4 0.2968 0.3156 0.3877 
        H410  4 0.3653 0.3872 0.2475 
        H411  4 0.4395 0.2894 0.2710 
        H468  4 0.4289 0.2524 0.3187 
        H476  4 0.3352 0.3048 0.3599 
        H477  4 0.4789 0.2582 0.2629 
        H478  4 0.3242 0.4385 0.2372 
        H479  4 0.2963 0.3514 0.3523 
        H480  4 0.4292 0.3177 0.2531 
        H498  4 0.3507 0.3335 0.3158 
        H499  4 0.3379 0.3329 0.3291 
        H500  4 0.2434 0.3091 0.4475 
        H515  4 0.2825 0.3227 0.3948 
        H516  4 0.3702 0.2961 0.3337 
        H517  4 0.3325 0.3521 0.3154 
        H518  4 0.3829 0.2550 0.3621 
        H520  4 0.3124 0.2865 0.4011 
        H521  4 0.3303 0.3678 0.3019 
        H522  4 0.3307 0.3035 0.3658 
        H523  4 0.3188 0.3161 0.3650 
        H536  4 0.3206 0.3702 0.3092 
        H645  4 0.2442 0.4055 0.3502 
        H646  4 0.3961 0.3465 0.2573 
        H647  4 0.3863 0.3018 0.3119 
        H657  4 0.3647 0.3941 0.2413 
        H658  4 0.2827 0.3420 0.3753 
        H659  4 0.2600 0.2364 0.5036 
        H660  4 0.3236 0.3214 0.3550 
        H661  4 0.3592 0.2488 0.3920 
        H668  4 0.2664 0.4877 0.2459 
        H669  4 0.2806 0.3693 0.3501 
        H670  4 0.2298 0.4087 0.3615 
        H678  4 0.3494 0.3179 0.3327 
        H679  4 0.3328 0.4163 0.2509 
        H680  4 0.3867 0.2971 0.3162 
        H681  4 0.2672 0.3940 0.3388 
        H682  4 0.2661 0.4338 0.3001 
        H683  4 0.4141 0.2144 0.3716 
        H718  4 0.2786 0.2689 0.4525 
        H719  4 0.2703 0.3725 0.3572 
        H720  4 0.4016 0.2809 0.3175 
        H721  4 0.3965 0.2551 0.3484 
        H722  4 0.4108 0.2260 0.3633 
        H723  4 0.2513 0.3456 0.4031 
        H724  4 0.2516 0.2318 0.5166 
        H725  4 0.2886 0.2376 0.4738 
        H726  4 0.2788 0.3011 0.4201 
        H727  4 0.2535 0.3219 0.4246 
        H910  4 0.2620 0.3277 0.4103 
        H911  4 0.3768 0.3292 0.2940 
        H912  4 0.3545 0.2873 0.3582 
        H913  4 0.3177 0.2744 0.4079 
        H914  4 0.2241 0.3513 0.4246 
        H915  4 0.3155 0.3362 0.3483 
        H916  4 0.3952 0.2726 0.3322 
       H9572  4 0.3654 0.2914 0.3431 
        H015  5 0.4093 0.3209 0.2697 
        H016  5 0.4383 0.3062 0.2556 
        H017  5 0.4290 0.2387 0.3324 
        H019  5 0.3651 0.3480 0.2868 
        H020  5 0.3510 0.2823 0.3667 
        H032  5 0.3296 0.3313 0.3391 
        H033  5 0.2785 0.4426 0.2790 
        H034  5 0.2385 0.3588 0.4027 
        H035  5 0.3534 0.3129 0.3337 
        H036  5 0.3622 0.3148 0.3230 
        H037  5 0.2835 0.2815 0.4349 
        H048  5 0.2516 0.3138 0.4345 
        H049  5 0.3877 0.2934 0.3189 
        H054  5 0.3078 0.3395 0.3527 
        H055  5 0.3228 0.2964 0.3808 
        H057  5 0.4132 0.2719 0.3149 
        H060  5 0.3541 0.2748 0.3711 
        H061  5 0.3187 0.4000 0.2812 
        H064  5 0.3360 0.2960 0.3681 
        H070  5 0.2659 0.3652 0.3689 
        H077  5 0.2816 0.2857 0.4327 
        H078  5 0.3429 0.2342 0.4229 
        H079  5 0.3160 0.4378 0.2462 
        H097  5 0.4045 0.2361 0.3594 
        H107  5 0.2133 0.2768 0.5098 
        H122  5 0.4072 0.2914 0.3014 
        H123  5 0.3840 0.3539 0.2622 
        H124  5 0.3238 0.4054 0.2708 
        H131  5 0.3440 0.3806 0.2754 
        H132  5 0.3068 0.3265 0.3667 
        H141  5 0.3047 0.3397 0.3555 
        H142  5 0.3619 0.3856 0.2525 
        H157  5 0.2725 0.2887 0.4389 
        H158  5 0.4481 0.2810 0.2710 
        H159  5 0.3950 0.3703 0.2347 
        H160  5 0.3712 0.3085 0.3203 
        H163  5 0.3365 0.3602 0.3033 
        H164  5 0.3316 0.4061 0.2623 
        H165  5 0.3048 0.4752 0.2199 
        H166  5 0.3799 0.3198 0.3003 
        H169  5 0.3016 0.3841 0.3143 
     H169613  5 0.3273 0.3247 0.3480 
     H169653  5 0.3495 0.3565 0.2940 
     H169728  5 0.3569 0.3424 0.3007 
     H169742  5 0.2755 0.3726 0.3519 
        H170  5 0.4409 0.2525 0.3066 
        H171  5 0.4421 0.2741 0.2838 
     H171851  5 0.3527 0.3324 0.3148 
     H171852  5 0.3385 0.2637 0.3978 
     H171853  5 0.2793 0.3674 0.3534 
     H171854  5 0.3432 0.3292 0.3276 
     H171938  5 0.2456 0.4309 0.3235 
     H171939  5 0.4483 0.2776 0.2742 
     H171941  5 0.2691 0.2743 0.4566 
     H171965  5 0.3641 0.3647 0.2712 
     H171970  5 0.2501 0.2548 0.4951 
     H171973  5 0.2908 0.4407 0.2685 
     H171974  5 0.2781 0.3901 0.3317 
     H171975  5 0.2890 0.3309 0.3801 
     H171976  5 0.4290 0.2524 0.3186 
        H175  5 0.2631 0.3087 0.4282 
        H178  5 0.3147 0.3293 0.3560 
        H189  5 0.4128 0.3678 0.2195 
        H399  5 0.4514 0.2582 0.2904 
        H416  5 0.3184 0.3285 0.3531 
        H438  5 0.2660 0.3922 0.3418 
        H450  5 0.2929 0.2811 0.4260 
        H455  5 0.2472 0.2761 0.4767 
        H456  5 0.2878 0.3719 0.3404 
        H457  5 0.3377 0.2658 0.3966 
        H458  5 0.3068 0.2995 0.3937 
        H459  5 0.3572 0.3905 0.2524 
        H460  5 0.3246 0.3413 0.3341 
        H461  5 0.3941 0.2870 0.3189 
        H462  5 0.3231 0.3662 0.3108 
        H469  5 0.3457 0.3962 0.2581 
        H470  5 0.3116 0.3366 0.3519 
        H471  5 0.4419 0.3114 0.2468 
        H481  5 0.2448 0.2510 0.5042 
        H482  5 0.3094 0.3208 0.3698 
        H501  5 0.2988 0.3651 0.3361 
        H502  5 0.3966 0.3545 0.2489 
        H503  5 0.3993 0.3098 0.2909 
        H509  5 0.2750 0.2999 0.4251 
        H510  5 0.3327 0.3519 0.3154 
        H511  5 0.3877 0.3433 0.2690 
        H530  5 0.2487 0.3892 0.3621 
        H531  5 0.3248 0.2624 0.4129 
        H564  5 0.3147 0.3205 0.3648 
        H565  5 0.2909 0.2460 0.4631 
        H567  5 0.4089 0.3533 0.2378 
     H568???  5 0.4178 0.3104 0.2718 
        H608  5 0.2836 0.2804 0.4360 
        H609  5 0.2836 0.4046 0.3118 
        H612  5 0.2243 0.3231 0.4526 
        H614  5 0.2994 0.2268 0.4738 
        H615  5 0.3349 0.2455 0.4196 
        H616  5 0.2003 0.2601 0.5396 
        H617  5 0.3161 0.4256 0.2583 
        H618  5 0.2557 0.2994 0.4448 
        H619  5 0.3137 0.4261 0.2602 
        H635  5 0.3039 0.3735 0.3225 
        H636  5 0.2526 0.4803 0.2671 
        H637  5 0.3164 0.3388 0.3448 
        H644  5 0.4995 0.3113 0.1891 
        H711  5 0.4329 0.2810 0.2861 
        H712  5 0.2657 0.3371 0.3972 
       H7360  5 0.3918 0.3021 0.3060 
       H7361  5 0.2792 0.3024 0.4184 
       H7362  5 0.4647 0.3184 0.2169 
       H7363  5 0.3499 0.2637 0.3864 
       H7394  5 0.3323 0.3970 0.2708 
       H7395  5 0.3140 0.3532 0.3329 
       H7396  5 0.3251 0.3350 0.3400 
        H742  5 0.2743 0.3791 0.3467 
        H743  5 0.3872 0.2709 0.3419 
        H744  5 0.2452 0.2673 0.4874 
        H957  5 0.3559 0.3322 0.3118 
        H958  5 0.3355 0.3607 0.3038 
        H959  5 0.2314 0.3431 0.4256 
        H960  5 0.3193 0.3348 0.3458 
      H_PALI  6 0.3257 0.3711 0.3032 
        H581  6 0.3473 0.2812 0.3714 
        H582  6 0.3116 0.2336 0.4547 
        H583  6 0.3378 0.3171 0.3450 
        H595  6 0.4039 0.3495 0.2466 
        H596  6 0.3710 0.3960 0.2331 
        H597  6 0.4160 0.3246 0.2594 
        H598  6 0.2792 0.3668 0.3540 
        H599  6 0.2896 0.2990 0.4113 
        H642  6 0.4635 0.2820 0.2545 
        H643  6 0.2968 0.3596 0.3436 
        H664  6 0.3714 0.2079 0.4207 
        H665  6 0.2517 0.4429 0.3054 
        H674  6 0.4996 0.2728 0.2276 
        H675  6 0.3519 0.2479 0.4001 
        H676  6 0.3898 0.3372 0.2730 
        H686  6 0.3599 0.3266 0.3136 
        H687  6 0.3455 0.3100 0.3446 
        H917  6 0.3028 0.4519 0.2453 
        H918  6 0.3157 0.4108 0.2735 
        H919  6 0.2250 0.2966 0.4783 
        H920  6 0.3055 0.3238 0.3707 
        H631  7 0.2927 0.3012 0.4062 
        H684  7 0.4354 0.3174 0.2472 
        H685  7 0.2946 0.2327 0.4727 
        H713  7 0.2743 0.3072 0.4185 
        H715  7 0.4082 0.2999 0.2919 
        H716  7 0.2935 0.3279 0.3786 
        H717  7 0.3078 0.3317 0.3605 
        H729  7 0.3012 0.4577 0.2411 
        H730  7 0.2717 0.3679 0.3603 
        H431  8 0.2737 0.2957 0.4306 
        H432  8 0.4326 0.3244 0.2430 
        H433  8 0.2801 0.4253 0.2947 
        H434  8 0.3787 0.3128 0.3085 
        H444  8 0.2972 0.4224 0.2803 
        H454  8 0.2539 0.2968 0.4493 
        H475  8 0.2624 0.2888 0.4488 
        H491  8 0.3261 0.2988 0.3751 
        H492  8 0.2757 0.3052 0.4192 
        H493  8 0.3778 0.3104 0.3118 
        H494  8 0.3017 0.3304 0.3679 
        H495  8 0.3946 0.1912 0.4143 
        H662  8 0.4204 0.2827 0.2968 
        H663  8 0.3054 0.3473 0.3473 
        H695  8 0.2686 0.3633 0.3680 
       H7367  8 0.3383 0.4074 0.2543 
       H7368  8 0.3515 0.3571 0.2915 
       H7369  8 0.2912 0.3900 0.3188 
       H7370  8 0.3590 0.4022 0.2388 
       H7371  8 0.2807 0.4047 0.3145 
        H600  9 0.2878 0.3011 0.4111 
        H648  9 0.3695 0.2999 0.3306 
        H696  9 0.5327 0.2593 0.2080 
        H697  9 0.3422 0.3319 0.3259 
        H698  9 0.3719 0.3452 0.2829 
        H699  9 0.3503 0.3250 0.3247 
        H700  9 0.2643 0.3645 0.3712 
        H732  9 0.3014 0.2413 0.4573 
        H733  9 0.3484 0.3957 0.2559 
        H734  9 0.4221 0.3347 0.2433 
        H735  9 0.4078 0.3035 0.2887 
        H736  9 0.3460 0.3350 0.3190 
        H737  9 0.3252 0.2802 0.3946 
        H905  9 0.2678 0.3305 0.4017 
        H921  9 0.2561 0.3759 0.3681 
        H922  9 0.3542 0.4120 0.2338 
     H169705 10 0.3328 0.3506 0.3166 
     H171942 10 0.4181 0.3439 0.2380 
     H171943 10 0.3858 0.2909 0.3234 
     H171944 10 0.2866 0.3852 0.3282 
     H171946 10 0.3768 0.2178 0.4054 
     H171947 10 0.3402 0.3789 0.2809 
     H229641 10 0.3267 0.3391 0.3341 
      H30001 10 0.2766 0.3805 0.3429 
      H30002 10 0.3259 0.3485 0.3256 
      H30005 10 0.3350 0.3324 0.3326 
      H30006 10 0.4072 0.3098 0.2830 
      H30007 10 0.5528 0.2369 0.2103 
        H451 10 0.3251 0.4278 0.2471 
        H452 10 0.4053 0.2814 0.3133 
        H453 10 0.3106 0.2229 0.4665 
        H473 10 0.3294 0.3368 0.3338 
        H474 10 0.3024 0.2043 0.4933 
        H486 10 0.2948 0.3211 0.3842 
        H487 10 0.3086 0.2810 0.4105 
        H488 10 0.2543 0.4037 0.3419 
        H489 10 0.2506 0.2904 0.4590 
        H550 10 0.4272 0.2975 0.2753 
        H551 10 0.2723 0.3639 0.3638 
        H553 10 0.3101 0.2481 0.4418 
        H554 10 0.3668 0.3796 0.2535 
        H556 10 0.3731 0.2707 0.3562 
        H580 10 0.3394 0.3528 0.3078 
        H591 10 0.2469 0.2695 0.4836 
        H592 10 0.2862 0.3217 0.3921 
        H593 10 0.3237 0.4049 0.2714 
        H594 10 0.4359 0.3438 0.2203 
        H627 10 0.3672 0.2849 0.3479 
        H628 10 0.2976 0.4929 0.2094 
        H629 10 0.4021 0.2696 0.3283 
        H630 10 0.3757 0.2839 0.3404 
        H638 10 0.3445 0.3560 0.2995 
        H639 10 0.3138 0.2423 0.4438 
        H640 10 0.3844 0.3564 0.2592 
        H704 10 0.4290 0.3089 0.2621 
        H705 10 0.3253 0.3528 0.3218 
        H706 10 0.2292 0.3408 0.4299 
        H708 10 0.2925 0.2514 0.4561 
       H7351 10 0.3524 0.3414 0.3062 
       H7352 10 0.3263 0.3275 0.3462 
       H7353 10 0.4466 0.2816 0.2717 
       H7354 10 0.2922 0.3278 0.3800 
       H7365 10 0.2507 0.2996 0.4497 
       H7383 10 0.2428 0.3783 0.3790 
       H7384 10 0.2730 0.3311 0.3959 
       H7385 10 0.2738 0.2947 0.4314 
       H7386 10 0.2919 0.4125 0.2956 
       H7387 10 0.3147 0.3803 0.3049 
       H7388 10 0.3247 0.3388 0.3365 
        H906 10 0.3456 0.2781 0.3763 
        H907 10 0.3706 0.3638 0.2656 
        H908 10 0.3100 0.3589 0.3311 
        H909 10 0.2950 0.3714 0.3337 
       H9552 10 0.3513 0.3194 0.3294 
       H9553 10 0.3180 0.2762 0.4058 
       H9555 10 0.2878 0.4322 0.2800 
       H9575 10 0.3192 0.2600 0.4208 
       H9703 10 0.2652 0.2384 0.4965 
       H9707 10 0.2883 0.3077 0.4040 
       HSAA4 10 0.3338 0.3558 0.3104 
        H001 11 0.2906 0.3372 0.3722 
        H004 11 0.3441 0.3421 0.3139 
        H005 11 0.2200 0.3220 0.4581 
        H006 11 0.2744 0.4011 0.3245 
        H007 11 0.2325 0.3510 0.4164 
        H031 11 0.2103 0.2853 0.5045 
        H074 11 0.3061 0.2559 0.4380 
        H075 11 0.2524 0.3162 0.4314 
        H080 11 0.2627 0.2875 0.4498 
        H086 11 0.3502 0.2799 0.3699 
        H092 11 0.2803 0.3216 0.3981 
        H093 11 0.4461 0.3354 0.2185 
        H094 11 0.3664 0.3232 0.3104 
        H095 11 0.2800 0.3130 0.4070 
        H096 11 0.2317 0.4123 0.3560 
        H099 11 0.2948 0.3090 0.3963 
        H100 11 0.4012 0.3329 0.2659 
        H127 11 0.3073 0.3121 0.3806 
        H136 11 0.2829 0.2481 0.4689 
        H153 11 0.3541 0.3465 0.2994 
        H154 11 0.2881 0.2557 0.4562 
        H155 11 0.3054 0.4554 0.2391 
        H156 11 0.3075 0.4932 0.1993 
        H161 11 0.4055 0.3070 0.2875 
        H162 11 0.3768 0.3759 0.2473 
        H167 11 0.3217 0.3830 0.2954 
        H168 11 0.3034 0.3688 0.3278 
     H169586 11 0.4287 0.2127 0.3586 
     H169738 11 0.3169 0.4128 0.2703 
     H169741 11 0.2754 0.2805 0.4441 
     H171801 11 0.3963 0.3398 0.2639 
     H171810 11 0.3025 0.2616 0.4360 
     H171811 11 0.3476 0.2279 0.4245 
     H171812 11 0.2730 0.3640 0.3630 
     H171820 11 0.3176 0.2621 0.4203 
     H171821 11 0.3246 0.3796 0.2958 
     H171822 11 0.3223 0.3412 0.3365 
     H171823 11 0.3663 0.2205 0.4132 
     H171866 11 0.3937 0.3358 0.2705 
     H171867 11 0.2458 0.4853 0.2689 
     H171967 11 0.2498 0.3344 0.4158 
     H171969 11 0.3325 0.3464 0.3211 
        H172 11 0.3099 0.3696 0.3205 
        H173 11 0.2461 0.4356 0.3183 
        H174 11 0.4476 0.3173 0.2351 
        H196 11 0.3439 0.3701 0.2860 
        H197 11 0.2923 0.4342 0.2736 
        H346 11 0.2778 0.3681 0.3541 
        H355 11 0.3166 0.3257 0.3577 
        H356 11 0.3327 0.2818 0.3855 
        H357 11 0.2620 0.3571 0.3809 
        H358 11 0.2697 0.3885 0.3417 
        H359 11 0.3321 0.3455 0.3224 
        H360 11 0.2879 0.3743 0.3378 
        H361 11 0.3324 0.3498 0.3178 
        H362 11 0.3693 0.4047 0.2260 
        H363 11 0.2466 0.3267 0.4267 
        H364 11 0.3656 0.3083 0.3260 
        H365 11 0.3594 0.3591 0.2815 
        H366 11 0.3255 0.4071 0.2674 
        H367 11 0.3001 0.2452 0.4547 
        H368 11 0.4177 0.3040 0.2783 
        H369 11 0.2251 0.3126 0.4623 
        H370 11 0.3242 0.4099 0.2659 
        H371 11 0.3547 0.3108 0.3344 
        H372 11 0.3304 0.3363 0.3333 
        H373 11 0.3189 0.3323 0.3488 
        H374 11 0.2845 0.3130 0.4025 
        H375 11 0.2793 0.3665 0.3542 
        H376 11 0.3712 0.3527 0.2761 
        H377 11 0.2762 0.3563 0.3675 
        H378 11 0.3222 0.2804 0.3975 
        H379 11 0.3481 0.3379 0.3140 
        H380 11 0.2661 0.4867 0.2472 
        H381 11 0.3272 0.2737 0.3991 
        H382 11 0.3452 0.4555 0.1993 
        H383 11 0.3621 0.3873 0.2506 
        H384 11 0.3112 0.2666 0.4222 
        H385 11 0.3049 0.3123 0.3827 
        H386 11 0.2522 0.4601 0.2877 
        H387 11 0.4403 0.2372 0.3225 
        H388 11 0.3615 0.3968 0.2418 
        H389 11 0.2612 0.4055 0.3333 
        H390 11 0.3295 0.3963 0.2742 
        H391 11 0.4409 0.2669 0.2922 
        H392 11 0.2626 0.3056 0.4318 
        H393 11 0.4439 0.3234 0.2327 
        H394 11 0.4893 0.2720 0.2387 
        H395 11 0.2602 0.3278 0.4119 
        H408 11 0.2633 0.3914 0.3453 
        H412 11 0.3777 0.1851 0.4372 
        H417 11 0.2973 0.3234 0.3793 
        H418 11 0.4115 0.2327 0.3558 
        H429 11 0.3160 0.3941 0.2899 
        H430 11 0.3244 0.4025 0.2731 
        H439 11 0.2917 0.3431 0.3652 
        H440 11 0.2652 0.2927 0.4421 
        H441 11 0.3410 0.3950 0.2640 
        H442 11 0.3300 0.3831 0.2869 
        H446 11 0.3449 0.3107 0.3445 
        H447 11 0.2985 0.4258 0.2757 
        H448 11 0.2689 0.4309 0.3003 
        H534 11 0.2913 0.2202 0.4884 
        H537 11 0.2901 0.2749 0.4351 
        H568 11 0.2521 0.2536 0.4943 
        H569 11 0.3391 0.4362 0.2246 
        H586 11 0.4451 0.2052 0.3497 
        H587 11 0.2446 0.2505 0.5049 
        H588 11 0.4519 0.2934 0.2547 
        H589 11 0.2589 0.2748 0.4663 
        H590 11 0.3060 0.2773 0.4167 
        H601 11 0.3568 0.4154 0.2278 
        H602 11 0.2953 0.3082 0.3965 
        H603 11 0.2822 0.4570 0.2608 
        H610 11 0.2924 0.3320 0.3756 
        H611 11 0.2879 0.2932 0.4189 
        H649 11 0.3344 0.3131 0.3526 
        H650 11 0.4256 0.3025 0.2719 
        H651 11 0.2636 0.4148 0.3216 
        H652 11 0.3434 0.3015 0.3551 
       H7364 11 0.3278 0.3688 0.3035 
       H7366 11 0.2592 0.4064 0.3345 
       H7378 11 0.5565 0.2718 0.1718 
       H7379 11 0.3356 0.3175 0.3469 
        H739 11 0.2860 0.2687 0.4453 
        H740 11 0.3679 0.3590 0.2731 
        H741 11 0.2708 0.2821 0.4471 
        H926 11 0.3800 0.3238 0.2962 
        H927 11 0.2835 0.4340 0.2825 
        H928 11 0.3426 0.3263 0.3311 
       H9560 11 0.3616 0.3076 0.3309 
        H409 12 0.2950 0.4563 0.2487 
        H413 12 0.4876 0.2828 0.2296 
        H419 12 0.2846 0.4097 0.3057 
        H420 12 0.3057 0.3128 0.3815 
        H421 12 0.3852 0.4068 0.2080 
        H435 12 0.3943 0.3340 0.2717 
        H436 12 0.2613 0.4251 0.3135 
        H437 12 0.3062 0.2746 0.4192 
        H445 12 0.2709 0.4753 0.2538 
        H449 12 0.4022 0.2897 0.3081 
        H463 12 0.3111 0.3109 0.3780 
        H464 12 0.4184 0.3300 0.2516 
        H465 12 0.4702 0.2234 0.3064 
        H490 12 0.3977 0.3536 0.2487 
        H561 12 0.3549 0.3276 0.3175 
        H562 12 0.2433 0.4429 0.3138 
        H563 12 0.2647 0.3560 0.3793 
        H570 12 0.2405 0.3772 0.3823 
        H571 12 0.4195 0.2812 0.2994 
        H572 12 0.3395 0.3057 0.3549 
        H573 12 0.3126 0.4479 0.2395 
       H7372 12 0.3168 0.4733 0.2099 
       H7373 12 0.4962 0.2528 0.2510 
       H7374 12 0.2796 0.3431 0.3772 
       H7375 12 0.2680 0.3550 0.3770 
       H7376 12 0.2720 0.4911 0.2369 
       H7377 12 0.2877 0.3264 0.3860 
