        H102  1 0.2716 0.3521 0.3763 
        H103  1 0.4747 0.2192 0.3061 
        H104  1 0.2191 0.4217 0.3592 
        H105  1 0.2638 0.2966 0.4395 
        H106  1 0.3367 0.3545 0.3088 
        H112  1 0.2551 0.4117 0.3332 
        H113  1 0.2730 0.2852 0.4418 
        H114  1 0.2768 0.2354 0.4878 
        H115  1 0.2092 0.3568 0.4340 
        H143  1 0.2922 0.2844 0.4234 
        H144  1 0.4192 0.2043 0.3765 
        H145  1 0.4532 0.2118 0.3350 
        H149  1 0.2306 0.4585 0.3109 
        H150  1 0.3400 0.3139 0.3461 
     H167542  1 0.2553 0.2635 0.4812 
     H169604  1 0.2737 0.2738 0.4525 
     H169607  1 0.3520 0.2329 0.4151 
     H169608  1 0.2793 0.4350 0.2857 
     H169633  1 0.3297 0.2322 0.4381 
     H169688  1 0.4551 0.2958 0.2491 
     H169714  1 0.2883 0.3948 0.3169 
     H171802  1 0.3110 0.4289 0.2601 
     H171805  1 0.3632 0.2826 0.3542 
     H171807  1 0.3194 0.3840 0.2966 
     H171814  1 0.4809 0.2087 0.3104 
     H171816  1 0.3052 0.3871 0.3077 
     H171817  1 0.2626 0.3949 0.3425 
     H171818  1 0.3187 0.3147 0.3667 
     H171819  1 0.3184 0.3247 0.3569 
     H171834  1 0.3069 0.3206 0.3725 
     H171835  1 0.2427 0.4856 0.2717 
     H171836  1 0.4206 0.1829 0.3965 
     H171837  1 0.2581 0.3637 0.3782 
     H171838  1 0.4384 0.2611 0.3005 
     H171839  1 0.2412 0.3739 0.3849 
     H171841  1 0.2874 0.5095 0.2031 
     H171860  1 0.2851 0.3120 0.4030 
     H171861  1 0.3450 0.1811 0.4740 
     H171862  1 0.3331 0.3095 0.3574 
     H171868  1 0.2344 0.2690 0.4966 
     H171869  1 0.4594 0.2557 0.2849 
     H171870  1 0.3619 0.3732 0.2649 
     H171871  1 0.4315 0.2644 0.3041 
     H171872  1 0.2500 0.3404 0.4096 
     H171873  1 0.3769 0.3605 0.2625 
     H171874  1 0.3533 0.2695 0.3772 
     H171875  1 0.3455 0.1844 0.4702 
     H171876  1 0.3313 0.2505 0.4181 
     H171877  1 0.2357 0.2808 0.4835 
     H171878  1 0.3715 0.3976 0.2309 
     H171901  1 0.3068 0.4222 0.2710 
     H171902  1 0.3638 0.3250 0.3112 
     H171903  1 0.3005 0.3225 0.3770 
     H171935  1 0.3492 0.4296 0.2212 
     H171936  1 0.3118 0.2545 0.4337 
     H171940  1 0.2694 0.3982 0.3324 
     H171945  1 0.3709 0.3175 0.3116 
     H171948  1 0.2637 0.3881 0.3483 
     H171949  1 0.2451 0.4990 0.2559 
     H171950  1 0.2465 0.4971 0.2564 
     H171963  1 0.4477 0.2552 0.2971 
     H171964  1 0.4847 0.2465 0.2688 
     H171966  1 0.3558 0.3547 0.2895 
     H171968  1 0.3262 0.3465 0.3273 
     H171971  1 0.4087 0.3372 0.2541 
     H171972  1 0.4380 0.2360 0.3259 
     H171977  1 0.4372 0.2359 0.3269 
     H171978  1 0.3146 0.4262 0.2592 
     H171979  1 0.4025 0.2343 0.3632 
        H176  1 0.3101 0.2820 0.4079 
        H177  1 0.2306 0.4721 0.2973 
        H179  1 0.2110 0.4006 0.3884 
        H181  1 0.4032 0.2651 0.3318 
        H182  1 0.3989 0.1955 0.4056 
        H183  1 0.4602 0.2738 0.2660 
        H184  1 0.2669 0.3894 0.3437 
        H185  1 0.3786 0.2485 0.3729 
        H186  1 0.3526 0.3440 0.3034 
        H187  1 0.3507 0.3301 0.3192 
        H188  1 0.2329 0.3657 0.4014 
        H192  1 0.2570 0.4583 0.2848 
        H193  1 0.4142 0.2283 0.3575 
        H194  1 0.2662 0.3594 0.3744 
        H195  1 0.5045 0.2420 0.2535 
        H199  1 0.4586 0.2558 0.2855 
        H200  1 0.3019 0.3824 0.3157 
        H414  1 0.3982 0.2829 0.3190 
        H415  1 0.3274 0.2541 0.4185 
        H422  1 0.3617 0.3484 0.2900 
        H423  1 0.2204 0.5526 0.2271 
        H424  1 0.4309 0.2288 0.3403 
        H425  1 0.4527 0.2436 0.3037 
        H426  1 0.5049 0.2705 0.2246 
        H443  1 0.3972 0.2312 0.3716 
        H466  1 0.2878 0.3724 0.3398 
        H467  1 0.2687 0.4962 0.2351 
        H472  1 0.3237 0.3423 0.3340 
        H483  1 0.3248 0.2427 0.4325 
        H504  1 0.4797 0.2271 0.2932 
        H505  1 0.2833 0.4089 0.3077 
        H506  1 0.3595 0.3015 0.3390 
        H507  1 0.4037 0.1931 0.4031 
        H508  1 0.3217 0.4125 0.2658 
        H524  1 0.3610 0.2276 0.4114 
        H525  1 0.3564 0.2744 0.3692 
        H526  1 0.2702 0.2452 0.4846 
        H527  1 0.2892 0.4144 0.2964 
        H528  1 0.3920 0.2154 0.3926 
        H529  1 0.3899 0.2105 0.3996 
        H533  1 0.4080 0.2185 0.3735 
        H538  1 0.2792 0.3283 0.3925 
        H539  1 0.4145 0.2967 0.2888 
        H540  1 0.3117 0.3183 0.3700 
        H541  1 0.2747 0.2803 0.4449 
        H558  1 0.4942 0.2722 0.2335 
        H559  1 0.2921 0.2951 0.4128 
        H579  1 0.3888 0.2459 0.3653 
        H584  1 0.4360 0.2555 0.3085 
        H585  1 0.3859 0.2872 0.3269 
        H605  1 0.3008 0.3617 0.3375 
        H606  1 0.2357 0.4434 0.3209 
        H632  1 0.4465 0.2420 0.3115 
        H634  1 0.3699 0.2809 0.3492 
        H671  1 0.2453 0.4884 0.2663 
        H672  1 0.3395 0.3199 0.3406 
        H673  1 0.3619 0.2648 0.3733 
        H689  1 0.3376 0.2536 0.4088 
        H690  1 0.2328 0.3800 0.3872 
        H691  1 0.2429 0.2805 0.4766 
        H692  1 0.4448 0.1672 0.3880 
        H709  1 0.3413 0.2981 0.3606 
        H710  1 0.4486 0.1965 0.3549 
       H7355  1 0.2847 0.2091 0.5062 
       H7356  1 0.3682 0.3132 0.3186 
       H7357  1 0.2603 0.3452 0.3945 
       H7358  1 0.3418 0.2479 0.4102 
       H7380  1 0.3372 0.2528 0.4099 
       H7381  1 0.3288 0.4183 0.2530 
       H7382  1 0.3516 0.2606 0.3877 
        H904  1 0.1811 0.5474 0.2715 
        H923  1 0.3285 0.3555 0.3159 
        H924  1 0.2971 0.3522 0.3507 
        H925  1 0.2856 0.2509 0.4635 
       H9558  1 0.5249 0.2584 0.2166 
        H008  2 0.3238 0.2141 0.4621 
        H021  2 0.2581 0.4002 0.3417 
        H023  2 0.2495 0.3993 0.3512 
        H024  2 0.4898 0.2214 0.2888 
        H025  2 0.3306 0.4146 0.2548 
        H026  2 0.4770 0.2339 0.2891 
        H027  2 0.2999 0.2866 0.4135 
        H028  2 0.3900 0.2723 0.3377 
        H029  2 0.3784 0.2445 0.3771 
        H030  2 0.4810 0.2235 0.2955 
        H038  2 0.2975 0.4200 0.2825 
        H039  2 0.1777 0.6414 0.1810 
        H040  2 0.3048 0.4277 0.2675 
        H041  2 0.2567 0.2793 0.4640 
        H042  2 0.2905 0.3570 0.3526 
        H043  2 0.3159 0.4835 0.2006 
        H044  2 0.4710 0.2530 0.2760 
        H047  2 0.3626 0.3986 0.2389 
        H050  2 0.4459 0.2632 0.2909 
        H058  2 0.3417 0.3997 0.2586 
        H062  2 0.2556 0.3938 0.3506 
        H063  2 0.2540 0.4441 0.3019 
        H065  2 0.3946 0.3270 0.2784 
        H066  2 0.4194 0.3182 0.2624 
        H067  2 0.3002 0.2525 0.4473 
        H068  2 0.2998 0.4633 0.2369 
        H069  2 0.4276 0.3132 0.2592 
        H071  2 0.2732 0.4100 0.3168 
        H072  2 0.2292 0.5074 0.2634 
        H073  2 0.3605 0.2649 0.3745 
        H081  2 0.2198 0.3209 0.4592 
        H082  2 0.4594 0.2179 0.3227 
        H083  2 0.4568 0.2418 0.3014 
        H084  2 0.3363 0.3695 0.2942 
        H085  2 0.2491 0.2643 0.4866 
        H087  2 0.2289 0.2754 0.4957 
        H088  2 0.2449 0.4190 0.3361 
        H089  2 0.2910 0.2602 0.4488 
        H090  2 0.4314 0.2365 0.3320 
        H091  2 0.3407 0.2004 0.4590 
        H098  2 0.3572 0.2848 0.3580 
      H10001  2 0.1834 0.6301 0.1865 
      H10002  2 0.2275 0.3958 0.3767 
        H101  2 0.4688 0.2700 0.2612 
        H108  2 0.2095 0.4229 0.3677 
        H109  2 0.3560 0.3764 0.2676 
        H110  2 0.2617 0.2299 0.5084 
        H116  2 0.4181 0.2645 0.3173 
        H117  2 0.2750 0.2527 0.4723 
        H118  2 0.4054 0.1927 0.4018 
        H119  2 0.2643 0.3686 0.3671 
        H120  2 0.1920 0.5013 0.3067 
        H121  2 0.3895 0.2286 0.3819 
        H125  2 0.1748 0.6263 0.1989 
        H126  2 0.4447 0.2861 0.2692 
        H128  2 0.5682 0.1427 0.2891 
        H129  2 0.4880 0.2128 0.2991 
        H130  2 0.3504 0.4544 0.1952 
        H133  2 0.2637 0.5143 0.2220 
        H134  2 0.5689 0.2023 0.2287 
        H135  2 0.2569 0.3199 0.4232 
        H137  2 0.3284 0.3453 0.3264 
        H138  2 0.4659 0.2509 0.2833 
        H140  2 0.3450 0.3076 0.3474 
        H146  2 0.3891 0.2548 0.3561 
        H147  2 0.2923 0.2456 0.4622 
        H148  2 0.2450 0.2534 0.5016 
     H166022  2 0.3635 0.2251 0.4113 
     H167359  2 0.3567 0.3231 0.3202 
     H167397  2 0.4480 0.1555 0.3965 
     H167428  2 0.3336 0.1627 0.5037 
     H167496  2 0.1997 0.4691 0.3312 
     H167513  2 0.3933 0.3540 0.2527 
     H167545  2 0.4508 0.2289 0.3203 
     H167547  2 0.5421 0.2218 0.2361 
     H169621  2 0.3989 0.2412 0.3599 
     H169622  2 0.3930 0.2328 0.3742 
     H169750  2 0.3676 0.4131 0.2193 
     H171806  2 0.3537 0.3449 0.3015 
     H171808  2 0.3492 0.2972 0.3535 
     H171809  2 0.2662 0.3273 0.4065 
     H171813  2 0.3825 0.3391 0.2784 
     H171815  2 0.2728 0.5062 0.2210 
     H171824  2 0.2006 0.4004 0.3989 
     H171825  2 0.3466 0.2730 0.3804 
     H171826  2 0.2608 0.3564 0.3827 
     H171827  2 0.3057 0.3352 0.3591 
     H171828  2 0.1826 0.5344 0.2830 
     H171829  2 0.4332 0.3214 0.2454 
     H171830  2 0.3289 0.3419 0.3292 
     H171831  2 0.4548 0.2168 0.3284 
     H171832  2 0.3895 0.2980 0.3125 
     H171863  2 0.5438 0.1945 0.2617 
     H171864  2 0.2937 0.3156 0.3907 
     H171865  2 0.2906 0.4633 0.2461 
     H171879  2 0.3862 0.3007 0.3131 
     H171880  2 0.3516 0.2707 0.3777 
     H171881  2 0.3030 0.2880 0.4090 
     H171882  2 0.2033 0.5567 0.2400 
     H171929  2 0.3208 0.2951 0.3841 
     H171930  2 0.5058 0.2197 0.2745 
     H171933  2 0.3444 0.3036 0.3520 
     H171934  2 0.2728 0.2905 0.4367 
     H171937  2 0.4773 0.2660 0.2567 
     H171962  2 0.3323 0.2809 0.3868 
        H190  2 0.3434 0.2966 0.3600 
        H191  2 0.3412 0.3400 0.3188 
        H396  2 0.2741 0.3174 0.4085 
        H397  2 0.3620 0.2960 0.3420 
        H398  2 0.3526 0.3578 0.2896 
        H400  2 0.2999 0.3077 0.3924 
        H401  2 0.5034 0.1823 0.3143 
        H402  2 0.3396 0.2380 0.4224 
        H427  2 0.2679 0.2821 0.4500 
        H428  2 0.3232 0.1657 0.5111 
        H497  2 0.3373 0.4068 0.2558 
        H512  2 0.3420 0.3035 0.3545 
        H513  2 0.3934 0.3534 0.2532 
        H514  2 0.4402 0.2877 0.2720 
        H519  2 0.3728 0.3600 0.2672 
        H532  2 0.2865 0.2308 0.4827 
        H543  2 0.3303 0.2316 0.4382 
        H544  2 0.4554 0.3159 0.2288 
        H545  2 0.4853 0.2165 0.2983 
        H546  2 0.2964 0.4447 0.2589 
        H547  2 0.5453 0.2171 0.2376 
        H548  2 0.3003 0.2775 0.4222 
        H549  2 0.4339 0.3094 0.2567 
        H620  2 0.1999 0.5474 0.2528 
        H623  2 0.4386 0.2771 0.2843 
        H624  2 0.4111 0.3886 0.2004 
        H625  2 0.3165 0.2832 0.4004 
        H626  2 0.3294 0.3365 0.3341 
        H654  2 0.2121 0.6087 0.1793 
        H655  2 0.3066 0.4033 0.2901 
        H656  2 0.2126 0.5112 0.2762 
        H666  2 0.2527 0.5545 0.1928 
        H667  2 0.3111 0.2743 0.4146 
        H677  2 0.3183 0.2676 0.4140 
        H693  2 0.2059 0.4291 0.3650 
        H694  2 0.4292 0.2743 0.2966 
        H701  2 0.3799 0.2684 0.3517 
        H702  2 0.3009 0.3712 0.3279 
        H731  2 0.2649 0.3735 0.3616 
       H7359  2 0.3409 0.3302 0.3289 
       H7389  2 0.3729 0.2880 0.3392 
       H7390  2 0.2475 0.5116 0.2409 
       H7391  2 0.2111 0.2429 0.5460 
       H7392  2 0.3600 0.3345 0.3055 
       H7393  2 0.2980 0.3909 0.3111 
       H7398  2 0.2573 0.2895 0.4531 
       H7399  2 0.3646 0.2277 0.4076 
       H7400  2 0.2095 0.5836 0.2069 
        H745  2 0.5039 0.2455 0.2507 
        H746  2 0.3792 0.2288 0.3920 
        H747  2 0.2723 0.4606 0.2671 
        H748  2 0.3492 0.3187 0.3321 
       H7484  2 0.2367 0.5149 0.2483 
       H7485  2 0.3888 0.3129 0.2982 
        H749  2 0.3880 0.2518 0.3602 
        H930  2 0.4657 0.2294 0.3050 
        H931  2 0.3115 0.3008 0.3877 
        H932  2 0.3276 0.3358 0.3366 
        H111  3 0.4596 0.2550 0.2854 
        H951  3 0.4145 0.2364 0.3491 
        H952  3 0.4124 0.3044 0.2833 
        H953  3 0.2992 0.2406 0.4602 
        H954  3 0.2517 0.4974 0.2508 
        H955  3 0.4537 0.2361 0.3102 
        H956  3 0.2831 0.3498 0.3670 
       H9563  3 0.2721 0.3507 0.3772 
        H002  4 0.3267 0.4406 0.2327 
        H003  4 0.3224 0.2250 0.4526 
        H009  4 0.4518 0.2811 0.2672 
        H010  4 0.3077 0.2940 0.3983 
        H011  4 0.2079 0.5078 0.2843 
        H012  4 0.2956 0.2407 0.4637 
        H013  4 0.2524 0.3535 0.3941 
        H014  4 0.3613 0.3273 0.3114 
        H045  4 0.2418 0.3652 0.3930 
        H046  4 0.3797 0.2280 0.3924 
        H051  4 0.2359 0.4009 0.3631 
        H052  4 0.3612 0.3932 0.2456 
        H053  4 0.2959 0.3886 0.3155 
        H056  4 0.3051 0.4474 0.2475 
        H076  4 0.4007 0.2241 0.3752 
        H151  4 0.2546 0.5350 0.2104 
        H152  4 0.3415 0.4159 0.2426 
     H171803  4 0.2642 0.4410 0.2948 
     H171804  4 0.2799 0.3948 0.3253 
     H171833  4 0.4785 0.2471 0.2744 
     H171855  4 0.2814 0.5183 0.2002 
     H171856  4 0.3309 0.3559 0.3132 
     H171857  4 0.3139 0.4429 0.2433 
     H171858  4 0.3463 0.3075 0.3461 
     H171859  4 0.3206 0.3431 0.3362 
     H171961  4 0.2579 0.4048 0.3373 
        H198  4 0.3783 0.2009 0.4208 
      H20001  4 0.4834 0.2768 0.2398 
        H403  4 0.3438 0.3840 0.2722 
        H404  4 0.3243 0.2417 0.4341 
        H405  4 0.3442 0.2315 0.4243 
        H406  4 0.5164 0.2893 0.1943 
        H407  4 0.2993 0.3741 0.3266 
        H410  4 0.3792 0.2174 0.4034 
        H411  4 0.4813 0.2639 0.2548 
        H468  4 0.4563 0.3336 0.2101 
        H476  4 0.3746 0.3726 0.2528 
        H477  4 0.5278 0.2390 0.2332 
        H478  4 0.3219 0.2529 0.4252 
        H479  4 0.2672 0.3683 0.3645 
        H480  4 0.4737 0.2368 0.2896 
        H498  4 0.3672 0.2882 0.3446 
        H499  4 0.3327 0.3171 0.3502 
        H500  4 0.2206 0.4778 0.3017 
        H515  4 0.2933 0.3730 0.3337 
        H516  4 0.3787 0.3561 0.2653 
        H517  4 0.3551 0.3057 0.3392 
        H518  4 0.3592 0.4134 0.2275 
        H520  4 0.3025 0.4347 0.2629 
        H521  4 0.3150 0.3053 0.3797 
        H522  4 0.3169 0.3809 0.3022 
        H523  4 0.3279 0.3620 0.3101 
        H536  4 0.3226 0.2758 0.4016 
        H645  4 0.2160 0.3383 0.4457 
        H646  4 0.4427 0.2392 0.3180 
        H647  4 0.3994 0.3078 0.2929 
        H657  4 0.3939 0.2478 0.3583 
        H658  4 0.3138 0.3483 0.3380 
        H659  4 0.2099 0.5858 0.2044 
        H660  4 0.3304 0.3831 0.2864 
        H661  4 0.2871 0.4648 0.2481 
        H668  4 0.2861 0.2347 0.4792 
        H669  4 0.2717 0.3318 0.3964 
        H670  4 0.2104 0.3099 0.4797 
        H678  4 0.3484 0.3265 0.3251 
        H679  4 0.3985 0.2419 0.3596 
        H680  4 0.3842 0.3432 0.2726 
        H681  4 0.2607 0.3690 0.3703 
        H682  4 0.2962 0.2811 0.4227 
        H683  4 0.3762 0.4172 0.2066 
        H718  4 0.2702 0.4693 0.2605 
        H719  4 0.2578 0.3654 0.3768 
        H720  4 0.3412 0.3941 0.2647 
        H721  4 0.3603 0.3917 0.2481 
        H722  4 0.4111 0.3825 0.2063 
        H723  4 0.2341 0.4120 0.3538 
        H724  4 0.2210 0.5549 0.2241 
        H725  4 0.2587 0.5224 0.2189 
        H726  4 0.2693 0.4378 0.2929 
        H727  4 0.2327 0.4119 0.3554 
        H910  4 0.2567 0.3972 0.3461 
        H911  4 0.4050 0.2636 0.3313 
        H912  4 0.3754 0.3568 0.2678 
        H913  4 0.2943 0.3929 0.3127 
        H914  4 0.2196 0.4114 0.3691 
        H915  4 0.3419 0.3613 0.2968 
        H916  4 0.4451 0.3112 0.2437 
       H9572  4 0.3094 0.4068 0.2838 
        H015  5 0.4397 0.2711 0.2891 
        H016  5 0.4576 0.2472 0.2952 
        H017  5 0.4319 0.3333 0.2347 
        H019  5 0.3754 0.3021 0.3225 
        H020  5 0.3277 0.3573 0.3149 
        H032  5 0.3377 0.3666 0.2957 
        H033  5 0.2897 0.2808 0.4295 
        H034  5 0.2277 0.4133 0.3590 
        H035  5 0.3469 0.3363 0.3169 
        H036  5 0.3830 0.2905 0.3265 
        H037  5 0.2796 0.4172 0.3033 
        H048  5 0.2192 0.4668 0.3140 
        H049  5 0.4334 0.3161 0.2505 
        H054  5 0.3231 0.3271 0.3498 
        H055  5 0.2750 0.3880 0.3370 
        H057  5 0.4315 0.3315 0.2369 
        H060  5 0.3372 0.3577 0.3051 
        H061  5 0.3108 0.2724 0.4168 
        H064  5 0.2956 0.3942 0.3103 
        H070  5 0.2473 0.3602 0.3925 
        H077  5 0.2712 0.4778 0.2510 
        H078  5 0.3302 0.4507 0.2192 
        H079  5 0.3022 0.2216 0.4762 
        H097  5 0.4303 0.3706 0.1991 
        H107  5 0.1791 0.5418 0.2791 
        H122  5 0.3954 0.3090 0.2956 
        H123  5 0.4277 0.2364 0.3359 
        H124  5 0.3596 0.2420 0.3984 
        H131  5 0.3743 0.2619 0.3638 
        H132  5 0.2898 0.3547 0.3555 
        H141  5 0.2912 0.3865 0.3223 
        H142  5 0.3795 0.2324 0.3881 
        H157  5 0.2349 0.4724 0.2927 
        H158  5 0.4921 0.2340 0.2739 
        H159  5 0.3885 0.2660 0.3455 
        H160  5 0.3570 0.3408 0.3022 
        H163  5 0.3694 0.2784 0.3522 
        H164  5 0.3384 0.2936 0.3680 
        H165  5 0.3012 0.2171 0.4817 
        H166  5 0.3939 0.2778 0.3284 
        H169  5 0.3232 0.2955 0.3813 
     H169613  5 0.3560 0.3381 0.3059 
     H169653  5 0.3667 0.2616 0.3718 
     H169728  5 0.4004 0.2922 0.3074 
     H169742  5 0.2541 0.3148 0.4311 
        H170  5 0.4505 0.3121 0.2374 
        H171  5 0.4700 0.2810 0.2490 
     H171851  5 0.3701 0.3219 0.3079 
     H171852  5 0.3428 0.4086 0.2486 
     H171853  5 0.2523 0.4071 0.3406 
     H171854  5 0.3708 0.3332 0.2959 
     H171938  5 0.2397 0.2889 0.4714 
     H171939  5 0.4520 0.2463 0.3016 
     H171941  5 0.2283 0.4793 0.2924 
     H171965  5 0.3845 0.2438 0.3717 
     H171970  5 0.2095 0.5402 0.2503 
     H171973  5 0.2925 0.2494 0.4581 
     H171974  5 0.2714 0.3194 0.4092 
     H171975  5 0.2740 0.3751 0.3509 
     H171976  5 0.4570 0.3188 0.2242 
        H175  5 0.2418 0.4451 0.3131 
        H178  5 0.2952 0.3595 0.3453 
        H189  5 0.4304 0.2022 0.3674 
        H399  5 0.4531 0.3255 0.2214 
        H416  5 0.2996 0.3324 0.3681 
        H438  5 0.2534 0.3247 0.4218 
        H450  5 0.2700 0.4367 0.2933 
        H455  5 0.2036 0.4974 0.2990 
        H456  5 0.2729 0.3169 0.4102 
        H457  5 0.3278 0.4320 0.2402 
        H458  5 0.2761 0.4033 0.3206 
        H459  5 0.4008 0.2259 0.3734 
        H460  5 0.3130 0.3579 0.3291 
        H461  5 0.4566 0.3083 0.2351 
        H462  5 0.3467 0.2822 0.3711 
        H469  5 0.3673 0.2383 0.3944 
        H470  5 0.2998 0.3903 0.3099 
        H471  5 0.5069 0.2251 0.2681 
        H481  5 0.2305 0.5181 0.2514 
        H482  5 0.3140 0.3927 0.2933 
        H501  5 0.2932 0.3454 0.3614 
        H502  5 0.4479 0.2286 0.3235 
        H503  5 0.4034 0.2783 0.3183 
        H509  5 0.2406 0.4723 0.2871 
        H510  5 0.3288 0.3223 0.3490 
        H511  5 0.3835 0.2535 0.3630 
        H530  5 0.2457 0.3573 0.3970 
        H531  5 0.2890 0.4698 0.2412 
        H564  5 0.2861 0.3875 0.3265 
        H565  5 0.2658 0.4963 0.2379 
        H567  5 0.4392 0.2127 0.3481 
     H568???  5 0.4554 0.2491 0.2955 
        H608  5 0.2651 0.4435 0.2914 
        H609  5 0.2524 0.2957 0.4518 
        H612  5 0.1957 0.4760 0.3282 
        H614  5 0.2881 0.4826 0.2293 
        H615  5 0.3293 0.4360 0.2347 
        H616  5 0.1796 0.5201 0.3002 
        H617  5 0.3302 0.2335 0.4363 
        H618  5 0.2451 0.4623 0.2926 
        H619  5 0.2571 0.2358 0.5071 
        H635  5 0.3099 0.3133 0.3767 
        H636  5 0.2475 0.2380 0.5145 
        H637  5 0.2928 0.3534 0.3538 
        H644  5 0.5636 0.1759 0.2605 
        H711  5 0.4477 0.2838 0.2684 
        H712  5 0.2385 0.3689 0.3926 
       H7360  5 0.3645 0.3393 0.2962 
       H7361  5 0.2763 0.4352 0.2885 
       H7362  5 0.5193 0.1902 0.2905 
       H7363  5 0.3484 0.3765 0.2750 
       H7394  5 0.4089 0.2498 0.3413 
       H7395  5 0.2895 0.3420 0.3685 
       H7396  5 0.3295 0.3126 0.3579 
        H742  5 0.2443 0.3160 0.4397 
        H743  5 0.3239 0.3526 0.3235 
        H744  5 0.2333 0.4747 0.2920 
        H957  5 0.3879 0.3289 0.2832 
        H958  5 0.3697 0.2836 0.3466 
        H959  5 0.2248 0.4474 0.3278 
        H960  5 0.3121 0.3110 0.3769 
      H_PALI  6 0.3518 0.3190 0.3292 
        H581  6 0.3439 0.3900 0.2661 
        H582  6 0.2447 0.5331 0.2222 
        H583  6 0.3277 0.3594 0.3129 
        H595  6 0.4651 0.2238 0.3111 
        H596  6 0.4285 0.2122 0.3593 
        H597  6 0.4333 0.2318 0.3349 
        H598  6 0.2803 0.3350 0.3847 
        H599  6 0.2622 0.4297 0.3081 
        H642  6 0.4561 0.2947 0.2491 
        H643  6 0.2956 0.3179 0.3865 
        H664  6 0.3251 0.4912 0.1836 
        H665  6 0.2395 0.2908 0.4697 
        H674  6 0.5444 0.2034 0.2522 
        H675  6 0.3523 0.3933 0.2544 
        H676  6 0.4387 0.2660 0.2953 
        H686  6 0.3731 0.3056 0.3213 
        H687  6 0.3765 0.3192 0.3043 
        H917  6 0.3202 0.2181 0.4617 
        H918  6 0.2669 0.2840 0.4491 
        H919  6 0.2069 0.4671 0.3260 
        H920  6 0.2943 0.4196 0.2861 
        H631  7 0.2886 0.4091 0.3022 
        H684  7 0.4766 0.2302 0.2932 
        H685  7 0.2775 0.4981 0.2245 
        H713  7 0.2255 0.5036 0.2710 
        H715  7 0.4423 0.2730 0.2847 
        H716  7 0.2737 0.3606 0.3657 
        H717  7 0.3031 0.3702 0.3267 
        H729  7 0.2992 0.2148 0.4860 
        H730  7 0.2454 0.3215 0.4331 
        H431  8 0.2843 0.3987 0.3169 
        H432  8 0.4532 0.2189 0.3279 
        H433  8 0.3010 0.2757 0.4233 
        H434  8 0.3463 0.2998 0.3539 
        H444  8 0.2827 0.2846 0.4326 
        H454  8 0.2194 0.4823 0.2983 
        H475  8 0.2457 0.4976 0.2567 
        H491  8 0.2798 0.4122 0.3080 
        H492  8 0.2793 0.4383 0.2824 
        H493  8 0.3882 0.3021 0.3097 
        H494  8 0.3132 0.3667 0.3201 
        H495  8 0.3457 0.4574 0.1969 
        H662  8 0.4188 0.2993 0.2820 
        H663  8 0.3135 0.3304 0.3561 
        H695  8 0.2722 0.3620 0.3658 
       H7367  8 0.3802 0.2338 0.3860 
       H7368  8 0.3888 0.2596 0.3517 
       H7369  8 0.2661 0.3037 0.4302 
       H7370  8 0.4443 0.2200 0.3357 
       H7371  8 0.3002 0.2948 0.4050 
        H600  9 0.2752 0.4092 0.3156 
        H648  9 0.3575 0.3512 0.2913 
        H696  9 0.5452 0.2014 0.2534 
        H697  9 0.3300 0.2957 0.3743 
        H698  9 0.3818 0.2718 0.3464 
        H699  9 0.3485 0.3225 0.3290 
        H700  9 0.2499 0.4100 0.3401 
        H732  9 0.2985 0.4755 0.2261 
        H733  9 0.3618 0.2421 0.3961 
        H734  9 0.4718 0.2304 0.2978 
        H735  9 0.4184 0.2814 0.3002 
        H736  9 0.3356 0.3490 0.3154 
        H737  9 0.3005 0.3432 0.3563 
        H905  9 0.2427 0.4043 0.3530 
        H921  9 0.2456 0.3825 0.3719 
        H922  9 0.3865 0.2311 0.3823 
     H169705 10 0.3481 0.2810 0.3710 
     H171942 10 0.4508 0.2201 0.3291 
     H171943 10 0.3933 0.2986 0.3081 
     H171944 10 0.3086 0.3246 0.3668 
     H171946 10 0.3511 0.4327 0.2162 
     H171947 10 0.3647 0.2992 0.3360 
     H229641 10 0.3448 0.3551 0.3001 
      H30001 10 0.2866 0.3606 0.3528 
      H30002 10 0.3021 0.3105 0.3874 
      H30005 10 0.3521 0.2979 0.3500 
      H30006 10 0.4440 0.2740 0.2820 
      H30007 10 0.5493 0.2072 0.2436 
        H451 10 0.3620 0.2389 0.3990 
        H452 10 0.4115 0.2941 0.2945 
        H453 10 0.2892 0.4816 0.2292 
        H473 10 0.3060 0.3577 0.3363 
        H474 10 0.2713 0.5452 0.1835 
        H486 10 0.2937 0.3955 0.3108 
        H487 10 0.2871 0.4154 0.2974 
        H488 10 0.2288 0.3318 0.4394 
        H489 10 0.2563 0.4818 0.2618 
        H550 10 0.4894 0.2506 0.2600 
        H551 10 0.2752 0.3501 0.3746 
        H553 10 0.3041 0.4463 0.2497 
        H554 10 0.3708 0.2779 0.3513 
        H556 10 0.3719 0.3539 0.2742 
        H580 10 0.3337 0.2869 0.3795 
        H591 10 0.2168 0.5260 0.2572 
        H592 10 0.2933 0.3983 0.3084 
        H593 10 0.3384 0.3083 0.3533 
        H594 10 0.4590 0.1937 0.3473 
        H627 10 0.3732 0.3683 0.2585 
        H628 10 0.2978 0.1837 0.5185 
        H629 10 0.3950 0.3587 0.2463 
        H630 10 0.3860 0.3477 0.2663 
        H638 10 0.3626 0.3076 0.3299 
        H639 10 0.3192 0.4540 0.2268 
        H640 10 0.4155 0.2632 0.3214 
        H704 10 0.4375 0.2449 0.3175 
        H705 10 0.3352 0.2923 0.3725 
        H706 10 0.2198 0.3969 0.3833 
        H708 10 0.2417 0.5019 0.2564 
       H7351 10 0.3769 0.3056 0.3175 
       H7352 10 0.3101 0.3598 0.3301 
       H7353 10 0.4965 0.2427 0.2607 
       H7354 10 0.2669 0.3816 0.3515 
       H7365 10 0.2188 0.5032 0.2780 
       H7383 10 0.2460 0.3743 0.3796 
       H7384 10 0.2628 0.3552 0.3821 
       H7385 10 0.2606 0.4293 0.3101 
       H7386 10 0.2988 0.2965 0.4046 
       H7387 10 0.3497 0.2797 0.3705 
       H7388 10 0.3356 0.2935 0.3709 
        H906 10 0.3100 0.4175 0.2725 
        H907 10 0.4346 0.2516 0.3138 
        H908 10 0.2978 0.3363 0.3659 
        H909 10 0.2708 0.3127 0.4165 
       H9552 10 0.3589 0.3174 0.3237 
       H9553 10 0.3200 0.3749 0.3051 
       H9555 10 0.3084 0.2681 0.4235 
       H9575 10 0.3091 0.4416 0.2493 
       H9703 10 0.2459 0.5009 0.2532 
       H9707 10 0.2775 0.4483 0.2742 
       HSAA4 10 0.3202 0.2973 0.3825 
        H001 11 0.2746 0.3497 0.3757 
        H004 11 0.3449 0.2994 0.3556 
        H005 11 0.2120 0.4763 0.3117 
        H006 11 0.2930 0.3114 0.3956 
        H007 11 0.2152 0.4152 0.3696 
        H031 11 0.2003 0.5225 0.2772 
        H074 11 0.2794 0.4930 0.2276 
        H075 11 0.2284 0.4372 0.3344 
        H080 11 0.2484 0.4562 0.2954 
        H086 11 0.3485 0.3260 0.3255 
        H092 11 0.2809 0.3885 0.3306 
        H093 11 0.4559 0.2048 0.3393 
        H094 11 0.4052 0.3061 0.2887 
        H095 11 0.2713 0.4190 0.3096 
        H096 11 0.2313 0.3616 0.4072 
        H099 11 0.2917 0.4033 0.3050 
        H100 11 0.3928 0.2165 0.3907 
        H127 11 0.2894 0.3821 0.3285 
        H136 11 0.2614 0.4939 0.2447 
        H153 11 0.3610 0.3252 0.3138 
        H154 11 0.2554 0.5000 0.2447 
        H155 11 0.2951 0.2152 0.4897 
        H156 11 0.3425 0.1808 0.4767 
        H161 11 0.3930 0.3032 0.3038 
        H162 11 0.4093 0.2445 0.3462 
        H167 11 0.3213 0.2578 0.4209 
        H168 11 0.3223 0.2873 0.3904 
     H169586 11 0.4215 0.3856 0.1930 
     H169738 11 0.3106 0.2251 0.4643 
     H169741 11 0.2950 0.4376 0.2675 
     H171801 11 0.4232 0.2758 0.3010 
     H171810 11 0.3127 0.4408 0.2465 
     H171811 11 0.2803 0.4911 0.2286 
     H171812 11 0.2426 0.3402 0.4172 
     H171820 11 0.2587 0.4794 0.2620 
     H171821 11 0.3323 0.2734 0.3943 
     H171822 11 0.3326 0.3119 0.3555 
     H171823 11 0.3270 0.4823 0.1907 
     H171866 11 0.4010 0.2476 0.3514 
     H171867 11 0.2676 0.2372 0.4952 
     H171967 11 0.2205 0.4396 0.3399 
     H171969 11 0.3235 0.3328 0.3437 
        H172 11 0.2972 0.2981 0.4047 
        H173 11 0.2483 0.2934 0.4583 
        H174 11 0.4930 0.2238 0.2832 
        H196 11 0.3453 0.2375 0.4171 
        H197 11 0.3125 0.2688 0.4188 
        H346 11 0.2458 0.3447 0.4095 
        H355 11 0.2784 0.3671 0.3545 
        H356 11 0.3098 0.3725 0.3177 
        H357 11 0.2507 0.4276 0.3218 
        H358 11 0.2516 0.2900 0.4585 
        H359 11 0.3424 0.3413 0.3163 
        H360 11 0.2845 0.3234 0.3921 
        H361 11 0.3262 0.2675 0.4063 
        H362 11 0.3973 0.2089 0.3938 
        H363 11 0.2505 0.4369 0.3126 
        H364 11 0.3474 0.3185 0.3341 
        H365 11 0.3257 0.2750 0.3994 
        H366 11 0.3215 0.2456 0.4329 
        H367 11 0.2567 0.5124 0.2308 
        H368 11 0.4625 0.2658 0.2718 
        H369 11 0.2097 0.4791 0.3112 
        H370 11 0.3521 0.2629 0.3850 
        H371 11 0.3694 0.3370 0.2936 
        H372 11 0.3227 0.2830 0.3943 
        H373 11 0.3206 0.3404 0.3390 
        H374 11 0.2508 0.3800 0.3692 
        H375 11 0.2496 0.3727 0.3777 
        H376 11 0.3828 0.2640 0.3532 
        H377 11 0.2892 0.3644 0.3464 
        H378 11 0.3241 0.3873 0.2886 
        H379 11 0.3696 0.3114 0.3190 
        H380 11 0.2838 0.2214 0.4949 
        H381 11 0.3109 0.4722 0.2169 
        H382 11 0.4154 0.1875 0.3971 
        H383 11 0.3743 0.2172 0.4084 
        H384 11 0.2897 0.4076 0.3028 
        H385 11 0.3167 0.3952 0.2881 
        H386 11 0.2368 0.2587 0.5045 
        H387 11 0.4634 0.3049 0.2317 
        H388 11 0.3412 0.2041 0.4547 
        H389 11 0.2472 0.3359 0.4169 
        H390 11 0.3283 0.2931 0.3787 
        H391 11 0.4487 0.2735 0.2778 
        H392 11 0.2261 0.4214 0.3525 
        H393 11 0.4007 0.2531 0.3463 
        H394 11 0.4986 0.2549 0.2465 
        H395 11 0.2438 0.4251 0.3311 
        H408 11 0.2358 0.3096 0.4546 
        H412 11 0.3034 0.5386 0.1580 
        H417 11 0.2915 0.3771 0.3314 
        H418 11 0.3873 0.3827 0.2300 
        H429 11 0.3071 0.2673 0.4256 
        H430 11 0.3311 0.2487 0.4202 
        H439 11 0.2814 0.3455 0.3731 
        H440 11 0.2414 0.4777 0.2810 
        H441 11 0.3384 0.2772 0.3843 
        H442 11 0.3467 0.2542 0.3991 
        H446 11 0.3561 0.3089 0.3349 
        H447 11 0.3007 0.2377 0.4616 
        H448 11 0.2639 0.2804 0.4557 
        H534 11 0.2656 0.5170 0.2173 
        H537 11 0.2799 0.4747 0.2454 
        H568 11 0.2226 0.5603 0.2171 
        H569 11 0.3686 0.1917 0.4397 
        H586 11 0.4322 0.3874 0.1805 
        H587 11 0.2211 0.5200 0.2590 
        H588 11 0.4835 0.2313 0.2852 
        H589 11 0.2356 0.4875 0.2769 
        H590 11 0.2761 0.4356 0.2883 
        H601 11 0.4093 0.2195 0.3712 
        H602 11 0.2863 0.3790 0.3348 
        H603 11 0.2952 0.2434 0.4614 
        H610 11 0.2875 0.3862 0.3262 
        H611 11 0.3053 0.4291 0.2656 
        H649 11 0.3322 0.3361 0.3318 
        H650 11 0.4745 0.2599 0.2656 
        H651 11 0.2608 0.2855 0.4537 
        H652 11 0.3902 0.3316 0.2782 
       H7364 11 0.3293 0.2716 0.3991 
       H7366 11 0.2459 0.3227 0.4313 
       H7378 11 0.6115 0.1645 0.2239 
       H7379 11 0.3398 0.3277 0.3325 
        H739 11 0.2854 0.4496 0.2650 
        H740 11 0.4228 0.2831 0.2941 
        H741 11 0.2940 0.4351 0.2709 
        H926 11 0.4070 0.3027 0.2903 
        H927 11 0.3094 0.2545 0.4361 
        H928 11 0.3831 0.3394 0.2775 
       H9560 11 0.3872 0.3141 0.2987 
        H409 12 0.2966 0.2525 0.4509 
        H413 12 0.5284 0.2258 0.2458 
        H419 12 0.2803 0.2799 0.4398 
        H420 12 0.2881 0.3855 0.3264 
        H421 12 0.4177 0.1988 0.3835 
        H435 12 0.4008 0.2384 0.3607 
        H436 12 0.2404 0.3251 0.4345 
        H437 12 0.2952 0.4540 0.2508 
        H445 12 0.2733 0.2276 0.4991 
        H449 12 0.4071 0.2828 0.3101 
        H463 12 0.2842 0.4230 0.2928 
        H464 12 0.4678 0.2404 0.2918 
        H465 12 0.4631 0.3401 0.1968 
        H490 12 0.4555 0.2390 0.3055 
        H561 12 0.3587 0.3196 0.3217 
        H562 12 0.2377 0.3030 0.4593 
        H563 12 0.2657 0.3560 0.3783 
        H570 12 0.2271 0.4052 0.3677 
        H571 12 0.3948 0.3505 0.2547 
        H572 12 0.2897 0.4068 0.3035 
        H573 12 0.3238 0.2354 0.4408 
       H7372 12 0.3143 0.1726 0.5131 
       H7373 12 0.5281 0.2267 0.2452 
       H7374 12 0.2601 0.4015 0.3384 
       H7375 12 0.2615 0.3878 0.3507 
       H7376 12 0.2433 0.2085 0.5481 
       H7377 12 0.2849 0.4325 0.2826 
