        H102  1 0.3757 0.2617 0.3626 
        H103  1 0.2951 0.5066 0.1982 
        H104  1 0.3567 0.2013 0.4419 
        H105  1 0.4422 0.2764 0.2814 
        H106  1 0.2908 0.3352 0.3740 
        H112  1 0.3374 0.2554 0.4072 
        H113  1 0.4646 0.2589 0.2765 
        H114  1 0.4934 0.2850 0.2217 
        H115  1 0.4353 0.2030 0.3617 
        H143  1 0.4373 0.3076 0.2551 
        H144  1 0.3508 0.4673 0.1819 
        H145  1 0.3533 0.4436 0.2032 
        H149  1 0.3007 0.2379 0.4613 
        H150  1 0.3310 0.3550 0.3140 
     H167542  1 0.4977 0.2426 0.2597 
     H169604  1 0.4226 0.3005 0.2769 
     H169607  1 0.3922 0.3772 0.2306 
     H169608  1 0.2747 0.2690 0.4562 
     H169633  1 0.4734 0.3195 0.2071 
     H169688  1 0.2288 0.4732 0.2980 
     H169714  1 0.3199 0.2622 0.4178 
     H171802  1 0.2681 0.3023 0.4296 
     H171805  1 0.3380 0.3906 0.2714 
     H171807  1 0.2912 0.3317 0.3771 
     H171814  1 0.3388 0.4422 0.2191 
     H171816  1 0.2979 0.2911 0.4110 
     H171817  1 0.3355 0.2601 0.4044 
     H171818  1 0.3585 0.3297 0.3118 
     H171819  1 0.3451 0.3105 0.3444 
     H171834  1 0.3654 0.3328 0.3019 
     H171835  1 0.2552 0.2145 0.5303 
     H171836  1 0.4006 0.4365 0.1629 
     H171837  1 0.3956 0.2335 0.3709 
     H171838  1 0.3064 0.4464 0.2472 
     H171839  1 0.3712 0.2361 0.3926 
     H171841  1 0.1845 0.2756 0.5399 
     H171860  1 0.4120 0.2801 0.3079 
     H171861  1 0.4679 0.3595 0.1727 
     H171862  1 0.3524 0.3513 0.2962 
     H171868  1 0.4996 0.2471 0.2533 
     H171869  1 0.2775 0.4642 0.2583 
     H171870  1 0.2543 0.3704 0.3753 
     H171871  1 0.3228 0.4270 0.2502 
     H171872  1 0.3828 0.2436 0.3735 
     H171873  1 0.2480 0.3673 0.3847 
     H171874  1 0.3720 0.3664 0.2617 
     H171875  1 0.4644 0.3614 0.1742 
     H171876  1 0.4101 0.3504 0.2395 
     H171877  1 0.4944 0.2313 0.2743 
     H171878  1 0.2318 0.3871 0.3811 
     H171901  1 0.2688 0.2689 0.4623 
     H171902  1 0.3038 0.3691 0.3271 
     H171903  1 0.3861 0.3015 0.3124 
     H171935  1 0.2175 0.3554 0.4271 
     H171936  1 0.4580 0.2932 0.2488 
     H171940  1 0.3123 0.3141 0.3736 
     H171945  1 0.2924 0.3857 0.3219 
     H171948  1 0.3538 0.2842 0.3620 
     H171949  1 0.2554 0.2431 0.5015 
     H171950  1 0.2350 0.2107 0.5543 
     H171963  1 0.2940 0.4556 0.2504 
     H171964  1 0.2611 0.5086 0.2303 
     H171966  1 0.2943 0.3696 0.3360 
     H171968  1 0.3143 0.3167 0.3690 
     H171971  1 0.2623 0.4002 0.3375 
     H171972  1 0.3229 0.4632 0.2140 
     H171977  1 0.3195 0.4515 0.2290 
     H171978  1 0.2586 0.3305 0.4109 
     H171979  1 0.3643 0.4291 0.2066 
        H176  1 0.4156 0.3046 0.2798 
        H177  1 0.2677 0.2207 0.5117 
        H179  1 0.3635 0.2059 0.4306 
        H181  1 0.3341 0.4337 0.2322 
        H182  1 0.4000 0.4090 0.1910 
        H183  1 0.2524 0.4932 0.2544 
        H184  1 0.3417 0.2788 0.3794 
        H185  1 0.3907 0.3891 0.2202 
        H186  1 0.2848 0.3699 0.3453 
        H187  1 0.3057 0.3451 0.3492 
        H188  1 0.3982 0.2383 0.3635 
        H192  1 0.2753 0.2702 0.4545 
        H193  1 0.3294 0.4491 0.2215 
        H194  1 0.3916 0.2706 0.3378 
        H195  1 0.2463 0.5031 0.2506 
        H199  1 0.2678 0.4923 0.2399 
        H200  1 0.3266 0.2997 0.3737 
        H414  1 0.3180 0.3781 0.3039 
        H415  1 0.4295 0.3225 0.2480 
        H422  1 0.2877 0.3661 0.3462 
        H423  1 0.2049 0.2252 0.5699 
        H424  1 0.3218 0.4547 0.2235 
        H425  1 0.2859 0.4775 0.2366 
        H426  1 0.2021 0.5316 0.2663 
        H443  1 0.3554 0.4209 0.2238 
        H466  1 0.3371 0.3160 0.3469 
        H467  1 0.2426 0.2461 0.5113 
        H472  1 0.3425 0.3221 0.3354 
        H483  1 0.4283 0.3474 0.2243 
        H504  1 0.2828 0.4929 0.2243 
        H505  1 0.3152 0.2857 0.3991 
        H506  1 0.3172 0.3782 0.3046 
        H507  1 0.4136 0.4008 0.1856 
        H508  1 0.2706 0.3320 0.3974 
        H524  1 0.4148 0.3459 0.2393 
        H525  1 0.3531 0.3739 0.2730 
        H526  1 0.4882 0.2745 0.2373 
        H527  1 0.2926 0.2751 0.4323 
        H528  1 0.4044 0.3925 0.2032 
        H529  1 0.3960 0.3987 0.2053 
        H533  1 0.3862 0.3992 0.2146 
        H538  1 0.3899 0.2835 0.3265 
        H539  1 0.2681 0.4028 0.3291 
        H540  1 0.3587 0.3159 0.3254 
        H541  1 0.4429 0.2653 0.2919 
        H558  1 0.2323 0.5130 0.2546 
        H559  1 0.3796 0.3207 0.2998 
        H579  1 0.3676 0.4055 0.2268 
        H584  1 0.2986 0.4603 0.2411 
        H585  1 0.3347 0.3927 0.2726 
        H605  1 0.3084 0.2964 0.3952 
        H606  1 0.2935 0.2098 0.4967 
        H632  1 0.3057 0.4562 0.2382 
        H634  1 0.3227 0.3864 0.2909 
        H671  1 0.2534 0.2322 0.5144 
        H672  1 0.3389 0.3273 0.3338 
        H673  1 0.3720 0.3921 0.2359 
        H689  1 0.3887 0.3729 0.2384 
        H690  1 0.3917 0.2205 0.3878 
        H691  1 0.4555 0.2618 0.2827 
        H692  1 0.3639 0.4952 0.1410 
        H709  1 0.3621 0.3345 0.3035 
        H710  1 0.3627 0.4722 0.1651 
       H7355  1 0.5194 0.2682 0.2124 
       H7356  1 0.2961 0.3951 0.3088 
       H7357  1 0.3792 0.2542 0.3666 
       H7358  1 0.3948 0.3652 0.2400 
       H7380  1 0.4165 0.3335 0.2500 
       H7381  1 0.2449 0.3344 0.4207 
       H7382  1 0.3887 0.3389 0.2724 
        H904  1 0.2519 0.1656 0.5824 
        H923  1 0.3202 0.3323 0.3475 
        H924  1 0.3182 0.3130 0.3688 
        H925  1 0.4536 0.2873 0.2591 
       H9558  1 0.2152 0.5500 0.2348 
        H008  2 0.4588 0.3551 0.1861 
        H021  2 0.3326 0.2505 0.4169 
        H023  2 0.3299 0.2342 0.4359 
        H024  2 0.3228 0.4931 0.1841 
        H025  2 0.2219 0.3723 0.4058 
        H026  2 0.2967 0.4905 0.2128 
        H027  2 0.4469 0.2690 0.2841 
        H028  2 0.3434 0.4002 0.2564 
        H029  2 0.3941 0.3693 0.2367 
        H030  2 0.3030 0.4969 0.2000 
        H038  2 0.2898 0.2464 0.4638 
        H039  2 0.1636 0.1573 0.6791 
        H040  2 0.2496 0.2777 0.4727 
        H041  2 0.4771 0.2692 0.2537 
        H042  2 0.3515 0.3043 0.3442 
        H043  2 0.1801 0.2665 0.5534 
        H044  2 0.3014 0.4721 0.2266 
        H047  2 0.2388 0.3660 0.3952 
        H050  2 0.3191 0.4329 0.2481 
        H058  2 0.2525 0.3341 0.4134 
        H062  2 0.3384 0.2477 0.4139 
        H063  2 0.2843 0.2494 0.4663 
        H065  2 0.2588 0.4231 0.3180 
        H066  2 0.2814 0.4001 0.3185 
        H067  2 0.4531 0.2961 0.2508 
        H068  2 0.2229 0.2924 0.4847 
        H069  2 0.2602 0.4111 0.3286 
        H071  2 0.3336 0.2556 0.4108 
        H072  2 0.2574 0.2307 0.5119 
        H073  2 0.4028 0.3482 0.2491 
        H081  2 0.4784 0.2255 0.2961 
        H082  2 0.3215 0.4805 0.1980 
        H083  2 0.2973 0.4923 0.2105 
        H084  2 0.3181 0.3150 0.3668 
        H085  2 0.5071 0.2487 0.2442 
        H087  2 0.5050 0.2343 0.2607 
        H088  2 0.3398 0.2469 0.4133 
        H089  2 0.4430 0.2888 0.2683 
        H090  2 0.3662 0.4099 0.2239 
        H091  2 0.4615 0.3328 0.2057 
        H098  2 0.3631 0.3790 0.2579 
      H10001  2 0.1684 0.1545 0.6771 
      H10002  2 0.3529 0.2153 0.4318 
        H101  2 0.2858 0.4536 0.2606 
        H108  2 0.3662 0.2246 0.4092 
        H109  2 0.2773 0.3282 0.3944 
        H110  2 0.5395 0.2482 0.2122 
        H116  2 0.3166 0.4395 0.2440 
        H117  2 0.5074 0.2702 0.2224 
        H118  2 0.3985 0.4272 0.1742 
        H119  2 0.3756 0.2490 0.3754 
        H120  2 0.2923 0.1929 0.5148 
        H121  2 0.3969 0.3923 0.2108 
        H125  2 0.1789 0.1539 0.6672 
        H126  2 0.2664 0.4911 0.2425 
        H128  2 0.2982 0.5704 0.1314 
        H129  2 0.2610 0.5402 0.1988 
        H130  2 0.1883 0.3568 0.4549 
        H133  2 0.2026 0.2561 0.5412 
        H134  2 0.2149 0.6029 0.1822 
        H135  2 0.4063 0.2819 0.3119 
        H137  2 0.3450 0.3392 0.3158 
        H138  2 0.2879 0.4904 0.2218 
        H140  2 0.3451 0.3541 0.3009 
        H146  2 0.3614 0.3795 0.2591 
        H147  2 0.4832 0.2794 0.2374 
        H148  2 0.5175 0.2280 0.2545 
     H166022  2 0.4431 0.3460 0.2109 
     H167359  2 0.3359 0.3575 0.3066 
     H167397  2 0.4166 0.4404 0.1430 
     H167428  2 0.4688 0.3855 0.1458 
     H167496  2 0.3119 0.1921 0.4960 
     H167513  2 0.2563 0.3783 0.3654 
     H167545  2 0.3000 0.4706 0.2294 
     H167547  2 0.2867 0.5134 0.1999 
     H169621  2 0.3719 0.4030 0.2252 
     H169622  2 0.3758 0.3822 0.2420 
     H169750  2 0.2235 0.3826 0.3939 
     H171806  2 0.3228 0.3116 0.3655 
     H171808  2 0.3617 0.3353 0.3030 
     H171809  2 0.4181 0.2665 0.3154 
     H171813  2 0.2740 0.3942 0.3318 
     H171815  2 0.1969 0.2485 0.5546 
     H171824  2 0.3889 0.1944 0.4167 
     H171825  2 0.3676 0.3580 0.2744 
     H171826  2 0.3825 0.2612 0.3563 
     H171827  2 0.3482 0.2883 0.3634 
     H171828  2 0.2706 0.1684 0.5610 
     H171829  2 0.2529 0.4060 0.3411 
     H171830  2 0.3347 0.3450 0.3203 
     H171831  2 0.3250 0.4785 0.1965 
     H171832  2 0.3097 0.4319 0.2584 
     H171863  2 0.2635 0.5539 0.1826 
     H171864  2 0.4008 0.2943 0.3050 
     H171865  2 0.2282 0.2763 0.4955 
     H171879  2 0.3519 0.3516 0.2965 
     H171880  2 0.3849 0.3484 0.2667 
     H171881  2 0.4111 0.3312 0.2576 
     H171882  2 0.2117 0.1936 0.5947 
     H171929  2 0.4005 0.3247 0.2748 
     H171930  2 0.2971 0.4985 0.2044 
     H171933  2 0.3776 0.3264 0.2959 
     H171934  2 0.4460 0.2575 0.2965 
     H171937  2 0.2599 0.5052 0.2348 
     H171962  2 0.3967 0.3576 0.2458 
        H190  2 0.3625 0.3782 0.2592 
        H191  2 0.3339 0.3424 0.3237 
        H396  2 0.4474 0.2545 0.2981 
        H397  2 0.3454 0.3658 0.2887 
        H398  2 0.3010 0.3470 0.3519 
        H400  2 0.4201 0.2775 0.3024 
        H401  2 0.3517 0.4922 0.1562 
        H402  2 0.4234 0.3355 0.2412 
        H427  2 0.4673 0.2571 0.2756 
        H428  2 0.4766 0.3702 0.1532 
        H497  2 0.2456 0.3213 0.4331 
        H512  2 0.3668 0.3272 0.3061 
        H513  2 0.2466 0.3930 0.3604 
        H514  2 0.2662 0.4527 0.2811 
        H519  2 0.2691 0.3726 0.3583 
        H532  2 0.5226 0.2661 0.2113 
        H543  2 0.4380 0.3250 0.2370 
        H544  2 0.2184 0.4863 0.2953 
        H545  2 0.2781 0.5065 0.2154 
        H546  2 0.2484 0.2809 0.4707 
        H547  2 0.2806 0.5214 0.1980 
        H548  2 0.4290 0.2917 0.2793 
        H549  2 0.2530 0.3643 0.3827 
        H620  2 0.2330 0.1821 0.5849 
        H623  2 0.2637 0.4971 0.2392 
        H624  2 0.1913 0.3583 0.4504 
        H625  2 0.4192 0.3177 0.2631 
        H626  2 0.3424 0.3059 0.3518 
        H654  2 0.1548 0.1789 0.6663 
        H655  2 0.2682 0.3064 0.4254 
        H656  2 0.2553 0.2050 0.5397 
        H666  2 0.1757 0.2275 0.5968 
        H667  2 0.4400 0.2834 0.2766 
        H677  2 0.4158 0.3072 0.2770 
        H693  2 0.3651 0.2090 0.4259 
        H694  2 0.2838 0.4737 0.2425 
        H701  2 0.3761 0.3842 0.2397 
        H702  2 0.3391 0.2840 0.3769 
        H731  2 0.3420 0.2679 0.3901 
       H7359  2 0.3315 0.3576 0.3109 
       H7389  2 0.3816 0.3239 0.2945 
       H7390  2 0.2348 0.2235 0.5416 
       H7391  2 0.5619 0.2022 0.2359 
       H7392  2 0.2805 0.3624 0.3571 
       H7393  2 0.2965 0.2866 0.4168 
       H7398  2 0.4663 0.2547 0.2790 
       H7399  2 0.4244 0.3526 0.2230 
       H7400  2 0.1798 0.1936 0.6265 
        H745  2 0.2425 0.5527 0.2048 
        H746  2 0.4160 0.3497 0.2343 
        H747  2 0.2498 0.2456 0.5046 
        H748  2 0.3301 0.3365 0.3334 
       H7484  2 0.2549 0.2328 0.5124 
       H7485  2 0.2802 0.4153 0.3045 
        H749  2 0.3705 0.3771 0.2524 
        H930  2 0.3198 0.4566 0.2236 
        H931  2 0.3951 0.3258 0.2792 
        H932  2 0.3608 0.3164 0.3228 
        H111  3 0.2743 0.5016 0.2241 
        H951  3 0.3549 0.4251 0.2200 
        H952  3 0.2968 0.3885 0.3147 
        H953  3 0.4819 0.2829 0.2353 
        H954  3 0.2446 0.2407 0.5147 
        H955  3 0.3135 0.4666 0.2199 
        H956  3 0.3394 0.2710 0.3896 
       H9563  3 0.3982 0.2568 0.3450 
        H002  4 0.2156 0.3328 0.4516 
        H003  4 0.4707 0.3259 0.2035 
        H009  4 0.2689 0.4556 0.2756 
        H010  4 0.4173 0.2882 0.2944 
        H011  4 0.2844 0.2114 0.5042 
        H012  4 0.4898 0.2912 0.2190 
        H013  4 0.3885 0.2718 0.3398 
        H014  4 0.3152 0.3735 0.3112 
        H045  4 0.3994 0.2412 0.3594 
        H046  4 0.3884 0.3877 0.2239 
        H051  4 0.3680 0.2456 0.3864 
        H052  4 0.2276 0.3623 0.4101 
        H053  4 0.3103 0.2890 0.4007 
        H056  4 0.2411 0.2918 0.4671 
        H076  4 0.3675 0.4188 0.2137 
        H151  4 0.1975 0.2419 0.5606 
        H152  4 0.2322 0.3472 0.4205 
     H171803  4 0.2868 0.2287 0.4845 
     H171804  4 0.3231 0.2510 0.4259 
     H171833  4 0.2673 0.5054 0.2273 
     H171855  4 0.1957 0.2757 0.5286 
     H171856  4 0.3125 0.2891 0.3984 
     H171857  4 0.2425 0.3130 0.4446 
     H171858  4 0.3477 0.3441 0.3082 
     H171859  4 0.3378 0.3098 0.3524 
     H171961  4 0.3243 0.2538 0.4219 
        H198  4 0.4080 0.4104 0.1816 
      H20001  4 0.2289 0.5254 0.2457 
        H403  4 0.2908 0.3302 0.3790 
        H404  4 0.4439 0.3295 0.2266 
        H405  4 0.4373 0.3437 0.2191 
        H406  4 0.2210 0.4960 0.2829 
        H407  4 0.3528 0.2582 0.3890 
        H410  4 0.4534 0.3399 0.2067 
        H411  4 0.2660 0.4987 0.2352 
        H468  4 0.2100 0.4660 0.3239 
        H476  4 0.2492 0.3600 0.3908 
        H477  4 0.2466 0.5116 0.2418 
        H478  4 0.4142 0.3181 0.2677 
        H479  4 0.3563 0.2601 0.3837 
        H480  4 0.2998 0.4776 0.2226 
        H498  4 0.3313 0.3762 0.2925 
        H499  4 0.3444 0.3360 0.3196 
        H500  4 0.2896 0.2028 0.5075 
        H515  4 0.3183 0.2813 0.4004 
        H516  4 0.2824 0.3744 0.3433 
        H517  4 0.3609 0.3251 0.3141 
        H518  4 0.2250 0.3589 0.4161 
        H520  4 0.2375 0.2793 0.4833 
        H521  4 0.3875 0.3282 0.2843 
        H522  4 0.2858 0.3061 0.4081 
        H523  4 0.3092 0.3211 0.3697 
        H536  4 0.3831 0.3349 0.2820 
        H645  4 0.4383 0.2148 0.3469 
        H646  4 0.3219 0.4413 0.2368 
        H647  4 0.2942 0.3725 0.3333 
        H657  4 0.4039 0.3573 0.2387 
        H658  4 0.3173 0.3048 0.3780 
        H659  4 0.1834 0.1850 0.6316 
        H660  4 0.2859 0.3358 0.3783 
        H661  4 0.2324 0.2849 0.4827 
        H668  4 0.4822 0.2906 0.2272 
        H669  4 0.3852 0.2732 0.3416 
        H670  4 0.4627 0.2118 0.3255 
        H678  4 0.3358 0.3323 0.3319 
        H679  4 0.3751 0.3957 0.2292 
        H680  4 0.2912 0.3861 0.3227 
        H681  4 0.3651 0.2674 0.3675 
        H682  4 0.4218 0.2860 0.2922 
        H683  4 0.2110 0.3932 0.3958 
        H718  4 0.2347 0.2556 0.5097 
        H719  4 0.3675 0.2831 0.3494 
        H720  4 0.2468 0.3486 0.4046 
        H721  4 0.2513 0.3769 0.3718 
        H722  4 0.1973 0.4136 0.3892 
        H723  4 0.3675 0.2193 0.4132 
        H724  4 0.2100 0.2102 0.5798 
        H725  4 0.2045 0.2510 0.5445 
        H726  4 0.2864 0.2612 0.4524 
        H727  4 0.3378 0.2362 0.4260 
        H910  4 0.3384 0.2553 0.4063 
        H911  4 0.3400 0.3973 0.2626 
        H912  4 0.2675 0.3702 0.3623 
        H913  4 0.2802 0.2773 0.4425 
        H914  4 0.3510 0.1917 0.4573 
        H915  4 0.3050 0.3320 0.3630 
        H916  4 0.2519 0.4231 0.3250 
       H9572  4 0.2867 0.3034 0.4098 
        H015  5 0.2855 0.4887 0.2258 
        H016  5 0.2797 0.4786 0.2417 
        H017  5 0.2434 0.4065 0.3501 
        H019  5 0.3098 0.4155 0.2747 
        H020  5 0.3078 0.3312 0.3610 
        H032  5 0.3045 0.3256 0.3700 
        H033  5 0.4040 0.3337 0.2623 
        H034  5 0.3537 0.2180 0.4283 
        H035  5 0.3326 0.3283 0.3391 
        H036  5 0.3349 0.3922 0.2729 
        H037  5 0.2822 0.2575 0.4604 
        H048  5 0.3133 0.2119 0.4749 
        H049  5 0.2446 0.4744 0.2810 
        H054  5 0.3523 0.3237 0.3239 
        H055  5 0.3359 0.2924 0.3717 
        H057  5 0.2271 0.4508 0.3221 
        H060  5 0.2814 0.3337 0.3849 
        H061  5 0.4281 0.3029 0.2690 
        H064  5 0.3082 0.3157 0.3761 
        H070  5 0.3933 0.2497 0.3570 
        H077  5 0.2338 0.2672 0.4990 
        H078  5 0.2289 0.3280 0.4431 
        H079  5 0.4764 0.2932 0.2304 
        H097  5 0.1863 0.4566 0.3571 
        H107  5 0.2551 0.1750 0.5699 
        H122  5 0.3095 0.3549 0.3356 
        H123  5 0.3640 0.4023 0.2337 
        H124  5 0.4176 0.3497 0.2327 
        H131  5 0.3899 0.3626 0.2475 
        H132  5 0.3471 0.2974 0.3554 
        H141  5 0.2996 0.2655 0.4349 
        H142  5 0.3897 0.3915 0.2188 
        H157  5 0.2975 0.2335 0.4690 
        H158  5 0.2655 0.5127 0.2218 
        H159  5 0.3594 0.3948 0.2459 
        H160  5 0.2957 0.3514 0.3529 
        H163  5 0.3475 0.3970 0.2555 
        H164  5 0.3672 0.3717 0.2611 
        H165  5 0.4952 0.2870 0.2177 
        H166  5 0.3281 0.4230 0.2488 
        H169  5 0.3720 0.3350 0.2930 
     H169613  5 0.3104 0.3627 0.3269 
     H169653  5 0.3589 0.4079 0.2332 
     H169728  5 0.3145 0.4030 0.2825 
     H169742  5 0.4103 0.2473 0.3424 
        H170  5 0.2302 0.4825 0.2873 
        H171  5 0.2506 0.4981 0.2513 
     H171851  5 0.2882 0.4093 0.3025 
     H171852  5 0.2413 0.3324 0.4263 
     H171853  5 0.3437 0.2644 0.3919 
     H171854  5 0.3014 0.3845 0.3141 
     H171938  5 0.4758 0.2278 0.2964 
     H171939  5 0.3134 0.4490 0.2377 
     H171941  5 0.2939 0.2447 0.4614 
     H171965  5 0.3648 0.4049 0.2302 
     H171970  5 0.2375 0.2175 0.5450 
     H171973  5 0.4554 0.2955 0.2491 
     H171974  5 0.4188 0.2584 0.3227 
     H171975  5 0.3596 0.3004 0.3400 
     H171976  5 0.2022 0.4735 0.3243 
        H175  5 0.3223 0.2342 0.4435 
        H178  5 0.3489 0.3104 0.3407 
        H189  5 0.3654 0.4263 0.2083 
        H399  5 0.2264 0.4654 0.3082 
        H416  5 0.3655 0.2824 0.3521 
        H438  5 0.4182 0.2639 0.3179 
        H450  5 0.2550 0.2669 0.4781 
        H455  5 0.3048 0.2099 0.4852 
        H456  5 0.4272 0.2557 0.3171 
        H457  5 0.2247 0.3389 0.4364 
        H458  5 0.3464 0.2647 0.3890 
        H459  5 0.4017 0.3818 0.2165 
        H460  5 0.3104 0.2939 0.3957 
        H461  5 0.2399 0.4712 0.2889 
        H462  5 0.3930 0.3482 0.2589 
        H469  5 0.4050 0.3792 0.2158 
        H470  5 0.3098 0.3109 0.3794 
        H471  5 0.2696 0.4974 0.2330 
        H481  5 0.2247 0.2087 0.5667 
        H482  5 0.2940 0.2996 0.4065 
        H501  5 0.3513 0.3109 0.3377 
        H502  5 0.3291 0.4602 0.2107 
        H503  5 0.3237 0.4016 0.2747 
        H509  5 0.2925 0.2410 0.4665 
        H510  5 0.3564 0.3553 0.2883 
        H511  5 0.3524 0.4020 0.2457 
        H530  5 0.3922 0.2398 0.3679 
        H531  5 0.2277 0.2650 0.5073 
        H564  5 0.3008 0.3097 0.3896 
        H565  5 0.2212 0.2674 0.5114 
        H567  5 0.3646 0.4341 0.2013 
     H568???  5 0.3004 0.4644 0.2352 
        H608  5 0.2803 0.2501 0.4696 
        H609  5 0.4662 0.2722 0.2616 
        H612  5 0.3032 0.1753 0.5216 
        H614  5 0.2006 0.2716 0.5279 
        H615  5 0.2100 0.3096 0.4804 
        H616  5 0.2818 0.1617 0.5564 
        H617  5 0.4463 0.3312 0.2225 
        H618  5 0.2978 0.2378 0.4644 
        H619  5 0.4719 0.2783 0.2499 
        H635  5 0.3697 0.3379 0.2924 
        H636  5 0.5143 0.2354 0.2503 
        H637  5 0.3343 0.2963 0.3694 
        H644  5 0.2380 0.6140 0.1480 
        H711  5 0.2552 0.4646 0.2802 
        H712  5 0.4064 0.2214 0.3722 
       H7360  5 0.2672 0.3815 0.3513 
       H7361  5 0.2795 0.2902 0.4303 
       H7362  5 0.2830 0.5510 0.1660 
       H7363  5 0.2819 0.3378 0.3803 
       H7394  5 0.3686 0.4105 0.2209 
       H7395  5 0.4032 0.2861 0.3107 
       H7396  5 0.3390 0.3226 0.3383 
        H742  5 0.4145 0.2435 0.3420 
        H743  5 0.3266 0.3163 0.3571 
        H744  5 0.2815 0.2003 0.5183 
        H957  5 0.2828 0.3933 0.3239 
        H958  5 0.3388 0.3583 0.3029 
        H959  5 0.3267 0.2175 0.4558 
        H960  5 0.3993 0.2858 0.3150 
      H_PALI  6 0.3075 0.3956 0.2970 
        H581  6 0.2644 0.3275 0.4081 
        H582  6 0.2100 0.2602 0.5298 
        H583  6 0.3069 0.3083 0.3848 
        H595  6 0.3324 0.4590 0.2085 
        H596  6 0.3749 0.4175 0.2075 
        H597  6 0.3452 0.4414 0.2135 
        H598  6 0.3853 0.2730 0.3417 
        H599  6 0.3186 0.2761 0.4053 
        H642  6 0.2740 0.4637 0.2623 
        H643  6 0.4007 0.2809 0.3185 
        H664  6 0.1903 0.2782 0.5316 
        H665  6 0.4726 0.2479 0.2795 
        H674  6 0.2551 0.5605 0.1844 
        H675  6 0.2634 0.3273 0.4092 
        H676  6 0.3098 0.4515 0.2388 
        H686  6 0.2988 0.3988 0.3024 
        H687  6 0.2960 0.3645 0.3395 
        H917  6 0.4693 0.3229 0.2078 
        H918  6 0.4410 0.2998 0.2593 
        H919  6 0.3068 0.2007 0.4926 
        H920  6 0.2779 0.2977 0.4244 
        H631  7 0.3012 0.2720 0.4268 
        H684  7 0.2913 0.5118 0.1969 
        H685  7 0.2333 0.2398 0.5269 
        H713  7 0.2551 0.2036 0.5413 
        H715  7 0.2936 0.4651 0.2413 
        H716  7 0.3474 0.3011 0.3515 
        H717  7 0.3236 0.3029 0.3735 
        H729  7 0.5083 0.3003 0.1914 
        H730  7 0.4503 0.2358 0.3139 
        H431  8 0.3239 0.2539 0.4222 
        H432  8 0.3043 0.5051 0.1905 
        H433  8 0.4173 0.3201 0.2626 
        H434  8 0.3649 0.3544 0.2807 
        H444  8 0.4324 0.3148 0.2527 
        H454  8 0.2994 0.2282 0.4723 
        H475  8 0.2325 0.2356 0.5318 
        H491  8 0.3036 0.3101 0.3862 
        H492  8 0.2661 0.2609 0.4731 
        H493  8 0.3005 0.4021 0.2974 
        H494  8 0.3249 0.3145 0.3606 
        H495  8 0.1900 0.3117 0.4983 
        H662  8 0.2892 0.3985 0.3122 
        H663  8 0.3478 0.3112 0.3410 
        H695  8 0.3736 0.2694 0.3570 
       H7367  8 0.4313 0.3636 0.2050 
       H7368  8 0.3510 0.3953 0.2536 
       H7369  8 0.4668 0.2585 0.2747 
       H7370  8 0.3703 0.4220 0.2077 
       H7371  8 0.4079 0.2966 0.2955 
        H600  9 0.2878 0.2619 0.4503 
        H648  9 0.3103 0.3747 0.3150 
        H696  9 0.2514 0.5639 0.1847 
        H697  9 0.4010 0.3184 0.2807 
        H698  9 0.3705 0.3758 0.2538 
        H699  9 0.3331 0.3661 0.3008 
        H700  9 0.3317 0.2295 0.4389 
        H732  9 0.2222 0.2768 0.5010 
        H733  9 0.4286 0.3477 0.2237 
        H734  9 0.3064 0.4699 0.2237 
        H735  9 0.3333 0.3963 0.2704 
        H736  9 0.3097 0.3081 0.3823 
        H737  9 0.3775 0.2639 0.3586 
        H905  9 0.3737 0.2381 0.3882 
        H921  9 0.3816 0.2389 0.3795 
        H922  9 0.3902 0.4123 0.1976 
     H169705 10 0.3733 0.3343 0.2924 
     H171942 10 0.3102 0.5043 0.1855 
     H171943 10 0.3160 0.3689 0.3150 
     H171944 10 0.4010 0.2737 0.3253 
     H171946 10 0.2097 0.3191 0.4712 
     H171947 10 0.3348 0.3970 0.2682 
     H229641 10 0.3007 0.3400 0.3593 
      H30001 10 0.3746 0.2869 0.3385 
      H30002 10 0.3819 0.2961 0.3219 
      H30005 10 0.3816 0.3406 0.2778 
      H30006 10 0.3108 0.4357 0.2535 
      H30007 10 0.2557 0.5531 0.1912 
        H451 10 0.3862 0.3948 0.2189 
        H452 10 0.3279 0.3722 0.2999 
        H453 10 0.2244 0.2866 0.4890 
        H473 10 0.3239 0.3056 0.3705 
        H474 10 0.1730 0.2499 0.5771 
        H486 10 0.3017 0.2758 0.4225 
        H487 10 0.3175 0.2763 0.4062 
        H488 10 0.4238 0.2518 0.3244 
        H489 10 0.2700 0.2265 0.5035 
        H550 10 0.2674 0.4595 0.2731 
        H551 10 0.3874 0.2655 0.3471 
        H553 10 0.2507 0.2666 0.4827 
        H554 10 0.3449 0.3928 0.2623 
        H556 10 0.2529 0.3813 0.3658 
        H580 10 0.4164 0.3167 0.2669 
        H591 10 0.2499 0.1936 0.5566 
        H592 10 0.3029 0.2712 0.4259 
        H593 10 0.3457 0.3501 0.3042 
        H594 10 0.3461 0.4801 0.1738 
        H627 10 0.2523 0.3845 0.3633 
        H628 10 0.5227 0.3140 0.1634 
        H629 10 0.2531 0.3853 0.3616 
        H630 10 0.2693 0.3452 0.3855 
        H638 10 0.3444 0.3650 0.2905 
        H639 10 0.2087 0.3297 0.4616 
        H640 10 0.3038 0.4242 0.2720 
        H704 10 0.3306 0.4372 0.2321 
        H705 10 0.3792 0.3230 0.2978 
        H706 10 0.4100 0.1999 0.3901 
        H708 10 0.2335 0.2133 0.5531 
       H7351 10 0.2988 0.3797 0.3214 
       H7352 10 0.3370 0.3155 0.3475 
       H7353 10 0.2622 0.5223 0.2155 
       H7354 10 0.3409 0.2719 0.3872 
       H7365 10 0.2609 0.2067 0.5323 
       H7383 10 0.3728 0.2371 0.3901 
       H7384 10 0.3744 0.2626 0.3630 
       H7385 10 0.3269 0.2376 0.4356 
       H7386 10 0.4042 0.3202 0.2756 
       H7387 10 0.3855 0.3379 0.2767 
       H7388 10 0.3922 0.3087 0.2991 
        H906 10 0.2681 0.3473 0.3845 
        H907 10 0.3116 0.4538 0.2346 
        H908 10 0.3761 0.3004 0.3236 
        H909 10 0.4190 0.2754 0.3056 
       H9552 10 0.3385 0.3608 0.3007 
       H9553 10 0.3194 0.2874 0.3932 
       H9555 10 0.4358 0.2960 0.2682 
       H9575 10 0.2386 0.2868 0.4745 
       H9703 10 0.2355 0.2199 0.5446 
       H9707 10 0.2620 0.2658 0.4722 
       HSAA4 10 0.4151 0.3128 0.2720 
        H001 11 0.3708 0.2771 0.3521 
        H004 11 0.3398 0.3502 0.3100 
        H005 11 0.3060 0.2083 0.4857 
        H006 11 0.3798 0.2875 0.3326 
        H007 11 0.3632 0.2166 0.4202 
        H031 11 0.2467 0.1816 0.5718 
        H074 11 0.2250 0.2629 0.5121 
        H075 11 0.3162 0.1949 0.4889 
        H080 11 0.3045 0.2546 0.4409 
        H086 11 0.3669 0.3127 0.3203 
        H092 11 0.3363 0.2649 0.3988 
        H093 11 0.3091 0.5091 0.1818 
        H094 11 0.3038 0.3942 0.3019 
        H095 11 0.2944 0.2678 0.4378 
        H096 11 0.4014 0.2335 0.3651 
        H099 11 0.3258 0.2866 0.3876 
        H100 11 0.3630 0.4242 0.2128 
        H127 11 0.3560 0.2737 0.3703 
        H136 11 0.2388 0.2432 0.5180 
        H153 11 0.3058 0.4021 0.2921 
        H154 11 0.2332 0.2338 0.5331 
        H155 11 0.5353 0.2852 0.1795 
        H156 11 0.4825 0.3553 0.1623 
        H161 11 0.2989 0.4180 0.2832 
        H162 11 0.3773 0.3972 0.2255 
        H167 11 0.4475 0.3144 0.2381 
        H168 11 0.3988 0.3176 0.2836 
     H169586 11 0.1737 0.4115 0.4149 
     H169738 11 0.4991 0.2874 0.2135 
     H169741 11 0.2470 0.2715 0.4815 
     H171801 11 0.2886 0.4799 0.2315 
     H171810 11 0.2368 0.2864 0.4768 
     H171811 11 0.2106 0.2726 0.5168 
     H171812 11 0.4219 0.2439 0.3343 
     H171820 11 0.2580 0.2518 0.4901 
     H171821 11 0.3965 0.3394 0.2641 
     H171822 11 0.3665 0.3326 0.3008 
     H171823 11 0.1811 0.3743 0.4446 
     H171866 11 0.3569 0.4104 0.2327 
     H171867 11 0.4780 0.2799 0.2421 
     H171967 11 0.3381 0.2220 0.4398 
     H171969 11 0.3544 0.3272 0.3184 
        H172 11 0.3796 0.3106 0.3098 
        H173 11 0.4599 0.2478 0.2924 
        H174 11 0.3099 0.4838 0.2063 
        H196 11 0.4529 0.3175 0.2296 
        H197 11 0.4316 0.3165 0.2519 
        H346 11 0.4055 0.2695 0.3250 
        H355 11 0.3226 0.2966 0.3809 
        H356 11 0.3411 0.3053 0.3537 
        H357 11 0.3112 0.2539 0.4348 
        H358 11 0.4539 0.2310 0.3151 
        H359 11 0.3256 0.3146 0.3598 
        H360 11 0.3972 0.2828 0.3200 
        H361 11 0.4155 0.3206 0.2639 
        H362 11 0.4050 0.4089 0.1861 
        H363 11 0.3070 0.2218 0.4712 
        H364 11 0.3223 0.3613 0.3164 
        H365 11 0.3990 0.3297 0.2713 
        H366 11 0.4461 0.3056 0.2484 
        H367 11 0.2375 0.2535 0.5089 
        H368 11 0.2490 0.4734 0.2776 
        H369 11 0.2885 0.1950 0.5165 
        H370 11 0.3661 0.3706 0.2634 
        H371 11 0.3164 0.3733 0.3102 
        H372 11 0.3836 0.3209 0.2955 
        H373 11 0.3545 0.3271 0.3183 
        H374 11 0.3625 0.2639 0.3736 
        H375 11 0.3719 0.2550 0.3731 
        H376 11 0.3392 0.4176 0.2432 
        H377 11 0.3338 0.2975 0.3687 
        H378 11 0.2827 0.3265 0.3909 
        H379 11 0.3341 0.3467 0.3192 
        H380 11 0.4865 0.2983 0.2152 
        H381 11 0.2220 0.2953 0.4827 
        H382 11 0.4025 0.4273 0.1702 
        H383 11 0.3924 0.4067 0.2009 
        H384 11 0.2683 0.2764 0.4553 
        H385 11 0.2963 0.2917 0.4120 
        H386 11 0.5144 0.2305 0.2552 
        H387 11 0.2283 0.4621 0.3097 
        H388 11 0.4641 0.3311 0.2047 
        H389 11 0.4247 0.2463 0.3290 
        H390 11 0.3742 0.3263 0.2996 
        H391 11 0.3159 0.4133 0.2709 
        H392 11 0.3466 0.2049 0.4485 
        H393 11 0.3255 0.4617 0.2128 
        H394 11 0.2249 0.5536 0.2216 
        H395 11 0.3248 0.2300 0.4452 
        H408 11 0.4505 0.2346 0.3149 
        H412 11 0.1523 0.2704 0.5772 
        H417 11 0.3178 0.2773 0.4050 
        H418 11 0.2517 0.3806 0.3677 
        H429 11 0.4175 0.3030 0.2795 
        H430 11 0.4311 0.3332 0.2357 
        H439 11 0.3806 0.2760 0.3434 
        H440 11 0.2795 0.2201 0.5004 
        H441 11 0.4042 0.3331 0.2628 
        H442 11 0.4073 0.3366 0.2561 
        H446 11 0.3315 0.3631 0.3054 
        H447 11 0.4864 0.2742 0.2394 
        H448 11 0.4729 0.2473 0.2797 
        H534 11 0.2117 0.2571 0.5312 
        H537 11 0.2304 0.2897 0.4800 
        H568 11 0.2145 0.2173 0.5683 
        H569 11 0.4471 0.3773 0.1756 
        H586 11 0.1649 0.4084 0.4268 
        H587 11 0.2329 0.2009 0.5661 
        H588 11 0.2745 0.5122 0.2133 
        H589 11 0.2628 0.2073 0.5299 
        H590 11 0.2942 0.2745 0.4313 
        H601 11 0.3772 0.4282 0.1946 
        H602 11 0.3352 0.2663 0.3985 
        H603 11 0.4941 0.2851 0.2208 
        H610 11 0.3379 0.2668 0.3953 
        H611 11 0.2536 0.2833 0.4631 
        H649 11 0.3209 0.3710 0.3081 
        H650 11 0.2773 0.4701 0.2526 
        H651 11 0.4746 0.2618 0.2636 
        H652 11 0.2782 0.3897 0.3321 
       H7364 11 0.3989 0.3172 0.2839 
       H7366 11 0.4224 0.2547 0.3229 
       H7378 11 0.2339 0.6237 0.1423 
       H7379 11 0.3433 0.3488 0.3079 
        H739 11 0.2548 0.2653 0.4799 
        H740 11 0.3102 0.4211 0.2687 
        H741 11 0.2608 0.2533 0.4859 
        H926 11 0.3084 0.4311 0.2605 
        H927 11 0.4376 0.2810 0.2815 
        H928 11 0.2914 0.3686 0.3401 
       H9560 11 0.3098 0.3770 0.3132 
        H409 12 0.4575 0.3279 0.2146 
        H413 12 0.2442 0.5358 0.2200 
        H419 12 0.4391 0.2927 0.2682 
        H420 12 0.3430 0.2905 0.3665 
        H421 12 0.3648 0.4507 0.1846 
        H435 12 0.3513 0.4203 0.2284 
        H436 12 0.4205 0.2365 0.3430 
        H437 12 0.2350 0.2939 0.4711 
        H445 12 0.4812 0.2884 0.2304 
        H449 12 0.3091 0.4114 0.2795 
        H463 12 0.2815 0.3028 0.4157 
        H464 12 0.2627 0.5378 0.1995 
        H465 12 0.2119 0.4766 0.3115 
        H490 12 0.2980 0.4922 0.2097 
        H561 12 0.3249 0.3652 0.3099 
        H562 12 0.4688 0.2356 0.2956 
        H563 12 0.3958 0.2578 0.3464 
        H570 12 0.3703 0.2122 0.4176 
        H571 12 0.2638 0.3970 0.3392 
        H572 12 0.3167 0.2854 0.3980 
        H573 12 0.4626 0.3205 0.2169 
       H7372 12 0.5098 0.3219 0.1683 
       H7373 12 0.2451 0.5307 0.2242 
       H7374 12 0.3368 0.2703 0.3929 
       H7375 12 0.3448 0.2434 0.4119 
       H7376 12 0.5487 0.2661 0.1852 
       H7377 12 0.2835 0.2604 0.4562 
