        H102  1 0.3420 0.2731 0.3849 
        H103  1 0.2686 0.5295 0.2019 
        H104  1 0.3557 0.2005 0.4439 
        H105  1 0.4256 0.2890 0.2855 
        H106  1 0.2932 0.3343 0.3724 
        H112  1 0.3277 0.2505 0.4218 
        H113  1 0.4890 0.2528 0.2582 
        H114  1 0.5074 0.2754 0.2172 
        H115  1 0.4206 0.2125 0.3668 
        H143  1 0.4203 0.2930 0.2867 
        H144  1 0.3585 0.4510 0.1905 
        H145  1 0.3138 0.4744 0.2118 
        H149  1 0.2831 0.2443 0.4726 
        H150  1 0.3335 0.3475 0.3190 
     H167542  1 0.4917 0.2446 0.2637 
     H169604  1 0.4108 0.3088 0.2804 
     H169607  1 0.3786 0.3973 0.2241 
     H169608  1 0.2466 0.2788 0.4745 
     H169633  1 0.4821 0.3044 0.2135 
     H169688  1 0.2406 0.4904 0.2690 
     H169714  1 0.3030 0.2879 0.4091 
     H171802  1 0.2819 0.2894 0.4287 
     H171805  1 0.3367 0.3943 0.2690 
     H171807  1 0.2774 0.3364 0.3862 
     H171814  1 0.3666 0.4346 0.1988 
     H171816  1 0.3023 0.3009 0.3968 
     H171817  1 0.3348 0.2593 0.4059 
     H171818  1 0.3876 0.2988 0.3136 
     H171819  1 0.3530 0.3046 0.3425 
     H171834  1 0.3712 0.3051 0.3237 
     H171835  1 0.2691 0.2335 0.4974 
     H171836  1 0.4453 0.3903 0.1643 
     H171837  1 0.3745 0.2546 0.3709 
     H171838  1 0.2882 0.4574 0.2543 
     H171839  1 0.3733 0.2527 0.3740 
     H171841  1 0.1872 0.2931 0.5198 
     H171860  1 0.3987 0.2861 0.3152 
     H171861  1 0.4532 0.3755 0.1714 
     H171862  1 0.3520 0.3366 0.3114 
     H171868  1 0.4644 0.2607 0.2749 
     H171869  1 0.2891 0.4473 0.2635 
     H171870  1 0.2630 0.3749 0.3621 
     H171871  1 0.2928 0.4572 0.2500 
     H171872  1 0.3978 0.2352 0.3670 
     H171873  1 0.2379 0.4004 0.3617 
     H171874  1 0.3550 0.3839 0.2610 
     H171875  1 0.4745 0.3499 0.1757 
     H171876  1 0.4146 0.3212 0.2642 
     H171877  1 0.5255 0.2271 0.2474 
     H171878  1 0.2318 0.3818 0.3864 
     H171901  1 0.2581 0.2872 0.4547 
     H171902  1 0.2928 0.3783 0.3289 
     H171903  1 0.3831 0.3076 0.3094 
     H171935  1 0.2243 0.3448 0.4309 
     H171936  1 0.4942 0.2688 0.2370 
     H171940  1 0.3324 0.2768 0.3908 
     H171945  1 0.2935 0.3969 0.3097 
     H171948  1 0.3380 0.2860 0.3761 
     H171949  1 0.2531 0.2441 0.5028 
     H171950  1 0.2213 0.2264 0.5523 
     H171963  1 0.3070 0.4466 0.2464 
     H171964  1 0.2606 0.5051 0.2343 
     H171966  1 0.2781 0.3900 0.3319 
     H171968  1 0.2973 0.3144 0.3883 
     H171971  1 0.2706 0.3644 0.3651 
     H171972  1 0.3308 0.4439 0.2253 
     H171977  1 0.3294 0.4410 0.2296 
     H171978  1 0.2511 0.3273 0.4217 
     H171979  1 0.3501 0.4426 0.2073 
        H176  1 0.4048 0.3118 0.2834 
        H177  1 0.2559 0.2275 0.5166 
        H179  1 0.3794 0.1999 0.4207 
        H181  1 0.3487 0.4077 0.2436 
        H182  1 0.3810 0.4084 0.2106 
        H183  1 0.2572 0.4951 0.2477 
        H184  1 0.3411 0.2813 0.3776 
        H185  1 0.3777 0.4013 0.2210 
        H186  1 0.2896 0.3693 0.3411 
        H187  1 0.3141 0.3487 0.3372 
        H188  1 0.4143 0.2244 0.3614 
        H192  1 0.2688 0.2718 0.4593 
        H193  1 0.3332 0.4221 0.2448 
        H194  1 0.3813 0.2752 0.3435 
        H195  1 0.2466 0.5137 0.2397 
        H199  1 0.2869 0.4518 0.2613 
        H200  1 0.3331 0.2992 0.3678 
        H414  1 0.3046 0.3817 0.3137 
        H415  1 0.4332 0.3113 0.2555 
        H422  1 0.2814 0.3668 0.3518 
        H423  1 0.2181 0.2227 0.5592 
        H424  1 0.3323 0.4515 0.2162 
        H425  1 0.2915 0.4701 0.2384 
        H426  1 0.2169 0.5024 0.2807 
        H443  1 0.3503 0.4111 0.2386 
        H466  1 0.3335 0.3172 0.3493 
        H467  1 0.2314 0.2711 0.4975 
        H472  1 0.3563 0.3277 0.3160 
        H483  1 0.4365 0.3279 0.2356 
        H504  1 0.2966 0.4741 0.2293 
        H505  1 0.3399 0.2546 0.4055 
        H506  1 0.3574 0.3196 0.3230 
        H507  1 0.4213 0.3893 0.1895 
        H508  1 0.2563 0.3716 0.3721 
        H524  1 0.4396 0.3413 0.2190 
        H525  1 0.3738 0.3571 0.2691 
        H526  1 0.5217 0.2543 0.2240 
        H527  1 0.2867 0.2806 0.4327 
        H528  1 0.3987 0.3968 0.2045 
        H529  1 0.3798 0.4133 0.2068 
        H533  1 0.3709 0.4001 0.2290 
        H538  1 0.3862 0.2819 0.3319 
        H539  1 0.2579 0.4343 0.3078 
        H540  1 0.3552 0.3206 0.3242 
        H541  1 0.4443 0.2671 0.2886 
        H558  1 0.2289 0.5156 0.2555 
        H559  1 0.4012 0.2919 0.3069 
        H579  1 0.3464 0.4164 0.2372 
        H584  1 0.2919 0.4645 0.2436 
        H585  1 0.3480 0.3838 0.2682 
        H605  1 0.3088 0.3103 0.3809 
        H606  1 0.2937 0.2153 0.4910 
        H632  1 0.3109 0.4417 0.2474 
        H634  1 0.3162 0.4012 0.2825 
        H671  1 0.2543 0.2396 0.5061 
        H672  1 0.3617 0.3228 0.3155 
        H673  1 0.3669 0.3809 0.2521 
        H689  1 0.3845 0.3750 0.2405 
        H690  1 0.3718 0.2256 0.4025 
        H691  1 0.4516 0.2531 0.2953 
        H692  1 0.3862 0.4684 0.1454 
        H709  1 0.3333 0.3658 0.3008 
        H710  1 0.3339 0.4930 0.1732 
       H7355  1 0.5124 0.2686 0.2189 
       H7356  1 0.2833 0.3970 0.3197 
       H7357  1 0.3796 0.2579 0.3626 
       H7358  1 0.4144 0.3518 0.2338 
       H7380  1 0.3864 0.3487 0.2649 
       H7381  1 0.2470 0.3196 0.4333 
       H7382  1 0.3912 0.3452 0.2636 
        H904  1 0.2458 0.1753 0.5789 
        H923  1 0.3168 0.3478 0.3354 
        H924  1 0.3311 0.2917 0.3771 
        H925  1 0.4659 0.2882 0.2459 
       H9558  1 0.2182 0.5466 0.2351 
        H008  2 0.4813 0.3302 0.1885 
        H021  2 0.3244 0.2576 0.4180 
        H023  2 0.3220 0.2318 0.4462 
        H024  2 0.3574 0.4485 0.1941 
        H025  2 0.2439 0.3492 0.4069 
        H026  2 0.3203 0.4673 0.2124 
        H027  2 0.4534 0.2751 0.2714 
        H028  2 0.3494 0.3899 0.2607 
        H029  2 0.4286 0.3384 0.2330 
        H030  2 0.3152 0.4794 0.2053 
        H038  2 0.2873 0.2801 0.4326 
        H039  2 0.1707 0.1668 0.6625 
        H040  2 0.2488 0.2835 0.4677 
        H041  2 0.4963 0.2529 0.2508 
        H042  2 0.3474 0.3007 0.3518 
        H043  2 0.1905 0.3066 0.5029 
        H044  2 0.3049 0.4705 0.2246 
        H047  2 0.2501 0.3537 0.3962 
        H050  2 0.3203 0.4306 0.2491 
        H058  2 0.2559 0.3452 0.3988 
        H062  2 0.3301 0.2585 0.4114 
        H063  2 0.2960 0.2482 0.4558 
        H065  2 0.2554 0.4200 0.3246 
        H066  2 0.2874 0.3977 0.3150 
        H067  2 0.4284 0.3039 0.2678 
        H068  2 0.2254 0.2684 0.5062 
        H069  2 0.2707 0.4184 0.3108 
        H071  2 0.3132 0.2789 0.4080 
        H072  2 0.2635 0.2275 0.5089 
        H073  2 0.3733 0.3703 0.2564 
        H081  2 0.4874 0.2169 0.2957 
        H082  2 0.3157 0.4892 0.1950 
        H083  2 0.2882 0.4946 0.2171 
        H084  2 0.3283 0.3122 0.3595 
        H085  2 0.5291 0.2254 0.2455 
        H087  2 0.4736 0.2473 0.2791 
        H088  2 0.3447 0.2448 0.4104 
        H089  2 0.4478 0.2939 0.2584 
        H090  2 0.3797 0.4019 0.2184 
        H091  2 0.4946 0.3127 0.1927 
        H098  2 0.3974 0.3355 0.2671 
      H10001  2 0.1668 0.1665 0.6666 
      H10002  2 0.3409 0.2299 0.4292 
        H101  2 0.3177 0.4179 0.2644 
        H108  2 0.3584 0.2141 0.4275 
        H109  2 0.2966 0.3176 0.3858 
        H110  2 0.5184 0.2582 0.2234 
        H116  2 0.3350 0.4053 0.2597 
        H117  2 0.5288 0.2575 0.2137 
        H118  2 0.4326 0.3978 0.1696 
        H119  2 0.3748 0.2626 0.3626 
        H120  2 0.2942 0.1981 0.5077 
        H121  2 0.4545 0.3407 0.2047 
        H125  2 0.1777 0.1659 0.6564 
        H126  2 0.2768 0.4764 0.2468 
        H128  2 0.3394 0.5367 0.1239 
        H129  2 0.2720 0.5302 0.1978 
        H130  2 0.1865 0.3231 0.4904 
        H133  2 0.2075 0.2493 0.5432 
        H134  2 0.2181 0.5951 0.1868 
        H135  2 0.4047 0.2761 0.3192 
        H137  2 0.3674 0.3161 0.3165 
        H138  2 0.2821 0.5006 0.2173 
        H140  2 0.3577 0.3462 0.2962 
        H146  2 0.3848 0.3796 0.2357 
        H147  2 0.4743 0.2992 0.2265 
        H148  2 0.5063 0.2368 0.2569 
     H166022  2 0.4242 0.3623 0.2135 
     H167359  2 0.3465 0.3429 0.3106 
     H167397  2 0.4677 0.3845 0.1478 
     H167428  2 0.5106 0.3426 0.1468 
     H167496  2 0.3260 0.1942 0.4798 
     H167513  2 0.2667 0.3769 0.3564 
     H167545  2 0.2786 0.4854 0.2360 
     H167547  2 0.2729 0.5330 0.1942 
     H169621  2 0.3672 0.4072 0.2256 
     H169622  2 0.3788 0.3807 0.2405 
     H169750  2 0.2127 0.3809 0.4063 
     H171806  2 0.3214 0.3175 0.3611 
     H171808  2 0.3470 0.3651 0.2879 
     H171809  2 0.3996 0.2838 0.3166 
     H171813  2 0.2687 0.4049 0.3265 
     H171815  2 0.1964 0.2611 0.5425 
     H171824  2 0.3806 0.1946 0.4249 
     H171825  2 0.3466 0.3668 0.2866 
     H171826  2 0.3773 0.2676 0.3551 
     H171827  2 0.3279 0.3173 0.3549 
     H171828  2 0.2664 0.1712 0.5624 
     H171829  2 0.2506 0.4131 0.3363 
     H171830  2 0.3664 0.3156 0.3181 
     H171831  2 0.3359 0.4723 0.1917 
     H171832  2 0.3151 0.4196 0.2654 
     H171863  2 0.2761 0.5373 0.1867 
     H171864  2 0.4233 0.2796 0.2971 
     H171865  2 0.2604 0.2561 0.4834 
     H171879  2 0.3709 0.3481 0.2809 
     H171880  2 0.4139 0.3338 0.2523 
     H171881  2 0.4279 0.3023 0.2698 
     H171882  2 0.2178 0.2066 0.5756 
     H171929  2 0.4242 0.2982 0.2776 
     H171930  2 0.2942 0.4933 0.2125 
     H171933  2 0.3772 0.3318 0.2910 
     H171934  2 0.4319 0.2680 0.3001 
     H171937  2 0.2750 0.4771 0.2479 
     H171962  2 0.4127 0.3345 0.2528 
        H190  2 0.3559 0.3877 0.2564 
        H191  2 0.3461 0.3339 0.3200 
        H396  2 0.4290 0.2659 0.3051 
        H397  2 0.3363 0.3667 0.2970 
        H398  2 0.2906 0.3559 0.3535 
        H400  2 0.4069 0.2866 0.3065 
        H401  2 0.3748 0.4585 0.1667 
        H402  2 0.4404 0.3327 0.2269 
        H427  2 0.4559 0.2636 0.2804 
        H428  2 0.5247 0.3240 0.1513 
        H497  2 0.2613 0.3320 0.4067 
        H512  2 0.3899 0.3128 0.2973 
        H513  2 0.2665 0.3748 0.3587 
        H514  2 0.2718 0.4421 0.2861 
        H519  2 0.2899 0.3575 0.3525 
        H532  2 0.5036 0.2754 0.2209 
        H543  2 0.4212 0.3515 0.2273 
        H544  2 0.2182 0.4805 0.3013 
        H545  2 0.2640 0.5162 0.2198 
        H546  2 0.2388 0.3061 0.4551 
        H547  2 0.2741 0.5319 0.1939 
        H548  2 0.4321 0.2989 0.2689 
        H549  2 0.2521 0.4004 0.3476 
        H620  2 0.2277 0.1916 0.5807 
        H623  2 0.2820 0.4712 0.2469 
        H624  2 0.1842 0.3911 0.4247 
        H625  2 0.4115 0.3243 0.2642 
        H626  2 0.3361 0.3208 0.3431 
        H654  2 0.1613 0.1876 0.6511 
        H655  2 0.2601 0.2860 0.4538 
        H656  2 0.2625 0.2120 0.5255 
        H666  2 0.1837 0.2418 0.5745 
        H667  2 0.4189 0.3123 0.2688 
        H677  2 0.4081 0.3176 0.2743 
        H693  2 0.3410 0.2172 0.4418 
        H694  2 0.3082 0.4369 0.2549 
        H701  2 0.3992 0.3553 0.2455 
        H702  2 0.3211 0.2845 0.3944 
        H731  2 0.3378 0.2632 0.3991 
       H7359  2 0.3511 0.3373 0.3116 
       H7389  2 0.3827 0.3363 0.2810 
       H7390  2 0.2208 0.2352 0.5440 
       H7391  2 0.5751 0.1987 0.2262 
       H7392  2 0.2960 0.3434 0.3606 
       H7393  2 0.3028 0.2775 0.4197 
       H7398  2 0.4972 0.2329 0.2699 
       H7399  2 0.4246 0.3540 0.2214 
       H7400  2 0.1760 0.2024 0.6216 
        H745  2 0.2504 0.5454 0.2042 
        H746  2 0.3815 0.3951 0.2235 
        H747  2 0.2613 0.2324 0.5063 
        H748  2 0.3199 0.3324 0.3477 
       H7484  2 0.2517 0.2366 0.5117 
       H7485  2 0.2931 0.4266 0.2803 
        H749  2 0.3593 0.3984 0.2423 
        H930  2 0.3244 0.4434 0.2321 
        H931  2 0.4065 0.3104 0.2831 
        H932  2 0.3654 0.3151 0.3195 
        H111  3 0.2778 0.4932 0.2291 
        H951  3 0.3685 0.4145 0.2170 
        H952  3 0.2964 0.4004 0.3032 
        H953  3 0.5042 0.2717 0.2241 
        H954  3 0.2615 0.2285 0.5099 
        H955  3 0.3249 0.4479 0.2272 
        H956  3 0.3531 0.2797 0.3672 
       H9563  3 0.4067 0.2470 0.3463 
        H002  4 0.2058 0.3327 0.4615 
        H003  4 0.4544 0.3282 0.2174 
        H009  4 0.2818 0.4527 0.2655 
        H010  4 0.4116 0.2870 0.3014 
        H011  4 0.2759 0.2088 0.5152 
        H012  4 0.4811 0.2917 0.2272 
        H013  4 0.3835 0.2646 0.3519 
        H014  4 0.3173 0.3700 0.3127 
        H045  4 0.4072 0.2333 0.3595 
        H046  4 0.3641 0.4086 0.2273 
        H051  4 0.3641 0.2315 0.4044 
        H052  4 0.2408 0.3393 0.4200 
        H053  4 0.3015 0.2950 0.4036 
        H056  4 0.2501 0.2968 0.4531 
        H076  4 0.3763 0.4096 0.2140 
        H151  4 0.1926 0.2415 0.5659 
        H152  4 0.2228 0.3443 0.4329 
     H171803  4 0.2591 0.2638 0.4771 
     H171804  4 0.3206 0.2686 0.4108 
     H171833  4 0.2483 0.5233 0.2285 
     H171855  4 0.1919 0.3001 0.5080 
     H171856  4 0.3097 0.3215 0.3688 
     H171857  4 0.2521 0.2991 0.4488 
     H171858  4 0.3155 0.3743 0.3102 
     H171859  4 0.3421 0.3155 0.3425 
     H171961  4 0.3073 0.2749 0.4178 
        H198  4 0.4220 0.3857 0.1922 
      H20001  4 0.2139 0.5339 0.2522 
        H403  4 0.2806 0.3521 0.3674 
        H404  4 0.4462 0.3116 0.2422 
        H405  4 0.4163 0.3539 0.2298 
        H406  4 0.2350 0.4807 0.2843 
        H407  4 0.3555 0.2594 0.3851 
        H410  4 0.4717 0.3371 0.1912 
        H411  4 0.2606 0.4937 0.2458 
        H468  4 0.2150 0.4416 0.3434 
        H476  4 0.2476 0.3390 0.4134 
        H477  4 0.2351 0.5213 0.2436 
        H478  4 0.3956 0.3567 0.2477 
        H479  4 0.3507 0.2614 0.3878 
        H480  4 0.2831 0.4877 0.2291 
        H498  4 0.3390 0.3615 0.2995 
        H499  4 0.3213 0.3568 0.3219 
        H500  4 0.2976 0.2102 0.4922 
        H515  4 0.2983 0.2954 0.4064 
        H516  4 0.2901 0.3657 0.3443 
        H517  4 0.3709 0.3273 0.3018 
        H518  4 0.2197 0.3540 0.4263 
        H520  4 0.2509 0.2842 0.4649 
        H521  4 0.4007 0.3214 0.2780 
        H522  4 0.2726 0.3076 0.4198 
        H523  4 0.3037 0.3225 0.3738 
        H536  4 0.3774 0.3419 0.2807 
        H645  4 0.4476 0.2055 0.3468 
        H646  4 0.3581 0.4078 0.2340 
        H647  4 0.3047 0.3705 0.3248 
        H657  4 0.3952 0.3812 0.2236 
        H658  4 0.3164 0.2939 0.3897 
        H659  4 0.1882 0.2034 0.6084 
        H660  4 0.2883 0.3330 0.3787 
        H661  4 0.2211 0.3087 0.4702 
        H668  4 0.4641 0.2994 0.2365 
        H669  4 0.3931 0.2741 0.3328 
        H670  4 0.4275 0.2261 0.3465 
        H678  4 0.3403 0.3275 0.3321 
        H679  4 0.4059 0.3651 0.2290 
        H680  4 0.2916 0.4062 0.3022 
        H681  4 0.3635 0.2723 0.3642 
        H682  4 0.4183 0.2858 0.2959 
        H683  4 0.2357 0.3485 0.4158 
        H718  4 0.2513 0.2613 0.4874 
        H719  4 0.3763 0.2665 0.3571 
        H720  4 0.2481 0.3683 0.3835 
        H721  4 0.2399 0.3755 0.3846 
        H722  4 0.1983 0.4256 0.3761 
        H723  4 0.3803 0.2119 0.4077 
        H724  4 0.2248 0.2095 0.5657 
        H725  4 0.2057 0.2547 0.5397 
        H726  4 0.2726 0.2799 0.4474 
        H727  4 0.3429 0.2365 0.4206 
        H910  4 0.3344 0.2463 0.4193 
        H911  4 0.3653 0.3833 0.2515 
        H912  4 0.2876 0.3568 0.3556 
        H913  4 0.2700 0.2968 0.4332 
        H914  4 0.3327 0.2033 0.4639 
        H915  4 0.3098 0.3152 0.3750 
        H916  4 0.2439 0.4266 0.3295 
       H9572  4 0.2826 0.3342 0.3831 
        H015  5 0.2802 0.4748 0.2450 
        H016  5 0.2868 0.4832 0.2300 
        H017  5 0.2216 0.4184 0.3600 
        H019  5 0.3079 0.4069 0.2853 
        H020  5 0.3091 0.3319 0.3590 
        H032  5 0.3066 0.3161 0.3773 
        H033  5 0.4061 0.3210 0.2729 
        H034  5 0.3298 0.2284 0.4418 
        H035  5 0.3174 0.3515 0.3310 
        H036  5 0.3544 0.3627 0.2829 
        H037  5 0.2647 0.2597 0.4756 
        H048  5 0.3182 0.2120 0.4699 
        H049  5 0.2514 0.4608 0.2877 
        H054  5 0.3622 0.3293 0.3085 
        H055  5 0.3255 0.2741 0.4004 
        H057  5 0.2197 0.4586 0.3217 
        H060  5 0.2643 0.3333 0.4024 
        H061  5 0.4118 0.3198 0.2683 
        H064  5 0.3100 0.3016 0.3884 
        H070  5 0.3700 0.2549 0.3751 
        H077  5 0.2360 0.2754 0.4886 
        H078  5 0.2353 0.3073 0.4573 
        H079  5 0.4962 0.2835 0.2204 
        H097  5 0.1886 0.4440 0.3674 
        H107  5 0.2467 0.1838 0.5695 
        H122  5 0.2805 0.4063 0.3132 
        H123  5 0.3723 0.3905 0.2372 
        H124  5 0.4544 0.3151 0.2306 
        H131  5 0.3956 0.3546 0.2498 
        H132  5 0.3630 0.2730 0.3640 
        H141  5 0.3066 0.2746 0.4189 
        H142  5 0.3552 0.4097 0.2351 
        H157  5 0.2770 0.2401 0.4830 
        H158  5 0.2667 0.5136 0.2197 
        H159  5 0.3262 0.4499 0.2239 
        H160  5 0.2843 0.3829 0.3327 
        H163  5 0.3327 0.3906 0.2767 
        H164  5 0.3731 0.3724 0.2546 
        H165  5 0.5069 0.2883 0.2048 
        H166  5 0.3156 0.4297 0.2547 
        H169  5 0.3782 0.3215 0.3003 
     H169613  5 0.3014 0.3729 0.3257 
     H169653  5 0.3348 0.4172 0.2480 
     H169728  5 0.3062 0.3941 0.2997 
     H169742  5 0.3966 0.2585 0.3449 
        H170  5 0.2466 0.4485 0.3049 
        H171  5 0.2579 0.4848 0.2573 
     H171851  5 0.2873 0.3949 0.3178 
     H171852  5 0.2580 0.3239 0.4182 
     H171853  5 0.3378 0.2734 0.3888 
     H171854  5 0.2991 0.3917 0.3092 
     H171938  5 0.4657 0.2403 0.2940 
     H171939  5 0.3460 0.4143 0.2396 
     H171941  5 0.2772 0.2323 0.4905 
     H171965  5 0.3468 0.4049 0.2483 
     H171970  5 0.2358 0.2131 0.5510 
     H171973  5 0.4677 0.2880 0.2443 
     H171974  5 0.4036 0.2593 0.3371 
     H171975  5 0.3583 0.2937 0.3480 
     H171976  5 0.2072 0.4577 0.3351 
        H175  5 0.3399 0.2319 0.4283 
        H178  5 0.3328 0.3189 0.3483 
        H189  5 0.3691 0.4386 0.1923 
        H399  5 0.2191 0.4925 0.2884 
        H416  5 0.3561 0.2843 0.3596 
        H438  5 0.4101 0.2721 0.3178 
        H450  5 0.2447 0.2648 0.4905 
        H455  5 0.2930 0.2122 0.4948 
        H456  5 0.4140 0.2546 0.3313 
        H457  5 0.2189 0.3455 0.4356 
        H458  5 0.3266 0.2633 0.4101 
        H459  5 0.3797 0.3925 0.2278 
        H460  5 0.2937 0.3407 0.3655 
        H461  5 0.2333 0.4617 0.3050 
        H462  5 0.4062 0.3288 0.2650 
        H469  5 0.4268 0.3443 0.2290 
        H470  5 0.3268 0.3058 0.3674 
        H471  5 0.2738 0.5103 0.2159 
        H481  5 0.2253 0.2173 0.5574 
        H482  5 0.2961 0.2775 0.4264 
        H501  5 0.3719 0.2901 0.3381 
        H502  5 0.3330 0.4589 0.2081 
        H503  5 0.3156 0.4153 0.2691 
        H509  5 0.2902 0.2488 0.4610 
        H510  5 0.3272 0.3734 0.2994 
        H511  5 0.3444 0.4100 0.2456 
        H530  5 0.4006 0.2295 0.3699 
        H531  5 0.2381 0.2675 0.4944 
        H564  5 0.2792 0.3305 0.3903 
        H565  5 0.2189 0.2735 0.5076 
        H567  5 0.4001 0.4024 0.1975 
     H568???  5 0.2951 0.4707 0.2342 
        H608  5 0.2479 0.2649 0.4873 
        H609  5 0.4646 0.2596 0.2758 
        H612  5 0.2909 0.1842 0.5249 
        H614  5 0.2169 0.2648 0.5183 
        H615  5 0.2146 0.3109 0.4745 
        H616  5 0.2684 0.1798 0.5518 
        H617  5 0.4389 0.3469 0.2142 
        H618  5 0.2920 0.2435 0.4645 
        H619  5 0.4675 0.2840 0.2485 
        H635  5 0.3531 0.3409 0.3060 
        H636  5 0.4995 0.2565 0.2440 
        H637  5 0.3385 0.3101 0.3514 
        H644  5 0.2641 0.5824 0.1535 
        H711  5 0.2619 0.4658 0.2723 
        H712  5 0.3848 0.2347 0.3805 
       H7360  5 0.2819 0.3705 0.3477 
       H7361  5 0.2616 0.2845 0.4539 
       H7362  5 0.3018 0.5271 0.1710 
       H7363  5 0.2630 0.3459 0.3910 
       H7394  5 0.3549 0.4102 0.2349 
       H7395  5 0.3701 0.3055 0.3245 
       H7396  5 0.3333 0.3081 0.3586 
        H742  5 0.4147 0.2432 0.3421 
        H743  5 0.3478 0.3156 0.3366 
        H744  5 0.2862 0.2098 0.5041 
        H957  5 0.2536 0.4054 0.3410 
        H958  5 0.3348 0.3495 0.3157 
        H959  5 0.3231 0.2203 0.4565 
        H960  5 0.3887 0.2978 0.3136 
      H_PALI  6 0.3159 0.3738 0.3104 
        H581  6 0.2736 0.3189 0.4076 
        H582  6 0.1945 0.2573 0.5482 
        H583  6 0.3170 0.2995 0.3835 
        H595  6 0.3471 0.4352 0.2177 
        H596  6 0.4012 0.3996 0.1992 
        H597  6 0.3301 0.4608 0.2091 
        H598  6 0.3718 0.2739 0.3543 
        H599  6 0.3264 0.2668 0.4068 
        H642  6 0.2595 0.4903 0.2501 
        H643  6 0.3983 0.2781 0.3236 
        H664  6 0.1805 0.3103 0.5091 
        H665  6 0.4684 0.2398 0.2917 
        H674  6 0.2630 0.5478 0.1892 
        H675  6 0.2558 0.3476 0.3966 
        H676  6 0.2860 0.4611 0.2529 
        H686  6 0.3087 0.3748 0.3166 
        H687  6 0.2790 0.3820 0.3389 
        H917  6 0.4513 0.3361 0.2126 
        H918  6 0.4298 0.2966 0.2736 
        H919  6 0.2975 0.2135 0.4890 
        H920  6 0.2818 0.3024 0.4158 
        H631  7 0.2842 0.2870 0.4288 
        H684  7 0.2852 0.5061 0.2087 
        H685  7 0.2308 0.2582 0.5110 
        H713  7 0.2555 0.2230 0.5215 
        H715  7 0.2767 0.4761 0.2472 
        H716  7 0.3168 0.3115 0.3717 
        H717  7 0.3197 0.3031 0.3771 
        H729  7 0.5213 0.2885 0.1902 
        H730  7 0.4639 0.2298 0.3063 
        H431  8 0.3325 0.2656 0.4019 
        H432  8 0.3095 0.4893 0.2012 
        H433  8 0.4200 0.3117 0.2684 
        H434  8 0.3682 0.3321 0.2997 
        H444  8 0.4251 0.3090 0.2659 
        H454  8 0.2910 0.2197 0.4893 
        H475  8 0.2227 0.2505 0.5268 
        H491  8 0.3002 0.2818 0.4180 
        H492  8 0.2664 0.2658 0.4678 
        H493  8 0.3088 0.3818 0.3094 
        H494  8 0.3224 0.3114 0.3662 
        H495  8 0.1902 0.3206 0.4892 
        H662  8 0.3047 0.4037 0.2916 
        H663  8 0.3580 0.3168 0.3251 
        H695  8 0.3834 0.2719 0.3447 
       H7367  8 0.4604 0.3363 0.2033 
       H7368  8 0.3531 0.3954 0.2514 
       H7369  8 0.4655 0.2551 0.2794 
       H7370  8 0.3998 0.3783 0.2219 
       H7371  8 0.4176 0.2807 0.3017 
        H600  9 0.2752 0.2712 0.4536 
        H648  9 0.2948 0.3957 0.3095 
        H696  9 0.2715 0.5386 0.1900 
        H697  9 0.4136 0.3042 0.2822 
        H698  9 0.3920 0.3606 0.2474 
        H699  9 0.3427 0.3534 0.3038 
        H700  9 0.3022 0.2503 0.4475 
        H732  9 0.2270 0.2789 0.4941 
        H733  9 0.4525 0.3270 0.2205 
        H734  9 0.2950 0.4793 0.2257 
        H735  9 0.3459 0.3916 0.2625 
        H736  9 0.3014 0.3412 0.3574 
        H737  9 0.3727 0.2843 0.3429 
        H905  9 0.3639 0.2365 0.3996 
        H921  9 0.3959 0.2348 0.3694 
        H922  9 0.4170 0.3734 0.2097 
     H169705 10 0.3855 0.3370 0.2775 
     H171942 10 0.3125 0.5023 0.1852 
     H171943 10 0.2891 0.3839 0.3270 
     H171944 10 0.3848 0.2865 0.3287 
     H171946 10 0.2163 0.3169 0.4668 
     H171947 10 0.3702 0.3556 0.2743 
     H229641 10 0.3261 0.3307 0.3432 
      H30001 10 0.3754 0.2943 0.3303 
      H30002 10 0.3590 0.3219 0.3192 
      H30005 10 0.3898 0.3388 0.2715 
      H30006 10 0.3212 0.4373 0.2416 
      H30007 10 0.2553 0.5495 0.1952 
        H451 10 0.3824 0.3935 0.2240 
        H452 10 0.3477 0.3605 0.2917 
        H453 10 0.2253 0.2708 0.5038 
        H473 10 0.3248 0.3096 0.3656 
        H474 10 0.1752 0.2407 0.5841 
        H486 10 0.3169 0.2823 0.4008 
        H487 10 0.3263 0.2606 0.4131 
        H488 10 0.4260 0.2411 0.3329 
        H489 10 0.2780 0.2158 0.5062 
        H550 10 0.2601 0.4660 0.2738 
        H551 10 0.4063 0.2523 0.3414 
        H553 10 0.2638 0.2715 0.4646 
        H554 10 0.3576 0.3878 0.2546 
        H556 10 0.2684 0.3792 0.3524 
        H580 10 0.3952 0.3296 0.2752 
        H591 10 0.2498 0.1953 0.5549 
        H592 10 0.3028 0.2812 0.4160 
        H593 10 0.3437 0.3674 0.2889 
        H594 10 0.3608 0.4646 0.1746 
        H627 10 0.2497 0.3721 0.3783 
        H628 10 0.5299 0.3040 0.1661 
        H629 10 0.2397 0.4043 0.3560 
        H630 10 0.2889 0.3562 0.3550 
        H638 10 0.3530 0.3609 0.2861 
        H639 10 0.2256 0.3047 0.4697 
        H640 10 0.3152 0.4252 0.2596 
        H704 10 0.3374 0.4289 0.2337 
        H705 10 0.4001 0.3206 0.2792 
        H706 10 0.3919 0.2116 0.3965 
        H708 10 0.2339 0.2303 0.5358 
       H7351 10 0.3100 0.3726 0.3173 
       H7352 10 0.3389 0.3150 0.3461 
       H7353 10 0.2615 0.5193 0.2191 
       H7354 10 0.3129 0.2792 0.4079 
       H7365 10 0.2527 0.2226 0.5247 
       H7383 10 0.3558 0.2370 0.4072 
       H7384 10 0.3768 0.2640 0.3592 
       H7385 10 0.2980 0.2570 0.4450 
       H7386 10 0.4131 0.2994 0.2875 
       H7387 10 0.3621 0.3395 0.2984 
       H7388 10 0.4040 0.3147 0.2813 
        H906 10 0.2621 0.3540 0.3839 
        H907 10 0.3033 0.4602 0.2365 
        H908 10 0.3731 0.3121 0.3148 
        H909 10 0.4009 0.2753 0.3238 
       H9552 10 0.3454 0.3567 0.2979 
       H9553 10 0.3289 0.2905 0.3806 
       H9555 10 0.4295 0.2990 0.2716 
       H9575 10 0.2332 0.3044 0.4624 
       H9703 10 0.2433 0.2417 0.5150 
       H9707 10 0.2797 0.2607 0.4595 
       HSAA4 10 0.3889 0.3364 0.2747 
        H001 11 0.3581 0.2944 0.3475 
        H004 11 0.3383 0.3402 0.3214 
        H005 11 0.2920 0.2110 0.4970 
        H006 11 0.3577 0.2922 0.3501 
        H007 11 0.3581 0.2131 0.4288 
        H031 11 0.2643 0.1850 0.5507 
        H074 11 0.2211 0.2576 0.5213 
        H075 11 0.3098 0.2038 0.4863 
        H080 11 0.3011 0.2546 0.4443 
        H086 11 0.3758 0.3069 0.3173 
        H092 11 0.3203 0.2862 0.3934 
        H093 11 0.3392 0.4660 0.1947 
        H094 11 0.2872 0.4050 0.3077 
        H095 11 0.2932 0.2687 0.4381 
        H096 11 0.3821 0.2424 0.3755 
        H099 11 0.3221 0.2865 0.3913 
        H100 11 0.3562 0.4130 0.2309 
        H127 11 0.3766 0.2597 0.3636 
        H136 11 0.2443 0.2214 0.5343 
        H153 11 0.2918 0.4145 0.2937 
        H154 11 0.2183 0.2556 0.5261 
        H155 11 0.5405 0.2700 0.1895 
        H156 11 0.5178 0.3213 0.1609 
        H161 11 0.3084 0.4117 0.2799 
        H162 11 0.3798 0.3999 0.2203 
        H167 11 0.4063 0.3400 0.2537 
        H168 11 0.3915 0.3201 0.2884 
     H169586 11 0.1778 0.4161 0.4061 
     H169738 11 0.5137 0.2779 0.2084 
     H169741 11 0.2477 0.2598 0.4925 
     H171801 11 0.3056 0.4490 0.2454 
     H171810 11 0.2245 0.2780 0.4975 
     H171811 11 0.2021 0.2933 0.5046 
     H171812 11 0.4094 0.2370 0.3536 
     H171820 11 0.2534 0.2686 0.4780 
     H171821 11 0.3930 0.3451 0.2619 
     H171822 11 0.3691 0.3189 0.3120 
     H171823 11 0.1861 0.3524 0.4614 
     H171866 11 0.3897 0.3763 0.2340 
     H171867 11 0.4694 0.2907 0.2399 
     H171967 11 0.3447 0.2129 0.4424 
     H171969 11 0.3543 0.3264 0.3192 
        H172 11 0.3890 0.3154 0.2956 
        H173 11 0.4708 0.2401 0.2891 
        H174 11 0.3105 0.4815 0.2080 
        H196 11 0.4752 0.3086 0.2162 
        H197 11 0.4342 0.3171 0.2487 
        H346 11 0.3856 0.2623 0.3521 
        H355 11 0.3279 0.2840 0.3881 
        H356 11 0.3408 0.2826 0.3767 
        H357 11 0.3122 0.2460 0.4418 
        H358 11 0.4320 0.2506 0.3174 
        H359 11 0.3178 0.3208 0.3614 
        H360 11 0.3772 0.2968 0.3260 
        H361 11 0.4107 0.3208 0.2684 
        H362 11 0.4018 0.4130 0.1852 
        H363 11 0.2870 0.2294 0.4836 
        H364 11 0.3175 0.3481 0.3344 
        H365 11 0.4389 0.3069 0.2542 
        H366 11 0.4622 0.2972 0.2406 
        H367 11 0.2380 0.2555 0.5066 
        H368 11 0.2563 0.4492 0.2945 
        H369 11 0.2805 0.1991 0.5203 
        H370 11 0.3678 0.3593 0.2729 
        H371 11 0.3521 0.3379 0.3100 
        H372 11 0.3846 0.3204 0.2951 
        H373 11 0.3483 0.3319 0.3198 
        H374 11 0.3298 0.2659 0.4043 
        H375 11 0.3630 0.2695 0.3675 
        H376 11 0.3443 0.4035 0.2522 
        H377 11 0.3378 0.2612 0.4010 
        H378 11 0.2773 0.3303 0.3924 
        H379 11 0.3172 0.3678 0.3151 
        H380 11 0.4843 0.2998 0.2159 
        H381 11 0.2133 0.3079 0.4788 
        H382 11 0.4131 0.4180 0.1689 
        H383 11 0.3883 0.3982 0.2135 
        H384 11 0.2699 0.2822 0.4479 
        H385 11 0.2897 0.2963 0.4139 
        H386 11 0.4829 0.2523 0.2647 
        H387 11 0.2153 0.4758 0.3089 
        H388 11 0.4920 0.3148 0.1932 
        H389 11 0.4254 0.2571 0.3175 
        H390 11 0.3671 0.3392 0.2936 
        H391 11 0.2972 0.4242 0.2786 
        H392 11 0.2992 0.2357 0.4651 
        H393 11 0.3280 0.4615 0.2105 
        H394 11 0.2491 0.5301 0.2208 
        H395 11 0.3294 0.2300 0.4406 
        H408 11 0.4348 0.2434 0.3218 
        H412 11 0.1521 0.3012 0.5466 
        H417 11 0.3266 0.2773 0.3962 
        H418 11 0.2349 0.4100 0.3551 
        H429 11 0.4011 0.3177 0.2812 
        H430 11 0.4329 0.3355 0.2316 
        H439 11 0.3690 0.2761 0.3549 
        H440 11 0.2589 0.2274 0.5137 
        H441 11 0.3895 0.3561 0.2545 
        H442 11 0.4112 0.3357 0.2531 
        H446 11 0.3219 0.3552 0.3229 
        H447 11 0.4830 0.2795 0.2375 
        H448 11 0.4703 0.2577 0.2719 
        H534 11 0.2004 0.2631 0.5366 
        H537 11 0.2227 0.2945 0.4828 
        H568 11 0.2169 0.2008 0.5823 
        H569 11 0.4794 0.3398 0.1808 
        H586 11 0.1696 0.4168 0.4136 
        H587 11 0.2322 0.2029 0.5649 
        H588 11 0.2721 0.5021 0.2258 
        H589 11 0.2451 0.2157 0.5392 
        H590 11 0.2949 0.2774 0.4277 
        H601 11 0.4179 0.3787 0.2034 
        H602 11 0.3405 0.2706 0.3889 
        H603 11 0.4795 0.2956 0.2249 
        H610 11 0.3471 0.2721 0.3808 
        H611 11 0.2481 0.2769 0.4750 
        H649 11 0.3141 0.3533 0.3327 
        H650 11 0.2811 0.4622 0.2567 
        H651 11 0.4837 0.2445 0.2718 
        H652 11 0.2763 0.3877 0.3360 
       H7364 11 0.3931 0.3291 0.2777 
       H7366 11 0.4305 0.2524 0.3171 
       H7378 11 0.2469 0.6118 0.1413 
       H7379 11 0.3771 0.3107 0.3122 
        H739 11 0.2654 0.2488 0.4858 
        H740 11 0.3081 0.4238 0.2681 
        H741 11 0.2556 0.2590 0.4853 
        H926 11 0.3077 0.4246 0.2678 
        H927 11 0.4409 0.3073 0.2517 
        H928 11 0.3165 0.3429 0.3406 
       H9560 11 0.2826 0.4036 0.3139 
        H409 12 0.4597 0.3185 0.2218 
        H413 12 0.2342 0.5534 0.2124 
        H419 12 0.4564 0.2726 0.2711 
        H420 12 0.3467 0.2864 0.3668 
        H421 12 0.3803 0.4244 0.1953 
        H435 12 0.3332 0.4290 0.2378 
        H436 12 0.4331 0.2276 0.3394 
        H437 12 0.2309 0.3055 0.4635 
        H445 12 0.4722 0.3022 0.2256 
        H449 12 0.3184 0.4056 0.2760 
        H463 12 0.2714 0.3161 0.4125 
        H464 12 0.2817 0.4980 0.2202 
        H465 12 0.2014 0.4989 0.2998 
        H490 12 0.3005 0.4720 0.2275 
        H561 12 0.3301 0.3669 0.3030 
        H562 12 0.4451 0.2421 0.3128 
        H563 12 0.4117 0.2429 0.3453 
        H570 12 0.3517 0.2207 0.4276 
        H571 12 0.2483 0.4300 0.3216 
        H572 12 0.3078 0.3082 0.3840 
        H573 12 0.4715 0.3101 0.2185 
       H7372 12 0.5067 0.3258 0.1675 
       H7373 12 0.2276 0.5569 0.2155 
       H7374 12 0.3329 0.2712 0.3959 
       H7375 12 0.3386 0.2481 0.4134 
       H7376 12 0.5476 0.2591 0.1933 
       H7377 12 0.2794 0.2723 0.4483 
