        H102  1 0.2617 0.3396 0.3987 
        H103  1 0.4888 0.3249 0.1863 
        H104  1 0.2086 0.3272 0.4642 
        H105  1 0.2842 0.4252 0.2906 
        H106  1 0.3355 0.3039 0.3606 
        H112  1 0.2430 0.3417 0.4153 
        H113  1 0.2555 0.4752 0.2693 
        H114  1 0.2651 0.5258 0.2091 
        H115  1 0.1931 0.4358 0.3711 
        H143  1 0.2926 0.4322 0.2751 
        H144  1 0.4534 0.3602 0.1864 
        H145  1 0.4723 0.3333 0.1944 
        H149  1 0.2498 0.2888 0.4614 
        H150  1 0.3550 0.3358 0.3093 
     H167542  1 0.2606 0.4879 0.2515 
     H169604  1 0.2831 0.4377 0.2792 
     H169607  1 0.3814 0.3949 0.2237 
     H169608  1 0.2704 0.2538 0.4758 
     H169633  1 0.2817 0.5070 0.2113 
     H169688  1 0.4915 0.2406 0.2679 
     H169714  1 0.2868 0.3007 0.4126 
     H171802  1 0.2884 0.2786 0.4329 
     H171805  1 0.3739 0.3578 0.2683 
     H171807  1 0.3279 0.2766 0.3955 
     H171814  1 0.4601 0.3511 0.1888 
     H171816  1 0.3007 0.2973 0.4019 
     H171817  1 0.2556 0.3395 0.4048 
     H171818  1 0.3226 0.3691 0.3083 
     H171819  1 0.2884 0.3592 0.3524 
     H171834  1 0.3093 0.3731 0.3176 
     H171835  1 0.2332 0.2504 0.5164 
     H171836  1 0.4073 0.4395 0.1532 
     H171837  1 0.2421 0.3578 0.4001 
     H171838  1 0.4192 0.3420 0.2388 
     H171839  1 0.2449 0.3701 0.3850 
     H171841  1 0.2813 0.1758 0.5429 
     H171860  1 0.2963 0.4018 0.3019 
     H171861  1 0.3470 0.4911 0.1618 
     H171862  1 0.3253 0.3682 0.3065 
     H171868  1 0.2365 0.4948 0.2687 
     H171869  1 0.4606 0.2836 0.2557 
     H171870  1 0.3864 0.2490 0.3646 
     H171871  1 0.4173 0.3351 0.2477 
     H171872  1 0.2476 0.3704 0.3820 
     H171873  1 0.3880 0.2583 0.3537 
     H171874  1 0.3992 0.3512 0.2496 
     H171875  1 0.3558 0.4818 0.1624 
     H171876  1 0.3400 0.4057 0.2543 
     H171877  1 0.2216 0.4698 0.3086 
     H171878  1 0.3694 0.2184 0.4122 
     H171901  1 0.2947 0.2834 0.4219 
     H171902  1 0.4046 0.2835 0.3119 
     H171903  1 0.3090 0.3921 0.2989 
     H171935  1 0.3724 0.2274 0.4003 
     H171936  1 0.3106 0.4566 0.2328 
     H171940  1 0.2897 0.2982 0.4121 
     H171945  1 0.3832 0.2991 0.3176 
     H171948  1 0.2682 0.3586 0.3732 
     H171949  1 0.2421 0.2435 0.5144 
     H171950  1 0.2363 0.2221 0.5416 
     H171963  1 0.4779 0.2917 0.2304 
     H171964  1 0.5118 0.2538 0.2344 
     H171966  1 0.3697 0.2987 0.3316 
     H171968  1 0.3394 0.2889 0.3717 
     H171971  1 0.3934 0.2672 0.3394 
     H171972  1 0.4522 0.3375 0.2103 
     H171977  1 0.4671 0.3077 0.2252 
     H171978  1 0.3170 0.2520 0.4310 
     H171979  1 0.4149 0.3900 0.1952 
        H176  1 0.3116 0.4064 0.2820 
        H177  1 0.2135 0.2622 0.5243 
        H179  1 0.2055 0.3563 0.4382 
        H181  1 0.4103 0.3550 0.2346 
        H182  1 0.4049 0.4119 0.1832 
        H183  1 0.4956 0.2579 0.2465 
        H184  1 0.2718 0.3330 0.3952 
        H185  1 0.3820 0.3975 0.2205 
        H186  1 0.3797 0.2593 0.3609 
        H187  1 0.3663 0.3219 0.3118 
        H188  1 0.2279 0.3707 0.4014 
        H192  1 0.2437 0.2658 0.4905 
        H193  1 0.4341 0.3469 0.2190 
        H194  1 0.2736 0.3842 0.3423 
        H195  1 0.5291 0.2414 0.2295 
        H199  1 0.4900 0.2669 0.2431 
        H200  1 0.2880 0.3079 0.4040 
        H414  1 0.3835 0.3332 0.2833 
        H415  1 0.3132 0.4517 0.2351 
        H422  1 0.3590 0.2796 0.3614 
        H423  1 0.2002 0.2016 0.5982 
        H424  1 0.4380 0.3481 0.2138 
        H425  1 0.5066 0.2783 0.2151 
        H426  1 0.5336 0.2067 0.2597 
        H443  1 0.4505 0.3173 0.2323 
        H466  1 0.3145 0.3321 0.3534 
        H467  1 0.2485 0.2174 0.5341 
        H472  1 0.3379 0.3342 0.3278 
        H483  1 0.3301 0.4320 0.2379 
        H504  1 0.5075 0.2853 0.2072 
        H505  1 0.2803 0.3053 0.4143 
        H506  1 0.3539 0.3173 0.3288 
        H507  1 0.3950 0.4329 0.1721 
        H508  1 0.3412 0.2558 0.4030 
        H524  1 0.3517 0.4408 0.2075 
        H525  1 0.3943 0.3326 0.2731 
        H526  1 0.2694 0.4774 0.2532 
        H527  1 0.2848 0.2742 0.4410 
        H528  1 0.3858 0.4269 0.1873 
        H529  1 0.4149 0.4021 0.1830 
        H533  1 0.3694 0.4310 0.1996 
        H538  1 0.2787 0.3787 0.3426 
        H539  1 0.4470 0.2739 0.2790 
        H540  1 0.3006 0.3804 0.3190 
        H541  1 0.2667 0.4611 0.2722 
        H558  1 0.5115 0.2343 0.2542 
        H559  1 0.3019 0.3772 0.3209 
        H579  1 0.4078 0.3482 0.2440 
        H584  1 0.4579 0.3094 0.2327 
        H585  1 0.3844 0.3588 0.2568 
        H605  1 0.3198 0.3049 0.3753 
        H606  1 0.2228 0.2800 0.4972 
        H632  1 0.4613 0.3125 0.2262 
        H634  1 0.3867 0.3361 0.2772 
        H671  1 0.2446 0.2452 0.5102 
        H672  1 0.3388 0.3561 0.3051 
        H673  1 0.4222 0.3336 0.2442 
        H689  1 0.3532 0.3957 0.2512 
        H690  1 0.2251 0.3764 0.3985 
        H691  1 0.2637 0.4587 0.2776 
        H692  1 0.4610 0.4022 0.1368 
        H709  1 0.3412 0.3700 0.2888 
        H710  1 0.4369 0.3937 0.1694 
       H7355  1 0.2657 0.5258 0.2084 
       H7356  1 0.3680 0.3211 0.3109 
       H7357  1 0.2451 0.3833 0.3716 
       H7358  1 0.3393 0.4253 0.2354 
       H7380  1 0.3217 0.4225 0.2557 
       H7381  1 0.3436 0.2289 0.4275 
       H7382  1 0.3481 0.3963 0.2556 
        H904  1 0.1657 0.2326 0.6018 
        H923  1 0.3128 0.3124 0.3748 
        H924  1 0.3062 0.3149 0.3789 
        H925  1 0.3006 0.4531 0.2463 
       H9558  1 0.5498 0.2281 0.2221 
        H008  2 0.3108 0.4977 0.1915 
        H021  2 0.2502 0.3271 0.4226 
        H023  2 0.2516 0.3054 0.4430 
        H024  2 0.4462 0.3753 0.1785 
        H025  2 0.3453 0.2360 0.4186 
        H026  2 0.5094 0.2962 0.1944 
        H027  2 0.2900 0.4394 0.2707 
        H028  2 0.3960 0.3521 0.2519 
        H029  2 0.3609 0.4232 0.2159 
        H030  2 0.4944 0.3158 0.1898 
        H038  2 0.3134 0.2543 0.4323 
        H039  2 0.1557 0.1528 0.6915 
        H040  2 0.2935 0.2482 0.4583 
        H041  2 0.2409 0.4849 0.2742 
        H042  2 0.3084 0.3424 0.3492 
        H043  2 0.3203 0.1703 0.5093 
        H044  2 0.4456 0.3223 0.2321 
        H047  2 0.3543 0.2497 0.3960 
        H050  2 0.4185 0.3583 0.2232 
        H058  2 0.3493 0.2450 0.4056 
        H062  2 0.2684 0.3176 0.4140 
        H063  2 0.2457 0.2730 0.4813 
        H065  2 0.4357 0.2361 0.3282 
        H066  2 0.4307 0.2921 0.2772 
        H067  2 0.3143 0.4337 0.2519 
        H068  2 0.2876 0.2224 0.4899 
        H069  2 0.4300 0.2714 0.2985 
        H071  2 0.2752 0.2983 0.4264 
        H072  2 0.2092 0.2441 0.5466 
        H073  2 0.3887 0.3572 0.2540 
        H081  2 0.2201 0.4473 0.3325 
        H082  2 0.4524 0.3609 0.1867 
        H083  2 0.4868 0.2929 0.2203 
        H084  2 0.3334 0.3246 0.3420 
        H085  2 0.2407 0.4939 0.2654 
        H087  2 0.2290 0.4761 0.2950 
        H088  2 0.2341 0.3313 0.4346 
        H089  2 0.2845 0.4454 0.2700 
        H090  2 0.3932 0.3965 0.2103 
        H091  2 0.3090 0.5000 0.1909 
        H098  2 0.3223 0.4141 0.2637 
      H10001  2 0.1468 0.1479 0.7053 
      H10002  2 0.2265 0.3387 0.4348 
        H101  2 0.4415 0.3285 0.2300 
        H108  2 0.2097 0.3152 0.4751 
        H109  2 0.3415 0.3013 0.3572 
        H110  2 0.2504 0.5221 0.2275 
        H116  2 0.4243 0.3344 0.2413 
        H117  2 0.2625 0.5223 0.2152 
        H118  2 0.4066 0.4214 0.1720 
        H119  2 0.2580 0.3432 0.3988 
        H120  2 0.1691 0.2537 0.5772 
        H121  2 0.3457 0.4388 0.2155 
        H125  2 0.1544 0.1566 0.6890 
        H126  2 0.4461 0.2713 0.2826 
        H128  2 0.5273 0.3572 0.1155 
        H129  2 0.5373 0.2720 0.1906 
        H130  2 0.3434 0.1887 0.4679 
        H133  2 0.2565 0.1891 0.5544 
        H134  2 0.6082 0.2150 0.1768 
        H135  2 0.2645 0.4105 0.3250 
        H137  2 0.3334 0.3770 0.2896 
        H138  2 0.4923 0.2923 0.2154 
        H140  2 0.3430 0.3631 0.2939 
        H146  2 0.3858 0.3842 0.2300 
        H147  2 0.2658 0.5028 0.2314 
        H148  2 0.2173 0.5394 0.2433 
     H166022  2 0.3403 0.4628 0.1969 
     H167359  2 0.3587 0.3397 0.3016 
     H167397  2 0.3873 0.4815 0.1312 
     H167428  2 0.3390 0.5108 0.1502 
     H167496  2 0.1907 0.2887 0.5206 
     H167513  2 0.3921 0.2796 0.3283 
     H167545  2 0.4938 0.2949 0.2114 
     H167547  2 0.5197 0.3000 0.1803 
     H169621  2 0.3917 0.3969 0.2114 
     H169622  2 0.4078 0.3761 0.2161 
     H169750  2 0.3908 0.2143 0.3948 
     H171806  2 0.3537 0.2946 0.3517 
     H171808  2 0.3639 0.3646 0.2715 
     H171809  2 0.2593 0.4127 0.3280 
     H171813  2 0.3969 0.2731 0.3300 
     H171815  2 0.2724 0.1892 0.5383 
     H171824  2 0.1965 0.3676 0.4359 
     H171825  2 0.3737 0.3497 0.2767 
     H171826  2 0.2677 0.3847 0.3476 
     H171827  2 0.3195 0.3377 0.3428 
     H171828  2 0.1552 0.2404 0.6044 
     H171829  2 0.4312 0.2483 0.3205 
     H171830  2 0.3085 0.3697 0.3217 
     H171831  2 0.4613 0.3514 0.1873 
     H171832  2 0.4222 0.3161 0.2618 
     H171863  2 0.5548 0.2806 0.1646 
     H171864  2 0.2803 0.4242 0.2954 
     H171865  2 0.2722 0.2245 0.5032 
     H171879  2 0.3542 0.3590 0.2868 
     H171880  2 0.3370 0.4255 0.2374 
     H171881  2 0.3156 0.4146 0.2699 
     H171882  2 0.1823 0.1921 0.6256 
     H171929  2 0.3096 0.4080 0.2825 
     H171930  2 0.5025 0.3122 0.1853 
     H171933  2 0.3292 0.3944 0.2764 
     H171934  2 0.2843 0.4385 0.2772 
     H171937  2 0.4922 0.2733 0.2345 
     H171962  2 0.3433 0.3823 0.2744 
        H190  2 0.3696 0.3720 0.2584 
        H191  2 0.3417 0.3160 0.3423 
        H396  2 0.2764 0.3822 0.3414 
        H397  2 0.3533 0.3635 0.2833 
        H398  2 0.3815 0.2811 0.3374 
        H400  2 0.2949 0.4072 0.2979 
        H401  2 0.4525 0.4047 0.1428 
        H402  2 0.3393 0.4541 0.2066 
        H427  2 0.2549 0.4518 0.2933 
        H428  2 0.3235 0.5271 0.1494 
        H497  2 0.3371 0.2532 0.4097 
        H512  2 0.3149 0.3880 0.2971 
        H513  2 0.3889 0.2868 0.3242 
        H514  2 0.4659 0.2638 0.2702 
        H519  2 0.3530 0.3138 0.3333 
        H532  2 0.2939 0.4896 0.2164 
        H543  2 0.3158 0.4658 0.2185 
        H544  2 0.4803 0.2118 0.3079 
        H545  2 0.5324 0.2707 0.1968 
        H546  2 0.3086 0.2210 0.4705 
        H547  2 0.5197 0.3052 0.1751 
        H548  2 0.2823 0.4453 0.2724 
        H549  2 0.4582 0.2498 0.2921 
        H620  2 0.1810 0.2039 0.6151 
        H623  2 0.4867 0.2706 0.2428 
        H624  2 0.4200 0.1785 0.4015 
        H625  2 0.3259 0.3902 0.2839 
        H626  2 0.3120 0.3598 0.3282 
        H654  2 0.1862 0.1438 0.6700 
        H655  2 0.3107 0.2713 0.4180 
        H656  2 0.1917 0.2176 0.5907 
        H666  2 0.2327 0.1714 0.5959 
        H667  2 0.3147 0.4157 0.2696 
        H677  2 0.3359 0.4049 0.2593 
        H693  2 0.1874 0.3213 0.4914 
        H694  2 0.4359 0.3185 0.2455 
        H701  2 0.3596 0.4028 0.2376 
        H702  2 0.2808 0.3397 0.3795 
        H731  2 0.2603 0.3242 0.4155 
       H7359  2 0.3494 0.3491 0.3015 
       H7389  2 0.3684 0.3482 0.2834 
       H7390  2 0.2346 0.2246 0.5408 
       H7391  2 0.1982 0.5474 0.2544 
       H7392  2 0.3669 0.2716 0.3615 
       H7393  2 0.2943 0.3126 0.3931 
       H7398  2 0.2347 0.4892 0.2761 
       H7399  2 0.3763 0.3959 0.2278 
       H7400  2 0.1834 0.1715 0.6452 
        H745  2 0.5440 0.2569 0.1991 
        H746  2 0.3853 0.3909 0.2238 
        H747  2 0.2566 0.2617 0.4817 
        H748  2 0.3303 0.3422 0.3275 
       H7484  2 0.2237 0.2293 0.5471 
       H7485  2 0.4228 0.2754 0.3018 
        H749  2 0.3976 0.3592 0.2432 
        H930  2 0.4712 0.3386 0.1902 
        H931  2 0.2972 0.4034 0.2994 
        H932  2 0.3421 0.3493 0.3087 
        H111  3 0.4675 0.3132 0.2193 
        H951  3 0.3890 0.3913 0.2197 
        H952  3 0.4165 0.2858 0.2977 
        H953  3 0.2877 0.4825 0.2298 
        H954  3 0.2421 0.2287 0.5291 
        H955  3 0.4491 0.3451 0.2058 
        H956  3 0.2850 0.3509 0.3641 
       H9563  3 0.2453 0.3903 0.3644 
        H002  4 0.3327 0.2038 0.4635 
        H003  4 0.3479 0.4222 0.2299 
        H009  4 0.4904 0.2623 0.2474 
        H010  4 0.3272 0.3995 0.2733 
        H011  4 0.1950 0.2316 0.5735 
        H012  4 0.2651 0.5117 0.2232 
        H013  4 0.2353 0.3718 0.3929 
        H014  4 0.3462 0.3399 0.3139 
        H045  4 0.2228 0.3835 0.3937 
        H046  4 0.4114 0.3660 0.2226 
        H051  4 0.2122 0.3271 0.4606 
        H052  4 0.3465 0.2365 0.4170 
        H053  4 0.2954 0.3103 0.3943 
        H056  4 0.2870 0.2372 0.4758 
        H076  4 0.4125 0.3743 0.2131 
        H151  4 0.2538 0.1840 0.5621 
        H152  4 0.3323 0.2354 0.4323 
     H171803  4 0.2683 0.2730 0.4588 
     H171804  4 0.2441 0.3435 0.4124 
     H171833  4 0.5151 0.2560 0.2289 
     H171855  4 0.2789 0.1800 0.5411 
     H171856  4 0.3265 0.3356 0.3380 
     H171857  4 0.3072 0.2347 0.4581 
     H171858  4 0.3404 0.3457 0.3139 
     H171859  4 0.3238 0.3171 0.3592 
     H171961  4 0.2530 0.2897 0.4573 
        H198  4 0.4054 0.4188 0.1757 
      H20001  4 0.5251 0.2283 0.2465 
        H403  4 0.3458 0.2846 0.3696 
        H404  4 0.3146 0.4444 0.2410 
        H405  4 0.3571 0.4326 0.2103 
        H406  4 0.4812 0.2507 0.2680 
        H407  4 0.2813 0.3528 0.3659 
        H410  4 0.3415 0.4762 0.1824 
        H411  4 0.4665 0.2985 0.2350 
        H468  4 0.4807 0.2124 0.3070 
        H476  4 0.3708 0.2602 0.3690 
        H477  4 0.5428 0.2424 0.2148 
        H478  4 0.3444 0.4225 0.2331 
        H479  4 0.2617 0.3419 0.3964 
        H480  4 0.4670 0.3283 0.2047 
        H498  4 0.3760 0.3229 0.3010 
        H499  4 0.3415 0.3318 0.3267 
        H500  4 0.2154 0.2702 0.5144 
        H515  4 0.2773 0.3348 0.3879 
        H516  4 0.3716 0.2861 0.3424 
        H517  4 0.3590 0.3535 0.2875 
        H518  4 0.3698 0.2231 0.4071 
        H520  4 0.3108 0.2428 0.4463 
        H521  4 0.3292 0.3882 0.2826 
        H522  4 0.3253 0.2779 0.3968 
        H523  4 0.3290 0.3178 0.3532 
        H536  4 0.3376 0.3736 0.2888 
        H645  4 0.2127 0.3843 0.4030 
        H646  4 0.4479 0.3475 0.2046 
        H647  4 0.3946 0.3012 0.3042 
        H657  4 0.3759 0.4000 0.2241 
        H658  4 0.3095 0.3396 0.3509 
        H659  4 0.1980 0.1700 0.6319 
        H660  4 0.3223 0.2987 0.3790 
        H661  4 0.2817 0.2179 0.5004 
        H668  4 0.2863 0.5036 0.2101 
        H669  4 0.2704 0.3856 0.3440 
        H670  4 0.2161 0.4338 0.3501 
        H678  4 0.3258 0.3541 0.3201 
        H679  4 0.3765 0.4044 0.2191 
        H680  4 0.3966 0.2876 0.3158 
        H681  4 0.2628 0.3430 0.3942 
        H682  4 0.3037 0.4282 0.2682 
        H683  4 0.3874 0.1990 0.4135 
        H718  4 0.2515 0.2294 0.5191 
        H719  4 0.2450 0.3747 0.3803 
        H720  4 0.3726 0.2398 0.3876 
        H721  4 0.3820 0.2362 0.3818 
        H722  4 0.4172 0.1830 0.3998 
        H723  4 0.2125 0.3461 0.4413 
        H724  4 0.2134 0.2136 0.5730 
        H725  4 0.2510 0.1940 0.5550 
        H726  4 0.2608 0.2840 0.4552 
        H727  4 0.2244 0.3483 0.4272 
        H910  4 0.2473 0.3497 0.4030 
        H911  4 0.3872 0.3608 0.2520 
        H912  4 0.3536 0.2855 0.3609 
        H913  4 0.2914 0.2856 0.4230 
        H914  4 0.1910 0.3412 0.4678 
        H915  4 0.3121 0.3287 0.3592 
        H916  4 0.4471 0.2627 0.2902 
       H9572  4 0.3321 0.2883 0.3797 
        H015  5 0.4484 0.3145 0.2372 
        H016  5 0.4789 0.2850 0.2361 
        H017  5 0.4334 0.2407 0.3259 
        H019  5 0.3941 0.3152 0.2907 
        H020  5 0.3115 0.3084 0.3801 
        H032  5 0.3386 0.3012 0.3602 
        H033  5 0.3050 0.4333 0.2617 
        H034  5 0.2156 0.3531 0.4313 
        H035  5 0.3556 0.3276 0.3168 
        H036  5 0.3632 0.3711 0.2657 
        H037  5 0.2636 0.2709 0.4655 
        H048  5 0.2183 0.2850 0.4967 
        H049  5 0.4486 0.2581 0.2933 
        H054  5 0.3367 0.3492 0.3141 
        H055  5 0.2825 0.3036 0.4139 
        H057  5 0.4776 0.2128 0.3096 
        H060  5 0.3382 0.2693 0.3925 
        H061  5 0.3370 0.4146 0.2484 
        H064  5 0.3112 0.2876 0.4012 
        H070  5 0.2338 0.3894 0.3768 
        H077  5 0.2529 0.2373 0.5098 
        H078  5 0.3466 0.2267 0.4267 
        H079  5 0.2845 0.4995 0.2160 
        H097  5 0.4604 0.1862 0.3533 
        H107  5 0.1705 0.2130 0.6165 
        H122  5 0.4336 0.2889 0.2775 
        H123  5 0.3897 0.3933 0.2170 
        H124  5 0.3576 0.4167 0.2257 
        H131  5 0.3505 0.4013 0.2482 
        H132  5 0.2906 0.3369 0.3725 
        H141  5 0.2986 0.3035 0.3979 
        H142  5 0.3822 0.3948 0.2230 
        H157  5 0.2482 0.2593 0.4926 
        H158  5 0.5134 0.2804 0.2062 
        H159  5 0.4049 0.3699 0.2253 
        H160  5 0.3693 0.3020 0.3287 
        H163  5 0.3778 0.3671 0.2551 
        H164  5 0.3477 0.3602 0.2921 
        H165  5 0.3077 0.4888 0.2035 
        H166  5 0.4044 0.3301 0.2655 
        H169  5 0.3247 0.3792 0.2961 
     H169613  5 0.3641 0.3072 0.3287 
     H169653  5 0.3583 0.3951 0.2465 
     H169728  5 0.3931 0.3227 0.2842 
     H169742  5 0.2599 0.3896 0.3505 
        H170  5 0.4871 0.2248 0.2881 
        H171  5 0.4762 0.2677 0.2562 
     H171851  5 0.3828 0.3046 0.3126 
     H171852  5 0.3364 0.2309 0.4327 
     H171853  5 0.2603 0.3507 0.3890 
     H171854  5 0.3882 0.3140 0.2977 
     H171938  5 0.2434 0.4383 0.3183 
     H171939  5 0.4467 0.3169 0.2364 
     H171941  5 0.2105 0.2647 0.5248 
     H171965  5 0.4003 0.3663 0.2333 
     H171970  5 0.2019 0.2158 0.5823 
     H171973  5 0.2906 0.4693 0.2400 
     H171974  5 0.2570 0.4173 0.3257 
     H171975  5 0.2726 0.3487 0.3787 
     H171976  5 0.4972 0.2014 0.3014 
        H175  5 0.2439 0.3103 0.4458 
        H178  5 0.3030 0.3285 0.3685 
        H189  5 0.4249 0.3897 0.1855 
        H399  5 0.5033 0.2285 0.2682 
        H416  5 0.2751 0.3667 0.3582 
        H438  5 0.2518 0.4407 0.3075 
        H450  5 0.2640 0.2505 0.4855 
        H455  5 0.1906 0.2525 0.5569 
        H456  5 0.2822 0.4009 0.3169 
        H457  5 0.3333 0.2235 0.4432 
        H458  5 0.2668 0.3110 0.4222 
        H459  5 0.3898 0.4006 0.2096 
        H460  5 0.3366 0.3010 0.3624 
        H461  5 0.4747 0.2487 0.2766 
        H462  5 0.3330 0.4150 0.2520 
        H469  5 0.3130 0.4694 0.2177 
        H470  5 0.3084 0.3160 0.3756 
        H471  5 0.5134 0.2881 0.1984 
        H481  5 0.2115 0.2218 0.5667 
        H482  5 0.2982 0.2915 0.4103 
        H501  5 0.2866 0.3574 0.3560 
        H502  5 0.4550 0.3392 0.2058 
        H503  5 0.3993 0.3394 0.2613 
        H509  5 0.2559 0.2953 0.4488 
        H510  5 0.3556 0.3182 0.3261 
        H511  5 0.4004 0.3566 0.2430 
        H530  5 0.2450 0.3846 0.3704 
        H531  5 0.2902 0.2328 0.4770 
        H564  5 0.3072 0.2795 0.4134 
        H565  5 0.2563 0.1931 0.5505 
        H567  5 0.4071 0.4152 0.1777 
     H568???  5 0.4757 0.3050 0.2192 
        H608  5 0.2656 0.2558 0.4786 
        H609  5 0.2654 0.4549 0.2797 
        H612  5 0.1752 0.2796 0.5452 
        H614  5 0.2821 0.1938 0.5241 
        H615  5 0.3293 0.2085 0.4622 
        H616  5 0.1639 0.2408 0.5954 
        H617  5 0.3224 0.4672 0.2104 
        H618  5 0.2300 0.2824 0.4876 
        H619  5 0.2678 0.4736 0.2586 
        H635  5 0.3304 0.3684 0.3012 
        H636  5 0.2490 0.5018 0.2492 
        H637  5 0.2921 0.3278 0.3802 
        H644  5 0.5685 0.2899 0.1416 
        H711  5 0.4774 0.2550 0.2677 
        H712  5 0.2296 0.3599 0.4104 
       H7360  5 0.3812 0.2772 0.3416 
       H7361  5 0.2714 0.2785 0.4501 
       H7362  5 0.5182 0.3205 0.1613 
       H7363  5 0.3466 0.2774 0.3761 
       H7394  5 0.3947 0.3797 0.2256 
       H7395  5 0.2846 0.3583 0.3571 
       H7396  5 0.3133 0.3515 0.3352 
        H742  5 0.2574 0.3988 0.3438 
        H743  5 0.3186 0.3118 0.3696 
        H744  5 0.2004 0.2773 0.5224 
        H957  5 0.4057 0.2617 0.3326 
        H958  5 0.3590 0.3587 0.2823 
        H959  5 0.2100 0.2940 0.4961 
        H960  5 0.2944 0.3810 0.3246 
      H_PALI  6 0.3637 0.3327 0.3035 
        H581  6 0.3558 0.2508 0.3934 
        H582  6 0.2436 0.1838 0.5726 
        H583  6 0.3378 0.3012 0.3610 
        H595  6 0.4536 0.3583 0.1882 
        H596  6 0.4107 0.4080 0.1813 
        H597  6 0.4449 0.3568 0.1984 
        H598  6 0.2628 0.3853 0.3519 
        H599  6 0.2562 0.2900 0.4539 
        H642  6 0.4671 0.2882 0.2447 
        H643  6 0.2806 0.3924 0.3270 
        H664  6 0.3479 0.1859 0.4662 
        H665  6 0.2359 0.4692 0.2949 
        H674  6 0.5479 0.2780 0.1741 
        H675  6 0.3400 0.2627 0.3973 
        H676  6 0.4129 0.3447 0.2425 
        H686  6 0.3803 0.3130 0.3066 
        H687  6 0.3717 0.3059 0.3224 
        H917  6 0.2923 0.5097 0.1980 
        H918  6 0.3023 0.4103 0.2874 
        H919  6 0.1953 0.2886 0.5161 
        H920  6 0.2897 0.2683 0.4420 
        H631  7 0.2875 0.2727 0.4398 
        H684  7 0.5197 0.2702 0.2101 
        H685  7 0.2771 0.2286 0.4943 
        H713  7 0.2206 0.2296 0.5498 
        H715  7 0.4757 0.2836 0.2406 
        H716  7 0.2968 0.3069 0.3964 
        H717  7 0.3057 0.3010 0.3933 
        H729  7 0.2842 0.5199 0.1959 
        H730  7 0.2364 0.4303 0.3333 
        H431  8 0.2613 0.3260 0.4128 
        H432  8 0.4623 0.3477 0.1901 
        H433  8 0.2991 0.4318 0.2691 
        H434  8 0.3452 0.3881 0.2667 
        H444  8 0.2622 0.4487 0.2891 
        H454  8 0.2073 0.2623 0.5304 
        H475  8 0.2348 0.2288 0.5364 
        H491  8 0.2955 0.2721 0.4324 
        H492  8 0.2721 0.2624 0.4655 
        H493  8 0.4135 0.3131 0.2735 
        H494  8 0.3016 0.3322 0.3662 
        H495  8 0.3340 0.1760 0.4900 
        H662  8 0.4279 0.2811 0.2910 
        H663  8 0.3118 0.3535 0.3347 
        H695  8 0.2815 0.3617 0.3569 
       H7367  8 0.3422 0.4668 0.1910 
       H7368  8 0.3987 0.3585 0.2428 
       H7369  8 0.2574 0.4404 0.3022 
       H7370  8 0.4177 0.3979 0.1844 
       H7371  8 0.2928 0.4227 0.2845 
        H600  9 0.2749 0.2672 0.4578 
        H648  9 0.3499 0.3085 0.3416 
        H696  9 0.5810 0.2518 0.1672 
        H697  9 0.3197 0.3924 0.2878 
        H698  9 0.3641 0.3812 0.2547 
        H699  9 0.3252 0.3533 0.3215 
        H700  9 0.2423 0.3032 0.4545 
        H732  9 0.2899 0.2119 0.4982 
        H733  9 0.3370 0.4392 0.2239 
        H734  9 0.4584 0.3314 0.2102 
        H735  9 0.4034 0.3416 0.2550 
        H736  9 0.3480 0.3041 0.3479 
        H737  9 0.2752 0.3524 0.3724 
        H905  9 0.2357 0.3587 0.4057 
        H921  9 0.2378 0.3616 0.4007 
        H922  9 0.3602 0.4439 0.1959 
     H169705 10 0.3397 0.4048 0.2555 
     H171942 10 0.4455 0.3583 0.1962 
     H171943 10 0.4024 0.3034 0.2941 
     H171944 10 0.2906 0.3855 0.3238 
     H171946 10 0.3615 0.2050 0.4335 
     H171947 10 0.3752 0.3592 0.2656 
     H229641 10 0.3447 0.2988 0.3565 
      H30001 10 0.2741 0.3789 0.3470 
      H30002 10 0.2966 0.3799 0.3234 
      H30005 10 0.3514 0.3905 0.2580 
      H30006 10 0.4232 0.3405 0.2363 
      H30007 10 0.5714 0.2478 0.1808 
        H451 10 0.3591 0.4197 0.2212 
        H452 10 0.4022 0.3309 0.2669 
        H453 10 0.2883 0.2135 0.4982 
        H473 10 0.3037 0.3166 0.3797 
        H474 10 0.2623 0.1697 0.5680 
        H486 10 0.2732 0.2999 0.4269 
        H487 10 0.2816 0.3152 0.4032 
        H488 10 0.2339 0.4185 0.3476 
        H489 10 0.2277 0.2850 0.4873 
        H550 10 0.5027 0.2614 0.2359 
        H551 10 0.2553 0.4053 0.3394 
        H553 10 0.2976 0.2585 0.4439 
        H554 10 0.3919 0.3463 0.2618 
        H556 10 0.3957 0.2525 0.3517 
        H580 10 0.3332 0.4086 0.2582 
        H591 10 0.1994 0.2265 0.5741 
        H592 10 0.2773 0.3339 0.3888 
        H593 10 0.3752 0.3390 0.2858 
        H594 10 0.4812 0.3567 0.1621 
        H627 10 0.3749 0.2511 0.3740 
        H628 10 0.3083 0.5299 0.1618 
        H629 10 0.4159 0.2462 0.3379 
        H630 10 0.3790 0.2987 0.3223 
        H638 10 0.3545 0.3694 0.2760 
        H639 10 0.3102 0.2073 0.4825 
        H640 10 0.4190 0.3380 0.2430 
        H704 10 0.4689 0.3097 0.2214 
        H705 10 0.3152 0.4289 0.2559 
        H706 10 0.1955 0.3741 0.4305 
        H708 10 0.2356 0.2178 0.5466 
       H7351 10 0.3958 0.3108 0.2934 
       H7352 10 0.3246 0.3394 0.3360 
       H7353 10 0.5136 0.2711 0.2153 
       H7354 10 0.2624 0.3232 0.4144 
       H7365 10 0.2150 0.2463 0.5387 
       H7383 10 0.2318 0.3579 0.4103 
       H7384 10 0.2620 0.3723 0.3656 
       H7385 10 0.2441 0.3207 0.4352 
       H7386 10 0.2930 0.4156 0.2914 
       H7387 10 0.3453 0.3845 0.2702 
       H7388 10 0.3186 0.3982 0.2832 
        H906 10 0.3315 0.2290 0.4395 
        H907 10 0.4017 0.3658 0.2325 
        H908 10 0.2864 0.3937 0.3200 
        H909 10 0.2668 0.3889 0.3443 
       H9552 10 0.3547 0.3428 0.3026 
       H9553 10 0.3178 0.3184 0.3638 
       H9555 10 0.2915 0.4637 0.2448 
       H9575 10 0.3074 0.2257 0.4669 
       H9703 10 0.2400 0.2313 0.5286 
       H9707 10 0.2642 0.2723 0.4635 
       HSAA4 10 0.3335 0.4081 0.2584 
        H001 11 0.2828 0.3538 0.3633 
        H004 11 0.3367 0.3545 0.3088 
        H005 11 0.2029 0.2774 0.5197 
        H006 11 0.2816 0.3822 0.3363 
        H007 11 0.1974 0.3255 0.4771 
        H031 11 0.1887 0.2460 0.5653 
        H074 11 0.2765 0.2235 0.5000 
        H075 11 0.1986 0.2979 0.5035 
        H080 11 0.2348 0.3186 0.4466 
        H086 11 0.3178 0.3715 0.3107 
        H092 11 0.2648 0.3386 0.3966 
        H093 11 0.4831 0.3287 0.1882 
        H094 11 0.4031 0.3180 0.2788 
        H095 11 0.2627 0.2767 0.4606 
        H096 11 0.2371 0.3841 0.3788 
        H099 11 0.2738 0.3251 0.4011 
        H100 11 0.4053 0.3871 0.2076 
        H127 11 0.2843 0.3427 0.3729 
        H136 11 0.2392 0.2308 0.5300 
        H153 11 0.3984 0.3086 0.2930 
        H154 11 0.2601 0.2338 0.5061 
        H155 11 0.2745 0.5427 0.1828 
        H156 11 0.3187 0.5240 0.1573 
        H161 11 0.4180 0.2937 0.2883 
        H162 11 0.3827 0.4086 0.2087 
        H167 11 0.3130 0.4268 0.2601 
        H168 11 0.3131 0.4120 0.2749 
     H169586 11 0.4428 0.1711 0.3862 
     H169738 11 0.2702 0.5025 0.2273 
     H169741 11 0.2885 0.2519 0.4596 
     H171801 11 0.4648 0.2966 0.2386 
     H171810 11 0.2966 0.2218 0.4816 
     H171811 11 0.2828 0.1977 0.5195 
     H171812 11 0.2391 0.3942 0.3667 
     H171820 11 0.2429 0.2420 0.5151 
     H171821 11 0.3254 0.4091 0.2655 
     H171822 11 0.3321 0.3801 0.2879 
     H171823 11 0.3378 0.1623 0.4999 
     H171866 11 0.3799 0.3889 0.2313 
     H171867 11 0.2599 0.5112 0.2289 
     H171967 11 0.2218 0.3010 0.4771 
     H171969 11 0.3227 0.3466 0.3307 
        H172 11 0.2921 0.4047 0.3033 
        H173 11 0.2334 0.4907 0.2758 
        H174 11 0.4726 0.3419 0.1855 
        H196 11 0.3233 0.4653 0.2115 
        H197 11 0.3034 0.4505 0.2461 
        H346 11 0.2649 0.3682 0.3669 
        H355 11 0.2937 0.3146 0.3917 
        H356 11 0.2860 0.3215 0.3926 
        H357 11 0.2301 0.3160 0.4539 
        H358 11 0.2397 0.4388 0.3215 
        H359 11 0.3350 0.3185 0.3466 
        H360 11 0.2735 0.4040 0.3225 
        H361 11 0.2967 0.4217 0.2816 
        H362 11 0.3904 0.4287 0.1809 
        H363 11 0.2237 0.3034 0.4729 
        H364 11 0.3541 0.3040 0.3419 
        H365 11 0.3330 0.3901 0.2769 
        H366 11 0.3327 0.4297 0.2377 
        H367 11 0.2590 0.2245 0.5165 
        H368 11 0.4873 0.2627 0.2500 
        H369 11 0.1910 0.2718 0.5372 
        H370 11 0.3672 0.3804 0.2524 
        H371 11 0.3447 0.3450 0.3103 
        H372 11 0.3337 0.3765 0.2898 
        H373 11 0.3117 0.3601 0.3282 
        H374 11 0.2642 0.3386 0.3973 
        H375 11 0.2454 0.3649 0.3897 
        H376 11 0.3885 0.3593 0.2522 
        H377 11 0.2871 0.3541 0.3588 
        H378 11 0.3301 0.2889 0.3809 
        H379 11 0.3613 0.3357 0.3031 
        H380 11 0.2993 0.4902 0.2105 
        H381 11 0.3058 0.2053 0.4890 
        H382 11 0.4053 0.4406 0.1540 
        H383 11 0.3892 0.4102 0.2006 
        H384 11 0.2804 0.2753 0.4443 
        H385 11 0.2835 0.3107 0.4059 
        H386 11 0.2402 0.4950 0.2648 
        H387 11 0.4962 0.2010 0.3028 
        H388 11 0.3468 0.4656 0.1876 
        H389 11 0.2388 0.4024 0.3588 
        H390 11 0.3310 0.3909 0.2781 
        H391 11 0.4576 0.3037 0.2387 
        H392 11 0.2162 0.2983 0.4855 
        H393 11 0.4458 0.3364 0.2178 
        H394 11 0.5351 0.2374 0.2275 
        H395 11 0.2308 0.3089 0.4604 
        H408 11 0.2434 0.4221 0.3345 
        H412 11 0.3325 0.1494 0.5181 
        H417 11 0.2991 0.3097 0.3912 
        H418 11 0.4140 0.2436 0.3424 
        H429 11 0.3089 0.4124 0.2788 
        H430 11 0.3130 0.4550 0.2320 
        H439 11 0.2673 0.3829 0.3497 
        H440 11 0.2374 0.2530 0.5096 
        H441 11 0.3304 0.4222 0.2474 
        H442 11 0.3432 0.4032 0.2536 
        H446 11 0.3624 0.3291 0.3085 
        H447 11 0.2995 0.4777 0.2228 
        H448 11 0.2472 0.4880 0.2647 
        H534 11 0.2548 0.1975 0.5477 
        H537 11 0.2882 0.2119 0.4999 
        H568 11 0.2063 0.2125 0.5812 
        H569 11 0.3413 0.4980 0.1607 
        H586 11 0.4605 0.1597 0.3798 
        H587 11 0.2034 0.2141 0.5825 
        H588 11 0.5208 0.2819 0.1973 
        H589 11 0.2118 0.2367 0.5515 
        H590 11 0.2728 0.2541 0.4732 
        H601 11 0.3834 0.4267 0.1899 
        H602 11 0.2609 0.3420 0.3971 
        H603 11 0.2648 0.4984 0.2368 
        H610 11 0.2905 0.3428 0.3667 
        H611 11 0.2920 0.2653 0.4428 
        H649 11 0.3492 0.3197 0.3311 
        H650 11 0.4509 0.3137 0.2354 
        H651 11 0.2479 0.4644 0.2877 
        H652 11 0.3943 0.2780 0.3277 
       H7364 11 0.3091 0.4218 0.2691 
       H7366 11 0.2524 0.4096 0.3380 
       H7378 11 0.6011 0.2695 0.1294 
       H7379 11 0.3171 0.3712 0.3118 
        H739 11 0.2746 0.2620 0.4635 
        H740 11 0.4206 0.3299 0.2495 
        H741 11 0.2711 0.2650 0.4639 
        H926 11 0.4081 0.3345 0.2574 
        H927 11 0.3194 0.4479 0.2327 
        H928 11 0.3660 0.3176 0.3164 
       H9560 11 0.4046 0.3034 0.2920 
        H409 12 0.3012 0.4591 0.2397 
        H413 12 0.5687 0.2335 0.1978 
        H419 12 0.2955 0.4474 0.2570 
        H420 12 0.2877 0.3274 0.3849 
        H421 12 0.4312 0.3901 0.1787 
        H435 12 0.4300 0.3444 0.2256 
        H436 12 0.2403 0.4136 0.3461 
        H437 12 0.2979 0.2284 0.4736 
        H445 12 0.2825 0.4835 0.2340 
        H449 12 0.4305 0.2993 0.2701 
        H463 12 0.3012 0.2797 0.4192 
        H464 12 0.4876 0.3004 0.2120 
        H465 12 0.5020 0.2044 0.2937 
        H490 12 0.4866 0.3119 0.2015 
        H561 12 0.3494 0.3407 0.3099 
        H562 12 0.2293 0.4567 0.3140 
        H563 12 0.2530 0.3882 0.3588 
        H570 12 0.2154 0.3571 0.4275 
        H571 12 0.4343 0.2515 0.3142 
        H572 12 0.3100 0.3114 0.3786 
        H573 12 0.2971 0.4735 0.2294 
       H7372 12 0.3104 0.5265 0.1631 
       H7373 12 0.5663 0.2259 0.2078 
       H7374 12 0.2593 0.3130 0.4277 
       H7375 12 0.2551 0.3194 0.4255 
       H7376 12 0.2514 0.5468 0.2018 
       H7377 12 0.2706 0.2855 0.4439 
