        H102  1 0.0620 0.3056 0.1248 0.3455 0.1622 
        H103  1 0.1296 0.4603 0.0620 0.0647 0.2834 
        H104  1 0.2989 0.0994 0.2914 0.1920 0.1182 
        H105  1 0.1514 0.2094 0.1038 0.3394 0.1961 
        H106  1 0.1574 0.2687 0.2315 0.1581 0.1843 
        H112  1 0.1707 0.1849 0.2216 0.2445 0.1783 
        H113  1 0.5091 0.1156 0.0970 0.1442 0.1340 
        H114  1 0.4896 0.1476 0.0711 0.1652 0.1265 
        H115  1 0.2094 0.1760 0.1317 0.3468 0.1362 
        H143  1 0.1311 0.2248 0.0900 0.3386 0.2155 
        H144  1 0.0861 0.1756 0.0593 0.3130 0.3659 
        H145  1 0.1382 0.3563 0.0574 0.1589 0.2892 
        H149  1 0.1199 0.1388 0.3704 0.2085 0.1624 
        H150  1 0.2252 0.1697 0.1176 0.1425 0.3450 
     H167542  1 0.1822 0.1044 0.0749 0.5323 0.1062 
     H169604  1 0.1731 0.1948 0.1102 0.3479 0.1741 
     H169607  1 0.1482 0.2166 0.1334 0.2205 0.2812 
     H169608  1 0.0937 0.2772 0.2127 0.2332 0.1832 
     H169633  1 0.3964 0.1343 0.0666 0.2324 0.1702 
     H169688  1 0.0747 0.2877 0.2294 0.0948 0.3135 
     H169714  1 0.2389 0.1507 0.2415 0.1781 0.1909 
     H171802  1 0.2345 0.1333 0.3885 0.0999 0.1438 
     H171805  1 0.1298 0.3794 0.1172 0.1308 0.2429 
     H171807  1 0.0916 0.2342 0.2279 0.2408 0.2055 
     H171814  1 0.4433 0.1503 0.1005 0.0829 0.2230 
     H171816  1 0.1755 0.2167 0.2920 0.1338 0.1821 
     H171817  1 0.2162 0.1675 0.2795 0.1912 0.1456 
     H171818  1 0.1858 0.1766 0.1814 0.2578 0.1984 
     H171819  1 0.3088 0.1995 0.1919 0.1342 0.1656 
     H171834  1 0.1061 0.3443 0.0922 0.2372 0.2202 
     H171835  1 0.2684 0.0990 0.3964 0.1247 0.1115 
     H171836  1 0.3100 0.2907 0.0539 0.1269 0.2186 
     H171837  1 0.2564 0.1419 0.1906 0.2605 0.1505 
     H171838  1 0.1673 0.4304 0.0820 0.0948 0.2255 
     H171839  1 0.3209 0.0991 0.2364 0.1917 0.1518 
     H171841  1 0.0654 0.1981 0.4768 0.1095 0.1501 
     H171860  1 0.2697 0.1747 0.1251 0.2504 0.1800 
     H171861  1 0.1923 0.3596 0.0469 0.1979 0.2032 
     H171862  1 0.1544 0.2502 0.1180 0.2369 0.2406 
     H171868  1 0.1100 0.1559 0.0713 0.5404 0.1223 
     H171869  1 0.1227 0.2907 0.1067 0.1230 0.3569 
     H171870  1 0.1088 0.1646 0.3695 0.1228 0.2343 
     H171871  1 0.2871 0.3091 0.0996 0.0807 0.2235 
     H171872  1 0.2649 0.1251 0.2114 0.2564 0.1421 
     H171873  1 0.1471 0.1853 0.3186 0.1170 0.2320 
     H171874  1 0.1030 0.3069 0.1063 0.1929 0.2909 
     H171875  1 0.2629 0.2579 0.0517 0.2128 0.2147 
     H171876  1 0.1380 0.2397 0.0971 0.3005 0.2247 
     H171877  1 0.2259 0.1016 0.0780 0.4989 0.0957 
     H171878  1 0.0770 0.1664 0.3421 0.1515 0.2630 
     H171901  1 0.1557 0.1346 0.4493 0.1115 0.1489 
     H171902  1 0.0982 0.1820 0.2468 0.1866 0.2864 
     H171903  1 0.2381 0.2215 0.1527 0.1357 0.2521 
     H171935  1 0.1147 0.2165 0.3512 0.0900 0.2277 
     H171936  1 0.4169 0.1093 0.1175 0.2131 0.1432 
     H171940  1 0.0806 0.1405 0.1416 0.4845 0.1528 
     H171945  1 0.1238 0.1276 0.3244 0.1538 0.2705 
     H171948  1 0.1535 0.3082 0.1521 0.2128 0.1734 
     H171949  1 0.0875 0.0967 0.3809 0.3058 0.1291 
     H171950  1 0.1026 0.1204 0.5342 0.1286 0.1142 
     H171963  1 0.1754 0.2802 0.1338 0.1150 0.2957 
     H171964  1 0.1268 0.2204 0.0783 0.1246 0.4498 
     H171966  1 0.1277 0.3193 0.1664 0.1504 0.2362 
     H171968  1 0.0768 0.1822 0.2924 0.2167 0.2319 
     H171971  1 0.1689 0.3154 0.1875 0.0893 0.2389 
     H171972  1 0.2035 0.3455 0.0731 0.1117 0.2661 
     H171977  1 0.1672 0.1828 0.1002 0.2137 0.3361 
     H171978  1 0.0885 0.2458 0.3078 0.1392 0.2187 
     H171979  1 0.1947 0.3620 0.0861 0.1217 0.2356 
        H176  1 0.3262 0.1609 0.1037 0.2291 0.1801 
        H177  1 0.0823 0.1443 0.4499 0.1960 0.1275 
        H179  1 0.1863 0.0691 0.3544 0.2782 0.1121 
        H181  1 0.2016 0.2433 0.0858 0.1894 0.2799 
        H182  1 0.1324 0.4549 0.0545 0.1315 0.2268 
        H183  1 0.1336 0.2743 0.1070 0.1476 0.3375 
        H184  1 0.1213 0.2157 0.2090 0.2806 0.1734 
        H185  1 0.2160 0.2309 0.0837 0.2227 0.2467 
        H186  1 0.0650 0.1979 0.1501 0.2308 0.3562 
        H187  1 0.1747 0.2708 0.2562 0.0938 0.2045 
        H188  1 0.2027 0.0725 0.1408 0.4833 0.1007 
        H192  1 0.1018 0.1849 0.3351 0.2193 0.1589 
        H193  1 0.0864 0.3606 0.0713 0.2141 0.2676 
        H194  1 0.2328 0.1820 0.1831 0.2135 0.1886 
        H195  1 0.0766 0.2820 0.1541 0.1032 0.3841 
        H199  1 0.1251 0.1904 0.1722 0.1489 0.3634 
        H200  1 0.2492 0.1432 0.2168 0.1986 0.1921 
        H414  1 0.1584 0.2540 0.2114 0.0981 0.2781 
        H415  1 0.3492 0.2132 0.0941 0.1425 0.2011 
        H422  1 0.1129 0.2029 0.1910 0.1898 0.3033 
        H423  1 0.0693 0.0903 0.6142 0.1321 0.0940 
        H424  1 0.2124 0.2316 0.1394 0.1089 0.3077 
        H425  1 0.1153 0.1293 0.1837 0.1460 0.4257 
        H426  1 0.0865 0.3151 0.1177 0.0942 0.3866 
        H443  1 0.0713 0.1145 0.0636 0.3527 0.3979 
        H466  1 0.1351 0.2234 0.2046 0.2139 0.2230 
        H467  1 0.1133 0.1361 0.4416 0.1556 0.1535 
        H472  1 0.1732 0.1116 0.2349 0.2857 0.1946 
        H483  1 0.1231 0.1709 0.0732 0.4218 0.2109 
        H504  1 0.2016 0.1938 0.1449 0.0978 0.3619 
        H505  1 0.1623 0.1131 0.3047 0.2584 0.1615 
        H506  1 0.1240 0.1972 0.1551 0.2621 0.2617 
        H507  1 0.2260 0.2964 0.0702 0.1767 0.2306 
        H508  1 0.1518 0.1747 0.3801 0.0948 0.1986 
        H524  1 0.4135 0.1452 0.0970 0.1725 0.1718 
        H525  1 0.1347 0.2562 0.0973 0.2585 0.2533 
        H526  1 0.2529 0.0948 0.0735 0.4272 0.1516 
        H527  1 0.0951 0.2369 0.2923 0.1664 0.2094 
        H528  1 0.3194 0.2101 0.0625 0.1769 0.2311 
        H529  1 0.2436 0.1935 0.0686 0.1776 0.3167 
        H533  1 0.2450 0.4243 0.0711 0.0771 0.1824 
        H538  1 0.1641 0.1435 0.1758 0.3432 0.1734 
        H539  1 0.1138 0.3553 0.2460 0.0810 0.2039 
        H540  1 0.1869 0.2358 0.1457 0.2046 0.2270 
        H541  1 0.2737 0.1356 0.1134 0.3269 0.1503 
        H558  1 0.1094 0.4770 0.0997 0.0757 0.2383 
        H559  1 0.0885 0.1697 0.1193 0.3947 0.2277 
        H579  1 0.0894 0.4364 0.0677 0.1683 0.2382 
        H584  1 0.1594 0.2588 0.0930 0.1520 0.3368 
        H585  1 0.2373 0.2104 0.1730 0.1290 0.2502 
        H605  1 0.1257 0.1966 0.2931 0.1754 0.2092 
        H606  1 0.0792 0.0944 0.4349 0.2701 0.1214 
        H632  1 0.1252 0.2075 0.0674 0.2424 0.3575 
        H634  1 0.1318 0.3073 0.1360 0.1649 0.2601 
        H671  1 0.1153 0.0881 0.5504 0.1317 0.1145 
        H672  1 0.4514 0.1210 0.1705 0.0971 0.1601 
        H673  1 0.0856 0.2015 0.0725 0.2958 0.3446 
        H689  1 0.1464 0.1648 0.0803 0.3437 0.2649 
        H690  1 0.2558 0.1962 0.1659 0.2398 0.1423 
        H691  1 0.1538 0.1482 0.1184 0.4116 0.1680 
        H692  1 0.1710 0.2054 0.0420 0.1318 0.4497 
        H709  1 0.2622 0.2798 0.0961 0.1354 0.2265 
        H710  1 0.1767 0.3575 0.0460 0.1232 0.2966 
       H7355  1 0.3301 0.1729 0.0675 0.2750 0.1545 
       H7356  1 0.1215 0.2815 0.1421 0.1723 0.2825 
       H7357  1 0.1309 0.1655 0.2407 0.3296 0.1333 
       H7358  1 0.1499 0.1333 0.0884 0.4689 0.1595 
       H7380  1 0.1248 0.2633 0.0839 0.2915 0.2365 
       H7381  1 0.0964 0.1855 0.2425 0.1491 0.3266 
       H7382  1 0.1471 0.2588 0.1228 0.2088 0.2625 
        H904  1 0.0695 0.0903 0.5151 0.2460 0.0791 
        H923  1 0.1941 0.1405 0.2347 0.2213 0.2094 
        H924  1 0.1201 0.1350 0.2107 0.3296 0.2046 
        H925  1 0.1836 0.0758 0.1050 0.5070 0.1287 
       H9558  1 0.0965 0.4896 0.0867 0.0663 0.2609 
        H008  2 0.2629 0.2666 0.0620 0.2272 0.1813 
        H021  2 0.1393 0.1566 0.2503 0.3004 0.1535 
        H023  2 0.1012 0.1447 0.2526 0.3801 0.1214 
        H024  2 0.5553 0.1377 0.0530 0.0706 0.1834 
        H025  2 0.0940 0.1787 0.2602 0.2099 0.2573 
        H026  2 0.3180 0.1406 0.0744 0.1153 0.3518 
        H027  2 0.3385 0.1112 0.1210 0.2764 0.1529 
        H028  2 0.1747 0.2820 0.0999 0.1836 0.2598 
        H029  2 0.3792 0.1261 0.1115 0.2054 0.1778 
        H030  2 0.2654 0.3415 0.0632 0.0876 0.2424 
        H038  2 0.1210 0.1420 0.4399 0.1574 0.1397 
        H039  2 0.0681 0.0525 0.7219 0.0938 0.0637 
        H040  2 0.1256 0.1038 0.5814 0.0848 0.1044 
        H041  2 0.4079 0.1173 0.0892 0.2674 0.1182 
        H042  2 0.1491 0.1697 0.1763 0.3130 0.1918 
        H043  2 0.0709 0.1736 0.5774 0.0613 0.1168 
        H044  2 0.1920 0.3743 0.0876 0.0891 0.2570 
        H047  2 0.1567 0.2887 0.1903 0.1202 0.2442 
        H050  2 0.4482 0.1907 0.0883 0.0877 0.1850 
        H058  2 0.1443 0.2055 0.3300 0.1100 0.2102 
        H062  2 0.0803 0.0952 0.1868 0.5142 0.1236 
        H063  2 0.1854 0.1573 0.3885 0.1242 0.1446 
        H065  2 0.0827 0.1660 0.1450 0.2138 0.3926 
        H066  2 0.3038 0.2464 0.1769 0.0732 0.1997 
        H067  2 0.1481 0.1710 0.1015 0.3927 0.1868 
        H068  2 0.1078 0.1341 0.4164 0.1963 0.1454 
        H069  2 0.1526 0.1921 0.3034 0.1229 0.2290 
        H071  2 0.1831 0.2066 0.2177 0.1942 0.1983 
        H072  2 0.1524 0.1358 0.4366 0.1534 0.1218 
        H073  2 0.2095 0.1755 0.1711 0.1829 0.2610 
        H081  2 0.2215 0.1461 0.1028 0.3938 0.1360 
        H082  2 0.2149 0.3868 0.0639 0.0963 0.2381 
        H083  2 0.1119 0.4897 0.0590 0.1122 0.2272 
        H084  2 0.2929 0.1347 0.2674 0.1339 0.1711 
        H085  2 0.3618 0.1058 0.0706 0.3394 0.1223 
        H087  2 0.1371 0.1372 0.0768 0.5470 0.1019 
        H088  2 0.1408 0.1677 0.2582 0.2484 0.1848 
        H089  2 0.1809 0.1305 0.1432 0.3697 0.1757 
        H090  2 0.5082 0.1543 0.0667 0.0925 0.1784 
        H091  2 0.5775 0.1097 0.0555 0.1331 0.1241 
        H098  2 0.3815 0.1732 0.1103 0.1781 0.1569 
      H10001  2 0.0513 0.0540 0.7234 0.1061 0.0652 
      H10002  2 0.0993 0.2264 0.2570 0.2695 0.1478 
        H101  2 0.4957 0.1691 0.1069 0.0569 0.1714 
        H108  2 0.0770 0.0916 0.2333 0.4748 0.1233 
        H109  2 0.3467 0.1469 0.2787 0.0637 0.1640 
        H110  2 0.2027 0.2512 0.0712 0.3160 0.1589 
        H116  2 0.2173 0.2542 0.1036 0.1099 0.3149 
        H117  2 0.6673 0.0808 0.0580 0.1122 0.0817 
        H118  2 0.4953 0.1104 0.0512 0.1501 0.1931 
        H119  2 0.3734 0.1258 0.1973 0.1539 0.1496 
        H120  2 0.0816 0.0971 0.3296 0.3949 0.0969 
        H121  2 0.4910 0.1001 0.0643 0.1772 0.1674 
        H125  2 0.0626 0.0576 0.7262 0.0913 0.0623 
        H126  2 0.1108 0.2770 0.0904 0.1411 0.3807 
        H128  2 0.5798 0.1300 0.0368 0.0580 0.1954 
        H129  2 0.1036 0.2722 0.0798 0.1157 0.4287 
        H130  2 0.0561 0.2446 0.3405 0.1378 0.2210 
        H133  2 0.0896 0.1033 0.5604 0.1012 0.1455 
        H134  2 0.1123 0.1773 0.0568 0.0999 0.5538 
        H135  2 0.1783 0.1945 0.1688 0.2583 0.2000 
        H137  2 0.4475 0.1508 0.1656 0.0867 0.1494 
        H138  2 0.0996 0.4031 0.0651 0.1118 0.3204 
        H140  2 0.3853 0.1523 0.1426 0.1386 0.1813 
        H146  2 0.6255 0.0912 0.0854 0.0727 0.1252 
        H147  2 0.3433 0.2132 0.0876 0.1905 0.1654 
        H148  2 0.4624 0.1482 0.0754 0.1969 0.1171 
     H166022  2 0.2815 0.3108 0.0683 0.1356 0.2038 
     H167359  2 0.2258 0.2139 0.1815 0.1282 0.2506 
     H167397  2 0.5101 0.1778 0.0450 0.0853 0.1818 
     H167428  2 0.2297 0.1134 0.0397 0.4583 0.1589 
     H167496  2 0.1780 0.0909 0.3765 0.2376 0.1170 
     H167513  2 0.1790 0.2827 0.2901 0.0725 0.1757 
     H167545  2 0.1256 0.4587 0.0741 0.1051 0.2365 
     H167547  2 0.4864 0.1822 0.0758 0.0433 0.2123 
     H169621  2 0.3212 0.3025 0.0729 0.1107 0.1927 
     H169622  2 0.1280 0.2623 0.1241 0.1722 0.3134 
     H169750  2 0.1126 0.3063 0.2937 0.0813 0.2061 
     H171806  2 0.4546 0.1253 0.1442 0.1243 0.1517 
     H171808  2 0.1246 0.1474 0.1476 0.3542 0.2262 
     H171809  2 0.1370 0.1676 0.1299 0.3855 0.1800 
     H171813  2 0.1389 0.2797 0.1391 0.1792 0.2632 
     H171815  2 0.0899 0.1158 0.5527 0.1155 0.1260 
     H171824  2 0.2197 0.1097 0.2112 0.3526 0.1068 
     H171825  2 0.1112 0.2315 0.1375 0.2359 0.2838 
     H171826  2 0.2475 0.1517 0.1685 0.2535 0.1787 
     H171827  2 0.1322 0.3248 0.2096 0.1503 0.1832 
     H171828  2 0.1100 0.0691 0.4020 0.3388 0.0801 
     H171829  2 0.1592 0.1805 0.2734 0.0794 0.3074 
     H171830  2 0.3157 0.2379 0.1562 0.1175 0.1728 
     H171831  2 0.1966 0.2583 0.0655 0.1855 0.2941 
     H171832  2 0.1087 0.4088 0.0958 0.1290 0.2577 
     H171863  2 0.1786 0.2953 0.0589 0.0848 0.3824 
     H171864  2 0.4443 0.1216 0.1533 0.1484 0.1325 
     H171865  2 0.1514 0.1222 0.4569 0.1292 0.1403 
     H171879  2 0.4892 0.1299 0.1410 0.0804 0.1594 
     H171880  2 0.5915 0.1341 0.0889 0.0654 0.1201 
     H171881  2 0.1627 0.1736 0.0987 0.3543 0.2107 
     H171882  2 0.0721 0.0939 0.5900 0.1591 0.0848 
     H171929  2 0.2620 0.1719 0.1040 0.2803 0.1819 
     H171930  2 0.2564 0.3501 0.0785 0.0693 0.2458 
     H171933  2 0.2804 0.2014 0.1873 0.1406 0.1902 
     H171934  2 0.2542 0.1391 0.1077 0.3559 0.1431 
     H171937  2 0.1482 0.3110 0.0792 0.1135 0.3481 
     H171962  2 0.1412 0.2562 0.0859 0.3131 0.2037 
        H190  2 0.1619 0.2917 0.1300 0.1636 0.2527 
        H191  2 0.2728 0.1417 0.1374 0.2368 0.2112 
        H396  2 0.1706 0.0825 0.1075 0.5213 0.1180 
        H397  2 0.1980 0.2643 0.1567 0.1420 0.2390 
        H398  2 0.1131 0.1212 0.1406 0.3130 0.3120 
        H400  2 0.1648 0.1491 0.1358 0.3904 0.1599 
        H401  2 0.6609 0.1375 0.0416 0.0531 0.1070 
        H402  2 0.2868 0.2957 0.1170 0.1235 0.1770 
        H427  2 0.2005 0.1300 0.0871 0.4426 0.1398 
        H428  2 0.2264 0.0928 0.0395 0.4641 0.1771 
        H497  2 0.1293 0.2245 0.3927 0.0901 0.1634 
        H512  2 0.3889 0.1802 0.1442 0.1112 0.1755 
        H513  2 0.1745 0.2634 0.3136 0.0787 0.1697 
        H514  2 0.0940 0.3684 0.1135 0.1066 0.3175 
        H519  2 0.2020 0.2823 0.2571 0.0884 0.1703 
        H532  2 0.2575 0.1537 0.0669 0.3753 0.1466 
        H543  2 0.2830 0.3084 0.0983 0.1241 0.1863 
        H544  2 0.0672 0.2306 0.1537 0.1376 0.4109 
        H545  2 0.1175 0.5026 0.0651 0.0924 0.2224 
        H546  2 0.0825 0.1360 0.4004 0.2035 0.1776 
        H547  2 0.5103 0.1782 0.0744 0.0481 0.1889 
        H548  2 0.2581 0.1773 0.1527 0.2366 0.1753 
        H549  2 0.1539 0.1732 0.4740 0.0737 0.1252 
        H620  2 0.0725 0.0910 0.5989 0.1579 0.0798 
        H623  2 0.1351 0.3645 0.1009 0.1050 0.2945 
        H624  2 0.0615 0.2513 0.3871 0.0958 0.2043 
        H625  2 0.1772 0.1613 0.0984 0.4014 0.1617 
        H626  2 0.2332 0.1823 0.2770 0.1243 0.1832 
        H654  2 0.0424 0.0669 0.7539 0.0721 0.0647 
        H655  2 0.1052 0.3400 0.2505 0.1294 0.1749 
        H656  2 0.0621 0.0821 0.4999 0.2515 0.1043 
        H666  2 0.1374 0.0709 0.6300 0.0723 0.0893 
        H667  2 0.1510 0.2556 0.1270 0.2578 0.2086 
        H677  2 0.2364 0.2339 0.1061 0.2245 0.1990 
        H693  2 0.0776 0.0973 0.1896 0.5465 0.0889 
        H694  2 0.1614 0.2973 0.1413 0.1229 0.2772 
        H701  2 0.2824 0.2834 0.0904 0.1270 0.2167 
        H702  2 0.1793 0.2819 0.2380 0.1393 0.1615 
        H731  2 0.1459 0.1946 0.2569 0.2440 0.1586 
       H7359  2 0.2151 0.2185 0.1878 0.1310 0.2477 
       H7389  2 0.3637 0.1412 0.1191 0.1962 0.1798 
       H7390  2 0.0963 0.0994 0.5496 0.1125 0.1422 
       H7391  2 0.3412 0.0969 0.0759 0.3941 0.0918 
       H7392  2 0.1320 0.1662 0.2230 0.2355 0.2433 
       H7393  2 0.2031 0.1745 0.3064 0.1457 0.1703 
       H7398  2 0.4037 0.1159 0.0978 0.2620 0.1206 
       H7399  2 0.1854 0.2937 0.0828 0.2132 0.2250 
       H7400  2 0.0485 0.0780 0.6799 0.1101 0.0835 
        H745  2 0.1290 0.1796 0.0624 0.0982 0.5309 
        H746  2 0.1256 0.3203 0.0848 0.1987 0.2706 
        H747  2 0.1774 0.1075 0.5007 0.0931 0.1212 
        H748  2 0.2001 0.2822 0.1983 0.1112 0.2082 
       H7484  2 0.1251 0.0841 0.4912 0.1811 0.1185 
       H7485  2 0.1347 0.2912 0.2393 0.1009 0.2340 
        H749  2 0.1146 0.2865 0.1540 0.2042 0.2407 
        H930  2 0.3196 0.3027 0.0806 0.0786 0.2183 
        H931  2 0.3067 0.1378 0.0972 0.2677 0.1906 
        H932  2 0.4594 0.1251 0.1232 0.1205 0.1718 
        H111  3 0.1752 0.3889 0.0929 0.0834 0.2597 
        H951  3 0.2560 0.2289 0.0842 0.1813 0.2496 
        H952  3 0.3036 0.1642 0.1382 0.1156 0.2784 
        H953  3 0.4155 0.0734 0.0638 0.3481 0.0991 
        H954  3 0.1069 0.1503 0.4976 0.1061 0.1391 
        H955  3 0.1919 0.3752 0.0827 0.0898 0.2604 
        H956  3 0.4177 0.1374 0.2214 0.1023 0.1213 
       H9563  3 0.3602 0.1123 0.1547 0.2384 0.1344 
        H002  4 0.0570 0.2686 0.2548 0.1612 0.2584 
        H003  4 0.1472 0.2984 0.0669 0.2172 0.2703 
        H009  4 0.1111 0.3241 0.1304 0.0973 0.3371 
        H010  4 0.2491 0.1886 0.1114 0.2537 0.1971 
        H011  4 0.0694 0.1090 0.3232 0.3898 0.1086 
        H012  4 0.2118 0.2712 0.0753 0.2419 0.1997 
        H013  4 0.1124 0.2095 0.1761 0.3494 0.1526 
        H014  4 0.1332 0.3206 0.1201 0.1957 0.2303 
        H045  4 0.2667 0.0737 0.1451 0.4158 0.0987 
        H046  4 0.1107 0.2602 0.0708 0.2553 0.3030 
        H051  4 0.1387 0.1431 0.1976 0.3846 0.1360 
        H052  4 0.0981 0.1284 0.3337 0.2208 0.2190 
        H053  4 0.2169 0.1917 0.2539 0.1448 0.1926 
        H056  4 0.1024 0.1880 0.3212 0.1968 0.1915 
        H076  4 0.2488 0.1757 0.0832 0.1736 0.3187 
        H151  4 0.0888 0.1213 0.4819 0.1366 0.1714 
        H152  4 0.0925 0.2006 0.1857 0.2845 0.2368 
     H171803  4 0.1045 0.1673 0.4609 0.1452 0.1220 
     H171804  4 0.1952 0.1553 0.3412 0.1697 0.1386 
     H171833  4 0.0979 0.3449 0.0870 0.1140 0.3562 
     H171855  4 0.0785 0.1132 0.5292 0.1156 0.1635 
     H171856  4 0.3123 0.1357 0.3077 0.0973 0.1469 
     H171857  4 0.1524 0.1412 0.3703 0.1500 0.1861 
     H171858  4 0.1957 0.1747 0.1330 0.2510 0.2456 
     H171859  4 0.1923 0.1671 0.1978 0.2194 0.2235 
     H171961  4 0.1095 0.1634 0.2696 0.2906 0.1669 
        H198  4 0.1344 0.3267 0.0604 0.1723 0.3062 
      H20001  4 0.0950 0.4348 0.0915 0.1020 0.2768 
        H403  4 0.1858 0.1393 0.3261 0.1294 0.2195 
        H404  4 0.1425 0.2743 0.0720 0.2743 0.2369 
        H405  4 0.2596 0.2021 0.0856 0.1683 0.2844 
        H406  4 0.3989 0.1738 0.1547 0.0587 0.2139 
        H407  4 0.3866 0.0847 0.2079 0.1847 0.1361 
        H410  4 0.7179 0.0616 0.0543 0.0849 0.0814 
        H411  4 0.1423 0.3835 0.0744 0.1068 0.2930 
        H468  4 0.1272 0.2439 0.3387 0.0551 0.2350 
        H476  4 0.1444 0.2868 0.3202 0.0693 0.1792 
        H477  4 0.1024 0.3300 0.0977 0.0937 0.3762 
        H478  4 0.1143 0.3624 0.1003 0.2104 0.2127 
        H479  4 0.1330 0.1444 0.2701 0.2683 0.1841 
        H480  4 0.1705 0.4515 0.0834 0.0685 0.2261 
        H498  4 0.1270 0.3377 0.1086 0.1410 0.2857 
        H499  4 0.1170 0.2684 0.1368 0.2686 0.2093 
        H500  4 0.1511 0.1334 0.4873 0.1123 0.1159 
        H515  4 0.1697 0.2348 0.2134 0.1715 0.2106 
        H516  4 0.2247 0.2276 0.1778 0.1122 0.2577 
        H517  4 0.5023 0.1502 0.1208 0.0963 0.1304 
        H518  4 0.0919 0.1304 0.4506 0.1050 0.2221 
        H520  4 0.1170 0.1261 0.5440 0.0808 0.1322 
        H521  4 0.1946 0.1576 0.1251 0.3313 0.1914 
        H522  4 0.1226 0.2674 0.2870 0.1186 0.2044 
        H523  4 0.2607 0.2644 0.1770 0.1125 0.1853 
        H536  4 0.1326 0.1377 0.1190 0.3261 0.2845 
        H645  4 0.1290 0.0919 0.1322 0.5540 0.0930 
        H646  4 0.5140 0.1193 0.0765 0.0839 0.2063 
        H647  4 0.1739 0.1494 0.3100 0.1242 0.2426 
        H657  4 0.4110 0.1750 0.1157 0.0968 0.2015 
        H658  4 0.2696 0.1934 0.2233 0.1159 0.1978 
        H659  4 0.0603 0.1239 0.6481 0.0918 0.0759 
        H660  4 0.1030 0.2652 0.2042 0.1925 0.2352 
        H661  4 0.0734 0.2171 0.3980 0.1460 0.1655 
        H668  4 0.1391 0.2729 0.0744 0.3160 0.1976 
        H669  4 0.2838 0.1475 0.2107 0.1861 0.1719 
        H670  4 0.0873 0.1425 0.0929 0.5557 0.1216 
        H678  4 0.2378 0.2206 0.2079 0.1257 0.2080 
        H679  4 0.4439 0.2065 0.0911 0.0912 0.1672 
        H680  4 0.1757 0.1961 0.2265 0.1390 0.2627 
        H681  4 0.1122 0.2344 0.2013 0.2918 0.1602 
        H682  4 0.3437 0.3048 0.1218 0.0967 0.1329 
        H683  4 0.1631 0.1540 0.3727 0.0910 0.2193 
        H718  4 0.1592 0.0803 0.5092 0.1363 0.1150 
        H719  4 0.1300 0.1228 0.1274 0.5052 0.1146 
        H720  4 0.0778 0.1799 0.3398 0.2145 0.1881 
        H721  4 0.0897 0.1808 0.2829 0.1649 0.2816 
        H722  4 0.1044 0.1386 0.3168 0.0898 0.3504 
        H723  4 0.2522 0.1151 0.2756 0.2254 0.1317 
        H724  4 0.1076 0.0632 0.6041 0.1454 0.0796 
        H725  4 0.0814 0.1006 0.6099 0.0995 0.1086 
        H726  4 0.1829 0.1740 0.3089 0.1602 0.1741 
        H727  4 0.1863 0.1455 0.2194 0.3132 0.1356 
        H910  4 0.2213 0.2008 0.2061 0.2258 0.1459 
        H911  4 0.5405 0.1207 0.1124 0.0820 0.1445 
        H912  4 0.1930 0.2099 0.2793 0.1067 0.2112 
        H913  4 0.2113 0.1491 0.3622 0.1193 0.1582 
        H914  4 0.1616 0.1058 0.3023 0.3299 0.1004 
        H915  4 0.2469 0.2595 0.2172 0.1030 0.1733 
        H916  4 0.2278 0.3098 0.1293 0.0698 0.2632 
       H9572  4 0.1392 0.1906 0.3565 0.1521 0.1616 
        H015  5 0.1222 0.4046 0.0899 0.1524 0.2309 
        H016  5 0.1597 0.1844 0.1071 0.1182 0.4306 
        H017  5 0.1097 0.3081 0.2226 0.0856 0.2740 
        H019  5 0.1226 0.3590 0.1091 0.1793 0.2300 
        H020  5 0.1622 0.1173 0.1541 0.3815 0.1849 
        H032  5 0.2083 0.2404 0.2588 0.1002 0.1923 
        H033  5 0.1498 0.3184 0.1015 0.2327 0.1976 
        H034  5 0.1506 0.1592 0.2209 0.3333 0.1361 
        H035  5 0.2425 0.1888 0.2484 0.1055 0.2149 
        H036  5 0.3145 0.2119 0.1278 0.1448 0.2011 
        H037  5 0.1066 0.1808 0.3459 0.1939 0.1728 
        H048  5 0.1309 0.0825 0.4214 0.2693 0.0959 
        H049  5 0.0944 0.3952 0.1115 0.1272 0.2717 
        H054  5 0.2600 0.1107 0.1532 0.1795 0.2966 
        H055  5 0.0878 0.1731 0.1773 0.3462 0.2156 
        H057  5 0.0652 0.2194 0.1479 0.1081 0.4593 
        H060  5 0.0730 0.2871 0.1356 0.2872 0.2171 
        H061  5 0.1526 0.2021 0.1012 0.3265 0.2175 
        H064  5 0.1059 0.1396 0.2335 0.2746 0.2463 
        H070  5 0.1750 0.2569 0.1375 0.2743 0.1563 
        H077  5 0.0873 0.2100 0.3783 0.1825 0.1418 
        H078  5 0.1363 0.1495 0.4216 0.0911 0.2014 
        H079  5 0.4233 0.1456 0.0896 0.1733 0.1682 
        H097  5 0.0990 0.3713 0.1927 0.0792 0.2578 
        H107  5 0.0711 0.0997 0.4734 0.2736 0.0821 
        H122  5 0.1653 0.2488 0.2104 0.1226 0.2528 
        H123  5 0.4864 0.1496 0.0814 0.0970 0.1856 
        H124  5 0.5130 0.1229 0.0855 0.1210 0.1576 
        H131  5 0.4386 0.1785 0.0809 0.1463 0.1557 
        H132  5 0.1930 0.1322 0.1937 0.3287 0.1524 
        H141  5 0.1200 0.1624 0.3781 0.1875 0.1520 
        H142  5 0.1119 0.4212 0.0778 0.1445 0.2446 
        H157  5 0.1378 0.1359 0.3602 0.2210 0.1451 
        H158  5 0.2142 0.3294 0.0722 0.0643 0.3198 
        H159  5 0.1588 0.2998 0.1042 0.1582 0.2789 
        H160  5 0.1867 0.1870 0.3293 0.0934 0.2036 
        H163  5 0.1779 0.3648 0.0911 0.1482 0.2181 
        H164  5 0.1205 0.4029 0.0933 0.1851 0.1983 
        H165  5 0.3284 0.1500 0.0823 0.2762 0.1631 
        H166  5 0.1062 0.2594 0.0845 0.3183 0.2316 
        H169  5 0.0971 0.3637 0.0953 0.2173 0.2267 
     H169613  5 0.0971 0.3540 0.1083 0.2078 0.2328 
     H169653  5 0.1440 0.3140 0.0715 0.2132 0.2572 
     H169728  5 0.1688 0.2534 0.2384 0.1030 0.2364 
     H169742  5 0.1024 0.0986 0.1375 0.5515 0.1100 
        H170  5 0.0832 0.2942 0.1157 0.1447 0.3622 
        H171  5 0.1358 0.2853 0.0893 0.1349 0.3547 
     H171851  5 0.1024 0.3316 0.1197 0.2071 0.2391 
     H171852  5 0.0958 0.1019 0.5214 0.1189 0.1620 
     H171853  5 0.2270 0.1574 0.2768 0.1659 0.1729 
     H171854  5 0.1518 0.3595 0.1573 0.1116 0.2198 
     H171938  5 0.2192 0.1980 0.1334 0.3043 0.1451 
     H171939  5 0.1787 0.1527 0.1151 0.2751 0.2784 
     H171941  5 0.0640 0.1201 0.1931 0.4811 0.1417 
     H171965  5 0.0811 0.3955 0.0768 0.1555 0.2910 
     H171970  5 0.0731 0.1082 0.3751 0.3293 0.1143 
     H171973  5 0.2429 0.1534 0.1048 0.3286 0.1704 
     H171974  5 0.1643 0.1546 0.1299 0.3785 0.1727 
     H171975  5 0.1536 0.1554 0.1608 0.3771 0.1532 
     H171976  5 0.0833 0.3487 0.1999 0.0996 0.2685 
        H175  5 0.1736 0.1058 0.3179 0.2533 0.1494 
        H178  5 0.1068 0.2315 0.1192 0.3546 0.1878 
        H189  5 0.2765 0.3093 0.0751 0.0939 0.2452 
        H399  5 0.1825 0.1016 0.2621 0.0526 0.4011 
        H416  5 0.1425 0.1702 0.2119 0.2928 0.1826 
        H438  5 0.3093 0.1772 0.1409 0.2218 0.1508 
        H450  5 0.0663 0.2676 0.1863 0.2948 0.1849 
        H455  5 0.0808 0.0946 0.2501 0.4709 0.1035 
        H456  5 0.1733 0.1670 0.1480 0.3493 0.1623 
        H457  5 0.0737 0.1935 0.2549 0.2491 0.2287 
        H458  5 0.1558 0.2197 0.1936 0.2379 0.1931 
        H459  5 0.2677 0.2542 0.0806 0.1195 0.2779 
        H460  5 0.1508 0.2932 0.2782 0.1090 0.1689 
        H461  5 0.1118 0.3635 0.1317 0.0859 0.3070 
        H462  5 0.3816 0.1845 0.0869 0.1741 0.1729 
        H469  5 0.4036 0.2009 0.0740 0.1303 0.1912 
        H470  5 0.1529 0.2486 0.2394 0.1710 0.1882 
        H471  5 0.3397 0.2223 0.1202 0.0528 0.2651 
        H481  5 0.0997 0.0852 0.5327 0.1887 0.0937 
        H482  5 0.1576 0.2105 0.2229 0.1928 0.2161 
        H501  5 0.1557 0.2122 0.2253 0.1972 0.2096 
        H502  5 0.1453 0.4069 0.0696 0.1094 0.2688 
        H503  5 0.2032 0.2815 0.1274 0.1346 0.2533 
        H509  5 0.1840 0.1065 0.3723 0.2058 0.1314 
        H510  5 0.0692 0.3178 0.0811 0.3154 0.2165 
        H511  5 0.1367 0.3496 0.0839 0.1889 0.2408 
        H530  5 0.2285 0.1277 0.2295 0.2696 0.1447 
        H531  5 0.1089 0.0859 0.5863 0.0924 0.1264 
        H564  5 0.0811 0.2466 0.2357 0.2423 0.1943 
        H565  5 0.0699 0.1370 0.4531 0.1826 0.1574 
        H567  5 0.4695 0.1313 0.0585 0.1458 0.1949 
     H568???  5 0.1770 0.2521 0.0922 0.1302 0.3486 
        H608  5 0.0987 0.2771 0.1998 0.2306 0.1938 
        H609  5 0.1448 0.1069 0.0906 0.5143 0.1434 
        H612  5 0.1082 0.1023 0.4222 0.2786 0.0888 
        H614  5 0.0748 0.0857 0.6043 0.0985 0.1367 
        H615  5 0.0872 0.1868 0.4665 0.1097 0.1498 
        H616  5 0.1197 0.0769 0.4103 0.3021 0.0910 
        H617  5 0.3552 0.2294 0.0862 0.1513 0.1779 
        H618  5 0.1236 0.0993 0.3012 0.3486 0.1273 
        H619  5 0.0801 0.1035 0.0897 0.5974 0.1292 
        H635  5 0.1438 0.3283 0.1131 0.2255 0.1892 
        H636  5 0.1603 0.2095 0.0839 0.3781 0.1682 
        H637  5 0.0881 0.1395 0.2047 0.3809 0.1868 
        H644  5 0.2480 0.1913 0.0549 0.0799 0.4259 
        H711  5 0.0929 0.3382 0.1358 0.1054 0.3277 
        H712  5 0.1609 0.0910 0.1403 0.4943 0.1135 
       H7360  5 0.0797 0.2086 0.2370 0.1876 0.2872 
       H7361  5 0.1012 0.2345 0.2297 0.2538 0.1808 
       H7362  5 0.2363 0.2007 0.0548 0.0918 0.4163 
       H7363  5 0.1673 0.1984 0.2054 0.2143 0.2147 
       H7394  5 0.1908 0.4471 0.0680 0.0913 0.2028 
       H7395  5 0.1006 0.2602 0.1042 0.3558 0.1793 
       H7396  5 0.1729 0.2720 0.1762 0.1615 0.2174 
        H742  5 0.0960 0.0900 0.1440 0.5640 0.1060 
        H743  5 0.1715 0.0831 0.2919 0.2968 0.1567 
        H744  5 0.2604 0.0670 0.4302 0.1491 0.0933 
        H957  5 0.0805 0.3733 0.1433 0.1325 0.2704 
        H958  5 0.2786 0.2353 0.1726 0.1130 0.2004 
        H959  5 0.0809 0.1364 0.2453 0.4057 0.1316 
        H960  5 0.3230 0.1333 0.1348 0.2470 0.1618 
      H_PALI  6 0.1005 0.3342 0.1303 0.1695 0.2655 
        H581  6 0.1577 0.1588 0.3998 0.1255 0.1581 
        H582  6 0.0608 0.1226 0.5108 0.1610 0.1449 
        H583  6 0.1613 0.1242 0.3058 0.1980 0.2107 
        H595  6 0.3448 0.2546 0.1072 0.0687 0.2246 
        H596  6 0.3850 0.2681 0.0674 0.0843 0.1952 
        H597  6 0.2391 0.2006 0.0665 0.1795 0.3143 
        H598  6 0.2338 0.2233 0.1796 0.1969 0.1663 
        H599  6 0.1021 0.1344 0.1863 0.4352 0.1419 
        H642  6 0.2722 0.2475 0.1445 0.0616 0.2742 
        H643  6 0.4023 0.1428 0.1420 0.1659 0.1470 
        H664  6 0.0861 0.1205 0.5881 0.0602 0.1451 
        H665  6 0.1840 0.2056 0.1059 0.3388 0.1657 
        H674  6 0.2002 0.2793 0.0534 0.1332 0.3338 
        H675  6 0.1431 0.1538 0.2089 0.2452 0.2490 
        H676  6 0.1941 0.4001 0.0779 0.0938 0.2341 
        H686  6 0.0964 0.3101 0.1255 0.2109 0.2570 
        H687  6 0.1830 0.2491 0.1857 0.1222 0.2599 
        H917  6 0.3305 0.2266 0.0769 0.1952 0.1708 
        H918  6 0.0999 0.1318 0.0996 0.5269 0.1418 
        H919  6 0.1525 0.0959 0.3331 0.3215 0.0970 
        H920  6 0.1050 0.2502 0.3031 0.1712 0.1704 
        H631  7 0.0893 0.1705 0.2252 0.3635 0.1515 
        H684  7 0.0692 0.4815 0.0546 0.1230 0.2717 
        H685  7 0.2997 0.0903 0.4594 0.0521 0.0985 
        H713  7 0.0824 0.1244 0.5920 0.0972 0.1040 
        H715  7 0.0921 0.3964 0.0710 0.1474 0.2931 
        H716  7 0.0643 0.1402 0.1084 0.5137 0.1733 
        H717  7 0.1433 0.1469 0.2089 0.3123 0.1886 
        H729  7 0.5429 0.1420 0.0558 0.1316 0.1276 
        H730  7 0.4060 0.0752 0.1067 0.3181 0.0941 
        H431  8 0.3888 0.1198 0.2569 0.1011 0.1335 
        H432  8 0.1713 0.2240 0.0588 0.2721 0.2738 
        H433  8 0.2680 0.2877 0.1019 0.1617 0.1806 
        H434  8 0.2493 0.2423 0.1128 0.1831 0.2125 
        H444  8 0.1227 0.2167 0.0761 0.4038 0.1808 
        H454  8 0.1005 0.1138 0.2708 0.3893 0.1255 
        H475  8 0.0824 0.2660 0.3706 0.1324 0.1486 
        H491  8 0.0633 0.2410 0.1661 0.3506 0.1790 
        H492  8 0.1376 0.1644 0.4266 0.1374 0.1341 
        H493  8 0.1719 0.2643 0.1593 0.1464 0.2582 
        H494  8 0.1615 0.1460 0.2033 0.3343 0.1550 
        H495  8 0.0632 0.1833 0.4723 0.1089 0.1724 
        H662  8 0.1447 0.1453 0.3046 0.1470 0.2583 
        H663  8 0.2765 0.1800 0.1817 0.1930 0.1687 
        H695  8 0.2888 0.1520 0.2299 0.1697 0.1596 
       H7367  8 0.6103 0.1331 0.0545 0.0804 0.1216 
       H7368  8 0.1771 0.2866 0.0853 0.1412 0.3097 
       H7369  8 0.1747 0.1494 0.0935 0.4372 0.1452 
       H7370  8 0.5354 0.1659 0.0886 0.0632 0.1470 
       H7371  8 0.3257 0.2107 0.1399 0.1566 0.1670 
        H600  9 0.1416 0.1982 0.2770 0.1944 0.1888 
        H648  9 0.1672 0.2897 0.1466 0.1506 0.2460 
        H696  9 0.2558 0.1843 0.1225 0.0739 0.3635 
        H697  9 0.3696 0.1325 0.1104 0.2170 0.1705 
        H698  9 0.5158 0.1053 0.1090 0.1279 0.1420 
        H699  9 0.2796 0.2017 0.1438 0.1728 0.2021 
        H700  9 0.0850 0.2283 0.2334 0.3089 0.1443 
        H732  9 0.1105 0.1110 0.4932 0.1490 0.1364 
        H733  9 0.4829 0.1545 0.1002 0.1062 0.1562 
        H734  9 0.1739 0.3702 0.1224 0.0928 0.2407 
        H735  9 0.3886 0.1771 0.1225 0.1077 0.2040 
        H736  9 0.1007 0.2111 0.2787 0.1907 0.2188 
        H737  9 0.3905 0.1053 0.1306 0.2224 0.1512 
        H905  9 0.1184 0.2013 0.1600 0.3432 0.1772 
        H921  9 0.2146 0.1915 0.1921 0.2472 0.1547 
        H922  9 0.3488 0.2136 0.0679 0.1688 0.2008 
     H169705 10 0.6081 0.1124 0.0922 0.0716 0.1157 
     H171942 10 0.1777 0.2374 0.0535 0.2845 0.2469 
     H171943 10 0.1525 0.3163 0.1320 0.1651 0.2341 
     H171944 10 0.3184 0.2280 0.1688 0.1297 0.1551 
     H171946 10 0.1048 0.1413 0.4657 0.1038 0.1844 
     H171947 10 0.1867 0.2262 0.1185 0.2090 0.2596 
     H229641 10 0.2436 0.2405 0.2381 0.0942 0.1835 
      H30001 10 0.2324 0.2530 0.1505 0.1735 0.1907 
      H30002 10 0.1315 0.2225 0.1542 0.2704 0.2213 
      H30005 10 0.5629 0.1422 0.0915 0.0800 0.1235 
      H30006 10 0.5057 0.1038 0.0989 0.0953 0.1963 
      H30007 10 0.0924 0.2306 0.0685 0.2056 0.4028 
        H451 10 0.1542 0.3575 0.0744 0.1870 0.2270 
        H452 10 0.6268 0.0800 0.1176 0.0627 0.1129 
        H453 10 0.0834 0.1353 0.3030 0.2591 0.2191 
        H473 10 0.0825 0.1323 0.2298 0.3460 0.2093 
        H474 10 0.0789 0.1037 0.6518 0.0710 0.0945 
        H486 10 0.2482 0.1718 0.2753 0.1506 0.1542 
        H487 10 0.3074 0.1425 0.2336 0.1405 0.1760 
        H488 10 0.1615 0.1727 0.1308 0.3937 0.1412 
        H489 10 0.1953 0.0954 0.4602 0.1166 0.1325 
        H550 10 0.1221 0.3449 0.1420 0.1002 0.2909 
        H551 10 0.4091 0.1186 0.1859 0.1707 0.1157 
        H553 10 0.3475 0.0863 0.3695 0.0766 0.1201 
        H554 10 0.1088 0.4245 0.1059 0.1332 0.2277 
        H556 10 0.2625 0.1354 0.2746 0.1098 0.2177 
        H580 10 0.3482 0.1422 0.0837 0.2158 0.2102 
        H591 10 0.1255 0.0857 0.5295 0.1727 0.0866 
        H592 10 0.2410 0.1783 0.3209 0.1110 0.1488 
        H593 10 0.1197 0.3669 0.1407 0.1658 0.2069 
        H594 10 0.2925 0.2127 0.0588 0.1452 0.2908 
        H627 10 0.1248 0.3157 0.2215 0.1020 0.2359 
        H628 10 0.2942 0.1250 0.0409 0.3660 0.1739 
        H629 10 0.1269 0.1713 0.3733 0.0837 0.2448 
        H630 10 0.2648 0.1863 0.2826 0.0815 0.1848 
        H638 10 0.3363 0.2495 0.1443 0.0876 0.1823 
        H639 10 0.1136 0.0785 0.5663 0.0965 0.1450 
        H640 10 0.1920 0.2819 0.1720 0.1099 0.2441 
        H704 10 0.1695 0.1700 0.0879 0.1947 0.3778 
        H705 10 0.5963 0.1160 0.0934 0.0782 0.1161 
        H706 10 0.3110 0.1083 0.1613 0.2980 0.1213 
        H708 10 0.1001 0.1135 0.5798 0.1051 0.1015 
       H7351 10 0.1125 0.2331 0.1623 0.2326 0.2594 
       H7352 10 0.1920 0.2088 0.2106 0.1656 0.2229 
       H7353 10 0.1230 0.1472 0.0689 0.0885 0.5725 
       H7354 10 0.0639 0.1951 0.1238 0.4473 0.1700 
       H7365 10 0.1069 0.0891 0.6047 0.1112 0.0881 
       H7383 10 0.1307 0.1803 0.1812 0.3558 0.1521 
       H7384 10 0.2958 0.1732 0.1446 0.2040 0.1824 
       H7385 10 0.1453 0.1766 0.2418 0.2691 0.1673 
       H7386 10 0.2785 0.1527 0.1026 0.3100 0.1562 
       H7387 10 0.1743 0.2679 0.1150 0.1823 0.2605 
       H7388 10 0.6143 0.0842 0.1080 0.0970 0.0965 
        H906 10 0.0606 0.1613 0.1742 0.3471 0.2568 
        H907 10 0.2577 0.3252 0.0881 0.0846 0.2444 
        H908 10 0.1998 0.2854 0.1437 0.1756 0.1956 
        H909 10 0.0748 0.1703 0.0861 0.5015 0.1673 
       H9552 10 0.2458 0.1673 0.1276 0.2229 0.2363 
       H9553 10 0.4946 0.0762 0.2355 0.0871 0.1066 
       H9555 10 0.3366 0.2009 0.1235 0.1753 0.1637 
       H9575 10 0.0936 0.1734 0.4377 0.1149 0.1804 
       H9703 10 0.2487 0.0847 0.4300 0.1234 0.1133 
       H9707 10 0.1823 0.1658 0.4064 0.0959 0.1496 
       HSAA4 10 0.3441 0.1444 0.0918 0.2135 0.2063 
        H001 11 0.1116 0.1257 0.1410 0.4603 0.1614 
        H004 11 0.1384 0.2549 0.1536 0.2143 0.2389 
        H005 11 0.0704 0.1480 0.2698 0.3802 0.1316 
        H006 11 0.1757 0.2787 0.1627 0.1891 0.1938 
        H007 11 0.1135 0.1010 0.1835 0.4979 0.1041 
        H031 11 0.1426 0.0887 0.6026 0.0891 0.0770 
        H074 11 0.1127 0.1176 0.4987 0.1215 0.1495 
        H075 11 0.0928 0.0997 0.3243 0.3826 0.1006 
        H080 11 0.2250 0.1117 0.2543 0.2523 0.1566 
        H086 11 0.4443 0.1558 0.1045 0.1185 0.1770 
        H092 11 0.3181 0.1698 0.1894 0.1480 0.1748 
        H093 11 0.1250 0.2371 0.0826 0.1430 0.4124 
        H094 11 0.2752 0.3218 0.1456 0.0701 0.1872 
        H095 11 0.1051 0.1039 0.2831 0.3509 0.1569 
        H096 11 0.1063 0.1390 0.1614 0.4605 0.1328 
        H099 11 0.1948 0.1802 0.2232 0.1959 0.2059 
        H100 11 0.1231 0.1709 0.0680 0.4077 0.2303 
        H127 11 0.3373 0.1225 0.2214 0.1708 0.1481 
        H136 11 0.1313 0.1206 0.4758 0.1211 0.1511 
        H153 11 0.1089 0.3663 0.1174 0.1284 0.2790 
        H154 11 0.1088 0.1288 0.5398 0.0963 0.1263 
        H155 11 0.3314 0.1016 0.0526 0.3947 0.1198 
        H156 11 0.2388 0.2309 0.0478 0.2674 0.2151 
        H161 11 0.0991 0.3483 0.1067 0.1842 0.2617 
        H162 11 0.4932 0.1977 0.0889 0.0706 0.1496 
        H167 11 0.2121 0.2598 0.0706 0.2174 0.2401 
        H168 11 0.3082 0.1695 0.0913 0.2455 0.1854 
     H169586 11 0.0547 0.1202 0.5005 0.0791 0.2454 
     H169738 11 0.4611 0.1177 0.0687 0.2082 0.1442 
     H169741 11 0.1126 0.1620 0.4686 0.0961 0.1606 
     H171801 11 0.1166 0.2545 0.0860 0.2211 0.3218 
     H171810 11 0.0949 0.2668 0.3505 0.1323 0.1554 
     H171811 11 0.0862 0.1800 0.4547 0.1268 0.1523 
     H171812 11 0.1034 0.0761 0.0938 0.6350 0.0918 
     H171820 11 0.1060 0.1421 0.4598 0.1407 0.1515 
     H171821 11 0.2643 0.2077 0.1122 0.1694 0.2464 
     H171822 11 0.3119 0.2116 0.1392 0.1258 0.2115 
     H171823 11 0.0529 0.2838 0.2784 0.1596 0.2252 
     H171866 11 0.3310 0.1576 0.0877 0.1726 0.2511 
     H171867 11 0.3777 0.2325 0.0784 0.1756 0.1359 
     H171967 11 0.1565 0.1039 0.3167 0.3081 0.1149 
     H171969 11 0.1171 0.1981 0.1587 0.3157 0.2104 
        H172 11 0.1922 0.1744 0.1858 0.2631 0.1844 
        H173 11 0.3379 0.1400 0.1280 0.2591 0.1350 
        H174 11 0.3096 0.2612 0.0695 0.0804 0.2793 
        H196 11 0.7060 0.0622 0.0562 0.0967 0.0789 
        H197 11 0.2653 0.2770 0.0977 0.1855 0.1746 
        H346 11 0.1093 0.2276 0.1288 0.3575 0.1768 
        H355 11 0.1056 0.0880 0.2973 0.3674 0.1417 
        H356 11 0.2414 0.1470 0.1462 0.2588 0.2066 
        H357 11 0.1668 0.1353 0.3604 0.2028 0.1348 
        H358 11 0.1638 0.1772 0.1156 0.4029 0.1406 
        H359 11 0.1809 0.2623 0.2128 0.1321 0.2119 
        H360 11 0.2657 0.2182 0.1227 0.2139 0.1795 
        H361 11 0.2869 0.1787 0.0846 0.2508 0.1989 
        H362 11 0.3719 0.2978 0.0632 0.0855 0.1817 
        H363 11 0.1282 0.1937 0.3558 0.1682 0.1539 
        H364 11 0.0881 0.2494 0.2190 0.1978 0.2457 
        H365 11 0.1967 0.1015 0.1408 0.3793 0.1818 
        H366 11 0.3290 0.1039 0.1557 0.2461 0.1653 
        H367 11 0.1842 0.1033 0.4730 0.1055 0.1341 
        H368 11 0.1131 0.3206 0.2028 0.0888 0.2748 
        H369 11 0.1517 0.1101 0.4727 0.1610 0.1045 
        H370 11 0.2034 0.2965 0.1165 0.1387 0.2449 
        H371 11 0.3884 0.1705 0.1379 0.1190 0.1842 
        H372 11 0.2349 0.1793 0.1538 0.2486 0.1834 
        H373 11 0.1421 0.2614 0.0979 0.2667 0.2319 
        H374 11 0.0878 0.2084 0.1294 0.3979 0.1766 
        H375 11 0.1288 0.1398 0.2367 0.3695 0.1252 
        H376 11 0.1314 0.2133 0.0918 0.2708 0.2927 
        H377 11 0.1731 0.2709 0.2006 0.1643 0.1911 
        H378 11 0.1638 0.1806 0.2026 0.2011 0.2519 
        H379 11 0.2038 0.2985 0.1574 0.1242 0.2160 
        H380 11 0.1953 0.3100 0.0759 0.2446 0.1741 
        H381 11 0.0803 0.1379 0.5135 0.0989 0.1693 
        H382 11 0.2266 0.4010 0.0527 0.1010 0.2186 
        H383 11 0.1299 0.2222 0.0592 0.2706 0.3181 
        H384 11 0.1329 0.1475 0.3890 0.1585 0.1721 
        H385 11 0.2137 0.2434 0.2176 0.1457 0.1797 
        H386 11 0.1969 0.1968 0.0769 0.3925 0.1369 
        H387 11 0.0621 0.2248 0.1230 0.1744 0.4157 
        H388 11 0.4185 0.0877 0.0814 0.2387 0.1737 
        H389 11 0.2232 0.1743 0.1626 0.2941 0.1458 
        H390 11 0.1572 0.2753 0.1625 0.1951 0.2098 
        H391 11 0.2697 0.1682 0.1258 0.1495 0.2868 
        H392 11 0.0854 0.1727 0.2025 0.4167 0.1227 
        H393 11 0.0864 0.1556 0.0793 0.3903 0.2884 
        H394 11 0.1499 0.1824 0.1187 0.1089 0.4400 
        H395 11 0.1984 0.1195 0.3614 0.1880 0.1328 
        H408 11 0.1134 0.1376 0.1284 0.4647 0.1559 
        H412 11 0.0634 0.0726 0.7256 0.0416 0.0969 
        H417 11 0.1560 0.1640 0.3253 0.1709 0.1840 
        H418 11 0.1899 0.2031 0.2226 0.1186 0.2658 
        H429 11 0.1270 0.1891 0.1344 0.3303 0.2191 
        H430 11 0.2578 0.1978 0.0838 0.2741 0.1865 
        H439 11 0.2715 0.1962 0.1601 0.1872 0.1850 
        H440 11 0.0958 0.1823 0.3395 0.2282 0.1541 
        H441 11 0.4539 0.1763 0.1079 0.0972 0.1648 
        H442 11 0.2910 0.1734 0.1105 0.2248 0.2002 
        H446 11 0.1836 0.2409 0.1578 0.1429 0.2748 
        H447 11 0.2830 0.2463 0.0947 0.1966 0.1794 
        H448 11 0.4472 0.1006 0.1027 0.2346 0.1148 
        H534 11 0.0946 0.1532 0.3461 0.2197 0.1864 
        H537 11 0.0947 0.1277 0.4287 0.1406 0.2084 
        H568 11 0.1122 0.0876 0.5975 0.1172 0.0855 
        H569 11 0.4880 0.1584 0.0530 0.1494 0.1512 
        H586 11 0.0548 0.1149 0.5244 0.0755 0.2304 
        H587 11 0.0820 0.1084 0.5558 0.1492 0.1045 
        H588 11 0.0871 0.1806 0.0603 0.1390 0.5329 
        H589 11 0.0660 0.1040 0.4260 0.2826 0.1214 
        H590 11 0.1066 0.1678 0.2817 0.2673 0.1766 
        H601 11 0.3682 0.1943 0.0654 0.1632 0.2091 
        H602 11 0.3131 0.1437 0.2337 0.1597 0.1499 
        H603 11 0.2248 0.3108 0.0755 0.2124 0.1764 
