        H102  1 0.1002 0.0807 0.0776 0.0815 0.0870 0.0797 0.0825 0.0774 0.0768 0.0836 0.1077 0.0653 
        H103  1 0.0937 0.0941 0.0804 0.0907 0.0693 0.0878 0.0630 0.0828 0.0889 0.0933 0.0657 0.0902 
        H104  1 0.0898 0.0765 0.0762 0.0769 0.0863 0.0750 0.0705 0.0801 0.0776 0.0816 0.0928 0.1168 
        H105  1 0.0871 0.0857 0.0933 0.0853 0.0890 0.0814 0.0900 0.0784 0.0851 0.0883 0.0763 0.0601 
        H106  1 0.0857 0.0791 0.0824 0.0814 0.0829 0.0791 0.0768 0.1024 0.0794 0.0807 0.0757 0.0944 
        H112  1 0.0823 0.0772 0.0783 0.0756 0.0841 0.0785 0.1214 0.0833 0.0771 0.0783 0.1020 0.0618 
        H113  1 0.0859 0.0811 0.0801 0.0810 0.0826 0.0829 0.0681 0.0960 0.0796 0.0892 0.1105 0.0630 
        H114  1 0.0867 0.0834 0.0855 0.0824 0.0943 0.0820 0.0519 0.0958 0.0829 0.0892 0.1006 0.0654 
        H115  1 0.1042 0.0744 0.0812 0.0776 0.0851 0.0754 0.0890 0.0851 0.0738 0.0812 0.0869 0.0859 
        H143  1 0.0904 0.0837 0.0835 0.0831 0.0913 0.0855 0.0743 0.0735 0.0836 0.0836 0.1085 0.0590 
        H144  1 0.0780 0.0942 0.1023 0.0957 0.0954 0.0984 0.0481 0.0712 0.0915 0.0850 0.0765 0.0637 
        H145  1 0.0989 0.0913 0.0834 0.0963 0.0696 0.0929 0.0549 0.0819 0.0909 0.0936 0.0873 0.0590 
        H149  1 0.0757 0.0709 0.0936 0.0717 0.1129 0.0713 0.0748 0.0735 0.0737 0.0808 0.0782 0.1229 
        H150  1 0.0819 0.0839 0.0804 0.0906 0.0768 0.0908 0.0829 0.0865 0.0907 0.0777 0.0882 0.0696 
     H167542  1 0.0904 0.0785 0.0903 0.0805 0.1101 0.0814 0.0556 0.0731 0.0814 0.0803 0.0899 0.0884 
     H169604  1 0.0934 0.0848 0.0900 0.0853 0.0941 0.0822 0.0507 0.0779 0.0847 0.0876 0.0958 0.0735 
     H169607  1 0.0904 0.0913 0.0942 0.0900 0.0813 0.0893 0.0605 0.0690 0.0869 0.0897 0.0743 0.0832 
     H169608  1 0.0938 0.0737 0.0735 0.0780 0.0685 0.0764 0.1363 0.0852 0.0754 0.0784 0.0958 0.0649 
     H169633  1 0.0895 0.0891 0.0950 0.0881 0.0870 0.0854 0.0547 0.0914 0.0850 0.0897 0.0838 0.0614 
     H169688  1 0.0783 0.0909 0.0798 0.0943 0.0695 0.0894 0.0897 0.0804 0.0895 0.0807 0.0649 0.0926 
     H169714  1 0.0766 0.0797 0.0773 0.0807 0.0747 0.0821 0.0837 0.0801 0.0840 0.0812 0.0782 0.1216 
     H171802  1 0.0807 0.0803 0.0776 0.0797 0.0813 0.0813 0.1155 0.0815 0.0757 0.0809 0.0840 0.0815 
     H171805  1 0.0797 0.0905 0.0789 0.0853 0.0715 0.0870 0.0685 0.0779 0.0893 0.0849 0.0759 0.1107 
     H171807  1 0.0817 0.0801 0.1000 0.0803 0.1081 0.0762 0.0802 0.0807 0.0772 0.0832 0.0904 0.0619 
     H171814  1 0.0816 0.1017 0.0831 0.1005 0.0682 0.1003 0.0543 0.0827 0.1008 0.0877 0.0817 0.0574 
     H171816  1 0.0754 0.0784 0.0799 0.0802 0.0855 0.0776 0.0924 0.0897 0.0806 0.0831 0.1051 0.0722 
     H171817  1 0.0794 0.0801 0.0846 0.0799 0.1025 0.0825 0.0623 0.0841 0.0794 0.0855 0.0993 0.0803 
     H171818  1 0.0789 0.0760 0.0847 0.0816 0.0974 0.0804 0.0688 0.1019 0.0781 0.0881 0.0724 0.0918 
     H171819  1 0.0821 0.0826 0.0846 0.0833 0.0776 0.0834 0.0758 0.0890 0.0840 0.0877 0.0940 0.0759 
     H171834  1 0.0839 0.0814 0.1020 0.0799 0.0923 0.0801 0.0863 0.0829 0.0793 0.0853 0.0828 0.0640 
     H171835  1 0.0759 0.0710 0.0692 0.0723 0.0798 0.0721 0.0810 0.1099 0.0752 0.0707 0.1401 0.0829 
     H171836  1 0.0924 0.0900 0.0860 0.0879 0.0859 0.0848 0.0506 0.1061 0.0874 0.0911 0.0727 0.0650 
     H171837  1 0.1005 0.0819 0.0771 0.0832 0.0830 0.0800 0.0661 0.0833 0.0819 0.0825 0.1037 0.0769 
     H171838  1 0.0789 0.0836 0.0892 0.0840 0.0746 0.0829 0.0775 0.1195 0.0874 0.0892 0.0723 0.0610 
     H171839  1 0.0919 0.0805 0.0810 0.0788 0.0903 0.0755 0.0692 0.0839 0.0787 0.0791 0.0916 0.0995 
     H171841  1 0.0678 0.0722 0.0679 0.0758 0.0699 0.0701 0.2288 0.0699 0.0714 0.0710 0.0770 0.0581 
     H171860  1 0.0888 0.0880 0.0888 0.0859 0.0861 0.0843 0.0691 0.0777 0.0889 0.0853 0.0883 0.0689 
     H171861  1 0.0949 0.0931 0.0805 0.0850 0.0919 0.0906 0.0449 0.0844 0.0907 0.0885 0.0943 0.0613 
     H171862  1 0.0889 0.0859 0.0880 0.0856 0.0844 0.0864 0.0596 0.0807 0.0863 0.0869 0.1026 0.0648 
     H171868  1 0.0895 0.0827 0.0926 0.0785 0.1126 0.0788 0.0602 0.0823 0.0837 0.0814 0.0935 0.0644 
     H171869  1 0.0859 0.0920 0.0752 0.0908 0.0698 0.0909 0.0781 0.0935 0.0929 0.0838 0.0681 0.0790 
     H171870  1 0.0808 0.0864 0.0850 0.0862 0.0760 0.0866 0.0922 0.0832 0.0869 0.0838 0.0668 0.0863 
     H171871  1 0.0906 0.0865 0.0809 0.0876 0.0686 0.0872 0.0717 0.0985 0.0857 0.0917 0.0714 0.0797 
     H171872  1 0.0910 0.0859 0.0756 0.0825 0.0863 0.0811 0.0687 0.0817 0.0810 0.0872 0.1012 0.0778 
     H171873  1 0.0754 0.0857 0.0847 0.0896 0.0731 0.0861 0.0783 0.0791 0.0849 0.0846 0.0724 0.1062 
     H171874  1 0.0837 0.0847 0.0935 0.0868 0.0815 0.0889 0.0852 0.0689 0.0845 0.0844 0.0820 0.0759 
     H171875  1 0.0808 0.0938 0.0823 0.0948 0.0884 0.0864 0.0639 0.0752 0.0902 0.0886 0.0879 0.0677 
     H171876  1 0.0892 0.0815 0.1018 0.0832 0.0988 0.0851 0.0554 0.0762 0.0839 0.0844 0.0872 0.0732 
     H171877  1 0.1017 0.0759 0.0847 0.0759 0.1186 0.0770 0.0557 0.0858 0.0787 0.0795 0.0883 0.0781 
     H171878  1 0.0758 0.0842 0.0807 0.0794 0.0720 0.0826 0.1152 0.0896 0.0849 0.0827 0.0698 0.0833 
     H171901  1 0.0745 0.0801 0.0704 0.0748 0.0732 0.0791 0.1084 0.0750 0.0767 0.0765 0.0709 0.1404 
     H171902  1 0.0789 0.0925 0.0857 0.0927 0.0826 0.0923 0.0658 0.0695 0.0908 0.0928 0.0813 0.0752 
     H171903  1 0.0878 0.0872 0.0833 0.0861 0.0797 0.0855 0.0737 0.0725 0.0870 0.0887 0.0777 0.0909 
     H171935  1 0.0764 0.0793 0.0803 0.0798 0.0757 0.0799 0.1016 0.1020 0.0792 0.0813 0.0867 0.0779 
     H171936  1 0.0806 0.0881 0.0950 0.0876 0.0814 0.0882 0.0553 0.0790 0.0865 0.0843 0.0796 0.0942 
     H171940  1 0.0761 0.0795 0.1028 0.0792 0.1228 0.0799 0.0849 0.0710 0.0796 0.0798 0.0747 0.0697 
     H171945  1 0.0776 0.0910 0.0837 0.0883 0.0712 0.0863 0.1122 0.0737 0.0922 0.0825 0.0735 0.0677 
     H171948  1 0.0777 0.0750 0.0997 0.0712 0.0886 0.0748 0.1250 0.0864 0.0756 0.0813 0.0799 0.0649 
     H171949  1 0.0739 0.0765 0.0980 0.0756 0.1146 0.0725 0.0875 0.0753 0.0719 0.0795 0.1004 0.0742 
     H171950  1 0.0813 0.0779 0.0701 0.0793 0.0741 0.0767 0.0855 0.0712 0.0785 0.0784 0.0823 0.1447 
     H171963  1 0.0783 0.0847 0.0773 0.0865 0.0698 0.0911 0.0762 0.1114 0.0881 0.0919 0.0689 0.0759 
     H171964  1 0.0721 0.1009 0.0913 0.0982 0.0833 0.0990 0.0546 0.0687 0.0987 0.0868 0.0834 0.0630 
     H171966  1 0.0774 0.0839 0.0856 0.0836 0.0899 0.0784 0.0766 0.1001 0.0836 0.0858 0.0972 0.0581 
     H171968  1 0.0862 0.0859 0.0841 0.0866 0.0933 0.0837 0.0752 0.0668 0.0854 0.0875 0.0860 0.0793 
     H171971  1 0.0737 0.0803 0.0830 0.0804 0.0747 0.0809 0.1060 0.1067 0.0841 0.0807 0.0678 0.0816 
     H171972  1 0.0816 0.0913 0.0919 0.0904 0.0794 0.0895 0.0660 0.0770 0.0920 0.0921 0.0759 0.0728 
     H171977  1 0.0878 0.0995 0.0912 0.0970 0.0743 0.0968 0.0453 0.0750 0.0949 0.0862 0.0815 0.0706 
     H171978  1 0.0747 0.0854 0.0782 0.0805 0.0722 0.0824 0.1175 0.0691 0.0843 0.0783 0.0926 0.0848 
     H171979  1 0.0847 0.0884 0.0986 0.0862 0.0806 0.0908 0.0538 0.0882 0.0904 0.0967 0.0715 0.0701 
        H176  1 0.0831 0.0885 0.0857 0.0905 0.0829 0.0874 0.0728 0.0813 0.0866 0.0846 0.0937 0.0627 
        H177  1 0.0832 0.0736 0.0693 0.0710 0.0687 0.0730 0.1549 0.0734 0.0751 0.0760 0.0762 0.1055 
        H179  1 0.0725 0.0741 0.0851 0.0751 0.1002 0.0752 0.0820 0.0693 0.0737 0.0762 0.0864 0.1302 
        H181  1 0.0786 0.0869 0.1031 0.0844 0.0942 0.0908 0.0642 0.0967 0.0869 0.0904 0.0752 0.0486 
        H182  1 0.0967 0.0904 0.0804 0.0868 0.0725 0.0909 0.0579 0.0964 0.0897 0.0924 0.0825 0.0634 
        H183  1 0.0797 0.0867 0.1014 0.0895 0.0897 0.0894 0.0584 0.0837 0.0874 0.0974 0.0760 0.0608 
        H184  1 0.0807 0.0808 0.0839 0.0771 0.0834 0.0760 0.1415 0.0734 0.0791 0.0820 0.0739 0.0683 
        H185  1 0.0788 0.0877 0.0844 0.0896 0.0768 0.0847 0.0727 0.1032 0.0844 0.0898 0.0749 0.0729 
        H186  1 0.0738 0.0850 0.0744 0.0860 0.0828 0.0893 0.1139 0.0707 0.0873 0.0740 0.0957 0.0671 
        H187  1 0.0765 0.0802 0.0713 0.0761 0.0712 0.0786 0.1214 0.0793 0.0747 0.0791 0.0692 0.1225 
        H188  1 0.0864 0.0743 0.0913 0.0762 0.1316 0.0744 0.0658 0.0781 0.0788 0.0782 0.0905 0.0744 
        H192  1 0.0745 0.0766 0.0829 0.0774 0.0905 0.0759 0.1345 0.0808 0.0750 0.0793 0.0786 0.0740 
        H193  1 0.1009 0.0887 0.0800 0.0881 0.0792 0.0931 0.0582 0.0978 0.0872 0.0844 0.0816 0.0606 
        H194  1 0.0853 0.0777 0.0943 0.0802 0.0956 0.0780 0.0740 0.0707 0.0794 0.0883 0.0842 0.0922 
        H195  1 0.0742 0.0923 0.0830 0.0935 0.0662 0.0941 0.1205 0.0809 0.0935 0.0783 0.0634 0.0602 
        H199  1 0.0794 0.0989 0.0910 0.0931 0.0738 0.0941 0.0741 0.0745 0.0989 0.0902 0.0719 0.0603 
        H200  1 0.0770 0.0811 0.0831 0.0833 0.0887 0.0788 0.1181 0.0695 0.0816 0.0819 0.0765 0.0805 
        H414  1 0.0921 0.0863 0.0812 0.0892 0.0710 0.0882 0.0725 0.0865 0.0917 0.0830 0.0746 0.0836 
        H415  1 0.0855 0.0863 0.0857 0.0860 0.0785 0.0840 0.0614 0.0817 0.0866 0.0873 0.0859 0.0912 
        H422  1 0.0849 0.0890 0.0804 0.0919 0.0796 0.0926 0.0782 0.0705 0.0932 0.0874 0.0866 0.0656 
        H423  1 0.0698 0.0674 0.0756 0.0680 0.1013 0.0715 0.1763 0.0763 0.0699 0.0731 0.0840 0.0670 
        H424  1 0.0827 0.0948 0.0863 0.0905 0.0839 0.0943 0.0524 0.0847 0.0933 0.0894 0.0864 0.0612 
        H425  1 0.0767 0.0966 0.0877 0.0999 0.0717 0.0966 0.0555 0.0719 0.1028 0.0814 0.0736 0.0856 
        H426  1 0.0804 0.0988 0.0806 0.0943 0.0684 0.0949 0.0611 0.0765 0.0961 0.0905 0.0739 0.0843 
        H443  1 0.0808 0.0978 0.0851 0.0986 0.0937 0.0980 0.0485 0.0638 0.1004 0.0795 0.0832 0.0706 
        H466  1 0.0892 0.0825 0.0980 0.0808 0.0919 0.0821 0.0647 0.0767 0.0820 0.0862 0.0784 0.0876 
        H467  1 0.0718 0.0782 0.0862 0.0776 0.0854 0.0787 0.0945 0.0848 0.0785 0.0813 0.0835 0.0996 
        H472  1 0.0848 0.0854 0.0927 0.0828 0.0971 0.0843 0.0604 0.0741 0.0829 0.0938 0.0798 0.0820 
        H483  1 0.0770 0.0864 0.1190 0.0812 0.1252 0.0806 0.0549 0.0787 0.0832 0.0837 0.0796 0.0503 
        H504  1 0.0771 0.0944 0.0888 0.1016 0.0706 0.1013 0.0594 0.0788 0.1008 0.0896 0.0782 0.0594 
        H505  1 0.0775 0.0782 0.0891 0.0836 0.0949 0.0801 0.0739 0.0724 0.0810 0.0827 0.0671 0.1195 
        H506  1 0.0802 0.0828 0.0814 0.0849 0.0776 0.0851 0.1081 0.0794 0.0861 0.0803 0.0839 0.0703 
        H507  1 0.0927 0.0867 0.0844 0.0899 0.0811 0.0897 0.0427 0.0923 0.0870 0.0926 0.0707 0.0902 
        H508  1 0.0912 0.0851 0.0727 0.0827 0.0757 0.0804 0.0804 0.0842 0.0789 0.0904 0.0667 0.1115 
        H524  1 0.0820 0.0874 0.0804 0.0893 0.0763 0.0908 0.0575 0.0842 0.0856 0.0871 0.0713 0.1082 
        H525  1 0.0869 0.0899 0.0847 0.0898 0.0856 0.0909 0.0519 0.0749 0.0905 0.0842 0.0896 0.0810 
        H526  1 0.0835 0.0859 0.0915 0.0881 0.0919 0.0876 0.0775 0.0725 0.0861 0.0853 0.0853 0.0648 
        H527  1 0.0752 0.0745 0.0720 0.0780 0.0671 0.0749 0.1300 0.0760 0.0740 0.0805 0.0732 0.1246 
        H528  1 0.0826 0.0927 0.0898 0.0919 0.0795 0.0907 0.0569 0.0806 0.0921 0.0868 0.0849 0.0716 
        H529  1 0.0920 0.0903 0.0804 0.0929 0.0761 0.0906 0.0426 0.0905 0.0905 0.0791 0.0812 0.0938 
        H533  1 0.0933 0.0848 0.0825 0.0825 0.0767 0.0822 0.0422 0.1371 0.0804 0.0864 0.0739 0.0778 
        H538  1 0.0867 0.0785 0.0921 0.0820 0.0955 0.0781 0.0682 0.0753 0.0805 0.0834 0.0877 0.0922 
        H539  1 0.0807 0.0788 0.0733 0.0838 0.0665 0.0822 0.1070 0.0917 0.0855 0.0860 0.0692 0.0951 
        H540  1 0.0816 0.0872 0.0845 0.0826 0.0776 0.0804 0.0838 0.0880 0.0838 0.0901 0.0811 0.0794 
        H541  1 0.0813 0.0794 0.0877 0.0774 0.1058 0.0789 0.0527 0.0778 0.0767 0.0793 0.0912 0.1118 
        H558  1 0.0798 0.0861 0.0806 0.0873 0.0637 0.0850 0.1275 0.0807 0.0868 0.0898 0.0661 0.0665 
        H559  1 0.0832 0.0841 0.0892 0.0846 0.0997 0.0810 0.0815 0.0686 0.0818 0.0781 0.0953 0.0730 
        H579  1 0.0915 0.0875 0.0813 0.0888 0.0756 0.0886 0.0845 0.0784 0.0901 0.0921 0.0803 0.0613 
        H584  1 0.0831 0.0932 0.0826 0.0956 0.0751 0.0912 0.0660 0.0814 0.0931 0.0872 0.0808 0.0709 
        H585  1 0.0772 0.0845 0.0898 0.0861 0.0838 0.0839 0.0649 0.0822 0.0871 0.0831 0.0696 0.1078 
        H605  1 0.0857 0.0870 0.0783 0.0858 0.0867 0.0859 0.0735 0.0759 0.0833 0.0854 0.0788 0.0938 
        H606  1 0.0799 0.0765 0.0777 0.0790 0.0907 0.0757 0.1199 0.0676 0.0760 0.0753 0.0836 0.0980 
        H632  1 0.0862 0.0948 0.0877 0.0929 0.0747 0.0977 0.0571 0.0789 0.0970 0.0860 0.0878 0.0594 
        H634  1 0.0839 0.0867 0.0829 0.0892 0.0775 0.0811 0.0743 0.0722 0.0852 0.0839 0.0711 0.1119 
        H671  1 0.0745 0.0771 0.0770 0.0795 0.0870 0.0809 0.0778 0.0765 0.0802 0.0800 0.0945 0.1150 
        H672  1 0.0803 0.0853 0.0815 0.0853 0.0849 0.0907 0.0601 0.0738 0.0821 0.0831 0.0715 0.1214 
        H673  1 0.0853 0.0893 0.0969 0.0855 0.1040 0.0902 0.0767 0.0707 0.0922 0.0758 0.0766 0.0568 
        H689  1 0.0820 0.0882 0.0975 0.0927 0.0970 0.0898 0.0570 0.0711 0.0927 0.0849 0.0850 0.0621 
        H690  1 0.1023 0.0783 0.0771 0.0795 0.0748 0.0768 0.0906 0.0886 0.0773 0.0841 0.0871 0.0835 
        H691  1 0.0917 0.0795 0.0934 0.0812 0.0976 0.0781 0.0653 0.0783 0.0781 0.0785 0.0898 0.0884 
        H692  1 0.0828 0.0887 0.1005 0.0920 0.0945 0.0974 0.0507 0.0915 0.0937 0.0847 0.0709 0.0526 
        H709  1 0.1048 0.0853 0.0754 0.0834 0.0731 0.0832 0.0671 0.0951 0.0847 0.0862 0.0903 0.0714 
        H710  1 0.0965 0.0921 0.0931 0.0911 0.0789 0.0914 0.0537 0.0777 0.0936 0.0924 0.0867 0.0527 
       H7355  1 0.1033 0.0819 0.0791 0.0801 0.0966 0.0806 0.0537 0.1029 0.0799 0.0816 0.1029 0.0573 
       H7356  1 0.0807 0.0851 0.0898 0.0866 0.0765 0.0899 0.0907 0.0711 0.0894 0.0796 0.0756 0.0850 
       H7357  1 0.0937 0.0837 0.0813 0.0819 0.0934 0.0837 0.0613 0.0872 0.0824 0.0867 0.0858 0.0788 
       H7358  1 0.0897 0.0867 0.0968 0.0861 0.0998 0.0844 0.0752 0.0758 0.0837 0.0808 0.0757 0.0654 
       H7380  1 0.0835 0.0867 0.0901 0.0886 0.0922 0.0889 0.0671 0.0770 0.0865 0.0859 0.0916 0.0618 
       H7381  1 0.0766 0.0881 0.0810 0.0867 0.0766 0.0876 0.0964 0.0855 0.0875 0.0765 0.0831 0.0745 
       H7382  1 0.0855 0.0861 0.0855 0.0815 0.0906 0.0840 0.0895 0.0776 0.0814 0.0806 0.0860 0.0715 
        H904  1 0.0749 0.0666 0.0709 0.0625 0.0898 0.0674 0.1637 0.0615 0.0658 0.0688 0.1011 0.1069 
        H923  1 0.0830 0.0859 0.0855 0.0851 0.0799 0.0844 0.1079 0.0739 0.0877 0.0804 0.0808 0.0656 
        H924  1 0.0811 0.0814 0.0830 0.0860 0.0856 0.0819 0.0787 0.0758 0.0836 0.0830 0.0962 0.0838 
        H925  1 0.0788 0.0849 0.0850 0.0858 0.0802 0.0875 0.0566 0.0729 0.0891 0.0861 0.0872 0.1059 
       H9558  1 0.0809 0.0936 0.0788 0.0875 0.0610 0.0866 0.1199 0.0824 0.0910 0.0889 0.0632 0.0663 
        H008  2 0.0914 0.0830 0.0912 0.0850 0.1090 0.0826 0.0658 0.0882 0.0818 0.0831 0.0830 0.0561 
        H021  2 0.0855 0.0769 0.0893 0.0768 0.0983 0.0778 0.0705 0.0921 0.0752 0.0811 0.0830 0.0935 
        H023  2 0.0888 0.0795 0.0782 0.0797 0.0850 0.0805 0.0631 0.0819 0.0803 0.0815 0.0990 0.1024 
        H024  2 0.0815 0.0945 0.0922 0.0972 0.0719 0.0934 0.0608 0.0874 0.0922 0.0921 0.0758 0.0610 
        H025  2 0.0667 0.0781 0.0820 0.0785 0.0812 0.0763 0.1828 0.0644 0.0799 0.0748 0.0643 0.0710 
        H026  2 0.0743 0.0972 0.0871 0.0998 0.0795 0.0996 0.0468 0.0756 0.1038 0.0890 0.0810 0.0664 
        H027  2 0.0847 0.0851 0.0868 0.0868 0.0870 0.0833 0.0552 0.0823 0.0872 0.0846 0.0778 0.0991 
        H028  2 0.0779 0.0911 0.0978 0.0862 0.0892 0.0880 0.0578 0.0811 0.0884 0.0932 0.0755 0.0738 
        H029  2 0.0779 0.0906 0.0873 0.0908 0.0867 0.0852 0.0514 0.0863 0.0920 0.0851 0.0854 0.0812 
        H030  2 0.0772 0.0922 0.0868 0.0952 0.0697 0.0926 0.0587 0.0880 0.0986 0.0917 0.0768 0.0725 
        H038  2 0.0741 0.0772 0.0743 0.0764 0.0728 0.0790 0.0962 0.0862 0.0796 0.0775 0.0783 0.1282 
        H039  2 0.0638 0.0633 0.0633 0.0640 0.0834 0.0649 0.2493 0.0609 0.0619 0.0630 0.0887 0.0734 
        H040  2 0.0825 0.0795 0.0733 0.0776 0.0723 0.0781 0.0843 0.0882 0.0801 0.0803 0.0773 0.1265 
        H041  2 0.0878 0.0785 0.0941 0.0823 0.1041 0.0819 0.0664 0.0791 0.0823 0.0810 0.0904 0.0722 
        H042  2 0.0821 0.0851 0.0839 0.0824 0.0910 0.0812 0.0916 0.0766 0.0821 0.0835 0.0783 0.0821 
        H043  2 0.0715 0.0734 0.0644 0.0719 0.0628 0.0699 0.1944 0.0943 0.0710 0.0706 0.0773 0.0785 
        H044  2 0.0877 0.0874 0.0788 0.0862 0.0668 0.0864 0.0941 0.1108 0.0841 0.0902 0.0659 0.0617 
        H047  2 0.0752 0.0805 0.0783 0.0836 0.0763 0.0848 0.1127 0.0805 0.0838 0.0827 0.0916 0.0700 
        H050  2 0.0840 0.0897 0.0836 0.0906 0.0738 0.0918 0.0605 0.0861 0.0903 0.0879 0.0800 0.0817 
        H058  2 0.0865 0.0779 0.0707 0.0801 0.0732 0.0817 0.0850 0.1016 0.0818 0.0868 0.0833 0.0914 
        H062  2 0.0881 0.0823 0.0909 0.0791 0.0979 0.0800 0.0797 0.0717 0.0800 0.0848 0.0777 0.0877 
        H063  2 0.0795 0.0709 0.0719 0.0708 0.0821 0.0728 0.1368 0.0923 0.0725 0.0757 0.0925 0.0823 
        H065  2 0.0797 0.0928 0.0819 0.0922 0.0778 0.0941 0.0745 0.0666 0.0941 0.0820 0.0818 0.0825 
        H066  2 0.0748 0.0856 0.0844 0.0870 0.0707 0.0850 0.0636 0.0936 0.0877 0.0913 0.0767 0.0996 
        H067  2 0.0836 0.0849 0.0904 0.0831 0.1112 0.0804 0.0421 0.0743 0.0821 0.0862 0.1014 0.0804 
        H068  2 0.0773 0.0791 0.0746 0.0770 0.0765 0.0801 0.0985 0.0899 0.0787 0.0792 0.0947 0.0944 
        H069  2 0.0754 0.0866 0.0813 0.0854 0.0672 0.0899 0.0894 0.0726 0.0838 0.0855 0.0670 0.1158 
        H071  2 0.0943 0.0857 0.0775 0.0833 0.0808 0.0804 0.0729 0.0795 0.0794 0.0827 0.1022 0.0813 
        H072  2 0.0749 0.0747 0.0741 0.0738 0.0877 0.0730 0.1634 0.0715 0.0719 0.0730 0.0805 0.0815 
        H073  2 0.0909 0.0872 0.0800 0.0916 0.0785 0.0887 0.0520 0.0720 0.0904 0.0861 0.0924 0.0902 
        H081  2 0.1002 0.0751 0.0804 0.0739 0.1113 0.0753 0.0798 0.0792 0.0771 0.0835 0.0962 0.0679 
        H082  2 0.0866 0.0860 0.0877 0.0911 0.0810 0.0869 0.0696 0.1155 0.0870 0.0881 0.0658 0.0548 
        H083  2 0.0871 0.0907 0.0947 0.0913 0.0771 0.0910 0.0765 0.0821 0.0918 0.0879 0.0743 0.0554 
        H084  2 0.0839 0.0788 0.0775 0.0784 0.0737 0.0847 0.0611 0.1024 0.0778 0.0874 0.0952 0.0990 
        H085  2 0.0980 0.0761 0.0942 0.0812 0.1022 0.0799 0.0761 0.0759 0.0819 0.0802 0.0821 0.0724 
        H087  2 0.0879 0.0782 0.1063 0.0772 0.1206 0.0821 0.0550 0.0787 0.0760 0.0861 0.0945 0.0575 
        H088  2 0.0852 0.0756 0.0805 0.0733 0.0824 0.0729 0.1215 0.0722 0.0740 0.0784 0.0850 0.0988 
        H089  2 0.0957 0.0853 0.0877 0.0841 0.0953 0.0838 0.0655 0.0745 0.0841 0.0855 0.0761 0.0824 
        H090  2 0.0882 0.0888 0.0936 0.0906 0.0813 0.0858 0.0638 0.0893 0.0888 0.0869 0.0823 0.0607 
        H091  2 0.0960 0.0831 0.0878 0.0866 0.0863 0.0895 0.0481 0.0892 0.0892 0.0829 0.0777 0.0836 
        H098  2 0.0919 0.0826 0.0830 0.0811 0.0933 0.0819 0.0693 0.1125 0.0828 0.0843 0.0707 0.0666 
      H10001  2 0.0739 0.0616 0.0609 0.0637 0.0765 0.0632 0.2403 0.0764 0.0621 0.0627 0.0798 0.0789 
      H10002  2 0.0888 0.0741 0.0762 0.0778 0.0811 0.0722 0.1175 0.0710 0.0758 0.0787 0.0798 0.1070 
        H101  2 0.0826 0.0870 0.0803 0.0860 0.0721 0.0847 0.0545 0.1046 0.0834 0.0848 0.0825 0.0974 
        H108  2 0.0799 0.0734 0.0863 0.0794 0.1267 0.0792 0.0809 0.0702 0.0791 0.0814 0.0989 0.0646 
        H109  2 0.0777 0.0822 0.0773 0.0807 0.0721 0.0809 0.0822 0.0992 0.0793 0.0878 0.0769 0.1037 
        H110  2 0.0992 0.0793 0.0864 0.0815 0.0944 0.0835 0.0633 0.0871 0.0805 0.0891 0.0935 0.0623 
        H116  2 0.0814 0.0866 0.0844 0.0876 0.0780 0.0921 0.0757 0.0797 0.0883 0.0870 0.0787 0.0807 
        H117  2 0.0799 0.0835 0.0846 0.0861 0.0952 0.0855 0.0458 0.0961 0.0804 0.0862 0.1039 0.0728 
        H118  2 0.0907 0.0934 0.0978 0.0984 0.0844 0.0948 0.0447 0.0783 0.0955 0.0869 0.0735 0.0617 
        H119  2 0.0788 0.0811 0.0728 0.0826 0.0853 0.0784 0.0634 0.0796 0.0830 0.0792 0.1346 0.0813 
        H120  2 0.0825 0.0707 0.0733 0.0673 0.0996 0.0688 0.1771 0.0658 0.0688 0.0705 0.0835 0.0719 
        H121  2 0.0959 0.0875 0.0889 0.0874 0.0939 0.0880 0.0578 0.0777 0.0871 0.0833 0.0788 0.0737 
        H125  2 0.0663 0.0636 0.0593 0.0628 0.0858 0.0653 0.1767 0.0668 0.0611 0.0659 0.0861 0.1402 
        H126  2 0.0824 0.0917 0.0806 0.0947 0.0735 0.0871 0.1258 0.0691 0.0916 0.0843 0.0684 0.0506 
        H128  2 0.0804 0.1012 0.0917 0.1036 0.0727 0.1060 0.0413 0.0853 0.1039 0.0855 0.0653 0.0631 
        H129  2 0.0767 0.0961 0.0947 0.1005 0.0825 0.0966 0.0472 0.0790 0.0976 0.0903 0.0741 0.0647 
        H130  2 0.0706 0.0763 0.0806 0.0814 0.0768 0.0806 0.1456 0.0756 0.0821 0.0863 0.0791 0.0650 
        H133  2 0.0727 0.0770 0.0723 0.0767 0.0722 0.0745 0.1770 0.0644 0.0738 0.0749 0.0774 0.0871 
        H134  2 0.0692 0.1101 0.0859 0.1101 0.0642 0.1084 0.0615 0.0703 0.1112 0.0841 0.0694 0.0556 
        H135  2 0.0878 0.0808 0.0830 0.0814 0.0908 0.0803 0.0911 0.0727 0.0802 0.0822 0.0876 0.0820 
        H137  2 0.0800 0.0841 0.0903 0.0836 0.0961 0.0824 0.0546 0.0849 0.0806 0.0904 0.0867 0.0862 
        H138  2 0.0831 0.0983 0.0848 0.0929 0.0698 0.0940 0.0644 0.0717 0.0957 0.0952 0.0825 0.0674 
        H140  2 0.0778 0.0880 0.0916 0.0869 0.0894 0.0850 0.0867 0.0726 0.0858 0.0858 0.0791 0.0714 
        H146  2 0.0883 0.0911 0.0866 0.0929 0.0797 0.0961 0.0593 0.0753 0.0954 0.0834 0.0711 0.0809 
        H147  2 0.0947 0.0847 0.0787 0.0827 0.0841 0.0857 0.0781 0.0935 0.0849 0.0851 0.0830 0.0649 
        H148  2 0.0885 0.0829 0.0934 0.0802 0.0928 0.0811 0.0510 0.0935 0.0808 0.0879 0.0965 0.0715 
     H166022  2 0.0899 0.0841 0.0817 0.0830 0.0760 0.0850 0.0530 0.1045 0.0872 0.0914 0.0811 0.0831 
     H167359  2 0.0782 0.0918 0.0873 0.0868 0.0730 0.0872 0.0847 0.0757 0.0908 0.0888 0.0667 0.0890 
     H167397  2 0.0918 0.0887 0.0802 0.0861 0.0753 0.0866 0.0472 0.1295 0.0897 0.0924 0.0720 0.0605 
     H167428  2 0.0838 0.0881 0.1120 0.0899 0.1104 0.0894 0.0442 0.0717 0.0902 0.0827 0.0754 0.0622 
     H167496  2 0.0796 0.0708 0.0797 0.0704 0.0900 0.0701 0.1098 0.0739 0.0687 0.0749 0.0841 0.1280 
     H167513  2 0.0730 0.0712 0.0766 0.0711 0.0750 0.0722 0.1115 0.1790 0.0691 0.0724 0.0640 0.0649 
     H167545  2 0.0955 0.0922 0.0824 0.0909 0.0718 0.0889 0.0523 0.0835 0.0890 0.0922 0.0810 0.0802 
     H167547  2 0.0768 0.0906 0.0841 0.0975 0.0594 0.0966 0.0656 0.0991 0.0935 0.0926 0.0671 0.0771 
     H169621  2 0.0841 0.0885 0.0928 0.0883 0.0793 0.0920 0.0596 0.0864 0.0940 0.0916 0.0756 0.0677 
     H169622  2 0.0828 0.0901 0.0803 0.0893 0.0800 0.0897 0.0762 0.0738 0.0920 0.0793 0.0748 0.0916 
     H169750  2 0.0745 0.0809 0.0751 0.0801 0.0734 0.0852 0.1009 0.0824 0.0821 0.0854 0.0753 0.1047 
     H171806  2 0.0793 0.0820 0.0771 0.0870 0.0730 0.0905 0.0647 0.0765 0.0854 0.0818 0.0997 0.1029 
     H171808  2 0.0871 0.0879 0.0831 0.0839 0.0755 0.0872 0.0564 0.0751 0.0883 0.0897 0.1045 0.0814 
     H171809  2 0.0885 0.0822 0.0875 0.0810 0.0937 0.0801 0.0894 0.0759 0.0841 0.0825 0.0893 0.0658 
     H171813  2 0.0920 0.0916 0.0857 0.0856 0.0742 0.0914 0.0861 0.0813 0.0899 0.0826 0.0737 0.0659 
     H171815  2 0.0705 0.0713 0.0658 0.0716 0.0629 0.0712 0.1912 0.0658 0.0711 0.0729 0.0677 0.1178 
     H171824  2 0.0810 0.0735 0.0825 0.0760 0.1067 0.0749 0.0669 0.0767 0.0743 0.0742 0.1112 0.1022 
     H171825  2 0.0879 0.0831 0.0816 0.0878 0.0856 0.0880 0.0601 0.0733 0.0849 0.0863 0.0873 0.0940 
     H171826  2 0.0774 0.0794 0.0875 0.0768 0.0961 0.0784 0.0794 0.0851 0.0767 0.0806 0.1053 0.0775 
     H171827  2 0.1034 0.0777 0.0759 0.0801 0.0780 0.0819 0.0680 0.0894 0.0828 0.0850 0.0978 0.0800 
     H171828  2 0.0801 0.0706 0.0688 0.0671 0.0937 0.0705 0.1345 0.0791 0.0673 0.0734 0.1105 0.0845 
     H171829  2 0.0757 0.0858 0.0700 0.0933 0.0635 0.0881 0.0860 0.0897 0.0922 0.0824 0.0765 0.0967 
     H171830  2 0.0857 0.0758 0.0779 0.0768 0.0790 0.0793 0.1176 0.1097 0.0780 0.0767 0.0696 0.0739 
     H171831  2 0.0734 0.0956 0.0900 0.0914 0.0733 0.0935 0.0645 0.1017 0.0968 0.0836 0.0732 0.0630 
     H171832  2 0.0815 0.0892 0.0888 0.0892 0.0775 0.0876 0.0896 0.0777 0.0876 0.0888 0.0742 0.0683 
     H171863  2 0.0787 0.0959 0.0899 0.0967 0.0676 0.0972 0.0623 0.0860 0.0930 0.0892 0.0658 0.0778 
     H171864  2 0.0863 0.0869 0.0812 0.0820 0.0865 0.0790 0.0601 0.0988 0.0827 0.0835 0.0992 0.0738 
     H171865  2 0.0734 0.0740 0.0698 0.0759 0.0732 0.0750 0.1453 0.0759 0.0757 0.0754 0.0776 0.1087 
     H171879  2 0.0833 0.0841 0.0843 0.0857 0.0743 0.0863 0.0870 0.0783 0.0880 0.0882 0.0790 0.0816 
     H171880  2 0.0826 0.0802 0.0802 0.0838 0.0782 0.0815 0.0579 0.1150 0.0819 0.0852 0.0836 0.0901 
     H171881  2 0.0798 0.0774 0.1079 0.0820 0.1152 0.0803 0.0482 0.0837 0.0846 0.0863 0.0773 0.0773 
     H171882  2 0.0746 0.0660 0.0669 0.0664 0.0737 0.0668 0.2423 0.0649 0.0682 0.0692 0.0704 0.0706 
     H171929  2 0.0871 0.0851 0.0984 0.0860 0.0944 0.0832 0.0768 0.0861 0.0857 0.0884 0.0719 0.0569 
     H171930  2 0.0899 0.0926 0.0796 0.0913 0.0621 0.0878 0.0548 0.0916 0.0946 0.0978 0.0741 0.0837 
     H171933  2 0.0854 0.0834 0.0914 0.0874 0.0800 0.0822 0.0604 0.0785 0.0890 0.0954 0.0748 0.0920 
     H171934  2 0.0827 0.0835 0.0856 0.0874 0.0886 0.0822 0.0576 0.0752 0.0811 0.0814 0.1006 0.0941 
     H171937  2 0.0798 0.0959 0.0802 0.0967 0.0689 0.0950 0.0850 0.0729 0.0962 0.0866 0.0694 0.0734 
     H171962  2 0.0898 0.0839 0.1024 0.0863 0.1040 0.0851 0.0570 0.0762 0.0881 0.0830 0.0758 0.0686 
        H190  2 0.0923 0.0866 0.0972 0.0861 0.0924 0.0838 0.0601 0.0774 0.0837 0.0915 0.0751 0.0740 
        H191  2 0.0814 0.0838 0.0883 0.0845 0.0939 0.0835 0.0707 0.0860 0.0827 0.0848 0.0925 0.0680 
        H396  2 0.0920 0.0852 0.0884 0.0822 0.1083 0.0822 0.0538 0.0735 0.0856 0.0827 0.0771 0.0890 
        H397  2 0.0909 0.0848 0.0881 0.0892 0.0774 0.0842 0.0616 0.0807 0.0873 0.0904 0.0778 0.0877 
        H398  2 0.0762 0.0895 0.0839 0.0898 0.0776 0.0886 0.0802 0.0685 0.0900 0.0813 0.0791 0.0953 
        H400  2 0.0904 0.0847 0.0860 0.0839 0.0811 0.0829 0.0730 0.0795 0.0843 0.0860 0.0809 0.0872 
        H401  2 0.0815 0.0907 0.0868 0.0934 0.0697 0.0945 0.0518 0.1174 0.0920 0.0908 0.0664 0.0650 
        H402  2 0.0822 0.0814 0.0854 0.0858 0.0888 0.0872 0.0590 0.0970 0.0822 0.0887 0.0724 0.0899 
        H427  2 0.0874 0.0892 0.0855 0.0852 0.0933 0.0836 0.0652 0.0787 0.0840 0.0864 0.0801 0.0814 
        H428  2 0.0818 0.0908 0.1163 0.0875 0.1085 0.0859 0.0438 0.0730 0.0876 0.0825 0.0772 0.0650 
        H497  2 0.0765 0.0750 0.0706 0.0722 0.0727 0.0748 0.1512 0.1235 0.0733 0.0706 0.0773 0.0621 
        H512  2 0.0819 0.0840 0.0791 0.0822 0.0777 0.0817 0.0807 0.1039 0.0851 0.0798 0.0767 0.0871 
        H513  2 0.0720 0.0717 0.0786 0.0709 0.0718 0.0714 0.1108 0.1788 0.0709 0.0766 0.0624 0.0642 
        H514  2 0.0822 0.0815 0.0803 0.0830 0.0672 0.0890 0.1245 0.0792 0.0830 0.0863 0.0691 0.0746 
        H519  2 0.0747 0.0719 0.0797 0.0741 0.0775 0.0735 0.1016 0.1687 0.0720 0.0765 0.0645 0.0653 
        H532  2 0.0881 0.0895 0.0901 0.0886 0.0892 0.0858 0.0496 0.0752 0.0887 0.0857 0.0786 0.0910 
        H543  2 0.1038 0.0853 0.0839 0.0844 0.0810 0.0844 0.0562 0.0925 0.0838 0.0941 0.0773 0.0734 
        H544  2 0.0758 0.0923 0.0859 0.0905 0.0688 0.0918 0.1162 0.0656 0.0945 0.0809 0.0640 0.0736 
        H545  2 0.0951 0.0997 0.0764 0.0950 0.0716 0.0926 0.0511 0.0817 0.0918 0.0940 0.0772 0.0739 
        H546  2 0.0820 0.0829 0.0864 0.0839 0.0896 0.0828 0.0949 0.0768 0.0805 0.0864 0.0685 0.0852 
        H547  2 0.0756 0.0979 0.0841 0.0927 0.0621 0.0942 0.0670 0.0984 0.0959 0.0892 0.0661 0.0767 
        H548  2 0.0956 0.0848 0.0815 0.0848 0.0820 0.0826 0.0727 0.0784 0.0855 0.0863 0.0843 0.0816 
        H549  2 0.0750 0.0790 0.0696 0.0803 0.0632 0.0779 0.0922 0.1196 0.0767 0.0768 0.0616 0.1281 
        H620  2 0.0735 0.0665 0.0626 0.0669 0.0768 0.0679 0.2145 0.0646 0.0664 0.0705 0.0773 0.0927 
        H623  2 0.0832 0.0889 0.0947 0.0885 0.0887 0.0877 0.0740 0.0859 0.0879 0.0898 0.0666 0.0641 
        H624  2 0.0725 0.0829 0.0676 0.0807 0.0566 0.0818 0.1799 0.0758 0.0795 0.0743 0.0638 0.0846 
        H625  2 0.0933 0.0823 0.0874 0.0853 0.0949 0.0847 0.0551 0.0813 0.0830 0.0868 0.0782 0.0876 
        H626  2 0.0855 0.0837 0.0766 0.0819 0.0753 0.0847 0.0742 0.0990 0.0826 0.0842 0.0838 0.0886 
        H654  2 0.0633 0.0659 0.0624 0.0640 0.0675 0.0662 0.2342 0.0738 0.0668 0.0709 0.0638 0.1011 
        H655  2 0.0879 0.0780 0.0775 0.0790 0.0706 0.0780 0.1140 0.0756 0.0793 0.0836 0.0821 0.0943 
        H656  2 0.0773 0.0712 0.0729 0.0682 0.0917 0.0673 0.1893 0.0642 0.0684 0.0743 0.0818 0.0735 
        H666  2 0.0705 0.0716 0.0750 0.0743 0.0878 0.0753 0.1360 0.0775 0.0724 0.0751 0.0875 0.0971 
        H667  2 0.0904 0.0865 0.0794 0.0847 0.0784 0.0856 0.0738 0.0826 0.0853 0.0864 0.0980 0.0690 
        H677  2 0.0943 0.0856 0.0832 0.0870 0.0757 0.0903 0.0712 0.0657 0.0901 0.0871 0.0779 0.0916 
        H693  2 0.0876 0.0686 0.0945 0.0709 0.1306 0.0708 0.1034 0.0701 0.0699 0.0721 0.0904 0.0710 
        H694  2 0.0872 0.0872 0.0980 0.0863 0.0981 0.0866 0.0620 0.0801 0.0886 0.0911 0.0776 0.0572 
        H701  2 0.0876 0.0868 0.0859 0.0882 0.0828 0.0851 0.0750 0.0878 0.0863 0.0912 0.0751 0.0681 
        H702  2 0.0814 0.0776 0.0878 0.0801 0.0883 0.0802 0.0708 0.0988 0.0804 0.0868 0.0882 0.0796 
        H731  2 0.0843 0.0808 0.0803 0.0827 0.0816 0.0832 0.1014 0.0833 0.0781 0.0815 0.0898 0.0730 
       H7359  2 0.0759 0.0868 0.0914 0.0887 0.0752 0.0867 0.0824 0.0772 0.0849 0.0885 0.0707 0.0917 
       H7389  2 0.0775 0.0893 0.0780 0.0846 0.0754 0.0906 0.0591 0.0868 0.0855 0.0864 0.0792 0.1076 
       H7390  2 0.0761 0.0799 0.0764 0.0727 0.0767 0.0766 0.0772 0.0727 0.0774 0.0820 0.0829 0.1494 
       H7391  2 0.0860 0.0787 0.0892 0.0773 0.1083 0.0818 0.0491 0.0789 0.0768 0.0813 0.1105 0.0823 
       H7392  2 0.0804 0.0876 0.0824 0.0869 0.0860 0.0886 0.0499 0.0699 0.0919 0.0853 0.0769 0.1143 
       H7393  2 0.0736 0.0762 0.0768 0.0785 0.0701 0.0788 0.1214 0.0965 0.0807 0.0783 0.0688 0.1004 
       H7398  2 0.0910 0.0797 0.0943 0.0838 0.1028 0.0786 0.0674 0.0828 0.0783 0.0811 0.0817 0.0785 
       H7399  2 0.0966 0.0936 0.0877 0.0894 0.0811 0.0916 0.0546 0.0689 0.0952 0.0866 0.0858 0.0689 
       H7400  2 0.0693 0.0653 0.0645 0.0648 0.0744 0.0665 0.2562 0.0593 0.0652 0.0700 0.0653 0.0792 
        H745  2 0.0731 0.0906 0.0798 0.0975 0.0726 0.1037 0.0583 0.1009 0.0982 0.0831 0.0875 0.0546 
        H746  2 0.0990 0.0932 0.0795 0.0883 0.0696 0.0905 0.0682 0.0805 0.0901 0.0893 0.0825 0.0693 
        H747  2 0.0818 0.0718 0.0723 0.0768 0.0734 0.0746 0.0781 0.0936 0.0760 0.0730 0.0907 0.1378 
        H748  2 0.0883 0.0848 0.0758 0.0804 0.0687 0.0835 0.0917 0.0871 0.0795 0.0859 0.0838 0.0906 
       H7484  2 0.0716 0.0741 0.0745 0.0744 0.0966 0.0748 0.1319 0.0715 0.0745 0.0744 0.1066 0.0751 
       H7485  2 0.0823 0.0815 0.0818 0.0804 0.0804 0.0807 0.1038 0.1175 0.0810 0.0812 0.0671 0.0624 
        H749  2 0.0923 0.0903 0.0831 0.0863 0.0703 0.0865 0.0782 0.0875 0.0867 0.0887 0.0818 0.0681 
        H930  2 0.0897 0.0894 0.0808 0.0871 0.0662 0.0864 0.0550 0.0962 0.0866 0.0995 0.0786 0.0845 
        H931  2 0.0844 0.0822 0.0953 0.0859 0.0982 0.0876 0.0852 0.0746 0.0854 0.0778 0.0774 0.0660 
        H932  2 0.0811 0.0867 0.0768 0.0866 0.0751 0.0888 0.0612 0.0784 0.0877 0.0850 0.0993 0.0932 
        H111  3 0.0863 0.0916 0.0825 0.0909 0.0726 0.0910 0.0573 0.1016 0.0904 0.0901 0.0789 0.0668 
        H951  3 0.0819 0.0896 0.0863 0.0892 0.0759 0.0908 0.0684 0.1094 0.0885 0.0845 0.0719 0.0636 
        H952  3 0.0847 0.0868 0.0771 0.0911 0.0691 0.0864 0.0605 0.0766 0.0880 0.0868 0.0957 0.0973 
        H953  3 0.0880 0.0855 0.0914 0.0870 0.0942 0.0874 0.0450 0.0849 0.0855 0.0829 0.0888 0.0794 
        H954  3 0.0733 0.0727 0.0713 0.0726 0.0729 0.0722 0.1661 0.0801 0.0737 0.0763 0.0693 0.0994 
        H955  3 0.0949 0.0918 0.0813 0.0887 0.0749 0.0852 0.0577 0.0858 0.0884 0.0927 0.0726 0.0860 
        H956  3 0.0932 0.0789 0.0798 0.0800 0.0847 0.0811 0.0549 0.1041 0.0808 0.0743 0.0951 0.0931 
       H9563  3 0.0829 0.0802 0.0793 0.0793 0.1002 0.0755 0.0682 0.1013 0.0795 0.0840 0.0969 0.0727 
        H002  4 0.0834 0.0787 0.0684 0.0851 0.0697 0.0812 0.1401 0.0695 0.0815 0.0793 0.0749 0.0883 
        H003  4 0.0969 0.0927 0.0780 0.0877 0.0796 0.0887 0.0647 0.0730 0.0865 0.0853 0.0973 0.0696 
        H009  4 0.0798 0.0886 0.0839 0.0910 0.0715 0.0885 0.0730 0.0831 0.0970 0.0859 0.0756 0.0823 
        H010  4 0.0798 0.0841 0.0922 0.0850 0.0955 0.0878 0.0538 0.0750 0.0810 0.0879 0.0971 0.0808 
        H011  4 0.0800 0.0703 0.0941 0.0708 0.1191 0.0743 0.1045 0.0743 0.0714 0.0770 0.0869 0.0773 
        H012  4 0.0864 0.0828 0.0921 0.0850 0.0825 0.0828 0.0877 0.0854 0.0833 0.0900 0.0778 0.0642 
        H013  4 0.0998 0.0774 0.0781 0.0783 0.0950 0.0793 0.1070 0.0789 0.0773 0.0781 0.0858 0.0651 
        H014  4 0.0733 0.0849 0.0927 0.0849 0.0968 0.0816 0.0683 0.0824 0.0840 0.0857 0.0963 0.0691 
        H045  4 0.0912 0.0764 0.0905 0.0760 0.1082 0.0795 0.0676 0.0868 0.0772 0.0779 0.0740 0.0945 
        H046  4 0.0897 0.0922 0.0830 0.0895 0.0763 0.0899 0.0513 0.0723 0.0919 0.0855 0.0903 0.0880 
        H051  4 0.0907 0.0761 0.0841 0.0744 0.0995 0.0764 0.1017 0.0811 0.0762 0.0835 0.0890 0.0672 
        H052  4 0.0742 0.0863 0.0815 0.0857 0.0819 0.0869 0.1171 0.0716 0.0886 0.0809 0.0763 0.0688 
        H053  4 0.0843 0.0786 0.0829 0.0804 0.0800 0.0768 0.0670 0.0885 0.0790 0.0791 0.0996 0.1038 
        H056  4 0.0748 0.0737 0.0779 0.0747 0.0794 0.0755 0.1628 0.0885 0.0769 0.0749 0.0749 0.0660 
        H076  4 0.0770 0.0902 0.0930 0.0921 0.0968 0.0947 0.0550 0.0788 0.0907 0.0879 0.0836 0.0602 
        H151  4 0.0733 0.0758 0.0686 0.0740 0.0793 0.0757 0.1323 0.0715 0.0758 0.0745 0.0921 0.1072 
        H152  4 0.0764 0.0846 0.0744 0.0865 0.0665 0.0832 0.1475 0.0636 0.0862 0.0787 0.0824 0.0700 
     H171803  4 0.0830 0.0727 0.0654 0.0743 0.0668 0.0737 0.0732 0.0791 0.0765 0.0788 0.0765 0.1800 
     H171804  4 0.0819 0.0798 0.0759 0.0811 0.0756 0.0806 0.0811 0.0959 0.0754 0.0823 0.0793 0.1111 
     H171833  4 0.0748 0.0933 0.0831 0.0962 0.0697 0.1014 0.0803 0.0792 0.0941 0.0887 0.0723 0.0667 
     H171855  4 0.0680 0.0765 0.0667 0.0773 0.0778 0.0747 0.1535 0.0736 0.0769 0.0767 0.0967 0.0816 
     H171856  4 0.0830 0.0863 0.0771 0.0839 0.0717 0.0808 0.0712 0.1011 0.0836 0.0810 0.0723 0.1079 
     H171857  4 0.0702 0.0789 0.0718 0.0811 0.0760 0.0799 0.0760 0.0961 0.0803 0.0794 0.1255 0.0850 
     H171858  4 0.0898 0.0898 0.0800 0.0912 0.0717 0.0895 0.0883 0.0761 0.0881 0.0851 0.0814 0.0690 
     H171859  4 0.0824 0.0872 0.0820 0.0861 0.0806 0.0833 0.0871 0.0752 0.0855 0.0832 0.0899 0.0774 
     H171961  4 0.0932 0.0755 0.0825 0.0781 0.1074 0.0751 0.0823 0.0875 0.0746 0.0805 0.0862 0.0771 
        H198  4 0.0847 0.0940 0.0847 0.0925 0.0849 0.0938 0.0533 0.0778 0.0880 0.0903 0.0858 0.0702 
      H20001  4 0.0792 0.0911 0.0806 0.0869 0.0671 0.0879 0.0721 0.1137 0.0894 0.0889 0.0678 0.0753 
        H403  4 0.0732 0.0833 0.0800 0.0842 0.0747 0.0853 0.0960 0.0923 0.0862 0.0860 0.0720 0.0868 
        H404  4 0.0988 0.0843 0.0865 0.0853 0.0874 0.0829 0.0658 0.0825 0.0861 0.0855 0.0950 0.0600 
        H405  4 0.0915 0.0879 0.0733 0.0878 0.0742 0.0875 0.0662 0.0859 0.0895 0.0856 0.0856 0.0850 
        H406  4 0.0742 0.0910 0.0789 0.0921 0.0622 0.0962 0.1003 0.0989 0.0879 0.0858 0.0633 0.0692 
        H407  4 0.0834 0.0815 0.0747 0.0803 0.0760 0.0818 0.0449 0.0853 0.0825 0.0831 0.0992 0.1274 
        H410  4 0.0793 0.0872 0.0921 0.0874 0.0777 0.0935 0.0466 0.0866 0.0902 0.0900 0.0872 0.0821 
        H411  4 0.0766 0.0914 0.0796 0.0855 0.0657 0.0855 0.0826 0.1176 0.0899 0.0898 0.0855 0.0501 
        H468  4 0.0778 0.0867 0.0729 0.0868 0.0639 0.0866 0.0715 0.0917 0.0882 0.0843 0.0645 0.1250 
        H476  4 0.0785 0.0844 0.0827 0.0839 0.0693 0.0815 0.1003 0.0829 0.0847 0.0872 0.0751 0.0893 
        H477  4 0.0824 0.0986 0.0805 0.0941 0.0605 0.0944 0.0429 0.0787 0.0981 0.0879 0.0899 0.0921 
        H478  4 0.0859 0.0782 0.0764 0.0774 0.0785 0.0796 0.1028 0.0995 0.0766 0.0840 0.0752 0.0859 
        H479  4 0.0957 0.0807 0.0836 0.0835 0.0946 0.0828 0.0785 0.0748 0.0822 0.0827 0.0834 0.0776 
        H480  4 0.0944 0.0873 0.0773 0.0914 0.0629 0.0882 0.0651 0.1022 0.0907 0.0919 0.0670 0.0816 
        H498  4 0.0879 0.0833 0.0828 0.0838 0.0835 0.0842 0.0926 0.0760 0.0856 0.0883 0.0850 0.0671 
        H499  4 0.0885 0.0864 0.0767 0.0841 0.0767 0.0819 0.0988 0.0824 0.0824 0.0813 0.0791 0.0817 
        H500  4 0.0759 0.0696 0.0672 0.0714 0.0688 0.0686 0.1305 0.0697 0.0704 0.0725 0.0752 0.1602 
        H515  4 0.0791 0.0779 0.0772 0.0777 0.0737 0.0754 0.1023 0.1030 0.0768 0.0806 0.0839 0.0924 
        H516  4 0.0757 0.0885 0.0852 0.0929 0.0781 0.0921 0.0800 0.0719 0.0905 0.0923 0.0823 0.0705 
        H517  4 0.0781 0.0869 0.0821 0.0862 0.0742 0.0859 0.0589 0.0799 0.0871 0.0852 0.0966 0.0988 
        H518  4 0.0718 0.0844 0.0793 0.0857 0.0886 0.0833 0.0996 0.0738 0.0847 0.0824 0.0996 0.0667 
        H520  4 0.0709 0.0829 0.0721 0.0803 0.0787 0.0829 0.0862 0.0793 0.0816 0.0777 0.0849 0.1225 
        H521  4 0.0843 0.0825 0.0940 0.0847 0.1076 0.0831 0.0502 0.0786 0.0841 0.0843 0.0948 0.0716 
        H522  4 0.0834 0.0815 0.0762 0.0798 0.0706 0.0818 0.0665 0.0884 0.0806 0.0816 0.0790 0.1307 
        H523  4 0.0855 0.0832 0.0808 0.0829 0.0696 0.0838 0.0893 0.0996 0.0848 0.0832 0.0790 0.0782 
        H536  4 0.0846 0.0862 0.0768 0.0899 0.0806 0.0905 0.0666 0.0708 0.0894 0.0805 0.0901 0.0940 
        H645  4 0.0983 0.0797 0.0865 0.0760 0.1104 0.0763 0.0646 0.0742 0.0757 0.0795 0.0959 0.0827 
        H646  4 0.0828 0.0916 0.0921 0.0936 0.0788 0.0916 0.0476 0.0771 0.0991 0.0894 0.0664 0.0899 
        H647  4 0.0741 0.0920 0.0834 0.0910 0.0720 0.0907 0.0625 0.0813 0.0880 0.0848 0.0739 0.1061 
        H657  4 0.0866 0.0934 0.0828 0.0897 0.0779 0.0919 0.0506 0.0764 0.0903 0.0911 0.0773 0.0920 
        H658  4 0.0896 0.0752 0.0782 0.0804 0.0790 0.0789 0.0564 0.0868 0.0778 0.0828 0.0843 0.1306 
        H659  4 0.0696 0.0669 0.0618 0.0631 0.0668 0.0670 0.1709 0.0891 0.0662 0.0695 0.1009 0.1083 
        H660  4 0.0825 0.0795 0.0812 0.0785 0.0756 0.0795 0.1280 0.0953 0.0768 0.0831 0.0718 0.0680 
        H661  4 0.0755 0.0809 0.0814 0.0784 0.0843 0.0807 0.1113 0.0825 0.0766 0.0808 0.0973 0.0702 
        H668  4 0.0895 0.0836 0.0838 0.0812 0.0957 0.0846 0.0590 0.0776 0.0848 0.0859 0.1096 0.0647 
        H669  4 0.0840 0.0836 0.0966 0.0803 0.0906 0.0822 0.0816 0.0796 0.0791 0.0804 0.0769 0.0851 
        H670  4 0.0965 0.0797 0.0820 0.0789 0.1073 0.0807 0.0725 0.0654 0.0800 0.0810 0.1014 0.0746 
        H678  4 0.0883 0.0811 0.0756 0.0791 0.0742 0.0790 0.0682 0.1234 0.0806 0.0843 0.0836 0.0824 
        H679  4 0.0888 0.0863 0.0858 0.0892 0.0826 0.0904 0.0718 0.0811 0.0883 0.0923 0.0713 0.0722 
        H680  4 0.0734 0.0855 0.0775 0.0842 0.0785 0.0860 0.0581 0.0976 0.0861 0.0830 0.1163 0.0738 
        H681  4 0.0922 0.0739 0.0790 0.0757 0.0867 0.0750 0.1398 0.0708 0.0739 0.0752 0.0886 0.0692 
        H682  4 0.0912 0.0767 0.0784 0.0791 0.0778 0.0758 0.0519 0.1052 0.0799 0.0847 0.0867 0.1125 
        H683  4 0.0687 0.0826 0.0756 0.0787 0.0706 0.0851 0.1515 0.0707 0.0831 0.0795 0.0696 0.0844 
        H718  4 0.0718 0.0787 0.0735 0.0784 0.0866 0.0764 0.1324 0.0679 0.0790 0.0789 0.0719 0.1045 
        H719  4 0.0852 0.0747 0.1066 0.0749 0.1365 0.0740 0.0581 0.0847 0.0738 0.0817 0.0753 0.0745 
        H720  4 0.0811 0.0779 0.0842 0.0821 0.0975 0.0800 0.0918 0.1048 0.0828 0.0786 0.0823 0.0571 
        H721  4 0.0846 0.0867 0.0821 0.0862 0.0795 0.0849 0.0797 0.0779 0.0887 0.0870 0.0798 0.0828 
        H722  4 0.0675 0.0844 0.0733 0.0844 0.0688 0.0853 0.1703 0.0812 0.0860 0.0705 0.0655 0.0629 
        H723  4 0.0736 0.0721 0.0781 0.0766 0.0786 0.0728 0.1529 0.0783 0.0742 0.0809 0.0733 0.0886 
        H724  4 0.0722 0.0709 0.0718 0.0734 0.0918 0.0673 0.0874 0.0734 0.0741 0.0763 0.1102 0.1310 
        H725  4 0.0736 0.0756 0.0762 0.0767 0.0805 0.0763 0.1309 0.0733 0.0806 0.0772 0.0749 0.1042 
        H726  4 0.0713 0.0762 0.0796 0.0749 0.0790 0.0777 0.1615 0.0710 0.0765 0.0807 0.0686 0.0829 
        H727  4 0.0831 0.0755 0.0866 0.0752 0.1024 0.0749 0.0752 0.0752 0.0743 0.0777 0.1196 0.0804 
        H910  4 0.0884 0.0772 0.0805 0.0746 0.0875 0.0783 0.0763 0.0944 0.0772 0.0799 0.1134 0.0723 
