        H102  1 0.1657 0.1023 0.1305 0.1793 0.2527 0.1696 
        H103  1 0.1484 0.0813 0.1932 0.0713 0.1397 0.3660 
        H104  1 0.1845 0.1949 0.1210 0.1944 0.2086 0.0967 
        H105  1 0.1231 0.1764 0.1383 0.1992 0.1810 0.1820 
        H106  1 0.1912 0.1203 0.1581 0.1692 0.1648 0.1965 
        H112  1 0.1644 0.1477 0.1355 0.1684 0.2511 0.1329 
        H113  1 0.1651 0.3656 0.1136 0.1169 0.1144 0.1245 
        H114  1 0.1657 0.3101 0.1411 0.1184 0.1069 0.1578 
        H115  1 0.1601 0.1756 0.1058 0.1915 0.2539 0.1131 
        H143  1 0.1239 0.1767 0.1647 0.1972 0.1755 0.1620 
        H144  1 0.0945 0.1497 0.3124 0.1958 0.0717 0.1759 
        H145  1 0.1673 0.1053 0.2170 0.0900 0.1930 0.2275 
        H149  1 0.2155 0.1230 0.1229 0.2181 0.1952 0.1253 
        H150  1 0.1572 0.1631 0.2525 0.1247 0.1813 0.1212 
     H167542  1 0.0952 0.2786 0.0904 0.3465 0.0923 0.0970 
     H169604  1 0.1411 0.1931 0.1505 0.2122 0.1390 0.1641 
     H169607  1 0.1304 0.1520 0.2247 0.1530 0.1369 0.2030 
     H169608  1 0.1846 0.0775 0.0999 0.1225 0.3937 0.1217 
     H169633  1 0.1569 0.2611 0.1586 0.1813 0.0995 0.1426 
     H169688  1 0.1474 0.0822 0.3022 0.1246 0.1301 0.2135 
     H169714  1 0.2026 0.1592 0.1486 0.1723 0.1867 0.1306 
     H171802  1 0.1830 0.1857 0.1175 0.1924 0.1749 0.1465 
     H171805  1 0.1571 0.1042 0.2029 0.1010 0.1256 0.3092 
     H171807  1 0.1559 0.1075 0.1843 0.1925 0.1789 0.1808 
     H171814  1 0.1905 0.2564 0.2303 0.0787 0.1127 0.1314 
     H171816  1 0.1729 0.1368 0.1643 0.1550 0.2090 0.1620 
     H171817  1 0.1775 0.1524 0.1352 0.1681 0.1982 0.1687 
     H171818  1 0.1748 0.1682 0.1688 0.1957 0.1167 0.1757 
     H171819  1 0.1856 0.2114 0.1543 0.1301 0.1476 0.1710 
     H171834  1 0.1946 0.1199 0.1440 0.1313 0.1958 0.2144 
     H171835  1 0.2650 0.1910 0.1017 0.1759 0.1894 0.0770 
     H171836  1 0.1720 0.1869 0.1918 0.0945 0.0786 0.2762 
     H171837  1 0.1488 0.2208 0.1279 0.1957 0.1887 0.1181 
     H171838  1 0.1759 0.1155 0.1708 0.0789 0.1346 0.3243 
     H171839  1 0.1899 0.2176 0.1265 0.1894 0.1756 0.1010 
     H171841  1 0.1114 0.0647 0.1094 0.2326 0.3690 0.1129 
     H171860  1 0.1653 0.2279 0.1463 0.1539 0.1724 0.1342 
     H171861  1 0.1262 0.1428 0.1836 0.1306 0.0996 0.3173 
     H171862  1 0.1497 0.1463 0.2071 0.1286 0.1595 0.2088 
     H171868  1 0.1218 0.2114 0.1267 0.2763 0.1311 0.1328 
     H171869  1 0.1584 0.1089 0.3141 0.1077 0.1126 0.1981 
     H171870  1 0.1752 0.1031 0.1960 0.1773 0.1845 0.1639 
     H171871  1 0.1715 0.1384 0.2036 0.0751 0.1451 0.2663 
     H171872  1 0.1661 0.1957 0.1206 0.1780 0.2135 0.1261 
     H171873  1 0.1790 0.1329 0.2065 0.1328 0.1586 0.1901 
     H171874  1 0.1470 0.1298 0.2256 0.1444 0.1397 0.2134 
     H171875  1 0.1247 0.2233 0.2041 0.1502 0.0819 0.2157 
     H171876  1 0.1494 0.1628 0.2044 0.1745 0.1250 0.1839 
     H171877  1 0.1039 0.2937 0.1001 0.3229 0.0876 0.0918 
     H171878  1 0.2136 0.0942 0.1903 0.1562 0.1479 0.1979 
     H171901  1 0.1648 0.1114 0.1344 0.1829 0.2687 0.1379 
     H171902  1 0.1206 0.1106 0.2141 0.1704 0.2173 0.1669 
     H171903  1 0.1806 0.1617 0.1880 0.1173 0.1823 0.1700 
     H171935  1 0.2396 0.0890 0.1794 0.1506 0.1729 0.1686 
     H171936  1 0.1642 0.3128 0.1369 0.1546 0.1114 0.1201 
     H171940  1 0.1090 0.1939 0.1300 0.3028 0.1324 0.1320 
     H171945  1 0.1200 0.1394 0.2469 0.1371 0.2211 0.1355 
     H171948  1 0.1969 0.1240 0.1247 0.1481 0.2215 0.1847 
     H171949  1 0.1661 0.1409 0.1231 0.2451 0.2061 0.1187 
     H171950  1 0.2104 0.0907 0.0930 0.2077 0.3030 0.0952 
     H171963  1 0.1955 0.1342 0.2629 0.0883 0.1176 0.2015 
     H171964  1 0.1466 0.1300 0.3564 0.0978 0.1156 0.1536 
     H171966  1 0.2108 0.1235 0.1975 0.1306 0.1392 0.1985 
     H171968  1 0.1122 0.1097 0.1824 0.2078 0.2324 0.1555 
     H171971  1 0.2224 0.1097 0.1894 0.1101 0.1544 0.2141 
     H171972  1 0.1794 0.1488 0.2154 0.0877 0.1340 0.2347 
     H171977  1 0.1447 0.1985 0.2691 0.1374 0.1107 0.1395 
     H171978  1 0.1943 0.0854 0.1882 0.1358 0.2057 0.1906 
     H171979  1 0.1684 0.1225 0.2276 0.0892 0.1017 0.2906 
        H176  1 0.1442 0.2224 0.1674 0.1403 0.2035 0.1222 
        H177  1 0.1342 0.0988 0.1166 0.2341 0.3019 0.1144 
        H179  1 0.1161 0.2436 0.0882 0.3026 0.1675 0.0820 
        H181  1 0.1785 0.1574 0.2185 0.1209 0.0993 0.2253 
        H182  1 0.1558 0.1080 0.1918 0.0814 0.1477 0.3153 
        H183  1 0.1165 0.1335 0.2428 0.1313 0.0921 0.2838 
        H184  1 0.1383 0.1334 0.1308 0.2090 0.2167 0.1718 
        H185  1 0.1500 0.2122 0.1982 0.1426 0.1014 0.1956 
        H186  1 0.1228 0.0993 0.3114 0.1837 0.1625 0.1203 
        H187  1 0.1492 0.1311 0.1584 0.1541 0.1608 0.2464 
        H188  1 0.1085 0.2920 0.0883 0.3370 0.0938 0.0803 
        H192  1 0.1947 0.1175 0.1342 0.1807 0.1979 0.1750 
        H193  1 0.1702 0.0903 0.2192 0.1234 0.1414 0.2555 
        H194  1 0.1849 0.1968 0.1499 0.1543 0.1643 0.1499 
        H195  1 0.1587 0.0887 0.3037 0.1268 0.1282 0.1938 
        H199  1 0.1232 0.1283 0.2848 0.1236 0.1504 0.1897 
        H200  1 0.1368 0.2022 0.1599 0.1861 0.1760 0.1389 
        H414  1 0.1774 0.0952 0.2359 0.1012 0.1789 0.2115 
        H415  1 0.1842 0.2319 0.1755 0.1071 0.1366 0.1647 
        H422  1 0.1165 0.1027 0.2273 0.1580 0.2307 0.1647 
        H423  1 0.1203 0.0768 0.0928 0.3000 0.3191 0.0909 
        H424  1 0.1223 0.1507 0.2763 0.0908 0.1191 0.2407 
        H425  1 0.1005 0.1471 0.4120 0.1077 0.1085 0.1242 
        H426  1 0.1500 0.0745 0.2932 0.0974 0.1167 0.2682 
        H443  1 0.0891 0.1499 0.3841 0.1991 0.0892 0.0887 
        H466  1 0.2344 0.1342 0.1655 0.1358 0.1657 0.1644 
        H467  1 0.2498 0.1165 0.1344 0.2013 0.1832 0.1147 
        H472  1 0.1512 0.2069 0.1496 0.2014 0.1591 0.1319 
        H483  1 0.1225 0.2086 0.1766 0.2255 0.0905 0.1763 
        H504  1 0.1412 0.1408 0.2779 0.1052 0.1346 0.2003 
        H505  1 0.1390 0.1774 0.1476 0.2476 0.1558 0.1326 
        H506  1 0.1838 0.1258 0.2026 0.1604 0.1690 0.1583 
        H507  1 0.1552 0.1539 0.2098 0.1094 0.1143 0.2575 
        H508  1 0.2468 0.0981 0.1713 0.1581 0.1588 0.1669 
        H524  1 0.1626 0.2559 0.1668 0.1470 0.1018 0.1659 
        H525  1 0.1758 0.1490 0.2228 0.1420 0.1450 0.1654 
        H526  1 0.1193 0.3144 0.1131 0.2480 0.1026 0.1027 
        H527  1 0.1609 0.0942 0.1563 0.1712 0.2303 0.1870 
        H528  1 0.1661 0.2263 0.2030 0.0960 0.1089 0.1998 
        H529  1 0.1360 0.1805 0.2749 0.1201 0.1054 0.1831 
        H533  1 0.1848 0.1091 0.1707 0.0704 0.1489 0.3161 
        H538  1 0.1269 0.2164 0.1487 0.2116 0.1515 0.1449 
        H539  1 0.1994 0.0870 0.1792 0.1302 0.1575 0.2467 
        H540  1 0.1568 0.1654 0.1665 0.1421 0.1641 0.2051 
        H541  1 0.1519 0.2282 0.1370 0.2269 0.1221 0.1339 
        H558  1 0.1246 0.0796 0.1899 0.0965 0.1210 0.3883 
        H559  1 0.1422 0.1480 0.1859 0.2365 0.1537 0.1336 
        H579  1 0.1476 0.1052 0.2029 0.1158 0.1605 0.2681 
        H584  1 0.1408 0.1485 0.2489 0.1150 0.1317 0.2151 
        H585  1 0.1731 0.1752 0.2190 0.1179 0.1115 0.2032 
        H605  1 0.1246 0.1284 0.1431 0.1975 0.2289 0.1775 
        H606  1 0.1079 0.1343 0.1096 0.2793 0.2889 0.0799 
        H632  1 0.1715 0.1417 0.2909 0.1013 0.1441 0.1506 
        H634  1 0.1226 0.1431 0.1842 0.1485 0.1498 0.2518 
        H671  1 0.1427 0.1284 0.1157 0.2528 0.2689 0.0916 
        H672  1 0.1865 0.2633 0.1466 0.1395 0.1405 0.1236 
        H673  1 0.1061 0.1649 0.2600 0.2146 0.0982 0.1561 
        H689  1 0.1158 0.2006 0.2192 0.1873 0.1016 0.1756 
        H690  1 0.1886 0.1657 0.1013 0.1653 0.2641 0.1149 
        H691  1 0.1388 0.2148 0.1327 0.2583 0.1313 0.1241 
        H692  1 0.1220 0.1434 0.3432 0.0986 0.0644 0.2284 
        H709  1 0.1900 0.1508 0.1674 0.0954 0.2035 0.1929 
        H710  1 0.1475 0.1390 0.1947 0.0838 0.0993 0.3357 
       H7355  1 0.1627 0.2532 0.1364 0.1800 0.1385 0.1292 
       H7356  1 0.1503 0.1271 0.1971 0.1312 0.1554 0.2389 
       H7357  1 0.1411 0.1668 0.1289 0.2263 0.1952 0.1417 
       H7358  1 0.0836 0.2682 0.1262 0.3009 0.0936 0.1275 
       H7380  1 0.1404 0.1348 0.2097 0.1480 0.1473 0.2197 
       H7381  1 0.1475 0.1028 0.2548 0.1636 0.2020 0.1293 
       H7382  1 0.1632 0.1321 0.2168 0.1495 0.1658 0.1726 
        H904  1 0.1503 0.1032 0.0850 0.2902 0.2951 0.0761 
        H923  1 0.1361 0.1889 0.1773 0.1792 0.1679 0.1506 
        H924  1 0.1217 0.1908 0.1560 0.2245 0.1727 0.1343 
        H925  1 0.0857 0.3174 0.1194 0.2985 0.0842 0.0950 
       H9558  1 0.1067 0.0741 0.1978 0.0924 0.1085 0.4204 
        H008  2 0.1406 0.2080 0.1698 0.1419 0.0931 0.2465 
        H021  2 0.2315 0.1439 0.1294 0.1741 0.1988 0.1224 
        H023  2 0.1446 0.2031 0.1149 0.2483 0.1663 0.1228 
        H024  2 0.2014 0.3054 0.1669 0.0776 0.0761 0.1725 
        H025  2 0.1050 0.1134 0.1866 0.2489 0.1793 0.1667 
        H026  2 0.1483 0.2449 0.3112 0.0899 0.0678 0.1378 
        H027  2 0.1807 0.2705 0.1396 0.1652 0.1301 0.1139 
        H028  2 0.1247 0.1682 0.1976 0.1475 0.1080 0.2540 
        H029  2 0.1779 0.2860 0.1670 0.1420 0.0948 0.1323 
        H030  2 0.1899 0.1728 0.2305 0.0740 0.1045 0.2284 
        H038  2 0.2567 0.1226 0.1376 0.2082 0.1703 0.1047 
        H039  2 0.0722 0.0644 0.0668 0.3489 0.3945 0.0533 
        H040  2 0.2501 0.0967 0.1179 0.1923 0.2361 0.1070 
        H041  2 0.1491 0.3017 0.1239 0.2112 0.0927 0.1214 
        H042  2 0.1293 0.1819 0.1498 0.2167 0.1573 0.1650 
        H043  2 0.2043 0.0652 0.1158 0.2242 0.2790 0.1115 
        H044  2 0.1566 0.1128 0.2062 0.0867 0.1077 0.3299 
        H047  2 0.1466 0.1272 0.1613 0.1555 0.2043 0.2052 
        H050  2 0.1925 0.2650 0.1428 0.0780 0.1441 0.1777 
        H058  2 0.2479 0.1064 0.1636 0.1556 0.1528 0.1736 
        H062  2 0.1012 0.2300 0.1088 0.3311 0.1344 0.0945 
        H063  2 0.1720 0.1566 0.1146 0.2245 0.2072 0.1251 
        H065  2 0.0886 0.1211 0.3825 0.1659 0.1197 0.1222 
        H066  2 0.2097 0.1860 0.1685 0.0966 0.1296 0.2095 
        H067  2 0.1487 0.2053 0.1793 0.2123 0.1143 0.1400 
        H068  2 0.2056 0.1273 0.1319 0.2378 0.1898 0.1076 
        H069  2 0.1479 0.1417 0.2127 0.1488 0.1742 0.1746 
        H071  2 0.1821 0.1560 0.1559 0.1626 0.2007 0.1427 
        H072  2 0.1288 0.1372 0.1101 0.2492 0.2589 0.1158 
        H073  2 0.1370 0.1778 0.2661 0.1197 0.1297 0.1698 
        H081  2 0.1264 0.2495 0.1204 0.2474 0.1380 0.1183 
        H082  2 0.1905 0.1282 0.1777 0.0984 0.1066 0.2985 
        H083  2 0.1705 0.0967 0.2293 0.0952 0.1220 0.2863 
        H084  2 0.2308 0.1831 0.1537 0.1363 0.1566 0.1396 
        H085  2 0.1342 0.2991 0.1273 0.2333 0.1041 0.1019 
        H087  2 0.1191 0.2522 0.1021 0.2857 0.1197 0.1212 
        H088  2 0.1327 0.1437 0.1409 0.2160 0.2166 0.1500 
        H089  2 0.1124 0.2259 0.1478 0.2671 0.1172 0.1296 
        H090  2 0.2030 0.3258 0.1333 0.0902 0.0892 0.1585 
        H091  2 0.1949 0.3343 0.1349 0.1071 0.1138 0.1151 
        H098  2 0.1979 0.2134 0.1455 0.1535 0.0972 0.1925 
      H10001  2 0.0800 0.0601 0.0621 0.3257 0.4131 0.0590 
      H10002  2 0.1486 0.1144 0.1114 0.2024 0.2868 0.1365 
        H101  2 0.2386 0.2576 0.1267 0.0764 0.1208 0.1798 
        H108  2 0.0902 0.1831 0.1125 0.3285 0.1939 0.0918 
        H109  2 0.1990 0.2219 0.1284 0.1311 0.1663 0.1532 
        H110  2 0.1661 0.1490 0.1464 0.1838 0.1562 0.1984 
        H116  2 0.1664 0.1265 0.2625 0.0993 0.1364 0.2089 
        H117  2 0.2123 0.4363 0.0919 0.0792 0.0861 0.0942 
        H118  2 0.1524 0.3166 0.2093 0.0991 0.0922 0.1303 
        H119  2 0.1783 0.2703 0.1283 0.1501 0.1636 0.1094 
        H120  2 0.0868 0.1585 0.0853 0.3244 0.2596 0.0853 
        H121  2 0.1650 0.3571 0.1229 0.1522 0.0782 0.1245 
        H125  2 0.1805 0.0737 0.0669 0.3311 0.2894 0.0585 
        H126  2 0.1068 0.0943 0.2970 0.1264 0.1322 0.2432 
        H128  2 0.2186 0.3495 0.1656 0.0570 0.0709 0.1384 
        H129  2 0.1515 0.1034 0.3129 0.0864 0.0817 0.2642 
        H130  2 0.1510 0.0521 0.1591 0.1701 0.2884 0.1793 
        H133  2 0.1234 0.0903 0.1177 0.2449 0.3315 0.0922 
        H134  2 0.0828 0.0938 0.5219 0.0834 0.0718 0.1462 
        H135  2 0.1369 0.1861 0.1385 0.1907 0.1746 0.1732 
        H137  2 0.2310 0.2891 0.1094 0.1047 0.1143 0.1515 
        H138  2 0.1431 0.0855 0.2886 0.0690 0.1428 0.2709 
        H140  2 0.1665 0.2758 0.1474 0.1307 0.1396 0.1400 
        H146  2 0.2063 0.3666 0.1347 0.0835 0.1184 0.0905 
        H147  2 0.1696 0.2215 0.1480 0.1185 0.1479 0.1945 
        H148  2 0.1787 0.3022 0.1208 0.1231 0.1560 0.1192 
     H166022  2 0.1735 0.1565 0.1877 0.0892 0.1196 0.2735 
     H167359  2 0.1464 0.1522 0.1937 0.1317 0.1656 0.2102 
     H167397  2 0.2346 0.2430 0.1823 0.0758 0.0754 0.1889 
     H167428  2 0.0996 0.3157 0.1378 0.2842 0.0587 0.1039 
     H167496  2 0.1405 0.1736 0.1008 0.2663 0.2243 0.0945 
     H167513  2 0.3327 0.0969 0.1214 0.1190 0.1373 0.1927 
     H167545  2 0.1345 0.1060 0.1810 0.0944 0.1264 0.3577 
     H167547  2 0.2246 0.2467 0.1780 0.0608 0.1162 0.1737 
     H169621  2 0.1891 0.2107 0.1841 0.0892 0.1421 0.1847 
     H169622  2 0.1150 0.1172 0.2298 0.1457 0.1713 0.2210 
     H169750  2 0.2172 0.0837 0.1692 0.1564 0.1844 0.1891 
     H171806  2 0.1757 0.2644 0.1493 0.1338 0.1770 0.0998 
     H171808  2 0.1160 0.2237 0.1671 0.1891 0.1696 0.1346 
     H171809  2 0.1204 0.1803 0.1435 0.2213 0.1708 0.1638 
     H171813  2 0.2294 0.1408 0.1772 0.1040 0.1787 0.1700 
     H171815  2 0.1409 0.0976 0.1232 0.2861 0.2475 0.1047 
     H171824  2 0.1527 0.2105 0.1092 0.2364 0.1923 0.0989 
     H171825  2 0.1193 0.1220 0.2031 0.1625 0.1577 0.2355 
     H171826  2 0.1653 0.2205 0.1421 0.1775 0.1620 0.1326 
     H171827  2 0.2334 0.0961 0.1471 0.1171 0.2325 0.1737 
     H171828  2 0.1444 0.1573 0.0788 0.2981 0.2583 0.0631 
     H171829  2 0.1900 0.1011 0.2242 0.1296 0.1828 0.1724 
     H171830  2 0.2006 0.1639 0.1453 0.1446 0.1443 0.2013 
     H171831  2 0.1428 0.1681 0.2562 0.1076 0.0971 0.2282 
     H171832  2 0.1429 0.1090 0.2195 0.1150 0.1484 0.2652 
     H171863  2 0.1346 0.1250 0.2883 0.0858 0.0775 0.2889 
     H171864  2 0.1843 0.2831 0.1306 0.1394 0.1267 0.1358 
     H171865  2 0.1280 0.1334 0.1131 0.3030 0.2047 0.1177 
     H171879  2 0.1955 0.2976 0.1404 0.0992 0.1314 0.1359 
     H171880  2 0.2205 0.3229 0.1284 0.0766 0.1086 0.1429 
     H171881  2 0.1704 0.1767 0.1762 0.1807 0.1191 0.1769 
     H171882  2 0.1011 0.0795 0.0685 0.3139 0.3660 0.0710 
     H171929  2 0.1709 0.1967 0.1646 0.1703 0.1168 0.1808 
     H171930  2 0.1714 0.1795 0.1590 0.0713 0.0972 0.3216 
     H171933  2 0.1856 0.1898 0.1649 0.1160 0.1600 0.1837 
     H171934  2 0.1597 0.2612 0.1223 0.1968 0.1454 0.1146 
     H171937  2 0.1260 0.1119 0.2467 0.0909 0.1231 0.3014 
     H171962  2 0.1179 0.1856 0.1790 0.1850 0.1060 0.2265 
        H190  2 0.1799 0.1389 0.1867 0.1217 0.1126 0.2602 
        H191  2 0.1976 0.1934 0.1628 0.1703 0.1132 0.1627 
        H396  2 0.1025 0.2711 0.1197 0.3199 0.1002 0.0867 
        H397  2 0.1640 0.1380 0.1879 0.1288 0.1640 0.2171 
        H398  2 0.1165 0.1727 0.2667 0.1969 0.1434 0.1039 
        H400  2 0.1157 0.2272 0.1398 0.2342 0.1557 0.1274 
        H401  2 0.2385 0.3508 0.1320 0.0503 0.0824 0.1460 
        H402  2 0.2156 0.1669 0.1632 0.1126 0.1173 0.2244 
        H427  2 0.1227 0.2316 0.1358 0.2868 0.1003 0.1227 
        H428  2 0.0911 0.3314 0.1336 0.2802 0.0595 0.1041 
        H497  2 0.2400 0.0972 0.1296 0.1656 0.2013 0.1662 
        H512  2 0.2034 0.2043 0.1611 0.1112 0.1544 0.1656 
        H513  2 0.3275 0.0956 0.1184 0.1261 0.1330 0.1994 
        H514  2 0.1391 0.0943 0.2594 0.1006 0.1419 0.2646 
        H519  2 0.3066 0.0967 0.1257 0.1146 0.1411 0.2154 
        H532  2 0.1248 0.3012 0.1354 0.2229 0.1010 0.1147 
        H543  2 0.1747 0.1451 0.1703 0.1045 0.1485 0.2569 
        H544  2 0.1044 0.0885 0.2901 0.1392 0.1812 0.1966 
        H545  2 0.1257 0.0940 0.1984 0.0836 0.1215 0.3768 
        H546  2 0.1584 0.1069 0.1386 0.2784 0.1774 0.1403 
        H547  2 0.2302 0.2533 0.1829 0.0614 0.1106 0.1616 
        H548  2 0.1271 0.2116 0.1621 0.1770 0.1515 0.1708 
        H549  2 0.3107 0.0902 0.1242 0.1513 0.1709 0.1527 
        H620  2 0.0989 0.0938 0.0816 0.3356 0.3145 0.0756 
        H623  2 0.1323 0.0893 0.2293 0.1134 0.1056 0.3301 
        H624  2 0.1521 0.0627 0.1506 0.1695 0.3192 0.1460 
        H625  2 0.1272 0.2411 0.1477 0.2312 0.0996 0.1533 
        H626  2 0.1943 0.1586 0.1684 0.1351 0.1598 0.1839 
        H654  2 0.1324 0.0529 0.0719 0.3360 0.3286 0.0781 
        H655  2 0.1756 0.0978 0.1408 0.1257 0.2669 0.1932 
        H656  2 0.0764 0.1240 0.0963 0.3203 0.3074 0.0757 
        H666  2 0.1129 0.1046 0.0956 0.2837 0.3281 0.0750 
        H667  2 0.1944 0.1511 0.1701 0.1566 0.1727 0.1551 
        H677  2 0.1466 0.2060 0.1559 0.1446 0.1873 0.1595 
        H693  2 0.1076 0.2455 0.0913 0.3331 0.1261 0.0964 
        H694  2 0.1254 0.1323 0.1998 0.1196 0.1141 0.3089 
        H701  2 0.1633 0.1743 0.1805 0.0917 0.1175 0.2728 
        H702  2 0.2245 0.1059 0.1458 0.1328 0.2004 0.1906 
        H731  2 0.1653 0.1501 0.1416 0.1703 0.2344 0.1383 
       H7359  2 0.1595 0.1533 0.1698 0.1303 0.1847 0.2023 
       H7389  2 0.1841 0.2836 0.1627 0.1345 0.1148 0.1202 
       H7390  2 0.2743 0.0771 0.1136 0.1846 0.2581 0.0922 
       H7391  2 0.1221 0.3611 0.0983 0.2389 0.0868 0.0928 
       H7392  2 0.1817 0.1427 0.2109 0.1691 0.1526 0.1430 
       H7393  2 0.2157 0.1338 0.1325 0.1604 0.2217 0.1359 
       H7398  2 0.1664 0.2813 0.1126 0.2129 0.1138 0.1130 
       H7399  2 0.1784 0.1856 0.1811 0.1358 0.1412 0.1780 
       H7400  2 0.0860 0.0771 0.0687 0.3339 0.3591 0.0752 
        H745  2 0.1473 0.1200 0.4121 0.0722 0.0895 0.1590 
        H746  2 0.1857 0.1168 0.1939 0.1215 0.1903 0.1918 
        H747  2 0.1947 0.1263 0.1135 0.2047 0.2600 0.1008 
        H748  2 0.1813 0.1205 0.1917 0.1132 0.1820 0.2113 
       H7484  2 0.1317 0.1423 0.1199 0.2656 0.2556 0.0849 
       H7485  2 0.2232 0.1196 0.1939 0.1400 0.1116 0.2117 
        H749  2 0.1411 0.1285 0.2122 0.1356 0.1683 0.2143 
        H930  2 0.1794 0.1970 0.1601 0.0741 0.0979 0.2915 
        H931  2 0.1345 0.2385 0.1727 0.2084 0.1115 0.1344 
        H932  2 0.1761 0.2830 0.1639 0.1120 0.1499 0.1151 
        H111  3 0.1420 0.1063 0.2407 0.0776 0.1163 0.3171 
        H951  3 0.1671 0.1872 0.2000 0.1247 0.1172 0.2039 
        H952  3 0.1746 0.2048 0.2273 0.1136 0.1486 0.1311 
        H953  3 0.1171 0.4026 0.1144 0.2093 0.0840 0.0726 
        H954  3 0.1681 0.0944 0.1161 0.2268 0.2657 0.1289 
        H955  3 0.1482 0.1170 0.2126 0.0768 0.1135 0.3319 
        H956  3 0.2373 0.2175 0.1145 0.1217 0.1917 0.1172 
       H9563  3 0.1994 0.2426 0.1257 0.1738 0.1333 0.1251 
        H002  4 0.1082 0.0722 0.1717 0.2018 0.2364 0.2096 
        H003  4 0.1462 0.1341 0.2106 0.1371 0.1514 0.2206 
        H009  4 0.1920 0.1150 0.2476 0.1070 0.1508 0.1877 
        H010  4 0.1611 0.2174 0.1773 0.1523 0.1365 0.1553 
        H011  4 0.1610 0.1613 0.1063 0.2826 0.1875 0.1013 
        H012  4 0.1594 0.1632 0.1671 0.1271 0.1616 0.2217 
        H013  4 0.1458 0.1521 0.1328 0.2601 0.1460 0.1633 
        H014  4 0.1720 0.1192 0.1988 0.1130 0.1301 0.2669 
        H045  4 0.1363 0.2692 0.0998 0.3112 0.0995 0.0839 
        H046  4 0.1184 0.1399 0.2685 0.1436 0.1124 0.2171 
        H051  4 0.1332 0.1717 0.1268 0.2566 0.1781 0.1336 
        H052  4 0.1147 0.1047 0.1650 0.2323 0.2610 0.1223 
        H053  4 0.2116 0.1398 0.1629 0.1349 0.1951 0.1557 
        H056  4 0.1506 0.1055 0.1449 0.2153 0.2381 0.1457 
        H076  4 0.1457 0.2058 0.2762 0.1213 0.0937 0.1573 
        H151  4 0.2138 0.0860 0.1322 0.1877 0.2792 0.1011 
        H152  4 0.1318 0.1024 0.1847 0.1897 0.2534 0.1381 
     H171803  4 0.2989 0.0921 0.1148 0.1572 0.2298 0.1073 
     H171804  4 0.2068 0.1346 0.1283 0.1825 0.1935 0.1544 
     H171833  4 0.1051 0.0903 0.2736 0.1012 0.0986 0.3311 
     H171855  4 0.2483 0.0778 0.1434 0.2195 0.1984 0.1126 
     H171856  4 0.2827 0.1659 0.1288 0.1296 0.1842 0.1089 
     H171857  4 0.2055 0.1422 0.1740 0.1883 0.1709 0.1190 
     H171858  4 0.1319 0.1656 0.1883 0.1318 0.2246 0.1578 
     H171859  4 0.1708 0.1601 0.1873 0.1508 0.1849 0.1462 
     H171961  4 0.1591 0.1774 0.1330 0.2410 0.1532 0.1364 
        H198  4 0.1309 0.1506 0.2544 0.1120 0.0963 0.2559 
      H20001  4 0.1723 0.0730 0.2084 0.0671 0.1176 0.3617 
        H403  4 0.2440 0.1453 0.1773 0.1453 0.1640 0.1242 
        H404  4 0.1466 0.1475 0.1800 0.1765 0.1640 0.1854 
        H405  4 0.1325 0.1800 0.2438 0.1260 0.1357 0.1820 
        H406  4 0.1948 0.2248 0.1807 0.1149 0.1123 0.1726 
        H407  4 0.2239 0.2353 0.1297 0.1328 0.1800 0.0983 
        H410  4 0.2330 0.4374 0.0972 0.0831 0.0719 0.0773 
        H411  4 0.1764 0.0856 0.2056 0.0667 0.1635 0.3022 
        H468  4 0.2264 0.0724 0.2074 0.1150 0.1536 0.2252 
        H476  4 0.1600 0.0850 0.1534 0.1357 0.2186 0.2473 
        H477  4 0.1506 0.0760 0.2741 0.0718 0.1388 0.2887 
        H478  4 0.1856 0.1157 0.1519 0.1440 0.1818 0.2210 
        H479  4 0.1126 0.1617 0.1512 0.2508 0.1969 0.1269 
        H480  4 0.1954 0.0950 0.1685 0.0637 0.1768 0.3006 
        H498  4 0.1483 0.1032 0.2002 0.1239 0.1557 0.2688 
        H499  4 0.1409 0.1518 0.1549 0.1949 0.1493 0.2082 
        H500  4 0.1596 0.1256 0.1120 0.2179 0.2704 0.1145 
        H515  4 0.1730 0.1281 0.1427 0.1599 0.2130 0.1834 
        H516  4 0.1736 0.1798 0.1757 0.1053 0.1632 0.2024 
        H517  4 0.1882 0.2693 0.1551 0.1030 0.1612 0.1233 
        H518  4 0.1387 0.1007 0.1991 0.1838 0.2431 0.1346 
        H520  4 0.2099 0.0983 0.1315 0.1985 0.2402 0.1215 
        H521  4 0.1730 0.2300 0.1674 0.1849 0.1049 0.1399 
        H522  4 0.2688 0.1063 0.1528 0.1216 0.1766 0.1740 
        H523  4 0.1992 0.1579 0.1435 0.1099 0.2322 0.1574 
        H536  4 0.1092 0.1749 0.2768 0.1921 0.1153 0.1315 
        H645  4 0.0965 0.2675 0.0889 0.3606 0.1101 0.0764 
        H646  4 0.1952 0.3056 0.1717 0.0787 0.1107 0.1381 
        H647  4 0.1567 0.1520 0.2003 0.1386 0.1904 0.1620 
        H657  4 0.2013 0.2169 0.1950 0.0953 0.1220 0.1696 
        H658  4 0.1726 0.1686 0.1457 0.1220 0.2149 0.1762 
        H659  4 0.2606 0.0635 0.0925 0.2453 0.2450 0.0931 
        H660  4 0.1642 0.1064 0.1570 0.1632 0.1956 0.2136 
        H661  4 0.2744 0.0877 0.1438 0.1614 0.1731 0.1595 
        H668  4 0.1474 0.1540 0.1530 0.1632 0.1610 0.2213 
        H669  4 0.1697 0.2271 0.1445 0.1799 0.1463 0.1325 
        H670  4 0.1288 0.1923 0.0978 0.3116 0.1735 0.0961 
        H678  4 0.2548 0.1503 0.1531 0.1093 0.1468 0.1858 
        H679  4 0.1812 0.2295 0.1496 0.1021 0.1069 0.2307 
        H680  4 0.2751 0.1337 0.1928 0.1059 0.1242 0.1683 
        H681  4 0.1412 0.1279 0.1284 0.2080 0.2312 0.1635 
        H682  4 0.2105 0.1858 0.1350 0.1011 0.1406 0.2270 
        H683  4 0.1472 0.1209 0.1701 0.1905 0.2285 0.1428 
        H718  4 0.1249 0.1525 0.0998 0.2937 0.2561 0.0730 
        H719  4 0.1179 0.2062 0.1072 0.3150 0.1018 0.1519 
        H720  4 0.1808 0.1101 0.1853 0.2024 0.1743 0.1473 
        H721  4 0.1863 0.1091 0.2361 0.1576 0.1659 0.1450 
        H722  4 0.1384 0.0943 0.3050 0.1588 0.1655 0.1380 
        H723  4 0.1562 0.2059 0.1099 0.2181 0.2127 0.0972 
        H724  4 0.1705 0.1383 0.0885 0.2768 0.2543 0.0716 
        H725  4 0.1781 0.0886 0.1211 0.2638 0.2519 0.0965 
        H726  4 0.1188 0.1403 0.1398 0.1898 0.2615 0.1498 
        H727  4 0.1838 0.2125 0.1257 0.1976 0.1670 0.1133 
        H910  4 0.2133 0.1764 0.1109 0.1621 0.1993 0.1380 
        H911  4 0.2115 0.2997 0.1622 0.1037 0.0937 0.1291 
        H912  4 0.1584 0.1473 0.1933 0.1435 0.1630 0.1946 
        H913  4 0.2165 0.1346 0.1376 0.1299 0.2502 0.1312 
        H914  4 0.1777 0.1468 0.1062 0.2455 0.2326 0.0913 
        H915  4 0.2026 0.1411 0.1730 0.1216 0.1602 0.2015 
        H916  4 0.1961 0.1313 0.1708 0.0934 0.1884 0.2199 
       H9572  4 0.3170 0.1102 0.1295 0.1599 0.1365 0.1470 
        H015  5 0.1345 0.1105 0.1704 0.1005 0.0936 0.3906 
        H016  5 0.1192 0.1227 0.3381 0.1033 0.1216 0.1950 
        H017  5 0.2794 0.0849 0.1807 0.0908 0.2040 0.1603 
        H019  5 0.1299 0.1203 0.2048 0.1481 0.1309 0.2660 
        H020  5 0.1119 0.2153 0.1455 0.2713 0.1421 0.1139 
        H032  5 0.1546 0.1467 0.1632 0.1509 0.2060 0.1786 
        H033  5 0.1618 0.1445 0.1665 0.1435 0.1389 0.2446 
        H034  5 0.1599 0.1647 0.1235 0.1804 0.2506 0.1209 
        H035  5 0.2056 0.1718 0.1671 0.1344 0.1611 0.1600 
        H036  5 0.1916 0.2068 0.1565 0.1242 0.1059 0.2150 
        H037  5 0.2078 0.1229 0.1294 0.1801 0.2170 0.1427 
        H048  5 0.1834 0.1806 0.0984 0.2863 0.1602 0.0910 
        H049  5 0.1168 0.1179 0.1822 0.1388 0.1026 0.3417 
        H054  5 0.1442 0.2448 0.2408 0.1255 0.1425 0.1022 
        H055  5 0.2038 0.1323 0.1606 0.1733 0.1932 0.1367 
        H057  5 0.1201 0.0630 0.3754 0.1176 0.1501 0.1737 
        H060  5 0.1655 0.0916 0.1473 0.1404 0.3174 0.1377 
        H061  5 0.1565 0.1917 0.1881 0.1680 0.1409 0.1548 
        H064  5 0.1602 0.1436 0.1885 0.2176 0.1755 0.1146 
        H070  5 0.1589 0.1369 0.1159 0.1617 0.2798 0.1468 
        H077  5 0.1384 0.0821 0.1136 0.2284 0.3019 0.1356 
        H078  5 0.2527 0.1151 0.1714 0.1440 0.1908 0.1259 
        H079  5 0.1604 0.2675 0.1542 0.1629 0.1274 0.1275 
        H097  5 0.1567 0.0703 0.2085 0.1132 0.2379 0.2134 
        H107  5 0.1884 0.1138 0.0931 0.2854 0.2304 0.0889 
        H122  5 0.2124 0.1161 0.1880 0.1214 0.1970 0.1652 
        H123  5 0.2085 0.2497 0.1712 0.0964 0.1084 0.1657 
        H124  5 0.1694 0.3088 0.1623 0.1151 0.1081 0.1363 
        H131  5 0.1884 0.2822 0.1480 0.1136 0.1044 0.1634 
        H132  5 0.1636 0.1993 0.1463 0.2231 0.1402 0.1275 
        H141  5 0.1927 0.1267 0.1366 0.1844 0.2258 0.1339 
        H142  5 0.1625 0.0968 0.2046 0.0917 0.1554 0.2891 
        H157  5 0.2489 0.1342 0.1274 0.1846 0.2015 0.1034 
        H158  5 0.1378 0.1513 0.2372 0.0771 0.1190 0.2776 
        H159  5 0.1791 0.1279 0.1924 0.1022 0.1327 0.2657 
        H160  5 0.2210 0.1117 0.1720 0.1347 0.1810 0.1796 
        H163  5 0.1676 0.1722 0.1566 0.1065 0.1377 0.2595 
        H164  5 0.1464 0.1003 0.1771 0.1413 0.1561 0.2789 
        H165  5 0.1620 0.2779 0.1418 0.1951 0.1035 0.1196 
        H166  5 0.1052 0.1824 0.1669 0.2160 0.1033 0.2263 
        H169  5 0.1551 0.1113 0.1531 0.1580 0.1643 0.2582 
     H169613  5 0.1582 0.0978 0.1839 0.1125 0.2211 0.2265 
     H169653  5 0.1369 0.1395 0.1955 0.1268 0.1084 0.2930 
     H169728  5 0.1812 0.1267 0.1951 0.1079 0.1697 0.2194 
     H169742  5 0.0874 0.2737 0.0916 0.3583 0.0990 0.0899 
        H170  5 0.1770 0.0916 0.2846 0.1156 0.1355 0.1957 
        H171  5 0.1310 0.1041 0.3332 0.1053 0.1068 0.2195 
     H171851  5 0.1405 0.1149 0.2125 0.1378 0.1478 0.2465 
     H171852  5 0.1269 0.1254 0.1751 0.2081 0.2417 0.1228 
     H171853  5 0.2302 0.1695 0.1348 0.1620 0.1580 0.1455 
     H171854  5 0.1638 0.1165 0.1920 0.1292 0.1411 0.2574 
     H171938  5 0.1478 0.1715 0.1428 0.1863 0.1880 0.1637 
     H171939  5 0.1298 0.1887 0.2429 0.1884 0.0979 0.1524 
     H171941  5 0.1476 0.1614 0.1111 0.2818 0.1868 0.1114 
     H171965  5 0.1365 0.0874 0.2050 0.0984 0.1992 0.2736 
     H171970  5 0.1683 0.1203 0.0976 0.2712 0.2352 0.1075 
     H171973  5 0.1248 0.2220 0.1643 0.2183 0.1186 0.1519 
     H171974  5 0.1822 0.1850 0.1408 0.2029 0.1566 0.1325 
     H171975  5 0.1512 0.2133 0.1340 0.2127 0.1348 0.1540 
     H171976  5 0.1185 0.0765 0.2059 0.1438 0.1327 0.3225 
        H175  5 0.1740 0.1782 0.1321 0.2236 0.1924 0.0996 
        H178  5 0.1307 0.1635 0.1589 0.2138 0.1590 0.1741 
        H189  5 0.1611 0.1839 0.2117 0.0878 0.1122 0.2434 
        H399  5 0.1818 0.1265 0.3583 0.0985 0.1345 0.1004 
        H416  5 0.1262 0.1986 0.1523 0.2079 0.1743 0.1408 
        H438  5 0.2051 0.2173 0.1230 0.1536 0.1433 0.1578 
        H450  5 0.1678 0.0780 0.1081 0.1518 0.3611 0.1333 
        H455  5 0.1672 0.1786 0.0920 0.2848 0.1877 0.0896 
        H456  5 0.1351 0.2085 0.1450 0.2501 0.1327 0.1287 
        H457  5 0.1348 0.0830 0.1713 0.1939 0.2522 0.1648 
        H458  5 0.2427 0.1418 0.1419 0.1538 0.1837 0.1361 
        H459  5 0.1503 0.1399 0.2093 0.1053 0.1243 0.2709 
        H460  5 0.2256 0.0951 0.1381 0.1347 0.2152 0.1913 
        H461  5 0.1236 0.0978 0.2200 0.0933 0.1783 0.2870 
        H462  5 0.1691 0.2747 0.1390 0.1223 0.1082 0.1867 
        H469  5 0.1902 0.2432 0.1614 0.1120 0.1071 0.1861 
        H470  5 0.2360 0.1280 0.1511 0.1442 0.1423 0.1983 
        H471  5 0.1558 0.1859 0.2523 0.0740 0.1337 0.1983 
        H481  5 0.1185 0.1224 0.0873 0.2658 0.3301 0.0758 
        H482  5 0.1632 0.0919 0.1334 0.1376 0.3243 0.1496 
        H501  5 0.1458 0.1501 0.1585 0.1934 0.1494 0.2027 
        H502  5 0.1595 0.1229 0.2063 0.0892 0.1266 0.2954 
        H503  5 0.1876 0.1677 0.1905 0.1113 0.1254 0.2174 
        H509  5 0.2564 0.1651 0.1039 0.1767 0.1801 0.1178 
        H510  5 0.1316 0.1377 0.1659 0.1701 0.1429 0.2518 
        H511  5 0.1681 0.1140 0.2134 0.1146 0.1597 0.2302 
        H530  5 0.1378 0.2292 0.1313 0.2339 0.1522 0.1156 
        H531  5 0.1762 0.1129 0.1338 0.2200 0.2433 0.1139 
        H564  5 0.1308 0.1398 0.1707 0.2314 0.1373 0.1901 
        H565  5 0.0988 0.1324 0.1210 0.2724 0.2357 0.1397 
        H567  5 0.1812 0.3045 0.1485 0.1143 0.0860 0.1655 
     H568???  5 0.1272 0.1372 0.2770 0.1115 0.1150 0.2320 
        H608  5 0.1769 0.0820 0.1030 0.1265 0.3913 0.1203 
        H609  5 0.1071 0.2500 0.1248 0.3047 0.0992 0.1142 
        H612  5 0.1594 0.1453 0.0905 0.2972 0.2206 0.0870 
        H614  5 0.1679 0.0947 0.1368 0.2397 0.2668 0.0941 
        H615  5 0.1289 0.0971 0.1485 0.2021 0.2842 0.1392 
        H616  5 0.1180 0.1621 0.0823 0.2638 0.3021 0.0718 
        H617  5 0.1594 0.2007 0.1634 0.1289 0.1300 0.2176 
        H618  5 0.1861 0.1681 0.1168 0.2464 0.1649 0.1177 
        H619  5 0.0985 0.2466 0.1068 0.3467 0.1118 0.0896 
        H635  5 0.1457 0.1338 0.1609 0.1495 0.1469 0.2632 
        H636  5 0.1513 0.1786 0.1215 0.2229 0.1786 0.1471 
        H637  5 0.0838 0.2105 0.1241 0.2605 0.2007 0.1203 
        H644  5 0.1240 0.1606 0.3471 0.0734 0.0721 0.2227 
        H711  5 0.1347 0.0977 0.2469 0.1100 0.1821 0.2287 
        H712  5 0.1200 0.2345 0.1114 0.2724 0.1650 0.0967 
       H7360  5 0.1661 0.0901 0.2116 0.1592 0.1819 0.1912 
       H7361  5 0.1516 0.1203 0.1520 0.1799 0.2248 0.1715 
       H7362  5 0.1360 0.1397 0.3689 0.0805 0.0706 0.2044 
       H7363  5 0.1704 0.1568 0.1809 0.1505 0.1698 0.1716 
       H7394  5 0.1567 0.1361 0.1628 0.0713 0.1445 0.3288 
       H7395  5 0.2026 0.1229 0.1696 0.1617 0.1635 0.1797 
       H7396  5 0.1743 0.1507 0.1589 0.1584 0.1640 0.1936 
        H742  5 0.0861 0.2747 0.0853 0.3690 0.0974 0.0876 
        H743  5 0.1166 0.2543 0.1295 0.2328 0.1720 0.0948 
        H744  5 0.1623 0.2099 0.0919 0.2293 0.2311 0.0754 
        H957  5 0.1634 0.0764 0.2122 0.1121 0.1709 0.2650 
        H958  5 0.1912 0.1620 0.1483 0.1194 0.1883 0.1908 
        H959  5 0.1305 0.1436 0.1122 0.2647 0.2280 0.1210 
        H960  5 0.1643 0.2659 0.1353 0.1674 0.1371 0.1300 
      H_PALI  6 0.1574 0.0953 0.1680 0.1268 0.1726 0.2798 
        H581  6 0.1761 0.1388 0.1500 0.2076 0.1704 0.1570 
        H582  6 0.2670 0.0770 0.1218 0.2242 0.1826 0.1274 
        H583  6 0.1754 0.1435 0.1656 0.1971 0.1819 0.1364 
        H595  6 0.1893 0.1946 0.1972 0.0756 0.0948 0.2486 
        H596  6 0.1914 0.2234 0.1468 0.0759 0.1089 0.2535 
        H597  6 0.1383 0.2298 0.2534 0.1014 0.1069 0.1702 
        H598  6 0.1708 0.1574 0.1362 0.1436 0.2267 0.1652 
        H599  6 0.1094 0.2216 0.1075 0.2883 0.1471 0.1261 
        H642  6 0.2493 0.1547 0.1963 0.0761 0.1179 0.2056 
        H643  6 0.1840 0.2451 0.1456 0.1463 0.1561 0.1229 
        H664  6 0.3013 0.0685 0.1239 0.1815 0.1975 0.1274 
        H665  6 0.1382 0.1940 0.1291 0.2153 0.1614 0.1619 
        H674  6 0.1609 0.1491 0.2851 0.0875 0.0981 0.2193 
        H675  6 0.2172 0.1271 0.1817 0.1670 0.1670 0.1400 
        H676  6 0.1738 0.1213 0.1741 0.0842 0.1656 0.2810 
        H686  6 0.1695 0.1057 0.1975 0.1538 0.1399 0.2336 
        H687  6 0.1782 0.1254 0.2074 0.1193 0.1618 0.2078 
        H917  6 0.1612 0.2247 0.1412 0.1366 0.1072 0.2292 
        H918  6 0.1159 0.2269 0.1249 0.3127 0.0947 0.1249 
        H919  6 0.1407 0.2166 0.0918 0.2484 0.2095 0.0930 
        H920  6 0.1679 0.0953 0.1567 0.1984 0.1844 0.1973 
        H631  7 0.1765 0.1323 0.1542 0.2255 0.1542 0.1573 
        H684  7 0.1633 0.0799 0.2433 0.0791 0.1416 0.2929 
        H685  7 0.2788 0.1600 0.0911 0.1813 0.2233 0.0657 
        H713  7 0.3033 0.0760 0.0840 0.2133 0.2318 0.0915 
        H715  7 0.1769 0.1154 0.2405 0.0863 0.1523 0.2287 
        H716  7 0.0978 0.2007 0.1302 0.3011 0.1308 0.1393 
        H717  7 0.1718 0.1771 0.1440 0.2383 0.1246 0.1442 
        H729  7 0.1755 0.3063 0.1513 0.1140 0.1077 0.1452 
        H730  7 0.1503 0.3517 0.1122 0.1833 0.1132 0.0894 
        H431  8 0.1817 0.2474 0.1248 0.1606 0.1739 0.1116 
        H432  8 0.1065 0.1830 0.2024 0.1487 0.0744 0.2851 
        H433  8 0.1868 0.1650 0.1626 0.1243 0.1374 0.2239 
        H434  8 0.2186 0.1702 0.1616 0.1038 0.1733 0.1725 
        H444  8 0.1173 0.1966 0.1510 0.2414 0.1111 0.1827 
        H454  8 0.1602 0.1478 0.1083 0.2881 0.1779 0.1177 
        H475  8 0.1343 0.0620 0.0878 0.1964 0.3986 0.1208 
        H491  8 0.1626 0.1229 0.1476 0.2084 0.1783 0.1802 
        H492  8 0.1694 0.1297 0.1398 0.1875 0.2104 0.1632 
        H493  8 0.1551 0.1428 0.2199 0.1229 0.1378 0.2215 
        H494  8 0.1680 0.1952 0.1540 0.2189 0.1226 0.1413 
        H495  8 0.2200 0.0658 0.1351 0.2174 0.2403 0.1215 
        H662  8 0.2278 0.1445 0.2283 0.1329 0.1151 0.1514 
        H663  8 0.1513 0.2094 0.1444 0.1787 0.1454 0.1708 
        H695  8 0.1526 0.2106 0.1318 0.1642 0.1962 0.1446 
       H7367  8 0.2125 0.3600 0.1243 0.0729 0.0915 0.1389 
       H7368  8 0.1310 0.1461 0.2472 0.1238 0.1178 0.2342 
       H7369  8 0.1400 0.2316 0.1372 0.2005 0.1453 0.1454 
       H7370  8 0.2261 0.2645 0.1307 0.0628 0.1066 0.2094 
       H7371  8 0.1895 0.2037 0.1453 0.1608 0.1310 0.1697 
        H600  9 0.1580 0.1071 0.1372 0.1868 0.2792 0.1317 
        H648  9 0.2016 0.1216 0.2093 0.1105 0.1308 0.2262 
        H696  9 0.2225 0.1664 0.2698 0.0746 0.0812 0.1855 
        H697  9 0.1751 0.2814 0.1524 0.1520 0.1168 0.1223 
        H698  9 0.2128 0.3051 0.1414 0.1207 0.0988 0.1212 
        H699  9 0.1533 0.1919 0.1987 0.1574 0.1147 0.1840 
        H700  9 0.2161 0.0786 0.1033 0.1661 0.3250 0.1109 
        H732  9 0.2093 0.1026 0.1535 0.2311 0.1836 0.1199 
        H733  9 0.2235 0.2459 0.1504 0.1016 0.1003 0.1784 
        H734  9 0.1458 0.1034 0.1901 0.0857 0.1174 0.3576 
        H735  9 0.2595 0.2380 0.1475 0.0928 0.1017 0.1606 
        H736  9 0.1442 0.1230 0.1931 0.1660 0.2120 0.1617 
        H737  9 0.1688 0.2672 0.1361 0.1678 0.1731 0.0871 
        H905  9 0.1623 0.1276 0.1335 0.1825 0.2693 0.1248 
        H921  9 0.1693 0.1914 0.1407 0.1869 0.1601 0.1517 
        H922  9 0.1891 0.2004 0.1726 0.1299 0.0936 0.2145 
     H169705 10 0.2377 0.3062 0.1162 0.0775 0.1567 0.1058 
     H171942 10 0.1057 0.1790 0.1995 0.1446 0.0674 0.3038 
     H171943 10 0.2011 0.1186 0.1675 0.1155 0.1914 0.2060 
     H171944 10 0.2062 0.1648 0.1486 0.1218 0.1811 0.1775 
     H171946 10 0.2704 0.0912 0.1553 0.1674 0.2007 0.1150 
     H171947 10 0.1305 0.1944 0.1708 0.1677 0.1421 0.1945 
     H229641 10 0.1664 0.1470 0.1603 0.1455 0.1704 0.2104 
      H30001 10 0.2005 0.1334 0.1725 0.1301 0.1631 0.2004 
      H30002 10 0.1686 0.1422 0.1656 0.1546 0.2169 0.1522 
      H30005 10 0.2193 0.3381 0.1278 0.0822 0.1181 0.1144 
      H30006 10 0.1691 0.3273 0.1547 0.1103 0.1148 0.1239 
      H30007 10 0.1136 0.1513 0.2641 0.1398 0.1312 0.2000 
        H451 10 0.1307 0.1307 0.1675 0.1440 0.0988 0.3282 
        H452 10 0.2228 0.3399 0.1192 0.1024 0.1175 0.0981 
        H453 10 0.1488 0.1033 0.1750 0.2071 0.2435 0.1223 
        H473 10 0.0851 0.1637 0.1700 0.2097 0.2336 0.1379 
        H474 10 0.2180 0.0675 0.1030 0.2320 0.2810 0.0985 
        H486 10 0.1837 0.1727 0.1320 0.1938 0.1629 0.1550 
        H487 10 0.1616 0.2309 0.1245 0.1477 0.2314 0.1039 
        H488 10 0.1424 0.1941 0.1233 0.2291 0.1601 0.1510 
        H489 10 0.1554 0.1494 0.1149 0.2087 0.2681 0.1035 
        H550 10 0.1551 0.0814 0.2421 0.0899 0.1763 0.2552 
        H551 10 0.1791 0.2643 0.1158 0.1852 0.1271 0.1285 
        H553 10 0.1852 0.2428 0.1063 0.1696 0.2101 0.0860 
        H554 10 0.1807 0.1093 0.1907 0.1258 0.1493 0.2443 
        H556 10 0.1806 0.1832 0.1823 0.1417 0.1842 0.1280 
        H580 10 0.1762 0.2561 0.1670 0.1228 0.1327 0.1452 
        H591 10 0.1228 0.1283 0.0937 0.2988 0.2810 0.0755 
        H592 10 0.2040 0.1411 0.1405 0.1526 0.2052 0.1567 
        H593 10 0.1633 0.1123 0.1764 0.1365 0.1841 0.2275 
        H594 10 0.1430 0.2109 0.2766 0.0952 0.0737 0.2006 
        H627 10 0.2149 0.0815 0.1819 0.1096 0.1958 0.2163 
        H628 10 0.0995 0.3274 0.1628 0.2189 0.0776 0.1138 
        H629 10 0.2249 0.1065 0.2051 0.1569 0.1476 0.1591 
        H630 10 0.2843 0.1517 0.1357 0.1068 0.1611 0.1603 
        H638 10 0.2168 0.2100 0.1425 0.1017 0.1178 0.2112 
        H639 10 0.1865 0.1050 0.1453 0.2315 0.2278 0.1039 
        H640 10 0.1684 0.1401 0.2067 0.1177 0.1283 0.2388 
        H704 10 0.1532 0.2012 0.2833 0.1204 0.1034 0.1385 
        H705 10 0.2417 0.3179 0.1134 0.0730 0.1446 0.1094 
        H706 10 0.1618 0.2311 0.1179 0.2076 0.1884 0.0932 
        H708 10 0.2792 0.1015 0.1104 0.2045 0.2159 0.0885 
       H7351 10 0.1877 0.1151 0.2126 0.1426 0.1471 0.1949 
       H7352 10 0.1751 0.1689 0.1760 0.1498 0.1673 0.1628 
       H7353 10 0.1200 0.1143 0.4439 0.0836 0.0944 0.1438 
       H7354 10 0.1504 0.1108 0.1371 0.2056 0.2559 0.1403 
       H7365 10 0.2366 0.1025 0.0924 0.2361 0.2443 0.0881 
       H7383 10 0.1575 0.1502 0.1284 0.2214 0.1981 0.1444 
       H7384 10 0.1571 0.2264 0.1380 0.1464 0.2020 0.1300 
       H7385 10 0.2148 0.1154 0.1127 0.1758 0.2632 0.1181 
       H7386 10 0.1578 0.2186 0.1575 0.2133 0.1021 0.1507 
       H7387 10 0.1496 0.1286 0.2010 0.1091 0.1975 0.2142 
       H7388 10 0.1906 0.3905 0.1159 0.1198 0.0991 0.0841 
        H906 10 0.1015 0.1433 0.2050 0.2333 0.1795 0.1374 
        H907 10 0.1648 0.1387 0.1910 0.0852 0.1146 0.3058 
        H908 10 0.2315 0.1409 0.1552 0.1141 0.1886 0.1698 
        H909 10 0.1344 0.1518 0.1497 0.2524 0.1743 0.1374 
       H9552 10 0.1579 0.1932 0.2235 0.1502 0.1183 0.1569 
       H9553 10 0.2028 0.3040 0.1107 0.1366 0.1630 0.0828 
       H9555 10 0.1851 0.1752 0.1506 0.1393 0.1586 0.1911 
       H9575 10 0.2139 0.0881 0.1781 0.1712 0.2164 0.1323 
       H9703 10 0.1842 0.1788 0.1056 0.2143 0.2491 0.0681 
       H9707 10 0.1457 0.1203 0.1240 0.2105 0.2652 0.1343 
       HSAA4 10 0.1892 0.2511 0.1621 0.1185 0.1393 0.1397 
        H001 11 0.1313 0.2070 0.1614 0.2301 0.1485 0.1218 
        H004 11 0.1705 0.1292 0.1793 0.1223 0.2037 0.1951 
        H005 11 0.1327 0.1041 0.0992 0.2574 0.2956 0.1109 
        H006 11 0.1626 0.1197 0.1634 0.1400 0.2164 0.1980 
        H007 11 0.1018 0.2245 0.0891 0.3317 0.1692 0.0835 
        H031 11 0.1574 0.1497 0.0899 0.2643 0.2514 0.0873 
        H074 11 0.2877 0.0945 0.1207 0.1891 0.1955 0.1124 
        H075 11 0.1266 0.1867 0.0973 0.2756 0.2169 0.0969 
        H080 11 0.1972 0.1834 0.1308 0.2043 0.1710 0.1133 
        H086 11 0.2028 0.2797 0.1488 0.0984 0.1425 0.1279 
        H092 11 0.1846 0.1973 0.1243 0.1344 0.2387 0.1207 
        H093 11 0.1246 0.1354 0.3183 0.1005 0.1050 0.2162 
        H094 11 0.1880 0.1317 0.1875 0.0889 0.1611 0.2428 
        H095 11 0.1473 0.1553 0.1376 0.2468 0.2076 0.1053 
        H096 11 0.1086 0.1726 0.1172 0.3008 0.1789 0.1219 
        H099 11 0.2259 0.1393 0.1586 0.1477 0.1813 0.1471 
        H100 11 0.1016 0.2366 0.1602 0.2521 0.0803 0.1691 
        H127 11 0.2026 0.2575 0.1243 0.1646 0.1501 0.1008 
        H136 11 0.1324 0.1080 0.1160 0.2077 0.3262 0.1098 
        H153 11 0.1663 0.0959 0.1904 0.1079 0.1841 0.2554 
        H154 11 0.2553 0.0913 0.1088 0.1900 0.2475 0.1072 
        H155 11 0.1388 0.3226 0.1258 0.2288 0.0681 0.1158 
