        H102  1 0.3781 0.2422 0.3796 
        H103  1 0.2012 0.5416 0.2571 
        H104  1 0.4312 0.2125 0.3563 
        H105  1 0.2847 0.2882 0.4271 
        H106  1 0.3684 0.3372 0.2944 
        H112  1 0.4261 0.2386 0.3353 
        H113  1 0.2708 0.2709 0.4583 
        H114  1 0.2164 0.2816 0.5020 
        H115  1 0.3561 0.1944 0.4495 
        H143  1 0.2720 0.2889 0.4392 
        H144  1 0.1782 0.4312 0.3906 
        H145  1 0.1953 0.4763 0.3284 
        H149  1 0.4548 0.2349 0.3102 
        H150  1 0.3275 0.3498 0.3227 
     H167542  1 0.2429 0.2166 0.5405 
     H169604  1 0.2662 0.2721 0.4618 
     H169607  1 0.2075 0.3854 0.4071 
     H169608  1 0.4785 0.2559 0.2655 
     H169633  1 0.2094 0.3039 0.4867 
     H169688  1 0.2943 0.4638 0.2419 
     H169714  1 0.4109 0.2844 0.3048 
     H171802  1 0.4389 0.3007 0.2605 
     H171805  1 0.2716 0.3952 0.3332 
     H171807  1 0.3844 0.3212 0.2944 
     H171814  1 0.2093 0.4807 0.3100 
     H171816  1 0.4201 0.2844 0.2954 
     H171817  1 0.3918 0.2707 0.3375 
     H171818  1 0.3079 0.3302 0.3619 
     H171819  1 0.3376 0.3071 0.3552 
     H171834  1 0.3237 0.3175 0.3588 
     H171835  1 0.5145 0.2197 0.2658 
     H171836  1 0.1641 0.4466 0.3893 
     H171837  1 0.3633 0.2383 0.3985 
     H171838  1 0.2512 0.4743 0.2745 
     H171839  1 0.3649 0.2310 0.4041 
     H171841  1 0.5618 0.2593 0.1789 
     H171860  1 0.3179 0.2650 0.4171 
     H171861  1 0.1750 0.3516 0.4734 
     H171862  1 0.3047 0.3293 0.3660 
     H171868  1 0.2618 0.2433 0.4949 
     H171869  1 0.2623 0.4631 0.2746 
     H171870  1 0.3815 0.3599 0.2587 
     H171871  1 0.2552 0.4516 0.2932 
     H171872  1 0.3606 0.2450 0.3944 
     H171873  1 0.3665 0.3653 0.2682 
     H171874  1 0.2577 0.3373 0.4051 
     H171875  1 0.1685 0.3350 0.4965 
     H171876  1 0.2503 0.2991 0.4507 
     H171877  1 0.2627 0.2146 0.5227 
     H171878  1 0.4154 0.3560 0.2286 
     H171901  1 0.4541 0.2835 0.2624 
     H171902  1 0.2997 0.3915 0.3088 
     H171903  1 0.3200 0.3092 0.3708 
     H171935  1 0.4489 0.3519 0.1992 
     H171936  1 0.2348 0.2793 0.4859 
     H171940  1 0.3764 0.2797 0.3439 
     H171945  1 0.3176 0.3849 0.2975 
     H171948  1 0.3941 0.2720 0.3339 
     H171949  1 0.4967 0.2293 0.2740 
     H171950  1 0.5512 0.2204 0.2284 
     H171963  1 0.2484 0.4861 0.2655 
     H171964  1 0.2307 0.4950 0.2743 
     H171966  1 0.3574 0.3623 0.2803 
     H171968  1 0.3558 0.3216 0.3227 
     H171971  1 0.3595 0.4048 0.2357 
     H171972  1 0.2347 0.4552 0.3101 
     H171977  1 0.2187 0.4367 0.3446 
     H171978  1 0.4345 0.3143 0.2512 
     H171979  1 0.2057 0.4687 0.3256 
        H176  1 0.2830 0.3022 0.4148 
        H177  1 0.5068 0.2162 0.2769 
        H179  1 0.3903 0.1959 0.4138 
        H181  1 0.2416 0.4397 0.3187 
        H182  1 0.1941 0.4142 0.3918 
        H183  1 0.2495 0.4980 0.2525 
        H184  1 0.4008 0.2851 0.3141 
        H185  1 0.2214 0.4046 0.3739 
        H186  1 0.3508 0.3491 0.3001 
        H187  1 0.3338 0.3555 0.3107 
        H188  1 0.3406 0.2239 0.4355 
        H192  1 0.4738 0.2562 0.2700 
        H193  1 0.2282 0.4437 0.3281 
        H194  1 0.3218 0.2741 0.4041 
        H195  1 0.2630 0.4860 0.2510 
        H199  1 0.2457 0.4803 0.2740 
        H200  1 0.3692 0.2944 0.3365 
        H414  1 0.2994 0.3822 0.3184 
        H415  1 0.2452 0.3190 0.4358 
        H422  1 0.3577 0.3656 0.2767 
        H423  1 0.5744 0.2123 0.2133 
        H424  1 0.2196 0.4512 0.3293 
        H425  1 0.2228 0.4743 0.3029 
        H426  1 0.2745 0.5198 0.2057 
        H443  1 0.2279 0.3998 0.3722 
        H466  1 0.3590 0.3138 0.3272 
        H467  1 0.5107 0.2383 0.2510 
        H472  1 0.3070 0.3407 0.3522 
        H483  1 0.2161 0.3359 0.4480 
        H504  1 0.2232 0.5032 0.2736 
        H505  1 0.4007 0.2707 0.3286 
        H506  1 0.3244 0.3495 0.3261 
        H507  1 0.1754 0.4305 0.3942 
        H508  1 0.3930 0.3625 0.2445 
        H524  1 0.2199 0.3505 0.4297 
        H525  1 0.2759 0.3675 0.3566 
        H526  1 0.2265 0.2496 0.5239 
        H527  1 0.4464 0.2690 0.2846 
        H528  1 0.2063 0.3832 0.4104 
        H529  1 0.1948 0.4112 0.3941 
        H533  1 0.2155 0.4260 0.3585 
        H538  1 0.3305 0.2715 0.3980 
        H539  1 0.3230 0.4129 0.2641 
        H540  1 0.3215 0.3084 0.3701 
        H541  1 0.2622 0.2559 0.4819 
        H558  1 0.2562 0.5230 0.2208 
        H559  1 0.2983 0.2878 0.4139 
        H579  1 0.2433 0.4071 0.3495 
        H584  1 0.2465 0.4590 0.2945 
        H585  1 0.2610 0.4052 0.3338 
        H605  1 0.3773 0.3105 0.3122 
        H606  1 0.4678 0.2181 0.3141 
        H632  1 0.2325 0.4368 0.3307 
        H634  1 0.2906 0.3782 0.3312 
        H671  1 0.4866 0.2399 0.2735 
        H672  1 0.3228 0.3224 0.3548 
        H673  1 0.2437 0.3665 0.3897 
        H689  1 0.2272 0.3381 0.4347 
        H690  1 0.4028 0.2283 0.3688 
        H691  1 0.2663 0.2258 0.5079 
        H692  1 0.1455 0.4922 0.3623 
        H709  1 0.3262 0.3422 0.3316 
        H710  1 0.1763 0.4812 0.3426 
       H7355  1 0.1944 0.2797 0.5258 
       H7356  1 0.3136 0.3822 0.3042 
       H7357  1 0.3473 0.2628 0.3899 
       H7358  1 0.2290 0.3217 0.4493 
       H7380  1 0.2502 0.3383 0.4115 
       H7381  1 0.4395 0.3197 0.2408 
       H7382  1 0.2699 0.3387 0.3915 
        H904  1 0.5736 0.1634 0.2631 
        H923  1 0.3464 0.3135 0.3401 
        H924  1 0.3711 0.2698 0.3591 
        H925  1 0.2283 0.2672 0.5046 
       H9558  1 0.2338 0.5608 0.2054 
        H008  2 0.1907 0.3634 0.4459 
        H021  2 0.4015 0.2494 0.3491 
        H023  2 0.4217 0.2265 0.3518 
        H024  2 0.1911 0.5175 0.2913 
        H025  2 0.4087 0.3515 0.2398 
        H026  2 0.2090 0.4982 0.2928 
        H027  2 0.2799 0.2713 0.4488 
        H028  2 0.2546 0.4126 0.3328 
        H029  2 0.2250 0.3685 0.4065 
        H030  2 0.2103 0.5200 0.2697 
        H038  2 0.4484 0.2768 0.2748 
        H039  2 0.6786 0.1579 0.1635 
        H040  2 0.4624 0.2887 0.2489 
        H041  2 0.2570 0.2482 0.4948 
        H042  2 0.3493 0.2892 0.3615 
        H043  2 0.5392 0.2883 0.1724 
        H044  2 0.2326 0.5101 0.2573 
        H047  2 0.4059 0.3591 0.2350 
        H050  2 0.2512 0.4405 0.3083 
        H058  2 0.4272 0.3415 0.2313 
        H062  2 0.3734 0.2389 0.3877 
        H063  2 0.4770 0.2297 0.2932 
        H065  2 0.3265 0.4035 0.2700 
        H066  2 0.3073 0.4450 0.2477 
        H067  2 0.2403 0.2955 0.4643 
        H068  2 0.5098 0.2598 0.2304 
        H069  2 0.3052 0.4223 0.2725 
        H071  2 0.4176 0.2672 0.3152 
        H072  2 0.5225 0.2190 0.2585 
        H073  2 0.2503 0.3703 0.3794 
        H081  2 0.3081 0.2207 0.4712 
        H082  2 0.2121 0.5031 0.2848 
        H083  2 0.2269 0.4879 0.2852 
        H084  2 0.3737 0.3347 0.2916 
        H085  2 0.2521 0.2362 0.5117 
        H087  2 0.2554 0.2230 0.5216 
        H088  2 0.4257 0.2371 0.3372 
        H089  2 0.2468 0.2716 0.4816 
        H090  2 0.2269 0.3928 0.3803 
        H091  2 0.1919 0.3317 0.4764 
        H098  2 0.2593 0.3833 0.3574 
      H10001  2 0.6739 0.1565 0.1696 
      H10002  2 0.4394 0.2117 0.3489 
        H101  2 0.2601 0.4653 0.2746 
        H108  2 0.4130 0.2094 0.3776 
        H109  2 0.3807 0.3556 0.2636 
        H110  2 0.2211 0.2639 0.5150 
        H116  2 0.2459 0.4540 0.3001 
        H117  2 0.2274 0.2792 0.4934 
        H118  2 0.1663 0.4455 0.3882 
        H119  2 0.3870 0.2460 0.3670 
        H120  2 0.5204 0.1890 0.2906 
        H121  2 0.2053 0.3426 0.4520 
        H125  2 0.6659 0.1544 0.1797 
        H126  2 0.2638 0.4823 0.2539 
        H128  2 0.1249 0.5845 0.2906 
        H129  2 0.1921 0.5285 0.2794 
        H130  2 0.4964 0.3332 0.1704 
        H133  2 0.5557 0.2336 0.2107 
        H134  2 0.1816 0.5970 0.2214 
        H135  2 0.3298 0.2646 0.4056 
        H137  2 0.3134 0.3513 0.3353 
        H138  2 0.2411 0.4940 0.2650 
        H140  2 0.3063 0.3538 0.3400 
        H146  2 0.2380 0.4139 0.3480 
        H147  2 0.2400 0.2950 0.4649 
        H148  2 0.2404 0.2326 0.5270 
     H166022  2 0.2163 0.3980 0.3858 
     H167359  2 0.3095 0.3702 0.3203 
     H167397  2 0.1498 0.4675 0.3827 
     H167428  2 0.1389 0.3158 0.5454 
     H167496  2 0.4860 0.1945 0.3196 
     H167513  2 0.3672 0.4000 0.2328 
     H167545  2 0.2134 0.4790 0.3076 
     H167547  2 0.1885 0.5877 0.2238 
     H169621  2 0.2267 0.4173 0.3560 
     H169622  2 0.2395 0.3905 0.3700 
     H169750  2 0.4201 0.3837 0.1962 
     H171806  2 0.3517 0.3097 0.3386 
     H171808  2 0.2886 0.3478 0.3636 
     H171809  2 0.3046 0.2693 0.4261 
     H171813  2 0.3472 0.3762 0.2766 
     H171815  2 0.5498 0.2447 0.2054 
     H171824  2 0.3899 0.1943 0.4158 
     H171825  2 0.2850 0.3531 0.3619 
     H171826  2 0.3561 0.2509 0.3930 
     H171827  2 0.3614 0.2937 0.3449 
     H171828  2 0.5610 0.1611 0.2779 
     H171829  2 0.3475 0.4248 0.2277 
     H171830  2 0.3426 0.3489 0.3084 
     H171831  2 0.1912 0.4864 0.3223 
     H171832  2 0.2775 0.4203 0.3022 
     H171863  2 0.1816 0.5550 0.2634 
     H171864  2 0.3054 0.2865 0.4081 
     H171865  2 0.4879 0.2685 0.2436 
     H171879  2 0.2902 0.3491 0.3607 
     H171880  2 0.2585 0.3837 0.3578 
     H171881  2 0.2646 0.3051 0.4302 
     H171882  2 0.6077 0.1869 0.2054 
     H171929  2 0.2799 0.3262 0.3938 
     H171930  2 0.2027 0.5179 0.2794 
     H171933  2 0.2935 0.3492 0.3573 
     H171934  2 0.2847 0.2547 0.4606 
     H171937  2 0.2505 0.4997 0.2498 
     H171962  2 0.2550 0.3350 0.4100 
        H190  2 0.2574 0.3894 0.3532 
        H191  2 0.3232 0.3638 0.3130 
        H396  2 0.2949 0.2605 0.4446 
        H397  2 0.2860 0.3598 0.3542 
        H398  2 0.3641 0.3425 0.2933 
        H400  2 0.2907 0.2779 0.4315 
        H401  2 0.1604 0.5458 0.2939 
        H402  2 0.2339 0.3544 0.4117 
        H427  2 0.2579 0.2632 0.4789 
        H428  2 0.1380 0.3141 0.5479 
        H497  2 0.4397 0.3323 0.2279 
        H512  2 0.3099 0.3427 0.3474 
        H513  2 0.3800 0.3905 0.2295 
        H514  2 0.2944 0.4434 0.2622 
        H519  2 0.3682 0.3822 0.2496 
        H532  2 0.2132 0.2791 0.5077 
        H543  2 0.2312 0.3409 0.4280 
        H544  2 0.3124 0.4692 0.2184 
        H545  2 0.2122 0.5058 0.2820 
        H546  2 0.4578 0.2948 0.2474 
        H547  2 0.1892 0.5873 0.2235 
        H548  2 0.2662 0.2866 0.4472 
        H549  2 0.3448 0.4153 0.2398 
        H620  2 0.6009 0.1772 0.2219 
        H623  2 0.2532 0.4872 0.2596 
        H624  2 0.4486 0.3697 0.1817 
        H625  2 0.2629 0.3098 0.4273 
        H626  2 0.3336 0.3328 0.3336 
        H654  2 0.6605 0.1886 0.1509 
        H655  2 0.4495 0.2761 0.2744 
        H656  2 0.5352 0.1989 0.2659 
        H666  2 0.5966 0.2330 0.1704 
        H667  2 0.2807 0.2975 0.4219 
        H677  2 0.2666 0.3228 0.4107 
        H693  2 0.4136 0.1958 0.3906 
        H694  2 0.2449 0.4670 0.2881 
        H701  2 0.2502 0.3873 0.3624 
        H702  2 0.3949 0.2929 0.3122 
        H731  2 0.3926 0.2490 0.3584 
       H7359  2 0.3109 0.3574 0.3318 
       H7389  2 0.2864 0.3416 0.3720 
       H7390  2 0.5366 0.2254 0.2380 
       H7391  2 0.2221 0.1857 0.5922 
       H7392  2 0.3523 0.3501 0.2976 
       H7393  2 0.4167 0.3062 0.2771 
       H7398  2 0.2614 0.2512 0.4873 
       H7399  2 0.2289 0.3600 0.4110 
       H7400  2 0.6177 0.1908 0.1915 
        H745  2 0.2161 0.5499 0.2340 
        H746  2 0.2438 0.3760 0.3801 
        H747  2 0.5055 0.2429 0.2516 
        H748  2 0.3414 0.3450 0.3136 
       H7484  2 0.5262 0.2324 0.2414 
       H7485  2 0.3118 0.4117 0.2766 
        H749  2 0.2443 0.3852 0.3705 
        H930  2 0.2271 0.4750 0.2978 
        H931  2 0.2898 0.3034 0.4068 
        H932  2 0.3413 0.3287 0.3300 
        H111  3 0.2355 0.5084 0.2561 
        H951  3 0.2287 0.4333 0.3380 
        H952  3 0.3055 0.3863 0.3082 
        H953  3 0.2067 0.2746 0.5186 
        H954  3 0.5415 0.2297 0.2288 
        H955  3 0.2236 0.4908 0.2856 
        H956  3 0.3721 0.2700 0.3579 
       H9563  3 0.3537 0.2690 0.3773 
        H002  4 0.4645 0.3256 0.2098 
        H003  4 0.2273 0.3352 0.4375 
        H009  4 0.2828 0.4639 0.2533 
        H010  4 0.2861 0.2985 0.4155 
        H011  4 0.5142 0.1988 0.2871 
        H012  4 0.2380 0.2922 0.4697 
        H013  4 0.3594 0.2492 0.3914 
        H014  4 0.3109 0.3697 0.3194 
        H045  4 0.3646 0.2362 0.3993 
        H046  4 0.2140 0.3826 0.4035 
        H051  4 0.4052 0.2324 0.3624 
        H052  4 0.4195 0.3369 0.2436 
        H053  4 0.3942 0.2847 0.3211 
        H056  4 0.4706 0.3102 0.2193 
        H076  4 0.2080 0.4162 0.3759 
        H151  4 0.5670 0.2348 0.1983 
        H152  4 0.4327 0.3223 0.2450 
     H171803  4 0.4653 0.2497 0.2850 
     H171804  4 0.3985 0.2772 0.3243 
     H171833  4 0.2325 0.5098 0.2577 
     H171855  4 0.5257 0.2854 0.1889 
     H171856  4 0.3596 0.3311 0.3093 
     H171857  4 0.4625 0.3061 0.2314 
     H171858  4 0.3138 0.3439 0.3423 
     H171859  4 0.3490 0.3074 0.3436 
     H171961  4 0.4266 0.2527 0.3207 
        H198  4 0.1822 0.3828 0.4351 
      H20001  4 0.2674 0.5210 0.2116 
        H403  4 0.3655 0.3523 0.2822 
        H404  4 0.2322 0.3115 0.4563 
        H405  4 0.2217 0.3609 0.4174 
        H406  4 0.2753 0.5409 0.1838 
        H407  4 0.3582 0.2791 0.3626 
        H410  4 0.1971 0.3579 0.4450 
        H411  4 0.2482 0.5218 0.2299 
        H468  4 0.3362 0.4763 0.1876 
        H476  4 0.4105 0.3613 0.2282 
        H477  4 0.2265 0.5416 0.2320 
        H478  4 0.2646 0.3409 0.3945 
        H479  4 0.3702 0.2651 0.3647 
        H480  4 0.2229 0.5294 0.2477 
        H498  4 0.3110 0.3573 0.3318 
        H499  4 0.3160 0.3388 0.3452 
        H500  4 0.5002 0.2088 0.2910 
        H515  4 0.3980 0.2866 0.3154 
        H516  4 0.3530 0.3759 0.2712 
        H517  4 0.3051 0.3262 0.3686 
        H518  4 0.4199 0.3601 0.2199 
        H520  4 0.4653 0.2941 0.2405 
        H521  4 0.2834 0.3148 0.4018 
        H522  4 0.4161 0.3017 0.2823 
        H523  4 0.3797 0.3355 0.2848 
        H536  4 0.2707 0.3110 0.4183 
        H645  4 0.3298 0.1924 0.4778 
        H646  4 0.2190 0.4620 0.3190 
        H647  4 0.3238 0.3871 0.2891 
        H657  4 0.2358 0.3881 0.3761 
        H658  4 0.3717 0.3034 0.3248 
        H659  4 0.6298 0.1852 0.1849 
        H660  4 0.3985 0.3267 0.2748 
        H661  4 0.4792 0.2870 0.2338 
        H668  4 0.2260 0.2814 0.4927 
        H669  4 0.3251 0.2732 0.4017 
        H670  4 0.3149 0.2024 0.4827 
        H678  4 0.3344 0.3450 0.3206 
        H679  4 0.2302 0.4090 0.3608 
        H680  4 0.3367 0.3960 0.2672 
        H681  4 0.3809 0.2487 0.3704 
        H682  4 0.2950 0.3108 0.3943 
        H683  4 0.4157 0.3955 0.1888 
        H718  4 0.5048 0.2541 0.2411 
        H719  4 0.3497 0.2612 0.3890 
        H720  4 0.3815 0.3643 0.2542 
        H721  4 0.3719 0.3827 0.2454 
        H722  4 0.4039 0.4114 0.1847 
        H723  4 0.4269 0.2257 0.3474 
        H724  4 0.5772 0.2014 0.2214 
        H725  4 0.5353 0.2576 0.2071 
        H726  4 0.4554 0.2666 0.2780 
        H727  4 0.3993 0.2237 0.3771 
        H910  4 0.4120 0.2403 0.3477 
        H911  4 0.2640 0.4176 0.3184 
        H912  4 0.3630 0.3759 0.2610 
        H913  4 0.4285 0.2853 0.2862 
        H914  4 0.4342 0.1916 0.3742 
        H915  4 0.3623 0.3465 0.2912 
        H916  4 0.3307 0.4380 0.2312 
       H9572  4 0.3913 0.3201 0.2886 
        H015  5 0.2360 0.4846 0.2794 
        H016  5 0.2365 0.4844 0.2791 
        H017  5 0.3577 0.4152 0.2271 
        H019  5 0.2859 0.4048 0.3093 
        H020  5 0.3483 0.2936 0.3581 
        H032  5 0.3664 0.3484 0.2852 
        H033  5 0.2772 0.2979 0.4249 
        H034  5 0.4343 0.2100 0.3557 
        H035  5 0.3231 0.3447 0.3322 
        H036  5 0.2752 0.3806 0.3442 
        H037  5 0.4436 0.2451 0.3113 
        H048  5 0.4588 0.2190 0.3222 
        H049  5 0.2956 0.4652 0.2392 
        H054  5 0.3228 0.3203 0.3569 
        H055  5 0.4006 0.2662 0.3332 
        H057  5 0.3420 0.4372 0.2207 
        H060  5 0.3999 0.3133 0.2868 
        H061  5 0.2716 0.3297 0.3987 
        H064  5 0.4067 0.2920 0.3013 
        H070  5 0.3793 0.2463 0.3744 
        H077  5 0.5162 0.2637 0.2201 
        H078  5 0.4594 0.3245 0.2161 
        H079  5 0.2105 0.2941 0.4954 
        H097  5 0.3700 0.4524 0.1776 
        H107  5 0.5548 0.1700 0.2752 
        H122  5 0.3250 0.3995 0.2754 
        H123  5 0.2271 0.4351 0.3378 
        H124  5 0.2299 0.3590 0.4112 
        H131  5 0.2384 0.3548 0.4068 
        H132  5 0.3622 0.2873 0.3504 
        H141  5 0.4045 0.2727 0.3228 
        H142  5 0.2279 0.4043 0.3678 
        H157  5 0.4653 0.2410 0.2936 
        H158  5 0.2287 0.5225 0.2488 
        H159  5 0.2327 0.4499 0.3174 
        H160  5 0.3414 0.3647 0.2939 
        H163  5 0.2699 0.3856 0.3445 
        H164  5 0.2805 0.3811 0.3384 
        H165  5 0.2059 0.2807 0.5135 
        H166  5 0.2675 0.3831 0.3494 
        H169  5 0.2905 0.3177 0.3917 
     H169613  5 0.3405 0.3647 0.2948 
     H169653  5 0.2475 0.3882 0.3643 
     H169728  5 0.2907 0.4066 0.3027 
     H169742  5 0.3063 0.2230 0.4706 
        H170  5 0.3171 0.4572 0.2258 
        H171  5 0.2627 0.5031 0.2342 
     H171851  5 0.2901 0.3957 0.3143 
     H171852  5 0.4293 0.3124 0.2583 
     H171853  5 0.3884 0.2670 0.3445 
     H171854  5 0.3164 0.3947 0.2889 
     H171938  5 0.2995 0.2279 0.4726 
     H171939  5 0.2358 0.4317 0.3325 
     H171941  5 0.4849 0.2112 0.3039 
     H171965  5 0.2330 0.4126 0.3544 
     H171970  5 0.5488 0.2053 0.2459 
     H171973  5 0.2290 0.2665 0.5045 
     H171974  5 0.3243 0.2450 0.4307 
     H171975  5 0.3468 0.2777 0.3755 
     H171976  5 0.3096 0.4739 0.2165 
        H175  5 0.4355 0.2225 0.3420 
        H178  5 0.3507 0.2916 0.3577 
        H189  5 0.2040 0.4354 0.3605 
        H399  5 0.2986 0.4936 0.2078 
        H416  5 0.3319 0.2758 0.3923 
        H438  5 0.3108 0.2486 0.4406 
        H450  5 0.4908 0.2524 0.2568 
        H455  5 0.5011 0.1920 0.3069 
        H456  5 0.3171 0.2589 0.4240 
        H457  5 0.4529 0.3233 0.2238 
        H458  5 0.4073 0.2594 0.3334 
        H459  5 0.2268 0.3932 0.3800 
        H460  5 0.3739 0.3248 0.3013 
        H461  5 0.2907 0.4910 0.2183 
        H462  5 0.2592 0.3323 0.4084 
        H469  5 0.2191 0.3881 0.3928 
        H470  5 0.3861 0.3114 0.3025 
        H471  5 0.2215 0.5244 0.2541 
        H481  5 0.5650 0.2008 0.2342 
        H482  5 0.4147 0.3158 0.2695 
        H501  5 0.3478 0.2890 0.3632 
        H502  5 0.2105 0.4816 0.3079 
        H503  5 0.2714 0.4079 0.3208 
        H509  5 0.4502 0.2500 0.2998 
        H510  5 0.3089 0.3573 0.3338 
        H511  5 0.2503 0.4151 0.3346 
        H530  5 0.3553 0.2292 0.4154 
        H531  5 0.5016 0.2704 0.2280 
        H564  5 0.3714 0.2982 0.3305 
        H565  5 0.4962 0.2564 0.2474 
        H567  5 0.1925 0.4088 0.3987 
     H568???  5 0.2352 0.4539 0.3110 
        H608  5 0.4798 0.2512 0.2689 
        H609  5 0.2680 0.2332 0.4988 
        H612  5 0.5020 0.1753 0.3227 
        H614  5 0.5142 0.2577 0.2281 
        H615  5 0.4868 0.2949 0.2184 
        H616  5 0.5417 0.1630 0.2953 
        H617  5 0.2127 0.3483 0.4390 
        H618  5 0.4506 0.2350 0.3144 
        H619  5 0.2257 0.2431 0.5312 
        H635  5 0.2956 0.3197 0.3847 
        H636  5 0.2368 0.2356 0.5276 
        H637  5 0.3666 0.2758 0.3577 
        H644  5 0.1552 0.6043 0.2405 
        H711  5 0.2824 0.4714 0.2462 
        H712  5 0.3523 0.2173 0.4304 
       H7360  5 0.3662 0.3491 0.2847 
       H7361  5 0.4259 0.2900 0.2841 
       H7362  5 0.1652 0.5596 0.2752 
       H7363  5 0.3844 0.3262 0.2894 
       H7394  5 0.2348 0.4221 0.3431 
       H7395  5 0.3354 0.2772 0.3874 
       H7396  5 0.3420 0.3013 0.3567 
        H742  5 0.3058 0.2123 0.4819 
        H743  5 0.3371 0.2900 0.3729 
        H744  5 0.4834 0.1935 0.3232 
        H957  5 0.3479 0.3985 0.2536 
        H958  5 0.2848 0.3668 0.3484 
        H959  5 0.4541 0.2082 0.3378 
        H960  5 0.3077 0.2789 0.4134 
      H_PALI  6 0.3239 0.3691 0.3071 
        H581  6 0.4091 0.3259 0.2650 
        H582  6 0.5486 0.2497 0.2018 
        H583  6 0.3752 0.3202 0.3046 
        H595  6 0.2073 0.4908 0.3018 
        H596  6 0.1975 0.4652 0.3373 
        H597  6 0.2135 0.4605 0.3260 
        H598  6 0.3570 0.2784 0.3646 
        H599  6 0.4178 0.2453 0.3369 
        H642  6 0.2707 0.5055 0.2238 
        H643  6 0.3116 0.2922 0.3962 
        H664  6 0.5251 0.3118 0.1631 
        H665  6 0.2705 0.2272 0.5023 
        H674  6 0.1829 0.5503 0.2668 
        H675  6 0.4206 0.3180 0.2614 
        H676  6 0.2555 0.4860 0.2585 
        H686  6 0.3134 0.3773 0.3094 
        H687  6 0.3220 0.3912 0.2868 
        H917  6 0.1995 0.3162 0.4844 
        H918  6 0.2637 0.2620 0.4743 
        H919  6 0.4652 0.1853 0.3495 
        H920  6 0.4306 0.3042 0.2652 
        H631  7 0.4041 0.2716 0.3243 
        H684  7 0.2129 0.5110 0.2760 
        H685  7 0.5232 0.2661 0.2106 
        H713  7 0.5473 0.2160 0.2367 
        H715  7 0.2576 0.4602 0.2821 
        H716  7 0.3697 0.2750 0.3553 
        H717  7 0.3841 0.3088 0.3071 
        H729  7 0.1975 0.3004 0.5021 
        H730  7 0.3026 0.2261 0.4713 
        H431  8 0.4097 0.2575 0.3328 
        H432  8 0.1885 0.4809 0.3306 
        H433  8 0.2620 0.3283 0.4097 
        H434  8 0.2816 0.3583 0.3601 
        H444  8 0.2500 0.2905 0.4595 
        H454  8 0.5019 0.2115 0.2866 
        H475  8 0.5606 0.2380 0.2014 
        H491  8 0.4107 0.2989 0.2905 
        H492  8 0.4905 0.2477 0.2618 
        H493  8 0.2949 0.4054 0.2997 
        H494  8 0.3623 0.2949 0.3428 
        H495  8 0.4900 0.3313 0.1787 
        H662  8 0.2957 0.4131 0.2912 
        H663  8 0.3299 0.3216 0.3485 
        H695  8 0.3678 0.2667 0.3656 
       H7367  8 0.2108 0.3873 0.4019 
       H7368  8 0.2373 0.4097 0.3530 
       H7369  8 0.2823 0.2663 0.4514 
       H7370  8 0.2084 0.4660 0.3256 
       H7371  8 0.2999 0.2867 0.4134 
        H600  9 0.4473 0.2546 0.2980 
        H648  9 0.3382 0.3798 0.2820 
        H696  9 0.1955 0.5749 0.2296 
        H697  9 0.2757 0.3217 0.4026 
        H698  9 0.2516 0.3869 0.3615 
        H699  9 0.2973 0.3591 0.3436 
        H700  9 0.4482 0.2347 0.3171 
        H732  9 0.4963 0.2835 0.2202 
        H733  9 0.2276 0.3902 0.3822 
        H734  9 0.2173 0.4913 0.2914 
        H735  9 0.2664 0.4365 0.2971 
        H736  9 0.3705 0.3108 0.3187 
        H737  9 0.3446 0.2648 0.3905 
        H905  9 0.4082 0.2216 0.3702 
        H921  9 0.3794 0.2301 0.3905 
        H922  9 0.2086 0.3986 0.3928 
     H169705 10 0.2717 0.3729 0.3554 
     H171942 10 0.1771 0.4825 0.3404 
     H171943 10 0.2967 0.3923 0.3111 
     H171944 10 0.3305 0.3032 0.3664 
     H171946 10 0.4816 0.3176 0.2008 
     H171947 10 0.2824 0.3706 0.3470 
     H229641 10 0.3586 0.3667 0.2747 
      H30001 10 0.3588 0.2821 0.3591 
      H30002 10 0.3183 0.2813 0.4004 
      H30005 10 0.2942 0.3523 0.3535 
      H30006 10 0.2411 0.4451 0.3138 
      H30007 10 0.1879 0.5609 0.2512 
        H451 10 0.2234 0.3987 0.3779 
        H452 10 0.2869 0.4074 0.3057 
        H453 10 0.4981 0.2662 0.2357 
        H473 10 0.3616 0.3057 0.3327 
        H474 10 0.5915 0.2461 0.1624 
        H486 10 0.4248 0.2874 0.2879 
        H487 10 0.4119 0.2627 0.3254 
        H488 10 0.3415 0.2322 0.4263 
        H489 10 0.4983 0.2331 0.2687 
        H550 10 0.2650 0.4780 0.2570 
        H551 10 0.3408 0.2525 0.4067 
        H553 10 0.4586 0.2746 0.2668 
        H554 10 0.2707 0.4025 0.3268 
        H556 10 0.3312 0.3893 0.2795 
        H580 10 0.2808 0.3028 0.4163 
        H591 10 0.5672 0.1875 0.2453 
        H592 10 0.4108 0.2882 0.3010 
        H593 10 0.3062 0.3510 0.3429 
        H594 10 0.1662 0.4960 0.3378 
        H627 10 0.3975 0.3666 0.2359 
        H628 10 0.1614 0.2961 0.5424 
        H629 10 0.3503 0.4112 0.2385 
        H630 10 0.3604 0.3812 0.2585 
        H638 10 0.2921 0.3948 0.3131 
        H639 10 0.4733 0.3171 0.2095 
        H640 10 0.2571 0.4344 0.3085 
        H704 10 0.2357 0.4497 0.3146 
        H705 10 0.2702 0.3582 0.3716 
        H706 10 0.4033 0.1900 0.4067 
        H708 10 0.5400 0.2208 0.2391 
       H7351 10 0.3207 0.3712 0.3081 
       H7352 10 0.3431 0.3206 0.3363 
       H7353 10 0.2349 0.5154 0.2497 
       H7354 10 0.4020 0.2535 0.3445 
       H7365 10 0.5152 0.2149 0.2698 
       H7383 10 0.3755 0.2386 0.3860 
       H7384 10 0.3673 0.2507 0.3820 
       H7385 10 0.4468 0.2452 0.3080 
       H7386 10 0.2860 0.3070 0.4070 
       H7387 10 0.2758 0.3360 0.3882 
       H7388 10 0.2876 0.3131 0.3994 
        H906 10 0.4026 0.3285 0.2689 
        H907 10 0.2306 0.4809 0.2886 
        H908 10 0.3448 0.2989 0.3562 
        H909 10 0.3230 0.2560 0.4209 
       H9552 10 0.2977 0.3630 0.3393 
       H9553 10 0.3789 0.2963 0.3249 
       H9555 10 0.2664 0.3104 0.4231 
       H9575 10 0.4801 0.2894 0.2305 
       H9703 10 0.5221 0.2262 0.2517 
       H9707 10 0.4806 0.2611 0.2583 
       HSAA4 10 0.2734 0.3026 0.4240 
        H001 11 0.3474 0.2679 0.3847 
        H004 11 0.3180 0.3481 0.3340 
        H005 11 0.5007 0.1935 0.3058 
        H006 11 0.3276 0.2845 0.3879 
        H007 11 0.4136 0.2043 0.3821 
        H031 11 0.5615 0.1784 0.2601 
        H074 11 0.5138 0.2765 0.2097 
        H075 11 0.4591 0.2006 0.3403 
        H080 11 0.4520 0.2422 0.3058 
        H086 11 0.3292 0.3078 0.3631 
        H092 11 0.3925 0.2781 0.3293 
        H093 11 0.1888 0.4968 0.3144 
        H094 11 0.3074 0.4163 0.2763 
        H095 11 0.4260 0.2511 0.3228 
        H096 11 0.3592 0.2316 0.4092 
        H099 11 0.4088 0.2903 0.3009 
        H100 11 0.2041 0.3590 0.4368 
        H127 11 0.3696 0.2843 0.3461 
        H136 11 0.5369 0.2351 0.2281 
        H153 11 0.3205 0.4048 0.2747 
        H154 11 0.5337 0.2374 0.2290 
        H155 11 0.1789 0.2873 0.5338 
        H156 11 0.1533 0.3242 0.5225 
        H161 11 0.3003 0.4061 0.2936 
        H162 11 0.2206 0.4480 0.3314 
        H167 11 0.2536 0.3256 0.4208 
        H168 11 0.2757 0.3091 0.4151 
     H169586 11 0.4045 0.4088 0.1867 
     H169738 11 0.2149 0.2755 0.5096 
     H169741 11 0.4885 0.2522 0.2593 
     H171801 11 0.2442 0.4627 0.2931 
     H171810 11 0.5131 0.2689 0.2180 
     H171811 11 0.5019 0.2796 0.2185 
     H171812 11 0.3062 0.2155 0.4783 
     H171820 11 0.4997 0.2561 0.2442 
     H171821 11 0.2522 0.3548 0.3930 
     H171822 11 0.2961 0.3267 0.3772 
     H171823 11 0.4801 0.3484 0.1716 
     H171866 11 0.2254 0.4206 0.3540 
     H171867 11 0.2346 0.2736 0.4917 
     H171967 11 0.4537 0.2092 0.3372 
     H171969 11 0.3271 0.3240 0.3488 
        H172 11 0.2812 0.2891 0.4297 
        H173 11 0.2707 0.2295 0.4998 
        H174 11 0.2031 0.5113 0.2856 
        H196 11 0.2150 0.3113 0.4737 
        H197 11 0.2563 0.3079 0.4357 
        H346 11 0.3421 0.2486 0.4094 
        H355 11 0.3682 0.2741 0.3577 
        H356 11 0.3902 0.2637 0.3462 
        H357 11 0.4340 0.2428 0.3231 
        H358 11 0.2906 0.2320 0.4774 
        H359 11 0.3648 0.3552 0.2800 
        H360 11 0.3138 0.2731 0.4132 
        H361 11 0.2592 0.2731 0.4676 
        H362 11 0.1836 0.4546 0.3618 
        H363 11 0.4893 0.2217 0.2889 
        H364 11 0.3282 0.3323 0.3395 
        H365 11 0.2675 0.3063 0.4261 
        H366 11 0.2329 0.3001 0.4670 
        H367 11 0.5083 0.2598 0.2319 
        H368 11 0.2873 0.4680 0.2446 
        H369 11 0.4981 0.1965 0.3054 
        H370 11 0.2750 0.3713 0.3537 
        H371 11 0.3276 0.3847 0.2878 
        H372 11 0.2739 0.3140 0.4122 
        H373 11 0.3313 0.3184 0.3503 
        H374 11 0.3864 0.2439 0.3698 
        H375 11 0.3558 0.2475 0.3967 
        H376 11 0.2359 0.3962 0.3679 
        H377 11 0.3888 0.2729 0.3382 
        H378 11 0.3810 0.3133 0.3057 
        H379 11 0.3235 0.3800 0.2965 
        H380 11 0.2010 0.2831 0.5159 
        H381 11 0.4861 0.3109 0.2030 
        H382 11 0.1707 0.4384 0.3909 
        H383 11 0.1956 0.3760 0.4283 
        H384 11 0.4315 0.2616 0.3069 
        H385 11 0.4197 0.3058 0.2744 
        H386 11 0.2521 0.2209 0.5270 
        H387 11 0.3085 0.4695 0.2220 
        H388 11 0.1857 0.3373 0.4769 
        H389 11 0.3155 0.2529 0.4316 
        H390 11 0.2835 0.3414 0.3751 
        H391 11 0.2499 0.4424 0.3077 
        H392 11 0.4551 0.2128 0.3321 
        H393 11 0.2170 0.4151 0.3679 
        H394 11 0.2223 0.5548 0.2229 
        H395 11 0.4401 0.2297 0.3302 
        H408 11 0.3078 0.2270 0.4652 
        H412 11 0.5518 0.3076 0.1406 
        H417 11 0.3982 0.2649 0.3369 
        H418 11 0.3645 0.3873 0.2482 
        H429 11 0.2651 0.2992 0.4357 
        H430 11 0.2224 0.3193 0.4583 
        H439 11 0.3506 0.2800 0.3693 
        H440 11 0.5171 0.2201 0.2628 
        H441 11 0.2632 0.3690 0.3678 
        H442 11 0.2498 0.3402 0.4100 
        H446 11 0.3097 0.3641 0.3262 
        H447 11 0.2274 0.2863 0.4863 
        H448 11 0.2653 0.2328 0.5019 
        H534 11 0.5413 0.2473 0.2115 
        H537 11 0.4803 0.2863 0.2334 
        H568 11 0.5883 0.2110 0.2006 
        H569 11 0.1717 0.3524 0.4759 
        H586 11 0.4113 0.4169 0.1718 
        H587 11 0.5599 0.2001 0.2400 
        H588 11 0.2197 0.4908 0.2895 
        H589 11 0.5153 0.2130 0.2716 
        H590 11 0.4569 0.2733 0.2698 
        H601 11 0.1969 0.4184 0.3848 
        H602 11 0.3979 0.2779 0.3242 
        H603 11 0.2316 0.3049 0.4635 
        H610 11 0.3928 0.2833 0.3238 
        H611 11 0.4577 0.2978 0.2444 
        H649 11 0.3212 0.3352 0.3437 
        H650 11 0.2504 0.4983 0.2513 
        H651 11 0.2684 0.2582 0.4734 
        H652 11 0.3408 0.3927 0.2664 
       H7364 11 0.2625 0.3083 0.4292 
       H7366 11 0.3241 0.2438 0.4321 
       H7378 11 0.1380 0.6652 0.1969 
       H7379 11 0.3113 0.3312 0.3575 
        H739 11 0.4751 0.2621 0.2628 
        H740 11 0.2804 0.4414 0.2782 
        H741 11 0.4879 0.2506 0.2615 
        H926 11 0.2780 0.4325 0.2895 
        H927 11 0.2505 0.3219 0.4277 
        H928 11 0.3359 0.3965 0.2676 
       H9560 11 0.3112 0.4104 0.2784 
        H409 12 0.2240 0.3207 0.4553 
        H413 12 0.2402 0.5296 0.2302 
        H419 12 0.2641 0.2689 0.4670 
        H420 12 0.3759 0.2695 0.3546 
        H421 12 0.1878 0.4287 0.3835 
        H435 12 0.2285 0.4017 0.3698 
        H436 12 0.3209 0.2310 0.4481 
        H437 12 0.4802 0.2850 0.2347 
        H445 12 0.2234 0.2706 0.5059 
        H449 12 0.2717 0.4176 0.3107 
        H463 12 0.4249 0.3005 0.2746 
        H464 12 0.2234 0.5108 0.2658 
        H465 12 0.3259 0.4971 0.1770 
        H490 12 0.2214 0.4851 0.2935 
        H561 12 0.3056 0.3862 0.3082 
        H562 12 0.2780 0.2195 0.5025 
        H563 12 0.3555 0.2670 0.3775 
        H570 12 0.4265 0.2187 0.3548 
        H571 12 0.3546 0.4161 0.2293 
        H572 12 0.3813 0.3111 0.3076 
        H573 12 0.2283 0.3156 0.4560 
       H7372 12 0.1632 0.3107 0.5261 
       H7373 12 0.2202 0.5503 0.2295 
       H7374 12 0.4026 0.2620 0.3354 
       H7375 12 0.4029 0.2358 0.3614 
       H7376 12 0.1762 0.2370 0.5869 
       H7377 12 0.4617 0.2725 0.2657 
