        H102  1 0.1535 0.1755 0.3118 0.2157 0.1435 
        H103  1 0.2994 0.0864 0.1947 0.2775 0.1420 
        H104  1 0.1243 0.2701 0.1623 0.1381 0.3051 
        H105  1 0.1637 0.1836 0.2649 0.2433 0.1444 
        H106  1 0.2084 0.1951 0.1745 0.2473 0.1748 
        H112  1 0.1502 0.2259 0.2160 0.1983 0.2096 
        H113  1 0.1384 0.1493 0.1877 0.1316 0.3929 
        H114  1 0.1610 0.1206 0.2292 0.1358 0.3535 
        H115  1 0.1246 0.1770 0.2757 0.1545 0.2683 
        H143  1 0.1934 0.1532 0.3025 0.1638 0.1871 
        H144  1 0.4006 0.1242 0.2101 0.1505 0.1146 
        H145  1 0.3105 0.0952 0.2180 0.2187 0.1576 
        H149  1 0.1540 0.2969 0.1713 0.1893 0.1885 
        H150  1 0.2641 0.1543 0.1757 0.1564 0.2495 
     H167542  1 0.1399 0.2073 0.3158 0.1359 0.2012 
     H169604  1 0.1770 0.1895 0.2831 0.1512 0.1993 
     H169607  1 0.2713 0.1770 0.2130 0.1520 0.1866 
     H169608  1 0.1784 0.2127 0.2050 0.2423 0.1615 
     H169633  1 0.1739 0.1362 0.2552 0.1810 0.2536 
     H169688  1 0.2845 0.2092 0.1388 0.2514 0.1162 
     H169714  1 0.1722 0.2201 0.1842 0.1584 0.2651 
     H171802  1 0.1385 0.3004 0.1657 0.1544 0.2410 
     H171805  1 0.2481 0.1351 0.1920 0.2646 0.1602 
     H171807  1 0.1818 0.2347 0.2002 0.2426 0.1407 
     H171814  1 0.2874 0.1132 0.1538 0.1478 0.2978 
     H171816  1 0.1685 0.2564 0.1630 0.2177 0.1944 
     H171817  1 0.1630 0.2295 0.2058 0.1898 0.2120 
     H171818  1 0.1925 0.1870 0.2293 0.2227 0.1686 
     H171819  1 0.1934 0.1864 0.1846 0.1795 0.2562 
     H171834  1 0.1988 0.1488 0.2248 0.2574 0.1701 
     H171835  1 0.1385 0.2997 0.1240 0.1414 0.2963 
     H171836  1 0.1866 0.0968 0.2613 0.2576 0.1976 
     H171837  1 0.1588 0.2196 0.2118 0.1567 0.2531 
     H171838  1 0.2444 0.1063 0.2059 0.2990 0.1444 
     H171839  1 0.1375 0.2213 0.1940 0.1387 0.3084 
     H171841  1 0.1405 0.3616 0.1116 0.2802 0.1061 
     H171860  1 0.1670 0.1664 0.2356 0.1809 0.2500 
     H171861  1 0.1980 0.1160 0.2715 0.2466 0.1679 
     H171862  1 0.2282 0.1659 0.2386 0.1931 0.1741 
     H171868  1 0.1379 0.1710 0.3762 0.1448 0.1702 
     H171869  1 0.3437 0.1311 0.1609 0.2188 0.1454 
     H171870  1 0.2136 0.2720 0.1552 0.2211 0.1382 
     H171871  1 0.2149 0.1035 0.2129 0.2317 0.2370 
     H171872  1 0.1589 0.2260 0.2186 0.1348 0.2618 
     H171873  1 0.2479 0.2389 0.1347 0.1948 0.1836 
     H171874  1 0.2248 0.1386 0.2111 0.2680 0.1575 
     H171875  1 0.2434 0.1257 0.2154 0.1919 0.2235 
     H171876  1 0.2272 0.1610 0.2427 0.1929 0.1762 
     H171877  1 0.1125 0.2015 0.3027 0.1570 0.2264 
     H171878  1 0.2576 0.2425 0.1275 0.2572 0.1152 
     H171901  1 0.1452 0.3179 0.1529 0.1867 0.1972 
     H171902  1 0.2545 0.2498 0.1698 0.1785 0.1475 
     H171903  1 0.1983 0.1590 0.1963 0.1928 0.2536 
     H171935  1 0.1879 0.2586 0.1450 0.2605 0.1481 
     H171936  1 0.1638 0.1679 0.1908 0.1582 0.3193 
     H171940  1 0.1803 0.2292 0.2640 0.2104 0.1160 
     H171945  1 0.2735 0.2203 0.1725 0.1797 0.1540 
     H171948  1 0.1604 0.1831 0.1971 0.2781 0.1813 
     H171949  1 0.1394 0.3549 0.1790 0.1821 0.1447 
     H171950  1 0.1311 0.3786 0.1487 0.1575 0.1841 
     H171963  1 0.2790 0.1361 0.1635 0.2796 0.1418 
     H171964  1 0.4119 0.1193 0.1375 0.1823 0.1491 
     H171966  1 0.2251 0.1711 0.1822 0.2803 0.1414 
     H171968  1 0.2163 0.2755 0.2147 0.1584 0.1351 
     H171971  1 0.1929 0.1718 0.1743 0.2999 0.1610 
     H171972  1 0.2578 0.1072 0.1916 0.2661 0.1773 
     H171977  1 0.3341 0.1518 0.1718 0.1637 0.1786 
     H171978  1 0.2221 0.2512 0.1449 0.2434 0.1384 
     H171979  1 0.2332 0.1037 0.2182 0.2804 0.1644 
        H176  1 0.1989 0.1616 0.2003 0.1687 0.2704 
        H177  1 0.1296 0.3290 0.1879 0.1986 0.1550 
        H179  1 0.1129 0.3144 0.2113 0.1297 0.2317 
        H181  1 0.2540 0.1274 0.1838 0.2712 0.1636 
        H182  1 0.2443 0.1029 0.2364 0.2614 0.1550 
        H183  1 0.2858 0.1308 0.1760 0.2690 0.1385 
        H184  1 0.1684 0.2153 0.2217 0.2520 0.1426 
        H185  1 0.2274 0.1426 0.2012 0.2450 0.1839 
        H186  1 0.3437 0.1887 0.1816 0.1617 0.1244 
        H187  1 0.1817 0.2204 0.1749 0.2515 0.1715 
        H188  1 0.1270 0.2484 0.2628 0.1426 0.2192 
        H192  1 0.1568 0.2565 0.1621 0.2801 0.1444 
        H193  1 0.2786 0.1103 0.2648 0.2260 0.1203 
        H194  1 0.1763 0.1923 0.2071 0.1680 0.2563 
        H195  1 0.3241 0.1772 0.1175 0.2819 0.0993 
        H199  1 0.3175 0.1995 0.1622 0.1913 0.1296 
        H200  1 0.1709 0.2379 0.1928 0.1997 0.1986 
        H414  1 0.2036 0.2059 0.2179 0.1860 0.1867 
        H415  1 0.1993 0.1298 0.2250 0.1604 0.2856 
        H422  1 0.2751 0.2111 0.1831 0.1986 0.1322 
        H423  1 0.1151 0.4473 0.1089 0.1920 0.1368 
        H424  1 0.3183 0.1259 0.1750 0.1869 0.1939 
        H425  1 0.4109 0.1653 0.1416 0.1270 0.1551 
        H426  1 0.4016 0.1312 0.1594 0.1951 0.1126 
        H443  1 0.4008 0.1304 0.2320 0.1108 0.1261 
        H466  1 0.1929 0.1977 0.1776 0.2202 0.2116 
        H467  1 0.1572 0.3218 0.1184 0.2020 0.2006 
        H472  1 0.1992 0.2397 0.1877 0.1751 0.1983 
        H483  1 0.1952 0.1743 0.2901 0.2051 0.1353 
        H504  1 0.3706 0.1433 0.1517 0.1614 0.1729 
        H505  1 0.1609 0.2900 0.1878 0.1856 0.1756 
        H506  1 0.2390 0.1778 0.2241 0.2018 0.1573 
        H507  1 0.2155 0.1103 0.2308 0.2452 0.1982 
        H508  1 0.1972 0.2649 0.1345 0.2096 0.1938 
        H524  1 0.1789 0.1417 0.2208 0.1732 0.2853 
        H525  1 0.2666 0.1386 0.2333 0.1979 0.1636 
        H526  1 0.1376 0.1938 0.2710 0.1506 0.2470 
        H527  1 0.1730 0.2472 0.1863 0.2537 0.1399 
        H528  1 0.2476 0.1111 0.1901 0.1809 0.2702 
        H529  1 0.2950 0.1106 0.2025 0.1553 0.2366 
        H533  1 0.1697 0.0864 0.2771 0.2675 0.1993 
        H538  1 0.1712 0.2233 0.2266 0.1612 0.2178 
        H539  1 0.1994 0.2131 0.1504 0.3045 0.1326 
        H540  1 0.2053 0.1761 0.2030 0.2130 0.2025 
        H541  1 0.1599 0.1822 0.2558 0.1448 0.2572 
        H558  1 0.2531 0.1164 0.1718 0.3644 0.0943 
        H559  1 0.2174 0.1820 0.2835 0.1674 0.1497 
        H579  1 0.2289 0.1198 0.2431 0.2788 0.1294 
        H584  1 0.3422 0.1339 0.1567 0.1817 0.1855 
        H585  1 0.2615 0.1615 0.1641 0.2057 0.2072 
        H605  1 0.1958 0.2608 0.1768 0.1997 0.1670 
        H606  1 0.1378 0.3597 0.1901 0.1635 0.1489 
        H632  1 0.3497 0.1175 0.1856 0.1829 0.1643 
        H634  1 0.2613 0.1556 0.1924 0.2148 0.1760 
        H671  1 0.1360 0.3954 0.1245 0.1442 0.1999 
        H672  1 0.1721 0.1886 0.1769 0.1484 0.3140 
        H673  1 0.2914 0.1473 0.1978 0.2364 0.1271 
        H689  1 0.2586 0.1485 0.2504 0.1573 0.1852 
        H690  1 0.1402 0.1787 0.2279 0.1626 0.2907 
        H691  1 0.1522 0.1725 0.3184 0.1411 0.2158 
        H692  1 0.3233 0.0795 0.1990 0.2502 0.1479 
        H709  1 0.2163 0.1247 0.2033 0.1970 0.2587 
        H710  1 0.3132 0.1000 0.1965 0.2117 0.1786 
       H7355  1 0.1641 0.1368 0.2984 0.1343 0.2664 
       H7356  1 0.2807 0.1645 0.1625 0.2199 0.1723 
       H7357  1 0.1406 0.2105 0.3092 0.1664 0.1733 
       H7358  1 0.2011 0.1715 0.2782 0.2120 0.1372 
       H7380  1 0.2580 0.1433 0.2610 0.1686 0.1691 
       H7381  1 0.2563 0.2367 0.1432 0.2150 0.1489 
       H7382  1 0.2329 0.1569 0.2280 0.2128 0.1695 
        H904  1 0.1007 0.3823 0.1975 0.1758 0.1437 
        H923  1 0.2135 0.2326 0.1620 0.2040 0.1879 
        H924  1 0.1912 0.2375 0.2149 0.1789 0.1775 
        H925  1 0.1561 0.2053 0.2954 0.1363 0.2069 
       H9558  1 0.2787 0.1083 0.1700 0.3535 0.0895 
        H008  2 0.1921 0.1223 0.2596 0.2207 0.2052 
        H021  2 0.1539 0.2287 0.2220 0.1842 0.2112 
        H023  2 0.1580 0.2611 0.2571 0.1612 0.1627 
        H024  2 0.1940 0.0865 0.2132 0.1762 0.3301 
        H025  2 0.2350 0.2696 0.1412 0.2417 0.1125 
        H026  2 0.3844 0.1028 0.1604 0.1283 0.2241 
        H027  2 0.1723 0.1686 0.2198 0.1583 0.2811 
        H028  2 0.2429 0.1494 0.1961 0.2450 0.1666 
        H029  2 0.2018 0.1673 0.2195 0.1635 0.2480 
        H030  2 0.2582 0.0917 0.1808 0.2564 0.2129 
        H038  2 0.1445 0.3273 0.1483 0.2143 0.1656 
        H039  2 0.0767 0.5396 0.0776 0.1638 0.1424 
        H040  2 0.1396 0.3819 0.1510 0.1456 0.1819 
        H041  2 0.1361 0.1722 0.2389 0.1608 0.2920 
        H042  2 0.1809 0.2159 0.2164 0.2147 0.1721 
        H043  2 0.1265 0.4001 0.0904 0.2680 0.1150 
        H044  2 0.1962 0.1059 0.2282 0.3396 0.1301 
        H047  2 0.2104 0.2261 0.1557 0.2245 0.1834 
        H050  2 0.1805 0.1014 0.2281 0.1603 0.3296 
        H058  2 0.1926 0.2307 0.1744 0.2459 0.1565 
        H062  2 0.1297 0.2528 0.3224 0.1603 0.1348 
        H063  2 0.1440 0.2879 0.1484 0.2133 0.2064 
        H065  2 0.4229 0.1722 0.1457 0.1438 0.1155 
        H066  2 0.1991 0.1536 0.1926 0.2127 0.2419 
        H067  2 0.1846 0.1727 0.2837 0.1563 0.2027 
        H068  2 0.1577 0.3474 0.1653 0.1614 0.1682 
        H069  2 0.2366 0.2263 0.1574 0.2258 0.1538 
        H071  2 0.1915 0.2202 0.1817 0.1899 0.2167 
        H072  2 0.1337 0.3474 0.1406 0.2156 0.1627 
        H073  2 0.2821 0.1620 0.1772 0.1444 0.2345 
        H081  2 0.1160 0.2080 0.3137 0.1577 0.2046 
        H082  2 0.2086 0.0988 0.1855 0.3693 0.1379 
        H083  2 0.2654 0.1016 0.1620 0.3499 0.1212 
        H084  2 0.1651 0.2294 0.1831 0.1872 0.2353 
        H085  2 0.1308 0.1793 0.2706 0.1439 0.2754 
        H087  2 0.1366 0.1929 0.3464 0.1404 0.1838 
        H088  2 0.1591 0.2412 0.2035 0.2215 0.1748 
        H089  2 0.1661 0.1883 0.2910 0.1672 0.1874 
        H090  2 0.1794 0.1046 0.1975 0.1569 0.3616 
        H091  2 0.1535 0.1239 0.1920 0.1076 0.4230 
        H098  2 0.1711 0.1528 0.2373 0.2122 0.2266 
      H10001  2 0.0825 0.5208 0.0933 0.1752 0.1282 
      H10002  2 0.1365 0.2239 0.2625 0.2237 0.1534 
        H101  2 0.1543 0.1155 0.2364 0.1686 0.3252 
        H108  2 0.1315 0.3030 0.2760 0.1595 0.1300 
        H109  2 0.1737 0.2090 0.1696 0.1785 0.2691 
        H110  2 0.1359 0.1485 0.3275 0.1814 0.2067 
        H116  2 0.2842 0.1254 0.1857 0.2092 0.1955 
        H117  2 0.1149 0.1292 0.1844 0.1156 0.4558 
        H118  2 0.2435 0.1163 0.1756 0.1204 0.3442 
        H119  2 0.1712 0.1932 0.1924 0.1220 0.3212 
        H120  2 0.1115 0.3177 0.2319 0.2001 0.1389 
        H121  2 0.1838 0.1413 0.2312 0.1195 0.3243 
        H125  2 0.0802 0.5158 0.0827 0.1535 0.1678 
        H126  2 0.3024 0.1367 0.1747 0.2717 0.1145 
        H128  2 0.2477 0.0676 0.1913 0.1288 0.3645 
        H129  2 0.4228 0.1077 0.1516 0.1936 0.1243 
        H130  2 0.1982 0.2926 0.1285 0.2921 0.0886 
        H133  2 0.1466 0.4151 0.1149 0.1780 0.1454 
        H134  2 0.5733 0.0857 0.1113 0.1249 0.1048 
        H135  2 0.1758 0.2045 0.2353 0.1860 0.1984 
        H137  2 0.1550 0.1539 0.1893 0.1526 0.3493 
        H138  2 0.3775 0.0967 0.1674 0.2253 0.1330 
        H140  2 0.1898 0.1704 0.1825 0.1647 0.2926 
        H146  2 0.2010 0.1164 0.1476 0.1031 0.4319 
        H147  2 0.1633 0.1428 0.2304 0.1570 0.3065 
        H148  2 0.1268 0.1289 0.2248 0.1159 0.4035 
     H166022  2 0.1825 0.1073 0.2515 0.2328 0.2260 
     H167359  2 0.2081 0.1683 0.1921 0.2417 0.1898 
     H167397  2 0.2051 0.0772 0.2516 0.2086 0.2576 
     H167428  2 0.2209 0.1572 0.2734 0.1347 0.2137 
     H167496  2 0.1148 0.3318 0.1723 0.1477 0.2333 
     H167513  2 0.1372 0.1861 0.1726 0.3604 0.1437 
     H167545  2 0.2877 0.1129 0.2116 0.2525 0.1353 
     H167547  2 0.2749 0.0859 0.1708 0.1927 0.2756 
     H169621  2 0.1955 0.1096 0.2003 0.2133 0.2812 
     H169622  2 0.2492 0.1560 0.2213 0.2342 0.1394 
     H169750  2 0.2016 0.2552 0.1424 0.2484 0.1524 
     H171806  2 0.1872 0.1929 0.1477 0.1320 0.3402 
     H171808  2 0.2251 0.1896 0.2473 0.1687 0.1694 
     H171809  2 0.1800 0.1798 0.3018 0.1710 0.1674 
     H171813  2 0.2363 0.1586 0.1632 0.2534 0.1886 
     H171815  2 0.1357 0.4103 0.1022 0.2107 0.1411 
     H171824  2 0.1227 0.2466 0.2274 0.1389 0.2644 
     H171825  2 0.2382 0.1797 0.2391 0.1924 0.1506 
     H171826  2 0.1703 0.1968 0.2028 0.1714 0.2587 
     H171827  2 0.1710 0.1819 0.2127 0.2180 0.2165 
     H171828  2 0.0950 0.3534 0.2115 0.1512 0.1889 
     H171829  2 0.2716 0.2362 0.1310 0.1675 0.1937 
     H171830  2 0.1494 0.1542 0.2158 0.2857 0.1949 
     H171831  2 0.3220 0.1011 0.1806 0.2078 0.1885 
     H171832  2 0.2478 0.1239 0.1937 0.3069 0.1276 
     H171863  2 0.3112 0.0936 0.1636 0.2995 0.1320 
     H171864  2 0.1526 0.1788 0.2012 0.1621 0.3053 
     H171865  2 0.1535 0.3517 0.1294 0.2023 0.1631 
     H171879  2 0.1745 0.1309 0.1856 0.1729 0.3361 
     H171880  2 0.1409 0.1095 0.2279 0.1380 0.3836 
     H171881  2 0.2062 0.1647 0.2414 0.2117 0.1759 
     H171882  2 0.1005 0.4343 0.1252 0.2044 0.1356 
     H171929  2 0.1853 0.1678 0.1951 0.2495 0.2023 
     H171930  2 0.2179 0.0918 0.2516 0.2303 0.2084 
     H171933  2 0.2002 0.1751 0.1796 0.1857 0.2593 
     H171934  2 0.1806 0.1737 0.2476 0.1415 0.2565 
     H171937  2 0.3028 0.1079 0.1896 0.2623 0.1374 
     H171962  2 0.2032 0.1373 0.2527 0.2583 0.1485 
        H190  2 0.2266 0.1454 0.1931 0.2481 0.1867 
        H191  2 0.1853 0.1845 0.1843 0.2365 0.2094 
        H396  2 0.1396 0.2220 0.3186 0.1458 0.1740 
        H397  2 0.2247 0.1659 0.2041 0.1934 0.2118 
        H398  2 0.2829 0.1993 0.1945 0.1774 0.1459 
        H400  2 0.1687 0.1895 0.2698 0.1751 0.1969 
        H401  2 0.1729 0.0782 0.1986 0.1685 0.3819 
        H402  2 0.1643 0.1312 0.2262 0.2515 0.2268 
        H427  2 0.1621 0.1847 0.3249 0.1382 0.1901 
        H428  2 0.2123 0.1648 0.2660 0.1327 0.2243 
        H497  2 0.1510 0.2618 0.1340 0.3177 0.1355 
        H512  2 0.1947 0.1349 0.2036 0.1806 0.2862 
        H513  2 0.1434 0.1811 0.1687 0.3544 0.1524 
        H514  2 0.3042 0.1353 0.1624 0.2721 0.1260 
        H519  2 0.1524 0.1634 0.1836 0.3434 0.1573 
        H532  2 0.1725 0.1676 0.2857 0.1541 0.2200 
        H543  2 0.1525 0.1140 0.2658 0.2355 0.2322 
        H544  2 0.3111 0.1617 0.1316 0.3114 0.0841 
        H545  2 0.3122 0.0983 0.2076 0.2519 0.1301 
        H546  2 0.1817 0.3111 0.1372 0.2344 0.1355 
        H547  2 0.2524 0.0848 0.1846 0.2013 0.2768 
        H548  2 0.1715 0.1845 0.2524 0.1853 0.2062 
        H549  2 0.1579 0.3022 0.1274 0.2611 0.1515 
        H620  2 0.1018 0.4452 0.1299 0.1833 0.1397 
        H623  2 0.2821 0.1180 0.1911 0.2905 0.1183 
        H624  2 0.2098 0.2970 0.1077 0.2960 0.0895 
        H625  2 0.1727 0.1883 0.2602 0.2084 0.1704 
        H626  2 0.1816 0.1889 0.1905 0.2153 0.2236 
        H654  2 0.0869 0.5190 0.0784 0.2109 0.1048 
        H655  2 0.1749 0.2415 0.1754 0.2312 0.1770 
        H656  2 0.1031 0.4269 0.1627 0.1852 0.1220 
        H666  2 0.1207 0.4343 0.0807 0.1560 0.2083 
        H667  2 0.1952 0.1654 0.2734 0.1777 0.1882 
        H677  2 0.2011 0.1607 0.2386 0.1791 0.2205 
        H693  2 0.1236 0.2638 0.3037 0.1610 0.1479 
        H694  2 0.2413 0.1565 0.2159 0.2450 0.1414 
        H701  2 0.1817 0.1172 0.2622 0.2524 0.1865 
        H702  2 0.1577 0.1943 0.2149 0.2407 0.1924 
        H731  2 0.1707 0.2288 0.2245 0.1699 0.2061 
       H7359  2 0.2073 0.1769 0.1861 0.2324 0.1973 
       H7389  2 0.1908 0.1659 0.1711 0.1735 0.2986 
       H7390  2 0.1388 0.3706 0.1321 0.1632 0.1954 
       H7391  2 0.1083 0.1892 0.2371 0.1121 0.3533 
       H7392  2 0.2354 0.2184 0.1749 0.1883 0.1830 
       H7393  2 0.1702 0.2360 0.1678 0.2244 0.2016 
       H7398  2 0.1443 0.1714 0.2348 0.1439 0.3056 
       H7399  2 0.2259 0.1351 0.2369 0.1865 0.2156 
       H7400  2 0.0915 0.5072 0.1046 0.1936 0.1032 
        H745  2 0.4293 0.0964 0.1380 0.2118 0.1245 
        H746  2 0.2391 0.1347 0.2398 0.2293 0.1571 
        H747  2 0.1262 0.3476 0.1374 0.1386 0.2502 
        H748  2 0.1953 0.1797 0.1916 0.2196 0.2139 
       H7484  2 0.1236 0.4134 0.1235 0.1435 0.1959 
       H7485  2 0.1998 0.1752 0.1444 0.3469 0.1337 
        H749  2 0.2145 0.1559 0.2342 0.2531 0.1422 
        H930  2 0.2072 0.0999 0.2466 0.2147 0.2315 
        H931  2 0.1896 0.1596 0.2240 0.1926 0.2342 
        H932  2 0.2110 0.1559 0.1608 0.1387 0.3335 
        H111  3 0.2845 0.1054 0.2014 0.2406 0.1682 
        H951  3 0.2369 0.1259 0.2067 0.2299 0.2006 
        H952  3 0.2580 0.1744 0.1581 0.1465 0.2629 
        H953  3 0.1390 0.1693 0.2279 0.1390 0.3248 
        H954  3 0.1262 0.3260 0.1452 0.2529 0.1497 
        H955  3 0.2161 0.1017 0.2510 0.2677 0.1635 
        H956  3 0.1360 0.1931 0.1837 0.1263 0.3608 
       H9563  3 0.1366 0.2056 0.2041 0.1912 0.2626 
        H002  4 0.2251 0.2502 0.1659 0.2385 0.1202 
        H003  4 0.2335 0.1460 0.2720 0.1615 0.1870 
        H009  4 0.2822 0.1420 0.1462 0.2807 0.1488 
        H010  4 0.1967 0.1603 0.2294 0.1726 0.2410 
        H011  4 0.1221 0.3167 0.2193 0.2080 0.1339 
        H012  4 0.1578 0.1345 0.2739 0.2209 0.2128 
        H013  4 0.1479 0.2020 0.2903 0.1942 0.1655 
        H014  4 0.2422 0.1586 0.1955 0.2553 0.1484 
        H045  4 0.1337 0.2329 0.2685 0.1409 0.2239 
        H046  4 0.3179 0.1304 0.2169 0.1454 0.1894 
        H051  4 0.1344 0.2407 0.2397 0.2213 0.1638 
        H052  4 0.2317 0.3140 0.1485 0.1775 0.1283 
        H053  4 0.1891 0.2108 0.1773 0.1612 0.2616 
        H056  4 0.1568 0.2566 0.1614 0.3019 0.1234 
        H076  4 0.3036 0.1307 0.1870 0.1680 0.2107 
        H151  4 0.1785 0.3478 0.1266 0.2025 0.1446 
        H152  4 0.2581 0.2369 0.1634 0.2030 0.1386 
     H171803  4 0.1505 0.2913 0.1676 0.1696 0.2210 
     H171804  4 0.1548 0.2453 0.1993 0.1615 0.2390 
     H171833  4 0.3710 0.1109 0.1530 0.2520 0.1130 
     H171855  4 0.1841 0.3814 0.1036 0.1794 0.1514 
     H171856  4 0.1535 0.2321 0.1699 0.1665 0.2779 
     H171857  4 0.2163 0.2988 0.1374 0.1485 0.1989 
     H171858  4 0.2645 0.1482 0.1926 0.1865 0.2083 
     H171859  4 0.2112 0.1845 0.1895 0.1999 0.2149 
     H171961  4 0.1645 0.2446 0.1979 0.2282 0.1648 
        H198  4 0.3049 0.1190 0.2437 0.1689 0.1635 
      H20001  4 0.3067 0.1020 0.1601 0.3208 0.1103 
        H403  4 0.1874 0.2328 0.1469 0.2207 0.2122 
        H404  4 0.2186 0.1395 0.2694 0.1901 0.1823 
        H405  4 0.2478 0.1324 0.2196 0.1574 0.2428 
        H406  4 0.2722 0.1479 0.1545 0.2075 0.2180 
        H407  4 0.1428 0.1949 0.1747 0.1311 0.3566 
        H410  4 0.1368 0.1099 0.1582 0.1216 0.4735 
        H411  4 0.2825 0.1004 0.2066 0.2868 0.1237 
        H468  4 0.2405 0.2245 0.1777 0.2128 0.1445 
        H476  4 0.1778 0.2446 0.1860 0.2515 0.1401 
        H477  4 0.3568 0.1099 0.1848 0.2208 0.1277 
        H478  4 0.1788 0.1386 0.2363 0.3031 0.1432 
        H479  4 0.1636 0.2874 0.2086 0.1549 0.1855 
        H480  4 0.2506 0.0936 0.2105 0.2651 0.1802 
        H498  4 0.2410 0.1634 0.1943 0.2286 0.1726 
        H499  4 0.2334 0.1818 0.2194 0.1928 0.1727 
        H500  4 0.1234 0.3325 0.1499 0.1857 0.2086 
        H515  4 0.1732 0.1842 0.1908 0.2478 0.2040 
        H516  4 0.2262 0.1589 0.1790 0.2116 0.2242 
        H517  4 0.1794 0.1450 0.1702 0.1555 0.3499 
        H518  4 0.2041 0.3512 0.1434 0.1631 0.1382 
        H520  4 0.1494 0.3497 0.1384 0.1658 0.1967 
        H521  4 0.2034 0.1917 0.2008 0.2042 0.1999 
        H522  4 0.1799 0.2012 0.1762 0.2347 0.2080 
        H523  4 0.1642 0.1650 0.1944 0.2283 0.2481 
        H536  4 0.2594 0.1915 0.2362 0.1478 0.1651 
        H645  4 0.1121 0.2304 0.3598 0.1252 0.1724 
        H646  4 0.2171 0.1069 0.1934 0.1289 0.3537 
        H647  4 0.2326 0.2484 0.1523 0.1964 0.1704 
        H657  4 0.2341 0.1307 0.1742 0.1674 0.2936 
        H658  4 0.1700 0.1839 0.2080 0.1726 0.2655 
        H659  4 0.1061 0.4231 0.1031 0.2168 0.1509 
        H660  4 0.1834 0.1912 0.1760 0.3314 0.1181 
        H661  4 0.1657 0.2992 0.1279 0.2613 0.1458 
        H668  4 0.1750 0.1387 0.3062 0.1937 0.1863 
        H669  4 0.1717 0.2152 0.1848 0.1728 0.2554 
        H670  4 0.1113 0.2053 0.3798 0.1261 0.1775 
        H678  4 0.1895 0.1587 0.1980 0.2291 0.2247 
        H679  4 0.1818 0.1241 0.2322 0.2084 0.2535 
        H680  4 0.2978 0.1787 0.1414 0.1777 0.2044 
        H681  4 0.1557 0.2021 0.2669 0.2252 0.1501 
        H682  4 0.1509 0.1392 0.2367 0.1869 0.2863 
        H683  4 0.2156 0.2834 0.1200 0.2295 0.1515 
        H718  4 0.1365 0.3862 0.1251 0.1605 0.1917 
        H719  4 0.1288 0.2342 0.2886 0.1870 0.1614 
        H720  4 0.2214 0.2779 0.1310 0.2454 0.1242 
        H721  4 0.2921 0.2243 0.1529 0.1812 0.1495 
        H722  4 0.2903 0.2438 0.1146 0.2314 0.1198 
        H723  4 0.1287 0.2730 0.1892 0.1868 0.2223 
        H724  4 0.1060 0.4589 0.1037 0.1304 0.2011 
        H725  4 0.1321 0.4311 0.1132 0.1686 0.1549 
        H726  4 0.1638 0.2610 0.1667 0.2090 0.1996 
        H727  4 0.1388 0.2391 0.2243 0.1425 0.2552 
        H910  4 0.1561 0.2082 0.2185 0.1743 0.2429 
        H911  4 0.2101 0.1455 0.1615 0.1649 0.3180 
        H912  4 0.2407 0.2208 0.1365 0.2051 0.1969 
        H913  4 0.1546 0.2677 0.1629 0.1567 0.2581 
        H914  4 0.1185 0.2493 0.2594 0.1484 0.2244 
        H915  4 0.1833 0.1927 0.1909 0.2302 0.2028 
        H916  4 0.2543 0.1290 0.1975 0.2247 0.1946 
       H9572  4 0.1605 0.2617 0.1372 0.2524 0.1882 
        H015  5 0.2010 0.1251 0.2006 0.3597 0.1137 
        H016  5 0.3862 0.1243 0.1440 0.1917 0.1538 
        H017  5 0.2365 0.1818 0.1562 0.2547 0.1709 
        H019  5 0.2192 0.1603 0.1855 0.3203 0.1147 
        H020  5 0.1818 0.2130 0.2531 0.1773 0.1748 
        H032  5 0.2112 0.2156 0.1878 0.1762 0.2093 
        H033  5 0.1917 0.1393 0.2779 0.2177 0.1733 
        H034  5 0.1331 0.2254 0.2481 0.1779 0.2155 
        H035  5 0.2042 0.1894 0.1697 0.1731 0.2637 
        H036  5 0.2347 0.1470 0.1874 0.1577 0.2732 
        H037  5 0.1572 0.2733 0.1913 0.1696 0.2086 
        H048  5 0.1212 0.3507 0.1684 0.1468 0.2128 
        H049  5 0.2730 0.1521 0.1952 0.2670 0.1126 
        H054  5 0.2721 0.1789 0.1663 0.1242 0.2585 
        H055  5 0.2099 0.1998 0.2414 0.2029 0.1461 
        H057  5 0.3965 0.1562 0.1443 0.2113 0.0916 
        H060  5 0.2200 0.1641 0.2410 0.2399 0.1350 
        H061  5 0.2129 0.1623 0.2690 0.1733 0.1825 
        H064  5 0.1880 0.2505 0.2008 0.2125 0.1482 
        H070  5 0.1428 0.1630 0.2656 0.2238 0.2049 
        H077  5 0.1466 0.3117 0.1436 0.2656 0.1326 
        H078  5 0.2062 0.2764 0.1290 0.1945 0.1940 
        H079  5 0.1570 0.1417 0.2441 0.1429 0.3143 
        H097  5 0.2281 0.1812 0.1492 0.3268 0.1147 
        H107  5 0.1025 0.4089 0.1646 0.1515 0.1725 
        H122  5 0.2535 0.1784 0.1565 0.2164 0.1952 
        H123  5 0.2131 0.1175 0.1889 0.1619 0.3187 
        H124  5 0.2010 0.1379 0.1898 0.1576 0.3137 
        H131  5 0.1774 0.1363 0.2309 0.1529 0.3025 
        H132  5 0.1785 0.2403 0.2112 0.1787 0.1913 
        H141  5 0.1637 0.2854 0.1894 0.1831 0.1783 
        H142  5 0.2311 0.1203 0.2366 0.2477 0.1644 
        H157  5 0.1677 0.2906 0.1536 0.1607 0.2273 
        H158  5 0.3268 0.0975 0.1719 0.1856 0.2182 
        H159  5 0.2435 0.1349 0.1840 0.2688 0.1688 
        H160  5 0.2041 0.2354 0.1622 0.1673 0.2310 
        H163  5 0.2172 0.1216 0.2455 0.2285 0.1872 
        H164  5 0.1805 0.1329 0.2118 0.3568 0.1181 
        H165  5 0.1635 0.1641 0.2654 0.1565 0.2505 
        H166  5 0.2331 0.1575 0.2414 0.2304 0.1376 
        H169  5 0.1823 0.1475 0.2845 0.2240 0.1617 
     H169613  5 0.2195 0.1482 0.2108 0.2628 0.1588 
     H169653  5 0.2650 0.1395 0.2276 0.1983 0.1696 
     H169728  5 0.2244 0.1969 0.2115 0.1882 0.1790 
     H169742  5 0.1347 0.2298 0.3417 0.1325 0.1613 
        H170  5 0.3239 0.1429 0.1673 0.2509 0.1149 
        H171  5 0.3618 0.1239 0.1476 0.2288 0.1378 
     H171851  5 0.2365 0.1503 0.1835 0.2878 0.1419 
     H171852  5 0.1903 0.3555 0.1294 0.1775 0.1473 
     H171853  5 0.1619 0.2319 0.1901 0.1759 0.2402 
     H171854  5 0.2125 0.1572 0.1924 0.2840 0.1540 
     H171938  5 0.1452 0.1877 0.2749 0.1634 0.2288 
     H171939  5 0.2970 0.1529 0.1821 0.2266 0.1413 
     H171941  5 0.1175 0.2670 0.2902 0.2002 0.1252 
     H171965  5 0.2937 0.1292 0.2205 0.2128 0.1438 
     H171970  5 0.1151 0.3739 0.1772 0.2040 0.1298 
     H171973  5 0.1810 0.1789 0.2851 0.1426 0.2124 
     H171974  5 0.1592 0.1757 0.2969 0.1687 0.1995 
     H171975  5 0.1775 0.2184 0.2370 0.1965 0.1707 
     H171976  5 0.2994 0.1845 0.1530 0.2553 0.1078 
        H175  5 0.1522 0.2778 0.1710 0.1623 0.2367 
        H178  5 0.1828 0.2049 0.2441 0.2235 0.1447 
        H189  5 0.2269 0.1115 0.2227 0.2027 0.2363 
        H399  5 0.3831 0.1798 0.1082 0.1351 0.1938 
        H416  5 0.1830 0.2065 0.2414 0.2108 0.1584 
        H438  5 0.1579 0.1626 0.2216 0.1585 0.2994 
        H450  5 0.1575 0.2155 0.2372 0.2619 0.1279 
        H455  5 0.1161 0.2901 0.2572 0.1898 0.1468 
        H456  5 0.1720 0.2092 0.2586 0.1545 0.2057 
        H457  5 0.2031 0.2969 0.1468 0.2376 0.1156 
        H458  5 0.1912 0.2060 0.2073 0.1825 0.2129 
        H459  5 0.2335 0.1190 0.2232 0.1937 0.2305 
        H460  5 0.1823 0.1986 0.1761 0.2485 0.1945 
        H461  5 0.2783 0.1416 0.1836 0.2529 0.1436 
        H462  5 0.1943 0.1365 0.2298 0.1613 0.2781 
        H469  5 0.1833 0.1234 0.2372 0.2211 0.2351 
        H470  5 0.1882 0.2015 0.1822 0.2617 0.1665 
        H471  5 0.2745 0.1045 0.1715 0.1761 0.2734 
        H481  5 0.1185 0.4038 0.1501 0.1483 0.1793 
        H482  5 0.1784 0.2098 0.1828 0.2744 0.1545 
        H501  5 0.1878 0.2005 0.2004 0.2498 0.1616 
        H502  5 0.2649 0.1111 0.1964 0.2591 0.1684 
        H503  5 0.2667 0.1547 0.1848 0.1930 0.2008 
        H509  5 0.1406 0.3026 0.1468 0.1554 0.2547 
        H510  5 0.1890 0.1563 0.2509 0.2921 0.1118 
        H511  5 0.2424 0.1342 0.2170 0.2456 0.1608 
        H530  5 0.1556 0.2503 0.2109 0.1605 0.2227 
        H531  5 0.1353 0.4021 0.1113 0.1874 0.1639 
        H564  5 0.1853 0.2304 0.1777 0.2837 0.1229 
        H565  5 0.1307 0.3371 0.1714 0.2392 0.1217 
        H567  5 0.2078 0.1091 0.2327 0.1383 0.3121 
     H568???  5 0.3405 0.1171 0.1839 0.1681 0.1902 
        H608  5 0.1549 0.1931 0.2273 0.2593 0.1654 
        H609  5 0.1506 0.2086 0.3066 0.1493 0.1848 
        H612  5 0.1049 0.3255 0.2229 0.1764 0.1702 
        H614  5 0.1538 0.3994 0.1123 0.1689 0.1656 
        H615  5 0.1740 0.3370 0.1469 0.2093 0.1328 
        H616  5 0.0976 0.3623 0.1808 0.1379 0.2213 
        H617  5 0.1895 0.1369 0.2058 0.1754 0.2923 
        H618  5 0.1408 0.3033 0.2036 0.1786 0.1737 
        H619  5 0.1289 0.2042 0.3755 0.1418 0.1496 
        H635  5 0.1919 0.1595 0.2079 0.2632 0.1774 
        H636  5 0.1525 0.1606 0.3402 0.1408 0.2059 
        H637  5 0.1662 0.2537 0.2497 0.2035 0.1270 
        H644  5 0.3948 0.0771 0.1532 0.2067 0.1682 
        H711  5 0.3134 0.1606 0.1523 0.2542 0.1195 
        H712  5 0.1367 0.2248 0.2853 0.1399 0.2133 
       H7360  5 0.2441 0.2225 0.1727 0.2378 0.1229 
       H7361  5 0.1894 0.2329 0.2007 0.2149 0.1621 
       H7362  5 0.4194 0.0973 0.1522 0.1707 0.1604 
       H7363  5 0.2272 0.2087 0.1842 0.1919 0.1879 
       H7394  5 0.1993 0.0998 0.2598 0.2474 0.1937 
       H7395  5 0.1801 0.1668 0.2947 0.1963 0.1620 
       H7396  5 0.1765 0.1935 0.2242 0.2100 0.1958 
        H742  5 0.1256 0.2274 0.3605 0.1289 0.1576 
        H743  5 0.1863 0.2486 0.1915 0.1763 0.1973 
        H744  5 0.1140 0.3246 0.1335 0.1302 0.2977 
        H957  5 0.2573 0.1538 0.1924 0.2791 0.1175 
        H958  5 0.2052 0.1620 0.2054 0.1996 0.2277 
        H959  5 0.1261 0.2624 0.2419 0.2316 0.1380 
        H960  5 0.1699 0.1797 0.2023 0.1686 0.2795 
      H_PALI  6 0.2044 0.1419 0.1979 0.3343 0.1215 
        H581  6 0.1925 0.2872 0.1590 0.2007 0.1606 
        H582  6 0.1556 0.3863 0.1168 0.1945 0.1469 
        H583  6 0.2057 0.2571 0.1761 0.1971 0.1640 
        H595  6 0.2339 0.0980 0.2442 0.2150 0.2088 
        H596  6 0.2240 0.0982 0.2211 0.2006 0.2562 
        H597  6 0.2992 0.1094 0.2025 0.1673 0.2215 
        H598  6 0.1629 0.1841 0.2245 0.1726 0.2560 
        H599  6 0.1363 0.2564 0.2359 0.2335 0.1380 
        H642  6 0.2496 0.1343 0.1547 0.2410 0.2204 
        H643  6 0.1657 0.1764 0.1797 0.1391 0.3391 
        H664  6 0.1680 0.3461 0.0941 0.2229 0.1689 
        H665  6 0.1653 0.1870 0.2907 0.1605 0.1965 
        H674  6 0.3398 0.0929 0.1614 0.2621 0.1438 
        H675  6 0.1944 0.2222 0.1889 0.2201 0.1744 
        H676  6 0.2256 0.1107 0.2153 0.2984 0.1499 
        H686  6 0.2571 0.1540 0.2282 0.2310 0.1297 
        H687  6 0.2377 0.1732 0.1773 0.1966 0.2153 
        H917  6 0.1903 0.1353 0.2380 0.1820 0.2543 
        H918  6 0.1732 0.1901 0.3238 0.1763 0.1366 
        H919  6 0.1172 0.3351 0.1913 0.1359 0.2205 
        H920  6 0.1767 0.2295 0.1764 0.2886 0.1288 
        H631  7 0.1891 0.2547 0.2242 0.1902 0.1418 
        H684  7 0.2892 0.0963 0.1770 0.3344 0.1031 
        H685  7 0.1120 0.3120 0.1289 0.1192 0.3278 
        H713  7 0.1082 0.3924 0.1337 0.1767 0.1890 
        H715  7 0.2954 0.1147 0.1790 0.2693 0.1415 
        H716  7 0.1955 0.2004 0.2998 0.1709 0.1333 
        H717  7 0.1969 0.2269 0.2028 0.2176 0.1557 
        H729  7 0.1574 0.1147 0.2247 0.1450 0.3582 
        H730  7 0.1153 0.1985 0.2050 0.1345 0.3465 
        H431  8 0.1539 0.2342 0.1502 0.1370 0.3248 
        H432  8 0.3619 0.1312 0.1668 0.1923 0.1479 
        H433  8 0.1944 0.1337 0.2311 0.2137 0.2271 
        H434  8 0.1982 0.1291 0.2102 0.1982 0.2644 
        H444  8 0.1572 0.1689 0.2883 0.2396 0.1459 
        H454  8 0.1238 0.2995 0.2198 0.2049 0.1520 
        H475  8 0.1290 0.2861 0.1487 0.3100 0.1262 
        H491  8 0.1793 0.2094 0.2329 0.2664 0.1119 
        H492  8 0.1591 0.3181 0.1691 0.1981 0.1557 
        H493  8 0.2742 0.1666 0.1750 0.2111 0.1731 
        H494  8 0.1811 0.2218 0.2345 0.1708 0.1918 
        H495  8 0.1915 0.3292 0.1073 0.2625 0.1094 
        H662  8 0.2611 0.2331 0.1420 0.1982 0.1656 
        H663  8 0.2044 0.1958 0.1706 0.1778 0.2515 
        H695  8 0.1722 0.2220 0.1798 0.1729 0.2530 
       H7367  8 0.1476 0.0988 0.2283 0.1311 0.3941 
       H7368  8 0.2927 0.1284 0.1812 0.2094 0.1883 
       H7369  8 0.1708 0.1865 0.2646 0.1976 0.1805 
       H7370  8 0.1405 0.0951 0.2701 0.1838 0.3105 
       H7371  8 0.1865 0.1625 0.2302 0.1846 0.2362 
        H600  9 0.1616 0.2650 0.1810 0.1976 0.1948 
        H648  9 0.2524 0.1569 0.1633 0.2616 0.1657 
        H696  9 0.3283 0.1108 0.1644 0.2136 0.1829 
        H697  9 0.1942 0.1630 0.1942 0.1692 0.2794 
        H698  9 0.2099 0.1382 0.1716 0.1678 0.3126 
        H699  9 0.2057 0.1636 0.2008 0.2148 0.2150 
        H700  9 0.1570 0.1897 0.2760 0.2288 0.1484 
        H732  9 0.1648 0.3761 0.1135 0.1818 0.1638 
        H733  9 0.1815 0.1177 0.2117 0.2101 0.2790 
        H734  9 0.2200 0.1157 0.2143 0.2909 0.1591 
        H735  9 0.1992 0.1404 0.1846 0.2153 0.2606 
        H736  9 0.1766 0.2354 0.1991 0.2363 0.1525 
        H737  9 0.1604 0.1695 0.1727 0.1402 0.3572 
        H905  9 0.1562 0.2006 0.2474 0.2230 0.1729 
        H921  9 0.1438 0.2225 0.2157 0.1973 0.2207 
        H922  9 0.2000 0.1148 0.2353 0.2570 0.1929 
     H169705 10 0.1384 0.1138 0.2070 0.1179 0.4229 
     H171942 10 0.3381 0.1282 0.1805 0.2022 0.1509 
     H171943 10 0.2387 0.1476 0.2030 0.2104 0.2003 
     H171944 10 0.1564 0.1503 0.2168 0.1929 0.2836 
     H171946 10 0.1940 0.3353 0.1187 0.1933 0.1587 
     H171947 10 0.2059 0.1571 0.2034 0.2691 0.1646 
     H229641 10 0.1847 0.2205 0.1635 0.2515 0.1797 
      H30001 10 0.1886 0.1703 0.2212 0.2140 0.2060 
      H30002 10 0.1649 0.1630 0.2474 0.2012 0.2235 
      H30005 10 0.1615 0.1205 0.1849 0.1308 0.4023 
      H30006 10 0.2154 0.1197 0.1912 0.1343 0.3394 
      H30007 10 0.3929 0.1052 0.1539 0.2562 0.0918 
        H451 10 0.2028 0.1351 0.2485 0.2684 0.1452 
        H452 10 0.1776 0.1382 0.1304 0.1303 0.4235 
        H453 10 0.1978 0.3102 0.1381 0.2073 0.1466 
        H473 10 0.1875 0.2772 0.2092 0.1906 0.1355 
        H474 10 0.1169 0.4434 0.1166 0.1854 0.1377 
        H486 10 0.1544 0.2457 0.1584 0.2255 0.2159 
        H487 10 0.1724 0.2239 0.1415 0.1700 0.2923 
        H488 10 0.1435 0.2093 0.2578 0.1795 0.2099 
        H489 10 0.1283 0.3387 0.1405 0.1650 0.2274 
        H550 10 0.2375 0.1418 0.1783 0.3009 0.1415 
        H551 10 0.1373 0.1887 0.1831 0.1649 0.3260 
        H553 10 0.1405 0.2725 0.1109 0.1269 0.3493 
        H554 10 0.2068 0.1394 0.1928 0.3295 0.1315 
        H556 10 0.2125 0.2134 0.1425 0.1628 0.2688 
        H580 10 0.2038 0.1435 0.2053 0.1370 0.3104 
        H591 10 0.1059 0.4019 0.1312 0.1991 0.1620 
        H592 10 0.1557 0.2520 0.1624 0.1777 0.2523 
        H593 10 0.1950 0.1529 0.2001 0.3169 0.1351 
        H594 10 0.3153 0.1052 0.1935 0.1902 0.1959 
        H627 10 0.2137 0.1777 0.1763 0.2900 0.1422 
        H628 10 0.2077 0.1521 0.2551 0.1373 0.2478 
        H629 10 0.2511 0.2601 0.1284 0.1992 0.1612 
        H630 10 0.1928 0.1950 0.1682 0.2032 0.2409 
        H638 10 0.1957 0.1293 0.2206 0.2203 0.2341 
        H639 10 0.1614 0.4103 0.1285 0.1428 0.1570 
        H640 10 0.2087 0.1432 0.2253 0.2371 0.1857 
        H704 10 0.3618 0.1304 0.1665 0.1631 0.1782 
        H705 10 0.1346 0.1054 0.2012 0.1159 0.4430 
        H706 10 0.1289 0.2085 0.2316 0.1395 0.2914 
        H708 10 0.1177 0.3813 0.1115 0.1951 0.1944 
       H7351 10 0.2460 0.1734 0.2035 0.2388 0.1383 
       H7352 10 0.2094 0.1972 0.1797 0.1882 0.2254 
       H7353 10 0.4748 0.1004 0.1324 0.1633 0.1292 
       H7354 10 0.1480 0.1974 0.3183 0.1985 0.1379 
       H7365 10 0.1153 0.3929 0.1437 0.1413 0.2068 
       H7383 10 0.1359 0.2165 0.2801 0.1749 0.1926 
       H7384 10 0.1594 0.1769 0.2044 0.1570 0.3023 
       H7385 10 0.1514 0.2205 0.2439 0.1730 0.2111 
       H7386 10 0.1768 0.1674 0.2343 0.1962 0.2252 
       H7387 10 0.2463 0.1322 0.2329 0.1947 0.1939 
       H7388 10 0.1496 0.1539 0.1481 0.1199 0.4285 
        H906 10 0.2403 0.2150 0.1954 0.2472 0.1021 
        H907 10 0.2326 0.1040 0.2368 0.2590 0.1676 
        H908 10 0.1755 0.1627 0.2027 0.2351 0.2240 
        H909 10 0.1505 0.1817 0.3379 0.1768 0.1531 
       H9552 10 0.2656 0.1554 0.2006 0.1677 0.2107 
       H9553 10 0.1332 0.1989 0.1187 0.1094 0.4398 
       H9555 10 0.1766 0.1299 0.2376 0.1757 0.2802 
       H9575 10 0.1804 0.3246 0.1414 0.1987 0.1549 
       H9703 10 0.1284 0.3321 0.1255 0.1274 0.2867 
       H9707 10 0.1511 0.2925 0.1478 0.2199 0.1886 
       HSAA4 10 0.2104 0.1426 0.2091 0.1444 0.2935 
        H001 11 0.2046 0.2041 0.2749 0.1175 0.1988 
        H004 11 0.1922 0.1751 0.2188 0.2553 0.1585 
        H005 11 0.1251 0.2930 0.2414 0.1991 0.1414 
        H006 11 0.1698 0.1675 0.2534 0.2034 0.2059 
        H007 11 0.1166 0.2492 0.2956 0.1678 0.1708 
        H031 11 0.0964 0.4025 0.1228 0.1558 0.2225 
        H074 11 0.1482 0.3736 0.1360 0.1646 0.1775 
        H075 11 0.1089 0.2885 0.2615 0.1965 0.1445 
        H080 11 0.1674 0.2531 0.1901 0.1474 0.2419 
        H086 11 0.1712 0.1295 0.1739 0.1509 0.3746 
        H092 11 0.1611 0.1873 0.1782 0.1595 0.3138 
        H093 11 0.3583 0.1293 0.1706 0.2129 0.1289 
        H094 11 0.2003 0.1421 0.2281 0.2106 0.2190 
        H095 11 0.1787 0.2677 0.2531 0.1377 0.1628 
        H096 11 0.1516 0.2199 0.3050 0.1735 0.1502 
        H099 11 0.1852 0.1998 0.1927 0.2211 0.2012 
        H100 11 0.2826 0.1638 0.2600 0.1368 0.1568 
        H127 11 0.1559 0.2094 0.1484 0.1593 0.3269 
        H136 11 0.1444 0.3533 0.1254 0.2043 0.1726 
        H153 11 0.2208 0.1402 0.1883 0.3200 0.1307 
        H154 11 0.1342 0.3724 0.1191 0.1690 0.2054 
        H155 11 0.1597 0.1625 0.2677 0.1468 0.2633 
        H156 11 0.2165 0.1217 0.2939 0.1656 0.2022 
        H161 11 0.2119 0.1477 0.1614 0.3621 0.1169 
        H162 11 0.2011 0.1099 0.1930 0.1597 0.3363 
        H167 11 0.1941 0.1405 0.2523 0.1578 0.2552 
        H168 11 0.2309 0.1491 0.2075 0.1579 0.2546 
     H169586 11 0.2481 0.3455 0.0995 0.2021 0.1047 
     H169738 11 0.1578 0.1416 0.2233 0.1594 0.3179 
     H169741 11 0.1376 0.3562 0.1467 0.1939 0.1657 
     H171801 11 0.2914 0.1316 0.1792 0.2806 0.1172 
     H171810 11 0.1732 0.2894 0.1657 0.2526 0.1192 
     H171811 11 0.1807 0.2986 0.1289 0.2269 0.1649 
     H171812 11 0.1314 0.2294 0.3434 0.1587 0.1371 
     H171820 11 0.1549 0.3358 0.1349 0.1909 0.1835 
     H171821 11 0.2467 0.1444 0.2256 0.1681 0.2152 
     H171822 11 0.1980 0.1565 0.1989 0.1573 0.2892 
     H171823 11 0.1978 0.2509 0.1303 0.3338 0.0872 
     H171866 11 0.2607 0.1410 0.1887 0.1594 0.2502 
     H171867 11 0.1594 0.1387 0.2414 0.1587 0.3017 
     H171967 11 0.1234 0.3040 0.2114 0.1721 0.1891 
     H171969 11 0.1880 0.1941 0.2367 0.2386 0.1425 
        H172 11 0.1954 0.2164 0.2287 0.1715 0.1881 
        H173 11 0.1311 0.1889 0.2219 0.1400 0.3180 
        H174 11 0.3158 0.0892 0.1759 0.1930 0.2261 
        H196 11 0.1398 0.1129 0.1439 0.1086 0.4947 
        H197 11 0.1930 0.1343 0.2427 0.2017 0.2283 
        H346 11 0.1368 0.1848 0.2946 0.2142 0.1697 
        H355 11 0.1666 0.3030 0.2413 0.1373 0.1518 
        H356 11 0.1901 0.1854 0.2035 0.1833 0.2377 
        H357 11 0.1534 0.2812 0.1970 0.1968 0.1716 
        H358 11 0.1322 0.1646 0.3333 0.1465 0.2235 
        H359 11 0.1928 0.1924 0.1838 0.2610 0.1700 
        H360 11 0.1598 0.1490 0.2536 0.1925 0.2451 
        H361 11 0.1913 0.1566 0.2392 0.1434 0.2694 
        H362 11 0.1926 0.0906 0.2322 0.2224 0.2621 
        H363 11 0.1388 0.2924 0.1850 0.2083 0.1755 
        H364 11 0.2392 0.1895 0.2324 0.2048 0.1341 
        H365 11 0.1929 0.2158 0.2169 0.2086 0.1659 
        H366 11 0.1925 0.1968 0.2136 0.1104 0.2867 
        H367 11 0.1398 0.3674 0.1098 0.1560 0.2270 
        H368 11 0.2845 0.1740 0.1810 0.2379 0.1226 
        H369 11 0.1114 0.3661 0.1646 0.1453 0.2126 
        H370 11 0.2264 0.1324 0.2328 0.2294 0.1789 
        H371 11 0.1731 0.1521 0.1979 0.2246 0.2523 
        H372 11 0.2013 0.1892 0.2160 0.1464 0.2471 
        H373 11 0.2177 0.1519 0.2502 0.1971 0.1830 
        H374 11 0.1648 0.1943 0.2907 0.1762 0.1740 
        H375 11 0.1438 0.2616 0.2334 0.1898 0.1714 
        H376 11 0.2535 0.1467 0.2128 0.2210 0.1660 
        H377 11 0.1788 0.2139 0.2130 0.2066 0.1877 
        H378 11 0.2547 0.2007 0.1794 0.1633 0.2018 
        H379 11 0.2181 0.1415 0.2085 0.2328 0.1991 
        H380 11 0.2069 0.1473 0.2602 0.1895 0.1960 
        H381 11 0.1598 0.3219 0.1235 0.2666 0.1283 
        H382 11 0.2494 0.0883 0.2319 0.2625 0.1679 
        H383 11 0.2909 0.1389 0.2304 0.1906 0.1492 
        H384 11 0.1849 0.2908 0.1480 0.1636 0.2127 
        H385 11 0.1680 0.1944 0.1822 0.2511 0.2043 
        H386 11 0.1513 0.1639 0.3280 0.1262 0.2307 
        H387 11 0.3966 0.1584 0.1583 0.1742 0.1126 
        H388 11 0.2027 0.1483 0.2095 0.1437 0.2959 
        H389 11 0.1552 0.2069 0.2431 0.1822 0.2126 
        H390 11 0.1979 0.1580 0.2399 0.2098 0.1944 
        H391 11 0.2802 0.1377 0.1733 0.1738 0.2350 
        H392 11 0.1263 0.2363 0.3007 0.1937 0.1430 
        H393 11 0.2839 0.1543 0.2343 0.2019 0.1256 
        H394 11 0.3893 0.1346 0.1200 0.2167 0.1394 
        H395 11 0.1469 0.3210 0.1657 0.1764 0.1900 
        H408 11 0.1474 0.2105 0.3356 0.1276 0.1790 
        H412 11 0.1298 0.4672 0.0643 0.1566 0.1820 
        H417 11 0.1741 0.2703 0.1811 0.1962 0.1784 
        H418 11 0.2581 0.1709 0.1388 0.2087 0.2234 
        H429 11 0.1978 0.1723 0.2663 0.1873 0.1762 
        H430 11 0.2028 0.1568 0.2180 0.1972 0.2252 
        H439 11 0.1808 0.1769 0.2056 0.1745 0.2623 
        H440 11 0.1482 0.2966 0.1937 0.2055 0.1560 
        H441 11 0.1816 0.1213 0.1940 0.1852 0.3179 
        H442 11 0.2198 0.1640 0.2089 0.1804 0.2269 
        H446 11 0.2399 0.1627 0.1878 0.1854 0.2242 
        H447 11 0.1921 0.1513 0.2463 0.1523 0.2581 
        H448 11 0.1371 0.1754 0.1928 0.1464 0.3482 
        H534 11 0.1991 0.2951 0.1474 0.2214 0.1369 
        H537 11 0.2034 0.3463 0.1309 0.1530 0.1664 
        H568 11 0.0998 0.4400 0.1082 0.2006 0.1515 
        H569 11 0.1536 0.1160 0.2403 0.1531 0.3370 
        H586 11 0.2311 0.3538 0.0933 0.2219 0.0999 
        H587 11 0.1133 0.4065 0.1453 0.1479 0.1871 
        H588 11 0.4439 0.1114 0.1703 0.1539 0.1205 
        H589 11 0.1243 0.3377 0.2241 0.1691 0.1447 
        H590 11 0.1700 0.2662 0.1758 0.2645 0.1234 
        H601 11 0.2441 0.1237 0.2061 0.2230 0.2030 
        H602 11 0.1503 0.1964 0.1826 0.1665 0.3042 
        H603 11 0.1721 0.1385 0.2695 0.1963 0.2236 
