        H102  1 0.3285 0.2945 0.3770 
        H103  1 0.3038 0.4910 0.2052 
        H104  1 0.3365 0.2201 0.4434 
        H105  1 0.4253 0.2747 0.3000 
        H106  1 0.3081 0.3509 0.3411 
        H112  1 0.3338 0.2447 0.4215 
        H113  1 0.4685 0.2610 0.2704 
        H114  1 0.5023 0.2746 0.2230 
        H115  1 0.4032 0.2266 0.3702 
        H143  1 0.4090 0.3081 0.2829 
        H144  1 0.3490 0.4602 0.1909 
        H145  1 0.3126 0.4862 0.2012 
        H149  1 0.2876 0.2417 0.4707 
        H150  1 0.3190 0.3657 0.3153 
     H167542  1 0.4785 0.2494 0.2721 
     H169604  1 0.4128 0.2992 0.2880 
     H169607  1 0.3678 0.4041 0.2281 
     H169608  1 0.2465 0.2984 0.4550 
     H169633  1 0.5070 0.2780 0.2149 
     H169688  1 0.2503 0.4775 0.2722 
     H169714  1 0.3078 0.2854 0.4068 
     H171802  1 0.2936 0.2797 0.4267 
     H171805  1 0.3424 0.3986 0.2590 
     H171807  1 0.2790 0.3398 0.3812 
     H171814  1 0.3512 0.4471 0.2016 
     H171816  1 0.2974 0.3172 0.3854 
     H171817  1 0.3516 0.2553 0.3932 
     H171818  1 0.3842 0.3083 0.3075 
     H171819  1 0.3534 0.3085 0.3381 
     H171834  1 0.3670 0.3146 0.3183 
     H171835  1 0.2526 0.2326 0.5149 
     H171836  1 0.4663 0.3681 0.1656 
     H171837  1 0.3535 0.2491 0.3974 
     H171838  1 0.3096 0.4492 0.2412 
     H171839  1 0.3665 0.2548 0.3786 
     H171841  1 0.1951 0.2899 0.5150 
     H171860  1 0.3995 0.2908 0.3097 
     H171861  1 0.4898 0.3350 0.1752 
     H171862  1 0.3421 0.3357 0.3222 
     H171868  1 0.4588 0.2564 0.2848 
     H171869  1 0.2869 0.4556 0.2575 
     H171870  1 0.2738 0.3663 0.3599 
     H171871  1 0.3309 0.4183 0.2508 
     H171872  1 0.3755 0.2450 0.3796 
     H171873  1 0.2636 0.3762 0.3603 
     H171874  1 0.3577 0.3857 0.2566 
     H171875  1 0.4874 0.3313 0.1812 
     H171876  1 0.4067 0.3347 0.2587 
     H171877  1 0.4730 0.2353 0.2917 
     H171878  1 0.2327 0.3775 0.3898 
     H171901  1 0.2876 0.2782 0.4342 
     H171902  1 0.2712 0.4029 0.3259 
     H171903  1 0.3713 0.3071 0.3215 
     H171935  1 0.2186 0.3613 0.4201 
     H171936  1 0.4672 0.2892 0.2436 
     H171940  1 0.3146 0.2834 0.4020 
     H171945  1 0.2987 0.3884 0.3130 
     H171948  1 0.3437 0.2759 0.3804 
     H171949  1 0.2541 0.2384 0.5075 
     H171950  1 0.2327 0.2315 0.5358 
     H171963  1 0.3184 0.4330 0.2486 
     H171964  1 0.2495 0.5145 0.2361 
     H171966  1 0.3010 0.3626 0.3364 
     H171968  1 0.2867 0.3513 0.3620 
     H171971  1 0.2732 0.3965 0.3303 
     H171972  1 0.3240 0.4519 0.2241 
     H171977  1 0.3122 0.4575 0.2303 
     H171978  1 0.2538 0.3428 0.4033 
     H171979  1 0.3706 0.4191 0.2103 
        H176  1 0.4032 0.3035 0.2934 
        H177  1 0.2586 0.2379 0.5035 
        H179  1 0.3713 0.2015 0.4272 
        H181  1 0.3607 0.3932 0.2461 
        H182  1 0.4036 0.4012 0.1952 
        H183  1 0.2733 0.4685 0.2582 
        H184  1 0.3289 0.2823 0.3888 
        H185  1 0.3952 0.3788 0.2260 
        H186  1 0.2611 0.3841 0.3548 
        H187  1 0.3283 0.3453 0.3264 
        H188  1 0.3971 0.2224 0.3805 
        H192  1 0.2783 0.2774 0.4442 
        H193  1 0.3416 0.4328 0.2256 
        H194  1 0.3807 0.2708 0.3485 
        H195  1 0.2530 0.5070 0.2400 
        H199  1 0.2890 0.4612 0.2498 
        H200  1 0.3360 0.2785 0.3855 
        H414  1 0.3458 0.3762 0.2780 
        H415  1 0.4412 0.3087 0.2501 
        H422  1 0.2851 0.3698 0.3452 
        H423  1 0.2193 0.2268 0.5538 
        H424  1 0.3515 0.4281 0.2204 
        H425  1 0.2884 0.4726 0.2389 
        H426  1 0.2217 0.5095 0.2689 
        H443  1 0.3050 0.4471 0.2479 
        H466  1 0.3276 0.3210 0.3515 
        H467  1 0.2264 0.2709 0.5027 
        H472  1 0.3541 0.3117 0.3342 
        H483  1 0.4157 0.3394 0.2449 
        H504  1 0.2853 0.4858 0.2289 
        H505  1 0.3235 0.2577 0.4188 
        H506  1 0.3178 0.3710 0.3113 
        H507  1 0.4345 0.3814 0.1841 
        H508  1 0.2531 0.3656 0.3813 
        H524  1 0.4461 0.3335 0.2204 
        H525  1 0.3356 0.3919 0.2725 
        H526  1 0.4864 0.2687 0.2449 
        H527  1 0.2947 0.2795 0.4258 
        H528  1 0.3999 0.3890 0.2111 
        H529  1 0.3924 0.4060 0.2015 
        H533  1 0.4377 0.3658 0.1964 
        H538  1 0.3699 0.2929 0.3371 
        H539  1 0.2749 0.4301 0.2951 
        H540  1 0.3661 0.3156 0.3183 
        H541  1 0.4259 0.2795 0.2945 
        H558  1 0.2340 0.5055 0.2605 
        H559  1 0.3685 0.3309 0.3006 
        H579  1 0.3390 0.4226 0.2384 
        H584  1 0.3012 0.4498 0.2491 
        H585  1 0.3789 0.3526 0.2686 
        H605  1 0.3251 0.3258 0.3491 
        H606  1 0.2811 0.2328 0.4861 
        H632  1 0.2920 0.4641 0.2439 
        H634  1 0.3398 0.3809 0.2793 
        H671  1 0.2524 0.2554 0.4921 
        H672  1 0.3751 0.3267 0.2983 
        H673  1 0.3484 0.3975 0.2542 
        H689  1 0.3899 0.3636 0.2464 
        H690  1 0.3639 0.2393 0.3968 
        H691  1 0.4284 0.2740 0.2976 
        H692  1 0.4207 0.4333 0.1460 
        H709  1 0.3569 0.3560 0.2871 
        H710  1 0.3557 0.4607 0.1836 
       H7355  1 0.5087 0.2748 0.2165 
       H7356  1 0.2951 0.3963 0.3086 
       H7357  1 0.3839 0.2504 0.3657 
       H7358  1 0.4292 0.3338 0.2370 
       H7380  1 0.3877 0.3509 0.2614 
       H7381  1 0.2475 0.3429 0.4096 
       H7382  1 0.3742 0.3631 0.2627 
        H904  1 0.2354 0.1743 0.5903 
        H923  1 0.3316 0.3313 0.3370 
        H924  1 0.3209 0.2975 0.3816 
        H925  1 0.4472 0.2877 0.2651 
       H9558  1 0.2220 0.5381 0.2399 
        H008  2 0.4849 0.3141 0.2010 
        H021  2 0.3104 0.2790 0.4106 
        H023  2 0.3187 0.2487 0.4326 
        H024  2 0.3717 0.4316 0.1967 
        H025  2 0.2396 0.3441 0.4163 
        H026  2 0.3139 0.4730 0.2130 
        H027  2 0.4326 0.2860 0.2814 
        H028  2 0.3445 0.3869 0.2687 
        H029  2 0.4255 0.3499 0.2246 
        H030  2 0.3172 0.4820 0.2008 
        H038  2 0.2618 0.2849 0.4534 
        H039  2 0.1652 0.1646 0.6703 
        H040  2 0.2619 0.2871 0.4510 
        H041  2 0.4906 0.2455 0.2639 
        H042  2 0.3294 0.3148 0.3558 
        H043  2 0.1878 0.3045 0.5077 
        H044  2 0.3315 0.4371 0.2314 
        H047  2 0.2496 0.3499 0.4005 
        H050  2 0.3551 0.4024 0.2425 
        H058  2 0.2582 0.3439 0.3980 
        H062  2 0.3021 0.2700 0.4280 
        H063  2 0.2973 0.2550 0.4477 
        H065  2 0.2554 0.4155 0.3291 
        H066  2 0.3059 0.3933 0.3008 
        H067  2 0.4262 0.3103 0.2635 
        H068  2 0.2401 0.2815 0.4783 
        H069  2 0.2860 0.4057 0.3083 
        H071  2 0.2844 0.2796 0.4360 
        H072  2 0.2691 0.2182 0.5127 
        H073  2 0.3613 0.3795 0.2593 
        H081  2 0.4676 0.2221 0.3103 
        H082  2 0.3539 0.4476 0.1985 
        H083  2 0.3014 0.4810 0.2175 
        H084  2 0.3236 0.3052 0.3711 
        H085  2 0.4876 0.2410 0.2714 
        H087  2 0.4594 0.2460 0.2945 
        H088  2 0.3474 0.2270 0.4256 
        H089  2 0.4393 0.2938 0.2669 
        H090  2 0.3910 0.3880 0.2209 
        H091  2 0.4574 0.3381 0.2045 
        H098  2 0.4120 0.3137 0.2743 
      H10001  2 0.1620 0.1775 0.6604 
      H10002  2 0.3411 0.2379 0.4210 
        H101  2 0.3452 0.4044 0.2505 
        H108  2 0.3413 0.2192 0.4395 
        H109  2 0.3186 0.3112 0.3702 
        H110  2 0.5108 0.2662 0.2230 
        H116  2 0.3464 0.4029 0.2507 
        H117  2 0.5116 0.2558 0.2325 
        H118  2 0.3982 0.4219 0.1799 
        H119  2 0.3375 0.2713 0.3912 
        H120  2 0.2596 0.1948 0.5456 
        H121  2 0.4376 0.3499 0.2125 
        H125  2 0.1705 0.1666 0.6629 
        H126  2 0.2653 0.4601 0.2746 
        H128  2 0.3447 0.5335 0.1217 
        H129  2 0.2844 0.5151 0.2005 
        H130  2 0.1941 0.3506 0.4553 
        H133  2 0.2102 0.2561 0.5336 
        H134  2 0.2261 0.5834 0.1905 
        H135  2 0.3933 0.2856 0.3210 
        H137  2 0.3705 0.3221 0.3074 
        H138  2 0.2820 0.4885 0.2294 
        H140  2 0.3509 0.3523 0.2969 
        H146  2 0.3652 0.3953 0.2395 
        H147  2 0.4599 0.2976 0.2425 
        H148  2 0.5100 0.2304 0.2596 
     H166022  2 0.4474 0.3387 0.2139 
     H167359  2 0.3464 0.3440 0.3095 
     H167397  2 0.4757 0.3848 0.1395 
     H167428  2 0.5063 0.3359 0.1578 
     H167496  2 0.3151 0.1939 0.4910 
     H167513  2 0.2978 0.3624 0.3398 
     H167545  2 0.3015 0.4752 0.2233 
     H167547  2 0.2878 0.5182 0.1941 
     H169621  2 0.3776 0.4053 0.2170 
     H169622  2 0.3610 0.4033 0.2358 
     H169750  2 0.2238 0.3838 0.3924 
     H171806  2 0.2998 0.3300 0.3702 
     H171808  2 0.3542 0.3366 0.3092 
     H171809  2 0.3843 0.2734 0.3423 
     H171813  2 0.2610 0.4028 0.3362 
     H171815  2 0.1933 0.2590 0.5477 
     H171824  2 0.3641 0.2180 0.4178 
     H171825  2 0.3472 0.3817 0.2711 
     H171826  2 0.3878 0.2587 0.3535 
     H171827  2 0.3377 0.3192 0.3431 
     H171828  2 0.2405 0.1738 0.5857 
     H171829  2 0.2478 0.4250 0.3273 
     H171830  2 0.3856 0.2920 0.3224 
     H171831  2 0.3443 0.4559 0.1998 
     H171832  2 0.3114 0.4183 0.2703 
     H171863  2 0.2920 0.5278 0.1802 
     H171864  2 0.4305 0.2671 0.3024 
     H171865  2 0.2595 0.2489 0.4916 
     H171879  2 0.3793 0.3408 0.2800 
     H171880  2 0.4167 0.3335 0.2498 
     H171881  2 0.4177 0.3174 0.2649 
     H171882  2 0.2200 0.1983 0.5817 
     H171929  2 0.4169 0.3068 0.2763 
     H171930  2 0.3295 0.4695 0.2010 
     H171933  2 0.3744 0.3383 0.2873 
     H171934  2 0.4146 0.2800 0.3054 
     H171937  2 0.2817 0.4689 0.2494 
     H171962  2 0.3928 0.3382 0.2689 
        H190  2 0.3565 0.3818 0.2617 
        H191  2 0.3371 0.3298 0.3332 
        H396  2 0.3757 0.2787 0.3456 
        H397  2 0.3694 0.3516 0.2790 
        H398  2 0.2798 0.3543 0.3658 
        H400  2 0.4028 0.2849 0.3123 
        H401  2 0.3860 0.4545 0.1595 
        H402  2 0.4463 0.3259 0.2278 
        H427  2 0.4249 0.2737 0.3014 
        H428  2 0.5060 0.3389 0.1551 
        H497  2 0.2690 0.3302 0.4009 
        H512  2 0.3965 0.3125 0.2910 
        H513  2 0.3031 0.3584 0.3385 
        H514  2 0.2810 0.4345 0.2846 
        H519  2 0.3258 0.3371 0.3370 
        H532  2 0.4717 0.2886 0.2397 
        H543  2 0.4470 0.3321 0.2209 
        H544  2 0.2411 0.4479 0.3109 
        H545  2 0.2788 0.5193 0.2019 
        H546  2 0.2412 0.2954 0.4634 
        H547  2 0.2880 0.5176 0.1944 
        H548  2 0.4616 0.2726 0.2658 
        H549  2 0.2652 0.4130 0.3218 
        H620  2 0.2224 0.1869 0.5908 
        H623  2 0.2898 0.4671 0.2431 
        H624  2 0.1767 0.3897 0.4336 
        H625  2 0.4105 0.3118 0.2777 
        H626  2 0.3589 0.3104 0.3307 
        H654  2 0.1585 0.1866 0.6549 
        H655  2 0.2777 0.3043 0.4180 
        H656  2 0.2437 0.2105 0.5458 
        H666  2 0.1901 0.2515 0.5585 
        H667  2 0.3805 0.3322 0.2872 
        H677  2 0.3873 0.3365 0.2762 
        H693  2 0.3106 0.2174 0.4720 
        H694  2 0.3194 0.4340 0.2466 
        H701  2 0.4151 0.3464 0.2385 
        H702  2 0.3504 0.2832 0.3664 
        H731  2 0.3121 0.2820 0.4058 
       H7359  2 0.3528 0.3422 0.3051 
       H7389  2 0.3684 0.3381 0.2935 
       H7390  2 0.2255 0.2264 0.5481 
       H7391  2 0.5436 0.2087 0.2477 
       H7392  2 0.2782 0.3669 0.3549 
       H7393  2 0.2977 0.2967 0.4057 
       H7398  2 0.4806 0.2390 0.2804 
       H7399  2 0.3821 0.3818 0.2361 
       H7400  2 0.1808 0.1980 0.6212 
        H745  2 0.2630 0.5171 0.2199 
        H746  2 0.3605 0.3990 0.2405 
        H747  2 0.2753 0.2606 0.4640 
        H748  2 0.3378 0.3380 0.3242 
       H7484  2 0.2425 0.2353 0.5222 
       H7485  2 0.3030 0.4077 0.2892 
        H749  2 0.3630 0.3864 0.2506 
        H930  2 0.3584 0.4282 0.2134 
        H931  2 0.4208 0.2894 0.2897 
        H932  2 0.3357 0.3300 0.3343 
        H111  3 0.3007 0.4737 0.2256 
        H951  3 0.3789 0.3945 0.2267 
        H952  3 0.2851 0.3933 0.3216 
        H953  3 0.4690 0.2953 0.2357 
        H954  3 0.2624 0.2408 0.4969 
        H955  3 0.3487 0.4308 0.2205 
        H956  3 0.3687 0.2930 0.3383 
       H9563  3 0.3940 0.2475 0.3585 
        H002  4 0.2101 0.3340 0.4560 
        H003  4 0.4077 0.3640 0.2283 
        H009  4 0.2749 0.4695 0.2556 
        H010  4 0.3948 0.3038 0.3013 
        H011  4 0.2516 0.2173 0.5311 
        H012  4 0.4744 0.2960 0.2296 
        H013  4 0.3711 0.2583 0.3706 
        H014  4 0.3110 0.3731 0.3159 
        H045  4 0.3960 0.2216 0.3824 
        H046  4 0.3598 0.4093 0.2309 
        H051  4 0.3475 0.2335 0.4191 
        H052  4 0.2420 0.3532 0.4047 
        H053  4 0.3194 0.2991 0.3815 
        H056  4 0.2391 0.3101 0.4509 
        H076  4 0.3753 0.4053 0.2194 
        H151  4 0.1902 0.2512 0.5586 
        H152  4 0.2249 0.3501 0.4250 
     H171803  4 0.2613 0.2745 0.4642 
     H171804  4 0.3263 0.2602 0.4135 
     H171833  4 0.2714 0.5018 0.2268 
     H171855  4 0.1942 0.2815 0.5243 
     H171856  4 0.3170 0.3131 0.3699 
     H171857  4 0.2363 0.3028 0.4609 
     H171858  4 0.3196 0.3718 0.3087 
     H171859  4 0.3165 0.3309 0.3525 
     H171961  4 0.3022 0.2743 0.4236 
        H198  4 0.4168 0.3952 0.1880 
      H20001  4 0.2365 0.5136 0.2499 
        H403  4 0.2796 0.3498 0.3705 
        H404  4 0.4391 0.3272 0.2336 
        H405  4 0.4195 0.3549 0.2255 
        H406  4 0.2422 0.4711 0.2867 
        H407  4 0.3488 0.2753 0.3760 
        H410  4 0.4870 0.3215 0.1915 
        H411  4 0.2789 0.4791 0.2420 
        H468  4 0.2215 0.4523 0.3262 
        H476  4 0.2729 0.3601 0.3670 
        H477  4 0.2327 0.5317 0.2356 
        H478  4 0.3934 0.3537 0.2529 
        H479  4 0.3352 0.2755 0.3893 
        H480  4 0.3018 0.4778 0.2205 
        H498  4 0.3272 0.3811 0.2917 
        H499  4 0.3225 0.3483 0.3292 
        H500  4 0.2958 0.2263 0.4779 
        H515  4 0.3160 0.2889 0.3951 
        H516  4 0.2981 0.3630 0.3388 
        H517  4 0.3912 0.3266 0.2822 
        H518  4 0.2332 0.3754 0.3914 
        H520  4 0.2516 0.3060 0.4424 
        H521  4 0.3916 0.3071 0.3013 
        H522  4 0.2908 0.3435 0.3657 
        H523  4 0.3078 0.3387 0.3535 
        H536  4 0.3631 0.3507 0.2861 
        H645  4 0.4164 0.2123 0.3713 
        H646  4 0.3647 0.4129 0.2224 
        H647  4 0.3105 0.3827 0.3067 
        H657  4 0.4040 0.3647 0.2313 
        H658  4 0.3281 0.3190 0.3529 
        H659  4 0.1820 0.2064 0.6117 
        H660  4 0.2989 0.3223 0.3788 
        H661  4 0.2206 0.3014 0.4780 
        H668  4 0.4807 0.2867 0.2326 
        H669  4 0.3974 0.2662 0.3364 
        H670  4 0.3974 0.2361 0.3665 
        H678  4 0.3504 0.3335 0.3161 
        H679  4 0.4117 0.3606 0.2276 
        H680  4 0.2871 0.3859 0.3270 
        H681  4 0.3687 0.2740 0.3573 
        H682  4 0.4443 0.3009 0.2548 
        H683  4 0.2234 0.3776 0.3990 
        H718  4 0.2380 0.2607 0.5013 
        H719  4 0.3707 0.2582 0.3711 
        H720  4 0.2483 0.3693 0.3824 
        H721  4 0.2299 0.3714 0.3987 
        H722  4 0.1944 0.4083 0.3973 
        H723  4 0.3500 0.2167 0.4333 
        H724  4 0.2270 0.2050 0.5680 
        H725  4 0.2018 0.2660 0.5322 
        H726  4 0.2751 0.2701 0.4548 
        H727  4 0.3289 0.2439 0.4273 
        H910  4 0.3404 0.2573 0.4023 
        H911  4 0.3605 0.3914 0.2481 
        H912  4 0.2839 0.3647 0.3514 
        H913  4 0.2737 0.3112 0.4150 
        H914  4 0.3345 0.2009 0.4646 
        H915  4 0.3351 0.3168 0.3480 
        H916  4 0.2693 0.4317 0.2990 
       H9572  4 0.2779 0.3193 0.4028 
        H015  5 0.3027 0.4581 0.2392 
        H016  5 0.2860 0.4820 0.2320 
        H017  5 0.2220 0.4426 0.3354 
        H019  5 0.3236 0.3937 0.2827 
        H020  5 0.3100 0.3275 0.3624 
        H032  5 0.3113 0.3402 0.3485 
        H033  5 0.4379 0.3085 0.2536 
        H034  5 0.3347 0.2214 0.4438 
        H035  5 0.3236 0.3458 0.3306 
        H036  5 0.3738 0.3572 0.2691 
        H037  5 0.2729 0.2782 0.4489 
        H048  5 0.3018 0.2150 0.4833 
        H049  5 0.2523 0.4492 0.2984 
        H054  5 0.3445 0.3223 0.3332 
        H055  5 0.2916 0.2959 0.4125 
        H057  5 0.2252 0.4530 0.3218 
        H060  5 0.2477 0.3634 0.3890 
        H061  5 0.3992 0.3151 0.2857 
        H064  5 0.2963 0.3020 0.4017 
        H070  5 0.3660 0.2634 0.3706 
        H077  5 0.2402 0.2614 0.4984 
        H078  5 0.2318 0.3335 0.4347 
        H079  5 0.4737 0.3054 0.2209 
        H097  5 0.1956 0.4536 0.3508 
        H107  5 0.2468 0.1841 0.5691 
        H122  5 0.2701 0.4186 0.3112 
        H123  5 0.3828 0.3883 0.2289 
        H124  5 0.4442 0.3233 0.2325 
        H131  5 0.3991 0.3585 0.2424 
        H132  5 0.3374 0.2880 0.3747 
        H141  5 0.3037 0.2878 0.4084 
        H142  5 0.3719 0.4067 0.2213 
        H157  5 0.2685 0.2432 0.4883 
        H158  5 0.2653 0.5153 0.2195 
        H159  5 0.3409 0.4153 0.2438 
        H160  5 0.2890 0.3750 0.3359 
        H163  5 0.3599 0.3846 0.2555 
        H164  5 0.3670 0.3592 0.2738 
        H165  5 0.5069 0.2873 0.2058 
        H166  5 0.3320 0.4099 0.2581 
        H169  5 0.3533 0.3468 0.2999 
     H169613  5 0.2832 0.3855 0.3313 
     H169653  5 0.3548 0.3865 0.2587 
     H169728  5 0.3394 0.3922 0.2684 
     H169742  5 0.3878 0.2690 0.3432 
        H170  5 0.2358 0.4729 0.2914 
        H171  5 0.2649 0.4662 0.2689 
     H171851  5 0.2960 0.3953 0.3087 
     H171852  5 0.2506 0.3241 0.4253 
     H171853  5 0.3577 0.2616 0.3808 
     H171854  5 0.3333 0.3546 0.3121 
     H171938  5 0.4481 0.2484 0.3035 
     H171939  5 0.3191 0.4297 0.2511 
     H171941  5 0.2593 0.2392 0.5015 
     H171965  5 0.3448 0.4203 0.2350 
     H171970  5 0.2231 0.2095 0.5675 
     H171973  5 0.4691 0.2774 0.2536 
     H171974  5 0.4019 0.2575 0.3406 
     H171975  5 0.3505 0.2860 0.3635 
     H171976  5 0.2280 0.4447 0.3273 
        H175  5 0.3107 0.2344 0.4548 
        H178  5 0.3226 0.3148 0.3626 
        H189  5 0.3683 0.4290 0.2027 
        H399  5 0.2200 0.4866 0.2934 
        H416  5 0.3501 0.2930 0.3569 
        H438  5 0.4272 0.2592 0.3136 
        H450  5 0.2404 0.2853 0.4743 
        H455  5 0.2665 0.2120 0.5215 
        H456  5 0.3917 0.2793 0.3290 
        H457  5 0.2224 0.3295 0.4481 
        H458  5 0.2931 0.2831 0.4238 
        H459  5 0.4013 0.3794 0.2193 
        H460  5 0.3023 0.3466 0.3511 
        H461  5 0.2581 0.4504 0.2915 
        H462  5 0.4210 0.3158 0.2632 
        H469  5 0.4525 0.3301 0.2174 
        H470  5 0.3238 0.2986 0.3775 
        H471  5 0.2926 0.5004 0.2070 
        H481  5 0.2308 0.2142 0.5550 
        H482  5 0.2964 0.3022 0.4014 
        H501  5 0.3700 0.2883 0.3417 
        H502  5 0.3412 0.4523 0.2065 
        H503  5 0.3289 0.4041 0.2669 
        H509  5 0.2925 0.2410 0.4666 
        H510  5 0.3210 0.3717 0.3073 
        H511  5 0.3300 0.4225 0.2475 
        H530  5 0.4043 0.2338 0.3619 
        H531  5 0.2448 0.2836 0.4716 
        H564  5 0.2993 0.3053 0.3954 
        H565  5 0.2163 0.2709 0.5128 
        H567  5 0.4155 0.3883 0.1961 
     H568???  5 0.3056 0.4460 0.2484 
        H608  5 0.2533 0.2773 0.4694 
        H609  5 0.4416 0.2701 0.2883 
        H612  5 0.2923 0.1928 0.5149 
        H614  5 0.2128 0.2757 0.5115 
        H615  5 0.2187 0.3335 0.4478 
        H616  5 0.2542 0.1781 0.5677 
        H617  5 0.4398 0.3352 0.2250 
        H618  5 0.2974 0.2191 0.4835 
        H619  5 0.4450 0.2948 0.2603 
        H635  5 0.3641 0.3255 0.3104 
        H636  5 0.4937 0.2595 0.2468 
        H637  5 0.3308 0.2960 0.3732 
        H644  5 0.2721 0.5771 0.1508 
        H711  5 0.2555 0.4544 0.2900 
        H712  5 0.3596 0.2379 0.4026 
       H7360  5 0.2683 0.3991 0.3326 
       H7361  5 0.2750 0.2847 0.4402 
       H7362  5 0.2996 0.5303 0.1701 
       H7363  5 0.2661 0.3301 0.4038 
       H7394  5 0.3645 0.4047 0.2309 
       H7395  5 0.3423 0.3069 0.3508 
       H7396  5 0.3566 0.3263 0.3171 
        H742  5 0.3937 0.2591 0.3472 
        H743  5 0.3295 0.3150 0.3555 
        H744  5 0.2924 0.2056 0.5021 
        H957  5 0.2729 0.4037 0.3234 
        H958  5 0.3583 0.3571 0.2846 
        H959  5 0.3219 0.2200 0.4581 
        H960  5 0.4014 0.2870 0.3116 
      H_PALI  6 0.3274 0.3677 0.3049 
        H581  6 0.2761 0.3246 0.3992 
        H582  6 0.1955 0.2493 0.5551 
        H583  6 0.3071 0.3044 0.3885 
        H595  6 0.3801 0.4252 0.1947 
        H596  6 0.3990 0.4036 0.1974 
        H597  6 0.3320 0.4419 0.2262 
        H598  6 0.3620 0.2857 0.3523 
        H599  6 0.3033 0.2586 0.4381 
        H642  6 0.2652 0.4638 0.2710 
        H643  6 0.3810 0.3012 0.3178 
        H664  6 0.1837 0.3077 0.5085 
        H665  6 0.4511 0.2475 0.3014 
        H674  6 0.2830 0.5299 0.1872 
        H675  6 0.2505 0.3467 0.4029 
        H676  6 0.3293 0.4215 0.2492 
        H686  6 0.3176 0.3795 0.3029 
        H687  6 0.3014 0.3760 0.3226 
        H917  6 0.4875 0.3111 0.2014 
        H918  6 0.4140 0.3061 0.2799 
        H919  6 0.3014 0.1990 0.4996 
        H920  6 0.2821 0.2985 0.4194 
        H631  7 0.2856 0.2845 0.4299 
        H684  7 0.2799 0.5072 0.2130 
        H685  7 0.2367 0.2769 0.4864 
        H713  7 0.2415 0.2349 0.5236 
        H715  7 0.2776 0.4649 0.2575 
        H716  7 0.3067 0.3055 0.3877 
        H717  7 0.3182 0.2950 0.3868 
        H729  7 0.5232 0.2875 0.1893 
        H730  7 0.4316 0.2426 0.3258 
        H431  8 0.3166 0.2709 0.4125 
        H432  8 0.3272 0.4725 0.2003 
        H433  8 0.4177 0.3290 0.2533 
        H434  8 0.3728 0.3532 0.2740 
        H444  8 0.4305 0.2948 0.2747 
        H454  8 0.2887 0.2116 0.4997 
        H475  8 0.2234 0.2504 0.5261 
        H491  8 0.2847 0.2938 0.4214 
        H492  8 0.2925 0.2682 0.4393 
        H493  8 0.3057 0.4047 0.2895 
        H494  8 0.3432 0.2931 0.3637 
        H495  8 0.1818 0.3231 0.4951 
        H662  8 0.2941 0.3922 0.3138 
        H663  8 0.3615 0.3074 0.3310 
        H695  8 0.3706 0.2733 0.3561 
       H7367  8 0.4672 0.3251 0.2077 
       H7368  8 0.3559 0.3918 0.2523 
       H7369  8 0.4296 0.2614 0.3090 
       H7370  8 0.4230 0.3788 0.1982 
       H7371  8 0.4485 0.2791 0.2724 
        H600  9 0.2753 0.2851 0.4396 
        H648  9 0.2856 0.3809 0.3334 
        H696  9 0.2710 0.5460 0.1830 
        H697  9 0.3898 0.3101 0.3000 
        H698  9 0.3894 0.3534 0.2572 
        H699  9 0.3573 0.3402 0.3025 
        H700  9 0.3071 0.2622 0.4307 
        H732  9 0.2164 0.2859 0.4977 
        H733  9 0.4472 0.3236 0.2292 
        H734  9 0.3306 0.4505 0.2189 
        H735  9 0.3424 0.3903 0.2672 
        H736  9 0.3042 0.3280 0.3678 
        H737  9 0.3417 0.2934 0.3649 
        H905  9 0.3344 0.2461 0.4195 
        H921  9 0.3771 0.2447 0.3782 
        H922  9 0.4561 0.3436 0.2003 
     H169705 10 0.3884 0.3544 0.2572 
     H171942 10 0.3493 0.4638 0.1869 
     H171943 10 0.3005 0.3941 0.3054 
     H171944 10 0.3844 0.2893 0.3262 
     H171946 10 0.2136 0.3207 0.4657 
     H171947 10 0.3714 0.3610 0.2676 
     H229641 10 0.3080 0.3561 0.3359 
      H30001 10 0.3656 0.2852 0.3492 
      H30002 10 0.3681 0.3178 0.3142 
      H30005 10 0.3724 0.3455 0.2821 
      H30006 10 0.3414 0.4144 0.2442 
      H30007 10 0.2517 0.5533 0.1950 
        H451 10 0.3944 0.3762 0.2294 
        H452 10 0.3436 0.3798 0.2765 
        H453 10 0.2120 0.2873 0.5007 
        H473 10 0.3110 0.3143 0.3747 
        H474 10 0.1745 0.2572 0.5684 
        H486 10 0.3266 0.2860 0.3874 
        H487 10 0.3215 0.2676 0.4109 
        H488 10 0.4115 0.2386 0.3499 
        H489 10 0.2818 0.2199 0.4983 
        H550 10 0.2646 0.4826 0.2528 
        H551 10 0.4204 0.2525 0.3272 
        H553 10 0.2647 0.2912 0.4441 
        H554 10 0.3557 0.3809 0.2633 
        H556 10 0.2654 0.3838 0.3508 
        H580 10 0.3901 0.3284 0.2816 
        H591 10 0.2472 0.1975 0.5553 
        H592 10 0.3112 0.2794 0.4094 
        H593 10 0.3446 0.3496 0.3058 
        H594 10 0.3834 0.4393 0.1773 
        H627 10 0.2639 0.3786 0.3575 
        H628 10 0.5105 0.3109 0.1786 
        H629 10 0.2580 0.3952 0.3469 
        H630 10 0.2876 0.3656 0.3468 
        H638 10 0.3798 0.3387 0.2814 
        H639 10 0.2148 0.3152 0.4700 
        H640 10 0.3402 0.4161 0.2436 
        H704 10 0.3129 0.4445 0.2427 
        H705 10 0.3964 0.3433 0.2603 
        H706 10 0.3733 0.2073 0.4194 
        H708 10 0.2350 0.2283 0.5367 
       H7351 10 0.3086 0.3822 0.3091 
       H7352 10 0.3327 0.3160 0.3514 
       H7353 10 0.2653 0.5131 0.2216 
       H7354 10 0.2980 0.2861 0.4159 
       H7365 10 0.2550 0.2107 0.5343 
       H7383 10 0.3556 0.2432 0.4012 
       H7384 10 0.3536 0.2784 0.3680 
       H7385 10 0.2959 0.2495 0.4546 
       H7386 10 0.4158 0.2948 0.2895 
       H7387 10 0.3690 0.3417 0.2893 
       H7388 10 0.3984 0.3141 0.2876 
        H906 10 0.2592 0.3292 0.4115 
        H907 10 0.3548 0.4129 0.2323 
        H908 10 0.3637 0.3015 0.3348 
        H909 10 0.3692 0.2902 0.3406 
       H9552 10 0.3214 0.3666 0.3120 
       H9553 10 0.3212 0.3043 0.3745 
       H9555 10 0.4365 0.3069 0.2566 
       H9575 10 0.2307 0.3066 0.4627 
       H9703 10 0.2258 0.2374 0.5368 
       H9707 10 0.2855 0.2769 0.4376 
       HSAA4 10 0.3956 0.3192 0.2852 
        H001 11 0.3322 0.2904 0.3774 
        H004 11 0.3389 0.3393 0.3218 
        H005 11 0.2774 0.2111 0.5114 
        H006 11 0.3733 0.3011 0.3256 
        H007 11 0.3434 0.2034 0.4532 
        H031 11 0.2659 0.1914 0.5427 
        H074 11 0.2275 0.2609 0.5116 
        H075 11 0.2924 0.2107 0.4969 
        H080 11 0.3031 0.2320 0.4649 
        H086 11 0.3591 0.3262 0.3147 
        H092 11 0.3220 0.2827 0.3952 
        H093 11 0.3248 0.4797 0.1955 
        H094 11 0.3116 0.4008 0.2876 
        H095 11 0.2898 0.2641 0.4461 
        H096 11 0.3766 0.2359 0.3875 
        H099 11 0.3046 0.2952 0.4002 
        H100 11 0.3558 0.4232 0.2210 
        H127 11 0.3523 0.2644 0.3832 
        H136 11 0.2337 0.2420 0.5244 
        H153 11 0.3084 0.4000 0.2916 
        H154 11 0.2302 0.2471 0.5227 
        H155 11 0.5218 0.2744 0.2038 
        H156 11 0.5037 0.3246 0.1717 
        H161 11 0.3043 0.4000 0.2957 
        H162 11 0.3696 0.4082 0.2222 
        H167 11 0.4042 0.3407 0.2551 
        H168 11 0.3864 0.3279 0.2856 
     H169586 11 0.1760 0.4263 0.3978 
     H169738 11 0.4989 0.2760 0.2251 
     H169741 11 0.2713 0.2803 0.4484 
     H171801 11 0.3205 0.4295 0.2500 
     H171810 11 0.2416 0.2905 0.4679 
     H171811 11 0.1985 0.3072 0.4943 
     H171812 11 0.3811 0.2478 0.3711 
     H171820 11 0.2383 0.2649 0.4967 
     H171821 11 0.3943 0.3478 0.2578 
     H171822 11 0.3736 0.3219 0.3045 
     H171823 11 0.1901 0.3495 0.4604 
     H171866 11 0.3713 0.3854 0.2433 
     H171867 11 0.4925 0.2779 0.2296 
     H171967 11 0.3287 0.2233 0.4480 
     H171969 11 0.3501 0.3266 0.3233 
        H172 11 0.3864 0.3084 0.3052 
        H173 11 0.4797 0.2382 0.2821 
        H174 11 0.3245 0.4702 0.2053 
        H196 11 0.4587 0.3196 0.2217 
        H197 11 0.4569 0.2913 0.2518 
        H346 11 0.3724 0.2747 0.3529 
        H355 11 0.3193 0.2968 0.3839 
        H356 11 0.3298 0.3016 0.3685 
        H357 11 0.3343 0.2500 0.4157 
        H358 11 0.4097 0.2601 0.3303 
        H359 11 0.3255 0.3278 0.3467 
        H360 11 0.3930 0.2907 0.3162 
        H361 11 0.4055 0.3217 0.2728 
        H362 11 0.4058 0.4064 0.1878 
        H363 11 0.3002 0.2307 0.4691 
        H364 11 0.3030 0.3656 0.3314 
        H365 11 0.4011 0.3249 0.2740 
        H366 11 0.4324 0.3134 0.2542 
        H367 11 0.2320 0.2566 0.5114 
        H368 11 0.2819 0.4630 0.2551 
        H369 11 0.2855 0.2017 0.5129 
        H370 11 0.3987 0.3466 0.2547 
        H371 11 0.3505 0.3336 0.3159 
        H372 11 0.3672 0.3303 0.3025 
        H373 11 0.3369 0.3263 0.3367 
        H374 11 0.3328 0.2666 0.4006 
        H375 11 0.3577 0.2655 0.3768 
        H376 11 0.3620 0.3848 0.2532 
        H377 11 0.3652 0.2778 0.3570 
        H378 11 0.2756 0.3357 0.3887 
        H379 11 0.3258 0.3613 0.3130 
        H380 11 0.4928 0.2994 0.2078 
        H381 11 0.2239 0.3040 0.4721 
        H382 11 0.4334 0.3959 0.1707 
        H383 11 0.3794 0.4027 0.2179 
        H384 11 0.2764 0.2951 0.4285 
        H385 11 0.3029 0.2989 0.3982 
        H386 11 0.4841 0.2556 0.2603 
        H387 11 0.1942 0.4881 0.3177 
        H388 11 0.4583 0.3441 0.1977 
        H389 11 0.4126 0.2530 0.3344 
        H390 11 0.3749 0.3288 0.2963 
        H391 11 0.2898 0.4462 0.2639 
        H392 11 0.2844 0.2326 0.4830 
        H393 11 0.3361 0.4384 0.2255 
        H394 11 0.2481 0.5156 0.2363 
        H395 11 0.3184 0.2341 0.4475 
        H408 11 0.3923 0.2639 0.3437 
        H412 11 0.1512 0.3034 0.5454 
        H417 11 0.3202 0.2929 0.3869 
        H418 11 0.2422 0.4008 0.3570 
        H429 11 0.3961 0.3232 0.2807 
        H430 11 0.4538 0.3146 0.2316 
        H439 11 0.3720 0.2838 0.3442 
        H440 11 0.2489 0.2410 0.5101 
        H441 11 0.4037 0.3355 0.2608 
        H442 11 0.3948 0.3465 0.2587 
        H446 11 0.3147 0.3688 0.3166 
        H447 11 0.4549 0.2989 0.2462 
        H448 11 0.4732 0.2490 0.2778 
        H534 11 0.1963 0.2635 0.5402 
        H537 11 0.2243 0.2910 0.4847 
        H568 11 0.2219 0.2007 0.5774 
        H569 11 0.5194 0.3129 0.1677 
        H586 11 0.1645 0.4458 0.3897 
        H587 11 0.2280 0.2199 0.5522 
        H588 11 0.2735 0.5016 0.2249 
        H589 11 0.2351 0.2215 0.5435 
        H590 11 0.2734 0.2719 0.4547 
        H601 11 0.4219 0.3725 0.2056 
        H602 11 0.3197 0.2768 0.4035 
        H603 11 0.4779 0.2940 0.2281 
        H610 11 0.3311 0.2899 0.3790 
        H611 11 0.2836 0.2801 0.4363 
        H649 11 0.3220 0.3463 0.3317 
        H650 11 0.2869 0.4708 0.2423 
        H651 11 0.4449 0.2640 0.2912 
        H652 11 0.2692 0.3996 0.3312 
       H7364 11 0.3939 0.3280 0.2782 
       H7366 11 0.4105 0.2559 0.3336 
       H7378 11 0.2605 0.5963 0.1432 
       H7379 11 0.3601 0.3120 0.3279 
        H739 11 0.2764 0.2574 0.4663 
        H740 11 0.3163 0.4241 0.2596 
        H741 11 0.2691 0.2607 0.4701 
        H926 11 0.3157 0.4112 0.2731 
        H927 11 0.4426 0.3127 0.2447 
        H928 11 0.3257 0.3525 0.3218 
       H9560 11 0.3070 0.3950 0.2979 
        H409 12 0.4650 0.3089 0.2261 
        H413 12 0.2373 0.5385 0.2242 
        H419 12 0.4486 0.2767 0.2747 
        H420 12 0.3275 0.2820 0.3904 
        H421 12 0.3958 0.4110 0.1932 
        H435 12 0.3239 0.4415 0.2346 
        H436 12 0.4170 0.2417 0.3413 
        H437 12 0.2324 0.3000 0.4676 
        H445 12 0.4753 0.2979 0.2268 
        H449 12 0.3052 0.4206 0.2742 
        H463 12 0.2712 0.3089 0.4199 
        H464 12 0.3103 0.4678 0.2219 
        H465 12 0.2060 0.4823 0.3116 
        H490 12 0.3244 0.4522 0.2234 
        H561 12 0.3358 0.3571 0.3071 
        H562 12 0.4498 0.2432 0.3070 
        H563 12 0.3892 0.2508 0.3600 
        H570 12 0.3394 0.2331 0.4276 
        H571 12 0.2473 0.4214 0.3313 
        H572 12 0.3031 0.2973 0.3996 
        H573 12 0.4727 0.2962 0.2311 
       H7372 12 0.4966 0.3341 0.1693 
       H7373 12 0.2278 0.5544 0.2178 
       H7374 12 0.3044 0.2730 0.4227 
       H7375 12 0.3458 0.2473 0.4069 
       H7376 12 0.5486 0.2504 0.2010 
       H7377 12 0.3042 0.2690 0.4269 
