        H102  1 0.3737 0.2842 0.3420 
        H103  1 0.2190 0.4659 0.3151 
        H104  1 0.4198 0.2349 0.3453 
        H105  1 0.2967 0.2741 0.4292 
        H106  1 0.3496 0.3409 0.3094 
        H112  1 0.4165 0.2461 0.3374 
        H113  1 0.2835 0.2654 0.4511 
        H114  1 0.2358 0.2777 0.4864 
        H115  1 0.3801 0.2223 0.3976 
        H143  1 0.3003 0.3119 0.3878 
        H144  1 0.2061 0.4212 0.3727 
        H145  1 0.2219 0.4622 0.3159 
        H149  1 0.4573 0.2550 0.2877 
        H150  1 0.3245 0.3356 0.3399 
     H167542  1 0.2739 0.2780 0.4481 
     H169604  1 0.2765 0.3079 0.4157 
     H169607  1 0.2406 0.3821 0.3773 
     H169608  1 0.4670 0.2747 0.2582 
     H169633  1 0.2294 0.3072 0.4633 
     H169688  1 0.2668 0.4627 0.2705 
     H169714  1 0.4021 0.2972 0.3008 
     H171802  1 0.4119 0.3055 0.2826 
     H171805  1 0.2581 0.3815 0.3604 
     H171807  1 0.3802 0.3284 0.2913 
     H171814  1 0.2177 0.4400 0.3422 
     H171816  1 0.3966 0.2956 0.3078 
     H171817  1 0.3830 0.2780 0.3390 
     H171818  1 0.3100 0.3135 0.3764 
     H171819  1 0.3415 0.3042 0.3543 
     H171834  1 0.3316 0.2978 0.3706 
     H171835  1 0.4858 0.2515 0.2627 
     H171836  1 0.1787 0.3841 0.4372 
     H171837  1 0.3814 0.2683 0.3503 
     H171838  1 0.2784 0.3896 0.3320 
     H171839  1 0.3790 0.2541 0.3669 
     H171841  1 0.5230 0.2708 0.2062 
     H171860  1 0.3204 0.2888 0.3908 
     H171861  1 0.1919 0.3615 0.4466 
     H171862  1 0.3224 0.3176 0.3600 
     H171868  1 0.2884 0.2530 0.4587 
     H171869  1 0.2729 0.4388 0.2883 
     H171870  1 0.3411 0.3790 0.2800 
     H171871  1 0.2742 0.4075 0.3183 
     H171872  1 0.3513 0.2720 0.3767 
     H171873  1 0.3500 0.3994 0.2507 
     H171874  1 0.2679 0.3924 0.3397 
     H171875  1 0.1856 0.3658 0.4485 
     H171876  1 0.2727 0.3251 0.4022 
     H171877  1 0.2839 0.2337 0.4825 
     H171878  1 0.3814 0.3655 0.2531 
     H171901  1 0.4133 0.3106 0.2762 
     H171902  1 0.3193 0.3892 0.2915 
     H171903  1 0.3285 0.2993 0.3722 
     H171935  1 0.4184 0.3389 0.2428 
     H171936  1 0.2469 0.3047 0.4484 
     H171940  1 0.3854 0.2845 0.3302 
     H171945  1 0.3266 0.3707 0.3027 
     H171948  1 0.3852 0.2587 0.3560 
     H171949  1 0.4788 0.2518 0.2694 
     H171950  1 0.5016 0.2646 0.2338 
     H171963  1 0.2488 0.4254 0.3258 
     H171964  1 0.2623 0.4676 0.2702 
     H171966  1 0.3401 0.3510 0.3088 
     H171968  1 0.3618 0.3455 0.2927 
     H171971  1 0.3481 0.3711 0.2809 
     H171972  1 0.2429 0.4347 0.3224 
     H171977  1 0.2444 0.4361 0.3195 
     H171978  1 0.3958 0.3462 0.2580 
     H171979  1 0.2267 0.3867 0.3865 
        H176  1 0.2915 0.3155 0.3930 
        H177  1 0.4802 0.2483 0.2715 
        H179  1 0.3934 0.2268 0.3798 
        H181  1 0.2570 0.3929 0.3501 
        H182  1 0.2160 0.3854 0.3986 
        H183  1 0.2695 0.4521 0.2784 
        H184  1 0.3753 0.2722 0.3524 
        H185  1 0.2378 0.3798 0.3824 
        H186  1 0.3641 0.3538 0.2821 
        H187  1 0.3259 0.3646 0.3096 
        H188  1 0.3645 0.2384 0.3971 
        H192  1 0.4391 0.2650 0.2959 
        H193  1 0.2365 0.4130 0.3505 
        H194  1 0.3521 0.2734 0.3745 
        H195  1 0.2378 0.4872 0.2750 
        H199  1 0.2533 0.4411 0.3056 
        H200  1 0.3695 0.2939 0.3367 
        H414  1 0.2918 0.3771 0.3312 
        H415  1 0.2621 0.3355 0.4024 
        H422  1 0.3539 0.3586 0.2875 
        H423  1 0.5327 0.2303 0.2370 
        H424  1 0.2302 0.4144 0.3554 
        H425  1 0.2423 0.4568 0.3010 
        H426  1 0.2758 0.4948 0.2293 
        H443  1 0.2528 0.4234 0.3238 
        H466  1 0.3598 0.3038 0.3364 
        H467  1 0.4729 0.2836 0.2436 
        H472  1 0.3251 0.3204 0.3545 
        H483  1 0.2463 0.3320 0.4217 
        H504  1 0.2352 0.4548 0.3100 
        H505  1 0.3839 0.2858 0.3303 
        H506  1 0.3175 0.3560 0.3266 
        H507  1 0.1954 0.4039 0.4007 
        H508  1 0.3802 0.3434 0.2764 
        H524  1 0.2262 0.3793 0.3945 
        H525  1 0.2712 0.3809 0.3480 
        H526  1 0.2447 0.2864 0.4689 
        H527  1 0.4079 0.2983 0.2937 
        H528  1 0.2172 0.4045 0.3783 
        H529  1 0.2102 0.4123 0.3776 
        H533  1 0.2180 0.3683 0.4137 
        H538  1 0.3431 0.2948 0.3621 
        H539  1 0.2959 0.4245 0.2795 
        H540  1 0.3245 0.3173 0.3581 
        H541  1 0.2871 0.3088 0.4041 
        H558  1 0.2859 0.4548 0.2593 
        H559  1 0.3064 0.3242 0.3694 
        H579  1 0.2640 0.4052 0.3308 
        H584  1 0.2563 0.4441 0.2996 
        H585  1 0.2661 0.3717 0.3622 
        H605  1 0.3394 0.3356 0.3250 
        H606  1 0.4576 0.2518 0.2907 
        H632  1 0.2605 0.4445 0.2950 
        H634  1 0.2751 0.4012 0.3237 
        H671  1 0.4601 0.2633 0.2766 
        H672  1 0.3070 0.3562 0.3368 
        H673  1 0.2697 0.3708 0.3595 
        H689  1 0.2669 0.3432 0.3898 
        H690  1 0.3848 0.2485 0.3667 
        H691  1 0.3060 0.2779 0.4160 
        H692  1 0.1677 0.4154 0.4169 
        H709  1 0.3023 0.3527 0.3450 
        H710  1 0.2057 0.4273 0.3670 
       H7355  1 0.2262 0.2776 0.4962 
       H7356  1 0.3022 0.3900 0.3078 
       H7357  1 0.3496 0.2802 0.3701 
       H7358  1 0.2431 0.3580 0.3990 
       H7380  1 0.2787 0.3350 0.3863 
       H7381  1 0.4276 0.3175 0.2549 
       H7382  1 0.2784 0.3483 0.3734 
        H904  1 0.5594 0.1924 0.2482 
        H923  1 0.3294 0.3429 0.3277 
        H924  1 0.3705 0.3128 0.3167 
        H925  1 0.2651 0.3224 0.4125 
       H9558  1 0.2708 0.4827 0.2465 
        H008  2 0.2074 0.3097 0.4829 
        H021  2 0.4144 0.2737 0.3119 
        H023  2 0.4059 0.2669 0.3272 
        H024  2 0.2127 0.4350 0.3524 
        H025  2 0.4021 0.3445 0.2533 
        H026  2 0.2256 0.4709 0.3036 
        H027  2 0.2828 0.2949 0.4222 
        H028  2 0.2669 0.3807 0.3524 
        H029  2 0.2458 0.3659 0.3883 
        H030  2 0.2205 0.4575 0.3219 
        H038  2 0.4100 0.3222 0.2678 
        H039  2 0.6276 0.1883 0.1841 
        H040  2 0.4127 0.3170 0.2702 
        H041  2 0.2738 0.2513 0.4749 
        H042  2 0.3506 0.3006 0.3487 
        H043  2 0.4831 0.3052 0.2116 
        H044  2 0.2571 0.4047 0.3382 
        H047  2 0.3979 0.3520 0.2501 
        H050  2 0.2553 0.4257 0.3190 
        H058  2 0.3952 0.3280 0.2768 
        H062  2 0.4073 0.2783 0.3144 
        H063  2 0.4453 0.2475 0.3072 
        H065  2 0.3266 0.4003 0.2731 
        H066  2 0.3061 0.4053 0.2886 
        H067  2 0.2668 0.3194 0.4138 
        H068  2 0.4695 0.2797 0.2508 
        H069  2 0.3010 0.4091 0.2899 
        H071  2 0.4164 0.2807 0.3029 
        H072  2 0.4868 0.2324 0.2808 
        H073  2 0.2561 0.3748 0.3691 
        H081  2 0.3154 0.2233 0.4613 
        H082  2 0.2139 0.4299 0.3562 
        H083  2 0.2378 0.4574 0.3049 
        H084  2 0.3659 0.3043 0.3297 
        H085  2 0.2704 0.2480 0.4816 
        H087  2 0.2919 0.2329 0.4753 
        H088  2 0.4127 0.2470 0.3403 
        H089  2 0.2663 0.3046 0.4292 
        H090  2 0.2407 0.4059 0.3534 
        H091  2 0.2084 0.3494 0.4422 
        H098  2 0.2665 0.3181 0.4154 
      H10001  2 0.6367 0.1828 0.1805 
      H10002  2 0.4146 0.2471 0.3383 
        H101  2 0.2584 0.4314 0.3102 
        H108  2 0.4156 0.2258 0.3585 
        H109  2 0.3676 0.3264 0.3060 
        H110  2 0.2429 0.2679 0.4892 
        H116  2 0.2630 0.4103 0.3267 
        H117  2 0.2337 0.2642 0.5021 
        H118  2 0.1918 0.4117 0.3964 
        H119  2 0.3858 0.2706 0.3436 
        H120  2 0.5109 0.1978 0.2913 
        H121  2 0.2275 0.3522 0.4203 
        H125  2 0.6260 0.1805 0.1935 
        H126  2 0.2889 0.4111 0.3001 
        H128  2 0.1426 0.5240 0.3334 
        H129  2 0.2024 0.4982 0.2994 
        H130  2 0.4554 0.3450 0.1996 
        H133  2 0.5144 0.2640 0.2216 
        H134  2 0.2060 0.5454 0.2485 
        H135  2 0.3240 0.2778 0.3982 
        H137  2 0.3103 0.3277 0.3620 
        H138  2 0.2556 0.4630 0.2814 
        H140  2 0.3057 0.3367 0.3576 
        H146  2 0.2516 0.3996 0.3488 
        H147  2 0.2473 0.2898 0.4629 
        H148  2 0.2691 0.2577 0.4732 
     H166022  2 0.2244 0.3465 0.4292 
     H167359  2 0.3013 0.3451 0.3536 
     H167397  2 0.1560 0.3744 0.4696 
     H167428  2 0.1736 0.3508 0.4756 
     H167496  2 0.4577 0.2110 0.3313 
     H167513  2 0.3402 0.3571 0.3027 
     H167545  2 0.2358 0.4752 0.2890 
     H167547  2 0.2172 0.4890 0.2938 
     H169621  2 0.2386 0.3895 0.3719 
     H169622  2 0.2461 0.3824 0.3715 
     H169750  2 0.4079 0.3537 0.2384 
     H171806  2 0.3475 0.3578 0.2946 
     H171808  2 0.3038 0.3705 0.3257 
     H171809  2 0.3380 0.2675 0.3944 
     H171813  2 0.3323 0.3966 0.2711 
     H171815  2 0.5060 0.2900 0.2040 
     H171824  2 0.4122 0.2099 0.3779 
     H171825  2 0.2940 0.3606 0.3454 
     H171826  2 0.3643 0.2720 0.3637 
     H171827  2 0.3438 0.3286 0.3276 
     H171828  2 0.5458 0.1803 0.2739 
     H171829  2 0.3341 0.4068 0.2591 
     H171830  2 0.3235 0.2978 0.3788 
     H171831  2 0.2125 0.4418 0.3457 
     H171832  2 0.2892 0.3857 0.3251 
     H171863  2 0.1965 0.5115 0.2921 
     H171864  2 0.2910 0.2915 0.4175 
     H171865  2 0.4583 0.2749 0.2668 
     H171879  2 0.2900 0.3856 0.3243 
     H171880  2 0.2635 0.3332 0.4033 
     H171881  2 0.2705 0.3208 0.4087 
     H171882  2 0.5519 0.2168 0.2314 
     H171929  2 0.2826 0.3004 0.4170 
     H171930  2 0.2133 0.4694 0.3173 
     H171933  2 0.2909 0.3356 0.3734 
     H171934  2 0.2945 0.3016 0.4038 
     H171937  2 0.2547 0.4575 0.2879 
     H171962  2 0.2728 0.3292 0.3980 
        H190  2 0.2730 0.3511 0.3758 
        H191  2 0.3249 0.3507 0.3244 
        H396  2 0.3223 0.2977 0.3800 
        H397  2 0.2845 0.3506 0.3649 
        H398  2 0.3588 0.3606 0.2806 
        H400  2 0.3120 0.3149 0.3731 
        H401  2 0.1814 0.4555 0.3631 
        H402  2 0.2329 0.3363 0.4307 
        H427  2 0.2906 0.2752 0.4343 
        H428  2 0.1723 0.3484 0.4793 
        H497  2 0.3920 0.3104 0.2976 
        H512  2 0.3072 0.3271 0.3657 
        H513  2 0.3352 0.3540 0.3108 
        H514  2 0.3046 0.4124 0.2830 
        H519  2 0.3432 0.3356 0.3212 
        H532  2 0.2401 0.3135 0.4464 
        H543  2 0.2369 0.3381 0.4250 
        H544  2 0.3169 0.4382 0.2449 
        H545  2 0.2179 0.5030 0.2792 
        H546  2 0.4433 0.3075 0.2492 
        H547  2 0.2145 0.4880 0.2974 
        H548  2 0.2765 0.2988 0.4247 
        H549  2 0.2647 0.4723 0.2630 
        H620  2 0.5482 0.2048 0.2470 
        H623  2 0.2600 0.4345 0.3055 
        H624  2 0.4166 0.3940 0.1894 
        H625  2 0.2713 0.3246 0.4041 
        H626  2 0.3306 0.3188 0.3505 
        H654  2 0.6055 0.2122 0.1823 
        H655  2 0.4174 0.3087 0.2739 
        H656  2 0.5081 0.2188 0.2731 
        H666  2 0.5412 0.2598 0.1990 
        H667  2 0.2885 0.3156 0.3959 
        H677  2 0.2769 0.3437 0.3793 
        H693  2 0.4363 0.2172 0.3465 
        H694  2 0.2527 0.4183 0.3290 
        H701  2 0.2608 0.3389 0.4004 
        H702  2 0.3817 0.2823 0.3360 
        H731  2 0.3856 0.2663 0.3481 
       H7359  2 0.3082 0.3317 0.3601 
       H7389  2 0.2906 0.3863 0.3231 
       H7390  2 0.5159 0.2458 0.2383 
       H7391  2 0.2532 0.2255 0.5213 
       H7392  2 0.3270 0.3824 0.2906 
       H7393  2 0.3976 0.2987 0.3037 
       H7398  2 0.2868 0.2482 0.4650 
       H7399  2 0.2368 0.3895 0.3737 
       H7400  2 0.5908 0.2138 0.1954 
        H745  2 0.2403 0.4785 0.2812 
        H746  2 0.2376 0.4071 0.3554 
        H747  2 0.4442 0.2898 0.2660 
        H748  2 0.3376 0.3328 0.3295 
       H7484  2 0.4850 0.2515 0.2635 
       H7485  2 0.2798 0.3962 0.3240 
        H749  2 0.2509 0.3964 0.3527 
        H930  2 0.2299 0.4377 0.3323 
        H931  2 0.3020 0.2990 0.3990 
        H932  2 0.3412 0.3303 0.3285 
        H111  3 0.2463 0.4466 0.3071 
        H951  3 0.2412 0.3728 0.3861 
        H952  3 0.3092 0.4208 0.2700 
        H953  3 0.2423 0.3218 0.4359 
        H954  3 0.4775 0.2524 0.2702 
        H955  3 0.2390 0.4122 0.3487 
        H956  3 0.3550 0.3016 0.3433 
       H9563  3 0.3492 0.2522 0.3986 
        H002  4 0.4438 0.3297 0.2265 
        H003  4 0.2424 0.3521 0.4055 
        H009  4 0.2585 0.4588 0.2827 
        H010  4 0.2995 0.3295 0.3710 
        H011  4 0.4882 0.2223 0.2895 
        H012  4 0.2508 0.2804 0.4688 
        H013  4 0.3668 0.2440 0.3892 
        H014  4 0.3240 0.3600 0.3160 
        H045  4 0.3554 0.2469 0.3978 
        H046  4 0.2325 0.4124 0.3551 
        H051  4 0.4110 0.2241 0.3649 
        H052  4 0.3853 0.3624 0.2523 
        H053  4 0.3998 0.3003 0.2998 
        H056  4 0.4533 0.2983 0.2484 
        H076  4 0.2331 0.4041 0.3627 
        H151  4 0.5374 0.2614 0.2012 
        H152  4 0.4303 0.3423 0.2274 
     H171803  4 0.4422 0.2837 0.2741 
     H171804  4 0.3902 0.2749 0.3349 
     H171833  4 0.2544 0.4707 0.2749 
     H171855  4 0.5172 0.2749 0.2079 
     H171856  4 0.3400 0.3513 0.3087 
     H171857  4 0.4389 0.3133 0.2478 
     H171858  4 0.3150 0.3743 0.3108 
     H171859  4 0.3455 0.3440 0.3105 
     H171961  4 0.4122 0.2674 0.3204 
        H198  4 0.2093 0.3733 0.4174 
      H20001  4 0.2613 0.4919 0.2468 
        H403  4 0.3659 0.3554 0.2787 
        H404  4 0.2554 0.3138 0.4308 
        H405  4 0.2393 0.3591 0.4016 
        H406  4 0.2930 0.4633 0.2438 
        H407  4 0.3665 0.3090 0.3245 
        H410  4 0.2101 0.3761 0.4138 
        H411  4 0.2882 0.4188 0.2930 
        H468  4 0.3212 0.4428 0.2360 
        H476  4 0.3788 0.3471 0.2740 
        H477  4 0.2455 0.5230 0.2315 
        H478  4 0.2558 0.3511 0.3930 
        H479  4 0.3656 0.2844 0.3500 
        H480  4 0.2413 0.4566 0.3021 
        H498  4 0.3058 0.3538 0.3404 
        H499  4 0.3366 0.3432 0.3203 
        H500  4 0.4591 0.2446 0.2963 
        H515  4 0.3991 0.2888 0.3121 
        H516  4 0.3367 0.3755 0.2879 
        H517  4 0.2890 0.3605 0.3505 
        H518  4 0.3826 0.3750 0.2424 
        H520  4 0.4167 0.3270 0.2564 
        H521  4 0.2861 0.3186 0.3953 
        H522  4 0.3678 0.3343 0.2979 
        H523  4 0.3638 0.3171 0.3190 
        H536  4 0.2891 0.3345 0.3764 
        H645  4 0.3502 0.2384 0.4115 
        H646  4 0.2228 0.4312 0.3460 
        H647  4 0.3084 0.3893 0.3023 
        H657  4 0.2433 0.3955 0.3612 
        H658  4 0.3587 0.3225 0.3188 
        H659  4 0.5831 0.2149 0.2021 
        H660  4 0.3768 0.3144 0.3089 
        H661  4 0.4486 0.3060 0.2454 
        H668  4 0.2562 0.3121 0.4317 
        H669  4 0.3296 0.2819 0.3885 
        H670  4 0.3458 0.2381 0.4160 
        H678  4 0.3407 0.3229 0.3364 
        H679  4 0.2329 0.3628 0.4043 
        H680  4 0.3436 0.3658 0.2906 
        H681  4 0.3743 0.2659 0.3598 
        H682  4 0.2831 0.2904 0.4265 
        H683  4 0.3926 0.3626 0.2448 
        H718  4 0.4556 0.2812 0.2633 
        H719  4 0.3595 0.2570 0.3835 
        H720  4 0.3547 0.3840 0.2613 
        H721  4 0.3858 0.3716 0.2426 
        H722  4 0.3925 0.3845 0.2231 
        H723  4 0.4106 0.2249 0.3644 
        H724  4 0.5261 0.2365 0.2373 
        H725  4 0.5061 0.2684 0.2255 
        H726  4 0.4413 0.2658 0.2929 
        H727  4 0.4112 0.2499 0.3390 
        H910  4 0.3989 0.2588 0.3424 
        H911  4 0.2567 0.3916 0.3517 
        H912  4 0.3455 0.3665 0.2879 
        H913  4 0.4070 0.3153 0.2777 
        H914  4 0.4431 0.2192 0.3378 
        H915  4 0.3632 0.3130 0.3238 
        H916  4 0.3315 0.4006 0.2679 
       H9572  4 0.3778 0.3249 0.2973 
        H015  5 0.2625 0.4316 0.3059 
        H016  5 0.2555 0.4497 0.2948 
        H017  5 0.3484 0.4121 0.2395 
        H019  5 0.3014 0.3694 0.3292 
        H020  5 0.3734 0.3255 0.3011 
        H032  5 0.3548 0.3439 0.3014 
        H033  5 0.2827 0.3032 0.4141 
        H034  5 0.4311 0.2355 0.3334 
        H035  5 0.3421 0.3454 0.3125 
        H036  5 0.2754 0.3520 0.3726 
        H037  5 0.4539 0.2762 0.2699 
        H048  5 0.4470 0.2344 0.3186 
        H049  5 0.3153 0.4097 0.2751 
        H054  5 0.3291 0.3072 0.3637 
        H055  5 0.3890 0.2884 0.3226 
        H057  5 0.3399 0.4215 0.2386 
        H060  5 0.3965 0.3446 0.2589 
        H061  5 0.2702 0.3612 0.3686 
        H064  5 0.3846 0.2988 0.3167 
        H070  5 0.3862 0.2554 0.3584 
        H077  5 0.4835 0.2641 0.2524 
        H078  5 0.4365 0.3274 0.2362 
        H079  5 0.2268 0.3135 0.4597 
        H097  5 0.3617 0.4267 0.2116 
        H107  5 0.5532 0.1931 0.2536 
        H122  5 0.3156 0.4100 0.2744 
        H123  5 0.2417 0.3963 0.3620 
        H124  5 0.2414 0.3543 0.4043 
        H131  5 0.2620 0.3561 0.3819 
        H132  5 0.3518 0.2973 0.3509 
        H141  5 0.3827 0.3086 0.3087 
        H142  5 0.2425 0.3749 0.3826 
        H157  5 0.4694 0.2471 0.2835 
        H158  5 0.2401 0.4956 0.2642 
        H159  5 0.2577 0.4001 0.3422 
        H160  5 0.3195 0.3937 0.2868 
        H163  5 0.2765 0.3532 0.3703 
        H164  5 0.2884 0.3392 0.3723 
        H165  5 0.2166 0.3035 0.4799 
        H166  5 0.2790 0.3886 0.3324 
        H169  5 0.3285 0.3236 0.3478 
     H169613  5 0.3449 0.3649 0.2903 
     H169653  5 0.2655 0.3681 0.3664 
     H169728  5 0.2957 0.3654 0.3389 
     H169742  5 0.3409 0.2839 0.3752 
        H170  5 0.3052 0.4579 0.2369 
        H171  5 0.2915 0.4403 0.2682 
     H171851  5 0.3275 0.3774 0.2952 
     H171852  5 0.3952 0.3342 0.2706 
     H171853  5 0.3930 0.2597 0.3473 
     H171854  5 0.3241 0.3573 0.3186 
     H171938  5 0.3155 0.2550 0.4295 
     H171939  5 0.2529 0.4178 0.3293 
     H171941  5 0.4798 0.2359 0.2843 
     H171965  5 0.2615 0.3891 0.3495 
     H171970  5 0.5348 0.2203 0.2449 
     H171973  5 0.2514 0.3061 0.4425 
     H171974  5 0.3431 0.2651 0.3917 
     H171975  5 0.3695 0.2774 0.3532 
     H171976  5 0.3127 0.4750 0.2123 
        H175  5 0.4160 0.2621 0.3220 
        H178  5 0.3636 0.3121 0.3243 
        H189  5 0.2080 0.4279 0.3641 
        H399  5 0.3100 0.4667 0.2232 
        H416  5 0.3600 0.2856 0.3544 
        H438  5 0.3250 0.2711 0.4039 
        H450  5 0.4782 0.2691 0.2527 
        H455  5 0.5054 0.2087 0.2859 
        H456  5 0.3219 0.2947 0.3834 
        H457  5 0.4281 0.3393 0.2326 
        H458  5 0.4153 0.2716 0.3131 
        H459  5 0.2390 0.3881 0.3730 
        H460  5 0.3535 0.3384 0.3081 
        H461  5 0.3130 0.4276 0.2594 
        H462  5 0.2714 0.3268 0.4018 
        H469  5 0.2486 0.3127 0.4387 
        H470  5 0.3617 0.2998 0.3385 
        H471  5 0.2233 0.4994 0.2774 
        H481  5 0.5262 0.2352 0.2387 
        H482  5 0.4005 0.2965 0.3030 
        H501  5 0.3395 0.2864 0.3741 
        H502  5 0.2304 0.4303 0.3393 
        H503  5 0.2667 0.4003 0.3330 
        H509  5 0.4379 0.2596 0.3024 
        H510  5 0.3243 0.3287 0.3470 
        H511  5 0.2698 0.3944 0.3358 
        H530  5 0.3607 0.2633 0.3760 
        H531  5 0.4432 0.3087 0.2481 
        H564  5 0.3721 0.3269 0.3010 
        H565  5 0.5007 0.2660 0.2333 
        H567  5 0.2118 0.4112 0.3770 
     H568???  5 0.2571 0.4497 0.2932 
        H608  5 0.4750 0.2653 0.2597 
        H609  5 0.2961 0.2658 0.4381 
        H612  5 0.4987 0.2117 0.2896 
        H614  5 0.4938 0.2828 0.2234 
        H615  5 0.4476 0.3082 0.2442 
        H616  5 0.5423 0.1880 0.2697 
        H617  5 0.2290 0.3526 0.4184 
        H618  5 0.4653 0.2406 0.2941 
        H619  5 0.2678 0.2778 0.4545 
        H635  5 0.3146 0.3246 0.3608 
        H636  5 0.2641 0.2631 0.4728 
        H637  5 0.3572 0.2978 0.3449 
        H644  5 0.1727 0.5347 0.2926 
        H711  5 0.2919 0.4406 0.2675 
        H712  5 0.3938 0.2364 0.3697 
       H7360  5 0.3366 0.3774 0.2860 
       H7361  5 0.4522 0.2669 0.2809 
       H7362  5 0.1903 0.4918 0.3180 
       H7363  5 0.3938 0.3399 0.2663 
       H7394  5 0.2537 0.3917 0.3546 
       H7395  5 0.3518 0.2906 0.3575 
       H7396  5 0.3404 0.3113 0.3483 
        H742  5 0.3455 0.2723 0.3822 
        H743  5 0.3410 0.3277 0.3313 
        H744  5 0.4849 0.2338 0.2813 
        H957  5 0.3279 0.3858 0.2863 
        H958  5 0.2855 0.3665 0.3480 
        H959  5 0.4456 0.2204 0.3340 
        H960  5 0.3214 0.3015 0.3771 
      H_PALI  6 0.3087 0.3519 0.3395 
        H581  6 0.3897 0.3316 0.2787 
        H582  6 0.5170 0.2662 0.2169 
        H583  6 0.3615 0.3338 0.3047 
        H595  6 0.2177 0.3993 0.3830 
        H596  6 0.2134 0.3992 0.3874 
        H597  6 0.2345 0.4408 0.3246 
        H598  6 0.3431 0.2915 0.3654 
        H599  6 0.4272 0.2631 0.3097 
        H642  6 0.2889 0.4395 0.2715 
        H643  6 0.3175 0.3037 0.3788 
        H664  6 0.4740 0.3333 0.1927 
        H665  6 0.3046 0.2480 0.4473 
        H674  6 0.2009 0.5147 0.2844 
        H675  6 0.4067 0.3450 0.2482 
        H676  6 0.2726 0.3809 0.3465 
        H686  6 0.3152 0.3641 0.3206 
        H687  6 0.3304 0.3721 0.2975 
        H917  6 0.2190 0.3074 0.4736 
        H918  6 0.2705 0.2996 0.4299 
        H919  6 0.4801 0.2086 0.3114 
        H920  6 0.4055 0.2992 0.2953 
        H631  7 0.4097 0.2988 0.2914 
        H684  7 0.2362 0.4529 0.3109 
        H685  7 0.4948 0.2671 0.2381 
        H713  7 0.5028 0.2448 0.2524 
        H715  7 0.2777 0.4360 0.2863 
        H716  7 0.3759 0.2981 0.3260 
        H717  7 0.3593 0.3262 0.3145 
        H729  7 0.2097 0.2954 0.4949 
        H730  7 0.3228 0.2614 0.4158 
        H431  8 0.4124 0.2782 0.3093 
        H432  8 0.2112 0.4624 0.3264 
        H433  8 0.2719 0.2985 0.4297 
        H434  8 0.2932 0.3442 0.3627 
        H444  8 0.2752 0.2790 0.4457 
        H454  8 0.4788 0.2178 0.3033 
        H475  8 0.5133 0.2452 0.2415 
        H491  8 0.4096 0.2849 0.3055 
        H492  8 0.4342 0.2704 0.2954 
        H493  8 0.3056 0.3868 0.3076 
        H494  8 0.3570 0.2948 0.3481 
        H495  8 0.4628 0.3369 0.2003 
        H662  8 0.2885 0.4045 0.3070 
        H663  8 0.3197 0.3202 0.3601 
        H695  8 0.3441 0.2858 0.3701 
       H7367  8 0.2266 0.3337 0.4397 
       H7368  8 0.2644 0.3841 0.3515 
       H7369  8 0.3058 0.2602 0.4340 
       H7370  8 0.2043 0.4049 0.3909 
       H7371  8 0.2917 0.2972 0.4111 
        H600  9 0.4203 0.2835 0.2963 
        H648  9 0.3324 0.3598 0.3078 
        H696  9 0.1886 0.5244 0.2870 
        H697  9 0.3041 0.3123 0.3836 
        H698  9 0.2709 0.3645 0.3646 
        H699  9 0.3218 0.3265 0.3517 
        H700  9 0.4326 0.2657 0.3017 
        H732  9 0.4738 0.2972 0.2290 
        H733  9 0.2370 0.3239 0.4391 
        H734  9 0.2231 0.4618 0.3151 
        H735  9 0.2789 0.3678 0.3533 
        H736  9 0.3507 0.3384 0.3109 
        H737  9 0.3858 0.3062 0.3081 
        H905  9 0.4158 0.2391 0.3451 
        H921  9 0.3783 0.2378 0.3839 
        H922  9 0.2192 0.3463 0.4345 
     H169705 10 0.2817 0.3420 0.3763 
     H171942 10 0.2068 0.4446 0.3486 
     H171943 10 0.3213 0.4002 0.2785 
     H171944 10 0.3396 0.2923 0.3680 
     H171946 10 0.4299 0.3534 0.2168 
     H171947 10 0.2803 0.3538 0.3659 
     H229641 10 0.3284 0.3397 0.3319 
      H30001 10 0.3507 0.2717 0.3776 
      H30002 10 0.3287 0.3090 0.3623 
      H30005 10 0.2925 0.3372 0.3702 
      H30006 10 0.2625 0.4114 0.3262 
      H30007 10 0.2143 0.5249 0.2608 
        H451 10 0.2329 0.3512 0.4159 
        H452 10 0.2865 0.4129 0.3007 
        H453 10 0.4856 0.2896 0.2248 
        H473 10 0.3557 0.3241 0.3201 
        H474 10 0.5326 0.2676 0.1998 
        H486 10 0.3853 0.2900 0.3246 
        H487 10 0.4027 0.2997 0.2976 
        H488 10 0.3390 0.2442 0.4168 
        H489 10 0.4617 0.2458 0.2924 
        H550 10 0.2628 0.4786 0.2586 
        H551 10 0.3327 0.2656 0.4018 
        H553 10 0.4205 0.3247 0.2548 
        H554 10 0.2610 0.3649 0.3742 
        H556 10 0.3356 0.3975 0.2669 
        H580 10 0.2940 0.3444 0.3616 
        H591 10 0.5180 0.2152 0.2668 
        H592 10 0.3966 0.2927 0.3107 
        H593 10 0.2957 0.3486 0.3557 
        H594 10 0.1856 0.4330 0.3814 
        H627 10 0.3474 0.3760 0.2765 
        H628 10 0.1855 0.3208 0.4937 
        H629 10 0.3600 0.3817 0.2583 
        H630 10 0.3387 0.3815 0.2798 
        H638 10 0.2972 0.3383 0.3646 
        H639 10 0.4327 0.3276 0.2397 
        H640 10 0.2540 0.4176 0.3284 
        H704 10 0.2456 0.4265 0.3279 
        H705 10 0.2867 0.3336 0.3797 
        H706 10 0.4105 0.2191 0.3704 
        H708 10 0.5082 0.2454 0.2464 
       H7351 10 0.3029 0.3882 0.3089 
       H7352 10 0.3620 0.3161 0.3219 
       H7353 10 0.2538 0.4644 0.2818 
       H7354 10 0.4067 0.2788 0.3144 
       H7365 10 0.4920 0.2448 0.2631 
       H7383 10 0.3901 0.2446 0.3653 
       H7384 10 0.3746 0.2832 0.3422 
       H7385 10 0.4429 0.2539 0.3032 
       H7386 10 0.2949 0.3000 0.4050 
       H7387 10 0.3063 0.3285 0.3652 
       H7388 10 0.3062 0.3428 0.3511 
        H906 10 0.4118 0.3122 0.2761 
        H907 10 0.2582 0.3865 0.3553 
        H908 10 0.3322 0.2833 0.3845 
        H909 10 0.3337 0.2856 0.3806 
       H9552 10 0.3275 0.3506 0.3219 
       H9553 10 0.3648 0.3380 0.2972 
       H9555 10 0.2657 0.3178 0.4165 
       H9575 10 0.4517 0.3071 0.2412 
       H9703 10 0.5099 0.2566 0.2335 
       H9707 10 0.4277 0.2802 0.2921 
       HSAA4 10 0.2903 0.3443 0.3654 
        H001 11 0.3695 0.2945 0.3360 
        H004 11 0.3195 0.3268 0.3536 
        H005 11 0.4908 0.2139 0.2953 
        H006 11 0.3349 0.3073 0.3579 
        H007 11 0.4220 0.2243 0.3537 
        H031 11 0.5201 0.2120 0.2679 
        H074 11 0.4853 0.2702 0.2445 
        H075 11 0.4622 0.2260 0.3118 
        H080 11 0.4550 0.2409 0.3041 
        H086 11 0.3395 0.3331 0.3275 
        H092 11 0.3993 0.2763 0.3243 
        H093 11 0.2033 0.4440 0.3526 
        H094 11 0.3093 0.3780 0.3128 
        H095 11 0.4304 0.2712 0.2985 
        H096 11 0.3663 0.2503 0.3834 
        H099 11 0.4096 0.2718 0.3186 
        H100 11 0.2270 0.4007 0.3723 
        H127 11 0.3692 0.3020 0.3288 
        H136 11 0.5089 0.2374 0.2537 
        H153 11 0.3281 0.3457 0.3262 
        H154 11 0.4930 0.2693 0.2377 
        H155 11 0.2120 0.2890 0.4990 
        H156 11 0.1798 0.3308 0.4893 
        H161 11 0.2927 0.3907 0.3167 
        H162 11 0.2400 0.4024 0.3576 
        H167 11 0.2789 0.3206 0.4005 
        H168 11 0.3000 0.3248 0.3752 
     H169586 11 0.3869 0.4159 0.1972 
     H169738 11 0.2321 0.2866 0.4813 
     H169741 11 0.4401 0.2917 0.2682 
     H171801 11 0.2543 0.4115 0.3341 
     H171810 11 0.4638 0.2851 0.2511 
     H171811 11 0.4776 0.3036 0.2189 
     H171812 11 0.3653 0.2487 0.3860 
     H171820 11 0.4766 0.2597 0.2637 
     H171821 11 0.2787 0.3186 0.4027 
     H171822 11 0.3044 0.3309 0.3647 
     H171823 11 0.4523 0.3420 0.2057 
     H171866 11 0.2492 0.3851 0.3658 
     H171867 11 0.2407 0.2829 0.4764 
     H171967 11 0.4270 0.2311 0.3420 
     H171969 11 0.3218 0.3167 0.3614 
        H172 11 0.3022 0.3096 0.3882 
        H173 11 0.2938 0.2586 0.4476 
        H174 11 0.2296 0.4597 0.3106 
        H196 11 0.2384 0.3329 0.4287 
        H197 11 0.2629 0.3054 0.4317 
        H346 11 0.3651 0.2616 0.3733 
        H355 11 0.3572 0.3039 0.3390 
        H356 11 0.3879 0.2965 0.3156 
        H357 11 0.4062 0.2580 0.3358 
        H358 11 0.3339 0.2553 0.4107 
        H359 11 0.3471 0.3533 0.2996 
        H360 11 0.3435 0.2803 0.3762 
        H361 11 0.3024 0.3013 0.3963 
        H362 11 0.2071 0.3775 0.4154 
        H363 11 0.4624 0.2399 0.2976 
        H364 11 0.3473 0.3562 0.2966 
        H365 11 0.2743 0.3252 0.4005 
        H366 11 0.2382 0.3444 0.4174 
        H367 11 0.4964 0.2582 0.2454 
        H368 11 0.2651 0.4503 0.2845 
        H369 11 0.4870 0.2119 0.3012 
        H370 11 0.2620 0.3596 0.3785 
        H371 11 0.3237 0.3369 0.3394 
        H372 11 0.2940 0.3446 0.3614 
        H373 11 0.3586 0.3015 0.3400 
        H374 11 0.3970 0.2775 0.3255 
        H375 11 0.3693 0.2635 0.3672 
        H376 11 0.2638 0.3763 0.3599 
        H377 11 0.3698 0.2813 0.3489 
        H378 11 0.3865 0.3314 0.2821 
        H379 11 0.3170 0.3510 0.3321 
        H380 11 0.2287 0.2988 0.4725 
        H381 11 0.4630 0.3054 0.2316 
        H382 11 0.1901 0.3923 0.4176 
        H383 11 0.2317 0.3662 0.4022 
        H384 11 0.4293 0.2966 0.2740 
        H385 11 0.4092 0.2827 0.3081 
        H386 11 0.2811 0.2641 0.4547 
        H387 11 0.3315 0.4485 0.2200 
        H388 11 0.2059 0.3438 0.4503 
        H389 11 0.3250 0.2515 0.4234 
        H390 11 0.2853 0.3454 0.3692 
        H391 11 0.2826 0.4366 0.2807 
        H392 11 0.4574 0.2508 0.2918 
        H393 11 0.2462 0.4020 0.3517 
        H394 11 0.2503 0.4791 0.2706 
        H395 11 0.4362 0.2444 0.3194 
        H408 11 0.3312 0.2665 0.4022 
        H412 11 0.4943 0.3412 0.1645 
        H417 11 0.3880 0.2887 0.3234 
        H418 11 0.3749 0.3745 0.2506 
        H429 11 0.2959 0.3119 0.3923 
        H430 11 0.2394 0.3143 0.4464 
        H439 11 0.3578 0.2806 0.3616 
        H440 11 0.4923 0.2576 0.2502 
        H441 11 0.2757 0.3401 0.3842 
        H442 11 0.2634 0.3653 0.3712 
        H446 11 0.3116 0.3755 0.3129 
        H447 11 0.2442 0.3155 0.4403 
        H448 11 0.2702 0.2930 0.4368 
        H534 11 0.5298 0.2612 0.2090 
        H537 11 0.4649 0.2917 0.2434 
        H568 11 0.5414 0.2239 0.2346 
        H569 11 0.1865 0.3475 0.4660 
        H586 11 0.3855 0.4243 0.1903 
        H587 11 0.5257 0.2256 0.2487 
        H588 11 0.2348 0.4708 0.2944 
        H589 11 0.5054 0.2452 0.2494 
        H590 11 0.4343 0.2812 0.2845 
        H601 11 0.2135 0.3716 0.4149 
        H602 11 0.3932 0.2949 0.3119 
        H603 11 0.2488 0.2756 0.4757 
        H610 11 0.3666 0.3024 0.3309 
        H611 11 0.4232 0.3085 0.2682 
        H649 11 0.3357 0.3263 0.3380 
        H650 11 0.2622 0.4376 0.3002 
        H651 11 0.2921 0.2564 0.4516 
        H652 11 0.3443 0.3774 0.2784 
       H7364 11 0.2824 0.3397 0.3779 
       H7366 11 0.3363 0.2568 0.4069 
       H7378 11 0.1632 0.5717 0.2651 
       H7379 11 0.3287 0.2996 0.3716 
        H739 11 0.4265 0.2951 0.2783 
        H740 11 0.2766 0.4135 0.3099 
        H741 11 0.4481 0.2838 0.2681 
        H926 11 0.2905 0.3905 0.3189 
        H927 11 0.2510 0.3383 0.4108 
        H928 11 0.3283 0.3642 0.3075 
       H9560 11 0.3169 0.3977 0.2854 
        H409 12 0.2286 0.3015 0.4699 
        H413 12 0.2228 0.5243 0.2529 
        H419 12 0.2850 0.2894 0.4256 
        H420 12 0.3770 0.2905 0.3326 
        H421 12 0.2060 0.4170 0.3771 
        H435 12 0.2433 0.4081 0.3485 
        H436 12 0.3260 0.2638 0.4103 
        H437 12 0.4518 0.3064 0.2418 
        H445 12 0.2488 0.2918 0.4594 
        H449 12 0.2827 0.4103 0.3070 
        H463 12 0.4225 0.2996 0.2779 
        H464 12 0.2284 0.4548 0.3168 
        H465 12 0.3335 0.4448 0.2216 
        H490 12 0.2417 0.4427 0.3157 
        H561 12 0.3251 0.3203 0.3545 
        H562 12 0.3189 0.2495 0.4316 
        H563 12 0.3585 0.2483 0.3932 
        H570 12 0.4168 0.2332 0.3500 
        H571 12 0.3382 0.4056 0.2561 
        H572 12 0.3793 0.3049 0.3159 
        H573 12 0.2442 0.3022 0.4536 
       H7372 12 0.1858 0.3498 0.4644 
       H7373 12 0.2353 0.5158 0.2489 
       H7374 12 0.4104 0.2761 0.3136 
       H7375 12 0.3848 0.2823 0.3329 
       H7376 12 0.2074 0.2624 0.5302 
       H7377 12 0.4265 0.2749 0.2986 
