        H102  1 0.2168 0.2739 0.1655 0.1883 0.1556 
        H103  1 0.1406 0.2249 0.2367 0.1624 0.2354 
        H104  1 0.2441 0.1872 0.1578 0.2108 0.2002 
        H105  1 0.2256 0.2314 0.1702 0.1922 0.1807 
        H106  1 0.1908 0.1904 0.1826 0.2023 0.2340 
        H112  1 0.2052 0.2107 0.1686 0.2248 0.1907 
        H113  1 0.2262 0.2186 0.1641 0.1632 0.2279 
        H114  1 0.2224 0.2351 0.1612 0.1427 0.2386 
        H115  1 0.2231 0.2484 0.1481 0.1960 0.1844 
        H143  1 0.2197 0.2550 0.2005 0.1584 0.1663 
        H144  1 0.2260 0.2043 0.2697 0.1348 0.1653 
        H145  1 0.1504 0.2463 0.2443 0.1408 0.2183 
        H149  1 0.2633 0.1773 0.1581 0.2407 0.1606 
        H150  1 0.2176 0.2000 0.2213 0.1792 0.1819 
     H167542  1 0.2388 0.2243 0.1662 0.1630 0.2077 
     H169604  1 0.2427 0.2326 0.1727 0.1646 0.1874 
     H169607  1 0.2106 0.2219 0.2236 0.1597 0.1841 
     H169608  1 0.1900 0.2209 0.1698 0.2577 0.1615 
     H169633  1 0.1863 0.2144 0.1969 0.1560 0.2463 
     H169688  1 0.1507 0.1923 0.2535 0.2129 0.1905 
     H169714  1 0.2093 0.1966 0.1819 0.2232 0.1889 
     H171802  1 0.1943 0.1663 0.1783 0.2497 0.2113 
     H171805  1 0.1681 0.2272 0.1978 0.1921 0.2148 
     H171807  1 0.2690 0.1793 0.1868 0.2089 0.1560 
     H171814  1 0.1521 0.1868 0.2836 0.1485 0.2289 
     H171816  1 0.2165 0.1923 0.1877 0.2272 0.1764 
     H171817  1 0.2492 0.1974 0.1694 0.1994 0.1846 
     H171818  1 0.2029 0.1954 0.1753 0.1902 0.2362 
     H171819  1 0.2120 0.2082 0.1801 0.2034 0.1962 
     H171834  1 0.2222 0.2348 0.1832 0.1866 0.1732 
     H171835  1 0.2516 0.1619 0.1648 0.2397 0.1819 
     H171836  1 0.1612 0.2230 0.1961 0.1388 0.2809 
     H171837  1 0.2122 0.2031 0.1730 0.2031 0.2086 
     H171838  1 0.1865 0.2066 0.1994 0.1692 0.2383 
     H171839  1 0.2251 0.2039 0.1643 0.2113 0.1954 
     H171841  1 0.1795 0.1634 0.1877 0.3246 0.1448 
     H171860  1 0.2210 0.2270 0.1730 0.1820 0.1970 
     H171861  1 0.2025 0.2475 0.1941 0.1234 0.2325 
     H171862  1 0.2285 0.2189 0.1939 0.1679 0.1908 
     H171868  1 0.2642 0.2493 0.1566 0.1535 0.1764 
     H171869  1 0.1440 0.1867 0.2609 0.1877 0.2207 
     H171870  1 0.1701 0.1933 0.2234 0.2210 0.1922 
     H171871  1 0.1451 0.2122 0.2202 0.1726 0.2498 
     H171872  1 0.2358 0.2196 0.1694 0.1878 0.1873 
     H171873  1 0.1846 0.1745 0.2404 0.2211 0.1794 
     H171874  1 0.2090 0.2486 0.2112 0.1836 0.1477 
     H171875  1 0.2093 0.2537 0.2118 0.1416 0.1835 
     H171876  1 0.2324 0.2376 0.1906 0.1510 0.1884 
     H171877  1 0.2170 0.2258 0.1525 0.1664 0.2383 
     H171878  1 0.1705 0.1662 0.2112 0.2789 0.1732 
     H171901  1 0.1615 0.1729 0.1838 0.2725 0.2093 
     H171902  1 0.2128 0.1942 0.2383 0.1938 0.1609 
     H171903  1 0.1933 0.2410 0.1787 0.1978 0.1891 
     H171935  1 0.2014 0.1712 0.1931 0.2305 0.2039 
     H171936  1 0.1832 0.2065 0.1904 0.1765 0.2434 
     H171940  1 0.2575 0.1835 0.1889 0.2134 0.1566 
     H171945  1 0.1683 0.1882 0.2434 0.2154 0.1847 
     H171948  1 0.2338 0.2029 0.1625 0.2142 0.1867 
     H171949  1 0.2754 0.1481 0.1654 0.2571 0.1540 
     H171950  1 0.2184 0.1808 0.1711 0.2637 0.1660 
     H171963  1 0.1439 0.2036 0.2300 0.1841 0.2385 
     H171964  1 0.2125 0.1743 0.3236 0.1511 0.1384 
     H171966  1 0.2208 0.1915 0.1872 0.1940 0.2065 
     H171968  1 0.2245 0.2080 0.2226 0.2003 0.1446 
     H171971  1 0.1659 0.1892 0.2073 0.2195 0.2182 
     H171972  1 0.1754 0.2327 0.2422 0.1560 0.1937 
     H171977  1 0.1817 0.1877 0.2708 0.1488 0.2109 
     H171978  1 0.1762 0.1961 0.2105 0.2466 0.1705 
     H171979  1 0.1859 0.2197 0.2065 0.1530 0.2350 
        H176  1 0.2089 0.2158 0.1991 0.1787 0.1975 
        H177  1 0.1756 0.1947 0.1599 0.2816 0.1882 
        H179  1 0.2540 0.1763 0.1517 0.2388 0.1792 
        H181  1 0.2089 0.1999 0.2254 0.1513 0.2145 
        H182  1 0.1819 0.2569 0.1979 0.1335 0.2298 
        H183  1 0.1823 0.1698 0.2812 0.1758 0.1910 
        H184  1 0.2071 0.2083 0.1674 0.2366 0.1806 
        H185  1 0.1937 0.2005 0.2043 0.1598 0.2417 
        H186  1 0.2071 0.2032 0.2471 0.2118 0.1308 
        H187  1 0.1404 0.1923 0.1896 0.2544 0.2233 
        H188  1 0.2741 0.1783 0.1597 0.1922 0.1958 
        H192  1 0.2200 0.1755 0.1662 0.2663 0.1719 
        H193  1 0.1632 0.2413 0.2266 0.1363 0.2326 
        H194  1 0.2256 0.2087 0.1722 0.1992 0.1944 
        H195  1 0.1406 0.1975 0.2820 0.2120 0.1679 
        H199  1 0.1670 0.1866 0.2855 0.1713 0.1896 
        H200  1 0.1986 0.1878 0.1911 0.2386 0.1839 
        H414  1 0.1587 0.2168 0.2180 0.1777 0.2288 
        H415  1 0.1910 0.2300 0.1917 0.1647 0.2226 
        H422  1 0.1942 0.2142 0.2314 0.1937 0.1666 
        H423  1 0.2358 0.1503 0.1580 0.3045 0.1513 
        H424  1 0.1780 0.1961 0.2504 0.1510 0.2245 
        H425  1 0.1733 0.1803 0.3035 0.1650 0.1780 
        H426  1 0.1693 0.1817 0.3023 0.1683 0.1784 
        H443  1 0.2115 0.2057 0.2972 0.1423 0.1434 
        H466  1 0.2126 0.1962 0.1958 0.1936 0.2019 
        H467  1 0.2481 0.1589 0.1770 0.2669 0.1491 
        H472  1 0.2251 0.1693 0.2063 0.2021 0.1971 
        H483  1 0.2699 0.2069 0.2092 0.1456 0.1683 
        H504  1 0.1679 0.1848 0.2959 0.1551 0.1963 
        H505  1 0.2087 0.1765 0.1827 0.2319 0.2002 
        H506  1 0.1883 0.2038 0.2311 0.1951 0.1818 
        H507  1 0.1572 0.2183 0.2108 0.1503 0.2634 
        H508  1 0.1779 0.1890 0.1947 0.2293 0.2091 
        H524  1 0.1665 0.2001 0.2100 0.1774 0.2460 
        H525  1 0.1971 0.2219 0.2345 0.1613 0.1852 
        H526  1 0.2183 0.2366 0.1843 0.1610 0.1998 
        H527  1 0.1666 0.2071 0.1763 0.2726 0.1774 
        H528  1 0.2043 0.2234 0.2344 0.1447 0.1931 
        H529  1 0.1716 0.2158 0.2287 0.1322 0.2517 
        H533  1 0.1534 0.2247 0.1762 0.1263 0.3194 
        H538  1 0.2423 0.1959 0.1839 0.1920 0.1858 
        H539  1 0.1382 0.2115 0.2079 0.2256 0.2168 
        H540  1 0.1906 0.2182 0.1831 0.2017 0.2065 
        H541  1 0.2320 0.2177 0.1726 0.1709 0.2068 
        H558  1 0.1417 0.2011 0.2437 0.2189 0.1946 
        H559  1 0.2405 0.2315 0.2058 0.1761 0.1461 
        H579  1 0.1846 0.2360 0.2351 0.1617 0.1825 
        H584  1 0.1779 0.1973 0.2578 0.1741 0.1929 
        H585  1 0.1800 0.1955 0.2133 0.1838 0.2273 
        H605  1 0.1882 0.2120 0.1909 0.2072 0.2017 
        H606  1 0.2167 0.1984 0.1719 0.2642 0.1488 
        H632  1 0.1919 0.2027 0.2866 0.1475 0.1712 
        H634  1 0.1749 0.2149 0.2161 0.2028 0.1913 
        H671  1 0.2442 0.1655 0.1696 0.2575 0.1633 
        H672  1 0.1722 0.1908 0.2144 0.1994 0.2232 
        H673  1 0.2295 0.2028 0.2398 0.1736 0.1542 
        H689  1 0.2256 0.2155 0.2363 0.1563 0.1663 
        H690  1 0.1904 0.2477 0.1529 0.1983 0.2107 
        H691  1 0.2249 0.2328 0.1748 0.1802 0.1872 
        H692  1 0.1881 0.2118 0.2495 0.1198 0.2308 
        H709  1 0.1751 0.2329 0.1923 0.1639 0.2358 
        H710  1 0.2047 0.2280 0.2474 0.1270 0.1930 
       H7355  1 0.2193 0.2489 0.1627 0.1325 0.2366 
       H7356  1 0.1869 0.2026 0.2276 0.2003 0.1825 
       H7357  1 0.2334 0.2087 0.1693 0.1778 0.2108 
       H7358  1 0.1907 0.1962 0.2136 0.1987 0.2009 
       H7380  1 0.2394 0.2404 0.1972 0.1551 0.1679 
       H7381  1 0.2036 0.1731 0.2281 0.2251 0.1701 
       H7382  1 0.2018 0.2358 0.2035 0.1785 0.1804 
        H904  1 0.2335 0.1804 0.1432 0.3166 0.1263 
        H923  1 0.1773 0.1879 0.2103 0.2378 0.1866 
        H924  1 0.2111 0.1863 0.2046 0.2162 0.1818 
        H925  1 0.1939 0.2014 0.1962 0.1817 0.2269 
       H9558  1 0.1312 0.2008 0.2661 0.2092 0.1927 
        H008  2 0.1936 0.2286 0.1830 0.1386 0.2563 
        H021  2 0.2559 0.1764 0.1724 0.2115 0.1838 
        H023  2 0.2241 0.2000 0.1647 0.2078 0.2034 
        H024  2 0.1501 0.1880 0.2587 0.1386 0.2645 
        H025  2 0.1933 0.1721 0.2128 0.2688 0.1530 
        H026  2 0.1882 0.1790 0.2886 0.1465 0.1978 
        H027  2 0.2090 0.2018 0.1842 0.1856 0.2195 
        H028  2 0.2061 0.2019 0.2296 0.1680 0.1945 
        H029  2 0.1894 0.1862 0.2205 0.1709 0.2330 
        H030  2 0.1600 0.2085 0.2591 0.1431 0.2294 
        H038  2 0.1923 0.1751 0.1745 0.2576 0.2006 
        H039  2 0.2192 0.1371 0.1412 0.3711 0.1314 
        H040  2 0.1905 0.1820 0.1884 0.2164 0.2228 
        H041  2 0.2387 0.2055 0.1678 0.1680 0.2200 
        H042  2 0.2157 0.1956 0.1812 0.2070 0.2004 
        H043  2 0.1472 0.1761 0.1851 0.3197 0.1718 
        H044  2 0.1461 0.2139 0.1984 0.1828 0.2588 
        H047  2 0.2001 0.1749 0.2218 0.2343 0.1689 
        H050  2 0.1563 0.2058 0.2329 0.1529 0.2521 
        H058  2 0.1666 0.1786 0.1913 0.2293 0.2342 
        H062  2 0.2388 0.1780 0.1788 0.2258 0.1787 
        H063  2 0.1922 0.1747 0.1633 0.2741 0.1956 
        H065  2 0.1859 0.1671 0.2890 0.1946 0.1634 
        H066  2 0.1730 0.1881 0.2135 0.1924 0.2330 
        H067  2 0.2717 0.2166 0.1832 0.1466 0.1818 
        H068  2 0.2115 0.1637 0.1887 0.2414 0.1948 
        H069  2 0.1394 0.1737 0.2337 0.2390 0.2142 
        H071  2 0.2116 0.2045 0.1712 0.2245 0.1883 
        H072  2 0.2105 0.1700 0.1576 0.2901 0.1717 
        H073  2 0.1958 0.2069 0.2299 0.1628 0.2047 
        H081  2 0.2361 0.2371 0.1510 0.1749 0.2009 
        H082  2 0.1555 0.2062 0.2227 0.1568 0.2588 
        H083  2 0.1633 0.2176 0.2498 0.1672 0.2021 
        H084  2 0.1838 0.1753 0.1670 0.2091 0.2648 
        H085  2 0.2220 0.2347 0.1666 0.1684 0.2083 
        H087  2 0.3145 0.2250 0.1471 0.1516 0.1619 
        H088  2 0.1967 0.2047 0.1580 0.2495 0.1911 
        H089  2 0.1913 0.2154 0.1928 0.1866 0.2140 
        H090  2 0.1899 0.1939 0.2295 0.1529 0.2338 
        H091  2 0.1811 0.2257 0.2064 0.1346 0.2523 
        H098  2 0.1819 0.1948 0.1715 0.1614 0.2904 
      H10001  2 0.2140 0.1441 0.1404 0.3704 0.1311 
      H10002  2 0.1917 0.2425 0.1496 0.2450 0.1712 
        H101  2 0.1605 0.1841 0.2079 0.1567 0.2907 
        H108  2 0.2933 0.1992 0.1630 0.2039 0.1406 
        H109  2 0.1626 0.1821 0.1879 0.2226 0.2449 
        H110  2 0.2488 0.2760 0.1523 0.1391 0.1838 
        H116  2 0.1673 0.2199 0.2356 0.1720 0.2052 
        H117  2 0.2300 0.2055 0.1630 0.1414 0.2601 
        H118  2 0.1829 0.2057 0.2795 0.1219 0.2100 
        H119  2 0.2447 0.2054 0.1847 0.1956 0.1696 
        H120  2 0.2350 0.1794 0.1426 0.3038 0.1392 
        H121  2 0.1896 0.2008 0.2267 0.1523 0.2305 
        H125  2 0.2485 0.1372 0.1297 0.3545 0.1301 
        H126  2 0.1673 0.1896 0.2746 0.1912 0.1774 
        H128  2 0.1333 0.1870 0.3244 0.1093 0.2460 
        H129  2 0.1853 0.1922 0.2918 0.1358 0.1949 
        H130  2 0.1773 0.1818 0.2181 0.2681 0.1547 
        H133  2 0.1993 0.1609 0.1878 0.3033 0.1486 
        H134  2 0.1556 0.1605 0.3820 0.1419 0.1600 
        H135  2 0.2177 0.2276 0.1729 0.2011 0.1806 
        H137  2 0.2155 0.1842 0.1828 0.1728 0.2447 
        H138  2 0.1583 0.2195 0.2726 0.1677 0.1820 
        H140  2 0.2153 0.2030 0.2172 0.1888 0.1756 
        H146  2 0.1678 0.2052 0.2562 0.1598 0.2110 
        H147  2 0.2069 0.2348 0.1699 0.1587 0.2298 
        H148  2 0.2311 0.2256 0.1625 0.1493 0.2315 
     H166022  2 0.1885 0.2282 0.1739 0.1503 0.2592 
     H167359  2 0.1609 0.2138 0.2078 0.2060 0.2115 
     H167397  2 0.1504 0.2081 0.2015 0.1141 0.3259 
     H167428  2 0.2258 0.2215 0.2373 0.1163 0.1992 
     H167496  2 0.2423 0.1711 0.1465 0.2583 0.1817 
     H167513  2 0.1586 0.1773 0.1672 0.2138 0.2830 
     H167545  2 0.1599 0.2152 0.2429 0.1545 0.2274 
     H167547  2 0.1400 0.1904 0.2458 0.1609 0.2629 
     H169621  2 0.1992 0.2168 0.2146 0.1443 0.2251 
     H169622  2 0.1649 0.2347 0.2226 0.1861 0.1917 
     H169750  2 0.1950 0.1723 0.2178 0.2323 0.1826 
     H171806  2 0.2042 0.1713 0.2134 0.2056 0.2054 
     H171808  2 0.1805 0.1870 0.2163 0.1957 0.2204 
     H171809  2 0.2357 0.2122 0.1775 0.1949 0.1798 
     H171813  2 0.1826 0.2058 0.2234 0.1945 0.1937 
     H171815  2 0.1641 0.1578 0.1916 0.3353 0.1512 
     H171824  2 0.2865 0.2086 0.1438 0.2101 0.1510 
     H171825  2 0.1907 0.2239 0.2192 0.1793 0.1869 
     H171826  2 0.2502 0.1983 0.1672 0.2045 0.1797 
     H171827  2 0.1844 0.2473 0.1882 0.1832 0.1970 
     H171828  2 0.2621 0.1644 0.1313 0.2906 0.1515 
     H171829  2 0.1706 0.1852 0.2418 0.2040 0.1985 
     H171830  2 0.1603 0.1976 0.1734 0.2018 0.2670 
     H171831  2 0.1748 0.1961 0.2621 0.1464 0.2206 
     H171832  2 0.1748 0.2100 0.2384 0.1864 0.1904 
     H171863  2 0.1328 0.1924 0.2871 0.1672 0.2206 
     H171864  2 0.1990 0.1868 0.1736 0.1711 0.2695 
     H171865  2 0.1840 0.1544 0.1813 0.2948 0.1854 
     H171879  2 0.1644 0.2108 0.2173 0.1941 0.2133 
     H171880  2 0.1736 0.1922 0.1761 0.1659 0.2922 
     H171881  2 0.2560 0.1995 0.1918 0.1530 0.1997 
     H171882  2 0.2019 0.1643 0.1541 0.3288 0.1509 
     H171929  2 0.2008 0.2067 0.1875 0.1850 0.2200 
     H171930  2 0.1400 0.2004 0.2307 0.1488 0.2802 
     H171933  2 0.1994 0.2064 0.1936 0.1849 0.2157 
     H171934  2 0.2162 0.2282 0.1732 0.1727 0.2098 
     H171937  2 0.1424 0.2007 0.2839 0.1731 0.1999 
     H171962  2 0.2099 0.2134 0.2036 0.1718 0.2012 
        H190  2 0.1965 0.2148 0.1965 0.1763 0.2159 
        H191  2 0.2014 0.1794 0.2247 0.1901 0.2044 
        H396  2 0.2457 0.1815 0.1879 0.1779 0.2070 
        H397  2 0.1827 0.2175 0.2034 0.1733 0.2230 
        H398  2 0.1836 0.1718 0.2459 0.2170 0.1817 
        H400  2 0.1670 0.2041 0.1946 0.1933 0.2411 
        H401  2 0.1416 0.2033 0.2351 0.1218 0.2983 
        H402  2 0.1927 0.2247 0.1754 0.1585 0.2487 
        H427  2 0.2464 0.2147 0.1731 0.1709 0.1949 
        H428  2 0.2289 0.2218 0.2353 0.1174 0.1966 
        H497  2 0.1481 0.1887 0.1752 0.2618 0.2263 
        H512  2 0.1776 0.2229 0.1833 0.1820 0.2342 
        H513  2 0.1604 0.1800 0.1681 0.2086 0.2828 
        H514  2 0.1487 0.2143 0.2292 0.2228 0.1850 
        H519  2 0.1694 0.1809 0.1656 0.2034 0.2807 
        H532  2 0.2005 0.2137 0.1858 0.1698 0.2302 
        H543  2 0.1736 0.2396 0.1807 0.1547 0.2514 
        H544  2 0.1484 0.1695 0.2837 0.2379 0.1606 
        H545  2 0.1549 0.2122 0.2617 0.1468 0.2244 
        H546  2 0.2112 0.1625 0.2004 0.2601 0.1657 
        H547  2 0.1421 0.1857 0.2470 0.1591 0.2660 
        H548  2 0.1683 0.2271 0.1749 0.2017 0.2280 
        H549  2 0.1233 0.1741 0.2072 0.2326 0.2628 
        H620  2 0.2077 0.1651 0.1464 0.3325 0.1482 
        H623  2 0.1850 0.1894 0.2439 0.1658 0.2159 
        H624  2 0.1304 0.1788 0.2282 0.3064 0.1562 
        H625  2 0.2011 0.1917 0.1891 0.1702 0.2479 
        H626  2 0.1632 0.1904 0.1843 0.2092 0.2529 
        H654  2 0.1820 0.1406 0.1525 0.3833 0.1416 
        H655  2 0.1681 0.2177 0.1848 0.2378 0.1915 
        H656  2 0.2245 0.1656 0.1640 0.3018 0.1441 
        H666  2 0.2209 0.1425 0.1831 0.3074 0.1461 
        H667  2 0.2101 0.2610 0.1777 0.1672 0.1839 
        H677  2 0.1790 0.2347 0.1974 0.1856 0.2032 
        H693  2 0.2904 0.1792 0.1446 0.2334 0.1524 
        H694  2 0.1926 0.1882 0.2273 0.1595 0.2324 
        H701  2 0.1651 0.2246 0.1853 0.1694 0.2555 
        H702  2 0.2125 0.2097 0.1700 0.1926 0.2152 
        H731  2 0.2354 0.2117 0.1746 0.2204 0.1580 
       H7359  2 0.1624 0.2111 0.2000 0.2108 0.2157 
       H7389  2 0.1687 0.1834 0.2113 0.1903 0.2463 
       H7390  2 0.2221 0.1689 0.1593 0.2761 0.1736 
       H7391  2 0.2676 0.2385 0.1467 0.1468 0.2005 
       H7392  2 0.2127 0.1820 0.2335 0.1921 0.1797 
       H7393  2 0.1828 0.1947 0.1670 0.2447 0.2108 
       H7398  2 0.2462 0.2075 0.1653 0.1644 0.2167 
       H7399  2 0.2045 0.2570 0.2056 0.1449 0.1880 
       H7400  2 0.1903 0.1441 0.1566 0.3730 0.1360 
        H745  2 0.1634 0.1761 0.3049 0.1463 0.2093 
        H746  2 0.1762 0.2565 0.2115 0.1551 0.2008 
        H747  2 0.1991 0.1661 0.1717 0.2358 0.2274 
        H748  2 0.1646 0.2143 0.1907 0.2130 0.2174 
       H7484  2 0.2413 0.1544 0.1718 0.2603 0.1723 
       H7485  2 0.1488 0.1976 0.2036 0.2137 0.2362 
        H749  2 0.1437 0.2228 0.2127 0.2000 0.2208 
        H930  2 0.1468 0.1996 0.2134 0.1533 0.2870 
        H931  2 0.2005 0.2063 0.2096 0.1868 0.1967 
        H932  2 0.2023 0.1926 0.2078 0.1975 0.1997 
        H111  3 0.1611 0.2090 0.2360 0.1489 0.2451 
        H951  3 0.1647 0.2121 0.2158 0.1594 0.2480 
        H952  3 0.1837 0.1904 0.2440 0.1861 0.1959 
        H953  3 0.2156 0.1907 0.2058 0.1521 0.2358 
        H954  3 0.1729 0.1832 0.1630 0.2911 0.1898 
        H955  3 0.1409 0.2150 0.2238 0.1685 0.2519 
        H956  3 0.2107 0.1991 0.1866 0.1783 0.2254 
       H9563  3 0.2435 0.1855 0.1581 0.1922 0.2207 
        H002  4 0.1739 0.1941 0.2157 0.2658 0.1505 
        H003  4 0.2018 0.2757 0.2055 0.1432 0.1737 
        H009  4 0.1530 0.2004 0.2684 0.1754 0.2028 
        H010  4 0.2286 0.2148 0.2008 0.1684 0.1874 
        H011  4 0.2827 0.1638 0.1492 0.2521 0.1522 
        H012  4 0.2084 0.2511 0.1637 0.1656 0.2113 
        H013  4 0.2200 0.2321 0.1622 0.2093 0.1763 
        H014  4 0.2504 0.2002 0.1939 0.1815 0.1739 
        H045  4 0.2463 0.1807 0.1607 0.1884 0.2241 
        H046  4 0.2012 0.2260 0.2471 0.1480 0.1777 
        H051  4 0.2316 0.2018 0.1614 0.2152 0.1900 
        H052  4 0.1888 0.1642 0.2497 0.2300 0.1674 
        H053  4 0.2299 0.1966 0.1814 0.2105 0.1816 
        H056  4 0.1887 0.1682 0.1922 0.2705 0.1804 
        H076  4 0.2162 0.2128 0.2475 0.1433 0.1802 
        H151  4 0.2075 0.1730 0.1810 0.2959 0.1427 
        H152  4 0.1802 0.1920 0.2403 0.2489 0.1386 
     H171803  4 0.1997 0.2012 0.1575 0.2385 0.2031 
     H171804  4 0.2157 0.1811 0.1671 0.2179 0.2183 
     H171833  4 0.1588 0.1998 0.2851 0.1780 0.1783 
     H171855  4 0.2183 0.1520 0.1848 0.2936 0.1513 
     H171856  4 0.1779 0.1829 0.1897 0.1974 0.2521 
     H171857  4 0.2353 0.1575 0.1883 0.2307 0.1882 
     H171858  4 0.1935 0.2144 0.2361 0.1894 0.1665 
     H171859  4 0.2056 0.2055 0.2143 0.2016 0.1730 
     H171961  4 0.2298 0.1825 0.1725 0.2308 0.1845 
        H198  4 0.2066 0.2547 0.2129 0.1387 0.1871 
      H20001  4 0.1525 0.1965 0.2482 0.1789 0.2239 
        H403  4 0.1997 0.1723 0.2119 0.2241 0.1920 
        H404  4 0.1939 0.2586 0.1981 0.1554 0.1939 
        H405  4 0.1845 0.2273 0.2110 0.1599 0.2173 
        H406  4 0.1487 0.1517 0.2826 0.1964 0.2206 
        H407  4 0.2155 0.1774 0.1884 0.1869 0.2318 
        H410  4 0.1940 0.1904 0.2265 0.1409 0.2482 
        H411  4 0.1610 0.2138 0.2306 0.1635 0.2310 
        H468  4 0.1550 0.1777 0.2360 0.1948 0.2365 
        H476  4 0.1530 0.1938 0.1984 0.2394 0.2154 
        H477  4 0.1489 0.1923 0.3033 0.1572 0.1984 
        H478  4 0.1773 0.2576 0.1741 0.1885 0.2025 
        H479  4 0.2159 0.1958 0.1879 0.2112 0.1891 
        H480  4 0.1398 0.2241 0.2186 0.1585 0.2590 
        H498  4 0.2127 0.2269 0.2044 0.1881 0.1680 
        H499  4 0.1811 0.2174 0.1963 0.2093 0.1959 
        H500  4 0.1737 0.1988 0.1502 0.2876 0.1897 
        H515  4 0.2055 0.1923 0.1656 0.2349 0.2018 
        H516  4 0.1794 0.2038 0.2175 0.2065 0.1927 
        H517  4 0.1943 0.2078 0.2009 0.1838 0.2132 
        H518  4 0.1953 0.1656 0.2316 0.2229 0.1846 
        H520  4 0.2027 0.1762 0.2009 0.2354 0.1847 
        H521  4 0.2402 0.1966 0.1918 0.1578 0.2135 
        H522  4 0.1803 0.1970 0.1829 0.2102 0.2296 
        H523  4 0.1908 0.2156 0.1811 0.2071 0.2054 
        H536  4 0.2000 0.2070 0.2284 0.1749 0.1897 
        H645  4 0.2471 0.2166 0.1602 0.1839 0.1923 
        H646  4 0.1599 0.1966 0.2431 0.1490 0.2515 
        H647  4 0.1668 0.1849 0.2322 0.2132 0.2030 
        H657  4 0.1685 0.2205 0.2248 0.1624 0.2239 
        H658  4 0.1870 0.1985 0.1817 0.1979 0.2349 
        H659  4 0.1847 0.1662 0.1508 0.3395 0.1589 
        H660  4 0.1693 0.1939 0.1809 0.2470 0.2089 
        H661  4 0.2060 0.1681 0.1900 0.2721 0.1638 
        H668  4 0.2344 0.2630 0.1750 0.1473 0.1802 
        H669  4 0.2242 0.1970 0.1789 0.2054 0.1945 
        H670  4 0.2721 0.2618 0.1439 0.1765 0.1456 
        H678  4 0.1752 0.1935 0.1753 0.2010 0.2550 
        H679  4 0.1480 0.2061 0.1953 0.1771 0.2734 
        H680  4 0.2040 0.1818 0.2285 0.1859 0.1998 
        H681  4 0.1898 0.2393 0.1673 0.2353 0.1681 
        H682  4 0.1926 0.2230 0.1559 0.1620 0.2665 
        H683  4 0.1672 0.1605 0.2322 0.2629 0.1772 
        H718  4 0.2166 0.1561 0.1934 0.2695 0.1644 
        H719  4 0.2876 0.1717 0.1577 0.1794 0.2035 
        H720  4 0.2072 0.1804 0.2143 0.2106 0.1875 
        H721  4 0.1955 0.1760 0.2270 0.2054 0.1962 
        H722  4 0.1558 0.1592 0.2662 0.2570 0.1619 
        H723  4 0.2085 0.1867 0.1535 0.2680 0.1832 
        H724  4 0.2687 0.1359 0.1455 0.2876 0.1622 
        H725  4 0.2371 0.1489 0.1798 0.2783 0.1559 
        H726  4 0.1940 0.1809 0.1782 0.2911 0.1559 
        H727  4 0.2798 0.1850 0.1570 0.2098 0.1683 
        H910  4 0.2323 0.1984 0.1582 0.1952 0.2159 
        H911  4 0.1902 0.1838 0.2291 0.1715 0.2253 
        H912  4 0.1722 0.1827 0.2125 0.2368 0.1958 
        H913  4 0.1979 0.1956 0.1836 0.2203 0.2026 
        H914  4 0.2237 0.2119 0.1455 0.2261 0.1928 
        H915  4 0.1748 0.1842 0.1892 0.2096 0.2422 
        H916  4 0.1483 0.1905 0.2098 0.1865 0.2649 
       H9572  4 0.2606 0.1698 0.1758 0.2026 0.1911 
        H015  5 0.2110 0.1820 0.2179 0.1610 0.2281 
        H016  5 0.1467 0.1949 0.3000 0.1754 0.1831 
        H017  5 0.1632 0.2112 0.2222 0.1971 0.2063 
        H019  5 0.2004 0.1980 0.2193 0.2027 0.1796 
        H020  5 0.1824 0.1874 0.2106 0.2247 0.1949 
        H032  5 0.1944 0.2010 0.2004 0.2070 0.1972 
        H033  5 0.2313 0.2396 0.1731 0.1489 0.2071 
        H034  5 0.2772 0.2010 0.1541 0.2125 0.1551 
        H035  5 0.1864 0.1903 0.1958 0.2050 0.2225 
        H036  5 0.2091 0.1734 0.2100 0.1493 0.2582 
        H037  5 0.2259 0.1911 0.1711 0.2165 0.1954 
        H048  5 0.2578 0.1591 0.1544 0.2449 0.1839 
        H049  5 0.1860 0.1839 0.2531 0.1952 0.1818 
        H054  5 0.2493 0.1821 0.2119 0.1833 0.1733 
        H055  5 0.2536 0.2119 0.1820 0.2189 0.1335 
        H057  5 0.1555 0.1893 0.2786 0.2176 0.1590 
        H060  5 0.1712 0.2250 0.2107 0.2305 0.1626 
        H061  5 0.2055 0.2266 0.1883 0.1800 0.1996 
        H064  5 0.2088 0.1947 0.2104 0.2225 0.1636 
        H070  5 0.2107 0.2378 0.1543 0.2107 0.1864 
        H077  5 0.2021 0.1742 0.1692 0.2893 0.1652 
        H078  5 0.1825 0.1759 0.2073 0.2465 0.1878 
        H079  5 0.1663 0.2315 0.1895 0.1573 0.2554 
        H097  5 0.1485 0.1884 0.2497 0.2423 0.1710 
        H107  5 0.3060 0.1664 0.1380 0.2589 0.1307 
        H122  5 0.1638 0.2079 0.2172 0.1958 0.2153 
        H123  5 0.1742 0.1891 0.2348 0.1653 0.2366 
        H124  5 0.1761 0.2069 0.2293 0.1801 0.2077 
        H131  5 0.2393 0.1990 0.2074 0.1462 0.2081 
        H132  5 0.2270 0.1917 0.1845 0.1945 0.2024 
        H141  5 0.2064 0.1982 0.1926 0.2127 0.1902 
        H142  5 0.1894 0.2542 0.2039 0.1497 0.2028 
        H157  5 0.2669 0.1822 0.1573 0.2224 0.1713 
        H158  5 0.1489 0.1870 0.2939 0.1601 0.2101 
        H159  5 0.1911 0.2056 0.2053 0.1642 0.2338 
        H160  5 0.1870 0.1967 0.2211 0.1984 0.1968 
        H163  5 0.2091 0.2091 0.1985 0.1540 0.2292 
        H164  5 0.1853 0.2418 0.1889 0.1969 0.1870 
        H165  5 0.2346 0.2445 0.1817 0.1516 0.1875 
        H166  5 0.2102 0.1898 0.2204 0.1703 0.2093 
        H169  5 0.2218 0.2410 0.1895 0.1779 0.1699 
     H169613  5 0.2005 0.2290 0.2064 0.1935 0.1706 
     H169653  5 0.2546 0.2091 0.2071 0.1509 0.1782 
     H169728  5 0.1699 0.2004 0.2148 0.1660 0.2489 
     H169742  5 0.2050 0.2214 0.1781 0.2038 0.1918 
        H170  5 0.1779 0.1771 0.2976 0.1758 0.1716 
        H171  5 0.1607 0.1809 0.2796 0.1877 0.1911 
     H171851  5 0.2243 0.1918 0.2192 0.1900 0.1747 
     H171852  5 0.1699 0.1749 0.2117 0.2817 0.1619 
     H171853  5 0.2639 0.1842 0.1595 0.1935 0.1989 
     H171854  5 0.1745 0.1967 0.1904 0.2208 0.2175 
     H171938  5 0.2237 0.2585 0.1525 0.1752 0.1901 
     H171939  5 0.1697 0.1809 0.2668 0.1869 0.1958 
     H171941  5 0.2668 0.1807 0.1564 0.2477 0.1483 
     H171965  5 0.2035 0.2625 0.2196 0.1498 0.1646 
     H171970  5 0.2988 0.1504 0.1496 0.2652 0.1360 
     H171973  5 0.1953 0.2282 0.1888 0.1666 0.2212 
     H171974  5 0.2470 0.2137 0.1654 0.1936 0.1803 
     H171975  5 0.3029 0.1651 0.1791 0.1871 0.1658 
     H171976  5 0.1582 0.1737 0.2770 0.2172 0.1739 
        H175  5 0.2346 0.1786 0.1708 0.2292 0.1868 
        H178  5 0.2230 0.1985 0.1928 0.2100 0.1757 
        H189  5 0.1903 0.2404 0.2329 0.1413 0.1950 
        H399  5 0.1689 0.1572 0.3035 0.1981 0.1723 
        H416  5 0.1859 0.1951 0.1806 0.2339 0.2045 
        H438  5 0.2433 0.1981 0.1580 0.1719 0.2288 
        H450  5 0.1772 0.2178 0.1785 0.2676 0.1588 
        H455  5 0.3012 0.1592 0.1476 0.2445 0.1475 
        H456  5 0.2075 0.2237 0.1677 0.2007 0.2004 
        H457  5 0.1857 0.1801 0.2199 0.2645 0.1498 
        H458  5 0.2300 0.2187 0.1621 0.2201 0.1692 
        H459  5 0.1809 0.2235 0.2099 0.1677 0.2180 
        H460  5 0.1500 0.2178 0.1819 0.2138 0.2365 
        H461  5 0.1688 0.1876 0.2645 0.1913 0.1878 
        H462  5 0.2030 0.2048 0.1931 0.1412 0.2580 
        H469  5 0.2022 0.2059 0.1849 0.1493 0.2578 
        H470  5 0.2145 0.2003 0.1692 0.2076 0.2084 
        H471  5 0.1342 0.2049 0.2755 0.1675 0.2179 
        H481  5 0.2335 0.1590 0.1593 0.2884 0.1598 
        H482  5 0.1837 0.1985 0.1902 0.2595 0.1681 
        H501  5 0.1841 0.2029 0.1773 0.2385 0.1972 
        H502  5 0.1712 0.2290 0.2312 0.1551 0.2136 
        H503  5 0.1954 0.2040 0.2311 0.1473 0.2222 
        H509  5 0.2999 0.1502 0.1465 0.2171 0.1863 
        H510  5 0.2219 0.2206 0.1950 0.1811 0.1815 
        H511  5 0.1908 0.2412 0.2119 0.1773 0.1787 
        H530  5 0.2251 0.1989 0.1718 0.2188 0.1855 
        H531  5 0.1700 0.1577 0.1892 0.2935 0.1897 
        H564  5 0.1760 0.1825 0.1958 0.2707 0.1750 
        H565  5 0.1920 0.1525 0.1805 0.3110 0.1640 
        H567  5 0.1616 0.1964 0.2460 0.1465 0.2495 
     H568???  5 0.1838 0.2046 0.2659 0.1553 0.1904 
        H608  5 0.1919 0.2224 0.1635 0.2572 0.1650 
        H609  5 0.2835 0.2064 0.1639 0.1691 0.1770 
        H612  5 0.2105 0.1867 0.1400 0.2801 0.1827 
        H614  5 0.1931 0.1557 0.1955 0.2959 0.1599 
        H615  5 0.1696 0.1811 0.2096 0.2584 0.1812 
        H616  5 0.2758 0.1705 0.1345 0.2739 0.1453 
        H617  5 0.1837 0.2215 0.1800 0.1606 0.2542 
        H618  5 0.2752 0.1530 0.1613 0.2349 0.1756 
        H619  5 0.2291 0.2565 0.1846 0.1752 0.1546 
        H635  5 0.2609 0.2054 0.1839 0.1761 0.1738 
        H636  5 0.2089 0.2913 0.1598 0.1472 0.1927 
        H637  5 0.1618 0.2005 0.1932 0.2509 0.1936 
        H644  5 0.1474 0.1835 0.3369 0.1331 0.1992 
        H711  5 0.1477 0.1918 0.2709 0.2220 0.1676 
        H712  5 0.2783 0.1887 0.1645 0.1950 0.1734 
       H7360  5 0.1880 0.1912 0.2243 0.2148 0.1817 
       H7361  5 0.2538 0.1778 0.1800 0.2261 0.1623 
       H7362  5 0.1729 0.1791 0.3068 0.1209 0.2204 
       H7363  5 0.2058 0.1745 0.2063 0.2202 0.1932 
       H7394  5 0.1802 0.2424 0.1881 0.1577 0.2316 
       H7395  5 0.2310 0.2289 0.1848 0.1791 0.1762 
       H7396  5 0.1793 0.2111 0.1826 0.2035 0.2235 
        H742  5 0.2106 0.2228 0.1708 0.2027 0.1931 
        H743  5 0.1871 0.1744 0.2208 0.2349 0.1827 
        H744  5 0.2652 0.1463 0.1579 0.2624 0.1682 
        H957  5 0.1726 0.2023 0.2249 0.2103 0.1898 
        H958  5 0.1628 0.2144 0.2005 0.1735 0.2489 
        H959  5 0.2211 0.1972 0.1501 0.2724 0.1592 
        H960  5 0.2200 0.1936 0.1959 0.1833 0.2072 
      H_PALI  6 0.1727 0.2248 0.1881 0.2083 0.2061 
        H581  6 0.1735 0.1708 0.1995 0.2536 0.2027 
        H582  6 0.2457 0.1476 0.1694 0.2888 0.1486 
        H583  6 0.1912 0.1885 0.1946 0.2311 0.1946 
        H595  6 0.1593 0.1999 0.1952 0.1390 0.3066 
        H596  6 0.1494 0.2198 0.2044 0.1577 0.2687 
        H597  6 0.1986 0.2024 0.2655 0.1383 0.1951 
        H598  6 0.2190 0.2273 0.1724 0.1810 0.2002 
        H599  6 0.2272 0.1635 0.1747 0.2547 0.1799 
        H642  6 0.1493 0.1846 0.2356 0.1825 0.2480 
        H643  6 0.2323 0.2051 0.1826 0.1792 0.2009 
        H664  6 0.1636 0.1592 0.1930 0.2890 0.1951 
        H665  6 0.2384 0.2387 0.1580 0.1820 0.1828 
        H674  6 0.1647 0.1750 0.3037 0.1423 0.2142 
        H675  6 0.1899 0.1765 0.2205 0.2275 0.1856 
        H676  6 0.1670 0.2116 0.1960 0.1713 0.2541 
        H686  6 0.1865 0.2079 0.2133 0.1810 0.2113 
        H687  6 0.1815 0.1860 0.2155 0.1964 0.2206 
        H917  6 0.2048 0.2180 0.1748 0.1386 0.2638 
        H918  6 0.2433 0.2246 0.1780 0.1754 0.1787 
        H919  6 0.2876 0.1586 0.1435 0.2357 0.1747 
        H920  6 0.1993 0.1948 0.1867 0.2389 0.1803 
        H631  7 0.2655 0.1840 0.1795 0.2113 0.1597 
        H684  7 0.1787 0.2356 0.2707 0.1563 0.1587 
        H685  7 0.2171 0.1508 0.1613 0.2564 0.2144 
        H713  7 0.2233 0.1921 0.1535 0.2496 0.1815 
        H715  7 0.2057 0.2179 0.2515 0.1543 0.1706 
        H716  7 0.2608 0.1996 0.1980 0.1905 0.1510 
        H717  7 0.2319 0.1733 0.2046 0.2005 0.1897 
        H729  7 0.1835 0.2413 0.1804 0.1363 0.2584 
        H730  7 0.2581 0.1869 0.1658 0.1689 0.2203 
        H431  8 0.2318 0.1802 0.1772 0.2387 0.1721 
        H432  8 0.2081 0.1754 0.2767 0.1271 0.2127 
        H433  8 0.2060 0.2281 0.1666 0.1656 0.2337 
        H434  8 0.1898 0.2155 0.1907 0.1560 0.2479 
        H444  8 0.2466 0.2141 0.1738 0.1677 0.1978 
        H454  8 0.2489 0.1657 0.1498 0.2662 0.1694 
        H475  8 0.1631 0.1944 0.1529 0.3327 0.1570 
        H491  8 0.2242 0.1959 0.1876 0.2264 0.1659 
        H492  8 0.1861 0.1830 0.1725 0.2463 0.2122 
        H493  8 0.2070 0.1992 0.2137 0.1901 0.1900 
        H494  8 0.2243 0.1697 0.1904 0.1845 0.2312 
        H495  8 0.1518 0.1642 0.2061 0.3097 0.1682 
        H662  8 0.1775 0.1708 0.2539 0.2053 0.1925 
        H663  8 0.1856 0.1960 0.1934 0.2018 0.2231 
        H695  8 0.2015 0.2134 0.1789 0.2065 0.1997 
       H7367  8 0.1654 0.2198 0.1954 0.1419 0.2774 
       H7368  8 0.2040 0.2202 0.2268 0.1615 0.1876 
       H7369  8 0.2443 0.2144 0.1658 0.1837 0.1918 
       H7370  8 0.1392 0.1980 0.1970 0.1534 0.3124 
       H7371  8 0.1932 0.2105 0.1681 0.1803 0.2479 
        H600  9 0.1968 0.2072 0.1785 0.2371 0.1803 
        H648  9 0.2125 0.1760 0.2175 0.1967 0.1973 
        H696  9 0.1505 0.1828 0.2935 0.1409 0.2322 
        H697  9 0.2298 0.1858 0.2036 0.1751 0.2057 
        H698  9 0.2045 0.1800 0.2337 0.1651 0.2168 
        H699  9 0.2076 0.1888 0.1991 0.1989 0.2055 
        H700  9 0.1853 0.2612 0.1692 0.2086 0.1756 
        H732  9 0.2199 0.1437 0.1978 0.2710 0.1677 
        H733  9 0.1608 0.2158 0.1827 0.1611 0.2795 
        H734  9 0.1375 0.2062 0.2324 0.1865 0.2373 
        H735  9 0.1916 0.1835 0.1990 0.1664 0.2595 
        H736  9 0.1656 0.2077 0.1940 0.2392 0.1936 
        H737  9 0.2041 0.2062 0.2072 0.2077 0.1749 
        H905  9 0.2121 0.2257 0.1625 0.2317 0.1680 
        H921  9 0.2250 0.2022 0.1605 0.2176 0.1947 
        H922  9 0.1927 0.1998 0.1826 0.1354 0.2895 
     H169705 10 0.1993 0.1921 0.1741 0.1535 0.2810 
     H171942 10 0.2278 0.1713 0.2739 0.1233 0.2037 
     H171943 10 0.1809 0.1993 0.2108 0.1677 0.2412 
     H171944 10 0.1696 0.2055 0.1740 0.2020 0.2489 
     H171946 10 0.1795 0.1651 0.2117 0.2646 0.1792 
     H171947 10 0.1739 0.2098 0.1952 0.2122 0.2089 
     H229641 10 0.1640 0.1952 0.1905 0.2361 0.2141 
      H30001 10 0.1981 0.2159 0.1644 0.2020 0.2195 
      H30002 10 0.2038 0.2315 0.1878 0.1947 0.1822 
      H30005 10 0.1952 0.2084 0.2017 0.1549 0.2398 
      H30006 10 0.1750 0.1779 0.2626 0.1612 0.2233 
      H30007 10 0.1181 0.1807 0.2967 0.1948 0.2098 
        H451 10 0.2307 0.2254 0.1782 0.1440 0.2217 
        H452 10 0.1641 0.1786 0.2286 0.1946 0.2343 
        H453 10 0.2369 0.1564 0.1999 0.2747 0.1320 
        H473 10 0.2000 0.1928 0.2101 0.2233 0.1739 
        H474 10 0.1877 0.1641 0.1791 0.2968 0.1723 
        H486 10 0.1924 0.1827 0.1916 0.2200 0.2133 
        H487 10 0.1844 0.2033 0.1974 0.2302 0.1847 
        H488 10 0.2631 0.2269 0.1563 0.1806 0.1732 
        H489 10 0.2063 0.1723 0.1630 0.2697 0.1887 
        H550 10 0.1538 0.2092 0.2539 0.1918 0.1913 
        H551 10 0.1912 0.1932 0.1586 0.1940 0.2630 
        H553 10 0.2104 0.1658 0.2008 0.2342 0.1887 
        H554 10 0.1902 0.2453 0.2003 0.1791 0.1852 
        H556 10 0.1935 0.1669 0.2400 0.2020 0.1977 
        H580 10 0.2160 0.2088 0.2014 0.1594 0.2143 
        H591 10 0.1909 0.1633 0.1509 0.3327 0.1622 
        H592 10 0.1963 0.1838 0.1721 0.2309 0.2170 
        H593 10 0.1821 0.2303 0.1975 0.2028 0.1873 
        H594 10 0.1703 0.2067 0.2333 0.1347 0.2550 
        H627 10 0.1556 0.2016 0.2028 0.2190 0.2210 
        H628 10 0.2413 0.2617 0.1969 0.1215 0.1785 
        H629 10 0.1936 0.1663 0.2232 0.2200 0.1968 
        H630 10 0.1705 0.1817 0.1846 0.2142 0.2490 
        H638 10 0.1820 0.1940 0.1741 0.1749 0.2750 
        H639 10 0.2372 0.1468 0.2038 0.2394 0.1728 
        H640 10 0.1525 0.2005 0.2231 0.1715 0.2523 
        H704 10 0.1932 0.1940 0.2671 0.1564 0.1893 
        H705 10 0.1988 0.1914 0.1732 0.1532 0.2835 
        H706 10 0.2621 0.2013 0.1526 0.2011 0.1829 
        H708 10 0.2047 0.1671 0.1621 0.2932 0.1729 
       H7351 10 0.2165 0.1926 0.2191 0.1846 0.1872 
       H7352 10 0.2183 0.1833 0.1899 0.2177 0.1908 
       H7353 10 0.1674 0.1722 0.3134 0.1576 0.1893 
       H7354 10 0.2309 0.2411 0.1732 0.2126 0.1423 
       H7365 10 0.2431 0.1782 0.1551 0.2497 0.1740 
       H7383 10 0.2546 0.2120 0.1542 0.1979 0.1813 
       H7384 10 0.2238 0.2187 0.1819 0.2002 0.1754 
       H7385 10 0.2008 0.2144 0.1583 0.2149 0.2115 
       H7386 10 0.2517 0.2034 0.1891 0.1620 0.1938 
       H7387 10 0.1933 0.2290 0.2035 0.1718 0.2024 
       H7388 10 0.2163 0.1873 0.2166 0.1868 0.1930 
        H906 10 0.2138 0.1648 0.2277 0.2450 0.1487 
        H907 10 0.1667 0.2042 0.2121 0.1587 0.2582 
        H908 10 0.2077 0.2254 0.1755 0.1793 0.2121 
        H909 10 0.2267 0.2560 0.1800 0.1853 0.1520 
       H9552 10 0.2250 0.1803 0.2339 0.1756 0.1852 
       H9553 10 0.2028 0.1779 0.2102 0.2011 0.2081 
       H9555 10 0.1776 0.2114 0.1642 0.1712 0.2755 
       H9575 10 0.1808 0.1875 0.1973 0.2737 0.1607 
       H9703 10 0.2464 0.1594 0.1767 0.2573 0.1602 
       H9707 10 0.1887 0.1863 0.1762 0.2609 0.1879 
       HSAA4 10 0.2139 0.2084 0.2016 0.1589 0.2172 
        H001 11 0.2649 0.2004 0.1819 0.1862 0.1665 
        H004 11 0.2001 0.2121 0.2082 0.1834 0.1961 
        H005 11 0.2590 0.1931 0.1435 0.2722 0.1322 
        H006 11 0.1978 0.2429 0.1771 0.1803 0.2019 
        H007 11 0.2345 0.1999 0.1544 0.2269 0.1843 
        H031 11 0.2063 0.1651 0.1409 0.3003 0.1875 
        H074 11 0.2519 0.1554 0.1623 0.2347 0.1957 
        H075 11 0.1805 0.1863 0.1549 0.2829 0.1954 
        H080 11 0.2699 0.1647 0.1599 0.2252 0.1802 
        H086 11 0.1886 0.2089 0.2008 0.1789 0.2228 
        H092 11 0.2109 0.2040 0.1775 0.2124 0.1952 
        H093 11 0.1674 0.2094 0.2761 0.1488 0.1982 
        H094 11 0.1579 0.2041 0.2006 0.1870 0.2504 
        H095 11 0.2286 0.1929 0.1926 0.2190 0.1670 
        H096 11 0.2431 0.2271 0.1545 0.2221 0.1532 
        H099 11 0.2219 0.1929 0.1676 0.2167 0.2010 
        H100 11 0.2008 0.2074 0.2499 0.1337 0.2083 
        H127 11 0.2159 0.1929 0.1859 0.2150 0.1903 
        H136 11 0.1778 0.1756 0.1730 0.3134 0.1602 
        H153 11 0.1680 0.2306 0.1936 0.2016 0.2063 
        H154 11 0.2058 0.1712 0.1572 0.2824 0.1834 
        H155 11 0.2665 0.1988 0.1757 0.1302 0.2288 
        H156 11 0.2215 0.2513 0.1848 0.1254 0.2169 
        H161 11 0.1541 0.2142 0.2271 0.2148 0.1898 
        H162 11 0.1769 0.2139 0.2095 0.1510 0.2488 
        H167 11 0.2075 0.2467 0.1931 0.1669 0.1859 
        H168 11 0.2191 0.2066 0.2009 0.1728 0.2006 
     H169586 11 0.1329 0.1531 0.2708 0.2895 0.1536 
     H169738 11 0.1926 0.2377 0.1815 0.1462 0.2419 
     H169741 11 0.1616 0.1876 0.1757 0.2910 0.1842 
     H171801 11 0.2149 0.1751 0.2471 0.1616 0.2013 
     H171810 11 0.1741 0.1926 0.1855 0.2515 0.1963 
     H171811 11 0.2042 0.1677 0.1897 0.2725 0.1659 
     H171812 11 0.3004 0.1791 0.1669 0.1939 0.1597 
     H171820 11 0.2016 0.1737 0.1706 0.2758 0.1784 
     H171821 11 0.2247 0.2191 0.1906 0.1503 0.2153 
     H171822 11 0.1877 0.2052 0.1960 0.1660 0.2452 
     H171823 11 0.1668 0.1638 0.2170 0.3127 0.1397 
     H171866 11 0.1626 0.2007 0.2575 0.1723 0.2069 
     H171867 11 0.2086 0.2428 0.1592 0.1559 0.2334 
     H171967 11 0.2224 0.1857 0.1577 0.2362 0.1981 
     H171969 11 0.1825 0.2110 0.1899 0.2174 0.1991 
        H172 11 0.2003 0.2063 0.1835 0.1955 0.2145 
        H173 11 0.2184 0.2043 0.1549 0.1782 0.2442 
        H174 11 0.1464 0.1994 0.2287 0.1451 0.2805 
        H196 11 0.2257 0.1910 0.2160 0.1478 0.2195 
        H197 11 0.2074 0.2431 0.1684 0.1561 0.2251 
        H346 11 0.2234 0.2343 0.1748 0.1975 0.1701 
        H355 11 0.2444 0.1779 0.1967 0.1992 0.1818 
        H356 11 0.1787 0.2070 0.2012 0.2058 0.2074 
        H357 11 0.2127 0.1806 0.1681 0.2404 0.1981 
        H358 11 0.2068 0.2497 0.1596 0.1709 0.2131 
        H359 11 0.1744 0.2048 0.2077 0.2149 0.1983 
        H360 11 0.2146 0.2219 0.1739 0.1986 0.1910 
        H361 11 0.2166 0.2230 0.2038 0.1707 0.1858 
        H362 11 0.1592 0.2264 0.1921 0.1342 0.2882 
        H363 11 0.1949 0.2236 0.1559 0.2707 0.1549 
        H364 11 0.1848 0.2191 0.2308 0.2136 0.1518 
        H365 11 0.1850 0.1878 0.2030 0.2195 0.2047 
        H366 11 0.2124 0.2138 0.2120 0.1519 0.2097 
        H367 11 0.2662 0.1445 0.1593 0.2568 0.1731 
        H368 11 0.1397 0.1934 0.2448 0.1866 0.2355 
        H369 11 0.2616 0.1773 0.1445 0.2451 0.1715 
        H370 11 0.1831 0.2370 0.2032 0.1773 0.1994 
        H371 11 0.1824 0.1845 0.1769 0.1947 0.2615 
        H372 11 0.2132 0.2059 0.1977 0.1733 0.2100 
        H373 11 0.2433 0.2164 0.1802 0.1801 0.1802 
        H374 11 0.2131 0.2386 0.1690 0.2162 0.1632 
        H375 11 0.2529 0.1800 0.1632 0.2072 0.1967 
        H376 11 0.2229 0.1826 0.2472 0.1590 0.1883 
        H377 11 0.1734 0.2342 0.1730 0.2202 0.1991 
        H378 11 0.2338 0.1801 0.1999 0.1990 0.1872 
        H379 11 0.1627 0.2237 0.1916 0.1924 0.2295 
        H380 11 0.2398 0.2555 0.1725 0.1505 0.1816 
        H381 11 0.1669 0.1742 0.1912 0.2999 0.1678 
        H382 11 0.1839 0.2302 0.2024 0.1293 0.2542 
        H383 11 0.2451 0.2268 0.2310 0.1400 0.1571 
        H384 11 0.1912 0.1942 0.1922 0.2554 0.1670 
        H385 11 0.1764 0.2014 0.1753 0.2475 0.1994 
        H386 11 0.2264 0.2764 0.1534 0.1501 0.1938 
        H387 11 0.1776 0.1870 0.2899 0.2008 0.1447 
        H388 11 0.1891 0.2114 0.2382 0.1500 0.2113 
        H389 11 0.2082 0.2140 0.1637 0.1849 0.2292 
        H390 11 0.2096 0.2235 0.1750 0.1560 0.2359 
        H391 11 0.1640 0.1703 0.2359 0.1748 0.2549 
        H392 11 0.1912 0.2258 0.1519 0.2506 0.1805 
        H393 11 0.1957 0.2022 0.2535 0.1578 0.1908 
        H394 11 0.1534 0.1729 0.3116 0.1719 0.1902 
        H395 11 0.2160 0.1903 0.1651 0.2689 0.1597 
        H408 11 0.2537 0.2412 0.1606 0.1858 0.1586 
        H412 11 0.2089 0.1333 0.1905 0.2972 0.1700 
        H417 11 0.1752 0.1973 0.1812 0.2616 0.1848 
        H418 11 0.2031 0.1831 0.2133 0.2128 0.1877 
        H429 11 0.1944 0.2337 0.1942 0.1771 0.2006 
        H430 11 0.2150 0.2044 0.1811 0.1540 0.2456 
        H439 11 0.2082 0.2103 0.1778 0.1910 0.2127 
        H440 11 0.2007 0.2012 0.1686 0.2736 0.1559 
        H441 11 0.2180 0.2046 0.1826 0.1596 0.2352 
        H442 11 0.1956 0.2230 0.2280 0.1741 0.1793 
        H446 11 0.1973 0.2110 0.2155 0.1840 0.1922 
        H447 11 0.1722 0.2477 0.1702 0.1584 0.2514 
        H448 11 0.2094 0.2142 0.1718 0.1701 0.2346 
        H534 11 0.2172 0.1705 0.1782 0.2818 0.1522 
        H537 11 0.2710 0.1574 0.1912 0.2355 0.1449 
        H568 11 0.1953 0.1530 0.1589 0.3266 0.1662 
        H569 11 0.1763 0.2041 0.1996 0.1148 0.3052 
        H586 11 0.1281 0.1493 0.2736 0.2921 0.1568 
        H587 11 0.2479 0.1710 0.1538 0.2717 0.1556 
        H588 11 0.1624 0.1985 0.3027 0.1486 0.1878 
        H589 11 0.2076 0.1776 0.1651 0.2944 0.1553 
        H590 11 0.1845 0.1848 0.1891 0.2768 0.1649 
        H601 11 0.1665 0.2080 0.2270 0.1567 0.2419 
        H602 11 0.1987 0.1920 0.1766 0.2218 0.2109 
        H603 11 0.2133 0.2408 0.1584 0.1538 0.2336 
