        H102  1 0.2365 0.1996 0.3152 0.2486 
        H103  1 0.3222 0.3182 0.2120 0.1476 
        H104  1 0.2399 0.1845 0.2450 0.3306 
        H105  1 0.2317 0.2074 0.3420 0.2189 
        H106  1 0.2689 0.2469 0.2277 0.2565 
        H112  1 0.2396 0.1950 0.2400 0.3254 
        H113  1 0.2784 0.2158 0.2708 0.2349 
        H114  1 0.3108 0.2119 0.2972 0.1800 
        H115  1 0.2424 0.1741 0.3062 0.2773 
        H143  1 0.2299 0.2293 0.3269 0.2139 
        H144  1 0.2093 0.3283 0.3115 0.1508 
        H145  1 0.2812 0.2998 0.2570 0.1620 
        H149  1 0.2137 0.2092 0.2686 0.3085 
        H150  1 0.2301 0.2755 0.2378 0.2566 
     H167542  1 0.2238 0.2002 0.3782 0.1977 
     H169604  1 0.2709 0.2044 0.3088 0.2159 
     H169607  1 0.2421 0.2711 0.3137 0.1731 
     H169608  1 0.2016 0.2147 0.2232 0.3604 
     H169633  1 0.2903 0.2351 0.3181 0.1566 
     H169688  1 0.2601 0.3420 0.2014 0.1965 
     H169714  1 0.2289 0.2284 0.2319 0.3108 
     H171802  1 0.2505 0.2154 0.1882 0.3458 
     H171805  1 0.2834 0.2721 0.2539 0.1906 
     H171807  1 0.2174 0.2361 0.2363 0.3102 
     H171814  1 0.2634 0.3561 0.2173 0.1632 
     H171816  1 0.2404 0.2272 0.2206 0.3117 
     H171817  1 0.2655 0.2065 0.2574 0.2706 
     H171818  1 0.2847 0.2263 0.2651 0.2238 
     H171819  1 0.2758 0.2125 0.2396 0.2721 
     H171834  1 0.2291 0.2280 0.2986 0.2444 
     H171835  1 0.2098 0.2104 0.1980 0.3817 
     H171836  1 0.3484 0.2532 0.2694 0.1290 
     H171837  1 0.2283 0.2180 0.2827 0.2709 
     H171838  1 0.3071 0.2653 0.2197 0.2079 
     H171839  1 0.2453 0.2073 0.2799 0.2675 
     H171841  1 0.1789 0.2177 0.1684 0.4349 
     H171860  1 0.2513 0.2146 0.2917 0.2424 
     H171861  1 0.3356 0.2260 0.3103 0.1280 
     H171862  1 0.2616 0.2301 0.2777 0.2307 
     H171868  1 0.2427 0.1833 0.3729 0.2011 
     H171869  1 0.2307 0.3394 0.2198 0.2102 
     H171870  1 0.2566 0.2936 0.2042 0.2456 
     H171871  1 0.3274 0.2864 0.2001 0.1861 
     H171872  1 0.2516 0.1933 0.2706 0.2844 
     H171873  1 0.2298 0.3059 0.2157 0.2487 
     H171874  1 0.2430 0.2573 0.3082 0.1916 
     H171875  1 0.2670 0.2558 0.3309 0.1462 
     H171876  1 0.2625 0.2331 0.3237 0.1807 
     H171877  1 0.2201 0.1927 0.3787 0.2085 
     H171878  1 0.1970 0.2999 0.2042 0.2989 
     H171901  1 0.2740 0.2189 0.2166 0.2905 
     H171902  1 0.2131 0.2763 0.2612 0.2494 
     H171903  1 0.2637 0.2298 0.2709 0.2356 
     H171935  1 0.2530 0.2631 0.1751 0.3088 
     H171936  1 0.2739 0.2249 0.3167 0.1845 
     H171940  1 0.1744 0.2206 0.3034 0.3016 
     H171945  1 0.2173 0.2912 0.2424 0.2491 
     H171948  1 0.2456 0.1953 0.2501 0.3089 
     H171949  1 0.1958 0.2006 0.2299 0.3737 
     H171950  1 0.2199 0.2049 0.1955 0.3797 
     H171963  1 0.2699 0.3356 0.2150 0.1795 
     H171964  1 0.1836 0.3900 0.2188 0.2077 
     H171966  1 0.2710 0.2531 0.2290 0.2469 
     H171968  1 0.1986 0.2580 0.2771 0.2662 
     H171971  1 0.2799 0.2671 0.1995 0.2535 
     H171972  1 0.2705 0.3084 0.2375 0.1837 
     H171977  1 0.2256 0.3389 0.2600 0.1755 
     H171978  1 0.2401 0.2546 0.2007 0.3045 
     H171979  1 0.3358 0.2575 0.2584 0.1483 
        H176  1 0.2306 0.2414 0.3022 0.2258 
        H177  1 0.2185 0.1861 0.2303 0.3650 
        H179  1 0.2105 0.1807 0.2924 0.3164 
        H181  1 0.2641 0.2934 0.2490 0.1936 
        H182  1 0.3157 0.2566 0.2758 0.1518 
        H183  1 0.2405 0.3411 0.2240 0.1944 
        H184  1 0.2426 0.1964 0.2558 0.3051 
        H185  1 0.2651 0.2768 0.2758 0.1824 
        H186  1 0.1781 0.2968 0.2447 0.2803 
        H187  1 0.2966 0.2485 0.2246 0.2303 
        H188  1 0.1915 0.1983 0.3130 0.2971 
        H192  1 0.2132 0.2099 0.2309 0.3460 
        H193  1 0.2772 0.2947 0.2608 0.1673 
        H194  1 0.2452 0.2155 0.2945 0.2448 
        H195  1 0.2171 0.3668 0.2218 0.1944 
        H199  1 0.2300 0.3347 0.2378 0.1976 
        H200  1 0.2348 0.2219 0.2520 0.2913 
        H414  1 0.3163 0.2673 0.2237 0.1928 
        H415  1 0.3091 0.2235 0.2755 0.1919 
        H422  1 0.2223 0.2755 0.2343 0.2679 
        H423  1 0.1800 0.1787 0.1922 0.4491 
        H424  1 0.2932 0.3060 0.2396 0.1612 
        H425  1 0.2202 0.3584 0.2470 0.1744 
        H426  1 0.2414 0.3611 0.1809 0.2166 
        H443  1 0.1707 0.3396 0.3060 0.1837 
        H466  1 0.2422 0.2441 0.2667 0.2470 
        H467  1 0.1905 0.2304 0.1991 0.3801 
        H472  1 0.2351 0.2535 0.2846 0.2268 
        H483  1 0.2192 0.2415 0.3645 0.1749 
        H504  1 0.2501 0.3508 0.2201 0.1790 
        H505  1 0.2161 0.2283 0.2610 0.2947 
        H506  1 0.2237 0.2734 0.2489 0.2540 
        H507  1 0.3117 0.2679 0.2957 0.1246 
        H508  1 0.2567 0.2782 0.2013 0.2637 
        H524  1 0.3060 0.2534 0.2785 0.1620 
        H525  1 0.2193 0.3018 0.2804 0.1985 
        H526  1 0.2143 0.2203 0.3674 0.1980 
        H527  1 0.2426 0.2178 0.2419 0.2978 
        H528  1 0.2764 0.2808 0.2759 0.1669 
        H529  1 0.2886 0.2975 0.2680 0.1459 
        H533  1 0.4219 0.2236 0.2269 0.1276 
        H538  1 0.2267 0.2109 0.3077 0.2547 
        H539  1 0.2798 0.3013 0.2107 0.2081 
        H540  1 0.2631 0.2275 0.2688 0.2406 
        H541  1 0.2519 0.2204 0.3222 0.2055 
        H558  1 0.2632 0.3220 0.1914 0.2234 
        H559  1 0.2129 0.2317 0.3201 0.2353 
        H579  1 0.2446 0.2868 0.2764 0.1923 
        H584  1 0.2362 0.3302 0.2325 0.2010 
        H585  1 0.2805 0.2733 0.2458 0.2005 
        H605  1 0.2455 0.2464 0.2510 0.2570 
        H606  1 0.1853 0.1947 0.2773 0.3428 
        H632  1 0.2054 0.3401 0.2667 0.1878 
        H634  1 0.2510 0.2803 0.2639 0.2048 
        H671  1 0.2113 0.2014 0.2191 0.3683 
        H672  1 0.2866 0.2636 0.2423 0.2076 
        H673  1 0.1895 0.2924 0.3137 0.2045 
        H689  1 0.2232 0.2592 0.3268 0.1909 
        H690  1 0.2571 0.1931 0.2506 0.2993 
        H691  1 0.2088 0.1993 0.3856 0.2063 
        H692  1 0.2952 0.3056 0.2789 0.1203 
        H709  1 0.2998 0.2630 0.2344 0.2028 
        H710  1 0.2895 0.3066 0.2544 0.1496 
       H7355  1 0.2882 0.2015 0.3446 0.1656 
       H7356  1 0.2260 0.2920 0.2465 0.2355 
       H7357  1 0.2591 0.2074 0.2896 0.2439 
       H7358  1 0.2347 0.2582 0.3331 0.1740 
       H7380  1 0.2434 0.2436 0.3168 0.1962 
       H7381  1 0.2113 0.2685 0.1991 0.3211 
       H7382  1 0.2454 0.2584 0.2933 0.2029 
        H904  1 0.1722 0.1617 0.2336 0.4325 
        H923  1 0.2266 0.2682 0.2373 0.2679 
        H924  1 0.2100 0.2326 0.2736 0.2838 
        H925  1 0.2280 0.2291 0.3636 0.1793 
       H9558  1 0.2620 0.3388 0.1863 0.2130 
        H008  2 0.3011 0.2349 0.3048 0.1592 
        H021  2 0.2090 0.2123 0.2847 0.2940 
        H023  2 0.2272 0.1994 0.2896 0.2837 
        H024  2 0.3004 0.3316 0.1986 0.1695 
        H025  2 0.1819 0.2556 0.2072 0.3553 
        H026  2 0.2371 0.3683 0.2227 0.1719 
        H027  2 0.2658 0.2368 0.3098 0.1877 
        H028  2 0.2525 0.2701 0.2797 0.1977 
        H029  2 0.2879 0.2653 0.2671 0.1797 
        H030  2 0.2848 0.3324 0.2042 0.1786 
        H038  2 0.2132 0.2488 0.2304 0.3076 
        H039  2 0.1408 0.1483 0.1476 0.5633 
        H040  2 0.2918 0.2450 0.1766 0.2865 
        H041  2 0.2564 0.2027 0.3205 0.2204 
        H042  2 0.2396 0.2227 0.2712 0.2665 
        H043  2 0.2098 0.2466 0.1619 0.3817 
        H044  2 0.3373 0.2715 0.2011 0.1901 
        H047  2 0.2032 0.2647 0.1885 0.3436 
        H050  2 0.3314 0.2906 0.1931 0.1849 
        H058  2 0.2784 0.2549 0.1887 0.2780 
        H062  2 0.1747 0.2087 0.3259 0.2907 
        H063  2 0.2281 0.1995 0.2150 0.3575 
        H065  2 0.1808 0.3396 0.2279 0.2517 
        H066  2 0.3065 0.2796 0.1886 0.2252 
        H067  2 0.2404 0.2185 0.3530 0.1882 
        H068  2 0.2393 0.2150 0.1876 0.3581 
        H069  2 0.2717 0.3007 0.2104 0.2172 
        H071  2 0.2318 0.2265 0.2379 0.3039 
        H072  2 0.1997 0.1854 0.2012 0.4137 
        H073  2 0.2444 0.3008 0.2656 0.1893 
        H081  2 0.2335 0.1867 0.3310 0.2489 
        H082  2 0.3026 0.3126 0.2267 0.1581 
        H083  2 0.2500 0.3407 0.2293 0.1800 
        H084  2 0.3156 0.2272 0.2045 0.2527 
        H085  2 0.2218 0.2050 0.3604 0.2128 
        H087  2 0.2186 0.1740 0.3942 0.2132 
        H088  2 0.2342 0.1979 0.2585 0.3094 
        H089  2 0.2526 0.2302 0.3404 0.1769 
        H090  2 0.2915 0.2919 0.2280 0.1887 
        H091  2 0.2855 0.2666 0.2868 0.1612 
        H098  2 0.3191 0.2387 0.2317 0.2106 
      H10001  2 0.1420 0.1507 0.1533 0.5540 
      H10002  2 0.2331 0.1861 0.2943 0.2865 
        H101  2 0.3650 0.2734 0.1770 0.1845 
        H108  2 0.1865 0.1860 0.2957 0.3318 
        H109  2 0.3085 0.2332 0.1894 0.2689 
        H110  2 0.2873 0.1892 0.3435 0.1800 
        H116  2 0.2576 0.3158 0.2309 0.1956 
        H117  2 0.3090 0.2129 0.2957 0.1824 
        H118  2 0.2216 0.3417 0.2935 0.1432 
        H119  2 0.2408 0.2205 0.2456 0.2931 
        H120  2 0.1650 0.1620 0.2475 0.4255 
        H121  2 0.2648 0.2794 0.2722 0.1836 
        H125  2 0.1574 0.1508 0.1624 0.5294 
        H126  2 0.2218 0.3315 0.2075 0.2392 
        H128  2 0.2996 0.3997 0.1892 0.1115 
        H129  2 0.2470 0.3748 0.2165 0.1617 
        H130  2 0.2098 0.2571 0.1765 0.3567 
        H133  2 0.1826 0.2097 0.1773 0.4304 
        H134  2 0.1961 0.4472 0.1883 0.1683 
        H135  2 0.2512 0.2072 0.2985 0.2431 
        H137  2 0.3060 0.2393 0.2304 0.2243 
        H138  2 0.2400 0.3452 0.2333 0.1815 
        H140  2 0.2362 0.2526 0.2618 0.2495 
        H146  2 0.2518 0.3197 0.2344 0.1941 
        H147  2 0.2987 0.2178 0.2828 0.2006 
        H148  2 0.2953 0.1826 0.3301 0.1920 
     H166022  2 0.3576 0.2254 0.2555 0.1615 
     H167359  2 0.3008 0.2400 0.2431 0.2161 
     H167397  2 0.3833 0.2715 0.2297 0.1155 
     H167428  2 0.2212 0.2576 0.3959 0.1253 
     H167496  2 0.2108 0.1768 0.2477 0.3648 
     H167513  2 0.3142 0.2582 0.1899 0.2378 
     H167545  2 0.3026 0.3001 0.2287 0.1686 
     H167547  2 0.3240 0.3476 0.1619 0.1665 
     H169621  2 0.2971 0.2738 0.2412 0.1879 
     H169622  2 0.2509 0.2889 0.2865 0.1736 
     H169750  2 0.2457 0.2785 0.1650 0.3107 
     H171806  2 0.2243 0.2816 0.2194 0.2746 
     H171808  2 0.2456 0.2663 0.2915 0.1966 
     H171809  2 0.2319 0.1979 0.3267 0.2434 
     H171813  2 0.2184 0.3072 0.2198 0.2546 
     H171815  2 0.1795 0.2271 0.1847 0.4087 
     H171824  2 0.2049 0.1625 0.3058 0.3267 
     H171825  2 0.2618 0.2567 0.2840 0.1975 
     H171826  2 0.2337 0.2070 0.2906 0.2688 
     H171827  2 0.2834 0.2398 0.2482 0.2286 
     H171828  2 0.1563 0.1555 0.2106 0.4776 
     H171829  2 0.2351 0.3168 0.1894 0.2587 
     H171830  2 0.3167 0.2269 0.2081 0.2482 
     H171831  2 0.2586 0.3299 0.2510 0.1605 
     H171832  2 0.2431 0.2899 0.2441 0.2228 
     H171863  2 0.2838 0.3625 0.2122 0.1415 
     H171864  2 0.3013 0.2276 0.2647 0.2064 
     H171865  2 0.2023 0.2223 0.1897 0.3857 
     H171879  2 0.3013 0.2713 0.2123 0.2151 
     H171880  2 0.3711 0.2254 0.2081 0.1954 
     H171881  2 0.2392 0.2375 0.3356 0.1877 
     H171882  2 0.1732 0.1786 0.1834 0.4647 
     H171929  2 0.2472 0.2373 0.2987 0.2169 
     H171930  2 0.3528 0.3017 0.1904 0.1551 
     H171933  2 0.2878 0.2437 0.2554 0.2132 
     H171934  2 0.2400 0.2287 0.3291 0.2022 
     H171937  2 0.2538 0.3524 0.1872 0.2066 
     H171962  2 0.2302 0.2426 0.3337 0.1935 
        H190  2 0.2721 0.2637 0.2834 0.1808 
        H191  2 0.2391 0.2723 0.2486 0.2401 
        H396  2 0.1805 0.2404 0.3398 0.2394 
        H397  2 0.3085 0.2572 0.2368 0.1975 
        H398  2 0.1775 0.3013 0.2600 0.2612 
        H400  2 0.2513 0.2268 0.3075 0.2144 
        H401  2 0.3521 0.3121 0.1917 0.1441 
        H402  2 0.3427 0.2457 0.2606 0.1510 
        H427  2 0.2236 0.2140 0.3435 0.2189 
        H428  2 0.2235 0.2499 0.4009 0.1257 
        H497  2 0.2528 0.2527 0.1903 0.3042 
        H512  2 0.2979 0.2450 0.2328 0.2244 
        H513  2 0.3190 0.2601 0.1833 0.2376 
        H514  2 0.2402 0.3138 0.2183 0.2277 
        H519  2 0.3189 0.2354 0.1964 0.2493 
        H532  2 0.2273 0.2293 0.3853 0.1580 
        H543  2 0.3570 0.2224 0.2669 0.1538 
        H544  2 0.2092 0.3536 0.2033 0.2339 
        H545  2 0.2964 0.3292 0.2180 0.1563 
        H546  2 0.1907 0.2532 0.2241 0.3320 
        H547  2 0.3295 0.3380 0.1661 0.1665 
        H548  2 0.3015 0.2145 0.2890 0.1950 
        H549  2 0.2947 0.3330 0.2003 0.1720 
        H620  2 0.1793 0.1624 0.1922 0.4661 
        H623  2 0.2828 0.3123 0.2097 0.1952 
        H624  2 0.1838 0.3106 0.1833 0.3222 
        H625  2 0.2549 0.2398 0.3155 0.1898 
        H626  2 0.3140 0.2242 0.2406 0.2212 
        H654  2 0.1652 0.1818 0.1595 0.4935 
        H655  2 0.2545 0.2151 0.2130 0.3174 
        H656  2 0.1530 0.1792 0.2374 0.4304 
        H666  2 0.1713 0.2076 0.1563 0.4648 
        H667  2 0.2608 0.2354 0.2958 0.2079 
        H677  2 0.2421 0.2542 0.3064 0.1973 
        H693  2 0.1828 0.1649 0.3174 0.3349 
        H694  2 0.2996 0.2772 0.2289 0.1943 
        H701  2 0.3334 0.2313 0.2515 0.1838 
        H702  2 0.3075 0.2105 0.2298 0.2522 
        H731  2 0.2174 0.2000 0.2640 0.3187 
       H7359  2 0.2972 0.2337 0.2473 0.2218 
       H7389  2 0.2419 0.2817 0.2618 0.2146 
       H7390  2 0.2251 0.2160 0.2065 0.3524 
       H7391  2 0.2387 0.1770 0.4012 0.1830 
       H7392  2 0.2107 0.2882 0.2499 0.2512 
       H7393  2 0.2477 0.2149 0.2270 0.3104 
       H7398  2 0.2507 0.2072 0.3178 0.2243 
       H7399  2 0.2494 0.2922 0.3000 0.1585 
       H7400  2 0.1610 0.1739 0.1775 0.4876 
        H745  2 0.2143 0.4041 0.2075 0.1741 
        H746  2 0.2658 0.2900 0.2830 0.1611 
        H747  2 0.2669 0.2177 0.1899 0.3256 
        H748  2 0.3090 0.2289 0.2214 0.2406 
       H7484  2 0.1958 0.1904 0.1903 0.4234 
       H7485  2 0.2630 0.3004 0.2301 0.2065 
        H749  2 0.2945 0.2707 0.2730 0.1618 
        H930  2 0.3609 0.2793 0.1975 0.1622 
        H931  2 0.2240 0.2423 0.2891 0.2445 
        H932  2 0.2417 0.2674 0.2398 0.2511 
        H111  3 0.3117 0.3174 0.1924 0.1785 
        H951  3 0.2931 0.2758 0.2442 0.1870 
        H952  3 0.2390 0.3251 0.2067 0.2292 
        H953  3 0.2215 0.2371 0.3698 0.1716 
        H954  3 0.2338 0.1934 0.1961 0.3767 
        H955  3 0.3331 0.2824 0.2170 0.1675 
        H956  3 0.2973 0.2306 0.2302 0.2419 
       H9563  3 0.2600 0.1897 0.2584 0.2919 
        H002  4 0.1900 0.2684 0.1844 0.3571 
        H003  4 0.2484 0.2602 0.3223 0.1692 
        H009  4 0.2427 0.3617 0.2017 0.1939 
        H010  4 0.2407 0.2418 0.3073 0.2103 
        H011  4 0.1733 0.1780 0.2555 0.3932 
        H012  4 0.2823 0.2106 0.3278 0.1793 
        H013  4 0.2272 0.1999 0.2899 0.2830 
        H014  4 0.2541 0.2427 0.2538 0.2495 
        H045  4 0.2188 0.2088 0.2873 0.2851 
        H046  4 0.2343 0.2945 0.2989 0.1723 
        H051  4 0.2202 0.1807 0.2700 0.3291 
        H052  4 0.1997 0.2670 0.2022 0.3310 
        H053  4 0.2534 0.2222 0.2340 0.2905 
        H056  4 0.2045 0.2311 0.2039 0.3605 
        H076  4 0.2429 0.2985 0.2884 0.1702 
        H151  4 0.1746 0.2170 0.1786 0.4299 
        H152  4 0.1732 0.2633 0.2005 0.3631 
     H171803  4 0.2397 0.2373 0.2232 0.2998 
     H171804  4 0.2761 0.2050 0.2275 0.2914 
     H171833  4 0.2461 0.3606 0.2097 0.1836 
     H171855  4 0.1816 0.2376 0.1639 0.4169 
     H171856  4 0.2960 0.2514 0.2124 0.2402 
     H171857  4 0.2117 0.2492 0.1813 0.3577 
     H171858  4 0.2238 0.2766 0.2620 0.2377 
     H171859  4 0.2319 0.2635 0.2413 0.2632 
     H171961  4 0.2073 0.2102 0.2815 0.3010 
        H198  4 0.2772 0.2577 0.3130 0.1521 
      H20001  4 0.2486 0.3691 0.1917 0.1906 
        H403  4 0.2393 0.2795 0.2091 0.2721 
        H404  4 0.2633 0.2404 0.3186 0.1777 
        H405  4 0.2796 0.2672 0.2845 0.1688 
        H406  4 0.2557 0.3572 0.1453 0.2419 
        H407  4 0.2641 0.2330 0.2551 0.2479 
        H410  4 0.2870 0.2903 0.2609 0.1618 
        H411  4 0.2760 0.3183 0.1918 0.2139 
        H468  4 0.2959 0.3140 0.1510 0.2392 
        H476  4 0.3195 0.2404 0.1834 0.2567 
        H477  4 0.2542 0.3745 0.2078 0.1635 
        H478  4 0.2774 0.2495 0.3005 0.1726 
        H479  4 0.2208 0.2262 0.2721 0.2810 
        H480  4 0.3235 0.3170 0.1928 0.1667 
        H498  4 0.2425 0.2628 0.2588 0.2360 
        H499  4 0.2329 0.2594 0.2607 0.2470 
        H500  4 0.2388 0.1887 0.2190 0.3535 
        H515  4 0.2583 0.2037 0.2326 0.3055 
        H516  4 0.2485 0.2786 0.1977 0.2752 
        H517  4 0.2924 0.2636 0.2190 0.2249 
        H518  4 0.2323 0.2789 0.1857 0.3031 
        H520  4 0.2360 0.2517 0.1957 0.3165 
        H521  4 0.2428 0.2574 0.2954 0.2044 
        H522  4 0.2679 0.2575 0.2184 0.2561 
        H523  4 0.2853 0.2316 0.2070 0.2760 
        H536  4 0.2218 0.2631 0.3046 0.2105 
        H645  4 0.2040 0.1823 0.3555 0.2583 
        H646  4 0.2957 0.3124 0.2299 0.1620 
        H647  4 0.2575 0.2885 0.2457 0.2083 
        H657  4 0.3040 0.2877 0.2440 0.1643 
        H658  4 0.3141 0.2152 0.2281 0.2426 
        H659  4 0.2021 0.1858 0.1643 0.4478 
        H660  4 0.2565 0.2335 0.2254 0.2845 
        H661  4 0.2069 0.2485 0.2143 0.3304 
        H668  4 0.2806 0.2109 0.3393 0.1692 
        H669  4 0.2484 0.2169 0.2915 0.2432 
        H670  4 0.2172 0.1648 0.3637 0.2543 
        H678  4 0.2961 0.2379 0.2367 0.2294 
        H679  4 0.3445 0.2487 0.2357 0.1710 
        H680  4 0.2251 0.3157 0.2219 0.2373 
        H681  4 0.2435 0.2034 0.2737 0.2794 
        H682  4 0.3717 0.2095 0.2353 0.1836 
        H683  4 0.1979 0.2950 0.1629 0.3443 
        H718  4 0.1807 0.2234 0.2076 0.3884 
        H719  4 0.2429 0.1927 0.2886 0.2758 
        H720  4 0.2009 0.2943 0.2301 0.2747 
        H721  4 0.2145 0.2972 0.2126 0.2757 
        H722  4 0.1807 0.3237 0.1614 0.3342 
        H723  4 0.2163 0.1883 0.2544 0.3409 
        H724  4 0.1999 0.1831 0.1872 0.4298 
        H725  4 0.1860 0.2153 0.1731 0.4256 
        H726  4 0.2078 0.2163 0.2239 0.3521 
        H727  4 0.2230 0.1919 0.2722 0.3129 
        H910  4 0.2662 0.1934 0.2422 0.2982 
        H911  4 0.2912 0.2865 0.2177 0.2045 
        H912  4 0.2490 0.2669 0.2016 0.2825 
        H913  4 0.2626 0.2235 0.2160 0.2979 
        H914  4 0.2267 0.1753 0.2764 0.3215 
        H915  4 0.3316 0.2199 0.2048 0.2436 
        H916  4 0.2981 0.2964 0.1726 0.2329 
       H9572  4 0.2402 0.2506 0.2402 0.2691 
        H015  5 0.2929 0.2776 0.2316 0.1980 
        H016  5 0.2323 0.3563 0.2318 0.1796 
        H017  5 0.2649 0.3053 0.1835 0.2463 
        H019  5 0.2438 0.2638 0.2573 0.2351 
        H020  5 0.2113 0.2585 0.2559 0.2744 
        H032  5 0.2750 0.2488 0.2077 0.2684 
        H033  5 0.3076 0.2102 0.2937 0.1885 
        H034  5 0.2243 0.1789 0.2759 0.3209 
        H035  5 0.2702 0.2649 0.2392 0.2257 
        H036  5 0.3019 0.2603 0.2263 0.2115 
        H037  5 0.2556 0.2014 0.2537 0.2893 
        H048  5 0.2018 0.1909 0.2735 0.3338 
        H049  5 0.2336 0.3108 0.1997 0.2559 
        H054  5 0.2246 0.2662 0.2467 0.2625 
        H055  5 0.1768 0.2229 0.2838 0.3164 
        H057  5 0.2066 0.3489 0.2093 0.2352 
        H060  5 0.2013 0.2482 0.2473 0.3032 
        H061  5 0.2509 0.2444 0.3092 0.1955 
        H064  5 0.1885 0.2462 0.2441 0.3212 
        H070  5 0.2341 0.1874 0.2817 0.2969 
        H077  5 0.2167 0.2021 0.1916 0.3896 
        H078  5 0.2220 0.2667 0.1804 0.3309 
        H079  5 0.2884 0.2363 0.3206 0.1547 
        H097  5 0.2371 0.3126 0.1607 0.2897 
        H107  5 0.1772 0.1597 0.2386 0.4246 
        H122  5 0.2593 0.3057 0.2330 0.2020 
        H123  5 0.2988 0.2980 0.2297 0.1735 
        H124  5 0.2639 0.2786 0.2854 0.1721 
        H131  5 0.2880 0.2541 0.2693 0.1886 
        H132  5 0.2302 0.2265 0.2608 0.2826 
        H141  5 0.2596 0.2299 0.2527 0.2578 
        H142  5 0.3144 0.2424 0.2774 0.1658 
        H157  5 0.2160 0.2066 0.2442 0.3332 
        H158  5 0.2578 0.3800 0.1782 0.1840 
        H159  5 0.3044 0.2628 0.2606 0.1722 
        H160  5 0.2797 0.2912 0.2145 0.2145 
        H163  5 0.3100 0.2335 0.2478 0.2087 
        H164  5 0.2708 0.2463 0.2605 0.2223 
        H165  5 0.2643 0.2412 0.3430 0.1514 
        H166  5 0.2458 0.2790 0.2675 0.2076 
        H169  5 0.2476 0.2324 0.2880 0.2321 
     H169613  5 0.2600 0.2332 0.2450 0.2618 
     H169653  5 0.2644 0.2580 0.2680 0.2096 
     H169728  5 0.3254 0.2597 0.2080 0.2069 
     H169742  5 0.2052 0.2077 0.3600 0.2271 
        H170  5 0.2055 0.3564 0.2044 0.2337 
        H171  5 0.2103 0.3711 0.2025 0.2160 
     H171851  5 0.2355 0.2714 0.2579 0.2353 
     H171852  5 0.2056 0.2582 0.2056 0.3306 
     H171853  5 0.2677 0.2058 0.2487 0.2778 
     H171854  5 0.2913 0.2392 0.2172 0.2523 
     H171938  5 0.2692 0.1881 0.3240 0.2186 
     H171939  5 0.2220 0.3247 0.2632 0.1901 
     H171941  5 0.1685 0.1869 0.2685 0.3761 
     H171965  5 0.2490 0.2728 0.2864 0.1918 
     H171970  5 0.1664 0.1729 0.2196 0.4411 
     H171973  5 0.2747 0.2133 0.3409 0.1711 
     H171974  5 0.2387 0.2011 0.3130 0.2472 
     H171975  5 0.2032 0.2122 0.2812 0.3034 
     H171976  5 0.2355 0.3291 0.1824 0.2530 
        H175  5 0.2063 0.1993 0.2835 0.3109 
        H178  5 0.2113 0.2349 0.2819 0.2718 
        H189  5 0.2974 0.2996 0.2465 0.1565 
        H399  5 0.2103 0.3931 0.1815 0.2151 
        H416  5 0.2370 0.2099 0.2965 0.2567 
        H438  5 0.2857 0.2003 0.2817 0.2324 
        H450  5 0.1979 0.2083 0.2352 0.3586 
        H455  5 0.1595 0.1759 0.2533 0.4113 
        H456  5 0.2369 0.2160 0.3128 0.2344 
        H457  5 0.1968 0.2554 0.2024 0.3455 
        H458  5 0.2124 0.2206 0.2601 0.3069 
        H459  5 0.3014 0.2723 0.2600 0.1663 
        H460  5 0.3130 0.2366 0.2125 0.2379 
        H461  5 0.2504 0.3285 0.1872 0.2339 
        H462  5 0.3023 0.2423 0.2719 0.1835 
        H469  5 0.3169 0.2358 0.2613 0.1859 
        H470  5 0.2777 0.2243 0.2285 0.2696 
        H471  5 0.3000 0.3560 0.1842 0.1598 
        H481  5 0.1920 0.1834 0.1989 0.4256 
        H482  5 0.2224 0.2221 0.2311 0.3244 
        H501  5 0.2496 0.2196 0.2789 0.2520 
        H502  5 0.2663 0.3132 0.2390 0.1816 
        H503  5 0.2765 0.3021 0.2215 0.2000 
        H509  5 0.2326 0.1995 0.2402 0.3278 
        H510  5 0.2306 0.2347 0.2990 0.2358 
        H511  5 0.2578 0.2746 0.2599 0.2077 
        H530  5 0.2450 0.2007 0.2968 0.2575 
        H531  5 0.2266 0.2452 0.2119 0.3163 
        H564  5 0.2124 0.2329 0.2640 0.2907 
        H565  5 0.1852 0.2061 0.2164 0.3923 
        H567  5 0.3055 0.2906 0.2496 0.1544 
     H568???  5 0.2505 0.3321 0.2196 0.1977 
        H608  5 0.2021 0.2043 0.2259 0.3677 
        H609  5 0.2230 0.2137 0.3420 0.2212 
        H612  5 0.2122 0.1687 0.2439 0.3752 
        H614  5 0.1819 0.2228 0.1996 0.3957 
        H615  5 0.2258 0.2440 0.1946 0.3356 
        H616  5 0.1733 0.1528 0.2253 0.4485 
        H617  5 0.3218 0.2498 0.2746 0.1538 
        H618  5 0.2049 0.2017 0.2339 0.3595 
        H619  5 0.1969 0.2043 0.4037 0.1951 
        H635  5 0.2565 0.2152 0.2766 0.2517 
        H636  5 0.2770 0.1885 0.3508 0.1837 
        H637  5 0.2137 0.2236 0.2841 0.2786 
        H644  5 0.2705 0.3990 0.1973 0.1332 
        H711  5 0.2011 0.3567 0.2189 0.2234 
        H712  5 0.1929 0.1899 0.3276 0.2895 
       H7360  5 0.2388 0.2766 0.2281 0.2564 
       H7361  5 0.2121 0.2121 0.2380 0.3378 
       H7362  5 0.2667 0.3825 0.2072 0.1437 
       H7363  5 0.2284 0.2516 0.2187 0.3012 
       H7394  5 0.3363 0.2377 0.2355 0.1904 
       H7395  5 0.2264 0.2280 0.3024 0.2432 
       H7396  5 0.2843 0.2212 0.2662 0.2283 
        H742  5 0.2064 0.2029 0.3596 0.2311 
        H743  5 0.1957 0.2683 0.2639 0.2721 
        H744  5 0.1954 0.1858 0.2259 0.3929 
        H957  5 0.2574 0.2935 0.2099 0.2393 
        H958  5 0.3356 0.2418 0.2258 0.1968 
        H959  5 0.1882 0.1750 0.2813 0.3555 
        H960  5 0.2494 0.2224 0.2955 0.2326 
      H_PALI  6 0.2810 0.2383 0.2529 0.2277 
        H581  6 0.2332 0.2501 0.2107 0.3060 
        H582  6 0.1816 0.2235 0.1908 0.4040 
        H583  6 0.2351 0.2451 0.2510 0.2688 
        H595  6 0.3745 0.2662 0.2035 0.1558 
        H596  6 0.3297 0.2848 0.2313 0.1543 
        H597  6 0.2370 0.3412 0.2567 0.1652 
        H598  6 0.2764 0.2082 0.2543 0.2611 
        H599  6 0.1882 0.1969 0.2797 0.3353 
        H642  6 0.3020 0.3373 0.1696 0.1911 
        H643  6 0.2624 0.2358 0.2625 0.2392 
        H664  6 0.2240 0.2844 0.1603 0.3312 
        H665  6 0.2502 0.1829 0.3564 0.2105 
        H674  6 0.2450 0.3869 0.2139 0.1543 
        H675  6 0.2194 0.2609 0.2145 0.3051 
        H676  6 0.3171 0.2714 0.1957 0.2157 
        H686  6 0.2690 0.2548 0.2466 0.2296 
        H687  6 0.2890 0.2640 0.2090 0.2379 
        H917  6 0.3336 0.2169 0.2883 0.1612 
        H918  6 0.2223 0.2235 0.3738 0.1804 
        H919  6 0.2160 0.1658 0.2599 0.3583 
        H920  6 0.2389 0.2245 0.2233 0.3133 
        H631  7 0.2117 0.2194 0.2672 0.3018 
        H684  7 0.2404 0.3331 0.2344 0.1920 
        H685  7 0.2659 0.2097 0.1571 0.3673 
        H713  7 0.2535 0.2113 0.1920 0.3432 
        H715  7 0.2405 0.3253 0.2226 0.2115 
        H716  7 0.1822 0.2325 0.3079 0.2774 
        H717  7 0.2138 0.2458 0.2690 0.2714 
        H729  7 0.3047 0.2264 0.3138 0.1552 
        H730  7 0.2232 0.2078 0.3222 0.2467 
        H431  8 0.2380 0.2085 0.2316 0.3219 
        H432  8 0.2346 0.3525 0.2492 0.1637 
        H433  8 0.3229 0.2122 0.2619 0.2030 
        H434  8 0.2691 0.2598 0.2570 0.2141 
        H444  8 0.2470 0.2025 0.3387 0.2118 
        H454  8 0.1878 0.1810 0.2414 0.3899 
        H475  8 0.2028 0.1955 0.1876 0.4141 
        H491  8 0.1832 0.2336 0.2682 0.3150 
        H492  8 0.2561 0.2169 0.2149 0.3121 
        H493  8 0.2455 0.2815 0.2284 0.2446 
        H494  8 0.2680 0.2261 0.2434 0.2625 
        H495  8 0.1678 0.2740 0.1683 0.3899 
        H662  8 0.2327 0.3199 0.2458 0.2016 
        H663  8 0.2492 0.2513 0.2589 0.2405 
        H695  8 0.2648 0.2103 0.2700 0.2549 
       H7367  8 0.3184 0.2573 0.2518 0.1725 
       H7368  8 0.2651 0.2738 0.2612 0.1999 
       H7369  8 0.2145 0.2067 0.3331 0.2458 
       H7370  8 0.4118 0.2433 0.2151 0.1298 
       H7371  8 0.3072 0.2128 0.2687 0.2113 
        H600  9 0.2251 0.2194 0.2363 0.3191 
        H648  9 0.2392 0.2793 0.2203 0.2612 
        H696  9 0.2865 0.3784 0.1989 0.1362 
        H697  9 0.2414 0.2438 0.2772 0.2377 
        H698  9 0.2690 0.2873 0.2445 0.1991 
        H699  9 0.2508 0.2528 0.2384 0.2580 
        H700  9 0.2416 0.2085 0.2668 0.2831 
        H732  9 0.1907 0.2416 0.1868 0.3808 
        H733  9 0.3279 0.2473 0.2424 0.1825 
        H734  9 0.3463 0.2793 0.2194 0.1550 
        H735  9 0.2949 0.2837 0.2142 0.2071 
        H736  9 0.2659 0.2554 0.2486 0.2301 
        H737  9 0.2038 0.2437 0.2465 0.3059 
        H905  9 0.2083 0.1881 0.2777 0.3259 
        H921  9 0.2383 0.1964 0.2876 0.2777 
        H922  9 0.3245 0.2440 0.2771 0.1544 
     H169705 10 0.3475 0.2347 0.2074 0.2103 
     H171942 10 0.2309 0.3424 0.2657 0.1609 
     H171943 10 0.2783 0.2853 0.2289 0.2075 
     H171944 10 0.3260 0.2202 0.2392 0.2146 
     H171946 10 0.2124 0.2855 0.1793 0.3228 
     H171947 10 0.2430 0.2640 0.2740 0.2191 
     H229641 10 0.2920 0.2397 0.2071 0.2612 
      H30001 10 0.2888 0.2103 0.2482 0.2526 
      H30002 10 0.2435 0.2240 0.2984 0.2341 
      H30005 10 0.3042 0.2550 0.2154 0.2254 
      H30006 10 0.2765 0.3138 0.2075 0.2022 
      H30007 10 0.2006 0.4070 0.2356 0.1569 
        H451 10 0.3130 0.2362 0.2675 0.1833 
        H452 10 0.2760 0.2965 0.1945 0.2330 
        H453 10 0.1567 0.2299 0.2114 0.4020 
        H473 10 0.2013 0.2382 0.2874 0.2731 
        H474 10 0.2104 0.2137 0.1424 0.4334 
        H486 10 0.2514 0.2248 0.2202 0.3035 
        H487 10 0.2226 0.2350 0.2303 0.3121 
        H488 10 0.2371 0.1940 0.3129 0.2560 
        H489 10 0.2322 0.1970 0.2067 0.3641 
        H550 10 0.2867 0.3219 0.2080 0.1834 
        H551 10 0.2807 0.2079 0.2539 0.2575 
        H553 10 0.2288 0.2433 0.1810 0.3469 
        H554 10 0.2649 0.2830 0.2516 0.2005 
        H556 10 0.2283 0.3093 0.2170 0.2454 
        H580 10 0.2423 0.2722 0.2885 0.1970 
        H591 10 0.1801 0.1843 0.2135 0.4221 
        H592 10 0.2893 0.2065 0.2189 0.2853 
        H593 10 0.2644 0.2593 0.2619 0.2144 
        H594 10 0.2777 0.3300 0.2513 0.1411 
        H627 10 0.2796 0.2733 0.1879 0.2592 
        H628 10 0.2248 0.2408 0.4021 0.1323 
        H629 10 0.2376 0.2949 0.2090 0.2585 
        H630 10 0.2972 0.2703 0.1973 0.2353 
        H638 10 0.3408 0.2396 0.2110 0.2086 
        H639 10 0.2154 0.2400 0.1632 0.3814 
        H640 10 0.3408 0.2817 0.2042 0.1732 
        H704 10 0.2113 0.3545 0.2566 0.1776 
        H705 10 0.3492 0.2260 0.2169 0.2079 
        H706 10 0.2186 0.1802 0.2772 0.3241 
        H708 10 0.2087 0.2069 0.2172 0.3672 
       H7351 10 0.2556 0.2703 0.2474 0.2268 
       H7352 10 0.2376 0.2452 0.2557 0.2615 
       H7353 10 0.2214 0.3879 0.1897 0.2011 
       H7354 10 0.2039 0.2007 0.2967 0.2987 
       H7365 10 0.2348 0.1936 0.2172 0.3544 
       H7383 10 0.2543 0.1800 0.2807 0.2849 
       H7384 10 0.2212 0.2123 0.2825 0.2840 
       H7385 10 0.2404 0.1978 0.2207 0.3411 
       H7386 10 0.2571 0.2409 0.2902 0.2119 
       H7387 10 0.2689 0.2423 0.2779 0.2109 
       H7388 10 0.2598 0.2651 0.2325 0.2426 
        H906 10 0.1672 0.2665 0.2505 0.3157 
        H907 10 0.3512 0.2653 0.2006 0.1828 
        H908 10 0.2877 0.2209 0.2352 0.2562 
        H909 10 0.2141 0.2059 0.3349 0.2451 
       H9552 10 0.2316 0.2728 0.2579 0.2378 
       H9553 10 0.2456 0.2557 0.2047 0.2940 
       H9555 10 0.3292 0.2145 0.2779 0.1783 
       H9575 10 0.2155 0.2498 0.1947 0.3399 
       H9703 10 0.1858 0.2075 0.1842 0.4225 
       H9707 10 0.2435 0.2171 0.1905 0.3488 
       HSAA4 10 0.2470 0.2656 0.2894 0.1980 
        H001 11 0.2040 0.2220 0.2994 0.2745 
        H004 11 0.2581 0.2360 0.2867 0.2192 
        H005 11 0.1845 0.1605 0.2541 0.4009 
        H006 11 0.2940 0.2021 0.2796 0.2243 
        H007 11 0.1871 0.1846 0.2911 0.3371 
        H031 11 0.2264 0.1724 0.2067 0.3945 
        H074 11 0.2480 0.2175 0.1806 0.3539 
        H075 11 0.1962 0.1829 0.2870 0.3339 
        H080 11 0.2209 0.1989 0.2219 0.3583 
        H086 11 0.2553 0.2533 0.2264 0.2650 
        H092 11 0.2585 0.2211 0.2247 0.2957 
        H093 11 0.2394 0.3383 0.2615 0.1608 
        H094 11 0.3465 0.2676 0.1855 0.2005 
        H095 11 0.2212 0.2116 0.2499 0.3173 
        H096 11 0.2125 0.1873 0.3236 0.2766 
        H099 11 0.2469 0.2239 0.2296 0.2997 
        H100 11 0.2370 0.2867 0.3226 0.1537 
        H127 11 0.2214 0.2393 0.2370 0.3023 
        H136 11 0.1969 0.1918 0.2054 0.4059 
        H153 11 0.2744 0.2591 0.2261 0.2404 
        H154 11 0.2347 0.2163 0.1873 0.3617 
        H155 11 0.2457 0.2287 0.3690 0.1566 
        H156 11 0.2852 0.2339 0.3525 0.1284 
        H161 11 0.2212 0.2887 0.2522 0.2380 
        H162 11 0.3205 0.2887 0.2197 0.1711 
        H167 11 0.2428 0.2512 0.3017 0.2042 
        H168 11 0.2485 0.2437 0.2768 0.2310 
     H169586 11 0.1957 0.3356 0.1710 0.2977 
     H169738 11 0.2862 0.2259 0.3095 0.1783 
     H169741 11 0.2552 0.2111 0.2083 0.3254 
     H171801 11 0.2560 0.3082 0.2517 0.1841 
     H171810 11 0.2513 0.2181 0.2044 0.3262 
     H171811 11 0.2072 0.2488 0.1877 0.3563 
     H171812 11 0.1774 0.1832 0.4016 0.2379 
     H171820 11 0.2054 0.2222 0.2106 0.3618 
     H171821 11 0.2904 0.2343 0.2719 0.2034 
     H171822 11 0.3023 0.2340 0.2461 0.2177 
     H171823 11 0.1659 0.2699 0.1653 0.3988 
     H171866 11 0.2346 0.3149 0.2494 0.2011 
     H171867 11 0.3183 0.2012 0.3037 0.1768 
     H171967 11 0.2164 0.1964 0.2604 0.3267 
     H171969 11 0.2472 0.2373 0.2759 0.2397 
        H172 11 0.2752 0.2175 0.2972 0.2101 
        H173 11 0.2885 0.1970 0.3066 0.2079 
        H174 11 0.3175 0.3333 0.1919 0.1574 
        H196 11 0.2738 0.2553 0.2851 0.1857 
        H197 11 0.3065 0.2156 0.2865 0.1914 
        H346 11 0.2247 0.1925 0.3158 0.2670 
        H355 11 0.2221 0.2260 0.2724 0.2794 
        H356 11 0.2373 0.2475 0.2329 0.2823 
        H357 11 0.2449 0.2006 0.2490 0.3055 
        H358 11 0.2611 0.1845 0.3339 0.2205 
        H359 11 0.2758 0.2520 0.2427 0.2294 
        H360 11 0.2554 0.2161 0.2797 0.2488 
        H361 11 0.2454 0.2311 0.2960 0.2275 
        H362 11 0.3852 0.2461 0.2193 0.1494 
        H363 11 0.2320 0.1873 0.2321 0.3487 
        H364 11 0.2155 0.2651 0.2743 0.2452 
        H365 11 0.2168 0.2456 0.3404 0.1971 
        H366 11 0.2487 0.2626 0.3034 0.1853 
        H367 11 0.2024 0.2161 0.1810 0.4005 
        H368 11 0.3187 0.3142 0.2049 0.1622 
        H369 11 0.2271 0.1688 0.2120 0.3921 
        H370 11 0.2993 0.2582 0.2667 0.1757 
        H371 11 0.2815 0.2509 0.2158 0.2518 
        H372 11 0.2473 0.2448 0.2885 0.2194 
        H373 11 0.2416 0.2351 0.2672 0.2561 
        H374 11 0.1992 0.1997 0.2984 0.3027 
        H375 11 0.2420 0.1964 0.2987 0.2629 
        H376 11 0.2418 0.2838 0.2802 0.1942 
        H377 11 0.2773 0.2083 0.2354 0.2789 
        H378 11 0.2259 0.2621 0.2272 0.2847 
        H379 11 0.3023 0.2527 0.2159 0.2291 
        H380 11 0.2845 0.2060 0.3506 0.1590 
        H381 11 0.2126 0.2497 0.1923 0.3454 
        H382 11 0.3428 0.2652 0.2630 0.1291 
        H383 11 0.2235 0.2640 0.3500 0.1624 
        H384 11 0.2136 0.2259 0.2507 0.3098 
        H385 11 0.2599 0.2159 0.2163 0.3079 
        H386 11 0.2726 0.1874 0.3550 0.1850 
        H387 11 0.1909 0.3454 0.2033 0.2605 
        H388 11 0.2461 0.2744 0.3298 0.1497 
        H389 11 0.2684 0.2085 0.2854 0.2376 
        H390 11 0.3097 0.2452 0.2583 0.1868 
        H391 11 0.2586 0.3246 0.2288 0.1880 
        H392 11 0.2012 0.1946 0.2780 0.3262 
        H393 11 0.2177 0.3106 0.2996 0.1721 
        H394 11 0.2099 0.4003 0.2078 0.1819 
        H395 11 0.2129 0.1899 0.2487 0.3486 
        H408 11 0.2205 0.1905 0.3344 0.2546 
        H412 11 0.2111 0.2802 0.1341 0.3746 
        H417 11 0.2314 0.2239 0.2667 0.2779 
        H418 11 0.2425 0.2868 0.1831 0.2876 
        H429 11 0.2373 0.2387 0.3227 0.2013 
        H430 11 0.2894 0.2336 0.2979 0.1791 
        H439 11 0.2653 0.2117 0.2552 0.2678 
        H440 11 0.1893 0.2042 0.2269 0.3796 
        H441 11 0.3356 0.2331 0.2408 0.1905 
        H442 11 0.2536 0.2610 0.2995 0.1858 
        H446 11 0.2629 0.2704 0.2327 0.2339 
        H447 11 0.3017 0.2295 0.3093 0.1595 
        H448 11 0.2690 0.2075 0.3208 0.2027 
        H534 11 0.1658 0.2203 0.1819 0.4321 
        H537 11 0.2034 0.2402 0.1856 0.3708 
        H568 11 0.1933 0.1814 0.1778 0.4474 
        H569 11 0.3484 0.2404 0.2727 0.1385 
        H586 11 0.1971 0.3392 0.1656 0.2980 
        H587 11 0.1994 0.1768 0.2006 0.4233 
        H588 11 0.2206 0.3597 0.2540 0.1657 
        H589 11 0.1809 0.1853 0.2406 0.3932 
        H590 11 0.1902 0.2155 0.2239 0.3705 
        H601 11 0.2815 0.2935 0.2620 0.1631 
        H602 11 0.2598 0.2108 0.2263 0.3031 
        H603 11 0.2961 0.2144 0.3045 0.1850 
        H610 11 0.2633 0.2421 0.2310 0.2636 
        H611 11 0.3166 0.2084 0.1831 0.2918 
        H649 11 0.2478 0.2405 0.2648 0.2468 
        H650 11 0.3379 0.2692 0.1953 0.1976 
        H651 11 0.2483 0.2029 0.3171 0.2317 
        H652 11 0.2400 0.2790 0.2083 0.2727 
       H7364 11 0.2712 0.2344 0.3034 0.1910 
       H7366 11 0.2388 0.2073 0.3014 0.2525 
       H7378 11 0.2731 0.4451 0.1593 0.1225 
       H7379 11 0.2586 0.2352 0.2544 0.2519 
        H739 11 0.2487 0.2107 0.2013 0.3393 
        H740 11 0.3057 0.2730 0.2147 0.2065 
        H741 11 0.2575 0.2053 0.2115 0.3257 
        H926 11 0.2908 0.2657 0.2195 0.2240 
        H927 11 0.3257 0.2352 0.2669 0.1721 
        H928 11 0.3336 0.2430 0.1891 0.2342 
       H9560 11 0.2830 0.2903 0.2117 0.2151 
        H409 12 0.2916 0.2197 0.3201 0.1686 
        H413 12 0.2478 0.3980 0.2044 0.1498 
        H419 12 0.2462 0.2125 0.3278 0.2135 
        H420 12 0.2067 0.2266 0.2540 0.3126 
        H421 12 0.2616 0.2907 0.2988 0.1489 
        H435 12 0.2572 0.2968 0.2676 0.1783 
        H436 12 0.2441 0.2083 0.3212 0.2265 
        H437 12 0.1931 0.2318 0.2182 0.3568 
        H445 12 0.2446 0.2093 0.3738 0.1723 
        H449 12 0.2205 0.3373 0.2245 0.2178 
        H463 12 0.2278 0.2334 0.2296 0.3092 
        H464 12 0.2618 0.3346 0.2247 0.1789 
        H465 12 0.2304 0.3571 0.1692 0.2432 
        H490 12 0.2781 0.3219 0.2296 0.1704 
        H561 12 0.2729 0.2382 0.2309 0.2580 
        H562 12 0.2427 0.1783 0.3653 0.2136 
        H563 12 0.2615 0.1932 0.2609 0.2844 
        H570 12 0.2243 0.1905 0.2748 0.3104 
        H571 12 0.2647 0.3222 0.1915 0.2215 
        H572 12 0.2372 0.2308 0.2532 0.2787 
        H573 12 0.2778 0.2373 0.3192 0.1657 
       H7372 12 0.2989 0.2286 0.3456 0.1270 
       H7373 12 0.2353 0.3920 0.1967 0.1761 
       H7374 12 0.1787 0.2217 0.2788 0.3209 
       H7375 12 0.2270 0.2148 0.2560 0.3022 
       H7376 12 0.2286 0.1929 0.4294 0.1490 
       H7377 12 0.2839 0.2123 0.1983 0.3054 
