        H102  1 0.1971 0.3449 0.2649 0.1931 
        H103  1 0.3234 0.2084 0.1364 0.3318 
        H104  1 0.1840 0.2606 0.3628 0.1925 
        H105  1 0.2240 0.3396 0.2100 0.2264 
        H106  1 0.2581 0.2225 0.2528 0.2666 
        H112  1 0.1948 0.2780 0.3207 0.2064 
        H113  1 0.2135 0.3287 0.2199 0.2379 
        H114  1 0.2137 0.3642 0.1640 0.2581 
        H115  1 0.1647 0.3787 0.2743 0.1822 
        H143  1 0.2140 0.3666 0.2075 0.2118 
        H144  1 0.2831 0.3153 0.1424 0.2592 
        H145  1 0.3177 0.2370 0.1437 0.3016 
        H149  1 0.2030 0.2631 0.3326 0.2013 
        H150  1 0.2624 0.2735 0.2361 0.2280 
     H167542  1 0.2132 0.3929 0.1895 0.2044 
     H169604  1 0.2277 0.3398 0.2012 0.2312 
     H169607  1 0.2732 0.2957 0.1651 0.2661 
     H169608  1 0.1988 0.2436 0.3579 0.1997 
     H169633  1 0.2542 0.3220 0.1500 0.2738 
     H169688  1 0.3169 0.1804 0.1990 0.3037 
     H169714  1 0.2279 0.2367 0.3200 0.2154 
     H171802  1 0.2285 0.1751 0.3547 0.2417 
     H171805  1 0.2803 0.2612 0.1719 0.2866 
     H171807  1 0.2286 0.2485 0.2963 0.2266 
     H171814  1 0.3148 0.2105 0.1514 0.3233 
     H171816  1 0.2220 0.2365 0.3099 0.2316 
     H171817  1 0.2158 0.2655 0.2915 0.2272 
     H171818  1 0.2396 0.2758 0.2342 0.2504 
     H171819  1 0.2332 0.2532 0.2569 0.2568 
     H171834  1 0.2149 0.3213 0.2335 0.2303 
     H171835  1 0.1917 0.1936 0.4093 0.2053 
     H171836  1 0.2966 0.2555 0.1206 0.3273 
     H171837  1 0.2090 0.2797 0.2872 0.2242 
     H171838  1 0.2916 0.2265 0.1864 0.2955 
     H171839  1 0.2071 0.2983 0.2787 0.2159 
     H171841  1 0.2073 0.1546 0.4319 0.2063 
     H171860  1 0.2303 0.2998 0.2356 0.2343 
     H171861  1 0.2634 0.3392 0.1220 0.2754 
     H171862  1 0.2339 0.2927 0.2327 0.2406 
     H171868  1 0.1843 0.4280 0.1959 0.1918 
     H171869  1 0.3219 0.2041 0.1907 0.2833 
     H171870  1 0.2684 0.2057 0.2638 0.2622 
     H171871  1 0.3014 0.2073 0.1785 0.3127 
     H171872  1 0.2007 0.3030 0.2855 0.2108 
     H171873  1 0.2822 0.1834 0.2634 0.2709 
     H171874  1 0.2579 0.3064 0.1867 0.2490 
     H171875  1 0.2689 0.3440 0.1362 0.2510 
     H171876  1 0.2534 0.3279 0.1656 0.2531 
     H171877  1 0.2020 0.3809 0.2034 0.2136 
     H171878  1 0.2764 0.1773 0.2778 0.2684 
     H171901  1 0.2519 0.1714 0.3211 0.2556 
     H171902  1 0.2849 0.2272 0.2447 0.2431 
     H171903  1 0.2389 0.2797 0.2420 0.2394 
     H171935  1 0.2605 0.1624 0.3157 0.2614 
     H171936  1 0.2594 0.2911 0.1751 0.2744 
     H171940  1 0.2126 0.2859 0.3012 0.2003 
     H171945  1 0.2719 0.2228 0.2397 0.2657 
     H171948  1 0.2134 0.2837 0.2905 0.2124 
     H171949  1 0.2011 0.2150 0.3847 0.1993 
     H171950  1 0.1976 0.1869 0.4226 0.1929 
     H171963  1 0.3193 0.1964 0.1842 0.3001 
     H171964  1 0.3261 0.2202 0.1859 0.2678 
     H171966  1 0.2602 0.2302 0.2434 0.2662 
     H171968  1 0.2323 0.2736 0.2761 0.2180 
     H171971  1 0.2822 0.1871 0.2418 0.2889 
     H171972  1 0.3114 0.2258 0.1604 0.3024 
     H171977  1 0.3121 0.2195 0.1664 0.3020 
     H171978  1 0.2599 0.2067 0.2888 0.2447 
     H171979  1 0.2995 0.2492 0.1404 0.3109 
        H176  1 0.2437 0.3115 0.2097 0.2351 
        H177  1 0.1904 0.2226 0.3905 0.1965 
        H179  1 0.1805 0.2927 0.3396 0.1872 
        H181  1 0.2809 0.2533 0.1724 0.2934 
        H182  1 0.2790 0.2998 0.1385 0.2828 
        H183  1 0.3215 0.1810 0.1870 0.3105 
        H184  1 0.2122 0.2681 0.2985 0.2211 
        H185  1 0.2901 0.2653 0.1763 0.2684 
        H186  1 0.2410 0.2620 0.2875 0.2096 
        H187  1 0.2760 0.1939 0.2293 0.3009 
        H188  1 0.1924 0.3178 0.2951 0.1947 
        H192  1 0.2117 0.2414 0.3311 0.2158 
        H193  1 0.2849 0.2908 0.1597 0.2647 
        H194  1 0.2246 0.2948 0.2546 0.2259 
        H195  1 0.3286 0.1944 0.1790 0.2980 
        H199  1 0.3267 0.1971 0.1770 0.2992 
        H200  1 0.2272 0.2300 0.3082 0.2346 
        H414  1 0.2818 0.2371 0.1937 0.2874 
        H415  1 0.2451 0.2937 0.1868 0.2743 
        H422  1 0.2627 0.2274 0.2752 0.2347 
        H423  1 0.1807 0.1799 0.4688 0.1706 
        H424  1 0.3080 0.2340 0.1567 0.3014 
        H425  1 0.3370 0.2071 0.1653 0.2905 
        H426  1 0.3393 0.1692 0.1931 0.2984 
        H443  1 0.2922 0.2993 0.1787 0.2299 
        H466  1 0.2475 0.2482 0.2476 0.2566 
        H467  1 0.2069 0.2028 0.3904 0.1999 
        H472  1 0.2658 0.2365 0.2315 0.2662 
        H483  1 0.2247 0.3755 0.1627 0.2372 
        H504  1 0.3264 0.1970 0.1630 0.3136 
        H505  1 0.2335 0.2263 0.3107 0.2295 
        H506  1 0.2402 0.2826 0.2400 0.2371 
        H507  1 0.3080 0.2660 0.1259 0.3001 
        H508  1 0.2628 0.1929 0.2787 0.2656 
        H524  1 0.2966 0.2488 0.1534 0.3012 
        H525  1 0.2717 0.2761 0.2008 0.2514 
        H526  1 0.2210 0.3665 0.1899 0.2226 
        H527  1 0.2340 0.2209 0.3068 0.2383 
        H528  1 0.2810 0.2884 0.1546 0.2760 
        H529  1 0.3157 0.2654 0.1413 0.2775 
        H533  1 0.2901 0.2651 0.1255 0.3193 
        H538  1 0.2292 0.2927 0.2462 0.2319 
        H539  1 0.3054 0.1879 0.2095 0.2971 
        H540  1 0.2556 0.2673 0.2229 0.2542 
        H541  1 0.2238 0.3430 0.2021 0.2311 
        H558  1 0.3238 0.1719 0.1990 0.3052 
        H559  1 0.2092 0.3552 0.2266 0.2090 
        H579  1 0.2826 0.2920 0.1741 0.2514 
        H584  1 0.3060 0.2201 0.1860 0.2879 
        H585  1 0.2819 0.2279 0.2041 0.2861 
        H605  1 0.2573 0.2413 0.2582 0.2432 
        H606  1 0.1785 0.2700 0.3817 0.1698 
        H632  1 0.2920 0.2715 0.1750 0.2615 
        H634  1 0.2748 0.2377 0.2011 0.2864 
        H671  1 0.2062 0.1936 0.3958 0.2044 
        H672  1 0.2825 0.2100 0.2221 0.2853 
        H673  1 0.2725 0.3029 0.1829 0.2417 
        H689  1 0.2601 0.3171 0.1777 0.2451 
        H690  1 0.1898 0.3020 0.3049 0.2034 
        H691  1 0.2020 0.3880 0.2026 0.2074 
        H692  1 0.3209 0.2846 0.1102 0.2843 
        H709  1 0.2577 0.2658 0.1952 0.2812 
        H710  1 0.2971 0.2853 0.1312 0.2864 
       H7355  1 0.2124 0.4118 0.1529 0.2229 
       H7356  1 0.2762 0.2427 0.2198 0.2613 
       H7357  1 0.2010 0.3223 0.2603 0.2164 
       H7358  1 0.2767 0.2856 0.1652 0.2724 
       H7380  1 0.2310 0.3540 0.1861 0.2289 
       H7381  1 0.2586 0.1898 0.3131 0.2386 
       H7382  1 0.2494 0.3247 0.1925 0.2334 
        H904  1 0.1397 0.2423 0.4772 0.1408 
        H923  1 0.2679 0.2283 0.2418 0.2620 
        H924  1 0.2400 0.2451 0.2766 0.2382 
        H925  1 0.2510 0.3112 0.1841 0.2536 
       H9558  1 0.3285 0.1621 0.1800 0.3294 
        H008  2 0.2518 0.3286 0.1532 0.2664 
        H021  2 0.2081 0.2698 0.3116 0.2105 
        H023  2 0.2108 0.2664 0.3066 0.2163 
        H024  2 0.3267 0.1942 0.1540 0.3251 
        H025  2 0.2460 0.1839 0.3490 0.2211 
        H026  2 0.3303 0.1967 0.1605 0.3125 
        H027  2 0.2419 0.2985 0.2018 0.2578 
        H028  2 0.2845 0.2436 0.1853 0.2865 
        H029  2 0.2900 0.2458 0.1703 0.2939 
        H030  2 0.3225 0.1978 0.1596 0.3202 
        H038  2 0.2380 0.1887 0.3360 0.2373 
        H039  2 0.1373 0.1308 0.5958 0.1361 
        H040  2 0.2316 0.1816 0.3276 0.2592 
        H041  2 0.2179 0.3403 0.2107 0.2310 
        H042  2 0.2369 0.2537 0.2651 0.2443 
        H043  2 0.2239 0.1468 0.4047 0.2247 
        H044  2 0.3006 0.1981 0.1782 0.3231 
        H047  2 0.2407 0.1840 0.3265 0.2489 
        H050  2 0.3025 0.1955 0.1796 0.3224 
        H058  2 0.2646 0.1796 0.2901 0.2657 
        H062  2 0.2190 0.2806 0.2950 0.2054 
        H063  2 0.2004 0.2214 0.3615 0.2167 
        H065  2 0.2941 0.2018 0.2470 0.2571 
        H066  2 0.2928 0.1751 0.2218 0.3103 
        H067  2 0.2220 0.3720 0.1833 0.2227 
        H068  2 0.2379 0.1742 0.3507 0.2371 
        H069  2 0.3131 0.1613 0.2269 0.2987 
        H071  2 0.2239 0.2328 0.3140 0.2293 
        H072  2 0.1888 0.1948 0.4244 0.1920 
        H073  2 0.2761 0.2679 0.1936 0.2624 
        H081  2 0.1863 0.3677 0.2523 0.1938 
        H082  2 0.3021 0.2247 0.1404 0.3327 
        H083  2 0.3043 0.2321 0.1607 0.3029 
        H084  2 0.2583 0.1939 0.2669 0.2808 
        H085  2 0.2067 0.3739 0.2062 0.2132 
        H087  2 0.1766 0.4337 0.2052 0.1846 
        H088  2 0.1985 0.2617 0.3295 0.2102 
        H089  2 0.2383 0.3447 0.1767 0.2402 
        H090  2 0.2895 0.2286 0.1696 0.3123 
        H091  2 0.2663 0.2963 0.1467 0.2907 
        H098  2 0.2664 0.2528 0.2039 0.2769 
      H10001  2 0.1397 0.1439 0.5818 0.1346 
      H10002  2 0.1833 0.3152 0.3124 0.1891 
        H101  2 0.3143 0.1588 0.1746 0.3523 
        H108  2 0.1773 0.3216 0.3325 0.1685 
        H109  2 0.2652 0.1744 0.2842 0.2761 
        H110  2 0.2007 0.4289 0.1710 0.1993 
        H116  2 0.2977 0.2322 0.1877 0.2824 
        H117  2 0.2217 0.3336 0.1831 0.2616 
        H118  2 0.3024 0.2747 0.1305 0.2924 
        H119  2 0.2039 0.2819 0.3048 0.2095 
        H120  2 0.1582 0.2426 0.4500 0.1491 
        H121  2 0.2764 0.2651 0.1686 0.2899 
        H125  2 0.1382 0.1500 0.5759 0.1359 
        H126  2 0.2978 0.2120 0.2262 0.2640 
        H128  2 0.3577 0.1774 0.0979 0.3670 
        H129  2 0.3232 0.2229 0.1497 0.3042 
        H130  2 0.2436 0.1570 0.3613 0.2381 
        H133  2 0.1878 0.1624 0.4575 0.1923 
        H134  2 0.3761 0.1718 0.1528 0.2994 
        H135  2 0.2140 0.3271 0.2383 0.2206 
        H137  2 0.2693 0.2226 0.2176 0.2905 
        H138  2 0.3101 0.2135 0.1661 0.3103 
        H140  2 0.2578 0.2569 0.2321 0.2533 
        H146  2 0.2856 0.2302 0.1840 0.3003 
        H147  2 0.2211 0.3495 0.1837 0.2458 
        H148  2 0.1953 0.4037 0.1793 0.2217 
     H166022  2 0.2669 0.2922 0.1564 0.2844 
     H167359  2 0.2764 0.2128 0.2198 0.2909 
     H167397  2 0.2958 0.2685 0.1057 0.3300 
     H167428  2 0.2584 0.3774 0.1127 0.2516 
     H167496  2 0.1699 0.2461 0.4022 0.1818 
     H167513  2 0.2713 0.1894 0.2403 0.2990 
     H167545  2 0.3349 0.2036 0.1525 0.3089 
     H167547  2 0.3305 0.1735 0.1507 0.3453 
     H169621  2 0.2769 0.2634 0.1729 0.2868 
     H169622  2 0.2734 0.2929 0.1708 0.2629 
     H169750  2 0.2632 0.1665 0.3141 0.2563 
     H171806  2 0.2642 0.1970 0.2758 0.2629 
     H171808  2 0.2909 0.2225 0.1970 0.2896 
     H171809  2 0.2095 0.3394 0.2400 0.2111 
     H171813  2 0.2754 0.2153 0.2418 0.2676 
     H171815  2 0.2034 0.1551 0.4440 0.1974 
     H171824  2 0.1641 0.3282 0.3393 0.1684 
     H171825  2 0.2706 0.2778 0.1965 0.2550 
     H171826  2 0.2073 0.3075 0.2678 0.2175 
     H171827  2 0.2175 0.2942 0.2507 0.2376 
     H171828  2 0.1460 0.2236 0.4806 0.1498 
     H171829  2 0.2933 0.1794 0.2480 0.2793 
     H171830  2 0.2427 0.2263 0.2435 0.2875 
     H171831  2 0.3165 0.2370 0.1517 0.2948 
     H171832  2 0.2886 0.2335 0.2079 0.2700 
     H171863  2 0.3603 0.1645 0.1300 0.3452 
     H171864  2 0.2524 0.2652 0.2047 0.2777 
     H171865  2 0.2196 0.1599 0.4032 0.2173 
     H171879  2 0.2725 0.2197 0.2217 0.2861 
     H171880  2 0.2708 0.2298 0.1893 0.3101 
     H171881  2 0.2357 0.3374 0.1828 0.2441 
     H171882  2 0.1600 0.1886 0.4853 0.1662 
     H171929  2 0.2603 0.2776 0.2036 0.2586 
     H171930  2 0.3240 0.1783 0.1415 0.3562 
     H171933  2 0.2618 0.2561 0.2043 0.2778 
     H171934  2 0.2448 0.3124 0.2068 0.2360 
     H171937  2 0.3276 0.1820 0.1952 0.2953 
     H171962  2 0.2578 0.3034 0.1823 0.2565 
        H190  2 0.2828 0.2703 0.1708 0.2761 
        H191  2 0.2689 0.2322 0.2383 0.2605 
        H396  2 0.2301 0.2917 0.2461 0.2322 
        H397  2 0.2797 0.2383 0.1901 0.2918 
        H398  2 0.2818 0.2103 0.2574 0.2506 
        H400  2 0.2615 0.2712 0.2110 0.2564 
        H401  2 0.3315 0.2117 0.1252 0.3316 
        H402  2 0.2539 0.3031 0.1612 0.2818 
        H427  2 0.2081 0.3664 0.2137 0.2119 
        H428  2 0.2571 0.3842 0.1145 0.2443 
        H497  2 0.2521 0.1897 0.3047 0.2535 
        H512  2 0.2394 0.2783 0.2285 0.2538 
        H513  2 0.2792 0.1926 0.2407 0.2874 
        H514  2 0.2908 0.2154 0.2133 0.2805 
        H519  2 0.2722 0.2017 0.2410 0.2850 
        H532  2 0.2521 0.3384 0.1608 0.2487 
        H543  2 0.2436 0.3185 0.1619 0.2760 
        H544  2 0.3198 0.1660 0.2337 0.2805 
        H545  2 0.3404 0.1975 0.1429 0.3192 
        H546  2 0.2431 0.1857 0.3457 0.2256 
        H547  2 0.3363 0.1717 0.1497 0.3423 
        H548  2 0.2531 0.3011 0.1895 0.2562 
        H549  2 0.3213 0.1552 0.2058 0.3178 
        H620  2 0.1562 0.1910 0.4947 0.1581 
        H623  2 0.3041 0.2070 0.1848 0.3040 
        H624  2 0.2591 0.1445 0.3418 0.2546 
        H625  2 0.2736 0.2645 0.1947 0.2672 
        H626  2 0.2628 0.2285 0.2363 0.2724 
        H654  2 0.1566 0.1334 0.5510 0.1590 
        H655  2 0.2206 0.2161 0.3158 0.2475 
        H656  2 0.1708 0.2207 0.4471 0.1614 
        H666  2 0.1912 0.1429 0.4847 0.1812 
        H667  2 0.2214 0.3401 0.2067 0.2318 
        H677  2 0.2576 0.2761 0.2002 0.2662 
        H693  2 0.1650 0.3329 0.3403 0.1618 
        H694  2 0.2971 0.2152 0.1831 0.3045 
        H701  2 0.2744 0.2561 0.1772 0.2923 
        H702  2 0.2304 0.2621 0.2609 0.2465 
        H731  2 0.2035 0.2870 0.3101 0.1993 
       H7359  2 0.2742 0.2209 0.2238 0.2811 
       H7389  2 0.2888 0.2149 0.2070 0.2894 
       H7390  2 0.2126 0.1862 0.4005 0.2006 
       H7391  2 0.1820 0.4471 0.1777 0.1932 
       H7392  2 0.2564 0.2212 0.2741 0.2483 
       H7393  2 0.2369 0.2195 0.3067 0.2370 
       H7398  2 0.2106 0.3542 0.2179 0.2173 
       H7399  2 0.2613 0.3009 0.1651 0.2727 
       H7400  2 0.1684 0.1543 0.5181 0.1591 
        H745  2 0.3540 0.1885 0.1601 0.2973 
        H746  2 0.2641 0.2858 0.1705 0.2796 
        H747  2 0.2342 0.1845 0.3416 0.2398 
        H748  2 0.2518 0.2338 0.2426 0.2718 
       H7484  2 0.1944 0.1851 0.4243 0.1963 
       H7485  2 0.3101 0.2084 0.1952 0.2863 
        H749  2 0.2841 0.2598 0.1699 0.2861 
        H930  2 0.3127 0.1889 0.1540 0.3444 
        H931  2 0.2469 0.2863 0.2244 0.2424 
        H932  2 0.2640 0.2180 0.2524 0.2656 
        H111  3 0.3094 0.1949 0.1691 0.3267 
        H951  3 0.2911 0.2412 0.1680 0.2997 
        H952  3 0.2921 0.1863 0.2241 0.2975 
        H953  3 0.2510 0.3352 0.1652 0.2486 
        H954  3 0.2057 0.1875 0.3925 0.2143 
        H955  3 0.3051 0.2037 0.1643 0.3269 
        H956  3 0.2349 0.2527 0.2504 0.2620 
       H9563  3 0.2074 0.2780 0.2951 0.2195 
        H002  4 0.2309 0.1850 0.3736 0.2104 
        H003  4 0.2441 0.3469 0.1657 0.2433 
        H009  4 0.3265 0.1920 0.1879 0.2936 
        H010  4 0.2402 0.3105 0.2068 0.2425 
        H011  4 0.1695 0.2496 0.4137 0.1671 
        H012  4 0.2287 0.3770 0.1639 0.2304 
        H013  4 0.1927 0.3386 0.2820 0.1866 
        H014  4 0.2551 0.2654 0.2356 0.2438 
        H045  4 0.2060 0.3048 0.2896 0.1996 
        H046  4 0.2792 0.2913 0.1632 0.2664 
        H051  4 0.1926 0.2917 0.3215 0.1942 
        H052  4 0.2680 0.1855 0.3066 0.2399 
        H053  4 0.2229 0.2459 0.2949 0.2363 
        H056  4 0.2301 0.1863 0.3598 0.2239 
        H076  4 0.2742 0.3015 0.1587 0.2657 
        H151  4 0.2003 0.1669 0.4572 0.1756 
        H152  4 0.2367 0.1822 0.3634 0.2177 
     H171803  4 0.2175 0.2131 0.3475 0.2219 
     H171804  4 0.2180 0.2471 0.2987 0.2362 
     H171833  4 0.3421 0.1958 0.1699 0.2923 
     H171855  4 0.2132 0.1559 0.4345 0.1964 
     H171856  4 0.2751 0.2047 0.2578 0.2623 
     H171857  4 0.2287 0.1794 0.3630 0.2289 
     H171858  4 0.2624 0.2537 0.2304 0.2535 
     H171859  4 0.2505 0.2587 0.2551 0.2358 
     H171961  4 0.2135 0.2632 0.3166 0.2068 
        H198  4 0.2711 0.3223 0.1385 0.2681 
      H20001  4 0.3333 0.1822 0.1670 0.3175 
        H403  4 0.2603 0.1969 0.2851 0.2577 
        H404  4 0.2337 0.3649 0.1639 0.2375 
        H405  4 0.2800 0.3122 0.1582 0.2497 
        H406  4 0.3281 0.1307 0.2321 0.3090 
        H407  4 0.2365 0.2417 0.2706 0.2512 
        H410  4 0.2799 0.2747 0.1541 0.2913 
        H411  4 0.2947 0.2078 0.1904 0.3071 
        H468  4 0.3096 0.1413 0.2363 0.3128 
        H476  4 0.2728 0.1676 0.2666 0.2929 
        H477  4 0.3557 0.1668 0.1636 0.3139 
        H478  4 0.2459 0.3270 0.1769 0.2502 
        H479  4 0.2218 0.2699 0.2882 0.2202 
        H480  4 0.3103 0.2029 0.1624 0.3244 
        H498  4 0.2464 0.2916 0.2227 0.2393 
        H499  4 0.2502 0.2535 0.2564 0.2398 
        H500  4 0.1834 0.2216 0.3954 0.1995 
        H515  4 0.2185 0.2471 0.3032 0.2312 
        H516  4 0.2758 0.2059 0.2522 0.2662 
        H517  4 0.2714 0.2358 0.2182 0.2746 
        H518  4 0.2780 0.1634 0.2929 0.2656 
        H520  4 0.2352 0.1916 0.3429 0.2304 
        H521  4 0.2462 0.2858 0.2126 0.2554 
        H522  4 0.2595 0.2142 0.2478 0.2785 
        H523  4 0.2444 0.2293 0.2619 0.2643 
        H536  4 0.2634 0.2983 0.2079 0.2304 
        H645  4 0.1837 0.3661 0.2693 0.1808 
        H646  4 0.3236 0.1919 0.1586 0.3259 
        H647  4 0.2897 0.1875 0.2189 0.3039 
        H657  4 0.2838 0.2476 0.1661 0.3025 
        H658  4 0.2533 0.2147 0.2488 0.2832 
        H659  4 0.1657 0.1699 0.4927 0.1717 
        H660  4 0.2474 0.2149 0.2912 0.2466 
        H661  4 0.2382 0.2061 0.3376 0.2181 
        H668  4 0.2232 0.3900 0.1656 0.2212 
        H669  4 0.2162 0.3014 0.2521 0.2302 
        H670  4 0.1630 0.4170 0.2536 0.1665 
        H678  4 0.2565 0.2434 0.2339 0.2662 
        H679  4 0.2885 0.2320 0.1661 0.3134 
        H680  4 0.2817 0.2153 0.2307 0.2723 
        H681  4 0.2054 0.3090 0.2796 0.2060 
        H682  4 0.2390 0.2843 0.1809 0.2957 
        H683  4 0.2649 0.1410 0.3363 0.2578 
        H718  4 0.2101 0.1893 0.4015 0.1990 
        H719  4 0.2042 0.3172 0.2696 0.2090 
        H720  4 0.2602 0.2116 0.2778 0.2504 
        H721  4 0.2793 0.1948 0.2794 0.2465 
        H722  4 0.2779 0.1519 0.3339 0.2364 
        H723  4 0.1782 0.2607 0.3666 0.1945 
        H724  4 0.1845 0.1619 0.4593 0.1943 
        H725  4 0.1960 0.1730 0.4386 0.1923 
        H726  4 0.2040 0.2212 0.3696 0.2051 
        H727  4 0.1866 0.2941 0.3255 0.1938 
        H910  4 0.2057 0.2732 0.2913 0.2298 
        H911  4 0.2795 0.2146 0.1992 0.3067 
        H912  4 0.2477 0.1953 0.2876 0.2694 
        H913  4 0.2317 0.2108 0.3007 0.2568 
        H914  4 0.1715 0.3077 0.3464 0.1744 
        H915  4 0.2558 0.2130 0.2531 0.2782 
        H916  4 0.2919 0.1766 0.2233 0.3082 
       H9572  4 0.2365 0.2376 0.2847 0.2413 
        H015  5 0.2979 0.2134 0.1800 0.3086 
        H016  5 0.3303 0.2115 0.1742 0.2839 
        H017  5 0.2780 0.1852 0.2518 0.2850 
        H019  5 0.2777 0.2418 0.2117 0.2687 
        H020  5 0.2530 0.2449 0.2659 0.2362 
        H032  5 0.2462 0.2105 0.2745 0.2688 
        H033  5 0.2309 0.3482 0.1788 0.2421 
        H034  5 0.1834 0.3052 0.3276 0.1838 
        H035  5 0.2629 0.2253 0.2391 0.2727 
        H036  5 0.2943 0.2216 0.1939 0.2902 
        H037  5 0.2236 0.2369 0.3079 0.2316 
        H048  5 0.1845 0.2388 0.3783 0.1984 
        H049  5 0.2849 0.1943 0.2424 0.2784 
        H054  5 0.2516 0.2679 0.2543 0.2262 
        H055  5 0.2048 0.3078 0.2833 0.2041 
        H057  5 0.3221 0.1852 0.2371 0.2557 
        H060  5 0.2277 0.2640 0.2952 0.2131 
        H061  5 0.2660 0.2833 0.1922 0.2584 
        H064  5 0.2272 0.2559 0.3082 0.2087 
        H070  5 0.2006 0.3128 0.2912 0.1953 
        H077  5 0.1982 0.1920 0.4046 0.2052 
        H078  5 0.2445 0.1648 0.3542 0.2366 
        H079  5 0.2643 0.3160 0.1522 0.2675 
        H097  5 0.2877 0.1472 0.2946 0.2706 
        H107  5 0.1455 0.2383 0.4677 0.1485 
        H122  5 0.3045 0.2054 0.2103 0.2798 
        H123  5 0.2973 0.2268 0.1709 0.3049 
        H124  5 0.2855 0.2557 0.1782 0.2806 
        H131  5 0.2659 0.2726 0.1918 0.2697 
        H132  5 0.2196 0.2460 0.2948 0.2396 
        H141  5 0.2266 0.2544 0.2885 0.2305 
        H142  5 0.2747 0.2928 0.1552 0.2773 
        H157  5 0.2034 0.2337 0.3612 0.2017 
        H158  5 0.3298 0.1824 0.1712 0.3167 
        H159  5 0.3036 0.2401 0.1616 0.2947 
        H160  5 0.2814 0.2118 0.2307 0.2761 
        H163  5 0.2668 0.2549 0.1939 0.2844 
        H164  5 0.2559 0.2881 0.2175 0.2386 
        H165  5 0.2314 0.3783 0.1560 0.2343 
        H166  5 0.2810 0.2485 0.1891 0.2814 
        H169  5 0.2300 0.3218 0.2208 0.2274 
     H169613  5 0.2687 0.2273 0.2422 0.2619 
     H169653  5 0.2634 0.2868 0.1906 0.2591 
     H169728  5 0.2941 0.2262 0.1854 0.2943 
     H169742  5 0.2037 0.3431 0.2406 0.2127 
        H170  5 0.3113 0.1872 0.2193 0.2822 
        H171  5 0.3139 0.1841 0.2114 0.2906 
     H171851  5 0.2696 0.2389 0.2386 0.2529 
     H171852  5 0.2527 0.1829 0.3290 0.2354 
     H171853  5 0.2144 0.2725 0.2951 0.2180 
     H171854  5 0.2637 0.2199 0.2425 0.2739 
     H171938  5 0.1989 0.3674 0.2256 0.2080 
     H171939  5 0.3032 0.2168 0.1867 0.2934 
     H171941  5 0.1741 0.2656 0.3885 0.1718 
     H171965  5 0.2609 0.3098 0.1730 0.2562 
     H171970  5 0.1637 0.2269 0.4427 0.1666 
     H171973  5 0.2458 0.3296 0.1755 0.2491 
     H171974  5 0.2074 0.3416 0.2423 0.2087 
     H171975  5 0.2088 0.3026 0.2769 0.2117 
     H171976  5 0.3198 0.1541 0.2388 0.2873 
        H175  5 0.2017 0.2578 0.3303 0.2103 
        H178  5 0.2222 0.2689 0.2759 0.2330 
        H189  5 0.2990 0.2617 0.1506 0.2887 
        H399  5 0.3437 0.1532 0.2164 0.2866 
        H416  5 0.2246 0.2815 0.2604 0.2334 
        H438  5 0.2129 0.3328 0.2262 0.2281 
        H450  5 0.1940 0.2507 0.3731 0.1822 
        H455  5 0.1640 0.2606 0.4101 0.1653 
        H456  5 0.2320 0.2935 0.2424 0.2320 
        H457  5 0.2447 0.1803 0.3445 0.2306 
        H458  5 0.2118 0.2590 0.3239 0.2053 
        H459  5 0.2946 0.2516 0.1602 0.2937 
        H460  5 0.2479 0.2393 0.2541 0.2588 
        H461  5 0.3055 0.1748 0.2233 0.2965 
        H462  5 0.2645 0.2668 0.1727 0.2959 
        H469  5 0.2593 0.2907 0.1699 0.2801 
        H470  5 0.2226 0.2535 0.2809 0.2430 
        H471  5 0.3495 0.1732 0.1491 0.3282 
        H481  5 0.1879 0.1783 0.4468 0.1869 
        H482  5 0.2259 0.2377 0.3227 0.2136 
        H501  5 0.2318 0.2633 0.2648 0.2401 
        H502  5 0.3011 0.2369 0.1561 0.3058 
        H503  5 0.2806 0.2377 0.2010 0.2807 
        H509  5 0.2101 0.2285 0.3429 0.2186 
        H510  5 0.2478 0.2838 0.2328 0.2356 
        H511  5 0.2653 0.2660 0.1870 0.2817 
        H530  5 0.2118 0.2958 0.2843 0.2080 
        H531  5 0.2477 0.1673 0.3575 0.2274 
        H564  5 0.2524 0.2339 0.2848 0.2289 
        H565  5 0.1986 0.1828 0.4130 0.2056 
        H567  5 0.3020 0.2256 0.1440 0.3284 
     H568???  5 0.3209 0.2189 0.1807 0.2795 
        H608  5 0.1969 0.2496 0.3587 0.1947 
        H609  5 0.2061 0.3864 0.1997 0.2077 
        H612  5 0.1583 0.2740 0.4022 0.1655 
        H614  5 0.2184 0.1757 0.4014 0.2045 
        H615  5 0.2487 0.1657 0.3325 0.2532 
        H616  5 0.1444 0.2401 0.4627 0.1527 
        H617  5 0.2675 0.2920 0.1562 0.2843 
        H618  5 0.2017 0.2242 0.3753 0.1987 
        H619  5 0.1994 0.4273 0.1830 0.1903 
        H635  5 0.2508 0.2814 0.2267 0.2411 
        H636  5 0.1932 0.4330 0.1742 0.1996 
        H637  5 0.2392 0.2592 0.2700 0.2317 
        H644  5 0.3743 0.1748 0.1187 0.3322 
        H711  5 0.3026 0.1808 0.2246 0.2920 
        H712  5 0.1863 0.3351 0.2865 0.1922 
       H7360  5 0.2531 0.2322 0.2627 0.2521 
       H7361  5 0.2136 0.2377 0.3396 0.2092 
       H7362  5 0.3373 0.2101 0.1311 0.3216 
       H7363  5 0.2466 0.1995 0.3000 0.2540 
       H7394  5 0.2686 0.2640 0.1709 0.2965 
       H7395  5 0.2200 0.3247 0.2381 0.2173 
       H7396  5 0.2532 0.2663 0.2244 0.2561 
        H742  5 0.2056 0.3546 0.2364 0.2034 
        H743  5 0.2578 0.2449 0.2568 0.2404 
        H744  5 0.1824 0.2172 0.4178 0.1827 
        H957  5 0.3010 0.2042 0.2255 0.2692 
        H958  5 0.2877 0.2228 0.1786 0.3109 
        H959  5 0.1726 0.2837 0.3750 0.1687 
        H960  5 0.2451 0.2736 0.2293 0.2521 
      H_PALI  6 0.2634 0.2366 0.2180 0.2820 
        H581  6 0.2559 0.1813 0.2998 0.2630 
        H582  6 0.2184 0.1774 0.4061 0.1981 
        H583  6 0.2560 0.2212 0.2748 0.2479 
        H595  6 0.3020 0.2047 0.1452 0.3481 
        H596  6 0.3000 0.2243 0.1459 0.3298 
        H597  6 0.3170 0.2359 0.1591 0.2880 
        H598  6 0.2146 0.2985 0.2549 0.2319 
        H599  6 0.2102 0.2514 0.3337 0.2048 
        H642  6 0.3094 0.1719 0.1919 0.3268 
        H643  6 0.2276 0.2912 0.2397 0.2414 
        H664  6 0.2493 0.1307 0.3794 0.2406 
        H665  6 0.1964 0.4003 0.2088 0.1946 
        H674  6 0.3495 0.1867 0.1371 0.3268 
        H675  6 0.2508 0.2083 0.2871 0.2538 
        H676  6 0.2890 0.2334 0.1903 0.2872 
        H686  6 0.2648 0.2622 0.2203 0.2526 
        H687  6 0.2624 0.2202 0.2522 0.2653 
        H917  6 0.2475 0.3304 0.1494 0.2727 
        H918  6 0.2328 0.3532 0.1863 0.2277 
        H919  6 0.1777 0.2617 0.3753 0.1853 
        H920  6 0.2185 0.2362 0.3233 0.2220 
        H631  7 0.2237 0.2485 0.3162 0.2116 
        H684  7 0.3076 0.2361 0.1758 0.2805 
        H685  7 0.2273 0.1431 0.3922 0.2374 
        H713  7 0.1817 0.2235 0.4070 0.1878 
        H715  7 0.2941 0.2324 0.1991 0.2744 
        H716  7 0.2203 0.3148 0.2684 0.1965 
        H717  7 0.2503 0.2420 0.2710 0.2366 
        H729  7 0.2432 0.3400 0.1456 0.2712 
        H730  7 0.2066 0.3300 0.2442 0.2193 
        H431  8 0.2083 0.2387 0.3395 0.2135 
        H432  8 0.3111 0.2365 0.1493 0.3031 
        H433  8 0.2394 0.2977 0.1932 0.2697 
        H434  8 0.2513 0.2824 0.2038 0.2625 
        H444  8 0.2147 0.3688 0.2000 0.2165 
        H454  8 0.1822 0.2414 0.3924 0.1840 
        H475  8 0.1836 0.2034 0.4262 0.1868 
        H491  8 0.2177 0.2653 0.3077 0.2093 
        H492  8 0.2348 0.2012 0.3178 0.2462 
        H493  8 0.2773 0.2296 0.2181 0.2750 
        H494  8 0.2483 0.2410 0.2552 0.2555 
        H495  8 0.2257 0.1442 0.4149 0.2152 
        H662  8 0.2969 0.1968 0.2187 0.2876 
        H663  8 0.2485 0.2519 0.2453 0.2543 
        H695  8 0.2371 0.2579 0.2643 0.2407 
       H7367  8 0.2860 0.2524 0.1551 0.3065 
       H7368  8 0.2738 0.2831 0.1888 0.2544 
       H7369  8 0.2179 0.3398 0.2344 0.2079 
       H7370  8 0.3033 0.1878 0.1330 0.3758 
       H7371  8 0.2515 0.2853 0.1925 0.2707 
        H600  9 0.2060 0.2522 0.3328 0.2089 
        H648  9 0.2728 0.2269 0.2360 0.2643 
        H696  9 0.3431 0.1622 0.1308 0.3639 
        H697  9 0.2545 0.2779 0.2248 0.2428 
        H698  9 0.2707 0.2414 0.1964 0.2915 
        H699  9 0.2498 0.2453 0.2470 0.2579 
        H700  9 0.1945 0.2956 0.3155 0.1944 
        H732  9 0.2225 0.1579 0.4019 0.2178 
        H733  9 0.2742 0.2665 0.1760 0.2833 
        H734  9 0.3114 0.1990 0.1517 0.3379 
        H735  9 0.2889 0.2092 0.2107 0.2913 
        H736  9 0.2694 0.2171 0.2565 0.2571 
        H737  9 0.2215 0.2696 0.2940 0.2148 
        H905  9 0.1855 0.3198 0.3060 0.1886 
        H921  9 0.2011 0.2982 0.2874 0.2133 
        H922  9 0.2941 0.2648 0.1384 0.3026 
     H169705 10 0.2630 0.2344 0.2041 0.2985 
     H171942 10 0.3112 0.2518 0.1432 0.2938 
     H171943 10 0.2906 0.2023 0.2086 0.2984 
     H171944 10 0.2398 0.2589 0.2342 0.2671 
     H171946 10 0.2534 0.1480 0.3488 0.2498 
     H171947 10 0.2790 0.2394 0.2085 0.2730 
     H229641 10 0.2516 0.2122 0.2669 0.2693 
      H30001 10 0.2246 0.2824 0.2613 0.2316 
      H30002 10 0.2230 0.3106 0.2297 0.2367 
      H30005 10 0.2540 0.2437 0.2183 0.2840 
      H30006 10 0.3050 0.1913 0.1903 0.3133 
      H30007 10 0.3790 0.1665 0.1386 0.3159 
        H451 10 0.2547 0.3152 0.1669 0.2632 
        H452 10 0.2962 0.1942 0.2156 0.2939 
        H453 10 0.2171 0.1828 0.3975 0.2026 
        H473 10 0.2475 0.2325 0.2819 0.2382 
        H474 10 0.2023 0.1350 0.4506 0.2121 
        H486 10 0.2335 0.2255 0.2971 0.2439 
        H487 10 0.2352 0.2217 0.3138 0.2292 
        H488 10 0.1884 0.3777 0.2465 0.1874 
        H489 10 0.2032 0.1882 0.3974 0.2112 
        H550 10 0.3275 0.1821 0.1820 0.3083 
        H551 10 0.2314 0.2646 0.2494 0.2545 
        H553 10 0.2350 0.1730 0.3554 0.2366 
        H554 10 0.2653 0.2856 0.1994 0.2496 
        H556 10 0.2859 0.1839 0.2597 0.2705 
        H580 10 0.2671 0.2903 0.1902 0.2524 
        H591 10 0.1762 0.1885 0.4571 0.1782 
        H592 10 0.2347 0.2062 0.3025 0.2566 
        H593 10 0.2636 0.2546 0.2249 0.2569 
        H594 10 0.3139 0.2307 0.1340 0.3214 
        H627 10 0.2948 0.1807 0.2340 0.2906 
        H628 10 0.2288 0.4213 0.1274 0.2224 
        H629 10 0.2868 0.1733 0.2578 0.2821 
        H630 10 0.2781 0.1774 0.2450 0.2994 
        H638 10 0.2697 0.2300 0.2042 0.2960 
        H639 10 0.2252 0.1638 0.3899 0.2211 
        H640 10 0.2870 0.2198 0.1833 0.3099 
        H704 10 0.2990 0.2341 0.1841 0.2828 
        H705 10 0.2530 0.2416 0.2071 0.2983 
        H706 10 0.1811 0.3273 0.3099 0.1816 
        H708 10 0.2008 0.1879 0.4083 0.2031 
       H7351 10 0.2654 0.2515 0.2215 0.2617 
       H7352 10 0.2559 0.2338 0.2686 0.2417 
       H7353 10 0.3399 0.2020 0.1790 0.2791 
       H7354 10 0.1962 0.2984 0.3033 0.2020 
       H7365 10 0.1931 0.2184 0.4000 0.1885 
       H7383 10 0.1905 0.3149 0.2976 0.1970 
       H7384 10 0.2053 0.3026 0.2823 0.2098 
       H7385 10 0.1914 0.2672 0.3420 0.1994 
       H7386 10 0.2215 0.3234 0.2179 0.2372 
       H7387 10 0.2437 0.3002 0.2103 0.2459 
       H7388 10 0.2544 0.2568 0.2345 0.2543 
        H906 10 0.2421 0.2247 0.3224 0.2107 
        H907 10 0.2995 0.2187 0.1719 0.3099 
        H908 10 0.2258 0.2924 0.2434 0.2384 
        H909 10 0.2064 0.3518 0.2451 0.1967 
       H9552 10 0.2663 0.2396 0.2346 0.2595 
       H9553 10 0.2438 0.2098 0.2926 0.2539 
       H9555 10 0.2611 0.2860 0.1780 0.2748 
       H9575 10 0.2309 0.1933 0.3527 0.2230 
       H9703 10 0.1875 0.1827 0.4441 0.1857 
       H9707 10 0.2285 0.1987 0.3408 0.2320 
       HSAA4 10 0.2618 0.2878 0.1873 0.2631 
        H001 11 0.2063 0.3191 0.2666 0.2081 
        H004 11 0.2613 0.2616 0.2147 0.2624 
        H005 11 0.1604 0.2698 0.4115 0.1584 
        H006 11 0.2165 0.3084 0.2372 0.2379 
        H007 11 0.1773 0.2962 0.3462 0.1802 
        H031 11 0.1696 0.1983 0.4452 0.1869 
        H074 11 0.2293 0.1667 0.3723 0.2317 
        H075 11 0.1883 0.2613 0.3666 0.1838 
        H080 11 0.1908 0.2506 0.3551 0.2035 
        H086 11 0.2464 0.2496 0.2447 0.2592 
        H092 11 0.2178 0.2541 0.3058 0.2223 
        H093 11 0.3233 0.2330 0.1488 0.2949 
        H094 11 0.2999 0.1973 0.1949 0.3079 
        H095 11 0.2110 0.2530 0.3243 0.2117 
        H096 11 0.1958 0.3320 0.2842 0.1880 
        H099 11 0.2275 0.2398 0.3025 0.2302 
        H100 11 0.2930 0.2926 0.1437 0.2706 
        H127 11 0.2284 0.2367 0.2939 0.2409 
        H136 11 0.1955 0.1820 0.4202 0.2023 
        H153 11 0.2670 0.2342 0.2319 0.2669 
        H154 11 0.2106 0.1695 0.4047 0.2152 
        H155 11 0.2409 0.3657 0.1488 0.2446 
        H156 11 0.2655 0.3611 0.1174 0.2560 
        H161 11 0.2776 0.2212 0.2272 0.2741 
        H162 11 0.2984 0.2446 0.1616 0.2954 
        H167 11 0.2382 0.3284 0.1878 0.2455 
        H168 11 0.2475 0.3051 0.2102 0.2371 
     H169586 11 0.2806 0.1353 0.3261 0.2579 
     H169738 11 0.2358 0.3480 0.1669 0.2494 
     H169741 11 0.2280 0.1764 0.3546 0.2409 
     H171801 11 0.3037 0.2275 0.1760 0.2929 
     H171810 11 0.2360 0.1852 0.3295 0.2493 
     H171811 11 0.2309 0.1795 0.3663 0.2233 
     H171812 11 0.1942 0.3764 0.2422 0.1872 
     H171820 11 0.2087 0.1894 0.3962 0.2057 
     H171821 11 0.2357 0.3056 0.1918 0.2669 
     H171822 11 0.2477 0.2642 0.2199 0.2681 
     H171823 11 0.2411 0.1504 0.3852 0.2233 
     H171866 11 0.2823 0.2391 0.1890 0.2897 
     H171867 11 0.2210 0.3719 0.1707 0.2363 
     H171967 11 0.1916 0.2486 0.3649 0.1949 
     H171969 11 0.2491 0.2594 0.2380 0.2535 
        H172 11 0.2394 0.2887 0.2158 0.2561 
        H173 11 0.2159 0.3331 0.2095 0.2415 
        H174 11 0.3294 0.2108 0.1439 0.3158 
        H196 11 0.2611 0.2970 0.1722 0.2697 
        H197 11 0.2255 0.3498 0.1823 0.2424 
        H346 11 0.1973 0.3274 0.2674 0.2079 
        H355 11 0.2299 0.2618 0.2833 0.2251 
        H356 11 0.2338 0.2543 0.2624 0.2495 
        H357 11 0.2112 0.2482 0.3247 0.2160 
        H358 11 0.1924 0.3822 0.2224 0.2030 
        H359 11 0.2619 0.2322 0.2406 0.2654 
        H360 11 0.2259 0.3025 0.2420 0.2296 
        H361 11 0.2277 0.3370 0.2042 0.2311 
        H362 11 0.2774 0.2524 0.1396 0.3306 
        H363 11 0.1882 0.2554 0.3681 0.1883 
        H364 11 0.2487 0.2716 0.2481 0.2316 
        H365 11 0.2607 0.2891 0.1909 0.2593 
        H366 11 0.2591 0.3157 0.1755 0.2497 
        H367 11 0.1930 0.1846 0.4187 0.2038 
        H368 11 0.3218 0.1725 0.1623 0.3434 
        H369 11 0.1641 0.2435 0.4175 0.1749 
        H370 11 0.2668 0.2787 0.1797 0.2748 
        H371 11 0.2694 0.2006 0.2448 0.2852 
        H372 11 0.2427 0.2795 0.2177 0.2601 
        H373 11 0.2284 0.2956 0.2396 0.2364 
        H374 11 0.1947 0.3225 0.2973 0.1856 
        H375 11 0.2264 0.2805 0.2703 0.2228 
        H376 11 0.2797 0.2749 0.1871 0.2583 
        H377 11 0.2255 0.2636 0.2711 0.2398 
        H378 11 0.2446 0.2231 0.2884 0.2439 
        H379 11 0.2641 0.2286 0.2217 0.2856 
        H380 11 0.2385 0.3759 0.1515 0.2342 
        H381 11 0.2404 0.1590 0.3789 0.2218 
        H382 11 0.2885 0.3002 0.1244 0.2869 
        H383 11 0.2674 0.3374 0.1527 0.2424 
        H384 11 0.2160 0.2269 0.3323 0.2248 
        H385 11 0.2302 0.2168 0.3207 0.2324 
        H386 11 0.1896 0.4203 0.1881 0.2019 
        H387 11 0.3035 0.1733 0.2488 0.2745 
        H388 11 0.2692 0.3162 0.1371 0.2775 
        H389 11 0.2194 0.3127 0.2397 0.2282 
        H390 11 0.2517 0.2924 0.1953 0.2606 
        H391 11 0.3204 0.1881 0.1913 0.3002 
        H392 11 0.1801 0.2716 0.3611 0.1872 
        H393 11 0.3141 0.2521 0.1564 0.2774 
        H394 11 0.3546 0.1651 0.1713 0.3091 
        H395 11 0.1880 0.2537 0.3599 0.1984 
        H408 11 0.1923 0.3644 0.2457 0.1977 
        H412 11 0.2489 0.1066 0.4175 0.2270 
        H417 11 0.2302 0.2414 0.2974 0.2309 
        H418 11 0.2748 0.1884 0.2737 0.2631 
        H429 11 0.2323 0.3343 0.2028 0.2306 
        H430 11 0.2602 0.3091 0.1682 0.2625 
        H439 11 0.2212 0.2765 0.2634 0.2389 
        H440 11 0.1921 0.2142 0.4089 0.1848 
        H441 11 0.2559 0.2903 0.1815 0.2724 
        H442 11 0.2574 0.2935 0.1867 0.2625 
        H446 11 0.2592 0.2467 0.2392 0.2549 
        H447 11 0.2444 0.3321 0.1575 0.2660 
        H448 11 0.2351 0.3218 0.1971 0.2461 
        H534 11 0.1860 0.1813 0.4545 0.1783 
        H537 11 0.2055 0.2071 0.3969 0.1905 
        H568 11 0.1753 0.1609 0.4864 0.1773 
        H569 11 0.2932 0.2729 0.1216 0.3124 
        H586 11 0.2833 0.1325 0.3174 0.2668 
        H587 11 0.1729 0.1965 0.4552 0.1753 
        H588 11 0.3358 0.2160 0.1617 0.2865 
        H589 11 0.1872 0.2048 0.4242 0.1838 
        H590 11 0.2224 0.2041 0.3584 0.2151 
        H601 11 0.2948 0.2499 0.1535 0.3019 
        H602 11 0.2243 0.2476 0.3026 0.2255 
        H603 11 0.2264 0.3676 0.1714 0.2347 
        H610 11 0.2341 0.2326 0.2815 0.2518 
        H611 11 0.2481 0.1695 0.3120 0.2704 
        H649 11 0.2473 0.2616 0.2408 0.2503 
        H650 11 0.3067 0.1729 0.1797 0.3408 
        H651 11 0.2040 0.3553 0.2260 0.2147 
        H652 11 0.2571 0.2159 0.2678 0.2592 
       H7364 11 0.2530 0.2893 0.1891 0.2685 
       H7366 11 0.1999 0.3303 0.2655 0.2043 
       H7378 11 0.3746 0.1604 0.1119 0.3531 
       H7379 11 0.2445 0.2418 0.2510 0.2627 
        H739 11 0.2250 0.1750 0.3591 0.2409 
        H740 11 0.2892 0.2073 0.2004 0.3031 
        H741 11 0.2265 0.1802 0.3559 0.2375 
        H926 11 0.2839 0.2196 0.1983 0.2982 
        H927 11 0.2662 0.2808 0.1786 0.2744 
        H928 11 0.2788 0.1733 0.2413 0.3067 
       H9560 11 0.2918 0.2032 0.2191 0.2859 
        H409 12 0.2412 0.3733 0.1483 0.2372 
        H413 12 0.3441 0.1731 0.1474 0.3355 
        H419 12 0.2260 0.3373 0.2018 0.2349 
        H420 12 0.2260 0.2518 0.2891 0.2332 
        H421 12 0.2943 0.3014 0.1355 0.2688 
        H435 12 0.2708 0.2983 0.1667 0.2642 
        H436 12 0.2100 0.3464 0.2380 0.2056 
        H437 12 0.2233 0.1955 0.3670 0.2141 
        H445 12 0.2126 0.4043 0.1671 0.2159 
        H449 12 0.3073 0.2016 0.2099 0.2811 
        H463 12 0.2259 0.2355 0.3079 0.2306 
        H464 12 0.3128 0.2105 0.1630 0.3137 
        H465 12 0.3299 0.1443 0.2262 0.2997 
        H490 12 0.3247 0.2304 0.1569 0.2880 
        H561 12 0.2544 0.2324 0.2411 0.2721 
        H562 12 0.1852 0.4129 0.2146 0.1873 
        H563 12 0.2142 0.2665 0.2919 0.2274 
        H570 12 0.1749 0.3193 0.3203 0.1854 
        H571 12 0.2834 0.1944 0.2369 0.2852 
        H572 12 0.2229 0.2547 0.2939 0.2285 
        H573 12 0.2454 0.3487 0.1627 0.2432 
       H7372 12 0.2460 0.3867 0.1229 0.2444 
       H7373 12 0.3561 0.1793 0.1593 0.3053 
       H7374 12 0.1928 0.3106 0.3190 0.1776 
       H7375 12 0.2169 0.2578 0.3095 0.2158 
       H7376 12 0.2054 0.4450 0.1426 0.2071 
       H7377 12 0.2269 0.2090 0.3308 0.2332 
