        H102  1 0.2238 0.2288 0.2597 0.2878 
        H103  1 0.2779 0.2108 0.2980 0.2134 
        H104  1 0.2045 0.2653 0.2454 0.2848 
        H105  1 0.2196 0.2649 0.2748 0.2407 
        H106  1 0.2352 0.2672 0.2578 0.2399 
        H112  1 0.2114 0.2478 0.2343 0.3064 
        H113  1 0.2207 0.2807 0.2647 0.2338 
        H114  1 0.2267 0.2734 0.2873 0.2126 
        H115  1 0.1955 0.2448 0.2658 0.2939 
        H143  1 0.2479 0.2376 0.2620 0.2526 
        H144  1 0.2951 0.2662 0.2625 0.1762 
        H145  1 0.3142 0.2216 0.2605 0.2037 
        H149  1 0.2062 0.2880 0.2319 0.2739 
        H150  1 0.2430 0.2548 0.2481 0.2541 
     H167542  1 0.2146 0.2829 0.2894 0.2130 
     H169604  1 0.2238 0.2686 0.2977 0.2099 
     H169607  1 0.2620 0.2545 0.2959 0.1877 
     H169608  1 0.2317 0.2199 0.2088 0.3396 
     H169633  1 0.2545 0.2676 0.2801 0.1979 
     H169688  1 0.3050 0.2178 0.2531 0.2242 
     H169714  1 0.2316 0.2272 0.2508 0.2903 
     H171802  1 0.2375 0.2514 0.2174 0.2937 
     H171805  1 0.2626 0.2147 0.2979 0.2249 
     H171807  1 0.2366 0.2883 0.2261 0.2490 
     H171814  1 0.3510 0.2308 0.2304 0.1878 
     H171816  1 0.2308 0.2597 0.2269 0.2827 
     H171817  1 0.2079 0.2830 0.2625 0.2467 
     H171818  1 0.2430 0.2479 0.2718 0.2374 
     H171819  1 0.2318 0.2617 0.2449 0.2616 
     H171834  1 0.2316 0.2415 0.2492 0.2777 
     H171835  1 0.2170 0.2856 0.1988 0.2986 
     H171836  1 0.2715 0.2422 0.3097 0.1767 
     H171837  1 0.2240 0.2801 0.2342 0.2617 
     H171838  1 0.2701 0.2526 0.2447 0.2326 
     H171839  1 0.2239 0.2760 0.2471 0.2529 
     H171841  1 0.2322 0.2252 0.1799 0.3627 
     H171860  1 0.2256 0.2597 0.2633 0.2514 
     H171861  1 0.2501 0.2484 0.3289 0.1726 
     H171862  1 0.2464 0.2655 0.2501 0.2380 
     H171868  1 0.2111 0.2857 0.2892 0.2140 
     H171869  1 0.3112 0.2203 0.2311 0.2375 
     H171870  1 0.2748 0.2233 0.2525 0.2494 
     H171871  1 0.2628 0.2247 0.2765 0.2361 
     H171872  1 0.2153 0.2499 0.2798 0.2549 
     H171873  1 0.2825 0.2422 0.2270 0.2483 
     H171874  1 0.2666 0.2126 0.2753 0.2455 
     H171875  1 0.2691 0.2287 0.2982 0.2040 
     H171876  1 0.2449 0.2622 0.2780 0.2150 
     H171877  1 0.2067 0.2928 0.2851 0.2154 
     H171878  1 0.2834 0.2245 0.1972 0.2949 
     H171901  1 0.2162 0.2362 0.2543 0.2933 
     H171902  1 0.2875 0.2437 0.2396 0.2292 
     H171903  1 0.2280 0.2149 0.2808 0.2763 
     H171935  1 0.2508 0.2525 0.2208 0.2759 
     H171936  1 0.2441 0.2613 0.2794 0.2152 
     H171940  1 0.2324 0.2843 0.2298 0.2535 
     H171945  1 0.2837 0.2304 0.2304 0.2555 
     H171948  1 0.1966 0.2615 0.2443 0.2975 
     H171949  1 0.2167 0.3029 0.2062 0.2741 
     H171950  1 0.2292 0.2222 0.2283 0.3204 
     H171963  1 0.2933 0.2201 0.2617 0.2249 
     H171964  1 0.3397 0.2499 0.2029 0.2074 
     H171966  1 0.2442 0.2818 0.2404 0.2336 
     H171968  1 0.2724 0.2308 0.2388 0.2579 
     H171971  1 0.2520 0.2270 0.2427 0.2783 
     H171972  1 0.2832 0.2124 0.2731 0.2313 
     H171977  1 0.3271 0.2631 0.2176 0.1922 
     H171978  1 0.2450 0.2199 0.2418 0.2932 
     H171979  1 0.2515 0.2631 0.2960 0.1894 
        H176  1 0.2607 0.2627 0.2493 0.2273 
        H177  1 0.2052 0.2270 0.2409 0.3269 
        H179  1 0.1991 0.2844 0.2397 0.2768 
        H181  1 0.2741 0.2896 0.2343 0.2020 
        H182  1 0.2702 0.2307 0.2958 0.2034 
        H183  1 0.3027 0.2768 0.2211 0.1994 
        H184  1 0.2176 0.2371 0.2653 0.2800 
        H185  1 0.2746 0.2599 0.2601 0.2054 
        H186  1 0.2731 0.2188 0.2247 0.2835 
        H187  1 0.2356 0.2170 0.2737 0.2737 
        H188  1 0.2138 0.3131 0.2376 0.2354 
        H192  1 0.2237 0.2606 0.2239 0.2918 
        H193  1 0.2978 0.2232 0.2819 0.1971 
        H194  1 0.2188 0.2784 0.2522 0.2506 
        H195  1 0.3406 0.1982 0.2356 0.2257 
        H199  1 0.3252 0.2445 0.2199 0.2105 
        H200  1 0.2372 0.2569 0.2368 0.2692 
        H414  1 0.2602 0.2321 0.2682 0.2395 
        H415  1 0.2430 0.2295 0.2919 0.2356 
        H422  1 0.2980 0.2120 0.2326 0.2574 
        H423  1 0.2092 0.2593 0.1892 0.3424 
        H424  1 0.2854 0.2625 0.2553 0.1968 
        H425  1 0.3235 0.2358 0.2382 0.2024 
        H426  1 0.3363 0.2238 0.2214 0.2185 
        H443  1 0.3213 0.2226 0.2559 0.2002 
        H466  1 0.2284 0.2755 0.2528 0.2433 
        H467  1 0.2425 0.2588 0.1974 0.3013 
        H472  1 0.2354 0.3166 0.2461 0.2018 
        H483  1 0.2535 0.3139 0.2520 0.1807 
        H504  1 0.3321 0.2354 0.2307 0.2018 
        H505  1 0.2272 0.2595 0.2451 0.2682 
        H506  1 0.2779 0.2232 0.2311 0.2678 
        H507  1 0.2588 0.2537 0.3183 0.1692 
        H508  1 0.2529 0.2527 0.2464 0.2479 
        H524  1 0.2602 0.2453 0.2985 0.1960 
        H525  1 0.2735 0.2382 0.2707 0.2176 
        H526  1 0.2426 0.2743 0.2683 0.2149 
        H527  1 0.2117 0.2063 0.2583 0.3237 
        H528  1 0.2719 0.2396 0.2806 0.2079 
        H529  1 0.2679 0.2456 0.3092 0.1773 
        H533  1 0.2302 0.2634 0.3280 0.1784 
        H538  1 0.2198 0.2799 0.2643 0.2360 
        H539  1 0.2728 0.2057 0.2707 0.2509 
        H540  1 0.2280 0.2448 0.2642 0.2630 
        H541  1 0.2170 0.2735 0.2854 0.2241 
        H558  1 0.2998 0.1978 0.2338 0.2686 
        H559  1 0.2559 0.2453 0.2555 0.2434 
        H579  1 0.2878 0.2271 0.2559 0.2292 
        H584  1 0.3011 0.2315 0.2396 0.2277 
        H585  1 0.2516 0.2391 0.2782 0.2311 
        H605  1 0.2526 0.2371 0.2659 0.2443 
        H606  1 0.2290 0.2235 0.2277 0.3198 
        H632  1 0.3180 0.2483 0.2259 0.2077 
        H634  1 0.2553 0.2235 0.2742 0.2470 
        H671  1 0.2218 0.2707 0.2197 0.2878 
        H672  1 0.2660 0.2375 0.2648 0.2316 
        H673  1 0.2610 0.2606 0.2492 0.2292 
        H689  1 0.2677 0.2693 0.2536 0.2094 
        H690  1 0.2020 0.2295 0.2588 0.3096 
        H691  1 0.2258 0.2626 0.2747 0.2369 
        H692  1 0.2762 0.2544 0.3101 0.1593 
        H709  1 0.2471 0.2426 0.2701 0.2402 
        H710  1 0.2868 0.2442 0.2837 0.1852 
       H7355  1 0.2293 0.2822 0.2920 0.1965 
       H7356  1 0.2647 0.2341 0.2524 0.2488 
       H7357  1 0.2236 0.2940 0.2640 0.2185 
       H7358  1 0.2758 0.2702 0.2580 0.1960 
       H7380  1 0.2486 0.2611 0.2684 0.2219 
       H7381  1 0.2463 0.2475 0.2127 0.2935 
       H7382  1 0.2633 0.2207 0.2752 0.2407 
        H904  1 0.1898 0.2307 0.2045 0.3750 
        H923  1 0.2773 0.2400 0.2286 0.2540 
        H924  1 0.2448 0.2647 0.2244 0.2661 
        H925  1 0.2552 0.2626 0.2739 0.2083 
       H9558  1 0.3194 0.1900 0.2309 0.2597 
        H008  2 0.2276 0.2783 0.3102 0.1838 
        H021  2 0.2257 0.2832 0.2266 0.2645 
        H023  2 0.2161 0.2803 0.2444 0.2592 
        H024  2 0.3129 0.2357 0.2520 0.1994 
        H025  2 0.2512 0.2306 0.2077 0.3105 
        H026  2 0.3342 0.2465 0.2235 0.1957 
        H027  2 0.2444 0.2650 0.2813 0.2093 
        H028  2 0.2716 0.2568 0.2555 0.2161 
        H029  2 0.2791 0.2618 0.2551 0.2040 
        H030  2 0.3170 0.2243 0.2503 0.2085 
        H038  2 0.2479 0.2350 0.2426 0.2745 
        H039  2 0.1908 0.2216 0.1645 0.4231 
        H040  2 0.2581 0.2408 0.2586 0.2425 
        H041  2 0.2190 0.2941 0.2723 0.2145 
        H042  2 0.2279 0.2645 0.2551 0.2526 
        H043  2 0.2536 0.2045 0.1936 0.3483 
        H044  2 0.2796 0.2198 0.2742 0.2264 
        H047  2 0.2612 0.2301 0.1913 0.3174 
        H050  2 0.2884 0.2308 0.2595 0.2213 
        H058  2 0.2548 0.2343 0.2405 0.2704 
        H062  2 0.2346 0.2830 0.2239 0.2585 
        H063  2 0.2049 0.2537 0.2189 0.3225 
        H065  2 0.2996 0.2377 0.2181 0.2447 
        H066  2 0.2727 0.2405 0.2400 0.2468 
        H067  2 0.2333 0.3007 0.2765 0.1895 
        H068  2 0.2322 0.2678 0.2083 0.2917 
        H069  2 0.2852 0.2322 0.2419 0.2407 
        H071  2 0.2185 0.2553 0.2421 0.2842 
        H072  2 0.1941 0.2489 0.2142 0.3428 
        H073  2 0.2698 0.2524 0.2748 0.2030 
        H081  2 0.1991 0.2806 0.2806 0.2398 
        H082  2 0.2795 0.2603 0.2581 0.2021 
        H083  2 0.2888 0.2298 0.2609 0.2205 
        H084  2 0.2406 0.2668 0.2548 0.2378 
        H085  2 0.2109 0.2638 0.2910 0.2343 
        H087  2 0.1959 0.3281 0.2684 0.2075 
        H088  2 0.1995 0.2466 0.2445 0.3094 
        H089  2 0.2464 0.2659 0.2874 0.2003 
        H090  2 0.2964 0.2564 0.2344 0.2128 
        H091  2 0.2620 0.2447 0.3055 0.1878 
        H098  2 0.2487 0.2728 0.2757 0.2028 
      H10001  2 0.1977 0.2197 0.1710 0.4116 
      H10002  2 0.2000 0.2125 0.2789 0.3087 
        H101  2 0.2702 0.2576 0.2647 0.2076 
        H108  2 0.2077 0.2991 0.2452 0.2479 
        H109  2 0.2356 0.2421 0.2354 0.2869 
        H110  2 0.2205 0.2391 0.3212 0.2193 
        H116  2 0.2845 0.2112 0.2664 0.2378 
        H117  2 0.2151 0.2999 0.2951 0.1900 
        H118  2 0.3167 0.2466 0.2635 0.1732 
        H119  2 0.2229 0.2603 0.2527 0.2641 
        H120  2 0.1892 0.2539 0.2212 0.3358 
        H121  2 0.2836 0.2514 0.2641 0.2009 
        H125  2 0.1778 0.2437 0.1831 0.3954 
        H126  2 0.3066 0.2104 0.2264 0.2566 
        H128  2 0.3936 0.1995 0.2562 0.1507 
        H129  2 0.3162 0.2527 0.2468 0.1843 
        H130  2 0.2656 0.2111 0.2018 0.3215 
        H133  2 0.2242 0.2231 0.1931 0.3596 
        H134  2 0.3966 0.2047 0.1930 0.2056 
        H135  2 0.2182 0.2585 0.2685 0.2548 
        H137  2 0.2334 0.3007 0.2506 0.2153 
        H138  2 0.3102 0.2101 0.2521 0.2276 
        H140  2 0.2594 0.2481 0.2447 0.2478 
        H146  2 0.2952 0.2128 0.2672 0.2247 
        H147  2 0.2194 0.2598 0.2987 0.2221 
        H148  2 0.2141 0.2981 0.2789 0.2088 
     H166022  2 0.2299 0.2511 0.3208 0.1981 
     H167359  2 0.2423 0.2211 0.2709 0.2657 
     H167397  2 0.2914 0.2252 0.3201 0.1633 
     H167428  2 0.2764 0.2823 0.2811 0.1602 
     H167496  2 0.1898 0.2732 0.2345 0.3025 
     H167513  2 0.2413 0.2668 0.2404 0.2515 
     H167545  2 0.3061 0.2326 0.2598 0.2015 
     H167547  2 0.3325 0.2201 0.2548 0.1927 
     H169621  2 0.2691 0.2479 0.2693 0.2136 
     H169622  2 0.2709 0.2085 0.2923 0.2282 
     H169750  2 0.2553 0.2380 0.2215 0.2853 
     H171806  2 0.2759 0.2604 0.2132 0.2505 
     H171808  2 0.2665 0.2806 0.2442 0.2087 
     H171809  2 0.2154 0.2945 0.2570 0.2331 
     H171813  2 0.2909 0.2431 0.2187 0.2473 
     H171815  2 0.2421 0.2039 0.1927 0.3613 
     H171824  2 0.1899 0.2765 0.2507 0.2830 
     H171825  2 0.2562 0.2356 0.2809 0.2273 
     H171826  2 0.2134 0.2776 0.2406 0.2684 
     H171827  2 0.2370 0.2169 0.2811 0.2650 
     H171828  2 0.1857 0.2629 0.2099 0.3414 
     H171829  2 0.2971 0.2098 0.2301 0.2630 
     H171830  2 0.2238 0.2401 0.2651 0.2710 
     H171831  2 0.3103 0.2402 0.2563 0.1931 
     H171832  2 0.2693 0.2401 0.2420 0.2487 
     H171863  2 0.3387 0.2065 0.2542 0.2007 
     H171864  2 0.2268 0.3143 0.2567 0.2022 
     H171865  2 0.2329 0.2308 0.2024 0.3339 
     H171879  2 0.2787 0.2096 0.2572 0.2546 
     H171880  2 0.2398 0.2493 0.2886 0.2223 
     H171881  2 0.2363 0.2998 0.2675 0.1964 
     H171882  2 0.2059 0.2296 0.2031 0.3614 
     H171929  2 0.2345 0.2827 0.2575 0.2252 
     H171930  2 0.3085 0.2398 0.2571 0.1946 
     H171933  2 0.2417 0.2576 0.2767 0.2239 
     H171934  2 0.2198 0.2667 0.2897 0.2237 
     H171937  2 0.3129 0.1919 0.2413 0.2538 
     H171962  2 0.2475 0.2670 0.2586 0.2269 
        H190  2 0.2422 0.2737 0.2804 0.2036 
        H191  2 0.2614 0.2807 0.2361 0.2218 
        H396  2 0.2454 0.2879 0.2600 0.2068 
        H397  2 0.2470 0.2504 0.2811 0.2214 
        H398  2 0.2784 0.2443 0.2170 0.2604 
        H400  2 0.2491 0.2573 0.2551 0.2385 
        H401  2 0.3058 0.2352 0.2761 0.1829 
        H402  2 0.2288 0.2370 0.3385 0.1957 
        H427  2 0.2383 0.2701 0.2690 0.2226 
        H428  2 0.2703 0.2838 0.2852 0.1606 
        H497  2 0.2457 0.2324 0.2208 0.3011 
        H512  2 0.2413 0.2193 0.2765 0.2630 
        H513  2 0.2404 0.2670 0.2391 0.2534 
        H514  2 0.2790 0.1927 0.2387 0.2896 
        H519  2 0.2304 0.2735 0.2411 0.2550 
        H532  2 0.2495 0.2648 0.2846 0.2010 
        H543  2 0.2339 0.2394 0.3228 0.2039 
        H544  2 0.3062 0.2172 0.2198 0.2568 
        H545  2 0.3212 0.2280 0.2538 0.1970 
        H546  2 0.2546 0.2617 0.2062 0.2776 
        H547  2 0.3348 0.2192 0.2522 0.1937 
        H548  2 0.2277 0.2513 0.3004 0.2206 
        H549  2 0.2973 0.2300 0.2779 0.1948 
        H620  2 0.1961 0.2302 0.2102 0.3635 
        H623  2 0.2811 0.2505 0.2499 0.2186 
        H624  2 0.2861 0.1776 0.1948 0.3414 
        H625  2 0.2347 0.2935 0.2719 0.1999 
        H626  2 0.2347 0.2587 0.2707 0.2359 
        H654  2 0.2148 0.2202 0.1819 0.3831 
        H655  2 0.2213 0.2148 0.2347 0.3292 
        H656  2 0.2178 0.2487 0.2090 0.3246 
        H666  2 0.2379 0.2283 0.1832 0.3506 
        H667  2 0.2481 0.2256 0.2884 0.2379 
        H677  2 0.2428 0.2252 0.2979 0.2340 
        H693  2 0.1899 0.3236 0.2252 0.2613 
        H694  2 0.2850 0.2697 0.2493 0.1960 
        H701  2 0.2456 0.2348 0.2867 0.2328 
        H702  2 0.2066 0.2610 0.2724 0.2601 
        H731  2 0.2172 0.2473 0.2444 0.2912 
       H7359  2 0.2398 0.2198 0.2721 0.2683 
       H7389  2 0.2830 0.2451 0.2376 0.2343 
       H7390  2 0.2124 0.2605 0.2194 0.3076 
       H7391  2 0.1964 0.3091 0.3024 0.1921 
       H7392  2 0.2865 0.2443 0.2421 0.2272 
       H7393  2 0.2216 0.2195 0.2588 0.3002 
       H7398  2 0.2097 0.2891 0.2763 0.2248 
       H7399  2 0.2788 0.2282 0.2948 0.1982 
       H7400  2 0.2145 0.2260 0.1816 0.3779 
        H745  2 0.3343 0.2536 0.2146 0.1975 
        H746  2 0.2837 0.2074 0.2906 0.2182 
        H747  2 0.2214 0.2517 0.2439 0.2830 
        H748  2 0.2412 0.2266 0.2516 0.2806 
       H7484  2 0.2171 0.2763 0.2044 0.3021 
       H7485  2 0.2760 0.2464 0.2478 0.2299 
        H749  2 0.2876 0.2255 0.2783 0.2087 
        H930  2 0.2908 0.2479 0.2638 0.1976 
        H931  2 0.2369 0.2623 0.2548 0.2460 
        H932  2 0.2502 0.2508 0.2471 0.2519 
        H111  3 0.2969 0.2322 0.2609 0.2099 
        H951  3 0.2729 0.2405 0.2658 0.2208 
        H952  3 0.2930 0.2446 0.2254 0.2370 
        H953  3 0.2632 0.3019 0.2486 0.1863 
        H954  3 0.2044 0.2150 0.2272 0.3534 
        H955  3 0.2730 0.2223 0.2901 0.2146 
        H956  3 0.2309 0.2571 0.2688 0.2431 
       H9563  3 0.2144 0.2765 0.2529 0.2562 
        H002  4 0.2555 0.2014 0.2052 0.3379 
        H003  4 0.2615 0.2161 0.3027 0.2196 
        H009  4 0.3211 0.2173 0.2436 0.2179 
        H010  4 0.2459 0.2634 0.2631 0.2275 
        H011  4 0.1943 0.3120 0.2054 0.2883 
        H012  4 0.2131 0.2449 0.3130 0.2291 
        H013  4 0.2109 0.2477 0.2718 0.2695 
        H014  4 0.2434 0.2723 0.2379 0.2463 
        H045  4 0.2225 0.2887 0.2609 0.2280 
        H046  4 0.2820 0.2386 0.2808 0.1985 
        H051  4 0.2025 0.2754 0.2429 0.2792 
        H052  4 0.2915 0.2357 0.2053 0.2675 
        H053  4 0.2214 0.2583 0.2406 0.2798 
        H056  4 0.2432 0.2485 0.2060 0.3023 
        H076  4 0.2975 0.2571 0.2450 0.2004 
        H151  4 0.2227 0.2130 0.1892 0.3751 
        H152  4 0.2702 0.2021 0.1850 0.3427 
     H171803  4 0.2110 0.2451 0.2612 0.2826 
     H171804  4 0.2072 0.2723 0.2621 0.2584 
     H171833  4 0.3147 0.2050 0.2571 0.2232 
     H171855  4 0.2379 0.2452 0.1828 0.3341 
     H171856  4 0.2541 0.2524 0.2656 0.2279 
     H171857  4 0.2494 0.2723 0.2000 0.2783 
     H171858  4 0.2777 0.2306 0.2438 0.2480 
     H171859  4 0.2570 0.2351 0.2510 0.2569 
     H171961  4 0.2273 0.2827 0.2267 0.2633 
        H198  4 0.2687 0.2297 0.2976 0.2039 
      H20001  4 0.3189 0.2182 0.2303 0.2326 
        H403  4 0.2686 0.2619 0.2164 0.2531 
        H404  4 0.2540 0.2393 0.2797 0.2271 
        H405  4 0.2571 0.2423 0.2896 0.2110 
        H406  4 0.3429 0.2137 0.2032 0.2402 
        H407  4 0.2349 0.2795 0.2534 0.2321 
        H410  4 0.2918 0.2635 0.2644 0.1803 
        H411  4 0.3125 0.2291 0.2142 0.2442 
        H468  4 0.2793 0.2231 0.2486 0.2489 
        H476  4 0.2368 0.2346 0.2507 0.2779 
        H477  4 0.3353 0.2281 0.2423 0.1944 
        H478  4 0.2321 0.2141 0.3219 0.2319 
        H479  4 0.2329 0.2549 0.2637 0.2485 
        H480  4 0.2747 0.2139 0.2855 0.2259 
        H498  4 0.2559 0.2287 0.2571 0.2583 
        H499  4 0.2608 0.2304 0.2471 0.2617 
        H500  4 0.1944 0.2042 0.2593 0.3421 
        H515  4 0.2194 0.2363 0.2361 0.3081 
        H516  4 0.2735 0.2162 0.2353 0.2750 
        H517  4 0.2584 0.2446 0.2679 0.2290 
        H518  4 0.2777 0.2489 0.2173 0.2562 
        H520  4 0.2375 0.2311 0.2376 0.2938 
        H521  4 0.2279 0.3110 0.2711 0.1900 
        H522  4 0.2377 0.2386 0.2653 0.2584 
        H523  4 0.2307 0.2299 0.2548 0.2846 
        H536  4 0.2514 0.2524 0.2693 0.2269 
        H645  4 0.2140 0.2870 0.2666 0.2324 
        H646  4 0.3001 0.2296 0.2704 0.1999 
        H647  4 0.2851 0.2470 0.2386 0.2292 
        H657  4 0.2655 0.2350 0.2998 0.1997 
        H658  4 0.2231 0.2455 0.2693 0.2622 
        H659  4 0.2021 0.2121 0.2006 0.3852 
        H660  4 0.2275 0.2377 0.2417 0.2931 
        H661  4 0.2512 0.2532 0.2063 0.2893 
        H668  4 0.2331 0.2533 0.3026 0.2110 
        H669  4 0.2260 0.2704 0.2499 0.2536 
        H670  4 0.2045 0.2671 0.2713 0.2572 
        H678  4 0.2427 0.2605 0.2438 0.2530 
        H679  4 0.2567 0.2346 0.2980 0.2106 
        H680  4 0.2734 0.2651 0.2234 0.2382 
        H681  4 0.2182 0.2182 0.2745 0.2892 
        H682  4 0.2045 0.2489 0.3280 0.2186 
        H683  4 0.2824 0.2102 0.2008 0.3066 
        H718  4 0.2422 0.2483 0.2123 0.2972 
        H719  4 0.2046 0.3256 0.2576 0.2122 
        H720  4 0.2870 0.2650 0.2174 0.2305 
        H721  4 0.2812 0.2622 0.2150 0.2417 
        H722  4 0.2957 0.2019 0.1974 0.3050 
        H723  4 0.2017 0.2398 0.2465 0.3120 
        H724  4 0.2045 0.2856 0.1989 0.3110 
        H725  4 0.2234 0.2509 0.2046 0.3211 
        H726  4 0.2188 0.2220 0.2204 0.3388 
        H727  4 0.2022 0.2957 0.2369 0.2653 
        H910  4 0.2058 0.2895 0.2408 0.2640 
        H911  4 0.2858 0.2516 0.2544 0.2082 
        H912  4 0.2601 0.2212 0.2321 0.2866 
        H913  4 0.2301 0.2334 0.2530 0.2836 
        H914  4 0.2079 0.2528 0.2478 0.2915 
        H915  4 0.2381 0.2569 0.2495 0.2554 
        H916  4 0.2810 0.2300 0.2261 0.2629 
       H9572  4 0.2267 0.3108 0.2372 0.2253 
        H015  5 0.2642 0.2962 0.2395 0.2000 
        H016  5 0.3215 0.2065 0.2528 0.2192 
        H017  5 0.2986 0.2220 0.2192 0.2602 
        H019  5 0.2554 0.2475 0.2483 0.2488 
        H020  5 0.2706 0.2526 0.2144 0.2625 
        H032  5 0.2539 0.2175 0.2620 0.2666 
        H033  5 0.2130 0.2706 0.3078 0.2086 
        H034  5 0.1973 0.2864 0.2397 0.2766 
        H035  5 0.2491 0.2534 0.2533 0.2443 
        H036  5 0.2607 0.2904 0.2476 0.2013 
        H037  5 0.2222 0.2803 0.2263 0.2712 
        H048  5 0.1969 0.2971 0.2369 0.2691 
        H049  5 0.2919 0.2309 0.2286 0.2486 
        H054  5 0.2418 0.2823 0.2386 0.2373 
        H055  5 0.2465 0.2529 0.2164 0.2842 
        H057  5 0.2886 0.2143 0.2244 0.2727 
        H060  5 0.2763 0.2095 0.2134 0.3008 
        H061  5 0.2522 0.2291 0.3002 0.2185 
        H064  5 0.2502 0.2461 0.2240 0.2797 
        H070  5 0.1980 0.2373 0.2605 0.3042 
        H077  5 0.2193 0.2450 0.2074 0.3284 
        H078  5 0.2573 0.2246 0.2019 0.3161 
        H079  5 0.2449 0.2424 0.3096 0.2031 
        H097  5 0.2998 0.1901 0.2115 0.2986 
        H107  5 0.1863 0.2825 0.2182 0.3129 
        H122  5 0.2802 0.2362 0.2490 0.2346 
        H123  5 0.2805 0.2404 0.2756 0.2036 
        H124  5 0.2566 0.2354 0.2922 0.2158 
        H131  5 0.2651 0.2804 0.2624 0.1921 
        H132  5 0.2403 0.2552 0.2533 0.2511 
        H141  5 0.2350 0.2704 0.2500 0.2446 
        H142  5 0.2613 0.2298 0.2955 0.2133 
        H157  5 0.1983 0.2914 0.2317 0.2787 
        H158  5 0.3326 0.2076 0.2348 0.2251 
        H159  5 0.2487 0.2800 0.2859 0.1854 
        H160  5 0.2568 0.2372 0.2795 0.2265 
        H163  5 0.2497 0.2816 0.2553 0.2134 
        H164  5 0.2332 0.2154 0.2993 0.2521 
        H165  5 0.2553 0.2481 0.3074 0.1893 
        H166  5 0.2697 0.2875 0.2366 0.2062 
        H169  5 0.2461 0.2295 0.2659 0.2585 
     H169613  5 0.2530 0.2268 0.2480 0.2721 
     H169653  5 0.2436 0.2836 0.2619 0.2109 
     H169728  5 0.2657 0.2632 0.2505 0.2205 
     H169742  5 0.2265 0.2555 0.2653 0.2527 
        H170  5 0.3285 0.2307 0.2089 0.2319 
        H171  5 0.3025 0.2288 0.2312 0.2376 
     H171851  5 0.2580 0.2647 0.2404 0.2368 
     H171852  5 0.2557 0.2171 0.2157 0.3115 
     H171853  5 0.1997 0.3094 0.2514 0.2394 
     H171854  5 0.2460 0.2236 0.2455 0.2849 
     H171938  5 0.2056 0.2419 0.3040 0.2485 
     H171939  5 0.3182 0.2340 0.2307 0.2171 
     H171941  5 0.2056 0.2906 0.2066 0.2972 
     H171965  5 0.2689 0.2240 0.2711 0.2361 
     H171970  5 0.1946 0.3095 0.1902 0.3057 
     H171973  5 0.2245 0.2681 0.3061 0.2013 
     H171974  5 0.2166 0.2685 0.2662 0.2487 
     H171975  5 0.2180 0.3390 0.2122 0.2308 
     H171976  5 0.3083 0.2135 0.2178 0.2604 
        H175  5 0.2094 0.2678 0.2382 0.2846 
        H178  5 0.2256 0.2702 0.2488 0.2555 
        H189  5 0.2973 0.2089 0.2915 0.2022 
        H399  5 0.3138 0.2327 0.2213 0.2323 
        H416  5 0.2396 0.2537 0.2399 0.2668 
        H438  5 0.1974 0.3063 0.2716 0.2247 
        H450  5 0.2277 0.2117 0.2109 0.3497 
        H455  5 0.1884 0.3260 0.2060 0.2795 
        H456  5 0.2194 0.2411 0.2870 0.2525 
        H457  5 0.2564 0.2194 0.2135 0.3107 
        H458  5 0.2185 0.2541 0.2410 0.2864 
        H459  5 0.2522 0.2231 0.3149 0.2098 
        H460  5 0.2434 0.2224 0.2738 0.2605 
        H461  5 0.3049 0.2270 0.2180 0.2501 
        H462  5 0.2361 0.3032 0.2620 0.1987 
        H469  5 0.2527 0.2664 0.2734 0.2075 
        H470  5 0.2235 0.2573 0.2564 0.2629 
        H471  5 0.3181 0.1901 0.2757 0.2161 
        H481  5 0.2140 0.2551 0.1997 0.3312 
        H482  5 0.2312 0.2198 0.2299 0.3191 
        H501  5 0.2115 0.2406 0.2669 0.2810 
        H502  5 0.2868 0.2329 0.2698 0.2104 
        H503  5 0.2862 0.2530 0.2521 0.2087 
        H509  5 0.1880 0.3466 0.2298 0.2355 
        H510  5 0.2511 0.2692 0.2397 0.2399 
        H511  5 0.2636 0.2187 0.2742 0.2435 
        H530  5 0.2064 0.2627 0.2637 0.2671 
        H531  5 0.2516 0.2190 0.2269 0.3024 
        H564  5 0.2437 0.2276 0.2356 0.2930 
        H565  5 0.2392 0.2602 0.1813 0.3193 
        H567  5 0.3003 0.2512 0.2637 0.1847 
     H568???  5 0.3128 0.2135 0.2516 0.2220 
        H608  5 0.2252 0.2248 0.2096 0.3404 
        H609  5 0.2157 0.3166 0.2618 0.2058 
        H612  5 0.1939 0.2335 0.2385 0.3342 
        H614  5 0.2373 0.2368 0.1820 0.3439 
        H615  5 0.2497 0.2380 0.2016 0.3106 
        H616  5 0.1899 0.2751 0.2001 0.3350 
        H617  5 0.2410 0.2437 0.3200 0.1952 
        H618  5 0.2048 0.3155 0.2091 0.2705 
        H619  5 0.2479 0.2488 0.2792 0.2241 
        H635  5 0.2207 0.2849 0.2532 0.2411 
        H636  5 0.2241 0.2450 0.3108 0.2202 
        H637  5 0.2468 0.2464 0.2356 0.2712 
        H644  5 0.3497 0.2129 0.2608 0.1765 
        H711  5 0.3097 0.2019 0.2324 0.2561 
        H712  5 0.2093 0.3142 0.2386 0.2379 
       H7360  5 0.2776 0.2267 0.2459 0.2498 
       H7361  5 0.2213 0.2972 0.2046 0.2770 
       H7362  5 0.3445 0.2403 0.2493 0.1658 
       H7363  5 0.2547 0.2752 0.2088 0.2613 
       H7394  5 0.2583 0.2246 0.2834 0.2338 
       H7395  5 0.2238 0.2757 0.2642 0.2362 
       H7396  5 0.2358 0.2482 0.2551 0.2609 
        H742  5 0.2243 0.2607 0.2650 0.2501 
        H743  5 0.2760 0.2576 0.2147 0.2516 
        H744  5 0.2062 0.2964 0.1952 0.3023 
        H957  5 0.2804 0.2049 0.2536 0.2612 
        H958  5 0.2439 0.2449 0.2916 0.2196 
        H959  5 0.1901 0.2509 0.2315 0.3275 
        H960  5 0.2462 0.2828 0.2332 0.2377 
      H_PALI  6 0.2327 0.2283 0.2676 0.2714 
        H581  6 0.2523 0.2312 0.2289 0.2877 
        H582  6 0.2302 0.2729 0.2002 0.2967 
        H583  6 0.2547 0.2224 0.2535 0.2695 
        H595  6 0.2758 0.2485 0.2853 0.1904 
        H596  6 0.2784 0.2168 0.2994 0.2055 
        H597  6 0.3040 0.2677 0.2396 0.1886 
        H598  6 0.2205 0.2436 0.2803 0.2555 
        H599  6 0.2186 0.2930 0.2067 0.2816 
        H642  6 0.2875 0.2377 0.2565 0.2184 
        H643  6 0.2290 0.2699 0.2705 0.2306 
        H664  6 0.2476 0.2286 0.2084 0.3154 
        H665  6 0.2053 0.2694 0.2789 0.2464 
        H674  6 0.3452 0.2518 0.2273 0.1756 
        H675  6 0.2615 0.2543 0.2060 0.2782 
        H676  6 0.2841 0.2306 0.2432 0.2421 
        H686  6 0.2571 0.2405 0.2613 0.2411 
        H687  6 0.2599 0.2419 0.2477 0.2504 
        H917  6 0.2284 0.2846 0.3053 0.1817 
        H918  6 0.2281 0.2819 0.2919 0.1981 
        H919  6 0.1908 0.3370 0.2002 0.2719 
        H920  6 0.2235 0.2466 0.2384 0.2915 
        H631  7 0.2327 0.2873 0.2266 0.2534 
        H684  7 0.3047 0.2081 0.2611 0.2261 
        H685  7 0.2201 0.2626 0.2094 0.3079 
        H713  7 0.2153 0.2433 0.2502 0.2912 
        H715  7 0.2971 0.2458 0.2341 0.2230 
        H716  7 0.2414 0.2933 0.2264 0.2390 
        H717  7 0.2462 0.3007 0.2255 0.2276 
        H729  7 0.2326 0.2573 0.3100 0.2000 
        H730  7 0.2120 0.3186 0.2550 0.2144 
        H431  8 0.2180 0.2537 0.2281 0.3001 
        H432  8 0.3075 0.2936 0.2336 0.1654 
        H433  8 0.2150 0.2591 0.3046 0.2212 
        H434  8 0.2484 0.2522 0.2611 0.2383 
        H444  8 0.2116 0.3118 0.2695 0.2070 
        H454  8 0.1893 0.2797 0.2226 0.3084 
        H475  8 0.1998 0.1909 0.2148 0.3945 
        H491  8 0.2263 0.2635 0.2198 0.2904 
        H492  8 0.2133 0.2585 0.2375 0.2906 
        H493  8 0.2585 0.2388 0.2517 0.2510 
        H494  8 0.2352 0.3159 0.2291 0.2197 
        H495  8 0.2725 0.1934 0.1823 0.3518 
        H662  8 0.2981 0.2544 0.2279 0.2195 
        H663  8 0.2514 0.2605 0.2409 0.2473 
        H695  8 0.2284 0.2475 0.2643 0.2598 
       H7367  8 0.2529 0.2448 0.2896 0.2127 
       H7368  8 0.2680 0.2400 0.2583 0.2338 
       H7369  8 0.2180 0.2730 0.2654 0.2436 
       H7370  8 0.2600 0.2532 0.3078 0.1790 
       H7371  8 0.2123 0.2616 0.2938 0.2324 
        H600  9 0.2426 0.2315 0.2325 0.2934 
        H648  9 0.2640 0.2771 0.2257 0.2332 
        H696  9 0.3571 0.2330 0.2427 0.1671 
        H697  9 0.2488 0.2912 0.2359 0.2241 
        H698  9 0.2851 0.2559 0.2490 0.2100 
        H699  9 0.2446 0.2625 0.2422 0.2507 
        H700  9 0.2175 0.2101 0.2658 0.3066 
        H732  9 0.2458 0.2412 0.2059 0.3071 
        H733  9 0.2586 0.2301 0.2926 0.2187 
        H734  9 0.2892 0.2235 0.2806 0.2067 
        H735  9 0.2718 0.2765 0.2378 0.2139 
        H736  9 0.2613 0.2327 0.2591 0.2469 
        H737  9 0.2583 0.2300 0.2165 0.2952 
        H905  9 0.2090 0.2359 0.2304 0.3248 
        H921  9 0.2046 0.2687 0.2542 0.2725 
        H922  9 0.2363 0.2897 0.2898 0.1842 
     H169705 10 0.2473 0.2600 0.2768 0.2160 
     H171942 10 0.2960 0.3117 0.2343 0.1580 
     H171943 10 0.2754 0.2612 0.2443 0.2191 
     H171944 10 0.2234 0.2510 0.2764 0.2492 
     H171946 10 0.2643 0.2250 0.2088 0.3020 
     H171947 10 0.2511 0.2360 0.2592 0.2538 
     H229641 10 0.2388 0.2191 0.2638 0.2783 
      H30001 10 0.2072 0.2601 0.2639 0.2688 
      H30002 10 0.2391 0.2370 0.2650 0.2590 
      H30005 10 0.2536 0.2591 0.2547 0.2326 
      H30006 10 0.3084 0.2578 0.2266 0.2072 
      H30007 10 0.3877 0.1880 0.2101 0.2141 
        H451 10 0.2464 0.2761 0.2854 0.1921 
        H452 10 0.2863 0.2323 0.2379 0.2435 
        H453 10 0.2402 0.2424 0.1858 0.3316 
        H473 10 0.2536 0.2520 0.2349 0.2595 
        H474 10 0.2352 0.2126 0.1945 0.3578 
        H486 10 0.2292 0.2644 0.2362 0.2703 
        H487 10 0.2366 0.2276 0.2162 0.3196 
        H488 10 0.2048 0.2842 0.2687 0.2423 
        H489 10 0.2076 0.2357 0.2244 0.3324 
        H550 10 0.3039 0.2091 0.2659 0.2211 
        H551 10 0.2071 0.2725 0.2675 0.2530 
        H553 10 0.2448 0.2394 0.2142 0.3015 
        H554 10 0.2576 0.2244 0.2867 0.2314 
        H556 10 0.2790 0.2517 0.2366 0.2327 
        H580 10 0.2466 0.2794 0.2660 0.2080 
        H591 10 0.2069 0.2247 0.2079 0.3604 
        H592 10 0.2096 0.2572 0.2552 0.2780 
        H593 10 0.2481 0.2236 0.2746 0.2537 
        H594 10 0.2927 0.2527 0.2810 0.1736 
        H627 10 0.2514 0.2119 0.2579 0.2789 
        H628 10 0.2474 0.2680 0.3148 0.1698 
        H629 10 0.2717 0.2562 0.2203 0.2518 
        H630 10 0.2509 0.2333 0.2652 0.2506 
        H638 10 0.2326 0.2711 0.2666 0.2297 
        H639 10 0.2568 0.2624 0.2008 0.2800 
        H640 10 0.2835 0.2210 0.2862 0.2094 
        H704 10 0.3228 0.2429 0.2326 0.2016 
        H705 10 0.2374 0.2640 0.2841 0.2146 
        H706 10 0.1984 0.2792 0.2421 0.2804 
        H708 10 0.2162 0.2431 0.2113 0.3295 
       H7351 10 0.2570 0.2647 0.2543 0.2239 
       H7352 10 0.2326 0.2628 0.2439 0.2607 
       H7353 10 0.3397 0.2266 0.2160 0.2177 
       H7354 10 0.2224 0.2492 0.2439 0.2845 
       H7365 10 0.2038 0.2739 0.2360 0.2863 
       H7383 10 0.2120 0.2720 0.2598 0.2562 
       H7384 10 0.2382 0.2354 0.2381 0.2883 
       H7385 10 0.2200 0.2516 0.2244 0.3040 
       H7386 10 0.2291 0.2755 0.2791 0.2163 
       H7387 10 0.2512 0.2458 0.2623 0.2407 
       H7388 10 0.2621 0.2683 0.2320 0.2376 
        H906 10 0.2506 0.2595 0.2122 0.2777 
        H907 10 0.2689 0.2543 0.2667 0.2101 
        H908 10 0.2224 0.2534 0.2656 0.2586 
        H909 10 0.2273 0.2515 0.2659 0.2552 
       H9552 10 0.2663 0.2763 0.2365 0.2210 
       H9553 10 0.2533 0.2449 0.2311 0.2706 
       H9555 10 0.2253 0.2467 0.3080 0.2200 
       H9575 10 0.2446 0.2157 0.2258 0.3139 
       H9703 10 0.2367 0.2479 0.1973 0.3181 
       H9707 10 0.2160 0.2309 0.2346 0.3185 
       HSAA4 10 0.2447 0.2808 0.2657 0.2088 
        H001 11 0.2394 0.2906 0.2329 0.2370 
        H004 11 0.2452 0.2611 0.2458 0.2479 
        H005 11 0.1841 0.2390 0.2220 0.3549 
        H006 11 0.2277 0.2336 0.2887 0.2501 
        H007 11 0.2002 0.2802 0.2425 0.2772 
        H031 11 0.1871 0.2478 0.2192 0.3459 
        H074 11 0.2194 0.2917 0.2241 0.2648 
        H075 11 0.2090 0.2480 0.2292 0.3138 
        H080 11 0.2104 0.2956 0.2091 0.2848 
        H086 11 0.2698 0.2343 0.2237 0.2722 
        H092 11 0.2299 0.2547 0.2267 0.2887 
        H093 11 0.3136 0.2298 0.2599 0.1967 
        H094 11 0.2556 0.2332 0.2716 0.2396 
        H095 11 0.2345 0.2645 0.2327 0.2684 
        H096 11 0.2025 0.2472 0.2763 0.2740 
        H099 11 0.2214 0.2582 0.2319 0.2884 
        H100 11 0.2928 0.2781 0.2500 0.1792 
        H127 11 0.2282 0.2478 0.2465 0.2775 
        H136 11 0.2067 0.1996 0.2025 0.3912 
        H153 11 0.2392 0.2342 0.2603 0.2664 
        H154 11 0.2038 0.2463 0.2291 0.3207 
        H155 11 0.2229 0.3118 0.3014 0.1639 
        H156 11 0.2559 0.2552 0.3123 0.1766 
        H161 11 0.2833 0.2188 0.2366 0.2614 
        H162 11 0.2669 0.2383 0.2906 0.2042 
        H167 11 0.2406 0.2391 0.2821 0.2382 
        H168 11 0.2532 0.2585 0.2500 0.2384 
     H169586 11 0.3180 0.1884 0.1934 0.3002 
     H169738 11 0.2492 0.2450 0.2877 0.2180 
     H169741 11 0.2069 0.2068 0.2457 0.3406 
     H171801 11 0.2767 0.2813 0.2530 0.1890 
     H171810 11 0.2210 0.2339 0.2264 0.3187 
     H171811 11 0.2535 0.2469 0.2035 0.2961 
     H171812 11 0.2197 0.3276 0.2259 0.2267 
     H171820 11 0.2216 0.2535 0.2203 0.3045 
     H171821 11 0.2478 0.2819 0.2523 0.2180 
     H171822 11 0.2460 0.2721 0.2437 0.2382 
     H171823 11 0.2651 0.1991 0.1872 0.3486 
     H171866 11 0.3040 0.2152 0.2489 0.2319 
     H171867 11 0.2112 0.2701 0.3060 0.2127 
     H171967 11 0.2051 0.2656 0.2565 0.2728 
     H171969 11 0.2449 0.2447 0.2564 0.2540 
        H172 11 0.2395 0.2689 0.2618 0.2298 
        H173 11 0.1943 0.2815 0.2998 0.2244 
        H174 11 0.2982 0.2379 0.2615 0.2025 
        H196 11 0.2636 0.2989 0.2436 0.1939 
        H197 11 0.2238 0.2495 0.2933 0.2334 
        H346 11 0.2127 0.2618 0.2560 0.2695 
        H355 11 0.2537 0.2793 0.2463 0.2207 
        H356 11 0.2541 0.2320 0.2204 0.2934 
        H357 11 0.2124 0.2785 0.2418 0.2673 
        H358 11 0.2209 0.2729 0.2607 0.2454 
        H359 11 0.2551 0.2223 0.2545 0.2680 
        H360 11 0.2241 0.2460 0.2609 0.2690 
        H361 11 0.2552 0.2569 0.2388 0.2490 
        H362 11 0.2659 0.2439 0.2985 0.1916 
        H363 11 0.2006 0.1968 0.2519 0.3507 
        H364 11 0.2697 0.2027 0.2369 0.2907 
        H365 11 0.2783 0.2568 0.2424 0.2224 
        H366 11 0.2657 0.2596 0.2869 0.1878 
        H367 11 0.2138 0.3034 0.1990 0.2837 
        H368 11 0.2942 0.2219 0.2663 0.2176 
        H369 11 0.1908 0.2623 0.2298 0.3170 
        H370 11 0.2473 0.2172 0.2990 0.2365 
        H371 11 0.2389 0.2621 0.2471 0.2519 
        H372 11 0.2539 0.2670 0.2537 0.2254 
        H373 11 0.2333 0.2711 0.2352 0.2604 
        H374 11 0.2197 0.2322 0.2322 0.3158 
        H375 11 0.1991 0.3070 0.2681 0.2258 
        H376 11 0.2579 0.2962 0.2450 0.2009 
        H377 11 0.2160 0.2118 0.2592 0.3130 
        H378 11 0.2426 0.2890 0.2176 0.2507 
        H379 11 0.2398 0.2138 0.2734 0.2731 
        H380 11 0.2214 0.2561 0.3223 0.2002 
        H381 11 0.2381 0.2237 0.2218 0.3164 
        H382 11 0.2795 0.2243 0.3122 0.1841 
        H383 11 0.2858 0.2638 0.2536 0.1967 
        H384 11 0.2396 0.2206 0.2204 0.3194 
        H385 11 0.2208 0.2168 0.2364 0.3260 
        H386 11 0.2067 0.2531 0.3202 0.2200 
        H387 11 0.3316 0.1980 0.2041 0.2663 
        H388 11 0.3019 0.2481 0.2654 0.1846 
        H389 11 0.2130 0.2864 0.2686 0.2320 
        H390 11 0.2440 0.2550 0.3029 0.1982 
        H391 11 0.3089 0.2461 0.2340 0.2110 
        H392 11 0.2065 0.2330 0.2445 0.3160 
        H393 11 0.2828 0.2901 0.2402 0.1869 
        H394 11 0.3368 0.2456 0.2173 0.2003 
        H395 11 0.2160 0.2297 0.2302 0.3242 
        H408 11 0.2187 0.2497 0.2766 0.2550 
        H412 11 0.2523 0.2490 0.2025 0.2962 
        H417 11 0.2301 0.2176 0.2494 0.3029 
        H418 11 0.2638 0.2588 0.2139 0.2635 
        H429 11 0.2444 0.2482 0.2737 0.2337 
        H430 11 0.2309 0.2880 0.2840 0.1971 
        H439 11 0.2245 0.2587 0.2466 0.2701 
        H440 11 0.2161 0.2036 0.2179 0.3625 
        H441 11 0.2275 0.2906 0.2805 0.2014 
        H442 11 0.2652 0.2324 0.2798 0.2226 
        H446 11 0.2602 0.2337 0.2533 0.2529 
        H447 11 0.2180 0.2400 0.3332 0.2089 
        H448 11 0.2157 0.2798 0.2845 0.2201 
        H534 11 0.2198 0.2315 0.1796 0.3691 
        H537 11 0.2291 0.2736 0.2194 0.2779 
        H568 11 0.2037 0.2284 0.1966 0.3714 
        H569 11 0.2586 0.2913 0.2824 0.1677 
        H586 11 0.3228 0.1845 0.1929 0.2998 
        H587 11 0.2006 0.2548 0.2171 0.3275 
        H588 11 0.3296 0.2327 0.2271 0.2107 
        H589 11 0.2187 0.2276 0.2168 0.3369 
        H590 11 0.2267 0.2264 0.2172 0.3297 
        H601 11 0.2794 0.2388 0.2716 0.2102 
        H602 11 0.2260 0.2601 0.2313 0.2826 
        H603 11 0.2185 0.2587 0.3055 0.2173 
        H610 11 0.2350 0.2361 0.2449 0.2840 
        H611 11 0.2183 0.2594 0.2568 0.2655 
        H649 11 0.2361 0.2904 0.2441 0.2295 
        H650 11 0.2830 0.2067 0.2658 0.2445 
        H651 11 0.2194 0.2734 0.2741 0.2331 
        H652 11 0.2617 0.2165 0.2322 0.2897 
       H7364 11 0.2436 0.2721 0.2710 0.2133 
       H7366 11 0.2264 0.2478 0.2671 0.2587 
       H7378 11 0.4032 0.2112 0.2301 0.1555 
       H7379 11 0.2476 0.2577 0.2334 0.2614 
        H739 11 0.2262 0.2434 0.2339 0.2965 
        H740 11 0.2791 0.2132 0.2656 0.2422 
        H741 11 0.2069 0.2063 0.2408 0.3461 
        H926 11 0.2601 0.2633 0.2424 0.2342 
        H927 11 0.2529 0.2368 0.3041 0.2062 
        H928 11 0.2387 0.2117 0.2812 0.2684 
       H9560 11 0.2806 0.2112 0.2579 0.2504 
        H409 12 0.2252 0.2831 0.3114 0.1803 
        H413 12 0.3412 0.2481 0.2322 0.1785 
        H419 12 0.2324 0.2582 0.2696 0.2398 
        H420 12 0.2243 0.2688 0.2316 0.2753 
        H421 12 0.2873 0.2132 0.2883 0.2111 
        H435 12 0.2751 0.2542 0.2657 0.2050 
        H436 12 0.2171 0.2618 0.2945 0.2266 
        H437 12 0.2328 0.2210 0.2121 0.3342 
        H445 12 0.2352 0.2610 0.2898 0.2140 
        H449 12 0.2971 0.2213 0.2396 0.2419 
        H463 12 0.2333 0.2748 0.2323 0.2596 
        H464 12 0.2978 0.2551 0.2605 0.1866 
        H465 12 0.3132 0.2344 0.2027 0.2498 
        H490 12 0.2775 0.2489 0.2726 0.2010 
        H561 12 0.2439 0.2512 0.2479 0.2570 
        H562 12 0.1999 0.3138 0.2776 0.2087 
        H563 12 0.2133 0.2784 0.2527 0.2556 
        H570 12 0.2008 0.2543 0.2627 0.2822 
        H571 12 0.2893 0.2394 0.2368 0.2345 
        H572 12 0.2131 0.3174 0.2401 0.2294 
        H573 12 0.2363 0.2553 0.3026 0.2058 
       H7372 12 0.2551 0.2331 0.3376 0.1742 
       H7373 12 0.3477 0.2062 0.2372 0.2088 
       H7374 12 0.2350 0.2719 0.2354 0.2576 
       H7375 12 0.2239 0.2522 0.2568 0.2672 
       H7376 12 0.2080 0.3178 0.2985 0.1757 
       H7377 12 0.2182 0.2440 0.2420 0.2958 
