        H102  1 0.1573 0.2054 0.1140 0.1718 0.0574 0.1173 0.1091 0.0679 
        H103  1 0.1673 0.0361 0.1059 0.1800 0.1049 0.1957 0.1118 0.0983 
        H104  1 0.0996 0.1720 0.1768 0.1078 0.1007 0.0960 0.1161 0.1309 
        H105  1 0.1540 0.1748 0.1180 0.1303 0.1101 0.1194 0.0602 0.1333 
        H106  1 0.1124 0.1152 0.0837 0.1177 0.1428 0.1271 0.1987 0.1024 
        H112  1 0.1133 0.2536 0.1265 0.1151 0.1011 0.1198 0.0801 0.0904 
        H113  1 0.1100 0.0840 0.1405 0.0926 0.3018 0.1106 0.0529 0.1075 
        H114  1 0.1125 0.0449 0.1319 0.1043 0.3089 0.1181 0.0627 0.1168 
        H115  1 0.0847 0.2677 0.1354 0.1418 0.0860 0.0886 0.0637 0.1320 
        H143  1 0.1541 0.1364 0.1262 0.1745 0.0837 0.1475 0.0742 0.1034 
        H144  1 0.2047 0.0299 0.1443 0.1220 0.0590 0.2359 0.0659 0.1384 
        H145  1 0.1676 0.1075 0.0888 0.1717 0.1465 0.1898 0.0592 0.0688 
        H149  1 0.1067 0.2162 0.1004 0.1441 0.0549 0.1020 0.1848 0.0909 
        H150  1 0.1425 0.1241 0.1220 0.1210 0.1252 0.2118 0.0629 0.0905 
     H167542  1 0.0697 0.0656 0.1666 0.0733 0.0596 0.0651 0.0512 0.4488 
     H169604  1 0.1430 0.0629 0.2176 0.1210 0.0773 0.1136 0.0754 0.1892 
     H169607  1 0.1885 0.0639 0.1136 0.1054 0.0985 0.1638 0.1124 0.1540 
     H169608  1 0.0663 0.4952 0.0644 0.1393 0.0468 0.0723 0.0691 0.0465 
     H169633  1 0.1021 0.0584 0.1228 0.1045 0.2390 0.1149 0.0524 0.2059 
     H169688  1 0.1911 0.0403 0.1170 0.1326 0.0549 0.1593 0.2327 0.0721 
     H169714  1 0.1142 0.1108 0.1462 0.1392 0.0854 0.1148 0.1946 0.0949 
     H171802  1 0.1030 0.1685 0.1950 0.0841 0.0950 0.0946 0.1405 0.1191 
     H171805  1 0.1758 0.0476 0.1420 0.1532 0.1103 0.1384 0.1551 0.0776 
     H171807  1 0.1423 0.1816 0.1291 0.1289 0.0610 0.1516 0.1090 0.0965 
     H171814  1 0.1295 0.0400 0.1732 0.0900 0.2479 0.1694 0.0712 0.0788 
     H171816  1 0.1390 0.1484 0.1198 0.1311 0.1063 0.1387 0.1390 0.0778 
     H171817  1 0.1294 0.1192 0.1102 0.1470 0.1336 0.1137 0.1579 0.0889 
     H171818  1 0.1238 0.0644 0.1494 0.1429 0.1316 0.1160 0.1247 0.1473 
     H171819  1 0.1376 0.0941 0.1133 0.1267 0.2444 0.1124 0.0943 0.0772 
     H171834  1 0.1786 0.1156 0.1537 0.1657 0.0870 0.1455 0.0839 0.0699 
     H171835  1 0.0699 0.1366 0.1206 0.1176 0.0995 0.0754 0.2963 0.0840 
     H171836  1 0.1522 0.0311 0.1538 0.1288 0.2273 0.1195 0.0765 0.1108 
     H171837  1 0.0887 0.1793 0.1341 0.1027 0.1145 0.0944 0.0878 0.1985 
     H171838  1 0.1440 0.0481 0.0899 0.1437 0.3037 0.1184 0.1031 0.0491 
     H171839  1 0.1152 0.1218 0.1398 0.1106 0.1018 0.1057 0.1613 0.1438 
     H171841  1 0.0798 0.5217 0.0650 0.0753 0.0641 0.0842 0.0718 0.0380 
     H171860  1 0.1451 0.1350 0.1621 0.1272 0.1152 0.1126 0.0559 0.1469 
     H171861  1 0.1582 0.0363 0.1390 0.1320 0.1896 0.1335 0.0838 0.1276 
     H171862  1 0.1891 0.0912 0.1333 0.1478 0.1072 0.1460 0.0953 0.0901 
     H171868  1 0.1100 0.1058 0.1333 0.1459 0.1103 0.1193 0.0649 0.2106 
     H171869  1 0.2122 0.0532 0.1158 0.1352 0.0802 0.2145 0.1094 0.0795 
     H171870  1 0.1388 0.0872 0.0975 0.1315 0.0806 0.1473 0.2323 0.0848 
     H171871  1 0.1619 0.0497 0.1781 0.1271 0.1456 0.1325 0.1195 0.0857 
     H171872  1 0.1126 0.1384 0.1524 0.1364 0.1258 0.1214 0.1075 0.1056 
     H171873  1 0.1282 0.0695 0.1017 0.1405 0.0700 0.1470 0.2297 0.1133 
     H171874  1 0.2286 0.0600 0.1472 0.1370 0.0651 0.1814 0.1046 0.0759 
     H171875  1 0.1865 0.0351 0.1340 0.1304 0.1597 0.1450 0.0616 0.1477 
     H171876  1 0.1858 0.0450 0.1631 0.1663 0.0656 0.1615 0.0670 0.1458 
     H171877  1 0.0651 0.0623 0.1289 0.0689 0.0997 0.0655 0.0539 0.4556 
     H171878  1 0.1308 0.0706 0.0883 0.1368 0.0633 0.1472 0.2803 0.0827 
     H171901  1 0.0810 0.1460 0.1819 0.1019 0.0776 0.0852 0.2385 0.0879 
     H171902  1 0.1752 0.1679 0.0823 0.1552 0.0761 0.1556 0.1180 0.0699 
     H171903  1 0.1692 0.0766 0.1795 0.1573 0.0819 0.1384 0.1056 0.0916 
     H171935  1 0.1357 0.1090 0.0930 0.1517 0.1089 0.1335 0.2186 0.0496 
     H171936  1 0.1020 0.0510 0.1454 0.0903 0.2212 0.0977 0.0690 0.2234 
     H171940  1 0.1428 0.1467 0.1288 0.1250 0.0464 0.1058 0.0825 0.2219 
     H171945  1 0.1407 0.1740 0.1001 0.0948 0.1060 0.1652 0.1336 0.0857 
     H171948  1 0.1229 0.2416 0.0931 0.1261 0.1674 0.1121 0.0669 0.0699 
     H171949  1 0.0844 0.2144 0.0934 0.1349 0.0677 0.0955 0.1704 0.1395 
     H171950  1 0.0649 0.2327 0.1197 0.1400 0.0452 0.0652 0.2659 0.0663 
     H171963  1 0.1780 0.0360 0.1007 0.1407 0.1314 0.1633 0.1830 0.0669 
     H171964  1 0.2230 0.0422 0.0802 0.1811 0.1170 0.2493 0.0499 0.0574 
     H171966  1 0.1479 0.0713 0.0965 0.1570 0.1685 0.1533 0.1364 0.0690 
     H171968  1 0.1450 0.1866 0.1050 0.1621 0.0462 0.1667 0.1069 0.0816 
     H171971  1 0.1509 0.0673 0.1076 0.1535 0.1662 0.1346 0.1596 0.0603 
     H171972  1 0.2024 0.0423 0.1629 0.1381 0.1424 0.1472 0.0707 0.0941 
     H171977  1 0.1641 0.0491 0.0996 0.1467 0.1004 0.1871 0.0983 0.1547 
     H171978  1 0.1565 0.1538 0.1196 0.1376 0.0700 0.1394 0.1592 0.0640 
     H171979  1 0.1984 0.0343 0.1336 0.1309 0.1825 0.1715 0.0742 0.0746 
        H176  1 0.1020 0.2411 0.0965 0.1271 0.1687 0.1058 0.0516 0.1072 
        H177  1 0.0847 0.3336 0.0711 0.0843 0.0472 0.0929 0.2132 0.0731 
        H179  1 0.0717 0.1597 0.1274 0.0844 0.0800 0.0655 0.1319 0.2794 
        H181  1 0.1710 0.0677 0.0921 0.1158 0.2429 0.1489 0.0725 0.0891 
        H182  1 0.1868 0.0443 0.1075 0.1648 0.1400 0.1671 0.1094 0.0800 
        H183  1 0.1644 0.0757 0.1048 0.1366 0.0943 0.1747 0.1199 0.1296 
        H184  1 0.1054 0.2398 0.1062 0.1180 0.1474 0.1104 0.0740 0.0988 
        H185  1 0.1412 0.0555 0.1060 0.0937 0.2523 0.1267 0.0709 0.1537 
        H186  1 0.2141 0.0897 0.1208 0.1374 0.0424 0.2080 0.1140 0.0736 
        H187  1 0.1064 0.0867 0.1033 0.1183 0.1035 0.1035 0.2786 0.0996 
        H188  1 0.0593 0.0978 0.1278 0.0789 0.0822 0.0790 0.0493 0.4257 
        H192  1 0.0874 0.2202 0.0971 0.1270 0.1305 0.1034 0.1599 0.0746 
        H193  1 0.1929 0.0519 0.1240 0.1593 0.0804 0.2257 0.0930 0.0728 
        H194  1 0.1275 0.1148 0.1188 0.1275 0.1423 0.1436 0.1229 0.1027 
        H195  1 0.2192 0.0469 0.1185 0.1145 0.0780 0.1972 0.1454 0.0802 
        H199  1 0.2007 0.0699 0.1013 0.1521 0.0846 0.2045 0.0958 0.0911 
        H200  1 0.1081 0.1616 0.1812 0.0969 0.1091 0.1101 0.0879 0.1452 
        H414  1 0.1222 0.0666 0.1828 0.1380 0.0728 0.1480 0.1609 0.1088 
        H415  1 0.1468 0.0587 0.1425 0.1352 0.2071 0.1352 0.0671 0.1074 
        H422  1 0.1493 0.2165 0.0799 0.1587 0.0841 0.1728 0.0813 0.0575 
        H423  1 0.0554 0.5577 0.0572 0.0764 0.0550 0.0645 0.0849 0.0489 
        H424  1 0.1593 0.0644 0.1041 0.1459 0.1445 0.1915 0.1077 0.0826 
        H425  1 0.1334 0.0457 0.1184 0.1029 0.0782 0.2906 0.1359 0.0949 
        H426  1 0.2408 0.0476 0.0728 0.1772 0.0587 0.2503 0.1089 0.0436 
        H443  1 0.1629 0.0547 0.1459 0.1444 0.0332 0.2839 0.0579 0.1171 
        H466  1 0.1592 0.1040 0.1320 0.1336 0.0855 0.1459 0.1436 0.0962 
        H467  1 0.0892 0.1453 0.0897 0.1428 0.0599 0.1085 0.2918 0.0728 
        H472  1 0.1145 0.0850 0.1202 0.0945 0.1229 0.1215 0.1468 0.1945 
        H483  1 0.1636 0.0728 0.1268 0.1202 0.1545 0.1293 0.0625 0.1703 
        H504  1 0.1909 0.0512 0.0948 0.1302 0.1522 0.2193 0.0955 0.0659 
        H505  1 0.0931 0.1051 0.1361 0.1126 0.0702 0.1109 0.1382 0.2337 
        H506  1 0.1862 0.1362 0.1032 0.1439 0.1112 0.1510 0.0888 0.0796 
        H507  1 0.1525 0.0244 0.1543 0.1274 0.1350 0.1310 0.1280 0.1474 
        H508  1 0.1250 0.1166 0.0989 0.1099 0.0941 0.1001 0.2935 0.0619 
        H524  1 0.1067 0.0483 0.1874 0.0836 0.1527 0.1113 0.1011 0.2088 
        H525  1 0.2020 0.0617 0.1199 0.1515 0.0826 0.1790 0.0907 0.1126 
        H526  1 0.0904 0.0861 0.1400 0.0800 0.1544 0.0838 0.0382 0.3270 
        H527  1 0.1585 0.1643 0.1044 0.1291 0.0795 0.1044 0.1822 0.0777 
        H528  1 0.1514 0.0691 0.1113 0.1552 0.1768 0.1860 0.0468 0.1034 
        H529  1 0.1504 0.0374 0.1093 0.1278 0.1251 0.1928 0.1021 0.1551 
        H533  1 0.1247 0.0320 0.1524 0.1124 0.2040 0.1199 0.1626 0.0921 
        H538  1 0.1073 0.1018 0.2288 0.1060 0.0652 0.1067 0.0708 0.2135 
        H539  1 0.1197 0.0618 0.0910 0.1314 0.0817 0.1167 0.3328 0.0648 
        H540  1 0.1745 0.0835 0.1343 0.1281 0.1301 0.1410 0.1065 0.1020 
        H541  1 0.0993 0.0546 0.1618 0.1241 0.0755 0.1059 0.0853 0.2935 
        H558  1 0.1738 0.0708 0.0960 0.1669 0.1743 0.1331 0.1399 0.0452 
        H559  1 0.1619 0.1492 0.1261 0.1418 0.0934 0.1368 0.0756 0.1152 
        H579  1 0.2287 0.0742 0.1046 0.1568 0.1565 0.1390 0.0651 0.0751 
        H584  1 0.1925 0.0679 0.0909 0.1585 0.0809 0.2142 0.0771 0.1179 
        H585  1 0.1385 0.0540 0.1011 0.1423 0.1358 0.1553 0.1558 0.1172 
        H605  1 0.1090 0.2486 0.1096 0.1300 0.0757 0.1247 0.1004 0.1021 
        H606  1 0.0690 0.4135 0.0857 0.1202 0.0432 0.0791 0.0913 0.0978 
        H632  1 0.1913 0.0577 0.0968 0.1673 0.1146 0.2099 0.0710 0.0915 
        H634  1 0.1518 0.0831 0.1188 0.1397 0.0828 0.1620 0.0984 0.1635 
        H671  1 0.0869 0.3145 0.0772 0.1163 0.0716 0.0844 0.1721 0.0770 
        H672  1 0.0741 0.0718 0.3339 0.0774 0.0895 0.0796 0.0809 0.1929 
        H673  1 0.1728 0.0632 0.0996 0.1459 0.0535 0.2361 0.0608 0.1680 
        H689  1 0.1624 0.0601 0.1475 0.1284 0.0926 0.1762 0.0683 0.1646 
        H690  1 0.0870 0.2640 0.1006 0.1588 0.0878 0.0847 0.0873 0.1298 
        H691  1 0.1312 0.0677 0.2054 0.0948 0.0583 0.1200 0.0862 0.2365 
        H692  1 0.1572 0.0265 0.1536 0.1254 0.1347 0.2493 0.0461 0.1073 
        H709  1 0.1197 0.1184 0.1746 0.1533 0.0911 0.1413 0.0747 0.1269 
        H710  1 0.1971 0.0396 0.0899 0.1812 0.1694 0.1753 0.0526 0.0950 
       H7355  1 0.1125 0.0631 0.1148 0.1075 0.2767 0.0907 0.0481 0.1865 
       H7356  1 0.1562 0.1088 0.0924 0.1689 0.0879 0.1534 0.0923 0.1401 
       H7357  1 0.0853 0.1756 0.1206 0.1160 0.0989 0.0991 0.1259 0.1786 
       H7358  1 0.0857 0.0663 0.1420 0.0698 0.0882 0.0936 0.0573 0.3970 
       H7380  1 0.1907 0.0867 0.1420 0.1507 0.1135 0.1628 0.0804 0.0732 
       H7381  1 0.1747 0.1652 0.0833 0.1385 0.0642 0.2135 0.1016 0.0590 
       H7382  1 0.1736 0.0791 0.1604 0.1417 0.0883 0.1386 0.1141 0.1042 
        H904  1 0.0596 0.4324 0.0799 0.1127 0.0388 0.0662 0.1374 0.0729 
        H923  1 0.1144 0.1268 0.1114 0.1066 0.1261 0.1414 0.1131 0.1602 
        H924  1 0.1178 0.1797 0.1418 0.1172 0.0634 0.1348 0.0801 0.1652 
        H925  1 0.0616 0.0504 0.1548 0.0573 0.0803 0.0751 0.0649 0.4555 
       H9558  1 0.2109 0.0672 0.0898 0.1667 0.1537 0.1335 0.1304 0.0478 
        H008  2 0.1496 0.0456 0.1226 0.1029 0.2478 0.1245 0.0589 0.1481 
        H021  2 0.1140 0.1442 0.1387 0.1340 0.0678 0.0970 0.1658 0.1386 
        H023  2 0.0804 0.1274 0.1207 0.1101 0.0592 0.0904 0.1546 0.2572 
        H024  2 0.1170 0.0431 0.1127 0.0890 0.4099 0.1097 0.0393 0.0795 
        H025  2 0.1119 0.2838 0.0745 0.1355 0.0663 0.1474 0.0806 0.1000 
        H026  2 0.2234 0.0334 0.1331 0.1281 0.1487 0.1959 0.0546 0.0827 
        H027  2 0.0935 0.0513 0.2443 0.1023 0.1009 0.0941 0.1052 0.2084 
        H028  2 0.1804 0.0623 0.1202 0.1443 0.1719 0.1477 0.0657 0.1075 
        H029  2 0.1092 0.0389 0.1194 0.1046 0.2621 0.1315 0.0818 0.1525 
        H030  2 0.1737 0.0369 0.1255 0.1395 0.2803 0.1175 0.0469 0.0796 
        H038  2 0.0755 0.0585 0.0816 0.1386 0.0611 0.0642 0.4115 0.1090 
        H039  2 0.0321 0.7323 0.0334 0.0500 0.0366 0.0341 0.0471 0.0343 
        H040  2 0.0611 0.0868 0.0688 0.1195 0.0624 0.0648 0.4722 0.0644 
        H041  2 0.0866 0.0830 0.1066 0.0758 0.2725 0.0913 0.0420 0.2423 
        H042  2 0.1177 0.1223 0.1134 0.1338 0.1158 0.1192 0.0948 0.1831 
        H043  2 0.1079 0.2296 0.0578 0.1185 0.0529 0.0788 0.3205 0.0340 
        H044  2 0.1696 0.0575 0.1329 0.1133 0.2354 0.1387 0.0964 0.0560 
        H047  2 0.1331 0.2203 0.0938 0.1633 0.0994 0.1385 0.0939 0.0577 
        H050  2 0.0983 0.0466 0.2858 0.1030 0.1100 0.0927 0.0674 0.1963 
        H058  2 0.1204 0.0799 0.1092 0.1462 0.0851 0.1151 0.2784 0.0655 
        H062  2 0.0740 0.1314 0.1439 0.0953 0.0435 0.0805 0.0818 0.3496 
        H063  2 0.1017 0.2019 0.1131 0.1160 0.0903 0.0866 0.1810 0.1094 
        H065  2 0.2099 0.1133 0.0981 0.1090 0.0585 0.2544 0.0601 0.0967 
        H066  2 0.1407 0.0523 0.1246 0.1441 0.1993 0.1356 0.1515 0.0518 
        H067  2 0.1412 0.0645 0.1294 0.1483 0.0947 0.1502 0.0971 0.1747 
        H068  2 0.0957 0.1702 0.1017 0.1316 0.0630 0.1171 0.1619 0.1588 
        H069  2 0.1140 0.0578 0.1208 0.1116 0.0842 0.1381 0.2444 0.1291 
        H071  2 0.1287 0.1620 0.1174 0.1525 0.0749 0.1362 0.1234 0.1049 
        H072  2 0.0786 0.4205 0.0744 0.0769 0.0974 0.0751 0.0840 0.0931 
        H073  2 0.1235 0.0578 0.1183 0.1110 0.1092 0.1926 0.1587 0.1289 
        H081  2 0.0940 0.1772 0.1197 0.1006 0.1221 0.0902 0.0538 0.2424 
        H082  2 0.1393 0.0508 0.1160 0.1235 0.2740 0.1350 0.0714 0.0900 
        H083  2 0.2135 0.0427 0.1259 0.1743 0.1646 0.1516 0.0561 0.0712 
        H084  2 0.0983 0.0599 0.1340 0.1105 0.1500 0.0951 0.2489 0.1034 
        H085  2 0.0943 0.0721 0.2304 0.0827 0.1064 0.0941 0.0441 0.2759 
        H087  2 0.0983 0.1150 0.1182 0.1312 0.1331 0.0857 0.0559 0.2626 
        H088  2 0.1312 0.2168 0.1244 0.1093 0.0749 0.1267 0.1105 0.1062 
        H089  2 0.0901 0.0522 0.1454 0.0796 0.0890 0.0958 0.1041 0.3438 
        H090  2 0.0992 0.0473 0.3138 0.0720 0.1434 0.0937 0.0390 0.1915 
        H091  2 0.0734 0.0330 0.3148 0.0629 0.1724 0.0838 0.0348 0.2249 
        H098  2 0.0900 0.0819 0.0934 0.0791 0.3765 0.0832 0.0650 0.1309 
      H10001  2 0.0344 0.7496 0.0347 0.0378 0.0281 0.0319 0.0521 0.0314 
      H10002  2 0.1006 0.2814 0.1100 0.1337 0.0538 0.1028 0.1209 0.0968 
        H101  2 0.0775 0.0334 0.3318 0.0886 0.1213 0.0675 0.1051 0.1749 
        H108  2 0.0904 0.3837 0.0836 0.0781 0.0558 0.0858 0.0472 0.1754 
        H109  2 0.1059 0.1044 0.1383 0.1063 0.2226 0.1223 0.1437 0.0565 
        H110  2 0.1358 0.0838 0.1277 0.1517 0.1958 0.1081 0.0836 0.1135 
        H116  2 0.1761 0.0499 0.1267 0.1454 0.1492 0.1794 0.0938 0.0796 
        H117  2 0.0986 0.0387 0.1962 0.0763 0.3225 0.0840 0.0519 0.1319 
        H118  2 0.1284 0.0378 0.2212 0.1058 0.1464 0.1363 0.0355 0.1886 
        H119  2 0.1182 0.0983 0.0934 0.1438 0.2174 0.1139 0.1408 0.0740 
        H120  2 0.0526 0.5199 0.0605 0.0749 0.0439 0.0584 0.0580 0.1319 
        H121  2 0.0894 0.0425 0.3089 0.0508 0.1394 0.0731 0.0349 0.2610 
        H125  2 0.0461 0.4047 0.0398 0.0921 0.0428 0.0468 0.2849 0.0428 
        H126  2 0.1528 0.1413 0.1002 0.1428 0.1246 0.2143 0.0699 0.0541 
        H128  2 0.0882 0.0193 0.3551 0.0475 0.1809 0.0827 0.0280 0.1982 
        H129  2 0.2523 0.0367 0.0760 0.1661 0.0789 0.2402 0.0837 0.0662 
        H130  2 0.1622 0.3002 0.1004 0.1201 0.0504 0.1244 0.1001 0.0421 
        H133  2 0.0894 0.4551 0.0898 0.0891 0.0484 0.0946 0.0762 0.0573 
        H134  2 0.2603 0.0383 0.0832 0.1058 0.1063 0.3167 0.0453 0.0440 
        H135  2 0.1320 0.1400 0.1232 0.1338 0.0995 0.1493 0.0933 0.1290 
        H137  2 0.0997 0.0779 0.1445 0.1152 0.2562 0.0993 0.1050 0.1022 
        H138  2 0.2616 0.0473 0.1301 0.1697 0.0607 0.2089 0.0772 0.0445 
        H140  2 0.1141 0.1218 0.2410 0.1017 0.1156 0.1255 0.0506 0.1297 
        H146  2 0.0935 0.0620 0.3117 0.0680 0.1525 0.0999 0.0335 0.1788 
        H147  2 0.1109 0.0629 0.1785 0.1266 0.1937 0.1229 0.0689 0.1356 
        H148  2 0.1124 0.0905 0.1610 0.0938 0.2466 0.0916 0.0662 0.1379 
     H166022  2 0.1368 0.0452 0.1304 0.1313 0.2431 0.1298 0.1028 0.0805 
     H167359  2 0.1727 0.0737 0.1608 0.1431 0.1109 0.1661 0.0900 0.0829 
     H167397  2 0.1125 0.0249 0.0822 0.0878 0.4936 0.0888 0.0469 0.0632 
     H167428  2 0.0986 0.0297 0.1381 0.0711 0.1006 0.0878 0.0322 0.4421 
     H167496  2 0.0730 0.3311 0.0866 0.0836 0.0780 0.0786 0.1268 0.1423 
     H167513  2 0.0799 0.0530 0.0672 0.1510 0.2533 0.0671 0.2756 0.0528 
     H167545  2 0.1829 0.0380 0.0862 0.1636 0.0934 0.1582 0.1983 0.0793 
     H167547  2 0.0818 0.0345 0.0428 0.0832 0.5618 0.1048 0.0642 0.0270 
     H169621  2 0.1417 0.0535 0.1864 0.1334 0.1749 0.1320 0.0509 0.1273 
     H169622  2 0.1667 0.0642 0.1576 0.1133 0.0608 0.1802 0.1480 0.1091 
     H169750  2 0.1413 0.1027 0.1066 0.1674 0.1322 0.1343 0.1536 0.0620 
     H171806  2 0.0881 0.1323 0.1801 0.1110 0.1370 0.1135 0.0808 0.1573 
     H171808  2 0.1211 0.0953 0.1299 0.1137 0.0768 0.1122 0.1148 0.2364 
     H171809  2 0.1025 0.1843 0.0997 0.1182 0.1280 0.1235 0.0720 0.1716 
     H171813  2 0.1472 0.1143 0.1033 0.1627 0.1087 0.1593 0.1254 0.0791 
     H171815  2 0.0779 0.2987 0.0641 0.0910 0.0624 0.0900 0.2553 0.0606 
     H171824  2 0.0918 0.1489 0.1703 0.1438 0.0871 0.0880 0.1220 0.1481 
     H171825  2 0.1891 0.0602 0.1441 0.1332 0.0598 0.1827 0.1268 0.1040 
     H171826  2 0.1468 0.1428 0.1030 0.1519 0.1338 0.1138 0.1066 0.1014 
     H171827  2 0.1433 0.0625 0.1427 0.1466 0.0689 0.1384 0.2154 0.0821 
     H171828  2 0.0527 0.4452 0.0734 0.0768 0.0634 0.0568 0.1150 0.1167 
     H171829  2 0.1505 0.1064 0.1012 0.1362 0.0969 0.1715 0.1667 0.0706 
     H171830  2 0.0951 0.1032 0.0963 0.1011 0.3035 0.1186 0.0788 0.1034 
     H171831  2 0.1745 0.0424 0.1073 0.1470 0.1871 0.1773 0.0681 0.0963 
     H171832  2 0.1962 0.0915 0.1230 0.1527 0.1470 0.1554 0.0663 0.0679 
     H171863  2 0.1708 0.0268 0.0899 0.1215 0.1900 0.2169 0.1055 0.0786 
     H171864  2 0.0950 0.0866 0.1222 0.0982 0.2299 0.1084 0.1078 0.1518 
     H171865  2 0.0865 0.2859 0.0740 0.0900 0.1086 0.0904 0.1503 0.1143 
     H171879  2 0.1519 0.0636 0.1801 0.1138 0.2047 0.1123 0.0775 0.0961 
     H171880  2 0.1013 0.0392 0.2186 0.0698 0.3095 0.0934 0.0796 0.0886 
     H171881  2 0.1611 0.0584 0.1523 0.1450 0.1065 0.1373 0.0887 0.1507 
     H171882  2 0.0350 0.6865 0.0447 0.0503 0.0436 0.0463 0.0495 0.0441 
     H171929  2 0.1463 0.1036 0.1328 0.1181 0.1963 0.1017 0.0502 0.1509 
     H171930  2 0.1503 0.0364 0.1503 0.1631 0.1383 0.1462 0.1360 0.0796 
     H171933  2 0.1220 0.0532 0.1935 0.1183 0.1299 0.1465 0.1052 0.1314 
     H171934  2 0.0947 0.0793 0.1517 0.1505 0.0996 0.0910 0.0912 0.2421 
     H171937  2 0.1715 0.0720 0.1204 0.1613 0.1110 0.2203 0.0758 0.0676 
     H171962  2 0.1569 0.0533 0.1387 0.1411 0.1086 0.1383 0.0826 0.1804 
        H190  2 0.1411 0.0711 0.1189 0.1326 0.1531 0.1717 0.0953 0.1162 
        H191  2 0.0971 0.1101 0.0803 0.1103 0.2419 0.1150 0.1030 0.1423 
        H396  2 0.0559 0.0818 0.1508 0.0878 0.0579 0.0799 0.0621 0.4240 
        H397  2 0.1469 0.0630 0.1538 0.1391 0.1025 0.1530 0.1073 0.1344 
        H398  2 0.1442 0.1310 0.1089 0.1150 0.0632 0.1889 0.0680 0.1809 
        H400  2 0.0912 0.1151 0.1332 0.0830 0.0896 0.1054 0.0785 0.3040 
        H401  2 0.0843 0.0245 0.0638 0.0863 0.5888 0.0734 0.0367 0.0423 
        H402  2 0.1257 0.0341 0.1297 0.1335 0.1975 0.1017 0.1760 0.1018 
        H427  2 0.0812 0.0688 0.1404 0.0960 0.1347 0.0899 0.0585 0.3305 
        H428  2 0.0875 0.0271 0.1456 0.0767 0.1048 0.0986 0.0306 0.4290 
        H497  2 0.1091 0.1295 0.0784 0.1290 0.1580 0.0978 0.2404 0.0578 
        H512  2 0.1201 0.0770 0.1148 0.1146 0.2747 0.1140 0.0963 0.0884 
        H513  2 0.0835 0.0622 0.0686 0.1405 0.2578 0.0755 0.2619 0.0500 
        H514  2 0.2478 0.0742 0.1200 0.1449 0.0704 0.1507 0.1294 0.0627 
        H519  2 0.0817 0.0638 0.0754 0.1349 0.2973 0.0862 0.2078 0.0530 
        H532  2 0.0964 0.0428 0.1576 0.1088 0.1080 0.0716 0.0646 0.3502 
        H543  2 0.1207 0.0371 0.2299 0.1018 0.1430 0.1383 0.0989 0.1302 
        H544  2 0.1590 0.1298 0.1037 0.1369 0.0933 0.2071 0.0893 0.0808 
        H545  2 0.1936 0.0354 0.0814 0.1597 0.0953 0.1838 0.1836 0.0672 
        H546  2 0.1216 0.2538 0.0678 0.0895 0.0824 0.1087 0.1725 0.1038 
        H547  2 0.0780 0.0354 0.0457 0.0822 0.5572 0.1125 0.0577 0.0312 
        H548  2 0.0972 0.0799 0.1226 0.0865 0.1664 0.1034 0.1031 0.2409 
        H549  2 0.0538 0.0362 0.0501 0.1142 0.0917 0.0650 0.5306 0.0584 
        H620  2 0.0492 0.6070 0.0506 0.0506 0.0447 0.0608 0.0725 0.0646 
        H623  2 0.1626 0.0794 0.0988 0.1381 0.1594 0.2092 0.0856 0.0670 
        H624  2 0.1427 0.1772 0.0711 0.1341 0.0408 0.1408 0.2442 0.0491 
        H625  2 0.0983 0.0589 0.1196 0.1061 0.1095 0.1046 0.0968 0.3061 
        H626  2 0.1072 0.0690 0.0922 0.1019 0.1834 0.1077 0.2604 0.0783 
        H654  2 0.0439 0.3635 0.0465 0.0817 0.0282 0.0428 0.3543 0.0391 
        H655  2 0.1404 0.1663 0.1652 0.1375 0.0499 0.1258 0.1238 0.0910 
        H656  2 0.0519 0.6220 0.0424 0.0532 0.0354 0.0608 0.0436 0.0907 
        H666  2 0.0489 0.4849 0.1672 0.0614 0.0500 0.0605 0.0634 0.0637 
        H667  2 0.1580 0.0530 0.1051 0.1906 0.1411 0.1200 0.1431 0.0892 
        H677  2 0.1300 0.1000 0.1726 0.1207 0.0905 0.1472 0.0847 0.1543 
        H693  2 0.0537 0.2690 0.0828 0.0794 0.0608 0.0560 0.0675 0.3308 
        H694  2 0.1589 0.1037 0.1560 0.1360 0.1349 0.1409 0.0650 0.1046 
        H701  2 0.1505 0.0521 0.1964 0.1202 0.1715 0.1330 0.0821 0.0942 
        H702  2 0.1170 0.0759 0.1302 0.1752 0.1172 0.1212 0.1793 0.0841 
        H731  2 0.1362 0.2076 0.1383 0.1228 0.0830 0.1288 0.0913 0.0921 
       H7359  2 0.1752 0.0779 0.1674 0.1286 0.1175 0.1477 0.0957 0.0899 
       H7389  2 0.0976 0.0505 0.1332 0.1200 0.1598 0.1064 0.0971 0.2353 
       H7390  2 0.0649 0.1019 0.0833 0.1480 0.0431 0.0668 0.4384 0.0538 
       H7391  2 0.0724 0.0600 0.1196 0.0812 0.1947 0.0824 0.0544 0.3354 
       H7392  2 0.1549 0.0846 0.1566 0.1410 0.0589 0.1433 0.1591 0.1016 
       H7393  2 0.1029 0.1697 0.1105 0.1376 0.1569 0.1056 0.1465 0.0704 
       H7398  2 0.0877 0.0954 0.1307 0.0948 0.2024 0.1007 0.0572 0.2310 
       H7399  2 0.2028 0.0433 0.1458 0.1683 0.0848 0.1521 0.0832 0.1199 
       H7400  2 0.0462 0.6402 0.0406 0.0466 0.0320 0.0484 0.0977 0.0482 
        H745  2 0.1311 0.0427 0.0683 0.1250 0.1652 0.3528 0.0508 0.0641 
        H746  2 0.1741 0.0453 0.0966 0.2074 0.0962 0.1662 0.1374 0.0769 
        H747  2 0.0800 0.2196 0.1644 0.1100 0.0644 0.0879 0.1769 0.0968 
        H748  2 0.1446 0.0832 0.1286 0.1254 0.1479 0.1273 0.1804 0.0626 
       H7484  2 0.0718 0.4742 0.0602 0.0813 0.0819 0.0760 0.0751 0.0796 
       H7485  2 0.1359 0.0606 0.0962 0.1181 0.1537 0.1100 0.2426 0.0830 
        H749  2 0.1500 0.0450 0.0997 0.1166 0.1148 0.1369 0.2189 0.1181 
        H930  2 0.1575 0.0360 0.1545 0.1447 0.1716 0.1126 0.1267 0.0965 
        H931  2 0.1207 0.0975 0.1102 0.1125 0.1646 0.1549 0.0529 0.1869 
        H932  2 0.1168 0.0828 0.1311 0.1314 0.1867 0.1397 0.1100 0.1014 
        H111  3 0.1933 0.0458 0.1458 0.1528 0.1321 0.1800 0.0960 0.0540 
        H951  3 0.1221 0.0509 0.0909 0.1249 0.2889 0.1364 0.0699 0.1160 
        H952  3 0.1316 0.0703 0.1833 0.1219 0.0824 0.1645 0.0938 0.1522 
        H953  3 0.0650 0.0404 0.1354 0.0590 0.2123 0.0622 0.0466 0.3792 
        H954  3 0.0871 0.2738 0.1144 0.1279 0.0993 0.0907 0.1364 0.0704 
        H955  3 0.1683 0.0369 0.2093 0.1455 0.1145 0.1343 0.1136 0.0776 
        H956  3 0.0641 0.0585 0.2860 0.0991 0.0884 0.0769 0.1636 0.1633 
       H9563  3 0.1045 0.1143 0.1214 0.1133 0.2228 0.1004 0.0718 0.1515 
        H002  4 0.1281 0.3486 0.0862 0.1217 0.0332 0.1315 0.1051 0.0456 
        H003  4 0.1912 0.0442 0.1092 0.1970 0.0798 0.1867 0.0981 0.0938 
        H009  4 0.2051 0.0497 0.1110 0.1585 0.1304 0.1488 0.1294 0.0670 
        H010  4 0.1595 0.0693 0.1596 0.1332 0.1246 0.1347 0.0801 0.1390 
        H011  4 0.0792 0.3033 0.0770 0.1039 0.0557 0.0878 0.1104 0.1827 
        H012  4 0.1482 0.0795 0.1662 0.1261 0.1862 0.1198 0.0649 0.1090 
        H013  4 0.1162 0.1618 0.1107 0.1334 0.0998 0.1183 0.0950 0.1648 
        H014  4 0.2083 0.0726 0.1101 0.1695 0.1283 0.1499 0.0998 0.0614 
        H045  4 0.0567 0.1315 0.1151 0.0687 0.1261 0.0666 0.0671 0.3681 
        H046  4 0.2141 0.0447 0.1013 0.1341 0.0782 0.2048 0.1024 0.1203 
        H051  4 0.1035 0.2723 0.1130 0.0986 0.0930 0.1065 0.0603 0.1527 
        H052  4 0.1037 0.3396 0.0852 0.1059 0.0928 0.1203 0.0556 0.0970 
        H053  4 0.1431 0.0943 0.1569 0.1380 0.0894 0.1175 0.1749 0.0858 
        H056  4 0.0792 0.3720 0.0624 0.0935 0.1615 0.0830 0.0822 0.0663 
        H076  4 0.1604 0.0480 0.1017 0.1754 0.1537 0.2186 0.0641 0.0781 
        H151  4 0.0822 0.2473 0.0865 0.1894 0.0373 0.0858 0.2231 0.0484 
        H152  4 0.1368 0.3124 0.0825 0.1313 0.0412 0.1569 0.0550 0.0839 
     H171803  4 0.0692 0.0599 0.0700 0.1412 0.0463 0.0684 0.4872 0.0579 
     H171804  4 0.0960 0.1252 0.0954 0.1257 0.1078 0.0960 0.2479 0.1060 
     H171833  4 0.1883 0.0459 0.1253 0.1540 0.0904 0.2088 0.1245 0.0628 
     H171855  4 0.0979 0.2245 0.0543 0.1187 0.0578 0.0965 0.3150 0.0354 
     H171856  4 0.0712 0.0614 0.1203 0.1182 0.0819 0.0794 0.3717 0.0959 
     H171857  4 0.1404 0.1641 0.0764 0.1168 0.1307 0.1471 0.1578 0.0667 
     H171858  4 0.1396 0.2193 0.1126 0.1374 0.1042 0.1397 0.0546 0.0927 
     H171859  4 0.1529 0.1249 0.1135 0.1307 0.1193 0.1608 0.1083 0.0897 
     H171961  4 0.0979 0.1927 0.1070 0.1178 0.0795 0.1148 0.1130 0.1772 
        H198  4 0.2514 0.0355 0.1177 0.1642 0.0920 0.1815 0.0780 0.0798 
      H20001  4 0.1496 0.0459 0.1272 0.1791 0.1057 0.1339 0.2055 0.0529 
        H403  4 0.0960 0.0961 0.0709 0.1291 0.1710 0.1169 0.2379 0.0822 
        H404  4 0.1886 0.0680 0.1469 0.1390 0.0827 0.1656 0.0711 0.1380 
        H405  4 0.1447 0.0588 0.1082 0.1344 0.1616 0.1844 0.0878 0.1201 
        H406  4 0.0945 0.0770 0.0540 0.0957 0.4221 0.1251 0.0886 0.0430 
        H407  4 0.0835 0.0698 0.1628 0.0981 0.1359 0.0857 0.1913 0.1728 
        H410  4 0.0894 0.0279 0.0630 0.0564 0.5292 0.0512 0.0392 0.1437 
        H411  4 0.1552 0.0646 0.1148 0.1587 0.2316 0.1529 0.0850 0.0372 
        H468  4 0.0916 0.0446 0.0781 0.1749 0.0770 0.1211 0.3744 0.0384 
        H476  4 0.1389 0.1110 0.1635 0.1203 0.0919 0.1265 0.1735 0.0744 
        H477  4 0.1869 0.0390 0.0928 0.1631 0.0725 0.1779 0.2156 0.0523 
        H478  4 0.1462 0.0614 0.0915 0.1564 0.1507 0.1155 0.1953 0.0831 
        H479  4 0.0996 0.2366 0.1127 0.1077 0.0633 0.1174 0.0751 0.1876 
        H480  4 0.1885 0.0439 0.1203 0.1737 0.1232 0.1625 0.1282 0.0597 
        H498  4 0.2020 0.0855 0.1233 0.1784 0.0816 0.1766 0.0867 0.0658 
        H499  4 0.1287 0.0995 0.1002 0.1451 0.0913 0.1224 0.1466 0.1662 
        H500  4 0.0732 0.1956 0.1179 0.1143 0.0640 0.0883 0.2504 0.0964 
        H515  4 0.1143 0.1957 0.0976 0.1555 0.1288 0.1053 0.1315 0.0711 
        H516  4 0.1533 0.0993 0.1920 0.1376 0.0949 0.1236 0.0946 0.1048 
        H517  4 0.1004 0.0823 0.1241 0.1127 0.2922 0.1265 0.0745 0.0872 
        H518  4 0.1172 0.2189 0.1065 0.1157 0.0604 0.1761 0.1088 0.0963 
        H520  4 0.0891 0.1337 0.1062 0.1324 0.0721 0.0982 0.2934 0.0750 
        H521  4 0.1326 0.0523 0.1043 0.1514 0.0854 0.1374 0.1320 0.2047 
        H522  4 0.1145 0.0559 0.1196 0.1355 0.0626 0.1063 0.3096 0.0961 
        H523  4 0.1277 0.1129 0.2324 0.1150 0.0921 0.1135 0.0935 0.1127 
        H536  4 0.1154 0.0706 0.1190 0.1139 0.0769 0.1999 0.0859 0.2183 
        H645  4 0.0609 0.1006 0.1340 0.0802 0.0582 0.0641 0.0745 0.4275 
        H646  4 0.1031 0.0393 0.3076 0.0903 0.1063 0.1395 0.0572 0.1567 
        H647  4 0.1329 0.0670 0.1406 0.1183 0.1005 0.1417 0.2034 0.0956 
        H657  4 0.1293 0.0376 0.1145 0.1195 0.2455 0.1517 0.1131 0.0888 
        H658  4 0.1128 0.0700 0.2860 0.0890 0.0607 0.0947 0.1252 0.1616 
        H659  4 0.0492 0.1699 0.0494 0.1346 0.0350 0.0524 0.4752 0.0342 
        H660  4 0.1308 0.1367 0.1107 0.1196 0.1169 0.1308 0.1572 0.0974 
        H661  4 0.1011 0.0941 0.0833 0.1345 0.0588 0.1162 0.3619 0.0500 
        H668  4 0.1341 0.0899 0.1262 0.1781 0.1364 0.1297 0.0920 0.1135 
        H669  4 0.1179 0.1371 0.1416 0.1153 0.1454 0.1237 0.0950 0.1239 
        H670  4 0.1115 0.2287 0.1399 0.1419 0.0602 0.0802 0.0628 0.1748 
        H678  4 0.1055 0.0682 0.1255 0.1174 0.1650 0.1184 0.2297 0.0703 
        H679  4 0.1250 0.0553 0.1674 0.1050 0.2162 0.1168 0.0784 0.1359 
        H680  4 0.1161 0.0532 0.0658 0.1509 0.1035 0.1795 0.2578 0.0731 
        H681  4 0.1363 0.2046 0.1188 0.1083 0.0863 0.1170 0.1004 0.1283 
        H682  4 0.1385 0.0458 0.1751 0.1075 0.1697 0.1167 0.1596 0.0870 
        H683  4 0.1277 0.2436 0.0866 0.1183 0.1373 0.1160 0.0959 0.0745 
        H718  4 0.0632 0.4183 0.1371 0.0744 0.0605 0.0835 0.0682 0.0949 
        H719  4 0.0902 0.0965 0.1304 0.1217 0.0913 0.0879 0.0730 0.3090 
        H720  4 0.1102 0.1989 0.0673 0.1200 0.0796 0.1210 0.2003 0.1027 
        H721  4 0.1396 0.1280 0.0737 0.1425 0.0728 0.1716 0.1814 0.0903 
        H722  4 0.1183 0.1762 0.0797 0.1217 0.1052 0.2265 0.1056 0.0668 
        H723  4 0.0945 0.2586 0.0910 0.0883 0.1673 0.0883 0.1032 0.1089 
        H724  4 0.0656 0.2145 0.1271 0.1105 0.0532 0.0611 0.2529 0.1152 
        H725  4 0.0802 0.3141 0.0691 0.0982 0.0533 0.0941 0.2233 0.0678 
        H726  4 0.1176 0.2848 0.1063 0.1026 0.1109 0.0967 0.1027 0.0785 
        H727  4 0.1090 0.1447 0.1116 0.1237 0.1019 0.1197 0.1374 0.1521 
        H910  4 0.0970 0.1807 0.1074 0.1366 0.1317 0.1047 0.1163 0.1257 
        H911  4 0.1141 0.0537 0.0899 0.1123 0.3740 0.1215 0.0701 0.0644 
        H912  4 0.1702 0.0891 0.1036 0.1343 0.1529 0.1275 0.1483 0.0741 
        H913  4 0.0871 0.0649 0.3056 0.0861 0.0563 0.0690 0.1838 0.1472 
        H914  4 0.0656 0.2047 0.1480 0.1306 0.0680 0.0716 0.1791 0.1325 
        H915  4 0.1030 0.0738 0.0991 0.1120 0.2356 0.1203 0.2003 0.0560 
        H916  4 0.1235 0.0744 0.1053 0.1593 0.1519 0.1438 0.1597 0.0821 
       H9572  4 0.0891 0.0747 0.0796 0.1925 0.1547 0.0744 0.2637 0.0713 
        H015  5 0.1448 0.0444 0.1154 0.1482 0.2007 0.1538 0.1029 0.0897 
        H016  5 0.1809 0.0629 0.1080 0.1350 0.0892 0.2550 0.0902 0.0789 
        H017  5 0.1698 0.0576 0.0911 0.1714 0.0633 0.1250 0.2746 0.0471 
        H019  5 0.1698 0.1152 0.0893 0.1355 0.1474 0.1556 0.0891 0.0980 
        H020  5 0.0812 0.1269 0.1431 0.0828 0.0505 0.1017 0.0812 0.3325 
        H032  5 0.1424 0.1499 0.1573 0.1365 0.1100 0.1264 0.1139 0.0636 
        H033  5 0.1718 0.0529 0.1974 0.1176 0.0959 0.1092 0.0889 0.1663 
        H034  5 0.0963 0.3097 0.1198 0.1311 0.0893 0.0977 0.0798 0.0762 
        H035  5 0.1302 0.0519 0.1432 0.1249 0.0850 0.1125 0.2289 0.1235 
        H036  5 0.1167 0.0471 0.1174 0.1506 0.1809 0.1297 0.0796 0.1780 
        H037  5 0.0967 0.1013 0.1458 0.1143 0.0438 0.1063 0.2797 0.1122 
        H048  5 0.0623 0.1766 0.0984 0.0996 0.0628 0.0602 0.2108 0.2292 
        H049  5 0.1916 0.0682 0.0999 0.1721 0.0898 0.1627 0.1073 0.1084 
        H054  5 0.1104 0.1077 0.1044 0.1217 0.1687 0.2148 0.0883 0.0839 
        H055  5 0.1667 0.1692 0.1104 0.1576 0.0721 0.1274 0.1057 0.0909 
        H057  5 0.1909 0.0948 0.0747 0.1499 0.0469 0.2928 0.0927 0.0573 
        H060  5 0.0910 0.4240 0.0673 0.1415 0.0434 0.1074 0.0671 0.0582 
        H061  5 0.1289 0.0810 0.1488 0.1655 0.1050 0.1292 0.0966 0.1450 
        H064  5 0.1402 0.1822 0.0953 0.1487 0.0803 0.1519 0.0951 0.1063 
        H070  5 0.1036 0.3229 0.0914 0.1427 0.1005 0.0942 0.0688 0.0760 
        H077  5 0.0798 0.4816 0.0670 0.0857 0.0992 0.0747 0.0692 0.0428 
        H078  5 0.1435 0.1087 0.1084 0.1584 0.0833 0.1312 0.2145 0.0519 
        H079  5 0.1012 0.0440 0.2446 0.0825 0.1141 0.0985 0.0891 0.2259 
        H097  5 0.1658 0.1686 0.1133 0.1487 0.1198 0.1446 0.0896 0.0495 
        H107  5 0.0778 0.2893 0.0975 0.1218 0.0351 0.0612 0.2109 0.1062 
        H122  5 0.1447 0.0794 0.1285 0.1465 0.0783 0.1330 0.2137 0.0758 
        H123  5 0.1080 0.0350 0.1618 0.1085 0.2676 0.1317 0.1022 0.0851 
        H124  5 0.1286 0.0391 0.1687 0.1069 0.1939 0.1331 0.0810 0.1486 
        H131  5 0.1191 0.0373 0.2698 0.1039 0.1020 0.1052 0.0762 0.1864 
        H132  5 0.1188 0.1058 0.1277 0.1227 0.1304 0.1250 0.1110 0.1585 
        H141  5 0.0928 0.0983 0.1002 0.1382 0.0733 0.1117 0.3082 0.0773 
        H142  5 0.2084 0.0490 0.1368 0.1724 0.0888 0.1620 0.1015 0.0812 
        H157  5 0.1094 0.1580 0.0864 0.1422 0.0717 0.0957 0.2455 0.0912 
        H158  5 0.1772 0.0382 0.1440 0.1796 0.0897 0.1922 0.0898 0.0892 
        H159  5 0.1480 0.0538 0.0921 0.1397 0.2106 0.1401 0.1390 0.0767 
        H160  5 0.0922 0.0615 0.1233 0.1203 0.0781 0.1222 0.3213 0.0811 
        H163  5 0.1564 0.0537 0.1078 0.1511 0.1850 0.1646 0.0854 0.0959 
        H164  5 0.1554 0.0842 0.1163 0.1364 0.2242 0.1115 0.0995 0.0724 
        H165  5 0.1185 0.0334 0.1802 0.1195 0.1108 0.1083 0.0908 0.2384 
        H166  5 0.1185 0.0533 0.1195 0.1300 0.0840 0.1429 0.0735 0.2784 
        H169  5 0.1861 0.0742 0.1358 0.1868 0.0713 0.1351 0.1266 0.0841 
     H169613  5 0.1976 0.1508 0.1521 0.1276 0.0599 0.1389 0.0830 0.0901 
     H169653  5 0.1941 0.0599 0.1068 0.1712 0.1255 0.1524 0.0654 0.1248 
     H169728  5 0.1332 0.0642 0.0986 0.1435 0.1185 0.1605 0.2154 0.0659 
     H169742  5 0.0534 0.0797 0.1476 0.0606 0.0329 0.0729 0.0722 0.4807 
        H170  5 0.2024 0.0802 0.1169 0.1576 0.1092 0.2194 0.0627 0.0516 
        H171  5 0.1900 0.0514 0.0988 0.1419 0.1019 0.2493 0.0927 0.0739 
     H171851  5 0.1565 0.0982 0.1226 0.1434 0.1126 0.1739 0.0901 0.1027 
     H171852  5 0.1061 0.1725 0.1057 0.1108 0.0477 0.1188 0.2354 0.1030 
     H171853  5 0.1134 0.0964 0.1015 0.1477 0.1521 0.0991 0.1995 0.0903 
     H171854  5 0.1820 0.1029 0.0960 0.1315 0.1756 0.1492 0.1048 0.0580 
     H171938  5 0.1379 0.1047 0.1631 0.1481 0.1080 0.1189 0.0836 0.1357 
     H171939  5 0.1518 0.0448 0.1289 0.1147 0.1311 0.1460 0.0788 0.2039 
     H171941  5 0.1039 0.2906 0.1196 0.1139 0.0450 0.0901 0.0855 0.1515 
     H171965  5 0.2545 0.0656 0.1286 0.1485 0.0692 0.1954 0.0859 0.0524 
     H171970  5 0.0767 0.4126 0.0663 0.1063 0.0689 0.0785 0.1019 0.0887 
     H171973  5 0.1252 0.0482 0.1349 0.0951 0.0971 0.1222 0.1025 0.2749 
     H171974  5 0.1244 0.1007 0.1241 0.1597 0.0999 0.1201 0.1136 0.1573 
     H171975  5 0.1286 0.1884 0.0808 0.1221 0.1341 0.1227 0.0774 0.1459 
     H171976  5 0.1728 0.1136 0.0886 0.1471 0.0875 0.1728 0.1560 0.0616 
        H175  5 0.1032 0.1577 0.1429 0.1082 0.0662 0.0970 0.1184 0.2066 
        H178  5 0.1312 0.1562 0.1192 0.1384 0.0651 0.1303 0.0693 0.1902 
        H189  5 0.1575 0.0406 0.2290 0.1254 0.1332 0.1062 0.0753 0.1327 
        H399  5 0.1027 0.0468 0.0621 0.1406 0.0994 0.2667 0.2436 0.0381 
        H416  5 0.1021 0.1192 0.1104 0.0916 0.1489 0.1004 0.1314 0.1960 
        H438  5 0.1210 0.0854 0.1194 0.1241 0.1487 0.1064 0.1320 0.1629 
        H450  5 0.0841 0.4861 0.0732 0.1277 0.0387 0.0690 0.0751 0.0462 
        H455  5 0.0801 0.3824 0.0639 0.0985 0.0569 0.0721 0.0809 0.1651 
        H456  5 0.1041 0.0671 0.1525 0.1141 0.0843 0.1140 0.1001 0.2638 
        H457  5 0.1151 0.3409 0.0714 0.1223 0.0591 0.1360 0.0945 0.0607 
        H458  5 0.1620 0.1041 0.1248 0.1781 0.0736 0.1243 0.1507 0.0823 
        H459  5 0.1588 0.0313 0.2646 0.1129 0.0795 0.1253 0.0931 0.1345 
        H460  5 0.1049 0.0896 0.0885 0.1259 0.0840 0.1054 0.3240 0.0778 
        H461  5 0.2279 0.0914 0.1247 0.1561 0.0780 0.1561 0.1172 0.0487 
        H462  5 0.1243 0.0604 0.1597 0.1181 0.1143 0.1313 0.0565 0.2354 
        H469  5 0.1154 0.0554 0.1058 0.0819 0.3707 0.1091 0.0474 0.1144 
        H470  5 0.1367 0.0655 0.0993 0.1692 0.1312 0.1130 0.2221 0.0630 
        H471  5 0.1537 0.0384 0.2303 0.1011 0.0933 0.1631 0.1177 0.1024 
        H481  5 0.0581 0.3971 0.1216 0.0784 0.0438 0.0700 0.1302 0.1008 
        H482  5 0.0962 0.3918 0.0685 0.1296 0.0915 0.0996 0.0734 0.0495 
        H501  5 0.1456 0.0835 0.1333 0.1278 0.0857 0.1279 0.1446 0.1514 
        H502  5 0.2118 0.0412 0.1699 0.1507 0.0695 0.1992 0.0840 0.0738 
        H503  5 0.1556 0.0498 0.0894 0.1665 0.1594 0.1422 0.1201 0.1170 
        H509  5 0.0812 0.1467 0.0864 0.1313 0.1192 0.0955 0.2398 0.1000 
        H510  5 0.1524 0.1317 0.1198 0.1513 0.1480 0.1220 0.0606 0.1143 
        H511  5 0.2124 0.0666 0.1023 0.1727 0.1107 0.1836 0.0852 0.0666 
        H530  5 0.1181 0.1091 0.1406 0.1057 0.0900 0.1084 0.1416 0.1864 
        H531  5 0.0859 0.1915 0.0974 0.0942 0.0539 0.1008 0.2869 0.0894 
        H564  5 0.0938 0.1712 0.0934 0.1110 0.0598 0.1273 0.2017 0.1418 
        H565  5 0.0922 0.3077 0.0738 0.0745 0.0592 0.0771 0.1927 0.1228 
        H567  5 0.1014 0.0351 0.2533 0.0764 0.1553 0.0944 0.0443 0.2398 
     H568???  5 0.2009 0.0449 0.1240 0.1783 0.0922 0.2194 0.0785 0.0618 
        H608  5 0.0716 0.4914 0.0660 0.1311 0.0549 0.0795 0.0598 0.0457 
        H609  5 0.1078 0.0636 0.1469 0.1025 0.0672 0.1177 0.0689 0.3253 
        H612  5 0.0511 0.2751 0.0887 0.0896 0.0584 0.0567 0.2047 0.1756 
        H614  5 0.0826 0.2408 0.0749 0.1190 0.0424 0.0936 0.2875 0.0591 
        H615  5 0.1447 0.2198 0.1139 0.1157 0.0530 0.1372 0.1417 0.0740 
        H616  5 0.0405 0.5306 0.0936 0.0650 0.0528 0.0508 0.0832 0.0835 
        H617  5 0.1305 0.0344 0.1579 0.1334 0.1293 0.1199 0.1248 0.1698 
        H618  5 0.0902 0.2256 0.0766 0.1228 0.0943 0.0984 0.1466 0.1456 
        H619  5 0.0979 0.0925 0.1428 0.0901 0.0601 0.0957 0.0606 0.3603 
        H635  5 0.1773 0.1137 0.1040 0.1528 0.1456 0.1460 0.0727 0.0882 
        H636  5 0.1284 0.1003 0.1323 0.1500 0.1269 0.1059 0.0853 0.1708 
        H637  5 0.0729 0.2355 0.1089 0.0720 0.0497 0.0969 0.0697 0.2945 
        H644  5 0.1475 0.0284 0.1511 0.1253 0.1395 0.2454 0.0485 0.1142 
        H711  5 0.2230 0.0704 0.1064 0.1694 0.0753 0.1781 0.1046 0.0729 
        H712  5 0.0802 0.1771 0.1414 0.0800 0.0813 0.0736 0.0755 0.2908 
       H7360  5 0.1639 0.1340 0.1139 0.1704 0.0705 0.1662 0.1147 0.0663 
       H7361  5 0.1243 0.3030 0.0945 0.1209 0.0830 0.1225 0.0850 0.0668 
       H7362  5 0.1469 0.0258 0.0912 0.1566 0.1427 0.2566 0.0630 0.1172 
       H7363  5 0.1298 0.1541 0.0935 0.1314 0.0966 0.1362 0.1466 0.1116 
       H7394  5 0.1825 0.0487 0.2091 0.1356 0.1131 0.1401 0.0824 0.0885 
       H7395  5 0.1398 0.0885 0.1200 0.1846 0.0702 0.1757 0.1143 0.1069 
       H7396  5 0.1274 0.0686 0.1903 0.1140 0.0793 0.1212 0.1346 0.1647 
        H742  5 0.0584 0.0766 0.1426 0.0663 0.0336 0.0687 0.0739 0.4799 
        H743  5 0.0868 0.1156 0.1307 0.0790 0.1081 0.0979 0.0782 0.3037 
        H744  5 0.0653 0.2735 0.1246 0.0814 0.1312 0.0608 0.1307 0.1325 
        H957  5 0.1993 0.0746 0.1131 0.1562 0.0948 0.1837 0.1271 0.0512 
        H958  5 0.1385 0.0612 0.1930 0.1334 0.1196 0.1152 0.1180 0.1211 
        H959  5 0.0930 0.3423 0.0995 0.1031 0.0572 0.0895 0.0846 0.1309 
        H960  5 0.1158 0.0782 0.1282 0.1174 0.2076 0.1159 0.0719 0.1650 
      H_PALI  6 0.1688 0.1013 0.1377 0.1646 0.0900 0.1476 0.1122 0.0778 
        H581  6 0.0965 0.1058 0.0908 0.1426 0.1060 0.1034 0.2438 0.1111 
        H582  6 0.0831 0.1784 0.0595 0.1593 0.0466 0.0790 0.3409 0.0533 
        H583  6 0.1245 0.0966 0.1300 0.1202 0.1118 0.1248 0.1868 0.1051 
        H595  6 0.1459 0.0295 0.1111 0.1405 0.3071 0.1203 0.0807 0.0648 
        H596  6 0.1442 0.0377 0.1266 0.1188 0.2864 0.1248 0.0972 0.0644 
        H597  6 0.1495 0.0516 0.1025 0.1520 0.1674 0.1973 0.0737 0.1060 
        H598  6 0.1415 0.1443 0.1303 0.1426 0.1174 0.1250 0.0978 0.1011 
        H599  6 0.1056 0.1898 0.1150 0.0754 0.0547 0.0937 0.0712 0.2946 
        H642  6 0.1312 0.0354 0.0935 0.1295 0.2384 0.1311 0.1960 0.0448 
        H643  6 0.1183 0.0806 0.1627 0.1012 0.2174 0.1041 0.0960 0.1196 
        H664  6 0.0739 0.0991 0.0477 0.1459 0.0672 0.0664 0.4621 0.0377 
        H665  6 0.1268 0.0905 0.1205 0.1431 0.1310 0.1099 0.0895 0.1887 
        H674  6 0.1362 0.0425 0.0858 0.1532 0.2619 0.1677 0.0520 0.1006 
        H675  6 0.1223 0.1508 0.1028 0.1196 0.1116 0.1420 0.1360 0.1150 
        H676  6 0.1178 0.0948 0.0897 0.1097 0.3470 0.1339 0.0563 0.0508 
        H686  6 0.2062 0.0774 0.0965 0.1558 0.0865 0.1763 0.1130 0.0883 
        H687  6 0.1520 0.0653 0.1454 0.1182 0.1039 0.1434 0.2052 0.0667 
        H917  6 0.1023 0.0457 0.1261 0.0966 0.2649 0.1095 0.0840 0.1708 
        H918  6 0.1077 0.0522 0.1554 0.0969 0.0420 0.1187 0.0808 0.3463 
        H919  6 0.0765 0.2525 0.1123 0.0885 0.0808 0.0793 0.1620 0.1480 
        H920  6 0.1219 0.2457 0.0799 0.1098 0.1409 0.1265 0.1053 0.0700 
        H631  7 0.1113 0.1271 0.1183 0.1648 0.0556 0.1324 0.1725 0.1179 
