        H102  1 0.3096 0.2590 0.2091 0.2223 
        H103  1 0.2669 0.1632 0.3016 0.2683 
        H104  1 0.2387 0.3226 0.1918 0.2469 
        H105  1 0.3094 0.2052 0.2080 0.2774 
        H106  1 0.2422 0.2503 0.2380 0.2696 
        H112  1 0.2446 0.3190 0.2021 0.2342 
        H113  1 0.2822 0.2210 0.2170 0.2798 
        H114  1 0.3170 0.1742 0.2142 0.2946 
        H115  1 0.3090 0.2678 0.1751 0.2482 
        H143  1 0.3045 0.2109 0.2319 0.2526 
        H144  1 0.2621 0.1516 0.3282 0.2580 
        H145  1 0.3037 0.1580 0.2969 0.2414 
        H149  1 0.2417 0.3172 0.1972 0.2440 
        H150  1 0.2575 0.2487 0.2656 0.2282 
     H167542  1 0.3108 0.1966 0.2009 0.2916 
     H169604  1 0.3158 0.2056 0.2249 0.2537 
     H169607  1 0.2823 0.1746 0.2841 0.2590 
     H169608  1 0.2543 0.3526 0.2085 0.1845 
     H169633  1 0.3091 0.1599 0.2366 0.2943 
     H169688  1 0.2202 0.2074 0.3396 0.2328 
     H169714  1 0.2357 0.3182 0.2247 0.2215 
     H171802  1 0.2096 0.3324 0.2128 0.2452 
     H171805  1 0.2636 0.2050 0.2772 0.2542 
     H171807  1 0.2239 0.2899 0.2441 0.2421 
     H171814  1 0.2447 0.1640 0.3464 0.2449 
     H171816  1 0.2229 0.3120 0.2374 0.2277 
     H171817  1 0.2615 0.2752 0.2129 0.2504 
     H171818  1 0.2565 0.2251 0.2335 0.2849 
     H171819  1 0.2531 0.2612 0.2276 0.2581 
     H171834  1 0.2701 0.2382 0.2358 0.2559 
     H171835  1 0.2130 0.3877 0.2050 0.1943 
     H171836  1 0.2889 0.1345 0.2456 0.3309 
     H171837  1 0.2827 0.2730 0.2113 0.2331 
     H171838  1 0.2538 0.1986 0.2724 0.2751 
     H171839  1 0.2879 0.2639 0.2031 0.2452 
     H171841  1 0.1833 0.4159 0.2321 0.1686 
     H171860  1 0.2886 0.2318 0.2243 0.2553 
     H171861  1 0.3305 0.1325 0.2441 0.2928 
     H171862  1 0.2651 0.2341 0.2545 0.2462 
     H171868  1 0.3458 0.1975 0.1873 0.2695 
     H171869  1 0.2173 0.2159 0.3294 0.2374 
     H171870  1 0.2229 0.2564 0.2876 0.2332 
     H171871  1 0.2565 0.1998 0.2705 0.2732 
     H171872  1 0.2797 0.2676 0.2074 0.2453 
     H171873  1 0.2075 0.2674 0.3009 0.2242 
     H171874  1 0.2804 0.2059 0.2814 0.2323 
     H171875  1 0.2945 0.1518 0.2795 0.2742 
     H171876  1 0.2957 0.1815 0.2334 0.2894 
     H171877  1 0.3082 0.1959 0.1825 0.3134 
     H171878  1 0.1835 0.3085 0.2931 0.2149 
     H171901  1 0.2228 0.3045 0.2219 0.2507 
     H171902  1 0.2473 0.2472 0.2902 0.2153 
     H171903  1 0.2778 0.2350 0.2401 0.2470 
     H171935  1 0.1968 0.3127 0.2583 0.2323 
     H171936  1 0.2833 0.1823 0.2480 0.2864 
     H171940  1 0.2312 0.2835 0.2322 0.2530 
     H171945  1 0.2307 0.2408 0.3108 0.2176 
     H171948  1 0.2605 0.2851 0.2036 0.2508 
     H171949  1 0.2060 0.3577 0.2152 0.2212 
     H171950  1 0.2143 0.3865 0.2013 0.1978 
     H171963  1 0.2235 0.1971 0.3143 0.2651 
     H171964  1 0.2066 0.1961 0.3924 0.2050 
     H171966  1 0.2398 0.2433 0.2632 0.2538 
     H171968  1 0.2602 0.2674 0.2670 0.2054 
     H171971  1 0.2088 0.2553 0.2542 0.2817 
     H171972  1 0.2580 0.1891 0.3119 0.2410 
     H171977  1 0.2372 0.1753 0.3352 0.2523 
     H171978  1 0.2113 0.3119 0.2654 0.2114 
     H171979  1 0.2735 0.1545 0.2673 0.3047 
        H176  1 0.2941 0.2084 0.2456 0.2519 
        H177  1 0.2281 0.3694 0.1913 0.2113 
        H179  1 0.2525 0.3148 0.1876 0.2452 
        H181  1 0.2367 0.1735 0.2998 0.2901 
        H182  1 0.3170 0.1504 0.2492 0.2834 
        H183  1 0.2096 0.1887 0.3272 0.2745 
        H184  1 0.2546 0.2875 0.2203 0.2376 
        H185  1 0.2534 0.1856 0.2896 0.2714 
        H186  1 0.2260 0.2863 0.2945 0.1931 
        H187  1 0.2360 0.2508 0.2467 0.2665 
        H188  1 0.2374 0.2802 0.1982 0.2842 
        H192  1 0.2180 0.3360 0.2156 0.2304 
        H193  1 0.2954 0.1648 0.2825 0.2573 
        H194  1 0.2748 0.2462 0.2113 0.2677 
        H195  1 0.2133 0.1920 0.3839 0.2109 
        H199  1 0.2168 0.1875 0.3452 0.2505 
        H200  1 0.2346 0.2938 0.2349 0.2366 
        H414  1 0.2681 0.2039 0.2496 0.2785 
        H415  1 0.2913 0.1973 0.2418 0.2697 
        H422  1 0.2482 0.2711 0.2865 0.1942 
        H423  1 0.1877 0.4357 0.1858 0.1908 
        H424  1 0.2544 0.1671 0.3103 0.2682 
        H425  1 0.2277 0.1843 0.3686 0.2195 
        H426  1 0.2077 0.2086 0.3573 0.2263 
        H443  1 0.2641 0.1861 0.3321 0.2177 
        H466  1 0.2423 0.2444 0.2389 0.2744 
        H467  1 0.1912 0.3817 0.2282 0.1989 
        H472  1 0.2457 0.2235 0.2463 0.2846 
        H483  1 0.2873 0.1626 0.2535 0.2967 
        H504  1 0.2261 0.1672 0.3604 0.2462 
        H505  1 0.2156 0.2915 0.2269 0.2661 
        H506  1 0.2421 0.2521 0.2795 0.2264 
        H507  1 0.2872 0.1380 0.2648 0.3099 
        H508  1 0.2169 0.2713 0.2565 0.2553 
        H524  1 0.2769 0.1699 0.2569 0.2964 
        H525  1 0.2595 0.2063 0.2909 0.2433 
        H526  1 0.3074 0.1891 0.2229 0.2807 
        H527  1 0.2353 0.3143 0.2257 0.2246 
        H528  1 0.2878 0.1711 0.2948 0.2463 
        H529  1 0.2803 0.1523 0.2852 0.2822 
        H533  1 0.3105 0.1316 0.2095 0.3484 
        H538  1 0.2662 0.2448 0.2163 0.2728 
        H539  1 0.2428 0.2190 0.2828 0.2554 
        H540  1 0.2723 0.2419 0.2309 0.2549 
        H541  1 0.2976 0.2130 0.2259 0.2635 
        H558  1 0.2106 0.2245 0.3185 0.2465 
        H559  1 0.2824 0.2287 0.2559 0.2329 
        H579  1 0.2874 0.1896 0.2861 0.2368 
        H584  1 0.2501 0.1969 0.3319 0.2211 
        H585  1 0.2303 0.2089 0.2736 0.2871 
        H605  1 0.2591 0.2536 0.2361 0.2512 
        H606  1 0.2453 0.3538 0.1985 0.2024 
        H632  1 0.2472 0.1931 0.3367 0.2230 
        H634  1 0.2628 0.2146 0.2874 0.2352 
        H671  1 0.2143 0.3684 0.2122 0.2051 
        H672  1 0.2563 0.2152 0.2589 0.2697 
        H673  1 0.2630 0.1914 0.2702 0.2754 
        H689  1 0.2904 0.1846 0.2737 0.2514 
        H690  1 0.2863 0.2785 0.1922 0.2430 
        H691  1 0.3139 0.2182 0.2077 0.2602 
        H692  1 0.2711 0.1180 0.2986 0.3123 
        H709  1 0.3039 0.2129 0.2243 0.2589 
        H710  1 0.2800 0.1455 0.3040 0.2705 
       H7355  1 0.3579 0.1582 0.2048 0.2790 
       H7356  1 0.2369 0.2352 0.2906 0.2374 
       H7357  1 0.3060 0.2319 0.2106 0.2515 
       H7358  1 0.2866 0.1776 0.2714 0.2644 
       H7380  1 0.3036 0.1941 0.2602 0.2422 
       H7381  1 0.2019 0.3044 0.2620 0.2317 
       H7382  1 0.2804 0.2046 0.2619 0.2532 
        H904  1 0.2158 0.4494 0.1603 0.1745 
        H923  1 0.2330 0.2615 0.2748 0.2307 
        H924  1 0.2411 0.2770 0.2425 0.2394 
        H925  1 0.2900 0.1971 0.2410 0.2719 
       H9558  1 0.2063 0.2165 0.3340 0.2432 
        H008  2 0.2854 0.1578 0.2387 0.3181 
        H021  2 0.2487 0.2910 0.2127 0.2476 
        H023  2 0.2665 0.2803 0.1984 0.2548 
        H024  2 0.2318 0.1578 0.3101 0.3003 
        H025  2 0.1799 0.3404 0.2657 0.2140 
        H026  2 0.2192 0.1755 0.3742 0.2312 
        H027  2 0.2846 0.2018 0.2312 0.2824 
        H028  2 0.2468 0.1843 0.2991 0.2697 
        H029  2 0.2623 0.1877 0.2749 0.2751 
        H030  2 0.2184 0.1715 0.3542 0.2559 
        H038  2 0.2238 0.3204 0.2358 0.2201 
        H039  2 0.1512 0.5436 0.1589 0.1463 
        H040  2 0.2263 0.2958 0.2271 0.2507 
        H041  2 0.2832 0.2093 0.2027 0.3047 
        H042  2 0.2530 0.2598 0.2228 0.2644 
        H043  2 0.1866 0.3796 0.2424 0.1914 
        H044  2 0.2479 0.1941 0.2684 0.2895 
        H047  2 0.1903 0.3304 0.2677 0.2116 
        H050  2 0.2631 0.1883 0.2713 0.2774 
        H058  2 0.2182 0.2884 0.2453 0.2482 
        H062  2 0.2664 0.2817 0.2122 0.2397 
        H063  2 0.2150 0.3519 0.1936 0.2395 
        H065  2 0.2103 0.2436 0.3358 0.2103 
        H066  2 0.2190 0.2265 0.2800 0.2744 
        H067  2 0.3043 0.1886 0.2389 0.2683 
        H068  2 0.2055 0.3382 0.2160 0.2402 
        H069  2 0.2243 0.2382 0.2935 0.2440 
        H071  2 0.2498 0.3147 0.2089 0.2266 
        H072  2 0.2047 0.3923 0.1844 0.2186 
        H073  2 0.2604 0.2036 0.2895 0.2465 
        H081  2 0.2852 0.2335 0.1861 0.2952 
        H082  2 0.2575 0.1531 0.2830 0.3065 
        H083  2 0.2406 0.1766 0.3345 0.2483 
        H084  2 0.2427 0.2653 0.2267 0.2652 
        H085  2 0.2965 0.2075 0.1967 0.2993 
        H087  2 0.3332 0.1963 0.1805 0.2899 
        H088  2 0.2477 0.3126 0.1923 0.2473 
        H089  2 0.3044 0.1846 0.2357 0.2753 
        H090  2 0.2651 0.1813 0.2809 0.2727 
        H091  2 0.2841 0.1613 0.2634 0.2912 
        H098  2 0.2510 0.1968 0.2359 0.3163 
      H10001  2 0.1594 0.5372 0.1585 0.1450 
      H10002  2 0.2859 0.3012 0.1878 0.2251 
        H101  2 0.2419 0.1863 0.2541 0.3176 
        H108  2 0.2536 0.3072 0.1903 0.2489 
        H109  2 0.2278 0.2704 0.2383 0.2635 
        H110  2 0.3504 0.1708 0.1937 0.2850 
        H116  2 0.2401 0.2041 0.3041 0.2517 
        H117  2 0.2923 0.1845 0.2158 0.3074 
        H118  2 0.2665 0.1429 0.3246 0.2660 
        H119  2 0.2553 0.3001 0.2204 0.2243 
        H120  2 0.2094 0.4143 0.1615 0.2149 
        H121  2 0.2546 0.1800 0.2751 0.2903 
        H125  2 0.1610 0.5256 0.1543 0.1591 
        H126  2 0.2019 0.2326 0.3292 0.2363 
        H128  2 0.2335 0.1130 0.4056 0.2479 
        H129  2 0.2262 0.1579 0.3675 0.2484 
        H130  2 0.1912 0.3567 0.2610 0.1911 
        H133  2 0.1811 0.4230 0.2184 0.1775 
        H134  2 0.1905 0.1670 0.4526 0.1899 
        H135  2 0.2902 0.2358 0.2109 0.2632 
        H137  2 0.2552 0.2103 0.2334 0.3010 
        H138  2 0.2486 0.1912 0.3541 0.2061 
        H140  2 0.2573 0.2355 0.2606 0.2466 
        H146  2 0.2552 0.1910 0.3062 0.2477 
        H147  2 0.3024 0.1950 0.2180 0.2845 
        H148  2 0.3273 0.1815 0.1993 0.2918 
     H166022  2 0.3037 0.1630 0.2345 0.2988 
     H167359  2 0.2481 0.2193 0.2633 0.2693 
     H167397  2 0.2796 0.1181 0.2688 0.3334 
     H167428  2 0.2993 0.1251 0.2636 0.3120 
     H167496  2 0.2202 0.3709 0.1788 0.2302 
     H167513  2 0.2195 0.2354 0.2355 0.3097 
     H167545  2 0.2717 0.1683 0.2837 0.2763 
     H167547  2 0.2250 0.1664 0.3327 0.2760 
     H169621  2 0.2600 0.1766 0.2822 0.2813 
     H169622  2 0.2720 0.1878 0.2901 0.2501 
     H169750  2 0.1932 0.3027 0.2765 0.2276 
     H171806  2 0.2316 0.2836 0.2777 0.2071 
     H171808  2 0.2797 0.2142 0.2694 0.2367 
     H171809  2 0.2951 0.2434 0.2127 0.2488 
     H171813  2 0.2390 0.2446 0.2880 0.2284 
     H171815  2 0.1770 0.4210 0.2214 0.1806 
     H171824  2 0.2725 0.3242 0.1771 0.2263 
     H171825  2 0.2761 0.2086 0.2629 0.2524 
     H171826  2 0.2756 0.2730 0.2119 0.2395 
     H171827  2 0.2826 0.2419 0.2352 0.2403 
     H171828  2 0.1938 0.4446 0.1608 0.2008 
     H171829  2 0.2036 0.2705 0.3102 0.2157 
     H171830  2 0.2419 0.2379 0.2175 0.3027 
     H171831  2 0.2428 0.1583 0.3496 0.2493 
     H171832  2 0.2454 0.2165 0.2937 0.2444 
     H171863  2 0.2206 0.1561 0.3627 0.2605 
     H171864  2 0.2874 0.1993 0.2160 0.2973 
     H171865  2 0.1807 0.3866 0.2162 0.2164 
     H171879  2 0.2464 0.2267 0.2759 0.2509 
     H171880  2 0.2669 0.1976 0.2337 0.3017 
     H171881  2 0.2823 0.1840 0.2409 0.2928 
     H171882  2 0.1983 0.4413 0.1804 0.1800 
     H171929  2 0.2564 0.2019 0.2372 0.3045 
     H171930  2 0.2557 0.1593 0.2801 0.3049 
     H171933  2 0.2695 0.1971 0.2546 0.2788 
     H171934  2 0.3143 0.2041 0.2195 0.2621 
     H171937  2 0.2197 0.1985 0.3450 0.2368 
     H171962  2 0.2647 0.1827 0.2524 0.3002 
        H190  2 0.2689 0.1820 0.2484 0.3008 
        H191  2 0.2310 0.2395 0.2666 0.2628 
        H396  2 0.2596 0.2440 0.2168 0.2796 
        H397  2 0.2688 0.1970 0.2444 0.2899 
        H398  2 0.2207 0.2686 0.2872 0.2235 
        H400  2 0.2921 0.2140 0.2292 0.2647 
        H401  2 0.2406 0.1341 0.3063 0.3189 
        H402  2 0.2892 0.1638 0.2399 0.3071 
        H427  2 0.3000 0.2210 0.2040 0.2750 
        H428  2 0.3064 0.1264 0.2566 0.3106 
        H497  2 0.2189 0.2979 0.2341 0.2491 
        H512  2 0.2638 0.2371 0.2348 0.2644 
        H513  2 0.2242 0.2348 0.2311 0.3099 
        H514  2 0.2295 0.2347 0.3154 0.2204 
        H519  2 0.2221 0.2410 0.2200 0.3168 
        H532  2 0.3334 0.1707 0.2185 0.2774 
        H543  2 0.3132 0.1657 0.2142 0.3070 
        H544  2 0.2045 0.2450 0.3521 0.1984 
        H545  2 0.2618 0.1583 0.3113 0.2687 
        H546  2 0.2049 0.3158 0.2513 0.2281 
        H547  2 0.2251 0.1669 0.3301 0.2779 
        H548  2 0.3106 0.1991 0.2246 0.2657 
        H549  2 0.2440 0.1900 0.2795 0.2864 
        H620  2 0.1937 0.4469 0.1705 0.1889 
        H623  2 0.2228 0.1869 0.3174 0.2730 
        H624  2 0.1839 0.3404 0.3029 0.1728 
        H625  2 0.2685 0.1938 0.2350 0.3027 
        H626  2 0.2615 0.2372 0.2241 0.2773 
        H654  2 0.1576 0.4948 0.1842 0.1633 
        H655  2 0.2440 0.3097 0.2202 0.2261 
        H656  2 0.1919 0.4142 0.1863 0.2076 
        H666  2 0.1684 0.4471 0.2121 0.1724 
        H667  2 0.3060 0.2115 0.2355 0.2471 
        H677  2 0.3021 0.2073 0.2546 0.2360 
        H693  2 0.2580 0.3157 0.1686 0.2577 
        H694  2 0.2414 0.1890 0.2767 0.2928 
        H701  2 0.2734 0.1859 0.2325 0.3081 
        H702  2 0.2669 0.2544 0.2011 0.2777 
        H731  2 0.2518 0.3048 0.2192 0.2242 
       H7359  2 0.2512 0.2223 0.2529 0.2736 
       H7389  2 0.2415 0.2287 0.2753 0.2545 
       H7390  2 0.2166 0.3631 0.2069 0.2134 
       H7391  2 0.3367 0.1810 0.1762 0.3061 
       H7392  2 0.2130 0.2576 0.3015 0.2280 
       H7393  2 0.2373 0.3068 0.2154 0.2405 
       H7398  2 0.2830 0.2197 0.1982 0.2991 
       H7399  2 0.3091 0.1685 0.2727 0.2497 
       H7400  2 0.1749 0.4738 0.1842 0.1671 
        H745  2 0.2029 0.1792 0.3955 0.2224 
        H746  2 0.3072 0.1756 0.2778 0.2394 
        H747  2 0.2206 0.3314 0.2056 0.2424 
        H748  2 0.2716 0.2486 0.2325 0.2473 
       H7484  2 0.1965 0.3903 0.2043 0.2089 
       H7485  2 0.2302 0.2064 0.2873 0.2761 
        H749  2 0.2962 0.1800 0.2745 0.2493 
        H930  2 0.2648 0.1671 0.2563 0.3118 
        H931  2 0.2514 0.2178 0.2406 0.2903 
        H932  2 0.2508 0.2599 0.2666 0.2227 
        H111  3 0.2480 0.1781 0.3202 0.2537 
        H951  3 0.2585 0.1839 0.2763 0.2813 
        H952  3 0.2348 0.2461 0.3077 0.2114 
        H953  3 0.2945 0.1718 0.2400 0.2937 
        H954  3 0.2060 0.3756 0.1952 0.2232 
        H955  3 0.2465 0.1761 0.2765 0.3009 
        H956  3 0.2675 0.2442 0.2145 0.2738 
       H9563  3 0.2363 0.2700 0.2037 0.2900 
        H002  4 0.2110 0.3541 0.2560 0.1789 
        H003  4 0.3132 0.1789 0.2585 0.2493 
        H009  4 0.2173 0.1966 0.3539 0.2323 
        H010  4 0.2877 0.2089 0.2467 0.2567 
        H011  4 0.2163 0.3670 0.1791 0.2376 
        H012  4 0.3187 0.1780 0.2109 0.2924 
        H013  4 0.2647 0.2737 0.2002 0.2614 
        H014  4 0.2413 0.2475 0.2723 0.2389 
        H045  4 0.2461 0.2683 0.2002 0.2854 
        H046  4 0.2723 0.1760 0.3116 0.2401 
        H051  4 0.2375 0.2996 0.1886 0.2743 
        H052  4 0.1980 0.3079 0.2941 0.2000 
        H053  4 0.2384 0.2922 0.2302 0.2391 
        H056  4 0.2051 0.3462 0.2395 0.2093 
        H076  4 0.2706 0.1667 0.3053 0.2574 
        H151  4 0.1827 0.4407 0.2156 0.1610 
        H152  4 0.2055 0.3505 0.2752 0.1688 
     H171803  4 0.2475 0.3146 0.2130 0.2250 
     H171804  4 0.2464 0.2903 0.2023 0.2610 
     H171833  4 0.2156 0.1937 0.3593 0.2313 
     H171855  4 0.1722 0.4198 0.2375 0.1705 
     H171856  4 0.2615 0.2399 0.2369 0.2616 
     H171857  4 0.1966 0.3498 0.2556 0.1979 
     H171858  4 0.2727 0.2379 0.2896 0.1998 
     H171859  4 0.2401 0.2669 0.2635 0.2295 
     H171961  4 0.2423 0.3031 0.2080 0.2465 
        H198  4 0.3056 0.1591 0.2827 0.2526 
      H20001  4 0.2129 0.2031 0.3537 0.2304 
        H403  4 0.2168 0.2708 0.2715 0.2409 
        H404  4 0.3174 0.1824 0.2451 0.2551 
        H405  4 0.3091 0.1775 0.2555 0.2579 
        H406  4 0.1780 0.2331 0.3454 0.2434 
        H407  4 0.2517 0.2508 0.2404 0.2571 
        H410  4 0.2681 0.1628 0.2882 0.2809 
        H411  4 0.2383 0.2099 0.3163 0.2355 
        H468  4 0.1950 0.2491 0.2928 0.2630 
        H476  4 0.2327 0.2544 0.2282 0.2846 
        H477  4 0.2343 0.1773 0.3653 0.2231 
        H478  4 0.3131 0.1898 0.2359 0.2613 
        H479  4 0.2586 0.2859 0.2093 0.2461 
        H480  4 0.2698 0.1767 0.2800 0.2735 
        H498  4 0.2632 0.2322 0.2631 0.2414 
        H499  4 0.2574 0.2530 0.2586 0.2310 
        H500  4 0.2245 0.3662 0.1923 0.2170 
        H515  4 0.2469 0.3040 0.2127 0.2364 
        H516  4 0.2210 0.2677 0.2765 0.2348 
        H517  4 0.2567 0.2240 0.2699 0.2494 
        H518  4 0.2019 0.2985 0.2725 0.2270 
        H520  4 0.2075 0.3303 0.2414 0.2208 
        H521  4 0.2513 0.2045 0.2485 0.2956 
        H522  4 0.2363 0.2674 0.2363 0.2599 
        H523  4 0.2521 0.2694 0.2319 0.2465 
        H536  4 0.2676 0.2166 0.2617 0.2541 
        H645  4 0.3013 0.2467 0.1797 0.2723 
        H646  4 0.2457 0.1684 0.3041 0.2817 
        H647  4 0.2346 0.2194 0.2947 0.2513 
        H657  4 0.2736 0.1740 0.2800 0.2724 
        H658  4 0.2633 0.2494 0.2177 0.2695 
        H659  4 0.1765 0.4780 0.1742 0.1713 
        H660  4 0.2289 0.2800 0.2399 0.2512 
        H661  4 0.2060 0.3458 0.2468 0.2014 
        H668  4 0.3471 0.1758 0.2198 0.2573 
        H669  4 0.2648 0.2476 0.2164 0.2712 
        H670  4 0.3458 0.2466 0.1706 0.2370 
        H678  4 0.2617 0.2389 0.2298 0.2695 
        H679  4 0.2729 0.1685 0.2433 0.3153 
        H680  4 0.2223 0.2478 0.2976 0.2323 
        H681  4 0.2820 0.2775 0.2173 0.2233 
        H682  4 0.2880 0.1934 0.2049 0.3137 
        H683  4 0.1600 0.3461 0.2867 0.2072 
        H718  4 0.1973 0.3669 0.2319 0.2038 
        H719  4 0.2435 0.2513 0.1955 0.3097 
        H720  4 0.2144 0.2648 0.2929 0.2279 
        H721  4 0.2161 0.2695 0.2920 0.2224 
        H722  4 0.1662 0.3251 0.3178 0.1909 
        H723  4 0.2248 0.3387 0.1901 0.2463 
        H724  4 0.1857 0.4324 0.1927 0.1892 
        H725  4 0.1782 0.4129 0.2124 0.1965 
        H726  4 0.2259 0.3560 0.2113 0.2069 
        H727  4 0.2504 0.3205 0.1965 0.2326 
        H910  4 0.2664 0.2824 0.1974 0.2539 
        H911  4 0.2342 0.1961 0.2885 0.2812 
        H912  4 0.2101 0.2919 0.2768 0.2212 
        H913  4 0.2317 0.2978 0.2299 0.2406 
        H914  4 0.2757 0.3204 0.1749 0.2290 
        H915  4 0.2510 0.2560 0.2224 0.2706 
        H916  4 0.2405 0.2346 0.2629 0.2620 
       H9572  4 0.2189 0.2520 0.2455 0.2837 
        H015  5 0.2300 0.1899 0.2683 0.3118 
        H016  5 0.2248 0.1923 0.3403 0.2426 
        H017  5 0.2326 0.2511 0.2816 0.2347 
        H019  5 0.2315 0.2296 0.2765 0.2624 
        H020  5 0.2423 0.2738 0.2570 0.2269 
        H032  5 0.2410 0.2847 0.2425 0.2318 
        H033  5 0.3005 0.1808 0.2109 0.3079 
        H034  5 0.2857 0.3094 0.1808 0.2241 
        H035  5 0.2489 0.2416 0.2536 0.2559 
        H036  5 0.2358 0.1962 0.2617 0.3063 
        H037  5 0.2527 0.2964 0.2025 0.2484 
        H048  5 0.2099 0.3446 0.1955 0.2500 
        H049  5 0.2006 0.2534 0.2973 0.2486 
        H054  5 0.2510 0.2554 0.2606 0.2329 
        H055  5 0.2531 0.3039 0.2311 0.2118 
        H057  5 0.2135 0.2506 0.3270 0.2089 
        H060  5 0.2540 0.2987 0.2577 0.1895 
        H061  5 0.3013 0.2091 0.2449 0.2447 
        H064  5 0.2160 0.2994 0.2566 0.2280 
        H070  5 0.2931 0.2832 0.1851 0.2386 
        H077  5 0.2112 0.3719 0.2128 0.2041 
        H078  5 0.1908 0.3419 0.2600 0.2074 
        H079  5 0.3098 0.1648 0.2309 0.2945 
        H097  5 0.1909 0.2805 0.3334 0.1953 
        H107  5 0.2080 0.4176 0.1676 0.2069 
        H122  5 0.2632 0.2166 0.2783 0.2418 
        H123  5 0.2495 0.1874 0.2921 0.2710 
        H124  5 0.2653 0.1893 0.2715 0.2740 
        H131  5 0.2797 0.1836 0.2512 0.2854 
        H132  5 0.2391 0.2732 0.2297 0.2580 
        H141  5 0.2682 0.2662 0.2331 0.2325 
        H142  5 0.3031 0.1692 0.2432 0.2844 
        H157  5 0.2242 0.3332 0.2073 0.2353 
        H158  5 0.2262 0.1932 0.3605 0.2201 
        H159  5 0.2776 0.1705 0.2563 0.2956 
        H160  5 0.2426 0.2321 0.2755 0.2498 
        H163  5 0.2724 0.1994 0.2559 0.2724 
        H164  5 0.2567 0.2236 0.2598 0.2600 
        H165  5 0.3228 0.1576 0.2413 0.2783 
        H166  5 0.2489 0.2006 0.2713 0.2792 
        H169  5 0.2898 0.2381 0.2331 0.2390 
     H169613  5 0.2702 0.2581 0.2507 0.2210 
     H169653  5 0.2644 0.2048 0.2714 0.2595 
     H169728  5 0.2615 0.2008 0.2551 0.2826 
     H169742  5 0.2964 0.2444 0.2060 0.2533 
        H170  5 0.2036 0.2263 0.3558 0.2144 
        H171  5 0.1978 0.2319 0.3424 0.2279 
     H171851  5 0.2448 0.2335 0.2893 0.2323 
     H171852  5 0.2011 0.3390 0.2662 0.1937 
     H171853  5 0.2541 0.2816 0.2039 0.2605 
     H171854  5 0.2427 0.2559 0.2556 0.2457 
     H171938  5 0.3127 0.2226 0.1925 0.2722 
     H171939  5 0.2162 0.1979 0.3412 0.2447 
     H171941  5 0.2256 0.3655 0.1823 0.2266 
     H171965  5 0.3043 0.1897 0.2826 0.2234 
     H171970  5 0.1996 0.4071 0.1849 0.2085 
     H171973  5 0.3112 0.1821 0.2269 0.2798 
     H171974  5 0.2849 0.2546 0.2001 0.2603 
     H171975  5 0.2327 0.2795 0.2200 0.2678 
     H171976  5 0.2014 0.2544 0.3360 0.2082 
        H175  5 0.2256 0.3148 0.2144 0.2452 
        H178  5 0.2563 0.2629 0.2354 0.2454 
        H189  5 0.2816 0.1623 0.3120 0.2440 
        H399  5 0.1928 0.2371 0.3682 0.2018 
        H416  5 0.2684 0.2659 0.2207 0.2450 
        H438  5 0.2785 0.2327 0.2070 0.2818 
        H450  5 0.2475 0.3599 0.2070 0.1856 
        H455  5 0.2152 0.3707 0.1717 0.2425 
        H456  5 0.2739 0.2456 0.2246 0.2559 
        H457  5 0.2080 0.3422 0.2720 0.1778 
        H458  5 0.2507 0.3081 0.2054 0.2357 
        H459  5 0.2627 0.1797 0.2676 0.2900 
        H460  5 0.2686 0.2528 0.2297 0.2489 
        H461  5 0.2295 0.2327 0.3197 0.2181 
        H462  5 0.2864 0.1722 0.2272 0.3141 
        H469  5 0.2768 0.1799 0.2323 0.3109 
        H470  5 0.2355 0.2714 0.2371 0.2560 
        H471  5 0.2315 0.1726 0.3550 0.2409 
        H481  5 0.2062 0.4140 0.1934 0.1864 
        H482  5 0.2382 0.3107 0.2303 0.2208 
        H501  5 0.2457 0.2680 0.2156 0.2707 
        H502  5 0.2609 0.1781 0.3078 0.2532 
        H503  5 0.2420 0.1962 0.2989 0.2628 
        H509  5 0.2181 0.3152 0.2033 0.2635 
        H510  5 0.2700 0.2202 0.2493 0.2604 
        H511  5 0.2815 0.2133 0.2692 0.2359 
        H530  5 0.2573 0.2717 0.1991 0.2719 
        H531  5 0.1977 0.3576 0.2346 0.2102 
        H564  5 0.2284 0.3007 0.2322 0.2387 
        H565  5 0.1993 0.3883 0.2120 0.2003 
        H567  5 0.2734 0.1533 0.2871 0.2862 
     H568???  5 0.2350 0.1939 0.3471 0.2240 
        H608  5 0.2537 0.3510 0.2077 0.1875 
        H609  5 0.2983 0.2121 0.2097 0.2799 
        H612  5 0.2408 0.3847 0.1661 0.2083 
        H614  5 0.1881 0.3986 0.2282 0.1851 
        H615  5 0.2061 0.3245 0.2503 0.2190 
        H616  5 0.2226 0.4237 0.1630 0.1907 
        H617  5 0.2938 0.1687 0.2370 0.3005 
        H618  5 0.2062 0.3547 0.2008 0.2383 
        H619  5 0.3231 0.1952 0.2238 0.2580 
        H635  5 0.2776 0.2347 0.2314 0.2563 
        H636  5 0.3659 0.1833 0.1873 0.2635 
        H637  5 0.2634 0.2719 0.2368 0.2280 
        H644  5 0.2079 0.1347 0.4021 0.2554 
        H711  5 0.2174 0.2403 0.3474 0.1949 
        H712  5 0.2629 0.2750 0.1950 0.2670 
       H7360  5 0.2259 0.2663 0.2731 0.2347 
       H7361  5 0.2409 0.3177 0.2226 0.2188 
       H7362  5 0.2119 0.1432 0.3853 0.2596 
       H7363  5 0.2376 0.2941 0.2517 0.2167 
       H7394  5 0.3121 0.1883 0.2421 0.2576 
       H7395  5 0.2935 0.2356 0.2220 0.2488 
       H7396  5 0.2740 0.2328 0.2187 0.2745 
        H742  5 0.3046 0.2406 0.2041 0.2507 
        H743  5 0.2250 0.2697 0.2770 0.2283 
        H744  5 0.2079 0.3840 0.1972 0.2110 
        H957  5 0.2391 0.2490 0.2892 0.2227 
        H958  5 0.2764 0.1924 0.2307 0.3004 
        H959  5 0.2343 0.3487 0.1764 0.2407 
        H960  5 0.2632 0.2289 0.2266 0.2813 
      H_PALI  6 0.2577 0.2368 0.2408 0.2647 
        H581  6 0.2075 0.3127 0.2493 0.2305 
        H582  6 0.1787 0.3951 0.2250 0.2013 
        H583  6 0.2296 0.2773 0.2526 0.2405 
        H595  6 0.2572 0.1571 0.2631 0.3226 
        H596  6 0.2766 0.1624 0.2576 0.3034 
        H597  6 0.2700 0.1699 0.3285 0.2316 
        H598  6 0.2851 0.2483 0.2170 0.2496 
        H599  6 0.2187 0.3222 0.1959 0.2632 
        H642  6 0.2271 0.2085 0.3114 0.2530 
        H643  6 0.2682 0.2372 0.2316 0.2629 
        H664  6 0.1812 0.3613 0.2574 0.2001 
        H665  6 0.3216 0.2126 0.1962 0.2696 
        H674  6 0.2066 0.1558 0.3919 0.2458 
        H675  6 0.2164 0.3051 0.2665 0.2120 
        H676  6 0.2649 0.2029 0.2623 0.2699 
        H686  6 0.2530 0.2297 0.2530 0.2643 
        H687  6 0.2409 0.2442 0.2601 0.2549 
        H917  6 0.2978 0.1568 0.2172 0.3282 
        H918  6 0.3051 0.1796 0.2315 0.2838 
        H919  6 0.2464 0.3472 0.1768 0.2296 
        H920  6 0.2218 0.3101 0.2321 0.2361 
        H631  7 0.2478 0.2940 0.2339 0.2243 
        H684  7 0.2461 0.1818 0.3607 0.2114 
        H685  7 0.2083 0.3579 0.1967 0.2371 
        H713  7 0.2175 0.3647 0.1974 0.2204 
        H715  7 0.2509 0.2065 0.3409 0.2017 
        H716  7 0.2753 0.2557 0.2291 0.2399 
        H717  7 0.2400 0.2520 0.2463 0.2617 
        H729  7 0.3039 0.1502 0.2224 0.3235 
        H730  7 0.2661 0.2351 0.2078 0.2911 
        H431  8 0.2304 0.3329 0.2192 0.2176 
        H432  8 0.2327 0.1479 0.3548 0.2647 
        H433  8 0.2897 0.1936 0.2160 0.3007 
        H434  8 0.2558 0.2036 0.2457 0.2949 
        H444  8 0.2800 0.1966 0.2150 0.3084 
        H454  8 0.2051 0.3689 0.1788 0.2472 
        H475  8 0.2205 0.4129 0.1864 0.1802 
        H491  8 0.2264 0.2965 0.2312 0.2459 
        H492  8 0.2229 0.3072 0.2037 0.2663 
        H493  8 0.2349 0.2416 0.2922 0.2313 
        H494  8 0.2482 0.2450 0.2330 0.2738 
        H495  8 0.1754 0.3968 0.2618 0.1660 
        H662  8 0.2049 0.2213 0.3130 0.2609 
        H663  8 0.2590 0.2388 0.2495 0.2527 
        H695  8 0.2638 0.2490 0.2331 0.2541 
       H7367  8 0.2747 0.1691 0.2528 0.3034 
       H7368  8 0.2667 0.2017 0.2952 0.2365 
       H7369  8 0.2833 0.2336 0.1990 0.2842 
       H7370  8 0.2807 0.1411 0.2234 0.3548 
       H7371  8 0.2761 0.2047 0.2167 0.3025 
        H600  9 0.2464 0.3218 0.2198 0.2120 
        H648  9 0.2183 0.2551 0.2887 0.2379 
        H696  9 0.2087 0.1466 0.3687 0.2760 
        H697  9 0.2456 0.2224 0.2554 0.2766 
        H698  9 0.2363 0.1988 0.2879 0.2771 
        H699  9 0.2311 0.2527 0.2478 0.2684 
        H700  9 0.2938 0.2884 0.2026 0.2151 
        H732  9 0.1770 0.3822 0.2355 0.2052 
        H733  9 0.2627 0.1791 0.2503 0.3079 
        H734  9 0.2699 0.1682 0.2805 0.2813 
        H735  9 0.2287 0.2076 0.2603 0.3034 
        H736  9 0.2685 0.2509 0.2559 0.2247 
        H737  9 0.2458 0.3027 0.2447 0.2068 
        H905  9 0.2668 0.3088 0.1954 0.2291 
        H921  9 0.2629 0.2801 0.1901 0.2669 
        H922  9 0.2662 0.1486 0.2251 0.3601 
     H169705 10 0.2661 0.2062 0.2228 0.3049 
     H171942 10 0.2339 0.1501 0.3384 0.2776 
     H171943 10 0.2649 0.2076 0.2609 0.2666 
     H171944 10 0.2843 0.2350 0.2152 0.2656 
     H171946 10 0.1916 0.3337 0.2715 0.2033 
     H171947 10 0.2513 0.2173 0.2545 0.2769 
     H229641 10 0.2308 0.2559 0.2524 0.2609 
      H30001 10 0.2539 0.2646 0.2144 0.2671 
      H30002 10 0.2892 0.2303 0.2369 0.2437 
      H30005 10 0.2522 0.2179 0.2563 0.2736 
      H30006 10 0.2436 0.1938 0.3013 0.2613 
      H30007 10 0.2158 0.1671 0.4010 0.2161 
        H451 10 0.2839 0.1710 0.2532 0.2919 
        H452 10 0.2222 0.2292 0.2987 0.2499 
        H453 10 0.1837 0.3924 0.2405 0.1834 
        H473 10 0.2466 0.2809 0.2392 0.2333 
        H474 10 0.1720 0.4169 0.2162 0.1949 
        H486 10 0.2335 0.2793 0.2341 0.2531 
        H487 10 0.2375 0.2954 0.2443 0.2228 
        H488 10 0.2868 0.2404 0.1882 0.2847 
        H489 10 0.2158 0.3700 0.1998 0.2144 
        H550 10 0.2345 0.2027 0.3314 0.2315 
        H551 10 0.2503 0.2467 0.2039 0.2992 
        H553 10 0.1982 0.3389 0.2561 0.2068 
        H554 10 0.2516 0.1987 0.2937 0.2560 
        H556 10 0.2076 0.2525 0.3029 0.2370 
        H580 10 0.2801 0.2022 0.2554 0.2623 
        H591 10 0.2042 0.4114 0.1839 0.2004 
        H592 10 0.2352 0.2875 0.2142 0.2630 
        H593 10 0.2613 0.2227 0.2645 0.2515 
        H594 10 0.2460 0.1443 0.3331 0.2766 
        H627 10 0.2217 0.2571 0.2620 0.2592 
        H628 10 0.3328 0.1333 0.2467 0.2871 
        H629 10 0.2050 0.2625 0.2817 0.2508 
        H630 10 0.2319 0.2584 0.2446 0.2652 
        H638 10 0.2561 0.2035 0.2380 0.3023 
        H639 10 0.1756 0.3629 0.2577 0.2038 
        H640 10 0.2541 0.1885 0.2790 0.2784 
        H704 10 0.2521 0.1776 0.3245 0.2457 
        H705 10 0.2660 0.2068 0.2226 0.3045 
        H706 10 0.2623 0.3017 0.1829 0.2531 
        H708 10 0.2063 0.3881 0.1974 0.2082 
       H7351 10 0.2497 0.2229 0.2752 0.2521 
       H7352 10 0.2466 0.2675 0.2382 0.2477 
       H7353 10 0.2099 0.1938 0.3815 0.2149 
       H7354 10 0.2874 0.2929 0.2163 0.2034 
       H7365 10 0.2282 0.3576 0.1944 0.2198 
       H7383 10 0.2850 0.2763 0.1920 0.2467 
       H7384 10 0.2676 0.2825 0.2256 0.2243 
       H7385 10 0.2651 0.3240 0.1978 0.2131 
       H7386 10 0.2683 0.2071 0.2344 0.2902 
       H7387 10 0.2947 0.2119 0.2502 0.2432 
       H7388 10 0.2528 0.2400 0.2663 0.2409 
        H906 10 0.2065 0.3067 0.2592 0.2276 
        H907 10 0.2565 0.1847 0.2650 0.2937 
        H908 10 0.2671 0.2488 0.2295 0.2547 
        H909 10 0.3055 0.2386 0.2167 0.2393 
       H9552 10 0.2280 0.2467 0.2833 0.2420 
       H9553 10 0.2245 0.2829 0.2658 0.2268 
       H9555 10 0.3053 0.1905 0.2138 0.2904 
       H9575 10 0.2046 0.3623 0.2378 0.1952 
       H9703 10 0.1993 0.4124 0.2175 0.1707 
       H9707 10 0.2221 0.3334 0.2191 0.2255 
       HSAA4 10 0.2753 0.2047 0.2603 0.2597 
        H001 11 0.2781 0.2761 0.2350 0.2109 
        H004 11 0.2710 0.2115 0.2470 0.2705 
        H005 11 0.2410 0.3932 0.1680 0.1978 
        H006 11 0.3019 0.2246 0.2195 0.2540 
        H007 11 0.2507 0.3201 0.1760 0.2533 
        H031 11 0.2210 0.4032 0.1685 0.2073 
        H074 11 0.2031 0.3478 0.2088 0.2403 
        H075 11 0.2558 0.3364 0.1811 0.2267 
        H080 11 0.2240 0.3595 0.2072 0.2093 
        H086 11 0.2411 0.2622 0.2552 0.2414 
        H092 11 0.2568 0.3008 0.2156 0.2268 
        H093 11 0.2346 0.1592 0.3404 0.2658 
        H094 11 0.2568 0.2147 0.2434 0.2851 
        H095 11 0.2427 0.3212 0.2292 0.2068 
        H096 11 0.2888 0.2751 0.1886 0.2476 
        H099 11 0.2372 0.3053 0.2202 0.2373 
        H100 11 0.2850 0.1511 0.2868 0.2771 
        H127 11 0.2282 0.2937 0.2386 0.2395 
        H136 11 0.1866 0.4072 0.2114 0.1947 
        H153 11 0.2520 0.2325 0.2504 0.2652 
        H154 11 0.2089 0.3782 0.2060 0.2069 
        H155 11 0.2942 0.1521 0.2222 0.3315 
        H156 11 0.3317 0.1310 0.2393 0.2980 
        H161 11 0.2302 0.2254 0.2959 0.2485 
        H162 11 0.2724 0.1723 0.2602 0.2952 
        H167 11 0.3027 0.2125 0.2365 0.2483 
        H168 11 0.2947 0.2239 0.2454 0.2360 
     H169586 11 0.1729 0.3198 0.3339 0.1733 
     H169738 11 0.2847 0.1739 0.2324 0.3090 
     H169741 11 0.2089 0.3458 0.2068 0.2385 
     H171801 11 0.2178 0.1815 0.3175 0.2833 
     H171810 11 0.2157 0.3166 0.2122 0.2554 
     H171811 11 0.2018 0.3674 0.2412 0.1896 
     H171812 11 0.2899 0.2313 0.1920 0.2867 
     H171820 11 0.2009 0.3619 0.2148 0.2224 
     H171821 11 0.2859 0.2057 0.2423 0.2661 
     H171822 11 0.2771 0.2126 0.2544 0.2559 
     H171823 11 0.1560 0.3869 0.2673 0.1898 
     H171866 11 0.2442 0.1998 0.3096 0.2463 
     H171867 11 0.3321 0.1765 0.1992 0.2922 
     H171967 11 0.2235 0.3318 0.1899 0.2548 
     H171969 11 0.2495 0.2373 0.2517 0.2615 
        H172 11 0.2839 0.2210 0.2330 0.2621 
        H173 11 0.2858 0.2193 0.1943 0.3007 
        H174 11 0.2430 0.1659 0.3255 0.2657 
        H196 11 0.2704 0.1818 0.2743 0.2735 
        H197 11 0.2916 0.2011 0.2260 0.2813 
        H346 11 0.2805 0.2579 0.2022 0.2593 
        H355 11 0.2507 0.2757 0.2347 0.2388 
        H356 11 0.2394 0.2735 0.2465 0.2406 
        H357 11 0.2452 0.3002 0.2035 0.2511 
        H358 11 0.3344 0.2235 0.1909 0.2512 
        H359 11 0.2559 0.2429 0.2547 0.2465 
        H360 11 0.2750 0.2509 0.2130 0.2611 
        H361 11 0.2850 0.2209 0.2453 0.2488 
        H362 11 0.2815 0.1488 0.2522 0.3175 
        H363 11 0.2515 0.3516 0.1870 0.2098 
        H364 11 0.2524 0.2548 0.2723 0.2205 
        H365 11 0.2618 0.2002 0.2630 0.2750 
        H366 11 0.2879 0.1843 0.2560 0.2718 
        H367 11 0.1850 0.3836 0.2100 0.2214 
        H368 11 0.2409 0.1828 0.2941 0.2822 
        H369 11 0.2275 0.3920 0.1689 0.2116 
        H370 11 0.2825 0.1937 0.2501 0.2738 
        H371 11 0.2155 0.2637 0.2296 0.2911 
        H372 11 0.2811 0.2247 0.2416 0.2526 
        H373 11 0.2692 0.2614 0.2233 0.2461 
        H374 11 0.2805 0.2878 0.2072 0.2244 
        H375 11 0.2519 0.2575 0.2034 0.2873 
        H376 11 0.2569 0.1887 0.2838 0.2705 
        H377 11 0.2611 0.2687 0.2107 0.2595 
        H378 11 0.2402 0.2868 0.2588 0.2142 
        H379 11 0.2598 0.2346 0.2468 0.2588 
        H380 11 0.3283 0.1637 0.2195 0.2885 
        H381 11 0.1964 0.3475 0.2441 0.2120 
        H382 11 0.2868 0.1372 0.2807 0.2953 
        H383 11 0.2846 0.1648 0.2989 0.2518 
        H384 11 0.2325 0.3203 0.2340 0.2132 
        H385 11 0.2420 0.3074 0.2144 0.2362 
        H386 11 0.3555 0.1938 0.1931 0.2576 
        H387 11 0.2023 0.2608 0.3695 0.1674 
        H388 11 0.3022 0.1543 0.2843 0.2592 
        H389 11 0.2798 0.2345 0.1944 0.2913 
        H390 11 0.2857 0.1998 0.2416 0.2729 
        H391 11 0.2308 0.2101 0.3138 0.2452 
        H392 11 0.2811 0.3323 0.1855 0.2012 
        H393 11 0.2608 0.1679 0.2970 0.2743 
        H394 11 0.1949 0.1815 0.3753 0.2483 
        H395 11 0.2330 0.3559 0.1976 0.2134 
        H408 11 0.3089 0.2529 0.1943 0.2439 
        H412 11 0.1608 0.3902 0.2545 0.1944 
        H417 11 0.2347 0.2995 0.2346 0.2312 
        H418 11 0.2172 0.2870 0.2828 0.2129 
        H429 11 0.2917 0.2070 0.2353 0.2660 
        H430 11 0.2876 0.1765 0.2313 0.3046 
        H439 11 0.2673 0.2571 0.2094 0.2662 
        H440 11 0.2358 0.3818 0.2032 0.1792 
        H441 11 0.2679 0.1897 0.2384 0.3040 
        H442 11 0.2762 0.1958 0.2697 0.2583 
        H446 11 0.2528 0.2347 0.2756 0.2370 
        H447 11 0.3287 0.1752 0.2252 0.2709 
        H448 11 0.2976 0.2020 0.2144 0.2859 
        H534 11 0.1912 0.4260 0.2152 0.1676 
        H537 11 0.1955 0.3633 0.2383 0.2029 
        H568 11 0.1854 0.4297 0.1911 0.1939 
        H569 11 0.2844 0.1270 0.2425 0.3461 
        H586 11 0.1679 0.3121 0.3460 0.1739 
        H587 11 0.1953 0.4270 0.1824 0.1953 
        H588 11 0.2528 0.1684 0.3482 0.2305 
        H589 11 0.2223 0.3956 0.1936 0.1885 
        H590 11 0.2098 0.3489 0.2224 0.2189 
        H601 11 0.2684 0.1619 0.2705 0.2992 
        H602 11 0.2515 0.2939 0.2197 0.2349 
        H603 11 0.3163 0.1838 0.2061 0.2938 
        H610 11 0.2567 0.2666 0.2248 0.2519 
        H611 11 0.2377 0.2899 0.1963 0.2761 
        H649 11 0.2424 0.2399 0.2345 0.2832 
        H650 11 0.2568 0.1953 0.2663 0.2816 
        H651 11 0.2943 0.2210 0.1981 0.2867 
        H652 11 0.2426 0.2705 0.2779 0.2090 
       H7364 11 0.2867 0.1979 0.2415 0.2739 
       H7366 11 0.2846 0.2547 0.2105 0.2502 
       H7378 11 0.2057 0.1296 0.4215 0.2432 
       H7379 11 0.2317 0.2583 0.2556 0.2544 
        H739 11 0.2118 0.3342 0.2169 0.2371 
        H740 11 0.2592 0.2089 0.2833 0.2486 
        H741 11 0.2127 0.3478 0.1993 0.2401 
        H926 11 0.2580 0.2156 0.2676 0.2588 
        H927 11 0.3241 0.1753 0.2298 0.2708 
        H928 11 0.2315 0.2601 0.2234 0.2849 
       H9560 11 0.2508 0.2211 0.2962 0.2319 
        H409 12 0.2992 0.1656 0.2285 0.3067 
        H413 12 0.2314 0.1558 0.3778 0.2350 
        H419 12 0.2885 0.2130 0.2292 0.2693 
        H420 12 0.2366 0.2979 0.2308 0.2347 
        H421 12 0.2908 0.1533 0.3108 0.2451 
        H435 12 0.2802 0.1775 0.2923 0.2501 
        H436 12 0.2964 0.2285 0.2061 0.2690 
        H437 12 0.2088 0.3593 0.2407 0.1912 
        H445 12 0.3444 0.1735 0.2105 0.2716 
        H449 12 0.2298 0.2194 0.3163 0.2346 
        H463 12 0.2413 0.3016 0.2337 0.2234 
        H464 12 0.2260 0.1701 0.3321 0.2719 
        H465 12 0.1915 0.2490 0.3478 0.2117 
        H490 12 0.2462 0.1703 0.3203 0.2633 
        H561 12 0.2373 0.2498 0.2480 0.2648 
        H562 12 0.3083 0.2162 0.1866 0.2889 
        H563 12 0.2423 0.2709 0.1960 0.2908 
        H570 12 0.2673 0.3109 0.1838 0.2379 
        H571 12 0.2290 0.2334 0.3074 0.2303 
        H572 12 0.2236 0.2577 0.2298 0.2889 
        H573 12 0.2983 0.1681 0.2317 0.3019 
       H7372 12 0.3410 0.1329 0.2439 0.2822 
       H7373 12 0.2100 0.1816 0.3974 0.2110 
       H7374 12 0.2418 0.3110 0.2239 0.2233 
       H7375 12 0.2484 0.2980 0.2112 0.2424 
       H7376 12 0.3417 0.1427 0.1880 0.3276 
       H7377 12 0.2354 0.3056 0.2172 0.2418 
