        H102  1 0.3370 0.4083 0.2547 
        H103  1 0.2566 0.1891 0.5542 
        H104  1 0.3554 0.4411 0.2035 
        H105  1 0.4274 0.3012 0.2714 
        H106  1 0.2756 0.3712 0.3532 
        H112  1 0.3185 0.4407 0.2409 
        H113  1 0.4976 0.2493 0.2531 
        H114  1 0.5298 0.1939 0.2763 
        H115  1 0.4358 0.3619 0.2023 
        H143  1 0.4253 0.2782 0.2965 
        H144  1 0.3857 0.1858 0.4285 
        H145  1 0.2939 0.1997 0.5064 
        H149  1 0.2903 0.4769 0.2328 
        H150  1 0.3343 0.3153 0.3503 
     H167542  1 0.5205 0.2581 0.2214 
     H169604  1 0.4441 0.2777 0.2782 
     H169607  1 0.4011 0.2206 0.3782 
     H169608  1 0.2397 0.4901 0.2702 
     H169633  1 0.5157 0.2107 0.2737 
     H169688  1 0.2472 0.2833 0.4695 
     H169714  1 0.3091 0.4018 0.2891 
     H171802  1 0.2742 0.4219 0.3039 
     H171805  1 0.3414 0.2527 0.4059 
     H171807  1 0.2610 0.4151 0.3239 
     H171814  1 0.3769 0.1986 0.4245 
     H171816  1 0.2960 0.3980 0.3060 
     H171817  1 0.3323 0.4056 0.2621 
     H171818  1 0.3750 0.2927 0.3323 
     H171819  1 0.3630 0.3304 0.3067 
     H171834  1 0.3492 0.3260 0.3248 
     H171835  1 0.2695 0.5209 0.2096 
     H171836  1 0.4159 0.1573 0.4268 
     H171837  1 0.3840 0.3829 0.2331 
     H171838  1 0.2643 0.2471 0.4887 
     H171839  1 0.4154 0.3610 0.2237 
     H171841  1 0.1638 0.5567 0.2795 
     H171860  1 0.4095 0.3124 0.2782 
     H171861  1 0.4505 0.1718 0.3777 
     H171862  1 0.3491 0.3044 0.3465 
     H171868  1 0.4823 0.2788 0.2389 
     H171869  1 0.2858 0.2500 0.4642 
     H171870  1 0.2601 0.3660 0.3739 
     H171871  1 0.2759 0.2440 0.4801 
     H171872  1 0.3936 0.3693 0.2372 
     H171873  1 0.2638 0.3606 0.3756 
     H171874  1 0.3681 0.2633 0.3687 
     H171875  1 0.5110 0.1609 0.3281 
     H171876  1 0.4287 0.2456 0.3257 
     H171877  1 0.5139 0.2739 0.2121 
     H171878  1 0.2413 0.3882 0.3705 
     H171901  1 0.2777 0.4349 0.2875 
     H171902  1 0.2876 0.3396 0.3729 
     H171903  1 0.3862 0.3067 0.3071 
     H171935  1 0.1894 0.4299 0.3806 
     H171936  1 0.5143 0.2175 0.2682 
     H171940  1 0.3192 0.4013 0.2795 
     H171945  1 0.3291 0.3176 0.3533 
     H171948  1 0.3172 0.3970 0.2858 
     H171949  1 0.2453 0.5181 0.2366 
     H171950  1 0.2196 0.5581 0.2223 
     H171963  1 0.2741 0.2331 0.4928 
     H171964  1 0.2693 0.2353 0.4954 
     H171966  1 0.2604 0.3487 0.3910 
     H171968  1 0.3086 0.3882 0.3033 
     H171971  1 0.2345 0.3340 0.4315 
     H171972  1 0.3164 0.2192 0.4644 
     H171977  1 0.3512 0.2236 0.4252 
     H171978  1 0.2390 0.4143 0.3467 
     H171979  1 0.3144 0.1920 0.4936 
        H176  1 0.4118 0.2946 0.2936 
        H177  1 0.2755 0.5082 0.2163 
        H179  1 0.4163 0.3961 0.1876 
        H181  1 0.3282 0.2512 0.4206 
        H182  1 0.3593 0.1828 0.4579 
        H183  1 0.2429 0.2500 0.5071 
        H184  1 0.3181 0.4034 0.2785 
        H185  1 0.3923 0.2091 0.3986 
        H186  1 0.2843 0.3582 0.3575 
        H187  1 0.3182 0.3096 0.3722 
        H188  1 0.4312 0.3626 0.2062 
        H192  1 0.2673 0.4692 0.2636 
        H193  1 0.3229 0.2244 0.4528 
        H194  1 0.3622 0.3400 0.2978 
        H195  1 0.2460 0.2493 0.5047 
        H199  1 0.2909 0.2425 0.4666 
        H200  1 0.3463 0.3739 0.2798 
        H414  1 0.3072 0.2831 0.4097 
        H415  1 0.4481 0.2293 0.3225 
        H422  1 0.2748 0.3791 0.3461 
        H423  1 0.2008 0.5997 0.1995 
        H424  1 0.3397 0.2173 0.4430 
        H425  1 0.3341 0.2228 0.4430 
        H426  1 0.1961 0.2627 0.5413 
        H443  1 0.3770 0.2430 0.3800 
        H466  1 0.3266 0.3529 0.3205 
        H467  1 0.2302 0.5290 0.2408 
        H472  1 0.3667 0.3275 0.3058 
        H483  1 0.4595 0.2371 0.3034 
        H504  1 0.3052 0.2119 0.4829 
        H505  1 0.3277 0.3946 0.2777 
        H506  1 0.3406 0.3184 0.3410 
        H507  1 0.4174 0.1696 0.4129 
        H508  1 0.2517 0.3886 0.3597 
        H524  1 0.4540 0.2098 0.3363 
        H525  1 0.3628 0.2668 0.3704 
        H526  1 0.5413 0.2243 0.2344 
        H527  1 0.2831 0.4316 0.2853 
        H528  1 0.4079 0.2009 0.3912 
        H529  1 0.4091 0.1893 0.4017 
        H533  1 0.3614 0.1899 0.4487 
        H538  1 0.4025 0.3208 0.2766 
        H539  1 0.2534 0.2983 0.4483 
        H540  1 0.3618 0.3112 0.3270 
        H541  1 0.4842 0.2650 0.2509 
        H558  1 0.2122 0.2540 0.5338 
        H559  1 0.4169 0.3087 0.2744 
        H579  1 0.3195 0.2377 0.4428 
        H584  1 0.2956 0.2454 0.4590 
        H585  1 0.3388 0.2569 0.4043 
        H605  1 0.3099 0.3962 0.2939 
        H606  1 0.3060 0.4955 0.1985 
        H632  1 0.3298 0.2417 0.4285 
        H634  1 0.3236 0.2800 0.3964 
        H671  1 0.2661 0.5116 0.2223 
        H672  1 0.3946 0.2903 0.3151 
        H673  1 0.3616 0.2781 0.3603 
        H689  1 0.4115 0.2351 0.3534 
        H690  1 0.3667 0.4020 0.2314 
        H691  1 0.4958 0.2670 0.2372 
        H692  1 0.3862 0.1366 0.4772 
        H709  1 0.3317 0.3026 0.3657 
        H710  1 0.3263 0.1786 0.4951 
       H7355  1 0.5293 0.2018 0.2689 
       H7356  1 0.2913 0.3105 0.3982 
       H7357  1 0.3735 0.3796 0.2469 
       H7358  1 0.4641 0.2419 0.2940 
       H7380  1 0.4010 0.2592 0.3397 
       H7381  1 0.2250 0.4500 0.3249 
       H7382  1 0.3883 0.2643 0.3473 
        H904  1 0.2419 0.5988 0.1593 
        H923  1 0.3463 0.3493 0.3044 
        H924  1 0.3402 0.3881 0.2717 
        H925  1 0.5232 0.2337 0.2431 
       H9558  1 0.2000 0.2237 0.5764 
        H008  2 0.4476 0.1880 0.3645 
        H021  2 0.3402 0.4158 0.2440 
        H023  2 0.3249 0.4376 0.2374 
        H024  2 0.3282 0.1934 0.4783 
        H025  2 0.2242 0.4254 0.3504 
        H026  2 0.3262 0.2018 0.4720 
        H027  2 0.4843 0.2622 0.2534 
        H028  2 0.3491 0.2517 0.3992 
        H029  2 0.4567 0.2096 0.3336 
        H030  2 0.3039 0.1944 0.5017 
        H038  2 0.2731 0.4468 0.2801 
        H039  2 0.1554 0.6955 0.1491 
        H040  2 0.2513 0.4643 0.2844 
        H041  2 0.4993 0.2443 0.2564 
        H042  2 0.3428 0.3496 0.3076 
        H043  2 0.1711 0.5385 0.2904 
        H044  2 0.2662 0.2318 0.5021 
        H047  2 0.2327 0.4027 0.3646 
        H050  2 0.3221 0.2365 0.4415 
        H058  2 0.2409 0.3999 0.3592 
        H062  2 0.3489 0.4077 0.2434 
        H063  2 0.2908 0.4576 0.2516 
        H065  2 0.2571 0.3395 0.4033 
        H066  2 0.2680 0.2906 0.4414 
        H067  2 0.4571 0.2480 0.2949 
        H068  2 0.2240 0.4866 0.2894 
        H069  2 0.2933 0.2906 0.4161 
        H071  2 0.3125 0.4272 0.2603 
        H072  2 0.2560 0.5228 0.2213 
        H073  2 0.3937 0.2495 0.3567 
        H081  2 0.4738 0.3050 0.2211 
        H082  2 0.3115 0.2017 0.4868 
        H083  2 0.2752 0.2153 0.5095 
        H084  2 0.3181 0.3472 0.3347 
        H085  2 0.5346 0.2367 0.2287 
        H087  2 0.4871 0.2822 0.2307 
        H088  2 0.3392 0.4191 0.2416 
        H089  2 0.5037 0.2476 0.2487 
        H090  2 0.3987 0.2157 0.3856 
        H091  2 0.5211 0.1795 0.2994 
        H098  2 0.3843 0.2642 0.3515 
      H10001  2 0.1561 0.6950 0.1489 
      H10002  2 0.3423 0.4329 0.2249 
        H101  2 0.3057 0.2306 0.4637 
        H108  2 0.3408 0.4615 0.1977 
        H109  2 0.2968 0.3570 0.3462 
        H110  2 0.5109 0.2281 0.2609 
        H116  2 0.3213 0.2325 0.4461 
        H117  2 0.5374 0.2049 0.2577 
        H118  2 0.4512 0.1744 0.3744 
        H119  2 0.3864 0.3663 0.2473 
        H120  2 0.2646 0.5549 0.1805 
        H121  2 0.4856 0.1939 0.3205 
        H125  2 0.1697 0.6745 0.1558 
        H126  2 0.2648 0.2696 0.4656 
        H128  2 0.3885 0.1165 0.4950 
        H129  2 0.2542 0.2008 0.5451 
        H130  2 0.1609 0.4895 0.3496 
        H133  2 0.2042 0.5424 0.2534 
        H134  2 0.2246 0.1839 0.5915 
        H135  2 0.4289 0.3051 0.2660 
        H137  2 0.3426 0.3099 0.3475 
        H138  2 0.2563 0.2240 0.5197 
        H140  2 0.3632 0.3018 0.3351 
        H146  2 0.4114 0.2355 0.3531 
        H147  2 0.4926 0.2252 0.2822 
        H148  2 0.5420 0.2357 0.2223 
     H166022  2 0.4118 0.2077 0.3805 
     H167359  2 0.3425 0.2957 0.3618 
     H167397  2 0.4510 0.1340 0.4150 
     H167428  2 0.5499 0.1414 0.3087 
     H167496  2 0.3400 0.4734 0.1866 
     H167513  2 0.2366 0.3613 0.4020 
     H167545  2 0.2734 0.2139 0.5127 
     H167547  2 0.2656 0.1854 0.5490 
     H169621  2 0.3644 0.2190 0.4166 
     H169622  2 0.3894 0.2347 0.3759 
     H169750  2 0.2006 0.4002 0.3992 
     H171806  2 0.3359 0.3523 0.3118 
     H171808  2 0.3840 0.2939 0.3221 
     H171809  2 0.4049 0.3349 0.2602 
     H171813  2 0.2525 0.3521 0.3954 
     H171815  2 0.2010 0.5534 0.2456 
     H171824  2 0.4107 0.4098 0.1795 
     H171825  2 0.3614 0.2709 0.3677 
     H171826  2 0.3982 0.3503 0.2515 
     H171827  2 0.3211 0.3578 0.3210 
     H171828  2 0.2602 0.5834 0.1565 
     H171829  2 0.2353 0.3324 0.4324 
     H171830  2 0.3394 0.3165 0.3441 
     H171831  2 0.3288 0.1873 0.4839 
     H171832  2 0.2831 0.2656 0.4513 
     H171863  2 0.2729 0.1719 0.5552 
     H171864  2 0.4342 0.2847 0.2810 
     H171865  2 0.2488 0.4857 0.2655 
     H171879  2 0.3747 0.2770 0.3483 
     H171880  2 0.4048 0.2372 0.3580 
     H171881  2 0.4255 0.2709 0.3036 
     H171882  2 0.1989 0.6123 0.1888 
     H171929  2 0.4243 0.2803 0.2954 
     H171930  2 0.2770 0.1837 0.5392 
     H171933  2 0.3709 0.2861 0.3430 
     H171934  2 0.4439 0.2880 0.2682 
     H171937  2 0.2512 0.2452 0.5036 
     H171962  2 0.3954 0.2561 0.3484 
        H190  2 0.3431 0.2622 0.3947 
        H191  2 0.3284 0.3350 0.3366 
        H396  2 0.4352 0.3165 0.2483 
        H397  2 0.3411 0.2784 0.3805 
        H398  2 0.2910 0.3664 0.3426 
        H400  2 0.4323 0.2947 0.2730 
        H401  2 0.3296 0.1505 0.5200 
        H402  2 0.4159 0.2195 0.3646 
        H427  2 0.4760 0.2772 0.2468 
        H428  2 0.5598 0.1407 0.2994 
        H497  2 0.2347 0.4278 0.3375 
        H512  2 0.3761 0.2949 0.3290 
        H513  2 0.2301 0.3592 0.4107 
        H514  2 0.2569 0.2662 0.4769 
        H519  2 0.2541 0.3558 0.3901 
        H532  2 0.5385 0.2106 0.2509 
        H543  2 0.4281 0.2227 0.3492 
        H544  2 0.2244 0.3180 0.4576 
        H545  2 0.2512 0.1914 0.5574 
        H546  2 0.2397 0.4755 0.2848 
        H547  2 0.2680 0.1852 0.5467 
        H548  2 0.4509 0.2677 0.2814 
        H549  2 0.2538 0.3381 0.4082 
        H620  2 0.2179 0.6064 0.1756 
        H623  2 0.2532 0.2465 0.5003 
        H624  2 0.1771 0.4353 0.3876 
        H625  2 0.4124 0.2633 0.3244 
        H626  2 0.3570 0.3196 0.3234 
        H654  2 0.1526 0.6690 0.1783 
        H655  2 0.2457 0.4318 0.3225 
        H656  2 0.2455 0.5720 0.1825 
        H666  2 0.1842 0.6044 0.2114 
        H667  2 0.4110 0.2744 0.3145 
        H677  2 0.4092 0.2766 0.3142 
        H693  2 0.3251 0.4891 0.1858 
        H694  2 0.2751 0.2479 0.4769 
        H701  2 0.3745 0.2315 0.3940 
        H702  2 0.3081 0.3925 0.2994 
        H731  2 0.3493 0.4007 0.2499 
       H7359  2 0.3426 0.3001 0.3573 
       H7389  2 0.3927 0.2662 0.3411 
       H7390  2 0.2245 0.5499 0.2256 
       H7391  2 0.5932 0.2199 0.1870 
       H7392  2 0.2927 0.3632 0.3441 
       H7393  2 0.2957 0.4091 0.2952 
       H7398  2 0.4897 0.2677 0.2426 
       H7399  2 0.4042 0.2263 0.3696 
       H7400  2 0.1756 0.6385 0.1859 
        H745  2 0.2399 0.2100 0.5501 
        H746  2 0.3726 0.2346 0.3927 
        H747  2 0.2591 0.4850 0.2559 
        H748  2 0.3144 0.3186 0.3670 
       H7484  2 0.2352 0.5388 0.2260 
       H7485  2 0.2902 0.2831 0.4268 
        H749  2 0.3709 0.2357 0.3934 
        H930  2 0.3071 0.1964 0.4965 
        H931  2 0.4271 0.2879 0.2850 
        H932  2 0.3624 0.3296 0.3080 
        H111  3 0.2563 0.2217 0.5220 
        H951  3 0.3613 0.2233 0.4154 
        H952  3 0.3090 0.2959 0.3951 
        H953  3 0.5465 0.2074 0.2461 
        H954  3 0.2290 0.5193 0.2518 
        H955  3 0.3084 0.2080 0.4837 
        H956  3 0.3847 0.3449 0.2704 
       H9563  3 0.3875 0.3568 0.2556 
        H002  4 0.1918 0.4784 0.3299 
        H003  4 0.4326 0.2208 0.3466 
        H009  4 0.2613 0.2601 0.4785 
        H010  4 0.4244 0.2860 0.2896 
        H011  4 0.2503 0.5549 0.1948 
        H012  4 0.4762 0.2287 0.2951 
        H013  4 0.3731 0.3698 0.2571 
        H014  4 0.2871 0.3231 0.3898 
        H045  4 0.4130 0.3711 0.2160 
        H046  4 0.3804 0.2219 0.3977 
        H051  4 0.3320 0.4359 0.2321 
        H052  4 0.2272 0.4487 0.3242 
        H053  4 0.3139 0.3916 0.2945 
        H056  4 0.2168 0.4933 0.2899 
        H076  4 0.3825 0.2076 0.4099 
        H151  4 0.1759 0.5810 0.2431 
        H152  4 0.2229 0.4548 0.3222 
     H171803  4 0.2761 0.4633 0.2606 
     H171804  4 0.3242 0.4066 0.2692 
     H171833  4 0.2405 0.2219 0.5376 
     H171855  4 0.1839 0.5294 0.2868 
     H171856  4 0.3239 0.3655 0.3106 
     H171857  4 0.2302 0.4658 0.3040 
     H171858  4 0.3416 0.3242 0.3342 
     H171859  4 0.3413 0.3609 0.2978 
     H171961  4 0.3108 0.4492 0.2400 
        H198  4 0.4196 0.1745 0.4059 
      H20001  4 0.2025 0.2507 0.5469 
        H403  4 0.2921 0.3724 0.3356 
        H404  4 0.4603 0.2290 0.3107 
        H405  4 0.4255 0.2134 0.3611 
        H406  4 0.2225 0.2830 0.4945 
        H407  4 0.3935 0.3601 0.2464 
        H410  4 0.5048 0.1825 0.3127 
        H411  4 0.2320 0.2462 0.5218 
        H468  4 0.1925 0.3067 0.5008 
        H476  4 0.2325 0.3728 0.3948 
        H477  4 0.2350 0.2288 0.5362 
        H478  4 0.3915 0.2484 0.3601 
        H479  4 0.3569 0.3977 0.2453 
        H480  4 0.2525 0.2126 0.5349 
        H498  4 0.3121 0.2903 0.3975 
        H499  4 0.3210 0.3315 0.3475 
        H500  4 0.3126 0.4787 0.2087 
        H515  4 0.2995 0.4023 0.2982 
        H516  4 0.2607 0.3453 0.3939 
        H517  4 0.3716 0.2936 0.3348 
        H518  4 0.2113 0.4170 0.3717 
        H520  4 0.2485 0.4524 0.2991 
        H521  4 0.3788 0.2869 0.3344 
        H522  4 0.2825 0.3784 0.3391 
        H523  4 0.2927 0.3606 0.3467 
        H536  4 0.4151 0.2714 0.3135 
        H645  4 0.4635 0.3457 0.1908 
        H646  4 0.3487 0.2075 0.4437 
        H647  4 0.3263 0.3003 0.3734 
        H657  4 0.3925 0.2226 0.3849 
        H658  4 0.3301 0.3487 0.3212 
        H659  4 0.1720 0.6292 0.1988 
        H660  4 0.2817 0.3858 0.3324 
        H661  4 0.2203 0.4821 0.2976 
        H668  4 0.4652 0.2294 0.3054 
        H669  4 0.4182 0.3313 0.2505 
        H670  4 0.4375 0.3606 0.2018 
        H678  4 0.3453 0.3110 0.3438 
        H679  4 0.3899 0.2167 0.3935 
        H680  4 0.2737 0.3167 0.4096 
        H681  4 0.3673 0.3790 0.2537 
        H682  4 0.4218 0.2568 0.3214 
        H683  4 0.2074 0.4153 0.3773 
        H718  4 0.2601 0.5059 0.2340 
        H719  4 0.3581 0.3756 0.2663 
        H720  4 0.2249 0.4220 0.3530 
        H721  4 0.2231 0.3960 0.3809 
        H722  4 0.1865 0.4056 0.4079 
        H723  4 0.3659 0.4206 0.2136 
        H724  4 0.2324 0.5691 0.1984 
        H725  4 0.1925 0.5542 0.2533 
        H726  4 0.2633 0.4654 0.2713 
        H727  4 0.3470 0.4222 0.2308 
        H910  4 0.3264 0.4122 0.2614 
        H911  4 0.3789 0.2385 0.3826 
        H912  4 0.2704 0.3485 0.3812 
        H913  4 0.3085 0.4064 0.2851 
        H914  4 0.3578 0.4631 0.1790 
        H915  4 0.3023 0.3515 0.3461 
        H916  4 0.2268 0.3054 0.4678 
       H9572  4 0.2532 0.4170 0.3298 
        H015  5 0.2508 0.2404 0.5089 
        H016  5 0.3151 0.2314 0.4535 
        H017  5 0.1974 0.3569 0.4456 
        H019  5 0.2985 0.2795 0.4221 
        H020  5 0.3520 0.3636 0.2843 
        H032  5 0.2899 0.3647 0.3454 
        H033  5 0.4060 0.2582 0.3359 
        H034  5 0.3274 0.4547 0.2178 
        H035  5 0.3340 0.3109 0.3551 
        H036  5 0.3415 0.2637 0.3949 
        H037  5 0.2910 0.4481 0.2609 
        H048  5 0.3211 0.4699 0.2090 
        H049  5 0.2284 0.2940 0.4776 
        H054  5 0.3677 0.3192 0.3131 
        H055  5 0.3261 0.4122 0.2617 
        H057  5 0.2103 0.3336 0.4561 
        H060  5 0.2553 0.4306 0.3140 
        H061  5 0.4048 0.2651 0.3301 
        H064  5 0.3010 0.3949 0.3041 
        H070  5 0.3537 0.3862 0.2601 
        H077  5 0.2129 0.5288 0.2582 
        H078  5 0.2309 0.4414 0.3277 
        H079  5 0.5341 0.1990 0.2669 
        H097  5 0.1735 0.3678 0.4587 
        H107  5 0.2398 0.5946 0.1656 
        H122  5 0.2796 0.3082 0.4122 
        H123  5 0.3993 0.2165 0.3841 
        H124  5 0.4595 0.2108 0.3298 
        H131  5 0.3944 0.2489 0.3567 
        H132  5 0.3619 0.3667 0.2714 
        H141  5 0.3090 0.4114 0.2797 
        H142  5 0.3439 0.2217 0.4344 
        H157  5 0.2668 0.4999 0.2333 
        H158  5 0.2688 0.2089 0.5223 
        H159  5 0.3034 0.2308 0.4658 
        H160  5 0.3032 0.3183 0.3785 
        H163  5 0.3228 0.2560 0.4211 
        H164  5 0.3486 0.2741 0.3773 
        H165  5 0.5302 0.2024 0.2674 
        H166  5 0.3228 0.2647 0.4125 
        H169  5 0.3629 0.2929 0.3442 
     H169613  5 0.2671 0.3486 0.3843 
     H169653  5 0.3325 0.2463 0.4211 
     H169728  5 0.2957 0.2755 0.4288 
     H169742  5 0.4516 0.3287 0.2197 
        H170  5 0.2178 0.3065 0.4757 
        H171  5 0.2357 0.2614 0.5029 
     H171851  5 0.2868 0.3272 0.3860 
     H171852  5 0.2664 0.4225 0.3111 
     H171853  5 0.3345 0.3943 0.2712 
     H171854  5 0.2860 0.3034 0.4107 
     H171938  5 0.4674 0.2923 0.2403 
     H171939  5 0.3567 0.2304 0.4129 
     H171941  5 0.2630 0.5177 0.2194 
     H171965  5 0.3288 0.2455 0.4256 
     H171970  5 0.2080 0.5915 0.2005 
     H171973  5 0.5100 0.2174 0.2726 
     H171974  5 0.4268 0.3216 0.2516 
     H171975  5 0.3461 0.3716 0.2823 
     H171976  5 0.1995 0.3182 0.4822 
        H175  5 0.3419 0.4417 0.2163 
        H178  5 0.3176 0.3685 0.3139 
        H189  5 0.3581 0.1947 0.4472 
        H399  5 0.2268 0.2893 0.4839 
        H416  5 0.3898 0.3291 0.2811 
        H438  5 0.4417 0.3013 0.2570 
        H450  5 0.2303 0.5107 0.2590 
        H455  5 0.2574 0.5501 0.1924 
        H456  5 0.4332 0.3070 0.2598 
        H457  5 0.2054 0.4543 0.3403 
        H458  5 0.3135 0.4198 0.2667 
        H459  5 0.3792 0.2043 0.4166 
        H460  5 0.2979 0.3545 0.3476 
        H461  5 0.2258 0.3016 0.4726 
        H462  5 0.3812 0.2617 0.3570 
        H469  5 0.4212 0.2180 0.3607 
        H470  5 0.2999 0.3710 0.3291 
        H471  5 0.2728 0.2050 0.5222 
        H481  5 0.2305 0.5721 0.1974 
        H482  5 0.2878 0.4320 0.2802 
        H501  5 0.3631 0.3275 0.3094 
        H502  5 0.3050 0.2054 0.4896 
        H503  5 0.3002 0.2734 0.4265 
        H509  5 0.2896 0.4705 0.2399 
        H510  5 0.2928 0.3339 0.3733 
        H511  5 0.3379 0.2511 0.4110 
        H530  5 0.4074 0.3516 0.2410 
        H531  5 0.2479 0.4807 0.2714 
        H564  5 0.2997 0.3995 0.3008 
        H565  5 0.2200 0.5203 0.2598 
        H567  5 0.4178 0.1835 0.3987 
     H568???  5 0.2865 0.2360 0.4775 
        H608  5 0.2458 0.5040 0.2501 
        H609  5 0.4882 0.2780 0.2338 
        H612  5 0.3083 0.5262 0.1655 
        H614  5 0.2274 0.5107 0.2620 
        H615  5 0.2286 0.4615 0.3099 
        H616  5 0.2701 0.5784 0.1515 
        H617  5 0.4424 0.2049 0.3526 
        H618  5 0.2805 0.4865 0.2330 
        H619  5 0.5109 0.2477 0.2414 
        H635  5 0.3367 0.3133 0.3500 
        H636  5 0.5170 0.2420 0.2410 
        H637  5 0.3601 0.3749 0.2649 
        H644  5 0.2577 0.1474 0.5949 
        H711  5 0.2481 0.2771 0.4748 
        H712  5 0.4018 0.3889 0.2093 
       H7360  5 0.2617 0.3657 0.3726 
       H7361  5 0.2569 0.4729 0.2702 
       H7362  5 0.2941 0.1630 0.5429 
       H7363  5 0.2540 0.4016 0.3445 
       H7394  5 0.3169 0.2245 0.4586 
       H7395  5 0.3500 0.3456 0.3044 
       H7396  5 0.3491 0.3050 0.3460 
        H742  5 0.4445 0.3327 0.2228 
        H743  5 0.3948 0.3343 0.2710 
        H744  5 0.3182 0.5005 0.1813 
        H957  5 0.2374 0.3235 0.4392 
        H958  5 0.3536 0.2764 0.3700 
        H959  5 0.3108 0.4844 0.2048 
        H960  5 0.4071 0.3021 0.2908 
      H_PALI  6 0.2984 0.3063 0.3953 
        H581  6 0.2798 0.3819 0.3384 
        H582  6 0.1834 0.5566 0.2601 
        H583  6 0.3222 0.3635 0.3143 
        H595  6 0.3207 0.1883 0.4910 
        H596  6 0.3597 0.1944 0.4459 
        H597  6 0.3312 0.2140 0.4548 
        H598  6 0.3627 0.3508 0.2865 
        H599  6 0.3089 0.4293 0.2618 
        H642  6 0.2346 0.2466 0.5188 
        H643  6 0.4201 0.3026 0.2774 
        H664  6 0.1684 0.5212 0.3104 
        H665  6 0.4893 0.2753 0.2354 
        H674  6 0.2632 0.1800 0.5567 
        H675  6 0.2574 0.4165 0.3261 
        H676  6 0.2626 0.2452 0.4921 
        H686  6 0.2942 0.3080 0.3978 
        H687  6 0.2761 0.3271 0.3968 
        H917  6 0.4862 0.1988 0.3150 
        H918  6 0.4572 0.2765 0.2663 
        H919  6 0.3147 0.4980 0.1873 
        H920  6 0.2524 0.4511 0.2966 
        H631  7 0.2706 0.4486 0.2809 
        H684  7 0.2571 0.2094 0.5335 
        H685  7 0.2322 0.4953 0.2724 
        H713  7 0.2285 0.5477 0.2238 
        H715  7 0.2587 0.2512 0.4901 
        H716  7 0.3128 0.4159 0.2713 
        H717  7 0.3191 0.4031 0.2778 
        H729  7 0.5313 0.1830 0.2857 
        H730  7 0.4793 0.3032 0.2175 
        H431  8 0.3302 0.4087 0.2611 
        H432  8 0.3040 0.1982 0.4977 
        H433  8 0.4155 0.2553 0.3293 
        H434  8 0.3678 0.2776 0.3546 
        H444  8 0.4307 0.2735 0.2959 
        H454  8 0.2660 0.5087 0.2253 
        H475  8 0.2050 0.5567 0.2383 
        H491  8 0.2731 0.4338 0.2931 
        H492  8 0.2762 0.4577 0.2661 
        H493  8 0.2959 0.2806 0.4235 
        H494  8 0.3302 0.3678 0.3020 
        H495  8 0.1713 0.5183 0.3104 
        H662  8 0.3115 0.2877 0.4008 
        H663  8 0.3596 0.3262 0.3142 
        H695  8 0.3872 0.3535 0.2592 
       H7367  8 0.4403 0.1994 0.3603 
       H7368  8 0.3616 0.2366 0.4018 
       H7369  8 0.4322 0.2964 0.2714 
       H7370  8 0.3709 0.1821 0.4470 
       H7371  8 0.4224 0.2750 0.3026 
        H600  9 0.2832 0.4553 0.2615 
        H648  9 0.2764 0.3310 0.3926 
        H696  9 0.2667 0.1693 0.5640 
        H697  9 0.4043 0.2883 0.3074 
        H698  9 0.4075 0.2473 0.3452 
        H699  9 0.3492 0.2998 0.3510 
        H700  9 0.2909 0.4773 0.2318 
        H732  9 0.2059 0.5084 0.2857 
        H733  9 0.4315 0.2189 0.3496 
        H734  9 0.2995 0.2023 0.4983 
        H735  9 0.3132 0.2672 0.4196 
        H736  9 0.3111 0.3653 0.3236 
        H737  9 0.3958 0.3502 0.2540 
        H905  9 0.3429 0.4112 0.2459 
        H921  9 0.3795 0.3749 0.2456 
        H922  9 0.3969 0.1909 0.4122 
     H169705 10 0.3862 0.2640 0.3498 
     H171942 10 0.3181 0.1969 0.4850 
     H171943 10 0.2823 0.3105 0.4072 
     H171944 10 0.3901 0.3149 0.2951 
     H171946 10 0.2136 0.4597 0.3266 
     H171947 10 0.3648 0.2652 0.3699 
     H229641 10 0.2980 0.3360 0.3660 
      H30001 10 0.3554 0.3436 0.3009 
      H30002 10 0.4000 0.3167 0.2833 
      H30005 10 0.3698 0.2670 0.3632 
      H30006 10 0.3683 0.2475 0.3842 
      H30007 10 0.2648 0.1975 0.5376 
        H451 10 0.3659 0.2250 0.4090 
        H452 10 0.3708 0.2643 0.3649 
        H453 10 0.2116 0.5109 0.2775 
        H473 10 0.3253 0.3862 0.2884 
        H474 10 0.1594 0.5869 0.2538 
        H486 10 0.3234 0.4049 0.2717 
        H487 10 0.3121 0.4262 0.2617 
        H488 10 0.4197 0.3454 0.2349 
        H489 10 0.2793 0.4935 0.2271 
        H550 10 0.2517 0.2477 0.5006 
        H551 10 0.4300 0.3227 0.2473 
        H553 10 0.2869 0.4469 0.2663 
        H554 10 0.3198 0.2674 0.4128 
        H556 10 0.3087 0.3376 0.3538 
        H580 10 0.4031 0.2656 0.3313 
        H591 10 0.2534 0.5644 0.1822 
        H592 10 0.3131 0.4007 0.2861 
        H593 10 0.3200 0.3090 0.3710 
        H594 10 0.3645 0.1604 0.4751 
        H627 10 0.2310 0.3687 0.4003 
        H628 10 0.5565 0.1614 0.2821 
        H629 10 0.2350 0.3537 0.4113 
        H630 10 0.2732 0.3361 0.3907 
        H638 10 0.3460 0.2675 0.3865 
        H639 10 0.2115 0.4772 0.3112 
        H640 10 0.3094 0.2444 0.4462 
        H704 10 0.3208 0.2443 0.4349 
        H705 10 0.3967 0.2634 0.3399 
        H706 10 0.3845 0.4211 0.1943 
        H708 10 0.2498 0.5243 0.2259 
       H7351 10 0.3014 0.3265 0.3721 
       H7352 10 0.3326 0.3375 0.3300 
       H7353 10 0.2622 0.2248 0.5130 
       H7354 10 0.3174 0.4287 0.2538 
       H7365 10 0.2506 0.5397 0.2096 
       H7383 10 0.3487 0.4128 0.2385 
       H7384 10 0.3785 0.3691 0.2524 
       H7385 10 0.2831 0.4672 0.2497 
       H7386 10 0.4084 0.2939 0.2977 
       H7387 10 0.3763 0.2854 0.3383 
       H7388 10 0.4412 0.2709 0.2879 
        H906 10 0.2511 0.4296 0.3193 
        H907 10 0.3000 0.2314 0.4686 
        H908 10 0.3463 0.3306 0.3231 
        H909 10 0.3904 0.3409 0.2687 
       H9552 10 0.3544 0.3011 0.3445 
       H9553 10 0.3585 0.3614 0.2801 
       H9555 10 0.4480 0.2557 0.2963 
       H9575 10 0.2267 0.4666 0.3068 
       H9703 10 0.2608 0.5302 0.2090 
       H9707 10 0.2641 0.4649 0.2710 
       HSAA4 10 0.3981 0.2655 0.3364 
        H001 11 0.3664 0.3527 0.2809 
        H004 11 0.3421 0.3165 0.3414 
        H005 11 0.2759 0.5253 0.1987 
        H006 11 0.3584 0.3436 0.2980 
        H007 11 0.3401 0.4646 0.1953 
        H031 11 0.2666 0.5488 0.1846 
        H074 11 0.2001 0.5118 0.2881 
        H075 11 0.3302 0.4877 0.1820 
        H080 11 0.3073 0.4603 0.2324 
        H086 11 0.3756 0.3158 0.3086 
        H092 11 0.3154 0.4174 0.2671 
        H093 11 0.3350 0.1783 0.4867 
        H094 11 0.2684 0.2752 0.4563 
        H095 11 0.3131 0.4504 0.2365 
        H096 11 0.3980 0.3835 0.2185 
        H099 11 0.2946 0.4237 0.2817 
        H100 11 0.4077 0.2050 0.3873 
        H127 11 0.3604 0.3735 0.2660 
        H136 11 0.2363 0.5237 0.2400 
        H153 11 0.2639 0.3075 0.4286 
        H154 11 0.2180 0.5184 0.2635 
        H155 11 0.5432 0.1828 0.2740 
        H156 11 0.5342 0.1513 0.3145 
        H161 11 0.2953 0.2968 0.4079 
        H162 11 0.3482 0.2150 0.4367 
        H167 11 0.4116 0.2483 0.3401 
        H168 11 0.4020 0.2900 0.3079 
     H169586 11 0.1851 0.4083 0.4066 
     H169738 11 0.5357 0.1983 0.2660 
     H169741 11 0.2533 0.4509 0.2958 
     H171801 11 0.2869 0.2555 0.4575 
     H171810 11 0.2136 0.4920 0.2944 
     H171811 11 0.2032 0.5092 0.2876 
     H171812 11 0.4509 0.3429 0.2062 
     H171820 11 0.2381 0.5020 0.2599 
     H171821 11 0.4088 0.2488 0.3423 
     H171822 11 0.3637 0.2989 0.3374 
     H171823 11 0.1570 0.4777 0.3652 
     H171866 11 0.4080 0.2335 0.3585 
     H171867 11 0.5043 0.2222 0.2735 
     H171967 11 0.3395 0.4416 0.2189 
     H171969 11 0.3581 0.3188 0.3231 
        H172 11 0.4350 0.2825 0.2824 
        H173 11 0.5082 0.2659 0.2258 
        H174 11 0.2937 0.1926 0.5137 
        H196 11 0.5146 0.2020 0.2834 
        H197 11 0.4406 0.2456 0.3138 
        H346 11 0.3828 0.3484 0.2688 
        H355 11 0.3561 0.3934 0.2505 
        H356 11 0.3477 0.3644 0.2878 
        H357 11 0.3213 0.4422 0.2365 
        H358 11 0.4611 0.3109 0.2279 
        H359 11 0.3038 0.3506 0.3455 
        H360 11 0.4036 0.3105 0.2858 
        H361 11 0.4312 0.2700 0.2989 
        H362 11 0.3743 0.1791 0.4467 
        H363 11 0.2919 0.4853 0.2228 
        H364 11 0.3340 0.3252 0.3408 
        H365 11 0.4744 0.2594 0.2662 
        H366 11 0.4862 0.2257 0.2881 
        H367 11 0.2216 0.5275 0.2509 
        H368 11 0.2536 0.2544 0.4920 
        H369 11 0.2822 0.5180 0.1997 
        H370 11 0.3727 0.2500 0.3773 
        H371 11 0.3069 0.3099 0.3832 
        H372 11 0.4243 0.2714 0.3043 
        H373 11 0.3335 0.3274 0.3391 
        H374 11 0.3430 0.4056 0.2514 
        H375 11 0.3734 0.3801 0.2465 
        H376 11 0.3694 0.2438 0.3868 
        H377 11 0.3330 0.3692 0.2977 
        H378 11 0.2815 0.3931 0.3255 
        H379 11 0.2896 0.3223 0.3882 
        H380 11 0.4986 0.2002 0.3013 
        H381 11 0.1960 0.5002 0.3038 
        H382 11 0.4036 0.1697 0.4268 
        H383 11 0.4177 0.2032 0.3792 
        H384 11 0.3089 0.4262 0.2649 
        H385 11 0.2702 0.4219 0.3079 
        H386 11 0.5118 0.2529 0.2353 
        H387 11 0.2108 0.3104 0.4789 
        H388 11 0.5422 0.1851 0.2728 
        H389 11 0.4314 0.3256 0.2430 
        H390 11 0.3678 0.2899 0.3422 
        H391 11 0.3244 0.2555 0.4202 
        H392 11 0.3054 0.4881 0.2065 
        H393 11 0.3363 0.2163 0.4475 
        H394 11 0.2416 0.2176 0.5409 
        H395 11 0.3433 0.4443 0.2124 
        H408 11 0.4528 0.3248 0.2224 
        H412 11 0.1432 0.5512 0.3056 
        H417 11 0.3626 0.3642 0.2732 
        H418 11 0.2291 0.3652 0.4057 
        H429 11 0.4181 0.2705 0.3114 
        H430 11 0.4490 0.2295 0.3214 
        H439 11 0.3751 0.3399 0.2850 
        H440 11 0.2483 0.5324 0.2193 
        H441 11 0.3850 0.2470 0.3679 
        H442 11 0.4320 0.2510 0.3170 
        H446 11 0.3233 0.3024 0.3743 
        H447 11 0.4862 0.2126 0.3013 
        H448 11 0.5078 0.2602 0.2320 
        H534 11 0.1935 0.5622 0.2443 
        H537 11 0.2152 0.5046 0.2802 
        H568 11 0.1932 0.6097 0.1971 
        H569 11 0.4908 0.1639 0.3453 
        H586 11 0.1781 0.4084 0.4135 
        H587 11 0.2332 0.5637 0.2031 
        H588 11 0.2832 0.2120 0.5048 
        H589 11 0.2562 0.5345 0.2093 
        H590 11 0.2685 0.4571 0.2743 
        H601 11 0.4019 0.1966 0.4015 
        H602 11 0.3318 0.3924 0.2758 
        H603 11 0.4596 0.2229 0.3175 
        H610 11 0.3427 0.3848 0.2725 
        H611 11 0.2446 0.4315 0.3239 
        H649 11 0.2979 0.3388 0.3633 
        H650 11 0.2530 0.2366 0.5104 
        H651 11 0.4812 0.2720 0.2468 
        H652 11 0.2558 0.3410 0.4033 
       H7364 11 0.4209 0.2702 0.3089 
       H7366 11 0.4312 0.3354 0.2334 
       H7378 11 0.2213 0.1355 0.6432 
       H7379 11 0.3816 0.3093 0.3091 
        H739 11 0.2716 0.4548 0.2736 
        H740 11 0.2888 0.2645 0.4466 
        H741 11 0.2714 0.4478 0.2809 
        H926 11 0.2737 0.2725 0.4538 
        H927 11 0.4798 0.2339 0.2863 
        H928 11 0.3028 0.3120 0.3852 
       H9560 11 0.2857 0.2928 0.4216 
        H409 12 0.4475 0.2240 0.3285 
        H413 12 0.2171 0.2345 0.5484 
        H419 12 0.4577 0.2678 0.2745 
        H420 12 0.3273 0.3888 0.2838 
        H421 12 0.3899 0.1815 0.4285 
        H435 12 0.3375 0.2271 0.4354 
        H436 12 0.4443 0.3321 0.2236 
        H437 12 0.2232 0.4846 0.2923 
        H445 12 0.5019 0.2259 0.2723 
        H449 12 0.3188 0.2687 0.4125 
        H463 12 0.2499 0.4465 0.3035 
        H464 12 0.2656 0.2071 0.5273 
        H465 12 0.1875 0.3248 0.4877 
        H490 12 0.2844 0.2138 0.5019 
        H561 12 0.3286 0.3086 0.3628 
        H562 12 0.4697 0.3034 0.2269 
        H563 12 0.3794 0.3625 0.2581 
        H570 12 0.3459 0.4392 0.2149 
        H571 12 0.2250 0.3408 0.4343 
        H572 12 0.2765 0.4199 0.3036 
        H573 12 0.4930 0.2121 0.2949 
       H7372 12 0.5332 0.1561 0.3107 
       H7373 12 0.2276 0.2171 0.5553 
       H7374 12 0.3126 0.4263 0.2611 
       H7375 12 0.3514 0.4044 0.2443 
       H7376 12 0.5694 0.1886 0.2420 
       H7377 12 0.2785 0.4372 0.2842 
