        H102  1 0.0774 0.0641 0.2081 0.0746 0.0374 0.0725 0.4660 
        H103  1 0.1582 0.4005 0.1188 0.0414 0.0580 0.0829 0.1402 
        H104  1 0.0940 0.0848 0.1191 0.2343 0.2155 0.1421 0.1102 
        H105  1 0.1419 0.1356 0.1276 0.1752 0.0959 0.1223 0.2015 
        H106  1 0.1493 0.2255 0.1334 0.1527 0.0753 0.1603 0.1035 
        H112  1 0.1143 0.1010 0.1557 0.1332 0.1106 0.1351 0.2501 
        H113  1 0.1018 0.1249 0.0897 0.0992 0.3979 0.0877 0.0989 
        H114  1 0.1248 0.1453 0.0980 0.0796 0.3286 0.0847 0.1390 
        H115  1 0.0686 0.0847 0.1958 0.1173 0.1170 0.0795 0.3370 
        H143  1 0.1366 0.1033 0.1572 0.1031 0.0963 0.0719 0.3317 
        H144  1 0.2892 0.1018 0.1926 0.1410 0.0846 0.0558 0.1350 
        H145  1 0.1420 0.2034 0.1607 0.0569 0.0644 0.0773 0.2953 
        H149  1 0.1275 0.0994 0.1126 0.2249 0.0888 0.2078 0.1391 
        H150  1 0.2492 0.1411 0.1124 0.0974 0.1585 0.0864 0.1552 
     H167542  1 0.0939 0.0942 0.0929 0.2818 0.2307 0.0780 0.1284 
     H169604  1 0.1200 0.1201 0.1480 0.1238 0.1744 0.0951 0.2186 
     H169607  1 0.1780 0.2002 0.1766 0.1155 0.1086 0.0752 0.1459 
     H169608  1 0.0751 0.0720 0.2193 0.0895 0.0496 0.0899 0.4045 
     H169633  1 0.1379 0.1195 0.1070 0.1282 0.3227 0.0833 0.1015 
     H169688  1 0.1689 0.0981 0.3393 0.0732 0.0586 0.1354 0.1264 
     H169714  1 0.1323 0.1401 0.1322 0.1406 0.1339 0.1617 0.1592 
     H171802  1 0.1086 0.1159 0.1369 0.1803 0.1805 0.2041 0.0737 
     H171805  1 0.1562 0.2314 0.1663 0.0730 0.0672 0.1438 0.1622 
     H171807  1 0.1362 0.1147 0.1511 0.1815 0.0663 0.1834 0.1669 
     H171814  1 0.1954 0.0953 0.1258 0.0472 0.3698 0.0671 0.0994 
     H171816  1 0.1378 0.1201 0.1795 0.1479 0.1025 0.1491 0.1631 
     H171817  1 0.1102 0.1412 0.1249 0.1509 0.1275 0.1859 0.1594 
     H171818  1 0.1661 0.1626 0.1639 0.1581 0.0908 0.1422 0.1163 
     H171819  1 0.1404 0.1759 0.1217 0.1124 0.1812 0.1457 0.1227 
     H171834  1 0.1107 0.1200 0.1617 0.0789 0.0817 0.1349 0.3121 
     H171835  1 0.0901 0.0969 0.1154 0.1529 0.2277 0.2359 0.0810 
     H171836  1 0.1384 0.2552 0.1203 0.0709 0.1757 0.1200 0.1196 
     H171837  1 0.1198 0.0827 0.1434 0.1897 0.2074 0.1064 0.1506 
     H171838  1 0.1142 0.3354 0.1042 0.0509 0.0612 0.1748 0.1593 
     H171839  1 0.0954 0.0862 0.1112 0.1659 0.2859 0.1593 0.0961 
     H171841  1 0.1019 0.0867 0.1319 0.2802 0.0451 0.2328 0.1213 
     H171860  1 0.1321 0.1079 0.1059 0.1123 0.2474 0.0979 0.1966 
     H171861  1 0.1707 0.2475 0.1166 0.0744 0.1037 0.1284 0.1585 
     H171862  1 0.1649 0.1521 0.1448 0.0851 0.0947 0.1215 0.2369 
     H171868  1 0.0933 0.1071 0.1384 0.1681 0.0911 0.0719 0.3301 
     H171869  1 0.2216 0.1440 0.2622 0.0778 0.0686 0.1005 0.1252 
     H171870  1 0.1945 0.0927 0.2104 0.1310 0.0688 0.2028 0.0999 
     H171871  1 0.1791 0.2612 0.1450 0.0531 0.1249 0.1195 0.1173 
     H171872  1 0.1053 0.1078 0.1250 0.1397 0.1761 0.1366 0.2096 
     H171873  1 0.1894 0.1644 0.1615 0.1023 0.1303 0.1527 0.0994 
     H171874  1 0.1545 0.0915 0.1828 0.0780 0.1058 0.1080 0.2793 
     H171875  1 0.1925 0.1373 0.0973 0.0925 0.2443 0.0791 0.1570 
     H171876  1 0.1605 0.1189 0.1784 0.1321 0.1156 0.0902 0.2044 
     H171877  1 0.0911 0.0716 0.1119 0.2971 0.2522 0.0735 0.1026 
     H171878  1 0.1915 0.1016 0.2793 0.1196 0.0459 0.1600 0.1022 
     H171901  1 0.1100 0.1236 0.2269 0.1202 0.1009 0.2065 0.1119 
     H171902  1 0.1983 0.1177 0.1549 0.1185 0.0686 0.1300 0.2121 
     H171903  1 0.1436 0.1148 0.1690 0.0768 0.1672 0.1107 0.2178 
     H171935  1 0.1450 0.1564 0.1506 0.1398 0.0690 0.2299 0.1092 
     H171936  1 0.1064 0.0872 0.1454 0.1326 0.3740 0.0717 0.0827 
     H171940  1 0.1494 0.0865 0.1057 0.2855 0.0693 0.1498 0.1537 
     H171945  1 0.2267 0.1301 0.2000 0.1153 0.1018 0.1060 0.1201 
     H171948  1 0.1222 0.1630 0.1195 0.1431 0.0937 0.1790 0.1794 
     H171949  1 0.1073 0.0885 0.1116 0.2811 0.0740 0.2280 0.1095 
     H171950  1 0.0833 0.0862 0.1537 0.1991 0.0768 0.2351 0.1658 
     H171963  1 0.2038 0.1538 0.2469 0.0638 0.0774 0.1627 0.0917 
     H171964  1 0.3677 0.0952 0.1150 0.0681 0.0876 0.1104 0.1559 
     H171966  1 0.1709 0.2055 0.1299 0.0990 0.0693 0.1982 0.1271 
     H171968  1 0.1764 0.0994 0.1693 0.1314 0.0554 0.1260 0.2421 
     H171971  1 0.1705 0.1917 0.1598 0.0798 0.0790 0.1917 0.1274 
     H171972  1 0.1507 0.1556 0.1702 0.0485 0.1307 0.1436 0.2006 
     H171977  1 0.2352 0.1555 0.1449 0.1218 0.1606 0.0999 0.0821 
     H171978  1 0.1803 0.1285 0.1430 0.1376 0.0600 0.2075 0.1430 
     H171979  1 0.1695 0.2439 0.1470 0.0639 0.0901 0.1492 0.1364 
        H176  1 0.1336 0.0989 0.1295 0.1072 0.2094 0.0806 0.2407 
        H177  1 0.0823 0.1051 0.2024 0.2445 0.0529 0.1831 0.1298 
        H179  1 0.0895 0.0629 0.1142 0.2803 0.1898 0.1586 0.1048 
        H181  1 0.2145 0.1960 0.1162 0.1025 0.1111 0.1681 0.0916 
        H182  1 0.1236 0.3366 0.1277 0.0503 0.0614 0.0838 0.2165 
        H183  1 0.2388 0.1876 0.1023 0.1443 0.0862 0.1428 0.0981 
        H184  1 0.1262 0.1584 0.1213 0.1893 0.0748 0.1924 0.1376 
        H185  1 0.1509 0.2132 0.1476 0.1332 0.1245 0.1195 0.1112 
        H186  1 0.2873 0.0654 0.2054 0.1092 0.0488 0.1001 0.1839 
        H187  1 0.1253 0.1983 0.2118 0.1075 0.0982 0.1353 0.1235 
        H188  1 0.0836 0.0521 0.0769 0.3365 0.2945 0.0920 0.0644 
        H192  1 0.1355 0.1223 0.1317 0.1849 0.0701 0.2327 0.1229 
        H193  1 0.1640 0.1836 0.1867 0.0820 0.0375 0.0913 0.2549 
        H194  1 0.1244 0.1402 0.1329 0.1479 0.1552 0.1509 0.1487 
        H195  1 0.2031 0.0674 0.3299 0.0774 0.0556 0.1287 0.1378 
        H199  1 0.2519 0.1508 0.1838 0.0960 0.0975 0.0981 0.1218 
        H200  1 0.1247 0.0928 0.1426 0.1783 0.2280 0.1412 0.0923 
        H414  1 0.1663 0.2054 0.1867 0.0622 0.0834 0.1267 0.1693 
        H415  1 0.1216 0.1649 0.1265 0.0635 0.2361 0.0893 0.1980 
        H422  1 0.2111 0.1104 0.1378 0.1190 0.0682 0.1246 0.2289 
        H423  1 0.0658 0.0685 0.0963 0.3540 0.0537 0.2952 0.0665 
        H424  1 0.2200 0.2222 0.1467 0.0779 0.1297 0.1051 0.0984 
        H425  1 0.3011 0.1223 0.2154 0.0868 0.1152 0.0667 0.0925 
        H426  1 0.2993 0.1923 0.1134 0.0692 0.0465 0.1146 0.1649 
        H443  1 0.3311 0.0512 0.1577 0.1393 0.0715 0.0494 0.1997 
        H466  1 0.1644 0.1270 0.1589 0.1644 0.1038 0.1559 0.1256 
        H467  1 0.1371 0.0623 0.1424 0.1982 0.1102 0.2603 0.0896 
        H472  1 0.1454 0.1071 0.1420 0.2313 0.1497 0.1424 0.0820 
        H483  1 0.1594 0.1154 0.1176 0.2066 0.0970 0.1323 0.1717 
        H504  1 0.2649 0.1956 0.1450 0.0656 0.1242 0.0776 0.1271 
        H505  1 0.1367 0.0790 0.1523 0.2471 0.1380 0.1614 0.0855 
        H506  1 0.1666 0.1038 0.1957 0.1188 0.0734 0.1083 0.2334 
        H507  1 0.1319 0.2074 0.2081 0.0923 0.1246 0.1062 0.1295 
        H508  1 0.1675 0.1420 0.1761 0.1694 0.0752 0.1958 0.0740 
        H524  1 0.1098 0.1657 0.1142 0.1064 0.3334 0.0813 0.0891 
        H525  1 0.1940 0.0948 0.1544 0.1002 0.1286 0.1020 0.2258 
        H526  1 0.1134 0.0839 0.0869 0.2379 0.3007 0.0607 0.1164 
        H527  1 0.1222 0.1219 0.2060 0.1608 0.0547 0.1480 0.1864 
        H528  1 0.1565 0.1684 0.0991 0.0662 0.2521 0.0917 0.1661 
        H529  1 0.2293 0.2500 0.1192 0.1011 0.1094 0.0836 0.1074 
        H533  1 0.1050 0.3754 0.1466 0.0452 0.0821 0.1079 0.1378 
        H538  1 0.1377 0.1155 0.1208 0.2230 0.1646 0.1115 0.1269 
        H539  1 0.1346 0.2023 0.2434 0.0692 0.0604 0.1530 0.1373 
        H540  1 0.1396 0.1892 0.1698 0.1071 0.1059 0.1190 0.1695 
        H541  1 0.1248 0.1029 0.1250 0.1804 0.2448 0.0815 0.1406 
        H558  1 0.1737 0.2763 0.1110 0.0635 0.0494 0.1797 0.1464 
        H559  1 0.1556 0.0859 0.1528 0.1457 0.0700 0.0956 0.2944 
        H579  1 0.1485 0.1838 0.1396 0.0934 0.0551 0.1263 0.2534 
        H584  1 0.2984 0.1591 0.1267 0.0918 0.1202 0.0897 0.1140 
        H585  1 0.1811 0.1723 0.1677 0.1097 0.1391 0.1364 0.0935 
        H605  1 0.1436 0.1643 0.1433 0.1941 0.0901 0.1454 0.1192 
        H606  1 0.0938 0.0534 0.1546 0.2014 0.0673 0.1845 0.2449 
        H632  1 0.2380 0.0977 0.1463 0.0753 0.0903 0.0939 0.2585 
        H634  1 0.1793 0.2255 0.1489 0.1147 0.0957 0.1043 0.1317 
        H671  1 0.0978 0.0758 0.1089 0.2634 0.0969 0.2728 0.0845 
        H672  1 0.0939 0.0768 0.0972 0.0981 0.4902 0.0869 0.0569 
        H673  1 0.3180 0.0938 0.0938 0.1635 0.0918 0.0965 0.1425 
        H689  1 0.2099 0.1247 0.1373 0.1605 0.1098 0.0923 0.1656 
        H690  1 0.0839 0.1121 0.1973 0.1181 0.1324 0.1004 0.2559 
        H691  1 0.1122 0.0788 0.1670 0.2004 0.1404 0.0867 0.2145 
        H692  1 0.3024 0.1861 0.1135 0.0746 0.1091 0.1079 0.1064 
        H709  1 0.1385 0.2216 0.1314 0.0706 0.1770 0.1046 0.1563 
        H710  1 0.2008 0.3302 0.0752 0.0577 0.1087 0.0910 0.1363 
       H7355  1 0.0881 0.1670 0.1342 0.1153 0.1486 0.0688 0.2780 
       H7356  1 0.1829 0.2354 0.1136 0.0998 0.0951 0.1242 0.1490 
       H7357  1 0.1024 0.1347 0.1384 0.1736 0.1011 0.1259 0.2239 
       H7358  1 0.1158 0.0918 0.1631 0.2563 0.2087 0.0833 0.0811 
       H7380  1 0.1370 0.1420 0.1566 0.0769 0.0642 0.0893 0.3340 
       H7381  1 0.2525 0.1120 0.1130 0.1699 0.0725 0.1562 0.1240 
       H7382  1 0.1559 0.0898 0.2202 0.0802 0.0870 0.1083 0.2586 
        H904  1 0.0734 0.0451 0.1444 0.2549 0.0616 0.2400 0.1806 
        H923  1 0.1504 0.0938 0.1457 0.1766 0.2151 0.1356 0.0828 
        H924  1 0.1456 0.0790 0.1499 0.2233 0.1513 0.1264 0.1246 
        H925  1 0.1085 0.0756 0.1233 0.3012 0.2285 0.0611 0.1019 
       H9558  1 0.1498 0.3175 0.1043 0.0565 0.0451 0.1786 0.1481 
        H008  2 0.1350 0.1898 0.1073 0.1070 0.2089 0.1416 0.1103 
        H021  2 0.1157 0.0859 0.1800 0.1657 0.1067 0.1469 0.1990 
        H023  2 0.1066 0.1424 0.1639 0.2440 0.0731 0.1370 0.1330 
        H024  2 0.1416 0.1650 0.0667 0.0518 0.4051 0.1027 0.0670 
        H025  2 0.1609 0.1057 0.1188 0.2327 0.0680 0.1965 0.1174 
        H026  2 0.2920 0.0889 0.1139 0.0571 0.2952 0.0640 0.0889 
        H027  2 0.1042 0.0929 0.1368 0.1450 0.3338 0.0870 0.1004 
        H028  2 0.1978 0.1817 0.1018 0.1248 0.1200 0.1644 0.1095 
        H029  2 0.1509 0.1207 0.1200 0.1102 0.3380 0.0816 0.0785 
        H030  2 0.1584 0.2148 0.1123 0.0503 0.1748 0.1853 0.1042 
        H038  2 0.1041 0.0817 0.2472 0.1778 0.0770 0.1972 0.1149 
        H039  2 0.0447 0.0367 0.0685 0.4209 0.0501 0.3217 0.0573 
        H040  2 0.1032 0.1284 0.1913 0.1438 0.0846 0.2641 0.0845 
        H041  2 0.0960 0.0931 0.0663 0.1835 0.3791 0.0994 0.0826 
        H042  2 0.1425 0.1505 0.1262 0.2334 0.1034 0.1112 0.1327 
        H043  2 0.0871 0.0688 0.2918 0.1672 0.0407 0.2439 0.1005 
        H044  2 0.1305 0.2917 0.1804 0.0550 0.0668 0.1757 0.0999 
        H047  2 0.1487 0.1772 0.0881 0.1453 0.1343 0.1691 0.1374 
        H050  2 0.1332 0.1591 0.1054 0.0513 0.3764 0.0890 0.0857 
        H058  2 0.1526 0.1433 0.1968 0.1388 0.0625 0.2107 0.0952 
        H062  2 0.0919 0.0716 0.1323 0.3247 0.0613 0.1037 0.2147 
        H063  2 0.0988 0.1121 0.1732 0.2247 0.1181 0.1843 0.0888 
        H065  2 0.3625 0.0819 0.1299 0.1798 0.0621 0.0982 0.0857 
        H066  2 0.1521 0.2120 0.1374 0.0607 0.1726 0.1545 0.1107 
        H067  2 0.1723 0.1196 0.1276 0.1440 0.1443 0.1056 0.1865 
        H068  2 0.1110 0.1162 0.0946 0.2455 0.0977 0.2523 0.0828 
        H069  2 0.1543 0.1386 0.2728 0.1126 0.0857 0.1390 0.0970 
        H071  2 0.1492 0.1145 0.1414 0.1596 0.1373 0.1355 0.1625 
        H072  2 0.0860 0.0758 0.1054 0.3213 0.0982 0.2331 0.0803 
        H073  2 0.2264 0.1617 0.1712 0.1114 0.1261 0.0849 0.1183 
        H081  2 0.1078 0.0934 0.1097 0.2556 0.1902 0.0974 0.1459 
        H082  2 0.1338 0.2642 0.1326 0.0639 0.1181 0.2023 0.0852 
        H083  2 0.1759 0.1816 0.1460 0.0759 0.0804 0.2058 0.1345 
        H084  2 0.1410 0.1532 0.1439 0.1327 0.1563 0.1895 0.0835 
        H085  2 0.0876 0.0601 0.0891 0.1707 0.4191 0.0650 0.1083 
        H087  2 0.1050 0.1110 0.1028 0.2150 0.1267 0.0886 0.2509 
        H088  2 0.1190 0.0991 0.1679 0.2034 0.1035 0.1685 0.1386 
        H089  2 0.1221 0.0930 0.2161 0.2308 0.1510 0.0787 0.1083 
        H090  2 0.0815 0.0910 0.0671 0.0684 0.5433 0.0696 0.0791 
        H091  2 0.0695 0.0852 0.0694 0.0681 0.5902 0.0518 0.0658 
        H098  2 0.1236 0.2542 0.0853 0.1274 0.1786 0.1542 0.0768 
      H10001  2 0.0409 0.0356 0.0798 0.3812 0.0420 0.3389 0.0816 
      H10002  2 0.0895 0.0813 0.2331 0.1479 0.0676 0.1153 0.2651 
        H101  2 0.0937 0.2090 0.0896 0.0475 0.3997 0.1017 0.0588 
        H108  2 0.0991 0.0719 0.0874 0.3679 0.0652 0.1661 0.1424 
        H109  2 0.1330 0.1654 0.1656 0.0969 0.1927 0.1649 0.0815 
        H110  2 0.0955 0.1227 0.1568 0.1029 0.1080 0.0904 0.3237 
        H116  2 0.2257 0.1618 0.1515 0.0638 0.1349 0.1284 0.1338 
        H117  2 0.0688 0.0986 0.0474 0.0601 0.6078 0.0624 0.0549 
        H118  2 0.1190 0.0767 0.0581 0.0885 0.5473 0.0395 0.0711 
        H119  2 0.1271 0.1035 0.1068 0.1339 0.2409 0.1375 0.1503 
        H120  2 0.0778 0.0627 0.1112 0.3941 0.0639 0.1795 0.1108 
        H121  2 0.0865 0.0741 0.0586 0.1050 0.5701 0.0442 0.0615 
        H125  2 0.0447 0.0408 0.0811 0.3925 0.0379 0.3572 0.0458 
        H126  2 0.2665 0.1950 0.1032 0.1158 0.0690 0.1392 0.1111 
        H128  2 0.0854 0.0948 0.0491 0.0343 0.6475 0.0412 0.0476 
        H129  2 0.3506 0.1742 0.1324 0.0649 0.0647 0.0958 0.1173 
        H130  2 0.1453 0.1188 0.1281 0.1415 0.0319 0.2228 0.2118 
        H133  2 0.1124 0.0649 0.1163 0.2788 0.0712 0.2813 0.0751 
        H134  2 0.4958 0.1224 0.0911 0.0554 0.0653 0.0775 0.0925 
        H135  2 0.1480 0.1383 0.1302 0.1622 0.1364 0.1229 0.1621 
        H137  2 0.1107 0.1457 0.0716 0.1063 0.3694 0.1341 0.0622 
        H138  2 0.2374 0.1602 0.1507 0.0448 0.0749 0.1016 0.2304 
        H140  2 0.1286 0.1053 0.0726 0.1250 0.3586 0.1063 0.1036 
        H146  2 0.0653 0.0660 0.0463 0.0546 0.6622 0.0544 0.0511 
        H147  2 0.1102 0.1906 0.1331 0.1038 0.2225 0.0935 0.1463 
        H148  2 0.0781 0.1125 0.1073 0.0770 0.3514 0.0709 0.2029 
     H166022  2 0.1285 0.3006 0.1309 0.0649 0.1070 0.1213 0.1468 
     H167359  2 0.1940 0.1306 0.1850 0.1059 0.1279 0.1433 0.1133 
     H167397  2 0.1481 0.2943 0.0927 0.0423 0.2194 0.0980 0.1051 
     H167428  2 0.1078 0.0785 0.0586 0.2250 0.4028 0.0509 0.0764 
     H167496  2 0.0698 0.0679 0.0883 0.3383 0.1507 0.2187 0.0663 
     H167513  2 0.0984 0.2398 0.1918 0.0881 0.0565 0.2678 0.0576 
     H167545  2 0.1338 0.3746 0.1252 0.0695 0.0676 0.0863 0.1429 
     H167547  2 0.1494 0.3439 0.0751 0.0370 0.2116 0.1122 0.0709 
     H169621  2 0.1314 0.1979 0.1139 0.0634 0.2146 0.1413 0.1374 
     H169622  2 0.1629 0.1248 0.2704 0.0974 0.0659 0.0952 0.1834 
     H169750  2 0.1633 0.1464 0.1361 0.1460 0.0763 0.2381 0.0938 
     H171806  2 0.1293 0.0752 0.0879 0.1192 0.3837 0.0997 0.1051 
     H171808  2 0.1545 0.1073 0.1640 0.1999 0.1507 0.0902 0.1335 
     H171809  2 0.1190 0.1351 0.1364 0.1569 0.0972 0.1077 0.2477 
     H171813  2 0.2046 0.1316 0.1639 0.0927 0.1219 0.1320 0.1533 
     H171815  2 0.1034 0.0685 0.1599 0.2666 0.0708 0.2485 0.0823 
     H171824  2 0.0925 0.0796 0.1205 0.1731 0.1869 0.1366 0.2109 
     H171825  2 0.2176 0.1518 0.1930 0.1176 0.0600 0.0824 0.1777 
     H171826  2 0.1221 0.1253 0.1180 0.1269 0.1691 0.1378 0.2009 
     H171827  2 0.1080 0.1197 0.2541 0.0680 0.0797 0.1608 0.2096 
     H171828  2 0.0622 0.0475 0.0876 0.3520 0.1010 0.2416 0.1081 
     H171829  2 0.2127 0.1987 0.1421 0.1075 0.0796 0.1409 0.1185 
     H171830  2 0.1175 0.2258 0.1291 0.1217 0.1571 0.1660 0.0829 
     H171831  2 0.2329 0.2110 0.1109 0.0765 0.1282 0.1303 0.1101 
     H171832  2 0.1798 0.1908 0.1182 0.1006 0.0659 0.1522 0.1925 
     H171863  2 0.2150 0.2030 0.1607 0.0565 0.1010 0.1485 0.1153 
     H171864  2 0.1025 0.1410 0.0880 0.1349 0.3347 0.1220 0.0770 
     H171865  2 0.0995 0.0831 0.1036 0.3232 0.1044 0.2272 0.0591 
     H171879  2 0.1274 0.1182 0.0931 0.0805 0.3885 0.1143 0.0780 
     H171880  2 0.0956 0.2236 0.0735 0.0529 0.3735 0.1048 0.0760 
     H171881  2 0.1526 0.1396 0.1405 0.1506 0.1195 0.1188 0.1784 
     H171882  2 0.0519 0.0494 0.0769 0.4344 0.0502 0.2808 0.0564 
     H171929  2 0.1394 0.1243 0.1143 0.1724 0.2240 0.1344 0.0913 
     H171930  2 0.1208 0.4191 0.0757 0.0461 0.1367 0.0859 0.1158 
     H171933  2 0.1787 0.1616 0.1388 0.0885 0.1918 0.1211 0.1196 
     H171934  2 0.1172 0.1187 0.1147 0.1626 0.2360 0.0769 0.1739 
     H171937  2 0.2532 0.2054 0.1193 0.0762 0.1009 0.1270 0.1182 
     H171962  2 0.1601 0.1271 0.1395 0.1992 0.1039 0.1381 0.1321 
        H190  2 0.1946 0.1989 0.1451 0.1160 0.1098 0.1300 0.1056 
        H191  2 0.1543 0.1382 0.0990 0.1817 0.1785 0.1676 0.0806 
        H396  2 0.1058 0.0581 0.1047 0.3457 0.1772 0.0818 0.1268 
        H397  2 0.1644 0.2277 0.1492 0.1109 0.1122 0.1119 0.1237 
        H398  2 0.2474 0.0644 0.1317 0.2106 0.1088 0.1178 0.1193 
        H400  2 0.1306 0.1023 0.1649 0.2314 0.1421 0.0858 0.1429 
        H401  2 0.1295 0.2695 0.0488 0.0372 0.3550 0.1065 0.0536 
        H402  2 0.1417 0.2073 0.1479 0.0683 0.1807 0.1459 0.1081 
        H427  2 0.1224 0.1098 0.1126 0.2360 0.1415 0.0763 0.2016 
        H428  2 0.0990 0.0813 0.0667 0.2375 0.3957 0.0461 0.0737 
        H497  2 0.1172 0.1436 0.2497 0.1250 0.0642 0.2121 0.0881 
        H512  2 0.1196 0.1932 0.1439 0.0739 0.1969 0.1395 0.1329 
        H513  2 0.0933 0.2184 0.1960 0.0851 0.0661 0.2814 0.0598 
        H514  2 0.1962 0.1415 0.2153 0.0654 0.0507 0.1109 0.2200 
        H519  2 0.0892 0.2606 0.1660 0.0931 0.0693 0.2603 0.0615 
        H532  2 0.1074 0.0856 0.1135 0.2238 0.2707 0.0537 0.1453 
        H543  2 0.1190 0.2065 0.2048 0.0590 0.1153 0.1188 0.1766 
        H544  2 0.2010 0.1276 0.2164 0.1348 0.0442 0.1800 0.0961 
        H545  2 0.1322 0.4176 0.1127 0.0583 0.0530 0.0770 0.1492 
        H546  2 0.1298 0.0821 0.1023 0.3355 0.0560 0.2244 0.0700 
        H547  2 0.1640 0.3309 0.0864 0.0356 0.1997 0.1147 0.0687 
        H548  2 0.1216 0.1418 0.2018 0.1625 0.1639 0.0990 0.1095 
        H549  2 0.0852 0.1443 0.3139 0.0659 0.0713 0.2328 0.0866 
        H620  2 0.0573 0.0508 0.0804 0.4182 0.0442 0.2913 0.0577 
        H623  2 0.2045 0.2695 0.0993 0.0837 0.0689 0.1678 0.1062 
        H624  2 0.1336 0.0903 0.2767 0.1226 0.0351 0.1477 0.1940 
        H625  2 0.1404 0.1415 0.1314 0.2342 0.1322 0.1126 0.1077 
        H626  2 0.1279 0.1881 0.2203 0.1117 0.0920 0.1524 0.1077 
        H654  2 0.0613 0.0480 0.1597 0.3126 0.0284 0.3213 0.0687 
        H655  2 0.1267 0.1501 0.2048 0.0983 0.0786 0.1206 0.2208 
        H656  2 0.0548 0.0465 0.0937 0.4510 0.0424 0.2500 0.0616 
        H666  2 0.0674 0.0475 0.0670 0.3548 0.1257 0.2902 0.0474 
        H667  2 0.1168 0.1323 0.2175 0.0922 0.0873 0.0966 0.2572 
        H677  2 0.1369 0.1337 0.1366 0.1265 0.1817 0.0845 0.2001 
        H693  2 0.0867 0.0690 0.1289 0.3958 0.0742 0.1316 0.1138 
        H694  2 0.1787 0.2445 0.1035 0.1124 0.1104 0.1555 0.0951 
        H701  2 0.1319 0.2300 0.1561 0.0725 0.1439 0.1351 0.1305 
        H702  2 0.1211 0.1803 0.1401 0.1054 0.0883 0.2098 0.1550 
        H731  2 0.1265 0.0859 0.1580 0.1477 0.0987 0.1219 0.2614 
       H7359  2 0.1863 0.1254 0.1672 0.1260 0.1383 0.1340 0.1227 
       H7389  2 0.1335 0.0852 0.1146 0.1456 0.3528 0.0904 0.0778 
       H7390  2 0.0894 0.0835 0.1770 0.1490 0.0696 0.3050 0.1265 
       H7391  2 0.0730 0.0954 0.0775 0.1969 0.3844 0.0674 0.1055 
       H7392  2 0.1770 0.0752 0.2025 0.1343 0.1041 0.1446 0.1623 
       H7393  2 0.1219 0.1649 0.1494 0.1256 0.1088 0.1739 0.1556 
       H7398  2 0.1019 0.1079 0.0811 0.1558 0.3593 0.0939 0.1002 
       H7399  2 0.1444 0.1312 0.1738 0.0824 0.1807 0.0858 0.2017 
       H7400  2 0.0585 0.0405 0.0964 0.4091 0.0339 0.3044 0.0573 
        H745  2 0.3837 0.1419 0.1081 0.0598 0.0757 0.1353 0.0955 
        H746  2 0.1597 0.1423 0.2173 0.0649 0.0726 0.0877 0.2555 
        H747  2 0.0925 0.1351 0.1015 0.1937 0.1456 0.2616 0.0701 
        H748  2 0.1280 0.2038 0.2131 0.0651 0.0865 0.1272 0.1764 
       H7484  2 0.0789 0.0739 0.0728 0.3548 0.1011 0.2553 0.0633 
       H7485  2 0.1396 0.1407 0.2883 0.0971 0.0721 0.1834 0.0788 
        H749  2 0.1318 0.1453 0.2849 0.1055 0.0667 0.1178 0.1480 
        H930  2 0.1241 0.3667 0.0966 0.0531 0.1755 0.0805 0.1034 
        H931  2 0.1511 0.0961 0.1026 0.1802 0.2591 0.1125 0.0984 
        H932  2 0.1453 0.1007 0.0962 0.0955 0.3675 0.0964 0.0985 
        H111  3 0.2169 0.3165 0.1209 0.0545 0.0670 0.1249 0.0994 
        H951  3 0.1773 0.2301 0.1239 0.0934 0.1459 0.1262 0.1032 
        H952  3 0.1852 0.0963 0.1189 0.0907 0.2783 0.1147 0.1159 
        H953  3 0.0750 0.0568 0.0708 0.2077 0.4616 0.0541 0.0739 
        H954  3 0.1062 0.0975 0.1695 0.2142 0.0825 0.2349 0.0953 
        H955  3 0.1561 0.2685 0.1582 0.0487 0.0920 0.1241 0.1524 
        H956  3 0.0775 0.1206 0.1145 0.0789 0.3517 0.1661 0.0907 
       H9563  3 0.1125 0.1289 0.1089 0.2036 0.2155 0.1271 0.1037 
        H002  4 0.1634 0.1182 0.1699 0.1618 0.0379 0.1426 0.2061 
        H003  4 0.1690 0.1402 0.1801 0.1094 0.0795 0.0783 0.2434 
        H009  4 0.2083 0.1045 0.1841 0.0659 0.1073 0.1629 0.1670 
        H010  4 0.1681 0.0942 0.1156 0.1176 0.2120 0.1150 0.1776 
        H011  4 0.0805 0.0780 0.0920 0.4056 0.0514 0.1870 0.1055 
        H012  4 0.1101 0.1758 0.1328 0.0852 0.1238 0.1374 0.2349 
        H013  4 0.1172 0.1211 0.1578 0.2214 0.0742 0.1283 0.1801 
        H014  4 0.1574 0.1757 0.1182 0.0774 0.0680 0.1579 0.2455 
        H045  4 0.0848 0.0751 0.0642 0.3323 0.2639 0.1117 0.0681 
        H046  4 0.2220 0.1794 0.1411 0.1038 0.0751 0.0725 0.2060 
        H051  4 0.1095 0.0969 0.1281 0.3124 0.0961 0.1422 0.1148 
        H052  4 0.1638 0.0920 0.1031 0.2197 0.0802 0.2141 0.1270 
        H053  4 0.1325 0.1374 0.1735 0.0910 0.1372 0.1585 0.1698 
        H056  4 0.1108 0.1134 0.1103 0.3120 0.0546 0.2049 0.0939 
        H076  4 0.2571 0.1298 0.1093 0.0866 0.1588 0.0991 0.1593 
        H151  4 0.1226 0.0591 0.1689 0.1546 0.0552 0.2135 0.2260 
        H152  4 0.1829 0.1056 0.1228 0.1627 0.0739 0.1370 0.2151 
     H171803  4 0.1072 0.1459 0.2079 0.1273 0.0679 0.2126 0.1312 
     H171804  4 0.1078 0.1732 0.1431 0.1600 0.1057 0.1803 0.1298 
     H171833  4 0.2771 0.1787 0.1633 0.0651 0.0497 0.1189 0.1472 
     H171855  4 0.1311 0.0987 0.1297 0.2310 0.0399 0.2906 0.0791 
     H171856  4 0.1006 0.1651 0.1561 0.0914 0.2013 0.1821 0.1033 
     H171857  4 0.1507 0.1026 0.1005 0.2038 0.0919 0.2271 0.1234 
     H171858  4 0.1520 0.1210 0.1169 0.0984 0.1871 0.0841 0.2403 
     H171859  4 0.1745 0.0956 0.1521 0.1314 0.1660 0.1122 0.1682 
     H171961  4 0.1171 0.0976 0.1518 0.2947 0.0798 0.1482 0.1108 
        H198  4 0.2241 0.1600 0.1420 0.0668 0.0985 0.0865 0.2221 
      H20001  4 0.1654 0.3032 0.1613 0.0497 0.0356 0.1598 0.1250 
        H403  4 0.1687 0.1514 0.1521 0.1117 0.1455 0.1859 0.0847 
        H404  4 0.1535 0.1088 0.2016 0.1164 0.1078 0.0807 0.2312 
        H405  4 0.1855 0.2445 0.1406 0.0883 0.1248 0.0753 0.1410 
        H406  4 0.1937 0.2417 0.0645 0.0886 0.2114 0.1387 0.0614 
        H407  4 0.1050 0.0935 0.1213 0.1232 0.3287 0.1338 0.0945 
        H410  4 0.0614 0.0863 0.0458 0.0597 0.6500 0.0456 0.0512 
        H411  4 0.1404 0.2955 0.1245 0.0382 0.0503 0.1478 0.2034 
        H468  4 0.1594 0.2849 0.1423 0.0756 0.0598 0.1754 0.1026 
        H476  4 0.1386 0.2187 0.1685 0.0847 0.0736 0.1817 0.1342 
        H477  4 0.2110 0.2334 0.1337 0.0549 0.0538 0.0960 0.2173 
        H478  4 0.1193 0.1717 0.2358 0.0787 0.0574 0.1340 0.2031 
        H479  4 0.1293 0.0907 0.1197 0.2715 0.1080 0.1428 0.1380 
        H480  4 0.1561 0.3549 0.1161 0.0394 0.0826 0.1058 0.1451 
        H498  4 0.1931 0.1586 0.1572 0.0867 0.0736 0.1107 0.2201 
        H499  4 0.1460 0.2261 0.1806 0.1230 0.0650 0.1103 0.1490 
        H500  4 0.1093 0.0930 0.1877 0.2220 0.0889 0.1933 0.1058 
        H515  4 0.1293 0.1893 0.1319 0.1119 0.0863 0.1499 0.2013 
        H516  4 0.1780 0.1364 0.1278 0.0823 0.1868 0.1378 0.1508 
        H517  4 0.1490 0.1080 0.0942 0.0832 0.3396 0.1191 0.1069 
        H518  4 0.1750 0.1383 0.1080 0.1805 0.0860 0.2207 0.0916 
        H520  4 0.1235 0.1243 0.1326 0.1758 0.0990 0.2358 0.1088 
        H521  4 0.1580 0.1242 0.1278 0.1708 0.1791 0.1344 0.1057 
        H522  4 0.1369 0.2162 0.1713 0.0990 0.0821 0.1566 0.1378 
        H523  4 0.1202 0.1851 0.1188 0.0771 0.1871 0.1318 0.1799 
        H536  4 0.2899 0.0987 0.1380 0.1754 0.0926 0.0812 0.1243 
        H645  4 0.0729 0.0529 0.1262 0.3551 0.1511 0.0948 0.1470 
        H646  4 0.1569 0.1223 0.0688 0.0543 0.4466 0.0735 0.0776 
        H647  4 0.1479 0.1164 0.2569 0.1019 0.1127 0.1300 0.1342 
        H657  4 0.1846 0.1717 0.0998 0.0750 0.2310 0.1178 0.1201 
        H658  4 0.1240 0.1847 0.1569 0.0954 0.1851 0.1147 0.1393 
        H659  4 0.0651 0.0604 0.2250 0.1889 0.0402 0.3172 0.1031 
        H660  4 0.1465 0.1528 0.1951 0.1365 0.0578 0.1687 0.1426 
        H661  4 0.1443 0.0968 0.2113 0.1093 0.0511 0.2446 0.1426 
        H668  4 0.1178 0.1418 0.1349 0.0700 0.0887 0.0816 0.3652 
        H669  4 0.1231 0.1249 0.1428 0.1338 0.2391 0.1191 0.1172 
        H670  4 0.0651 0.0548 0.1597 0.1412 0.0672 0.0639 0.4482 
        H678  4 0.1204 0.1977 0.2276 0.0850 0.0936 0.1652 0.1105 
        H679  4 0.1245 0.1871 0.1345 0.0868 0.2493 0.1194 0.0983 
        H680  4 0.2117 0.1797 0.1348 0.0988 0.0894 0.1786 0.1071 
        H681  4 0.1339 0.0903 0.1863 0.1643 0.0934 0.1629 0.1690 
        H682  4 0.1064 0.3020 0.1227 0.0620 0.1706 0.1138 0.1226 
        H683  4 0.1597 0.1027 0.1472 0.1857 0.1207 0.2205 0.0634 
        H718  4 0.0750 0.0523 0.0717 0.3743 0.1504 0.2215 0.0549 
        H719  4 0.1182 0.1236 0.0821 0.3268 0.1039 0.1558 0.0895 
        H720  4 0.1777 0.1437 0.1746 0.1708 0.0453 0.1953 0.0926 
        H721  4 0.2398 0.1300 0.1187 0.1579 0.0555 0.1653 0.1329 
        H722  4 0.2968 0.0894 0.1297 0.1693 0.0725 0.1676 0.0746 
        H723  4 0.0941 0.0949 0.1472 0.2285 0.1516 0.1607 0.1229 
        H724  4 0.0747 0.0548 0.0899 0.3064 0.1150 0.3034 0.0558 
        H725  4 0.0914 0.0909 0.0934 0.3181 0.0504 0.2809 0.0750 
        H726  4 0.1369 0.1069 0.1442 0.1991 0.1065 0.1569 0.1496 
        H727  4 0.1149 0.1064 0.1139 0.1714 0.1912 0.1466 0.1557 
        H910  4 0.1064 0.1809 0.1203 0.1470 0.1537 0.1524 0.1392 
        H911  4 0.1704 0.1473 0.0893 0.0890 0.3248 0.1086 0.0706 
        H912  4 0.1778 0.1841 0.1821 0.1063 0.0961 0.1590 0.0946 
        H913  4 0.1107 0.1148 0.2156 0.1118 0.1298 0.1680 0.1493 
        H914  4 0.0682 0.0643 0.1961 0.1472 0.1231 0.1590 0.2421 
        H915  4 0.1284 0.2411 0.1820 0.0818 0.0943 0.1505 0.1219 
        H916  4 0.1510 0.3091 0.1407 0.0633 0.0933 0.1164 0.1262 
       H9572  4 0.1121 0.1394 0.1367 0.1738 0.1030 0.2570 0.0780 
        H015  5 0.1579 0.3265 0.0967 0.0784 0.0639 0.1796 0.0969 
        H016  5 0.3323 0.1104 0.1834 0.0852 0.0995 0.0881 0.1012 
        H017  5 0.1573 0.1613 0.2384 0.0553 0.0611 0.1861 0.1405 
        H019  5 0.1827 0.1857 0.1392 0.1230 0.0695 0.1647 0.1352 
        H020  5 0.1184 0.0800 0.1511 0.2367 0.2113 0.1066 0.0958 
        H032  5 0.1466 0.1687 0.1178 0.1073 0.1361 0.1882 0.1353 
        H033  5 0.1373 0.1808 0.1213 0.0999 0.1271 0.1514 0.1822 
        H034  5 0.0842 0.0858 0.1245 0.1481 0.1184 0.1548 0.2841 
        H035  5 0.1503 0.1464 0.1710 0.1020 0.1845 0.1466 0.0991 
        H036  5 0.1475 0.2712 0.0819 0.1229 0.1920 0.1099 0.0746 
        H037  5 0.1027 0.1319 0.2167 0.1208 0.0704 0.1860 0.1714 
        H048  5 0.0919 0.0706 0.1066 0.3441 0.1049 0.2145 0.0674 
        H049  5 0.1729 0.2944 0.0933 0.1083 0.0672 0.1409 0.1230 
        H054  5 0.2320 0.1021 0.0865 0.1141 0.2292 0.1192 0.1170 
        H055  5 0.1457 0.0760 0.1461 0.1103 0.0708 0.1381 0.3129 
        H057  5 0.3852 0.0855 0.1580 0.0880 0.0419 0.1161 0.1253 
        H060  5 0.1027 0.0647 0.2138 0.0832 0.0366 0.0722 0.4269 
        H061  5 0.1388 0.1220 0.1430 0.1171 0.1110 0.0864 0.2818 
        H064  5 0.1819 0.0710 0.1542 0.2002 0.0944 0.1726 0.1257 
        H070  5 0.0868 0.1213 0.1761 0.0914 0.0911 0.0830 0.3504 
        H077  5 0.0972 0.1399 0.1029 0.2463 0.0552 0.2134 0.1452 
        H078  5 0.1590 0.1108 0.1830 0.1137 0.1009 0.2379 0.0947 
        H079  5 0.1029 0.1146 0.1356 0.1360 0.3313 0.0666 0.1131 
        H097  5 0.1716 0.1523 0.1727 0.0946 0.0537 0.1959 0.1593 
        H107  5 0.0655 0.0486 0.1148 0.3524 0.0544 0.2595 0.1047 
        H122  5 0.1567 0.1607 0.2012 0.0899 0.0911 0.1308 0.1695 
        H123  5 0.1536 0.1472 0.1015 0.0672 0.3368 0.0961 0.0976 
        H124  5 0.1364 0.1029 0.1093 0.0814 0.3956 0.0710 0.1034 
        H131  5 0.1171 0.1427 0.0775 0.0938 0.3628 0.1091 0.0971 
        H132  5 0.1473 0.1059 0.1473 0.1885 0.1566 0.1209 0.1336 
        H141  5 0.1180 0.1218 0.2040 0.1235 0.0826 0.1884 0.1617 
        H142  5 0.1374 0.2134 0.1770 0.0594 0.0520 0.1086 0.2523 
        H157  5 0.1214 0.0886 0.1288 0.2258 0.1001 0.2235 0.1118 
        H158  5 0.1821 0.2974 0.1018 0.0398 0.1864 0.0743 0.1180 
        H159  5 0.1780 0.3043 0.1139 0.0902 0.0808 0.1328 0.0999 
        H160  5 0.1481 0.1999 0.1559 0.1034 0.1066 0.1709 0.1153 
        H163  5 0.1510 0.2857 0.0981 0.0704 0.1083 0.1350 0.1514 
        H164  5 0.1201 0.1843 0.1820 0.0913 0.0567 0.2184 0.1472 
        H165  5 0.1086 0.0732 0.1192 0.1244 0.3553 0.0780 0.1414 
        H166  5 0.1407 0.2081 0.1207 0.1945 0.1104 0.1150 0.1105 
        H169  5 0.1235 0.1923 0.1471 0.0839 0.0648 0.1177 0.2707 
     H169613  5 0.1413 0.1372 0.1488 0.0874 0.0775 0.1162 0.2916 
     H169653  5 0.1625 0.2676 0.1009 0.0860 0.0957 0.1149 0.1724 
     H169728  5 0.1588 0.2762 0.1409 0.0796 0.0776 0.1569 0.1101 
     H169742  5 0.1039 0.0664 0.1630 0.3349 0.0982 0.0830 0.1506 
        H170  5 0.2684 0.1127 0.1078 0.0863 0.0664 0.1593 0.1991 
        H171  5 0.2761 0.1566 0.1396 0.0837 0.0851 0.1288 0.1302 
     H171851  5 0.1650 0.1567 0.1469 0.1077 0.0742 0.1702 0.1792 
     H171852  5 0.1565 0.0739 0.2278 0.1640 0.0881 0.1877 0.1021 
     H171853  5 0.1312 0.1495 0.1125 0.1625 0.1357 0.1954 0.1132 
     H171854  5 0.1532 0.2270 0.1616 0.0901 0.0708 0.1696 0.1277 
     H171938  5 0.1315 0.1408 0.1610 0.1496 0.1235 0.1044 0.1892 
     H171939  5 0.2005 0.1148 0.1900 0.1558 0.1418 0.1024 0.0947 
     H171941  5 0.1001 0.0633 0.1217 0.3037 0.0655 0.1430 0.2028 
     H171965  5 0.1500 0.1535 0.1510 0.0537 0.0486 0.1073 0.3358 
     H171970  5 0.0786 0.0849 0.0761 0.3097 0.0543 0.2525 0.1438 
     H171973  5 0.1333 0.1278 0.1614 0.1794 0.1730 0.0937 0.1315 
     H171974  5 0.1121 0.0975 0.1371 0.1123 0.1205 0.1043 0.3161 
     H171975  5 0.1399 0.1254 0.0845 0.2377 0.1409 0.1711 0.1006 
     H171976  5 0.1718 0.2289 0.1207 0.1345 0.0450 0.1576 0.1415 
        H175  5 0.1178 0.0746 0.1289 0.2507 0.1597 0.1665 0.1019 
        H178  5 0.1519 0.1102 0.1187 0.2330 0.0924 0.1227 0.1712 
        H189  5 0.1664 0.1594 0.0963 0.0489 0.2397 0.1289 0.1604 
        H399  5 0.3958 0.1059 0.1004 0.0668 0.1264 0.1470 0.0577 
        H416  5 0.1206 0.1341 0.2186 0.1785 0.0878 0.1211 0.1392 
        H438  5 0.1190 0.1708 0.1109 0.1409 0.2061 0.1296 0.1226 
        H450  5 0.0873 0.0755 0.2186 0.0872 0.0355 0.1017 0.3942 
        H455  5 0.0749 0.0632 0.0843 0.4208 0.0726 0.1879 0.0963 
        H456  5 0.1324 0.1304 0.1438 0.2046 0.1229 0.0926 0.1734 
        H457  5 0.1587 0.1042 0.1083 0.1879 0.0523 0.2002 0.1884 
        H458  5 0.1302 0.1007 0.1523 0.1261 0.1141 0.1528 0.2238 
        H459  5 0.1593 0.2135 0.1757 0.0659 0.1205 0.0858 0.1794 
        H460  5 0.1134 0.2283 0.2186 0.0868 0.0638 0.1624 0.1267 
        H461  5 0.1826 0.2713 0.1246 0.0676 0.0647 0.1273 0.1620 
        H462  5 0.1397 0.1723 0.0846 0.1173 0.3114 0.0849 0.0897 
        H469  5 0.1209 0.2479 0.0946 0.0821 0.2139 0.1114 0.1290 
        H470  5 0.1517 0.1768 0.1575 0.1041 0.0867 0.1949 0.1284 
        H471  5 0.2051 0.1805 0.1495 0.0513 0.2295 0.0754 0.1087 
        H481  5 0.0777 0.0608 0.1015 0.3031 0.1116 0.2527 0.0926 
        H482  5 0.1162 0.1008 0.1595 0.0929 0.0663 0.1455 0.3188 
        H501  5 0.1367 0.1257 0.2281 0.1496 0.1081 0.1318 0.1201 
        H502  5 0.2077 0.1884 0.1388 0.0690 0.1159 0.0980 0.1823 
        H503  5 0.1590 0.2625 0.1266 0.0845 0.1228 0.1397 0.1050 
        H509  5 0.1095 0.1194 0.0811 0.2390 0.1393 0.2449 0.0667 
        H510  5 0.1331 0.1746 0.1238 0.1545 0.0477 0.1754 0.1909 
        H511  5 0.1521 0.1719 0.1605 0.0659 0.0812 0.1081 0.2602 
        H530  5 0.1059 0.0816 0.1692 0.1762 0.2119 0.1402 0.1150 
        H531  5 0.1055 0.0746 0.2339 0.1709 0.0832 0.2466 0.0853 
        H564  5 0.1400 0.1209 0.2117 0.1864 0.0594 0.1602 0.1214 
        H565  5 0.0962 0.1086 0.1758 0.2918 0.0471 0.1875 0.0931 
        H567  5 0.1159 0.1197 0.0668 0.0865 0.4795 0.0641 0.0676 
     H568???  5 0.2773 0.1977 0.1202 0.0674 0.0965 0.1027 0.1381 
        H608  5 0.0673 0.0792 0.2198 0.0918 0.0464 0.0868 0.4087 
        H609  5 0.1296 0.0893 0.1201 0.2432 0.1832 0.0870 0.1477 
        H612  5 0.0757 0.0655 0.1484 0.2828 0.0825 0.2150 0.1301 
        H614  5 0.1127 0.0766 0.1902 0.1987 0.0760 0.2610 0.0847 
        H615  5 0.1362 0.1026 0.2152 0.1782 0.0660 0.1727 0.1291 
        H616  5 0.0712 0.0575 0.1043 0.3123 0.1172 0.2143 0.1232 
        H617  5 0.1418 0.2406 0.1262 0.0989 0.1800 0.0896 0.1229 
        H618  5 0.1095 0.0962 0.0906 0.2916 0.1054 0.2120 0.0947 
        H619  5 0.1157 0.0779 0.1495 0.2667 0.0993 0.0626 0.2284 
        H635  5 0.1301 0.1904 0.0981 0.1035 0.0911 0.1704 0.2164 
        H636  5 0.0828 0.1320 0.1910 0.1442 0.0823 0.0674 0.3003 
        H637  5 0.1194 0.0811 0.2104 0.3033 0.0752 0.1078 0.1029 
        H644  5 0.3153 0.1869 0.0884 0.0538 0.2042 0.0858 0.0656 
        H711  5 0.2122 0.1293 0.1836 0.0704 0.0740 0.1214 0.2091 
        H712  5 0.1064 0.0694 0.1151 0.2757 0.1574 0.1071 0.1690 
       H7360  5 0.2250 0.1043 0.1893 0.0996 0.0589 0.1635 0.1596 
       H7361  5 0.1225 0.1403 0.1148 0.1583 0.0696 0.1827 0.2117 
       H7362  5 0.3333 0.2374 0.0866 0.0542 0.1356 0.0845 0.0683 
       H7363  5 0.1434 0.1872 0.1038 0.1276 0.1334 0.1588 0.1458 
       H7394  5 0.1049 0.2595 0.1179 0.0499 0.1245 0.1196 0.2238 
       H7395  5 0.1443 0.1085 0.1729 0.1279 0.0575 0.1105 0.2785 
       H7396  5 0.1236 0.1859 0.1979 0.0989 0.1158 0.1117 0.1663 
        H742  5 0.0990 0.0732 0.1474 0.3311 0.0961 0.0868 0.1664 
        H743  5 0.1184 0.0640 0.1818 0.2547 0.1986 0.1138 0.0686 
        H744  5 0.0693 0.0597 0.0907 0.2374 0.2682 0.2057 0.0690 
        H957  5 0.1497 0.2051 0.1209 0.0693 0.0413 0.1745 0.2391 
        H958  5 0.1306 0.2804 0.1150 0.0919 0.1322 0.1242 0.1258 
        H959  5 0.0995 0.0744 0.1551 0.2514 0.0704 0.1832 0.1659 
        H960  5 0.1279 0.1446 0.1033 0.1445 0.2732 0.0905 0.1160 
      H_PALI  6 0.1527 0.1643 0.2050 0.0865 0.0620 0.1356 0.1938 
        H581  6 0.1327 0.1652 0.1670 0.1624 0.0904 0.1772 0.1051 
        H582  6 0.1172 0.0852 0.1082 0.2519 0.0425 0.3015 0.0935 
        H583  6 0.1579 0.1116 0.1854 0.1412 0.0932 0.1638 0.1470 
        H595  6 0.1604 0.3409 0.1321 0.0491 0.1274 0.1011 0.0890 
        H596  6 0.1439 0.2838 0.0943 0.0546 0.1873 0.1167 0.1193 
        H597  6 0.2028 0.1492 0.1232 0.0867 0.1788 0.0926 0.1667 
        H598  6 0.1282 0.1650 0.1359 0.1079 0.1231 0.1192 0.2209 
        H599  6 0.0942 0.0766 0.1397 0.3641 0.1114 0.1271 0.0869 
        H642  6 0.1900 0.2256 0.1252 0.0497 0.1503 0.1762 0.0830 
        H643  6 0.1219 0.1392 0.1058 0.1027 0.2922 0.1022 0.1360 
        H664  6 0.1198 0.1009 0.1937 0.1681 0.0522 0.2893 0.0760 
        H665  6 0.1171 0.1206 0.1519 0.1529 0.1149 0.0940 0.2485 
        H674  6 0.2174 0.2015 0.1166 0.0627 0.1198 0.1780 0.1040 
        H675  6 0.1638 0.1206 0.1168 0.1683 0.1111 0.2003 0.1191 
        H676  6 0.1307 0.4047 0.0970 0.0521 0.0609 0.1378 0.1168 
        H686  6 0.1734 0.1746 0.1791 0.0930 0.0437 0.1212 0.2150 
        H687  6 0.1698 0.2209 0.1690 0.0832 0.0882 0.1400 0.1289 
        H917  6 0.1158 0.3083 0.0991 0.1024 0.1742 0.1062 0.0940 
        H918  6 0.1357 0.0816 0.1763 0.3014 0.0733 0.0988 0.1328 
        H919  6 0.0747 0.0742 0.1136 0.3085 0.1350 0.1940 0.1000 
        H920  6 0.1271 0.1386 0.1319 0.2118 0.0532 0.2293 0.1082 
        H631  7 0.1494 0.1132 0.1483 0.1682 0.0528 0.1595 0.2086 
        H684  7 0.1712 0.1519 0.1185 0.0465 0.0483 0.1962 0.2674 
        H685  7 0.0649 0.1525 0.0965 0.1367 0.2195 0.2736 0.0562 
        H713  7 0.0744 0.0748 0.1800 0.2292 0.0501 0.3028 0.0887 
        H715  7 0.1975 0.1477 0.1179 0.0566 0.0691 0.1506 0.2605 
        H716  7 0.1328 0.0777 0.1081 0.3160 0.0720 0.0970 0.1964 
        H717  7 0.1440 0.0963 0.0917 0.2887 0.1259 0.1731 0.0803 
        H729  7 0.1181 0.1043 0.0692 0.1006 0.4576 0.0740 0.0761 
        H730  7 0.0681 0.0575 0.0576 0.1887 0.4891 0.0762 0.0627 
        H431  8 0.1187 0.1103 0.1226 0.1356 0.2380 0.1610 0.1137 
        H432  8 0.1943 0.3211 0.0835 0.1230 0.1146 0.1001 0.0633 
        H433  8 0.1359 0.2299 0.1113 0.1049 0.1581 0.1242 0.1357 
        H434  8 0.1441 0.1424 0.1757 0.0917 0.1592 0.1289 0.1579 
        H444  8 0.1335 0.1482 0.1282 0.2101 0.1070 0.1448 0.1282 
        H454  8 0.0866 0.0847 0.1020 0.3624 0.0747 0.1993 0.0902 
        H475  8 0.0879 0.1257 0.1543 0.2105 0.0440 0.1893 0.1883 
        H491  8 0.1353 0.1120 0.1553 0.1929 0.0476 0.1426 0.2143 
        H492  8 0.1180 0.1320 0.1949 0.1830 0.1060 0.1693 0.0966 
        H493  8 0.1980 0.1535 0.1420 0.0782 0.0918 0.1227 0.2138 
        H494  8 0.1419 0.1528 0.0953 0.2138 0.1330 0.1733 0.0898 
        H495  8 0.1099 0.0834 0.2659 0.1454 0.0389 0.2054 0.1511 
        H662  8 0.1808 0.0925 0.2780 0.1224 0.0921 0.1500 0.0841 
        H663  8 0.1387 0.1790 0.1352 0.1610 0.1721 0.1146 0.0994 
        H695  8 0.1276 0.0961 0.1332 0.1641 0.2382 0.1289 0.1120 
       H7367  8 0.0903 0.1084 0.0680 0.0463 0.5455 0.0718 0.0697 
       H7368  8 0.2289 0.1682 0.1141 0.0865 0.0910 0.1418 0.1695 
       H7369  8 0.1249 0.1161 0.1174 0.2153 0.1189 0.0935 0.2140 
       H7370  8 0.0988 0.2410 0.1268 0.0419 0.3018 0.0833 0.1064 
       H7371  8 0.1349 0.1820 0.1199 0.1316 0.1808 0.1271 0.1236 
        H600  9 0.1170 0.0914 0.2014 0.1416 0.0780 0.1386 0.2320 
        H648  9 0.1652 0.1914 0.0988 0.1130 0.1053 0.2160 0.1103 
        H696  9 0.2316 0.1881 0.1538 0.0504 0.1572 0.1424 0.0764 
        H697  9 0.1455 0.1386 0.1083 0.1384 0.2429 0.1077 0.1186 
        H698  9 0.1356 0.1389 0.0784 0.0951 0.3958 0.0864 0.0699 
        H699  9 0.1459 0.1392 0.1230 0.1301 0.2435 0.1212 0.0970 
        H700  9 0.0748 0.0599 0.2526 0.0803 0.0435 0.0998 0.3890 
        H732  9 0.1414 0.0764 0.1303 0.2813 0.0804 0.2293 0.0609 
        H733  9 0.1257 0.2192 0.1410 0.0726 0.2130 0.1341 0.0945 
        H734  9 0.1193 0.2726 0.2267 0.0582 0.0690 0.1037 0.1505 
        H735  9 0.1403 0.2123 0.1199 0.0773 0.2081 0.1724 0.0697 
        H736  9 0.1246 0.1030 0.2782 0.1079 0.0758 0.1496 0.1608 
        H737  9 0.1098 0.0633 0.0949 0.1422 0.3638 0.0910 0.1350 
        H905  9 0.1023 0.0868 0.1618 0.1531 0.0746 0.1383 0.2831 
        H921  9 0.1079 0.1110 0.1643 0.1694 0.1541 0.1535 0.1398 
        H922  9 0.1506 0.2406 0.1099 0.0990 0.1722 0.1407 0.0869 
     H169705 10 0.0796 0.2213 0.0807 0.0491 0.3948 0.0966 0.0778 
     H171942 10 0.1723 0.3130 0.0782 0.1241 0.1164 0.1250 0.0710 
     H171943 10 0.1378 0.2436 0.1630 0.0923 0.0998 0.1113 0.1521 
     H171944 10 0.1198 0.1612 0.1951 0.0844 0.1449 0.1333 0.1615 
     H171946 10 0.1374 0.0948 0.2405 0.1097 0.0669 0.2125 0.1383 
     H171947 10 0.1416 0.1178 0.1508 0.1532 0.2119 0.1137 0.1111 
     H229641 10 0.1549 0.1881 0.1412 0.1452 0.1175 0.1615 0.0915 
      H30001 10 0.1554 0.1749 0.1475 0.1073 0.1025 0.1682 0.1442 
      H30002 10 0.1091 0.0778 0.2217 0.0957 0.1301 0.0936 0.2720 
      H30005 10 0.1257 0.1662 0.0903 0.0639 0.3525 0.1148 0.0865 
      H30006 10 0.0942 0.0839 0.0580 0.0965 0.5570 0.0610 0.0494 
      H30007 10 0.2338 0.1151 0.2353 0.1325 0.0471 0.0907 0.1455 
        H451 10 0.1323 0.2459 0.1035 0.0982 0.0856 0.1692 0.1653 
        H452 10 0.1190 0.1398 0.0603 0.0742 0.4586 0.0868 0.0613 
        H453 10 0.1354 0.0667 0.1256 0.2053 0.0613 0.1928 0.2129 
