        H102  1 0.1578 0.3224 0.1631 0.1143 0.2425 
        H103  1 0.2964 0.1599 0.0875 0.1436 0.3126 
        H104  1 0.1479 0.2204 0.2488 0.2596 0.1233 
        H105  1 0.1724 0.2887 0.1465 0.1885 0.2039 
        H106  1 0.2251 0.1812 0.2173 0.1656 0.2108 
        H112  1 0.1826 0.2470 0.2311 0.1818 0.1574 
        H113  1 0.1904 0.2237 0.1072 0.3432 0.1355 
        H114  1 0.2058 0.2295 0.0830 0.3165 0.1652 
        H115  1 0.1249 0.3593 0.1596 0.2036 0.1527 
        H143  1 0.1756 0.3290 0.1165 0.1745 0.2044 
        H144  1 0.2181 0.2257 0.0720 0.1863 0.2979 
        H145  1 0.2256 0.1937 0.0858 0.1459 0.3490 
        H149  1 0.1704 0.2012 0.3191 0.1497 0.1596 
        H150  1 0.2002 0.1999 0.1569 0.2134 0.2297 
     H167542  1 0.1121 0.3626 0.1054 0.2872 0.1327 
     H169604  1 0.1479 0.2703 0.1245 0.2523 0.2050 
     H169607  1 0.1713 0.2212 0.1128 0.2054 0.2893 
     H169608  1 0.1539 0.2400 0.2781 0.1108 0.2172 
     H169633  1 0.1742 0.2217 0.0933 0.3312 0.1796 
     H169688  1 0.2557 0.1180 0.2207 0.1260 0.2797 
     H169714  1 0.1664 0.2185 0.2493 0.2189 0.1469 
     H171802  1 0.1680 0.1308 0.3268 0.2405 0.1340 
     H171805  1 0.2468 0.1877 0.1320 0.1654 0.2681 
     H171807  1 0.1906 0.1886 0.2433 0.1627 0.2148 
     H171814  1 0.2139 0.1258 0.1066 0.3160 0.2377 
     H171816  1 0.1891 0.1715 0.2623 0.1823 0.1948 
     H171817  1 0.1866 0.1802 0.2716 0.1942 0.1674 
     H171818  1 0.2395 0.2339 0.1578 0.1901 0.1787 
     H171819  1 0.2180 0.1704 0.1950 0.2328 0.1837 
     H171834  1 0.2272 0.2674 0.1298 0.1549 0.2207 
     H171835  1 0.1430 0.1589 0.3502 0.2375 0.1104 
     H171836  1 0.2824 0.1796 0.0642 0.2416 0.2323 
     H171837  1 0.1378 0.2582 0.1792 0.2699 0.1547 
     H171838  1 0.2972 0.1774 0.0988 0.1546 0.2721 
     H171839  1 0.1448 0.2343 0.2370 0.2571 0.1269 
     H171841  1 0.1634 0.1057 0.4775 0.0847 0.1688 
     H171860  1 0.1678 0.2240 0.1539 0.2697 0.1847 
     H171861  1 0.2483 0.2707 0.0725 0.1579 0.2506 
     H171862  1 0.2163 0.2473 0.1378 0.1732 0.2254 
     H171868  1 0.1552 0.4085 0.1020 0.1794 0.1548 
     H171869  1 0.2866 0.1551 0.1299 0.1569 0.2715 
     H171870  1 0.2137 0.1525 0.2909 0.1343 0.2086 
     H171871  1 0.2741 0.1566 0.1111 0.2169 0.2414 
     H171872  1 0.1441 0.2502 0.2193 0.2384 0.1480 
     H171873  1 0.2014 0.1390 0.2721 0.1742 0.2134 
     H171874  1 0.2292 0.2156 0.1263 0.1498 0.2791 
     H171875  1 0.2362 0.2473 0.0686 0.2267 0.2212 
     H171876  1 0.2071 0.2583 0.1116 0.1913 0.2317 
     H171877  1 0.1210 0.3895 0.1002 0.2814 0.1079 
     H171878  1 0.2560 0.1292 0.2929 0.1142 0.2077 
     H171901  1 0.1781 0.1057 0.3837 0.1670 0.1655 
     H171902  1 0.1537 0.1694 0.2494 0.1424 0.2851 
     H171903  1 0.2174 0.2090 0.1525 0.2247 0.1965 
     H171935  1 0.2293 0.1178 0.3369 0.1188 0.1972 
     H171936  1 0.1777 0.1998 0.1181 0.3375 0.1670 
     H171940  1 0.1570 0.2843 0.2127 0.1734 0.1726 
     H171945  1 0.1746 0.1608 0.2321 0.1668 0.2657 
     H171948  1 0.2293 0.2158 0.1991 0.1618 0.1940 
     H171949  1 0.1508 0.1966 0.3728 0.1471 0.1327 
     H171950  1 0.1321 0.1604 0.4496 0.1267 0.1312 
     H171963  1 0.3193 0.1389 0.1272 0.1531 0.2615 
     H171964  1 0.2661 0.1625 0.1040 0.1500 0.3174 
     H171966  1 0.3006 0.1590 0.1888 0.1301 0.2214 
     H171968  1 0.1447 0.2071 0.2615 0.1250 0.2617 
     H171971  1 0.3045 0.1322 0.1802 0.1599 0.2231 
     H171972  1 0.2502 0.1707 0.0953 0.1914 0.2924 
     H171977  1 0.2189 0.1925 0.0965 0.2007 0.2915 
     H171978  1 0.2091 0.1558 0.3047 0.1217 0.2087 
     H171979  1 0.2816 0.1529 0.0959 0.1930 0.2766 
        H176  1 0.1813 0.2306 0.1482 0.2420 0.1979 
        H177  1 0.1376 0.1736 0.4082 0.1253 0.1553 
        H179  1 0.1230 0.2778 0.2666 0.2195 0.1130 
        H181  1 0.2948 0.1769 0.1039 0.1800 0.2445 
        H182  1 0.2585 0.2318 0.0691 0.1419 0.2987 
        H183  1 0.2776 0.1385 0.1339 0.1737 0.2763 
        H184  1 0.1949 0.2285 0.2417 0.1597 0.1752 
        H185  1 0.2450 0.2004 0.1007 0.2020 0.2519 
        H186  1 0.1989 0.2195 0.1903 0.1163 0.2750 
        H187  1 0.2252 0.1426 0.2419 0.1667 0.2236 
        H188  1 0.1215 0.3319 0.1571 0.2855 0.1040 
        H192  1 0.2023 0.1759 0.3199 0.1312 0.1706 
        H193  1 0.2429 0.2375 0.0893 0.1201 0.3102 
        H194  1 0.1864 0.2335 0.1846 0.2149 0.1805 
        H195  1 0.2756 0.1204 0.1863 0.1210 0.2968 
        H199  1 0.2238 0.1323 0.1597 0.1557 0.3286 
        H200  1 0.1745 0.1646 0.2543 0.2475 0.1591 
        H414  1 0.2163 0.1708 0.1957 0.1731 0.2442 
        H415  1 0.2079 0.1988 0.1070 0.2843 0.2020 
        H422  1 0.1884 0.1749 0.2508 0.1391 0.2468 
        H423  1 0.1162 0.0981 0.5833 0.0970 0.1054 
        H424  1 0.2538 0.1665 0.1182 0.1886 0.2729 
        H425  1 0.2109 0.1488 0.1385 0.1742 0.3277 
        H426  1 0.2616 0.1218 0.1450 0.1112 0.3604 
        H443  1 0.1662 0.2637 0.0865 0.1723 0.3113 
        H466  1 0.2211 0.1954 0.1957 0.1806 0.2072 
        H467  1 0.1616 0.1555 0.4023 0.1428 0.1377 
        H472  1 0.1669 0.1987 0.2164 0.2404 0.1776 
        H483  1 0.2034 0.2817 0.0971 0.1912 0.2265 
        H504  1 0.2221 0.1252 0.1167 0.1939 0.3421 
        H505  1 0.1669 0.2283 0.2468 0.2136 0.1444 
        H506  1 0.2055 0.2040 0.1741 0.1474 0.2689 
        H507  1 0.2616 0.1914 0.0776 0.2251 0.2444 
        H508  1 0.2270 0.1438 0.3101 0.1467 0.1723 
        H524  1 0.1786 0.1725 0.1163 0.3430 0.1897 
        H525  1 0.1974 0.2291 0.1077 0.1882 0.2775 
        H526  1 0.1200 0.3293 0.0986 0.2951 0.1570 
        H527  1 0.1871 0.1643 0.2943 0.1298 0.2245 
        H528  1 0.2424 0.2014 0.0788 0.2634 0.2141 
        H529  1 0.2132 0.2023 0.0820 0.2490 0.2534 
        H533  1 0.3125 0.1575 0.0744 0.1877 0.2678 
        H538  1 0.1511 0.2510 0.1756 0.2467 0.1756 
        H539  1 0.2362 0.1501 0.2294 0.1236 0.2607 
        H540  1 0.2139 0.1951 0.1664 0.1968 0.2278 
        H541  1 0.1651 0.2777 0.1248 0.2712 0.1612 
        H558  1 0.2789 0.1339 0.1430 0.1275 0.3167 
        H559  1 0.1651 0.2853 0.1616 0.1503 0.2377 
        H579  1 0.2123 0.2419 0.1040 0.1136 0.3282 
        H584  1 0.2691 0.1605 0.1122 0.1871 0.2711 
        H585  1 0.2691 0.1637 0.1382 0.2276 0.2014 
        H605  1 0.1525 0.2026 0.2897 0.1589 0.1962 
        H606  1 0.1100 0.2116 0.4086 0.1358 0.1339 
        H632  1 0.2281 0.2131 0.0981 0.1511 0.3096 
        H634  1 0.2291 0.2024 0.1420 0.1901 0.2364 
        H671  1 0.1438 0.1244 0.4640 0.1473 0.1205 
        H672  1 0.1499 0.1438 0.1845 0.3704 0.1515 
        H673  1 0.1902 0.3006 0.1163 0.1667 0.2263 
        H689  1 0.1943 0.2677 0.1101 0.2234 0.2045 
        H690  1 0.1503 0.3002 0.1771 0.2249 0.1474 
        H691  1 0.1476 0.3207 0.1220 0.2281 0.1815 
        H692  1 0.3002 0.1873 0.0572 0.1867 0.2686 
        H709  1 0.1903 0.2412 0.1239 0.2322 0.2124 
        H710  1 0.2838 0.1957 0.0638 0.1792 0.2776 
       H7355  1 0.1806 0.2956 0.0737 0.2534 0.1966 
       H7356  1 0.2282 0.1769 0.1746 0.1770 0.2433 
       H7357  1 0.1536 0.2928 0.2195 0.1810 0.1531 
       H7358  1 0.1732 0.2895 0.1264 0.2413 0.1696 
       H7380  1 0.2167 0.2815 0.1051 0.1378 0.2589 
       H7381  1 0.2076 0.1563 0.2734 0.1433 0.2193 
       H7382  1 0.2039 0.2260 0.1417 0.1860 0.2424 
        H904  1 0.1041 0.2025 0.4850 0.1071 0.1014 
        H923  1 0.1842 0.1775 0.2520 0.2189 0.1674 
        H924  1 0.1690 0.2257 0.2206 0.1887 0.1961 
        H925  1 0.1225 0.3188 0.1088 0.2986 0.1514 
       H9558  1 0.2810 0.1381 0.1242 0.1243 0.3323 
        H008  2 0.2508 0.2088 0.0794 0.2510 0.2100 
        H021  2 0.1575 0.2539 0.2184 0.1905 0.1797 
        H023  2 0.1490 0.2571 0.2299 0.2020 0.1621 
        H024  2 0.2576 0.1147 0.0737 0.3709 0.1831 
        H025  2 0.1963 0.1601 0.3143 0.1322 0.1970 
        H026  2 0.2440 0.1215 0.0822 0.2931 0.2592 
        H027  2 0.1415 0.2399 0.1225 0.3332 0.1628 
        H028  2 0.2550 0.1935 0.1267 0.2082 0.2166 
        H029  2 0.1941 0.1774 0.1192 0.3000 0.2093 
        H030  2 0.3171 0.1390 0.0858 0.2151 0.2430 
        H038  2 0.1452 0.1752 0.3544 0.1601 0.1651 
        H039  2 0.0830 0.0846 0.6692 0.0877 0.0755 
        H040  2 0.1761 0.1301 0.4157 0.1352 0.1429 
        H041  2 0.1722 0.2561 0.1117 0.3291 0.1309 
        H042  2 0.1714 0.2416 0.1899 0.1992 0.1979 
        H043  2 0.1599 0.0901 0.5416 0.0777 0.1308 
        H044  2 0.3212 0.1429 0.1129 0.1637 0.2593 
        H047  2 0.2235 0.1487 0.2342 0.1756 0.2181 
        H050  2 0.1896 0.1770 0.1008 0.3633 0.1693 
        H058  2 0.2436 0.1534 0.2683 0.1540 0.1808 
        H062  2 0.1104 0.3481 0.1885 0.1994 0.1536 
        H063  2 0.1779 0.1754 0.3211 0.1750 0.1507 
        H065  2 0.2067 0.1794 0.1900 0.1430 0.2809 
        H066  2 0.2978 0.1173 0.1587 0.2313 0.1949 
        H067  2 0.1812 0.2787 0.1076 0.2276 0.2048 
        H068  2 0.1717 0.1592 0.3755 0.1518 0.1418 
        H069  2 0.2302 0.1342 0.2321 0.1749 0.2285 
        H071  2 0.1659 0.2188 0.2350 0.2068 0.1735 
        H072  2 0.1495 0.1361 0.4343 0.1579 0.1223 
        H073  2 0.1769 0.2142 0.1272 0.2399 0.2418 
        H081  2 0.1415 0.3268 0.1452 0.2579 0.1287 
        H082  2 0.3126 0.1587 0.0827 0.1862 0.2598 
        H083  2 0.2937 0.1723 0.0966 0.1340 0.3034 
        H084  2 0.2235 0.1665 0.2194 0.2193 0.1712 
        H085  2 0.1100 0.3070 0.0987 0.3517 0.1326 
        H087  2 0.1336 0.3691 0.1023 0.2481 0.1469 
        H088  2 0.1818 0.2136 0.2589 0.1754 0.1703 
        H089  2 0.1489 0.2953 0.1346 0.2484 0.1728 
        H090  2 0.1658 0.1605 0.0900 0.4193 0.1644 
        H091  2 0.1310 0.1999 0.0666 0.4482 0.1544 
        H098  2 0.2557 0.1746 0.1345 0.2642 0.1710 
      H10001  2 0.0763 0.0951 0.6789 0.0754 0.0742 
      H10002  2 0.1488 0.2699 0.2637 0.1395 0.1781 
        H101  2 0.2128 0.1239 0.1181 0.3798 0.1654 
        H108  2 0.1181 0.3072 0.2915 0.1717 0.1115 
        H109  2 0.2332 0.1164 0.2261 0.2538 0.1706 
        H110  2 0.1858 0.3301 0.0914 0.1960 0.1967 
        H116  2 0.2713 0.1600 0.1189 0.1724 0.2773 
        H117  2 0.1786 0.1638 0.0786 0.4544 0.1246 
        H118  2 0.1487 0.1885 0.0657 0.3883 0.2087 
        H119  2 0.1844 0.2109 0.2060 0.2581 0.1407 
        H120  2 0.1001 0.2687 0.3783 0.1428 0.1102 
        H121  2 0.1339 0.1843 0.0881 0.4471 0.1466 
        H125  2 0.1036 0.1051 0.6403 0.0791 0.0719 
        H126  2 0.2720 0.1594 0.1410 0.1371 0.2905 
        H128  2 0.1566 0.1149 0.0475 0.4736 0.2074 
        H129  2 0.3016 0.1573 0.0898 0.1386 0.3126 
        H130  2 0.2036 0.1292 0.3561 0.0787 0.2325 
        H133  2 0.1284 0.1046 0.5108 0.1132 0.1430 
        H134  2 0.2919 0.1333 0.0830 0.1151 0.3767 
        H135  2 0.1756 0.2476 0.1878 0.1917 0.1973 
        H137  2 0.2058 0.1420 0.1706 0.3333 0.1482 
        H138  2 0.2832 0.1725 0.0850 0.1211 0.3381 
        H140  2 0.1600 0.1659 0.1578 0.3523 0.1640 
        H146  2 0.1177 0.1466 0.0991 0.4742 0.1625 
        H147  2 0.1830 0.2546 0.0997 0.2743 0.1883 
        H148  2 0.1497 0.2547 0.0915 0.3536 0.1504 
     H166022  2 0.2629 0.1876 0.0859 0.2205 0.2432 
     H167359  2 0.2552 0.1508 0.1672 0.2099 0.2169 
     H167397  2 0.2626 0.1486 0.0524 0.2928 0.2436 
     H167428  2 0.1550 0.3298 0.0529 0.3019 0.1605 
     H167496  2 0.1294 0.1938 0.3614 0.1995 0.1159 
     H167513  2 0.3069 0.1095 0.2499 0.1347 0.1991 
     H167545  2 0.2131 0.1992 0.0918 0.1396 0.3562 
     H167547  2 0.3276 0.1025 0.0961 0.2457 0.2281 
     H169621  2 0.2266 0.1979 0.0847 0.2833 0.2075 
     H169622  2 0.1962 0.2005 0.1323 0.1695 0.3016 
     H169750  2 0.2327 0.1198 0.3138 0.1216 0.2121 
     H171806  2 0.1512 0.1683 0.1844 0.3298 0.1663 
     H171808  2 0.1669 0.2318 0.1674 0.2083 0.2256 
     H171809  2 0.1622 0.3189 0.1562 0.1801 0.1826 
     H171813  2 0.2234 0.1891 0.1818 0.1765 0.2292 
     H171815  2 0.1344 0.1238 0.5099 0.1024 0.1294 
     H171824  2 0.1354 0.2530 0.2412 0.2421 0.1282 
     H171825  2 0.1978 0.2022 0.1382 0.1772 0.2845 
     H171826  2 0.2010 0.2413 0.1792 0.2007 0.1778 
     H171827  2 0.2048 0.2296 0.1922 0.1589 0.2144 
     H171828  2 0.1000 0.2357 0.4262 0.1498 0.0883 
     H171829  2 0.2445 0.1304 0.2499 0.1540 0.2213 
     H171830  2 0.2733 0.1513 0.1708 0.2209 0.1836 
     H171831  2 0.3177 0.1620 0.0865 0.1736 0.2602 
     H171832  2 0.2541 0.1836 0.1247 0.1400 0.2976 
     H171863  2 0.3202 0.1422 0.0790 0.1779 0.2807 
     H171864  2 0.1891 0.1805 0.1592 0.3193 0.1520 
     H171865  2 0.1670 0.1479 0.4035 0.1501 0.1315 
     H171879  2 0.2095 0.1394 0.1611 0.3257 0.1644 
     H171880  2 0.2197 0.1313 0.1008 0.3858 0.1624 
     H171881  2 0.2084 0.2587 0.1110 0.2157 0.2062 
     H171882  2 0.0982 0.1373 0.5708 0.0930 0.1007 
     H171929  2 0.2248 0.2010 0.1352 0.2519 0.1871 
     H171930  2 0.2754 0.1301 0.0883 0.2383 0.2679 
     H171933  2 0.2209 0.1749 0.1617 0.2473 0.1952 
     H171934  2 0.1435 0.2669 0.1198 0.3002 0.1695 
     H171937  2 0.3069 0.1594 0.1155 0.1720 0.2463 
     H171962  2 0.2169 0.2584 0.1055 0.2029 0.2163 
        H190  2 0.2259 0.1858 0.1387 0.2090 0.2406 
        H191  2 0.2492 0.1942 0.1649 0.2096 0.1821 
        H396  2 0.1003 0.3601 0.1236 0.2646 0.1513 
        H397  2 0.2175 0.1824 0.1555 0.2013 0.2433 
        H398  2 0.1786 0.2219 0.1875 0.1848 0.2272 
        H400  2 0.1524 0.2836 0.1417 0.2343 0.1880 
        H401  2 0.2880 0.1227 0.0563 0.3546 0.1784 
        H402  2 0.2474 0.1800 0.1255 0.2338 0.2133 
        H427  2 0.1440 0.3515 0.1105 0.2460 0.1481 
        H428  2 0.1610 0.3372 0.0529 0.3080 0.1409 
        H497  2 0.2112 0.1265 0.3578 0.1260 0.1786 
        H512  2 0.2471 0.1933 0.1412 0.2368 0.1816 
        H513  2 0.3316 0.1104 0.2433 0.1285 0.1862 
        H514  2 0.2835 0.1578 0.1390 0.1162 0.3035 
        H519  2 0.3351 0.1215 0.1942 0.1452 0.2041 
        H532  2 0.1263 0.2998 0.0810 0.3024 0.1905 
        H543  2 0.2259 0.2158 0.1024 0.2274 0.2285 
        H544  2 0.2633 0.1340 0.2028 0.1177 0.2823 
        H545  2 0.2247 0.1850 0.0880 0.1362 0.3661 
        H546  2 0.1649 0.1674 0.3795 0.1195 0.1688 
        H547  2 0.3170 0.1016 0.0929 0.2426 0.2459 
        H548  2 0.1821 0.2376 0.1535 0.2406 0.1862 
        H549  2 0.2200 0.1054 0.3403 0.1440 0.1903 
        H620  2 0.1020 0.1450 0.5564 0.0994 0.0972 
        H623  2 0.2640 0.1486 0.1261 0.1497 0.3115 
        H624  2 0.1847 0.1179 0.3511 0.0868 0.2595 
        H625  2 0.1733 0.2894 0.1184 0.2372 0.1817 
        H626  2 0.2425 0.1533 0.2202 0.1947 0.1893 
        H654  2 0.1061 0.0924 0.6584 0.0608 0.0823 
        H655  2 0.1937 0.1873 0.2438 0.1420 0.2333 
        H656  2 0.0912 0.1758 0.5016 0.1255 0.1059 
        H666  2 0.0986 0.0911 0.5677 0.1459 0.0966 
        H667  2 0.1655 0.2767 0.1409 0.1595 0.2575 
        H677  2 0.1526 0.2314 0.1316 0.2459 0.2385 
        H693  2 0.1076 0.3738 0.2162 0.1921 0.1103 
        H694  2 0.2493 0.1478 0.1520 0.1957 0.2552 
        H701  2 0.2572 0.1776 0.1205 0.2245 0.2202 
        H702  2 0.2388 0.1883 0.2006 0.1704 0.2020 
        H731  2 0.1609 0.2204 0.2306 0.1967 0.1915 
       H7359  2 0.2475 0.1594 0.1682 0.2104 0.2145 
       H7389  2 0.1868 0.1920 0.1126 0.3165 0.1920 
       H7390  2 0.1729 0.1403 0.4408 0.1226 0.1235 
       H7391  2 0.1310 0.3171 0.0888 0.3423 0.1208 
       H7392  2 0.1996 0.1767 0.2030 0.1899 0.2308 
       H7393  2 0.1857 0.1618 0.2856 0.1794 0.1875 
       H7398  2 0.1567 0.2528 0.1308 0.3267 0.1330 
       H7399  2 0.1869 0.2501 0.1024 0.2056 0.2549 
       H7400  2 0.0869 0.1102 0.6312 0.0750 0.0968 
        H745  2 0.3436 0.1424 0.0875 0.1407 0.2858 
        H746  2 0.2017 0.2577 0.1048 0.1379 0.2979 
        H747  2 0.1549 0.1355 0.4037 0.1886 0.1173 
        H748  2 0.2298 0.1671 0.1867 0.1776 0.2387 
       H7484  2 0.1413 0.1393 0.4503 0.1615 0.1076 
       H7485  2 0.3016 0.1382 0.2053 0.1415 0.2135 
        H749  2 0.2179 0.2041 0.1489 0.1342 0.2949 
        H930  2 0.2569 0.1390 0.0995 0.2593 0.2453 
        H931  2 0.1948 0.2369 0.1315 0.2845 0.1523 
        H932  2 0.1872 0.1718 0.1418 0.3281 0.1710 
        H111  3 0.3263 0.1303 0.1028 0.1496 0.2909 
        H951  3 0.2809 0.1755 0.0933 0.2208 0.2295 
        H952  3 0.2003 0.1615 0.1493 0.2750 0.2140 
        H953  3 0.1328 0.2688 0.0814 0.3751 0.1419 
        H954  3 0.1810 0.1256 0.4211 0.1371 0.1352 
        H955  3 0.2784 0.1475 0.0960 0.1931 0.2850 
        H956  3 0.1448 0.1635 0.2014 0.3431 0.1473 
       H9563  3 0.1882 0.2085 0.1632 0.2996 0.1405 
        H002  4 0.1755 0.2078 0.3084 0.0825 0.2257 
        H003  4 0.1794 0.2860 0.0862 0.1619 0.2864 
        H009  4 0.2464 0.1420 0.1613 0.1545 0.2958 
        H010  4 0.1897 0.2418 0.1307 0.2505 0.1873 
        H011  4 0.1381 0.2476 0.3370 0.1525 0.1248 
        H012  4 0.1988 0.2723 0.0956 0.2065 0.2268 
        H013  4 0.1631 0.3222 0.1950 0.1552 0.1645 
        H014  4 0.2766 0.2166 0.1387 0.1324 0.2357 
        H045  4 0.1231 0.3085 0.1689 0.2990 0.1005 
        H046  4 0.1975 0.2429 0.0996 0.1633 0.2967 
        H051  4 0.1623 0.2791 0.2326 0.1842 0.1419 
        H052  4 0.1620 0.1482 0.3613 0.1288 0.1997 
        H053  4 0.1971 0.1795 0.2305 0.1936 0.1993 
        H056  4 0.2089 0.1562 0.3461 0.1140 0.1749 
        H076  4 0.2443 0.1984 0.0968 0.2134 0.2471 
        H151  4 0.1499 0.1494 0.4555 0.1021 0.1431 
        H152  4 0.2056 0.1966 0.2690 0.1254 0.2034 
     H171803  4 0.1837 0.1838 0.3280 0.1383 0.1662 
     H171804  4 0.1936 0.1996 0.2538 0.1878 0.1652 
     H171833  4 0.2894 0.1817 0.1196 0.1316 0.2777 
     H171855  4 0.1861 0.1133 0.4589 0.0890 0.1527 
     H171856  4 0.1751 0.1609 0.2549 0.2524 0.1568 
     H171857  4 0.2089 0.1400 0.3358 0.1360 0.1792 
     H171858  4 0.2079 0.2102 0.1604 0.2055 0.2160 
     H171859  4 0.1996 0.1969 0.2016 0.1888 0.2131 
     H171961  4 0.1594 0.2420 0.2600 0.1764 0.1622 
        H198  4 0.2539 0.2117 0.0730 0.1696 0.2918 
      H20001  4 0.3451 0.1531 0.1119 0.0975 0.2924 
        H403  4 0.2058 0.1440 0.2843 0.1649 0.2010 
        H404  4 0.2000 0.2913 0.0926 0.1798 0.2363 
        H405  4 0.1979 0.2306 0.1036 0.2130 0.2549 
        H406  4 0.2764 0.0885 0.1690 0.2456 0.2205 
        H407  4 0.1790 0.1884 0.1850 0.3176 0.1300 
        H410  4 0.2020 0.1350 0.0758 0.4526 0.1346 
        H411  4 0.2989 0.1963 0.0916 0.1076 0.3056 
        H468  4 0.3073 0.1004 0.2416 0.1259 0.2249 
        H476  4 0.2406 0.1082 0.2763 0.1456 0.2294 
        H477  4 0.2459 0.1648 0.1110 0.1224 0.3559 
        H478  4 0.2245 0.2478 0.1387 0.1284 0.2607 
        H479  4 0.1326 0.2490 0.2729 0.1850 0.1605 
        H480  4 0.2636 0.1625 0.1024 0.1668 0.3047 
        H498  4 0.2054 0.2144 0.1404 0.1587 0.2811 
        H499  4 0.2118 0.2620 0.1475 0.1481 0.2306 
        H500  4 0.1640 0.1756 0.3704 0.1575 0.1325 
        H515  4 0.2071 0.2107 0.2225 0.1546 0.2052 
        H516  4 0.2037 0.1697 0.1927 0.2577 0.1762 
        H517  4 0.2076 0.1517 0.1541 0.2993 0.1874 
        H518  4 0.1760 0.1151 0.3976 0.1374 0.1739 
        H520  4 0.1745 0.1268 0.4050 0.1438 0.1499 
        H521  4 0.2139 0.2312 0.1414 0.2459 0.1676 
        H522  4 0.2185 0.1710 0.2298 0.1723 0.2085 
        H523  4 0.1833 0.1843 0.1796 0.2538 0.1991 
        H536  4 0.1786 0.2627 0.1375 0.2015 0.2197 
        H645  4 0.0994 0.4099 0.1460 0.2343 0.1104 
        H646  4 0.1655 0.1408 0.0932 0.4135 0.1869 
        H647  4 0.2261 0.1258 0.2190 0.1879 0.2412 
        H657  4 0.2185 0.1708 0.1191 0.2697 0.2219 
        H658  4 0.1844 0.1671 0.1980 0.2438 0.2066 
        H659  4 0.1392 0.1185 0.5562 0.0770 0.1090 
        H660  4 0.2258 0.1897 0.2265 0.1466 0.2115 
        H661  4 0.2017 0.1453 0.3791 0.1032 0.1708 
        H668  4 0.1933 0.3415 0.0916 0.1587 0.2149 
        H669  4 0.1721 0.2069 0.1925 0.2569 0.1715 
        H670  4 0.1049 0.4331 0.1386 0.1690 0.1544 
        H678  4 0.2466 0.1719 0.1880 0.1963 0.1971 
        H679  4 0.2242 0.1458 0.1175 0.3157 0.1968 
        H680  4 0.3046 0.1590 0.1654 0.1594 0.2116 
        H681  4 0.1679 0.2487 0.2403 0.1384 0.2046 
        H682  4 0.2366 0.1798 0.1261 0.2504 0.2072 
        H683  4 0.2079 0.1042 0.3485 0.1626 0.1767 
        H718  4 0.1124 0.1492 0.4400 0.1929 0.1054 
        H719  4 0.1587 0.3282 0.1643 0.2153 0.1335 
        H720  4 0.1941 0.1578 0.3364 0.1199 0.1917 
        H721  4 0.2149 0.1737 0.2548 0.1230 0.2336 
        H722  4 0.2396 0.1062 0.3146 0.1237 0.2158 
        H723  4 0.1524 0.2026 0.2992 0.2131 0.1328 
        H724  4 0.1331 0.1242 0.4982 0.1402 0.1043 
        H725  4 0.1510 0.1192 0.4923 0.1096 0.1279 
        H726  4 0.1649 0.1824 0.3039 0.1713 0.1775 
        H727  4 0.1524 0.2564 0.2325 0.2236 0.1351 
        H910  4 0.1748 0.2179 0.2253 0.2137 0.1683 
        H911  4 0.2299 0.1232 0.1233 0.3381 0.1856 
        H912  4 0.2783 0.1304 0.2324 0.1679 0.1910 
        H913  4 0.1759 0.1603 0.2790 0.2118 0.1729 
        H914  4 0.1176 0.2820 0.2766 0.1979 0.1259 
        H915  4 0.2486 0.1392 0.2170 0.1813 0.2140 
        H916  4 0.2488 0.1485 0.1545 0.1844 0.2638 
       H9572  4 0.2421 0.1446 0.2886 0.1619 0.1629 
        H015  5 0.2842 0.1504 0.1058 0.1511 0.3085 
        H016  5 0.2710 0.1419 0.1236 0.1865 0.2770 
        H017  5 0.2264 0.1615 0.2281 0.1348 0.2493 
        H019  5 0.2687 0.1817 0.1579 0.1445 0.2472 
        H020  5 0.1430 0.2847 0.1885 0.2331 0.1507 
        H032  5 0.1927 0.1424 0.2672 0.1940 0.2037 
        H033  5 0.2119 0.2368 0.1119 0.2028 0.2365 
        H034  5 0.1470 0.2745 0.2512 0.1800 0.1472 
        H035  5 0.2140 0.1729 0.1901 0.2371 0.1860 
        H036  5 0.2643 0.1569 0.1202 0.2738 0.1849 
        H037  5 0.1777 0.1987 0.2636 0.1666 0.1934 
        H048  5 0.1473 0.2090 0.3306 0.2030 0.1101 
        H049  5 0.2663 0.1735 0.1427 0.1509 0.2666 
        H054  5 0.1871 0.1882 0.1582 0.2773 0.1892 
        H055  5 0.1805 0.2697 0.2103 0.1396 0.1998 
        H057  5 0.2453 0.1477 0.2032 0.0945 0.3093 
        H060  5 0.1608 0.2622 0.2028 0.1014 0.2727 
        H061  5 0.1781 0.2636 0.1178 0.2040 0.2366 
        H064  5 0.1831 0.2310 0.2498 0.1557 0.1803 
        H070  5 0.1553 0.2835 0.1790 0.1806 0.2016 
        H077  5 0.1648 0.1527 0.4049 0.1101 0.1675 
        H078  5 0.2219 0.1370 0.3218 0.1420 0.1773 
        H079  5 0.1519 0.2280 0.0927 0.3540 0.1733 
        H097  5 0.2620 0.1174 0.2502 0.1010 0.2694 
        H107  5 0.1110 0.2137 0.4437 0.1276 0.1039 
        H122  5 0.2157 0.1758 0.1827 0.1777 0.2481 
        H123  5 0.2150 0.1351 0.0969 0.3466 0.2065 
        H124  5 0.1958 0.1620 0.1041 0.3496 0.1885 
        H131  5 0.1644 0.1989 0.1128 0.3592 0.1647 
        H132  5 0.1770 0.2373 0.1852 0.2315 0.1690 
        H141  5 0.1724 0.1817 0.3283 0.1454 0.1722 
        H142  5 0.2322 0.2120 0.1014 0.1471 0.3073 
        H157  5 0.1806 0.1785 0.3185 0.1803 0.1421 
        H158  5 0.2313 0.1419 0.0871 0.2309 0.3088 
        H159  5 0.2614 0.1760 0.1205 0.1586 0.2835 
        H160  5 0.2076 0.1421 0.2635 0.1852 0.2017 
        H163  5 0.2427 0.2033 0.1137 0.1881 0.2522 
        H164  5 0.2729 0.2044 0.1410 0.1305 0.2512 
        H165  5 0.1531 0.2637 0.1062 0.3151 0.1618 
        H166  5 0.1980 0.2518 0.1028 0.2109 0.2365 
        H169  5 0.1961 0.2663 0.1303 0.1417 0.2656 
     H169613  5 0.1953 0.1993 0.1674 0.1572 0.2808 
     H169653  5 0.2559 0.2184 0.1043 0.1867 0.2347 
     H169728  5 0.2616 0.1508 0.1874 0.1677 0.2325 
     H169742  5 0.1084 0.3995 0.1397 0.2212 0.1313 
        H170  5 0.2683 0.1499 0.1474 0.1159 0.3186 
        H171  5 0.3012 0.1532 0.1188 0.1403 0.2864 
     H171851  5 0.2459 0.2000 0.1526 0.1436 0.2579 
     H171852  5 0.1750 0.1270 0.3947 0.1432 0.1601 
     H171853  5 0.1998 0.1909 0.2575 0.1899 0.1619 
     H171854  5 0.2950 0.1613 0.1752 0.1309 0.2375 
     H171938  5 0.1584 0.2983 0.1405 0.2088 0.1940 
     H171939  5 0.2489 0.1879 0.1188 0.2061 0.2384 
     H171941  5 0.1311 0.2972 0.2751 0.1550 0.1416 
     H171965  5 0.1992 0.2181 0.1026 0.1218 0.3583 
     H171970  5 0.1459 0.2089 0.4193 0.1116 0.1142 
     H171973  5 0.1663 0.2722 0.1186 0.2588 0.1841 
     H171974  5 0.1774 0.3214 0.1368 0.1997 0.1647 
     H171975  5 0.1996 0.2493 0.1782 0.2043 0.1685 
     H171976  5 0.2411 0.1429 0.2240 0.1028 0.2892 
        H175  5 0.1565 0.2025 0.2834 0.2294 0.1283 
        H178  5 0.1574 0.2617 0.1694 0.1918 0.2198 
        H189  5 0.2005 0.1819 0.0967 0.2731 0.2478 
        H399  5 0.2505 0.0995 0.2386 0.1816 0.2297 
        H416  5 0.1822 0.2523 0.1900 0.1782 0.1972 
        H438  5 0.1929 0.2460 0.1462 0.2578 0.1571 
        H450  5 0.1447 0.2383 0.2747 0.0995 0.2428 
        H455  5 0.1292 0.2783 0.3043 0.1804 0.1078 
        H456  5 0.1472 0.2891 0.1504 0.2208 0.1924 
        H457  5 0.2043 0.1591 0.3286 0.1095 0.1985 
        H458  5 0.1814 0.2437 0.2150 0.1822 0.1777 
        H459  5 0.2098 0.1885 0.0973 0.2634 0.2411 
        H460  5 0.1814 0.1824 0.2448 0.1527 0.2388 
        H461  5 0.2125 0.1459 0.1719 0.1361 0.3335 
        H462  5 0.2035 0.2068 0.1003 0.3414 0.1479 
        H469  5 0.2498 0.1810 0.0960 0.2677 0.2055 
        H470  5 0.2603 0.1715 0.2319 0.1513 0.1851 
        H471  5 0.2488 0.1174 0.1180 0.2821 0.2336 
        H481  5 0.1128 0.1515 0.4697 0.1562 0.1098 
        H482  5 0.2022 0.1813 0.2765 0.1233 0.2168 
        H501  5 0.2314 0.2051 0.1884 0.1950 0.1801 
        H502  5 0.2552 0.1673 0.0993 0.1953 0.2829 
        H503  5 0.2537 0.1876 0.1287 0.2126 0.2174 
        H509  5 0.1916 0.1530 0.3132 0.2201 0.1221 
        H510  5 0.2149 0.2859 0.1272 0.1345 0.2374 
        H511  5 0.2241 0.2096 0.1073 0.1514 0.3076 
        H530  5 0.1601 0.2269 0.2330 0.2283 0.1516 
        H531  5 0.1609 0.1078 0.4648 0.1254 0.1411 
        H564  5 0.1785 0.2239 0.2747 0.1290 0.1939 
        H565  5 0.1412 0.1617 0.4243 0.1148 0.1579 
        H567  5 0.1815 0.1660 0.0850 0.3896 0.1779 
     H568???  5 0.2821 0.1808 0.1088 0.1796 0.2486 
        H608  5 0.1495 0.2382 0.2792 0.1230 0.2101 
        H609  5 0.1347 0.3667 0.1128 0.2390 0.1468 
        H612  5 0.1172 0.2628 0.3818 0.1378 0.1003 
        H614  5 0.1536 0.1196 0.4606 0.1260 0.1402 
        H615  5 0.1734 0.1114 0.3952 0.1340 0.1861 
        H616  5 0.1034 0.2290 0.3983 0.1621 0.1073 
        H617  5 0.1864 0.2158 0.0970 0.3009 0.1999 
        H618  5 0.1551 0.2128 0.3235 0.1815 0.1270 
        H619  5 0.1070 0.4057 0.1236 0.2018 0.1619 
        H635  5 0.2227 0.2206 0.1389 0.1712 0.2466 
        H636  5 0.1215 0.3615 0.1074 0.1973 0.2123 
        H637  5 0.1372 0.2704 0.2428 0.1736 0.1760 
        H644  5 0.2894 0.1056 0.0691 0.2429 0.2931 
        H711  5 0.2443 0.1507 0.1767 0.1138 0.3145 
        H712  5 0.1134 0.3205 0.1805 0.2423 0.1433 
       H7360  5 0.2100 0.1591 0.2513 0.1358 0.2438 
       H7361  5 0.1822 0.1951 0.2710 0.1326 0.2191 
       H7362  5 0.3079 0.1373 0.0666 0.2057 0.2824 
       H7363  5 0.2071 0.2063 0.2224 0.1794 0.1848 
       H7394  5 0.2338 0.1987 0.0935 0.2151 0.2589 
       H7395  5 0.1874 0.3296 0.1351 0.1404 0.2075 
       H7396  5 0.2178 0.1985 0.1586 0.1978 0.2272 
        H742  5 0.1071 0.4015 0.1429 0.2347 0.1137 
        H743  5 0.1609 0.2159 0.2390 0.2338 0.1503 
        H744  5 0.1208 0.1722 0.3584 0.2442 0.1044 
        H957  5 0.2271 0.1803 0.1963 0.0992 0.2970 
        H958  5 0.2079 0.1609 0.1582 0.2505 0.2225 
        H959  5 0.1458 0.2594 0.3040 0.1439 0.1469 
        H960  5 0.1799 0.2071 0.1508 0.2929 0.1692 
      H_PALI  6 0.2800 0.1905 0.1465 0.1339 0.2490 
        H581  6 0.1923 0.1461 0.3040 0.1576 0.2000 
        H582  6 0.1709 0.1346 0.4643 0.0908 0.1394 
        H583  6 0.1909 0.1795 0.2611 0.1759 0.1926 
        H595  6 0.3199 0.1217 0.0944 0.2154 0.2486 
        H596  6 0.2595 0.1636 0.0874 0.2651 0.2243 
        H597  6 0.2393 0.1959 0.0849 0.2327 0.2472 
        H598  6 0.1856 0.2477 0.1772 0.2014 0.1882 
        H599  6 0.1383 0.2702 0.2427 0.2165 0.1323 
        H642  6 0.2882 0.1111 0.1544 0.1958 0.2505 
        H643  6 0.1833 0.1999 0.1518 0.3009 0.1641 
        H664  6 0.2011 0.0892 0.4668 0.0907 0.1522 
        H665  6 0.1651 0.3297 0.1262 0.1898 0.1892 
        H674  6 0.3367 0.1381 0.0807 0.1695 0.2750 
        H675  6 0.2244 0.1936 0.2412 0.1541 0.1867 
        H676  6 0.3022 0.1670 0.1078 0.1379 0.2850 
        H686  6 0.2326 0.2058 0.1566 0.1304 0.2746 
        H687  6 0.2400 0.1797 0.1737 0.1787 0.2278 
        H917  6 0.2205 0.2147 0.0859 0.2921 0.1868 
        H918  6 0.1442 0.3627 0.1195 0.2196 0.1540 
        H919  6 0.1395 0.2084 0.3295 0.2109 0.1118 
        H920  6 0.2382 0.1668 0.2828 0.1217 0.1904 
        H631  7 0.1645 0.2675 0.2401 0.1497 0.1781 
        H684  7 0.2682 0.1909 0.0835 0.1050 0.3524 
        H685  7 0.1624 0.1208 0.3754 0.2394 0.1019 
        H713  7 0.1645 0.1532 0.4715 0.0916 0.1192 
        H715  7 0.2523 0.2082 0.0969 0.1280 0.3146 
        H716  7 0.1342 0.3695 0.1586 0.1799 0.1578 
        H717  7 0.1933 0.2347 0.2180 0.1946 0.1594 
        H729  7 0.1717 0.2132 0.0690 0.3942 0.1519 
        H730  7 0.1240 0.2391 0.1268 0.3923 0.1178 
        H431  8 0.1775 0.1531 0.2577 0.2601 0.1516 
        H432  8 0.3052 0.1756 0.0784 0.2015 0.2394 
        H433  8 0.2052 0.2080 0.1226 0.2500 0.2142 
        H434  8 0.2145 0.2365 0.0992 0.2734 0.1764 
        H444  8 0.2026 0.3135 0.1216 0.1877 0.1746 
        H454  8 0.1436 0.2460 0.3311 0.1607 0.1185 
        H475  8 0.1561 0.1576 0.4225 0.0911 0.1727 
        H491  8 0.1881 0.2703 0.2010 0.1345 0.2061 
        H492  8 0.1740 0.1583 0.3424 0.1789 0.1465 
        H493  8 0.2580 0.1694 0.1510 0.1578 0.2637 
        H494  8 0.2018 0.2385 0.2108 0.2007 0.1481 
        H495  8 0.1686 0.1300 0.4344 0.0812 0.1858 
        H662  8 0.2499 0.1393 0.2124 0.1872 0.2111 
        H663  8 0.2124 0.1981 0.1895 0.2371 0.1629 
        H695  8 0.1775 0.1801 0.2123 0.2627 0.1674 
       H7367  8 0.1771 0.1633 0.0712 0.4475 0.1409 
       H7368  8 0.2553 0.2134 0.1117 0.1648 0.2548 
       H7369  8 0.1691 0.2852 0.1315 0.2267 0.1875 
       H7370  8 0.2416 0.1109 0.0870 0.3755 0.1849 
       H7371  8 0.2145 0.1885 0.1504 0.2655 0.1811 
        H600  9 0.1512 0.2264 0.3021 0.1412 0.1792 
        H648  9 0.2729 0.1741 0.1768 0.1583 0.2179 
        H696  9 0.3276 0.0999 0.0993 0.1941 0.2791 
        H697  9 0.2224 0.1954 0.1314 0.2707 0.1801 
        H698  9 0.2215 0.1455 0.1298 0.3321 0.1710 
        H699  9 0.2199 0.1833 0.1573 0.2619 0.1776 
        H700  9 0.1469 0.2868 0.2467 0.1249 0.1948 
        H732  9 0.1542 0.1373 0.4126 0.1462 0.1497 
        H733  9 0.2693 0.1577 0.1001 0.2876 0.1854 
        H734  9 0.2698 0.1331 0.1179 0.1762 0.3030 
        H735  9 0.2624 0.1364 0.1348 0.2758 0.1906 
        H736  9 0.1925 0.1726 0.2504 0.1479 0.2366 
        H737  9 0.1525 0.2539 0.1645 0.2878 0.1414 
        H905  9 0.1734 0.3003 0.2074 0.1483 0.1706 
        H921  9 0.1810 0.2488 0.2031 0.2140 0.1531 
        H922  9 0.2912 0.1756 0.0798 0.2439 0.2095 
     H169705 10 0.1786 0.1663 0.1038 0.4114 0.1399 
     H171942 10 0.2944 0.1924 0.0769 0.2074 0.2288 
     H171943 10 0.1923 0.2074 0.1501 0.1796 0.2706 
     H171944 10 0.2102 0.1884 0.1654 0.2328 0.2031 
     H171946 10 0.1958 0.1076 0.3987 0.1124 0.1854 
     H171947 10 0.2186 0.2057 0.1458 0.2376 0.1924 
     H229641 10 0.2482 0.1261 0.2361 0.1851 0.2045 
      H30001 10 0.2441 0.2134 0.1720 0.1764 0.1941 
      H30002 10 0.1549 0.2587 0.1450 0.2149 0.2265 
      H30005 10 0.2261 0.1847 0.0953 0.3556 0.1382 
      H30006 10 0.1420 0.1423 0.1229 0.4357 0.1571 
      H30007 10 0.2489 0.1686 0.0851 0.1469 0.3505 
        H451 10 0.2490 0.2471 0.0972 0.1650 0.2417 
        H452 10 0.2127 0.1133 0.1441 0.3789 0.1510 
        H453 10 0.1933 0.1763 0.3446 0.1190 0.1669 
        H473 10 0.1521 0.2092 0.2709 0.1674 0.2004 
        H474 10 0.1600 0.0993 0.5262 0.0915 0.1230 
        H486 10 0.2032 0.1606 0.2870 0.1935 0.1557 
        H487 10 0.1632 0.1788 0.2378 0.2686 0.1516 
        H488 10 0.1620 0.3263 0.1512 0.2022 0.1582 
        H489 10 0.1516 0.1430 0.3818 0.2034 0.1202 
        H550 10 0.2640 0.1348 0.1284 0.1645 0.3082 
        H551 10 0.1845 0.1873 0.1637 0.3406 0.1240 
        H553 10 0.1401 0.1252 0.3162 0.2998 0.1187 
        H554 10 0.2731 0.1973 0.1407 0.1378 0.2510 
        H556 10 0.1909 0.1427 0.2137 0.2609 0.1919 
        H580 10 0.1870 0.2362 0.1067 0.3004 0.1698 
        H591 10 0.1132 0.1568 0.4899 0.1441 0.0960 
        H592 10 0.2115 0.1423 0.2711 0.2071 0.1680 
        H593 10 0.2453 0.2112 0.1811 0.1272 0.2351 
        H594 10 0.2665 0.1492 0.0709 0.2582 0.2552 
        H627 10 0.2484 0.1360 0.2365 0.1486 0.2305 
        H628 10 0.1527 0.3101 0.0643 0.3009 0.1720 
        H629 10 0.2304 0.1257 0.3071 0.1309 0.2059 
        H630 10 0.2447 0.1325 0.2211 0.2231 0.1786 
        H638 10 0.3064 0.1314 0.1434 0.2075 0.2114 
        H639 10 0.1786 0.1114 0.4383 0.1338 0.1379 
        H640 10 0.2724 0.1535 0.1597 0.1732 0.2412 
        H704 10 0.2095 0.1958 0.1094 0.2127 0.2726 
        H705 10 0.1808 0.1614 0.1047 0.4210 0.1322 
        H706 10 0.1265 0.3050 0.1850 0.2652 0.1184 
        H708 10 0.1658 0.1238 0.4578 0.1272 0.1253 
       H7351 10 0.2235 0.1853 0.1720 0.1479 0.2713 
       H7352 10 0.2069 0.1758 0.2111 0.1849 0.2214 
       H7353 10 0.3133 0.1417 0.1014 0.1611 0.2826 
       H7354 10 0.1491 0.3233 0.1739 0.1277 0.2260 
       H7365 10 0.1337 0.1543 0.4786 0.1289 0.1045 
       H7383 10 0.1644 0.2869 0.2044 0.1745 0.1698 
       H7384 10 0.1410 0.2617 0.1582 0.2804 0.1587 
       H7385 10 0.1577 0.2709 0.2354 0.1735 0.1625 
       H7386 10 0.2053 0.2567 0.1319 0.2410 0.1650 
       H7387 10 0.2023 0.2434 0.1266 0.1763 0.2515 
       H7388 10 0.1893 0.1558 0.1271 0.3776 0.1502 
        H906 10 0.1873 0.2166 0.2425 0.1388 0.2148 
        H907 10 0.3206 0.1331 0.1112 0.1763 0.2588 
        H908 10 0.2353 0.2236 0.1611 0.1837 0.1963 
        H909 10 0.1573 0.3411 0.1461 0.1617 0.1939 
       H9552 10 0.2219 0.2012 0.1400 0.2292 0.2078 
       H9553 10 0.1381 0.1458 0.2029 0.3946 0.1186 
       H9555 10 0.2090 0.2149 0.1146 0.2570 0.2046 
       H9575 10 0.1958 0.1580 0.3469 0.1208 0.1784 
       H9703 10 0.0996 0.1469 0.4045 0.2300 0.1190 
       H9707 10 0.1689 0.1369 0.3664 0.1811 0.1467 
       HSAA4 10 0.1858 0.2462 0.1088 0.2926 0.1667 
        H001 11 0.1762 0.3237 0.1599 0.1837 0.1564 
        H004 11 0.2203 0.1892 0.1691 0.1640 0.2575 
        H005 11 0.1400 0.2348 0.3480 0.1213 0.1559 
        H006 11 0.1822 0.2371 0.1691 0.1756 0.2359 
        H007 11 0.1005 0.3700 0.2167 0.2073 0.1055 
        H031 11 0.1279 0.1386 0.4871 0.1400 0.1064 
        H074 11 0.1911 0.1338 0.4059 0.1266 0.1425 
        H075 11 0.1210 0.2899 0.2967 0.1617 0.1306 
        H080 11 0.1862 0.2177 0.2776 0.1858 0.1328 
        H086 11 0.1857 0.2202 0.1207 0.3408 0.1325 
        H092 11 0.1641 0.2154 0.2100 0.2520 0.1585 
        H093 11 0.2742 0.1526 0.0929 0.1795 0.3008 
        H094 11 0.2897 0.1541 0.1391 0.2025 0.2146 
        H095 11 0.1536 0.2384 0.3046 0.1593 0.1440 
        H096 11 0.1405 0.3167 0.2061 0.1755 0.1612 
        H099 11 0.2154 0.2111 0.2280 0.1728 0.1728 
        H100 11 0.1867 0.2898 0.0793 0.2386 0.2056 
        H127 11 0.1761 0.1903 0.2012 0.2974 0.1350 
        H136 11 0.1618 0.1472 0.4084 0.1403 0.1423 
        H153 11 0.2566 0.1881 0.1623 0.1286 0.2644 
        H154 11 0.1759 0.1202 0.4375 0.1264 0.1401 
        H155 11 0.1444 0.2910 0.0665 0.3468 0.1512 
        H156 11 0.2125 0.2606 0.0625 0.2541 0.2103 
        H161 11 0.2564 0.1718 0.1636 0.1394 0.2688 
        H162 11 0.2425 0.1426 0.0994 0.3135 0.2020 
        H167 11 0.1723 0.2960 0.0928 0.2449 0.1939 
        H168 11 0.2188 0.2310 0.1241 0.2486 0.1775 
     H169586 11 0.1941 0.0884 0.3768 0.0864 0.2542 
     H169738 11 0.1985 0.2660 0.0832 0.3051 0.1473 
     H169741 11 0.1721 0.1303 0.3591 0.1747 0.1638 
     H171801 11 0.2990 0.1838 0.1041 0.1669 0.2462 
     H171810 11 0.1993 0.1485 0.3286 0.1243 0.1993 
     H171811 11 0.1874 0.1420 0.4006 0.1097 0.1603 
     H171812 11 0.1109 0.4032 0.1267 0.2350 0.1243 
     H171820 11 0.1719 0.1521 0.3829 0.1400 0.1532 
     H171821 11 0.2373 0.2006 0.1107 0.2065 0.2449 
     H171822 11 0.2073 0.1962 0.1415 0.2615 0.1935 
     H171823 11 0.2137 0.1219 0.3845 0.0742 0.2057 
     H171866 11 0.2235 0.1977 0.1122 0.2642 0.2024 
     H171867 11 0.1711 0.2594 0.1027 0.2863 0.1805 
     H171967 11 0.1414 0.2435 0.2833 0.2110 0.1207 
     H171969 11 0.2140 0.2260 0.1812 0.1890 0.1898 
        H172 11 0.1807 0.2352 0.1718 0.2247 0.1876 
        H173 11 0.1712 0.2534 0.1212 0.3206 0.1336 
        H174 11 0.3315 0.1386 0.0855 0.1837 0.2607 
        H196 11 0.1929 0.1488 0.0784 0.4499 0.1300 
        H197 11 0.2391 0.2356 0.1132 0.2057 0.2065 
        H346 11 0.1708 0.2692 0.1704 0.1774 0.2121 
        H355 11 0.1330 0.2533 0.2604 0.2011 0.1523 
        H356 11 0.1956 0.2559 0.1643 0.2285 0.1557 
        H357 11 0.1863 0.1962 0.2892 0.1801 0.1483 
        H358 11 0.1388 0.3624 0.1225 0.1880 0.1883 
        H359 11 0.2164 0.1772 0.2132 0.1730 0.2202 
        H360 11 0.1763 0.2390 0.1393 0.2714 0.1740 
        H361 11 0.1701 0.2882 0.1122 0.2597 0.1698 
        H362 11 0.3010 0.1699 0.0711 0.2359 0.2222 
        H363 11 0.1429 0.2071 0.3474 0.1314 0.1712 
        H364 11 0.2002 0.1989 0.1761 0.1410 0.2838 
        H365 11 0.1624 0.2502 0.1492 0.2506 0.1876 
        H366 11 0.1511 0.2471 0.1416 0.3082 0.1520 
        H367 11 0.1890 0.1223 0.4082 0.1624 0.1181 
        H368 11 0.2833 0.1456 0.1668 0.1211 0.2833 
        H369 11 0.1385 0.1978 0.3937 0.1618 0.1083 
        H370 11 0.2296 0.2022 0.1226 0.1889 0.2568 
        H371 11 0.2575 0.1552 0.1468 0.2693 0.1713 
        H372 11 0.1657 0.2115 0.1252 0.2689 0.2288 
        H373 11 0.2139 0.2802 0.1248 0.1725 0.2087 
        H374 11 0.1593 0.3288 0.1762 0.1574 0.1783 
        H375 11 0.1574 0.2600 0.2081 0.2066 0.1679 
        H376 11 0.2398 0.2231 0.1158 0.1929 0.2285 
        H377 11 0.1902 0.2105 0.2185 0.1803 0.2005 
        H378 11 0.2073 0.2057 0.2058 0.1777 0.2035 
        H379 11 0.2373 0.1837 0.1559 0.1694 0.2537 
        H380 11 0.1846 0.3031 0.0998 0.1853 0.2272 
        H381 11 0.1797 0.1047 0.4446 0.1131 0.1579 
        H382 11 0.2906 0.2108 0.0665 0.1662 0.2659 
        H383 11 0.2206 0.2467 0.0797 0.1918 0.2612 
        H384 11 0.1631 0.1665 0.2889 0.1814 0.2001 
        H385 11 0.2066 0.1755 0.2385 0.1713 0.2081 
        H386 11 0.1334 0.3806 0.1027 0.2058 0.1776 
        H387 11 0.2385 0.1454 0.1701 0.1008 0.3452 
        H388 11 0.1500 0.2094 0.0848 0.3443 0.2115 
        H389 11 0.1588 0.2924 0.1643 0.2263 0.1582 
        H390 11 0.2279 0.2217 0.1595 0.1716 0.2193 
        H391 11 0.2434 0.1653 0.1241 0.2074 0.2598 
        H392 11 0.1158 0.3440 0.2116 0.1645 0.1641 
        H393 11 0.2050 0.2717 0.1015 0.2057 0.2161 
        H394 11 0.3011 0.1141 0.1355 0.1553 0.2940 
        H395 11 0.1633 0.1829 0.3539 0.1591 0.1408 
        H408 11 0.1146 0.3675 0.1468 0.1914 0.1797 
        H412 11 0.1676 0.0627 0.5788 0.0727 0.1182 
        H417 11 0.1799 0.1780 0.2568 0.2009 0.1844 
        H418 11 0.2347 0.1503 0.2189 0.1752 0.2210 
        H429 11 0.1745 0.2968 0.1302 0.1824 0.2161 
        H430 11 0.2160 0.2542 0.0989 0.2502 0.1806 
        H439 11 0.1774 0.2439 0.1607 0.2476 0.1704 
        H440 11 0.1170 0.2088 0.3750 0.1295 0.1698 
        H441 11 0.2653 0.1659 0.1244 0.2499 0.1945 
        H442 11 0.2122 0.2041 0.1236 0.2426 0.2175 
        H446 11 0.2131 0.1904 0.1564 0.2020 0.2381 
        H447 11 0.1796 0.2682 0.0997 0.2468 0.2058 
        H448 11 0.1505 0.2238 0.1295 0.3678 0.1284 
        H534 11 0.1742 0.1870 0.3687 0.1075 0.1625 
        H537 11 0.1848 0.1483 0.3901 0.1234 0.1534 
        H568 11 0.1287 0.1071 0.5390 0.1199 0.1052 
        H569 11 0.2079 0.1672 0.0642 0.4091 0.1516 
        H586 11 0.1754 0.0789 0.4169 0.0808 0.2480 
        H587 11 0.1371 0.1796 0.4309 0.1311 0.1212 
        H588 11 0.2542 0.1949 0.0890 0.1350 0.3268 
        H589 11 0.1145 0.2239 0.3830 0.1247 0.1539 
        H590 11 0.2054 0.1627 0.3160 0.1391 0.1767 
        H601 11 0.2476 0.1754 0.0945 0.2926 0.1899 
        H602 11 0.1956 0.1976 0.2129 0.2384 0.1556 
        H603 11 0.2183 0.2758 0.0921 0.1921 0.2217 
