        H102  1 0.2111 0.2700 0.1978 0.3210 
        H103  1 0.2928 0.1425 0.3837 0.1810 
        H104  1 0.1850 0.3327 0.2135 0.2687 
        H105  1 0.2160 0.2233 0.2225 0.3382 
        H106  1 0.2391 0.2386 0.2985 0.2239 
        H112  1 0.2034 0.3371 0.2192 0.2402 
        H113  1 0.1982 0.2264 0.2493 0.3261 
        H114  1 0.2101 0.1734 0.2685 0.3480 
        H115  1 0.1727 0.2922 0.2200 0.3151 
        H143  1 0.2300 0.2206 0.1935 0.3558 
        H144  1 0.3476 0.1421 0.1930 0.3173 
        H145  1 0.3239 0.1565 0.2840 0.2356 
        H149  1 0.1967 0.3448 0.2105 0.2479 
        H150  1 0.2768 0.2491 0.2228 0.2514 
     H167542  1 0.1888 0.1808 0.1918 0.4387 
     H169604  1 0.2344 0.2132 0.2188 0.3336 
     H169607  1 0.2970 0.1682 0.2279 0.3069 
     H169608  1 0.2062 0.3920 0.1988 0.2029 
     H169633  1 0.2429 0.1620 0.2698 0.3254 
     H169688  1 0.3710 0.1799 0.2661 0.1829 
     H169714  1 0.2161 0.3162 0.2497 0.2180 
     H171802  1 0.2230 0.3415 0.2621 0.1734 
     H171805  1 0.2803 0.1862 0.2913 0.2422 
     H171807  1 0.2530 0.3009 0.2122 0.2339 
     H171814  1 0.3517 0.1617 0.2740 0.2126 
     H171816  1 0.2337 0.3066 0.2353 0.2245 
     H171817  1 0.2064 0.2883 0.2570 0.2483 
     H171818  1 0.2320 0.2207 0.2830 0.2643 
     H171819  1 0.2271 0.2703 0.2604 0.2423 
     H171834  1 0.2457 0.2439 0.2174 0.2931 
     H171835  1 0.1886 0.3947 0.2081 0.2086 
     H171836  1 0.2600 0.1189 0.3573 0.2638 
     H171837  1 0.2049 0.2831 0.2121 0.2999 
     H171838  1 0.2672 0.1900 0.3580 0.1847 
     H171839  1 0.1924 0.2774 0.2405 0.2897 
     H171841  1 0.2214 0.4420 0.1826 0.1541 
     H171860  1 0.2277 0.2328 0.2187 0.3208 
     H171861  1 0.2420 0.1257 0.3145 0.3178 
     H171862  1 0.2660 0.2433 0.2342 0.2564 
     H171868  1 0.1851 0.2123 0.2107 0.3920 
     H171869  1 0.3411 0.1918 0.2573 0.2098 
     H171870  1 0.2990 0.2417 0.2687 0.1906 
     H171871  1 0.2777 0.1792 0.3751 0.1680 
     H171872  1 0.1959 0.2855 0.2339 0.2848 
     H171873  1 0.3096 0.2459 0.2447 0.1998 
     H171874  1 0.2894 0.1886 0.2097 0.3123 
     H171875  1 0.2447 0.1385 0.2356 0.3812 
     H171876  1 0.2368 0.1753 0.2457 0.3421 
     H171877  1 0.1700 0.1797 0.1849 0.4653 
     H171878  1 0.2978 0.2916 0.2263 0.1843 
     H171901  1 0.2240 0.3066 0.3040 0.1654 
     H171902  1 0.3128 0.2522 0.1969 0.2381 
     H171903  1 0.2360 0.2459 0.2529 0.2652 
     H171935  1 0.2594 0.3143 0.2686 0.1576 
     H171936  1 0.2264 0.1707 0.2544 0.3485 
     H171940  1 0.2240 0.2931 0.1675 0.3154 
     H171945  1 0.3153 0.2385 0.2225 0.2238 
     H171948  1 0.1997 0.3094 0.2407 0.2501 
     H171949  1 0.2017 0.4008 0.1830 0.2145 
     H171950  1 0.1801 0.4066 0.2290 0.1843 
     H171963  1 0.2959 0.1670 0.3151 0.2219 
     H171964  1 0.4093 0.2024 0.1679 0.2203 
     H171966  1 0.2400 0.2511 0.2887 0.2201 
     H171968  1 0.2675 0.2778 0.1811 0.2736 
     H171971  1 0.2529 0.2321 0.3370 0.1780 
     H171972  1 0.3310 0.1710 0.2642 0.2338 
     H171977  1 0.3156 0.1694 0.2419 0.2731 
     H171978  1 0.2606 0.3107 0.2309 0.1978 
     H171979  1 0.2925 0.1437 0.3345 0.2293 
        H176  1 0.2399 0.2354 0.2128 0.3119 
        H177  1 0.1836 0.3626 0.2338 0.2201 
        H179  1 0.1723 0.3164 0.1807 0.3305 
        H181  1 0.3037 0.1868 0.2649 0.2446 
        H182  1 0.2485 0.1442 0.3281 0.2792 
        H183  1 0.3504 0.1896 0.2611 0.1989 
        H184  1 0.2133 0.2998 0.2300 0.2569 
        H185  1 0.2808 0.1716 0.2520 0.2957 
        H186  1 0.3092 0.2682 0.1541 0.2684 
        H187  1 0.2380 0.2141 0.3422 0.2057 
        H188  1 0.1813 0.2796 0.1586 0.3805 
        H192  1 0.2063 0.3608 0.2180 0.2148 
        H193  1 0.2872 0.1514 0.3086 0.2528 
        H194  1 0.2162 0.2540 0.2404 0.2894 
        H195  1 0.4052 0.1684 0.2139 0.2125 
        H199  1 0.3523 0.1867 0.2362 0.2247 
        H200  1 0.2351 0.2978 0.2181 0.2491 
        H414  1 0.2595 0.1889 0.3619 0.1897 
        H415  1 0.2482 0.1905 0.2758 0.2854 
        H422  1 0.3003 0.2784 0.1980 0.2233 
        H423  1 0.1862 0.4567 0.1829 0.1742 
        H424  1 0.3327 0.1606 0.2874 0.2194 
        H425  1 0.3993 0.1720 0.2113 0.2174 
        H426  1 0.3822 0.1964 0.2556 0.1658 
        H443  1 0.3475 0.1788 0.1532 0.3205 
        H466  1 0.2436 0.2499 0.2611 0.2454 
        H467  1 0.2264 0.3949 0.1839 0.1948 
        H472  1 0.2581 0.2404 0.2259 0.2756 
        H483  1 0.2582 0.1751 0.2115 0.3553 
        H504  1 0.3562 0.1704 0.2537 0.2197 
        H505  1 0.2230 0.2827 0.2240 0.2704 
        H506  1 0.2728 0.2358 0.2257 0.2658 
        H507  1 0.2618 0.1229 0.3556 0.2597 
        H508  1 0.2445 0.2665 0.3066 0.1824 
        H524  1 0.2490 0.1508 0.3271 0.2730 
        H525  1 0.2843 0.1956 0.2046 0.3155 
        H526  1 0.2091 0.1833 0.1727 0.4349 
        H527  1 0.2293 0.2925 0.2423 0.2360 
        H528  1 0.3057 0.1648 0.2428 0.2866 
        H529  1 0.3017 0.1343 0.2911 0.2730 
        H533  1 0.2086 0.1195 0.4883 0.1836 
        H538  1 0.2114 0.2520 0.2261 0.3106 
        H539  1 0.2869 0.1874 0.3312 0.1945 
        H540  1 0.2320 0.2349 0.2838 0.2493 
        H541  1 0.2067 0.2029 0.2429 0.3474 
        H558  1 0.3311 0.2013 0.3040 0.1636 
        H559  1 0.2293 0.2313 0.1819 0.3575 
        H579  1 0.2988 0.1865 0.2283 0.2864 
        H584  1 0.3372 0.1972 0.2261 0.2395 
        H585  1 0.2808 0.1953 0.2754 0.2484 
        H605  1 0.2457 0.2502 0.2613 0.2428 
        H606  1 0.1879 0.3702 0.1653 0.2766 
        H632  1 0.3408 0.1935 0.2153 0.2504 
        H634  1 0.2762 0.2082 0.2570 0.2586 
        H671  1 0.2034 0.3887 0.1960 0.2119 
        H672  1 0.2505 0.2150 0.2915 0.2431 
        H673  1 0.2917 0.1894 0.1725 0.3464 
        H689  1 0.2813 0.1813 0.2166 0.3208 
        H690  1 0.1934 0.2918 0.2444 0.2704 
        H691  1 0.2065 0.2119 0.2108 0.3708 
        H692  1 0.3374 0.1116 0.2772 0.2738 
        H709  1 0.2253 0.2181 0.3349 0.2218 
        H710  1 0.3270 0.1445 0.2754 0.2532 
       H7355  1 0.1950 0.1603 0.2596 0.3851 
       H7356  1 0.2881 0.2407 0.2327 0.2385 
       H7357  1 0.2021 0.2583 0.2655 0.2741 
       H7358  1 0.2593 0.1788 0.2071 0.3549 
       H7380  1 0.2619 0.2043 0.2286 0.3052 
       H7381  1 0.2749 0.3063 0.2152 0.2035 
       H7382  1 0.2565 0.1963 0.2371 0.3102 
        H904  1 0.1440 0.4767 0.1495 0.2299 
        H923  1 0.2725 0.2716 0.2053 0.2506 
        H924  1 0.2352 0.2806 0.1955 0.2887 
        H925  1 0.2260 0.1738 0.2001 0.4000 
       H9558  1 0.3655 0.1879 0.2955 0.1512 
        H008  2 0.2448 0.1518 0.2747 0.3287 
        H021  2 0.2079 0.3101 0.2384 0.2437 
        H023  2 0.1930 0.2752 0.2184 0.3134 
        H024  2 0.3382 0.1542 0.3099 0.1977 
        H025  2 0.2710 0.3416 0.1803 0.2070 
        H026  2 0.3836 0.1715 0.2274 0.2174 
        H027  2 0.2299 0.1988 0.2620 0.3093 
        H028  2 0.2979 0.1922 0.2536 0.2563 
        H029  2 0.2647 0.1758 0.2716 0.2879 
        H030  2 0.3521 0.1589 0.2902 0.1988 
        H038  2 0.2324 0.2962 0.2420 0.2295 
        H039  2 0.1433 0.5825 0.1324 0.1418 
        H040  2 0.2192 0.2856 0.3241 0.1711 
        H041  2 0.2012 0.1993 0.2109 0.3886 
        H042  2 0.2236 0.2619 0.2276 0.2869 
        H043  2 0.2407 0.3575 0.2487 0.1531 
        H044  2 0.2927 0.1782 0.3560 0.1731 
        H047  2 0.2653 0.3392 0.2062 0.1893 
        H050  2 0.2704 0.1868 0.3589 0.1839 
        H058  2 0.2361 0.2788 0.3224 0.1627 
        H062  2 0.2127 0.2896 0.1746 0.3231 
        H063  2 0.1971 0.3373 0.2362 0.2294 
        H065  2 0.3572 0.2361 0.1679 0.2388 
        H066  2 0.2844 0.2124 0.3299 0.1732 
        H067  2 0.2360 0.1906 0.2065 0.3668 
        H068  2 0.2104 0.3415 0.2497 0.1984 
        H069  2 0.3104 0.2163 0.2844 0.1889 
        H071  2 0.2113 0.3200 0.2247 0.2441 
        H072  2 0.1863 0.4096 0.1922 0.2119 
        H073  2 0.2849 0.1837 0.2435 0.2879 
        H081  2 0.1721 0.2359 0.1910 0.4010 
        H082  2 0.2987 0.1447 0.3405 0.2161 
        H083  2 0.3386 0.1695 0.2648 0.2272 
        H084  2 0.2234 0.2659 0.3166 0.1941 
        H085  2 0.1933 0.2005 0.1969 0.4093 
        H087  2 0.1707 0.2090 0.1735 0.4468 
        H088  2 0.1946 0.3159 0.2200 0.2694 
        H089  2 0.2291 0.1797 0.2405 0.3506 
        H090  2 0.2996 0.1803 0.2725 0.2476 
        H091  2 0.2412 0.1550 0.2972 0.3066 
        H098  2 0.2427 0.1917 0.3155 0.2501 
      H10001  2 0.1406 0.5787 0.1415 0.1393 
      H10002  2 0.1842 0.3012 0.2202 0.2945 
        H101  2 0.2668 0.1738 0.4006 0.1588 
        H108  2 0.1867 0.3220 0.1504 0.3408 
        H109  2 0.2283 0.2750 0.3293 0.1674 
        H110  2 0.2026 0.1734 0.2335 0.3905 
        H116  2 0.2954 0.1865 0.2768 0.2413 
        H117  2 0.1967 0.1839 0.2759 0.3434 
        H118  2 0.3258 0.1389 0.2319 0.3034 
        H119  2 0.2011 0.3032 0.2069 0.2889 
        H120  2 0.1478 0.4459 0.1429 0.2635 
        H121  2 0.2703 0.1740 0.2357 0.3199 
        H125  2 0.1403 0.5586 0.1486 0.1525 
        H126  2 0.3620 0.2206 0.2060 0.2114 
        H128  2 0.4140 0.1056 0.2948 0.1856 
        H129  2 0.3842 0.1501 0.2406 0.2250 
        H130  2 0.2613 0.3670 0.2286 0.1431 
        H133  2 0.2066 0.4358 0.1895 0.1681 
        H134  2 0.4925 0.1534 0.1808 0.1733 
        H135  2 0.2008 0.2488 0.2279 0.3224 
        H137  2 0.2384 0.2241 0.3107 0.2267 
        H138  2 0.3685 0.1801 0.2497 0.2016 
        H140  2 0.2737 0.2419 0.2232 0.2612 
        H146  2 0.3102 0.1894 0.2720 0.2283 
        H147  2 0.2170 0.1876 0.2931 0.3023 
        H148  2 0.1969 0.1992 0.2763 0.3276 
     H166022  2 0.2328 0.1570 0.3578 0.2524 
     H167359  2 0.2774 0.2092 0.2839 0.2295 
     H167397  2 0.2655 0.1087 0.3981 0.2277 
     H167428  2 0.2532 0.1187 0.1911 0.4370 
     H167496  2 0.1653 0.3764 0.1846 0.2737 
     H167513  2 0.2293 0.2062 0.3969 0.1675 
     H167545  2 0.2875 0.1513 0.3414 0.2199 
     H167547  2 0.3314 0.1571 0.3711 0.1405 
     H169621  2 0.2800 0.1803 0.3024 0.2373 
     H169622  2 0.3036 0.1626 0.2535 0.2803 
     H169750  2 0.2672 0.3055 0.2599 0.1674 
     H171806  2 0.2612 0.2871 0.2083 0.2434 
     H171808  2 0.2666 0.2262 0.2269 0.2804 
     H171809  2 0.2114 0.2656 0.2133 0.3097 
     H171813  2 0.2873 0.2621 0.2384 0.2121 
     H171815  2 0.2192 0.4081 0.1953 0.1774 
     H171824  2 0.1622 0.3416 0.1751 0.3211 
     H171825  2 0.2916 0.1887 0.2359 0.2839 
     H171826  2 0.1948 0.2960 0.2096 0.2995 
     H171827  2 0.2358 0.2345 0.2873 0.2424 
     H171828  2 0.1419 0.4822 0.1375 0.2385 
     H171829  2 0.3111 0.2560 0.2541 0.1788 
     H171830  2 0.2136 0.2219 0.3357 0.2289 
     H171831  2 0.3488 0.1479 0.2669 0.2364 
     H171832  2 0.3140 0.2183 0.2386 0.2290 
     H171863  2 0.3737 0.1306 0.3051 0.1906 
     H171864  2 0.2191 0.2153 0.2969 0.2686 
     H171865  2 0.2083 0.3842 0.1976 0.2099 
     H171879  2 0.2715 0.2158 0.2803 0.2324 
     H171880  2 0.2260 0.1894 0.3725 0.2120 
     H171881  2 0.2427 0.1873 0.2442 0.3257 
     H171882  2 0.1659 0.4807 0.1690 0.1843 
     H171929  2 0.2335 0.2053 0.2570 0.3042 
     H171930  2 0.2948 0.1444 0.3841 0.1767 
     H171933  2 0.2538 0.2108 0.2971 0.2383 
     H171934  2 0.2088 0.2079 0.2216 0.3617 
     H171937  2 0.3796 0.1822 0.2543 0.1839 
     H171962  2 0.2604 0.1820 0.2186 0.3390 
        H190  2 0.2720 0.1687 0.2987 0.2606 
        H191  2 0.2652 0.2469 0.2369 0.2510 
        H396  2 0.2080 0.2359 0.1717 0.3844 
        H397  2 0.2521 0.1856 0.3275 0.2348 
        H398  2 0.2979 0.2648 0.1789 0.2584 
        H400  2 0.2387 0.2099 0.2404 0.3110 
        H401  2 0.2937 0.1266 0.3769 0.2027 
        H402  2 0.2288 0.1465 0.3514 0.2733 
        H427  2 0.2089 0.2110 0.2019 0.3782 
        H428  2 0.2394 0.1192 0.1918 0.4495 
        H497  2 0.2466 0.2684 0.2986 0.1863 
        H512  2 0.2363 0.2162 0.3165 0.2309 
        H513  2 0.2335 0.2056 0.3967 0.1643 
        H514  2 0.3244 0.2147 0.2612 0.1997 
        H519  2 0.2221 0.2182 0.3866 0.1731 
        H532  2 0.2088 0.1633 0.2166 0.4113 
        H543  2 0.2209 0.1588 0.3828 0.2375 
        H544  2 0.3752 0.2437 0.2035 0.1775 
        H545  2 0.3097 0.1419 0.3388 0.2096 
        H546  2 0.2485 0.3280 0.2089 0.2146 
        H547  2 0.3268 0.1590 0.3683 0.1459 
        H548  2 0.2251 0.1941 0.2809 0.2999 
        H549  2 0.2750 0.1605 0.3922 0.1723 
        H620  2 0.1581 0.4675 0.1611 0.2132 
        H623  2 0.3455 0.1806 0.2836 0.1903 
        H624  2 0.3014 0.3228 0.2224 0.1535 
        H625  2 0.2224 0.1831 0.2414 0.3532 
        H626  2 0.2352 0.2229 0.3391 0.2028 
        H654  2 0.1754 0.5060 0.1751 0.1435 
        H655  2 0.2247 0.3039 0.2717 0.1997 
        H656  2 0.1744 0.4333 0.1416 0.2506 
        H666  2 0.2040 0.4832 0.1812 0.1316 
        H667  2 0.2336 0.1952 0.2385 0.3327 
        H677  2 0.2474 0.2024 0.2420 0.3082 
        H693  2 0.1655 0.3508 0.1474 0.3362 
        H694  2 0.3203 0.1829 0.2938 0.2031 
        H701  2 0.2479 0.1737 0.3461 0.2323 
        H702  2 0.1986 0.2552 0.3251 0.2211 
        H731  2 0.2103 0.3271 0.1942 0.2684 
       H7359  2 0.2621 0.2190 0.2857 0.2332 
       H7389  2 0.2583 0.2083 0.2422 0.2912 
       H7390  2 0.1992 0.4048 0.2371 0.1589 
       H7391  2 0.1584 0.1713 0.1878 0.4825 
       H7392  2 0.2844 0.2542 0.2158 0.2456 
       H7393  2 0.2100 0.3021 0.2852 0.2026 
       H7398  2 0.2066 0.2243 0.2209 0.3482 
       H7399  2 0.2762 0.1609 0.2376 0.3252 
       H7400  2 0.1714 0.5041 0.1595 0.1650 
        H745  2 0.4048 0.1755 0.2225 0.1971 
        H746  2 0.2778 0.1655 0.2648 0.2920 
        H747  2 0.1936 0.3344 0.3003 0.1718 
        H748  2 0.2417 0.2444 0.3167 0.1972 
       H7484  2 0.1926 0.4249 0.1836 0.1989 
       H7485  2 0.2873 0.1821 0.3134 0.2171 
        H749  2 0.2848 0.1635 0.3004 0.2514 
        H930  2 0.2605 0.1538 0.3972 0.1885 
        H931  2 0.2436 0.2233 0.2041 0.3289 
        H932  2 0.2490 0.2720 0.2403 0.2387 
        H111  3 0.3166 0.1679 0.3398 0.1756 
        H951  3 0.2704 0.1692 0.3141 0.2463 
        H952  3 0.2949 0.2442 0.2360 0.2249 
        H953  3 0.2140 0.1750 0.2136 0.3974 
        H954  3 0.1937 0.3708 0.2471 0.1883 
        H955  3 0.2987 0.1646 0.3405 0.1962 
        H956  3 0.2028 0.2416 0.3346 0.2210 
       H9563  3 0.1952 0.2720 0.2403 0.2925 
        H002  4 0.2611 0.3651 0.1921 0.1817 
        H003  4 0.2615 0.1608 0.2147 0.3630 
        H009  4 0.3732 0.1788 0.2460 0.2020 
        H010  4 0.2423 0.2187 0.2290 0.3100 
        H011  4 0.1713 0.3932 0.1587 0.2768 
        H012  4 0.2208 0.1733 0.2803 0.3255 
        H013  4 0.1961 0.2758 0.2123 0.3158 
        H014  4 0.2709 0.2586 0.2276 0.2429 
        H045  4 0.1956 0.2659 0.2008 0.3378 
        H046  4 0.3135 0.1637 0.2150 0.3077 
        H051  4 0.1820 0.3153 0.1943 0.3084 
        H052  4 0.2861 0.3236 0.2021 0.1883 
        H053  4 0.2269 0.3003 0.2635 0.2094 
        H056  4 0.2193 0.3719 0.2175 0.1914 
        H076  4 0.3192 0.1691 0.2201 0.2915 
        H151  4 0.2047 0.4579 0.1710 0.1665 
        H152  4 0.2833 0.3645 0.1586 0.1937 
     H171803  4 0.2087 0.3064 0.2642 0.2207 
     H171804  4 0.1992 0.2923 0.2994 0.2091 
     H171833  4 0.3549 0.1730 0.2651 0.2070 
     H171855  4 0.2246 0.4390 0.1867 0.1497 
     H171856  4 0.2266 0.2357 0.3537 0.1840 
     H171857  4 0.2465 0.3615 0.2039 0.1881 
     H171858  4 0.2836 0.2575 0.2163 0.2426 
     H171859  4 0.2461 0.2700 0.2222 0.2617 
     H171961  4 0.2100 0.3178 0.2072 0.2650 
        H198  4 0.2918 0.1427 0.2416 0.3239 
      H20001  4 0.3480 0.1894 0.2933 0.1693 
        H403  4 0.2806 0.2633 0.2584 0.1977 
        H404  4 0.2503 0.1709 0.2346 0.3443 
        H405  4 0.2697 0.1634 0.2744 0.2925 
        H406  4 0.3645 0.2201 0.2841 0.1313 
        H407  4 0.2297 0.2644 0.2779 0.2281 
        H410  4 0.2737 0.1602 0.2708 0.2953 
        H411  4 0.3303 0.2022 0.3066 0.1609 
        H468  4 0.3036 0.2170 0.3395 0.1398 
        H476  4 0.2349 0.2499 0.3611 0.1541 
        H477  4 0.3734 0.1785 0.2885 0.1596 
        H478  4 0.2450 0.1613 0.2935 0.3002 
        H479  4 0.2217 0.2844 0.2212 0.2727 
        H480  4 0.2699 0.1626 0.3991 0.1684 
        H498  4 0.2716 0.2335 0.2273 0.2675 
        H499  4 0.2448 0.2410 0.2439 0.2703 
        H500  4 0.1818 0.3580 0.2346 0.2256 
        H515  4 0.2046 0.3131 0.2758 0.2065 
        H516  4 0.2884 0.2684 0.2558 0.1875 
        H517  4 0.2525 0.2287 0.2628 0.2560 
        H518  4 0.2817 0.3048 0.2466 0.1668 
        H520  4 0.2368 0.3185 0.2606 0.1841 
        H521  4 0.2324 0.2036 0.2215 0.3425 
        H522  4 0.2259 0.2532 0.3154 0.2056 
        H523  4 0.2224 0.2685 0.3141 0.1950 
        H536  4 0.2749 0.1966 0.1937 0.3347 
        H645  4 0.1663 0.2379 0.1660 0.4298 
        H646  4 0.3195 0.1642 0.3126 0.2037 
        H647  4 0.2930 0.2207 0.2807 0.2056 
        H657  4 0.2723 0.1630 0.3152 0.2495 
        H658  4 0.2118 0.2517 0.3342 0.2022 
        H659  4 0.1722 0.4691 0.2020 0.1567 
        H660  4 0.2499 0.2697 0.2687 0.2118 
        H661  4 0.2434 0.3507 0.2235 0.1824 
        H668  4 0.2195 0.1818 0.2568 0.3419 
        H669  4 0.2129 0.2520 0.2457 0.2894 
        H670  4 0.1723 0.2659 0.1543 0.4074 
        H678  4 0.2299 0.2329 0.3419 0.1953 
        H679  4 0.2554 0.1582 0.3522 0.2343 
        H680  4 0.2925 0.2479 0.2347 0.2249 
        H681  4 0.2037 0.2731 0.2202 0.3030 
        H682  4 0.1900 0.1761 0.3887 0.2453 
        H683  4 0.2929 0.3332 0.2100 0.1638 
        H718  4 0.2223 0.3807 0.1781 0.2190 
        H719  4 0.2100 0.2631 0.2174 0.3095 
        H720  4 0.3092 0.2505 0.2127 0.2277 
        H721  4 0.3151 0.2795 0.2211 0.1843 
        H722  4 0.3367 0.3141 0.1850 0.1643 
        H723  4 0.1707 0.3430 0.2005 0.2858 
        H724  4 0.1734 0.4624 0.1826 0.1816 
        H725  4 0.2086 0.4268 0.1948 0.1698 
        H726  4 0.2071 0.3858 0.2046 0.2025 
        H727  4 0.1884 0.3420 0.1904 0.2792 
        H910  4 0.1899 0.2935 0.2592 0.2574 
        H911  4 0.2873 0.1896 0.2868 0.2362 
        H912  4 0.2757 0.2718 0.2504 0.2021 
        H913  4 0.2170 0.3081 0.2974 0.1775 
        H914  4 0.1678 0.3456 0.2254 0.2612 
        H915  4 0.2301 0.2394 0.3481 0.1824 
        H916  4 0.2641 0.2236 0.3561 0.1562 
       H9572  4 0.2520 0.2571 0.2576 0.2332 
        H015  5 0.2992 0.1851 0.3131 0.2026 
        H016  5 0.3718 0.1749 0.2528 0.2005 
        H017  5 0.2800 0.2404 0.3234 0.1563 
        H019  5 0.2911 0.2157 0.2431 0.2500 
        H020  5 0.2617 0.2689 0.2058 0.2636 
        H032  5 0.2458 0.2784 0.2728 0.2031 
        H033  5 0.2119 0.1801 0.3070 0.3011 
        H034  5 0.1782 0.3674 0.1890 0.2655 
        H035  5 0.2492 0.2400 0.2969 0.2138 
        H036  5 0.2588 0.1967 0.2930 0.2515 
        H037  5 0.2038 0.3025 0.2688 0.2248 
        H048  5 0.1820 0.3395 0.1892 0.2893 
        H049  5 0.3238 0.2311 0.2379 0.2071 
        H054  5 0.2624 0.2751 0.1957 0.2667 
        H055  5 0.2224 0.3274 0.1549 0.2953 
        H057  5 0.3623 0.2432 0.2119 0.1826 
        H060  5 0.2641 0.3199 0.1907 0.2253 
        H061  5 0.2535 0.2021 0.2321 0.3123 
        H064  5 0.2495 0.3081 0.1792 0.2632 
        H070  5 0.1879 0.3079 0.2374 0.2668 
        H077  5 0.2002 0.4026 0.2215 0.1757 
        H078  5 0.2567 0.3347 0.2502 0.1584 
        H079  5 0.2309 0.1515 0.2982 0.3194 
        H097  5 0.3425 0.2838 0.2399 0.1338 
        H107  5 0.1528 0.4461 0.1478 0.2532 
        H122  5 0.2821 0.2154 0.2989 0.2036 
        H123  5 0.2902 0.1749 0.3231 0.2119 
        H124  5 0.2630 0.1736 0.2648 0.2985 
        H131  5 0.2484 0.1888 0.2806 0.2822 
        H132  5 0.2305 0.2665 0.2159 0.2870 
        H141  5 0.2302 0.2678 0.2585 0.2436 
        H142  5 0.2566 0.1545 0.3299 0.2590 
        H157  5 0.1943 0.3595 0.2092 0.2369 
        H158  5 0.3636 0.1800 0.2847 0.1717 
        H159  5 0.2837 0.1672 0.3150 0.2341 
        H160  5 0.2623 0.2268 0.3087 0.2022 
        H163  5 0.2484 0.2009 0.3177 0.2330 
        H164  5 0.2608 0.2028 0.2622 0.2743 
        H165  5 0.2293 0.1487 0.2221 0.3999 
        H166  5 0.2899 0.1963 0.2407 0.2732 
        H169  5 0.2487 0.2269 0.2248 0.2997 
     H169613  5 0.2617 0.2716 0.2503 0.2164 
     H169653  5 0.2841 0.2080 0.2356 0.2723 
     H169728  5 0.2669 0.1915 0.3417 0.1998 
     H169742  5 0.2049 0.2165 0.1877 0.3909 
        H170  5 0.3647 0.2233 0.2206 0.1913 
        H171  5 0.3634 0.2112 0.2330 0.1925 
     H171851  5 0.2863 0.2546 0.2433 0.2157 
     H171852  5 0.2666 0.3266 0.1987 0.2081 
     H171853  5 0.1987 0.2909 0.2549 0.2555 
     H171854  5 0.2571 0.2464 0.2922 0.2042 
     H171938  5 0.1975 0.2142 0.2204 0.3679 
     H171939  5 0.3376 0.1821 0.2089 0.2714 
     H171941  5 0.1845 0.4004 0.1479 0.2672 
     H171965  5 0.3199 0.1862 0.2288 0.2651 
     H171970  5 0.1690 0.4657 0.1590 0.2064 
     H171973  5 0.2161 0.1723 0.2492 0.3624 
     H171974  5 0.2026 0.2632 0.2278 0.3064 
     H171975  5 0.2117 0.2986 0.1804 0.3093 
     H171976  5 0.3410 0.2343 0.2610 0.1637 
        H175  5 0.2014 0.3228 0.1963 0.2794 
        H178  5 0.2385 0.2661 0.2003 0.2950 
        H189  5 0.3164 0.1528 0.2764 0.2544 
        H399  5 0.3999 0.2226 0.2250 0.1525 
        H416  5 0.2175 0.2623 0.2375 0.2827 
        H438  5 0.1985 0.2372 0.2765 0.2878 
        H450  5 0.2081 0.3846 0.1980 0.2093 
        H455  5 0.1653 0.4183 0.1432 0.2732 
        H456  5 0.2053 0.2281 0.2172 0.3494 
        H457  5 0.2767 0.3533 0.1903 0.1797 
        H458  5 0.2110 0.3311 0.1979 0.2601 
        H459  5 0.2791 0.1621 0.3044 0.2544 
        H460  5 0.2256 0.2286 0.3514 0.1944 
        H461  5 0.3451 0.2398 0.2554 0.1598 
        H462  5 0.2402 0.1832 0.2962 0.2803 
        H469  5 0.2379 0.1748 0.3235 0.2638 
        H470  5 0.2390 0.2607 0.2693 0.2311 
        H471  5 0.3582 0.1567 0.3273 0.1577 
        H481  5 0.1762 0.4658 0.1740 0.1840 
        H482  5 0.2412 0.3255 0.2283 0.2050 
        H501  5 0.2173 0.2429 0.2535 0.2863 
        H502  5 0.3221 0.1600 0.2795 0.2385 
        H503  5 0.2892 0.1903 0.2729 0.2476 
        H509  5 0.1980 0.3397 0.2341 0.2282 
        H510  5 0.2588 0.2346 0.2144 0.2922 
        H511  5 0.2679 0.1987 0.2689 0.2646 
        H530  5 0.1847 0.2692 0.2167 0.3295 
        H531  5 0.2314 0.3390 0.2587 0.1708 
        H564  5 0.2364 0.2865 0.2125 0.2646 
        H565  5 0.2108 0.4040 0.1901 0.1951 
        H567  5 0.3016 0.1512 0.3025 0.2447 
     H568???  5 0.3420 0.1861 0.2520 0.2199 
        H608  5 0.2106 0.3861 0.1997 0.2037 
        H609  5 0.1997 0.2195 0.1831 0.3978 
        H612  5 0.1572 0.3772 0.1996 0.2660 
        H614  5 0.2329 0.4033 0.1836 0.1802 
        H615  5 0.2474 0.3240 0.2471 0.1815 
        H616  5 0.1392 0.4814 0.1451 0.2344 
        H617  5 0.2213 0.1545 0.3287 0.2955 
        H618  5 0.1878 0.3779 0.1843 0.2500 
        H619  5 0.2253 0.1801 0.1625 0.4320 
        H635  5 0.2454 0.2458 0.2358 0.2730 
        H636  5 0.1908 0.1718 0.2382 0.3991 
        H637  5 0.2356 0.2723 0.1957 0.2965 
        H644  5 0.4337 0.1217 0.2691 0.1755 
        H711  5 0.3625 0.2188 0.2213 0.1974 
        H712  5 0.1871 0.3104 0.1807 0.3218 
       H7360  5 0.2976 0.2496 0.2395 0.2133 
       H7361  5 0.2191 0.3695 0.2013 0.2101 
       H7362  5 0.3827 0.1364 0.2780 0.2029 
       H7363  5 0.2413 0.3228 0.2314 0.2045 
       H7394  5 0.2685 0.1845 0.3216 0.2255 
       H7395  5 0.2354 0.2445 0.2291 0.2911 
       H7396  5 0.2208 0.2265 0.3162 0.2365 
        H742  5 0.2035 0.2235 0.1834 0.3896 
        H743  5 0.2583 0.2688 0.1887 0.2841 
        H744  5 0.1761 0.4171 0.1856 0.2212 
        H957  5 0.2904 0.2455 0.2688 0.1954 
        H958  5 0.2305 0.1828 0.3813 0.2053 
        H959  5 0.1715 0.3571 0.1798 0.2915 
        H960  5 0.2120 0.2290 0.2487 0.3104 
      H_PALI  6 0.2670 0.2188 0.2753 0.2389 
        H581  6 0.2509 0.2929 0.2499 0.2063 
        H582  6 0.2144 0.4233 0.1814 0.1808 
        H583  6 0.2392 0.2700 0.2487 0.2420 
        H595  6 0.2593 0.1410 0.4049 0.1948 
        H596  6 0.2584 0.1460 0.3680 0.2275 
        H597  6 0.3379 0.1750 0.2398 0.2473 
        H598  6 0.2157 0.2696 0.2623 0.2523 
        H599  6 0.2054 0.3312 0.1798 0.2836 
        H642  6 0.3162 0.1931 0.3367 0.1540 
        H643  6 0.2242 0.2467 0.2729 0.2562 
        H664  6 0.2531 0.3514 0.2619 0.1336 
        H665  6 0.1902 0.2091 0.2237 0.3769 
        H674  6 0.3926 0.1524 0.2534 0.2016 
        H675  6 0.2591 0.3204 0.2321 0.1885 
        H676  6 0.2546 0.2041 0.3632 0.1780 
        H686  6 0.2580 0.2141 0.2847 0.2433 
        H687  6 0.2605 0.2421 0.3186 0.1789 
        H917  6 0.2204 0.1466 0.3237 0.3093 
        H918  6 0.2258 0.1706 0.2081 0.3955 
        H919  6 0.1690 0.3770 0.1821 0.2719 
        H920  6 0.2249 0.3116 0.2497 0.2137 
        H631  7 0.2290 0.3157 0.2016 0.2537 
        H684  7 0.3871 0.1759 0.2101 0.2270 
        H685  7 0.1761 0.3656 0.3137 0.1445 
        H713  7 0.1843 0.3601 0.2606 0.1950 
        H715  7 0.3560 0.2109 0.2116 0.2215 
        H716  7 0.2363 0.2848 0.1528 0.3261 
        H717  7 0.2434 0.2788 0.2157 0.2621 
        H729  7 0.2194 0.1454 0.2889 0.3463 
        H730  7 0.1845 0.2424 0.2069 0.3662 
        H431  8 0.2026 0.3413 0.2191 0.2370 
        H432  8 0.3517 0.1460 0.2303 0.2720 
        H433  8 0.2365 0.1876 0.3139 0.2620 
        H434  8 0.2641 0.2041 0.3020 0.2298 
        H444  8 0.2237 0.2080 0.2200 0.3484 
        H454  8 0.1797 0.3924 0.1795 0.2485 
        H475  8 0.1781 0.4357 0.2212 0.1651 
        H491  8 0.2340 0.3124 0.1920 0.2616 
        H492  8 0.2034 0.2991 0.2728 0.2247 
        H493  8 0.2993 0.2276 0.2429 0.2302 
        H494  8 0.2290 0.2566 0.2625 0.2518 
        H495  8 0.2631 0.3808 0.2063 0.1498 
        H662  8 0.3219 0.2072 0.2490 0.2220 
        H663  8 0.2339 0.2340 0.2477 0.2844 
        H695  8 0.2193 0.2580 0.2340 0.2886 
       H7367  8 0.2599 0.1594 0.3202 0.2604 
       H7368  8 0.2941 0.2012 0.2431 0.2616 
       H7369  8 0.1996 0.2337 0.1931 0.3735 
       H7370  8 0.2323 0.1305 0.4497 0.1875 
       H7371  8 0.2044 0.1964 0.3043 0.2948 
        H600  9 0.2209 0.3343 0.2285 0.2163 
        H648  9 0.2756 0.2704 0.2417 0.2123 
        H696  9 0.3711 0.1266 0.3291 0.1732 
        H697  9 0.2372 0.2305 0.2280 0.3043 
        H698  9 0.2832 0.1934 0.2642 0.2592 
        H699  9 0.2500 0.2482 0.2540 0.2479 
        H700  9 0.2058 0.2999 0.2330 0.2613 
        H732  9 0.2398 0.3751 0.2006 0.1845 
        H733  9 0.2394 0.1697 0.3312 0.2598 
        H734  9 0.2961 0.1508 0.3805 0.1725 
        H735  9 0.2547 0.1998 0.3233 0.2222 
        H736  9 0.2561 0.2493 0.2684 0.2262 
        H737  9 0.2394 0.3055 0.1891 0.2660 
        H905  9 0.1949 0.3330 0.1801 0.2921 
        H921  9 0.1907 0.2738 0.2172 0.3184 
        H922  9 0.2277 0.1358 0.3519 0.2846 
     H169705 10 0.2132 0.2056 0.3864 0.1948 
     H171942 10 0.3438 0.1469 0.2253 0.2840 
     H171943 10 0.2542 0.2061 0.3409 0.1988 
     H171944 10 0.2188 0.2147 0.3487 0.2177 
     H171946 10 0.2516 0.3309 0.2559 0.1616 
     H171947 10 0.2585 0.2111 0.2492 0.2812 
     H229641 10 0.2506 0.2500 0.2997 0.1997 
      H30001 10 0.2138 0.2588 0.2772 0.2502 
      H30002 10 0.2413 0.2486 0.2563 0.2538 
      H30005 10 0.2554 0.2193 0.2874 0.2378 
      H30006 10 0.3381 0.1971 0.2677 0.1970 
      H30007 10 0.4293 0.1478 0.2090 0.2139 
        H451 10 0.2668 0.1688 0.2836 0.2808 
        H452 10 0.2814 0.2153 0.2864 0.2169 
        H453 10 0.2278 0.4196 0.1523 0.2003 
        H473 10 0.2407 0.2971 0.1779 0.2843 
        H474 10 0.2139 0.4173 0.2390 0.1298 
        H486 10 0.2224 0.2943 0.2492 0.2342 
        H487 10 0.2407 0.3134 0.2087 0.2372 
        H488 10 0.1965 0.2538 0.2050 0.3447 
        H489 10 0.2045 0.3773 0.2289 0.1893 
        H550 10 0.3388 0.1846 0.2998 0.1767 
        H551 10 0.2051 0.2289 0.2707 0.2953 
        H553 10 0.2545 0.3442 0.2218 0.1795 
        H554 10 0.2851 0.1819 0.2595 0.2735 
        H556 10 0.3115 0.2466 0.2536 0.1883 
        H580 10 0.2505 0.2134 0.2443 0.2919 
        H591 10 0.1722 0.4361 0.1763 0.2154 
        H592 10 0.2109 0.2918 0.3059 0.1913 
        H593 10 0.2561 0.2058 0.2615 0.2766 
        H594 10 0.3149 0.1342 0.2835 0.2675 
        H627 10 0.2611 0.2483 0.3162 0.1745 
        H628 10 0.2345 0.1241 0.1793 0.4621 
        H629 10 0.2844 0.2593 0.2697 0.1866 
        H630 10 0.2388 0.2359 0.3589 0.1664 
        H638 10 0.2305 0.2084 0.3736 0.1875 
        H639 10 0.2570 0.3714 0.2040 0.1676 
        H640 10 0.2755 0.1666 0.3622 0.1957 
        H704 10 0.3372 0.1807 0.2167 0.2654 
        H705 10 0.2136 0.2080 0.3800 0.1984 
        H706 10 0.1777 0.3267 0.1840 0.3117 
        H708 10 0.1930 0.3805 0.2389 0.1876 
       H7351 10 0.2821 0.2202 0.2558 0.2420 
       H7352 10 0.2388 0.2719 0.2376 0.2518 
       H7353 10 0.4006 0.1968 0.2187 0.1839 
       H7354 10 0.2155 0.3282 0.1815 0.2748 
       H7365 10 0.1786 0.3845 0.2303 0.2066 
       H7383 10 0.1930 0.2989 0.2336 0.2746 
       H7384 10 0.2173 0.3075 0.2091 0.2661 
       H7385 10 0.1987 0.3547 0.2369 0.2097 
       H7386 10 0.2289 0.2043 0.2333 0.3335 
       H7387 10 0.2712 0.2148 0.2599 0.2541 
       H7388 10 0.2383 0.2342 0.2395 0.2879 
        H906 10 0.2769 0.3166 0.1549 0.2516 
        H907 10 0.2587 0.1819 0.3802 0.1793 
        H908 10 0.2357 0.2446 0.2703 0.2494 
        H909 10 0.2249 0.2624 0.1751 0.3377 
       H9552 10 0.2741 0.2502 0.2277 0.2481 
       H9553 10 0.2619 0.2858 0.2359 0.2164 
       H9555 10 0.2124 0.1762 0.3488 0.2626 
       H9575 10 0.2417 0.3550 0.2138 0.1894 
       H9703 10 0.2026 0.4384 0.1814 0.1777 
       H9707 10 0.2120 0.3345 0.2550 0.1985 
       HSAA4 10 0.2453 0.2127 0.2543 0.2878 
        H001 11 0.2196 0.2877 0.1707 0.3221 
        H004 11 0.2439 0.2298 0.2837 0.2426 
        H005 11 0.1698 0.4167 0.1573 0.2561 
        H006 11 0.2105 0.2352 0.2895 0.2648 
        H007 11 0.1706 0.3404 0.1690 0.3200 
        H031 11 0.1606 0.4165 0.2190 0.2039 
        H074 11 0.2094 0.3618 0.2636 0.1652 
        H075 11 0.1814 0.3456 0.1956 0.2774 
        H080 11 0.1979 0.3865 0.1946 0.2209 
        H086 11 0.2583 0.2638 0.2501 0.2278 
        H092 11 0.2053 0.3234 0.2673 0.2039 
        H093 11 0.3637 0.1474 0.2376 0.2513 
        H094 11 0.2459 0.1892 0.3910 0.1739 
        H095 11 0.2203 0.3355 0.1959 0.2483 
        H096 11 0.1852 0.2744 0.1919 0.3485 
        H099 11 0.2208 0.3187 0.2362 0.2243 
        H100 11 0.2827 0.1470 0.2269 0.3434 
        H127 11 0.2327 0.2872 0.2089 0.2713 
        H136 11 0.2023 0.4109 0.1989 0.1879 
        H153 11 0.2665 0.2292 0.2876 0.2168 
        H154 11 0.1953 0.3818 0.2435 0.1794 
        H155 11 0.2159 0.1492 0.2043 0.4306 
        H156 11 0.2446 0.1231 0.2461 0.3862 
        H161 11 0.3218 0.2115 0.2241 0.2426 
        H162 11 0.2705 0.1638 0.3626 0.2032 
        H167 11 0.2434 0.2085 0.2373 0.3108 
        H168 11 0.2577 0.2317 0.2282 0.2824 
     H169586 11 0.3617 0.2940 0.2052 0.1391 
     H169738 11 0.2221 0.1547 0.2453 0.3778 
     H169741 11 0.2049 0.3286 0.2778 0.1886 
     H171801 11 0.3443 0.1731 0.2497 0.2328 
     H171810 11 0.2046 0.3102 0.2914 0.1939 
     H171811 11 0.2261 0.3826 0.2405 0.1508 
     H171812 11 0.1814 0.2448 0.1621 0.4116 
     H171820 11 0.2021 0.3626 0.2364 0.1989 
     H171821 11 0.2400 0.1940 0.2765 0.2894 
     H171822 11 0.2592 0.2163 0.2843 0.2402 
     H171823 11 0.2766 0.3911 0.1736 0.1588 
     H171866 11 0.3163 0.1856 0.2232 0.2749 
     H171867 11 0.2044 0.1745 0.3090 0.3121 
     H171967 11 0.1795 0.3220 0.1941 0.3044 
     H171969 11 0.2437 0.2319 0.2408 0.2836 
        H172 11 0.2328 0.2146 0.2525 0.3001 
        H173 11 0.1845 0.2082 0.2505 0.3568 
        H174 11 0.3230 0.1505 0.3490 0.1775 
        H196 11 0.2544 0.1860 0.2437 0.3159 
        H197 11 0.2231 0.1817 0.2898 0.3054 
        H346 11 0.2044 0.2709 0.2029 0.3217 
        H355 11 0.2325 0.2795 0.1826 0.3053 
        H356 11 0.2357 0.2773 0.2337 0.2533 
        H357 11 0.2016 0.3086 0.2435 0.2462 
        H358 11 0.1962 0.2325 0.2580 0.3133 
        H359 11 0.2479 0.2386 0.3003 0.2133 
        H360 11 0.2254 0.2484 0.2507 0.2755 
        H361 11 0.2438 0.2221 0.2074 0.3268 
        H362 11 0.2525 0.1402 0.3862 0.2211 
        H363 11 0.1771 0.3684 0.2338 0.2206 
        H364 11 0.2695 0.2533 0.2238 0.2534 
        H365 11 0.2514 0.1945 0.2016 0.3524 
        H366 11 0.2420 0.1796 0.2198 0.3586 
        H367 11 0.2007 0.3991 0.2167 0.1835 
        H368 11 0.2827 0.1572 0.3862 0.1740 
        H369 11 0.1611 0.4018 0.2090 0.2280 
        H370 11 0.2417 0.1715 0.3184 0.2684 
        H371 11 0.2267 0.2421 0.2997 0.2315 
        H372 11 0.2428 0.2114 0.2252 0.3207 
        H373 11 0.2226 0.2723 0.2431 0.2620 
        H374 11 0.2147 0.3071 0.1798 0.2984 
        H375 11 0.2087 0.2554 0.2208 0.3152 
        H376 11 0.2992 0.1935 0.2419 0.2653 
        H377 11 0.2168 0.2598 0.2859 0.2375 
        H378 11 0.2597 0.3067 0.2102 0.2233 
        H379 11 0.2503 0.2148 0.3458 0.1890 
        H380 11 0.2145 0.1499 0.2512 0.3844 
        H381 11 0.2442 0.3485 0.2366 0.1707 
        H382 11 0.2745 0.1210 0.3367 0.2678 
        H383 11 0.3037 0.1672 0.1938 0.3354 
        H384 11 0.2406 0.3363 0.2307 0.1923 
        H385 11 0.2056 0.3075 0.3057 0.1811 
        H386 11 0.1842 0.1914 0.2204 0.4040 
        H387 11 0.3869 0.2584 0.1781 0.1767 
        H388 11 0.2656 0.1511 0.2203 0.3630 
        H389 11 0.1936 0.2238 0.2503 0.3323 
        H390 11 0.2386 0.1838 0.3237 0.2539 
        H391 11 0.3155 0.2002 0.2880 0.1963 
        H392 11 0.1868 0.3449 0.1877 0.2806 
        H393 11 0.3234 0.1660 0.2069 0.3037 
        H394 11 0.4011 0.1674 0.2412 0.1904 
        H395 11 0.1828 0.3520 0.1999 0.2653 
        H408 11 0.1970 0.2542 0.1813 0.3675 
        H412 11 0.2526 0.3838 0.2549 0.1087 
        H417 11 0.2250 0.2854 0.2335 0.2562 
        H418 11 0.2835 0.2875 0.2558 0.1733 
        H429 11 0.2405 0.1976 0.2321 0.3298 
        H430 11 0.2380 0.1688 0.2660 0.3273 
        H439 11 0.2144 0.2565 0.2713 0.2578 
        H440 11 0.1926 0.4166 0.1804 0.2104 
        H441 11 0.2284 0.1915 0.3330 0.2471 
        H442 11 0.2600 0.1842 0.2330 0.3228 
        H446 11 0.2909 0.2310 0.2579 0.2201 
        H447 11 0.2179 0.1573 0.2925 0.3322 
        H448 11 0.2052 0.2008 0.2214 0.3726 
        H534 11 0.2047 0.4545 0.1648 0.1761 
        H537 11 0.2374 0.3750 0.1869 0.2006 
        H568 11 0.1765 0.4636 0.2044 0.1555 
        H569 11 0.2374 0.1229 0.3176 0.3221 
        H586 11 0.3800 0.2748 0.2136 0.1316 
        H587 11 0.1767 0.4317 0.1939 0.1977 
        H588 11 0.3680 0.1706 0.2368 0.2246 
        H589 11 0.1936 0.4087 0.1791 0.2185 
        H590 11 0.2187 0.3535 0.1792 0.2485 
        H601 11 0.2943 0.1482 0.2771 0.2803 
        H602 11 0.2059 0.3013 0.2608 0.2320 
        H603 11 0.2160 0.1689 0.2901 0.3250 
        H610 11 0.2137 0.2812 0.2788 0.2264 
        H611 11 0.2010 0.2854 0.3547 0.1589 
        H649 11 0.2322 0.2435 0.2522 0.2720 
        H650 11 0.2692 0.1805 0.3915 0.1587 
        H651 11 0.1942 0.2196 0.2221 0.3641 
        H652 11 0.2869 0.2800 0.2363 0.1967 
       H7364 11 0.2410 0.1976 0.2628 0.2986 
       H7366 11 0.2004 0.2606 0.2153 0.3238 
       H7378 11 0.4296 0.1104 0.3050 0.1550 
       H7379 11 0.2597 0.2583 0.2384 0.2436 
        H739 11 0.2038 0.3448 0.2487 0.2028 
        H740 11 0.2977 0.2001 0.3085 0.1936 
        H741 11 0.1995 0.3294 0.2781 0.1930 
        H926 11 0.2822 0.2173 0.3019 0.1987 
        H927 11 0.2148 0.1804 0.3432 0.2616 
        H928 11 0.2367 0.2285 0.3703 0.1645 
       H9560 11 0.3040 0.2122 0.3096 0.1742 
        H409 12 0.2364 0.1656 0.2609 0.3372 
        H413 12 0.3824 0.1580 0.2829 0.1768 
        H419 12 0.2230 0.2064 0.2179 0.3528 
        H420 12 0.2136 0.3092 0.2078 0.2694 
        H421 12 0.3221 0.1366 0.2432 0.2982 
        H435 12 0.3020 0.1816 0.2418 0.2746 
        H436 12 0.2040 0.2344 0.2339 0.3276 
        H437 12 0.2300 0.3679 0.2066 0.1955 
        H445 12 0.1971 0.1730 0.2184 0.4115 
        H449 12 0.3200 0.2169 0.2283 0.2348 
        H463 12 0.2291 0.3366 0.2236 0.2106 
        H464 12 0.3491 0.1636 0.2616 0.2258 
        H465 12 0.3468 0.2417 0.2639 0.1476 
        H490 12 0.3619 0.1643 0.2733 0.2005 
        H561 12 0.2434 0.2453 0.2888 0.2225 
        H562 12 0.1850 0.2235 0.2036 0.3879 
        H563 12 0.1954 0.2788 0.2381 0.2878 
        H570 12 0.1869 0.3263 0.2149 0.2719 
        H571 12 0.2945 0.2335 0.2935 0.1785 
        H572 12 0.2319 0.2680 0.2513 0.2487 
        H573 12 0.2233 0.1663 0.2720 0.3384 
       H7372 12 0.2321 0.1276 0.2424 0.3979 
       H7373 12 0.4049 0.1671 0.2512 0.1769 
       H7374 12 0.2196 0.3301 0.1559 0.2944 
       H7375 12 0.1931 0.2900 0.2139 0.3030 
       H7376 12 0.1900 0.1410 0.1928 0.4762 
       H7377 12 0.2010 0.3166 0.2943 0.1881 
