        H102  1 0.3896 0.2748 0.3356 
        H103  1 0.2040 0.4749 0.3211 
        H104  1 0.4501 0.2212 0.3288 
        H105  1 0.2934 0.2775 0.4291 
        H106  1 0.3640 0.3226 0.3134 
        H112  1 0.4182 0.2467 0.3351 
        H113  1 0.3023 0.2698 0.4279 
        H114  1 0.2423 0.2859 0.4718 
        H115  1 0.3875 0.2175 0.3950 
        H143  1 0.2998 0.3157 0.3845 
        H144  1 0.2077 0.4296 0.3627 
        H145  1 0.1990 0.4606 0.3404 
        H149  1 0.4426 0.2622 0.2953 
        H150  1 0.3279 0.3395 0.3325 
     H167542  1 0.2803 0.2567 0.4630 
     H169604  1 0.2943 0.2868 0.4189 
     H169607  1 0.2337 0.3664 0.3999 
     H169608  1 0.4585 0.2758 0.2657 
     H169633  1 0.2178 0.3078 0.4744 
     H169688  1 0.2720 0.4575 0.2706 
     H169714  1 0.3971 0.2933 0.3095 
     H171802  1 0.4171 0.2903 0.2926 
     H171805  1 0.2594 0.3675 0.3731 
     H171807  1 0.3848 0.3297 0.2855 
     H171814  1 0.2126 0.4402 0.3472 
     H171816  1 0.3872 0.3089 0.3039 
     H171817  1 0.3975 0.2581 0.3445 
     H171818  1 0.3109 0.3304 0.3587 
     H171819  1 0.3459 0.3106 0.3434 
     H171834  1 0.3423 0.3238 0.3339 
     H171835  1 0.5139 0.2408 0.2453 
     H171836  1 0.1712 0.3809 0.4478 
     H171837  1 0.3868 0.2551 0.3581 
     H171838  1 0.2566 0.4165 0.3269 
     H171839  1 0.3694 0.2577 0.3730 
     H171841  1 0.4921 0.3048 0.2031 
     H171860  1 0.3195 0.2900 0.3905 
     H171861  1 0.1869 0.3458 0.4673 
     H171862  1 0.3312 0.3305 0.3383 
     H171868  1 0.2912 0.2668 0.4421 
     H171869  1 0.2644 0.4458 0.2898 
     H171870  1 0.3540 0.3607 0.2854 
     H171871  1 0.2513 0.4127 0.3359 
     H171872  1 0.3776 0.2558 0.3666 
     H171873  1 0.3547 0.3802 0.2651 
     H171874  1 0.2573 0.3931 0.3496 
     H171875  1 0.1895 0.3817 0.4288 
     H171876  1 0.2605 0.3458 0.3937 
     H171877  1 0.3069 0.2387 0.4544 
     H171878  1 0.3732 0.3954 0.2314 
     H171901  1 0.4031 0.2780 0.3189 
     H171902  1 0.3187 0.3928 0.2885 
     H171903  1 0.3164 0.3172 0.3665 
     H171935  1 0.4108 0.3570 0.2323 
     H171936  1 0.2589 0.3058 0.4353 
     H171940  1 0.3997 0.2921 0.3083 
     H171945  1 0.3150 0.3670 0.3181 
     H171948  1 0.3932 0.2691 0.3378 
     H171949  1 0.4861 0.2519 0.2620 
     H171950  1 0.5190 0.2407 0.2403 
     H171963  1 0.2505 0.4536 0.2958 
     H171964  1 0.2519 0.4860 0.2621 
     H171966  1 0.3351 0.3690 0.2958 
     H171968  1 0.3707 0.3399 0.2894 
     H171971  1 0.3293 0.3979 0.2728 
     H171972  1 0.2362 0.4344 0.3294 
     H171977  1 0.2502 0.4384 0.3115 
     H171978  1 0.3936 0.3379 0.2684 
     H171979  1 0.2040 0.4204 0.3756 
        H176  1 0.2894 0.3261 0.3845 
        H177  1 0.4842 0.2228 0.2930 
        H179  1 0.4205 0.2125 0.3670 
        H181  1 0.2602 0.4007 0.3391 
        H182  1 0.2093 0.4027 0.3880 
        H183  1 0.2558 0.4679 0.2763 
        H184  1 0.3793 0.2787 0.3419 
        H185  1 0.2407 0.3830 0.3764 
        H186  1 0.3653 0.3622 0.2725 
        H187  1 0.3172 0.3361 0.3466 
        H188  1 0.3976 0.2348 0.3675 
        H192  1 0.4347 0.2756 0.2897 
        H193  1 0.2284 0.4325 0.3391 
        H194  1 0.3390 0.2848 0.3762 
        H195  1 0.2351 0.5088 0.2561 
        H199  1 0.2607 0.4450 0.2943 
        H200  1 0.3816 0.2728 0.3456 
        H414  1 0.2805 0.3671 0.3524 
        H415  1 0.2692 0.3148 0.4160 
        H422  1 0.3590 0.3579 0.2831 
        H423  1 0.5449 0.2286 0.2265 
        H424  1 0.2236 0.4107 0.3656 
        H425  1 0.2376 0.4527 0.3097 
        H426  1 0.2659 0.5130 0.2212 
        H443  1 0.2500 0.4342 0.3157 
        H466  1 0.3445 0.3333 0.3222 
        H467  1 0.4810 0.2836 0.2354 
        H472  1 0.3141 0.3153 0.3706 
        H483  1 0.2531 0.3343 0.4126 
        H504  1 0.2329 0.4759 0.2912 
        H505  1 0.4008 0.2827 0.3165 
        H506  1 0.3214 0.3650 0.3135 
        H507  1 0.1867 0.3849 0.4284 
        H508  1 0.3658 0.3504 0.2837 
        H524  1 0.2299 0.3297 0.4404 
        H525  1 0.2834 0.3896 0.3269 
        H526  1 0.2619 0.2849 0.4531 
        H527  1 0.4139 0.2945 0.2915 
        H528  1 0.2196 0.4085 0.3719 
        H529  1 0.2128 0.3728 0.4145 
        H533  1 0.2066 0.3570 0.4364 
        H538  1 0.3443 0.2764 0.3793 
        H539  1 0.2808 0.4192 0.2999 
        H540  1 0.3216 0.3121 0.3663 
        H541  1 0.2954 0.2736 0.4311 
        H558  1 0.2623 0.4860 0.2517 
        H559  1 0.3247 0.3200 0.3554 
        H579  1 0.2493 0.4198 0.3309 
        H584  1 0.2537 0.4431 0.3031 
        H585  1 0.2839 0.3734 0.3427 
        H605  1 0.3717 0.3014 0.3269 
        H606  1 0.4734 0.2446 0.2820 
        H632  1 0.2482 0.4488 0.3030 
        H634  1 0.2844 0.3755 0.3401 
        H671  1 0.4781 0.2626 0.2593 
        H672  1 0.3093 0.3250 0.3657 
        H673  1 0.2667 0.3992 0.3341 
        H689  1 0.2559 0.3534 0.3907 
        H690  1 0.4159 0.2294 0.3547 
        H691  1 0.2962 0.2690 0.4348 
        H692  1 0.1606 0.4360 0.4034 
        H709  1 0.3008 0.3456 0.3536 
        H710  1 0.1967 0.4453 0.3580 
       H7355  1 0.2283 0.2739 0.4978 
       H7356  1 0.3092 0.3790 0.3118 
       H7357  1 0.3516 0.2460 0.4025 
       H7358  1 0.2493 0.3385 0.4122 
       H7380  1 0.2724 0.3427 0.3850 
       H7381  1 0.4052 0.3469 0.2479 
       H7382  1 0.2738 0.3535 0.3727 
        H904  1 0.5659 0.1921 0.2420 
        H923  1 0.3347 0.3267 0.3386 
        H924  1 0.3792 0.3011 0.3197 
        H925  1 0.2644 0.2979 0.4377 
       H9558  1 0.2462 0.5179 0.2359 
        H008  2 0.2054 0.3168 0.4778 
        H021  2 0.4092 0.2800 0.3107 
        H023  2 0.4312 0.2544 0.3145 
        H024  2 0.2093 0.4420 0.3487 
        H025  2 0.4068 0.3416 0.2515 
        H026  2 0.2248 0.4664 0.3088 
        H027  2 0.2891 0.2754 0.4355 
        H028  2 0.2749 0.3911 0.3340 
        H029  2 0.2398 0.3704 0.3898 
        H030  2 0.2269 0.4681 0.3049 
        H038  2 0.4120 0.3140 0.2740 
        H039  2 0.6489 0.1754 0.1756 
        H040  2 0.4253 0.2951 0.2796 
        H041  2 0.2903 0.2566 0.4531 
        H042  2 0.3582 0.2972 0.3446 
        H043  2 0.4627 0.3319 0.2054 
        H044  2 0.2370 0.4202 0.3428 
        H047  2 0.4095 0.3602 0.2303 
        H050  2 0.2576 0.3970 0.3454 
        H058  2 0.3860 0.3379 0.2761 
        H062  2 0.3961 0.2814 0.3225 
        H063  2 0.4518 0.2538 0.2944 
        H065  2 0.3400 0.3901 0.2700 
        H066  2 0.3000 0.4122 0.2878 
        H067  2 0.2761 0.3003 0.4236 
        H068  2 0.4634 0.2901 0.2466 
        H069  2 0.3099 0.3867 0.3035 
        H071  2 0.4209 0.2736 0.3055 
        H072  2 0.4899 0.2319 0.2782 
        H073  2 0.2685 0.3570 0.3745 
        H081  2 0.3419 0.2187 0.4394 
        H082  2 0.2073 0.4432 0.3495 
        H083  2 0.2324 0.4806 0.2870 
        H084  2 0.3504 0.3084 0.3413 
        H085  2 0.2803 0.2469 0.4727 
        H087  2 0.3122 0.2445 0.4432 
        H088  2 0.4112 0.2545 0.3344 
        H089  2 0.2709 0.2822 0.4469 
        H090  2 0.2375 0.3922 0.3702 
        H091  2 0.2296 0.3310 0.4394 
        H098  2 0.2714 0.3215 0.4072 
      H10001  2 0.6337 0.1813 0.1850 
      H10002  2 0.4251 0.2282 0.3467 
        H101  2 0.2602 0.3981 0.3417 
        H108  2 0.4283 0.2335 0.3382 
        H109  2 0.3664 0.3193 0.3143 
        H110  2 0.2498 0.2706 0.4796 
        H116  2 0.2622 0.4182 0.3196 
        H117  2 0.2503 0.2671 0.4825 
        H118  2 0.1992 0.4216 0.3792 
        H119  2 0.3946 0.2654 0.3401 
        H120  2 0.5216 0.1937 0.2847 
        H121  2 0.2378 0.3462 0.4160 
        H125  2 0.6238 0.1819 0.1943 
        H126  2 0.2881 0.4370 0.2749 
        H128  2 0.1449 0.5209 0.3342 
        H129  2 0.2190 0.5042 0.2768 
        H130  2 0.4438 0.3444 0.2118 
        H133  2 0.5200 0.2518 0.2282 
        H134  2 0.2013 0.5740 0.2247 
        H135  2 0.3252 0.2729 0.4019 
        H137  2 0.3139 0.3277 0.3584 
        H138  2 0.2381 0.4870 0.2749 
        H140  2 0.3071 0.3423 0.3506 
        H146  2 0.2529 0.3890 0.3581 
        H147  2 0.2674 0.2863 0.4462 
        H148  2 0.2703 0.2457 0.4840 
     H166022  2 0.2225 0.3289 0.4486 
     H167359  2 0.2999 0.3633 0.3368 
     H167397  2 0.1555 0.3879 0.4566 
     H167428  2 0.1771 0.3671 0.4558 
     H167496  2 0.4889 0.2027 0.3083 
     H167513  2 0.3193 0.3770 0.3037 
     H167545  2 0.2293 0.4604 0.3103 
     H167547  2 0.1986 0.5015 0.3000 
     H169621  2 0.2442 0.3956 0.3602 
     H169622  2 0.2334 0.3753 0.3913 
     H169750  2 0.3821 0.3756 0.2423 
     H171806  2 0.3600 0.3398 0.3002 
     H171808  2 0.2916 0.3392 0.3693 
     H171809  2 0.3301 0.2677 0.4021 
     H171813  2 0.3373 0.3969 0.2658 
     H171815  2 0.5078 0.2768 0.2155 
     H171824  2 0.4260 0.2119 0.3622 
     H171825  2 0.2803 0.3568 0.3629 
     H171826  2 0.3566 0.2848 0.3585 
     H171827  2 0.3543 0.3121 0.3336 
     H171828  2 0.5623 0.1804 0.2573 
     H171829  2 0.3270 0.4094 0.2636 
     H171830  2 0.3238 0.3144 0.3618 
     H171831  2 0.2061 0.4492 0.3446 
     H171832  2 0.2792 0.4111 0.3097 
     H171863  2 0.1926 0.5222 0.2852 
     H171864  2 0.2940 0.2760 0.4300 
     H171865  2 0.4637 0.2899 0.2464 
     H171879  2 0.2866 0.3799 0.3335 
     H171880  2 0.2547 0.3261 0.4192 
     H171881  2 0.2814 0.3245 0.3940 
     H171882  2 0.5622 0.2055 0.2324 
     H171929  2 0.2884 0.3046 0.4070 
     H171930  2 0.2124 0.4501 0.3375 
     H171933  2 0.2904 0.3288 0.3808 
     H171934  2 0.2978 0.2778 0.4244 
     H171937  2 0.2561 0.4646 0.2793 
     H171962  2 0.2745 0.3572 0.3683 
        H190  2 0.2626 0.3645 0.3728 
        H191  2 0.3316 0.3396 0.3288 
        H396  2 0.3352 0.2926 0.3722 
        H397  2 0.2843 0.3593 0.3564 
        H398  2 0.3543 0.3682 0.2775 
        H400  2 0.3011 0.2913 0.4077 
        H401  2 0.1758 0.4673 0.3569 
        H402  2 0.2305 0.3355 0.4340 
        H427  2 0.2960 0.2847 0.4193 
        H428  2 0.1750 0.3508 0.4741 
        H497  2 0.3894 0.3313 0.2794 
        H512  2 0.3129 0.3228 0.3642 
        H513  2 0.3196 0.3773 0.3031 
        H514  2 0.2835 0.4520 0.2646 
        H519  2 0.3271 0.3594 0.3135 
        H532  2 0.2368 0.3121 0.4511 
        H543  2 0.2278 0.3013 0.4709 
        H544  2 0.3046 0.4443 0.2511 
        H545  2 0.2169 0.4980 0.2851 
        H546  2 0.4291 0.3154 0.2555 
        H547  2 0.1916 0.5088 0.2997 
        H548  2 0.2672 0.2642 0.4686 
        H549  2 0.2934 0.4100 0.2965 
        H620  2 0.5599 0.1994 0.2407 
        H623  2 0.2605 0.4374 0.3022 
        H624  2 0.3979 0.4110 0.1911 
        H625  2 0.2804 0.3315 0.3882 
        H626  2 0.3169 0.3063 0.3768 
        H654  2 0.6064 0.2102 0.1834 
        H655  2 0.4134 0.3028 0.2838 
        H656  2 0.5186 0.2193 0.2620 
        H666  2 0.5417 0.2557 0.2026 
        H667  2 0.2932 0.3325 0.3744 
        H677  2 0.2774 0.3417 0.3809 
        H693  2 0.4664 0.2091 0.3245 
        H694  2 0.2544 0.4051 0.3406 
        H701  2 0.2443 0.3468 0.4089 
        H702  2 0.3616 0.2933 0.3451 
        H731  2 0.4046 0.2757 0.3197 
       H7359  2 0.3047 0.3457 0.3495 
       H7389  2 0.2984 0.3678 0.3337 
       H7390  2 0.4836 0.2559 0.2605 
       H7391  2 0.2729 0.2200 0.5070 
       H7392  2 0.3528 0.3700 0.2772 
       H7393  2 0.3912 0.2947 0.3142 
       H7398  2 0.3057 0.2469 0.4474 
       H7399  2 0.2451 0.3786 0.3764 
       H7400  2 0.5720 0.2200 0.2080 
        H745  2 0.2307 0.5061 0.2632 
        H746  2 0.2436 0.4055 0.3509 
        H747  2 0.4489 0.2726 0.2785 
        H748  2 0.3234 0.3384 0.3382 
       H7484  2 0.5148 0.2334 0.2518 
       H7485  2 0.2816 0.4163 0.3022 
        H749  2 0.2350 0.3805 0.3845 
        H930  2 0.2258 0.4221 0.3520 
        H931  2 0.3117 0.3016 0.3867 
        H932  2 0.3419 0.3298 0.3283 
        H111  3 0.2422 0.4425 0.3153 
        H951  3 0.2356 0.4024 0.3620 
        H952  3 0.3198 0.3931 0.2871 
        H953  3 0.2488 0.3099 0.4413 
        H954  3 0.4904 0.2467 0.2628 
        H955  3 0.2285 0.4144 0.3571 
        H956  3 0.3611 0.2836 0.3553 
       H9563  3 0.3766 0.2607 0.3628 
        H002  4 0.4472 0.3384 0.2144 
        H003  4 0.2496 0.3608 0.3897 
        H009  4 0.2620 0.4579 0.2801 
        H010  4 0.2998 0.3190 0.3812 
        H011  4 0.5272 0.2125 0.2603 
        H012  4 0.2403 0.2867 0.4729 
        H013  4 0.3667 0.2640 0.3694 
        H014  4 0.3354 0.3655 0.2991 
        H045  4 0.3761 0.2439 0.3800 
        H046  4 0.2414 0.3912 0.3674 
        H051  4 0.4190 0.2404 0.3406 
        H052  4 0.3972 0.3577 0.2451 
        H053  4 0.3861 0.3088 0.3052 
        H056  4 0.4465 0.3030 0.2504 
        H076  4 0.2294 0.4105 0.3600 
        H151  4 0.5407 0.2631 0.1963 
        H152  4 0.4385 0.3466 0.2149 
     H171803  4 0.4491 0.2709 0.2800 
     H171804  4 0.3883 0.2622 0.3494 
     H171833  4 0.2487 0.4779 0.2734 
     H171855  4 0.4886 0.3108 0.2006 
     H171856  4 0.3459 0.3190 0.3351 
     H171857  4 0.4370 0.3241 0.2389 
     H171858  4 0.3130 0.3607 0.3263 
     H171859  4 0.3510 0.3386 0.3104 
     H171961  4 0.4290 0.2654 0.3056 
        H198  4 0.2017 0.3925 0.4058 
      H20001  4 0.2621 0.4908 0.2472 
        H403  4 0.3527 0.3599 0.2874 
        H404  4 0.2557 0.3292 0.4151 
        H405  4 0.2337 0.3426 0.4237 
        H406  4 0.2757 0.4833 0.2410 
        H407  4 0.3842 0.2621 0.3536 
        H410  4 0.2083 0.3500 0.4417 
        H411  4 0.2612 0.4673 0.2715 
        H468  4 0.3134 0.4506 0.2360 
        H476  4 0.3540 0.3470 0.2990 
        H477  4 0.2425 0.4990 0.2585 
        H478  4 0.2488 0.3473 0.4038 
        H479  4 0.3798 0.2717 0.3485 
        H480  4 0.2242 0.4638 0.3119 
        H498  4 0.3055 0.3713 0.3233 
        H499  4 0.3376 0.3297 0.3326 
        H500  4 0.4827 0.2259 0.2914 
        H515  4 0.3974 0.2858 0.3168 
        H516  4 0.3389 0.3739 0.2872 
        H517  4 0.2973 0.3606 0.3421 
        H518  4 0.3868 0.3611 0.2521 
        H520  4 0.4411 0.3024 0.2565 
        H521  4 0.3016 0.3141 0.3843 
        H522  4 0.3616 0.3263 0.3121 
        H523  4 0.3522 0.3271 0.3208 
        H536  4 0.3075 0.3257 0.3668 
        H645  4 0.3739 0.2320 0.3941 
        H646  4 0.2305 0.4173 0.3522 
        H647  4 0.3005 0.3766 0.3229 
        H657  4 0.2419 0.3641 0.3940 
        H658  4 0.3396 0.3038 0.3567 
        H659  4 0.5801 0.2163 0.2036 
        H660  4 0.3760 0.3132 0.3108 
        H661  4 0.4373 0.3258 0.2368 
        H668  4 0.2464 0.2929 0.4607 
        H669  4 0.3451 0.2792 0.3758 
        H670  4 0.3576 0.2358 0.4066 
        H678  4 0.3258 0.3263 0.3479 
        H679  4 0.2293 0.3615 0.4092 
        H680  4 0.3183 0.4042 0.2775 
        H681  4 0.3680 0.2700 0.3620 
        H682  4 0.2819 0.3007 0.4174 
        H683  4 0.4018 0.3813 0.2170 
        H718  4 0.4869 0.2647 0.2484 
        H719  4 0.3696 0.2634 0.3669 
        H720  4 0.3756 0.3578 0.2666 
        H721  4 0.3737 0.3727 0.2537 
        H722  4 0.3855 0.4158 0.1988 
        H723  4 0.4223 0.2368 0.3409 
        H724  4 0.5535 0.2170 0.2295 
        H725  4 0.5215 0.2602 0.2183 
        H726  4 0.4394 0.2741 0.2865 
        H727  4 0.4274 0.2414 0.3312 
        H910  4 0.4144 0.2486 0.3371 
        H911  4 0.2707 0.3918 0.3376 
        H912  4 0.3639 0.3551 0.2811 
        H913  4 0.4112 0.2942 0.2947 
        H914  4 0.4396 0.2029 0.3576 
        H915  4 0.3431 0.3171 0.3399 
        H916  4 0.3079 0.4118 0.2803 
       H9572  4 0.3791 0.3369 0.2841 
        H015  5 0.2489 0.4356 0.3155 
        H016  5 0.2508 0.4604 0.2888 
        H017  5 0.3284 0.4370 0.2346 
        H019  5 0.2891 0.3887 0.3222 
        H020  5 0.3678 0.3096 0.3226 
        H032  5 0.3572 0.3363 0.3066 
        H033  5 0.2775 0.2987 0.4239 
        H034  5 0.4342 0.2299 0.3359 
        H035  5 0.3231 0.3452 0.3317 
        H036  5 0.2904 0.3647 0.3449 
        H037  5 0.4294 0.2729 0.2977 
        H048  5 0.4609 0.2251 0.3140 
        H049  5 0.3153 0.4234 0.2613 
        H054  5 0.3399 0.3176 0.3425 
        H055  5 0.3919 0.3069 0.3012 
        H057  5 0.3172 0.4523 0.2306 
        H060  5 0.3836 0.3514 0.2651 
        H061  5 0.2670 0.3427 0.3903 
        H064  5 0.3936 0.3165 0.2898 
        H070  5 0.3830 0.2552 0.3618 
        H077  5 0.4818 0.2701 0.2481 
        H078  5 0.4287 0.3352 0.2360 
        H079  5 0.2287 0.2858 0.4855 
        H097  5 0.3523 0.4364 0.2113 
        H107  5 0.5582 0.1861 0.2557 
        H122  5 0.2978 0.3970 0.3052 
        H123  5 0.2419 0.3798 0.3784 
        H124  5 0.2445 0.3322 0.4232 
        H131  5 0.2657 0.3403 0.3940 
        H132  5 0.3839 0.2879 0.3282 
        H141  5 0.3886 0.2846 0.3268 
        H142  5 0.2267 0.4008 0.3724 
        H157  5 0.4654 0.2563 0.2784 
        H158  5 0.2336 0.4941 0.2723 
        H159  5 0.2308 0.4141 0.3551 
        H160  5 0.3323 0.3624 0.3053 
        H163  5 0.2818 0.3676 0.3506 
        H164  5 0.2833 0.3638 0.3528 
        H165  5 0.2226 0.3156 0.4619 
        H166  5 0.2817 0.3707 0.3476 
        H169  5 0.3187 0.3230 0.3582 
     H169613  5 0.3294 0.3711 0.2995 
     H169653  5 0.2688 0.3737 0.3575 
     H169728  5 0.2891 0.3708 0.3400 
     H169742  5 0.3490 0.2541 0.3969 
        H170  5 0.2968 0.4695 0.2337 
        H171  5 0.2725 0.4605 0.2670 
     H171851  5 0.3181 0.3721 0.3098 
     H171852  5 0.4123 0.3262 0.2614 
     H171853  5 0.3854 0.2595 0.3550 
     H171854  5 0.3142 0.3728 0.3131 
     H171938  5 0.3152 0.2464 0.4384 
     H171939  5 0.2545 0.4365 0.3090 
     H171941  5 0.5069 0.2247 0.2684 
     H171965  5 0.2487 0.4072 0.3441 
     H171970  5 0.5440 0.2161 0.2399 
     H171973  5 0.2534 0.2830 0.4636 
     H171974  5 0.3272 0.2652 0.4076 
     H171975  5 0.3818 0.2884 0.3298 
     H171976  5 0.3052 0.4598 0.2350 
        H175  5 0.4499 0.2391 0.3110 
        H178  5 0.3666 0.3050 0.3283 
        H189  5 0.2143 0.4246 0.3611 
        H399  5 0.2858 0.4684 0.2457 
        H416  5 0.3527 0.2872 0.3601 
        H438  5 0.3184 0.2572 0.4244 
        H450  5 0.4699 0.2785 0.2516 
        H455  5 0.5202 0.2063 0.2735 
        H456  5 0.3282 0.2842 0.3876 
        H457  5 0.4262 0.3424 0.2314 
        H458  5 0.4106 0.2867 0.3027 
        H459  5 0.2214 0.3849 0.3937 
        H460  5 0.3434 0.3268 0.3298 
        H461  5 0.2932 0.4364 0.2704 
        H462  5 0.2836 0.3203 0.3961 
        H469  5 0.2365 0.3362 0.4273 
        H470  5 0.3723 0.3111 0.3165 
        H471  5 0.2062 0.5005 0.2933 
        H481  5 0.5357 0.2290 0.2353 
        H482  5 0.3797 0.3052 0.3150 
        H501  5 0.3435 0.2976 0.3589 
        H502  5 0.2272 0.4410 0.3317 
        H503  5 0.2947 0.3898 0.3155 
        H509  5 0.4349 0.2519 0.3132 
        H510  5 0.3342 0.3469 0.3189 
        H511  5 0.2687 0.3982 0.3331 
        H530  5 0.3697 0.2514 0.3789 
        H531  5 0.4422 0.2990 0.2588 
        H564  5 0.3736 0.3122 0.3141 
        H565  5 0.4739 0.2727 0.2534 
        H567  5 0.2035 0.3955 0.4009 
     H568???  5 0.2435 0.4545 0.3019 
        H608  5 0.4525 0.2781 0.2694 
        H609  5 0.3029 0.2604 0.4366 
        H612  5 0.4939 0.2005 0.3056 
        H614  5 0.4854 0.2908 0.2238 
        H615  5 0.4209 0.3322 0.2469 
        H616  5 0.5682 0.1771 0.2546 
        H617  5 0.2362 0.3297 0.4341 
        H618  5 0.4572 0.2460 0.2968 
        H619  5 0.2561 0.2963 0.4476 
        H635  5 0.3166 0.3278 0.3557 
        H636  5 0.2642 0.2462 0.4896 
        H637  5 0.3620 0.2820 0.3560 
        H644  5 0.1605 0.5614 0.2780 
        H711  5 0.2842 0.4647 0.2511 
        H712  5 0.3964 0.2327 0.3708 
       H7360  5 0.3291 0.3840 0.2870 
       H7361  5 0.4351 0.2759 0.2890 
       H7362  5 0.1906 0.4988 0.3106 
       H7363  5 0.3888 0.3255 0.2857 
       H7394  5 0.2406 0.3921 0.3672 
       H7395  5 0.3527 0.3007 0.3466 
       H7396  5 0.3153 0.3255 0.3593 
        H742  5 0.3456 0.2519 0.4025 
        H743  5 0.3530 0.3290 0.3181 
        H744  5 0.4966 0.2176 0.2858 
        H957  5 0.3067 0.4099 0.2833 
        H958  5 0.2794 0.3373 0.3833 
        H959  5 0.4619 0.2253 0.3128 
        H960  5 0.3297 0.3084 0.3618 
      H_PALI  6 0.3145 0.3515 0.3340 
        H581  6 0.3785 0.3381 0.2834 
        H582  6 0.4971 0.2870 0.2158 
        H583  6 0.3633 0.3302 0.3064 
        H595  6 0.2101 0.4316 0.3583 
        H596  6 0.2117 0.3968 0.3915 
        H597  6 0.2303 0.4350 0.3347 
        H598  6 0.3515 0.2847 0.3638 
        H599  6 0.4224 0.2624 0.3151 
        H642  6 0.2540 0.4605 0.2855 
        H643  6 0.3251 0.2906 0.3843 
        H664  6 0.4588 0.3331 0.2081 
        H665  6 0.3010 0.2517 0.4473 
        H674  6 0.1985 0.5224 0.2791 
        H675  6 0.3915 0.3504 0.2581 
        H676  6 0.2613 0.4166 0.3221 
        H686  6 0.3015 0.3797 0.3187 
        H687  6 0.3248 0.3592 0.3159 
        H917  6 0.2262 0.2978 0.4760 
        H918  6 0.2882 0.2912 0.4206 
        H919  6 0.4828 0.2036 0.3136 
        H920  6 0.4138 0.2931 0.2931 
        H631  7 0.4245 0.2775 0.2980 
        H684  7 0.2244 0.5039 0.2717 
        H685  7 0.4739 0.2772 0.2489 
        H713  7 0.4990 0.2382 0.2628 
        H715  7 0.2674 0.4561 0.2766 
        H716  7 0.3920 0.2911 0.3169 
        H717  7 0.3657 0.3107 0.3236 
        H729  7 0.2160 0.2899 0.4940 
        H730  7 0.3494 0.2411 0.4095 
        H431  8 0.4077 0.2821 0.3102 
        H432  8 0.2250 0.4488 0.3262 
        H433  8 0.2695 0.3053 0.4252 
        H434  8 0.3047 0.3358 0.3595 
        H444  8 0.2785 0.2810 0.4405 
        H454  8 0.4870 0.2260 0.2871 
        H475  8 0.5001 0.2540 0.2459 
        H491  8 0.4219 0.3028 0.2752 
        H492  8 0.4294 0.2701 0.3004 
        H493  8 0.2988 0.3948 0.3064 
        H494  8 0.3431 0.2993 0.3575 
        H495  8 0.4664 0.3482 0.1854 
        H662  8 0.2887 0.4183 0.2930 
        H663  8 0.3446 0.3056 0.3498 
        H695  8 0.3652 0.2762 0.3586 
       H7367  8 0.2263 0.3349 0.4388 
       H7368  8 0.2612 0.3936 0.3452 
       H7369  8 0.3186 0.2810 0.4004 
       H7370  8 0.2033 0.3780 0.4187 
       H7371  8 0.2862 0.3003 0.4135 
        H600  9 0.4219 0.2836 0.2945 
        H648  9 0.3340 0.3777 0.2882 
        H696  9 0.1944 0.5313 0.2743 
        H697  9 0.3070 0.3278 0.3652 
        H698  9 0.2720 0.3721 0.3560 
        H699  9 0.3271 0.3391 0.3338 
        H700  9 0.4328 0.2471 0.3201 
        H732  9 0.4768 0.2975 0.2257 
        H733  9 0.2439 0.3473 0.4088 
        H734  9 0.2236 0.4312 0.3452 
        H735  9 0.2764 0.3936 0.3300 
        H736  9 0.3339 0.3246 0.3415 
        H737  9 0.3781 0.3009 0.3210 
        H905  9 0.4255 0.2452 0.3293 
        H921  9 0.3814 0.2541 0.3645 
        H922  9 0.2080 0.3770 0.4151 
     H169705 10 0.2818 0.3180 0.4002 
     H171942 10 0.2167 0.4455 0.3378 
     H171943 10 0.3081 0.3781 0.3139 
     H171944 10 0.3158 0.2826 0.4016 
     H171946 10 0.4292 0.3587 0.2121 
     H171947 10 0.2797 0.3594 0.3609 
     H229641 10 0.3412 0.3474 0.3113 
      H30001 10 0.3511 0.2801 0.3687 
      H30002 10 0.3148 0.3072 0.3780 
      H30005 10 0.3102 0.3340 0.3557 
      H30006 10 0.2509 0.3993 0.3498 
      H30007 10 0.1947 0.5509 0.2544 
        H451 10 0.2429 0.3498 0.4072 
        H452 10 0.2852 0.3896 0.3252 
        H453 10 0.4810 0.3039 0.2150 
        H473 10 0.3665 0.3064 0.3271 
        H474 10 0.5320 0.2734 0.1946 
        H486 10 0.3983 0.2842 0.3175 
        H487 10 0.4127 0.2924 0.2949 
        H488 10 0.3504 0.2481 0.4014 
        H489 10 0.4645 0.2370 0.2985 
        H550 10 0.2551 0.4538 0.2912 
        H551 10 0.3473 0.2558 0.3969 
        H553 10 0.4485 0.2923 0.2592 
        H554 10 0.2691 0.3857 0.3452 
        H556 10 0.3480 0.3715 0.2805 
        H580 10 0.2850 0.3332 0.3818 
        H591 10 0.5254 0.2216 0.2530 
        H592 10 0.3907 0.2758 0.3335 
        H593 10 0.2970 0.3629 0.3401 
        H594 10 0.1932 0.4418 0.3650 
        H627 10 0.3384 0.3895 0.2721 
        H628 10 0.1902 0.3160 0.4939 
        H629 10 0.3373 0.4001 0.2626 
        H630 10 0.3427 0.3595 0.2978 
        H638 10 0.2825 0.3423 0.3752 
        H639 10 0.4671 0.3071 0.2258 
        H640 10 0.2593 0.3970 0.3438 
        H704 10 0.2531 0.4362 0.3107 
        H705 10 0.2894 0.3146 0.3961 
        H706 10 0.4251 0.2181 0.3567 
        H708 10 0.4944 0.2571 0.2485 
       H7351 10 0.3056 0.3762 0.3182 
       H7352 10 0.3449 0.3261 0.3290 
       H7353 10 0.2411 0.4957 0.2632 
       H7354 10 0.4108 0.2717 0.3175 
       H7365 10 0.4873 0.2330 0.2797 
       H7383 10 0.3961 0.2403 0.3637 
       H7384 10 0.3901 0.2697 0.3402 
       H7385 10 0.4442 0.2504 0.3054 
       H7386 10 0.3046 0.3058 0.3896 
       H7387 10 0.2883 0.3255 0.3862 
       H7388 10 0.3061 0.3324 0.3616 
        H906 10 0.4019 0.3338 0.2643 
        H907 10 0.2420 0.3965 0.3615 
        H908 10 0.3429 0.2960 0.3611 
        H909 10 0.3513 0.2760 0.3727 
       H9552 10 0.3158 0.3512 0.3330 
       H9553 10 0.3803 0.3094 0.3103 
       H9555 10 0.2656 0.2920 0.4424 
       H9575 10 0.4379 0.3182 0.2439 
       H9703 10 0.5125 0.2432 0.2443 
       H9707 10 0.4359 0.2742 0.2899 
       HSAA4 10 0.2873 0.3412 0.3715 
        H001 11 0.3679 0.2871 0.3450 
        H004 11 0.3072 0.3523 0.3404 
        H005 11 0.5018 0.2246 0.2736 
        H006 11 0.3350 0.2915 0.3735 
        H007 11 0.4381 0.2143 0.3476 
        H031 11 0.5303 0.1951 0.2746 
        H074 11 0.4638 0.2874 0.2488 
        H075 11 0.4672 0.2122 0.3206 
        H080 11 0.4547 0.2513 0.2941 
        H086 11 0.3449 0.3335 0.3216 
        H092 11 0.3911 0.2714 0.3375 
        H093 11 0.2054 0.4612 0.3334 
        H094 11 0.2801 0.3905 0.3294 
        H095 11 0.4305 0.2709 0.2986 
        H096 11 0.3674 0.2530 0.3796 
        H099 11 0.3891 0.2911 0.3198 
        H100 11 0.2306 0.4041 0.3653 
        H127 11 0.3814 0.2986 0.3200 
        H136 11 0.4953 0.2602 0.2445 
        H153 11 0.3007 0.3811 0.3183 
        H154 11 0.4815 0.2647 0.2538 
        H155 11 0.2211 0.2855 0.4934 
        H156 11 0.1823 0.3360 0.4817 
        H161 11 0.2939 0.4005 0.3056 
        H162 11 0.2247 0.3909 0.3843 
        H167 11 0.2776 0.3284 0.3940 
        H168 11 0.2987 0.3295 0.3718 
     H169586 11 0.3842 0.4112 0.2046 
     H169738 11 0.2477 0.3110 0.4413 
     H169741 11 0.4362 0.2828 0.2809 
     H171801 11 0.2650 0.4108 0.3242 
     H171810 11 0.4369 0.3106 0.2525 
     H171811 11 0.4628 0.3084 0.2288 
     H171812 11 0.3568 0.2587 0.3845 
     H171820 11 0.4740 0.2714 0.2547 
     H171821 11 0.2803 0.3350 0.3847 
     H171822 11 0.3144 0.3208 0.3648 
     H171823 11 0.4382 0.3608 0.2009 
     H171866 11 0.2556 0.3922 0.3522 
     H171867 11 0.2485 0.2661 0.4854 
     H171967 11 0.4408 0.2296 0.3296 
     H171969 11 0.3377 0.3157 0.3466 
        H172 11 0.3011 0.2965 0.4024 
        H173 11 0.3012 0.2457 0.4531 
        H174 11 0.2103 0.4600 0.3296 
        H196 11 0.2459 0.3284 0.4257 
        H197 11 0.2733 0.3036 0.4231 
        H346 11 0.3528 0.2663 0.3808 
        H355 11 0.3826 0.2881 0.3293 
        H356 11 0.3655 0.3144 0.3201 
        H357 11 0.4144 0.2356 0.3500 
        H358 11 0.3210 0.2418 0.4372 
        H359 11 0.3326 0.3346 0.3328 
        H360 11 0.3290 0.2812 0.3898 
        H361 11 0.2794 0.3203 0.4003 
        H362 11 0.2039 0.3814 0.4147 
        H363 11 0.4578 0.2405 0.3017 
        H364 11 0.3270 0.3689 0.3041 
        H365 11 0.2787 0.3390 0.3823 
        H366 11 0.2523 0.3136 0.4341 
        H367 11 0.4916 0.2613 0.2471 
        H368 11 0.2626 0.4542 0.2832 
        H369 11 0.4899 0.2072 0.3028 
        H370 11 0.2659 0.3566 0.3775 
        H371 11 0.3310 0.3449 0.3241 
        H372 11 0.3093 0.3176 0.3731 
        H373 11 0.3486 0.3270 0.3244 
        H374 11 0.4061 0.2660 0.3280 
        H375 11 0.3726 0.2534 0.3740 
        H376 11 0.2614 0.3824 0.3562 
        H377 11 0.3657 0.2850 0.3493 
        H378 11 0.3854 0.3199 0.2948 
        H379 11 0.3184 0.3468 0.3348 
        H380 11 0.2300 0.3064 0.4636 
        H381 11 0.4339 0.3105 0.2556 
        H382 11 0.1888 0.4011 0.4101 
        H383 11 0.2305 0.4035 0.3660 
        H384 11 0.4098 0.3103 0.2799 
        H385 11 0.3956 0.2940 0.3104 
        H386 11 0.2761 0.2520 0.4719 
        H387 11 0.3098 0.4789 0.2113 
        H388 11 0.2081 0.3554 0.4365 
        H389 11 0.3402 0.2504 0.4094 
        H390 11 0.2867 0.3347 0.3786 
        H391 11 0.2705 0.4176 0.3119 
        H392 11 0.4683 0.2256 0.3061 
        H393 11 0.2368 0.4173 0.3459 
        H394 11 0.2389 0.5062 0.2549 
        H395 11 0.4400 0.2564 0.3036 
        H408 11 0.3410 0.2591 0.3999 
        H412 11 0.4888 0.3346 0.1766 
        H417 11 0.3810 0.2932 0.3258 
        H418 11 0.3661 0.3894 0.2445 
        H429 11 0.2838 0.3230 0.3932 
        H430 11 0.2530 0.3167 0.4302 
        H439 11 0.3636 0.2788 0.3576 
        H440 11 0.4856 0.2534 0.2610 
        H441 11 0.2642 0.3326 0.4032 
        H442 11 0.2601 0.3494 0.3905 
        H446 11 0.3202 0.3650 0.3148 
        H447 11 0.2518 0.3028 0.4454 
        H448 11 0.2891 0.2554 0.4554 
        H534 11 0.5256 0.2676 0.2068 
        H537 11 0.4700 0.2939 0.2360 
        H568 11 0.5390 0.2203 0.2407 
        H569 11 0.1924 0.3367 0.4709 
        H586 11 0.3837 0.4248 0.1915 
        H587 11 0.5371 0.2162 0.2467 
        H588 11 0.2309 0.4880 0.2811 
        H589 11 0.4954 0.2417 0.2629 
        H590 11 0.4309 0.2926 0.2765 
        H601 11 0.2106 0.3959 0.3936 
        H602 11 0.3949 0.2827 0.3224 
        H603 11 0.2550 0.2827 0.4623 
        H610 11 0.3847 0.2833 0.3321 
        H611 11 0.4049 0.2907 0.3044 
        H649 11 0.3416 0.3319 0.3265 
        H650 11 0.2482 0.4439 0.3078 
        H651 11 0.3017 0.2608 0.4375 
        H652 11 0.3386 0.3880 0.2735 
       H7364 11 0.2938 0.3126 0.3936 
       H7366 11 0.3406 0.2562 0.4032 
       H7378 11 0.1506 0.5780 0.2713 
       H7379 11 0.3314 0.3328 0.3358 
        H739 11 0.4378 0.2798 0.2825 
        H740 11 0.2739 0.3961 0.3300 
        H741 11 0.4434 0.2737 0.2830 
        H926 11 0.2902 0.3911 0.3188 
        H927 11 0.2526 0.3046 0.4428 
        H928 11 0.3306 0.3415 0.3279 
       H9560 11 0.2955 0.3796 0.3249 
        H409 12 0.2373 0.3195 0.4432 
        H413 12 0.2211 0.5297 0.2492 
        H419 12 0.2880 0.3048 0.4073 
        H420 12 0.3890 0.3004 0.3106 
        H421 12 0.2004 0.4375 0.3621 
        H435 12 0.2479 0.4204 0.3317 
        H436 12 0.3309 0.2513 0.4178 
        H437 12 0.4532 0.3035 0.2433 
        H445 12 0.2603 0.2863 0.4534 
        H449 12 0.2840 0.4181 0.2979 
        H463 12 0.4227 0.2919 0.2854 
        H464 12 0.2312 0.4689 0.2999 
        H465 12 0.2997 0.4840 0.2163 
        H490 12 0.2168 0.4541 0.3291 
        H561 12 0.3173 0.3456 0.3371 
        H562 12 0.3169 0.2496 0.4335 
        H563 12 0.3789 0.2558 0.3653 
        H570 12 0.4227 0.2347 0.3425 
        H571 12 0.3247 0.4255 0.2498 
        H572 12 0.3870 0.3135 0.2995 
        H573 12 0.2444 0.3142 0.4415 
       H7372 12 0.1893 0.3317 0.4790 
       H7373 12 0.2264 0.5258 0.2478 
       H7374 12 0.4045 0.2768 0.3187 
       H7375 12 0.4031 0.2665 0.3304 
       H7376 12 0.2133 0.2719 0.5148 
       H7377 12 0.4262 0.2748 0.2990 
