        H102  1 0.0711 0.1143 0.1180 0.1494 0.3921 0.1551 
        H103  1 0.1229 0.1948 0.2166 0.0703 0.1301 0.2652 
        H104  1 0.2471 0.1081 0.1194 0.2197 0.1589 0.1468 
        H105  1 0.1298 0.1372 0.1596 0.1515 0.2435 0.1783 
        H106  1 0.1431 0.1658 0.2259 0.1593 0.1330 0.1729 
        H112  1 0.1336 0.1315 0.1309 0.2124 0.2499 0.1417 
        H113  1 0.3262 0.1130 0.1390 0.1132 0.1608 0.1478 
        H114  1 0.2827 0.1228 0.1584 0.0763 0.1903 0.1696 
        H115  1 0.1673 0.1042 0.1224 0.1525 0.3123 0.1413 
        H143  1 0.1170 0.1438 0.1482 0.1052 0.3104 0.1754 
        H144  1 0.1033 0.3070 0.1666 0.0680 0.1833 0.1718 
        H145  1 0.1081 0.2101 0.1640 0.0805 0.2577 0.1797 
        H149  1 0.1252 0.1353 0.1503 0.2500 0.1894 0.1498 
        H150  1 0.1978 0.2731 0.1183 0.1270 0.1702 0.1137 
     H167542  1 0.1947 0.1233 0.2075 0.1016 0.1973 0.1757 
     H169604  1 0.1599 0.1442 0.1357 0.1111 0.2417 0.2075 
     H169607  1 0.1479 0.2088 0.1581 0.0886 0.1826 0.2139 
     H169608  1 0.0869 0.1208 0.1148 0.2712 0.3083 0.0980 
     H169633  1 0.2495 0.1588 0.1670 0.0792 0.1731 0.1724 
     H169688  1 0.0972 0.2687 0.2061 0.1354 0.0948 0.1978 
     H169714  1 0.1957 0.1536 0.1576 0.1899 0.1425 0.1606 
     H171802  1 0.1733 0.1295 0.1291 0.2922 0.0925 0.1835 
     H171805  1 0.1423 0.1739 0.2190 0.1178 0.1569 0.1902 
     H171807  1 0.1020 0.1750 0.1361 0.2138 0.1918 0.1813 
     H171814  1 0.2566 0.2366 0.1267 0.0898 0.1246 0.1657 
     H171816  1 0.1420 0.1521 0.1392 0.2287 0.1581 0.1799 
     H171817  1 0.1570 0.1345 0.1515 0.2128 0.1824 0.1618 
     H171818  1 0.1673 0.1634 0.1974 0.1242 0.1648 0.1829 
     H171819  1 0.1981 0.1505 0.1518 0.1726 0.1693 0.1576 
     H171834  1 0.1241 0.1509 0.1763 0.1206 0.2826 0.1454 
     H171835  1 0.2116 0.1158 0.1271 0.2773 0.1521 0.1161 
     H171836  1 0.1858 0.1697 0.2437 0.0553 0.1280 0.2175 
     H171837  1 0.2116 0.1294 0.1578 0.1871 0.1840 0.1300 
     H171838  1 0.1435 0.1621 0.2549 0.0897 0.1680 0.1818 
     H171839  1 0.2232 0.1310 0.1365 0.1810 0.1672 0.1610 
     H171841  1 0.0673 0.1161 0.1001 0.5004 0.1134 0.1026 
     H171860  1 0.2015 0.1489 0.1473 0.1468 0.1982 0.1573 
     H171861  1 0.1437 0.1577 0.2132 0.0598 0.2193 0.2062 
     H171862  1 0.1206 0.1701 0.1572 0.1176 0.2620 0.1726 
     H171868  1 0.1268 0.1273 0.1671 0.1040 0.3158 0.1590 
     H171869  1 0.1257 0.2541 0.2149 0.0937 0.1408 0.1708 
     H171870  1 0.1060 0.2051 0.1758 0.2115 0.1209 0.1806 
     H171871  1 0.1919 0.1688 0.2007 0.0923 0.1184 0.2280 
     H171872  1 0.1996 0.1288 0.1209 0.1840 0.2114 0.1554 
     H171873  1 0.1686 0.2077 0.1754 0.1766 0.1025 0.1692 
     H171874  1 0.1367 0.1980 0.1549 0.1000 0.2241 0.1863 
     H171875  1 0.2215 0.1542 0.2001 0.0624 0.1895 0.1723 
     H171876  1 0.1386 0.1644 0.1564 0.0833 0.2442 0.2132 
     H171877  1 0.2461 0.1010 0.2030 0.0892 0.2086 0.1521 
     H171878  1 0.1012 0.1951 0.2144 0.2138 0.1186 0.1568 
     H171901  1 0.1516 0.1347 0.1331 0.2693 0.0995 0.2118 
     H171902  1 0.1179 0.2347 0.1329 0.1747 0.1691 0.1707 
     H171903  1 0.1858 0.1671 0.1532 0.1318 0.1932 0.1689 
     H171935  1 0.1169 0.1937 0.1910 0.2194 0.1187 0.1602 
     H171936  1 0.3228 0.1355 0.1566 0.0908 0.1386 0.1557 
     H171940  1 0.1061 0.1518 0.1711 0.1916 0.2250 0.1543 
     H171945  1 0.1323 0.2359 0.1533 0.2012 0.1296 0.1477 
     H171948  1 0.1502 0.1314 0.1593 0.1776 0.2301 0.1515 
     H171949  1 0.1040 0.1324 0.1291 0.3159 0.1858 0.1328 
     H171950  1 0.1206 0.1213 0.1360 0.3400 0.1554 0.1267 
     H171963  1 0.1497 0.2165 0.2658 0.0958 0.1143 0.1578 
     H171964  1 0.1294 0.3560 0.1383 0.0819 0.1551 0.1393 
     H171966  1 0.1231 0.1998 0.2139 0.1497 0.1533 0.1602 
     H171968  1 0.0879 0.1986 0.1257 0.1990 0.2199 0.1688 
     H171971  1 0.1732 0.1875 0.2089 0.1387 0.1022 0.1896 
     H171972  1 0.1803 0.2138 0.1637 0.0813 0.1779 0.1830 
     H171977  1 0.1801 0.2316 0.2036 0.0757 0.1445 0.1645 
     H171978  1 0.0943 0.1734 0.1484 0.2782 0.1563 0.1494 
     H171979  1 0.1550 0.1957 0.2116 0.0711 0.1327 0.2339 
        H176  1 0.1883 0.1714 0.1368 0.1565 0.2205 0.1264 
        H177  1 0.1012 0.1170 0.1249 0.3658 0.1475 0.1436 
        H179  1 0.1915 0.1064 0.1611 0.2354 0.1639 0.1417 
        H181  1 0.1709 0.1907 0.2285 0.0901 0.1585 0.1614 
        H182  1 0.1311 0.1690 0.1968 0.0605 0.2384 0.2042 
        H183  1 0.1219 0.2114 0.2167 0.1025 0.0973 0.2502 
        H184  1 0.1245 0.1415 0.1643 0.2403 0.1825 0.1469 
        H185  1 0.1917 0.1975 0.2193 0.0936 0.1423 0.1556 
        H186  1 0.0862 0.2736 0.1409 0.1643 0.2130 0.1221 
        H187  1 0.1516 0.1540 0.1903 0.1731 0.0919 0.2391 
        H188  1 0.2427 0.1168 0.1600 0.1542 0.1929 0.1334 
        H192  1 0.1109 0.1335 0.1586 0.3063 0.1655 0.1252 
        H193  1 0.0991 0.1910 0.2034 0.0789 0.2606 0.1670 
        H194  1 0.1700 0.1349 0.1713 0.1554 0.1847 0.1837 
        H195  1 0.0939 0.2756 0.1932 0.1275 0.1233 0.1863 
        H199  1 0.1240 0.2827 0.1522 0.1131 0.1237 0.2042 
        H200  1 0.1642 0.1468 0.1467 0.2279 0.1348 0.1796 
        H414  1 0.1306 0.2007 0.1501 0.1206 0.1464 0.2515 
        H415  1 0.2382 0.1457 0.1374 0.0903 0.1854 0.2029 
        H422  1 0.0947 0.2105 0.1308 0.2270 0.1930 0.1439 
        H423  1 0.0887 0.0935 0.1049 0.5232 0.0975 0.0922 
        H424  1 0.1559 0.2274 0.2041 0.0975 0.1111 0.2040 
        H425  1 0.1499 0.3876 0.1282 0.0920 0.0997 0.1426 
        H426  1 0.0984 0.2898 0.1743 0.1077 0.1245 0.2053 
        H443  1 0.1119 0.3569 0.1273 0.0771 0.2039 0.1228 
        H466  1 0.1512 0.1632 0.1938 0.1394 0.1672 0.1851 
        H467  1 0.1405 0.1452 0.1592 0.2997 0.1496 0.1059 
        H472  1 0.1716 0.1559 0.1672 0.1666 0.1446 0.1941 
        H483  1 0.1339 0.1592 0.1853 0.0805 0.2774 0.1636 
        H504  1 0.1683 0.2758 0.1597 0.0952 0.1143 0.1867 
        H505  1 0.1636 0.1505 0.1856 0.1969 0.1365 0.1669 
        H506  1 0.1362 0.1895 0.1543 0.1471 0.2463 0.1266 
        H507  1 0.1842 0.1720 0.2223 0.0558 0.1352 0.2305 
        H508  1 0.1357 0.1708 0.2118 0.2000 0.1159 0.1658 
        H524  1 0.2586 0.1647 0.1629 0.0831 0.1090 0.2217 
        H525  1 0.1712 0.2000 0.1726 0.0909 0.2329 0.1324 
        H526  1 0.2808 0.1148 0.1682 0.0998 0.1874 0.1490 
        H527  1 0.1078 0.1373 0.1556 0.2566 0.1689 0.1738 
        H528  1 0.2275 0.1818 0.1531 0.0832 0.1860 0.1684 
        H529  1 0.1847 0.2723 0.1747 0.0642 0.1302 0.1738 
        H533  1 0.1579 0.1422 0.2049 0.0588 0.1516 0.2846 
        H538  1 0.1725 0.1423 0.1557 0.1502 0.1705 0.2087 
        H539  1 0.1153 0.1872 0.2534 0.1501 0.0996 0.1943 
        H540  1 0.1527 0.1611 0.1737 0.1574 0.1674 0.1877 
        H541  1 0.2310 0.1482 0.1694 0.0913 0.1953 0.1648 
        H558  1 0.0950 0.1903 0.2583 0.1227 0.1216 0.2121 
        H559  1 0.1111 0.1562 0.1367 0.1409 0.3100 0.1451 
        H579  1 0.0910 0.1737 0.1790 0.0924 0.2682 0.1958 
        H584  1 0.1586 0.2384 0.1797 0.1092 0.1302 0.1839 
        H585  1 0.1853 0.2002 0.2087 0.1118 0.1118 0.1821 
        H605  1 0.1223 0.1597 0.1640 0.2566 0.1395 0.1578 
        H606  1 0.1126 0.1164 0.1248 0.3430 0.1937 0.1095 
        H632  1 0.1381 0.2630 0.1619 0.0753 0.2283 0.1334 
        H634  1 0.1391 0.1820 0.2067 0.1300 0.1282 0.2140 
        H671  1 0.1369 0.1284 0.1130 0.3767 0.1251 0.1200 
        H672  1 0.2492 0.1428 0.1263 0.1444 0.1118 0.2254 
        H673  1 0.1140 0.2697 0.1723 0.1005 0.1814 0.1622 
        H689  1 0.1439 0.2043 0.1890 0.0919 0.1958 0.1750 
        H690  1 0.2019 0.1158 0.1506 0.1642 0.2428 0.1246 
        H691  1 0.1637 0.1338 0.1649 0.1003 0.2379 0.1994 
        H692  1 0.1386 0.3340 0.1591 0.0458 0.1408 0.1817 
        H709  1 0.1768 0.1612 0.1474 0.1114 0.2091 0.1942 
        H710  1 0.1601 0.2042 0.1810 0.0643 0.1903 0.2001 
       H7355  1 0.2281 0.1241 0.1556 0.0711 0.2637 0.1575 
       H7356  1 0.1355 0.2081 0.1809 0.1429 0.1421 0.1905 
       H7357  1 0.1231 0.1274 0.1633 0.1957 0.2228 0.1678 
       H7358  1 0.1568 0.1582 0.2113 0.1112 0.1692 0.1932 
       H7380  1 0.1191 0.1664 0.1418 0.0994 0.3043 0.1690 
       H7381  1 0.1117 0.2628 0.1401 0.2131 0.1422 0.1301 
       H7382  1 0.1289 0.1973 0.1509 0.1139 0.2156 0.1934 
        H904  1 0.0842 0.0977 0.0940 0.4426 0.1852 0.0964 
        H923  1 0.1769 0.1651 0.1513 0.2312 0.1308 0.1447 
        H924  1 0.1538 0.1725 0.1571 0.2045 0.1594 0.1526 
        H925  1 0.2342 0.1467 0.2090 0.0937 0.1455 0.1709 
       H9558  1 0.0904 0.1914 0.2556 0.1100 0.1102 0.2425 
        H008  2 0.2111 0.1568 0.1986 0.0706 0.1798 0.1831 
        H021  2 0.1568 0.1520 0.1684 0.1615 0.2095 0.1518 
        H023  2 0.1652 0.1358 0.1659 0.1955 0.1850 0.1526 
        H024  2 0.3359 0.1699 0.1778 0.0708 0.0956 0.1500 
        H025  2 0.0975 0.1815 0.1646 0.3001 0.1160 0.1401 
        H026  2 0.2184 0.2974 0.1622 0.0783 0.1060 0.1378 
        H027  2 0.2531 0.1518 0.1424 0.1000 0.1623 0.1903 
        H028  2 0.1775 0.1901 0.1931 0.0999 0.1611 0.1783 
        H029  2 0.2711 0.1593 0.1693 0.0876 0.1372 0.1756 
        H030  2 0.2412 0.2107 0.1791 0.0676 0.1333 0.1680 
        H038  2 0.1664 0.1250 0.2156 0.2244 0.1317 0.1369 
        H039  2 0.0809 0.0703 0.0617 0.6441 0.0814 0.0617 
        H040  2 0.1339 0.1409 0.1646 0.2720 0.1138 0.1747 
        H041  2 0.2851 0.1196 0.1473 0.1093 0.1715 0.1673 
        H042  2 0.1614 0.1590 0.1854 0.1630 0.1687 0.1626 
        H043  2 0.0839 0.1239 0.1550 0.4177 0.0958 0.1238 
        H044  2 0.1219 0.1900 0.2453 0.1033 0.1184 0.2211 
        H047  2 0.1550 0.1601 0.1780 0.2252 0.1296 0.1520 
        H050  2 0.2375 0.1746 0.1484 0.0931 0.1282 0.2182 
        H058  2 0.1281 0.1728 0.2110 0.1889 0.1127 0.1864 
        H062  2 0.1312 0.1462 0.1851 0.1927 0.1932 0.1516 
        H063  2 0.1567 0.1215 0.1440 0.2934 0.1323 0.1522 
        H065  2 0.0985 0.3491 0.1351 0.1722 0.1291 0.1159 
        H066  2 0.2246 0.1494 0.2264 0.1232 0.0861 0.1904 
        H067  2 0.1652 0.1518 0.1706 0.0874 0.2500 0.1750 
        H068  2 0.1234 0.1458 0.1395 0.2961 0.1219 0.1733 
        H069  2 0.1339 0.2129 0.1819 0.1695 0.0903 0.2114 
        H071  2 0.1725 0.1469 0.1520 0.1819 0.2084 0.1383 
        H072  2 0.1246 0.1041 0.1212 0.4267 0.1073 0.1160 
        H073  2 0.1951 0.2169 0.1630 0.1032 0.1471 0.1747 
        H081  2 0.2069 0.1169 0.1550 0.1429 0.2270 0.1511 
        H082  2 0.1563 0.1959 0.2419 0.0792 0.1238 0.2029 
        H083  2 0.1327 0.2294 0.2112 0.0876 0.1527 0.1864 
        H084  2 0.1935 0.1628 0.1705 0.1564 0.1196 0.1972 
        H085  2 0.2896 0.1196 0.1212 0.0955 0.1980 0.1760 
        H087  2 0.1800 0.1203 0.1737 0.1015 0.2817 0.1428 
        H088  2 0.1283 0.1290 0.1509 0.2427 0.1850 0.1641 
        H089  2 0.1747 0.1465 0.1861 0.1077 0.1838 0.2012 
        H090  2 0.2964 0.1625 0.1184 0.0860 0.1321 0.2046 
        H091  2 0.3896 0.1193 0.1089 0.0561 0.1444 0.1816 
        H098  2 0.2500 0.1504 0.2021 0.1137 0.1292 0.1545 
      H10001  2 0.0739 0.0718 0.0683 0.6289 0.0889 0.0682 
      H10002  2 0.1024 0.1182 0.1454 0.2469 0.2422 0.1449 
        H101  2 0.2555 0.1587 0.1459 0.0828 0.0828 0.2743 
        H108  2 0.1022 0.1121 0.1395 0.2958 0.2288 0.1217 
        H109  2 0.2199 0.1490 0.1817 0.1960 0.0899 0.1636 
        H110  2 0.1430 0.1199 0.1393 0.0794 0.3395 0.1789 
        H116  2 0.1664 0.2223 0.1749 0.0961 0.1597 0.1805 
        H117  2 0.4358 0.0913 0.1222 0.0668 0.1443 0.1395 
        H118  2 0.3469 0.1718 0.1335 0.0596 0.1420 0.1463 
        H119  2 0.2607 0.1298 0.1202 0.1703 0.1961 0.1228 
        H120  2 0.0953 0.0917 0.1103 0.4116 0.1784 0.1127 
        H121  2 0.2810 0.1508 0.1325 0.0723 0.1463 0.2171 
        H125  2 0.0908 0.0738 0.0837 0.5581 0.1090 0.0846 
        H126  2 0.1011 0.2798 0.1797 0.1416 0.1430 0.1548 
        H128  2 0.3607 0.1896 0.1126 0.0419 0.0981 0.1971 
        H129  2 0.1080 0.3114 0.1995 0.0755 0.1302 0.1753 
        H130  2 0.0676 0.1642 0.1330 0.3239 0.1578 0.1535 
        H133  2 0.0987 0.1139 0.0893 0.4949 0.0941 0.1091 
        H134  2 0.1039 0.4403 0.1539 0.0735 0.1252 0.1032 
        H135  2 0.1564 0.1406 0.1571 0.1675 0.2051 0.1732 
        H137  2 0.3093 0.1302 0.1626 0.1304 0.1056 0.1620 
        H138  2 0.1099 0.2563 0.1889 0.0864 0.2005 0.1580 
        H140  2 0.2493 0.1547 0.1302 0.1559 0.1461 0.1638 
        H146  2 0.4113 0.1329 0.0949 0.0998 0.0941 0.1670 
        H147  2 0.2461 0.1303 0.1602 0.0922 0.2000 0.1712 
        H148  2 0.2962 0.1175 0.1270 0.0815 0.2248 0.1530 
     H166022  2 0.1802 0.1626 0.1802 0.0751 0.1830 0.2189 
     H167359  2 0.1836 0.1871 0.1602 0.1496 0.1259 0.1936 
     H167397  2 0.2991 0.1594 0.2000 0.0448 0.1356 0.1610 
     H167428  2 0.2354 0.1479 0.2028 0.0490 0.1746 0.1903 
     H167496  2 0.1759 0.0934 0.1248 0.3356 0.1357 0.1346 
     H167513  2 0.1423 0.1496 0.3120 0.1493 0.0894 0.1574 
     H167545  2 0.1198 0.1763 0.2325 0.0758 0.1327 0.2629 
     H167547  2 0.2831 0.1954 0.2186 0.0743 0.0981 0.1306 
     H169621  2 0.2390 0.1889 0.1538 0.0768 0.1579 0.1837 
     H169622  2 0.1145 0.2356 0.1481 0.1123 0.1738 0.2157 
     H169750  2 0.1315 0.2065 0.1639 0.2209 0.1100 0.1672 
     H171806  2 0.2594 0.1688 0.1320 0.1602 0.1427 0.1370 
     H171808  2 0.1506 0.1825 0.1799 0.1405 0.1512 0.1953 
     H171809  2 0.1183 0.1463 0.1531 0.1505 0.2725 0.1593 
     H171813  2 0.1454 0.1921 0.1999 0.1586 0.1750 0.1290 
     H171815  2 0.0986 0.1213 0.1406 0.4362 0.0918 0.1114 
     H171824  2 0.1974 0.1042 0.1264 0.1964 0.2483 0.1272 
     H171825  2 0.1254 0.2120 0.1482 0.1061 0.1817 0.2266 
     H171826  2 0.1821 0.1434 0.1621 0.1689 0.2075 0.1359 
     H171827  2 0.1263 0.1421 0.1742 0.1344 0.2421 0.1809 
     H171828  2 0.1392 0.0886 0.0976 0.3994 0.1876 0.0876 
     H171829  2 0.1599 0.2484 0.1488 0.1769 0.1089 0.1571 
     H171830  2 0.2077 0.1434 0.2052 0.1576 0.1261 0.1601 
     H171831  2 0.1724 0.2378 0.2263 0.0749 0.1227 0.1658 
     H171832  2 0.1141 0.1776 0.2046 0.1244 0.1804 0.1990 
     H171863  2 0.1580 0.2513 0.2279 0.0604 0.0834 0.2189 
     H171864  2 0.2377 0.1475 0.1615 0.1480 0.1402 0.1650 
     H171865  2 0.1472 0.1347 0.1321 0.3748 0.0873 0.1239 
     H171879  2 0.3049 0.1538 0.1434 0.1281 0.1143 0.1555 
     H171880  2 0.3275 0.1313 0.1582 0.0844 0.1002 0.1984 
     H171881  2 0.1698 0.1702 0.1916 0.0932 0.2155 0.1598 
     H171882  2 0.0738 0.0784 0.0848 0.5718 0.1072 0.0840 
     H171929  2 0.1984 0.1573 0.1801 0.1202 0.1762 0.1679 
     H171930  2 0.1668 0.1692 0.2208 0.0730 0.0834 0.2868 
     H171933  2 0.2102 0.1634 0.1692 0.1137 0.1516 0.1919 
     H171934  2 0.2549 0.1488 0.1549 0.1079 0.1882 0.1454 
     H171937  2 0.1247 0.2436 0.2137 0.1189 0.1212 0.1778 
     H171962  2 0.1497 0.1767 0.2056 0.0924 0.1726 0.2029 
        H190  2 0.1388 0.1877 0.2345 0.1070 0.1396 0.1924 
        H191  2 0.1910 0.1736 0.1771 0.1430 0.1668 0.1484 
        H396  2 0.2180 0.1245 0.2080 0.1092 0.1912 0.1491 
        H397  2 0.1557 0.1902 0.1663 0.1069 0.1537 0.2273 
        H398  2 0.1421 0.2737 0.1681 0.1488 0.1329 0.1344 
        H400  2 0.1747 0.1498 0.1862 0.1295 0.1623 0.1975 
        H401  2 0.4028 0.1298 0.2122 0.0510 0.0805 0.1237 
        H402  2 0.2065 0.1499 0.2179 0.0842 0.1444 0.1972 
        H427  2 0.1924 0.1259 0.1830 0.1029 0.2436 0.1522 
        H428  2 0.2540 0.1367 0.1937 0.0497 0.1781 0.1879 
        H497  2 0.1115 0.1479 0.2330 0.2576 0.1179 0.1322 
        H512  2 0.2344 0.1533 0.1949 0.1274 0.1587 0.1313 
        H513  2 0.1472 0.1411 0.3147 0.1520 0.0946 0.1503 
        H514  2 0.0955 0.2206 0.1926 0.1342 0.1702 0.1869 
        H519  2 0.1530 0.1527 0.2925 0.1448 0.0987 0.1582 
        H532  2 0.2663 0.1325 0.1924 0.0775 0.1634 0.1679 
        H543  2 0.1626 0.1461 0.1747 0.0717 0.1719 0.2731 
        H544  2 0.0818 0.3124 0.1463 0.1933 0.1040 0.1622 
        H545  2 0.1114 0.1789 0.2474 0.0679 0.1285 0.2659 
        H546  2 0.1025 0.1628 0.1719 0.2873 0.1269 0.1487 
        H547  2 0.2883 0.1918 0.2107 0.0738 0.0969 0.1385 
        H548  2 0.1690 0.1483 0.1691 0.1427 0.1584 0.2126 
        H549  2 0.1460 0.1635 0.2684 0.1754 0.0759 0.1708 
        H620  2 0.0844 0.0856 0.0885 0.5487 0.1059 0.0870 
        H623  2 0.1113 0.2099 0.2414 0.1085 0.1132 0.2158 
        H624  2 0.0837 0.1899 0.1519 0.2905 0.1198 0.1642 
        H625  2 0.1829 0.1416 0.2109 0.0946 0.1716 0.1985 
        H626  2 0.1719 0.1592 0.2015 0.1644 0.1129 0.1900 
        H654  2 0.0536 0.0872 0.1120 0.5844 0.0792 0.0835 
        H655  2 0.1262 0.1426 0.1347 0.2110 0.1861 0.1994 
        H656  2 0.0878 0.0909 0.0969 0.4976 0.1293 0.0975 
        H666  2 0.1434 0.0985 0.0779 0.5032 0.0789 0.0981 
        H667  2 0.1514 0.1313 0.1690 0.1008 0.2996 0.1478 
        H677  2 0.2167 0.1495 0.1722 0.1206 0.1848 0.1562 
        H693  2 0.1086 0.0993 0.1625 0.2521 0.2422 0.1353 
        H694  2 0.1288 0.1829 0.2187 0.1379 0.1045 0.2272 
        H701  2 0.1578 0.1573 0.1943 0.0990 0.1531 0.2386 
        H702  2 0.1533 0.1574 0.1611 0.1586 0.1711 0.1986 
        H731  2 0.1475 0.1358 0.1369 0.2037 0.2232 0.1530 
       H7359  2 0.1842 0.1843 0.1737 0.1522 0.1183 0.1872 
       H7389  2 0.3266 0.1354 0.1855 0.0913 0.1183 0.1430 
       H7390  2 0.1228 0.1255 0.1490 0.2966 0.1476 0.1586 
       H7391  2 0.3198 0.0972 0.1641 0.0808 0.2046 0.1335 
       H7392  2 0.1621 0.2152 0.1529 0.1498 0.1563 0.1636 
       H7393  2 0.1811 0.1517 0.1666 0.2201 0.1323 0.1483 
       H7398  2 0.3104 0.1194 0.1444 0.1084 0.1770 0.1404 
       H7399  2 0.1646 0.1694 0.1804 0.0775 0.2449 0.1631 
       H7400  2 0.0544 0.0752 0.0812 0.6223 0.0845 0.0824 
        H745  2 0.1183 0.4013 0.1805 0.0753 0.1143 0.1104 
        H746  2 0.1328 0.1661 0.2097 0.0803 0.2568 0.1543 
        H747  2 0.1935 0.1325 0.1260 0.2839 0.0970 0.1671 
        H748  2 0.1482 0.1460 0.1673 0.1403 0.1882 0.2100 
       H7484  2 0.1399 0.1199 0.1037 0.4149 0.1184 0.1032 
       H7485  2 0.1282 0.1810 0.2806 0.1486 0.1007 0.1609 
        H749  2 0.1151 0.1807 0.2008 0.1075 0.1793 0.2167 
        H930  2 0.1954 0.1493 0.2075 0.0769 0.0842 0.2868 
        H931  2 0.2363 0.1657 0.1463 0.1335 0.1639 0.1543 
        H932  2 0.3127 0.1641 0.1413 0.1180 0.1344 0.1296 
        H111  3 0.1420 0.1969 0.2478 0.0932 0.1253 0.1948 
        H951  3 0.1836 0.1797 0.2533 0.0839 0.1330 0.1665 
        H952  3 0.2169 0.2007 0.1457 0.1203 0.1428 0.1737 
        H953  3 0.3604 0.1118 0.1796 0.0662 0.1482 0.1338 
        H954  3 0.1175 0.1191 0.1444 0.3638 0.1161 0.1392 
        H955  3 0.1481 0.1708 0.2144 0.0753 0.1121 0.2794 
        H956  3 0.2769 0.1285 0.1122 0.1393 0.1297 0.2133 
       H9563  3 0.2681 0.1338 0.1496 0.1505 0.1627 0.1353 
        H002  4 0.0657 0.1773 0.1469 0.3086 0.1892 0.1124 
        H003  4 0.1390 0.1741 0.1586 0.0722 0.2630 0.1931 
        H009  4 0.1460 0.2548 0.1986 0.0988 0.1438 0.1580 
        H010  4 0.1958 0.1743 0.1611 0.1048 0.2084 0.1556 
        H011  4 0.1024 0.1092 0.1413 0.3236 0.2047 0.1187 
        H012  4 0.1740 0.1338 0.1616 0.1002 0.2470 0.1835 
        H013  4 0.1151 0.1369 0.1472 0.1997 0.2497 0.1514 
        H014  4 0.1200 0.1578 0.1819 0.1203 0.2543 0.1658 
        H045  4 0.2403 0.1135 0.1628 0.1649 0.1765 0.1419 
        H046  4 0.1310 0.2567 0.1677 0.0769 0.2031 0.1646 
        H051  4 0.1421 0.1287 0.1543 0.2151 0.2240 0.1359 
        H052  4 0.1051 0.1910 0.1476 0.3152 0.1279 0.1132 
        H053  4 0.1711 0.1526 0.1333 0.1729 0.1827 0.1875 
        H056  4 0.1053 0.1398 0.1686 0.3291 0.1348 0.1224 
        H076  4 0.1928 0.2487 0.1600 0.0854 0.1670 0.1462 
        H151  4 0.0909 0.1412 0.1388 0.3674 0.1626 0.0991 
        H152  4 0.1016 0.1768 0.1309 0.2842 0.1959 0.1107 
     H171803  4 0.1572 0.1312 0.2033 0.2003 0.1692 0.1389 
     H171804  4 0.1727 0.1373 0.1651 0.2012 0.1522 0.1716 
     H171833  4 0.1032 0.2632 0.2269 0.0982 0.1213 0.1871 
     H171855  4 0.0817 0.1508 0.1451 0.3825 0.1280 0.1120 
     H171856  4 0.2367 0.1390 0.1787 0.1645 0.1196 0.1615 
     H171857  4 0.1381 0.1774 0.1369 0.2809 0.1472 0.1195 
     H171858  4 0.1661 0.1921 0.1294 0.1715 0.2026 0.1384 
     H171859  4 0.1981 0.1917 0.1329 0.1544 0.1954 0.1275 
     H171961  4 0.1261 0.1492 0.1696 0.2370 0.1758 0.1425 
        H198  4 0.1291 0.1976 0.1584 0.0621 0.2296 0.2231 
      H20001  4 0.0970 0.2023 0.3015 0.0979 0.1170 0.1843 
        H403  4 0.1859 0.1720 0.1989 0.1821 0.1292 0.1320 
        H404  4 0.1312 0.1533 0.1521 0.0848 0.3003 0.1782 
        H405  4 0.1720 0.2277 0.1611 0.0914 0.1825 0.1653 
        H406  4 0.2659 0.2046 0.1920 0.1514 0.0658 0.1204 
        H407  4 0.3044 0.1428 0.1414 0.1237 0.1372 0.1506 
        H410  4 0.4899 0.1127 0.1248 0.0632 0.0984 0.1109 
        H411  4 0.1082 0.1786 0.2345 0.0901 0.2384 0.1502 
        H468  4 0.1242 0.2068 0.2121 0.1478 0.0890 0.2201 
        H476  4 0.1213 0.1552 0.1562 0.2093 0.0972 0.2607 
        H477  4 0.1058 0.2553 0.1962 0.0663 0.1314 0.2450 
        H478  4 0.1093 0.1501 0.2232 0.1061 0.2411 0.1703 
        H479  4 0.1396 0.1573 0.1437 0.2369 0.1741 0.1484 
        H480  4 0.1473 0.2011 0.2273 0.0740 0.1498 0.2004 
        H498  4 0.1146 0.2027 0.1554 0.1264 0.2107 0.1901 
        H499  4 0.1306 0.1762 0.2154 0.1376 0.1772 0.1629 
        H500  4 0.1606 0.1124 0.1327 0.3196 0.1181 0.1565 
        H515  4 0.1489 0.1398 0.1888 0.1809 0.1862 0.1553 
        H516  4 0.1562 0.1971 0.1548 0.1992 0.1314 0.1613 
        H517  4 0.2989 0.1689 0.1224 0.1303 0.1388 0.1407 
        H518  4 0.1114 0.2171 0.1112 0.3036 0.0946 0.1621 
        H520  4 0.1580 0.1669 0.1252 0.2740 0.1229 0.1529 
        H521  4 0.1928 0.1601 0.2102 0.1038 0.1857 0.1475 
        H522  4 0.1695 0.1535 0.1805 0.1610 0.1281 0.2075 
        H523  4 0.2020 0.1479 0.1295 0.1572 0.1640 0.1993 
        H536  4 0.1419 0.2624 0.1637 0.1226 0.1692 0.1401 
        H645  4 0.1729 0.1046 0.1773 0.1421 0.2515 0.1515 
        H646  4 0.3043 0.2011 0.1420 0.0781 0.0827 0.1918 
        H647  4 0.1698 0.1984 0.1699 0.1459 0.1123 0.2036 
        H657  4 0.2506 0.1806 0.1731 0.0883 0.1343 0.1729 
        H658  4 0.1987 0.1427 0.1219 0.1343 0.1222 0.2802 
        H659  4 0.0816 0.1009 0.1597 0.4264 0.1384 0.0930 
        H660  4 0.1137 0.1726 0.2000 0.1930 0.1523 0.1686 
        H661  4 0.0892 0.1471 0.1870 0.2940 0.1631 0.1194 
        H668  4 0.1243 0.1351 0.1490 0.0803 0.3331 0.1783 
        H669  4 0.2041 0.1449 0.1590 0.1624 0.1701 0.1594 
        H670  4 0.1141 0.0959 0.1326 0.1509 0.3686 0.1380 
        H678  4 0.1681 0.1496 0.2227 0.1224 0.1431 0.1941 
        H679  4 0.2166 0.1615 0.1894 0.1021 0.1069 0.2236 
        H680  4 0.1615 0.2384 0.2075 0.1293 0.1466 0.1167 
        H681  4 0.1076 0.1391 0.1327 0.2144 0.2446 0.1615 
        H682  4 0.2281 0.1309 0.1651 0.0928 0.1533 0.2298 
        H683  4 0.1444 0.1895 0.1545 0.2923 0.0891 0.1303 
        H718  4 0.1617 0.1150 0.1062 0.4040 0.1008 0.1122 
        H719  4 0.1278 0.1242 0.1990 0.1558 0.2125 0.1807 
        H720  4 0.0929 0.1867 0.2194 0.2544 0.1298 0.1168 
        H721  4 0.1041 0.2396 0.1920 0.1778 0.1473 0.1391 
        H722  4 0.1029 0.2831 0.1653 0.2492 0.0983 0.1010 
        H723  4 0.2155 0.1129 0.1368 0.2630 0.1515 0.1202 
        H724  4 0.1346 0.1027 0.0953 0.4258 0.1164 0.1251 
        H725  4 0.1062 0.1372 0.1014 0.4239 0.1196 0.1118 
        H726  4 0.1293 0.1364 0.1391 0.3332 0.1333 0.1288 
        H727  4 0.1715 0.1223 0.1467 0.2051 0.2259 0.1286 
        H910  4 0.1794 0.1325 0.1455 0.1872 0.2054 0.1500 
        H911  4 0.3291 0.1610 0.1474 0.1064 0.1071 0.1490 
        H912  4 0.1536 0.1771 0.1998 0.2084 0.1122 0.1489 
        H913  4 0.1994 0.1395 0.1211 0.1670 0.1271 0.2459 
        H914  4 0.1596 0.1028 0.1422 0.2218 0.2340 0.1395 
        H915  4 0.1602 0.1539 0.1848 0.1560 0.1345 0.2105 
        H916  4 0.1329 0.2101 0.2149 0.1212 0.1138 0.2071 
       H9572  4 0.1578 0.1503 0.2486 0.1650 0.1412 0.1371 
        H015  5 0.1187 0.1872 0.2612 0.0870 0.1181 0.2278 
        H016  5 0.1278 0.3486 0.1588 0.0969 0.1115 0.1564 
        H017  5 0.1096 0.2105 0.2121 0.1377 0.1591 0.1710 
        H019  5 0.1209 0.1788 0.2148 0.1362 0.1594 0.1899 
        H020  5 0.1349 0.1769 0.1735 0.1825 0.1584 0.1739 
        H032  5 0.1614 0.1707 0.1449 0.2217 0.1362 0.1650 
        H033  5 0.1398 0.1418 0.1536 0.1028 0.2141 0.2478 
        H034  5 0.1185 0.1262 0.1095 0.2576 0.2631 0.1252 
        H035  5 0.2009 0.1727 0.1957 0.1120 0.1189 0.1998 
        H036  5 0.2317 0.1787 0.1861 0.0968 0.1172 0.1895 
        H037  5 0.1406 0.1498 0.1418 0.1707 0.1945 0.2026 
        H048  5 0.1793 0.1162 0.1702 0.2578 0.1436 0.1329 
        H049  5 0.0950 0.1960 0.2221 0.1249 0.1157 0.2464 
        H054  5 0.2100 0.2355 0.1203 0.1534 0.1678 0.1129 
        H055  5 0.1079 0.1443 0.1492 0.1901 0.3034 0.1051 
        H057  5 0.0732 0.3417 0.1496 0.1666 0.1356 0.1332 
        H060  5 0.0777 0.1691 0.1104 0.2050 0.3220 0.1158 
        H061  5 0.1740 0.1805 0.1577 0.1065 0.2148 0.1664 
        H064  5 0.1331 0.1713 0.1609 0.2221 0.1861 0.1266 
        H070  5 0.1405 0.1193 0.1446 0.1665 0.2962 0.1328 
        H077  5 0.0931 0.1149 0.1214 0.4153 0.1497 0.1057 
        H078  5 0.1600 0.1824 0.1571 0.2332 0.1259 0.1414 
        H079  5 0.2705 0.1401 0.1437 0.0715 0.1423 0.2318 
        H097  5 0.1110 0.2168 0.1556 0.2231 0.1060 0.1874 
        H107  5 0.0965 0.0929 0.1192 0.3622 0.2031 0.1261 
        H122  5 0.1477 0.2032 0.1850 0.1221 0.1409 0.2011 
        H123  5 0.3195 0.1695 0.1524 0.0695 0.1207 0.1685 
        H124  5 0.3381 0.1396 0.1503 0.0858 0.1196 0.1667 
        H131  5 0.2059 0.1473 0.1568 0.0911 0.1723 0.2266 
        H132  5 0.2034 0.1546 0.1625 0.1632 0.1838 0.1324 
        H141  5 0.1300 0.1337 0.1695 0.2218 0.1849 0.1602 
        H142  5 0.1151 0.1612 0.1632 0.0798 0.2444 0.2364 
        H157  5 0.1509 0.1300 0.1687 0.2218 0.1901 0.1386 
        H158  5 0.1953 0.2206 0.1729 0.0792 0.0961 0.2359 
        H159  5 0.1364 0.1915 0.2499 0.0882 0.1459 0.1880 
        H160  5 0.1622 0.1734 0.1763 0.1390 0.1148 0.2342 
        H163  5 0.1540 0.1599 0.1746 0.0991 0.2045 0.2078 
        H164  5 0.1322 0.1813 0.1776 0.1218 0.2208 0.1664 
        H165  5 0.2075 0.1403 0.1821 0.0783 0.2221 0.1697 
        H166  5 0.1245 0.1917 0.2043 0.0933 0.1491 0.2371 
        H169  5 0.1078 0.1281 0.1689 0.1165 0.2491 0.2297 
     H169613  5 0.1015 0.1700 0.1309 0.1518 0.2310 0.2147 
     H169653  5 0.1266 0.1823 0.1603 0.0921 0.2213 0.2174 
     H169728  5 0.1365 0.2048 0.1681 0.1383 0.1415 0.2107 
     H169742  5 0.1610 0.1374 0.2123 0.1317 0.1888 0.1686 
        H170  5 0.1110 0.2894 0.1711 0.1211 0.1701 0.1374 
        H171  5 0.1282 0.2596 0.2184 0.0979 0.1371 0.1588 
     H171851  5 0.1050 0.2276 0.1684 0.1359 0.1789 0.1843 
     H171852  5 0.1125 0.1753 0.1115 0.3348 0.1112 0.1546 
     H171853  5 0.1718 0.1365 0.1503 0.1959 0.1908 0.1548 
     H171854  5 0.1240 0.1617 0.2309 0.1633 0.1380 0.1821 
     H171938  5 0.1767 0.1324 0.1478 0.1329 0.2350 0.1752 
     H171939  5 0.1624 0.2468 0.2069 0.0897 0.1316 0.1628 
     H171941  5 0.0924 0.1215 0.1239 0.2582 0.2774 0.1266 
     H171965  5 0.0930 0.1752 0.1413 0.0908 0.2936 0.2061 
     H171970  5 0.0828 0.1006 0.1171 0.4023 0.2016 0.0956 
     H171973  5 0.1889 0.1497 0.1884 0.0925 0.1762 0.2043 
     H171974  5 0.1577 0.1341 0.1636 0.1202 0.2720 0.1524 
     H171975  5 0.1480 0.1376 0.1794 0.1852 0.2143 0.1355 
     H171976  5 0.1059 0.2079 0.2272 0.1665 0.0911 0.2015 
        H175  5 0.1929 0.1427 0.1514 0.2244 0.1429 0.1458 
        H178  5 0.1360 0.1539 0.1683 0.1608 0.2107 0.1703 
        H189  5 0.1721 0.1749 0.1539 0.0799 0.2014 0.2178 
        H399  5 0.1553 0.3699 0.1310 0.1370 0.0813 0.1254 
        H416  5 0.1506 0.1540 0.1884 0.1705 0.1617 0.1748 
        H438  5 0.2253 0.1439 0.1659 0.1168 0.1862 0.1620 
        H450  5 0.0778 0.1240 0.1151 0.2696 0.3068 0.1068 
        H455  5 0.1133 0.1041 0.1350 0.3153 0.2209 0.1113 
        H456  5 0.2145 0.1398 0.1854 0.1201 0.1782 0.1621 
        H457  5 0.0814 0.1885 0.1218 0.3296 0.1522 0.1265 
        H458  5 0.1476 0.1349 0.1662 0.1611 0.2515 0.1387 
        H459  5 0.1849 0.2013 0.1427 0.0699 0.1240 0.2772 
        H460  5 0.1386 0.1631 0.1928 0.1696 0.1611 0.1748 
        H461  5 0.1055 0.2071 0.1891 0.1358 0.1331 0.2294 
        H462  5 0.2301 0.1686 0.1655 0.0899 0.1418 0.2041 
        H469  5 0.2230 0.1557 0.1777 0.0918 0.1719 0.1799 
        H470  5 0.1479 0.1652 0.2122 0.1533 0.1755 0.1459 
        H471  5 0.2208 0.2289 0.1638 0.0939 0.0810 0.2116 
        H481  5 0.1207 0.1040 0.0913 0.4364 0.1220 0.1257 
        H482  5 0.1085 0.1471 0.1334 0.2733 0.2175 0.1202 
        H501  5 0.1442 0.1593 0.2015 0.1640 0.1331 0.1979 
        H502  5 0.1304 0.2103 0.1924 0.0793 0.1570 0.2307 
        H503  5 0.1680 0.2002 0.2190 0.1030 0.1495 0.1602 
        H509  5 0.1925 0.1189 0.1426 0.2483 0.1560 0.1417 
        H510  5 0.0801 0.1504 0.1907 0.1251 0.2863 0.1673 
        H511  5 0.1372 0.1829 0.1638 0.0983 0.2561 0.1616 
        H530  5 0.1878 0.1250 0.1482 0.1969 0.1663 0.1758 
        H531  5 0.1330 0.1496 0.1517 0.3432 0.0750 0.1474 
        H564  5 0.0924 0.1527 0.2072 0.2458 0.1360 0.1660 
        H565  5 0.0808 0.1143 0.1484 0.3959 0.1055 0.1552 
        H567  5 0.2515 0.1622 0.1658 0.0707 0.1268 0.2229 
     H568???  5 0.1552 0.2527 0.1970 0.0932 0.1355 0.1664 
        H608  5 0.0933 0.1189 0.1089 0.2732 0.3039 0.1019 
        H609  5 0.1584 0.1371 0.1677 0.1008 0.2524 0.1836 
        H612  5 0.1205 0.1047 0.1394 0.3264 0.1848 0.1243 
        H614  5 0.1120 0.1510 0.1085 0.3862 0.1069 0.1355 
        H615  5 0.1082 0.1502 0.1226 0.3194 0.1003 0.1994 
        H616  5 0.1278 0.0863 0.0893 0.4161 0.1799 0.1006 
        H617  5 0.2404 0.1519 0.2064 0.0707 0.1322 0.1984 
        H618  5 0.1443 0.1254 0.1406 0.2797 0.1802 0.1297 
        H619  5 0.1182 0.1362 0.1757 0.1139 0.2844 0.1715 
        H635  5 0.1401 0.1518 0.1761 0.1290 0.2196 0.1834 
        H636  5 0.1237 0.1139 0.1352 0.0975 0.3554 0.1743 
        H637  5 0.0964 0.1521 0.1558 0.2630 0.1542 0.1786 
        H644  5 0.1899 0.3177 0.1732 0.0582 0.1004 0.1605 
        H711  5 0.1122 0.2472 0.1888 0.1453 0.1536 0.1528 
        H712  5 0.1873 0.1268 0.1499 0.1619 0.2264 0.1476 
       H7360  5 0.1040 0.2398 0.1748 0.1803 0.1505 0.1506 
       H7361  5 0.0954 0.1441 0.1398 0.2579 0.2237 0.1391 
       H7362  5 0.1584 0.3463 0.1670 0.0567 0.1013 0.1702 
       H7363  5 0.1222 0.1637 0.1762 0.1930 0.1804 0.1645 
       H7394  5 0.1379 0.1245 0.1764 0.0839 0.2204 0.2570 
       H7395  5 0.1034 0.1511 0.1744 0.1181 0.3091 0.1440 
       H7396  5 0.1497 0.1611 0.1668 0.1256 0.1526 0.2442 
        H742  5 0.1599 0.1272 0.2140 0.1376 0.1931 0.1682 
        H743  5 0.2277 0.1525 0.1519 0.1837 0.1297 0.1546 
        H744  5 0.2483 0.1083 0.1027 0.3032 0.1317 0.1059 
        H957  5 0.0879 0.2047 0.1939 0.1581 0.1739 0.1815 
        H958  5 0.2116 0.1510 0.1590 0.1171 0.1173 0.2440 
        H959  5 0.1106 0.1196 0.1431 0.2780 0.2208 0.1280 
        H960  5 0.2565 0.1525 0.1518 0.1254 0.1602 0.1536 
      H_PALI  6 0.1014 0.1774 0.1950 0.1346 0.1913 0.2003 
        H581  6 0.1676 0.1563 0.1795 0.2143 0.1093 0.1730 
        H582  6 0.0777 0.1281 0.1420 0.3718 0.1606 0.1197 
        H583  6 0.1577 0.1852 0.1723 0.1854 0.1419 0.1574 
        H595  6 0.2114 0.1804 0.2311 0.0687 0.1081 0.2003 
        H596  6 0.2258 0.1812 0.2086 0.0723 0.1244 0.1876 
        H597  6 0.1946 0.2422 0.1630 0.0763 0.1673 0.1567 
        H598  6 0.1944 0.1391 0.1364 0.1523 0.2126 0.1652 
        H599  6 0.1149 0.1323 0.1612 0.2223 0.1774 0.1919 
        H642  6 0.2021 0.1980 0.2394 0.1032 0.1101 0.1471 
        H643  6 0.2751 0.1345 0.1407 0.1234 0.1785 0.1478 
        H664  6 0.1146 0.1585 0.2162 0.2873 0.0866 0.1368 
        H665  6 0.1656 0.1242 0.1753 0.1156 0.2495 0.1698 
        H674  6 0.1612 0.2780 0.2111 0.0685 0.1115 0.1696 
        H675  6 0.1383 0.1814 0.1693 0.1956 0.1629 0.1525 
        H676  6 0.1339 0.1561 0.2261 0.1147 0.1952 0.1740 
        H686  6 0.1078 0.2065 0.1888 0.1208 0.2009 0.1751 
        H687  6 0.1656 0.1844 0.1805 0.1317 0.1389 0.1989 
        H917  6 0.2066 0.1457 0.1950 0.0762 0.1616 0.2150 
        H918  6 0.1312 0.1530 0.2152 0.0942 0.2090 0.1974 
        H919  6 0.1466 0.1032 0.1231 0.3006 0.1930 0.1335 
        H920  6 0.1085 0.1536 0.1828 0.2512 0.1582 0.1457 
        H631  7 0.1040 0.1599 0.1860 0.1851 0.2185 0.1465 
        H684  7 0.0925 0.2132 0.1721 0.0790 0.2703 0.1727 
        H685  7 0.2427 0.1099 0.1223 0.2579 0.0893 0.1779 
        H713  7 0.0974 0.1079 0.1824 0.3257 0.1647 0.1220 
        H715  7 0.1057 0.2323 0.1560 0.0982 0.2534 0.1545 
        H716  7 0.1102 0.1561 0.1586 0.1798 0.2551 0.1401 
        H717  7 0.1379 0.1747 0.1747 0.1953 0.1635 0.1539 
        H729  7 0.3197 0.1271 0.1391 0.0634 0.1479 0.2029 
        H730  7 0.3497 0.0998 0.1484 0.1143 0.1671 0.1208 
        H431  8 0.2493 0.1185 0.1203 0.2341 0.1469 0.1309 
        H432  8 0.1488 0.2454 0.2283 0.0753 0.1146 0.1876 
        H433  8 0.1838 0.1582 0.1629 0.1045 0.1772 0.2134 
        H434  8 0.2155 0.1758 0.1899 0.0846 0.1620 0.1722 
        H444  8 0.1208 0.1543 0.1644 0.1184 0.2525 0.1896 
        H454  8 0.1128 0.1159 0.1397 0.3149 0.1890 0.1277 
        H475  8 0.0754 0.0940 0.1104 0.4505 0.1758 0.0940 
        H491  8 0.0831 0.1489 0.1857 0.2062 0.2483 0.1279 
        H492  8 0.1235 0.1397 0.1502 0.2705 0.1166 0.1995 
        H493  8 0.1456 0.2169 0.1536 0.1244 0.1703 0.1892 
        H494  8 0.1330 0.1595 0.1775 0.1863 0.1551 0.1886 
        H495  8 0.0795 0.1495 0.1936 0.3419 0.1353 0.1002 
        H662  8 0.1526 0.2312 0.2175 0.1278 0.1108 0.1602 
        H663  8 0.1833 0.1710 0.1913 0.1839 0.1314 0.1391 
        H695  8 0.2179 0.1504 0.1360 0.1746 0.1564 0.1647 
       H7367  8 0.3503 0.1293 0.1364 0.0699 0.1237 0.1904 
       H7368  8 0.1369 0.2070 0.1771 0.0936 0.2140 0.1715 
       H7369  8 0.1947 0.1384 0.1723 0.1303 0.2249 0.1393 
       H7370  8 0.2746 0.1230 0.1527 0.0635 0.0816 0.3046 
       H7371  8 0.2232 0.1490 0.1643 0.1200 0.1405 0.2030 
        H600  9 0.1132 0.1457 0.1285 0.2730 0.2013 0.1382 
        H648  9 0.1449 0.1878 0.1984 0.1560 0.1832 0.1297 
        H696  9 0.2126 0.2422 0.2308 0.0624 0.0823 0.1697 
        H697  9 0.2679 0.1631 0.1620 0.1235 0.1522 0.1313 
        H698  9 0.3205 0.1589 0.1606 0.1048 0.1273 0.1280 
        H699  9 0.1791 0.1813 0.1785 0.1417 0.1501 0.1693 
        H700  9 0.0889 0.1193 0.1394 0.2051 0.3236 0.1237 
        H732  9 0.1350 0.1529 0.1345 0.3398 0.1086 0.1292 
        H733  9 0.3040 0.1370 0.1921 0.0873 0.1356 0.1440 
        H734  9 0.1304 0.1679 0.2083 0.0782 0.0984 0.3168 
        H735  9 0.2316 0.1658 0.2522 0.0955 0.1125 0.1422 
        H736  9 0.1146 0.1631 0.1702 0.1966 0.1561 0.1994 
        H737  9 0.3009 0.1421 0.1273 0.1498 0.1681 0.1118 
        H905  9 0.1159 0.1180 0.1197 0.2031 0.3182 0.1252 
        H921  9 0.1845 0.1280 0.1700 0.1771 0.1833 0.1572 
        H922  9 0.1973 0.1732 0.2430 0.0643 0.1230 0.1992 
     H169705 10 0.3507 0.1289 0.1351 0.0769 0.1180 0.1905 
     H171942 10 0.1458 0.2379 0.2377 0.0729 0.1178 0.1879 
     H171943 10 0.1634 0.1787 0.1845 0.0929 0.1568 0.2238 
     H171944 10 0.2244 0.1328 0.1861 0.1191 0.1455 0.1920 
     H171946 10 0.1454 0.1733 0.1822 0.2432 0.1231 0.1328 
     H171947 10 0.1663 0.1707 0.1829 0.1360 0.1406 0.2036 
     H229641 10 0.1680 0.1548 0.1815 0.2165 0.1057 0.1734 
      H30001 10 0.1471 0.1450 0.1890 0.1575 0.2077 0.1538 
      H30002 10 0.1439 0.1436 0.1269 0.1173 0.2424 0.2260 
      H30005 10 0.3600 0.1357 0.1444 0.0826 0.1444 0.1329 
      H30006 10 0.2892 0.1735 0.1074 0.1100 0.1116 0.2082 
      H30007 10 0.1069 0.3009 0.2116 0.0718 0.1083 0.2005 
        H451 10 0.1284 0.1535 0.1837 0.0942 0.2370 0.2033 
        H452 10 0.4148 0.1351 0.1424 0.1212 0.0799 0.1066 
        H453 10 0.0943 0.1691 0.1237 0.3248 0.1746 0.1134 
        H473 10 0.1089 0.1591 0.1441 0.2497 0.1739 0.1644 
        H474 10 0.0965 0.1183 0.1385 0.4215 0.1070 0.1182 
        H486 10 0.1847 0.1335 0.1627 0.2406 0.1394 0.1391 
        H487 10 0.2365 0.1326 0.1189 0.2405 0.1518 0.1196 
        H488 10 0.1626 0.1330 0.1388 0.1608 0.2542 0.1505 
        H489 10 0.1646 0.1215 0.1126 0.3354 0.1191 0.1468 
        H550 10 0.1357 0.2227 0.1487 0.0919 0.1204 0.2806 
        H551 10 0.2994 0.1230 0.1645 0.1446 0.1075 0.1609 
        H553 10 0.3078 0.1272 0.1028 0.2449 0.0844 0.1328 
        H554 10 0.1143 0.1830 0.1998 0.1194 0.2026 0.1809 
        H556 10 0.2374 0.1786 0.1338 0.1385 0.1007 0.2111 
        H580 10 0.2502 0.1757 0.1610 0.0941 0.1666 0.1523 
        H591 10 0.1104 0.1060 0.1096 0.4571 0.1113 0.1056 
        H592 10 0.1902 0.1412 0.1619 0.2073 0.1158 0.1836 
        H593 10 0.1115 0.1610 0.2256 0.1461 0.1891 0.1667 
        H594 10 0.2192 0.2259 0.2163 0.0567 0.1037 0.1782 
        H627 10 0.1367 0.1889 0.1980 0.1765 0.1213 0.1786 
        H628 10 0.2675 0.1686 0.1701 0.0598 0.1906 0.1435 
        H629 10 0.1456 0.2276 0.1898 0.1819 0.0942 0.1609 
        H630 10 0.1954 0.1767 0.2139 0.1291 0.1002 0.1847 
        H638 10 0.2081 0.1522 0.2333 0.1147 0.1176 0.1741 
        H639 10 0.1227 0.1650 0.1132 0.3707 0.1094 0.1190 
        H640 10 0.1496 0.1736 0.2381 0.1057 0.1121 0.2209 
        H704 10 0.1605 0.2902 0.1783 0.0882 0.1495 0.1333 
        H705 10 0.3703 0.1102 0.1284 0.0808 0.1119 0.1984 
        H706 10 0.2364 0.1090 0.1270 0.1785 0.2235 0.1257 
        H708 10 0.1411 0.1201 0.1729 0.2950 0.1320 0.1390 
       H7351 10 0.1191 0.2175 0.1715 0.1260 0.1839 0.1820 
       H7352 10 0.1839 0.1682 0.1704 0.1582 0.1527 0.1665 
       H7353 10 0.1117 0.4282 0.1349 0.0855 0.1240 0.1158 
       H7354 10 0.0794 0.1267 0.1201 0.1773 0.3587 0.1377 
       H7365 10 0.1212 0.1057 0.1396 0.3463 0.1491 0.1380 
       H7383 10 0.1315 0.1276 0.1305 0.1895 0.2597 0.1611 
       H7384 10 0.2168 0.1321 0.1103 0.1580 0.2264 0.1563 
       H7385 10 0.1440 0.1135 0.1460 0.2050 0.2712 0.1203 
       H7386 10 0.2025 0.1561 0.1797 0.1082 0.2054 0.1482 
       H7387 10 0.1245 0.1709 0.1492 0.1015 0.2474 0.2065 
       H7388 10 0.4122 0.1198 0.1193 0.1195 0.1191 0.1102 
        H906 10 0.0790 0.2217 0.1678 0.2306 0.1622 0.1386 
        H907 10 0.1502 0.1754 0.2158 0.0959 0.1272 0.2356 
        H908 10 0.1754 0.1441 0.1753 0.1335 0.2379 0.1338 
        H909 10 0.0953 0.1226 0.1257 0.1322 0.3760 0.1482 
       H9552 10 0.1934 0.1937 0.1509 0.1179 0.1881 0.1559 
       H9553 10 0.3814 0.1253 0.1057 0.1652 0.0930 0.1295 
       H9555 10 0.2192 0.1515 0.1878 0.0990 0.1434 0.1992 
       H9575 10 0.1106 0.1701 0.1519 0.2864 0.1383 0.1427 
       H9703 10 0.2253 0.0966 0.0856 0.3295 0.1339 0.1291 
       H9707 10 0.1400 0.1211 0.1204 0.3553 0.1137 0.1494 
       HSAA4 10 0.2572 0.1667 0.1670 0.0823 0.1735 0.1533 
        H001 11 0.1455 0.1658 0.1550 0.1494 0.2500 0.1343 
        H004 11 0.1263 0.1753 0.1697 0.1385 0.2065 0.1837 
        H005 11 0.0859 0.0963 0.1048 0.3426 0.2601 0.1102 
        H006 11 0.1371 0.1354 0.1477 0.1434 0.2156 0.2208 
        H007 11 0.1247 0.1075 0.1531 0.2552 0.2223 0.1371 
        H031 11 0.1474 0.0940 0.1128 0.4068 0.1073 0.1318 
        H074 11 0.1175 0.1580 0.1550 0.2608 0.1424 0.1663 
        H075 11 0.1222 0.1259 0.1583 0.2811 0.1882 0.1242 
        H080 11 0.1612 0.1463 0.1295 0.2383 0.2107 0.1141 
        H086 11 0.3157 0.1311 0.1331 0.1063 0.1853 0.1285 
        H092 11 0.1881 0.1287 0.1228 0.2057 0.1908 0.1638 
        H093 11 0.1393 0.2659 0.1859 0.0767 0.1308 0.2015 
        H094 11 0.1676 0.1579 0.1899 0.1052 0.1153 0.2641 
        H095 11 0.1156 0.1645 0.1330 0.2425 0.1904 0.1539 
        H096 11 0.1230 0.1275 0.1715 0.1971 0.2345 0.1464 
        H099 11 0.1411 0.1608 0.1703 0.1781 0.2049 0.1447 
        H100 11 0.1443 0.1879 0.2247 0.0628 0.1599 0.2204 
        H127 11 0.3190 0.1274 0.1362 0.1728 0.1332 0.1115 
        H136 11 0.1196 0.1312 0.1300 0.3683 0.1360 0.1150 
        H153 11 0.1096 0.1769 0.2007 0.1457 0.1769 0.1902 
        H154 11 0.1472 0.1276 0.1475 0.2965 0.1260 0.1552 
        H155 11 0.3004 0.1293 0.1781 0.0597 0.1798 0.1526 
