        H102  1 0.1073 0.1899 0.0526 0.1158 0.0890 0.1180 0.0782 0.0841 0.1652 
        H103  1 0.1833 0.0851 0.0885 0.0565 0.1001 0.1000 0.1334 0.1642 0.0888 
        H104  1 0.0990 0.1154 0.1197 0.1540 0.0961 0.1243 0.0946 0.0889 0.1081 
        H105  1 0.1179 0.1276 0.0883 0.1153 0.0984 0.1111 0.1020 0.1267 0.1126 
        H106  1 0.1287 0.0797 0.1226 0.1217 0.1261 0.0984 0.1010 0.1106 0.1111 
        H112  1 0.0936 0.1299 0.0838 0.1520 0.1004 0.1092 0.1019 0.1002 0.1291 
        H113  1 0.0998 0.1028 0.1949 0.0855 0.0900 0.1372 0.0915 0.0888 0.1095 
        H114  1 0.1076 0.1012 0.1845 0.0545 0.0912 0.1593 0.0935 0.1062 0.1020 
        H115  1 0.1005 0.1563 0.0867 0.1185 0.0875 0.1023 0.0770 0.0883 0.1830 
        H143  1 0.1082 0.1675 0.0706 0.0940 0.0876 0.1215 0.1242 0.0918 0.1346 
        H144  1 0.1115 0.1347 0.0818 0.0432 0.1009 0.1454 0.1951 0.0959 0.0914 
        H145  1 0.1220 0.1544 0.0943 0.0623 0.0886 0.0831 0.1298 0.1192 0.1463 
        H149  1 0.1433 0.1044 0.0717 0.1460 0.1654 0.1098 0.0936 0.0926 0.0731 
        H150  1 0.0982 0.1061 0.1290 0.0970 0.0909 0.1097 0.1657 0.0878 0.1157 
     H167542  1 0.1091 0.1814 0.1032 0.0754 0.1064 0.1013 0.0852 0.0919 0.1462 
     H169604  1 0.1188 0.1422 0.1117 0.0712 0.1001 0.1169 0.1028 0.1220 0.1144 
     H169607  1 0.1221 0.1392 0.1034 0.0643 0.1029 0.0886 0.1269 0.1143 0.1384 
     H169608  1 0.0746 0.1798 0.0588 0.2259 0.0789 0.0773 0.0732 0.0609 0.1705 
     H169633  1 0.0974 0.1093 0.1699 0.0581 0.1051 0.0950 0.1184 0.1197 0.1271 
     H169688  1 0.0857 0.0890 0.0638 0.0789 0.1349 0.1214 0.1341 0.1443 0.1478 
     H169714  1 0.1049 0.1124 0.1038 0.1203 0.1319 0.1223 0.0981 0.1021 0.1042 
     H171802  1 0.0880 0.0817 0.1225 0.1904 0.0961 0.1162 0.0927 0.1177 0.0946 
     H171805  1 0.1344 0.0925 0.0923 0.0679 0.1310 0.1175 0.1273 0.1273 0.1096 
     H171807  1 0.1302 0.1292 0.0876 0.1316 0.1277 0.1047 0.1097 0.0896 0.0898 
     H171814  1 0.0837 0.0797 0.1849 0.0611 0.0988 0.1183 0.1628 0.1121 0.0986 
     H171816  1 0.1151 0.1030 0.0975 0.1507 0.1161 0.1181 0.1086 0.0833 0.1076 
     H171817  1 0.1283 0.1125 0.1130 0.1136 0.1254 0.1211 0.1065 0.1036 0.0760 
     H171818  1 0.1344 0.1058 0.1278 0.0831 0.1174 0.1359 0.1049 0.1030 0.0877 
     H171819  1 0.0956 0.1018 0.1444 0.1040 0.1008 0.1392 0.1056 0.0946 0.1141 
     H171834  1 0.1307 0.1309 0.0825 0.0858 0.1123 0.1375 0.1010 0.0973 0.1221 
     H171835  1 0.0963 0.1009 0.1129 0.1531 0.1437 0.1314 0.0798 0.0835 0.0984 
     H171836  1 0.1223 0.0884 0.1492 0.0450 0.1046 0.1105 0.1226 0.1748 0.0826 
     H171837  1 0.0928 0.1261 0.1019 0.1108 0.0969 0.1125 0.1009 0.0930 0.1650 
     H171838  1 0.1397 0.0987 0.1514 0.0670 0.1098 0.0921 0.1111 0.1361 0.0942 
     H171839  1 0.0994 0.1103 0.1217 0.1251 0.1098 0.1288 0.0976 0.0946 0.1127 
     H171841  1 0.0665 0.0906 0.0570 0.3633 0.0998 0.0791 0.0854 0.0739 0.0844 
     H171860  1 0.1007 0.1513 0.1154 0.1045 0.0832 0.1248 0.1093 0.1007 0.1100 
     H171861  1 0.1578 0.1014 0.1169 0.0441 0.1123 0.1012 0.1123 0.1681 0.0859 
     H171862  1 0.1160 0.1279 0.0902 0.0799 0.0972 0.1390 0.1272 0.1114 0.1113 
     H171868  1 0.1487 0.1694 0.0860 0.0702 0.0992 0.1280 0.0963 0.0867 0.1156 
     H171869  1 0.0892 0.0925 0.1015 0.0701 0.1171 0.1129 0.1758 0.1050 0.1359 
     H171870  1 0.1056 0.0832 0.0768 0.1088 0.1576 0.1181 0.1240 0.1351 0.0906 
     H171871  1 0.1254 0.0939 0.1287 0.0661 0.1096 0.1098 0.1216 0.1428 0.1023 
     H171872  1 0.1083 0.1242 0.1326 0.1196 0.0990 0.1156 0.0921 0.0927 0.1159 
     H171873  1 0.1178 0.0881 0.0759 0.0905 0.1279 0.1302 0.1230 0.1276 0.1190 
     H171874  1 0.1237 0.1525 0.0626 0.0757 0.0935 0.1530 0.1163 0.1196 0.1032 
     H171875  1 0.1432 0.1209 0.1225 0.0544 0.0884 0.1403 0.1182 0.1139 0.0983 
     H171876  1 0.1248 0.1525 0.0872 0.0518 0.0980 0.1320 0.1101 0.1195 0.1241 
     H171877  1 0.1191 0.1502 0.1434 0.0643 0.0990 0.0963 0.0841 0.0917 0.1518 
     H171878  1 0.1033 0.0989 0.0757 0.1046 0.1464 0.1168 0.1099 0.1000 0.1444 
     H171901  1 0.0827 0.0886 0.0851 0.1266 0.1076 0.0941 0.0926 0.1561 0.1668 
     H171902  1 0.1189 0.1183 0.0774 0.1353 0.1095 0.0967 0.1315 0.0990 0.1135 
     H171903  1 0.1065 0.1300 0.0941 0.0814 0.0877 0.1485 0.1025 0.1125 0.1368 
     H171935  1 0.1100 0.0911 0.0981 0.1263 0.1474 0.1087 0.1187 0.1158 0.0841 
     H171936  1 0.0944 0.1069 0.1497 0.0632 0.0950 0.1341 0.0927 0.1196 0.1445 
     H171940  1 0.1376 0.1520 0.0684 0.1329 0.1249 0.1127 0.1027 0.0901 0.0787 
     H171945  1 0.0736 0.0964 0.0854 0.1374 0.1094 0.1024 0.1308 0.0946 0.1701 
     H171948  1 0.1286 0.1257 0.1057 0.1509 0.1071 0.0931 0.0887 0.1076 0.0927 
     H171949  1 0.1380 0.1125 0.0812 0.1622 0.1530 0.0958 0.0880 0.0872 0.0822 
     H171950  1 0.1001 0.1138 0.0653 0.1740 0.1448 0.1140 0.0938 0.0985 0.0958 
     H171963  1 0.1090 0.0778 0.1159 0.0636 0.1528 0.1094 0.1299 0.1450 0.0966 
     H171964  1 0.1032 0.1153 0.0875 0.0599 0.1147 0.1332 0.2199 0.0911 0.0752 
     H171966  1 0.1424 0.0928 0.1030 0.0844 0.1327 0.1255 0.1159 0.1245 0.0787 
     H171968  1 0.1034 0.1353 0.0596 0.1548 0.0980 0.1032 0.1236 0.0895 0.1326 
     H171971  1 0.1129 0.0890 0.1364 0.0875 0.1568 0.1018 0.1044 0.1188 0.0924 
     H171972  1 0.1111 0.1315 0.1250 0.0645 0.0945 0.1085 0.1229 0.1450 0.0970 
     H171977  1 0.1110 0.1178 0.1141 0.0564 0.0997 0.1049 0.1471 0.1227 0.1261 
     H171978  1 0.1061 0.1060 0.0684 0.1392 0.1319 0.1321 0.1085 0.1060 0.1018 
     H171979  1 0.1386 0.1162 0.1251 0.0506 0.1185 0.0948 0.1327 0.1392 0.0843 
        H176  1 0.0967 0.1388 0.1118 0.1151 0.0904 0.1104 0.1166 0.0909 0.1294 
        H177  1 0.0765 0.0986 0.0672 0.2203 0.1110 0.0908 0.0804 0.0928 0.1624 
        H179  1 0.0898 0.1283 0.0850 0.1905 0.1077 0.1273 0.0736 0.0902 0.1076 
        H181  1 0.1476 0.0963 0.1232 0.0614 0.1188 0.1173 0.1271 0.1393 0.0690 
        H182  1 0.1584 0.1044 0.1203 0.0476 0.0946 0.0938 0.1206 0.1274 0.1330 
        H183  1 0.1475 0.0961 0.0893 0.0673 0.1178 0.1057 0.1566 0.1396 0.0799 
        H184  1 0.1088 0.1150 0.0929 0.1826 0.1020 0.1009 0.0945 0.1191 0.0842 
        H185  1 0.0965 0.0969 0.1471 0.0785 0.1077 0.1014 0.1277 0.1337 0.1105 
        H186  1 0.0980 0.1248 0.0577 0.1182 0.1048 0.1344 0.1761 0.0712 0.1147 
        H187  1 0.1120 0.0845 0.0943 0.1128 0.1173 0.0973 0.0872 0.1486 0.1460 
        H188  1 0.1232 0.1540 0.1196 0.1293 0.0946 0.1212 0.0870 0.0760 0.0951 
        H192  1 0.1274 0.1013 0.0901 0.1684 0.1379 0.1047 0.0953 0.0830 0.0918 
        H193  1 0.1497 0.1261 0.0876 0.0598 0.1157 0.1114 0.1288 0.1062 0.1147 
        H194  1 0.1299 0.1127 0.1095 0.0956 0.1101 0.0982 0.1131 0.1058 0.1251 
        H195  1 0.0789 0.1015 0.0710 0.0994 0.1328 0.1132 0.1464 0.1188 0.1380 
        H199  1 0.1096 0.1019 0.0904 0.0838 0.1016 0.1120 0.1599 0.1181 0.1226 
        H200  1 0.0845 0.1077 0.1018 0.1728 0.0961 0.1192 0.1121 0.1144 0.0915 
        H414  1 0.1279 0.1016 0.0848 0.0713 0.1014 0.1111 0.1264 0.1461 0.1295 
        H415  1 0.1122 0.1120 0.1688 0.0638 0.0843 0.1215 0.1111 0.1161 0.1101 
        H422  1 0.0974 0.1164 0.0783 0.1407 0.0926 0.1219 0.1548 0.0892 0.1088 
        H423  1 0.0755 0.0795 0.0705 0.4025 0.0854 0.0782 0.0714 0.0674 0.0696 
        H424  1 0.1181 0.0870 0.1052 0.0690 0.1156 0.1103 0.1707 0.1237 0.1004 
        H425  1 0.0791 0.0919 0.0815 0.0610 0.1041 0.0983 0.2216 0.1076 0.1549 
        H426  1 0.1339 0.0928 0.0756 0.0783 0.1170 0.1132 0.1885 0.1318 0.0691 
        H443  1 0.0940 0.1420 0.0578 0.0513 0.0859 0.1217 0.2569 0.0782 0.1122 
        H466  1 0.1449 0.1114 0.0926 0.0839 0.1148 0.1098 0.1125 0.1201 0.1100 
        H467  1 0.1217 0.0970 0.0723 0.1462 0.1783 0.1266 0.1032 0.0672 0.0874 
        H472  1 0.1076 0.1342 0.0915 0.0967 0.1343 0.0912 0.1098 0.1110 0.1237 
        H483  1 0.1607 0.1397 0.0961 0.0539 0.1272 0.1227 0.1163 0.1013 0.0821 
        H504  1 0.0956 0.0958 0.1193 0.0715 0.1030 0.1139 0.1739 0.1085 0.1184 
        H505  1 0.1053 0.1283 0.0877 0.1097 0.1172 0.1133 0.0978 0.1132 0.1276 
        H506  1 0.1048 0.1338 0.1031 0.1148 0.1182 0.1194 0.1199 0.0894 0.0966 
        H507  1 0.1219 0.1075 0.1247 0.0392 0.1128 0.0998 0.1113 0.1575 0.1253 
        H508  1 0.1090 0.0805 0.1069 0.1258 0.1391 0.1056 0.1159 0.1079 0.1091 
        H524  1 0.1018 0.0903 0.1638 0.0560 0.1014 0.1086 0.1020 0.1534 0.1227 
        H525  1 0.1145 0.1347 0.0844 0.0633 0.1060 0.1337 0.1472 0.1058 0.1105 
        H526  1 0.0963 0.1357 0.1307 0.0874 0.0892 0.1136 0.0904 0.1046 0.1522 
        H527  1 0.1013 0.1105 0.0699 0.1416 0.1098 0.1177 0.0968 0.1134 0.1390 
        H528  1 0.1183 0.1160 0.1461 0.0626 0.0869 0.1413 0.1307 0.1143 0.0837 
        H529  1 0.1129 0.0999 0.1213 0.0441 0.1044 0.0953 0.1562 0.1260 0.1400 
        H533  1 0.1670 0.0845 0.1434 0.0379 0.1075 0.0997 0.1001 0.1747 0.0852 
        H538  1 0.1137 0.1465 0.0934 0.0880 0.1112 0.1015 0.0945 0.1157 0.1354 
        H539  1 0.1061 0.0811 0.0721 0.0962 0.1565 0.1048 0.0960 0.1350 0.1522 
        H540  1 0.1042 0.1152 0.1046 0.0866 0.1022 0.1110 0.1249 0.1056 0.1456 
        H541  1 0.1192 0.1365 0.1244 0.0690 0.1230 0.1269 0.0936 0.0990 0.1082 
        H558  1 0.1299 0.0900 0.0912 0.1108 0.1207 0.0963 0.1226 0.1513 0.0872 
        H559  1 0.1204 0.1611 0.0738 0.1044 0.0985 0.1530 0.1195 0.0751 0.0942 
        H579  1 0.1459 0.1208 0.0781 0.0742 0.0982 0.1133 0.1347 0.1090 0.1259 
        H584  1 0.1135 0.1069 0.1046 0.0745 0.0967 0.1206 0.1756 0.1163 0.0912 
        H585  1 0.1112 0.0951 0.1289 0.0788 0.1034 0.1328 0.1288 0.1160 0.1051 
        H605  1 0.1210 0.0948 0.0779 0.1670 0.0991 0.0992 0.1190 0.1100 0.1120 
        H606  1 0.0878 0.1272 0.0548 0.2580 0.0870 0.0944 0.0816 0.0787 0.1305 
        H632  1 0.0980 0.1364 0.0810 0.0575 0.1215 0.1251 0.1664 0.0994 0.1148 
        H634  1 0.1285 0.1080 0.0764 0.0924 0.0973 0.1266 0.1303 0.1219 0.1186 
        H671  1 0.0852 0.0975 0.0734 0.2814 0.1149 0.1122 0.0820 0.0809 0.0725 
        H672  1 0.0890 0.0862 0.1704 0.0804 0.0844 0.1285 0.1054 0.1692 0.0865 
        H673  1 0.1356 0.1282 0.0724 0.0753 0.1172 0.0961 0.1727 0.1065 0.0959 
        H689  1 0.1277 0.1638 0.0825 0.0618 0.1022 0.1185 0.1434 0.1011 0.0990 
        H690  1 0.0939 0.1578 0.0956 0.1254 0.0883 0.1019 0.0729 0.0834 0.1808 
        H691  1 0.1099 0.1725 0.0847 0.0663 0.0989 0.1120 0.0915 0.0975 0.1668 
        H692  1 0.1319 0.0974 0.1263 0.0409 0.0974 0.1030 0.2097 0.1282 0.0652 
        H709  1 0.1256 0.1125 0.1023 0.0809 0.1006 0.1130 0.1224 0.1208 0.1219 
        H710  1 0.1755 0.1077 0.1251 0.0501 0.0953 0.1098 0.1253 0.1257 0.0855 
       H7355  1 0.1020 0.1389 0.1626 0.0517 0.0908 0.1072 0.0905 0.0867 0.1696 
       H7356  1 0.1385 0.1104 0.0894 0.0897 0.1079 0.1098 0.1311 0.1225 0.1007 
       H7357  1 0.1160 0.1112 0.0950 0.1143 0.1310 0.1078 0.1038 0.1016 0.1193 
       H7358  1 0.0958 0.1615 0.0895 0.0742 0.1050 0.1022 0.1061 0.1260 0.1397 
       H7380  1 0.1188 0.1608 0.0813 0.0754 0.1067 0.1351 0.1212 0.0969 0.1038 
       H7381  1 0.1003 0.1131 0.0747 0.1371 0.1130 0.1033 0.1630 0.0973 0.0981 
       H7382  1 0.1079 0.1312 0.0954 0.0812 0.1013 0.1353 0.1209 0.0990 0.1279 
        H904  1 0.0910 0.1189 0.0516 0.2897 0.0900 0.1023 0.0698 0.0712 0.1155 
        H923  1 0.0921 0.1095 0.0974 0.1189 0.1052 0.1267 0.1209 0.0984 0.1309 
        H924  1 0.0954 0.1246 0.0808 0.1278 0.1083 0.1088 0.1225 0.1071 0.1247 
        H925  1 0.0830 0.1640 0.0842 0.0610 0.1145 0.1026 0.0869 0.1090 0.1948 
       H9558  1 0.1304 0.0871 0.0904 0.1052 0.1146 0.0943 0.1326 0.1703 0.0751 
        H008  2 0.1232 0.1038 0.1939 0.0589 0.0973 0.0980 0.1103 0.1331 0.0816 
        H021  2 0.1345 0.1171 0.0881 0.0948 0.1341 0.1032 0.0886 0.0963 0.1434 
        H023  2 0.1090 0.1146 0.0754 0.1140 0.1233 0.1017 0.0914 0.1017 0.1688 
        H024  2 0.0905 0.0776 0.2729 0.0616 0.0956 0.0930 0.1266 0.1238 0.0583 
        H025  2 0.0979 0.1029 0.0749 0.2443 0.1004 0.0981 0.1105 0.0934 0.0776 
        H026  2 0.0867 0.0942 0.1558 0.0494 0.0938 0.1531 0.1806 0.1122 0.0742 
        H027  2 0.0989 0.1184 0.1381 0.0566 0.1096 0.1163 0.0996 0.1337 0.1288 
        H028  2 0.1397 0.1120 0.1189 0.0697 0.1092 0.1258 0.1209 0.1131 0.0907 
        H029  2 0.0888 0.1062 0.1826 0.0547 0.1080 0.1144 0.1176 0.1171 0.1106 
        H030  2 0.0977 0.1045 0.1884 0.0531 0.0901 0.1044 0.1335 0.1564 0.0718 
        H038  2 0.0992 0.0935 0.0691 0.1055 0.1795 0.0901 0.0741 0.1247 0.1642 
        H039  2 0.0517 0.0738 0.0510 0.5313 0.0566 0.0708 0.0530 0.0469 0.0649 
        H040  2 0.0906 0.0740 0.0943 0.1363 0.1718 0.1150 0.0964 0.1185 0.1031 
        H041  2 0.1105 0.1033 0.2241 0.0936 0.0899 0.1069 0.0919 0.0887 0.0911 
        H042  2 0.1239 0.1159 0.1049 0.1225 0.1011 0.0932 0.1057 0.1093 0.1235 
        H043  2 0.0715 0.0751 0.0573 0.2497 0.1593 0.0887 0.0719 0.0927 0.1338 
        H044  2 0.1088 0.0811 0.1344 0.0777 0.1056 0.0987 0.1244 0.1888 0.0805 
        H047  2 0.1086 0.0965 0.0939 0.1677 0.1051 0.1279 0.1155 0.1124 0.0724 
        H050  2 0.0995 0.0918 0.1769 0.0662 0.0936 0.1176 0.1026 0.1779 0.0740 
        H058  2 0.1158 0.0811 0.1052 0.1076 0.1425 0.1216 0.1136 0.1105 0.1023 
        H062  2 0.0956 0.1607 0.0633 0.1244 0.1158 0.0776 0.0944 0.0893 0.1790 
        H063  2 0.0956 0.0897 0.1031 0.1896 0.1265 0.1152 0.0889 0.0909 0.1005 
        H065  2 0.0895 0.0943 0.0640 0.1143 0.1032 0.1191 0.2170 0.0896 0.1090 
        H066  2 0.1035 0.0912 0.1472 0.0695 0.1157 0.1387 0.1108 0.1327 0.0908 
        H067  2 0.1457 0.1581 0.0938 0.0584 0.1209 0.1310 0.1039 0.0969 0.0911 
        H068  2 0.1088 0.1015 0.0903 0.1648 0.1465 0.1021 0.0960 0.1026 0.0874 
        H069  2 0.0728 0.1107 0.0831 0.0821 0.1113 0.0993 0.0989 0.1561 0.1857 
        H071  2 0.1144 0.1216 0.0859 0.1184 0.1101 0.1226 0.1017 0.0964 0.1290 
        H072  2 0.0785 0.0990 0.0862 0.3155 0.0893 0.0941 0.0802 0.0763 0.0809 
        H073  2 0.1116 0.0927 0.1031 0.0688 0.1120 0.1045 0.1444 0.1069 0.1560 
        H081  2 0.1151 0.1286 0.1476 0.1159 0.0967 0.1025 0.0793 0.0899 0.1245 
        H082  2 0.1157 0.0878 0.1472 0.0730 0.1138 0.0793 0.1253 0.1814 0.0765 
        H083  2 0.1306 0.1098 0.1100 0.0753 0.1020 0.1043 0.1231 0.1533 0.0916 
        H084  2 0.1001 0.0883 0.1322 0.0871 0.1281 0.1218 0.1145 0.1136 0.1143 
        H085  2 0.1054 0.1277 0.1769 0.0795 0.0810 0.1048 0.0924 0.1067 0.1255 
        H087  2 0.1601 0.1590 0.1038 0.0761 0.1027 0.0931 0.0864 0.0833 0.1354 
        H088  2 0.1020 0.1092 0.0823 0.1562 0.0931 0.1191 0.0917 0.1080 0.1384 
        H089  2 0.0959 0.1415 0.1022 0.0637 0.1154 0.1043 0.1052 0.1097 0.1621 
        H090  2 0.1045 0.0955 0.2187 0.0718 0.0869 0.1225 0.0975 0.1384 0.0643 
        H091  2 0.0914 0.0839 0.2763 0.0425 0.0737 0.1072 0.0801 0.1436 0.1013 
        H098  2 0.0990 0.0776 0.2553 0.0917 0.1006 0.0889 0.1000 0.1163 0.0707 
      H10001  2 0.0522 0.0856 0.0479 0.4767 0.0707 0.0686 0.0580 0.0564 0.0838 
      H10002  2 0.1057 0.1276 0.0645 0.1579 0.1035 0.1064 0.0849 0.0918 0.1577 
        H101  2 0.0942 0.0737 0.2041 0.0596 0.0929 0.1206 0.0906 0.2006 0.0636 
        H108  2 0.1271 0.1372 0.0638 0.2314 0.0917 0.1051 0.0886 0.0652 0.0900 
        H109  2 0.0860 0.0878 0.1393 0.1232 0.0993 0.1416 0.1123 0.1208 0.0896 
        H110  2 0.1280 0.1388 0.1461 0.0662 0.0952 0.1125 0.0938 0.0893 0.1302 
        H116  2 0.1182 0.0871 0.1470 0.0745 0.1137 0.1181 0.1364 0.1292 0.0758 
        H117  2 0.1079 0.0813 0.2751 0.0523 0.0872 0.1320 0.0887 0.1029 0.0726 
        H118  2 0.0920 0.0967 0.2260 0.0468 0.0864 0.1043 0.1362 0.1182 0.0934 
        H119  2 0.1080 0.0995 0.1584 0.1139 0.0992 0.1355 0.1079 0.0789 0.0988 
        H120  2 0.0869 0.1276 0.0647 0.3133 0.0837 0.0768 0.0732 0.0647 0.1092 
        H121  2 0.0873 0.1030 0.2463 0.0534 0.0833 0.1157 0.0852 0.1393 0.0865 
        H125  2 0.0710 0.0831 0.0533 0.3995 0.1197 0.0897 0.0546 0.0581 0.0709 
        H126  2 0.1102 0.0724 0.1113 0.1266 0.0972 0.1045 0.1762 0.1167 0.0849 
        H128  2 0.0716 0.0811 0.2945 0.0334 0.0776 0.1160 0.1054 0.1593 0.0613 
        H129  2 0.1289 0.0882 0.0956 0.0542 0.1073 0.1357 0.2047 0.1121 0.0734 
        H130  2 0.1023 0.1169 0.0600 0.2066 0.1029 0.1047 0.1160 0.1105 0.0801 
        H133  2 0.0658 0.0831 0.0634 0.3547 0.0805 0.1070 0.0912 0.0847 0.0696 
        H134  2 0.0838 0.0883 0.0992 0.0575 0.0862 0.1226 0.2784 0.1041 0.0798 
        H135  2 0.1207 0.1307 0.0963 0.1223 0.0981 0.1129 0.1034 0.1049 0.1106 
        H137  2 0.1164 0.0828 0.2076 0.0901 0.1146 0.1195 0.0949 0.1123 0.0618 
        H138  2 0.1275 0.1179 0.0724 0.0653 0.1055 0.1386 0.1563 0.1144 0.1020 
        H140  2 0.1017 0.0958 0.1701 0.1268 0.0815 0.1198 0.1066 0.1155 0.0822 
        H146  2 0.0815 0.0860 0.2635 0.0715 0.0736 0.1182 0.0979 0.1326 0.0751 
        H147  2 0.1087 0.0972 0.2170 0.0702 0.0973 0.0867 0.0937 0.0995 0.1297 
        H148  2 0.1084 0.1217 0.1672 0.0612 0.0835 0.1158 0.0985 0.0948 0.1489 
     H166022  2 0.1301 0.0993 0.1632 0.0537 0.1080 0.1056 0.1110 0.1395 0.0895 
     H167359  2 0.1115 0.1061 0.1031 0.0928 0.1013 0.1296 0.1046 0.1313 0.1197 
     H167397  2 0.0971 0.0675 0.2877 0.0382 0.0888 0.1031 0.1044 0.1376 0.0756 
     H167428  2 0.1170 0.1737 0.1448 0.0394 0.0973 0.1103 0.1139 0.1088 0.0947 
     H167496  2 0.0922 0.0894 0.1012 0.2619 0.0965 0.1059 0.0734 0.0881 0.0915 
     H167513  2 0.1127 0.0636 0.1582 0.0888 0.1956 0.0712 0.0788 0.1582 0.0730 
     H167545  2 0.1688 0.0913 0.0863 0.0528 0.1052 0.0966 0.1241 0.1553 0.1197 
     H167547  2 0.0933 0.0712 0.2918 0.0603 0.0956 0.0995 0.1045 0.1161 0.0678 
     H169621  2 0.1103 0.1163 0.1776 0.0523 0.0950 0.1072 0.1215 0.1221 0.0976 
     H169622  2 0.1096 0.1226 0.0743 0.0745 0.1084 0.1235 0.1230 0.1128 0.1513 
     H169750  2 0.1029 0.0993 0.0974 0.1438 0.1313 0.1057 0.1159 0.1310 0.0727 
     H171806  2 0.0900 0.1151 0.1538 0.1014 0.0956 0.1313 0.1058 0.0992 0.1077 
     H171808  2 0.0865 0.1274 0.0713 0.0748 0.1066 0.0996 0.1096 0.1397 0.1846 
     H171809  2 0.1108 0.1480 0.0828 0.1063 0.1007 0.1100 0.1055 0.1042 0.1318 
     H171813  2 0.1107 0.1098 0.0949 0.0958 0.1312 0.1063 0.1207 0.1057 0.1248 
     H171815  2 0.0819 0.0756 0.0604 0.2835 0.1333 0.0815 0.0883 0.0830 0.1124 
     H171824  2 0.1073 0.1521 0.0985 0.1368 0.0917 0.1502 0.0812 0.0734 0.1088 
     H171825  2 0.1149 0.1432 0.0744 0.0657 0.1092 0.1176 0.1304 0.1112 0.1334 
     H171826  2 0.1206 0.1219 0.1008 0.1168 0.1044 0.1581 0.0957 0.0871 0.0947 
     H171827  2 0.1093 0.1161 0.0747 0.0708 0.1152 0.1301 0.0996 0.1087 0.1756 
     H171828  2 0.0909 0.1218 0.0790 0.2853 0.0930 0.0998 0.0669 0.0611 0.1021 
     H171829  2 0.0967 0.0915 0.1029 0.1106 0.1025 0.1235 0.1695 0.1065 0.0963 
     H171830  2 0.0935 0.0801 0.2044 0.1282 0.1015 0.0877 0.0864 0.1409 0.0773 
     H171831  2 0.1245 0.1053 0.1305 0.0567 0.1149 0.1224 0.1622 0.1081 0.0754 
     H171832  2 0.1337 0.1132 0.0793 0.0977 0.1002 0.1121 0.1306 0.1469 0.0862 
     H171863  2 0.1236 0.0865 0.1307 0.0486 0.0960 0.1063 0.1473 0.1633 0.0977 
     H171864  2 0.1108 0.0880 0.1675 0.0808 0.1067 0.1122 0.0979 0.1350 0.1011 
     H171865  2 0.0787 0.0828 0.1065 0.2915 0.1064 0.0912 0.0874 0.0811 0.0744 
     H171879  2 0.0895 0.0901 0.1613 0.0950 0.0855 0.1517 0.1171 0.1301 0.0797 
     H171880  2 0.1023 0.0761 0.2368 0.0674 0.0870 0.1252 0.0978 0.1348 0.0727 
     H171881  2 0.1623 0.1163 0.0994 0.0535 0.1388 0.1121 0.1207 0.1094 0.0876 
     H171882  2 0.0683 0.0741 0.0557 0.4425 0.0813 0.0767 0.0651 0.0678 0.0684 
     H171929  2 0.1139 0.1057 0.1337 0.0894 0.1109 0.1047 0.1072 0.1429 0.0917 
     H171930  2 0.1443 0.0803 0.1323 0.0515 0.0971 0.1079 0.1018 0.1997 0.0851 
     H171933  2 0.1131 0.1032 0.1357 0.0706 0.1140 0.1108 0.1123 0.1210 0.1192 
     H171934  2 0.1211 0.1274 0.1298 0.0669 0.1049 0.1015 0.0917 0.1034 0.1535 
     H171937  2 0.1357 0.0913 0.0873 0.0912 0.1051 0.1109 0.1678 0.1376 0.0731 
     H171962  2 0.1390 0.1304 0.0850 0.0631 0.1075 0.1129 0.1196 0.1292 0.1131 
        H190  2 0.1480 0.1053 0.1088 0.0699 0.1204 0.1001 0.1350 0.1168 0.0959 
        H191  2 0.1315 0.0955 0.1488 0.0907 0.1222 0.1031 0.1212 0.1040 0.0829 
        H396  2 0.1270 0.1495 0.0982 0.0801 0.1053 0.0902 0.0901 0.1002 0.1594 
        H397  2 0.1344 0.1078 0.1086 0.0673 0.1013 0.1072 0.1105 0.1477 0.1153 
        H398  2 0.0909 0.1157 0.0690 0.0975 0.1012 0.1062 0.1685 0.1115 0.1396 
        H400  2 0.0857 0.1242 0.0853 0.0854 0.1047 0.0998 0.1036 0.1214 0.1899 
        H401  2 0.0833 0.0655 0.3558 0.0424 0.0872 0.1015 0.0921 0.1098 0.0623 
        H402  2 0.1367 0.0830 0.1370 0.0525 0.1251 0.1120 0.1014 0.1603 0.0919 
        H427  2 0.1098 0.1515 0.1270 0.0791 0.1048 0.0943 0.1004 0.0956 0.1376 
        H428  2 0.1221 0.1676 0.1410 0.0400 0.1039 0.1177 0.1061 0.1025 0.0991 
        H497  2 0.0897 0.0743 0.0938 0.1759 0.1488 0.0894 0.0838 0.1299 0.1143 
        H512  2 0.1075 0.0885 0.1803 0.0898 0.1082 0.1167 0.1048 0.1173 0.0869 
        H513  2 0.1237 0.0613 0.1484 0.0897 0.2028 0.0690 0.0699 0.1568 0.0785 
        H514  2 0.0922 0.1089 0.0751 0.1043 0.1151 0.1371 0.1245 0.1185 0.1244 
        H519  2 0.1102 0.0682 0.1654 0.0931 0.1683 0.0832 0.0804 0.1565 0.0748 
        H532  2 0.1059 0.1381 0.1062 0.0541 0.0963 0.1182 0.1009 0.1152 0.1651 
        H543  2 0.1203 0.0971 0.1318 0.0496 0.1072 0.1074 0.1017 0.1522 0.1327 
        H544  2 0.0888 0.0963 0.0613 0.1166 0.1022 0.1021 0.1730 0.1466 0.1131 
        H545  2 0.1807 0.0860 0.0835 0.0531 0.1105 0.0909 0.1017 0.1782 0.1154 
        H546  2 0.1213 0.0880 0.0720 0.2007 0.1423 0.0900 0.1093 0.0930 0.0833 
        H547  2 0.0928 0.0701 0.2908 0.0606 0.0916 0.0904 0.1132 0.1234 0.0671 
        H548  2 0.0977 0.1164 0.1112 0.0775 0.1051 0.1023 0.0982 0.1303 0.1614 
        H549  2 0.0902 0.0604 0.0791 0.0704 0.1956 0.0877 0.0686 0.1680 0.1798 
        H620  2 0.0631 0.0762 0.0606 0.4338 0.0919 0.0763 0.0600 0.0603 0.0778 
        H623  2 0.1556 0.0826 0.1139 0.0860 0.1135 0.1049 0.1380 0.1396 0.0660 
        H624  2 0.0673 0.0832 0.0501 0.1986 0.1378 0.0991 0.0776 0.1005 0.1857 
        H625  2 0.1229 0.1217 0.1089 0.0662 0.1148 0.0909 0.1084 0.1210 0.1452 
        H626  2 0.0985 0.0957 0.1156 0.0835 0.1212 0.0978 0.1146 0.1198 0.1533 
        H654  2 0.0695 0.0622 0.0444 0.3655 0.1488 0.0811 0.0601 0.0744 0.0939 
        H655  2 0.0919 0.1338 0.0656 0.1194 0.1037 0.1069 0.0950 0.1247 0.1589 
        H656  2 0.0690 0.0976 0.0540 0.3971 0.0835 0.0662 0.0669 0.0640 0.1018 
        H666  2 0.0699 0.0795 0.0861 0.3772 0.0793 0.0944 0.0757 0.0747 0.0634 
        H667  2 0.1187 0.1281 0.1024 0.0644 0.1110 0.1115 0.0975 0.1060 0.1605 
        H677  2 0.1029 0.1358 0.1000 0.0844 0.0925 0.1057 0.1050 0.1118 0.1619 
        H693  2 0.1271 0.1681 0.0764 0.1689 0.0948 0.0842 0.0737 0.0650 0.1419 
        H694  2 0.1520 0.0848 0.1124 0.0933 0.1066 0.1031 0.1334 0.1474 0.0669 
        H701  2 0.1156 0.1036 0.1252 0.0703 0.1016 0.1081 0.1114 0.1678 0.0965 
        H702  2 0.1392 0.1037 0.1081 0.0836 0.1383 0.1080 0.0969 0.1319 0.0903 
        H731  2 0.0922 0.1507 0.1047 0.1466 0.0853 0.1204 0.0924 0.0794 0.1283 
       H7359  2 0.1044 0.1095 0.0998 0.0886 0.0999 0.1346 0.1137 0.1338 0.1156 
       H7389  2 0.0927 0.1107 0.1539 0.0711 0.0962 0.1364 0.1112 0.1086 0.1191 
       H7390  2 0.1099 0.1034 0.0600 0.1343 0.1529 0.1230 0.0900 0.1076 0.1191 
       H7391  2 0.1198 0.1317 0.1705 0.0676 0.0925 0.1332 0.0849 0.0791 0.1207 
       H7392  2 0.1049 0.1172 0.0982 0.0867 0.1198 0.1254 0.1251 0.1199 0.1027 
       H7393  2 0.1023 0.0990 0.1220 0.1415 0.1304 0.0979 0.0876 0.1090 0.1104 
       H7398  2 0.1027 0.1118 0.2254 0.0815 0.0934 0.0966 0.0845 0.0961 0.1079 
       H7399  2 0.1185 0.1157 0.0971 0.0502 0.1063 0.1165 0.1329 0.1266 0.1362 
       H7400  2 0.0614 0.0729 0.0475 0.4570 0.0900 0.0612 0.0627 0.0590 0.0884 
        H745  2 0.1073 0.0855 0.1096 0.0573 0.1011 0.1071 0.2504 0.1086 0.0732 
        H746  2 0.1099 0.1184 0.0782 0.0586 0.1167 0.1005 0.1086 0.1307 0.1783 
        H747  2 0.0853 0.0861 0.1055 0.1902 0.1351 0.1108 0.0803 0.1134 0.0932 
        H748  2 0.0993 0.1109 0.1105 0.1009 0.1066 0.1224 0.0974 0.1164 0.1356 
       H7484  2 0.0840 0.0937 0.0801 0.3297 0.0927 0.0876 0.0808 0.0735 0.0778 
       H7485  2 0.1151 0.0760 0.1087 0.0924 0.1579 0.0972 0.1077 0.1276 0.1174 
        H749  2 0.1005 0.1034 0.0817 0.0621 0.1196 0.0926 0.1078 0.1443 0.1880 
        H930  2 0.1380 0.0729 0.1382 0.0548 0.1051 0.1040 0.0997 0.1911 0.0963 
        H931  2 0.1104 0.1261 0.1337 0.0931 0.0914 0.1157 0.1229 0.1160 0.0906 
        H932  2 0.0998 0.1037 0.1699 0.0859 0.0892 0.1407 0.1172 0.0981 0.0955 
        H111  3 0.1483 0.0784 0.1160 0.0637 0.1071 0.1204 0.1678 0.1252 0.0731 
        H951  3 0.1099 0.1036 0.1860 0.0664 0.1040 0.0934 0.1075 0.1325 0.0968 
        H952  3 0.0982 0.1018 0.1332 0.0869 0.0983 0.1160 0.1455 0.1210 0.0989 
        H953  3 0.0861 0.1252 0.1826 0.0549 0.0934 0.1186 0.0850 0.1034 0.1510 
        H954  3 0.0927 0.0950 0.0857 0.2290 0.1090 0.0986 0.0908 0.1127 0.0865 
        H955  3 0.1175 0.0917 0.1063 0.0514 0.1022 0.1133 0.1255 0.1812 0.1109 
        H956  3 0.0916 0.0935 0.1732 0.0816 0.0972 0.1447 0.0807 0.1418 0.0957 
       H9563  3 0.1238 0.0997 0.1796 0.1131 0.1109 0.1066 0.0983 0.0826 0.0855 
        H002  4 0.1038 0.0947 0.0542 0.2514 0.1218 0.0958 0.1088 0.0781 0.0916 
        H003  4 0.1309 0.1112 0.0906 0.0569 0.1010 0.1223 0.1228 0.1032 0.1613 
        H009  4 0.1008 0.1155 0.0786 0.0731 0.1340 0.1094 0.1543 0.1287 0.1056 
        H010  4 0.1285 0.1335 0.1079 0.0605 0.0961 0.1469 0.1128 0.1015 0.1123 
        H011  4 0.1444 0.1205 0.0708 0.1893 0.1278 0.0866 0.0799 0.0794 0.1013 
        H012  4 0.1236 0.1370 0.1247 0.0746 0.1051 0.0959 0.1022 0.1268 0.1101 
        H013  4 0.1125 0.1148 0.0930 0.1414 0.1021 0.1059 0.1003 0.0875 0.1424 
        H014  4 0.1400 0.1380 0.0922 0.0826 0.1105 0.1383 0.1150 0.1084 0.0749 
        H045  4 0.1101 0.1152 0.1723 0.1286 0.1262 0.0952 0.0859 0.0767 0.0898 
        H046  4 0.1258 0.1240 0.0760 0.0554 0.1102 0.1275 0.1493 0.0938 0.1381 
        H051  4 0.1243 0.1206 0.1092 0.1669 0.0967 0.0935 0.0851 0.0854 0.1183 
        H052  4 0.0821 0.0998 0.0878 0.2494 0.1057 0.0856 0.1221 0.0948 0.0727 
        H053  4 0.1002 0.1206 0.0991 0.0953 0.1077 0.1380 0.0945 0.1116 0.1330 
        H056  4 0.1019 0.0868 0.0988 0.2392 0.1152 0.0879 0.0943 0.0896 0.0862 
        H076  4 0.1186 0.1103 0.1264 0.0591 0.1054 0.1440 0.1749 0.0753 0.0860 
        H151  4 0.0990 0.1439 0.0545 0.1838 0.1376 0.1093 0.0921 0.0808 0.0990 
        H152  4 0.0887 0.1306 0.0600 0.2233 0.0918 0.0900 0.1291 0.0816 0.1048 
     H171803  4 0.0987 0.0917 0.0713 0.0966 0.1938 0.1090 0.0876 0.1115 0.1398 
     H171804  4 0.1083 0.0900 0.1143 0.1160 0.1737 0.0935 0.0918 0.1041 0.1084 
     H171833  4 0.1366 0.0858 0.0787 0.0692 0.1209 0.1164 0.1835 0.1328 0.0760 
     H171855  4 0.1083 0.0811 0.0656 0.2461 0.1240 0.1111 0.1020 0.0740 0.0878 
     H171856  4 0.0966 0.0869 0.1297 0.0809 0.1577 0.1033 0.0911 0.1292 0.1246 
     H171857  4 0.0933 0.0998 0.0977 0.1789 0.1204 0.1390 0.1089 0.0803 0.0816 
     H171858  4 0.1019 0.1234 0.0915 0.1101 0.0813 0.1252 0.1341 0.1116 0.1208 
     H171859  4 0.1075 0.1093 0.1022 0.1072 0.1107 0.1306 0.1322 0.0988 0.1015 
     H171961  4 0.1210 0.1199 0.0845 0.1464 0.1155 0.0969 0.0971 0.0886 0.1301 
        H198  4 0.1195 0.1318 0.0997 0.0479 0.0901 0.1519 0.1340 0.1226 0.1025 
      H20001  4 0.1554 0.0837 0.0855 0.0661 0.1395 0.0999 0.1624 0.1229 0.0847 
        H403  4 0.1004 0.0863 0.1144 0.1154 0.1496 0.1041 0.1193 0.1102 0.1002 
        H404  4 0.1218 0.1357 0.0831 0.0647 0.0990 0.1266 0.1237 0.1002 0.1452 
        H405  4 0.1154 0.1019 0.1210 0.0654 0.0957 0.0955 0.1541 0.1163 0.1349 
        H406  4 0.0981 0.0642 0.2383 0.1146 0.1062 0.0872 0.1320 0.1082 0.0511 
        H407  4 0.0843 0.0987 0.1332 0.0763 0.1214 0.1485 0.1062 0.1126 0.1189 
        H410  4 0.0706 0.0736 0.3276 0.0522 0.0869 0.1437 0.0840 0.0852 0.0763 
        H411  4 0.1159 0.0962 0.1378 0.0771 0.0991 0.1044 0.1177 0.1558 0.0960 
        H468  4 0.1292 0.0723 0.1026 0.0868 0.1525 0.1112 0.1313 0.1428 0.0712 
        H476  4 0.1198 0.0913 0.0904 0.1219 0.1094 0.1118 0.0918 0.1621 0.1015 
        H477  4 0.1269 0.1046 0.0660 0.0444 0.1164 0.1183 0.1542 0.1431 0.1261 
        H478  4 0.1328 0.1134 0.0806 0.0822 0.1367 0.0989 0.0878 0.1347 0.1329 
        H479  4 0.1089 0.1091 0.0959 0.1801 0.1028 0.0977 0.0993 0.0959 0.1102 
        H480  4 0.1456 0.0874 0.1196 0.0597 0.1045 0.1033 0.1276 0.1472 0.1051 
        H498  4 0.1244 0.1186 0.0982 0.0970 0.1048 0.1083 0.1286 0.1077 0.1125 
        H499  4 0.1293 0.1302 0.0836 0.0906 0.0996 0.0971 0.1151 0.1062 0.1483 
        H500  4 0.0784 0.1003 0.0723 0.1848 0.1135 0.1287 0.0801 0.1062 0.1357 
        H515  4 0.1018 0.1190 0.1157 0.1418 0.1040 0.1127 0.0898 0.0981 0.1171 
        H516  4 0.1081 0.1059 0.1110 0.1061 0.1087 0.1395 0.1259 0.1159 0.0789 
        H517  4 0.0895 0.0988 0.1787 0.1000 0.0893 0.1605 0.1086 0.0981 0.0764 
        H518  4 0.1044 0.0834 0.0778 0.1927 0.1063 0.0988 0.1484 0.1074 0.0808 
        H520  4 0.1043 0.0850 0.0955 0.1550 0.1507 0.1160 0.1043 0.1102 0.0790 
        H521  4 0.1355 0.1092 0.1119 0.0608 0.1232 0.1240 0.1083 0.1238 0.1034 
        H522  4 0.1190 0.0977 0.0902 0.0731 0.1494 0.1148 0.0937 0.1380 0.1240 
        H523  4 0.1130 0.1235 0.1297 0.1105 0.1036 0.1150 0.0936 0.1234 0.0878 
        H536  4 0.0883 0.1150 0.0892 0.0745 0.1056 0.1032 0.1851 0.0936 0.1455 
        H645  4 0.1182 0.1709 0.0855 0.1160 0.1079 0.1082 0.0817 0.0793 0.1324 
        H646  4 0.0833 0.0893 0.2038 0.0522 0.0957 0.1315 0.1137 0.1595 0.0709 
        H647  4 0.0868 0.0993 0.0922 0.0804 0.1197 0.1143 0.1144 0.1273 0.1656 
        H657  4 0.1125 0.0818 0.1622 0.0549 0.1148 0.1241 0.1269 0.1313 0.0915 
        H658  4 0.1127 0.1060 0.1076 0.0763 0.0846 0.1198 0.0999 0.1669 0.1263 
        H659  4 0.0863 0.0881 0.0581 0.2086 0.1690 0.1140 0.0746 0.0829 0.1184 
        H660  4 0.0967 0.1063 0.0925 0.1271 0.1245 0.1012 0.0995 0.1350 0.1171 
        H661  4 0.1325 0.0944 0.0647 0.1182 0.1460 0.1210 0.1165 0.0844 0.1222 
        H668  4 0.1459 0.1621 0.0901 0.0627 0.1000 0.1223 0.1020 0.1090 0.1059 
        H669  4 0.1072 0.0964 0.1307 0.1094 0.1081 0.1132 0.0988 0.1131 0.1230 
        H670  4 0.1236 0.2063 0.0649 0.1141 0.0850 0.0962 0.0877 0.0702 0.1521 
        H678  4 0.1080 0.0851 0.1351 0.0705 0.1107 0.1076 0.1089 0.1109 0.1633 
        H679  4 0.1075 0.0874 0.1584 0.0709 0.0962 0.1116 0.1040 0.1717 0.0924 
        H680  4 0.1388 0.0863 0.1013 0.0715 0.1384 0.1449 0.1495 0.0853 0.0840 
        H681  4 0.1042 0.1244 0.0788 0.1616 0.0956 0.1213 0.0962 0.1066 0.1111 
        H682  4 0.1453 0.0830 0.1550 0.0677 0.0952 0.1208 0.0892 0.1610 0.0827 
        H683  4 0.0766 0.0983 0.1117 0.2111 0.0959 0.1032 0.1119 0.1095 0.0818 
        H718  4 0.0795 0.0747 0.1011 0.3292 0.0923 0.0918 0.0775 0.0797 0.0740 
        H719  4 0.1906 0.1309 0.1106 0.0912 0.1477 0.0856 0.0820 0.0838 0.0776 
        H720  4 0.1185 0.0973 0.0664 0.1559 0.1397 0.0912 0.1203 0.0949 0.1159 
        H721  4 0.1198 0.1006 0.0767 0.1128 0.1331 0.0946 0.1581 0.0905 0.1138 
        H722  4 0.0747 0.0766 0.0815 0.2059 0.1149 0.0987 0.1747 0.0922 0.0808 
        H723  4 0.0895 0.1144 0.1280 0.1996 0.0946 0.0991 0.0846 0.0847 0.1055 
        H724  4 0.0831 0.0883 0.0786 0.2561 0.1372 0.1185 0.0743 0.0784 0.0855 
        H725  4 0.0871 0.0811 0.0738 0.2711 0.1425 0.0899 0.1070 0.0786 0.0690 
        H726  4 0.0972 0.1049 0.0807 0.2234 0.1021 0.0998 0.1094 0.0902 0.0923 
        H727  4 0.1172 0.1201 0.1130 0.1343 0.1111 0.1265 0.0909 0.0824 0.1046 
        H910  4 0.1233 0.1106 0.1291 0.1216 0.1037 0.1096 0.0852 0.0936 0.1232 
        H911  4 0.0967 0.0815 0.2514 0.0817 0.0916 0.0975 0.1271 0.1027 0.0698 
        H912  4 0.1052 0.0848 0.1111 0.1257 0.0987 0.1423 0.1232 0.1053 0.1038 
        H913  4 0.0830 0.1060 0.0989 0.0935 0.0942 0.1170 0.0908 0.1451 0.1714 
        H914  4 0.0920 0.1504 0.0748 0.1249 0.1138 0.1029 0.0818 0.0939 0.1655 
        H915  4 0.1111 0.0860 0.1396 0.0939 0.1143 0.1080 0.1067 0.1372 0.1032 
        H916  4 0.1281 0.0878 0.1247 0.0819 0.1097 0.1030 0.1271 0.1311 0.1065 
       H9572  4 0.1783 0.0895 0.1063 0.0850 0.2220 0.0833 0.0792 0.0913 0.0652 
        H015  5 0.1850 0.0879 0.1248 0.0594 0.1368 0.0843 0.1126 0.1405 0.0687 
        H016  5 0.0988 0.0921 0.1034 0.0722 0.1014 0.1075 0.1918 0.1093 0.1236 
        H017  5 0.1195 0.1035 0.0732 0.0759 0.1525 0.1018 0.1159 0.1276 0.1300 
        H019  5 0.1347 0.1231 0.0925 0.1124 0.1042 0.1022 0.1297 0.1195 0.0817 
        H020  5 0.0826 0.1330 0.0966 0.1088 0.1056 0.0846 0.1107 0.1127 0.1654 
        H032  5 0.1075 0.0872 0.1154 0.1568 0.0981 0.1221 0.1164 0.1195 0.0768 
        H033  5 0.1511 0.1104 0.0950 0.0624 0.1013 0.1260 0.1100 0.1415 0.1022 
        H034  5 0.1249 0.1395 0.0868 0.1534 0.1079 0.1155 0.0929 0.0758 0.1033 
        H035  5 0.1098 0.0933 0.1135 0.0802 0.1115 0.1326 0.1029 0.1197 0.1365 
        H036  5 0.1350 0.0942 0.1496 0.0700 0.0962 0.1162 0.1369 0.1191 0.0829 
        H037  5 0.0960 0.1296 0.0651 0.0951 0.1204 0.1089 0.0920 0.1167 0.1760 
        H048  5 0.1156 0.1097 0.0853 0.1812 0.1599 0.0993 0.0821 0.0833 0.0835 
        H049  5 0.1671 0.0950 0.0809 0.0980 0.1105 0.0923 0.1230 0.1572 0.0760 
        H054  5 0.0989 0.0950 0.1264 0.1017 0.0860 0.1287 0.1892 0.0813 0.0927 
        H055  5 0.1257 0.1639 0.0673 0.1065 0.1093 0.1258 0.1099 0.0704 0.1213 
        H057  5 0.1002 0.1029 0.0558 0.1143 0.1073 0.1018 0.2138 0.1018 0.1021 
        H060  5 0.0697 0.1862 0.0524 0.1756 0.0808 0.0795 0.1027 0.0682 0.1847 
        H061  5 0.1074 0.1391 0.0842 0.0656 0.1076 0.1140 0.1146 0.1268 0.1408 
        H064  5 0.1063 0.1226 0.0746 0.1570 0.1258 0.1144 0.1158 0.0974 0.0861 
        H070  5 0.0928 0.1563 0.0994 0.1584 0.0828 0.0808 0.0832 0.0795 0.1667 
        H077  5 0.0981 0.0934 0.0883 0.3037 0.1069 0.0714 0.0849 0.0771 0.0763 
        H078  5 0.1039 0.0946 0.0811 0.1282 0.1293 0.1284 0.1165 0.1145 0.1035 
        H079  5 0.0824 0.1106 0.1756 0.0530 0.0927 0.0977 0.0946 0.1407 0.1527 
        H097  5 0.0959 0.1183 0.0864 0.1558 0.0883 0.1007 0.1278 0.1337 0.0931 
        H107  5 0.1291 0.1140 0.0551 0.2142 0.1437 0.0981 0.0712 0.0722 0.1025 
        H122  5 0.1053 0.1075 0.0802 0.0733 0.1275 0.1037 0.1198 0.1245 0.1582 
        H123  5 0.1040 0.0875 0.2098 0.0514 0.0939 0.1125 0.1219 0.1346 0.0843 
        H124  5 0.0960 0.1104 0.1565 0.0615 0.0874 0.1255 0.1301 0.1313 0.1014 
        H131  5 0.1237 0.1026 0.1703 0.0530 0.1041 0.1226 0.1134 0.1355 0.0748 
        H132  5 0.1114 0.1161 0.1328 0.1056 0.1084 0.1068 0.1149 0.0955 0.1085 
        H141  5 0.1108 0.1090 0.0777 0.1048 0.1518 0.1123 0.0962 0.1120 0.1254 
        H142  5 0.1562 0.1272 0.0936 0.0568 0.0987 0.1022 0.1064 0.1356 0.1234 
        H157  5 0.1200 0.1188 0.0772 0.1326 0.1448 0.1160 0.0996 0.0926 0.0984 
        H158  5 0.1371 0.0860 0.1235 0.0607 0.0913 0.1202 0.1588 0.1417 0.0808 
        H159  5 0.1529 0.0884 0.1374 0.0645 0.1428 0.0815 0.1125 0.1251 0.0950 
        H160  5 0.1199 0.0838 0.0870 0.0936 0.1394 0.1228 0.1027 0.1390 0.1119 
        H163  5 0.1466 0.1080 0.1159 0.0762 0.0927 0.1162 0.1196 0.1321 0.0929 
        H164  5 0.1291 0.1145 0.1173 0.1043 0.0963 0.0976 0.1084 0.1438 0.0885 
        H165  5 0.1187 0.1471 0.1434 0.0550 0.1068 0.1283 0.0977 0.1126 0.0905 
        H166  5 0.1426 0.1315 0.0929 0.0630 0.1109 0.0875 0.1177 0.1325 0.1213 
        H169  5 0.1252 0.1440 0.0713 0.0841 0.0973 0.1218 0.1041 0.1319 0.1202 
     H169613  5 0.1216 0.1566 0.0782 0.1114 0.0886 0.1130 0.1085 0.1137 0.1084 
     H169653  5 0.1662 0.1324 0.1008 0.0622 0.0999 0.1204 0.1118 0.1228 0.0836 
     H169728  5 0.1337 0.0894 0.1163 0.0857 0.1150 0.1041 0.1208 0.1344 0.1006 
     H169742  5 0.0849 0.1939 0.0637 0.0798 0.1254 0.0885 0.0759 0.0909 0.1969 
        H170  5 0.1092 0.1158 0.0764 0.0907 0.1313 0.1323 0.1827 0.0988 0.0627 
        H171  5 0.1101 0.0921 0.0993 0.0818 0.1178 0.1041 0.1812 0.1273 0.0863 
     H171851  5 0.1292 0.1265 0.0857 0.0889 0.0981 0.1124 0.1431 0.1265 0.0897 
     H171852  5 0.0798 0.1002 0.0694 0.1766 0.1072 0.1142 0.1173 0.1000 0.1354 
     H171853  5 0.1592 0.0961 0.1161 0.1023 0.1422 0.1141 0.1003 0.0912 0.0785 
     H171854  5 0.1153 0.0940 0.1155 0.1304 0.1027 0.1260 0.1048 0.1319 0.0794 
     H171938  5 0.1114 0.1235 0.0962 0.0841 0.0966 0.1265 0.0966 0.0978 0.1672 
     H171939  5 0.0801 0.1320 0.1177 0.0630 0.1139 0.1023 0.1201 0.1269 0.1440 
     H171941  5 0.1375 0.1433 0.0653 0.1679 0.1054 0.0875 0.0919 0.0756 0.1257 
     H171965  5 0.1312 0.1583 0.0789 0.0688 0.0962 0.1186 0.1351 0.0985 0.1143 
     H171970  5 0.1374 0.1070 0.0760 0.2204 0.1542 0.0853 0.0755 0.0683 0.0759 
     H171973  5 0.1127 0.1382 0.0976 0.0563 0.1143 0.1203 0.0973 0.1150 0.1483 
     H171974  5 0.1329 0.1588 0.0946 0.0736 0.1206 0.1139 0.1015 0.0946 0.1094 
     H171975  5 0.1481 0.1207 0.0964 0.1402 0.1286 0.1064 0.1057 0.0830 0.0708 
     H171976  5 0.1343 0.0818 0.0683 0.1144 0.1327 0.1063 0.1538 0.1275 0.0810 
        H175  5 0.1056 0.1202 0.0774 0.1327 0.1204 0.1284 0.0977 0.1016 0.1159 
        H178  5 0.1340 0.1288 0.0891 0.1273 0.1044 0.0906 0.1022 0.0979 0.1257 
        H189  5 0.1038 0.1053 0.1607 0.0583 0.0930 0.1242 0.1189 0.1569 0.0788 
        H399  5 0.1017 0.0719 0.1028 0.0810 0.1300 0.0974 0.2597 0.0924 0.0630 
        H416  5 0.0855 0.1295 0.1072 0.1101 0.1026 0.0932 0.0939 0.0935 0.1845 
        H438  5 0.1328 0.1007 0.1251 0.0808 0.1398 0.1239 0.0933 0.1028 0.1009 
        H450  5 0.0690 0.1582 0.0532 0.2363 0.0886 0.0792 0.0816 0.0620 0.1720 
        H455  5 0.1397 0.1400 0.0772 0.1869 0.1236 0.0842 0.0770 0.0662 0.1050 
        H456  5 0.1005 0.1407 0.0850 0.0862 0.1071 0.1113 0.0965 0.1106 0.1621 
        H457  5 0.0969 0.1178 0.0667 0.2052 0.1032 0.0984 0.1314 0.0913 0.0891 
        H458  5 0.1184 0.1423 0.0775 0.0970 0.1148 0.1161 0.1023 0.0944 0.1373 
        H459  5 0.1115 0.1028 0.1043 0.0496 0.0910 0.1174 0.1087 0.1721 0.1426 
        H460  5 0.1114 0.0863 0.0886 0.1122 0.1335 0.1018 0.0960 0.1266 0.1436 
        H461  5 0.1397 0.1013 0.0745 0.0973 0.1070 0.1080 0.1496 0.1372 0.0854 
        H462  5 0.1386 0.1002 0.1347 0.0516 0.1000 0.1115 0.1122 0.1391 0.1120 
        H469  5 0.1022 0.0878 0.2178 0.0715 0.0971 0.0966 0.1111 0.1317 0.0843 
        H470  5 0.1314 0.0931 0.1105 0.0978 0.1352 0.1320 0.1039 0.1159 0.0802 
        H471  5 0.0896 0.0875 0.1286 0.0661 0.0972 0.1288 0.1486 0.1563 0.0973 
        H481  5 0.0703 0.0960 0.0693 0.2789 0.0994 0.1080 0.0771 0.0848 0.1162 
        H482  5 0.0821 0.1664 0.0849 0.1926 0.0860 0.0953 0.0998 0.0932 0.0998 
        H501  5 0.1143 0.1025 0.0933 0.1044 0.1099 0.1281 0.0952 0.1166 0.1356 
        H502  5 0.1380 0.0971 0.1042 0.0687 0.1062 0.1135 0.1375 0.1358 0.0990 
        H503  5 0.1515 0.0939 0.1251 0.0694 0.1145 0.1117 0.1273 0.1118 0.0946 
        H509  5 0.1470 0.0939 0.1096 0.1402 0.1934 0.0957 0.0760 0.0782 0.0660 
        H510  5 0.1565 0.1279 0.0809 0.1036 0.0925 0.0911 0.1144 0.1292 0.1039 
        H511  5 0.1232 0.1332 0.1056 0.0833 0.1023 0.1172 0.1225 0.1145 0.0982 
        H530  5 0.1097 0.1153 0.1046 0.1175 0.1170 0.1241 0.0953 0.1062 0.1102 
        H531  5 0.0778 0.0887 0.0683 0.1785 0.0976 0.1098 0.1019 0.1235 0.1541 
        H564  5 0.1063 0.1222 0.0633 0.1389 0.1286 0.0957 0.1001 0.1009 0.1439 
        H565  5 0.0828 0.1066 0.0571 0.2412 0.1052 0.0812 0.0931 0.0890 0.1436 
        H567  5 0.0901 0.0949 0.2059 0.0519 0.1019 0.1006 0.1137 0.1655 0.0755 
     H568???  5 0.1341 0.1133 0.0864 0.0629 0.1001 0.1329 0.1854 0.1069 0.0781 
        H608  5 0.0754 0.1861 0.0586 0.2201 0.0795 0.0765 0.0756 0.0613 0.1668 
        H609  5 0.1481 0.1702 0.0974 0.0672 0.1129 0.1131 0.0980 0.0881 0.1049 
        H612  5 0.0901 0.1251 0.0752 0.2148 0.1288 0.1013 0.0715 0.0761 0.1171 
        H614  5 0.0749 0.0920 0.0625 0.2151 0.1108 0.1150 0.1101 0.0827 0.1369 
        H615  5 0.0778 0.0980 0.0577 0.2042 0.1094 0.1053 0.1111 0.1014 0.1353 
