        H102  1 0.1478 0.0877 0.0728 0.1177 0.1109 0.1856 0.0793 0.1023 0.0960 
        H103  1 0.1437 0.1239 0.1285 0.1226 0.1443 0.0734 0.0683 0.1615 0.0338 
        H104  1 0.1045 0.0865 0.1110 0.0912 0.0913 0.1316 0.1109 0.0846 0.1884 
        H105  1 0.1083 0.1281 0.0983 0.1195 0.1120 0.1354 0.0444 0.1160 0.1379 
        H106  1 0.1028 0.1101 0.0914 0.0855 0.1165 0.0865 0.1923 0.1149 0.1001 
        H112  1 0.1085 0.0859 0.0854 0.0930 0.0952 0.2222 0.0782 0.1084 0.1232 
        H113  1 0.1251 0.0838 0.2376 0.1410 0.0841 0.1088 0.0515 0.0763 0.0918 
        H114  1 0.1302 0.0845 0.2093 0.1599 0.1010 0.0792 0.0646 0.0992 0.0721 
        H115  1 0.1757 0.0918 0.1061 0.0796 0.0724 0.2035 0.0571 0.0745 0.1392 
        H143  1 0.1145 0.1303 0.0861 0.1088 0.1204 0.1685 0.0409 0.1299 0.1006 
        H144  1 0.0954 0.1281 0.0959 0.1018 0.1889 0.0609 0.0412 0.2025 0.0852 
        H145  1 0.1984 0.0713 0.1155 0.1191 0.1259 0.1636 0.0398 0.1179 0.0485 
        H149  1 0.0659 0.0713 0.0762 0.1247 0.0914 0.1437 0.1722 0.0997 0.1550 
        H150  1 0.1122 0.0585 0.1248 0.1126 0.1512 0.0912 0.0782 0.1577 0.1135 
     H167542  1 0.0599 0.3722 0.0609 0.0685 0.0619 0.0579 0.0477 0.0531 0.2178 
     H169604  1 0.1582 0.1341 0.1052 0.1337 0.1017 0.1040 0.0537 0.0970 0.1123 
     H169607  1 0.1462 0.1170 0.1108 0.1037 0.1512 0.0781 0.0609 0.1317 0.1004 
     H169608  1 0.1485 0.0670 0.0586 0.0591 0.0644 0.3346 0.0827 0.0649 0.1203 
     H169633  1 0.1116 0.1898 0.1315 0.1460 0.1022 0.0735 0.0538 0.1074 0.0841 
     H169688  1 0.1033 0.1356 0.0697 0.0784 0.1380 0.0569 0.2343 0.1417 0.0422 
     H169714  1 0.0985 0.0669 0.1190 0.1186 0.1080 0.1184 0.1650 0.1026 0.1029 
     H171802  1 0.1189 0.0949 0.1302 0.0906 0.0813 0.1433 0.1018 0.0881 0.1510 
     H171805  1 0.1380 0.1100 0.1350 0.1059 0.1249 0.0635 0.1145 0.1504 0.0577 
     H171807  1 0.0964 0.0899 0.0816 0.1418 0.1171 0.1335 0.0707 0.1126 0.1563 
     H171814  1 0.1307 0.0688 0.1778 0.1667 0.1478 0.0935 0.0609 0.1196 0.0343 
     H171816  1 0.1212 0.0990 0.1229 0.1054 0.1046 0.1175 0.1279 0.1099 0.0916 
     H171817  1 0.1022 0.0713 0.1180 0.1624 0.1026 0.1113 0.1150 0.1172 0.0999 
     H171818  1 0.0878 0.1164 0.1088 0.1165 0.1191 0.0712 0.1366 0.1246 0.1190 
     H171819  1 0.1126 0.0709 0.1979 0.1585 0.1088 0.0843 0.0677 0.1133 0.0860 
     H171834  1 0.1322 0.0876 0.0947 0.1677 0.1185 0.1386 0.0796 0.1166 0.0645 
     H171835  1 0.1110 0.0644 0.0987 0.0881 0.0537 0.1286 0.2993 0.0570 0.0991 
     H171836  1 0.1366 0.1208 0.1845 0.1245 0.1346 0.0731 0.0491 0.1398 0.0370 
     H171837  1 0.1125 0.1499 0.0946 0.0934 0.1006 0.1125 0.0933 0.0931 0.1500 
     H171838  1 0.1311 0.0625 0.1866 0.1617 0.1237 0.0720 0.0852 0.1358 0.0414 
     H171839  1 0.1217 0.0991 0.1200 0.1152 0.0954 0.1228 0.1106 0.0930 0.1221 
     H171841  1 0.0603 0.0737 0.0626 0.0534 0.0713 0.2367 0.0951 0.0757 0.2712 
     H171860  1 0.1290 0.1201 0.1056 0.1343 0.1077 0.1272 0.0510 0.1035 0.1217 
     H171861  1 0.1347 0.1204 0.1326 0.1674 0.1322 0.0832 0.0492 0.1312 0.0491 
     H171862  1 0.1156 0.0643 0.0973 0.1391 0.1561 0.1268 0.0612 0.1613 0.0782 
     H171868  1 0.0991 0.1790 0.0852 0.1242 0.0989 0.1259 0.0561 0.0887 0.1430 
     H171869  1 0.1130 0.1080 0.1073 0.0844 0.1611 0.0679 0.1336 0.1715 0.0531 
     H171870  1 0.0944 0.0982 0.0662 0.0914 0.1250 0.0875 0.2356 0.1192 0.0824 
     H171871  1 0.1292 0.0702 0.1296 0.1300 0.1548 0.1050 0.0797 0.1573 0.0442 
     H171872  1 0.1355 0.0763 0.1058 0.1166 0.0952 0.1459 0.0745 0.0999 0.1502 
     H171873  1 0.0962 0.1227 0.0965 0.0916 0.1356 0.0786 0.1937 0.1255 0.0597 
     H171874  1 0.1324 0.0902 0.1151 0.1502 0.1531 0.0979 0.0638 0.1427 0.0546 
     H171875  1 0.1220 0.1360 0.1431 0.1179 0.1509 0.0726 0.0365 0.1388 0.0823 
     H171876  1 0.1139 0.1454 0.1263 0.1241 0.1217 0.0885 0.0463 0.1413 0.0925 
     H171877  1 0.0656 0.3601 0.0508 0.0560 0.0551 0.0472 0.0620 0.0459 0.2573 
     H171878  1 0.0648 0.1242 0.0863 0.0821 0.1203 0.0657 0.2960 0.1068 0.0538 
     H171901  1 0.1197 0.1670 0.1149 0.0597 0.0808 0.1138 0.1601 0.0757 0.1083 
     H171902  1 0.1025 0.0737 0.0886 0.1179 0.1423 0.1130 0.0575 0.1736 0.1308 
     H171903  1 0.1552 0.0858 0.1107 0.1229 0.1189 0.1164 0.0839 0.1384 0.0676 
     H171935  1 0.0779 0.0582 0.0825 0.1158 0.1163 0.1009 0.2456 0.1214 0.0815 
     H171936  1 0.1078 0.1686 0.1715 0.1190 0.0863 0.0820 0.0603 0.1067 0.0978 
     H171940  1 0.0641 0.1702 0.0682 0.1087 0.1166 0.0796 0.0674 0.1012 0.2238 
     H171945  1 0.1059 0.1155 0.0987 0.0838 0.1405 0.1231 0.0804 0.1367 0.1154 
     H171948  1 0.1230 0.0561 0.1093 0.1364 0.0968 0.1674 0.0675 0.1047 0.1387 
     H171949  1 0.0581 0.0898 0.0514 0.1260 0.0803 0.1522 0.1485 0.0824 0.2114 
     H171950  1 0.0939 0.0813 0.0814 0.0720 0.0720 0.1520 0.2510 0.0675 0.1289 
     H171963  1 0.1056 0.0802 0.1063 0.1088 0.1172 0.0597 0.2554 0.1241 0.0427 
     H171964  1 0.1109 0.0502 0.0863 0.1812 0.1924 0.0705 0.0573 0.1898 0.0615 
     H171966  1 0.0989 0.0671 0.1273 0.1349 0.1182 0.0780 0.1831 0.1283 0.0642 
     H171968  1 0.1094 0.0985 0.0875 0.0930 0.1431 0.1362 0.0761 0.1227 0.1336 
     H171971  1 0.0977 0.1007 0.1275 0.1373 0.1235 0.0667 0.1790 0.1200 0.0476 
     H171972  1 0.1743 0.0941 0.1327 0.1388 0.1269 0.0921 0.0481 0.1493 0.0437 
     H171977  1 0.0923 0.1296 0.1058 0.1099 0.1461 0.0696 0.0826 0.1641 0.1000 
     H171978  1 0.0959 0.0766 0.1011 0.1022 0.1507 0.1036 0.1468 0.1219 0.1012 
     H171979  1 0.1287 0.0725 0.1283 0.1764 0.1460 0.0799 0.0694 0.1552 0.0437 
        H176  1 0.1173 0.1025 0.1162 0.1117 0.0963 0.2022 0.0474 0.0957 0.1107 
        H177  1 0.1203 0.1217 0.0738 0.0596 0.0759 0.1676 0.1365 0.0713 0.1731 
        H179  1 0.0651 0.1942 0.0779 0.0804 0.0756 0.1136 0.0745 0.0562 0.2624 
        H181  1 0.0989 0.0638 0.1107 0.1808 0.1548 0.0835 0.0729 0.1653 0.0693 
        H182  1 0.1769 0.0948 0.1599 0.1023 0.1361 0.0959 0.0602 0.1332 0.0406 
        H183  1 0.0793 0.1087 0.0990 0.1212 0.1820 0.0898 0.0674 0.1849 0.0676 
        H184  1 0.1020 0.0709 0.1111 0.1119 0.0956 0.1345 0.0560 0.0978 0.2203 
        H185  1 0.1126 0.1214 0.1420 0.1243 0.1230 0.0749 0.0674 0.1347 0.0999 
        H186  1 0.0963 0.0880 0.0858 0.0782 0.1617 0.1031 0.0977 0.2007 0.0887 
        H187  1 0.1186 0.1597 0.1096 0.0655 0.0955 0.0873 0.1740 0.1114 0.0784 
        H188  1 0.0674 0.2954 0.0579 0.0721 0.0526 0.0668 0.0577 0.0536 0.2766 
        H192  1 0.0929 0.0659 0.0997 0.1214 0.1042 0.1073 0.1601 0.0841 0.1644 
        H193  1 0.1411 0.0877 0.1268 0.0909 0.1669 0.1169 0.0594 0.1551 0.0550 
        H194  1 0.1270 0.0865 0.1125 0.1281 0.1117 0.1172 0.0972 0.1114 0.1086 
        H195  1 0.0861 0.1555 0.0853 0.0887 0.1562 0.0585 0.1924 0.1307 0.0467 
        H199  1 0.1156 0.1138 0.0966 0.1002 0.1754 0.0944 0.0601 0.1744 0.0696 
        H200  1 0.1226 0.1235 0.0904 0.1094 0.1063 0.1237 0.0690 0.1040 0.1511 
        H414  1 0.1367 0.1096 0.1251 0.1012 0.1261 0.1294 0.0941 0.1370 0.0408 
        H415  1 0.1665 0.0828 0.1622 0.1433 0.1245 0.1038 0.0432 0.1104 0.0633 
        H422  1 0.0952 0.0777 0.1000 0.1092 0.1542 0.1383 0.0538 0.1659 0.1058 
        H423  1 0.0438 0.0401 0.0494 0.0529 0.0473 0.2922 0.0596 0.0520 0.3627 
        H424  1 0.1067 0.0894 0.1061 0.1259 0.2114 0.0743 0.0629 0.1676 0.0558 
        H425  1 0.0897 0.1096 0.0931 0.0740 0.2256 0.0649 0.0737 0.2133 0.0562 
        H426  1 0.1162 0.0789 0.0817 0.1169 0.1994 0.0725 0.0749 0.2109 0.0485 
        H443  1 0.0882 0.0967 0.0582 0.0819 0.2427 0.0793 0.0370 0.2063 0.1097 
        H466  1 0.0943 0.0809 0.0878 0.1119 0.1410 0.1002 0.1683 0.1200 0.0954 
        H467  1 0.0690 0.0547 0.0807 0.1049 0.0797 0.0826 0.3256 0.0950 0.1078 
        H472  1 0.0830 0.1775 0.0807 0.1140 0.1137 0.0902 0.0958 0.1147 0.1305 
        H483  1 0.0785 0.1080 0.1014 0.1649 0.1266 0.1036 0.0515 0.1527 0.1129 
        H504  1 0.1035 0.1008 0.1147 0.1324 0.1838 0.0731 0.0563 0.1824 0.0529 
        H505  1 0.0835 0.1862 0.0707 0.0795 0.0963 0.0877 0.1111 0.1221 0.1630 
        H506  1 0.1344 0.0960 0.1184 0.1223 0.1360 0.1334 0.0607 0.1210 0.0778 
        H507  1 0.1281 0.1309 0.1415 0.1036 0.1471 0.0568 0.0939 0.1390 0.0592 
        H508  1 0.0823 0.0607 0.0965 0.0909 0.1057 0.0810 0.2734 0.1205 0.0891 
        H524  1 0.1388 0.1950 0.1176 0.1023 0.1140 0.0916 0.0748 0.1002 0.0657 
        H525  1 0.1523 0.1070 0.0911 0.1246 0.1298 0.0855 0.0673 0.1403 0.1022 
        H526  1 0.0928 0.2281 0.0992 0.1081 0.0815 0.0737 0.0285 0.0766 0.2116 
        H527  1 0.1171 0.1308 0.0927 0.0925 0.1009 0.1106 0.1334 0.1114 0.1107 
        H528  1 0.1431 0.1004 0.1597 0.1673 0.1103 0.0830 0.0404 0.1360 0.0600 
        H529  1 0.1183 0.1320 0.1001 0.0891 0.1821 0.0619 0.0891 0.1595 0.0680 
        H533  1 0.1618 0.0903 0.1700 0.1039 0.1213 0.0990 0.1052 0.1173 0.0314 
        H538  1 0.1095 0.2166 0.0937 0.0994 0.0889 0.1017 0.0663 0.0900 0.1338 
        H539  1 0.1003 0.1305 0.0791 0.0632 0.0881 0.0630 0.3413 0.0917 0.0428 
        H540  1 0.1350 0.1172 0.1352 0.1019 0.1274 0.0871 0.0808 0.1277 0.0877 
        H541  1 0.1123 0.1736 0.0961 0.1079 0.0991 0.0796 0.0793 0.0989 0.1533 
        H558  1 0.1451 0.1015 0.1088 0.1128 0.1487 0.0790 0.0630 0.1814 0.0597 
        H559  1 0.1016 0.1005 0.1074 0.1329 0.1454 0.1288 0.0499 0.1238 0.1097 
        H579  1 0.2008 0.0939 0.1106 0.1334 0.1184 0.0759 0.0458 0.1262 0.0949 
        H584  1 0.0968 0.1411 0.0899 0.1265 0.1695 0.0837 0.0764 0.1547 0.0614 
        H585  1 0.0961 0.0779 0.1182 0.1184 0.1378 0.0712 0.1666 0.1420 0.0719 
        H605  1 0.0954 0.1229 0.0825 0.0914 0.1044 0.1550 0.0845 0.1016 0.1623 
        H606  1 0.0721 0.1099 0.0667 0.0715 0.0838 0.2289 0.0744 0.0675 0.2251 
        H632  1 0.1152 0.0880 0.1115 0.1497 0.1505 0.1005 0.0654 0.1658 0.0535 
        H634  1 0.0902 0.1864 0.0909 0.0951 0.1407 0.0804 0.0897 0.1455 0.0811 
        H671  1 0.0667 0.0653 0.0746 0.0748 0.0821 0.1878 0.1156 0.0761 0.2570 
        H672  1 0.1803 0.1475 0.1244 0.1225 0.0796 0.1226 0.0675 0.0871 0.0687 
        H673  1 0.0792 0.1723 0.0635 0.1075 0.1778 0.0629 0.0482 0.1629 0.1258 
        H689  1 0.0905 0.1590 0.0964 0.1299 0.1533 0.0678 0.0466 0.1540 0.1026 
        H690  1 0.1588 0.0709 0.0934 0.0606 0.0756 0.2412 0.0981 0.0703 0.1311 
        H691  1 0.1242 0.2003 0.0925 0.0923 0.0911 0.0826 0.0615 0.1110 0.1445 
        H692  1 0.1235 0.0820 0.1421 0.1139 0.2165 0.0713 0.0316 0.1774 0.0417 
        H709  1 0.1417 0.0892 0.1226 0.0962 0.1040 0.1783 0.0759 0.1374 0.0546 
        H710  1 0.1228 0.0846 0.1553 0.1595 0.1475 0.0893 0.0389 0.1634 0.0388 
       H7355  1 0.1265 0.1278 0.1725 0.1182 0.0858 0.1132 0.0543 0.0711 0.1305 
       H7356  1 0.1178 0.1196 0.1066 0.1106 0.1309 0.0871 0.0959 0.1430 0.0887 
       H7357  1 0.1109 0.1289 0.1071 0.0946 0.0969 0.1240 0.1010 0.1043 0.1325 
       H7358  1 0.0729 0.4320 0.0522 0.0777 0.0645 0.0562 0.0402 0.0834 0.1210 
       H7380  1 0.1353 0.0621 0.1232 0.1543 0.1395 0.1265 0.0554 0.1279 0.0757 
       H7381  1 0.0949 0.0855 0.0661 0.0968 0.1611 0.1046 0.1157 0.1632 0.1122 
       H7382  1 0.1200 0.1307 0.1207 0.1040 0.1574 0.1018 0.0719 0.1298 0.0638 
        H904  1 0.0674 0.0667 0.0475 0.0759 0.0600 0.2569 0.1293 0.0583 0.2380 
        H923  1 0.0827 0.2209 0.0976 0.0914 0.0942 0.0936 0.0914 0.1087 0.1194 
        H924  1 0.1007 0.1928 0.0763 0.0764 0.1080 0.1198 0.0633 0.1056 0.1571 
        H925  1 0.0780 0.3880 0.0509 0.0557 0.0603 0.0402 0.0477 0.0545 0.2249 
       H9558  1 0.1520 0.0994 0.1314 0.1058 0.1663 0.0723 0.0606 0.1584 0.0537 
        H008  2 0.1550 0.0968 0.1623 0.1333 0.1282 0.0834 0.0413 0.1169 0.0828 
        H021  2 0.1032 0.0924 0.0952 0.1366 0.0835 0.1180 0.1551 0.1000 0.1161 
        H023  2 0.0765 0.2348 0.0623 0.0723 0.0750 0.0833 0.1320 0.0703 0.1935 
        H024  2 0.1146 0.0586 0.2360 0.2142 0.1036 0.0719 0.0374 0.1092 0.0544 
        H025  2 0.0741 0.1133 0.0609 0.0887 0.1143 0.1476 0.0688 0.1177 0.2146 
        H026  2 0.1341 0.0550 0.1102 0.1146 0.1935 0.0821 0.0435 0.2234 0.0436 
        H027  2 0.1612 0.1490 0.1221 0.1172 0.0967 0.0931 0.0911 0.0915 0.0780 
        H028  2 0.0974 0.0848 0.1025 0.1461 0.1654 0.0872 0.0517 0.1696 0.0955 
        H029  2 0.1007 0.1368 0.1791 0.1813 0.1175 0.0558 0.0604 0.1024 0.0660 
        H030  2 0.1726 0.0636 0.1534 0.1791 0.1238 0.0803 0.0500 0.1406 0.0366 
        H038  2 0.0712 0.0908 0.0501 0.0622 0.0752 0.0594 0.4298 0.0690 0.0923 
        H039  2 0.0337 0.0326 0.0335 0.0271 0.0296 0.3561 0.0455 0.0311 0.4108 
        H040  2 0.0891 0.0638 0.0776 0.0609 0.0652 0.0928 0.3914 0.0727 0.0865 
        H041  2 0.1109 0.1321 0.1601 0.1456 0.0875 0.0725 0.0394 0.0906 0.1612 
        H042  2 0.0995 0.1501 0.0905 0.1100 0.1130 0.0839 0.0680 0.1092 0.1758 
        H043  2 0.0649 0.0948 0.0648 0.0410 0.0690 0.1156 0.3689 0.0712 0.1097 
        H044  2 0.1534 0.0896 0.1715 0.1222 0.1322 0.0709 0.0825 0.1365 0.0412 
        H047  2 0.1044 0.0798 0.1206 0.1099 0.1082 0.1480 0.0747 0.1296 0.1248 
        H050  2 0.1745 0.1264 0.1528 0.1401 0.0959 0.1222 0.0608 0.0906 0.0367 
        H058  2 0.0765 0.0805 0.1097 0.0792 0.1167 0.0715 0.2725 0.1208 0.0726 
        H062  2 0.0759 0.2652 0.0463 0.0598 0.0724 0.0815 0.0750 0.0578 0.2660 
        H063  2 0.0965 0.1094 0.1095 0.0744 0.0758 0.1277 0.1970 0.0777 0.1319 
        H065  2 0.0722 0.1172 0.0622 0.0738 0.2186 0.0941 0.0497 0.2008 0.1114 
        H066  2 0.1060 0.0667 0.1993 0.1192 0.1085 0.0609 0.1745 0.1175 0.0473 
        H067  2 0.1040 0.1173 0.0788 0.1602 0.1213 0.0820 0.0849 0.1293 0.1224 
        H068  2 0.0674 0.1430 0.0843 0.0812 0.0899 0.0999 0.1697 0.0826 0.1820 
        H069  2 0.1176 0.2207 0.1036 0.0845 0.1032 0.0647 0.1255 0.1141 0.0662 
        H071  2 0.1317 0.0828 0.0910 0.0931 0.1318 0.1507 0.1001 0.1089 0.1099 
        H072  2 0.0591 0.0737 0.0724 0.0745 0.0679 0.2198 0.0930 0.0655 0.2741 
        H073  2 0.1084 0.1054 0.1037 0.1183 0.1631 0.0828 0.0921 0.1389 0.0873 
        H081  2 0.1172 0.1471 0.1013 0.0873 0.0768 0.1139 0.0438 0.0802 0.2324 
        H082  2 0.1432 0.1164 0.1271 0.1467 0.1236 0.0837 0.0744 0.1413 0.0437 
        H083  2 0.1557 0.0887 0.1045 0.1460 0.1569 0.0922 0.0598 0.1448 0.0514 
        H084  2 0.1096 0.0824 0.1329 0.1088 0.1036 0.0852 0.2142 0.0982 0.0652 
        H085  2 0.1513 0.1663 0.1116 0.1006 0.0733 0.1252 0.0342 0.0754 0.1620 
        H087  2 0.1059 0.1499 0.0840 0.1521 0.0744 0.0934 0.0489 0.0730 0.2184 
        H088  2 0.1135 0.1157 0.1039 0.0885 0.1108 0.1407 0.0955 0.0935 0.1378 
        H089  2 0.1042 0.3040 0.0848 0.0713 0.0913 0.0585 0.0726 0.0926 0.1206 
        H090  2 0.1892 0.1117 0.1355 0.1847 0.0803 0.1232 0.0364 0.0887 0.0502 
        H091  2 0.2220 0.0791 0.1607 0.1913 0.0619 0.1253 0.0371 0.0685 0.0541 
        H098  2 0.1013 0.0817 0.2163 0.1572 0.0974 0.0757 0.0620 0.1098 0.0986 
      H10001  2 0.0372 0.0339 0.0311 0.0288 0.0291 0.3541 0.0443 0.0265 0.4150 
      H10002  2 0.1387 0.1076 0.0886 0.0733 0.0802 0.1679 0.1071 0.0892 0.1474 
        H101  2 0.1855 0.1325 0.1317 0.1319 0.0773 0.1342 0.0883 0.0848 0.0339 
        H108  2 0.0553 0.1107 0.0447 0.0826 0.0652 0.1754 0.0474 0.0680 0.3506 
        H109  2 0.0988 0.0738 0.1802 0.0950 0.0926 0.1094 0.1743 0.1031 0.0727 
        H110  2 0.1770 0.0707 0.1467 0.1400 0.1010 0.1233 0.0402 0.1093 0.0918 
        H116  2 0.1127 0.0618 0.1519 0.1295 0.1531 0.0839 0.0878 0.1681 0.0512 
        H117  2 0.1569 0.0542 0.2008 0.2697 0.0700 0.0896 0.0422 0.0584 0.0584 
        H118  2 0.1611 0.0701 0.1287 0.1862 0.1174 0.1035 0.0249 0.1090 0.0993 
        H119  2 0.1254 0.0500 0.1551 0.1567 0.1080 0.1010 0.1131 0.0966 0.0942 
        H120  2 0.0542 0.1128 0.0466 0.0546 0.0482 0.2344 0.0532 0.0475 0.3484 
        H121  2 0.1999 0.1885 0.1317 0.1493 0.0650 0.1046 0.0279 0.0662 0.0668 
        H125  2 0.0432 0.0382 0.0437 0.0391 0.0411 0.2521 0.1777 0.0423 0.3226 
        H126  2 0.0949 0.0654 0.1136 0.0984 0.1803 0.1007 0.0359 0.2072 0.1037 
        H128  2 0.2228 0.0865 0.1511 0.2166 0.0785 0.1202 0.0238 0.0786 0.0218 
        H129  2 0.1036 0.0650 0.0921 0.1269 0.2021 0.0670 0.0960 0.2062 0.0411 
        H130  2 0.0997 0.0787 0.0763 0.0984 0.1344 0.1632 0.0733 0.1357 0.1404 
        H133  2 0.0678 0.0544 0.0640 0.0694 0.0818 0.2264 0.0807 0.0727 0.2829 
        H134  2 0.0980 0.0496 0.0962 0.0779 0.2807 0.0688 0.0323 0.2543 0.0421 
        H135  2 0.1166 0.1104 0.1142 0.1061 0.1141 0.1361 0.0566 0.1069 0.1390 
        H137  2 0.1290 0.0656 0.1628 0.1888 0.0794 0.0972 0.1128 0.0925 0.0717 
        H138  2 0.1570 0.0572 0.1005 0.1365 0.1863 0.0937 0.0546 0.1735 0.0408 
        H140  2 0.1696 0.0660 0.1259 0.1701 0.0885 0.1310 0.0408 0.1049 0.1033 
        H146  2 0.2169 0.0431 0.1508 0.2096 0.0686 0.1457 0.0336 0.0678 0.0640 
        H147  2 0.1871 0.0722 0.1684 0.1371 0.1169 0.0845 0.0505 0.1019 0.0815 
        H148  2 0.1456 0.0798 0.1612 0.1468 0.0762 0.1491 0.0616 0.1011 0.0786 
     H166022  2 0.1432 0.0816 0.2029 0.1542 0.1170 0.0672 0.0714 0.1187 0.0439 
     H167359  2 0.1193 0.1019 0.1265 0.1053 0.1630 0.0963 0.0623 0.1423 0.0831 
     H167397  2 0.1519 0.0443 0.2963 0.1539 0.1013 0.0830 0.0390 0.1026 0.0277 
     H167428  2 0.0634 0.3596 0.0613 0.0864 0.0792 0.0407 0.0245 0.0916 0.1932 
     H167496  2 0.0672 0.0783 0.0793 0.0808 0.0634 0.1733 0.0889 0.0673 0.3016 
     H167513  2 0.0466 0.0711 0.1163 0.0681 0.0665 0.0591 0.4706 0.0609 0.0408 
     H167545  2 0.1467 0.1408 0.1016 0.1110 0.1232 0.0680 0.0953 0.1478 0.0655 
     H167547  2 0.1146 0.0271 0.3375 0.2617 0.0749 0.0461 0.0507 0.0628 0.0246 
     H169621  2 0.1667 0.0811 0.1607 0.1579 0.1189 0.1008 0.0483 0.1186 0.0470 
     H169622  2 0.1186 0.1590 0.1302 0.0817 0.1426 0.0653 0.0977 0.1353 0.0695 
     H169750  2 0.1079 0.0829 0.1118 0.1133 0.1340 0.0973 0.1434 0.1223 0.0871 
     H171806  2 0.1565 0.1062 0.1229 0.1406 0.0850 0.1339 0.0760 0.0767 0.1022 
     H171808  2 0.0981 0.2826 0.0678 0.0783 0.1067 0.0979 0.0753 0.1027 0.0907 
     H171809  2 0.1062 0.1298 0.0941 0.1206 0.1042 0.1427 0.0590 0.1021 0.1413 
     H171813  2 0.1263 0.0723 0.1134 0.1212 0.1102 0.0881 0.1821 0.1203 0.0660 
     H171815  2 0.0595 0.0847 0.0547 0.0563 0.0826 0.1549 0.2341 0.0737 0.1996 
     H171824  2 0.1099 0.1042 0.1053 0.1418 0.0822 0.1158 0.0870 0.0760 0.1778 
     H171825  2 0.1289 0.1421 0.1040 0.0948 0.1696 0.0668 0.0579 0.1584 0.0775 
     H171826  2 0.0812 0.0876 0.1319 0.1424 0.1118 0.1211 0.1003 0.1097 0.1139 
     H171827  2 0.1577 0.0703 0.0975 0.0882 0.1011 0.1151 0.2098 0.1157 0.0444 
     H171828  2 0.0611 0.0735 0.0612 0.0590 0.0447 0.2239 0.0909 0.0417 0.3442 
     H171829  2 0.0924 0.0891 0.1470 0.0908 0.1339 0.0867 0.1311 0.1540 0.0750 
     H171830  2 0.1208 0.0830 0.1955 0.1164 0.1165 0.0823 0.0925 0.0949 0.0980 
     H171831  2 0.1142 0.1037 0.1138 0.1270 0.1912 0.0666 0.0768 0.1583 0.0484 
     H171832  2 0.1672 0.0740 0.1138 0.1341 0.1262 0.0928 0.0479 0.1478 0.0962 
     H171863  2 0.1102 0.1338 0.1023 0.1071 0.1775 0.0602 0.0612 0.2124 0.0352 
     H171864  2 0.0931 0.1474 0.1702 0.1164 0.0925 0.0945 0.1023 0.0919 0.0916 
     H171865  2 0.0614 0.0900 0.0856 0.0754 0.0985 0.1541 0.1372 0.0744 0.2233 
     H171879  2 0.1367 0.0571 0.1588 0.1815 0.1185 0.0940 0.0561 0.1298 0.0675 
     H171880  2 0.1388 0.0574 0.2214 0.1835 0.0890 0.1150 0.0699 0.0853 0.0397 
     H171881  2 0.0983 0.1047 0.1092 0.1574 0.1192 0.0958 0.0854 0.1449 0.0852 
     H171882  2 0.0389 0.0358 0.0319 0.0346 0.0349 0.3200 0.0534 0.0369 0.4136 
     H171929  2 0.1254 0.1236 0.1130 0.1360 0.1265 0.0780 0.0557 0.1288 0.1129 
     H171930  2 0.1357 0.1347 0.2118 0.0964 0.1213 0.0700 0.0637 0.1265 0.0400 
     H171933  2 0.1331 0.1005 0.1418 0.1592 0.1281 0.0875 0.0774 0.1155 0.0569 
     H171934  2 0.1161 0.1751 0.0750 0.1048 0.0894 0.0999 0.0927 0.0861 0.1608 
     H171937  2 0.1132 0.0818 0.1008 0.1086 0.1885 0.0934 0.0456 0.2060 0.0622 
     H171962  2 0.0953 0.1635 0.0789 0.1289 0.1274 0.0712 0.0545 0.1343 0.1459 
        H190  2 0.1188 0.1031 0.0937 0.1247 0.1594 0.0814 0.1135 0.1335 0.0718 
        H191  2 0.0757 0.1041 0.1126 0.1379 0.1214 0.0806 0.1214 0.1228 0.1235 
        H396  2 0.0807 0.2763 0.0453 0.0696 0.0661 0.0653 0.0609 0.0682 0.2677 
        H397  2 0.1358 0.1381 0.1034 0.1265 0.1147 0.0995 0.0782 0.1319 0.0719 
        H398  2 0.0645 0.1868 0.0638 0.0749 0.1623 0.0855 0.0790 0.1512 0.1321 
        H400  2 0.0924 0.3038 0.0670 0.0614 0.0863 0.0917 0.0524 0.0898 0.1552 
        H401  2 0.1028 0.0388 0.3427 0.2977 0.0593 0.0352 0.0329 0.0595 0.0310 
        H402  2 0.1219 0.0923 0.1480 0.1301 0.1091 0.0722 0.1614 0.1157 0.0493 
        H427  2 0.1055 0.1728 0.1102 0.0893 0.1005 0.0740 0.0544 0.0875 0.2059 
        H428  2 0.0616 0.3669 0.0705 0.0882 0.0748 0.0388 0.0238 0.0885 0.1869 
        H497  2 0.0632 0.0885 0.0705 0.0614 0.0776 0.0971 0.3862 0.0733 0.0822 
        H512  2 0.1179 0.0618 0.2127 0.1357 0.1161 0.0829 0.1116 0.1017 0.0595 
        H513  2 0.0615 0.0730 0.1064 0.0658 0.0554 0.0529 0.4797 0.0628 0.0425 
        H514  2 0.1587 0.1151 0.1000 0.0996 0.1388 0.0870 0.1046 0.1521 0.0442 
        H519  2 0.0720 0.0664 0.1345 0.0840 0.0689 0.0596 0.3965 0.0735 0.0447 
        H532  2 0.1072 0.2430 0.0919 0.0943 0.0827 0.0644 0.0480 0.0848 0.1837 
        H543  2 0.1523 0.1104 0.1547 0.1149 0.1299 0.0956 0.0746 0.1247 0.0429 
        H544  2 0.1089 0.1558 0.0668 0.1075 0.1491 0.0976 0.0612 0.1549 0.0983 
        H545  2 0.1545 0.1331 0.1089 0.1033 0.1418 0.0616 0.0753 0.1637 0.0578 
        H546  2 0.0510 0.0899 0.0435 0.0943 0.1002 0.1514 0.1602 0.0940 0.2155 
        H547  2 0.1123 0.0331 0.3434 0.2478 0.0689 0.0485 0.0490 0.0731 0.0240 
        H548  2 0.1256 0.2315 0.1182 0.0974 0.0993 0.0713 0.0687 0.0971 0.0908 
        H549  2 0.0462 0.1038 0.0389 0.0408 0.0401 0.0357 0.6209 0.0394 0.0342 
        H620  2 0.0416 0.0509 0.0371 0.0417 0.0544 0.2784 0.0678 0.0412 0.3870 
        H623  2 0.1200 0.0653 0.0987 0.1390 0.1580 0.0759 0.0623 0.2103 0.0705 
        H624  2 0.0898 0.1278 0.0752 0.0628 0.0933 0.1078 0.2441 0.1112 0.0881 
        H625  2 0.0864 0.2477 0.0743 0.0730 0.0983 0.0577 0.0719 0.1000 0.1907 
        H626  2 0.1254 0.1198 0.1456 0.0884 0.1089 0.0658 0.1908 0.0895 0.0658 
        H654  2 0.0455 0.0547 0.0344 0.0382 0.0476 0.1627 0.3537 0.0456 0.2175 
        H655  2 0.1613 0.1344 0.1055 0.0727 0.0849 0.1533 0.1013 0.1017 0.0848 
        H656  2 0.0389 0.0601 0.0382 0.0372 0.0456 0.2972 0.0379 0.0383 0.4065 
        H666  2 0.0815 0.0338 0.0574 0.0710 0.0470 0.2889 0.0591 0.0454 0.3160 
        H667  2 0.1952 0.0870 0.1184 0.1047 0.0815 0.0999 0.1278 0.1079 0.0776 
        H677  2 0.1357 0.1179 0.1190 0.1224 0.1120 0.1115 0.0656 0.1173 0.0987 
        H693  2 0.0520 0.2155 0.0421 0.0772 0.0509 0.1220 0.0689 0.0596 0.3120 
        H694  2 0.1174 0.0836 0.1214 0.1284 0.1557 0.1004 0.0426 0.1510 0.0996 
        H701  2 0.1416 0.1054 0.1372 0.1165 0.1630 0.0803 0.0653 0.1382 0.0525 
        H702  2 0.1121 0.0829 0.1454 0.1163 0.1123 0.0898 0.1749 0.1010 0.0652 
        H731  2 0.1538 0.0940 0.0938 0.1012 0.0876 0.1630 0.0673 0.1013 0.1380 
       H7359  2 0.1118 0.1134 0.1224 0.1119 0.1480 0.1099 0.0590 0.1478 0.0759 
       H7389  2 0.1099 0.1555 0.1278 0.1266 0.0825 0.0604 0.1171 0.0786 0.1416 
       H7390  2 0.0845 0.0657 0.0762 0.0839 0.0665 0.0975 0.3491 0.0861 0.0906 
       H7391  2 0.0922 0.2091 0.1098 0.1401 0.0627 0.0565 0.0471 0.0610 0.2214 
       H7392  2 0.1086 0.1065 0.0937 0.1274 0.1273 0.0907 0.1250 0.1300 0.0909 
       H7393  2 0.1007 0.0837 0.1130 0.0980 0.0928 0.1139 0.1967 0.0841 0.1171 
       H7398  2 0.1316 0.0930 0.1523 0.1521 0.0872 0.0906 0.0502 0.0731 0.1699 
       H7399  2 0.1841 0.0787 0.1172 0.1186 0.1364 0.0969 0.0790 0.1296 0.0595 
       H7400  2 0.0385 0.0520 0.0296 0.0351 0.0410 0.2940 0.0716 0.0398 0.3984 
        H745  2 0.0920 0.0751 0.1062 0.0873 0.2422 0.0634 0.0688 0.2287 0.0364 
        H746  2 0.1734 0.0788 0.1186 0.0896 0.1139 0.1037 0.1196 0.1420 0.0604 
        H747  2 0.0893 0.0788 0.1003 0.0750 0.0772 0.1747 0.1582 0.0754 0.1712 
        H748  2 0.1500 0.0838 0.1621 0.1028 0.1072 0.1091 0.1235 0.1062 0.0554 
       H7484  2 0.0573 0.0469 0.0619 0.0765 0.0621 0.2495 0.0546 0.0519 0.3393 
       H7485  2 0.0906 0.0885 0.0879 0.0792 0.1049 0.0624 0.3282 0.1004 0.0579 
        H749  2 0.1477 0.1781 0.1023 0.0807 0.1130 0.0588 0.1520 0.1176 0.0497 
        H930  2 0.1425 0.1319 0.1776 0.1036 0.1225 0.0914 0.0729 0.1194 0.0379 
        H931  2 0.0869 0.1598 0.1093 0.1271 0.1178 0.0849 0.0444 0.1396 0.1302 
        H932  2 0.1236 0.0627 0.1714 0.1537 0.1316 0.0887 0.0877 0.1017 0.0788 
        H111  3 0.1282 0.0494 0.1306 0.1101 0.1939 0.0721 0.0918 0.1837 0.0402 
        H951  3 0.1218 0.1072 0.1825 0.1083 0.1383 0.0706 0.0702 0.1375 0.0638 
        H952  3 0.1434 0.0894 0.1191 0.1157 0.1247 0.1153 0.0949 0.1246 0.0729 
        H953  3 0.0963 0.2552 0.1181 0.1398 0.0564 0.0420 0.0473 0.0593 0.1857 
        H954  3 0.0772 0.0863 0.0804 0.0698 0.0824 0.1609 0.1635 0.0903 0.1891 
        H955  3 0.1408 0.1102 0.1559 0.0823 0.1540 0.0808 0.0678 0.1726 0.0357 
        H956  3 0.1863 0.0824 0.1430 0.1331 0.0641 0.1529 0.1009 0.0748 0.0626 
       H9563  3 0.0835 0.1077 0.1339 0.1691 0.0931 0.1048 0.0642 0.0940 0.1497 
        H002  4 0.1097 0.0585 0.0621 0.0958 0.1348 0.2032 0.0941 0.0976 0.1443 
        H003  4 0.1852 0.0807 0.1088 0.0931 0.1342 0.0943 0.0684 0.1493 0.0860 
        H009  4 0.1788 0.0759 0.0875 0.1401 0.1112 0.0696 0.1408 0.1318 0.0644 
        H010  4 0.1031 0.1041 0.1033 0.1596 0.1342 0.1085 0.0742 0.1335 0.0795 
        H011  4 0.0537 0.1305 0.0479 0.0997 0.0595 0.1469 0.1327 0.0779 0.2513 
        H012  4 0.1676 0.0899 0.1519 0.1345 0.1090 0.1054 0.0513 0.1092 0.0813 
        H013  4 0.1186 0.1289 0.0839 0.0971 0.1165 0.1009 0.0850 0.1045 0.1647 
        H014  4 0.1171 0.0642 0.0970 0.2094 0.1336 0.1071 0.0829 0.1280 0.0607 
        H045  4 0.0585 0.2228 0.0917 0.0917 0.0538 0.0700 0.0801 0.0642 0.2671 
        H046  4 0.1224 0.1099 0.0991 0.0995 0.1783 0.0823 0.0567 0.1785 0.0733 
        H051  4 0.0856 0.1226 0.0861 0.0914 0.0939 0.1360 0.0678 0.0918 0.2248 
        H052  4 0.0746 0.0809 0.0683 0.0684 0.1020 0.2030 0.0500 0.0941 0.2587 
        H053  4 0.1146 0.0839 0.1313 0.1101 0.1127 0.1198 0.1352 0.1174 0.0749 
        H056  4 0.0554 0.0793 0.0709 0.0869 0.0995 0.1907 0.0926 0.0805 0.2443 
        H076  4 0.1041 0.0565 0.1316 0.1689 0.1707 0.0653 0.0640 0.1830 0.0558 
        H151  4 0.0789 0.0857 0.0644 0.0744 0.0771 0.1372 0.2747 0.1032 0.1044 
        H152  4 0.0834 0.0996 0.0692 0.0796 0.1086 0.2109 0.0501 0.1301 0.1685 
     H171803  4 0.0975 0.0748 0.0587 0.0553 0.0576 0.0707 0.4591 0.0621 0.0642 
     H171804  4 0.0982 0.0875 0.1105 0.0833 0.0941 0.1066 0.2055 0.0950 0.1192 
     H171833  4 0.0967 0.0692 0.1064 0.1421 0.2063 0.0687 0.0862 0.1739 0.0506 
     H171855  4 0.0583 0.0367 0.0615 0.0666 0.0867 0.1276 0.2993 0.1065 0.1568 
     H171856  4 0.0987 0.0722 0.0885 0.0794 0.0773 0.0851 0.3691 0.0755 0.0542 
     H171857  4 0.0878 0.0619 0.1084 0.1068 0.1095 0.1076 0.1746 0.1043 0.1392 
     H171858  4 0.1284 0.0814 0.1036 0.1389 0.1052 0.1709 0.0496 0.1165 0.1055 
     H171859  4 0.1099 0.0787 0.1083 0.1224 0.1204 0.1226 0.0887 0.1493 0.0997 
     H171961  4 0.0768 0.1438 0.0812 0.0980 0.0894 0.1205 0.1168 0.0832 0.1903 
        H198  4 0.1391 0.0823 0.1265 0.1506 0.1566 0.0760 0.0396 0.1843 0.0450 
      H20001  4 0.0954 0.0791 0.0943 0.1010 0.1412 0.0549 0.2525 0.1490 0.0325 
        H403  4 0.0869 0.0641 0.1181 0.1064 0.1223 0.0782 0.2283 0.1192 0.0764 
        H404  4 0.1428 0.1443 0.0995 0.1002 0.1361 0.1211 0.0500 0.1307 0.0754 
        H405  4 0.1539 0.0944 0.1276 0.0867 0.1724 0.0857 0.0689 0.1388 0.0717 
        H406  4 0.0925 0.0420 0.2371 0.2103 0.0832 0.0588 0.0751 0.1326 0.0684 
        H407  4 0.1309 0.1054 0.1244 0.1510 0.0785 0.0877 0.1439 0.0865 0.0917 
        H410  4 0.1016 0.0552 0.3173 0.2815 0.0499 0.0394 0.0373 0.0502 0.0677 
        H411  4 0.1126 0.0522 0.1865 0.1248 0.1507 0.1162 0.0810 0.1401 0.0358 
        H468  4 0.0818 0.0786 0.0965 0.0916 0.1318 0.0648 0.2743 0.1355 0.0451 
        H476  4 0.1269 0.1231 0.1317 0.0827 0.1140 0.0984 0.1406 0.1049 0.0775 
        H477  4 0.1071 0.1070 0.1084 0.0839 0.1803 0.0616 0.1161 0.1995 0.0361 
        H478  4 0.1559 0.1173 0.1119 0.1041 0.0949 0.0905 0.1711 0.0970 0.0574 
        H479  4 0.0912 0.1182 0.0714 0.0663 0.1115 0.1377 0.0525 0.1014 0.2497 
        H480  4 0.1660 0.0732 0.1509 0.1033 0.1319 0.0988 0.1136 0.1282 0.0342 
        H498  4 0.1452 0.0825 0.1094 0.1177 0.1483 0.1047 0.0645 0.1567 0.0710 
        H499  4 0.1138 0.1696 0.0831 0.0847 0.1169 0.0931 0.1168 0.1175 0.1045 
        H500  4 0.1217 0.1115 0.0979 0.0605 0.0825 0.1239 0.1738 0.0648 0.1633 
        H515  4 0.1148 0.0695 0.1348 0.1051 0.1061 0.1541 0.1231 0.1083 0.0842 
        H516  4 0.1288 0.0701 0.1351 0.1290 0.1201 0.1262 0.0969 0.1341 0.0598 
        H517  4 0.1088 0.0588 0.2211 0.2106 0.0911 0.0984 0.0586 0.0797 0.0731 
        H518  4 0.0858 0.0801 0.0813 0.0940 0.1152 0.1673 0.0668 0.1326 0.1769 
        H520  4 0.0895 0.0778 0.0976 0.0858 0.0975 0.1160 0.2319 0.1052 0.0987 
        H521  4 0.0917 0.1595 0.0790 0.1039 0.1239 0.0725 0.1341 0.1146 0.1208 
        H522  4 0.1120 0.0977 0.1014 0.0859 0.0816 0.0748 0.2906 0.0982 0.0578 
        H523  4 0.1563 0.0884 0.1435 0.1203 0.1008 0.1452 0.0763 0.0983 0.0709 
        H536  4 0.0927 0.1657 0.0789 0.0753 0.1785 0.0721 0.0704 0.1324 0.1340 
        H645  4 0.0570 0.3046 0.0482 0.0453 0.0550 0.0676 0.0706 0.0537 0.2979 
        H646  4 0.1683 0.0655 0.1275 0.1613 0.1089 0.1355 0.0565 0.1354 0.0409 
        H647  4 0.1056 0.1577 0.1261 0.0802 0.1293 0.0753 0.1349 0.1238 0.0670 
        H657  4 0.1330 0.0689 0.1957 0.1633 0.1227 0.0622 0.0862 0.1154 0.0526 
        H658  4 0.1498 0.1441 0.1366 0.0833 0.1015 0.1496 0.0769 0.0987 0.0596 
        H659  4 0.0600 0.0478 0.0519 0.0462 0.0506 0.0989 0.5072 0.0540 0.0835 
        H660  4 0.0936 0.1412 0.0764 0.0989 0.1128 0.1099 0.1680 0.1063 0.0930 
        H661  4 0.0743 0.0699 0.0678 0.1077 0.0784 0.0766 0.3798 0.0853 0.0602 
        H668  4 0.1463 0.0886 0.1035 0.1619 0.1146 0.1483 0.0442 0.1102 0.0823 
        H669  4 0.1063 0.0834 0.1100 0.1372 0.1125 0.1359 0.0972 0.1107 0.1068 
        H670  4 0.1261 0.1184 0.0565 0.1079 0.0711 0.2147 0.0435 0.0676 0.1941 
        H678  4 0.1148 0.0899 0.1721 0.0850 0.1063 0.0834 0.2095 0.0883 0.0507 
        H679  4 0.1375 0.1194 0.1553 0.1249 0.1464 0.0940 0.0550 0.1104 0.0568 
        H680  4 0.0633 0.0549 0.0977 0.0866 0.1338 0.0466 0.3355 0.1345 0.0471 
        H681  4 0.1222 0.1230 0.0922 0.0988 0.0862 0.1342 0.0827 0.1071 0.1536 
        H682  4 0.1468 0.0785 0.1804 0.1208 0.1122 0.1010 0.1083 0.1024 0.0494 
        H683  4 0.1024 0.0655 0.0979 0.0944 0.1083 0.1603 0.0931 0.1189 0.1592 
        H718  4 0.0708 0.0603 0.0570 0.0641 0.0614 0.2279 0.0611 0.0479 0.3495 
        H719  4 0.0645 0.2019 0.0630 0.1218 0.0850 0.0792 0.0954 0.0695 0.2196 
        H720  4 0.0567 0.1233 0.0557 0.0635 0.1055 0.1105 0.2771 0.0980 0.1097 
        H721  4 0.0860 0.0662 0.0605 0.0973 0.1523 0.1129 0.1803 0.1594 0.0853 
        H722  4 0.0884 0.0547 0.0750 0.0831 0.1489 0.1110 0.1606 0.1657 0.1126 
        H723  4 0.1107 0.0770 0.1134 0.1203 0.0813 0.1402 0.1000 0.0754 0.1817 
        H724  4 0.0678 0.0961 0.0774 0.0770 0.0540 0.1658 0.1655 0.0573 0.2392 
        H725  4 0.0596 0.0588 0.0636 0.0736 0.0805 0.1868 0.1665 0.0776 0.2330 
        H726  4 0.0805 0.0763 0.0946 0.1171 0.0981 0.1696 0.0765 0.1191 0.1682 
        H727  4 0.0908 0.1000 0.0962 0.1123 0.0900 0.1279 0.1330 0.0828 0.1670 
        H910  4 0.0954 0.0910 0.1170 0.1090 0.0947 0.1330 0.1258 0.0849 0.1493 
        H911  4 0.1174 0.0575 0.2115 0.2131 0.1090 0.0683 0.0548 0.1063 0.0621 
        H912  4 0.0950 0.0847 0.1439 0.1003 0.1334 0.0806 0.1429 0.1390 0.0804 
        H913  4 0.1673 0.1008 0.1370 0.0746 0.0863 0.1378 0.1292 0.0984 0.0686 
        H914  4 0.1069 0.1171 0.0918 0.0665 0.0780 0.1613 0.1561 0.0730 0.1492 
        H915  4 0.1340 0.0726 0.1797 0.1138 0.1096 0.0839 0.1346 0.1184 0.0534 
        H916  4 0.0946 0.0869 0.1615 0.0818 0.1297 0.0982 0.1704 0.1351 0.0417 
       H9572  4 0.0584 0.0526 0.0610 0.1398 0.0649 0.0731 0.4175 0.0722 0.0607 
        H015  5 0.1014 0.0882 0.1146 0.1783 0.1351 0.0667 0.0920 0.1553 0.0685 
        H016  5 0.0841 0.0885 0.0852 0.0988 0.2186 0.0721 0.0631 0.2417 0.0479 
        H017  5 0.1117 0.0663 0.0879 0.0783 0.1071 0.0886 0.3118 0.1167 0.0317 
        H019  5 0.1149 0.1035 0.0933 0.1386 0.1477 0.0908 0.0652 0.1329 0.1130 
        H020  5 0.0903 0.3368 0.0711 0.0621 0.0944 0.0849 0.0661 0.0817 0.1127 
        H032  5 0.1176 0.0657 0.1412 0.1098 0.1319 0.1268 0.0607 0.1294 0.1170 
        H033  5 0.1508 0.1142 0.1321 0.1116 0.1273 0.1038 0.0626 0.1228 0.0748 
        H034  5 0.1002 0.0638 0.0830 0.1537 0.0905 0.2006 0.0785 0.0861 0.1436 
        H035  5 0.1015 0.0986 0.1264 0.0958 0.1310 0.0871 0.1746 0.1161 0.0690 
        H036  5 0.0807 0.1589 0.1581 0.1181 0.1138 0.0880 0.0985 0.1188 0.0652 
        H037  5 0.1240 0.1285 0.1001 0.0768 0.1005 0.1173 0.1802 0.0854 0.0872 
        H048  5 0.0591 0.1404 0.0610 0.0674 0.0749 0.0956 0.2094 0.0668 0.2253 
        H049  5 0.1360 0.1272 0.1081 0.0949 0.1589 0.0710 0.0606 0.1685 0.0748 
        H054  5 0.1128 0.0556 0.1223 0.1500 0.1596 0.1052 0.0616 0.1394 0.0935 
        H055  5 0.1040 0.0786 0.0939 0.1508 0.1226 0.1410 0.0951 0.1085 0.1055 
        H057  5 0.0827 0.0702 0.0807 0.0846 0.2585 0.0788 0.0854 0.2025 0.0567 
        H060  5 0.1414 0.1141 0.0555 0.0720 0.0860 0.3033 0.0555 0.0832 0.0889 
        H061  5 0.1234 0.1232 0.0981 0.1317 0.1260 0.1016 0.0844 0.1127 0.0988 
        H064  5 0.0862 0.0836 0.0718 0.1250 0.1098 0.1360 0.1243 0.0972 0.1662 
        H070  5 0.1567 0.0764 0.0989 0.0864 0.0817 0.2314 0.0718 0.0759 0.1208 
        H077  5 0.0655 0.0472 0.0753 0.0908 0.0738 0.2412 0.0879 0.0652 0.2531 
        H078  5 0.0808 0.0643 0.1013 0.0945 0.1127 0.0991 0.2797 0.0987 0.0689 
        H079  5 0.1862 0.1548 0.1119 0.0956 0.0953 0.1098 0.0591 0.0812 0.1061 
        H097  5 0.1275 0.0743 0.0977 0.1215 0.1433 0.1238 0.0663 0.1567 0.0891 
        H107  5 0.0568 0.0670 0.0667 0.0920 0.0543 0.1624 0.1852 0.0611 0.2545 
        H122  5 0.1066 0.1240 0.1185 0.0908 0.1138 0.0777 0.1961 0.1259 0.0465 
        H123  5 0.1328 0.0650 0.1941 0.1740 0.1239 0.0716 0.0700 0.1232 0.0454 
        H124  5 0.1310 0.1113 0.1594 0.1574 0.1190 0.0763 0.0545 0.1248 0.0662 
        H131  5 0.1632 0.1320 0.1215 0.1895 0.0940 0.0813 0.0609 0.1027 0.0549 
        H132  5 0.0926 0.1131 0.0883 0.1130 0.1156 0.0934 0.1085 0.1288 0.1467 
        H141  5 0.1086 0.0925 0.0859 0.0833 0.0877 0.1011 0.2614 0.0911 0.0884 
        H142  5 0.1793 0.1006 0.1273 0.1280 0.1286 0.0892 0.0486 0.1489 0.0493 
        H157  5 0.0835 0.0653 0.0701 0.1052 0.0930 0.1150 0.2316 0.0920 0.1443 
        H158  5 0.1376 0.0923 0.1415 0.0974 0.1721 0.0932 0.0502 0.1815 0.0342 
        H159  5 0.1061 0.0702 0.1251 0.1796 0.1366 0.0676 0.1252 0.1335 0.0560 
        H160  5 0.1030 0.0790 0.1047 0.1039 0.1241 0.0779 0.2065 0.1245 0.0764 
        H163  5 0.1417 0.0886 0.1463 0.1387 0.1350 0.0945 0.0573 0.1314 0.0666 
        H164  5 0.1535 0.0807 0.1115 0.1436 0.1263 0.0980 0.0601 0.1295 0.0967 
        H165  5 0.1494 0.1934 0.0964 0.1286 0.0992 0.0754 0.0768 0.1005 0.0804 
        H166  5 0.0947 0.2991 0.0800 0.0945 0.1119 0.0671 0.0481 0.1127 0.0919 
        H169  5 0.1527 0.1003 0.1263 0.1367 0.1170 0.1066 0.0619 0.1270 0.0714 
     H169613  5 0.1611 0.0832 0.0995 0.1358 0.1188 0.1410 0.0394 0.1287 0.0925 
     H169653  5 0.1228 0.1022 0.1337 0.1620 0.1361 0.0898 0.0427 0.1457 0.0650 
     H169728  5 0.1057 0.0846 0.1364 0.1124 0.1669 0.0823 0.1270 0.1284 0.0562 
     H169742  5 0.0628 0.4140 0.0369 0.0336 0.0509 0.0426 0.0539 0.0510 0.2542 
        H170  5 0.1438 0.0735 0.0983 0.1647 0.1449 0.0711 0.0513 0.1631 0.0893 
        H171  5 0.1040 0.0580 0.1038 0.1004 0.2378 0.0670 0.0809 0.1769 0.0712 
     H171851  5 0.1213 0.0909 0.0959 0.1452 0.1369 0.1140 0.0573 0.1597 0.0788 
     H171852  5 0.0997 0.1369 0.0994 0.0689 0.1123 0.1160 0.1389 0.1070 0.1209 
     H171853  5 0.0826 0.0711 0.1132 0.1282 0.0942 0.0966 0.2179 0.1021 0.0940 
     H171854  5 0.1031 0.0767 0.1515 0.1295 0.1207 0.0855 0.1067 0.1428 0.0835 
     H171938  5 0.1511 0.1133 0.1093 0.0987 0.1145 0.1053 0.0537 0.1147 0.1393 
     H171939  5 0.0863 0.2076 0.0910 0.1076 0.1498 0.0608 0.0708 0.1464 0.0795 
     H171941  5 0.0859 0.1284 0.0518 0.1037 0.0773 0.1683 0.0786 0.0815 0.2246 
     H171965  5 0.1885 0.0771 0.1143 0.1209 0.1517 0.0894 0.0343 0.1647 0.0591 
     H171970  5 0.0492 0.0595 0.0458 0.1224 0.0604 0.2042 0.1201 0.0641 0.2743 
     H171973  5 0.0920 0.2210 0.0995 0.0928 0.1008 0.0659 0.0710 0.1109 0.1461 
     H171974  5 0.1091 0.1066 0.1002 0.1466 0.0931 0.1247 0.1133 0.0975 0.1088 
     H171975  5 0.0645 0.1066 0.0771 0.1630 0.0967 0.1252 0.0717 0.0864 0.2086 
     H171976  5 0.0994 0.1072 0.0896 0.0956 0.1721 0.0938 0.0978 0.1530 0.0915 
        H175  5 0.0787 0.1580 0.0732 0.0851 0.1022 0.1144 0.1013 0.0998 0.1873 
        H178  5 0.1043 0.1411 0.0746 0.1137 0.1135 0.1264 0.0596 0.1053 0.1616 
        H189  5 0.1818 0.1122 0.1120 0.1390 0.1475 0.0996 0.0482 0.1159 0.0436 
        H399  5 0.0507 0.0414 0.0875 0.0907 0.2464 0.0559 0.1730 0.2115 0.0428 
        H416  5 0.0995 0.1947 0.1123 0.0842 0.1010 0.0713 0.1136 0.1001 0.1234 
        H438  5 0.1061 0.1018 0.1275 0.1366 0.1118 0.0996 0.1193 0.0988 0.0985 
        H450  5 0.1335 0.0891 0.0553 0.0594 0.0745 0.3149 0.0778 0.0733 0.1222 
        H455  5 0.0610 0.0955 0.0409 0.0882 0.0527 0.1792 0.0813 0.0512 0.3501 
        H456  5 0.1216 0.1806 0.0957 0.0795 0.0856 0.0807 0.0983 0.0793 0.1786 
        H457  5 0.0716 0.0675 0.0648 0.0989 0.1132 0.1845 0.0866 0.1255 0.1873 
        H458  5 0.1347 0.0738 0.0883 0.1109 0.1048 0.1271 0.1496 0.1155 0.0951 
        H459  5 0.1425 0.1184 0.1430 0.0989 0.1368 0.1157 0.0539 0.1487 0.0420 
        H460  5 0.1516 0.0824 0.0852 0.0960 0.0942 0.0842 0.2313 0.1078 0.0673 
        H461  5 0.1408 0.0834 0.1177 0.1031 0.1653 0.0863 0.0618 0.1726 0.0692 
        H462  5 0.1284 0.1643 0.1328 0.1210 0.1011 0.1100 0.0622 0.0925 0.0879 
        H469  5 0.1269 0.0909 0.2009 0.1703 0.1099 0.0827 0.0465 0.1199 0.0518 
        H470  5 0.0850 0.0642 0.0987 0.1219 0.1013 0.0664 0.2867 0.1105 0.0652 
        H471  5 0.1183 0.0858 0.1560 0.1151 0.1426 0.1086 0.0710 0.1683 0.0344 
        H481  5 0.0780 0.1139 0.0614 0.0591 0.0546 0.2139 0.0917 0.0619 0.2655 
        H482  5 0.1193 0.0771 0.1080 0.0888 0.0736 0.2397 0.0831 0.0920 0.1183 
        H501  5 0.1047 0.1641 0.1107 0.0926 0.1070 0.0841 0.1050 0.1239 0.1079 
        H502  5 0.1457 0.0929 0.1344 0.1028 0.1576 0.0924 0.0509 0.1790 0.0443 
        H503  5 0.1080 0.1157 0.1370 0.1206 0.1328 0.0725 0.1354 0.1255 0.0524 
        H509  5 0.0614 0.0728 0.0805 0.1540 0.0660 0.1074 0.2420 0.0725 0.1433 
        H510  5 0.1097 0.1162 0.0890 0.1423 0.1208 0.1083 0.0520 0.1356 0.1262 
        H511  5 0.1542 0.0828 0.1275 0.1571 0.1413 0.0988 0.0501 0.1334 0.0548 
        H530  5 0.0965 0.1603 0.0977 0.0947 0.0876 0.0967 0.1201 0.0825 0.1638 
        H531  5 0.0909 0.1201 0.0908 0.0568 0.0849 0.1230 0.2063 0.0975 0.1297 
        H564  5 0.0753 0.1972 0.0654 0.0702 0.1036 0.1067 0.1479 0.1037 0.1300 
        H565  5 0.0705 0.1692 0.0636 0.0487 0.0802 0.1590 0.1097 0.0818 0.2174 
        H567  5 0.1598 0.1877 0.1362 0.1324 0.0973 0.0972 0.0379 0.0981 0.0533 
     H568???  5 0.1027 0.0746 0.1154 0.1065 0.1886 0.0841 0.0672 0.2033 0.0575 
        H608  5 0.1479 0.0807 0.0520 0.0628 0.0657 0.3428 0.0637 0.0608 0.1234 
        H609  5 0.0955 0.2390 0.0767 0.1179 0.1058 0.0759 0.0489 0.0745 0.1658 
        H612  5 0.0659 0.1510 0.0571 0.0568 0.0587 0.1268 0.2048 0.0531 0.2256 
        H614  5 0.0751 0.0970 0.1006 0.0648 0.1002 0.1370 0.1987 0.0979 0.1288 
        H615  5 0.0972 0.1633 0.1103 0.0651 0.1066 0.1218 0.1168 0.0962 0.1226 
