        H102  1 0.1579 0.1253 0.2201 0.2553 0.1321 0.1093 
        H103  1 0.1431 0.2458 0.1975 0.1132 0.0601 0.2403 
        H104  1 0.2117 0.1101 0.1707 0.1542 0.2433 0.1100 
        H105  1 0.1408 0.1452 0.1549 0.2234 0.1687 0.1670 
        H106  1 0.1351 0.1577 0.1686 0.1514 0.1916 0.1956 
        H112  1 0.1868 0.1282 0.1769 0.1652 0.2058 0.1372 
        H113  1 0.2664 0.1171 0.1246 0.2037 0.1179 0.1704 
        H114  1 0.2436 0.1307 0.1276 0.2051 0.0720 0.2209 
        H115  1 0.1933 0.1069 0.1863 0.2375 0.1632 0.1129 
        H143  1 0.1651 0.1653 0.1585 0.2572 0.1011 0.1527 
        H144  1 0.1184 0.3321 0.0938 0.2099 0.0703 0.1755 
        H145  1 0.1638 0.2003 0.2088 0.1773 0.0668 0.1829 
        H149  1 0.1208 0.1343 0.1749 0.1478 0.2859 0.1364 
        H150  1 0.1888 0.2291 0.1420 0.1461 0.1454 0.1485 
     H167542  1 0.1635 0.1300 0.1090 0.3735 0.1026 0.1213 
     H169604  1 0.2108 0.1535 0.1466 0.2336 0.1109 0.1446 
     H169607  1 0.1583 0.2296 0.1404 0.2108 0.0977 0.1632 
     H169608  1 0.1420 0.1079 0.2566 0.1574 0.2314 0.1047 
     H169633  1 0.2136 0.1581 0.1149 0.2496 0.0787 0.1851 
     H169688  1 0.1299 0.2665 0.2173 0.1049 0.1195 0.1619 
     H169714  1 0.1722 0.1712 0.1956 0.1368 0.1839 0.1403 
     H171802  1 0.2127 0.1244 0.1651 0.1040 0.2640 0.1298 
     H171805  1 0.1420 0.2164 0.2008 0.1494 0.1077 0.1836 
     H171807  1 0.1408 0.1855 0.1365 0.1313 0.2569 0.1489 
     H171814  1 0.2729 0.2529 0.1315 0.1179 0.0656 0.1591 
     H171816  1 0.1573 0.1781 0.1698 0.1215 0.2124 0.1609 
     H171817  1 0.1616 0.1446 0.1730 0.1542 0.1823 0.1844 
     H171818  1 0.1483 0.1619 0.1582 0.1946 0.1323 0.2047 
     H171819  1 0.1895 0.1422 0.1559 0.1525 0.1582 0.2017 
     H171834  1 0.1656 0.1618 0.2034 0.1762 0.1232 0.1698 
     H171835  1 0.1927 0.1047 0.2105 0.1167 0.2744 0.1010 
     H171836  1 0.1933 0.1726 0.1515 0.1645 0.0553 0.2628 
     H171837  1 0.1698 0.1403 0.1665 0.2269 0.1782 0.1183 
     H171838  1 0.1406 0.1776 0.1798 0.1130 0.0947 0.2943 
     H171839  1 0.2052 0.1232 0.1911 0.1838 0.1798 0.1170 
     H171841  1 0.0994 0.1317 0.1662 0.0792 0.4152 0.1084 
     H171860  1 0.2259 0.1404 0.1545 0.1989 0.1329 0.1474 
     H171861  1 0.1671 0.1569 0.1596 0.2093 0.0574 0.2497 
     H171862  1 0.1699 0.1872 0.1589 0.1857 0.1155 0.1828 
     H171868  1 0.1573 0.1254 0.1514 0.3129 0.1005 0.1525 
     H171869  1 0.1246 0.2969 0.1702 0.1294 0.0994 0.1795 
     H171870  1 0.1273 0.1826 0.2202 0.1189 0.1901 0.1609 
     H171871  1 0.1675 0.2143 0.1991 0.1126 0.0826 0.2239 
     H171872  1 0.2017 0.1302 0.1635 0.1879 0.1886 0.1281 
     H171873  1 0.1374 0.2194 0.2000 0.1269 0.1580 0.1583 
     H171874  1 0.1504 0.2176 0.1948 0.1755 0.0908 0.1708 
     H171875  1 0.1757 0.1907 0.1264 0.2234 0.0617 0.2221 
     H171876  1 0.1786 0.1931 0.1491 0.2305 0.0854 0.1633 
     H171877  1 0.1843 0.1090 0.1149 0.3625 0.1166 0.1127 
     H171878  1 0.1038 0.1884 0.2000 0.1254 0.2061 0.1762 
     H171901  1 0.1902 0.1331 0.2368 0.1161 0.1964 0.1274 
     H171902  1 0.1193 0.2343 0.1349 0.1515 0.1922 0.1678 
     H171903  1 0.2176 0.1619 0.1939 0.1456 0.1054 0.1756 
     H171935  1 0.1263 0.1578 0.2027 0.0886 0.2443 0.1803 
     H171936  1 0.2577 0.1406 0.1341 0.2213 0.0887 0.1576 
     H171940  1 0.0946 0.1472 0.1229 0.2576 0.2283 0.1494 
     H171945  1 0.1436 0.2438 0.1510 0.1348 0.1689 0.1579 
     H171948  1 0.1532 0.1394 0.1681 0.1425 0.2052 0.1917 
     H171949  1 0.1102 0.1236 0.1414 0.1481 0.3459 0.1307 
     H171950  1 0.1362 0.1157 0.2389 0.1144 0.2969 0.0979 
     H171963  1 0.1325 0.2274 0.2040 0.1160 0.0915 0.2286 
     H171964  1 0.1318 0.3130 0.1218 0.1229 0.0987 0.2117 
     H171966  1 0.1241 0.1703 0.1811 0.1347 0.1550 0.2348 
     H171968  1 0.1237 0.1874 0.1690 0.1865 0.2030 0.1303 
     H171971  1 0.1357 0.1822 0.2072 0.1042 0.1349 0.2358 
     H171972  1 0.2054 0.2161 0.1717 0.1303 0.0687 0.2078 
     H171977  1 0.1551 0.2303 0.1420 0.1985 0.0925 0.1816 
     H171978  1 0.1302 0.1766 0.1863 0.1212 0.2338 0.1519 
     H171979  1 0.1674 0.1886 0.1686 0.1292 0.0741 0.2720 
        H176  1 0.1854 0.1440 0.1604 0.2165 0.1368 0.1570 
        H177  1 0.1127 0.1251 0.1808 0.1366 0.3351 0.1096 
        H179  1 0.1425 0.0968 0.1351 0.2633 0.2584 0.1038 
        H181  1 0.1450 0.2002 0.1133 0.1428 0.1232 0.2754 
        H182  1 0.1614 0.1711 0.1967 0.1802 0.0631 0.2274 
        H183  1 0.1180 0.2589 0.1197 0.1190 0.1365 0.2480 
        H184  1 0.1328 0.1334 0.1529 0.1516 0.2456 0.1837 
        H185  1 0.1615 0.1738 0.1251 0.1904 0.1077 0.2415 
        H186  1 0.1015 0.3117 0.1422 0.1570 0.1639 0.1238 
        H187  1 0.1565 0.1676 0.2180 0.1265 0.1473 0.1841 
        H188  1 0.1657 0.1130 0.0799 0.3226 0.2042 0.1146 
        H192  1 0.1073 0.1257 0.1655 0.1255 0.3203 0.1557 
        H193  1 0.1406 0.1832 0.2031 0.2005 0.0734 0.1992 
        H194  1 0.1625 0.1602 0.1697 0.1651 0.1736 0.1690 
        H195  1 0.1273 0.3150 0.1892 0.1111 0.0992 0.1582 
        H199  1 0.1529 0.2651 0.1384 0.1337 0.1190 0.1909 
        H200  1 0.1858 0.1445 0.1446 0.1502 0.2301 0.1448 
        H414  1 0.1836 0.2024 0.2235 0.1283 0.0978 0.1644 
        H415  1 0.2665 0.1687 0.1342 0.1771 0.0824 0.1712 
        H422  1 0.1229 0.2300 0.1490 0.1477 0.1926 0.1578 
        H423  1 0.0860 0.0830 0.1284 0.0825 0.5328 0.0874 
        H424  1 0.1491 0.2671 0.1440 0.1322 0.0873 0.2203 
        H425  1 0.1342 0.3691 0.1298 0.1255 0.0892 0.1523 
        H426  1 0.1076 0.3399 0.1417 0.0960 0.1079 0.2069 
        H443  1 0.1156 0.3620 0.0928 0.2235 0.0739 0.1322 
        H466  1 0.1627 0.1672 0.1937 0.1418 0.1615 0.1732 
        H467  1 0.1092 0.1321 0.1977 0.1076 0.3357 0.1176 
        H472  1 0.1519 0.1531 0.1519 0.1963 0.1878 0.1589 
        H483  1 0.1296 0.1619 0.1015 0.2620 0.1252 0.2197 
        H504  1 0.1658 0.2831 0.1356 0.1309 0.0853 0.1994 
        H505  1 0.1589 0.1258 0.1468 0.2090 0.2194 0.1400 
        H506  1 0.1523 0.1997 0.1490 0.1807 0.1399 0.1784 
        H507  1 0.1883 0.1742 0.2028 0.1667 0.0527 0.2154 
        H508  1 0.1295 0.1452 0.2262 0.1040 0.2204 0.1747 
        H524  1 0.2731 0.1578 0.1659 0.1658 0.0810 0.1563 
        H525  1 0.1639 0.2259 0.1699 0.1808 0.0930 0.1666 
        H526  1 0.1952 0.1137 0.1023 0.3409 0.1222 0.1257 
        H527  1 0.1383 0.1607 0.1993 0.1446 0.2187 0.1384 
        H528  1 0.2192 0.1961 0.1354 0.1718 0.0739 0.2036 
        H529  1 0.1617 0.2518 0.1516 0.1946 0.0625 0.1777 
        H533  1 0.2087 0.1311 0.2233 0.1483 0.0497 0.2390 
        H538  1 0.1896 0.1465 0.1563 0.2161 0.1643 0.1273 
        H539  1 0.1327 0.1708 0.2785 0.1108 0.1193 0.1879 
        H540  1 0.1583 0.1823 0.1725 0.1781 0.1280 0.1808 
        H541  1 0.2001 0.1590 0.1565 0.2392 0.0930 0.1522 
        H558  1 0.1189 0.2214 0.1806 0.0947 0.1128 0.2715 
        H559  1 0.1526 0.1720 0.1310 0.2549 0.1338 0.1557 
        H579  1 0.1395 0.1918 0.1909 0.1968 0.0968 0.1842 
        H584  1 0.1525 0.2533 0.1351 0.1569 0.0908 0.2115 
        H585  1 0.1941 0.1929 0.1512 0.1358 0.1074 0.2185 
        H605  1 0.1435 0.1744 0.1730 0.1501 0.2286 0.1305 
        H606  1 0.1167 0.1126 0.1472 0.1942 0.3314 0.0979 
        H632  1 0.1567 0.2625 0.1505 0.1792 0.0772 0.1740 
        H634  1 0.1413 0.2238 0.1551 0.1732 0.1114 0.1951 
        H671  1 0.1187 0.1143 0.1444 0.1182 0.3923 0.1121 
        H672  1 0.3232 0.1324 0.1860 0.1237 0.1128 0.1218 
        H673  1 0.1146 0.2526 0.1198 0.2222 0.1190 0.1719 
        H689  1 0.1463 0.2126 0.1223 0.2401 0.0988 0.1798 
        H690  1 0.2240 0.1064 0.2089 0.1917 0.1581 0.1109 
        H691  1 0.1798 0.1298 0.1632 0.2875 0.1040 0.1358 
        H692  1 0.1559 0.2944 0.1157 0.1386 0.0541 0.2412 
        H709  1 0.2195 0.1663 0.2077 0.1549 0.1108 0.1408 
        H710  1 0.1442 0.2222 0.1290 0.1601 0.0691 0.2754 
       H7355  1 0.2101 0.1176 0.1419 0.2623 0.0724 0.1957 
       H7356  1 0.1379 0.1877 0.1736 0.1651 0.1502 0.1855 
       H7357  1 0.1421 0.1261 0.1636 0.2453 0.1717 0.1513 
       H7358  1 0.1527 0.1607 0.1125 0.3079 0.1080 0.1583 
       H7380  1 0.1648 0.1977 0.1608 0.2111 0.0951 0.1705 
       H7381  1 0.1201 0.2471 0.1647 0.1154 0.2153 0.1373 
       H7382  1 0.1870 0.1987 0.1672 0.1807 0.0957 0.1706 
        H904  1 0.1051 0.0918 0.1601 0.1426 0.4182 0.0822 
        H923  1 0.1604 0.1663 0.1444 0.1894 0.1967 0.1427 
        H924  1 0.1454 0.1779 0.1299 0.2084 0.1967 0.1418 
        H925  1 0.1591 0.1272 0.1111 0.3917 0.0918 0.1192 
       H9558  1 0.1112 0.2531 0.1685 0.0969 0.1005 0.2699 
        H008  2 0.1906 0.1559 0.1257 0.2233 0.0855 0.2190 
        H021  2 0.1617 0.1276 0.2000 0.1828 0.2045 0.1233 
        H023  2 0.1292 0.1302 0.1692 0.2728 0.1802 0.1184 
        H024  2 0.2595 0.1783 0.1021 0.1305 0.0761 0.2536 
        H025  2 0.1008 0.1762 0.1188 0.1231 0.3279 0.1532 
        H026  2 0.2211 0.3123 0.0990 0.1119 0.0676 0.1882 
        H027  2 0.2431 0.1464 0.1810 0.1930 0.1030 0.1335 
        H028  2 0.1405 0.2119 0.1214 0.1532 0.1232 0.2499 
        H029  2 0.2295 0.1664 0.1170 0.2129 0.0766 0.1976 
        H030  2 0.2496 0.1876 0.1521 0.1004 0.0684 0.2420 
        H038  2 0.1191 0.1363 0.2622 0.1568 0.2161 0.1095 
        H039  2 0.0770 0.0630 0.0968 0.0636 0.6390 0.0606 
        H040  2 0.1668 0.1146 0.2631 0.1005 0.2450 0.1100 
        H041  2 0.2221 0.1232 0.0897 0.2709 0.1327 0.1614 
        H042  2 0.1413 0.1389 0.1406 0.2223 0.2013 0.1556 
        H043  2 0.1103 0.1412 0.2468 0.0813 0.3037 0.1166 
        H044  2 0.1484 0.1820 0.1809 0.1106 0.0885 0.2896 
        H047  2 0.1435 0.1954 0.1640 0.1197 0.2032 0.1742 
        H050  2 0.3146 0.1668 0.1691 0.1146 0.0740 0.1608 
        H058  2 0.1379 0.1490 0.2233 0.1114 0.1871 0.1915 
        H062  2 0.1035 0.1215 0.1345 0.3160 0.2104 0.1140 
        H063  2 0.1361 0.1277 0.1652 0.1411 0.2939 0.1359 
        H065  2 0.0894 0.3500 0.1037 0.1576 0.1698 0.1295 
        H066  2 0.2027 0.1650 0.1774 0.1031 0.0994 0.2523 
        H067  2 0.1581 0.1835 0.1322 0.2453 0.0981 0.1829 
        H068  2 0.1408 0.1242 0.1698 0.1528 0.2806 0.1318 
        H069  2 0.1607 0.2001 0.2088 0.1331 0.1387 0.1586 
        H071  2 0.1623 0.1598 0.1900 0.1517 0.2037 0.1325 
        H072  2 0.1195 0.1042 0.1320 0.1097 0.4191 0.1155 
        H073  2 0.1628 0.2652 0.1553 0.1846 0.1044 0.1277 
        H081  2 0.1825 0.1105 0.1230 0.2754 0.1856 0.1230 
        H082  2 0.1623 0.1891 0.1634 0.1161 0.0838 0.2854 
        H083  2 0.1602 0.2271 0.1820 0.1288 0.0881 0.2137 
        H084  2 0.1868 0.1538 0.2018 0.1338 0.1515 0.1723 
        H085  2 0.2579 0.1064 0.1247 0.2740 0.1224 0.1147 
        H087  2 0.1668 0.1123 0.1178 0.3233 0.1358 0.1440 
        H088  2 0.1497 0.1285 0.1726 0.1948 0.2265 0.1279 
        H089  2 0.1692 0.1498 0.1538 0.2695 0.1080 0.1498 
        H090  2 0.3356 0.1624 0.1313 0.1277 0.0942 0.1488 
        H091  2 0.3997 0.1134 0.1535 0.1537 0.0663 0.1134 
        H098  2 0.2200 0.1262 0.1180 0.1742 0.1316 0.2300 
      H10001  2 0.0757 0.0657 0.1051 0.0701 0.6238 0.0595 
      H10002  2 0.1514 0.1233 0.2137 0.2018 0.1888 0.1210 
        H101  2 0.3667 0.1301 0.1768 0.1031 0.0706 0.1528 
        H108  2 0.0890 0.1007 0.1004 0.2429 0.3617 0.1054 
        H109  2 0.2135 0.1370 0.1747 0.1038 0.1563 0.2147 
        H110  2 0.1878 0.1344 0.1446 0.2560 0.0886 0.1886 
        H116  2 0.1697 0.2394 0.1546 0.1375 0.0936 0.2052 
        H117  2 0.3519 0.1149 0.1216 0.1672 0.0769 0.1675 
        H118  2 0.2975 0.1950 0.1355 0.1698 0.0681 0.1341 
        H119  2 0.1892 0.1431 0.1541 0.1708 0.1879 0.1549 
        H120  2 0.0885 0.0822 0.1118 0.1678 0.4635 0.0863 
        H121  2 0.3465 0.1424 0.1062 0.1913 0.0791 0.1345 
        H125  2 0.0698 0.0690 0.1424 0.0722 0.5809 0.0657 
        H126  2 0.1127 0.2959 0.1178 0.1178 0.1645 0.1913 
        H128  2 0.4083 0.1690 0.1354 0.0959 0.0389 0.1526 
        H129  2 0.1115 0.2916 0.1111 0.1338 0.0761 0.2759 
        H130  2 0.1132 0.1760 0.1791 0.0910 0.3018 0.1390 
        H133  2 0.1161 0.1300 0.1487 0.0846 0.4135 0.1071 
        H134  2 0.0977 0.4646 0.0823 0.1006 0.0689 0.1859 
        H135  2 0.1632 0.1451 0.1585 0.2061 0.1721 0.1549 
        H137  2 0.2846 0.1329 0.1340 0.1199 0.1172 0.2114 
        H138  2 0.1407 0.2882 0.1939 0.1181 0.0704 0.1888 
        H140  2 0.2409 0.1660 0.1467 0.1419 0.1596 0.1450 
        H146  2 0.4074 0.1426 0.1665 0.0915 0.0789 0.1131 
        H147  2 0.2405 0.1452 0.1549 0.1848 0.1062 0.1683 
        H148  2 0.2758 0.1217 0.1573 0.1997 0.0808 0.1647 
     H166022  2 0.1961 0.1701 0.1530 0.1470 0.0743 0.2595 
     H167359  2 0.1956 0.1905 0.1658 0.1312 0.1222 0.1947 
     H167397  2 0.2657 0.1484 0.1138 0.1498 0.0430 0.2792 
     H167428  2 0.1762 0.1582 0.0733 0.3713 0.0575 0.1636 
     H167496  2 0.1381 0.0867 0.1277 0.1589 0.3955 0.0930 
     H167513  2 0.1186 0.1197 0.2640 0.1054 0.1363 0.2561 
     H167545  2 0.1566 0.2313 0.1773 0.1516 0.0724 0.2107 
     H167547  2 0.2108 0.1625 0.1244 0.1078 0.0734 0.3212 
     H169621  2 0.2653 0.1699 0.1533 0.1169 0.0838 0.2108 
     H169622  2 0.1625 0.2346 0.1804 0.1792 0.0755 0.1678 
     H169750  2 0.1564 0.1566 0.1947 0.0820 0.2242 0.1862 
     H171806  2 0.2414 0.1584 0.1645 0.1535 0.1644 0.1178 
     H171808  2 0.1503 0.1838 0.1510 0.2403 0.1266 0.1480 
     H171809  2 0.1391 0.1430 0.1529 0.2419 0.1720 0.1510 
     H171813  2 0.1371 0.1970 0.2048 0.1420 0.1588 0.1603 
     H171815  2 0.0853 0.1255 0.1703 0.1002 0.4152 0.1035 
     H171824  2 0.1844 0.1179 0.1626 0.2052 0.1958 0.1341 
     H171825  2 0.1368 0.2336 0.1681 0.1997 0.1029 0.1590 
     H171826  2 0.1714 0.1346 0.1550 0.1937 0.1644 0.1809 
     H171827  2 0.1817 0.1376 0.2907 0.1473 0.1100 0.1327 
     H171828  2 0.1056 0.0782 0.1061 0.1468 0.4900 0.0734 
     H171829  2 0.1514 0.2313 0.1800 0.1027 0.1536 0.1811 
     H171830  2 0.1950 0.1315 0.1568 0.1510 0.1472 0.2184 
     H171831  2 0.1396 0.2494 0.1241 0.1671 0.0693 0.2505 
     H171832  2 0.1304 0.2190 0.1796 0.1393 0.1156 0.2161 
     H171863  2 0.1657 0.2624 0.1525 0.1191 0.0603 0.2400 
     H171864  2 0.2354 0.1304 0.1368 0.1805 0.1334 0.1835 
     H171865  2 0.1102 0.1291 0.1221 0.1328 0.3786 0.1271 
     H171879  2 0.2563 0.1707 0.1584 0.1198 0.1152 0.1795 
     H171880  2 0.3276 0.1165 0.1779 0.1035 0.0869 0.1876 
     H171881  2 0.1591 0.1754 0.1391 0.2200 0.1069 0.1994 
     H171882  2 0.0778 0.0798 0.1023 0.0890 0.5795 0.0717 
     H171929  2 0.1956 0.1628 0.1328 0.1825 0.1390 0.1873 
     H171930  2 0.2067 0.1976 0.1580 0.1131 0.0711 0.2535 
     H171933  2 0.2128 0.1813 0.1683 0.1385 0.1083 0.1909 
     H171934  2 0.1897 0.1361 0.1600 0.2631 0.1081 0.1431 
     H171937  2 0.1431 0.2732 0.1338 0.1139 0.1028 0.2332 
     H171962  2 0.1302 0.1792 0.1374 0.2414 0.1103 0.2015 
        H190  2 0.1521 0.1886 0.1807 0.1480 0.1156 0.2151 
        H191  2 0.1434 0.1653 0.1149 0.1678 0.1842 0.2244 
        H396  2 0.1524 0.1274 0.1089 0.3380 0.1667 0.1066 
        H397  2 0.1992 0.1810 0.1986 0.1496 0.1022 0.1694 
        H398  2 0.1185 0.2568 0.1254 0.1922 0.1683 0.1388 
        H400  2 0.1589 0.1589 0.1471 0.2792 0.1208 0.1351 
        H401  2 0.2810 0.1359 0.0923 0.1243 0.0513 0.3151 
        H402  2 0.1878 0.1506 0.2043 0.1583 0.0799 0.2191 
        H427  2 0.1562 0.1308 0.1109 0.3309 0.1260 0.1452 
        H428  2 0.1778 0.1439 0.0756 0.3809 0.0583 0.1635 
        H497  2 0.1176 0.1278 0.2377 0.1173 0.2141 0.1855 
        H512  2 0.2086 0.1443 0.1747 0.1593 0.1081 0.2049 
        H513  2 0.1180 0.1119 0.2690 0.1086 0.1486 0.2439 
        H514  2 0.1333 0.2539 0.1833 0.1263 0.1060 0.1971 
        H519  2 0.1282 0.1263 0.2315 0.1132 0.1440 0.2568 
        H532  2 0.1794 0.1603 0.1297 0.3106 0.0709 0.1490 
        H543  2 0.2049 0.1564 0.2256 0.1485 0.0665 0.1981 
        H544  2 0.1123 0.2681 0.1527 0.1117 0.1682 0.1869 
        H545  2 0.1421 0.2451 0.1851 0.1415 0.0644 0.2218 
        H546  2 0.0842 0.1339 0.1364 0.1318 0.3726 0.1411 
        H547  2 0.1973 0.1701 0.1213 0.1088 0.0674 0.3351 
        H548  2 0.1764 0.1580 0.1670 0.2205 0.1141 0.1640 
        H549  2 0.1469 0.1203 0.3262 0.1092 0.1490 0.1484 
        H620  2 0.0810 0.0818 0.1110 0.0973 0.5505 0.0786 
        H623  2 0.1279 0.2354 0.1491 0.1113 0.1324 0.2439 
        H624  2 0.1115 0.1944 0.2428 0.0999 0.2027 0.1487 
        H625  2 0.1454 0.1457 0.1402 0.2902 0.1258 0.1526 
        H626  2 0.1575 0.1560 0.2030 0.1415 0.1313 0.2107 
        H654  2 0.0586 0.0760 0.1664 0.0738 0.5522 0.0731 
        H655  2 0.1814 0.1656 0.2369 0.1339 0.1515 0.1307 
        H656  2 0.0662 0.0807 0.0865 0.1429 0.5556 0.0680 
        H666  2 0.1383 0.0998 0.1379 0.0636 0.4810 0.0794 
        H667  2 0.1719 0.1603 0.1987 0.2243 0.0966 0.1483 
        H677  2 0.1882 0.1735 0.1921 0.1951 0.1037 0.1475 
        H693  2 0.0933 0.0965 0.1046 0.2648 0.3366 0.1043 
        H694  2 0.1649 0.2096 0.1233 0.1212 0.1581 0.2230 
        H701  2 0.2116 0.1673 0.1811 0.1470 0.0873 0.2056 
        H702  2 0.1533 0.1615 0.2341 0.1246 0.1363 0.1903 
        H731  2 0.1850 0.1446 0.1658 0.1672 0.2105 0.1268 
       H7359  2 0.1991 0.1805 0.1675 0.1416 0.1229 0.1884 
       H7389  2 0.2175 0.1774 0.1494 0.2118 0.0976 0.1463 
       H7390  2 0.1247 0.1263 0.2625 0.1058 0.2745 0.1062 
       H7391  2 0.2159 0.1064 0.1041 0.3516 0.0974 0.1247 
       H7392  2 0.1803 0.2007 0.1790 0.1429 0.1415 0.1556 
       H7393  2 0.1727 0.1297 0.1979 0.1263 0.2042 0.1691 
       H7398  2 0.2342 0.1225 0.1104 0.2408 0.1487 0.1434 
       H7399  2 0.2015 0.1920 0.1955 0.1881 0.0736 0.1494 
       H7400  2 0.0599 0.0853 0.1032 0.0881 0.5906 0.0728 
        H745  2 0.1135 0.3396 0.1171 0.1124 0.0841 0.2332 
        H746  2 0.1592 0.1924 0.2168 0.2037 0.0739 0.1539 
        H747  2 0.2026 0.1164 0.2048 0.0920 0.2833 0.1008 
        H748  2 0.1741 0.1545 0.2176 0.1465 0.1233 0.1840 
       H7484  2 0.1200 0.0997 0.1062 0.1052 0.4658 0.1032 
       H7485  2 0.1194 0.1615 0.2437 0.1282 0.1331 0.2141 
        H749  2 0.1376 0.1921 0.2485 0.1736 0.0892 0.1589 
        H930  2 0.2247 0.1731 0.1667 0.1246 0.0709 0.2400 
        H931  2 0.1824 0.1689 0.1186 0.2264 0.1376 0.1662 
        H932  2 0.2295 0.1744 0.1682 0.1452 0.1243 0.1584 
        H111  3 0.1327 0.2494 0.1631 0.1193 0.0888 0.2468 
        H951  3 0.1572 0.1871 0.1395 0.1855 0.0833 0.2474 
        H952  3 0.2319 0.2067 0.1609 0.1345 0.1277 0.1384 
        H953  3 0.2429 0.1215 0.1037 0.3203 0.0736 0.1380 
        H954  3 0.1429 0.1226 0.1855 0.1106 0.3072 0.1311 
        H955  3 0.1879 0.2236 0.1877 0.1213 0.0633 0.2163 
        H956  3 0.3147 0.1098 0.2495 0.1072 0.1149 0.1039 
       H9563  3 0.2082 0.1269 0.1297 0.1769 0.1934 0.1648 
        H002  4 0.0955 0.1889 0.1706 0.1236 0.2774 0.1441 
        H003  4 0.1453 0.2121 0.1670 0.2507 0.0779 0.1471 
        H009  4 0.1718 0.2090 0.2214 0.1101 0.0947 0.1929 
        H010  4 0.1946 0.1708 0.1585 0.1807 0.1109 0.1845 
        H011  4 0.0840 0.0968 0.1150 0.1953 0.4108 0.0982 
        H012  4 0.1976 0.1452 0.1781 0.1914 0.0895 0.1983 
        H013  4 0.1304 0.1397 0.1527 0.2180 0.2199 0.1393 
        H014  4 0.1571 0.1865 0.1532 0.1556 0.1321 0.2155 
        H045  4 0.1728 0.1087 0.0932 0.2866 0.2318 0.1069 
        H046  4 0.1542 0.2753 0.1347 0.2049 0.0833 0.1476 
        H051  4 0.1188 0.1260 0.1280 0.2173 0.2893 0.1206 
        H052  4 0.1157 0.1806 0.1096 0.1403 0.3065 0.1472 
        H053  4 0.1956 0.1535 0.2153 0.1332 0.1609 0.1415 
        H056  4 0.0968 0.1212 0.1258 0.1138 0.3835 0.1590 
        H076  4 0.1475 0.2747 0.1155 0.1588 0.0801 0.2234 
        H151  4 0.1153 0.1444 0.2029 0.1116 0.3095 0.1164 
        H152  4 0.1250 0.1931 0.1583 0.1559 0.2463 0.1214 
     H171803  4 0.1221 0.1114 0.3003 0.1408 0.2102 0.1153 
     H171804  4 0.1539 0.1469 0.1812 0.1485 0.2226 0.1469 
     H171833  4 0.1048 0.2881 0.1463 0.1184 0.0892 0.2533 
     H171855  4 0.0794 0.1303 0.1653 0.0880 0.3874 0.1496 
     H171856  4 0.2130 0.1301 0.2705 0.1187 0.1497 0.1180 
     H171857  4 0.1317 0.1586 0.1415 0.1225 0.3001 0.1455 
     H171858  4 0.1814 0.1994 0.1623 0.1633 0.1355 0.1581 
     H171859  4 0.1752 0.1920 0.1503 0.1557 0.1677 0.1591 
     H171961  4 0.1162 0.1380 0.1476 0.1827 0.2710 0.1445 
        H198  4 0.1569 0.2298 0.1443 0.1970 0.0605 0.2114 
      H20001  4 0.0853 0.2449 0.2028 0.1149 0.0914 0.2609 
        H403  4 0.1414 0.1697 0.1929 0.1304 0.2066 0.1590 
        H404  4 0.1593 0.1781 0.1752 0.2351 0.0814 0.1708 
        H405  4 0.1775 0.2200 0.1444 0.2054 0.0858 0.1670 
        H406  4 0.1877 0.1972 0.0962 0.0933 0.1503 0.2753 
        H407  4 0.2300 0.1296 0.2177 0.1601 0.1255 0.1372 
        H410  4 0.3133 0.1233 0.0919 0.1870 0.0626 0.2219 
        H411  4 0.1345 0.1854 0.1984 0.1275 0.0849 0.2693 
        H468  4 0.1263 0.2230 0.2173 0.0825 0.1585 0.1925 
        H476  4 0.1727 0.1676 0.2232 0.0971 0.1525 0.1868 
        H477  4 0.1266 0.2822 0.1927 0.1323 0.0663 0.1998 
        H478  4 0.1400 0.1541 0.2633 0.1937 0.0857 0.1632 
        H479  4 0.1299 0.1348 0.1256 0.2125 0.2757 0.1215 
        H480  4 0.1535 0.2064 0.2294 0.1174 0.0686 0.2246 
        H498  4 0.1425 0.2312 0.1612 0.1455 0.1321 0.1876 
        H499  4 0.1300 0.1800 0.1834 0.1974 0.1351 0.1741 
        H500  4 0.1662 0.1084 0.2076 0.1395 0.2802 0.0981 
        H515  4 0.1534 0.1378 0.1976 0.1452 0.1868 0.1792 
        H516  4 0.1879 0.1976 0.1833 0.1150 0.1429 0.1733 
        H517  4 0.2490 0.1554 0.1621 0.1395 0.1067 0.1873 
        H518  4 0.1378 0.1988 0.1463 0.0931 0.2743 0.1497 
        H520  4 0.1509 0.1583 0.2131 0.1033 0.2433 0.1311 
        H521  4 0.1690 0.1523 0.1475 0.2313 0.1223 0.1776 
        H522  4 0.1647 0.1646 0.2487 0.1335 0.1548 0.1337 
        H523  4 0.2343 0.1570 0.2108 0.1065 0.1438 0.1476 
        H536  4 0.1393 0.2491 0.1212 0.2423 0.1209 0.1272 
        H645  4 0.1322 0.1048 0.1076 0.3774 0.1810 0.0970 
        H646  4 0.3423 0.1792 0.1592 0.1036 0.0690 0.1467 
        H647  4 0.1918 0.1927 0.1933 0.1395 0.1146 0.1683 
        H657  4 0.2019 0.2028 0.1756 0.1400 0.0855 0.1941 
        H658  4 0.2696 0.1427 0.2380 0.1128 0.1027 0.1343 
        H659  4 0.0879 0.1000 0.2585 0.0862 0.3744 0.0930 
        H660  4 0.1318 0.1605 0.2004 0.1401 0.1851 0.1821 
        H661  4 0.0985 0.1428 0.2560 0.1002 0.2602 0.1423 
        H668  4 0.1890 0.1357 0.1864 0.2291 0.0768 0.1830 
        H669  4 0.2022 0.1428 0.1443 0.1843 0.1678 0.1586 
        H670  4 0.1700 0.1055 0.1435 0.3284 0.1431 0.1094 
        H678  4 0.1646 0.1437 0.2322 0.1399 0.1146 0.2050 
        H679  4 0.2533 0.1721 0.1518 0.1446 0.0851 0.1931 
        H680  4 0.1270 0.1968 0.1779 0.1390 0.1213 0.2379 
        H681  4 0.1584 0.1331 0.1918 0.1876 0.1818 0.1472 
        H682  4 0.2514 0.1339 0.2034 0.1307 0.0830 0.1974 
        H683  4 0.1583 0.1773 0.1322 0.0775 0.3234 0.1314 
        H718  4 0.1508 0.1028 0.1167 0.1255 0.4165 0.0877 
        H719  4 0.1268 0.1244 0.1048 0.2639 0.2228 0.1572 
        H720  4 0.0865 0.1722 0.1917 0.1454 0.2442 0.1599 
        H721  4 0.1000 0.2148 0.1602 0.1247 0.2235 0.1769 
        H722  4 0.1092 0.2696 0.1580 0.0915 0.2473 0.1244 
        H723  4 0.1501 0.1163 0.1354 0.1578 0.2996 0.1406 
        H724  4 0.1364 0.0971 0.1631 0.1059 0.4063 0.0912 
        H725  4 0.0946 0.1136 0.1443 0.0879 0.4649 0.0947 
        H726  4 0.1328 0.1451 0.1539 0.1239 0.2936 0.1508 
        H727  4 0.1676 0.1171 0.1462 0.1958 0.2344 0.1390 
        H910  4 0.1872 0.1207 0.1813 0.1707 0.1977 0.1424 
        H911  4 0.2535 0.1838 0.1158 0.1260 0.1178 0.2030 
        H912  4 0.1372 0.1904 0.1789 0.1178 0.1731 0.2026 
        H913  4 0.2740 0.1249 0.2640 0.1027 0.1346 0.0999 
        H914  4 0.1715 0.1097 0.2150 0.2050 0.2029 0.0960 
        H915  4 0.1565 0.1758 0.1937 0.1231 0.1346 0.2162 
        H916  4 0.1631 0.1945 0.2072 0.1226 0.1096 0.2030 
       H9572  4 0.1157 0.1424 0.2226 0.1107 0.2065 0.2021 
        H015  5 0.1092 0.2127 0.1486 0.1347 0.0987 0.2960 
        H016  5 0.1564 0.3297 0.1364 0.1139 0.0930 0.1706 
        H017  5 0.1527 0.1864 0.2684 0.1032 0.1320 0.1573 
        H019  5 0.1278 0.1847 0.1570 0.1422 0.1529 0.2353 
        H020  5 0.1636 0.1464 0.1375 0.2557 0.1790 0.1178 
        H032  5 0.1717 0.1759 0.1690 0.1257 0.2005 0.1572 
        H033  5 0.1921 0.1576 0.1775 0.2056 0.0980 0.1692 
        H034  5 0.1554 0.1148 0.1791 0.1725 0.2338 0.1443 
        H035  5 0.1887 0.1756 0.2170 0.1338 0.1332 0.1517 
        H036  5 0.2198 0.1761 0.1337 0.1646 0.1013 0.2045 
        H037  5 0.1548 0.1391 0.2511 0.1697 0.1705 0.1146 
        H048  5 0.1082 0.1177 0.1447 0.2028 0.3171 0.1096 
        H049  5 0.1160 0.2359 0.1286 0.1485 0.1494 0.2216 
        H054  5 0.1810 0.2200 0.1324 0.1525 0.1460 0.1680 
        H055  5 0.1350 0.1476 0.1701 0.1914 0.2085 0.1474 
        H057  5 0.0998 0.3235 0.1650 0.1104 0.1375 0.1638 
        H060  5 0.1440 0.1518 0.2479 0.1710 0.1677 0.1176 
        H061  5 0.1856 0.1656 0.1634 0.2304 0.0998 0.1552 
        H064  5 0.1249 0.1710 0.1372 0.1725 0.2550 0.1394 
        H070  5 0.1791 0.1157 0.2154 0.1840 0.1829 0.1229 
        H077  5 0.1005 0.1254 0.1414 0.0939 0.3937 0.1451 
        H078  5 0.1590 0.1588 0.2201 0.0913 0.2101 0.1607 
        H079  5 0.2909 0.1267 0.1837 0.2016 0.0726 0.1245 
        H097  5 0.1501 0.1986 0.2041 0.0813 0.1819 0.1841 
        H107  5 0.0931 0.0839 0.1549 0.1428 0.4401 0.0851 
        H122  5 0.1703 0.2089 0.2325 0.1273 0.1026 0.1585 
        H123  5 0.2508 0.1872 0.1536 0.1308 0.0707 0.2069 
        H124  5 0.2643 0.1941 0.1436 0.1625 0.0722 0.1634 
        H131  5 0.2642 0.1519 0.1396 0.1703 0.0964 0.1775 
        H132  5 0.1724 0.1438 0.1390 0.2010 0.1847 0.1591 
        H141  5 0.1378 0.1440 0.2255 0.1585 0.1963 0.1378 
        H142  5 0.1895 0.1804 0.2034 0.1677 0.0734 0.1856 
        H157  5 0.1282 0.1297 0.1902 0.1456 0.2776 0.1287 
        H158  5 0.1827 0.3011 0.1567 0.0976 0.0728 0.1892 
        H159  5 0.1219 0.2068 0.1759 0.1520 0.0953 0.2481 
        H160  5 0.1910 0.1718 0.2270 0.1088 0.1480 0.1535 
        H163  5 0.1841 0.1657 0.1536 0.1617 0.1013 0.2336 
        H164  5 0.1521 0.1535 0.2050 0.1419 0.1235 0.2240 
        H165  5 0.2303 0.1411 0.1458 0.2601 0.0731 0.1497 
        H166  5 0.1404 0.1952 0.1327 0.2333 0.1164 0.1821 
        H169  5 0.1659 0.1645 0.1902 0.1995 0.1054 0.1744 
     H169613  5 0.1763 0.1888 0.1854 0.1437 0.1448 0.1610 
     H169653  5 0.1610 0.2115 0.1262 0.1757 0.1098 0.2158 
     H169728  5 0.1653 0.2018 0.1911 0.1366 0.1266 0.1787 
     H169742  5 0.1063 0.1102 0.1350 0.4164 0.1308 0.1013 
        H170  5 0.1097 0.2696 0.1607 0.1281 0.1327 0.1993 
        H171  5 0.1175 0.2928 0.1382 0.1193 0.1114 0.2208 
     H171851  5 0.1516 0.1924 0.1774 0.1338 0.1384 0.2065 
     H171852  5 0.1278 0.1847 0.1675 0.1190 0.2831 0.1178 
     H171853  5 0.1505 0.1332 0.1703 0.1495 0.2002 0.1963 
     H171854  5 0.1397 0.1649 0.1620 0.1357 0.1465 0.2511 
     H171938  5 0.1712 0.1395 0.1626 0.2549 0.1361 0.1357 
     H171939  5 0.1605 0.2090 0.1291 0.2214 0.0948 0.1851 
     H171941  5 0.1145 0.1138 0.1179 0.2130 0.3369 0.1039 
     H171965  5 0.1543 0.2255 0.1986 0.1777 0.0796 0.1643 
     H171970  5 0.0834 0.0934 0.1172 0.1277 0.4721 0.1063 
     H171973  5 0.1664 0.1497 0.1483 0.2986 0.0858 0.1512 
     H171974  5 0.1757 0.1376 0.1605 0.2270 0.1290 0.1701 
     H171975  5 0.1278 0.1310 0.1064 0.2165 0.2557 0.1627 
     H171976  5 0.0943 0.2611 0.1459 0.0979 0.1878 0.2129 
        H175  5 0.1716 0.1272 0.1600 0.1864 0.2365 0.1183 
        H178  5 0.1358 0.1691 0.1572 0.1983 0.1922 0.1474 
        H189  5 0.2513 0.2028 0.1564 0.1383 0.0722 0.1790 
        H399  5 0.1231 0.3350 0.1603 0.0785 0.1393 0.1638 
        H416  5 0.1306 0.1498 0.1727 0.2222 0.1716 0.1531 
        H438  5 0.1934 0.1323 0.1644 0.2011 0.1373 0.1715 
        H450  5 0.1287 0.1261 0.2403 0.1582 0.2346 0.1122 
        H455  5 0.0939 0.0855 0.1006 0.1879 0.4437 0.0884 
        H456  5 0.1750 0.1411 0.1591 0.2602 0.1307 0.1338 
        H457  5 0.1177 0.1737 0.1489 0.1147 0.2995 0.1455 
        H458  5 0.1531 0.1486 0.1939 0.1657 0.2017 0.1370 
        H459  5 0.2151 0.2009 0.1885 0.1377 0.0696 0.1882 
        H460  5 0.1579 0.1414 0.2770 0.1286 0.1572 0.1379 
        H461  5 0.1328 0.2619 0.1791 0.1167 0.1303 0.1792 
        H462  5 0.2434 0.1628 0.1333 0.1930 0.0986 0.1689 
        H469  5 0.2218 0.1500 0.1252 0.1623 0.0897 0.2510 
        H470  5 0.1401 0.1514 0.2058 0.1497 0.1619 0.1911 
        H471  5 0.2520 0.2235 0.1959 0.0862 0.0595 0.1829 
        H481  5 0.1350 0.1034 0.1539 0.1274 0.3891 0.0912 
        H482  5 0.1446 0.1513 0.2007 0.1388 0.2100 0.1545 
        H501  5 0.1451 0.1573 0.1815 0.1868 0.1565 0.1729 
        H502  5 0.1812 0.2261 0.1829 0.1453 0.0744 0.1900 
        H503  5 0.1684 0.1971 0.1524 0.1652 0.1039 0.2131 
        H509  5 0.1312 0.1104 0.1689 0.1420 0.2914 0.1561 
        H510  5 0.1249 0.1594 0.1735 0.1991 0.1679 0.1751 
        H511  5 0.1718 0.2021 0.1807 0.1590 0.0914 0.1951 
        H530  5 0.1670 0.1336 0.1579 0.2128 0.1882 0.1406 
        H531  5 0.1487 0.1244 0.2252 0.0907 0.2879 0.1231 
        H564  5 0.0971 0.1565 0.1780 0.1816 0.2318 0.1551 
        H565  5 0.0844 0.1295 0.1347 0.1483 0.3807 0.1223 
        H567  5 0.3113 0.1499 0.1275 0.1875 0.0663 0.1575 
     H568???  5 0.1538 0.2838 0.1346 0.1215 0.0836 0.2227 
        H608  5 0.1491 0.1137 0.2358 0.1734 0.2228 0.1053 
        H609  5 0.1555 0.1282 0.1119 0.3305 0.1284 0.1455 
        H612  5 0.1151 0.0955 0.1711 0.1915 0.3312 0.0956 
        H614  5 0.1078 0.1475 0.2038 0.1071 0.3343 0.0994 
        H615  5 0.1449 0.1815 0.1855 0.1152 0.2344 0.1386 
        H616  5 0.1194 0.0871 0.1401 0.1494 0.4228 0.0813 
        H617  5 0.2140 0.1708 0.1783 0.1851 0.0731 0.1787 
        H618  5 0.1075 0.1073 0.1313 0.1756 0.3449 0.1335 
        H619  5 0.1100 0.1141 0.1296 0.4070 0.1258 0.1134 
        H635  5 0.1565 0.1669 0.1530 0.1641 0.1552 0.2043 
        H636  5 0.1878 0.1293 0.1693 0.3082 0.0854 0.1200 
        H637  5 0.1163 0.1390 0.1308 0.2682 0.2210 0.1247 
        H644  5 0.1884 0.3231 0.1213 0.0950 0.0533 0.2188 
        H711  5 0.1316 0.2690 0.1915 0.1151 0.1185 0.1743 
        H712  5 0.1490 0.1135 0.1273 0.2653 0.2410 0.1038 
       H7360  5 0.1165 0.2063 0.1817 0.1237 0.1953 0.1765 
       H7361  5 0.1253 0.1498 0.1720 0.1484 0.2553 0.1492 
       H7362  5 0.1604 0.3212 0.0975 0.1273 0.0610 0.2326 
       H7363  5 0.1593 0.1646 0.1626 0.1482 0.2107 0.1546 
       H7394  5 0.2111 0.1757 0.1862 0.1566 0.0776 0.1927 
       H7395  5 0.1493 0.1616 0.1980 0.2064 0.1328 0.1519 
       H7396  5 0.1915 0.1496 0.2159 0.1736 0.1155 0.1538 
        H742  5 0.1088 0.1175 0.1259 0.4165 0.1379 0.0934 
        H743  5 0.1836 0.1431 0.1247 0.2311 0.1994 0.1180 
        H744  5 0.1711 0.0963 0.1531 0.1558 0.3243 0.0995 
        H957  5 0.1238 0.2090 0.2244 0.1197 0.1398 0.1833 
        H958  5 0.2479 0.1479 0.2138 0.1226 0.1027 0.1652 
        H959  5 0.1122 0.1160 0.1510 0.1958 0.3037 0.1213 
        H960  5 0.2036 0.1496 0.1295 0.2069 0.1407 0.1697 
      H_PALI  6 0.1483 0.1857 0.1954 0.1588 0.1168 0.1951 
        H581  6 0.1332 0.1756 0.1734 0.1435 0.2124 0.1619 
        H582  6 0.0699 0.1155 0.1829 0.1016 0.4221 0.1080 
        H583  6 0.1485 0.1697 0.1860 0.1561 0.1790 0.1607 
        H595  6 0.1906 0.1810 0.1546 0.1367 0.0637 0.2733 
        H596  6 0.2274 0.1651 0.1683 0.1362 0.0634 0.2396 
        H597  6 0.1746 0.2474 0.1281 0.1792 0.0751 0.1955 
        H598  6 0.2108 0.1415 0.1754 0.1631 0.1588 0.1502 
        H599  6 0.1116 0.1206 0.1109 0.2323 0.3026 0.1220 
        H642  6 0.1428 0.2088 0.1929 0.0854 0.1041 0.2660 
        H643  6 0.2360 0.1398 0.1505 0.1719 0.1308 0.1710 
        H664  6 0.0910 0.1436 0.2675 0.0692 0.2797 0.1490 
        H665  6 0.1643 0.1261 0.1682 0.2645 0.1136 0.1633 
        H674  6 0.1667 0.2191 0.1348 0.1505 0.0738 0.2552 
        H675  6 0.1360 0.1523 0.1596 0.1578 0.2227 0.1717 
        H676  6 0.1402 0.1688 0.1620 0.1332 0.1133 0.2825 
        H686  6 0.1353 0.1974 0.1654 0.1828 0.1177 0.2014 
        H687  6 0.1707 0.2155 0.1825 0.1305 0.1309 0.1700 
        H917  6 0.2275 0.1550 0.1310 0.2002 0.0759 0.2104 
        H918  6 0.1126 0.1406 0.1291 0.3581 0.1109 0.1487 
        H919  6 0.1313 0.1005 0.1378 0.2103 0.3146 0.1054 
        H920  6 0.1058 0.1418 0.1526 0.1168 0.2902 0.1929 
        H631  7 0.1270 0.1496 0.1575 0.1881 0.2194 0.1585 
        H684  7 0.1622 0.2229 0.1967 0.1174 0.0790 0.2219 
        H685  7 0.2326 0.1028 0.2730 0.0705 0.2186 0.1025 
        H713  7 0.0962 0.0987 0.2501 0.1060 0.3419 0.1071 
        H715  7 0.1644 0.2253 0.1885 0.1447 0.0911 0.1860 
        H716  7 0.0945 0.1539 0.1162 0.2667 0.2380 0.1306 
        H717  7 0.1272 0.1489 0.1271 0.1833 0.2437 0.1698 
        H729  7 0.3139 0.1369 0.1472 0.1799 0.0677 0.1544 
        H730  7 0.2708 0.1096 0.1175 0.2491 0.1386 0.1145 
        H431  8 0.1857 0.1367 0.1741 0.1419 0.1963 0.1653 
        H432  8 0.1261 0.2432 0.0953 0.2024 0.0878 0.2452 
        H433  8 0.2229 0.1402 0.1710 0.1482 0.1203 0.1973 
        H434  8 0.2367 0.1503 0.2052 0.1416 0.0947 0.1716 
        H444  8 0.1301 0.1483 0.1290 0.2360 0.1569 0.1997 
        H454  8 0.0899 0.1006 0.1048 0.1649 0.4285 0.1113 
        H475  8 0.1119 0.1087 0.1948 0.0929 0.3825 0.1092 
        H491  8 0.1067 0.1407 0.2009 0.1718 0.2419 0.1379 
        H492  8 0.1681 0.1435 0.2040 0.1337 0.2134 0.1372 
        H493  8 0.1759 0.2382 0.1489 0.1359 0.1213 0.1797 
        H494  8 0.1354 0.1399 0.1257 0.2437 0.1932 0.1620 
        H495  8 0.0898 0.1478 0.2404 0.0972 0.3116 0.1131 
        H662  8 0.1561 0.1914 0.2111 0.1369 0.1179 0.1865 
        H663  8 0.1689 0.1684 0.1356 0.2029 0.1638 0.1603 
        H695  8 0.2272 0.1460 0.1642 0.1553 0.1555 0.1517 
       H7367  8 0.3749 0.1237 0.1545 0.1302 0.0618 0.1549 
       H7368  8 0.1447 0.2311 0.1241 0.1646 0.1060 0.2295 
       H7369  8 0.1608 0.1206 0.1224 0.2603 0.1655 0.1705 
       H7370  8 0.3355 0.1268 0.1953 0.1134 0.0517 0.1772 
       H7371  8 0.2016 0.1621 0.1639 0.1847 0.1098 0.1778 
        H600  9 0.1446 0.1364 0.1955 0.1497 0.2494 0.1245 
        H648  9 0.1344 0.1881 0.1559 0.1283 0.1787 0.2145 
        H696  9 0.2112 0.2093 0.1711 0.0911 0.0642 0.2532 
        H697  9 0.1765 0.1572 0.1192 0.2035 0.1406 0.2030 
        H698  9 0.2443 0.1539 0.1070 0.1597 0.0970 0.2380 
        H699  9 0.2047 0.1618 0.1349 0.1543 0.1698 0.1745 
        H700  9 0.1556 0.1112 0.2590 0.2010 0.1632 0.1099 
        H732  9 0.1133 0.1409 0.1613 0.0966 0.3685 0.1193 
        H733  9 0.2526 0.1459 0.1306 0.1461 0.0866 0.2382 
        H734  9 0.1684 0.2006 0.2113 0.1213 0.0658 0.2326 
        H735  9 0.2052 0.1505 0.1598 0.1402 0.0981 0.2462 
        H736  9 0.1305 0.1847 0.2426 0.1474 0.1578 0.1370 
        H737  9 0.2093 0.1417 0.1502 0.2170 0.1564 0.1254 
        H905  9 0.1616 0.1200 0.1762 0.1984 0.2175 0.1263 
        H921  9 0.1628 0.1241 0.1669 0.1900 0.2013 0.1548 
        H922  9 0.1810 0.1590 0.1369 0.1894 0.0735 0.2603 
     H169705 10 0.3696 0.1099 0.1932 0.1037 0.0828 0.1408 
     H171942 10 0.1135 0.2398 0.0934 0.2059 0.0895 0.2579 
     H171943 10 0.1789 0.1855 0.2428 0.1491 0.0931 0.1506 
     H171944 10 0.1849 0.1477 0.2543 0.1463 0.1073 0.1595 
     H171946 10 0.1285 0.1568 0.2668 0.0968 0.2101 0.1410 
     H171947 10 0.1933 0.1582 0.1605 0.1862 0.1191 0.1827 
     H229641 10 0.1660 0.1647 0.1516 0.1158 0.1999 0.2021 
      H30001 10 0.1585 0.1581 0.1847 0.1572 0.1570 0.1845 
      H30002 10 0.2213 0.1557 0.2172 0.1487 0.1205 0.1366 
      H30005 10 0.2726 0.1535 0.1392 0.1379 0.0858 0.2111 
      H30006 10 0.3633 0.1322 0.1532 0.1117 0.1056 0.1340 
      H30007 10 0.0980 0.2728 0.1691 0.1918 0.0628 0.2055 
        H451 10 0.1537 0.1864 0.1415 0.1745 0.1104 0.2335 
        H452 10 0.2869 0.1335 0.1189 0.1238 0.1220 0.2149 
        H453 10 0.1110 0.1643 0.1358 0.1256 0.3426 0.1206 
        H473 10 0.1265 0.1607 0.1188 0.2081 0.2556 0.1303 
        H474 10 0.1176 0.1169 0.2358 0.0674 0.3607 0.1015 
        H486 10 0.1570 0.1217 0.1327 0.1271 0.3063 0.1551 
        H487 10 0.2264 0.1418 0.1603 0.1287 0.1971 0.1456 
        H488 10 0.1624 0.1293 0.1306 0.2131 0.2022 0.1623 
        H489 10 0.2189 0.1200 0.1761 0.1106 0.2674 0.1069 
        H550 10 0.2059 0.2127 0.2180 0.0991 0.0691 0.1952 
        H551 10 0.2672 0.1113 0.1482 0.1997 0.1339 0.1397 
        H553 10 0.2772 0.1230 0.1883 0.0856 0.2271 0.0989 
        H554 10 0.1591 0.1747 0.2143 0.1478 0.1033 0.2008 
        H556 10 0.2675 0.1501 0.2253 0.1086 0.1308 0.1177 
        H580 10 0.2182 0.1748 0.1543 0.1831 0.1001 0.1694 
        H591 10 0.1137 0.1093 0.1305 0.1355 0.4138 0.0972 
        H592 10 0.1860 0.1439 0.2172 0.1174 0.1757 0.1599 
        H593 10 0.1360 0.1701 0.2271 0.1470 0.1220 0.1977 
        H594 10 0.1727 0.2534 0.1187 0.1486 0.0617 0.2450 
        H627 10 0.1524 0.1676 0.2249 0.1051 0.1709 0.1792 
        H628 10 0.1773 0.1727 0.0930 0.3192 0.0622 0.1756 
        H629 10 0.1085 0.1977 0.1848 0.1003 0.1869 0.2218 
        H630 10 0.1971 0.1356 0.2591 0.1026 0.1236 0.1821 
        H638 10 0.1787 0.1406 0.1762 0.1318 0.1023 0.2705 
        H639 10 0.1139 0.1372 0.1475 0.0871 0.3956 0.1187 
        H640 10 0.1589 0.1868 0.2105 0.1527 0.1039 0.1873 
        H704 10 0.1617 0.2915 0.1362 0.1621 0.0848 0.1637 
        H705 10 0.3743 0.1153 0.1864 0.1068 0.0809 0.1364 
        H706 10 0.1952 0.1103 0.1496 0.2023 0.2225 0.1203 
        H708 10 0.1197 0.1219 0.2801 0.1179 0.2471 0.1133 
       H7351 10 0.1481 0.2141 0.1806 0.1439 0.1184 0.1949 
       H7352 10 0.1558 0.1659 0.1699 0.1605 0.1643 0.1836 
       H7353 10 0.1172 0.4030 0.1002 0.1128 0.0965 0.1705 
       H7354 10 0.1617 0.1409 0.1867 0.2011 0.1908 0.1188 
       H7365 10 0.1204 0.1023 0.2084 0.1171 0.3541 0.0977 
       H7383 10 0.1636 0.1362 0.1808 0.2006 0.1842 0.1345 
       H7384 10 0.2407 0.1409 0.1838 0.1614 0.1525 0.1207 
       H7385 10 0.1595 0.1218 0.1923 0.1783 0.2221 0.1260 
       H7386 10 0.1705 0.1610 0.1184 0.2141 0.1208 0.2153 
       H7387 10 0.1634 0.1940 0.1888 0.1958 0.0929 0.1652 
       H7388 10 0.2621 0.1234 0.1117 0.1744 0.1286 0.1998 
        H906 10 0.0784 0.1901 0.1199 0.1935 0.2923 0.1257 
        H907 10 0.1579 0.1862 0.1415 0.1247 0.0808 0.3088 
        H908 10 0.1894 0.1380 0.1976 0.1559 0.1358 0.1833 
        H909 10 0.1582 0.1326 0.1690 0.2435 0.1718 0.1248 
       H9552 10 0.1764 0.1873 0.1363 0.1717 0.1320 0.1963 
       H9553 10 0.3347 0.1227 0.1813 0.1112 0.1459 0.1042 
       H9555 10 0.2138 0.1403 0.1892 0.1900 0.0862 0.1805 
       H9575 10 0.1240 0.1750 0.2069 0.1028 0.2416 0.1497 
       H9703 10 0.2197 0.0955 0.1842 0.0971 0.3323 0.0712 
       H9707 10 0.1597 0.1369 0.1547 0.0962 0.3106 0.1420 
       HSAA4 10 0.2073 0.1747 0.1554 0.1965 0.1028 0.1632 
        H001 11 0.1358 0.1570 0.1299 0.2688 0.1635 0.1450 
        H004 11 0.1749 0.1731 0.1955 0.1619 0.1207 0.1739 
        H005 11 0.1108 0.1023 0.1497 0.1571 0.3650 0.1152 
        H006 11 0.1743 0.1599 0.2166 0.1850 0.1245 0.1397 
        H007 11 0.1224 0.1007 0.1127 0.2703 0.3049 0.0891 
        H031 11 0.1338 0.0939 0.1998 0.1153 0.3615 0.0956 
        H074 11 0.1285 0.1228 0.2127 0.0943 0.2925 0.1491 
        H075 11 0.1175 0.1100 0.1771 0.2438 0.2602 0.0913 
        H080 11 0.1534 0.1166 0.1359 0.1689 0.2726 0.1525 
        H086 11 0.2929 0.1552 0.1565 0.1483 0.1161 0.1310 
        H092 11 0.2152 0.1459 0.1817 0.1358 0.1844 0.1371 
        H093 11 0.1454 0.2756 0.1299 0.1467 0.0877 0.2148 
        H094 11 0.1801 0.1689 0.2332 0.1103 0.0876 0.2199 
        H095 11 0.1317 0.1382 0.1564 0.2161 0.2313 0.1262 
        H096 11 0.1346 0.1335 0.1467 0.2528 0.1934 0.1389 
        H099 11 0.1602 0.1499 0.1750 0.1522 0.1937 0.1691 
        H100 11 0.1315 0.1741 0.1064 0.3530 0.0648 0.1702 
        H127 11 0.2280 0.1422 0.1580 0.1481 0.1827 0.1409 
        H136 11 0.1441 0.1322 0.1861 0.1117 0.2965 0.1294 
        H153 11 0.1395 0.1746 0.1973 0.1245 0.1387 0.2255 
        H154 11 0.1156 0.1217 0.2416 0.1002 0.2982 0.1227 
        H155 11 0.2266 0.1354 0.0837 0.3115 0.0777 0.1651 
