        H102  1 0.3813 0.3741 0.2446 
        H103  1 0.1807 0.2733 0.5460 
        H104  1 0.4644 0.3404 0.1952 
        H105  1 0.2766 0.4448 0.2786 
        H106  1 0.3858 0.2847 0.3295 
        H112  1 0.4470 0.3163 0.2367 
        H113  1 0.2707 0.4793 0.2499 
        H114  1 0.2069 0.5096 0.2834 
        H115  1 0.3629 0.4331 0.2040 
        H143  1 0.2643 0.4432 0.2925 
        H144  1 0.1715 0.3826 0.4459 
        H145  1 0.1937 0.3239 0.4824 
        H149  1 0.4691 0.3079 0.2230 
        H150  1 0.3068 0.3424 0.3508 
     H167542  1 0.2623 0.5116 0.2262 
     H169604  1 0.2690 0.4546 0.2764 
     H169607  1 0.2095 0.4209 0.3696 
     H169608  1 0.4986 0.2585 0.2429 
     H169633  1 0.2021 0.4947 0.3033 
     H169688  1 0.2719 0.2288 0.4992 
     H169714  1 0.3904 0.3418 0.2678 
     H171802  1 0.4357 0.2588 0.3055 
     H171805  1 0.2706 0.3397 0.3897 
     H171807  1 0.4115 0.2607 0.3278 
     H171814  1 0.1863 0.3539 0.4598 
     H171816  1 0.4088 0.2921 0.2991 
     H171817  1 0.3940 0.3479 0.2581 
     H171818  1 0.3154 0.3680 0.3166 
     H171819  1 0.3286 0.3714 0.3000 
     H171834  1 0.3260 0.3573 0.3167 
     H171835  1 0.5405 0.2592 0.2003 
     H171836  1 0.1516 0.3827 0.4658 
     H171837  1 0.3756 0.3944 0.2300 
     H171838  1 0.2225 0.2899 0.4876 
     H171839  1 0.3788 0.3958 0.2254 
     H171841  1 0.5637 0.1639 0.2724 
     H171860  1 0.2995 0.4229 0.2776 
     H171861  1 0.1620 0.4511 0.3869 
     H171862  1 0.2969 0.3766 0.3264 
     H171868  1 0.2505 0.5167 0.2328 
     H171869  1 0.2569 0.2692 0.4739 
     H171870  1 0.3787 0.2377 0.3836 
     H171871  1 0.2275 0.3183 0.4542 
     H171872  1 0.3620 0.4053 0.2327 
     H171873  1 0.3654 0.2588 0.3758 
     H171874  1 0.2507 0.3942 0.3551 
     H171875  1 0.1571 0.4810 0.3618 
     H171876  1 0.2415 0.4292 0.3293 
     H171877  1 0.3213 0.4550 0.2236 
     H171878  1 0.4110 0.2207 0.3683 
     H171901  1 0.4122 0.2910 0.2968 
     H171902  1 0.3214 0.3223 0.3564 
     H171903  1 0.3019 0.3876 0.3105 
     H171935  1 0.4440 0.2082 0.3478 
     H171936  1 0.2183 0.5204 0.2613 
     H171940  1 0.4097 0.3149 0.2754 
     H171945  1 0.3020 0.3105 0.3875 
     H171948  1 0.3834 0.3302 0.2864 
     H171949  1 0.5207 0.2498 0.2295 
     H171950  1 0.5439 0.2420 0.2142 
     H171963  1 0.2544 0.2679 0.4777 
     H171964  1 0.2228 0.2730 0.5042 
     H171966  1 0.3472 0.2880 0.3648 
     H171968  1 0.3651 0.3312 0.3037 
     H171971  1 0.3436 0.2576 0.3988 
     H171972  1 0.2090 0.3171 0.4739 
     H171977  1 0.2232 0.3171 0.4597 
     H171978  1 0.4437 0.2439 0.3124 
     H171979  1 0.1816 0.3462 0.4722 
        H176  1 0.2682 0.4429 0.2889 
        H177  1 0.5317 0.2723 0.1960 
        H179  1 0.3938 0.4146 0.1916 
        H181  1 0.2444 0.3151 0.4404 
        H182  1 0.1798 0.3762 0.4440 
        H183  1 0.2407 0.2527 0.5066 
        H184  1 0.3806 0.3279 0.2915 
        H185  1 0.2060 0.3846 0.4094 
        H186  1 0.3656 0.2865 0.3479 
        H187  1 0.3273 0.3108 0.3619 
        H188  1 0.3949 0.3919 0.2133 
        H192  1 0.4769 0.2647 0.2585 
        H193  1 0.2300 0.3219 0.4481 
        H194  1 0.3462 0.3790 0.2748 
        H195  1 0.2410 0.2404 0.5186 
        H199  1 0.2392 0.2698 0.4910 
        H200  1 0.3658 0.3499 0.2842 
        H414  1 0.2829 0.3257 0.3913 
        H415  1 0.2256 0.4607 0.3138 
        H422  1 0.3598 0.2924 0.3479 
        H423  1 0.6042 0.1910 0.2048 
        H424  1 0.2108 0.3381 0.4511 
        H425  1 0.2249 0.3245 0.4505 
        H426  1 0.2618 0.2015 0.5366 
        H443  1 0.2273 0.3746 0.3981 
        H466  1 0.3708 0.3119 0.3173 
        H467  1 0.5422 0.2338 0.2241 
        H472  1 0.3197 0.3540 0.3263 
        H483  1 0.2216 0.4446 0.3338 
        H504  1 0.2032 0.3029 0.4939 
        H505  1 0.4358 0.3023 0.2619 
        H506  1 0.3462 0.3271 0.3267 
        H507  1 0.1649 0.4090 0.4261 
        H508  1 0.4084 0.2422 0.3493 
        H524  1 0.2035 0.4591 0.3374 
        H525  1 0.2866 0.3533 0.3602 
        H526  1 0.2300 0.5244 0.2456 
        H527  1 0.4512 0.2891 0.2597 
        H528  1 0.1852 0.4330 0.3818 
        H529  1 0.1914 0.3971 0.4115 
        H533  1 0.1878 0.3697 0.4424 
        H538  1 0.3169 0.4067 0.2764 
        H539  1 0.3024 0.2628 0.4348 
        H540  1 0.3162 0.3698 0.3140 
        H541  1 0.2696 0.4792 0.2511 
        H558  1 0.2438 0.2196 0.5366 
        H559  1 0.3061 0.4171 0.2768 
        H579  1 0.2201 0.3562 0.4237 
        H584  1 0.2224 0.2938 0.4837 
        H585  1 0.2583 0.3337 0.4080 
        H605  1 0.4034 0.3047 0.2919 
        H606  1 0.4789 0.3287 0.1923 
        H632  1 0.2288 0.3377 0.4336 
        H634  1 0.2694 0.3466 0.3840 
        H671  1 0.5174 0.2664 0.2162 
        H672  1 0.2852 0.3921 0.3227 
        H673  1 0.2578 0.3546 0.3876 
        H689  1 0.2251 0.4366 0.3383 
        H690  1 0.4384 0.3486 0.2130 
        H691  1 0.2629 0.5105 0.2266 
        H692  1 0.1293 0.3586 0.5121 
        H709  1 0.3049 0.3506 0.3445 
        H710  1 0.1678 0.3402 0.4920 
       H7355  1 0.1943 0.5332 0.2725 
       H7356  1 0.3033 0.2986 0.3982 
       H7357  1 0.3589 0.3984 0.2427 
       H7358  1 0.2275 0.4218 0.3507 
       H7380  1 0.2439 0.4232 0.3330 
       H7381  1 0.4601 0.2238 0.3160 
       H7382  1 0.2574 0.3948 0.3478 
        H904  1 0.5901 0.2627 0.1472 
        H923  1 0.3562 0.3223 0.3215 
        H924  1 0.3906 0.3357 0.2738 
        H925  1 0.2281 0.5168 0.2551 
       H9558  1 0.2236 0.2043 0.5721 
        H008  2 0.1862 0.4206 0.3932 
        H021  2 0.3946 0.3479 0.2576 
        H023  2 0.4546 0.3301 0.2154 
        H024  2 0.1804 0.3221 0.4975 
        H025  2 0.4199 0.2126 0.3675 
        H026  2 0.1869 0.3037 0.5094 
        H027  2 0.2644 0.4820 0.2536 
        H028  2 0.2615 0.3361 0.4024 
        H029  2 0.1994 0.4329 0.3677 
        H030  2 0.1864 0.2822 0.5314 
        H038  2 0.4481 0.2927 0.2592 
        H039  2 0.7066 0.1495 0.1439 
        H040  2 0.4767 0.2553 0.2679 
        H041  2 0.2627 0.4722 0.2651 
        H042  2 0.3531 0.3441 0.3028 
        H043  2 0.5582 0.1614 0.2805 
        H044  2 0.2179 0.2666 0.5155 
        H047  2 0.3893 0.2348 0.3759 
        H050  2 0.2251 0.3254 0.4494 
        H058  2 0.4344 0.2216 0.3440 
        H062  2 0.4085 0.3554 0.2360 
        H063  2 0.4965 0.2705 0.2329 
        H065  2 0.3240 0.2615 0.4146 
        H066  2 0.2752 0.2914 0.4334 
        H067  2 0.2484 0.4677 0.2839 
        H068  2 0.5220 0.2072 0.2707 
        H069  2 0.2903 0.2733 0.4363 
        H071  2 0.4427 0.3016 0.2557 
        H072  2 0.5557 0.2219 0.2224 
        H073  2 0.2537 0.3954 0.3508 
        H081  2 0.3455 0.4299 0.2247 
        H082  2 0.1887 0.2825 0.5288 
        H083  2 0.2131 0.2642 0.5227 
        H084  2 0.3632 0.3137 0.3231 
        H085  2 0.2580 0.5061 0.2358 
        H087  2 0.2722 0.5072 0.2206 
        H088  2 0.4355 0.3242 0.2403 
        H089  2 0.2553 0.4612 0.2835 
        H090  2 0.2072 0.3843 0.4086 
        H091  2 0.1847 0.4992 0.3161 
        H098  2 0.2721 0.3393 0.3886 
      H10001  2 0.7028 0.1555 0.1417 
      H10002  2 0.4391 0.3552 0.2057 
        H101  2 0.2355 0.3037 0.4608 
        H108  2 0.4773 0.3276 0.1952 
        H109  2 0.3808 0.2824 0.3368 
        H110  2 0.2246 0.5274 0.2480 
        H116  2 0.2307 0.3091 0.4602 
        H117  2 0.2016 0.5380 0.2603 
        H118  2 0.1572 0.4234 0.4194 
        H119  2 0.3801 0.3805 0.2393 
        H120  2 0.5792 0.2512 0.1697 
        H121  2 0.1977 0.4227 0.3796 
        H125  2 0.6862 0.1704 0.1434 
        H126  2 0.2728 0.2371 0.4902 
        H128  2 0.1082 0.3268 0.5650 
        H129  2 0.2049 0.2515 0.5435 
        H130  2 0.4923 0.1701 0.3376 
        H133  2 0.5659 0.1910 0.2431 
        H134  2 0.1636 0.2205 0.6159 
        H135  2 0.3176 0.4190 0.2633 
        H137  2 0.3028 0.3459 0.3513 
        H138  2 0.2103 0.2824 0.5073 
        H140  2 0.2771 0.3660 0.3569 
        H146  2 0.2271 0.3820 0.3908 
        H147  2 0.2345 0.4689 0.2966 
        H148  2 0.2287 0.5473 0.2240 
     H166022  2 0.1944 0.4584 0.3472 
     H167359  2 0.2951 0.3418 0.3631 
     H167397  2 0.1325 0.4018 0.4657 
     H167428  2 0.1369 0.5102 0.3529 
     H167496  2 0.5036 0.3119 0.1845 
     H167513  2 0.3577 0.2443 0.3980 
     H167545  2 0.2132 0.2808 0.5060 
     H167547  2 0.1709 0.2687 0.5604 
     H169621  2 0.2089 0.3563 0.4348 
     H169622  2 0.2304 0.3884 0.3812 
     H169750  2 0.3961 0.2022 0.4017 
     H171806  2 0.3559 0.3349 0.3092 
     H171808  2 0.2631 0.4057 0.3312 
     H171809  2 0.3093 0.4250 0.2656 
     H171813  2 0.3540 0.2603 0.3856 
     H171815  2 0.5742 0.1972 0.2286 
     H171824  2 0.3894 0.4329 0.1777 
     H171825  2 0.2707 0.3808 0.3485 
     H171826  2 0.3181 0.4386 0.2433 
     H171827  2 0.3633 0.3370 0.2997 
     H171828  2 0.6135 0.2405 0.1460 
     H171829  2 0.3262 0.2613 0.4125 
     H171830  2 0.3302 0.3004 0.3695 
     H171831  2 0.1666 0.3306 0.5027 
     H171832  2 0.2615 0.2846 0.4539 
     H171863  2 0.1654 0.2592 0.5754 
     H171864  2 0.2977 0.4055 0.2968 
     H171865  2 0.5168 0.2195 0.2637 
     H171879  2 0.2755 0.3760 0.3486 
     H171880  2 0.2296 0.4151 0.3553 
     H171881  2 0.2694 0.4270 0.3036 
     H171882  2 0.6346 0.1886 0.1768 
     H171929  2 0.2790 0.3844 0.3367 
     H171930  2 0.1812 0.2880 0.5308 
     H171933  2 0.2816 0.3726 0.3458 
     H171934  2 0.2912 0.4580 0.2508 
     H171937  2 0.2422 0.2404 0.5173 
     H171962  2 0.2727 0.3821 0.3453 
        H190  2 0.2759 0.3326 0.3914 
        H191  2 0.3529 0.3057 0.3415 
        H396  2 0.3173 0.4262 0.2566 
        H397  2 0.2763 0.3332 0.3905 
        H398  2 0.3515 0.2984 0.3501 
        H400  2 0.2950 0.4429 0.2621 
        H401  2 0.1425 0.3324 0.5251 
        H402  2 0.2132 0.4354 0.3514 
        H427  2 0.2613 0.4853 0.2534 
        H428  2 0.1413 0.5366 0.3220 
        H497  2 0.4335 0.2328 0.3337 
        H512  2 0.2958 0.3681 0.3361 
        H513  2 0.3537 0.2344 0.4119 
        H514  2 0.2790 0.2656 0.4554 
        H519  2 0.3455 0.2642 0.3903 
        H532  2 0.1935 0.5550 0.2515 
        H543  2 0.2124 0.4322 0.3554 
        H544  2 0.3024 0.2129 0.4847 
        H545  2 0.1936 0.2585 0.5479 
        H546  2 0.4935 0.2298 0.2767 
        H547  2 0.1661 0.2624 0.5716 
        H548  2 0.2668 0.4390 0.2942 
        H549  2 0.3407 0.2649 0.3944 
        H620  2 0.6362 0.2035 0.1603 
        H623  2 0.2395 0.2449 0.5155 
        H624  2 0.4389 0.1914 0.3697 
        H625  2 0.2781 0.4035 0.3184 
        H626  2 0.3231 0.3561 0.3208 
        H654  2 0.6929 0.1445 0.1626 
        H655  2 0.4473 0.2554 0.2973 
        H656  2 0.6032 0.2294 0.1674 
        H666  2 0.6056 0.1767 0.2177 
        H667  2 0.2659 0.4425 0.2916 
        H677  2 0.2447 0.4497 0.3055 
        H693  2 0.4862 0.3229 0.1909 
        H694  2 0.2489 0.2683 0.4828 
        H701  2 0.2324 0.3609 0.4067 
        H702  2 0.3660 0.3249 0.3091 
        H731  2 0.4009 0.3476 0.2515 
       H7359  2 0.2965 0.3449 0.3586 
       H7389  2 0.2820 0.3831 0.3349 
       H7390  2 0.5416 0.2416 0.2168 
       H7391  2 0.2216 0.5953 0.1830 
       H7392  2 0.3700 0.2855 0.3445 
       H7393  2 0.4000 0.3111 0.2889 
       H7398  2 0.2798 0.4565 0.2637 
       H7399  2 0.2143 0.4177 0.3680 
       H7400  2 0.6603 0.1687 0.1710 
        H745  2 0.2080 0.2257 0.5663 
        H746  2 0.2193 0.4123 0.3685 
        H747  2 0.5134 0.2537 0.2329 
        H748  2 0.3055 0.3588 0.3358 
       H7484  2 0.5601 0.2292 0.2107 
       H7485  2 0.3161 0.2461 0.4378 
        H749  2 0.2287 0.3710 0.4003 
        H930  2 0.1921 0.3175 0.4905 
        H931  2 0.2999 0.3841 0.3160 
        H932  2 0.3092 0.3747 0.3161 
        H111  3 0.2177 0.2569 0.5254 
        H951  3 0.2098 0.3320 0.4581 
        H952  3 0.3047 0.3138 0.3816 
        H953  3 0.2043 0.5376 0.2581 
        H954  3 0.5484 0.2199 0.2317 
        H955  3 0.1987 0.2949 0.5064 
        H956  3 0.3602 0.3656 0.2742 
       H9563  3 0.3565 0.3891 0.2544 
        H002  4 0.4904 0.1965 0.3130 
        H003  4 0.2162 0.4418 0.3420 
        H009  4 0.2658 0.2528 0.4814 
        H010  4 0.2860 0.4302 0.2838 
        H011  4 0.5728 0.2456 0.1817 
        H012  4 0.2080 0.4878 0.3042 
        H013  4 0.3842 0.3623 0.2535 
        H014  4 0.2974 0.3363 0.3663 
        H045  4 0.3946 0.3811 0.2242 
        H046  4 0.2131 0.4008 0.3861 
        H051  4 0.4666 0.3054 0.2280 
        H052  4 0.4185 0.2271 0.3543 
        H053  4 0.3748 0.3408 0.2844 
        H056  4 0.4841 0.2162 0.2997 
        H076  4 0.1983 0.4043 0.3975 
        H151  4 0.5853 0.1873 0.2275 
        H152  4 0.4350 0.2356 0.3293 
     H171803  4 0.4811 0.2907 0.2282 
     H171804  4 0.4065 0.3349 0.2586 
     H171833  4 0.2209 0.2613 0.5178 
     H171855  4 0.5462 0.1837 0.2701 
     H171856  4 0.3655 0.3355 0.2991 
     H171857  4 0.4665 0.2403 0.2933 
     H171858  4 0.2825 0.3783 0.3392 
     H171859  4 0.3610 0.3354 0.3037 
     H171961  4 0.4541 0.2993 0.2466 
        H198  4 0.1646 0.4402 0.3951 
      H20001  4 0.2578 0.2144 0.5278 
        H403  4 0.3754 0.2925 0.3320 
        H404  4 0.2383 0.4288 0.3329 
        H405  4 0.2080 0.4461 0.3458 
        H406  4 0.2642 0.2089 0.5269 
        H407  4 0.3650 0.3908 0.2442 
        H410  4 0.1648 0.5085 0.3267 
        H411  4 0.2243 0.2466 0.5291 
        H468  4 0.3252 0.1986 0.4762 
        H476  4 0.3775 0.2411 0.3815 
        H477  4 0.2076 0.2432 0.5492 
        H478  4 0.2547 0.4212 0.3241 
        H479  4 0.4211 0.3388 0.2401 
        H480  4 0.2021 0.2662 0.5317 
        H498  4 0.3000 0.3217 0.3783 
        H499  4 0.3353 0.3316 0.3330 
        H500  4 0.5286 0.2860 0.1855 
        H515  4 0.3849 0.3352 0.2799 
        H516  4 0.3476 0.2803 0.3721 
        H517  4 0.2894 0.3814 0.3293 
        H518  4 0.4295 0.2037 0.3668 
        H520  4 0.4709 0.2536 0.2755 
        H521  4 0.3138 0.3633 0.3229 
        H522  4 0.4143 0.2853 0.3004 
        H523  4 0.3644 0.3086 0.3269 
        H536  4 0.2842 0.4076 0.3083 
        H645  4 0.3811 0.4310 0.1879 
        H646  4 0.2045 0.3452 0.4503 
        H647  4 0.2976 0.3171 0.3853 
        H657  4 0.2138 0.4000 0.3862 
        H658  4 0.3509 0.3371 0.3120 
        H659  4 0.6521 0.1694 0.1786 
        H660  4 0.4014 0.2612 0.3374 
        H661  4 0.5150 0.2115 0.2735 
        H668  4 0.2032 0.5052 0.2916 
        H669  4 0.3292 0.4132 0.2576 
        H670  4 0.3335 0.4770 0.1895 
        H678  4 0.3161 0.3404 0.3435 
        H679  4 0.2168 0.3668 0.4164 
        H680  4 0.3289 0.2829 0.3882 
        H681  4 0.3818 0.3595 0.2587 
        H682  4 0.2613 0.4330 0.3056 
        H683  4 0.4331 0.1876 0.3793 
        H718  4 0.5325 0.2373 0.2302 
        H719  4 0.3855 0.3474 0.2671 
        H720  4 0.4310 0.2238 0.3452 
        H721  4 0.4076 0.2260 0.3663 
        H722  4 0.4109 0.1678 0.4213 
        H723  4 0.4306 0.3594 0.2101 
        H724  4 0.5801 0.2249 0.1951 
        H725  4 0.5746 0.1926 0.2328 
        H726  4 0.4347 0.3100 0.2553 
        H727  4 0.4185 0.3578 0.2237 
        H910  4 0.4308 0.3199 0.2493 
        H911  4 0.2565 0.3481 0.3954 
        H912  4 0.3466 0.2916 0.3618 
        H913  4 0.4216 0.2911 0.2873 
        H914  4 0.4445 0.3825 0.1730 
        H915  4 0.3451 0.3198 0.3351 
        H916  4 0.3002 0.2449 0.4549 
       H9572  4 0.4238 0.2736 0.3026 
        H015  5 0.2156 0.2583 0.5261 
        H016  5 0.2367 0.2846 0.4787 
        H017  5 0.3468 0.2105 0.4427 
        H019  5 0.2787 0.2820 0.4393 
        H020  5 0.3795 0.3249 0.2956 
        H032  5 0.3535 0.3085 0.3381 
        H033  5 0.2635 0.4136 0.3229 
        H034  5 0.4269 0.3583 0.2148 
        H035  5 0.3119 0.3485 0.3396 
        H036  5 0.2684 0.3343 0.3973 
        H037  5 0.4533 0.3120 0.2347 
        H048  5 0.4910 0.3058 0.2032 
        H049  5 0.3056 0.2110 0.4834 
        H054  5 0.3146 0.3680 0.3175 
        H055  5 0.4051 0.3450 0.2499 
        H057  5 0.3340 0.2136 0.4524 
        H060  5 0.4238 0.2767 0.2996 
        H061  5 0.2386 0.4678 0.2937 
        H064  5 0.4331 0.2827 0.2842 
        H070  5 0.3806 0.3659 0.2536 
        H077  5 0.5154 0.2210 0.2636 
        H078  5 0.4696 0.2176 0.3128 
        H079  5 0.2116 0.4978 0.2907 
        H097  5 0.3732 0.1715 0.4553 
        H107  5 0.5985 0.2492 0.1523 
        H122  5 0.2952 0.2936 0.4112 
        H123  5 0.2068 0.3899 0.4033 
        H124  5 0.2104 0.4492 0.3404 
        H131  5 0.2248 0.4101 0.3650 
        H132  5 0.3882 0.3408 0.2709 
        H141  5 0.3927 0.3377 0.2697 
        H142  5 0.2219 0.3710 0.4071 
        H157  5 0.4996 0.2686 0.2318 
        H158  5 0.1971 0.2741 0.5288 
        H159  5 0.2199 0.3319 0.4482 
        H160  5 0.3352 0.3032 0.3616 
        H163  5 0.2448 0.3516 0.4035 
        H164  5 0.2701 0.3239 0.4059 
        H165  5 0.1951 0.5231 0.2818 
        H166  5 0.2572 0.3059 0.4369 
        H169  5 0.2795 0.3881 0.3324 
     H169613  5 0.3225 0.3089 0.3686 
     H169653  5 0.2273 0.3623 0.4104 
     H169728  5 0.2846 0.2934 0.4220 
     H169742  5 0.3465 0.4364 0.2171 
        H170  5 0.3070 0.2229 0.4701 
        H171  5 0.2633 0.2246 0.5121 
     H171851  5 0.2873 0.2907 0.4220 
     H171852  5 0.4354 0.2637 0.3009 
     H171853  5 0.3957 0.3481 0.2562 
     H171854  5 0.3014 0.2979 0.4007 
     H171938  5 0.2986 0.4811 0.2203 
     H171939  5 0.2214 0.3344 0.4442 
     H171941  5 0.5253 0.2537 0.2210 
     H171965  5 0.2245 0.3534 0.4221 
     H171970  5 0.5757 0.2268 0.1975 
     H171973  5 0.2254 0.4969 0.2777 
     H171974  5 0.3165 0.4277 0.2558 
     H171975  5 0.3596 0.3514 0.2890 
     H171976  5 0.3213 0.1980 0.4807 
        H175  5 0.4502 0.3359 0.2139 
        H178  5 0.3744 0.3294 0.2961 
        H189  5 0.1839 0.3806 0.4355 
        H399  5 0.2936 0.2248 0.4816 
        H416  5 0.3337 0.3936 0.2726 
        H438  5 0.3013 0.4463 0.2523 
        H450  5 0.5138 0.2491 0.2371 
        H455  5 0.5698 0.2511 0.1791 
        H456  5 0.3051 0.4519 0.2430 
        H457  5 0.4585 0.2212 0.3203 
        H458  5 0.4240 0.3132 0.2628 
        H459  5 0.2043 0.4149 0.3808 
        H460  5 0.3727 0.3032 0.3241 
        H461  5 0.2632 0.2400 0.4968 
        H462  5 0.2652 0.3761 0.3587 
        H469  5 0.2130 0.3899 0.3971 
        H470  5 0.3970 0.3057 0.2973 
        H471  5 0.1931 0.2891 0.5178 
        H481  5 0.5569 0.2455 0.1975 
        H482  5 0.4097 0.2928 0.2975 
        H501  5 0.3460 0.3529 0.3012 
        H502  5 0.2040 0.3031 0.4929 
        H503  5 0.2828 0.3041 0.4130 
        H509  5 0.4552 0.3113 0.2335 
        H510  5 0.3332 0.3021 0.3646 
        H511  5 0.2391 0.3614 0.3995 
        H530  5 0.3548 0.4121 0.2331 
        H531  5 0.4982 0.2457 0.2562 
        H564  5 0.4278 0.2828 0.2894 
        H565  5 0.5262 0.2194 0.2544 
        H567  5 0.1673 0.4017 0.4310 
     H568???  5 0.2192 0.3081 0.4727 
        H608  5 0.4976 0.2627 0.2397 
        H609  5 0.2809 0.4647 0.2544 
        H612  5 0.5392 0.2955 0.1653 
        H614  5 0.5254 0.2180 0.2565 
        H615  5 0.4856 0.2090 0.3054 
        H616  5 0.5790 0.2728 0.1483 
        H617  5 0.1992 0.4590 0.3418 
        H618  5 0.5006 0.2692 0.2302 
        H619  5 0.2510 0.4951 0.2539 
        H635  5 0.2954 0.3573 0.3473 
        H636  5 0.2386 0.5266 0.2348 
        H637  5 0.3814 0.3446 0.2740 
        H644  5 0.1319 0.2403 0.6278 
        H711  5 0.2578 0.2694 0.4729 
        H712  5 0.3975 0.3915 0.2110 
       H7360  5 0.3669 0.2592 0.3739 
       H7361  5 0.4245 0.2800 0.2955 
       H7362  5 0.1510 0.2728 0.5761 
       H7363  5 0.3791 0.2736 0.3474 
       H7394  5 0.2129 0.3490 0.4380 
       H7395  5 0.3571 0.3668 0.2761 
       H7396  5 0.3130 0.3511 0.3359 
        H742  5 0.3474 0.4387 0.2140 
        H743  5 0.3685 0.3393 0.2921 
        H744  5 0.5022 0.3096 0.1882 
        H957  5 0.3317 0.2627 0.4056 
        H958  5 0.2782 0.3410 0.3807 
        H959  5 0.5014 0.2924 0.2062 
        H960  5 0.3092 0.4057 0.2851 
      H_PALI  6 0.3061 0.2933 0.4006 
        H581  6 0.3981 0.2642 0.3377 
        H582  6 0.5852 0.1804 0.2345 
        H583  6 0.3605 0.3387 0.3008 
        H595  6 0.1844 0.3332 0.4824 
        H596  6 0.1849 0.3464 0.4687 
        H597  6 0.1973 0.3664 0.4363 
        H598  6 0.3345 0.3852 0.2803 
        H599  6 0.4419 0.2899 0.2681 
        H642  6 0.2537 0.2532 0.4931 
        H643  6 0.3037 0.4087 0.2876 
        H664  6 0.5399 0.1773 0.2828 
        H665  6 0.2774 0.4879 0.2347 
        H674  6 0.1676 0.2552 0.5772 
        H675  6 0.4147 0.2615 0.3238 
        H676  6 0.2332 0.2757 0.4911 
        H686  6 0.3164 0.3003 0.3833 
        H687  6 0.3211 0.2963 0.3826 
        H917  6 0.1924 0.4657 0.3419 
        H918  6 0.2841 0.4403 0.2756 
        H919  6 0.4903 0.3261 0.1836 
        H920  6 0.4480 0.2584 0.2936 
        H631  7 0.4384 0.2970 0.2646 
        H684  7 0.2099 0.2493 0.5408 
        H685  7 0.5063 0.2338 0.2600 
        H713  7 0.5745 0.2292 0.1964 
        H715  7 0.2462 0.2815 0.4723 
        H716  7 0.3961 0.3288 0.2750 
        H717  7 0.3983 0.3113 0.2904 
        H729  7 0.1855 0.4992 0.3152 
        H730  7 0.3270 0.4476 0.2255 
        H431  8 0.3885 0.3601 0.2514 
        H432  8 0.1868 0.2990 0.5142 
        H433  8 0.2623 0.4063 0.3313 
        H434  8 0.2964 0.3514 0.3521 
        H444  8 0.2737 0.4020 0.3243 
        H454  8 0.5404 0.2544 0.2053 
        H475  8 0.5510 0.2107 0.2383 
        H491  8 0.4608 0.2478 0.2913 
        H492  8 0.4889 0.2504 0.2607 
        H493  8 0.2675 0.3222 0.4103 
        H494  8 0.3755 0.3166 0.3079 
        H495  8 0.5129 0.1734 0.3137 
        H662  8 0.2902 0.2980 0.4119 
        H663  8 0.3426 0.3473 0.3101 
        H695  8 0.3486 0.3897 0.2617 
       H7367  8 0.1956 0.4178 0.3866 
       H7368  8 0.2393 0.3608 0.3999 
       H7369  8 0.2868 0.4483 0.2648 
       H7370  8 0.1723 0.3662 0.4615 
       H7371  8 0.2784 0.4236 0.2979 
        H600  9 0.4753 0.2775 0.2472 
        H648  9 0.3340 0.2917 0.3743 
        H696  9 0.1701 0.2363 0.5937 
        H697  9 0.2595 0.4217 0.3188 
        H698  9 0.2393 0.3879 0.3728 
        H699  9 0.3105 0.3217 0.3678 
        H700  9 0.4834 0.2960 0.2207 
        H732  9 0.5238 0.2129 0.2633 
        H733  9 0.2229 0.4065 0.3707 
        H734  9 0.1961 0.3051 0.4988 
        H735  9 0.2557 0.3153 0.4290 
        H736  9 0.3513 0.3268 0.3220 
        H737  9 0.3579 0.3932 0.2490 
        H905  9 0.4292 0.3492 0.2216 
        H921  9 0.4009 0.3635 0.2356 
        H922  9 0.1976 0.3712 0.4312 
     H169705 10 0.2552 0.3814 0.3634 
     H171942 10 0.1798 0.2972 0.5230 
     H171943 10 0.2928 0.3117 0.3955 
     H171944 10 0.3000 0.4100 0.2900 
     H171946 10 0.4657 0.2242 0.3102 
     H171947 10 0.2699 0.3276 0.4025 
     H229641 10 0.3414 0.2907 0.3678 
      H30001 10 0.3584 0.3567 0.2850 
      H30002 10 0.3063 0.3977 0.2959 
      H30005 10 0.2818 0.3827 0.3355 
      H30006 10 0.2258 0.3362 0.4380 
      H30007 10 0.1747 0.2548 0.5705 
        H451 10 0.2234 0.3685 0.4081 
        H452 10 0.2691 0.3528 0.3781 
        H453 10 0.5083 0.2300 0.2618 
        H473 10 0.3765 0.3352 0.2883 
        H474 10 0.6023 0.1636 0.2341 
        H486 10 0.4392 0.2841 0.2767 
        H487 10 0.4181 0.3150 0.2669 
        H488 10 0.3489 0.4135 0.2376 
        H489 10 0.4812 0.2842 0.2345 
        H550 10 0.2433 0.2711 0.4856 
        H551 10 0.3618 0.3819 0.2563 
        H553 10 0.4640 0.2782 0.2578 
        H554 10 0.2654 0.3189 0.4157 
        H556 10 0.3396 0.2752 0.3852 
        H580 10 0.2530 0.4413 0.3057 
        H591 10 0.5823 0.2272 0.1905 
        H592 10 0.3821 0.3284 0.2895 
        H593 10 0.3049 0.3237 0.3714 
        H594 10 0.1577 0.3392 0.5031 
        H627 10 0.3843 0.2345 0.3812 
        H628 10 0.1627 0.5390 0.2983 
        H629 10 0.3504 0.2436 0.4060 
        H630 10 0.3398 0.2866 0.3735 
        H638 10 0.2669 0.3400 0.3932 
        H639 10 0.4884 0.2085 0.3031 
        H640 10 0.2496 0.3141 0.4363 
        H704 10 0.2272 0.3185 0.4543 
        H705 10 0.2533 0.3949 0.3518 
        H706 10 0.4389 0.3726 0.1885 
        H708 10 0.5446 0.2417 0.2137 
       H7351 10 0.3088 0.3094 0.3818 
       H7352 10 0.3187 0.3531 0.3282 
       H7353 10 0.2197 0.2445 0.5358 
       H7354 10 0.4078 0.3468 0.2453 
       H7365 10 0.5390 0.2616 0.1995 
       H7383 10 0.3983 0.3749 0.2268 
       H7384 10 0.3498 0.3987 0.2515 
       H7385 10 0.4604 0.3002 0.2395 
       H7386 10 0.2877 0.4038 0.3084 
       H7387 10 0.2532 0.4086 0.3382 
       H7388 10 0.2732 0.4405 0.2864 
        H906 10 0.4454 0.2328 0.3219 
        H907 10 0.2106 0.3081 0.4812 
        H908 10 0.3407 0.3527 0.3067 
        H909 10 0.3452 0.4015 0.2533 
       H9552 10 0.2914 0.3510 0.3576 
       H9553 10 0.3844 0.3394 0.2762 
       H9555 10 0.2467 0.4504 0.3029 
       H9575 10 0.4747 0.2422 0.2831 
       H9703 10 0.5331 0.2624 0.2045 
       H9707 10 0.4835 0.2550 0.2615 
       HSAA4 10 0.2625 0.4273 0.3102 
        H001 11 0.3366 0.4009 0.2625 
        H004 11 0.2992 0.3638 0.3370 
        H005 11 0.5085 0.2982 0.1933 
        H006 11 0.3312 0.3888 0.2800 
        H007 11 0.4859 0.3203 0.1939 
        H031 11 0.5591 0.2687 0.1722 
        H074 11 0.5255 0.2091 0.2654 
        H075 11 0.5013 0.3235 0.1751 
        H080 11 0.4527 0.3104 0.2369 
        H086 11 0.3384 0.3499 0.3117 
        H092 11 0.3934 0.3342 0.2724 
        H093 11 0.1825 0.2827 0.5348 
        H094 11 0.2758 0.3107 0.4135 
        H095 11 0.4261 0.3311 0.2428 
        H096 11 0.3767 0.4012 0.2221 
        H099 11 0.4134 0.3051 0.2815 
        H100 11 0.2058 0.3959 0.3983 
        H127 11 0.3748 0.3641 0.2611 
        H136 11 0.5441 0.2313 0.2246 
        H153 11 0.2981 0.2630 0.4389 
        H154 11 0.5218 0.2404 0.2378 
        H155 11 0.1784 0.5342 0.2874 
        H156 11 0.1492 0.5114 0.3394 
        H161 11 0.2937 0.2685 0.4379 
        H162 11 0.2039 0.3702 0.4259 
        H167 11 0.2480 0.4461 0.3058 
        H168 11 0.2613 0.4156 0.3231 
     H169586 11 0.4098 0.1872 0.4030 
     H169738 11 0.2252 0.4919 0.2829 
     H169741 11 0.4759 0.2649 0.2592 
     H171801 11 0.2466 0.2793 0.4741 
     H171810 11 0.5039 0.2176 0.2786 
     H171811 11 0.5297 0.1988 0.2715 
     H171812 11 0.3317 0.4532 0.2152 
     H171820 11 0.5084 0.2385 0.2531 
     H171821 11 0.2391 0.4201 0.3407 
     H171822 11 0.2841 0.3851 0.3308 
     H171823 11 0.5217 0.1428 0.3355 
     H171866 11 0.2346 0.3701 0.3953 
     H171867 11 0.2320 0.4896 0.2784 
     H171967 11 0.4811 0.3121 0.2068 
     H171969 11 0.3463 0.3273 0.3264 
        H172 11 0.2820 0.4271 0.2909 
        H173 11 0.2728 0.4891 0.2381 
        H174 11 0.1976 0.3095 0.4929 
        H196 11 0.1940 0.5012 0.3048 
        H197 11 0.2421 0.4454 0.3125 
        H346 11 0.3628 0.3853 0.2519 
        H355 11 0.4051 0.3322 0.2627 
        H356 11 0.4019 0.3155 0.2825 
        H357 11 0.4444 0.3155 0.2401 
        H358 11 0.3113 0.4717 0.2170 
        H359 11 0.3475 0.3206 0.3318 
        H360 11 0.3131 0.3936 0.2933 
        H361 11 0.2525 0.4508 0.2967 
        H362 11 0.1711 0.3714 0.4575 
        H363 11 0.4697 0.3080 0.2223 
        H364 11 0.3204 0.3449 0.3347 
        H365 11 0.2594 0.4336 0.3070 
        H366 11 0.2452 0.4614 0.2934 
        H367 11 0.5355 0.2314 0.2332 
        H368 11 0.2696 0.2608 0.4697 
        H369 11 0.5232 0.2935 0.1833 
        H370 11 0.2398 0.3960 0.3642 
        H371 11 0.3273 0.2925 0.3802 
        H372 11 0.2669 0.4290 0.3041 
        H373 11 0.3250 0.3454 0.3297 
        H374 11 0.4045 0.3510 0.2445 
        H375 11 0.3940 0.3710 0.2350 
        H376 11 0.2279 0.3647 0.4075 
        H377 11 0.3829 0.3253 0.2918 
        H378 11 0.3824 0.2904 0.3272 
        H379 11 0.3145 0.3094 0.3761 
        H380 11 0.2008 0.5099 0.2893 
        H381 11 0.5013 0.2015 0.2972 
        H382 11 0.1541 0.4074 0.4385 
        H383 11 0.1896 0.4176 0.3928 
        H384 11 0.4144 0.3131 0.2725 
        H385 11 0.3992 0.2898 0.3109 
        H386 11 0.2528 0.5202 0.2270 
        H387 11 0.2960 0.2276 0.4764 
        H388 11 0.1727 0.5149 0.3124 
        H389 11 0.3670 0.3785 0.2545 
        H390 11 0.2885 0.3782 0.3333 
        H391 11 0.2457 0.3278 0.4266 
        H392 11 0.5027 0.3185 0.1787 
        H393 11 0.2187 0.3115 0.4697 
        H394 11 0.2172 0.2127 0.5701 
        H395 11 0.4329 0.3515 0.2157 
        H408 11 0.3087 0.4697 0.2217 
        H412 11 0.5596 0.1533 0.2871 
        H417 11 0.3762 0.3585 0.2653 
        H418 11 0.3654 0.2425 0.3920 
        H429 11 0.2815 0.4234 0.2951 
        H430 11 0.2240 0.4263 0.3497 
        H439 11 0.3331 0.3912 0.2757 
        H440 11 0.5093 0.2722 0.2185 
        H441 11 0.2386 0.4034 0.3580 
        H442 11 0.2395 0.4467 0.3138 
        H446 11 0.3117 0.3298 0.3585 
        H447 11 0.2163 0.5013 0.2824 
        H448 11 0.2621 0.5059 0.2320 
        H534 11 0.5631 0.1993 0.2376 
        H537 11 0.5040 0.2169 0.2791 
        H568 11 0.6045 0.1958 0.1996 
        H569 11 0.1702 0.4400 0.3897 
        H586 11 0.4075 0.1793 0.4131 
        H587 11 0.5760 0.2377 0.1863 
        H588 11 0.1937 0.2902 0.5161 
        H589 11 0.5157 0.2812 0.2031 
        H590 11 0.4768 0.2496 0.2736 
        H601 11 0.1890 0.3763 0.4347 
        H602 11 0.3907 0.3489 0.2603 
        H603 11 0.2323 0.4720 0.2957 
        H610 11 0.3908 0.3432 0.2659 
        H611 11 0.4545 0.2521 0.2934 
        H649 11 0.3350 0.3104 0.3547 
        H650 11 0.2149 0.2721 0.5130 
        H651 11 0.2728 0.4692 0.2580 
        H652 11 0.3167 0.2853 0.3980 
       H7364 11 0.2585 0.4321 0.3094 
       H7366 11 0.3142 0.4515 0.2342 
       H7378 11 0.1259 0.2264 0.6477 
       H7379 11 0.2906 0.3870 0.3224 
        H739 11 0.4648 0.2720 0.2632 
        H740 11 0.2458 0.3052 0.4490 
        H741 11 0.4690 0.2717 0.2593 
        H926 11 0.2562 0.2793 0.4645 
        H927 11 0.2142 0.4993 0.2865 
        H928 11 0.3192 0.3010 0.3798 
       H9560 11 0.2849 0.3259 0.3892 
        H409 12 0.2323 0.4558 0.3119 
        H413 12 0.2255 0.2137 0.5608 
        H419 12 0.2562 0.4692 0.2747 
        H420 12 0.4034 0.3257 0.2709 
        H421 12 0.1672 0.3865 0.4463 
        H435 12 0.2311 0.3406 0.4283 
        H436 12 0.3347 0.4283 0.2370 
        H437 12 0.4759 0.2349 0.2892 
        H445 12 0.2085 0.5190 0.2725 
        H449 12 0.2718 0.3126 0.4157 
        H463 12 0.4200 0.2710 0.3090 
        H464 12 0.2051 0.2410 0.5539 
        H465 12 0.3247 0.1907 0.4846 
        H490 12 0.2007 0.2959 0.5034 
        H561 12 0.2910 0.3242 0.3848 
        H562 12 0.2814 0.4982 0.2204 
        H563 12 0.3676 0.3866 0.2458 
        H570 12 0.4318 0.3468 0.2214 
        H571 12 0.3499 0.2400 0.4101 
        H572 12 0.4178 0.2999 0.2823 
        H573 12 0.2170 0.4550 0.3280 
       H7372 12 0.1497 0.5504 0.2999 
       H7373 12 0.2112 0.2139 0.5749 
       H7374 12 0.4104 0.3303 0.2592 
       H7375 12 0.4336 0.3375 0.2290 
       H7376 12 0.1913 0.5490 0.2597 
       H7377 12 0.4392 0.2845 0.2762 
