        H102  1 0.2346 0.3591 0.1960 0.2103 
        H103  1 0.1378 0.2923 0.3135 0.2564 
        H104  1 0.3637 0.2037 0.1799 0.2527 
        H105  1 0.2109 0.3052 0.2054 0.2785 
        H106  1 0.2618 0.2402 0.2533 0.2447 
        H112  1 0.3161 0.2606 0.2032 0.2200 
        H113  1 0.2211 0.2522 0.2045 0.3223 
        H114  1 0.1643 0.3001 0.2083 0.3273 
        H115  1 0.2533 0.3071 0.1690 0.2706 
        H143  1 0.1912 0.3215 0.2357 0.2515 
        H144  1 0.1407 0.2764 0.3545 0.2285 
        H145  1 0.1342 0.3233 0.2992 0.2433 
        H149  1 0.3551 0.2454 0.1905 0.2090 
        H150  1 0.2408 0.2433 0.2788 0.2371 
     H167542  1 0.1808 0.3020 0.1951 0.3220 
     H169604  1 0.2084 0.2966 0.2159 0.2791 
     H169607  1 0.1687 0.2801 0.2831 0.2682 
     H169608  1 0.3307 0.2830 0.1988 0.1875 
     H169633  1 0.1516 0.2712 0.2469 0.3303 
     H169688  1 0.1946 0.2185 0.3676 0.2193 
     H169714  1 0.3114 0.2333 0.2198 0.2355 
     H171802  1 0.3537 0.1929 0.2194 0.2340 
     H171805  1 0.1851 0.2892 0.2656 0.2601 
     H171807  1 0.3115 0.2523 0.2456 0.1906 
     H171814  1 0.1480 0.2053 0.3473 0.2994 
     H171816  1 0.3034 0.2443 0.2280 0.2242 
     H171817  1 0.2829 0.2684 0.2086 0.2401 
     H171818  1 0.2243 0.2620 0.2297 0.2841 
     H171819  1 0.2669 0.2501 0.2292 0.2539 
     H171834  1 0.2196 0.3410 0.2243 0.2151 
     H171835  1 0.4020 0.1753 0.1988 0.2239 
     H171836  1 0.1156 0.3110 0.2458 0.3276 
     H171837  1 0.2715 0.2317 0.2061 0.2908 
     H171838  1 0.1831 0.3028 0.2747 0.2393 
     H171839  1 0.2770 0.2422 0.1893 0.2915 
     H171841  1 0.4142 0.2055 0.2189 0.1614 
     H171860  1 0.2307 0.2842 0.2126 0.2726 
     H171861  1 0.1201 0.3643 0.2367 0.2789 
     H171862  1 0.2190 0.3039 0.2431 0.2340 
     H171868  1 0.1902 0.3444 0.1855 0.2799 
     H171869  1 0.1873 0.2301 0.3514 0.2312 
     H171870  1 0.2519 0.2146 0.3007 0.2328 
     H171871  1 0.1800 0.2603 0.2827 0.2770 
     H171872  1 0.2728 0.2525 0.1947 0.2800 
     H171873  1 0.2606 0.1977 0.3202 0.2214 
     H171874  1 0.1860 0.3388 0.2576 0.2176 
     H171875  1 0.1355 0.3305 0.2500 0.2840 
     H171876  1 0.1828 0.3218 0.2270 0.2684 
     H171877  1 0.1937 0.2695 0.1885 0.3483 
     H171878  1 0.2989 0.2066 0.2848 0.2097 
     H171901  1 0.3164 0.2057 0.2271 0.2508 
     H171902  1 0.2498 0.2449 0.2941 0.2112 
     H171903  1 0.2338 0.2956 0.2289 0.2416 
     H171935  1 0.3229 0.2123 0.2591 0.2057 
     H171936  1 0.1678 0.2464 0.2290 0.3568 
     H171940  1 0.3072 0.2580 0.2171 0.2177 
     H171945  1 0.2256 0.2296 0.2995 0.2453 
     H171948  1 0.2866 0.3071 0.2008 0.2055 
     H171949  1 0.4067 0.1955 0.2089 0.1890 
     H171950  1 0.4146 0.1925 0.1909 0.2020 
     H171963  1 0.1678 0.2229 0.3328 0.2765 
     H171964  1 0.1991 0.2210 0.3787 0.2011 
     H171966  1 0.2462 0.2697 0.2651 0.2190 
     H171968  1 0.2797 0.2614 0.2475 0.2114 
     H171971  1 0.2409 0.2527 0.2643 0.2422 
     H171972  1 0.1630 0.2898 0.3059 0.2412 
     H171977  1 0.1682 0.2180 0.3211 0.2927 
     H171978  1 0.3013 0.2497 0.2565 0.1925 
     H171979  1 0.1453 0.2986 0.2834 0.2727 
        H176  1 0.2034 0.2759 0.2514 0.2692 
        H177  1 0.3736 0.2245 0.1877 0.2142 
        H179  1 0.3380 0.2193 0.1775 0.2653 
        H181  1 0.1780 0.2622 0.3051 0.2548 
        H182  1 0.1298 0.3701 0.2483 0.2517 
        H183  1 0.2012 0.2290 0.3312 0.2386 
        H184  1 0.2924 0.2702 0.2068 0.2306 
        H185  1 0.1761 0.2439 0.2996 0.2804 
        H186  1 0.2696 0.2437 0.3097 0.1770 
        H187  1 0.2270 0.2611 0.2382 0.2737 
        H188  1 0.3194 0.2108 0.1862 0.2835 
        H192  1 0.3554 0.2352 0.2094 0.2000 
        H193  1 0.1514 0.3238 0.2938 0.2309 
        H194  1 0.2488 0.2873 0.2104 0.2535 
        H195  1 0.1647 0.2217 0.4106 0.2030 
        H199  1 0.1828 0.2188 0.3523 0.2461 
        H200  1 0.2983 0.2295 0.2304 0.2418 
        H414  1 0.1853 0.3027 0.2683 0.2438 
        H415  1 0.1807 0.3067 0.2335 0.2791 
        H422  1 0.2677 0.2374 0.2897 0.2052 
        H423  1 0.4887 0.1786 0.1658 0.1669 
        H424  1 0.1585 0.2751 0.3130 0.2533 
        H425  1 0.1664 0.1958 0.3910 0.2467 
        H426  1 0.2082 0.2314 0.3620 0.1984 
        H443  1 0.1730 0.2391 0.3588 0.2290 
        H466  1 0.2580 0.2618 0.2386 0.2417 
        H467  1 0.4175 0.1910 0.2163 0.1753 
        H472  1 0.2629 0.2021 0.2551 0.2800 
        H483  1 0.1671 0.3192 0.2452 0.2685 
        H504  1 0.1682 0.2150 0.3589 0.2578 
        H505  1 0.3128 0.2041 0.2237 0.2594 
        H506  1 0.2399 0.2569 0.2658 0.2374 
        H507  1 0.1248 0.2779 0.2736 0.3236 
        H508  1 0.2952 0.2065 0.2621 0.2362 
        H524  1 0.1539 0.2316 0.2677 0.3468 
        H525  1 0.1969 0.2621 0.2796 0.2615 
        H526  1 0.1833 0.2602 0.2168 0.3398 
        H527  1 0.2924 0.2718 0.2278 0.2079 
        H528  1 0.1532 0.2895 0.2954 0.2619 
        H529  1 0.1425 0.2471 0.3238 0.2867 
        H533  1 0.1234 0.3429 0.2289 0.3048 
        H538  1 0.2640 0.2428 0.2213 0.2719 
        H539  1 0.1969 0.2614 0.2856 0.2560 
        H540  1 0.2211 0.2835 0.2289 0.2664 
        H541  1 0.2015 0.2862 0.1981 0.3142 
        H558  1 0.1950 0.2740 0.3123 0.2186 
        H559  1 0.2260 0.3111 0.2158 0.2471 
        H579  1 0.1618 0.3254 0.2770 0.2359 
        H584  1 0.1816 0.2336 0.3484 0.2363 
        H585  1 0.2107 0.2428 0.2878 0.2587 
        H605  1 0.2679 0.2509 0.2433 0.2379 
        H606  1 0.3738 0.2351 0.1837 0.2074 
        H632  1 0.1702 0.2446 0.3481 0.2370 
        H634  1 0.1963 0.2700 0.2876 0.2461 
        H671  1 0.4220 0.1913 0.1927 0.1941 
        H672  1 0.2210 0.2168 0.2588 0.3034 
        H673  1 0.1919 0.2778 0.3030 0.2273 
        H689  1 0.1797 0.2850 0.2669 0.2685 
        H690  1 0.2818 0.2800 0.1853 0.2528 
        H691  1 0.1914 0.3083 0.1952 0.3051 
        H692  1 0.1110 0.2928 0.3291 0.2672 
        H709  1 0.1985 0.2964 0.2408 0.2643 
        H710  1 0.1372 0.2945 0.3336 0.2347 
       H7355  1 0.1470 0.3185 0.2030 0.3315 
       H7356  1 0.2243 0.2517 0.2935 0.2305 
       H7357  1 0.2412 0.2768 0.2161 0.2659 
       H7358  1 0.1712 0.2367 0.2837 0.3084 
       H7380  1 0.1852 0.3283 0.2644 0.2222 
       H7381  1 0.3193 0.2109 0.2807 0.1892 
       H7382  1 0.1842 0.3019 0.2614 0.2526 
        H904  1 0.4745 0.2145 0.1440 0.1669 
        H923  1 0.2703 0.2062 0.2715 0.2521 
        H924  1 0.2903 0.2358 0.2366 0.2373 
        H925  1 0.1773 0.2249 0.2319 0.3659 
       H9558  1 0.1827 0.2627 0.3398 0.2148 
        H008  2 0.1484 0.3099 0.2444 0.2973 
        H021  2 0.3056 0.2354 0.2141 0.2449 
        H023  2 0.2960 0.2520 0.1976 0.2545 
        H024  2 0.1522 0.2106 0.3336 0.3036 
        H025  2 0.3501 0.2051 0.2637 0.1811 
        H026  2 0.1617 0.2063 0.3566 0.2754 
        H027  2 0.2047 0.2374 0.2249 0.3330 
        H028  2 0.2001 0.2689 0.2838 0.2472 
        H029  2 0.1749 0.2136 0.2668 0.3447 
        H030  2 0.1595 0.2325 0.3415 0.2665 
        H038  2 0.3340 0.1845 0.2381 0.2434 
        H039  2 0.6019 0.1322 0.1326 0.1333 
        H040  2 0.3353 0.1963 0.2310 0.2374 
        H041  2 0.2168 0.2701 0.1986 0.3144 
        H042  2 0.2804 0.2353 0.2234 0.2609 
        H043  2 0.3819 0.1984 0.2376 0.1820 
        H044  2 0.1714 0.2862 0.2761 0.2663 
        H047  2 0.3331 0.2108 0.2586 0.1975 
        H050  2 0.1728 0.2500 0.2988 0.2784 
        H058  2 0.2907 0.2162 0.2469 0.2461 
        H062  2 0.2948 0.2362 0.2115 0.2575 
        H063  2 0.3617 0.2160 0.1936 0.2288 
        H065  2 0.2540 0.1947 0.3612 0.1901 
        H066  2 0.2216 0.2282 0.2809 0.2693 
        H067  2 0.1904 0.3106 0.2228 0.2762 
        H068  2 0.3824 0.1940 0.2194 0.2043 
        H069  2 0.2218 0.1960 0.3087 0.2735 
        H071  2 0.3169 0.2303 0.2137 0.2390 
        H072  2 0.4159 0.2004 0.1779 0.2058 
        H073  2 0.1998 0.2403 0.2775 0.2824 
        H081  2 0.2527 0.2845 0.1711 0.2917 
        H082  2 0.1397 0.2701 0.3090 0.2812 
        H083  2 0.1575 0.2806 0.3308 0.2311 
        H084  2 0.2727 0.2015 0.2351 0.2908 
        H085  2 0.1920 0.2760 0.1851 0.3469 
        H087  2 0.2093 0.3265 0.1773 0.2869 
        H088  2 0.3148 0.2627 0.1885 0.2341 
        H089  2 0.1752 0.2716 0.2313 0.3219 
        H090  2 0.1737 0.2445 0.2874 0.2944 
        H091  2 0.1441 0.2234 0.2357 0.3968 
        H098  2 0.2042 0.2351 0.2524 0.3083 
      H10001  2 0.5821 0.1363 0.1476 0.1340 
      H10002  2 0.2828 0.3102 0.1802 0.2268 
        H101  2 0.1794 0.2289 0.2813 0.3105 
        H108  2 0.3588 0.2625 0.1758 0.2030 
        H109  2 0.2785 0.2248 0.2344 0.2623 
        H110  2 0.1580 0.3717 0.1876 0.2827 
        H116  2 0.1828 0.2671 0.3037 0.2464 
        H117  2 0.1802 0.2454 0.2018 0.3725 
        H118  2 0.1333 0.2279 0.3107 0.3280 
        H119  2 0.3126 0.2352 0.2043 0.2478 
        H120  2 0.4494 0.2114 0.1527 0.1865 
        H121  2 0.1691 0.2174 0.2778 0.3358 
        H125  2 0.5908 0.1382 0.1342 0.1368 
        H126  2 0.2137 0.2353 0.3508 0.2001 
        H128  2 0.0993 0.1914 0.3840 0.3253 
        H129  2 0.1545 0.2438 0.3875 0.2143 
        H130  2 0.3487 0.2198 0.2683 0.1632 
        H133  2 0.4475 0.1726 0.2027 0.1772 
        H134  2 0.1484 0.1948 0.4672 0.1896 
        H135  2 0.2442 0.2942 0.1976 0.2639 
        H137  2 0.2377 0.2460 0.2369 0.2794 
        H138  2 0.1631 0.2918 0.3376 0.2075 
        H140  2 0.2400 0.2573 0.2464 0.2563 
        H146  2 0.1847 0.2067 0.2944 0.3142 
        H147  2 0.1800 0.2878 0.2095 0.3227 
        H148  2 0.1771 0.2973 0.1897 0.3360 
     H166022  2 0.1556 0.3135 0.2429 0.2879 
     H167359  2 0.2088 0.2634 0.2544 0.2733 
     H167397  2 0.1010 0.2628 0.2796 0.3565 
     H167428  2 0.1114 0.2844 0.2565 0.3477 
     H167496  2 0.4144 0.2082 0.1624 0.2150 
     H167513  2 0.2320 0.2433 0.2709 0.2538 
     H167545  2 0.1533 0.2872 0.2953 0.2643 
     H167547  2 0.1521 0.2302 0.3401 0.2776 
     H169621  2 0.1680 0.2686 0.2866 0.2768 
     H169622  2 0.1610 0.2968 0.2877 0.2544 
     H169750  2 0.3356 0.2035 0.2666 0.1944 
     H171806  2 0.2813 0.1953 0.2539 0.2695 
     H171808  2 0.1951 0.2201 0.2857 0.2990 
     H171809  2 0.2393 0.3088 0.2070 0.2449 
     H171813  2 0.2269 0.2417 0.3021 0.2293 
     H171815  2 0.4310 0.1821 0.2130 0.1739 
     H171824  2 0.3323 0.2666 0.1579 0.2432 
     H171825  2 0.1969 0.2921 0.2605 0.2505 
     H171826  2 0.2707 0.2839 0.2000 0.2454 
     H171827  2 0.2294 0.3021 0.2322 0.2363 
     H171828  2 0.4980 0.1752 0.1441 0.1827 
     H171829  2 0.2601 0.2052 0.3240 0.2107 
     H171830  2 0.2365 0.2601 0.2319 0.2715 
     H171831  2 0.1445 0.2376 0.3636 0.2543 
     H171832  2 0.1999 0.2957 0.2760 0.2284 
     H171863  2 0.1323 0.2384 0.3682 0.2611 
     H171864  2 0.2199 0.2310 0.2302 0.3190 
     H171865  2 0.4115 0.1693 0.2080 0.2112 
     H171879  2 0.2152 0.2486 0.2526 0.2836 
     H171880  2 0.1849 0.2549 0.2157 0.3446 
     H171881  2 0.1973 0.2971 0.2382 0.2673 
     H171882  2 0.4922 0.1728 0.1703 0.1647 
     H171929  2 0.2070 0.2638 0.2340 0.2951 
     H171930  2 0.1458 0.2760 0.2736 0.3046 
     H171933  2 0.2128 0.2541 0.2546 0.2785 
     H171934  2 0.1972 0.2823 0.2189 0.3016 
     H171937  2 0.1783 0.2500 0.3478 0.2239 
     H171962  2 0.1791 0.3082 0.2453 0.2674 
        H190  2 0.1817 0.2985 0.2543 0.2656 
        H191  2 0.2505 0.2239 0.2705 0.2551 
        H396  2 0.2545 0.2070 0.2315 0.3071 
        H397  2 0.2031 0.2764 0.2577 0.2627 
        H398  2 0.2576 0.1963 0.3081 0.2381 
        H400  2 0.2008 0.2305 0.2334 0.3353 
        H401  2 0.1246 0.2245 0.3190 0.3319 
        H402  2 0.1505 0.3023 0.2405 0.3067 
        H427  2 0.2220 0.2682 0.2101 0.2997 
        H428  2 0.1112 0.2898 0.2483 0.3508 
        H497  2 0.2907 0.2265 0.2573 0.2254 
        H512  2 0.2126 0.2652 0.2536 0.2686 
        H513  2 0.2319 0.2437 0.2659 0.2584 
        H514  2 0.2020 0.2756 0.3107 0.2118 
        H519  2 0.2411 0.2483 0.2469 0.2637 
        H532  2 0.1516 0.2610 0.2136 0.3738 
        H543  2 0.1495 0.3302 0.2182 0.3021 
        H544  2 0.2320 0.2029 0.3817 0.1834 
        H545  2 0.1448 0.2812 0.3258 0.2482 
        H546  2 0.3618 0.1973 0.2458 0.1951 
        H547  2 0.1529 0.2220 0.3406 0.2845 
        H548  2 0.1884 0.2736 0.2248 0.3132 
        H549  2 0.1895 0.1971 0.3241 0.2894 
        H620  2 0.4996 0.1794 0.1542 0.1667 
        H623  2 0.1864 0.2742 0.3166 0.2228 
        H624  2 0.2920 0.2049 0.3099 0.1932 
        H625  2 0.1947 0.2411 0.2433 0.3209 
        H626  2 0.2280 0.2437 0.2407 0.2877 
        H654  2 0.5377 0.1481 0.1677 0.1465 
        H655  2 0.2994 0.2748 0.2067 0.2191 
        H656  2 0.4710 0.1844 0.1732 0.1715 
        H666  2 0.5032 0.1488 0.1868 0.1612 
        H667  2 0.1886 0.3091 0.2242 0.2781 
        H677  2 0.1871 0.2748 0.2424 0.2957 
        H693  2 0.3619 0.2630 0.1634 0.2117 
        H694  2 0.1980 0.2705 0.2736 0.2579 
        H701  2 0.1619 0.3150 0.2352 0.2879 
        H702  2 0.2725 0.2903 0.2002 0.2371 
        H731  2 0.3067 0.2581 0.2050 0.2302 
       H7359  2 0.2163 0.2586 0.2489 0.2762 
       H7389  2 0.2101 0.1918 0.2775 0.3206 
       H7390  2 0.3929 0.2047 0.2067 0.1957 
       H7391  2 0.1789 0.3055 0.1607 0.3549 
       H7392  2 0.2751 0.2025 0.2857 0.2368 
       H7393  2 0.3060 0.2250 0.2264 0.2425 
       H7398  2 0.2221 0.2650 0.2032 0.3097 
       H7399  2 0.1505 0.3073 0.2552 0.2870 
       H7400  2 0.5071 0.1630 0.1740 0.1560 
        H745  2 0.1623 0.1981 0.4272 0.2124 
        H746  2 0.1512 0.3061 0.2758 0.2669 
        H747  2 0.3694 0.1906 0.2079 0.2321 
        H748  2 0.2282 0.2878 0.2330 0.2510 
       H7484  2 0.4534 0.1667 0.1878 0.1921 
       H7485  2 0.1912 0.2487 0.3007 0.2593 
        H749  2 0.1526 0.2686 0.2931 0.2857 
        H930  2 0.1557 0.2790 0.2583 0.3071 
        H931  2 0.2283 0.2511 0.2433 0.2773 
        H932  2 0.2536 0.2172 0.2538 0.2754 
        H111  3 0.1635 0.2709 0.3213 0.2443 
        H951  3 0.1607 0.2510 0.2906 0.2977 
        H952  3 0.2368 0.2027 0.3086 0.2519 
        H953  3 0.1609 0.2215 0.2252 0.3923 
        H954  3 0.3823 0.2094 0.1950 0.2133 
        H955  3 0.1601 0.2820 0.2738 0.2842 
        H956  3 0.2573 0.2304 0.2141 0.2982 
       H9563  3 0.2880 0.2356 0.1930 0.2834 
        H002  4 0.3560 0.2325 0.2549 0.1565 
        H003  4 0.1596 0.3180 0.2504 0.2720 
        H009  4 0.1882 0.2308 0.3453 0.2357 
        H010  4 0.2076 0.2861 0.2317 0.2745 
        H011  4 0.4379 0.2176 0.1651 0.1794 
        H012  4 0.1605 0.3494 0.2142 0.2759 
        H013  4 0.2829 0.2820 0.1990 0.2361 
        H014  4 0.2382 0.3005 0.2611 0.2002 
        H045  4 0.2996 0.2149 0.2014 0.2841 
        H046  4 0.1647 0.2836 0.3094 0.2424 
        H051  4 0.3370 0.2427 0.1863 0.2339 
        H052  4 0.3264 0.1915 0.2823 0.1997 
        H053  4 0.2936 0.2589 0.2114 0.2360 
        H056  4 0.3557 0.2115 0.2373 0.1955 
        H076  4 0.1587 0.2747 0.3072 0.2594 
        H151  4 0.4501 0.1770 0.2089 0.1640 
        H152  4 0.3473 0.2128 0.2691 0.1708 
     H171803  4 0.3328 0.2299 0.2109 0.2264 
     H171804  4 0.3140 0.2312 0.2034 0.2514 
     H171833  4 0.1762 0.2437 0.3677 0.2124 
     H171855  4 0.4380 0.1757 0.2305 0.1557 
     H171856  4 0.2498 0.2038 0.2546 0.2917 
     H171857  4 0.3826 0.1775 0.2455 0.1944 
     H171858  4 0.2207 0.2519 0.2882 0.2392 
     H171859  4 0.2781 0.2352 0.2487 0.2380 
     H171961  4 0.3262 0.2347 0.2134 0.2256 
        H198  4 0.1355 0.3372 0.2642 0.2631 
      H20001  4 0.1691 0.2604 0.3573 0.2133 
        H403  4 0.2887 0.2001 0.2692 0.2420 
        H404  4 0.1598 0.3338 0.2438 0.2626 
        H405  4 0.1607 0.2756 0.2776 0.2861 
        H406  4 0.2198 0.1657 0.3782 0.2364 
        H407  4 0.2568 0.2050 0.2317 0.3065 
        H410  4 0.1549 0.2072 0.2708 0.3671 
        H411  4 0.1770 0.2850 0.3255 0.2124 
        H468  4 0.2443 0.2136 0.3091 0.2330 
        H476  4 0.2582 0.2582 0.2430 0.2406 
        H477  4 0.1605 0.2361 0.3744 0.2290 
        H478  4 0.1583 0.3425 0.2433 0.2559 
        H479  4 0.3073 0.2294 0.2086 0.2547 
        H480  4 0.1561 0.2871 0.3029 0.2540 
        H498  4 0.2231 0.2942 0.2710 0.2117 
        H499  4 0.2289 0.2757 0.2499 0.2455 
        H500  4 0.3802 0.2091 0.1827 0.2280 
        H515  4 0.2965 0.2690 0.2089 0.2256 
        H516  4 0.2580 0.2357 0.2827 0.2237 
        H517  4 0.2265 0.2547 0.2489 0.2700 
        H518  4 0.3209 0.2029 0.2739 0.2022 
        H520  4 0.3485 0.2053 0.2369 0.2093 
        H521  4 0.2161 0.2510 0.2492 0.2837 
        H522  4 0.2622 0.2459 0.2464 0.2455 
        H523  4 0.2626 0.2581 0.2326 0.2467 
        H536  4 0.2005 0.2490 0.2833 0.2672 
        H645  4 0.2608 0.2702 0.1759 0.2931 
        H646  4 0.1496 0.2141 0.3149 0.3214 
        H647  4 0.2136 0.2242 0.2805 0.2817 
        H657  4 0.1650 0.2497 0.2834 0.3019 
        H658  4 0.2417 0.2621 0.2098 0.2863 
        H659  4 0.4951 0.1704 0.1716 0.1629 
        H660  4 0.2761 0.2499 0.2402 0.2338 
        H661  4 0.3371 0.2292 0.2456 0.1881 
        H668  4 0.1518 0.3843 0.2021 0.2618 
        H669  4 0.2500 0.2688 0.2077 0.2734 
        H670  4 0.2426 0.3417 0.1645 0.2512 
        H678  4 0.2265 0.2575 0.2397 0.2763 
        H679  4 0.1588 0.2669 0.2491 0.3252 
        H680  4 0.2449 0.2125 0.3305 0.2121 
        H681  4 0.2642 0.2894 0.2058 0.2406 
        H682  4 0.1868 0.3185 0.1987 0.2959 
        H683  4 0.3598 0.1650 0.2740 0.2012 
        H718  4 0.4224 0.1638 0.2140 0.1997 
        H719  4 0.3002 0.2438 0.1976 0.2584 
        H720  4 0.2895 0.2193 0.2943 0.1969 
        H721  4 0.2825 0.2044 0.3192 0.1939 
        H722  4 0.3194 0.1710 0.3438 0.1657 
        H723  4 0.3488 0.2148 0.1816 0.2547 
        H724  4 0.4920 0.1501 0.1685 0.1894 
        H725  4 0.4582 0.1782 0.2002 0.1635 
        H726  4 0.3579 0.2277 0.2181 0.1962 
        H727  4 0.3334 0.2429 0.1938 0.2299 
        H910  4 0.2997 0.2541 0.1948 0.2514 
        H911  4 0.1991 0.2151 0.2931 0.2927 
        H912  4 0.2822 0.2194 0.2791 0.2193 
        H913  4 0.3113 0.2086 0.2250 0.2550 
        H914  4 0.3222 0.2384 0.1738 0.2656 
        H915  4 0.2549 0.2635 0.2298 0.2518 
        H916  4 0.2152 0.2433 0.2872 0.2543 
       H9572  4 0.2988 0.2313 0.2575 0.2124 
        H015  5 0.1870 0.2644 0.3012 0.2474 
        H016  5 0.1687 0.2205 0.3805 0.2303 
        H017  5 0.2302 0.2642 0.2930 0.2126 
        H019  5 0.2143 0.2824 0.2832 0.2202 
        H020  5 0.2694 0.2048 0.2652 0.2605 
        H032  5 0.2922 0.2509 0.2226 0.2343 
        H033  5 0.1807 0.3460 0.2075 0.2658 
        H034  5 0.3275 0.2834 0.1739 0.2152 
        H035  5 0.2445 0.2349 0.2447 0.2759 
        H036  5 0.2107 0.2180 0.2830 0.2882 
        H037  5 0.3181 0.2471 0.2007 0.2341 
        H048  5 0.3957 0.1989 0.1747 0.2307 
        H049  5 0.2481 0.2401 0.2984 0.2134 
        H054  5 0.2625 0.2261 0.2733 0.2381 
        H055  5 0.2866 0.2756 0.2259 0.2119 
        H057  5 0.2302 0.2337 0.3586 0.1775 
        H060  5 0.2651 0.2871 0.2521 0.1957 
        H061  5 0.1894 0.2757 0.2538 0.2811 
        H064  5 0.3158 0.2158 0.2587 0.2097 
        H070  5 0.2652 0.2986 0.1836 0.2526 
        H077  5 0.3996 0.2108 0.2101 0.1795 
        H078  5 0.3392 0.1832 0.2668 0.2108 
        H079  5 0.1447 0.2603 0.2309 0.3641 
        H097  5 0.2764 0.2371 0.2996 0.1869 
        H107  5 0.4901 0.2078 0.1387 0.1633 
        H122  5 0.2041 0.2438 0.2937 0.2585 
        H123  5 0.1670 0.2288 0.2966 0.3076 
        H124  5 0.1766 0.2351 0.2645 0.3238 
        H131  5 0.1902 0.2723 0.2535 0.2840 
        H132  5 0.2835 0.2211 0.2263 0.2690 
        H141  5 0.2778 0.2459 0.2289 0.2475 
        H142  5 0.1508 0.3558 0.2507 0.2427 
        H157  5 0.3824 0.2235 0.1898 0.2043 
        H158  5 0.1670 0.2175 0.3577 0.2578 
        H159  5 0.1686 0.2797 0.2894 0.2622 
        H160  5 0.2408 0.2258 0.2805 0.2529 
        H163  5 0.1936 0.3091 0.2472 0.2500 
        H164  5 0.2003 0.3142 0.2481 0.2374 
        H165  5 0.1452 0.3037 0.2322 0.3189 
        H166  5 0.2052 0.2408 0.2781 0.2759 
        H169  5 0.2191 0.3287 0.2106 0.2417 
     H169613  5 0.2456 0.3059 0.2417 0.2068 
     H169653  5 0.1967 0.3004 0.2797 0.2232 
     H169728  5 0.1927 0.2828 0.2674 0.2570 
     H169742  5 0.2256 0.2722 0.2055 0.2966 
        H170  5 0.2197 0.2401 0.3502 0.1900 
        H171  5 0.2113 0.2275 0.3593 0.2019 
     H171851  5 0.2271 0.2842 0.2797 0.2090 
     H171852  5 0.3328 0.1920 0.2625 0.2127 
     H171853  5 0.3053 0.2523 0.2033 0.2391 
     H171854  5 0.2348 0.2953 0.2473 0.2226 
     H171938  5 0.2128 0.3261 0.1838 0.2773 
     H171939  5 0.1834 0.1992 0.3376 0.2798 
     H171941  5 0.3871 0.2353 0.1884 0.1892 
     H171965  5 0.1667 0.3610 0.2742 0.1981 
     H171970  5 0.4691 0.2029 0.1689 0.1591 
     H171973  5 0.1650 0.2815 0.2296 0.3240 
     H171974  5 0.2423 0.2875 0.2009 0.2692 
     H171975  5 0.3188 0.2381 0.2122 0.2309 
     H171976  5 0.2392 0.2469 0.3112 0.2027 
        H175  5 0.3491 0.2126 0.1999 0.2384 
        H178  5 0.2697 0.2701 0.2220 0.2382 
        H189  5 0.1443 0.2843 0.3218 0.2497 
        H399  5 0.2282 0.1714 0.4122 0.1881 
        H416  5 0.2442 0.2481 0.2274 0.2804 
        H438  5 0.2366 0.2876 0.1960 0.2798 
        H450  5 0.3318 0.2695 0.2117 0.1870 
        H455  5 0.4458 0.2031 0.1677 0.1834 
        H456  5 0.2365 0.2615 0.2124 0.2895 
        H457  5 0.3407 0.2204 0.2656 0.1733 
        H458  5 0.3171 0.2615 0.2035 0.2179 
        H459  5 0.1570 0.2915 0.2737 0.2777 
        H460  5 0.2404 0.2721 0.2366 0.2509 
        H461  5 0.2266 0.2556 0.3187 0.1991 
        H462  5 0.1812 0.2720 0.2443 0.3025 
        H469  5 0.1630 0.2867 0.2522 0.2982 
        H470  5 0.2654 0.2712 0.2326 0.2308 
        H471  5 0.1522 0.2216 0.3742 0.2520 
        H481  5 0.4528 0.1611 0.1880 0.1982 
        H482  5 0.2950 0.2698 0.2310 0.2042 
        H501  5 0.2531 0.2751 0.2086 0.2632 
        H502  5 0.1595 0.2963 0.2913 0.2529 
        H503  5 0.1913 0.2444 0.3111 0.2532 
        H509  5 0.3838 0.2004 0.1875 0.2283 
        H510  5 0.2215 0.3240 0.2445 0.2100 
        H511  5 0.1835 0.3105 0.2529 0.2530 
        H530  5 0.2827 0.2469 0.1871 0.2832 
        H531  5 0.3704 0.1813 0.2223 0.2260 
        H564  5 0.2846 0.2683 0.2345 0.2126 
        H565  5 0.4091 0.1840 0.2086 0.1983 
        H567  5 0.1398 0.2414 0.2881 0.3307 
     H568???  5 0.1828 0.2483 0.3459 0.2230 
        H608  5 0.3256 0.2877 0.1987 0.1880 
        H609  5 0.2202 0.2862 0.1996 0.2940 
        H612  5 0.3992 0.2217 0.1583 0.2209 
        H614  5 0.4032 0.1813 0.2255 0.1899 
        H615  5 0.3244 0.2105 0.2480 0.2171 
        H616  5 0.4670 0.1975 0.1451 0.1904 
        H617  5 0.1617 0.2816 0.2338 0.3228 
        H618  5 0.4048 0.2018 0.1888 0.2046 
        H619  5 0.1710 0.3233 0.2112 0.2946 
        H635  5 0.2370 0.3295 0.2200 0.2135 
        H636  5 0.1651 0.3641 0.1775 0.2933 
        H637  5 0.2573 0.2355 0.2453 0.2618 
        H644  5 0.1228 0.2021 0.4310 0.2441 
        H711  5 0.2104 0.2366 0.3325 0.2206 
        H712  5 0.3104 0.2295 0.1815 0.2785 
       H7360  5 0.2707 0.2461 0.2706 0.2126 
       H7361  5 0.3449 0.2534 0.2055 0.1963 
       H7362  5 0.1339 0.2032 0.4053 0.2575 
       H7363  5 0.2916 0.2310 0.2602 0.2173 
       H7394  5 0.1634 0.3716 0.2230 0.2419 
       H7395  5 0.2326 0.3159 0.2205 0.2310 
       H7396  5 0.2139 0.2842 0.2203 0.2815 
        H742  5 0.2265 0.2677 0.1961 0.3097 
        H743  5 0.2643 0.1837 0.2728 0.2793 
        H744  5 0.4365 0.1681 0.1708 0.2246 
        H957  5 0.2286 0.2919 0.2726 0.2069 
        H958  5 0.1908 0.2603 0.2549 0.2940 
        H959  5 0.3695 0.2598 0.1678 0.2028 
        H960  5 0.2384 0.2429 0.2233 0.2953 
      H_PALI  6 0.2044 0.3096 0.2535 0.2324 
        H581  6 0.3075 0.1994 0.2347 0.2583 
        H582  6 0.4491 0.1873 0.2020 0.1616 
        H583  6 0.2769 0.2212 0.2428 0.2591 
        H595  6 0.1439 0.2691 0.2648 0.3222 
        H596  6 0.1471 0.2774 0.2684 0.3072 
        H597  6 0.1533 0.2531 0.3516 0.2421 
        H598  6 0.2607 0.2722 0.2204 0.2467 
        H599  6 0.3397 0.2197 0.1984 0.2422 
        H642  6 0.1919 0.2184 0.3372 0.2525 
        H643  6 0.2364 0.2442 0.2349 0.2846 
        H664  6 0.3714 0.1752 0.2546 0.1988 
        H665  6 0.2007 0.3573 0.1695 0.2725 
        H674  6 0.1392 0.2200 0.3941 0.2467 
        H675  6 0.2952 0.2072 0.2718 0.2258 
        H676  6 0.1819 0.2932 0.2876 0.2373 
        H686  6 0.2223 0.2910 0.2608 0.2259 
        H687  6 0.2436 0.2557 0.2558 0.2448 
        H917  6 0.1474 0.2977 0.2248 0.3300 
        H918  6 0.1917 0.3078 0.2254 0.2751 
        H919  6 0.3987 0.2042 0.1632 0.2340 
        H920  6 0.3205 0.2570 0.2224 0.2001 
        H631  7 0.3236 0.2585 0.2246 0.1932 
        H684  7 0.1634 0.3202 0.3279 0.1885 
        H685  7 0.4109 0.1636 0.1972 0.2283 
        H713  7 0.4131 0.2110 0.1876 0.1884 
        H715  7 0.1883 0.2914 0.3135 0.2068 
        H716  7 0.2851 0.2749 0.2292 0.2108 
        H717  7 0.2824 0.2230 0.2451 0.2495 
        H729  7 0.1376 0.2908 0.2137 0.3578 
        H730  7 0.2438 0.2283 0.1883 0.3395 
        H431  8 0.3357 0.2279 0.2005 0.2359 
        H432  8 0.1540 0.2077 0.3850 0.2533 
        H433  8 0.1922 0.3007 0.2176 0.2894 
        H434  8 0.1968 0.2442 0.2799 0.2790 
        H444  8 0.1967 0.3172 0.2319 0.2542 
        H454  8 0.4274 0.2069 0.1718 0.1940 
        H475  8 0.4038 0.2322 0.1883 0.1757 
        H491  8 0.3051 0.2740 0.2284 0.1925 
        H492  8 0.3331 0.2196 0.2089 0.2384 
        H493  8 0.2251 0.2624 0.2904 0.2221 
        H494  8 0.2758 0.2239 0.2354 0.2649 
        H495  8 0.3777 0.1837 0.2647 0.1740 
        H662  8 0.2230 0.1984 0.3126 0.2661 
        H663  8 0.2451 0.2165 0.2648 0.2737 
        H695  8 0.2659 0.2491 0.2237 0.2612 
       H7367  8 0.1525 0.2597 0.2508 0.3369 
       H7368  8 0.1918 0.3076 0.2778 0.2228 
       H7369  8 0.2351 0.2807 0.2089 0.2754 
       H7370  8 0.1312 0.2598 0.2433 0.3657 
       H7371  8 0.2026 0.2814 0.2182 0.2978 
        H600  9 0.3246 0.2577 0.2111 0.2065 
        H648  9 0.2564 0.2387 0.2825 0.2224 
        H696  9 0.1331 0.2023 0.3739 0.2907 
        H697  9 0.2240 0.2324 0.2544 0.2891 
        H698  9 0.2006 0.2075 0.2762 0.3157 
        H699  9 0.2451 0.2425 0.2619 0.2506 
        H700  9 0.2717 0.3050 0.1990 0.2243 
        H732  9 0.4217 0.1563 0.2274 0.1946 
        H733  9 0.1621 0.2501 0.2608 0.3270 
        H734  9 0.1471 0.2806 0.2953 0.2770 
        H735  9 0.2046 0.2224 0.2781 0.2949 
        H736  9 0.2398 0.2539 0.2519 0.2543 
        H737  9 0.2833 0.2090 0.2260 0.2817 
        H905  9 0.3013 0.2932 0.1895 0.2160 
        H921  9 0.2773 0.2727 0.1939 0.2562 
        H922  9 0.1401 0.2836 0.2601 0.3162 
     H169705 10 0.1997 0.2313 0.2272 0.3418 
     H171942 10 0.1529 0.2195 0.3792 0.2483 
     H171943 10 0.2084 0.2482 0.2684 0.2749 
     H171944 10 0.2182 0.2621 0.2158 0.3039 
     H171946 10 0.3473 0.1805 0.2577 0.2145 
     H171947 10 0.2048 0.2660 0.2513 0.2779 
     H229641 10 0.2563 0.2375 0.2538 0.2524 
      H30001 10 0.2498 0.2949 0.2118 0.2436 
      H30002 10 0.2208 0.2799 0.2317 0.2676 
      H30005 10 0.2203 0.2453 0.2523 0.2821 
      H30006 10 0.1964 0.1976 0.3122 0.2938 
      H30007 10 0.1358 0.1790 0.4315 0.2537 
        H451 10 0.1704 0.3282 0.2656 0.2357 
        H452 10 0.2291 0.1777 0.2888 0.3044 
        H453 10 0.4053 0.1931 0.2409 0.1607 
        H473 10 0.2806 0.2336 0.2480 0.2378 
        H474 10 0.4394 0.1799 0.2028 0.1780 
        H486 10 0.3203 0.2170 0.2285 0.2342 
        H487 10 0.3162 0.2167 0.2326 0.2345 
        H488 10 0.2663 0.3030 0.1862 0.2445 
        H489 10 0.3823 0.1950 0.1945 0.2282 
        H550 10 0.1742 0.2582 0.3345 0.2332 
        H551 10 0.2497 0.2211 0.2148 0.3144 
        H553 10 0.3716 0.1657 0.2368 0.2259 
        H554 10 0.1880 0.2953 0.2846 0.2322 
        H556 10 0.2648 0.1829 0.3016 0.2508 
        H580 10 0.1918 0.2575 0.2622 0.2885 
        H591 10 0.4547 0.1735 0.1729 0.1989 
        H592 10 0.3005 0.2286 0.2223 0.2486 
        H593 10 0.1982 0.3045 0.2603 0.2369 
        H594 10 0.1324 0.2401 0.3209 0.3066 
        H627 10 0.2431 0.2472 0.2827 0.2269 
        H628 10 0.1263 0.3193 0.2339 0.3205 
        H629 10 0.2731 0.2177 0.2963 0.2129 
        H630 10 0.2378 0.2233 0.2718 0.2672 
        H638 10 0.2052 0.2598 0.2522 0.2827 
        H639 10 0.4025 0.1612 0.2396 0.1967 
        H640 10 0.1711 0.2620 0.2862 0.2807 
        H704 10 0.1664 0.2395 0.3371 0.2570 
        H705 10 0.2091 0.2341 0.2167 0.3401 
        H706 10 0.3323 0.2367 0.1792 0.2518 
        H708 10 0.4000 0.1871 0.2010 0.2119 
       H7351 10 0.2225 0.2653 0.2707 0.2415 
       H7352 10 0.2761 0.2478 0.2304 0.2458 
       H7353 10 0.1754 0.2027 0.4171 0.2048 
       H7354 10 0.2762 0.3066 0.2081 0.2091 
       H7365 10 0.4269 0.1944 0.1752 0.2035 
       H7383 10 0.2821 0.2950 0.1830 0.2400 
       H7384 10 0.2777 0.2692 0.2141 0.2389 
       H7385 10 0.3230 0.2451 0.2074 0.2245 
       H7386 10 0.2183 0.2744 0.2262 0.2811 
       H7387 10 0.1935 0.3080 0.2540 0.2445 
       H7388 10 0.2431 0.2168 0.2375 0.3026 
        H906 10 0.3420 0.2112 0.2711 0.1757 
        H907 10 0.1620 0.2848 0.2865 0.2667 
        H908 10 0.2343 0.2914 0.2291 0.2451 
        H909 10 0.2330 0.3192 0.2136 0.2342 
       H9552 10 0.2391 0.2347 0.2782 0.2480 
       H9553 10 0.3086 0.1815 0.2433 0.2666 
       H9555 10 0.1727 0.2728 0.2292 0.3253 
       H9575 10 0.3622 0.2081 0.2421 0.1875 
       H9703 10 0.4432 0.1633 0.1931 0.2004 
       H9707 10 0.3603 0.2101 0.2062 0.2234 
       HSAA4 10 0.1914 0.2565 0.2620 0.2901 
        H001 11 0.2749 0.2625 0.2172 0.2454 
        H004 11 0.2098 0.2905 0.2436 0.2560 
        H005 11 0.4056 0.2657 0.1577 0.1709 
        H006 11 0.2164 0.3216 0.2093 0.2526 
        H007 11 0.3449 0.2326 0.1777 0.2448 
        H031 11 0.4487 0.1917 0.1502 0.2094 
        H074 11 0.4032 0.1974 0.2030 0.1964 
        H075 11 0.3374 0.2323 0.1813 0.2489 
        H080 11 0.3804 0.2195 0.1958 0.2044 
        H086 11 0.2531 0.2224 0.2619 0.2626 
        H092 11 0.2974 0.2483 0.2067 0.2476 
        H093 11 0.1452 0.2414 0.3586 0.2548 
        H094 11 0.1941 0.2771 0.2710 0.2578 
        H095 11 0.3388 0.2221 0.2160 0.2231 
        H096 11 0.2847 0.2926 0.1848 0.2379 
        H099 11 0.3108 0.2406 0.2256 0.2230 
        H100 11 0.1457 0.2464 0.2961 0.3118 
        H127 11 0.3113 0.2116 0.2211 0.2560 
        H136 11 0.4085 0.1900 0.2047 0.1968 
        H153 11 0.2192 0.3051 0.2497 0.2259 
        H154 11 0.4012 0.1947 0.2004 0.2037 
        H155 11 0.1487 0.2715 0.2201 0.3597 
        H156 11 0.1163 0.3452 0.2344 0.3042 
        H161 11 0.2057 0.2419 0.3170 0.2354 
        H162 11 0.1658 0.2586 0.2885 0.2871 
        H167 11 0.1843 0.3009 0.2288 0.2859 
        H168 11 0.2137 0.2739 0.2500 0.2623 
     H169586 11 0.2896 0.1709 0.3517 0.1877 
     H169738 11 0.1653 0.2618 0.2396 0.3333 
     H169741 11 0.3396 0.2198 0.2100 0.2306 
     H171801 11 0.1791 0.2638 0.3222 0.2348 
     H171810 11 0.3308 0.2368 0.2256 0.2068 
     H171811 11 0.3605 0.2133 0.2372 0.1890 
     H171812 11 0.2532 0.2773 0.1849 0.2847 
     H171820 11 0.3855 0.1958 0.2103 0.2084 
     H171821 11 0.1989 0.2960 0.2288 0.2763 
     H171822 11 0.2106 0.2649 0.2432 0.2812 
     H171823 11 0.3818 0.2036 0.2629 0.1516 
     H171866 11 0.1796 0.2325 0.3091 0.2788 
     H171867 11 0.1648 0.3257 0.2080 0.3015 
     H171967 11 0.3690 0.2078 0.1750 0.2481 
     H171969 11 0.2381 0.2540 0.2510 0.2569 
        H172 11 0.2169 0.2548 0.2290 0.2993 
        H173 11 0.2141 0.2605 0.1977 0.3277 
        H174 11 0.1442 0.2449 0.3445 0.2664 
        H196 11 0.1802 0.2241 0.2443 0.3515 
        H197 11 0.1793 0.3313 0.2237 0.2656 
        H346 11 0.2585 0.3102 0.1931 0.2382 
        H355 11 0.3054 0.2126 0.2206 0.2614 
        H356 11 0.2674 0.2223 0.2509 0.2594 
        H357 11 0.3166 0.2340 0.2040 0.2454 
        H358 11 0.2007 0.3114 0.1830 0.3049 
        H359 11 0.2292 0.2701 0.2531 0.2476 
        H360 11 0.2323 0.2940 0.2109 0.2628 
        H361 11 0.1966 0.2909 0.2445 0.2680 
        H362 11 0.1331 0.2938 0.2573 0.3158 
        H363 11 0.3489 0.2636 0.1813 0.2062 
        H364 11 0.2315 0.2806 0.2492 0.2387 
        H365 11 0.1907 0.2279 0.2438 0.3377 
        H366 11 0.1974 0.2456 0.2369 0.3201 
        H367 11 0.4506 0.1618 0.1941 0.1935 
        H368 11 0.1730 0.2633 0.3138 0.2499 
        H369 11 0.4266 0.2129 0.1557 0.2047 
        H370 11 0.1708 0.3095 0.2506 0.2691 
        H371 11 0.2470 0.2218 0.2476 0.2836 
        H372 11 0.2146 0.2546 0.2207 0.3102 
        H373 11 0.2443 0.3039 0.2255 0.2263 
        H374 11 0.2866 0.2873 0.2082 0.2179 
        H375 11 0.2818 0.2583 0.2039 0.2560 
        H376 11 0.1868 0.2600 0.2984 0.2548 
        H377 11 0.2567 0.2893 0.2174 0.2367 
        H378 11 0.2965 0.2300 0.2594 0.2141 
        H379 11 0.2126 0.2931 0.2521 0.2422 
        H380 11 0.1559 0.3586 0.2082 0.2773 
        H381 11 0.3574 0.2081 0.2434 0.1911 
        H382 11 0.1235 0.3363 0.2867 0.2535 
        H383 11 0.1481 0.3092 0.2935 0.2491 
        H384 11 0.3127 0.2298 0.2192 0.2382 
        H385 11 0.2870 0.2599 0.2196 0.2336 
        H386 11 0.1755 0.3552 0.1767 0.2926 
        H387 11 0.2457 0.2120 0.3741 0.1681 
        H388 11 0.1383 0.2417 0.2518 0.3682 
        H389 11 0.2477 0.2620 0.1970 0.2932 
        H390 11 0.1989 0.2897 0.2509 0.2605 
        H391 11 0.1854 0.1850 0.3456 0.2840 
        H392 11 0.3138 0.2655 0.1824 0.2383 
        H393 11 0.1591 0.2457 0.3224 0.2729 
        H394 11 0.1768 0.1860 0.4046 0.2326 
        H395 11 0.3542 0.2242 0.1887 0.2329 
        H408 11 0.2512 0.2958 0.1888 0.2642 
        H412 11 0.4421 0.1350 0.2510 0.1720 
        H417 11 0.2799 0.2351 0.2220 0.2631 
        H418 11 0.2815 0.2097 0.2926 0.2162 
        H429 11 0.1875 0.2956 0.2459 0.2711 
        H430 11 0.1736 0.2742 0.2528 0.2994 
        H439 11 0.2475 0.2683 0.2134 0.2707 
        H440 11 0.3827 0.2326 0.1911 0.1935 
        H441 11 0.1932 0.2714 0.2429 0.2925 
        H442 11 0.1886 0.2766 0.2505 0.2844 
        H446 11 0.2281 0.2531 0.2910 0.2279 
        H447 11 0.1530 0.3019 0.2173 0.3279 
        H448 11 0.2039 0.2487 0.2122 0.3352 
        H534 11 0.4310 0.1932 0.2075 0.1683 
        H537 11 0.4213 0.1918 0.2246 0.1623 
        H568 11 0.4664 0.1741 0.1819 0.1776 
        H569 11 0.1273 0.2638 0.2609 0.3479 
        H586 11 0.2832 0.1724 0.3605 0.1839 
        H587 11 0.4515 0.1807 0.1785 0.1892 
        H588 11 0.1502 0.2495 0.3817 0.2186 
        H589 11 0.3994 0.2038 0.1891 0.2077 
        H590 11 0.3575 0.2160 0.2202 0.2063 
        H601 11 0.1457 0.2544 0.2989 0.3009 
        H602 11 0.2949 0.2189 0.2166 0.2696 
        H603 11 0.1665 0.3287 0.2108 0.2941 
        H610 11 0.2736 0.2289 0.2227 0.2748 
        H611 11 0.3125 0.2317 0.2087 0.2470 
        H649 11 0.2600 0.2749 0.2353 0.2298 
        H650 11 0.1754 0.2769 0.2805 0.2671 
        H651 11 0.2221 0.2784 0.1915 0.3080 
        H652 11 0.2481 0.2637 0.2783 0.2099 
       H7364 11 0.1807 0.2539 0.2490 0.3164 
       H7366 11 0.2598 0.2669 0.2008 0.2725 
       H7378 11 0.1107 0.1725 0.4783 0.2385 
       H7379 11 0.2461 0.2341 0.2504 0.2694 
        H739 11 0.3751 0.1848 0.2034 0.2367 
        H740 11 0.1934 0.2910 0.2789 0.2367 
        H741 11 0.3504 0.2190 0.2008 0.2297 
        H926 11 0.2028 0.2891 0.2634 0.2447 
        H927 11 0.1702 0.2409 0.2240 0.3649 
        H928 11 0.2369 0.2413 0.2425 0.2793 
       H9560 11 0.2119 0.2290 0.2984 0.2607 
        H409 12 0.1636 0.3438 0.2315 0.2611 
        H413 12 0.1457 0.2238 0.4071 0.2234 
        H419 12 0.2007 0.3041 0.2145 0.2807 
        H420 12 0.3092 0.2339 0.2236 0.2333 
        H421 12 0.1296 0.3326 0.2898 0.2481 
        H435 12 0.1618 0.3245 0.2836 0.2301 
        H436 12 0.2357 0.2750 0.1982 0.2911 
        H437 12 0.3566 0.2265 0.2372 0.1797 
        H445 12 0.1586 0.3360 0.2055 0.3000 
        H449 12 0.2196 0.2088 0.3221 0.2495 
        H463 12 0.3166 0.2541 0.2349 0.1943 
        H464 12 0.1724 0.2553 0.3376 0.2347 
        H465 12 0.2360 0.2018 0.3572 0.2050 
        H490 12 0.1563 0.2745 0.3424 0.2268 
        H561 12 0.2395 0.2470 0.2409 0.2725 
        H562 12 0.2262 0.3273 0.1813 0.2652 
        H563 12 0.2955 0.2291 0.1949 0.2805 
        H570 12 0.3153 0.2654 0.1885 0.2308 
        H571 12 0.2377 0.2305 0.3153 0.2164 
        H572 12 0.3004 0.2447 0.2381 0.2168 
        H573 12 0.1547 0.3031 0.2337 0.3086 
       H7372 12 0.1215 0.3344 0.2341 0.3100 
       H7373 12 0.1592 0.2280 0.3960 0.2168 
       H7374 12 0.3290 0.2583 0.2117 0.2010 
       H7375 12 0.3264 0.2289 0.2057 0.2390 
       H7376 12 0.1431 0.3281 0.1914 0.3373 
       H7377 12 0.3209 0.2381 0.2081 0.2329 
