        H102  1 0.1274 0.1274 0.4264 0.2453 0.0734 
        H103  1 0.0799 0.3140 0.0692 0.3562 0.1806 
        H104  1 0.2951 0.1185 0.2218 0.1076 0.2569 
        H105  1 0.0863 0.1846 0.3701 0.2029 0.1562 
        H106  1 0.2377 0.1726 0.1524 0.2549 0.1824 
        H112  1 0.2168 0.1450 0.2776 0.1903 0.1703 
        H113  1 0.0894 0.1228 0.1919 0.1389 0.4570 
        H114  1 0.0702 0.1341 0.1837 0.1797 0.4324 
        H115  1 0.1150 0.0957 0.4759 0.1487 0.1646 
        H143  1 0.0859 0.1931 0.3744 0.2119 0.1347 
        H144  1 0.0610 0.4472 0.2060 0.1843 0.1014 
        H145  1 0.0571 0.2143 0.2108 0.3925 0.1253 
        H149  1 0.3464 0.1449 0.2312 0.1547 0.1228 
        H150  1 0.1146 0.3407 0.1719 0.1731 0.1998 
     H167542  1 0.0900 0.1440 0.4119 0.1264 0.2277 
     H169604  1 0.1353 0.1772 0.2980 0.1844 0.2051 
     H169607  1 0.1116 0.2765 0.2528 0.2033 0.1558 
     H169608  1 0.1727 0.1247 0.3223 0.2969 0.0833 
     H169633  1 0.0727 0.1727 0.1909 0.1484 0.4153 
     H169688  1 0.2723 0.3134 0.0943 0.2214 0.0985 
     H169714  1 0.2465 0.1798 0.1938 0.1865 0.1934 
     H171802  1 0.3615 0.1437 0.1127 0.1541 0.2280 
     H171805  1 0.1212 0.2422 0.1219 0.3570 0.1577 
     H171807  1 0.2351 0.2007 0.2410 0.2086 0.1146 
     H171814  1 0.1052 0.3105 0.0765 0.1396 0.3683 
     H171816  1 0.2950 0.1952 0.1576 0.1945 0.1577 
     H171817  1 0.3057 0.1695 0.1855 0.1663 0.1730 
     H171818  1 0.1758 0.1904 0.2524 0.1894 0.1920 
     H171819  1 0.1948 0.1930 0.1337 0.2093 0.2691 
     H171834  1 0.0930 0.1846 0.3259 0.2833 0.1132 
     H171835  1 0.3992 0.1054 0.1204 0.1186 0.2565 
     H171836  1 0.0532 0.2250 0.1042 0.3255 0.2922 
     H171837  1 0.1711 0.1483 0.3073 0.1335 0.2397 
     H171838  1 0.0747 0.2013 0.1098 0.4402 0.1739 
     H171839  1 0.2323 0.1494 0.1924 0.1334 0.2925 
     H171841  1 0.4721 0.1577 0.1248 0.1734 0.0719 
     H171860  1 0.1216 0.1643 0.2282 0.2195 0.2664 
     H171861  1 0.0556 0.2042 0.1770 0.3482 0.2149 
     H171862  1 0.1117 0.2423 0.2335 0.2401 0.1724 
     H171868  1 0.0715 0.1363 0.4790 0.1790 0.1341 
     H171869  1 0.1218 0.3710 0.1445 0.2333 0.1295 
     H171870  1 0.3763 0.2089 0.1303 0.1580 0.1265 
     H171871  1 0.1060 0.2298 0.1017 0.3435 0.2190 
     H171872  1 0.2021 0.1601 0.2635 0.1383 0.2361 
     H171873  1 0.2912 0.2711 0.0995 0.1716 0.1666 
     H171874  1 0.0968 0.2896 0.2146 0.2620 0.1370 
     H171875  1 0.0515 0.2408 0.1832 0.2612 0.2633 
     H171876  1 0.1078 0.2479 0.2631 0.2285 0.1527 
     H171877  1 0.0863 0.1082 0.4484 0.1202 0.2370 
     H171878  1 0.3336 0.2540 0.1232 0.1863 0.1028 
     H171901  1 0.4920 0.1480 0.0859 0.1218 0.1524 
     H171902  1 0.2276 0.2628 0.2104 0.1922 0.1071 
     H171903  1 0.1408 0.2113 0.2096 0.2290 0.2092 
     H171935  1 0.3968 0.1930 0.1027 0.1801 0.1275 
     H171936  1 0.1027 0.1810 0.1684 0.1332 0.4147 
     H171940  1 0.1583 0.1680 0.4160 0.1700 0.0878 
     H171945  1 0.2159 0.3441 0.1540 0.1570 0.1289 
     H171948  1 0.1394 0.1537 0.2608 0.2758 0.1703 
     H171949  1 0.3949 0.1228 0.2830 0.0978 0.1015 
     H171950  1 0.5057 0.1114 0.1542 0.1328 0.0958 
     H171963  1 0.1404 0.3265 0.1231 0.2383 0.1717 
     H171964  1 0.0705 0.4334 0.1149 0.2208 0.1605 
     H171966  1 0.1762 0.2598 0.1465 0.2607 0.1568 
     H171968  1 0.2678 0.2101 0.2708 0.1696 0.0817 
     H171971  1 0.1997 0.2360 0.1026 0.2570 0.2046 
     H171972  1 0.0704 0.2904 0.1132 0.3268 0.1992 
     H171977  1 0.0939 0.3068 0.1793 0.2346 0.1854 
     H171978  1 0.3185 0.2177 0.1328 0.2271 0.1039 
     H171979  1 0.0806 0.2677 0.1077 0.3360 0.2081 
        H176  1 0.0930 0.2039 0.2512 0.1907 0.2612 
        H177  1 0.4719 0.1014 0.2218 0.1201 0.0848 
        H179  1 0.3056 0.1115 0.2709 0.1031 0.2088 
        H181  1 0.0851 0.2576 0.2174 0.2364 0.2035 
        H182  1 0.0591 0.2064 0.1394 0.4305 0.1646 
        H183  1 0.1406 0.3294 0.1179 0.2523 0.1599 
        H184  1 0.1719 0.1882 0.2800 0.2267 0.1332 
        H185  1 0.0710 0.2538 0.1859 0.2441 0.2452 
        H186  1 0.1606 0.3737 0.2453 0.1534 0.0671 
        H187  1 0.3266 0.1802 0.0987 0.2322 0.1623 
        H188  1 0.1390 0.0965 0.4110 0.0902 0.2633 
        H192  1 0.2704 0.1897 0.2207 0.2009 0.1183 
        H193  1 0.0763 0.2396 0.2719 0.3146 0.0976 
        H194  1 0.1634 0.1887 0.2369 0.2115 0.1995 
        H195  1 0.2324 0.3688 0.1008 0.2104 0.0875 
        H199  1 0.1603 0.3806 0.1250 0.1875 0.1466 
        H200  1 0.2097 0.1676 0.1865 0.1512 0.2850 
        H414  1 0.2759 0.2357 0.1244 0.2115 0.1525 
        H415  1 0.0966 0.1597 0.1526 0.2332 0.3579 
        H422  1 0.1886 0.2826 0.1915 0.2083 0.1291 
        H423  1 0.5562 0.1000 0.1668 0.1064 0.0707 
        H424  1 0.1217 0.3558 0.1049 0.2404 0.1773 
        H425  1 0.1247 0.5360 0.0978 0.1243 0.1173 
        H426  1 0.1457 0.3412 0.1137 0.2873 0.1121 
        H443  1 0.0641 0.4283 0.3337 0.1001 0.0738 
        H466  1 0.1993 0.2087 0.2556 0.2000 0.1364 
        H467  1 0.4328 0.1374 0.1602 0.1369 0.1327 
        H472  1 0.2550 0.2117 0.1945 0.1308 0.2079 
        H483  1 0.0872 0.2640 0.3460 0.1576 0.1452 
        H504  1 0.1222 0.3660 0.0859 0.2390 0.1869 
        H505  1 0.3436 0.1484 0.2174 0.1291 0.1615 
        H506  1 0.1475 0.2247 0.2990 0.2028 0.1260 
        H507  1 0.0749 0.2504 0.1617 0.3130 0.1999 
        H508  1 0.3373 0.2247 0.1246 0.1751 0.1384 
        H524  1 0.1235 0.1970 0.1233 0.1327 0.4234 
        H525  1 0.0987 0.2641 0.2679 0.2305 0.1388 
        H526  1 0.0757 0.1315 0.3712 0.1090 0.3126 
        H527  1 0.3546 0.1757 0.1686 0.1961 0.1050 
        H528  1 0.0588 0.2472 0.1558 0.2086 0.3297 
        H529  1 0.0728 0.3678 0.1472 0.1960 0.2163 
        H533  1 0.1015 0.1985 0.0934 0.3937 0.2130 
        H538  1 0.1743 0.1812 0.2702 0.1579 0.2165 
        H539  1 0.3158 0.2078 0.0904 0.2623 0.1239 
        H540  1 0.1590 0.2180 0.2281 0.2293 0.1656 
        H541  1 0.1167 0.1650 0.2913 0.1536 0.2734 
        H558  1 0.0920 0.2447 0.0739 0.4323 0.1571 
        H559  1 0.1260 0.2192 0.3762 0.1819 0.0967 
        H579  1 0.0625 0.1922 0.2506 0.3804 0.1142 
        H584  1 0.1048 0.3330 0.1413 0.2260 0.1949 
        H585  1 0.1738 0.2549 0.1433 0.2077 0.2203 
        H605  1 0.2744 0.2038 0.1887 0.1931 0.1400 
        H606  1 0.3889 0.1107 0.3094 0.1091 0.0819 
        H632  1 0.0693 0.3353 0.2413 0.1967 0.1574 
        H634  1 0.1513 0.3036 0.1300 0.2430 0.1720 
        H671  1 0.5164 0.1409 0.1285 0.0957 0.1186 
        H672  1 0.1949 0.1368 0.0925 0.1296 0.4462 
        H673  1 0.0679 0.3578 0.2926 0.1759 0.1059 
        H689  1 0.0784 0.2884 0.2656 0.1832 0.1843 
        H690  1 0.1646 0.1138 0.3456 0.2028 0.1731 
        H691  1 0.1159 0.1610 0.4090 0.1558 0.1584 
        H692  1 0.0432 0.4278 0.1234 0.2242 0.1815 
        H709  1 0.1183 0.1930 0.1753 0.2657 0.2477 
        H710  1 0.0446 0.2793 0.1372 0.3048 0.2341 
       H7355  1 0.0560 0.1533 0.3044 0.2066 0.2796 
       H7356  1 0.1595 0.2483 0.1581 0.2591 0.1751 
       H7357  1 0.2099 0.1512 0.3477 0.1526 0.1386 
       H7358  1 0.1109 0.2474 0.2601 0.1587 0.2229 
       H7380  1 0.0790 0.2618 0.2503 0.2756 0.1334 
       H7381  1 0.2687 0.2984 0.1556 0.1660 0.1114 
       H7382  1 0.1414 0.2734 0.2129 0.2202 0.1522 
        H904  1 0.4712 0.0850 0.2799 0.0986 0.0653 
        H923  1 0.2536 0.2083 0.1741 0.1481 0.2160 
        H924  1 0.2115 0.2163 0.2657 0.1389 0.1675 
        H925  1 0.1164 0.1882 0.3359 0.0890 0.2704 
       H9558  1 0.0756 0.2225 0.0626 0.4976 0.1416 
        H008  2 0.0539 0.2026 0.2036 0.2914 0.2485 
        H021  2 0.2251 0.1604 0.3349 0.1465 0.1331 
        H023  2 0.3038 0.1446 0.2949 0.1443 0.1123 
        H024  2 0.0522 0.1717 0.0679 0.1970 0.5112 
        H025  2 0.2940 0.2383 0.1864 0.1815 0.0998 
        H026  2 0.0621 0.4082 0.0867 0.1715 0.2715 
        H027  2 0.1500 0.1562 0.2231 0.1245 0.3461 
        H028  2 0.1038 0.2653 0.1767 0.2537 0.2003 
        H029  2 0.1120 0.2168 0.1526 0.1262 0.3924 
        H030  2 0.0625 0.2268 0.0865 0.3322 0.2920 
        H038  2 0.4495 0.1381 0.1878 0.1029 0.1218 
        H039  2 0.6541 0.0610 0.1568 0.0662 0.0619 
        H040  2 0.6151 0.0969 0.0874 0.0900 0.1106 
        H041  2 0.0825 0.1325 0.2462 0.1327 0.4060 
        H042  2 0.1662 0.1929 0.2993 0.1766 0.1650 
        H043  2 0.6606 0.0988 0.0714 0.1140 0.0552 
        H044  2 0.0763 0.2524 0.0991 0.3767 0.1955 
        H047  2 0.1856 0.2240 0.1219 0.2806 0.1878 
        H050  2 0.0880 0.1568 0.0741 0.2112 0.4698 
        H058  2 0.3084 0.2080 0.1599 0.1948 0.1289 
        H062  2 0.1828 0.1333 0.4931 0.1130 0.0779 
        H063  2 0.4157 0.1094 0.1523 0.1532 0.1693 
        H065  2 0.1380 0.4634 0.1660 0.1330 0.0996 
        H066  2 0.1829 0.2155 0.0630 0.2499 0.2888 
        H067  2 0.1085 0.2150 0.3022 0.1848 0.1895 
        H068  2 0.4538 0.1553 0.1368 0.1166 0.1375 
        H069  2 0.2935 0.2556 0.0984 0.1889 0.1636 
        H071  2 0.2050 0.1865 0.2531 0.1855 0.1699 
        H072  2 0.4310 0.1101 0.1664 0.1413 0.1512 
        H073  2 0.1310 0.3157 0.1791 0.1835 0.1908 
        H081  2 0.0993 0.1323 0.4099 0.1334 0.2250 
        H082  2 0.0606 0.2153 0.0979 0.3776 0.2486 
        H083  2 0.0686 0.2752 0.1375 0.3697 0.1489 
        H084  2 0.2849 0.1704 0.1371 0.1463 0.2614 
        H085  2 0.0678 0.1164 0.3263 0.1218 0.3676 
        H087  2 0.0699 0.1250 0.5193 0.1497 0.1360 
        H088  2 0.2625 0.1610 0.2482 0.1832 0.1450 
        H089  2 0.1527 0.1982 0.3334 0.1421 0.1736 
        H090  2 0.0620 0.1269 0.0944 0.1656 0.5513 
        H091  2 0.0623 0.1150 0.1294 0.1243 0.5690 
        H098  2 0.1120 0.1661 0.1674 0.2134 0.3410 
      H10001  2 0.6630 0.0587 0.1706 0.0556 0.0521 
      H10002  2 0.2287 0.1298 0.3526 0.1905 0.0984 
        H101  2 0.1271 0.1433 0.0523 0.1852 0.4921 
        H108  2 0.2492 0.1146 0.4705 0.0907 0.0750 
        H109  2 0.2848 0.1659 0.0783 0.1909 0.2802 
        H110  2 0.0578 0.1472 0.3649 0.2329 0.1972 
        H116  2 0.1051 0.2684 0.1095 0.2923 0.2247 
        H117  2 0.0558 0.0915 0.1152 0.1087 0.6287 
        H118  2 0.0481 0.2040 0.1543 0.1351 0.4585 
        H119  2 0.1706 0.1718 0.1836 0.1212 0.3528 
        H120  2 0.2766 0.1031 0.4237 0.0979 0.0986 
        H121  2 0.0545 0.1175 0.1450 0.1123 0.5708 
        H125  2 0.7121 0.0606 0.1071 0.0580 0.0622 
        H126  2 0.0813 0.3775 0.1616 0.2475 0.1321 
        H128  2 0.0333 0.1576 0.0465 0.1462 0.6165 
        H129  2 0.0807 0.4131 0.1339 0.2545 0.1179 
        H130  2 0.3547 0.1838 0.1684 0.2273 0.0658 
        H133  2 0.5503 0.1234 0.1272 0.1059 0.0932 
        H134  2 0.0528 0.5974 0.0820 0.1664 0.1014 
        H135  2 0.1556 0.1834 0.2637 0.2096 0.1877 
        H137  2 0.1621 0.1318 0.0899 0.1722 0.4440 
        H138  2 0.0690 0.3451 0.1028 0.3598 0.1234 
        H140  2 0.1296 0.2195 0.1307 0.1798 0.3405 
        H146  2 0.0880 0.1374 0.0844 0.1249 0.5652 
        H147  2 0.0774 0.1628 0.2290 0.1988 0.3321 
        H148  2 0.0820 0.1138 0.2565 0.1511 0.3965 
     H166022  2 0.0812 0.2321 0.1342 0.2939 0.2586 
     H167359  2 0.1817 0.2447 0.1310 0.2646 0.1780 
     H167397  2 0.0381 0.2311 0.0925 0.2077 0.4306 
     H167428  2 0.0359 0.2118 0.2950 0.1384 0.3189 
     H167496  2 0.3907 0.1017 0.2538 0.0937 0.1600 
     H167513  2 0.3479 0.1588 0.0689 0.2392 0.1852 
     H167545  2 0.0884 0.1677 0.1240 0.4510 0.1689 
     H167547  2 0.0610 0.2510 0.0506 0.2544 0.3829 
     H169621  2 0.0813 0.1800 0.1345 0.2728 0.3314 
     H169622  2 0.1373 0.3167 0.1894 0.2340 0.1226 
     H169750  2 0.3374 0.1951 0.0860 0.2461 0.1354 
     H171806  2 0.1516 0.1186 0.1473 0.1420 0.4404 
     H171808  2 0.1658 0.2528 0.2559 0.1303 0.1952 
     H171809  2 0.1103 0.1833 0.3946 0.1764 0.1355 
     H171813  2 0.1418 0.2699 0.1745 0.2373 0.1765 
     H171815  2 0.5628 0.1260 0.1215 0.1020 0.0877 
     H171824  2 0.2004 0.1310 0.3151 0.1318 0.2217 
     H171825  2 0.1473 0.2673 0.2336 0.2440 0.1079 
     H171826  2 0.1535 0.1978 0.2408 0.1909 0.2171 
     H171827  2 0.2471 0.1628 0.2260 0.2491 0.1151 
     H171828  2 0.3297 0.0741 0.4032 0.0721 0.1208 
     H171829  2 0.2980 0.2674 0.0901 0.1641 0.1803 
     H171830  2 0.1615 0.1712 0.1297 0.2594 0.2781 
     H171831  2 0.0657 0.3577 0.1234 0.2230 0.2301 
     H171832  2 0.0820 0.2353 0.1609 0.3907 0.1310 
     H171863  2 0.0686 0.3510 0.0726 0.2891 0.2187 
     H171864  2 0.1528 0.1365 0.1623 0.1375 0.4109 
     H171865  2 0.4327 0.1353 0.1413 0.1294 0.1613 
     H171879  2 0.1301 0.1877 0.0901 0.1659 0.4262 
     H171880  2 0.1010 0.1343 0.0754 0.1912 0.4982 
     H171881  2 0.0903 0.2230 0.3197 0.1905 0.1765 
     H171882  2 0.5144 0.0848 0.2291 0.0939 0.0778 
     H171929  2 0.1016 0.2006 0.2422 0.1973 0.2583 
     H171930  2 0.0710 0.1976 0.0617 0.4115 0.2582 
     H171933  2 0.1863 0.1940 0.1383 0.2014 0.2801 
     H171934  2 0.1026 0.1717 0.3242 0.1449 0.2565 
     H171937  2 0.0813 0.3201 0.1173 0.3300 0.1513 
     H171962  2 0.0912 0.2238 0.3116 0.2362 0.1372 
        H190  2 0.1256 0.2615 0.1580 0.2860 0.1689 
        H191  2 0.1523 0.2129 0.2258 0.1659 0.2430 
        H396  2 0.1072 0.1139 0.5263 0.0860 0.1666 
        H397  2 0.1621 0.2162 0.1396 0.2752 0.2068 
        H398  2 0.1425 0.3496 0.2502 0.1229 0.1348 
        H400  2 0.1372 0.1532 0.3495 0.1525 0.2076 
        H401  2 0.0398 0.1472 0.0549 0.1629 0.5952 
        H402  2 0.1299 0.2141 0.1199 0.2526 0.2835 
        H427  2 0.0819 0.1430 0.4535 0.1443 0.1773 
        H428  2 0.0380 0.1864 0.2926 0.1462 0.3369 
        H497  2 0.4194 0.1633 0.0918 0.1903 0.1351 
        H512  2 0.1272 0.1807 0.1246 0.2015 0.3660 
        H513  2 0.3415 0.1534 0.0784 0.2374 0.1893 
        H514  2 0.1357 0.3004 0.1189 0.3187 0.1262 
        H519  2 0.2544 0.1717 0.1013 0.2588 0.2137 
        H532  2 0.0638 0.1866 0.3352 0.1355 0.2790 
        H543  2 0.1133 0.1952 0.1730 0.3038 0.2148 
        H544  2 0.1558 0.3755 0.1217 0.2309 0.1161 
        H545  2 0.0751 0.2048 0.0955 0.4726 0.1520 
        H546  2 0.4231 0.1611 0.1937 0.1315 0.0906 
        H547  2 0.0678 0.2348 0.0528 0.2377 0.4069 
        H548  2 0.1616 0.1876 0.2253 0.1924 0.2331 
        H549  2 0.5368 0.1399 0.0594 0.1426 0.1212 
        H620  2 0.5884 0.0726 0.1932 0.0749 0.0709 
        H623  2 0.0921 0.2714 0.1079 0.3654 0.1632 
        H624  2 0.4116 0.2056 0.1241 0.1986 0.0600 
        H625  2 0.1116 0.1834 0.3325 0.1951 0.1774 
        H626  2 0.2624 0.2021 0.1337 0.2095 0.1922 
        H654  2 0.7255 0.0545 0.1177 0.0648 0.0374 
        H655  2 0.3170 0.1449 0.1588 0.2668 0.1125 
        H656  2 0.4728 0.0990 0.2906 0.0765 0.0612 
        H666  2 0.6015 0.0910 0.1029 0.0715 0.1332 
        H667  2 0.1203 0.2041 0.3074 0.2254 0.1428 
        H677  2 0.1118 0.2171 0.2357 0.2164 0.2191 
        H693  2 0.1720 0.1035 0.5319 0.1051 0.0875 
        H694  2 0.1346 0.2459 0.1190 0.3127 0.1878 
        H701  2 0.0954 0.2297 0.1229 0.3330 0.2191 
        H702  2 0.2436 0.1703 0.1515 0.2585 0.1762 
        H731  2 0.2011 0.1787 0.2940 0.1826 0.1435 
       H7359  2 0.1805 0.2399 0.1396 0.2464 0.1935 
       H7389  2 0.1017 0.1934 0.2055 0.1268 0.3726 
       H7390  2 0.5591 0.1156 0.1329 0.1103 0.0822 
       H7391  2 0.0730 0.1180 0.3271 0.1052 0.3766 
       H7392  2 0.2255 0.2581 0.2097 0.1732 0.1335 
       H7393  2 0.2847 0.1668 0.1787 0.1719 0.1980 
       H7398  2 0.0930 0.1156 0.2858 0.1378 0.3677 
       H7399  2 0.0808 0.2451 0.2320 0.2535 0.1885 
       H7400  2 0.6431 0.0672 0.1769 0.0688 0.0439 
        H745  2 0.0533 0.5529 0.0913 0.1665 0.1360 
        H746  2 0.0910 0.2632 0.2704 0.2594 0.1160 
        H747  2 0.5002 0.1097 0.1035 0.0917 0.1949 
        H748  2 0.2109 0.1929 0.1249 0.2849 0.1866 
       H7484  2 0.4389 0.1322 0.1827 0.1085 0.1376 
       H7485  2 0.2523 0.2293 0.1187 0.2492 0.1505 
        H749  2 0.1693 0.2278 0.2168 0.2516 0.1346 
        H930  2 0.0941 0.1849 0.0629 0.3437 0.3144 
        H931  2 0.0998 0.2054 0.2257 0.1572 0.3120 
        H932  2 0.1195 0.1788 0.1441 0.1454 0.4122 
        H111  3 0.0847 0.3029 0.0855 0.3449 0.1820 
        H951  3 0.0811 0.2964 0.1331 0.2199 0.2694 
        H952  3 0.1459 0.2078 0.1258 0.1713 0.3492 
        H953  3 0.0693 0.1197 0.2931 0.0833 0.4346 
        H954  3 0.4880 0.1172 0.1388 0.1469 0.1091 
        H955  3 0.0818 0.2429 0.0961 0.3827 0.1965 
        H956  3 0.2771 0.1183 0.1041 0.1536 0.3469 
       H9563  3 0.1459 0.1512 0.2426 0.1261 0.3343 
        H002  4 0.2580 0.2153 0.2206 0.2361 0.0700 
        H003  4 0.0702 0.2363 0.3327 0.2235 0.1373 
        H009  4 0.1578 0.2978 0.1340 0.2699 0.1405 
        H010  4 0.1331 0.1828 0.2549 0.1956 0.2336 
        H011  4 0.3323 0.1057 0.3669 0.1154 0.0798 
        H012  4 0.0647 0.1793 0.2970 0.2702 0.1888 
        H013  4 0.1368 0.1663 0.4073 0.1780 0.1116 
        H014  4 0.1131 0.2270 0.1793 0.3278 0.1529 
        H045  4 0.1599 0.1134 0.3739 0.0815 0.2714 
        H046  4 0.0867 0.3413 0.1969 0.2415 0.1336 
        H051  4 0.1875 0.1397 0.3949 0.1440 0.1339 
        H052  4 0.3198 0.2173 0.2053 0.1275 0.1300 
        H053  4 0.2787 0.1850 0.1370 0.2203 0.1790 
        H056  4 0.2995 0.1663 0.2072 0.1957 0.1313 
        H076  4 0.0818 0.3355 0.1817 0.1820 0.2190 
        H151  4 0.4746 0.1397 0.1632 0.1435 0.0790 
        H152  4 0.1703 0.2350 0.2803 0.1996 0.1148 
     H171803  4 0.4750 0.1278 0.1551 0.1412 0.1009 
     H171804  4 0.3360 0.1468 0.2017 0.1385 0.1770 
     H171833  4 0.0798 0.3854 0.1003 0.3139 0.1206 
     H171855  4 0.4540 0.1696 0.1659 0.1222 0.0882 
     H171856  4 0.3401 0.1491 0.1145 0.1395 0.2568 
     H171857  4 0.3258 0.2186 0.1402 0.1493 0.1661 
     H171858  4 0.1116 0.2488 0.2204 0.1918 0.2273 
     H171859  4 0.1864 0.2213 0.2358 0.1662 0.1903 
     H171961  4 0.2438 0.1577 0.3313 0.1482 0.1190 
        H198  4 0.0606 0.3145 0.1793 0.2826 0.1630 
      H20001  4 0.0993 0.2797 0.0861 0.4006 0.1343 
        H403  4 0.3099 0.2122 0.1381 0.1339 0.2059 
        H404  4 0.0828 0.2040 0.3021 0.2452 0.1659 
        H405  4 0.0810 0.3038 0.1914 0.2172 0.2066 
        H406  4 0.1426 0.2478 0.0624 0.1910 0.3562 
        H407  4 0.1982 0.1280 0.1912 0.1044 0.3782 
        H410  4 0.0517 0.1085 0.1267 0.0718 0.6413 
        H411  4 0.0685 0.2571 0.0981 0.4230 0.1533 
        H468  4 0.3708 0.2112 0.0659 0.2179 0.1341 
        H476  4 0.3829 0.1604 0.0696 0.2478 0.1394 
        H477  4 0.0995 0.3368 0.0953 0.3412 0.1272 
        H478  4 0.1331 0.2239 0.2373 0.2763 0.1293 
        H479  4 0.2613 0.1603 0.3279 0.1127 0.1379 
        H480  4 0.0853 0.2505 0.0893 0.3822 0.1926 
        H498  4 0.1253 0.2447 0.2139 0.2681 0.1481 
        H499  4 0.1299 0.2026 0.2643 0.2726 0.1305 
        H500  4 0.4629 0.1196 0.1632 0.1286 0.1256 
        H515  4 0.2152 0.1708 0.1731 0.2600 0.1809 
        H516  4 0.1723 0.2265 0.1067 0.2380 0.2564 
        H517  4 0.1373 0.1796 0.1026 0.1729 0.4076 
        H518  4 0.4531 0.2224 0.0982 0.1241 0.1023 
        H520  4 0.5440 0.1328 0.0819 0.1204 0.1210 
        H521  4 0.1443 0.2020 0.2600 0.1751 0.2185 
        H522  4 0.3409 0.1711 0.1370 0.2049 0.1460 
        H523  4 0.1911 0.1823 0.1280 0.2671 0.2315 
        H536  4 0.1351 0.3621 0.2338 0.1243 0.1447 
        H645  4 0.1422 0.1058 0.5246 0.0865 0.1409 
        H646  4 0.0879 0.2083 0.0815 0.1770 0.4454 
        H647  4 0.3352 0.2495 0.1008 0.1610 0.1535 
        H657  4 0.1227 0.2319 0.1073 0.1740 0.3641 
        H658  4 0.2800 0.1650 0.1172 0.2131 0.2247 
        H659  4 0.6808 0.0749 0.0900 0.0988 0.0554 
        H660  4 0.2302 0.2082 0.1949 0.2411 0.1256 
        H661  4 0.4273 0.1679 0.1316 0.1870 0.0862 
        H668  4 0.0686 0.1987 0.2869 0.2973 0.1485 
        H669  4 0.1893 0.1676 0.2155 0.1598 0.2678 
        H670  4 0.0948 0.1002 0.5624 0.1516 0.0910 
        H678  4 0.2059 0.2107 0.1469 0.2455 0.1909 
        H679  4 0.1015 0.1816 0.0861 0.2711 0.3598 
        H680  4 0.2090 0.3039 0.1590 0.1536 0.1745 
        H681  4 0.2047 0.1558 0.2950 0.2146 0.1300 
        H682  4 0.1444 0.1561 0.1017 0.2880 0.3098 
        H683  4 0.3405 0.2358 0.0905 0.1667 0.1665 
        H718  4 0.4739 0.1084 0.1694 0.0723 0.1760 
        H719  4 0.1546 0.1389 0.4496 0.1256 0.1313 
        H720  4 0.3562 0.2118 0.1871 0.1483 0.0966 
        H721  4 0.2627 0.2563 0.2070 0.1664 0.1076 
        H722  4 0.2954 0.3677 0.0995 0.1343 0.1031 
        H723  4 0.2504 0.1216 0.2598 0.1357 0.2325 
        H724  4 0.5981 0.0903 0.1189 0.0667 0.1260 
        H725  4 0.5928 0.1209 0.1143 0.0871 0.0848 
        H726  4 0.2634 0.1781 0.2044 0.2058 0.1482 
        H727  4 0.2012 0.1471 0.2870 0.1552 0.2095 
        H910  4 0.2069 0.1352 0.2208 0.2106 0.2265 
        H911  4 0.1145 0.1936 0.0804 0.1493 0.4621 
        H912  4 0.2543 0.2451 0.0995 0.2034 0.1977 
        H913  4 0.3890 0.1559 0.1288 0.1581 0.1682 
        H914  4 0.2841 0.0862 0.3843 0.1084 0.1370 
        H915  4 0.2566 0.1728 0.1097 0.2509 0.2099 
        H916  4 0.1540 0.2209 0.0786 0.3441 0.2024 
       H9572  4 0.3734 0.1536 0.1594 0.1590 0.1546 
        H015  5 0.0806 0.2253 0.1380 0.3733 0.1828 
        H016  5 0.1115 0.4825 0.1109 0.1466 0.1486 
        H017  5 0.2744 0.1869 0.1026 0.3089 0.1272 
        H019  5 0.1201 0.2369 0.1684 0.3422 0.1324 
        H020  5 0.1732 0.1614 0.3106 0.1198 0.2351 
        H032  5 0.2534 0.2129 0.0929 0.2574 0.1834 
        H033  5 0.1248 0.1917 0.2060 0.2897 0.1877 
        H034  5 0.1853 0.1323 0.3530 0.1919 0.1375 
        H035  5 0.2359 0.2062 0.1281 0.1989 0.2308 
        H036  5 0.1252 0.2203 0.1091 0.1918 0.3536 
        H037  5 0.3738 0.1418 0.2072 0.1710 0.1062 
        H048  5 0.4185 0.1167 0.2492 0.0776 0.1381 
        H049  5 0.1174 0.2436 0.1358 0.3594 0.1439 
        H054  5 0.1260 0.3045 0.1778 0.1192 0.2725 
        H055  5 0.1428 0.2296 0.3495 0.1896 0.0885 
        H057  5 0.1497 0.4557 0.1252 0.1917 0.0778 
        H060  5 0.1229 0.1441 0.3813 0.2808 0.0709 
        H061  5 0.1056 0.2276 0.3032 0.1885 0.1751 
        H064  5 0.2419 0.1789 0.2903 0.1590 0.1299 
        H070  5 0.1118 0.1172 0.3684 0.2462 0.1565 
        H077  5 0.3613 0.1233 0.2166 0.1965 0.1022 
        H078  5 0.4276 0.1827 0.0923 0.1628 0.1347 
        H079  5 0.0959 0.1725 0.2114 0.1723 0.3479 
        H097  5 0.1940 0.2528 0.0892 0.3448 0.1191 
        H107  5 0.4685 0.0838 0.2996 0.0787 0.0694 
        H122  5 0.2329 0.2724 0.1420 0.2275 0.1251 
        H123  5 0.0878 0.2042 0.0838 0.1606 0.4636 
        H124  5 0.0959 0.1942 0.1166 0.1420 0.4512 
        H131  5 0.0864 0.1564 0.1278 0.1935 0.4359 
        H132  5 0.2029 0.2011 0.2616 0.1344 0.1999 
        H141  5 0.4330 0.1412 0.1706 0.1401 0.1152 
        H142  5 0.0830 0.2091 0.1916 0.3922 0.1242 
        H157  5 0.3629 0.1540 0.2211 0.1353 0.1267 
        H158  5 0.0794 0.3135 0.0796 0.2698 0.2578 
        H159  5 0.1176 0.2795 0.1464 0.2762 0.1803 
        H160  5 0.3174 0.2056 0.0992 0.1941 0.1837 
        H163  5 0.0969 0.1956 0.1268 0.3768 0.2038 
        H164  5 0.0877 0.2102 0.2139 0.3390 0.1492 
        H165  5 0.0898 0.1676 0.2275 0.1374 0.3776 
        H166  5 0.0877 0.2067 0.2529 0.2866 0.1661 
        H169  5 0.1131 0.2029 0.2330 0.3252 0.1258 
     H169613  5 0.1166 0.2252 0.1919 0.3482 0.1181 
     H169653  5 0.0712 0.2359 0.2158 0.2761 0.2010 
     H169728  5 0.2350 0.2318 0.0989 0.2725 0.1618 
     H169742  5 0.1589 0.1297 0.4855 0.1045 0.1214 
        H170  5 0.1113 0.3195 0.1835 0.2841 0.1017 
        H171  5 0.0855 0.4083 0.1190 0.2614 0.1258 
     H171851  5 0.1261 0.2514 0.1676 0.3200 0.1349 
     H171852  5 0.5077 0.1731 0.1165 0.1101 0.0926 
     H171853  5 0.2722 0.1564 0.1878 0.1592 0.2244 
     H171854  5 0.1356 0.2240 0.0942 0.3713 0.1749 
     H171938  5 0.1252 0.1603 0.3370 0.1939 0.1837 
     H171939  5 0.1156 0.3176 0.1686 0.1732 0.2249 
     H171941  5 0.1902 0.1094 0.4910 0.1323 0.0771 
     H171965  5 0.0804 0.2535 0.2105 0.3556 0.0999 
     H171970  5 0.3521 0.1026 0.3537 0.1092 0.0824 
     H171973  5 0.1115 0.1924 0.2761 0.1825 0.2375 
     H171974  5 0.1279 0.1494 0.3556 0.1802 0.1869 
     H171975  5 0.1408 0.1906 0.3219 0.1511 0.1956 
     H171976  5 0.2395 0.2342 0.0858 0.3287 0.1118 
        H175  5 0.2903 0.1638 0.2552 0.1117 0.1790 
        H178  5 0.1235 0.1870 0.3519 0.2180 0.1195 
        H189  5 0.0777 0.2229 0.1086 0.2940 0.2968 
        H399  5 0.2399 0.4571 0.0555 0.0947 0.1529 
        H416  5 0.2105 0.1944 0.2711 0.1670 0.1570 
        H438  5 0.1409 0.1408 0.2690 0.1477 0.3017 
        H450  5 0.1799 0.1200 0.3987 0.2401 0.0614 
        H455  5 0.2259 0.1000 0.4888 0.0993 0.0860 
        H456  5 0.1536 0.1756 0.3182 0.1777 0.1748 
        H457  5 0.2933 0.2069 0.2106 0.1860 0.1032 
        H458  5 0.1755 0.1719 0.2740 0.2220 0.1565 
        H459  5 0.1018 0.2805 0.1255 0.2604 0.2317 
        H460  5 0.2760 0.1518 0.1584 0.2643 0.1495 
        H461  5 0.1233 0.2862 0.0818 0.3848 0.1239 
        H462  5 0.0902 0.1715 0.1671 0.2376 0.3336 
        H469  5 0.0730 0.1851 0.1244 0.2275 0.3899 
        H470  5 0.2542 0.1991 0.1562 0.2297 0.1609 
        H471  5 0.1191 0.3395 0.0535 0.2163 0.2717 
        H481  5 0.5290 0.0978 0.1768 0.0826 0.1138 
        H482  5 0.2100 0.1916 0.2274 0.2474 0.1235 
        H501  5 0.2157 0.1830 0.2037 0.2386 0.1590 
        H502  5 0.0783 0.2828 0.1017 0.3788 0.1585 
        H503  5 0.1373 0.2498 0.1210 0.2418 0.2500 
        H509  5 0.3524 0.1384 0.1787 0.1132 0.2172 
        H510  5 0.0653 0.1671 0.3280 0.3384 0.1012 
        H511  5 0.0781 0.2518 0.1877 0.3434 0.1390 
        H530  5 0.2824 0.1486 0.2255 0.1328 0.2107 
        H531  5 0.5630 0.1430 0.0960 0.1024 0.0955 
        H564  5 0.2707 0.1888 0.2097 0.2381 0.0928 
        H565  5 0.4345 0.1295 0.2087 0.1557 0.0716 
        H567  5 0.0633 0.1693 0.1001 0.1575 0.5099 
     H568???  5 0.1021 0.3312 0.1315 0.2600 0.1752 
        H608  5 0.1763 0.1160 0.3455 0.2785 0.0836 
        H609  5 0.0960 0.1552 0.4286 0.1256 0.1946 
        H612  5 0.4267 0.0885 0.3016 0.0853 0.0979 
        H614  5 0.5965 0.1193 0.1198 0.0896 0.0748 
        H615  5 0.5080 0.1560 0.0999 0.1463 0.0898 
        H616  5 0.3523 0.0761 0.3110 0.1008 0.1598 
        H617  5 0.0936 0.2100 0.1480 0.2343 0.3142 
        H618  5 0.2908 0.1463 0.2904 0.1232 0.1493 
        H619  5 0.0919 0.1556 0.5413 0.1085 0.1027 
        H635  5 0.1081 0.2054 0.1928 0.3326 0.1611 
        H636  5 0.0841 0.1326 0.4206 0.2140 0.1486 
        H637  5 0.2457 0.1861 0.3051 0.1486 0.1145 
        H644  5 0.0512 0.4657 0.0630 0.1748 0.2454 
        H711  5 0.1382 0.3506 0.1153 0.2789 0.1170 
        H712  5 0.1444 0.1207 0.4731 0.0992 0.1626 
       H7360  5 0.2538 0.2547 0.2022 0.1888 0.1004 
       H7361  5 0.2197 0.1852 0.2499 0.2351 0.1100 
       H7362  5 0.0567 0.4279 0.0726 0.1921 0.2508 
       H7363  5 0.1789 0.1938 0.1967 0.2244 0.2061 
       H7394  5 0.0606 0.1826 0.0990 0.4640 0.1938 
       H7395  5 0.1016 0.1666 0.4265 0.2116 0.0938 
       H7396  5 0.2262 0.1778 0.1792 0.2390 0.1779 
        H742  5 0.1592 0.1346 0.4911 0.0978 0.1174 
        H743  5 0.2593 0.1859 0.2284 0.0924 0.2340 
        H744  5 0.3442 0.0857 0.1864 0.0806 0.3031 
        H957  5 0.1581 0.2647 0.1129 0.3634 0.1010 
        H958  5 0.1713 0.1803 0.1139 0.2717 0.2629 
        H959  5 0.2369 0.1305 0.3839 0.1592 0.0895 
        H960  5 0.1349 0.1724 0.2045 0.1512 0.3370 
      H_PALI  6 0.1301 0.2386 0.1722 0.3253 0.1339 
        H581  6 0.3719 0.1810 0.1296 0.1652 0.1523 
        H582  6 0.5113 0.1313 0.1618 0.1256 0.0700 
        H583  6 0.3259 0.1981 0.1730 0.1543 0.1487 
        H595  6 0.0949 0.2643 0.0781 0.2914 0.2713 
        H596  6 0.0645 0.1850 0.0809 0.3345 0.3351 
        H597  6 0.0641 0.3685 0.1483 0.1822 0.2369 
        H598  6 0.1756 0.1548 0.2567 0.2114 0.2015 
        H599  6 0.2077 0.1654 0.3534 0.1436 0.1298 
        H642  6 0.1568 0.2932 0.0738 0.2255 0.2507 
        H643  6 0.1323 0.1652 0.1704 0.1457 0.3864 
        H664  6 0.6100 0.1331 0.0635 0.1115 0.0818 
        H665  6 0.1003 0.1510 0.3727 0.2242 0.1518 
        H674  6 0.0554 0.3351 0.0930 0.2469 0.2696 
        H675  6 0.2249 0.1967 0.2115 0.1752 0.1917 
        H676  6 0.0667 0.2195 0.1039 0.4057 0.2044 
        H686  6 0.1586 0.2377 0.2248 0.2670 0.1118 
        H687  6 0.1863 0.2394 0.1251 0.2779 0.1713 
        H917  6 0.0785 0.1695 0.1610 0.2489 0.3420 
        H918  6 0.1159 0.1807 0.4543 0.1458 0.1033 
        H919  6 0.3417 0.1046 0.2763 0.1022 0.1752 
        H920  6 0.2864 0.1708 0.2100 0.2144 0.1183 
        H631  7 0.2551 0.1841 0.2748 0.2011 0.0849 
        H684  7 0.0481 0.2402 0.1335 0.4736 0.1046 
        H685  7 0.4863 0.0982 0.0489 0.1197 0.2470 
        H713  7 0.6096 0.0808 0.1470 0.0887 0.0739 
        H715  7 0.0636 0.2567 0.1662 0.4102 0.1033 
        H716  7 0.0974 0.1665 0.5243 0.1397 0.0721 
        H717  7 0.2300 0.1934 0.2676 0.1416 0.1674 
        H729  7 0.0602 0.1431 0.1621 0.1726 0.4620 
        H730  7 0.1092 0.1063 0.2516 0.0966 0.4364 
        H431  8 0.2636 0.1390 0.1197 0.1429 0.3348 
        H432  8 0.0572 0.3343 0.1787 0.1998 0.2301 
        H433  8 0.1064 0.1785 0.1975 0.2663 0.2513 
        H434  8 0.1236 0.1680 0.2605 0.2113 0.2365 
        H444  8 0.0774 0.1615 0.4185 0.1993 0.1432 
        H454  8 0.3072 0.1072 0.3811 0.1149 0.0897 
        H475  8 0.3438 0.1310 0.1892 0.2417 0.0943 
        H491  8 0.1324 0.1684 0.3822 0.2365 0.0805 
        H492  8 0.4713 0.1472 0.1217 0.1388 0.1210 
        H493  8 0.1534 0.3160 0.1123 0.2564 0.1618 
        H494  8 0.2049 0.1832 0.2525 0.1486 0.2108 
        H495  8 0.4426 0.1655 0.1549 0.1734 0.0636 
        H662  8 0.3052 0.2771 0.1404 0.1344 0.1429 
        H663  8 0.1926 0.1902 0.2036 0.1636 0.2500 
        H695  8 0.2147 0.1753 0.1740 0.1654 0.2707 
       H7367  8 0.0575 0.1257 0.0870 0.1789 0.5509 
       H7368  8 0.0845 0.2827 0.1418 0.3182 0.1728 
       H7369  8 0.0820 0.1476 0.4370 0.1681 0.1653 
       H7370  8 0.1075 0.1547 0.0579 0.2378 0.4422 
       H7371  8 0.1603 0.1768 0.1597 0.2086 0.2947 
        H600  9 0.2882 0.1434 0.2544 0.1903 0.1236 
        H648  9 0.1222 0.2649 0.1606 0.2812 0.1711 
        H696  9 0.1118 0.3785 0.0665 0.2072 0.2360 
        H697  9 0.1040 0.1841 0.2064 0.1359 0.3695 
        H698  9 0.1100 0.1986 0.0966 0.1323 0.4626 
        H699  9 0.1171 0.2060 0.1836 0.1791 0.3141 
        H700  9 0.2158 0.0921 0.3929 0.2267 0.0725 
        H732  9 0.4634 0.1631 0.1696 0.1021 0.1018 
        H733  9 0.0860 0.1918 0.1227 0.1937 0.4058 
        H734  9 0.1382 0.2270 0.0949 0.3722 0.1676 
        H735  9 0.1074 0.2131 0.1012 0.2134 0.3649 
        H736  9 0.3283 0.2034 0.1626 0.1932 0.1125 
        H737  9 0.1088 0.1218 0.2496 0.1033 0.4165 
        H905  9 0.1304 0.1354 0.4441 0.1810 0.1090 
        H921  9 0.2027 0.1455 0.2701 0.1984 0.1833 
        H922  9 0.0775 0.2125 0.1299 0.2634 0.3166 
     H169705 10 0.1056 0.1098 0.0796 0.1822 0.5228 
     H171942 10 0.0543 0.3434 0.1748 0.2027 0.2247 
     H171943 10 0.1629 0.1908 0.1920 0.2987 0.1557 
     H171944 10 0.1973 0.1538 0.1681 0.2393 0.2415 
     H171946 10 0.5055 0.1762 0.1009 0.1275 0.0900 
     H171947 10 0.1196 0.2355 0.1501 0.2632 0.2316 
     H229641 10 0.2453 0.2015 0.1007 0.2432 0.2093 
      H30001 10 0.1546 0.2011 0.2056 0.2520 0.1867 
      H30002 10 0.1599 0.1737 0.2988 0.2005 0.1671 
      H30005 10 0.0906 0.1528 0.0955 0.1819 0.4791 
      H30006 10 0.1012 0.1415 0.0930 0.1269 0.5373 
      H30007 10 0.0794 0.3770 0.1650 0.2255 0.1530 
        H451 10 0.0738 0.2188 0.2178 0.3117 0.1779 
        H452 10 0.1163 0.1578 0.0906 0.0863 0.5491 
        H453 10 0.2878 0.2130 0.2583 0.1368 0.1042 
        H473 10 0.2310 0.2199 0.2990 0.1300 0.1200 
        H474 10 0.6652 0.0895 0.0841 0.0944 0.0669 
        H486 10 0.3060 0.1467 0.1756 0.1500 0.2216 
        H487 10 0.2031 0.1492 0.1776 0.1721 0.2981 
        H488 10 0.1227 0.1288 0.4277 0.1565 0.1642 
        H489 10 0.4270 0.1176 0.1429 0.1200 0.1925 
        H550 10 0.1869 0.2865 0.0786 0.3322 0.1158 
        H551 10 0.1815 0.1117 0.1755 0.1278 0.4035 
        H553 10 0.3457 0.1079 0.0963 0.1017 0.3485 
        H554 10 0.1078 0.2586 0.1770 0.2926 0.1640 
        H556 10 0.2760 0.2247 0.0951 0.1560 0.2481 
        H580 10 0.0900 0.2010 0.1900 0.1740 0.3450 
        H591 10 0.5317 0.0927 0.1856 0.0848 0.1052 
        H592 10 0.3493 0.1790 0.1074 0.1695 0.1948 
        H593 10 0.1555 0.2513 0.1679 0.2973 0.1280 
        H594 10 0.0591 0.2923 0.1092 0.2526 0.2869 
        H627 10 0.2533 0.2043 0.1122 0.2948 0.1355 
        H628 10 0.0430 0.2150 0.3131 0.1348 0.2942 
        H629 10 0.3830 0.2205 0.0784 0.1818 0.1364 
        H630 10 0.2836 0.2076 0.0701 0.2021 0.2367 
        H638 10 0.1348 0.2173 0.0872 0.2696 0.2911 
        H639 10 0.5597 0.1466 0.1144 0.0838 0.0956 
        H640 10 0.1746 0.2403 0.1120 0.2412 0.2318 
        H704 10 0.0789 0.3797 0.1548 0.2066 0.1800 
        H705 10 0.1023 0.0969 0.0791 0.1663 0.5555 
        H706 10 0.1469 0.1018 0.3477 0.1249 0.2788 
        H708 10 0.5804 0.1125 0.1129 0.1074 0.0868 
       H7351 10 0.1661 0.2828 0.2008 0.2187 0.1316 
       H7352 10 0.1949 0.2231 0.1695 0.2222 0.1904 
       H7353 10 0.0592 0.5471 0.1172 0.1471 0.1293 
       H7354 10 0.1122 0.1354 0.4730 0.2050 0.0745 
       H7365 10 0.6012 0.0920 0.1276 0.0776 0.1016 
       H7383 10 0.1682 0.1379 0.3624 0.1887 0.1428 
       H7384 10 0.1152 0.1537 0.2444 0.2078 0.2788 
       H7385 10 0.1881 0.1123 0.3982 0.1762 0.1251 
       H7386 10 0.1096 0.2062 0.2912 0.1531 0.2399 
       H7387 10 0.1295 0.2455 0.1805 0.2814 0.1632 
       H7388 10 0.1021 0.1199 0.1326 0.0932 0.5522 
        H906 10 0.1709 0.2943 0.3100 0.1424 0.0825 
        H907 10 0.0950 0.2426 0.0847 0.3250 0.2527 
        H908 10 0.1518 0.1933 0.2107 0.2302 0.2140 
        H909 10 0.0890 0.1317 0.4996 0.1880 0.0917 
       H9552 10 0.1271 0.2745 0.1861 0.1687 0.2436 
       H9553 10 0.1962 0.1171 0.1071 0.0988 0.4808 
       H9555 10 0.1132 0.1967 0.1687 0.2288 0.2927 
       H9575 10 0.4202 0.1994 0.1528 0.1395 0.0881 
       H9703 10 0.4280 0.0885 0.1499 0.0962 0.2374 
       H9707 10 0.3889 0.1409 0.1287 0.1621 0.1793 
       HSAA4 10 0.0876 0.2177 0.1920 0.1689 0.3338 
        H001 11 0.1456 0.1928 0.3680 0.1402 0.1533 
        H004 11 0.1613 0.2565 0.1972 0.2343 0.1506 
        H005 11 0.2428 0.1261 0.3988 0.1520 0.0803 
        H006 11 0.1837 0.1682 0.2423 0.2596 0.1463 
        H007 11 0.1565 0.0937 0.5570 0.0837 0.1092 
        H031 11 0.5827 0.0808 0.1188 0.0920 0.1257 
        H074 11 0.5123 0.1442 0.1289 0.1118 0.1028 
        H075 11 0.3341 0.0951 0.3901 0.0969 0.0837 
        H080 11 0.2277 0.1417 0.2600 0.1367 0.2339 
        H086 11 0.0928 0.1357 0.1736 0.1678 0.4301 
        H092 11 0.1819 0.1446 0.1729 0.2189 0.2817 
        H093 11 0.0746 0.3937 0.1618 0.2181 0.1518 
        H094 11 0.1795 0.2207 0.0763 0.2999 0.2236 
        H095 11 0.3087 0.1539 0.2914 0.1134 0.1326 
        H096 11 0.1574 0.1481 0.4276 0.1712 0.0958 
        H099 11 0.1856 0.2014 0.2367 0.2046 0.1717 
        H100 11 0.0659 0.2595 0.2868 0.1891 0.1988 
        H127 11 0.2055 0.1440 0.1779 0.1146 0.3581 
        H136 11 0.4446 0.1309 0.1642 0.1384 0.1218 
        H153 11 0.1199 0.2185 0.1327 0.3894 0.1396 
        H154 11 0.5572 0.1034 0.1016 0.1201 0.1177 
        H155 11 0.0486 0.1580 0.3143 0.1066 0.3724 
        H156 11 0.0452 0.2221 0.2055 0.2754 0.2519 
        H161 11 0.1262 0.2482 0.2096 0.2705 0.1455 
        H162 11 0.0874 0.2271 0.0749 0.1844 0.4262 
        H167 11 0.0733 0.2237 0.2328 0.2655 0.2047 
        H168 11 0.0899 0.2384 0.2141 0.1862 0.2714 
     H169586 11 0.4837 0.2567 0.0813 0.1160 0.0623 
     H169738 11 0.0645 0.1439 0.2428 0.1352 0.4136 
     H169741 11 0.5607 0.1170 0.0859 0.1281 0.1083 
     H171801 11 0.0854 0.3324 0.1868 0.2528 0.1426 
     H171810 11 0.4236 0.1670 0.1278 0.1846 0.0970 
     H171811 11 0.4603 0.1748 0.1103 0.1753 0.0794 
     H171812 11 0.1114 0.1303 0.5713 0.0877 0.0993 
     H171820 11 0.4187 0.1504 0.1719 0.1436 0.1153 
     H171821 11 0.0993 0.2486 0.1702 0.2609 0.2211 
     H171822 11 0.1462 0.1718 0.1518 0.2566 0.2736 
     H171823 11 0.3004 0.1835 0.1710 0.2607 0.0845 
     H171866 11 0.0706 0.2631 0.1728 0.1762 0.3173 
     H171867 11 0.0856 0.1437 0.2010 0.2503 0.3193 
     H171967 11 0.3335 0.1369 0.2793 0.1065 0.1438 
     H171969 11 0.1734 0.2030 0.2946 0.1992 0.1297 
        H172 11 0.1923 0.1793 0.2351 0.1758 0.2175 
        H173 11 0.1321 0.1414 0.1994 0.1515 0.3756 
        H174 11 0.0764 0.3342 0.0847 0.2316 0.2731 
        H196 11 0.0562 0.1149 0.1311 0.0801 0.6176 
        H197 11 0.0907 0.2056 0.1924 0.2697 0.2417 
        H346 11 0.1168 0.1475 0.4408 0.1809 0.1141 
        H355 11 0.3248 0.1700 0.2979 0.0870 0.1203 
        H356 11 0.1478 0.1472 0.2834 0.1615 0.2601 
        H357 11 0.3430 0.1477 0.2054 0.1615 0.1424 
        H358 11 0.1105 0.1177 0.4530 0.1801 0.1387 
        H359 11 0.2351 0.1960 0.1473 0.2588 0.1629 
        H360 11 0.1121 0.1635 0.2336 0.1881 0.3027 
        H361 11 0.0810 0.1448 0.2655 0.1592 0.3495 
        H362 11 0.0598 0.2009 0.0983 0.3467 0.2944 
        H363 11 0.3318 0.1261 0.2307 0.2056 0.1058 
        H364 11 0.1960 0.2562 0.2212 0.2279 0.0987 
        H365 11 0.1520 0.2305 0.2562 0.1207 0.2406 
        H366 11 0.1452 0.1708 0.2230 0.1092 0.3518 
        H367 11 0.4784 0.1278 0.1266 0.0884 0.1788 
        H368 11 0.2617 0.2850 0.0859 0.2602 0.1072 
        H369 11 0.4678 0.0856 0.2157 0.0999 0.1311 
        H370 11 0.1266 0.2687 0.1578 0.2548 0.1920 
        H371 11 0.1386 0.1820 0.1111 0.2055 0.3629 
        H372 11 0.1446 0.2064 0.2159 0.1941 0.2390 
        H373 11 0.0905 0.1991 0.2633 0.2849 0.1622 
        H374 11 0.1101 0.1282 0.4726 0.2007 0.0883 
        H375 11 0.2524 0.1627 0.2671 0.1462 0.1716 
        H376 11 0.0999 0.3331 0.2140 0.2034 0.1496 
        H377 11 0.2222 0.1658 0.2006 0.2576 0.1538 
        H378 11 0.2082 0.2558 0.1694 0.1994 0.1673 
        H379 11 0.1528 0.2053 0.1320 0.3344 0.1754 
        H380 11 0.0812 0.1860 0.2332 0.3158 0.1837 
        H381 11 0.5032 0.1558 0.1155 0.1447 0.0808 
        H382 11 0.0512 0.2008 0.0923 0.4147 0.2410 
        H383 11 0.0644 0.3112 0.2216 0.2453 0.1575 
        H384 11 0.3756 0.1662 0.1847 0.1553 0.1181 
        H385 11 0.2294 0.1547 0.1597 0.2990 0.1572 
        H386 11 0.0802 0.1464 0.4253 0.1760 0.1721 
        H387 11 0.1248 0.3926 0.1891 0.2101 0.0834 
        H388 11 0.0734 0.2174 0.1814 0.1130 0.4148 
        H389 11 0.1519 0.1659 0.3420 0.1490 0.1912 
        H390 11 0.1808 0.2070 0.2191 0.2381 0.1550 
        H391 11 0.1232 0.2715 0.1412 0.1878 0.2764 
        H392 11 0.1880 0.0967 0.5032 0.1478 0.0643 
        H393 11 0.0861 0.2820 0.2788 0.1987 0.1544 
        H394 11 0.1157 0.4248 0.1022 0.1879 0.1693 
        H395 11 0.3693 0.1533 0.1800 0.1254 0.1720 
        H408 11 0.1132 0.1351 0.4769 0.1432 0.1315 
        H412 11 0.7583 0.0838 0.0381 0.0615 0.0583 
        H417 11 0.3518 0.1870 0.1525 0.1533 0.1554 
        H418 11 0.2232 0.2469 0.1105 0.2130 0.2064 
        H429 11 0.1272 0.2129 0.3914 0.1634 0.1050 
        H430 11 0.0913 0.2058 0.2252 0.2033 0.2744 
        H439 11 0.1715 0.1404 0.2159 0.2263 0.2460 
        H440 11 0.3027 0.1174 0.3337 0.1669 0.0793 
        H441 11 0.1143 0.1833 0.1062 0.1903 0.4059 
        H442 11 0.1145 0.2489 0.1940 0.1644 0.2781 
        H446 11 0.1700 0.2568 0.1973 0.2351 0.1408 
        H447 11 0.1164 0.1814 0.2456 0.2448 0.2118 
        H448 11 0.1102 0.1243 0.2217 0.1117 0.4321 
        H534 11 0.3194 0.1579 0.2573 0.1852 0.0802 
        H537 11 0.4203 0.1974 0.1724 0.1153 0.0946 
        H568 11 0.5624 0.0868 0.1514 0.1067 0.0926 
        H569 11 0.0601 0.1319 0.0947 0.1634 0.5500 
        H586 11 0.5290 0.2385 0.0816 0.1022 0.0487 
        H587 11 0.5540 0.0951 0.1735 0.0895 0.0878 
        H588 11 0.0640 0.4814 0.1414 0.2045 0.1087 
        H589 11 0.3983 0.1052 0.3176 0.1081 0.0708 
        H590 11 0.2744 0.1677 0.2749 0.1673 0.1158 
        H601 11 0.0674 0.2576 0.1360 0.2220 0.3170 
        H602 11 0.2287 0.1455 0.2032 0.1366 0.2861 
        H603 11 0.0692 0.1658 0.2642 0.2936 0.2073 
