        H102  1 0.1687 0.1639 0.1404 0.1031 0.2521 0.1717 
        H103  1 0.1179 0.1745 0.2261 0.0643 0.1653 0.2520 
        H104  1 0.1916 0.1559 0.1108 0.2896 0.1331 0.1191 
        H105  1 0.1615 0.1729 0.1775 0.1305 0.2110 0.1466 
        H106  1 0.1119 0.1676 0.1741 0.1576 0.1847 0.2041 
        H112  1 0.1488 0.1582 0.1377 0.1758 0.2331 0.1464 
        H113  1 0.2930 0.1572 0.1282 0.1328 0.1244 0.1644 
        H114  1 0.3059 0.1596 0.1455 0.1019 0.1235 0.1637 
        H115  1 0.2027 0.1894 0.1154 0.1426 0.2130 0.1369 
        H143  1 0.1792 0.1725 0.1731 0.1039 0.1848 0.1866 
        H144  1 0.1477 0.2213 0.3077 0.0925 0.1019 0.1290 
        H145  1 0.1281 0.1591 0.1946 0.0644 0.2045 0.2494 
        H149  1 0.1226 0.1263 0.1282 0.3144 0.1721 0.1363 
        H150  1 0.1712 0.1637 0.2051 0.1360 0.1637 0.1603 
     H167542  1 0.2301 0.2626 0.1302 0.1269 0.1184 0.1318 
     H169604  1 0.2287 0.2234 0.1579 0.1231 0.1225 0.1445 
     H169607  1 0.1758 0.2113 0.2191 0.1115 0.1146 0.1677 
     H169608  1 0.1168 0.1056 0.1193 0.1483 0.3414 0.1686 
     H169633  1 0.3119 0.1768 0.1347 0.1107 0.1195 0.1465 
     H169688  1 0.1046 0.1687 0.2678 0.1135 0.1584 0.1870 
     H169714  1 0.1628 0.1652 0.1462 0.2040 0.1783 0.1435 
     H171802  1 0.1843 0.1256 0.1176 0.2504 0.1668 0.1553 
     H171805  1 0.1236 0.1898 0.2111 0.0898 0.1675 0.2183 
     H171807  1 0.1179 0.1609 0.1893 0.1935 0.1791 0.1594 
     H171814  1 0.2688 0.1572 0.1926 0.0962 0.1085 0.1768 
     H171816  1 0.1207 0.1604 0.1760 0.1787 0.2137 0.1505 
     H171817  1 0.1573 0.1422 0.1505 0.2148 0.1699 0.1654 
     H171818  1 0.1331 0.1989 0.1782 0.1565 0.1660 0.1672 
     H171819  1 0.1965 0.1421 0.1660 0.1516 0.1665 0.1773 
     H171834  1 0.1399 0.1406 0.1843 0.1041 0.2302 0.2009 
     H171835  1 0.2096 0.1078 0.1033 0.2721 0.1520 0.1552 
     H171836  1 0.1978 0.1631 0.1905 0.0749 0.1522 0.2215 
     H171837  1 0.2022 0.2003 0.1220 0.1813 0.1692 0.1250 
     H171838  1 0.1049 0.1244 0.2398 0.0935 0.1829 0.2545 
     H171839  1 0.2498 0.1451 0.1207 0.2346 0.1248 0.1250 
     H171841  1 0.0657 0.0943 0.1188 0.2653 0.3361 0.1198 
     H171860  1 0.2284 0.1667 0.1496 0.1308 0.1735 0.1510 
     H171861  1 0.1984 0.1804 0.1767 0.0677 0.1519 0.2249 
     H171862  1 0.1600 0.1678 0.1823 0.1248 0.1852 0.1800 
     H171868  1 0.1922 0.2464 0.1354 0.1096 0.1912 0.1252 
     H171869  1 0.1054 0.1839 0.2648 0.0966 0.1598 0.1896 
     H171870  1 0.1124 0.1471 0.1922 0.1823 0.1773 0.1888 
     H171871  1 0.1383 0.1799 0.2134 0.0957 0.1820 0.1908 
     H171872  1 0.2408 0.1490 0.1253 0.1963 0.1492 0.1393 
     H171873  1 0.1348 0.1712 0.1910 0.1681 0.1519 0.1830 
     H171874  1 0.1729 0.1694 0.2507 0.0846 0.1560 0.1664 
     H171875  1 0.2601 0.1965 0.1914 0.0727 0.1152 0.1642 
     H171876  1 0.2039 0.1860 0.1831 0.1149 0.1202 0.1919 
     H171877  1 0.2334 0.2920 0.0885 0.1421 0.1203 0.1237 
     H171878  1 0.0851 0.1539 0.2281 0.1861 0.1852 0.1617 
     H171901  1 0.1344 0.1388 0.1360 0.2599 0.1735 0.1574 
     H171902  1 0.1188 0.1792 0.2258 0.1819 0.1539 0.1404 
     H171903  1 0.2025 0.1573 0.1802 0.1321 0.1517 0.1762 
     H171935  1 0.0933 0.1267 0.1805 0.1960 0.2204 0.1832 
     H171936  1 0.3129 0.1745 0.1387 0.1255 0.1041 0.1442 
     H171940  1 0.1213 0.2143 0.1525 0.2064 0.1824 0.1231 
     H171945  1 0.1247 0.1745 0.2227 0.1421 0.1826 0.1533 
     H171948  1 0.1255 0.1376 0.1531 0.1562 0.2541 0.1735 
     H171949  1 0.1012 0.1488 0.1242 0.3605 0.1568 0.1084 
     H171950  1 0.1153 0.1010 0.1182 0.3549 0.1862 0.1244 
     H171963  1 0.0978 0.1639 0.2007 0.0887 0.2061 0.2428 
     H171964  1 0.1176 0.1852 0.2608 0.1000 0.1231 0.2133 
     H171966  1 0.1013 0.1599 0.1968 0.1351 0.1917 0.2152 
     H171968  1 0.1282 0.1690 0.2191 0.1840 0.1607 0.1390 
     H171971  1 0.1135 0.1243 0.2018 0.1329 0.1988 0.2287 
     H171972  1 0.1998 0.1495 0.2197 0.0783 0.1435 0.2092 
     H171977  1 0.1670 0.2065 0.2048 0.1050 0.1052 0.2115 
     H171978  1 0.0997 0.1492 0.1808 0.1791 0.2136 0.1775 
     H171979  1 0.1434 0.1549 0.2142 0.0917 0.1691 0.2268 
        H176  1 0.2330 0.1373 0.1570 0.1354 0.1970 0.1403 
        H177  1 0.1123 0.1511 0.1109 0.2834 0.2238 0.1185 
        H179  1 0.1792 0.1992 0.0997 0.2945 0.1286 0.0988 
        H181  1 0.1189 0.1717 0.2091 0.1234 0.1921 0.1848 
        H182  1 0.1425 0.1597 0.2265 0.0612 0.1637 0.2463 
        H183  1 0.0990 0.1813 0.2091 0.1262 0.1991 0.1853 
        H184  1 0.1217 0.1598 0.1576 0.1775 0.2462 0.1372 
        H185  1 0.1457 0.1937 0.2009 0.1103 0.1695 0.1799 
        H186  1 0.1146 0.1855 0.2834 0.1226 0.1517 0.1422 
        H187  1 0.1324 0.1501 0.1806 0.1445 0.1776 0.2148 
        H188  1 0.2186 0.2611 0.1011 0.2303 0.0927 0.0962 
        H192  1 0.0944 0.1437 0.1452 0.2497 0.2219 0.1450 
        H193  1 0.1276 0.1834 0.2167 0.0658 0.1762 0.2302 
        H194  1 0.1814 0.1632 0.1442 0.1855 0.1632 0.1625 
        H195  1 0.0970 0.1525 0.3188 0.0845 0.1692 0.1779 
        H199  1 0.1161 0.1749 0.2462 0.1107 0.1385 0.2136 
        H200  1 0.2004 0.1690 0.1247 0.1968 0.1638 0.1455 
        H414  1 0.1450 0.1650 0.2086 0.1271 0.1507 0.2036 
        H415  1 0.2746 0.1487 0.1554 0.0951 0.1389 0.1873 
        H422  1 0.1311 0.1475 0.2050 0.1565 0.1932 0.1667 
        H423  1 0.0706 0.0845 0.0920 0.4098 0.2536 0.0894 
        H424  1 0.1469 0.1984 0.2384 0.0973 0.1446 0.1744 
        H425  1 0.1369 0.2045 0.2893 0.1070 0.0980 0.1642 
        H426  1 0.0877 0.1629 0.2742 0.0975 0.1598 0.2178 
        H443  1 0.1465 0.2476 0.2655 0.0986 0.1030 0.1387 
        H466  1 0.1302 0.1724 0.1802 0.1806 0.1769 0.1597 
        H467  1 0.1224 0.1368 0.1520 0.2765 0.1711 0.1412 
        H472  1 0.1535 0.1987 0.1548 0.2539 0.1059 0.1333 
        H483  1 0.1535 0.2134 0.1895 0.1413 0.1393 0.1629 
        H504  1 0.1422 0.1699 0.2478 0.0982 0.1106 0.2313 
        H505  1 0.1372 0.1921 0.1440 0.2510 0.1401 0.1357 
        H506  1 0.1328 0.1392 0.2412 0.1176 0.1833 0.1859 
        H507  1 0.1597 0.1914 0.2094 0.0867 0.1303 0.2225 
        H508  1 0.1102 0.1437 0.1647 0.2568 0.1569 0.1676 
        H524  1 0.2949 0.1650 0.1558 0.1180 0.1047 0.1616 
        H525  1 0.1354 0.1952 0.2029 0.1009 0.1594 0.2063 
        H526  1 0.2817 0.2603 0.1045 0.1301 0.1125 0.1109 
        H527  1 0.1185 0.1414 0.1723 0.1852 0.2255 0.1570 
        H528  1 0.2627 0.1643 0.1990 0.0883 0.1207 0.1650 
        H529  1 0.1660 0.2218 0.2157 0.0860 0.1108 0.1997 
        H533  1 0.1601 0.1513 0.1813 0.0686 0.1799 0.2589 
        H538  1 0.1937 0.2173 0.1426 0.1839 0.1250 0.1374 
        H539  1 0.0955 0.1536 0.2092 0.0965 0.2185 0.2267 
        H540  1 0.1537 0.1634 0.2015 0.1357 0.1760 0.1696 
        H541  1 0.2442 0.2193 0.1527 0.1333 0.1046 0.1459 
        H558  1 0.0915 0.1334 0.2475 0.0773 0.1992 0.2511 
        H559  1 0.1668 0.1655 0.2050 0.1246 0.1774 0.1605 
        H579  1 0.1230 0.1661 0.2025 0.0825 0.1936 0.2323 
        H584  1 0.1395 0.1886 0.2399 0.0972 0.1600 0.1748 
        H585  1 0.1361 0.1740 0.2045 0.1462 0.1548 0.1844 
        H605  1 0.1345 0.1576 0.1676 0.1975 0.1919 0.1509 
        H606  1 0.1336 0.1405 0.1094 0.2962 0.2236 0.0966 
        H632  1 0.1407 0.1846 0.2600 0.0832 0.1472 0.1842 
        H634  1 0.1487 0.1983 0.1925 0.1103 0.1667 0.1836 
        H671  1 0.1252 0.1103 0.1125 0.3873 0.1656 0.0992 
        H672  1 0.3625 0.1333 0.1064 0.1487 0.0925 0.1567 
        H673  1 0.1332 0.1909 0.2511 0.1215 0.1327 0.1706 
        H689  1 0.1684 0.2695 0.1870 0.1042 0.1335 0.1374 
        H690  1 0.1829 0.1674 0.1244 0.1300 0.2425 0.1528 
        H691  1 0.2036 0.2647 0.1291 0.1294 0.1409 0.1324 
        H692  1 0.1423 0.1965 0.2458 0.0775 0.1385 0.1993 
        H709  1 0.2048 0.1561 0.1628 0.1034 0.1668 0.2061 
        H710  1 0.1551 0.1809 0.2433 0.0703 0.1489 0.2015 
       H7355  1 0.2447 0.2272 0.1354 0.0888 0.1445 0.1594 
       H7356  1 0.1254 0.2036 0.1841 0.1158 0.1610 0.2101 
       H7357  1 0.1506 0.2141 0.1403 0.1749 0.1727 0.1473 
       H7358  1 0.2399 0.2583 0.1393 0.1289 0.1088 0.1248 
       H7380  1 0.1580 0.1838 0.1977 0.0965 0.1888 0.1752 
       H7381  1 0.0967 0.1562 0.1947 0.1897 0.1862 0.1765 
       H7382  1 0.1820 0.1674 0.1987 0.1007 0.1658 0.1853 
        H904  1 0.1082 0.1085 0.0803 0.4144 0.2043 0.0844 
        H923  1 0.1850 0.1781 0.1577 0.1798 0.1453 0.1541 
        H924  1 0.1625 0.1826 0.1609 0.1870 0.1605 0.1464 
        H925  1 0.2325 0.3099 0.1199 0.1363 0.0890 0.1124 
       H9558  1 0.0790 0.1305 0.2515 0.0717 0.2000 0.2674 
        H008  2 0.2097 0.1712 0.1666 0.1016 0.1761 0.1748 
        H021  2 0.1573 0.1898 0.1321 0.2277 0.1585 0.1346 
        H023  2 0.1299 0.2492 0.1443 0.1984 0.1363 0.1419 
        H024  2 0.3033 0.1509 0.1341 0.0993 0.1244 0.1880 
        H025  2 0.1101 0.1501 0.1842 0.2105 0.2132 0.1320 
        H026  2 0.2318 0.1843 0.2325 0.0907 0.0958 0.1649 
        H027  2 0.2738 0.1851 0.1397 0.1625 0.1041 0.1349 
        H028  2 0.1376 0.1702 0.2275 0.1222 0.1382 0.2042 
        H029  2 0.2834 0.1751 0.1647 0.1358 0.0958 0.1451 
        H030  2 0.1832 0.1336 0.2210 0.0940 0.1511 0.2171 
        H038  2 0.0997 0.1667 0.1578 0.2587 0.1684 0.1487 
        H039  2 0.0558 0.0646 0.0629 0.4643 0.2885 0.0638 
        H040  2 0.1281 0.1117 0.1280 0.3207 0.1530 0.1586 
        H041  2 0.2937 0.1933 0.1277 0.1317 0.1100 0.1436 
        H042  2 0.1358 0.1962 0.1670 0.1810 0.1678 0.1522 
        H043  2 0.0700 0.1062 0.1395 0.2412 0.2692 0.1739 
        H044  2 0.1203 0.1357 0.2057 0.0819 0.2165 0.2399 
        H047  2 0.1124 0.1332 0.1739 0.1539 0.2198 0.2067 
        H050  2 0.3547 0.1170 0.1295 0.0871 0.1125 0.1992 
        H058  2 0.0986 0.1394 0.1618 0.2088 0.1962 0.1952 
        H062  2 0.1254 0.3064 0.1150 0.1926 0.1620 0.0986 
        H063  2 0.1372 0.1365 0.1274 0.2395 0.2060 0.1534 
        H065  2 0.1003 0.2051 0.2766 0.1361 0.1469 0.1349 
        H066  2 0.1559 0.1529 0.1916 0.1297 0.1578 0.2121 
        H067  2 0.1877 0.2209 0.1905 0.1239 0.1244 0.1527 
        H068  2 0.1176 0.1614 0.1258 0.2794 0.1541 0.1617 
        H069  2 0.1272 0.1549 0.1983 0.1906 0.1513 0.1777 
        H071  2 0.1511 0.1700 0.1593 0.1795 0.1718 0.1684 
        H072  2 0.1047 0.1081 0.1034 0.3441 0.2266 0.1131 
        H073  2 0.1599 0.2348 0.2147 0.1271 0.1100 0.1535 
        H081  2 0.2117 0.2307 0.1221 0.1599 0.1532 0.1224 
        H082  2 0.1410 0.1277 0.1970 0.0830 0.2045 0.2467 
        H083  2 0.1079 0.1534 0.2159 0.0806 0.2040 0.2383 
        H084  2 0.1653 0.1487 0.1635 0.2217 0.1362 0.1645 
        H085  2 0.3373 0.1900 0.1064 0.1446 0.1087 0.1130 
        H087  2 0.1977 0.2603 0.1328 0.1477 0.1501 0.1114 
        H088  2 0.1348 0.1546 0.1512 0.2052 0.2022 0.1521 
        H089  2 0.2090 0.2837 0.1398 0.1378 0.1085 0.1211 
        H090  2 0.4289 0.1003 0.1171 0.1107 0.0836 0.1594 
        H091  2 0.4519 0.1138 0.0979 0.1096 0.0677 0.1591 
        H098  2 0.2135 0.1473 0.1616 0.1282 0.1459 0.2035 
      H10001  2 0.0600 0.0629 0.0629 0.4773 0.2760 0.0610 
      H10002  2 0.1522 0.1600 0.1314 0.1667 0.2684 0.1213 
        H101  2 0.3455 0.1161 0.1210 0.1071 0.0938 0.2165 
        H108  2 0.1130 0.2073 0.1147 0.3005 0.1876 0.0770 
        H109  2 0.1709 0.1289 0.1597 0.1929 0.1699 0.1777 
        H110  2 0.2340 0.1878 0.1629 0.0875 0.1736 0.1542 
        H116  2 0.1449 0.1433 0.2027 0.0996 0.1677 0.2417 
        H117  2 0.4397 0.1206 0.1001 0.1358 0.0727 0.1310 
        H118  2 0.3944 0.1528 0.1384 0.1023 0.0721 0.1400 
        H119  2 0.2552 0.1586 0.1294 0.2069 0.1255 0.1244 
        H120  2 0.0940 0.1636 0.0919 0.3429 0.2258 0.0819 
        H121  2 0.4411 0.1524 0.1036 0.1004 0.0681 0.1344 
        H125  2 0.0619 0.0677 0.0698 0.5274 0.2074 0.0657 
        H126  2 0.1053 0.1755 0.2308 0.0998 0.2064 0.1822 
        H128  2 0.4875 0.0977 0.1213 0.0793 0.0519 0.1623 
        H129  2 0.0894 0.2003 0.2999 0.0815 0.1300 0.1989 
        H130  2 0.0779 0.1112 0.1930 0.1904 0.2668 0.1606 
        H133  2 0.0920 0.0971 0.1186 0.3511 0.2259 0.1154 
        H134  2 0.0919 0.2051 0.3815 0.0674 0.1034 0.1507 
        H135  2 0.1885 0.1800 0.1652 0.1458 0.1690 0.1514 
        H137  2 0.2988 0.1107 0.1269 0.1607 0.1014 0.2014 
        H138  2 0.1018 0.1680 0.2370 0.0749 0.1872 0.2311 
        H140  2 0.3189 0.1210 0.1366 0.1440 0.1329 0.1466 
        H146  2 0.4639 0.1098 0.0988 0.1127 0.0784 0.1364 
        H147  2 0.2464 0.1702 0.1610 0.1153 0.1421 0.1650 
        H148  2 0.3712 0.1449 0.1046 0.1184 0.1194 0.1415 
     H166022  2 0.1805 0.1464 0.2153 0.0886 0.1785 0.1906 
     H167359  2 0.1434 0.1628 0.2088 0.1217 0.1773 0.1859 
     H167397  2 0.2517 0.1284 0.1795 0.0728 0.1333 0.2342 
     H167428  2 0.3204 0.2510 0.1219 0.1059 0.0779 0.1230 
     H167496  2 0.1499 0.1443 0.0895 0.3526 0.1597 0.1040 
     H167513  2 0.0824 0.0940 0.1635 0.1340 0.2425 0.2836 
     H167545  2 0.1103 0.1928 0.2288 0.0685 0.1475 0.2521 
     H167547  2 0.2371 0.1076 0.1990 0.0928 0.1078 0.2558 
     H169621  2 0.2597 0.1381 0.1837 0.0986 0.1373 0.1826 
     H169622  2 0.1410 0.2003 0.2214 0.0941 0.1585 0.1847 
     H169750  2 0.1023 0.1131 0.1829 0.2246 0.1898 0.1874 
     H171806  2 0.3018 0.1332 0.1337 0.1600 0.1216 0.1499 
     H171808  2 0.1711 0.2368 0.1743 0.1533 0.1278 0.1367 
     H171809  2 0.1505 0.2167 0.1429 0.1537 0.2076 0.1286 
     H171813  2 0.1393 0.1668 0.1959 0.1205 0.1912 0.1862 
     H171815  2 0.0912 0.1015 0.1158 0.3349 0.2392 0.1173 
     H171824  2 0.2217 0.1633 0.1189 0.2426 0.1363 0.1172 
     H171825  2 0.1358 0.2085 0.2295 0.1175 0.1414 0.1674 
     H171826  2 0.1889 0.1624 0.1508 0.1772 0.1738 0.1470 
     H171827  2 0.1617 0.1524 0.1592 0.1224 0.1912 0.2130 
     H171828  2 0.1101 0.1423 0.0803 0.3922 0.1890 0.0860 
     H171829  2 0.1147 0.1657 0.1930 0.1735 0.1885 0.1647 
     H171830  2 0.1740 0.1232 0.1458 0.1261 0.1914 0.2395 
     H171831  2 0.1278 0.1904 0.2088 0.0794 0.1955 0.1982 
     H171832  2 0.0971 0.1843 0.1796 0.1034 0.2170 0.2185 
     H171863  2 0.1474 0.1508 0.2932 0.0729 0.1117 0.2240 
     H171864  2 0.2751 0.1555 0.1226 0.1551 0.1198 0.1720 
     H171865  2 0.1168 0.1173 0.1204 0.3156 0.2018 0.1281 
     H171879  2 0.3232 0.1219 0.1315 0.1403 0.1161 0.1670 
     H171880  2 0.3494 0.1231 0.1200 0.1238 0.1025 0.1811 
     H171881  2 0.1500 0.1918 0.1948 0.1422 0.1593 0.1618 
     H171882  2 0.0789 0.0782 0.0815 0.4028 0.2748 0.0838 
     H171929  2 0.1934 0.1598 0.1567 0.1380 0.1870 0.1652 
     H171930  2 0.1738 0.1584 0.1674 0.0728 0.1545 0.2731 
     H171933  2 0.2259 0.1521 0.1798 0.1583 0.1135 0.1705 
     H171934  2 0.2147 0.2368 0.1388 0.1206 0.1397 0.1495 
     H171937  2 0.1085 0.2004 0.1961 0.0896 0.1977 0.2077 
     H171962  2 0.1241 0.2178 0.1730 0.1308 0.1711 0.1832 
        H190  2 0.1484 0.1760 0.2028 0.1086 0.1582 0.2060 
        H191  2 0.1586 0.1663 0.1704 0.1897 0.1461 0.1689 
        H396  2 0.1790 0.3247 0.1120 0.2044 0.0843 0.0956 
        H397  2 0.1746 0.1757 0.1991 0.1272 0.1343 0.1890 
        H398  2 0.1206 0.2112 0.2014 0.1723 0.1618 0.1326 
        H400  2 0.1682 0.2594 0.1348 0.1499 0.1481 0.1397 
        H401  2 0.3239 0.1051 0.1444 0.0955 0.0954 0.2357 
        H402  2 0.1788 0.1473 0.1747 0.0944 0.1624 0.2423 
        H427  2 0.2079 0.2915 0.1355 0.1364 0.1178 0.1110 
        H428  2 0.3178 0.2638 0.1233 0.1099 0.0740 0.1113 
        H497  2 0.0917 0.1076 0.1565 0.1555 0.2580 0.2307 
        H512  2 0.2381 0.1179 0.1539 0.1133 0.1881 0.1886 
        H513  2 0.0853 0.1022 0.1612 0.1241 0.2487 0.2785 
        H514  2 0.1068 0.1593 0.2440 0.0858 0.1959 0.2082 
        H519  2 0.1004 0.1027 0.1520 0.1285 0.2359 0.2804 
        H532  2 0.2581 0.2473 0.1428 0.1182 0.1085 0.1249 
        H543  2 0.2191 0.1713 0.1735 0.0942 0.1413 0.2005 
        H544  2 0.0923 0.1563 0.2302 0.1493 0.1977 0.1743 
        H545  2 0.1119 0.1844 0.2197 0.0650 0.1417 0.2772 
        H546  2 0.0878 0.1358 0.1559 0.3046 0.1796 0.1363 
        H547  2 0.2203 0.1092 0.2103 0.0891 0.1178 0.2534 
        H548  2 0.2004 0.2136 0.1486 0.1372 0.1402 0.1600 
        H549  2 0.1004 0.1386 0.1654 0.1605 0.1875 0.2476 
        H620  2 0.0801 0.0790 0.0840 0.4292 0.2503 0.0775 
        H623  2 0.0977 0.1685 0.2292 0.0946 0.1707 0.2393 
        H624  2 0.0708 0.1315 0.2177 0.1533 0.2613 0.1654 
        H625  2 0.1484 0.2759 0.1465 0.1533 0.1228 0.1530 
        H626  2 0.1384 0.1804 0.1661 0.1773 0.1596 0.1782 
        H654  2 0.0493 0.0740 0.0872 0.4466 0.2584 0.0845 
        H655  2 0.1150 0.1428 0.1655 0.1411 0.2296 0.2060 
        H656  2 0.0805 0.1205 0.0854 0.4098 0.2340 0.0698 
        H666  2 0.1194 0.0743 0.0844 0.4294 0.2012 0.0914 
        H667  2 0.1717 0.1762 0.1809 0.1003 0.1833 0.1876 
        H677  2 0.2056 0.1958 0.1803 0.1106 0.1514 0.1564 
        H693  2 0.1267 0.2702 0.0976 0.2435 0.1724 0.0896 
        H694  2 0.1275 0.1698 0.1974 0.1271 0.1825 0.1957 
        H701  2 0.1784 0.1559 0.1763 0.0850 0.1908 0.2136 
        H702  2 0.1426 0.1327 0.1749 0.1694 0.1771 0.2034 
        H731  2 0.1775 0.1613 0.1594 0.1789 0.1903 0.1326 
       H7359  2 0.1510 0.1742 0.1912 0.1371 0.1803 0.1663 
       H7389  2 0.2488 0.1950 0.1490 0.1403 0.0991 0.1678 
       H7390  2 0.0840 0.1176 0.1293 0.3989 0.1616 0.1086 
       H7391  2 0.3103 0.2294 0.1079 0.1317 0.0993 0.1214 
       H7392  2 0.1448 0.1803 0.2053 0.1786 0.1365 0.1545 
       H7393  2 0.1312 0.1243 0.1611 0.1834 0.2229 0.1771 
       H7398  2 0.3193 0.1910 0.1134 0.1395 0.1093 0.1275 
       H7399  2 0.2070 0.1772 0.2018 0.0849 0.1356 0.1937 
       H7400  2 0.0630 0.0870 0.0793 0.4280 0.2671 0.0755 
        H745  2 0.1006 0.1702 0.2813 0.0855 0.1553 0.2070 
        H746  2 0.1500 0.1834 0.2266 0.0766 0.1890 0.1744 
        H747  2 0.1409 0.1068 0.1172 0.3322 0.1424 0.1604 
        H748  2 0.1473 0.1398 0.1914 0.1272 0.1977 0.1966 
       H7484  2 0.1097 0.1088 0.0992 0.3925 0.1884 0.1015 
       H7485  2 0.0980 0.1438 0.2045 0.1110 0.2105 0.2322 
        H749  2 0.1354 0.2139 0.1830 0.1104 0.1685 0.1888 
        H930  2 0.1981 0.1637 0.1627 0.0770 0.1489 0.2496 
        H931  2 0.2423 0.1948 0.1549 0.1312 0.1430 0.1337 
        H932  2 0.2757 0.1612 0.1481 0.1495 0.1290 0.1365 
        H111  3 0.0985 0.1817 0.2177 0.0782 0.2054 0.2184 
        H951  3 0.1757 0.1763 0.2015 0.0856 0.1581 0.2028 
        H952  3 0.2361 0.1675 0.1699 0.1287 0.1117 0.1861 
        H953  3 0.3292 0.2236 0.1081 0.1404 0.0865 0.1122 
        H954  3 0.1054 0.1099 0.1249 0.2915 0.2266 0.1418 
        H955  3 0.1493 0.1601 0.1893 0.0852 0.1758 0.2403 
        H956  3 0.3330 0.1142 0.0981 0.1814 0.1014 0.1719 
       H9563  3 0.2347 0.1583 0.1337 0.1935 0.1388 0.1409 
        H002  4 0.0857 0.1504 0.1474 0.1624 0.2783 0.1758 
        H003  4 0.1619 0.2115 0.1989 0.0980 0.1519 0.1778 
        H009  4 0.1036 0.1692 0.2109 0.1000 0.1792 0.2371 
        H010  4 0.2164 0.1708 0.1815 0.1370 0.1328 0.1615 
        H011  4 0.0938 0.1748 0.1188 0.3342 0.1857 0.0927 
        H012  4 0.1843 0.1656 0.1735 0.0935 0.2001 0.1831 
        H013  4 0.1534 0.2285 0.1387 0.1515 0.1895 0.1383 
        H014  4 0.1290 0.1520 0.2116 0.1211 0.1961 0.1902 
        H045  4 0.2022 0.2457 0.1043 0.2241 0.1171 0.1067 
        H046  4 0.1471 0.2056 0.2718 0.0799 0.1313 0.1644 
        H051  4 0.1343 0.1948 0.1292 0.2183 0.1932 0.1302 
        H052  4 0.1105 0.1564 0.1818 0.2181 0.2027 0.1305 
        H053  4 0.1515 0.1385 0.1611 0.1920 0.1769 0.1800 
        H056  4 0.0829 0.1093 0.1373 0.2363 0.2763 0.1580 
        H076  4 0.1678 0.1792 0.2507 0.1017 0.1303 0.1702 
        H151  4 0.0918 0.1033 0.1368 0.3128 0.2250 0.1303 
        H152  4 0.1063 0.1651 0.1712 0.1682 0.2427 0.1465 
     H171803  4 0.1231 0.1537 0.1378 0.2638 0.1676 0.1540 
     H171804  4 0.1336 0.1571 0.1474 0.2449 0.1561 0.1609 
     H171833  4 0.0994 0.2226 0.2310 0.0759 0.1588 0.2122 
     H171855  4 0.0634 0.1149 0.1411 0.3717 0.1965 0.1123 
     H171856  4 0.1983 0.1411 0.1495 0.1994 0.1300 0.1817 
     H171857  4 0.1171 0.1380 0.1614 0.2549 0.1905 0.1381 
     H171858  4 0.2109 0.1724 0.1652 0.1289 0.1823 0.1404 
     H171859  4 0.1778 0.1486 0.1832 0.1625 0.1621 0.1658 
     H171961  4 0.1272 0.1881 0.1310 0.2351 0.1843 0.1343 
        H198  4 0.1710 0.1755 0.2565 0.0700 0.1332 0.1937 
      H20001  4 0.0707 0.1865 0.2167 0.0701 0.2370 0.2191 
        H403  4 0.1447 0.1434 0.1828 0.2247 0.1539 0.1505 
        H404  4 0.1808 0.1824 0.2031 0.0849 0.1707 0.1781 
        H405  4 0.1851 0.2055 0.1867 0.0927 0.1603 0.1697 
        H406  4 0.1862 0.1191 0.1880 0.1246 0.1583 0.2238 
        H407  4 0.2545 0.1694 0.1237 0.1937 0.1047 0.1540 
        H410  4 0.4413 0.1118 0.1110 0.1190 0.0690 0.1479 
        H411  4 0.0914 0.1198 0.2338 0.0710 0.2457 0.2384 
        H468  4 0.0863 0.1469 0.2092 0.1832 0.1589 0.2155 
        H476  4 0.1212 0.1459 0.1591 0.1784 0.1838 0.2116 
        H477  4 0.1020 0.1977 0.2540 0.0792 0.1347 0.2324 
        H478  4 0.1450 0.1710 0.1970 0.0763 0.2183 0.1924 
        H479  4 0.1346 0.2027 0.1494 0.2192 0.1619 0.1322 
        H480  4 0.1384 0.1485 0.2319 0.0716 0.1735 0.2361 
        H498  4 0.1329 0.1629 0.2029 0.1179 0.1747 0.2087 
        H499  4 0.1259 0.2231 0.1682 0.1066 0.1982 0.1780 
        H500  4 0.1348 0.1358 0.1068 0.3111 0.1876 0.1239 
        H515  4 0.1385 0.1362 0.1636 0.1500 0.2414 0.1703 
        H516  4 0.1661 0.1748 0.1693 0.1307 0.1668 0.1924 
        H517  4 0.3182 0.1144 0.1391 0.1485 0.1126 0.1671 
        H518  4 0.0930 0.1369 0.1685 0.2794 0.1713 0.1508 
        H520  4 0.1172 0.1090 0.1404 0.3255 0.1553 0.1526 
        H521  4 0.1586 0.2166 0.1714 0.1688 0.1257 0.1590 
        H522  4 0.1306 0.1742 0.1570 0.1624 0.1679 0.2079 
        H523  4 0.2202 0.1258 0.1703 0.1245 0.1742 0.1850 
        H536  4 0.1506 0.2404 0.2295 0.1243 0.1217 0.1335 
        H645  4 0.2006 0.3115 0.1015 0.1786 0.1095 0.0983 
        H646  4 0.3382 0.1532 0.1546 0.0996 0.0863 0.1681 
        H647  4 0.1392 0.1541 0.2018 0.1623 0.1595 0.1831 
        H657  4 0.2581 0.1509 0.1748 0.1188 0.1054 0.1920 
        H658  4 0.2269 0.1584 0.1421 0.1502 0.1238 0.1987 
        H659  4 0.0719 0.0872 0.0931 0.3942 0.2361 0.1175 
        H660  4 0.1101 0.1401 0.1751 0.1480 0.2452 0.1815 
        H661  4 0.0773 0.1329 0.1764 0.2206 0.2303 0.1625 
        H668  4 0.2045 0.1842 0.1801 0.0835 0.1724 0.1753 
        H669  4 0.2236 0.1631 0.1536 0.1572 0.1569 0.1456 
        H670  4 0.2023 0.2373 0.1189 0.1201 0.2196 0.1018 
        H678  4 0.1382 0.1642 0.1674 0.1485 0.1869 0.1947 
        H679  4 0.2520 0.1436 0.1567 0.1034 0.1334 0.2109 
        H680  4 0.1059 0.1731 0.1928 0.1614 0.1785 0.1882 
        H681  4 0.1610 0.1491 0.1515 0.1602 0.2206 0.1576 
        H682  4 0.2189 0.1455 0.1438 0.1250 0.1438 0.2230 
        H683  4 0.1188 0.1128 0.1536 0.2686 0.1967 0.1495 
        H718  4 0.1550 0.1077 0.0937 0.3635 0.1806 0.0994 
        H719  4 0.1316 0.2797 0.1266 0.2178 0.1228 0.1215 
        H720  4 0.0729 0.1627 0.1702 0.1927 0.2290 0.1725 
        H721  4 0.0825 0.1953 0.2023 0.1894 0.1713 0.1592 
        H722  4 0.0926 0.1369 0.1992 0.1771 0.2186 0.1756 
        H723  4 0.1629 0.1474 0.1130 0.2874 0.1837 0.1057 
        H724  4 0.1001 0.0969 0.0946 0.4657 0.1427 0.1000 
        H725  4 0.0829 0.1053 0.1151 0.4154 0.1816 0.0997 
        H726  4 0.1157 0.1380 0.1347 0.2495 0.2382 0.1239 
        H727  4 0.1652 0.1950 0.1312 0.2176 0.1540 0.1370 
        H910  4 0.1921 0.1595 0.1390 0.1757 0.1585 0.1753 
        H911  4 0.3047 0.1480 0.1632 0.1195 0.0943 0.1703 
        H912  4 0.1118 0.1510 0.1736 0.1763 0.2194 0.1678 
        H913  4 0.1936 0.1433 0.1335 0.2279 0.1325 0.1693 
        H914  4 0.1699 0.1834 0.1022 0.2462 0.1912 0.1071 
        H915  4 0.1492 0.1448 0.1692 0.1553 0.1819 0.1996 
        H916  4 0.1316 0.1473 0.1769 0.0957 0.1832 0.2653 
       H9572  4 0.1068 0.1293 0.1695 0.2328 0.1738 0.1878 
        H015  5 0.0873 0.1477 0.2202 0.1145 0.1991 0.2312 
        H016  5 0.1378 0.2000 0.2636 0.0887 0.1272 0.1826 
        H017  5 0.1044 0.1451 0.2008 0.1091 0.1963 0.2442 
        H019  5 0.1095 0.1519 0.2256 0.1141 0.2152 0.1838 
        H020  5 0.2194 0.2311 0.1299 0.1499 0.1430 0.1267 
        H032  5 0.1561 0.1223 0.1645 0.1939 0.1840 0.1792 
        H033  5 0.1756 0.1795 0.1796 0.1158 0.1442 0.2053 
        H034  5 0.1613 0.1491 0.1281 0.2266 0.2141 0.1207 
        H035  5 0.1776 0.1648 0.1701 0.1765 0.1442 0.1668 
        H036  5 0.1998 0.1794 0.1831 0.1410 0.1001 0.1966 
        H037  5 0.1206 0.1763 0.1541 0.2377 0.1590 0.1523 
        H048  5 0.1176 0.1701 0.1067 0.3833 0.1256 0.0967 
        H049  5 0.0936 0.1960 0.1938 0.1125 0.1732 0.2309 
        H054  5 0.2105 0.1796 0.1731 0.1673 0.1340 0.1355 
        H055  5 0.1321 0.1557 0.1770 0.1503 0.2378 0.1472 
        H057  5 0.0852 0.1817 0.2646 0.1077 0.1703 0.1906 
        H060  5 0.1209 0.1254 0.1577 0.1149 0.2988 0.1823 
        H061  5 0.1800 0.2164 0.1889 0.1203 0.1511 0.1434 
        H064  5 0.1214 0.1749 0.1629 0.1941 0.1861 0.1607 
        H070  5 0.1585 0.1413 0.1433 0.1257 0.2668 0.1644 
        H077  5 0.0908 0.0974 0.1271 0.2716 0.2866 0.1265 
        H078  5 0.1025 0.1326 0.1725 0.2309 0.1883 0.1732 
        H079  5 0.3154 0.1995 0.1379 0.1041 0.0866 0.1565 
        H097  5 0.0857 0.1266 0.2234 0.1285 0.2366 0.1992 
        H107  5 0.0997 0.1300 0.0796 0.4407 0.1622 0.0878 
        H122  5 0.1457 0.1608 0.2138 0.1261 0.1697 0.1840 
        H123  5 0.2980 0.1594 0.1698 0.1049 0.0947 0.1732 
        H124  5 0.3336 0.1765 0.1556 0.1160 0.0838 0.1345 
        H131  5 0.3498 0.1393 0.1271 0.1200 0.1015 0.1623 
        H132  5 0.1717 0.1902 0.1572 0.1871 0.1495 0.1442 
        H141  5 0.1255 0.1774 0.1431 0.2160 0.1806 0.1574 
        H142  5 0.1518 0.1590 0.2193 0.0735 0.1816 0.2149 
        H157  5 0.1165 0.1488 0.1401 0.3094 0.1501 0.1350 
        H158  5 0.1701 0.1941 0.2073 0.0836 0.1235 0.2214 
        H159  5 0.1247 0.1603 0.2286 0.1156 0.1532 0.2174 
        H160  5 0.1489 0.1415 0.1769 0.2150 0.1227 0.1949 
        H163  5 0.1523 0.1427 0.2165 0.1038 0.1693 0.2155 
        H164  5 0.1330 0.1381 0.1808 0.0908 0.2416 0.2157 
        H165  5 0.3426 0.1721 0.1437 0.0982 0.1051 0.1382 
        H166  5 0.1396 0.2279 0.1637 0.1309 0.1329 0.2049 
        H169  5 0.1603 0.1774 0.1739 0.1004 0.1817 0.2063 
     H169613  5 0.1746 0.1343 0.1995 0.1071 0.1995 0.1850 
     H169653  5 0.1424 0.1868 0.2211 0.1013 0.1583 0.1900 
     H169728  5 0.1237 0.1568 0.2071 0.1405 0.1680 0.2039 
     H169742  5 0.1745 0.3399 0.1132 0.1384 0.1348 0.0991 
        H170  5 0.0901 0.1737 0.2337 0.1021 0.1799 0.2205 
        H171  5 0.0930 0.1864 0.2463 0.1036 0.1690 0.2016 
     H171851  5 0.1218 0.1661 0.2148 0.1125 0.2009 0.1839 
     H171852  5 0.1180 0.1343 0.1495 0.3241 0.1652 0.1090 
     H171853  5 0.1441 0.1322 0.1520 0.2488 0.1464 0.1766 
     H171854  5 0.1192 0.1332 0.1911 0.1167 0.2188 0.2211 
     H171938  5 0.1938 0.2128 0.1444 0.1340 0.1703 0.1447 
     H171939  5 0.1802 0.2089 0.2217 0.1218 0.1214 0.1461 
     H171941  5 0.1183 0.1930 0.1141 0.2604 0.2037 0.1105 
     H171965  5 0.1403 0.1658 0.2331 0.0694 0.1813 0.2100 
     H171970  5 0.0802 0.1366 0.1057 0.3680 0.2098 0.0998 
     H171973  5 0.1969 0.2639 0.1597 0.1204 0.1150 0.1442 
     H171974  5 0.1883 0.1978 0.1582 0.1476 0.1567 0.1515 
     H171975  5 0.1416 0.1751 0.1554 0.2214 0.1722 0.1342 
     H171976  5 0.0726 0.1530 0.2444 0.1206 0.1897 0.2196 
        H175  5 0.1624 0.1858 0.1177 0.2838 0.1271 0.1232 
        H178  5 0.1215 0.2372 0.1571 0.1598 0.1794 0.1449 
        H189  5 0.2947 0.1258 0.2013 0.0720 0.1136 0.1925 
        H399  5 0.1108 0.1747 0.2669 0.2033 0.1005 0.1439 
        H416  5 0.1502 0.2123 0.1585 0.1658 0.1624 0.1508 
        H438  5 0.1964 0.1698 0.1473 0.1638 0.1459 0.1768 
        H450  5 0.1057 0.1111 0.1418 0.1497 0.3479 0.1438 
        H455  5 0.1013 0.1901 0.1049 0.3100 0.1990 0.0946 
        H456  5 0.1849 0.2436 0.1483 0.1518 0.1326 0.1387 
        H457  5 0.0940 0.1508 0.1618 0.2147 0.2474 0.1312 
        H458  5 0.1586 0.1517 0.1505 0.2010 0.1720 0.1662 
        H459  5 0.1823 0.1969 0.2158 0.0960 0.1401 0.1689 
        H460  5 0.1314 0.1624 0.1629 0.1445 0.1939 0.2047 
        H461  5 0.0935 0.1545 0.2393 0.1081 0.2000 0.2046 
        H462  5 0.2555 0.1902 0.1522 0.1151 0.1047 0.1822 
        H469  5 0.2295 0.1524 0.1620 0.1039 0.1465 0.2056 
        H470  5 0.1155 0.1442 0.1783 0.1628 0.2016 0.1976 
        H471  5 0.2011 0.1834 0.2081 0.0935 0.1276 0.1863 
        H481  5 0.1142 0.1059 0.0902 0.4184 0.1732 0.0980 
        H482  5 0.1159 0.1068 0.1629 0.1589 0.2975 0.1580 
        H501  5 0.1437 0.1919 0.1691 0.1672 0.1583 0.1699 
        H502  5 0.1293 0.1597 0.2423 0.0748 0.1686 0.2253 
        H503  5 0.1669 0.1989 0.1822 0.0941 0.1427 0.2153 
        H509  5 0.1286 0.1188 0.1336 0.3677 0.1322 0.1191 
        H510  5 0.1137 0.1676 0.1901 0.1262 0.2223 0.1802 
        H511  5 0.1544 0.1470 0.2236 0.0845 0.1886 0.2020 
        H530  5 0.1855 0.1864 0.1297 0.2311 0.1384 0.1289 
        H531  5 0.0907 0.1291 0.1343 0.3597 0.1686 0.1177 
        H564  5 0.1032 0.1864 0.1737 0.1823 0.2045 0.1498 
        H565  5 0.0753 0.1509 0.1149 0.3243 0.2160 0.1186 
        H567  5 0.3903 0.1435 0.1275 0.0856 0.0800 0.1731 
     H568???  5 0.1238 0.2211 0.2411 0.0862 0.1725 0.1554 
        H608  5 0.1176 0.1108 0.1417 0.1392 0.3453 0.1455 
        H609  5 0.2058 0.2570 0.1355 0.1599 0.1169 0.1250 
        H612  5 0.1210 0.1652 0.1018 0.3207 0.1871 0.1042 
        H614  5 0.0999 0.1067 0.1255 0.3717 0.1830 0.1132 
        H615  5 0.0979 0.1346 0.1634 0.2508 0.1931 0.1603 
        H616  5 0.1402 0.1134 0.0740 0.3859 0.2032 0.0833 
        H617  5 0.2273 0.2095 0.1738 0.1035 0.1040 0.1819 
        H618  5 0.1231 0.1573 0.1161 0.3241 0.1575 0.1219 
        H619  5 0.2311 0.3003 0.1171 0.1081 0.1455 0.0978 
        H635  5 0.1508 0.1411 0.2007 0.1356 0.1861 0.1858 
        H636  5 0.2122 0.2290 0.1475 0.0890 0.1838 0.1386 
        H637  5 0.1480 0.2193 0.1359 0.1920 0.1947 0.1100 
        H644  5 0.2082 0.1727 0.2581 0.0746 0.0977 0.1885 
        H711  5 0.1042 0.1686 0.2463 0.1010 0.1744 0.2056 
        H712  5 0.1877 0.2452 0.1231 0.2177 0.1240 0.1024 
       H7360  5 0.1013 0.1498 0.2423 0.1649 0.1801 0.1616 
       H7361  5 0.1027 0.1411 0.1574 0.2000 0.2613 0.1376 
       H7362  5 0.1517 0.1952 0.2350 0.0824 0.1213 0.2145 
       H7363  5 0.1367 0.1739 0.1785 0.1614 0.1695 0.1800 
       H7394  5 0.1915 0.1387 0.1958 0.0659 0.1729 0.2353 
       H7395  5 0.1216 0.2158 0.1603 0.1346 0.1781 0.1896 
       H7396  5 0.1774 0.1655 0.1694 0.1262 0.1463 0.2153 
        H742  5 0.1743 0.3224 0.1148 0.1366 0.1487 0.1032 
        H743  5 0.2250 0.2223 0.1328 0.2010 0.1045 0.1144 
        H744  5 0.2275 0.1174 0.0858 0.3211 0.1384 0.1098 
        H957  5 0.0979 0.1773 0.1980 0.1065 0.2088 0.2114 
        H958  5 0.2196 0.1522 0.1778 0.1246 0.1191 0.2067 
        H959  5 0.1229 0.1630 0.1187 0.2158 0.2624 0.1172 
        H960  5 0.2502 0.1784 0.1432 0.1568 0.1183 0.1531 
      H_PALI  6 0.1336 0.1460 0.2036 0.0993 0.2208 0.1967 
        H581  6 0.1139 0.1529 0.1482 0.2348 0.1648 0.1856 
        H582  6 0.0683 0.1290 0.1240 0.3824 0.1789 0.1174 
        H583  6 0.1349 0.1521 0.1829 0.2218 0.1477 0.1607 
        H595  6 0.1629 0.1466 0.2036 0.0825 0.1579 0.2465 
        H596  6 0.2420 0.1343 0.1771 0.0749 0.1211 0.2507 
        H597  6 0.1789 0.2139 0.2205 0.0916 0.1303 0.1648 
        H598  6 0.1856 0.1592 0.1522 0.1552 0.1873 0.1606 
        H599  6 0.1289 0.2349 0.1219 0.2374 0.1536 0.1233 
        H642  6 0.1205 0.1454 0.2197 0.1180 0.1571 0.2393 
        H643  6 0.2780 0.1426 0.1449 0.1588 0.1224 0.1532 
        H664  6 0.0680 0.1048 0.1564 0.3026 0.2065 0.1617 
        H665  6 0.1834 0.2067 0.1434 0.1168 0.1976 0.1521 
        H674  6 0.1381 0.1649 0.2444 0.0828 0.1564 0.2134 
        H675  6 0.1342 0.1661 0.1663 0.1858 0.1769 0.1706 
        H676  6 0.1214 0.1205 0.2132 0.0801 0.2412 0.2236 
        H686  6 0.1098 0.1621 0.2224 0.0981 0.1926 0.2151 
        H687  6 0.1282 0.1605 0.2131 0.1453 0.1723 0.1805 
        H917  6 0.2477 0.1688 0.1581 0.1017 0.1305 0.1932 
        H918  6 0.1720 0.3036 0.1528 0.1430 0.1077 0.1208 
        H919  6 0.1373 0.1612 0.0973 0.3318 0.1664 0.1060 
        H920  6 0.0956 0.1116 0.1565 0.2115 0.2422 0.1826 
        H631  7 0.1042 0.2051 0.1661 0.2104 0.1770 0.1371 
        H684  7 0.1064 0.1584 0.2163 0.0648 0.2160 0.2381 
        H685  7 0.2262 0.0957 0.0880 0.3153 0.1220 0.1527 
        H713  7 0.0967 0.1071 0.1131 0.3939 0.1726 0.1166 
        H715  7 0.1131 0.1715 0.2138 0.0828 0.1995 0.2192 
        H716  7 0.1244 0.2562 0.1437 0.1682 0.1804 0.1271 
        H717  7 0.1299 0.1786 0.1566 0.2057 0.1765 0.1527 
        H729  7 0.3681 0.1484 0.1191 0.1088 0.0932 0.1624 
        H730  7 0.3472 0.1636 0.0938 0.1820 0.0823 0.1311 
        H431  8 0.2185 0.1105 0.1307 0.2477 0.1443 0.1483 
        H432  8 0.1200 0.2534 0.2030 0.1005 0.1471 0.1759 
        H433  8 0.2068 0.1654 0.1710 0.1206 0.1500 0.1862 
        H434  8 0.1942 0.1782 0.1629 0.1182 0.1592 0.1873 
        H444  8 0.1537 0.2250 0.1658 0.1339 0.1543 0.1674 
        H454  8 0.1013 0.1557 0.1092 0.3404 0.1765 0.1169 
        H475  8 0.0848 0.0815 0.1084 0.2376 0.3687 0.1189 
        H491  8 0.1030 0.1796 0.1584 0.1587 0.2331 0.1671 
        H492  8 0.1162 0.1470 0.1407 0.2639 0.1654 0.1670 
        H493  8 0.1382 0.1593 0.2322 0.1088 0.1639 0.1976 
        H494  8 0.1481 0.2271 0.1427 0.1832 0.1422 0.1567 
        H495  8 0.0687 0.1160 0.1718 0.2024 0.2733 0.1678 
        H662  8 0.1227 0.1635 0.2032 0.2054 0.1431 0.1620 
        H663  8 0.1698 0.1957 0.1371 0.1470 0.1735 0.1769 
        H695  8 0.2181 0.1481 0.1477 0.1787 0.1475 0.1599 
       H7367  8 0.3984 0.1356 0.1158 0.1000 0.0964 0.1540 
       H7368  8 0.1530 0.1420 0.2424 0.0976 0.1511 0.2138 
       H7369  8 0.1614 0.2055 0.1548 0.1543 0.1926 0.1315 
       H7370  8 0.3069 0.1414 0.1360 0.0870 0.1003 0.2283 
       H7371  8 0.1920 0.1756 0.1606 0.1365 0.1417 0.1937 
        H600  9 0.1300 0.1323 0.1468 0.2270 0.2159 0.1479 
        H648  9 0.1116 0.1503 0.2119 0.1407 0.1645 0.2210 
        H696  9 0.1458 0.1422 0.2314 0.0874 0.1377 0.2556 
        H697  9 0.2219 0.1629 0.1762 0.1508 0.1274 0.1608 
        H698  9 0.3148 0.1268 0.1547 0.1294 0.1037 0.1707 
        H699  9 0.2050 0.1701 0.1633 0.1400 0.1612 0.1604 
        H700  9 0.1495 0.1408 0.1296 0.1346 0.2952 0.1503 
        H732  9 0.0879 0.1280 0.1376 0.3716 0.1699 0.1050 
        H733  9 0.2373 0.1339 0.1526 0.1042 0.1526 0.2194 
        H734  9 0.1326 0.1581 0.2072 0.0859 0.1702 0.2460 
        H735  9 0.1789 0.1319 0.1785 0.1171 0.1558 0.2378 
        H736  9 0.1382 0.1662 0.1743 0.1698 0.1839 0.1676 
        H737  9 0.3141 0.1645 0.1173 0.1494 0.1278 0.1269 
        H905  9 0.1434 0.1463 0.1357 0.1501 0.2726 0.1519 
        H921  9 0.1641 0.1682 0.1402 0.1937 0.1753 0.1586 
        H922  9 0.1807 0.1550 0.1910 0.1059 0.1395 0.2278 
     H169705 10 0.3754 0.1215 0.1117 0.1289 0.0774 0.1850 
     H171942 10 0.1165 0.2513 0.1904 0.1108 0.1586 0.1724 
     H171943 10 0.1438 0.2085 0.1842 0.1174 0.1415 0.2046 
     H171944 10 0.1935 0.1646 0.1513 0.1429 0.1812 0.1664 
     H171946 10 0.0907 0.1239 0.1844 0.2487 0.1827 0.1696 
     H171947 10 0.2072 0.1513 0.1756 0.1158 0.1663 0.1839 
     H229641 10 0.1474 0.1358 0.1570 0.1889 0.1822 0.1888 
      H30001 10 0.1334 0.1543 0.1752 0.1459 0.1983 0.1928 
      H30002 10 0.2223 0.1801 0.1404 0.1271 0.1637 0.1665 
      H30005 10 0.3064 0.1650 0.1431 0.1249 0.0961 0.1644 
      H30006 10 0.4355 0.1062 0.0976 0.1248 0.0825 0.1535 
      H30007 10 0.1002 0.2068 0.2655 0.0897 0.1465 0.1913 
        H451 10 0.1455 0.1603 0.2098 0.1024 0.1732 0.2088 
        H452 10 0.3692 0.1095 0.1140 0.1319 0.1007 0.1747 
        H453 10 0.0959 0.1361 0.1668 0.2850 0.2150 0.1012 
        H473 10 0.1300 0.1838 0.1699 0.2071 0.1923 0.1169 
        H474 10 0.0802 0.0993 0.1230 0.3408 0.2114 0.1452 
        H486 10 0.1498 0.1247 0.1400 0.2408 0.1704 0.1744 
        H487 10 0.2297 0.1407 0.1303 0.1770 0.1793 0.1428 
        H488 10 0.1700 0.1844 0.1531 0.1752 0.1712 0.1461 
        H489 10 0.1611 0.1238 0.1100 0.2993 0.1749 0.1308 
        H550 10 0.1332 0.1667 0.2224 0.0961 0.1614 0.2203 
        H551 10 0.2761 0.1406 0.1148 0.1764 0.1210 0.1710 
        H553 10 0.2905 0.0988 0.0944 0.2603 0.1216 0.1344 
        H554 10 0.1368 0.1428 0.1936 0.0905 0.2104 0.2260 
        H556 10 0.2301 0.1423 0.1471 0.2088 0.1072 0.1644 
        H580 10 0.2138 0.2109 0.1549 0.1230 0.1442 0.1531 
        H591 10 0.1111 0.1052 0.0874 0.4002 0.2019 0.0941 
        H592 10 0.1658 0.1279 0.1666 0.2194 0.1524 0.1679 
        H593 10 0.1347 0.1460 0.1876 0.0993 0.2399 0.1925 
        H594 10 0.1803 0.1917 0.2265 0.0911 0.1175 0.1929 
        H627 10 0.1117 0.1641 0.1791 0.1395 0.1942 0.2114 
        H628 10 0.2836 0.2311 0.1603 0.1024 0.0994 0.1232 
        H629 10 0.0993 0.1386 0.2029 0.2249 0.1458 0.1886 
        H630 10 0.1545 0.1439 0.1605 0.1567 0.1542 0.2301 
        H638 10 0.1569 0.1382 0.1693 0.1260 0.1711 0.2385 
        H639 10 0.0957 0.1143 0.1408 0.3764 0.1554 0.1175 
        H640 10 0.1520 0.1720 0.1721 0.1016 0.1561 0.2462 
        H704 10 0.1709 0.1893 0.2326 0.0957 0.1314 0.1801 
        H705 10 0.3777 0.1081 0.1139 0.1354 0.0804 0.1845 
        H706 10 0.2347 0.1854 0.1023 0.2055 0.1384 0.1337 
        H708 10 0.1025 0.1175 0.1309 0.3170 0.1797 0.1525 
       H7351 10 0.1191 0.1637 0.2256 0.1358 0.1683 0.1875 
       H7352 10 0.1501 0.1487 0.1869 0.1884 0.1575 0.1684 
       H7353 10 0.1284 0.1902 0.2685 0.0874 0.1420 0.1835 
       H7354 10 0.1441 0.1782 0.1582 0.1344 0.2435 0.1416 
       H7365 10 0.1075 0.1056 0.1053 0.4265 0.1498 0.1053 
       H7383 10 0.1595 0.1949 0.1442 0.1704 0.1874 0.1437 
       H7384 10 0.2814 0.1256 0.1337 0.1599 0.1606 0.1388 
       H7385 10 0.1380 0.1661 0.1251 0.1680 0.2526 0.1503 
       H7386 10 0.2111 0.1766 0.1759 0.1461 0.1255 0.1648 
       H7387 10 0.1529 0.1680 0.2023 0.1024 0.1782 0.1963 
       H7388 10 0.3894 0.1167 0.1077 0.1436 0.0974 0.1453 
        H906 10 0.0870 0.1891 0.1778 0.2250 0.1959 0.1251 
        H907 10 0.1317 0.1473 0.2223 0.0852 0.1852 0.2283 
        H908 10 0.1499 0.1382 0.1783 0.1222 0.2167 0.1947 
        H909 10 0.1651 0.2185 0.1523 0.1304 0.2066 0.1271 
       H9552 10 0.1912 0.1884 0.1838 0.1622 0.1162 0.1582 
       H9553 10 0.3989 0.0974 0.0909 0.1855 0.0895 0.1377 
       H9555 10 0.2147 0.1883 0.1431 0.1085 0.1525 0.1930 
       H9575 10 0.0909 0.1337 0.1518 0.3006 0.1826 0.1404 
       H9703 10 0.2116 0.0946 0.0734 0.3699 0.1480 0.1025 
       H9707 10 0.1404 0.1011 0.1365 0.2703 0.2093 0.1424 
       HSAA4 10 0.2193 0.2055 0.1623 0.1253 0.1401 0.1476 
        H001 11 0.1549 0.2388 0.1490 0.1534 0.1683 0.1356 
        H004 11 0.1492 0.1571 0.2020 0.1117 0.2006 0.1795 
        H005 11 0.1135 0.1178 0.1205 0.2514 0.2923 0.1045 
        H006 11 0.1824 0.1595 0.1611 0.1226 0.2025 0.1719 
        H007 11 0.1411 0.2656 0.0988 0.2303 0.1649 0.0993 
        H031 11 0.1228 0.1016 0.0913 0.3945 0.1788 0.1109 
        H074 11 0.0911 0.1142 0.1410 0.3574 0.1506 0.1457 
        H075 11 0.1184 0.2345 0.0968 0.2253 0.2245 0.1005 
        H080 11 0.1490 0.1376 0.1416 0.2562 0.1771 0.1386 
        H086 11 0.3117 0.1348 0.1267 0.1317 0.1187 0.1764 
        H092 11 0.2324 0.1244 0.1193 0.1739 0.2049 0.1451 
        H093 11 0.1421 0.1694 0.2634 0.0842 0.1330 0.2079 
        H094 11 0.1336 0.1753 0.1758 0.1151 0.1814 0.2188 
        H095 11 0.1429 0.1817 0.1360 0.2669 0.1579 0.1146 
        H096 11 0.1543 0.2031 0.1450 0.1643 0.2111 0.1223 
        H099 11 0.1281 0.1577 0.1609 0.1773 0.2144 0.1615 
        H100 11 0.1645 0.3378 0.1459 0.1014 0.0918 0.1586 
        H127 11 0.2432 0.1466 0.1356 0.1918 0.1342 0.1486 
        H136 11 0.1027 0.1201 0.1271 0.2895 0.2458 0.1147 
        H153 11 0.1242 0.1325 0.2098 0.1065 0.2153 0.2117 
        H154 11 0.0900 0.1118 0.1394 0.3484 0.1715 0.1389 
        H155 11 0.2911 0.2595 0.1239 0.1384 0.0730 0.1141 
