        H102  1 0.3943 0.2591 0.3466 
        H103  1 0.2968 0.4725 0.2307 
        H104  1 0.3497 0.2281 0.4223 
        H105  1 0.4251 0.2708 0.3041 
        H106  1 0.3149 0.3361 0.3490 
        H112  1 0.3387 0.2579 0.4034 
        H113  1 0.4376 0.2774 0.2850 
        H114  1 0.4532 0.3047 0.2421 
        H115  1 0.4394 0.2085 0.3522 
        H143  1 0.4274 0.2983 0.2743 
        H144  1 0.3857 0.4157 0.1985 
        H145  1 0.3697 0.4201 0.2102 
        H149  1 0.3014 0.2468 0.4518 
        H150  1 0.3621 0.3257 0.3122 
     H167542  1 0.5114 0.2416 0.2471 
     H169604  1 0.4314 0.2958 0.2728 
     H169607  1 0.4195 0.3561 0.2244 
     H169608  1 0.3133 0.2510 0.4357 
     H169633  1 0.4444 0.3302 0.2255 
     H169688  1 0.2518 0.4477 0.3005 
     H169714  1 0.3202 0.2855 0.3943 
     H171802  1 0.2486 0.3126 0.4388 
     H171805  1 0.3434 0.3806 0.2760 
     H171807  1 0.2931 0.3201 0.3868 
     H171814  1 0.3288 0.4450 0.2262 
     H171816  1 0.3044 0.2928 0.4028 
     H171817  1 0.3288 0.2807 0.3905 
     H171818  1 0.3331 0.3508 0.3160 
     H171819  1 0.3403 0.3186 0.3412 
     H171834  1 0.3610 0.3004 0.3386 
     H171835  1 0.2798 0.2415 0.4787 
     H171836  1 0.3697 0.4416 0.1887 
     H171837  1 0.4174 0.2382 0.3444 
     H171838  1 0.2837 0.4385 0.2778 
     H171839  1 0.3880 0.2502 0.3618 
     H171841  1 0.2064 0.2764 0.5172 
     H171860  1 0.3968 0.2867 0.3165 
     H171861  1 0.4338 0.3738 0.1925 
     H171862  1 0.3577 0.3302 0.3121 
     H171868  1 0.4935 0.2366 0.2699 
     H171869  1 0.3040 0.4201 0.2759 
     H171870  1 0.2539 0.3905 0.3555 
     H171871  1 0.2885 0.4284 0.2831 
     H171872  1 0.3894 0.2589 0.3517 
     H171873  1 0.2618 0.3679 0.3703 
     H171874  1 0.3567 0.3637 0.2796 
     H171875  1 0.4484 0.3646 0.1869 
     H171876  1 0.4108 0.3249 0.2642 
     H171877  1 0.5124 0.2328 0.2548 
     H171878  1 0.2307 0.3605 0.4088 
     H171901  1 0.2690 0.3039 0.4270 
     H171902  1 0.3277 0.3551 0.3173 
     H171903  1 0.3614 0.3048 0.3337 
     H171935  1 0.2128 0.3558 0.4314 
     H171936  1 0.4339 0.3130 0.2530 
     H171940  1 0.3294 0.2905 0.3801 
     H171945  1 0.3228 0.3625 0.3147 
     H171948  1 0.3282 0.2709 0.4008 
     H171949  1 0.2611 0.2676 0.4714 
     H171950  1 0.2426 0.2515 0.5059 
     H171963  1 0.2970 0.4418 0.2612 
     H171964  1 0.2843 0.4570 0.2587 
     H171966  1 0.2747 0.3624 0.3629 
     H171968  1 0.3413 0.3154 0.3432 
     H171971  1 0.2392 0.3843 0.3766 
     H171972  1 0.3158 0.4285 0.2557 
     H171977  1 0.3420 0.4310 0.2270 
     H171978  1 0.2755 0.3196 0.4048 
     H171979  1 0.3372 0.4327 0.2301 
        H176  1 0.4108 0.3051 0.2841 
        H177  1 0.3138 0.2280 0.4582 
        H179  1 0.3768 0.2185 0.4047 
        H181  1 0.3081 0.4106 0.2812 
        H182  1 0.4142 0.3815 0.2043 
        H183  1 0.2463 0.4720 0.2818 
        H184  1 0.3277 0.2895 0.3828 
        H185  1 0.3890 0.3718 0.2392 
        H186  1 0.3248 0.3229 0.3524 
        H187  1 0.3122 0.3527 0.3351 
        H188  1 0.3856 0.2576 0.3568 
        H192  1 0.2803 0.2688 0.4509 
        H193  1 0.3533 0.4117 0.2351 
        H194  1 0.3976 0.2672 0.3352 
        H195  1 0.2665 0.4715 0.2620 
        H199  1 0.2839 0.4628 0.2533 
        H200  1 0.3123 0.3114 0.3762 
        H414  1 0.3181 0.3835 0.2984 
        H415  1 0.3987 0.3428 0.2585 
        H422  1 0.2943 0.3563 0.3493 
        H423  1 0.2247 0.2278 0.5475 
        H424  1 0.3458 0.4149 0.2393 
        H425  1 0.3240 0.4400 0.2359 
        H426  1 0.2271 0.4887 0.2842 
        H443  1 0.3922 0.3749 0.2329 
        H466  1 0.3133 0.3115 0.3753 
        H467  1 0.2484 0.2619 0.4896 
        H472  1 0.3445 0.3267 0.3289 
        H483  1 0.4114 0.3393 0.2493 
        H504  1 0.2971 0.4690 0.2339 
        H505  1 0.3050 0.3007 0.3943 
        H506  1 0.3283 0.3507 0.3210 
        H507  1 0.3981 0.4043 0.1976 
        H508  1 0.2625 0.3550 0.3826 
        H524  1 0.3948 0.3746 0.2306 
        H525  1 0.3705 0.3537 0.2757 
        H526  1 0.5081 0.2584 0.2336 
        H527  1 0.3130 0.2802 0.4068 
        H528  1 0.3897 0.3880 0.2222 
        H529  1 0.4208 0.3752 0.2040 
        H533  1 0.3537 0.4290 0.2174 
        H538  1 0.3908 0.2794 0.3299 
        H539  1 0.2963 0.3909 0.3128 
        H540  1 0.3773 0.3082 0.3144 
        H541  1 0.4463 0.2744 0.2793 
        H558  1 0.2300 0.4865 0.2836 
        H559  1 0.3973 0.2990 0.3037 
        H579  1 0.3790 0.3686 0.2524 
        H584  1 0.3046 0.4404 0.2550 
        H585  1 0.3207 0.3906 0.2887 
        H605  1 0.3422 0.3037 0.3541 
        H606  1 0.3352 0.2319 0.4329 
        H632  1 0.3437 0.4135 0.2429 
        H634  1 0.3474 0.3584 0.2942 
        H671  1 0.2748 0.2581 0.4671 
        H672  1 0.3173 0.3639 0.3189 
        H673  1 0.3773 0.3551 0.2676 
        H689  1 0.4011 0.3412 0.2577 
        H690  1 0.3891 0.2395 0.3714 
        H691  1 0.4752 0.2395 0.2853 
        H692  1 0.3582 0.4667 0.1752 
        H709  1 0.3615 0.3426 0.2959 
        H710  1 0.3652 0.4327 0.2020 
       H7355  1 0.5347 0.2567 0.2086 
       H7356  1 0.3297 0.3690 0.3013 
       H7357  1 0.3869 0.2746 0.3385 
       H7358  1 0.3922 0.3656 0.2422 
       H7380  1 0.4155 0.3123 0.2721 
       H7381  1 0.2567 0.3200 0.4233 
       H7382  1 0.3933 0.3346 0.2722 
        H904  1 0.2809 0.1861 0.5331 
        H923  1 0.3231 0.3387 0.3381 
        H924  1 0.3490 0.2980 0.3530 
        H925  1 0.4838 0.2762 0.2400 
       H9558  1 0.2211 0.5162 0.2627 
        H008  2 0.4246 0.3635 0.2119 
        H021  2 0.3364 0.2571 0.4065 
        H023  2 0.3831 0.2441 0.3728 
        H024  2 0.2790 0.5024 0.2187 
        H025  2 0.2501 0.3469 0.4030 
        H026  2 0.2865 0.4744 0.2391 
        H027  2 0.4215 0.2929 0.2856 
        H028  2 0.3217 0.3945 0.2838 
        H029  2 0.3651 0.3886 0.2463 
        H030  2 0.2762 0.4971 0.2266 
        H038  2 0.3052 0.2637 0.4311 
        H039  2 0.1902 0.1880 0.6218 
        H040  2 0.2572 0.3174 0.4255 
        H041  2 0.4501 0.2753 0.2745 
        H042  2 0.3615 0.2962 0.3423 
        H043  2 0.2025 0.2944 0.5031 
        H044  2 0.2595 0.4733 0.2672 
        H047  2 0.2384 0.3607 0.4009 
        H050  2 0.2770 0.4561 0.2669 
        H058  2 0.2325 0.3623 0.4052 
        H062  2 0.3871 0.2436 0.3693 
        H063  2 0.2962 0.2482 0.4556 
        H065  2 0.2958 0.3776 0.3266 
        H066  2 0.2450 0.4308 0.3241 
        H067  2 0.4487 0.2973 0.2541 
        H068  2 0.2368 0.2927 0.4706 
        H069  2 0.2713 0.4144 0.3144 
        H071  2 0.3336 0.2591 0.4072 
        H072  2 0.2738 0.2336 0.4926 
        H073  2 0.4015 0.3302 0.2682 
        H081  2 0.4777 0.2311 0.2912 
        H082  2 0.3005 0.4678 0.2317 
        H083  2 0.3061 0.4493 0.2446 
        H084  2 0.2890 0.3444 0.3666 
        H085  2 0.4928 0.2494 0.2578 
        H087  2 0.5119 0.2200 0.2680 
        H088  2 0.3315 0.2482 0.4203 
        H089  2 0.4606 0.2838 0.2555 
        H090  2 0.3255 0.4294 0.2451 
        H091  2 0.4487 0.3496 0.2017 
        H098  2 0.3447 0.3768 0.2785 
      H10001  2 0.2040 0.1822 0.6138 
      H10002  2 0.3782 0.2286 0.3932 
        H101  2 0.2403 0.4829 0.2768 
        H108  2 0.3741 0.2286 0.3973 
        H109  2 0.2579 0.3490 0.3931 
        H110  2 0.4987 0.2676 0.2337 
        H116  2 0.2998 0.4315 0.2687 
        H117  2 0.4462 0.3082 0.2455 
        H118  2 0.4068 0.4045 0.1887 
        H119  2 0.3659 0.2650 0.3691 
        H120  2 0.3135 0.1967 0.4898 
        H121  2 0.3900 0.3925 0.2175 
        H125  2 0.2052 0.1805 0.6143 
        H126  2 0.2819 0.4410 0.2771 
        H128  2 0.2784 0.5775 0.1441 
        H129  2 0.2836 0.4980 0.2184 
        H130  2 0.1949 0.3428 0.4623 
        H133  2 0.2136 0.2642 0.5222 
        H134  2 0.2453 0.5443 0.2104 
        H135  2 0.4015 0.2641 0.3345 
        H137  2 0.3139 0.3653 0.3208 
        H138  2 0.2974 0.4398 0.2627 
        H140  2 0.3366 0.3529 0.3106 
        H146  2 0.3484 0.3970 0.2546 
        H147  2 0.4661 0.2853 0.2486 
        H148  2 0.4971 0.2459 0.2570 
     H166022  2 0.4085 0.3555 0.2360 
     H167359  2 0.3028 0.3757 0.3214 
     H167397  2 0.3712 0.4656 0.1632 
     H167428  2 0.4830 0.3515 0.1655 
     H167496  2 0.3337 0.2094 0.4568 
     H167513  2 0.2425 0.3869 0.3706 
     H167545  2 0.3278 0.4423 0.2300 
     H167547  2 0.2375 0.5394 0.2231 
     H169621  2 0.3421 0.4132 0.2447 
     H169622  2 0.3823 0.3703 0.2474 
     H169750  2 0.2156 0.3697 0.4147 
     H171806  2 0.3246 0.3339 0.3415 
     H171808  2 0.3805 0.3225 0.2970 
     H171809  2 0.4200 0.2563 0.3236 
     H171813  2 0.3055 0.3629 0.3316 
     H171815  2 0.2268 0.2579 0.5153 
     H171824  2 0.3957 0.2047 0.3997 
     H171825  2 0.3751 0.3388 0.2862 
     H171826  2 0.3793 0.2647 0.3560 
     H171827  2 0.3566 0.2973 0.3461 
     H171828  2 0.3007 0.1829 0.5163 
     H171829  2 0.2644 0.3956 0.3400 
     H171830  2 0.3065 0.3585 0.3350 
     H171831  2 0.3100 0.4692 0.2207 
     H171832  2 0.3128 0.3921 0.2951 
     H171863  2 0.2525 0.5419 0.2057 
     H171864  2 0.3945 0.3039 0.3016 
     H171865  2 0.2401 0.2907 0.4693 
     H171879  2 0.3067 0.3851 0.3082 
     H171880  2 0.3359 0.3774 0.2866 
     H171881  2 0.3904 0.3241 0.2855 
     H171882  2 0.2369 0.2196 0.5435 
     H171929  2 0.3644 0.3367 0.2990 
     H171930  2 0.2838 0.4939 0.2223 
     H171933  2 0.3522 0.3513 0.2965 
     H171934  2 0.4701 0.2558 0.2741 
     H171937  2 0.2532 0.4680 0.2788 
     H171962  2 0.3828 0.3356 0.2816 
        H190  2 0.3734 0.3505 0.2761 
        H191  2 0.3031 0.3610 0.3358 
        H396  2 0.4479 0.2486 0.3035 
        H397  2 0.3490 0.3611 0.2899 
        H398  2 0.3196 0.3283 0.3521 
        H400  2 0.4228 0.2745 0.3028 
        H401  2 0.2992 0.5149 0.1859 
        H402  2 0.3917 0.3614 0.2469 
        H427  2 0.4620 0.2639 0.2741 
        H428  2 0.4840 0.3510 0.1650 
        H497  2 0.2507 0.3282 0.4211 
        H512  2 0.3452 0.3388 0.3161 
        H513  2 0.2463 0.3827 0.3710 
        H514  2 0.2767 0.4102 0.3131 
        H519  2 0.2572 0.3691 0.3737 
        H532  2 0.5056 0.2617 0.2327 
        H543  2 0.4007 0.3513 0.2480 
        H544  2 0.2235 0.4524 0.3241 
        H545  2 0.2986 0.4848 0.2166 
        H546  2 0.2553 0.2996 0.4450 
        H547  2 0.2382 0.5449 0.2170 
        H548  2 0.4327 0.2941 0.2732 
        H549  2 0.2629 0.4144 0.3227 
        H620  2 0.2674 0.1956 0.5370 
        H623  2 0.2643 0.4595 0.2761 
        H624  2 0.2143 0.3586 0.4271 
        H625  2 0.4152 0.3186 0.2661 
        H626  2 0.3436 0.3165 0.3399 
        H654  2 0.1820 0.2054 0.6126 
        H655  2 0.2974 0.2969 0.4058 
        H656  2 0.3001 0.2162 0.4837 
        H666  2 0.1879 0.2611 0.5510 
        H667  2 0.4359 0.2835 0.2807 
        H677  2 0.4345 0.2906 0.2749 
        H693  2 0.3951 0.2056 0.3993 
        H694  2 0.2775 0.4559 0.2666 
        H701  2 0.3445 0.3855 0.2699 
        H702  2 0.3141 0.2997 0.3862 
        H731  2 0.3680 0.2510 0.3810 
       H7359  2 0.3078 0.3683 0.3239 
       H7389  2 0.3639 0.3431 0.2931 
       H7390  2 0.2480 0.2359 0.5161 
       H7391  2 0.5620 0.2078 0.2303 
       H7392  2 0.2996 0.3615 0.3389 
       H7393  2 0.3021 0.2959 0.4020 
       H7398  2 0.4546 0.2645 0.2808 
       H7399  2 0.4247 0.3381 0.2372 
       H7400  2 0.2230 0.2109 0.5661 
        H745  2 0.2588 0.5033 0.2379 
        H746  2 0.4233 0.3300 0.2467 
        H747  2 0.2743 0.2879 0.4378 
        H748  2 0.3237 0.3381 0.3383 
       H7484  2 0.2661 0.2481 0.4858 
       H7485  2 0.2853 0.4048 0.3099 
        H749  2 0.3785 0.3655 0.2560 
        H930  2 0.2985 0.4641 0.2375 
        H931  2 0.3637 0.3227 0.3136 
        H932  2 0.3354 0.3188 0.3457 
        H111  3 0.2622 0.4810 0.2568 
        H951  3 0.3443 0.4101 0.2455 
        H952  3 0.3073 0.3980 0.2947 
        H953  3 0.4903 0.2887 0.2210 
        H954  3 0.2379 0.2667 0.4954 
        H955  3 0.2877 0.4643 0.2480 
        H956  3 0.3324 0.3031 0.3645 
       H9563  3 0.3568 0.2791 0.3641 
        H002  4 0.2490 0.3096 0.4414 
        H003  4 0.4756 0.3002 0.2242 
        H009  4 0.2618 0.4508 0.2874 
        H010  4 0.3870 0.3080 0.3050 
        H011  4 0.3005 0.2141 0.4854 
        H012  4 0.4713 0.2815 0.2472 
        H013  4 0.4038 0.2491 0.3471 
        H014  4 0.3049 0.3641 0.3311 
        H045  4 0.3892 0.2643 0.3465 
        H046  4 0.4353 0.3502 0.2145 
        H051  4 0.3521 0.2465 0.4014 
        H052  4 0.2472 0.3617 0.3911 
        H053  4 0.3112 0.2952 0.3936 
        H056  4 0.2481 0.3015 0.4504 
        H076  4 0.3774 0.3912 0.2314 
        H151  4 0.2185 0.2516 0.5298 
        H152  4 0.2558 0.3305 0.4137 
     H171803  4 0.3293 0.2536 0.4171 
     H171804  4 0.3352 0.2775 0.3873 
     H171833  4 0.2686 0.4757 0.2557 
     H171855  4 0.2041 0.2823 0.5136 
     H171856  4 0.3160 0.3307 0.3533 
     H171857  4 0.2563 0.3052 0.4385 
     H171858  4 0.3498 0.3345 0.3157 
     H171859  4 0.3209 0.3265 0.3526 
     H171961  4 0.3371 0.2509 0.4120 
        H198  4 0.4124 0.3780 0.2097 
      H20001  4 0.2424 0.4807 0.2769 
        H403  4 0.2768 0.3421 0.3811 
        H404  4 0.4381 0.3212 0.2407 
        H405  4 0.4387 0.3240 0.2373 
        H406  4 0.1945 0.5049 0.3005 
        H407  4 0.3437 0.2996 0.3567 
        H410  4 0.4007 0.3843 0.2150 
        H411  4 0.2576 0.4618 0.2806 
        H468  4 0.2035 0.4598 0.3367 
        H476  4 0.2302 0.3704 0.3995 
        H477  4 0.2524 0.5058 0.2418 
        H478  4 0.4262 0.3042 0.2696 
        H479  4 0.3738 0.2659 0.3604 
        H480  4 0.2897 0.4686 0.2417 
        H498  4 0.3558 0.3398 0.3044 
        H499  4 0.3621 0.3195 0.3185 
        H500  4 0.3108 0.2283 0.4609 
        H515  4 0.3150 0.2904 0.3946 
        H516  4 0.2559 0.3807 0.3634 
        H517  4 0.3299 0.3546 0.3155 
        H518  4 0.2291 0.3781 0.3928 
        H520  4 0.2585 0.3087 0.4329 
        H521  4 0.3896 0.3213 0.2891 
        H522  4 0.3027 0.3190 0.3783 
        H523  4 0.2926 0.3356 0.3718 
        H536  4 0.4251 0.3022 0.2727 
        H645  4 0.4657 0.2142 0.3201 
        H646  4 0.3132 0.4452 0.2416 
        H647  4 0.2926 0.3886 0.3188 
        H657  4 0.3714 0.3712 0.2574 
        H658  4 0.3160 0.3221 0.3619 
        H659  4 0.2050 0.2098 0.5852 
        H660  4 0.2815 0.3340 0.3845 
        H661  4 0.2517 0.2891 0.4592 
        H668  4 0.4687 0.2841 0.2472 
        H669  4 0.3895 0.2719 0.3386 
        H670  4 0.4918 0.1999 0.3083 
        H678  4 0.3247 0.3364 0.3389 
        H679  4 0.3407 0.4149 0.2443 
        H680  4 0.2846 0.3760 0.3394 
        H681  4 0.3595 0.2809 0.3596 
        H682  4 0.3858 0.3232 0.2911 
        H683  4 0.2009 0.3853 0.4138 
        H718  4 0.2708 0.2763 0.4529 
        H719  4 0.3510 0.2864 0.3626 
        H720  4 0.2815 0.3513 0.3672 
        H721  4 0.2739 0.3579 0.3682 
        H722  4 0.2089 0.3871 0.4040 
        H723  4 0.3547 0.2331 0.4122 
        H724  4 0.2280 0.2462 0.5258 
        H725  4 0.2264 0.2635 0.5101 
        H726  4 0.2892 0.2662 0.4446 
        H727  4 0.3682 0.2439 0.3879 
        H910  4 0.3606 0.2584 0.3810 
        H911  4 0.3147 0.4225 0.2628 
        H912  4 0.2636 0.3662 0.3701 
        H913  4 0.2941 0.3091 0.3967 
        H914  4 0.3781 0.2071 0.4148 
        H915  4 0.2822 0.3470 0.3708 
        H916  4 0.2542 0.4220 0.3238 
       H9572  4 0.2832 0.3250 0.3918 
        H015  5 0.2721 0.4606 0.2673 
        H016  5 0.2891 0.4541 0.2568 
        H017  5 0.2578 0.3998 0.3424 
        H019  5 0.3129 0.3869 0.3002 
        H020  5 0.3266 0.3358 0.3376 
        H032  5 0.2797 0.3533 0.3670 
        H033  5 0.3951 0.3230 0.2819 
        H034  5 0.3504 0.2256 0.4240 
        H035  5 0.3196 0.3455 0.3349 
        H036  5 0.3261 0.3847 0.2892 
        H037  5 0.3204 0.2598 0.4199 
        H048  5 0.3259 0.2366 0.4375 
        H049  5 0.2450 0.4371 0.3179 
        H054  5 0.3613 0.3084 0.3303 
        H055  5 0.3547 0.2684 0.3769 
        H057  5 0.2473 0.4110 0.3417 
        H060  5 0.3306 0.3053 0.3641 
        H061  5 0.4188 0.3074 0.2738 
        H064  5 0.3088 0.3026 0.3886 
        H070  5 0.3990 0.2417 0.3593 
        H077  5 0.2441 0.2748 0.4810 
        H078  5 0.2168 0.3339 0.4492 
        H079  5 0.4796 0.2892 0.2313 
        H097  5 0.1860 0.4444 0.3696 
        H107  5 0.2817 0.1920 0.5263 
        H122  5 0.3143 0.3753 0.3104 
        H123  5 0.3177 0.4244 0.2578 
        H124  5 0.3852 0.3563 0.2585 
        H131  5 0.3526 0.3782 0.2692 
        H132  5 0.3458 0.3042 0.3500 
        H141  5 0.3249 0.2833 0.3918 
        H142  5 0.3851 0.3712 0.2437 
        H157  5 0.3106 0.2457 0.4437 
        H158  5 0.2683 0.4850 0.2467 
        H159  5 0.3597 0.3836 0.2567 
        H160  5 0.3048 0.3745 0.3208 
        H163  5 0.3316 0.3832 0.2853 
        H164  5 0.3498 0.3610 0.2892 
        H165  5 0.4582 0.3186 0.2232 
        H166  5 0.3294 0.4037 0.2669 
        H169  5 0.3794 0.3186 0.3021 
     H169613  5 0.3044 0.3567 0.3389 
     H169653  5 0.3645 0.3738 0.2617 
     H169728  5 0.3152 0.3852 0.2996 
     H169742  5 0.4607 0.2405 0.2988 
        H170  5 0.2334 0.4486 0.3179 
        H171  5 0.2563 0.4491 0.2946 
     H171851  5 0.2960 0.3769 0.3271 
     H171852  5 0.2671 0.3255 0.4074 
     H171853  5 0.3310 0.2736 0.3954 
     H171854  5 0.2777 0.3864 0.3359 
     H171938  5 0.4665 0.2387 0.2948 
     H171939  5 0.3215 0.4267 0.2518 
     H171941  5 0.3145 0.2334 0.4521 
     H171965  5 0.3759 0.3733 0.2508 
     H171970  5 0.2506 0.2237 0.5258 
     H171973  5 0.4681 0.2883 0.2436 
     H171974  5 0.4082 0.2612 0.3306 
     H171975  5 0.3436 0.2910 0.3653 
     H171976  5 0.2248 0.4553 0.3200 
        H175  5 0.3294 0.2556 0.4151 
        H178  5 0.3664 0.2916 0.3420 
        H189  5 0.3392 0.4463 0.2145 
        H399  5 0.2317 0.4511 0.3172 
        H416  5 0.3823 0.2766 0.3412 
        H438  5 0.4091 0.2758 0.3151 
        H450  5 0.3022 0.2539 0.4438 
        H455  5 0.3145 0.2209 0.4646 
        H456  5 0.4423 0.2523 0.3054 
        H457  5 0.2479 0.3217 0.4304 
        H458  5 0.3480 0.2653 0.3867 
        H459  5 0.3696 0.3852 0.2452 
        H460  5 0.3263 0.3220 0.3517 
        H461  5 0.2391 0.4380 0.3229 
        H462  5 0.3806 0.3500 0.2694 
        H469  5 0.3853 0.3766 0.2381 
        H470  5 0.2960 0.3235 0.3805 
        H471  5 0.2601 0.5058 0.2341 
        H481  5 0.2504 0.2372 0.5124 
        H482  5 0.2893 0.2929 0.4177 
        H501  5 0.3516 0.2992 0.3492 
        H502  5 0.3316 0.4272 0.2412 
        H503  5 0.3268 0.3963 0.2769 
        H509  5 0.2893 0.2632 0.4474 
        H510  5 0.3490 0.3363 0.3147 
        H511  5 0.3478 0.3787 0.2735 
        H530  5 0.3866 0.2581 0.3553 
        H531  5 0.2420 0.2878 0.4702 
        H564  5 0.3294 0.2976 0.3730 
        H565  5 0.2547 0.2694 0.4760 
        H567  5 0.3277 0.4613 0.2110 
     H568???  5 0.2933 0.4508 0.2558 
        H608  5 0.3166 0.2495 0.4340 
        H609  5 0.4453 0.2711 0.2836 
        H612  5 0.3381 0.2001 0.4618 
        H614  5 0.2426 0.2712 0.4862 
        H615  5 0.2458 0.3118 0.4424 
        H616  5 0.3246 0.1826 0.4929 
        H617  5 0.4373 0.3336 0.2291 
        H618  5 0.2958 0.2459 0.4583 
        H619  5 0.5138 0.2477 0.2385 
        H635  5 0.3484 0.3288 0.3228 
        H636  5 0.5291 0.2329 0.2379 
        H637  5 0.3783 0.2898 0.3319 
        H644  5 0.2465 0.5730 0.1806 
        H711  5 0.2718 0.4172 0.3110 
        H712  5 0.4088 0.2317 0.3596 
       H7360  5 0.2717 0.3739 0.3544 
       H7361  5 0.2869 0.2746 0.4385 
       H7362  5 0.2741 0.5340 0.1920 
       H7363  5 0.2987 0.3340 0.3673 
       H7394  5 0.3392 0.4010 0.2598 
       H7395  5 0.4007 0.2704 0.3289 
       H7396  5 0.3571 0.3152 0.3277 
        H742  5 0.4624 0.2392 0.2984 
        H743  5 0.3409 0.3294 0.3296 
        H744  5 0.2938 0.2250 0.4812 
        H957  5 0.2721 0.3802 0.3477 
        H958  5 0.3483 0.3652 0.2865 
        H959  5 0.3224 0.2257 0.4519 
        H960  5 0.3800 0.2991 0.3209 
      H_PALI  6 0.3050 0.3623 0.3327 
        H581  6 0.2749 0.3325 0.3926 
        H582  6 0.2227 0.2590 0.5183 
        H583  6 0.3102 0.3253 0.3645 
        H595  6 0.2994 0.4769 0.2237 
        H596  6 0.3540 0.4270 0.2190 
        H597  6 0.3449 0.4250 0.2301 
        H598  6 0.3728 0.2898 0.3374 
        H599  6 0.3057 0.2786 0.4157 
        H642  6 0.2441 0.4660 0.2899 
        H643  6 0.3757 0.3096 0.3147 
        H664  6 0.2001 0.3023 0.4975 
        H665  6 0.4801 0.2338 0.2861 
        H674  6 0.2662 0.5225 0.2113 
        H675  6 0.2649 0.3431 0.3920 
        H676  6 0.2889 0.4291 0.2820 
        H686  6 0.3112 0.3779 0.3109 
        H687  6 0.2894 0.3718 0.3388 
        H917  6 0.4622 0.3265 0.2113 
        H918  6 0.4499 0.2880 0.2621 
        H919  6 0.3474 0.2063 0.4462 
        H920  6 0.2688 0.3055 0.4257 
        H631  7 0.3197 0.2753 0.4050 
        H684  7 0.2996 0.4651 0.2354 
        H685  7 0.2221 0.2813 0.4966 
        H713  7 0.2669 0.2369 0.4962 
        H715  7 0.3050 0.4238 0.2712 
        H716  7 0.3867 0.2653 0.3480 
        H717  7 0.3069 0.3076 0.3855 
        H729  7 0.4671 0.3181 0.2149 
        H730  7 0.4394 0.2561 0.3046 
        H431  8 0.3163 0.2706 0.4131 
        H432  8 0.3293 0.4630 0.2077 
        H433  8 0.3932 0.3302 0.2766 
        H434  8 0.3445 0.3591 0.2964 
        H444  8 0.4218 0.3011 0.2771 
        H454  8 0.2948 0.2322 0.4730 
        H475  8 0.2459 0.2402 0.5139 
        H491  8 0.3210 0.2838 0.3952 
        H492  8 0.2752 0.2773 0.4474 
        H493  8 0.2950 0.3884 0.3165 
        H494  8 0.3172 0.3295 0.3533 
        H495  8 0.2155 0.3105 0.4740 
        H662  8 0.2820 0.3919 0.3260 
        H663  8 0.3706 0.3174 0.3120 
        H695  8 0.3544 0.2878 0.3578 
       H7367  8 0.3585 0.4043 0.2372 
       H7368  8 0.3433 0.3907 0.2661 
       H7369  8 0.4428 0.2584 0.2988 
       H7370  8 0.3048 0.4657 0.2294 
       H7371  8 0.4011 0.3021 0.2968 
        H600  9 0.3212 0.2674 0.4115 
        H648  9 0.2984 0.3672 0.3344 
        H696  9 0.2370 0.5493 0.2137 
        H697  9 0.3950 0.3139 0.2911 
        H698  9 0.3226 0.3961 0.2813 
        H699  9 0.3159 0.3618 0.3223 
        H700  9 0.3561 0.2420 0.4019 
        H732  9 0.2237 0.2866 0.4897 
        H733  9 0.3625 0.3833 0.2542 
        H734  9 0.2819 0.4812 0.2368 
        H735  9 0.2980 0.4063 0.2957 
        H736  9 0.3205 0.3239 0.3557 
        H737  9 0.3674 0.2806 0.3519 
        H905  9 0.3711 0.2370 0.3919 
        H921  9 0.3801 0.2426 0.3773 
        H922  9 0.3711 0.3950 0.2339 
     H169705 10 0.3375 0.3711 0.2914 
     H171942 10 0.3250 0.4718 0.2032 
     H171943 10 0.3312 0.3658 0.3030 
     H171944 10 0.3724 0.2941 0.3335 
     H171946 10 0.2182 0.3337 0.4482 
     H171947 10 0.3241 0.3821 0.2938 
     H229641 10 0.2929 0.3540 0.3531 
      H30001 10 0.3682 0.2808 0.3510 
      H30002 10 0.3774 0.3060 0.3165 
      H30005 10 0.3442 0.3579 0.2979 
      H30006 10 0.2764 0.4572 0.2664 
      H30007 10 0.2939 0.4977 0.2084 
        H451 10 0.3669 0.3918 0.2414 
        H452 10 0.3031 0.3975 0.2994 
        H453 10 0.2358 0.2813 0.4829 
        H473 10 0.3531 0.2897 0.3572 
        H474 10 0.1798 0.2752 0.5450 
        H486 10 0.3095 0.2950 0.3955 
        H487 10 0.3097 0.2799 0.4104 
        H488 10 0.4218 0.2452 0.3330 
        H489 10 0.2675 0.2471 0.4854 
        H550 10 0.2507 0.4670 0.2823 
        H551 10 0.3734 0.2806 0.3460 
        H553 10 0.2558 0.3056 0.4386 
        H554 10 0.3400 0.3779 0.2820 
        H556 10 0.2731 0.3826 0.3442 
        H580 10 0.4043 0.3278 0.2678 
        H591 10 0.2548 0.2254 0.5198 
        H592 10 0.3067 0.3034 0.3899 
        H593 10 0.3472 0.3325 0.3202 
        H594 10 0.3321 0.4706 0.1973 
        H627 10 0.2481 0.3873 0.3646 
        H628 10 0.5310 0.2924 0.1765 
        H629 10 0.2522 0.3876 0.3602 
        H630 10 0.2691 0.3803 0.3506 
        H638 10 0.3012 0.3783 0.3205 
        H639 10 0.2179 0.3325 0.4495 
        H640 10 0.2895 0.4479 0.2627 
        H704 10 0.3321 0.4097 0.2582 
        H705 10 0.3360 0.3699 0.2940 
        H706 10 0.3868 0.2225 0.3908 
        H708 10 0.2534 0.2349 0.5117 
       H7351 10 0.2925 0.3730 0.3345 
       H7352 10 0.3395 0.3058 0.3547 
       H7353 10 0.2646 0.4868 0.2485 
       H7354 10 0.3614 0.2598 0.3787 
       H7365 10 0.2838 0.2341 0.4821 
       H7383 10 0.3826 0.2415 0.3759 
       H7384 10 0.3661 0.2717 0.3622 
       H7385 10 0.3336 0.2500 0.4163 
       H7386 10 0.3727 0.3241 0.3032 
       H7387 10 0.3918 0.3159 0.2923 
       H7388 10 0.3570 0.3317 0.3113 
        H906 10 0.2861 0.3255 0.3884 
        H907 10 0.2850 0.4525 0.2624 
        H908 10 0.3633 0.2951 0.3416 
        H909 10 0.4333 0.2612 0.3055 
       H9552 10 0.3138 0.3716 0.3146 
       H9553 10 0.3067 0.3207 0.3726 
       H9555 10 0.4219 0.3045 0.2736 
       H9575 10 0.2552 0.2976 0.4472 
       H9703 10 0.2701 0.2410 0.4889 
       H9707 10 0.2684 0.2881 0.4436 
       HSAA4 10 0.4037 0.3208 0.2755 
        H001 11 0.3877 0.2719 0.3404 
        H004 11 0.3435 0.3262 0.3303 
        H005 11 0.3005 0.2149 0.4846 
        H006 11 0.3706 0.3051 0.3244 
        H007 11 0.3831 0.2179 0.3991 
        H031 11 0.2772 0.2017 0.5212 
        H074 11 0.2203 0.2906 0.4891 
        H075 11 0.3672 0.2082 0.4246 
        H080 11 0.3008 0.2630 0.4362 
        H086 11 0.3125 0.3500 0.3376 
        H092 11 0.3321 0.2713 0.3966 
        H093 11 0.3333 0.4586 0.2080 
        H094 11 0.2791 0.4054 0.3155 
        H095 11 0.3121 0.2769 0.4110 
        H096 11 0.4097 0.2289 0.3614 
        H099 11 0.3089 0.2802 0.4109 
        H100 11 0.4047 0.3846 0.2107 
        H127 11 0.3258 0.2903 0.3838 
        H136 11 0.2485 0.2457 0.5058 
        H153 11 0.3016 0.3655 0.3329 
        H154 11 0.2597 0.2609 0.4794 
        H155 11 0.5055 0.2890 0.2055 
        H156 11 0.4651 0.3517 0.1832 
        H161 11 0.3088 0.3728 0.3184 
        H162 11 0.3467 0.4188 0.2345 
        H167 11 0.4360 0.2938 0.2702 
        H168 11 0.3893 0.3172 0.2935 
     H169586 11 0.2026 0.3966 0.4009 
     H169738 11 0.4718 0.3002 0.2279 
     H169741 11 0.2635 0.2807 0.4559 
     H171801 11 0.2684 0.4515 0.2801 
     H171810 11 0.2521 0.2910 0.4569 
     H171811 11 0.2376 0.2854 0.4769 
     H171812 11 0.4319 0.2371 0.3310 
     H171820 11 0.2716 0.2663 0.4621 
     H171821 11 0.3961 0.3216 0.2824 
     H171822 11 0.3713 0.3301 0.2985 
     H171823 11 0.1914 0.3438 0.4649 
     H171866 11 0.3583 0.4001 0.2416 
     H171867 11 0.4772 0.2803 0.2425 
     H171967 11 0.3378 0.2319 0.4303 
     H171969 11 0.3466 0.3290 0.3244 
        H172 11 0.4105 0.3062 0.2834 
        H173 11 0.4539 0.2598 0.2864 
        H174 11 0.2981 0.4700 0.2319 
        H196 11 0.4175 0.3432 0.2393 
        H197 11 0.4137 0.3183 0.2680 
        H346 11 0.3956 0.2588 0.3456 
        H355 11 0.3559 0.2978 0.3463 
        H356 11 0.3279 0.2995 0.3727 
        H357 11 0.3260 0.2545 0.4194 
        H358 11 0.4843 0.2283 0.2874 
        H359 11 0.3083 0.3318 0.3600 
        H360 11 0.3743 0.2938 0.3319 
        H361 11 0.4308 0.3013 0.2679 
        H362 11 0.3599 0.4297 0.2103 
        H363 11 0.3165 0.2371 0.4464 
        H364 11 0.3238 0.3379 0.3382 
        H365 11 0.3958 0.3345 0.2698 
        H366 11 0.4314 0.3252 0.2434 
        H367 11 0.2353 0.2692 0.4955 
        H368 11 0.2586 0.4505 0.2909 
        H369 11 0.3140 0.2122 0.4738 
        H370 11 0.3548 0.3700 0.2752 
        H371 11 0.2908 0.3791 0.3301 
        H372 11 0.4074 0.3125 0.2801 
        H373 11 0.3528 0.3131 0.3341 
        H374 11 0.3784 0.2543 0.3674 
        H375 11 0.3900 0.2563 0.3537 
        H376 11 0.3398 0.3920 0.2682 
        H377 11 0.3322 0.2920 0.3758 
        H378 11 0.3180 0.3073 0.3747 
        H379 11 0.3248 0.3479 0.3273 
        H380 11 0.4786 0.2908 0.2305 
        H381 11 0.2226 0.3054 0.4721 
        H382 11 0.3681 0.4362 0.1957 
        H383 11 0.4082 0.3677 0.2241 
        H384 11 0.2960 0.2821 0.4218 
        H385 11 0.2900 0.2960 0.4141 
        H386 11 0.5093 0.2341 0.2566 
        H387 11 0.2515 0.4314 0.3171 
        H388 11 0.4479 0.3438 0.2083 
        H389 11 0.4244 0.2549 0.3207 
        H390 11 0.3680 0.3390 0.2929 
        H391 11 0.3091 0.4169 0.2740 
        H392 11 0.3918 0.2059 0.4023 
        H393 11 0.3569 0.4076 0.2355 
        H394 11 0.2434 0.5093 0.2474 
        H395 11 0.3187 0.2477 0.4336 
        H408 11 0.4655 0.2278 0.3067 
        H412 11 0.1569 0.3189 0.5242 
        H417 11 0.3140 0.2937 0.3923 
        H418 11 0.2505 0.3900 0.3596 
        H429 11 0.4439 0.2864 0.2697 
        H430 11 0.4291 0.3326 0.2383 
        H439 11 0.3726 0.2716 0.3558 
        H440 11 0.3026 0.2251 0.4723 
        H441 11 0.3682 0.3540 0.2778 
        H442 11 0.4062 0.3319 0.2619 
        H446 11 0.3228 0.3631 0.3142 
        H447 11 0.4980 0.2697 0.2322 
        H448 11 0.4715 0.2579 0.2705 
        H534 11 0.2408 0.2532 0.5059 
        H537 11 0.2428 0.2925 0.4646 
        H568 11 0.2160 0.2312 0.5528 
        H569 11 0.4047 0.4036 0.1917 
        H586 11 0.1880 0.4096 0.4023 
        H587 11 0.2669 0.2201 0.5130 
        H588 11 0.3078 0.4564 0.2358 
        H589 11 0.3011 0.2173 0.4817 
        H590 11 0.2958 0.2769 0.4272 
        H601 11 0.3654 0.4065 0.2282 
        H602 11 0.3316 0.2872 0.3812 
        H603 11 0.4752 0.2781 0.2466 
        H610 11 0.3217 0.2951 0.3832 
        H611 11 0.2503 0.3280 0.4216 
        H649 11 0.3304 0.3366 0.3331 
        H650 11 0.2586 0.4740 0.2674 
        H651 11 0.4463 0.2741 0.2796 
        H652 11 0.2811 0.3753 0.3436 
       H7364 11 0.4386 0.3030 0.2584 
       H7366 11 0.4093 0.2557 0.3349 
       H7378 11 0.2257 0.6047 0.1696 
       H7379 11 0.3200 0.3495 0.3304 
        H739 11 0.2658 0.2992 0.4350 
        H740 11 0.2722 0.4357 0.2921 
        H741 11 0.2697 0.2768 0.4535 
        H926 11 0.2960 0.4116 0.2924 
        H927 11 0.4046 0.3304 0.2650 
        H928 11 0.2605 0.3947 0.3447 
       H9560 11 0.2973 0.3858 0.3169 
        H409 12 0.4222 0.3313 0.2465 
        H413 12 0.2463 0.5050 0.2487 
        H419 12 0.4250 0.2867 0.2883 
        H420 12 0.3466 0.2748 0.3786 
        H421 12 0.3678 0.4203 0.2120 
        H435 12 0.3877 0.3754 0.2369 
        H436 12 0.4148 0.2521 0.3331 
        H437 12 0.2633 0.2981 0.4386 
        H445 12 0.4795 0.2810 0.2395 
        H449 12 0.3123 0.4030 0.2848 
        H463 12 0.2825 0.3060 0.4115 
        H464 12 0.2712 0.4958 0.2331 
        H465 12 0.1959 0.4587 0.3453 
        H490 12 0.2833 0.4722 0.2445 
        H561 12 0.3091 0.3575 0.3334 
        H562 12 0.4515 0.2404 0.3080 
        H563 12 0.3574 0.2776 0.3651 
        H570 12 0.3657 0.2288 0.4055 
        H571 12 0.2518 0.3983 0.3499 
        H572 12 0.2959 0.3054 0.3987 
        H573 12 0.4344 0.3296 0.2360 
       H7372 12 0.4880 0.3331 0.1789 
       H7373 12 0.2486 0.5060 0.2454 
       H7374 12 0.3362 0.2702 0.3936 
       H7375 12 0.3556 0.2544 0.3900 
       H7376 12 0.5593 0.2437 0.1970 
       H7377 12 0.2687 0.2922 0.4390 
