        H102  1 0.3437 0.1626 0.1694 0.0855 0.2389 
        H103  1 0.0810 0.2635 0.1198 0.1770 0.3587 
        H104  1 0.2642 0.1247 0.2704 0.2268 0.1140 
        H105  1 0.2932 0.1774 0.1481 0.1555 0.2257 
        H106  1 0.1764 0.2107 0.1925 0.1771 0.2434 
        H112  1 0.3063 0.1583 0.1826 0.1813 0.1715 
        H113  1 0.1596 0.1473 0.1498 0.4157 0.1276 
        H114  1 0.1328 0.1506 0.1478 0.3963 0.1726 
        H115  1 0.3530 0.1230 0.1827 0.1889 0.1524 
        H143  1 0.2933 0.1918 0.1638 0.1617 0.1894 
        H144  1 0.1411 0.3888 0.1349 0.1239 0.2113 
        H145  1 0.1767 0.2862 0.1121 0.1586 0.2663 
        H149  1 0.2557 0.1522 0.3014 0.1258 0.1648 
        H150  1 0.2089 0.2909 0.1382 0.2116 0.1504 
     H167542  1 0.2936 0.1480 0.2029 0.2207 0.1347 
     H169604  1 0.2185 0.1860 0.2059 0.1981 0.1914 
     H169607  1 0.1920 0.2715 0.1689 0.1620 0.2056 
     H169608  1 0.3869 0.1466 0.1638 0.0984 0.2043 
     H169633  1 0.1511 0.1773 0.1572 0.3667 0.1477 
     H169688  1 0.1015 0.2895 0.2135 0.1076 0.2879 
     H169714  1 0.1984 0.1764 0.2430 0.2174 0.1648 
     H171802  1 0.1831 0.1566 0.2572 0.2450 0.1582 
     H171805  1 0.1255 0.2298 0.1492 0.1696 0.3259 
     H171807  1 0.2535 0.2156 0.1895 0.1092 0.2321 
     H171814  1 0.0869 0.2775 0.1088 0.3765 0.1502 
     H171816  1 0.1953 0.1889 0.2353 0.1557 0.2248 
     H171817  1 0.2037 0.1636 0.2473 0.1854 0.1999 
     H171818  1 0.1673 0.2033 0.2251 0.1918 0.2124 
     H171819  1 0.1572 0.1970 0.1999 0.2514 0.1945 
     H171834  1 0.2298 0.2007 0.1313 0.1429 0.2953 
     H171835  1 0.2273 0.1131 0.3048 0.2372 0.1177 
     H171836  1 0.0956 0.2146 0.1169 0.3172 0.2557 
     H171837  1 0.2638 0.1538 0.2230 0.2172 0.1422 
     H171838  1 0.1064 0.2221 0.1027 0.2083 0.3605 
     H171839  1 0.2165 0.1240 0.2551 0.2778 0.1266 
     H171841  1 0.3187 0.1471 0.2159 0.0818 0.2364 
     H171860  1 0.2068 0.1872 0.1449 0.2583 0.2028 
     H171861  1 0.1245 0.1841 0.1284 0.2390 0.3240 
     H171862  1 0.1982 0.2413 0.1643 0.1660 0.2302 
     H171868  1 0.3304 0.1507 0.1806 0.1591 0.1793 
     H171869  1 0.1275 0.3278 0.1552 0.1545 0.2350 
     H171870  1 0.1555 0.2340 0.2689 0.1255 0.2161 
     H171871  1 0.0995 0.2473 0.1416 0.2512 0.2604 
     H171872  1 0.2510 0.1487 0.2271 0.2375 0.1357 
     H171873  1 0.1465 0.2485 0.2308 0.1692 0.2050 
     H171874  1 0.1493 0.2890 0.1270 0.1373 0.2974 
     H171875  1 0.1280 0.2131 0.1398 0.2689 0.2501 
     H171876  1 0.1813 0.2381 0.1609 0.1713 0.2484 
     H171877  1 0.2881 0.1159 0.2253 0.2341 0.1366 
     H171878  1 0.1619 0.2382 0.2707 0.1006 0.2285 
     H171901  1 0.1744 0.1505 0.3021 0.1630 0.2100 
     H171902  1 0.2417 0.2753 0.1890 0.1159 0.1781 
     H171903  1 0.1636 0.2051 0.1728 0.2266 0.2320 
     H171935  1 0.1711 0.2131 0.2688 0.1410 0.2060 
     H171936  1 0.1536 0.1672 0.1719 0.3565 0.1508 
     H171940  1 0.3396 0.1821 0.2073 0.0927 0.1783 
     H171945  1 0.2213 0.2856 0.1617 0.1581 0.1733 
     H171948  1 0.2744 0.1752 0.1451 0.1617 0.2435 
     H171949  1 0.3108 0.1472 0.2916 0.1128 0.1376 
     H171950  1 0.2614 0.1149 0.3592 0.1148 0.1497 
     H171963  1 0.0933 0.2749 0.1994 0.1716 0.2608 
     H171964  1 0.1199 0.4214 0.1129 0.1428 0.2030 
     H171966  1 0.1381 0.2604 0.1742 0.1585 0.2688 
     H171968  1 0.2937 0.2104 0.2247 0.1023 0.1690 
     H171971  1 0.1193 0.2558 0.1798 0.1738 0.2714 
     H171972  1 0.1148 0.2640 0.1037 0.2116 0.3059 
     H171977  1 0.1466 0.2823 0.1672 0.2030 0.2009 
     H171978  1 0.1825 0.2149 0.2259 0.1180 0.2586 
     H171979  1 0.1053 0.2603 0.1271 0.2054 0.3020 
        H176  1 0.2742 0.1825 0.1522 0.2378 0.1534 
        H177  1 0.2925 0.1409 0.2994 0.0935 0.1736 
        H179  1 0.2712 0.1131 0.2938 0.2100 0.1119 
        H181  1 0.1451 0.3037 0.1338 0.1969 0.2206 
        H182  1 0.1223 0.2347 0.1182 0.1909 0.3339 
        H183  1 0.1170 0.3082 0.1399 0.1554 0.2796 
        H184  1 0.2930 0.1711 0.1696 0.1429 0.2234 
        H185  1 0.1565 0.2662 0.1475 0.2093 0.2205 
        H186  1 0.2080 0.3543 0.1731 0.0905 0.1741 
        H187  1 0.1307 0.1757 0.2292 0.1679 0.2964 
        H188  1 0.3158 0.1200 0.2289 0.2269 0.1084 
        H192  1 0.2684 0.1806 0.2141 0.1289 0.2080 
        H193  1 0.1603 0.2865 0.1424 0.1323 0.2786 
        H194  1 0.1992 0.1725 0.2369 0.2141 0.1773 
        H195  1 0.1037 0.3537 0.1550 0.1035 0.2841 
        H199  1 0.1502 0.3560 0.1369 0.1607 0.1962 
        H200  1 0.1959 0.1735 0.2169 0.2409 0.1729 
        H414  1 0.1201 0.2226 0.2083 0.1980 0.2510 
        H415  1 0.1365 0.1837 0.1377 0.3328 0.2093 
        H422  1 0.2393 0.2822 0.1571 0.1286 0.1928 
        H423  1 0.3682 0.1102 0.2963 0.0898 0.1355 
        H424  1 0.1058 0.3052 0.1287 0.2228 0.2375 
        H425  1 0.1280 0.4180 0.1460 0.1614 0.1465 
        H426  1 0.1090 0.3713 0.1501 0.1123 0.2573 
        H443  1 0.2017 0.4265 0.1568 0.1000 0.1150 
        H466  1 0.1927 0.2128 0.2402 0.1539 0.2004 
        H467  1 0.2214 0.1533 0.3364 0.1416 0.1472 
        H472  1 0.2176 0.1985 0.2717 0.1723 0.1399 
        H483  1 0.2209 0.2516 0.1800 0.1574 0.1900 
        H504  1 0.1145 0.3662 0.1236 0.1944 0.2013 
        H505  1 0.2147 0.1692 0.2916 0.1607 0.1638 
        H506  1 0.2333 0.2666 0.1682 0.1498 0.1821 
        H507  1 0.1162 0.2221 0.1684 0.2229 0.2704 
        H508  1 0.1585 0.1820 0.3395 0.1381 0.1818 
        H524  1 0.1316 0.1861 0.1581 0.3462 0.1780 
        H525  1 0.1714 0.2761 0.1693 0.1742 0.2090 
        H526  1 0.2894 0.1528 0.1811 0.2567 0.1200 
        H527  1 0.2230 0.1656 0.2264 0.1125 0.2726 
        H528  1 0.1240 0.2468 0.1095 0.3112 0.2085 
        H529  1 0.1436 0.3109 0.1451 0.2201 0.1804 
        H533  1 0.0762 0.2082 0.1283 0.2326 0.3547 
        H538  1 0.2507 0.1952 0.2130 0.1651 0.1760 
        H539  1 0.1031 0.2117 0.2333 0.1272 0.3247 
        H540  1 0.1852 0.2070 0.1727 0.2003 0.2348 
        H541  1 0.2073 0.1543 0.2146 0.2575 0.1662 
        H558  1 0.1071 0.2486 0.0937 0.1534 0.3972 
        H559  1 0.3050 0.1991 0.1976 0.1286 0.1697 
        H579  1 0.1740 0.2665 0.1209 0.1116 0.3270 
        H584  1 0.1338 0.3218 0.1334 0.1863 0.2246 
        H585  1 0.1247 0.2429 0.2112 0.2254 0.1958 
        H605  1 0.2250 0.1965 0.2156 0.1555 0.2073 
        H606  1 0.3839 0.1176 0.2707 0.0988 0.1290 
        H632  1 0.1809 0.3660 0.1396 0.1340 0.1794 
        H634  1 0.1524 0.2547 0.1514 0.1621 0.2794 
        H671  1 0.2652 0.1357 0.3518 0.1365 0.1108 
        H672  1 0.1162 0.1521 0.1963 0.3759 0.1594 
        H673  1 0.2119 0.3153 0.1433 0.1097 0.2199 
        H689  1 0.1981 0.2502 0.1686 0.1988 0.1844 
        H690  1 0.3062 0.1277 0.1820 0.2181 0.1660 
        H691  1 0.2657 0.1547 0.2318 0.1763 0.1715 
        H692  1 0.0868 0.3831 0.1008 0.2017 0.2277 
        H709  1 0.1754 0.2166 0.1314 0.2492 0.2275 
        H710  1 0.0957 0.2775 0.0990 0.2191 0.3088 
       H7355  1 0.2222 0.1527 0.1700 0.2838 0.1713 
       H7356  1 0.1708 0.2434 0.1497 0.1696 0.2664 
       H7357  1 0.2834 0.1524 0.2279 0.1634 0.1729 
       H7358  1 0.2141 0.2103 0.1827 0.1997 0.1931 
       H7380  1 0.2281 0.2434 0.1447 0.1549 0.2289 
       H7381  1 0.2051 0.2780 0.2072 0.1167 0.1929 
       H7382  1 0.1935 0.2196 0.1664 0.1653 0.2552 
        H904  1 0.3929 0.0946 0.2988 0.0886 0.1251 
        H923  1 0.2012 0.2172 0.1898 0.2139 0.1779 
        H924  1 0.2594 0.2014 0.2036 0.1625 0.1731 
        H925  1 0.2607 0.1741 0.2346 0.2026 0.1281 
       H9558  1 0.0971 0.2371 0.0851 0.1377 0.4430 
        H008  2 0.1580 0.1758 0.1405 0.2784 0.2474 
        H021  2 0.2749 0.1650 0.2540 0.1526 0.1535 
        H023  2 0.2962 0.1503 0.2617 0.1242 0.1675 
        H024  2 0.0835 0.1867 0.0920 0.5029 0.1349 
        H025  2 0.2624 0.1991 0.1991 0.1132 0.2261 
        H026  2 0.0926 0.3584 0.1069 0.2893 0.1529 
        H027  2 0.1916 0.1673 0.1967 0.2997 0.1447 
        H028  2 0.1389 0.2515 0.1513 0.1975 0.2608 
        H029  2 0.1227 0.2205 0.1612 0.3439 0.1516 
        H030  2 0.0904 0.2847 0.0968 0.2768 0.2513 
        H038  2 0.1849 0.1463 0.3918 0.1123 0.1646 
        H039  2 0.4257 0.0743 0.3241 0.0804 0.0955 
        H040  2 0.1710 0.1316 0.4083 0.1447 0.1445 
        H041  2 0.1849 0.1437 0.1719 0.3483 0.1511 
        H042  2 0.2646 0.1876 0.1913 0.1611 0.1953 
        H043  2 0.1775 0.1502 0.3669 0.0812 0.2241 
        H044  2 0.1104 0.2385 0.0953 0.2218 0.3340 
        H047  2 0.2008 0.2028 0.1612 0.1808 0.2543 
        H050  2 0.1113 0.1685 0.1210 0.4373 0.1619 
        H058  2 0.1527 0.1713 0.3018 0.1585 0.2157 
        H062  2 0.3988 0.1468 0.2334 0.0845 0.1364 
        H063  2 0.2241 0.1422 0.2828 0.1594 0.1915 
        H065  2 0.1912 0.4099 0.1419 0.0985 0.1585 
        H066  2 0.1000 0.2221 0.1766 0.2543 0.2470 
        H067  2 0.2286 0.2171 0.2008 0.1746 0.1789 
        H068  2 0.2239 0.1597 0.3083 0.1476 0.1605 
        H069  2 0.1356 0.2370 0.2300 0.1531 0.2444 
        H071  2 0.2625 0.1770 0.2141 0.1738 0.1727 
        H072  2 0.3014 0.1238 0.2664 0.1376 0.1707 
        H073  2 0.1628 0.2725 0.1961 0.1991 0.1695 
        H081  2 0.3423 0.1237 0.1935 0.2023 0.1382 
        H082  2 0.0976 0.2501 0.0946 0.2375 0.3202 
        H083  2 0.1139 0.2788 0.1133 0.1445 0.3496 
        H084  2 0.1436 0.1598 0.2706 0.2628 0.1632 
        H085  2 0.2696 0.1278 0.1710 0.3135 0.1180 
        H087  2 0.3568 0.1448 0.2007 0.1548 0.1429 
        H088  2 0.2678 0.1443 0.2321 0.1488 0.2070 
        H089  2 0.2242 0.1839 0.2178 0.2028 0.1713 
        H090  2 0.1061 0.1736 0.1102 0.4649 0.1453 
        H091  2 0.1227 0.1380 0.1435 0.4814 0.1144 
        H098  2 0.1538 0.1487 0.1580 0.3643 0.1751 
      H10001  2 0.4448 0.0788 0.3063 0.0694 0.1007 
      H10002  2 0.3406 0.1454 0.1992 0.1062 0.2086 
        H101  2 0.0835 0.1725 0.1396 0.4463 0.1581 
        H108  2 0.4272 0.1276 0.2396 0.0903 0.1153 
        H109  2 0.1215 0.1683 0.2235 0.3026 0.1840 
        H110  2 0.2469 0.1538 0.1471 0.2219 0.2303 
        H116  2 0.1119 0.2475 0.1427 0.2355 0.2624 
        H117  2 0.1059 0.1131 0.1374 0.5416 0.1021 
        H118  2 0.1221 0.2060 0.1314 0.4071 0.1335 
        H119  2 0.2010 0.1596 0.2323 0.2823 0.1249 
        H120  2 0.4773 0.1024 0.2179 0.0798 0.1226 
        H121  2 0.1257 0.1426 0.1621 0.4653 0.1043 
        H125  2 0.3053 0.0731 0.4532 0.0700 0.0985 
        H126  2 0.1928 0.2951 0.1002 0.1412 0.2707 
        H128  2 0.0582 0.1991 0.0856 0.5431 0.1140 
        H129  2 0.1021 0.3753 0.1444 0.1399 0.2383 
        H130  2 0.2582 0.2176 0.1777 0.0861 0.2604 
        H133  2 0.2793 0.1553 0.3048 0.1134 0.1472 
        H134  2 0.0845 0.5303 0.0799 0.1320 0.1733 
        H135  2 0.2394 0.1701 0.1854 0.1924 0.2127 
        H137  2 0.1209 0.1582 0.1785 0.4156 0.1268 
        H138  2 0.1061 0.3118 0.0972 0.1446 0.3404 
        H140  2 0.1704 0.1863 0.1390 0.3558 0.1485 
        H146  2 0.1042 0.1704 0.1163 0.4931 0.1160 
        H147  2 0.1591 0.1846 0.1622 0.3120 0.1821 
        H148  2 0.1691 0.1331 0.1589 0.4017 0.1373 
     H166022  2 0.1214 0.2091 0.1325 0.2557 0.2813 
     H167359  2 0.1275 0.2170 0.1823 0.2080 0.2652 
     H167397  2 0.0765 0.2127 0.0959 0.4436 0.1714 
     H167428  2 0.1752 0.1984 0.1813 0.2963 0.1488 
     H167496  2 0.3256 0.1067 0.2859 0.1711 0.1107 
     H167513  2 0.1126 0.1778 0.2485 0.1957 0.2654 
     H167545  2 0.1132 0.2449 0.1370 0.1632 0.3416 
     H167547  2 0.0719 0.2493 0.1056 0.4018 0.1714 
     H169621  2 0.1204 0.2345 0.1181 0.3129 0.2141 
     H169622  2 0.1680 0.2580 0.1537 0.1400 0.2802 
     H169750  2 0.1560 0.2025 0.2778 0.1306 0.2331 
     H171806  2 0.1861 0.1647 0.1963 0.3370 0.1159 
     H171808  2 0.2365 0.2221 0.2018 0.1631 0.1765 
     H171809  2 0.3222 0.1590 0.1813 0.1666 0.1709 
     H171813  2 0.1860 0.2390 0.1615 0.1769 0.2368 
     H171815  2 0.2280 0.1408 0.3549 0.0978 0.1785 
     H171824  2 0.2901 0.1293 0.2341 0.2149 0.1316 
     H171825  2 0.1920 0.2607 0.1784 0.1244 0.2444 
     H171826  2 0.2285 0.1732 0.1998 0.2146 0.1838 
     H171827  2 0.1575 0.1965 0.2592 0.1448 0.2420 
     H171828  2 0.4543 0.0931 0.2571 0.1060 0.0895 
     H171829  2 0.1384 0.2752 0.2390 0.1705 0.1769 
     H171830  2 0.1551 0.1634 0.1510 0.2864 0.2441 
     H171831  2 0.1178 0.3218 0.1194 0.2126 0.2284 
     H171832  2 0.1561 0.2508 0.1133 0.1337 0.3461 
     H171863  2 0.0805 0.2913 0.1022 0.2052 0.3209 
     H171864  2 0.1526 0.1463 0.1847 0.3704 0.1461 
     H171865  2 0.2261 0.1328 0.3172 0.1511 0.1728 
     H171879  2 0.1163 0.1674 0.1458 0.4008 0.1697 
     H171880  2 0.0882 0.1387 0.1376 0.4796 0.1558 
     H171881  2 0.2054 0.2332 0.1826 0.1797 0.1991 
     H171882  2 0.4338 0.0938 0.2561 0.0860 0.1304 
     H171929  2 0.2023 0.2167 0.1506 0.2477 0.1826 
     H171930  2 0.0859 0.2194 0.0971 0.2771 0.3206 
     H171933  2 0.1403 0.2008 0.1993 0.2734 0.1863 
     H171934  2 0.2524 0.1738 0.1868 0.2309 0.1561 
     H171937  2 0.1304 0.2954 0.0905 0.1878 0.2958 
     H171962  2 0.1966 0.2398 0.1523 0.1524 0.2589 
        H190  2 0.1388 0.2444 0.1707 0.1878 0.2583 
        H191  2 0.1869 0.2019 0.1973 0.2462 0.1676 
        H396  2 0.3143 0.1553 0.2530 0.1613 0.1161 
        H397  2 0.1441 0.2223 0.1799 0.2109 0.2428 
        H398  2 0.2511 0.2999 0.1832 0.1262 0.1396 
        H400  2 0.2860 0.1663 0.1913 0.1884 0.1680 
        H401  2 0.0674 0.1775 0.0822 0.5372 0.1357 
        H402  2 0.1056 0.2007 0.1803 0.2582 0.2552 
        H427  2 0.2733 0.1680 0.2108 0.1946 0.1534 
        H428  2 0.1920 0.1797 0.1830 0.2933 0.1520 
        H497  2 0.1626 0.1762 0.2425 0.1550 0.2637 
        H512  2 0.1370 0.1748 0.1598 0.3517 0.1767 
        H513  2 0.1181 0.1821 0.2420 0.1855 0.2722 
        H514  2 0.1277 0.2911 0.1274 0.1241 0.3298 
        H519  2 0.1310 0.1839 0.2105 0.2252 0.2493 
        H532  2 0.2230 0.1751 0.2058 0.2388 0.1573 
        H543  2 0.1125 0.2009 0.1674 0.2378 0.2814 
        H544  2 0.1662 0.3306 0.1295 0.0955 0.2783 
        H545  2 0.0950 0.2747 0.1104 0.1535 0.3664 
        H546  2 0.2451 0.1638 0.3015 0.0990 0.1907 
        H547  2 0.0771 0.2366 0.1031 0.4101 0.1731 
        H548  2 0.1813 0.1857 0.1735 0.2322 0.2272 
        H549  2 0.0927 0.1622 0.3801 0.1437 0.2213 
        H620  2 0.3502 0.1003 0.3284 0.0849 0.1360 
        H623  2 0.1123 0.2950 0.1003 0.1536 0.3387 
        H624  2 0.1765 0.2261 0.2326 0.0723 0.2925 
        H625  2 0.2142 0.1874 0.2177 0.1784 0.2023 
        H626  2 0.1429 0.1857 0.2510 0.2139 0.2065 
        H654  2 0.2793 0.0829 0.4267 0.0539 0.1573 
        H655  2 0.1871 0.1916 0.2061 0.1316 0.2836 
        H656  2 0.4509 0.1020 0.2701 0.0705 0.1064 
        H666  2 0.3171 0.1200 0.3134 0.1416 0.1079 
        H667  2 0.2255 0.2140 0.2122 0.1603 0.1880 
        H677  2 0.1978 0.2177 0.1716 0.2200 0.1929 
        H693  2 0.4287 0.1152 0.2274 0.0991 0.1295 
        H694  2 0.1408 0.2501 0.1247 0.2021 0.2823 
        H701  2 0.1191 0.1982 0.1249 0.2817 0.2762 
        H702  2 0.1746 0.1746 0.2125 0.1883 0.2501 
        H731  2 0.3112 0.1553 0.2050 0.1570 0.1715 
       H7359  2 0.1403 0.2313 0.1569 0.2139 0.2577 
       H7389  2 0.1606 0.1828 0.1933 0.3210 0.1423 
       H7390  2 0.1981 0.1181 0.4336 0.1068 0.1434 
       H7391  2 0.2132 0.1139 0.2110 0.3573 0.1046 
       H7392  2 0.1900 0.2426 0.2470 0.1397 0.1807 
       H7393  2 0.2148 0.1732 0.2110 0.2014 0.1996 
       H7398  2 0.2144 0.1277 0.1774 0.3546 0.1258 
       H7399  2 0.1676 0.2373 0.1629 0.2282 0.2041 
       H7400  2 0.3860 0.0891 0.3183 0.0688 0.1378 
        H745  2 0.1054 0.4133 0.0987 0.1774 0.2052 
        H746  2 0.1875 0.2587 0.1794 0.1401 0.2343 
        H747  2 0.2273 0.1379 0.3103 0.1990 0.1255 
        H748  2 0.1500 0.1941 0.2015 0.1995 0.2549 
       H7484  2 0.3428 0.1293 0.2704 0.1593 0.0983 
       H7485  2 0.1233 0.2225 0.2251 0.1536 0.2755 
        H749  2 0.1513 0.2493 0.2093 0.1344 0.2557 
        H930  2 0.0816 0.2144 0.1159 0.3016 0.2865 
        H931  2 0.2215 0.1701 0.1539 0.2804 0.1742 
        H932  2 0.1639 0.1714 0.1691 0.3505 0.1452 
        H111  3 0.0970 0.2780 0.1099 0.1987 0.3164 
        H951  3 0.1419 0.2088 0.1328 0.2882 0.2282 
        H952  3 0.1476 0.2267 0.1916 0.2739 0.1602 
        H953  3 0.1887 0.1324 0.2050 0.3716 0.1023 
        H954  3 0.2464 0.1375 0.2850 0.1286 0.2024 
        H955  3 0.0947 0.2449 0.1195 0.1898 0.3511 
        H956  3 0.1476 0.1361 0.2335 0.3362 0.1465 
       H9563  3 0.2311 0.1611 0.1879 0.2857 0.1342 
        H002  4 0.2824 0.2058 0.1860 0.0877 0.2380 
        H003  4 0.2104 0.2510 0.1848 0.1487 0.2050 
        H009  4 0.1119 0.3037 0.1680 0.1445 0.2720 
        H010  4 0.1777 0.2097 0.1855 0.2497 0.1774 
        H011  4 0.4128 0.1173 0.2474 0.0831 0.1395 
        H012  4 0.2030 0.1909 0.1276 0.2217 0.2568 
        H013  4 0.2964 0.1514 0.2137 0.1373 0.2013 
        H014  4 0.1591 0.2348 0.1420 0.1628 0.3013 
        H045  4 0.2686 0.1158 0.2394 0.2660 0.1102 
        H046  4 0.1810 0.3235 0.1514 0.1281 0.2161 
        H051  4 0.3636 0.1432 0.1923 0.1383 0.1626 
        H052  4 0.2930 0.2278 0.2076 0.1238 0.1478 
        H053  4 0.1767 0.1866 0.2411 0.2108 0.1847 
        H056  4 0.3039 0.1848 0.2017 0.1266 0.1831 
        H076  4 0.1415 0.3135 0.1449 0.2204 0.1797 
        H151  4 0.2630 0.1507 0.3213 0.0938 0.1712 
        H152  4 0.3011 0.2431 0.1533 0.1157 0.1868 
     H171803  4 0.1991 0.1336 0.3980 0.1100 0.1592 
     H171804  4 0.2126 0.1537 0.2796 0.1846 0.1696 
     H171833  4 0.1055 0.3280 0.1094 0.1478 0.3093 
     H171855  4 0.2271 0.1546 0.3680 0.1026 0.1476 
     H171856  4 0.1456 0.1666 0.2750 0.2516 0.1612 
     H171857  4 0.2165 0.2035 0.2789 0.1616 0.1395 
     H171858  4 0.2232 0.2257 0.1308 0.2298 0.1904 
     H171859  4 0.2202 0.2227 0.1931 0.1936 0.1703 
     H171961  4 0.2918 0.1681 0.2416 0.1295 0.1690 
        H198  4 0.1349 0.2705 0.1337 0.1763 0.2846 
      H20001  4 0.1023 0.2844 0.1227 0.1374 0.3532 
        H403  4 0.1668 0.2174 0.2766 0.1818 0.1574 
        H404  4 0.2063 0.2272 0.1672 0.1756 0.2236 
        H405  4 0.1704 0.2725 0.1422 0.2210 0.1939 
        H406  4 0.1037 0.2491 0.1367 0.3220 0.1885 
        H407  4 0.1871 0.1535 0.2468 0.2975 0.1151 
        H410  4 0.0878 0.1326 0.1130 0.5869 0.0797 
        H411  4 0.1232 0.2387 0.0955 0.1950 0.3475 
        H468  4 0.0982 0.2345 0.2946 0.1395 0.2332 
        H476  4 0.1307 0.1859 0.2415 0.1516 0.2902 
        H477  4 0.1013 0.3245 0.1306 0.1323 0.3113 
        H478  4 0.1740 0.2210 0.1779 0.1291 0.2981 
        H479  4 0.3087 0.1559 0.2374 0.1458 0.1522 
        H480  4 0.0891 0.2455 0.1291 0.1994 0.3369 
        H498  4 0.1669 0.2690 0.1661 0.1404 0.2575 
        H499  4 0.2366 0.1939 0.1850 0.1476 0.2370 
        H500  4 0.2197 0.1194 0.3552 0.1467 0.1590 
        H515  4 0.2320 0.1612 0.1783 0.1844 0.2441 
        H516  4 0.1450 0.2425 0.1437 0.2606 0.2083 
        H517  4 0.1460 0.1779 0.1545 0.3714 0.1501 
        H518  4 0.2064 0.2315 0.2528 0.1408 0.1685 
        H520  4 0.1752 0.1589 0.3585 0.1508 0.1566 
        H521  4 0.1855 0.2121 0.2359 0.1968 0.1697 
        H522  4 0.1637 0.1843 0.2734 0.1498 0.2288 
        H523  4 0.1782 0.1899 0.1440 0.2399 0.2480 
        H536  4 0.2292 0.2967 0.1924 0.1344 0.1473 
        H645  4 0.3651 0.1075 0.2559 0.1497 0.1218 
        H646  4 0.0915 0.2271 0.1164 0.4063 0.1588 
        H647  4 0.1349 0.2206 0.2458 0.1827 0.2160 
        H657  4 0.1128 0.2175 0.1915 0.3037 0.1746 
        H658  4 0.1499 0.1747 0.2138 0.2452 0.2164 
        H659  4 0.2094 0.0939 0.4640 0.0761 0.1566 
        H660  4 0.2363 0.2007 0.1762 0.1189 0.2678 
        H661  4 0.1912 0.1661 0.3177 0.1017 0.2232 
        H668  4 0.2441 0.1837 0.1492 0.1840 0.2390 
        H669  4 0.2065 0.1572 0.2053 0.2794 0.1516 
        H670  4 0.4126 0.1177 0.1990 0.1223 0.1485 
        H678  4 0.1362 0.1983 0.2268 0.2202 0.2185 
        H679  4 0.0945 0.1894 0.1269 0.3668 0.2224 
        H680  4 0.1431 0.2671 0.2425 0.1762 0.1711 
        H681  4 0.2813 0.1672 0.2004 0.1299 0.2213 
        H682  4 0.1194 0.1742 0.1669 0.3100 0.2294 
        H683  4 0.2084 0.2204 0.2227 0.1913 0.1572 
        H718  4 0.3062 0.1292 0.2797 0.1769 0.1080 
        H719  4 0.2934 0.1610 0.2291 0.1514 0.1651 
        H720  4 0.2263 0.2524 0.2344 0.0975 0.1894 
        H721  4 0.2110 0.2678 0.2325 0.1161 0.1726 
        H722  4 0.1778 0.3256 0.2037 0.1074 0.1854 
        H723  4 0.3035 0.1380 0.2337 0.1895 0.1354 
        H724  4 0.2628 0.0947 0.4050 0.1340 0.1035 
        H725  4 0.2578 0.1401 0.3647 0.1042 0.1332 
        H726  4 0.2776 0.1771 0.2030 0.1647 0.1776 
        H727  4 0.2646 0.1461 0.2359 0.2114 0.1421 
        H910  4 0.2586 0.1489 0.1873 0.2272 0.1780 
        H911  4 0.1055 0.1962 0.1365 0.4057 0.1561 
        H912  4 0.1482 0.2330 0.2156 0.2031 0.2001 
        H913  4 0.1710 0.1619 0.3063 0.1906 0.1703 
        H914  4 0.3080 0.1097 0.2940 0.1570 0.1314 
        H915  4 0.1323 0.1799 0.2122 0.2319 0.2438 
        H916  4 0.1185 0.2300 0.1570 0.2278 0.2667 
       H9572  4 0.1554 0.1970 0.3156 0.1577 0.1743 
        H015  5 0.1241 0.2717 0.1180 0.1517 0.3345 
        H016  5 0.1282 0.3502 0.1183 0.1706 0.2325 
        H017  5 0.1191 0.2245 0.2317 0.1560 0.2688 
        H019  5 0.1755 0.2547 0.1301 0.1327 0.3071 
        H020  5 0.2866 0.1877 0.1990 0.1817 0.1450 
        H032  5 0.1750 0.1950 0.1883 0.2221 0.2197 
        H033  5 0.1584 0.2079 0.1513 0.1809 0.3015 
        H034  5 0.3460 0.1340 0.2042 0.1615 0.1543 
        H035  5 0.1359 0.1712 0.2907 0.2243 0.1779 
        H036  5 0.1387 0.2173 0.1603 0.3028 0.1810 
        H037  5 0.2087 0.1470 0.3407 0.1211 0.1825 
        H048  5 0.2569 0.1152 0.4034 0.1239 0.1007 
        H049  5 0.1525 0.2251 0.1371 0.1375 0.3479 
        H054  5 0.1810 0.2569 0.1735 0.2576 0.1311 
        H055  5 0.3243 0.2154 0.1633 0.1215 0.1755 
        H057  5 0.1422 0.3583 0.1503 0.0848 0.2644 
        H060  5 0.3688 0.2037 0.1497 0.0848 0.1930 
        H061  5 0.2273 0.2098 0.1751 0.1900 0.1978 
        H064  5 0.2804 0.2095 0.2116 0.1337 0.1648 
        H070  5 0.3390 0.1336 0.1580 0.1604 0.2090 
        H077  5 0.3323 0.1415 0.2031 0.1159 0.2073 
        H078  5 0.1730 0.1913 0.2976 0.1632 0.1748 
        H079  5 0.1622 0.1554 0.1801 0.3438 0.1584 
        H097  5 0.1562 0.2949 0.1531 0.1113 0.2845 
        H107  5 0.3291 0.1063 0.3684 0.0817 0.1145 
        H122  5 0.1483 0.2587 0.2367 0.1401 0.2162 
        H123  5 0.0956 0.1848 0.1427 0.3960 0.1808 
        H124  5 0.1107 0.1676 0.1687 0.3895 0.1634 
        H131  5 0.1246 0.1685 0.1520 0.3821 0.1727 
        H132  5 0.2398 0.1895 0.2218 0.2008 0.1482 
        H141  5 0.2090 0.1549 0.3083 0.1330 0.1948 
        H142  5 0.1457 0.2176 0.1280 0.1518 0.3569 
        H157  5 0.2408 0.1443 0.3403 0.1357 0.1389 
        H158  5 0.0884 0.3005 0.0987 0.2446 0.2678 
        H159  5 0.1461 0.2703 0.1771 0.1734 0.2331 
        H160  5 0.1402 0.1887 0.3097 0.1693 0.1922 
        H163  5 0.1388 0.2214 0.1266 0.2215 0.2917 
        H164  5 0.1925 0.2269 0.1284 0.1352 0.3170 
        H165  5 0.1486 0.1773 0.1991 0.3186 0.1564 
        H166  5 0.2021 0.2526 0.1549 0.1331 0.2574 
        H169  5 0.2041 0.1911 0.1712 0.1321 0.3015 
     H169613  5 0.2230 0.2067 0.1193 0.1468 0.3042 
     H169653  5 0.1691 0.2448 0.1210 0.1781 0.2870 
     H169728  5 0.1278 0.2231 0.2131 0.2124 0.2236 
     H169742  5 0.3661 0.1314 0.2493 0.1162 0.1370 
        H170  5 0.1468 0.3502 0.1283 0.1179 0.2568 
        H171  5 0.1309 0.3151 0.1286 0.1572 0.2683 
     H171851  5 0.1734 0.2480 0.1271 0.1334 0.3180 
     H171852  5 0.2032 0.1936 0.3060 0.1313 0.1659 
     H171853  5 0.1996 0.1593 0.2791 0.1964 0.1656 
     H171854  5 0.1430 0.2027 0.1486 0.1892 0.3164 
     H171938  5 0.2401 0.1676 0.2087 0.1840 0.1997 
     H171939  5 0.1641 0.2874 0.1752 0.1837 0.1895 
     H171941  5 0.4389 0.1269 0.2035 0.0890 0.1416 
     H171965  5 0.1819 0.2687 0.1131 0.1328 0.3035 
     H171970  5 0.4191 0.1164 0.2517 0.0915 0.1214 
     H171973  5 0.2010 0.1762 0.2111 0.2316 0.1801 
     H171974  5 0.2517 0.1754 0.1963 0.1875 0.1891 
     H171975  5 0.3164 0.1960 0.1740 0.1610 0.1526 
     H171976  5 0.1300 0.2327 0.1876 0.1012 0.3485 
        H175  5 0.2428 0.1503 0.2983 0.1673 0.1412 
        H178  5 0.2988 0.1941 0.1657 0.1168 0.2246 
        H189  5 0.1027 0.2455 0.1158 0.2798 0.2562 
        H399  5 0.1031 0.3277 0.2576 0.1914 0.1201 
        H416  5 0.2485 0.1714 0.2228 0.1578 0.1995 
        H438  5 0.1881 0.1637 0.2022 0.2751 0.1709 
        H450  5 0.4179 0.1480 0.1616 0.0739 0.1987 
        H455  5 0.4610 0.1111 0.2245 0.0965 0.1070 
        H456  5 0.2525 0.1595 0.2398 0.1692 0.1790 
        H457  5 0.2793 0.2134 0.1828 0.1151 0.2094 
        H458  5 0.2466 0.1637 0.2454 0.1750 0.1693 
        H459  5 0.1105 0.2350 0.1459 0.2341 0.2745 
        H460  5 0.1518 0.1878 0.2593 0.1463 0.2547 
        H461  5 0.1318 0.2554 0.1160 0.1651 0.3317 
        H462  5 0.1438 0.1819 0.1434 0.3531 0.1778 
        H469  5 0.1328 0.1961 0.1217 0.3430 0.2065 
        H470  5 0.1500 0.1811 0.2552 0.1812 0.2324 
        H471  5 0.0752 0.2958 0.1286 0.2773 0.2231 
        H481  5 0.3247 0.1132 0.3132 0.1323 0.1166 
        H482  5 0.3058 0.1907 0.1595 0.1361 0.2078 
        H501  5 0.1726 0.1747 0.2454 0.1586 0.2486 
        H502  5 0.1058 0.2439 0.1174 0.2010 0.3319 
        H503  5 0.1255 0.2532 0.1618 0.2460 0.2135 
        H509  5 0.2343 0.1437 0.3301 0.1744 0.1175 
        H510  5 0.2637 0.2020 0.1291 0.1080 0.2972 
        H511  5 0.1639 0.2379 0.1236 0.1844 0.2902 
        H530  5 0.2182 0.1453 0.2564 0.2163 0.1638 
        H531  5 0.1959 0.1302 0.3942 0.1132 0.1664 
        H564  5 0.2366 0.1701 0.2282 0.0900 0.2751 
        H565  5 0.3215 0.1296 0.2669 0.0849 0.1970 
        H567  5 0.1032 0.1773 0.1320 0.4483 0.1391 
     H568???  5 0.1194 0.3036 0.1281 0.2117 0.2373 
        H608  5 0.4227 0.1424 0.1581 0.0939 0.1828 
        H609  5 0.2934 0.1730 0.2061 0.1900 0.1375 
        H612  5 0.3323 0.0974 0.3267 0.1098 0.1338 
        H614  5 0.2089 0.1468 0.3961 0.1020 0.1463 
        H615  5 0.1956 0.1808 0.2889 0.1041 0.2305 
        H616  5 0.4366 0.0949 0.2465 0.1194 0.1026 
        H617  5 0.1294 0.1793 0.1799 0.2920 0.2193 
        H618  5 0.3008 0.1346 0.2801 0.1472 0.1373 
        H619  5 0.3852 0.1595 0.2083 0.1154 0.1316 
        H635  5 0.1891 0.1976 0.1409 0.1613 0.3111 
        H636  5 0.3113 0.1430 0.1997 0.1633 0.1827 
        H637  5 0.3360 0.1866 0.1865 0.1150 0.1759 
        H644  5 0.0692 0.3863 0.0835 0.2480 0.2130 
        H711  5 0.1260 0.3090 0.1445 0.1231 0.2974 
        H712  5 0.3967 0.1231 0.2260 0.1427 0.1115 
       H7360  5 0.1964 0.2753 0.1993 0.1125 0.2165 
       H7361  5 0.2908 0.1752 0.1872 0.1286 0.2182 
       H7362  5 0.0806 0.3873 0.1012 0.2317 0.1992 
       H7363  5 0.2351 0.1853 0.1719 0.2106 0.1971 
       H7394  5 0.1187 0.1731 0.1103 0.2472 0.3508 
       H7395  5 0.2703 0.1915 0.1868 0.1310 0.2204 
       H7396  5 0.1596 0.1935 0.1956 0.1721 0.2792 
        H742  5 0.3565 0.1430 0.2521 0.1255 0.1229 
        H743  5 0.2480 0.1752 0.2273 0.2124 0.1370 
        H744  5 0.2630 0.0976 0.2820 0.2618 0.0956 
        H957  5 0.1352 0.2395 0.1623 0.1161 0.3468 
        H958  5 0.1294 0.1979 0.1738 0.2630 0.2360 
        H959  5 0.3722 0.1289 0.2144 0.0971 0.1875 
        H960  5 0.1870 0.1866 0.1769 0.2930 0.1564 
      H_PALI  6 0.1739 0.2135 0.1326 0.1340 0.3460 
        H581  6 0.1772 0.1783 0.2887 0.1554 0.2004 
        H582  6 0.2465 0.1337 0.3824 0.0845 0.1530 
        H583  6 0.1883 0.1992 0.2703 0.1631 0.1790 
        H595  6 0.0775 0.2245 0.1240 0.3246 0.2494 
        H596  6 0.0856 0.1939 0.1083 0.3677 0.2446 
        H597  6 0.1497 0.2880 0.1186 0.2618 0.1819 
        H598  6 0.2358 0.1789 0.1801 0.2142 0.1910 
        H599  6 0.3437 0.1552 0.2120 0.1282 0.1610 
        H642  6 0.0913 0.2564 0.1975 0.2617 0.1931 
        H643  6 0.1737 0.1582 0.1751 0.3517 0.1413 
        H664  6 0.1461 0.1664 0.4235 0.1042 0.1599 
        H665  6 0.2669 0.1438 0.1968 0.1819 0.2106 
        H674  6 0.1057 0.3476 0.1076 0.2079 0.2312 
        H675  6 0.2273 0.2098 0.2229 0.1701 0.1699 
        H676  6 0.1398 0.2298 0.0873 0.2374 0.3058 
        H686  6 0.1899 0.2527 0.1680 0.1326 0.2567 
        H687  6 0.1426 0.2252 0.2073 0.1777 0.2471 
        H917  6 0.1385 0.1625 0.1481 0.3436 0.2074 
        H918  6 0.2766 0.2020 0.2212 0.1219 0.1784 
        H919  6 0.3391 0.1047 0.2857 0.1571 0.1133 
        H920  6 0.2282 0.1907 0.2132 0.1190 0.2489 
        H631  7 0.2555 0.1776 0.2543 0.1044 0.2082 
        H684  7 0.1189 0.3109 0.0798 0.1113 0.3792 
        H685  7 0.1661 0.1077 0.3613 0.2423 0.1226 
        H713  7 0.1972 0.1071 0.4675 0.0937 0.1345 
        H715  7 0.1423 0.3304 0.0950 0.1385 0.2938 
        H716  7 0.4036 0.1802 0.1678 0.0936 0.1548 
        H717  7 0.2336 0.1919 0.2317 0.1570 0.1857 
        H729  7 0.1141 0.1439 0.1357 0.4483 0.1580 
        H730  7 0.2056 0.1185 0.2070 0.3641 0.1048 
        H431  8 0.1775 0.1445 0.2391 0.2951 0.1438 
        H432  8 0.1338 0.2920 0.1227 0.2151 0.2363 
        H433  8 0.1556 0.1938 0.1473 0.2559 0.2474 
        H434  8 0.1591 0.2263 0.1637 0.2566 0.1943 
        H444  8 0.2682 0.1844 0.1587 0.1531 0.2355 
        H454  8 0.3704 0.1152 0.2663 0.1043 0.1439 
        H475  8 0.3726 0.1254 0.1818 0.0924 0.2279 
        H491  8 0.3433 0.1742 0.1557 0.0865 0.2404 
        H492  8 0.1835 0.1671 0.2868 0.1453 0.2173 
        H493  8 0.1395 0.2668 0.1513 0.1770 0.2654 
        H494  8 0.2329 0.1876 0.2157 0.1943 0.1695 
        H495  8 0.2247 0.1790 0.3020 0.0860 0.2082 
        H662  8 0.1372 0.2060 0.3136 0.1542 0.1890 
        H663  8 0.2017 0.1821 0.1843 0.2441 0.1879 
        H695  8 0.1893 0.1802 0.2005 0.2480 0.1820 
       H7367  8 0.0856 0.1424 0.1091 0.5295 0.1335 
       H7368  8 0.1329 0.2680 0.1438 0.1918 0.2635 
       H7369  8 0.3405 0.1643 0.1664 0.1698 0.1589 
       H7370  8 0.0733 0.1817 0.1239 0.4155 0.2057 
       H7371  8 0.1506 0.1677 0.1839 0.2716 0.2262 
        H600  9 0.3255 0.1587 0.2146 0.1217 0.1795 
        H648  9 0.1544 0.2319 0.1734 0.1964 0.2439 
        H696  9 0.0685 0.3268 0.1437 0.2676 0.1934 
        H697  9 0.1842 0.1873 0.1754 0.3115 0.1415 
        H698  9 0.1199 0.1856 0.1432 0.4242 0.1270 
        H699  9 0.1718 0.2018 0.1587 0.2718 0.1959 
        H700  9 0.3798 0.1217 0.1880 0.0931 0.2175 
        H732  9 0.2231 0.1563 0.3628 0.1096 0.1482 
        H733  9 0.1180 0.1897 0.1212 0.4130 0.1581 
        H734  9 0.0921 0.2280 0.1562 0.1712 0.3524 
        H735  9 0.1130 0.2266 0.1690 0.3264 0.1651 
        H736  9 0.1889 0.2059 0.2414 0.1304 0.2335 
        H737  9 0.2298 0.1534 0.1657 0.3411 0.1100 
        H905  9 0.3868 0.1440 0.1600 0.1329 0.1763 
        H921  9 0.2423 0.1397 0.2291 0.1918 0.1972 
        H922  9 0.1189 0.1882 0.1496 0.2816 0.2617 
     H169705 10 0.1067 0.1342 0.1396 0.4827 0.1369 
     H171942 10 0.1407 0.3201 0.1131 0.1947 0.2315 
     H171943 10 0.1620 0.2341 0.2144 0.1586 0.2309 
     H171944 10 0.1617 0.1498 0.2378 0.2526 0.1980 
     H171946 10 0.1616 0.1911 0.3599 0.1151 0.1723 
     H171947 10 0.1656 0.2070 0.1585 0.2166 0.2523 
     H229641 10 0.1571 0.2057 0.1835 0.2140 0.2397 
      H30001 10 0.1966 0.1844 0.1926 0.1940 0.2324 
      H30002 10 0.2406 0.2021 0.1652 0.1825 0.2096 
      H30005 10 0.1257 0.1700 0.1245 0.4510 0.1288 
      H30006 10 0.1202 0.1805 0.1264 0.4517 0.1212 
      H30007 10 0.1450 0.3759 0.1417 0.1054 0.2320 
        H451 10 0.1525 0.2304 0.1233 0.1924 0.3014 
        H452 10 0.1156 0.1723 0.1407 0.4621 0.1092 
        H453 10 0.3153 0.1936 0.2266 0.0971 0.1674 
        H473 10 0.3376 0.1990 0.1872 0.1057 0.1704 
        H474 10 0.2045 0.1287 0.4013 0.1013 0.1642 
        H486 10 0.2110 0.1553 0.2434 0.2129 0.1773 
        H487 10 0.2295 0.1684 0.1748 0.2832 0.1441 
        H488 10 0.3058 0.1661 0.1813 0.1746 0.1722 
        H489 10 0.2233 0.1323 0.2928 0.2085 0.1431 
        H550 10 0.0930 0.2644 0.1732 0.1364 0.3330 
        H551 10 0.1773 0.1275 0.1966 0.3567 0.1419 
        H553 10 0.1976 0.1355 0.2379 0.3155 0.1135 
        H554 10 0.1477 0.2599 0.1356 0.1433 0.3135 
        H556 10 0.1492 0.2038 0.2517 0.2315 0.1637 
        H580 10 0.1592 0.2203 0.1497 0.3321 0.1387 
        H591 10 0.3037 0.1135 0.3070 0.1331 0.1426 
        H592 10 0.1735 0.1580 0.2655 0.2100 0.1930 
        H593 10 0.1630 0.2156 0.1624 0.1351 0.3239 
        H594 10 0.0962 0.2891 0.1260 0.2626 0.2261 
        H627 10 0.1409 0.2370 0.1849 0.1507 0.2865 
        H628 10 0.1843 0.2185 0.1778 0.2696 0.1497 
        H629 10 0.1351 0.2067 0.3029 0.1626 0.1927 
        H630 10 0.1078 0.1717 0.2777 0.2622 0.1806 
        H638 10 0.1049 0.1879 0.1602 0.3067 0.2403 
        H639 10 0.2248 0.1682 0.3517 0.1399 0.1154 
        H640 10 0.1196 0.2179 0.2020 0.1947 0.2658 
        H704 10 0.1356 0.3526 0.1424 0.2115 0.1580 
        H705 10 0.1076 0.1367 0.1319 0.5011 0.1227 
        H706 10 0.2965 0.1311 0.1982 0.2610 0.1133 
        H708 10 0.1700 0.1228 0.4193 0.1146 0.1733 
       H7351 10 0.1722 0.2825 0.1839 0.1269 0.2344 
       H7352 10 0.1732 0.1978 0.2405 0.1966 0.1919 
       H7353 10 0.1115 0.4570 0.0908 0.1679 0.1729 
       H7354 10 0.4209 0.1544 0.1523 0.0877 0.1847 
       H7365 10 0.2314 0.1007 0.4303 0.1190 0.1187 
       H7383 10 0.2951 0.1535 0.2086 0.1629 0.1798 
       H7384 10 0.2246 0.1761 0.1662 0.2692 0.1639 
       H7385 10 0.3658 0.1489 0.1781 0.1547 0.1526 
       H7386 10 0.1890 0.1963 0.1818 0.2542 0.1787 
       H7387 10 0.1830 0.2286 0.1621 0.1834 0.2430 
       H7388 10 0.1395 0.1387 0.1554 0.4611 0.1054 
        H906 10 0.3223 0.2348 0.1785 0.0777 0.1867 
        H907 10 0.0960 0.2444 0.1079 0.2565 0.2953 
        H908 10 0.1854 0.2045 0.1697 0.2252 0.2151 
        H909 10 0.3911 0.1560 0.1680 0.1047 0.1802 
       H9552 10 0.1684 0.2266 0.1822 0.2428 0.1800 
       H9553 10 0.1716 0.1391 0.1756 0.4075 0.1063 
       H9555 10 0.1618 0.1666 0.1764 0.2877 0.2075 
       H9575 10 0.1940 0.1643 0.3452 0.1101 0.1863 
       H9703 10 0.2819 0.1159 0.2782 0.2236 0.1005 
       H9707 10 0.2532 0.1587 0.2240 0.1725 0.1915 
       HSAA4 10 0.1601 0.2133 0.1505 0.3237 0.1524 
        H001 11 0.3135 0.1850 0.2180 0.1516 0.1320 
        H004 11 0.2013 0.2274 0.1577 0.1578 0.2559 
        H005 11 0.4486 0.1151 0.1824 0.0914 0.1625 
        H006 11 0.2134 0.1806 0.1751 0.1641 0.2667 
        H007 11 0.4384 0.1003 0.2222 0.1181 0.1211 
        H031 11 0.2279 0.0871 0.3970 0.1502 0.1377 
        H074 11 0.1919 0.1473 0.4081 0.1200 0.1326 
        H075 11 0.3917 0.0984 0.2631 0.1017 0.1451 
        H080 11 0.2651 0.1500 0.2338 0.2281 0.1230 
        H086 11 0.1685 0.1614 0.1300 0.4026 0.1375 
        H092 11 0.2346 0.1611 0.1848 0.2604 0.1591 
        H093 11 0.1328 0.3510 0.1287 0.1778 0.2097 
        H094 11 0.0934 0.2127 0.1735 0.2558 0.2646 
        H095 11 0.2968 0.1687 0.2583 0.1371 0.1392 
        H096 11 0.3452 0.1552 0.1949 0.1233 0.1814 
        H099 11 0.2486 0.1978 0.1831 0.1816 0.1890 
        H100 11 0.2187 0.2424 0.1831 0.1681 0.1878 
        H127 11 0.1831 0.1553 0.2209 0.3105 0.1303 
        H136 11 0.2635 0.1522 0.2697 0.1262 0.1884 
        H153 11 0.1718 0.2265 0.1326 0.1419 0.3272 
        H154 11 0.2115 0.1290 0.3962 0.1202 0.1431 
        H155 11 0.1759 0.1795 0.1747 0.3431 0.1268 
        H156 11 0.1409 0.1929 0.1421 0.2950 0.2291 
        H161 11 0.1860 0.2563 0.1419 0.1303 0.2854 
        H162 11 0.0915 0.2013 0.1455 0.3982 0.1635 
        H167 11 0.1853 0.2172 0.1525 0.2363 0.2087 
        H168 11 0.2009 0.2038 0.1427 0.2811 0.1716 
     H169586 11 0.1475 0.2811 0.2865 0.0761 0.2088 
     H169738 11 0.1752 0.1619 0.1481 0.3763 0.1385 
     H169741 11 0.1500 0.1524 0.3483 0.1287 0.2206 
     H171801 11 0.1360 0.3512 0.1182 0.1503 0.2444 
     H171810 11 0.1968 0.1920 0.2423 0.1026 0.2663 
     H171811 11 0.1731 0.1633 0.3725 0.1016 0.1895 
     H171812 11 0.3652 0.1421 0.2372 0.1268 0.1287 
     H171820 11 0.2257 0.1262 0.3728 0.1236 0.1517 
     H171821 11 0.1498 0.2252 0.1561 0.2715 0.1975 
     H171822 11 0.1512 0.1889 0.1764 0.2850 0.1986 
     H171823 11 0.2944 0.1928 0.1754 0.0734 0.2639 
     H171866 11 0.1498 0.2259 0.1262 0.3346 0.1635 
     H171867 11 0.1564 0.1581 0.1529 0.3303 0.2024 
     H171967 11 0.2640 0.1150 0.3385 0.1431 0.1394 
     H171969 11 0.2343 0.2073 0.1837 0.1446 0.2301 
        H172 11 0.1906 0.1840 0.2418 0.1944 0.1892 
        H173 11 0.1784 0.1337 0.2175 0.3277 0.1426 
        H174 11 0.0862 0.2767 0.1276 0.2938 0.2157 
        H196 11 0.1044 0.1275 0.1206 0.5670 0.0805 
        H197 11 0.1501 0.1874 0.1553 0.2499 0.2572 
        H346 11 0.3494 0.1538 0.1658 0.1189 0.2121 
        H355 11 0.2859 0.1745 0.2723 0.1339 0.1335 
        H356 11 0.2572 0.2059 0.1609 0.2304 0.1457 
        H357 11 0.2314 0.1455 0.2651 0.1760 0.1820 
        H358 11 0.3405 0.1378 0.2077 0.1464 0.1676 
        H359 11 0.1618 0.2029 0.2165 0.1720 0.2467 
        H360 11 0.1879 0.1793 0.1726 0.2492 0.2111 
        H361 11 0.2112 0.1782 0.1737 0.2837 0.1533 
        H362 11 0.0955 0.2191 0.1022 0.3502 0.2331 
        H363 11 0.2706 0.1423 0.2540 0.1238 0.2092 
        H364 11 0.1960 0.2292 0.2097 0.1117 0.2534 
        H365 11 0.2111 0.2036 0.2007 0.2259 0.1587 
        H366 11 0.1634 0.1571 0.2218 0.3425 0.1152 
        H367 11 0.2220 0.1344 0.3775 0.1628 0.1033 
        H368 11 0.0925 0.2338 0.2390 0.1310 0.3037 
        H369 11 0.2595 0.1104 0.3552 0.1439 0.1310 
        H370 11 0.1355 0.2196 0.1587 0.2144 0.2719 
        H371 11 0.1345 0.1606 0.2074 0.3312 0.1663 
        H372 11 0.2006 0.1843 0.2096 0.2135 0.1921 
        H373 11 0.2315 0.2056 0.1537 0.1943 0.2149 
        H374 11 0.3812 0.1602 0.1648 0.1181 0.1757 
        H375 11 0.2592 0.1777 0.2473 0.1450 0.1708 
        H376 11 0.1738 0.2923 0.1524 0.1671 0.2143 
        H377 11 0.2224 0.1786 0.1740 0.1921 0.2328 
        H378 11 0.2089 0.2170 0.2170 0.1756 0.1815 
        H379 11 0.1522 0.2135 0.1665 0.1951 0.2727 
        H380 11 0.1701 0.2009 0.1636 0.2007 0.2647 
        H381 11 0.1930 0.1662 0.3169 0.0967 0.2271 
        H382 11 0.0785 0.2286 0.1082 0.2628 0.3219 
        H383 11 0.1581 0.2910 0.1353 0.1628 0.2528 
        H384 11 0.1942 0.1649 0.3055 0.1364 0.1991 
        H385 11 0.2074 0.1706 0.1756 0.1930 0.2533 
        H386 11 0.2641 0.1657 0.2002 0.1901 0.1799 
        H387 11 0.1903 0.3805 0.1290 0.0892 0.2109 
        H388 11 0.1528 0.1853 0.1714 0.3689 0.1216 
        H389 11 0.2544 0.1572 0.2235 0.1897 0.1751 
        H390 11 0.1628 0.2006 0.2341 0.1836 0.2189 
        H391 11 0.1332 0.2767 0.2006 0.2365 0.1530 
        H392 11 0.4323 0.1130 0.2141 0.0871 0.1534 
        H393 11 0.2155 0.2803 0.1759 0.1295 0.1988 
        H394 11 0.1088 0.3738 0.1636 0.1623 0.1916 
        H395 11 0.2505 0.1520 0.2707 0.1785 0.1482 
        H408 11 0.3550 0.1433 0.2151 0.1358 0.1508 
        H412 11 0.1664 0.1155 0.5189 0.0745 0.1248 
        H417 11 0.1695 0.1713 0.2948 0.1460 0.2184 
        H418 11 0.1409 0.2536 0.2308 0.1941 0.1807 
        H429 11 0.2802 0.1942 0.2230 0.1297 0.1729 
        H430 11 0.1734 0.2125 0.1745 0.2613 0.1784 
        H439 11 0.2026 0.1772 0.1972 0.2515 0.1715 
        H440 11 0.3834 0.1346 0.2332 0.0890 0.1598 
        H441 11 0.1222 0.1895 0.1825 0.3405 0.1654 
        H442 11 0.1438 0.2224 0.1920 0.2588 0.1830 
        H446 11 0.1653 0.2614 0.1647 0.1899 0.2187 
        H447 11 0.1806 0.1642 0.2227 0.2382 0.1944 
        H448 11 0.1917 0.1239 0.1713 0.3932 0.1200 
        H534 11 0.3155 0.1748 0.2499 0.0915 0.1683 
        H537 11 0.2014 0.1906 0.3780 0.0984 0.1316 
        H568 11 0.3232 0.1094 0.3055 0.1206 0.1412 
        H569 11 0.1002 0.1347 0.1352 0.4695 0.1604 
        H586 11 0.1314 0.2729 0.3051 0.0707 0.2199 
        H587 11 0.2600 0.1149 0.3858 0.1053 0.1341 
        H588 11 0.1368 0.3930 0.1053 0.1334 0.2314 
        H589 11 0.3525 0.1223 0.2989 0.0788 0.1475 
        H590 11 0.3234 0.1602 0.2134 0.1110 0.1920 
        H601 11 0.1268 0.2368 0.1210 0.3250 0.1904 
        H602 11 0.2209 0.1413 0.2278 0.2630 0.1470 
        H603 11 0.2040 0.1702 0.1503 0.2354 0.2401 
