        H102  1 0.2918 0.2677 0.1951 0.2454 
        H103  1 0.3693 0.1591 0.3472 0.1244 
        H104  1 0.1841 0.3123 0.1513 0.3523 
        H105  1 0.2889 0.3148 0.1982 0.1981 
        H106  1 0.2644 0.1917 0.2585 0.2854 
        H112  1 0.2428 0.2323 0.1914 0.3335 
        H113  1 0.2680 0.3868 0.1726 0.1727 
        H114  1 0.3058 0.3795 0.1878 0.1269 
        H115  1 0.2219 0.3792 0.1587 0.2402 
        H143  1 0.2589 0.3417 0.2218 0.1776 
        H144  1 0.2299 0.2628 0.3977 0.1096 
        H145  1 0.3196 0.2099 0.3573 0.1132 
        H149  1 0.1842 0.2251 0.1776 0.4132 
        H150  1 0.2149 0.2737 0.3169 0.1945 
     H167542  1 0.2004 0.4506 0.1765 0.1725 
     H169604  1 0.2489 0.3461 0.2279 0.1771 
     H169607  1 0.2306 0.3205 0.2977 0.1512 
     H169608  1 0.2138 0.2060 0.2319 0.3484 
     H169633  1 0.2929 0.3667 0.2088 0.1316 
     H169688  1 0.2549 0.1457 0.3882 0.2112 
     H169714  1 0.2347 0.2631 0.1991 0.3031 
     H171802  1 0.2439 0.1971 0.1849 0.3741 
     H171805  1 0.3178 0.2134 0.2939 0.1749 
     H171807  1 0.2139 0.2116 0.2409 0.3336 
     H171814  1 0.2681 0.2722 0.3298 0.1299 
     H171816  1 0.2376 0.2067 0.2321 0.3235 
     H171817  1 0.2588 0.2330 0.1884 0.3198 
     H171818  1 0.3048 0.2369 0.2317 0.2266 
     H171819  1 0.2806 0.2565 0.2373 0.2256 
     H171834  1 0.2960 0.2590 0.2407 0.2043 
     H171835  1 0.1647 0.2600 0.1786 0.3967 
     H171836  1 0.4127 0.2433 0.2464 0.0976 
     H171837  1 0.1898 0.3589 0.1799 0.2714 
     H171838  1 0.3962 0.1541 0.3064 0.1433 
     H171839  1 0.1909 0.3478 0.1732 0.2881 
     H171841  1 0.1803 0.1133 0.2191 0.4873 
     H171860  1 0.2636 0.3398 0.2013 0.1953 
     H171861  1 0.4060 0.2493 0.2468 0.0980 
     H171862  1 0.2795 0.2495 0.2721 0.1989 
     H171868  1 0.2575 0.3704 0.2045 0.1675 
     H171869  1 0.2528 0.1862 0.3950 0.1660 
     H171870  1 0.2286 0.1562 0.2960 0.3192 
     H171871  1 0.3462 0.1816 0.3146 0.1575 
     H171872  1 0.2204 0.3275 0.1814 0.2707 
     H171873  1 0.1916 0.2092 0.3048 0.2944 
     H171874  1 0.2806 0.2920 0.2586 0.1688 
     H171875  1 0.2945 0.3615 0.2418 0.1021 
     H171876  1 0.2681 0.3262 0.2548 0.1508 
     H171877  1 0.1961 0.4522 0.1701 0.1815 
     H171878  1 0.2026 0.1517 0.3031 0.3425 
     H171901  1 0.2433 0.1858 0.2018 0.3690 
     H171902  1 0.2121 0.2251 0.3149 0.2478 
     H171903  1 0.2842 0.2775 0.2161 0.2221 
     H171935  1 0.2527 0.1408 0.2767 0.3298 
     H171936  1 0.2460 0.4273 0.1829 0.1438 
     H171940  1 0.1865 0.2568 0.2286 0.3281 
     H171945  1 0.2122 0.2156 0.3353 0.2369 
     H171948  1 0.2910 0.2300 0.2100 0.2690 
     H171949  1 0.1587 0.1947 0.1839 0.4627 
     H171950  1 0.1830 0.1605 0.1512 0.5052 
     H171963  1 0.2769 0.1758 0.3837 0.1636 
     H171964  1 0.2078 0.1934 0.4604 0.1384 
     H171966  1 0.2941 0.1836 0.2947 0.2276 
     H171968  1 0.1976 0.2439 0.2692 0.2893 
     H171971  1 0.3282 0.1546 0.2847 0.2324 
     H171972  1 0.3362 0.2215 0.3071 0.1352 
     H171977  1 0.2214 0.2603 0.3832 0.1351 
     H171978  1 0.2260 0.1494 0.2636 0.3611 
     H171979  1 0.3661 0.1928 0.3083 0.1327 
        H176  1 0.2258 0.3490 0.2458 0.1795 
        H177  1 0.1726 0.1883 0.1658 0.4733 
        H179  1 0.1764 0.3197 0.1528 0.3512 
        H181  1 0.2936 0.2128 0.3182 0.1754 
        H182  1 0.3747 0.2284 0.2904 0.1066 
        H183  1 0.2418 0.1603 0.3949 0.2031 
        H184  1 0.2855 0.2164 0.2158 0.2823 
        H185  1 0.2880 0.2655 0.3011 0.1454 
        H186  1 0.1974 0.2100 0.3530 0.2396 
        H187  1 0.3020 0.1898 0.2401 0.2681 
        H188  1 0.1571 0.3920 0.1648 0.2861 
        H192  1 0.2155 0.1901 0.1968 0.3976 
        H193  1 0.3197 0.2017 0.3483 0.1304 
        H194  1 0.2326 0.2939 0.2102 0.2633 
        H195  1 0.2293 0.1532 0.4400 0.1776 
        H199  1 0.2194 0.1872 0.4205 0.1729 
        H200  1 0.2167 0.2691 0.2025 0.3118 
        H414  1 0.3043 0.1870 0.2914 0.2174 
        H415  1 0.3262 0.3014 0.2180 0.1544 
        H422  1 0.2446 0.1938 0.2872 0.2743 
        H423  1 0.1450 0.1300 0.1511 0.5738 
        H424  1 0.3135 0.1961 0.3478 0.1427 
        H425  1 0.1943 0.2357 0.4149 0.1552 
        H426  1 0.2128 0.1268 0.4762 0.1841 
        H443  1 0.1764 0.2949 0.3902 0.1386 
        H466  1 0.2320 0.2296 0.2601 0.2783 
        H467  1 0.1497 0.1991 0.2040 0.4471 
        H472  1 0.1942 0.2745 0.2573 0.2740 
        H483  1 0.2332 0.3272 0.2581 0.1815 
        H504  1 0.2639 0.1979 0.4015 0.1368 
        H505  1 0.1954 0.2492 0.2051 0.3502 
        H506  1 0.2461 0.2286 0.2976 0.2276 
        H507  1 0.3240 0.2665 0.2971 0.1124 
        H508  1 0.2262 0.1600 0.2653 0.3485 
        H524  1 0.2749 0.3471 0.2244 0.1537 
        H525  1 0.2454 0.2850 0.3021 0.1675 
        H526  1 0.1956 0.4917 0.1688 0.1439 
        H527  1 0.2509 0.1933 0.2153 0.3406 
        H528  1 0.2982 0.2855 0.2917 0.1246 
        H529  1 0.2504 0.2974 0.3315 0.1208 
        H533  1 0.4667 0.1830 0.2471 0.1032 
        H538  1 0.1918 0.3421 0.2173 0.2487 
        H539  1 0.2912 0.1570 0.3093 0.2425 
        H540  1 0.2747 0.2522 0.2440 0.2292 
        H541  1 0.2131 0.4013 0.2004 0.1852 
        H558  1 0.3484 0.1293 0.3516 0.1708 
        H559  1 0.2442 0.2946 0.2447 0.2165 
        H579  1 0.3098 0.2388 0.3046 0.1467 
        H584  1 0.2392 0.1992 0.4039 0.1576 
        H585  1 0.2783 0.2066 0.3207 0.1944 
        H605  1 0.2303 0.2214 0.2306 0.3176 
        H606  1 0.1577 0.2429 0.1583 0.4411 
        H632  1 0.2269 0.2499 0.3896 0.1337 
        H634  1 0.2654 0.2282 0.3138 0.1927 
        H671  1 0.1603 0.1910 0.1739 0.4748 
        H672  1 0.2531 0.3205 0.1957 0.2307 
        H673  1 0.2313 0.2774 0.3338 0.1576 
        H689  1 0.2294 0.3283 0.2937 0.1486 
        H690  1 0.2480 0.3078 0.1795 0.2646 
        H691  1 0.2022 0.4215 0.1897 0.1866 
        H692  1 0.3403 0.2345 0.3376 0.0875 
        H709  1 0.3032 0.2673 0.2501 0.1794 
        H710  1 0.3353 0.2114 0.3514 0.1019 
       H7355  1 0.2721 0.4137 0.2011 0.1132 
       H7356  1 0.2362 0.2179 0.3366 0.2093 
       H7357  1 0.2623 0.2726 0.1843 0.2809 
       H7358  1 0.2431 0.3320 0.2578 0.1671 
       H7380  1 0.2874 0.2852 0.2702 0.1572 
       H7381  1 0.2059 0.1659 0.2962 0.3320 
       H7382  1 0.2847 0.2779 0.2613 0.1761 
        H904  1 0.1186 0.2042 0.1150 0.5622 
        H923  1 0.1922 0.2664 0.2513 0.2901 
        H924  1 0.1894 0.2797 0.2349 0.2960 
        H925  1 0.1717 0.4603 0.1966 0.1714 
       H9558  1 0.3442 0.1169 0.3735 0.1654 
        H008  2 0.3413 0.3014 0.2432 0.1140 
        H021  2 0.1939 0.2980 0.2040 0.3041 
        H023  2 0.1763 0.2983 0.1886 0.3368 
        H024  2 0.3576 0.2342 0.2936 0.1145 
        H025  2 0.2019 0.1537 0.2869 0.3575 
        H026  2 0.2539 0.2353 0.3849 0.1260 
        H027  2 0.2260 0.4159 0.1788 0.1793 
        H028  2 0.2646 0.2362 0.3144 0.1848 
        H029  2 0.2799 0.3301 0.2458 0.1442 
        H030  2 0.3276 0.1972 0.3598 0.1154 
        H038  2 0.1679 0.2281 0.2206 0.3835 
        H039  2 0.0969 0.1104 0.1045 0.6882 
        H040  2 0.2288 0.1665 0.2057 0.3990 
        H041  2 0.2488 0.3983 0.1835 0.1695 
        H042  2 0.2429 0.2745 0.2360 0.2466 
        H043  2 0.1706 0.1092 0.2170 0.5031 
        H044  2 0.4289 0.1442 0.2814 0.1455 
        H047  2 0.2431 0.1761 0.2916 0.2892 
        H050  2 0.3498 0.2600 0.2398 0.1503 
        H058  2 0.2730 0.1477 0.2419 0.3374 
        H062  2 0.1509 0.3297 0.1861 0.3333 
        H063  2 0.2065 0.2078 0.1840 0.4016 
        H065  2 0.1847 0.1790 0.3738 0.2626 
        H066  2 0.3341 0.1781 0.2919 0.1959 
        H067  2 0.2202 0.3766 0.2323 0.1710 
        H068  2 0.2007 0.1769 0.2123 0.4101 
        H069  2 0.2663 0.1838 0.3114 0.2384 
        H071  2 0.2063 0.2775 0.2050 0.3112 
        H072  2 0.1828 0.1846 0.1669 0.4656 
        H073  2 0.2151 0.3166 0.2891 0.1792 
        H081  2 0.2145 0.3880 0.1741 0.2234 
        H082  2 0.4219 0.1684 0.2919 0.1178 
        H083  2 0.2953 0.1893 0.3815 0.1340 
        H084  2 0.2878 0.2209 0.2224 0.2689 
        H085  2 0.1972 0.4883 0.1661 0.1484 
        H087  2 0.2133 0.4420 0.1788 0.1659 
        H088  2 0.2215 0.2363 0.1781 0.3641 
        H089  2 0.2286 0.3711 0.2138 0.1865 
        H090  2 0.2821 0.3514 0.2254 0.1411 
        H091  2 0.2401 0.4590 0.1960 0.1049 
        H098  2 0.3511 0.2250 0.2502 0.1737 
      H10001  2 0.0946 0.1170 0.1153 0.6731 
      H10002  2 0.2226 0.2736 0.1634 0.3404 
        H101  2 0.3654 0.2367 0.2424 0.1555 
        H108  2 0.1499 0.2786 0.1689 0.4027 
        H109  2 0.3245 0.1918 0.2011 0.2825 
        H110  2 0.3431 0.3423 0.1802 0.1344 
        H116  2 0.2980 0.1960 0.3430 0.1630 
        H117  2 0.2794 0.4302 0.1595 0.1309 
        H118  2 0.2094 0.4076 0.2859 0.0970 
        H119  2 0.2005 0.3181 0.1952 0.2862 
        H120  2 0.1371 0.2418 0.1369 0.4841 
        H121  2 0.2360 0.4285 0.2174 0.1181 
        H125  2 0.1058 0.1234 0.1104 0.6604 
        H126  2 0.2506 0.1612 0.4142 0.1740 
        H128  2 0.2979 0.3088 0.3236 0.0697 
        H129  2 0.2374 0.1644 0.4727 0.1255 
        H130  2 0.2359 0.1209 0.2601 0.3830 
        H133  2 0.1470 0.1320 0.1924 0.5286 
        H134  2 0.2321 0.1405 0.5139 0.1135 
        H135  2 0.2482 0.3097 0.2132 0.2289 
        H137  2 0.2973 0.2806 0.2030 0.2191 
        H138  2 0.3232 0.1847 0.3618 0.1304 
        H140  2 0.2461 0.3209 0.2320 0.2010 
        H146  2 0.2442 0.3816 0.2282 0.1460 
        H147  2 0.2845 0.3718 0.2007 0.1430 
        H148  2 0.2490 0.4534 0.1553 0.1423 
     H166022  2 0.4017 0.2466 0.2243 0.1275 
     H167359  2 0.3182 0.2139 0.2627 0.2052 
     H167397  2 0.4286 0.2172 0.2744 0.0798 
     H167428  2 0.2028 0.4612 0.2532 0.0828 
     H167496  2 0.1498 0.2650 0.1322 0.4530 
     H167513  2 0.3431 0.1291 0.2624 0.2654 
     H167545  2 0.3270 0.1871 0.3466 0.1393 
     H167547  2 0.3557 0.1561 0.3698 0.1184 
     H169621  2 0.3175 0.2687 0.2872 0.1266 
     H169622  2 0.2846 0.2519 0.2956 0.1679 
     H169750  2 0.2432 0.1319 0.2981 0.3268 
     H171806  2 0.1756 0.3438 0.2336 0.2470 
     H171808  2 0.2168 0.3153 0.2560 0.2119 
     H171809  2 0.2362 0.3325 0.1971 0.2342 
     H171813  2 0.2264 0.2167 0.3333 0.2235 
     H171815  2 0.1422 0.1398 0.1810 0.5370 
     H171824  2 0.1727 0.3710 0.1492 0.3071 
     H171825  2 0.2634 0.2575 0.2965 0.1826 
     H171826  2 0.2471 0.3135 0.1871 0.2522 
     H171827  2 0.2818 0.2302 0.2483 0.2397 
     H171828  2 0.1189 0.2384 0.1201 0.5225 
     H171829  2 0.2307 0.1667 0.3536 0.2491 
     H171830  2 0.3577 0.1889 0.2454 0.2080 
     H171831  2 0.2933 0.2216 0.3682 0.1169 
     H171832  2 0.3185 0.1895 0.3155 0.1764 
     H171863  2 0.3331 0.1597 0.3988 0.1084 
     H171864  2 0.2822 0.3354 0.1770 0.2053 
     H171865  2 0.1771 0.1604 0.1964 0.4661 
     H171879  2 0.2941 0.2977 0.2133 0.1948 
     H171880  2 0.3785 0.2862 0.1895 0.1458 
     H171881  2 0.2647 0.3143 0.2405 0.1805 
     H171882  2 0.1361 0.1400 0.1310 0.5928 
     H171929  2 0.2997 0.2882 0.2245 0.1875 
     H171930  2 0.3912 0.1889 0.2957 0.1242 
     H171933  2 0.2664 0.2828 0.2446 0.2062 
     H171934  2 0.2074 0.4157 0.1921 0.1848 
     H171937  2 0.3234 0.1393 0.3828 0.1545 
     H171962  2 0.2659 0.3069 0.2554 0.1717 
        H190  2 0.2948 0.2325 0.2766 0.1961 
        H191  2 0.2220 0.2497 0.2669 0.2614 
        H396  2 0.1459 0.4334 0.1996 0.2211 
        H397  2 0.3101 0.2275 0.2811 0.1813 
        H398  2 0.1727 0.2574 0.2989 0.2710 
        H400  2 0.2209 0.3553 0.2087 0.2151 
        H401  2 0.3837 0.2242 0.3030 0.0892 
        H402  2 0.3559 0.2594 0.2305 0.1542 
        H427  2 0.2220 0.3878 0.2112 0.1790 
        H428  2 0.2054 0.4809 0.2301 0.0835 
        H497  2 0.2509 0.1403 0.2501 0.3586 
        H512  2 0.3265 0.2398 0.2290 0.2047 
        H513  2 0.3437 0.1369 0.2623 0.2571 
        H514  2 0.3337 0.1683 0.3048 0.1931 
        H519  2 0.3566 0.1361 0.2667 0.2406 
        H532  2 0.2170 0.4627 0.1899 0.1303 
        H543  2 0.3946 0.2573 0.2065 0.1416 
        H544  2 0.2350 0.1322 0.3879 0.2449 
        H545  2 0.3353 0.1798 0.3664 0.1186 
        H546  2 0.1609 0.1614 0.2077 0.4699 
        H547  2 0.3528 0.1599 0.3653 0.1219 
        H548  2 0.2829 0.3135 0.2055 0.1981 
        H549  2 0.2602 0.1547 0.2923 0.2928 
        H620  2 0.1263 0.1558 0.1212 0.5966 
        H623  2 0.3175 0.1542 0.3673 0.1610 
        H624  2 0.2040 0.1330 0.3057 0.3572 
        H625  2 0.2326 0.3339 0.2549 0.1786 
        H626  2 0.2952 0.2201 0.2359 0.2488 
        H654  2 0.1076 0.0953 0.1235 0.6737 
        H655  2 0.2702 0.1906 0.2195 0.3198 
        H656  2 0.1191 0.1989 0.1518 0.5302 
        H666  2 0.1271 0.1389 0.1505 0.5835 
        H667  2 0.2547 0.3231 0.2423 0.1799 
        H677  2 0.2453 0.3768 0.2094 0.1685 
        H693  2 0.1473 0.3173 0.1482 0.3872 
        H694  2 0.3306 0.1661 0.3181 0.1852 
        H701  2 0.4099 0.2117 0.2259 0.1525 
        H702  2 0.3309 0.2053 0.2068 0.2571 
        H731  2 0.2053 0.2988 0.2135 0.2824 
       H7359  2 0.3240 0.2172 0.2504 0.2083 
       H7389  2 0.2121 0.3733 0.2348 0.1798 
       H7390  2 0.1714 0.1729 0.1865 0.4691 
       H7391  2 0.1672 0.5580 0.1337 0.1412 
       H7392  2 0.2087 0.2297 0.2998 0.2619 
       H7393  2 0.2636 0.2104 0.2183 0.3077 
       H7398  2 0.2377 0.4082 0.1833 0.1708 
       H7399  2 0.2562 0.3383 0.2698 0.1357 
       H7400  2 0.1125 0.1150 0.1373 0.6352 
        H745  2 0.2266 0.1558 0.4936 0.1240 
        H746  2 0.2891 0.2974 0.2756 0.1380 
        H747  2 0.1977 0.2038 0.1686 0.4300 
        H748  2 0.3251 0.2031 0.2451 0.2266 
       H7484  2 0.1556 0.1791 0.1601 0.5051 
       H7485  2 0.2883 0.1737 0.3079 0.2302 
        H749  2 0.2998 0.2348 0.2978 0.1676 
        H930  2 0.3982 0.2180 0.2554 0.1283 
        H931  2 0.2352 0.3356 0.2299 0.1993 
        H932  2 0.2293 0.3194 0.2278 0.2236 
        H111  3 0.3699 0.1329 0.3514 0.1458 
        H951  3 0.3283 0.2242 0.3144 0.1331 
        H952  3 0.2000 0.2913 0.3055 0.2032 
        H953  3 0.1857 0.5114 0.1777 0.1251 
        H954  3 0.2231 0.1532 0.1658 0.4579 
        H955  3 0.3886 0.1758 0.2985 0.1371 
        H956  3 0.2505 0.3211 0.1846 0.2439 
       H9563  3 0.2566 0.3153 0.1869 0.2412 
        H002  4 0.2149 0.1414 0.2631 0.3807 
        H003  4 0.2341 0.3377 0.2915 0.1367 
        H009  4 0.2747 0.1681 0.3731 0.1841 
        H010  4 0.2140 0.3334 0.2334 0.2192 
        H011  4 0.1362 0.2289 0.1571 0.4778 
        H012  4 0.3397 0.3117 0.2093 0.1393 
        H013  4 0.2399 0.2785 0.1959 0.2857 
        H014  4 0.3044 0.2069 0.2746 0.2141 
        H045  4 0.1890 0.3485 0.1728 0.2897 
        H046  4 0.2183 0.3079 0.3331 0.1407 
        H051  4 0.2075 0.2613 0.1862 0.3451 
        H052  4 0.1889 0.1647 0.2977 0.3487 
        H053  4 0.2342 0.2436 0.2321 0.2901 
        H056  4 0.2031 0.1547 0.2217 0.4205 
        H076  4 0.2382 0.2692 0.3541 0.1386 
        H151  4 0.1535 0.1455 0.1954 0.5056 
        H152  4 0.1866 0.1812 0.2909 0.3413 
     H171803  4 0.1878 0.2279 0.1954 0.3889 
     H171804  4 0.2423 0.2243 0.2052 0.3282 
     H171833  4 0.3018 0.1490 0.3995 0.1498 
     H171855  4 0.1521 0.1216 0.2289 0.4973 
     H171856  4 0.2517 0.2509 0.2336 0.2638 
     H171857  4 0.2038 0.1767 0.2364 0.3830 
     H171858  4 0.2511 0.2790 0.2709 0.1989 
     H171859  4 0.2154 0.2775 0.2613 0.2458 
     H171961  4 0.1870 0.2486 0.1994 0.3651 
        H198  4 0.2994 0.2812 0.3091 0.1104 
      H20001  4 0.3137 0.1234 0.4033 0.1596 
        H403  4 0.2066 0.2188 0.2723 0.3024 
        H404  4 0.2728 0.3267 0.2576 0.1428 
        H405  4 0.2641 0.3110 0.2876 0.1374 
        H406  4 0.2946 0.1459 0.3577 0.2018 
        H407  4 0.2072 0.3466 0.1942 0.2520 
        H410  4 0.2737 0.4325 0.1796 0.1142 
        H411  4 0.3747 0.1296 0.3552 0.1405 
        H468  4 0.2811 0.1102 0.3473 0.2615 
        H476  4 0.3237 0.1396 0.2420 0.2947 
        H477  4 0.2757 0.1557 0.4329 0.1357 
        H478  4 0.3192 0.2516 0.2608 0.1684 
        H479  4 0.1894 0.2689 0.1946 0.3471 
        H480  4 0.3536 0.1604 0.3482 0.1378 
        H498  4 0.2607 0.2203 0.3154 0.2036 
        H499  4 0.2495 0.2420 0.2782 0.2302 
        H500  4 0.1898 0.2039 0.1533 0.4530 
        H515  4 0.2806 0.2129 0.2242 0.2822 
        H516  4 0.2824 0.1887 0.2768 0.2521 
        H517  4 0.2687 0.3024 0.2282 0.2008 
        H518  4 0.2034 0.1440 0.2789 0.3737 
        H520  4 0.1989 0.1684 0.2201 0.4127 
        H521  4 0.2104 0.3138 0.2792 0.1966 
        H522  4 0.2466 0.2014 0.2509 0.3012 
        H523  4 0.3166 0.2253 0.2276 0.2305 
        H536  4 0.1896 0.3173 0.2887 0.2044 
        H645  4 0.1552 0.4010 0.1508 0.2930 
        H646  4 0.2985 0.2984 0.2647 0.1384 
        H647  4 0.2585 0.2079 0.2860 0.2476 
        H657  4 0.2907 0.2963 0.2564 0.1566 
        H658  4 0.2948 0.2524 0.2148 0.2380 
        H659  4 0.1469 0.1147 0.1383 0.6002 
        H660  4 0.2999 0.1757 0.2574 0.2670 
        H661  4 0.1733 0.1535 0.2460 0.4273 
        H668  4 0.3327 0.3242 0.2014 0.1418 
        H669  4 0.2277 0.3201 0.1936 0.2587 
        H670  4 0.2110 0.4018 0.1605 0.2267 
        H678  4 0.3111 0.2229 0.2389 0.2271 
        H679  4 0.3851 0.2478 0.2210 0.1462 
        H680  4 0.2173 0.2034 0.3368 0.2424 
        H681  4 0.2699 0.2528 0.1946 0.2827 
        H682  4 0.3873 0.2657 0.1838 0.1632 
        H683  4 0.2167 0.1385 0.2899 0.3549 
        H718  4 0.1435 0.2036 0.1783 0.4747 
        H719  4 0.2224 0.2774 0.2169 0.2833 
        H720  4 0.1698 0.1660 0.3046 0.3596 
        H721  4 0.1764 0.1622 0.3492 0.3123 
        H722  4 0.1640 0.1305 0.3760 0.3294 
        H723  4 0.2085 0.2857 0.1655 0.3403 
        H724  4 0.1319 0.1600 0.1404 0.5676 
        H725  4 0.1490 0.1386 0.1966 0.5159 
        H726  4 0.2199 0.2018 0.1970 0.3813 
        H727  4 0.1764 0.3215 0.1777 0.3243 
        H910  4 0.2398 0.2879 0.1920 0.2803 
        H911  4 0.2928 0.2702 0.2689 0.1680 
        H912  4 0.2681 0.1693 0.2937 0.2688 
        H913  4 0.2198 0.2328 0.2309 0.3165 
        H914  4 0.1877 0.3110 0.1434 0.3579 
        H915  4 0.3415 0.1782 0.2318 0.2484 
        H916  4 0.3320 0.1483 0.3298 0.1899 
       H9572  4 0.1998 0.1952 0.2557 0.3492 
        H015  5 0.3396 0.1682 0.3517 0.1405 
        H016  5 0.2342 0.1965 0.4164 0.1529 
        H017  5 0.2501 0.1538 0.3569 0.2392 
        H019  5 0.3155 0.1933 0.2956 0.1957 
        H020  5 0.1748 0.3130 0.2381 0.2741 
        H032  5 0.2993 0.1807 0.2250 0.2950 
        H033  5 0.3371 0.2684 0.2207 0.1738 
        H034  5 0.2216 0.2846 0.1526 0.3412 
        H035  5 0.2437 0.2609 0.2536 0.2418 
        H036  5 0.2839 0.2638 0.2855 0.1668 
        H037  5 0.2103 0.2284 0.2118 0.3496 
        H048  5 0.1473 0.2432 0.1466 0.4629 
        H049  5 0.2861 0.1625 0.3472 0.2042 
        H054  5 0.2063 0.2975 0.2699 0.2264 
        H055  5 0.2045 0.2828 0.2448 0.2679 
        H057  5 0.2304 0.1410 0.3897 0.2390 
        H060  5 0.2318 0.2223 0.2905 0.2554 
        H061  5 0.2755 0.3349 0.2154 0.1741 
        H064  5 0.1721 0.2520 0.2661 0.3098 
        H070  5 0.2550 0.2998 0.1907 0.2545 
        H077  5 0.2213 0.1448 0.1923 0.4415 
        H078  5 0.2047 0.1556 0.2636 0.3761 
        H079  5 0.2534 0.4195 0.1954 0.1317 
        H097  5 0.2621 0.1035 0.3708 0.2636 
        H107  5 0.1162 0.2077 0.1204 0.5557 
        H122  5 0.2530 0.2083 0.3201 0.2186 
        H123  5 0.3087 0.2954 0.2573 0.1386 
        H124  5 0.2635 0.3613 0.2307 0.1446 
        H131  5 0.2921 0.3249 0.2288 0.1542 
        H132  5 0.2262 0.2753 0.2405 0.2580 
        H141  5 0.2280 0.2088 0.2180 0.3452 
        H142  5 0.3746 0.2298 0.2642 0.1313 
        H157  5 0.1536 0.2301 0.1996 0.4166 
        H158  5 0.2763 0.2079 0.3853 0.1304 
        H159  5 0.2883 0.1986 0.3474 0.1657 
        H160  5 0.2364 0.2064 0.2694 0.2878 
        H163  5 0.3684 0.2145 0.2667 0.1504 
        H164  5 0.3561 0.2044 0.2640 0.1755 
        H165  5 0.2501 0.4004 0.2055 0.1441 
        H166  5 0.2510 0.2504 0.3372 0.1614 
        H169  5 0.3096 0.2635 0.2386 0.1884 
     H169613  5 0.3168 0.2013 0.2683 0.2137 
     H169653  5 0.2881 0.2489 0.3135 0.1494 
     H169728  5 0.3152 0.1739 0.2994 0.2114 
     H169742  5 0.1626 0.3940 0.1876 0.2558 
        H170  5 0.2407 0.1585 0.4027 0.1982 
        H171  5 0.2674 0.1707 0.3855 0.1765 
     H171851  5 0.2915 0.2034 0.3063 0.1988 
     H171852  5 0.1746 0.1886 0.2460 0.3909 
     H171853  5 0.2416 0.2233 0.2095 0.3256 
     H171854  5 0.3660 0.1619 0.2497 0.2225 
     H171938  5 0.2463 0.3572 0.1850 0.2115 
     H171939  5 0.2271 0.2558 0.3533 0.1638 
     H171941  5 0.1510 0.2640 0.1847 0.4004 
     H171965  5 0.3152 0.2357 0.3135 0.1356 
     H171970  5 0.1420 0.1834 0.1555 0.5191 
     H171973  5 0.2425 0.3653 0.2371 0.1551 
     H171974  5 0.2497 0.3409 0.1982 0.2111 
     H171975  5 0.1994 0.2956 0.2253 0.2797 
     H171976  5 0.2511 0.1196 0.3642 0.2650 
        H175  5 0.1613 0.2853 0.1780 0.3754 
        H178  5 0.2069 0.2810 0.2464 0.2657 
        H189  5 0.3077 0.2654 0.2986 0.1283 
        H399  5 0.1726 0.1506 0.4187 0.2581 
        H416  5 0.2266 0.2950 0.2181 0.2603 
        H438  5 0.2547 0.3484 0.1864 0.2105 
        H450  5 0.2135 0.1993 0.2303 0.3570 
        H455  5 0.1181 0.2720 0.1519 0.4580 
        H456  5 0.2119 0.3690 0.2026 0.2165 
        H457  5 0.2271 0.1489 0.2677 0.3562 
        H458  5 0.2058 0.2770 0.2056 0.3116 
        H459  5 0.3002 0.2736 0.2885 0.1377 
        H460  5 0.2962 0.1919 0.2428 0.2691 
        H461  5 0.3163 0.1391 0.3510 0.1937 
        H462  5 0.2993 0.3248 0.2238 0.1521 
        H469  5 0.3646 0.2584 0.2436 0.1333 
        H470  5 0.2848 0.1964 0.2402 0.2786 
        H471  5 0.2888 0.2018 0.3527 0.1567 
        H481  5 0.1418 0.1976 0.1517 0.5089 
        H482  5 0.2558 0.1977 0.2374 0.3090 
        H501  5 0.2641 0.2575 0.2230 0.2554 
        H502  5 0.3237 0.2059 0.3417 0.1288 
        H503  5 0.2811 0.2241 0.3218 0.1730 
        H509  5 0.1803 0.2447 0.1849 0.3902 
        H510  5 0.2979 0.2393 0.2643 0.1985 
        H511  5 0.3374 0.2337 0.2790 0.1499 
        H530  5 0.2050 0.3160 0.1764 0.3026 
        H531  5 0.1800 0.1613 0.1957 0.4629 
        H564  5 0.2112 0.2036 0.2478 0.3373 
        H565  5 0.1469 0.1697 0.2111 0.4722 
        H567  5 0.2916 0.3577 0.2352 0.1154 
     H568???  5 0.2752 0.1977 0.3762 0.1509 
        H608  5 0.2207 0.2124 0.2231 0.3438 
        H609  5 0.1931 0.4174 0.1976 0.1919 
        H612  5 0.1523 0.2253 0.1337 0.4887 
        H614  5 0.1394 0.1595 0.2067 0.4944 
        H615  5 0.1941 0.1557 0.2475 0.4028 
        H616  5 0.1289 0.2489 0.1204 0.5017 
        H617  5 0.3159 0.3254 0.2184 0.1403 
        H618  5 0.1649 0.2259 0.1743 0.4349 
        H619  5 0.1867 0.4344 0.2080 0.1709 
        H635  5 0.3235 0.2405 0.2426 0.1935 
        H636  5 0.2667 0.3962 0.1768 0.1603 
        H637  5 0.2026 0.2776 0.2126 0.3071 
        H644  5 0.2773 0.1713 0.4579 0.0934 
        H711  5 0.2756 0.1770 0.3534 0.1940 
        H712  5 0.1490 0.3764 0.1888 0.2858 
       H7360  5 0.2450 0.1846 0.2967 0.2737 
       H7361  5 0.2199 0.2013 0.2249 0.3539 
       H7362  5 0.2477 0.1811 0.4667 0.1046 
       H7363  5 0.2420 0.2168 0.2530 0.2881 
       H7394  5 0.4222 0.2084 0.2353 0.1341 
       H7395  5 0.2375 0.3077 0.2320 0.2227 
       H7396  5 0.2826 0.2736 0.2314 0.2123 
        H742  5 0.1518 0.3982 0.1823 0.2678 
        H743  5 0.1637 0.3376 0.2297 0.2691 
        H744  5 0.1473 0.2976 0.1437 0.4114 
        H957  5 0.3185 0.1444 0.3087 0.2284 
        H958  5 0.3329 0.2372 0.2498 0.1801 
        H959  5 0.1936 0.2422 0.1691 0.3951 
        H960  5 0.2229 0.3710 0.2054 0.2007 
      H_PALI  6 0.3580 0.1815 0.2645 0.1960 
        H581  6 0.2248 0.2034 0.2435 0.3283 
        H582  6 0.1449 0.1418 0.2008 0.5124 
        H583  6 0.2273 0.2254 0.2399 0.3074 
        H595  6 0.4114 0.1755 0.2932 0.1199 
        H596  6 0.3840 0.2225 0.2671 0.1264 
        H597  6 0.2661 0.2658 0.3400 0.1281 
        H598  6 0.2752 0.2645 0.2216 0.2387 
        H599  6 0.1676 0.2705 0.1920 0.3698 
        H642  6 0.3073 0.1594 0.3493 0.1840 
        H643  6 0.2520 0.3457 0.1979 0.2044 
        H664  6 0.1719 0.1099 0.2290 0.4892 
        H665  6 0.2600 0.3624 0.1875 0.1901 
        H674  6 0.2649 0.1730 0.4563 0.1057 
        H675  6 0.1981 0.2036 0.2707 0.3277 
        H676  6 0.4320 0.1493 0.2778 0.1409 
        H686  6 0.2817 0.1935 0.3201 0.2048 
        H687  6 0.3012 0.1835 0.2895 0.2258 
        H917  6 0.3308 0.3187 0.2237 0.1268 
        H918  6 0.2243 0.3741 0.2049 0.1968 
        H919  6 0.1519 0.2797 0.1494 0.4190 
        H920  6 0.2409 0.1603 0.2168 0.3819 
        H631  7 0.2007 0.2272 0.2272 0.3449 
        H684  7 0.3304 0.1709 0.3813 0.1174 
        H685  7 0.2268 0.2108 0.1661 0.3963 
        H713  7 0.1742 0.1570 0.1510 0.5178 
        H715  7 0.3151 0.1951 0.3463 0.1435 
        H716  7 0.1840 0.3087 0.2482 0.2591 
        H717  7 0.2116 0.2390 0.2229 0.3265 
        H729  7 0.2870 0.4233 0.1825 0.1072 
        H730  7 0.1818 0.4601 0.1468 0.2114 
        H431  8 0.2168 0.2806 0.1887 0.3139 
        H432  8 0.2801 0.2085 0.3902 0.1212 
        H433  8 0.3321 0.2782 0.2246 0.1651 
        H434  8 0.2732 0.2777 0.2743 0.1747 
        H444  8 0.2593 0.3192 0.2268 0.1948 
        H454  8 0.1701 0.2200 0.1611 0.4488 
        H475  8 0.2282 0.1294 0.1709 0.4714 
        H491  8 0.2163 0.2311 0.2530 0.2996 
        H492  8 0.2235 0.1864 0.1858 0.4042 
        H493  8 0.2919 0.2182 0.2930 0.1968 
        H494  8 0.2474 0.2544 0.2218 0.2764 
        H495  8 0.1783 0.1313 0.2570 0.4335 
        H662  8 0.2169 0.2096 0.3397 0.2339 
        H663  8 0.2366 0.2755 0.2461 0.2418 
        H695  8 0.2371 0.3043 0.2037 0.2549 
       H7367  8 0.3401 0.3372 0.2109 0.1118 
       H7368  8 0.2802 0.2202 0.3292 0.1705 
       H7369  8 0.2363 0.3726 0.2032 0.1880 
       H7370  8 0.4426 0.2487 0.1957 0.1130 
       H7371  8 0.2946 0.3087 0.2160 0.1807 
        H600  9 0.1967 0.2156 0.2123 0.3754 
        H648  9 0.2536 0.2070 0.3091 0.2303 
        H696  9 0.2936 0.1692 0.4181 0.1192 
        H697  9 0.2341 0.3354 0.2472 0.1833 
        H698  9 0.2743 0.3078 0.2521 0.1658 
        H699  9 0.2532 0.2657 0.2535 0.2276 
        H700  9 0.2506 0.2422 0.1871 0.3201 
        H732  9 0.1641 0.1657 0.2194 0.4508 
        H733  9 0.3645 0.2777 0.2186 0.1391 
        H734  9 0.3663 0.1623 0.3202 0.1513 
        H735  9 0.3182 0.2205 0.2866 0.1747 
        H736  9 0.2569 0.2170 0.2398 0.2863 
        H737  9 0.1564 0.4141 0.1885 0.2409 
        H905  9 0.2101 0.2902 0.1846 0.3150 
        H921  9 0.2309 0.2973 0.1792 0.2926 
        H922  9 0.3587 0.2575 0.2645 0.1193 
     H169705 10 0.3368 0.3039 0.2027 0.1565 
     H171942 10 0.2730 0.2025 0.4039 0.1206 
     H171943 10 0.2723 0.2365 0.3026 0.1886 
     H171944 10 0.2973 0.2861 0.2059 0.2108 
     H171946 10 0.1988 0.1440 0.2793 0.3779 
     H171947 10 0.3184 0.2445 0.2547 0.1824 
     H229641 10 0.3194 0.1758 0.2445 0.2603 
      H30001 10 0.3076 0.2267 0.2153 0.2504 
      H30002 10 0.2472 0.3426 0.2189 0.1914 
      H30005 10 0.3030 0.3043 0.2302 0.1625 
      H30006 10 0.2656 0.3132 0.2651 0.1561 
      H30007 10 0.2302 0.1840 0.4724 0.1135 
        H451 10 0.3731 0.2165 0.2596 0.1508 
        H452 10 0.2550 0.3152 0.2340 0.1958 
        H453 10 0.1647 0.1792 0.2224 0.4337 
        H473 10 0.1948 0.2587 0.2357 0.3108 
        H474 10 0.1724 0.1060 0.1945 0.5270 
        H486 10 0.2253 0.2069 0.2031 0.3646 
        H487 10 0.2032 0.2949 0.2006 0.3012 
        H488 10 0.2302 0.3363 0.1826 0.2509 
        H489 10 0.2030 0.2167 0.1639 0.4164 
        H550 10 0.3154 0.1521 0.3567 0.1758 
        H551 10 0.2602 0.3341 0.1788 0.2269 
        H553 10 0.1738 0.2688 0.1812 0.3762 
        H554 10 0.3332 0.1987 0.2976 0.1705 
        H556 10 0.2023 0.2564 0.2765 0.2649 
        H580 10 0.2143 0.3832 0.2465 0.1561 
        H591 10 0.1481 0.1794 0.1333 0.5393 
        H592 10 0.2639 0.2191 0.2041 0.3129 
        H593 10 0.3259 0.2057 0.2704 0.1980 
        H594 10 0.2812 0.2684 0.3465 0.1039 
        H627 10 0.2865 0.1572 0.2983 0.2581 
        H628 10 0.2150 0.4645 0.2202 0.1003 
        H629 10 0.2271 0.1514 0.3201 0.3014 
        H630 10 0.2842 0.1918 0.2667 0.2574 
        H638 10 0.3731 0.1900 0.2553 0.1816 
        H639 10 0.1751 0.1424 0.2514 0.4311 
        H640 10 0.3290 0.1792 0.3079 0.1839 
        H704 10 0.2334 0.2602 0.3617 0.1446 
        H705 10 0.3346 0.3151 0.1991 0.1512 
        H706 10 0.1686 0.3722 0.1538 0.3054 
        H708 10 0.1611 0.1753 0.1852 0.4784 
       H7351 10 0.2684 0.2094 0.3105 0.2116 
       H7352 10 0.2218 0.2657 0.2511 0.2614 
       H7353 10 0.2241 0.1761 0.4631 0.1368 
       H7354 10 0.2371 0.2957 0.1973 0.2699 
       H7365 10 0.1558 0.1805 0.1519 0.5118 
       H7383 10 0.2513 0.2834 0.1729 0.2923 
       H7384 10 0.2127 0.3512 0.1921 0.2441 
       H7385 10 0.2283 0.2423 0.1965 0.3328 
       H7386 10 0.2703 0.3026 0.2315 0.1957 
       H7387 10 0.2914 0.2651 0.2702 0.1733 
       H7388 10 0.2314 0.3838 0.1948 0.1901 
        H906 10 0.1446 0.2053 0.3077 0.3425 
        H907 10 0.4165 0.1600 0.2850 0.1385 
        H908 10 0.2986 0.2328 0.2562 0.2123 
        H909 10 0.2273 0.3505 0.2137 0.2084 
       H9552 10 0.2226 0.2726 0.3041 0.2008 
       H9553 10 0.1886 0.3529 0.1891 0.2694 
       H9555 10 0.3274 0.3073 0.1969 0.1683 
       H9575 10 0.1851 0.1664 0.2402 0.4082 
       H9703 10 0.1380 0.2464 0.1519 0.4636 
       H9707 10 0.2430 0.1723 0.1891 0.3955 
       HSAA4 10 0.2208 0.3950 0.2253 0.1589 
        H001 11 0.1756 0.3335 0.2292 0.2617 
        H004 11 0.3117 0.2397 0.2533 0.1953 
        H005 11 0.2003 0.2098 0.1643 0.4257 
        H006 11 0.3243 0.2423 0.1999 0.2335 
        H007 11 0.1492 0.3286 0.1493 0.3729 
        H031 11 0.1637 0.1711 0.1310 0.5343 
        H074 11 0.2030 0.1487 0.2085 0.4399 
        H075 11 0.1488 0.2660 0.1459 0.4393 
        H080 11 0.1963 0.2521 0.1864 0.3651 
        H086 11 0.2442 0.3508 0.2144 0.1906 
        H092 11 0.2613 0.2650 0.1969 0.2768 
        H093 11 0.2409 0.2097 0.4334 0.1159 
        H094 11 0.3609 0.1706 0.2807 0.1878 
        H095 11 0.1726 0.2573 0.1955 0.3745 
        H096 11 0.2230 0.3055 0.1920 0.2795 
        H099 11 0.2428 0.2243 0.2215 0.3115 
        H100 11 0.2033 0.3439 0.3268 0.1261 
        H127 11 0.1991 0.3382 0.1831 0.2796 
        H136 11 0.1797 0.1708 0.1897 0.4598 
        H153 11 0.3491 0.1648 0.2877 0.1985 
        H154 11 0.1822 0.1621 0.1827 0.4731 
        H155 11 0.2194 0.4807 0.1902 0.1097 
        H156 11 0.3505 0.3435 0.2146 0.0914 
        H161 11 0.2780 0.2091 0.3235 0.1895 
        H162 11 0.3328 0.2540 0.2707 0.1425 
        H167 11 0.2579 0.3424 0.2532 0.1465 
        H168 11 0.2792 0.2976 0.2519 0.1713 
     H169586 11 0.1793 0.1122 0.3627 0.3458 
     H169738 11 0.2709 0.4064 0.1977 0.1250 
     H169741 11 0.2138 0.1798 0.1978 0.4086 
     H171801 11 0.3057 0.1855 0.3579 0.1510 
     H171810 11 0.2484 0.1525 0.2228 0.3763 
     H171811 11 0.1879 0.1444 0.2444 0.4233 
     H171812 11 0.1644 0.3974 0.1799 0.2583 
     H171820 11 0.1877 0.1795 0.2039 0.4289 
     H171821 11 0.3067 0.2743 0.2657 0.1534 
     H171822 11 0.2849 0.2773 0.2463 0.1916 
     H171823 11 0.1804 0.1093 0.2865 0.4238 
     H171866 11 0.2620 0.2925 0.2968 0.1488 
     H171867 11 0.3280 0.3353 0.1832 0.1535 
     H171967 11 0.1748 0.2749 0.1593 0.3911 
     H171969 11 0.2519 0.2475 0.2547 0.2459 
        H172 11 0.2425 0.3254 0.2199 0.2122 
        H173 11 0.2387 0.3972 0.1739 0.1902 
        H174 11 0.3514 0.1813 0.3445 0.1228 
        H196 11 0.2412 0.4589 0.1778 0.1221 
        H197 11 0.3461 0.2570 0.2356 0.1614 
        H346 11 0.2230 0.3369 0.2041 0.2360 
        H355 11 0.1911 0.2772 0.2157 0.3161 
        H356 11 0.2039 0.3322 0.2172 0.2467 
        H357 11 0.2305 0.2215 0.1785 0.3696 
        H358 11 0.2255 0.4062 0.1881 0.1802 
        H359 11 0.2746 0.2021 0.2331 0.2903 
        H360 11 0.2702 0.3225 0.2024 0.2049 
        H361 11 0.2129 0.4073 0.2134 0.1664 
        H362 11 0.4227 0.2163 0.2577 0.1033 
        H363 11 0.2405 0.2131 0.1754 0.3711 
        H364 11 0.2377 0.2378 0.2819 0.2426 
        H365 11 0.2086 0.3705 0.2230 0.1979 
        H366 11 0.1887 0.4205 0.2216 0.1692 
        H367 11 0.1786 0.1681 0.1792 0.4741 
        H368 11 0.3137 0.1526 0.3534 0.1803 
        H369 11 0.1788 0.2055 0.1395 0.4763 
        H370 11 0.3495 0.2474 0.2441 0.1591 
        H371 11 0.2863 0.2379 0.2498 0.2261 
        H372 11 0.2348 0.3424 0.2436 0.1792 
        H373 11 0.2954 0.2558 0.2451 0.2037 
        H374 11 0.2127 0.3143 0.2014 0.2715 
        H375 11 0.1932 0.2842 0.2025 0.3201 
        H376 11 0.2606 0.2416 0.3294 0.1684 
        H377 11 0.3053 0.2339 0.2118 0.2490 
        H378 11 0.2076 0.2317 0.2817 0.2789 
        H379 11 0.3501 0.1751 0.2650 0.2098 
        H380 11 0.3094 0.3391 0.2112 0.1403 
        H381 11 0.1906 0.1251 0.2208 0.4634 
        H382 11 0.4256 0.2093 0.2557 0.1094 
        H383 11 0.2512 0.2944 0.3315 0.1229 
        H384 11 0.1947 0.2371 0.2313 0.3369 
        H385 11 0.3150 0.1855 0.2123 0.2871 
        H386 11 0.2553 0.4004 0.1759 0.1684 
        H387 11 0.2115 0.1612 0.4223 0.2051 
        H388 11 0.2114 0.4232 0.2393 0.1261 
        H389 11 0.2369 0.3111 0.1919 0.2601 
        H390 11 0.3185 0.2250 0.2480 0.2085 
        H391 11 0.2456 0.2412 0.3430 0.1702 
        H392 11 0.1609 0.2997 0.1674 0.3720 
        H393 11 0.2192 0.2772 0.3563 0.1473 
        H394 11 0.1939 0.1506 0.4945 0.1610 
        H395 11 0.2007 0.2418 0.1790 0.3785 
        H408 11 0.2094 0.3869 0.1769 0.2268 
        H412 11 0.1313 0.0865 0.2503 0.5320 
        H417 11 0.2256 0.2568 0.2016 0.3160 
        H418 11 0.2291 0.1759 0.3198 0.2752 
        H429 11 0.2137 0.3262 0.2641 0.1961 
        H430 11 0.2820 0.3134 0.2568 0.1477 
        H439 11 0.2783 0.2855 0.2072 0.2290 
        H440 11 0.1890 0.2117 0.1677 0.4317 
        H441 11 0.3133 0.2660 0.2408 0.1799 
        H442 11 0.2330 0.3141 0.2628 0.1901 
        H446 11 0.2663 0.2263 0.2972 0.2102 
        H447 11 0.2594 0.3962 0.2057 0.1387 
        H448 11 0.2120 0.4406 0.1561 0.1912 
        H534 11 0.1561 0.1730 0.2234 0.4475 
        H537 11 0.1543 0.1569 0.2295 0.4592 
        H568 11 0.1775 0.1291 0.1466 0.5468 
        H569 11 0.3393 0.3597 0.2041 0.0969 
        H586 11 0.1697 0.1089 0.3677 0.3537 
        H587 11 0.1461 0.1746 0.1502 0.5291 
        H588 11 0.2417 0.2018 0.4295 0.1270 
        H589 11 0.1601 0.2134 0.1688 0.4577 
        H590 11 0.1778 0.2064 0.2244 0.3914 
        H601 11 0.3550 0.2601 0.2603 0.1246 
        H602 11 0.2329 0.2590 0.2140 0.2941 
        H603 11 0.3267 0.3199 0.2134 0.1400 
        H610 11 0.2617 0.2763 0.1862 0.2757 
        H611 11 0.2694 0.1684 0.1980 0.3643 
        H649 11 0.2564 0.2496 0.2667 0.2273 
        H650 11 0.3921 0.1577 0.3015 0.1487 
        H651 11 0.2364 0.4160 0.1760 0.1715 
        H652 11 0.2764 0.1928 0.3160 0.2148 
       H7364 11 0.2420 0.3349 0.2482 0.1749 
       H7366 11 0.2265 0.3569 0.1703 0.2463 
       H7378 11 0.2827 0.1233 0.5069 0.0871 
       H7379 11 0.2601 0.2771 0.2487 0.2141 
        H739 11 0.2016 0.1909 0.1872 0.4203 
        H740 11 0.4042 0.1738 0.2481 0.1739 
        H741 11 0.2215 0.1823 0.1930 0.4032 
        H926 11 0.3631 0.1812 0.2872 0.1685 
        H927 11 0.2938 0.3798 0.1701 0.1562 
        H928 11 0.3448 0.1904 0.2183 0.2465 
       H9560 11 0.2623 0.2243 0.3122 0.2012 
        H409 12 0.3330 0.2840 0.2354 0.1475 
        H413 12 0.2756 0.1470 0.4351 0.1423 
        H419 12 0.2761 0.3396 0.2179 0.1664 
        H420 12 0.1970 0.2773 0.2222 0.3035 
        H421 12 0.3646 0.2352 0.2928 0.1074 
        H435 12 0.2766 0.2535 0.3364 0.1335 
        H436 12 0.2183 0.3629 0.1752 0.2436 
        H437 12 0.1943 0.1616 0.2426 0.4015 
        H445 12 0.2917 0.3666 0.2046 0.1370 
        H449 12 0.2107 0.2842 0.3292 0.1760 
        H463 12 0.2413 0.1906 0.2305 0.3377 
        H464 12 0.3048 0.1790 0.3790 0.1371 
        H465 12 0.2417 0.1180 0.3839 0.2564 
        H490 12 0.3006 0.1793 0.3926 0.1276 
        H561 12 0.3279 0.2029 0.2571 0.2121 
        H562 12 0.2172 0.3845 0.1822 0.2160 
        H563 12 0.2660 0.3198 0.1817 0.2325 
        H570 12 0.2323 0.2730 0.1688 0.3260 
        H571 12 0.2502 0.1464 0.3487 0.2547 
        H572 12 0.2073 0.2238 0.2413 0.3276 
        H573 12 0.3100 0.3208 0.2298 0.1394 
       H7372 12 0.2832 0.4133 0.2058 0.0976 
       H7373 12 0.2640 0.1391 0.4486 0.1483 
       H7374 12 0.2054 0.2643 0.2135 0.3167 
       H7375 12 0.2009 0.2616 0.1756 0.3619 
       H7376 12 0.2105 0.4908 0.1897 0.1090 
       H7377 12 0.2853 0.1722 0.1817 0.3608 
