        H102  1 0.2413 0.1960 0.2268 0.3358 
        H103  1 0.2575 0.3459 0.1656 0.2310 
        H104  1 0.2585 0.1759 0.3119 0.2537 
        H105  1 0.2580 0.2211 0.2098 0.3111 
        H106  1 0.2559 0.2380 0.2576 0.2485 
        H112  1 0.2462 0.1959 0.2970 0.2609 
        H113  1 0.3358 0.1925 0.2064 0.2653 
        H114  1 0.3493 0.2084 0.1690 0.2732 
        H115  1 0.2708 0.1608 0.2313 0.3370 
        H143  1 0.2525 0.2418 0.1904 0.3153 
        H144  1 0.2086 0.3817 0.1431 0.2667 
        H145  1 0.2563 0.3042 0.1469 0.2926 
        H149  1 0.2139 0.1976 0.3489 0.2397 
        H150  1 0.2630 0.2717 0.2218 0.2436 
     H167542  1 0.2813 0.2084 0.1786 0.3318 
     H169604  1 0.2665 0.2286 0.1868 0.3181 
     H169607  1 0.2348 0.2894 0.1676 0.3082 
     H169608  1 0.2267 0.1926 0.3175 0.2632 
     H169633  1 0.3120 0.2408 0.1583 0.2889 
     H169688  1 0.1995 0.3568 0.2340 0.2096 
     H169714  1 0.2586 0.2153 0.2966 0.2295 
     H171802  1 0.2293 0.2157 0.3493 0.2057 
     H171805  1 0.2625 0.2787 0.2075 0.2514 
     H171807  1 0.2046 0.2583 0.2772 0.2599 
     H171814  1 0.2909 0.3418 0.1601 0.2072 
     H171816  1 0.2275 0.2277 0.3171 0.2277 
     H171817  1 0.2682 0.2039 0.2809 0.2469 
     H171818  1 0.2704 0.2201 0.2425 0.2670 
     H171819  1 0.2807 0.2239 0.2532 0.2423 
     H171834  1 0.2498 0.2408 0.2241 0.2853 
     H171835  1 0.2466 0.1827 0.3791 0.1917 
     H171836  1 0.3261 0.2606 0.1341 0.2792 
     H171837  1 0.2747 0.1936 0.2481 0.2835 
     H171838  1 0.2744 0.2842 0.2087 0.2328 
     H171839  1 0.2796 0.1898 0.2741 0.2565 
     H171841  1 0.1589 0.2253 0.4243 0.1916 
     H171860  1 0.2823 0.2158 0.2221 0.2798 
     H171861  1 0.3208 0.2770 0.1316 0.2707 
     H171862  1 0.2700 0.2510 0.2045 0.2745 
     H171868  1 0.2696 0.2000 0.1814 0.3490 
     H171869  1 0.2132 0.3485 0.2059 0.2325 
     H171870  1 0.2238 0.2741 0.2899 0.2121 
     H171871  1 0.2948 0.2767 0.2025 0.2260 
     H171872  1 0.2835 0.1921 0.2528 0.2716 
     H171873  1 0.2189 0.3022 0.2771 0.2018 
     H171874  1 0.2343 0.2917 0.1989 0.2752 
     H171875  1 0.2783 0.2995 0.1424 0.2799 
     H171876  1 0.2587 0.2482 0.1875 0.3056 
     H171877  1 0.2914 0.1823 0.1952 0.3310 
     H171878  1 0.1837 0.2644 0.3565 0.1954 
     H171901  1 0.2196 0.2211 0.3359 0.2234 
     H171902  1 0.2047 0.2977 0.2317 0.2659 
     H171903  1 0.2733 0.2457 0.2301 0.2509 
     H171935  1 0.2231 0.2390 0.3426 0.1952 
     H171936  1 0.3154 0.2287 0.1788 0.2770 
     H171940  1 0.1967 0.2403 0.2766 0.2863 
     H171945  1 0.2208 0.3026 0.2335 0.2432 
     H171948  1 0.2577 0.2060 0.2829 0.2533 
     H171949  1 0.1977 0.2070 0.3647 0.2306 
     H171950  1 0.2172 0.1800 0.3954 0.2074 
     H171963  1 0.2540 0.3117 0.2131 0.2212 
     H171964  1 0.1905 0.4127 0.1872 0.2095 
     H171966  1 0.2294 0.2723 0.2678 0.2306 
     H171968  1 0.2094 0.2544 0.2494 0.2869 
     H171971  1 0.2406 0.2515 0.2945 0.2134 
     H171972  1 0.2614 0.3312 0.1799 0.2275 
     H171977  1 0.2528 0.3284 0.1764 0.2424 
     H171978  1 0.2015 0.2545 0.3251 0.2189 
     H171979  1 0.2883 0.2841 0.1728 0.2548 
        H176  1 0.2707 0.2349 0.2028 0.2916 
        H177  1 0.2114 0.1788 0.3477 0.2621 
        H179  1 0.2400 0.1772 0.3078 0.2750 
        H181  1 0.2549 0.3025 0.1958 0.2469 
        H182  1 0.2827 0.2812 0.1436 0.2925 
        H183  1 0.2154 0.3626 0.2116 0.2103 
        H184  1 0.2393 0.2103 0.2852 0.2652 
        H185  1 0.2577 0.2827 0.1815 0.2781 
        H186  1 0.1912 0.3097 0.2596 0.2395 
        H187  1 0.2540 0.2602 0.2619 0.2240 
        H188  1 0.2380 0.1952 0.2704 0.2964 
        H192  1 0.2138 0.2055 0.3504 0.2303 
        H193  1 0.2450 0.2982 0.1629 0.2939 
        H194  1 0.2499 0.2170 0.2554 0.2777 
        H195  1 0.1839 0.3964 0.2097 0.2100 
        H199  1 0.2191 0.3525 0.1927 0.2357 
        H200  1 0.2385 0.2336 0.2831 0.2448 
        H414  1 0.2610 0.2719 0.2181 0.2489 
        H415  1 0.3191 0.2325 0.1821 0.2663 
        H422  1 0.2229 0.2831 0.2481 0.2459 
        H423  1 0.1713 0.1695 0.4427 0.2164 
        H424  1 0.2705 0.3402 0.1661 0.2231 
        H425  1 0.2159 0.3794 0.1750 0.2297 
        H426  1 0.1784 0.3976 0.2285 0.1955 
        H443  1 0.1986 0.3543 0.1651 0.2821 
        H466  1 0.2294 0.2477 0.2736 0.2492 
        H467  1 0.1986 0.2114 0.3915 0.1985 
        H472  1 0.2282 0.2619 0.2456 0.2644 
        H483  1 0.2474 0.2626 0.1734 0.3166 
        H504  1 0.2308 0.3763 0.1729 0.2199 
        H505  1 0.2147 0.2237 0.3119 0.2497 
        H506  1 0.2257 0.2549 0.2570 0.2624 
        H507  1 0.2850 0.2854 0.1411 0.2885 
        H508  1 0.2208 0.2476 0.3174 0.2142 
        H524  1 0.3250 0.2532 0.1595 0.2622 
        H525  1 0.2499 0.2820 0.1995 0.2686 
        H526  1 0.2804 0.2084 0.1736 0.3376 
        H527  1 0.2110 0.2257 0.3203 0.2430 
        H528  1 0.2899 0.3005 0.1629 0.2467 
        H529  1 0.2854 0.3009 0.1389 0.2748 
        H533  1 0.3429 0.2228 0.1561 0.2782 
        H538  1 0.2429 0.2197 0.2304 0.3070 
        H539  1 0.2450 0.2862 0.2520 0.2168 
        H540  1 0.2634 0.2271 0.2375 0.2721 
        H541  1 0.2739 0.2121 0.2023 0.3118 
        H558  1 0.2104 0.3724 0.2195 0.1976 
        H559  1 0.2182 0.2368 0.2211 0.3239 
        H579  1 0.2343 0.3008 0.1869 0.2780 
        H584  1 0.2302 0.3613 0.1871 0.2214 
        H585  1 0.2598 0.2761 0.2258 0.2383 
        H605  1 0.2372 0.2466 0.2579 0.2583 
        H606  1 0.2022 0.1895 0.3290 0.2793 
        H632  1 0.2295 0.3294 0.1722 0.2688 
        H634  1 0.2218 0.3156 0.2135 0.2490 
        H671  1 0.2056 0.2059 0.3721 0.2163 
        H672  1 0.3026 0.2454 0.2312 0.2207 
        H673  1 0.2120 0.3232 0.1950 0.2698 
        H689  1 0.2411 0.2706 0.1815 0.3068 
        H690  1 0.3012 0.1693 0.2478 0.2818 
        H691  1 0.2483 0.2022 0.1965 0.3531 
        H692  1 0.2509 0.3668 0.1242 0.2581 
        H709  1 0.3028 0.2444 0.2018 0.2510 
        H710  1 0.2711 0.3517 0.1411 0.2361 
       H7355  1 0.3279 0.1729 0.1469 0.3523 
       H7356  1 0.2373 0.2914 0.2264 0.2450 
       H7357  1 0.2747 0.1954 0.2313 0.2987 
       H7358  1 0.2332 0.2894 0.1825 0.2949 
       H7380  1 0.2475 0.2653 0.1807 0.3065 
       H7381  1 0.1931 0.2709 0.3223 0.2138 
       H7382  1 0.2370 0.2707 0.2033 0.2890 
        H904  1 0.1823 0.1515 0.4247 0.2414 
        H923  1 0.2369 0.2619 0.2660 0.2352 
        H924  1 0.2128 0.2432 0.2765 0.2675 
        H925  1 0.2544 0.2216 0.1792 0.3449 
       H9558  1 0.1938 0.4112 0.2043 0.1906 
        H008  2 0.2969 0.2649 0.1554 0.2827 
        H021  2 0.2313 0.1975 0.2893 0.2819 
        H023  2 0.2480 0.1839 0.2671 0.3010 
        H024  2 0.3240 0.3062 0.1548 0.2150 
        H025  2 0.1697 0.2942 0.3341 0.2020 
        H026  2 0.2492 0.3757 0.1748 0.2003 
        H027  2 0.2887 0.2314 0.1999 0.2800 
        H028  2 0.2511 0.3108 0.1933 0.2448 
        H029  2 0.2921 0.2655 0.1868 0.2556 
        H030  2 0.2729 0.3483 0.1708 0.2080 
        H038  2 0.2080 0.2087 0.3611 0.2221 
        H039  2 0.1536 0.1462 0.5216 0.1785 
        H040  2 0.2547 0.1984 0.3385 0.2085 
        H041  2 0.3187 0.2001 0.2000 0.2812 
        H042  2 0.2514 0.2209 0.2424 0.2853 
        H043  2 0.1834 0.2178 0.4288 0.1700 
        H044  2 0.2799 0.2894 0.1907 0.2399 
        H047  2 0.2110 0.2741 0.3175 0.1974 
        H050  2 0.3307 0.2778 0.1851 0.2064 
        H058  2 0.2349 0.2347 0.3219 0.2086 
        H062  2 0.2025 0.1946 0.2555 0.3474 
        H063  2 0.2179 0.1807 0.3896 0.2118 
        H065  2 0.1846 0.3612 0.2324 0.2217 
        H066  2 0.2715 0.2643 0.2551 0.2091 
        H067  2 0.2527 0.2385 0.1818 0.3269 
        H068  2 0.1938 0.2181 0.3814 0.2067 
        H069  2 0.2117 0.3244 0.2525 0.2114 
        H071  2 0.2491 0.2160 0.2999 0.2350 
        H072  2 0.2049 0.1802 0.4036 0.2113 
        H073  2 0.2501 0.2894 0.2028 0.2577 
        H081  2 0.2818 0.1818 0.2161 0.3202 
        H082  2 0.2821 0.3293 0.1709 0.2176 
        H083  2 0.2281 0.3741 0.1767 0.2211 
        H084  2 0.2779 0.2149 0.2792 0.2280 
        H085  2 0.2993 0.2042 0.1859 0.3105 
        H087  2 0.2692 0.1729 0.1817 0.3761 
        H088  2 0.2306 0.1912 0.3204 0.2578 
        H089  2 0.2520 0.2288 0.1826 0.3367 
        H090  2 0.3124 0.2835 0.1810 0.2231 
        H091  2 0.3516 0.2483 0.1442 0.2559 
        H098  2 0.3162 0.2273 0.2084 0.2481 
      H10001  2 0.1537 0.1380 0.5130 0.1954 
      H10002  2 0.2373 0.1828 0.2813 0.2986 
        H101  2 0.3343 0.2561 0.2011 0.2085 
        H108  2 0.2030 0.1837 0.2971 0.3162 
        H109  2 0.2652 0.2217 0.3094 0.2038 
        H110  2 0.3136 0.1995 0.1599 0.3270 
        H116  2 0.2645 0.3196 0.2069 0.2090 
        H117  2 0.3821 0.1933 0.1636 0.2610 
        H118  2 0.2999 0.3294 0.1284 0.2424 
        H119  2 0.2818 0.2020 0.2816 0.2347 
        H120  2 0.1837 0.1631 0.3901 0.2630 
        H121  2 0.3170 0.2728 0.1605 0.2496 
        H125  2 0.1549 0.1440 0.5300 0.1712 
        H126  2 0.2131 0.3519 0.2108 0.2243 
        H128  2 0.3150 0.3926 0.1093 0.1831 
        H129  2 0.2084 0.4039 0.1650 0.2226 
        H130  2 0.1695 0.2647 0.3630 0.2028 
        H133  2 0.1822 0.1977 0.4296 0.1905 
        H134  2 0.1900 0.4893 0.1487 0.1720 
        H135  2 0.2571 0.2133 0.2359 0.2938 
        H137  2 0.3202 0.2303 0.2254 0.2240 
        H138  2 0.2136 0.3937 0.1804 0.2123 
        H140  2 0.2798 0.2617 0.2225 0.2361 
        H146  2 0.3209 0.2965 0.1764 0.2062 
        H147  2 0.3173 0.2115 0.1821 0.2891 
        H148  2 0.3494 0.1754 0.1738 0.3014 
     H166022  2 0.3224 0.2320 0.1660 0.2796 
     H167359  2 0.2708 0.2673 0.2316 0.2304 
     H167397  2 0.3690 0.2532 0.1206 0.2572 
     H167428  2 0.2734 0.2877 0.1204 0.3186 
     H167496  2 0.2307 0.1697 0.3590 0.2405 
     H167513  2 0.2634 0.2238 0.2995 0.2132 
     H167545  2 0.2590 0.3165 0.1723 0.2521 
     H167547  2 0.3046 0.3295 0.1743 0.1916 
     H169621  2 0.3178 0.2730 0.1660 0.2431 
     H169622  2 0.2371 0.3044 0.1835 0.2749 
     H169750  2 0.1991 0.2829 0.3334 0.1846 
     H171806  2 0.2770 0.2424 0.2571 0.2235 
     H171808  2 0.2329 0.2693 0.2105 0.2872 
     H171809  2 0.2423 0.2028 0.2273 0.3276 
     H171813  2 0.2409 0.2780 0.2407 0.2404 
     H171815  2 0.1682 0.2182 0.4329 0.1807 
     H171824  2 0.2581 0.1643 0.2918 0.2858 
     H171825  2 0.2310 0.2643 0.2004 0.3042 
     H171826  2 0.2548 0.2048 0.2722 0.2682 
     H171827  2 0.2705 0.2223 0.2474 0.2598 
     H171828  2 0.2031 0.1449 0.4088 0.2432 
     H171829  2 0.2158 0.3170 0.2595 0.2077 
     H171830  2 0.3103 0.2121 0.2536 0.2240 
     H171831  2 0.2471 0.3558 0.1591 0.2380 
     H171832  2 0.2250 0.3177 0.2174 0.2400 
     H171863  2 0.2455 0.3949 0.1532 0.2064 
     H171864  2 0.3277 0.2071 0.2147 0.2504 
     H171865  2 0.2011 0.2157 0.4008 0.1824 
     H171879  2 0.2938 0.2559 0.2347 0.2156 
     H171880  2 0.3659 0.2030 0.2031 0.2280 
     H171881  2 0.2603 0.2369 0.2037 0.2991 
     H171882  2 0.1786 0.1736 0.4364 0.2114 
     H171929  2 0.2760 0.2461 0.2107 0.2672 
     H171930  2 0.2950 0.3120 0.1687 0.2242 
     H171933  2 0.2802 0.2426 0.2203 0.2570 
     H171934  2 0.2975 0.2114 0.1846 0.3065 
     H171937  2 0.2384 0.3716 0.1967 0.1934 
     H171962  2 0.2464 0.2571 0.1954 0.3011 
        H190  2 0.2540 0.2711 0.2057 0.2692 
        H191  2 0.2596 0.2643 0.2354 0.2408 
        H396  2 0.2318 0.2160 0.2203 0.3318 
        H397  2 0.2787 0.2645 0.1997 0.2571 
        H398  2 0.1945 0.2980 0.2599 0.2476 
        H400  2 0.2525 0.2277 0.2111 0.3086 
        H401  2 0.3630 0.2793 0.1336 0.2241 
        H402  2 0.3167 0.2356 0.1880 0.2597 
        H427  2 0.2556 0.2082 0.1967 0.3395 
        H428  2 0.2727 0.2887 0.1200 0.3186 
        H497  2 0.2310 0.2180 0.3452 0.2058 
        H512  2 0.3114 0.2262 0.2248 0.2375 
        H513  2 0.2596 0.2273 0.3073 0.2058 
        H514  2 0.2099 0.3391 0.2358 0.2152 
        H519  2 0.2712 0.2193 0.2911 0.2185 
        H532  2 0.2723 0.2175 0.1711 0.3390 
        H543  2 0.3118 0.2263 0.1762 0.2858 
        H544  2 0.1734 0.3844 0.2463 0.1959 
        H545  2 0.2511 0.3443 0.1575 0.2471 
        H546  2 0.1913 0.2527 0.3469 0.2092 
        H547  2 0.2977 0.3397 0.1695 0.1931 
        H548  2 0.2859 0.2220 0.1978 0.2943 
        H549  2 0.2595 0.2519 0.2774 0.2111 
        H620  2 0.1713 0.1666 0.4511 0.2111 
        H623  2 0.2391 0.3508 0.1867 0.2233 
        H624  2 0.1718 0.2878 0.3373 0.2031 
        H625  2 0.2631 0.2306 0.1987 0.3076 
        H626  2 0.2629 0.2253 0.2554 0.2564 
        H654  2 0.1447 0.1620 0.5246 0.1687 
        H655  2 0.2281 0.2168 0.3072 0.2479 
        H656  2 0.1653 0.1786 0.3937 0.2624 
        H666  2 0.1831 0.2041 0.4332 0.1796 
        H667  2 0.2736 0.2133 0.2054 0.3076 
        H677  2 0.2734 0.2434 0.1920 0.2912 
        H693  2 0.2157 0.1698 0.2887 0.3257 
        H694  2 0.2520 0.3060 0.1967 0.2453 
        H701  2 0.3170 0.2336 0.1942 0.2552 
        H702  2 0.2705 0.2105 0.2806 0.2384 
        H731  2 0.2352 0.1960 0.2783 0.2905 
       H7359  2 0.2675 0.2509 0.2346 0.2471 
       H7389  2 0.2774 0.2489 0.2313 0.2424 
       H7390  2 0.2020 0.1907 0.4098 0.1974 
       H7391  2 0.3262 0.1676 0.1680 0.3382 
       H7392  2 0.2110 0.2892 0.2551 0.2447 
       H7393  2 0.2442 0.2123 0.3133 0.2301 
       H7398  2 0.3130 0.1987 0.2029 0.2853 
       H7399  2 0.2786 0.2776 0.1653 0.2785 
       H7400  2 0.1499 0.1697 0.4646 0.2159 
        H745  2 0.2135 0.4200 0.1717 0.1949 
        H746  2 0.2631 0.2736 0.1702 0.2931 
        H747  2 0.2324 0.1969 0.3591 0.2116 
        H748  2 0.2698 0.2357 0.2489 0.2456 
       H7484  2 0.2039 0.1897 0.3860 0.2203 
       H7485  2 0.2360 0.2828 0.2588 0.2224 
        H749  2 0.2464 0.2611 0.1865 0.3060 
        H930  2 0.3193 0.2710 0.1766 0.2331 
        H931  2 0.2670 0.2479 0.2224 0.2627 
        H932  2 0.2889 0.2509 0.2476 0.2125 
        H111  3 0.2690 0.3354 0.1776 0.2180 
        H951  3 0.2928 0.2738 0.1812 0.2522 
        H952  3 0.2610 0.2952 0.2352 0.2086 
        H953  3 0.3006 0.2165 0.1649 0.3180 
        H954  3 0.2158 0.1836 0.4014 0.1993 
        H955  3 0.2761 0.3069 0.1840 0.2330 
        H956  3 0.3041 0.2160 0.2548 0.2251 
       H9563  3 0.2826 0.1871 0.2617 0.2686 
        H002  4 0.1860 0.2641 0.3362 0.2137 
        H003  4 0.2610 0.2650 0.1635 0.3105 
        H009  4 0.2193 0.3473 0.2223 0.2111 
        H010  4 0.2787 0.2313 0.2107 0.2794 
        H011  4 0.1902 0.1705 0.3738 0.2655 
        H012  4 0.2952 0.2215 0.1750 0.3082 
        H013  4 0.2312 0.2004 0.2597 0.3087 
        H014  4 0.2387 0.2827 0.2393 0.2393 
        H045  4 0.2655 0.2013 0.2627 0.2704 
        H046  4 0.2427 0.3236 0.1577 0.2761 
        H051  4 0.2403 0.1820 0.2901 0.2877 
        H052  4 0.1798 0.2783 0.3096 0.2323 
        H053  4 0.2464 0.2252 0.2895 0.2388 
        H056  4 0.2028 0.2237 0.3453 0.2282 
        H076  4 0.2552 0.3078 0.1698 0.2672 
        H151  4 0.1934 0.2012 0.4306 0.1748 
        H152  4 0.1906 0.2672 0.3185 0.2237 
     H171803  4 0.2422 0.1952 0.3295 0.2331 
     H171804  4 0.2544 0.2029 0.2979 0.2448 
     H171833  4 0.2156 0.3943 0.1931 0.1971 
     H171855  4 0.1718 0.2203 0.4289 0.1790 
     H171856  4 0.2916 0.2194 0.2576 0.2313 
     H171857  4 0.2175 0.2376 0.3483 0.1966 
     H171858  4 0.2428 0.2828 0.2154 0.2589 
     H171859  4 0.2347 0.2514 0.2670 0.2469 
     H171961  4 0.2140 0.2095 0.3017 0.2749 
        H198  4 0.2526 0.3171 0.1488 0.2814 
      H20001  4 0.2231 0.3605 0.2166 0.1997 
        H403  4 0.2295 0.2536 0.2927 0.2242 
        H404  4 0.2694 0.2464 0.1713 0.3129 
        H405  4 0.2956 0.2625 0.1689 0.2729 
        H406  4 0.2491 0.3336 0.2421 0.1752 
        H407  4 0.2813 0.2201 0.2454 0.2532 
        H410  4 0.3499 0.2550 0.1548 0.2404 
        H411  4 0.2580 0.3299 0.1940 0.2180 
        H468  4 0.2224 0.3045 0.2891 0.1840 
        H476  4 0.2402 0.2427 0.3034 0.2138 
        H477  4 0.2235 0.3940 0.1679 0.2146 
        H478  4 0.2652 0.2346 0.1998 0.3004 
        H479  4 0.2318 0.2157 0.2721 0.2804 
        H480  4 0.2814 0.3147 0.1735 0.2304 
        H498  4 0.2264 0.2831 0.2231 0.2675 
        H499  4 0.2392 0.2559 0.2351 0.2698 
        H500  4 0.2229 0.1742 0.3861 0.2169 
        H515  4 0.2567 0.2064 0.2945 0.2424 
        H516  4 0.2698 0.2617 0.2656 0.2028 
        H517  4 0.3084 0.2593 0.2237 0.2085 
        H518  4 0.1972 0.2865 0.3117 0.2046 
        H520  4 0.2263 0.2407 0.3428 0.1902 
        H521  4 0.2728 0.2476 0.2078 0.2719 
        H522  4 0.2442 0.2236 0.2991 0.2331 
        H523  4 0.2791 0.2347 0.2646 0.2216 
        H536  4 0.2355 0.2689 0.1956 0.2999 
        H645  4 0.2482 0.1812 0.2343 0.3362 
        H646  4 0.3222 0.3016 0.1596 0.2166 
        H647  4 0.2422 0.2864 0.2414 0.2300 
        H657  4 0.3027 0.2773 0.1807 0.2393 
        H658  4 0.2706 0.2186 0.2646 0.2462 
        H659  4 0.1891 0.1529 0.4869 0.1711 
        H660  4 0.2379 0.2330 0.2923 0.2368 
        H661  4 0.1977 0.2152 0.3773 0.2098 
        H668  4 0.2990 0.2211 0.1676 0.3123 
        H669  4 0.2733 0.2105 0.2454 0.2708 
        H670  4 0.2486 0.1634 0.2105 0.3776 
        H678  4 0.2695 0.2195 0.2634 0.2476 
        H679  4 0.3330 0.2431 0.1813 0.2425 
        H680  4 0.2255 0.3076 0.2646 0.2024 
        H681  4 0.2333 0.2156 0.2729 0.2782 
        H682  4 0.3352 0.2094 0.2051 0.2503 
        H683  4 0.1968 0.2820 0.3513 0.1699 
        H718  4 0.1957 0.2208 0.3664 0.2170 
        H719  4 0.2439 0.2064 0.2641 0.2856 
        H720  4 0.2050 0.2695 0.2865 0.2390 
        H721  4 0.2057 0.2889 0.2709 0.2346 
        H722  4 0.1662 0.3375 0.3186 0.1776 
        H723  4 0.2475 0.1708 0.3358 0.2459 
        H724  4 0.1966 0.1802 0.4258 0.1974 
        H725  4 0.1825 0.2062 0.4267 0.1846 
        H726  4 0.2168 0.2222 0.3395 0.2216 
        H727  4 0.2606 0.1853 0.2882 0.2659 
        H910  4 0.2821 0.1849 0.2699 0.2630 
        H911  4 0.3078 0.2705 0.1989 0.2228 
        H912  4 0.2249 0.2846 0.2859 0.2045 
        H913  4 0.2460 0.2104 0.3077 0.2359 
        H914  4 0.2525 0.1539 0.3019 0.2917 
        H915  4 0.2754 0.2166 0.2757 0.2323 
        H916  4 0.2716 0.2741 0.2410 0.2134 
       H9572  4 0.2228 0.2314 0.3155 0.2304 
        H015  5 0.2396 0.3156 0.2033 0.2414 
        H016  5 0.2256 0.3754 0.1747 0.2243 
        H017  5 0.2399 0.2773 0.2700 0.2128 
        H019  5 0.2200 0.3037 0.2307 0.2455 
        H020  5 0.2309 0.2424 0.2550 0.2717 
        H032  5 0.2643 0.2496 0.2730 0.2131 
        H033  5 0.2817 0.2346 0.1960 0.2877 
        H034  5 0.2487 0.1799 0.2939 0.2775 
        H035  5 0.2543 0.2597 0.2550 0.2310 
        H036  5 0.2875 0.2649 0.2028 0.2448 
        H037  5 0.2370 0.1901 0.2961 0.2768 
        H048  5 0.2049 0.1943 0.3600 0.2408 
        H049  5 0.2012 0.3486 0.2426 0.2076 
        H054  5 0.2685 0.2559 0.2357 0.2399 
        H055  5 0.2241 0.2233 0.2689 0.2836 
        H057  5 0.1883 0.3762 0.2403 0.1953 
        H060  5 0.2066 0.2433 0.2538 0.2963 
        H061  5 0.2628 0.2379 0.1962 0.3031 
        H064  5 0.2065 0.2419 0.3070 0.2446 
        H070  5 0.2766 0.1867 0.2438 0.2929 
        H077  5 0.2025 0.2085 0.3683 0.2207 
        H078  5 0.2167 0.2425 0.3671 0.1737 
        H079  5 0.3124 0.2253 0.1610 0.3013 
        H097  5 0.1959 0.3339 0.2827 0.1875 
        H107  5 0.1876 0.1560 0.4139 0.2425 
        H122  5 0.2379 0.2934 0.2336 0.2351 
        H123  5 0.3194 0.2799 0.1753 0.2254 
        H124  5 0.2927 0.2718 0.1847 0.2507 
        H131  5 0.3135 0.2532 0.1823 0.2510 
        H132  5 0.2528 0.2192 0.2598 0.2682 
        H141  5 0.2479 0.2037 0.2956 0.2527 
        H142  5 0.2676 0.2480 0.1697 0.3146 
        H157  5 0.2234 0.1987 0.3393 0.2386 
        H158  5 0.2444 0.3891 0.1852 0.1813 
        H159  5 0.2559 0.2753 0.1949 0.2739 
        H160  5 0.2523 0.2683 0.2583 0.2211 
        H163  5 0.2833 0.2631 0.2016 0.2519 
        H164  5 0.2503 0.2715 0.2189 0.2594 
        H165  5 0.3068 0.2297 0.1607 0.3028 
        H166  5 0.2278 0.3083 0.1982 0.2657 
        H169  5 0.2434 0.2480 0.2253 0.2834 
     H169613  5 0.2344 0.2543 0.2364 0.2749 
     H169653  5 0.2655 0.2916 0.1825 0.2604 
     H169728  5 0.2793 0.2596 0.2280 0.2331 
     H169742  5 0.2289 0.1942 0.2136 0.3632 
        H170  5 0.1799 0.3761 0.2270 0.2170 
        H171  5 0.2007 0.3915 0.2132 0.1946 
     H171851  5 0.2211 0.3107 0.2284 0.2398 
     H171852  5 0.1861 0.2632 0.3411 0.2096 
     H171853  5 0.2625 0.2009 0.2975 0.2391 
     H171854  5 0.2461 0.2758 0.2571 0.2209 
     H171938  5 0.2830 0.1895 0.2046 0.3228 
     H171939  5 0.2205 0.3354 0.1926 0.2515 
     H171941  5 0.1983 0.1909 0.3216 0.2892 
     H171965  5 0.2357 0.2988 0.1739 0.2915 
     H171970  5 0.1866 0.1700 0.3993 0.2441 
     H171973  5 0.2830 0.2314 0.1684 0.3172 
     H171974  5 0.2591 0.2101 0.2392 0.2915 
     H171975  5 0.2312 0.2174 0.2726 0.2788 
     H171976  5 0.1863 0.3672 0.2604 0.1861 
        H175  5 0.2286 0.2020 0.3125 0.2569 
        H178  5 0.2146 0.2368 0.2482 0.3004 
        H189  5 0.2812 0.3285 0.1547 0.2355 
        H399  5 0.2009 0.3796 0.2501 0.1695 
        H416  5 0.2353 0.2071 0.2483 0.3093 
        H438  5 0.3014 0.1928 0.2272 0.2786 
        H450  5 0.2013 0.1899 0.3230 0.2858 
        H455  5 0.2044 0.1691 0.3504 0.2761 
        H456  5 0.2529 0.2081 0.2373 0.3017 
        H457  5 0.1777 0.2722 0.3354 0.2146 
        H458  5 0.2425 0.2132 0.2882 0.2561 
        H459  5 0.2803 0.2900 0.1739 0.2558 
        H460  5 0.2645 0.2213 0.2728 0.2414 
        H461  5 0.2196 0.3506 0.2281 0.2017 
        H462  5 0.3217 0.2298 0.1769 0.2716 
        H469  5 0.3153 0.2328 0.1799 0.2720 
        H470  5 0.2513 0.2218 0.3016 0.2253 
        H471  5 0.2596 0.3747 0.1703 0.1954 
        H481  5 0.1938 0.1812 0.4025 0.2224 
        H482  5 0.2196 0.2246 0.3124 0.2434 
        H501  5 0.2410 0.2360 0.2730 0.2501 
        H502  5 0.2551 0.3420 0.1718 0.2311 
        H503  5 0.2781 0.2881 0.1925 0.2413 
        H509  5 0.2359 0.1944 0.3438 0.2260 
        H510  5 0.2284 0.2794 0.2134 0.2788 
        H511  5 0.2494 0.2966 0.1990 0.2550 
        H530  5 0.2491 0.1913 0.2845 0.2751 
        H531  5 0.1831 0.2271 0.3903 0.1995 
        H564  5 0.1981 0.2431 0.3064 0.2524 
        H565  5 0.1720 0.1958 0.3908 0.2414 
        H567  5 0.3151 0.2907 0.1489 0.2453 
     H568???  5 0.2314 0.3591 0.1845 0.2250 
        H608  5 0.2228 0.1881 0.3182 0.2708 
        H609  5 0.2592 0.2092 0.2052 0.3264 
        H612  5 0.2145 0.1517 0.3734 0.2605 
        H614  5 0.1733 0.2122 0.4195 0.1950 
        H615  5 0.1897 0.2499 0.3506 0.2099 
        H616  5 0.2024 0.1494 0.3878 0.2603 
        H617  5 0.3052 0.2436 0.1658 0.2853 
        H618  5 0.2202 0.2013 0.3530 0.2255 
        H619  5 0.2329 0.2035 0.1727 0.3910 
        H635  5 0.2562 0.2541 0.2242 0.2655 
        H636  5 0.2863 0.1768 0.1711 0.3657 
        H637  5 0.2035 0.2363 0.2592 0.3011 
        H644  5 0.2261 0.4477 0.1324 0.1938 
        H711  5 0.1849 0.3730 0.2295 0.2126 
        H712  5 0.2300 0.1821 0.2459 0.3421 
       H7360  5 0.2007 0.2807 0.2729 0.2457 
       H7361  5 0.2152 0.2178 0.3187 0.2483 
       H7362  5 0.2538 0.3970 0.1430 0.2062 
       H7363  5 0.2490 0.2533 0.2685 0.2292 
       H7394  5 0.2929 0.2712 0.1849 0.2510 
       H7395  5 0.2438 0.2221 0.2178 0.3162 
       H7396  5 0.2571 0.2203 0.2404 0.2823 
        H742  5 0.2271 0.1984 0.2210 0.3536 
        H743  5 0.2126 0.2625 0.2610 0.2639 
        H744  5 0.2374 0.1714 0.3630 0.2282 
        H957  5 0.2205 0.2996 0.2577 0.2222 
        H958  5 0.3003 0.2340 0.2041 0.2616 
        H959  5 0.2006 0.1772 0.3476 0.2746 
        H960  5 0.2812 0.2203 0.2280 0.2705 
      H_PALI  6 0.2399 0.2637 0.2426 0.2538 
        H581  6 0.2201 0.2454 0.3274 0.2070 
        H582  6 0.1651 0.2093 0.4390 0.1866 
        H583  6 0.2292 0.2462 0.2823 0.2422 
        H595  6 0.3266 0.2646 0.1659 0.2428 
        H596  6 0.3438 0.2653 0.1540 0.2368 
        H597  6 0.2830 0.3227 0.1520 0.2423 
        H598  6 0.2766 0.2161 0.2361 0.2711 
        H599  6 0.2020 0.2067 0.3078 0.2835 
        H642  6 0.2714 0.3000 0.2279 0.2007 
        H643  6 0.2990 0.2175 0.2301 0.2534 
        H664  6 0.1933 0.2342 0.4050 0.1675 
        H665  6 0.2641 0.1948 0.2068 0.3343 
        H674  6 0.2383 0.3942 0.1530 0.2145 
        H675  6 0.2289 0.2558 0.2936 0.2217 
        H676  6 0.2827 0.2819 0.2018 0.2337 
        H686  6 0.2228 0.2654 0.2410 0.2708 
        H687  6 0.2581 0.2658 0.2427 0.2335 
        H917  6 0.3317 0.2257 0.1486 0.2940 
        H918  6 0.2405 0.2295 0.1808 0.3492 
        H919  6 0.2339 0.1605 0.3351 0.2705 
        H920  6 0.2249 0.2405 0.3235 0.2112 
        H631  7 0.2142 0.2315 0.2869 0.2674 
        H684  7 0.2081 0.3965 0.1691 0.2263 
        H685  7 0.2470 0.1855 0.3980 0.1695 
        H713  7 0.2292 0.1773 0.3946 0.1989 
        H715  7 0.2323 0.3456 0.1846 0.2375 
        H716  7 0.2082 0.2372 0.2311 0.3235 
        H717  7 0.2294 0.2506 0.2764 0.2437 
        H729  7 0.3413 0.2301 0.1511 0.2775 
        H730  7 0.3021 0.1866 0.2277 0.2836 
        H431  8 0.2526 0.2121 0.3158 0.2195 
        H432  8 0.2389 0.3770 0.1453 0.2389 
        H433  8 0.3158 0.2240 0.1879 0.2723 
        H434  8 0.2955 0.2381 0.1951 0.2713 
        H444  8 0.2535 0.2169 0.1959 0.3337 
        H454  8 0.1918 0.1792 0.3838 0.2452 
        H475  8 0.1976 0.1825 0.4006 0.2193 
        H491  8 0.2081 0.2249 0.2885 0.2785 
        H492  8 0.2294 0.2013 0.3565 0.2127 
        H493  8 0.2313 0.3002 0.2468 0.2216 
        H494  8 0.2526 0.2244 0.2612 0.2618 
        H495  8 0.1742 0.2435 0.3890 0.1932 
        H662  8 0.2077 0.3015 0.2663 0.2245 
        H663  8 0.2705 0.2378 0.2372 0.2545 
        H695  8 0.2694 0.2234 0.2527 0.2545 
       H7367  8 0.3702 0.2425 0.1630 0.2243 
       H7368  8 0.2538 0.3212 0.1960 0.2291 
       H7369  8 0.2480 0.1963 0.2270 0.3286 
       H7370  8 0.3569 0.2299 0.1621 0.2511 
       H7371  8 0.3000 0.2152 0.2237 0.2611 
        H600  9 0.2352 0.2100 0.2919 0.2629 
        H648  9 0.2353 0.2879 0.2605 0.2163 
        H696  9 0.2590 0.3621 0.1769 0.2019 
        H697  9 0.2779 0.2286 0.2168 0.2768 
        H698  9 0.3171 0.2676 0.1982 0.2171 
        H699  9 0.2586 0.2496 0.2469 0.2448 
        H700  9 0.2583 0.1828 0.2649 0.2940 
        H732  9 0.1842 0.2232 0.4045 0.1881 
        H733  9 0.3476 0.2191 0.1799 0.2533 
        H734  9 0.2631 0.3065 0.1816 0.2488 
        H735  9 0.3136 0.2404 0.2242 0.2218 
        H736  9 0.2336 0.2437 0.2630 0.2598 
        H737  9 0.2645 0.2205 0.2586 0.2563 
        H905  9 0.2377 0.1859 0.2811 0.2952 
        H921  9 0.2712 0.1851 0.2835 0.2602 
        H922  9 0.3032 0.2509 0.1703 0.2756 
     H169705 10 0.3684 0.2066 0.2029 0.2220 
     H171942 10 0.2344 0.3656 0.1556 0.2444 
     H171943 10 0.2704 0.2579 0.2139 0.2578 
     H171944 10 0.2960 0.2009 0.2426 0.2605 
     H171946 10 0.2001 0.2411 0.3728 0.1860 
     H171947 10 0.2508 0.2787 0.2283 0.2422 
     H229641 10 0.2597 0.2408 0.2767 0.2228 
      H30001 10 0.2802 0.2154 0.2531 0.2513 
      H30002 10 0.2438 0.2290 0.2126 0.3147 
      H30005 10 0.3459 0.2337 0.1998 0.2206 
      H30006 10 0.2955 0.3215 0.1830 0.2000 
      H30007 10 0.1815 0.4159 0.1638 0.2387 
        H451 10 0.2756 0.2828 0.1690 0.2725 
        H452 10 0.3083 0.2703 0.2257 0.1958 
        H453 10 0.1686 0.2277 0.3807 0.2230 
        H473 10 0.1973 0.2441 0.2672 0.2915 
        H474 10 0.1800 0.1927 0.4559 0.1715 
        H486 10 0.2546 0.2242 0.3047 0.2165 
        H487 10 0.2599 0.2240 0.2851 0.2310 
        H488 10 0.2608 0.1991 0.2265 0.3136 
        H489 10 0.2230 0.1887 0.3802 0.2082 
        H550 10 0.2235 0.3471 0.2075 0.2219 
        H551 10 0.3076 0.1977 0.2577 0.2369 
        H553 10 0.2441 0.2342 0.3399 0.1817 
        H554 10 0.2479 0.2990 0.2062 0.2469 
        H556 10 0.2288 0.2995 0.2604 0.2113 
        H580 10 0.3177 0.2375 0.1873 0.2576 
        H591 10 0.1905 0.1682 0.4337 0.2077 
        H592 10 0.2564 0.2188 0.3014 0.2234 
        H593 10 0.2506 0.2705 0.2351 0.2438 
        H594 10 0.2697 0.3477 0.1462 0.2364 
        H627 10 0.2422 0.2610 0.2835 0.2133 
        H628 10 0.2779 0.2617 0.1328 0.3276 
        H629 10 0.2141 0.2968 0.2885 0.2006 
        H630 10 0.2750 0.2387 0.2794 0.2070 
        H638 10 0.3245 0.2217 0.2287 0.2251 
        H639 10 0.1956 0.2399 0.3793 0.1852 
        H640 10 0.2829 0.2765 0.2038 0.2368 
        H704 10 0.2463 0.3495 0.1724 0.2319 
        H705 10 0.3642 0.2061 0.2001 0.2296 
        H706 10 0.2720 0.1712 0.2749 0.2818 
        H708 10 0.2044 0.1737 0.4312 0.1908 
       H7351 10 0.2155 0.2936 0.2365 0.2545 
       H7352 10 0.2381 0.2481 0.2749 0.2390 
       H7353 10 0.2182 0.4084 0.1736 0.1999 
       H7354 10 0.2176 0.2089 0.2467 0.3268 
       H7365 10 0.2207 0.1783 0.3857 0.2153 
       H7383 10 0.2564 0.1824 0.2663 0.2949 
       H7384 10 0.2686 0.2284 0.2465 0.2565 
       H7385 10 0.2620 0.1722 0.2800 0.2857 
       H7386 10 0.2778 0.2435 0.2062 0.2726 
       H7387 10 0.2559 0.2570 0.2065 0.2806 
       H7388 10 0.3146 0.2369 0.2227 0.2258 
        H906 10 0.1785 0.2831 0.2941 0.2442 
        H907 10 0.2845 0.2924 0.1855 0.2376 
        H908 10 0.2884 0.2177 0.2442 0.2497 
        H909 10 0.2306 0.2083 0.1978 0.3634 
       H9552 10 0.2452 0.2844 0.2325 0.2379 
       H9553 10 0.2820 0.2502 0.2656 0.2022 
       H9555 10 0.3210 0.2131 0.1873 0.2786 
       H9575 10 0.1937 0.2367 0.3638 0.2057 
       H9703 10 0.2179 0.1986 0.3836 0.1999 
       H9707 10 0.2325 0.2149 0.3430 0.2097 
       HSAA4 10 0.3135 0.2441 0.1886 0.2539 
        H001 11 0.2340 0.2275 0.2455 0.2930 
        H004 11 0.2413 0.2450 0.2321 0.2816 
        H005 11 0.1923 0.1647 0.3678 0.2751 
        H006 11 0.2864 0.2040 0.2204 0.2891 
        H007 11 0.2203 0.1724 0.2985 0.3088 
        H031 11 0.2183 0.1519 0.4261 0.2038 
        H074 11 0.2020 0.2078 0.3945 0.1957 
        H075 11 0.2172 0.1654 0.3193 0.2982 
        H080 11 0.2486 0.1958 0.3365 0.2191 
        H086 11 0.3064 0.2439 0.2299 0.2199 
        H092 11 0.2692 0.2052 0.2806 0.2450 
        H093 11 0.2267 0.3660 0.1628 0.2445 
        H094 11 0.3028 0.2481 0.2302 0.2189 
        H095 11 0.2196 0.2209 0.3059 0.2536 
        H096 11 0.2275 0.1979 0.2626 0.3120 
        H099 11 0.2474 0.2125 0.2872 0.2529 
        H100 11 0.2581 0.2875 0.1443 0.3100 
        H127 11 0.2628 0.2264 0.2948 0.2161 
        H136 11 0.1973 0.1911 0.4087 0.2028 
        H153 11 0.2441 0.2740 0.2412 0.2407 
        H154 11 0.2096 0.1944 0.4029 0.1931 
        H155 11 0.3027 0.2283 0.1472 0.3218 
        H156 11 0.3133 0.2572 0.1277 0.3018 
        H161 11 0.2108 0.3054 0.2296 0.2542 
        H162 11 0.3185 0.2759 0.1698 0.2358 
        H167 11 0.2729 0.2499 0.1916 0.2856 
        H168 11 0.2775 0.2532 0.2164 0.2529 
     H169586 11 0.1654 0.3229 0.3313 0.1804 
     H169738 11 0.3307 0.2116 0.1605 0.2972 
     H169741 11 0.2022 0.2099 0.3767 0.2112 
     H171801 11 0.2270 0.3428 0.1881 0.2421 
     H171810 11 0.2164 0.2070 0.3520 0.2246 
     H171811 11 0.2033 0.2043 0.3978 0.1947 
     H171812 11 0.2118 0.1855 0.2231 0.3796 
     H171820 11 0.2024 0.2036 0.3790 0.2150 
     H171821 11 0.2863 0.2378 0.1989 0.2770 
     H171822 11 0.3001 0.2343 0.2157 0.2500 
     H171823 11 0.1462 0.2676 0.4010 0.1853 
     H171866 11 0.2676 0.3218 0.1716 0.2390 
     H171867 11 0.3364 0.2088 0.1647 0.2901 
     H171967 11 0.2302 0.1886 0.3413 0.2399 
     H171969 11 0.2367 0.2487 0.2387 0.2759 
        H172 11 0.2568 0.2303 0.2125 0.3003 
        H173 11 0.3032 0.1973 0.2208 0.2786 
        H174 11 0.2758 0.3333 0.1717 0.2192 
        H196 11 0.3527 0.2280 0.1733 0.2459 
        H197 11 0.2978 0.2387 0.1946 0.2689 
        H346 11 0.2357 0.1944 0.2378 0.3320 
        H355 11 0.2292 0.2240 0.2624 0.2843 
        H356 11 0.2439 0.2246 0.2747 0.2567 
        H357 11 0.2412 0.1943 0.3281 0.2364 
        H358 11 0.2789 0.1690 0.1886 0.3634 
        H359 11 0.2549 0.2439 0.2583 0.2429 
        H360 11 0.2805 0.2176 0.2363 0.2655 
        H361 11 0.2687 0.2295 0.1988 0.3030 
        H362 11 0.3425 0.2574 0.1535 0.2465 
        H363 11 0.2200 0.1810 0.3416 0.2574 
        H364 11 0.2030 0.2719 0.2410 0.2840 
        H365 11 0.2439 0.2596 0.2051 0.2914 
        H366 11 0.2828 0.2592 0.1777 0.2804 
        H367 11 0.2046 0.1969 0.4119 0.1866 
        H368 11 0.2293 0.3182 0.2309 0.2216 
        H369 11 0.2310 0.1506 0.3848 0.2337 
        H370 11 0.2798 0.2672 0.1905 0.2625 
        H371 11 0.2954 0.2197 0.2631 0.2218 
        H372 11 0.2728 0.2391 0.2059 0.2821 
        H373 11 0.2636 0.2323 0.2364 0.2677 
        H374 11 0.2342 0.2010 0.2502 0.3146 
        H375 11 0.2401 0.2078 0.2585 0.2937 
        H376 11 0.2276 0.3033 0.1968 0.2723 
        H377 11 0.2562 0.2082 0.2790 0.2566 
        H378 11 0.2471 0.2551 0.2658 0.2320 
        H379 11 0.2776 0.2488 0.2361 0.2375 
        H380 11 0.2841 0.2421 0.1641 0.3097 
        H381 11 0.1792 0.2410 0.3802 0.1997 
        H382 11 0.3145 0.3062 0.1380 0.2413 
        H383 11 0.2386 0.3218 0.1516 0.2880 
        H384 11 0.2171 0.2182 0.3100 0.2547 
        H385 11 0.2506 0.2102 0.3110 0.2283 
        H386 11 0.3026 0.1878 0.1678 0.3418 
        H387 11 0.1723 0.3875 0.2348 0.2054 
        H388 11 0.3033 0.2625 0.1501 0.2841 
        H389 11 0.2829 0.1967 0.2292 0.2911 
        H390 11 0.2793 0.2406 0.2087 0.2714 
        H391 11 0.2531 0.2967 0.2034 0.2469 
        H392 11 0.2317 0.1637 0.2794 0.3252 
        H393 11 0.2047 0.3447 0.1690 0.2816 
        H394 11 0.2027 0.4016 0.2071 0.1886 
        H395 11 0.2274 0.1846 0.3531 0.2348 
        H408 11 0.2353 0.1893 0.2226 0.3528 
        H412 11 0.1594 0.2388 0.4564 0.1454 
        H417 11 0.2255 0.2306 0.3008 0.2432 
        H418 11 0.2315 0.2938 0.2785 0.1962 
        H429 11 0.2467 0.2347 0.1951 0.3235 
        H430 11 0.2910 0.2453 0.1762 0.2875 
        H439 11 0.2882 0.1954 0.2505 0.2659 
        H440 11 0.2027 0.1847 0.3555 0.2572 
        H441 11 0.3159 0.2387 0.2054 0.2400 
        H442 11 0.2757 0.2642 0.1889 0.2712 
        H446 11 0.2557 0.2754 0.2141 0.2548 
        H447 11 0.3140 0.2066 0.1739 0.3055 
        H448 11 0.3126 0.2159 0.1887 0.2827 
        H534 11 0.2049 0.2034 0.3877 0.2039 
        H537 11 0.1853 0.2457 0.3810 0.1880 
        H568 11 0.1878 0.1689 0.4447 0.1986 
        H569 11 0.3506 0.2555 0.1310 0.2629 
        H586 11 0.1641 0.3235 0.3393 0.1731 
        H587 11 0.1970 0.1696 0.4143 0.2191 
        H588 11 0.2202 0.3813 0.1597 0.2388 
        H589 11 0.1877 0.1755 0.3702 0.2666 
        H590 11 0.1957 0.2235 0.3429 0.2380 
        H601 11 0.3104 0.2821 0.1601 0.2474 
        H602 11 0.2764 0.1982 0.2818 0.2436 
        H603 11 0.3103 0.2058 0.1749 0.3089 
        H610 11 0.2969 0.2148 0.2642 0.2241 
        H611 11 0.2388 0.2096 0.3291 0.2226 
        H649 11 0.2313 0.2601 0.2340 0.2746 
        H650 11 0.2938 0.2877 0.1962 0.2223 
        H651 11 0.3078 0.1947 0.1965 0.3010 
        H652 11 0.2406 0.3006 0.2440 0.2149 
       H7364 11 0.2757 0.2359 0.1848 0.3035 
       H7366 11 0.2728 0.2089 0.2354 0.2829 
       H7378 11 0.2476 0.4290 0.1254 0.1980 
       H7379 11 0.2763 0.2500 0.2383 0.2355 
        H739 11 0.2120 0.2159 0.3566 0.2155 
        H740 11 0.2688 0.2971 0.2100 0.2240 
        H741 11 0.2023 0.2074 0.3790 0.2113 
        H926 11 0.2761 0.2890 0.2075 0.2275 
        H927 11 0.3642 0.2175 0.1773 0.2410 
        H928 11 0.2820 0.2407 0.2684 0.2088 
       H9560 11 0.2776 0.2828 0.2145 0.2250 
        H409 12 0.2925 0.2362 0.1787 0.2925 
        H413 12 0.2244 0.3969 0.1717 0.2069 
        H419 12 0.2935 0.2241 0.2069 0.2755 
        H420 12 0.2346 0.2305 0.2986 0.2364 
        H421 12 0.2404 0.3453 0.1525 0.2618 
        H435 12 0.2578 0.3141 0.1612 0.2670 
        H436 12 0.2622 0.1991 0.2274 0.3113 
        H437 12 0.1877 0.2352 0.3640 0.2130 
        H445 12 0.2809 0.2128 0.1681 0.3382 
        H449 12 0.2660 0.3173 0.2067 0.2100 
        H463 12 0.2256 0.2289 0.2878 0.2577 
        H464 12 0.2144 0.3870 0.1724 0.2262 
        H465 12 0.2007 0.3502 0.2728 0.1764 
        H490 12 0.2460 0.3555 0.1713 0.2272 
        H561 12 0.2612 0.2485 0.2567 0.2337 
        H562 12 0.2559 0.1867 0.2075 0.3499 
        H563 12 0.2902 0.1824 0.2637 0.2636 
        H570 12 0.2586 0.1773 0.2951 0.2689 
        H571 12 0.2436 0.2908 0.2729 0.1927 
        H572 12 0.2307 0.2311 0.2990 0.2392 
        H573 12 0.2950 0.2501 0.1650 0.2898 
       H7372 12 0.3168 0.2481 0.1279 0.3072 
       H7373 12 0.1934 0.4187 0.1896 0.1983 
       H7374 12 0.2030 0.2212 0.2818 0.2940 
       H7375 12 0.2340 0.2120 0.3139 0.2401 
       H7376 12 0.3033 0.1969 0.1399 0.3599 
       H7377 12 0.2581 0.2001 0.3383 0.2035 
