        H102  1 0.0899 0.0803 0.2031 0.0989 0.2468 0.1451 0.1359 
        H103  1 0.1723 0.1728 0.1424 0.1654 0.1437 0.1418 0.0616 
        H104  1 0.1860 0.1067 0.1491 0.1155 0.1247 0.1351 0.1829 
        H105  1 0.0844 0.1305 0.1695 0.1191 0.1724 0.1766 0.1475 
        H106  1 0.1653 0.1816 0.1209 0.1343 0.1157 0.1301 0.1521 
        H112  1 0.1111 0.1190 0.1855 0.1123 0.1337 0.1181 0.2203 
        H113  1 0.1125 0.2107 0.1741 0.1025 0.1670 0.1313 0.1020 
        H114  1 0.1017 0.2426 0.1655 0.1107 0.1708 0.1367 0.0720 
        H115  1 0.1121 0.0941 0.2142 0.1008 0.2098 0.1266 0.1424 
        H143  1 0.0782 0.1003 0.1895 0.1519 0.2180 0.1564 0.1056 
        H144  1 0.0837 0.0876 0.1125 0.2835 0.1818 0.1953 0.0557 
        H145  1 0.0928 0.1650 0.1545 0.1914 0.1564 0.1515 0.0884 
        H149  1 0.1874 0.0952 0.1265 0.1093 0.1337 0.1384 0.2094 
        H150  1 0.1110 0.1178 0.1500 0.2237 0.1411 0.1247 0.1318 
     H167542  1 0.0893 0.0857 0.1406 0.0982 0.3071 0.1927 0.0864 
     H169604  1 0.1423 0.0929 0.1517 0.1174 0.2161 0.1837 0.0960 
     H169607  1 0.1340 0.1100 0.1210 0.1912 0.2004 0.1563 0.0870 
     H169608  1 0.0947 0.0864 0.2066 0.1020 0.1215 0.1150 0.2739 
     H169633  1 0.0911 0.1874 0.1638 0.1421 0.1869 0.1571 0.0716 
     H169688  1 0.2304 0.1141 0.1272 0.1968 0.0906 0.1409 0.1000 
     H169714  1 0.1921 0.1261 0.1481 0.1279 0.1349 0.1286 0.1423 
     H171802  1 0.1600 0.1280 0.1425 0.1128 0.0921 0.1374 0.2271 
     H171805  1 0.1457 0.1599 0.1481 0.1578 0.1593 0.1353 0.0939 
     H171807  1 0.1290 0.0987 0.1431 0.1472 0.1133 0.1801 0.1886 
     H171814  1 0.1102 0.1975 0.1644 0.2124 0.1223 0.1158 0.0773 
     H171816  1 0.1541 0.1282 0.1474 0.1305 0.1199 0.1271 0.1928 
     H171817  1 0.1820 0.1371 0.1546 0.1266 0.1209 0.1254 0.1534 
     H171818  1 0.1326 0.1960 0.1384 0.1332 0.1454 0.1549 0.0994 
     H171819  1 0.1358 0.2129 0.1417 0.1170 0.1319 0.1122 0.1485 
     H171834  1 0.0881 0.1239 0.2391 0.1156 0.1710 0.1405 0.1219 
     H171835  1 0.2312 0.0920 0.1571 0.0955 0.1010 0.1069 0.2163 
     H171836  1 0.1188 0.2621 0.1408 0.1501 0.1289 0.1440 0.0552 
     H171837  1 0.1256 0.0965 0.1493 0.1183 0.2100 0.1581 0.1422 
     H171838  1 0.1010 0.3442 0.1194 0.1366 0.0920 0.1206 0.0863 
     H171839  1 0.1818 0.0996 0.1492 0.1030 0.1670 0.1405 0.1588 
     H171841  1 0.1073 0.1003 0.1140 0.0924 0.0599 0.0954 0.4307 
     H171860  1 0.1040 0.1092 0.1888 0.1179 0.1729 0.1684 0.1388 
     H171861  1 0.1118 0.1836 0.1532 0.1499 0.2079 0.1387 0.0549 
     H171862  1 0.1190 0.1420 0.1969 0.1540 0.1599 0.1270 0.1011 
     H171868  1 0.0814 0.1129 0.1821 0.0960 0.2655 0.1712 0.0909 
     H171869  1 0.1374 0.1573 0.1166 0.2570 0.1108 0.1238 0.0970 
     H171870  1 0.2002 0.1041 0.1305 0.1776 0.1073 0.1419 0.1384 
     H171871  1 0.1417 0.1998 0.1387 0.1681 0.1177 0.1495 0.0843 
     H171872  1 0.1695 0.1100 0.1474 0.1149 0.1734 0.1361 0.1487 
     H171873  1 0.1929 0.1140 0.1294 0.1918 0.0998 0.1411 0.1309 
     H171874  1 0.1205 0.0948 0.1634 0.1662 0.1877 0.1689 0.0985 
     H171875  1 0.0794 0.1758 0.1453 0.1603 0.2336 0.1390 0.0665 
     H171876  1 0.1237 0.0943 0.1476 0.1448 0.2136 0.2027 0.0733 
     H171877  1 0.0797 0.0979 0.1372 0.0829 0.3087 0.2193 0.0743 
     H171878  1 0.1779 0.1479 0.1162 0.1924 0.0880 0.1219 0.1558 
     H171901  1 0.2638 0.1211 0.1446 0.1069 0.0814 0.1185 0.1636 
     H171902  1 0.1356 0.0905 0.1243 0.2006 0.1436 0.1247 0.1807 
     H171903  1 0.1422 0.1244 0.1865 0.1366 0.1575 0.1413 0.1114 
     H171935  1 0.1906 0.1710 0.1200 0.1414 0.0697 0.1049 0.2024 
     H171936  1 0.1095 0.1613 0.1708 0.1166 0.2162 0.1493 0.0764 
     H171940  1 0.0838 0.0868 0.1458 0.1132 0.1753 0.2335 0.1616 
     H171945  1 0.1144 0.1242 0.1257 0.2137 0.1240 0.1177 0.1802 
     H171948  1 0.0917 0.1461 0.1987 0.1075 0.1238 0.1292 0.2031 
     H171949  1 0.1540 0.0932 0.1280 0.1104 0.1036 0.1614 0.2493 
     H171950  1 0.2673 0.0777 0.1246 0.0987 0.1000 0.1091 0.2225 
     H171963  1 0.1724 0.2195 0.1284 0.1706 0.1047 0.1302 0.0742 
     H171964  1 0.1029 0.1224 0.1137 0.3171 0.1110 0.1451 0.0878 
     H171966  1 0.1310 0.2070 0.1420 0.1621 0.1077 0.1314 0.1189 
     H171968  1 0.1256 0.0707 0.1255 0.1734 0.1793 0.1386 0.1870 
     H171971  1 0.1601 0.2461 0.1269 0.1446 0.0813 0.1219 0.1190 
     H171972  1 0.1202 0.1497 0.1639 0.1601 0.1459 0.1765 0.0836 
     H171977  1 0.1437 0.1263 0.1237 0.2162 0.1637 0.1512 0.0751 
     H171978  1 0.1565 0.1087 0.1369 0.1690 0.1141 0.1125 0.2024 
     H171979  1 0.1247 0.2173 0.1346 0.1610 0.1167 0.1710 0.0747 
        H176  1 0.0863 0.1558 0.1792 0.1338 0.1625 0.1432 0.1391 
        H177  1 0.1609 0.0960 0.1255 0.1138 0.1211 0.1024 0.2802 
        H179  1 0.1559 0.0994 0.1215 0.0860 0.1956 0.1416 0.2001 
        H181  1 0.0742 0.2315 0.1378 0.1895 0.0976 0.1627 0.1067 
        H182  1 0.1260 0.2005 0.1409 0.1544 0.1919 0.1252 0.0612 
        H183  1 0.1269 0.1640 0.1188 0.1989 0.0850 0.2114 0.0951 
        H184  1 0.0917 0.1415 0.1645 0.1133 0.1265 0.1309 0.2315 
        H185  1 0.0996 0.2261 0.1081 0.1733 0.1490 0.1554 0.0885 
        H186  1 0.1107 0.0758 0.1240 0.2660 0.1576 0.1210 0.1449 
        H187  1 0.2488 0.1521 0.1353 0.1180 0.1068 0.1125 0.1265 
        H188  1 0.0881 0.0896 0.1364 0.0881 0.2370 0.2449 0.1159 
        H192  1 0.1158 0.1383 0.1387 0.1197 0.0964 0.1392 0.2519 
        H193  1 0.1136 0.1468 0.1513 0.1705 0.1950 0.1514 0.0714 
        H194  1 0.1472 0.1339 0.1481 0.1383 0.1454 0.1536 0.1336 
        H195  1 0.1565 0.1063 0.1379 0.2311 0.0961 0.1484 0.1237 
        H199  1 0.1345 0.1229 0.1286 0.2330 0.1152 0.1483 0.1175 
        H200  1 0.1204 0.1112 0.1525 0.1360 0.1352 0.1450 0.1997 
        H414  1 0.2120 0.1250 0.1510 0.1647 0.1243 0.1204 0.1026 
        H415  1 0.1161 0.1827 0.1795 0.1392 0.1697 0.1328 0.0801 
        H422  1 0.1089 0.1200 0.1238 0.2097 0.1406 0.1124 0.1846 
        H423  1 0.1043 0.0855 0.0911 0.0851 0.0681 0.0850 0.4809 
        H424  1 0.1231 0.1760 0.1364 0.2290 0.1200 0.1263 0.0891 
        H425  1 0.1306 0.0936 0.1184 0.3305 0.1299 0.1142 0.0827 
        H426  1 0.1425 0.1213 0.0978 0.3084 0.0951 0.1344 0.1004 
        H443  1 0.0789 0.0522 0.1067 0.3230 0.2044 0.1725 0.0624 
        H466  1 0.1625 0.1073 0.1572 0.1561 0.1214 0.1628 0.1327 
        H467  1 0.1797 0.1019 0.1303 0.1317 0.0939 0.1128 0.2497 
        H472  1 0.1706 0.1133 0.1125 0.1403 0.1282 0.1957 0.1394 
        H483  1 0.0743 0.1382 0.1568 0.1419 0.1800 0.2215 0.0873 
        H504  1 0.1353 0.1614 0.1373 0.2545 0.1089 0.1155 0.0872 
        H505  1 0.1502 0.1018 0.1478 0.1146 0.1498 0.1881 0.1477 
        H506  1 0.0966 0.1435 0.1471 0.1655 0.1533 0.1447 0.1494 
        H507  1 0.1586 0.1997 0.1346 0.1456 0.1520 0.1586 0.0510 
        H508  1 0.2265 0.1513 0.1056 0.1257 0.0857 0.1278 0.1774 
        H524  1 0.1519 0.1397 0.1511 0.1522 0.1743 0.1558 0.0749 
        H525  1 0.1186 0.0872 0.1516 0.1904 0.1682 0.2027 0.0813 
        H526  1 0.0818 0.1049 0.1368 0.1163 0.2567 0.1920 0.1116 
        H527  1 0.1781 0.1057 0.1389 0.1190 0.1369 0.1243 0.1971 
        H528  1 0.0968 0.1876 0.1630 0.1727 0.1749 0.1328 0.0721 
        H529  1 0.1305 0.1566 0.1166 0.2446 0.1618 0.1324 0.0575 
        H533  1 0.1894 0.2571 0.1389 0.1101 0.1252 0.1287 0.0506 
        H538  1 0.1473 0.0880 0.1326 0.1234 0.1758 0.2081 0.1248 
        H539  1 0.2438 0.1521 0.1323 0.1371 0.1046 0.1288 0.1013 
        H540  1 0.1208 0.1643 0.1427 0.1571 0.1506 0.1364 0.1282 
        H541  1 0.1337 0.0959 0.1390 0.1280 0.2424 0.1697 0.0912 
        H558  1 0.1233 0.2256 0.1176 0.1865 0.0820 0.1424 0.1227 
        H559  1 0.0938 0.0883 0.1407 0.1497 0.2282 0.1676 0.1318 
        H579  1 0.0913 0.1286 0.1447 0.1709 0.1881 0.1844 0.0920 
        H584  1 0.1243 0.1383 0.1380 0.2131 0.1415 0.1492 0.0956 
        H585  1 0.1514 0.1845 0.1427 0.1758 0.1131 0.1365 0.0959 
        H605  1 0.1322 0.1123 0.1224 0.1565 0.1356 0.1324 0.2086 
        H606  1 0.1159 0.0741 0.1246 0.1085 0.1662 0.1255 0.2851 
        H632  1 0.1038 0.1332 0.1324 0.2556 0.1504 0.1496 0.0750 
        H634  1 0.1608 0.1207 0.1370 0.1677 0.1663 0.1402 0.1073 
        H671  1 0.1957 0.0890 0.0916 0.1007 0.0996 0.1034 0.3201 
        H672  1 0.1867 0.0883 0.1836 0.1182 0.1424 0.1781 0.1027 
        H673  1 0.0764 0.0832 0.1321 0.2251 0.1889 0.1928 0.1014 
        H689  1 0.0962 0.1090 0.1555 0.1719 0.1956 0.1887 0.0831 
        H690  1 0.1192 0.1093 0.2086 0.1020 0.1802 0.1206 0.1600 
        H691  1 0.1279 0.0758 0.1493 0.1263 0.2498 0.1851 0.0857 
        H692  1 0.0817 0.1774 0.1232 0.2808 0.1227 0.1636 0.0506 
        H709  1 0.1331 0.1205 0.1832 0.1429 0.1753 0.1412 0.1039 
        H710  1 0.0868 0.2014 0.1402 0.1947 0.1602 0.1520 0.0646 
       H7355  1 0.0946 0.2270 0.1334 0.1107 0.2357 0.1315 0.0671 
       H7356  1 0.1329 0.1123 0.1415 0.1861 0.1403 0.1457 0.1413 
       H7357  1 0.1450 0.1307 0.1297 0.1249 0.1840 0.1400 0.1457 
       H7358  1 0.1230 0.0987 0.1106 0.1124 0.2211 0.2485 0.0858 
       H7380  1 0.0911 0.1359 0.1750 0.1545 0.1995 0.1507 0.0933 
       H7381  1 0.1441 0.0930 0.1235 0.2196 0.1044 0.1162 0.1991 
       H7382  1 0.1274 0.1099 0.1503 0.1675 0.1948 0.1498 0.1003 
        H904  1 0.1572 0.0665 0.1314 0.0833 0.1333 0.0935 0.3347 
        H923  1 0.1199 0.1269 0.1433 0.1482 0.1282 0.1495 0.1840 
        H924  1 0.1285 0.0825 0.1355 0.1429 0.1802 0.1690 0.1614 
        H925  1 0.1257 0.0804 0.1190 0.1122 0.2845 0.1982 0.0800 
       H9558  1 0.1276 0.2428 0.1065 0.1975 0.0781 0.1326 0.1150 
        H008  2 0.0828 0.2293 0.1473 0.1349 0.1666 0.1623 0.0767 
        H021  2 0.1741 0.0969 0.1470 0.1200 0.1467 0.1747 0.1406 
        H023  2 0.1716 0.0826 0.1307 0.1012 0.2119 0.1588 0.1433 
        H024  2 0.0792 0.3230 0.1740 0.1389 0.0830 0.1212 0.0808 
        H025  2 0.1066 0.0989 0.1114 0.1644 0.1077 0.1251 0.2860 
        H026  2 0.0902 0.1605 0.1498 0.2728 0.1102 0.1453 0.0713 
        H027  2 0.1432 0.1037 0.1691 0.1265 0.1798 0.2009 0.0768 
        H028  2 0.0989 0.1795 0.1548 0.1662 0.1324 0.1686 0.0995 
        H029  2 0.1382 0.2158 0.1397 0.1384 0.1457 0.1512 0.0709 
        H030  2 0.1067 0.2250 0.1548 0.1897 0.1096 0.1426 0.0716 
        H038  2 0.2604 0.0975 0.1214 0.1164 0.1283 0.1364 0.1396 
        H039  2 0.0917 0.0635 0.0781 0.0597 0.0511 0.0582 0.5977 
        H040  2 0.3094 0.1187 0.1011 0.1094 0.0897 0.0880 0.1838 
        H041  2 0.0911 0.1707 0.1634 0.1021 0.1808 0.1750 0.1168 
        H042  2 0.1284 0.1352 0.1240 0.1345 0.1531 0.1805 0.1442 
        H043  2 0.2176 0.1200 0.1189 0.1007 0.0647 0.0913 0.2869 
        H044  2 0.1227 0.2883 0.1208 0.1586 0.0851 0.1274 0.0971 
        H047  2 0.1213 0.1718 0.1439 0.1432 0.0887 0.1121 0.2190 
        H050  2 0.1587 0.1544 0.1833 0.1522 0.1262 0.1444 0.0809 
        H058  2 0.2146 0.1630 0.1271 0.1336 0.0831 0.1304 0.1483 
        H062  2 0.1007 0.0665 0.0988 0.1113 0.2329 0.2246 0.1653 
        H063  2 0.1740 0.1378 0.1275 0.1002 0.1067 0.1213 0.2325 
        H065  2 0.0974 0.0856 0.1073 0.3187 0.1286 0.1156 0.1469 
        H066  2 0.1603 0.2990 0.1410 0.1336 0.0704 0.0998 0.0958 
        H067  2 0.1183 0.1054 0.1449 0.1634 0.2103 0.1784 0.0794 
        H068  2 0.1990 0.0980 0.1178 0.1194 0.1121 0.1261 0.2276 
        H069  2 0.2334 0.1501 0.1424 0.1496 0.0932 0.1331 0.0982 
        H071  2 0.1451 0.1004 0.1680 0.1250 0.1537 0.1538 0.1540 
        H072  2 0.1103 0.1035 0.1235 0.0943 0.0930 0.1096 0.3658 
        H073  2 0.1531 0.1035 0.1290 0.2118 0.1776 0.1367 0.0883 
        H081  2 0.0931 0.1096 0.1481 0.1082 0.2232 0.1746 0.1431 
        H082  2 0.1209 0.2702 0.1325 0.1578 0.0985 0.1453 0.0749 
        H083  2 0.1133 0.1465 0.1420 0.1728 0.1393 0.1882 0.0980 
        H084  2 0.2278 0.1927 0.1202 0.1325 0.0960 0.1114 0.1194 
        H085  2 0.0866 0.0847 0.1614 0.1024 0.2561 0.2181 0.0907 
        H087  2 0.0764 0.1098 0.1781 0.0932 0.2431 0.1945 0.1049 
        H088  2 0.1488 0.1112 0.1501 0.1156 0.1357 0.1447 0.1939 
        H089  2 0.1476 0.0996 0.1282 0.1291 0.2167 0.1979 0.0809 
        H090  2 0.1101 0.1315 0.1895 0.1361 0.1476 0.1981 0.0870 
        H091  2 0.1196 0.1018 0.1965 0.1004 0.2296 0.1965 0.0557 
        H098  2 0.0958 0.3172 0.1379 0.1107 0.1142 0.1182 0.1060 
      H10001  2 0.1010 0.0617 0.0784 0.0658 0.0594 0.0682 0.5655 
      H10002  2 0.1407 0.0832 0.1821 0.1039 0.1917 0.1235 0.1749 
        H101  2 0.2129 0.1792 0.1741 0.1129 0.1024 0.1469 0.0716 
        H108  2 0.0864 0.0689 0.1233 0.1081 0.1626 0.1853 0.2654 
        H109  2 0.1563 0.2543 0.1377 0.1273 0.0744 0.0943 0.1557 
        H110  2 0.0775 0.1515 0.1746 0.1089 0.2632 0.1444 0.0799 
        H116  2 0.1305 0.1793 0.1395 0.2030 0.1300 0.1285 0.0892 
        H117  2 0.1074 0.2301 0.2040 0.0952 0.1575 0.1369 0.0689 
        H118  2 0.0732 0.1021 0.1973 0.1602 0.2141 0.1913 0.0618 
        H119  2 0.1871 0.1451 0.1516 0.1197 0.1416 0.1074 0.1476 
        H120  2 0.0885 0.0774 0.1201 0.0849 0.1258 0.1553 0.3479 
        H121  2 0.0998 0.0982 0.1846 0.1286 0.1984 0.2252 0.0652 
        H125  2 0.2112 0.0614 0.0701 0.0608 0.0614 0.0662 0.4689 
        H126  2 0.0964 0.1722 0.1188 0.2494 0.0956 0.1142 0.1534 
        H128  2 0.1000 0.1310 0.2170 0.1678 0.1475 0.1937 0.0430 
        H129  2 0.1051 0.1466 0.1152 0.3032 0.1144 0.1479 0.0676 
        H130  2 0.1267 0.0968 0.1248 0.1512 0.0804 0.1139 0.3062 
        H133  2 0.1432 0.0712 0.1027 0.1209 0.0751 0.0966 0.3902 
        H134  2 0.0670 0.1417 0.1030 0.4312 0.0914 0.0990 0.0668 
        H135  2 0.1304 0.1085 0.1500 0.1248 0.1750 0.1460 0.1653 
        H137  2 0.1612 0.2165 0.1620 0.1095 0.1020 0.1251 0.1238 
        H138  2 0.0966 0.1393 0.1835 0.2093 0.1402 0.1438 0.0873 
        H140  2 0.0925 0.1235 0.2012 0.1297 0.1283 0.1748 0.1500 
        H146  2 0.1090 0.0944 0.2524 0.1258 0.1634 0.1674 0.0875 
        H147  2 0.1118 0.1550 0.1648 0.1277 0.2001 0.1509 0.0898 
        H148  2 0.1146 0.1797 0.2038 0.0962 0.1984 0.1304 0.0768 
     H166022  2 0.1345 0.2404 0.1322 0.1343 0.1576 0.1314 0.0696 
     H167359  2 0.1320 0.1566 0.1702 0.1491 0.1127 0.1443 0.1351 
     H167397  2 0.0797 0.3759 0.1474 0.1356 0.1151 0.0988 0.0475 
     H167428  2 0.0545 0.0963 0.1489 0.1080 0.3138 0.2341 0.0444 
     H167496  2 0.1738 0.0839 0.1141 0.0803 0.1151 0.1222 0.3105 
     H167513  2 0.1988 0.3340 0.0983 0.1014 0.0620 0.0979 0.1076 
     H167545  2 0.2028 0.1707 0.1020 0.1686 0.1359 0.1482 0.0718 
     H167547  2 0.1051 0.4512 0.1226 0.1283 0.0609 0.0577 0.0742 
     H169621  2 0.1206 0.1802 0.1668 0.1439 0.1351 0.1739 0.0796 
     H169622  2 0.1607 0.1108 0.1460 0.1719 0.1788 0.1410 0.0908 
     H169750  2 0.2155 0.1201 0.1067 0.1642 0.0821 0.1239 0.1874 
     H171806  2 0.1613 0.1033 0.1584 0.1398 0.1585 0.1320 0.1467 
     H171808  2 0.1633 0.1006 0.1339 0.1539 0.1670 0.1700 0.1113 
     H171809  2 0.1009 0.1350 0.1509 0.1333 0.1854 0.1539 0.1407 
     H171813  2 0.1225 0.1497 0.1562 0.1839 0.1152 0.1391 0.1334 
     H171815  2 0.1795 0.0988 0.1068 0.1211 0.0883 0.0899 0.3156 
     H171824  2 0.1756 0.0836 0.1623 0.0899 0.1826 0.1470 0.1590 
     H171825  2 0.1521 0.0965 0.1419 0.1912 0.1694 0.1596 0.0893 
     H171826  2 0.1234 0.1675 0.1619 0.1207 0.1571 0.1254 0.1440 
     H171827  2 0.1871 0.0972 0.1747 0.1325 0.1853 0.1287 0.0946 
     H171828  2 0.1428 0.0661 0.1011 0.0723 0.1194 0.1207 0.3775 
     H171829  2 0.1908 0.1564 0.1152 0.1898 0.0971 0.0965 0.1541 
     H171830  2 0.1223 0.2608 0.1394 0.1153 0.1021 0.1125 0.1475 
     H171831  2 0.0901 0.2331 0.1289 0.2035 0.1294 0.1472 0.0678 
     H171832  2 0.0955 0.1437 0.1538 0.1821 0.1201 0.1796 0.1252 
     H171863  2 0.1608 0.2101 0.1262 0.2223 0.0964 0.1269 0.0573 
     H171864  2 0.1448 0.2136 0.1427 0.1089 0.1416 0.1319 0.1164 
     H171865  2 0.1539 0.1268 0.1080 0.1138 0.0983 0.0973 0.3018 
     H171879  2 0.1237 0.1843 0.1862 0.1477 0.1223 0.1290 0.1068 
     H171880  2 0.1574 0.2301 0.1791 0.1106 0.1116 0.1351 0.0761 
     H171881  2 0.0939 0.1231 0.1672 0.1373 0.1674 0.2282 0.0829 
     H171882  2 0.1013 0.0714 0.0843 0.0732 0.0787 0.0778 0.5132 
     H171929  2 0.0888 0.1747 0.1467 0.1175 0.1536 0.1982 0.1205 
     H171930  2 0.1680 0.2754 0.1267 0.1488 0.0817 0.1370 0.0624 
     H171933  2 0.1765 0.1510 0.1524 0.1328 0.1317 0.1450 0.1106 
     H171934  2 0.1202 0.1015 0.1743 0.1197 0.2276 0.1666 0.0902 
     H171937  2 0.1052 0.1747 0.1409 0.2331 0.1011 0.1363 0.1087 
     H171962  2 0.0921 0.1216 0.1485 0.1411 0.1837 0.2229 0.0901 
        H190  2 0.1378 0.1617 0.1485 0.1662 0.1309 0.1512 0.1037 
        H191  2 0.1111 0.2174 0.1319 0.1519 0.1210 0.1440 0.1227 
        H396  2 0.1266 0.0580 0.1049 0.1098 0.2545 0.2607 0.0854 
        H397  2 0.1869 0.1281 0.1453 0.1516 0.1356 0.1567 0.0958 
        H398  2 0.1132 0.0824 0.1211 0.2252 0.1546 0.1711 0.1324 
        H400  2 0.1398 0.0982 0.1216 0.1275 0.2066 0.1897 0.1167 
        H401  2 0.0711 0.4600 0.1647 0.1052 0.0763 0.0696 0.0531 
        H402  2 0.1615 0.2003 0.1516 0.1226 0.1573 0.1397 0.0670 
        H427  2 0.0984 0.1334 0.1197 0.1252 0.2543 0.1772 0.0918 
        H428  2 0.0578 0.0921 0.1397 0.1079 0.3195 0.2353 0.0477 
        H497  2 0.1889 0.1994 0.1200 0.1161 0.0844 0.1053 0.1859 
        H512  2 0.1159 0.2702 0.1544 0.1310 0.1366 0.0934 0.0984 
        H513  2 0.1929 0.3325 0.1009 0.1031 0.0635 0.0939 0.1133 
        H514  2 0.1416 0.1457 0.1414 0.1819 0.1359 0.1312 0.1224 
        H519  2 0.1785 0.3313 0.0981 0.1047 0.0734 0.0990 0.1150 
        H532  2 0.1049 0.1048 0.1368 0.1260 0.2704 0.1935 0.0637 
        H543  2 0.1606 0.1720 0.1554 0.1223 0.1675 0.1563 0.0658 
        H544  2 0.1352 0.1176 0.1095 0.2630 0.0751 0.1373 0.1624 
        H545  2 0.2045 0.1743 0.1114 0.1758 0.1267 0.1436 0.0638 
        H546  2 0.1585 0.1020 0.0983 0.1357 0.1025 0.1329 0.2702 
        H547  2 0.1030 0.4544 0.1233 0.1300 0.0625 0.0573 0.0695 
        H548  2 0.1432 0.1403 0.1407 0.1286 0.1991 0.1494 0.0987 
        H549  2 0.3405 0.1849 0.1273 0.1024 0.0736 0.0961 0.0751 
        H620  2 0.1088 0.0788 0.0886 0.0804 0.0896 0.0777 0.4760 
        H623  2 0.1167 0.2077 0.1277 0.2047 0.0857 0.1404 0.1171 
        H624  2 0.1730 0.1007 0.1355 0.1381 0.0853 0.1234 0.2441 
        H625  2 0.1291 0.1218 0.1135 0.1233 0.2077 0.2218 0.0830 
        H626  2 0.1853 0.2091 0.1276 0.1470 0.1139 0.1108 0.1063 
        H654  2 0.1758 0.0908 0.0881 0.0716 0.0592 0.0754 0.4390 
        H655  2 0.1831 0.0893 0.1741 0.1212 0.1266 0.1334 0.1723 
        H656  2 0.0876 0.0636 0.0816 0.0870 0.0976 0.1048 0.4778 
        H666  2 0.1355 0.0706 0.1076 0.0857 0.0641 0.0974 0.4391 
        H667  2 0.1255 0.1294 0.1457 0.1377 0.2295 0.1509 0.0813 
        H677  2 0.1095 0.0988 0.1723 0.1440 0.2008 0.1690 0.1057 
        H693  2 0.0915 0.0773 0.1369 0.0866 0.1923 0.2008 0.2146 
        H694  2 0.1023 0.1916 0.1316 0.1630 0.0881 0.1813 0.1421 
        H701  2 0.1131 0.2033 0.1771 0.1350 0.1230 0.1578 0.0908 
        H702  2 0.2087 0.1665 0.1365 0.1244 0.1258 0.1253 0.1128 
        H731  2 0.1352 0.0885 0.1506 0.1075 0.1772 0.1441 0.1970 
       H7359  2 0.1184 0.1534 0.1810 0.1440 0.1158 0.1512 0.1362 
       H7389  2 0.1320 0.1500 0.1485 0.1380 0.1904 0.1562 0.0849 
       H7390  2 0.2916 0.0911 0.1253 0.1049 0.0923 0.1011 0.1937 
       H7391  2 0.1004 0.1210 0.1534 0.0874 0.3041 0.1614 0.0723 
       H7392  2 0.1777 0.0855 0.1302 0.1815 0.1265 0.1776 0.1210 
       H7393  2 0.1562 0.1736 0.1491 0.1181 0.1052 0.1073 0.1906 
       H7398  2 0.0994 0.1574 0.1557 0.1129 0.2082 0.1570 0.1094 
       H7399  2 0.1014 0.0971 0.1742 0.1501 0.2192 0.1937 0.0642 
       H7400  2 0.1033 0.0755 0.0687 0.0727 0.0712 0.0721 0.5365 
        H745  2 0.0890 0.1919 0.0999 0.3454 0.0862 0.1115 0.0760 
        H746  2 0.1258 0.1143 0.1459 0.1582 0.2251 0.1615 0.0693 
        H747  2 0.2447 0.1013 0.1084 0.1062 0.0943 0.1004 0.2447 
        H748  2 0.1818 0.1966 0.1372 0.1239 0.1392 0.1020 0.1193 
       H7484  2 0.1183 0.0952 0.1160 0.0975 0.0766 0.0906 0.4057 
       H7485  2 0.1781 0.1996 0.1228 0.1493 0.1017 0.1409 0.1077 
        H749  2 0.1797 0.1534 0.1299 0.1754 0.1477 0.1433 0.0707 
        H930  2 0.1657 0.2798 0.1405 0.1265 0.0849 0.1354 0.0671 
        H931  2 0.0858 0.1295 0.1558 0.1463 0.1885 0.1831 0.1110 
        H932  2 0.1529 0.1633 0.1776 0.1389 0.1401 0.1234 0.1039 
        H111  3 0.1343 0.2379 0.1314 0.1898 0.0926 0.1304 0.0836 
        H951  3 0.1035 0.2996 0.1292 0.1442 0.1323 0.1139 0.0773 
        H952  3 0.1726 0.0903 0.1395 0.1798 0.1564 0.1553 0.1062 
        H953  3 0.1062 0.1356 0.1284 0.1064 0.2577 0.2049 0.0608 
        H954  3 0.1662 0.1251 0.1293 0.1112 0.0874 0.1155 0.2652 
        H955  3 0.1780 0.1833 0.1382 0.1566 0.1074 0.1705 0.0659 
        H956  3 0.2453 0.0810 0.1714 0.0970 0.1299 0.1642 0.1112 
       H9563  3 0.1205 0.1989 0.1406 0.1261 0.1261 0.1541 0.1339 
        H002  4 0.1142 0.0972 0.1459 0.1551 0.1178 0.1069 0.2629 
        H003  4 0.1000 0.0795 0.1373 0.1603 0.2791 0.1777 0.0660 
        H009  4 0.1547 0.1034 0.1645 0.1915 0.1056 0.1808 0.0994 
        H010  4 0.1253 0.1341 0.1760 0.1393 0.1691 0.1622 0.0940 
        H011  4 0.1171 0.0729 0.1224 0.0903 0.1306 0.1841 0.2827 
        H012  4 0.0845 0.1505 0.1895 0.1351 0.2015 0.1444 0.0944 
        H013  4 0.1073 0.1025 0.1451 0.1173 0.1964 0.1566 0.1749 
        H014  4 0.1028 0.1665 0.1814 0.1506 0.1363 0.1482 0.1141 
        H045  4 0.1034 0.1247 0.1374 0.0940 0.2092 0.1944 0.1370 
        H046  4 0.1236 0.0942 0.1197 0.2443 0.2047 0.1403 0.0732 
        H051  4 0.1030 0.1159 0.1454 0.1108 0.1479 0.1712 0.2058 
        H052  4 0.0930 0.0921 0.1101 0.1689 0.1086 0.1261 0.3013 
        H053  4 0.2054 0.1129 0.1604 0.1336 0.1251 0.1258 0.1368 
        H056  4 0.1045 0.1596 0.1080 0.1292 0.0801 0.1202 0.2984 
        H076  4 0.0887 0.1873 0.1350 0.2157 0.1518 0.1429 0.0786 
        H151  4 0.1981 0.0829 0.1345 0.1308 0.0946 0.1136 0.2455 
        H152  4 0.0858 0.0833 0.1553 0.1600 0.1221 0.1233 0.2701 
     H171803  4 0.2999 0.0927 0.1169 0.1045 0.1276 0.1153 0.1431 
     H171804  4 0.2132 0.1581 0.1193 0.1137 0.1140 0.1123 0.1694 
     H171833  4 0.1286 0.1741 0.1174 0.2495 0.1151 0.1327 0.0825 
     H171855  4 0.1791 0.1344 0.0988 0.1327 0.0719 0.0854 0.2977 
     H171856  4 0.2489 0.1508 0.1487 0.1197 0.1094 0.1052 0.1173 
     H171857  4 0.1895 0.1421 0.1084 0.1340 0.0846 0.1000 0.2415 
     H171858  4 0.1032 0.1199 0.1864 0.1807 0.1301 0.1264 0.1532 
     H171859  4 0.1354 0.1166 0.1373 0.1704 0.1447 0.1518 0.1438 
     H171961  4 0.1265 0.1103 0.1266 0.1256 0.1402 0.1822 0.1886 
        H198  4 0.1003 0.1257 0.1445 0.1920 0.2201 0.1579 0.0595 
      H20001  4 0.1419 0.2509 0.1328 0.1864 0.0843 0.1194 0.0842 
        H403  4 0.1835 0.1773 0.1111 0.1613 0.0932 0.1108 0.1628 
        H404  4 0.0981 0.1158 0.1928 0.1397 0.2218 0.1492 0.0826 
        H405  4 0.1169 0.1592 0.1254 0.2087 0.1856 0.1246 0.0796 
        H406  4 0.1006 0.3712 0.1253 0.1389 0.0547 0.0798 0.1295 
        H407  4 0.2290 0.1295 0.1438 0.1205 0.1462 0.1310 0.0999 
        H410  4 0.0936 0.3209 0.1979 0.1093 0.1258 0.0955 0.0572 
        H411  4 0.0787 0.3097 0.1651 0.1536 0.0972 0.0916 0.1040 
        H468  4 0.2763 0.1860 0.0999 0.1689 0.0685 0.0876 0.1127 
        H476  4 0.2254 0.1586 0.1386 0.1269 0.0702 0.1340 0.1463 
        H477  4 0.2186 0.1583 0.1077 0.2343 0.0969 0.1235 0.0607 
        H478  4 0.1499 0.1399 0.1542 0.1164 0.2075 0.1457 0.0865 
        H479  4 0.1213 0.0875 0.1140 0.1242 0.1851 0.1486 0.2193 
        H480  4 0.1611 0.2188 0.1426 0.1582 0.1258 0.1166 0.0769 
        H498  4 0.1151 0.1065 0.1366 0.1774 0.1864 0.1516 0.1265 
        H499  4 0.1436 0.1502 0.1285 0.1387 0.1812 0.1449 0.1128 
        H500  4 0.2227 0.1021 0.1399 0.0964 0.1239 0.0981 0.2170 
        H515  4 0.1591 0.1660 0.1410 0.1262 0.1273 0.1078 0.1725 
        H516  4 0.1276 0.1437 0.1730 0.1641 0.1046 0.1469 0.1401 
        H517  4 0.1620 0.1746 0.1655 0.1263 0.1292 0.1253 0.1172 
        H518  4 0.1587 0.1004 0.1095 0.1649 0.0792 0.1056 0.2817 
        H520  4 0.2657 0.1082 0.1147 0.1238 0.0822 0.0936 0.2117 
        H521  4 0.1335 0.1290 0.1501 0.1322 0.1704 0.1990 0.0858 
        H522  4 0.2677 0.1197 0.1321 0.1373 0.1109 0.1255 0.1067 
        H523  4 0.1678 0.1235 0.1774 0.1201 0.1284 0.1422 0.1406 
        H536  4 0.1180 0.0878 0.1293 0.2448 0.1881 0.1334 0.0986 
        H645  4 0.1103 0.0671 0.1234 0.0856 0.2941 0.2080 0.1114 
        H646  4 0.1189 0.1271 0.2060 0.1687 0.1294 0.1778 0.0722 
        H647  4 0.1966 0.1397 0.1414 0.1757 0.1106 0.1303 0.1058 
        H657  4 0.1544 0.2096 0.1417 0.1508 0.1464 0.1204 0.0767 
        H658  4 0.2390 0.1010 0.1631 0.1136 0.1190 0.1626 0.1018 
        H659  4 0.2402 0.1026 0.1199 0.0917 0.0787 0.0842 0.2828 
        H660  4 0.1469 0.1555 0.1521 0.1360 0.0981 0.1462 0.1652 
        H661  4 0.1718 0.1341 0.1434 0.1480 0.0919 0.1134 0.1975 
        H668  4 0.0978 0.1216 0.1765 0.1299 0.2589 0.1419 0.0735 
        H669  4 0.1260 0.1440 0.1607 0.1316 0.1623 0.1373 0.1381 
        H670  4 0.0878 0.0704 0.1823 0.0944 0.2736 0.1631 0.1284 
        H678  4 0.1763 0.2407 0.1232 0.1235 0.1242 0.1119 0.1002 
        H679  4 0.1293 0.2219 0.1748 0.1250 0.1192 0.1495 0.0802 
        H680  4 0.1770 0.2244 0.1291 0.1601 0.1132 0.1050 0.0912 
        H681  4 0.1278 0.0993 0.1483 0.1094 0.1923 0.1476 0.1753 
        H682  4 0.2170 0.1722 0.1502 0.1009 0.1460 0.1354 0.0783 
        H683  4 0.1162 0.1358 0.1161 0.1622 0.0729 0.1080 0.2889 
        H718  4 0.1292 0.0751 0.1207 0.1068 0.0953 0.1182 0.3547 
        H719  4 0.0979 0.1022 0.1558 0.0950 0.1762 0.2551 0.1177 
        H720  4 0.1389 0.1344 0.1000 0.1814 0.1096 0.1379 0.1977 
        H721  4 0.1364 0.1191 0.1082 0.2139 0.1080 0.1191 0.1953 
        H722  4 0.1130 0.1149 0.1033 0.2646 0.0748 0.1066 0.2228 
        H723  4 0.1237 0.1467 0.1379 0.1043 0.1304 0.1243 0.2327 
        H724  4 0.2452 0.0699 0.0927 0.0736 0.0776 0.0948 0.3462 
        H725  4 0.1945 0.0946 0.0816 0.1110 0.0751 0.0870 0.3563 
        H726  4 0.1056 0.1241 0.1539 0.1300 0.1082 0.1148 0.2634 
        H727  4 0.1607 0.1154 0.1569 0.1086 0.1537 0.1297 0.1750 
        H910  4 0.1597 0.1342 0.1561 0.1109 0.1469 0.1184 0.1739 
        H911  4 0.1228 0.2776 0.1494 0.1496 0.0945 0.1057 0.1003 
        H912  4 0.1565 0.2134 0.1436 0.1440 0.1004 0.0982 0.1439 
        H913  4 0.2904 0.0777 0.1355 0.1039 0.1140 0.1565 0.1220 
        H914  4 0.1965 0.0838 0.1524 0.0948 0.1867 0.1397 0.1462 
        H915  4 0.1831 0.2591 0.1261 0.1264 0.0948 0.0957 0.1149 
        H916  4 0.1803 0.2402 0.1229 0.1548 0.0830 0.1045 0.1143 
       H9572  4 0.1845 0.1717 0.1362 0.1313 0.0823 0.1436 0.1504 
        H015  5 0.1222 0.2446 0.1069 0.1615 0.0870 0.1934 0.0843 
        H016  5 0.1379 0.1252 0.1317 0.2872 0.1076 0.1219 0.0885 
        H017  5 0.2046 0.1370 0.1376 0.1929 0.0986 0.1292 0.1000 
        H019  5 0.1152 0.1362 0.1399 0.1769 0.1275 0.1502 0.1540 
        H020  5 0.1255 0.0806 0.1362 0.1366 0.1982 0.1935 0.1294 
        H032  5 0.1631 0.1434 0.1405 0.1364 0.1161 0.1128 0.1876 
        H033  5 0.1409 0.1103 0.1623 0.1222 0.1888 0.1930 0.0826 
        H034  5 0.1220 0.1040 0.1943 0.1013 0.1502 0.1291 0.1990 
        H035  5 0.2222 0.1436 0.1305 0.1393 0.1344 0.1282 0.1019 
        H036  5 0.1621 0.1831 0.1297 0.1478 0.1205 0.1706 0.0863 
        H037  5 0.2686 0.0838 0.1181 0.1197 0.1274 0.1450 0.1373 
        H048  5 0.1901 0.0899 0.1059 0.0929 0.1524 0.1506 0.2181 
        H049  5 0.1365 0.1566 0.1146 0.1687 0.1134 0.1893 0.1208 
        H054  5 0.1285 0.1467 0.1507 0.2003 0.1337 0.1044 0.1357 
        H055  5 0.0834 0.0922 0.1916 0.1356 0.1686 0.1574 0.1712 
        H057  5 0.1270 0.0930 0.1139 0.3054 0.1019 0.1301 0.1287 
        H060  5 0.0883 0.0757 0.1865 0.1482 0.1545 0.1353 0.2116 
        H061  5 0.1211 0.1171 0.1503 0.1438 0.2099 0.1740 0.0838 
        H064  5 0.1104 0.0937 0.1389 0.1622 0.1322 0.1569 0.2058 
        H070  5 0.0942 0.1190 0.2032 0.0934 0.1701 0.1468 0.1733 
        H077  5 0.0943 0.1381 0.1233 0.1054 0.0842 0.0908 0.3639 
        H078  5 0.2027 0.1262 0.1344 0.1567 0.0815 0.1045 0.1940 
        H079  5 0.1292 0.0890 0.1638 0.1116 0.2452 0.1878 0.0733 
        H097  5 0.1512 0.1184 0.1266 0.1985 0.0734 0.1258 0.2061 
        H107  5 0.2152 0.0625 0.1008 0.0813 0.1118 0.1350 0.2934 
        H122  5 0.2097 0.1276 0.1362 0.1638 0.1229 0.1378 0.1019 
        H123  5 0.1505 0.2282 0.1635 0.1508 0.1155 0.1297 0.0618 
        H124  5 0.1413 0.1502 0.1803 0.1584 0.1479 0.1507 0.0711 
        H131  5 0.1426 0.1404 0.1707 0.1305 0.1460 0.1969 0.0729 
        H132  5 0.1236 0.1438 0.1485 0.1287 0.1593 0.1649 0.1312 
        H141  5 0.2341 0.1198 0.1196 0.1195 0.1280 0.1171 0.1619 
        H142  5 0.1334 0.1326 0.1583 0.1514 0.1865 0.1594 0.0783 
        H157  5 0.2171 0.0873 0.1278 0.1112 0.1167 0.1356 0.2043 
        H158  5 0.1399 0.1510 0.1456 0.2135 0.1200 0.1565 0.0736 
        H159  5 0.1437 0.2418 0.1102 0.1576 0.1193 0.1313 0.0961 
        H160  5 0.2880 0.1275 0.1094 0.1351 0.1070 0.1094 0.1236 
        H163  5 0.1270 0.2019 0.1548 0.1490 0.1352 0.1471 0.0849 
        H164  5 0.1096 0.1643 0.1504 0.1470 0.1512 0.1578 0.1198 
        H165  5 0.1104 0.1096 0.1591 0.1318 0.2491 0.1759 0.0641 
        H166  5 0.1181 0.1310 0.1188 0.1209 0.1623 0.2668 0.0821 
        H169  5 0.1308 0.1224 0.1603 0.1418 0.1974 0.1520 0.0953 
     H169613  5 0.1123 0.0990 0.1686 0.1393 0.1425 0.1819 0.1566 
     H169653  5 0.1099 0.1328 0.1540 0.1514 0.1796 0.1794 0.0928 
     H169728  5 0.1833 0.1999 0.1197 0.1665 0.1132 0.1068 0.1106 
     H169742  5 0.1243 0.0681 0.1124 0.1004 0.3110 0.1880 0.0958 
        H170  5 0.1053 0.1127 0.1439 0.2383 0.0975 0.1682 0.1340 
        H171  5 0.1013 0.1880 0.1368 0.2349 0.0988 0.1383 0.1019 
     H171851  5 0.1148 0.1224 0.1616 0.1917 0.1191 0.1604 0.1300 
     H171852  5 0.1935 0.0972 0.1226 0.1477 0.1008 0.1012 0.2369 
     H171853  5 0.1951 0.1732 0.1282 0.1137 0.1165 0.1272 0.1461 
     H171854  5 0.1295 0.2281 0.1291 0.1355 0.1109 0.1140 0.1529 
     H171938  5 0.1261 0.1115 0.1557 0.1218 0.2234 0.1433 0.1182 
     H171939  5 0.1380 0.1428 0.1216 0.1890 0.1461 0.1838 0.0786 
     H171941  5 0.0932 0.0707 0.1544 0.0982 0.1527 0.2015 0.2293 
     H171965  5 0.0852 0.1020 0.1778 0.1781 0.2099 0.1510 0.0960 
     H171970  5 0.1261 0.0895 0.1401 0.0843 0.0877 0.1295 0.3429 
     H171973  5 0.1488 0.1298 0.1371 0.1348 0.2235 0.1498 0.0762 
     H171974  5 0.1268 0.1248 0.1802 0.1241 0.1801 0.1623 0.1018 
     H171975  5 0.1097 0.1621 0.1452 0.1104 0.1251 0.1822 0.1653 
     H171976  5 0.1725 0.1376 0.1019 0.2358 0.0912 0.1108 0.1504 
        H175  5 0.1656 0.0841 0.1457 0.1170 0.1468 0.1564 0.1843 
        H178  5 0.0938 0.0909 0.1505 0.1350 0.1613 0.2142 0.1543 
        H189  5 0.1202 0.1277 0.1564 0.1798 0.1785 0.1668 0.0706 
        H399  5 0.1947 0.1353 0.0974 0.3190 0.0709 0.0689 0.1139 
        H416  5 0.1415 0.1612 0.1155 0.1273 0.1667 0.1405 0.1474 
        H438  5 0.1582 0.1609 0.1484 0.1177 0.1749 0.1285 0.1114 
        H450  5 0.0917 0.0883 0.1858 0.0966 0.1313 0.1301 0.2763 
        H455  5 0.1070 0.0660 0.1313 0.0876 0.1283 0.1918 0.2880 
        H456  5 0.1579 0.0973 0.1254 0.1167 0.2266 0.1731 0.1030 
        H457  5 0.0991 0.1077 0.1309 0.1714 0.0973 0.1121 0.2814 
        H458  5 0.1528 0.0978 0.1667 0.1253 0.1618 0.1511 0.1445 
        H459  5 0.1585 0.1246 0.1478 0.1550 0.1509 0.2004 0.0628 
        H460  5 0.2380 0.1429 0.1341 0.1292 0.1197 0.1091 0.1270 
        H461  5 0.1307 0.1919 0.1334 0.1957 0.0845 0.1249 0.1389 
        H462  5 0.1282 0.1546 0.1723 0.1286 0.1612 0.1738 0.0814 
        H469  5 0.0962 0.2752 0.1401 0.1461 0.1278 0.1265 0.0881 
        H470  5 0.1682 0.1886 0.1481 0.1232 0.1191 0.1227 0.1299 
        H471  5 0.1608 0.1669 0.1663 0.1753 0.1023 0.1476 0.0808 
        H481  5 0.1852 0.0753 0.1022 0.0870 0.0953 0.1209 0.3342 
        H482  5 0.1093 0.1279 0.1560 0.1352 0.1126 0.1144 0.2446 
        H501  5 0.1627 0.1378 0.1512 0.1141 0.1451 0.1645 0.1248 
        H502  5 0.1122 0.1389 0.1546 0.1737 0.1496 0.1807 0.0902 
        H503  5 0.1391 0.1806 0.1285 0.1860 0.1365 0.1449 0.0845 
        H509  5 0.2112 0.1394 0.1157 0.0872 0.0916 0.1337 0.2213 
        H510  5 0.0723 0.1345 0.1822 0.1351 0.1605 0.1757 0.1397 
        H511  5 0.0931 0.1474 0.1608 0.1528 0.1796 0.1670 0.0993 
        H530  5 0.1766 0.0964 0.1327 0.1187 0.1724 0.1616 0.1417 
        H531  5 0.2001 0.1034 0.1307 0.1330 0.0804 0.1059 0.2465 
        H564  5 0.1546 0.1147 0.1173 0.1573 0.1398 0.1220 0.1944 
        H565  5 0.1417 0.1153 0.0845 0.1071 0.1049 0.1297 0.3168 
        H567  5 0.1147 0.1412 0.1785 0.1573 0.1639 0.1791 0.0652 
     H568???  5 0.1260 0.1604 0.1432 0.2132 0.1346 0.1381 0.0845 
        H608  5 0.0940 0.0870 0.2095 0.0969 0.1271 0.1183 0.2673 
        H609  5 0.1011 0.0839 0.1423 0.1070 0.2376 0.2390 0.0892 
        H612  5 0.1789 0.0897 0.1120 0.0867 0.1739 0.1099 0.2489 
        H614  5 0.1979 0.0909 0.1115 0.1328 0.0882 0.0945 0.2843 
        H615  5 0.1815 0.0872 0.1249 0.1318 0.0915 0.1239 0.2591 
        H616  5 0.1647 0.0664 0.1200 0.0788 0.1098 0.1071 0.3532 
        H617  5 0.1644 0.1740 0.1403 0.1302 0.1739 0.1540 0.0632 
        H618  5 0.1637 0.1060 0.1275 0.1142 0.1137 0.1455 0.2294 
        H619  5 0.0783 0.0731 0.1188 0.1163 0.3164 0.1891 0.1080 
        H635  5 0.1080 0.1485 0.1542 0.1429 0.1511 0.1634 0.1319 
        H636  5 0.0942 0.1057 0.1685 0.1023 0.2950 0.1504 0.0840 
        H637  5 0.1246 0.0943 0.1147 0.1275 0.1728 0.1608 0.2054 
        H644  5 0.0855 0.1865 0.1430 0.2859 0.0951 0.1394 0.0646 
        H711  5 0.1307 0.1044 0.1682 0.2044 0.1154 0.1581 0.1188 
        H712  5 0.1402 0.0695 0.1208 0.1016 0.1873 0.2316 0.1489 
       H7360  5 0.1248 0.1156 0.1266 0.1998 0.1153 0.1510 0.1669 
       H7361  5 0.1220 0.1257 0.1664 0.1235 0.1050 0.1342 0.2231 
       H7362  5 0.1011 0.1866 0.1142 0.3082 0.0970 0.1370 0.0559 
       H7363  5 0.1490 0.1531 0.1373 0.1476 0.1189 0.1230 0.1710 
       H7394  5 0.1242 0.1695 0.1681 0.1172 0.1650 0.1722 0.0838 
       H7395  5 0.1125 0.1001 0.1860 0.1365 0.1923 0.1605 0.1121 
       H7396  5 0.1962 0.1161 0.1396 0.1193 0.1628 0.1639 0.1021 
        H742  5 0.1079 0.0662 0.1171 0.0993 0.3222 0.1887 0.0986 
        H743  5 0.1244 0.0954 0.1237 0.1191 0.1798 0.1896 0.1680 
        H744  5 0.1922 0.0945 0.1203 0.0906 0.1052 0.1168 0.2804 
        H957  5 0.1546 0.1313 0.1580 0.1725 0.1171 0.1448 0.1218 
        H958  5 0.2154 0.1414 0.1440 0.1322 0.1187 0.1432 0.1051 
        H959  5 0.0990 0.1020 0.1632 0.1019 0.1442 0.1500 0.2397 
        H960  5 0.1328 0.1556 0.1460 0.1265 0.1611 0.1669 0.1109 
      H_PALI  6 0.1446 0.1411 0.1809 0.1376 0.1264 0.1470 0.1225 
        H581  6 0.1788 0.1635 0.1180 0.1432 0.1128 0.1174 0.1662 
        H582  6 0.2063 0.0995 0.1106 0.1109 0.0766 0.1053 0.2908 
        H583  6 0.1675 0.1365 0.1317 0.1531 0.1365 0.1376 0.1371 
        H595  6 0.1413 0.3586 0.1207 0.1278 0.0855 0.1047 0.0614 
        H596  6 0.1224 0.2703 0.1499 0.1621 0.1186 0.1112 0.0656 
        H597  6 0.0974 0.1843 0.1489 0.1924 0.1479 0.1518 0.0773 
        H598  6 0.1391 0.1256 0.1717 0.1221 0.1623 0.1360 0.1433 
        H599  6 0.0926 0.0875 0.1306 0.1026 0.1704 0.2387 0.1775 
        H642  6 0.1538 0.3051 0.1279 0.1526 0.0814 0.0909 0.0882 
        H643  6 0.1630 0.1771 0.1530 0.1178 0.1500 0.1301 0.1090 
        H664  6 0.2807 0.1430 0.1095 0.1337 0.0608 0.0764 0.1959 
        H665  6 0.1028 0.1284 0.1601 0.1155 0.2365 0.1574 0.0993 
        H674  6 0.0843 0.2207 0.1193 0.2531 0.1010 0.1467 0.0749 
        H675  6 0.1683 0.1315 0.1269 0.1616 0.1206 0.1221 0.1690 
        H676  6 0.0893 0.3306 0.1232 0.1431 0.0956 0.0960 0.1222 
        H686  6 0.1358 0.1429 0.1361 0.1822 0.1410 0.1462 0.1158 
        H687  6 0.2090 0.1759 0.1150 0.1738 0.1016 0.1172 0.1075 
        H917  6 0.1320 0.2214 0.1474 0.1134 0.1793 0.1390 0.0675 
        H918  6 0.1089 0.0736 0.1388 0.1102 0.2580 0.2386 0.0719 
        H919  6 0.1895 0.0936 0.1151 0.0816 0.1305 0.1357 0.2541 
        H920  6 0.1224 0.1641 0.1298 0.1428 0.1092 0.1159 0.2159 
        H631  7 0.1515 0.1021 0.1542 0.1338 0.1470 0.1585 0.1528 
        H684  7 0.0672 0.1242 0.1723 0.1820 0.1578 0.1969 0.0996 
        H685  7 0.3255 0.0993 0.1276 0.0755 0.0695 0.1044 0.1981 
        H713  7 0.2975 0.0984 0.0967 0.0943 0.1076 0.0946 0.2108 
        H715  7 0.0891 0.1255 0.1728 0.1864 0.1374 0.1832 0.1056 
        H716  7 0.0822 0.0725 0.1461 0.1212 0.2054 0.2154 0.1572 
        H717  7 0.1147 0.1262 0.1375 0.1398 0.1294 0.2090 0.1434 
        H729  7 0.0879 0.1244 0.2034 0.1096 0.2129 0.1989 0.0629 
        H730  7 0.1274 0.0923 0.1620 0.0915 0.2313 0.1909 0.1045 
        H431  8 0.1733 0.1984 0.1495 0.1054 0.1128 0.0954 0.1654 
        H432  8 0.0888 0.1739 0.1083 0.1832 0.1679 0.2092 0.0686 
        H433  8 0.1304 0.1537 0.1472 0.1354 0.1703 0.1614 0.1015 
        H434  8 0.1397 0.1295 0.1831 0.1310 0.1533 0.1808 0.0827 
        H444  8 0.0830 0.1393 0.1553 0.1195 0.1672 0.2152 0.1205 
        H454  8 0.1137 0.0975 0.1234 0.0878 0.1191 0.1745 0.2840 
        H475  8 0.0992 0.1130 0.1422 0.0874 0.0851 0.0830 0.3901 
        H491  8 0.0961 0.0966 0.1809 0.1230 0.1355 0.1684 0.1995 
        H492  8 0.2205 0.1135 0.1400 0.1084 0.1049 0.1542 0.1584 
        H493  8 0.1570 0.1487 0.1401 0.1632 0.1364 0.1442 0.1105 
        H494  8 0.1459 0.1491 0.1252 0.1199 0.1497 0.1703 0.1399 
        H495  8 0.1544 0.1222 0.1225 0.1352 0.0839 0.1037 0.2780 
        H662  8 0.1957 0.1376 0.1259 0.2009 0.1041 0.1511 0.0848 
        H663  8 0.1339 0.1624 0.1379 0.1347 0.1585 0.1363 0.1362 
        H695  8 0.1447 0.1139 0.1701 0.1187 0.1501 0.1567 0.1458 
       H7367  8 0.0959 0.1586 0.2245 0.1186 0.1603 0.1778 0.0643 
       H7368  8 0.1059 0.2094 0.1388 0.1841 0.1642 0.1045 0.0931 
       H7369  8 0.0795 0.1415 0.1274 0.1253 0.1798 0.2027 0.1438 
       H7370  8 0.1783 0.2279 0.1878 0.1117 0.0949 0.1474 0.0521 
       H7371  8 0.1612 0.1542 0.1383 0.1305 0.1808 0.1439 0.0911 
        H600  9 0.1466 0.0943 0.1524 0.1198 0.1400 0.1156 0.2313 
        H648  9 0.1103 0.2134 0.1444 0.1717 0.1100 0.1245 0.1256 
        H696  9 0.1443 0.2492 0.1289 0.2236 0.0840 0.1142 0.0559 
        H697  9 0.1075 0.2389 0.1318 0.1337 0.1374 0.1421 0.1086 
        H698  9 0.1067 0.2914 0.1520 0.1351 0.1135 0.1174 0.0839 
        H699  9 0.1082 0.1586 0.1415 0.1516 0.1389 0.1573 0.1438 
        H700  9 0.1278 0.0823 0.2134 0.1059 0.1850 0.1356 0.1501 
        H732  9 0.1849 0.0919 0.1205 0.1433 0.0832 0.1251 0.2511 
        H733  9 0.0874 0.3384 0.1497 0.1287 0.1134 0.1002 0.0823 
        H734  9 0.2344 0.2038 0.1138 0.1415 0.0987 0.1381 0.0698 
        H735  9 0.1326 0.3289 0.1279 0.1299 0.0841 0.1164 0.0802 
        H736  9 0.2374 0.1132 0.1437 0.1355 0.1138 0.1342 0.1223 
        H737  9 0.1162 0.1204 0.1725 0.1305 0.1833 0.1275 0.1496 
        H905  9 0.0772 0.1038 0.2048 0.1096 0.1665 0.1177 0.2205 
        H921  9 0.1367 0.1318 0.1523 0.1138 0.1576 0.1539 0.1539 
        H922  9 0.1123 0.2612 0.1204 0.1324 0.1311 0.1809 0.0617 
     H169705 10 0.2043 0.1733 0.1836 0.1010 0.1212 0.1452 0.0715 
     H171942 10 0.0818 0.1754 0.1117 0.1743 0.1520 0.2388 0.0660 
     H171943 10 0.2369 0.1248 0.1230 0.1496 0.1402 0.1370 0.0885 
     H171944 10 0.1943 0.1760 0.1476 0.1227 0.1363 0.1327 0.0904 
     H171946 10 0.2448 0.1227 0.1249 0.1487 0.0793 0.1149 0.1646 
     H171947 10 0.1151 0.1296 0.1606 0.1431 0.1461 0.1857 0.1198 
     H229641 10 0.1321 0.2176 0.1325 0.1281 0.0915 0.1092 0.1890 
      H30001 10 0.1270 0.1823 0.1654 0.1297 0.1455 0.1233 0.1269 
      H30002 10 0.1430 0.0807 0.1747 0.1164 0.1813 0.1991 0.1049 
      H30005 10 0.1411 0.2568 0.1847 0.1209 0.1167 0.0970 0.0828 
      H30006 10 0.1312 0.1049 0.1894 0.1374 0.1305 0.2115 0.0950 
      H30007 10 0.1439 0.1278 0.0965 0.2569 0.1330 0.1781 0.0639 
        H451 10 0.0883 0.1993 0.1409 0.1425 0.1677 0.1654 0.0959 
        H452 10 0.1271 0.2933 0.1732 0.1164 0.0989 0.0767 0.1143 
        H453 10 0.1254 0.0836 0.1382 0.1501 0.0998 0.1410 0.2620 
