        H102  1 0.0882 0.0860 0.4229 0.0424 0.0408 0.0471 0.0577 0.0565 0.0762 0.0821 
        H103  1 0.1276 0.1069 0.0592 0.0752 0.0823 0.0210 0.0560 0.0983 0.2456 0.1278 
        H104  1 0.0825 0.0768 0.0855 0.1034 0.1373 0.1942 0.1005 0.0735 0.0648 0.0816 
        H105  1 0.0910 0.1237 0.1460 0.0809 0.0343 0.1010 0.1252 0.0868 0.1185 0.0925 
        H106  1 0.0941 0.0706 0.0653 0.1107 0.0754 0.1196 0.0869 0.1553 0.1209 0.1013 
        H112  1 0.0817 0.0943 0.2911 0.0648 0.0613 0.1125 0.0577 0.0720 0.0817 0.0829 
        H113  1 0.0754 0.1146 0.0741 0.2767 0.0733 0.0706 0.0885 0.0974 0.0738 0.0556 
        H114  1 0.0850 0.1053 0.0806 0.2812 0.0583 0.0322 0.0890 0.1054 0.0801 0.0831 
        H115  1 0.0694 0.0661 0.4389 0.0469 0.0691 0.0633 0.0744 0.0526 0.0629 0.0565 
        H143  1 0.1051 0.1182 0.2890 0.0514 0.0396 0.0480 0.0901 0.0553 0.1039 0.0994 
        H144  1 0.1722 0.1094 0.0559 0.0616 0.0555 0.0270 0.1379 0.0828 0.1135 0.1841 
        H145  1 0.1591 0.1020 0.1761 0.1322 0.0342 0.0275 0.0715 0.0571 0.1141 0.1263 
        H149  1 0.0763 0.0828 0.1164 0.0540 0.1481 0.1554 0.0758 0.1283 0.0798 0.0830 
        H150  1 0.1540 0.0670 0.1543 0.1210 0.0835 0.0622 0.0695 0.0712 0.0744 0.1430 
     H167542  1 0.0704 0.1170 0.0749 0.0434 0.0440 0.0446 0.4053 0.0678 0.0646 0.0679 
     H169604  1 0.1001 0.1545 0.1024 0.0575 0.1342 0.0738 0.1354 0.0510 0.1043 0.0867 
     H169607  1 0.1214 0.1218 0.0733 0.0782 0.0917 0.0570 0.1140 0.0684 0.1526 0.1216 
     H169608  1 0.0490 0.0346 0.6144 0.0446 0.0408 0.0691 0.0320 0.0356 0.0390 0.0409 
     H169633  1 0.1016 0.1281 0.0747 0.1650 0.0609 0.0416 0.1509 0.1033 0.0761 0.0978 
     H169688  1 0.1513 0.0991 0.0499 0.0588 0.1318 0.0428 0.0473 0.1422 0.1180 0.1586 
     H169714  1 0.0880 0.0763 0.1196 0.0843 0.1666 0.0799 0.0870 0.1159 0.0784 0.1040 
     H171802  1 0.0883 0.1122 0.0612 0.0695 0.1696 0.2164 0.0445 0.0673 0.0856 0.0854 
     H171805  1 0.1279 0.1229 0.0773 0.0946 0.0755 0.0360 0.0605 0.0924 0.1668 0.1462 
     H171807  1 0.0984 0.0955 0.0763 0.0487 0.0891 0.1777 0.0790 0.0823 0.1542 0.0988 
     H171814  1 0.1470 0.1271 0.0476 0.1625 0.1125 0.0325 0.0389 0.0964 0.0854 0.1501 
     H171816  1 0.1052 0.0919 0.0935 0.0898 0.1008 0.1273 0.0589 0.0836 0.1411 0.1078 
     H171817  1 0.1037 0.1010 0.0921 0.1261 0.0942 0.1001 0.0838 0.1009 0.1016 0.0966 
     H171818  1 0.0938 0.0837 0.0630 0.0969 0.0891 0.0553 0.1410 0.1615 0.1037 0.1121 
     H171819  1 0.0830 0.0696 0.0664 0.2627 0.0757 0.1052 0.0687 0.0872 0.0906 0.0908 
     H171834  1 0.0980 0.0828 0.3142 0.0694 0.0426 0.0391 0.0521 0.0935 0.0982 0.1102 
     H171835  1 0.0611 0.0726 0.0782 0.0640 0.2534 0.1172 0.0709 0.1708 0.0447 0.0670 
     H171836  1 0.1164 0.1801 0.0424 0.1196 0.0603 0.0237 0.0707 0.1264 0.1475 0.1129 
     H171837  1 0.0796 0.0818 0.1449 0.0852 0.0779 0.0870 0.2076 0.0682 0.0885 0.0792 
     H171838  1 0.0956 0.1115 0.0776 0.1745 0.0480 0.0327 0.0368 0.1676 0.1327 0.1229 
     H171839  1 0.0923 0.1085 0.0810 0.0863 0.1850 0.0957 0.1124 0.0806 0.0690 0.0891 
     H171841  1 0.0590 0.0643 0.0953 0.0442 0.0461 0.4638 0.0310 0.0562 0.0755 0.0647 
     H171860  1 0.0896 0.1308 0.1329 0.0963 0.0813 0.0862 0.1152 0.0712 0.1075 0.0891 
     H171861  1 0.0873 0.2710 0.0630 0.0754 0.0383 0.0247 0.1018 0.1132 0.1296 0.0958 
     H171862  1 0.1306 0.1099 0.1271 0.0756 0.0728 0.0597 0.0749 0.0948 0.1156 0.1389 
     H171868  1 0.0766 0.1059 0.2395 0.0690 0.0425 0.0434 0.2008 0.0723 0.0736 0.0764 
     H171869  1 0.1723 0.0905 0.0842 0.0945 0.0826 0.0393 0.0524 0.1035 0.1267 0.1539 
     H171870  1 0.1277 0.1065 0.0570 0.0683 0.1358 0.0773 0.0506 0.1590 0.0932 0.1246 
     H171871  1 0.1238 0.0940 0.0710 0.0897 0.0989 0.0341 0.0407 0.1378 0.1810 0.1290 
     H171872  1 0.0795 0.1062 0.1370 0.1287 0.1289 0.1068 0.0996 0.0615 0.0742 0.0778 
     H171873  1 0.1459 0.0797 0.0405 0.0631 0.1451 0.0727 0.0742 0.1191 0.1180 0.1418 
     H171874  1 0.1199 0.2297 0.1002 0.0569 0.0518 0.0427 0.0576 0.0799 0.1313 0.1300 
     H171875  1 0.1077 0.2329 0.0623 0.1160 0.0446 0.0363 0.1153 0.0846 0.0977 0.1025 
     H171876  1 0.1313 0.1482 0.0928 0.0663 0.1083 0.0405 0.1009 0.0653 0.1311 0.1153 
     H171877  1 0.0464 0.0741 0.0596 0.0468 0.0410 0.0419 0.5163 0.0537 0.0671 0.0532 
     H171878  1 0.1556 0.0578 0.0664 0.0652 0.1148 0.0653 0.0556 0.1501 0.1302 0.1392 
     H171901  1 0.0854 0.0863 0.0676 0.0629 0.2169 0.1098 0.0558 0.0847 0.1325 0.0982 
     H171902  1 0.1354 0.0886 0.0950 0.0807 0.0708 0.1367 0.0816 0.0674 0.0992 0.1445 
     H171903  1 0.1011 0.1196 0.1859 0.0663 0.1290 0.0463 0.0402 0.0796 0.1113 0.1206 
     H171935  1 0.0958 0.0738 0.0526 0.1019 0.1380 0.1038 0.0315 0.2188 0.0905 0.0932 
     H171936  1 0.0854 0.1224 0.0496 0.1768 0.0753 0.0390 0.1761 0.0915 0.0838 0.1000 
     H171940  1 0.1034 0.0609 0.0893 0.0470 0.0536 0.1361 0.2445 0.0911 0.0864 0.0875 
     H171945  1 0.1479 0.1010 0.0894 0.0797 0.0826 0.1182 0.0738 0.0786 0.1063 0.1224 
     H171948  1 0.0840 0.0881 0.1726 0.0926 0.0467 0.1734 0.0585 0.0993 0.1023 0.0824 
     H171949  1 0.0741 0.0725 0.0923 0.0556 0.1014 0.2461 0.1160 0.0907 0.0672 0.0842 
     H171950  1 0.0618 0.0679 0.1589 0.0477 0.2772 0.1006 0.0675 0.1080 0.0540 0.0564 
     H171963  1 0.1379 0.0820 0.0520 0.1251 0.0905 0.0294 0.0524 0.2258 0.0966 0.1083 
     H171964  1 0.1888 0.1147 0.0617 0.1159 0.0443 0.0428 0.0553 0.0840 0.0977 0.1948 
     H171966  1 0.1134 0.0831 0.0492 0.1238 0.0743 0.0698 0.0685 0.1743 0.1135 0.1302 
     H171968  1 0.1262 0.0922 0.1862 0.0523 0.0737 0.1100 0.0862 0.0614 0.0848 0.1269 
     H171971  1 0.1211 0.0702 0.0688 0.1569 0.1044 0.0421 0.0329 0.1753 0.1148 0.1135 
     H171972  1 0.1126 0.1831 0.0943 0.0887 0.0878 0.0291 0.0453 0.0908 0.1606 0.1076 
     H171977  1 0.1315 0.1203 0.0519 0.0889 0.0733 0.0441 0.1463 0.1003 0.0850 0.1583 
     H171978  1 0.1516 0.1102 0.0798 0.0611 0.0778 0.1371 0.0406 0.0800 0.1185 0.1433 
     H171979  1 0.1057 0.1346 0.0538 0.1110 0.0681 0.0303 0.0482 0.1247 0.2143 0.1094 
        H176  1 0.0916 0.0845 0.2153 0.1812 0.0502 0.0699 0.0970 0.0615 0.0585 0.0903 
        H177  1 0.0925 0.0569 0.1323 0.0459 0.1044 0.2610 0.0687 0.0661 0.0981 0.0741 
        H179  1 0.0586 0.0991 0.0620 0.0786 0.1056 0.1810 0.2456 0.0554 0.0620 0.0522 
        H181  1 0.1127 0.0806 0.0704 0.1185 0.0401 0.0683 0.0505 0.2235 0.1149 0.1205 
        H182  1 0.1270 0.1303 0.1559 0.1010 0.0458 0.0215 0.0655 0.0971 0.1460 0.1099 
        H183  1 0.1462 0.1048 0.0362 0.0540 0.0554 0.0967 0.0573 0.1357 0.1912 0.1224 
        H184  1 0.0905 0.1143 0.1026 0.1062 0.0430 0.1903 0.0850 0.0764 0.1016 0.0901 
        H185  1 0.1161 0.0707 0.0492 0.1847 0.0357 0.0495 0.1326 0.1570 0.1088 0.0957 
        H186  1 0.1693 0.0800 0.1605 0.0566 0.0719 0.0632 0.0522 0.0885 0.0898 0.1679 
        H187  1 0.0965 0.1350 0.0387 0.0678 0.1368 0.0752 0.0823 0.1229 0.1365 0.1083 
        H188  1 0.0453 0.0955 0.0384 0.0608 0.0604 0.1469 0.3866 0.0562 0.0523 0.0574 
        H192  1 0.1086 0.0786 0.1008 0.0799 0.0741 0.1811 0.0725 0.1079 0.0944 0.1021 
        H193  1 0.1402 0.0745 0.2032 0.0758 0.0489 0.0272 0.0740 0.1057 0.1365 0.1140 
        H194  1 0.1018 0.0936 0.1080 0.1367 0.1039 0.0855 0.0969 0.0786 0.0957 0.0993 
        H195  1 0.1655 0.1068 0.0624 0.0752 0.0874 0.0424 0.0434 0.1204 0.1631 0.1334 
        H199  1 0.1695 0.1066 0.0396 0.0776 0.0668 0.0786 0.0626 0.0990 0.1254 0.1742 
        H200  1 0.0940 0.1424 0.0625 0.0663 0.0993 0.1823 0.0795 0.0594 0.0988 0.1154 
        H414  1 0.1380 0.0863 0.1182 0.0598 0.1592 0.0392 0.0328 0.0900 0.1276 0.1489 
        H415  1 0.1116 0.1523 0.0940 0.1700 0.0948 0.0420 0.0703 0.0637 0.0951 0.1062 
        H422  1 0.1502 0.0903 0.1576 0.0736 0.0488 0.1256 0.0507 0.0635 0.0829 0.1569 
        H423  1 0.0508 0.0373 0.0555 0.0386 0.0484 0.6015 0.0326 0.0508 0.0439 0.0407 
        H424  1 0.1606 0.1278 0.0416 0.0857 0.0559 0.0640 0.0676 0.1115 0.1418 0.1434 
        H425  1 0.2233 0.0760 0.0390 0.0667 0.0837 0.0355 0.0782 0.0835 0.0770 0.2371 
        H426  1 0.1525 0.0993 0.0584 0.0727 0.0764 0.0498 0.0481 0.0773 0.1947 0.1707 
        H443  1 0.2269 0.0711 0.1333 0.0478 0.0446 0.0289 0.1388 0.0580 0.0622 0.1885 
        H466  1 0.1115 0.0882 0.0919 0.0700 0.1390 0.0817 0.0687 0.1178 0.1098 0.1213 
        H467  1 0.1004 0.0514 0.0751 0.0716 0.1654 0.1787 0.0700 0.1349 0.0628 0.0897 
        H472  1 0.0948 0.0794 0.0404 0.1096 0.1035 0.1347 0.1444 0.1006 0.1055 0.0871 
        H483  1 0.1064 0.0978 0.0711 0.0839 0.0342 0.0622 0.1394 0.1477 0.1311 0.1261 
        H504  1 0.1658 0.0913 0.0449 0.1221 0.0662 0.0512 0.0570 0.0913 0.1220 0.1882 
        H505  1 0.0893 0.0890 0.0483 0.0555 0.1218 0.1048 0.2090 0.0968 0.0984 0.0869 
        H506  1 0.1151 0.0714 0.1819 0.1206 0.0464 0.0739 0.0577 0.1042 0.1091 0.1196 
        H507  1 0.1234 0.1021 0.0735 0.0886 0.0870 0.0201 0.0950 0.1196 0.1612 0.1296 
        H508  1 0.0949 0.0676 0.0461 0.0855 0.1923 0.1154 0.0481 0.1491 0.1061 0.0949 
        H524  1 0.0889 0.1671 0.0384 0.0862 0.1270 0.0441 0.1449 0.0899 0.0997 0.1139 
        H525  1 0.1278 0.1144 0.1392 0.0847 0.0632 0.0356 0.1142 0.0767 0.1085 0.1358 
        H526  1 0.0740 0.0923 0.0749 0.1356 0.0397 0.0978 0.3013 0.0467 0.0601 0.0776 
        H527  1 0.1046 0.1143 0.1040 0.0641 0.1050 0.1345 0.0648 0.0755 0.1335 0.0999 
        H528  1 0.1180 0.1242 0.0851 0.1575 0.0596 0.0374 0.1042 0.0785 0.1097 0.1257 
        H529  1 0.1480 0.0736 0.0537 0.1039 0.0591 0.0285 0.1489 0.1192 0.1014 0.1637 
        H533  1 0.0820 0.1060 0.0631 0.0938 0.1306 0.0188 0.0403 0.1640 0.2103 0.0910 
        H538  1 0.1010 0.1099 0.0749 0.0571 0.1191 0.0916 0.1596 0.0820 0.1190 0.0858 
        H539  1 0.0903 0.0973 0.0721 0.0604 0.1517 0.0418 0.0581 0.1985 0.1258 0.1039 
        H540  1 0.1323 0.0977 0.1114 0.1017 0.0814 0.0675 0.0619 0.1026 0.1285 0.1149 
        H541  1 0.0852 0.1216 0.0790 0.0667 0.1057 0.0464 0.2282 0.0828 0.0948 0.0896 
        H558  1 0.1175 0.1619 0.0575 0.0780 0.0457 0.0614 0.0343 0.1107 0.2154 0.1176 
        H559  1 0.1039 0.1049 0.1938 0.0721 0.0495 0.0816 0.1229 0.0772 0.0862 0.1079 
        H579  1 0.1079 0.1636 0.1306 0.0767 0.0289 0.0497 0.0845 0.0834 0.1465 0.1282 
        H584  1 0.1524 0.0974 0.0768 0.0878 0.0723 0.0465 0.0812 0.1013 0.1209 0.1633 
        H585  1 0.1248 0.1111 0.0370 0.1163 0.1077 0.0612 0.0826 0.1112 0.1299 0.1181 
        H605  1 0.1283 0.0807 0.0914 0.0682 0.0749 0.1828 0.0879 0.0881 0.0951 0.1025 
        H606  1 0.0760 0.0738 0.2699 0.0397 0.0760 0.1884 0.1027 0.0563 0.0508 0.0664 
        H632  1 0.1447 0.0659 0.1896 0.1098 0.0507 0.0272 0.0750 0.0862 0.1016 0.1493 
        H634  1 0.1411 0.0974 0.0583 0.0554 0.0692 0.0664 0.1375 0.0972 0.1432 0.1342 
        H671  1 0.0605 0.0596 0.0442 0.0694 0.1201 0.3886 0.0633 0.0729 0.0572 0.0641 
        H672  1 0.0697 0.2371 0.0380 0.0465 0.2556 0.0686 0.0701 0.0555 0.0790 0.0799 
        H673  1 0.1843 0.1001 0.0733 0.0604 0.0314 0.0528 0.1570 0.0785 0.1105 0.1517 
        H689  1 0.1480 0.0948 0.0768 0.0715 0.0550 0.0479 0.1482 0.0769 0.1303 0.1507 
        H690  1 0.0569 0.0492 0.4658 0.0625 0.0615 0.0748 0.0620 0.0693 0.0493 0.0488 
        H691  1 0.0947 0.0997 0.1506 0.0471 0.1005 0.0447 0.1987 0.0735 0.0926 0.0979 
        H692  1 0.1725 0.1077 0.0374 0.0912 0.0379 0.0242 0.0615 0.1034 0.1714 0.1928 
        H709  1 0.1267 0.1091 0.1770 0.0687 0.0957 0.0523 0.0464 0.1050 0.1052 0.1139 
        H710  1 0.1289 0.1216 0.0799 0.1111 0.0492 0.0289 0.0643 0.0910 0.1964 0.1286 
       H7355  1 0.0738 0.0701 0.1734 0.2444 0.0359 0.0312 0.1568 0.0699 0.0755 0.0690 
       H7356  1 0.1373 0.0935 0.1045 0.0605 0.0919 0.0828 0.0783 0.0834 0.1288 0.1391 
       H7357  1 0.0837 0.0919 0.1435 0.0732 0.0935 0.0952 0.1495 0.1137 0.0846 0.0713 
       H7358  1 0.0789 0.1912 0.0399 0.0478 0.0451 0.0573 0.3184 0.0722 0.0803 0.0689 
       H7380  1 0.1001 0.1294 0.2186 0.0777 0.0337 0.0465 0.0900 0.0852 0.1047 0.1143 
       H7381  1 0.1536 0.0613 0.0723 0.0724 0.0722 0.1468 0.0673 0.0969 0.0982 0.1591 
       H7382  1 0.1339 0.1109 0.1495 0.0733 0.0823 0.0355 0.0719 0.0738 0.1458 0.1229 
        H904  1 0.0580 0.0687 0.2757 0.0337 0.1429 0.2030 0.0733 0.0494 0.0431 0.0524 
        H923  1 0.1308 0.1204 0.0509 0.0971 0.0719 0.1476 0.1118 0.0539 0.0830 0.1326 
        H924  1 0.1015 0.1064 0.0914 0.0519 0.0748 0.1453 0.1571 0.0702 0.0877 0.1138 
        H925  1 0.0727 0.1028 0.0424 0.0607 0.0422 0.0480 0.4412 0.0584 0.0683 0.0632 
       H9558  1 0.1056 0.1739 0.0554 0.0680 0.0399 0.0601 0.0291 0.0900 0.2623 0.1158 
        H008  2 0.1076 0.1368 0.0629 0.1497 0.0648 0.0473 0.1012 0.1144 0.1172 0.0979 
        H021  2 0.0791 0.0684 0.1407 0.0511 0.1722 0.0700 0.1485 0.1149 0.0631 0.0920 
        H023  2 0.0740 0.0558 0.0764 0.0532 0.0928 0.1000 0.2775 0.1044 0.0908 0.0752 
        H024  2 0.0988 0.1357 0.0312 0.2778 0.0652 0.0490 0.0475 0.1122 0.0860 0.0967 
        H025  2 0.1046 0.1133 0.0738 0.0459 0.0464 0.3013 0.0735 0.0636 0.0698 0.1077 
        H026  2 0.1834 0.1416 0.0377 0.1071 0.0791 0.0324 0.0595 0.0784 0.0773 0.2035 
        H027  2 0.1017 0.1331 0.0561 0.0818 0.1525 0.0396 0.1380 0.0960 0.0829 0.1181 
        H028  2 0.1268 0.1354 0.0623 0.1013 0.0506 0.0761 0.0812 0.1128 0.1313 0.1221 
        H029  2 0.0985 0.1200 0.0375 0.2550 0.0709 0.0337 0.1359 0.0851 0.0702 0.0931 
        H030  2 0.1087 0.1466 0.0586 0.1690 0.0871 0.0305 0.0420 0.1209 0.1379 0.0988 
        H038  2 0.0600 0.0482 0.0516 0.0616 0.2400 0.0506 0.1664 0.2093 0.0483 0.0641 
        H039  2 0.0318 0.0221 0.1001 0.0282 0.0349 0.6724 0.0291 0.0251 0.0252 0.0310 
        H040  2 0.0599 0.0595 0.0549 0.0611 0.3171 0.0832 0.0461 0.2123 0.0493 0.0565 
        H041  2 0.0737 0.1323 0.0421 0.1739 0.0629 0.1212 0.1728 0.0652 0.0839 0.0720 
        H042  2 0.1019 0.0818 0.0758 0.0902 0.0606 0.1194 0.1851 0.0858 0.0988 0.1005 
        H043  2 0.0729 0.0590 0.0880 0.0462 0.1843 0.1778 0.0308 0.1818 0.0879 0.0713 
        H044  2 0.1214 0.1433 0.0536 0.1254 0.0561 0.0401 0.0344 0.1357 0.1854 0.1046 
        H047  2 0.0960 0.0991 0.0955 0.0925 0.0626 0.1856 0.0456 0.0762 0.1352 0.1118 
        H050  2 0.0921 0.2440 0.0776 0.0567 0.2172 0.0271 0.0295 0.0683 0.0895 0.0981 
        H058  2 0.1071 0.0571 0.0567 0.0721 0.1810 0.0663 0.0538 0.1726 0.1178 0.1155 
        H062  2 0.0635 0.0440 0.1019 0.0424 0.0444 0.1011 0.4088 0.0660 0.0686 0.0592 
        H063  2 0.0743 0.0746 0.0775 0.0790 0.1259 0.2057 0.0712 0.1155 0.0909 0.0854 
        H065  2 0.2235 0.0590 0.0517 0.0520 0.0436 0.1440 0.0943 0.0579 0.0868 0.1872 
        H066  2 0.1122 0.0868 0.0480 0.2059 0.1034 0.0377 0.0429 0.1353 0.1403 0.0875 
        H067  2 0.1112 0.1121 0.0876 0.0819 0.0770 0.0551 0.1643 0.0911 0.1025 0.1173 
        H068  2 0.0904 0.0686 0.0486 0.0588 0.1410 0.2153 0.1012 0.1146 0.0826 0.0789 
        H069  2 0.1376 0.1046 0.0295 0.0791 0.1310 0.0659 0.0874 0.1089 0.1393 0.1168 
        H071  2 0.1081 0.0843 0.1524 0.0638 0.0918 0.0827 0.1045 0.0880 0.1088 0.1156 
        H072  2 0.0485 0.0572 0.0574 0.0536 0.0474 0.5220 0.0549 0.0493 0.0563 0.0535 
        H073  2 0.1276 0.0984 0.0513 0.0957 0.0903 0.0612 0.1351 0.0800 0.1145 0.1459 
        H081  2 0.0747 0.0958 0.1026 0.0793 0.0591 0.1634 0.2141 0.0611 0.0856 0.0642 
        H082  2 0.1079 0.1230 0.0514 0.1155 0.0504 0.0391 0.0481 0.2087 0.1574 0.0984 
        H083  2 0.1077 0.1482 0.0795 0.0903 0.0359 0.0391 0.0575 0.0953 0.2223 0.1241 
        H084  2 0.1094 0.0780 0.0442 0.1596 0.1748 0.0548 0.0688 0.1373 0.0764 0.0967 
        H085  2 0.0641 0.1713 0.0916 0.0541 0.1628 0.0530 0.2194 0.0485 0.0616 0.0736 
        H087  2 0.0593 0.0739 0.1422 0.1048 0.0341 0.0733 0.3278 0.0632 0.0647 0.0569 
        H088  2 0.0901 0.0906 0.1057 0.0585 0.0902 0.1821 0.0935 0.0755 0.1154 0.0984 
        H089  2 0.1108 0.1075 0.0610 0.0576 0.0868 0.0564 0.2282 0.0700 0.1268 0.0949 
        H090  2 0.0791 0.2527 0.0472 0.0657 0.2247 0.0624 0.0443 0.0561 0.0853 0.0825 
        H091  2 0.0643 0.2514 0.0417 0.0729 0.2751 0.0223 0.1024 0.0515 0.0577 0.0608 
        H098  2 0.0732 0.0800 0.0408 0.2493 0.0494 0.0809 0.1307 0.1371 0.0847 0.0738 
      H10001  2 0.0263 0.0256 0.1275 0.0245 0.0560 0.6324 0.0263 0.0284 0.0244 0.0285 
      H10002  2 0.0787 0.0947 0.3380 0.0389 0.0750 0.0859 0.0681 0.0711 0.0764 0.0732 
        H101  2 0.0728 0.2404 0.0271 0.0602 0.2738 0.0296 0.0327 0.0875 0.1015 0.0745 
        H108  2 0.0596 0.0620 0.0789 0.0411 0.0314 0.3731 0.1763 0.0528 0.0616 0.0632 
        H109  2 0.0979 0.0939 0.0448 0.1998 0.1114 0.1048 0.0384 0.1279 0.0957 0.0854 
        H110  2 0.0682 0.1192 0.2472 0.1287 0.0523 0.0401 0.1024 0.0799 0.0773 0.0846 
        H116  2 0.1612 0.1221 0.0722 0.1096 0.0757 0.0409 0.0486 0.1009 0.1167 0.1521 
        H117  2 0.0508 0.1417 0.0334 0.3753 0.1035 0.0352 0.0864 0.0710 0.0546 0.0481 
        H118  2 0.1226 0.1821 0.0568 0.0823 0.1581 0.0299 0.1452 0.0519 0.0687 0.1023 
        H119  2 0.0767 0.0718 0.0882 0.2841 0.0758 0.0899 0.1082 0.0702 0.0524 0.0827 
        H120  2 0.0503 0.0422 0.1100 0.0410 0.0403 0.4602 0.1187 0.0360 0.0541 0.0473 
        H121  2 0.0520 0.3237 0.0281 0.0492 0.2850 0.0342 0.0820 0.0314 0.0579 0.0566 
        H125  2 0.0377 0.0284 0.0418 0.0342 0.1676 0.5384 0.0359 0.0441 0.0376 0.0344 
        H126  2 0.1661 0.1086 0.0608 0.0761 0.0308 0.1348 0.0518 0.0859 0.1227 0.1623 
        H128  2 0.0745 0.2986 0.0241 0.0825 0.2708 0.0180 0.0333 0.0399 0.0715 0.0868 
        H129  2 0.1813 0.0771 0.0651 0.0791 0.0458 0.0330 0.0550 0.1019 0.1901 0.1716 
        H130  2 0.1105 0.1019 0.1540 0.0534 0.0634 0.1872 0.0244 0.0804 0.1030 0.1218 
        H133  2 0.0719 0.0569 0.0667 0.0465 0.0765 0.4687 0.0323 0.0567 0.0625 0.0613 
        H134  2 0.2710 0.0735 0.0398 0.0894 0.0257 0.0328 0.0497 0.0650 0.0698 0.2833 
        H135  2 0.1066 0.1181 0.1059 0.0795 0.0709 0.1301 0.0914 0.0839 0.1131 0.1004 
        H137  2 0.0799 0.1237 0.0469 0.2203 0.1217 0.0824 0.0551 0.1018 0.0856 0.0827 
        H138  2 0.1916 0.1471 0.0960 0.0902 0.0379 0.0276 0.0446 0.0789 0.1536 0.1326 
        H140  2 0.1029 0.1473 0.0630 0.1039 0.1238 0.1500 0.0644 0.0519 0.0949 0.0980 
        H146  2 0.0936 0.2375 0.0506 0.0866 0.2289 0.0504 0.0507 0.0428 0.0687 0.0903 
        H147  2 0.0877 0.1084 0.1316 0.1327 0.1262 0.0521 0.0959 0.0707 0.1043 0.0905 
        H148  2 0.0651 0.1049 0.1908 0.1655 0.1211 0.0426 0.0873 0.0802 0.0645 0.0780 
     H166022  2 0.1047 0.1179 0.0602 0.1966 0.0595 0.0334 0.0522 0.1147 0.1552 0.1055 
     H167359  2 0.1283 0.1187 0.0618 0.1003 0.0725 0.0837 0.0592 0.0943 0.1590 0.1222 
     H167397  2 0.0712 0.0974 0.0527 0.4018 0.0468 0.0168 0.0407 0.1408 0.0590 0.0728 
     H167428  2 0.0620 0.2427 0.0380 0.0650 0.0376 0.0225 0.3481 0.0690 0.0561 0.0591 
     H167496  2 0.0568 0.0645 0.0476 0.0492 0.0950 0.4556 0.0941 0.0462 0.0424 0.0485 
     H167513  2 0.0464 0.0336 0.0364 0.1464 0.1218 0.0366 0.0323 0.4478 0.0506 0.0482 
     H167545  2 0.1225 0.1451 0.0604 0.0639 0.0739 0.0298 0.0889 0.1097 0.1901 0.1158 
     H167547  2 0.0581 0.0291 0.0290 0.5847 0.0314 0.0205 0.0380 0.1217 0.0395 0.0480 
     H169621  2 0.0970 0.1345 0.1004 0.1390 0.1295 0.0346 0.0486 0.1056 0.1081 0.1027 
     H169622  2 0.1815 0.1005 0.1092 0.0602 0.0756 0.0295 0.0696 0.0722 0.1736 0.1280 
     H169750  2 0.1070 0.1063 0.0513 0.0905 0.1648 0.1082 0.0325 0.1167 0.1302 0.0925 
     H171806  2 0.0931 0.1534 0.0973 0.1306 0.1457 0.0734 0.1149 0.0458 0.0582 0.0876 
     H171808  2 0.1211 0.1154 0.0641 0.0653 0.0725 0.0589 0.2229 0.0792 0.0968 0.1039 
     H171809  2 0.0954 0.0917 0.1542 0.0753 0.0462 0.0916 0.1600 0.0811 0.1009 0.1036 
     H171813  2 0.1322 0.0781 0.1727 0.1156 0.0838 0.0532 0.0577 0.1117 0.0787 0.1162 
     H171815  2 0.0824 0.0660 0.0884 0.0447 0.1485 0.2632 0.0487 0.1144 0.0562 0.0875 
     H171824  2 0.0663 0.0880 0.1460 0.0950 0.1138 0.1232 0.1596 0.0721 0.0722 0.0638 
     H171825  2 0.1370 0.1081 0.0663 0.0558 0.0689 0.0461 0.1073 0.0657 0.1728 0.1720 
     H171826  2 0.0867 0.0940 0.1344 0.1433 0.0635 0.0891 0.1088 0.1065 0.0820 0.0917 
     H171827  2 0.1029 0.0761 0.2142 0.0674 0.1428 0.0344 0.0399 0.1188 0.0995 0.1040 
     H171828  2 0.0359 0.0387 0.1137 0.0406 0.0893 0.4360 0.1325 0.0410 0.0305 0.0417 
     H171829  2 0.1503 0.0633 0.0690 0.1207 0.1298 0.0672 0.0469 0.1101 0.0980 0.1447 
     H171830  2 0.0899 0.0978 0.0492 0.1563 0.0772 0.1325 0.0640 0.1321 0.1060 0.0950 
     H171831  2 0.1444 0.0957 0.0532 0.1126 0.0466 0.0317 0.0936 0.1618 0.1046 0.1557 
     H171832  2 0.1218 0.1971 0.0763 0.0764 0.0436 0.0616 0.0490 0.0948 0.1567 0.1228 
     H171863  2 0.1500 0.1445 0.0317 0.1124 0.0770 0.0242 0.0562 0.1130 0.1484 0.1428 
     H171864  2 0.0813 0.1128 0.0450 0.1913 0.0961 0.0828 0.1014 0.1054 0.0921 0.0918 
     H171865  2 0.0679 0.0697 0.0316 0.0753 0.0836 0.3912 0.0893 0.0660 0.0576 0.0679 
     H171879  2 0.0938 0.1639 0.0523 0.2228 0.0733 0.0697 0.0594 0.0727 0.0986 0.0935 
     H171880  2 0.0747 0.1436 0.0395 0.2564 0.1397 0.0361 0.0490 0.0957 0.0915 0.0737 
     H171881  2 0.0994 0.0833 0.1030 0.0962 0.0664 0.0432 0.1578 0.1356 0.1220 0.0930 
     H171882  2 0.0329 0.0395 0.0851 0.0267 0.0335 0.6487 0.0298 0.0376 0.0302 0.0361 
     H171929  2 0.1203 0.1055 0.0681 0.1066 0.0578 0.0909 0.1105 0.1306 0.1082 0.1015 
     H171930  2 0.1108 0.1613 0.0321 0.1082 0.0837 0.0308 0.0379 0.1025 0.2399 0.0929 
     H171933  2 0.1182 0.1100 0.0813 0.1219 0.1435 0.0477 0.0633 0.0761 0.1313 0.1067 
     H171934  2 0.0812 0.0904 0.1410 0.1077 0.0592 0.0444 0.2308 0.0834 0.0798 0.0820 
     H171937  2 0.1782 0.1349 0.0595 0.0665 0.0440 0.0542 0.0455 0.0662 0.1816 0.1694 
     H171962  2 0.1088 0.1217 0.0610 0.0712 0.0397 0.0493 0.2118 0.0907 0.1389 0.1070 
        H190  2 0.1138 0.1363 0.0620 0.0821 0.0754 0.0569 0.0677 0.1108 0.1663 0.1287 
        H191  2 0.0903 0.0806 0.0445 0.1447 0.0658 0.1248 0.1199 0.1681 0.0714 0.0898 
        H396  2 0.0692 0.0661 0.0478 0.0474 0.0600 0.0672 0.4897 0.0461 0.0522 0.0542 
        H397  2 0.1364 0.1038 0.0738 0.0762 0.1118 0.0666 0.0729 0.0829 0.1341 0.1415 
        H398  2 0.1532 0.0641 0.0656 0.0649 0.0556 0.0877 0.1941 0.0864 0.0689 0.1595 
        H400  2 0.0989 0.0827 0.0782 0.0668 0.0544 0.0650 0.2984 0.0633 0.1008 0.0916 
        H401  2 0.0407 0.0598 0.0225 0.5672 0.0252 0.0220 0.0505 0.1362 0.0318 0.0440 
        H402  2 0.1050 0.1319 0.0646 0.1363 0.0955 0.0261 0.0652 0.1558 0.1283 0.0913 
        H427  2 0.0710 0.0562 0.0870 0.1319 0.0434 0.0571 0.3305 0.0729 0.0659 0.0841 
        H428  2 0.0636 0.2523 0.0360 0.0588 0.0440 0.0244 0.3426 0.0632 0.0477 0.0675 
        H497  2 0.0812 0.0599 0.0729 0.0983 0.1042 0.1006 0.0413 0.2846 0.0720 0.0850 
        H512  2 0.0863 0.0944 0.1113 0.2296 0.0813 0.0470 0.0498 0.1387 0.0697 0.0919 
        H513  2 0.0533 0.0382 0.0324 0.1420 0.1167 0.0356 0.0325 0.4530 0.0506 0.0458 
        H514  2 0.1462 0.1187 0.1339 0.0711 0.0620 0.0418 0.0374 0.0980 0.1530 0.1379 
        H519  2 0.0457 0.0403 0.0373 0.1601 0.0914 0.0427 0.0321 0.4356 0.0626 0.0522 
        H532  2 0.0819 0.0815 0.0644 0.0879 0.0463 0.0285 0.4133 0.0516 0.0688 0.0757 
        H543  2 0.0986 0.1285 0.1137 0.0792 0.1304 0.0263 0.0459 0.0986 0.1769 0.1020 
        H544  2 0.1662 0.1168 0.0391 0.0543 0.0472 0.1096 0.0629 0.0918 0.1401 0.1720 
        H545  2 0.1071 0.1626 0.0521 0.0534 0.0761 0.0251 0.0772 0.0946 0.2320 0.1196 
        H546  2 0.0854 0.0537 0.0512 0.0558 0.0951 0.2816 0.0722 0.1365 0.0886 0.0798 
        H547  2 0.0515 0.0319 0.0282 0.5944 0.0336 0.0210 0.0394 0.1151 0.0448 0.0401 
        H548  2 0.1011 0.1143 0.0516 0.1011 0.0689 0.0792 0.1555 0.0799 0.1484 0.1001 
        H549  2 0.0395 0.0423 0.0229 0.0727 0.2699 0.0300 0.0374 0.3922 0.0553 0.0377 
        H620  2 0.0348 0.0312 0.0574 0.0322 0.0401 0.6642 0.0412 0.0311 0.0330 0.0348 
        H623  2 0.1360 0.1236 0.0546 0.0736 0.0465 0.0839 0.0422 0.1192 0.1932 0.1271 
        H624  2 0.1039 0.0827 0.1523 0.0530 0.1392 0.0857 0.0407 0.1049 0.1367 0.1008 
        H625  2 0.0865 0.0683 0.0411 0.0748 0.0505 0.0529 0.3777 0.0863 0.0900 0.0720 
        H626  2 0.0851 0.0627 0.0481 0.1598 0.1276 0.0601 0.0693 0.1335 0.1281 0.1257 
        H654  2 0.0462 0.0358 0.0889 0.0334 0.1972 0.3459 0.0425 0.1147 0.0512 0.0443 
        H655  2 0.0928 0.0949 0.2221 0.0468 0.1192 0.0728 0.0406 0.0621 0.1583 0.0904 
        H656  2 0.0335 0.0259 0.0468 0.0286 0.0246 0.6830 0.0576 0.0248 0.0405 0.0347 
        H666  2 0.0490 0.0503 0.0621 0.0368 0.0888 0.5666 0.0261 0.0384 0.0383 0.0437 
        H667  2 0.0905 0.0740 0.2003 0.1641 0.0645 0.0331 0.1050 0.0888 0.0865 0.0932 
        H677  2 0.0969 0.1150 0.1210 0.1048 0.0682 0.0538 0.1654 0.0602 0.1170 0.0978 
        H693  2 0.0465 0.0405 0.0851 0.0383 0.0367 0.2446 0.3363 0.0566 0.0716 0.0436 
        H694  2 0.1069 0.1518 0.0361 0.0636 0.0593 0.1054 0.0495 0.0876 0.2294 0.1104 
        H701  2 0.1070 0.1669 0.0729 0.0822 0.0714 0.0359 0.0562 0.1059 0.2024 0.0993 
        H702  2 0.0908 0.0974 0.0920 0.1056 0.1325 0.0601 0.0479 0.1552 0.1263 0.0923 
        H731  2 0.0715 0.0920 0.1751 0.0613 0.1113 0.1989 0.0715 0.0497 0.0843 0.0846 
       H7359  2 0.1244 0.1158 0.0575 0.1085 0.0650 0.0875 0.0670 0.0848 0.1633 0.1261 
       H7389  2 0.0796 0.0997 0.0415 0.1317 0.0788 0.0487 0.2920 0.0703 0.0737 0.0839 
       H7390  2 0.0623 0.0521 0.1116 0.0394 0.3355 0.0697 0.0369 0.1765 0.0526 0.0632 
       H7391  2 0.0558 0.0770 0.0527 0.1801 0.0455 0.0729 0.3290 0.0575 0.0711 0.0585 
       H7392  2 0.1143 0.0921 0.0779 0.0700 0.1515 0.0608 0.1006 0.0938 0.1248 0.1142 
       H7393  2 0.0782 0.0612 0.1506 0.1220 0.1192 0.0915 0.0628 0.1446 0.0827 0.0873 
       H7398  2 0.0764 0.1063 0.0719 0.1408 0.1056 0.0965 0.2018 0.0774 0.0558 0.0676 
       H7399  2 0.1158 0.1412 0.1311 0.0744 0.0948 0.0256 0.0865 0.0998 0.1134 0.1175 
       H7400  2 0.0372 0.0330 0.0733 0.0262 0.0370 0.6409 0.0467 0.0290 0.0412 0.0353 
        H745  2 0.2506 0.0751 0.0445 0.1016 0.0370 0.0313 0.0477 0.1304 0.0776 0.2042 
        H746  2 0.1209 0.0836 0.1850 0.1153 0.0554 0.0228 0.0842 0.1129 0.1022 0.1178 
        H747  2 0.0718 0.0744 0.0485 0.0593 0.2264 0.2319 0.0407 0.1147 0.0577 0.0745 
        H748  2 0.1093 0.0950 0.1315 0.1271 0.1177 0.0513 0.0381 0.1064 0.1139 0.1096 
       H7484  2 0.0496 0.0458 0.0426 0.0599 0.0490 0.5492 0.0586 0.0491 0.0375 0.0587 
       H7485  2 0.1041 0.0733 0.0468 0.0989 0.0897 0.0548 0.0570 0.2461 0.1137 0.1156 
        H749  2 0.1373 0.1002 0.0772 0.0770 0.0877 0.0306 0.0951 0.1177 0.1523 0.1249 
        H930  2 0.1064 0.1623 0.0352 0.1234 0.1017 0.0344 0.0440 0.0999 0.2045 0.0882 
        H931  2 0.1341 0.1241 0.0564 0.1099 0.0568 0.1175 0.1288 0.0644 0.0831 0.1248 
        H932  2 0.0835 0.1053 0.0751 0.2228 0.0864 0.0500 0.1131 0.0767 0.0790 0.1081 
        H111  3 0.1566 0.0899 0.0508 0.0912 0.0598 0.0413 0.0449 0.1404 0.1746 0.1504 
        H951  3 0.1263 0.0883 0.0619 0.1853 0.0551 0.0400 0.0877 0.1496 0.0871 0.1187 
        H952  3 0.1159 0.1666 0.0548 0.0646 0.1833 0.0702 0.0755 0.0777 0.0867 0.1049 
        H953  3 0.0584 0.0826 0.0418 0.1657 0.0537 0.0422 0.3968 0.0533 0.0460 0.0595 
        H954  3 0.0792 0.0900 0.1019 0.0610 0.1185 0.2171 0.0515 0.1134 0.0926 0.0748 
        H955  3 0.1288 0.1537 0.0502 0.0643 0.0953 0.0258 0.0376 0.1069 0.2139 0.1233 
        H956  3 0.0693 0.1427 0.0561 0.0528 0.3714 0.0621 0.0445 0.0707 0.0632 0.0671 
       H9563  3 0.0631 0.0582 0.0497 0.2510 0.0762 0.1170 0.1482 0.1070 0.0655 0.0641 
        H002  4 0.1069 0.0547 0.2623 0.0477 0.0487 0.1790 0.0398 0.0688 0.0847 0.1074 
        H003  4 0.1412 0.0805 0.1811 0.0807 0.0463 0.0291 0.1312 0.0560 0.1339 0.1200 
        H009  4 0.1238 0.1850 0.0634 0.0749 0.0897 0.0355 0.0442 0.1260 0.1276 0.1299 
        H010  4 0.1152 0.1142 0.1306 0.0906 0.0883 0.0493 0.0881 0.0951 0.0929 0.1356 
        H011  4 0.0542 0.0416 0.0786 0.0426 0.0599 0.3222 0.1948 0.0866 0.0613 0.0582 
        H012  4 0.0931 0.1232 0.1796 0.1005 0.0521 0.0410 0.0725 0.1002 0.1439 0.0940 
        H013  4 0.0997 0.0791 0.1324 0.0598 0.0676 0.1659 0.1388 0.0606 0.1075 0.0887 
        H014  4 0.1354 0.1275 0.1172 0.0874 0.0534 0.0603 0.0692 0.1069 0.1244 0.1182 
        H045  4 0.0594 0.0661 0.0425 0.0942 0.0662 0.1761 0.3189 0.0767 0.0446 0.0553 
        H046  4 0.1557 0.1184 0.0871 0.0680 0.0504 0.0424 0.1179 0.0759 0.1342 0.1501 
        H051  4 0.0728 0.0673 0.0896 0.0704 0.0580 0.2660 0.1692 0.0658 0.0736 0.0672 
        H052  4 0.1067 0.0712 0.0777 0.0639 0.0477 0.3266 0.0787 0.0626 0.0774 0.0875 
        H053  4 0.0911 0.0868 0.1073 0.0747 0.2014 0.0733 0.0571 0.0986 0.1054 0.1042 
        H056  4 0.0789 0.0541 0.0640 0.0748 0.0403 0.3722 0.0635 0.1179 0.0598 0.0744 
        H076  4 0.1330 0.0801 0.0746 0.1642 0.0441 0.0318 0.0954 0.1029 0.1096 0.1644 
        H151  4 0.0694 0.0547 0.2930 0.0483 0.1833 0.0732 0.0431 0.1144 0.0494 0.0711 
        H152  4 0.1051 0.0608 0.2555 0.0519 0.0457 0.1679 0.0808 0.0573 0.0787 0.0963 
     H171803  4 0.0489 0.0465 0.0969 0.0476 0.3206 0.0477 0.0559 0.2271 0.0519 0.0569 
     H171804  4 0.0961 0.0583 0.0759 0.0933 0.1448 0.1282 0.0780 0.1580 0.0870 0.0804 
     H171833  4 0.1908 0.1347 0.0532 0.0552 0.0458 0.0363 0.0488 0.0833 0.1568 0.1950 
     H171855  4 0.0852 0.0460 0.0695 0.0681 0.1842 0.2211 0.0486 0.1308 0.0625 0.0840 
     H171856  4 0.0645 0.0728 0.0611 0.0769 0.2642 0.0366 0.0592 0.2415 0.0537 0.0694 
     H171857  4 0.0860 0.0575 0.0594 0.1311 0.1102 0.1934 0.0782 0.1171 0.0772 0.0899 
     H171858  4 0.1170 0.1048 0.2117 0.0841 0.0608 0.0886 0.0735 0.0637 0.0690 0.1269 
     H171859  4 0.1166 0.0966 0.0976 0.1327 0.0762 0.0973 0.0803 0.0834 0.0923 0.1272 
     H171961  4 0.0921 0.0549 0.0840 0.0654 0.0836 0.1900 0.1676 0.0866 0.0926 0.0831 
        H198  4 0.1361 0.1707 0.0982 0.0727 0.0503 0.0258 0.0724 0.0739 0.1614 0.1386 
      H20001  4 0.1683 0.0761 0.0782 0.0823 0.0502 0.0249 0.0450 0.1765 0.1466 0.1519 
        H403  4 0.1034 0.0500 0.0502 0.1516 0.1324 0.0770 0.0584 0.2021 0.0621 0.1129 
        H404  4 0.1145 0.1165 0.2194 0.0671 0.0523 0.0295 0.0815 0.0761 0.1152 0.1280 
        H405  4 0.1500 0.0813 0.0912 0.1535 0.0476 0.0374 0.1134 0.0746 0.0951 0.1557 
        H406  4 0.0674 0.0623 0.0252 0.3941 0.0420 0.0856 0.0415 0.1400 0.0617 0.0803 
        H407  4 0.0868 0.0837 0.0839 0.1077 0.1893 0.0567 0.1151 0.1292 0.0584 0.0893 
        H410  4 0.0409 0.0918 0.0223 0.5193 0.0290 0.0299 0.0997 0.0975 0.0288 0.0407 
        H411  4 0.1467 0.0864 0.1511 0.1386 0.0330 0.0285 0.0343 0.1709 0.0950 0.1154 
        H468  4 0.1014 0.0746 0.0318 0.0632 0.2557 0.0463 0.0311 0.1694 0.1358 0.0906 
        H476  4 0.1225 0.1030 0.0488 0.0747 0.1356 0.0959 0.0337 0.1077 0.1766 0.1015 
        H477  4 0.1566 0.1076 0.0809 0.0476 0.1124 0.0221 0.0464 0.1185 0.1702 0.1376 
        H478  4 0.0847 0.1341 0.1466 0.0844 0.0770 0.0321 0.0696 0.1600 0.1258 0.0857 
        H479  4 0.0973 0.0650 0.0846 0.0446 0.0677 0.2100 0.1878 0.0531 0.0972 0.0927 
        H480  4 0.1036 0.0955 0.1156 0.1137 0.0970 0.0246 0.0341 0.1576 0.1536 0.1048 
        H498  4 0.0966 0.1064 0.1501 0.0755 0.0625 0.0684 0.0430 0.0878 0.1828 0.1270 
        H499  4 0.1030 0.0799 0.1471 0.0639 0.0727 0.0542 0.1795 0.0849 0.1053 0.1094 
        H500  4 0.0830 0.0703 0.1031 0.0649 0.1782 0.1916 0.0676 0.0807 0.0797 0.0808 
        H515  4 0.0736 0.0905 0.2541 0.0954 0.0928 0.0709 0.0621 0.1046 0.0674 0.0887 
        H516  4 0.1516 0.1269 0.1081 0.0796 0.1105 0.0611 0.0412 0.0845 0.1136 0.1229 
        H517  4 0.0826 0.1243 0.0564 0.3223 0.0635 0.0718 0.0832 0.0651 0.0689 0.0620 
        H518  4 0.1237 0.0795 0.0470 0.0648 0.1025 0.2219 0.0407 0.0822 0.0990 0.1387 
        H520  4 0.1045 0.0762 0.0808 0.0801 0.2348 0.1068 0.0521 0.1089 0.0608 0.0951 
        H521  4 0.1105 0.1069 0.0425 0.0821 0.0849 0.0600 0.1708 0.1306 0.1071 0.1046 
        H522  4 0.0983 0.0718 0.0798 0.0554 0.2229 0.0464 0.0590 0.1629 0.0997 0.1037 
        H523  4 0.0931 0.1135 0.1307 0.0661 0.2020 0.0676 0.0355 0.0813 0.1036 0.1067 
        H536  4 0.1762 0.0748 0.0709 0.0644 0.0636 0.0793 0.1560 0.0560 0.0928 0.1660 
        H645  4 0.0520 0.0661 0.0779 0.0405 0.0562 0.0917 0.4545 0.0520 0.0547 0.0544 
        H646  4 0.1216 0.2127 0.0599 0.0709 0.1747 0.0282 0.0557 0.0718 0.0960 0.1085 
        H647  4 0.1426 0.0800 0.0527 0.0871 0.1474 0.0555 0.0683 0.1010 0.1395 0.1258 
        H657  4 0.1085 0.1119 0.0580 0.2441 0.0914 0.0303 0.0723 0.0932 0.0930 0.0973 
        H658  4 0.0978 0.1165 0.0770 0.0493 0.2617 0.0503 0.0594 0.0576 0.1341 0.0964 
        H659  4 0.0541 0.0402 0.1407 0.0365 0.3361 0.0792 0.0263 0.1764 0.0590 0.0516 
        H660  4 0.1161 0.0781 0.1316 0.0675 0.0744 0.0857 0.0663 0.1337 0.1318 0.1146 
        H661  4 0.1033 0.0529 0.0961 0.0673 0.1681 0.0803 0.0488 0.1815 0.0905 0.1113 
        H668  4 0.0683 0.1844 0.2835 0.0690 0.0412 0.0290 0.1123 0.0652 0.0779 0.0694 
        H669  4 0.1034 0.1057 0.1108 0.0927 0.1097 0.0878 0.0917 0.1022 0.0858 0.1101 
        H670  4 0.0527 0.0766 0.3849 0.0481 0.0372 0.0681 0.1856 0.0458 0.0454 0.0555 
        H678  4 0.0990 0.0674 0.0811 0.1279 0.1475 0.0411 0.0537 0.1960 0.0924 0.0938 
        H679  4 0.0996 0.1620 0.0390 0.1309 0.0840 0.0514 0.0639 0.0872 0.1828 0.0993 
        H680  4 0.1037 0.0495 0.0571 0.1086 0.1375 0.0340 0.0838 0.2186 0.0849 0.1222 
        H681  4 0.0841 0.1442 0.1491 0.0590 0.0592 0.1669 0.0875 0.0616 0.0996 0.0887 
        H682  4 0.0801 0.1200 0.0643 0.1359 0.1452 0.0409 0.0595 0.1309 0.1344 0.0887 
        H683  4 0.0973 0.0955 0.0365 0.0747 0.0919 0.2733 0.0363 0.0883 0.0955 0.1107 
        H718  4 0.0510 0.0461 0.0464 0.0437 0.0660 0.5649 0.0622 0.0353 0.0358 0.0486 
        H719  4 0.0611 0.0816 0.0483 0.0625 0.0698 0.1192 0.3055 0.0866 0.0923 0.0732 
        H720  4 0.0843 0.0437 0.0674 0.0670 0.0678 0.1410 0.1018 0.2285 0.0839 0.1145 
        H721  4 0.1367 0.0550 0.0863 0.0834 0.0845 0.0952 0.0879 0.1367 0.0932 0.1411 
        H722  4 0.1620 0.0565 0.0506 0.0786 0.0788 0.1980 0.0391 0.0925 0.0726 0.1712 
        H723  4 0.0622 0.0580 0.0887 0.2161 0.0682 0.2088 0.1018 0.0785 0.0575 0.0602 
        H724  4 0.0566 0.0515 0.0403 0.0555 0.1908 0.3441 0.0935 0.0597 0.0495 0.0585 
        H725  4 0.0786 0.0405 0.0531 0.0565 0.1229 0.3905 0.0502 0.0690 0.0502 0.0885 
        H726  4 0.0941 0.0758 0.1734 0.0759 0.0659 0.2055 0.0628 0.0781 0.0866 0.0819 
        H727  4 0.0851 0.0834 0.1267 0.0977 0.0974 0.1332 0.1560 0.0763 0.0701 0.0741 
        H910  4 0.0749 0.0884 0.1346 0.0946 0.1093 0.1360 0.0988 0.1026 0.0868 0.0740 
        H911  4 0.0693 0.1000 0.0262 0.3973 0.0533 0.0662 0.0607 0.0824 0.0554 0.0892 
        H912  4 0.1279 0.0749 0.0531 0.1409 0.0967 0.0889 0.0656 0.1058 0.1096 0.1366 
        H913  4 0.0794 0.0765 0.0871 0.0506 0.3987 0.0556 0.0424 0.0621 0.0741 0.0737 
        H914  4 0.0574 0.0694 0.2820 0.0500 0.1688 0.0604 0.1155 0.0728 0.0584 0.0653 
        H915  4 0.1062 0.0843 0.0567 0.1610 0.1263 0.0564 0.0554 0.1281 0.1221 0.1035 
        H916  4 0.1017 0.0818 0.1028 0.1213 0.0898 0.0429 0.0444 0.1742 0.1196 0.1214 
       H9572  4 0.0520 0.0406 0.0468 0.1236 0.1376 0.0779 0.0716 0.3137 0.0719 0.0642 
        H015  5 0.0915 0.1065 0.0415 0.1122 0.0433 0.0458 0.0614 0.1757 0.2209 0.1012 
        H016  5 0.2003 0.0842 0.0603 0.0814 0.0691 0.0450 0.0502 0.0727 0.1061 0.2306 
        H017  5 0.1153 0.0755 0.1135 0.0691 0.1701 0.0331 0.0262 0.2166 0.0868 0.0939 
        H019  5 0.1161 0.1514 0.0600 0.0793 0.0446 0.0966 0.0674 0.0949 0.1665 0.1233 
        H020  5 0.0881 0.1551 0.0896 0.0328 0.1231 0.0766 0.2134 0.0579 0.0794 0.0840 
        H032  5 0.1182 0.1306 0.0733 0.1159 0.0985 0.1376 0.0500 0.0684 0.0931 0.1145 
        H033  5 0.1007 0.1861 0.0910 0.0623 0.1050 0.0427 0.0778 0.0880 0.1623 0.0843 
        H034  5 0.0710 0.0929 0.2989 0.0688 0.0609 0.1380 0.0811 0.0557 0.0642 0.0685 
        H035  5 0.0960 0.0926 0.0673 0.0692 0.2000 0.0500 0.0730 0.1117 0.1225 0.1177 
        H036  5 0.0881 0.1011 0.0349 0.1340 0.1012 0.0709 0.1275 0.1078 0.1313 0.1031 
        H037  5 0.0923 0.0591 0.1331 0.0443 0.2116 0.0752 0.1074 0.0942 0.1026 0.0801 
        H048  5 0.0524 0.0471 0.0340 0.0670 0.1419 0.2311 0.2127 0.0944 0.0555 0.0638 
        H049  5 0.1191 0.1472 0.0415 0.0633 0.0670 0.0730 0.0721 0.0723 0.2243 0.1203 
        H054  5 0.1425 0.0731 0.0686 0.2195 0.0622 0.0906 0.0886 0.0552 0.0633 0.1365 
        H055  5 0.1274 0.0667 0.2745 0.0694 0.0453 0.0679 0.0830 0.0863 0.0734 0.1061 
        H057  5 0.2075 0.0750 0.0823 0.0443 0.0615 0.0508 0.0384 0.0705 0.1110 0.2587 
        H060  5 0.0718 0.0348 0.5494 0.0521 0.0370 0.0547 0.0438 0.0346 0.0556 0.0663 
        H061  5 0.1030 0.1179 0.1470 0.0906 0.0651 0.0332 0.1697 0.0793 0.1018 0.0923 
        H064  5 0.1056 0.0988 0.0972 0.0693 0.0735 0.1720 0.0767 0.1315 0.0718 0.1036 
        H070  5 0.0497 0.0678 0.4726 0.0567 0.0546 0.0761 0.0562 0.0616 0.0533 0.0514 
        H077  5 0.0641 0.0521 0.1708 0.0783 0.0373 0.3450 0.0405 0.0799 0.0711 0.0609 
        H078  5 0.1080 0.0747 0.0761 0.0729 0.1809 0.0844 0.0382 0.1786 0.0768 0.1094 
        H079  5 0.0922 0.1730 0.0754 0.0499 0.1960 0.0332 0.1575 0.0593 0.0867 0.0768 
        H097  5 0.1381 0.1365 0.1247 0.0839 0.0601 0.0954 0.0209 0.0784 0.1522 0.1097 
        H107  5 0.0502 0.0523 0.0787 0.0365 0.1718 0.3070 0.1216 0.0602 0.0665 0.0551 
        H122  5 0.1190 0.0673 0.1077 0.0899 0.1602 0.0303 0.0684 0.1171 0.1293 0.1108 
        H123  5 0.0976 0.1344 0.0372 0.2322 0.1173 0.0239 0.0735 0.0824 0.0932 0.1084 
        H124  5 0.1134 0.1654 0.0407 0.1818 0.0928 0.0325 0.1167 0.0587 0.1009 0.0971 
        H131  5 0.1045 0.2370 0.0510 0.0718 0.1732 0.0385 0.0779 0.0734 0.0900 0.0825 
        H132  5 0.0899 0.0873 0.0890 0.1284 0.0885 0.0900 0.1681 0.0907 0.0678 0.1004 
        H141  5 0.0849 0.0837 0.1000 0.0718 0.1762 0.0659 0.0759 0.1619 0.0897 0.0898 
        H142  5 0.1183 0.1545 0.1317 0.0748 0.0685 0.0332 0.0502 0.0798 0.1828 0.1061 
        H157  5 0.0748 0.0677 0.0820 0.0646 0.1778 0.1511 0.1064 0.1202 0.0714 0.0840 
        H158  5 0.1510 0.1321 0.0401 0.0786 0.1195 0.0303 0.0430 0.0726 0.1894 0.1434 
        H159  5 0.0938 0.0773 0.0576 0.1870 0.0560 0.0397 0.0813 0.1431 0.1680 0.0961 
        H160  5 0.0866 0.0846 0.0460 0.0769 0.2541 0.0640 0.0414 0.1064 0.1284 0.1116 
        H163  5 0.1086 0.1415 0.0619 0.1169 0.0680 0.0497 0.0605 0.0947 0.1722 0.1260 
        H164  5 0.0949 0.1623 0.1054 0.1036 0.0421 0.0647 0.0614 0.1071 0.1553 0.1033 
        H165  5 0.0845 0.2266 0.0916 0.0906 0.1112 0.0268 0.1213 0.0871 0.0696 0.0908 
        H166  5 0.1054 0.1325 0.0489 0.0615 0.0619 0.0509 0.2101 0.0805 0.1639 0.0844 
        H169  5 0.0903 0.1639 0.1756 0.0520 0.0783 0.0432 0.0596 0.0682 0.1627 0.1063 
     H169613  5 0.1129 0.1475 0.1403 0.0520 0.0913 0.1029 0.0434 0.0536 0.1506 0.1054 
     H169653  5 0.1183 0.1235 0.0947 0.0663 0.0605 0.0568 0.0899 0.0799 0.1873 0.1229 
     H169728  5 0.1161 0.0879 0.0533 0.1103 0.1208 0.0633 0.0628 0.1222 0.1368 0.1264 
     H169742  5 0.0511 0.0666 0.0842 0.0239 0.0573 0.0569 0.4548 0.0554 0.0841 0.0656 
        H170  5 0.1657 0.1245 0.0945 0.0907 0.0401 0.0606 0.0478 0.0851 0.1215 0.1694 
        H171  5 0.1713 0.0891 0.0614 0.1023 0.0463 0.0412 0.0666 0.1143 0.1361 0.1713 
     H171851  5 0.1273 0.1613 0.0982 0.0706 0.0632 0.0744 0.0596 0.0923 0.1413 0.1116 
     H171852  5 0.1047 0.0821 0.0661 0.0613 0.1691 0.1854 0.0552 0.0675 0.0909 0.1176 
     H171853  5 0.0824 0.0737 0.0717 0.1549 0.1427 0.0807 0.0733 0.1529 0.0891 0.0787 
     H171854  5 0.0933 0.1703 0.0685 0.1244 0.0516 0.0981 0.0467 0.1267 0.1147 0.1059 
     H171938  5 0.0952 0.1036 0.1283 0.1152 0.0638 0.0827 0.1237 0.0661 0.1187 0.1028 
     H171939  5 0.1135 0.1152 0.0412 0.1077 0.0790 0.0410 0.1561 0.1056 0.1041 0.1365 
     H171941  5 0.0626 0.0589 0.2016 0.0396 0.0635 0.1986 0.1643 0.0543 0.0754 0.0811 
     H171965  5 0.1460 0.1392 0.1750 0.0546 0.0391 0.0383 0.0596 0.0625 0.1486 0.1370 
     H171970  5 0.0566 0.0472 0.1477 0.0513 0.0649 0.3470 0.0863 0.0788 0.0604 0.0599 
