        H102  1 0.2525 0.3802 0.3672 
        H103  1 0.5030 0.2173 0.2797 
        H104  1 0.2217 0.4263 0.3521 
        H105  1 0.2768 0.2757 0.4475 
        H106  1 0.3601 0.3673 0.2727 
        H112  1 0.2587 0.4132 0.3281 
        H113  1 0.2738 0.2577 0.4685 
        H114  1 0.2837 0.2253 0.4910 
        H115  1 0.1972 0.3643 0.4385 
        H143  1 0.2872 0.2757 0.4371 
        H144  1 0.4096 0.1812 0.4092 
        H145  1 0.4736 0.2143 0.3121 
        H149  1 0.2477 0.4534 0.2988 
        H150  1 0.3329 0.3185 0.3486 
     H167542  1 0.2315 0.2525 0.5160 
     H169604  1 0.2750 0.2599 0.4651 
     H169607  1 0.3519 0.2209 0.4272 
     H169608  1 0.2471 0.4909 0.2620 
     H169633  1 0.3201 0.2078 0.4721 
     H169688  1 0.4590 0.2966 0.2444 
     H169714  1 0.2837 0.4086 0.3077 
     H171802  1 0.3184 0.4308 0.2509 
     H171805  1 0.3825 0.2720 0.3454 
     H171807  1 0.3343 0.3728 0.2929 
     H171814  1 0.4478 0.2089 0.3434 
     H171816  1 0.2930 0.4089 0.2980 
     H171817  1 0.2723 0.3921 0.3357 
     H171818  1 0.3497 0.2948 0.3555 
     H171819  1 0.3119 0.3440 0.3441 
     H171834  1 0.3016 0.3234 0.3751 
     H171835  1 0.2157 0.5104 0.2739 
     H171836  1 0.4569 0.1672 0.3759 
     H171837  1 0.2358 0.3679 0.3963 
     H171838  1 0.4993 0.2473 0.2534 
     H171839  1 0.2329 0.3617 0.4055 
     H171841  1 0.2844 0.5373 0.1783 
     H171860  1 0.2836 0.3026 0.4138 
     H171861  1 0.3767 0.1778 0.4456 
     H171862  1 0.3387 0.3069 0.3544 
     H171868  1 0.2367 0.2536 0.5097 
     H171869  1 0.4491 0.2650 0.2859 
     H171870  1 0.3718 0.3711 0.2570 
     H171871  1 0.4716 0.2666 0.2618 
     H171872  1 0.2426 0.3488 0.4086 
     H171873  1 0.3608 0.3805 0.2587 
     H171874  1 0.3299 0.2722 0.3979 
     H171875  1 0.3235 0.1785 0.4980 
     H171876  1 0.3124 0.2458 0.4418 
     H171877  1 0.2101 0.2620 0.5279 
     H171878  1 0.3633 0.4049 0.2317 
     H171901  1 0.3055 0.4352 0.2594 
     H171902  1 0.3599 0.3162 0.3239 
     H171903  1 0.3025 0.3212 0.3763 
     H171935  1 0.3824 0.4212 0.1963 
     H171936  1 0.2832 0.2389 0.4779 
     H171940  1 0.2794 0.3596 0.3609 
     H171945  1 0.3794 0.3119 0.3087 
     H171948  1 0.2889 0.3922 0.3189 
     H171949  1 0.2588 0.4699 0.2713 
     H171950  1 0.2198 0.5541 0.2261 
     H171963  1 0.4552 0.2628 0.2820 
     H171964  1 0.4764 0.2354 0.2882 
     H171966  1 0.3827 0.3459 0.2713 
     H171968  1 0.3012 0.3612 0.3376 
     H171971  1 0.4142 0.3554 0.2305 
     H171972  1 0.4485 0.2405 0.3110 
     H171977  1 0.4259 0.2211 0.3530 
     H171978  1 0.3234 0.4268 0.2498 
     H171979  1 0.4761 0.1997 0.3242 
        H176  1 0.2960 0.2847 0.4194 
        H177  1 0.2212 0.5107 0.2681 
        H179  1 0.2032 0.3861 0.4107 
        H181  1 0.4397 0.2353 0.3250 
        H182  1 0.4269 0.2044 0.3686 
        H183  1 0.5029 0.2455 0.2516 
        H184  1 0.2930 0.3720 0.3350 
        H185  1 0.4049 0.2174 0.3778 
        H186  1 0.3280 0.3497 0.3223 
        H187  1 0.3589 0.3498 0.2913 
        H188  1 0.2177 0.3366 0.4457 
        H192  1 0.2631 0.4610 0.2759 
        H193  1 0.4244 0.2362 0.3394 
        H194  1 0.2802 0.3296 0.3902 
        H195  1 0.4901 0.2521 0.2578 
        H199  1 0.4538 0.2458 0.3004 
        H200  1 0.2916 0.3577 0.3506 
        H414  1 0.3784 0.3171 0.3045 
        H415  1 0.3293 0.2549 0.4158 
        H422  1 0.3433 0.3586 0.2981 
        H423  1 0.2310 0.5570 0.2120 
        H424  1 0.4586 0.2174 0.3239 
        H425  1 0.4413 0.2365 0.3222 
        H426  1 0.5137 0.2801 0.2062 
        H443  1 0.3463 0.2278 0.4259 
        H466  1 0.3196 0.3530 0.3275 
        H467  1 0.2425 0.5081 0.2494 
        H472  1 0.3354 0.2980 0.3666 
        H483  1 0.3224 0.2119 0.4657 
        H504  1 0.4709 0.2316 0.2975 
        H505  1 0.2808 0.3902 0.3290 
        H506  1 0.3326 0.3150 0.3524 
        H507  1 0.4121 0.1835 0.4044 
        H508  1 0.3689 0.3825 0.2486 
        H524  1 0.3458 0.2276 0.4266 
        H525  1 0.3241 0.2743 0.4015 
        H526  1 0.2304 0.2135 0.5561 
        H527  1 0.2753 0.4400 0.2848 
        H528  1 0.3767 0.2129 0.4104 
        H529  1 0.3999 0.2035 0.3966 
        H533  1 0.4472 0.2199 0.3329 
        H538  1 0.2758 0.3103 0.4138 
        H539  1 0.4098 0.3290 0.2612 
        H540  1 0.3126 0.3185 0.3689 
        H541  1 0.2540 0.2740 0.4720 
        H558  1 0.5206 0.2709 0.2085 
        H559  1 0.2708 0.2933 0.4359 
        H579  1 0.3861 0.2488 0.3652 
        H584  1 0.4373 0.2540 0.3087 
        H585  1 0.3954 0.2772 0.3274 
        H605  1 0.3028 0.3809 0.3163 
        H606  1 0.2026 0.4676 0.3298 
        H632  1 0.4211 0.2443 0.3346 
        H634  1 0.3803 0.2985 0.3212 
        H671  1 0.2400 0.4818 0.2782 
        H672  1 0.3367 0.3189 0.3445 
        H673  1 0.3510 0.2598 0.3892 
        H689  1 0.3455 0.2390 0.4156 
        H690  1 0.2298 0.4167 0.3535 
        H691  1 0.2216 0.2709 0.5075 
        H692  1 0.4694 0.1491 0.3815 
        H709  1 0.3506 0.3175 0.3319 
        H710  1 0.4673 0.1872 0.3455 
       H7355  1 0.2898 0.2001 0.5101 
       H7356  1 0.3734 0.3136 0.3130 
       H7357  1 0.2630 0.3477 0.3893 
       H7358  1 0.3327 0.2224 0.4449 
       H7380  1 0.3194 0.2542 0.4264 
       H7381  1 0.3204 0.4354 0.2442 
       H7382  1 0.3326 0.2622 0.4052 
        H904  1 0.1639 0.5610 0.2751 
        H923  1 0.3014 0.3518 0.3468 
        H924  1 0.2759 0.3656 0.3585 
        H925  1 0.2504 0.2385 0.5110 
       H9558  1 0.5538 0.2536 0.1926 
        H008  2 0.3380 0.1907 0.4713 
        H021  2 0.2465 0.4078 0.3457 
        H023  2 0.2210 0.4308 0.3481 
        H024  2 0.5239 0.1954 0.2807 
        H025  2 0.3474 0.4091 0.2435 
        H026  2 0.4897 0.2020 0.3083 
        H027  2 0.2691 0.2673 0.4635 
        H028  2 0.3986 0.2604 0.3410 
        H029  2 0.3526 0.2222 0.4251 
        H030  2 0.5105 0.2023 0.2871 
        H038  2 0.2592 0.4480 0.2929 
        H039  2 0.1710 0.6586 0.1704 
        H040  2 0.2944 0.4578 0.2478 
        H041  2 0.2486 0.2522 0.4992 
        H042  2 0.3009 0.3409 0.3583 
        H043  2 0.2867 0.5313 0.1820 
        H044  2 0.5159 0.2362 0.2479 
        H047  2 0.3606 0.3971 0.2423 
        H050  2 0.4512 0.2592 0.2897 
        H058  2 0.3611 0.4087 0.2302 
        H062  2 0.2416 0.3758 0.3826 
        H063  2 0.2398 0.4697 0.2906 
        H065  2 0.3926 0.3281 0.2793 
        H066  2 0.4412 0.3099 0.2488 
        H067  2 0.2803 0.2373 0.4824 
        H068  2 0.2766 0.4974 0.2260 
        H069  2 0.4138 0.3198 0.2664 
        H071  2 0.2575 0.4331 0.3094 
        H072  2 0.2301 0.5040 0.2660 
        H073  2 0.3424 0.2528 0.4048 
        H081  2 0.2164 0.2837 0.4999 
        H082  2 0.5165 0.2029 0.2806 
        H083  2 0.4822 0.2380 0.2798 
        H084  2 0.3535 0.3528 0.2936 
        H085  2 0.2150 0.2367 0.5483 
        H087  2 0.2199 0.2573 0.5228 
        H088  2 0.2338 0.4189 0.3473 
        H089  2 0.2746 0.2482 0.4772 
        H090  2 0.4201 0.2277 0.3522 
        H091  2 0.3101 0.1914 0.4985 
        H098  2 0.3953 0.2534 0.3513 
      H10001  2 0.1657 0.6564 0.1780 
      H10002  2 0.2110 0.4343 0.3547 
        H101  2 0.4904 0.2557 0.2539 
        H108  2 0.2127 0.3917 0.3956 
        H109  2 0.3701 0.3889 0.2410 
        H110  2 0.2682 0.2275 0.5043 
        H116  2 0.4176 0.2688 0.3136 
        H117  2 0.2754 0.2163 0.5083 
        H118  2 0.3834 0.1706 0.4460 
        H119  2 0.2561 0.3771 0.3668 
        H120  2 0.1885 0.5007 0.3108 
        H121  2 0.3434 0.2107 0.4459 
        H125  2 0.1696 0.6419 0.1885 
        H126  2 0.4579 0.2692 0.2729 
        H128  2 0.5502 0.1293 0.3205 
        H129  2 0.5174 0.2076 0.2751 
        H130  2 0.3427 0.4736 0.1837 
        H133  2 0.2545 0.5363 0.2092 
        H134  2 0.5736 0.1916 0.2349 
        H135  2 0.2578 0.3189 0.4234 
        H137  2 0.3762 0.3076 0.3161 
        H138  2 0.4718 0.2460 0.2822 
        H140  2 0.3551 0.2957 0.3492 
        H146  2 0.3772 0.2553 0.3675 
        H147  2 0.2870 0.2418 0.4712 
        H148  2 0.2355 0.2415 0.5230 
     H166022  2 0.3862 0.2191 0.3946 
     H167359  2 0.3698 0.3080 0.3222 
     H167397  2 0.4651 0.1489 0.3860 
     H167428  2 0.3014 0.1452 0.5535 
     H167496  2 0.1968 0.4541 0.3491 
     H167513  2 0.4176 0.3611 0.2212 
     H167545  2 0.4691 0.2425 0.2885 
     H167547  2 0.5772 0.2015 0.2213 
     H169621  2 0.4236 0.2307 0.3457 
     H169622  2 0.3541 0.2467 0.3992 
     H169750  2 0.3903 0.4066 0.2030 
     H171806  2 0.3079 0.3638 0.3283 
     H171808  2 0.3298 0.2816 0.3886 
     H171809  2 0.2705 0.3050 0.4245 
     H171813  2 0.3864 0.3428 0.2708 
     H171815  2 0.2534 0.5448 0.2018 
     H171824  2 0.1841 0.3889 0.4269 
     H171825  2 0.3442 0.2711 0.3848 
     H171826  2 0.2566 0.3516 0.3918 
     H171827  2 0.2874 0.3833 0.3294 
     H171828  2 0.1608 0.5453 0.2939 
     H171829  2 0.4064 0.3535 0.2402 
     H171830  2 0.3519 0.3332 0.3149 
     H171831  2 0.4856 0.1960 0.3184 
     H171832  2 0.4049 0.2787 0.3164 
     H171863  2 0.5520 0.1893 0.2587 
     H171864  2 0.3058 0.2896 0.4046 
     H171865  2 0.2649 0.4858 0.2493 
     H171879  2 0.3647 0.3023 0.3330 
     H171880  2 0.3868 0.2532 0.3600 
     H171881  2 0.3125 0.2552 0.4323 
     H171882  2 0.1953 0.5835 0.2212 
     H171929  2 0.3376 0.2634 0.3990 
     H171930  2 0.5251 0.2100 0.2649 
     H171933  2 0.3638 0.2782 0.3580 
     H171934  2 0.2593 0.2899 0.4508 
     H171937  2 0.4903 0.2632 0.2465 
     H171962  2 0.3301 0.2545 0.4155 
        H190  2 0.4009 0.2605 0.3386 
        H191  2 0.3546 0.3220 0.3234 
        H396  2 0.2319 0.2878 0.4803 
        H397  2 0.3791 0.2854 0.3355 
        H398  2 0.3268 0.3472 0.3260 
        H400  2 0.2774 0.2970 0.4256 
        H401  2 0.5516 0.1676 0.2808 
        H402  2 0.3500 0.2455 0.4045 
        H427  2 0.2466 0.2608 0.4927 
        H428  2 0.3052 0.1425 0.5523 
        H497  2 0.3405 0.4285 0.2310 
        H512  2 0.3516 0.3192 0.3292 
        H513  2 0.4252 0.3598 0.2150 
        H514  2 0.4233 0.3072 0.2696 
        H519  2 0.4095 0.3552 0.2353 
        H532  2 0.2442 0.2066 0.5492 
        H543  2 0.3559 0.2362 0.4079 
        H544  2 0.4548 0.3188 0.2264 
        H545  2 0.5104 0.2147 0.2749 
        H546  2 0.3034 0.4490 0.2476 
        H547  2 0.5744 0.2023 0.2233 
        H548  2 0.2954 0.2658 0.4389 
        H549  2 0.4140 0.3490 0.2370 
        H620  2 0.1837 0.5812 0.2352 
        H623  2 0.5033 0.2444 0.2523 
        H624  2 0.3480 0.4596 0.1924 
        H625  2 0.3045 0.2664 0.4291 
        H626  2 0.3425 0.3345 0.3229 
        H654  2 0.1921 0.6451 0.1628 
        H655  2 0.2981 0.4418 0.2601 
        H656  2 0.2047 0.5110 0.2843 
        H666  2 0.2385 0.5811 0.1804 
        H667  2 0.2848 0.2813 0.4339 
        H677  2 0.3031 0.2765 0.4204 
        H693  2 0.1986 0.4229 0.3785 
        H694  2 0.4880 0.2388 0.2732 
        H701  2 0.3978 0.2529 0.3494 
        H702  2 0.2984 0.3887 0.3130 
        H731  2 0.2508 0.3803 0.3688 
       H7359  2 0.3634 0.3086 0.3279 
       H7389  2 0.3114 0.3047 0.3840 
       H7390  2 0.2368 0.5308 0.2323 
       H7391  2 0.1886 0.2154 0.5960 
       H7392  2 0.3420 0.3357 0.3223 
       H7393  2 0.3053 0.4059 0.2889 
       H7398  2 0.2492 0.2654 0.4854 
       H7399  2 0.3315 0.2343 0.4341 
       H7400  2 0.2075 0.6036 0.1889 
        H745  2 0.5385 0.2166 0.2449 
        H746  2 0.3492 0.2475 0.4033 
        H747  2 0.2636 0.4871 0.2493 
        H748  2 0.3583 0.3399 0.3018 
       H7484  2 0.2425 0.5036 0.2540 
       H7485  2 0.4165 0.3032 0.2802 
        H749  2 0.3762 0.2535 0.3703 
        H930  2 0.4987 0.2222 0.2791 
        H931  2 0.2954 0.2910 0.4136 
        H932  2 0.3124 0.3466 0.3409 
        H111  3 0.5180 0.2360 0.2460 
        H951  3 0.4336 0.2336 0.3328 
        H952  3 0.3871 0.3108 0.3021 
        H953  3 0.2674 0.2085 0.5241 
        H954  3 0.2524 0.5190 0.2286 
        H955  3 0.4660 0.2309 0.3030 
        H956  3 0.2723 0.3736 0.3542 
       H9563  3 0.2829 0.3381 0.3791 
        H002  4 0.3196 0.4722 0.2082 
        H003  4 0.2933 0.2294 0.4773 
        H009  4 0.4484 0.2768 0.2748 
        H010  4 0.3004 0.2816 0.4180 
        H011  4 0.2080 0.5039 0.2881 
        H012  4 0.3007 0.2341 0.4653 
        H013  4 0.2449 0.3515 0.4036 
        H014  4 0.3701 0.3256 0.3044 
        H045  4 0.2342 0.3483 0.4175 
        H046  4 0.3660 0.2272 0.4069 
        H051  4 0.2468 0.3916 0.3616 
        H052  4 0.3563 0.3987 0.2450 
        H053  4 0.2973 0.3923 0.3104 
        H056  4 0.3168 0.4525 0.2307 
        H076  4 0.4044 0.2204 0.3752 
        H151  4 0.2287 0.5791 0.1922 
        H152  4 0.3097 0.4507 0.2397 
     H171803  4 0.2445 0.4733 0.2822 
     H171804  4 0.2754 0.4010 0.3237 
     H171833  4 0.4940 0.2561 0.2499 
     H171855  4 0.2916 0.5235 0.1849 
     H171856  4 0.3326 0.3670 0.3004 
     H171857  4 0.3201 0.4385 0.2413 
     H171858  4 0.3300 0.3161 0.3538 
     H171859  4 0.2971 0.3603 0.3426 
     H171961  4 0.2645 0.4134 0.3221 
        H198  4 0.3664 0.1899 0.4437 
      H20001  4 0.5126 0.2794 0.2080 
        H403  4 0.3470 0.3693 0.2837 
        H404  4 0.3091 0.2391 0.4518 
        H405  4 0.3422 0.2318 0.4260 
        H406  4 0.5347 0.2819 0.1834 
        H407  4 0.2761 0.3666 0.3573 
        H410  4 0.3632 0.1917 0.4452 
        H411  4 0.5139 0.2583 0.2278 
        H468  4 0.4778 0.3372 0.1850 
        H476  4 0.3810 0.3960 0.2230 
        H477  4 0.5197 0.2389 0.2414 
        H478  4 0.3318 0.2712 0.3970 
        H479  4 0.2530 0.3711 0.3759 
        H480  4 0.5026 0.2430 0.2544 
        H498  4 0.3494 0.3037 0.3470 
        H499  4 0.3311 0.3371 0.3318 
        H500  4 0.2047 0.5090 0.2863 
        H515  4 0.3012 0.4045 0.2943 
        H516  4 0.3781 0.3598 0.2621 
        H517  4 0.3310 0.3191 0.3499 
        H518  4 0.3680 0.4095 0.2225 
        H520  4 0.2848 0.4751 0.2400 
        H521  4 0.3166 0.2710 0.4124 
        H522  4 0.3060 0.4065 0.2875 
        H523  4 0.3195 0.3844 0.2960 
        H536  4 0.2942 0.2835 0.4223 
        H645  4 0.1852 0.3267 0.4881 
        H646  4 0.4611 0.2263 0.3126 
        H647  4 0.3834 0.3099 0.3067 
        H657  4 0.3845 0.2439 0.3716 
        H658  4 0.3132 0.3709 0.3159 
        H659  4 0.1937 0.6274 0.1789 
        H660  4 0.3477 0.3830 0.2694 
        H661  4 0.2796 0.4842 0.2362 
        H668  4 0.2796 0.2356 0.4848 
        H669  4 0.2637 0.3385 0.3978 
        H670  4 0.1999 0.3166 0.4834 
        H678  4 0.3611 0.3313 0.3076 
        H679  4 0.4193 0.2377 0.3430 
        H680  4 0.3861 0.3355 0.2785 
        H681  4 0.2535 0.3744 0.3720 
        H682  4 0.3187 0.2990 0.3823 
        H683  4 0.3772 0.4165 0.2063 
        H718  4 0.2537 0.4921 0.2542 
        H719  4 0.2752 0.3360 0.3888 
        H720  4 0.3667 0.3804 0.2528 
        H721  4 0.3964 0.3760 0.2276 
        H722  4 0.3990 0.4058 0.1952 
        H723  4 0.2192 0.4115 0.3693 
        H724  4 0.2174 0.5489 0.2337 
        H725  4 0.2559 0.5402 0.2039 
        H726  4 0.2731 0.4559 0.2709 
        H727  4 0.2264 0.4075 0.3661 
        H910  4 0.2622 0.4077 0.3301 
        H911  4 0.4163 0.2604 0.3234 
        H912  4 0.3696 0.3692 0.2611 
        H913  4 0.2829 0.4245 0.2926 
        H914  4 0.1901 0.4402 0.3696 
        H915  4 0.3479 0.3747 0.2774 
        H916  4 0.4536 0.3330 0.2133 
       H9572  4 0.3437 0.3801 0.2762 
        H015  5 0.5067 0.2328 0.2604 
        H016  5 0.4577 0.2492 0.2932 
        H017  5 0.4125 0.3742 0.2132 
        H019  5 0.4080 0.2902 0.3018 
        H020  5 0.3013 0.3674 0.3314 
        H032  5 0.3458 0.3766 0.2775 
        H033  5 0.3146 0.2687 0.4167 
        H034  5 0.2161 0.4215 0.3624 
        H035  5 0.3450 0.3325 0.3225 
        H036  5 0.3932 0.2730 0.3338 
        H037  5 0.2601 0.4492 0.2908 
        H048  5 0.2155 0.4453 0.3391 
        H049  5 0.4493 0.3002 0.2505 
        H054  5 0.3015 0.3144 0.3841 
        H055  5 0.2511 0.3839 0.3650 
        H057  5 0.4267 0.3491 0.2242 
        H060  5 0.2986 0.4084 0.2930 
        H061  5 0.3095 0.2649 0.4257 
        H064  5 0.2933 0.3779 0.3288 
        H070  5 0.2459 0.3726 0.3815 
        H077  5 0.2811 0.4904 0.2285 
        H078  5 0.3284 0.4593 0.2123 
        H079  5 0.2807 0.2215 0.4978 
        H097  5 0.4497 0.3795 0.1709 
        H107  5 0.1685 0.5582 0.2733 
        H122  5 0.4025 0.3161 0.2814 
        H123  5 0.4033 0.2366 0.3601 
        H124  5 0.3335 0.2345 0.4321 
        H131  5 0.3688 0.2422 0.3889 
        H132  5 0.2851 0.3493 0.3656 
        H141  5 0.2820 0.4043 0.3137 
        H142  5 0.4046 0.2325 0.3629 
        H157  5 0.2406 0.4620 0.2973 
        H158  5 0.4931 0.2348 0.2720 
        H159  5 0.4587 0.2248 0.3165 
        H160  5 0.3761 0.3404 0.2835 
        H163  5 0.4009 0.2663 0.3328 
        H164  5 0.3674 0.2805 0.3521 
        H165  5 0.2784 0.2077 0.5140 
        H166  5 0.4138 0.2547 0.3315 
        H169  5 0.3146 0.3006 0.3848 
     H169613  5 0.3800 0.3257 0.2944 
     H169653  5 0.3882 0.2439 0.3679 
     H169728  5 0.4091 0.3064 0.2845 
     H169742  5 0.2267 0.3258 0.4476 
        H170  5 0.4691 0.3009 0.2300 
        H171  5 0.4764 0.2712 0.2524 
     H171851  5 0.3906 0.3104 0.2989 
     H171852  5 0.2986 0.4378 0.2637 
     H171853  5 0.2809 0.3838 0.3353 
     H171854  5 0.4063 0.3249 0.2689 
     H171938  5 0.2333 0.3000 0.4667 
     H171939  5 0.4305 0.2348 0.3347 
     H171941  5 0.2254 0.4661 0.3084 
     H171965  5 0.3800 0.2420 0.3779 
     H171970  5 0.2259 0.5305 0.2435 
     H171973  5 0.2683 0.2341 0.4976 
     H171974  5 0.2508 0.3212 0.4281 
     H171975  5 0.2954 0.3372 0.3675 
     H171976  5 0.4643 0.3264 0.2093 
        H175  5 0.2248 0.4264 0.3488 
        H178  5 0.2974 0.3448 0.3577 
        H189  5 0.4280 0.2119 0.3601 
        H399  5 0.4783 0.3063 0.2153 
        H416  5 0.2844 0.3377 0.3778 
        H438  5 0.2653 0.3118 0.4229 
        H450  5 0.2541 0.4816 0.2644 
        H455  5 0.2060 0.4838 0.3102 
        H456  5 0.2502 0.3119 0.4379 
        H457  5 0.3278 0.4403 0.2318 
        H458  5 0.2670 0.3989 0.3341 
        H459  5 0.4044 0.2275 0.3682 
        H460  5 0.3326 0.3788 0.2886 
        H461  5 0.4769 0.2973 0.2257 
        H462  5 0.3525 0.2666 0.3809 
        H469  5 0.3962 0.2226 0.3812 
        H470  5 0.3229 0.3816 0.2955 
        H471  5 0.5260 0.2293 0.2447 
        H481  5 0.2076 0.5385 0.2540 
        H482  5 0.2880 0.4204 0.2916 
        H501  5 0.2819 0.3439 0.3742 
        H502  5 0.4465 0.2169 0.3365 
        H503  5 0.4174 0.2790 0.3035 
        H509  5 0.2685 0.4294 0.3021 
        H510  5 0.3621 0.3061 0.3318 
        H511  5 0.3853 0.2605 0.3542 
        H530  5 0.2376 0.3577 0.4047 
        H531  5 0.2765 0.4817 0.2419 
        H564  5 0.2802 0.4056 0.3143 
        H565  5 0.2639 0.5011 0.2350 
        H567  5 0.4320 0.1950 0.3730 
     H568???  5 0.4690 0.2439 0.2870 
        H608  5 0.2404 0.4967 0.2630 
        H609  5 0.2541 0.2548 0.4911 
        H612  5 0.1820 0.5021 0.3160 
        H614  5 0.2530 0.5187 0.2283 
        H615  5 0.3101 0.4646 0.2253 
        H616  5 0.1673 0.5330 0.2997 
        H617  5 0.3485 0.2266 0.4249 
        H618  5 0.2402 0.4524 0.3074 
        H619  5 0.2307 0.2298 0.5394 
        H635  5 0.3425 0.3040 0.3534 
        H636  5 0.2388 0.2404 0.5207 
        H637  5 0.2789 0.3512 0.3699 
        H644  5 0.6049 0.1556 0.2395 
        H711  5 0.4286 0.2940 0.2774 
        H712  5 0.2181 0.3393 0.4427 
       H7360  5 0.3673 0.3490 0.2837 
       H7361  5 0.2855 0.4274 0.2871 
       H7362  5 0.5478 0.1714 0.2809 
       H7363  5 0.3495 0.3883 0.2622 
       H7394  5 0.4287 0.2441 0.3272 
       H7395  5 0.2750 0.3382 0.3868 
       H7396  5 0.3179 0.3373 0.3449 
        H742  5 0.2171 0.3269 0.4560 
        H743  5 0.2868 0.3337 0.3795 
        H744  5 0.2004 0.4832 0.3164 
        H957  5 0.3791 0.3570 0.2639 
        H958  5 0.3900 0.2925 0.3175 
        H959  5 0.2025 0.4477 0.3498 
        H960  5 0.2928 0.3147 0.3924 
      H_PALI  6 0.3774 0.3188 0.3039 
        H581  6 0.3261 0.3994 0.2745 
        H582  6 0.2621 0.5332 0.2047 
        H583  6 0.3195 0.3696 0.3109 
        H595  6 0.4960 0.2119 0.2921 
        H596  6 0.4499 0.2095 0.3407 
        H597  6 0.4555 0.2102 0.3342 
        H598  6 0.2845 0.3426 0.3729 
        H599  6 0.2731 0.3891 0.3378 
        H642  6 0.5122 0.2646 0.2232 
        H643  6 0.2966 0.3132 0.3902 
        H664  6 0.3253 0.5085 0.1662 
        H665  6 0.2308 0.2773 0.4919 
        H674  6 0.5590 0.1962 0.2448 
        H675  6 0.3497 0.4075 0.2428 
        H676  6 0.4888 0.2567 0.2545 
        H686  6 0.3835 0.3137 0.3027 
        H687  6 0.3898 0.3415 0.2687 
        H917  6 0.3519 0.2063 0.4418 
        H918  6 0.2641 0.2651 0.4708 
        H919  6 0.1987 0.4595 0.3418 
        H920  6 0.3115 0.4210 0.2676 
        H631  7 0.2812 0.4114 0.3074 
        H684  7 0.4967 0.2246 0.2787 
        H685  7 0.2708 0.5174 0.2119 
        H713  7 0.2253 0.5390 0.2358 
        H715  7 0.4572 0.2603 0.2825 
        H716  7 0.2746 0.3522 0.3731 
        H717  7 0.3083 0.3553 0.3364 
        H729  7 0.2907 0.2025 0.5069 
        H730  7 0.2217 0.2972 0.4811 
        H431  8 0.2647 0.4200 0.3153 
        H432  8 0.4768 0.1954 0.3278 
        H433  8 0.3389 0.2656 0.3955 
        H434  8 0.3746 0.2876 0.3378 
        H444  8 0.3015 0.2540 0.4445 
        H454  8 0.2261 0.4684 0.3055 
        H475  8 0.2472 0.5412 0.2116 
        H491  8 0.2851 0.4035 0.3114 
        H492  8 0.2628 0.4747 0.2625 
        H493  8 0.3864 0.3005 0.3131 
        H494  8 0.3149 0.3521 0.3331 
        H495  8 0.3113 0.4993 0.1894 
        H662  8 0.3879 0.3042 0.3078 
        H663  8 0.3100 0.3482 0.3417 
        H695  8 0.2730 0.3542 0.3728 
       H7367  8 0.3800 0.2136 0.4064 
       H7368  8 0.3828 0.2508 0.3664 
       H7369  8 0.2600 0.2782 0.4619 
       H7370  8 0.4723 0.2056 0.3221 
       H7371  8 0.2922 0.3061 0.4017 
        H600  9 0.2649 0.4452 0.2899 
        H648  9 0.3791 0.3388 0.2822 
        H696  9 0.5696 0.1882 0.2423 
        H697  9 0.3284 0.2733 0.3983 
        H698  9 0.3810 0.2624 0.3566 
        H699  9 0.3607 0.3030 0.3363 
        H700  9 0.2235 0.4578 0.3187 
        H732  9 0.2911 0.4887 0.2202 
        H733  9 0.3934 0.2283 0.3783 
        H734  9 0.4979 0.2268 0.2754 
        H735  9 0.4425 0.2608 0.2967 
        H736  9 0.3142 0.3674 0.3185 
        H737  9 0.2575 0.3626 0.3799 
        H905  9 0.2310 0.4049 0.3641 
        H921  9 0.2373 0.3693 0.3933 
        H922  9 0.4200 0.2071 0.3729 
     H169705 10 0.3765 0.2759 0.3477 
     H171942 10 0.4840 0.1886 0.3274 
     H171943 10 0.3794 0.3233 0.2973 
     H171944 10 0.3004 0.3364 0.3632 
     H171946 10 0.3205 0.4761 0.2034 
     H171947 10 0.3683 0.2780 0.3536 
     H229641 10 0.3777 0.3542 0.2681 
      H30001 10 0.2957 0.3563 0.3481 
      H30002 10 0.2824 0.3207 0.3968 
      H30005 10 0.3592 0.2945 0.3464 
      H30006 10 0.4420 0.2401 0.3179 
      H30007 10 0.5301 0.2012 0.2686 
        H451 10 0.4107 0.2240 0.3653 
        H452 10 0.4044 0.2952 0.3005 
        H453 10 0.2710 0.4869 0.2421 
        H473 10 0.2839 0.3476 0.3685 
        H474 10 0.2588 0.5780 0.1632 
        H486 10 0.2927 0.4065 0.3009 
        H487 10 0.2717 0.4284 0.2999 
        H488 10 0.2326 0.3182 0.4492 
        H489 10 0.2409 0.4883 0.2708 
        H550 10 0.4797 0.2657 0.2547 
        H551 10 0.2628 0.3515 0.3857 
        H553 10 0.2845 0.4585 0.2571 
        H554 10 0.3874 0.2701 0.3425 
        H556 10 0.3691 0.3458 0.2851 
        H580 10 0.3374 0.2712 0.3913 
        H591 10 0.1957 0.5471 0.2572 
        H592 10 0.2978 0.4099 0.2923 
        H593 10 0.3445 0.3164 0.3391 
        H594 10 0.4587 0.1785 0.3628 
        H627 10 0.3831 0.3838 0.2331 
        H628 10 0.2786 0.1637 0.5577 
        H629 10 0.4045 0.3587 0.2368 
        H630 10 0.3864 0.3676 0.2460 
        H638 10 0.4064 0.2891 0.3045 
        H639 10 0.3294 0.4579 0.2127 
        H640 10 0.4438 0.2728 0.2834 
        H704 10 0.4163 0.2310 0.3527 
        H705 10 0.3696 0.2708 0.3596 
        H706 10 0.2048 0.4044 0.3908 
        H708 10 0.2209 0.5348 0.2443 
       H7351 10 0.3727 0.3040 0.3233 
       H7352 10 0.3091 0.3451 0.3458 
       H7353 10 0.5095 0.2309 0.2596 
       H7354 10 0.2464 0.3955 0.3580 
       H7365 10 0.2191 0.5194 0.2615 
       H7383 10 0.2391 0.3739 0.3870 
       H7384 10 0.2481 0.3635 0.3883 
       H7385 10 0.2593 0.4494 0.2913 
       H7386 10 0.3143 0.2749 0.4108 
       H7387 10 0.3368 0.2819 0.3813 
       H7388 10 0.3187 0.2977 0.3836 
        H906 10 0.3213 0.4017 0.2771 
        H907 10 0.4748 0.2424 0.2828 
        H908 10 0.3060 0.3426 0.3515 
        H909 10 0.2496 0.3045 0.4459 
       H9552 10 0.3558 0.2962 0.3480 
       H9553 10 0.2905 0.3953 0.3142 
       H9555 10 0.3278 0.2707 0.4014 
       H9575 10 0.2866 0.4846 0.2289 
       H9703 10 0.2270 0.5151 0.2579 
       H9707 10 0.2780 0.4649 0.2571 
       HSAA4 10 0.3320 0.2740 0.3940 
        H001 11 0.2668 0.3349 0.3983 
        H004 11 0.3356 0.3188 0.3456 
        H005 11 0.2029 0.4918 0.3052 
        H006 11 0.2912 0.3521 0.3567 
        H007 11 0.1948 0.4074 0.3978 
        H031 11 0.1901 0.5535 0.2564 
        H074 11 0.2990 0.4840 0.2170 
        H075 11 0.1917 0.4740 0.3344 
        H080 11 0.2579 0.4349 0.3071 
        H086 11 0.3290 0.3392 0.3318 
        H092 11 0.2798 0.4026 0.3175 
        H093 11 0.4732 0.1883 0.3384 
        H094 11 0.4271 0.3224 0.2506 
        H095 11 0.2444 0.4274 0.3282 
        H096 11 0.2269 0.3561 0.4170 
        H099 11 0.3046 0.3936 0.3018 
        H100 11 0.3632 0.2113 0.4255 
        H127 11 0.2609 0.3698 0.3693 
        H136 11 0.2340 0.5288 0.2372 
        H153 11 0.4250 0.2969 0.2781 
        H154 11 0.2600 0.5203 0.2198 
        H155 11 0.2707 0.1777 0.5516 
        H156 11 0.3316 0.1625 0.5059 
        H161 11 0.3936 0.3022 0.3042 
        H162 11 0.4542 0.2272 0.3186 
        H167 11 0.2997 0.2621 0.4382 
        H168 11 0.3055 0.2918 0.4027 
     H169586 11 0.3921 0.4196 0.1883 
     H169738 11 0.2903 0.2183 0.4914 
     H169741 11 0.2662 0.4872 0.2466 
     H171801 11 0.4713 0.2434 0.2853 
     H171810 11 0.2844 0.5027 0.2129 
     H171811 11 0.2732 0.5123 0.2144 
     H171812 11 0.2206 0.3071 0.4722 
     H171820 11 0.2600 0.4824 0.2576 
     H171821 11 0.3540 0.2528 0.3932 
     H171822 11 0.3419 0.3134 0.3447 
     H171823 11 0.3425 0.4772 0.1802 
     H171866 11 0.3835 0.2413 0.3752 
     H171867 11 0.2816 0.2393 0.4791 
     H171967 11 0.2050 0.4312 0.3638 
     H171969 11 0.3130 0.3220 0.3650 
        H172 11 0.2985 0.2948 0.4068 
        H173 11 0.2289 0.2802 0.4909 
        H174 11 0.5194 0.2251 0.2555 
        H196 11 0.3221 0.2140 0.4640 
        H197 11 0.3218 0.2583 0.4199 
        H346 11 0.2458 0.3330 0.4212 
        H355 11 0.2731 0.3499 0.3770 
        H356 11 0.2807 0.3913 0.3280 
        H357 11 0.2514 0.4324 0.3162 
        H358 11 0.2319 0.3058 0.4622 
        H359 11 0.3408 0.3613 0.2979 
        H360 11 0.2749 0.3266 0.3985 
        H361 11 0.2978 0.2657 0.4365 
        H362 11 0.4647 0.1924 0.3429 
        H363 11 0.2232 0.4853 0.2915 
        H364 11 0.3192 0.3342 0.3465 
        H365 11 0.3050 0.2523 0.4427 
        H366 11 0.2796 0.2342 0.4862 
        H367 11 0.2744 0.5005 0.2251 
        H368 11 0.4629 0.3024 0.2348 
        H369 11 0.1982 0.5005 0.3014 
        H370 11 0.3601 0.2788 0.3611 
        H371 11 0.3845 0.3165 0.2990 
        H372 11 0.3068 0.2702 0.4231 
        H373 11 0.3204 0.3324 0.3472 
        H374 11 0.2357 0.3964 0.3680 
        H375 11 0.2535 0.3637 0.3827 
        H376 11 0.3948 0.2417 0.3636 
        H377 11 0.2809 0.3945 0.3245 
        H378 11 0.3216 0.3871 0.2913 
        H379 11 0.3886 0.3294 0.2821 
        H380 11 0.2873 0.2151 0.4976 
        H381 11 0.3132 0.4750 0.2118 
        H382 11 0.4529 0.1852 0.3619 
        H383 11 0.3734 0.1987 0.4279 
        H384 11 0.2614 0.4396 0.2991 
        H385 11 0.3029 0.4254 0.2717 
        H386 11 0.2148 0.2665 0.5187 
        H387 11 0.4508 0.3133 0.2359 
        H388 11 0.3137 0.1835 0.5028 
        H389 11 0.2611 0.3197 0.4192 
        H390 11 0.3480 0.2859 0.3661 
        H391 11 0.4411 0.2688 0.2901 
        H392 11 0.1956 0.4652 0.3392 
        H393 11 0.4334 0.2111 0.3556 
        H394 11 0.5379 0.2235 0.2386 
        H395 11 0.2260 0.4400 0.3340 
        H408 11 0.2211 0.2978 0.4812 
        H412 11 0.3091 0.5444 0.1465 
        H417 11 0.2600 0.3899 0.3501 
        H418 11 0.4046 0.3739 0.2216 
        H429 11 0.2823 0.2782 0.4395 
        H430 11 0.3472 0.2278 0.4251 
        H439 11 0.2777 0.3550 0.3674 
        H440 11 0.2207 0.5089 0.2705 
        H441 11 0.3926 0.2608 0.3466 
        H442 11 0.3292 0.2541 0.4167 
        H446 11 0.3629 0.3177 0.3194 
        H447 11 0.2718 0.2478 0.4805 
        H448 11 0.2504 0.2735 0.4761 
        H534 11 0.2444 0.5495 0.2061 
        H537 11 0.2940 0.4704 0.2356 
        H568 11 0.2220 0.5751 0.2029 
        H569 11 0.3717 0.1747 0.4535 
        H586 11 0.3947 0.4260 0.1794 
        H587 11 0.2070 0.5350 0.2580 
        H588 11 0.4773 0.2256 0.2971 
        H589 11 0.2094 0.5032 0.2873 
        H590 11 0.2773 0.4336 0.2891 
        H601 11 0.4125 0.2102 0.3773 
        H602 11 0.2870 0.3934 0.3196 
        H603 11 0.3090 0.2316 0.4595 
        H610 11 0.2931 0.3898 0.3171 
        H611 11 0.3060 0.4540 0.2400 
        H649 11 0.3520 0.3203 0.3277 
        H650 11 0.5118 0.2506 0.2376 
        H651 11 0.2539 0.2645 0.4816 
        H652 11 0.3911 0.3471 0.2618 
       H7364 11 0.3236 0.2709 0.4054 
       H7366 11 0.2364 0.3171 0.4465 
       H7378 11 0.6529 0.1465 0.2006 
       H7379 11 0.3329 0.3173 0.3497 
        H739 11 0.2653 0.4593 0.2754 
        H740 11 0.4433 0.2788 0.2779 
        H741 11 0.2580 0.4927 0.2493 
        H926 11 0.4580 0.2684 0.2736 
        H927 11 0.3059 0.2583 0.4358 
        H928 11 0.3997 0.3443 0.2560 
       H9560 11 0.4094 0.3167 0.2739 
        H409 12 0.3190 0.2280 0.4530 
        H413 12 0.5425 0.2345 0.2231 
        H419 12 0.2752 0.2688 0.4560 
        H420 12 0.2648 0.3867 0.3485 
        H421 12 0.4152 0.1968 0.3880 
        H435 12 0.3971 0.2477 0.3553 
        H436 12 0.2261 0.3208 0.4532 
        H437 12 0.2951 0.4661 0.2387 
        H445 12 0.2611 0.2334 0.5054 
        H449 12 0.4015 0.2852 0.3134 
        H463 12 0.3206 0.4094 0.2700 
        H464 12 0.4969 0.2116 0.2915 
        H465 12 0.4984 0.3188 0.1828 
        H490 12 0.4891 0.2217 0.2892 
        H561 12 0.3803 0.3123 0.3074 
        H562 12 0.2250 0.2856 0.4894 
        H563 12 0.2844 0.3300 0.3856 
        H570 12 0.2123 0.4258 0.3619 
        H571 12 0.4300 0.3464 0.2236 
        H572 12 0.3148 0.3915 0.2936 
        H573 12 0.3107 0.2253 0.4640 
       H7372 12 0.2998 0.1642 0.5360 
       H7373 12 0.5347 0.2307 0.2346 
       H7374 12 0.2595 0.3818 0.3587 
       H7375 12 0.2424 0.4141 0.3436 
       H7376 12 0.2376 0.1811 0.5812 
       H7377 12 0.2840 0.4585 0.2575 
