        H102  1 0.4178 0.2478 0.3344 
        H103  1 0.3299 0.4572 0.2129 
        H104  1 0.3377 0.2304 0.4319 
        H105  1 0.4266 0.2681 0.3053 
        H106  1 0.3118 0.3333 0.3550 
        H112  1 0.3218 0.2594 0.4189 
        H113  1 0.4096 0.2784 0.3120 
        H114  1 0.4619 0.2913 0.2468 
        H115  1 0.4183 0.2126 0.3692 
        H143  1 0.4279 0.2977 0.2743 
        H144  1 0.3799 0.4073 0.2128 
        H145  1 0.3561 0.4320 0.2119 
        H149  1 0.2932 0.2584 0.4484 
        H150  1 0.3337 0.3397 0.3267 
     H167542  1 0.4779 0.2537 0.2684 
     H169604  1 0.4288 0.2906 0.2806 
     H169607  1 0.4099 0.3504 0.2397 
     H169608  1 0.2919 0.2655 0.4426 
     H169633  1 0.4348 0.3305 0.2347 
     H169688  1 0.2796 0.4477 0.2727 
     H169714  1 0.3235 0.2906 0.3859 
     H171802  1 0.2511 0.3164 0.4325 
     H171805  1 0.3833 0.3499 0.2668 
     H171807  1 0.2733 0.3209 0.4058 
     H171814  1 0.3101 0.4703 0.2197 
     H171816  1 0.2978 0.3026 0.3996 
     H171817  1 0.3619 0.2695 0.3685 
     H171818  1 0.3709 0.3207 0.3084 
     H171819  1 0.3434 0.2980 0.3585 
     H171834  1 0.3597 0.3135 0.3268 
     H171835  1 0.2512 0.2484 0.5005 
     H171836  1 0.3998 0.4197 0.1805 
     H171837  1 0.3711 0.2545 0.3745 
     H171838  1 0.2973 0.4290 0.2737 
     H171839  1 0.3804 0.2541 0.3656 
     H171841  1 0.1970 0.2740 0.5290 
     H171860  1 0.3968 0.2869 0.3162 
     H171861  1 0.5056 0.3201 0.1742 
     H171862  1 0.3821 0.3072 0.3107 
     H171868  1 0.4788 0.2451 0.2761 
     H171869  1 0.2839 0.4411 0.2750 
     H171870  1 0.2930 0.3791 0.3279 
     H171871  1 0.3203 0.4142 0.2654 
     H171872  1 0.4035 0.2495 0.3470 
     H171873  1 0.2610 0.3895 0.3495 
     H171874  1 0.3878 0.3477 0.2645 
     H171875  1 0.4696 0.3374 0.1931 
     H171876  1 0.4075 0.3252 0.2673 
     H171877  1 0.4597 0.2424 0.2979 
     H171878  1 0.2288 0.3825 0.3887 
     H171901  1 0.2816 0.3086 0.4098 
     H171902  1 0.3121 0.3684 0.3195 
     H171903  1 0.3834 0.3057 0.3110 
     H171935  1 0.2268 0.3580 0.4151 
     H171936  1 0.4286 0.3098 0.2615 
     H171940  1 0.3161 0.2912 0.3926 
     H171945  1 0.3116 0.3642 0.3242 
     H171948  1 0.3341 0.2657 0.4002 
     H171949  1 0.2391 0.2729 0.4880 
     H171950  1 0.2838 0.2436 0.4727 
     H171963  1 0.2981 0.4527 0.2492 
     H171964  1 0.2606 0.4646 0.2749 
     H171966  1 0.2977 0.3498 0.3525 
     H171968  1 0.3502 0.3164 0.3335 
     H171971  1 0.2690 0.3921 0.3388 
     H171972  1 0.3236 0.4333 0.2431 
     H171977  1 0.3094 0.4368 0.2539 
     H171978  1 0.2928 0.3165 0.3907 
     H171979  1 0.3695 0.4057 0.2249 
        H176  1 0.3834 0.3133 0.3033 
        H177  1 0.3133 0.2276 0.4591 
        H179  1 0.3715 0.2308 0.3977 
        H181  1 0.3054 0.4088 0.2858 
        H182  1 0.4183 0.3765 0.2052 
        H183  1 0.2436 0.4669 0.2895 
        H184  1 0.3460 0.2770 0.3770 
        H185  1 0.3572 0.3887 0.2541 
        H186  1 0.3091 0.3399 0.3511 
        H187  1 0.3365 0.3488 0.3147 
        H188  1 0.3408 0.2500 0.4092 
        H192  1 0.2831 0.2665 0.4504 
        H193  1 0.3931 0.3902 0.2167 
        H194  1 0.3570 0.2871 0.3559 
        H195  1 0.2682 0.4865 0.2453 
        H199  1 0.2835 0.4523 0.2642 
        H200  1 0.3091 0.3131 0.3777 
        H414  1 0.3496 0.3729 0.2776 
        H415  1 0.4189 0.3252 0.2559 
        H422  1 0.3246 0.3380 0.3374 
        H423  1 0.2245 0.2312 0.5443 
        H424  1 0.3568 0.4092 0.2340 
        H425  1 0.3065 0.4490 0.2445 
        H426  1 0.2400 0.4807 0.2793 
        H443  1 0.3638 0.3961 0.2401 
        H466  1 0.3227 0.3125 0.3648 
        H467  1 0.2348 0.2729 0.4923 
        H472  1 0.3119 0.3510 0.3371 
        H483  1 0.4091 0.3384 0.2525 
        H504  1 0.2943 0.4686 0.2371 
        H505  1 0.3072 0.2979 0.3949 
        H506  1 0.3359 0.3471 0.3171 
        H507  1 0.4139 0.3955 0.1906 
        H508  1 0.2733 0.3445 0.3822 
        H524  1 0.4005 0.3693 0.2302 
        H525  1 0.3602 0.3543 0.2855 
        H526  1 0.4527 0.2813 0.2660 
        H527  1 0.3282 0.2848 0.3870 
        H528  1 0.3839 0.3900 0.2261 
        H529  1 0.4131 0.3781 0.2088 
        H533  1 0.4269 0.3686 0.2045 
        H538  1 0.3653 0.2811 0.3536 
        H539  1 0.3053 0.4186 0.2761 
        H540  1 0.3691 0.3068 0.3241 
        H541  1 0.4364 0.2767 0.2869 
        H558  1 0.2563 0.4598 0.2839 
        H559  1 0.4162 0.2876 0.2963 
        H579  1 0.3784 0.3667 0.2549 
        H584  1 0.3003 0.4358 0.2639 
        H585  1 0.3242 0.3905 0.2853 
        H605  1 0.3542 0.3007 0.3452 
        H606  1 0.3330 0.2413 0.4257 
        H632  1 0.3256 0.4228 0.2516 
        H634  1 0.3530 0.3606 0.2864 
        H671  1 0.2692 0.2588 0.4720 
        H672  1 0.3384 0.3644 0.2972 
        H673  1 0.3665 0.3497 0.2838 
        H689  1 0.3895 0.3453 0.2652 
        H690  1 0.3820 0.2423 0.3756 
        H691  1 0.4450 0.2601 0.2949 
        H692  1 0.3823 0.4478 0.1698 
        H709  1 0.3682 0.3357 0.2961 
        H710  1 0.3751 0.4142 0.2107 
       H7355  1 0.4926 0.2851 0.2222 
       H7356  1 0.3174 0.3739 0.3087 
       H7357  1 0.4028 0.2685 0.3287 
       H7358  1 0.3838 0.3635 0.2527 
       H7380  1 0.4247 0.3076 0.2677 
       H7381  1 0.2649 0.3088 0.4263 
       H7382  1 0.3936 0.3482 0.2582 
        H904  1 0.2826 0.1873 0.5301 
        H923  1 0.3025 0.3421 0.3553 
        H924  1 0.3273 0.3002 0.3725 
        H925  1 0.4408 0.3048 0.2544 
       H9558  1 0.2395 0.4932 0.2673 
        H008  2 0.4348 0.3422 0.2230 
        H021  2 0.3166 0.2722 0.4112 
        H023  2 0.3613 0.2450 0.3937 
        H024  2 0.2798 0.4938 0.2264 
        H025  2 0.2404 0.3436 0.4160 
        H026  2 0.2806 0.4775 0.2419 
        H027  2 0.3993 0.3168 0.2839 
        H028  2 0.3360 0.3879 0.2761 
        H029  2 0.3661 0.3822 0.2517 
        H030  2 0.2853 0.4858 0.2289 
        H038  2 0.2914 0.3145 0.3942 
        H039  2 0.1755 0.1905 0.6340 
        H040  2 0.2974 0.3161 0.3865 
        H041  2 0.4222 0.2748 0.3029 
        H042  2 0.3454 0.3018 0.3528 
        H043  2 0.2157 0.3217 0.4626 
        H044  2 0.3051 0.4362 0.2587 
        H047  2 0.2271 0.3610 0.4118 
        H050  2 0.3011 0.4551 0.2438 
        H058  2 0.2728 0.3467 0.3805 
        H062  2 0.3367 0.2640 0.3994 
        H063  2 0.2772 0.2663 0.4565 
        H065  2 0.2788 0.3826 0.3386 
        H066  2 0.2627 0.4220 0.3152 
        H067  2 0.4415 0.2954 0.2631 
        H068  2 0.2417 0.2936 0.4647 
        H069  2 0.2776 0.4222 0.3001 
        H071  2 0.3241 0.2657 0.4102 
        H072  2 0.2591 0.2310 0.5099 
        H073  2 0.3903 0.3461 0.2636 
        H081  2 0.4267 0.2296 0.3436 
        H082  2 0.3091 0.4687 0.2223 
        H083  2 0.3102 0.4455 0.2443 
        H084  2 0.3014 0.3488 0.3498 
        H085  2 0.4413 0.2669 0.2918 
        H087  2 0.4604 0.2294 0.3102 
        H088  2 0.3371 0.2494 0.4136 
        H089  2 0.4449 0.2931 0.2620 
        H090  2 0.2878 0.4511 0.2611 
        H091  2 0.4205 0.3566 0.2229 
        H098  2 0.3553 0.3633 0.2814 
      H10001  2 0.1810 0.1816 0.6374 
      H10002  2 0.4040 0.2277 0.3683 
        H101  2 0.2729 0.4726 0.2545 
        H108  2 0.3630 0.2204 0.4165 
        H109  2 0.2748 0.3568 0.3684 
        H110  2 0.5068 0.2624 0.2308 
        H116  2 0.3235 0.4190 0.2575 
        H117  2 0.4425 0.3007 0.2568 
        H118  2 0.3506 0.4457 0.2037 
        H119  2 0.3682 0.2601 0.3717 
        H120  2 0.2798 0.1969 0.5233 
        H121  2 0.3417 0.4089 0.2494 
        H125  2 0.1971 0.1773 0.6256 
        H126  2 0.2753 0.4305 0.2942 
        H128  2 0.2720 0.5844 0.1436 
        H129  2 0.2999 0.4780 0.2221 
        H130  2 0.2057 0.3560 0.4383 
        H133  2 0.2290 0.2608 0.5101 
        H134  2 0.2427 0.5418 0.2155 
        H135  2 0.4113 0.2601 0.3287 
        H137  2 0.3108 0.3615 0.3277 
        H138  2 0.3091 0.4468 0.2440 
        H140  2 0.3257 0.3508 0.3235 
        H146  2 0.3321 0.4146 0.2533 
        H147  2 0.4507 0.2877 0.2616 
        H148  2 0.4711 0.2622 0.2667 
     H166022  2 0.4420 0.3350 0.2229 
     H167359  2 0.3542 0.3406 0.3052 
     H167397  2 0.4107 0.4281 0.1612 
     H167428  2 0.4434 0.3738 0.1828 
     H167496  2 0.3070 0.2147 0.4784 
     H167513  2 0.2533 0.4053 0.3414 
     H167545  2 0.3326 0.4391 0.2283 
     H167547  2 0.2557 0.5306 0.2137 
     H169621  2 0.3458 0.3998 0.2545 
     H169622  2 0.4158 0.3542 0.2300 
     H169750  2 0.2351 0.3655 0.3993 
     H171806  2 0.2838 0.3500 0.3662 
     H171808  2 0.3493 0.3598 0.2910 
     H171809  2 0.4044 0.2629 0.3327 
     H171813  2 0.2656 0.4002 0.3342 
     H171815  2 0.2279 0.2783 0.4938 
     H171824  2 0.3937 0.2001 0.4062 
     H171825  2 0.4054 0.3177 0.2770 
     H171826  2 0.3625 0.2671 0.3704 
     H171827  2 0.3933 0.2948 0.3120 
     H171828  2 0.2625 0.1838 0.5536 
     H171829  2 0.2699 0.4041 0.3260 
     H171830  2 0.3360 0.3311 0.3329 
     H171831  2 0.3209 0.4634 0.2157 
     H171832  2 0.3163 0.3891 0.2947 
     H171863  2 0.2848 0.5223 0.1929 
     H171864  2 0.3864 0.3072 0.3065 
     H171865  2 0.2452 0.2853 0.4695 
     H171879  2 0.3313 0.3789 0.2898 
     H171880  2 0.3638 0.3645 0.2717 
     H171881  2 0.4018 0.3112 0.2869 
     H171882  2 0.2402 0.2119 0.5479 
     H171929  2 0.3631 0.3320 0.3049 
     H171930  2 0.2963 0.4879 0.2158 
     H171933  2 0.3547 0.3454 0.3000 
     H171934  2 0.4323 0.2822 0.2855 
     H171937  2 0.2821 0.4561 0.2617 
     H171962  2 0.3771 0.3356 0.2873 
        H190  2 0.3640 0.3662 0.2699 
        H191  2 0.2960 0.3543 0.3498 
        H396  2 0.3785 0.2870 0.3346 
        H397  2 0.3641 0.3539 0.2820 
        H398  2 0.2793 0.3517 0.3690 
        H400  2 0.3910 0.3000 0.3091 
        H401  2 0.2940 0.5178 0.1882 
        H402  2 0.4435 0.3403 0.2162 
        H427  2 0.4388 0.2631 0.2981 
        H428  2 0.4550 0.3571 0.1879 
        H497  2 0.2611 0.3440 0.3949 
        H512  2 0.3740 0.3379 0.2881 
        H513  2 0.2546 0.4102 0.3352 
        H514  2 0.2921 0.4158 0.2921 
        H519  2 0.2695 0.3860 0.3446 
        H532  2 0.4626 0.2946 0.2427 
        H543  2 0.4512 0.3273 0.2216 
        H544  2 0.2401 0.4400 0.3200 
        H545  2 0.3148 0.4701 0.2151 
        H546  2 0.2541 0.3096 0.4363 
        H547  2 0.2604 0.5259 0.2137 
        H548  2 0.4439 0.2846 0.2714 
        H549  2 0.2798 0.4596 0.2605 
        H620  2 0.2537 0.1998 0.5465 
        H623  2 0.2867 0.4491 0.2641 
        H624  2 0.2118 0.3912 0.3970 
        H625  2 0.3834 0.3309 0.2858 
        H626  2 0.3574 0.3199 0.3227 
        H654  2 0.1907 0.2210 0.5883 
        H655  2 0.2987 0.2911 0.4102 
        H656  2 0.2611 0.2148 0.5241 
        H666  2 0.1926 0.2642 0.5432 
        H667  2 0.4468 0.2889 0.2643 
        H677  2 0.4267 0.3031 0.2702 
        H693  2 0.3241 0.2069 0.4690 
        H694  2 0.2982 0.4320 0.2698 
        H701  2 0.3913 0.3553 0.2534 
        H702  2 0.3551 0.2862 0.3587 
        H731  2 0.3483 0.2631 0.3885 
       H7359  2 0.3592 0.3329 0.3079 
       H7389  2 0.3224 0.3703 0.3073 
       H7390  2 0.2612 0.2615 0.4773 
       H7391  2 0.5281 0.2150 0.2568 
       H7392  2 0.2904 0.3705 0.3390 
       H7393  2 0.3088 0.3048 0.3864 
       H7398  2 0.4214 0.2717 0.3069 
       H7399  2 0.4200 0.3611 0.2189 
       H7400  2 0.2107 0.2151 0.5742 
        H745  2 0.2453 0.5075 0.2472 
        H746  2 0.4222 0.3583 0.2195 
        H747  2 0.2728 0.2799 0.4473 
        H748  2 0.3369 0.3418 0.3214 
       H7484  2 0.2447 0.2470 0.5084 
       H7485  2 0.2862 0.4179 0.2959 
        H749  2 0.3913 0.3786 0.2301 
        H930  2 0.3171 0.4543 0.2286 
        H931  2 0.3684 0.3125 0.3192 
        H932  2 0.3326 0.3269 0.3405 
        H111  3 0.3078 0.4434 0.2489 
        H951  3 0.3378 0.4160 0.2462 
        H952  3 0.2815 0.4079 0.3106 
        H953  3 0.4195 0.3263 0.2542 
        H954  3 0.2716 0.2579 0.4705 
        H955  3 0.3348 0.4340 0.2312 
        H956  3 0.3473 0.3045 0.3483 
       H9563  3 0.3504 0.2704 0.3792 
        H002  4 0.2507 0.3202 0.4290 
        H003  4 0.4685 0.3079 0.2237 
        H009  4 0.2760 0.4499 0.2741 
        H010  4 0.3856 0.3110 0.3033 
        H011  4 0.2639 0.2114 0.5247 
        H012  4 0.4777 0.2783 0.2439 
        H013  4 0.3881 0.2460 0.3659 
        H014  4 0.3132 0.3536 0.3332 
        H045  4 0.3582 0.2610 0.3808 
        H046  4 0.4145 0.3513 0.2342 
        H051  4 0.3369 0.2406 0.4226 
        H052  4 0.2373 0.3719 0.3909 
        H053  4 0.3139 0.2906 0.3955 
        H056  4 0.2330 0.2991 0.4679 
        H076  4 0.3671 0.3999 0.2330 
        H151  4 0.2264 0.2559 0.5178 
        H152  4 0.2349 0.3378 0.4272 
     H171803  4 0.3330 0.2610 0.4059 
     H171804  4 0.3414 0.2712 0.3874 
     H171833  4 0.3058 0.4515 0.2428 
     H171855  4 0.2060 0.2859 0.5081 
     H171856  4 0.3194 0.3499 0.3307 
     H171857  4 0.2407 0.3149 0.4444 
     H171858  4 0.3453 0.3371 0.3175 
     H171859  4 0.3289 0.3190 0.3521 
     H171961  4 0.3088 0.2630 0.4282 
        H198  4 0.4445 0.3526 0.2029 
      H20001  4 0.2561 0.4735 0.2704 
        H403  4 0.2716 0.3656 0.3629 
        H404  4 0.4387 0.3162 0.2451 
        H405  4 0.4302 0.3314 0.2384 
        H406  4 0.1957 0.5059 0.2984 
        H407  4 0.3398 0.3031 0.3570 
        H410  4 0.3759 0.4017 0.2224 
        H411  4 0.2643 0.4665 0.2692 
        H468  4 0.2456 0.4412 0.3132 
        H476  4 0.2763 0.3625 0.3612 
        H477  4 0.2776 0.4928 0.2296 
        H478  4 0.4477 0.3150 0.2373 
        H479  4 0.3618 0.2730 0.3652 
        H480  4 0.3112 0.4589 0.2299 
        H498  4 0.3428 0.3429 0.3143 
        H499  4 0.3595 0.3194 0.3210 
        H500  4 0.3328 0.2266 0.4406 
        H515  4 0.3209 0.2899 0.3892 
        H516  4 0.2766 0.3790 0.3444 
        H517  4 0.3642 0.3416 0.2942 
        H518  4 0.2421 0.3650 0.3929 
        H520  4 0.2787 0.3185 0.4027 
        H521  4 0.3667 0.3263 0.3070 
        H522  4 0.3143 0.3194 0.3663 
        H523  4 0.3081 0.3233 0.3686 
        H536  4 0.4056 0.3073 0.2871 
        H645  4 0.4412 0.2235 0.3353 
        H646  4 0.3079 0.4623 0.2298 
        H647  4 0.2978 0.4018 0.3004 
        H657  4 0.3949 0.3745 0.2306 
        H658  4 0.3371 0.3085 0.3544 
        H659  4 0.2318 0.2218 0.5465 
        H660  4 0.2940 0.3407 0.3653 
        H661  4 0.2488 0.3040 0.4472 
        H668  4 0.4960 0.2784 0.2256 
        H669  4 0.3698 0.2889 0.3413 
        H670  4 0.4616 0.2173 0.3211 
        H678  4 0.3293 0.3348 0.3359 
        H679  4 0.3790 0.3793 0.2417 
        H680  4 0.2822 0.3879 0.3300 
        H681  4 0.4001 0.2517 0.3482 
        H682  4 0.4448 0.2870 0.2682 
        H683  4 0.1960 0.3832 0.4208 
        H718  4 0.2576 0.2776 0.4647 
        H719  4 0.3435 0.2743 0.3822 
        H720  4 0.2623 0.3728 0.3649 
        H721  4 0.2631 0.3597 0.3772 
        H722  4 0.2017 0.4032 0.3951 
        H723  4 0.3438 0.2385 0.4177 
        H724  4 0.2240 0.2439 0.5321 
        H725  4 0.2265 0.2600 0.5136 
        H726  4 0.2806 0.2740 0.4454 
        H727  4 0.3452 0.2410 0.4138 
        H910  4 0.3471 0.2566 0.3962 
        H911  4 0.3323 0.3950 0.2727 
        H912  4 0.2826 0.3625 0.3550 
        H913  4 0.3033 0.3039 0.3928 
        H914  4 0.3766 0.2165 0.4069 
        H915  4 0.3328 0.3235 0.3437 
        H916  4 0.2635 0.4155 0.3211 
       H9572  4 0.2684 0.3340 0.3975 
        H015  5 0.2744 0.4491 0.2765 
        H016  5 0.3116 0.4399 0.2485 
        H017  5 0.2528 0.4216 0.3256 
        H019  5 0.3208 0.3699 0.3093 
        H020  5 0.2931 0.3361 0.3707 
        H032  5 0.3241 0.3399 0.3360 
        H033  5 0.4458 0.2887 0.2655 
        H034  5 0.3529 0.2342 0.4129 
        H035  5 0.3238 0.3424 0.3338 
        H036  5 0.3163 0.3775 0.3062 
        H037  5 0.3087 0.2599 0.4314 
        H048  5 0.3128 0.2352 0.4520 
        H049  5 0.2547 0.4181 0.3272 
        H054  5 0.3426 0.3119 0.3455 
        H055  5 0.3242 0.2831 0.3927 
        H057  5 0.2637 0.4135 0.3229 
        H060  5 0.3044 0.3140 0.3816 
        H061  5 0.4149 0.3290 0.2562 
        H064  5 0.2936 0.3157 0.3907 
        H070  5 0.3702 0.2510 0.3787 
        H077  5 0.2465 0.2768 0.4766 
        H078  5 0.2305 0.3388 0.4307 
        H079  5 0.4617 0.3093 0.2290 
        H097  5 0.2207 0.4193 0.3599 
        H107  5 0.2694 0.1870 0.5436 
        H122  5 0.3049 0.3925 0.3026 
        H123  5 0.3459 0.4105 0.2436 
        H124  5 0.3963 0.3639 0.2398 
        H131  5 0.3583 0.3737 0.2680 
        H132  5 0.3410 0.3007 0.3582 
        H141  5 0.3501 0.2976 0.3523 
        H142  5 0.4076 0.3565 0.2359 
        H157  5 0.2922 0.2408 0.4669 
        H158  5 0.2802 0.4749 0.2449 
        H159  5 0.3515 0.3957 0.2528 
        H160  5 0.3262 0.3741 0.2997 
        H163  5 0.3590 0.3539 0.2871 
        H164  5 0.3900 0.3254 0.2845 
        H165  5 0.4699 0.3240 0.2061 
        H166  5 0.3052 0.3940 0.3008 
        H169  5 0.3965 0.3052 0.2983 
     H169613  5 0.3162 0.3395 0.3444 
     H169653  5 0.3561 0.3619 0.2821 
     H169728  5 0.3433 0.3703 0.2864 
     H169742  5 0.4245 0.2549 0.3205 
        H170  5 0.2463 0.4484 0.3053 
        H171  5 0.2553 0.4503 0.2944 
     H171851  5 0.3159 0.3593 0.3248 
     H171852  5 0.2638 0.3329 0.4033 
     H171853  5 0.3404 0.2744 0.3852 
     H171854  5 0.3106 0.3618 0.3276 
     H171938  5 0.4709 0.2307 0.2984 
     H171939  5 0.2825 0.4525 0.2651 
     H171941  5 0.2745 0.2307 0.4948 
     H171965  5 0.3941 0.3573 0.2487 
     H171970  5 0.2266 0.2287 0.5446 
     H171973  5 0.4800 0.2801 0.2399 
     H171974  5 0.3975 0.2737 0.3289 
     H171975  5 0.3146 0.2846 0.4007 
     H171976  5 0.2409 0.4462 0.3129 
        H175  5 0.3237 0.2503 0.4260 
        H178  5 0.3344 0.2876 0.3780 
        H189  5 0.3669 0.4310 0.2021 
        H399  5 0.2402 0.4644 0.2955 
        H416  5 0.3580 0.2871 0.3549 
        H438  5 0.4076 0.2621 0.3304 
        H450  5 0.2865 0.2606 0.4529 
        H455  5 0.2611 0.2141 0.5248 
        H456  5 0.4277 0.2571 0.3152 
        H457  5 0.2504 0.3255 0.4241 
        H458  5 0.3155 0.2732 0.4113 
        H459  5 0.3910 0.3757 0.2332 
        H460  5 0.3532 0.3100 0.3368 
        H461  5 0.2575 0.4346 0.3079 
        H462  5 0.3734 0.3402 0.2864 
        H469  5 0.3805 0.3685 0.2510 
        H470  5 0.3343 0.3062 0.3595 
        H471  5 0.2994 0.4857 0.2149 
        H481  5 0.2420 0.2362 0.5218 
        H482  5 0.2998 0.3137 0.3865 
        H501  5 0.3588 0.2918 0.3494 
        H502  5 0.3372 0.4270 0.2358 
        H503  5 0.3306 0.3987 0.2707 
        H509  5 0.2808 0.2573 0.4619 
        H510  5 0.3476 0.3182 0.3342 
        H511  5 0.3562 0.3770 0.2668 
        H530  5 0.3839 0.2583 0.3578 
        H531  5 0.2548 0.2943 0.4509 
        H564  5 0.3260 0.2899 0.3841 
        H565  5 0.2341 0.2578 0.5080 
        H567  5 0.3318 0.4585 0.2096 
     H568???  5 0.3163 0.4321 0.2516 
        H608  5 0.2993 0.2591 0.4416 
        H609  5 0.4164 0.2719 0.3117 
        H612  5 0.3355 0.1972 0.4674 
        H614  5 0.2263 0.2812 0.4926 
        H615  5 0.2461 0.3045 0.4494 
        H616  5 0.2683 0.1829 0.5488 
        H617  5 0.4473 0.3260 0.2268 
        H618  5 0.2782 0.2525 0.4692 
        H619  5 0.4709 0.2747 0.2544 
        H635  5 0.3643 0.3085 0.3272 
        H636  5 0.5318 0.2333 0.2349 
        H637  5 0.3438 0.2975 0.3587 
        H644  5 0.2596 0.5644 0.1759 
        H711  5 0.2780 0.4393 0.2827 
        H712  5 0.3519 0.2410 0.4071 
       H7360  5 0.2974 0.3611 0.3416 
       H7361  5 0.2763 0.2816 0.4421 
       H7362  5 0.2969 0.5075 0.1957 
       H7363  5 0.2752 0.3386 0.3862 
       H7394  5 0.3736 0.3720 0.2544 
       H7395  5 0.3942 0.2732 0.3327 
       H7396  5 0.3581 0.3149 0.3271 
        H742  5 0.4308 0.2524 0.3169 
        H743  5 0.2992 0.3382 0.3626 
        H744  5 0.2567 0.2344 0.5088 
        H957  5 0.3151 0.3636 0.3213 
        H958  5 0.3656 0.3559 0.2784 
        H959  5 0.3274 0.2186 0.4540 
        H960  5 0.3529 0.3125 0.3346 
      H_PALI  6 0.3467 0.3438 0.3095 
        H581  6 0.2706 0.3386 0.3908 
        H582  6 0.2127 0.2717 0.5156 
        H583  6 0.3207 0.3302 0.3490 
        H595  6 0.3396 0.4409 0.2195 
        H596  6 0.3644 0.4276 0.2081 
        H597  6 0.3310 0.4313 0.2377 
        H598  6 0.3828 0.2746 0.3426 
        H599  6 0.2685 0.2673 0.4642 
        H642  6 0.2640 0.4607 0.2753 
        H643  6 0.3760 0.3026 0.3214 
        H664  6 0.2058 0.3404 0.4538 
        H665  6 0.4676 0.2347 0.2977 
        H674  6 0.2507 0.5363 0.2129 
        H675  6 0.2542 0.3414 0.4043 
        H676  6 0.3052 0.4135 0.2813 
        H686  6 0.3353 0.3602 0.3045 
        H687  6 0.3124 0.3549 0.3327 
        H917  6 0.4613 0.3164 0.2223 
        H918  6 0.4491 0.2836 0.2673 
        H919  6 0.3057 0.2114 0.4829 
        H920  6 0.3010 0.2913 0.4076 
        H631  7 0.3127 0.2808 0.4065 
        H684  7 0.3096 0.4474 0.2430 
        H685  7 0.2258 0.2874 0.4869 
        H713  7 0.3033 0.2434 0.4533 
        H715  7 0.3025 0.4175 0.2800 
        H716  7 0.3335 0.2824 0.3842 
        H717  7 0.2960 0.3206 0.3834 
        H729  7 0.4584 0.3140 0.2277 
        H730  7 0.3821 0.2587 0.3592 
        H431  8 0.3142 0.2828 0.4030 
        H432  8 0.3090 0.4632 0.2278 
        H433  8 0.4343 0.2867 0.2790 
        H434  8 0.3309 0.3633 0.3059 
        H444  8 0.4102 0.2827 0.3071 
        H454  8 0.2660 0.2265 0.5075 
        H475  8 0.2553 0.2410 0.5037 
        H491  8 0.2928 0.2935 0.4137 
        H492  8 0.2904 0.2761 0.4335 
        H493  8 0.3149 0.3818 0.3033 
        H494  8 0.3258 0.3134 0.3608 
        H495  8 0.1999 0.3497 0.4505 
        H662  8 0.2664 0.4321 0.3015 
        H663  8 0.3633 0.3173 0.3193 
        H695  8 0.3716 0.2777 0.3507 
       H7367  8 0.3831 0.3842 0.2327 
       H7368  8 0.3697 0.3642 0.2661 
       H7369  8 0.3992 0.2691 0.3317 
       H7370  8 0.3524 0.4479 0.1997 
       H7371  8 0.4153 0.2892 0.2955 
        H600  9 0.3187 0.2799 0.4014 
        H648  9 0.2912 0.3613 0.3474 
        H696  9 0.2479 0.5549 0.1972 
        H697  9 0.3362 0.3451 0.3187 
        H698  9 0.3240 0.4022 0.2738 
        H699  9 0.2961 0.3594 0.3445 
        H700  9 0.3889 0.2431 0.3680 
        H732  9 0.2263 0.2898 0.4839 
        H733  9 0.3881 0.3685 0.2434 
        H734  9 0.3075 0.4756 0.2169 
        H735  9 0.2760 0.4247 0.2993 
        H736  9 0.3271 0.3370 0.3359 
        H737  9 0.3144 0.3131 0.3724 
        H905  9 0.3508 0.2335 0.4157 
        H921  9 0.3652 0.2514 0.3835 
        H922  9 0.3781 0.3867 0.2352 
     H169705 10 0.3524 0.3628 0.2848 
     H171942 10 0.3104 0.4548 0.2349 
     H171943 10 0.3257 0.3761 0.2982 
     H171944 10 0.3925 0.2971 0.3104 
     H171946 10 0.2225 0.3545 0.4230 
     H171947 10 0.3267 0.3888 0.2846 
     H229641 10 0.3174 0.3384 0.3442 
      H30001 10 0.3696 0.2743 0.3561 
      H30002 10 0.3632 0.3157 0.3211 
      H30005 10 0.3485 0.3450 0.3065 
      H30006 10 0.2674 0.4635 0.2691 
      H30007 10 0.2467 0.5427 0.2105 
        H451 10 0.3964 0.3617 0.2419 
        H452 10 0.2758 0.4276 0.2966 
        H453 10 0.2231 0.2840 0.4930 
        H473 10 0.3217 0.3179 0.3605 
        H474 10 0.1999 0.2800 0.5200 
        H486 10 0.3107 0.2917 0.3976 
        H487 10 0.2841 0.3008 0.4151 
        H488 10 0.4074 0.2427 0.3499 
        H489 10 0.2728 0.2599 0.4673 
        H550 10 0.2898 0.4521 0.2580 
        H551 10 0.3658 0.2764 0.3578 
        H553 10 0.2472 0.3167 0.4361 
        H554 10 0.3725 0.3635 0.2640 
        H556 10 0.2706 0.3891 0.3403 
        H580 10 0.3700 0.3388 0.2912 
        H591 10 0.2476 0.2308 0.5216 
        H592 10 0.3220 0.2896 0.3884 
        H593 10 0.3721 0.3406 0.2873 
        H594 10 0.3369 0.4597 0.2034 
        H627 10 0.2881 0.3611 0.3508 
        H628 10 0.4951 0.3138 0.1911 
        H629 10 0.2492 0.4016 0.3491 
        H630 10 0.2895 0.3837 0.3268 
        H638 10 0.3388 0.3629 0.2983 
        H639 10 0.2296 0.3242 0.4462 
        H640 10 0.3430 0.4170 0.2400 
        H704 10 0.3027 0.4416 0.2557 
        H705 10 0.3552 0.3520 0.2928 
        H706 10 0.3583 0.2154 0.4263 
        H708 10 0.2553 0.2543 0.4904 
       H7351 10 0.3207 0.3707 0.3086 
       H7352 10 0.3207 0.3267 0.3526 
       H7353 10 0.2641 0.4666 0.2693 
       H7354 10 0.3598 0.2581 0.3821 
       H7365 10 0.2946 0.2345 0.4709 
       H7383 10 0.3882 0.2332 0.3786 
       H7384 10 0.3460 0.2761 0.3779 
       H7385 10 0.3129 0.2617 0.4254 
       H7386 10 0.4105 0.2949 0.2945 
       H7387 10 0.3943 0.3205 0.2852 
       H7388 10 0.3414 0.3451 0.3135 
        H906 10 0.2511 0.3252 0.4237 
        H907 10 0.3363 0.4115 0.2522 
        H908 10 0.3766 0.2924 0.3311 
        H909 10 0.4088 0.2674 0.3238 
       H9552 10 0.3204 0.3528 0.3268 
       H9553 10 0.2901 0.3281 0.3818 
       H9555 10 0.4387 0.3011 0.2602 
       H9575 10 0.2703 0.2958 0.4340 
       H9703 10 0.2432 0.2533 0.5035 
       H9707 10 0.2849 0.2772 0.4379 
       HSAA4 10 0.3789 0.3311 0.2900 
        H001 11 0.3673 0.2726 0.3601 
        H004 11 0.3412 0.3429 0.3159 
        H005 11 0.3062 0.2102 0.4835 
        H006 11 0.4203 0.2724 0.3073 
        H007 11 0.3369 0.2285 0.4346 
        H031 11 0.2794 0.2058 0.5148 
        H074 11 0.2366 0.2973 0.4661 
        H075 11 0.3345 0.2224 0.4431 
        H080 11 0.2820 0.2606 0.4574 
        H086 11 0.3027 0.3440 0.3534 
        H092 11 0.3238 0.2775 0.3988 
        H093 11 0.3269 0.4608 0.2123 
        H094 11 0.3247 0.3867 0.2885 
        H095 11 0.3349 0.2708 0.3943 
        H096 11 0.4162 0.2299 0.3539 
        H099 11 0.2989 0.2880 0.4131 
        H100 11 0.3776 0.3994 0.2230 
        H127 11 0.3170 0.3033 0.3797 
        H136 11 0.2417 0.2554 0.5029 
        H153 11 0.3222 0.3551 0.3226 
        H154 11 0.2677 0.2630 0.4693 
        H155 11 0.4668 0.3064 0.2268 
        H156 11 0.4944 0.3255 0.1801 
        H161 11 0.2901 0.4125 0.2974 
        H162 11 0.3598 0.4034 0.2368 
        H167 11 0.4038 0.3116 0.2846 
        H168 11 0.3875 0.3072 0.3053 
     H169586 11 0.2164 0.4117 0.3719 
     H169738 11 0.4561 0.3011 0.2428 
     H169741 11 0.2778 0.2923 0.4299 
     H171801 11 0.2992 0.4302 0.2706 
     H171810 11 0.2668 0.2936 0.4397 
     H171811 11 0.2399 0.3000 0.4601 
     H171812 11 0.3856 0.2440 0.3704 
     H171820 11 0.2554 0.2710 0.4736 
     H171821 11 0.3945 0.3222 0.2832 
     H171822 11 0.3667 0.3318 0.3016 
     H171823 11 0.1901 0.3424 0.4674 
     H171866 11 0.3373 0.4055 0.2572 
     H171867 11 0.4839 0.2699 0.2462 
     H171967 11 0.3234 0.2373 0.4393 
     H171969 11 0.3469 0.3241 0.3289 
        H172 11 0.4006 0.3055 0.2940 
        H173 11 0.4476 0.2511 0.3013 
        H174 11 0.3050 0.4733 0.2216 
        H196 11 0.3727 0.3658 0.2614 
        H197 11 0.4429 0.2972 0.2599 
        H346 11 0.3733 0.2596 0.3671 
        H355 11 0.3478 0.2948 0.3573 
        H356 11 0.3051 0.3055 0.3894 
        H357 11 0.3313 0.2574 0.4113 
        H358 11 0.4532 0.2356 0.3112 
        H359 11 0.3392 0.3328 0.3281 
        H360 11 0.3745 0.2901 0.3353 
        H361 11 0.3773 0.3140 0.3088 
        H362 11 0.4032 0.3848 0.2120 
        H363 11 0.3434 0.2339 0.4227 
        H364 11 0.3380 0.3376 0.3244 
        H365 11 0.3638 0.3457 0.2904 
        H366 11 0.4202 0.3341 0.2457 
        H367 11 0.2212 0.2783 0.5005 
        H368 11 0.3045 0.4446 0.2509 
        H369 11 0.3187 0.2092 0.4721 
        H370 11 0.4100 0.3477 0.2423 
        H371 11 0.2710 0.3817 0.3473 
        H372 11 0.3831 0.3203 0.2966 
        H373 11 0.3494 0.3028 0.3477 
        H374 11 0.3511 0.2581 0.3908 
        H375 11 0.3703 0.2531 0.3766 
        H376 11 0.3348 0.3909 0.2742 
        H377 11 0.3570 0.2870 0.3560 
        H378 11 0.2989 0.3075 0.3936 
        H379 11 0.3513 0.3422 0.3065 
        H380 11 0.5053 0.2677 0.2270 
        H381 11 0.2383 0.3083 0.4534 
        H382 11 0.4362 0.3882 0.1756 
        H383 11 0.4024 0.3679 0.2297 
        H384 11 0.2902 0.2927 0.4171 
        H385 11 0.3010 0.3020 0.3970 
        H386 11 0.5229 0.2274 0.2497 
        H387 11 0.2387 0.4328 0.3285 
        H388 11 0.4093 0.3796 0.2111 
        H389 11 0.4087 0.2560 0.3353 
        H390 11 0.4008 0.3316 0.2676 
        H391 11 0.2908 0.4407 0.2684 
        H392 11 0.3621 0.2189 0.4190 
        H393 11 0.3139 0.4302 0.2559 
        H394 11 0.2375 0.5092 0.2532 
        H395 11 0.3328 0.2461 0.4211 
        H408 11 0.4450 0.2405 0.3145 
        H412 11 0.1703 0.3450 0.4848 
        H417 11 0.3354 0.2906 0.3740 
        H418 11 0.2446 0.3910 0.3644 
        H429 11 0.4152 0.2944 0.2904 
        H430 11 0.4097 0.3348 0.2556 
        H439 11 0.3564 0.2855 0.3581 
        H440 11 0.2941 0.2444 0.4614 
        H441 11 0.3745 0.3589 0.2666 
        H442 11 0.4077 0.3368 0.2555 
        H446 11 0.3383 0.3452 0.3165 
        H447 11 0.4962 0.2709 0.2328 
        H448 11 0.4286 0.2753 0.2960 
        H534 11 0.2194 0.2609 0.5197 
        H537 11 0.2526 0.2912 0.4562 
        H568 11 0.2241 0.2359 0.5400 
        H569 11 0.4142 0.3836 0.2022 
        H586 11 0.2012 0.4305 0.3683 
        H587 11 0.2563 0.2234 0.5203 
        H588 11 0.3073 0.4602 0.2325 
        H589 11 0.2871 0.2421 0.4708 
        H590 11 0.2803 0.2724 0.4473 
        H601 11 0.3646 0.4065 0.2289 
        H602 11 0.3175 0.2986 0.3839 
        H603 11 0.4725 0.2799 0.2475 
        H610 11 0.3085 0.3124 0.3791 
        H611 11 0.2855 0.3100 0.4045 
        H649 11 0.3119 0.3340 0.3541 
        H650 11 0.2946 0.4495 0.2559 
        H651 11 0.4244 0.2683 0.3073 
        H652 11 0.2896 0.3673 0.3431 
       H7364 11 0.3954 0.3264 0.2782 
       H7366 11 0.3986 0.2646 0.3368 
       H7378 11 0.2330 0.6046 0.1625 
       H7379 11 0.3252 0.3416 0.3332 
        H739 11 0.2644 0.3030 0.4326 
        H740 11 0.3219 0.4166 0.2614 
        H741 11 0.2903 0.2780 0.4316 
        H926 11 0.3084 0.3954 0.2962 
        H927 11 0.4303 0.3238 0.2459 
        H928 11 0.3074 0.3720 0.3206 
       H9560 11 0.3140 0.3796 0.3064 
        H409 12 0.4581 0.2984 0.2435 
        H413 12 0.2529 0.5207 0.2263 
        H419 12 0.4299 0.2783 0.2918 
        H420 12 0.3212 0.2780 0.4008 
        H421 12 0.4103 0.3930 0.1967 
        H435 12 0.3659 0.3878 0.2463 
        H436 12 0.4342 0.2572 0.3086 
        H437 12 0.2609 0.2951 0.4439 
        H445 12 0.4929 0.2699 0.2372 
        H449 12 0.2825 0.4202 0.2973 
        H463 12 0.2852 0.3000 0.4149 
        H464 12 0.2873 0.4716 0.2411 
        H465 12 0.2153 0.4534 0.3312 
        H490 12 0.3249 0.4360 0.2391 
        H561 12 0.3211 0.3457 0.3332 
        H562 12 0.4533 0.2360 0.3106 
        H563 12 0.3485 0.2724 0.3791 
        H570 12 0.3795 0.2263 0.3942 
        H571 12 0.2730 0.4145 0.3125 
        H572 12 0.2847 0.3088 0.4065 
        H573 12 0.4521 0.3140 0.2339 
       H7372 12 0.5050 0.3183 0.1767 
       H7373 12 0.2613 0.5024 0.2363 
       H7374 12 0.3334 0.2699 0.3966 
       H7375 12 0.3585 0.2613 0.3801 
       H7376 12 0.5059 0.2684 0.2257 
       H7377 12 0.3092 0.2846 0.4061 
