        H102  1 0.2462 0.2127 0.2361 0.3049 
        H103  1 0.1228 0.3860 0.3311 0.1601 
        H104  1 0.3488 0.1569 0.1913 0.3030 
        H105  1 0.2096 0.2245 0.2347 0.3312 
        H106  1 0.2684 0.2521 0.2750 0.2044 
        H112  1 0.3170 0.2009 0.2360 0.2462 
        H113  1 0.1644 0.1835 0.2658 0.3864 
        H114  1 0.1273 0.2085 0.3163 0.3479 
        H115  1 0.2542 0.1470 0.2051 0.3938 
        H143  1 0.1778 0.2475 0.2239 0.3509 
        H144  1 0.1091 0.4197 0.1917 0.2794 
        H145  1 0.1123 0.3039 0.3313 0.2526 
        H149  1 0.4119 0.1914 0.1857 0.2110 
        H150  1 0.2031 0.3069 0.2233 0.2667 
     H167542  1 0.1487 0.1809 0.1879 0.4825 
     H169604  1 0.1803 0.2268 0.2519 0.3410 
     H169607  1 0.1592 0.2987 0.2383 0.3039 
     H169608  1 0.3553 0.2005 0.2020 0.2421 
     H169633  1 0.1276 0.2162 0.2907 0.3656 
     H169688  1 0.2345 0.3601 0.2545 0.1510 
     H169714  1 0.3040 0.2118 0.2305 0.2537 
     H171802  1 0.3903 0.1959 0.2456 0.1682 
     H171805  1 0.1967 0.3078 0.2969 0.1986 
     H171807  1 0.3024 0.2557 0.2357 0.2063 
     H171814  1 0.1356 0.3479 0.2763 0.2402 
     H171816  1 0.3331 0.2300 0.2322 0.2047 
     H171817  1 0.3296 0.2082 0.2576 0.2046 
     H171818  1 0.2323 0.2449 0.2800 0.2428 
     H171819  1 0.2394 0.2116 0.3108 0.2381 
     H171834  1 0.1995 0.2593 0.2735 0.2677 
     H171835  1 0.3973 0.1714 0.1734 0.2580 
     H171836  1 0.0952 0.2830 0.3912 0.2306 
     H171837  1 0.2356 0.1787 0.1855 0.4003 
     H171838  1 0.1522 0.2875 0.4010 0.1593 
     H171839  1 0.2886 0.1789 0.1956 0.3369 
     H171841  1 0.4918 0.1883 0.1937 0.1262 
     H171860  1 0.2044 0.2204 0.2590 0.3163 
     H171861  1 0.1012 0.2802 0.3831 0.2355 
     H171862  1 0.2066 0.2708 0.2811 0.2415 
     H171868  1 0.1742 0.1971 0.2106 0.4181 
     H171869  1 0.1652 0.4017 0.2332 0.1999 
     H171870  1 0.3395 0.2793 0.2295 0.1516 
     H171871  1 0.1537 0.2853 0.3891 0.1719 
     H171872  1 0.2780 0.1852 0.2266 0.3101 
     H171873  1 0.2872 0.3122 0.1981 0.2025 
     H171874  1 0.1739 0.3029 0.2824 0.2407 
     H171875  1 0.1044 0.2736 0.2993 0.3227 
     H171876  1 0.1445 0.2709 0.2472 0.3373 
     H171877  1 0.1539 0.1506 0.1802 0.5153 
     H171878  1 0.3482 0.2826 0.1925 0.1767 
     H171901  1 0.3924 0.1972 0.2374 0.1729 
     H171902  1 0.2806 0.2939 0.1995 0.2260 
     H171903  1 0.2163 0.2399 0.2913 0.2526 
     H171935  1 0.3547 0.2643 0.2500 0.1311 
     H171936  1 0.1410 0.2017 0.2478 0.4095 
     H171940  1 0.3147 0.2262 0.1768 0.2823 
     H171945  1 0.2664 0.2966 0.2126 0.2244 
     H171948  1 0.2635 0.2063 0.2959 0.2343 
     H171949  1 0.4673 0.1673 0.1615 0.2038 
     H171950  1 0.5060 0.1659 0.1755 0.1526 
     H171963  1 0.1713 0.3587 0.2833 0.1866 
     H171964  1 0.1458 0.4480 0.2217 0.1846 
     H171966  1 0.2199 0.3029 0.2950 0.1822 
     H171968  1 0.3205 0.2631 0.1808 0.2356 
     H171971  1 0.2369 0.2853 0.3207 0.1571 
     H171972  1 0.1403 0.3277 0.3445 0.1875 
     H171977  1 0.1375 0.3462 0.2459 0.2705 
     H171978  1 0.3710 0.2494 0.2187 0.1608 
     H171979  1 0.1316 0.3030 0.3749 0.1904 
        H176  1 0.1812 0.2282 0.2510 0.3395 
        H177  1 0.4665 0.1555 0.1681 0.2100 
        H179  1 0.3785 0.1490 0.1665 0.3060 
        H181  1 0.1441 0.3518 0.3006 0.2035 
        H182  1 0.1113 0.2921 0.3517 0.2450 
        H183  1 0.1735 0.3953 0.2547 0.1766 
        H184  1 0.3117 0.2183 0.2466 0.2233 
        H185  1 0.1446 0.2805 0.2749 0.3000 
        H186  1 0.2627 0.3612 0.1547 0.2214 
        H187  1 0.2815 0.2272 0.3024 0.1889 
        H188  1 0.2430 0.1585 0.1648 0.4338 
        H192  1 0.4090 0.1906 0.2123 0.1881 
        H193  1 0.1459 0.3357 0.2909 0.2275 
        H194  1 0.2611 0.2044 0.2452 0.2894 
        H195  1 0.2032 0.3999 0.2292 0.1677 
        H199  1 0.1841 0.3722 0.2428 0.2009 
        H200  1 0.2906 0.2250 0.2534 0.2310 
        H414  1 0.2040 0.2847 0.3229 0.1884 
        H415  1 0.1582 0.2285 0.3458 0.2675 
        H422  1 0.2776 0.2948 0.2367 0.1909 
        H423  1 0.5756 0.1431 0.1461 0.1352 
        H424  1 0.1597 0.3429 0.3037 0.1938 
        H425  1 0.1670 0.4340 0.1827 0.2162 
        H426  1 0.1812 0.4348 0.2495 0.1345 
        H443  1 0.1457 0.4081 0.1357 0.3105 
        H466  1 0.2794 0.2416 0.2387 0.2403 
        H467  1 0.4599 0.1966 0.1555 0.1880 
        H472  1 0.2562 0.2291 0.2128 0.3019 
        H483  1 0.1380 0.2939 0.2258 0.3423 
        H504  1 0.1432 0.3991 0.2678 0.1899 
        H505  1 0.3631 0.1953 0.1869 0.2547 
        H506  1 0.2477 0.2792 0.2395 0.2335 
        H507  1 0.1050 0.2743 0.3439 0.2769 
        H508  1 0.3426 0.2434 0.2461 0.1679 
        H524  1 0.1562 0.2427 0.2917 0.3093 
        H525  1 0.1690 0.3102 0.2419 0.2788 
        H526  1 0.1451 0.1666 0.1870 0.5012 
        H527  1 0.3573 0.2038 0.2324 0.2064 
        H528  1 0.1252 0.3141 0.3008 0.2600 
        H529  1 0.1111 0.3225 0.2590 0.3074 
        H533  1 0.1095 0.2291 0.4782 0.1832 
        H538  1 0.2331 0.2097 0.2084 0.3488 
        H539  1 0.2581 0.2879 0.2899 0.1640 
        H540  1 0.2193 0.2253 0.2867 0.2687 
        H541  1 0.1758 0.1922 0.2235 0.4085 
        H558  1 0.1802 0.3494 0.3400 0.1304 
        H559  1 0.2333 0.2556 0.2021 0.3090 
        H579  1 0.1474 0.3041 0.2897 0.2588 
        H584  1 0.1575 0.3814 0.2448 0.2163 
        H585  1 0.1927 0.2927 0.2937 0.2209 
        H605  1 0.3181 0.2289 0.2279 0.2251 
        H606  1 0.4590 0.1622 0.1373 0.2415 
        H632  1 0.1399 0.3903 0.2277 0.2421 
        H634  1 0.1981 0.3118 0.2648 0.2253 
        H671  1 0.4827 0.1612 0.1739 0.1822 
        H672  1 0.2364 0.2413 0.2815 0.2408 
        H673  1 0.1481 0.3500 0.2035 0.2984 
        H689  1 0.1502 0.2964 0.2294 0.3240 
        H690  1 0.2704 0.1664 0.2362 0.3270 
        H691  1 0.1873 0.1858 0.1711 0.4558 
        H692  1 0.0838 0.4136 0.3043 0.1983 
        H709  1 0.1773 0.2710 0.2804 0.2713 
        H710  1 0.0992 0.3893 0.2966 0.2148 
       H7355  1 0.1148 0.1815 0.2614 0.4423 
       H7356  1 0.2199 0.3323 0.2302 0.2176 
       H7357  1 0.2871 0.1943 0.2405 0.2782 
       H7358  1 0.1521 0.2637 0.2352 0.3489 
       H7380  1 0.1594 0.2793 0.2624 0.2989 
       H7381  1 0.3044 0.3105 0.1989 0.1862 
       H7382  1 0.1851 0.2861 0.2625 0.2663 
        H904  1 0.5614 0.1211 0.1195 0.1980 
        H923  1 0.2805 0.2518 0.2008 0.2669 
        H924  1 0.2733 0.2308 0.1949 0.3009 
        H925  1 0.1557 0.1861 0.1636 0.4947 
       H9558  1 0.1585 0.3752 0.3481 0.1181 
        H008  2 0.1091 0.2439 0.3319 0.3150 
        H021  2 0.3181 0.1877 0.1787 0.3155 
        H023  2 0.3021 0.1833 0.1748 0.3398 
        H024  2 0.1108 0.2932 0.3996 0.1965 
        H025  2 0.3715 0.2674 0.1882 0.1730 
        H026  2 0.1323 0.4207 0.2490 0.1980 
        H027  2 0.1801 0.1907 0.2091 0.4202 
        H028  2 0.1602 0.3055 0.3089 0.2254 
        H029  2 0.1533 0.2668 0.2722 0.3077 
        H030  2 0.1213 0.3428 0.3615 0.1744 
        H038  2 0.4056 0.2040 0.1546 0.2358 
        H039  2 0.6750 0.1022 0.1092 0.1136 
        H040  2 0.4497 0.1838 0.2193 0.1472 
        H041  2 0.1600 0.2000 0.2515 0.3885 
        H042  2 0.2503 0.2229 0.2259 0.3009 
        H043  2 0.5156 0.1985 0.1708 0.1150 
        H044  2 0.1486 0.3010 0.4101 0.1403 
        H047  2 0.2878 0.2703 0.2743 0.1676 
        H050  2 0.1496 0.2647 0.4032 0.1825 
        H058  2 0.3411 0.2379 0.2687 0.1522 
        H062  2 0.3040 0.1713 0.1282 0.3965 
        H063  2 0.3877 0.1815 0.2090 0.2219 
        H065  2 0.2212 0.4191 0.1553 0.2045 
        H066  2 0.2081 0.2850 0.3633 0.1436 
        H067  2 0.1657 0.2376 0.2344 0.3622 
        H068  2 0.3851 0.2103 0.2069 0.1977 
        H069  2 0.2594 0.2838 0.2703 0.1864 
        H071  2 0.2916 0.2223 0.2069 0.2792 
        H072  2 0.4494 0.1645 0.1914 0.1947 
        H073  2 0.1749 0.3086 0.2149 0.3016 
        H081  2 0.1923 0.1651 0.1954 0.4472 
        H082  2 0.1191 0.3285 0.3800 0.1725 
        H083  2 0.1359 0.3701 0.3190 0.1751 
        H084  2 0.2798 0.2150 0.2763 0.2288 
        H085  2 0.1478 0.1633 0.1918 0.4970 
        H087  2 0.1658 0.1657 0.1905 0.4780 
        H088  2 0.3476 0.1926 0.2041 0.2557 
        H089  2 0.1873 0.1992 0.2089 0.4046 
        H090  2 0.1337 0.2779 0.3257 0.2626 
        H091  2 0.1062 0.2156 0.2510 0.4273 
        H098  2 0.1819 0.2248 0.3590 0.2342 
      H10001  2 0.6687 0.1058 0.1050 0.1206 
      H10002  2 0.3644 0.1688 0.1941 0.2727 
        H101  2 0.1493 0.2683 0.4026 0.1798 
        H108  2 0.3858 0.1586 0.1372 0.3184 
        H109  2 0.2878 0.2075 0.3262 0.1785 
        H110  2 0.1449 0.1960 0.3187 0.3404 
        H116  2 0.1742 0.3233 0.3205 0.1819 
        H117  2 0.1266 0.1781 0.3109 0.3844 
        H118  2 0.1000 0.3068 0.2182 0.3750 
        H119  2 0.2805 0.2013 0.2235 0.2948 
        H120  2 0.4622 0.1369 0.1288 0.2720 
        H121  2 0.1206 0.2599 0.2631 0.3564 
        H125  2 0.6634 0.1082 0.1074 0.1211 
        H126  2 0.1701 0.3951 0.2595 0.1754 
        H128  2 0.0760 0.3713 0.3249 0.2279 
        H129  2 0.1309 0.4490 0.2441 0.1761 
        H130  2 0.3926 0.2592 0.2309 0.1173 
        H133  2 0.5315 0.1780 0.1618 0.1287 
        H134  2 0.1155 0.5537 0.1923 0.1386 
        H135  2 0.2460 0.2280 0.2240 0.3020 
        H137  2 0.2132 0.2154 0.3431 0.2283 
        H138  2 0.1400 0.4085 0.2848 0.1667 
        H140  2 0.2117 0.2726 0.2728 0.2429 
        H146  2 0.1545 0.2771 0.2729 0.2955 
        H147  2 0.1452 0.2039 0.2847 0.3662 
        H148  2 0.1398 0.1593 0.2854 0.4155 
     H166022  2 0.1308 0.2536 0.3881 0.2275 
     H167359  2 0.2333 0.2526 0.3160 0.1982 
     H167397  2 0.0856 0.2762 0.4323 0.2059 
     H167428  2 0.0819 0.2744 0.2114 0.4323 
     H167496  2 0.4287 0.1419 0.1696 0.2598 
     H167513  2 0.2786 0.2523 0.3386 0.1305 
     H167545  2 0.1305 0.3176 0.3323 0.2195 
     H167547  2 0.1268 0.3276 0.3985 0.1471 
     H169621  2 0.1319 0.2782 0.3531 0.2369 
     H169622  2 0.1641 0.3347 0.2591 0.2422 
     H169750  2 0.3270 0.2756 0.2700 0.1274 
     H171806  2 0.2256 0.2382 0.2158 0.3204 
     H171808  2 0.2026 0.2491 0.2011 0.3472 
     H171809  2 0.2229 0.2145 0.2179 0.3447 
     H171813  2 0.2279 0.3314 0.2194 0.2213 
     H171815  2 0.5291 0.1722 0.1525 0.1462 
     H171824  2 0.3266 0.1513 0.1770 0.3450 
     H171825  2 0.1817 0.2813 0.2549 0.2822 
     H171826  2 0.2622 0.2048 0.2348 0.2982 
     H171827  2 0.2582 0.2592 0.2554 0.2272 
     H171828  2 0.4753 0.1175 0.1208 0.2865 
     H171829  2 0.2637 0.3235 0.2389 0.1739 
     H171830  2 0.2083 0.2130 0.3726 0.2061 
     H171831  2 0.1204 0.3902 0.2942 0.1952 
     H171832  2 0.1830 0.3261 0.2888 0.2021 
     H171863  2 0.1185 0.3713 0.3582 0.1519 
     H171864  2 0.1912 0.2029 0.2908 0.3151 
     H171865  2 0.4675 0.1825 0.1822 0.1678 
     H171879  2 0.2004 0.2429 0.3323 0.2245 
     H171880  2 0.1617 0.2163 0.3676 0.2544 
     H171881  2 0.1786 0.2609 0.2577 0.3028 
     H171882  2 0.5862 0.1305 0.1335 0.1498 
     H171929  2 0.1815 0.2564 0.2706 0.2915 
     H171930  2 0.1193 0.2988 0.4123 0.1696 
     H171933  2 0.2031 0.2460 0.2988 0.2521 
     H171934  2 0.1712 0.1759 0.2157 0.4372 
     H171937  2 0.1547 0.3839 0.3082 0.1531 
     H171962  2 0.1539 0.2553 0.2653 0.3255 
        H190  2 0.1801 0.2769 0.3182 0.2248 
        H191  2 0.2214 0.2778 0.2591 0.2417 
        H396  2 0.1979 0.1682 0.1331 0.5009 
        H397  2 0.1861 0.2447 0.3265 0.2427 
        H398  2 0.2282 0.3132 0.1568 0.3018 
        H400  2 0.1933 0.1852 0.2008 0.4207 
        H401  2 0.0881 0.2658 0.4294 0.2167 
        H402  2 0.1656 0.2506 0.3660 0.2177 
        H427  2 0.1772 0.1892 0.1832 0.4503 
        H428  2 0.0845 0.2652 0.2138 0.4365 
        H497  2 0.3647 0.2341 0.2486 0.1526 
        H512  2 0.1937 0.2349 0.3474 0.2239 
        H513  2 0.2685 0.2411 0.3557 0.1347 
        H514  2 0.1976 0.3439 0.2863 0.1721 
        H519  2 0.2371 0.2365 0.3665 0.1598 
        H532  2 0.1246 0.1919 0.1908 0.4927 
        H543  2 0.1566 0.2344 0.3778 0.2312 
        H544  2 0.2194 0.3960 0.2324 0.1522 
        H545  2 0.1266 0.3608 0.3229 0.1897 
        H546  2 0.4303 0.2095 0.1809 0.1794 
        H547  2 0.1266 0.3194 0.4049 0.1490 
        H548  2 0.1790 0.2058 0.2754 0.3398 
        H549  2 0.3193 0.2651 0.2614 0.1542 
        H620  2 0.5822 0.1268 0.1247 0.1662 
        H623  2 0.1704 0.3448 0.3307 0.1541 
        H624  2 0.4046 0.2693 0.1855 0.1405 
        H625  2 0.1584 0.2183 0.2204 0.4030 
        H626  2 0.2618 0.2299 0.2815 0.2268 
        H654  2 0.6818 0.1139 0.0999 0.1044 
        H655  2 0.3086 0.2248 0.2668 0.1997 
        H656  2 0.5174 0.1370 0.1109 0.2348 
        H666  2 0.5788 0.1604 0.1385 0.1224 
        H667  2 0.1910 0.2444 0.2267 0.3379 
        H677  2 0.1802 0.2384 0.2276 0.3538 
        H693  2 0.3263 0.1456 0.1450 0.3832 
        H694  2 0.1864 0.3153 0.3367 0.1617 
        H701  2 0.1541 0.2420 0.3989 0.2050 
        H702  2 0.2523 0.2259 0.3189 0.2029 
        H731  2 0.3024 0.1849 0.2224 0.2904 
       H7359  2 0.2311 0.2451 0.3149 0.2089 
       H7389  2 0.1646 0.2397 0.2174 0.3783 
       H7390  2 0.5019 0.1679 0.1796 0.1506 
       H7391  2 0.1317 0.1373 0.1904 0.5406 
       H7392  2 0.2806 0.2847 0.2097 0.2250 
       H7393  2 0.3351 0.1975 0.2680 0.1994 
       H7398  2 0.1793 0.1684 0.2501 0.4022 
       H7399  2 0.1477 0.2971 0.2563 0.2988 
       H7400  2 0.6397 0.1190 0.1108 0.1305 
        H745  2 0.1166 0.5036 0.2171 0.1627 
        H746  2 0.1475 0.3016 0.2610 0.2900 
        H747  2 0.4173 0.1726 0.2244 0.1858 
        H748  2 0.2450 0.2352 0.3252 0.1945 
       H7484  2 0.4706 0.1558 0.1780 0.1956 
       H7485  2 0.2380 0.2914 0.2811 0.1896 
        H749  2 0.1787 0.2674 0.2791 0.2749 
        H930  2 0.1318 0.2623 0.4141 0.1917 
        H931  2 0.1840 0.2447 0.2410 0.3304 
        H932  2 0.2151 0.2493 0.2417 0.2940 
        H111  3 0.1435 0.3610 0.3553 0.1403 
        H951  3 0.1390 0.2982 0.3231 0.2397 
        H952  3 0.2046 0.3134 0.2410 0.2409 
        H953  3 0.1186 0.1564 0.1950 0.5300 
        H954  3 0.4599 0.1778 0.2079 0.1543 
        H955  3 0.1336 0.3249 0.3726 0.1689 
        H956  3 0.2637 0.2007 0.2681 0.2675 
       H9563  3 0.2303 0.1937 0.2566 0.3195 
        H002  4 0.3784 0.2808 0.1794 0.1614 
        H003  4 0.1373 0.2810 0.2179 0.3637 
        H009  4 0.1857 0.3882 0.2564 0.1697 
        H010  4 0.1775 0.2452 0.2563 0.3209 
        H011  4 0.4337 0.1649 0.1402 0.2613 
        H012  4 0.1418 0.2243 0.3416 0.2923 
        H013  4 0.2799 0.1961 0.2100 0.3140 
        H014  4 0.2007 0.3138 0.2909 0.1946 
        H045  4 0.2638 0.1637 0.1906 0.3819 
        H046  4 0.1358 0.3356 0.2071 0.3215 
        H051  4 0.2893 0.1825 0.2042 0.3239 
        H052  4 0.3642 0.2661 0.2004 0.1694 
        H053  4 0.3161 0.2194 0.2515 0.2130 
        H056  4 0.3773 0.2354 0.2093 0.1780 
        H076  4 0.1438 0.3516 0.2296 0.2750 
        H151  4 0.5195 0.1877 0.1439 0.1490 
        H152  4 0.3289 0.2849 0.1823 0.2039 
     H171803  4 0.4043 0.1929 0.1813 0.2215 
     H171804  4 0.3312 0.1888 0.2478 0.2322 
     H171833  4 0.1555 0.3858 0.3017 0.1570 
     H171855  4 0.4785 0.2135 0.1769 0.1311 
     H171856  4 0.2885 0.2165 0.2469 0.2481 
     H171857  4 0.3702 0.2428 0.1988 0.1883 
     H171858  4 0.2094 0.2871 0.2353 0.2681 
     H171859  4 0.2526 0.2561 0.2367 0.2546 
     H171961  4 0.3412 0.1960 0.1793 0.2835 
        H198  4 0.1157 0.3053 0.3036 0.2753 
      H20001  4 0.1663 0.4144 0.2809 0.1384 
        H403  4 0.3155 0.2525 0.2202 0.2117 
        H404  4 0.1354 0.2575 0.2520 0.3552 
        H405  4 0.1424 0.2851 0.2622 0.3103 
        H406  4 0.2144 0.3381 0.3205 0.1270 
        H407  4 0.2481 0.1878 0.2246 0.3394 
        H410  4 0.1106 0.2235 0.3140 0.3519 
        H411  4 0.1503 0.3347 0.3633 0.1518 
        H468  4 0.2723 0.3348 0.2812 0.1118 
        H476  4 0.3029 0.2375 0.3264 0.1332 
        H477  4 0.1442 0.4108 0.2919 0.1531 
        H478  4 0.1783 0.2429 0.3076 0.2712 
        H479  4 0.3464 0.1871 0.1764 0.2902 
        H480  4 0.1366 0.3278 0.3722 0.1634 
        H498  4 0.2058 0.3113 0.2581 0.2248 
        H499  4 0.2181 0.2628 0.2465 0.2725 
        H500  4 0.4445 0.1483 0.1966 0.2106 
        H515  4 0.3058 0.2049 0.2768 0.2125 
        H516  4 0.2499 0.2922 0.2931 0.1648 
        H517  4 0.1923 0.2445 0.3132 0.2500 
        H518  4 0.3745 0.2578 0.2237 0.1441 
        H520  4 0.4320 0.2044 0.2065 0.1572 
        H521  4 0.1825 0.2759 0.2273 0.3142 
        H522  4 0.3013 0.2437 0.2436 0.2114 
        H523  4 0.2479 0.2345 0.3150 0.2027 
        H536  4 0.1835 0.2971 0.1831 0.3364 
        H645  4 0.2474 0.1531 0.1423 0.4571 
        H646  4 0.1377 0.3168 0.3008 0.2447 
        H647  4 0.2715 0.2927 0.2447 0.1910 
        H657  4 0.1600 0.2692 0.3210 0.2498 
        H658  4 0.2501 0.2079 0.2927 0.2493 
        H659  4 0.6146 0.1322 0.1332 0.1200 
        H660  4 0.2891 0.2373 0.2800 0.1937 
        H661  4 0.4366 0.2302 0.1745 0.1587 
        H668  4 0.1455 0.2434 0.3033 0.3078 
        H669  4 0.2579 0.1968 0.2303 0.3150 
        H670  4 0.2303 0.1587 0.1738 0.4372 
        H678  4 0.2308 0.2371 0.3078 0.2243 
        H679  4 0.1436 0.2533 0.3882 0.2148 
        H680  4 0.2220 0.3278 0.2546 0.1957 
        H681  4 0.2876 0.1966 0.2481 0.2676 
        H682  4 0.1651 0.2112 0.3852 0.2386 
        H683  4 0.3633 0.2764 0.2258 0.1345 
        H718  4 0.4741 0.1660 0.1553 0.2046 
        H719  4 0.2755 0.1939 0.2148 0.3157 
        H720  4 0.3505 0.2818 0.1744 0.1934 
        H721  4 0.3248 0.2963 0.1877 0.1911 
        H722  4 0.3229 0.3815 0.1634 0.1322 
        H723  4 0.3372 0.1733 0.1979 0.2916 
        H724  4 0.5433 0.1407 0.1483 0.1678 
        H725  4 0.5300 0.1739 0.1543 0.1418 
        H726  4 0.3877 0.1974 0.2222 0.1927 
        H727  4 0.3036 0.1875 0.2013 0.3076 
        H910  4 0.2500 0.1949 0.2719 0.2832 
        H911  4 0.1787 0.3005 0.3037 0.2171 
        H912  4 0.2959 0.2745 0.2677 0.1619 
        H913  4 0.3422 0.1986 0.2276 0.2316 
        H914  4 0.3578 0.1442 0.1728 0.3252 
        H915  4 0.2483 0.2353 0.3419 0.1744 
        H916  4 0.1860 0.3021 0.3466 0.1654 
       H9572  4 0.3342 0.2399 0.2355 0.1905 
        H015  5 0.1544 0.3190 0.3469 0.1797 
        H016  5 0.1646 0.3956 0.2369 0.2029 
        H017  5 0.2509 0.3128 0.2857 0.1506 
        H019  5 0.2030 0.2813 0.3193 0.1964 
        H020  5 0.2436 0.2423 0.1822 0.3318 
        H032  5 0.3027 0.2457 0.2929 0.1587 
        H033  5 0.1636 0.2499 0.3185 0.2680 
        H034  5 0.3387 0.1829 0.2081 0.2704 
        H035  5 0.2513 0.2521 0.2527 0.2439 
        H036  5 0.1536 0.2826 0.2899 0.2739 
        H037  5 0.3319 0.1925 0.2151 0.2606 
        H048  5 0.4287 0.1483 0.1522 0.2709 
        H049  5 0.2019 0.3653 0.2619 0.1709 
        H054  5 0.2159 0.3004 0.2106 0.2731 
        H055  5 0.2999 0.2419 0.1755 0.2826 
        H057  5 0.2416 0.4039 0.2035 0.1510 
        H060  5 0.2705 0.2542 0.2091 0.2662 
        H061  5 0.1793 0.2302 0.2438 0.3467 
        H064  5 0.3132 0.2527 0.1774 0.2566 
        H070  5 0.2485 0.1873 0.2449 0.3193 
        H077  5 0.4510 0.1796 0.2171 0.1523 
        H078  5 0.3876 0.2481 0.2238 0.1405 
        H079  5 0.1359 0.1953 0.2318 0.4370 
        H097  5 0.2868 0.3105 0.2908 0.1119 
        H107  5 0.5416 0.1284 0.1218 0.2082 
        H122  5 0.2314 0.2830 0.2639 0.2218 
        H123  5 0.1482 0.3054 0.3192 0.2273 
        H124  5 0.1509 0.2665 0.2741 0.3085 
        H131  5 0.1540 0.2769 0.3185 0.2506 
        H132  5 0.2796 0.2212 0.2156 0.2835 
        H141  5 0.3582 0.2066 0.2148 0.2204 
        H142  5 0.1298 0.2816 0.3538 0.2348 
        H157  5 0.4062 0.1767 0.1820 0.2351 
        H158  5 0.1349 0.4345 0.2512 0.1794 
        H159  5 0.1613 0.2900 0.3134 0.2354 
        H160  5 0.3014 0.2610 0.2593 0.1783 
        H163  5 0.1523 0.2730 0.3523 0.2223 
        H164  5 0.1711 0.2693 0.3377 0.2219 
        H165  5 0.1481 0.2284 0.2686 0.3549 
        H166  5 0.1471 0.3156 0.2463 0.2909 
        H169  5 0.2015 0.2691 0.2681 0.2613 
     H169613  5 0.2169 0.2602 0.3144 0.2085 
     H169653  5 0.1490 0.3360 0.2692 0.2458 
     H169728  5 0.2063 0.2923 0.3242 0.1773 
     H169742  5 0.2231 0.1779 0.1479 0.4511 
        H170  5 0.2095 0.3954 0.2417 0.1534 
        H171  5 0.1657 0.4195 0.2447 0.1701 
     H171851  5 0.2074 0.2968 0.3052 0.1906 
     H171852  5 0.4137 0.2273 0.1742 0.1848 
     H171853  5 0.3209 0.2008 0.2501 0.2282 
     H171854  5 0.2310 0.2595 0.3458 0.1636 
     H171938  5 0.2102 0.1801 0.2337 0.3760 
     H171939  5 0.1603 0.3453 0.2197 0.2747 
     H171941  5 0.3744 0.1829 0.1495 0.2932 
     H171965  5 0.1475 0.3353 0.2896 0.2275 
     H171970  5 0.5142 0.1479 0.1452 0.1927 
     H171973  5 0.1612 0.2093 0.2532 0.3763 
     H171974  5 0.2263 0.2257 0.2189 0.3291 
     H171975  5 0.2424 0.2225 0.2269 0.3082 
     H171976  5 0.2712 0.3386 0.2638 0.1265 
        H175  5 0.3475 0.1808 0.1791 0.2925 
        H178  5 0.2498 0.2416 0.2071 0.3015 
        H189  5 0.1299 0.3232 0.3543 0.1926 
        H399  5 0.2480 0.4204 0.2010 0.1307 
        H416  5 0.2557 0.2100 0.2070 0.3272 
        H438  5 0.1899 0.1812 0.2632 0.3657 
        H450  5 0.3649 0.2021 0.2028 0.2302 
        H455  5 0.3893 0.1534 0.1387 0.3186 
        H456  5 0.2143 0.1922 0.1912 0.4022 
        H457  5 0.3731 0.2652 0.2026 0.1591 
        H458  5 0.2972 0.2134 0.2066 0.2829 
        H459  5 0.1368 0.3111 0.3044 0.2476 
        H460  5 0.2917 0.2155 0.2916 0.2011 
        H461  5 0.1959 0.3652 0.2995 0.1394 
        H462  5 0.1357 0.2171 0.3310 0.3162 
        H469  5 0.1347 0.2575 0.3595 0.2482 
        H470  5 0.3002 0.2357 0.2819 0.1822 
        H471  5 0.1525 0.3623 0.3220 0.1632 
        H481  5 0.5099 0.1421 0.1437 0.2043 
        H482  5 0.3231 0.2070 0.2809 0.1890 
        H501  5 0.2765 0.2261 0.2492 0.2482 
        H502  5 0.1343 0.3528 0.3176 0.1953 
        H503  5 0.1814 0.3254 0.2765 0.2167 
        H509  5 0.3746 0.1785 0.2097 0.2371 
        H510  5 0.1765 0.2803 0.2741 0.2691 
        H511  5 0.1640 0.2813 0.3317 0.2230 
        H530  5 0.2975 0.1809 0.2031 0.3185 
        H531  5 0.4705 0.1953 0.1715 0.1626 
        H564  5 0.3298 0.2207 0.2021 0.2474 
        H565  5 0.4556 0.1815 0.1634 0.1995 
        H567  5 0.1160 0.2965 0.3378 0.2497 
     H568???  5 0.1526 0.3620 0.2958 0.1897 
        H608  5 0.3518 0.1882 0.2224 0.2376 
        H609  5 0.1811 0.1987 0.1932 0.4270 
        H612  5 0.4692 0.1255 0.1463 0.2589 
        H614  5 0.4966 0.1888 0.1476 0.1669 
        H615  5 0.3865 0.2274 0.2119 0.1742 
        H616  5 0.4786 0.1158 0.1255 0.2801 
        H617  5 0.1377 0.2357 0.2973 0.3293 
        H618  5 0.3800 0.1831 0.1819 0.2550 
        H619  5 0.1727 0.1950 0.1591 0.4732 
        H635  5 0.2042 0.2442 0.3191 0.2325 
        H636  5 0.1458 0.1782 0.2463 0.4297 
        H637  5 0.2822 0.2004 0.1700 0.3474 
        H644  5 0.0927 0.4670 0.2984 0.1419 
        H711  5 0.2162 0.3752 0.2433 0.1653 
        H712  5 0.2542 0.1586 0.1467 0.4405 
       H7360  5 0.3004 0.2866 0.2372 0.1758 
       H7361  5 0.3289 0.2216 0.2233 0.2263 
       H7362  5 0.1010 0.4711 0.2685 0.1593 
       H7363  5 0.2598 0.2738 0.2391 0.2272 
       H7394  5 0.1373 0.2675 0.4068 0.1885 
       H7395  5 0.2221 0.2439 0.2176 0.3164 
       H7396  5 0.2223 0.2134 0.2843 0.2800 
        H742  5 0.2210 0.1628 0.1441 0.4721 
        H743  5 0.2683 0.2074 0.1613 0.3630 
        H744  5 0.3968 0.1408 0.1687 0.2937 
        H957  5 0.2490 0.3261 0.2705 0.1544 
        H958  5 0.1880 0.2128 0.3637 0.2356 
        H959  5 0.3867 0.1687 0.1795 0.2652 
        H960  5 0.1870 0.2030 0.2497 0.3603 
      H_PALI  6 0.2130 0.2701 0.3234 0.1935 
        H581  6 0.3656 0.2246 0.2235 0.1863 
        H582  6 0.5289 0.1850 0.1431 0.1430 
        H583  6 0.3284 0.2376 0.2154 0.2187 
        H595  6 0.1247 0.2723 0.4220 0.1809 
        H596  6 0.1178 0.2591 0.4148 0.2084 
        H597  6 0.1253 0.3610 0.2608 0.2529 
        H598  6 0.2451 0.2123 0.2671 0.2755 
        H599  6 0.3112 0.1893 0.1871 0.3124 
        H642  6 0.1896 0.3315 0.3366 0.1423 
        H643  6 0.2165 0.2122 0.2713 0.2999 
        H664  6 0.4791 0.2166 0.1932 0.1112 
        H665  6 0.1956 0.1767 0.2375 0.3902 
        H674  6 0.1065 0.3863 0.3310 0.1761 
        H675  6 0.2779 0.2705 0.2271 0.2244 
        H676  6 0.1537 0.2946 0.3941 0.1576 
        H686  6 0.2165 0.2959 0.2785 0.2091 
        H687  6 0.2379 0.2735 0.3020 0.1866 
        H917  6 0.1245 0.2139 0.3530 0.3086 
        H918  6 0.1892 0.2159 0.1821 0.4128 
        H919  6 0.3886 0.1396 0.1577 0.3141 
        H920  6 0.3467 0.2333 0.2574 0.1626 
        H631  7 0.3396 0.2152 0.2048 0.2403 
        H684  7 0.1256 0.3707 0.3325 0.1712 
        H685  7 0.4061 0.1666 0.2335 0.1939 
        H713  7 0.5307 0.1506 0.1675 0.1512 
        H715  7 0.1536 0.3557 0.3071 0.1836 
        H716  7 0.2628 0.2277 0.1522 0.3573 
        H717  7 0.2679 0.2623 0.2113 0.2585 
        H729  7 0.1053 0.2207 0.2821 0.3919 
        H730  7 0.1860 0.1634 0.2030 0.4476 
        H431  8 0.3221 0.1894 0.2311 0.2575 
        H432  8 0.1133 0.4100 0.2220 0.2548 
        H433  8 0.1740 0.2220 0.3357 0.2683 
        H434  8 0.1611 0.2746 0.2738 0.2905 
        H444  8 0.1574 0.2245 0.2683 0.3497 
        H454  8 0.4349 0.1593 0.1670 0.2388 
        H475  8 0.4835 0.1674 0.2014 0.1477 
        H491  8 0.3060 0.2389 0.1903 0.2648 
        H492  8 0.3582 0.1991 0.2301 0.2126 
        H493  8 0.2151 0.3103 0.2864 0.1882 
        H494  8 0.2402 0.2243 0.2627 0.2728 
        H495  8 0.4676 0.2425 0.1515 0.1385 
        H662  8 0.2620 0.3171 0.2126 0.2083 
        H663  8 0.2389 0.2455 0.2305 0.2851 
        H695  8 0.2599 0.2156 0.2465 0.2780 
       H7367  8 0.1143 0.2500 0.3469 0.2887 
       H7368  8 0.1532 0.3211 0.3075 0.2182 
       H7369  8 0.1812 0.1937 0.2103 0.4148 
       H7370  8 0.1228 0.2316 0.4567 0.1889 
       H7371  8 0.1847 0.2153 0.3045 0.2954 
        H600  9 0.3696 0.2017 0.2071 0.2216 
        H648  9 0.2195 0.3190 0.2664 0.1951 
        H696  9 0.1195 0.4153 0.3183 0.1470 
        H697  9 0.1733 0.2184 0.2410 0.3673 
        H698  9 0.1706 0.2740 0.3053 0.2502 
        H699  9 0.2165 0.2615 0.2835 0.2385 
        H700  9 0.3332 0.1896 0.2365 0.2407 
        H732  9 0.4605 0.2200 0.1585 0.1610 
        H733  9 0.1460 0.2292 0.3709 0.2540 
        H734  9 0.1568 0.2968 0.3825 0.1639 
        H735  9 0.1720 0.2640 0.3348 0.2292 
        H736  9 0.2967 0.2459 0.2364 0.2210 
        H737  9 0.2279 0.1922 0.1788 0.4011 
        H905  9 0.2822 0.1880 0.2089 0.3209 
        H921  9 0.2792 0.1915 0.2295 0.2998 
        H922  9 0.1115 0.2415 0.3851 0.2619 
     H169705 10 0.1666 0.2055 0.3590 0.2690 
     H171942 10 0.1141 0.4152 0.2385 0.2322 
     H171943 10 0.1894 0.2643 0.2808 0.2655 
     H171944 10 0.2124 0.2049 0.3136 0.2691 
     H171946 10 0.4183 0.2454 0.1980 0.1383 
     H171947 10 0.1852 0.2902 0.2886 0.2360 
     H229641 10 0.2722 0.2425 0.3204 0.1649 
      H30001 10 0.2364 0.2229 0.3040 0.2367 
      H30002 10 0.2172 0.2302 0.2432 0.3093 
      H30005 10 0.1587 0.2302 0.3335 0.2776 
      H30006 10 0.1563 0.3145 0.2868 0.2424 
      H30007 10 0.1234 0.3938 0.2181 0.2647 
        H451 10 0.1499 0.2806 0.3462 0.2233 
        H452 10 0.1828 0.2524 0.3004 0.2644 
        H453 10 0.4370 0.2259 0.1580 0.1791 
        H473 10 0.2984 0.2284 0.1738 0.2994 
        H474 10 0.5576 0.1705 0.1676 0.1043 
        H486 10 0.2941 0.2072 0.2696 0.2291 
        H487 10 0.2925 0.2122 0.2376 0.2578 
        H488 10 0.2451 0.2066 0.2167 0.3316 
        H489 10 0.4408 0.1674 0.2111 0.1806 
        H550 10 0.1911 0.3367 0.3259 0.1462 
        H551 10 0.2074 0.1712 0.2573 0.3641 
        H553 10 0.3824 0.1895 0.2025 0.2256 
        H554 10 0.1836 0.3004 0.3159 0.2000 
        H556 10 0.2959 0.2662 0.2221 0.2159 
        H580 10 0.1501 0.2572 0.2414 0.3513 
        H591 10 0.5332 0.1330 0.1421 0.1916 
        H592 10 0.3150 0.2081 0.2732 0.2038 
        H593 10 0.2111 0.2789 0.3055 0.2044 
        H594 10 0.1024 0.3759 0.2723 0.2494 
        H627 10 0.2770 0.2749 0.3021 0.1460 
        H628 10 0.0923 0.2588 0.1878 0.4611 
        H629 10 0.3237 0.2721 0.2453 0.1589 
        H630 10 0.2746 0.2330 0.3141 0.1784 
        H638 10 0.1882 0.2470 0.3714 0.1934 
        H639 10 0.4794 0.2079 0.1814 0.1312 
        H640 10 0.1854 0.2915 0.3487 0.1743 
        H704 10 0.1424 0.3994 0.2141 0.2441 
        H705 10 0.1663 0.1993 0.3487 0.2857 
        H706 10 0.2585 0.1487 0.1922 0.4007 
        H708 10 0.5099 0.1628 0.1521 0.1752 
       H7351 10 0.2234 0.3164 0.2689 0.1912 
       H7352 10 0.2613 0.2303 0.2402 0.2682 
       H7353 10 0.1318 0.4785 0.2257 0.1640 
       H7354 10 0.2713 0.2154 0.2062 0.3071 
       H7365 10 0.5141 0.1473 0.1636 0.1750 
       H7383 10 0.2935 0.1802 0.2308 0.2955 
       H7384 10 0.2544 0.2105 0.2178 0.3173 
       H7385 10 0.3175 0.1801 0.2153 0.2871 
       H7386 10 0.1846 0.2517 0.2752 0.2886 
       H7387 10 0.1847 0.2794 0.2631 0.2728 
       H7388 10 0.1861 0.2311 0.2637 0.3192 
        H906 10 0.3077 0.2932 0.1561 0.2430 
        H907 10 0.1484 0.2977 0.4012 0.1528 
        H908 10 0.2148 0.2229 0.3097 0.2526 
        H909 10 0.2066 0.2102 0.2035 0.3796 
       H9552 10 0.1969 0.3061 0.2425 0.2545 
       H9553 10 0.2737 0.1955 0.2337 0.2971 
       H9555 10 0.1678 0.2217 0.3005 0.3100 
       H9575 10 0.4062 0.2282 0.1935 0.1720 
       H9703 10 0.4426 0.1607 0.1479 0.2488 
       H9707 10 0.3973 0.1951 0.2367 0.1710 
       HSAA4 10 0.1502 0.2466 0.2533 0.3499 
        H001 11 0.2440 0.2440 0.1649 0.3471 
        H004 11 0.2010 0.2596 0.3080 0.2313 
        H005 11 0.4312 0.1623 0.1743 0.2322 
        H006 11 0.2379 0.2147 0.3017 0.2458 
        H007 11 0.3246 0.1610 0.1380 0.3764 
        H031 11 0.5120 0.1280 0.1637 0.1963 
        H074 11 0.4445 0.1914 0.2167 0.1474 
        H075 11 0.3890 0.1407 0.1375 0.3328 
        H080 11 0.3519 0.2017 0.2124 0.2340 
        H086 11 0.1819 0.2273 0.2820 0.3088 
        H092 11 0.2697 0.2074 0.2505 0.2723 
        H093 11 0.1231 0.3979 0.2670 0.2119 
        H094 11 0.1915 0.2691 0.3825 0.1569 
        H095 11 0.3580 0.2084 0.1817 0.2519 
        H096 11 0.3069 0.1792 0.1915 0.3225 
        H099 11 0.2855 0.2210 0.2504 0.2431 
        H100 11 0.1089 0.3159 0.1987 0.3765 
        H127 11 0.2627 0.2027 0.2349 0.2997 
        H136 11 0.4448 0.1754 0.1876 0.1922 
        H153 11 0.1901 0.2798 0.3441 0.1861 
        H154 11 0.4736 0.1753 0.1909 0.1602 
        H155 11 0.1021 0.1924 0.2205 0.4851 
        H156 11 0.0958 0.2755 0.3215 0.3073 
        H161 11 0.1975 0.3052 0.2696 0.2278 
        H162 11 0.1414 0.2520 0.3899 0.2167 
        H167 11 0.1494 0.2565 0.2522 0.3419 
        H168 11 0.1755 0.2655 0.2432 0.3158 
     H169586 11 0.3855 0.3291 0.1577 0.1278 
     H169738 11 0.1193 0.1957 0.2649 0.4201 
     H169741 11 0.4156 0.1873 0.2182 0.1788 
     H171801 11 0.1622 0.3851 0.2784 0.1744 
     H171810 11 0.3421 0.2233 0.2605 0.1740 
     H171811 11 0.4567 0.2093 0.1810 0.1530 
     H171812 11 0.2286 0.1729 0.1420 0.4564 
     H171820 11 0.4494 0.1771 0.1852 0.1883 
     H171821 11 0.1622 0.2582 0.3158 0.2638 
     H171822 11 0.1922 0.2189 0.3219 0.2669 
     H171823 11 0.4253 0.2748 0.1746 0.1253 
     H171866 11 0.1468 0.2950 0.2699 0.2882 
     H171867 11 0.1442 0.2007 0.3169 0.3381 
     H171967 11 0.3865 0.1646 0.1591 0.2898 
     H171969 11 0.2269 0.2500 0.2335 0.2896 
        H172 11 0.2157 0.2108 0.2373 0.3362 
        H173 11 0.1866 0.1762 0.2443 0.3929 
        H174 11 0.1215 0.3466 0.3456 0.1862 
        H196 11 0.1219 0.2150 0.2904 0.3727 
        H197 11 0.1638 0.2275 0.3458 0.2628 
        H346 11 0.2233 0.2006 0.2104 0.3657 
        H355 11 0.3388 0.2044 0.1601 0.2967 
        H356 11 0.2280 0.2230 0.2238 0.3252 
        H357 11 0.3770 0.1805 0.2217 0.2208 
        H358 11 0.1809 0.1662 0.2129 0.4400 
        H359 11 0.2568 0.2442 0.3170 0.1820 
        H360 11 0.2178 0.2221 0.2648 0.2953 
        H361 11 0.1652 0.2425 0.2358 0.3564 
        H362 11 0.1050 0.2570 0.4341 0.2040 
        H363 11 0.3958 0.1804 0.2291 0.1947 
        H364 11 0.2775 0.2824 0.2060 0.2340 
        H365 11 0.1950 0.2189 0.2012 0.3848 
        H366 11 0.1724 0.2154 0.2172 0.3950 
        H367 11 0.4611 0.1803 0.1873 0.1713 
        H368 11 0.2084 0.3293 0.3125 0.1498 
        H369 11 0.4750 0.1443 0.1704 0.2103 
        H370 11 0.1693 0.2757 0.3363 0.2187 
        H371 11 0.2077 0.2379 0.3034 0.2510 
        H372 11 0.1825 0.2308 0.2194 0.3673 
        H373 11 0.1980 0.2578 0.2712 0.2731 
        H374 11 0.2660 0.2184 0.1887 0.3269 
        H375 11 0.2967 0.1974 0.1960 0.3098 
        H376 11 0.1628 0.3306 0.2613 0.2453 
        H377 11 0.2671 0.2023 0.2981 0.2326 
        H378 11 0.2767 0.2734 0.2158 0.2340 
        H379 11 0.2202 0.2595 0.3316 0.1887 
        H380 11 0.1377 0.2349 0.2879 0.3396 
        H381 11 0.4719 0.2205 0.1800 0.1276 
        H382 11 0.1031 0.2805 0.4204 0.1960 
        H383 11 0.1240 0.3547 0.2281 0.2932 
        H384 11 0.3903 0.1951 0.1928 0.2217 
        H385 11 0.3077 0.1968 0.3103 0.1852 
        H386 11 0.1571 0.1884 0.2434 0.4112 
        H387 11 0.2126 0.4087 0.1937 0.1850 
        H388 11 0.1184 0.2443 0.2316 0.4058 
        H389 11 0.2131 0.1955 0.2230 0.3684 
        H390 11 0.2123 0.2476 0.3067 0.2334 
        H391 11 0.1612 0.3119 0.2359 0.2910 
        H392 11 0.3345 0.1561 0.1462 0.3632 
        H393 11 0.1338 0.3548 0.2033 0.3082 
        H394 11 0.1683 0.4336 0.2382 0.1599 
        H395 11 0.3980 0.1798 0.1954 0.2268 
        H408 11 0.2335 0.1754 0.1873 0.4039 
        H412 11 0.5831 0.1858 0.1509 0.0801 
        H417 11 0.3367 0.2058 0.2033 0.2542 
        H418 11 0.2604 0.2983 0.2628 0.1785 
        H429 11 0.1827 0.2380 0.2035 0.3757 
        H430 11 0.1407 0.2294 0.2840 0.3459 
        H439 11 0.2310 0.2079 0.2708 0.2904 
        H440 11 0.4441 0.1625 0.1688 0.2247 
        H441 11 0.1679 0.2358 0.3564 0.2399 
        H442 11 0.1601 0.2699 0.2634 0.3066 
        H446 11 0.2188 0.2958 0.2673 0.2182 
        H447 11 0.1389 0.2090 0.2553 0.3969 
        H448 11 0.1682 0.1664 0.2511 0.4144 
        H534 11 0.4482 0.2129 0.1443 0.1945 
        H537 11 0.4508 0.2427 0.1639 0.1427 
        H568 11 0.5790 0.1351 0.1648 0.1211 
        H569 11 0.0900 0.2338 0.3727 0.3036 
        H586 11 0.3960 0.3240 0.1639 0.1161 
        H587 11 0.5106 0.1512 0.1417 0.1966 
        H588 11 0.1224 0.4496 0.2187 0.2093 
        H589 11 0.4779 0.1554 0.1343 0.2325 
        H590 11 0.3502 0.2233 0.1906 0.2359 
        H601 11 0.1210 0.2982 0.3276 0.2533 
        H602 11 0.2906 0.1743 0.2534 0.2817 
        H603 11 0.1399 0.2193 0.3082 0.3326 
        H610 11 0.2698 0.2113 0.2489 0.2700 
        H611 11 0.3771 0.1846 0.2780 0.1603 
        H649 11 0.2104 0.2702 0.2501 0.2693 
        H650 11 0.1623 0.2617 0.4314 0.1445 
        H651 11 0.1731 0.1917 0.2409 0.3943 
        H652 11 0.2178 0.3298 0.2804 0.1720 
       H7364 11 0.1666 0.2292 0.2471 0.3570 
       H7366 11 0.2420 0.1971 0.2223 0.3387 
       H7378 11 0.0867 0.4935 0.3012 0.1186 
       H7379 11 0.2272 0.2574 0.2779 0.2374 
        H739 11 0.4237 0.1750 0.2116 0.1897 
        H740 11 0.1777 0.3036 0.3758 0.1429 
        H741 11 0.4156 0.1768 0.2146 0.1930 
        H926 11 0.1676 0.2679 0.3940 0.1705 
        H927 11 0.1603 0.2130 0.2914 0.3353 
        H928 11 0.2540 0.2462 0.3472 0.1526 
       H9560 11 0.2064 0.2931 0.3062 0.1942 
        H409 12 0.1530 0.2661 0.3082 0.2727 
        H413 12 0.1439 0.4412 0.2781 0.1368 
        H419 12 0.1767 0.2214 0.2833 0.3185 
        H420 12 0.2898 0.2248 0.2074 0.2780 
        H421 12 0.1180 0.2980 0.3575 0.2264 
        H435 12 0.1312 0.3103 0.3019 0.2566 
        H436 12 0.2686 0.1823 0.2174 0.3317 
        H437 12 0.3942 0.2280 0.2042 0.1736 
        H445 12 0.1421 0.2212 0.2559 0.3808 
        H449 12 0.1746 0.3308 0.2217 0.2729 
        H463 12 0.3250 0.2416 0.2388 0.1946 
        H464 12 0.1295 0.4202 0.2737 0.1765 
        H465 12 0.2150 0.3946 0.2636 0.1267 
        H490 12 0.1384 0.4167 0.2938 0.1511 
        H561 12 0.2359 0.2514 0.3013 0.2114 
        H562 12 0.2042 0.1993 0.2082 0.3883 
        H563 12 0.2383 0.1806 0.2571 0.3240 
        H570 12 0.3411 0.1701 0.2098 0.2790 
        H571 12 0.2400 0.3487 0.2692 0.1421 
        H572 12 0.3227 0.2293 0.2285 0.2195 
        H573 12 0.1329 0.2360 0.3085 0.3226 
       H7372 12 0.1017 0.2523 0.3116 0.3344 
       H7373 12 0.1536 0.4334 0.2611 0.1519 
       H7374 12 0.3306 0.2367 0.1655 0.2672 
       H7375 12 0.3513 0.1893 0.2115 0.2479 
       H7376 12 0.0986 0.1815 0.2073 0.5125 
       H7377 12 0.3664 0.1927 0.2747 0.1662 
