        H102  1 0.3368 0.1797 0.2750 0.2085 
        H103  1 0.1704 0.3620 0.1437 0.3239 
        H104  1 0.2784 0.2233 0.3167 0.1816 
        H105  1 0.3513 0.2303 0.2170 0.2014 
        H106  1 0.2231 0.2852 0.2461 0.2455 
        H112  1 0.2319 0.2372 0.3334 0.1974 
        H113  1 0.2955 0.2899 0.2126 0.2021 
        H114  1 0.3143 0.3113 0.1646 0.2098 
        H115  1 0.3526 0.2061 0.2824 0.1589 
        H143  1 0.3517 0.2096 0.2083 0.2304 
        H144  1 0.3374 0.1794 0.1303 0.3529 
        H145  1 0.2341 0.2970 0.1423 0.3266 
        H149  1 0.2560 0.1953 0.3608 0.1879 
        H150  1 0.2561 0.2284 0.2382 0.2772 
     H167542  1 0.4693 0.1860 0.1645 0.1803 
     H169604  1 0.3772 0.2187 0.1897 0.2144 
     H169607  1 0.3384 0.2145 0.1607 0.2864 
     H169608  1 0.2156 0.1869 0.3751 0.2224 
     H169633  1 0.3277 0.2900 0.1454 0.2369 
     H169688  1 0.1889 0.2394 0.1913 0.3805 
     H169714  1 0.2264 0.2318 0.3151 0.2267 
     H171802  1 0.1564 0.2769 0.3660 0.2006 
     H171805  1 0.2217 0.2923 0.1968 0.2893 
     H171807  1 0.2542 0.2015 0.2992 0.2451 
     H171814  1 0.1900 0.2801 0.1546 0.3753 
     H171816  1 0.2115 0.2273 0.3254 0.2358 
     H171817  1 0.2360 0.2494 0.2995 0.2150 
     H171818  1 0.2550 0.2997 0.2191 0.2262 
     H171819  1 0.2224 0.2828 0.2654 0.2294 
     H171834  1 0.2960 0.2345 0.2324 0.2371 
     H171835  1 0.2077 0.1944 0.3824 0.2155 
     H171836  1 0.2362 0.4072 0.1148 0.2418 
     H171837  1 0.3183 0.2134 0.2718 0.1965 
     H171838  1 0.1777 0.3859 0.1830 0.2535 
     H171839  1 0.2995 0.2110 0.2912 0.1982 
     H171841  1 0.1389 0.1785 0.4665 0.2161 
     H171860  1 0.3234 0.2292 0.2275 0.2199 
     H171861  1 0.2865 0.3309 0.1214 0.2612 
     H171862  1 0.2740 0.2550 0.2290 0.2420 
     H171868  1 0.4094 0.1992 0.1968 0.1946 
     H171869  1 0.1987 0.2413 0.1870 0.3730 
     H171870  1 0.1899 0.2464 0.2760 0.2876 
     H171871  1 0.1646 0.3781 0.1840 0.2733 
     H171872  1 0.2892 0.2287 0.2791 0.2030 
     H171873  1 0.1898 0.2172 0.2759 0.3171 
     H171874  1 0.3163 0.2045 0.1937 0.2855 
     H171875  1 0.3584 0.2472 0.1301 0.2643 
     H171876  1 0.3639 0.2256 0.1719 0.2386 
     H171877  1 0.4705 0.1834 0.1706 0.1755 
     H171878  1 0.1856 0.2155 0.3092 0.2897 
     H171901  1 0.1679 0.2763 0.3415 0.2142 
     H171902  1 0.2547 0.1894 0.2542 0.3016 
     H171903  1 0.2726 0.2524 0.2554 0.2196 
     H171935  1 0.1454 0.2786 0.3250 0.2511 
     H171936  1 0.3302 0.2815 0.1638 0.2245 
     H171940  1 0.3456 0.1649 0.2790 0.2105 
     H171945  1 0.2223 0.2215 0.2504 0.3059 
     H171948  1 0.2347 0.2719 0.2923 0.2011 
     H171949  1 0.2441 0.1831 0.3833 0.1895 
     H171950  1 0.1776 0.1985 0.4404 0.1835 
     H171963  1 0.2022 0.3097 0.1654 0.3227 
     H171964  1 0.2249 0.1720 0.1769 0.4262 
     H171966  1 0.2084 0.2772 0.2513 0.2632 
     H171968  1 0.2859 0.1606 0.2927 0.2608 
     H171971  1 0.1663 0.3318 0.2406 0.2613 
     H171972  1 0.2273 0.2933 0.1688 0.3106 
     H171977  1 0.2766 0.2327 0.1443 0.3464 
     H171978  1 0.1798 0.2237 0.3272 0.2694 
     H171979  1 0.2226 0.3559 0.1432 0.2783 
        H176  1 0.3095 0.2281 0.2131 0.2492 
        H177  1 0.2115 0.1993 0.3933 0.1959 
        H179  1 0.3300 0.1867 0.3161 0.1672 
        H181  1 0.2338 0.2963 0.1679 0.3020 
        H182  1 0.2630 0.3365 0.1342 0.2663 
        H183  1 0.2035 0.2578 0.1805 0.3581 
        H184  1 0.2522 0.2442 0.3047 0.1990 
        H185  1 0.2789 0.2881 0.1582 0.2748 
        H186  1 0.2569 0.1398 0.2771 0.3263 
        H187  1 0.1949 0.3119 0.2468 0.2464 
        H188  1 0.4044 0.1726 0.2536 0.1694 
        H192  1 0.2120 0.2081 0.3771 0.2028 
        H193  1 0.2462 0.2869 0.1501 0.3169 
        H194  1 0.3023 0.2369 0.2543 0.2065 
        H195  1 0.1978 0.2082 0.1771 0.4169 
        H199  1 0.2285 0.2477 0.1740 0.3499 
        H200  1 0.2390 0.2260 0.3044 0.2306 
        H414  1 0.1942 0.3152 0.2111 0.2795 
        H415  1 0.2673 0.3180 0.1811 0.2336 
        H422  1 0.2168 0.1983 0.2908 0.2940 
        H423  1 0.1640 0.1722 0.4928 0.1710 
        H424  1 0.2019 0.2978 0.1586 0.3417 
        H425  1 0.2335 0.2015 0.1678 0.3971 
        H426  1 0.1548 0.2511 0.1922 0.4019 
        H443  1 0.3581 0.1291 0.1630 0.3498 
        H466  1 0.2568 0.2436 0.2554 0.2442 
        H467  1 0.1947 0.1681 0.4127 0.2245 
        H472  1 0.2992 0.2205 0.2233 0.2570 
        H483  1 0.3989 0.1995 0.1551 0.2466 
        H504  1 0.2081 0.2662 0.1566 0.3692 
        H505  1 0.2749 0.2205 0.2876 0.2169 
        H506  1 0.2458 0.2215 0.2399 0.2928 
        H507  1 0.2587 0.3492 0.1156 0.2765 
        H508  1 0.1749 0.2555 0.3026 0.2671 
        H524  1 0.2694 0.3035 0.1567 0.2704 
        H525  1 0.3204 0.1982 0.1833 0.2981 
        H526  1 0.4473 0.1854 0.1701 0.1972 
        H527  1 0.2209 0.2250 0.3236 0.2304 
        H528  1 0.2696 0.2675 0.1580 0.3049 
        H529  1 0.2738 0.2828 0.1324 0.3111 
        H533  1 0.1759 0.4861 0.1159 0.2221 
        H538  1 0.3480 0.1968 0.2393 0.2158 
        H539  1 0.1745 0.3095 0.2029 0.3131 
        H540  1 0.2558 0.2797 0.2398 0.2246 
        H541  1 0.3742 0.2250 0.1948 0.2061 
        H558  1 0.1534 0.3356 0.2083 0.3027 
        H559  1 0.3506 0.1694 0.2300 0.2500 
        H579  1 0.2742 0.2395 0.1849 0.3013 
        H584  1 0.2318 0.2354 0.1871 0.3457 
        H585  1 0.2279 0.3123 0.1895 0.2703 
        H605  1 0.2457 0.2374 0.2780 0.2389 
        H606  1 0.2913 0.1477 0.3883 0.1726 
        H632  1 0.2703 0.1995 0.1620 0.3682 
        H634  1 0.2504 0.2435 0.2133 0.2929 
        H671  1 0.2044 0.1869 0.4127 0.1961 
        H672  1 0.2299 0.2884 0.2253 0.2564 
        H673  1 0.3662 0.1619 0.1793 0.2926 
        H689  1 0.3438 0.1980 0.1786 0.2796 
        H690  1 0.2775 0.2541 0.2890 0.1794 
        H691  1 0.4155 0.1859 0.2002 0.1983 
        H692  1 0.2760 0.3079 0.1040 0.3121 
        H709  1 0.2272 0.3002 0.2071 0.2655 
        H710  1 0.2419 0.2937 0.1309 0.3335 
       H7355  1 0.3796 0.2733 0.1461 0.2010 
       H7356  1 0.2447 0.2292 0.2329 0.2932 
       H7357  1 0.2863 0.2410 0.2615 0.2112 
       H7358  1 0.3742 0.2018 0.1664 0.2576 
       H7380  1 0.3230 0.2136 0.1917 0.2717 
       H7381  1 0.1991 0.2037 0.3128 0.2844 
       H7382  1 0.3137 0.2270 0.2037 0.2556 
        H904  1 0.2316 0.1250 0.5071 0.1364 
        H923  1 0.2529 0.1991 0.2837 0.2643 
        H924  1 0.2987 0.1838 0.2805 0.2371 
        H925  1 0.4225 0.1888 0.1680 0.2207 
       H9558  1 0.1488 0.3379 0.1926 0.3206 
        H008  2 0.3092 0.3133 0.1403 0.2371 
        H021  2 0.2913 0.1972 0.3080 0.2035 
        H023  2 0.3297 0.2038 0.2722 0.1943 
        H024  2 0.1654 0.3932 0.1411 0.3003 
        H025  2 0.1994 0.1808 0.3497 0.2700 
        H026  2 0.2026 0.2648 0.1590 0.3736 
        H027  2 0.3439 0.2424 0.1791 0.2346 
        H028  2 0.2630 0.2768 0.1767 0.2834 
        H029  2 0.2878 0.2882 0.1686 0.2554 
        H030  2 0.1858 0.3551 0.1494 0.3098 
        H038  2 0.2343 0.2148 0.3173 0.2336 
        H039  2 0.1305 0.1240 0.6212 0.1243 
        H040  2 0.1646 0.2819 0.3252 0.2283 
        H041  2 0.3699 0.2410 0.1939 0.1952 
        H042  2 0.2965 0.2381 0.2532 0.2122 
        H043  2 0.1270 0.2123 0.4228 0.2379 
        H044  2 0.1634 0.4101 0.1814 0.2451 
        H047  2 0.1754 0.2502 0.3126 0.2618 
        H050  2 0.1678 0.3898 0.1732 0.2692 
        H058  2 0.1583 0.2974 0.2971 0.2473 
        H062  2 0.3748 0.1514 0.2741 0.1998 
        H063  2 0.2112 0.2251 0.3683 0.1954 
        H065  2 0.2297 0.1645 0.2433 0.3625 
        H066  2 0.1467 0.3771 0.2031 0.2732 
        H067  2 0.3935 0.2000 0.1670 0.2396 
        H068  2 0.1945 0.2259 0.3597 0.2199 
        H069  2 0.1876 0.2823 0.2257 0.3044 
        H071  2 0.2518 0.2203 0.3161 0.2118 
        H072  2 0.2035 0.2022 0.4153 0.1790 
        H073  2 0.2827 0.2333 0.1790 0.3050 
        H081  2 0.3972 0.2101 0.2184 0.1743 
        H082  2 0.1946 0.3803 0.1405 0.2845 
        H083  2 0.2195 0.2719 0.1628 0.3458 
        H084  2 0.1836 0.3295 0.2603 0.2266 
        H085  2 0.4440 0.1941 0.1795 0.1824 
        H087  2 0.4829 0.1700 0.1779 0.1692 
        H088  2 0.2629 0.2187 0.3320 0.1864 
        H089  2 0.3809 0.2198 0.1828 0.2164 
        H090  2 0.2295 0.3077 0.1674 0.2954 
        H091  2 0.3435 0.2782 0.1374 0.2409 
        H098  2 0.2232 0.3693 0.1833 0.2243 
      H10001  2 0.1324 0.1187 0.6194 0.1294 
      H10002  2 0.2951 0.1914 0.3366 0.1769 
        H101  2 0.1415 0.4349 0.1687 0.2549 
        H108  2 0.3539 0.1451 0.3239 0.1770 
        H109  2 0.1422 0.3457 0.2823 0.2298 
        H110  2 0.3758 0.2641 0.1638 0.1964 
        H116  2 0.2049 0.2999 0.1870 0.3081 
        H117  2 0.3102 0.3232 0.1589 0.2077 
        H118  2 0.3220 0.2335 0.1215 0.3230 
        H119  2 0.2569 0.2121 0.3005 0.2305 
        H120  2 0.2796 0.1340 0.4378 0.1486 
        H121  2 0.3274 0.2543 0.1542 0.2641 
        H125  2 0.1370 0.1316 0.6039 0.1275 
        H126  2 0.2042 0.2382 0.2143 0.3434 
        H128  2 0.1859 0.3319 0.0942 0.3880 
        H129  2 0.2074 0.2448 0.1393 0.4085 
        H130  2 0.1410 0.2093 0.3934 0.2563 
        H133  2 0.1538 0.1663 0.4840 0.1958 
        H134  2 0.1685 0.1967 0.1419 0.4929 
        H135  2 0.3135 0.2229 0.2527 0.2109 
        H137  2 0.2038 0.3571 0.2165 0.2225 
        H138  2 0.1927 0.2495 0.1695 0.3883 
        H140  2 0.2546 0.2512 0.2415 0.2527 
        H146  2 0.2421 0.2746 0.1853 0.2980 
        H147  2 0.2958 0.3009 0.1819 0.2214 
        H148  2 0.3415 0.2918 0.1762 0.1905 
     H166022  2 0.2343 0.3703 0.1563 0.2392 
     H167359  2 0.2072 0.3176 0.2163 0.2589 
     H167397  2 0.1835 0.4632 0.1004 0.2529 
     H167428  2 0.4722 0.1910 0.1020 0.2348 
     H167496  2 0.2644 0.1808 0.3874 0.1674 
     H167513  2 0.1447 0.3948 0.2227 0.2378 
     H167545  2 0.2250 0.3208 0.1490 0.3052 
     H167547  2 0.1222 0.4147 0.1550 0.3081 
     H169621  2 0.2321 0.3431 0.1676 0.2571 
     H169622  2 0.2710 0.2435 0.1773 0.3082 
     H169750  2 0.1500 0.2507 0.3305 0.2688 
     H171806  2 0.2345 0.2187 0.2651 0.2817 
     H171808  2 0.2900 0.2291 0.2084 0.2726 
     H171809  2 0.3282 0.2213 0.2432 0.2073 
     H171813  2 0.2231 0.2315 0.2405 0.3049 
     H171815  2 0.1572 0.1640 0.4641 0.2147 
     H171824  2 0.3529 0.1597 0.3303 0.1572 
     H171825  2 0.2901 0.2279 0.1917 0.2903 
     H171826  2 0.2818 0.2331 0.2798 0.2053 
     H171827  2 0.2354 0.2612 0.2609 0.2425 
     H171828  2 0.2619 0.1332 0.4649 0.1400 
     H171829  2 0.1618 0.2473 0.2657 0.3252 
     H171830  2 0.1924 0.3775 0.2202 0.2099 
     H171831  2 0.2281 0.2752 0.1460 0.3507 
     H171832  2 0.2198 0.2665 0.2111 0.3026 
     H171863  2 0.1730 0.3207 0.1285 0.3778 
     H171864  2 0.2539 0.3218 0.1980 0.2263 
     H171865  2 0.1862 0.2047 0.3963 0.2128 
     H171879  2 0.1990 0.3193 0.2323 0.2494 
     H171880  2 0.1847 0.4145 0.1796 0.2211 
     H171881  2 0.3395 0.2408 0.1746 0.2451 
     H171882  2 0.1727 0.1521 0.5174 0.1579 
     H171929  2 0.2993 0.2774 0.2002 0.2231 
     H171930  2 0.1515 0.4319 0.1389 0.2777 
     H171933  2 0.2440 0.2919 0.2054 0.2586 
     H171934  2 0.3743 0.2217 0.1891 0.2149 
     H171937  2 0.1590 0.3044 0.1848 0.3518 
     H171962  2 0.3540 0.2334 0.1728 0.2398 
        H190  2 0.2656 0.2985 0.1736 0.2624 
        H191  2 0.2465 0.2432 0.2410 0.2692 
        H396  2 0.4500 0.1561 0.2003 0.1936 
        H397  2 0.2414 0.3189 0.1821 0.2576 
        H398  2 0.2736 0.1734 0.2570 0.2960 
        H400  2 0.3256 0.2378 0.2118 0.2248 
        H401  2 0.1612 0.4580 0.1100 0.2708 
        H402  2 0.2461 0.3685 0.1495 0.2359 
        H427  2 0.3913 0.2105 0.1959 0.2023 
        H428  2 0.4784 0.1839 0.1018 0.2359 
        H497  2 0.1632 0.2863 0.3094 0.2411 
        H512  2 0.2077 0.3376 0.2270 0.2277 
        H513  2 0.1482 0.3946 0.2215 0.2357 
        H514  2 0.1915 0.2528 0.2263 0.3295 
        H519  2 0.1545 0.3886 0.2243 0.2326 
        H532  2 0.4247 0.2153 0.1529 0.2070 
        H543  2 0.2402 0.3639 0.1695 0.2264 
        H544  2 0.1865 0.1977 0.2550 0.3608 
        H545  2 0.2086 0.3240 0.1394 0.3280 
        H546  2 0.2169 0.1830 0.3458 0.2543 
        H547  2 0.1174 0.4139 0.1534 0.3153 
        H548  2 0.2912 0.2903 0.2001 0.2184 
        H549  2 0.1601 0.3332 0.1844 0.3222 
        H620  2 0.1868 0.1483 0.5152 0.1496 
        H623  2 0.1841 0.3269 0.1776 0.3113 
        H624  2 0.1510 0.1893 0.3579 0.3019 
        H625  2 0.3632 0.2404 0.1663 0.2302 
        H626  2 0.1930 0.3266 0.2480 0.2324 
        H654  2 0.1317 0.1438 0.5654 0.1591 
        H655  2 0.2018 0.2451 0.3177 0.2354 
        H656  2 0.2490 0.1297 0.4518 0.1694 
        H666  2 0.1334 0.1597 0.5220 0.1849 
        H667  2 0.3330 0.2379 0.2048 0.2243 
        H677  2 0.3206 0.2393 0.1922 0.2479 
        H693  2 0.3793 0.1425 0.3223 0.1559 
        H694  2 0.1919 0.3304 0.1957 0.2820 
        H701  2 0.2104 0.3973 0.1712 0.2211 
        H702  2 0.2167 0.3069 0.2678 0.2086 
        H731  2 0.2882 0.1863 0.3106 0.2148 
       H7359  2 0.2152 0.3149 0.2220 0.2479 
       H7389  2 0.2902 0.2458 0.1994 0.2646 
       H7390  2 0.1711 0.2073 0.4213 0.2002 
       H7391  2 0.4968 0.1855 0.1565 0.1613 
       H7392  2 0.2516 0.1978 0.2504 0.3002 
       H7393  2 0.2000 0.2853 0.3066 0.2081 
       H7398  2 0.3635 0.2508 0.1939 0.1918 
       H7399  2 0.3419 0.2425 0.1580 0.2577 
       H7400  2 0.1547 0.1412 0.5458 0.1583 
        H745  2 0.1818 0.2436 0.1520 0.4226 
        H746  2 0.2968 0.2484 0.1697 0.2851 
        H747  2 0.1744 0.2592 0.3579 0.2085 
        H748  2 0.1778 0.3279 0.2570 0.2373 
       H7484  2 0.1878 0.1924 0.4366 0.1832 
       H7485  2 0.2010 0.3032 0.2020 0.2938 
        H749  2 0.2517 0.2757 0.1757 0.2968 
        H930  2 0.1634 0.4352 0.1447 0.2567 
        H931  2 0.3260 0.2229 0.2067 0.2443 
        H932  2 0.2315 0.2514 0.2545 0.2625 
        H111  3 0.1536 0.3597 0.1633 0.3234 
        H951  3 0.2256 0.3421 0.1582 0.2740 
        H952  3 0.2098 0.2396 0.2231 0.3275 
        H953  3 0.4264 0.2020 0.1485 0.2231 
        H954  3 0.1711 0.2352 0.4163 0.1775 
        H955  3 0.1875 0.3801 0.1553 0.2771 
        H956  3 0.2290 0.2846 0.2560 0.2304 
       H9563  3 0.2915 0.2733 0.2546 0.1806 
        H002  4 0.1746 0.1762 0.3809 0.2683 
        H003  4 0.3640 0.2008 0.1666 0.2685 
        H009  4 0.1898 0.2545 0.1869 0.3688 
        H010  4 0.3117 0.2346 0.2047 0.2490 
        H011  4 0.3019 0.1477 0.3724 0.1780 
        H012  4 0.3185 0.2926 0.1698 0.2192 
        H013  4 0.3154 0.2003 0.2849 0.1993 
        H014  4 0.2573 0.2432 0.2380 0.2615 
        H045  4 0.3564 0.2117 0.2466 0.1853 
        H046  4 0.3037 0.1985 0.1532 0.3446 
        H051  4 0.3200 0.2014 0.2948 0.1838 
        H052  4 0.1847 0.2017 0.3319 0.2817 
        H053  4 0.2228 0.2520 0.3029 0.2223 
        H056  4 0.1819 0.2063 0.3790 0.2328 
        H076  4 0.2895 0.2401 0.1600 0.3104 
        H151  4 0.1624 0.1521 0.4802 0.2052 
        H152  4 0.1968 0.1694 0.3703 0.2636 
     H171803  4 0.2246 0.2254 0.3240 0.2261 
     H171804  4 0.2076 0.2771 0.2996 0.2157 
     H171833  4 0.1880 0.2528 0.1775 0.3817 
     H171855  4 0.1388 0.1787 0.4557 0.2268 
     H171856  4 0.1873 0.3075 0.2419 0.2633 
     H171857  4 0.1781 0.2047 0.3529 0.2643 
     H171858  4 0.2511 0.2109 0.2550 0.2830 
     H171859  4 0.2458 0.2163 0.2745 0.2635 
     H171961  4 0.2853 0.1937 0.3241 0.1969 
        H198  4 0.3053 0.2581 0.1374 0.2992 
      H20001  4 0.1534 0.2949 0.1863 0.3654 
        H403  4 0.1938 0.2490 0.2928 0.2644 
        H404  4 0.3433 0.2382 0.1639 0.2547 
        H405  4 0.2644 0.2792 0.1665 0.2898 
        H406  4 0.1146 0.3469 0.2222 0.3163 
        H407  4 0.2568 0.2467 0.2574 0.2391 
        H410  4 0.2569 0.3238 0.1472 0.2721 
        H411  4 0.1554 0.3492 0.1933 0.3021 
        H468  4 0.1307 0.3248 0.2294 0.3151 
        H476  4 0.1383 0.3398 0.2734 0.2485 
        H477  4 0.1648 0.2704 0.1589 0.4059 
        H478  4 0.2890 0.2870 0.1725 0.2515 
        H479  4 0.2967 0.1961 0.2938 0.2134 
        H480  4 0.1599 0.3934 0.1647 0.2820 
        H498  4 0.2551 0.2256 0.2378 0.2816 
        H499  4 0.2665 0.2280 0.2451 0.2604 
        H500  4 0.2092 0.2223 0.3892 0.1793 
        H515  4 0.2036 0.2719 0.3193 0.2051 
        H516  4 0.1786 0.2713 0.2858 0.2643 
        H517  4 0.2162 0.2932 0.2326 0.2581 
        H518  4 0.1630 0.2291 0.3465 0.2615 
        H520  4 0.1700 0.2292 0.3674 0.2334 
        H521  4 0.3454 0.2330 0.1766 0.2450 
        H522  4 0.2117 0.2734 0.2637 0.2512 
        H523  4 0.1964 0.2949 0.2720 0.2368 
        H536  4 0.3418 0.1806 0.1950 0.2825 
        H645  4 0.4551 0.1509 0.2301 0.1640 
        H646  4 0.2015 0.3362 0.1481 0.3142 
        H647  4 0.2024 0.2757 0.2285 0.2934 
        H657  4 0.2359 0.3045 0.1750 0.2846 
        H658  4 0.2180 0.3013 0.2524 0.2283 
        H659  4 0.1382 0.1685 0.5319 0.1614 
        H660  4 0.2189 0.2732 0.2707 0.2372 
        H661  4 0.1770 0.1873 0.3854 0.2503 
        H668  4 0.3495 0.2497 0.1737 0.2271 
        H669  4 0.3053 0.2449 0.2444 0.2054 
        H670  4 0.4486 0.1485 0.2395 0.1634 
        H678  4 0.1864 0.3339 0.2510 0.2287 
        H679  4 0.2064 0.3961 0.1609 0.2366 
        H680  4 0.2035 0.2353 0.2346 0.3266 
        H681  4 0.2875 0.2154 0.2931 0.2041 
        H682  4 0.2249 0.3901 0.1838 0.2012 
        H683  4 0.1414 0.2508 0.3385 0.2692 
        H718  4 0.2190 0.1661 0.3943 0.2207 
        H719  4 0.3441 0.2218 0.2465 0.1875 
        H720  4 0.2292 0.2021 0.2659 0.3029 
        H721  4 0.1936 0.2107 0.2824 0.3134 
        H722  4 0.1555 0.1827 0.3281 0.3337 
        H723  4 0.2592 0.2143 0.3482 0.1783 
        H724  4 0.1765 0.1749 0.4686 0.1800 
        H725  4 0.1613 0.1786 0.4619 0.1982 
        H726  4 0.2032 0.2023 0.3920 0.2025 
        H727  4 0.3014 0.1916 0.3153 0.1917 
        H910  4 0.2650 0.2605 0.2790 0.1955 
        H911  4 0.2075 0.3296 0.1884 0.2745 
        H912  4 0.1767 0.2706 0.2845 0.2682 
        H913  4 0.1947 0.2460 0.3247 0.2346 
        H914  4 0.2914 0.1909 0.3498 0.1680 
        H915  4 0.1640 0.3482 0.2602 0.2276 
        H916  4 0.1441 0.3596 0.2171 0.2791 
       H9572  4 0.2369 0.2596 0.2581 0.2454 
        H015  5 0.2101 0.3300 0.1682 0.2917 
        H016  5 0.2074 0.2329 0.1825 0.3771 
        H017  5 0.1590 0.2889 0.2449 0.3072 
        H019  5 0.2392 0.2609 0.2203 0.2795 
        H020  5 0.2990 0.1886 0.2592 0.2533 
        H032  5 0.1767 0.2980 0.2999 0.2255 
        H033  5 0.3147 0.2839 0.1810 0.2204 
        H034  5 0.2843 0.1867 0.3545 0.1745 
        H035  5 0.2218 0.2783 0.2439 0.2560 
        H036  5 0.2299 0.3125 0.1818 0.2759 
        H037  5 0.2521 0.2250 0.3015 0.2214 
        H048  5 0.2913 0.1869 0.3400 0.1818 
        H049  5 0.1999 0.2588 0.2293 0.3120 
        H054  5 0.2590 0.2141 0.2488 0.2781 
        H055  5 0.3163 0.1550 0.3042 0.2245 
        H057  5 0.1880 0.1925 0.2498 0.3697 
        H060  5 0.2434 0.1748 0.3081 0.2736 
        H061  5 0.3302 0.2448 0.1866 0.2383 
        H064  5 0.2697 0.1807 0.3012 0.2484 
        H070  5 0.3034 0.2312 0.2905 0.1749 
        H077  5 0.1617 0.2155 0.4261 0.1968 
        H078  5 0.1463 0.2352 0.3608 0.2577 
        H079  5 0.3351 0.2795 0.1524 0.2330 
        H097  5 0.1231 0.2407 0.3105 0.3257 
        H107  5 0.2604 0.1290 0.4620 0.1486 
        H122  5 0.2075 0.2678 0.2248 0.3000 
        H123  5 0.2098 0.3448 0.1685 0.2769 
        H124  5 0.2954 0.2727 0.1710 0.2609 
        H131  5 0.2692 0.2965 0.1824 0.2519 
        H132  5 0.3118 0.2278 0.2487 0.2118 
        H141  5 0.2389 0.2314 0.2877 0.2420 
        H142  5 0.2678 0.3099 0.1581 0.2642 
        H157  5 0.2587 0.1934 0.3451 0.2028 
        H158  5 0.1555 0.2822 0.1741 0.3882 
        H159  5 0.2275 0.3315 0.1640 0.2770 
        H160  5 0.1917 0.2760 0.2514 0.2810 
        H163  5 0.2243 0.3301 0.1865 0.2591 
        H164  5 0.2456 0.2791 0.2169 0.2584 
        H165  5 0.3901 0.2332 0.1472 0.2295 
        H166  5 0.3047 0.2496 0.1800 0.2656 
        H169  5 0.2951 0.2265 0.2388 0.2396 
     H169613  5 0.2271 0.2426 0.2684 0.2619 
     H169653  5 0.2825 0.2393 0.1929 0.2853 
     H169728  5 0.1749 0.3554 0.1953 0.2744 
     H169742  5 0.4300 0.1643 0.2145 0.1912 
        H170  5 0.1919 0.2123 0.2206 0.3753 
        H171  5 0.1930 0.2385 0.2082 0.3603 
     H171851  5 0.2345 0.2285 0.2489 0.2881 
     H171852  5 0.2031 0.1872 0.3526 0.2572 
     H171853  5 0.2510 0.2527 0.3012 0.1951 
     H171854  5 0.1817 0.3250 0.2473 0.2459 
     H171938  5 0.3579 0.2269 0.2224 0.1929 
     H171939  5 0.2847 0.2241 0.1696 0.3216 
     H171941  5 0.3236 0.1344 0.3704 0.1716 
     H171965  5 0.2776 0.2319 0.1782 0.3122 
     H171970  5 0.2276 0.1517 0.4539 0.1667 
     H171973  5 0.3584 0.2503 0.1604 0.2309 
     H171974  5 0.3438 0.2154 0.2422 0.1986 
     H171975  5 0.3157 0.2018 0.2623 0.2202 
     H171976  5 0.1496 0.2462 0.2341 0.3701 
        H175  5 0.2851 0.1919 0.3240 0.1990 
        H178  5 0.3236 0.1858 0.2705 0.2200 
        H189  5 0.2426 0.3010 0.1581 0.2983 
        H399  5 0.1442 0.2295 0.2326 0.3937 
        H416  5 0.2957 0.2271 0.2683 0.2089 
        H438  5 0.2885 0.2839 0.2145 0.2131 
        H450  5 0.2099 0.1751 0.3956 0.2195 
        H455  5 0.3249 0.1381 0.3756 0.1614 
        H456  5 0.3569 0.2094 0.2196 0.2141 
        H457  5 0.1786 0.1899 0.3640 0.2676 
        H458  5 0.2837 0.1944 0.3116 0.2103 
        H459  5 0.2632 0.2991 0.1598 0.2780 
        H460  5 0.1840 0.3182 0.2631 0.2346 
        H461  5 0.1457 0.2842 0.2339 0.3363 
        H462  5 0.2818 0.3357 0.1567 0.2258 
        H469  5 0.2555 0.3593 0.1685 0.2166 
        H470  5 0.2151 0.2743 0.2662 0.2444 
        H471  5 0.1504 0.3216 0.1562 0.3717 
        H481  5 0.2049 0.1677 0.4518 0.1757 
        H482  5 0.2007 0.2300 0.3416 0.2278 
        H501  5 0.2691 0.2512 0.2557 0.2240 
        H502  5 0.2261 0.2921 0.1615 0.3203 
        H503  5 0.2318 0.2881 0.1837 0.2965 
        H509  5 0.2399 0.2276 0.3287 0.2037 
        H510  5 0.3131 0.2186 0.2167 0.2516 
        H511  5 0.2623 0.2604 0.2019 0.2753 
        H530  5 0.3264 0.2026 0.2798 0.1912 
        H531  5 0.1614 0.2170 0.3988 0.2228 
        H564  5 0.2575 0.1913 0.3052 0.2459 
        H565  5 0.1929 0.1738 0.4285 0.2047 
        H567  5 0.2340 0.3510 0.1429 0.2721 
     H568???  5 0.2056 0.2619 0.1772 0.3553 
        H608  5 0.2164 0.1854 0.3865 0.2117 
        H609  5 0.4375 0.1771 0.1921 0.1932 
        H612  5 0.2553 0.1723 0.4138 0.1586 
        H614  5 0.1788 0.1697 0.4287 0.2228 
        H615  5 0.1776 0.2199 0.3577 0.2447 
        H616  5 0.2467 0.1360 0.4719 0.1455 
        H617  5 0.2769 0.3310 0.1457 0.2465 
        H618  5 0.2580 0.1960 0.3539 0.1921 
        H619  5 0.4730 0.1506 0.1756 0.2008 
        H635  5 0.2752 0.2533 0.2224 0.2491 
        H636  5 0.3940 0.2329 0.1774 0.1957 
        H637  5 0.3148 0.1865 0.2712 0.2276 
        H644  5 0.1704 0.2899 0.1106 0.4291 
        H711  5 0.2019 0.2223 0.2264 0.3493 
        H712  5 0.3903 0.1621 0.2585 0.1891 
       H7360  5 0.2182 0.2250 0.2698 0.2871 
       H7361  5 0.2152 0.2049 0.3534 0.2266 
       H7362  5 0.1920 0.2789 0.1243 0.4048 
       H7363  5 0.2036 0.2424 0.2964 0.2576 
       H7394  5 0.2004 0.3701 0.1762 0.2533 
       H7395  5 0.3222 0.2043 0.2370 0.2365 
       H7396  5 0.2563 0.2781 0.2293 0.2364 
        H742  5 0.4362 0.1642 0.2208 0.1788 
        H743  5 0.2991 0.1773 0.2622 0.2614 
        H744  5 0.2338 0.1694 0.4205 0.1763 
        H957  5 0.1844 0.2554 0.2525 0.3077 
        H958  5 0.2100 0.3530 0.1865 0.2504 
        H959  5 0.3039 0.1614 0.3664 0.1683 
        H960  5 0.3101 0.2581 0.2121 0.2197 
      H_PALI  6 0.2269 0.2945 0.2219 0.2567 
        H581  6 0.1950 0.2525 0.3001 0.2523 
        H582  6 0.1776 0.1690 0.4351 0.2183 
        H583  6 0.2409 0.2475 0.2800 0.2317 
        H595  6 0.1646 0.4509 0.1348 0.2496 
        H596  6 0.1985 0.4080 0.1434 0.2501 
        H597  6 0.2408 0.2467 0.1523 0.3601 
        H598  6 0.2475 0.2724 0.2644 0.2157 
        H599  6 0.3036 0.1808 0.3224 0.1932 
        H642  6 0.1365 0.3557 0.2014 0.3064 
        H643  6 0.2681 0.2653 0.2416 0.2250 
        H664  6 0.1274 0.2307 0.3808 0.2611 
        H665  6 0.3700 0.2286 0.2093 0.1920 
        H674  6 0.1918 0.2739 0.1352 0.3990 
        H675  6 0.2019 0.2282 0.2944 0.2756 
        H676  6 0.1613 0.3940 0.2023 0.2424 
        H686  6 0.2404 0.2653 0.2110 0.2832 
        H687  6 0.1835 0.2944 0.2459 0.2763 
        H917  6 0.2877 0.3454 0.1382 0.2288 
        H918  6 0.4452 0.1749 0.1722 0.2077 
        H919  6 0.2780 0.1830 0.3667 0.1723 
        H920  6 0.1964 0.2380 0.3338 0.2318 
        H631  7 0.2783 0.1843 0.2982 0.2392 
        H684  7 0.2281 0.2332 0.1692 0.3696 
        H685  7 0.1282 0.2840 0.3919 0.1959 
        H713  7 0.1794 0.2031 0.4279 0.1897 
        H715  7 0.2163 0.2395 0.1950 0.3492 
        H716  7 0.3804 0.1393 0.2534 0.2268 
        H717  7 0.2737 0.2051 0.2603 0.2609 
        H729  7 0.3316 0.3117 0.1358 0.2209 
        H730  7 0.4010 0.2026 0.2132 0.1832 
        H431  8 0.2253 0.2238 0.3410 0.2100 
        H432  8 0.2567 0.2432 0.1350 0.3651 
        H433  8 0.2625 0.3297 0.1824 0.2254 
        H434  8 0.2602 0.3095 0.1931 0.2373 
        H444  8 0.3673 0.2226 0.1961 0.2140 
        H454  8 0.2671 0.1782 0.3914 0.1633 
        H475  8 0.1502 0.2083 0.4616 0.1799 
        H491  8 0.2874 0.1790 0.3047 0.2289 
        H492  8 0.2135 0.2509 0.3282 0.2074 
        H493  8 0.2184 0.2491 0.2266 0.3058 
        H494  8 0.2571 0.2582 0.2530 0.2317 
        H495  8 0.1516 0.1814 0.4152 0.2518 
        H662  8 0.2311 0.2373 0.2092 0.3225 
        H663  8 0.2711 0.2450 0.2309 0.2530 
        H695  8 0.2685 0.2503 0.2638 0.2174 
       H7367  8 0.2315 0.3784 0.1453 0.2448 
       H7368  8 0.2478 0.2623 0.1858 0.3041 
       H7369  8 0.3880 0.2080 0.2169 0.1872 
       H7370  8 0.1697 0.4950 0.1219 0.2135 
       H7371  8 0.2658 0.3163 0.1899 0.2280 
        H600  9 0.2314 0.1975 0.3497 0.2214 
        H648  9 0.2055 0.2602 0.2553 0.2789 
        H696  9 0.1617 0.3503 0.1223 0.3656 
        H697  9 0.2999 0.2584 0.2026 0.2391 
        H698  9 0.2390 0.3085 0.1892 0.2632 
        H699  9 0.2374 0.2681 0.2389 0.2556 
        H700  9 0.2731 0.1955 0.3272 0.2042 
        H732  9 0.1810 0.1940 0.3934 0.2316 
        H733  9 0.2174 0.3998 0.1641 0.2187 
        H734  9 0.1765 0.3734 0.1527 0.2975 
        H735  9 0.2003 0.3715 0.1877 0.2405 
        H736  9 0.2349 0.2388 0.2726 0.2537 
        H737  9 0.2952 0.1846 0.2953 0.2248 
        H905  9 0.2994 0.1933 0.3195 0.1878 
        H921  9 0.3090 0.2222 0.2717 0.1971 
        H922  9 0.2666 0.3794 0.1246 0.2294 
     H169705 10 0.1962 0.3828 0.1906 0.2304 
     H171942 10 0.2724 0.2477 0.1302 0.3497 
     H171943 10 0.2261 0.2916 0.1973 0.2850 
     H171944 10 0.2240 0.3269 0.2309 0.2183 
     H171946 10 0.1540 0.2250 0.3429 0.2781 
     H171947 10 0.2788 0.2742 0.1994 0.2475 
     H229641 10 0.1733 0.3252 0.2560 0.2455 
      H30001 10 0.2360 0.2908 0.2579 0.2154 
      H30002 10 0.3168 0.2124 0.2436 0.2272 
      H30005 10 0.1968 0.3520 0.1936 0.2576 
      H30006 10 0.2017 0.3033 0.1825 0.3126 
      H30007 10 0.2527 0.2189 0.1350 0.3935 
        H451 10 0.2761 0.3208 0.1638 0.2393 
        H452 10 0.1761 0.3152 0.2180 0.2907 
        H453 10 0.2042 0.1462 0.4154 0.2342 
        H473 10 0.2914 0.1772 0.3058 0.2255 
        H474 10 0.1197 0.2201 0.4614 0.1988 
        H486 10 0.2080 0.2621 0.2885 0.2413 
        H487 10 0.2182 0.2283 0.3342 0.2194 
        H488 10 0.3676 0.2092 0.2415 0.1818 
        H489 10 0.1817 0.2384 0.4023 0.1776 
        H550 10 0.1768 0.2847 0.1967 0.3417 
        H551 10 0.2689 0.2963 0.2300 0.2049 
        H553 10 0.1724 0.2252 0.3669 0.2354 
        H554 10 0.2431 0.2738 0.1909 0.2922 
        H556 10 0.2072 0.2295 0.2528 0.3105 
        H580 10 0.3015 0.2484 0.1873 0.2628 
        H591 10 0.2190 0.1669 0.4529 0.1612 
        H592 10 0.1803 0.3023 0.2971 0.2203 
        H593 10 0.2430 0.2616 0.2167 0.2787 
        H594 10 0.2514 0.2954 0.1241 0.3291 
        H627 10 0.1620 0.3012 0.2591 0.2777 
        H628 10 0.4763 0.1770 0.1151 0.2316 
        H629 10 0.1698 0.2584 0.2786 0.2932 
        H630 10 0.1618 0.3470 0.2427 0.2485 
        H638 10 0.1705 0.4054 0.1992 0.2249 
        H639 10 0.1551 0.2120 0.3841 0.2487 
        H640 10 0.1870 0.3576 0.1767 0.2787 
        H704 10 0.2667 0.2238 0.1664 0.3431 
        H705 10 0.2031 0.3798 0.1929 0.2242 
        H706 10 0.3351 0.1911 0.2996 0.1741 
        H708 10 0.1835 0.1862 0.4379 0.1923 
       H7351 10 0.2493 0.2298 0.2181 0.3027 
       H7352 10 0.2438 0.2438 0.2799 0.2325 
       H7353 10 0.1853 0.2305 0.1784 0.4057 
       H7354 10 0.3246 0.1645 0.2951 0.2158 
       H7365 10 0.2037 0.1949 0.4188 0.1826 
       H7383 10 0.2916 0.2281 0.2893 0.1910 
       H7384 10 0.3014 0.1947 0.2963 0.2076 
       H7385 10 0.2216 0.2361 0.3458 0.1965 
       H7386 10 0.3334 0.2490 0.1974 0.2202 
       H7387 10 0.2646 0.2553 0.2159 0.2641 
       H7388 10 0.2463 0.2614 0.2332 0.2591 
        H906 10 0.2766 0.1516 0.3034 0.2684 
        H907 10 0.1658 0.3847 0.1770 0.2726 
        H908 10 0.2299 0.2958 0.2371 0.2372 
        H909 10 0.3946 0.1629 0.2363 0.2062 
       H9552 10 0.2630 0.2339 0.2312 0.2719 
       H9553 10 0.2048 0.2450 0.2980 0.2522 
       H9555 10 0.2631 0.3483 0.1757 0.2128 
       H9575 10 0.1733 0.1989 0.3853 0.2424 
       H9703 10 0.1794 0.1687 0.4433 0.2087 
       H9707 10 0.1777 0.2466 0.3665 0.2093 
       HSAA4 10 0.3134 0.2413 0.1871 0.2583 
        H001 11 0.3367 0.1657 0.2570 0.2406 
        H004 11 0.2565 0.2697 0.2217 0.2521 
        H005 11 0.2647 0.1567 0.4167 0.1619 
        H006 11 0.2656 0.2678 0.2506 0.2160 
        H007 11 0.3711 0.1511 0.3122 0.1656 
        H031 11 0.1909 0.1982 0.4627 0.1482 
        H074 11 0.1631 0.2542 0.3665 0.2162 
        H075 11 0.3038 0.1752 0.3546 0.1664 
        H080 11 0.2190 0.2167 0.3623 0.2020 
        H086 11 0.2306 0.2803 0.2539 0.2353 
        H092 11 0.2072 0.2522 0.3214 0.2193 
        H093 11 0.2377 0.2575 0.1393 0.3656 
        H094 11 0.1501 0.3773 0.2060 0.2666 
        H095 11 0.2634 0.1797 0.3351 0.2217 
        H096 11 0.3574 0.1855 0.2716 0.1856 
        H099 11 0.2274 0.2548 0.3053 0.2125 
        H100 11 0.3692 0.2048 0.1303 0.2956 
        H127 11 0.2636 0.2326 0.2853 0.2185 
        H136 11 0.1795 0.1989 0.4323 0.1893 
        H153 11 0.2061 0.3027 0.2398 0.2514 
        H154 11 0.1634 0.2282 0.4047 0.2036 
        H155 11 0.4476 0.2296 0.1244 0.1985 
        H156 11 0.3681 0.2897 0.1130 0.2293 
        H161 11 0.2462 0.2414 0.2166 0.2959 
        H162 11 0.1823 0.3931 0.1627 0.2619 
        H167 11 0.3349 0.2190 0.1977 0.2484 
        H168 11 0.2733 0.2539 0.2168 0.2560 
     H169586 11 0.1420 0.1795 0.3198 0.3587 
     H169738 11 0.3388 0.2932 0.1546 0.2135 
     H169741 11 0.1836 0.2421 0.3628 0.2115 
     H171801 11 0.2399 0.2648 0.1708 0.3245 
     H171810 11 0.1939 0.2593 0.3172 0.2296 
     H171811 11 0.1506 0.1990 0.4146 0.2357 
     H171812 11 0.4754 0.1416 0.2121 0.1710 
     H171820 11 0.1980 0.2084 0.3883 0.2054 
     H171821 11 0.2668 0.3050 0.1876 0.2406 
     H171822 11 0.2221 0.3237 0.2116 0.2426 
     H171823 11 0.1494 0.1758 0.4060 0.2687 
     H171866 11 0.2506 0.2741 0.1796 0.2957 
     H171867 11 0.3027 0.3095 0.1784 0.2094 
     H171967 11 0.3130 0.1899 0.3164 0.1807 
     H171969 11 0.3039 0.2322 0.2288 0.2351 
        H172 11 0.3107 0.2425 0.2069 0.2399 
        H173 11 0.3525 0.2617 0.1938 0.1920 
        H174 11 0.1603 0.3672 0.1399 0.3325 
        H196 11 0.2976 0.2783 0.1718 0.2523 
        H197 11 0.2837 0.3090 0.1879 0.2193 
        H346 11 0.3652 0.1851 0.2542 0.1955 
        H355 11 0.3277 0.1758 0.2686 0.2279 
        H356 11 0.2614 0.2311 0.2734 0.2341 
        H357 11 0.2290 0.2453 0.3243 0.2014 
        H358 11 0.3514 0.2231 0.2238 0.2017 
        H359 11 0.2088 0.2784 0.2603 0.2525 
        H360 11 0.2959 0.2514 0.2493 0.2033 
        H361 11 0.3161 0.2162 0.2155 0.2522 
        H362 11 0.1766 0.4468 0.1337 0.2429 
        H363 11 0.2113 0.2029 0.4101 0.1756 
        H364 11 0.2691 0.1929 0.2707 0.2672 
        H365 11 0.3711 0.2055 0.1886 0.2348 
        H366 11 0.3559 0.2216 0.1763 0.2462 
        H367 11 0.1720 0.2090 0.4092 0.2098 
        H368 11 0.1652 0.3244 0.1696 0.3409 
        H369 11 0.2190 0.1948 0.4274 0.1588 
        H370 11 0.2627 0.3094 0.1850 0.2430 
        H371 11 0.2049 0.3292 0.2294 0.2365 
        H372 11 0.3169 0.2367 0.1999 0.2465 
        H373 11 0.2780 0.2518 0.2432 0.2271 
        H374 11 0.3375 0.1679 0.2997 0.1949 
        H375 11 0.3339 0.2117 0.2526 0.2019 
        H376 11 0.2774 0.2344 0.1850 0.3032 
        H377 11 0.2336 0.2757 0.2761 0.2146 
        H378 11 0.2272 0.2053 0.2926 0.2748 
        H379 11 0.1814 0.3409 0.2253 0.2523 
        H380 11 0.3716 0.2518 0.1535 0.2231 
        H381 11 0.1549 0.2188 0.4051 0.2212 
        H382 11 0.2355 0.3867 0.1227 0.2551 
        H383 11 0.3657 0.1967 0.1501 0.2874 
        H384 11 0.2245 0.1952 0.3636 0.2168 
        H385 11 0.1819 0.2965 0.3214 0.2001 
        H386 11 0.4114 0.2246 0.1794 0.1846 
        H387 11 0.1880 0.1647 0.2511 0.3962 
        H388 11 0.3679 0.2247 0.1306 0.2768 
        H389 11 0.3315 0.2395 0.2248 0.2042 
        H390 11 0.2613 0.3047 0.1926 0.2414 
        H391 11 0.2051 0.2725 0.1831 0.3393 
        H392 11 0.3271 0.1567 0.3437 0.1726 
        H393 11 0.3541 0.1950 0.1513 0.2996 
        H394 11 0.1804 0.2473 0.1680 0.4042 
        H395 11 0.2465 0.1981 0.3791 0.1763 
        H408 11 0.4127 0.1677 0.2392 0.1804 
        H412 11 0.0994 0.2085 0.4468 0.2454 
        H417 11 0.2675 0.2134 0.3010 0.2181 
        H418 11 0.1695 0.2578 0.2780 0.2946 
        H429 11 0.3515 0.2178 0.1833 0.2474 
        H430 11 0.3302 0.2879 0.1535 0.2284 
        H439 11 0.2533 0.2767 0.2539 0.2161 
        H440 11 0.2225 0.1627 0.4366 0.1782 
        H441 11 0.2198 0.3601 0.1847 0.2353 
        H442 11 0.3056 0.2381 0.1848 0.2716 
        H446 11 0.2171 0.2546 0.2355 0.2928 
        H447 11 0.3303 0.2888 0.1529 0.2280 
        H448 11 0.3555 0.2493 0.1936 0.2015 
        H534 11 0.1848 0.1607 0.4444 0.2102 
        H537 11 0.1933 0.1735 0.3923 0.2408 
        H568 11 0.1411 0.1924 0.5031 0.1634 
        H569 11 0.2670 0.3694 0.1148 0.2489 
        H586 11 0.1357 0.1862 0.3095 0.3686 
        H587 11 0.1972 0.1676 0.4619 0.1732 
        H588 11 0.2321 0.2312 0.1510 0.3857 
        H589 11 0.2359 0.1546 0.4236 0.1859 
        H590 11 0.2356 0.1770 0.3573 0.2302 
        H601 11 0.2521 0.3245 0.1456 0.2778 
        H602 11 0.2080 0.2668 0.3052 0.2200 
        H603 11 0.3109 0.3096 0.1698 0.2097 
        H610 11 0.2241 0.2775 0.2810 0.2174 
        H611 11 0.1598 0.3179 0.3216 0.2007 
        H649 11 0.2982 0.2422 0.2265 0.2331 
        H650 11 0.1487 0.4097 0.1796 0.2620 
        H651 11 0.3629 0.2379 0.2030 0.1962 
        H652 11 0.1885 0.2488 0.2700 0.2927 
       H7364 11 0.3154 0.2590 0.1789 0.2467 
       H7366 11 0.3227 0.2069 0.2634 0.2070 
       H7378 11 0.1303 0.3468 0.1048 0.4181 
       H7379 11 0.2368 0.2870 0.2409 0.2354 
        H739 11 0.2059 0.2299 0.3576 0.2066 
        H740 11 0.1800 0.3508 0.2047 0.2645 
        H741 11 0.1918 0.2392 0.3581 0.2108 
        H926 11 0.1864 0.3521 0.1998 0.2617 
        H927 11 0.2583 0.3291 0.1803 0.2323 
        H928 11 0.1547 0.3864 0.2334 0.2255 
       H9560 11 0.1778 0.2982 0.2237 0.3004 
        H409 12 0.3220 0.2829 0.1575 0.2376 
        H413 12 0.1696 0.2793 0.1434 0.4076 
        H419 12 0.3393 0.2433 0.1947 0.2227 
        H420 12 0.2753 0.2040 0.2895 0.2312 
        H421 12 0.2953 0.2618 0.1393 0.3036 
        H435 12 0.2714 0.2528 0.1642 0.3115 
        H436 12 0.3557 0.2084 0.2340 0.2020 
        H437 12 0.1878 0.1899 0.3774 0.2449 
        H445 12 0.4086 0.2126 0.1667 0.2121 
        H449 12 0.2318 0.2194 0.2135 0.3353 
        H463 12 0.2275 0.2159 0.3331 0.2235 
        H464 12 0.2163 0.2806 0.1555 0.3477 
        H465 12 0.1332 0.2631 0.2387 0.3650 
        H490 12 0.2052 0.2971 0.1543 0.3434 
        H561 12 0.2033 0.3228 0.2394 0.2344 
        H562 12 0.4243 0.1858 0.2064 0.1835 
        H563 12 0.2984 0.2661 0.2509 0.1846 
        H570 12 0.2895 0.2041 0.3199 0.1864 
        H571 12 0.1590 0.2782 0.2420 0.3208 
        H572 12 0.2516 0.2436 0.2720 0.2328 
        H573 12 0.3207 0.2911 0.1588 0.2293 
       H7372 12 0.3832 0.2445 0.1201 0.2521 
       H7373 12 0.1706 0.2282 0.1704 0.4308 
       H7374 12 0.3243 0.1482 0.3214 0.2061 
       H7375 12 0.2758 0.2073 0.3070 0.2099 
       H7376 12 0.5086 0.1903 0.1262 0.1749 
       H7377 12 0.1712 0.2899 0.3364 0.2024 
