        H102  1 0.2759 0.3950 0.3291 
        H103  1 0.5232 0.1971 0.2797 
        H104  1 0.2074 0.4313 0.3613 
        H105  1 0.2719 0.2887 0.4395 
        H106  1 0.3410 0.3714 0.2876 
        H112  1 0.2492 0.4295 0.3213 
        H113  1 0.2569 0.2648 0.4783 
        H114  1 0.2774 0.2163 0.5063 
        H115  1 0.2103 0.3663 0.4234 
        H143  1 0.3057 0.2760 0.4183 
        H144  1 0.4499 0.1919 0.3583 
        H145  1 0.4671 0.2098 0.3231 
        H149  1 0.2529 0.4580 0.2891 
        H150  1 0.3459 0.3219 0.3322 
     H167542  1 0.2341 0.2566 0.5094 
     H169604  1 0.2934 0.2761 0.4305 
     H169607  1 0.3751 0.2268 0.3981 
     H169608  1 0.2563 0.4961 0.2476 
     H169633  1 0.2932 0.2093 0.4975 
     H169688  1 0.4735 0.2823 0.2443 
     H169714  1 0.2877 0.4020 0.3103 
     H171802  1 0.3120 0.4150 0.2730 
     H171805  1 0.3898 0.2595 0.3507 
     H171807  1 0.3266 0.4110 0.2624 
     H171814  1 0.4199 0.1969 0.3832 
     H171816  1 0.2886 0.4124 0.2990 
     H171817  1 0.2604 0.4095 0.3301 
     H171818  1 0.3204 0.3055 0.3741 
     H171819  1 0.3091 0.3418 0.3491 
     H171834  1 0.3337 0.3344 0.3319 
     H171835  1 0.2216 0.5203 0.2581 
     H171836  1 0.4053 0.1616 0.4331 
     H171837  1 0.2404 0.3825 0.3771 
     H171838  1 0.4644 0.2593 0.2763 
     H171839  1 0.2372 0.3573 0.4054 
     H171841  1 0.2712 0.5518 0.1770 
     H171860  1 0.2797 0.3122 0.4081 
     H171861  1 0.3552 0.1729 0.4719 
     H171862  1 0.3354 0.3125 0.3521 
     H171868  1 0.2609 0.2736 0.4655 
     H171869  1 0.4599 0.2563 0.2838 
     H171870  1 0.3758 0.3557 0.2685 
     H171871  1 0.4403 0.2521 0.3076 
     H171872  1 0.2376 0.3585 0.4039 
     H171873  1 0.3800 0.3659 0.2541 
     H171874  1 0.3811 0.2616 0.3573 
     H171875  1 0.3568 0.1724 0.4708 
     H171876  1 0.3255 0.2566 0.4179 
     H171877  1 0.2390 0.2705 0.4905 
     H171878  1 0.3610 0.4107 0.2283 
     H171901  1 0.2903 0.4196 0.2902 
     H171902  1 0.3914 0.3272 0.2814 
     H171903  1 0.3237 0.3162 0.3601 
     H171935  1 0.3441 0.4439 0.2120 
     H171936  1 0.2836 0.2255 0.4909 
     H171940  1 0.2988 0.3898 0.3114 
     H171945  1 0.3661 0.3123 0.3217 
     H171948  1 0.2803 0.4023 0.3174 
     H171949  1 0.2551 0.5037 0.2411 
     H171950  1 0.2333 0.5239 0.2428 
     H171963  1 0.4625 0.2468 0.2907 
     H171964  1 0.4985 0.2490 0.2524 
     H171966  1 0.3659 0.3570 0.2771 
     H171968  1 0.3271 0.3681 0.3048 
     H171971  1 0.3800 0.3603 0.2597 
     H171972  1 0.4457 0.2314 0.3229 
     H171977  1 0.4371 0.2180 0.3449 
     H171978  1 0.3153 0.4329 0.2518 
     H171979  1 0.4333 0.2096 0.3571 
        H176  1 0.3077 0.2843 0.4080 
        H177  1 0.2100 0.5180 0.2720 
        H179  1 0.2103 0.3891 0.4005 
        H181  1 0.4099 0.2497 0.3404 
        H182  1 0.4154 0.2024 0.3822 
        H183  1 0.4805 0.2588 0.2607 
        H184  1 0.2800 0.3852 0.3348 
        H185  1 0.3918 0.2282 0.3800 
        H186  1 0.3600 0.3630 0.2770 
        H187  1 0.3497 0.3245 0.3257 
        H188  1 0.2337 0.3533 0.4130 
        H192  1 0.2703 0.4634 0.2664 
        H193  1 0.4392 0.2232 0.3376 
        H194  1 0.2827 0.3445 0.3728 
        H195  1 0.5017 0.2486 0.2497 
        H199  1 0.4650 0.2498 0.2851 
        H200  1 0.2915 0.3712 0.3373 
        H414  1 0.3863 0.2853 0.3284 
        H415  1 0.3163 0.2483 0.4354 
        H422  1 0.3475 0.3636 0.2889 
        H423  1 0.2166 0.5793 0.2041 
        H424  1 0.4272 0.2209 0.3519 
        H425  1 0.4676 0.2280 0.3044 
        H426  1 0.5225 0.2673 0.2102 
        H443  1 0.4191 0.2287 0.3522 
        H466  1 0.3277 0.3505 0.3218 
        H467  1 0.2621 0.5128 0.2252 
        H472  1 0.3155 0.3243 0.3603 
        H483  1 0.3342 0.2311 0.4347 
        H504  1 0.4674 0.2257 0.3069 
        H505  1 0.2860 0.3910 0.3231 
        H506  1 0.3318 0.3286 0.3395 
        H507  1 0.3929 0.1676 0.4395 
        H508  1 0.3572 0.3754 0.2674 
        H524  1 0.3305 0.2098 0.4596 
        H525  1 0.3733 0.2730 0.3538 
        H526  1 0.2607 0.2243 0.5151 
        H527  1 0.2836 0.4334 0.2830 
        H528  1 0.4071 0.2064 0.3865 
        H529  1 0.3912 0.2006 0.4081 
        H533  1 0.4052 0.1943 0.4005 
        H538  1 0.2716 0.3326 0.3959 
        H539  1 0.4103 0.3116 0.2782 
        H540  1 0.3183 0.3228 0.3589 
        H541  1 0.2621 0.2696 0.4683 
        H558  1 0.5089 0.2681 0.2230 
        H559  1 0.2875 0.3089 0.4035 
        H579  1 0.4166 0.2470 0.3364 
        H584  1 0.4463 0.2468 0.3069 
        H585  1 0.3957 0.2644 0.3399 
        H605  1 0.3067 0.3763 0.3169 
        H606  1 0.2174 0.4782 0.3044 
        H632  1 0.4457 0.2414 0.3129 
        H634  1 0.3869 0.2867 0.3264 
        H671  1 0.2367 0.4987 0.2647 
        H672  1 0.3324 0.2881 0.3795 
        H673  1 0.3760 0.2638 0.3602 
        H689  1 0.3536 0.2512 0.3952 
        H690  1 0.2325 0.4042 0.3632 
        H691  1 0.2554 0.2785 0.4661 
        H692  1 0.4583 0.1450 0.3966 
        H709  1 0.3466 0.2979 0.3555 
        H710  1 0.4885 0.1835 0.3280 
       H7355  1 0.2706 0.2026 0.5267 
       H7356  1 0.3914 0.3131 0.2955 
       H7357  1 0.2638 0.3410 0.3953 
       H7358  1 0.3298 0.2348 0.4354 
       H7380  1 0.3430 0.2650 0.3920 
       H7381  1 0.3083 0.4594 0.2322 
       H7382  1 0.3439 0.2736 0.3826 
        H904  1 0.1716 0.5785 0.2499 
        H923  1 0.3214 0.3437 0.3349 
        H924  1 0.2863 0.3725 0.3412 
        H925  1 0.2723 0.2370 0.4907 
       H9558  1 0.5352 0.2566 0.2082 
        H008  2 0.3534 0.1920 0.4545 
        H021  2 0.2648 0.4117 0.3235 
        H023  2 0.2336 0.4441 0.3224 
        H024  2 0.4696 0.1963 0.3340 
        H025  2 0.3552 0.4169 0.2279 
        H026  2 0.4735 0.2090 0.3175 
        H027  2 0.2566 0.2628 0.4805 
        H028  2 0.4024 0.2537 0.3439 
        H029  2 0.3465 0.2177 0.4359 
        H030  2 0.4977 0.2012 0.3011 
        H038  2 0.2796 0.4346 0.2857 
        H039  2 0.1605 0.6741 0.1654 
        H040  2 0.2835 0.4399 0.2766 
        H041  2 0.2580 0.2646 0.4774 
        H042  2 0.2968 0.3558 0.3474 
        H043  2 0.2903 0.5246 0.1851 
        H044  2 0.4691 0.2413 0.2896 
        H047  2 0.3589 0.4085 0.2326 
        H050  2 0.4360 0.2359 0.3281 
        H058  2 0.3466 0.3987 0.2547 
        H062  2 0.2641 0.4055 0.3304 
        H063  2 0.2501 0.4635 0.2864 
        H065  2 0.3975 0.3386 0.2639 
        H066  2 0.4166 0.3020 0.2814 
        H067  2 0.2936 0.2589 0.4475 
        H068  2 0.2767 0.4907 0.2326 
        H069  2 0.4101 0.3065 0.2834 
        H071  2 0.2728 0.4261 0.3011 
        H072  2 0.2259 0.5235 0.2507 
        H073  2 0.3598 0.2540 0.3862 
        H081  2 0.2260 0.3063 0.4677 
        H082  2 0.4711 0.2002 0.3287 
        H083  2 0.4999 0.2240 0.2760 
        H084  2 0.3262 0.3472 0.3266 
        H085  2 0.2332 0.2484 0.5184 
        H087  2 0.2432 0.2850 0.4717 
        H088  2 0.2448 0.4225 0.3327 
        H089  2 0.2727 0.2441 0.4832 
        H090  2 0.4064 0.2240 0.3696 
        H091  2 0.3092 0.1823 0.5085 
        H098  2 0.3512 0.2590 0.3898 
      H10001  2 0.1594 0.6774 0.1632 
      H10002  2 0.2240 0.4269 0.3490 
        H101  2 0.4405 0.2502 0.3094 
        H108  2 0.2170 0.4423 0.3407 
        H109  2 0.3272 0.3756 0.2972 
        H110  2 0.2559 0.2324 0.5117 
        H116  2 0.4290 0.2490 0.3220 
        H117  2 0.2510 0.2203 0.5287 
        H118  2 0.4090 0.1670 0.4240 
        H119  2 0.2503 0.3795 0.3702 
        H120  2 0.1854 0.5448 0.2698 
        H121  2 0.3524 0.2142 0.4333 
        H125  2 0.1606 0.6662 0.1732 
        H126  2 0.4571 0.2742 0.2687 
        H128  2 0.5405 0.1222 0.3373 
        H129  2 0.5267 0.2123 0.2610 
        H130  2 0.3352 0.4934 0.1714 
        H133  2 0.2483 0.5468 0.2050 
        H134  2 0.5798 0.1939 0.2264 
        H135  2 0.2633 0.3226 0.4141 
        H137  2 0.3452 0.3023 0.3526 
        H138  2 0.4978 0.2352 0.2671 
        H140  2 0.3458 0.2965 0.3577 
        H146  2 0.3761 0.2295 0.3944 
        H147  2 0.2942 0.2289 0.4769 
        H148  2 0.2398 0.2436 0.5166 
     H166022  2 0.3497 0.2116 0.4387 
     H167359  2 0.3481 0.3059 0.3459 
     H167397  2 0.4011 0.1378 0.4612 
     H167428  2 0.3389 0.1494 0.5117 
     H167496  2 0.1947 0.4823 0.3230 
     H167513  2 0.3809 0.3558 0.2633 
     H167545  2 0.4741 0.2255 0.3004 
     H167547  2 0.5278 0.1890 0.2832 
     H169621  2 0.4200 0.2219 0.3581 
     H169622  2 0.3837 0.2320 0.3843 
     H169750  2 0.3682 0.4132 0.2186 
     H171806  2 0.3280 0.3568 0.3152 
     H171808  2 0.3361 0.2814 0.3824 
     H171809  2 0.2815 0.3282 0.3903 
     H171813  2 0.3988 0.3421 0.2591 
     H171815  2 0.2539 0.5412 0.2049 
     H171824  2 0.2002 0.4069 0.3929 
     H171825  2 0.3462 0.2815 0.3723 
     H171826  2 0.2571 0.3550 0.3878 
     H171827  2 0.3010 0.3530 0.3460 
     H171828  2 0.1655 0.5716 0.2630 
     H171829  2 0.4076 0.3429 0.2495 
     H171830  2 0.3302 0.3264 0.3434 
     H171831  2 0.4631 0.1948 0.3421 
     H171832  2 0.4241 0.2763 0.2997 
     H171863  2 0.5462 0.1777 0.2761 
     H171864  2 0.2898 0.2787 0.4315 
     H171865  2 0.2646 0.4905 0.2449 
     H171879  2 0.3514 0.2819 0.3667 
     H171880  2 0.3281 0.2487 0.4232 
     H171881  2 0.3247 0.2668 0.4085 
     H171882  2 0.1968 0.5897 0.2136 
     H171929  2 0.3135 0.2709 0.4156 
     H171930  2 0.4904 0.2016 0.3080 
     H171933  2 0.3477 0.2813 0.3710 
     H171934  2 0.2632 0.2977 0.4391 
     H171937  2 0.4931 0.2516 0.2553 
     H171962  2 0.3527 0.2617 0.3856 
        H190  2 0.3838 0.2699 0.3463 
        H191  2 0.3436 0.3223 0.3341 
        H396  2 0.2669 0.3013 0.4318 
        H397  2 0.3545 0.2951 0.3504 
        H398  2 0.3603 0.3418 0.2980 
        H400  2 0.2862 0.2821 0.4317 
        H401  2 0.4829 0.1564 0.3606 
        H402  2 0.3321 0.2220 0.4459 
        H427  2 0.2662 0.2771 0.4568 
        H428  2 0.3292 0.1460 0.5248 
        H497  2 0.3294 0.4141 0.2565 
        H512  2 0.3297 0.2942 0.3762 
        H513  2 0.3875 0.3468 0.2657 
        H514  2 0.4453 0.2935 0.2612 
        H519  2 0.3740 0.3514 0.2747 
        H532  2 0.2768 0.2031 0.5202 
        H543  2 0.3305 0.2263 0.4432 
        H544  2 0.4534 0.3188 0.2278 
        H545  2 0.5123 0.2059 0.2818 
        H546  2 0.3010 0.4544 0.2446 
        H547  2 0.5371 0.1882 0.2747 
        H548  2 0.2711 0.2700 0.4589 
        H549  2 0.4155 0.3171 0.2675 
        H620  2 0.1803 0.5985 0.2213 
        H623  2 0.4861 0.2494 0.2645 
        H624  2 0.3822 0.4357 0.1822 
        H625  2 0.3241 0.2651 0.4109 
        H626  2 0.3143 0.3187 0.3669 
        H654  2 0.1886 0.6513 0.1602 
        H655  2 0.2984 0.4378 0.2638 
        H656  2 0.1977 0.5606 0.2417 
        H666  2 0.2370 0.5779 0.1850 
        H667  2 0.3045 0.2779 0.4176 
        H677  2 0.3138 0.2624 0.4238 
        H693  2 0.2140 0.4730 0.3130 
        H694  2 0.4540 0.2535 0.2925 
        H701  2 0.3763 0.2497 0.3740 
        H702  2 0.2863 0.3814 0.3323 
        H731  2 0.2539 0.4089 0.3372 
       H7359  2 0.3449 0.3047 0.3504 
       H7389  2 0.3502 0.2744 0.3754 
       H7390  2 0.2492 0.5173 0.2336 
       H7391  2 0.1981 0.2305 0.5714 
       H7392  2 0.3611 0.3384 0.3005 
       H7393  2 0.2928 0.4100 0.2973 
       H7398  2 0.2421 0.2791 0.4788 
       H7399  2 0.3681 0.2258 0.4061 
       H7400  2 0.1970 0.6238 0.1792 
        H745  2 0.5443 0.2145 0.2412 
        H746  2 0.3825 0.2291 0.3884 
        H747  2 0.2508 0.4737 0.2755 
        H748  2 0.3351 0.3284 0.3365 
       H7484  2 0.2235 0.5252 0.2513 
       H7485  2 0.4124 0.2937 0.2940 
        H749  2 0.3871 0.2381 0.3748 
        H930  2 0.4599 0.2117 0.3285 
        H931  2 0.3113 0.2848 0.4039 
        H932  2 0.3263 0.3213 0.3524 
        H111  3 0.4906 0.2355 0.2739 
        H951  3 0.4201 0.2267 0.3532 
        H952  3 0.4033 0.2995 0.2972 
        H953  3 0.2875 0.2077 0.5047 
        H954  3 0.2398 0.5060 0.2542 
        H955  3 0.4430 0.2138 0.3432 
        H956  3 0.2725 0.3505 0.3770 
       H9563  3 0.2457 0.3568 0.3975 
        H002  4 0.3291 0.4653 0.2055 
        H003  4 0.3399 0.2195 0.4406 
        H009  4 0.4679 0.2637 0.2684 
        H010  4 0.3029 0.2790 0.4181 
        H011  4 0.1998 0.5568 0.2433 
        H012  4 0.2999 0.2331 0.4670 
        H013  4 0.2636 0.3637 0.3726 
        H014  4 0.3880 0.3332 0.2788 
        H045  4 0.2390 0.3581 0.4030 
        H046  4 0.3853 0.2260 0.3887 
        H051  4 0.2345 0.4231 0.3424 
        H052  4 0.3598 0.4087 0.2315 
        H053  4 0.2853 0.3960 0.3186 
        H056  4 0.2938 0.4719 0.2343 
        H076  4 0.4080 0.2222 0.3698 
        H151  4 0.2460 0.5612 0.1928 
        H152  4 0.3412 0.4426 0.2162 
     H171803  4 0.2641 0.4605 0.2754 
     H171804  4 0.2612 0.4011 0.3378 
     H171833  4 0.4971 0.2392 0.2637 
     H171855  4 0.2910 0.5281 0.1809 
     H171856  4 0.3093 0.3510 0.3398 
     H171857  4 0.2978 0.4607 0.2415 
     H171858  4 0.3542 0.3058 0.3400 
     H171859  4 0.3084 0.3508 0.3407 
     H171961  4 0.2598 0.4352 0.3050 
        H198  4 0.3991 0.1855 0.4153 
      H20001  4 0.5176 0.2658 0.2166 
        H403  4 0.3492 0.3693 0.2814 
        H404  4 0.3306 0.2331 0.4363 
        H405  4 0.3455 0.2175 0.4369 
        H406  4 0.5007 0.2764 0.2228 
        H407  4 0.2720 0.3510 0.3770 
        H410  4 0.3200 0.1852 0.4948 
        H411  4 0.5059 0.2495 0.2447 
        H468  4 0.4578 0.3219 0.2203 
        H476  4 0.3532 0.3877 0.2590 
        H477  4 0.5278 0.2296 0.2426 
        H478  4 0.3399 0.2561 0.4040 
        H479  4 0.2762 0.3727 0.3511 
        H480  4 0.5034 0.2201 0.2765 
        H498  4 0.3786 0.3055 0.3159 
        H499  4 0.3446 0.3307 0.3247 
        H500  4 0.2174 0.4833 0.2993 
        H515  4 0.2931 0.4008 0.3061 
        H516  4 0.3757 0.3506 0.2737 
        H517  4 0.3326 0.2962 0.3712 
        H518  4 0.3601 0.4154 0.2245 
        H520  4 0.2930 0.4597 0.2473 
        H521  4 0.3223 0.2865 0.3911 
        H522  4 0.3112 0.4014 0.2875 
        H523  4 0.3151 0.3814 0.3035 
        H536  4 0.3205 0.2847 0.3948 
        H645  4 0.2220 0.3363 0.4417 
        H646  4 0.4153 0.2177 0.3670 
        H647  4 0.3867 0.3010 0.3123 
        H657  4 0.3663 0.2253 0.4084 
        H658  4 0.3092 0.3439 0.3469 
        H659  4 0.1945 0.6186 0.1869 
        H660  4 0.3168 0.4009 0.2823 
        H661  4 0.2974 0.4889 0.2137 
        H668  4 0.2973 0.2360 0.4667 
        H669  4 0.2867 0.3275 0.3857 
        H670  4 0.2230 0.3401 0.4368 
        H678  4 0.3399 0.3197 0.3405 
        H679  4 0.3764 0.2182 0.4054 
        H680  4 0.3956 0.3284 0.2760 
        H681  4 0.2562 0.3749 0.3690 
        H682  4 0.2959 0.2776 0.4265 
        H683  4 0.3676 0.4247 0.2078 
        H718  4 0.2506 0.4972 0.2522 
        H719  4 0.2816 0.3670 0.3514 
        H720  4 0.3630 0.4013 0.2357 
        H721  4 0.3822 0.3857 0.2321 
        H722  4 0.4203 0.3933 0.1864 
        H723  4 0.2178 0.4183 0.3639 
        H724  4 0.2100 0.5650 0.2250 
        H725  4 0.2557 0.5478 0.1964 
        H726  4 0.2785 0.4493 0.2721 
        H727  4 0.2413 0.4195 0.3392 
        H910  4 0.2508 0.4162 0.3330 
        H911  4 0.3735 0.2548 0.3717 
        H912  4 0.3664 0.3581 0.2754 
        H913  4 0.2964 0.4067 0.2969 
        H914  4 0.2021 0.4300 0.3680 
        H915  4 0.3263 0.3518 0.3219 
        H916  4 0.4300 0.3168 0.2532 
       H9572  4 0.3221 0.4152 0.2627 
        H015  5 0.4739 0.2565 0.2696 
        H016  5 0.4709 0.2317 0.2974 
        H017  5 0.4217 0.3528 0.2255 
        H019  5 0.3943 0.3035 0.3022 
        H020  5 0.3188 0.3674 0.3138 
        H032  5 0.3386 0.3546 0.3068 
        H033  5 0.3115 0.2698 0.4187 
        H034  5 0.2218 0.4440 0.3342 
        H035  5 0.3593 0.3077 0.3330 
        H036  5 0.3769 0.2727 0.3503 
        H037  5 0.2582 0.4584 0.2834 
        H048  5 0.2228 0.4640 0.3132 
        H049  5 0.4556 0.3031 0.2413 
        H054  5 0.3231 0.3199 0.3570 
        H055  5 0.2779 0.4023 0.3198 
        H057  5 0.4474 0.3414 0.2112 
        H060  5 0.3269 0.4120 0.2610 
        H061  5 0.3332 0.2520 0.4149 
        H064  5 0.3089 0.3931 0.2981 
        H070  5 0.2511 0.3814 0.3674 
        H077  5 0.2615 0.5132 0.2254 
        H078  5 0.3318 0.4475 0.2207 
        H079  5 0.2842 0.2012 0.5147 
        H097  5 0.4397 0.3758 0.1845 
        H107  5 0.1703 0.5936 0.2361 
        H122  5 0.3968 0.3075 0.2956 
        H123  5 0.4030 0.2205 0.3765 
        H124  5 0.3340 0.2155 0.4505 
        H131  5 0.3593 0.2466 0.3941 
        H132  5 0.2841 0.3699 0.3460 
        H141  5 0.2734 0.3950 0.3316 
        H142  5 0.4053 0.2310 0.3636 
        H157  5 0.2371 0.4940 0.2689 
        H158  5 0.5044 0.2153 0.2803 
        H159  5 0.4353 0.2321 0.3326 
        H160  5 0.3714 0.3204 0.3083 
        H163  5 0.3791 0.2668 0.3541 
        H164  5 0.3792 0.2716 0.3492 
        H165  5 0.2913 0.2001 0.5086 
        H166  5 0.4053 0.2717 0.3230 
        H169  5 0.3416 0.3001 0.3582 
     H169613  5 0.3598 0.3596 0.2806 
     H169653  5 0.3975 0.2627 0.3398 
     H169728  5 0.3990 0.2848 0.3162 
     H169742  5 0.2523 0.3196 0.4282 
        H170  5 0.4731 0.3052 0.2217 
        H171  5 0.4829 0.2739 0.2432 
     H171851  5 0.4010 0.3158 0.2832 
     H171852  5 0.3170 0.4272 0.2558 
     H171853  5 0.2707 0.3939 0.3354 
     H171854  5 0.3952 0.3252 0.2797 
     H171938  5 0.2328 0.2973 0.4700 
     H171939  5 0.4257 0.2382 0.3360 
     H171941  5 0.2363 0.5115 0.2522 
     H171965  5 0.4153 0.2483 0.3364 
     H171970  5 0.2071 0.5806 0.2123 
     H171973  5 0.2823 0.2268 0.4909 
     H171974  5 0.2683 0.3199 0.4117 
     H171975  5 0.2819 0.3697 0.3484 
     H171976  5 0.4640 0.3182 0.2178 
        H175  5 0.2393 0.4380 0.3227 
        H178  5 0.3091 0.3736 0.3173 
        H189  5 0.4376 0.2018 0.3606 
        H399  5 0.4813 0.2969 0.2218 
        H416  5 0.2983 0.3474 0.3543 
        H438  5 0.2708 0.3087 0.4206 
        H450  5 0.2695 0.4938 0.2367 
        H455  5 0.2021 0.5432 0.2547 
        H456  5 0.2675 0.3139 0.4185 
        H457  5 0.3362 0.4526 0.2111 
        H458  5 0.2729 0.4273 0.2998 
        H459  5 0.3896 0.2197 0.3908 
        H460  5 0.3257 0.3565 0.3178 
        H461  5 0.4587 0.3014 0.2400 
        H462  5 0.3516 0.2646 0.3837 
        H469  5 0.3646 0.2253 0.4100 
        H470  5 0.3097 0.3839 0.3063 
        H471  5 0.5070 0.2069 0.2861 
        H481  5 0.2106 0.5423 0.2471 
        H482  5 0.2916 0.4150 0.2934 
        H501  5 0.3101 0.3360 0.3539 
        H502  5 0.4691 0.2147 0.3163 
        H503  5 0.4094 0.2736 0.3171 
        H509  5 0.2506 0.4624 0.2870 
        H510  5 0.3701 0.3279 0.3020 
        H511  5 0.4004 0.2611 0.3386 
        H530  5 0.2425 0.3503 0.4072 
        H531  5 0.2852 0.4586 0.2563 
        H564  5 0.3066 0.3991 0.2943 
        H565  5 0.2596 0.5155 0.2248 
        H567  5 0.4079 0.1888 0.4033 
     H568???  5 0.4579 0.2425 0.2996 
        H608  5 0.2555 0.4953 0.2492 
        H609  5 0.2633 0.2791 0.4575 
        H612  5 0.1837 0.4990 0.3173 
        H614  5 0.2662 0.5238 0.2100 
        H615  5 0.3063 0.4726 0.2211 
        H616  5 0.1648 0.5754 0.2599 
        H617  5 0.3436 0.2077 0.4487 
        H618  5 0.2338 0.4746 0.2916 
        H619  5 0.2783 0.2450 0.4767 
        H635  5 0.3318 0.3297 0.3385 
        H636  5 0.2317 0.2421 0.5262 
        H637  5 0.2838 0.3683 0.3479 
        H644  5 0.5801 0.1549 0.2649 
        H711  5 0.4715 0.2723 0.2562 
        H712  5 0.2351 0.3828 0.3821 
       H7360  5 0.3688 0.3564 0.2749 
       H7361  5 0.2824 0.4500 0.2676 
       H7362  5 0.5329 0.1716 0.2955 
       H7363  5 0.3442 0.3978 0.2580 
       H7394  5 0.4307 0.2457 0.3236 
       H7395  5 0.2938 0.3575 0.3486 
       H7396  5 0.3247 0.3268 0.3486 
        H742  5 0.2464 0.3283 0.4253 
        H743  5 0.3065 0.3396 0.3538 
        H744  5 0.2062 0.4956 0.2982 
        H957  5 0.3966 0.3372 0.2662 
        H958  5 0.3590 0.2778 0.3631 
        H959  5 0.2145 0.4718 0.3137 
        H960  5 0.2912 0.3208 0.3880 
      H_PALI  6 0.3757 0.3186 0.3056 
        H581  6 0.3295 0.3864 0.2840 
        H582  6 0.2541 0.5599 0.1860 
        H583  6 0.3096 0.3608 0.3296 
        H595  6 0.4523 0.2015 0.3462 
        H596  6 0.4198 0.1892 0.3910 
        H597  6 0.4566 0.2239 0.3196 
        H598  6 0.2840 0.3427 0.3733 
        H599  6 0.2616 0.4365 0.3018 
        H642  6 0.4746 0.2695 0.2559 
        H643  6 0.2853 0.3074 0.4072 
        H664  6 0.3036 0.5082 0.1882 
        H665  6 0.2481 0.2866 0.4653 
        H674  6 0.5502 0.1932 0.2566 
        H675  6 0.3457 0.4001 0.2542 
        H676  6 0.4515 0.2637 0.2848 
        H686  6 0.3832 0.3137 0.3031 
        H687  6 0.3673 0.3279 0.3048 
        H917  6 0.3236 0.1999 0.4766 
        H918  6 0.2871 0.2780 0.4348 
        H919  6 0.1917 0.4893 0.3190 
        H920  6 0.2981 0.4355 0.2665 
        H631  7 0.2783 0.4412 0.2805 
        H684  7 0.5161 0.2286 0.2553 
        H685  7 0.2464 0.5069 0.2467 
        H713  7 0.2229 0.5229 0.2542 
        H715  7 0.4620 0.2726 0.2654 
        H716  7 0.2971 0.3880 0.3149 
        H717  7 0.3111 0.3648 0.3241 
        H729  7 0.2876 0.1894 0.5230 
        H730  7 0.2368 0.3005 0.4628 
        H431  8 0.2587 0.4147 0.3267 
        H432  8 0.4941 0.1978 0.3081 
        H433  8 0.3092 0.2700 0.4207 
        H434  8 0.3665 0.2798 0.3537 
        H444  8 0.3032 0.2762 0.4206 
        H454  8 0.2264 0.5007 0.2729 
        H475  8 0.2398 0.5373 0.2230 
        H491  8 0.3025 0.4333 0.2643 
        H492  8 0.2652 0.4568 0.2780 
        H493  8 0.3875 0.3024 0.3101 
        H494  8 0.3115 0.3546 0.3338 
        H495  8 0.3313 0.4869 0.1818 
        H662  8 0.4153 0.2797 0.3050 
        H663  8 0.3210 0.3167 0.3623 
        H695  8 0.2706 0.3473 0.3821 
       H7367  8 0.3547 0.1982 0.4472 
       H7368  8 0.4016 0.2506 0.3478 
       H7369  8 0.2655 0.3023 0.4322 
       H7370  8 0.4032 0.1823 0.4145 
       H7371  8 0.2839 0.2766 0.4395 
        H600  9 0.2823 0.4320 0.2857 
        H648  9 0.3893 0.3369 0.2738 
        H696  9 0.5475 0.1803 0.2722 
        H697  9 0.3152 0.2905 0.3943 
        H698  9 0.3498 0.2581 0.3921 
        H699  9 0.3526 0.3193 0.3281 
        H700  9 0.2380 0.4557 0.3063 
        H732  9 0.2816 0.4919 0.2265 
        H733  9 0.3502 0.2143 0.4354 
        H734  9 0.4758 0.2132 0.3110 
        H735  9 0.4004 0.2672 0.3324 
        H736  9 0.3148 0.3573 0.3279 
        H737  9 0.2744 0.3614 0.3642 
        H905  9 0.2506 0.4237 0.3258 
        H921  9 0.2466 0.3797 0.3736 
        H922  9 0.3843 0.2050 0.4107 
     H169705 10 0.3381 0.2643 0.3976 
     H171942 10 0.4815 0.1957 0.3228 
     H171943 10 0.3849 0.3036 0.3115 
     H171944 10 0.2965 0.3098 0.3937 
     H171946 10 0.3228 0.4629 0.2143 
     H171947 10 0.3711 0.2757 0.3532 
     H229641 10 0.3383 0.3494 0.3123 
      H30001 10 0.2964 0.3532 0.3504 
      H30002 10 0.3028 0.3158 0.3814 
      H30005 10 0.3377 0.2813 0.3810 
      H30006 10 0.4065 0.2506 0.3429 
      H30007 10 0.5562 0.1889 0.2550 
        H451 10 0.4092 0.2323 0.3585 
        H452 10 0.3641 0.2810 0.3549 
        H453 10 0.2819 0.5137 0.2044 
        H473 10 0.3063 0.3658 0.3278 
        H474 10 0.2503 0.5723 0.1774 
        H486 10 0.2735 0.3984 0.3281 
        H487 10 0.2752 0.4120 0.3128 
        H488 10 0.2381 0.3390 0.4229 
        H489 10 0.2323 0.4864 0.2813 
        H550 10 0.4962 0.2447 0.2591 
        H551 10 0.2611 0.3266 0.4123 
        H553 10 0.2922 0.4358 0.2720 
        H554 10 0.4026 0.2655 0.3319 
        H556 10 0.3899 0.3241 0.2859 
        H580 10 0.3402 0.2676 0.3922 
        H591 10 0.2004 0.5420 0.2576 
        H592 10 0.2841 0.3986 0.3173 
        H593 10 0.3558 0.3120 0.3321 
        H594 10 0.4828 0.1680 0.3492 
        H627 10 0.3726 0.3709 0.2566 
        H628 10 0.2936 0.1673 0.5390 
        H629 10 0.3950 0.3555 0.2495 
        H630 10 0.3737 0.3416 0.2847 
        H638 10 0.3891 0.2749 0.3360 
        H639 10 0.3204 0.4613 0.2183 
        H640 10 0.4183 0.2508 0.3310 
        H704 10 0.4431 0.2366 0.3203 
        H705 10 0.3347 0.2574 0.4079 
        H706 10 0.2066 0.4103 0.3831 
        H708 10 0.2264 0.5250 0.2486 
       H7351 10 0.3791 0.3126 0.3083 
       H7352 10 0.3296 0.3349 0.3355 
       H7353 10 0.5055 0.2354 0.2591 
       H7354 10 0.2691 0.4162 0.3148 
       H7365 10 0.2192 0.5189 0.2619 
       H7383 10 0.2387 0.4000 0.3613 
       H7384 10 0.2756 0.3629 0.3616 
       H7385 10 0.2548 0.4487 0.2965 
       H7386 10 0.2968 0.2866 0.4166 
       H7387 10 0.3466 0.2733 0.3801 
       H7388 10 0.2952 0.2845 0.4203 
        H906 10 0.3255 0.4336 0.2409 
        H907 10 0.4451 0.2379 0.3170 
        H908 10 0.3060 0.3326 0.3614 
        H909 10 0.2749 0.3399 0.3852 
       H9552 10 0.3547 0.3040 0.3412 
       H9553 10 0.3038 0.3696 0.3266 
       H9555 10 0.3115 0.2445 0.4439 
       H9575 10 0.3035 0.4649 0.2316 
       H9703 10 0.2341 0.5157 0.2502 
       H9707 10 0.2703 0.4524 0.2773 
       HSAA4 10 0.3361 0.2741 0.3898 
        H001 11 0.2875 0.3485 0.3640 
        H004 11 0.3426 0.3180 0.3394 
        H005 11 0.2096 0.5128 0.2775 
        H006 11 0.2898 0.3402 0.3699 
        H007 11 0.2101 0.4280 0.3620 
        H031 11 0.1937 0.5324 0.2739 
        H074 11 0.2685 0.5077 0.2238 
        H075 11 0.2051 0.4760 0.3190 
        H080 11 0.2495 0.4573 0.2932 
        H086 11 0.3401 0.3169 0.3429 
        H092 11 0.2631 0.4003 0.3367 
        H093 11 0.4934 0.1867 0.3198 
        H094 11 0.4074 0.2951 0.2976 
        H095 11 0.2595 0.4288 0.3117 
        H096 11 0.2389 0.3751 0.3860 
        H099 11 0.2823 0.4153 0.3024 
        H100 11 0.3974 0.2080 0.3946 
        H127 11 0.2849 0.3693 0.3458 
        H136 11 0.2329 0.5315 0.2356 
        H153 11 0.3934 0.3157 0.2909 
        H154 11 0.2467 0.5225 0.2308 
        H155 11 0.2846 0.1941 0.5214 
        H156 11 0.3448 0.1570 0.4982 
        H161 11 0.4181 0.2888 0.2931 
        H162 11 0.4053 0.2232 0.3715 
        H167 11 0.3289 0.2623 0.4089 
        H168 11 0.3303 0.2845 0.3851 
     H169586 11 0.4064 0.4050 0.1886 
     H169738 11 0.2848 0.2099 0.5052 
     H169741 11 0.2746 0.4606 0.2648 
     H171801 11 0.4517 0.2644 0.2840 
     H171810 11 0.2732 0.4994 0.2275 
     H171811 11 0.2868 0.5019 0.2113 
     H171812 11 0.2401 0.3501 0.4097 
     H171820 11 0.2555 0.4927 0.2518 
     H171821 11 0.3307 0.2614 0.4079 
     H171822 11 0.3371 0.2898 0.3730 
     H171823 11 0.3476 0.4827 0.1696 
     H171866 11 0.3822 0.2312 0.3866 
     H171867 11 0.2855 0.2274 0.4872 
     H171967 11 0.2214 0.4398 0.3388 
     H171969 11 0.3275 0.3312 0.3413 
        H172 11 0.3084 0.2889 0.4026 
        H173 11 0.2468 0.2690 0.4842 
        H174 11 0.4898 0.2092 0.3010 
        H196 11 0.3060 0.2144 0.4796 
        H197 11 0.3225 0.2528 0.4247 
        H346 11 0.2631 0.3607 0.3762 
        H355 11 0.2662 0.3770 0.3567 
        H356 11 0.2876 0.3767 0.3357 
        H357 11 0.2497 0.4207 0.3296 
        H358 11 0.2560 0.3034 0.4406 
        H359 11 0.3291 0.3451 0.3259 
        H360 11 0.2983 0.3230 0.3787 
        H361 11 0.3054 0.2750 0.4196 
        H362 11 0.4120 0.1805 0.4075 
        H363 11 0.2294 0.4762 0.2943 
        H364 11 0.3438 0.3291 0.3271 
        H365 11 0.3087 0.2535 0.4379 
        H366 11 0.3081 0.2227 0.4693 
        H367 11 0.2485 0.5191 0.2324 
        H368 11 0.4706 0.2634 0.2659 
        H369 11 0.1945 0.5140 0.2915 
        H370 11 0.3596 0.2630 0.3773 
        H371 11 0.3616 0.3217 0.3167 
        H372 11 0.3132 0.2871 0.3997 
        H373 11 0.3291 0.3438 0.3270 
        H374 11 0.2661 0.4070 0.3269 
        H375 11 0.2520 0.3844 0.3635 
        H376 11 0.3897 0.2557 0.3546 
        H377 11 0.2816 0.3791 0.3393 
        H378 11 0.3261 0.3949 0.2790 
        H379 11 0.3558 0.3260 0.3182 
        H380 11 0.2978 0.2083 0.4939 
        H381 11 0.2990 0.4838 0.2172 
        H382 11 0.4263 0.1720 0.4017 
        H383 11 0.3999 0.2083 0.3918 
        H384 11 0.2891 0.4220 0.2889 
        H385 11 0.2972 0.4169 0.2858 
        H386 11 0.2462 0.2593 0.4945 
        H387 11 0.4748 0.3163 0.2089 
        H388 11 0.3050 0.1757 0.5192 
        H389 11 0.2510 0.3216 0.4274 
        H390 11 0.3417 0.2735 0.3848 
        H391 11 0.4408 0.2511 0.3081 
        H392 11 0.2187 0.4761 0.3052 
        H393 11 0.4503 0.2293 0.3203 
        H394 11 0.5282 0.2252 0.2466 
        H395 11 0.2253 0.4323 0.3424 
        H408 11 0.2486 0.3188 0.4326 
        H412 11 0.3102 0.5342 0.1556 
        H417 11 0.2756 0.3788 0.3456 
        H418 11 0.3890 0.3764 0.2346 
        H429 11 0.3130 0.2786 0.4084 
        H430 11 0.3413 0.2368 0.4219 
        H439 11 0.2723 0.3547 0.3730 
        H440 11 0.2316 0.5075 0.2609 
        H441 11 0.3539 0.2578 0.3883 
        H442 11 0.3228 0.2412 0.4361 
        H446 11 0.3754 0.3097 0.3149 
        H447 11 0.2869 0.2241 0.4889 
        H448 11 0.2454 0.2656 0.4889 
        H534 11 0.2561 0.5523 0.1916 
        H537 11 0.2869 0.4848 0.2283 
        H568 11 0.2110 0.5752 0.2138 
        H569 11 0.3580 0.1673 0.4747 
        H586 11 0.4160 0.4052 0.1788 
        H587 11 0.2069 0.5572 0.2359 
        H588 11 0.5043 0.2159 0.2798 
        H589 11 0.2278 0.5120 0.2602 
        H590 11 0.2705 0.4466 0.2829 
        H601 11 0.4120 0.1952 0.3928 
        H602 11 0.2803 0.3868 0.3330 
        H603 11 0.3029 0.2382 0.4589 
        H610 11 0.2805 0.3800 0.3395 
        H611 11 0.2944 0.4281 0.2775 
        H649 11 0.3496 0.3453 0.3051 
        H650 11 0.4647 0.2519 0.2835 
        H651 11 0.2513 0.2816 0.4671 
        H652 11 0.3918 0.3472 0.2610 
       H7364 11 0.3292 0.2659 0.4049 
       H7366 11 0.2406 0.3271 0.4322 
       H7378 11 0.6123 0.1393 0.2484 
       H7379 11 0.3275 0.3154 0.3571 
        H739 11 0.2681 0.4485 0.2834 
        H740 11 0.4253 0.2720 0.3027 
        H741 11 0.2652 0.4742 0.2606 
        H926 11 0.4270 0.2894 0.2836 
        H927 11 0.2957 0.2139 0.4904 
        H928 11 0.3586 0.3279 0.3135 
       H9560 11 0.3957 0.2956 0.3087 
        H409 12 0.3292 0.2338 0.4370 
        H413 12 0.5448 0.2171 0.2381 
        H419 12 0.2810 0.2762 0.4428 
        H420 12 0.2863 0.3965 0.3172 
        H421 12 0.4448 0.1859 0.3693 
        H435 12 0.4417 0.2381 0.3202 
        H436 12 0.2345 0.3160 0.4496 
        H437 12 0.2915 0.4921 0.2165 
        H445 12 0.2881 0.2257 0.4862 
        H449 12 0.4077 0.2702 0.3221 
        H463 12 0.3071 0.4287 0.2642 
        H464 12 0.5059 0.2154 0.2787 
        H465 12 0.4829 0.3135 0.2036 
        H490 12 0.4761 0.2208 0.3031 
        H561 12 0.3579 0.3153 0.3268 
        H562 12 0.2297 0.3046 0.4657 
        H563 12 0.2466 0.3559 0.3975 
        H570 12 0.2260 0.4236 0.3504 
        H571 12 0.4190 0.3299 0.2511 
        H572 12 0.3040 0.4151 0.2810 
        H573 12 0.3149 0.2151 0.4700 
       H7372 12 0.3167 0.1635 0.5199 
       H7373 12 0.5412 0.2229 0.2359 
       H7374 12 0.2776 0.4013 0.3211 
       H7375 12 0.2495 0.4036 0.3469 
       H7376 12 0.2616 0.1894 0.5490 
       H7377 12 0.2856 0.4252 0.2892 
