        H102  1 0.3521 0.2192 0.1698 0.2590 
        H103  1 0.1942 0.3235 0.3375 0.1448 
        H104  1 0.2526 0.1742 0.2294 0.3438 
        H105  1 0.3754 0.2017 0.2195 0.2034 
        H106  1 0.2230 0.2591 0.2691 0.2488 
        H112  1 0.2436 0.1992 0.2402 0.3171 
        H113  1 0.2852 0.1953 0.3184 0.2011 
        H114  1 0.3068 0.2015 0.3336 0.1582 
        H115  1 0.3466 0.1685 0.2287 0.2562 
        H143  1 0.3639 0.2340 0.2077 0.1944 
        H144  1 0.3224 0.3613 0.1825 0.1338 
        H145  1 0.2481 0.3377 0.2761 0.1380 
        H149  1 0.2549 0.2022 0.1882 0.3547 
        H150  1 0.2400 0.2850 0.2310 0.2440 
     H167542  1 0.4325 0.1885 0.1965 0.1825 
     H169604  1 0.3545 0.2190 0.2295 0.1969 
     H169607  1 0.3244 0.2895 0.2193 0.1668 
     H169608  1 0.2287 0.2276 0.1852 0.3585 
     H169633  1 0.3218 0.2429 0.2897 0.1457 
     H169688  1 0.1927 0.3732 0.2360 0.1980 
     H169714  1 0.2199 0.2167 0.2354 0.3280 
     H171802  1 0.1587 0.1965 0.2959 0.3488 
     H171805  1 0.2427 0.2845 0.2666 0.2062 
     H171807  1 0.2381 0.2645 0.2065 0.2908 
     H171814  1 0.1869 0.3767 0.2859 0.1505 
     H171816  1 0.2074 0.2335 0.2403 0.3188 
     H171817  1 0.2516 0.1959 0.2526 0.2998 
     H171818  1 0.2598 0.2230 0.2882 0.2290 
     H171819  1 0.2352 0.2275 0.2773 0.2600 
     H171834  1 0.3008 0.2486 0.2188 0.2318 
     H171835  1 0.1849 0.1942 0.2002 0.4207 
     H171836  1 0.2606 0.2273 0.3981 0.1140 
     H171837  1 0.2852 0.2193 0.2229 0.2727 
     H171838  1 0.1938 0.2662 0.3551 0.1849 
     H171839  1 0.2881 0.2081 0.2285 0.2753 
     H171841  1 0.1608 0.2336 0.1723 0.4333 
     H171860  1 0.2997 0.2268 0.2485 0.2250 
     H171861  1 0.3576 0.2286 0.2952 0.1187 
     H171862  1 0.2822 0.2455 0.2459 0.2264 
     H171868  1 0.4449 0.1838 0.1949 0.1764 
     H171869  1 0.1987 0.3723 0.2365 0.1925 
     H171870  1 0.1922 0.2860 0.2467 0.2751 
     H171871  1 0.1713 0.2928 0.3551 0.1808 
     H171872  1 0.2916 0.1925 0.2343 0.2816 
     H171873  1 0.1900 0.3016 0.2258 0.2826 
     H171874  1 0.3382 0.2835 0.1875 0.1908 
     H171875  1 0.3860 0.2529 0.2274 0.1336 
     H171876  1 0.3524 0.2430 0.2401 0.1645 
     H171877  1 0.4216 0.1781 0.2188 0.1815 
     H171878  1 0.1863 0.3029 0.1948 0.3161 
     H171901  1 0.1671 0.2149 0.2760 0.3420 
     H171902  1 0.2539 0.3097 0.1783 0.2581 
     H171903  1 0.2549 0.2392 0.2680 0.2379 
     H171935  1 0.1489 0.2621 0.2593 0.3297 
     H171936  1 0.3096 0.2309 0.2883 0.1712 
     H171940  1 0.3254 0.2271 0.1625 0.2851 
     H171945  1 0.2271 0.3158 0.2205 0.2366 
     H171948  1 0.2680 0.1921 0.2617 0.2783 
     H171949  1 0.2228 0.1975 0.1799 0.3997 
     H171950  1 0.1787 0.1904 0.1904 0.4405 
     H171963  1 0.1984 0.3234 0.2999 0.1783 
     H171964  1 0.2218 0.4270 0.1667 0.1845 
     H171966  1 0.2217 0.2509 0.2868 0.2405 
     H171968  1 0.2941 0.2634 0.1554 0.2870 
     H171971  1 0.1706 0.2657 0.3106 0.2532 
     H171972  1 0.2303 0.3201 0.2824 0.1671 
     H171977  1 0.2567 0.3426 0.2383 0.1623 
     H171978  1 0.1940 0.2722 0.2088 0.3249 
     H171979  1 0.2410 0.2765 0.3408 0.1417 
        H176  1 0.3072 0.2633 0.2288 0.2007 
        H177  1 0.2200 0.1944 0.1935 0.3922 
        H179  1 0.3072 0.1615 0.1908 0.3405 
        H181  1 0.2442 0.2969 0.2930 0.1659 
        H182  1 0.2840 0.2709 0.3096 0.1354 
        H183  1 0.1971 0.3409 0.2793 0.1827 
        H184  1 0.2805 0.2008 0.2309 0.2878 
        H185  1 0.2726 0.2834 0.2774 0.1666 
        H186  1 0.2622 0.3201 0.1351 0.2826 
        H187  1 0.2024 0.2497 0.2972 0.2506 
        H188  1 0.3654 0.1731 0.2057 0.2558 
        H192  1 0.2213 0.1982 0.2091 0.3714 
        H193  1 0.2720 0.3158 0.2567 0.1555 
        H194  1 0.2860 0.2169 0.2463 0.2508 
        H195  1 0.2020 0.4308 0.1878 0.1794 
        H199  1 0.2158 0.3620 0.2462 0.1760 
        H200  1 0.2409 0.2192 0.2415 0.2984 
        H414  1 0.2014 0.2726 0.3259 0.2001 
        H415  1 0.2753 0.2317 0.3125 0.1805 
        H422  1 0.2322 0.3142 0.1862 0.2674 
        H423  1 0.1756 0.1768 0.1665 0.4812 
        H424  1 0.2253 0.3249 0.2968 0.1530 
        H425  1 0.2135 0.4134 0.2017 0.1714 
        H426  1 0.1661 0.4120 0.2260 0.1959 
        H443  1 0.3280 0.3653 0.1387 0.1680 
        H466  1 0.2578 0.2494 0.2556 0.2372 
        H467  1 0.1910 0.2126 0.1677 0.4288 
        H472  1 0.2841 0.2480 0.2309 0.2371 
        H483  1 0.3851 0.2557 0.2029 0.1564 
        H504  1 0.2037 0.3801 0.2584 0.1579 
        H505  1 0.2518 0.2153 0.2374 0.2955 
        H506  1 0.2571 0.2925 0.2107 0.2397 
        H507  1 0.2754 0.2710 0.3296 0.1239 
        H508  1 0.1726 0.2707 0.2618 0.2949 
        H524  1 0.2711 0.2455 0.3254 0.1581 
        H525  1 0.2987 0.3046 0.2125 0.1843 
        H526  1 0.4324 0.1956 0.2000 0.1721 
        H527  1 0.2417 0.2258 0.2124 0.3201 
        H528  1 0.2864 0.2814 0.2748 0.1574 
        H529  1 0.2559 0.3241 0.2818 0.1381 
        H533  1 0.2006 0.2050 0.4789 0.1155 
        H538  1 0.3189 0.2240 0.2197 0.2375 
        H539  1 0.1981 0.2943 0.2809 0.2268 
        H540  1 0.2582 0.2401 0.2729 0.2289 
        H541  1 0.3440 0.2133 0.2351 0.2075 
        H558  1 0.1725 0.3182 0.3054 0.2040 
        H559  1 0.3768 0.2360 0.1664 0.2209 
        H579  1 0.2998 0.3160 0.2170 0.1672 
        H584  1 0.2298 0.3624 0.2231 0.1847 
        H585  1 0.2190 0.2742 0.3078 0.1990 
        H605  1 0.2554 0.2354 0.2436 0.2656 
        H606  1 0.2735 0.1884 0.1441 0.3941 
        H632  1 0.2594 0.3783 0.1927 0.1696 
        H634  1 0.2688 0.2832 0.2452 0.2028 
        H671  1 0.2086 0.1957 0.1781 0.4176 
        H672  1 0.2217 0.2443 0.3139 0.2201 
        H673  1 0.3576 0.3085 0.1643 0.1696 
        H689  1 0.3448 0.2754 0.2075 0.1723 
        H690  1 0.2714 0.1848 0.2605 0.2833 
        H691  1 0.4026 0.2046 0.1898 0.2030 
        H692  1 0.2789 0.3162 0.3073 0.0975 
        H709  1 0.2425 0.2491 0.3137 0.1946 
        H710  1 0.2627 0.3299 0.2783 0.1292 
       H7355  1 0.3760 0.2000 0.2759 0.1481 
       H7356  1 0.2365 0.2883 0.2323 0.2430 
       H7357  1 0.2938 0.2038 0.2437 0.2587 
       H7358  1 0.3726 0.2566 0.2111 0.1598 
       H7380  1 0.3453 0.2602 0.2110 0.1835 
       H7381  1 0.1960 0.2925 0.2095 0.3020 
       H7382  1 0.3048 0.2776 0.2214 0.1962 
        H904  1 0.2325 0.1462 0.1286 0.4927 
        H923  1 0.2583 0.2534 0.2214 0.2669 
        H924  1 0.2899 0.2390 0.1938 0.2773 
        H925  1 0.3890 0.2241 0.2077 0.1792 
       H9558  1 0.1628 0.3449 0.3044 0.1879 
        H008  2 0.3176 0.2294 0.3156 0.1373 
        H021  2 0.2650 0.2145 0.2010 0.3195 
        H023  2 0.3096 0.1891 0.2056 0.2958 
        H024  2 0.1851 0.2835 0.3912 0.1403 
        H025  2 0.2163 0.2652 0.1785 0.3400 
        H026  2 0.1912 0.3699 0.2772 0.1617 
        H027  2 0.3167 0.2353 0.2556 0.1925 
        H028  2 0.2678 0.2825 0.2687 0.1810 
        H029  2 0.2666 0.2699 0.2854 0.1781 
        H030  2 0.1820 0.3205 0.3490 0.1485 
        H038  2 0.2170 0.2393 0.1843 0.3594 
        H039  2 0.1314 0.1366 0.1384 0.5936 
        H040  2 0.1655 0.2175 0.2723 0.3447 
        H041  2 0.3526 0.1829 0.2699 0.1946 
        H042  2 0.2816 0.2171 0.2445 0.2568 
        H043  2 0.1407 0.2467 0.1952 0.4173 
        H044  2 0.1895 0.2474 0.3906 0.1725 
        H047  2 0.1791 0.2666 0.2441 0.3101 
        H050  2 0.1689 0.2584 0.3983 0.1744 
        H058  2 0.1593 0.2397 0.2980 0.3031 
        H062  2 0.3348 0.2106 0.1580 0.2966 
        H063  2 0.2097 0.1973 0.2393 0.3537 
        H065  2 0.2287 0.3664 0.1630 0.2419 
        H066  2 0.1470 0.2634 0.3696 0.2200 
        H067  2 0.3784 0.2342 0.2091 0.1782 
        H068  2 0.1835 0.2061 0.2474 0.3630 
        H069  2 0.1855 0.3002 0.2746 0.2397 
        H071  2 0.2402 0.2269 0.2232 0.3098 
        H072  2 0.2086 0.1812 0.2103 0.3998 
        H073  2 0.2777 0.3063 0.2321 0.1838 
        H081  2 0.3935 0.1773 0.2196 0.2095 
        H082  2 0.2037 0.2795 0.3796 0.1373 
        H083  2 0.2246 0.3475 0.2710 0.1570 
        H084  2 0.1809 0.2212 0.3315 0.2665 
        H085  2 0.3987 0.1828 0.2348 0.1837 
        H087  2 0.4620 0.1695 0.1805 0.1880 
        H088  2 0.2713 0.1814 0.2187 0.3286 
        H089  2 0.3665 0.2286 0.2281 0.1769 
        H090  2 0.2266 0.2840 0.3319 0.1576 
        H091  2 0.2958 0.2551 0.3124 0.1367 
        H098  2 0.2306 0.2207 0.3665 0.1822 
      H10001  2 0.1394 0.1388 0.1228 0.5990 
      H10002  2 0.3124 0.1863 0.1874 0.3139 
        H101  2 0.1439 0.2231 0.4600 0.1730 
        H108  2 0.3587 0.1759 0.1474 0.3180 
        H109  2 0.1441 0.2159 0.3677 0.2723 
        H110  2 0.3984 0.1981 0.2462 0.1573 
        H116  2 0.2314 0.3206 0.2616 0.1864 
        H117  2 0.2884 0.2001 0.3429 0.1685 
        H118  2 0.2931 0.3542 0.2326 0.1200 
        H119  2 0.2636 0.2127 0.2127 0.3110 
        H120  2 0.2830 0.1509 0.1424 0.4237 
        H121  2 0.2927 0.2491 0.3068 0.1514 
        H125  2 0.1399 0.1337 0.1272 0.5991 
        H126  2 0.2171 0.3458 0.2341 0.2029 
        H128  2 0.1617 0.3897 0.3527 0.0960 
        H129  2 0.2125 0.4060 0.2366 0.1448 
        H130  2 0.1605 0.2710 0.2009 0.3676 
        H133  2 0.1570 0.2097 0.1879 0.4454 
        H134  2 0.1759 0.4899 0.1861 0.1481 
        H135  2 0.3285 0.2031 0.2319 0.2364 
        H137  2 0.1938 0.2172 0.3782 0.2108 
        H138  2 0.2262 0.3901 0.2164 0.1672 
        H140  2 0.2544 0.2561 0.2538 0.2357 
        H146  2 0.2155 0.3245 0.2833 0.1768 
        H147  2 0.3031 0.2176 0.3018 0.1775 
        H148  2 0.3261 0.1946 0.3047 0.1746 
     H166022  2 0.2590 0.2213 0.3692 0.1506 
     H167359  2 0.2241 0.2506 0.3131 0.2123 
     H167397  2 0.2045 0.2445 0.4470 0.1039 
     H167428  2 0.4566 0.2387 0.1980 0.1067 
     H167496  2 0.2537 0.1548 0.1876 0.4040 
     H167513  2 0.1595 0.2211 0.3809 0.2386 
     H167545  2 0.2200 0.3026 0.3197 0.1578 
     H167547  2 0.1355 0.3434 0.3659 0.1552 
     H169621  2 0.2208 0.2715 0.3443 0.1634 
     H169622  2 0.2881 0.2956 0.2398 0.1764 
     H169750  2 0.1555 0.2694 0.2541 0.3210 
     H171806  2 0.2087 0.2846 0.2330 0.2738 
     H171808  2 0.2886 0.2792 0.2321 0.2002 
     H171809  2 0.3492 0.2028 0.2100 0.2380 
     H171813  2 0.2157 0.3091 0.2263 0.2488 
     H171815  2 0.1739 0.2130 0.1549 0.4582 
     H171824  2 0.3316 0.1603 0.1754 0.3326 
     H171825  2 0.3083 0.2768 0.2262 0.1887 
     H171826  2 0.2983 0.2026 0.2230 0.2761 
     H171827  2 0.2465 0.2404 0.2568 0.2562 
     H171828  2 0.2319 0.1450 0.1485 0.4746 
     H171829  2 0.1700 0.3259 0.2311 0.2730 
     H171830  2 0.2135 0.2020 0.3692 0.2153 
     H171831  2 0.2360 0.3380 0.2790 0.1470 
     H171832  2 0.2428 0.3053 0.2585 0.1934 
     H171863  2 0.1900 0.3599 0.3148 0.1353 
     H171864  2 0.2520 0.2131 0.3366 0.1983 
     H171865  2 0.1835 0.2024 0.1993 0.4148 
     H171879  2 0.2113 0.2503 0.3146 0.2239 
     H171880  2 0.1817 0.2083 0.4262 0.1838 
     H171881  2 0.3353 0.2455 0.2443 0.1749 
     H171882  2 0.1892 0.1687 0.1665 0.4756 
     H171929  2 0.2958 0.2287 0.2844 0.1911 
     H171930  2 0.1551 0.2657 0.4384 0.1408 
     H171933  2 0.2371 0.2481 0.3012 0.2135 
     H171934  2 0.3399 0.2138 0.2374 0.2090 
     H171937  2 0.1831 0.3225 0.3161 0.1783 
     H171962  2 0.3396 0.2493 0.2473 0.1638 
        H190  2 0.2672 0.2762 0.2843 0.1723 
        H191  2 0.2405 0.2601 0.2516 0.2478 
        H396  2 0.3751 0.2312 0.1735 0.2202 
        H397  2 0.2482 0.2503 0.3161 0.1854 
        H398  2 0.2537 0.3216 0.1681 0.2566 
        H400  2 0.3179 0.2284 0.2501 0.2037 
        H401  2 0.1741 0.2946 0.4162 0.1151 
        H402  2 0.2567 0.2370 0.3430 0.1633 
        H427  2 0.3812 0.2088 0.1998 0.2101 
        H428  2 0.4620 0.2295 0.2043 0.1042 
        H497  2 0.1738 0.2463 0.2729 0.3070 
        H512  2 0.2277 0.2364 0.3059 0.2299 
        H513  2 0.1592 0.2233 0.3792 0.2382 
        H514  2 0.2049 0.3258 0.2495 0.2198 
        H519  2 0.1685 0.2186 0.3764 0.2365 
        H532  2 0.3874 0.2363 0.2209 0.1554 
        H543  2 0.2575 0.2225 0.3627 0.1573 
        H544  2 0.2035 0.3769 0.1933 0.2263 
        H545  2 0.2140 0.3250 0.3190 0.1421 
        H546  2 0.2229 0.2350 0.1754 0.3667 
        H547  2 0.1323 0.3532 0.3590 0.1555 
        H548  2 0.3069 0.2198 0.2838 0.1894 
        H549  2 0.1721 0.2879 0.3084 0.2316 
        H620  2 0.2035 0.1497 0.1540 0.4929 
        H623  2 0.1971 0.3146 0.3215 0.1668 
        H624  2 0.1515 0.3144 0.1723 0.3618 
        H625  2 0.3292 0.2443 0.2458 0.1806 
        H626  2 0.2040 0.2340 0.3186 0.2435 
        H654  2 0.1348 0.1577 0.1406 0.5670 
        H655  2 0.2008 0.2276 0.2667 0.3050 
        H656  2 0.2494 0.1710 0.1316 0.4480 
        H666  2 0.1372 0.1937 0.1652 0.5039 
        H667  2 0.3367 0.2407 0.2124 0.2101 
        H677  2 0.3059 0.2763 0.2228 0.1950 
        H693  2 0.3675 0.1654 0.1495 0.3177 
        H694  2 0.1999 0.2649 0.3573 0.1779 
        H701  2 0.2295 0.2167 0.3907 0.1631 
        H702  2 0.2354 0.2051 0.3066 0.2529 
        H731  2 0.2796 0.2093 0.1971 0.3140 
       H7359  2 0.2300 0.2430 0.3128 0.2141 
       H7389  2 0.2450 0.2837 0.2564 0.2149 
       H7390  2 0.1670 0.1982 0.1946 0.4403 
       H7391  2 0.4552 0.1615 0.2126 0.1707 
       H7392  2 0.2289 0.2995 0.1979 0.2737 
       H7393  2 0.2031 0.2145 0.2581 0.3244 
       H7398  2 0.3531 0.1819 0.2583 0.2067 
       H7399  2 0.3241 0.2726 0.2478 0.1556 
       H7400  2 0.1620 0.1702 0.1377 0.5301 
        H745  2 0.1842 0.4280 0.2361 0.1518 
        H746  2 0.3099 0.3054 0.2244 0.1604 
        H747  2 0.1659 0.2045 0.2636 0.3660 
        H748  2 0.2044 0.2493 0.2995 0.2468 
       H7484  2 0.1857 0.1841 0.1986 0.4316 
       H7485  2 0.2081 0.2936 0.2977 0.2006 
        H749  2 0.2677 0.3054 0.2545 0.1723 
        H930  2 0.1614 0.2260 0.4650 0.1477 
        H931  2 0.3222 0.2402 0.2441 0.1934 
        H932  2 0.2195 0.2687 0.2531 0.2588 
        H111  3 0.1845 0.3083 0.3440 0.1632 
        H951  3 0.2373 0.2743 0.3227 0.1657 
        H952  3 0.1973 0.3214 0.2500 0.2314 
        H953  3 0.3773 0.2395 0.2252 0.1580 
        H954  3 0.1775 0.1841 0.2321 0.4062 
        H955  3 0.1917 0.2677 0.3819 0.1587 
        H956  3 0.2238 0.2118 0.3091 0.2553 
       H9563  3 0.2669 0.1857 0.2824 0.2650 
        H002  4 0.1936 0.2718 0.1717 0.3629 
        H003  4 0.3740 0.2732 0.1944 0.1584 
        H009  4 0.1935 0.3604 0.2561 0.1899 
        H010  4 0.3037 0.2471 0.2333 0.2159 
        H011  4 0.2701 0.1756 0.1550 0.3993 
        H012  4 0.3429 0.2109 0.2845 0.1617 
        H013  4 0.3370 0.1957 0.1990 0.2684 
        H014  4 0.2590 0.2676 0.2361 0.2373 
        H045  4 0.3274 0.1889 0.2170 0.2667 
        H046  4 0.3255 0.3311 0.1864 0.1571 
        H051  4 0.3046 0.1861 0.2164 0.2928 
        H052  4 0.1939 0.2863 0.1974 0.3224 
        H053  4 0.2272 0.2404 0.2391 0.2933 
        H056  4 0.1975 0.2301 0.2052 0.3671 
        H076  4 0.2798 0.3343 0.2212 0.1647 
        H151  4 0.1594 0.2098 0.1488 0.4820 
        H152  4 0.2112 0.2721 0.1660 0.3507 
     H171803  4 0.2192 0.2081 0.2075 0.3652 
     H171804  4 0.2258 0.1989 0.2687 0.3066 
     H171833  4 0.2020 0.3761 0.2418 0.1802 
     H171855  4 0.1480 0.2344 0.1676 0.4500 
     H171856  4 0.1834 0.2543 0.2984 0.2640 
     H171857  4 0.1735 0.2461 0.2036 0.3768 
     H171858  4 0.2748 0.2904 0.2099 0.2249 
     H171859  4 0.2571 0.2613 0.2134 0.2682 
     H171961  4 0.2784 0.2119 0.2041 0.3056 
        H198  4 0.3287 0.2881 0.2445 0.1387 
      H20001  4 0.1742 0.3470 0.2856 0.1931 
        H403  4 0.2014 0.2694 0.2265 0.3027 
        H404  4 0.3614 0.2539 0.2280 0.1568 
        H405  4 0.2894 0.2829 0.2620 0.1656 
        H406  4 0.1202 0.3375 0.3077 0.2346 
        H407  4 0.2322 0.2378 0.2623 0.2677 
        H410  4 0.2635 0.2660 0.3185 0.1520 
        H411  4 0.1869 0.3243 0.3039 0.1848 
        H468  4 0.1278 0.2922 0.3293 0.2506 
        H476  4 0.1590 0.2282 0.3368 0.2760 
        H477  4 0.1755 0.3936 0.2577 0.1732 
        H478  4 0.3365 0.2512 0.2341 0.1783 
        H479  4 0.2789 0.2305 0.2033 0.2873 
        H480  4 0.1804 0.3111 0.3493 0.1593 
        H498  4 0.2655 0.2875 0.2229 0.2241 
        H499  4 0.2889 0.2533 0.2175 0.2404 
        H500  4 0.2132 0.1744 0.2119 0.4005 
        H515  4 0.2290 0.2117 0.2478 0.3115 
        H516  4 0.1806 0.2551 0.2837 0.2806 
        H517  4 0.2307 0.2550 0.2807 0.2335 
        H518  4 0.1620 0.2797 0.2395 0.3189 
        H520  4 0.1765 0.2322 0.2233 0.3679 
        H521  4 0.3100 0.2396 0.2556 0.1948 
        H522  4 0.1990 0.2394 0.2712 0.2904 
        H523  4 0.2045 0.2274 0.3079 0.2603 
        H536  4 0.3194 0.2895 0.1874 0.2036 
        H645  4 0.4252 0.1640 0.1644 0.2464 
        H646  4 0.1778 0.3095 0.3484 0.1643 
        H647  4 0.2100 0.2961 0.2669 0.2269 
        H657  4 0.2400 0.2952 0.2956 0.1692 
        H658  4 0.2080 0.2136 0.3387 0.2397 
        H659  4 0.1431 0.1625 0.1567 0.5377 
        H660  4 0.2206 0.2350 0.2627 0.2816 
        H661  4 0.1870 0.2451 0.1854 0.3826 
        H668  4 0.3973 0.2119 0.2229 0.1679 
        H669  4 0.2836 0.2179 0.2520 0.2465 
        H670  4 0.4344 0.1651 0.1573 0.2432 
        H678  4 0.2058 0.2310 0.3187 0.2445 
        H679  4 0.2085 0.2241 0.4086 0.1589 
        H680  4 0.2117 0.3246 0.2215 0.2422 
        H681  4 0.3205 0.2085 0.1988 0.2722 
        H682  4 0.2358 0.1989 0.3830 0.1823 
        H683  4 0.1433 0.2664 0.2442 0.3462 
        H718  4 0.2091 0.2150 0.1745 0.4013 
        H719  4 0.3088 0.1970 0.2416 0.2526 
        H720  4 0.2255 0.3192 0.1786 0.2767 
        H721  4 0.1850 0.3401 0.1985 0.2763 
        H722  4 0.1542 0.3460 0.1780 0.3218 
        H723  4 0.2604 0.1770 0.2104 0.3522 
        H724  4 0.1679 0.1606 0.1868 0.4846 
        H725  4 0.1620 0.2030 0.1728 0.4622 
        H726  4 0.2137 0.2091 0.2046 0.3727 
        H727  4 0.2843 0.1885 0.2018 0.3254 
        H910  4 0.2516 0.1960 0.2720 0.2804 
        H911  4 0.1995 0.2815 0.3247 0.1943 
        H912  4 0.1884 0.2711 0.2459 0.2947 
        H913  4 0.1868 0.2266 0.2648 0.3219 
        H914  4 0.2878 0.1640 0.2046 0.3437 
        H915  4 0.1828 0.2242 0.3366 0.2565 
        H916  4 0.1517 0.2780 0.3465 0.2238 
       H9572  4 0.2237 0.2571 0.2381 0.2811 
        H015  5 0.2132 0.2805 0.3365 0.1697 
        H016  5 0.2205 0.3850 0.2237 0.1708 
        H017  5 0.1658 0.3061 0.2757 0.2524 
        H019  5 0.2598 0.2832 0.2491 0.2079 
        H020  5 0.2722 0.2595 0.2100 0.2583 
        H032  5 0.1970 0.2361 0.2688 0.2981 
        H033  5 0.3107 0.2186 0.2946 0.1762 
        H034  5 0.2915 0.1765 0.1966 0.3354 
        H035  5 0.2047 0.2650 0.2817 0.2486 
        H036  5 0.2138 0.2447 0.3587 0.1827 
        H037  5 0.2339 0.2180 0.2297 0.3183 
        H048  5 0.2698 0.1725 0.1745 0.3831 
        H049  5 0.2002 0.2948 0.2737 0.2313 
        H054  5 0.2552 0.2718 0.2158 0.2573 
        H055  5 0.2998 0.2379 0.1527 0.3096 
        H057  5 0.1903 0.3953 0.1800 0.2344 
        H060  5 0.2438 0.2966 0.1684 0.2912 
        H061  5 0.3190 0.2539 0.2288 0.1983 
        H064  5 0.2695 0.2496 0.1903 0.2905 
        H070  5 0.2966 0.1943 0.2250 0.2840 
        H077  5 0.1930 0.2009 0.2122 0.3939 
        H078  5 0.1445 0.2615 0.2358 0.3582 
        H079  5 0.3165 0.2325 0.3033 0.1477 
        H097  5 0.1351 0.3348 0.2437 0.2863 
        H107  5 0.2394 0.1501 0.1380 0.4725 
        H122  5 0.2034 0.3201 0.2564 0.2201 
        H123  5 0.2035 0.2922 0.3318 0.1725 
        H124  5 0.2711 0.2710 0.2841 0.1738 
        H131  5 0.2596 0.2357 0.3238 0.1809 
        H132  5 0.2641 0.2222 0.2377 0.2760 
        H141  5 0.2498 0.2249 0.2157 0.3096 
        H142  5 0.2882 0.2624 0.2991 0.1503 
        H157  5 0.2383 0.1982 0.1951 0.3683 
        H158  5 0.1591 0.3717 0.3016 0.1676 
        H159  5 0.2439 0.3018 0.2899 0.1644 
        H160  5 0.1966 0.2730 0.2646 0.2658 
        H163  5 0.2438 0.2335 0.3437 0.1790 
        H164  5 0.2885 0.2528 0.2549 0.2038 
        H165  5 0.3908 0.2223 0.2334 0.1535 
        H166  5 0.2702 0.2751 0.2766 0.1781 
        H169  5 0.3033 0.2482 0.2224 0.2261 
     H169613  5 0.2459 0.2783 0.2411 0.2348 
     H169653  5 0.2825 0.2686 0.2635 0.1854 
     H169728  5 0.1978 0.2617 0.3445 0.1960 
     H169742  5 0.3939 0.2090 0.1683 0.2289 
        H170  5 0.1928 0.3864 0.2076 0.2132 
        H171  5 0.1962 0.3794 0.2252 0.1993 
     H171851  5 0.2578 0.2804 0.2247 0.2370 
     H171852  5 0.1938 0.2628 0.1810 0.3623 
     H171853  5 0.2430 0.2106 0.2484 0.2979 
     H171854  5 0.2132 0.2389 0.3020 0.2460 
     H171938  5 0.3648 0.1836 0.2259 0.2257 
     H171939  5 0.2514 0.3481 0.2165 0.1840 
     H171941  5 0.2897 0.1892 0.1526 0.3684 
     H171965  5 0.3045 0.3113 0.2073 0.1769 
     H171970  5 0.2171 0.1664 0.1577 0.4588 
     H171973  5 0.3665 0.2107 0.2502 0.1726 
     H171974  5 0.3359 0.1947 0.2196 0.2499 
     H171975  5 0.3029 0.2102 0.2178 0.2691 
     H171976  5 0.1767 0.3497 0.2201 0.2535 
        H175  5 0.2694 0.1888 0.2012 0.3405 
        H178  5 0.2964 0.2497 0.2048 0.2490 
        H189  5 0.2553 0.2984 0.2928 0.1534 
        H399  5 0.1451 0.4094 0.2035 0.2420 
        H416  5 0.2869 0.2257 0.2179 0.2695 
        H438  5 0.2851 0.2055 0.2799 0.2295 
        H450  5 0.2349 0.2320 0.1720 0.3611 
        H455  5 0.2961 0.1780 0.1534 0.3725 
        H456  5 0.3348 0.2162 0.2105 0.2385 
        H457  5 0.1938 0.2608 0.1826 0.3628 
        H458  5 0.2636 0.2087 0.2061 0.3216 
        H459  5 0.2569 0.2868 0.2968 0.1595 
        H460  5 0.2065 0.2452 0.2916 0.2567 
        H461  5 0.1773 0.3189 0.2814 0.2224 
        H462  5 0.2563 0.2200 0.3672 0.1565 
        H469  5 0.2471 0.2308 0.3630 0.1591 
        H470  5 0.2313 0.2184 0.2720 0.2783 
        H471  5 0.1512 0.3732 0.3141 0.1616 
        H481  5 0.1951 0.1778 0.1730 0.4540 
        H482  5 0.2289 0.2264 0.2208 0.3238 
        H501  5 0.2718 0.2206 0.2431 0.2645 
        H502  5 0.2310 0.3284 0.2878 0.1528 
        H503  5 0.2221 0.2805 0.3026 0.1948 
        H509  5 0.2113 0.1961 0.2268 0.3658 
        H510  5 0.3298 0.2473 0.2165 0.2064 
        H511  5 0.2816 0.2925 0.2443 0.1816 
        H530  5 0.3173 0.1849 0.2117 0.2861 
        H531  5 0.1592 0.2251 0.2166 0.3991 
        H564  5 0.2666 0.2399 0.1803 0.3132 
        H565  5 0.2004 0.2107 0.1766 0.4123 
        H567  5 0.2362 0.2559 0.3695 0.1384 
     H568???  5 0.2272 0.3299 0.2606 0.1822 
        H608  5 0.2306 0.2176 0.1879 0.3639 
        H609  5 0.4049 0.1979 0.2026 0.1945 
        H612  5 0.2592 0.1537 0.1715 0.4156 
        H614  5 0.1701 0.2330 0.1621 0.4348 
        H615  5 0.1784 0.2533 0.2313 0.3370 
        H616  5 0.2459 0.1459 0.1459 0.4623 
        H617  5 0.2785 0.2412 0.3245 0.1559 
        H618  5 0.2539 0.1802 0.1850 0.3808 
        H619  5 0.4767 0.1998 0.1481 0.1754 
        H635  5 0.2893 0.2383 0.2402 0.2321 
        H636  5 0.4198 0.1884 0.2198 0.1721 
        H637  5 0.3135 0.2382 0.1898 0.2585 
        H644  5 0.1843 0.4418 0.2586 0.1152 
        H711  5 0.2023 0.3727 0.2010 0.2241 
        H712  5 0.3607 0.1834 0.1824 0.2734 
       H7360  5 0.2232 0.2921 0.2150 0.2697 
       H7361  5 0.2555 0.2195 0.1970 0.3279 
       H7362  5 0.1887 0.3965 0.2855 0.1293 
       H7363  5 0.2112 0.2347 0.2449 0.3092 
       H7394  5 0.2362 0.2451 0.3499 0.1688 
       H7395  5 0.3245 0.2431 0.2055 0.2268 
       H7396  5 0.2441 0.2333 0.2962 0.2264 
        H742  5 0.4113 0.1907 0.1638 0.2342 
        H743  5 0.2793 0.2650 0.1910 0.2648 
        H744  5 0.2258 0.1709 0.1815 0.4217 
        H957  5 0.2082 0.2951 0.2415 0.2552 
        H958  5 0.2172 0.2351 0.3570 0.1907 
        H959  5 0.3142 0.1664 0.1661 0.3533 
        H960  5 0.2885 0.2170 0.2654 0.2291 
      H_PALI  6 0.2497 0.2484 0.2864 0.2155 
        H581  6 0.1906 0.2352 0.2452 0.3289 
        H582  6 0.1761 0.2135 0.1578 0.4526 
        H583  6 0.2257 0.2563 0.2236 0.2945 
        H595  6 0.1754 0.2462 0.4322 0.1462 
        H596  6 0.2116 0.2547 0.3886 0.1451 
        H597  6 0.2503 0.3514 0.2452 0.1531 
        H598  6 0.2604 0.2082 0.2737 0.2577 
        H599  6 0.2893 0.1953 0.2036 0.3119 
        H642  6 0.1477 0.3242 0.3229 0.2051 
        H643  6 0.2619 0.2188 0.2680 0.2513 
        H664  6 0.1228 0.2427 0.2123 0.4222 
        H665  6 0.3820 0.1874 0.2222 0.2083 
        H674  6 0.1841 0.3960 0.2840 0.1359 
        H675  6 0.1967 0.2697 0.2225 0.3111 
        H676  6 0.1958 0.2607 0.3615 0.1820 
        H686  6 0.2526 0.2720 0.2606 0.2148 
        H687  6 0.1897 0.2646 0.3032 0.2426 
        H917  6 0.3026 0.2061 0.3476 0.1437 
        H918  6 0.4299 0.2172 0.1813 0.1715 
        H919  6 0.2727 0.1690 0.1920 0.3663 
        H920  6 0.2238 0.2292 0.2205 0.3265 
        H631  7 0.2764 0.2278 0.1824 0.3135 
        H684  7 0.2435 0.3757 0.2202 0.1606 
        H685  7 0.1268 0.1833 0.2920 0.3978 
        H713  7 0.1896 0.1828 0.1940 0.4336 
        H715  7 0.2248 0.3585 0.2264 0.1902 
        H716  7 0.3555 0.2448 0.1512 0.2485 
        H717  7 0.2658 0.2498 0.2297 0.2547 
        H729  7 0.3196 0.2062 0.3465 0.1278 
        H730  7 0.3396 0.1939 0.2370 0.2295 
        H431  8 0.2055 0.2146 0.2216 0.3582 
        H432  8 0.2552 0.3460 0.2664 0.1325 
        H433  8 0.2754 0.2102 0.3323 0.1821 
        H434  8 0.2311 0.2595 0.3235 0.1860 
        H444  8 0.3750 0.2105 0.2323 0.1822 
        H454  8 0.2531 0.1749 0.1874 0.3846 
        H475  8 0.1819 0.1906 0.2000 0.4275 
        H491  8 0.2863 0.2405 0.1830 0.2902 
        H492  8 0.2029 0.2068 0.2751 0.3152 
        H493  8 0.2268 0.2887 0.2485 0.2360 
        H494  8 0.2469 0.2063 0.2926 0.2542 
        H495  8 0.1539 0.2771 0.1583 0.4107 
        H662  8 0.2086 0.3290 0.2351 0.2273 
        H663  8 0.2613 0.2438 0.2597 0.2352 
        H695  8 0.2583 0.2166 0.2630 0.2621 
       H7367  8 0.2231 0.2280 0.4060 0.1430 
       H7368  8 0.2702 0.2904 0.2451 0.1943 
       H7369  8 0.3736 0.2069 0.2053 0.2142 
       H7370  8 0.1675 0.2070 0.4935 0.1321 
       H7371  8 0.2861 0.2026 0.3218 0.1896 
        H600  9 0.2229 0.2325 0.2087 0.3359 
        H648  9 0.2126 0.2865 0.2466 0.2544 
        H696  9 0.1621 0.3753 0.3331 0.1295 
        H697  9 0.2834 0.2592 0.2457 0.2117 
        H698  9 0.2374 0.2807 0.2921 0.1898 
        H699  9 0.2337 0.2477 0.2837 0.2350 
        H700  9 0.2860 0.2007 0.1937 0.3196 
        H732  9 0.1666 0.2471 0.1813 0.4050 
        H733  9 0.2317 0.2337 0.3696 0.1650 
        H734  9 0.1890 0.2945 0.3566 0.1599 
        H735  9 0.1952 0.2457 0.3645 0.1945 
        H736  9 0.2449 0.2590 0.2365 0.2596 
        H737  9 0.2666 0.2459 0.1968 0.2907 
        H905  9 0.3138 0.1933 0.1956 0.2973 
        H921  9 0.3030 0.1893 0.2274 0.2802 
        H922  9 0.2628 0.2323 0.3760 0.1288 
     H169705 10 0.1794 0.2165 0.4063 0.1978 
     H171942 10 0.2660 0.3297 0.2698 0.1344 
     H171943 10 0.2120 0.2916 0.2882 0.2082 
     H171944 10 0.2225 0.2191 0.3225 0.2360 
     H171946 10 0.1470 0.2759 0.2025 0.3747 
     H171947 10 0.2780 0.2460 0.2780 0.1980 
     H229641 10 0.1869 0.2414 0.3061 0.2656 
      H30001 10 0.2516 0.2089 0.2875 0.2521 
      H30002 10 0.3073 0.2342 0.2323 0.2262 
      H30005 10 0.2038 0.2384 0.3550 0.2028 
      H30006 10 0.1915 0.3043 0.3247 0.1795 
      H30007 10 0.2156 0.4518 0.1934 0.1393 
        H451 10 0.2902 0.2433 0.3056 0.1609 
        H452 10 0.1797 0.2869 0.3096 0.2237 
        H453 10 0.1960 0.2428 0.1448 0.4163 
        H473 10 0.2943 0.2474 0.1841 0.2742 
        H474 10 0.1251 0.1976 0.2177 0.4596 
        H486 10 0.2257 0.2141 0.2595 0.3008 
        H487 10 0.2200 0.2137 0.2563 0.3100 
        H488 10 0.3635 0.1869 0.2197 0.2300 
        H489 10 0.1757 0.1803 0.2495 0.3945 
        H550 10 0.1818 0.3474 0.2747 0.1961 
        H551 10 0.2562 0.1868 0.3204 0.2366 
        H553 10 0.1659 0.2317 0.2348 0.3676 
        H554 10 0.2701 0.2840 0.2491 0.1968 
        H556 10 0.1918 0.3096 0.2288 0.2699 
        H580 10 0.2880 0.2493 0.2602 0.2025 
        H591 10 0.2050 0.1692 0.1753 0.4505 
        H592 10 0.1966 0.2048 0.2851 0.3135 
        H593 10 0.2864 0.2657 0.2380 0.2099 
        H594 10 0.2342 0.3251 0.3136 0.1271 
        H627 10 0.1840 0.2527 0.3009 0.2625 
        H628 10 0.4556 0.2420 0.1828 0.1196 
        H629 10 0.1797 0.3046 0.2349 0.2808 
        H630 10 0.1614 0.2480 0.3220 0.2685 
        H638 10 0.1833 0.2182 0.3855 0.2130 
        H639 10 0.1567 0.2365 0.2164 0.3903 
        H640 10 0.2004 0.2716 0.3457 0.1823 
        H704 10 0.2533 0.3462 0.2329 0.1676 
        H705 10 0.1879 0.2059 0.4088 0.1974 
        H706 10 0.3189 0.1772 0.2113 0.2926 
        H708 10 0.1791 0.1935 0.1910 0.4364 
       H7351 10 0.2568 0.2732 0.2512 0.2188 
       H7352 10 0.2492 0.2390 0.2292 0.2827 
       H7353 10 0.1880 0.4150 0.2309 0.1662 
       H7354 10 0.3310 0.2111 0.1679 0.2900 
       H7365 10 0.1995 0.1833 0.1911 0.4260 
       H7383 10 0.2970 0.1893 0.2288 0.2849 
       H7384 10 0.2842 0.2125 0.2279 0.2754 
       H7385 10 0.2234 0.2150 0.2336 0.3279 
       H7386 10 0.3331 0.2208 0.2515 0.1946 
       H7387 10 0.2683 0.2737 0.2467 0.2113 
       H7388 10 0.2484 0.2544 0.2644 0.2328 
        H906 10 0.2694 0.2804 0.1548 0.2954 
        H907 10 0.1902 0.2412 0.4021 0.1664 
        H908 10 0.2502 0.2198 0.2958 0.2341 
        H909 10 0.3941 0.2075 0.1701 0.2283 
       H9552 10 0.2616 0.2784 0.2303 0.2297 
       H9553 10 0.1974 0.2458 0.2548 0.3020 
       H9555 10 0.2767 0.2118 0.3347 0.1768 
       H9575 10 0.1822 0.2555 0.1795 0.3827 
       H9703 10 0.1713 0.2096 0.1750 0.4441 
       H9707 10 0.1836 0.2039 0.2531 0.3594 
       HSAA4 10 0.2805 0.2567 0.2584 0.2044 
        H001 11 0.3414 0.2228 0.1692 0.2666 
        H004 11 0.2763 0.2485 0.2618 0.2133 
        H005 11 0.2853 0.1672 0.1492 0.3982 
        H006 11 0.2822 0.2196 0.2658 0.2324 
        H007 11 0.3465 0.1784 0.1773 0.2977 
        H031 11 0.1808 0.1561 0.2097 0.4534 
        H074 11 0.1575 0.2006 0.2531 0.3888 
        H075 11 0.2938 0.1698 0.1740 0.3625 
        H080 11 0.2220 0.1930 0.2167 0.3683 
        H086 11 0.2257 0.2300 0.3074 0.2369 
        H092 11 0.2186 0.2142 0.2701 0.2971 
        H093 11 0.2552 0.3624 0.2456 0.1368 
        H094 11 0.1642 0.2537 0.3737 0.2084 
        H095 11 0.2630 0.2052 0.1827 0.3491 
        H096 11 0.3689 0.1847 0.1727 0.2737 
        H099 11 0.2237 0.2243 0.2531 0.2989 
        H100 11 0.3347 0.2836 0.2390 0.1427 
        H127 11 0.2432 0.2206 0.2391 0.2971 
        H136 11 0.1819 0.2021 0.2001 0.4160 
        H153 11 0.2286 0.2636 0.2944 0.2134 
        H154 11 0.1609 0.2029 0.2028 0.4334 
        H155 11 0.4073 0.2154 0.2416 0.1357 
        H156 11 0.3854 0.2230 0.2781 0.1135 
        H161 11 0.2530 0.3057 0.2374 0.2039 
        H162 11 0.2069 0.2674 0.3638 0.1619 
        H167 11 0.3182 0.2563 0.2390 0.1865 
        H168 11 0.2919 0.2520 0.2473 0.2088 
     H169586 11 0.1404 0.3635 0.1702 0.3259 
     H169738 11 0.3490 0.2143 0.2892 0.1475 
     H169741 11 0.1783 0.2031 0.2538 0.3648 
     H171801 11 0.2401 0.3290 0.2616 0.1693 
     H171810 11 0.1956 0.2199 0.2591 0.3254 
     H171811 11 0.1574 0.2316 0.1910 0.4201 
     H171812 11 0.4275 0.1940 0.1477 0.2308 
     H171820 11 0.1970 0.2036 0.2001 0.3993 
     H171821 11 0.2799 0.2355 0.2979 0.1867 
     H171822 11 0.2283 0.2387 0.3213 0.2116 
     H171823 11 0.1575 0.2764 0.1725 0.3936 
     H171866 11 0.2671 0.3074 0.2500 0.1755 
     H171867 11 0.3219 0.1913 0.3258 0.1609 
     H171967 11 0.2728 0.1774 0.2065 0.3433 
     H171969 11 0.2808 0.2511 0.2402 0.2280 
        H172 11 0.3054 0.2293 0.2503 0.2151 
        H173 11 0.3208 0.1782 0.2923 0.2087 
        H174 11 0.1678 0.3349 0.3445 0.1529 
        H196 11 0.2822 0.2566 0.2855 0.1758 
        H197 11 0.2876 0.2243 0.3077 0.1804 
        H346 11 0.3650 0.2023 0.1937 0.2390 
        H355 11 0.2979 0.2246 0.1954 0.2821 
        H356 11 0.2550 0.2314 0.2567 0.2568 
        H357 11 0.2507 0.1842 0.2435 0.3216 
        H358 11 0.3458 0.2017 0.2320 0.2204 
        H359 11 0.2112 0.2608 0.2629 0.2651 
        H360 11 0.2860 0.2155 0.2597 0.2388 
        H361 11 0.3111 0.2498 0.2351 0.2039 
        H362 11 0.2104 0.2344 0.4282 0.1269 
        H363 11 0.2328 0.1835 0.2040 0.3797 
        H364 11 0.2730 0.2781 0.1936 0.2553 
        H365 11 0.3436 0.2524 0.2121 0.1918 
        H366 11 0.3393 0.2442 0.2371 0.1794 
        H367 11 0.1649 0.1961 0.1987 0.4403 
        H368 11 0.1860 0.3134 0.3247 0.1759 
        H369 11 0.2111 0.1583 0.1954 0.4352 
        H370 11 0.2875 0.2451 0.2857 0.1817 
        H371 11 0.1891 0.2257 0.3484 0.2367 
        H372 11 0.2972 0.2330 0.2557 0.2141 
        H373 11 0.2897 0.2289 0.2444 0.2369 
        H374 11 0.3257 0.2064 0.1872 0.2807 
        H375 11 0.3116 0.1981 0.2213 0.2690 
        H376 11 0.2820 0.2964 0.2374 0.1842 
        H377 11 0.2461 0.2068 0.2895 0.2576 
        H378 11 0.2154 0.2657 0.2263 0.2927 
        H379 11 0.2089 0.2474 0.3210 0.2227 
        H380 11 0.4040 0.2041 0.2375 0.1544 
        H381 11 0.1620 0.2329 0.2064 0.3987 
        H382 11 0.2721 0.2678 0.3394 0.1207 
        H383 11 0.3643 0.3053 0.1814 0.1489 
        H384 11 0.2156 0.2377 0.1987 0.3480 
        H385 11 0.1919 0.2091 0.2812 0.3178 
        H386 11 0.4113 0.1921 0.2115 0.1850 
        H387 11 0.1866 0.4096 0.1540 0.2498 
        H388 11 0.3451 0.2722 0.2433 0.1395 
        H389 11 0.3131 0.2085 0.2612 0.2173 
        H390 11 0.2639 0.2494 0.2848 0.2019 
        H391 11 0.1814 0.3512 0.2668 0.2006 
        H392 11 0.3121 0.1876 0.1584 0.3419 
        H393 11 0.3231 0.3184 0.2111 0.1474 
        H394 11 0.1847 0.4169 0.2317 0.1667 
        H395 11 0.2519 0.1877 0.1888 0.3715 
        H408 11 0.3931 0.1848 0.1770 0.2451 
        H412 11 0.1000 0.2491 0.1718 0.4791 
        H417 11 0.2400 0.2195 0.2208 0.3196 
        H418 11 0.1749 0.2902 0.2394 0.2954 
        H429 11 0.3458 0.2548 0.2039 0.1955 
        H430 11 0.3225 0.2314 0.2874 0.1587 
        H439 11 0.2493 0.2184 0.2821 0.2502 
        H440 11 0.2257 0.2018 0.1632 0.4093 
        H441 11 0.2364 0.2476 0.3229 0.1931 
        H442 11 0.3227 0.2700 0.2195 0.1879 
        H446 11 0.2222 0.2999 0.2451 0.2328 
        H447 11 0.3231 0.2354 0.2825 0.1590 
        H448 11 0.3481 0.2028 0.2575 0.1916 
        H534 11 0.1702 0.2211 0.1490 0.4597 
        H537 11 0.1859 0.2360 0.1650 0.4131 
        H568 11 0.1479 0.1675 0.2014 0.4833 
        H569 11 0.2625 0.2159 0.4120 0.1096 
        H586 11 0.1346 0.3693 0.1651 0.3310 
        H587 11 0.1931 0.1699 0.1747 0.4623 
        H588 11 0.2423 0.3846 0.2193 0.1537 
        H589 11 0.2297 0.1778 0.1517 0.4407 
        H590 11 0.2394 0.2209 0.1776 0.3621 
        H601 11 0.2625 0.2575 0.3407 0.1393 
        H602 11 0.2184 0.2187 0.2590 0.3040 
        H603 11 0.3323 0.2103 0.2921 0.1653 
        H610 11 0.2131 0.2299 0.2910 0.2660 
        H611 11 0.1601 0.1983 0.3200 0.3215 
        H649 11 0.2767 0.2346 0.2578 0.2309 
        H650 11 0.1645 0.2667 0.3878 0.1810 
        H651 11 0.3576 0.1883 0.2527 0.2015 
        H652 11 0.1978 0.2942 0.2488 0.2591 
       H7364 11 0.2993 0.2441 0.2616 0.1949 
       H7366 11 0.3318 0.2015 0.2193 0.2473 
       H7378 11 0.1439 0.4325 0.3159 0.1077 
       H7379 11 0.2333 0.2395 0.2758 0.2513 
        H739 11 0.1824 0.1994 0.2524 0.3658 
        H740 11 0.2100 0.2627 0.3265 0.2009 
        H741 11 0.1768 0.2030 0.2581 0.3621 
        H926 11 0.2134 0.2486 0.3427 0.1953 
        H927 11 0.2437 0.2397 0.3453 0.1713 
        H928 11 0.1532 0.2141 0.3769 0.2558 
       H9560 11 0.1810 0.3043 0.3013 0.2134 
        H409 12 0.3356 0.2303 0.2651 0.1691 
        H413 12 0.1789 0.3931 0.2767 0.1514 
        H419 12 0.3408 0.2161 0.2459 0.1972 
        H420 12 0.2751 0.2256 0.2050 0.2943 
        H421 12 0.3041 0.3111 0.2483 0.1365 
        H435 12 0.2763 0.3126 0.2431 0.1680 
        H436 12 0.3519 0.1899 0.2180 0.2402 
        H437 12 0.2074 0.2451 0.1797 0.3679 
        H445 12 0.4365 0.2029 0.2050 0.1555 
        H449 12 0.2185 0.3245 0.2498 0.2072 
        H463 12 0.2395 0.2423 0.2149 0.3034 
        H464 12 0.2249 0.3191 0.3076 0.1485 
        H465 12 0.1417 0.3683 0.2402 0.2498 
        H490 12 0.2235 0.3331 0.2865 0.1568 
        H561 12 0.2093 0.2448 0.3039 0.2420 
        H562 12 0.4192 0.1819 0.1889 0.2100 
        H563 12 0.2747 0.1882 0.2798 0.2573 
        H570 12 0.2914 0.1813 0.2017 0.3255 
        H571 12 0.1805 0.3163 0.2617 0.2415 
        H572 12 0.2331 0.2403 0.2444 0.2822 
        H573 12 0.3408 0.2185 0.2841 0.1566 
       H7372 12 0.3846 0.2392 0.2556 0.1205 
       H7373 12 0.1718 0.4235 0.2302 0.1745 
       H7374 12 0.3166 0.2206 0.1514 0.3114 
       H7375 12 0.2752 0.1989 0.2015 0.3243 
       H7376 12 0.4761 0.1818 0.2153 0.1268 
       H7377 12 0.1777 0.1934 0.2721 0.3568 
