        H102  1 0.1996 0.1592 0.2778 0.3634 
        H103  1 0.3205 0.3703 0.1355 0.1737 
        H104  1 0.1735 0.2198 0.3435 0.2632 
        H105  1 0.1975 0.2151 0.2124 0.3750 
        H106  1 0.2514 0.2747 0.2688 0.2052 
        H112  1 0.1906 0.2286 0.3331 0.2477 
        H113  1 0.1956 0.2967 0.1998 0.3080 
        H114  1 0.2061 0.3270 0.1481 0.3188 
        H115  1 0.1537 0.2100 0.2820 0.3543 
        H143  1 0.2234 0.1872 0.1993 0.3902 
        H144  1 0.3620 0.1840 0.1288 0.3252 
        H145  1 0.3082 0.2928 0.1384 0.2605 
        H149  1 0.1967 0.1882 0.3644 0.2507 
        H150  1 0.2863 0.2358 0.2273 0.2506 
     H167542  1 0.1805 0.1850 0.1739 0.4607 
     H169604  1 0.2074 0.2531 0.1948 0.3448 
     H169607  1 0.2885 0.2309 0.1567 0.3239 
     H169608  1 0.1991 0.1671 0.3931 0.2407 
     H169633  1 0.2350 0.3065 0.1434 0.3151 
     H169688  1 0.3780 0.2401 0.2121 0.1698 
     H169714  1 0.2025 0.2575 0.3143 0.2257 
     H171802  1 0.2074 0.2871 0.3451 0.1605 
     H171805  1 0.2861 0.2918 0.1869 0.2352 
     H171807  1 0.2582 0.1988 0.3088 0.2343 
     H171814  1 0.3530 0.3111 0.1498 0.1861 
     H171816  1 0.2337 0.2320 0.3201 0.2143 
     H171817  1 0.2047 0.2546 0.3070 0.2337 
     H171818  1 0.2390 0.2795 0.2154 0.2660 
     H171819  1 0.2265 0.2941 0.2502 0.2292 
     H171834  1 0.2291 0.2076 0.2487 0.3147 
     H171835  1 0.1833 0.2054 0.4315 0.1798 
     H171836  1 0.2348 0.4111 0.1101 0.2440 
     H171837  1 0.1972 0.2071 0.2786 0.3171 
     H171838  1 0.2807 0.3674 0.1757 0.1762 
     H171839  1 0.1911 0.2356 0.2781 0.2952 
     H171841  1 0.2305 0.1656 0.4599 0.1440 
     H171860  1 0.2091 0.2395 0.2267 0.3247 
     H171861  1 0.2474 0.3207 0.1147 0.3173 
     H171862  1 0.2463 0.2570 0.2208 0.2760 
     H171868  1 0.1733 0.1928 0.1874 0.4466 
     H171869  1 0.3756 0.2380 0.1800 0.2064 
     H171870  1 0.2896 0.2381 0.2843 0.1881 
     H171871  1 0.2691 0.4076 0.1661 0.1573 
     H171872  1 0.1801 0.2364 0.2738 0.3097 
     H171873  1 0.3028 0.2290 0.2796 0.1886 
     H171874  1 0.2677 0.2019 0.1961 0.3343 
     H171875  1 0.2542 0.2378 0.1222 0.3858 
     H171876  1 0.2340 0.2368 0.1593 0.3700 
     H171877  1 0.1765 0.1774 0.1794 0.4667 
     H171878  1 0.3360 0.1906 0.2968 0.1766 
     H171901  1 0.2130 0.3037 0.3259 0.1574 
     H171902  1 0.3104 0.1942 0.2472 0.2482 
     H171903  1 0.2231 0.2747 0.2351 0.2671 
     H171935  1 0.2577 0.2625 0.3425 0.1373 
     H171936  1 0.2247 0.2854 0.1612 0.3287 
     H171940  1 0.2144 0.1454 0.2918 0.3484 
     H171945  1 0.3087 0.2261 0.2421 0.2230 
     H171948  1 0.2072 0.2454 0.2866 0.2608 
     H171949  1 0.1934 0.1787 0.4112 0.2168 
     H171950  1 0.1860 0.1920 0.4458 0.1763 
     H171963  1 0.3456 0.2765 0.1730 0.2049 
     H171964  1 0.4187 0.1722 0.1735 0.2356 
     H171966  1 0.2712 0.2732 0.2447 0.2109 
     H171968  1 0.2606 0.1593 0.2837 0.2964 
     H171971  1 0.2626 0.3178 0.2541 0.1654 
     H171972  1 0.3299 0.2936 0.1588 0.2178 
     H171977  1 0.3446 0.2311 0.1559 0.2684 
     H171978  1 0.2850 0.2090 0.3146 0.1914 
     H171979  1 0.2898 0.3686 0.1292 0.2123 
        H176  1 0.2304 0.2280 0.2127 0.3289 
        H177  1 0.1711 0.1838 0.4279 0.2172 
        H179  1 0.1655 0.1887 0.3294 0.3164 
        H181  1 0.3188 0.2585 0.1719 0.2508 
        H182  1 0.2638 0.3237 0.1272 0.2853 
        H183  1 0.3829 0.2567 0.1786 0.1818 
        H184  1 0.2006 0.2327 0.2991 0.2676 
        H185  1 0.2914 0.2615 0.1604 0.2867 
        H186  1 0.3181 0.1328 0.2794 0.2697 
        H187  1 0.2537 0.3138 0.2430 0.1895 
        H188  1 0.1858 0.1713 0.2595 0.3834 
        H192  1 0.2003 0.2070 0.3769 0.2158 
        H193  1 0.3115 0.2617 0.1475 0.2793 
        H194  1 0.1983 0.2553 0.2534 0.2930 
        H195  1 0.4428 0.1879 0.1840 0.1852 
        H199  1 0.3564 0.2436 0.1714 0.2285 
        H200  1 0.2260 0.2379 0.3011 0.2350 
        H414  1 0.2734 0.3482 0.1870 0.1913 
        H415  1 0.2276 0.3336 0.1755 0.2633 
        H422  1 0.2844 0.1909 0.2944 0.2303 
        H423  1 0.1774 0.1642 0.4994 0.1590 
        H424  1 0.3320 0.3157 0.1523 0.1999 
        H425  1 0.4096 0.2116 0.1627 0.2160 
        H426  1 0.4298 0.2324 0.1827 0.1551 
        H443  1 0.3451 0.1288 0.1606 0.3654 
        H466  1 0.2585 0.2397 0.2471 0.2546 
        H467  1 0.2169 0.1632 0.4311 0.1888 
        H472  1 0.2592 0.2402 0.2236 0.2770 
        H483  1 0.2447 0.1955 0.1578 0.4021 
        H504  1 0.3622 0.2768 0.1534 0.2077 
        H505  1 0.2265 0.2150 0.3027 0.2558 
        H506  1 0.2772 0.2055 0.2351 0.2822 
        H507  1 0.2885 0.3381 0.1089 0.2645 
        H508  1 0.2884 0.2582 0.2790 0.1744 
        H524  1 0.2463 0.3482 0.1498 0.2557 
        H525  1 0.2944 0.1894 0.1900 0.3262 
        H526  1 0.1979 0.1814 0.1629 0.4578 
        H527  1 0.2285 0.2100 0.3279 0.2336 
        H528  1 0.2968 0.2885 0.1486 0.2661 
        H529  1 0.3109 0.2967 0.1311 0.2613 
        H533  1 0.2092 0.5053 0.1111 0.1744 
        H538  1 0.2158 0.2206 0.2378 0.3259 
        H539  1 0.3110 0.2749 0.2285 0.1855 
        H540  1 0.2304 0.2720 0.2308 0.2668 
        H541  1 0.2088 0.2379 0.1896 0.3637 
        H558  1 0.3623 0.2860 0.1994 0.1524 
        H559  1 0.2333 0.1510 0.2184 0.3973 
        H579  1 0.3185 0.2079 0.1636 0.3100 
        H584  1 0.3663 0.2353 0.1823 0.2160 
        H585  1 0.2999 0.2943 0.1887 0.2170 
        H605  1 0.2251 0.2337 0.2929 0.2483 
        H606  1 0.1741 0.1447 0.3916 0.2896 
        H632  1 0.3581 0.1935 0.1615 0.2869 
        H634  1 0.2945 0.2514 0.2113 0.2428 
        H671  1 0.1998 0.1930 0.4083 0.1988 
        H672  1 0.2466 0.3267 0.2219 0.2048 
        H673  1 0.3058 0.1521 0.1806 0.3615 
        H689  1 0.2632 0.2140 0.1698 0.3530 
        H690  1 0.1753 0.2389 0.3038 0.2819 
        H691  1 0.1819 0.1842 0.1879 0.4460 
        H692  1 0.3254 0.3081 0.0986 0.2679 
        H709  1 0.2407 0.3230 0.2039 0.2324 
        H710  1 0.3351 0.2960 0.1264 0.2425 
       H7355  1 0.1820 0.2818 0.1377 0.3985 
       H7356  1 0.2983 0.2412 0.2322 0.2283 
       H7357  1 0.1968 0.2472 0.2667 0.2892 
       H7358  1 0.2660 0.2104 0.1603 0.3633 
       H7380  1 0.2568 0.2106 0.1887 0.3438 
       H7381  1 0.2873 0.1937 0.3189 0.2000 
       H7382  1 0.2641 0.2213 0.1873 0.3273 
        H904  1 0.1279 0.1174 0.5236 0.2311 
        H923  1 0.2648 0.2235 0.2718 0.2398 
        H924  1 0.2358 0.1901 0.2758 0.2984 
        H925  1 0.2090 0.1933 0.1654 0.4323 
       H9558  1 0.3777 0.2923 0.1827 0.1473 
        H008  2 0.2455 0.3103 0.1354 0.3088 
        H021  2 0.2077 0.1990 0.3181 0.2753 
        H023  2 0.1857 0.1951 0.2985 0.3208 
        H024  2 0.2993 0.4049 0.1321 0.1637 
        H025  2 0.2764 0.1821 0.3478 0.1937 
        H026  2 0.3866 0.2667 0.1470 0.1996 
        H027  2 0.2143 0.2759 0.1952 0.3147 
        H028  2 0.3119 0.2473 0.1777 0.2631 
        H029  2 0.2616 0.3049 0.1582 0.2753 
        H030  2 0.3738 0.3002 0.1385 0.1874 
        H038  2 0.2362 0.1832 0.3483 0.2322 
        H039  2 0.1253 0.1247 0.6293 0.1208 
        H040  2 0.2163 0.2849 0.3460 0.1528 
        H041  2 0.1953 0.2509 0.1866 0.3673 
        H042  2 0.2235 0.2275 0.2620 0.2870 
        H043  2 0.2365 0.1812 0.4511 0.1313 
        H044  2 0.2644 0.3907 0.1783 0.1666 
        H047  2 0.2814 0.2110 0.3343 0.1733 
        H050  2 0.2489 0.4289 0.1676 0.1546 
        H058  2 0.2540 0.2867 0.3016 0.1577 
        H062  2 0.2015 0.1471 0.2802 0.3713 
        H063  2 0.1961 0.2193 0.3798 0.2049 
        H065  2 0.3690 0.1503 0.2496 0.2311 
        H066  2 0.2932 0.3489 0.2111 0.1467 
        H067  2 0.2280 0.2080 0.1708 0.3933 
        H068  2 0.2140 0.2369 0.3592 0.1899 
        H069  2 0.3110 0.2908 0.2210 0.1772 
        H071  2 0.2114 0.2096 0.3219 0.2571 
        H072  2 0.1808 0.1923 0.4240 0.2029 
        H073  2 0.2843 0.2429 0.1768 0.2960 
        H081  2 0.1681 0.1944 0.2187 0.4189 
        H082  2 0.3139 0.3563 0.1374 0.1924 
        H083  2 0.3738 0.2395 0.1596 0.2270 
        H084  2 0.2220 0.3490 0.2571 0.1719 
        H085  2 0.1816 0.2147 0.1699 0.4337 
        H087  2 0.1677 0.1729 0.1914 0.4680 
        H088  2 0.1817 0.2242 0.3230 0.2711 
        H089  2 0.2247 0.2245 0.1703 0.3806 
        H090  2 0.2613 0.3668 0.1606 0.2113 
        H091  2 0.2280 0.3348 0.1316 0.3055 
        H098  2 0.2361 0.3611 0.1816 0.2212 
      H10001  2 0.1248 0.1175 0.6269 0.1308 
      H10002  2 0.1773 0.1772 0.3270 0.3185 
        H101  2 0.2306 0.4832 0.1590 0.1272 
        H108  2 0.1607 0.1365 0.3377 0.3652 
        H109  2 0.2232 0.3664 0.2684 0.1420 
        H110  2 0.1835 0.2431 0.1590 0.4145 
        H116  2 0.3300 0.2742 0.1834 0.2124 
        H117  2 0.1941 0.3523 0.1568 0.2968 
        H118  2 0.3119 0.2740 0.1170 0.2971 
        H119  2 0.2146 0.2152 0.2951 0.2752 
        H120  2 0.1505 0.1292 0.4485 0.2718 
        H121  2 0.2328 0.3109 0.1544 0.3019 
        H125  2 0.1330 0.1257 0.6039 0.1374 
        H126  2 0.3656 0.2095 0.2195 0.2055 
        H128  2 0.3583 0.3997 0.0877 0.1542 
        H129  2 0.4254 0.2240 0.1435 0.2072 
        H130  2 0.2667 0.1988 0.3827 0.1517 
        H133  2 0.1933 0.1741 0.4842 0.1484 
        H134  2 0.5282 0.1789 0.1332 0.1597 
        H135  2 0.2024 0.2219 0.2366 0.3390 
        H137  2 0.2265 0.3764 0.2092 0.1880 
        H138  2 0.3871 0.2398 0.1632 0.2100 
        H140  2 0.2385 0.2795 0.2349 0.2472 
        H146  2 0.2794 0.3334 0.1746 0.2127 
        H147  2 0.2080 0.2990 0.1702 0.3229 
        H148  2 0.1787 0.3059 0.1758 0.3396 
     H166022  2 0.2316 0.3872 0.1362 0.2451 
     H167359  2 0.2663 0.3107 0.2121 0.2109 
     H167397  2 0.2478 0.4598 0.0946 0.1977 
     H167428  2 0.2295 0.2060 0.0981 0.4665 
     H167496  2 0.1537 0.1857 0.3931 0.2675 
     H167513  2 0.2545 0.3660 0.2424 0.1370 
     H167545  2 0.3082 0.3207 0.1478 0.2233 
     H167547  2 0.3359 0.4007 0.1382 0.1252 
     H169621  2 0.2711 0.3451 0.1562 0.2275 
     H169622  2 0.2999 0.2301 0.1675 0.3024 
     H169750  2 0.3038 0.2359 0.3104 0.1500 
     H171806  2 0.2634 0.2375 0.2750 0.2241 
     H171808  2 0.2834 0.2298 0.2024 0.2844 
     H171809  2 0.2100 0.2065 0.2388 0.3447 
     H171813  2 0.2872 0.2241 0.2604 0.2283 
     H171815  2 0.1933 0.1577 0.4835 0.1654 
     H171824  2 0.1491 0.1609 0.3347 0.3553 
     H171825  2 0.2696 0.2298 0.1912 0.3094 
     H171826  2 0.2056 0.2244 0.2718 0.2982 
     H171827  2 0.2363 0.2467 0.2573 0.2597 
     H171828  2 0.1301 0.1266 0.4871 0.2562 
     H171829  2 0.3339 0.2459 0.2513 0.1689 
     H171830  2 0.2237 0.3620 0.2168 0.1975 
     H171831  2 0.3612 0.2702 0.1366 0.2320 
     H171832  2 0.3219 0.2405 0.2002 0.2374 
     H171863  2 0.3837 0.3225 0.1239 0.1699 
     H171864  2 0.2131 0.3405 0.2025 0.2440 
     H171865  2 0.2252 0.1905 0.4079 0.1763 
     H171879  2 0.2521 0.3304 0.2177 0.1998 
     H171880  2 0.2027 0.4523 0.1675 0.1775 
     H171881  2 0.2389 0.2450 0.1798 0.3363 
     H171882  2 0.1533 0.1422 0.5274 0.1771 
     H171929  2 0.2298 0.2689 0.1949 0.3063 
     H171930  2 0.2643 0.4423 0.1336 0.1598 
     H171933  2 0.2519 0.3177 0.1996 0.2308 
     H171934  2 0.1984 0.2269 0.1993 0.3754 
     H171937  2 0.3680 0.2761 0.1859 0.1699 
     H171962  2 0.2536 0.2105 0.1727 0.3632 
        H190  2 0.2657 0.2956 0.1764 0.2623 
        H191  2 0.2791 0.2361 0.2375 0.2472 
        H396  2 0.2010 0.1544 0.2152 0.4293 
        H397  2 0.2342 0.3452 0.1887 0.2319 
        H398  2 0.3143 0.1602 0.2548 0.2707 
        H400  2 0.2267 0.2282 0.2026 0.3426 
        H401  2 0.2882 0.4393 0.1061 0.1664 
        H402  2 0.2482 0.3515 0.1532 0.2471 
        H427  2 0.1970 0.1987 0.1913 0.4130 
        H428  2 0.2320 0.1996 0.1011 0.4674 
        H497  2 0.2403 0.2651 0.3372 0.1574 
        H512  2 0.2283 0.3305 0.2217 0.2195 
        H513  2 0.2591 0.3601 0.2419 0.1388 
        H514  2 0.3514 0.2375 0.2174 0.1937 
        H519  2 0.2490 0.3669 0.2350 0.1491 
        H532  2 0.2141 0.2090 0.1450 0.4319 
        H543  2 0.2199 0.3852 0.1505 0.2444 
        H544  2 0.3984 0.1870 0.2439 0.1706 
        H545  2 0.3352 0.3251 0.1405 0.1993 
        H546  2 0.2512 0.1738 0.3629 0.2121 
        H547  2 0.3272 0.4140 0.1354 0.1234 
        H548  2 0.2243 0.3001 0.1880 0.2876 
        H549  2 0.2955 0.3159 0.2345 0.1542 
        H620  2 0.1491 0.1376 0.5254 0.1879 
        H623  2 0.3385 0.3015 0.1854 0.1747 
        H624  2 0.3189 0.1743 0.3541 0.1527 
        H625  2 0.2443 0.2314 0.1745 0.3498 
        H626  2 0.2361 0.3372 0.2267 0.2000 
        H654  2 0.1494 0.1247 0.6002 0.1257 
        H655  2 0.2228 0.2526 0.3200 0.2046 
        H656  2 0.1676 0.1247 0.4601 0.2475 
        H666  2 0.1895 0.1700 0.5163 0.1242 
        H667  2 0.2259 0.1992 0.2006 0.3743 
        H677  2 0.2376 0.2390 0.1909 0.3325 
        H693  2 0.1574 0.1403 0.3461 0.3561 
        H694  2 0.2898 0.3461 0.1848 0.1792 
        H701  2 0.2272 0.3946 0.1642 0.2140 
        H702  2 0.2147 0.3073 0.2535 0.2245 
        H731  2 0.2082 0.1926 0.2986 0.3005 
       H7359  2 0.2615 0.3092 0.2149 0.2144 
       H7389  2 0.2798 0.2447 0.1973 0.2782 
       H7390  2 0.1847 0.2204 0.4264 0.1686 
       H7391  2 0.1575 0.1950 0.1569 0.4907 
       H7392  2 0.3003 0.1871 0.2616 0.2510 
       H7393  2 0.2107 0.2753 0.3104 0.2035 
       H7398  2 0.1877 0.2628 0.2037 0.3459 
       H7399  2 0.2608 0.2338 0.1552 0.3502 
       H7400  2 0.1558 0.1366 0.5548 0.1528 
        H745  2 0.4567 0.2152 0.1581 0.1701 
        H746  2 0.2878 0.2261 0.1564 0.3298 
        H747  2 0.1958 0.2824 0.3598 0.1620 
        H748  2 0.2377 0.3313 0.2388 0.1922 
       H7484  2 0.1797 0.1915 0.4482 0.1805 
       H7485  2 0.3345 0.2645 0.2089 0.1921 
        H749  2 0.3111 0.2639 0.1647 0.2603 
        H930  2 0.2349 0.4639 0.1391 0.1621 
        H931  2 0.2436 0.2216 0.2091 0.3257 
        H932  2 0.2529 0.2716 0.2449 0.2306 
        H111  3 0.3353 0.3465 0.1639 0.1544 
        H951  3 0.2922 0.3152 0.1566 0.2361 
        H952  3 0.3123 0.2584 0.2235 0.2058 
        H953  3 0.2242 0.2235 0.1472 0.4051 
        H954  3 0.1916 0.2187 0.4149 0.1747 
        H955  3 0.2890 0.3750 0.1504 0.1855 
        H956  3 0.2062 0.3301 0.2474 0.2163 
       H9563  3 0.1870 0.2625 0.2659 0.2846 
        H002  4 0.2652 0.1501 0.3989 0.1859 
        H003  4 0.2608 0.1843 0.1490 0.4058 
        H009  4 0.3825 0.2292 0.1905 0.1978 
        H010  4 0.2404 0.2315 0.2051 0.3230 
        H011  4 0.1645 0.1368 0.4209 0.2778 
        H012  4 0.1983 0.2891 0.1568 0.3558 
        H013  4 0.2028 0.1902 0.2630 0.3439 
        H014  4 0.2764 0.2340 0.2477 0.2419 
        H045  4 0.1850 0.2088 0.2633 0.3429 
        H046  4 0.3206 0.2009 0.1515 0.3270 
        H051  4 0.1804 0.1872 0.3059 0.3265 
        H052  4 0.2861 0.1912 0.3361 0.1866 
        H053  4 0.2271 0.2563 0.3014 0.2152 
        H056  4 0.2430 0.1951 0.3774 0.1845 
        H076  4 0.3198 0.2264 0.1554 0.2985 
        H151  4 0.2074 0.1349 0.4958 0.1619 
        H152  4 0.2644 0.1487 0.3714 0.2156 
     H171803  4 0.1985 0.2140 0.3625 0.2249 
     H171804  4 0.1976 0.2894 0.3027 0.2103 
     H171833  4 0.4128 0.2315 0.1673 0.1885 
     H171855  4 0.2370 0.1664 0.4539 0.1427 
     H171856  4 0.2324 0.3433 0.2548 0.1695 
     H171857  4 0.2478 0.2057 0.3738 0.1728 
     H171858  4 0.2744 0.2267 0.2450 0.2539 
     H171859  4 0.2715 0.2098 0.2613 0.2573 
     H171961  4 0.2133 0.1880 0.3186 0.2801 
        H198  4 0.2849 0.2572 0.1251 0.3328 
      H20001  4 0.4004 0.2569 0.1832 0.1594 
        H403  4 0.2783 0.2355 0.2950 0.1913 
        H404  4 0.2304 0.2217 0.1661 0.3818 
        H405  4 0.2747 0.2875 0.1553 0.2826 
        H406  4 0.3435 0.3262 0.2171 0.1132 
        H407  4 0.2273 0.2678 0.2657 0.2392 
        H410  4 0.2526 0.3391 0.1383 0.2700 
        H411  4 0.3358 0.3029 0.1940 0.1673 
        H468  4 0.3229 0.3207 0.2311 0.1253 
        H476  4 0.2346 0.3575 0.2653 0.1426 
        H477  4 0.3914 0.2825 0.1589 0.1672 
        H478  4 0.2488 0.2376 0.1786 0.3351 
        H479  4 0.2149 0.2078 0.2958 0.2815 
        H480  4 0.2826 0.3912 0.1539 0.1723 
        H498  4 0.2809 0.2198 0.2320 0.2672 
        H499  4 0.2542 0.2239 0.2531 0.2689 
        H500  4 0.1767 0.2096 0.4097 0.2040 
        H515  4 0.2060 0.2653 0.3139 0.2148 
        H516  4 0.2650 0.2921 0.2708 0.1721 
        H517  4 0.2646 0.3008 0.2085 0.2260 
        H518  4 0.2849 0.2399 0.3167 0.1585 
        H520  4 0.2381 0.2338 0.3591 0.1690 
        H521  4 0.2485 0.2273 0.2013 0.3230 
        H522  4 0.2432 0.2866 0.2686 0.2016 
        H523  4 0.2210 0.3236 0.2628 0.1927 
        H536  4 0.2770 0.1833 0.1986 0.3411 
        H645  4 0.1609 0.1441 0.2380 0.4571 
        H646  4 0.2884 0.3865 0.1475 0.1776 
        H647  4 0.3118 0.2778 0.2160 0.1944 
        H657  4 0.2719 0.3305 0.1537 0.2438 
        H658  4 0.2154 0.3526 0.2355 0.1964 
        H659  4 0.1592 0.1546 0.5519 0.1344 
        H660  4 0.2452 0.2497 0.2919 0.2132 
        H661  4 0.2616 0.1841 0.3755 0.1788 
        H668  4 0.2134 0.2433 0.1633 0.3800 
        H669  4 0.2020 0.2541 0.2635 0.2805 
        H670  4 0.1539 0.1450 0.2416 0.4594 
        H678  4 0.2400 0.3369 0.2227 0.2004 
        H679  4 0.2345 0.4100 0.1568 0.1986 
        H680  4 0.3383 0.2204 0.2368 0.2045 
        H681  4 0.2064 0.1939 0.2839 0.3159 
        H682  4 0.1924 0.4038 0.1696 0.2342 
        H683  4 0.2887 0.2203 0.3551 0.1359 
        H718  4 0.2010 0.1763 0.4233 0.1993 
        H719  4 0.2035 0.2221 0.2547 0.3197 
        H720  4 0.2914 0.1768 0.3181 0.2137 
        H721  4 0.3231 0.2040 0.2811 0.1917 
        H722  4 0.3614 0.1694 0.3204 0.1489 
        H723  4 0.1711 0.2060 0.3480 0.2749 
        H724  4 0.1726 0.1820 0.4844 0.1610 
        H725  4 0.2133 0.1776 0.4597 0.1494 
        H726  4 0.2007 0.2181 0.3823 0.1988 
        H727  4 0.1873 0.2023 0.3241 0.2864 
        H910  4 0.1912 0.2658 0.2827 0.2603 
        H911  4 0.2913 0.3254 0.1852 0.1982 
        H912  4 0.2745 0.2667 0.2873 0.1716 
        H913  4 0.2237 0.2752 0.3106 0.1906 
        H914  4 0.1548 0.1982 0.3453 0.3017 
        H915  4 0.2140 0.3548 0.2575 0.1737 
        H916  4 0.2747 0.3589 0.2169 0.1495 
       H9572  4 0.2542 0.2303 0.3023 0.2132 
        H015  5 0.3268 0.3146 0.1703 0.1883 
        H016  5 0.3800 0.2388 0.1740 0.2072 
        H017  5 0.2797 0.2940 0.2629 0.1634 
        H019  5 0.3108 0.2365 0.2136 0.2391 
        H020  5 0.2348 0.1991 0.2876 0.2786 
        H032  5 0.2386 0.2813 0.2886 0.1915 
        H033  5 0.2130 0.3041 0.1765 0.3064 
        H034  5 0.1762 0.1900 0.3436 0.2903 
        H035  5 0.2635 0.2977 0.2327 0.2061 
        H036  5 0.2754 0.3354 0.1753 0.2139 
        H037  5 0.2125 0.2369 0.3168 0.2338 
        H048  5 0.1767 0.1752 0.3641 0.2840 
        H049  5 0.3286 0.2411 0.2318 0.1985 
        H054  5 0.2819 0.2201 0.2389 0.2591 
        H055  5 0.2186 0.1454 0.3040 0.3320 
        H057  5 0.3945 0.1851 0.2394 0.1809 
        H060  5 0.2663 0.1615 0.3070 0.2652 
        H061  5 0.2353 0.2392 0.1870 0.3385 
        H064  5 0.2404 0.1652 0.3034 0.2910 
        H070  5 0.1793 0.2219 0.2864 0.3124 
        H077  5 0.1939 0.2078 0.4311 0.1672 
        H078  5 0.2678 0.2237 0.3626 0.1460 
        H079  5 0.2269 0.3101 0.1422 0.3207 
        H097  5 0.3542 0.2249 0.2914 0.1295 
        H107  5 0.1442 0.1273 0.4862 0.2424 
        H122  5 0.2936 0.2881 0.2132 0.2051 
        H123  5 0.2773 0.3662 0.1602 0.1964 
        H124  5 0.2588 0.3051 0.1534 0.2827 
        H131  5 0.2287 0.3408 0.1790 0.2514 
        H132  5 0.2114 0.2180 0.2718 0.2988 
        H141  5 0.2223 0.2197 0.3082 0.2498 
        H142  5 0.2604 0.3111 0.1409 0.2876 
        H157  5 0.1971 0.1913 0.3698 0.2418 
        H158  5 0.3765 0.3053 0.1575 0.1608 
        H159  5 0.2990 0.3207 0.1534 0.2269 
        H160  5 0.2830 0.2870 0.2395 0.1906 
        H163  5 0.2436 0.3424 0.1789 0.2351 
        H164  5 0.2863 0.2320 0.1960 0.2857 
        H165  5 0.2194 0.2342 0.1467 0.3996 
        H166  5 0.2858 0.2564 0.1871 0.2707 
        H169  5 0.2480 0.2104 0.2173 0.3243 
     H169613  5 0.2505 0.2574 0.2545 0.2376 
     H169653  5 0.2803 0.2683 0.1775 0.2739 
     H169728  5 0.2619 0.3633 0.1875 0.1873 
     H169742  5 0.1888 0.1506 0.2306 0.4300 
        H170  5 0.3817 0.2007 0.2093 0.2083 
        H171  5 0.3917 0.2257 0.2020 0.1806 
     H171851  5 0.3030 0.2307 0.2359 0.2303 
     H171852  5 0.2585 0.1877 0.3603 0.1935 
     H171853  5 0.2006 0.2627 0.2954 0.2414 
     H171854  5 0.2719 0.3026 0.2368 0.1887 
     H171938  5 0.1784 0.2168 0.2133 0.3915 
     H171939  5 0.3527 0.2094 0.1715 0.2664 
     H171941  5 0.1743 0.1355 0.3862 0.3040 
     H171965  5 0.2971 0.2369 0.1668 0.2992 
     H171970  5 0.1640 0.1502 0.4719 0.2139 
     H171973  5 0.2184 0.2536 0.1551 0.3730 
     H171974  5 0.1929 0.2225 0.2348 0.3497 
     H171975  5 0.2210 0.1903 0.2746 0.3140 
     H171976  5 0.3713 0.2245 0.2432 0.1609 
        H175  5 0.2012 0.1899 0.3369 0.2719 
        H178  5 0.2300 0.1923 0.2658 0.3119 
        H189  5 0.3028 0.3133 0.1429 0.2410 
        H399  5 0.4010 0.2404 0.2176 0.1410 
        H416  5 0.2263 0.2270 0.2524 0.2943 
        H438  5 0.1954 0.3007 0.2185 0.2853 
        H450  5 0.2106 0.1565 0.3932 0.2397 
        H455  5 0.1597 0.1309 0.4151 0.2942 
        H456  5 0.2044 0.2079 0.2251 0.3625 
        H457  5 0.2659 0.1870 0.3665 0.1807 
        H458  5 0.2037 0.1967 0.3021 0.2975 
        H459  5 0.2664 0.3451 0.1439 0.2446 
        H460  5 0.2315 0.3060 0.2670 0.1955 
        H461  5 0.3312 0.2772 0.2249 0.1667 
        H462  5 0.2133 0.3583 0.1631 0.2652 
        H469  5 0.2184 0.3789 0.1596 0.2431 
        H470  5 0.2416 0.2495 0.2907 0.2182 
        H471  5 0.3530 0.3637 0.1456 0.1377 
        H481  5 0.1696 0.1775 0.4665 0.1864 
        H482  5 0.2266 0.2174 0.3249 0.2311 
        H501  5 0.2279 0.2536 0.2580 0.2605 
        H502  5 0.3128 0.2955 0.1556 0.2361 
        H503  5 0.3042 0.2811 0.1946 0.2201 
        H509  5 0.1961 0.2353 0.3534 0.2151 
        H510  5 0.2593 0.1967 0.2209 0.3231 
        H511  5 0.2865 0.2520 0.1840 0.2775 
        H530  5 0.1933 0.2084 0.2739 0.3244 
        H531  5 0.2253 0.2205 0.3862 0.1680 
        H564  5 0.2535 0.1801 0.3049 0.2616 
        H565  5 0.2100 0.1677 0.4262 0.1960 
        H567  5 0.2517 0.3889 0.1311 0.2283 
     H568???  5 0.3447 0.2721 0.1735 0.2098 
        H608  5 0.1997 0.1731 0.3835 0.2438 
        H609  5 0.1890 0.1862 0.1952 0.4295 
        H612  5 0.1533 0.1632 0.4164 0.2671 
        H614  5 0.2280 0.1681 0.4271 0.1768 
        H615  5 0.2560 0.2308 0.3432 0.1700 
        H616  5 0.1339 0.1379 0.4866 0.2416 
        H617  5 0.2270 0.3504 0.1437 0.2789 
        H618  5 0.1932 0.1815 0.3713 0.2540 
        H619  5 0.1859 0.1381 0.1757 0.5004 
        H635  5 0.2440 0.2478 0.2340 0.2743 
        H636  5 0.1685 0.2259 0.1658 0.4397 
        H637  5 0.2236 0.1840 0.2742 0.3182 
        H644  5 0.4347 0.2967 0.1077 0.1608 
        H711  5 0.3729 0.2048 0.2230 0.1993 
        H712  5 0.1802 0.1690 0.2708 0.3799 
       H7360  5 0.2900 0.2206 0.2703 0.2191 
       H7361  5 0.2227 0.1949 0.3505 0.2320 
       H7362  5 0.4096 0.2874 0.1204 0.1826 
       H7363  5 0.2449 0.2414 0.3088 0.2049 
       H7394  5 0.2461 0.3776 0.1646 0.2117 
       H7395  5 0.2257 0.1975 0.2277 0.3490 
       H7396  5 0.2315 0.3065 0.2127 0.2493 
        H742  5 0.1733 0.1532 0.2313 0.4423 
        H743  5 0.2585 0.1874 0.2652 0.2889 
        H744  5 0.1782 0.1845 0.4214 0.2159 
        H957  5 0.3095 0.2563 0.2371 0.1971 
        H958  5 0.2308 0.3874 0.1754 0.2063 
        H959  5 0.1684 0.1510 0.3660 0.3146 
        H960  5 0.2099 0.2697 0.2204 0.3000 
      H_PALI  6 0.2664 0.2731 0.2274 0.2331 
        H581  6 0.2544 0.2371 0.3068 0.2017 
        H582  6 0.2188 0.1618 0.4506 0.1688 
        H583  6 0.2540 0.2303 0.2784 0.2373 
        H595  6 0.2626 0.4506 0.1270 0.1598 
        H596  6 0.2476 0.4052 0.1382 0.2089 
        H597  6 0.3439 0.2603 0.1538 0.2420 
        H598  6 0.2125 0.2733 0.2561 0.2581 
        H599  6 0.1980 0.1873 0.3216 0.2932 
        H642  6 0.3211 0.3491 0.1921 0.1377 
        H643  6 0.2162 0.2898 0.2323 0.2617 
        H664  6 0.2513 0.2192 0.4073 0.1222 
        H665  6 0.1786 0.2204 0.2041 0.3970 
        H674  6 0.4328 0.2504 0.1316 0.1852 
        H675  6 0.2781 0.2133 0.3049 0.2038 
        H676  6 0.2666 0.3752 0.1849 0.1734 
        H686  6 0.2769 0.2616 0.2083 0.2533 
        H687  6 0.2575 0.3213 0.2440 0.1772 
        H917  6 0.2166 0.3735 0.1389 0.2710 
        H918  6 0.2179 0.1677 0.1767 0.4377 
        H919  6 0.1609 0.1847 0.3860 0.2683 
        H920  6 0.2389 0.2175 0.3400 0.2037 
        H631  7 0.2209 0.1801 0.3256 0.2733 
        H684  7 0.4028 0.2037 0.1549 0.2386 
        H685  7 0.1854 0.3162 0.3781 0.1203 
        H713  7 0.1868 0.1964 0.4321 0.1848 
        H715  7 0.3503 0.2259 0.1857 0.2380 
        H716  7 0.2377 0.1307 0.2632 0.3684 
        H717  7 0.2505 0.2055 0.2735 0.2705 
        H729  7 0.2169 0.3363 0.1307 0.3161 
        H730  7 0.1938 0.2174 0.2162 0.3725 
        H431  8 0.1953 0.2387 0.3405 0.2255 
        H432  8 0.3763 0.2545 0.1397 0.2295 
        H433  8 0.2122 0.3346 0.1829 0.2703 
        H434  8 0.2518 0.3060 0.1924 0.2499 
        H444  8 0.2207 0.2249 0.1922 0.3622 
        H454  8 0.1692 0.1724 0.4005 0.2579 
        H475  8 0.1779 0.1781 0.4741 0.1699 
        H491  8 0.2347 0.1591 0.3111 0.2950 
        H492  8 0.2072 0.2638 0.3312 0.1979 
        H493  8 0.3052 0.2521 0.2224 0.2204 
        H494  8 0.2219 0.2783 0.2457 0.2541 
        H495  8 0.2600 0.1610 0.4246 0.1544 
        H662  8 0.3562 0.2231 0.2094 0.2113 
        H663  8 0.2392 0.2490 0.2552 0.2566 
        H695  8 0.2058 0.2479 0.2666 0.2798 
       H7367  8 0.2301 0.4080 0.1359 0.2261 
       H7368  8 0.3066 0.2469 0.1808 0.2657 
       H7369  8 0.1917 0.1909 0.2062 0.4112 
       H7370  8 0.2004 0.5339 0.1138 0.1519 
       H7371  8 0.2158 0.3151 0.1816 0.2875 
        H600  9 0.2062 0.1995 0.3620 0.2322 
        H648  9 0.2983 0.2512 0.2475 0.2031 
        H696  9 0.3873 0.3388 0.1225 0.1514 
        H697  9 0.2451 0.2443 0.2098 0.3007 
        H698  9 0.2900 0.2998 0.1878 0.2223 
        H699  9 0.2501 0.2797 0.2457 0.2245 
        H700  9 0.1883 0.1890 0.3263 0.2963 
        H732  9 0.2389 0.1766 0.4209 0.1637 
        H733  9 0.2317 0.3727 0.1600 0.2356 
        H734  9 0.3116 0.3836 0.1433 0.1616 
        H735  9 0.2592 0.3586 0.1941 0.1881 
        H736  9 0.2519 0.2414 0.2733 0.2334 
        H737  9 0.2085 0.1937 0.2745 0.3233 
        H905  9 0.1838 0.1724 0.3130 0.3308 
        H921  9 0.1907 0.2106 0.2781 0.3206 
        H922  9 0.2465 0.3768 0.1219 0.2548 
     H169705 10 0.1943 0.4471 0.1836 0.1750 
     H171942 10 0.3742 0.2530 0.1408 0.2320 
     H171943 10 0.2738 0.3103 0.2008 0.2151 
     H171944 10 0.2118 0.3425 0.2175 0.2282 
     H171946 10 0.2715 0.2176 0.3629 0.1480 
     H171947 10 0.2626 0.2662 0.1996 0.2716 
     H229641 10 0.2477 0.3174 0.2638 0.1711 
      H30001 10 0.2154 0.2816 0.2639 0.2391 
      H30002 10 0.2140 0.2396 0.2334 0.3129 
      H30005 10 0.2466 0.3526 0.1954 0.2055 
      H30006 10 0.2834 0.3647 0.1765 0.1754 
      H30007 10 0.4542 0.1904 0.1265 0.2289 
        H451 10 0.2612 0.2941 0.1674 0.2773 
        H452 10 0.2791 0.3286 0.2140 0.1783 
        H453 10 0.2356 0.1449 0.4209 0.1987 
        H473 10 0.2262 0.1759 0.2991 0.2989 
        H474 10 0.1989 0.2006 0.4825 0.1180 
        H486 10 0.2352 0.2442 0.2985 0.2222 
        H487 10 0.2180 0.2326 0.3301 0.2194 
        H488 10 0.1803 0.1966 0.2470 0.3761 
        H489 10 0.1848 0.2450 0.4002 0.1700 
        H550 10 0.3642 0.2874 0.1805 0.1679 
        H551 10 0.2009 0.2920 0.2426 0.2646 
        H553 10 0.2376 0.2396 0.3597 0.1631 
        H554 10 0.3082 0.2263 0.1975 0.2680 
        H556 10 0.3069 0.2560 0.2569 0.1802 
        H580 10 0.2486 0.2796 0.1824 0.2894 
        H591 10 0.1574 0.1639 0.4726 0.2061 
        H592 10 0.2150 0.3030 0.3001 0.1818 
        H593 10 0.2913 0.2273 0.2197 0.2617 
        H594 10 0.3484 0.3040 0.1191 0.2284 
        H627 10 0.2760 0.3054 0.2553 0.1632 
        H628 10 0.2221 0.1729 0.1124 0.4926 
        H629 10 0.3267 0.2533 0.2579 0.1620 
        H630 10 0.2440 0.3446 0.2630 0.1483 
        H638 10 0.2383 0.4020 0.1903 0.1695 
        H639 10 0.2511 0.2039 0.3960 0.1490 
        H640 10 0.2839 0.3435 0.1830 0.1895 
        H704 10 0.3357 0.2289 0.1691 0.2662 
        H705 10 0.1885 0.4502 0.1816 0.1797 
        H706 10 0.1772 0.1868 0.3020 0.3340 
        H708 10 0.1960 0.1807 0.4403 0.1829 
       H7351 10 0.3058 0.2369 0.2126 0.2447 
       H7352 10 0.2393 0.2506 0.2643 0.2459 
       H7353 10 0.4315 0.2220 0.1654 0.1811 
       H7354 10 0.1973 0.1546 0.3055 0.3426 
       H7365 10 0.1823 0.1965 0.4263 0.1949 
       H7383 10 0.1793 0.2376 0.2843 0.2988 
       H7384 10 0.1969 0.2223 0.2863 0.2945 
       H7385 10 0.1823 0.2311 0.3459 0.2407 
       H7386 10 0.2247 0.2408 0.2026 0.3319 
       H7387 10 0.2387 0.2722 0.2042 0.2849 
       H7388 10 0.2287 0.2806 0.2238 0.2669 
        H906 10 0.2851 0.1349 0.3239 0.2560 
        H907 10 0.2649 0.4123 0.1619 0.1610 
        H908 10 0.2298 0.2719 0.2494 0.2489 
        H909 10 0.1886 0.1582 0.2312 0.4220 
       H9552 10 0.2835 0.2403 0.2259 0.2502 
       H9553 10 0.2504 0.2656 0.2909 0.1932 
       H9555 10 0.2157 0.3511 0.1765 0.2568 
       H9575 10 0.2460 0.1838 0.3847 0.1855 
       H9703 10 0.1851 0.1870 0.4478 0.1802 
       H9707 10 0.2184 0.2395 0.3604 0.1817 
       HSAA4 10 0.2443 0.2696 0.1882 0.2979 
        H001 11 0.2257 0.1709 0.2559 0.3475 
        H004 11 0.2568 0.2700 0.2120 0.2612 
        H005 11 0.1530 0.1451 0.4264 0.2754 
        H006 11 0.2153 0.2758 0.2363 0.2725 
        H007 11 0.1634 0.1556 0.3281 0.3529 
        H031 11 0.1424 0.2015 0.4710 0.1850 
        H074 11 0.2057 0.2627 0.3764 0.1551 
        H075 11 0.1685 0.1620 0.3675 0.3019 
        H080 11 0.1918 0.2211 0.3741 0.2131 
        H086 11 0.2443 0.2813 0.2379 0.2365 
        H092 11 0.1995 0.2820 0.3079 0.2107 
        H093 11 0.3864 0.2375 0.1345 0.2416 
        H094 11 0.2585 0.3982 0.1896 0.1537 
        H095 11 0.2005 0.1713 0.3412 0.2871 
        H096 11 0.1839 0.1717 0.2738 0.3706 
        H099 11 0.2117 0.2558 0.3060 0.2265 
        H100 11 0.2757 0.2243 0.1330 0.3670 
        H127 11 0.2213 0.2362 0.2865 0.2560 
        H136 11 0.2037 0.1790 0.4382 0.1791 
        H153 11 0.2601 0.2903 0.2241 0.2255 
        H154 11 0.2059 0.2198 0.4070 0.1672 
        H155 11 0.2142 0.2343 0.1290 0.4226 
        H156 11 0.2298 0.2843 0.1094 0.3765 
        H161 11 0.3257 0.2012 0.2140 0.2590 
        H162 11 0.2537 0.4112 0.1502 0.1850 
        H167 11 0.2382 0.2460 0.1830 0.3328 
        H168 11 0.2526 0.2589 0.2062 0.2823 
     H169586 11 0.3469 0.1727 0.3428 0.1377 
     H169738 11 0.2099 0.2840 0.1500 0.3561 
     H169741 11 0.2123 0.2631 0.3524 0.1722 
     H171801 11 0.3479 0.2520 0.1777 0.2223 
     H171810 11 0.2227 0.2420 0.3372 0.1981 
     H171811 11 0.2306 0.2095 0.4038 0.1561 
     H171812 11 0.1848 0.1448 0.2165 0.4539 
     H171820 11 0.2081 0.2077 0.3902 0.1940 
     H171821 11 0.2362 0.2999 0.1846 0.2794 
     H171822 11 0.2454 0.3239 0.2081 0.2226 
     H171823 11 0.2850 0.1528 0.4070 0.1553 
     H171866 11 0.3195 0.2553 0.1754 0.2498 
     H171867 11 0.1970 0.3363 0.1686 0.2981 
     H171967 11 0.1777 0.1777 0.3360 0.3086 
     H171969 11 0.2488 0.2230 0.2414 0.2869 
        H172 11 0.2342 0.2578 0.2109 0.2970 
        H173 11 0.1934 0.2874 0.2011 0.3180 
        H174 11 0.3327 0.3669 0.1393 0.1611 
        H196 11 0.2397 0.3087 0.1573 0.2943 
        H197 11 0.2218 0.3078 0.1772 0.2932 
        H346 11 0.1884 0.1883 0.2528 0.3705 
        H355 11 0.2202 0.1824 0.2844 0.3130 
        H356 11 0.2274 0.2351 0.2554 0.2821 
        H357 11 0.1881 0.2404 0.3416 0.2298 
        H358 11 0.1753 0.2359 0.2153 0.3736 
        H359 11 0.2637 0.2682 0.2531 0.2150 
        H360 11 0.2027 0.2659 0.2373 0.2941 
        H361 11 0.2205 0.2388 0.1920 0.3488 
        H362 11 0.2497 0.4294 0.1253 0.1956 
        H363 11 0.1762 0.2046 0.3891 0.2301 
        H364 11 0.2780 0.1847 0.2416 0.2958 
        H365 11 0.2448 0.2055 0.1871 0.3627 
        H366 11 0.2466 0.2417 0.1694 0.3424 
        H367 11 0.1958 0.2094 0.4299 0.1648 
        H368 11 0.3431 0.3264 0.1597 0.1708 
        H369 11 0.1561 0.2007 0.4210 0.2222 
        H370 11 0.2455 0.3023 0.1830 0.2692 
        H371 11 0.2458 0.3366 0.2264 0.1912 
        H372 11 0.2416 0.2374 0.2026 0.3183 
        H373 11 0.2231 0.2394 0.2575 0.2800 
        H374 11 0.1932 0.1689 0.2868 0.3511 
        H375 11 0.2112 0.2114 0.2774 0.2999 
        H376 11 0.3208 0.2348 0.1714 0.2731 
        H377 11 0.2057 0.2808 0.2637 0.2499 
        H378 11 0.2578 0.2249 0.2987 0.2187 
        H379 11 0.2447 0.3389 0.2248 0.1916 
        H380 11 0.2080 0.2495 0.1478 0.3947 
        H381 11 0.2387 0.2150 0.3855 0.1608 
        H382 11 0.2900 0.3562 0.1151 0.2387 
        H383 11 0.2930 0.1946 0.1465 0.3659 
        H384 11 0.2290 0.2122 0.3313 0.2275 
        H385 11 0.2019 0.3009 0.3131 0.1841 
        H386 11 0.1802 0.2029 0.1723 0.4446 
        H387 11 0.4129 0.1649 0.2343 0.1880 
        H388 11 0.2566 0.2525 0.1311 0.3599 
        H389 11 0.1922 0.2420 0.2359 0.3298 
        H390 11 0.2441 0.2943 0.1994 0.2622 
        H391 11 0.3393 0.2897 0.1743 0.1968 
        H392 11 0.1608 0.1511 0.3624 0.3256 
        H393 11 0.3233 0.2075 0.1464 0.3227 
        H394 11 0.4391 0.2332 0.1574 0.1704 
        H395 11 0.1874 0.1837 0.3736 0.2553 
        H408 11 0.1702 0.1713 0.2381 0.4204 
        H412 11 0.2593 0.1980 0.4497 0.0930 
        H417 11 0.2146 0.2299 0.3041 0.2513 
        H418 11 0.2875 0.2518 0.2914 0.1693 
        H429 11 0.2509 0.1896 0.1911 0.3684 
        H430 11 0.2430 0.2920 0.1582 0.3068 
        H439 11 0.2008 0.2827 0.2553 0.2612 
        H440 11 0.1859 0.1557 0.4208 0.2377 
        H441 11 0.2410 0.3626 0.1728 0.2237 
        H442 11 0.2529 0.2316 0.1831 0.3324 
        H446 11 0.2951 0.2484 0.2366 0.2198 
        H447 11 0.2027 0.3068 0.1569 0.3336 
        H448 11 0.2047 0.2683 0.1887 0.3382 
        H534 11 0.2117 0.1395 0.4670 0.1818 
        H537 11 0.2455 0.1726 0.4008 0.1811 
        H568 11 0.1617 0.1900 0.5140 0.1344 
        H569 11 0.2237 0.4170 0.1089 0.2503 
        H586 11 0.3669 0.1649 0.3382 0.1300 
        H587 11 0.1653 0.1686 0.4734 0.1926 
        H588 11 0.3818 0.2313 0.1507 0.2362 
        H589 11 0.1779 0.1467 0.4263 0.2491 
        H590 11 0.2275 0.1587 0.3577 0.2561 
        H601 11 0.2702 0.3288 0.1408 0.2602 
        H602 11 0.2089 0.2662 0.3060 0.2189 
        H603 11 0.1999 0.2972 0.1632 0.3397 
        H610 11 0.2115 0.2964 0.2861 0.2060 
        H611 11 0.1881 0.3547 0.3117 0.1456 
        H649 11 0.2510 0.2416 0.2345 0.2729 
        H650 11 0.2553 0.4269 0.1668 0.1509 
        H651 11 0.1853 0.2412 0.2015 0.3720 
        H652 11 0.2948 0.2495 0.2592 0.1965 
       H7364 11 0.2376 0.2673 0.1865 0.3086 
       H7366 11 0.1912 0.2331 0.2564 0.3193 
       H7378 11 0.4340 0.3366 0.1002 0.1293 
       H7379 11 0.2449 0.2792 0.2399 0.2359 
        H739 11 0.2027 0.2516 0.3621 0.1836 
        H740 11 0.2769 0.3366 0.1994 0.1871 
        H741 11 0.1952 0.2689 0.3599 0.1760 
        H926 11 0.2592 0.3466 0.2038 0.1904 
        H927 11 0.2252 0.3799 0.1664 0.2286 
        H928 11 0.2146 0.3943 0.2424 0.1487 
       H9560 11 0.2788 0.3461 0.2106 0.1644 
        H409 12 0.2368 0.2821 0.1597 0.3214 
        H413 12 0.4379 0.2468 0.1512 0.1641 
        H419 12 0.2215 0.2302 0.1995 0.3488 
        H420 12 0.2319 0.2022 0.2998 0.2661 
        H421 12 0.3310 0.2413 0.1273 0.3003 
        H435 12 0.3157 0.2371 0.1648 0.2824 
        H436 12 0.1916 0.2146 0.2243 0.3695 
        H437 12 0.2291 0.1746 0.3950 0.2012 
        H445 12 0.2065 0.2024 0.1533 0.4378 
        H449 12 0.3234 0.2674 0.1994 0.2099 
        H463 12 0.2253 0.2115 0.3359 0.2273 
        H464 12 0.3496 0.2782 0.1495 0.2227 
        H465 12 0.4040 0.2352 0.2297 0.1311 
        H490 12 0.3619 0.2940 0.1504 0.1937 
        H561 12 0.2576 0.3025 0.2292 0.2106 
        H562 12 0.1806 0.1943 0.2062 0.4189 
        H563 12 0.1886 0.2686 0.2666 0.2762 
        H570 12 0.1758 0.1923 0.3327 0.2993 
        H571 12 0.3238 0.2564 0.2497 0.1701 
        H572 12 0.2455 0.2294 0.2998 0.2253 
        H573 12 0.2329 0.2587 0.1453 0.3631 
       H7372 12 0.2233 0.2706 0.1091 0.3970 
       H7373 12 0.4595 0.2202 0.1560 0.1642 
       H7374 12 0.2133 0.1405 0.3078 0.3383 
       H7375 12 0.2099 0.1932 0.3166 0.2803 
       H7376 12 0.1853 0.1993 0.1261 0.4893 
       H7377 12 0.2049 0.2819 0.3462 0.1670 
