        H102  1 0.1238 0.1093 0.3071 0.1172 0.0936 0.2490 
        H103  1 0.2195 0.0900 0.2366 0.2063 0.1599 0.0878 
        H104  1 0.1148 0.2269 0.1358 0.1128 0.2174 0.1923 
        H105  1 0.1579 0.1244 0.1889 0.1573 0.1323 0.2392 
        H106  1 0.1815 0.2024 0.1669 0.1599 0.1360 0.1533 
        H112  1 0.1522 0.1740 0.1697 0.1248 0.1354 0.2439 
        H113  1 0.1592 0.1164 0.1283 0.1224 0.2941 0.1797 
        H114  1 0.1914 0.0851 0.1632 0.1371 0.2475 0.1757 
        H115  1 0.1040 0.1185 0.2278 0.0961 0.1828 0.2708 
        H143  1 0.1553 0.0949 0.2118 0.1828 0.1190 0.2362 
        H144  1 0.1533 0.0668 0.1567 0.3622 0.0993 0.1617 
        H145  1 0.1483 0.0724 0.2824 0.2116 0.1477 0.1377 
        H149  1 0.1228 0.2688 0.1487 0.1426 0.1218 0.1953 
        H150  1 0.1173 0.1273 0.1579 0.2396 0.2022 0.1556 
     H167542  1 0.1400 0.0891 0.2113 0.1119 0.1748 0.2730 
     H169604  1 0.1375 0.1087 0.2071 0.1385 0.2267 0.1814 
     H169607  1 0.1433 0.0991 0.2247 0.2169 0.1746 0.1413 
     H169608  1 0.0903 0.1490 0.2231 0.1083 0.1171 0.3123 
     H169633  1 0.2054 0.0830 0.1606 0.1532 0.2311 0.1666 
     H169688  1 0.2322 0.1527 0.1464 0.2461 0.1262 0.0963 
     H169714  1 0.1283 0.2310 0.1542 0.1470 0.1968 0.1426 
     H171802  1 0.1631 0.2383 0.1161 0.1226 0.2110 0.1489 
     H171805  1 0.1889 0.1370 0.2230 0.1977 0.1472 0.1061 
     H171807  1 0.1439 0.2081 0.1744 0.1586 0.1336 0.1814 
     H171814  1 0.1623 0.0816 0.1203 0.2399 0.2989 0.0970 
     H171816  1 0.1508 0.2197 0.1678 0.1595 0.1555 0.1468 
     H171817  1 0.1727 0.2318 0.1458 0.1351 0.1512 0.1634 
     H171818  1 0.2323 0.1676 0.1454 0.1842 0.1126 0.1580 
     H171819  1 0.1961 0.1593 0.1504 0.1430 0.1922 0.1590 
     H171834  1 0.1734 0.1082 0.2337 0.1594 0.1283 0.1971 
     H171835  1 0.1242 0.2744 0.1128 0.0997 0.2315 0.1574 
     H171836  1 0.2782 0.0798 0.1880 0.1732 0.1605 0.1202 
     H171837  1 0.1079 0.1514 0.1650 0.1398 0.2099 0.2261 
     H171838  1 0.2751 0.1103 0.2137 0.1742 0.1327 0.0940 
     H171839  1 0.1151 0.1864 0.1632 0.1209 0.2385 0.1758 
     H171841  1 0.1144 0.3075 0.1251 0.1211 0.0810 0.2510 
     H171860  1 0.1406 0.1199 0.1804 0.1418 0.2135 0.2037 
     H171861  1 0.2243 0.0861 0.2297 0.1686 0.1344 0.1569 
     H171862  1 0.1820 0.1211 0.2130 0.1946 0.1321 0.1572 
     H171868  1 0.1588 0.0932 0.2101 0.1310 0.1220 0.2850 
     H171869  1 0.2132 0.1224 0.1585 0.2748 0.1173 0.1138 
     H171870  1 0.1956 0.2429 0.1297 0.1852 0.1248 0.1217 
     H171871  1 0.2259 0.1055 0.1905 0.1992 0.1833 0.0955 
     H171872  1 0.1263 0.1739 0.1735 0.1102 0.2270 0.1892 
     H171873  1 0.1779 0.1838 0.1429 0.1893 0.1764 0.1297 
     H171874  1 0.1644 0.1019 0.2280 0.1942 0.1349 0.1767 
     H171875  1 0.1798 0.0735 0.1992 0.1709 0.1712 0.2054 
     H171876  1 0.1601 0.0949 0.2273 0.1737 0.1528 0.1911 
     H171877  1 0.1359 0.1061 0.1641 0.1077 0.2008 0.2854 
     H171878  1 0.2129 0.2515 0.1291 0.1957 0.0900 0.1207 
     H171901  1 0.1731 0.2429 0.1595 0.1283 0.1740 0.1223 
     H171902  1 0.1350 0.1743 0.1897 0.2306 0.1239 0.1465 
     H171903  1 0.1622 0.1277 0.2151 0.1673 0.1815 0.1462 
     H171935  1 0.2130 0.2683 0.1341 0.1489 0.1139 0.1216 
     H171936  1 0.1820 0.0927 0.1494 0.1334 0.2489 0.1935 
     H171940  1 0.1443 0.1970 0.1613 0.1635 0.0898 0.2441 
     H171945  1 0.1658 0.1459 0.1418 0.2452 0.1322 0.1691 
     H171948  1 0.1926 0.1672 0.1607 0.1279 0.1314 0.2201 
     H171949  1 0.1346 0.3287 0.1225 0.1128 0.1095 0.1919 
     H171950  1 0.1203 0.3352 0.1387 0.1120 0.1402 0.1536 
     H171963  1 0.2841 0.1371 0.1374 0.2198 0.1247 0.0969 
     H171964  1 0.1508 0.1017 0.1687 0.3398 0.1191 0.1199 
     H171966  1 0.2627 0.1539 0.1754 0.1790 0.1027 0.1263 
     H171968  1 0.1206 0.1810 0.2010 0.2061 0.1138 0.1774 
     H171971  1 0.2353 0.1930 0.1624 0.1748 0.1261 0.1084 
     H171972  1 0.1909 0.0886 0.2320 0.1817 0.1952 0.1116 
     H171977  1 0.1571 0.1073 0.1403 0.2811 0.1740 0.1401 
     H171978  1 0.1612 0.2229 0.1951 0.1691 0.1144 0.1372 
     H171979  1 0.2451 0.0934 0.2082 0.1997 0.1474 0.1063 
        H176  1 0.1358 0.1108 0.1791 0.1707 0.1759 0.2277 
        H177  1 0.1323 0.2675 0.1673 0.1058 0.1104 0.2167 
        H179  1 0.1226 0.2267 0.1382 0.1160 0.1564 0.2402 
        H181  1 0.2855 0.1131 0.1306 0.2163 0.1214 0.1331 
        H182  1 0.1900 0.0839 0.2717 0.1757 0.1429 0.1359 
        H183  1 0.2322 0.1215 0.1567 0.2463 0.1271 0.1162 
        H184  1 0.1692 0.1900 0.1596 0.1502 0.1139 0.2171 
        H185  1 0.2377 0.1052 0.1609 0.1877 0.1475 0.1611 
        H186  1 0.1314 0.1348 0.1633 0.3105 0.0827 0.1773 
        H187  1 0.2169 0.1892 0.1936 0.1485 0.1426 0.1092 
        H188  1 0.1367 0.1790 0.1189 0.1163 0.1815 0.2676 
        H192  1 0.1622 0.2605 0.1464 0.1340 0.1103 0.1865 
        H193  1 0.2041 0.0874 0.2279 0.2177 0.1065 0.1563 
        H194  1 0.1527 0.1754 0.1705 0.1616 0.1671 0.1727 
        H195  1 0.2124 0.1308 0.1627 0.2741 0.1235 0.0965 
        H199  1 0.1920 0.1310 0.1397 0.2830 0.1425 0.1117 
        H200  1 0.1392 0.2006 0.1344 0.1472 0.1949 0.1837 
        H414  1 0.1669 0.1674 0.2019 0.1847 0.1739 0.1052 
        H415  1 0.1712 0.0967 0.1868 0.1448 0.2521 0.1484 
        H422  1 0.1306 0.1558 0.1735 0.2596 0.1087 0.1718 
        H423  1 0.0980 0.3956 0.0854 0.0903 0.0756 0.2550 
        H424  1 0.2142 0.0957 0.1470 0.2736 0.1498 0.1197 
        H425  1 0.1447 0.1062 0.1253 0.3701 0.1368 0.1168 
        H426  1 0.1807 0.1312 0.1662 0.3138 0.1143 0.0938 
        H443  1 0.1124 0.0683 0.1620 0.3640 0.1125 0.1808 
        H466  1 0.1685 0.1890 0.1569 0.1784 0.1483 0.1590 
        H467  1 0.1327 0.3158 0.1143 0.1290 0.1460 0.1622 
        H472  1 0.1732 0.1870 0.1313 0.1784 0.1739 0.1562 
        H483  1 0.1854 0.1067 0.1719 0.1998 0.1026 0.2335 
        H504  1 0.1768 0.1057 0.1506 0.3098 0.1556 0.1015 
        H505  1 0.1418 0.2401 0.1470 0.1420 0.1458 0.1834 
        H506  1 0.1790 0.1386 0.1686 0.1949 0.1242 0.1948 
        H507  1 0.2127 0.1013 0.2055 0.1913 0.1654 0.1238 
        H508  1 0.1853 0.2523 0.1387 0.1754 0.1345 0.1139 
        H524  1 0.1597 0.1075 0.1666 0.1394 0.2972 0.1296 
        H525  1 0.1418 0.1044 0.1957 0.2297 0.1682 0.1601 
        H526  1 0.1255 0.0899 0.1659 0.1154 0.2378 0.2654 
        H527  1 0.1548 0.2214 0.2143 0.1317 0.1083 0.1695 
        H528  1 0.1613 0.0759 0.1655 0.1843 0.2320 0.1810 
        H529  1 0.1658 0.0940 0.1705 0.2490 0.1777 0.1431 
        H533  1 0.2497 0.1231 0.2132 0.1566 0.1662 0.0912 
        H538  1 0.1276 0.1565 0.1698 0.1488 0.2094 0.1880 
        H539  1 0.2248 0.1696 0.1950 0.1691 0.1383 0.1033 
        H540  1 0.1770 0.1415 0.2099 0.1645 0.1536 0.1535 
        H541  1 0.1325 0.1202 0.1927 0.1462 0.2094 0.1989 
        H558  1 0.2715 0.1076 0.2314 0.1796 0.1170 0.0929 
        H559  1 0.1545 0.1248 0.2123 0.1699 0.1046 0.2338 
        H579  1 0.1843 0.0960 0.2641 0.1945 0.1223 0.1387 
        H584  1 0.1840 0.0965 0.1548 0.2499 0.1744 0.1404 
        H585  1 0.1995 0.1487 0.1477 0.2087 0.1677 0.1277 
        H605  1 0.1476 0.2063 0.1656 0.1647 0.1345 0.1813 
        H606  1 0.1096 0.2498 0.1817 0.1214 0.0925 0.2450 
        H632  1 0.1420 0.0898 0.2026 0.2647 0.1342 0.1667 
        H634  1 0.1774 0.1152 0.2042 0.2026 0.1518 0.1488 
        H671  1 0.1157 0.3531 0.1094 0.1337 0.1189 0.1692 
        H672  1 0.1246 0.1354 0.1279 0.1216 0.3777 0.1128 
        H673  1 0.1382 0.0986 0.1628 0.2970 0.1023 0.2010 
        H689  1 0.1560 0.0938 0.1963 0.2251 0.1282 0.2005 
        H690  1 0.1204 0.1239 0.2127 0.1006 0.2076 0.2349 
        H691  1 0.1356 0.1158 0.2246 0.1388 0.1569 0.2283 
        H692  1 0.2342 0.0640 0.1640 0.2991 0.1202 0.1184 
        H709  1 0.1439 0.1070 0.1856 0.1721 0.2372 0.1542 
        H710  1 0.2113 0.0610 0.2061 0.2311 0.1617 0.1288 
       H7355  1 0.1419 0.0749 0.2209 0.1260 0.2189 0.2175 
       H7356  1 0.1541 0.1415 0.1928 0.1880 0.1722 0.1515 
       H7357  1 0.1548 0.1854 0.1647 0.1412 0.1411 0.2129 
       H7358  1 0.1823 0.0998 0.1795 0.1467 0.1681 0.2235 
       H7380  1 0.1662 0.0964 0.2460 0.1759 0.1177 0.1977 
       H7381  1 0.1389 0.2121 0.1311 0.2478 0.1056 0.1645 
       H7382  1 0.1577 0.1165 0.2333 0.1791 0.1482 0.1652 
        H904  1 0.0855 0.3416 0.1436 0.0899 0.0817 0.2576 
        H923  1 0.1485 0.1698 0.1287 0.1674 0.2025 0.1831 
        H924  1 0.1461 0.1717 0.1477 0.1631 0.1484 0.2230 
        H925  1 0.1421 0.0989 0.2042 0.1264 0.1848 0.2435 
       H9558  1 0.2889 0.1023 0.2278 0.1907 0.1098 0.0805 
        H008  2 0.2350 0.0850 0.1675 0.1548 0.2052 0.1525 
        H021  2 0.1439 0.1963 0.1763 0.1314 0.1664 0.1858 
        H023  2 0.1310 0.1956 0.1803 0.1436 0.1262 0.2231 
        H024  2 0.2440 0.0756 0.1064 0.1718 0.3035 0.0986 
        H025  2 0.1416 0.2417 0.1314 0.1788 0.0933 0.2133 
        H026  2 0.1722 0.0773 0.1028 0.3362 0.2018 0.1096 
        H027  2 0.1507 0.1294 0.1507 0.1255 0.2972 0.1466 
        H028  2 0.2087 0.1147 0.1669 0.2198 0.1534 0.1365 
        H029  2 0.1925 0.1087 0.1297 0.1686 0.2445 0.1560 
        H030  2 0.2249 0.0908 0.1671 0.2092 0.2174 0.0906 
        H038  2 0.1595 0.2707 0.1529 0.1269 0.1484 0.1415 
        H039  2 0.0655 0.4396 0.0703 0.0657 0.0674 0.2915 
        H040  2 0.1717 0.3217 0.1147 0.1253 0.1541 0.1125 
        H041  2 0.1585 0.1136 0.1299 0.1212 0.2589 0.2178 
        H042  2 0.1690 0.1503 0.1598 0.1646 0.1485 0.2079 
        H043  2 0.1811 0.3184 0.1249 0.1293 0.0942 0.1521 
        H044  2 0.3294 0.1130 0.1909 0.1571 0.1154 0.0942 
        H047  2 0.1891 0.1815 0.1452 0.1775 0.1449 0.1617 
        H050  2 0.1683 0.1050 0.1333 0.1496 0.3532 0.0905 
        H058  2 0.2293 0.2447 0.1421 0.1586 0.1113 0.1141 
        H062  2 0.1321 0.1702 0.1972 0.1391 0.1215 0.2399 
        H063  2 0.1558 0.2843 0.1269 0.1157 0.1417 0.1755 
        H065  2 0.1253 0.1467 0.1240 0.3607 0.0902 0.1531 
        H066  2 0.2719 0.1580 0.1530 0.1525 0.1839 0.0806 
        H067  2 0.1514 0.1177 0.1928 0.1745 0.1524 0.2112 
        H068  2 0.1311 0.2990 0.1322 0.1394 0.1311 0.1672 
        H069  2 0.2042 0.1822 0.1582 0.1998 0.1553 0.1003 
        H071  2 0.1351 0.1728 0.1785 0.1682 0.1624 0.1829 
        H072  2 0.1164 0.3238 0.0981 0.0994 0.1174 0.2447 
        H073  2 0.1476 0.1254 0.1576 0.2431 0.1802 0.1461 
        H081  2 0.1301 0.1508 0.1672 0.1207 0.1842 0.2470 
        H082  2 0.2986 0.0915 0.1798 0.1867 0.1411 0.1023 
        H083  2 0.2231 0.0852 0.2272 0.2289 0.1288 0.1068 
        H084  2 0.2009 0.2244 0.1303 0.1401 0.1823 0.1221 
        H085  2 0.1224 0.0960 0.1460 0.1049 0.3093 0.2214 
        H087  2 0.1308 0.1015 0.2102 0.1047 0.1493 0.3036 
        H088  2 0.1562 0.2170 0.1733 0.1280 0.1221 0.2034 
        H089  2 0.1570 0.1204 0.1993 0.1503 0.1771 0.1960 
        H090  2 0.1557 0.0850 0.1006 0.1343 0.4068 0.1176 
        H091  2 0.1124 0.0686 0.1253 0.1033 0.4771 0.1133 
        H098  2 0.2713 0.1408 0.1144 0.1369 0.2051 0.1316 
      H10001  2 0.0591 0.4342 0.0761 0.0634 0.0671 0.3002 
      H10002  2 0.1166 0.1837 0.2359 0.1120 0.1198 0.2320 
        H101  2 0.1878 0.1284 0.1178 0.1266 0.3687 0.0707 
        H108  2 0.1078 0.2582 0.1378 0.1036 0.0845 0.3082 
        H109  2 0.2270 0.1797 0.1361 0.1451 0.2084 0.1037 
        H110  2 0.1640 0.0841 0.2569 0.1237 0.1571 0.2141 
        H116  2 0.2204 0.1215 0.1647 0.2172 0.1663 0.1100 
        H117  2 0.1407 0.0818 0.0950 0.0980 0.4306 0.1539 
        H118  2 0.1078 0.0637 0.1069 0.1993 0.3857 0.1366 
        H119  2 0.1136 0.1845 0.1448 0.1404 0.2346 0.1822 
        H120  2 0.0709 0.3097 0.1134 0.0910 0.0812 0.3338 
        H121  2 0.1250 0.0798 0.1098 0.1167 0.4271 0.1415 
        H125  2 0.0727 0.4850 0.0838 0.0673 0.0763 0.2149 
        H126  2 0.2025 0.1157 0.1363 0.3104 0.0981 0.1371 
        H128  2 0.1325 0.0526 0.0829 0.1612 0.5031 0.0678 
        H129  2 0.2227 0.0910 0.1368 0.3165 0.1184 0.1146 
        H130  2 0.1438 0.2416 0.1908 0.1814 0.0785 0.1638 
        H133  2 0.1153 0.3639 0.0979 0.1078 0.0960 0.2192 
        H134  2 0.1414 0.0638 0.1190 0.4951 0.0917 0.0890 
        H135  2 0.1496 0.1517 0.1797 0.1571 0.1520 0.2100 
        H137  2 0.2132 0.1401 0.1229 0.1252 0.2934 0.1052 
        H138  2 0.1933 0.0797 0.2379 0.2668 0.1204 0.1020 
        H140  2 0.1320 0.1410 0.1341 0.1471 0.2949 0.1509 
        H146  2 0.0927 0.0868 0.1013 0.1202 0.5019 0.0972 
        H147  2 0.1558 0.0914 0.1722 0.1376 0.2880 0.1549 
        H148  2 0.1310 0.0942 0.1691 0.1057 0.3236 0.1763 
     H166022  2 0.1937 0.1069 0.2315 0.1492 0.1949 0.1239 
     H167359  2 0.2074 0.1280 0.1773 0.2143 0.1484 0.1245 
     H167397  2 0.2825 0.0733 0.1263 0.1604 0.2552 0.1023 
     H167428  2 0.1491 0.0531 0.1681 0.1628 0.1907 0.2762 
     H167496  2 0.0926 0.3443 0.1071 0.0882 0.1456 0.2222 
     H167513  2 0.3522 0.2109 0.1329 0.1223 0.0982 0.0835 
     H167545  2 0.1808 0.1085 0.2484 0.1990 0.1602 0.1031 
     H167547  2 0.2640 0.1051 0.1253 0.2267 0.2077 0.0713 
     H169621  2 0.1615 0.0898 0.1837 0.1553 0.2936 0.1161 
     H169622  2 0.1618 0.1109 0.2350 0.2255 0.1361 0.1306 
     H169750  2 0.1806 0.2509 0.1626 0.1779 0.1230 0.1049 
     H171806  2 0.0962 0.1385 0.1317 0.1586 0.3143 0.1607 
     H171808  2 0.1497 0.1158 0.1857 0.1843 0.1820 0.1824 
     H171809  2 0.1488 0.1295 0.2089 0.1556 0.1254 0.2318 
     H171813  2 0.1724 0.1412 0.1811 0.1917 0.1639 0.1498 
     H171815  2 0.1128 0.3556 0.1225 0.1255 0.0898 0.1938 
     H171824  2 0.1045 0.2065 0.1647 0.1081 0.1812 0.2350 
     H171825  2 0.1683 0.1221 0.2310 0.2061 0.1307 0.1418 
     H171826  2 0.1640 0.1625 0.1589 0.1495 0.1467 0.2184 
     H171827  2 0.1652 0.1576 0.2182 0.1538 0.1654 0.1400 
     H171828  2 0.0676 0.3590 0.1045 0.0760 0.1103 0.2826 
     H171829  2 0.1576 0.2096 0.1589 0.2163 0.1400 0.1175 
     H171830  2 0.2791 0.1517 0.1236 0.1285 0.1793 0.1377 
     H171831  2 0.2256 0.0900 0.1811 0.2405 0.1246 0.1382 
     H171832  2 0.2006 0.1098 0.2124 0.2174 0.1204 0.1394 
     H171863  2 0.2201 0.0990 0.1876 0.2525 0.1590 0.0819 
     H171864  2 0.1805 0.1422 0.1283 0.1432 0.2583 0.1475 
     H171865  2 0.1365 0.3392 0.1023 0.1225 0.1096 0.1899 
     H171879  2 0.1699 0.1276 0.1263 0.1558 0.2890 0.1314 
     H171880  2 0.1844 0.1192 0.1200 0.1222 0.3646 0.0897 
     H171881  2 0.1863 0.1200 0.1638 0.1901 0.1382 0.2016 
     H171882  2 0.0707 0.3984 0.0799 0.0777 0.0757 0.2976 
     H171929  2 0.2219 0.1266 0.1362 0.1669 0.1695 0.1788 
     H171930  2 0.2712 0.0954 0.1977 0.1767 0.1832 0.0758 
     H171933  2 0.1659 0.1356 0.1548 0.1691 0.2630 0.1115 
     H171934  2 0.1228 0.1062 0.2053 0.1423 0.1985 0.2249 
     H171937  2 0.2543 0.0957 0.1532 0.2577 0.1238 0.1153 
     H171962  2 0.2176 0.0995 0.1797 0.2017 0.1061 0.1954 
        H190  2 0.2438 0.1079 0.1850 0.2040 0.1399 0.1195 
        H191  2 0.1937 0.1874 0.1269 0.1715 0.1566 0.1638 
        H396  2 0.1131 0.1392 0.1743 0.1410 0.1997 0.2327 
        H397  2 0.1706 0.1273 0.1849 0.1829 0.2046 0.1296 
        H398  2 0.1325 0.1529 0.1546 0.2685 0.1113 0.1803 
        H400  2 0.1529 0.1092 0.1961 0.1711 0.1588 0.2119 
        H401  2 0.2516 0.0730 0.1086 0.1495 0.3257 0.0915 
        H402  2 0.2329 0.1323 0.1854 0.1467 0.1896 0.1131 
        H427  2 0.1517 0.1119 0.1914 0.1362 0.1646 0.2441 
        H428  2 0.1372 0.0537 0.1702 0.1570 0.1961 0.2859 
        H497  2 0.2634 0.2183 0.1309 0.1364 0.1095 0.1415 
        H512  2 0.1941 0.1352 0.1733 0.1487 0.2161 0.1327 
        H513  2 0.3519 0.2096 0.1361 0.1261 0.0983 0.0780 
        H514  2 0.2380 0.1142 0.2159 0.2097 0.1067 0.1155 
        H519  2 0.3417 0.1847 0.1278 0.1339 0.1149 0.0971 
        H532  2 0.1259 0.0797 0.2112 0.1388 0.2223 0.2221 
        H543  2 0.1934 0.1087 0.2204 0.1587 0.2001 0.1188 
        H544  2 0.1799 0.1440 0.1542 0.2977 0.1010 0.1232 
        H545  2 0.1837 0.0967 0.2399 0.2334 0.1558 0.0904 
        H546  2 0.1320 0.3236 0.1176 0.1543 0.0882 0.1843 
        H547  2 0.2581 0.1027 0.1291 0.2193 0.2120 0.0789 
        H548  2 0.1756 0.1191 0.1874 0.1619 0.1888 0.1672 
        H549  2 0.2388 0.2656 0.1433 0.1240 0.1476 0.0808 
        H620  2 0.0793 0.4142 0.0895 0.0763 0.0754 0.2652 
        H623  2 0.2491 0.1143 0.1778 0.2430 0.1128 0.1030 
        H624  2 0.1512 0.2069 0.1951 0.2022 0.1097 0.1349 
        H625  2 0.1739 0.1214 0.1849 0.1638 0.1570 0.1991 
        H626  2 0.2063 0.1981 0.1636 0.1615 0.1472 0.1232 
        H654  2 0.1028 0.4659 0.0890 0.0798 0.0594 0.2031 
        H655  2 0.1409 0.1519 0.2290 0.1541 0.1623 0.1618 
        H656  2 0.0820 0.3813 0.0950 0.0892 0.0700 0.2826 
        H666  2 0.0731 0.4005 0.0693 0.0999 0.1481 0.2091 
        H667  2 0.1482 0.1204 0.2432 0.1582 0.1484 0.1817 
        H677  2 0.1351 0.1021 0.2168 0.1646 0.2115 0.1699 
        H693  2 0.1063 0.2257 0.1430 0.1057 0.1019 0.3175 
        H694  2 0.2498 0.1194 0.1830 0.1963 0.1339 0.1175 
        H701  2 0.2619 0.1055 0.1921 0.1526 0.1770 0.1109 
        H702  2 0.1958 0.1909 0.1818 0.1468 0.1533 0.1315 
        H731  2 0.1138 0.1799 0.1904 0.1329 0.1732 0.2098 
       H7359  2 0.2146 0.1372 0.1848 0.1928 0.1412 0.1294 
       H7389  2 0.1532 0.1116 0.1321 0.1581 0.2692 0.1757 
       H7390  2 0.1266 0.3401 0.1543 0.1280 0.1187 0.1323 
       H7391  2 0.1175 0.0916 0.1626 0.0955 0.2605 0.2723 
       H7392  2 0.1378 0.1906 0.1645 0.1903 0.1756 0.1412 
       H7393  2 0.1628 0.2205 0.1614 0.1277 0.1683 0.1593 
       H7398  2 0.1573 0.1170 0.1325 0.1157 0.2775 0.1999 
       H7399  2 0.1646 0.0817 0.2269 0.1875 0.1922 0.1470 
       H7400  2 0.0717 0.4107 0.0879 0.0772 0.0608 0.2917 
        H745  2 0.2122 0.0859 0.1348 0.3701 0.1005 0.0964 
        H746  2 0.1619 0.0879 0.2694 0.1951 0.1504 0.1354 
        H747  2 0.1126 0.3133 0.1215 0.1291 0.1963 0.1271 
        H748  2 0.2019 0.1554 0.2114 0.1374 0.1642 0.1296 
       H7484  2 0.0973 0.3573 0.0791 0.1170 0.1189 0.2305 
       H7485  2 0.3075 0.1675 0.1484 0.1666 0.1033 0.1066 
        H749  2 0.2085 0.1214 0.2210 0.1856 0.1505 0.1130 
        H930  2 0.2595 0.1115 0.2004 0.1489 0.1928 0.0869 
        H931  2 0.1598 0.1222 0.1462 0.1688 0.1765 0.2265 
        H932  2 0.1185 0.1359 0.1330 0.1668 0.2823 0.1634 
        H111  3 0.2906 0.0995 0.1727 0.2299 0.1171 0.0902 
        H951  3 0.2314 0.1016 0.1629 0.1975 0.1586 0.1480 
        H952  3 0.1205 0.1380 0.1412 0.1869 0.2924 0.1210 
        H953  3 0.1110 0.0818 0.1420 0.1107 0.3151 0.2394 
        H954  3 0.1625 0.3100 0.1199 0.1111 0.1091 0.1875 
        H955  3 0.2528 0.1071 0.2142 0.1903 0.1447 0.0909 
        H956  3 0.1168 0.1624 0.1419 0.1076 0.3742 0.0971 
       H9563  3 0.1735 0.1662 0.1221 0.1396 0.2059 0.1927 
        H002  4 0.1306 0.2046 0.1650 0.1800 0.0828 0.2370 
        H003  4 0.1474 0.0798 0.2561 0.1870 0.1465 0.1832 
        H009  4 0.2002 0.1199 0.1984 0.2306 0.1562 0.0947 
        H010  4 0.1369 0.1235 0.1828 0.1849 0.1931 0.1788 
        H011  4 0.1045 0.3124 0.1319 0.1099 0.0780 0.2632 
        H012  4 0.1840 0.0901 0.2553 0.1366 0.1637 0.1703 
        H013  4 0.1415 0.1715 0.1851 0.1374 0.1274 0.2371 
        H014  4 0.1975 0.1334 0.2172 0.1881 0.1121 0.1517 
        H045  4 0.1381 0.1824 0.1079 0.1134 0.2034 0.2548 
        H046  4 0.1380 0.0954 0.2420 0.2254 0.1527 0.1465 
        H051  4 0.1436 0.2153 0.1356 0.1138 0.1129 0.2788 
        H052  4 0.1304 0.2310 0.1252 0.1845 0.1088 0.2202 
        H053  4 0.1382 0.2007 0.1758 0.1543 0.1812 0.1498 
        H056  4 0.1589 0.2766 0.1189 0.1408 0.0890 0.2158 
        H076  4 0.1513 0.1012 0.1389 0.2839 0.1491 0.1756 
        H151  4 0.1196 0.3053 0.1592 0.1340 0.0937 0.1882 
        H152  4 0.1175 0.1676 0.1753 0.1970 0.0989 0.2437 
     H171803  4 0.1402 0.2941 0.1877 0.1151 0.1375 0.1253 
     H171804  4 0.1522 0.2436 0.1485 0.1271 0.1688 0.1599 
     H171833  4 0.2335 0.1082 0.1662 0.2877 0.1070 0.0974 
     H171855  4 0.1525 0.3565 0.0968 0.1509 0.0752 0.1681 
     H171856  4 0.1670 0.2097 0.1415 0.1233 0.2588 0.0997 
     H171857  4 0.1503 0.2739 0.1344 0.1696 0.1172 0.1545 
     H171858  4 0.1195 0.1122 0.1816 0.1829 0.1888 0.2150 
     H171859  4 0.1465 0.1638 0.1524 0.1752 0.1927 0.1694 
     H171961  4 0.1327 0.2241 0.1376 0.1557 0.1116 0.2383 
        H198  4 0.1999 0.0747 0.2455 0.2019 0.1317 0.1463 
      H20001  4 0.3192 0.1094 0.2074 0.1858 0.0894 0.0888 
        H403  4 0.1989 0.2151 0.1187 0.1778 0.1575 0.1320 
        H404  4 0.1702 0.0798 0.2289 0.1706 0.1476 0.2028 
        H405  4 0.1478 0.1007 0.1946 0.2141 0.1865 0.1563 
        H406  4 0.2452 0.1425 0.1091 0.2156 0.1941 0.0935 
        H407  4 0.1254 0.1691 0.1386 0.1379 0.2719 0.1571 
        H410  4 0.1441 0.0735 0.0790 0.1035 0.4001 0.1996 
        H411  4 0.2768 0.0985 0.2059 0.2044 0.1018 0.1126 
        H468  4 0.2310 0.2357 0.1514 0.2003 0.1065 0.0751 
        H476  4 0.2008 0.1953 0.1810 0.1573 0.1619 0.1038 
        H477  4 0.1674 0.1081 0.2329 0.2848 0.1234 0.0834 
        H478  4 0.2087 0.1182 0.2362 0.1628 0.1224 0.1516 
        H479  4 0.1154 0.2164 0.1538 0.1694 0.1397 0.2053 
        H480  4 0.2138 0.1020 0.2336 0.2005 0.1630 0.0871 
        H498  4 0.1684 0.1249 0.1958 0.2118 0.1341 0.1650 
        H499  4 0.1665 0.1302 0.2114 0.1829 0.1300 0.1790 
        H500  4 0.1302 0.2743 0.1752 0.1109 0.1415 0.1678 
        H515  4 0.1564 0.1912 0.1876 0.1391 0.1491 0.1766 
        H516  4 0.1853 0.1510 0.1660 0.1724 0.2045 0.1208 
        H517  4 0.1515 0.1434 0.1347 0.1492 0.2761 0.1451 
        H518  4 0.1364 0.2770 0.1231 0.2058 0.1153 0.1425 
        H520  4 0.1364 0.3459 0.1423 0.1285 0.1408 0.1062 
        H521  4 0.1950 0.1261 0.1537 0.1829 0.1651 0.1772 
        H522  4 0.1497 0.2345 0.1910 0.1389 0.1784 0.1075 
        H523  4 0.1462 0.1484 0.1854 0.1365 0.2598 0.1238 
        H536  4 0.1260 0.1217 0.1884 0.2598 0.1316 0.1726 
        H645  4 0.1208 0.1683 0.1867 0.1021 0.1268 0.2954 
        H646  4 0.1410 0.0890 0.1249 0.1947 0.3581 0.0922 
        H647  4 0.1803 0.1709 0.1758 0.1944 0.1565 0.1221 
        H657  4 0.1572 0.1238 0.1530 0.1896 0.2500 0.1264 
        H658  4 0.1497 0.1616 0.1842 0.1363 0.2557 0.1126 
        H659  4 0.1399 0.4097 0.1270 0.0908 0.0773 0.1554 
        H660  4 0.2078 0.1847 0.1677 0.1583 0.1143 0.1673 
        H661  4 0.1826 0.2850 0.1491 0.1501 0.0967 0.1365 
        H668  4 0.1512 0.0892 0.2844 0.1384 0.1434 0.1933 
        H669  4 0.1466 0.1536 0.1488 0.1473 0.2194 0.1843 
        H670  4 0.0994 0.1183 0.2536 0.0928 0.1264 0.3095 
        H678  4 0.2379 0.1856 0.1583 0.1476 0.1493 0.1213 
        H679  4 0.2415 0.0999 0.1561 0.1563 0.2371 0.1091 
        H680  4 0.2258 0.1838 0.1239 0.2213 0.1138 0.1313 
        H681  4 0.1561 0.1652 0.2175 0.1249 0.1267 0.2096 
        H682  4 0.1902 0.1361 0.2050 0.1263 0.2322 0.1102 
        H683  4 0.1737 0.2654 0.1062 0.1793 0.1412 0.1341 
        H718  4 0.0868 0.3351 0.0877 0.1074 0.1782 0.2048 
        H719  4 0.1926 0.1796 0.1306 0.1290 0.1256 0.2425 
        H720  4 0.2005 0.2011 0.1348 0.1976 0.0863 0.1797 
        H721  4 0.1673 0.1706 0.1366 0.2612 0.1092 0.1553 
        H722  4 0.1523 0.2160 0.0937 0.2898 0.1014 0.1468 
        H723  4 0.1297 0.2572 0.1293 0.1027 0.1701 0.2109 
        H724  4 0.0971 0.4191 0.0952 0.0873 0.1420 0.1593 
        H725  4 0.1076 0.4275 0.0962 0.1132 0.0929 0.1626 
        H726  4 0.1393 0.2130 0.1425 0.1469 0.1321 0.2262 
        H727  4 0.1283 0.1979 0.1610 0.1249 0.1698 0.2181 
        H910  4 0.1475 0.1971 0.1618 0.1172 0.1934 0.1830 
        H911  4 0.1712 0.1215 0.1089 0.1833 0.2878 0.1273 
        H912  4 0.2266 0.1887 0.1389 0.1916 0.1214 0.1328 
        H913  4 0.1192 0.2035 0.1748 0.1144 0.2672 0.1209 
        H914  4 0.1053 0.2067 0.1963 0.0999 0.1716 0.2201 
        H915  4 0.2180 0.1978 0.1549 0.1570 0.1573 0.1150 
        H916  4 0.2248 0.1364 0.1854 0.1991 0.1571 0.0973 
       H9572  4 0.2376 0.2277 0.1253 0.1549 0.1299 0.1246 
        H015  5 0.2979 0.1032 0.2053 0.1769 0.1039 0.1128 
        H016  5 0.1588 0.0978 0.1345 0.3711 0.1263 0.1115 
        H017  5 0.2169 0.1740 0.1762 0.1909 0.1391 0.1029 
        H019  5 0.2092 0.1286 0.1992 0.1993 0.1187 0.1449 
        H020  5 0.1145 0.1526 0.1566 0.1683 0.1982 0.2098 
        H032  5 0.1649 0.2001 0.1632 0.1703 0.1706 0.1308 
        H033  5 0.1778 0.1100 0.2168 0.1513 0.1818 0.1622 
        H034  5 0.1125 0.1984 0.1768 0.1117 0.1415 0.2592 
        H035  5 0.1697 0.1830 0.1577 0.1763 0.2013 0.1121 
        H036  5 0.1870 0.1259 0.1266 0.1722 0.2501 0.1381 
        H037  5 0.1411 0.2294 0.1929 0.1365 0.1544 0.1457 
        H048  5 0.1223 0.3424 0.1213 0.1023 0.1160 0.1957 
        H049  5 0.2345 0.1397 0.1857 0.2005 0.1182 0.1214 
        H054  5 0.1222 0.1297 0.1236 0.2368 0.2323 0.1554 
        H055  5 0.1358 0.1712 0.2049 0.1582 0.1051 0.2249 
        H057  5 0.1501 0.1394 0.1515 0.3657 0.0841 0.1093 
        H060  5 0.0861 0.1058 0.2564 0.1515 0.1113 0.2890 
        H061  5 0.1492 0.1064 0.2310 0.1519 0.1797 0.1819 
        H064  5 0.1505 0.2169 0.1293 0.1772 0.1074 0.2187 
        H070  5 0.1224 0.1347 0.2334 0.1064 0.1599 0.2431 
        H077  5 0.1362 0.2838 0.1259 0.1067 0.0933 0.2542 
        H078  5 0.1952 0.2684 0.1307 0.1548 0.1335 0.1174 
        H079  5 0.1349 0.0878 0.1786 0.1293 0.3323 0.1371 
        H097  5 0.1728 0.1586 0.1977 0.2179 0.1189 0.1340 
        H107  5 0.0840 0.4171 0.1115 0.0883 0.0789 0.2201 
        H122  5 0.1531 0.1548 0.1989 0.2079 0.1781 0.1072 
        H123  5 0.1588 0.1032 0.1414 0.1882 0.2984 0.1100 
        H124  5 0.1391 0.1055 0.1460 0.1801 0.2894 0.1398 
        H131  5 0.1637 0.1134 0.1291 0.1475 0.3125 0.1338 
        H132  5 0.1552 0.1774 0.1380 0.1533 0.1654 0.2107 
        H141  5 0.1527 0.2463 0.1741 0.1429 0.1327 0.1513 
        H142  5 0.1688 0.0948 0.2685 0.1811 0.1510 0.1358 
        H157  5 0.1187 0.2862 0.1465 0.1352 0.1457 0.1676 
        H158  5 0.1800 0.0909 0.1758 0.2488 0.2180 0.0864 
        H159  5 0.2456 0.1182 0.1828 0.2000 0.1407 0.1127 
        H160  5 0.1532 0.2208 0.1704 0.1725 0.1889 0.0943 
        H163  5 0.2036 0.1116 0.2083 0.1840 0.1611 0.1314 
        H164  5 0.2196 0.1259 0.2208 0.1714 0.1212 0.1410 
        H165  5 0.1547 0.0853 0.1600 0.1392 0.2606 0.2003 
        H166  5 0.1882 0.1008 0.1936 0.1826 0.1642 0.1705 
        H169  5 0.1580 0.1158 0.2603 0.1690 0.1383 0.1586 
     H169613  5 0.1481 0.1160 0.2524 0.1519 0.1596 0.1720 
     H169653  5 0.1816 0.0891 0.2303 0.1744 0.1534 0.1712 
     H169728  5 0.2141 0.1805 0.1656 0.1953 0.1354 0.1091 
     H169742  5 0.1254 0.1181 0.2434 0.1274 0.1167 0.2691 
        H170  5 0.1657 0.1224 0.1688 0.2977 0.1112 0.1342 
        H171  5 0.1999 0.1045 0.1684 0.3052 0.1103 0.1116 
     H171851  5 0.1709 0.1240 0.2352 0.1945 0.1316 0.1440 
     H171852  5 0.1249 0.2624 0.1458 0.1760 0.1352 0.1558 
     H171853  5 0.1890 0.2270 0.1363 0.1387 0.1564 0.1526 
     H171854  5 0.2623 0.1552 0.1790 0.1585 0.1157 0.1293 
     H171938  5 0.1421 0.1248 0.2332 0.1397 0.1576 0.2026 
     H171939  5 0.1918 0.1153 0.1562 0.2288 0.1549 0.1530 
     H171941  5 0.1088 0.2337 0.1550 0.1217 0.0908 0.2900 
     H171965  5 0.1561 0.0816 0.3030 0.1938 0.1170 0.1485 
     H171970  5 0.1017 0.3556 0.0996 0.0949 0.0801 0.2681 
     H171973  5 0.1540 0.1002 0.2044 0.1582 0.1704 0.2128 
     H171974  5 0.1465 0.1402 0.2030 0.1319 0.1655 0.2128 
     H171975  5 0.1837 0.1809 0.1415 0.1356 0.1195 0.2388 
     H171976  5 0.1967 0.1784 0.1756 0.2426 0.1034 0.1034 
        H175  5 0.1210 0.2361 0.1396 0.1422 0.1655 0.1957 
        H178  5 0.1370 0.1470 0.1881 0.1694 0.1377 0.2207 
        H189  5 0.1597 0.0895 0.1808 0.1727 0.2855 0.1117 
        H399  5 0.1363 0.1773 0.1021 0.3806 0.1226 0.0812 
        H416  5 0.1694 0.1580 0.1952 0.1577 0.1442 0.1755 
        H438  5 0.1700 0.1579 0.1653 0.1379 0.1843 0.1846 
        H450  5 0.1021 0.1580 0.2204 0.1131 0.1023 0.3041 
        H455  5 0.0985 0.3027 0.1137 0.0928 0.0969 0.2955 
        H456  5 0.1254 0.1384 0.2200 0.1424 0.1733 0.2005 
        H457  5 0.1561 0.2279 0.1423 0.1671 0.0881 0.2186 
        H458  5 0.1339 0.1738 0.2062 0.1388 0.1563 0.1910 
        H459  5 0.1727 0.1000 0.2159 0.1720 0.2259 0.1134 
        H460  5 0.1767 0.1787 0.1953 0.1515 0.1689 0.1289 
        H461  5 0.1995 0.1296 0.2167 0.2306 0.1132 0.1104 
        H462  5 0.1737 0.0948 0.1603 0.1521 0.2667 0.1525 
        H469  5 0.2349 0.0926 0.1480 0.1658 0.2132 0.1455 
        H470  5 0.2490 0.2135 0.1544 0.1535 0.1130 0.1165 
        H471  5 0.1731 0.1080 0.1600 0.2293 0.2549 0.0748 
        H481  5 0.0862 0.3243 0.1143 0.1015 0.1519 0.2217 
        H482  5 0.1427 0.1730 0.2035 0.1338 0.1108 0.2363 
        H501  5 0.1885 0.1783 0.1835 0.1534 0.1343 0.1620 
        H502  5 0.1996 0.0826 0.2215 0.2175 0.1698 0.1089 
        H503  5 0.2146 0.1171 0.1502 0.2080 0.1809 0.1292 
        H509  5 0.1719 0.3022 0.1126 0.1298 0.1385 0.1450 
        H510  5 0.1852 0.1217 0.2129 0.1735 0.1009 0.2057 
        H511  5 0.1815 0.0942 0.2391 0.2008 0.1415 0.1429 
        H530  5 0.1339 0.2129 0.1631 0.1203 0.1738 0.1961 
        H531  5 0.1515 0.3164 0.1360 0.1564 0.1129 0.1268 
        H564  5 0.1762 0.2133 0.1794 0.1558 0.1045 0.1709 
        H565  5 0.1313 0.2980 0.1412 0.1320 0.0870 0.2105 
        H567  5 0.1586 0.0785 0.1304 0.1449 0.3581 0.1296 
     H568???  5 0.2088 0.0923 0.1721 0.2558 0.1435 0.1274 
        H608  5 0.0978 0.1422 0.2271 0.1105 0.1136 0.3088 
        H609  5 0.1354 0.1148 0.1842 0.1393 0.1745 0.2518 
        H612  5 0.1101 0.3159 0.1504 0.0923 0.0979 0.2334 
        H614  5 0.1239 0.3465 0.1255 0.1457 0.1065 0.1519 
        H615  5 0.1446 0.2539 0.1600 0.1601 0.1309 0.1505 
        H616  5 0.0755 0.3081 0.1162 0.0796 0.1223 0.2984 
        H617  5 0.1676 0.1116 0.1993 0.1505 0.2446 0.1265 
        H618  5 0.1393 0.3116 0.1101 0.1185 0.1048 0.2157 
        H619  5 0.1463 0.0931 0.2459 0.1195 0.1086 0.2865 
        H635  5 0.1603 0.1356 0.2417 0.1457 0.1504 0.1663 
        H636  5 0.1414 0.0854 0.2866 0.1291 0.1492 0.2083 
        H637  5 0.1534 0.1576 0.1740 0.1380 0.1255 0.2515 
        H644  5 0.1943 0.0707 0.1143 0.3214 0.2203 0.0790 
        H711  5 0.1668 0.1139 0.2050 0.2842 0.1306 0.0994 
        H712  5 0.1181 0.1732 0.1674 0.1154 0.1904 0.2356 
       H7360  5 0.1884 0.1675 0.1678 0.2268 0.1016 0.1480 
       H7361  5 0.1322 0.2019 0.1740 0.1429 0.1065 0.2425 
       H7362  5 0.2056 0.0799 0.1159 0.3257 0.1687 0.1042 
       H7363  5 0.1651 0.1669 0.1878 0.1527 0.1525 0.1750 
       H7394  5 0.2086 0.0890 0.2721 0.1420 0.1718 0.1166 
       H7395  5 0.1418 0.1272 0.2329 0.1753 0.1173 0.2055 
       H7396  5 0.1468 0.1569 0.2170 0.1434 0.1936 0.1424 
        H742  5 0.1191 0.1182 0.2326 0.1301 0.1234 0.2765 
        H743  5 0.1331 0.1734 0.1299 0.1534 0.2146 0.1956 
        H744  5 0.0892 0.2855 0.1001 0.0960 0.2319 0.1974 
        H957  5 0.1717 0.1558 0.2333 0.2159 0.1192 0.1041 
        H958  5 0.1528 0.1555 0.1903 0.1497 0.2372 0.1146 
        H959  5 0.1199 0.2463 0.1541 0.1137 0.0784 0.2875 
        H960  5 0.1359 0.1454 0.1318 0.1553 0.2363 0.1953 
      H_PALI  6 0.2362 0.1182 0.2020 0.1639 0.1208 0.1589 
        H581  6 0.1820 0.2544 0.1485 0.1588 0.1258 0.1305 
        H582  6 0.1386 0.3972 0.1100 0.1240 0.0829 0.1473 
        H583  6 0.1778 0.2079 0.1510 0.1782 0.1406 0.1445 
        H595  6 0.2850 0.1178 0.1649 0.1736 0.1729 0.0859 
        H596  6 0.2270 0.0967 0.1712 0.1754 0.2265 0.1034 
        H597  6 0.1646 0.0836 0.1722 0.2595 0.1791 0.1411 
        H598  6 0.1380 0.1468 0.1983 0.1398 0.1992 0.1779 
        H599  6 0.1446 0.2252 0.1337 0.1349 0.1297 0.2320 
        H642  6 0.2648 0.1358 0.1485 0.2232 0.1486 0.0792 
        H643  6 0.1347 0.1547 0.1379 0.1345 0.2662 0.1720 
        H664  6 0.1881 0.3520 0.1262 0.1530 0.0861 0.0946 
        H665  6 0.1609 0.1138 0.2414 0.1428 0.1389 0.2022 
        H674  6 0.2026 0.0857 0.1764 0.2666 0.1472 0.1216 
        H675  6 0.1572 0.2187 0.1551 0.1698 0.1310 0.1682 
        H676  6 0.2819 0.1067 0.1913 0.1704 0.1243 0.1253 
        H686  6 0.1892 0.1355 0.1988 0.2075 0.1114 0.1576 
        H687  6 0.1878 0.1648 0.1854 0.1860 0.1662 0.1099 
        H917  6 0.2083 0.0981 0.1712 0.1349 0.2404 0.1471 
        H918  6 0.1632 0.1182 0.1975 0.1704 0.1204 0.2303 
        H919  6 0.1000 0.2850 0.1283 0.1027 0.1309 0.2531 
        H920  6 0.1902 0.2374 0.1464 0.1608 0.0939 0.1713 
        H631  7 0.1350 0.2019 0.1972 0.1517 0.1104 0.2038 
        H684  7 0.1988 0.0740 0.2719 0.2278 0.1171 0.1104 
        H685  7 0.1386 0.3190 0.1076 0.1013 0.2448 0.0887 
        H713  7 0.1459 0.3983 0.1263 0.0953 0.1030 0.1311 
        H715  7 0.1710 0.0855 0.2576 0.2316 0.1344 0.1199 
        H716  7 0.1111 0.1542 0.1692 0.1598 0.0975 0.3082 
        H717  7 0.1766 0.1928 0.1165 0.1769 0.1268 0.2104 
        H729  7 0.1560 0.0682 0.1526 0.1241 0.3510 0.1481 
        H730  7 0.1138 0.1253 0.1136 0.1061 0.3317 0.2094 
        H431  8 0.1358 0.2075 0.1347 0.1308 0.2170 0.1742 
        H432  8 0.2236 0.0788 0.1444 0.2202 0.1276 0.2054 
        H433  8 0.1927 0.1123 0.1822 0.1433 0.2248 0.1447 
        H434  8 0.1526 0.1026 0.1763 0.1610 0.2515 0.1559 
        H444  8 0.2103 0.1205 0.1823 0.1492 0.1150 0.2227 
        H454  8 0.1131 0.3476 0.1112 0.1079 0.0965 0.2237 
        H475  8 0.1102 0.2608 0.1591 0.0903 0.0870 0.2926 
        H491  8 0.1525 0.1805 0.1853 0.1448 0.0919 0.2450 
        H492  8 0.1679 0.2425 0.1518 0.1334 0.1532 0.1512 
        H493  8 0.1750 0.1353 0.2133 0.1916 0.1630 0.1218 
        H494  8 0.1652 0.1765 0.1385 0.1673 0.1433 0.2092 
        H495  8 0.1561 0.2515 0.1355 0.1752 0.0902 0.1915 
        H662  8 0.2038 0.1987 0.1203 0.2206 0.1364 0.1202 
        H663  8 0.1743 0.1515 0.1447 0.1438 0.1698 0.2159 
        H695  8 0.1340 0.1679 0.1576 0.1504 0.2102 0.1800 
       H7367  8 0.1792 0.0711 0.1206 0.1213 0.4036 0.1043 
       H7368  8 0.1741 0.1087 0.1988 0.2392 0.1338 0.1455 
       H7369  8 0.1511 0.1273 0.1824 0.1413 0.1514 0.2464 
       H7370  8 0.2341 0.1122 0.1564 0.1149 0.3059 0.0766 
       H7371  8 0.1935 0.1316 0.1610 0.1346 0.2086 0.1707 
        H600  9 0.1024 0.1849 0.1825 0.1271 0.1418 0.2613 
        H648  9 0.2272 0.1657 0.1531 0.1966 0.1333 0.1241 
        H696  9 0.2737 0.1215 0.0981 0.2522 0.1736 0.0810 
        H697  9 0.1732 0.1179 0.1260 0.1579 0.2205 0.2045 
        H698  9 0.1817 0.1221 0.1001 0.1607 0.2775 0.1578 
        H699  9 0.1941 0.1483 0.1270 0.1547 0.2248 0.1511 
        H700  9 0.1047 0.1398 0.2611 0.1075 0.1281 0.2588 
        H732  9 0.1213 0.3327 0.1069 0.1644 0.1155 0.1592 
        H733  9 0.2774 0.1029 0.1274 0.1489 0.2179 0.1254 
        H734  9 0.2343 0.1304 0.2070 0.1754 0.1690 0.0839 
        H735  9 0.2986 0.1401 0.1201 0.1339 0.1997 0.1077 
        H736  9 0.1795 0.1608 0.1972 0.1693 0.1562 0.1370 
        H737  9 0.1003 0.1386 0.1453 0.1201 0.2809 0.2148 
        H905  9 0.1249 0.1502 0.2034 0.1361 0.1198 0.2656 
        H921  9 0.1535 0.2017 0.1635 0.1219 0.1497 0.2096 
        H922  9 0.2599 0.1017 0.1629 0.1671 0.1780 0.1305 
     H169705 10 0.1543 0.1197 0.1164 0.1027 0.4193 0.0875 
     H171942 10 0.2357 0.0776 0.1535 0.2095 0.1380 0.1856 
     H171943 10 0.1396 0.1462 0.1942 0.2034 0.2011 0.1155 
     H171944 10 0.1835 0.1561 0.1898 0.1434 0.2016 0.1255 
     H171946 10 0.1780 0.3043 0.1311 0.1620 0.1208 0.1038 
     H171947 10 0.2144 0.1252 0.1598 0.1613 0.1637 0.1756 
     H229641 10 0.2034 0.1872 0.1514 0.1728 0.1555 0.1297 
      H30001 10 0.2085 0.1712 0.1750 0.1516 0.1346 0.1590 
      H30002 10 0.1209 0.1262 0.2192 0.1221 0.2346 0.1770 
      H30005 10 0.1687 0.1181 0.1221 0.1637 0.3039 0.1236 
      H30006 10 0.1313 0.1069 0.0837 0.1441 0.4362 0.0978 
      H30007 10 0.1821 0.0815 0.2027 0.2820 0.1429 0.1089 
        H451 10 0.2300 0.0976 0.2062 0.1680 0.1454 0.1530 
        H452 10 0.1495 0.1248 0.0925 0.1286 0.3624 0.1423 
        H453 10 0.1241 0.2523 0.1574 0.1661 0.0960 0.2040 
        H473 10 0.1418 0.1764 0.1597 0.1870 0.1119 0.2231 
        H474 10 0.1430 0.3598 0.1244 0.1095 0.1036 0.1598 
        H486 10 0.1623 0.2668 0.1170 0.1209 0.1665 0.1665 
        H487 10 0.1266 0.1554 0.1375 0.1452 0.2386 0.1966 
        H488 10 0.1407 0.1501 0.1517 0.1308 0.1444 0.2823 
        H489 10 0.1263 0.2560 0.1302 0.1141 0.1975 0.1758 
        H550 10 0.1626 0.1352 0.2519 0.1747 0.1900 0.0856 
        H551 10 0.1714 0.1429 0.1242 0.1108 0.2750 0.1757 
        H553 10 0.0942 0.2370 0.0909 0.1021 0.3430 0.1328 
        H554 10 0.2401 0.1123 0.2107 0.1798 0.1279 0.1293 
        H556 10 0.1112 0.1934 0.1299 0.1681 0.3013 0.0962 
        H580 10 0.1539 0.1016 0.1619 0.1641 0.2462 0.1723 
        H591 10 0.0920 0.3462 0.1071 0.0939 0.1153 0.2454 
        H592 10 0.1844 0.2229 0.1488 0.1406 0.1800 0.1233 
        H593 10 0.1966 0.1402 0.2090 0.1788 0.1281 0.1473 
        H594 10 0.2081 0.0777 0.1507 0.2667 0.1822 0.1146 
        H627 10 0.2084 0.1839 0.1726 0.1688 0.1504 0.1159 
        H628 10 0.1332 0.0615 0.1645 0.1734 0.1833 0.2840 
        H629 10 0.1952 0.2404 0.1368 0.2013 0.1128 0.1135 
        H630 10 0.2111 0.2401 0.1518 0.1296 0.1872 0.0803 
        H638 10 0.3126 0.1600 0.1357 0.1505 0.1484 0.0928 
        H639 10 0.1359 0.3647 0.0866 0.1494 0.1099 0.1535 
        H640 10 0.2337 0.1550 0.1649 0.1855 0.1491 0.1118 
        H704 10 0.1674 0.0915 0.1509 0.3035 0.1537 0.1330 
        H705 10 0.1419 0.1199 0.1221 0.1035 0.4259 0.0867 
        H706 10 0.1166 0.1718 0.1410 0.1085 0.2112 0.2509 
        H708 10 0.1505 0.3456 0.1427 0.1134 0.1225 0.1252 
       H7351 10 0.2070 0.1430 0.1740 0.2045 0.1267 0.1448 
       H7352 10 0.1567 0.1856 0.1727 0.1655 0.1609 0.1586 
       H7353 10 0.1705 0.0884 0.1128 0.4165 0.1080 0.1038 
       H7354 10 0.1039 0.1331 0.2693 0.1299 0.1078 0.2560 
       H7365 10 0.1154 0.3750 0.1296 0.1052 0.1173 0.1576 
       H7383 10 0.1430 0.1736 0.2061 0.1212 0.1412 0.2151 
       H7384 10 0.1048 0.1384 0.1717 0.1321 0.2675 0.1855 
       H7385 10 0.1216 0.1588 0.1940 0.1243 0.1416 0.2597 
       H7386 10 0.1934 0.1304 0.1375 0.1747 0.1664 0.1976 
       H7387 10 0.1621 0.1129 0.2439 0.1738 0.1550 0.1523 
       H7388 10 0.1222 0.1316 0.0923 0.1239 0.3349 0.1951 
        H906 10 0.1347 0.2014 0.1170 0.2445 0.0802 0.2221 
        H907 10 0.2921 0.1002 0.1831 0.1830 0.1445 0.0972 
        H908 10 0.2177 0.1472 0.1686 0.1531 0.1639 0.1495 
        H909 10 0.1125 0.1098 0.2722 0.1273 0.1164 0.2619 
       H9552 10 0.1629 0.1466 0.1498 0.2105 0.1693 0.1609 
       H9553 10 0.0890 0.1750 0.0980 0.1076 0.4129 0.1175 
       H9555 10 0.1806 0.1288 0.1915 0.1382 0.2177 0.1431 
       H9575 10 0.1384 0.2796 0.1599 0.1647 0.1146 0.1428 
       H9703 10 0.0708 0.2923 0.1081 0.0952 0.2633 0.1702 
       H9707 10 0.1447 0.2670 0.1259 0.1249 0.1640 0.1735 
       HSAA4 10 0.1688 0.1113 0.1655 0.1655 0.2272 0.1616 
        H001 11 0.1335 0.1424 0.1855 0.1715 0.1146 0.2526 
        H004 11 0.1759 0.1306 0.2087 0.1743 0.1420 0.1684 
        H005 11 0.0976 0.2473 0.1815 0.0920 0.0831 0.2984 
        H006 11 0.1457 0.1294 0.2215 0.1477 0.1753 0.1804 
        H007 11 0.0970 0.1973 0.1472 0.1065 0.1135 0.3385 
        H031 11 0.1058 0.3726 0.1306 0.0876 0.1305 0.1729 
        H074 11 0.1661 0.3534 0.1142 0.1275 0.1157 0.1230 
        H075 11 0.1146 0.2320 0.1850 0.1054 0.1139 0.2490 
        H080 11 0.1513 0.2478 0.1259 0.1211 0.1424 0.2115 
        H086 11 0.1488 0.1028 0.1327 0.1322 0.3306 0.1529 
        H092 11 0.1171 0.1651 0.1575 0.1368 0.2366 0.1869 
        H093 11 0.2073 0.0900 0.1351 0.2973 0.1481 0.1222 
        H094 11 0.2108 0.1542 0.1912 0.1744 0.1808 0.0887 
        H095 11 0.1199 0.2533 0.1620 0.1497 0.1124 0.2027 
        H096 11 0.1178 0.1693 0.2032 0.1316 0.1109 0.2672 
        H099 11 0.1915 0.1785 0.1607 0.1479 0.1390 0.1825 
        H100 11 0.1433 0.0796 0.2076 0.1917 0.1463 0.2316 
        H127 11 0.1295 0.1681 0.1080 0.1392 0.2650 0.1902 
        H136 11 0.1326 0.2502 0.1505 0.1326 0.1257 0.2083 
        H153 11 0.2223 0.1265 0.2071 0.1895 0.1204 0.1341 
        H154 11 0.1281 0.3437 0.1485 0.1182 0.1270 0.1346 
        H155 11 0.1624 0.0680 0.1540 0.1257 0.2560 0.2339 
