        H102  1 0.2619 0.3622 0.3759 
        H103  1 0.4319 0.2233 0.3447 
        H104  1 0.2458 0.4163 0.3378 
        H105  1 0.2853 0.2922 0.4224 
        H106  1 0.3369 0.3537 0.3094 
        H112  1 0.2540 0.3803 0.3657 
        H113  1 0.2615 0.2961 0.4425 
        H114  1 0.2716 0.2506 0.4777 
        H115  1 0.2231 0.3525 0.4244 
        H143  1 0.2872 0.2821 0.4307 
        H144  1 0.4111 0.2190 0.3700 
        H145  1 0.4134 0.2404 0.3462 
        H149  1 0.2810 0.4214 0.2976 
        H150  1 0.3361 0.3311 0.3328 
     H167542  1 0.2791 0.2896 0.4313 
     H169604  1 0.2878 0.2984 0.4138 
     H169607  1 0.3727 0.2553 0.3720 
     H169608  1 0.2848 0.4351 0.2801 
     H169633  1 0.3230 0.2402 0.4368 
     H169688  1 0.4399 0.2798 0.2804 
     H169714  1 0.2901 0.3981 0.3118 
     H171802  1 0.2974 0.4217 0.2809 
     H171805  1 0.3688 0.2664 0.3648 
     H171807  1 0.3155 0.3756 0.3089 
     H171814  1 0.4448 0.2379 0.3173 
     H171816  1 0.2981 0.3824 0.3195 
     H171817  1 0.2808 0.3723 0.3469 
     H171818  1 0.3294 0.3013 0.3693 
     H171819  1 0.3002 0.3601 0.3397 
     H171834  1 0.3010 0.3024 0.3967 
     H171835  1 0.2571 0.4913 0.2516 
     H171836  1 0.4071 0.1937 0.3992 
     H171837  1 0.2712 0.3895 0.3393 
     H171838  1 0.3754 0.2686 0.3560 
     H171839  1 0.2839 0.3748 0.3413 
     H171841  1 0.3082 0.4704 0.2214 
     H171860  1 0.2810 0.3287 0.3903 
     H171861  1 0.3361 0.1920 0.4718 
     H171862  1 0.3023 0.3203 0.3774 
     H171868  1 0.2606 0.2719 0.4675 
     H171869  1 0.4272 0.2884 0.2845 
     H171870  1 0.3786 0.3230 0.2984 
     H171871  1 0.3939 0.2714 0.3347 
     H171872  1 0.2603 0.3638 0.3760 
     H171873  1 0.3960 0.3541 0.2499 
     H171874  1 0.3593 0.2786 0.3621 
     H171875  1 0.3547 0.2103 0.4350 
     H171876  1 0.3204 0.2797 0.3999 
     H171877  1 0.2491 0.3004 0.4505 
     H171878  1 0.3891 0.3711 0.2398 
     H171901  1 0.3315 0.4103 0.2581 
     H171902  1 0.3791 0.3239 0.2970 
     H171903  1 0.2961 0.3112 0.3927 
     H171935  1 0.3583 0.3943 0.2473 
     H171936  1 0.3218 0.2716 0.4067 
     H171940  1 0.3130 0.3696 0.3174 
     H171945  1 0.3791 0.3220 0.2989 
     H171948  1 0.2590 0.3567 0.3843 
     H171949  1 0.2755 0.4561 0.2684 
     H171950  1 0.2723 0.4689 0.2587 
     H171963  1 0.4282 0.2650 0.3068 
     H171964  1 0.4598 0.2700 0.2702 
     H171966  1 0.3307 0.3402 0.3291 
     H171968  1 0.3445 0.3468 0.3088 
     H171971  1 0.3937 0.3242 0.2821 
     H171972  1 0.3958 0.2597 0.3445 
     H171977  1 0.4414 0.2743 0.2843 
     H171978  1 0.3261 0.3837 0.2902 
     H171979  1 0.3886 0.2214 0.3900 
        H176  1 0.3210 0.2983 0.3807 
        H177  1 0.2599 0.4452 0.2949 
        H179  1 0.2449 0.4049 0.3502 
        H181  1 0.3975 0.2416 0.3609 
        H182  1 0.3698 0.2290 0.4012 
        H183  1 0.4601 0.2738 0.2660 
        H184  1 0.2894 0.3545 0.3560 
        H185  1 0.3689 0.2591 0.3720 
        H186  1 0.3451 0.3486 0.3064 
        H187  1 0.3574 0.3323 0.3103 
        H188  1 0.2565 0.3805 0.3631 
        H192  1 0.2948 0.4064 0.2988 
        H193  1 0.3826 0.2442 0.3732 
        H194  1 0.2843 0.3379 0.3779 
        H195  1 0.4671 0.2454 0.2874 
        H199  1 0.4541 0.2738 0.2721 
        H200  1 0.3080 0.3766 0.3154 
        H414  1 0.3644 0.2877 0.3479 
        H415  1 0.3054 0.2775 0.4172 
        H422  1 0.3609 0.3281 0.3110 
        H423  1 0.2535 0.4993 0.2472 
        H424  1 0.4003 0.2428 0.3569 
        H425  1 0.4546 0.2649 0.2805 
        H426  1 0.4572 0.2943 0.2485 
        H443  1 0.4080 0.2602 0.3319 
        H466  1 0.3177 0.3367 0.3456 
        H467  1 0.2937 0.4541 0.2522 
        H472  1 0.3591 0.3371 0.3038 
        H483  1 0.3479 0.2457 0.4064 
        H504  1 0.4585 0.2598 0.2817 
        H505  1 0.2969 0.3757 0.3274 
        H506  1 0.3613 0.3140 0.3248 
        H507  1 0.3932 0.2170 0.3898 
        H508  1 0.3530 0.3670 0.2800 
        H524  1 0.3860 0.2448 0.3692 
        H525  1 0.3659 0.2929 0.3412 
        H526  1 0.3040 0.2675 0.4285 
        H527  1 0.2928 0.3900 0.3172 
        H528  1 0.3629 0.2405 0.3967 
        H529  1 0.3872 0.2326 0.3802 
        H533  1 0.3493 0.2257 0.4250 
        H538  1 0.3019 0.3571 0.3410 
        H539  1 0.4099 0.2951 0.2950 
        H540  1 0.3157 0.3213 0.3630 
        H541  1 0.3043 0.3046 0.3911 
        H558  1 0.4287 0.2894 0.2818 
        H559  1 0.3297 0.3048 0.3654 
        H579  1 0.3605 0.2631 0.3764 
        H584  1 0.4174 0.2762 0.3064 
        H585  1 0.3567 0.2823 0.3610 
        H605  1 0.3235 0.3348 0.3417 
        H606  1 0.2645 0.4357 0.2997 
        H632  1 0.4310 0.2735 0.2955 
        H634  1 0.3787 0.2887 0.3325 
        H671  1 0.2699 0.4625 0.2676 
        H672  1 0.3598 0.3185 0.3217 
        H673  1 0.3678 0.2771 0.3551 
        H689  1 0.3666 0.2774 0.3560 
        H690  1 0.2383 0.3609 0.4008 
        H691  1 0.2867 0.3170 0.3963 
        H692  1 0.4071 0.1800 0.4129 
        H709  1 0.3269 0.3019 0.3712 
        H710  1 0.3770 0.2170 0.4060 
       H7355  1 0.2911 0.2487 0.4602 
       H7356  1 0.3718 0.3071 0.3211 
       H7357  1 0.2846 0.3295 0.3859 
       H7358  1 0.3916 0.2596 0.3488 
       H7380  1 0.3224 0.2717 0.4059 
       H7381  1 0.3283 0.4080 0.2636 
       H7382  1 0.3397 0.2762 0.3842 
        H904  1 0.2068 0.5297 0.2636 
        H923  1 0.3509 0.3371 0.3120 
        H924  1 0.3218 0.3790 0.2992 
        H925  1 0.3433 0.2910 0.3657 
       H9558  1 0.4628 0.2700 0.2672 
        H008  2 0.2999 0.2308 0.4693 
        H021  2 0.2872 0.4104 0.3024 
        H023  2 0.2711 0.4151 0.3138 
        H024  2 0.4421 0.2292 0.3287 
        H025  2 0.3463 0.3934 0.2603 
        H026  2 0.4587 0.2495 0.2918 
        H027  2 0.3280 0.2928 0.3792 
        H028  2 0.3750 0.2658 0.3591 
        H029  2 0.3825 0.2677 0.3498 
        H030  2 0.4326 0.2390 0.3284 
        H038  2 0.3200 0.4176 0.2624 
        H039  2 0.2060 0.5952 0.1988 
        H040  2 0.3245 0.4026 0.2729 
        H041  2 0.2694 0.3014 0.4292 
        H042  2 0.3146 0.3490 0.3364 
        H043  2 0.3243 0.4590 0.2167 
        H044  2 0.4097 0.2542 0.3361 
        H047  2 0.3429 0.3989 0.2583 
        H050  2 0.4125 0.2553 0.3322 
        H058  2 0.3410 0.3774 0.2816 
        H062  2 0.2983 0.3975 0.3042 
        H063  2 0.2635 0.4400 0.2965 
        H065  2 0.3942 0.3365 0.2692 
        H066  2 0.3969 0.3060 0.2971 
        H067  2 0.3143 0.2831 0.4026 
        H068  2 0.3025 0.4612 0.2363 
        H069  2 0.4166 0.3199 0.2635 
        H071  2 0.2765 0.4090 0.3145 
        H072  2 0.2516 0.4631 0.2852 
        H073  2 0.3663 0.2822 0.3515 
        H081  2 0.2387 0.3217 0.4396 
        H082  2 0.4183 0.2213 0.3605 
        H083  2 0.4050 0.2536 0.3414 
        H084  2 0.3307 0.3656 0.3038 
        H085  2 0.2640 0.2951 0.4408 
        H087  2 0.2454 0.3019 0.4526 
        H088  2 0.2526 0.4011 0.3462 
        H089  2 0.3291 0.2786 0.3924 
        H090  2 0.3863 0.2669 0.3469 
        H091  2 0.3396 0.2431 0.4173 
        H098  2 0.3277 0.2757 0.3966 
      H10001  2 0.2069 0.5977 0.1954 
      H10002  2 0.2591 0.3708 0.3702 
        H101  2 0.4209 0.2832 0.2959 
        H108  2 0.2478 0.3890 0.3632 
        H109  2 0.3378 0.3595 0.3028 
        H110  2 0.2536 0.2338 0.5126 
        H116  2 0.3940 0.2797 0.3263 
        H117  2 0.2763 0.2664 0.4573 
        H118  2 0.4237 0.2135 0.3627 
        H119  2 0.2738 0.3883 0.3379 
        H120  2 0.2213 0.4879 0.2908 
        H121  2 0.3633 0.2575 0.3792 
        H125  2 0.2042 0.5929 0.2029 
        H126  2 0.4084 0.2840 0.3077 
        H128  2 0.5267 0.1631 0.3102 
        H129  2 0.4492 0.2330 0.3178 
        H130  2 0.3578 0.4133 0.2289 
        H133  2 0.2789 0.4867 0.2345 
        H134  2 0.5254 0.2259 0.2487 
        H135  2 0.2832 0.3233 0.3935 
        H137  2 0.3288 0.3190 0.3522 
        H138  2 0.4325 0.2542 0.3134 
        H140  2 0.3471 0.3129 0.3400 
        H146  2 0.3975 0.2636 0.3389 
        H147  2 0.2723 0.2624 0.4653 
        H148  2 0.2530 0.2779 0.4691 
     H166022  2 0.3258 0.2376 0.4366 
     H167359  2 0.3487 0.3008 0.3504 
     H167397  2 0.3954 0.1704 0.4342 
     H167428  2 0.3853 0.1929 0.4217 
     H167496  2 0.2340 0.4601 0.3060 
     H167513  2 0.3798 0.3263 0.2940 
     H167545  2 0.4345 0.2600 0.3055 
     H167547  2 0.4794 0.2302 0.2905 
     H169621  2 0.3534 0.2493 0.3973 
     H169622  2 0.3729 0.2396 0.3875 
     H169750  2 0.3631 0.3856 0.2513 
     H171806  2 0.3426 0.3820 0.2755 
     H171808  2 0.3823 0.3102 0.3074 
     H171809  2 0.2714 0.3289 0.3996 
     H171813  2 0.3901 0.3291 0.2808 
     H171815  2 0.3013 0.4853 0.2135 
     H171824  2 0.2230 0.4147 0.3623 
     H171825  2 0.3499 0.2969 0.3532 
     H171826  2 0.2758 0.3628 0.3614 
     H171827  2 0.2914 0.3372 0.3714 
     H171828  2 0.2007 0.5292 0.2701 
     H171829  2 0.4004 0.3360 0.2636 
     H171830  2 0.2966 0.3296 0.3738 
     H171831  2 0.4414 0.2267 0.3319 
     H171832  2 0.3689 0.2949 0.3363 
     H171863  2 0.4982 0.2153 0.2865 
     H171864  2 0.3041 0.3147 0.3813 
     H171865  2 0.3007 0.4631 0.2361 
     H171879  2 0.3675 0.3014 0.3311 
     H171880  2 0.3412 0.2800 0.3789 
     H171881  2 0.3280 0.2763 0.3957 
     H171882  2 0.2419 0.5109 0.2472 
     H171929  2 0.3207 0.2974 0.3819 
     H171930  2 0.4496 0.2380 0.3124 
     H171933  2 0.3305 0.2915 0.3780 
     H171934  2 0.2971 0.3154 0.3875 
     H171937  2 0.4274 0.2575 0.3150 
     H171962  2 0.3227 0.2753 0.4020 
        H190  2 0.3563 0.2631 0.3806 
        H191  2 0.3575 0.3328 0.3098 
        H396  2 0.3092 0.3425 0.3484 
        H397  2 0.3482 0.2848 0.3670 
        H398  2 0.3607 0.3645 0.2747 
        H400  2 0.3241 0.3111 0.3648 
        H401  2 0.4350 0.1998 0.3652 
        H402  2 0.3237 0.2363 0.4400 
        H427  2 0.2774 0.3037 0.4189 
        H428  2 0.3735 0.1913 0.4352 
        H497  2 0.3392 0.3748 0.2860 
        H512  2 0.3177 0.3014 0.3810 
        H513  2 0.3785 0.3283 0.2932 
        H514  2 0.3885 0.2978 0.3137 
        H519  2 0.3586 0.3275 0.3139 
        H532  2 0.3171 0.2640 0.4189 
        H543  2 0.3084 0.2459 0.4457 
        H544  2 0.4388 0.3141 0.2472 
        H545  2 0.4669 0.2440 0.2892 
        H546  2 0.3351 0.4092 0.2557 
        H547  2 0.4796 0.2295 0.2909 
        H548  2 0.3041 0.2873 0.4086 
        H549  2 0.4655 0.2907 0.2437 
        H620  2 0.2159 0.5286 0.2555 
        H623  2 0.4174 0.2585 0.3241 
        H624  2 0.4020 0.3952 0.2028 
        H625  2 0.3310 0.2991 0.3699 
        H626  2 0.3377 0.3412 0.3211 
        H654  2 0.2524 0.5527 0.1948 
        H655  2 0.2858 0.4075 0.3067 
        H656  2 0.2404 0.4889 0.2707 
        H666  2 0.2785 0.5116 0.2099 
        H667  2 0.3009 0.2938 0.4052 
        H677  2 0.3279 0.2905 0.3815 
        H693  2 0.2253 0.4409 0.3338 
        H694  2 0.4020 0.2548 0.3433 
        H701  2 0.3308 0.2527 0.4165 
        H702  2 0.2876 0.3610 0.3514 
        H731  2 0.2729 0.3893 0.3378 
       H7359  2 0.3341 0.3076 0.3583 
       H7389  2 0.3702 0.3195 0.3104 
       H7390  2 0.2725 0.4756 0.2520 
       H7391  2 0.2331 0.2752 0.4917 
       H7392  2 0.3739 0.3519 0.2742 
       H7393  2 0.3117 0.3797 0.3085 
       H7398  2 0.2665 0.3043 0.4291 
       H7399  2 0.3595 0.2447 0.3957 
       H7400  2 0.2432 0.5464 0.2105 
        H745  2 0.4693 0.2460 0.2847 
        H746  2 0.3670 0.2473 0.3857 
        H747  2 0.2827 0.4466 0.2707 
        H748  2 0.3242 0.3418 0.3341 
       H7484  2 0.2601 0.4680 0.2719 
       H7485  2 0.3942 0.2935 0.3123 
        H749  2 0.3797 0.2611 0.3591 
        H930  2 0.4200 0.2532 0.3268 
        H931  2 0.3094 0.3005 0.3901 
        H932  2 0.3335 0.3452 0.3213 
        H111  3 0.4232 0.2492 0.3277 
        H951  3 0.3955 0.2530 0.3515 
        H952  3 0.3824 0.3458 0.2718 
        H953  3 0.3431 0.2845 0.3724 
        H954  3 0.2713 0.4480 0.2807 
        H955  3 0.3946 0.2518 0.3536 
        H956  3 0.3051 0.3692 0.3257 
       H9563  3 0.2771 0.3620 0.3609 
        H002  4 0.3275 0.4189 0.2535 
        H003  4 0.3209 0.2474 0.4317 
        H009  4 0.4309 0.2726 0.2965 
        H010  4 0.3160 0.3039 0.3802 
        H011  4 0.2434 0.4735 0.2831 
        H012  4 0.2765 0.2375 0.4860 
        H013  4 0.2378 0.3636 0.3986 
        H014  4 0.3169 0.3312 0.3519 
        H045  4 0.2685 0.3635 0.3680 
        H046  4 0.3874 0.2562 0.3563 
        H051  4 0.2512 0.3855 0.3632 
        H052  4 0.3786 0.3768 0.2445 
        H053  4 0.2927 0.3930 0.3143 
        H056  4 0.3209 0.4215 0.2576 
        H076  4 0.3987 0.2383 0.3630 
        H151  4 0.2674 0.5044 0.2282 
        H152  4 0.3318 0.4283 0.2398 
     H171803  4 0.2850 0.4256 0.2894 
     H171804  4 0.2822 0.3892 0.3285 
     H171833  4 0.4644 0.2475 0.2881 
     H171855  4 0.2943 0.4806 0.2251 
     H171856  4 0.3570 0.3406 0.3024 
     H171857  4 0.3087 0.4446 0.2467 
     H171858  4 0.3727 0.3163 0.3110 
     H171859  4 0.3312 0.3546 0.3142 
     H171961  4 0.2888 0.4146 0.2966 
        H198  4 0.3480 0.2224 0.4296 
      H20001  4 0.4667 0.2545 0.2788 
        H403  4 0.3758 0.3511 0.2731 
        H404  4 0.3057 0.2524 0.4420 
        H405  4 0.3491 0.2458 0.4052 
        H406  4 0.4775 0.2955 0.2269 
        H407  4 0.3173 0.3783 0.3044 
        H410  4 0.3966 0.2408 0.3626 
        H411  4 0.4118 0.2676 0.3206 
        H468  4 0.4231 0.3196 0.2573 
        H476  4 0.3515 0.3640 0.2845 
        H477  4 0.4830 0.2736 0.2434 
        H478  4 0.3348 0.2457 0.4195 
        H479  4 0.2752 0.3589 0.3659 
        H480  4 0.4210 0.2497 0.3293 
        H498  4 0.3351 0.3080 0.3569 
        H499  4 0.3313 0.3383 0.3305 
        H500  4 0.2392 0.4423 0.3185 
        H515  4 0.3040 0.3903 0.3057 
        H516  4 0.3611 0.3166 0.3223 
        H517  4 0.3357 0.3163 0.3480 
        H518  4 0.3721 0.3819 0.2460 
        H520  4 0.3209 0.4151 0.2641 
        H521  4 0.3133 0.3012 0.3856 
        H522  4 0.3337 0.3661 0.3001 
        H523  4 0.3213 0.3545 0.3242 
        H536  4 0.3274 0.2994 0.3732 
        H645  4 0.2505 0.3593 0.3902 
        H646  4 0.4336 0.2442 0.3221 
        H647  4 0.4072 0.3135 0.2793 
        H657  4 0.3756 0.2482 0.3762 
        H658  4 0.3193 0.3642 0.3165 
        H659  4 0.2353 0.5368 0.2280 
        H660  4 0.3352 0.3493 0.3154 
        H661  4 0.3221 0.4201 0.2578 
        H668  4 0.3062 0.2442 0.4496 
        H669  4 0.2855 0.3419 0.3727 
        H670  4 0.2339 0.3395 0.4267 
        H678  4 0.3311 0.3346 0.3344 
        H679  4 0.3540 0.2550 0.3910 
        H680  4 0.3663 0.3294 0.3043 
        H681  4 0.2641 0.3632 0.3726 
        H682  4 0.2769 0.2997 0.4234 
        H683  4 0.3715 0.3880 0.2405 
        H718  4 0.2923 0.4522 0.2555 
        H719  4 0.2677 0.3453 0.3870 
        H720  4 0.3769 0.3483 0.2748 
        H721  4 0.3693 0.3588 0.2719 
        H722  4 0.3874 0.3843 0.2283 
        H723  4 0.2449 0.4035 0.3516 
        H724  4 0.2495 0.5276 0.2228 
        H725  4 0.2807 0.4765 0.2428 
        H726  4 0.2771 0.4242 0.2987 
        H727  4 0.2344 0.4213 0.3443 
        H910  4 0.2533 0.3942 0.3525 
        H911  4 0.3880 0.2841 0.3278 
        H912  4 0.3482 0.3612 0.2906 
        H913  4 0.3164 0.4185 0.2650 
        H914  4 0.2292 0.4302 0.3407 
        H915  4 0.3278 0.3546 0.3176 
        H916  4 0.4008 0.3311 0.2681 
       H9572  4 0.3335 0.3484 0.3180 
        H015  5 0.4147 0.2622 0.3232 
        H016  5 0.4340 0.2636 0.3024 
        H017  5 0.3914 0.3456 0.2630 
        H019  5 0.3701 0.2896 0.3403 
        H020  5 0.3442 0.3729 0.2829 
        H032  5 0.3292 0.3563 0.3145 
        H033  5 0.2848 0.2779 0.4373 
        H034  5 0.2424 0.4030 0.3546 
        H035  5 0.3480 0.3364 0.3156 
        H036  5 0.3578 0.3031 0.3391 
        H037  5 0.2820 0.4430 0.2750 
        H048  5 0.2553 0.4464 0.2983 
        H049  5 0.3985 0.3159 0.2856 
        H054  5 0.3100 0.3423 0.3478 
        H055  5 0.3031 0.3733 0.3236 
        H057  5 0.4129 0.3265 0.2605 
        H060  5 0.3351 0.3871 0.2778 
        H061  5 0.3357 0.2828 0.3816 
        H064  5 0.3170 0.3620 0.3210 
        H070  5 0.2550 0.3735 0.3715 
        H077  5 0.2857 0.4415 0.2729 
        H078  5 0.3338 0.4126 0.2536 
        H079  5 0.3251 0.2447 0.4301 
        H097  5 0.4195 0.3532 0.2273 
        H107  5 0.2140 0.5174 0.2687 
        H122  5 0.4084 0.3105 0.2811 
        H123  5 0.4015 0.2552 0.3433 
        H124  5 0.3696 0.2635 0.3669 
        H131  5 0.3523 0.2750 0.3727 
        H132  5 0.3118 0.3577 0.3305 
        H141  5 0.3245 0.3757 0.2998 
        H142  5 0.3359 0.2506 0.4136 
        H157  5 0.2610 0.4423 0.2967 
        H158  5 0.4541 0.2637 0.2823 
        H159  5 0.3870 0.2504 0.3626 
        H160  5 0.3750 0.3312 0.2938 
        H163  5 0.3417 0.2864 0.3720 
        H164  5 0.3189 0.2797 0.4014 
        H165  5 0.3267 0.2234 0.4498 
        H166  5 0.3701 0.2994 0.3306 
        H169  5 0.3085 0.3193 0.3722 
     H169613  5 0.3274 0.3515 0.3211 
     H169653  5 0.3169 0.2857 0.3974 
     H169728  5 0.3621 0.2919 0.3460 
     H169742  5 0.3020 0.3470 0.3511 
        H170  5 0.4462 0.3016 0.2523 
        H171  5 0.4269 0.2900 0.2832 
     H171851  5 0.3680 0.3145 0.3175 
     H171852  5 0.3340 0.4034 0.2626 
     H171853  5 0.2663 0.3716 0.3621 
     H171854  5 0.3492 0.3261 0.3247 
     H171938  5 0.2549 0.3104 0.4347 
     H171939  5 0.4422 0.2756 0.2823 
     H171941  5 0.2405 0.4641 0.2955 
     H171965  5 0.3432 0.2617 0.3952 
     H171970  5 0.2386 0.4978 0.2635 
     H171973  5 0.3096 0.2694 0.4210 
     H171974  5 0.2734 0.3290 0.3975 
     H171975  5 0.2879 0.3730 0.3391 
     H171976  5 0.4595 0.3182 0.2222 
        H175  5 0.2569 0.4220 0.3212 
        H178  5 0.3021 0.3656 0.3322 
        H189  5 0.3957 0.2246 0.3797 
        H399  5 0.4575 0.3002 0.2423 
        H416  5 0.3054 0.3722 0.3224 
        H438  5 0.2599 0.3376 0.4025 
        H450  5 0.2824 0.4366 0.2810 
        H455  5 0.2287 0.4782 0.2931 
        H456  5 0.2818 0.3404 0.3778 
        H457  5 0.3376 0.4049 0.2575 
        H458  5 0.2687 0.4031 0.3282 
        H459  5 0.3709 0.2488 0.3803 
        H460  5 0.3205 0.3555 0.3240 
        H461  5 0.4231 0.3112 0.2657 
        H462  5 0.3186 0.2795 0.4020 
        H469  5 0.3287 0.2474 0.4238 
        H470  5 0.2977 0.3467 0.3557 
        H471  5 0.4610 0.2374 0.3016 
        H481  5 0.2518 0.5156 0.2326 
        H482  5 0.3227 0.3666 0.3107 
        H501  5 0.2972 0.3387 0.3641 
        H502  5 0.3898 0.2437 0.3665 
        H503  5 0.3722 0.2810 0.3468 
        H509  5 0.2728 0.4313 0.2959 
        H510  5 0.3164 0.3103 0.3733 
        H511  5 0.3618 0.2737 0.3645 
        H530  5 0.2743 0.3631 0.3627 
        H531  5 0.3241 0.4330 0.2429 
        H564  5 0.3292 0.3702 0.3006 
        H565  5 0.2811 0.4936 0.2253 
        H567  5 0.4316 0.2319 0.3366 
     H568???  5 0.4225 0.2629 0.3146 
        H608  5 0.2804 0.4301 0.2894 
        H609  5 0.2797 0.3056 0.4146 
        H612  5 0.2254 0.4698 0.3047 
        H614  5 0.2929 0.4820 0.2250 
        H615  5 0.3257 0.4341 0.2402 
        H616  5 0.2086 0.5293 0.2621 
        H617  5 0.3339 0.2460 0.4200 
        H618  5 0.2629 0.4521 0.2850 
        H619  5 0.3044 0.2626 0.4329 
        H635  5 0.3101 0.3241 0.3658 
        H636  5 0.2520 0.2632 0.4848 
        H637  5 0.3198 0.3596 0.3206 
        H644  5 0.5186 0.1830 0.2984 
        H711  5 0.4271 0.2951 0.2777 
        H712  5 0.2653 0.4014 0.3333 
       H7360  5 0.3761 0.3298 0.2941 
       H7361  5 0.2976 0.4161 0.2862 
       H7362  5 0.4754 0.2082 0.3164 
       H7363  5 0.3377 0.4036 0.2588 
       H7394  5 0.3329 0.2644 0.4027 
       H7395  5 0.2842 0.3394 0.3764 
       H7396  5 0.3133 0.3457 0.3410 
        H742  5 0.2949 0.3483 0.3568 
        H743  5 0.3535 0.3678 0.2788 
        H744  5 0.2574 0.4960 0.2467 
        H957  5 0.3800 0.3128 0.3072 
        H958  5 0.3638 0.2971 0.3391 
        H959  5 0.2357 0.4339 0.3304 
        H960  5 0.3210 0.3439 0.3351 
      H_PALI  6 0.3410 0.2933 0.3657 
        H581  6 0.3492 0.3891 0.2617 
        H582  6 0.2953 0.4639 0.2408 
        H583  6 0.3418 0.3590 0.2992 
        H595  6 0.4020 0.2382 0.3597 
        H596  6 0.3888 0.2307 0.3805 
        H597  6 0.4228 0.2537 0.3234 
        H598  6 0.2790 0.3356 0.3853 
        H599  6 0.2838 0.4316 0.2846 
        H642  6 0.4280 0.2778 0.2943 
        H643  6 0.3072 0.3381 0.3547 
        H664  6 0.3523 0.4414 0.2062 
        H665  6 0.2462 0.3045 0.4494 
        H674  6 0.4976 0.2277 0.2747 
        H675  6 0.3447 0.4021 0.2531 
        H676  6 0.3794 0.2597 0.3609 
        H686  6 0.3574 0.3090 0.3336 
        H687  6 0.3557 0.3368 0.3075 
        H917  6 0.3007 0.2317 0.4676 
        H918  6 0.3204 0.2829 0.3967 
        H919  6 0.2320 0.4780 0.2900 
        H920  6 0.2956 0.3757 0.3287 
        H631  7 0.3098 0.4013 0.2889 
        H684  7 0.3983 0.2555 0.3461 
        H685  7 0.2883 0.4836 0.2281 
        H713  7 0.2606 0.4441 0.2952 
        H715  7 0.3827 0.2872 0.3301 
        H716  7 0.3039 0.3694 0.3267 
        H717  7 0.3408 0.3556 0.3035 
        H729  7 0.2843 0.2286 0.4871 
        H730  7 0.2668 0.3547 0.3785 
        H431  8 0.2729 0.4214 0.3057 
        H432  8 0.4421 0.2336 0.3243 
        H433  8 0.2846 0.2822 0.4333 
        H434  8 0.3357 0.2885 0.3757 
        H444  8 0.2752 0.2783 0.4465 
        H454  8 0.2426 0.4478 0.3096 
        H475  8 0.2631 0.4644 0.2725 
        H491  8 0.3051 0.3870 0.3079 
        H492  8 0.2858 0.4273 0.2869 
        H493  8 0.3729 0.3130 0.3141 
        H494  8 0.3198 0.3590 0.3212 
        H495  8 0.3431 0.4544 0.2025 
        H662  8 0.4219 0.3043 0.2738 
        H663  8 0.3221 0.3350 0.3429 
        H695  8 0.2840 0.3555 0.3605 
       H7367  8 0.3367 0.2355 0.4278 
       H7368  8 0.3431 0.2709 0.3860 
       H7369  8 0.2696 0.3174 0.4130 
       H7370  8 0.4167 0.2352 0.3481 
       H7371  8 0.2851 0.3080 0.4069 
        H600  9 0.2885 0.4064 0.3051 
        H648  9 0.3374 0.3362 0.3264 
        H696  9 0.5358 0.2102 0.2540 
        H697  9 0.3258 0.3162 0.3580 
        H698  9 0.3866 0.2856 0.3278 
        H699  9 0.3204 0.3264 0.3532 
        H700  9 0.2665 0.3800 0.3535 
        H732  9 0.3123 0.4606 0.2271 
        H733  9 0.3247 0.2463 0.4289 
        H734  9 0.4445 0.2467 0.3088 
        H735  9 0.3814 0.2968 0.3218 
        H736  9 0.3491 0.3511 0.2997 
        H737  9 0.3170 0.3807 0.3023 
        H905  9 0.2358 0.3842 0.3800 
        H921  9 0.2641 0.3701 0.3658 
        H922  9 0.3723 0.2341 0.3937 
     H169705 10 0.3376 0.3002 0.3621 
     H171942 10 0.4299 0.2288 0.3413 
     H171943 10 0.3931 0.3284 0.2785 
     H171944 10 0.3060 0.3261 0.3679 
     H171946 10 0.3575 0.4321 0.2105 
     H171947 10 0.3746 0.2786 0.3468 
     H229641 10 0.3327 0.3365 0.3308 
      H30001 10 0.2644 0.3418 0.3938 
      H30002 10 0.3122 0.3330 0.3548 
      H30005 10 0.3154 0.2969 0.3877 
      H30006 10 0.4324 0.2695 0.2981 
      H30007 10 0.5279 0.2314 0.2407 
        H451 10 0.3117 0.2405 0.4478 
        H452 10 0.4078 0.3136 0.2786 
        H453 10 0.2939 0.4706 0.2355 
        H473 10 0.3300 0.3604 0.3096 
        H474 10 0.2894 0.4877 0.2229 
        H486 10 0.2966 0.3838 0.3196 
        H487 10 0.3058 0.3745 0.3197 
        H488 10 0.2459 0.3224 0.4317 
        H489 10 0.2688 0.4366 0.2947 
        H550 10 0.4437 0.2758 0.2805 
        H551 10 0.2730 0.3489 0.3780 
        H553 10 0.3221 0.4230 0.2549 
        H554 10 0.3432 0.2578 0.3990 
        H556 10 0.3887 0.3564 0.2549 
        H580 10 0.3197 0.3069 0.3734 
        H591 10 0.2394 0.5034 0.2572 
        H592 10 0.2999 0.3911 0.3090 
        H593 10 0.3553 0.2807 0.3640 
        H594 10 0.4193 0.2158 0.3649 
        H627 10 0.3634 0.3457 0.2909 
        H628 10 0.3297 0.1970 0.4733 
        H629 10 0.4029 0.3464 0.2507 
        H630 10 0.3770 0.3509 0.2720 
        H638 10 0.3437 0.2986 0.3577 
        H639 10 0.3302 0.4286 0.2412 
        H640 10 0.4143 0.2587 0.3270 
        H704 10 0.4237 0.2625 0.3138 
        H705 10 0.3324 0.3000 0.3676 
        H706 10 0.2167 0.3937 0.3896 
        H708 10 0.2705 0.4897 0.2398 
       H7351 10 0.3811 0.3107 0.3082 
       H7352 10 0.3164 0.3570 0.3266 
       H7353 10 0.4448 0.2583 0.2969 
       H7354 10 0.2830 0.3867 0.3303 
       H7365 10 0.2567 0.4683 0.2750 
       H7383 10 0.2568 0.3675 0.3757 
       H7384 10 0.2746 0.3672 0.3582 
       H7385 10 0.2558 0.4155 0.3287 
       H7386 10 0.3104 0.2954 0.3942 
       H7387 10 0.3153 0.2996 0.3851 
       H7388 10 0.3503 0.3269 0.3228 
        H906 10 0.3298 0.3980 0.2722 
        H907 10 0.3791 0.2599 0.3610 
        H908 10 0.2723 0.3144 0.4133 
        H909 10 0.2780 0.3396 0.3824 
       H9552 10 0.3497 0.3380 0.3123 
       H9553 10 0.3310 0.3791 0.2899 
       H9555 10 0.3266 0.2753 0.3982 
       H9575 10 0.2952 0.4448 0.2600 
       H9703 10 0.2683 0.4931 0.2386 
       H9707 10 0.2922 0.4204 0.2874 
       HSAA4 10 0.3334 0.2981 0.3685 
        H001 11 0.2973 0.3738 0.3288 
        H004 11 0.3516 0.3150 0.3333 
        H005 11 0.2249 0.4576 0.3174 
        H006 11 0.2919 0.3204 0.3877 
        H007 11 0.2418 0.4161 0.3421 
        H031 11 0.2218 0.5045 0.2738 
        H074 11 0.3046 0.4490 0.2465 
        H075 11 0.2467 0.4543 0.2990 
        H080 11 0.2466 0.4443 0.3091 
        H086 11 0.3098 0.3331 0.3571 
        H092 11 0.2892 0.3797 0.3311 
        H093 11 0.4414 0.2177 0.3409 
        H094 11 0.3717 0.3096 0.3186 
        H095 11 0.2913 0.4201 0.2885 
        H096 11 0.2629 0.3512 0.3859 
        H099 11 0.2815 0.3895 0.3291 
        H100 11 0.4135 0.2628 0.3237 
        H127 11 0.2950 0.3682 0.3368 
        H136 11 0.2729 0.4595 0.2676 
        H153 11 0.3513 0.2916 0.3572 
        H154 11 0.2772 0.4791 0.2437 
        H155 11 0.2978 0.2351 0.4671 
        H156 11 0.3259 0.1998 0.4744 
        H161 11 0.3828 0.2908 0.3264 
        H162 11 0.3808 0.2422 0.3770 
        H167 11 0.3097 0.2819 0.4084 
        H168 11 0.3100 0.3166 0.3734 
     H169586 11 0.4155 0.3839 0.2006 
     H169738 11 0.2945 0.2343 0.4712 
     H169741 11 0.2971 0.4314 0.2714 
     H171801 11 0.4290 0.2488 0.3222 
     H171810 11 0.2994 0.4447 0.2559 
     H171811 11 0.3085 0.4564 0.2351 
     H171812 11 0.2828 0.3657 0.3515 
     H171820 11 0.2849 0.4533 0.2618 
     H171821 11 0.3268 0.2867 0.3866 
     H171822 11 0.3148 0.3126 0.3727 
     H171823 11 0.3481 0.4199 0.2320 
     H171866 11 0.3863 0.2624 0.3513 
     H171867 11 0.2646 0.2581 0.4773 
     H171967 11 0.2545 0.4278 0.3177 
     H171969 11 0.3317 0.3178 0.3505 
        H172 11 0.3090 0.3200 0.3710 
        H173 11 0.2443 0.3147 0.4409 
        H174 11 0.4374 0.2333 0.3294 
        H196 11 0.3568 0.2641 0.3791 
        H197 11 0.2799 0.2643 0.4558 
        H346 11 0.2679 0.3540 0.3780 
        H355 11 0.3163 0.3670 0.3167 
        H356 11 0.3122 0.3626 0.3252 
        H357 11 0.2747 0.3955 0.3299 
        H358 11 0.2616 0.3294 0.4090 
        H359 11 0.3428 0.3233 0.3339 
        H360 11 0.2904 0.3334 0.3763 
        H361 11 0.3045 0.3015 0.3940 
        H362 11 0.3473 0.2144 0.4382 
        H363 11 0.2472 0.4276 0.3253 
        H364 11 0.3563 0.3361 0.3075 
        H365 11 0.3655 0.2875 0.3470 
        H366 11 0.3500 0.2605 0.3895 
        H367 11 0.2886 0.4655 0.2460 
        H368 11 0.4597 0.2705 0.2699 
        H369 11 0.2187 0.4708 0.3105 
        H370 11 0.3677 0.2569 0.3754 
        H371 11 0.3450 0.3441 0.3109 
        H372 11 0.3258 0.3343 0.3399 
        H373 11 0.2931 0.3444 0.3626 
        H374 11 0.2686 0.3800 0.3513 
        H375 11 0.2724 0.3653 0.3623 
        H376 11 0.3855 0.2855 0.3291 
        H377 11 0.2844 0.3434 0.3722 
        H378 11 0.3145 0.3903 0.2952 
        H379 11 0.3350 0.3100 0.3551 
        H380 11 0.3007 0.2422 0.4572 
        H381 11 0.3292 0.4139 0.2569 
        H382 11 0.3571 0.2001 0.4428 
        H383 11 0.3639 0.2410 0.3951 
        H384 11 0.3071 0.4281 0.2648 
        H385 11 0.3010 0.3763 0.3227 
        H386 11 0.2387 0.2881 0.4732 
        H387 11 0.4232 0.3406 0.2362 
        H388 11 0.3835 0.2250 0.3915 
        H389 11 0.2650 0.3321 0.4029 
        H390 11 0.3179 0.2884 0.3937 
        H391 11 0.4327 0.3008 0.2665 
        H392 11 0.2460 0.4374 0.3166 
        H393 11 0.4311 0.2429 0.3260 
        H394 11 0.4922 0.2539 0.2538 
        H395 11 0.2616 0.4245 0.3139 
        H408 11 0.2567 0.3314 0.4118 
        H412 11 0.3476 0.4817 0.1707 
        H417 11 0.3014 0.3810 0.3176 
        H418 11 0.3698 0.3701 0.2601 
        H429 11 0.3078 0.2985 0.3937 
        H430 11 0.3131 0.2677 0.4192 
        H439 11 0.2800 0.3392 0.3808 
        H440 11 0.2594 0.4605 0.2801 
        H441 11 0.3314 0.2752 0.3934 
        H442 11 0.3564 0.2722 0.3714 
        H446 11 0.3373 0.3265 0.3362 
        H447 11 0.2906 0.2638 0.4455 
        H448 11 0.2941 0.2913 0.4146 
        H534 11 0.2627 0.5029 0.2345 
        H537 11 0.2888 0.4440 0.2672 
        H568 11 0.2572 0.4895 0.2533 
        H569 11 0.3446 0.2081 0.4474 
        H586 11 0.4378 0.3705 0.1917 
        H587 11 0.2367 0.5089 0.2544 
        H588 11 0.4431 0.2525 0.3044 
        H589 11 0.2689 0.4763 0.2548 
        H590 11 0.2898 0.4209 0.2893 
        H601 11 0.3787 0.2237 0.3977 
        H602 11 0.2945 0.3747 0.3308 
        H603 11 0.2718 0.2517 0.4765 
        H610 11 0.3019 0.3633 0.3348 
        H611 11 0.3055 0.4227 0.2718 
        H649 11 0.3264 0.3493 0.3243 
        H650 11 0.4155 0.2763 0.3082 
        H651 11 0.2680 0.3086 0.4234 
        H652 11 0.3418 0.3492 0.3090 
       H7364 11 0.3411 0.3037 0.3552 
       H7366 11 0.2754 0.3257 0.3989 
       H7378 11 0.5639 0.1786 0.2575 
       H7379 11 0.3265 0.3393 0.3341 
        H739 11 0.2957 0.4331 0.2712 
        H740 11 0.3935 0.2762 0.3303 
        H741 11 0.2818 0.4416 0.2766 
        H926 11 0.3601 0.2882 0.3518 
        H927 11 0.3400 0.2772 0.3828 
        H928 11 0.3535 0.3372 0.3093 
       H9560 11 0.3873 0.3106 0.3021 
        H409 12 0.2971 0.2341 0.4688 
        H413 12 0.4914 0.2380 0.2706 
        H419 12 0.3065 0.2832 0.4103 
        H420 12 0.2933 0.3809 0.3258 
        H421 12 0.3833 0.2115 0.4052 
        H435 12 0.3625 0.2652 0.3724 
        H436 12 0.2856 0.3191 0.3953 
        H437 12 0.3139 0.4243 0.2618 
        H445 12 0.2953 0.2459 0.4587 
        H449 12 0.4046 0.3024 0.2930 
        H463 12 0.3035 0.3998 0.2967 
        H464 12 0.4382 0.2437 0.3182 
        H465 12 0.4422 0.3196 0.2383 
        H490 12 0.4228 0.2459 0.3313 
        H561 12 0.3449 0.3283 0.3268 
        H562 12 0.2591 0.3177 0.4232 
        H563 12 0.2715 0.3597 0.3688 
        H570 12 0.2382 0.3824 0.3794 
        H571 12 0.3974 0.3108 0.2919 
        H572 12 0.3099 0.3564 0.3337 
        H573 12 0.3024 0.2392 0.4584 
       H7372 12 0.3225 0.2086 0.4690 
       H7373 12 0.4716 0.2556 0.2727 
       H7374 12 0.2752 0.3863 0.3385 
       H7375 12 0.2869 0.3861 0.3269 
       H7376 12 0.2768 0.2281 0.4951 
       H7377 12 0.2901 0.3993 0.3106 
