        H102  1 0.1788 0.1345 0.4024 0.0791 0.2052 
        H103  1 0.2830 0.0787 0.0910 0.1478 0.3995 
        H104  1 0.1249 0.3013 0.2248 0.2461 0.1029 
        H105  1 0.1859 0.1185 0.3538 0.1385 0.2034 
        H106  1 0.2050 0.2492 0.1456 0.1627 0.2375 
        H112  1 0.1576 0.2232 0.2763 0.1785 0.1643 
        H113  1 0.1481 0.1080 0.1741 0.4464 0.1234 
        H114  1 0.1679 0.0759 0.2036 0.4095 0.1430 
        H115  1 0.1237 0.1427 0.4304 0.1631 0.1401 
        H143  1 0.2093 0.1032 0.3865 0.1250 0.1759 
        H144  1 0.4101 0.0627 0.2259 0.1074 0.1939 
        H145  1 0.2438 0.0621 0.2028 0.1415 0.3498 
        H149  1 0.1437 0.3835 0.2063 0.1276 0.1389 
        H150  1 0.3027 0.1302 0.1832 0.2134 0.1706 
     H167542  1 0.1469 0.0966 0.4173 0.2037 0.1355 
     H169604  1 0.1842 0.1220 0.2882 0.2142 0.1915 
     H169607  1 0.2767 0.1161 0.2093 0.1623 0.2356 
     H169608  1 0.1662 0.1922 0.3531 0.0913 0.1973 
     H169633  1 0.1549 0.0766 0.2362 0.3855 0.1469 
     H169688  1 0.2948 0.2016 0.0954 0.1080 0.3002 
     H169714  1 0.1758 0.2648 0.1615 0.2311 0.1669 
     H171802  1 0.1372 0.3320 0.1115 0.2707 0.1487 
     H171805  1 0.2570 0.1257 0.1278 0.1626 0.3269 
     H171807  1 0.2246 0.2197 0.2189 0.1118 0.2250 
     H171814  1 0.2402 0.0907 0.0895 0.4154 0.1642 
     H171816  1 0.2042 0.2773 0.1501 0.1589 0.2095 
     H171817  1 0.1589 0.2824 0.1683 0.2139 0.1764 
     H171818  1 0.2094 0.1793 0.2276 0.1908 0.1928 
     H171819  1 0.1958 0.1909 0.1441 0.2774 0.1919 
     H171834  1 0.2212 0.1047 0.3005 0.1406 0.2330 
     H171835  1 0.1049 0.3915 0.1431 0.2466 0.1139 
     H171836  1 0.2124 0.0576 0.1388 0.3431 0.2480 
     H171837  1 0.1474 0.1819 0.3009 0.2283 0.1415 
     H171838  1 0.2441 0.0821 0.1258 0.1829 0.3651 
     H171839  1 0.1289 0.2620 0.2230 0.2689 0.1172 
     H171841  1 0.1561 0.4577 0.1134 0.0816 0.1913 
     H171860  1 0.1817 0.1237 0.2542 0.2609 0.1795 
     H171861  1 0.2440 0.0579 0.2170 0.1998 0.2814 
     H171862  1 0.2336 0.1327 0.2426 0.1551 0.2361 
     H171868  1 0.1400 0.0823 0.5229 0.1182 0.1366 
     H171869  1 0.3458 0.1147 0.1318 0.1460 0.2618 
     H171870  1 0.2243 0.3150 0.1328 0.1198 0.2080 
     H171871  1 0.2322 0.1076 0.0977 0.2739 0.2885 
     H171872  1 0.1430 0.2315 0.2586 0.2404 0.1264 
     H171873  1 0.2437 0.2766 0.0994 0.1572 0.2230 
     H171874  1 0.2673 0.0960 0.2329 0.1248 0.2790 
     H171875  1 0.2606 0.0601 0.2149 0.2474 0.2170 
     H171876  1 0.2420 0.0955 0.3064 0.1593 0.1968 
     H171877  1 0.1063 0.1004 0.4619 0.2118 0.1196 
     H171878  1 0.2562 0.2725 0.1262 0.0922 0.2529 
     H171901  1 0.1382 0.4077 0.0968 0.1568 0.2005 
     H171902  1 0.2846 0.2364 0.1688 0.1048 0.2054 
     H171903  1 0.2282 0.1478 0.1973 0.2194 0.2073 
     H171935  1 0.2175 0.3459 0.1061 0.1374 0.1931 
     H171936  1 0.1750 0.1183 0.1873 0.3743 0.1451 
     H171940  1 0.1699 0.2008 0.3814 0.0886 0.1593 
     H171945  1 0.2797 0.2052 0.1651 0.1414 0.2085 
     H171948  1 0.1715 0.1668 0.2667 0.1525 0.2426 
     H171949  1 0.1344 0.4040 0.2043 0.1052 0.1520 
     H171950  1 0.1187 0.5099 0.1468 0.1089 0.1156 
     H171963  1 0.3027 0.1159 0.1291 0.1694 0.2829 
     H171964  1 0.3837 0.0862 0.1453 0.1371 0.2476 
     H171966  1 0.2368 0.1787 0.1728 0.1447 0.2670 
     H171968  1 0.2617 0.2640 0.2162 0.0844 0.1737 
     H171971  1 0.2469 0.1927 0.1063 0.1850 0.2691 
     H171972  1 0.2779 0.0712 0.1321 0.2248 0.2940 
     H171977  1 0.3147 0.0956 0.1790 0.1820 0.2286 
     H171978  1 0.2029 0.3043 0.1361 0.1009 0.2558 
     H171979  1 0.2864 0.0861 0.1296 0.2056 0.2923 
        H176  1 0.1914 0.1071 0.2887 0.2684 0.1444 
        H177  1 0.1274 0.4114 0.1916 0.0991 0.1705 
        H179  1 0.1164 0.3368 0.2544 0.1898 0.1027 
        H181  1 0.3043 0.1106 0.1925 0.1871 0.2055 
        H182  1 0.2501 0.0624 0.1815 0.1560 0.3500 
        H183  1 0.3099 0.1335 0.1208 0.1773 0.2585 
        H184  1 0.1803 0.2181 0.2751 0.1302 0.1963 
        H185  1 0.2625 0.0958 0.2043 0.2123 0.2251 
        H186  1 0.3433 0.1695 0.2249 0.0838 0.1786 
        H187  1 0.1794 0.2406 0.1016 0.1637 0.3148 
        H188  1 0.1072 0.1756 0.4137 0.2171 0.0864 
        H192  1 0.1638 0.3126 0.1967 0.1141 0.2129 
        H193  1 0.2535 0.0757 0.2827 0.0993 0.2888 
        H194  1 0.1726 0.2029 0.2162 0.2193 0.1891 
        H195  1 0.3221 0.1816 0.1176 0.0932 0.2854 
        H199  1 0.3401 0.1297 0.1318 0.1506 0.2478 
        H200  1 0.1604 0.2496 0.1726 0.2579 0.1595 
        H414  1 0.2081 0.2071 0.1266 0.1899 0.2683 
        H415  1 0.1969 0.0873 0.1557 0.3587 0.2015 
        H422  1 0.2858 0.1906 0.1936 0.1329 0.1972 
        H423  1 0.1028 0.5981 0.1208 0.0732 0.1051 
        H424  1 0.3140 0.1230 0.0999 0.2031 0.2600 
        H425  1 0.4504 0.1204 0.1124 0.1357 0.1811 
        H426  1 0.3131 0.1304 0.1427 0.0970 0.3168 
        H443  1 0.4004 0.0728 0.3194 0.0876 0.1198 
        H466  1 0.2126 0.2317 0.2067 0.1399 0.2091 
        H467  1 0.1422 0.4236 0.1597 0.1184 0.1561 
        H472  1 0.1830 0.2545 0.2160 0.1767 0.1698 
        H483  1 0.2415 0.0940 0.3509 0.1293 0.1843 
        H504  1 0.3487 0.1074 0.1031 0.2026 0.2383 
        H505  1 0.1655 0.3134 0.2021 0.1710 0.1480 
        H506  1 0.2101 0.1437 0.3255 0.1381 0.1826 
        H507  1 0.2231 0.0769 0.1521 0.2494 0.2985 
        H508  1 0.1867 0.3801 0.1134 0.1414 0.1785 
        H524  1 0.1785 0.1106 0.1332 0.3960 0.1817 
        H525  1 0.2290 0.1012 0.2930 0.1405 0.2362 
        H526  1 0.1437 0.0953 0.3756 0.2537 0.1317 
        H527  1 0.1868 0.2881 0.1599 0.1095 0.2557 
        H528  1 0.2582 0.0630 0.1363 0.3207 0.2217 
        H529  1 0.3357 0.0771 0.1545 0.2349 0.1979 
        H533  1 0.2095 0.0942 0.1061 0.2614 0.3288 
        H538  1 0.1749 0.1671 0.3010 0.1886 0.1684 
        H539  1 0.1959 0.2373 0.0923 0.1336 0.3408 
        H540  1 0.2119 0.1573 0.1890 0.2031 0.2388 
        H541  1 0.1830 0.1178 0.2802 0.2627 0.1562 
        H558  1 0.2571 0.1060 0.0965 0.1398 0.4005 
        H559  1 0.2117 0.1357 0.3972 0.0958 0.1596 
        H579  1 0.2382 0.0758 0.2623 0.0957 0.3281 
        H584  1 0.3242 0.0953 0.1368 0.1770 0.2667 
        H585  1 0.2678 0.1405 0.1390 0.2454 0.2073 
        H605  1 0.1954 0.3114 0.1624 0.1499 0.1809 
        H606  1 0.1386 0.4034 0.2565 0.0837 0.1178 
        H632  1 0.2986 0.0776 0.2668 0.1286 0.2284 
        H634  1 0.2797 0.1273 0.1388 0.1437 0.3104 
        H671  1 0.1250 0.5373 0.1166 0.1188 0.1024 
        H672  1 0.1372 0.1784 0.0998 0.4438 0.1408 
        H673  1 0.3099 0.0855 0.3272 0.0863 0.1911 
        H689  1 0.2579 0.0996 0.2941 0.1639 0.1845 
        H690  1 0.1379 0.1781 0.3133 0.2177 0.1530 
        H691  1 0.1660 0.1166 0.4140 0.1439 0.1595 
        H692  1 0.3813 0.0512 0.1404 0.2072 0.2199 
        H709  1 0.2094 0.1165 0.1901 0.2694 0.2147 
        H710  1 0.3071 0.0505 0.1495 0.1877 0.3052 
       H7355  1 0.1675 0.0651 0.3167 0.2961 0.1546 
       H7356  1 0.2649 0.1476 0.1587 0.1426 0.2862 
       H7357  1 0.1478 0.2343 0.2939 0.1626 0.1614 
       H7358  1 0.1947 0.1081 0.3330 0.1741 0.1901 
       H7380  1 0.2464 0.0999 0.2889 0.1200 0.2449 
       H7381  1 0.2855 0.2735 0.1593 0.0959 0.1858 
       H7382  1 0.2655 0.1249 0.2477 0.1523 0.2096 
        H904  1 0.0922 0.4915 0.2546 0.0720 0.0897 
        H923  1 0.1864 0.2119 0.1954 0.2185 0.1877 
        H924  1 0.1847 0.1962 0.2979 0.1569 0.1643 
        H925  1 0.1574 0.1255 0.3620 0.1985 0.1566 
       H9558  1 0.2709 0.0923 0.0872 0.1338 0.4159 
        H008  2 0.2014 0.0684 0.2293 0.2803 0.2206 
        H021  2 0.1660 0.2325 0.3119 0.1330 0.1566 
        H023  2 0.1463 0.2720 0.2909 0.1118 0.1790 
        H024  2 0.1650 0.0621 0.0853 0.5406 0.1470 
        H025  2 0.2201 0.2861 0.1788 0.1039 0.2111 
        H026  2 0.3447 0.0740 0.0969 0.3235 0.1609 
        H027  2 0.1532 0.1171 0.2399 0.3398 0.1501 
        H028  2 0.2593 0.1248 0.1836 0.1913 0.2411 
        H029  2 0.2017 0.0952 0.1620 0.3655 0.1756 
        H030  2 0.2392 0.0672 0.1206 0.2737 0.2992 
        H038  2 0.1358 0.3876 0.1733 0.1149 0.1884 
        H039  2 0.0624 0.7027 0.1130 0.0629 0.0590 
        H040  2 0.1331 0.4865 0.1118 0.1333 0.1353 
        H041  2 0.1385 0.1035 0.2490 0.3831 0.1260 
        H042  2 0.1995 0.1710 0.2693 0.1593 0.2009 
        H043  2 0.1160 0.5435 0.0700 0.0747 0.1958 
        H044  2 0.2815 0.0872 0.1055 0.2189 0.3069 
        H047  2 0.2230 0.2231 0.1326 0.1838 0.2375 
        H050  2 0.1781 0.0913 0.0883 0.4579 0.1843 
        H058  2 0.1988 0.3061 0.1237 0.1534 0.2180 
        H062  2 0.1277 0.1929 0.4445 0.0824 0.1525 
        H063  2 0.1426 0.3527 0.1525 0.1759 0.1763 
        H065  2 0.3942 0.1634 0.1730 0.0917 0.1777 
        H066  2 0.2259 0.1748 0.0762 0.2941 0.2291 
        H067  2 0.2274 0.1130 0.3139 0.1622 0.1834 
        H068  2 0.1481 0.4057 0.1663 0.1262 0.1536 
        H069  2 0.2255 0.2355 0.1021 0.1660 0.2709 
        H071  2 0.1897 0.2141 0.2243 0.1784 0.1936 
        H072  2 0.1177 0.4338 0.1494 0.1554 0.1437 
        H073  2 0.2835 0.1403 0.1677 0.1901 0.2184 
        H081  2 0.1324 0.1361 0.4106 0.2056 0.1152 
        H082  2 0.2658 0.0706 0.1135 0.2435 0.3065 
        H083  2 0.2539 0.0743 0.1713 0.1455 0.3549 
        H084  2 0.1726 0.2377 0.1335 0.2735 0.1827 
        H085  2 0.1175 0.0835 0.3620 0.3258 0.1112 
        H087  2 0.1371 0.0931 0.5092 0.1366 0.1240 
        H088  2 0.1516 0.2719 0.2491 0.1499 0.1776 
        H089  2 0.1802 0.1266 0.3435 0.1688 0.1809 
        H090  2 0.1430 0.0707 0.1138 0.5222 0.1504 
        H091  2 0.1264 0.0596 0.1353 0.5749 0.1038 
        H098  2 0.1817 0.1243 0.1683 0.3800 0.1457 
      H10001  2 0.0677 0.6763 0.1312 0.0549 0.0698 
      H10002  2 0.1573 0.2186 0.3229 0.1000 0.2012 
        H101  2 0.1633 0.1090 0.0638 0.5056 0.1584 
        H108  2 0.1287 0.2937 0.4039 0.0813 0.0924 
        H109  2 0.1554 0.2331 0.0707 0.3520 0.1887 
        H110  2 0.1785 0.0680 0.3831 0.1949 0.1755 
        H116  2 0.2858 0.1038 0.1310 0.2325 0.2470 
        H117  2 0.1068 0.0709 0.1252 0.6020 0.0951 
        H118  2 0.1791 0.0548 0.1661 0.4691 0.1308 
        H119  2 0.1532 0.2100 0.1858 0.3289 0.1221 
        H120  2 0.0977 0.3399 0.3821 0.0762 0.1041 
        H121  2 0.1203 0.0630 0.1858 0.5223 0.1087 
        H125  2 0.0676 0.7114 0.0883 0.0698 0.0628 
        H126  2 0.3407 0.1078 0.1695 0.1244 0.2576 
        H128  2 0.1659 0.0352 0.0672 0.5941 0.1376 
        H129  2 0.3995 0.0789 0.1345 0.1235 0.2636 
        H130  2 0.2185 0.3449 0.1362 0.0678 0.2326 
        H133  2 0.1380 0.5150 0.1085 0.1170 0.1215 
        H134  2 0.5256 0.0613 0.0957 0.0993 0.2181 
        H135  2 0.1966 0.1674 0.2622 0.1787 0.1951 
        H137  2 0.1355 0.1870 0.0837 0.4549 0.1388 
        H138  2 0.3028 0.0771 0.1248 0.1126 0.3827 
        H140  2 0.1726 0.1466 0.1472 0.3761 0.1575 
        H146  2 0.1259 0.0900 0.0853 0.5911 0.1078 
        H147  2 0.1746 0.0845 0.2103 0.3543 0.1763 
        H148  2 0.1239 0.0889 0.2483 0.4166 0.1224 
     H166022  2 0.2340 0.0791 0.1312 0.2913 0.2644 
     H167359  2 0.2283 0.1926 0.1274 0.2081 0.2436 
     H167397  2 0.1945 0.0466 0.1178 0.4842 0.1568 
     H167428  2 0.1970 0.0453 0.3681 0.2387 0.1509 
     H167496  2 0.1058 0.4313 0.2048 0.1573 0.1007 
     H167513  2 0.1658 0.2754 0.0936 0.1805 0.2847 
     H167545  2 0.2571 0.0863 0.1134 0.1502 0.3930 
     H167547  2 0.2199 0.0846 0.0563 0.4294 0.2097 
     H169621  2 0.2017 0.0728 0.1494 0.3333 0.2428 
     H169622  2 0.3063 0.1269 0.1793 0.1318 0.2556 
     H169750  2 0.2160 0.3142 0.0989 0.1212 0.2498 
     H171806  2 0.1453 0.1597 0.1649 0.3888 0.1412 
     H171808  2 0.2271 0.1490 0.2516 0.1581 0.2142 
     H171809  2 0.1798 0.1373 0.3651 0.1338 0.1840 
     H171813  2 0.2378 0.1361 0.1936 0.1635 0.2691 
     H171815  2 0.1157 0.5347 0.1055 0.0901 0.1540 
     H171824  2 0.1264 0.2494 0.3153 0.1973 0.1116 
     H171825  2 0.2516 0.1253 0.2252 0.1278 0.2701 
     H171826  2 0.1930 0.1839 0.2455 0.2025 0.1751 
     H171827  2 0.1972 0.2060 0.2177 0.1448 0.2343 
     H171828  2 0.0782 0.4287 0.3118 0.1033 0.0780 
     H171829  2 0.2663 0.2507 0.0921 0.1653 0.2256 
     H171830  2 0.1661 0.1708 0.1466 0.3104 0.2062 
     H171831  2 0.3308 0.0721 0.1579 0.1687 0.2705 
     H171832  2 0.2319 0.0865 0.1822 0.1265 0.3729 
     H171863  2 0.3222 0.0717 0.0893 0.2125 0.3043 
     H171864  2 0.1432 0.1562 0.1507 0.4034 0.1465 
     H171865  2 0.1353 0.4728 0.1174 0.1427 0.1319 
     H171879  2 0.1690 0.1398 0.1012 0.4312 0.1588 
     H171880  2 0.1269 0.0848 0.0757 0.5744 0.1381 
     H171881  2 0.1900 0.1067 0.3454 0.1755 0.1824 
     H171882  2 0.0864 0.5703 0.1630 0.0795 0.1008 
     H171929  2 0.1804 0.1238 0.2541 0.2648 0.1769 
     H171930  2 0.2482 0.0713 0.0756 0.2948 0.3102 
     H171933  2 0.1944 0.1684 0.1548 0.2949 0.1875 
     H171934  2 0.1778 0.1103 0.3075 0.2464 0.1581 
     H171937  2 0.3336 0.0950 0.1128 0.1782 0.2805 
     H171962  2 0.2051 0.1005 0.3058 0.1452 0.2434 
        H190  2 0.2320 0.1363 0.1609 0.2041 0.2667 
        H191  2 0.1943 0.1850 0.2081 0.2366 0.1760 
        H396  2 0.1307 0.1495 0.4575 0.1520 0.1103 
        H397  2 0.2410 0.1440 0.1391 0.2307 0.2452 
        H398  2 0.2649 0.1741 0.2842 0.1177 0.1590 
        H400  2 0.1692 0.1380 0.3190 0.1704 0.2034 
        H401  2 0.1591 0.0513 0.0712 0.5674 0.1509 
        H402  2 0.1923 0.1331 0.1328 0.3064 0.2354 
        H427  2 0.1615 0.1205 0.4138 0.1771 0.1271 
        H428  2 0.2028 0.0442 0.3793 0.2433 0.1305 
        H497  2 0.1636 0.3557 0.1127 0.1365 0.2315 
        H512  2 0.1739 0.1348 0.1449 0.3623 0.1841 
        H513  2 0.1847 0.2756 0.0925 0.1857 0.2615 
        H514  2 0.3097 0.1186 0.1175 0.1153 0.3389 
        H519  2 0.1849 0.2476 0.1001 0.2003 0.2671 
        H532  2 0.1664 0.0847 0.3593 0.2225 0.1671 
        H543  2 0.2053 0.0875 0.1746 0.2846 0.2481 
        H544  2 0.3307 0.1657 0.1344 0.0959 0.2734 
        H545  2 0.2776 0.0793 0.1028 0.1455 0.3949 
        H546  2 0.1528 0.4498 0.1582 0.0865 0.1528 
        H547  2 0.1970 0.0866 0.0561 0.4479 0.2124 
        H548  2 0.1716 0.1387 0.2345 0.2431 0.2122 
        H549  2 0.1380 0.4207 0.0631 0.1284 0.2498 
        H620  2 0.0853 0.5947 0.1595 0.0723 0.0882 
        H623  2 0.3102 0.1038 0.1216 0.1482 0.3162 
        H624  2 0.1780 0.3674 0.1017 0.0719 0.2810 
        H625  2 0.1715 0.1196 0.3434 0.1715 0.1940 
        H626  2 0.1659 0.2272 0.1277 0.2266 0.2527 
        H654  2 0.0622 0.7109 0.0807 0.0438 0.1025 
        H655  2 0.1715 0.2372 0.1884 0.1294 0.2734 
        H656  2 0.0938 0.5060 0.2600 0.0625 0.0777 
        H666  2 0.0924 0.5953 0.0767 0.1533 0.0823 
        H667  2 0.2164 0.1186 0.3013 0.1393 0.2244 
        H677  2 0.1899 0.1168 0.2345 0.2222 0.2366 
        H693  2 0.1078 0.2251 0.4818 0.0797 0.1056 
        H694  2 0.2620 0.1476 0.1156 0.2079 0.2669 
        H701  2 0.2025 0.0975 0.1554 0.2884 0.2562 
        H702  2 0.1921 0.2138 0.1690 0.1785 0.2466 
        H731  2 0.1846 0.2312 0.2628 0.1508 0.1706 
       H7359  2 0.2255 0.1698 0.1415 0.2199 0.2433 
       H7389  2 0.1911 0.1244 0.1738 0.3358 0.1748 
       H7390  2 0.1222 0.5274 0.1317 0.0906 0.1282 
       H7391  2 0.1201 0.0956 0.3457 0.3413 0.0974 
       H7392  2 0.2220 0.2324 0.2266 0.1424 0.1767 
       H7393  2 0.1637 0.2871 0.1587 0.1924 0.1980 
       H7398  2 0.1279 0.1255 0.2644 0.3694 0.1128 
       H7399  2 0.2385 0.0814 0.2401 0.2129 0.2270 
       H7400  2 0.0772 0.6402 0.1327 0.0533 0.0966 
        H745  2 0.4438 0.0645 0.1142 0.1300 0.2476 
        H746  2 0.2624 0.0876 0.2521 0.1256 0.2723 
        H747  2 0.1262 0.4648 0.0983 0.1807 0.1299 
        H748  2 0.2164 0.1792 0.1377 0.2011 0.2656 
       H7484  2 0.1181 0.5060 0.1374 0.1466 0.0920 
       H7485  2 0.2227 0.1984 0.1303 0.1435 0.3051 
        H749  2 0.2292 0.1260 0.1986 0.1299 0.3163 
        H930  2 0.2036 0.0913 0.0752 0.3612 0.2687 
        H931  2 0.1818 0.1236 0.2601 0.2963 0.1382 
        H932  2 0.1722 0.1388 0.1222 0.4182 0.1486 
        H111  3 0.3124 0.0925 0.1003 0.1776 0.3171 
        H951  3 0.2672 0.0906 0.1739 0.2306 0.2377 
        H952  3 0.2394 0.1501 0.1272 0.2908 0.1926 
        H953  3 0.1342 0.0877 0.2939 0.3765 0.1077 
        H954  3 0.1348 0.4378 0.1370 0.1280 0.1624 
        H955  3 0.2496 0.0847 0.1085 0.2113 0.3460 
        H956  3 0.1310 0.2156 0.1282 0.3872 0.1380 
       H9563  3 0.1568 0.1556 0.2306 0.3368 0.1202 
        H002  4 0.2234 0.2743 0.1930 0.0764 0.2330 
        H003  4 0.2602 0.0808 0.2985 0.1402 0.2203 
        H009  4 0.2672 0.1425 0.1346 0.1476 0.3080 
        H010  4 0.2031 0.1441 0.2611 0.2433 0.1484 
        H011  4 0.1184 0.3761 0.3132 0.0744 0.1179 
        H012  4 0.1890 0.0808 0.2804 0.2151 0.2346 
        H013  4 0.1573 0.1862 0.3738 0.1130 0.1698 
        H014  4 0.2629 0.1348 0.1835 0.1347 0.2842 
        H045  4 0.1093 0.2033 0.3401 0.2614 0.0859 
        H046  4 0.3084 0.0929 0.2069 0.1231 0.2687 
        H051  4 0.1408 0.2109 0.3790 0.1268 0.1424 
        H052  4 0.1982 0.3274 0.2099 0.1036 0.1609 
        H053  4 0.1911 0.2498 0.1706 0.1856 0.2029 
        H056  4 0.1778 0.3317 0.1919 0.1178 0.1808 
        H076  4 0.3346 0.0798 0.1930 0.2005 0.1921 
        H151  4 0.1506 0.4284 0.1724 0.0989 0.1497 
        H152  4 0.2424 0.2113 0.2382 0.1062 0.2020 
     H171803  4 0.1373 0.4176 0.1460 0.1085 0.1906 
     H171804  4 0.1482 0.3255 0.1754 0.1779 0.1730 
     H171833  4 0.3700 0.0884 0.1108 0.1325 0.2983 
     H171855  4 0.1791 0.5029 0.1109 0.0721 0.1349 
     H171856  4 0.1453 0.2909 0.1168 0.2905 0.1565 
     H171857  4 0.1955 0.3667 0.1169 0.1507 0.1701 
     H171858  4 0.2383 0.1210 0.2130 0.2163 0.2114 
     H171859  4 0.2134 0.1746 0.2408 0.2001 0.1711 
     H171961  4 0.1655 0.2587 0.2897 0.1197 0.1663 
        H198  4 0.3245 0.0652 0.1902 0.1544 0.2657 
      H20001  4 0.3100 0.0943 0.0924 0.1022 0.4011 
        H403  4 0.2056 0.3008 0.1325 0.1805 0.1806 
        H404  4 0.2212 0.0875 0.3293 0.1482 0.2139 
        H405  4 0.2859 0.0833 0.1821 0.2382 0.2105 
        H406  4 0.2113 0.1680 0.0680 0.3679 0.1847 
        H407  4 0.1412 0.2220 0.1602 0.3537 0.1229 
        H410  4 0.1200 0.0598 0.0866 0.6468 0.0868 
        H411  4 0.3093 0.0796 0.1351 0.1372 0.3388 
        H468  4 0.2259 0.3037 0.0686 0.1386 0.2632 
        H476  4 0.1684 0.3285 0.0771 0.1688 0.2572 
        H477  4 0.3334 0.0984 0.1098 0.1244 0.3340 
        H478  4 0.2005 0.1173 0.2355 0.1148 0.3319 
        H479  4 0.1813 0.2931 0.2568 0.1363 0.1326 
        H480  4 0.2599 0.0938 0.0927 0.2000 0.3536 
        H498  4 0.2641 0.1322 0.1919 0.1430 0.2687 
        H499  4 0.2271 0.1393 0.2373 0.1103 0.2860 
        H500  4 0.1069 0.4437 0.1558 0.1451 0.1485 
        H515  4 0.1876 0.2032 0.1856 0.1792 0.2444 
        H516  4 0.2096 0.1787 0.1084 0.2852 0.2182 
        H517  4 0.1585 0.1391 0.1138 0.4122 0.1764 
        H518  4 0.1860 0.3893 0.0979 0.1312 0.1956 
        H520  4 0.1457 0.4595 0.0858 0.1487 0.1603 
        H521  4 0.2001 0.1505 0.2794 0.2059 0.1642 
        H522  4 0.1919 0.2590 0.1358 0.1507 0.2626 
        H523  4 0.1800 0.1751 0.1310 0.2864 0.2275 
        H536  4 0.3158 0.1395 0.2376 0.1358 0.1713 
        H645  4 0.0959 0.1661 0.5188 0.1237 0.0955 
        H646  4 0.1768 0.0893 0.0907 0.4995 0.1437 
        H647  4 0.2205 0.2626 0.1030 0.1872 0.2266 
        H657  4 0.2013 0.1178 0.1017 0.3955 0.1836 
        H658  4 0.1702 0.1930 0.1357 0.2891 0.2120 
        H659  4 0.0960 0.6047 0.1064 0.0656 0.1272 
        H660  4 0.2262 0.1907 0.1865 0.1276 0.2689 
        H661  4 0.1688 0.3669 0.1487 0.0931 0.2225 
        H668  4 0.1966 0.0836 0.3312 0.1604 0.2283 
        H669  4 0.1697 0.2015 0.2153 0.2674 0.1461 
        H670  4 0.1193 0.1096 0.5658 0.0966 0.1088 
        H678  4 0.1959 0.1692 0.1513 0.2428 0.2407 
        H679  4 0.1620 0.0985 0.1072 0.4383 0.1940 
        H680  4 0.2908 0.2110 0.1421 0.1526 0.2035 
        H681  4 0.1612 0.2197 0.2946 0.1236 0.2009 
        H682  4 0.1712 0.1354 0.1215 0.3365 0.2354 
        H683  4 0.1910 0.3594 0.0866 0.1717 0.1912 
        H718  4 0.1000 0.5005 0.1357 0.1800 0.0838 
        H719  4 0.1524 0.1863 0.3960 0.1339 0.1314 
        H720  4 0.2253 0.3130 0.1791 0.0851 0.1974 
        H721  4 0.2578 0.2689 0.1770 0.1010 0.1952 
        H722  4 0.3155 0.2840 0.1177 0.1156 0.1672 
        H723  4 0.1252 0.2875 0.2383 0.2209 0.1281 
        H724  4 0.0917 0.6078 0.0903 0.1243 0.0859 
        H725  4 0.1203 0.5769 0.1028 0.0862 0.1138 
        H726  4 0.1876 0.2875 0.1764 0.1723 0.1762 
        H727  4 0.1485 0.2425 0.2794 0.1928 0.1369 
        H910  4 0.1404 0.2062 0.2501 0.2140 0.1892 
        H911  4 0.1832 0.1248 0.0847 0.4767 0.1307 
        H912  4 0.2441 0.2349 0.1029 0.1833 0.2349 
        H913  4 0.1792 0.3097 0.1311 0.2075 0.1725 
        H914  4 0.1053 0.2648 0.3648 0.1462 0.1189 
        H915  4 0.1886 0.2298 0.1250 0.2336 0.2229 
        H916  4 0.2297 0.1332 0.1011 0.2366 0.2994 
       H9572  4 0.1723 0.3505 0.1418 0.1396 0.1958 
        H015  5 0.2787 0.0928 0.1424 0.1535 0.3326 
        H016  5 0.3896 0.1008 0.1283 0.1734 0.2079 
        H017  5 0.2398 0.2154 0.1208 0.1396 0.2844 
        H019  5 0.2400 0.1334 0.1700 0.1358 0.3209 
        H020  5 0.1747 0.1546 0.3354 0.1767 0.1587 
        H032  5 0.1805 0.2672 0.1084 0.2427 0.2012 
        H033  5 0.2158 0.1118 0.2346 0.1747 0.2632 
        H034  5 0.1434 0.2464 0.3027 0.1624 0.1451 
        H035  5 0.2184 0.2330 0.1216 0.2215 0.2055 
        H036  5 0.2100 0.1300 0.1113 0.3560 0.1927 
        H037  5 0.1569 0.3246 0.2078 0.1227 0.1880 
        H048  5 0.1193 0.4712 0.1928 0.1190 0.0976 
        H049  5 0.2641 0.1245 0.1476 0.1363 0.3275 
        H054  5 0.2828 0.1600 0.1569 0.2720 0.1284 
        H055  5 0.2133 0.1600 0.3550 0.0956 0.1761 
        H057  5 0.3698 0.1631 0.1334 0.0870 0.2467 
        H060  5 0.1865 0.1228 0.4189 0.0750 0.1968 
        H061  5 0.2159 0.1145 0.2783 0.1792 0.2121 
        H064  5 0.2050 0.2340 0.3032 0.1077 0.1501 
        H070  5 0.1460 0.1323 0.3953 0.1526 0.1738 
        H077  5 0.1285 0.4057 0.1789 0.1049 0.1820 
        H078  5 0.1957 0.3606 0.1135 0.1437 0.1865 
        H079  5 0.1485 0.0922 0.2113 0.3912 0.1568 
        H097  5 0.2399 0.2074 0.1071 0.1026 0.3429 
        H107  5 0.0968 0.4952 0.2420 0.0739 0.0921 
        H122  5 0.2361 0.2024 0.1331 0.1583 0.2700 
        H123  5 0.1716 0.0843 0.0932 0.4863 0.1646 
        H124  5 0.1832 0.0932 0.1259 0.4521 0.1457 
        H131  5 0.1666 0.1014 0.1480 0.4110 0.1729 
        H132  5 0.1963 0.2124 0.2632 0.1851 0.1430 
        H141  5 0.1588 0.3449 0.1734 0.1268 0.1961 
        H142  5 0.2405 0.0785 0.1875 0.1405 0.3529 
        H157  5 0.1469 0.3951 0.1921 0.1279 0.1380 
        H158  5 0.3070 0.0696 0.0804 0.2682 0.2748 
        H159  5 0.2541 0.1293 0.1598 0.1584 0.2984 
        H160  5 0.2065 0.3085 0.0886 0.1828 0.2136 
        H163  5 0.2281 0.1043 0.1599 0.1966 0.3111 
        H164  5 0.2068 0.1139 0.2262 0.1310 0.3221 
        H165  5 0.1620 0.0970 0.2601 0.3356 0.1454 
        H166  5 0.2575 0.0865 0.2506 0.1386 0.2668 
        H169  5 0.2080 0.1118 0.2725 0.1306 0.2771 
     H169613  5 0.2312 0.1206 0.2093 0.1428 0.2960 
     H169653  5 0.2890 0.0866 0.1981 0.1665 0.2597 
     H169728  5 0.2332 0.2231 0.1206 0.1746 0.2486 
     H169742  5 0.1377 0.1543 0.4505 0.0937 0.1637 
        H170  5 0.2893 0.1246 0.2005 0.1065 0.2791 
        H171  5 0.3257 0.1018 0.1366 0.1361 0.2998 
     H171851  5 0.2585 0.1290 0.1975 0.1208 0.2942 
     H171852  5 0.1674 0.4164 0.1293 0.1121 0.1747 
     H171853  5 0.1573 0.2985 0.1751 0.2021 0.1670 
     H171854  5 0.2514 0.1614 0.1096 0.1643 0.3132 
     H171938  5 0.1748 0.1440 0.3176 0.1868 0.1767 
     H171939  5 0.2823 0.1117 0.2066 0.1697 0.2297 
     H171941  5 0.1321 0.2244 0.4465 0.0766 0.1203 
     H171965  5 0.3033 0.0711 0.2220 0.1034 0.3002 
     H171970  5 0.1150 0.4181 0.2620 0.0765 0.1283 
     H171973  5 0.1964 0.1167 0.2708 0.2408 0.1753 
     H171974  5 0.1628 0.1449 0.3688 0.1725 0.1510 
     H171975  5 0.1808 0.1840 0.3183 0.1488 0.1680 
     H171976  5 0.2482 0.2287 0.0879 0.0959 0.3394 
        H175  5 0.1424 0.3417 0.2264 0.1584 0.1312 
        H178  5 0.1952 0.1438 0.3284 0.1202 0.2124 
        H189  5 0.2347 0.0776 0.1285 0.2967 0.2624 
        H399  5 0.3361 0.2609 0.0670 0.1803 0.1557 
        H416  5 0.1655 0.1896 0.2736 0.1539 0.2174 
        H438  5 0.1656 0.1461 0.2375 0.2679 0.1829 
        H450  5 0.1368 0.1809 0.4109 0.0726 0.1989 
        H455  5 0.1029 0.3100 0.4085 0.0764 0.1022 
        H456  5 0.1760 0.1761 0.2881 0.1717 0.1880 
        H457  5 0.2112 0.3319 0.1600 0.0901 0.2069 
        H458  5 0.1826 0.2159 0.2746 0.1579 0.1690 
        H459  5 0.2541 0.0829 0.1489 0.2801 0.2340 
        H460  5 0.1673 0.2569 0.1347 0.1549 0.2861 
        H461  5 0.2872 0.1374 0.0986 0.1556 0.3212 
        H462  5 0.1771 0.0893 0.1726 0.3857 0.1754 
        H469  5 0.1810 0.0792 0.1679 0.3924 0.1795 
        H470  5 0.2171 0.2363 0.1722 0.1522 0.2222 
        H471  5 0.2581 0.1147 0.0594 0.3520 0.2158 
        H481  5 0.1138 0.4832 0.1845 0.1173 0.1012 
        H482  5 0.1917 0.2365 0.2291 0.1198 0.2228 
        H501  5 0.1964 0.2169 0.1938 0.1489 0.2441 
        H502  5 0.2857 0.0780 0.1239 0.1891 0.3233 
        H503  5 0.2743 0.1343 0.1354 0.2066 0.2495 
        H509  5 0.1355 0.4029 0.1530 0.1730 0.1356 
        H510  5 0.1975 0.0923 0.3449 0.0941 0.2712 
        H511  5 0.2457 0.0884 0.1965 0.1487 0.3208 
        H530  5 0.1552 0.2465 0.2361 0.2199 0.1422 
        H531  5 0.1259 0.5150 0.0900 0.1133 0.1557 
        H564  5 0.1811 0.2434 0.2147 0.0886 0.2723 
        H565  5 0.1282 0.3814 0.2291 0.0746 0.1866 
        H567  5 0.1663 0.0662 0.1382 0.4716 0.1577 
     H568???  5 0.3339 0.1023 0.1366 0.1820 0.2452 
        H608  5 0.1531 0.1873 0.3552 0.0887 0.2157 
        H609  5 0.1507 0.1053 0.4601 0.1477 0.1362 
        H612  5 0.0893 0.4148 0.2873 0.0984 0.1101 
        H614  5 0.1219 0.5299 0.1070 0.0917 0.1494 
        H615  5 0.1668 0.4040 0.1050 0.0951 0.2291 
        H616  5 0.0962 0.4065 0.2910 0.1250 0.0813 
        H617  5 0.1901 0.1007 0.1373 0.3478 0.2242 
        H618  5 0.1373 0.3727 0.2481 0.1244 0.1176 
        H619  5 0.1546 0.0965 0.5300 0.0924 0.1265 
        H635  5 0.2446 0.1192 0.2053 0.1514 0.2796 
        H636  5 0.1608 0.0883 0.4147 0.1567 0.1795 
        H637  5 0.1616 0.1996 0.3291 0.1024 0.2072 
        H644  5 0.4205 0.0556 0.0825 0.2616 0.1798 
        H711  5 0.2910 0.1359 0.1286 0.1101 0.3344 
        H712  5 0.1317 0.1931 0.4255 0.1414 0.1083 
       H7360  5 0.2467 0.2295 0.2181 0.0915 0.2142 
       H7361  5 0.2121 0.2583 0.2255 0.1129 0.1912 
       H7362  5 0.4333 0.0676 0.0857 0.2297 0.1836 
       H7363  5 0.2123 0.2082 0.1972 0.1733 0.2090 
       H7394  5 0.2019 0.0727 0.1483 0.2332 0.3440 
       H7395  5 0.1954 0.1187 0.3689 0.1130 0.2041 
       H7396  5 0.1940 0.1759 0.1846 0.1772 0.2683 
        H742  5 0.1326 0.1534 0.4700 0.0908 0.1531 
        H743  5 0.1755 0.2312 0.2410 0.2030 0.1493 
        H744  5 0.1033 0.4130 0.1575 0.2360 0.0902 
        H957  5 0.2327 0.1611 0.1520 0.1038 0.3505 
        H958  5 0.1898 0.1619 0.1118 0.2952 0.2413 
        H959  5 0.1294 0.2759 0.3563 0.0955 0.1429 
        H960  5 0.1770 0.1516 0.2011 0.3067 0.1636 
      H_PALI  6 0.2480 0.1206 0.1768 0.1347 0.3200 
        H581  6 0.1848 0.3353 0.1248 0.1575 0.1976 
        H582  6 0.1317 0.5113 0.1406 0.0663 0.1501 
        H583  6 0.2145 0.2661 0.1678 0.1580 0.1936 
        H595  6 0.2395 0.0926 0.0823 0.3310 0.2546 
        H596  6 0.1990 0.0752 0.0863 0.4173 0.2222 
        H597  6 0.2959 0.0657 0.1715 0.2578 0.2091 
        H598  6 0.1789 0.1912 0.2283 0.2058 0.1958 
        H599  6 0.1390 0.2008 0.3746 0.1289 0.1567 
        H642  6 0.2718 0.1608 0.0867 0.2402 0.2405 
        H643  6 0.1570 0.1445 0.1732 0.3828 0.1425 
        H664  6 0.1318 0.5260 0.0706 0.0903 0.1812 
        H665  6 0.1581 0.1178 0.3737 0.1570 0.1935 
        H674  6 0.3138 0.0702 0.1334 0.1826 0.3001 
        H675  6 0.2090 0.2473 0.2168 0.1408 0.1861 
        H676  6 0.2498 0.0826 0.1208 0.2209 0.3259 
        H686  6 0.2224 0.1264 0.2606 0.1074 0.2832 
        H687  6 0.2475 0.2014 0.1177 0.1854 0.2480 
        H917  6 0.1874 0.0853 0.1453 0.3890 0.1930 
        H918  6 0.1889 0.1166 0.4181 0.1026 0.1738 
        H919  6 0.1109 0.3508 0.2780 0.1470 0.1133 
        H920  6 0.2035 0.2925 0.1648 0.1212 0.2180 
        H631  7 0.1731 0.2644 0.2736 0.0946 0.1943 
        H684  7 0.2339 0.0608 0.1821 0.0970 0.4264 
        H685  7 0.0955 0.4516 0.0604 0.2821 0.1105 
        H713  7 0.1054 0.5846 0.1270 0.0845 0.0985 
        H715  7 0.2526 0.0726 0.1914 0.1173 0.3660 
        H716  7 0.1790 0.1389 0.4759 0.0715 0.1348 
        H717  7 0.2060 0.2424 0.2449 0.1554 0.1513 
        H729  7 0.1311 0.0536 0.1817 0.4841 0.1495 
        H730  7 0.1020 0.1223 0.2618 0.3998 0.1141 
        H431  8 0.1417 0.2940 0.1168 0.3078 0.1397 
        H432  8 0.3567 0.0730 0.1357 0.1748 0.2598 
        H433  8 0.2021 0.1125 0.1892 0.2793 0.2169 
        H434  8 0.2174 0.1000 0.2332 0.2593 0.1900 
        H444  8 0.1729 0.1012 0.3900 0.1395 0.1964 
        H454  8 0.1275 0.3473 0.3074 0.0956 0.1222 
        H475  8 0.1256 0.3888 0.1771 0.0987 0.2098 
        H491  8 0.1812 0.1752 0.3613 0.0714 0.2109 
        H492  8 0.1502 0.3571 0.1426 0.1537 0.1965 
        H493  8 0.2818 0.1433 0.1292 0.1735 0.2721 
        H494  8 0.1626 0.2406 0.2622 0.1754 0.1592 
        H495  8 0.1634 0.4229 0.1233 0.0685 0.2219 
        H662  8 0.2644 0.2419 0.1406 0.1464 0.2066 
        H663  8 0.2067 0.1818 0.1916 0.2358 0.1842 
        H695  8 0.1746 0.2253 0.1667 0.2738 0.1597 
       H7367  8 0.1280 0.0633 0.1041 0.5681 0.1365 
       H7368  8 0.2705 0.1061 0.1784 0.1779 0.2671 
       H7369  8 0.1508 0.1161 0.4084 0.1625 0.1621 
       H7370  8 0.1361 0.0802 0.0700 0.5314 0.1824 
       H7371  8 0.1862 0.1480 0.1898 0.2869 0.1891 
        H600  9 0.1595 0.2929 0.2545 0.1247 0.1684 
        H648  9 0.2461 0.1495 0.1643 0.1680 0.2721 
        H696  9 0.3459 0.0950 0.0813 0.2446 0.2333 
        H697  9 0.1822 0.1272 0.2084 0.3194 0.1629 
        H698  9 0.1643 0.1099 0.1302 0.4503 0.1454 
        H699  9 0.2066 0.1486 0.1735 0.2762 0.1951 
        H700  9 0.1413 0.1939 0.3881 0.0839 0.1928 
        H732  9 0.1602 0.4548 0.1425 0.1043 0.1382 
        H733  9 0.1859 0.0914 0.1422 0.4168 0.1637 
        H734  9 0.2471 0.1119 0.0867 0.1961 0.3582 
        H735  9 0.1855 0.1364 0.1169 0.3677 0.1936 
        H736  9 0.1860 0.2401 0.1826 0.1223 0.2690 
        H737  9 0.1583 0.1409 0.2739 0.3179 0.1090 
        H905  9 0.1499 0.1671 0.4105 0.1151 0.1574 
        H921  9 0.1452 0.2064 0.2782 0.1975 0.1727 
        H922  9 0.2123 0.0800 0.1800 0.3190 0.2088 
     H169705 10 0.1158 0.0925 0.0923 0.5678 0.1316 
     H171942 10 0.3770 0.0636 0.1500 0.1689 0.2405 
     H171943 10 0.2051 0.1474 0.1761 0.1655 0.3060 
     H171944 10 0.1604 0.1637 0.1556 0.2972 0.2232 
     H171946 10 0.1582 0.4205 0.1291 0.1080 0.1842 
     H171947 10 0.2121 0.1138 0.1886 0.2520 0.2335 
     H229641 10 0.1929 0.2391 0.0987 0.2488 0.2205 
      H30001 10 0.1942 0.1760 0.2160 0.1809 0.2329 
      H30002 10 0.1963 0.1280 0.3135 0.1618 0.2004 
      H30005 10 0.1508 0.1021 0.1110 0.4965 0.1397 
      H30006 10 0.1398 0.0995 0.1107 0.5179 0.1321 
      H30007 10 0.3208 0.0612 0.1956 0.1094 0.3130 
        H451 10 0.2357 0.0921 0.2203 0.1742 0.2776 
        H452 10 0.1348 0.1177 0.0693 0.5596 0.1186 
        H453 10 0.2094 0.3473 0.1874 0.0912 0.1647 
        H473 10 0.2036 0.2581 0.2623 0.0989 0.1771 
        H474 10 0.1032 0.5947 0.0884 0.0845 0.1292 
        H486 10 0.1534 0.3225 0.1511 0.2308 0.1422 
        H487 10 0.1506 0.2160 0.1735 0.3043 0.1556 
        H488 10 0.1555 0.1527 0.3989 0.1510 0.1419 
        H489 10 0.1212 0.4043 0.1224 0.2196 0.1325 
        H550 10 0.2878 0.1424 0.0879 0.1416 0.3403 
        H551 10 0.1265 0.1640 0.1636 0.4136 0.1323 
        H553 10 0.1206 0.3503 0.0873 0.3441 0.0977 
        H554 10 0.2345 0.1202 0.1908 0.1425 0.3119 
        H556 10 0.1930 0.2408 0.1135 0.2828 0.1701 
        H580 10 0.2112 0.1093 0.2051 0.3184 0.1559 
        H591 10 0.0893 0.5114 0.1824 0.1138 0.1032 
        H592 10 0.1640 0.3163 0.1049 0.2305 0.1842 
        H593 10 0.2172 0.1440 0.1837 0.1281 0.3270 
        H594 10 0.2867 0.0624 0.1327 0.2829 0.2354 
        H627 10 0.2216 0.2287 0.1067 0.1488 0.2942 
        H628 10 0.1964 0.0549 0.3395 0.2662 0.1431 
        H629 10 0.2153 0.3238 0.0868 0.1207 0.2534 
        H630 10 0.1710 0.2624 0.0785 0.2477 0.2405 
        H638 10 0.2058 0.1605 0.1013 0.3046 0.2279 
        H639 10 0.1469 0.5038 0.1063 0.1199 0.1231 
        H640 10 0.2563 0.1509 0.1155 0.2044 0.2728 
        H704 10 0.3335 0.0878 0.1879 0.1915 0.1992 
        H705 10 0.1184 0.0903 0.0965 0.5757 0.1191 
        H706 10 0.1166 0.1967 0.3504 0.2257 0.1106 
        H708 10 0.1151 0.4834 0.1315 0.1104 0.1596 
       H7351 10 0.2534 0.1343 0.2433 0.1310 0.2379 
       H7352 10 0.2147 0.2142 0.1552 0.1938 0.2221 
       H7353 10 0.5088 0.0665 0.1229 0.1396 0.1622 
       H7354 10 0.1651 0.1324 0.4526 0.0674 0.1825 
       H7365 10 0.1025 0.5681 0.1201 0.1094 0.0999 
       H7383 10 0.1405 0.2007 0.3396 0.1561 0.1631 
       H7384 10 0.1716 0.1555 0.2620 0.2609 0.1500 
       H7385 10 0.1544 0.2025 0.3498 0.1455 0.1477 
       H7386 10 0.1956 0.1169 0.2882 0.2437 0.1556 
       H7387 10 0.2332 0.1084 0.2266 0.1761 0.2556 
       H7388 10 0.1336 0.1247 0.1115 0.5343 0.0960 
        H906 10 0.2380 0.2199 0.3021 0.0706 0.1693 
        H907 10 0.2567 0.0871 0.1053 0.2646 0.2863 
        H908 10 0.2038 0.1492 0.2271 0.1901 0.2298 
        H909 10 0.1509 0.1070 0.5094 0.0826 0.1500 
       H9552 10 0.2219 0.1436 0.2126 0.2455 0.1763 
       H9553 10 0.1164 0.2203 0.0931 0.4748 0.0954 
       H9555 10 0.1653 0.1157 0.1753 0.3357 0.2080 
       H9575 10 0.1879 0.3872 0.1477 0.0907 0.1865 
       H9703 10 0.0998 0.4085 0.1554 0.2529 0.0835 
       H9707 10 0.1436 0.3723 0.1170 0.1979 0.1692 
       HSAA4 10 0.2063 0.1034 0.2153 0.3108 0.1642 
        H001 11 0.1893 0.1605 0.3850 0.1122 0.1530 
        H004 11 0.2440 0.1465 0.2124 0.1415 0.2556 
        H005 11 0.1286 0.3037 0.3393 0.0792 0.1492 
        H006 11 0.2111 0.1606 0.2360 0.1742 0.2181 
        H007 11 0.1059 0.2280 0.4664 0.1026 0.0971 
        H031 11 0.0912 0.5424 0.1129 0.1372 0.1163 
        H074 11 0.1234 0.4976 0.1153 0.1180 0.1457 
        H075 11 0.0998 0.3074 0.3550 0.0807 0.1572 
        H080 11 0.1624 0.2892 0.2203 0.1995 0.1287 
        H086 11 0.1677 0.1101 0.1771 0.4133 0.1317 
        H092 11 0.1610 0.2104 0.1820 0.2937 0.1529 
        H093 11 0.3682 0.0754 0.1563 0.1589 0.2412 
        H094 11 0.2132 0.1486 0.0915 0.2746 0.2722 
        H095 11 0.1576 0.3308 0.2739 0.1083 0.1294 
        H096 11 0.1559 0.1893 0.3979 0.1011 0.1559 
        H099 11 0.1962 0.2124 0.2081 0.1867 0.1966 
        H100 11 0.2729 0.0742 0.3001 0.1382 0.2146 
        H127 11 0.1556 0.2098 0.1716 0.3299 0.1331 
        H136 11 0.1434 0.4210 0.1510 0.1187 0.1659 
        H153 11 0.2354 0.1354 0.1692 0.1383 0.3217 
        H154 11 0.1206 0.5085 0.0948 0.1146 0.1614 
        H155 11 0.1624 0.0620 0.3212 0.3285 0.1259 
        H156 11 0.2248 0.0540 0.2575 0.2640 0.1996 
        H161 11 0.2427 0.1244 0.2183 0.1140 0.3005 
        H162 11 0.1866 0.1057 0.0865 0.4364 0.1848 
        H167 11 0.2288 0.0748 0.2538 0.2312 0.2113 
        H168 11 0.2161 0.1032 0.2169 0.2808 0.1830 
     H169586 11 0.2484 0.3412 0.0761 0.0767 0.2576 
     H169738 11 0.1570 0.0734 0.2611 0.3809 0.1276 
     H169741 11 0.1318 0.4125 0.0921 0.1526 0.2110 
     H171801 11 0.3726 0.1108 0.1619 0.1392 0.2156 
     H171810 11 0.1765 0.3267 0.1433 0.1053 0.2483 
     H171811 11 0.1377 0.4308 0.1197 0.0977 0.2140 
     H171812 11 0.1190 0.1289 0.5363 0.0826 0.1332 
     H171820 11 0.1393 0.4421 0.1541 0.1092 0.1553 
     H171821 11 0.2435 0.1084 0.1870 0.2441 0.2170 
     H171822 11 0.1856 0.1357 0.1524 0.3060 0.2204 
     H171823 11 0.1820 0.3266 0.1710 0.0676 0.2528 
     H171866 11 0.2461 0.0942 0.1648 0.3341 0.1609 
     H171867 11 0.1699 0.0901 0.1881 0.3627 0.1892 
     H171967 11 0.1254 0.3434 0.2516 0.1581 0.1214 
     H171969 11 0.2102 0.1606 0.2789 0.1337 0.2166 
        H172 11 0.1975 0.1638 0.2106 0.2088 0.2193 
        H173 11 0.1307 0.1265 0.2173 0.3848 0.1407 
        H174 11 0.3021 0.0782 0.0886 0.2656 0.2656 
        H196 11 0.1142 0.0641 0.0943 0.6378 0.0897 
        H197 11 0.2357 0.1020 0.1988 0.2460 0.2175 
        H346 11 0.1384 0.1353 0.4502 0.1099 0.1663 
        H355 11 0.1849 0.2866 0.2840 0.1250 0.1194 
        H356 11 0.1872 0.1440 0.2922 0.2227 0.1539 
        H357 11 0.1449 0.3278 0.1954 0.1681 0.1639 
        H358 11 0.1343 0.1152 0.4388 0.1510 0.1608 
        H359 11 0.2055 0.2148 0.1649 0.1734 0.2414 
        H360 11 0.1710 0.1287 0.2537 0.2599 0.1867 
        H361 11 0.1826 0.0910 0.2988 0.2657 0.1620 
        H362 11 0.2212 0.0642 0.1180 0.3505 0.2461 
        H363 11 0.1383 0.3208 0.2139 0.1362 0.1908 
        H364 11 0.2501 0.1635 0.2375 0.1019 0.2470 
        H365 11 0.1834 0.1492 0.2949 0.2053 0.1672 
        H366 11 0.1512 0.1504 0.2211 0.3451 0.1322 
        H367 11 0.1229 0.5037 0.0969 0.1607 0.1158 
        H368 11 0.2797 0.1903 0.0856 0.1156 0.3287 
        H369 11 0.0987 0.4563 0.1720 0.1617 0.1114 
        H370 11 0.2374 0.1147 0.1683 0.2163 0.2633 
        H371 11 0.1620 0.1429 0.1197 0.3900 0.1854 
        H372 11 0.1982 0.1348 0.2238 0.2320 0.2113 
        H373 11 0.2047 0.1062 0.3088 0.1456 0.2347 
        H374 11 0.1612 0.1371 0.4557 0.0988 0.1473 
        H375 11 0.1479 0.2412 0.2924 0.1431 0.1754 
        H376 11 0.3153 0.1128 0.2101 0.1418 0.2200 
        H377 11 0.1776 0.2091 0.2052 0.1817 0.2264 
        H378 11 0.2356 0.2144 0.1708 0.1563 0.2228 
        H379 11 0.2304 0.1563 0.1158 0.1876 0.3100 
        H380 11 0.2054 0.0916 0.2553 0.1949 0.2528 
        H381 11 0.1391 0.4993 0.0978 0.0888 0.1750 
        H382 11 0.2655 0.0588 0.1387 0.2457 0.2914 
        H383 11 0.2913 0.0675 0.2621 0.1356 0.2435 
        H384 11 0.1902 0.3082 0.1742 0.1373 0.1901 
        H385 11 0.1655 0.2264 0.1622 0.1849 0.2610 
        H386 11 0.1687 0.0933 0.3935 0.1709 0.1736 
        H387 11 0.3563 0.1321 0.1562 0.0814 0.2740 
        H388 11 0.1693 0.0874 0.2181 0.4038 0.1214 
        H389 11 0.1464 0.1797 0.3046 0.2047 0.1646 
        H390 11 0.2262 0.1628 0.1989 0.1709 0.2412 
        H391 11 0.2601 0.1204 0.1479 0.2453 0.2264 
        H392 11 0.1115 0.2020 0.4457 0.0731 0.1677 
        H393 11 0.2757 0.0903 0.2881 0.1162 0.2297 
        H394 11 0.3952 0.1353 0.1019 0.1527 0.2150 
        H395 11 0.1312 0.3737 0.1953 0.1677 0.1321 
        H408 11 0.1245 0.1387 0.4753 0.1304 0.1311 
        H412 11 0.0950 0.6831 0.0410 0.0631 0.1179 
        H417 11 0.1853 0.2859 0.1598 0.1624 0.2066 
        H418 11 0.2312 0.2320 0.1131 0.1919 0.2318 
        H429 11 0.2027 0.1202 0.3720 0.1074 0.1976 
        H430 11 0.2112 0.0916 0.2439 0.2413 0.2119 
        H439 11 0.1697 0.1545 0.2377 0.2601 0.1780 
        H440 11 0.1349 0.3409 0.2749 0.0900 0.1593 
        H441 11 0.1830 0.1364 0.1224 0.3577 0.2005 
        H442 11 0.2382 0.1330 0.1996 0.2594 0.1697 
        H446 11 0.2828 0.1486 0.1587 0.1849 0.2249 
        H447 11 0.1886 0.1016 0.2296 0.2462 0.2340 
        H448 11 0.1383 0.1179 0.2006 0.4167 0.1266 
        H534 11 0.1700 0.3422 0.2372 0.0850 0.1656 
        H537 11 0.2045 0.4623 0.1191 0.0923 0.1217 
        H568 11 0.0961 0.5683 0.1291 0.1027 0.1039 
        H569 11 0.1346 0.0607 0.1346 0.5155 0.1545 
        H586 11 0.2607 0.3612 0.0626 0.0668 0.2487 
        H587 11 0.1057 0.5138 0.1651 0.0994 0.1161 
        H588 11 0.4387 0.0728 0.1402 0.1033 0.2451 
        H589 11 0.1164 0.4030 0.2777 0.0712 0.1317 
        H590 11 0.1602 0.3320 0.2412 0.1106 0.1559 
        H601 11 0.2088 0.0780 0.1421 0.3701 0.2009 
        H602 11 0.1604 0.2259 0.1882 0.2797 0.1458 
        H603 11 0.1749 0.0848 0.2646 0.2414 0.2342 
