        H102  1 0.1522 0.1618 0.2267 0.3783 0.0810 
        H103  1 0.2998 0.0798 0.3411 0.1401 0.1392 
        H104  1 0.1354 0.2963 0.1105 0.2110 0.2468 
        H105  1 0.1801 0.1242 0.2427 0.2518 0.2013 
        H106  1 0.1956 0.2513 0.2064 0.1732 0.1735 
        H112  1 0.1516 0.2524 0.1891 0.2289 0.1779 
        H113  1 0.1773 0.0958 0.1473 0.1644 0.4152 
        H114  1 0.2041 0.0661 0.1679 0.1568 0.4051 
        H115  1 0.1270 0.1372 0.1513 0.3184 0.2660 
        H143  1 0.1960 0.0944 0.2366 0.2985 0.1745 
        H144  1 0.3215 0.0636 0.2367 0.2353 0.1430 
        H145  1 0.1850 0.0691 0.2775 0.3545 0.1139 
        H149  1 0.1582 0.3878 0.1556 0.1732 0.1252 
        H150  1 0.2225 0.1222 0.2526 0.1846 0.2181 
     H167542  1 0.1317 0.0925 0.1263 0.3369 0.3125 
     H169604  1 0.1907 0.1286 0.1652 0.2887 0.2268 
     H169607  1 0.2549 0.1221 0.1810 0.2877 0.1543 
     H169608  1 0.1221 0.2133 0.2131 0.3509 0.1007 
     H169633  1 0.2034 0.0903 0.1749 0.1848 0.3466 
     H169688  1 0.3163 0.2515 0.1953 0.1521 0.0848 
     H169714  1 0.1803 0.2268 0.1590 0.1923 0.2416 
     H171802  1 0.1831 0.3650 0.1531 0.1066 0.1923 
     H171805  1 0.2312 0.1135 0.2946 0.2029 0.1578 
     H171807  1 0.1902 0.2464 0.2055 0.2521 0.1058 
     H171814  1 0.2779 0.0997 0.1637 0.1325 0.3262 
     H171816  1 0.1827 0.2680 0.1841 0.1966 0.1687 
     H171817  1 0.1806 0.3031 0.1617 0.1661 0.1884 
     H171818  1 0.2315 0.1517 0.2182 0.1858 0.2129 
     H171819  1 0.2105 0.1803 0.1945 0.1731 0.2416 
     H171834  1 0.1896 0.1060 0.3113 0.2556 0.1376 
     H171835  1 0.1235 0.3972 0.0990 0.1598 0.2205 
     H171836  1 0.2739 0.0550 0.2753 0.1198 0.2761 
     H171837  1 0.1383 0.1672 0.1271 0.2956 0.2719 
     H171838  1 0.2538 0.0826 0.3180 0.1961 0.1495 
     H171839  1 0.1578 0.2500 0.1281 0.1984 0.2658 
     H171841  1 0.1383 0.4516 0.1760 0.1623 0.0718 
     H171860  1 0.1777 0.1331 0.1765 0.2422 0.2705 
     H171861  1 0.2278 0.0581 0.3141 0.1889 0.2111 
     H171862  1 0.2003 0.1230 0.2347 0.2782 0.1639 
     H171868  1 0.1266 0.0839 0.2249 0.3586 0.2060 
     H171869  1 0.3404 0.1170 0.2366 0.1783 0.1277 
     H171870  1 0.2272 0.3302 0.2382 0.1044 0.1000 
     H171871  1 0.2549 0.1014 0.2686 0.1292 0.2459 
     H171872  1 0.1697 0.2024 0.1363 0.2352 0.2564 
     H171873  1 0.2514 0.2822 0.2010 0.1230 0.1423 
     H171874  1 0.2399 0.1144 0.2757 0.2414 0.1286 
     H171875  1 0.2454 0.0519 0.2518 0.1691 0.2817 
     H171876  1 0.2507 0.0957 0.2499 0.2526 0.1511 
     H171877  1 0.1098 0.0855 0.1200 0.3563 0.3284 
     H171878  1 0.2805 0.2616 0.2307 0.1444 0.0828 
     H171901  1 0.1893 0.4229 0.1262 0.1109 0.1508 
     H171902  1 0.2133 0.2536 0.1770 0.2644 0.0918 
     H171903  1 0.2299 0.1619 0.2122 0.1880 0.2080 
     H171935  1 0.2108 0.3652 0.1933 0.1274 0.1034 
     H171936  1 0.1736 0.0997 0.1151 0.2071 0.4045 
     H171940  1 0.1702 0.1996 0.2090 0.2870 0.1341 
     H171945  1 0.2780 0.2337 0.1806 0.1708 0.1370 
     H171948  1 0.1744 0.1752 0.2640 0.2189 0.1675 
     H171949  1 0.1228 0.4809 0.1156 0.1763 0.1044 
     H171950  1 0.1272 0.5121 0.1013 0.1528 0.1066 
     H171963  1 0.3152 0.1181 0.2954 0.1296 0.1416 
     H171964  1 0.2544 0.0818 0.2988 0.2429 0.1221 
     H171966  1 0.2208 0.1698 0.3092 0.1521 0.1481 
     H171968  1 0.2172 0.2324 0.1702 0.2923 0.0879 
     H171971  1 0.2582 0.1872 0.2542 0.1293 0.1710 
     H171972  1 0.2599 0.0772 0.2756 0.1970 0.1903 
     H171977  1 0.2594 0.0917 0.2349 0.2242 0.1897 
     H171978  1 0.1865 0.3074 0.2251 0.1836 0.0974 
     H171979  1 0.2775 0.0832 0.3100 0.1561 0.1732 
        H176  1 0.1810 0.1111 0.1836 0.2531 0.2711 
        H177  1 0.1414 0.4411 0.1150 0.1945 0.1080 
        H179  1 0.1310 0.2871 0.0962 0.2500 0.2357 
        H181  1 0.2689 0.1115 0.3056 0.1405 0.1735 
        H182  1 0.2233 0.0591 0.3301 0.2436 0.1439 
        H183  1 0.2852 0.1272 0.3288 0.1114 0.1474 
        H184  1 0.1650 0.2031 0.2732 0.2047 0.1541 
        H185  1 0.2386 0.0846 0.2331 0.2067 0.2371 
        H186  1 0.3031 0.1633 0.2030 0.2493 0.0813 
        H187  1 0.2398 0.2505 0.1901 0.1341 0.1856 
        H188  1 0.1084 0.1535 0.1241 0.2989 0.3152 
        H192  1 0.1670 0.3108 0.1966 0.2065 0.1191 
        H193  1 0.2824 0.0713 0.2943 0.2359 0.1162 
        H194  1 0.1795 0.2064 0.1970 0.2307 0.1865 
        H195  1 0.3430 0.2016 0.2100 0.1673 0.0780 
        H199  1 0.3285 0.1414 0.2510 0.1716 0.1075 
        H200  1 0.1919 0.2348 0.1696 0.1718 0.2320 
        H414  1 0.2377 0.2160 0.2349 0.1439 0.1674 
        H415  1 0.1904 0.0968 0.1951 0.1774 0.3403 
        H422  1 0.2067 0.2100 0.2318 0.2380 0.1135 
        H423  1 0.1039 0.5952 0.1126 0.1161 0.0722 
        H424  1 0.3005 0.1182 0.2643 0.1285 0.1884 
        H425  1 0.3536 0.1468 0.2119 0.1581 0.1296 
        H426  1 0.3441 0.1099 0.2916 0.1684 0.0861 
        H443  1 0.3056 0.0674 0.1820 0.3091 0.1359 
        H466  1 0.2155 0.2131 0.2391 0.1786 0.1537 
        H467  1 0.1433 0.4334 0.1495 0.1619 0.1120 
        H472  1 0.1949 0.2794 0.1322 0.2097 0.1839 
        H483  1 0.2061 0.0997 0.2402 0.2760 0.1780 
        H504  1 0.3071 0.1115 0.2397 0.1755 0.1662 
        H505  1 0.1621 0.2935 0.1481 0.1938 0.2025 
        H506  1 0.2691 0.1394 0.2207 0.2402 0.1307 
        H507  1 0.2755 0.0726 0.2496 0.1706 0.2317 
        H508  1 0.2130 0.3609 0.1814 0.1197 0.1251 
        H524  1 0.2086 0.1172 0.1504 0.1470 0.3768 
        H525  1 0.2184 0.0846 0.2307 0.2952 0.1710 
        H526  1 0.1267 0.0860 0.1257 0.3169 0.3447 
        H527  1 0.1857 0.3114 0.1754 0.2124 0.1152 
        H528  1 0.2304 0.0636 0.2516 0.1605 0.2939 
        H529  1 0.2634 0.0736 0.1952 0.1925 0.2754 
        H533  1 0.2527 0.0779 0.2797 0.1341 0.2556 
        H538  1 0.2039 0.1817 0.1556 0.2543 0.2045 
        H539  1 0.2666 0.2664 0.2158 0.1452 0.1060 
        H540  1 0.2150 0.1529 0.2373 0.2048 0.1900 
        H541  1 0.1626 0.1049 0.1470 0.2951 0.2904 
        H558  1 0.2679 0.1129 0.3343 0.1748 0.1102 
        H559  1 0.1840 0.1215 0.2245 0.3419 0.1282 
        H579  1 0.1783 0.0629 0.3241 0.3271 0.1075 
        H584  1 0.3005 0.1102 0.3103 0.1301 0.1489 
        H585  1 0.2651 0.1377 0.2412 0.1312 0.2248 
        H605  1 0.1783 0.3149 0.1837 0.1678 0.1552 
        H606  1 0.1491 0.3985 0.1115 0.2354 0.1057 
        H632  1 0.2732 0.0751 0.2433 0.2694 0.1390 
        H634  1 0.2386 0.1376 0.3157 0.1456 0.1625 
        H671  1 0.1113 0.5257 0.0945 0.1505 0.1180 
        H672  1 0.2262 0.1883 0.1369 0.0954 0.3532 
        H673  1 0.2571 0.0883 0.2853 0.2184 0.1509 
        H689  1 0.2338 0.0937 0.2207 0.2392 0.2126 
        H690  1 0.1358 0.1738 0.1743 0.2575 0.2585 
        H691  1 0.1854 0.1162 0.1483 0.3443 0.2058 
        H692  1 0.2907 0.0472 0.4008 0.0992 0.1621 
        H709  1 0.2064 0.1097 0.2620 0.1815 0.2405 
        H710  1 0.2714 0.0492 0.3611 0.1362 0.1821 
       H7355  1 0.1720 0.0688 0.1503 0.3154 0.2935 
       H7356  1 0.2219 0.1436 0.2980 0.1893 0.1472 
       H7357  1 0.1465 0.2286 0.1530 0.2685 0.2035 
       H7358  1 0.2071 0.1255 0.1980 0.2451 0.2242 
       H7380  1 0.2032 0.0893 0.2440 0.3107 0.1527 
       H7381  1 0.2145 0.2650 0.2279 0.1756 0.1170 
       H7382  1 0.2653 0.1285 0.2004 0.2648 0.1411 
        H904  1 0.1030 0.4973 0.0947 0.2172 0.0879 
        H923  1 0.1960 0.2287 0.1899 0.1696 0.2157 
        H924  1 0.2004 0.2324 0.1601 0.2331 0.1741 
        H925  1 0.1307 0.1096 0.0902 0.3501 0.3194 
       H9558  1 0.2722 0.0965 0.3639 0.1693 0.0980 
        H008  2 0.2174 0.0591 0.2928 0.1713 0.2593 
        H021  2 0.1632 0.2367 0.1596 0.2571 0.1835 
        H023  2 0.1359 0.2371 0.1368 0.3037 0.1865 
        H024  2 0.2408 0.0584 0.2122 0.0795 0.4090 
        H025  2 0.1836 0.2799 0.2490 0.1763 0.1112 
        H026  2 0.3182 0.0706 0.2205 0.1320 0.2587 
        H027  2 0.1787 0.1425 0.1323 0.2081 0.3385 
        H028  2 0.2476 0.1171 0.2580 0.2021 0.1752 
        H029  2 0.2044 0.1106 0.1632 0.1785 0.3433 
        H030  2 0.2535 0.0670 0.2651 0.1869 0.2275 
        H038  2 0.1285 0.3887 0.1119 0.2196 0.1513 
        H039  2 0.0620 0.7052 0.0612 0.1106 0.0611 
        H040  2 0.1576 0.4792 0.1156 0.1152 0.1324 
        H041  2 0.1477 0.0875 0.1540 0.2090 0.4018 
        H042  2 0.1741 0.1818 0.1991 0.2655 0.1794 
        H043  2 0.1456 0.5626 0.1063 0.1232 0.0623 
        H044  2 0.3006 0.0876 0.3285 0.1072 0.1761 
        H047  2 0.2039 0.2142 0.2645 0.1601 0.1574 
        H050  2 0.2540 0.0930 0.1711 0.1095 0.3725 
        H058  2 0.2135 0.3037 0.2243 0.1094 0.1491 
        H062  2 0.1060 0.1917 0.1019 0.4082 0.1922 
        H063  2 0.1692 0.3495 0.1540 0.1377 0.1896 
        H065  2 0.2797 0.1579 0.2585 0.1950 0.1088 
        H066  2 0.2602 0.1479 0.2256 0.1084 0.2579 
        H067  2 0.2041 0.1151 0.1801 0.3259 0.1749 
        H068  2 0.1532 0.3848 0.1622 0.1513 0.1484 
        H069  2 0.2676 0.2550 0.1986 0.1325 0.1463 
        H071  2 0.1741 0.2128 0.1643 0.2564 0.1925 
        H072  2 0.1204 0.4352 0.1436 0.1495 0.1514 
        H073  2 0.2746 0.1432 0.1829 0.2097 0.1895 
        H081  2 0.1237 0.1136 0.1517 0.3080 0.3031 
        H082  2 0.2708 0.0741 0.3354 0.1197 0.2000 
        H083  2 0.2732 0.0660 0.3611 0.1877 0.1121 
        H084  2 0.1874 0.2664 0.1513 0.1414 0.2535 
        H085  2 0.1516 0.0794 0.1210 0.2739 0.3741 
        H087  2 0.1182 0.0922 0.1466 0.4169 0.2261 
        H088  2 0.1871 0.2572 0.1838 0.1969 0.1749 
        H089  2 0.2098 0.1462 0.1593 0.2700 0.2147 
        H090  2 0.2560 0.0745 0.1719 0.0984 0.3992 
        H091  2 0.1935 0.0570 0.1226 0.1413 0.4855 
        H098  2 0.1993 0.1093 0.2224 0.1441 0.3249 
      H10001  2 0.0609 0.7204 0.0594 0.1052 0.0541 
      H10002  2 0.1465 0.2496 0.1819 0.2821 0.1398 
        H101  2 0.2482 0.1158 0.1653 0.0782 0.3925 
        H108  2 0.1108 0.2886 0.1533 0.3072 0.1401 
        H109  2 0.2174 0.2676 0.1391 0.1003 0.2756 
        H110  2 0.1657 0.0700 0.2404 0.2995 0.2243 
        H116  2 0.2743 0.0880 0.2832 0.1541 0.2004 
        H117  2 0.1673 0.0628 0.0965 0.1386 0.5348 
        H118  2 0.2107 0.0553 0.1758 0.1451 0.4132 
        H119  2 0.1547 0.1858 0.1343 0.2083 0.3169 
        H120  2 0.0942 0.3388 0.1279 0.2810 0.1581 
        H121  2 0.2159 0.0615 0.1267 0.1569 0.4390 
        H125  2 0.0616 0.6913 0.0612 0.1242 0.0617 
        H126  2 0.2566 0.0898 0.3753 0.1462 0.1321 
        H128  2 0.2679 0.0411 0.1706 0.0738 0.4466 
        H129  2 0.3644 0.0740 0.3396 0.1145 0.1074 
        H130  2 0.1861 0.3521 0.2127 0.1868 0.0623 
        H133  2 0.1343 0.5324 0.1320 0.1090 0.0923 
        H134  2 0.3664 0.0610 0.3005 0.1727 0.0994 
        H135  2 0.1815 0.1626 0.2087 0.2329 0.2143 
        H137  2 0.2190 0.1826 0.1349 0.1293 0.3342 
        H138  2 0.2693 0.0800 0.3240 0.2262 0.1005 
        H140  2 0.2087 0.1637 0.1892 0.1569 0.2815 
        H146  2 0.2017 0.0865 0.1199 0.1017 0.4902 
        H147  2 0.2023 0.0858 0.1694 0.1768 0.3657 
        H148  2 0.1426 0.0905 0.1491 0.2446 0.3733 
     H166022  2 0.2301 0.0873 0.2485 0.1918 0.2423 
     H167359  2 0.2258 0.1680 0.2611 0.1418 0.2033 
     H167397  2 0.2622 0.0447 0.2084 0.1051 0.3796 
     H167428  2 0.1764 0.0442 0.2101 0.2168 0.3524 
     H167496  2 0.1181 0.4055 0.1057 0.1867 0.1841 
     H167513  2 0.2626 0.2791 0.2247 0.0782 0.1554 
     H167545  2 0.2476 0.0862 0.2929 0.2300 0.1433 
     H167547  2 0.2576 0.0712 0.2091 0.1164 0.3458 
     H169621  2 0.2420 0.0753 0.2212 0.1895 0.2720 
     H169622  2 0.2881 0.1327 0.2127 0.2489 0.1177 
     H169750  2 0.2385 0.3013 0.2298 0.1291 0.1014 
     H171806  2 0.1898 0.1566 0.1403 0.1966 0.3168 
     H171808  2 0.1800 0.1821 0.1740 0.2673 0.1966 
     H171809  2 0.1573 0.1338 0.1859 0.3402 0.1828 
     H171813  2 0.2042 0.1499 0.2551 0.2401 0.1506 
     H171815  2 0.1238 0.5234 0.1281 0.1183 0.1064 
     H171824  2 0.1276 0.2380 0.1144 0.2765 0.2435 
     H171825  2 0.2739 0.1299 0.2045 0.2678 0.1240 
     H171826  2 0.1731 0.1728 0.1845 0.2291 0.2406 
     H171827  2 0.2164 0.1887 0.2354 0.2258 0.1338 
     H171828  2 0.0747 0.4138 0.0805 0.2501 0.1810 
     H171829  2 0.2359 0.2815 0.2006 0.1343 0.1477 
     H171830  2 0.2088 0.1413 0.2335 0.1257 0.2906 
     H171831  2 0.2820 0.0727 0.3146 0.1349 0.1958 
     H171832  2 0.2040 0.0876 0.3663 0.2417 0.1005 
     H171863  2 0.3282 0.0707 0.2981 0.1103 0.1928 
     H171864  2 0.1899 0.1721 0.1394 0.1518 0.3467 
     H171865  2 0.1439 0.4061 0.1504 0.1231 0.1765 
     H171879  2 0.2347 0.1299 0.1566 0.1054 0.3734 
     H171880  2 0.2208 0.0875 0.1347 0.0940 0.4630 
     H171881  2 0.2373 0.1008 0.2349 0.2364 0.1906 
     H171882  2 0.0928 0.5821 0.1099 0.1245 0.0907 
     H171929  2 0.2360 0.1241 0.2100 0.1651 0.2648 
     H171930  2 0.2909 0.0761 0.2723 0.1271 0.2337 
     H171933  2 0.2409 0.1967 0.1908 0.1595 0.2120 
     H171934  2 0.1473 0.1197 0.1308 0.3326 0.2696 
     H171937  2 0.2375 0.0833 0.4013 0.1174 0.1605 
     H171962  2 0.2139 0.0851 0.2840 0.2215 0.1955 
        H190  2 0.2668 0.1516 0.2591 0.1585 0.1639 
        H191  2 0.1940 0.1504 0.2360 0.1581 0.2616 
        H396  2 0.1057 0.1071 0.0984 0.3922 0.2967 
        H397  2 0.2207 0.1625 0.2352 0.1755 0.2060 
        H398  2 0.2033 0.1722 0.1951 0.2524 0.1769 
        H400  2 0.1526 0.1474 0.1352 0.3165 0.2483 
        H401  2 0.2167 0.0438 0.1401 0.0944 0.5051 
        H402  2 0.2517 0.1226 0.2193 0.1392 0.2671 
        H427  2 0.1152 0.0924 0.1195 0.3525 0.3204 
        H428  2 0.1656 0.0401 0.1879 0.2267 0.3796 
        H497  2 0.1992 0.3721 0.1959 0.1060 0.1267 
        H512  2 0.2010 0.1334 0.1821 0.1241 0.3594 
        H513  2 0.2358 0.2840 0.2359 0.0865 0.1578 
        H514  2 0.3046 0.1315 0.2758 0.1874 0.1007 
        H519  2 0.2565 0.2335 0.2312 0.0922 0.1865 
        H532  2 0.1254 0.0756 0.1264 0.3164 0.3561 
        H543  2 0.2634 0.0849 0.2776 0.1493 0.2247 
        H544  2 0.2676 0.1789 0.3333 0.1373 0.0829 
        H545  2 0.2425 0.0755 0.3277 0.2352 0.1191 
        H546  2 0.1625 0.4355 0.1588 0.1442 0.0989 
        H547  2 0.2465 0.0752 0.2004 0.1204 0.3576 
        H548  2 0.2063 0.1463 0.1601 0.2167 0.2707 
        H549  2 0.2278 0.4409 0.1403 0.0775 0.1135 
        H620  2 0.0775 0.5826 0.0917 0.1491 0.0990 
        H623  2 0.2468 0.1076 0.3832 0.1299 0.1324 
        H624  2 0.2176 0.3589 0.1560 0.2064 0.0611 
        H625  2 0.1784 0.1138 0.1552 0.2785 0.2742 
        H626  2 0.2285 0.2308 0.1842 0.1443 0.2121 
        H654  2 0.0790 0.7206 0.0676 0.0834 0.0495 
        H655  2 0.1906 0.2324 0.2079 0.2554 0.1137 
        H656  2 0.0900 0.5161 0.0977 0.2114 0.0847 
        H666  2 0.1005 0.6151 0.0764 0.0874 0.1206 
        H667  2 0.1767 0.1120 0.2080 0.3374 0.1658 
        H677  2 0.1802 0.1146 0.1695 0.2906 0.2451 
        H693  2 0.1002 0.2102 0.1181 0.3897 0.1818 
        H694  2 0.2707 0.1316 0.3315 0.1092 0.1570 
        H701  2 0.2445 0.1017 0.2527 0.1521 0.2490 
        H702  2 0.2138 0.2101 0.2324 0.1787 0.1649 
        H731  2 0.1733 0.2335 0.1584 0.2677 0.1670 
       H7359  2 0.2194 0.1739 0.2556 0.1431 0.2081 
       H7389  2 0.1750 0.1007 0.1293 0.2088 0.3862 
       H7390  2 0.1090 0.5496 0.1065 0.1373 0.0976 
       H7391  2 0.1128 0.0777 0.0878 0.3086 0.4132 
       H7392  2 0.2491 0.2081 0.1846 0.2039 0.1543 
       H7393  2 0.1858 0.2907 0.1572 0.1736 0.1927 
       H7398  2 0.1506 0.0987 0.1320 0.2382 0.3804 
       H7399  2 0.2496 0.0787 0.2387 0.2478 0.1852 
       H7400  2 0.0740 0.6693 0.0740 0.1261 0.0566 
        H745  2 0.3265 0.0643 0.3447 0.1218 0.1428 
        H746  2 0.2114 0.0872 0.2497 0.3114 0.1403 
        H747  2 0.1365 0.4717 0.0997 0.1202 0.1719 
        H748  2 0.2341 0.1922 0.2020 0.1974 0.1744 
       H7484  2 0.1021 0.5195 0.1079 0.1545 0.1159 
       H7485  2 0.2874 0.2032 0.2693 0.1036 0.1365 
        H749  2 0.2414 0.1581 0.2006 0.2606 0.1394 
        H930  2 0.2764 0.0852 0.2518 0.1131 0.2735 
        H931  2 0.2013 0.1047 0.1953 0.1903 0.3084 
        H932  2 0.1873 0.1399 0.1355 0.1521 0.3851 
        H111  3 0.2496 0.0859 0.4060 0.1069 0.1516 
        H951  3 0.2667 0.0867 0.2239 0.1483 0.2744 
        H952  3 0.2442 0.1472 0.1880 0.1658 0.2547 
        H953  3 0.1135 0.0689 0.0742 0.3117 0.4317 
        H954  3 0.1473 0.4787 0.1434 0.1199 0.1106 
        H955  3 0.3133 0.0823 0.3039 0.1384 0.1620 
        H956  3 0.1852 0.2439 0.1270 0.1230 0.3209 
       H9563  3 0.1847 0.1584 0.1462 0.2126 0.2981 
        H002  4 0.1806 0.2492 0.2882 0.2072 0.0749 
        H003  4 0.2206 0.0708 0.2303 0.3097 0.1686 
        H009  4 0.2312 0.1567 0.2596 0.2366 0.1159 
        H010  4 0.2001 0.1315 0.1888 0.2336 0.2460 
        H011  4 0.1178 0.3652 0.1363 0.2520 0.1287 
        H012  4 0.1991 0.0918 0.2561 0.2444 0.2087 
        H013  4 0.1620 0.1578 0.2221 0.2656 0.1925 
        H014  4 0.2240 0.1238 0.2824 0.2489 0.1209 
        H045  4 0.0936 0.1572 0.1029 0.2700 0.3763 
        H046  4 0.2336 0.0915 0.1957 0.3392 0.1400 
        H051  4 0.1520 0.2053 0.1636 0.3028 0.1763 
        H052  4 0.2104 0.3435 0.1776 0.1473 0.1211 
        H053  4 0.1986 0.2265 0.1806 0.2049 0.1895 
        H056  4 0.1744 0.3111 0.2104 0.1848 0.1192 
        H076  4 0.2696 0.0759 0.2478 0.1591 0.2476 
        H151  4 0.1394 0.4481 0.1360 0.1844 0.0921 
        H152  4 0.1936 0.2434 0.2273 0.2307 0.1049 
     H171803  4 0.1345 0.4011 0.1335 0.2075 0.1234 
     H171804  4 0.1501 0.3103 0.1312 0.1960 0.2124 
     H171833  4 0.2796 0.0872 0.3710 0.1407 0.1216 
     H171855  4 0.1511 0.4800 0.1599 0.1249 0.0841 
     H171856  4 0.1892 0.3013 0.1226 0.1309 0.2560 
     H171857  4 0.1498 0.3580 0.1506 0.1799 0.1617 
     H171858  4 0.1866 0.1467 0.2516 0.2218 0.1931 
     H171859  4 0.2351 0.1818 0.1788 0.2027 0.2016 
     H171961  4 0.1724 0.2674 0.1800 0.2288 0.1513 
        H198  4 0.2653 0.0680 0.2969 0.2040 0.1657 
      H20001  4 0.2582 0.0956 0.4017 0.1330 0.1115 
        H403  4 0.1850 0.3153 0.1701 0.1606 0.1690 
        H404  4 0.2174 0.0916 0.2444 0.2577 0.1888 
        H405  4 0.2309 0.0850 0.1909 0.2199 0.2733 
        H406  4 0.2645 0.1469 0.2156 0.0692 0.3037 
        H407  4 0.1300 0.2195 0.0936 0.2076 0.3494 
        H410  4 0.1805 0.0565 0.0750 0.1135 0.5744 
        H411  4 0.2587 0.0714 0.3261 0.2172 0.1265 
        H468  4 0.2765 0.2859 0.2276 0.0861 0.1239 
        H476  4 0.2328 0.2962 0.2227 0.1102 0.1381 
        H477  4 0.2764 0.1116 0.2926 0.2151 0.1043 
        H478  4 0.2213 0.1280 0.2471 0.2853 0.1183 
        H479  4 0.1578 0.2684 0.1522 0.2179 0.2037 
        H480  4 0.2550 0.0961 0.3189 0.1669 0.1631 
        H498  4 0.2629 0.1318 0.2991 0.1813 0.1249 
        H499  4 0.1857 0.1434 0.2564 0.2596 0.1549 
        H500  4 0.1362 0.4442 0.1184 0.1434 0.1578 
        H515  4 0.1656 0.2239 0.2057 0.2401 0.1647 
        H516  4 0.2223 0.1621 0.2366 0.1508 0.2281 
        H517  4 0.1930 0.1262 0.1560 0.1563 0.3686 
        H518  4 0.1726 0.4307 0.1629 0.1175 0.1164 
        H520  4 0.1634 0.4749 0.1041 0.1142 0.1434 
        H521  4 0.2071 0.1362 0.2051 0.2389 0.2126 
        H522  4 0.1998 0.2544 0.2054 0.1818 0.1586 
        H523  4 0.2105 0.1952 0.1958 0.1669 0.2316 
        H536  4 0.1968 0.1450 0.1731 0.2820 0.2030 
        H645  4 0.1113 0.1302 0.1242 0.3605 0.2737 
        H646  4 0.2529 0.0855 0.1788 0.1006 0.3822 
        H647  4 0.2551 0.2603 0.1718 0.1599 0.1529 
        H657  4 0.2369 0.1142 0.1742 0.1493 0.3253 
        H658  4 0.2190 0.2002 0.1644 0.1757 0.2407 
        H659  4 0.1017 0.6161 0.1015 0.1135 0.0672 
        H660  4 0.2214 0.2175 0.2647 0.1784 0.1180 
        H661  4 0.1664 0.3849 0.2110 0.1620 0.0757 
        H668  4 0.1887 0.0803 0.2705 0.3074 0.1532 
        H669  4 0.2071 0.1960 0.1560 0.1856 0.2554 
        H670  4 0.1055 0.1116 0.1443 0.4684 0.1702 
        H678  4 0.2462 0.1967 0.2041 0.1469 0.2061 
        H679  4 0.2590 0.0892 0.2153 0.0946 0.3418 
        H680  4 0.2216 0.1879 0.2580 0.1539 0.1786 
        H681  4 0.1642 0.2135 0.2254 0.2582 0.1387 
        H682  4 0.2110 0.1174 0.1934 0.1537 0.3244 
        H683  4 0.2267 0.3549 0.1811 0.1065 0.1308 
        H718  4 0.1142 0.5126 0.0872 0.1236 0.1623 
        H719  4 0.1666 0.1608 0.1998 0.2614 0.2115 
        H720  4 0.1917 0.3394 0.2243 0.1661 0.0784 
        H721  4 0.2101 0.2969 0.2130 0.1815 0.0986 
        H722  4 0.2518 0.2828 0.2576 0.1017 0.1061 
        H723  4 0.1369 0.2638 0.1292 0.2024 0.2678 
        H724  4 0.0869 0.6068 0.0752 0.1261 0.1050 
        H725  4 0.1132 0.5835 0.0976 0.1250 0.0806 
        H726  4 0.1731 0.2727 0.1982 0.1727 0.1832 
        H727  4 0.1387 0.2172 0.1361 0.2706 0.2373 
        H910  4 0.1413 0.2094 0.1675 0.2338 0.2479 
        H911  4 0.2429 0.1073 0.1715 0.0988 0.3795 
        H912  4 0.2288 0.2329 0.2365 0.1159 0.1859 
        H913  4 0.2166 0.3325 0.1312 0.1474 0.1723 
        H914  4 0.1181 0.2829 0.1020 0.2847 0.2122 
        H915  4 0.2053 0.2265 0.2165 0.1385 0.2133 
        H916  4 0.2344 0.1442 0.2432 0.1788 0.1994 
       H9572  4 0.1733 0.3882 0.1810 0.1395 0.1181 
        H015  5 0.2475 0.0988 0.3870 0.1374 0.1293 
        H016  5 0.3225 0.0957 0.3129 0.1185 0.1504 
        H017  5 0.2637 0.1999 0.2570 0.1783 0.1011 
        H019  5 0.2586 0.1337 0.2828 0.2016 0.1233 
        H020  5 0.1868 0.1783 0.1563 0.2433 0.2353 
        H032  5 0.2164 0.2403 0.2000 0.1491 0.1943 
        H033  5 0.2418 0.1080 0.2781 0.1955 0.1765 
        H034  5 0.1346 0.2648 0.1796 0.2715 0.1495 
        H035  5 0.2126 0.2326 0.1899 0.1397 0.2252 
        H036  5 0.2408 0.1276 0.2203 0.1392 0.2722 
        H037  5 0.1669 0.2959 0.1414 0.2717 0.1241 
        H048  5 0.1003 0.4165 0.0845 0.2301 0.1686 
        H049  5 0.2579 0.1079 0.3653 0.1575 0.1113 
        H054  5 0.1927 0.1590 0.1756 0.1923 0.2803 
        H055  5 0.1708 0.1600 0.2140 0.3385 0.1166 
        H057  5 0.3012 0.1480 0.3328 0.1441 0.0740 
        H060  5 0.1738 0.1488 0.2061 0.3878 0.0835 
        H061  5 0.1897 0.1327 0.1792 0.3100 0.1884 
        H064  5 0.2119 0.2386 0.2118 0.2009 0.1368 
        H070  5 0.1445 0.1409 0.1955 0.3257 0.1933 
        H077  5 0.1451 0.4069 0.1975 0.1491 0.1014 
        H078  5 0.1872 0.3695 0.1889 0.1207 0.1338 
        H079  5 0.2052 0.0867 0.1257 0.2049 0.3775 
        H097  5 0.2159 0.2041 0.3074 0.1810 0.0916 
        H107  5 0.0844 0.5021 0.1012 0.2191 0.0932 
        H122  5 0.2540 0.2102 0.1890 0.2100 0.1368 
        H123  5 0.2101 0.0894 0.1907 0.1118 0.3980 
        H124  5 0.2241 0.0862 0.1541 0.1415 0.3941 
        H131  5 0.2227 0.0958 0.1898 0.1571 0.3346 
        H132  5 0.1949 0.1717 0.1798 0.2323 0.2214 
        H141  5 0.1734 0.3607 0.1626 0.1817 0.1216 
        H142  5 0.2454 0.0866 0.2824 0.2710 0.1146 
        H157  5 0.1360 0.3631 0.1301 0.2328 0.1381 
        H158  5 0.3050 0.0681 0.2818 0.1188 0.2263 
        H159  5 0.2370 0.1348 0.2805 0.1997 0.1480 
        H160  5 0.2285 0.3105 0.1699 0.1387 0.1524 
        H163  5 0.2340 0.0919 0.2575 0.2318 0.1849 
        H164  5 0.2061 0.0891 0.3455 0.2222 0.1371 
        H165  5 0.1934 0.0961 0.1739 0.2231 0.3135 
        H166  5 0.2226 0.0966 0.2683 0.2413 0.1711 
        H169  5 0.1973 0.1087 0.2699 0.3090 0.1150 
     H169613  5 0.2115 0.1435 0.2289 0.2985 0.1177 
     H169653  5 0.2738 0.0829 0.3123 0.1870 0.1440 
     H169728  5 0.2257 0.2206 0.2228 0.1456 0.1853 
     H169742  5 0.1259 0.1474 0.0988 0.3776 0.2504 
        H170  5 0.2455 0.1106 0.3119 0.2334 0.0986 
        H171  5 0.2703 0.0881 0.3491 0.1528 0.1398 
     H171851  5 0.2130 0.1341 0.3101 0.2275 0.1152 
     H171852  5 0.1856 0.4571 0.1263 0.1325 0.0985 
     H171853  5 0.1774 0.2757 0.1717 0.1885 0.1866 
     H171854  5 0.2252 0.1498 0.3201 0.1384 0.1665 
     H171938  5 0.1683 0.1362 0.1781 0.2892 0.2283 
     H171939  5 0.2952 0.1186 0.1914 0.2028 0.1921 
     H171941  5 0.1217 0.2684 0.1596 0.3224 0.1280 
     H171965  5 0.2381 0.0793 0.2493 0.3360 0.0973 
     H171970  5 0.1034 0.4748 0.1307 0.1943 0.0969 
     H171973  5 0.1850 0.1135 0.1391 0.2917 0.2708 
     H171974  5 0.1735 0.1300 0.2003 0.2727 0.2234 
     H171975  5 0.1529 0.1784 0.2272 0.2531 0.1884 
     H171976  5 0.2331 0.2070 0.3070 0.1625 0.0904 
        H175  5 0.1258 0.3211 0.1214 0.2198 0.2118 
        H178  5 0.1841 0.1332 0.2310 0.2904 0.1614 
        H189  5 0.2679 0.0815 0.2282 0.1905 0.2319 
        H399  5 0.2525 0.2963 0.2023 0.0929 0.1559 
        H416  5 0.1770 0.1841 0.1456 0.2821 0.2112 
        H438  5 0.1708 0.1546 0.1576 0.2348 0.2823 
        H450  5 0.1373 0.1983 0.2170 0.3598 0.0876 
        H455  5 0.0843 0.3171 0.1332 0.3069 0.1586 
        H456  5 0.1381 0.1425 0.1392 0.3286 0.2515 
        H457  5 0.1805 0.3265 0.2285 0.1841 0.0805 
        H458  5 0.1740 0.1973 0.1918 0.2757 0.1613 
        H459  5 0.2980 0.0883 0.2106 0.1725 0.2306 
        H460  5 0.1929 0.2689 0.2012 0.1908 0.1461 
        H461  5 0.2643 0.1276 0.3062 0.1797 0.1222 
        H462  5 0.1982 0.0934 0.2204 0.1862 0.3019 
        H469  5 0.2387 0.0763 0.2291 0.1322 0.3238 
        H470  5 0.2043 0.2307 0.2389 0.1671 0.1590 
        H471  5 0.2801 0.1318 0.2099 0.1012 0.2770 
        H481  5 0.1033 0.5400 0.0819 0.1437 0.1312 
        H482  5 0.1792 0.2234 0.2067 0.2616 0.1292 
        H501  5 0.2260 0.1983 0.2416 0.1550 0.1791 
        H502  5 0.2765 0.0778 0.2817 0.2101 0.1539 
        H503  5 0.2523 0.1219 0.2769 0.1636 0.1853 
        H509  5 0.1219 0.4234 0.1032 0.1985 0.1529 
        H510  5 0.1731 0.0817 0.3246 0.3171 0.1036 
        H511  5 0.2341 0.0850 0.2510 0.2836 0.1464 
        H530  5 0.1779 0.2139 0.1478 0.2289 0.2314 
        H531  5 0.1511 0.5505 0.1125 0.0881 0.0978 
        H564  5 0.1946 0.2489 0.2044 0.2418 0.1103 
        H565  5 0.1404 0.3768 0.1641 0.2199 0.0988 
        H567  5 0.2596 0.0775 0.1669 0.1046 0.3915 
     H568???  5 0.2795 0.0862 0.3127 0.1428 0.1788 
        H608  5 0.1432 0.2081 0.1899 0.3606 0.0983 
        H609  5 0.1644 0.1092 0.1584 0.3238 0.2443 
        H612  5 0.1022 0.3855 0.0894 0.2545 0.1683 
        H614  5 0.1311 0.5517 0.1050 0.1247 0.0874 
        H615  5 0.1694 0.4192 0.1474 0.1749 0.0890 
        H616  5 0.0905 0.4353 0.0859 0.2437 0.1446 
        H617  5 0.2192 0.0903 0.1943 0.1957 0.3004 
        H618  5 0.1211 0.3402 0.1280 0.2298 0.1809 
        H619  5 0.1718 0.1020 0.1341 0.4003 0.1918 
        H635  5 0.2029 0.1319 0.2543 0.2659 0.1450 
        H636  5 0.1483 0.0917 0.1749 0.3850 0.2000 
        H637  5 0.1804 0.2675 0.1603 0.2609 0.1310 
        H644  5 0.2885 0.0617 0.3500 0.0754 0.2245 
        H711  5 0.2416 0.1600 0.2510 0.2423 0.1051 
        H712  5 0.1121 0.1889 0.0989 0.3665 0.2336 
       H7360  5 0.2675 0.2159 0.2340 0.1908 0.0917 
       H7361  5 0.1619 0.2532 0.2209 0.2496 0.1144 
       H7362  5 0.3143 0.0562 0.3691 0.0811 0.1793 
       H7363  5 0.1956 0.2112 0.1958 0.2288 0.1686 
       H7394  5 0.2350 0.0758 0.2591 0.2370 0.1931 
       H7395  5 0.1646 0.1151 0.2586 0.3158 0.1459 
       H7396  5 0.2308 0.1731 0.2003 0.2154 0.1804 
        H742  5 0.1308 0.1419 0.0924 0.4009 0.2341 
        H743  5 0.1772 0.2769 0.1108 0.1999 0.2352 
        H744  5 0.1061 0.3924 0.0785 0.1756 0.2474 
        H957  5 0.1879 0.1512 0.3211 0.2461 0.0938 
        H958  5 0.2144 0.1713 0.2026 0.1565 0.2552 
        H959  5 0.1399 0.2730 0.1950 0.2584 0.1336 
        H960  5 0.1890 0.1524 0.1444 0.1976 0.3167 
      H_PALI  6 0.2397 0.1408 0.3355 0.1806 0.1035 
        H581  6 0.1956 0.3197 0.1641 0.1579 0.1626 
        H582  6 0.1277 0.4818 0.1556 0.1656 0.0694 
        H583  6 0.2100 0.2802 0.1589 0.1761 0.1748 
        H595  6 0.2879 0.0728 0.2377 0.1053 0.2963 
        H596  6 0.2607 0.0721 0.2073 0.1349 0.3250 
        H597  6 0.2660 0.0807 0.2207 0.1887 0.2439 
        H598  6 0.1675 0.1810 0.2012 0.2208 0.2295 
        H599  6 0.1537 0.2143 0.1806 0.2666 0.1848 
        H642  6 0.2561 0.1364 0.3030 0.0953 0.2091 
        H643  6 0.1823 0.1532 0.1285 0.1790 0.3570 
        H664  6 0.1481 0.5378 0.1355 0.0980 0.0805 
        H665  6 0.1517 0.1108 0.1979 0.2992 0.2404 
        H674  6 0.2822 0.0684 0.3444 0.1262 0.1787 
        H675  6 0.1953 0.2443 0.1846 0.1833 0.1925 
        H676  6 0.2202 0.0797 0.3451 0.1751 0.1800 
        H686  6 0.2454 0.1209 0.2738 0.2401 0.1198 
        H687  6 0.2211 0.1897 0.2133 0.1965 0.1793 
        H917  6 0.2078 0.0802 0.1926 0.1619 0.3575 
        H918  6 0.1835 0.1195 0.2055 0.3181 0.1735 
        H919  6 0.0973 0.3593 0.0934 0.2815 0.1686 
        H920  6 0.2019 0.3065 0.2335 0.1365 0.1216 
        H631  7 0.1593 0.2582 0.1979 0.2743 0.1103 
        H684  7 0.1847 0.0545 0.3737 0.3067 0.0804 
        H685  7 0.1381 0.4384 0.0860 0.0995 0.2380 
        H713  7 0.1109 0.5516 0.1056 0.1446 0.0872 
        H715  7 0.1960 0.0763 0.3154 0.3071 0.1053 
        H716  7 0.1405 0.1329 0.2397 0.3423 0.1446 
        H717  7 0.1701 0.2526 0.2053 0.1845 0.1875 
        H729  7 0.1906 0.0552 0.1841 0.1388 0.4312 
        H730  7 0.1094 0.1055 0.0849 0.2620 0.4382 
        H431  8 0.1361 0.2653 0.1351 0.1649 0.2986 
        H432  8 0.2433 0.0665 0.3608 0.1508 0.1785 
        H433  8 0.2245 0.1054 0.2411 0.1783 0.2507 
        H434  8 0.2347 0.1103 0.2502 0.1606 0.2442 
        H444  8 0.1770 0.1029 0.2660 0.2636 0.1905 
        H454  8 0.1279 0.3603 0.1519 0.2067 0.1532 
        H475  8 0.1372 0.4077 0.1965 0.1690 0.0895 
        H491  8 0.1773 0.1745 0.2689 0.2837 0.0957 
        H492  8 0.1937 0.3575 0.1712 0.1358 0.1418 
        H493  8 0.2348 0.1643 0.2310 0.1995 0.1704 
        H494  8 0.1786 0.2186 0.1673 0.2030 0.2325 
        H495  8 0.1780 0.4084 0.1757 0.1764 0.0616 
        H662  8 0.2771 0.2380 0.2021 0.1381 0.1448 
        H663  8 0.1835 0.1734 0.2084 0.1734 0.2613 
        H695  8 0.1729 0.2172 0.1783 0.1802 0.2514 
       H7367  8 0.2046 0.0636 0.1554 0.1102 0.4663 
       H7368  8 0.2348 0.1007 0.2666 0.2369 0.1610 
       H7369  8 0.1535 0.1051 0.1619 0.3352 0.2443 
       H7370  8 0.2871 0.0886 0.1650 0.0765 0.3828 
       H7371  8 0.2031 0.1436 0.1717 0.1650 0.3165 
        H600  9 0.1476 0.2951 0.1851 0.2437 0.1285 
        H648  9 0.2092 0.1357 0.2868 0.2127 0.1556 
        H696  9 0.3483 0.0928 0.2918 0.0747 0.1924 
        H697  9 0.1680 0.1066 0.1572 0.2289 0.3393 
        H698  9 0.2119 0.1146 0.1699 0.1102 0.3933 
        H699  9 0.2358 0.1324 0.2157 0.1505 0.2656 
        H700  9 0.1261 0.2153 0.1866 0.3762 0.0957 
        H732  9 0.1597 0.4050 0.1275 0.1637 0.1441 
        H733  9 0.2403 0.0779 0.1923 0.1192 0.3704 
        H734  9 0.2980 0.1239 0.2859 0.1305 0.1617 
        H735  9 0.2717 0.1146 0.1949 0.1347 0.2842 
        H736  9 0.2119 0.3123 0.1615 0.2075 0.1068 
        H737  9 0.1353 0.1282 0.1057 0.2174 0.4135 
        H905  9 0.1455 0.1852 0.2244 0.2868 0.1581 
        H921  9 0.1635 0.1738 0.1857 0.2496 0.2275 
        H922  9 0.2415 0.0768 0.2614 0.1305 0.2898 
     H169705 10 0.1894 0.1121 0.1286 0.1096 0.4604 
     H171942 10 0.2718 0.0699 0.3535 0.1388 0.1660 
     H171943 10 0.1948 0.1441 0.2013 0.2800 0.1797 
     H171944 10 0.1773 0.1718 0.1542 0.2067 0.2900 
     H171946 10 0.2095 0.4060 0.1404 0.1450 0.0991 
     H171947 10 0.2587 0.1332 0.2545 0.1528 0.2008 
     H229641 10 0.2291 0.2259 0.2374 0.1111 0.1964 
      H30001 10 0.1958 0.1764 0.2387 0.1931 0.1960 
      H30002 10 0.2350 0.1693 0.1942 0.2367 0.1648 
      H30005 10 0.2032 0.0918 0.1338 0.1487 0.4225 
      H30006 10 0.2407 0.1212 0.1462 0.0985 0.3934 
      H30007 10 0.2940 0.1110 0.2370 0.2345 0.1236 
        H451 10 0.2284 0.0845 0.3286 0.2111 0.1474 
        H452 10 0.1887 0.1273 0.0931 0.1087 0.4822 
        H453 10 0.1679 0.3647 0.1677 0.2007 0.0990 
        H473 10 0.1738 0.2628 0.1641 0.2695 0.1299 
        H474 10 0.1292 0.5876 0.1102 0.1035 0.0694 
        H486 10 0.1617 0.2938 0.1604 0.1488 0.2353 
        H487 10 0.1665 0.2623 0.1652 0.1616 0.2445 
        H488 10 0.1758 0.1377 0.2238 0.2440 0.2187 
        H489 10 0.1379 0.4236 0.1196 0.1436 0.1754 
        H550 10 0.3013 0.1607 0.2249 0.2041 0.1090 
        H551 10 0.1535 0.1681 0.1159 0.1631 0.3995 
        H553 10 0.1311 0.4164 0.0733 0.1174 0.2618 
        H554 10 0.2406 0.1045 0.3089 0.2212 0.1248 
        H556 10 0.2213 0.2771 0.1492 0.1441 0.2084 
        H580 10 0.1916 0.1021 0.1820 0.1842 0.3401 
        H591 10 0.1085 0.5364 0.0928 0.1298 0.1326 
        H592 10 0.1801 0.3334 0.1540 0.1447 0.1878 
        H593 10 0.2334 0.1390 0.2953 0.2078 0.1244 
        H594 10 0.2821 0.0594 0.2441 0.1354 0.2790 
        H627 10 0.2069 0.2192 0.2793 0.1574 0.1373 
        H628 10 0.1698 0.0515 0.1463 0.2848 0.3476 
        H629 10 0.2215 0.3544 0.1726 0.1234 0.1281 
        H630 10 0.2449 0.2667 0.1414 0.1114 0.2356 
        H638 10 0.2439 0.1361 0.2217 0.1030 0.2954 
        H639 10 0.1612 0.5094 0.1228 0.1036 0.1031 
        H640 10 0.2919 0.1402 0.2616 0.1057 0.2006 
        H704 10 0.2950 0.0900 0.2529 0.1885 0.1737 
        H705 10 0.2028 0.1042 0.1185 0.1114 0.4631 
        H706 10 0.1037 0.1809 0.1166 0.2734 0.3254 
        H708 10 0.1193 0.5151 0.1154 0.1510 0.0992 
       H7351 10 0.2799 0.1457 0.2447 0.2215 0.1083 
       H7352 10 0.1912 0.2039 0.2084 0.1982 0.1983 
       H7353 10 0.2959 0.0716 0.3948 0.0950 0.1427 
       H7354 10 0.1469 0.1637 0.1891 0.4030 0.0972 
       H7365 10 0.0853 0.5725 0.0945 0.1513 0.0965 
       H7383 10 0.1471 0.2053 0.1715 0.2961 0.1800 
       H7384 10 0.1773 0.1534 0.1663 0.2259 0.2771 
       H7385 10 0.1305 0.2250 0.1631 0.3111 0.1703 
       H7386 10 0.1945 0.1073 0.2384 0.1976 0.2623 
       H7387 10 0.2028 0.1279 0.2279 0.2843 0.1571 
       H7388 10 0.1692 0.1043 0.1009 0.1363 0.4894 
        H906 10 0.2028 0.2173 0.2617 0.2171 0.1010 
        H907 10 0.2544 0.0818 0.3503 0.0988 0.2146 
        H908 10 0.1856 0.1522 0.2455 0.2098 0.2069 
        H909 10 0.1391 0.1025 0.1867 0.4618 0.1098 
       H9552 10 0.2106 0.1260 0.2409 0.2043 0.2182 
       H9553 10 0.1473 0.2643 0.0910 0.1289 0.3684 
       H9555 10 0.2035 0.1222 0.1646 0.1875 0.3222 
       H9575 10 0.1849 0.3902 0.1723 0.1499 0.1028 
       H9703 10 0.1184 0.4639 0.0678 0.1559 0.1940 
       H9707 10 0.1709 0.3912 0.1577 0.1299 0.1504 
       HSAA4 10 0.1816 0.0945 0.1667 0.2125 0.3448 
        H001 11 0.1387 0.1466 0.1697 0.3314 0.2136 
        H004 11 0.2238 0.1598 0.2636 0.2149 0.1379 
        H005 11 0.1171 0.3097 0.1770 0.2899 0.1063 
        H006 11 0.2107 0.1704 0.2100 0.2383 0.1705 
        H007 11 0.1006 0.2184 0.1105 0.3370 0.2336 
        H031 11 0.1081 0.5098 0.0881 0.1410 0.1530 
        H074 11 0.1511 0.4639 0.1384 0.1354 0.1111 
        H075 11 0.1207 0.3019 0.1015 0.3071 0.1688 
        H080 11 0.1219 0.2718 0.1669 0.2168 0.2226 
        H086 11 0.1872 0.1023 0.1474 0.1817 0.3815 
        H092 11 0.1672 0.2169 0.1648 0.2003 0.2509 
        H093 11 0.3363 0.0810 0.3124 0.1428 0.1274 
        H094 11 0.2441 0.1391 0.2302 0.1400 0.2466 
        H095 11 0.1448 0.3054 0.1387 0.2290 0.1822 
        H096 11 0.1312 0.1784 0.1790 0.3374 0.1740 
        H099 11 0.1988 0.2268 0.1838 0.2110 0.1797 
        H100 11 0.2375 0.0746 0.2203 0.2580 0.2096 
        H127 11 0.1542 0.2027 0.1354 0.1736 0.3342 
        H136 11 0.1671 0.4397 0.1147 0.1605 0.1180 
        H153 11 0.2214 0.1358 0.3447 0.1881 0.1099 
        H154 11 0.1213 0.4992 0.1090 0.1554 0.1151 
        H155 11 0.1341 0.0596 0.1307 0.3059 0.3697 
        H156 11 0.2022 0.0519 0.2502 0.2104 0.2854 
        H161 11 0.2269 0.1364 0.2770 0.2565 0.1032 
        H162 11 0.2158 0.0995 0.1817 0.1305 0.3724 
        H167 11 0.2032 0.0768 0.2189 0.2303 0.2708 
        H168 11 0.1777 0.0971 0.2178 0.2334 0.2740 
     H169586 11 0.2787 0.4042 0.1394 0.1210 0.0567 
     H169738 11 0.1725 0.0748 0.1439 0.1836 0.4251 
     H169741 11 0.1963 0.4252 0.1308 0.1290 0.1187 
     H171801 11 0.2422 0.0939 0.4130 0.1154 0.1355 
     H171810 11 0.1762 0.3067 0.2272 0.1886 0.1014 
     H171811 11 0.1520 0.4098 0.1769 0.1709 0.0903 
     H171812 11 0.1308 0.1298 0.1292 0.3899 0.2202 
     H171820 11 0.1452 0.4302 0.1354 0.1778 0.1114 
     H171821 11 0.2077 0.0934 0.2514 0.2135 0.2340 
     H171822 11 0.2043 0.1338 0.1701 0.2380 0.2537 
     H171823 11 0.1809 0.2860 0.2946 0.1760 0.0626 
     H171866 11 0.2204 0.0877 0.2132 0.1555 0.3232 
     H171867 11 0.2030 0.0870 0.1888 0.1879 0.3333 
     H171967 11 0.1259 0.2766 0.1359 0.2319 0.2297 
     H171969 11 0.2418 0.1639 0.2235 0.2175 0.1532 
        H172 11 0.1946 0.1803 0.1783 0.2416 0.2053 
        H173 11 0.1537 0.1238 0.1184 0.2241 0.3799 
        H174 11 0.2453 0.0821 0.2250 0.1423 0.3053 
        H196 11 0.1719 0.0635 0.0691 0.1326 0.5630 
        H197 11 0.2378 0.0921 0.2622 0.1764 0.2315 
        H346 11 0.1854 0.1460 0.2073 0.3053 0.1560 
        H355 11 0.1519 0.2708 0.1489 0.2596 0.1688 
        H356 11 0.1662 0.1809 0.1776 0.1940 0.2813 
        H357 11 0.1369 0.3579 0.1758 0.1565 0.1729 
        H358 11 0.1288 0.1117 0.1428 0.4124 0.2042 
        H359 11 0.2298 0.2061 0.2161 0.1789 0.1690 
        H360 11 0.1980 0.1293 0.2013 0.1826 0.2888 
        H361 11 0.1915 0.0921 0.1744 0.2137 0.3284 
        H362 11 0.2298 0.0560 0.2610 0.1530 0.3002 
        H363 11 0.1452 0.3036 0.1679 0.2621 0.1212 
        H364 11 0.2505 0.1609 0.2427 0.2366 0.1093 
        H365 11 0.2212 0.1507 0.1434 0.2157 0.2690 
        H366 11 0.1712 0.1474 0.1179 0.2111 0.3524 
        H367 11 0.1047 0.4906 0.1043 0.1443 0.1561 
        H368 11 0.2936 0.1849 0.2960 0.1087 0.1169 
        H369 11 0.1069 0.4323 0.1082 0.1930 0.1596 
        H370 11 0.2564 0.1081 0.2547 0.1657 0.2150 
        H371 11 0.2419 0.1371 0.1872 0.1319 0.3020 
        H372 11 0.1947 0.1224 0.1724 0.2678 0.2426 
        H373 11 0.1944 0.1152 0.2487 0.2886 0.1532 
        H374 11 0.1611 0.1454 0.2064 0.3366 0.1506 
        H375 11 0.1566 0.2596 0.1495 0.2700 0.1644 
        H376 11 0.2437 0.1068 0.3196 0.1649 0.1649 
        H377 11 0.2091 0.2018 0.2038 0.2144 0.1709 
        H378 11 0.1888 0.2268 0.1893 0.2144 0.1806 
        H379 11 0.1988 0.1571 0.2269 0.2339 0.1833 
        H380 11 0.2113 0.0869 0.2281 0.2470 0.2267 
        H381 11 0.1510 0.4852 0.1437 0.1436 0.0764 
        H382 11 0.2716 0.0537 0.3033 0.1572 0.2142 
        H383 11 0.2350 0.0661 0.2746 0.2721 0.1522 
        H384 11 0.1966 0.3115 0.1660 0.1998 0.1262 
        H385 11 0.1894 0.2335 0.1874 0.2142 0.1754 
        H386 11 0.1435 0.0844 0.1820 0.3404 0.2497 
        H387 11 0.2594 0.1367 0.2169 0.3029 0.0841 
        H388 11 0.2243 0.0947 0.1227 0.2042 0.3540 
        H389 11 0.1606 0.1682 0.1707 0.2539 0.2466 
        H390 11 0.2455 0.1561 0.2020 0.2297 0.1667 
        H391 11 0.2113 0.1334 0.1731 0.2130 0.2692 
        H392 11 0.0987 0.2038 0.1250 0.4000 0.1725 
        H393 11 0.2600 0.1099 0.2690 0.2160 0.1451 
        H394 11 0.3326 0.1281 0.3342 0.0880 0.1171 
        H395 11 0.1650 0.3117 0.1383 0.1866 0.1984 
        H408 11 0.1303 0.1255 0.1453 0.4000 0.1989 
        H412 11 0.1118 0.6830 0.0841 0.0719 0.0492 
        H417 11 0.2021 0.2971 0.1727 0.1661 0.1621 
        H418 11 0.1942 0.2408 0.2201 0.1666 0.1782 
        H429 11 0.2139 0.1304 0.1727 0.2937 0.1892 
        H430 11 0.2138 0.0939 0.1948 0.2230 0.2745 
        H439 11 0.1900 0.1575 0.1773 0.2433 0.2320 
        H440 11 0.1144 0.3237 0.1529 0.2975 0.1116 
        H441 11 0.2205 0.1265 0.1750 0.1541 0.3238 
        H442 11 0.2013 0.1183 0.1910 0.2026 0.2868 
        H446 11 0.2600 0.1599 0.1918 0.2230 0.1653 
        H447 11 0.1983 0.0946 0.1528 0.2666 0.2877 
        H448 11 0.1587 0.1144 0.1067 0.2099 0.4103 
        H534 11 0.1610 0.3278 0.1586 0.2393 0.1132 
        H537 11 0.1657 0.4085 0.1803 0.1526 0.0930 
        H568 11 0.1040 0.5778 0.1096 0.1050 0.1036 
        H569 11 0.1965 0.0572 0.1834 0.1064 0.4565 
        H586 11 0.2682 0.4198 0.1352 0.1229 0.0539 
        H587 11 0.1110 0.5161 0.1020 0.1649 0.1061 
        H588 11 0.2962 0.0676 0.3152 0.2129 0.1081 
        H589 11 0.1133 0.3896 0.0984 0.2702 0.1286 
        H590 11 0.1512 0.2984 0.2070 0.2209 0.1225 
        H601 11 0.2382 0.0704 0.2536 0.1187 0.3192 
        H602 11 0.1491 0.2061 0.1358 0.2026 0.3065 
        H603 11 0.1909 0.0777 0.2245 0.2664 0.2405 
