        H102  1 0.0724 0.2224 0.1748 0.1122 0.1374 0.2808 
        H103  1 0.2067 0.2421 0.0482 0.1137 0.2065 0.1829 
        H104  1 0.2351 0.1226 0.2475 0.1676 0.1023 0.1250 
        H105  1 0.1197 0.1938 0.1773 0.1258 0.1471 0.2363 
        H106  1 0.2149 0.1509 0.1974 0.1376 0.1581 0.1411 
        H112  1 0.1410 0.1533 0.2459 0.1475 0.1366 0.1757 
        H113  1 0.1759 0.1777 0.1025 0.2664 0.1234 0.1541 
        H114  1 0.1495 0.1982 0.0604 0.2813 0.1249 0.1858 
        H115  1 0.1250 0.1770 0.1851 0.1448 0.1050 0.2632 
        H143  1 0.1045 0.2403 0.1237 0.1320 0.1517 0.2479 
        H144  1 0.0916 0.2347 0.0551 0.1495 0.3236 0.1454 
        H145  1 0.0841 0.1890 0.0822 0.1433 0.2623 0.2391 
        H149  1 0.1867 0.1145 0.3131 0.1075 0.1425 0.1358 
        H150  1 0.1190 0.1333 0.1349 0.1775 0.2571 0.1782 
     H167542  1 0.0907 0.2533 0.1098 0.1971 0.1059 0.2431 
     H169604  1 0.1203 0.2447 0.0953 0.1818 0.1456 0.2123 
     H169607  1 0.1120 0.2937 0.0857 0.1748 0.1858 0.1480 
     H169608  1 0.0766 0.1006 0.3356 0.0903 0.1157 0.2812 
     H169633  1 0.1438 0.1679 0.0737 0.2812 0.1324 0.2010 
     H169688  1 0.1655 0.2078 0.1129 0.1846 0.2226 0.1065 
     H169714  1 0.2034 0.1629 0.1671 0.1481 0.1579 0.1607 
     H171802  1 0.1995 0.1198 0.2472 0.1856 0.1256 0.1224 
     H171805  1 0.1635 0.2485 0.0830 0.1503 0.1780 0.1767 
     H171807  1 0.1459 0.1600 0.2487 0.1423 0.1708 0.1322 
     H171814  1 0.1302 0.1348 0.0681 0.3174 0.2248 0.1245 
     H171816  1 0.1584 0.1631 0.2251 0.1629 0.1805 0.1100 
     H171817  1 0.1831 0.1686 0.2019 0.1384 0.1416 0.1665 
     H171818  1 0.2347 0.1811 0.1107 0.1592 0.1645 0.1498 
     H171819  1 0.1649 0.1730 0.1348 0.2078 0.1636 0.1560 
     H171834  1 0.1373 0.1505 0.1332 0.1615 0.1637 0.2538 
     H171835  1 0.2503 0.0908 0.2449 0.2037 0.0994 0.1108 
     H171836  1 0.1820 0.2058 0.0448 0.2263 0.1614 0.1797 
     H171837  1 0.1386 0.1887 0.1698 0.1985 0.1255 0.1788 
     H171838  1 0.2094 0.1375 0.0700 0.2009 0.1706 0.2116 
     H171839  1 0.1880 0.1494 0.1724 0.2186 0.1263 0.1453 
     H171841  1 0.0835 0.0835 0.5305 0.0873 0.1125 0.1027 
     H171860  1 0.1148 0.1945 0.1464 0.1960 0.1302 0.2181 
     H171861  1 0.1618 0.2622 0.0531 0.1529 0.1645 0.2056 
     H171862  1 0.1312 0.1999 0.1126 0.1417 0.2110 0.2036 
     H171868  1 0.1128 0.2248 0.1035 0.1170 0.1360 0.3059 
     H171869  1 0.1378 0.2117 0.0744 0.1821 0.2771 0.1169 
     H171870  1 0.1964 0.1410 0.2084 0.1355 0.2036 0.1151 
     H171871  1 0.1894 0.2084 0.0691 0.1724 0.2069 0.1539 
     H171872  1 0.1754 0.1993 0.1603 0.1694 0.1231 0.1725 
     H171873  1 0.2176 0.1499 0.1395 0.1488 0.2255 0.1186 
     H171874  1 0.1110 0.2176 0.0983 0.1697 0.2076 0.1957 
     H171875  1 0.1124 0.2374 0.0552 0.2071 0.2008 0.1870 
     H171876  1 0.1393 0.2390 0.0740 0.1777 0.1914 0.1786 
     H171877  1 0.1328 0.1979 0.1136 0.2294 0.1021 0.2242 
     H171878  1 0.1788 0.1592 0.1861 0.1380 0.2214 0.1164 
     H171901  1 0.1909 0.1720 0.2251 0.1712 0.1313 0.1095 
     H171902  1 0.0989 0.2039 0.2083 0.1223 0.2346 0.1321 
     H171903  1 0.1554 0.1962 0.1183 0.2013 0.1671 0.1618 
     H171935  1 0.2325 0.1206 0.2173 0.1413 0.1747 0.1136 
     H171936  1 0.1559 0.1745 0.0754 0.3032 0.1247 0.1665 
     H171940  1 0.1270 0.1741 0.2384 0.1007 0.1511 0.2086 
     H171945  1 0.1031 0.1735 0.1853 0.1829 0.2324 0.1229 
     H171948  1 0.1768 0.1112 0.2188 0.1351 0.1357 0.2224 
     H171949  1 0.1525 0.1158 0.3935 0.0993 0.1060 0.1328 
     H171950  1 0.2304 0.1210 0.3122 0.0865 0.1034 0.1465 
     H171963  1 0.2003 0.1493 0.0721 0.1550 0.2650 0.1584 
     H171964  1 0.0895 0.1253 0.0684 0.1342 0.4307 0.1519 
     H171966  1 0.2659 0.1192 0.1271 0.1460 0.1729 0.1689 
     H171968  1 0.0840 0.2061 0.2247 0.1246 0.1923 0.1683 
     H171971  1 0.2269 0.1444 0.1219 0.1854 0.1956 0.1258 
     H171972  1 0.1409 0.1878 0.0656 0.2102 0.2236 0.1718 
     H171977  1 0.1254 0.1781 0.0765 0.1672 0.3037 0.1491 
     H171978  1 0.1350 0.1537 0.2423 0.1247 0.1992 0.1450 
     H171979  1 0.1854 0.2040 0.0604 0.1729 0.2067 0.1705 
        H176  1 0.1038 0.1445 0.1748 0.1961 0.1350 0.2459 
        H177  1 0.1329 0.1543 0.3587 0.1101 0.1057 0.1383 
        H179  1 0.1400 0.2247 0.2256 0.1490 0.0991 0.1615 
        H181  1 0.2184 0.1170 0.1024 0.1830 0.2057 0.1734 
        H182  1 0.1311 0.2812 0.0551 0.1492 0.1704 0.2132 
        H183  1 0.1744 0.1529 0.1150 0.1483 0.2580 0.1515 
        H184  1 0.1461 0.1394 0.2681 0.1100 0.1449 0.1915 
        H185  1 0.1799 0.1743 0.0869 0.1749 0.1970 0.1870 
        H186  1 0.1045 0.2013 0.1415 0.1262 0.2944 0.1321 
        H187  1 0.1939 0.2376 0.1464 0.1564 0.1414 0.1243 
        H188  1 0.1549 0.1694 0.1872 0.2156 0.1002 0.1728 
        H192  1 0.1375 0.1277 0.3470 0.1110 0.1326 0.1442 
        H193  1 0.1299 0.2293 0.0638 0.1178 0.2313 0.2279 
        H194  1 0.1432 0.1650 0.1869 0.1736 0.1650 0.1663 
        H195  1 0.1162 0.1988 0.0943 0.2035 0.2957 0.0915 
        H199  1 0.1014 0.2141 0.1086 0.1578 0.2801 0.1380 
        H200  1 0.1299 0.1450 0.2278 0.1954 0.1496 0.1523 
        H414  1 0.1720 0.2233 0.1081 0.1836 0.1810 0.1319 
        H415  1 0.1548 0.1912 0.0765 0.2440 0.1448 0.1886 
        H422  1 0.0850 0.1472 0.2446 0.1173 0.2372 0.1687 
        H423  1 0.1027 0.0740 0.5961 0.0695 0.0787 0.0789 
        H424  1 0.1354 0.1923 0.0817 0.1797 0.2678 0.1431 
        H425  1 0.1126 0.1911 0.0743 0.1818 0.3464 0.0938 
        H426  1 0.1700 0.1814 0.0812 0.1336 0.3059 0.1279 
        H443  1 0.0824 0.2305 0.0606 0.1188 0.3401 0.1675 
        H466  1 0.2165 0.1451 0.1640 0.1501 0.1782 0.1461 
        H467  1 0.2003 0.0996 0.3074 0.1155 0.1509 0.1264 
        H472  1 0.1613 0.1552 0.2045 0.1576 0.1611 0.1603 
        H483  1 0.1418 0.2086 0.1073 0.1495 0.1944 0.1985 
        H504  1 0.1118 0.2062 0.0759 0.1798 0.2983 0.1280 
        H505  1 0.1883 0.1497 0.2133 0.1546 0.1480 0.1460 
        H506  1 0.1253 0.1831 0.1510 0.1420 0.1972 0.2014 
        H507  1 0.1610 0.2681 0.0438 0.1812 0.1565 0.1893 
        H508  1 0.2307 0.1374 0.2497 0.1281 0.1482 0.1060 
        H524  1 0.1583 0.1925 0.0693 0.2855 0.1370 0.1574 
        H525  1 0.1263 0.1916 0.0774 0.1489 0.2405 0.2153 
        H526  1 0.0952 0.2146 0.1071 0.2430 0.1172 0.2229 
        H527  1 0.1409 0.1897 0.2409 0.1428 0.1510 0.1347 
        H528  1 0.1322 0.1563 0.0688 0.2130 0.2120 0.2177 
        H529  1 0.1378 0.2455 0.0549 0.1775 0.2348 0.1495 
        H533  1 0.2559 0.2531 0.0416 0.1389 0.1505 0.1600 
        H538  1 0.1475 0.2141 0.1429 0.1757 0.1473 0.1726 
        H539  1 0.1935 0.2322 0.1172 0.1599 0.1705 0.1268 
        H540  1 0.1363 0.2293 0.1320 0.1581 0.1874 0.1569 
        H541  1 0.1651 0.2223 0.0850 0.1862 0.1459 0.1956 
        H558  1 0.1847 0.1944 0.1000 0.1475 0.1767 0.1967 
        H559  1 0.0873 0.2251 0.1372 0.1037 0.1728 0.2739 
        H579  1 0.1224 0.2052 0.0901 0.1145 0.2142 0.2535 
        H584  1 0.1526 0.1734 0.0817 0.1639 0.2635 0.1649 
        H585  1 0.2075 0.1536 0.0884 0.1864 0.2257 0.1384 
        H605  1 0.1324 0.1558 0.3037 0.1255 0.1549 0.1277 
        H606  1 0.0890 0.1621 0.3759 0.0845 0.0918 0.1968 
        H632  1 0.1057 0.1615 0.0712 0.1622 0.3049 0.1944 
        H634  1 0.1610 0.2106 0.1098 0.1652 0.1855 0.1677 
        H671  1 0.1580 0.1111 0.4255 0.1029 0.1107 0.0919 
        H672  1 0.2052 0.1326 0.1061 0.2933 0.1256 0.1370 
        H673  1 0.1347 0.1570 0.1139 0.1518 0.2700 0.1726 
        H689  1 0.1063 0.2519 0.0758 0.1446 0.2347 0.1867 
        H690  1 0.1439 0.1570 0.2151 0.1551 0.1056 0.2233 
        H691  1 0.1218 0.2591 0.0933 0.1823 0.1329 0.2105 
        H692  1 0.1736 0.1567 0.0415 0.1858 0.2915 0.1509 
        H709  1 0.1933 0.1600 0.1229 0.1761 0.1701 0.1778 
        H710  1 0.1644 0.1797 0.0538 0.1497 0.2296 0.2228 
       H7355  1 0.0975 0.2685 0.0652 0.1996 0.1228 0.2464 
       H7356  1 0.1591 0.1954 0.1521 0.1235 0.2010 0.1689 
       H7357  1 0.1454 0.2092 0.1824 0.1142 0.1259 0.2228 
       H7358  1 0.1155 0.1918 0.1131 0.2054 0.1406 0.2336 
       H7380  1 0.0829 0.2168 0.1074 0.1514 0.1844 0.2572 
       H7381  1 0.1781 0.1230 0.2124 0.1183 0.2485 0.1198 
       H7382  1 0.1063 0.2286 0.1015 0.1803 0.2131 0.1703 
        H904  1 0.1043 0.1206 0.4773 0.0700 0.0783 0.1496 
        H923  1 0.1332 0.1198 0.2166 0.1895 0.1682 0.1727 
        H924  1 0.1247 0.1544 0.2219 0.1518 0.1723 0.1748 
        H925  1 0.0920 0.2835 0.0752 0.2181 0.1152 0.2160 
       H9558  1 0.1882 0.2149 0.0875 0.1479 0.1705 0.1910 
        H008  2 0.1488 0.1654 0.0719 0.2038 0.1351 0.2749 
        H021  2 0.2036 0.1572 0.1729 0.1396 0.1299 0.1968 
        H023  2 0.1791 0.2132 0.2076 0.1097 0.1248 0.1656 
        H024  2 0.1990 0.0977 0.0570 0.2913 0.1421 0.2130 
        H025  2 0.1022 0.1226 0.3571 0.0944 0.1962 0.1275 
        H026  2 0.1299 0.1219 0.0579 0.2492 0.3149 0.1263 
        H027  2 0.1733 0.1794 0.0876 0.2853 0.1227 0.1517 
        H028  2 0.1669 0.1516 0.1009 0.1874 0.2224 0.1707 
        H029  2 0.1447 0.1760 0.0618 0.2677 0.1515 0.1982 
        H030  2 0.1849 0.1060 0.0544 0.2387 0.2208 0.1954 
        H038  2 0.2568 0.1857 0.1906 0.1177 0.1315 0.1177 
        H039  2 0.0571 0.0491 0.7275 0.0499 0.0526 0.0639 
        H040  2 0.3125 0.1611 0.2358 0.0995 0.0957 0.0955 
        H041  2 0.1380 0.1577 0.1119 0.2880 0.1167 0.1877 
        H042  2 0.1572 0.1890 0.1815 0.1226 0.1451 0.2046 
        H043  2 0.1592 0.1308 0.3810 0.1316 0.1134 0.0841 
        H044  2 0.2048 0.1670 0.0802 0.1835 0.1716 0.1928 
        H047  2 0.1648 0.1428 0.2052 0.1440 0.1722 0.1709 
        H050  2 0.2043 0.1433 0.0689 0.2705 0.1465 0.1665 
        H058  2 0.2675 0.1352 0.1792 0.1488 0.1704 0.0989 
        H062  2 0.1048 0.2330 0.1988 0.0899 0.1353 0.2381 
        H063  2 0.2001 0.1142 0.2926 0.1600 0.1159 0.1172 
        H065  2 0.0914 0.1528 0.1748 0.1012 0.3554 0.1243 
        H066  2 0.2512 0.1435 0.0851 0.2101 0.1614 0.1487 
        H067  2 0.1244 0.2385 0.0856 0.1413 0.1832 0.2270 
        H068  2 0.2716 0.1241 0.2636 0.1116 0.1182 0.1109 
        H069  2 0.1857 0.1556 0.1256 0.1822 0.2210 0.1300 
        H071  2 0.1695 0.1525 0.2048 0.1310 0.1665 0.1758 
        H072  2 0.1251 0.0909 0.4755 0.1080 0.0985 0.1020 
        H073  2 0.1484 0.2246 0.0922 0.1752 0.2228 0.1368 
        H081  2 0.1248 0.1777 0.1977 0.1923 0.0982 0.2092 
        H082  2 0.2563 0.1101 0.0592 0.1885 0.1599 0.2260 
        H083  2 0.2031 0.1361 0.0743 0.1665 0.2124 0.2076 
        H084  2 0.2463 0.1699 0.1362 0.1767 0.1450 0.1259 
        H085  2 0.1358 0.1712 0.0991 0.3084 0.1081 0.1774 
        H087  2 0.0987 0.2527 0.1140 0.1252 0.1210 0.2884 
        H088  2 0.1418 0.1660 0.2866 0.1358 0.1188 0.1509 
        H089  2 0.1160 0.2323 0.0944 0.2048 0.1578 0.1947 
        H090  2 0.1821 0.1234 0.0687 0.3576 0.1139 0.1543 
        H091  2 0.1874 0.1373 0.0454 0.3856 0.1038 0.1404 
        H098  2 0.2107 0.1213 0.1136 0.2374 0.1176 0.1994 
      H10001  2 0.0638 0.0472 0.7294 0.0489 0.0511 0.0596 
      H10002  2 0.1200 0.1749 0.2500 0.1035 0.1155 0.2360 
        H101  2 0.2762 0.1309 0.0598 0.2766 0.1149 0.1416 
        H108  2 0.0807 0.1533 0.4121 0.0741 0.1046 0.1752 
        H109  2 0.2374 0.1333 0.1537 0.2100 0.1376 0.1279 
        H110  2 0.1106 0.2505 0.0861 0.1564 0.1305 0.2659 
        H116  2 0.1552 0.1737 0.0822 0.1912 0.2235 0.1742 
        H117  2 0.1672 0.1380 0.0485 0.4054 0.0832 0.1578 
        H118  2 0.1372 0.1241 0.0499 0.3706 0.1581 0.1600 
        H119  2 0.1926 0.1692 0.1541 0.1851 0.1528 0.1462 
        H120  2 0.0891 0.1103 0.5264 0.0666 0.0757 0.1319 
        H121  2 0.1504 0.1320 0.0486 0.3703 0.1141 0.1846 
        H125  2 0.1605 0.0640 0.6014 0.0630 0.0565 0.0547 
        H126  2 0.1409 0.1311 0.1431 0.1236 0.2899 0.1713 
        H128  2 0.1674 0.1014 0.0269 0.4283 0.1153 0.1608 
        H129  2 0.1598 0.1670 0.0573 0.1287 0.3424 0.1448 
        H130  2 0.1119 0.1334 0.3412 0.1027 0.1778 0.1330 
        H133  2 0.1120 0.0901 0.4899 0.0939 0.1200 0.0941 
        H134  2 0.0695 0.1169 0.0587 0.1271 0.5124 0.1154 
        H135  2 0.1343 0.2004 0.1719 0.1587 0.1502 0.1845 
        H137  2 0.2504 0.1061 0.1113 0.2760 0.1008 0.1555 
        H138  2 0.1004 0.2119 0.0745 0.1415 0.2827 0.1889 
        H140  2 0.1500 0.1262 0.1381 0.2544 0.1625 0.1688 
        H146  2 0.1737 0.0966 0.0669 0.4089 0.1164 0.1375 
        H147  2 0.1590 0.2025 0.0860 0.2196 0.1518 0.1811 
        H148  2 0.1504 0.1827 0.0699 0.3065 0.0976 0.1929 
     H166022  2 0.1713 0.2359 0.0618 0.1932 0.1519 0.1859 
     H167359  2 0.1912 0.1524 0.1263 0.1755 0.2120 0.1427 
     H167397  2 0.1774 0.1396 0.0357 0.2862 0.1643 0.1968 
     H167428  2 0.1199 0.2092 0.0422 0.2641 0.1412 0.2235 
     H167496  2 0.1619 0.1148 0.4188 0.1156 0.0890 0.0999 
     H167513  2 0.3612 0.0734 0.1286 0.1759 0.1084 0.1525 
     H167545  2 0.1834 0.2570 0.0582 0.1418 0.1906 0.1690 
     H167547  2 0.1798 0.0916 0.0585 0.2787 0.2067 0.1848 
     H169621  2 0.1774 0.1363 0.0602 0.2560 0.1896 0.1805 
     H169622  2 0.0879 0.2792 0.0788 0.1706 0.2244 0.1591 
     H169750  2 0.2476 0.1069 0.2158 0.1240 0.1913 0.1143 
     H171806  2 0.1695 0.1200 0.1415 0.2880 0.1347 0.1463 
     H171808  2 0.1148 0.2176 0.1245 0.1729 0.1592 0.2110 
     H171809  2 0.1060 0.2270 0.1699 0.1219 0.1382 0.2370 
     H171813  2 0.1548 0.1280 0.1576 0.1684 0.2037 0.1874 
     H171815  2 0.1402 0.0980 0.4477 0.1009 0.1226 0.0906 
     H171824  2 0.1499 0.2094 0.1642 0.1654 0.0985 0.2126 
     H171825  2 0.1208 0.2861 0.0856 0.1460 0.2073 0.1542 
     H171826  2 0.1502 0.1818 0.1533 0.1763 0.1498 0.1886 
     H171827  2 0.2011 0.2126 0.1103 0.1542 0.1457 0.1762 
     H171828  2 0.1192 0.1039 0.4925 0.0833 0.0750 0.1262 
     H171829  2 0.1885 0.1589 0.1706 0.1687 0.2112 0.1021 
     H171830  2 0.2430 0.1181 0.1483 0.1853 0.1224 0.1828 
     H171831  2 0.1563 0.1635 0.0587 0.1798 0.2448 0.1969 
     H171832  2 0.1541 0.1777 0.1203 0.1185 0.2153 0.2142 
     H171863  2 0.1818 0.1591 0.0478 0.1854 0.2879 0.1380 
     H171864  2 0.1749 0.1537 0.1227 0.2854 0.1056 0.1576 
     H171865  2 0.1672 0.0934 0.3856 0.1325 0.1167 0.1047 
     H171879  2 0.2147 0.1142 0.0960 0.2826 0.1427 0.1499 
     H171880  2 0.2296 0.1445 0.0646 0.2982 0.1304 0.1328 
     H171881  2 0.1755 0.1686 0.0994 0.1662 0.1906 0.1998 
     H171882  2 0.0856 0.0565 0.6677 0.0594 0.0543 0.0765 
     H171929  2 0.1753 0.1275 0.1284 0.2434 0.1443 0.1811 
     H171930  2 0.2269 0.2058 0.0512 0.1694 0.1547 0.1920 
     H171933  2 0.1971 0.1656 0.1118 0.2118 0.1800 0.1336 
     H171934  2 0.1242 0.2373 0.1030 0.1974 0.1270 0.2112 
     H171937  2 0.2006 0.1557 0.0917 0.1249 0.2382 0.1888 
     H171962  2 0.1903 0.1817 0.0873 0.1567 0.1824 0.2017 
        H190  2 0.1776 0.1974 0.1044 0.1612 0.1975 0.1619 
        H191  2 0.1927 0.1190 0.1782 0.1785 0.1739 0.1576 
        H396  2 0.1344 0.2315 0.1492 0.1568 0.1191 0.2090 
        H397  2 0.1964 0.2156 0.1017 0.1550 0.1859 0.1454 
        H398  2 0.1266 0.1386 0.1765 0.1237 0.2851 0.1495 
        H400  2 0.1290 0.1989 0.1416 0.1682 0.1373 0.2251 
        H401  2 0.2221 0.0768 0.0391 0.3353 0.1207 0.2060 
        H402  2 0.2344 0.1775 0.0654 0.1997 0.1469 0.1762 
        H427  2 0.1086 0.2483 0.0876 0.1681 0.1570 0.2303 
        H428  2 0.1032 0.2263 0.0457 0.2657 0.1445 0.2146 
        H497  2 0.2381 0.1074 0.2224 0.1625 0.1310 0.1386 
        H512  2 0.1905 0.1428 0.1003 0.2512 0.1446 0.1706 
        H513  2 0.3467 0.0714 0.1223 0.1728 0.1156 0.1711 
        H514  2 0.1318 0.2131 0.0964 0.1859 0.2341 0.1388 
        H519  2 0.3326 0.0776 0.1137 0.1828 0.1119 0.1813 
        H532  2 0.1165 0.2096 0.0698 0.2343 0.1465 0.2232 
        H543  2 0.1694 0.2712 0.0594 0.1815 0.1531 0.1654 
        H544  2 0.1512 0.1156 0.1983 0.1173 0.2733 0.1443 
        H545  2 0.1959 0.2630 0.0530 0.1263 0.1907 0.1710 
        H546  2 0.1500 0.1022 0.4242 0.0841 0.1450 0.0946 
        H547  2 0.1850 0.1003 0.0567 0.2736 0.2088 0.1756 
        H548  2 0.1458 0.2179 0.1171 0.1925 0.1376 0.1892 
        H549  2 0.3258 0.1505 0.1345 0.1733 0.1204 0.0955 
        H620  2 0.0908 0.0807 0.6060 0.0709 0.0732 0.0784 
        H623  2 0.1860 0.1588 0.1123 0.1336 0.2204 0.1889 
        H624  2 0.1245 0.1763 0.2564 0.1386 0.1868 0.1175 
        H625  2 0.1606 0.2172 0.1136 0.1452 0.1520 0.2115 
        H626  2 0.1975 0.2022 0.1234 0.1912 0.1523 0.1334 
        H654  2 0.1541 0.0610 0.5938 0.0633 0.0681 0.0598 
        H655  2 0.1529 0.2195 0.1860 0.1575 0.1372 0.1470 
        H656  2 0.0640 0.0859 0.6280 0.0584 0.0722 0.0915 
        H666  2 0.1122 0.0598 0.5705 0.1034 0.0875 0.0667 
        H667  2 0.1379 0.2308 0.0877 0.1389 0.1688 0.2358 
        H677  2 0.1111 0.2215 0.1155 0.1762 0.1780 0.1978 
        H693  2 0.0955 0.1768 0.3541 0.0830 0.0817 0.2089 
        H694  2 0.1704 0.1684 0.1444 0.1393 0.1943 0.1831 
        H701  2 0.1829 0.1934 0.0800 0.1948 0.1542 0.1946 
        H702  2 0.2656 0.1599 0.1166 0.1401 0.1390 0.1788 
        H731  2 0.1262 0.1704 0.2260 0.1422 0.1555 0.1796 
       H7359  2 0.1891 0.1666 0.1245 0.1925 0.1904 0.1369 
       H7389  2 0.2098 0.1287 0.0818 0.2752 0.1551 0.1493 
       H7390  2 0.2587 0.1313 0.2597 0.1048 0.1366 0.1089 
       H7391  2 0.1083 0.2575 0.0739 0.2804 0.0844 0.1955 
       H7392  2 0.1792 0.1745 0.1318 0.1609 0.2115 0.1421 
       H7393  2 0.1683 0.1500 0.2068 0.1614 0.1450 0.1686 
       H7398  2 0.1243 0.1614 0.1237 0.2901 0.1215 0.1790 
       H7399  2 0.1414 0.2073 0.0681 0.1857 0.2013 0.1961 
       H7400  2 0.0655 0.0702 0.6861 0.0552 0.0554 0.0675 
        H745  2 0.1514 0.0773 0.0652 0.1531 0.4073 0.1458 
        H746  2 0.1266 0.2355 0.0737 0.1384 0.2055 0.2202 
        H747  2 0.2603 0.1116 0.3231 0.1251 0.1029 0.0770 
        H748  2 0.1536 0.2176 0.1251 0.1778 0.1649 0.1609 
       H7484  2 0.1122 0.0760 0.5250 0.0948 0.0947 0.0972 
       H7485  2 0.2687 0.1177 0.1351 0.1586 0.1750 0.1449 
        H749  2 0.1410 0.2387 0.0900 0.1491 0.2001 0.1812 
        H930  2 0.2531 0.1991 0.0534 0.1965 0.1345 0.1634 
        H931  2 0.1732 0.1463 0.1292 0.2149 0.1655 0.1709 
        H932  2 0.2041 0.1171 0.1049 0.2555 0.1685 0.1499 
        H111  3 0.1811 0.2254 0.0669 0.1528 0.1991 0.1746 
        H951  3 0.1658 0.1387 0.0749 0.2033 0.2184 0.1989 
        H952  3 0.1731 0.1495 0.1132 0.2241 0.2047 0.1354 
        H953  3 0.1100 0.2034 0.0513 0.3198 0.0955 0.2200 
        H954  3 0.1944 0.0973 0.3607 0.1211 0.1146 0.1119 
        H955  3 0.1716 0.2619 0.0526 0.1607 0.1818 0.1715 
        H956  3 0.3014 0.1463 0.1220 0.2313 0.0976 0.1015 
       H9563  3 0.1983 0.1336 0.1650 0.2080 0.1327 0.1625 
        H002  4 0.1191 0.1422 0.3065 0.0886 0.1544 0.1892 
        H003  4 0.1099 0.2731 0.0758 0.1374 0.2164 0.1876 
        H009  4 0.1461 0.1477 0.0928 0.1410 0.2927 0.1796 
        H010  4 0.1457 0.1727 0.1150 0.1966 0.1748 0.1952 
        H011  4 0.1273 0.1128 0.4436 0.0798 0.1047 0.1318 
        H012  4 0.1355 0.1982 0.0897 0.1779 0.1691 0.2295 
        H013  4 0.1338 0.2113 0.2078 0.1266 0.1316 0.1889 
        H014  4 0.1683 0.1642 0.1227 0.1768 0.1887 0.1793 
        H045  4 0.1583 0.1535 0.2048 0.2211 0.0923 0.1701 
        H046  4 0.0936 0.2471 0.0704 0.1659 0.2483 0.1748 
        H051  4 0.1472 0.1377 0.3067 0.1152 0.1294 0.1637 
        H052  4 0.1092 0.1103 0.3517 0.1010 0.1841 0.1437 
        H053  4 0.2182 0.1810 0.1198 0.1710 0.1663 0.1438 
        H056  4 0.1454 0.0868 0.4345 0.0947 0.1182 0.1203 
        H076  4 0.1209 0.1563 0.0708 0.1940 0.2864 0.1716 
        H151  4 0.1676 0.1093 0.3216 0.0877 0.1592 0.1547 
        H152  4 0.0914 0.1410 0.2784 0.0867 0.2102 0.1923 
     H171803  4 0.2978 0.1710 0.1975 0.1035 0.1164 0.1138 
     H171804  4 0.2491 0.1568 0.1834 0.1402 0.1330 0.1375 
     H171833  4 0.1629 0.1968 0.0772 0.1239 0.2822 0.1570 
     H171855  4 0.1856 0.0947 0.3808 0.0787 0.1588 0.1014 
     H171856  4 0.2749 0.1580 0.1298 0.1891 0.1244 0.1237 
     H171857  4 0.2047 0.1383 0.2412 0.1337 0.1716 0.1105 
     H171858  4 0.0944 0.1559 0.1508 0.1514 0.1961 0.2514 
     H171859  4 0.1784 0.1379 0.1651 0.1580 0.1754 0.1851 
     H171961  4 0.1489 0.1370 0.3000 0.1239 0.1380 0.1523 
        H198  4 0.1021 0.2969 0.0523 0.1623 0.2174 0.1690 
      H20001  4 0.2107 0.1677 0.0850 0.1437 0.2001 0.1928 
        H403  4 0.2112 0.1386 0.1780 0.1561 0.1859 0.1303 
        H404  4 0.1128 0.2279 0.0725 0.1698 0.1654 0.2515 
        H405  4 0.1262 0.2396 0.0720 0.1663 0.2227 0.1733 
        H406  4 0.2067 0.0734 0.1229 0.2222 0.1930 0.1818 
        H407  4 0.2578 0.1418 0.1029 0.2587 0.1311 0.1077 
        H410  4 0.1658 0.1118 0.0412 0.4385 0.0778 0.1650 
        H411  4 0.1790 0.1213 0.0791 0.1825 0.1944 0.2436 
        H468  4 0.3279 0.1667 0.1158 0.1000 0.1884 0.1013 
        H476  4 0.2124 0.2169 0.1517 0.1515 0.1437 0.1238 
        H477  4 0.1604 0.2165 0.0510 0.1507 0.2854 0.1361 
        H478  4 0.1459 0.2066 0.1029 0.1493 0.1567 0.2387 
        H479  4 0.1120 0.1686 0.3167 0.1214 0.1378 0.1435 
        H480  4 0.1946 0.2145 0.0567 0.1480 0.1921 0.1940 
        H498  4 0.1291 0.2198 0.1229 0.1618 0.2131 0.1533 
        H499  4 0.1472 0.2246 0.1308 0.1258 0.1687 0.2028 
        H500  4 0.2156 0.1433 0.3009 0.1192 0.1105 0.1104 
        H515  4 0.1588 0.1522 0.1941 0.1539 0.1484 0.1927 
        H516  4 0.1632 0.1532 0.1505 0.1854 0.1899 0.1580 
        H517  4 0.2159 0.1075 0.1082 0.2899 0.1199 0.1586 
        H518  4 0.1600 0.1027 0.3412 0.1224 0.1831 0.0906 
        H520  4 0.2539 0.1107 0.3057 0.1315 0.1122 0.0859 
        H521  4 0.1905 0.1611 0.0972 0.1963 0.1646 0.1903 
        H522  4 0.2789 0.2076 0.1327 0.1302 0.1379 0.1126 
        H523  4 0.2197 0.1453 0.1406 0.2023 0.1394 0.1527 
        H536  4 0.1167 0.1941 0.1099 0.1367 0.2829 0.1597 
        H645  4 0.1141 0.2411 0.1827 0.1317 0.1016 0.2289 
        H646  4 0.1944 0.1149 0.0600 0.3163 0.1880 0.1266 
        H647  4 0.1549 0.1888 0.1239 0.2047 0.2241 0.1036 
        H657  4 0.1909 0.1901 0.0695 0.2113 0.2063 0.1319 
        H658  4 0.2621 0.2312 0.1017 0.1643 0.1293 0.1113 
        H659  4 0.2371 0.0982 0.3871 0.0835 0.0871 0.1070 
        H660  4 0.1619 0.1308 0.2115 0.1413 0.1685 0.1860 
        H661  4 0.1691 0.1449 0.2788 0.1193 0.1493 0.1386 
        H668  4 0.0885 0.2872 0.0870 0.1163 0.1297 0.2913 
        H669  4 0.1509 0.1524 0.1692 0.2245 0.1465 0.1566 
        H670  4 0.0647 0.2626 0.1616 0.0830 0.0834 0.3447 
        H678  4 0.2110 0.1730 0.1079 0.1912 0.1739 0.1431 
        H679  4 0.1948 0.1721 0.0811 0.2331 0.1520 0.1669 
        H680  4 0.2445 0.1092 0.1092 0.1435 0.2422 0.1514 
        H681  4 0.1221 0.1871 0.2250 0.1286 0.1358 0.2014 
        H682  4 0.2863 0.2240 0.0710 0.1671 0.1210 0.1305 
        H683  4 0.1598 0.0907 0.3066 0.1481 0.1817 0.1130 
        H718  4 0.1205 0.0926 0.4584 0.1283 0.0927 0.1075 
        H719  4 0.2009 0.1720 0.1981 0.1220 0.1349 0.1721 
        H720  4 0.1796 0.1088 0.2834 0.1082 0.1721 0.1478 
        H721  4 0.1655 0.1538 0.2131 0.1164 0.2226 0.1285 
        H722  4 0.1265 0.0788 0.2383 0.1169 0.3167 0.1228 
        H723  4 0.1468 0.1449 0.2917 0.1538 0.1042 0.1586 
        H724  4 0.2283 0.0955 0.4177 0.0935 0.0847 0.0802 
        H725  4 0.1963 0.0809 0.4627 0.0828 0.0983 0.0790 
        H726  4 0.1105 0.1265 0.3198 0.1188 0.1525 0.1719 
        H727  4 0.1467 0.1684 0.1962 0.1668 0.1238 0.1982 
        H910  4 0.2025 0.1507 0.2007 0.1635 0.1145 0.1681 
        H911  4 0.2208 0.1212 0.0835 0.2696 0.1704 0.1345 
        H912  4 0.1796 0.1536 0.1601 0.1692 0.1952 0.1423 
        H913  4 0.2785 0.2064 0.1247 0.1683 0.1298 0.0922 
        H914  4 0.1564 0.2043 0.1974 0.1305 0.0965 0.2149 
        H915  4 0.2191 0.1808 0.1351 0.1570 0.1443 0.1637 
        H916  4 0.2128 0.1526 0.1009 0.1695 0.1946 0.1695 
       H9572  4 0.3053 0.0966 0.2003 0.1533 0.1282 0.1162 
        H015  5 0.2366 0.1458 0.0742 0.1424 0.1773 0.2236 
        H016  5 0.1345 0.1419 0.0881 0.1585 0.3521 0.1249 
        H017  5 0.2187 0.1706 0.1102 0.1549 0.2015 0.1442 
        H019  5 0.1543 0.1558 0.1528 0.1432 0.2065 0.1875 
        H020  5 0.1287 0.1770 0.1733 0.1789 0.1485 0.1936 
        H032  5 0.1609 0.1724 0.1972 0.1563 0.1557 0.1576 
        H033  5 0.2154 0.2183 0.0887 0.1573 0.1546 0.1657 
        H034  5 0.1045 0.1704 0.2709 0.1087 0.1035 0.2420 
        H035  5 0.2229 0.1972 0.1008 0.1874 0.1703 0.1214 
        H036  5 0.2878 0.1257 0.0863 0.1840 0.1663 0.1499 
        H037  5 0.2415 0.2163 0.1529 0.1390 0.1227 0.1276 
        H048  5 0.2146 0.1360 0.3184 0.1100 0.0970 0.1240 
        H049  5 0.2107 0.1882 0.1141 0.1138 0.1877 0.1855 
        H054  5 0.1398 0.1457 0.1326 0.1915 0.2486 0.1417 
        H055  5 0.0882 0.1614 0.2087 0.1153 0.1758 0.2505 
        H057  5 0.1086 0.1225 0.1466 0.1049 0.3971 0.1203 
        H060  5 0.0743 0.1197 0.2542 0.1063 0.1542 0.2913 
        H061  5 0.1145 0.2335 0.0856 0.1551 0.1698 0.2415 
        H064  5 0.1445 0.1159 0.2571 0.1174 0.1969 0.1682 
        H070  5 0.1037 0.1468 0.2344 0.1457 0.1018 0.2677 
        H077  5 0.1191 0.0824 0.4554 0.0919 0.0977 0.1535 
        H078  5 0.2132 0.1193 0.2178 0.1391 0.1914 0.1192 
        H079  5 0.1611 0.2016 0.0661 0.2968 0.1245 0.1499 
        H097  5 0.1426 0.1098 0.2149 0.1349 0.2419 0.1559 
        H107  5 0.1790 0.1077 0.4653 0.0752 0.0872 0.0856 
        H122  5 0.1658 0.2068 0.1093 0.1627 0.2196 0.1358 
        H123  5 0.1897 0.1471 0.0535 0.2896 0.1765 0.1436 
        H124  5 0.1670 0.1892 0.0629 0.2765 0.1607 0.1438 
        H131  5 0.1798 0.1733 0.0723 0.2781 0.1407 0.1557 
        H132  5 0.1803 0.1721 0.1632 0.1574 0.1584 0.1686 
        H141  5 0.2072 0.1761 0.1959 0.1132 0.1375 0.1701 
        H142  5 0.1186 0.3027 0.0717 0.1571 0.1697 0.1802 
        H157  5 0.2246 0.1280 0.2740 0.1168 0.1410 0.1156 
        H158  5 0.1836 0.1925 0.0552 0.1786 0.2591 0.1310 
        H159  5 0.2035 0.1889 0.0914 0.1321 0.2052 0.1789 
        H160  5 0.2639 0.2059 0.1396 0.1207 0.1709 0.0990 
        H163  5 0.2082 0.1819 0.0793 0.1474 0.1691 0.2141 
        H164  5 0.1876 0.1458 0.1194 0.1431 0.1629 0.2411 
        H165  5 0.1162 0.2186 0.0673 0.2520 0.1226 0.2232 
        H166  5 0.1727 0.1834 0.0969 0.1406 0.2030 0.2034 
        H169  5 0.1339 0.2684 0.0983 0.1312 0.1481 0.2202 
     H169613  5 0.1113 0.1750 0.1622 0.1719 0.1804 0.1993 
     H169653  5 0.1508 0.2043 0.0839 0.1475 0.2118 0.2018 
     H169728  5 0.2366 0.1781 0.1131 0.1302 0.1850 0.1570 
     H169742  5 0.1072 0.2929 0.1227 0.1278 0.1197 0.2297 
        H170  5 0.1276 0.1315 0.1083 0.1200 0.3313 0.1813 
        H171  5 0.1457 0.1622 0.0893 0.1441 0.2633 0.1954 
     H171851  5 0.1315 0.1386 0.1359 0.1458 0.2274 0.2208 
     H171852  5 0.1629 0.1431 0.2845 0.1330 0.1745 0.1021 
     H171853  5 0.2347 0.1463 0.2014 0.1354 0.1431 0.1389 
     H171854  5 0.1775 0.1711 0.1532 0.1393 0.1786 0.1802 
     H171938  5 0.1239 0.2506 0.1311 0.1570 0.1315 0.2059 
     H171939  5 0.1307 0.1870 0.0826 0.1711 0.2808 0.1478 
     H171941  5 0.1077 0.1344 0.3561 0.0810 0.1177 0.2031 
     H171965  5 0.0727 0.2682 0.0826 0.1563 0.2188 0.2013 
     H171970  5 0.1088 0.0933 0.5029 0.0776 0.0851 0.1324 
     H171973  5 0.1184 0.2680 0.0727 0.1960 0.1375 0.2074 
     H171974  5 0.1472 0.1977 0.1048 0.1699 0.1313 0.2492 
     H171975  5 0.1663 0.1550 0.2125 0.1297 0.1433 0.1932 
     H171976  5 0.1505 0.1972 0.1780 0.1016 0.2450 0.1277 
        H175  5 0.1935 0.1527 0.2338 0.1481 0.1338 0.1382 
        H178  5 0.1096 0.1743 0.2165 0.1283 0.1783 0.1930 
        H189  5 0.1392 0.1912 0.0589 0.2304 0.1945 0.1858 
        H399  5 0.1901 0.0972 0.1056 0.1101 0.4239 0.0731 
        H416  5 0.1335 0.2333 0.1688 0.1583 0.1451 0.1611 
        H438  5 0.2171 0.1719 0.1103 0.2089 0.1262 0.1655 
        H450  5 0.0813 0.1090 0.3463 0.0786 0.1061 0.2786 
        H455  5 0.1217 0.1027 0.4746 0.0744 0.0845 0.1421 
        H456  5 0.1462 0.2550 0.1146 0.1399 0.1458 0.1986 
        H457  5 0.0997 0.1126 0.3347 0.0908 0.1818 0.1804 
        H458  5 0.1592 0.1765 0.1928 0.1389 0.1813 0.1513 
        H459  5 0.1545 0.2955 0.0550 0.1979 0.1817 0.1156 
        H460  5 0.2143 0.2102 0.1502 0.1556 0.1253 0.1442 
        H461  5 0.1601 0.2115 0.1180 0.1285 0.2009 0.1809 
        H462  5 0.2158 0.1475 0.0878 0.2235 0.1485 0.1769 
        H469  5 0.1711 0.1387 0.0796 0.2461 0.1553 0.2091 
        H470  5 0.2127 0.1479 0.1426 0.1463 0.1888 0.1618 
        H471  5 0.1492 0.2079 0.0598 0.2050 0.2632 0.1149 
        H481  5 0.1657 0.1052 0.4137 0.1090 0.0888 0.1176 
        H482  5 0.1054 0.0989 0.2939 0.1121 0.1320 0.2576 
        H501  5 0.1849 0.1994 0.1443 0.1675 0.1633 0.1407 
        H502  5 0.1296 0.2664 0.0739 0.1761 0.1970 0.1570 
        H503  5 0.2227 0.1730 0.0811 0.1661 0.1942 0.1628 
        H509  5 0.2346 0.1081 0.3049 0.1225 0.1101 0.1197 
        H510  5 0.1703 0.1422 0.1792 0.1091 0.1499 0.2494 
        H511  5 0.1077 0.1942 0.0974 0.1754 0.1818 0.2436 
        H530  5 0.1653 0.2004 0.1722 0.1786 0.1153 0.1681 
        H531  5 0.1987 0.1332 0.3299 0.1152 0.1535 0.0695 
        H564  5 0.1049 0.2004 0.2900 0.1046 0.1646 0.1356 
        H565  5 0.1195 0.1265 0.4047 0.0930 0.1258 0.1306 
        H567  5 0.1545 0.1495 0.0550 0.3495 0.1298 0.1618 
     H568???  5 0.1397 0.1907 0.0701 0.1536 0.2816 0.1643 
        H608  5 0.0732 0.1036 0.3399 0.0915 0.1052 0.2866 
        H609  5 0.1182 0.2251 0.1111 0.1836 0.1412 0.2208 
        H612  5 0.1684 0.1452 0.3688 0.0941 0.0761 0.1475 
        H614  5 0.1925 0.1259 0.3434 0.1058 0.1454 0.0871 
        H615  5 0.1503 0.1791 0.2813 0.1359 0.1570 0.0963 
        H616  5 0.1144 0.1146 0.4674 0.0920 0.0736 0.1380 
        H617  5 0.1923 0.2459 0.0588 0.2014 0.1479 0.1537 
        H618  5 0.1526 0.1184 0.3448 0.1112 0.1220 0.1510 
        H619  5 0.0699 0.3025 0.1115 0.1087 0.1353 0.2721 
        H635  5 0.1379 0.1770 0.1625 0.1345 0.1735 0.2147 
        H636  5 0.0889 0.2966 0.0914 0.1105 0.1264 0.2862 
        H637  5 0.1024 0.1727 0.2759 0.1365 0.1302 0.1824 
        H644  5 0.1401 0.1019 0.0433 0.2182 0.3369 0.1596 
        H711  5 0.1068 0.1924 0.1115 0.1392 0.2676 0.1825 
        H712  5 0.1305 0.1983 0.2001 0.1489 0.1179 0.2042 
       H7360  5 0.1444 0.1621 0.1799 0.1375 0.2383 0.1378 
       H7361  5 0.1289 0.1407 0.2787 0.0993 0.1412 0.2111 
       H7362  5 0.1669 0.1024 0.0446 0.1655 0.3710 0.1497 
       H7363  5 0.1569 0.1577 0.1829 0.1532 0.1681 0.1813 
       H7394  5 0.1603 0.2607 0.0703 0.1715 0.1576 0.1796 
       H7395  5 0.1292 0.2172 0.1346 0.1185 0.1720 0.2285 
       H7396  5 0.1795 0.2269 0.0908 0.1959 0.1580 0.1490 
        H742  5 0.0931 0.2904 0.1351 0.1173 0.1120 0.2521 
        H743  5 0.1482 0.1453 0.2091 0.2070 0.1482 0.1422 
        H744  5 0.2088 0.1029 0.2689 0.2209 0.0834 0.1151 
        H957  5 0.1433 0.2050 0.1338 0.1070 0.2224 0.1885 
        H958  5 0.2316 0.2150 0.0951 0.1773 0.1446 0.1365 
        H959  5 0.1280 0.1335 0.3519 0.0989 0.1100 0.1776 
        H960  5 0.1804 0.1735 0.1111 0.2220 0.1407 0.1723 
      H_PALI  6 0.1760 0.1736 0.1342 0.1683 0.1654 0.1824 
        H581  6 0.2121 0.1614 0.1851 0.1564 0.1626 0.1224 
        H582  6 0.1892 0.0903 0.4177 0.0799 0.1222 0.1007 
        H583  6 0.1825 0.1686 0.1622 0.1550 0.1912 0.1405 
        H595  6 0.2229 0.1798 0.0504 0.1986 0.1735 0.1748 
        H596  6 0.1872 0.1912 0.0525 0.2320 0.1489 0.1882 
        H597  6 0.1236 0.1609 0.0727 0.1800 0.2810 0.1818 
        H598  6 0.1721 0.1725 0.1472 0.1711 0.1331 0.2040 
        H599  6 0.1369 0.1413 0.3107 0.1306 0.1107 0.1699 
        H642  6 0.2406 0.1125 0.0837 0.1741 0.2250 0.1640 
        H643  6 0.1896 0.1437 0.1089 0.2626 0.1203 0.1748 
        H664  6 0.2785 0.1201 0.2862 0.1012 0.1449 0.0692 
        H665  6 0.1128 0.2367 0.1119 0.1588 0.1272 0.2526 
        H674  6 0.1761 0.1070 0.0640 0.1754 0.2937 0.1838 
        H675  6 0.1790 0.1397 0.2102 0.1350 0.2001 0.1359 
        H676  6 0.2115 0.1332 0.1105 0.1599 0.1471 0.2377 
        H686  6 0.1772 0.2085 0.1033 0.1314 0.2001 0.1795 
        H687  6 0.2022 0.1988 0.1066 0.1601 0.1961 0.1362 
        H917  6 0.1987 0.1891 0.0656 0.2253 0.1317 0.1896 
        H918  6 0.1258 0.2511 0.1101 0.1282 0.1577 0.2271 
        H919  6 0.1416 0.1754 0.3136 0.1235 0.0881 0.1577 
        H920  6 0.1633 0.1175 0.3185 0.1208 0.1315 0.1484 
        H631  7 0.1459 0.1850 0.1755 0.0982 0.1643 0.2310 
        H684  7 0.1157 0.1662 0.0765 0.1457 0.2473 0.2486 
        H685  7 0.3648 0.0926 0.2265 0.1654 0.0862 0.0644 
        H713  7 0.3124 0.1125 0.3284 0.0745 0.0837 0.0885 
        H715  7 0.1045 0.1532 0.0881 0.1322 0.2674 0.2546 
        H716  7 0.1145 0.1892 0.2243 0.1034 0.1389 0.2298 
        H717  7 0.1922 0.1190 0.2500 0.1451 0.1360 0.1577 
        H729  7 0.1774 0.1570 0.0554 0.3158 0.1195 0.1750 
        H730  7 0.1768 0.1531 0.1012 0.3259 0.0816 0.1615 
        H431  8 0.1891 0.1618 0.1792 0.2175 0.1354 0.1169 
        H432  8 0.2106 0.1580 0.0631 0.1248 0.2274 0.2160 
        H433  8 0.1908 0.1887 0.1021 0.1876 0.1603 0.1705 
        H434  8 0.2016 0.1386 0.0836 0.2105 0.1924 0.1733 
        H444  8 0.1554 0.1814 0.1591 0.1406 0.1445 0.2190 
        H454  8 0.1605 0.0947 0.4187 0.0905 0.1121 0.1234 
        H475  8 0.0834 0.0827 0.5092 0.0778 0.0902 0.1567 
        H491  8 0.1269 0.1365 0.2756 0.1060 0.1439 0.2112 
        H492  8 0.2154 0.1637 0.2286 0.1387 0.1345 0.1190 
        H493  8 0.1612 0.2108 0.0989 0.1929 0.1978 0.1385 
        H494  8 0.2079 0.1724 0.1792 0.1287 0.1386 0.1732 
        H495  8 0.1366 0.1233 0.3232 0.1121 0.1639 0.1409 
        H662  8 0.2038 0.1717 0.0926 0.1617 0.2497 0.1205 
        H663  8 0.1835 0.1711 0.1589 0.1761 0.1442 0.1662 
        H695  8 0.1726 0.1549 0.1664 0.1979 0.1567 0.1515 
       H7367  8 0.1750 0.1278 0.0511 0.3706 0.1133 0.1621 
       H7368  8 0.1347 0.1802 0.0902 0.1508 0.2577 0.1864 
       H7369  8 0.1196 0.1978 0.1531 0.1408 0.1340 0.2546 
       H7370  8 0.2451 0.1811 0.0448 0.2767 0.1071 0.1452 
       H7371  8 0.2487 0.1961 0.0938 0.1848 0.1289 0.1477 
        H600  9 0.1293 0.1239 0.2969 0.1287 0.1263 0.1948 
        H648  9 0.1872 0.1220 0.1407 0.1588 0.2058 0.1856 
        H696  9 0.2113 0.1260 0.0494 0.2058 0.2681 0.1393 
        H697  9 0.1312 0.1695 0.1095 0.2359 0.1811 0.1728 
        H698  9 0.1787 0.1084 0.0876 0.3048 0.1470 0.1734 
        H699  9 0.1819 0.1241 0.1472 0.2040 0.1804 0.1624 
        H700  9 0.1035 0.1538 0.2320 0.0928 0.1045 0.3133 
        H732  9 0.2311 0.1103 0.3090 0.0983 0.1552 0.0962 
        H733  9 0.2060 0.1267 0.0826 0.2642 0.1499 0.1706 
        H734  9 0.2001 0.2597 0.0609 0.1838 0.1509 0.1446 
        H735  9 0.2446 0.0961 0.0779 0.2465 0.1674 0.1675 
        H736  9 0.1681 0.1995 0.1660 0.1654 0.1478 0.1532 
        H737  9 0.1613 0.1374 0.1461 0.2654 0.1309 0.1588 
        H905  9 0.1126 0.1390 0.2742 0.1162 0.1142 0.2438 
        H921  9 0.1858 0.1505 0.1992 0.1610 0.1280 0.1755 
        H922  9 0.2104 0.1422 0.0603 0.2123 0.1676 0.2070 
     H169705 10 0.2903 0.1083 0.0618 0.3057 0.1255 0.1085 
     H171942 10 0.2165 0.1459 0.0560 0.1314 0.2293 0.2210 
     H171943 10 0.2162 0.2344 0.0889 0.1312 0.1736 0.1557 
     H171944 10 0.2064 0.2022 0.0991 0.1895 0.1484 0.1544 
     H171946 10 0.2536 0.1551 0.1936 0.1267 0.1688 0.1022 
     H171947 10 0.1760 0.1412 0.1200 0.2161 0.1683 0.1783 
     H229641 10 0.1835 0.1364 0.1891 0.1882 0.1634 0.1393 
      H30001 10 0.1680 0.1804 0.1561 0.1465 0.1611 0.1879 
      H30002 10 0.1411 0.1973 0.1242 0.1961 0.1475 0.1939 
      H30005 10 0.2171 0.1267 0.0703 0.2869 0.1523 0.1467 
      H30006 10 0.1695 0.1117 0.0826 0.3584 0.1206 0.1572 
      H30007 10 0.1058 0.1626 0.0548 0.1676 0.3547 0.1544 
        H451 10 0.1756 0.1955 0.0907 0.1560 0.1606 0.2215 
        H452 10 0.2139 0.0939 0.0797 0.3620 0.1091 0.1413 
        H453 10 0.1318 0.1140 0.3216 0.0977 0.1832 0.1517 
        H473 10 0.0926 0.1554 0.2976 0.1247 0.1591 0.1707 
        H474 10 0.2359 0.1043 0.3574 0.0913 0.1038 0.1073 
        H486 10 0.2003 0.1029 0.3029 0.1574 0.1190 0.1175 
        H487 10 0.1599 0.0964 0.2495 0.1977 0.1388 0.1578 
        H488 10 0.1296 0.1843 0.2062 0.1510 0.1205 0.2085 
        H489 10 0.1751 0.1255 0.2834 0.1532 0.1305 0.1323 
        H550 10 0.1486 0.2432 0.0629 0.2195 0.2186 0.1072 
        H551 10 0.2544 0.1211 0.1201 0.2510 0.0986 0.1548 
        H553 10 0.2377 0.0795 0.2304 0.2403 0.1051 0.1070 
        H554 10 0.1839 0.1555 0.1005 0.1561 0.1936 0.2105 
        H556 10 0.2384 0.1433 0.1269 0.1980 0.1862 0.1073 
        H580 10 0.1564 0.1674 0.0832 0.2251 0.1799 0.1880 
        H591 10 0.1326 0.0987 0.4688 0.1057 0.0826 0.1116 
        H592 10 0.2205 0.1654 0.1673 0.1782 0.1410 0.1275 
        H593 10 0.1346 0.1615 0.1444 0.1303 0.2081 0.2210 
        H594 10 0.1706 0.1632 0.0468 0.2147 0.2627 0.1419 
        H627 10 0.2139 0.1522 0.1765 0.1244 0.1804 0.1525 
        H628 10 0.0876 0.2342 0.0581 0.2341 0.1703 0.2156 
        H629 10 0.1977 0.1123 0.2240 0.1492 0.2073 0.1095 
        H630 10 0.3128 0.1529 0.0918 0.1912 0.1454 0.1059 
        H638 10 0.2358 0.1477 0.0829 0.2056 0.1625 0.1656 
        H639 10 0.2190 0.1066 0.3358 0.0982 0.1488 0.0916 
        H640 10 0.2519 0.1859 0.0803 0.1491 0.1740 0.1588 
        H704 10 0.1228 0.1395 0.0810 0.1831 0.3192 0.1544 
        H705 10 0.2943 0.1170 0.0619 0.3126 0.0977 0.1165 
        H706 10 0.1697 0.1395 0.2065 0.2055 0.1083 0.1705 
        H708 10 0.2532 0.1315 0.2697 0.1289 0.1150 0.1017 
       H7351 10 0.1857 0.1837 0.1014 0.1341 0.2185 0.1766 
       H7352 10 0.1838 0.1610 0.1428 0.1486 0.1956 0.1682 
       H7353 10 0.1095 0.0823 0.0773 0.1276 0.4875 0.1159 
       H7354 10 0.0828 0.1758 0.2195 0.0972 0.1211 0.3035 
       H7365 10 0.2559 0.1341 0.3487 0.0878 0.0835 0.0901 
       H7383 10 0.1377 0.1968 0.1695 0.1215 0.1360 0.2384 
       H7384 10 0.1491 0.1413 0.1612 0.2309 0.1397 0.1778 
       H7385 10 0.1252 0.1565 0.2507 0.1115 0.1229 0.2333 
       H7386 10 0.1814 0.1613 0.1029 0.1991 0.1651 0.1902 
       H7387 10 0.1136 0.2605 0.0892 0.1558 0.1920 0.1889 
       H7388 10 0.1721 0.1213 0.0858 0.3601 0.1033 0.1574 
        H906 10 0.1329 0.1068 0.3183 0.1066 0.1991 0.1364 
        H907 10 0.2111 0.1783 0.0651 0.1647 0.1720 0.2087 
        H908 10 0.1807 0.1556 0.1352 0.1707 0.1533 0.2045 
        H909 10 0.0628 0.2275 0.1792 0.0999 0.1251 0.3055 
       H9552 10 0.1777 0.1555 0.0964 0.1909 0.2037 0.1758 
       H9553 10 0.2470 0.0900 0.1306 0.3247 0.0948 0.1131 
       H9555 10 0.1929 0.1998 0.0870 0.2064 0.1467 0.1672 
       H9575 10 0.2009 0.1577 0.2338 0.1332 0.1636 0.1108 
       H9703 10 0.1977 0.0945 0.3355 0.1752 0.0991 0.0980 
       H9707 10 0.1861 0.1027 0.3316 0.1428 0.1232 0.1135 
       HSAA4 10 0.1549 0.1625 0.0800 0.2321 0.1895 0.1809 
        H001 11 0.1182 0.2417 0.1276 0.1222 0.1633 0.2269 
        H004 11 0.1556 0.1580 0.1265 0.1550 0.1866 0.2183 
        H005 11 0.0865 0.1337 0.3798 0.0769 0.0878 0.2353 
        H006 11 0.1524 0.2262 0.1361 0.1448 0.1566 0.1838 
        H007 11 0.1160 0.1747 0.3169 0.1135 0.0913 0.1876 
        H031 11 0.2221 0.1126 0.3842 0.1066 0.0789 0.0957 
        H074 11 0.3194 0.1048 0.2799 0.0877 0.1156 0.0927 
        H075 11 0.1215 0.1627 0.3092 0.1091 0.1000 0.1976 
        H080 11 0.1679 0.1445 0.2433 0.1670 0.1344 0.1429 
        H086 11 0.2057 0.1059 0.0980 0.3102 0.1306 0.1496 
        H092 11 0.1635 0.1334 0.2062 0.1778 0.1454 0.1736 
        H093 11 0.1201 0.1639 0.0723 0.1722 0.3132 0.1583 
        H094 11 0.2125 0.2526 0.0721 0.1654 0.1673 0.1301 
        H095 11 0.1645 0.2017 0.2177 0.1018 0.1524 0.1618 
        H096 11 0.0967 0.2160 0.2045 0.1018 0.1225 0.2586 
        H099 11 0.1562 0.1549 0.1888 0.1515 0.1779 0.1707 
        H100 11 0.1471 0.2480 0.0523 0.1319 0.2092 0.2116 
        H127 11 0.2266 0.1146 0.1512 0.2376 0.1306 0.1394 
        H136 11 0.1480 0.1117 0.3498 0.1323 0.1221 0.1361 
        H153 11 0.1737 0.1501 0.1471 0.1453 0.1941 0.1897 
        H154 11 0.2539 0.1498 0.2911 0.0951 0.1210 0.0890 
        H155 11 0.1214 0.2074 0.0566 0.2679 0.1234 0.2232 
