        H102  1 0.4123 0.2458 0.3420 
        H103  1 0.3183 0.4488 0.2329 
        H104  1 0.3341 0.2292 0.4367 
        H105  1 0.4330 0.2762 0.2909 
        H106  1 0.2888 0.3454 0.3658 
        H112  1 0.3527 0.2544 0.3929 
        H113  1 0.4174 0.2796 0.3030 
        H114  1 0.4699 0.2791 0.2510 
        H115  1 0.4318 0.2132 0.3551 
        H143  1 0.4358 0.2919 0.2723 
        H144  1 0.3908 0.3962 0.2130 
        H145  1 0.3165 0.4571 0.2265 
        H149  1 0.3147 0.2491 0.4362 
        H150  1 0.3392 0.3318 0.3290 
     H167542  1 0.4656 0.2595 0.2750 
     H169604  1 0.4392 0.2804 0.2804 
     H169607  1 0.3814 0.3768 0.2418 
     H169608  1 0.2825 0.2677 0.4497 
     H169633  1 0.4438 0.3207 0.2355 
     H169688  1 0.2613 0.4512 0.2874 
     H169714  1 0.2999 0.2963 0.4038 
     H171802  1 0.2518 0.3172 0.4310 
     H171805  1 0.3691 0.3530 0.2779 
     H171807  1 0.3183 0.3082 0.3735 
     H171814  1 0.2895 0.4666 0.2440 
     H171816  1 0.3064 0.2982 0.3954 
     H171817  1 0.3621 0.2723 0.3657 
     H171818  1 0.3666 0.3273 0.3061 
     H171819  1 0.3405 0.3065 0.3529 
     H171834  1 0.4273 0.2809 0.2918 
     H171835  1 0.2397 0.2572 0.5031 
     H171836  1 0.4008 0.4127 0.1865 
     H171837  1 0.3462 0.2677 0.3861 
     H171838  1 0.3136 0.4248 0.2616 
     H171839  1 0.3552 0.2649 0.3799 
     H171841  1 0.2151 0.3031 0.4818 
     H171860  1 0.3952 0.2912 0.3136 
     H171861  1 0.4855 0.3283 0.1861 
     H171862  1 0.3724 0.3155 0.3121 
     H171868  1 0.5047 0.2339 0.2614 
     H171869  1 0.2893 0.4297 0.2810 
     H171870  1 0.2913 0.3716 0.3371 
     H171871  1 0.3104 0.4086 0.2810 
     H171872  1 0.3809 0.2567 0.3624 
     H171873  1 0.2433 0.3744 0.3822 
     H171874  1 0.4123 0.3229 0.2648 
     H171875  1 0.4827 0.3198 0.1974 
     H171876  1 0.4300 0.3025 0.2676 
     H171877  1 0.4900 0.2376 0.2725 
     H171878  1 0.2387 0.3745 0.3868 
     H171901  1 0.2485 0.3155 0.4360 
     H171902  1 0.2907 0.3856 0.3237 
     H171903  1 0.3945 0.2957 0.3098 
     H171935  1 0.2221 0.3761 0.4018 
     H171936  1 0.4027 0.3318 0.2655 
     H171940  1 0.3647 0.2780 0.3573 
     H171945  1 0.2951 0.3818 0.3231 
     H171948  1 0.3883 0.2551 0.3566 
     H171949  1 0.2714 0.2734 0.4552 
     H171950  1 0.2525 0.2541 0.4934 
     H171963  1 0.3070 0.4400 0.2529 
     H171964  1 0.2768 0.4604 0.2628 
     H171966  1 0.3162 0.3524 0.3314 
     H171968  1 0.3282 0.3252 0.3465 
     H171971  1 0.2733 0.3890 0.3377 
     H171972  1 0.3441 0.4133 0.2426 
     H171977  1 0.2996 0.4428 0.2577 
     H171978  1 0.2892 0.3255 0.3852 
     H171979  1 0.3793 0.4029 0.2177 
        H176  1 0.3836 0.3247 0.2917 
        H177  1 0.2820 0.2382 0.4798 
        H179  1 0.3573 0.2306 0.4121 
        H181  1 0.3579 0.4000 0.2421 
        H182  1 0.4080 0.3707 0.2213 
        H183  1 0.2612 0.4613 0.2776 
        H184  1 0.3624 0.2861 0.3515 
        H185  1 0.3462 0.4001 0.2537 
        H186  1 0.3262 0.3307 0.3431 
        H187  1 0.2942 0.3575 0.3483 
        H188  1 0.3951 0.2449 0.3601 
        H192  1 0.3119 0.2757 0.4125 
        H193  1 0.3789 0.3798 0.2413 
        H194  1 0.3787 0.2793 0.3420 
        H195  1 0.2823 0.4802 0.2375 
        H199  1 0.2734 0.4648 0.2617 
        H200  1 0.3305 0.3054 0.3640 
        H414  1 0.3407 0.3532 0.3061 
        H415  1 0.4111 0.3194 0.2695 
        H422  1 0.3147 0.3568 0.3284 
        H423  1 0.2386 0.2370 0.5243 
        H424  1 0.3517 0.4017 0.2466 
        H425  1 0.2780 0.4546 0.2673 
        H426  1 0.2378 0.4702 0.2920 
        H443  1 0.3627 0.3832 0.2542 
        H466  1 0.3599 0.3029 0.3373 
        H467  1 0.2582 0.2726 0.4693 
        H472  1 0.3053 0.3559 0.3388 
        H483  1 0.4422 0.3276 0.2302 
        H504  1 0.2742 0.4734 0.2525 
        H505  1 0.3213 0.2939 0.3847 
        H506  1 0.3363 0.3445 0.3191 
        H507  1 0.3953 0.3971 0.2077 
        H508  1 0.2735 0.3517 0.3748 
        H524  1 0.3573 0.3893 0.2534 
        H525  1 0.3747 0.3461 0.2792 
        H526  1 0.4525 0.2917 0.2559 
        H527  1 0.3189 0.2764 0.4047 
        H528  1 0.4037 0.3664 0.2298 
        H529  1 0.3658 0.3966 0.2376 
        H533  1 0.3929 0.3744 0.2327 
        H538  1 0.3561 0.2870 0.3569 
        H539  1 0.2768 0.4186 0.3046 
        H540  1 0.3636 0.3110 0.3254 
        H541  1 0.4225 0.2709 0.3067 
        H558  1 0.2555 0.4630 0.2816 
        H559  1 0.4087 0.2944 0.2969 
        H579  1 0.3698 0.3757 0.2545 
        H584  1 0.2957 0.4360 0.2683 
        H585  1 0.3563 0.3631 0.2806 
        H605  1 0.3376 0.3080 0.3544 
        H606  1 0.3194 0.2519 0.4287 
        H632  1 0.3011 0.4342 0.2647 
        H634  1 0.3364 0.3657 0.2979 
        H671  1 0.2620 0.2676 0.4704 
        H672  1 0.3206 0.3603 0.3191 
        H673  1 0.4182 0.3217 0.2600 
        H689  1 0.3922 0.3448 0.2629 
        H690  1 0.3918 0.2357 0.3725 
        H691  1 0.4287 0.2665 0.3048 
        H692  1 0.4119 0.4155 0.1726 
        H709  1 0.3474 0.3411 0.3115 
        H710  1 0.3982 0.3962 0.2056 
       H7355  1 0.4618 0.3021 0.2361 
       H7356  1 0.3201 0.3661 0.3138 
       H7357  1 0.3787 0.2830 0.3384 
       H7358  1 0.3709 0.3862 0.2429 
       H7380  1 0.4229 0.3112 0.2659 
       H7381  1 0.2669 0.3157 0.4174 
       H7382  1 0.4001 0.3405 0.2594 
        H904  1 0.2892 0.1939 0.5169 
        H923  1 0.3183 0.3417 0.3400 
        H924  1 0.3219 0.2983 0.3798 
        H925  1 0.3769 0.3345 0.2887 
       H9558  1 0.2453 0.4905 0.2641 
        H008  2 0.4907 0.3013 0.2080 
        H021  2 0.3108 0.2759 0.4133 
        H023  2 0.3217 0.2601 0.4183 
        H024  2 0.3036 0.4851 0.2113 
        H025  2 0.2708 0.3342 0.3950 
        H026  2 0.2842 0.4663 0.2495 
        H027  2 0.3825 0.3184 0.2990 
        H028  2 0.3598 0.3835 0.2567 
        H029  2 0.3328 0.3946 0.2725 
        H030  2 0.3061 0.4648 0.2291 
        H038  2 0.2521 0.3197 0.4283 
        H039  2 0.1887 0.2039 0.6075 
        H040  2 0.2592 0.3151 0.4257 
        H041  2 0.4625 0.2624 0.2751 
        H042  2 0.3274 0.3124 0.3601 
        H043  2 0.2059 0.3148 0.4794 
        H044  2 0.3046 0.4453 0.2501 
        H047  2 0.2525 0.3549 0.3926 
        H050  2 0.2935 0.4455 0.2609 
        H058  2 0.2635 0.3455 0.3910 
        H062  2 0.3076 0.2889 0.4035 
        H063  2 0.2951 0.2558 0.4491 
        H065  2 0.2799 0.3800 0.3401 
        H066  2 0.2619 0.4233 0.3148 
        H067  2 0.4256 0.3005 0.2739 
        H068  2 0.2321 0.2935 0.4744 
        H069  2 0.2368 0.4354 0.3279 
        H071  2 0.3167 0.2670 0.4163 
        H072  2 0.2870 0.2424 0.4707 
        H073  2 0.3529 0.3610 0.2861 
        H081  2 0.4738 0.2285 0.2976 
        H082  2 0.3269 0.4523 0.2208 
        H083  2 0.3464 0.4207 0.2329 
        H084  2 0.2741 0.3540 0.3720 
        H085  2 0.4782 0.2541 0.2677 
        H087  2 0.4869 0.2352 0.2779 
        H088  2 0.3636 0.2389 0.3975 
        H089  2 0.4280 0.3040 0.2680 
        H090  2 0.3376 0.4118 0.2507 
        H091  2 0.4102 0.3548 0.2351 
        H098  2 0.3729 0.3557 0.2714 
      H10001  2 0.1936 0.2007 0.6058 
      H10002  2 0.3945 0.2234 0.3821 
        H101  2 0.2475 0.4621 0.2903 
        H108  2 0.3974 0.2212 0.3814 
        H109  2 0.2527 0.3604 0.3870 
        H110  2 0.5352 0.2436 0.2213 
        H116  2 0.3495 0.3904 0.2601 
        H117  2 0.4474 0.2946 0.2580 
        H118  2 0.3838 0.4141 0.2021 
        H119  2 0.3533 0.2719 0.3748 
        H120  2 0.3180 0.2047 0.4773 
        H121  2 0.3833 0.3731 0.2435 
        H125  2 0.1919 0.1888 0.6193 
        H126  2 0.3069 0.4173 0.2758 
        H128  2 0.2777 0.5606 0.1617 
        H129  2 0.3162 0.4514 0.2324 
        H130  2 0.2277 0.3493 0.4230 
        H133  2 0.2250 0.2737 0.5012 
        H134  2 0.2440 0.5330 0.2230 
        H135  2 0.4013 0.2669 0.3318 
        H137  2 0.3265 0.3464 0.3271 
        H138  2 0.3182 0.4284 0.2534 
        H140  2 0.3492 0.3443 0.3065 
        H146  2 0.3346 0.3869 0.2785 
        H147  2 0.4589 0.2826 0.2585 
        H148  2 0.4663 0.2613 0.2724 
     H166022  2 0.4131 0.3454 0.2414 
     H167359  2 0.3489 0.3532 0.2979 
     H167397  2 0.3936 0.4375 0.1689 
     H167428  2 0.4782 0.3474 0.1745 
     H167496  2 0.3234 0.2138 0.4628 
     H167513  2 0.2668 0.3974 0.3357 
     H167545  2 0.2882 0.4498 0.2620 
     H167547  2 0.2357 0.5439 0.2204 
     H169621  2 0.3621 0.3949 0.2430 
     H169622  2 0.3945 0.3595 0.2460 
     H169750  2 0.2318 0.3615 0.4066 
     H171806  2 0.2653 0.3530 0.3817 
     H171808  2 0.2820 0.3950 0.3231 
     H171809  2 0.4029 0.2717 0.3254 
     H171813  2 0.2805 0.3941 0.3254 
     H171815  2 0.2079 0.2797 0.5124 
     H171824  2 0.3911 0.1988 0.4100 
     H171825  2 0.3715 0.3337 0.2948 
     H171826  2 0.3783 0.2637 0.3580 
     H171827  2 0.3752 0.2922 0.3326 
     H171828  2 0.2831 0.1895 0.5274 
     H171829  2 0.2480 0.4038 0.3481 
     H171830  2 0.3594 0.3150 0.3257 
     H171831  2 0.3313 0.4490 0.2197 
     H171832  2 0.3398 0.3772 0.2831 
     H171863  2 0.2701 0.5263 0.2036 
     H171864  2 0.3617 0.3142 0.3241 
     H171865  2 0.2419 0.2860 0.4721 
     H171879  2 0.3330 0.3687 0.2983 
     H171880  2 0.3395 0.3682 0.2923 
     H171881  2 0.4267 0.3090 0.2642 
     H171882  2 0.2509 0.2281 0.5210 
     H171929  2 0.4017 0.3249 0.2734 
     H171930  2 0.2610 0.4933 0.2457 
     H171933  2 0.3602 0.3468 0.2930 
     H171934  2 0.4018 0.2963 0.3019 
     H171937  2 0.3027 0.4417 0.2557 
     H171962  2 0.4335 0.3154 0.2510 
        H190  2 0.3806 0.3561 0.2633 
        H191  2 0.3304 0.3586 0.3110 
        H396  2 0.3703 0.2946 0.3350 
        H397  2 0.3446 0.3509 0.3045 
        H398  2 0.2776 0.3631 0.3592 
        H400  2 0.3508 0.3248 0.3244 
        H401  2 0.3147 0.5045 0.1808 
        H402  2 0.4281 0.3384 0.2334 
        H427  2 0.4278 0.2727 0.2996 
        H428  2 0.4912 0.3329 0.1759 
        H497  2 0.2659 0.3498 0.3843 
        H512  2 0.3719 0.3255 0.3025 
        H513  2 0.2643 0.4016 0.3341 
        H514  2 0.2994 0.4002 0.3004 
        H519  2 0.2855 0.3723 0.3422 
        H532  2 0.4286 0.3207 0.2507 
        H543  2 0.4319 0.3275 0.2407 
        H544  2 0.2455 0.4443 0.3102 
        H545  2 0.2708 0.4774 0.2518 
        H546  2 0.2637 0.3148 0.4215 
        H547  2 0.2382 0.5383 0.2235 
        H548  2 0.4135 0.3028 0.2837 
        H549  2 0.2292 0.4650 0.3058 
        H620  2 0.2506 0.2018 0.5476 
        H623  2 0.3149 0.4233 0.2618 
        H624  2 0.1961 0.4034 0.4005 
        H625  2 0.3938 0.3265 0.2797 
        H626  2 0.3105 0.3455 0.3440 
        H654  2 0.1854 0.2347 0.5799 
        H655  2 0.2886 0.2954 0.4160 
        H656  2 0.2814 0.2313 0.4872 
        H666  2 0.2000 0.2596 0.5404 
        H667  2 0.4105 0.3075 0.2819 
        H677  2 0.3727 0.3398 0.2875 
        H693  2 0.3739 0.2165 0.4097 
        H694  2 0.3252 0.4162 0.2586 
        H701  2 0.4035 0.3447 0.2518 
        H702  2 0.3523 0.2805 0.3672 
        H731  2 0.3502 0.2647 0.3851 
       H7359  2 0.3577 0.3348 0.3074 
       H7389  2 0.3072 0.3753 0.3175 
       H7390  2 0.2491 0.2552 0.4957 
       H7391  2 0.5173 0.2196 0.2631 
       H7392  2 0.2920 0.3573 0.3507 
       H7393  2 0.2909 0.3178 0.3914 
       H7398  2 0.4521 0.2539 0.2941 
       H7399  2 0.4187 0.3503 0.2310 
       H7400  2 0.2009 0.2317 0.5674 
        H745  2 0.2764 0.4931 0.2305 
        H746  2 0.3856 0.3752 0.2392 
        H747  2 0.2478 0.2748 0.4773 
        H748  2 0.3218 0.3358 0.3424 
       H7484  2 0.2433 0.2653 0.4914 
       H7485  2 0.3217 0.3938 0.2845 
        H749  2 0.3437 0.4017 0.2547 
        H930  2 0.2736 0.4617 0.2647 
        H931  2 0.4152 0.2978 0.2870 
        H932  2 0.3124 0.3365 0.3512 
        H111  3 0.3117 0.4281 0.2602 
        H951  3 0.3455 0.4154 0.2391 
        H952  3 0.2625 0.4024 0.3351 
        H953  3 0.3872 0.3498 0.2629 
        H954  3 0.2766 0.2621 0.4613 
        H955  3 0.3341 0.4138 0.2522 
        H956  3 0.3236 0.2975 0.3789 
       H9563  3 0.3584 0.2819 0.3597 
        H002  4 0.2527 0.3079 0.4394 
        H003  4 0.4475 0.3165 0.2360 
        H009  4 0.2862 0.4424 0.2713 
        H010  4 0.3984 0.3187 0.2829 
        H011  4 0.2954 0.2221 0.4825 
        H012  4 0.4912 0.2744 0.2344 
        H013  4 0.4360 0.2282 0.3358 
        H014  4 0.3560 0.3277 0.3164 
        H045  4 0.3908 0.2592 0.3500 
        H046  4 0.3767 0.3613 0.2620 
        H051  4 0.3885 0.2363 0.3752 
        H052  4 0.2470 0.3776 0.3755 
        H053  4 0.3061 0.2862 0.4077 
        H056  4 0.2490 0.3284 0.4226 
        H076  4 0.3777 0.3909 0.2314 
        H151  4 0.2264 0.2659 0.5077 
        H152  4 0.2544 0.3231 0.4225 
     H171803  4 0.2821 0.2648 0.4531 
     H171804  4 0.3162 0.2762 0.4076 
     H171833  4 0.2995 0.4574 0.2431 
     H171855  4 0.2167 0.2912 0.4921 
     H171856  4 0.2684 0.3669 0.3647 
     H171857  4 0.2274 0.3185 0.4541 
     H171858  4 0.3286 0.3516 0.3198 
     H171859  4 0.3358 0.3193 0.3449 
     H171961  4 0.3195 0.2738 0.4067 
        H198  4 0.4386 0.3504 0.2110 
      H20001  4 0.2674 0.4717 0.2610 
        H403  4 0.2547 0.3744 0.3709 
        H404  4 0.4675 0.2885 0.2440 
        H405  4 0.3987 0.3489 0.2524 
        H406  4 0.2013 0.5071 0.2916 
        H407  4 0.2898 0.3187 0.3915 
        H410  4 0.3565 0.4082 0.2353 
        H411  4 0.2824 0.4546 0.2630 
        H468  4 0.2252 0.4347 0.3400 
        H476  4 0.2590 0.3535 0.3875 
        H477  4 0.2297 0.5081 0.2622 
        H478  4 0.4307 0.3150 0.2543 
        H479  4 0.3602 0.2712 0.3685 
        H480  4 0.2944 0.4531 0.2525 
        H498  4 0.3692 0.3289 0.3019 
        H499  4 0.3353 0.3270 0.3378 
        H500  4 0.3078 0.2244 0.4678 
        H515  4 0.3044 0.2976 0.3980 
        H516  4 0.2989 0.3748 0.3263 
        H517  4 0.3449 0.3393 0.3158 
        H518  4 0.2358 0.3651 0.3991 
        H520  4 0.2677 0.2959 0.4364 
        H521  4 0.4024 0.3174 0.2802 
        H522  4 0.2912 0.3155 0.3932 
        H523  4 0.3109 0.3243 0.3649 
        H536  4 0.3874 0.3102 0.3024 
        H645  4 0.4462 0.2217 0.3321 
        H646  4 0.2899 0.4583 0.2517 
        H647  4 0.2761 0.4090 0.3150 
        H657  4 0.3778 0.3794 0.2428 
        H658  4 0.2993 0.3119 0.3888 
        H659  4 0.2212 0.2250 0.5538 
        H660  4 0.3079 0.3237 0.3684 
        H661  4 0.2664 0.3133 0.4203 
        H668  4 0.4777 0.2847 0.2376 
        H669  4 0.3756 0.2796 0.3448 
        H670  4 0.4576 0.2212 0.3212 
        H678  4 0.3066 0.3524 0.3410 
        H679  4 0.3671 0.3868 0.2461 
        H680  4 0.2955 0.3803 0.3241 
        H681  4 0.3958 0.2611 0.3431 
        H682  4 0.4062 0.2800 0.3139 
        H683  4 0.2221 0.3803 0.3976 
        H718  4 0.2518 0.2756 0.4726 
        H719  4 0.3999 0.2556 0.3445 
        H720  4 0.2688 0.3848 0.3464 
        H721  4 0.2474 0.3796 0.3731 
        H722  4 0.2308 0.3953 0.3739 
        H723  4 0.3614 0.2432 0.3954 
        H724  4 0.2108 0.2437 0.5455 
        H725  4 0.2371 0.2595 0.5034 
        H726  4 0.2951 0.2821 0.4228 
        H727  4 0.3573 0.2438 0.3988 
        H910  4 0.3356 0.2611 0.4033 
        H911  4 0.3069 0.4088 0.2842 
        H912  4 0.2808 0.3516 0.3677 
        H913  4 0.2658 0.3015 0.4327 
        H914  4 0.3505 0.2224 0.4271 
        H915  4 0.3068 0.3254 0.3677 
        H916  4 0.2327 0.4290 0.3383 
       H9572  4 0.3117 0.3316 0.3566 
        H015  5 0.2972 0.4390 0.2637 
        H016  5 0.3026 0.4406 0.2568 
        H017  5 0.2412 0.4117 0.3471 
        H019  5 0.3548 0.3664 0.2789 
        H020  5 0.2940 0.3364 0.3696 
        H032  5 0.3150 0.3380 0.3470 
        H033  5 0.4564 0.2720 0.2716 
        H034  5 0.3695 0.2376 0.3929 
        H035  5 0.3050 0.3436 0.3513 
        H036  5 0.3086 0.3794 0.3120 
        H037  5 0.2757 0.2652 0.4591 
        H048  5 0.3089 0.2343 0.4568 
        H049  5 0.2793 0.4099 0.3108 
        H054  5 0.3483 0.3146 0.3371 
        H055  5 0.3657 0.2758 0.3585 
        H057  5 0.2704 0.4045 0.3251 
        H060  5 0.2892 0.3302 0.3806 
        H061  5 0.3797 0.3406 0.2797 
        H064  5 0.3381 0.3134 0.3485 
        H070  5 0.3916 0.2470 0.3614 
        H077  5 0.2653 0.2845 0.4503 
        H078  5 0.2306 0.3362 0.4332 
        H079  5 0.4412 0.3113 0.2475 
        H097  5 0.2112 0.4242 0.3646 
        H107  5 0.2915 0.1896 0.5189 
        H122  5 0.2697 0.4138 0.3165 
        H123  5 0.3311 0.4052 0.2637 
        H124  5 0.3776 0.3611 0.2614 
        H131  5 0.3695 0.3651 0.2654 
        H132  5 0.3510 0.3027 0.3464 
        H141  5 0.3055 0.3059 0.3886 
        H142  5 0.3954 0.3640 0.2406 
        H157  5 0.3076 0.2430 0.4494 
        H158  5 0.2551 0.4818 0.2631 
        H159  5 0.3294 0.4225 0.2482 
        H160  5 0.2861 0.3748 0.3391 
        H163  5 0.3509 0.3561 0.2930 
        H164  5 0.4274 0.3203 0.2524 
        H165  5 0.4759 0.3143 0.2098 
        H166  5 0.3135 0.3975 0.2890 
        H169  5 0.3897 0.3030 0.3073 
     H169613  5 0.3189 0.3498 0.3313 
     H169653  5 0.3873 0.3442 0.2685 
     H169728  5 0.3226 0.3684 0.3090 
     H169742  5 0.3786 0.2734 0.3480 
        H170  5 0.2623 0.4376 0.3001 
        H171  5 0.2895 0.4266 0.2839 
     H171851  5 0.3329 0.3542 0.3129 
     H171852  5 0.2507 0.3298 0.4195 
     H171853  5 0.3560 0.2728 0.3712 
     H171854  5 0.3158 0.3589 0.3253 
     H171938  5 0.4536 0.2367 0.3097 
     H171939  5 0.2849 0.4528 0.2623 
     H171941  5 0.3286 0.2355 0.4359 
     H171965  5 0.4171 0.3380 0.2449 
     H171970  5 0.2692 0.2318 0.4990 
     H171973  5 0.4393 0.2991 0.2616 
     H171974  5 0.4144 0.2628 0.3229 
     H171975  5 0.3534 0.2888 0.3577 
     H171976  5 0.2310 0.4381 0.3309 
        H175  5 0.3185 0.2513 0.4302 
        H178  5 0.3614 0.3019 0.3368 
        H189  5 0.3679 0.4193 0.2128 
        H399  5 0.2289 0.4601 0.3109 
        H416  5 0.3263 0.3185 0.3552 
        H438  5 0.4014 0.2656 0.3330 
        H450  5 0.2923 0.2688 0.4389 
        H455  5 0.3244 0.2130 0.4626 
        H456  5 0.3736 0.2889 0.3375 
        H457  5 0.2585 0.3362 0.4053 
        H458  5 0.3483 0.2670 0.3847 
        H459  5 0.3745 0.3790 0.2466 
        H460  5 0.2975 0.3305 0.3720 
        H461  5 0.2498 0.4324 0.3178 
        H462  5 0.3757 0.3483 0.2760 
        H469  5 0.3955 0.3624 0.2422 
        H470  5 0.3490 0.2970 0.3540 
        H471  5 0.2710 0.4866 0.2424 
        H481  5 0.2237 0.2455 0.5307 
        H482  5 0.3071 0.3079 0.3850 
        H501  5 0.3821 0.2761 0.3417 
        H502  5 0.3593 0.4073 0.2334 
        H503  5 0.3267 0.4039 0.2694 
        H509  5 0.2789 0.2617 0.4594 
        H510  5 0.3903 0.3215 0.2883 
        H511  5 0.3645 0.3718 0.2637 
        H530  5 0.3811 0.2572 0.3617 
        H531  5 0.2310 0.3151 0.4539 
        H564  5 0.3258 0.3055 0.3687 
        H565  5 0.2229 0.2857 0.4914 
        H567  5 0.3332 0.4463 0.2205 
     H568???  5 0.3209 0.4249 0.2542 
        H608  5 0.2901 0.2686 0.4414 
        H609  5 0.4428 0.2631 0.2941 
        H612  5 0.3199 0.2036 0.4765 
        H614  5 0.2209 0.2817 0.4974 
        H615  5 0.2277 0.3238 0.4486 
        H616  5 0.2825 0.1877 0.5299 
        H617  5 0.4037 0.3476 0.2488 
        H618  5 0.2993 0.2533 0.4474 
        H619  5 0.4720 0.2788 0.2492 
        H635  5 0.3909 0.3018 0.3073 
        H636  5 0.4937 0.2536 0.2527 
        H637  5 0.3243 0.3097 0.3659 
        H644  5 0.2827 0.5337 0.1837 
        H711  5 0.2702 0.4363 0.2935 
        H712  5 0.3626 0.2459 0.3914 
       H7360  5 0.2973 0.3637 0.3390 
       H7361  5 0.2980 0.2774 0.4245 
       H7362  5 0.3027 0.4951 0.2023 
       H7363  5 0.2593 0.3544 0.3863 
       H7394  5 0.3730 0.3640 0.2630 
       H7395  5 0.4069 0.2775 0.3156 
       H7396  5 0.3294 0.3231 0.3475 
        H742  5 0.3867 0.2574 0.3559 
        H743  5 0.2870 0.3545 0.3585 
        H744  5 0.2466 0.2442 0.5092 
        H957  5 0.3036 0.3692 0.3272 
        H958  5 0.3146 0.3774 0.3081 
        H959  5 0.3689 0.2157 0.4153 
        H960  5 0.3418 0.3204 0.3378 
      H_PALI  6 0.3597 0.3388 0.3015 
        H581  6 0.2536 0.3453 0.4010 
        H582  6 0.2365 0.2765 0.4870 
        H583  6 0.2956 0.3442 0.3602 
        H595  6 0.3015 0.4614 0.2371 
        H596  6 0.3424 0.4296 0.2280 
        H597  6 0.3135 0.4485 0.2380 
        H598  6 0.3817 0.2760 0.3424 
        H599  6 0.3079 0.2769 0.4151 
        H642  6 0.2609 0.4631 0.2760 
        H643  6 0.3636 0.3036 0.3327 
        H664  6 0.1798 0.3412 0.4790 
        H665  6 0.4766 0.2354 0.2880 
        H674  6 0.2611 0.5299 0.2090 
        H675  6 0.2488 0.3599 0.3912 
        H676  6 0.3049 0.4283 0.2669 
        H686  6 0.3323 0.3511 0.3166 
        H687  6 0.2842 0.3638 0.3520 
        H917  6 0.4488 0.3283 0.2230 
        H918  6 0.4572 0.2809 0.2618 
        H919  6 0.2953 0.2170 0.4877 
        H920  6 0.3249 0.2960 0.3790 
        H631  7 0.3155 0.2867 0.3977 
        H684  7 0.3509 0.4255 0.2236 
        H685  7 0.1894 0.2921 0.5185 
        H713  7 0.2874 0.2443 0.4683 
        H715  7 0.3109 0.4171 0.2721 
        H716  7 0.3672 0.2818 0.3510 
        H717  7 0.3085 0.3291 0.3624 
        H729  7 0.4913 0.3011 0.2076 
        H730  7 0.4105 0.2588 0.3307 
        H431  8 0.3035 0.2782 0.4183 
        H432  8 0.3277 0.4491 0.2232 
        H433  8 0.4208 0.2939 0.2853 
        H434  8 0.3686 0.3485 0.2829 
        H444  8 0.4778 0.2682 0.2540 
        H454  8 0.3298 0.2257 0.4445 
        H475  8 0.2640 0.2491 0.4869 
        H491  8 0.3573 0.2748 0.3679 
        H492  8 0.2766 0.2731 0.4503 
        H493  8 0.3085 0.3714 0.3202 
        H494  8 0.3116 0.3205 0.3680 
        H495  8 0.1966 0.3486 0.4548 
        H662  8 0.2717 0.4211 0.3072 
        H663  8 0.3361 0.3209 0.3430 
        H695  8 0.3582 0.2800 0.3618 
       H7367  8 0.4069 0.3650 0.2281 
       H7368  8 0.3819 0.3490 0.2691 
       H7369  8 0.4256 0.2760 0.2984 
       H7370  8 0.3098 0.4584 0.2318 
       H7371  8 0.4031 0.2802 0.3167 
        H600  9 0.3032 0.2746 0.4222 
        H648  9 0.3230 0.3534 0.3235 
        H696  9 0.2511 0.5435 0.2053 
        H697  9 0.3452 0.3404 0.3144 
        H698  9 0.3406 0.3897 0.2697 
        H699  9 0.3472 0.3386 0.3142 
        H700  9 0.3709 0.2495 0.3796 
        H732  9 0.2228 0.2987 0.4785 
        H733  9 0.3913 0.3725 0.2362 
        H734  9 0.2953 0.4615 0.2432 
        H735  9 0.2911 0.4209 0.2880 
        H736  9 0.3005 0.3514 0.3481 
        H737  9 0.3164 0.3006 0.3830 
        H905  9 0.3909 0.2393 0.3698 
        H921  9 0.3999 0.2407 0.3594 
        H922  9 0.4024 0.3751 0.2225 
     H169705 10 0.3131 0.3766 0.3103 
     H171942 10 0.3477 0.4330 0.2194 
     H171943 10 0.2574 0.3989 0.3437 
     H171944 10 0.3523 0.3021 0.3456 
     H171946 10 0.1982 0.3534 0.4484 
     H171947 10 0.3580 0.3668 0.2752 
     H229641 10 0.3093 0.3545 0.3362 
      H30001 10 0.3968 0.2658 0.3374 
      H30002 10 0.3811 0.3024 0.3165 
      H30005 10 0.3482 0.3472 0.3046 
      H30006 10 0.2703 0.4481 0.2817 
      H30007 10 0.2098 0.5701 0.2201 
        H451 10 0.4363 0.3313 0.2324 
        H452 10 0.2542 0.4229 0.3229 
        H453 10 0.2370 0.2889 0.4741 
        H473 10 0.3147 0.3266 0.3587 
        H474 10 0.1984 0.2813 0.5203 
        H486 10 0.3132 0.2938 0.3930 
        H487 10 0.3153 0.2957 0.3890 
        H488 10 0.4590 0.2337 0.3073 
        H489 10 0.2742 0.2596 0.4661 
        H550 10 0.2706 0.4598 0.2696 
        H551 10 0.3757 0.2713 0.3530 
        H553 10 0.2386 0.3018 0.4596 
        H554 10 0.4047 0.3468 0.2486 
        H556 10 0.2590 0.3652 0.3758 
        H580 10 0.3702 0.3398 0.2900 
        H591 10 0.2565 0.2363 0.5072 
        H592 10 0.2927 0.2946 0.4128 
        H593 10 0.3853 0.3322 0.2826 
        H594 10 0.3512 0.4464 0.2024 
        H627 10 0.2793 0.3677 0.3530 
        H628 10 0.5122 0.3017 0.1861 
        H629 10 0.2462 0.3949 0.3589 
        H630 10 0.2479 0.3897 0.3624 
        H638 10 0.3322 0.3646 0.3031 
        H639 10 0.2223 0.3231 0.4546 
        H640 10 0.3090 0.4258 0.2652 
        H704 10 0.3156 0.4386 0.2458 
        H705 10 0.3192 0.3651 0.3157 
        H706 10 0.3925 0.2168 0.3907 
        H708 10 0.2464 0.2636 0.4900 
       H7351 10 0.3200 0.3631 0.3170 
       H7352 10 0.3214 0.3111 0.3675 
       H7353 10 0.2863 0.4628 0.2509 
       H7354 10 0.3556 0.2703 0.3741 
       H7365 10 0.2665 0.2334 0.5001 
       H7383 10 0.3849 0.2472 0.3679 
       H7384 10 0.3683 0.2661 0.3656 
       H7385 10 0.3132 0.2672 0.4196 
       H7386 10 0.4277 0.2873 0.2851 
       H7387 10 0.3827 0.3153 0.3020 
       H7388 10 0.3239 0.3410 0.3351 
        H906 10 0.3006 0.3197 0.3797 
        H907 10 0.3323 0.4097 0.2580 
        H908 10 0.3973 0.2946 0.3080 
        H909 10 0.4315 0.2642 0.3044 
       H9552 10 0.3301 0.3439 0.3259 
       H9553 10 0.2792 0.3239 0.3969 
       H9555 10 0.3950 0.3200 0.2849 
       H9575 10 0.2628 0.2918 0.4454 
       H9703 10 0.2239 0.2538 0.5222 
       H9707 10 0.2801 0.2877 0.4323 
       HSAA4 10 0.3703 0.3457 0.2840 
        H001 11 0.3480 0.2829 0.3691 
        H004 11 0.3492 0.3462 0.3046 
        H005 11 0.3314 0.2154 0.4532 
        H006 11 0.3997 0.2771 0.3232 
        H007 11 0.3790 0.2176 0.4034 
        H031 11 0.2484 0.2099 0.5417 
        H074 11 0.2299 0.2961 0.4740 
        H075 11 0.3157 0.2332 0.4512 
        H080 11 0.3160 0.2447 0.4393 
        H086 11 0.3368 0.3233 0.3399 
        H092 11 0.3081 0.2921 0.3998 
        H093 11 0.3481 0.4433 0.2086 
        H094 11 0.2810 0.3963 0.3227 
        H095 11 0.3071 0.2758 0.4171 
        H096 11 0.4135 0.2351 0.3514 
        H099 11 0.3125 0.2958 0.3917 
        H100 11 0.3499 0.4050 0.2451 
        H127 11 0.3423 0.2839 0.3738 
        H136 11 0.2571 0.2663 0.4766 
        H153 11 0.3464 0.3529 0.3007 
        H154 11 0.2319 0.2689 0.4992 
        H155 11 0.4753 0.3000 0.2247 
        H156 11 0.4992 0.3196 0.1812 
        H161 11 0.3206 0.4017 0.2777 
        H162 11 0.3434 0.4062 0.2504 
        H167 11 0.4177 0.3096 0.2727 
        H168 11 0.3873 0.3055 0.3073 
     H169586 11 0.1857 0.4158 0.3985 
     H169738 11 0.4735 0.3026 0.2239 
     H169741 11 0.2534 0.2802 0.4664 
     H171801 11 0.3439 0.4003 0.2558 
     H171810 11 0.2531 0.2951 0.4518 
     H171811 11 0.2246 0.3085 0.4670 
     H171812 11 0.4025 0.2564 0.3411 
     H171820 11 0.2654 0.2806 0.4539 
     H171821 11 0.3757 0.3404 0.2839 
     H171822 11 0.3467 0.3300 0.3234 
     H171823 11 0.2270 0.3415 0.4316 
     H171866 11 0.3466 0.3993 0.2541 
     H171867 11 0.4774 0.2620 0.2606 
     H171967 11 0.3458 0.2326 0.4216 
     H171969 11 0.3710 0.3233 0.3057 
        H172 11 0.3634 0.3153 0.3212 
        H173 11 0.4415 0.2488 0.3097 
        H174 11 0.2950 0.4707 0.2343 
        H196 11 0.3708 0.3612 0.2681 
        H197 11 0.4530 0.2889 0.2581 
        H346 11 0.4072 0.2557 0.3370 
        H355 11 0.3286 0.3032 0.3683 
        H356 11 0.3298 0.3050 0.3652 
        H357 11 0.3369 0.2679 0.3952 
        H358 11 0.4134 0.2565 0.3301 
        H359 11 0.3325 0.3422 0.3253 
        H360 11 0.3877 0.2737 0.3386 
        H361 11 0.4127 0.3002 0.2871 
        H362 11 0.3897 0.4013 0.2091 
        H363 11 0.3318 0.2334 0.4348 
        H364 11 0.3402 0.3319 0.3279 
        H365 11 0.3573 0.3671 0.2756 
        H366 11 0.4122 0.3250 0.2628 
        H367 11 0.2286 0.2777 0.4937 
        H368 11 0.2727 0.4333 0.2940 
        H369 11 0.3167 0.2112 0.4721 
        H370 11 0.3848 0.3477 0.2675 
        H371 11 0.3028 0.3653 0.3319 
        H372 11 0.3333 0.3374 0.3293 
        H373 11 0.3621 0.3075 0.3304 
        H374 11 0.3765 0.2503 0.3732 
        H375 11 0.3662 0.2593 0.3746 
        H376 11 0.3556 0.3704 0.2739 
        H377 11 0.3618 0.2680 0.3702 
        H378 11 0.2846 0.3159 0.3995 
        H379 11 0.3191 0.3510 0.3299 
        H380 11 0.4913 0.2738 0.2349 
        H381 11 0.2518 0.3150 0.4333 
        H382 11 0.4326 0.3719 0.1955 
        H383 11 0.4215 0.3576 0.2209 
        H384 11 0.2761 0.2936 0.4302 
        H385 11 0.3019 0.3108 0.3873 
        H386 11 0.5019 0.2301 0.2680 
        H387 11 0.2287 0.4406 0.3307 
        H388 11 0.3929 0.3868 0.2203 
        H389 11 0.4170 0.2506 0.3324 
        H390 11 0.3832 0.3343 0.2825 
        H391 11 0.2271 0.4684 0.3045 
        H392 11 0.3310 0.2329 0.4361 
        H393 11 0.3415 0.4284 0.2301 
        H394 11 0.2521 0.5030 0.2449 
        H395 11 0.3330 0.2481 0.4188 
        H408 11 0.4239 0.2500 0.3261 
        H412 11 0.1482 0.3305 0.5213 
        H417 11 0.3159 0.2901 0.3940 
        H418 11 0.2371 0.3912 0.3717 
        H429 11 0.4170 0.2901 0.2929 
        H430 11 0.4106 0.3365 0.2528 
        H439 11 0.3594 0.2862 0.3545 
        H440 11 0.2766 0.2517 0.4718 
        H441 11 0.3742 0.3539 0.2718 
        H442 11 0.3827 0.3410 0.2763 
        H446 11 0.3347 0.3437 0.3216 
        H447 11 0.4404 0.2933 0.2663 
        H448 11 0.4246 0.2816 0.2938 
        H534 11 0.2334 0.2656 0.5010 
        H537 11 0.2729 0.2738 0.4533 
        H568 11 0.2372 0.2530 0.5098 
        H569 11 0.4368 0.3636 0.1995 
        H586 11 0.1757 0.4392 0.3851 
        H587 11 0.2509 0.2174 0.5317 
        H588 11 0.2898 0.4647 0.2455 
        H589 11 0.2551 0.2552 0.4896 
        H590 11 0.2976 0.2877 0.4147 
        H601 11 0.3931 0.3889 0.2180 
        H602 11 0.3078 0.3023 0.3899 
        H603 11 0.4629 0.2906 0.2465 
        H610 11 0.3152 0.3137 0.3711 
        H611 11 0.2519 0.3057 0.4424 
        H649 11 0.3240 0.3370 0.3389 
        H650 11 0.2665 0.4651 0.2684 
        H651 11 0.4479 0.2581 0.2940 
        H652 11 0.2953 0.3655 0.3393 
       H7364 11 0.3494 0.3505 0.3001 
       H7366 11 0.4150 0.2708 0.3141 
       H7378 11 0.2289 0.6021 0.1690 
       H7379 11 0.3367 0.3281 0.3352 
        H739 11 0.2521 0.2850 0.4628 
        H740 11 0.3153 0.4117 0.2731 
        H741 11 0.2539 0.2727 0.4734 
        H926 11 0.3201 0.3988 0.2812 
        H927 11 0.3639 0.3514 0.2847 
        H928 11 0.2760 0.3797 0.3442 
       H9560 11 0.2767 0.3994 0.3239 
        H409 12 0.4942 0.2804 0.2254 
        H413 12 0.2554 0.5180 0.2267 
        H419 12 0.4458 0.2790 0.2752 
        H420 12 0.3373 0.2806 0.3821 
        H421 12 0.4192 0.3806 0.2002 
        H435 12 0.3840 0.3696 0.2464 
        H436 12 0.4466 0.2442 0.3092 
        H437 12 0.2655 0.2967 0.4379 
        H445 12 0.4735 0.2861 0.2405 
        H449 12 0.2951 0.4091 0.2958 
        H463 12 0.3021 0.3111 0.3868 
        H464 12 0.3218 0.4399 0.2383 
        H465 12 0.2117 0.4744 0.3139 
        H490 12 0.3310 0.4265 0.2425 
        H561 12 0.3088 0.3723 0.3190 
        H562 12 0.4637 0.2324 0.3039 
        H563 12 0.3598 0.2838 0.3564 
        H570 12 0.3944 0.2239 0.3817 
        H571 12 0.2688 0.4126 0.3186 
        H572 12 0.3308 0.3051 0.3640 
        H573 12 0.4813 0.2982 0.2206 
       H7372 12 0.5047 0.3136 0.1816 
       H7373 12 0.2664 0.4854 0.2482 
       H7374 12 0.3704 0.2624 0.3673 
       H7375 12 0.3430 0.2679 0.3891 
       H7376 12 0.5477 0.2498 0.2025 
       H7377 12 0.2955 0.2917 0.4129 
