        H102  1 0.2395 0.3044 0.1291 0.0742 0.1163 0.0977 0.0390 
        H103  1 0.3444 0.0598 0.1916 0.0936 0.1819 0.0498 0.0789 
        H104  1 0.0845 0.1993 0.0970 0.1261 0.1101 0.1325 0.2507 
        H105  1 0.1440 0.1776 0.1328 0.1052 0.1428 0.2106 0.0870 
        H106  1 0.2378 0.1157 0.1346 0.1787 0.1435 0.0934 0.0963 
        H112  1 0.1253 0.2620 0.1349 0.1123 0.1209 0.0981 0.1463 
        H113  1 0.0738 0.0624 0.1000 0.1042 0.0869 0.1965 0.3762 
        H114  1 0.1022 0.0627 0.1175 0.1154 0.1108 0.1916 0.2998 
        H115  1 0.1523 0.2554 0.1109 0.0787 0.0841 0.1238 0.1947 
        H143  1 0.1566 0.1883 0.1788 0.0668 0.1591 0.1540 0.0963 
        H144  1 0.0863 0.0420 0.3233 0.0483 0.2694 0.1656 0.0651 
        H145  1 0.3488 0.1655 0.1261 0.0579 0.1684 0.0730 0.0602 
        H149  1 0.1143 0.2167 0.1221 0.2235 0.1163 0.0966 0.1105 
        H150  1 0.1248 0.1175 0.1991 0.1005 0.1850 0.1049 0.1682 
     H167542  1 0.0705 0.0786 0.0886 0.0541 0.0897 0.5128 0.1056 
     H169604  1 0.1176 0.0976 0.1444 0.0705 0.1415 0.2497 0.1787 
     H169607  1 0.1363 0.0659 0.2360 0.0635 0.1936 0.1861 0.1186 
     H169608  1 0.2556 0.4561 0.0587 0.0763 0.0685 0.0427 0.0420 
     H169633  1 0.0894 0.0686 0.1088 0.1084 0.1293 0.2914 0.2040 
     H169688  1 0.1340 0.1109 0.2352 0.1480 0.2133 0.0833 0.0753 
     H169714  1 0.1282 0.1302 0.1398 0.1602 0.1507 0.0833 0.2075 
     H171802  1 0.1096 0.1565 0.0980 0.1552 0.1454 0.0798 0.2555 
     H171805  1 0.2659 0.0694 0.1767 0.1420 0.1997 0.0762 0.0701 
     H171807  1 0.1215 0.1763 0.1409 0.1409 0.1742 0.1200 0.1263 
     H171814  1 0.0984 0.0633 0.1649 0.0662 0.2141 0.0852 0.3080 
     H171816  1 0.1381 0.1948 0.1476 0.1428 0.1447 0.0802 0.1518 
     H171817  1 0.1314 0.1577 0.1365 0.2206 0.1232 0.1054 0.1253 
     H171818  1 0.1329 0.0732 0.1526 0.1727 0.1918 0.1658 0.1111 
     H171819  1 0.1345 0.1135 0.1447 0.1824 0.1398 0.1171 0.1680 
     H171834  1 0.1961 0.1618 0.1686 0.1456 0.1617 0.0725 0.0937 
     H171835  1 0.0765 0.1732 0.0672 0.2592 0.0682 0.0709 0.2848 
     H171836  1 0.2022 0.0386 0.1824 0.1297 0.1714 0.1251 0.1507 
     H171837  1 0.1225 0.1690 0.1033 0.1006 0.1007 0.2481 0.1558 
     H171838  1 0.2511 0.0590 0.1336 0.2435 0.1254 0.0532 0.1342 
     H171839  1 0.1054 0.1315 0.1080 0.1179 0.1040 0.1526 0.2804 
     H171841  1 0.1071 0.5329 0.0677 0.1317 0.0834 0.0412 0.0361 
     H171860  1 0.1202 0.1642 0.1235 0.0919 0.1343 0.1570 0.2089 
     H171861  1 0.2831 0.0599 0.1793 0.1365 0.1626 0.1067 0.0718 
     H171862  1 0.1656 0.1187 0.1871 0.1097 0.1957 0.0905 0.1327 
     H171868  1 0.1363 0.1523 0.1178 0.0754 0.1154 0.3362 0.0666 
     H171869  1 0.1336 0.0544 0.2560 0.1095 0.2710 0.0802 0.0953 
     H171870  1 0.1371 0.1818 0.1454 0.2213 0.1626 0.0887 0.0631 
     H171871  1 0.2074 0.0600 0.1868 0.0951 0.1775 0.0467 0.2266 
     H171872  1 0.1298 0.1667 0.1246 0.1029 0.1171 0.1442 0.2148 
     H171873  1 0.1248 0.1033 0.2020 0.1543 0.2159 0.0838 0.1159 
     H171874  1 0.1937 0.0900 0.2455 0.0777 0.2388 0.0873 0.0670 
     H171875  1 0.1502 0.0492 0.2326 0.0799 0.1728 0.1883 0.1270 
     H171876  1 0.1499 0.0684 0.2123 0.0895 0.2090 0.1419 0.1289 
     H171877  1 0.0699 0.0740 0.0764 0.0956 0.0687 0.5008 0.1146 
     H171878  1 0.0895 0.1261 0.1886 0.2502 0.2015 0.0898 0.0543 
     H171901  1 0.1118 0.2577 0.1138 0.1807 0.1137 0.0887 0.1336 
     H171902  1 0.1413 0.1541 0.2200 0.0867 0.2177 0.1218 0.0585 
     H171903  1 0.1528 0.1202 0.1663 0.1000 0.1729 0.0713 0.2164 
     H171935  1 0.1315 0.1451 0.1591 0.2464 0.1733 0.0494 0.0952 
     H171936  1 0.0736 0.0627 0.1333 0.0958 0.1249 0.2805 0.2292 
     H171940  1 0.1070 0.1432 0.1470 0.1430 0.1353 0.2753 0.0493 
     H171945  1 0.1134 0.2194 0.1761 0.0921 0.1829 0.1431 0.0731 
     H171948  1 0.1720 0.1952 0.1127 0.1986 0.1126 0.0927 0.1162 
     H171949  1 0.0642 0.2696 0.0916 0.2254 0.1016 0.1706 0.0770 
     H171950  1 0.1261 0.2996 0.0924 0.2383 0.0818 0.0718 0.0901 
     H171963  1 0.1478 0.0508 0.2129 0.2344 0.2015 0.0650 0.0876 
     H171964  1 0.1810 0.0501 0.2785 0.0775 0.2647 0.0709 0.0773 
     H171966  1 0.1562 0.0727 0.1430 0.2907 0.1875 0.0750 0.0750 
     H171968  1 0.1615 0.2212 0.2030 0.0895 0.1413 0.1195 0.0638 
     H171971  1 0.1635 0.0740 0.1601 0.2689 0.1603 0.0611 0.1122 
     H171972  1 0.1803 0.0608 0.2063 0.1081 0.2096 0.0705 0.1644 
     H171977  1 0.1675 0.0668 0.2254 0.1117 0.1799 0.1570 0.0916 
     H171978  1 0.1698 0.2108 0.1443 0.1863 0.1768 0.0538 0.0581 
     H171979  1 0.1979 0.0488 0.2181 0.1197 0.2057 0.0861 0.1237 
        H176  1 0.1059 0.2328 0.1354 0.0833 0.1252 0.1931 0.1243 
        H177  1 0.1018 0.3966 0.0864 0.1531 0.0945 0.1129 0.0546 
        H179  1 0.0624 0.1985 0.0809 0.1296 0.0823 0.3396 0.1067 
        H181  1 0.1155 0.0566 0.2332 0.1829 0.2122 0.1076 0.0920 
        H182  1 0.4114 0.0795 0.1473 0.0863 0.1399 0.0581 0.0777 
        H183  1 0.1781 0.0604 0.2287 0.1033 0.2143 0.0993 0.1160 
        H184  1 0.1514 0.1899 0.1388 0.1623 0.1384 0.1536 0.0657 
        H185  1 0.1400 0.0505 0.1597 0.1397 0.1679 0.2066 0.1356 
        H186  1 0.0760 0.1151 0.2935 0.0945 0.2951 0.0747 0.0512 
        H187  1 0.2494 0.1530 0.1340 0.1541 0.1252 0.0970 0.0872 
        H188  1 0.0410 0.0779 0.0829 0.1238 0.0714 0.4639 0.1391 
        H192  1 0.1394 0.2293 0.1270 0.2215 0.1202 0.0929 0.0696 
        H193  1 0.3490 0.1129 0.1634 0.0730 0.1839 0.0736 0.0441 
        H194  1 0.1508 0.1361 0.1318 0.1628 0.1332 0.1296 0.1557 
        H195  1 0.1047 0.1140 0.2587 0.1138 0.2801 0.0722 0.0564 
        H199  1 0.1555 0.1230 0.2543 0.0803 0.2004 0.1021 0.0843 
        H200  1 0.0925 0.1695 0.1485 0.1056 0.1425 0.1555 0.1859 
        H414  1 0.2436 0.1165 0.1842 0.0901 0.1783 0.0406 0.1467 
        H415  1 0.1614 0.0778 0.1401 0.0821 0.1563 0.1064 0.2758 
        H422  1 0.1529 0.1890 0.1998 0.0815 0.2237 0.0906 0.0624 
        H423  1 0.0628 0.4927 0.0704 0.1945 0.0663 0.0598 0.0536 
        H424  1 0.1807 0.0878 0.2701 0.0785 0.2097 0.0733 0.0998 
        H425  1 0.0686 0.0715 0.3294 0.0575 0.2658 0.1276 0.0797 
        H426  1 0.2450 0.0723 0.2667 0.0863 0.2393 0.0373 0.0532 
        H443  1 0.0907 0.0627 0.2994 0.0470 0.2977 0.1504 0.0520 
        H466  1 0.1573 0.1012 0.1862 0.1632 0.1797 0.1071 0.1053 
        H467  1 0.0732 0.1733 0.1215 0.3457 0.1157 0.0712 0.0993 
        H472  1 0.0724 0.1076 0.1467 0.1316 0.1182 0.2788 0.1447 
        H483  1 0.0851 0.0672 0.1827 0.1406 0.1835 0.2692 0.0717 
        H504  1 0.1776 0.0652 0.2221 0.0666 0.2499 0.0996 0.1190 
        H505  1 0.0713 0.1653 0.1242 0.1562 0.1314 0.2437 0.1080 
        H506  1 0.1443 0.1889 0.1861 0.1155 0.1951 0.0985 0.0715 
        H507  1 0.1909 0.0351 0.1921 0.1243 0.1787 0.1423 0.1366 
        H508  1 0.1086 0.1423 0.1442 0.2683 0.1645 0.0729 0.0992 
        H524  1 0.1156 0.0603 0.1389 0.0808 0.1323 0.1741 0.2981 
        H525  1 0.2158 0.0862 0.1973 0.1002 0.2004 0.1122 0.0880 
        H526  1 0.0673 0.0751 0.0971 0.0502 0.0925 0.4690 0.1489 
        H527  1 0.1758 0.2414 0.1410 0.1426 0.1413 0.0986 0.0592 
        H528  1 0.1305 0.0701 0.1730 0.0788 0.1783 0.1798 0.1894 
        H529  1 0.1540 0.0398 0.2123 0.0732 0.2127 0.1669 0.1411 
        H533  1 0.3843 0.0481 0.1265 0.1338 0.1093 0.0575 0.1405 
        H538  1 0.1077 0.0969 0.1242 0.0744 0.1123 0.2933 0.1912 
        H539  1 0.2884 0.1123 0.1501 0.1986 0.1321 0.0541 0.0643 
        H540  1 0.1813 0.1187 0.1628 0.1224 0.1661 0.1142 0.1346 
        H541  1 0.1116 0.0724 0.1077 0.0884 0.1191 0.3095 0.1913 
        H558  1 0.3217 0.0685 0.1694 0.1732 0.1610 0.0410 0.0652 
        H559  1 0.1492 0.1964 0.1650 0.0919 0.1837 0.1654 0.0485 
        H579  1 0.3459 0.1110 0.1572 0.0941 0.1490 0.0937 0.0492 
        H584  1 0.1406 0.0714 0.2195 0.0863 0.2605 0.1084 0.1132 
        H585  1 0.1178 0.0607 0.2210 0.1619 0.2156 0.0936 0.1295 
        H605  1 0.1647 0.2510 0.1384 0.1201 0.1391 0.0949 0.0917 
        H606  1 0.0743 0.4405 0.0996 0.1150 0.0857 0.1272 0.0575 
        H632  1 0.1226 0.1093 0.2663 0.0682 0.2351 0.1135 0.0850 
        H634  1 0.2071 0.1072 0.1963 0.0938 0.1650 0.1388 0.0917 
        H671  1 0.0671 0.3606 0.0803 0.2077 0.1047 0.0957 0.0840 
        H672  1 0.0979 0.0829 0.0951 0.0821 0.0929 0.0813 0.4679 
        H673  1 0.1206 0.0778 0.2320 0.0733 0.2633 0.1866 0.0463 
        H689  1 0.0924 0.0667 0.2380 0.0601 0.2097 0.2157 0.1174 
        H690  1 0.2146 0.2982 0.0736 0.0783 0.0770 0.0786 0.1797 
        H691  1 0.1302 0.0967 0.1253 0.0598 0.1304 0.3161 0.1414 
        H692  1 0.1722 0.0293 0.2561 0.0833 0.2818 0.0823 0.0950 
        H709  1 0.2387 0.1419 0.1242 0.0793 0.1145 0.0523 0.2491 
        H710  1 0.2273 0.0592 0.2156 0.1227 0.1656 0.0970 0.1127 
       H7355  1 0.1519 0.1158 0.1175 0.0702 0.1043 0.2916 0.1486 
       H7356  1 0.2046 0.0996 0.1795 0.1086 0.1852 0.1136 0.1090 
       H7357  1 0.1398 0.1721 0.1070 0.1203 0.1099 0.2601 0.0907 
       H7358  1 0.0778 0.0688 0.1175 0.0492 0.0998 0.5266 0.0603 
       H7380  1 0.1731 0.1731 0.1800 0.0796 0.1815 0.1298 0.0829 
       H7381  1 0.1193 0.1555 0.2046 0.1361 0.2434 0.0678 0.0734 
       H7382  1 0.1544 0.1303 0.2269 0.0746 0.2125 0.0982 0.1031 
        H904  1 0.0631 0.4636 0.0732 0.1729 0.0805 0.0915 0.0552 
        H923  1 0.0893 0.1623 0.1548 0.1306 0.1397 0.1920 0.1312 
        H924  1 0.1071 0.1683 0.1624 0.0965 0.1490 0.2095 0.1071 
        H925  1 0.0487 0.0543 0.0898 0.0553 0.0953 0.5740 0.0826 
       H9558  1 0.3774 0.0623 0.1449 0.1497 0.1580 0.0386 0.0691 
        H008  2 0.1804 0.0649 0.1323 0.1739 0.1335 0.1808 0.1340 
        H021  2 0.1098 0.1257 0.1329 0.1857 0.1180 0.1751 0.1528 
        H023  2 0.1461 0.1520 0.1013 0.1431 0.1007 0.2785 0.0784 
        H024  2 0.0966 0.0377 0.1300 0.1641 0.1381 0.1115 0.3221 
        H025  2 0.0866 0.2926 0.1595 0.1432 0.1642 0.0997 0.0542 
        H026  2 0.0713 0.0328 0.2554 0.0681 0.2867 0.0748 0.2108 
        H027  2 0.0807 0.0618 0.1106 0.0895 0.1004 0.2256 0.3315 
        H028  2 0.1532 0.0627 0.1798 0.1564 0.2159 0.1213 0.1108 
        H029  2 0.0816 0.0410 0.1525 0.0971 0.1338 0.2843 0.2099 
        H030  2 0.1819 0.0424 0.1428 0.1820 0.1744 0.0629 0.2136 
        H038  2 0.1518 0.0977 0.0950 0.3287 0.0969 0.1568 0.0732 
        H039  2 0.0291 0.6501 0.0348 0.1731 0.0365 0.0366 0.0397 
        H040  2 0.1482 0.2391 0.0875 0.3053 0.0869 0.0587 0.0742 
        H041  2 0.0889 0.0575 0.0890 0.0891 0.0890 0.3395 0.2469 
        H042  2 0.1591 0.1248 0.1250 0.1216 0.1397 0.2506 0.0791 
        H043  2 0.1165 0.4024 0.0818 0.2511 0.0708 0.0341 0.0434 
        H044  2 0.2547 0.0516 0.1740 0.1980 0.1551 0.0681 0.0986 
        H047  2 0.2114 0.1648 0.1510 0.1368 0.1562 0.0682 0.1115 
        H050  2 0.1397 0.0646 0.1192 0.0869 0.1093 0.0548 0.4254 
        H058  2 0.1277 0.1298 0.1503 0.2967 0.1418 0.0674 0.0864 
        H062  2 0.0771 0.1205 0.0748 0.0805 0.0881 0.5107 0.0482 
        H063  2 0.1231 0.2403 0.1110 0.2020 0.0916 0.1069 0.1250 
        H065  2 0.0829 0.1051 0.2906 0.0819 0.2761 0.1197 0.0437 
        H066  2 0.1627 0.0658 0.1471 0.1979 0.1555 0.0799 0.1910 
        H067  2 0.1138 0.0797 0.1672 0.0925 0.1857 0.2476 0.1135 
        H068  2 0.1032 0.2260 0.1035 0.2460 0.0863 0.1284 0.1067 
        H069  2 0.1186 0.1226 0.1868 0.1319 0.1758 0.1590 0.1053 
        H071  2 0.1490 0.1628 0.1420 0.1317 0.1276 0.1000 0.1869 
        H072  2 0.0688 0.4311 0.0812 0.1608 0.0753 0.0969 0.0860 
        H073  2 0.1422 0.0654 0.1968 0.0785 0.2343 0.1650 0.1178 
        H081  2 0.0940 0.1239 0.0878 0.0905 0.1054 0.3461 0.1522 
        H082  2 0.2327 0.0552 0.1459 0.2061 0.1387 0.0722 0.1492 
        H083  2 0.2623 0.0510 0.1853 0.1504 0.2029 0.0514 0.0968 
        H084  2 0.1035 0.0912 0.1281 0.1863 0.1309 0.1401 0.2199 
        H085  2 0.0599 0.0782 0.0745 0.0482 0.0728 0.2583 0.4082 
        H087  2 0.1179 0.1062 0.0751 0.0847 0.0987 0.4108 0.1066 
        H088  2 0.1253 0.2385 0.1129 0.1518 0.1255 0.1391 0.1069 
        H089  2 0.0744 0.0655 0.1296 0.0681 0.1290 0.4335 0.0999 
        H090  2 0.1071 0.0372 0.0959 0.0500 0.0936 0.0602 0.5560 
        H091  2 0.0790 0.0381 0.0683 0.0357 0.0773 0.1073 0.5943 
        H098  2 0.1175 0.0595 0.1275 0.2073 0.1208 0.1960 0.1715 
      H10001  2 0.0343 0.6413 0.0377 0.1576 0.0445 0.0411 0.0435 
      H10002  2 0.1854 0.3315 0.1029 0.1033 0.1060 0.0946 0.0762 
        H101  2 0.1444 0.0359 0.1091 0.0892 0.1039 0.0410 0.4765 
        H108  2 0.0712 0.2889 0.1098 0.1079 0.0987 0.2827 0.0408 
        H109  2 0.1180 0.1276 0.1385 0.1801 0.1210 0.0929 0.2219 
        H110  2 0.1930 0.1196 0.1127 0.1174 0.1396 0.1771 0.1406 
        H116  2 0.1818 0.0690 0.2079 0.1561 0.2066 0.0708 0.1078 
        H117  2 0.0577 0.0351 0.0681 0.0825 0.0674 0.1513 0.5379 
        H118  2 0.0888 0.0460 0.1158 0.0448 0.1238 0.1127 0.4681 
        H119  2 0.0739 0.1126 0.1215 0.1594 0.1433 0.1475 0.2417 
        H120  2 0.0556 0.3628 0.0735 0.1149 0.0780 0.2612 0.0540 
        H121  2 0.0756 0.0398 0.0842 0.0368 0.0721 0.1760 0.5154 
        H125  2 0.0327 0.4547 0.0382 0.3385 0.0392 0.0472 0.0495 
        H126  2 0.1784 0.0985 0.2218 0.1067 0.2506 0.0816 0.0625 
        H128  2 0.0922 0.0207 0.1048 0.0328 0.0888 0.0420 0.6187 
        H129  2 0.1638 0.0473 0.2695 0.1086 0.2962 0.0532 0.0614 
        H130  2 0.1413 0.3525 0.1527 0.1441 0.1221 0.0397 0.0475 
        H133  2 0.0676 0.4812 0.0856 0.1866 0.0705 0.0396 0.0689 
        H134  2 0.0897 0.0412 0.3628 0.0568 0.3408 0.0524 0.0563 
        H135  2 0.1429 0.1749 0.1584 0.1017 0.1483 0.1607 0.1131 
        H137  2 0.1075 0.0641 0.0948 0.1757 0.1047 0.0912 0.3621 
        H138  2 0.2234 0.0893 0.2630 0.0733 0.2428 0.0468 0.0614 
        H140  2 0.0940 0.0959 0.1291 0.0819 0.1092 0.0818 0.4080 
        H146  2 0.0749 0.0512 0.0767 0.0526 0.0716 0.0523 0.6207 
        H147  2 0.1456 0.0726 0.1261 0.0909 0.1179 0.1375 0.3095 
        H148  2 0.1327 0.0979 0.0947 0.0809 0.0850 0.1775 0.3313 
     H166022  2 0.1963 0.0560 0.1485 0.1564 0.1706 0.1217 0.1504 
     H167359  2 0.1314 0.1221 0.1962 0.1196 0.1974 0.1004 0.1330 
     H167397  2 0.1680 0.0362 0.1531 0.1580 0.1355 0.1385 0.2108 
     H167428  2 0.0861 0.0337 0.1083 0.0387 0.1180 0.4796 0.1356 
     H167496  2 0.0602 0.3070 0.0743 0.1714 0.0715 0.1756 0.1400 
     H167513  2 0.1445 0.0748 0.0794 0.4519 0.0822 0.0531 0.1141 
     H167545  2 0.4965 0.0515 0.1185 0.0927 0.1153 0.0596 0.0660 
     H167547  2 0.1045 0.0389 0.1258 0.2595 0.1386 0.1289 0.2039 
     H169621  2 0.1449 0.0578 0.1226 0.0935 0.1532 0.0631 0.3649 
     H169622  2 0.1767 0.0952 0.2403 0.0681 0.2181 0.1089 0.0927 
     H169750  2 0.1613 0.1311 0.1597 0.2292 0.1687 0.0475 0.1025 
     H171806  2 0.1118 0.1177 0.1228 0.0871 0.1204 0.1230 0.3171 
     H171808  2 0.1002 0.1023 0.1395 0.0693 0.1232 0.3812 0.0843 
     H171809  2 0.1026 0.1628 0.1284 0.1003 0.1421 0.2880 0.0757 
     H171813  2 0.1998 0.1137 0.1575 0.1800 0.1597 0.0742 0.1150 
     H171815  2 0.0870 0.3674 0.0914 0.2516 0.0902 0.0594 0.0529 
     H171824  2 0.0895 0.1630 0.0909 0.1287 0.1040 0.2039 0.2200 
     H171825  2 0.1924 0.0732 0.1892 0.0694 0.2521 0.1466 0.0772 
     H171826  2 0.1086 0.1481 0.1500 0.1562 0.1424 0.1523 0.1424 
     H171827  2 0.2148 0.1234 0.1705 0.1563 0.1655 0.0502 0.1194 
     H171828  2 0.0606 0.3233 0.0674 0.1869 0.0625 0.1861 0.1133 
     H171829  2 0.1440 0.1275 0.2352 0.1298 0.2102 0.0430 0.1103 
     H171830  2 0.1886 0.1016 0.1005 0.2375 0.1062 0.1207 0.1449 
     H171831  2 0.1291 0.0481 0.2358 0.1156 0.2380 0.1356 0.0978 
     H171832  2 0.3111 0.0876 0.1913 0.1023 0.1758 0.0772 0.0547 
     H171863  2 0.1851 0.0319 0.2730 0.1058 0.2345 0.0855 0.0841 
     H171864  2 0.0991 0.1031 0.1047 0.1588 0.1092 0.1842 0.2409 
     H171865  2 0.0791 0.3195 0.0888 0.2104 0.0884 0.1497 0.0641 
     H171879  2 0.0916 0.0711 0.1327 0.1403 0.1282 0.1159 0.3202 
     H171880  2 0.1174 0.0419 0.0987 0.0959 0.0914 0.0907 0.4640 
     H171881  2 0.1292 0.0819 0.1750 0.1430 0.1732 0.1909 0.1070 
     H171882  2 0.0528 0.5856 0.0469 0.1626 0.0480 0.0625 0.0416 
     H171929  2 0.1125 0.0779 0.1443 0.1649 0.1381 0.1924 0.1699 
     H171930  2 0.3538 0.0344 0.1219 0.1017 0.1408 0.0475 0.1999 
     H171933  2 0.1295 0.0932 0.1678 0.1230 0.1391 0.0995 0.2479 
     H171934  2 0.1135 0.1137 0.1095 0.0817 0.1064 0.2943 0.1810 
     H171937  2 0.2464 0.0921 0.2402 0.0982 0.1890 0.0645 0.0696 
     H171962  2 0.1792 0.0657 0.1702 0.1116 0.1748 0.2172 0.0813 
        H190  2 0.1958 0.0673 0.1789 0.1408 0.1879 0.1095 0.1199 
        H191  2 0.0929 0.0670 0.1482 0.2275 0.1528 0.1918 0.1198 
        H396  2 0.0641 0.0504 0.0668 0.1010 0.0729 0.5479 0.0969 
        H397  2 0.2247 0.0879 0.1667 0.0942 0.1326 0.1010 0.1930 
        H398  2 0.0758 0.1091 0.1975 0.1172 0.2073 0.2304 0.0627 
        H400  2 0.0881 0.1230 0.1128 0.0694 0.1032 0.4105 0.0931 
        H401  2 0.0893 0.0262 0.0939 0.2531 0.0841 0.1408 0.3125 
        H402  2 0.1642 0.0582 0.1466 0.2285 0.1430 0.1022 0.1573 
        H427  2 0.0888 0.0654 0.0984 0.0935 0.1043 0.4617 0.0880 
        H428  2 0.0820 0.0335 0.1190 0.0410 0.1058 0.4922 0.1266 
        H497  2 0.1456 0.2144 0.1015 0.3058 0.0946 0.0579 0.0803 
        H512  2 0.1470 0.0949 0.1249 0.1978 0.1055 0.1094 0.2204 
        H513  2 0.1573 0.0720 0.0880 0.4364 0.0849 0.0532 0.1082 
        H514  2 0.2306 0.0992 0.2312 0.0891 0.2176 0.0459 0.0864 
        H519  2 0.1479 0.0665 0.0969 0.4019 0.0923 0.0670 0.1275 
        H532  2 0.0893 0.0538 0.1017 0.0724 0.1030 0.4515 0.1284 
        H543  2 0.2094 0.0627 0.1719 0.0860 0.1737 0.0797 0.2166 
        H544  2 0.1340 0.1046 0.2426 0.0957 0.2580 0.1255 0.0397 
        H545  2 0.5059 0.0475 0.1246 0.0786 0.1303 0.0546 0.0585 
        H546  2 0.1068 0.2583 0.1316 0.2122 0.1182 0.1216 0.0513 
        H547  2 0.1233 0.0400 0.0933 0.2616 0.1616 0.1266 0.1936 
        H548  2 0.1241 0.1057 0.1354 0.0945 0.1201 0.3241 0.0962 
        H549  2 0.1810 0.1380 0.1058 0.3544 0.0907 0.0600 0.0700 
        H620  2 0.0538 0.5372 0.0637 0.1662 0.0547 0.0853 0.0391 
        H623  2 0.3465 0.0693 0.1627 0.0917 0.2028 0.0482 0.0788 
        H624  2 0.1899 0.3107 0.1088 0.1606 0.1184 0.0656 0.0460 
        H625  2 0.1176 0.0504 0.1081 0.1057 0.1086 0.4306 0.0791 
        H626  2 0.1343 0.0997 0.1543 0.1821 0.1554 0.1541 0.1201 
        H654  2 0.0421 0.4893 0.0392 0.3224 0.0399 0.0438 0.0234 
        H655  2 0.2467 0.2525 0.1060 0.1021 0.1059 0.0463 0.1406 
        H656  2 0.0424 0.4835 0.0676 0.1289 0.0799 0.1648 0.0330 
        H666  2 0.0500 0.4637 0.0590 0.1642 0.0551 0.0312 0.1768 
        H667  2 0.2170 0.1224 0.1370 0.1364 0.1584 0.1459 0.0830 
        H677  2 0.1763 0.1367 0.1461 0.0759 0.1407 0.1841 0.1401 
        H693  2 0.0751 0.1653 0.0702 0.1149 0.0559 0.4662 0.0524 
        H694  2 0.2216 0.0839 0.2012 0.1249 0.1892 0.0734 0.1058 
        H701  2 0.2270 0.0725 0.1550 0.1341 0.1631 0.0777 0.1707 
        H702  2 0.2056 0.0966 0.1300 0.2161 0.1426 0.0684 0.1406 
        H731  2 0.1229 0.2069 0.1324 0.1033 0.1216 0.1122 0.2007 
       H7359  2 0.1304 0.1141 0.2126 0.1240 0.1683 0.1092 0.1415 
       H7389  2 0.0847 0.0493 0.1304 0.1231 0.1337 0.2745 0.2044 
       H7390  2 0.1041 0.2249 0.1037 0.3239 0.1015 0.0562 0.0857 
       H7391  2 0.0597 0.0540 0.0726 0.0884 0.0762 0.4537 0.1954 
       H7392  2 0.1199 0.1052 0.2153 0.1386 0.1862 0.1283 0.1066 
       H7393  2 0.1639 0.1690 0.1192 0.1864 0.1223 0.0935 0.1457 
       H7398  2 0.0791 0.0777 0.0849 0.0777 0.0765 0.2801 0.3241 
       H7399  2 0.1987 0.0771 0.1899 0.0893 0.2027 0.1016 0.1406 
       H7400  2 0.0408 0.6068 0.0432 0.1673 0.0440 0.0680 0.0299 
        H745  2 0.0835 0.0448 0.2751 0.1410 0.3051 0.0692 0.0813 
        H746  2 0.2790 0.0962 0.1839 0.1011 0.1788 0.0950 0.0660 
        H747  2 0.1050 0.2718 0.0707 0.1980 0.0831 0.0576 0.2138 
        H748  2 0.2072 0.1286 0.1506 0.1553 0.1558 0.0664 0.1361 
       H7484  2 0.0585 0.3963 0.0852 0.1682 0.0828 0.1109 0.0981 
       H7485  2 0.1515 0.0869 0.1517 0.2914 0.1414 0.1110 0.0661 
        H749  2 0.2057 0.0717 0.1671 0.1241 0.1703 0.2066 0.0545 
        H930  2 0.2913 0.0377 0.1305 0.1133 0.1313 0.0677 0.2282 
        H931  2 0.0771 0.0839 0.1559 0.1246 0.1586 0.2592 0.1406 
        H932  2 0.0743 0.0760 0.1374 0.1181 0.1514 0.1431 0.2996 
        H111  3 0.2822 0.0600 0.2037 0.1285 0.2043 0.0440 0.0773 
        H951  3 0.1323 0.0644 0.1761 0.2201 0.1440 0.1371 0.1261 
        H952  3 0.1191 0.0803 0.1798 0.0938 0.1638 0.0833 0.2800 
        H953  3 0.0467 0.0376 0.0773 0.0595 0.0663 0.4875 0.2251 
        H954  3 0.0992 0.3599 0.0960 0.2051 0.0918 0.0576 0.0904 
        H955  3 0.2997 0.0450 0.1601 0.1052 0.1862 0.0673 0.1365 
        H956  3 0.1317 0.0801 0.0713 0.1057 0.0716 0.0441 0.4955 
       H9563  3 0.0804 0.0919 0.1200 0.1312 0.1191 0.2235 0.2339 
        H002  4 0.2026 0.3009 0.1359 0.1134 0.1564 0.0561 0.0346 
        H003  4 0.2416 0.0887 0.2174 0.0805 0.1798 0.1159 0.0760 
        H009  4 0.2395 0.0618 0.1846 0.1433 0.2133 0.0775 0.0801 
        H010  4 0.1026 0.0899 0.1832 0.0938 0.1924 0.1288 0.2093 
        H011  4 0.0820 0.2230 0.0918 0.2189 0.0744 0.2544 0.0556 
        H012  4 0.1866 0.1208 0.1579 0.1229 0.1410 0.1328 0.1381 
        H013  4 0.1553 0.1392 0.1383 0.1181 0.1272 0.2401 0.0817 
        H014  4 0.1561 0.0785 0.2067 0.1854 0.1971 0.0718 0.1044 
        H045  4 0.0604 0.0735 0.0725 0.1333 0.0598 0.4399 0.1606 
        H046  4 0.2086 0.0726 0.2059 0.0577 0.2130 0.1629 0.0793 
        H051  4 0.1080 0.1665 0.1075 0.1387 0.1037 0.2735 0.1021 
        H052  4 0.0773 0.3401 0.1570 0.1241 0.1355 0.1013 0.0647 
        H053  4 0.1664 0.1305 0.1406 0.1449 0.1455 0.0720 0.2001 
        H056  4 0.1007 0.2742 0.1319 0.1834 0.1373 0.1082 0.0643 
        H076  4 0.0900 0.0609 0.2533 0.1135 0.2467 0.1115 0.1241 
        H151  4 0.0794 0.3164 0.1160 0.2643 0.1089 0.0418 0.0731 
        H152  4 0.1227 0.2745 0.1674 0.0894 0.1793 0.1068 0.0599 
     H171803  4 0.1667 0.1618 0.0875 0.3334 0.1026 0.0650 0.0830 
     H171804  4 0.1516 0.1701 0.1007 0.2148 0.1104 0.1269 0.1255 
     H171833  4 0.1965 0.0471 0.2837 0.0748 0.2880 0.0581 0.0518 
     H171855  4 0.0778 0.2363 0.1255 0.3447 0.1166 0.0471 0.0521 
     H171856  4 0.1317 0.1030 0.1079 0.2049 0.1038 0.0790 0.2698 
     H171857  4 0.0892 0.1706 0.1612 0.2070 0.1383 0.1132 0.1206 
     H171858  4 0.1327 0.1966 0.1786 0.0581 0.1753 0.1438 0.1149 
     H171859  4 0.1168 0.1447 0.1948 0.1076 0.1756 0.1253 0.1353 
     H171961  4 0.1099 0.1519 0.1114 0.1797 0.1296 0.2332 0.0843 
        H198  4 0.1984 0.0606 0.2672 0.0565 0.2264 0.1020 0.0889 
      H20001  4 0.3030 0.0570 0.1847 0.2027 0.1704 0.0392 0.0429 
        H403  4 0.1025 0.1007 0.1396 0.2646 0.1552 0.1103 0.1271 
        H404  4 0.1971 0.1154 0.1753 0.0621 0.1792 0.1690 0.1020 
        H405  4 0.1360 0.0806 0.1967 0.0772 0.1949 0.1552 0.1594 
        H406  4 0.1112 0.0563 0.1346 0.2395 0.1639 0.1152 0.1793 
        H407  4 0.0979 0.1005 0.1010 0.1420 0.1030 0.1604 0.2953 
        H410  4 0.0326 0.0263 0.0524 0.1502 0.0712 0.2416 0.4256 
        H411  4 0.2349 0.1047 0.1550 0.2331 0.1550 0.0406 0.0766 
        H468  4 0.2332 0.1113 0.1542 0.2452 0.1481 0.0347 0.0734 
        H476  4 0.2342 0.1707 0.1420 0.1609 0.1277 0.0425 0.1221 
        H477  4 0.3494 0.0564 0.1982 0.0669 0.2093 0.0593 0.0604 
        H478  4 0.2621 0.1067 0.1394 0.1666 0.1660 0.1092 0.0500 
        H479  4 0.1090 0.2133 0.1327 0.0985 0.1293 0.2188 0.0984 
        H480  4 0.3483 0.0699 0.1629 0.1115 0.1409 0.0362 0.1303 
        H498  4 0.1988 0.1113 0.1973 0.1073 0.2298 0.0610 0.0945 
        H499  4 0.1987 0.1279 0.1569 0.1086 0.1262 0.2116 0.0700 
        H500  4 0.1164 0.3103 0.0965 0.1904 0.0991 0.0929 0.0945 
        H515  4 0.2283 0.1797 0.1243 0.1447 0.1298 0.0775 0.1156 
        H516  4 0.1343 0.1063 0.1780 0.1034 0.1927 0.0436 0.2417 
        H517  4 0.1111 0.0930 0.1179 0.1530 0.1066 0.1454 0.2731 
        H518  4 0.1235 0.2539 0.1660 0.1318 0.1832 0.0638 0.0778 
        H520  4 0.1355 0.2412 0.1261 0.2406 0.1039 0.0477 0.1049 
        H521  4 0.0888 0.0573 0.1495 0.1796 0.1641 0.2435 0.1171 
        H522  4 0.2312 0.1013 0.1215 0.2373 0.1325 0.0670 0.1092 
        H523  4 0.2229 0.1355 0.1150 0.0949 0.0932 0.0437 0.2948 
        H536  4 0.0831 0.0775 0.1896 0.0614 0.2309 0.2611 0.0965 
        H645  4 0.0716 0.1099 0.0763 0.0797 0.0837 0.5081 0.0707 
        H646  4 0.1079 0.0443 0.1324 0.0497 0.1258 0.0587 0.4812 
        H647  4 0.1141 0.1625 0.1735 0.1312 0.1743 0.1137 0.1307 
        H657  4 0.1485 0.0524 0.1868 0.1490 0.1539 0.1150 0.1944 
        H658  4 0.1850 0.1102 0.1208 0.0829 0.1063 0.0646 0.3302 
        H659  4 0.0703 0.3073 0.0606 0.3944 0.0813 0.0421 0.0440 
        H660  4 0.1866 0.1601 0.1552 0.1507 0.1399 0.1188 0.0888 
        H661  4 0.1199 0.1690 0.1053 0.3488 0.1390 0.0644 0.0536 
        H668  4 0.2377 0.1474 0.1639 0.0871 0.1454 0.1363 0.0822 
        H669  4 0.1081 0.1406 0.1314 0.1279 0.1306 0.1313 0.2301 
        H670  4 0.1503 0.2419 0.0982 0.0599 0.0930 0.2978 0.0589 
        H678  4 0.1477 0.0814 0.1426 0.1971 0.1666 0.0958 0.1688 
        H679  4 0.1774 0.0570 0.1499 0.1255 0.1285 0.1336 0.2281 
        H680  4 0.0993 0.0649 0.1750 0.2854 0.1942 0.0801 0.1011 
        H681  4 0.1734 0.2368 0.1247 0.1126 0.1252 0.1578 0.0695 
        H682  4 0.2696 0.0625 0.1224 0.1262 0.1070 0.0862 0.2261 
        H683  4 0.0863 0.2337 0.1861 0.1650 0.1551 0.0597 0.1141 
        H718  4 0.0524 0.4183 0.0733 0.1765 0.0662 0.0813 0.1318 
        H719  4 0.1032 0.0626 0.0872 0.1582 0.0874 0.4155 0.0858 
        H720  4 0.1141 0.1763 0.1667 0.1997 0.1615 0.1396 0.0422 
        H721  4 0.1363 0.1433 0.2112 0.1560 0.1820 0.1084 0.0629 
        H722  4 0.0701 0.1788 0.2320 0.1676 0.2276 0.0514 0.0725 
        H723  4 0.0685 0.2300 0.0937 0.1801 0.0915 0.1861 0.1501 
        H724  4 0.0466 0.3394 0.0612 0.3002 0.0551 0.0932 0.1043 
        H725  4 0.0968 0.3329 0.0839 0.2732 0.0956 0.0514 0.0662 
        H726  4 0.1083 0.2487 0.1410 0.1349 0.1366 0.0920 0.1384 
        H727  4 0.0953 0.1609 0.1102 0.1585 0.1130 0.1952 0.1669 
        H910  4 0.1792 0.1890 0.0866 0.1488 0.0873 0.1230 0.1861 
        H911  4 0.0769 0.0489 0.1380 0.1627 0.1539 0.1471 0.2726 
        H912  4 0.1154 0.1238 0.1915 0.1917 0.1821 0.0919 0.1036 
        H913  4 0.1340 0.1273 0.1054 0.1289 0.1225 0.0665 0.3154 
        H914  4 0.1137 0.2447 0.0939 0.1170 0.0797 0.1851 0.1660 
        H915  4 0.1966 0.1037 0.1354 0.2110 0.1479 0.0928 0.1125 
        H916  4 0.3493 0.0850 0.1364 0.1183 0.1336 0.0516 0.1258 
       H9572  4 0.0856 0.0926 0.0931 0.4446 0.0887 0.0798 0.1156 
        H015  5 0.3019 0.0395 0.1548 0.1859 0.1513 0.0953 0.0714 
        H016  5 0.1164 0.0542 0.3185 0.0632 0.2994 0.0809 0.0674 
        H017  5 0.2890 0.1094 0.1275 0.2403 0.1144 0.0318 0.0875 
        H019  5 0.2148 0.1081 0.1873 0.1331 0.1942 0.1009 0.0616 
        H020  5 0.0782 0.1037 0.1010 0.0678 0.0903 0.3646 0.1945 
        H032  5 0.1825 0.1413 0.1579 0.1385 0.1808 0.0710 0.1280 
        H033  5 0.2482 0.0739 0.1591 0.0947 0.1488 0.1009 0.1745 
        H034  5 0.0988 0.2548 0.1291 0.1516 0.1173 0.1048 0.1436 
        H035  5 0.1346 0.0676 0.1647 0.1708 0.1467 0.0877 0.2278 
        H036  5 0.1586 0.0508 0.1237 0.1334 0.1516 0.1368 0.2451 
        H037  5 0.1795 0.1506 0.1240 0.1757 0.1159 0.1149 0.1393 
        H048  5 0.0556 0.1832 0.0845 0.2465 0.0710 0.2779 0.0813 
        H049  5 0.2988 0.0632 0.1785 0.1174 0.1707 0.0938 0.0776 
        H054  5 0.0710 0.0885 0.2244 0.0946 0.2149 0.1245 0.1821 
        H055  5 0.0938 0.1872 0.1927 0.1735 0.1915 0.0991 0.0621 
        H057  5 0.1131 0.1266 0.2676 0.0932 0.3114 0.0498 0.0383 
        H060  5 0.2655 0.4253 0.0851 0.0573 0.0819 0.0489 0.0360 
        H061  5 0.1307 0.1043 0.1668 0.0877 0.1649 0.2140 0.1316 
        H064  5 0.1010 0.1741 0.1448 0.1956 0.1712 0.1363 0.0769 
        H070  5 0.2075 0.2992 0.0717 0.0945 0.0819 0.0886 0.1567 
        H077  5 0.1033 0.4201 0.0897 0.1587 0.1009 0.0617 0.0656 
        H078  5 0.1004 0.2092 0.1330 0.2645 0.1421 0.0389 0.1119 
        H079  5 0.0957 0.0587 0.1014 0.0478 0.0985 0.2030 0.3949 
        H097  5 0.2361 0.1585 0.1872 0.1316 0.1854 0.0309 0.0703 
        H107  5 0.0725 0.2461 0.0851 0.2880 0.0771 0.1552 0.0760 
        H122  5 0.1831 0.1219 0.1664 0.1380 0.1631 0.0815 0.1459 
        H123  5 0.0939 0.0412 0.1740 0.1037 0.1897 0.1152 0.2824 
        H124  5 0.0735 0.0485 0.1571 0.0816 0.1814 0.1634 0.2944 
        H131  5 0.1083 0.0489 0.1312 0.0898 0.1197 0.1087 0.3935 
        H132  5 0.0883 0.1325 0.1512 0.1531 0.1276 0.2097 0.1376 
        H141  5 0.1704 0.2001 0.1151 0.1860 0.1348 0.1233 0.0702 
        H142  5 0.3282 0.0882 0.1834 0.0769 0.1585 0.0634 0.1014 
        H157  5 0.0956 0.1653 0.1200 0.2821 0.1196 0.1109 0.1065 
        H158  5 0.2853 0.0504 0.1829 0.0612 0.1658 0.0469 0.2075 
        H159  5 0.2250 0.0565 0.1583 0.1881 0.1547 0.1088 0.1086 
        H160  5 0.1782 0.1207 0.1592 0.1931 0.1482 0.0683 0.1322 
        H163  5 0.2628 0.0767 0.1574 0.1209 0.1506 0.0937 0.1378 
        H164  5 0.2421 0.0957 0.1505 0.2042 0.1445 0.0903 0.0728 
        H165  5 0.0856 0.0704 0.1398 0.0886 0.1456 0.2202 0.2498 
        H166  5 0.1793 0.0593 0.1282 0.0811 0.1395 0.2913 0.1213 
        H169  5 0.3359 0.1155 0.1487 0.0787 0.1519 0.0823 0.0871 
     H169613  5 0.2378 0.1750 0.1889 0.0734 0.1466 0.0652 0.1131 
     H169653  5 0.1991 0.0711 0.2070 0.0955 0.1788 0.1264 0.1222 
     H169728  5 0.2351 0.1482 0.1644 0.1289 0.1628 0.0740 0.0867 
     H169742  5 0.0660 0.1120 0.0737 0.0568 0.0826 0.5548 0.0541 
        H170  5 0.2232 0.0966 0.2367 0.1036 0.2252 0.0609 0.0538 
        H171  5 0.1492 0.0631 0.2477 0.1268 0.2603 0.0748 0.0782 
     H171851  5 0.2181 0.1169 0.1947 0.1336 0.1746 0.0882 0.0739 
     H171852  5 0.0676 0.3511 0.1401 0.1540 0.1439 0.0829 0.0604 
     H171853  5 0.0993 0.1211 0.1247 0.2645 0.1248 0.1103 0.1553 
     H171854  5 0.2392 0.1060 0.1877 0.1499 0.1700 0.0624 0.0848 
     H171938  5 0.1590 0.1411 0.1391 0.0962 0.1434 0.2033 0.1179 
     H171939  5 0.0783 0.0477 0.2255 0.0933 0.1933 0.2463 0.1156 
     H171941  5 0.0738 0.2339 0.0926 0.1701 0.1049 0.2457 0.0790 
     H171965  5 0.2898 0.1484 0.1941 0.0527 0.1923 0.0600 0.0627 
     H171970  5 0.0672 0.3262 0.0871 0.2448 0.0690 0.1453 0.0604 
     H171973  5 0.0911 0.0631 0.1506 0.0658 0.1293 0.3711 0.1290 
     H171974  5 0.1224 0.1089 0.1594 0.1343 0.1385 0.2060 0.1304 
     H171975  5 0.0994 0.1155 0.1275 0.1536 0.1318 0.2471 0.1251 
     H171976  5 0.3178 0.1256 0.1655 0.1216 0.1731 0.0584 0.0381 
        H175  5 0.0690 0.2118 0.1066 0.1453 0.1059 0.1973 0.1640 
        H178  5 0.1434 0.1426 0.1416 0.1010 0.1367 0.2478 0.0870 
        H189  5 0.1506 0.0598 0.2068 0.1006 0.1764 0.0593 0.2464 
        H399  5 0.0567 0.1187 0.2451 0.1503 0.2925 0.0485 0.0882 
        H416  5 0.1300 0.1263 0.1053 0.1124 0.1296 0.3191 0.0773 
        H438  5 0.1299 0.0788 0.1131 0.1468 0.1131 0.1588 0.2596 
        H450  5 0.2521 0.4548 0.0718 0.0736 0.0712 0.0427 0.0337 
        H455  5 0.0577 0.2471 0.0643 0.2242 0.0738 0.2577 0.0752 
        H456  5 0.1356 0.0997 0.1311 0.1096 0.1294 0.2923 0.1023 
        H457  5 0.0981 0.3063 0.1875 0.1327 0.1445 0.0876 0.0432 
        H458  5 0.1221 0.1359 0.1741 0.1757 0.1605 0.0838 0.1479 
        H459  5 0.1597 0.0422 0.2053 0.0596 0.1810 0.0910 0.2612 
        H460  5 0.3066 0.1470 0.1270 0.1621 0.0994 0.0606 0.0972 
        H461  5 0.2935 0.1122 0.2046 0.0921 0.1843 0.0530 0.0603 
        H462  5 0.1424 0.0633 0.1064 0.0746 0.1214 0.1607 0.3312 
        H469  5 0.1489 0.0620 0.1236 0.1671 0.1404 0.1418 0.2162 
        H470  5 0.1562 0.1026 0.1390 0.2812 0.1465 0.0709 0.1036 
        H471  5 0.1209 0.0601 0.2066 0.0660 0.1978 0.0390 0.3095 
        H481  5 0.0618 0.3995 0.0656 0.1595 0.0673 0.1363 0.1099 
        H482  5 0.1534 0.3707 0.1173 0.1255 0.1205 0.0504 0.0621 
        H501  5 0.1447 0.1198 0.1378 0.1698 0.1307 0.1704 0.1268 
        H502  5 0.2661 0.0710 0.2171 0.0623 0.1978 0.0626 0.1231 
        H503  5 0.1884 0.0583 0.1689 0.1616 0.1549 0.1123 0.1555 
        H509  5 0.0680 0.1708 0.0777 0.3067 0.0754 0.1258 0.1756 
        H510  5 0.2820 0.1245 0.1316 0.1500 0.1284 0.1417 0.0418 
        H511  5 0.2352 0.1188 0.1872 0.1132 0.1766 0.0806 0.0885 
        H530  5 0.0899 0.1441 0.1343 0.1508 0.1110 0.2235 0.1464 
        H531  5 0.0747 0.2679 0.1302 0.2367 0.1209 0.0933 0.0762 
        H564  5 0.1476 0.1754 0.1396 0.1627 0.1551 0.1710 0.0486 
        H565  5 0.1141 0.2936 0.0798 0.1380 0.0858 0.2454 0.0432 
        H567  5 0.0964 0.0322 0.1213 0.0562 0.1196 0.1130 0.4613 
     H568???  5 0.1765 0.0563 0.2834 0.0717 0.2385 0.0793 0.0942 
        H608  5 0.2595 0.4397 0.0643 0.0825 0.0641 0.0492 0.0407 
        H609  5 0.0752 0.0665 0.1167 0.0757 0.1133 0.4045 0.1481 
        H612  5 0.0885 0.3168 0.0552 0.1740 0.0659 0.2369 0.0627 
        H614  5 0.0884 0.3824 0.0899 0.2265 0.0922 0.0633 0.0572 
        H615  5 0.1288 0.3807 0.0954 0.1448 0.1070 0.0707 0.0726 
        H616  5 0.0676 0.4152 0.0673 0.1162 0.0641 0.1302 0.1394 
        H617  5 0.1922 0.0482 0.1337 0.1171 0.1475 0.1604 0.2008 
        H618  5 0.0872 0.1917 0.0960 0.2208 0.0906 0.2190 0.0948 
        H619  5 0.0783 0.1119 0.1012 0.0448 0.1333 0.4725 0.0581 
        H635  5 0.2166 0.1339 0.1655 0.1213 0.1591 0.0993 0.1042 
        H636  5 0.1759 0.1904 0.1170 0.0649 0.1237 0.2329 0.0952 
        H637  5 0.0732 0.2243 0.0881 0.0619 0.0957 0.4016 0.0552 
        H644  5 0.1067 0.0313 0.2402 0.0767 0.2794 0.0566 0.2091 
        H711  5 0.2326 0.0832 0.1981 0.1224 0.2524 0.0567 0.0546 
        H712  5 0.0736 0.1090 0.0985 0.0840 0.0876 0.3971 0.1502 
       H7360  5 0.1446 0.1338 0.2335 0.1249 0.2198 0.0784 0.0650 
       H7361  5 0.1561 0.2691 0.1214 0.1547 0.1322 0.0923 0.0743 
       H7362  5 0.1498 0.0263 0.2721 0.1149 0.2454 0.0739 0.1176 
       H7363  5 0.1451 0.1351 0.1584 0.1607 0.1400 0.1465 0.1142 
       H7394  5 0.3478 0.0731 0.1475 0.0840 0.1475 0.0623 0.1378 
       H7395  5 0.1757 0.1142 0.1920 0.1212 0.1599 0.1711 0.0660 
       H7396  5 0.2242 0.0961 0.1381 0.1127 0.1347 0.1154 0.1789 
        H742  5 0.0604 0.1072 0.0764 0.0526 0.0758 0.5690 0.0586 
        H743  5 0.0472 0.1463 0.1134 0.0800 0.1121 0.3508 0.1502 
        H744  5 0.0542 0.2423 0.0833 0.1612 0.0619 0.1601 0.2369 
        H957  5 0.3210 0.1031 0.1567 0.1483 0.1833 0.0443 0.0433 
        H958  5 0.2043 0.0898 0.1350 0.1030 0.1500 0.0747 0.2431 
        H959  5 0.0941 0.2768 0.1210 0.1451 0.0919 0.2159 0.0553 
        H960  5 0.1003 0.0814 0.1157 0.1086 0.1263 0.2521 0.2156 
      H_PALI  6 0.2013 0.1342 0.1896 0.1113 0.1819 0.0870 0.0948 
        H581  6 0.1384 0.1548 0.1295 0.2332 0.1205 0.1374 0.0862 
        H582  6 0.0844 0.2479 0.1060 0.3687 0.0879 0.0608 0.0443 
        H583  6 0.0855 0.1251 0.1797 0.1820 0.1764 0.1490 0.1023 
        H595  6 0.1798 0.0362 0.1583 0.1812 0.1838 0.1030 0.1577 
        H596  6 0.2208 0.0414 0.1373 0.1797 0.1404 0.0878 0.1925 
        H597  6 0.0994 0.0639 0.2442 0.0577 0.2291 0.1488 0.1570 
        H598  6 0.2000 0.1637 0.1128 0.1202 0.1166 0.0978 0.1890 
        H599  6 0.0862 0.1416 0.1167 0.0870 0.1005 0.3721 0.0960 
        H642  6 0.1218 0.0447 0.1770 0.2990 0.1726 0.0537 0.1312 
        H643  6 0.1093 0.0880 0.1330 0.1230 0.1128 0.1289 0.3050 
        H664  6 0.0876 0.2203 0.0931 0.3792 0.1131 0.0454 0.0613 
        H665  6 0.1713 0.1399 0.1229 0.1038 0.1109 0.2605 0.0907 
        H674  6 0.1400 0.0469 0.2160 0.1613 0.2139 0.0959 0.1260 
        H675  6 0.0950 0.1521 0.1523 0.1629 0.2064 0.1141 0.1171 
        H676  6 0.2419 0.1082 0.1069 0.2293 0.1365 0.0717 0.1056 
        H686  6 0.2752 0.1340 0.1571 0.1106 0.1612 0.0940 0.0679 
        H687  6 0.1835 0.0943 0.1920 0.1291 0.1969 0.0762 0.1281 
        H917  6 0.1679 0.0567 0.1177 0.1286 0.1170 0.2086 0.2035 
        H918  6 0.0919 0.0616 0.1290 0.0784 0.1273 0.4632 0.0486 
        H919  6 0.0707 0.2243 0.0768 0.1301 0.0819 0.2920 0.1242 
        H920  6 0.1568 0.2069 0.1478 0.1973 0.1510 0.0821 0.0581 
        H631  7 0.1460 0.1579 0.1413 0.1776 0.1371 0.1884 0.0516 
        H684  7 0.3389 0.0842 0.1997 0.1143 0.1740 0.0437 0.0451 
        H685  7 0.1149 0.1619 0.0652 0.2700 0.0647 0.0425 0.2808 
        H713  7 0.1206 0.2381 0.0773 0.3578 0.0979 0.0516 0.0566 
        H715  7 0.2430 0.1050 0.2231 0.1037 0.2019 0.0548 0.0685 
        H716  7 0.1506 0.1575 0.1090 0.0742 0.1073 0.3490 0.0524 
        H717  7 0.0900 0.1277 0.1479 0.1517 0.1446 0.2340 0.1040 
        H729  7 0.1229 0.0513 0.0948 0.0562 0.0933 0.1456 0.4358 
        H730  7 0.0649 0.0612 0.0714 0.0977 0.0698 0.2900 0.3450 
        H431  8 0.0882 0.1248 0.1072 0.1956 0.1117 0.1422 0.2303 
        H432  8 0.1918 0.0418 0.1783 0.0991 0.1290 0.2672 0.0927 
        H433  8 0.2539 0.0748 0.1273 0.1005 0.1348 0.0979 0.2109 
        H434  8 0.1470 0.0762 0.1138 0.0978 0.1595 0.0666 0.3392 
        H444  8 0.1370 0.0888 0.1236 0.1320 0.1405 0.3114 0.0666 
        H454  8 0.0844 0.2270 0.0927 0.2231 0.0889 0.2206 0.0633 
        H475  8 0.1671 0.4984 0.0618 0.1248 0.0645 0.0365 0.0469 
        H491  8 0.1675 0.2008 0.1420 0.1425 0.1397 0.1540 0.0534 
        H492  8 0.1622 0.2124 0.1143 0.1859 0.1101 0.1070 0.1082 
        H493  8 0.1614 0.0955 0.2229 0.1037 0.2171 0.0656 0.1338 
        H494  8 0.0980 0.1237 0.1059 0.1349 0.1258 0.2994 0.1122 
        H495  8 0.1655 0.2720 0.1150 0.2481 0.1009 0.0583 0.0402 
        H662  8 0.0748 0.0596 0.2124 0.2450 0.2041 0.1174 0.0867 
        H663  8 0.1477 0.1223 0.1371 0.1177 0.1494 0.1927 0.1330 
        H695  8 0.1130 0.1669 0.1255 0.0907 0.1423 0.1293 0.2324 
       H7367  8 0.0964 0.0399 0.0903 0.0592 0.0922 0.0721 0.5501 
       H7368  8 0.2014 0.0692 0.1883 0.1042 0.2369 0.0999 0.1000 
       H7369  8 0.1067 0.1001 0.1348 0.1115 0.1162 0.3031 0.1276 
       H7370  8 0.1725 0.0357 0.1212 0.1032 0.1198 0.0760 0.3715 
       H7371  8 0.1692 0.0672 0.1395 0.1424 0.1526 0.1728 0.1564 
        H600  9 0.2059 0.3362 0.0818 0.1221 0.1053 0.0685 0.0802 
        H648  9 0.1520 0.0683 0.1720 0.2848 0.1389 0.0777 0.1063 
        H696  9 0.1102 0.0351 0.2344 0.2271 0.1983 0.0621 0.1329 
        H697  9 0.0710 0.0647 0.1371 0.1338 0.1332 0.2385 0.2217 
        H698  9 0.0651 0.0472 0.0951 0.2188 0.1181 0.1945 0.2612 
        H699  9 0.1021 0.0787 0.1348 0.1364 0.1701 0.1216 0.2563 
        H700  9 0.2428 0.3705 0.0799 0.0903 0.0835 0.0684 0.0645 
        H732  9 0.0752 0.1904 0.1327 0.2985 0.1262 0.0995 0.0774 
        H733  9 0.1135 0.0499 0.1316 0.2199 0.1205 0.1715 0.1932 
        H734  9 0.2696 0.0502 0.1937 0.1261 0.1556 0.0871 0.1177 
        H735  9 0.1171 0.0489 0.1078 0.2817 0.1366 0.1048 0.2032 
        H736  9 0.1249 0.1548 0.1663 0.1443 0.1629 0.1656 0.0811 
        H737  9 0.0728 0.1132 0.0971 0.0846 0.0997 0.2085 0.3242 
        H905  9 0.1412 0.2989 0.1121 0.1023 0.1128 0.1293 0.1034 
        H921  9 0.1422 0.1429 0.1090 0.1655 0.1280 0.1866 0.1257 
        H922  9 0.1645 0.0393 0.1517 0.1757 0.1352 0.1574 0.1762 
     H169705 10 0.1146 0.0412 0.0650 0.0823 0.0588 0.0589 0.5791 
     H171942 10 0.1881 0.0319 0.1693 0.1027 0.1655 0.2592 0.0833 
     H171943 10 0.3536 0.0788 0.1024 0.1295 0.1320 0.0848 0.1189 
     H171944 10 0.1893 0.0986 0.1350 0.1792 0.1116 0.1013 0.1850 
     H171946 10 0.1053 0.1460 0.1500 0.3206 0.1481 0.0639 0.0660 
     H171947 10 0.1448 0.1002 0.1554 0.0992 0.1758 0.1663 0.1582 
     H229641 10 0.1442 0.1616 0.1582 0.1956 0.1396 0.0890 0.1118 
      H30001 10 0.1665 0.1201 0.1539 0.2108 0.1339 0.0987 0.1161 
      H30002 10 0.1311 0.1208 0.1371 0.0664 0.1255 0.1138 0.3054 
      H30005 10 0.0799 0.0651 0.1008 0.1606 0.1141 0.1405 0.3390 
      H30006 10 0.0892 0.0516 0.0778 0.0488 0.0613 0.0674 0.6039 
      H30007 10 0.1802 0.0418 0.2163 0.0480 0.2219 0.2367 0.0551 
        H451 10 0.2567 0.0636 0.1495 0.1749 0.1460 0.1039 0.1054 
        H452 10 0.0524 0.0627 0.0851 0.1769 0.0829 0.1503 0.3898 
        H453 10 0.0710 0.2866 0.1660 0.1622 0.1390 0.1138 0.0613 
