        H102  1 0.3494 0.2926 0.3580 
        H103  1 0.3153 0.4233 0.2614 
        H104  1 0.3524 0.2470 0.4006 
        H105  1 0.4161 0.2969 0.2870 
        H106  1 0.3446 0.3253 0.3301 
        H112  1 0.3574 0.2635 0.3791 
        H113  1 0.4092 0.2813 0.3095 
        H114  1 0.4273 0.2921 0.2806 
        H115  1 0.3947 0.2465 0.3589 
        H143  1 0.3848 0.3157 0.2995 
        H144  1 0.3693 0.3899 0.2408 
        H145  1 0.3223 0.4321 0.2456 
        H149  1 0.3310 0.2812 0.3878 
        H150  1 0.3384 0.3300 0.3316 
     H167542  1 0.4287 0.2843 0.2870 
     H169604  1 0.3876 0.3174 0.2951 
     H169607  1 0.3757 0.3688 0.2555 
     H169608  1 0.2857 0.2967 0.4176 
     H169633  1 0.4110 0.3332 0.2558 
     H169688  1 0.3040 0.3952 0.3008 
     H169714  1 0.2994 0.3135 0.3871 
     H171802  1 0.2854 0.3073 0.4073 
     H171805  1 0.3487 0.3522 0.2991 
     H171807  1 0.3375 0.3184 0.3442 
     H171814  1 0.3114 0.4329 0.2558 
     H171816  1 0.3170 0.2997 0.3833 
     H171817  1 0.3337 0.2884 0.3778 
     H171818  1 0.3625 0.3119 0.3256 
     H171819  1 0.3258 0.3166 0.3576 
     H171834  1 0.3784 0.3059 0.3156 
     H171835  1 0.2790 0.2812 0.4398 
     H171836  1 0.4002 0.3660 0.2339 
     H171837  1 0.3434 0.2919 0.3647 
     H171838  1 0.3354 0.3788 0.2858 
     H171839  1 0.3403 0.2940 0.3656 
     H171841  1 0.2497 0.3014 0.4489 
     H171860  1 0.3679 0.3024 0.3298 
     H171861  1 0.4377 0.3302 0.2321 
     H171862  1 0.3485 0.3280 0.3235 
     H171868  1 0.4456 0.2735 0.2808 
     H171869  1 0.2951 0.4022 0.3026 
     H171870  1 0.3033 0.3519 0.3449 
     H171871  1 0.3138 0.3817 0.3045 
     H171872  1 0.3554 0.2818 0.3629 
     H171873  1 0.2741 0.3693 0.3566 
     H171874  1 0.3423 0.3685 0.2893 
     H171875  1 0.3985 0.3642 0.2373 
     H171876  1 0.3787 0.3401 0.2812 
     H171877  1 0.4520 0.2598 0.2882 
     H171878  1 0.2659 0.3684 0.3657 
     H171901  1 0.2695 0.3062 0.4242 
     H171902  1 0.2994 0.3885 0.3122 
     H171903  1 0.3484 0.3197 0.3318 
     H171935  1 0.2755 0.3366 0.3879 
     H171936  1 0.3860 0.3280 0.2860 
     H171940  1 0.3538 0.3031 0.3431 
     H171945  1 0.3126 0.3622 0.3252 
     H171948  1 0.3748 0.2742 0.3509 
     H171949  1 0.3072 0.2850 0.4079 
     H171950  1 0.2420 0.2870 0.4711 
     H171963  1 0.3236 0.3956 0.2808 
     H171964  1 0.2870 0.4302 0.2828 
     H171966  1 0.3324 0.3463 0.3213 
     H171968  1 0.2997 0.3518 0.3485 
     H171971  1 0.3011 0.3550 0.3439 
     H171972  1 0.3287 0.3875 0.2838 
     H171977  1 0.3118 0.4202 0.2680 
     H171978  1 0.2901 0.3330 0.3770 
     H171979  1 0.3865 0.3671 0.2464 
        H176  1 0.3731 0.3314 0.2955 
        H177  1 0.3049 0.2644 0.4307 
        H179  1 0.3497 0.2582 0.3921 
        H181  1 0.3850 0.3656 0.2494 
        H182  1 0.3637 0.3854 0.2509 
        H183  1 0.3196 0.4060 0.2744 
        H184  1 0.3610 0.2842 0.3548 
        H185  1 0.3838 0.3576 0.2586 
        H186  1 0.3089 0.3365 0.3546 
        H187  1 0.3148 0.3277 0.3576 
        H188  1 0.3884 0.2685 0.3431 
        H192  1 0.3197 0.2907 0.3896 
        H193  1 0.3430 0.3963 0.2608 
        H194  1 0.3791 0.2956 0.3253 
        H195  1 0.2873 0.4514 0.2613 
        H199  1 0.3022 0.4230 0.2749 
        H200  1 0.3237 0.3160 0.3602 
        H414  1 0.3241 0.3640 0.3119 
        H415  1 0.3705 0.3323 0.2972 
        H422  1 0.2947 0.3705 0.3348 
        H423  1 0.2814 0.2695 0.4491 
        H424  1 0.3678 0.3720 0.2602 
        H425  1 0.2982 0.4198 0.2819 
        H426  1 0.2597 0.4405 0.2998 
        H443  1 0.3313 0.3962 0.2725 
        H466  1 0.3607 0.3131 0.3262 
        H467  1 0.2770 0.3061 0.4170 
        H472  1 0.3543 0.3356 0.3100 
        H483  1 0.4123 0.3420 0.2456 
        H504  1 0.3039 0.4325 0.2635 
        H505  1 0.3358 0.2972 0.3670 
        H506  1 0.3208 0.3527 0.3266 
        H507  1 0.3730 0.3868 0.2403 
        H508  1 0.3007 0.3420 0.3573 
        H524  1 0.3623 0.3654 0.2723 
        H525  1 0.3482 0.3501 0.3016 
        H526  1 0.4282 0.3045 0.2672 
        H527  1 0.3076 0.2947 0.3977 
        H528  1 0.3676 0.3729 0.2595 
        H529  1 0.3819 0.3675 0.2506 
        H533  1 0.3766 0.3659 0.2575 
        H538  1 0.3644 0.2978 0.3378 
        H539  1 0.3059 0.3720 0.3221 
        H540  1 0.3544 0.3126 0.3329 
        H541  1 0.3720 0.3053 0.3227 
        H558  1 0.2763 0.4216 0.3021 
        H559  1 0.3516 0.3311 0.3173 
        H579  1 0.3482 0.3714 0.2804 
        H584  1 0.3195 0.3954 0.2852 
        H585  1 0.3588 0.3472 0.2940 
        H605  1 0.3519 0.3267 0.3214 
        H606  1 0.3005 0.2877 0.4118 
        H632  1 0.3019 0.4254 0.2728 
        H634  1 0.3398 0.3529 0.3073 
        H671  1 0.2847 0.2945 0.4207 
        H672  1 0.3167 0.3536 0.3297 
        H673  1 0.3885 0.3438 0.2678 
        H689  1 0.3548 0.3688 0.2764 
        H690  1 0.3640 0.2620 0.3740 
        H691  1 0.3741 0.3052 0.3207 
        H692  1 0.4206 0.3800 0.1994 
        H709  1 0.3591 0.3429 0.2980 
        H710  1 0.3841 0.3894 0.2265 
       H7355  1 0.4303 0.3062 0.2636 
       H7356  1 0.3265 0.3650 0.3085 
       H7357  1 0.3704 0.2910 0.3386 
       H7358  1 0.3720 0.3665 0.2615 
       H7380  1 0.3772 0.3280 0.2947 
       H7381  1 0.2848 0.3260 0.3891 
       H7382  1 0.3538 0.3466 0.2995 
        H904  1 0.2766 0.2334 0.4900 
        H923  1 0.3215 0.3485 0.3300 
        H924  1 0.3273 0.3091 0.3636 
        H925  1 0.3763 0.3289 0.2948 
       H9558  1 0.2674 0.4451 0.2874 
        H008  2 0.4468 0.3146 0.2386 
        H021  2 0.3213 0.2941 0.3847 
        H023  2 0.3328 0.2878 0.3794 
        H024  2 0.3262 0.4299 0.2439 
        H025  2 0.2928 0.3290 0.3782 
        H026  2 0.3025 0.4311 0.2664 
        H027  2 0.3813 0.3145 0.3042 
        H028  2 0.3544 0.3640 0.2817 
        H029  2 0.3321 0.3701 0.2978 
        H030  2 0.3156 0.4181 0.2663 
        H038  2 0.2820 0.3177 0.4004 
        H039  2 0.2312 0.2394 0.5294 
        H040  2 0.2751 0.3266 0.3984 
        H041  2 0.4292 0.2818 0.2889 
        H042  2 0.3548 0.3038 0.3414 
        H043  2 0.2444 0.3173 0.4383 
        H044  2 0.3323 0.3829 0.2848 
        H047  2 0.2714 0.3454 0.3832 
        H050  2 0.3087 0.3993 0.2920 
        H058  2 0.2902 0.3217 0.3881 
        H062  2 0.3287 0.3084 0.3629 
        H063  2 0.3263 0.2674 0.4063 
        H065  2 0.3067 0.3677 0.3256 
        H066  2 0.2822 0.3778 0.3400 
        H067  2 0.4028 0.3090 0.2882 
        H068  2 0.2651 0.3179 0.4170 
        H069  2 0.2812 0.3812 0.3375 
        H071  2 0.3241 0.2908 0.3851 
        H072  2 0.3096 0.2526 0.4378 
        H073  2 0.3581 0.3500 0.2919 
        H081  2 0.4461 0.2434 0.3104 
        H082  2 0.3870 0.3779 0.2350 
        H083  2 0.3384 0.4050 0.2566 
        H084  2 0.3120 0.3177 0.3703 
        H085  2 0.4305 0.2802 0.2893 
        H087  2 0.4598 0.2620 0.2783 
        H088  2 0.3548 0.2550 0.3902 
        H089  2 0.3930 0.3189 0.2881 
        H090  2 0.3439 0.3987 0.2573 
        H091  2 0.3770 0.3644 0.2586 
        H098  2 0.3948 0.3231 0.2821 
      H10001  2 0.2264 0.2430 0.5306 
      H10002  2 0.3536 0.2596 0.3868 
        H101  2 0.2921 0.4010 0.3069 
        H108  2 0.3879 0.2640 0.3481 
        H109  2 0.3006 0.3234 0.3761 
        H110  2 0.4584 0.2789 0.2628 
        H116  2 0.3138 0.3856 0.3006 
        H117  2 0.4382 0.2889 0.2729 
        H118  2 0.3616 0.4204 0.2179 
        H119  2 0.3280 0.2856 0.3864 
        H120  2 0.3305 0.2349 0.4346 
        H121  2 0.3571 0.3809 0.2620 
        H125  2 0.2321 0.2268 0.5411 
        H126  2 0.3174 0.3898 0.2927 
        H128  2 0.2890 0.5219 0.1891 
        H129  2 0.3386 0.4283 0.2330 
        H130  2 0.2374 0.3642 0.3984 
        H133  2 0.2473 0.2850 0.4677 
        H134  2 0.2594 0.4885 0.2520 
        H135  2 0.3882 0.2790 0.3328 
        H137  2 0.3594 0.3333 0.3073 
        H138  2 0.2979 0.4206 0.2815 
        H140  2 0.3387 0.3516 0.3096 
        H146  2 0.3270 0.3889 0.2841 
        H147  2 0.4109 0.3021 0.2869 
        H148  2 0.4269 0.2774 0.2957 
     H166022  2 0.3974 0.3330 0.2696 
     H167359  2 0.3291 0.3418 0.3291 
     H167397  2 0.3963 0.3899 0.2138 
     H167428  2 0.4284 0.3694 0.2021 
     H167496  2 0.3485 0.2380 0.4136 
     H167513  2 0.3291 0.3382 0.3327 
     H167545  2 0.3097 0.4205 0.2698 
     H167547  2 0.2684 0.4722 0.2594 
     H169621  2 0.3597 0.3686 0.2718 
     H169622  2 0.3573 0.3602 0.2825 
     H169750  2 0.2617 0.3483 0.3900 
     H171806  2 0.2829 0.3560 0.3610 
     H171808  2 0.3302 0.3586 0.3111 
     H171809  2 0.3890 0.2959 0.3151 
     H171813  2 0.2983 0.3857 0.3159 
     H171815  2 0.2440 0.2987 0.4573 
     H171824  2 0.3411 0.2449 0.4140 
     H171825  2 0.3461 0.3371 0.3168 
     H171826  2 0.3569 0.2826 0.3605 
     H171827  2 0.3294 0.3151 0.3555 
     H171828  2 0.3027 0.2271 0.4701 
     H171829  2 0.2625 0.3841 0.3535 
     H171830  2 0.3568 0.3076 0.3356 
     H171831  2 0.3372 0.4125 0.2503 
     H171832  2 0.3360 0.3602 0.3038 
     H171863  2 0.2944 0.4573 0.2483 
     H171864  2 0.3962 0.3022 0.3016 
     H171865  2 0.2676 0.2937 0.4387 
     H171879  2 0.3057 0.3673 0.3270 
     H171880  2 0.3548 0.3314 0.3139 
     H171881  2 0.4045 0.3166 0.2789 
     H171882  2 0.2889 0.2589 0.4521 
     H171929  2 0.4053 0.3127 0.2820 
     H171930  2 0.3023 0.4344 0.2633 
     H171933  2 0.3548 0.3403 0.3049 
     H171934  2 0.3949 0.3021 0.3030 
     H171937  2 0.2999 0.4056 0.2944 
     H171962  2 0.3935 0.3308 0.2757 
        H190  2 0.3980 0.3387 0.2633 
        H191  2 0.3463 0.3367 0.3170 
        H396  2 0.3767 0.3110 0.3122 
        H397  2 0.3469 0.3544 0.2987 
        H398  2 0.3017 0.3523 0.3460 
        H400  2 0.3624 0.3122 0.3255 
        H401  2 0.3421 0.4369 0.2210 
        H402  2 0.4008 0.3251 0.2741 
        H427  2 0.3917 0.3053 0.3030 
        H428  2 0.4306 0.3667 0.2028 
        H497  2 0.3078 0.3212 0.3709 
        H512  2 0.3457 0.3230 0.3313 
        H513  2 0.3253 0.3476 0.3271 
        H514  2 0.2987 0.3783 0.3230 
        H519  2 0.3368 0.3273 0.3358 
        H532  2 0.3909 0.3358 0.2733 
        H543  2 0.3929 0.3188 0.2884 
        H544  2 0.2754 0.4085 0.3161 
        H545  2 0.2981 0.4421 0.2597 
        H546  2 0.2977 0.3274 0.3749 
        H547  2 0.2705 0.4681 0.2613 
        H548  2 0.3937 0.3059 0.3004 
        H549  2 0.2877 0.4072 0.3051 
        H620  2 0.2935 0.2444 0.4621 
        H623  2 0.3576 0.3782 0.2641 
        H624  2 0.2101 0.3864 0.4035 
        H625  2 0.3972 0.3188 0.2840 
        H626  2 0.3231 0.3258 0.3511 
        H654  2 0.2275 0.2603 0.5123 
        H655  2 0.2871 0.3106 0.4022 
        H656  2 0.3174 0.2715 0.4111 
        H666  2 0.2390 0.2968 0.4642 
        H667  2 0.3621 0.3290 0.3088 
        H677  2 0.3493 0.3483 0.3024 
        H693  2 0.3848 0.2512 0.3640 
        H694  2 0.3521 0.3870 0.2609 
        H701  2 0.3708 0.3372 0.2920 
        H702  2 0.3354 0.2962 0.3683 
        H731  2 0.3297 0.2947 0.3756 
       H7359  2 0.3365 0.3283 0.3352 
       H7389  2 0.3152 0.3618 0.3230 
       H7390  2 0.2511 0.2886 0.4603 
       H7391  2 0.4684 0.2569 0.2746 
       H7392  2 0.2959 0.3624 0.3417 
       H7393  2 0.3066 0.3075 0.3859 
       H7398  2 0.4250 0.2764 0.2986 
       H7399  2 0.3625 0.3780 0.2595 
       H7400  2 0.2496 0.2690 0.4813 
        H745  2 0.3207 0.4268 0.2525 
        H746  2 0.3461 0.3838 0.2702 
        H747  2 0.2801 0.3084 0.4115 
        H748  2 0.3114 0.3346 0.3540 
       H7484  2 0.3098 0.2830 0.4072 
       H7485  2 0.3394 0.3704 0.2902 
        H749  2 0.3265 0.3829 0.2906 
        H930  2 0.3159 0.4070 0.2772 
        H931  2 0.3847 0.3084 0.3068 
        H932  2 0.3069 0.3323 0.3608 
        H111  3 0.3156 0.3995 0.2849 
        H951  3 0.3513 0.3729 0.2758 
        H952  3 0.2717 0.3946 0.3337 
        H953  3 0.3820 0.3452 0.2728 
        H954  3 0.2859 0.2658 0.4483 
        H955  3 0.3313 0.3742 0.2945 
        H956  3 0.3117 0.3193 0.3690 
       H9563  3 0.3760 0.2747 0.3493 
        H002  4 0.2707 0.3272 0.4021 
        H003  4 0.3796 0.3440 0.2764 
        H009  4 0.2995 0.4082 0.2924 
        H010  4 0.3625 0.3272 0.3103 
        H011  4 0.3415 0.2548 0.4038 
        H012  4 0.4351 0.2961 0.2688 
        H013  4 0.3866 0.2696 0.3437 
        H014  4 0.3420 0.3438 0.3141 
        H045  4 0.3964 0.2745 0.3292 
        H046  4 0.3565 0.3721 0.2714 
        H051  4 0.3841 0.2562 0.3597 
        H052  4 0.2678 0.3746 0.3575 
        H053  4 0.2972 0.3134 0.3894 
        H056  4 0.2828 0.3187 0.3986 
        H076  4 0.3673 0.3725 0.2602 
        H151  4 0.2336 0.2763 0.4901 
        H152  4 0.2472 0.3476 0.4052 
     H171803  4 0.2931 0.2951 0.4118 
     H171804  4 0.3332 0.2890 0.3778 
     H171833  4 0.2935 0.4231 0.2834 
     H171855  4 0.2445 0.3091 0.4464 
     H171856  4 0.2974 0.3473 0.3553 
     H171857  4 0.2767 0.3134 0.4099 
     H171858  4 0.3119 0.3661 0.3220 
     H171859  4 0.3105 0.3365 0.3530 
     H171961  4 0.3513 0.2855 0.3632 
        H198  4 0.3795 0.3659 0.2546 
      H20001  4 0.2882 0.4294 0.2825 
        H403  4 0.2891 0.3590 0.3519 
        H404  4 0.4014 0.3249 0.2738 
        H405  4 0.3906 0.3346 0.2747 
        H406  4 0.2428 0.4468 0.3104 
        H407  4 0.3068 0.3154 0.3777 
        H410  4 0.3592 0.3787 0.2621 
        H411  4 0.2976 0.4152 0.2872 
        H468  4 0.2541 0.4044 0.3415 
        H476  4 0.2789 0.3444 0.3767 
        H477  4 0.2438 0.4633 0.2929 
        H478  4 0.3888 0.3301 0.2811 
        H479  4 0.3616 0.3082 0.3302 
        H480  4 0.3005 0.4213 0.2782 
        H498  4 0.3516 0.3392 0.3092 
        H499  4 0.3272 0.3375 0.3353 
        H500  4 0.3079 0.2491 0.4430 
        H515  4 0.3102 0.2926 0.3973 
        H516  4 0.2970 0.3568 0.3462 
        H517  4 0.3142 0.3494 0.3364 
        H518  4 0.2727 0.3676 0.3597 
        H520  4 0.2705 0.3096 0.4199 
        H521  4 0.4095 0.3072 0.2833 
        H522  4 0.3055 0.3245 0.3701 
        H523  4 0.3030 0.3304 0.3666 
        H536  4 0.3725 0.3175 0.3101 
        H645  4 0.4007 0.2647 0.3346 
        H646  4 0.3184 0.4052 0.2764 
        H647  4 0.2860 0.3779 0.3361 
        H657  4 0.3355 0.3766 0.2880 
        H658  4 0.3051 0.3151 0.3797 
        H659  4 0.2357 0.2505 0.5138 
        H660  4 0.3285 0.3108 0.3607 
        H661  4 0.2799 0.3208 0.3992 
        H668  4 0.4132 0.3073 0.2795 
        H669  4 0.3822 0.2958 0.3219 
        H670  4 0.4098 0.2657 0.3245 
        H678  4 0.3217 0.3233 0.3551 
        H679  4 0.3724 0.3524 0.2751 
        H680  4 0.3105 0.3654 0.3241 
        H681  4 0.3476 0.2887 0.3637 
        H682  4 0.3839 0.3009 0.3152 
        H683  4 0.2613 0.3632 0.3755 
        H718  4 0.2995 0.3003 0.4002 
        H719  4 0.4165 0.2672 0.3163 
        H720  4 0.3280 0.3627 0.3092 
        H721  4 0.2924 0.3686 0.3390 
        H722  4 0.2565 0.3739 0.3696 
        H723  4 0.3497 0.2581 0.3922 
        H724  4 0.2534 0.2616 0.4850 
        H725  4 0.2715 0.2834 0.4450 
        H726  4 0.3051 0.2910 0.4039 
        H727  4 0.3529 0.2702 0.3769 
        H910  4 0.3557 0.2770 0.3673 
        H911  4 0.3400 0.3690 0.2910 
        H912  4 0.2886 0.3469 0.3644 
        H913  4 0.2649 0.3100 0.4250 
        H914  4 0.3209 0.2555 0.4235 
        H915  4 0.2998 0.3320 0.3682 
        H916  4 0.2723 0.3805 0.3472 
       H9572  4 0.3506 0.3207 0.3288 
        H015  5 0.3529 0.3752 0.2719 
        H016  5 0.3040 0.4206 0.2754 
        H017  5 0.2548 0.4014 0.3438 
        H019  5 0.3519 0.3500 0.2981 
        H020  5 0.3022 0.3487 0.3491 
        H032  5 0.2833 0.3450 0.3717 
        H033  5 0.4063 0.3036 0.2901 
        H034  5 0.3559 0.2581 0.3860 
        H035  5 0.3048 0.3455 0.3497 
        H036  5 0.3515 0.3508 0.2977 
        H037  5 0.2902 0.2921 0.4177 
        H048  5 0.3399 0.2618 0.3984 
        H049  5 0.2979 0.3788 0.3233 
        H054  5 0.3533 0.3111 0.3357 
        H055  5 0.3306 0.3186 0.3507 
        H057  5 0.2763 0.3939 0.3297 
        H060  5 0.2818 0.3484 0.3698 
        H061  5 0.3603 0.3487 0.2910 
        H064  5 0.3425 0.3124 0.3451 
        H070  5 0.3683 0.2687 0.3630 
        H077  5 0.2959 0.2938 0.4104 
        H078  5 0.2560 0.3301 0.4139 
        H079  5 0.4034 0.3262 0.2704 
        H097  5 0.2343 0.3939 0.3718 
        H107  5 0.3051 0.2298 0.4651 
        H122  5 0.2881 0.3892 0.3227 
        H123  5 0.3148 0.3895 0.2957 
        H124  5 0.3494 0.3544 0.2963 
        H131  5 0.3527 0.3638 0.2835 
        H132  5 0.3489 0.3072 0.3439 
        H141  5 0.3073 0.3154 0.3772 
        H142  5 0.3696 0.3681 0.2624 
        H157  5 0.3180 0.2718 0.4102 
        H158  5 0.2642 0.4449 0.2909 
        H159  5 0.3701 0.3701 0.2598 
        H160  5 0.2933 0.3686 0.3381 
        H163  5 0.3471 0.3558 0.2972 
        H164  5 0.3730 0.3279 0.2991 
        H165  5 0.4182 0.3261 0.2557 
        H166  5 0.3549 0.3649 0.2802 
        H169  5 0.3399 0.3205 0.3396 
     H169613  5 0.3078 0.3551 0.3371 
     H169653  5 0.3803 0.3438 0.2759 
     H169728  5 0.3392 0.3554 0.3055 
     H169742  5 0.3680 0.2924 0.3396 
        H170  5 0.2717 0.4271 0.3013 
        H171  5 0.3055 0.3978 0.2967 
     H171851  5 0.3166 0.3548 0.3287 
     H171852  5 0.2732 0.3326 0.3942 
     H171853  5 0.3605 0.2754 0.3642 
     H171854  5 0.3206 0.3408 0.3386 
     H171938  5 0.4153 0.2645 0.3202 
     H171939  5 0.3069 0.4142 0.2789 
     H171941  5 0.3327 0.2663 0.4010 
     H171965  5 0.3476 0.3729 0.2796 
     H171970  5 0.3092 0.2591 0.4317 
     H171973  5 0.4015 0.3150 0.2835 
     H171974  5 0.3733 0.2916 0.3350 
     H171975  5 0.3835 0.2906 0.3260 
     H171976  5 0.2471 0.4158 0.3371 
        H175  5 0.3378 0.2747 0.3876 
        H178  5 0.3532 0.3117 0.3351 
        H189  5 0.3332 0.4136 0.2532 
        H399  5 0.2551 0.4227 0.3222 
        H416  5 0.3257 0.3145 0.3598 
        H438  5 0.4033 0.2764 0.3204 
        H450  5 0.2872 0.2979 0.4149 
        H455  5 0.3604 0.2497 0.3899 
        H456  5 0.3570 0.3026 0.3404 
        H457  5 0.2774 0.3380 0.3846 
        H458  5 0.3226 0.3009 0.3766 
        H459  5 0.3566 0.3581 0.2853 
        H460  5 0.3181 0.3277 0.3542 
        H461  5 0.2686 0.4002 0.3312 
        H462  5 0.3945 0.3310 0.2745 
        H469  5 0.3910 0.3454 0.2636 
        H470  5 0.3494 0.3010 0.3496 
        H471  5 0.2737 0.4467 0.2796 
        H481  5 0.2577 0.2665 0.4758 
        H482  5 0.2965 0.3099 0.3936 
        H501  5 0.3557 0.2997 0.3447 
        H502  5 0.3411 0.3963 0.2626 
        H503  5 0.3387 0.3750 0.2863 
        H509  5 0.3376 0.2739 0.3885 
        H510  5 0.3801 0.3327 0.2872 
        H511  5 0.3271 0.3817 0.2912 
        H530  5 0.3628 0.2747 0.3624 
        H531  5 0.2532 0.3198 0.4270 
        H564  5 0.3234 0.3177 0.3589 
        H565  5 0.2628 0.3012 0.4360 
        H567  5 0.3369 0.4093 0.2538 
     H568???  5 0.2967 0.4175 0.2859 
        H608  5 0.2901 0.2893 0.4207 
        H609  5 0.4268 0.2812 0.2920 
        H612  5 0.3061 0.2401 0.4538 
        H614  5 0.2497 0.2988 0.4514 
        H615  5 0.2548 0.3329 0.4122 
        H616  5 0.2998 0.2288 0.4714 
        H617  5 0.3939 0.3369 0.2692 
        H618  5 0.3282 0.2679 0.4039 
        H619  5 0.4111 0.3171 0.2717 
        H635  5 0.3656 0.3131 0.3213 
        H636  5 0.4246 0.2888 0.2866 
        H637  5 0.3471 0.3148 0.3381 
        H644  5 0.3131 0.4770 0.2099 
        H711  5 0.2707 0.4178 0.3116 
        H712  5 0.3715 0.2681 0.3604 
       H7360  5 0.3077 0.3598 0.3325 
       H7361  5 0.3093 0.2991 0.3917 
       H7362  5 0.3205 0.4476 0.2320 
       H7363  5 0.2879 0.3506 0.3615 
       H7394  5 0.3393 0.3688 0.2919 
       H7395  5 0.3654 0.3111 0.3235 
       H7396  5 0.3238 0.3264 0.3499 
        H742  5 0.3742 0.2864 0.3394 
        H743  5 0.3004 0.3547 0.3449 
        H744  5 0.2887 0.2649 0.4464 
        H957  5 0.2855 0.3739 0.3406 
        H958  5 0.3220 0.3574 0.3206 
        H959  5 0.3474 0.2460 0.4066 
        H960  5 0.3501 0.3310 0.3190 
      H_PALI  6 0.3618 0.3228 0.3154 
        H581  6 0.2797 0.3312 0.3891 
        H582  6 0.2795 0.3037 0.4168 
        H583  6 0.2957 0.3417 0.3626 
        H595  6 0.3302 0.3968 0.2729 
        H596  6 0.3490 0.3919 0.2591 
        H597  6 0.3325 0.4162 0.2512 
        H598  6 0.3630 0.2948 0.3422 
        H599  6 0.3337 0.2856 0.3807 
        H642  6 0.3002 0.4063 0.2935 
        H643  6 0.3399 0.3144 0.3456 
        H664  6 0.2279 0.3286 0.4435 
        H665  6 0.4171 0.2710 0.3118 
        H674  6 0.3055 0.4638 0.2307 
        H675  6 0.2692 0.3522 0.3786 
        H676  6 0.3286 0.3859 0.2855 
        H686  6 0.3281 0.3563 0.3157 
        H687  6 0.3099 0.3398 0.3503 
        H917  6 0.4363 0.3153 0.2484 
        H918  6 0.4159 0.3092 0.2748 
        H919  6 0.3328 0.2411 0.4262 
        H920  6 0.3275 0.2956 0.3769 
        H631  7 0.3190 0.3089 0.3721 
        H684  7 0.3168 0.4222 0.2610 
        H685  7 0.2302 0.3013 0.4686 
        H713  7 0.2938 0.2689 0.4372 
        H715  7 0.3128 0.4006 0.2866 
        H716  7 0.3682 0.3042 0.3276 
        H717  7 0.3623 0.3159 0.3217 
        H729  7 0.4406 0.3137 0.2458 
        H730  7 0.3966 0.2805 0.3229 
        H431  8 0.2953 0.2916 0.4131 
        H432  8 0.3628 0.4041 0.2331 
        H433  8 0.4076 0.2966 0.2958 
        H434  8 0.3649 0.3344 0.3008 
        H444  8 0.4461 0.2905 0.2633 
        H454  8 0.3448 0.2492 0.4060 
        H475  8 0.2815 0.2677 0.4507 
        H491  8 0.3445 0.3041 0.3514 
        H492  8 0.3140 0.2857 0.4003 
        H493  8 0.3079 0.3522 0.3399 
        H494  8 0.3460 0.3209 0.3331 
        H495  8 0.2202 0.3494 0.4304 
        H662  8 0.3011 0.3866 0.3123 
        H663  8 0.3593 0.3187 0.3220 
        H695  8 0.3546 0.2970 0.3484 
       H7367  8 0.3824 0.3540 0.2636 
       H7368  8 0.3465 0.3592 0.2942 
       H7369  8 0.4108 0.2852 0.3041 
       H7370  8 0.3373 0.3890 0.2736 
       H7371  8 0.3704 0.3062 0.3234 
        H600  9 0.3144 0.3007 0.3849 
        H648  9 0.3254 0.3603 0.3143 
        H696  9 0.2919 0.4770 0.2312 
        H697  9 0.3664 0.3257 0.3078 
        H698  9 0.3258 0.3752 0.2990 
        H699  9 0.3581 0.3264 0.3155 
        H700  9 0.3168 0.2812 0.4020 
        H732  9 0.2674 0.3025 0.4301 
        H733  9 0.3908 0.3403 0.2689 
        H734  9 0.3163 0.4055 0.2782 
        H735  9 0.3402 0.3650 0.2948 
        H736  9 0.3033 0.3419 0.3548 
        H737  9 0.2949 0.3289 0.3762 
        H905  9 0.3575 0.2721 0.3704 
        H921  9 0.3753 0.2639 0.3608 
        H922  9 0.4108 0.3459 0.2433 
     H169705 10 0.3339 0.3376 0.3285 
     H171942 10 0.3880 0.3889 0.2231 
     H171943 10 0.2865 0.3841 0.3294 
     H171944 10 0.3313 0.3059 0.3629 
     H171946 10 0.2297 0.3485 0.4218 
     H171947 10 0.3537 0.3480 0.2983 
     H229641 10 0.3347 0.3234 0.3419 
      H30001 10 0.3720 0.2817 0.3463 
      H30002 10 0.3441 0.3212 0.3347 
      H30005 10 0.3538 0.3311 0.3151 
      H30006 10 0.3093 0.4067 0.2840 
      H30007 10 0.2554 0.4919 0.2527 
        H451 10 0.4306 0.3286 0.2407 
        H452 10 0.2920 0.3807 0.3273 
        H453 10 0.2642 0.3085 0.4273 
        H473 10 0.3287 0.3329 0.3384 
        H474 10 0.2236 0.3007 0.4757 
        H486 10 0.3397 0.2977 0.3626 
        H487 10 0.3132 0.3132 0.3736 
        H488 10 0.4347 0.2588 0.3064 
        H489 10 0.2857 0.2642 0.4501 
        H550 10 0.2656 0.4179 0.3165 
        H551 10 0.3775 0.2755 0.3470 
        H553 10 0.2643 0.3178 0.4180 
        H554 10 0.3765 0.3394 0.2841 
        H556 10 0.2789 0.3676 0.3535 
        H580 10 0.3661 0.3425 0.2915 
        H591 10 0.2876 0.2548 0.4576 
        H592 10 0.3012 0.2976 0.4012 
        H593 10 0.3616 0.3331 0.3053 
        H594 10 0.3519 0.4115 0.2366 
        H627 10 0.2819 0.3695 0.3486 
        H628 10 0.4648 0.3173 0.2178 
        H629 10 0.2869 0.3685 0.3446 
        H630 10 0.2791 0.3582 0.3627 
        H638 10 0.3397 0.3326 0.3277 
        H639 10 0.2713 0.3248 0.4039 
        H640 10 0.3270 0.3742 0.2988 
        H704 10 0.3295 0.4092 0.2614 
        H705 10 0.3451 0.3271 0.3279 
        H706 10 0.3828 0.2464 0.3708 
        H708 10 0.2561 0.2732 0.4708 
       H7351 10 0.3250 0.3525 0.3225 
       H7352 10 0.3176 0.3223 0.3600 
       H7353 10 0.3008 0.4315 0.2677 
       H7354 10 0.3234 0.3077 0.3689 
       H7365 10 0.2921 0.2670 0.4409 
       H7383 10 0.3679 0.2639 0.3683 
       H7384 10 0.3356 0.3000 0.3644 
       H7385 10 0.3251 0.2787 0.3962 
       H7386 10 0.3934 0.3060 0.3005 
       H7387 10 0.3471 0.3241 0.3288 
       H7388 10 0.3315 0.3354 0.3331 
        H906 10 0.3278 0.3238 0.3483 
        H907 10 0.3302 0.3841 0.2857 
        H908 10 0.3808 0.2977 0.3214 
        H909 10 0.3773 0.3006 0.3221 
       H9552 10 0.3124 0.3555 0.3321 
       H9553 10 0.2929 0.3307 0.3764 
       H9555 10 0.3813 0.3111 0.3076 
       H9575 10 0.2602 0.3089 0.4309 
       H9703 10 0.2531 0.2894 0.4574 
       H9707 10 0.2954 0.2930 0.4116 
       HSAA4 10 0.3730 0.3375 0.2895 
        H001 11 0.3342 0.3125 0.3533 
        H004 11 0.3340 0.3508 0.3152 
        H005 11 0.3217 0.2475 0.4308 
        H006 11 0.3548 0.2997 0.3456 
        H007 11 0.3830 0.2473 0.3697 
        H031 11 0.2901 0.2374 0.4725 
        H074 11 0.2771 0.2987 0.4241 
        H075 11 0.3161 0.2615 0.4224 
        H080 11 0.3187 0.2757 0.4056 
        H086 11 0.3193 0.3373 0.3434 
        H092 11 0.3142 0.2994 0.3864 
        H093 11 0.3611 0.4007 0.2382 
        H094 11 0.3012 0.3612 0.3376 
        H095 11 0.2851 0.3120 0.4029 
        H096 11 0.3830 0.2690 0.3480 
        H099 11 0.3279 0.2906 0.3815 
        H100 11 0.3441 0.3961 0.2598 
        H127 11 0.3309 0.3097 0.3594 
        H136 11 0.2617 0.2782 0.4601 
        H153 11 0.3539 0.3361 0.3100 
        H154 11 0.2587 0.2864 0.4549 
        H155 11 0.4684 0.3008 0.2308 
        H156 11 0.4257 0.3534 0.2208 
        H161 11 0.3259 0.3731 0.3010 
        H162 11 0.3398 0.3860 0.2742 
        H167 11 0.3773 0.3244 0.2982 
        H168 11 0.3497 0.3276 0.3227 
     H169586 11 0.2212 0.3900 0.3889 
     H169738 11 0.4256 0.3149 0.2595 
     H169741 11 0.2653 0.2924 0.4423 
     H171801 11 0.3642 0.3699 0.2659 
     H171810 11 0.2730 0.3145 0.4126 
     H171811 11 0.2402 0.3261 0.4336 
     H171812 11 0.3839 0.2877 0.3285 
     H171820 11 0.2817 0.2953 0.4230 
     H171821 11 0.3648 0.3380 0.2971 
     H171822 11 0.3446 0.3321 0.3234 
     H171823 11 0.2545 0.3469 0.3985 
     H171866 11 0.3343 0.3918 0.2740 
     H171867 11 0.4517 0.2794 0.2690 
     H171967 11 0.3478 0.2520 0.4001 
     H171969 11 0.3505 0.3227 0.3268 
        H172 11 0.3546 0.3212 0.3242 
        H173 11 0.4090 0.2687 0.3223 
        H174 11 0.3226 0.4064 0.2709 
        H196 11 0.3730 0.3479 0.2791 
        H197 11 0.4083 0.2978 0.2939 
        H346 11 0.3898 0.2762 0.3340 
        H355 11 0.3337 0.3227 0.3436 
        H356 11 0.3104 0.3286 0.3610 
        H357 11 0.3431 0.2730 0.3838 
        H358 11 0.3798 0.2822 0.3380 
        H359 11 0.3057 0.3357 0.3585 
        H360 11 0.3599 0.2927 0.3474 
        H361 11 0.3616 0.3332 0.3052 
        H362 11 0.3926 0.3675 0.2399 
        H363 11 0.2917 0.2659 0.4424 
        H364 11 0.2806 0.3567 0.3627 
        H365 11 0.3661 0.3547 0.2792 
        H366 11 0.3852 0.3387 0.2761 
        H367 11 0.2796 0.2851 0.4353 
        H368 11 0.2767 0.4116 0.3118 
        H369 11 0.3105 0.2425 0.4469 
        H370 11 0.3502 0.3479 0.3018 
        H371 11 0.3333 0.3262 0.3405 
        H372 11 0.3349 0.3371 0.3280 
        H373 11 0.3467 0.3214 0.3319 
        H374 11 0.3412 0.2911 0.3677 
        H375 11 0.3954 0.2692 0.3354 
        H376 11 0.3516 0.3608 0.2877 
        H377 11 0.3357 0.2901 0.3742 
        H378 11 0.3072 0.3170 0.3757 
        H379 11 0.3220 0.3366 0.3414 
        H380 11 0.4384 0.3017 0.2599 
        H381 11 0.2646 0.3142 0.4212 
        H382 11 0.3988 0.3728 0.2284 
        H383 11 0.3697 0.3733 0.2569 
        H384 11 0.2578 0.3161 0.4262 
        H385 11 0.2983 0.3021 0.3996 
        H386 11 0.4215 0.2765 0.3019 
        H387 11 0.2385 0.4205 0.3410 
        H388 11 0.3784 0.3822 0.2394 
        H389 11 0.4162 0.2660 0.3178 
        H390 11 0.3695 0.3310 0.2996 
        H391 11 0.2731 0.4055 0.3215 
        H392 11 0.3200 0.2733 0.4067 
        H393 11 0.3699 0.3968 0.2333 
        H394 11 0.3001 0.4408 0.2591 
        H395 11 0.2998 0.2809 0.4192 
        H408 11 0.3723 0.2875 0.3402 
        H412 11 0.1934 0.3336 0.4730 
        H417 11 0.3066 0.3007 0.3927 
        H418 11 0.2644 0.3750 0.3606 
        H429 11 0.3928 0.3073 0.2999 
        H430 11 0.4206 0.3175 0.2619 
        H439 11 0.3522 0.2941 0.3537 
        H440 11 0.2722 0.2816 0.4461 
        H441 11 0.3755 0.3364 0.2881 
        H442 11 0.3547 0.3511 0.2943 
        H446 11 0.3203 0.3450 0.3347 
        H447 11 0.3950 0.3184 0.2866 
        H448 11 0.4210 0.2886 0.2904 
        H534 11 0.2519 0.2877 0.4604 
        H537 11 0.2840 0.2965 0.4195 
        H568 11 0.2663 0.2594 0.4743 
        H569 11 0.4340 0.3435 0.2225 
        H586 11 0.2124 0.3990 0.3887 
        H587 11 0.2637 0.2563 0.4799 
        H588 11 0.2962 0.4439 0.2598 
        H589 11 0.2616 0.2741 0.4643 
        H590 11 0.3079 0.2998 0.3923 
        H601 11 0.3865 0.3586 0.2548 
        H602 11 0.3170 0.3010 0.3820 
        H603 11 0.4481 0.2843 0.2676 
        H610 11 0.3382 0.3076 0.3543 
        H611 11 0.2658 0.3248 0.4094 
        H649 11 0.3564 0.3287 0.3149 
        H650 11 0.2774 0.4166 0.3060 
        H651 11 0.4043 0.2833 0.3123 
        H652 11 0.2854 0.3581 0.3565 
       H7364 11 0.3613 0.3391 0.2997 
       H7366 11 0.3725 0.2963 0.3311 
       H7378 11 0.2811 0.5148 0.2041 
       H7379 11 0.3301 0.3350 0.3349 
        H739 11 0.2762 0.3030 0.4208 
        H740 11 0.3069 0.3835 0.3096 
        H741 11 0.2659 0.2938 0.4403 
        H926 11 0.3405 0.3687 0.2908 
        H927 11 0.3523 0.3432 0.3045 
        H928 11 0.2954 0.3367 0.3680 
       H9560 11 0.2798 0.3734 0.3469 
        H409 12 0.4513 0.3017 0.2469 
        H413 12 0.3060 0.4534 0.2406 
        H419 12 0.3976 0.2997 0.3026 
        H420 12 0.3491 0.2953 0.3556 
        H421 12 0.3596 0.3906 0.2498 
        H435 12 0.3602 0.3758 0.2641 
        H436 12 0.3836 0.2793 0.3371 
        H437 12 0.2792 0.3032 0.4175 
        H445 12 0.4254 0.3080 0.2666 
        H449 12 0.3088 0.3869 0.3043 
        H463 12 0.3202 0.3103 0.3695 
        H464 12 0.3348 0.4169 0.2482 
        H465 12 0.2529 0.4251 0.3220 
        H490 12 0.3350 0.3871 0.2779 
        H561 12 0.3303 0.3335 0.3361 
        H562 12 0.4227 0.2633 0.3140 
        H563 12 0.3813 0.2693 0.3494 
        H570 12 0.3634 0.2544 0.3823 
        H571 12 0.2884 0.3807 0.3310 
        H572 12 0.3647 0.3044 0.3309 
        H573 12 0.4144 0.3215 0.2642 
       H7372 12 0.4031 0.3596 0.2373 
       H7373 12 0.2585 0.4582 0.2833 
       H7374 12 0.3466 0.3002 0.3532 
       H7375 12 0.3413 0.2863 0.3724 
       H7376 12 0.4988 0.2776 0.2236 
       H7377 12 0.2898 0.2855 0.4247 
