        H102  1 0.2117 0.2593 0.2155 0.3135 
        H103  1 0.3248 0.1769 0.2920 0.2063 
        H104  1 0.2409 0.2983 0.2045 0.2564 
        H105  1 0.2380 0.2175 0.2195 0.3250 
        H106  1 0.2861 0.2301 0.2387 0.2451 
        H112  1 0.2402 0.3106 0.2063 0.2429 
        H113  1 0.2726 0.2396 0.2172 0.2706 
        H114  1 0.2950 0.2028 0.2106 0.2916 
        H115  1 0.2380 0.2827 0.1936 0.2857 
        H143  1 0.2141 0.2309 0.2373 0.3177 
        H144  1 0.2126 0.1705 0.3094 0.3075 
        H145  1 0.2546 0.1876 0.3110 0.2468 
        H149  1 0.2209 0.2827 0.2132 0.2833 
        H150  1 0.2369 0.2653 0.2515 0.2463 
     H167542  1 0.2356 0.1954 0.2039 0.3650 
     H169604  1 0.2453 0.2229 0.2304 0.3014 
     H169607  1 0.2435 0.1774 0.2875 0.2916 
     H169608  1 0.2011 0.3586 0.2192 0.2212 
     H169633  1 0.2813 0.1751 0.2355 0.3080 
     H169688  1 0.2630 0.2028 0.3264 0.2078 
     H169714  1 0.2363 0.3083 0.2231 0.2324 
     H171802  1 0.2531 0.3286 0.2306 0.1877 
     H171805  1 0.2929 0.2018 0.2661 0.2392 
     H171807  1 0.2033 0.2718 0.2536 0.2713 
     H171814  1 0.2681 0.1831 0.3361 0.2127 
     H171816  1 0.2291 0.3027 0.2374 0.2308 
     H171817  1 0.2565 0.2655 0.2176 0.2604 
     H171818  1 0.2996 0.2250 0.2218 0.2535 
     H171819  1 0.2617 0.2853 0.2214 0.2316 
     H171834  1 0.2211 0.2362 0.2245 0.3182 
     H171835  1 0.2100 0.3728 0.2085 0.2087 
     H171836  1 0.3456 0.1485 0.2477 0.2582 
     H171837  1 0.2303 0.2761 0.2179 0.2757 
     H171838  1 0.2960 0.2173 0.2623 0.2244 
     H171839  1 0.2495 0.2810 0.2093 0.2602 
     H171841  1 0.1842 0.3920 0.2400 0.1837 
     H171860  1 0.2312 0.2470 0.2193 0.3024 
     H171861  1 0.3296 0.1487 0.2426 0.2791 
     H171862  1 0.2399 0.2454 0.2479 0.2668 
     H171868  1 0.2321 0.2158 0.2016 0.3504 
     H171869  1 0.2511 0.2209 0.3097 0.2183 
     H171870  1 0.2703 0.2356 0.2854 0.2087 
     H171871  1 0.3281 0.2077 0.2714 0.1928 
     H171872  1 0.2489 0.2774 0.2100 0.2637 
     H171873  1 0.2278 0.2456 0.3063 0.2204 
     H171874  1 0.2031 0.2166 0.2680 0.3123 
     H171875  1 0.2538 0.1777 0.2515 0.3171 
     H171876  1 0.2367 0.2009 0.2305 0.3319 
     H171877  1 0.2464 0.1947 0.1930 0.3659 
     H171878  1 0.2186 0.2841 0.2871 0.2102 
     H171901  1 0.2873 0.2978 0.2306 0.1844 
     H171902  1 0.2088 0.2274 0.3151 0.2487 
     H171903  1 0.2566 0.2479 0.2217 0.2739 
     H171935  1 0.2512 0.2936 0.2604 0.1949 
     H171936  1 0.2801 0.1908 0.2314 0.2977 
     H171940  1 0.1874 0.2586 0.2329 0.3210 
     H171945  1 0.2299 0.2512 0.2909 0.2281 
     H171948  1 0.2388 0.2924 0.2014 0.2674 
     H171949  1 0.1984 0.3196 0.2278 0.2542 
     H171950  1 0.2272 0.3478 0.2218 0.2032 
     H171963  1 0.2946 0.1976 0.2845 0.2234 
     H171964  1 0.1704 0.2219 0.3584 0.2493 
     H171966  1 0.2605 0.2480 0.2403 0.2513 
     H171968  1 0.1968 0.2483 0.2789 0.2759 
     H171971  1 0.2859 0.2432 0.2531 0.2178 
     H171972  1 0.2464 0.2062 0.2918 0.2556 
     H171977  1 0.2405 0.2001 0.3132 0.2461 
     H171978  1 0.2252 0.2954 0.2597 0.2197 
     H171979  1 0.3030 0.1663 0.2627 0.2681 
        H176  1 0.2263 0.2309 0.2455 0.2972 
        H177  1 0.2416 0.3291 0.2065 0.2228 
        H179  1 0.2196 0.3088 0.1926 0.2790 
        H181  1 0.2743 0.1810 0.2733 0.2714 
        H182  1 0.3028 0.1757 0.2541 0.2674 
        H183  1 0.2441 0.1971 0.3186 0.2402 
        H184  1 0.2462 0.2868 0.2092 0.2577 
        H185  1 0.2737 0.1961 0.2655 0.2648 
        H186  1 0.1750 0.2873 0.2781 0.2595 
        H187  1 0.3150 0.2379 0.2405 0.2066 
        H188  1 0.2036 0.2674 0.1918 0.3372 
        H192  1 0.2227 0.3111 0.2236 0.2426 
        H193  1 0.2879 0.1832 0.2798 0.2491 
        H194  1 0.2392 0.2468 0.2151 0.2988 
        H195  1 0.2225 0.2019 0.3441 0.2315 
        H199  1 0.2337 0.2082 0.3310 0.2271 
        H200  1 0.2302 0.2893 0.2348 0.2458 
        H414  1 0.3135 0.2184 0.2531 0.2151 
        H415  1 0.2835 0.2099 0.2448 0.2619 
        H422  1 0.2099 0.2526 0.2993 0.2382 
        H423  1 0.1915 0.3923 0.2081 0.2080 
        H424  1 0.2879 0.1831 0.2954 0.2336 
        H425  1 0.2284 0.1948 0.3393 0.2374 
        H426  1 0.2333 0.2201 0.3487 0.1980 
        H443  1 0.1761 0.2014 0.3197 0.3027 
        H466  1 0.2460 0.2376 0.2438 0.2727 
        H467  1 0.1928 0.3510 0.2299 0.2263 
        H472  1 0.2434 0.2196 0.2677 0.2693 
        H483  1 0.2195 0.1716 0.2507 0.3582 
        H504  1 0.2475 0.1964 0.3317 0.2245 
        H505  1 0.2436 0.2614 0.2308 0.2642 
        H506  1 0.2296 0.2562 0.2789 0.2354 
        H507  1 0.3281 0.1466 0.2632 0.2621 
        H508  1 0.2852 0.2537 0.2569 0.2042 
        H524  1 0.3144 0.1711 0.2636 0.2509 
        H525  1 0.2251 0.2167 0.2725 0.2857 
        H526  1 0.2253 0.2061 0.2409 0.3277 
        H527  1 0.2388 0.2888 0.2325 0.2399 
        H528  1 0.2513 0.1967 0.2825 0.2695 
        H529  1 0.2999 0.1619 0.2753 0.2629 
        H533  1 0.4287 0.1462 0.2162 0.2089 
        H538  1 0.2181 0.2505 0.2267 0.3047 
        H539  1 0.3002 0.2129 0.2757 0.2112 
        H540  1 0.2698 0.2422 0.2295 0.2584 
        H541  1 0.2486 0.2205 0.2216 0.3093 
        H558  1 0.2607 0.2303 0.3050 0.2039 
        H559  1 0.1943 0.2454 0.2552 0.3051 
        H579  1 0.2368 0.2157 0.2890 0.2585 
        H584  1 0.2323 0.2247 0.3024 0.2406 
        H585  1 0.2829 0.2094 0.2568 0.2508 
        H605  1 0.2621 0.2154 0.2533 0.2692 
        H606  1 0.1903 0.3203 0.2186 0.2708 
        H632  1 0.2075 0.2076 0.3277 0.2573 
        H634  1 0.2436 0.2159 0.2727 0.2678 
        H671  1 0.2166 0.3325 0.2261 0.2247 
        H672  1 0.2839 0.2230 0.2597 0.2335 
        H673  1 0.1870 0.2006 0.2602 0.3522 
        H689  1 0.2031 0.2088 0.2734 0.3147 
        H690  1 0.2698 0.2758 0.2016 0.2528 
        H691  1 0.2138 0.2362 0.2121 0.3379 
        H692  1 0.2936 0.1406 0.2665 0.2992 
        H709  1 0.2989 0.2207 0.2443 0.2361 
        H710  1 0.2561 0.1729 0.3012 0.2698 
       H7355  1 0.2717 0.1907 0.2107 0.3270 
       H7356  1 0.2333 0.2392 0.2724 0.2550 
       H7357  1 0.2855 0.2283 0.2319 0.2543 
       H7358  1 0.2420 0.1821 0.2724 0.3035 
       H7380  1 0.2282 0.2176 0.2531 0.3010 
       H7381  1 0.2157 0.3024 0.2532 0.2288 
       H7382  1 0.2294 0.2221 0.2516 0.2969 
        H904  1 0.1671 0.4151 0.1743 0.2436 
        H923  1 0.2270 0.2646 0.2748 0.2335 
        H924  1 0.2083 0.2852 0.2377 0.2688 
        H925  1 0.2383 0.1959 0.2570 0.3088 
       H9558  1 0.2551 0.2203 0.3254 0.1992 
        H008  2 0.2973 0.1730 0.2262 0.3034 
        H021  2 0.2190 0.2831 0.2225 0.2754 
        H023  2 0.2377 0.2653 0.2114 0.2856 
        H024  2 0.2960 0.1773 0.3123 0.2144 
        H025  2 0.1955 0.3258 0.2542 0.2244 
        H026  2 0.2329 0.1982 0.3281 0.2407 
        H027  2 0.2712 0.2025 0.2387 0.2876 
        H028  2 0.2446 0.1882 0.2903 0.2769 
        H029  2 0.2748 0.2028 0.2802 0.2422 
        H030  2 0.2810 0.1905 0.3206 0.2079 
        H038  2 0.2312 0.2870 0.2552 0.2266 
        H039  2 0.1650 0.4800 0.1823 0.1728 
        H040  2 0.3144 0.2707 0.2397 0.1753 
        H041  2 0.2446 0.2280 0.2069 0.3206 
        H042  2 0.2489 0.2551 0.2302 0.2659 
        H043  2 0.2267 0.3519 0.2474 0.1740 
        H044  2 0.3318 0.2055 0.2616 0.2010 
        H047  2 0.2044 0.3224 0.2557 0.2176 
        H050  2 0.3219 0.1991 0.2877 0.1912 
        H058  2 0.3013 0.2746 0.2367 0.1875 
        H062  2 0.1919 0.2661 0.2401 0.3018 
        H063  2 0.2441 0.3301 0.1972 0.2286 
        H065  2 0.1947 0.2475 0.3168 0.2409 
        H066  2 0.3087 0.2279 0.2673 0.1961 
        H067  2 0.2223 0.1948 0.2357 0.3473 
        H068  2 0.2475 0.3301 0.2238 0.1986 
        H069  2 0.2828 0.2311 0.2925 0.1937 
        H071  2 0.2248 0.3005 0.2237 0.2509 
        H072  2 0.2125 0.3694 0.1953 0.2228 
        H073  2 0.2416 0.2004 0.2845 0.2735 
        H081  2 0.2373 0.2396 0.1923 0.3308 
        H082  2 0.3250 0.1608 0.2680 0.2462 
        H083  2 0.2552 0.1903 0.2942 0.2603 
        H084  2 0.3145 0.2635 0.2319 0.1902 
        H085  2 0.2278 0.2255 0.2051 0.3415 
        H087  2 0.1999 0.2109 0.1911 0.3981 
        H088  2 0.2324 0.3094 0.1985 0.2597 
        H089  2 0.2589 0.1855 0.2415 0.3142 
        H090  2 0.2616 0.1992 0.2899 0.2493 
        H091  2 0.2895 0.1842 0.2556 0.2706 
        H098  2 0.3304 0.2045 0.2340 0.2311 
      H10001  2 0.1693 0.4688 0.1896 0.1723 
      H10002  2 0.2336 0.2849 0.2022 0.2793 
        H101  2 0.3563 0.2055 0.2630 0.1751 
        H108  2 0.1813 0.2739 0.2114 0.3334 
        H109  2 0.3114 0.2760 0.2273 0.1852 
        H110  2 0.2577 0.1919 0.2202 0.3303 
        H116  2 0.2549 0.2191 0.2866 0.2394 
        H117  2 0.2973 0.2046 0.2131 0.2850 
        H118  2 0.2256 0.1625 0.3150 0.2970 
        H119  2 0.2205 0.3077 0.2270 0.2448 
        H120  2 0.1702 0.3772 0.1839 0.2687 
        H121  2 0.2439 0.2039 0.2774 0.2748 
        H125  2 0.1729 0.4751 0.1719 0.1801 
        H126  2 0.2187 0.2435 0.3059 0.2319 
        H128  2 0.2748 0.1405 0.3935 0.1911 
        H129  2 0.2494 0.1718 0.3295 0.2493 
        H130  2 0.2140 0.3095 0.2819 0.1946 
        H133  2 0.1879 0.4103 0.2200 0.1817 
        H134  2 0.1946 0.1942 0.4074 0.2038 
        H135  2 0.2404 0.2490 0.2195 0.2910 
        H137  2 0.3000 0.2118 0.2356 0.2526 
        H138  2 0.2252 0.2032 0.3334 0.2382 
        H140  2 0.2193 0.2507 0.2574 0.2726 
        H146  2 0.2542 0.2114 0.2878 0.2465 
        H147  2 0.2917 0.2147 0.2297 0.2638 
        H148  2 0.2869 0.2091 0.2018 0.3023 
     H166022  2 0.3415 0.1806 0.2354 0.2426 
     H167359  2 0.2863 0.2264 0.2471 0.2402 
     H167397  2 0.3885 0.1369 0.2644 0.2102 
     H167428  2 0.2175 0.1478 0.2650 0.3698 
     H167496  2 0.2208 0.3345 0.1875 0.2572 
     H167513  2 0.3490 0.2316 0.2214 0.1979 
     H167545  2 0.2987 0.1815 0.2904 0.2294 
     H167547  2 0.3245 0.1877 0.3194 0.1684 
     H169621  2 0.2897 0.1977 0.2674 0.2453 
     H169622  2 0.2625 0.1958 0.2743 0.2674 
     H169750  2 0.2442 0.3084 0.2640 0.1835 
     H171806  2 0.2174 0.2852 0.2808 0.2166 
     H171808  2 0.2471 0.2209 0.2892 0.2427 
     H171809  2 0.2285 0.2492 0.2221 0.3002 
     H171813  2 0.2181 0.2528 0.2920 0.2371 
     H171815  2 0.1954 0.3767 0.2332 0.1947 
     H171824  2 0.1918 0.3270 0.1842 0.2971 
     H171825  2 0.2409 0.2188 0.2628 0.2775 
     H171826  2 0.2224 0.2855 0.2044 0.2877 
     H171827  2 0.2687 0.2547 0.2336 0.2430 
     H171828  2 0.1709 0.4183 0.1753 0.2355 
     H171829  2 0.2376 0.2678 0.3080 0.1866 
     H171830  2 0.3238 0.2504 0.2114 0.2144 
     H171831  2 0.2653 0.1813 0.3159 0.2376 
     H171832  2 0.2382 0.2411 0.2758 0.2449 
     H171863  2 0.2964 0.1628 0.3376 0.2032 
     H171864  2 0.3188 0.2106 0.2217 0.2489 
     H171865  2 0.2175 0.3543 0.2327 0.1955 
     H171879  2 0.2766 0.2325 0.2651 0.2257 
     H171880  2 0.3428 0.2240 0.2238 0.2094 
     H171881  2 0.2415 0.1832 0.2404 0.3349 
     H171882  2 0.1956 0.3980 0.2028 0.2036 
     H171929  2 0.2626 0.2143 0.2213 0.3017 
     H171930  2 0.3399 0.1845 0.2821 0.1935 
     H171933  2 0.2965 0.2056 0.2554 0.2426 
     H171934  2 0.2385 0.2069 0.2196 0.3350 
     H171937  2 0.2699 0.2147 0.3185 0.1969 
     H171962  2 0.2298 0.1873 0.2404 0.3425 
        H190  2 0.2682 0.1767 0.2518 0.3033 
        H191  2 0.2502 0.2254 0.2656 0.2588 
        H396  2 0.2007 0.2242 0.2496 0.3255 
        H397  2 0.3006 0.2051 0.2503 0.2439 
        H398  2 0.1943 0.2595 0.2885 0.2577 
        H400  2 0.2703 0.2206 0.2471 0.2619 
        H401  2 0.3484 0.1561 0.2854 0.2101 
        H402  2 0.3414 0.1662 0.2283 0.2642 
        H427  2 0.2326 0.2298 0.2279 0.3096 
        H428  2 0.2153 0.1466 0.2594 0.3787 
        H497  2 0.2750 0.2862 0.2338 0.2050 
        H512  2 0.3062 0.2399 0.2272 0.2266 
        H513  2 0.3495 0.2310 0.2226 0.1969 
        H514  2 0.2452 0.2425 0.2877 0.2246 
        H519  2 0.3472 0.2391 0.2120 0.2017 
        H532  2 0.2457 0.1780 0.2421 0.3342 
        H543  2 0.3481 0.1852 0.2275 0.2392 
        H544  2 0.2115 0.2433 0.3333 0.2119 
        H545  2 0.2948 0.1736 0.3139 0.2177 
        H546  2 0.2235 0.2756 0.2679 0.2330 
        H547  2 0.3195 0.1882 0.3251 0.1672 
        H548  2 0.3044 0.2039 0.2256 0.2661 
        H549  2 0.3496 0.1641 0.2927 0.1935 
        H620  2 0.1923 0.4011 0.1839 0.2227 
        H623  2 0.2799 0.1918 0.2921 0.2363 
        H624  2 0.1981 0.3090 0.3187 0.1743 
        H625  2 0.2645 0.1882 0.2472 0.3001 
        H626  2 0.3111 0.2395 0.2331 0.2163 
        H654  2 0.1989 0.4186 0.2098 0.1728 
        H655  2 0.2437 0.3134 0.2219 0.2210 
        H656  2 0.1712 0.3513 0.2196 0.2580 
        H666  2 0.1908 0.3943 0.2323 0.1826 
        H667  2 0.2492 0.2301 0.2404 0.2803 
        H677  2 0.2396 0.2087 0.2589 0.2929 
        H693  2 0.1844 0.2947 0.1810 0.3399 
        H694  2 0.2760 0.1865 0.2848 0.2527 
        H701  2 0.3170 0.1992 0.2378 0.2460 
        H702  2 0.2927 0.2652 0.2025 0.2397 
        H731  2 0.2034 0.3106 0.2247 0.2613 
       H7359  2 0.2879 0.2283 0.2420 0.2417 
       H7389  2 0.2595 0.2238 0.2707 0.2460 
       H7390  2 0.2389 0.3448 0.2145 0.2018 
       H7391  2 0.2346 0.1961 0.1816 0.3877 
       H7392  2 0.2082 0.2407 0.2974 0.2537 
       H7393  2 0.2642 0.2930 0.2187 0.2241 
       H7398  2 0.2495 0.2242 0.2107 0.3156 
       H7399  2 0.2361 0.1808 0.2725 0.3106 
       H7400  2 0.1842 0.4145 0.2080 0.1933 
        H745  2 0.2400 0.1904 0.3494 0.2203 
        H746  2 0.2565 0.1865 0.2869 0.2702 
        H747  2 0.2837 0.2954 0.2248 0.1961 
        H748  2 0.2884 0.2613 0.2420 0.2083 
       H7484  2 0.2103 0.3441 0.2238 0.2217 
       H7485  2 0.2916 0.2014 0.2648 0.2422 
        H749  2 0.2959 0.1847 0.2916 0.2277 
        H930  2 0.3510 0.1894 0.2619 0.1977 
        H931  2 0.2332 0.2344 0.2364 0.2960 
        H932  2 0.2361 0.2670 0.2702 0.2266 
        H111  3 0.3103 0.1986 0.2968 0.1944 
        H951  3 0.2996 0.2019 0.2681 0.2303 
        H952  3 0.2269 0.2542 0.3130 0.2060 
        H953  3 0.2373 0.1915 0.2485 0.3227 
        H954  3 0.2538 0.3426 0.1999 0.2036 
        H955  3 0.3291 0.2007 0.2608 0.2094 
        H956  3 0.2824 0.2678 0.2250 0.2249 
       H9563  3 0.2541 0.2721 0.1994 0.2743 
        H002  4 0.2016 0.3328 0.2589 0.2068 
        H003  4 0.2342 0.1955 0.2676 0.3027 
        H009  4 0.2452 0.2091 0.3294 0.2163 
        H010  4 0.2345 0.2183 0.2456 0.3016 
        H011  4 0.1848 0.3121 0.2025 0.3006 
        H012  4 0.2786 0.1982 0.2088 0.3144 
        H013  4 0.2231 0.2786 0.2035 0.2948 
        H014  4 0.2144 0.2505 0.2528 0.2823 
        H045  4 0.2346 0.2504 0.2094 0.3056 
        H046  4 0.2260 0.1900 0.2994 0.2846 
        H051  4 0.2243 0.2895 0.1991 0.2872 
        H052  4 0.2087 0.2849 0.3035 0.2029 
        H053  4 0.2306 0.3105 0.2260 0.2329 
        H056  4 0.2175 0.3218 0.2561 0.2045 
        H076  4 0.2274 0.1895 0.2898 0.2933 
        H151  4 0.1852 0.3952 0.2204 0.1992 
        H152  4 0.1712 0.3529 0.2738 0.2021 
     H171803  4 0.2569 0.2948 0.2191 0.2291 
     H171804  4 0.2922 0.2821 0.2140 0.2117 
     H171833  4 0.2477 0.1987 0.3294 0.2242 
     H171855  4 0.1965 0.3917 0.2340 0.1777 
     H171856  4 0.3171 0.2359 0.2490 0.1980 
     H171857  4 0.2140 0.3394 0.2498 0.1968 
     H171858  4 0.2212 0.2564 0.2844 0.2380 
     H171859  4 0.2268 0.2643 0.2676 0.2413 
     H171961  4 0.2114 0.2773 0.2180 0.2934 
        H198  4 0.2507 0.1878 0.2687 0.2929 
      H20001  4 0.2781 0.1997 0.3152 0.2070 
        H403  4 0.2610 0.2637 0.2745 0.2007 
        H404  4 0.2582 0.1940 0.2389 0.3088 
        H405  4 0.2820 0.1899 0.2661 0.2620 
        H406  4 0.2650 0.2364 0.3351 0.1635 
        H407  4 0.2760 0.2504 0.2466 0.2270 
        H410  4 0.2823 0.1846 0.2759 0.2573 
        H411  4 0.2690 0.2289 0.3001 0.2019 
        H468  4 0.3167 0.2498 0.2716 0.1619 
        H476  4 0.3154 0.2640 0.2383 0.1822 
        H477  4 0.2691 0.1915 0.3554 0.1840 
        H478  4 0.2845 0.1903 0.2365 0.2887 
        H479  4 0.2412 0.2481 0.2440 0.2667 
        H480  4 0.3361 0.1940 0.2789 0.1910 
        H498  4 0.2258 0.2387 0.2604 0.2751 
        H499  4 0.2422 0.2598 0.2485 0.2494 
        H500  4 0.2606 0.3234 0.1996 0.2164 
        H515  4 0.2558 0.3159 0.2169 0.2114 
        H516  4 0.2444 0.2612 0.2759 0.2185 
        H517  4 0.2759 0.2399 0.2591 0.2251 
        H518  4 0.2317 0.2718 0.2924 0.2041 
        H520  4 0.2506 0.2986 0.2508 0.1999 
        H521  4 0.2413 0.2008 0.2355 0.3223 
        H522  4 0.2880 0.2450 0.2442 0.2229 
        H523  4 0.2725 0.2796 0.2351 0.2127 
        H536  4 0.2338 0.2130 0.2623 0.2909 
        H645  4 0.2102 0.2482 0.1967 0.3450 
        H646  4 0.2914 0.1755 0.2988 0.2342 
        H647  4 0.2695 0.2202 0.2872 0.2231 
        H657  4 0.3020 0.1755 0.2792 0.2433 
        H658  4 0.2963 0.2652 0.2230 0.2155 
        H659  4 0.2110 0.4251 0.1905 0.1734 
        H660  4 0.2740 0.2703 0.2286 0.2271 
        H661  4 0.2078 0.3096 0.2577 0.2249 
        H668  4 0.2583 0.1973 0.2327 0.3118 
        H669  4 0.2449 0.2436 0.2130 0.2986 
        H670  4 0.1887 0.2608 0.1920 0.3586 
        H678  4 0.3082 0.2502 0.2278 0.2139 
        H679  4 0.3374 0.1823 0.2398 0.2405 
        H680  4 0.2333 0.2445 0.2799 0.2423 
        H681  4 0.2360 0.2829 0.2180 0.2631 
        H682  4 0.3574 0.2053 0.2041 0.2331 
        H683  4 0.2189 0.2986 0.2918 0.1907 
        H718  4 0.1998 0.3301 0.2354 0.2346 
        H719  4 0.2409 0.2488 0.2027 0.3076 
        H720  4 0.2150 0.2278 0.2897 0.2675 
        H721  4 0.2360 0.2477 0.2956 0.2207 
        H722  4 0.1943 0.3189 0.2946 0.1922 
        H723  4 0.2289 0.3130 0.1992 0.2590 
        H724  4 0.2053 0.3938 0.2076 0.1933 
        H725  4 0.2057 0.3666 0.2324 0.1954 
        H726  4 0.2042 0.3397 0.2171 0.2390 
        H727  4 0.2074 0.3089 0.1960 0.2878 
        H910  4 0.2607 0.2914 0.1982 0.2497 
        H911  4 0.2849 0.2029 0.2811 0.2311 
        H912  4 0.2497 0.2890 0.2512 0.2101 
        H913  4 0.2559 0.3093 0.2401 0.1947 
        H914  4 0.2376 0.3299 0.1876 0.2449 
        H915  4 0.3213 0.2556 0.2303 0.1928 
        H916  4 0.3062 0.2474 0.2729 0.1735 
       H9572  4 0.2444 0.2252 0.2417 0.2887 
        H015  5 0.2881 0.1967 0.2712 0.2440 
        H016  5 0.2402 0.1976 0.3333 0.2289 
        H017  5 0.2616 0.2679 0.2727 0.1978 
        H019  5 0.2366 0.2215 0.2706 0.2714 
        H020  5 0.2247 0.2698 0.2691 0.2363 
        H032  5 0.2632 0.2671 0.2532 0.2165 
        H033  5 0.2834 0.2041 0.2071 0.3054 
        H034  5 0.2068 0.3091 0.1967 0.2875 
        H035  5 0.2846 0.2466 0.2499 0.2189 
        H036  5 0.2931 0.2069 0.2599 0.2400 
        H037  5 0.2512 0.2986 0.2201 0.2302 
        H048  5 0.2168 0.3102 0.1983 0.2748 
        H049  5 0.2211 0.2593 0.2941 0.2255 
        H054  5 0.2204 0.2749 0.2491 0.2556 
        H055  5 0.1676 0.3026 0.2266 0.3032 
        H057  5 0.2127 0.2504 0.3080 0.2288 
        H060  5 0.1917 0.3010 0.2730 0.2342 
        H061  5 0.2441 0.2006 0.2634 0.2919 
        H064  5 0.1942 0.2890 0.2495 0.2672 
        H070  5 0.2332 0.2954 0.2003 0.2711 
        H077  5 0.2277 0.3405 0.2245 0.2073 
        H078  5 0.2403 0.3163 0.2552 0.1882 
        H079  5 0.2967 0.1778 0.2467 0.2788 
        H097  5 0.2328 0.2885 0.3132 0.1656 
        H107  5 0.1724 0.3714 0.1824 0.2739 
        H122  5 0.2660 0.2187 0.2876 0.2277 
        H123  5 0.2952 0.1978 0.2895 0.2175 
        H124  5 0.2590 0.2025 0.2698 0.2686 
        H131  5 0.2611 0.2010 0.2554 0.2826 
        H132  5 0.2321 0.2601 0.2240 0.2838 
        H141  5 0.2584 0.2618 0.2432 0.2366 
        H142  5 0.2802 0.1802 0.2555 0.2840 
        H157  5 0.2114 0.3159 0.2083 0.2644 
        H158  5 0.2539 0.2280 0.3406 0.1775 
        H159  5 0.3069 0.1794 0.2652 0.2485 
        H160  5 0.2809 0.2224 0.2838 0.2130 
        H163  5 0.2768 0.2262 0.2483 0.2487 
        H164  5 0.2695 0.2280 0.2410 0.2615 
        H165  5 0.2497 0.1661 0.2450 0.3392 
        H166  5 0.2407 0.2150 0.2676 0.2767 
        H169  5 0.2243 0.2602 0.2385 0.2771 
     H169613  5 0.2154 0.2706 0.2713 0.2427 
     H169653  5 0.2285 0.2212 0.2652 0.2852 
     H169728  5 0.3180 0.2148 0.2572 0.2101 
     H169742  5 0.2155 0.2341 0.2245 0.3259 
        H170  5 0.2130 0.2303 0.3287 0.2280 
        H171  5 0.2219 0.2284 0.3257 0.2239 
     H171851  5 0.2259 0.2412 0.2707 0.2622 
     H171852  5 0.2045 0.3204 0.2690 0.2061 
     H171853  5 0.2618 0.2699 0.2095 0.2588 
     H171854  5 0.2759 0.2729 0.2369 0.2144 
     H171938  5 0.2543 0.2309 0.1959 0.3190 
     H171939  5 0.2224 0.2062 0.3243 0.2471 
     H171941  5 0.1679 0.3333 0.1969 0.3019 
     H171965  5 0.2173 0.2128 0.2814 0.2886 
     H171970  5 0.1794 0.3664 0.1963 0.2579 
     H171973  5 0.2767 0.1897 0.2292 0.3043 
     H171974  5 0.2368 0.2608 0.2008 0.3016 
     H171975  5 0.1966 0.2836 0.2173 0.3025 
     H171976  5 0.2331 0.2508 0.3313 0.1848 
        H175  5 0.2171 0.2965 0.2095 0.2769 
        H178  5 0.2059 0.2508 0.2388 0.3045 
        H189  5 0.2575 0.1839 0.3113 0.2474 
        H399  5 0.2323 0.2290 0.3478 0.1909 
        H416  5 0.2475 0.2703 0.2290 0.2532 
        H438  5 0.2755 0.2456 0.2021 0.2768 
        H450  5 0.1956 0.3536 0.2271 0.2237 
        H455  5 0.1716 0.3339 0.1945 0.2999 
        H456  5 0.2392 0.2484 0.2246 0.2878 
        H457  5 0.2064 0.3199 0.2586 0.2151 
        H458  5 0.2067 0.3048 0.2170 0.2716 
        H459  5 0.2845 0.1836 0.2603 0.2716 
        H460  5 0.3141 0.2504 0.2323 0.2033 
        H461  5 0.2401 0.2617 0.3144 0.1838 
        H462  5 0.2960 0.1820 0.2313 0.2907 
        H469  5 0.3009 0.1966 0.2300 0.2725 
        H470  5 0.2644 0.2632 0.2204 0.2520 
        H471  5 0.3035 0.1841 0.3255 0.1868 
        H481  5 0.1998 0.3894 0.2114 0.1995 
        H482  5 0.2297 0.3115 0.2359 0.2229 
        H501  5 0.2557 0.2612 0.2092 0.2739 
        H502  5 0.2509 0.1951 0.2964 0.2576 
        H503  5 0.2672 0.2081 0.2771 0.2476 
        H509  5 0.2357 0.2972 0.2106 0.2565 
        H510  5 0.2124 0.2244 0.2498 0.3135 
        H511  5 0.2371 0.2236 0.2703 0.2691 
        H530  5 0.2288 0.2677 0.2086 0.2950 
        H531  5 0.2425 0.2969 0.2538 0.2068 
        H564  5 0.2215 0.2788 0.2456 0.2541 
        H565  5 0.1994 0.3688 0.2309 0.2009 
        H567  5 0.3005 0.1750 0.2954 0.2292 
     H568???  5 0.2463 0.2134 0.3133 0.2270 
        H608  5 0.2025 0.3571 0.2197 0.2207 
        H609  5 0.2117 0.2201 0.2162 0.3520 
        H612  5 0.2229 0.3552 0.1807 0.2412 
        H614  5 0.1910 0.3767 0.2327 0.1996 
        H615  5 0.2288 0.3284 0.2475 0.1953 
        H616  5 0.1762 0.4152 0.1762 0.2325 
        H617  5 0.3128 0.1697 0.2435 0.2740 
        H618  5 0.2103 0.3388 0.2025 0.2485 
        H619  5 0.1944 0.2110 0.2406 0.3541 
        H635  5 0.2230 0.2461 0.2354 0.2956 
        H636  5 0.2589 0.2085 0.2068 0.3259 
        H637  5 0.2240 0.2647 0.2513 0.2600 
        H644  5 0.2635 0.1540 0.3624 0.2201 
        H711  5 0.2138 0.2405 0.3287 0.2169 
        H712  5 0.1967 0.2798 0.2150 0.3085 
       H7360  5 0.2348 0.2445 0.2761 0.2446 
       H7361  5 0.2045 0.3258 0.2259 0.2437 
       H7362  5 0.2691 0.1608 0.3511 0.2189 
       H7363  5 0.2301 0.2925 0.2577 0.2196 
       H7394  5 0.2847 0.2219 0.2598 0.2335 
       H7395  5 0.2229 0.2360 0.2309 0.3103 
       H7396  5 0.2836 0.2501 0.2269 0.2393 
        H742  5 0.2155 0.2316 0.2193 0.3336 
        H743  5 0.2102 0.2616 0.2858 0.2424 
        H744  5 0.2032 0.3697 0.2046 0.2226 
        H957  5 0.2572 0.2494 0.2892 0.2043 
        H958  5 0.3316 0.2013 0.2496 0.2175 
        H959  5 0.1949 0.3369 0.1808 0.2874 
        H960  5 0.2421 0.2392 0.2339 0.2847 
      H_PALI  6 0.2786 0.2312 0.2396 0.2506 
        H581  6 0.2535 0.2914 0.2453 0.2097 
        H582  6 0.1965 0.3444 0.2353 0.2238 
        H583  6 0.2463 0.2636 0.2437 0.2464 
        H595  6 0.3733 0.1764 0.2508 0.1996 
        H596  6 0.3279 0.1691 0.2666 0.2364 
        H597  6 0.2333 0.1821 0.3291 0.2556 
        H598  6 0.2746 0.2529 0.2255 0.2470 
        H599  6 0.1927 0.3044 0.2165 0.2864 
        H642  6 0.3073 0.2118 0.2964 0.1845 
        H643  6 0.2659 0.2474 0.2349 0.2518 
        H664  6 0.2505 0.3256 0.2593 0.1646 
        H665  6 0.2436 0.2286 0.1983 0.3295 
        H674  6 0.2449 0.1706 0.3677 0.2168 
        H675  6 0.2295 0.3026 0.2723 0.1956 
        H676  6 0.3067 0.2259 0.2675 0.2000 
        H686  6 0.2637 0.2389 0.2487 0.2487 
        H687  6 0.2857 0.2561 0.2570 0.2011 
        H917  6 0.3302 0.1638 0.2225 0.2835 
        H918  6 0.2244 0.1758 0.2277 0.3720 
        H919  6 0.2119 0.3541 0.1828 0.2511 
        H920  6 0.2538 0.2904 0.2268 0.2290 
        H631  7 0.2112 0.2791 0.2301 0.2796 
        H684  7 0.2040 0.2132 0.3256 0.2572 
        H685  7 0.2711 0.3614 0.2122 0.1553 
        H713  7 0.2653 0.3192 0.2127 0.2028 
        H715  7 0.2120 0.2264 0.3141 0.2476 
        H716  7 0.1784 0.2604 0.2306 0.3307 
        H717  7 0.2382 0.2417 0.2433 0.2769 
        H729  7 0.2987 0.1723 0.2117 0.3173 
        H730  7 0.2308 0.2390 0.2056 0.3246 
        H431  8 0.2171 0.3386 0.2122 0.2321 
        H432  8 0.2452 0.1660 0.3292 0.2596 
        H433  8 0.3106 0.2157 0.2173 0.2564 
        H434  8 0.2901 0.2035 0.2428 0.2636 
        H444  8 0.2379 0.2070 0.2126 0.3425 
        H454  8 0.2041 0.3399 0.1882 0.2678 
        H475  8 0.2226 0.3896 0.2036 0.1842 
        H491  8 0.1919 0.2779 0.2319 0.2983 
        H492  8 0.2680 0.2899 0.2085 0.2336 
        H493  8 0.2369 0.2498 0.2779 0.2354 
        H494  8 0.2775 0.2561 0.2311 0.2353 
        H495  8 0.1902 0.3619 0.2706 0.1774 
        H662  8 0.2393 0.2181 0.3032 0.2394 
        H663  8 0.2597 0.2419 0.2401 0.2583 
        H695  8 0.2547 0.2514 0.2256 0.2684 
       H7367  8 0.3112 0.1877 0.2479 0.2532 
       H7368  8 0.2442 0.2271 0.2744 0.2543 
       H7369  8 0.2119 0.2493 0.2119 0.3269 
       H7370  8 0.4014 0.1563 0.2376 0.2047 
       H7371  8 0.3059 0.2207 0.2071 0.2663 
        H600  9 0.2339 0.3008 0.2304 0.2348 
        H648  9 0.2362 0.2535 0.2715 0.2388 
        H696  9 0.2877 0.1566 0.3407 0.2149 
        H697  9 0.2315 0.2415 0.2441 0.2830 
        H698  9 0.2593 0.2098 0.2741 0.2569 
        H699  9 0.2542 0.2505 0.2453 0.2500 
        H700  9 0.2447 0.2817 0.2121 0.2615 
        H732  9 0.2051 0.3373 0.2508 0.2069 
        H733  9 0.3390 0.1849 0.2358 0.2403 
        H734  9 0.3392 0.1773 0.2921 0.1914 
        H735  9 0.2942 0.2207 0.2531 0.2320 
        H736  9 0.2550 0.2463 0.2690 0.2296 
        H737  9 0.1992 0.3038 0.2557 0.2413 
        H905  9 0.2076 0.3127 0.2022 0.2775 
        H921  9 0.2322 0.2673 0.2022 0.2984 
        H922  9 0.3267 0.1589 0.2273 0.2871 
     H169705 10 0.3382 0.2308 0.2268 0.2042 
     H171942 10 0.2353 0.1595 0.3222 0.2830 
     H171943 10 0.2918 0.2198 0.2801 0.2083 
     H171944 10 0.3179 0.2370 0.2280 0.2171 
     H171946 10 0.2290 0.3132 0.2728 0.1850 
     H171947 10 0.2495 0.2260 0.2476 0.2769 
     H229641 10 0.2989 0.2508 0.2369 0.2133 
      H30001 10 0.2737 0.2657 0.2107 0.2499 
      H30002 10 0.2342 0.2460 0.2397 0.2801 
      H30005 10 0.2974 0.2312 0.2463 0.2251 
      H30006 10 0.2611 0.2215 0.3120 0.2054 
      H30007 10 0.2194 0.1785 0.3964 0.2057 
        H451 10 0.2851 0.1771 0.2488 0.2890 
        H452 10 0.2709 0.2418 0.2861 0.2012 
        H453 10 0.1645 0.3607 0.2426 0.2323 
        H473 10 0.2010 0.2644 0.2686 0.2660 
        H474 10 0.2362 0.3789 0.2215 0.1634 
        H486 10 0.2704 0.2804 0.2291 0.2201 
        H487 10 0.2268 0.2904 0.2331 0.2497 
        H488 10 0.2252 0.2353 0.1986 0.3409 
        H489 10 0.2459 0.3433 0.2040 0.2068 
        H550 10 0.2671 0.1986 0.3285 0.2058 
        H551 10 0.3039 0.2395 0.2019 0.2547 
        H553 10 0.2306 0.3212 0.2554 0.1929 
        H554 10 0.2650 0.2041 0.2674 0.2635 
        H556 10 0.2337 0.2521 0.3027 0.2115 
        H580 10 0.2456 0.2115 0.2455 0.2974 
        H591 10 0.2042 0.3706 0.1940 0.2312 
        H592 10 0.2883 0.2925 0.2108 0.2084 
        H593 10 0.2575 0.2236 0.2567 0.2622 
        H594 10 0.2859 0.1627 0.2961 0.2553 
        H627 10 0.2929 0.2518 0.2517 0.2035 
        H628 10 0.2076 0.1473 0.2418 0.4032 
        H629 10 0.2554 0.2557 0.2736 0.2153 
        H630 10 0.3044 0.2460 0.2554 0.1941 
        H638 10 0.3455 0.2273 0.2174 0.2098 
        H639 10 0.2274 0.3432 0.2510 0.1783 
        H640 10 0.3401 0.1949 0.2736 0.1914 
        H704 10 0.2151 0.1949 0.3027 0.2873 
        H705 10 0.3357 0.2315 0.2236 0.2093 
        H706 10 0.2204 0.2956 0.1882 0.2958 
        H708 10 0.2169 0.3635 0.2100 0.2097 
       H7351 10 0.2426 0.2280 0.2752 0.2542 
       H7352 10 0.2367 0.2788 0.2360 0.2486 
       H7353 10 0.2279 0.2155 0.3447 0.2119 
       H7354 10 0.1927 0.2896 0.2301 0.2876 
       H7365 10 0.2440 0.3265 0.2110 0.2185 
       H7383 10 0.2445 0.2814 0.1991 0.2750 
       H7384 10 0.2024 0.2855 0.2302 0.2819 
       H7385 10 0.2482 0.3271 0.2096 0.2151 
       H7386 10 0.2490 0.2132 0.2261 0.3116 
       H7387 10 0.2622 0.2406 0.2429 0.2542 
       H7388 10 0.2415 0.2597 0.2553 0.2435 
        H906 10 0.1750 0.2880 0.2590 0.2780 
        H907 10 0.3388 0.2036 0.2567 0.2009 
        H908 10 0.2769 0.2561 0.2246 0.2425 
        H909 10 0.1999 0.2474 0.2287 0.3241 
       H9552 10 0.2189 0.2565 0.2694 0.2552 
       H9553 10 0.2392 0.2899 0.2613 0.2096 
       H9555 10 0.3347 0.1902 0.2237 0.2514 
       H9575 10 0.2108 0.3356 0.2503 0.2033 
       H9703 10 0.1879 0.4002 0.2227 0.1892 
       H9707 10 0.2576 0.3199 0.2171 0.2055 
       HSAA4 10 0.2464 0.2120 0.2474 0.2942 
        H001 11 0.1913 0.2924 0.2357 0.2806 
        H004 11 0.2512 0.2315 0.2479 0.2694 
        H005 11 0.1721 0.3745 0.1839 0.2695 
        H006 11 0.2793 0.2387 0.2257 0.2563 
        H007 11 0.2006 0.3038 0.1937 0.3019 
        H031 11 0.2375 0.3776 0.1793 0.2055 
        H074 11 0.2624 0.3188 0.2181 0.2007 
        H075 11 0.2270 0.3122 0.2000 0.2608 
        H080 11 0.2110 0.3550 0.2021 0.2319 
        H086 11 0.2496 0.2581 0.2598 0.2325 
        H092 11 0.2502 0.3162 0.2175 0.2161 
        H093 11 0.2430 0.1775 0.3228 0.2567 
        H094 11 0.3395 0.2210 0.2543 0.1852 
        H095 11 0.2176 0.3208 0.2406 0.2210 
        H096 11 0.2113 0.2708 0.1989 0.3191 
        H099 11 0.2437 0.2980 0.2206 0.2377 
        H100 11 0.2430 0.1731 0.2877 0.2961 
        H127 11 0.2318 0.2755 0.2311 0.2616 
        H136 11 0.2090 0.3724 0.2118 0.2069 
        H153 11 0.2707 0.2440 0.2459 0.2394 
        H154 11 0.2353 0.3486 0.2219 0.1941 
        H155 11 0.2301 0.1644 0.2317 0.3738 
        H156 11 0.2676 0.1492 0.2484 0.3348 
        H161 11 0.2377 0.2313 0.2837 0.2474 
        H162 11 0.3241 0.1827 0.2674 0.2259 
        H167 11 0.2315 0.2236 0.2435 0.3014 
        H168 11 0.2411 0.2527 0.2423 0.2640 
     H169586 11 0.2053 0.2944 0.3359 0.1644 
     H169738 11 0.2919 0.1833 0.2291 0.2957 
     H169741 11 0.2497 0.3347 0.2074 0.2082 
     H171801 11 0.2495 0.1764 0.2955 0.2786 
     H171810 11 0.2570 0.3048 0.2172 0.2210 
     H171811 11 0.2089 0.3485 0.2489 0.1936 
     H171812 11 0.1827 0.2299 0.2116 0.3759 
     H171820 11 0.2239 0.3327 0.2250 0.2184 
     H171821 11 0.2658 0.2317 0.2340 0.2685 
     H171822 11 0.2862 0.2278 0.2508 0.2352 
     H171823 11 0.1780 0.3556 0.2705 0.1959 
     H171866 11 0.2461 0.2088 0.2953 0.2499 
     H171867 11 0.3104 0.1981 0.2061 0.2854 
     H171967 11 0.2238 0.3027 0.2012 0.2723 
     H171969 11 0.2556 0.2337 0.2466 0.2641 
        H172 11 0.2705 0.2303 0.2400 0.2592 
        H173 11 0.2918 0.2242 0.1887 0.2952 
        H174 11 0.3249 0.1805 0.2973 0.1974 
        H196 11 0.2482 0.2088 0.2627 0.2803 
        H197 11 0.2971 0.2144 0.2079 0.2805 
        H346 11 0.2014 0.2717 0.2160 0.3110 
        H355 11 0.2229 0.2501 0.2516 0.2755 
        H356 11 0.2485 0.2706 0.2507 0.2303 
        H357 11 0.2639 0.2705 0.2144 0.2512 
        H358 11 0.2696 0.2462 0.2081 0.2761 
        H359 11 0.2732 0.2367 0.2597 0.2304 
        H360 11 0.2506 0.2619 0.2206 0.2669 
        H361 11 0.2223 0.2526 0.2482 0.2770 
        H362 11 0.3715 0.1693 0.2436 0.2157 
        H363 11 0.2311 0.3515 0.1957 0.2217 
        H364 11 0.1972 0.2737 0.2660 0.2631 
        H365 11 0.2349 0.1963 0.2594 0.3094 
        H366 11 0.2488 0.1942 0.2690 0.2880 
        H367 11 0.2288 0.3479 0.2205 0.2029 
        H368 11 0.3220 0.1822 0.2999 0.1959 
        H369 11 0.2280 0.3696 0.1837 0.2187 
        H370 11 0.2891 0.1976 0.2530 0.2603 
        H371 11 0.2811 0.2599 0.2294 0.2297 
        H372 11 0.2423 0.2452 0.2450 0.2675 
        H373 11 0.2193 0.2732 0.2253 0.2822 
        H374 11 0.1955 0.3050 0.2009 0.2987 
        H375 11 0.2395 0.2269 0.2139 0.3197 
        H376 11 0.2406 0.2065 0.2794 0.2735 
        H377 11 0.2720 0.2774 0.2104 0.2401 
        H378 11 0.2195 0.2862 0.2545 0.2397 
        H379 11 0.2985 0.2416 0.2454 0.2145 
        H380 11 0.2655 0.1797 0.2290 0.3257 
        H381 11 0.2348 0.3108 0.2571 0.1974 
        H382 11 0.3205 0.1510 0.2685 0.2600 
        H383 11 0.1967 0.1851 0.2758 0.3424 
        H384 11 0.2094 0.3340 0.2338 0.2228 
        H385 11 0.2690 0.3133 0.2058 0.2120 
        H386 11 0.2535 0.2158 0.1970 0.3337 
        H387 11 0.1805 0.2796 0.3503 0.1897 
        H388 11 0.2475 0.1745 0.2863 0.2918 
        H389 11 0.2722 0.2266 0.2121 0.2892 
        H390 11 0.3051 0.2001 0.2427 0.2521 
        H391 11 0.2770 0.2131 0.3167 0.1932 
        H392 11 0.2064 0.3019 0.2100 0.2817 
        H393 11 0.2215 0.1742 0.2949 0.3094 
        H394 11 0.2339 0.1872 0.3551 0.2238 
        H395 11 0.2103 0.3362 0.2034 0.2501 
        H408 11 0.2102 0.2611 0.2159 0.3128 
        H412 11 0.2353 0.3473 0.2700 0.1474 
        H417 11 0.2384 0.2902 0.2278 0.2436 
        H418 11 0.2377 0.2876 0.2743 0.2005 
        H429 11 0.2407 0.2132 0.2538 0.2924 
        H430 11 0.2883 0.1887 0.2243 0.2987 
        H439 11 0.2577 0.2654 0.2178 0.2591 
        H440 11 0.1917 0.3721 0.2162 0.2201 
        H441 11 0.3145 0.2037 0.2399 0.2420 
        H442 11 0.2379 0.2060 0.2676 0.2884 
        H446 11 0.2579 0.2386 0.2779 0.2256 
        H447 11 0.3128 0.1805 0.2243 0.2824 
        H448 11 0.2684 0.2019 0.2132 0.3164 
        H534 11 0.1767 0.3959 0.2154 0.2120 
        H537 11 0.2041 0.3420 0.2343 0.2196 
        H568 11 0.2205 0.3832 0.2055 0.1909 
        H569 11 0.3508 0.1470 0.2364 0.2659 
        H586 11 0.2087 0.2899 0.3441 0.1573 
        H587 11 0.2074 0.3848 0.2009 0.2068 
        H588 11 0.2311 0.1976 0.3261 0.2452 
        H589 11 0.1934 0.3658 0.2172 0.2236 
        H590 11 0.2003 0.3361 0.2380 0.2256 
        H601 11 0.2957 0.1730 0.2645 0.2668 
        H602 11 0.2624 0.2939 0.2280 0.2157 
        H603 11 0.2936 0.1941 0.2171 0.2951 
        H610 11 0.2774 0.2555 0.2300 0.2370 
        H611 11 0.3175 0.2869 0.2145 0.1812 
        H649 11 0.2356 0.2418 0.2249 0.2978 
        H650 11 0.3207 0.2219 0.2807 0.1767 
        H651 11 0.2371 0.2423 0.2052 0.3154 
        H652 11 0.2241 0.2905 0.2646 0.2208 
       H7364 11 0.2713 0.2051 0.2452 0.2785 
       H7366 11 0.2307 0.2639 0.2118 0.2935 
       H7378 11 0.2903 0.1478 0.3883 0.1736 
       H7379 11 0.2488 0.2656 0.2394 0.2462 
        H739 11 0.2474 0.3265 0.2159 0.2102 
        H740 11 0.2858 0.2173 0.2842 0.2127 
        H741 11 0.2537 0.3355 0.2026 0.2081 
        H926 11 0.2707 0.2298 0.2615 0.2380 
        H927 11 0.3179 0.1963 0.2452 0.2406 
        H928 11 0.3279 0.2516 0.2350 0.1856 
       H9560 11 0.2768 0.2330 0.3016 0.1886 
        H409 12 0.2711 0.1702 0.2201 0.3386 
        H413 12 0.2730 0.1574 0.3507 0.2189 
        H419 12 0.2310 0.2205 0.2216 0.3269 
        H420 12 0.2158 0.2873 0.2305 0.2664 
        H421 12 0.2495 0.1713 0.2813 0.2979 
        H435 12 0.2461 0.1998 0.2665 0.2876 
        H436 12 0.2484 0.2288 0.2160 0.3068 
        H437 12 0.1989 0.3382 0.2365 0.2264 
        H445 12 0.2301 0.1934 0.2269 0.3496 
        H449 12 0.2237 0.2339 0.2962 0.2462 
        H463 12 0.2146 0.2909 0.2398 0.2547 
        H464 12 0.2531 0.1875 0.3116 0.2478 
        H465 12 0.2507 0.2479 0.3233 0.1781 
        H490 12 0.2683 0.1854 0.3049 0.2414 
        H561 12 0.2778 0.2613 0.2364 0.2245 
        H562 12 0.2164 0.2209 0.1984 0.3643 
        H563 12 0.2515 0.2713 0.2011 0.2761 
        H570 12 0.2304 0.2938 0.1944 0.2813 
        H571 12 0.2715 0.2329 0.2923 0.2033 
        H572 12 0.2392 0.2319 0.2301 0.2988 
        H573 12 0.3009 0.1799 0.2304 0.2888 
       H7372 12 0.2572 0.1549 0.2529 0.3349 
       H7373 12 0.2286 0.1970 0.3754 0.1989 
       H7374 12 0.1822 0.3007 0.2252 0.2919 
       H7375 12 0.2412 0.2711 0.2240 0.2638 
       H7376 12 0.2217 0.1606 0.1966 0.4211 
       H7377 12 0.2844 0.3007 0.2198 0.1950 
