        H102  1 0.1579 0.2001 0.1604 0.1102 0.3714 
        H103  1 0.2279 0.0845 0.2772 0.1566 0.2538 
        H104  1 0.2145 0.2704 0.1374 0.2118 0.1658 
        H105  1 0.1366 0.2183 0.1601 0.1951 0.2899 
        H106  1 0.2286 0.2166 0.1888 0.1922 0.1738 
        H112  1 0.1666 0.2769 0.1600 0.1760 0.2205 
        H113  1 0.1369 0.1835 0.1381 0.3459 0.1955 
        H114  1 0.1520 0.1103 0.1477 0.3303 0.2596 
        H115  1 0.1915 0.2265 0.1384 0.1748 0.2687 
        H143  1 0.1235 0.1623 0.1889 0.1831 0.3422 
        H144  1 0.1275 0.1074 0.3470 0.1701 0.2479 
        H145  1 0.1588 0.1332 0.2778 0.1644 0.2658 
        H149  1 0.2384 0.2559 0.1606 0.1479 0.1972 
        H150  1 0.1595 0.2077 0.2414 0.2083 0.1831 
     H167542  1 0.1594 0.1630 0.1560 0.2545 0.2671 
     H169604  1 0.1654 0.1667 0.1788 0.1985 0.2906 
     H169607  1 0.2030 0.1338 0.2426 0.1760 0.2447 
     H169608  1 0.1757 0.3357 0.1624 0.1165 0.2097 
     H169633  1 0.1695 0.1183 0.1784 0.3202 0.2135 
     H169688  1 0.2627 0.1227 0.3011 0.1364 0.1772 
     H169714  1 0.2489 0.2166 0.1870 0.1726 0.1750 
     H171802  1 0.2117 0.2615 0.1642 0.2268 0.1358 
     H171805  1 0.2484 0.1246 0.2250 0.1699 0.2321 
     H171807  1 0.1560 0.3148 0.1975 0.1378 0.1939 
     H171814  1 0.1849 0.1086 0.2583 0.3083 0.1399 
     H171816  1 0.2078 0.2521 0.1820 0.1773 0.1807 
     H171817  1 0.2162 0.2162 0.1555 0.1811 0.2309 
     H171818  1 0.2119 0.1639 0.1832 0.2263 0.2147 
     H171819  1 0.1930 0.2044 0.1687 0.2460 0.1879 
     H171834  1 0.1495 0.1723 0.1946 0.1734 0.3103 
     H171835  1 0.2502 0.2899 0.1393 0.2033 0.1174 
     H171836  1 0.1569 0.0831 0.1927 0.3148 0.2525 
     H171837  1 0.2143 0.2281 0.1551 0.2148 0.1877 
     H171838  1 0.1858 0.1409 0.2174 0.2234 0.2326 
     H171839  1 0.2439 0.1863 0.1514 0.2231 0.1953 
     H171841  1 0.1564 0.4409 0.1634 0.1079 0.1314 
     H171860  1 0.1437 0.2093 0.1562 0.2252 0.2655 
     H171861  1 0.1309 0.0920 0.2023 0.2142 0.3606 
     H171862  1 0.1711 0.1731 0.2013 0.1740 0.2806 
     H171868  1 0.1296 0.1820 0.1387 0.1750 0.3747 
     H171869  1 0.2016 0.1355 0.3331 0.1775 0.1523 
     H171870  1 0.2675 0.1850 0.2268 0.1498 0.1708 
     H171871  1 0.2647 0.1184 0.2366 0.1950 0.1853 
     H171872  1 0.1849 0.2301 0.1500 0.2010 0.2341 
     H171873  1 0.2807 0.1565 0.2386 0.1752 0.1491 
     H171874  1 0.1609 0.1255 0.2209 0.1551 0.3376 
     H171875  1 0.1178 0.1028 0.2225 0.2529 0.3040 
     H171876  1 0.1516 0.1402 0.2140 0.1954 0.2988 
     H171877  1 0.1468 0.1928 0.1504 0.2971 0.2129 
     H171878  1 0.2539 0.2223 0.2346 0.1549 0.1344 
     H171901  1 0.3753 0.1794 0.1526 0.1618 0.1308 
     H171902  1 0.1901 0.2012 0.2544 0.1472 0.2071 
     H171903  1 0.2114 0.1383 0.1979 0.1780 0.2745 
     H171935  1 0.2433 0.2381 0.1958 0.1681 0.1548 
     H171936  1 0.1991 0.1089 0.1596 0.3644 0.1680 
     H171940  1 0.1337 0.3121 0.1921 0.1510 0.2111 
     H171945  1 0.1866 0.2097 0.2401 0.1981 0.1655 
     H171948  1 0.1359 0.2921 0.1545 0.1907 0.2267 
     H171949  1 0.1798 0.3794 0.1532 0.1439 0.1437 
     H171950  1 0.3011 0.2706 0.1461 0.1186 0.1636 
     H171963  1 0.2531 0.1191 0.2455 0.2251 0.1573 
     H171964  1 0.1220 0.1577 0.3683 0.1684 0.1836 
     H171966  1 0.1939 0.2083 0.2049 0.1773 0.2156 
     H171968  1 0.1905 0.2043 0.2266 0.1342 0.2444 
     H171971  1 0.2369 0.1685 0.2131 0.1993 0.1821 
     H171972  1 0.1425 0.1180 0.2485 0.2200 0.2710 
     H171977  1 0.1809 0.1333 0.3020 0.2389 0.1448 
     H171978  1 0.2113 0.2327 0.2195 0.1341 0.2024 
     H171979  1 0.1941 0.1020 0.2160 0.2224 0.2655 
        H176  1 0.1324 0.2104 0.1839 0.2294 0.2439 
        H177  1 0.2961 0.2853 0.1331 0.1253 0.1603 
        H179  1 0.1995 0.2472 0.1230 0.2351 0.1951 
        H181  1 0.1224 0.1700 0.2248 0.2641 0.2187 
        H182  1 0.1773 0.1051 0.2299 0.1813 0.3065 
        H183  1 0.1672 0.1558 0.3275 0.1859 0.1636 
        H184  1 0.1347 0.3035 0.1443 0.1730 0.2444 
        H185  1 0.1475 0.1571 0.2116 0.2768 0.2069 
        H186  1 0.1468 0.2101 0.2983 0.1142 0.2305 
        H187  1 0.3094 0.1370 0.1995 0.1816 0.1725 
        H188  1 0.1191 0.3092 0.1464 0.2660 0.1592 
        H192  1 0.1936 0.3188 0.1518 0.1671 0.1687 
        H193  1 0.1756 0.1246 0.2665 0.1445 0.2887 
        H194  1 0.1987 0.2031 0.1763 0.2079 0.2141 
        H195  1 0.2032 0.1299 0.3434 0.1424 0.1811 
        H199  1 0.1708 0.1586 0.3141 0.1965 0.1600 
        H200  1 0.1924 0.2602 0.1683 0.2023 0.1768 
        H414  1 0.2979 0.1151 0.2168 0.1555 0.2146 
        H415  1 0.1692 0.1202 0.1810 0.2631 0.2665 
        H422  1 0.1593 0.2150 0.2437 0.1386 0.2434 
        H423  1 0.1495 0.4845 0.1254 0.1235 0.1171 
        H424  1 0.1707 0.1315 0.2742 0.2165 0.2071 
        H425  1 0.2057 0.1120 0.3571 0.1868 0.1384 
        H426  1 0.1650 0.1534 0.3881 0.1326 0.1609 
        H443  1 0.1373 0.1287 0.3550 0.1363 0.2427 
        H466  1 0.2460 0.1992 0.1982 0.1677 0.1888 
        H467  1 0.2304 0.3199 0.1715 0.1527 0.1255 
        H472  1 0.2406 0.2110 0.1854 0.2271 0.1360 
        H483  1 0.1194 0.1606 0.2110 0.2193 0.2897 
        H504  1 0.1622 0.1280 0.3206 0.2270 0.1622 
        H505  1 0.2348 0.2312 0.1851 0.2030 0.1458 
        H506  1 0.1539 0.1973 0.2194 0.2085 0.2210 
        H507  1 0.2950 0.0838 0.2156 0.2248 0.1808 
        H508  1 0.3189 0.1936 0.1895 0.1622 0.1358 
        H524  1 0.2497 0.1091 0.1878 0.2815 0.1719 
        H525  1 0.1821 0.1464 0.2428 0.1972 0.2315 
        H526  1 0.1250 0.1833 0.1493 0.3138 0.2286 
        H527  1 0.2385 0.2327 0.1859 0.1280 0.2150 
        H528  1 0.1282 0.1180 0.2342 0.2560 0.2636 
        H529  1 0.2204 0.0953 0.2644 0.2242 0.1956 
        H533  1 0.2949 0.0797 0.1684 0.2106 0.2464 
        H538  1 0.2176 0.2264 0.1650 0.1966 0.1944 
        H539  1 0.3235 0.1153 0.2117 0.1581 0.1913 
        H540  1 0.2167 0.1753 0.1929 0.1870 0.2281 
        H541  1 0.2248 0.1377 0.1796 0.2170 0.2409 
        H558  1 0.1723 0.1552 0.2917 0.1807 0.2002 
        H559  1 0.1264 0.1898 0.1815 0.1799 0.3223 
        H579  1 0.1399 0.1579 0.2512 0.1617 0.2893 
        H584  1 0.1507 0.1498 0.2999 0.2038 0.1958 
        H585  1 0.2039 0.1388 0.2381 0.2446 0.1746 
        H605  1 0.1920 0.2336 0.2064 0.1547 0.2133 
        H606  1 0.1959 0.2905 0.1547 0.1350 0.2239 
        H632  1 0.1811 0.1271 0.2915 0.1797 0.2206 
        H634  1 0.2026 0.1437 0.2434 0.1654 0.2449 
        H671  1 0.2277 0.3087 0.1560 0.1655 0.1420 
        H672  1 0.2500 0.1332 0.1905 0.2640 0.1622 
        H673  1 0.1054 0.1967 0.3005 0.1566 0.2408 
        H689  1 0.1595 0.1452 0.2507 0.1795 0.2650 
        H690  1 0.1965 0.2265 0.1518 0.2054 0.2198 
        H691  1 0.2217 0.1388 0.1624 0.2006 0.2765 
        H692  1 0.1083 0.0886 0.2978 0.2356 0.2696 
        H709  1 0.1945 0.1741 0.2087 0.1933 0.2295 
        H710  1 0.1084 0.1215 0.2587 0.2067 0.3047 
       H7355  1 0.1418 0.1267 0.1524 0.2797 0.2994 
       H7356  1 0.1826 0.1943 0.2467 0.1715 0.2050 
       H7357  1 0.2197 0.2122 0.1551 0.1770 0.2360 
       H7358  1 0.1580 0.1603 0.2104 0.2510 0.2203 
       H7380  1 0.1414 0.1731 0.2069 0.1528 0.3258 
       H7381  1 0.1722 0.2927 0.2506 0.1340 0.1504 
       H7382  1 0.1799 0.1342 0.2142 0.1813 0.2904 
        H904  1 0.2098 0.3411 0.1293 0.1131 0.2067 
        H923  1 0.1819 0.2322 0.2030 0.2287 0.1543 
        H924  1 0.1674 0.2465 0.2089 0.2001 0.1771 
        H925  1 0.2336 0.1290 0.1669 0.2778 0.1928 
       H9558  1 0.1638 0.1449 0.3314 0.1700 0.1899 
        H008  2 0.1261 0.1425 0.1884 0.3079 0.2351 
        H021  2 0.2775 0.2299 0.1559 0.1638 0.1729 
        H023  2 0.2408 0.2480 0.1556 0.1665 0.1890 
        H024  2 0.1198 0.1271 0.2136 0.3711 0.1684 
        H025  2 0.1226 0.3627 0.2238 0.1423 0.1487 
        H026  2 0.1325 0.1154 0.3206 0.2827 0.1488 
        H027  2 0.2682 0.1372 0.1595 0.2597 0.1753 
        H028  2 0.1591 0.1444 0.2541 0.2266 0.2159 
        H029  2 0.2050 0.1084 0.1709 0.3418 0.1739 
        H030  2 0.1474 0.1191 0.2562 0.2971 0.1802 
        H038  2 0.3782 0.1954 0.1478 0.1479 0.1307 
        H039  2 0.1324 0.5679 0.1001 0.1096 0.0899 
        H040  2 0.3568 0.1997 0.1520 0.1586 0.1328 
        H041  2 0.1176 0.2010 0.1453 0.3350 0.2010 
        H042  2 0.1713 0.2584 0.1820 0.2011 0.1872 
        H043  2 0.3192 0.2729 0.1666 0.1175 0.1237 
        H044  2 0.1760 0.1392 0.2172 0.2271 0.2404 
        H047  2 0.1380 0.2781 0.2421 0.1972 0.1445 
        H050  2 0.1906 0.1109 0.2142 0.2777 0.2067 
        H058  2 0.2985 0.1926 0.1920 0.1720 0.1449 
        H062  2 0.2118 0.2913 0.1750 0.1475 0.1743 
        H063  2 0.2141 0.2871 0.1493 0.1979 0.1517 
        H065  2 0.1504 0.2311 0.3427 0.1311 0.1447 
        H066  2 0.2577 0.1268 0.2101 0.2520 0.1535 
        H067  2 0.1814 0.1420 0.1981 0.2007 0.2778 
        H068  2 0.2116 0.3047 0.1828 0.1673 0.1337 
        H069  2 0.3069 0.1302 0.2303 0.1935 0.1390 
        H071  2 0.2251 0.2411 0.1847 0.1627 0.1864 
        H072  2 0.1505 0.4103 0.1368 0.1653 0.1371 
        H073  2 0.2158 0.1507 0.2523 0.1882 0.1931 
        H081  2 0.1188 0.2742 0.1280 0.2491 0.2299 
        H082  2 0.1298 0.1260 0.2341 0.2822 0.2279 
        H083  2 0.1352 0.1450 0.3006 0.1796 0.2396 
        H084  2 0.3012 0.1652 0.1654 0.2385 0.1296 
        H085  2 0.1418 0.1879 0.1532 0.3063 0.2108 
        H087  2 0.1116 0.2265 0.1406 0.2211 0.3002 
        H088  2 0.2084 0.2621 0.1523 0.1731 0.2041 
        H089  2 0.2439 0.1420 0.1782 0.2147 0.2212 
        H090  2 0.1242 0.1492 0.2094 0.3395 0.1775 
        H091  2 0.1853 0.1158 0.1771 0.3576 0.1642 
        H098  2 0.1266 0.1892 0.1627 0.3395 0.1821 
      H10001  2 0.1460 0.5683 0.0999 0.0900 0.0958 
      H10002  2 0.2164 0.2152 0.1473 0.1295 0.2915 
        H101  2 0.2299 0.1065 0.1870 0.3133 0.1632 
        H108  2 0.1032 0.4144 0.1294 0.1310 0.2220 
        H109  2 0.2636 0.1624 0.1902 0.2409 0.1429 
        H110  2 0.1181 0.1389 0.1432 0.2124 0.3874 
        H116  2 0.1710 0.1193 0.2825 0.2259 0.2013 
        H117  2 0.1476 0.1212 0.1363 0.4252 0.1697 
        H118  2 0.1319 0.1140 0.2613 0.3232 0.1697 
        H119  2 0.2008 0.2098 0.1609 0.2194 0.2091 
        H120  2 0.1195 0.5099 0.1129 0.1114 0.1462 
        H121  2 0.1371 0.1475 0.1875 0.3460 0.1819 
        H125  2 0.2284 0.4629 0.1061 0.1021 0.1005 
        H126  2 0.1000 0.2407 0.3225 0.1687 0.1681 
        H128  2 0.1366 0.0658 0.2689 0.3811 0.1476 
        H129  2 0.1346 0.1232 0.3554 0.1780 0.2089 
        H130  2 0.1865 0.3141 0.2171 0.0924 0.1899 
        H133  2 0.1811 0.3862 0.1662 0.1322 0.1343 
        H134  2 0.1007 0.1139 0.4893 0.1627 0.1333 
        H135  2 0.1720 0.2068 0.1551 0.1955 0.2707 
        H137  2 0.1962 0.1497 0.1583 0.3284 0.1674 
        H138  2 0.1616 0.1177 0.3281 0.1365 0.2561 
        H140  2 0.1418 0.2126 0.1814 0.2526 0.2115 
        H146  2 0.1660 0.1309 0.2311 0.3143 0.1576 
        H147  2 0.1692 0.1574 0.1627 0.2708 0.2400 
        H148  2 0.2069 0.1272 0.1352 0.2998 0.2309 
     H166022  2 0.2024 0.1105 0.1673 0.2235 0.2963 
     H167359  2 0.2178 0.1563 0.2131 0.2079 0.2049 
     H167397  2 0.1375 0.0732 0.1713 0.4022 0.2157 
     H167428  2 0.1015 0.0945 0.2247 0.3251 0.2542 
     H167496  2 0.1861 0.3715 0.1190 0.1832 0.1402 
     H167513  2 0.2853 0.1616 0.1460 0.2554 0.1517 
     H167545  2 0.2166 0.1118 0.2814 0.1647 0.2256 
     H167547  2 0.1836 0.1000 0.2419 0.3328 0.1417 
     H169621  2 0.1623 0.1296 0.2083 0.2695 0.2303 
     H169622  2 0.2403 0.1002 0.2387 0.1602 0.2607 
     H169750  2 0.2430 0.2273 0.2225 0.1531 0.1541 
     H171806  2 0.2026 0.2138 0.2049 0.2402 0.1384 
     H171808  2 0.2566 0.1580 0.2013 0.2104 0.1737 
     H171809  2 0.1565 0.2445 0.1676 0.1745 0.2570 
     H171813  2 0.2046 0.2267 0.2279 0.1816 0.1593 
     H171815  2 0.2479 0.3313 0.1677 0.1315 0.1217 
     H171824  2 0.1990 0.2392 0.1268 0.1871 0.2479 
     H171825  2 0.2268 0.1445 0.2289 0.1516 0.2483 
     H171826  2 0.1608 0.2247 0.1531 0.2100 0.2513 
     H171827  2 0.3033 0.1319 0.1763 0.1379 0.2506 
     H171828  2 0.1322 0.5112 0.1031 0.1339 0.1197 
     H171829  2 0.2298 0.1765 0.2640 0.1730 0.1567 
     H171830  2 0.1660 0.2108 0.1612 0.2769 0.1851 
     H171831  2 0.1437 0.1147 0.2684 0.2574 0.2159 
     H171832  2 0.1501 0.1866 0.2647 0.1735 0.2251 
     H171863  2 0.1750 0.0870 0.3244 0.2106 0.2030 
     H171864  2 0.2012 0.1637 0.1493 0.3243 0.1615 
     H171865  2 0.1826 0.3469 0.1637 0.1936 0.1131 
     H171879  2 0.1838 0.1377 0.2063 0.2927 0.1795 
     H171880  2 0.2230 0.1170 0.1522 0.3395 0.1682 
     H171881  2 0.1699 0.1582 0.1914 0.2333 0.2473 
     H171882  2 0.1135 0.5375 0.1106 0.1105 0.1279 
     H171929  2 0.1354 0.2124 0.1749 0.2836 0.1937 
     H171930  2 0.2007 0.0953 0.2387 0.2717 0.1936 
     H171933  2 0.2429 0.1299 0.1959 0.2295 0.2018 
     H171934  2 0.1958 0.1505 0.1724 0.2502 0.2312 
     H171937  2 0.1405 0.1496 0.3439 0.1756 0.1904 
     H171962  2 0.1617 0.1626 0.2357 0.2043 0.2357 
        H190  2 0.1964 0.1366 0.2166 0.2051 0.2454 
        H191  2 0.1727 0.2112 0.2057 0.2553 0.1552 
        H396  2 0.1952 0.2539 0.1741 0.2113 0.1655 
        H397  2 0.2160 0.1581 0.2268 0.1749 0.2242 
        H398  2 0.1946 0.2245 0.2681 0.1759 0.1369 
        H400  2 0.2431 0.1633 0.1784 0.2287 0.1865 
        H401  2 0.1216 0.0882 0.1843 0.4413 0.1646 
        H402  2 0.2402 0.0886 0.1596 0.2520 0.2596 
        H427  2 0.1643 0.1955 0.1659 0.2387 0.2356 
        H428  2 0.1040 0.0993 0.2038 0.3332 0.2598 
        H497  2 0.2493 0.2327 0.1681 0.1914 0.1585 
        H512  2 0.1783 0.1468 0.1722 0.2734 0.2293 
        H513  2 0.2852 0.1625 0.1496 0.2497 0.1530 
        H514  2 0.1750 0.1443 0.3033 0.1460 0.2314 
        H519  2 0.2508 0.1711 0.1508 0.2609 0.1665 
        H532  2 0.2037 0.1123 0.1634 0.2903 0.2303 
        H543  2 0.2626 0.0940 0.1688 0.2065 0.2681 
        H544  2 0.1666 0.2054 0.3303 0.1275 0.1702 
        H545  2 0.2101 0.1026 0.3109 0.1609 0.2157 
        H546  2 0.1968 0.3020 0.2164 0.1403 0.1445 
        H547  2 0.1838 0.0988 0.2385 0.3336 0.1452 
        H548  2 0.2406 0.1431 0.1704 0.2236 0.2223 
        H549  2 0.4668 0.0970 0.1546 0.1609 0.1207 
        H620  2 0.1417 0.5030 0.1138 0.1116 0.1299 
        H623  2 0.1378 0.1739 0.2898 0.1870 0.2115 
        H624  2 0.3079 0.2186 0.2449 0.0985 0.1302 
        H625  2 0.1975 0.1885 0.1959 0.2429 0.1752 
        H626  2 0.3424 0.1474 0.1613 0.1896 0.1593 
        H654  2 0.2452 0.4351 0.1253 0.0920 0.1025 
        H655  2 0.2558 0.2075 0.1946 0.1311 0.2110 
        H656  2 0.1276 0.5233 0.1204 0.1067 0.1220 
        H666  2 0.1841 0.4254 0.1539 0.1356 0.1011 
        H667  2 0.2084 0.1405 0.1686 0.1957 0.2869 
        H677  2 0.2174 0.1462 0.1938 0.1953 0.2473 
        H693  2 0.1360 0.4366 0.1238 0.1316 0.1719 
        H694  2 0.1365 0.1794 0.2430 0.2356 0.2056 
        H701  2 0.1859 0.1240 0.1816 0.2493 0.2591 
        H702  2 0.2617 0.1765 0.1667 0.1720 0.2230 
        H731  2 0.1581 0.2930 0.1562 0.1599 0.2328 
       H7359  2 0.2051 0.1491 0.2086 0.2117 0.2255 
       H7389  2 0.2078 0.1471 0.1989 0.3064 0.1398 
       H7390  2 0.3951 0.2107 0.1437 0.1174 0.1330 
       H7391  2 0.1394 0.1560 0.1239 0.3273 0.2534 
       H7392  2 0.2459 0.1841 0.2376 0.1621 0.1702 
       H7393  2 0.2320 0.2266 0.1608 0.2116 0.1689 
       H7398  2 0.1442 0.2063 0.1436 0.3070 0.1990 
       H7399  2 0.1634 0.1158 0.2184 0.2087 0.2937 
       H7400  2 0.1676 0.5123 0.1188 0.0949 0.1065 
        H745  2 0.1167 0.1396 0.3981 0.1995 0.1461 
        H746  2 0.2189 0.1036 0.2151 0.1714 0.2910 
        H747  2 0.3045 0.2452 0.1581 0.1711 0.1211 
        H748  2 0.2710 0.1425 0.1823 0.1983 0.2059 
       H7484  2 0.1419 0.4513 0.1317 0.1610 0.1140 
       H7485  2 0.2621 0.1555 0.2181 0.2056 0.1586 
        H749  2 0.3105 0.1028 0.2060 0.1687 0.2120 
        H930  2 0.2218 0.1013 0.2130 0.2816 0.1823 
        H931  2 0.1328 0.2138 0.1995 0.2462 0.2076 
        H932  2 0.2255 0.1655 0.2000 0.2461 0.1630 
        H111  3 0.1833 0.1284 0.2683 0.1897 0.2304 
        H951  3 0.1647 0.1285 0.2102 0.2933 0.2033 
        H952  3 0.2103 0.1556 0.2638 0.2167 0.1537 
        H953  3 0.1898 0.1252 0.1503 0.3795 0.1553 
        H954  3 0.2182 0.2992 0.1559 0.1625 0.1642 
        H955  3 0.2419 0.0985 0.2563 0.1975 0.2059 
        H956  3 0.2868 0.1547 0.1725 0.2213 0.1646 
       H9563  3 0.1456 0.2544 0.1497 0.2731 0.1772 
        H002  4 0.1558 0.3246 0.2425 0.0978 0.1792 
        H003  4 0.1678 0.1228 0.2206 0.1637 0.3252 
        H009  4 0.2226 0.1249 0.2943 0.1759 0.1823 
        H010  4 0.1881 0.1284 0.2172 0.2209 0.2454 
        H011  4 0.1436 0.4531 0.1302 0.1248 0.1484 
        H012  4 0.1510 0.1456 0.1564 0.2156 0.3315 
        H013  4 0.1531 0.2886 0.1581 0.1547 0.2455 
        H014  4 0.1404 0.1958 0.2134 0.1715 0.2789 
        H045  4 0.1385 0.2964 0.1432 0.2723 0.1495 
        H046  4 0.1820 0.1278 0.2956 0.1602 0.2344 
        H051  4 0.1307 0.3836 0.1384 0.1676 0.1797 
        H052  4 0.1296 0.3278 0.2307 0.1651 0.1469 
        H053  4 0.2668 0.2019 0.1738 0.1765 0.1809 
        H056  4 0.1448 0.3822 0.1753 0.1508 0.1469 
        H076  4 0.1404 0.1257 0.2641 0.2312 0.2387 
        H151  4 0.2565 0.2893 0.1908 0.1110 0.1524 
        H152  4 0.1282 0.3224 0.2641 0.1205 0.1647 
     H171803  4 0.4336 0.1543 0.1402 0.1241 0.1480 
     H171804  4 0.2976 0.2354 0.1411 0.1783 0.1476 
     H171833  4 0.1645 0.1201 0.3548 0.1437 0.2169 
     H171855  4 0.2046 0.3595 0.1849 0.1270 0.1240 
     H171856  4 0.3777 0.1391 0.1497 0.2052 0.1283 
     H171857  4 0.1904 0.3079 0.1987 0.1711 0.1319 
     H171858  4 0.1773 0.2028 0.2172 0.1842 0.2185 
     H171859  4 0.1739 0.2191 0.1970 0.2116 0.1985 
     H171961  4 0.1878 0.3074 0.1766 0.1494 0.1789 
        H198  4 0.1422 0.0945 0.2311 0.1867 0.3454 
      H20001  4 0.2151 0.1242 0.3038 0.1555 0.2014 
        H403  4 0.2782 0.1940 0.1823 0.2188 0.1268 
        H404  4 0.1669 0.1192 0.2044 0.1925 0.3170 
        H405  4 0.1991 0.1209 0.2199 0.2319 0.2281 
        H406  4 0.1412 0.1865 0.2419 0.3060 0.1244 
        H407  4 0.3394 0.1354 0.1664 0.2231 0.1357 
        H410  4 0.1470 0.1000 0.1443 0.4753 0.1334 
        H411  4 0.1414 0.1594 0.2645 0.2009 0.2337 
        H468  4 0.2932 0.1340 0.2694 0.1641 0.1392 
        H476  4 0.3040 0.1736 0.1840 0.1557 0.1827 
        H477  4 0.2990 0.0900 0.3327 0.1201 0.1583 
        H478  4 0.2478 0.1160 0.1658 0.1598 0.3106 
        H479  4 0.1747 0.2871 0.1798 0.1684 0.1900 
        H480  4 0.2441 0.1031 0.2770 0.1720 0.2039 
        H498  4 0.1450 0.1898 0.2384 0.1581 0.2687 
        H499  4 0.2038 0.1927 0.2266 0.1654 0.2114 
        H500  4 0.3020 0.2282 0.1517 0.1565 0.1616 
        H515  4 0.2285 0.2285 0.1680 0.1744 0.2006 
        H516  4 0.1764 0.1781 0.2496 0.1949 0.2009 
        H517  4 0.1879 0.1511 0.1916 0.2872 0.1822 
        H518  4 0.1952 0.2683 0.2423 0.1493 0.1449 
        H520  4 0.3017 0.2009 0.1898 0.1575 0.1502 
        H521  4 0.1873 0.1750 0.1945 0.2524 0.1907 
        H522  4 0.3364 0.1514 0.1872 0.1575 0.1676 
        H523  4 0.2090 0.1996 0.1843 0.1901 0.2170 
        H536  4 0.2054 0.1603 0.2536 0.1750 0.2056 
        H645  4 0.1568 0.2510 0.1448 0.2085 0.2389 
        H646  4 0.1911 0.1012 0.2440 0.3034 0.1603 
        H647  4 0.3204 0.1258 0.2191 0.1976 0.1372 
        H657  4 0.2440 0.0979 0.2149 0.2381 0.2051 
        H658  4 0.3100 0.1522 0.1720 0.1827 0.1831 
        H659  4 0.3624 0.2742 0.1286 0.1040 0.1307 
        H660  4 0.2014 0.2448 0.1828 0.1773 0.1937 
        H661  4 0.2938 0.2469 0.1787 0.1301 0.1505 
        H668  4 0.1468 0.1177 0.1595 0.1790 0.3970 
        H669  4 0.1842 0.2038 0.1668 0.2536 0.1916 
        H670  4 0.1149 0.2451 0.1252 0.1575 0.3573 
        H678  4 0.3171 0.1384 0.1629 0.2134 0.1681 
        H679  4 0.1722 0.1194 0.1913 0.3003 0.2168 
        H680  4 0.2216 0.1554 0.2521 0.2090 0.1619 
        H681  4 0.1723 0.2289 0.1535 0.1583 0.2870 
        H682  4 0.2604 0.1156 0.1561 0.2352 0.2326 
        H683  4 0.1499 0.3036 0.2144 0.2117 0.1204 
        H718  4 0.1453 0.4129 0.1508 0.1683 0.1227 
        H719  4 0.1351 0.3084 0.1549 0.1991 0.2025 
        H720  4 0.2032 0.2644 0.2159 0.1475 0.1690 
        H721  4 0.2108 0.2302 0.2728 0.1407 0.1456 
        H722  4 0.1521 0.2945 0.3098 0.1306 0.1130 
        H723  4 0.1716 0.3169 0.1228 0.2213 0.1674 
        H724  4 0.2530 0.3502 0.1323 0.1571 0.1075 
        H725  4 0.2043 0.3960 0.1559 0.1244 0.1193 
        H726  4 0.1777 0.3176 0.1728 0.1429 0.1891 
        H727  4 0.1772 0.2820 0.1457 0.1891 0.2060 
        H910  4 0.1797 0.2695 0.1496 0.2069 0.1943 
        H911  4 0.1528 0.1530 0.2043 0.3262 0.1638 
        H912  4 0.2101 0.1851 0.2112 0.2253 0.1684 
        H913  4 0.3568 0.1800 0.1618 0.1556 0.1460 
        H914  4 0.3027 0.2234 0.1329 0.1535 0.1876 
        H915  4 0.2982 0.1551 0.1744 0.2021 0.1703 
        H916  4 0.2345 0.1571 0.2405 0.2072 0.1608 
       H9572  4 0.2734 0.1990 0.1682 0.1982 0.1613 
        H015  5 0.1669 0.1624 0.2334 0.2224 0.2149 
        H016  5 0.1814 0.1245 0.3645 0.1558 0.1737 
        H017  5 0.3024 0.1415 0.2367 0.1435 0.1758 
        H019  5 0.1341 0.2254 0.2267 0.1769 0.2369 
        H020  5 0.2012 0.2303 0.2197 0.1904 0.1583 
        H032  5 0.2076 0.1954 0.2022 0.1992 0.1955 
        H033  5 0.1610 0.1440 0.1821 0.1886 0.3243 
        H034  5 0.1545 0.2836 0.1413 0.1578 0.2628 
        H035  5 0.3343 0.1246 0.1904 0.1946 0.1561 
        H036  5 0.1791 0.1633 0.2179 0.2674 0.1724 
        H037  5 0.3622 0.1844 0.1594 0.1251 0.1690 
        H048  5 0.2589 0.2937 0.1368 0.1853 0.1254 
        H049  5 0.1447 0.2264 0.2874 0.1700 0.1715 
        H054  5 0.1467 0.2098 0.2276 0.2356 0.1803 
        H055  5 0.1243 0.2740 0.1827 0.1564 0.2626 
        H057  5 0.1797 0.1659 0.3631 0.1064 0.1849 
        H060  5 0.1799 0.2659 0.2144 0.1101 0.2297 
        H061  5 0.2111 0.1396 0.1800 0.1924 0.2769 
        H064  5 0.1426 0.3019 0.1999 0.1760 0.1796 
        H070  5 0.1603 0.2778 0.1428 0.1740 0.2451 
        H077  5 0.1446 0.4115 0.1388 0.1407 0.1644 
        H078  5 0.2792 0.1980 0.2184 0.1778 0.1266 
        H079  5 0.2470 0.1063 0.1731 0.2806 0.1931 
        H097  5 0.1965 0.2250 0.2906 0.1248 0.1631 
        H107  5 0.2165 0.3902 0.1218 0.1077 0.1638 
        H122  5 0.3367 0.1245 0.2191 0.1538 0.1659 
        H123  5 0.2371 0.1006 0.2181 0.2817 0.1625 
        H124  5 0.2300 0.1091 0.2005 0.2679 0.1925 
        H131  5 0.1696 0.1350 0.2006 0.2548 0.2400 
        H132  5 0.1590 0.2480 0.1744 0.2457 0.1730 
        H141  5 0.3173 0.1725 0.1569 0.1556 0.1977 
        H142  5 0.1841 0.1204 0.2057 0.1460 0.3438 
        H157  5 0.2533 0.2916 0.1563 0.1439 0.1548 
        H158  5 0.1828 0.1171 0.3385 0.1959 0.1657 
        H159  5 0.2327 0.1302 0.2113 0.2004 0.2254 
        H160  5 0.3432 0.1218 0.2068 0.1671 0.1610 
        H163  5 0.1541 0.1687 0.1990 0.2140 0.2643 
        H164  5 0.1376 0.1853 0.2061 0.1863 0.2847 
        H165  5 0.1602 0.0944 0.1647 0.2750 0.3057 
        H166  5 0.1601 0.1998 0.2497 0.1995 0.1910 
        H169  5 0.1767 0.1504 0.2008 0.1646 0.3076 
     H169613  5 0.1599 0.2243 0.1971 0.1364 0.2823 
     H169653  5 0.1192 0.1762 0.2192 0.1832 0.3022 
     H169728  5 0.2214 0.1518 0.2340 0.1920 0.2008 
     H169742  5 0.2465 0.1612 0.1791 0.1894 0.2237 
        H170  5 0.1344 0.1955 0.3293 0.1451 0.1957 
        H171  5 0.1615 0.1651 0.3516 0.1704 0.1515 
     H171851  5 0.1656 0.2060 0.2435 0.1434 0.2415 
     H171852  5 0.2316 0.2375 0.2340 0.1520 0.1448 
     H171853  5 0.2409 0.2096 0.1475 0.2100 0.1921 
     H171854  5 0.1612 0.2018 0.2090 0.1893 0.2387 
     H171938  5 0.1822 0.1797 0.1411 0.1915 0.3055 
     H171939  5 0.1819 0.1387 0.2950 0.2422 0.1423 
     H171941  5 0.1277 0.4172 0.1461 0.1263 0.1826 
     H171965  5 0.1257 0.1429 0.2438 0.1290 0.3586 
     H171970  5 0.1296 0.4820 0.1252 0.1175 0.1456 
     H171973  5 0.2388 0.1144 0.1703 0.2402 0.2362 
     H171974  5 0.1922 0.1704 0.1609 0.2078 0.2687 
     H171975  5 0.1148 0.3406 0.1579 0.2019 0.1849 
     H171976  5 0.1982 0.1765 0.3443 0.1285 0.1526 
        H175  5 0.2425 0.2431 0.1672 0.1940 0.1532 
        H178  5 0.1561 0.2930 0.1898 0.1567 0.2044 
        H189  5 0.1553 0.1031 0.2247 0.2199 0.2970 
        H399  5 0.2469 0.1165 0.3648 0.1585 0.1133 
        H416  5 0.2437 0.2010 0.1706 0.2023 0.1823 
        H438  5 0.2277 0.1753 0.1565 0.2412 0.1993 
        H450  5 0.1708 0.3461 0.1560 0.1054 0.2217 
        H455  5 0.1102 0.5243 0.1175 0.1209 0.1271 
        H456  5 0.2393 0.1629 0.1577 0.2082 0.2319 
        H457  5 0.1574 0.3219 0.2208 0.1183 0.1815 
        H458  5 0.2031 0.2499 0.1800 0.1585 0.2085 
        H459  5 0.2384 0.1015 0.2271 0.1952 0.2379 
        H460  5 0.3558 0.1542 0.1655 0.1548 0.1697 
        H461  5 0.1753 0.1897 0.2872 0.1596 0.1883 
        H462  5 0.1549 0.1451 0.2074 0.2881 0.2045 
        H469  5 0.1270 0.1418 0.1693 0.3151 0.2468 
        H470  5 0.2158 0.1838 0.1791 0.1927 0.2287 
        H471  5 0.2531 0.0891 0.2946 0.2017 0.1616 
        H481  5 0.2200 0.3986 0.1280 0.1350 0.1184 
        H482  5 0.1860 0.2704 0.1820 0.1495 0.2121 
        H501  5 0.2361 0.1741 0.1867 0.1954 0.2077 
        H502  5 0.1655 0.1237 0.2918 0.1855 0.2335 
        H503  5 0.1765 0.1395 0.2500 0.2177 0.2162 
        H509  5 0.2559 0.2679 0.1420 0.2017 0.1325 
        H510  5 0.1052 0.2831 0.1990 0.1386 0.2741 
        H511  5 0.1455 0.1502 0.2275 0.1812 0.2955 
        H530  5 0.2298 0.1955 0.1535 0.2161 0.2052 
        H531  5 0.3796 0.2017 0.1662 0.1396 0.1129 
        H564  5 0.2496 0.2459 0.2127 0.1311 0.1606 
        H565  5 0.2307 0.3740 0.1596 0.1204 0.1152 
        H567  5 0.1671 0.0981 0.2035 0.3320 0.1993 
     H568???  5 0.1560 0.1310 0.3146 0.1701 0.2284 
        H608  5 0.1749 0.3413 0.1576 0.1140 0.2123 
        H609  5 0.1344 0.1950 0.1683 0.2364 0.2659 
        H612  5 0.2685 0.2920 0.1227 0.1414 0.1754 
        H614  5 0.2739 0.2631 0.2073 0.1358 0.1199 
        H615  5 0.2534 0.2669 0.2051 0.1348 0.1399 
        H616  5 0.1534 0.4735 0.1038 0.1228 0.1466 
        H617  5 0.2546 0.1013 0.1898 0.2252 0.2292 
        H618  5 0.1610 0.3894 0.1445 0.1664 0.1386 
        H619  5 0.1403 0.1667 0.1713 0.1905 0.3312 
        H635  5 0.1229 0.2259 0.1855 0.1813 0.2844 
        H636  5 0.1592 0.1425 0.1427 0.1974 0.3582 
        H637  5 0.1939 0.2734 0.1817 0.1677 0.1832 
        H644  5 0.1216 0.0921 0.3677 0.2412 0.1775 
        H711  5 0.2020 0.1383 0.3189 0.1424 0.1984 
        H712  5 0.1998 0.3177 0.1474 0.1761 0.1590 
       H7360  5 0.2160 0.1915 0.2444 0.1496 0.1984 
       H7361  5 0.1594 0.3465 0.1666 0.1366 0.1910 
       H7362  5 0.1317 0.1013 0.3544 0.2364 0.1762 
       H7363  5 0.1812 0.2561 0.2043 0.1885 0.1700 
       H7394  5 0.1511 0.1305 0.1927 0.1971 0.3286 
       H7395  5 0.1837 0.2161 0.1926 0.1361 0.2714 
       H7396  5 0.2794 0.1470 0.1835 0.1846 0.2054 
        H742  5 0.2387 0.1643 0.1796 0.1920 0.2253 
        H743  5 0.1848 0.2471 0.1932 0.2457 0.1293 
        H744  5 0.2085 0.3386 0.1292 0.2153 0.1085 
        H957  5 0.2059 0.1780 0.2600 0.1271 0.2290 
        H958  5 0.2699 0.1471 0.1817 0.2012 0.2000 
        H959  5 0.1493 0.3694 0.1302 0.1364 0.2147 
        H960  5 0.1708 0.1978 0.1769 0.2714 0.1831 
      H_PALI  6 0.1696 0.1757 0.1997 0.1703 0.2847 
        H581  6 0.2561 0.2190 0.1947 0.2038 0.1264 
        H582  6 0.2393 0.3666 0.1623 0.1089 0.1228 
        H583  6 0.2539 0.1844 0.2038 0.1941 0.1638 
        H595  6 0.1946 0.0943 0.2044 0.3024 0.2043 
        H596  6 0.1762 0.1010 0.2157 0.2843 0.2228 
        H597  6 0.1430 0.1285 0.2855 0.2103 0.2327 
        H598  6 0.1943 0.2158 0.1664 0.1824 0.2411 
        H599  6 0.1594 0.3654 0.1604 0.1759 0.1390 
        H642  6 0.2712 0.1138 0.2368 0.2350 0.1432 
        H643  6 0.2036 0.1804 0.1574 0.2625 0.1961 
        H664  6 0.4076 0.1655 0.1889 0.1343 0.1038 
        H665  6 0.1763 0.1654 0.1524 0.2070 0.2989 
        H674  6 0.1251 0.1206 0.3495 0.2422 0.1625 
        H675  6 0.2186 0.2272 0.2271 0.1819 0.1452 
        H676  6 0.1225 0.1967 0.2013 0.2241 0.2554 
        H686  6 0.1730 0.1778 0.2436 0.1585 0.2471 
        H687  6 0.2859 0.1535 0.2275 0.1663 0.1667 
        H917  6 0.1700 0.1123 0.1690 0.2943 0.2545 
        H918  6 0.1971 0.1642 0.1899 0.1698 0.2790 
        H919  6 0.2065 0.3564 0.1172 0.1804 0.1396 
        H920  6 0.1643 0.2679 0.1898 0.1625 0.2155 
        H631  7 0.1987 0.2778 0.1907 0.1227 0.2101 
        H684  7 0.1014 0.1536 0.3013 0.1371 0.3065 
        H685  7 0.3486 0.2138 0.1466 0.1946 0.0964 
        H713  7 0.3637 0.2350 0.1255 0.1224 0.1533 
        H715  7 0.1179 0.1699 0.2802 0.1551 0.2769 
        H716  7 0.1116 0.3274 0.2110 0.1350 0.2150 
        H717  7 0.1645 0.2721 0.1896 0.2025 0.1712 
        H729  7 0.1520 0.1066 0.1764 0.3416 0.2235 
        H730  7 0.1720 0.2207 0.1493 0.3072 0.1508 
        H431  8 0.2276 0.2182 0.1548 0.2254 0.1740 
        H432  8 0.1137 0.1474 0.3046 0.2336 0.2007 
        H433  8 0.1753 0.1757 0.1686 0.2256 0.2548 
        H434  8 0.2182 0.1383 0.2113 0.2304 0.2019 
        H444  8 0.1193 0.2470 0.1666 0.2047 0.2624 
        H454  8 0.1484 0.4373 0.1268 0.1476 0.1398 
        H475  8 0.1581 0.4251 0.1330 0.1127 0.1711 
        H491  8 0.1453 0.3469 0.1903 0.1276 0.1898 
        H492  8 0.2774 0.2326 0.1728 0.1596 0.1576 
        H493  8 0.1844 0.1552 0.2405 0.1903 0.2296 
        H494  8 0.1795 0.2496 0.1860 0.2187 0.1662 
        H495  8 0.2428 0.3123 0.2165 0.1081 0.1202 
        H662  8 0.2996 0.1332 0.2325 0.2097 0.1250 
        H663  8 0.1847 0.1933 0.1908 0.2439 0.1873 
        H695  8 0.2089 0.1959 0.1676 0.2281 0.1995 
       H7367  8 0.1523 0.1037 0.1871 0.3706 0.1863 
       H7368  8 0.1461 0.1413 0.2617 0.1903 0.2606 
       H7369  8 0.1220 0.2536 0.1486 0.2350 0.2409 
       H7370  8 0.2607 0.0734 0.1574 0.3293 0.1793 
       H7371  8 0.2036 0.1539 0.1654 0.2493 0.2277 
        H600  9 0.2177 0.2842 0.1834 0.1350 0.1796 
        H648  9 0.1679 0.2389 0.2194 0.2030 0.1709 
        H696  9 0.1836 0.0849 0.2786 0.3072 0.1458 
        H697  9 0.1539 0.1988 0.1717 0.3023 0.1733 
        H698  9 0.1481 0.1438 0.1795 0.3625 0.1661 
        H699  9 0.1483 0.2295 0.1967 0.2381 0.1874 
        H700  9 0.2375 0.2202 0.1533 0.1107 0.2783 
        H732  9 0.2184 0.3441 0.1862 0.1451 0.1063 
        H733  9 0.1535 0.1252 0.1647 0.3666 0.1901 
        H734  9 0.3027 0.0862 0.2354 0.1916 0.1841 
        H735  9 0.1959 0.1551 0.1696 0.3320 0.1473 
        H736  9 0.3307 0.1528 0.1811 0.1464 0.1891 
        H737  9 0.1722 0.2240 0.1851 0.2550 0.1637 
        H905  9 0.1262 0.3053 0.1478 0.1575 0.2632 
        H921  9 0.1866 0.2357 0.1568 0.2106 0.2103 
        H922  9 0.1537 0.1169 0.1891 0.3202 0.2201 
     H169705 10 0.2307 0.1277 0.1663 0.3162 0.1591 
     H171942 10 0.1003 0.1574 0.3040 0.2382 0.2002 
     H171943 10 0.3279 0.1354 0.2178 0.1553 0.1637 
     H171944 10 0.3609 0.1211 0.1481 0.1976 0.1723 
     H171946 10 0.3604 0.1850 0.1864 0.1569 0.1114 
     H171947 10 0.1517 0.1698 0.2163 0.2468 0.2155 
     H229641 10 0.1912 0.2148 0.1841 0.2226 0.1874 
      H30001 10 0.2049 0.2076 0.1729 0.1989 0.2157 
      H30002 10 0.2330 0.1666 0.1840 0.1640 0.2525 
      H30005 10 0.1882 0.1403 0.1948 0.3032 0.1735 
      H30006 10 0.1632 0.1655 0.2253 0.3043 0.1416 
      H30007 10 0.1985 0.1038 0.3790 0.1751 0.1436 
        H451 10 0.1127 0.1664 0.1848 0.2184 0.3177 
        H452 10 0.1648 0.1513 0.1686 0.3935 0.1218 
        H453 10 0.1678 0.3409 0.2072 0.1240 0.1601 
        H473 10 0.1732 0.2775 0.1942 0.1581 0.1969 
        H474 10 0.2622 0.3236 0.1672 0.1246 0.1224 
        H486 10 0.1666 0.2906 0.1652 0.2265 0.1512 
        H487 10 0.1731 0.2368 0.1867 0.2417 0.1616 
        H488 10 0.1219 0.2654 0.1492 0.1990 0.2644 
        H489 10 0.2555 0.2567 0.1506 0.1971 0.1400 
        H550 10 0.3131 0.0902 0.2618 0.1326 0.2023 
        H551 10 0.1976 0.1799 0.1470 0.3251 0.1504 
        H553 10 0.2393 0.2443 0.1777 0.2283 0.1105 
        H554 10 0.1567 0.1512 0.2149 0.1854 0.2917 
        H556 10 0.3120 0.1659 0.2285 0.1748 0.1188 
        H580 10 0.1898 0.1392 0.2117 0.2600 0.1993 
        H591 10 0.1923 0.3944 0.1400 0.1502 0.1231 
        H592 10 0.3138 0.1874 0.1516 0.1936 0.1535 
        H593 10 0.1794 0.1757 0.1977 0.1693 0.2780 
        H594 10 0.1507 0.0979 0.3012 0.2642 0.1859 
        H627 10 0.2265 0.2084 0.2328 0.1572 0.1749 
        H628 10 0.1102 0.1058 0.1893 0.2844 0.3104 
        H629 10 0.2602 0.1737 0.2464 0.1728 0.1469 
        H630 10 0.3636 0.1144 0.1749 0.2071 0.1401 
        H638 10 0.2323 0.1362 0.1676 0.2794 0.1844 
        H639 10 0.1722 0.3560 0.1846 0.1675 0.1198 
        H640 10 0.2722 0.1024 0.2176 0.2229 0.1848 
        H704 10 0.1532 0.1436 0.2991 0.2274 0.1766 
        H705 10 0.2272 0.1330 0.1652 0.3154 0.1592 
        H706 10 0.1505 0.2995 0.1408 0.2108 0.1984 
        H708 10 0.3977 0.2032 0.1314 0.1355 0.1323 
       H7351 10 0.2125 0.1640 0.2183 0.1642 0.2409 
       H7352 10 0.2242 0.1836 0.1951 0.2044 0.1928 
       H7353 10 0.1083 0.1603 0.3955 0.1775 0.1584 
       H7354 10 0.1568 0.2704 0.1672 0.1049 0.3007 
       H7365 10 0.3256 0.2686 0.1314 0.1349 0.1394 
       H7383 10 0.1846 0.2505 0.1465 0.1634 0.2550 
       H7384 10 0.1723 0.2121 0.1859 0.1978 0.2319 
       H7385 10 0.2025 0.2860 0.1527 0.1657 0.1931 
       H7386 10 0.1463 0.1810 0.1751 0.2498 0.2478 
       H7387 10 0.2247 0.1382 0.2153 0.1682 0.2536 
       H7388 10 0.1464 0.1727 0.1523 0.3723 0.1562 
        H906 10 0.1281 0.3736 0.2384 0.1184 0.1415 
        H907 10 0.1890 0.1309 0.2044 0.2357 0.2400 
        H908 10 0.1858 0.1900 0.1586 0.2124 0.2532 
        H909 10 0.1325 0.2448 0.1656 0.1351 0.3220 
       H9552 10 0.1983 0.1783 0.2233 0.2146 0.1854 
       H9553 10 0.2240 0.1873 0.1810 0.2849 0.1228 
       H9555 10 0.2610 0.1237 0.1676 0.2337 0.2139 
       H9575 10 0.2852 0.2115 0.2113 0.1321 0.1599 
       H9703 10 0.2308 0.3402 0.1485 0.1655 0.1150 
       H9707 10 0.1787 0.3170 0.1662 0.1763 0.1618 
       HSAA4 10 0.1938 0.1359 0.2138 0.2550 0.2016 
        H001 11 0.1610 0.2373 0.1747 0.1816 0.2454 
        H004 11 0.1991 0.1798 0.1907 0.1642 0.2661 
        H005 11 0.1084 0.4167 0.1177 0.1117 0.2455 
        H006 11 0.2203 0.1601 0.1772 0.1555 0.2869 
        H007 11 0.1417 0.3982 0.1379 0.1524 0.1699 
        H031 11 0.3017 0.2861 0.1213 0.1607 0.1301 
        H074 11 0.2846 0.2766 0.1610 0.1508 0.1269 
        H075 11 0.2951 0.2725 0.1302 0.1392 0.1630 
        H080 11 0.1680 0.3111 0.1555 0.2096 0.1559 
        H086 11 0.1667 0.1671 0.2087 0.2869 0.1705 
        H092 11 0.1971 0.2608 0.1637 0.1876 0.1908 
        H093 11 0.1327 0.1330 0.3224 0.2162 0.1957 
        H094 11 0.3076 0.1126 0.2042 0.1889 0.1868 
        H095 11 0.2137 0.2560 0.1868 0.1501 0.1934 
        H096 11 0.1534 0.2713 0.1428 0.1561 0.2764 
        H099 11 0.2118 0.2424 0.1797 0.1749 0.1913 
        H100 11 0.1692 0.1079 0.2668 0.2219 0.2343 
        H127 11 0.1753 0.2278 0.1759 0.2715 0.1494 
        H136 11 0.2256 0.3092 0.1635 0.1487 0.1529 
        H153 11 0.1624 0.2039 0.2108 0.1628 0.2602 
        H154 11 0.3623 0.2172 0.1541 0.1402 0.1261 
        H155 11 0.1279 0.1294 0.1637 0.3627 0.2162 
        H156 11 0.1153 0.0880 0.1710 0.2689 0.3569 
        H161 11 0.1823 0.1912 0.2437 0.1806 0.2021 
        H162 11 0.2071 0.1062 0.1896 0.2961 0.2010 
        H167 11 0.1691 0.1450 0.2137 0.1855 0.2867 
        H168 11 0.1444 0.1862 0.2048 0.2392 0.2255 
     H169586 11 0.3132 0.1663 0.3071 0.1007 0.1127 
     H169738 11 0.1189 0.1402 0.1759 0.3395 0.2254 
     H169741 11 0.3616 0.1712 0.1704 0.1403 0.1566 
     H171801 11 0.1344 0.1589 0.2843 0.1972 0.2251 
     H171810 11 0.2491 0.2642 0.1814 0.1310 0.1743 
     H171811 11 0.3497 0.2335 0.1738 0.1052 0.1378 
     H171812 11 0.1865 0.2387 0.1606 0.1838 0.2304 
     H171820 11 0.2951 0.2861 0.1530 0.1383 0.1276 
     H171821 11 0.1564 0.1601 0.1932 0.2455 0.2448 
     H171822 11 0.2240 0.1475 0.1919 0.2340 0.2026 
     H171823 11 0.1228 0.4343 0.2204 0.0937 0.1288 
     H171866 11 0.1162 0.1657 0.2282 0.3079 0.1819 
     H171867 11 0.1675 0.1369 0.1516 0.2636 0.2804 
     H171967 11 0.2283 0.2889 0.1456 0.1927 0.1446 
     H171969 11 0.2082 0.2152 0.1975 0.1776 0.2014 
        H172 11 0.2588 0.1493 0.1847 0.2107 0.1966 
        H173 11 0.2113 0.1426 0.1463 0.2959 0.2039 
        H174 11 0.2360 0.0864 0.2476 0.2601 0.1699 
        H196 11 0.1400 0.1195 0.1512 0.4459 0.1433 
        H197 11 0.1586 0.1281 0.1661 0.2289 0.3183 
        H346 11 0.1590 0.2691 0.1589 0.1493 0.2636 
        H355 11 0.1976 0.2567 0.1869 0.1760 0.1829 
        H356 11 0.1734 0.2263 0.2074 0.2217 0.1713 
        H357 11 0.2312 0.2564 0.1515 0.1862 0.1748 
        H358 11 0.2447 0.1712 0.1429 0.1820 0.2593 
        H359 11 0.2799 0.1390 0.2103 0.1682 0.2026 
        H360 11 0.2163 0.1676 0.1704 0.2045 0.2412 
        H361 11 0.1292 0.2005 0.1922 0.2273 0.2508 
        H362 11 0.1591 0.1071 0.1908 0.3152 0.2277 
        H363 11 0.2351 0.2435 0.1489 0.1252 0.2472 
        H364 11 0.2221 0.1533 0.2430 0.1366 0.2450 
        H365 11 0.1820 0.1609 0.1889 0.2989 0.1694 
        H366 11 0.1795 0.1326 0.2010 0.3009 0.1861 
        H367 11 0.2239 0.3450 0.1341 0.1885 0.1085 
        H368 11 0.3214 0.0924 0.2590 0.1432 0.1839 
        H369 11 0.2116 0.3374 0.1252 0.1612 0.1646 
        H370 11 0.1995 0.1054 0.1991 0.2004 0.2957 
        H371 11 0.1925 0.1861 0.1781 0.3050 0.1384 
        H372 11 0.2250 0.1455 0.1923 0.2594 0.1778 
        H373 11 0.1596 0.1977 0.1931 0.1716 0.2780 
        H374 11 0.1471 0.2717 0.1784 0.1401 0.2627 
        H375 11 0.2290 0.2366 0.1567 0.1888 0.1888 
        H376 11 0.1693 0.1566 0.2612 0.1963 0.2167 
        H377 11 0.1971 0.2023 0.1711 0.1714 0.2580 
        H378 11 0.2108 0.2182 0.2238 0.1739 0.1733 
        H379 11 0.2342 0.1556 0.2114 0.1635 0.2353 
        H380 11 0.1490 0.1303 0.1712 0.2080 0.3415 
        H381 11 0.2960 0.2634 0.1905 0.1171 0.1330 
        H382 11 0.1373 0.0862 0.2201 0.2490 0.3073 
        H383 11 0.1270 0.1184 0.2545 0.1822 0.3178 
        H384 11 0.3192 0.1893 0.1836 0.1438 0.1641 
        H385 11 0.2542 0.2055 0.1652 0.1805 0.1946 
        H386 11 0.1733 0.1247 0.1470 0.2091 0.3460 
        H387 11 0.1560 0.2012 0.3584 0.1100 0.1745 
        H388 11 0.1636 0.0976 0.1940 0.3497 0.1951 
        H389 11 0.1969 0.2398 0.1521 0.2183 0.1929 
        H390 11 0.2616 0.1318 0.1752 0.1846 0.2468 
        H391 11 0.3217 0.0968 0.2383 0.2238 0.1194 
        H392 11 0.2338 0.2955 0.1504 0.1188 0.2016 
        H393 11 0.1469 0.1495 0.2949 0.2013 0.2073 
        H394 11 0.1678 0.1465 0.3459 0.2106 0.1292 
        H395 11 0.1923 0.2573 0.1494 0.2069 0.1941 
        H408 11 0.1547 0.2215 0.1453 0.1844 0.2941 
        H412 11 0.4569 0.2025 0.1551 0.1090 0.0766 
        H417 11 0.3059 0.1548 0.1768 0.1774 0.1850 
        H418 11 0.2301 0.1921 0.2357 0.1932 0.1490 
        H429 11 0.2169 0.1783 0.1988 0.1828 0.2232 
        H430 11 0.1528 0.1512 0.1899 0.2773 0.2288 
        H439 11 0.2286 0.1815 0.1699 0.2152 0.2048 
        H440 11 0.2008 0.3331 0.1456 0.1183 0.2022 
        H441 11 0.2244 0.1298 0.1556 0.3047 0.1856 
        H442 11 0.1827 0.1252 0.2068 0.2370 0.2484 
        H446 11 0.2263 0.1483 0.2466 0.1615 0.2173 
        H447 11 0.2770 0.1004 0.1733 0.2079 0.2413 
        H448 11 0.1566 0.1594 0.1550 0.3388 0.1902 
        H534 11 0.2040 0.3416 0.1894 0.1197 0.1453 
        H537 11 0.2106 0.3158 0.2056 0.1182 0.1497 
        H568 11 0.1881 0.4157 0.1292 0.1439 0.1232 
        H569 11 0.1261 0.0966 0.1852 0.3874 0.2047 
        H586 11 0.3426 0.1563 0.2997 0.0975 0.1039 
        H587 11 0.2632 0.3395 0.1310 0.1210 0.1453 
        H588 11 0.1405 0.1174 0.3984 0.1429 0.2009 
        H589 11 0.2459 0.3388 0.1380 0.1169 0.1604 
        H590 11 0.1382 0.3745 0.1754 0.1514 0.1605 
        H601 11 0.1278 0.1263 0.2319 0.3016 0.2124 
        H602 11 0.2306 0.2265 0.1530 0.2378 0.1521 
        H603 11 0.1516 0.1619 0.1588 0.2399 0.2878 
