        H102  1 0.2698 0.1737 0.2029 0.3536 
        H103  1 0.1346 0.3445 0.3139 0.2070 
        H104  1 0.3308 0.2258 0.1808 0.2625 
        H105  1 0.2209 0.2099 0.2090 0.3601 
        H106  1 0.2556 0.2872 0.2531 0.2040 
        H112  1 0.3261 0.2130 0.1989 0.2621 
        H113  1 0.2157 0.2624 0.2061 0.3158 
        H114  1 0.1660 0.2778 0.2135 0.3426 
        H115  1 0.2734 0.2045 0.1698 0.3523 
        H143  1 0.2003 0.1825 0.2205 0.3967 
        H144  1 0.1403 0.1850 0.3478 0.3269 
        H145  1 0.1564 0.2890 0.3133 0.2413 
        H149  1 0.3341 0.2171 0.1942 0.2546 
        H150  1 0.2506 0.2130 0.2860 0.2505 
     H167542  1 0.1882 0.2036 0.1733 0.4350 
     H169604  1 0.2016 0.2307 0.2060 0.3617 
     H169607  1 0.1612 0.2412 0.2639 0.3337 
     H169608  1 0.3899 0.1836 0.2008 0.2257 
     H169633  1 0.1514 0.2754 0.2315 0.3417 
     H169688  1 0.1823 0.2575 0.3627 0.1975 
     H169714  1 0.3067 0.2511 0.2159 0.2262 
     H171802  1 0.3444 0.2725 0.2161 0.1670 
     H171805  1 0.1841 0.2968 0.2897 0.2295 
     H171807  1 0.3052 0.2105 0.2462 0.2381 
     H171814  1 0.1512 0.2852 0.3486 0.2150 
     H171816  1 0.3049 0.2345 0.2442 0.2164 
     H171817  1 0.2941 0.2606 0.2029 0.2425 
     H171818  1 0.2220 0.2815 0.2299 0.2667 
     H171819  1 0.2619 0.2725 0.2339 0.2317 
     H171834  1 0.2458 0.2044 0.2364 0.3134 
     H171835  1 0.4012 0.2012 0.1994 0.1982 
     H171836  1 0.1157 0.3714 0.2620 0.2508 
     H171837  1 0.2888 0.2246 0.1978 0.2888 
     H171838  1 0.1907 0.3317 0.2916 0.1860 
     H171839  1 0.2676 0.2499 0.1908 0.2916 
     H171841  1 0.4633 0.1785 0.2137 0.1444 
     H171860  1 0.2385 0.2373 0.2058 0.3183 
     H171861  1 0.1206 0.2885 0.2457 0.3452 
     H171862  1 0.2334 0.2306 0.2523 0.2837 
     H171868  1 0.1986 0.1835 0.1835 0.4344 
     H171869  1 0.1959 0.2579 0.3496 0.1966 
     H171870  1 0.2484 0.2437 0.3038 0.2041 
     H171871  1 0.1825 0.3661 0.2785 0.1730 
     H171872  1 0.2832 0.2274 0.1930 0.2964 
     H171873  1 0.2483 0.2548 0.3011 0.1958 
     H171874  1 0.1830 0.2131 0.2643 0.3396 
     H171875  1 0.1401 0.2367 0.2471 0.3761 
     H171876  1 0.1699 0.2327 0.2361 0.3612 
     H171877  1 0.2087 0.1895 0.1740 0.4277 
     H171878  1 0.2889 0.2237 0.3057 0.1816 
     H171901  1 0.2890 0.3418 0.1995 0.1697 
     H171902  1 0.2494 0.2112 0.2853 0.2541 
     H171903  1 0.2222 0.2729 0.2199 0.2849 
     H171935  1 0.3017 0.2717 0.2707 0.1559 
     H171936  1 0.1648 0.2861 0.2313 0.3178 
     H171940  1 0.3049 0.1655 0.2209 0.3086 
     H171945  1 0.2433 0.2281 0.2994 0.2292 
     H171948  1 0.3147 0.2190 0.2032 0.2631 
     H171949  1 0.3933 0.1874 0.1955 0.2238 
     H171950  1 0.4130 0.2300 0.1854 0.1716 
     H171963  1 0.1775 0.2892 0.3275 0.2059 
     H171964  1 0.1928 0.1799 0.4074 0.2198 
     H171966  1 0.2490 0.2620 0.2686 0.2204 
     H171968  1 0.2797 0.1740 0.2625 0.2838 
     H171971  1 0.2455 0.3128 0.2714 0.1704 
     H171972  1 0.1664 0.2730 0.3228 0.2379 
     H171977  1 0.1630 0.2375 0.3426 0.2570 
     H171978  1 0.3040 0.2295 0.2665 0.2000 
     H171979  1 0.1380 0.3560 0.2692 0.2368 
        H176  1 0.2347 0.2125 0.2204 0.3324 
        H177  1 0.3740 0.2330 0.1796 0.2134 
        H179  1 0.3072 0.2077 0.1729 0.3121 
        H181  1 0.1849 0.2608 0.3053 0.2490 
        H182  1 0.1404 0.2994 0.2734 0.2868 
        H183  1 0.1821 0.2625 0.3692 0.1861 
        H184  1 0.3160 0.2147 0.2127 0.2566 
        H185  1 0.1777 0.2654 0.2799 0.2771 
        H186  1 0.2702 0.1456 0.3125 0.2718 
        H187  1 0.2173 0.3396 0.2493 0.1938 
        H188  1 0.3032 0.1713 0.1763 0.3492 
        H192  1 0.3607 0.2090 0.2202 0.2101 
        H193  1 0.1555 0.2564 0.3083 0.2798 
        H194  1 0.2553 0.2493 0.2076 0.2878 
        H195  1 0.1781 0.2134 0.3868 0.2218 
        H199  1 0.1917 0.2284 0.3545 0.2254 
        H200  1 0.3012 0.2399 0.2245 0.2344 
        H414  1 0.1832 0.3201 0.2702 0.2264 
        H415  1 0.1789 0.2944 0.2312 0.2955 
        H422  1 0.2774 0.1913 0.2894 0.2420 
        H423  1 0.4883 0.1733 0.1755 0.1630 
        H424  1 0.1598 0.2913 0.3244 0.2245 
        H425  1 0.1637 0.2281 0.3856 0.2225 
        H426  1 0.1968 0.2490 0.3959 0.1583 
        H443  1 0.1759 0.1484 0.3489 0.3268 
        H466  1 0.2446 0.2639 0.2362 0.2553 
        H467  1 0.4016 0.1844 0.2281 0.1858 
        H472  1 0.2293 0.2701 0.2280 0.2725 
        H483  1 0.1633 0.1892 0.2615 0.3860 
        H504  1 0.1651 0.2419 0.3846 0.2084 
        H505  1 0.2999 0.2375 0.2121 0.2505 
        H506  1 0.2432 0.2038 0.2880 0.2650 
        H507  1 0.1196 0.3588 0.2673 0.2544 
        H508  1 0.2659 0.3026 0.2539 0.1776 
        H524  1 0.1494 0.3451 0.2391 0.2664 
        H525  1 0.2001 0.2028 0.3033 0.2938 
        H526  1 0.1864 0.1901 0.1994 0.4240 
        H527  1 0.3096 0.2526 0.2177 0.2200 
        H528  1 0.1658 0.2489 0.2870 0.2983 
        H529  1 0.1310 0.2973 0.3049 0.2669 
        H533  1 0.1164 0.4533 0.2188 0.2115 
        H538  1 0.2539 0.2410 0.2058 0.2993 
        H539  1 0.1993 0.3056 0.3042 0.1910 
        H540  1 0.2347 0.2839 0.2297 0.2517 
        H541  1 0.2045 0.2568 0.1932 0.3455 
        H558  1 0.2051 0.2906 0.3475 0.1569 
        H559  1 0.2282 0.1632 0.2419 0.3667 
        H579  1 0.1835 0.2172 0.3074 0.2919 
        H584  1 0.1880 0.2284 0.3437 0.2399 
        H585  1 0.1939 0.2997 0.2728 0.2335 
        H605  1 0.2722 0.2427 0.2403 0.2448 
        H606  1 0.3703 0.1621 0.1820 0.2856 
        H632  1 0.1812 0.2025 0.3478 0.2685 
        H634  1 0.2009 0.2536 0.2878 0.2578 
        H671  1 0.3814 0.2227 0.1901 0.2057 
        H672  1 0.2099 0.3171 0.2522 0.2208 
        H673  1 0.2002 0.1596 0.3013 0.3389 
        H689  1 0.1843 0.2130 0.2759 0.3267 
        H690  1 0.2978 0.2226 0.1828 0.2968 
        H691  1 0.1954 0.2212 0.1865 0.3970 
        H692  1 0.1094 0.2677 0.3303 0.2927 
        H709  1 0.2112 0.2763 0.2530 0.2594 
        H710  1 0.1410 0.2542 0.3280 0.2768 
       H7355  1 0.1555 0.2564 0.1927 0.3954 
       H7356  1 0.2322 0.2234 0.2940 0.2505 
       H7357  1 0.2445 0.2522 0.1999 0.3035 
       H7358  1 0.1707 0.2192 0.2414 0.3687 
       H7380  1 0.1938 0.2123 0.2424 0.3515 
       H7381  1 0.3186 0.2096 0.2854 0.1864 
       H7382  1 0.1912 0.2236 0.2661 0.3190 
        H904  1 0.4630 0.1478 0.1526 0.2367 
        H923  1 0.2616 0.2127 0.2654 0.2603 
        H924  1 0.2900 0.2006 0.2430 0.2663 
        H925  1 0.1737 0.2445 0.2230 0.3588 
       H9558  1 0.1919 0.2810 0.3725 0.1546 
        H008  2 0.1536 0.2669 0.2362 0.3432 
        H021  2 0.3052 0.2294 0.2035 0.2619 
        H023  2 0.2894 0.2186 0.1987 0.2933 
        H024  2 0.1547 0.3215 0.3388 0.1850 
        H025  2 0.3595 0.1805 0.2567 0.2033 
        H026  2 0.1614 0.2751 0.3675 0.1960 
        H027  2 0.1862 0.2788 0.2200 0.3150 
        H028  2 0.1806 0.2515 0.3096 0.2583 
        H029  2 0.1620 0.2901 0.2719 0.2759 
        H030  2 0.1544 0.2948 0.3606 0.1902 
        H038  2 0.3066 0.2519 0.2424 0.1991 
        H039  2 0.6034 0.1272 0.1350 0.1344 
        H040  2 0.2930 0.3056 0.2260 0.1754 
        H041  2 0.2114 0.2285 0.2043 0.3558 
        H042  2 0.2728 0.2403 0.2209 0.2660 
        H043  2 0.3855 0.2243 0.2526 0.1376 
        H044  2 0.1792 0.3661 0.2770 0.1777 
        H047  2 0.3389 0.2050 0.2801 0.1760 
        H050  2 0.1728 0.3554 0.2859 0.1859 
        H058  2 0.2845 0.3038 0.2539 0.1578 
        H062  2 0.3021 0.1869 0.1990 0.3120 
        H063  2 0.3630 0.2327 0.1970 0.2074 
        H065  2 0.2475 0.1750 0.3593 0.2181 
        H066  2 0.2116 0.3524 0.2800 0.1560 
        H067  2 0.1788 0.2199 0.2261 0.3752 
        H068  2 0.3565 0.2314 0.2380 0.1741 
        H069  2 0.2064 0.3139 0.2949 0.1848 
        H071  2 0.3236 0.2206 0.2151 0.2407 
        H072  2 0.4316 0.1995 0.1787 0.1902 
        H073  2 0.1892 0.2515 0.2931 0.2662 
        H081  2 0.2487 0.1888 0.1757 0.3869 
        H082  2 0.1524 0.3025 0.3368 0.2083 
        H083  2 0.1774 0.2384 0.3445 0.2398 
        H084  2 0.2406 0.3461 0.2246 0.1887 
        H085  2 0.2075 0.2013 0.1840 0.4071 
        H087  2 0.2146 0.1694 0.1759 0.4401 
        H088  2 0.3177 0.2220 0.1923 0.2679 
        H089  2 0.1735 0.2486 0.2204 0.3575 
        H090  2 0.1788 0.2779 0.3110 0.2324 
        H091  2 0.1464 0.2880 0.2540 0.3116 
        H098  2 0.2025 0.3187 0.2381 0.2407 
      H10001  2 0.5923 0.1337 0.1369 0.1371 
      H10002  2 0.3094 0.2005 0.1839 0.3063 
        H101  2 0.1691 0.4081 0.2755 0.1473 
        H108  2 0.3511 0.1431 0.1675 0.3383 
        H109  2 0.2544 0.3616 0.2294 0.1546 
        H110  2 0.1672 0.2182 0.1953 0.4193 
        H116  2 0.1811 0.2564 0.3239 0.2385 
        H117  2 0.1728 0.3084 0.2085 0.3104 
        H118  2 0.1378 0.2220 0.3317 0.3085 
        H119  2 0.2955 0.2124 0.2254 0.2667 
        H120  2 0.4585 0.1389 0.1558 0.2468 
        H121  2 0.1739 0.2486 0.2612 0.3163 
        H125  2 0.5585 0.1694 0.1336 0.1385 
        H126  2 0.2415 0.1836 0.3569 0.2180 
        H128  2 0.0991 0.3024 0.4139 0.1845 
        H129  2 0.1539 0.2335 0.3990 0.2136 
        H130  2 0.3767 0.2090 0.2634 0.1510 
        H133  2 0.4469 0.1842 0.2130 0.1559 
        H134  2 0.1451 0.1820 0.4997 0.1732 
        H135  2 0.2436 0.2213 0.2096 0.3255 
        H137  2 0.2183 0.3308 0.2385 0.2124 
        H138  2 0.1736 0.2460 0.3665 0.2140 
        H140  2 0.2478 0.2298 0.2637 0.2586 
        H146  2 0.1864 0.2669 0.3121 0.2347 
        H147  2 0.1937 0.2717 0.2162 0.3184 
        H148  2 0.1798 0.2757 0.1853 0.3592 
     H166022  2 0.1448 0.3626 0.2245 0.2681 
     H167359  2 0.2161 0.3077 0.2513 0.2248 
     H167397  2 0.1057 0.3707 0.2850 0.2385 
     H167428  2 0.1167 0.1848 0.2581 0.4404 
     H167496  2 0.3856 0.1963 0.1625 0.2555 
     H167513  2 0.2267 0.3477 0.2637 0.1620 
     H167545  2 0.1538 0.3036 0.3308 0.2118 
     H167547  2 0.1515 0.3693 0.3384 0.1409 
     H169621  2 0.1764 0.2935 0.2887 0.2414 
     H169622  2 0.1659 0.2511 0.2837 0.2993 
     H169750  2 0.2966 0.2703 0.2755 0.1576 
     H171806  2 0.2810 0.2379 0.2621 0.2190 
     H171808  2 0.2038 0.2549 0.2529 0.2884 
     H171809  2 0.2484 0.2126 0.1899 0.3491 
     H171813  2 0.2535 0.2220 0.3028 0.2217 
     H171815  2 0.4233 0.1885 0.2281 0.1602 
     H171824  2 0.3295 0.1878 0.1517 0.3310 
     H171825  2 0.1964 0.2540 0.2668 0.2828 
     H171826  2 0.2808 0.2189 0.1985 0.3018 
     H171827  2 0.2331 0.2530 0.2468 0.2671 
     H171828  2 0.4995 0.1352 0.1411 0.2242 
     H171829  2 0.2583 0.2533 0.3186 0.1697 
     H171830  2 0.2359 0.3111 0.2315 0.2215 
     H171831  2 0.1546 0.2684 0.3438 0.2332 
     H171832  2 0.2136 0.2446 0.3053 0.2365 
     H171863  2 0.1283 0.3117 0.3772 0.1828 
     H171864  2 0.2059 0.3078 0.2205 0.2658 
     H171865  2 0.3971 0.1979 0.2306 0.1743 
     H171879  2 0.2106 0.2991 0.2760 0.2143 
     H171880  2 0.1744 0.4200 0.2193 0.1863 
     H171881  2 0.1952 0.2413 0.2458 0.3177 
     H171882  2 0.5089 0.1447 0.1654 0.1810 
     H171929  2 0.2211 0.2478 0.2310 0.3002 
     H171930  2 0.1355 0.4034 0.2978 0.1633 
     H171933  2 0.1914 0.3102 0.2467 0.2517 
     H171934  2 0.2089 0.2328 0.2104 0.3479 
     H171937  2 0.1877 0.2576 0.3686 0.1861 
     H171962  2 0.1865 0.2266 0.2631 0.3238 
        H190  2 0.1793 0.2981 0.2630 0.2596 
        H191  2 0.2453 0.2348 0.2837 0.2362 
        H396  2 0.2570 0.1884 0.2069 0.3476 
        H397  2 0.1888 0.3158 0.2516 0.2439 
        H398  2 0.2729 0.1926 0.2913 0.2432 
        H400  2 0.2022 0.2642 0.2275 0.3061 
        H401  2 0.1262 0.3750 0.3244 0.1745 
        H402  2 0.1435 0.3451 0.2351 0.2763 
        H427  2 0.2172 0.2005 0.2120 0.3704 
        H428  2 0.1163 0.1832 0.2554 0.4451 
        H497  2 0.3016 0.2624 0.2578 0.1783 
        H512  2 0.2180 0.2994 0.2413 0.2413 
        H513  2 0.2254 0.3508 0.2602 0.1636 
        H514  2 0.2095 0.2512 0.3272 0.2121 
        H519  2 0.2251 0.3677 0.2371 0.1701 
        H532  2 0.1551 0.2377 0.2113 0.3960 
        H543  2 0.1522 0.3453 0.2358 0.2667 
        H544  2 0.2338 0.2165 0.3584 0.1913 
        H545  2 0.1438 0.2930 0.3692 0.1940 
        H546  2 0.3365 0.2035 0.2632 0.1967 
        H547  2 0.1459 0.3807 0.3319 0.1415 
        H548  2 0.1854 0.2944 0.2213 0.2989 
        H549  2 0.1660 0.3737 0.3034 0.1569 
        H620  2 0.5026 0.1575 0.1562 0.1837 
        H623  2 0.1943 0.2662 0.3461 0.1935 
        H624  2 0.3262 0.2127 0.3057 0.1554 
        H625  2 0.1985 0.2516 0.2372 0.3127 
        H626  2 0.2246 0.3520 0.2260 0.1974 
        H654  2 0.5333 0.1635 0.1703 0.1329 
        H655  2 0.3086 0.2573 0.2325 0.2016 
        H656  2 0.4681 0.1390 0.1605 0.2324 
        H666  2 0.4969 0.1735 0.2000 0.1296 
        H667  2 0.2028 0.2143 0.2476 0.3352 
        H677  2 0.1987 0.2545 0.2401 0.3066 
        H693  2 0.3653 0.1478 0.1615 0.3254 
        H694  2 0.1962 0.3102 0.2930 0.2006 
        H701  2 0.1719 0.3502 0.2384 0.2395 
        H702  2 0.2494 0.3049 0.2170 0.2287 
        H731  2 0.3235 0.1882 0.2098 0.2785 
       H7359  2 0.2187 0.3051 0.2485 0.2276 
       H7389  2 0.2123 0.2679 0.2716 0.2483 
       H7390  2 0.3655 0.2708 0.1877 0.1759 
       H7391  2 0.1798 0.2036 0.1605 0.4560 
       H7392  2 0.2610 0.2231 0.2924 0.2235 
       H7393  2 0.3057 0.2822 0.2101 0.2020 
       H7398  2 0.2229 0.2245 0.1884 0.3641 
       H7399  2 0.1623 0.2253 0.2730 0.3394 
       H7400  2 0.5290 0.1581 0.1625 0.1504 
        H745  2 0.1694 0.2167 0.4174 0.1965 
        H746  2 0.1588 0.2371 0.2865 0.3176 
        H747  2 0.3331 0.2919 0.2073 0.1677 
        H748  2 0.2331 0.3226 0.2240 0.2203 
       H7484  2 0.4321 0.1973 0.1836 0.1870 
       H7485  2 0.2025 0.2825 0.3139 0.2011 
        H749  2 0.1591 0.2990 0.2826 0.2593 
        H930  2 0.1450 0.4082 0.2710 0.1758 
        H931  2 0.2284 0.2155 0.2454 0.3106 
        H932  2 0.2576 0.2576 0.2571 0.2277 
        H111  3 0.1709 0.3139 0.3356 0.1796 
        H951  3 0.1765 0.2926 0.2890 0.2419 
        H952  3 0.2370 0.2487 0.3071 0.2072 
        H953  3 0.1725 0.2443 0.2197 0.3635 
        H954  3 0.3861 0.2388 0.1977 0.1773 
        H955  3 0.1527 0.3553 0.2941 0.1980 
        H956  3 0.2446 0.3082 0.2165 0.2307 
       H9563  3 0.2946 0.2505 0.1930 0.2619 
        H002  4 0.3781 0.1680 0.2750 0.1789 
        H003  4 0.1680 0.1949 0.2743 0.3628 
        H009  4 0.1798 0.2619 0.3656 0.1926 
        H010  4 0.2037 0.2306 0.2506 0.3151 
        H011  4 0.4183 0.1557 0.1696 0.2564 
        H012  4 0.1741 0.2724 0.2101 0.3435 
        H013  4 0.2869 0.1931 0.1974 0.3226 
        H014  4 0.2588 0.2366 0.2539 0.2508 
        H045  4 0.2835 0.1994 0.1937 0.3234 
        H046  4 0.1612 0.2256 0.3091 0.3041 
        H051  4 0.3454 0.1930 0.1829 0.2788 
        H052  4 0.3386 0.1983 0.2840 0.1792 
        H053  4 0.2865 0.2734 0.2254 0.2148 
        H056  4 0.3700 0.2057 0.2397 0.1846 
        H076  4 0.1653 0.2249 0.3169 0.2930 
        H151  4 0.4589 0.1708 0.2035 0.1668 
        H152  4 0.3647 0.1545 0.2850 0.1958 
     H171803  4 0.3013 0.2724 0.2122 0.2141 
     H171804  4 0.2876 0.2981 0.1974 0.2169 
     H171833  4 0.1802 0.2476 0.3814 0.1908 
     H171855  4 0.4406 0.1877 0.2226 0.1491 
     H171856  4 0.2320 0.3477 0.2279 0.1924 
     H171857  4 0.3595 0.2166 0.2480 0.1758 
     H171858  4 0.2420 0.2087 0.2765 0.2729 
     H171859  4 0.2712 0.2170 0.2608 0.2510 
     H171961  4 0.3281 0.2061 0.2096 0.2562 
        H198  4 0.1348 0.2424 0.2838 0.3389 
      H20001  4 0.1855 0.2614 0.3803 0.1729 
        H403  4 0.2652 0.2650 0.2738 0.1959 
        H404  4 0.1693 0.2158 0.2397 0.3752 
        H405  4 0.1598 0.2782 0.2629 0.2991 
        H406  4 0.2265 0.2852 0.3667 0.1217 
        H407  4 0.2434 0.3098 0.2195 0.2273 
        H410  4 0.1480 0.3034 0.2754 0.2732 
        H411  4 0.1967 0.2833 0.3386 0.1814 
        H468  4 0.2086 0.3433 0.3147 0.1333 
        H476  4 0.2483 0.3541 0.2447 0.1529 
        H477  4 0.1559 0.2915 0.3716 0.1811 
        H478  4 0.1632 0.2626 0.2406 0.3336 
        H479  4 0.2977 0.2052 0.2062 0.2909 
        H480  4 0.1563 0.3571 0.3006 0.1860 
        H498  4 0.2419 0.2147 0.2797 0.2637 
        H499  4 0.2438 0.2276 0.2616 0.2670 
        H500  4 0.3580 0.2510 0.1771 0.2138 
        H515  4 0.3084 0.2536 0.2177 0.2203 
        H516  4 0.2593 0.2527 0.2969 0.1911 
        H517  4 0.2154 0.2875 0.2629 0.2342 
        H518  4 0.3196 0.2332 0.2881 0.1592 
        H520  4 0.3356 0.2516 0.2364 0.1764 
        H521  4 0.2041 0.2290 0.2424 0.3246 
        H522  4 0.2429 0.3027 0.2532 0.2011 
        H523  4 0.2695 0.2797 0.2399 0.2109 
        H536  4 0.1981 0.2158 0.2709 0.3152 
        H645  4 0.2585 0.1639 0.1650 0.4126 
        H646  4 0.1520 0.3471 0.2992 0.2017 
        H647  4 0.2039 0.3150 0.2830 0.1981 
        H657  4 0.1562 0.3357 0.2620 0.2460 
        H658  4 0.2380 0.3426 0.2133 0.2061 
        H659  4 0.4899 0.1869 0.1756 0.1476 
        H660  4 0.2853 0.2487 0.2421 0.2238 
        H661  4 0.3517 0.2180 0.2506 0.1796 
        H668  4 0.1647 0.2281 0.2148 0.3924 
        H669  4 0.2550 0.2326 0.2180 0.2944 
        H670  4 0.2539 0.1466 0.1591 0.4404 
        H678  4 0.2235 0.3424 0.2322 0.2019 
        H679  4 0.1626 0.3644 0.2600 0.2129 
        H680  4 0.2362 0.2331 0.3132 0.2175 
        H681  4 0.2708 0.2080 0.2096 0.3116 
        H682  4 0.1727 0.3710 0.2215 0.2349 
        H683  4 0.3519 0.2220 0.2810 0.1451 
        H718  4 0.4166 0.1744 0.2063 0.2026 
        H719  4 0.2770 0.2118 0.1966 0.3146 
        H720  4 0.2822 0.2004 0.2951 0.2223 
        H721  4 0.2758 0.2381 0.2918 0.1944 
        H722  4 0.3284 0.1784 0.3433 0.1498 
        H723  4 0.3568 0.2058 0.1746 0.2629 
        H724  4 0.4472 0.2098 0.1727 0.1703 
        H725  4 0.4447 0.1830 0.2097 0.1627 
        H726  4 0.3719 0.1963 0.2138 0.2181 
        H727  4 0.3302 0.1891 0.1842 0.2965 
        H910  4 0.2971 0.2429 0.2056 0.2544 
        H911  4 0.1954 0.2980 0.3066 0.2000 
        H912  4 0.2775 0.2587 0.2768 0.1870 
        H913  4 0.3022 0.2958 0.2161 0.1859 
        H914  4 0.3281 0.2273 0.1630 0.2817 
        H915  4 0.2381 0.3439 0.2292 0.1888 
        H916  4 0.2193 0.3284 0.2887 0.1636 
       H9572  4 0.2695 0.2643 0.2443 0.2218 
        H015  5 0.1894 0.3037 0.3019 0.2050 
        H016  5 0.1781 0.2307 0.3775 0.2136 
        H017  5 0.2406 0.2758 0.3142 0.1693 
        H019  5 0.2276 0.2442 0.2845 0.2437 
        H020  5 0.2779 0.2065 0.2498 0.2657 
        H032  5 0.2792 0.2793 0.2489 0.1926 
        H033  5 0.1807 0.2766 0.2190 0.3237 
        H034  5 0.3366 0.1869 0.1835 0.2930 
        H035  5 0.2125 0.3311 0.2433 0.2132 
        H036  5 0.1921 0.3078 0.2764 0.2238 
        H037  5 0.3018 0.2708 0.1986 0.2288 
        H048  5 0.3484 0.2211 0.1739 0.2567 
        H049  5 0.2442 0.2293 0.3323 0.1942 
        H054  5 0.2618 0.2062 0.2648 0.2671 
        H055  5 0.3111 0.1481 0.2279 0.3129 
        H057  5 0.2415 0.2007 0.3675 0.1902 
        H060  5 0.3144 0.1768 0.2535 0.2552 
        H061  5 0.1910 0.2542 0.2289 0.3259 
        H064  5 0.3068 0.1647 0.2584 0.2702 
        H070  5 0.3051 0.2071 0.1881 0.2997 
        H077  5 0.4135 0.2013 0.2018 0.1834 
        H078  5 0.3304 0.2405 0.2751 0.1540 
        H079  5 0.1461 0.3137 0.2261 0.3141 
        H097  5 0.2883 0.2527 0.3263 0.1327 
        H107  5 0.4580 0.1616 0.1502 0.2302 
        H122  5 0.2026 0.3085 0.2766 0.2122 
        H123  5 0.1651 0.3255 0.2939 0.2155 
        H124  5 0.1668 0.2952 0.2593 0.2786 
        H131  5 0.1845 0.2936 0.2627 0.2592 
        H132  5 0.2851 0.2194 0.2215 0.2740 
        H141  5 0.2604 0.2598 0.2293 0.2504 
        H142  5 0.1550 0.2947 0.2616 0.2887 
        H157  5 0.3544 0.2216 0.1946 0.2295 
        H158  5 0.1673 0.2735 0.3869 0.1723 
        H159  5 0.1625 0.3279 0.2672 0.2424 
        H160  5 0.2175 0.3183 0.2635 0.2007 
        H163  5 0.1981 0.2926 0.2586 0.2507 
        H164  5 0.2158 0.2358 0.2625 0.2858 
        H165  5 0.1436 0.2137 0.2236 0.4191 
        H166  5 0.1959 0.2503 0.2838 0.2700 
        H169  5 0.2221 0.2210 0.2487 0.3083 
     H169613  5 0.2573 0.2557 0.2411 0.2459 
     H169653  5 0.2010 0.2237 0.2678 0.3075 
     H169728  5 0.1902 0.3346 0.2715 0.2037 
     H169742  5 0.2281 0.2008 0.1936 0.3776 
        H170  5 0.2307 0.2122 0.3718 0.1852 
        H171  5 0.2135 0.2317 0.3682 0.1866 
     H171851  5 0.2369 0.2378 0.2844 0.2409 
     H171852  5 0.3261 0.2210 0.2427 0.2103 
     H171853  5 0.2800 0.2619 0.2031 0.2550 
     H171854  5 0.2399 0.3048 0.2462 0.2092 
     H171938  5 0.2188 0.2310 0.1880 0.3623 
     H171939  5 0.1857 0.2299 0.3221 0.2623 
     H171941  5 0.4096 0.1449 0.1698 0.2757 
     H171965  5 0.1846 0.2187 0.2864 0.3103 
     H171970  5 0.4700 0.1553 0.1710 0.2037 
     H171973  5 0.1626 0.2617 0.2137 0.3620 
     H171974  5 0.2463 0.2201 0.2042 0.3294 
     H171975  5 0.3090 0.1824 0.2040 0.3046 
     H171976  5 0.2314 0.2575 0.3616 0.1495 
        H175  5 0.3251 0.2151 0.1948 0.2650 
        H178  5 0.2826 0.2010 0.2281 0.2884 
        H189  5 0.1530 0.2689 0.3100 0.2682 
        H399  5 0.2042 0.2686 0.3771 0.1501 
        H416  5 0.2604 0.2488 0.2165 0.2742 
        H438  5 0.2216 0.2830 0.2026 0.2928 
        H450  5 0.3889 0.1718 0.2101 0.2291 
        H455  5 0.4353 0.1391 0.1654 0.2602 
        H456  5 0.2317 0.2406 0.2039 0.3238 
        H457  5 0.3592 0.1901 0.2597 0.1911 
        H458  5 0.3118 0.2137 0.2079 0.2665 
        H459  5 0.1511 0.3265 0.2630 0.2593 
        H460  5 0.2389 0.3229 0.2432 0.1950 
        H461  5 0.2329 0.2666 0.3308 0.1697 
        H462  5 0.1837 0.3069 0.2311 0.2783 
        H469  5 0.1711 0.3036 0.2489 0.2763 
        H470  5 0.2671 0.2665 0.2315 0.2349 
        H471  5 0.1450 0.3459 0.3487 0.1604 
        H481  5 0.4478 0.1883 0.1724 0.1915 
        H482  5 0.3253 0.2237 0.2272 0.2238 
        H501  5 0.2497 0.2619 0.2228 0.2655 
        H502  5 0.1651 0.2847 0.3166 0.2337 
        H503  5 0.1917 0.2643 0.3052 0.2389 
        H509  5 0.3269 0.2695 0.1888 0.2148 
        H510  5 0.2478 0.1990 0.2571 0.2961 
        H511  5 0.2022 0.2405 0.2786 0.2788 
        H530  5 0.2714 0.2348 0.1895 0.3042 
        H531  5 0.3422 0.2882 0.2146 0.1550 
        H564  5 0.2945 0.2267 0.2382 0.2405 
        H565  5 0.4038 0.2025 0.2118 0.1818 
        H567  5 0.1429 0.3307 0.2879 0.2386 
     H568???  5 0.1869 0.2571 0.3411 0.2150 
        H608  5 0.3866 0.1787 0.2022 0.2326 
        H609  5 0.2091 0.1841 0.1949 0.4120 
        H612  5 0.3991 0.1951 0.1579 0.2479 
        H614  5 0.3958 0.2041 0.2330 0.1672 
        H615  5 0.3245 0.2540 0.2537 0.1678 
        H616  5 0.4793 0.1488 0.1407 0.2313 
        H617  5 0.1554 0.3401 0.2383 0.2662 
        H618  5 0.3895 0.1877 0.1917 0.2311 
        H619  5 0.1758 0.1568 0.1967 0.4707 
        H635  5 0.2488 0.2423 0.2274 0.2815 
        H636  5 0.1739 0.2163 0.1800 0.4298 
        H637  5 0.2713 0.2007 0.2184 0.3097 
        H644  5 0.1225 0.2570 0.4332 0.1873 
        H711  5 0.2131 0.2162 0.3669 0.2038 
        H712  5 0.2972 0.1928 0.1791 0.3309 
       H7360  5 0.2586 0.2245 0.2963 0.2206 
       H7361  5 0.3577 0.2078 0.2146 0.2199 
       H7362  5 0.1308 0.2515 0.4117 0.2060 
       H7363  5 0.2985 0.2327 0.2563 0.2125 
       H7394  5 0.1717 0.3311 0.2476 0.2496 
       H7395  5 0.2420 0.2081 0.2315 0.3185 
       H7396  5 0.2197 0.3030 0.2271 0.2502 
        H742  5 0.2236 0.2041 0.1905 0.3818 
        H743  5 0.2725 0.2002 0.2440 0.2833 
        H744  5 0.4028 0.2026 0.1760 0.2186 
        H957  5 0.2298 0.2572 0.3139 0.1991 
        H958  5 0.1855 0.3818 0.2314 0.2013 
        H959  5 0.3728 0.1659 0.1724 0.2889 
        H960  5 0.2353 0.2467 0.2271 0.2908 
      H_PALI  6 0.2259 0.2740 0.2448 0.2553 
        H581  6 0.2881 0.2620 0.2627 0.1872 
        H582  6 0.4177 0.1890 0.2249 0.1683 
        H583  6 0.2641 0.2644 0.2455 0.2261 
        H595  6 0.1325 0.4059 0.2812 0.1804 
        H596  6 0.1429 0.3697 0.2756 0.2118 
        H597  6 0.1605 0.2437 0.3302 0.2656 
        H598  6 0.2615 0.2553 0.2136 0.2696 
        H599  6 0.3421 0.1956 0.1979 0.2644 
        H642  6 0.1822 0.3302 0.3388 0.1488 
        H643  6 0.2410 0.2719 0.2190 0.2681 
        H664  6 0.3372 0.2844 0.2552 0.1231 
        H665  6 0.2100 0.2171 0.1868 0.3862 
        H674  6 0.1503 0.2652 0.3893 0.1951 
        H675  6 0.3002 0.2243 0.2830 0.1925 
        H676  6 0.2051 0.3108 0.2806 0.2034 
        H686  6 0.2223 0.2630 0.2659 0.2487 
        H687  6 0.2330 0.3164 0.2631 0.1875 
        H917  6 0.1491 0.3332 0.2118 0.3059 
        H918  6 0.1764 0.2019 0.2159 0.4059 
        H919  6 0.3763 0.2071 0.1601 0.2565 
        H920  6 0.3165 0.2305 0.2358 0.2172 
        H631  7 0.3231 0.2082 0.2216 0.2471 
        H684  7 0.1761 0.2127 0.3744 0.2368 
        H685  7 0.3535 0.3260 0.1936 0.1269 
        H713  7 0.3665 0.2435 0.1927 0.1972 
        H715  7 0.2029 0.2193 0.3489 0.2288 
        H716  7 0.2919 0.1460 0.2327 0.3294 
        H717  7 0.2719 0.2104 0.2612 0.2565 
        H729  7 0.1380 0.2931 0.2247 0.3441 
        H730  7 0.2544 0.2106 0.1861 0.3490 
        H431  8 0.3309 0.2488 0.2091 0.2112 
        H432  8 0.1559 0.2241 0.3577 0.2623 
        H433  8 0.1944 0.3108 0.2290 0.2658 
        H434  8 0.2004 0.2754 0.2616 0.2626 
        H444  8 0.2125 0.2084 0.2084 0.3707 
        H454  8 0.4108 0.1758 0.1702 0.2433 
        H475  8 0.4507 0.1873 0.1825 0.1795 
        H491  8 0.3286 0.1730 0.2279 0.2704 
        H492  8 0.3127 0.2789 0.2110 0.1975 
        H493  8 0.2213 0.2585 0.2880 0.2322 
        H494  8 0.2629 0.2637 0.2351 0.2384 
        H495  8 0.3959 0.1842 0.2691 0.1509 
        H662  8 0.2083 0.2680 0.3061 0.2176 
        H663  8 0.2435 0.2433 0.2486 0.2646 
        H695  8 0.2544 0.2566 0.2189 0.2701 
       H7367  8 0.1551 0.3435 0.2489 0.2526 
       H7368  8 0.1875 0.2332 0.3034 0.2759 
       H7369  8 0.2468 0.1951 0.2011 0.3570 
       H7370  8 0.1189 0.4795 0.2236 0.1779 
       H7371  8 0.1929 0.3140 0.2122 0.2809 
        H600  9 0.3464 0.2095 0.2155 0.2286 
        H648  9 0.2636 0.2289 0.2983 0.2091 
        H696  9 0.1282 0.3089 0.3958 0.1671 
        H697  9 0.2318 0.2459 0.2409 0.2814 
        H698  9 0.1946 0.2743 0.2873 0.2439 
        H699  9 0.2521 0.2514 0.2514 0.2451 
        H700  9 0.3100 0.2049 0.1944 0.2907 
        H732  9 0.3991 0.2091 0.2298 0.1620 
        H733  9 0.1725 0.3254 0.2550 0.2471 
        H734  9 0.1426 0.3836 0.2835 0.1902 
        H735  9 0.2012 0.3277 0.2681 0.2030 
        H736  9 0.2355 0.2744 0.2461 0.2440 
        H737  9 0.3020 0.1914 0.2447 0.2619 
        H905  9 0.3242 0.1730 0.1955 0.3074 
        H921  9 0.2950 0.2205 0.1928 0.2917 
        H922  9 0.1394 0.3379 0.2457 0.2771 
     H169705 10 0.1861 0.3843 0.2342 0.1954 
     H171942 10 0.1552 0.2190 0.3496 0.2762 
     H171943 10 0.1937 0.3366 0.2682 0.2015 
     H171944 10 0.2139 0.3598 0.2102 0.2161 
     H171946 10 0.3196 0.2531 0.2770 0.1503 
     H171947 10 0.2151 0.2482 0.2495 0.2872 
     H229641 10 0.2686 0.2829 0.2534 0.1951 
      H30001 10 0.2566 0.2722 0.2050 0.2662 
      H30002 10 0.2218 0.2386 0.2246 0.3149 
      H30005 10 0.2048 0.3018 0.2757 0.2177 
      H30006 10 0.1866 0.2958 0.3141 0.2035 
      H30007 10 0.1406 0.2273 0.4215 0.2106 
        H451 10 0.1757 0.2679 0.2575 0.2989 
        H452 10 0.2171 0.3167 0.2869 0.1793 
        H453 10 0.4164 0.1582 0.2268 0.1986 
        H473 10 0.2909 0.1966 0.2273 0.2852 
        H474 10 0.4425 0.2221 0.2128 0.1226 
        H486 10 0.3033 0.2458 0.2387 0.2122 
        H487 10 0.3155 0.2264 0.2263 0.2318 
        H488 10 0.2557 0.1872 0.1974 0.3598 
        H489 10 0.3773 0.2609 0.1822 0.1797 
        H550 10 0.1702 0.3247 0.3256 0.1794 
        H551 10 0.2479 0.3023 0.2001 0.2496 
        H553 10 0.3455 0.2524 0.2363 0.1658 
        H554 10 0.1958 0.2301 0.2910 0.2831 
        H556 10 0.2450 0.2807 0.2899 0.1843 
        H580 10 0.1966 0.2536 0.2498 0.3001 
        H591 10 0.4497 0.1751 0.1741 0.2011 
        H592 10 0.2751 0.3247 0.2082 0.1920 
        H593 10 0.2187 0.2438 0.2657 0.2717 
        H594 10 0.1303 0.3039 0.3258 0.2400 
        H627 10 0.2586 0.2892 0.2793 0.1729 
        H628 10 0.1282 0.1834 0.2268 0.4616 
        H629 10 0.2589 0.2817 0.2891 0.1703 
        H630 10 0.2295 0.3597 0.2491 0.1617 
        H638 10 0.1916 0.3841 0.2384 0.1859 
        H639 10 0.3845 0.2156 0.2489 0.1511 
        H640 10 0.1660 0.3421 0.2945 0.1974 
        H704 10 0.1757 0.2210 0.3398 0.2635 
        H705 10 0.1919 0.3794 0.2224 0.2063 
        H706 10 0.3341 0.1837 0.1738 0.3084 
        H708 10 0.3898 0.2343 0.1973 0.1786 
       H7351 10 0.2208 0.2484 0.2869 0.2438 
       H7352 10 0.2603 0.2625 0.2340 0.2433 
       H7353 10 0.1911 0.1985 0.4147 0.1957 
       H7354 10 0.3079 0.1706 0.1980 0.3235 
       H7365 10 0.3744 0.2506 0.1757 0.1994 
       H7383 10 0.2977 0.2360 0.1856 0.2808 
       H7384 10 0.2794 0.2055 0.2155 0.2996 
       H7385 10 0.3390 0.2210 0.1928 0.2472 
       H7386 10 0.2108 0.2294 0.2398 0.3201 
       H7387 10 0.2012 0.2560 0.2505 0.2923 
       H7388 10 0.2287 0.2556 0.2674 0.2483 
        H906 10 0.3307 0.1550 0.2644 0.2499 
        H907 10 0.1728 0.3455 0.2750 0.2067 
        H908 10 0.2441 0.2533 0.2299 0.2727 
        H909 10 0.2562 0.1660 0.1962 0.3816 
       H9552 10 0.2282 0.2379 0.2804 0.2536 
       H9553 10 0.2794 0.2745 0.2534 0.1928 
       H9555 10 0.1736 0.3587 0.2103 0.2574 
       H9575 10 0.3462 0.2215 0.2478 0.1845 
       H9703 10 0.4205 0.2029 0.1970 0.1797 
       H9707 10 0.3611 0.2430 0.2102 0.1857 
       HSAA4 10 0.1947 0.2521 0.2508 0.3024 
        H001 11 0.2751 0.1781 0.2201 0.3267 
        H004 11 0.2173 0.2626 0.2429 0.2772 
        H005 11 0.4295 0.1504 0.1541 0.2659 
        H006 11 0.2326 0.2663 0.2151 0.2860 
        H007 11 0.3487 0.1661 0.1678 0.3173 
        H031 11 0.4235 0.2355 0.1559 0.1851 
        H074 11 0.3538 0.2753 0.2121 0.1587 
        H075 11 0.3495 0.2041 0.1686 0.2779 
        H080 11 0.3726 0.1957 0.1981 0.2336 
        H086 11 0.2591 0.2522 0.2579 0.2307 
        H092 11 0.3124 0.2591 0.2131 0.2154 
        H093 11 0.1551 0.2173 0.3738 0.2538 
        H094 11 0.1821 0.3802 0.2672 0.1705 
        H095 11 0.3279 0.2015 0.2162 0.2543 
        H096 11 0.2835 0.1826 0.1786 0.3553 
        H099 11 0.3103 0.2544 0.2096 0.2256 
        H100 11 0.1412 0.2176 0.2936 0.3476 
        H127 11 0.2884 0.2332 0.2287 0.2497 
        H136 11 0.4283 0.1995 0.1957 0.1765 
        H153 11 0.2376 0.2703 0.2608 0.2313 
        H154 11 0.3653 0.2767 0.1941 0.1639 
        H155 11 0.1576 0.2234 0.2195 0.3995 
        H156 11 0.1169 0.2499 0.2328 0.4004 
        H161 11 0.2235 0.2229 0.3183 0.2352 
        H162 11 0.1563 0.3623 0.2737 0.2078 
        H167 11 0.1964 0.2251 0.2423 0.3362 
        H168 11 0.2257 0.2200 0.2655 0.2888 
     H169586 11 0.2983 0.2064 0.3484 0.1469 
     H169738 11 0.1761 0.2479 0.2161 0.3598 
     H169741 11 0.3208 0.3051 0.1967 0.1775 
     H171801 11 0.1871 0.2480 0.3335 0.2314 
     H171810 11 0.3273 0.2648 0.2258 0.1820 
     H171811 11 0.3777 0.2329 0.2368 0.1526 
     H171812 11 0.2478 0.1700 0.1789 0.4033 
     H171820 11 0.3700 0.2404 0.1999 0.1897 
     H171821 11 0.2000 0.2765 0.2498 0.2738 
     H171822 11 0.2063 0.3098 0.2441 0.2398 
     H171823 11 0.4144 0.1656 0.2700 0.1501 
     H171866 11 0.1889 0.2239 0.3170 0.2702 
     H171867 11 0.1790 0.2758 0.2020 0.3431 
     H171967 11 0.3405 0.2139 0.1790 0.2666 
     H171969 11 0.2468 0.2405 0.2274 0.2854 
        H172 11 0.2037 0.2800 0.2264 0.2898 
        H173 11 0.2049 0.2797 0.1828 0.3326 
        H174 11 0.1416 0.3623 0.3233 0.1727 
        H196 11 0.1748 0.2759 0.2563 0.2931 
        H197 11 0.1884 0.2702 0.2134 0.3280 
        H346 11 0.2636 0.1933 0.1975 0.3456 
        H355 11 0.2833 0.1936 0.2225 0.3007 
        H356 11 0.2738 0.2258 0.2467 0.2537 
        H357 11 0.3248 0.2524 0.1903 0.2325 
        H358 11 0.2122 0.2384 0.1859 0.3636 
        H359 11 0.2359 0.2971 0.2520 0.2150 
        H360 11 0.2353 0.2576 0.2247 0.2824 
        H361 11 0.2234 0.2090 0.2550 0.3126 
        H362 11 0.1400 0.3655 0.2715 0.2230 
        H363 11 0.3610 0.2228 0.1752 0.2409 
        H364 11 0.2462 0.2150 0.2732 0.2656 
        H365 11 0.1975 0.2099 0.2513 0.3413 
        H366 11 0.1818 0.2269 0.2467 0.3446 
        H367 11 0.4030 0.2365 0.1924 0.1681 
        H368 11 0.1620 0.3513 0.3147 0.1719 
        H369 11 0.4056 0.2058 0.1655 0.2231 
        H370 11 0.1761 0.2801 0.2574 0.2864 
        H371 11 0.2448 0.3110 0.2450 0.1993 
        H372 11 0.2036 0.2653 0.2474 0.2837 
        H373 11 0.2603 0.2234 0.2309 0.2855 
        H374 11 0.3060 0.1677 0.1967 0.3296 
        H375 11 0.2647 0.2404 0.2053 0.2896 
        H376 11 0.1870 0.2421 0.2960 0.2749 
        H377 11 0.2612 0.2671 0.2126 0.2591 
        H378 11 0.2900 0.2391 0.2594 0.2116 
        H379 11 0.2225 0.3301 0.2461 0.2012 
        H380 11 0.1600 0.2391 0.2179 0.3830 
        H381 11 0.3477 0.2602 0.2309 0.1613 
        H382 11 0.1214 0.3154 0.2871 0.2761 
        H383 11 0.1562 0.1982 0.2862 0.3594 
        H384 11 0.3230 0.2392 0.2260 0.2118 
        H385 11 0.3157 0.2875 0.2084 0.1884 
        H386 11 0.1804 0.2253 0.1827 0.4115 
        H387 11 0.2560 0.1906 0.3711 0.1822 
        H388 11 0.1331 0.2336 0.2655 0.3679 
        H389 11 0.2389 0.2453 0.2011 0.3147 
        H390 11 0.1902 0.2998 0.2450 0.2651 
        H391 11 0.1804 0.3256 0.3085 0.1856 
        H392 11 0.3570 0.1765 0.1752 0.2914 
        H393 11 0.1650 0.2085 0.3056 0.3209 
        H394 11 0.1729 0.2392 0.4026 0.1853 
        H395 11 0.3498 0.2003 0.1956 0.2543 
        H408 11 0.2519 0.1814 0.1793 0.3875 
        H412 11 0.3723 0.2862 0.2430 0.0984 
        H417 11 0.2667 0.2611 0.2216 0.2506 
        H418 11 0.2795 0.2653 0.2776 0.1776 
        H429 11 0.1935 0.2277 0.2354 0.3434 
        H430 11 0.1693 0.2659 0.2349 0.3299 
        H439 11 0.2521 0.2702 0.2186 0.2591 
        H440 11 0.4108 0.1775 0.1832 0.2284 
        H441 11 0.1829 0.3470 0.2345 0.2357 
        H442 11 0.1762 0.2394 0.2782 0.3062 
        H446 11 0.2273 0.2616 0.2715 0.2396 
        H447 11 0.1533 0.3094 0.2069 0.3305 
        H448 11 0.1992 0.2540 0.1880 0.3588 
        H534 11 0.4513 0.1610 0.2113 0.1764 
        H537 11 0.3822 0.1914 0.2386 0.1878 
        H568 11 0.4716 0.2076 0.1695 0.1513 
        H569 11 0.1258 0.3338 0.2442 0.2962 
        H586 11 0.2867 0.2073 0.3649 0.1411 
        H587 11 0.4413 0.2021 0.1687 0.1879 
        H588 11 0.1648 0.2115 0.3702 0.2534 
        H589 11 0.4169 0.1832 0.1809 0.2190 
        H590 11 0.3719 0.1782 0.2252 0.2246 
        H601 11 0.1597 0.2741 0.2870 0.2792 
        H602 11 0.2983 0.2699 0.2156 0.2162 
        H603 11 0.1745 0.2723 0.2201 0.3330 
        H610 11 0.2783 0.2649 0.2266 0.2301 
        H611 11 0.2904 0.3410 0.2072 0.1615 
        H649 11 0.2528 0.2428 0.2486 0.2557 
        H650 11 0.1806 0.3727 0.2759 0.1708 
        H651 11 0.2210 0.2229 0.1878 0.3683 
        H652 11 0.2675 0.2295 0.2905 0.2125 
       H7364 11 0.1896 0.2692 0.2317 0.3095 
       H7366 11 0.2585 0.2080 0.1976 0.3359 
       H7378 11 0.1098 0.2873 0.4545 0.1483 
       H7379 11 0.2459 0.2486 0.2455 0.2601 
        H739 11 0.3369 0.2632 0.2084 0.1916 
        H740 11 0.1949 0.3242 0.2696 0.2113 
        H741 11 0.3287 0.2939 0.1959 0.1815 
        H926 11 0.2215 0.2986 0.2681 0.2118 
        H927 11 0.1663 0.3528 0.2287 0.2521 
        H928 11 0.2208 0.3873 0.2330 0.1589 
       H9560 11 0.1984 0.3333 0.2872 0.1811 
        H409 12 0.1652 0.2585 0.2406 0.3357 
        H413 12 0.1557 0.2481 0.4167 0.1795 
        H419 12 0.2023 0.2302 0.2239 0.3436 
        H420 12 0.3208 0.1997 0.2210 0.2585 
        H421 12 0.1407 0.2507 0.2948 0.3138 
        H435 12 0.1796 0.2242 0.2969 0.2994 
        H436 12 0.2327 0.2290 0.1974 0.3409 
        H437 12 0.3749 0.1951 0.2384 0.1916 
        H445 12 0.1663 0.2016 0.2112 0.4210 
        H449 12 0.2185 0.2369 0.3207 0.2239 
        H463 12 0.3268 0.2150 0.2223 0.2359 
        H464 12 0.1658 0.2501 0.3529 0.2312 
        H465 12 0.2336 0.2722 0.3527 0.1415 
        H490 12 0.1546 0.2838 0.3431 0.2185 
        H561 12 0.2415 0.2884 0.2616 0.2084 
        H562 12 0.2125 0.2104 0.1845 0.3927 
        H563 12 0.2934 0.2467 0.1931 0.2669 
        H570 12 0.3186 0.1992 0.1821 0.3002 
        H571 12 0.2212 0.2686 0.3266 0.1837 
        H572 12 0.2733 0.2604 0.2263 0.2400 
        H573 12 0.1613 0.2545 0.2284 0.3558 
       H7372 12 0.1261 0.2414 0.2273 0.4053 
       H7373 12 0.1541 0.2643 0.4011 0.1805 
       H7374 12 0.3263 0.1470 0.2125 0.3142 
       H7375 12 0.3062 0.2164 0.2146 0.2628 
       H7376 12 0.1467 0.1903 0.1884 0.4745 
       H7377 12 0.3101 0.2939 0.2059 0.1901 
