        H102  1 0.3730 0.3540 0.2730 
        H103  1 0.1907 0.3302 0.4790 
        H104  1 0.4498 0.3298 0.2204 
        H105  1 0.3014 0.4201 0.2785 
        H106  1 0.3648 0.2965 0.3387 
        H112  1 0.4370 0.3310 0.2320 
        H113  1 0.2860 0.4421 0.2720 
        H114  1 0.2256 0.4998 0.2746 
        H115  1 0.3874 0.4048 0.2078 
        H143  1 0.2918 0.4149 0.2933 
        H144  1 0.1935 0.3530 0.4535 
        H145  1 0.2061 0.3596 0.4343 
        H149  1 0.4642 0.2839 0.2519 
        H150  1 0.3278 0.3273 0.3449 
     H167542  1 0.2741 0.4638 0.2620 
     H169604  1 0.2862 0.4320 0.2818 
     H169607  1 0.2247 0.3923 0.3830 
     H169608  1 0.4743 0.2670 0.2587 
     H169633  1 0.2184 0.4833 0.2983 
     H169688  1 0.2750 0.2587 0.4663 
     H169714  1 0.3996 0.3081 0.2923 
     H171802  1 0.4271 0.2785 0.2944 
     H171805  1 0.2604 0.3723 0.3673 
     H171807  1 0.3847 0.2720 0.3433 
     H171814  1 0.2062 0.3385 0.4553 
     H171816  1 0.3895 0.2906 0.3200 
     H171817  1 0.3931 0.3423 0.2646 
     H171818  1 0.3105 0.3595 0.3300 
     H171819  1 0.3399 0.3596 0.3005 
     H171834  1 0.3273 0.3535 0.3192 
     H171835  1 0.5288 0.2460 0.2252 
     H171836  1 0.1620 0.4580 0.3799 
     H171837  1 0.3890 0.3590 0.2519 
     H171838  1 0.2491 0.3203 0.4305 
     H171839  1 0.3677 0.3874 0.2449 
     H171841  1 0.5196 0.1884 0.2920 
     H171860  1 0.3195 0.3913 0.2892 
     H171861  1 0.1775 0.5143 0.3082 
     H171862  1 0.3231 0.3628 0.3140 
     H171868  1 0.2891 0.4639 0.2470 
     H171869  1 0.2609 0.2814 0.4577 
     H171870  1 0.3468 0.2747 0.3784 
     H171871  1 0.2440 0.3339 0.4221 
     H171872  1 0.3728 0.3836 0.2435 
     H171873  1 0.3624 0.2461 0.3915 
     H171874  1 0.2579 0.3684 0.3737 
     H171875  1 0.1725 0.4945 0.3330 
     H171876  1 0.2557 0.3962 0.3480 
     H171877  1 0.2994 0.4635 0.2371 
     H171878  1 0.3828 0.2282 0.3890 
     H171901  1 0.4120 0.2890 0.2990 
     H171902  1 0.3214 0.2939 0.3847 
     H171903  1 0.3012 0.3930 0.3058 
     H171935  1 0.4225 0.2295 0.3480 
     H171936  1 0.2472 0.4365 0.3162 
     H171940  1 0.4016 0.2990 0.2994 
     H171945  1 0.3072 0.3009 0.3919 
     H171948  1 0.3995 0.3366 0.2639 
     H171949  1 0.5039 0.2415 0.2546 
     H171950  1 0.5261 0.2377 0.2362 
     H171963  1 0.2321 0.2931 0.4747 
     H171964  1 0.2435 0.2521 0.5044 
     H171966  1 0.3407 0.2828 0.3764 
     H171968  1 0.3624 0.3065 0.3312 
     H171971  1 0.3328 0.2646 0.4026 
     H171972  1 0.2282 0.3394 0.4323 
     H171977  1 0.2310 0.3343 0.4347 
     H171978  1 0.4097 0.2647 0.3256 
     H171979  1 0.1990 0.3793 0.4216 
        H176  1 0.2992 0.3933 0.3075 
        H177  1 0.5011 0.2647 0.2342 
        H179  1 0.4118 0.3746 0.2135 
        H181  1 0.2569 0.3195 0.4236 
        H182  1 0.1925 0.4254 0.3821 
        H183  1 0.2483 0.2427 0.5090 
        H184  1 0.3833 0.3314 0.2853 
        H185  1 0.2393 0.3620 0.3987 
        H186  1 0.3584 0.2761 0.3656 
        H187  1 0.3113 0.3436 0.3451 
        H188  1 0.4011 0.3511 0.2478 
        H192  1 0.4509 0.2678 0.2813 
        H193  1 0.2362 0.3576 0.4062 
        H194  1 0.3413 0.3821 0.2766 
        H195  1 0.2379 0.2548 0.5073 
        H199  1 0.2449 0.2673 0.4878 
        H200  1 0.3709 0.3408 0.2883 
        H414  1 0.2742 0.3506 0.3752 
        H415  1 0.2519 0.4432 0.3049 
        H422  1 0.3591 0.2934 0.3476 
        H423  1 0.5704 0.2075 0.2221 
        H424  1 0.2161 0.3629 0.4210 
        H425  1 0.2302 0.2932 0.4766 
        H426  1 0.2709 0.2156 0.5135 
        H443  1 0.2482 0.3226 0.4292 
        H466  1 0.3524 0.3293 0.3183 
        H467  1 0.5124 0.2226 0.2650 
        H472  1 0.3243 0.3287 0.3471 
        H483  1 0.2377 0.3886 0.3737 
        H504  1 0.2244 0.2842 0.4914 
        H505  1 0.4112 0.2994 0.2893 
        H506  1 0.3258 0.3231 0.3511 
        H507  1 0.1728 0.4314 0.3957 
        H508  1 0.3668 0.2694 0.3637 
        H524  1 0.2180 0.4358 0.3462 
        H525  1 0.2805 0.3425 0.3770 
        H526  1 0.2569 0.4650 0.2781 
        H527  1 0.4080 0.2949 0.2972 
        H528  1 0.2036 0.4135 0.3829 
        H529  1 0.2005 0.3900 0.4095 
        H533  1 0.1969 0.4325 0.3706 
        H538  1 0.3484 0.3573 0.2943 
        H539  1 0.2877 0.2981 0.4142 
        H540  1 0.3111 0.3605 0.3284 
        H541  1 0.2792 0.4336 0.2872 
        H558  1 0.2565 0.2597 0.4838 
        H559  1 0.3131 0.3707 0.3162 
        H579  1 0.2471 0.3514 0.4015 
        H584  1 0.2484 0.3037 0.4479 
        H585  1 0.2696 0.3538 0.3766 
        H605  1 0.3790 0.3263 0.2947 
        H606  1 0.4762 0.2934 0.2303 
        H632  1 0.2408 0.3047 0.4544 
        H634  1 0.2854 0.3499 0.3647 
        H671  1 0.4998 0.2562 0.2440 
        H672  1 0.2912 0.3772 0.3316 
        H673  1 0.2677 0.3376 0.3947 
        H689  1 0.2441 0.3890 0.3670 
        H690  1 0.4093 0.3734 0.2174 
        H691  1 0.2803 0.4360 0.2837 
        H692  1 0.1530 0.3891 0.4578 
        H709  1 0.3141 0.3686 0.3173 
        H710  1 0.1891 0.3678 0.4432 
       H7355  1 0.2134 0.5152 0.2714 
       H7356  1 0.3064 0.3071 0.3865 
       H7357  1 0.3578 0.3877 0.2545 
       H7358  1 0.2478 0.4023 0.3499 
       H7380  1 0.2618 0.4112 0.3271 
       H7381  1 0.4363 0.2280 0.3357 
       H7382  1 0.2467 0.3865 0.3668 
        H904  1 0.5711 0.2465 0.1824 
        H923  1 0.3480 0.3213 0.3307 
        H924  1 0.3936 0.3113 0.2951 
        H925  1 0.2619 0.4261 0.3120 
       H9558  1 0.2438 0.2453 0.5109 
        H008  2 0.1997 0.4842 0.3162 
        H021  2 0.4165 0.3026 0.2809 
        H023  2 0.4350 0.3112 0.2538 
        H024  2 0.2010 0.3579 0.4411 
        H025  2 0.4132 0.2518 0.3350 
        H026  2 0.2153 0.2955 0.4892 
        H027  2 0.2824 0.4174 0.3002 
        H028  2 0.2567 0.3404 0.4028 
        H029  2 0.2265 0.4011 0.3725 
        H030  2 0.2039 0.3065 0.4895 
        H038  2 0.4338 0.2587 0.3075 
        H039  2 0.6742 0.1632 0.1627 
        H040  2 0.4361 0.2704 0.2935 
        H041  2 0.2686 0.4715 0.2599 
        H042  2 0.3566 0.3432 0.3002 
        H043  2 0.4863 0.1977 0.3160 
        H044  2 0.2306 0.3303 0.4391 
        H047  2 0.3990 0.2482 0.3528 
        H050  2 0.2512 0.3757 0.3731 
        H058  2 0.3937 0.2597 0.3467 
        H062  2 0.4210 0.3029 0.2761 
        H063  2 0.4648 0.2859 0.2493 
        H065  2 0.3318 0.2588 0.4094 
        H066  2 0.2882 0.2847 0.4271 
        H067  2 0.2632 0.4195 0.3173 
        H068  2 0.4831 0.2282 0.2887 
        H069  2 0.2971 0.2828 0.4200 
        H071  2 0.4315 0.2974 0.2711 
        H072  2 0.5158 0.2583 0.2260 
        H073  2 0.2535 0.3695 0.3770 
        H081  2 0.3195 0.4475 0.2330 
        H082  2 0.2084 0.3381 0.4535 
        H083  2 0.2284 0.3008 0.4709 
        H084  2 0.3602 0.3113 0.3285 
        H085  2 0.2698 0.4749 0.2553 
        H087  2 0.3002 0.4548 0.2450 
        H088  2 0.4210 0.3321 0.2469 
        H089  2 0.2552 0.4423 0.3025 
        H090  2 0.2352 0.3890 0.3758 
        H091  2 0.1987 0.4797 0.3216 
        H098  2 0.2771 0.4039 0.3190 
      H10001  2 0.6703 0.1623 0.1674 
      H10002  2 0.4218 0.3475 0.2307 
        H101  2 0.2505 0.3477 0.4019 
        H108  2 0.4537 0.3232 0.2230 
        H109  2 0.3642 0.3053 0.3305 
        H110  2 0.2345 0.5018 0.2636 
        H116  2 0.2464 0.3456 0.4080 
        H117  2 0.2277 0.4906 0.2817 
        H118  2 0.1773 0.4068 0.4159 
        H119  2 0.3788 0.3500 0.2712 
        H120  2 0.5533 0.2531 0.1936 
        H121  2 0.2261 0.4331 0.3408 
        H125  2 0.6540 0.1778 0.1681 
        H126  2 0.2741 0.2817 0.4442 
        H128  2 0.1303 0.3587 0.5110 
        H129  2 0.2106 0.2801 0.5093 
        H130  2 0.4631 0.1960 0.3409 
        H133  2 0.5272 0.2057 0.2671 
        H134  2 0.1891 0.2441 0.5668 
        H135  2 0.3289 0.4010 0.2701 
        H137  2 0.3117 0.3599 0.3284 
        H138  2 0.2284 0.3028 0.4688 
        H140  2 0.3009 0.3460 0.3531 
        H146  2 0.2448 0.3858 0.3694 
        H147  2 0.2391 0.4725 0.2884 
        H148  2 0.2567 0.5022 0.2411 
     H166022  2 0.2093 0.4409 0.3497 
     H167359  2 0.2984 0.3397 0.3619 
     H167397  2 0.1478 0.4661 0.3861 
     H167428  2 0.1607 0.4929 0.3464 
     H167496  2 0.4874 0.3070 0.2056 
     H167513  2 0.3412 0.2737 0.3851 
     H167545  2 0.2267 0.3251 0.4482 
     H167547  2 0.1887 0.3018 0.5096 
     H169621  2 0.2321 0.3645 0.4034 
     H169622  2 0.2248 0.3826 0.3926 
     H169750  2 0.3850 0.2210 0.3940 
     H171806  2 0.3621 0.3243 0.3136 
     H171808  2 0.3077 0.3375 0.3548 
     H171809  2 0.3322 0.4089 0.2590 
     H171813  2 0.3383 0.2736 0.3881 
     H171815  2 0.5237 0.2104 0.2659 
     H171824  2 0.4166 0.3675 0.2158 
     H171825  2 0.2703 0.3575 0.3722 
     H171826  2 0.3669 0.3632 0.2699 
     H171827  2 0.3416 0.3590 0.2993 
     H171828  2 0.5869 0.2367 0.1764 
     H171829  2 0.3222 0.2488 0.4290 
     H171830  2 0.3264 0.3621 0.3114 
     H171831  2 0.1974 0.3413 0.4613 
     H171832  2 0.2679 0.3051 0.4270 
     H171863  2 0.1807 0.2938 0.5254 
     H171864  2 0.3031 0.4191 0.2778 
     H171865  2 0.4868 0.2479 0.2653 
     H171879  2 0.2843 0.3659 0.3499 
     H171880  2 0.2461 0.4143 0.3396 
     H171881  2 0.2792 0.3885 0.3323 
     H171882  2 0.5924 0.2057 0.2019 
     H171929  2 0.2912 0.3832 0.3256 
     H171930  2 0.2018 0.3147 0.4835 
     H171933  2 0.2859 0.3774 0.3367 
     H171934  2 0.3015 0.4037 0.2948 
     H171937  2 0.2529 0.2917 0.4554 
     H171962  2 0.2637 0.3729 0.3635 
        H190  2 0.2618 0.3760 0.3622 
        H191  2 0.3330 0.3113 0.3557 
        H396  2 0.3391 0.3673 0.2936 
        H397  2 0.2858 0.3638 0.3504 
        H398  2 0.3745 0.2603 0.3652 
        H400  2 0.3099 0.3975 0.2926 
        H401  2 0.1681 0.3780 0.4539 
        H402  2 0.2181 0.4508 0.3311 
        H427  2 0.2963 0.4320 0.2717 
        H428  2 0.1607 0.4926 0.3466 
        H497  2 0.4047 0.2714 0.3239 
        H512  2 0.3000 0.3890 0.3110 
        H513  2 0.3397 0.2798 0.3805 
        H514  2 0.2860 0.2893 0.4247 
        H519  2 0.3433 0.2889 0.3678 
        H532  2 0.2271 0.4637 0.3091 
        H543  2 0.2190 0.4692 0.3118 
        H544  2 0.3117 0.2235 0.4647 
        H545  2 0.2057 0.3127 0.4816 
        H546  2 0.4607 0.2345 0.3048 
        H547  2 0.1894 0.3041 0.5065 
        H548  2 0.2641 0.4509 0.2851 
        H549  2 0.2987 0.2713 0.4300 
        H620  2 0.5879 0.2201 0.1921 
        H623  2 0.2571 0.2952 0.4476 
        H624  2 0.4089 0.1885 0.4026 
        H625  2 0.2841 0.3876 0.3283 
        H626  2 0.3078 0.3548 0.3374 
        H654  2 0.6331 0.1625 0.2044 
        H655  2 0.4149 0.2871 0.2980 
        H656  2 0.5533 0.2354 0.2113 
        H666  2 0.5761 0.1804 0.2435 
        H667  2 0.2804 0.4056 0.3140 
        H677  2 0.2610 0.4149 0.3241 
        H693  2 0.4696 0.3225 0.2079 
        H694  2 0.2519 0.3255 0.4226 
        H701  2 0.2488 0.4065 0.3447 
        H702  2 0.3644 0.3400 0.2957 
        H731  2 0.4011 0.3302 0.2687 
       H7359  2 0.3068 0.3535 0.3398 
       H7389  2 0.2897 0.3442 0.3661 
       H7390  2 0.5106 0.2398 0.2497 
       H7391  2 0.2544 0.5221 0.2236 
       H7392  2 0.3502 0.2844 0.3654 
       H7393  2 0.3952 0.3024 0.3024 
       H7398  2 0.2804 0.4700 0.2496 
       H7399  2 0.2243 0.4145 0.3613 
       H7400  2 0.6183 0.1812 0.2005 
        H745  2 0.2266 0.2478 0.5256 
        H746  2 0.2350 0.3815 0.3834 
        H747  2 0.4727 0.2632 0.2641 
        H748  2 0.3202 0.3502 0.3297 
       H7484  2 0.5427 0.2325 0.2248 
       H7485  2 0.2780 0.2917 0.4303 
        H749  2 0.2280 0.3864 0.3856 
        H930  2 0.2102 0.3496 0.4402 
        H931  2 0.3049 0.3783 0.3167 
        H932  2 0.3342 0.3424 0.3234 
        H111  3 0.2334 0.3169 0.4497 
        H951  3 0.2310 0.3716 0.3974 
        H952  3 0.3065 0.3119 0.3816 
        H953  3 0.2382 0.4553 0.3065 
        H954  3 0.5006 0.2505 0.2489 
        H955  3 0.2140 0.3512 0.4348 
        H956  3 0.3463 0.3706 0.2831 
       H9563  3 0.3614 0.3675 0.2712 
        H002  4 0.4672 0.2239 0.3088 
        H003  4 0.2306 0.4265 0.3429 
        H009  4 0.2605 0.2660 0.4735 
        H010  4 0.2896 0.3904 0.3200 
        H011  4 0.5528 0.2367 0.2105 
        H012  4 0.2294 0.4792 0.2914 
        H013  4 0.3724 0.3811 0.2466 
        H014  4 0.3187 0.3252 0.3561 
        H045  4 0.3911 0.3659 0.2430 
        H046  4 0.2323 0.3722 0.3955 
        H051  4 0.4359 0.3262 0.2380 
        H052  4 0.4283 0.2331 0.3386 
        H053  4 0.3926 0.3170 0.2904 
        H056  4 0.4633 0.2303 0.3064 
        H076  4 0.2154 0.3739 0.4107 
        H151  4 0.5514 0.1960 0.2526 
        H152  4 0.4424 0.2300 0.3276 
     H171803  4 0.4494 0.2848 0.2657 
     H171804  4 0.4016 0.3249 0.2735 
     H171833  4 0.2258 0.2776 0.4966 
     H171855  4 0.5201 0.1875 0.2925 
     H171856  4 0.3513 0.3295 0.3193 
     H171857  4 0.4587 0.2331 0.3081 
     H171858  4 0.3176 0.3467 0.3357 
     H171859  4 0.3616 0.3181 0.3203 
     H171961  4 0.4397 0.2906 0.2697 
        H198  4 0.1891 0.4270 0.3838 
      H20001  4 0.2505 0.2486 0.5009 
        H403  4 0.3675 0.2843 0.3482 
        H404  4 0.2467 0.4369 0.3165 
        H405  4 0.2256 0.4225 0.3519 
        H406  4 0.2734 0.2302 0.4964 
        H407  4 0.3748 0.3462 0.2791 
        H410  4 0.2041 0.4331 0.3629 
        H411  4 0.2564 0.2861 0.4575 
        H468  4 0.3076 0.2336 0.4588 
        H476  4 0.3638 0.2750 0.3613 
        H477  4 0.2208 0.2646 0.5146 
        H478  4 0.2564 0.4070 0.3366 
        H479  4 0.3891 0.3450 0.2659 
        H480  4 0.2228 0.3257 0.4515 
        H498  4 0.3000 0.3273 0.3728 
        H499  4 0.3303 0.3458 0.3239 
        H500  4 0.4816 0.3008 0.2176 
        H515  4 0.3959 0.3178 0.2863 
        H516  4 0.3410 0.2884 0.3706 
        H517  4 0.2963 0.3627 0.3411 
        H518  4 0.3976 0.2239 0.3785 
        H520  4 0.4290 0.2589 0.3122 
        H521  4 0.2958 0.3732 0.3310 
        H522  4 0.3731 0.2942 0.3326 
        H523  4 0.3719 0.3217 0.3064 
        H536  4 0.2933 0.3678 0.3388 
        H645  4 0.3681 0.4047 0.2272 
        H646  4 0.2187 0.3612 0.4202 
        H647  4 0.2871 0.3132 0.3997 
        H657  4 0.2203 0.4249 0.3549 
        H658  4 0.3545 0.3406 0.3049 
        H659  4 0.5880 0.1944 0.2177 
        H660  4 0.3881 0.2853 0.3267 
        H661  4 0.4538 0.2380 0.3082 
        H668  4 0.2377 0.4876 0.2748 
        H669  4 0.3408 0.3914 0.2678 
        H670  4 0.3544 0.4303 0.2153 
        H678  4 0.3170 0.3409 0.3421 
        H679  4 0.2215 0.4236 0.3549 
        H680  4 0.3323 0.2804 0.3873 
        H681  4 0.3700 0.3673 0.2628 
        H682  4 0.2645 0.4394 0.2962 
        H683  4 0.4194 0.2127 0.3678 
        H718  4 0.5122 0.2316 0.2562 
        H719  4 0.3937 0.3416 0.2647 
        H720  4 0.4014 0.2389 0.3598 
        H721  4 0.3911 0.2353 0.3736 
        H722  4 0.3980 0.1937 0.4083 
        H723  4 0.4267 0.3415 0.2319 
        H724  4 0.5687 0.2196 0.2117 
        H725  4 0.5333 0.2009 0.2658 
        H726  4 0.4358 0.2829 0.2813 
        H727  4 0.4248 0.3463 0.2289 
        H910  4 0.4166 0.3328 0.2507 
        H911  4 0.2608 0.3421 0.3971 
        H912  4 0.3401 0.2857 0.3742 
        H913  4 0.4019 0.3000 0.2980 
        H914  4 0.4454 0.3517 0.2029 
        H915  4 0.3472 0.3272 0.3256 
        H916  4 0.3144 0.2789 0.4067 
       H9572  4 0.3900 0.2697 0.3403 
        H015  5 0.2478 0.2986 0.4536 
        H016  5 0.2363 0.2938 0.4699 
        H017  5 0.3412 0.2460 0.4128 
        H019  5 0.2908 0.3191 0.3901 
        H020  5 0.3797 0.3078 0.3125 
        H032  5 0.3540 0.3231 0.3228 
        H033  5 0.2690 0.4256 0.3054 
        H034  5 0.4342 0.3414 0.2244 
        H035  5 0.3141 0.3387 0.3472 
        H036  5 0.2848 0.3261 0.3892 
        H037  5 0.4474 0.2851 0.2675 
        H048  5 0.4669 0.2934 0.2397 
        H049  5 0.3047 0.2570 0.4383 
        H054  5 0.3296 0.3464 0.3240 
        H055  5 0.4023 0.3006 0.2971 
        H057  5 0.3238 0.2306 0.4456 
        H060  5 0.4069 0.2758 0.3173 
        H061  5 0.2746 0.3949 0.3306 
        H064  5 0.4045 0.2828 0.3127 
        H070  5 0.3764 0.3759 0.2477 
        H077  5 0.5009 0.2339 0.2652 
        H078  5 0.4400 0.2278 0.3322 
        H079  5 0.2180 0.4976 0.2844 
        H097  5 0.3562 0.2091 0.4347 
        H107  5 0.5791 0.2402 0.1807 
        H122  5 0.2951 0.2887 0.4162 
        H123  5 0.2238 0.3725 0.4037 
        H124  5 0.2150 0.4339 0.3511 
        H131  5 0.2464 0.4269 0.3267 
        H132  5 0.3709 0.3326 0.2965 
        H141  5 0.3816 0.3229 0.2955 
        H142  5 0.2218 0.3980 0.3802 
        H157  5 0.4713 0.2758 0.2529 
        H158  5 0.2197 0.2820 0.4983 
        H159  5 0.2320 0.3407 0.4273 
        H160  5 0.3053 0.3193 0.3754 
        H163  5 0.2645 0.3645 0.3711 
        H164  5 0.2716 0.3645 0.3639 
        H165  5 0.2060 0.5004 0.2937 
        H166  5 0.2793 0.3219 0.3988 
        H169  5 0.2949 0.3723 0.3328 
     H169613  5 0.3278 0.3188 0.3534 
     H169653  5 0.2637 0.3529 0.3833 
     H169728  5 0.2768 0.3401 0.3831 
     H169742  5 0.3405 0.3953 0.2642 
        H170  5 0.3096 0.2226 0.4678 
        H171  5 0.2750 0.2673 0.4578 
     H171851  5 0.3012 0.3218 0.3770 
     H171852  5 0.4115 0.2535 0.3350 
     H171853  5 0.3881 0.3390 0.2729 
     H171854  5 0.3112 0.3353 0.3535 
     H171938  5 0.3137 0.4473 0.2390 
     H171939  5 0.2449 0.3043 0.4508 
     H171941  5 0.5079 0.2582 0.2338 
     H171965  5 0.2400 0.3683 0.3917 
     H171970  5 0.5748 0.2196 0.2055 
     H171973  5 0.2352 0.4744 0.2904 
     H171974  5 0.3370 0.3936 0.2694 
     H171975  5 0.3847 0.3128 0.3025 
     H171976  5 0.3075 0.2443 0.4482 
        H175  5 0.4452 0.3088 0.2459 
        H178  5 0.3598 0.3267 0.3135 
        H189  5 0.1981 0.3971 0.4048 
        H399  5 0.2865 0.2267 0.4868 
        H416  5 0.3445 0.3637 0.2918 
        H438  5 0.3173 0.4082 0.2745 
        H450  5 0.4902 0.2564 0.2534 
        H455  5 0.5535 0.2403 0.2062 
        H456  5 0.3264 0.3972 0.2764 
        H457  5 0.4353 0.2259 0.3388 
        H458  5 0.4129 0.3091 0.2780 
        H459  5 0.2164 0.3876 0.3961 
        H460  5 0.3540 0.3345 0.3115 
        H461  5 0.2922 0.2687 0.4391 
        H462  5 0.2819 0.4017 0.3164 
        H469  5 0.2281 0.4254 0.3466 
        H470  5 0.3798 0.3245 0.2958 
        H471  5 0.2047 0.2908 0.5045 
        H481  5 0.5605 0.2261 0.2133 
        H482  5 0.4069 0.2979 0.2952 
        H501  5 0.3252 0.3623 0.3125 
        H502  5 0.2142 0.3635 0.4223 
        H503  5 0.2719 0.3296 0.3985 
        H509  5 0.4620 0.2686 0.2694 
        H510  5 0.3408 0.3260 0.3332 
        H511  5 0.2487 0.3660 0.3853 
        H530  5 0.3527 0.3930 0.2543 
        H531  5 0.4471 0.2410 0.3119 
        H564  5 0.3853 0.3106 0.3041 
        H565  5 0.5016 0.2249 0.2736 
        H567  5 0.2001 0.4163 0.3836 
     H568???  5 0.2411 0.3030 0.4559 
        H608  5 0.4802 0.2640 0.2558 
        H609  5 0.2988 0.4183 0.2830 
        H612  5 0.5151 0.2955 0.1894 
        H614  5 0.5027 0.2187 0.2786 
        H615  5 0.4369 0.2274 0.3356 
        H616  5 0.5860 0.2450 0.1690 
        H617  5 0.2173 0.4522 0.3304 
        H618  5 0.4836 0.2772 0.2392 
        H619  5 0.2543 0.4509 0.2948 
        H635  5 0.3094 0.3674 0.3232 
        H636  5 0.2581 0.4997 0.2422 
        H637  5 0.3766 0.3250 0.2984 
        H644  5 0.1588 0.2668 0.5744 
        H711  5 0.2747 0.2682 0.4572 
        H712  5 0.3974 0.3523 0.2503 
       H7360  5 0.3509 0.2720 0.3770 
       H7361  5 0.4492 0.2758 0.2751 
       H7362  5 0.1764 0.2983 0.5252 
       H7363  5 0.3948 0.2872 0.3179 
       H7394  5 0.2338 0.4038 0.3624 
       H7395  5 0.3412 0.3629 0.2959 
       H7396  5 0.3208 0.3622 0.3170 
        H742  5 0.3479 0.4039 0.2482 
        H743  5 0.3607 0.3135 0.3258 
        H744  5 0.5129 0.2749 0.2122 
        H957  5 0.3137 0.2861 0.4002 
        H958  5 0.2723 0.3694 0.3583 
        H959  5 0.4683 0.3089 0.2228 
        H960  5 0.3264 0.3663 0.3073 
      H_PALI  6 0.3167 0.3368 0.3465 
        H581  6 0.3900 0.2612 0.3489 
        H582  6 0.5443 0.1969 0.2588 
        H583  6 0.3574 0.3003 0.3423 
        H595  6 0.2023 0.3636 0.4340 
        H596  6 0.2013 0.4055 0.3931 
        H597  6 0.2275 0.3268 0.4457 
        H598  6 0.3507 0.3763 0.2730 
        H599  6 0.4469 0.2793 0.2738 
        H642  6 0.2560 0.2769 0.4671 
        H643  6 0.3186 0.3927 0.2887 
        H664  6 0.4722 0.1848 0.3430 
        H665  6 0.2851 0.4699 0.2451 
        H674  6 0.1901 0.2643 0.5456 
        H675  6 0.4030 0.2470 0.3500 
        H676  6 0.2560 0.3403 0.4036 
        H686  6 0.3182 0.3227 0.3592 
        H687  6 0.3224 0.3171 0.3605 
        H917  6 0.2096 0.4910 0.2994 
        H918  6 0.2774 0.4154 0.3072 
        H919  6 0.5070 0.2921 0.2009 
        H920  6 0.4172 0.2807 0.3021 
        H631  7 0.4288 0.2990 0.2722 
        H684  7 0.2199 0.3003 0.4798 
        H685  7 0.4904 0.2397 0.2699 
        H713  7 0.5111 0.2559 0.2330 
        H715  7 0.2612 0.2899 0.4489 
        H716  7 0.3986 0.3119 0.2895 
        H717  7 0.3857 0.2925 0.3218 
        H729  7 0.1980 0.5128 0.2891 
        H730  7 0.3291 0.4145 0.2564 
        H431  8 0.4039 0.3291 0.2670 
        H432  8 0.2084 0.3170 0.4746 
        H433  8 0.2753 0.4209 0.3037 
        H434  8 0.2903 0.3569 0.3528 
        H444  8 0.2869 0.4193 0.2937 
        H454  8 0.5023 0.2588 0.2389 
        H475  8 0.5298 0.2326 0.2376 
        H491  8 0.4220 0.2822 0.2958 
        H492  8 0.4535 0.2768 0.2698 
        H493  8 0.2915 0.3144 0.3941 
        H494  8 0.3724 0.3179 0.3097 
        H495  8 0.4802 0.1938 0.3260 
        H662  8 0.2852 0.2872 0.4276 
        H663  8 0.3453 0.3430 0.3118 
        H695  8 0.3614 0.3564 0.2823 
       H7367  8 0.2169 0.4472 0.3359 
       H7368  8 0.2520 0.3707 0.3773 
       H7369  8 0.3118 0.3951 0.2931 
       H7370  8 0.1854 0.4136 0.4010 
       H7371  8 0.2840 0.4185 0.2975 
        H600  9 0.4453 0.2876 0.2672 
        H648  9 0.3362 0.2935 0.3702 
        H696  9 0.1818 0.2684 0.5498 
        H697  9 0.2924 0.3709 0.3367 
        H698  9 0.2590 0.3709 0.3700 
        H699  9 0.3097 0.3496 0.3407 
        H700  9 0.4240 0.3328 0.2431 
        H732  9 0.5014 0.2058 0.2928 
        H733  9 0.2382 0.4203 0.3415 
        H734  9 0.2066 0.3304 0.4630 
        H735  9 0.2715 0.3387 0.3899 
        H736  9 0.3494 0.3201 0.3305 
        H737  9 0.3719 0.3362 0.2920 
        H905  9 0.4284 0.3328 0.2388 
        H921  9 0.3797 0.3732 0.2471 
        H922  9 0.2039 0.4107 0.3855 
     H169705 10 0.2747 0.4097 0.3157 
     H171942 10 0.2071 0.3187 0.4742 
     H171943 10 0.3091 0.3236 0.3673 
     H171944 10 0.3060 0.4020 0.2920 
     H171946 10 0.4411 0.2107 0.3482 
     H171947 10 0.2817 0.3612 0.3571 
     H229641 10 0.3356 0.3157 0.3487 
      H30001 10 0.3449 0.3807 0.2744 
      H30002 10 0.3132 0.3760 0.3107 
      H30005 10 0.2955 0.3731 0.3314 
      H30006 10 0.2550 0.3462 0.3988 
      H30007 10 0.1911 0.2427 0.5663 
        H451 10 0.2402 0.4063 0.3535 
        H452 10 0.2907 0.3202 0.3890 
        H453 10 0.5024 0.2051 0.2925 
        H473 10 0.3870 0.3054 0.3076 
        H474 10 0.5610 0.1845 0.2545 
        H486 10 0.4086 0.3040 0.2874 
        H487 10 0.4312 0.2956 0.2732 
        H488 10 0.3598 0.3862 0.2540 
        H489 10 0.4853 0.2796 0.2350 
        H550 10 0.2393 0.2864 0.4743 
        H551 10 0.3633 0.3778 0.2589 
        H553 10 0.4551 0.2472 0.2976 
        H554 10 0.2656 0.3493 0.3851 
        H556 10 0.3348 0.2783 0.3869 
        H580 10 0.2778 0.3740 0.3483 
        H591 10 0.5534 0.2359 0.2107 
        H592 10 0.3898 0.3186 0.2917 
        H593 10 0.2990 0.3514 0.3496 
        H594 10 0.1759 0.3562 0.4679 
        H627 10 0.3591 0.2651 0.3758 
        H628 10 0.1801 0.4977 0.3222 
        H629 10 0.3309 0.2534 0.4157 
        H630 10 0.3273 0.3045 0.3682 
        H638 10 0.2752 0.3622 0.3626 
        H639 10 0.4741 0.2128 0.3131 
        H640 10 0.2438 0.3464 0.4098 
        H704 10 0.2477 0.3032 0.4491 
        H705 10 0.2768 0.4131 0.3101 
        H706 10 0.4442 0.3520 0.2039 
        H708 10 0.5039 0.2429 0.2532 
       H7351 10 0.3191 0.3093 0.3716 
       H7352 10 0.3418 0.3424 0.3158 
       H7353 10 0.2422 0.2596 0.4982 
       H7354 10 0.4063 0.3238 0.2699 
       H7365 10 0.5124 0.2651 0.2225 
       H7383 10 0.3885 0.3745 0.2370 
       H7384 10 0.3703 0.3589 0.2707 
       H7385 10 0.4553 0.3048 0.2399 
       H7386 10 0.2944 0.3915 0.3141 
       H7387 10 0.2841 0.3950 0.3210 
       H7388 10 0.3055 0.3765 0.3180 
        H906 10 0.4235 0.2412 0.3353 
        H907 10 0.2372 0.3582 0.4045 
        H908 10 0.3338 0.3685 0.2977 
        H909 10 0.3311 0.3840 0.2849 
       H9552 10 0.3079 0.3267 0.3654 
       H9553 10 0.3875 0.3018 0.3108 
       H9555 10 0.2640 0.4394 0.2966 
       H9575 10 0.4544 0.2373 0.3083 
       H9703 10 0.5285 0.2305 0.2410 
       H9707 10 0.4422 0.2719 0.2859 
       HSAA4 10 0.2780 0.3755 0.3465 
        H001 11 0.3775 0.3393 0.2832 
        H004 11 0.3039 0.3427 0.3533 
        H005 11 0.5167 0.2764 0.2069 
        H006 11 0.3341 0.3942 0.2717 
        H007 11 0.4719 0.3236 0.2045 
        H031 11 0.5385 0.2673 0.1943 
        H074 11 0.4964 0.2213 0.2823 
        H075 11 0.4871 0.3053 0.2076 
        H080 11 0.4690 0.2891 0.2419 
        H086 11 0.3515 0.3383 0.3103 
        H092 11 0.3887 0.3443 0.2670 
        H093 11 0.1909 0.3377 0.4714 
        H094 11 0.2772 0.3244 0.3985 
        H095 11 0.4283 0.2980 0.2737 
        H096 11 0.3816 0.3720 0.2464 
        H099 11 0.4064 0.3046 0.2889 
        H100 11 0.2167 0.3659 0.4174 
        H127 11 0.3850 0.3283 0.2867 
        H136 11 0.5063 0.2386 0.2551 
        H153 11 0.3124 0.3174 0.3702 
        H154 11 0.4950 0.2383 0.2667 
        H155 11 0.1991 0.4940 0.3069 
        H156 11 0.1670 0.5220 0.3110 
        H161 11 0.2996 0.2936 0.4069 
        H162 11 0.2184 0.3929 0.3886 
        H167 11 0.2661 0.4109 0.3230 
        H168 11 0.2935 0.3978 0.3087 
     H169586 11 0.3843 0.1867 0.4290 
     H169738 11 0.2376 0.4801 0.2823 
     H169741 11 0.4448 0.2685 0.2868 
     H171801 11 0.2585 0.2998 0.4417 
     H171810 11 0.4623 0.2340 0.3038 
     H171811 11 0.4680 0.2266 0.3054 
     H171812 11 0.3613 0.3732 0.2655 
     H171820 11 0.4840 0.2515 0.2645 
     H171821 11 0.2656 0.4094 0.3251 
     H171822 11 0.3015 0.3866 0.3119 
     H171823 11 0.4707 0.1827 0.3467 
     H171866 11 0.2435 0.3737 0.3828 
     H171867 11 0.2372 0.5141 0.2487 
     H171967 11 0.4500 0.3188 0.2312 
     H171969 11 0.3304 0.3493 0.3203 
        H172 11 0.2963 0.4037 0.2999 
        H173 11 0.2841 0.4745 0.2413 
        H174 11 0.2038 0.3316 0.4646 
        H196 11 0.2327 0.4263 0.3409 
        H197 11 0.2518 0.4497 0.2985 
        H346 11 0.3661 0.3628 0.2711 
        H355 11 0.3949 0.3238 0.2813 
        H356 11 0.3928 0.3039 0.3033 
        H357 11 0.4327 0.3208 0.2465 
        H358 11 0.3220 0.4368 0.2412 
        H359 11 0.3212 0.3138 0.3650 
        H360 11 0.3185 0.4060 0.2755 
        H361 11 0.2848 0.4135 0.3017 
        H362 11 0.1983 0.4242 0.3775 
        H363 11 0.4596 0.3167 0.2237 
        H364 11 0.3077 0.3286 0.3638 
        H365 11 0.2649 0.3809 0.3542 
        H366 11 0.2493 0.4267 0.3240 
        H367 11 0.5122 0.2258 0.2620 
        H368 11 0.2535 0.2837 0.4628 
        H369 11 0.5017 0.2997 0.1986 
        H370 11 0.2491 0.3886 0.3623 
        H371 11 0.3198 0.3293 0.3509 
        H372 11 0.2867 0.3722 0.3411 
        H373 11 0.3408 0.3516 0.3077 
        H374 11 0.4092 0.3228 0.2679 
        H375 11 0.3848 0.3448 0.2704 
        H376 11 0.2520 0.3518 0.3962 
        H377 11 0.3700 0.3526 0.2774 
        H378 11 0.3912 0.2876 0.3212 
        H379 11 0.3014 0.3498 0.3488 
        H380 11 0.2137 0.4953 0.2909 
        H381 11 0.4529 0.2197 0.3274 
        H382 11 0.1700 0.4644 0.3656 
        H383 11 0.2039 0.3952 0.4010 
        H384 11 0.4084 0.2997 0.2919 
        H385 11 0.3899 0.3152 0.2949 
        H386 11 0.2690 0.4880 0.2431 
        H387 11 0.3153 0.2179 0.4668 
        H388 11 0.1950 0.4525 0.3525 
        H389 11 0.3474 0.4007 0.2519 
        H390 11 0.2858 0.3820 0.3322 
        H391 11 0.2627 0.2932 0.4442 
        H392 11 0.4724 0.3072 0.2203 
        H393 11 0.2366 0.3269 0.4365 
        H394 11 0.2289 0.2461 0.5250 
        H395 11 0.4281 0.3233 0.2486 
        H408 11 0.3363 0.4186 0.2450 
        H412 11 0.5120 0.1556 0.3323 
        H417 11 0.3705 0.3273 0.3023 
        H418 11 0.3717 0.2510 0.3774 
        H429 11 0.2874 0.3871 0.3256 
        H430 11 0.2429 0.4372 0.3200 
        H439 11 0.3553 0.3671 0.2777 
        H440 11 0.5153 0.2577 0.2270 
        H441 11 0.2572 0.3982 0.3446 
        H442 11 0.2503 0.3986 0.3511 
        H446 11 0.3143 0.3283 0.3574 
        H447 11 0.2317 0.4801 0.2881 
        H448 11 0.2832 0.4558 0.2610 
        H534 11 0.5464 0.1970 0.2566 
        H537 11 0.4774 0.2332 0.2894 
        H568 11 0.5758 0.2151 0.2091 
        H569 11 0.1879 0.4898 0.3224 
        H586 11 0.3782 0.1784 0.4434 
        H587 11 0.5552 0.2349 0.2099 
        H588 11 0.2271 0.3042 0.4688 
        H589 11 0.5197 0.2528 0.2274 
        H590 11 0.4499 0.2674 0.2827 
        H601 11 0.2065 0.4114 0.3821 
        H602 11 0.4005 0.3245 0.2750 
        H603 11 0.2423 0.4701 0.2876 
        H610 11 0.3929 0.3347 0.2724 
        H611 11 0.4229 0.2771 0.2999 
        H649 11 0.3353 0.3055 0.3592 
        H650 11 0.2447 0.3190 0.4363 
        H651 11 0.2877 0.4564 0.2560 
        H652 11 0.3278 0.2955 0.3767 
       H7364 11 0.2830 0.4022 0.3148 
       H7366 11 0.3380 0.4103 0.2517 
       H7378 11 0.1424 0.2582 0.5994 
       H7379 11 0.3245 0.3493 0.3262 
        H739 11 0.4591 0.2654 0.2755 
        H740 11 0.2646 0.3305 0.4049 
        H741 11 0.4523 0.2757 0.2720 
        H926 11 0.2838 0.3354 0.3808 
        H927 11 0.2330 0.4694 0.2976 
        H928 11 0.3186 0.3276 0.3538 
       H9560 11 0.2910 0.3153 0.3937 
        H409 12 0.2306 0.4476 0.3218 
        H413 12 0.2330 0.2464 0.5206 
        H419 12 0.2775 0.4361 0.2864 
        H420 12 0.3847 0.3316 0.2837 
        H421 12 0.1871 0.3871 0.4259 
        H435 12 0.2361 0.3626 0.4012 
        H436 12 0.3277 0.4221 0.2502 
        H437 12 0.4625 0.2288 0.3087 
        H445 12 0.2391 0.4803 0.2805 
        H449 12 0.2770 0.3175 0.4055 
        H463 12 0.4260 0.2707 0.3033 
        H464 12 0.2231 0.2896 0.4873 
        H465 12 0.2929 0.2032 0.5038 
        H490 12 0.2155 0.3207 0.4638 
        H561 12 0.3052 0.3285 0.3663 
        H562 12 0.3065 0.4399 0.2536 
        H563 12 0.3706 0.3603 0.2691 
        H570 12 0.4306 0.3396 0.2298 
        H571 12 0.3301 0.2522 0.4176 
        H572 12 0.3946 0.2868 0.3186 
        H573 12 0.2241 0.4526 0.3232 
       H7372 12 0.1659 0.5230 0.3110 
       H7373 12 0.2078 0.2454 0.5468 
       H7374 12 0.4149 0.3009 0.2842 
       H7375 12 0.4090 0.3375 0.2535 
       H7376 12 0.1981 0.5357 0.2662 
       H7377 12 0.4094 0.2987 0.2919 
