        H102  1 0.2437 0.1831 0.4202 0.1530 
        H103  1 0.1273 0.3595 0.1954 0.3178 
        H104  1 0.3546 0.1644 0.2706 0.2104 
        H105  1 0.2000 0.2210 0.3718 0.2072 
        H106  1 0.2613 0.2411 0.2184 0.2792 
        H112  1 0.3119 0.1970 0.2752 0.2160 
        H113  1 0.1953 0.1868 0.2924 0.3255 
        H114  1 0.1435 0.1953 0.3125 0.3487 
        H115  1 0.2347 0.1507 0.4253 0.1894 
        H143  1 0.1760 0.2380 0.4063 0.1796 
        H144  1 0.1146 0.4110 0.3055 0.1690 
        H145  1 0.1275 0.3115 0.2865 0.2746 
        H149  1 0.3803 0.1882 0.2565 0.1750 
        H150  1 0.2167 0.2929 0.2576 0.2327 
     H167542  1 0.1588 0.1896 0.4596 0.1920 
     H169604  1 0.1806 0.2171 0.3422 0.2600 
     H169607  1 0.1576 0.2956 0.3316 0.2151 
     H169608  1 0.3578 0.2057 0.2765 0.1599 
     H169633  1 0.1289 0.2429 0.3046 0.3236 
     H169688  1 0.2152 0.4215 0.1605 0.2029 
     H169714  1 0.3216 0.2048 0.2301 0.2435 
     H171802  1 0.3755 0.1933 0.1479 0.2832 
     H171805  1 0.1911 0.2897 0.2472 0.2720 
     H171807  1 0.3112 0.2516 0.2338 0.2034 
     H171814  1 0.1396 0.3460 0.1681 0.3464 
     H171816  1 0.3384 0.2168 0.2183 0.2266 
     H171817  1 0.3080 0.2029 0.2334 0.2556 
     H171818  1 0.2162 0.2399 0.2655 0.2783 
     H171819  1 0.2564 0.2192 0.2199 0.3045 
     H171834  1 0.2155 0.2278 0.3465 0.2102 
     H171835  1 0.4326 0.1776 0.1853 0.2045 
     H171836  1 0.1014 0.2550 0.2278 0.4158 
     H171837  1 0.2721 0.1917 0.3277 0.2085 
     H171838  1 0.1639 0.2742 0.1814 0.3806 
     H171839  1 0.2969 0.1841 0.2863 0.2327 
     H171841  1 0.4784 0.2296 0.1403 0.1517 
     H171860  1 0.2082 0.2147 0.3114 0.2657 
     H171861  1 0.1019 0.2604 0.3334 0.3043 
     H171862  1 0.2072 0.2502 0.2884 0.2542 
     H171868  1 0.1573 0.1767 0.4798 0.1862 
     H171869  1 0.1760 0.3841 0.2078 0.2321 
     H171870  1 0.2978 0.3069 0.1749 0.2204 
     H171871  1 0.1597 0.3021 0.1791 0.3591 
     H171872  1 0.2793 0.1821 0.3008 0.2378 
     H171873  1 0.3113 0.3231 0.1692 0.1964 
     H171874  1 0.1829 0.2858 0.3440 0.1873 
     H171875  1 0.1140 0.2581 0.3861 0.2419 
     H171876  1 0.1555 0.2396 0.3646 0.2403 
     H171877  1 0.1662 0.1775 0.4506 0.2057 
     H171878  1 0.3290 0.3134 0.1681 0.1895 
     H171901  1 0.3598 0.2096 0.1664 0.2642 
     H171902  1 0.2663 0.2942 0.2581 0.1814 
     H171903  1 0.2293 0.2341 0.2718 0.2648 
     H171935  1 0.3605 0.2515 0.1388 0.2492 
     H171936  1 0.1577 0.2196 0.3037 0.3190 
     H171940  1 0.2908 0.2300 0.3334 0.1458 
     H171945  1 0.2318 0.3320 0.2081 0.2280 
     H171948  1 0.2736 0.2111 0.2691 0.2463 
     H171949  1 0.4258 0.1979 0.1998 0.1765 
     H171950  1 0.4859 0.1607 0.1699 0.1835 
     H171963  1 0.1736 0.3559 0.1893 0.2812 
     H171964  1 0.1697 0.4488 0.2010 0.1805 
     H171966  1 0.2424 0.2830 0.2066 0.2680 
     H171968  1 0.3027 0.2491 0.2999 0.1482 
     H171971  1 0.2442 0.2796 0.1668 0.3094 
     H171972  1 0.1423 0.3045 0.2288 0.3243 
     H171977  1 0.1507 0.3273 0.2539 0.2681 
     H171978  1 0.3483 0.2685 0.1979 0.1853 
     H171979  1 0.1358 0.2868 0.2124 0.3650 
        H176  1 0.1907 0.2459 0.3120 0.2514 
        H177  1 0.4332 0.1715 0.2311 0.1642 
        H179  1 0.3421 0.1569 0.2953 0.2056 
        H181  1 0.1535 0.3364 0.2123 0.2977 
        H182  1 0.1140 0.2610 0.3290 0.2960 
        H183  1 0.1865 0.3720 0.1747 0.2668 
        H184  1 0.2990 0.2098 0.2625 0.2286 
        H185  1 0.1492 0.2922 0.2628 0.2959 
        H186  1 0.2558 0.3363 0.2860 0.1219 
        H187  1 0.2541 0.2552 0.1877 0.3030 
        H188  1 0.2655 0.1840 0.3512 0.1993 
        H192  1 0.3956 0.1952 0.2167 0.1925 
        H193  1 0.1343 0.3142 0.3286 0.2229 
        H194  1 0.2630 0.1972 0.2832 0.2565 
        H195  1 0.1764 0.4771 0.1746 0.1719 
        H199  1 0.1769 0.3771 0.1928 0.2531 
        H200  1 0.3007 0.2158 0.2256 0.2579 
        H414  1 0.1957 0.2962 0.2116 0.2964 
        H415  1 0.1602 0.2144 0.2756 0.3497 
        H422  1 0.2806 0.2989 0.2269 0.1936 
        H423  1 0.5392 0.1633 0.1479 0.1496 
        H424  1 0.1408 0.3741 0.1963 0.2888 
        H425  1 0.1595 0.4399 0.1920 0.2085 
        H426  1 0.1874 0.4567 0.1537 0.2023 
        H443  1 0.1410 0.3893 0.3554 0.1142 
        H466  1 0.2650 0.2484 0.2632 0.2234 
        H467  1 0.4801 0.1930 0.1802 0.1467 
        H472  1 0.2565 0.2659 0.2265 0.2511 
        H483  1 0.1496 0.2472 0.3933 0.2098 
        H504  1 0.1480 0.4029 0.1685 0.2806 
        H505  1 0.3174 0.2371 0.2256 0.2199 
        H506  1 0.2261 0.2808 0.2955 0.1975 
        H507  1 0.1133 0.2835 0.2850 0.3182 
        H508  1 0.3402 0.2474 0.1735 0.2389 
        H524  1 0.1498 0.2553 0.2508 0.3442 
        H525  1 0.1758 0.3024 0.3287 0.1931 
        H526  1 0.1613 0.1938 0.4367 0.2083 
        H527  1 0.3374 0.2069 0.2527 0.2030 
        H528  1 0.1370 0.3017 0.2599 0.3014 
        H529  1 0.1186 0.3348 0.2789 0.2677 
        H533  1 0.1098 0.2206 0.2039 0.4658 
        H538  1 0.2363 0.2308 0.3276 0.2053 
        H539  1 0.2316 0.3293 0.1954 0.2437 
        H540  1 0.2219 0.2383 0.2700 0.2698 
        H541  1 0.1852 0.2108 0.3693 0.2347 
        H558  1 0.1824 0.3599 0.1534 0.3043 
        H559  1 0.2042 0.2329 0.3977 0.1651 
        H579  1 0.1476 0.3216 0.3296 0.2012 
        H584  1 0.1647 0.3748 0.2030 0.2575 
        H585  1 0.1863 0.2994 0.2118 0.3024 
        H605  1 0.2985 0.2348 0.2307 0.2360 
        H606  1 0.4092 0.1663 0.2871 0.1374 
        H632  1 0.1522 0.3707 0.3008 0.1763 
        H634  1 0.1937 0.3083 0.2523 0.2457 
        H671  1 0.4696 0.1716 0.1815 0.1773 
        H672  1 0.2290 0.2381 0.1828 0.3501 
        H673  1 0.1509 0.3474 0.3613 0.1404 
        H689  1 0.1570 0.2796 0.3562 0.2072 
        H690  1 0.2691 0.1664 0.3295 0.2350 
        H691  1 0.1846 0.1743 0.4682 0.1729 
        H692  1 0.0861 0.3814 0.2417 0.2909 
        H709  1 0.1878 0.2451 0.2654 0.3017 
        H710  1 0.1051 0.3328 0.2689 0.2933 
       H7355  1 0.1228 0.1838 0.4018 0.2915 
       H7356  1 0.2251 0.3259 0.2342 0.2148 
       H7357  1 0.2593 0.1931 0.3176 0.2299 
       H7358  1 0.1537 0.2652 0.3408 0.2403 
       H7380  1 0.1663 0.2511 0.3647 0.2179 
       H7381  1 0.3223 0.3187 0.1888 0.1702 
       H7382  1 0.1816 0.2853 0.3252 0.2079 
        H904  1 0.5162 0.1285 0.2446 0.1107 
        H923  1 0.2926 0.2764 0.2184 0.2126 
        H924  1 0.2810 0.2471 0.2934 0.1786 
        H925  1 0.1690 0.2083 0.4112 0.2115 
       H9558  1 0.1715 0.3744 0.1503 0.3038 
        H008  2 0.1237 0.2378 0.3017 0.3367 
        H021  2 0.3212 0.1922 0.3020 0.1846 
        H023  2 0.2980 0.1811 0.3441 0.1768 
        H024  2 0.1198 0.2903 0.1472 0.4427 
        H025  2 0.3561 0.2910 0.1784 0.1745 
        H026  2 0.1330 0.3906 0.1635 0.3129 
        H027  2 0.1849 0.2204 0.3139 0.2808 
        H028  2 0.1754 0.3142 0.2418 0.2686 
        H029  2 0.1556 0.2586 0.2455 0.3403 
        H030  2 0.1309 0.3289 0.1639 0.3763 
        H038  2 0.3853 0.2160 0.2322 0.1665 
        H039  2 0.6655 0.1099 0.1171 0.1074 
        H040  2 0.3950 0.1961 0.1521 0.2569 
        H041  2 0.1833 0.1982 0.3275 0.2910 
        H042  2 0.2523 0.2370 0.2829 0.2278 
        H043  2 0.4888 0.2231 0.1335 0.1546 
        H044  2 0.1544 0.2805 0.1579 0.4072 
        H047  2 0.3130 0.2873 0.1655 0.2342 
        H050  2 0.1544 0.2422 0.1398 0.4636 
        H058  2 0.3175 0.2481 0.1744 0.2599 
        H062  2 0.2891 0.1965 0.3818 0.1326 
        H063  2 0.3881 0.1938 0.1977 0.2203 
        H065  2 0.2488 0.4039 0.2071 0.1401 
        H066  2 0.2176 0.2612 0.1277 0.3935 
        H067  2 0.1731 0.2259 0.3843 0.2168 
        H068  2 0.3991 0.2056 0.1754 0.2199 
        H069  2 0.2436 0.2988 0.1539 0.3036 
        H071  2 0.3169 0.2053 0.2781 0.1998 
        H072  2 0.4513 0.1812 0.1770 0.1905 
        H073  2 0.1790 0.2970 0.2807 0.2432 
        H081  2 0.2070 0.1666 0.4123 0.2141 
        H082  2 0.1201 0.3196 0.1832 0.3771 
        H083  2 0.1377 0.3635 0.2448 0.2540 
        H084  2 0.2748 0.2179 0.1649 0.3423 
        H085  2 0.1608 0.1823 0.4228 0.2341 
        H087  2 0.1631 0.1760 0.4795 0.1814 
        H088  2 0.3343 0.1867 0.2833 0.1957 
        H089  2 0.1773 0.2161 0.3852 0.2213 
        H090  2 0.1508 0.2670 0.1892 0.3930 
        H091  2 0.1142 0.2183 0.3006 0.3669 
        H098  2 0.1727 0.2244 0.1937 0.4092 
      H10001  2 0.6537 0.1125 0.1291 0.1047 
      H10002  2 0.3122 0.1702 0.3522 0.1655 
        H101  2 0.1553 0.2271 0.1109 0.5068 
        H108  2 0.3522 0.1727 0.3442 0.1310 
        H109  2 0.2756 0.2187 0.1343 0.3714 
        H110  2 0.1380 0.1774 0.4376 0.2471 
        H116  2 0.1767 0.3251 0.2086 0.2896 
        H117  2 0.1377 0.1745 0.2664 0.4215 
        H118  2 0.1095 0.3392 0.2724 0.2789 
        H119  2 0.2979 0.2049 0.2747 0.2225 
        H120  2 0.4580 0.1411 0.2708 0.1301 
        H121  2 0.1372 0.2513 0.2530 0.3585 
        H125  2 0.6626 0.1057 0.1232 0.1085 
        H126  2 0.1884 0.4114 0.1872 0.2130 
        H128  2 0.0748 0.3396 0.1304 0.4552 
        H129  2 0.1274 0.4437 0.2132 0.2158 
        H130  2 0.4065 0.2577 0.1598 0.1760 
        H133  2 0.5061 0.1989 0.1350 0.1600 
        H134  2 0.1228 0.5370 0.1428 0.1974 
        H135  2 0.2353 0.2002 0.3393 0.2252 
        H137  2 0.2179 0.2065 0.1628 0.4128 
        H138  2 0.1470 0.3894 0.2354 0.2282 
        H140  2 0.2249 0.2471 0.2301 0.2980 
        H146  2 0.1604 0.2906 0.2038 0.3452 
        H147  2 0.1646 0.2076 0.3398 0.2880 
        H148  2 0.1613 0.1669 0.3478 0.3240 
     H166022  2 0.1322 0.2259 0.2503 0.3917 
     H167359  2 0.2155 0.2657 0.2069 0.3119 
     H167397  2 0.0792 0.2271 0.1871 0.5067 
     H167428  2 0.0866 0.2456 0.4400 0.2278 
     H167496  2 0.4203 0.1439 0.2534 0.1824 
     H167513  2 0.2518 0.2553 0.1333 0.3596 
     H167545  2 0.1404 0.3029 0.2438 0.3130 
     H167547  2 0.1315 0.2960 0.1101 0.4624 
     H169621  2 0.1478 0.2618 0.2214 0.3690 
     H169622  2 0.1571 0.3125 0.3169 0.2135 
     H169750  2 0.3386 0.2843 0.1356 0.2415 
     H171806  2 0.2762 0.2381 0.2257 0.2599 
     H171808  2 0.1978 0.2756 0.2910 0.2356 
     H171809  2 0.2254 0.1992 0.3724 0.2030 
     H171813  2 0.2624 0.2849 0.2313 0.2213 
     H171815  2 0.4983 0.1956 0.1660 0.1400 
     H171824  2 0.3191 0.1459 0.3626 0.1724 
     H171825  2 0.1811 0.2993 0.3185 0.2012 
     H171826  2 0.2593 0.1993 0.3038 0.2376 
     H171827  2 0.2540 0.2287 0.3046 0.2127 
     H171828  2 0.5081 0.1221 0.2414 0.1285 
     H171829  2 0.2694 0.3063 0.1612 0.2631 
     H171830  2 0.2140 0.2200 0.1912 0.3747 
     H171831  2 0.1202 0.3416 0.2125 0.3257 
     H171832  2 0.1892 0.3446 0.2260 0.2402 
     H171863  2 0.1073 0.3999 0.1623 0.3305 
     H171864  2 0.1999 0.2135 0.2494 0.3372 
     H171865  2 0.4389 0.1926 0.1707 0.1979 
     H171879  2 0.2326 0.2583 0.1812 0.3279 
     H171880  2 0.1556 0.1987 0.1602 0.4856 
     H171881  2 0.1723 0.2478 0.3399 0.2399 
     H171882  2 0.5337 0.1627 0.1653 0.1383 
     H171929  2 0.1830 0.2468 0.2740 0.2962 
     H171930  2 0.1237 0.2686 0.1380 0.4697 
     H171933  2 0.2100 0.2509 0.2333 0.3058 
     H171934  2 0.1876 0.2040 0.3785 0.2299 
     H171937  2 0.1638 0.3884 0.1656 0.2822 
     H171962  2 0.1628 0.2755 0.3500 0.2117 
        H190  2 0.1776 0.2932 0.2589 0.2703 
        H191  2 0.2459 0.2534 0.2441 0.2566 
        H396  2 0.2128 0.2067 0.4225 0.1580 
        H397  2 0.1894 0.2566 0.2231 0.3309 
        H398  2 0.2545 0.3293 0.2605 0.1557 
        H400  2 0.1929 0.2286 0.3517 0.2268 
        H401  2 0.0964 0.2725 0.1358 0.4953 
        H402  2 0.1485 0.2465 0.2375 0.3675 
        H427  2 0.1825 0.1820 0.4378 0.1976 
        H428  2 0.0856 0.2456 0.4440 0.2248 
        H497  2 0.3335 0.2385 0.1698 0.2582 
        H512  2 0.2031 0.2364 0.2207 0.3398 
        H513  2 0.2495 0.2576 0.1373 0.3556 
        H514  2 0.1945 0.3426 0.2162 0.2467 
        H519  2 0.2367 0.2430 0.1482 0.3721 
        H532  2 0.1280 0.2158 0.4354 0.2208 
        H543  2 0.1381 0.2336 0.2820 0.3464 
        H544  2 0.2276 0.4284 0.1537 0.1903 
        H545  2 0.1314 0.3439 0.2162 0.3086 
        H546  2 0.3917 0.2456 0.2036 0.1591 
        H547  2 0.1358 0.3007 0.1073 0.4563 
        H548  2 0.1880 0.2174 0.3067 0.2880 
        H549  2 0.2763 0.2823 0.1545 0.2869 
        H620  2 0.5450 0.1390 0.1905 0.1255 
        H623  2 0.1696 0.3686 0.1697 0.2921 
        H624  2 0.3728 0.3103 0.1741 0.1428 
        H625  2 0.1736 0.2398 0.3476 0.2390 
        H626  2 0.2440 0.2188 0.2151 0.3221 
        H654  2 0.6398 0.1302 0.1251 0.1049 
        H655  2 0.3313 0.2301 0.2167 0.2219 
        H656  2 0.5215 0.1530 0.2170 0.1084 
        H666  2 0.5612 0.1682 0.1154 0.1552 
        H667  2 0.1887 0.2058 0.3933 0.2122 
        H677  2 0.1845 0.2430 0.3304 0.2421 
        H693  2 0.3340 0.1537 0.3730 0.1393 
        H694  2 0.1799 0.3314 0.1632 0.3255 
        H701  2 0.1569 0.2407 0.2157 0.3867 
        H702  2 0.2666 0.2143 0.2259 0.2931 
        H731  2 0.3220 0.1886 0.2979 0.1916 
       H7359  2 0.2147 0.2703 0.2149 0.3000 
       H7389  2 0.2013 0.2666 0.2691 0.2630 
       H7390  2 0.4674 0.1721 0.1843 0.1762 
       H7391  2 0.1492 0.1511 0.4748 0.2249 
       H7392  2 0.2768 0.2855 0.2486 0.1891 
       H7393  2 0.3146 0.2122 0.2015 0.2717 
       H7398  2 0.1893 0.1820 0.3337 0.2949 
       H7399  2 0.1447 0.2502 0.3408 0.2643 
       H7400  2 0.5941 0.1462 0.1465 0.1133 
        H745  2 0.1315 0.4824 0.1648 0.2213 
        H746  2 0.1478 0.2797 0.3655 0.2070 
        H747  2 0.4138 0.1805 0.1618 0.2440 
        H748  2 0.2363 0.2245 0.2153 0.3239 
       H7484  2 0.4878 0.1689 0.1608 0.1825 
       H7485  2 0.2206 0.3188 0.2023 0.2583 
        H749  2 0.1738 0.3051 0.2856 0.2355 
        H930  2 0.1371 0.2389 0.1413 0.4827 
        H931  2 0.1972 0.2634 0.3017 0.2377 
        H932  2 0.2420 0.2587 0.2261 0.2732 
        H111  3 0.1522 0.3282 0.1664 0.3533 
        H951  3 0.1397 0.2875 0.2131 0.3597 
        H952  3 0.2251 0.2969 0.2033 0.2748 
        H953  3 0.1444 0.2067 0.3851 0.2639 
        H954  3 0.4243 0.1961 0.1613 0.2183 
        H955  3 0.1370 0.2915 0.1883 0.3833 
        H956  3 0.2597 0.2055 0.2148 0.3200 
       H9563  3 0.2537 0.1980 0.2505 0.2977 
        H002  4 0.3725 0.2665 0.2124 0.1486 
        H003  4 0.1349 0.2502 0.4514 0.1635 
        H009  4 0.1905 0.4049 0.1765 0.2281 
        H010  4 0.1990 0.2287 0.3461 0.2262 
        H011  4 0.4333 0.1589 0.2761 0.1317 
        H012  4 0.1419 0.2111 0.3686 0.2784 
        H013  4 0.2609 0.1765 0.3942 0.1684 
        H014  4 0.2253 0.2643 0.2532 0.2572 
        H045  4 0.2749 0.1828 0.3268 0.2155 
        H046  4 0.1444 0.3057 0.3562 0.1937 
        H051  4 0.3104 0.1890 0.3103 0.1903 
        H052  4 0.3550 0.2868 0.1746 0.1836 
        H053  4 0.3011 0.2161 0.2298 0.2530 
        H056  4 0.3813 0.2308 0.1881 0.1998 
        H076  4 0.1481 0.3347 0.2929 0.2243 
        H151  4 0.5051 0.1910 0.1716 0.1323 
        H152  4 0.3508 0.2825 0.2208 0.1459 
     H171803  4 0.3966 0.1775 0.2393 0.1866 
     H171804  4 0.3177 0.1928 0.2281 0.2614 
     H171833  4 0.1554 0.4177 0.1873 0.2396 
     H171855  4 0.4822 0.2208 0.1450 0.1520 
     H171856  4 0.2705 0.2216 0.1946 0.3132 
     H171857  4 0.3836 0.2308 0.1675 0.2181 
     H171858  4 0.2266 0.3014 0.2594 0.2126 
     H171859  4 0.2719 0.2621 0.2636 0.2025 
     H171961  4 0.3324 0.2018 0.2911 0.1747 
        H198  4 0.1155 0.2875 0.3390 0.2580 
      H20001  4 0.1731 0.3880 0.1726 0.2664 
        H403  4 0.3175 0.2686 0.1886 0.2254 
        H404  4 0.1499 0.2393 0.3991 0.2116 
        H405  4 0.1468 0.2802 0.3003 0.2727 
        H406  4 0.2118 0.3363 0.0926 0.3594 
        H407  4 0.2729 0.2062 0.2506 0.2703 
        H410  4 0.1385 0.2439 0.2307 0.3869 
        H411  4 0.1583 0.3201 0.1793 0.3423 
        H468  4 0.2484 0.3344 0.1187 0.2985 
        H476  4 0.2770 0.2480 0.1435 0.3315 
        H477  4 0.1565 0.3943 0.1860 0.2632 
        H478  4 0.1734 0.2408 0.3623 0.2235 
        H479  4 0.3071 0.2093 0.3021 0.1815 
        H480  4 0.1429 0.3175 0.1802 0.3594 
        H498  4 0.2096 0.2843 0.2982 0.2079 
        H499  4 0.2258 0.2406 0.2952 0.2384 
        H500  4 0.4286 0.1604 0.2199 0.1911 
        H515  4 0.2930 0.2047 0.2366 0.2657 
        H516  4 0.2559 0.2791 0.1598 0.3052 
        H517  4 0.2288 0.2528 0.2031 0.3153 
        H518  4 0.3534 0.2915 0.1345 0.2206 
        H520  4 0.3780 0.2355 0.1663 0.2202 
        H521  4 0.2030 0.2478 0.3097 0.2395 
        H522  4 0.3087 0.2340 0.2143 0.2431 
        H523  4 0.2524 0.2338 0.1969 0.3169 
        H536  4 0.1885 0.2947 0.3482 0.1687 
        H645  4 0.2388 0.1462 0.4668 0.1482 
        H646  4 0.1424 0.3025 0.1699 0.3851 
        H647  4 0.2394 0.2972 0.1872 0.2762 
        H657  4 0.1653 0.2871 0.2283 0.3193 
        H658  4 0.2530 0.2169 0.1946 0.3355 
        H659  4 0.5742 0.1411 0.1476 0.1370 
        H660  4 0.2670 0.2746 0.2112 0.2472 
        H661  4 0.4177 0.2202 0.2016 0.1606 
        H668  4 0.1441 0.2016 0.4228 0.2316 
        H669  4 0.2484 0.2107 0.2732 0.2677 
        H670  4 0.2144 0.1507 0.4872 0.1478 
        H678  4 0.2385 0.2284 0.2089 0.3243 
        H679  4 0.1460 0.2417 0.1836 0.4286 
        H680  4 0.2336 0.3283 0.2129 0.2252 
        H681  4 0.2791 0.1966 0.3338 0.1905 
        H682  4 0.1764 0.1880 0.2356 0.4000 
        H683  4 0.3683 0.2660 0.1127 0.2529 
        H718  4 0.4461 0.2017 0.1826 0.1696 
        H719  4 0.2541 0.2128 0.3146 0.2185 
        H720  4 0.3237 0.3112 0.1967 0.1683 
        H721  4 0.2958 0.3190 0.2016 0.1835 
        H722  4 0.3311 0.3701 0.1379 0.1609 
        H723  4 0.3636 0.1616 0.2640 0.2109 
        H724  4 0.5179 0.1541 0.1424 0.1856 
        H725  4 0.4938 0.2025 0.1481 0.1555 
        H726  4 0.3758 0.2082 0.2207 0.1952 
        H727  4 0.3130 0.1854 0.3011 0.2004 
        H910  4 0.2897 0.1783 0.2698 0.2622 
        H911  4 0.1813 0.2608 0.1772 0.3806 
        H912  4 0.2824 0.2490 0.1632 0.3054 
        H913  4 0.3378 0.2064 0.2029 0.2528 
        H914  4 0.3408 0.1440 0.3335 0.1817 
        H915  4 0.2533 0.2152 0.1837 0.3478 
        H916  4 0.2071 0.2945 0.1493 0.3491 
       H9572  4 0.3257 0.2616 0.1923 0.2204 
        H015  5 0.1536 0.3654 0.1811 0.2999 
        H016  5 0.1599 0.4118 0.2116 0.2167 
        H017  5 0.2680 0.2957 0.1779 0.2585 
        H019  5 0.2074 0.3193 0.2291 0.2442 
        H020  5 0.2561 0.2517 0.2761 0.2161 
        H032  5 0.3063 0.2137 0.1807 0.2993 
        H033  5 0.1618 0.2245 0.3216 0.2921 
        H034  5 0.3405 0.1692 0.3097 0.1805 
        H035  5 0.2439 0.2604 0.2193 0.2764 
        H036  5 0.1849 0.2782 0.1895 0.3474 
        H037  5 0.3368 0.2000 0.2642 0.1990 
        H048  5 0.4045 0.1683 0.2546 0.1726 
        H049  5 0.2228 0.3422 0.1875 0.2475 
        H054  5 0.2445 0.2906 0.2407 0.2241 
        H055  5 0.2902 0.2109 0.3470 0.1520 
        H057  5 0.2305 0.4336 0.1867 0.1493 
        H060  5 0.2860 0.2593 0.3102 0.1445 
        H061  5 0.1795 0.2217 0.3606 0.2382 
        H064  5 0.3206 0.2463 0.2698 0.1633 
        H070  5 0.2578 0.1818 0.3444 0.2160 
        H077  5 0.4293 0.2041 0.1691 0.1974 
        H078  5 0.3668 0.2549 0.1462 0.2322 
        H079  5 0.1418 0.2170 0.3508 0.2904 
        H097  5 0.3020 0.3408 0.1303 0.2270 
        H107  5 0.5091 0.1346 0.2382 0.1181 
        H122  5 0.2324 0.2924 0.2206 0.2546 
        H123  5 0.1480 0.2757 0.1860 0.3902 
        H124  5 0.1605 0.2632 0.2617 0.3146 
        H131  5 0.1690 0.2293 0.2199 0.3818 
        H132  5 0.2732 0.2151 0.2612 0.2506 
        H141  5 0.3325 0.2109 0.2556 0.2010 
        H142  5 0.1426 0.2563 0.3059 0.2952 
        H157  5 0.3994 0.1848 0.2378 0.1780 
        H158  5 0.1451 0.3932 0.1620 0.2998 
        H159  5 0.1716 0.3115 0.2278 0.2891 
        H160  5 0.2868 0.2675 0.1886 0.2571 
        H163  5 0.1634 0.2506 0.2184 0.3676 
        H164  5 0.1883 0.2754 0.2841 0.2522 
        H165  5 0.1432 0.2288 0.3723 0.2558 
        H166  5 0.1677 0.3150 0.2514 0.2658 
        H169  5 0.2015 0.2452 0.3341 0.2191 
     H169613  5 0.2359 0.2567 0.2476 0.2599 
     H169653  5 0.1603 0.2865 0.2818 0.2714 
     H169728  5 0.1804 0.2990 0.1812 0.3393 
     H169742  5 0.2148 0.1813 0.4602 0.1438 
        H170  5 0.2055 0.4110 0.2013 0.1822 
        H171  5 0.1763 0.4048 0.1981 0.2209 
     H171851  5 0.2103 0.3190 0.2402 0.2305 
     H171852  5 0.3642 0.2661 0.1731 0.1966 
     H171853  5 0.3100 0.2043 0.2358 0.2499 
     H171854  5 0.2214 0.2706 0.1932 0.3148 
     H171938  5 0.1931 0.1728 0.4203 0.2137 
     H171939  5 0.1675 0.3540 0.2283 0.2502 
     H171941  5 0.3774 0.1690 0.3162 0.1373 
     H171965  5 0.1556 0.3056 0.3185 0.2203 
     H171970  5 0.4954 0.1604 0.2087 0.1355 
     H171973  5 0.1593 0.2174 0.3836 0.2397 
     H171974  5 0.2226 0.1908 0.3734 0.2132 
     H171975  5 0.2675 0.2375 0.2952 0.1997 
     H171976  5 0.2506 0.3865 0.1540 0.2089 
        H175  5 0.3484 0.1973 0.2671 0.1873 
        H178  5 0.2521 0.2452 0.3220 0.1808 
        H189  5 0.1383 0.2944 0.2213 0.3459 
        H399  5 0.2395 0.4334 0.1242 0.2029 
        H416  5 0.2527 0.2167 0.3117 0.2190 
        H438  5 0.2173 0.1922 0.3045 0.2860 
        H450  5 0.3577 0.2107 0.2915 0.1401 
        H455  5 0.4158 0.1575 0.2967 0.1300 
        H456  5 0.2246 0.2010 0.3758 0.1985 
        H457  5 0.3694 0.2894 0.1799 0.1613 
        H458  5 0.3214 0.1821 0.3070 0.1896 
        H459  5 0.1480 0.2908 0.2443 0.3169 
        H460  5 0.2715 0.2207 0.2287 0.2791 
        H461  5 0.2164 0.3359 0.1628 0.2849 
        H462  5 0.1671 0.2324 0.2377 0.3628 
        H469  5 0.1403 0.2457 0.2174 0.3966 
        H470  5 0.2814 0.2377 0.2149 0.2660 
        H471  5 0.1520 0.3743 0.1356 0.3381 
        H481  5 0.4910 0.1658 0.1785 0.1647 
        H482  5 0.3145 0.2447 0.2263 0.2145 
        H501  5 0.2587 0.2315 0.2786 0.2311 
        H502  5 0.1431 0.3428 0.2294 0.2847 
        H503  5 0.1857 0.2993 0.2001 0.3148 
        H509  5 0.3778 0.1877 0.1923 0.2422 
        H510  5 0.1945 0.2515 0.3462 0.2078 
        H511  5 0.1614 0.2689 0.2805 0.2892 
        H530  5 0.2879 0.1906 0.3022 0.2193 
        H531  5 0.4460 0.2011 0.1469 0.2061 
        H564  5 0.3157 0.2529 0.2720 0.1595 
        H565  5 0.4513 0.2010 0.1960 0.1517 
        H567  5 0.1229 0.2534 0.1938 0.4299 
     H568???  5 0.1575 0.3595 0.2137 0.2693 
        H608  5 0.3636 0.2043 0.2782 0.1539 
        H609  5 0.1832 0.1971 0.4301 0.1896 
        H612  5 0.4299 0.1386 0.2820 0.1495 
        H614  5 0.4507 0.2206 0.1713 0.1573 
        H615  5 0.3890 0.2579 0.1648 0.1883 
        H616  5 0.4954 0.1239 0.2472 0.1335 
        H617  5 0.1462 0.2281 0.2848 0.3410 
        H618  5 0.3919 0.1857 0.2404 0.1821 
        H619  5 0.1560 0.1909 0.5195 0.1335 
        H635  5 0.2117 0.2611 0.2671 0.2601 
        H636  5 0.1475 0.1687 0.4739 0.2098 
        H637  5 0.2790 0.2405 0.3084 0.1722 
        H644  5 0.0940 0.4809 0.1375 0.2876 
        H711  5 0.2124 0.3984 0.1872 0.2020 
        H712  5 0.2799 0.1766 0.3724 0.1711 
       H7360  5 0.2841 0.2987 0.2301 0.1872 
       H7361  5 0.3321 0.2254 0.2343 0.2083 
       H7362  5 0.1115 0.4230 0.1685 0.2969 
       H7363  5 0.2983 0.2352 0.2264 0.2400 
       H7394  5 0.1493 0.2279 0.2344 0.3884 
       H7395  5 0.2143 0.2166 0.4033 0.1657 
       H7396  5 0.2239 0.2307 0.2746 0.2708 
        H742  5 0.2145 0.1804 0.4544 0.1506 
        H743  5 0.2921 0.2490 0.2638 0.1952 
        H744  5 0.4651 0.1507 0.2002 0.1841 
        H957  5 0.2419 0.3294 0.2092 0.2195 
        H958  5 0.1962 0.2297 0.2020 0.3721 
        H959  5 0.3632 0.1780 0.3139 0.1449 
        H960  5 0.2177 0.2090 0.2836 0.2898 
      H_PALI  6 0.2063 0.2789 0.2316 0.2831 
        H581  6 0.3263 0.2350 0.1856 0.2530 
        H582  6 0.5057 0.1986 0.1571 0.1386 
        H583  6 0.2919 0.2315 0.2205 0.2560 
        H595  6 0.1219 0.2440 0.1469 0.4872 
        H596  6 0.1298 0.2343 0.1953 0.4406 
        H597  6 0.1351 0.3358 0.2480 0.2811 
        H598  6 0.2516 0.1976 0.2905 0.2603 
        H599  6 0.3182 0.2132 0.2802 0.1884 
        H642  6 0.1971 0.3292 0.1516 0.3221 
        H643  6 0.2300 0.2030 0.2739 0.2931 
        H664  6 0.4582 0.2385 0.1188 0.1845 
        H665  6 0.1844 0.1805 0.4329 0.2022 
        H674  6 0.1168 0.4175 0.1659 0.2998 
        H675  6 0.3031 0.2655 0.2248 0.2066 
        H676  6 0.1581 0.2650 0.1785 0.3984 
        H686  6 0.2014 0.3025 0.2641 0.2320 
        H687  6 0.2383 0.2665 0.1933 0.3019 
        H917  6 0.1340 0.2145 0.2635 0.3880 
        H918  6 0.1691 0.2102 0.4647 0.1561 
        H919  6 0.3969 0.1617 0.2588 0.1827 
        H920  6 0.3426 0.2333 0.2019 0.2222 
        H631  7 0.3261 0.2232 0.2845 0.1661 
        H684  7 0.1392 0.3813 0.2492 0.2302 
        H685  7 0.4393 0.1635 0.1116 0.2856 
        H713  7 0.4906 0.1581 0.1860 0.1653 
        H715  7 0.1631 0.3593 0.2375 0.2401 
        H716  7 0.2422 0.2354 0.3882 0.1343 
        H717  7 0.2811 0.2568 0.2542 0.2079 
        H729  7 0.1212 0.2088 0.3172 0.3527 
        H730  7 0.2253 0.1810 0.3442 0.2494 
        H431  8 0.3489 0.1913 0.2076 0.2521 
        H432  8 0.1225 0.4007 0.2173 0.2595 
        H433  8 0.1741 0.2262 0.2672 0.3325 
        H434  8 0.1834 0.2574 0.2784 0.2807 
        H444  8 0.1776 0.2182 0.3849 0.2192 
        H454  8 0.4127 0.1651 0.2575 0.1646 
        H475  8 0.4648 0.1818 0.1848 0.1686 
        H491  8 0.2825 0.2471 0.3211 0.1494 
        H492  8 0.3586 0.2197 0.1901 0.2316 
        H493  8 0.2080 0.2894 0.2144 0.2882 
        H494  8 0.2540 0.2347 0.2441 0.2671 
        H495  8 0.4422 0.2492 0.1672 0.1413 
        H662  8 0.2355 0.3334 0.1923 0.2389 
        H663  8 0.2279 0.2434 0.2616 0.2671 
        H695  8 0.2666 0.2126 0.2585 0.2623 
       H7367  8 0.1282 0.2232 0.1959 0.4527 
       H7368  8 0.1716 0.3022 0.2689 0.2573 
       H7369  8 0.1944 0.2061 0.3880 0.2115 
       H7370  8 0.1182 0.2022 0.1340 0.5455 
       H7371  8 0.1968 0.2148 0.2736 0.3148 
        H600  9 0.3553 0.2061 0.2635 0.1752 
        H648  9 0.2448 0.2919 0.2061 0.2572 
        H696  9 0.1197 0.3886 0.1246 0.3670 
        H697  9 0.2011 0.2533 0.2620 0.2836 
        H698  9 0.1783 0.2713 0.1898 0.3606 
        H699  9 0.2200 0.2626 0.2169 0.3004 
        H700  9 0.3070 0.1952 0.3362 0.1616 
        H732  9 0.4353 0.2393 0.1622 0.1632 
        H733  9 0.1448 0.2232 0.2107 0.4213 
        H734  9 0.1548 0.2956 0.1775 0.3720 
        H735  9 0.1823 0.2405 0.1613 0.4159 
        H736  9 0.2840 0.2481 0.2368 0.2311 
        H737  9 0.2732 0.2089 0.3182 0.1996 
        H905  9 0.2846 0.1785 0.3757 0.1612 
        H921  9 0.2844 0.1813 0.3173 0.2171 
        H922  9 0.1161 0.2650 0.2375 0.3814 
     H169705 10 0.1687 0.1833 0.1671 0.4810 
     H171942 10 0.1198 0.4027 0.2109 0.2666 
     H171943 10 0.1996 0.2637 0.2523 0.2844 
     H171944 10 0.2216 0.1952 0.2479 0.3353 
     H171946 10 0.3984 0.2644 0.1400 0.1972 
     H171947 10 0.1893 0.2906 0.2368 0.2833 
     H229641 10 0.2664 0.2607 0.1676 0.3053 
      H30001 10 0.2542 0.2052 0.2732 0.2674 
      H30002 10 0.2216 0.2260 0.3413 0.2110 
      H30005 10 0.1903 0.2199 0.2059 0.3840 
      H30006 10 0.1635 0.2944 0.1514 0.3907 
      H30007 10 0.1226 0.4755 0.2080 0.1939 
        H451 10 0.1452 0.2589 0.2785 0.3174 
        H452 10 0.2189 0.2569 0.1493 0.3749 
        H453 10 0.4315 0.2322 0.1911 0.1452 
        H473 10 0.2938 0.2492 0.2799 0.1772 
        H474 10 0.5273 0.1795 0.1152 0.1781 
        H486 10 0.3141 0.2171 0.2212 0.2476 
        H487 10 0.3342 0.2216 0.2283 0.2159 
        H488 10 0.2366 0.1853 0.3854 0.1927 
        H489 10 0.4280 0.1719 0.1615 0.2386 
        H550 10 0.1899 0.3359 0.1708 0.3033 
        H551 10 0.2366 0.1948 0.2443 0.3243 
        H553 10 0.4024 0.2067 0.1493 0.2416 
        H554 10 0.1902 0.3024 0.2731 0.2342 
        H556 10 0.2809 0.2907 0.1783 0.2502 
        H580 10 0.1742 0.2338 0.3182 0.2738 
        H591 10 0.5008 0.1566 0.1868 0.1559 
        H592 10 0.3202 0.2001 0.1781 0.3015 
        H593 10 0.2178 0.2899 0.2606 0.2316 
        H594 10 0.1123 0.3509 0.2258 0.3110 
        H627 10 0.2678 0.2924 0.1742 0.2656 
        H628 10 0.1069 0.2335 0.4561 0.2036 
        H629 10 0.2716 0.3404 0.1525 0.2355 
        H630 10 0.2686 0.2235 0.1498 0.3581 
        H638 10 0.1945 0.2215 0.1586 0.4254 
        H639 10 0.4128 0.2450 0.1279 0.2143 
        H640 10 0.1812 0.2894 0.1858 0.3436 
        H704 10 0.1594 0.3556 0.2329 0.2521 
        H705 10 0.1741 0.1733 0.1702 0.4824 
        H706 10 0.2902 0.1616 0.3567 0.1916 
        H708 10 0.4914 0.1662 0.1881 0.1543 
       H7351 10 0.2163 0.3218 0.2299 0.2320 
       H7352 10 0.2727 0.2330 0.2514 0.2429 
       H7353 10 0.1441 0.4563 0.1772 0.2224 
       H7354 10 0.2680 0.1912 0.3875 0.1532 
       H7365 10 0.4892 0.1597 0.1834 0.1677 
       H7383 10 0.2818 0.1731 0.3209 0.2242 
       H7384 10 0.2627 0.1991 0.3090 0.2293 
       H7385 10 0.3324 0.1766 0.2813 0.2098 
       H7386 10 0.1949 0.2394 0.3180 0.2477 
       H7387 10 0.1887 0.2535 0.3020 0.2558 
       H7388 10 0.2332 0.2108 0.2450 0.3110 
        H906 10 0.3061 0.3192 0.2439 0.1308 
        H907 10 0.1510 0.2687 0.1601 0.4202 
        H908 10 0.2312 0.2245 0.2799 0.2644 
        H909 10 0.2087 0.1904 0.4491 0.1518 
       H9552 10 0.2171 0.2783 0.2564 0.2482 
       H9553 10 0.3150 0.2190 0.1861 0.2799 
       H9555 10 0.1673 0.2100 0.2647 0.3580 
       H9575 10 0.3982 0.2311 0.2056 0.1650 
       H9703 10 0.4659 0.1724 0.1827 0.1790 
       H9707 10 0.3765 0.2107 0.1683 0.2445 
       HSAA4 10 0.1754 0.2473 0.3113 0.2660 
        H001 11 0.2450 0.2110 0.3690 0.1750 
        H004 11 0.2159 0.2453 0.2745 0.2643 
        H005 11 0.4085 0.1646 0.2890 0.1379 
        H006 11 0.2205 0.2264 0.2952 0.2578 
        H007 11 0.3240 0.1757 0.3522 0.1482 
        H031 11 0.4839 0.1432 0.1813 0.1916 
        H074 11 0.4279 0.2039 0.1439 0.2242 
        H075 11 0.3777 0.1542 0.3251 0.1430 
        H080 11 0.3758 0.1712 0.2324 0.2206 
        H086 11 0.2430 0.2100 0.2438 0.3032 
        H092 11 0.2946 0.1988 0.2184 0.2883 
        H093 11 0.1273 0.4103 0.2304 0.2321 
        H094 11 0.1903 0.2587 0.1722 0.3787 
        H095 11 0.3508 0.2054 0.2749 0.1689 
        H096 11 0.2673 0.1864 0.3802 0.1660 
        H099 11 0.2931 0.2180 0.2411 0.2479 
        H100 11 0.1203 0.2857 0.3668 0.2272 
        H127 11 0.2910 0.2260 0.2351 0.2480 
        H136 11 0.4610 0.1993 0.1722 0.1675 
        H153 11 0.2194 0.2840 0.2180 0.2786 
        H154 11 0.4675 0.1802 0.1668 0.1855 
        H155 11 0.1156 0.2200 0.3856 0.2788 
        H156 11 0.0949 0.2115 0.3721 0.3215 
        H161 11 0.2027 0.3476 0.2472 0.2025 
        H162 11 0.1537 0.2560 0.1884 0.4019 
        H167 11 0.1531 0.2519 0.3640 0.2310 
        H168 11 0.1963 0.2528 0.2865 0.2644 
     H169586 11 0.3489 0.3607 0.1340 0.1564 
     H169738 11 0.1426 0.2164 0.3515 0.2894 
     H169741 11 0.4014 0.2034 0.1736 0.2217 
     H171801 11 0.1591 0.3728 0.2029 0.2652 
     H171810 11 0.3723 0.2307 0.1883 0.2086 
     H171811 11 0.4478 0.2075 0.1713 0.1734 
     H171812 11 0.2186 0.1808 0.4657 0.1349 
     H171820 11 0.4370 0.1826 0.1896 0.1908 
     H171821 11 0.1718 0.2255 0.2657 0.3370 
     H171822 11 0.2115 0.2270 0.2224 0.3391 
     H171823 11 0.4177 0.2859 0.1462 0.1501 
     H171866 11 0.1568 0.3045 0.2359 0.3029 
     H171867 11 0.1482 0.1948 0.3130 0.3441 
     H171967 11 0.3740 0.1631 0.2827 0.1803 
     H171969 11 0.2307 0.2590 0.2810 0.2293 
        H172 11 0.2135 0.2244 0.2958 0.2663 
        H173 11 0.1914 0.1765 0.3245 0.3077 
        H174 11 0.1285 0.3356 0.1628 0.3731 
        H196 11 0.1553 0.2193 0.2585 0.3669 
        H197 11 0.1640 0.2393 0.2887 0.3079 
        H346 11 0.2322 0.1879 0.4048 0.1751 
        H355 11 0.3117 0.2180 0.2848 0.1855 
        H356 11 0.2607 0.2411 0.2812 0.2170 
        H357 11 0.3379 0.1976 0.2287 0.2358 
        H358 11 0.1925 0.1613 0.4583 0.1878 
        H359 11 0.2510 0.2572 0.2268 0.2650 
        H360 11 0.2204 0.2071 0.3041 0.2684 
        H361 11 0.1768 0.2282 0.3577 0.2373 
        H362 11 0.1066 0.2386 0.1820 0.4728 
        H363 11 0.3865 0.1795 0.2467 0.1873 
        H364 11 0.2373 0.2739 0.3068 0.1820 
        H365 11 0.1846 0.2590 0.3124 0.2441 
        H366 11 0.1743 0.2428 0.3300 0.2529 
        H367 11 0.4577 0.1860 0.1445 0.2118 
        H368 11 0.1834 0.3579 0.1731 0.2855 
        H369 11 0.4504 0.1417 0.2186 0.1893 
        H370 11 0.1730 0.2573 0.2804 0.2893 
        H371 11 0.2248 0.2253 0.1779 0.3719 
        H372 11 0.1995 0.2285 0.3050 0.2670 
        H373 11 0.2163 0.2101 0.3168 0.2569 
        H374 11 0.2594 0.1891 0.3926 0.1588 
        H375 11 0.2758 0.1985 0.3086 0.2171 
        H376 11 0.1657 0.3232 0.2769 0.2342 
        H377 11 0.2688 0.2236 0.2530 0.2546 
        H378 11 0.2827 0.2718 0.2242 0.2213 
        H379 11 0.2176 0.2361 0.2119 0.3343 
        H380 11 0.1385 0.2151 0.4131 0.2333 
        H381 11 0.4385 0.2267 0.1532 0.1815 
        H382 11 0.1023 0.2791 0.2456 0.3730 
        H383 11 0.1331 0.2914 0.3661 0.2094 
        H384 11 0.3525 0.2149 0.2464 0.1863 
        H385 11 0.3055 0.2042 0.1958 0.2945 
        H386 11 0.1575 0.1691 0.4883 0.1852 
        H387 11 0.2269 0.4075 0.2151 0.1505 
        H388 11 0.1261 0.2541 0.3245 0.2953 
        H389 11 0.2226 0.1977 0.3495 0.2301 
        H390 11 0.2025 0.2231 0.2844 0.2899 
        H391 11 0.1816 0.3225 0.2067 0.2892 
        H392 11 0.3356 0.1579 0.3771 0.1294 
        H393 11 0.1443 0.3412 0.3047 0.2098 
        H394 11 0.1619 0.4682 0.1525 0.2173 
        H395 11 0.3755 0.1795 0.2466 0.1985 
        H408 11 0.2300 0.1653 0.4360 0.1686 
        H412 11 0.5438 0.2159 0.0849 0.1555 
        H417 11 0.3140 0.2189 0.2421 0.2250 
        H418 11 0.2834 0.2854 0.1693 0.2620 
        H429 11 0.1740 0.2413 0.4159 0.1688 
        H430 11 0.1463 0.2483 0.3080 0.2974 
        H439 11 0.2413 0.2114 0.2674 0.2799 
        H440 11 0.4137 0.1860 0.2552 0.1451 
        H441 11 0.1852 0.2391 0.2009 0.3748 
        H442 11 0.1788 0.2550 0.3283 0.2379 
        H446 11 0.2270 0.2881 0.2472 0.2377 
        H447 11 0.1481 0.2132 0.3650 0.2736 
        H448 11 0.1925 0.1947 0.3216 0.2912 
        H534 11 0.4467 0.2085 0.2097 0.1351 
        H537 11 0.4269 0.2419 0.1764 0.1549 
        H568 11 0.5328 0.1556 0.1345 0.1770 
        H569 11 0.0988 0.2367 0.2173 0.4473 
        H586 11 0.3589 0.3728 0.1170 0.1512 
        H587 11 0.4915 0.1554 0.1967 0.1564 
        H588 11 0.1353 0.4304 0.2201 0.2142 
        H589 11 0.4476 0.1667 0.2568 0.1289 
        H590 11 0.3716 0.2236 0.2457 0.1591 
        H601 11 0.1271 0.3031 0.2197 0.3500 
        H602 11 0.3048 0.1980 0.2260 0.2712 
        H603 11 0.1430 0.2049 0.3784 0.2737 
        H610 11 0.2731 0.2040 0.2255 0.2974 
        H611 11 0.3497 0.1905 0.1511 0.3087 
        H649 11 0.2305 0.2652 0.2535 0.2509 
        H650 11 0.1677 0.2549 0.1554 0.4220 
        H651 11 0.1924 0.1775 0.3640 0.2661 
        H652 11 0.2371 0.2963 0.2179 0.2487 
       H7364 11 0.1731 0.2445 0.3166 0.2659 
       H7366 11 0.2505 0.1897 0.3158 0.2441 
       H7378 11 0.0921 0.4229 0.1131 0.3719 
       H7379 11 0.2201 0.2434 0.2162 0.3203 
        H739 11 0.3975 0.2035 0.1512 0.2478 
        H740 11 0.1852 0.2697 0.1808 0.3643 
        H741 11 0.4043 0.1990 0.1670 0.2296 
        H926 11 0.1837 0.2629 0.1830 0.3703 
        H927 11 0.1598 0.2036 0.2351 0.4015 
        H928 11 0.2360 0.2214 0.1420 0.4006 
       H9560 11 0.2136 0.2880 0.1773 0.3211 
        H409 12 0.1447 0.2419 0.3361 0.2773 
        H413 12 0.1465 0.4312 0.1677 0.2546 
        H419 12 0.1944 0.2193 0.3393 0.2470 
        H420 12 0.2932 0.2292 0.2867 0.1910 
        H421 12 0.1218 0.3349 0.2885 0.2547 
        H435 12 0.1445 0.3169 0.3129 0.2257 
        H436 12 0.2356 0.1849 0.3751 0.2044 
        H437 12 0.3865 0.2395 0.2069 0.1671 
        H445 12 0.1380 0.2092 0.4209 0.2318 
        H449 12 0.1896 0.3349 0.2093 0.2661 
        H463 12 0.3163 0.2430 0.2269 0.2138 
        H464 12 0.1426 0.3843 0.1940 0.2792 
        H465 12 0.2431 0.3756 0.1290 0.2523 
        H490 12 0.1414 0.4017 0.1967 0.2601 
        H561 12 0.2266 0.2521 0.1852 0.3361 
        H562 12 0.2026 0.1893 0.4215 0.1865 
        H563 12 0.2522 0.1861 0.2580 0.3036 
        H570 12 0.3240 0.1695 0.3102 0.1963 
        H571 12 0.2490 0.3241 0.1694 0.2574 
        H572 12 0.3123 0.2506 0.2153 0.2218 
        H573 12 0.1369 0.2340 0.3570 0.2721 
       H7372 12 0.1029 0.2305 0.3814 0.2851 
       H7373 12 0.1636 0.4350 0.1749 0.2266 
       H7374 12 0.3094 0.2325 0.3208 0.1373 
       H7375 12 0.3384 0.1952 0.2657 0.2006 
       H7376 12 0.1146 0.1890 0.4914 0.2050 
       H7377 12 0.3531 0.1959 0.1689 0.2820 
