        H102  1 0.1973 0.2067 0.1582 0.2856 0.1523 
        H103  1 0.2292 0.1423 0.2633 0.1970 0.1682 
        H104  1 0.1816 0.2152 0.1468 0.1900 0.2664 
        H105  1 0.2236 0.2097 0.1702 0.2559 0.1406 
        H106  1 0.2054 0.2216 0.1958 0.1856 0.1916 
        H112  1 0.2009 0.2413 0.1592 0.1963 0.2024 
        H113  1 0.2357 0.1675 0.1615 0.2235 0.2119 
        H114  1 0.2585 0.1338 0.1624 0.2546 0.1906 
        H115  1 0.2069 0.1898 0.1433 0.2566 0.2034 
        H143  1 0.2212 0.1636 0.1813 0.2784 0.1556 
        H144  1 0.2038 0.1349 0.2754 0.2463 0.1397 
        H145  1 0.2159 0.1473 0.2786 0.1988 0.1594 
        H149  1 0.1798 0.2183 0.1577 0.1946 0.2496 
        H150  1 0.1752 0.1859 0.2227 0.2086 0.2077 
     H167542  1 0.2111 0.1738 0.1591 0.2823 0.1738 
     H169604  1 0.2186 0.1704 0.1705 0.2363 0.2043 
     H169607  1 0.1930 0.1666 0.2348 0.2239 0.1817 
     H169608  1 0.1570 0.2685 0.1813 0.1799 0.2133 
     H169633  1 0.2586 0.1642 0.1789 0.2388 0.1595 
     H169688  1 0.1830 0.1950 0.2636 0.1627 0.1957 
     H169714  1 0.1686 0.2017 0.1880 0.1894 0.2522 
     H171802  1 0.1948 0.2440 0.1669 0.1517 0.2426 
     H171805  1 0.1997 0.1829 0.2269 0.2151 0.1754 
     H171807  1 0.1831 0.2539 0.1873 0.1763 0.1994 
     H171814  1 0.1992 0.1486 0.2861 0.1734 0.1928 
     H171816  1 0.1819 0.2361 0.1906 0.1733 0.2181 
     H171817  1 0.1974 0.1999 0.1690 0.2126 0.2211 
     H171818  1 0.2601 0.1744 0.1714 0.2248 0.1694 
     H171819  1 0.2041 0.1934 0.1746 0.1969 0.2309 
     H171834  1 0.2058 0.1941 0.1841 0.2714 0.1447 
     H171835  1 0.1351 0.2381 0.1537 0.1453 0.3278 
     H171836  1 0.2991 0.1331 0.1899 0.2508 0.1272 
     H171837  1 0.1800 0.2022 0.1809 0.1973 0.2395 
     H171838  1 0.2467 0.1740 0.2193 0.1941 0.1659 
     H171839  1 0.1777 0.1828 0.1614 0.2067 0.2714 
     H171841  1 0.1402 0.3562 0.1848 0.1316 0.1873 
     H171860  1 0.2045 0.1921 0.1730 0.2305 0.2000 
     H171861  1 0.2823 0.1181 0.1802 0.2916 0.1278 
     H171862  1 0.2153 0.1734 0.1929 0.2215 0.1970 
     H171868  1 0.2393 0.1509 0.1517 0.3031 0.1549 
     H171869  1 0.1842 0.1856 0.2845 0.1683 0.1775 
     H171870  1 0.1982 0.2108 0.2298 0.1785 0.1827 
     H171871  1 0.2448 0.1602 0.2293 0.1705 0.1952 
     H171872  1 0.2020 0.1847 0.1540 0.2264 0.2329 
     H171873  1 0.1542 0.2103 0.2463 0.1514 0.2378 
     H171874  1 0.1977 0.1740 0.2111 0.2648 0.1524 
     H171875  1 0.2388 0.1320 0.2057 0.2880 0.1355 
     H171876  1 0.2248 0.1618 0.1866 0.2530 0.1738 
     H171877  1 0.2270 0.1734 0.1530 0.2820 0.1646 
     H171878  1 0.1650 0.2770 0.2278 0.1428 0.1874 
     H171901  1 0.1731 0.2435 0.1680 0.1326 0.2828 
     H171902  1 0.1649 0.1927 0.2523 0.1962 0.1939 
     H171903  1 0.2106 0.1757 0.1738 0.2372 0.2027 
     H171935  1 0.1885 0.2441 0.1917 0.1477 0.2281 
     H171936  1 0.2168 0.1650 0.1779 0.2365 0.2037 
     H171940  1 0.1870 0.2467 0.1854 0.2167 0.1642 
     H171945  1 0.1823 0.2244 0.2450 0.1699 0.1785 
     H171948  1 0.2179 0.2362 0.1537 0.2183 0.1739 
     H171949  1 0.1656 0.2830 0.1599 0.1563 0.2353 
     H171950  1 0.1551 0.2337 0.1638 0.1648 0.2826 
     H171963  1 0.2120 0.1835 0.2483 0.1935 0.1627 
     H171964  1 0.1543 0.1502 0.3388 0.1701 0.1866 
     H171966  1 0.2104 0.2040 0.1960 0.2007 0.1890 
     H171968  1 0.1702 0.2015 0.2110 0.2318 0.1855 
     H171971  1 0.2099 0.2278 0.2039 0.1799 0.1785 
     H171972  1 0.2181 0.1619 0.2327 0.2210 0.1662 
     H171977  1 0.1841 0.1480 0.2809 0.1795 0.2075 
     H171978  1 0.1690 0.2515 0.2102 0.1703 0.1990 
     H171979  1 0.2705 0.1461 0.2108 0.2185 0.1541 
        H176  1 0.2006 0.1901 0.1997 0.2258 0.1839 
        H177  1 0.1566 0.3091 0.1524 0.1579 0.2239 
        H179  1 0.1896 0.2090 0.1365 0.2117 0.2533 
        H181  1 0.2625 0.1786 0.2099 0.2105 0.1384 
        H182  1 0.2430 0.1324 0.2239 0.2525 0.1482 
        H183  1 0.2120 0.1859 0.2750 0.1626 0.1646 
        H184  1 0.2107 0.2456 0.1636 0.2245 0.1557 
        H185  1 0.2381 0.1775 0.2090 0.2203 0.1551 
        H186  1 0.1622 0.2087 0.2501 0.2125 0.1664 
        H187  1 0.1950 0.2334 0.1903 0.1739 0.2075 
        H188  1 0.2121 0.2190 0.1508 0.2194 0.1987 
        H192  1 0.1770 0.2745 0.1720 0.1891 0.1873 
        H193  1 0.2242 0.1454 0.2471 0.2395 0.1439 
        H194  1 0.2042 0.1867 0.1730 0.2253 0.2108 
        H195  1 0.1795 0.2027 0.3032 0.1762 0.1384 
        H199  1 0.1829 0.1836 0.2956 0.1723 0.1656 
        H200  1 0.1894 0.2380 0.1861 0.1855 0.2010 
        H414  1 0.2168 0.1674 0.2127 0.1928 0.2103 
        H415  1 0.2313 0.1550 0.1814 0.2426 0.1897 
        H422  1 0.1790 0.2041 0.2412 0.2030 0.1726 
        H423  1 0.1431 0.3410 0.1480 0.1336 0.2344 
        H424  1 0.2357 0.1544 0.2590 0.1876 0.1634 
        H425  1 0.1657 0.1559 0.3114 0.1727 0.1943 
        H426  1 0.1686 0.1710 0.3244 0.1523 0.1838 
        H443  1 0.1698 0.1404 0.2947 0.2339 0.1611 
        H466  1 0.1950 0.1971 0.1874 0.2011 0.2194 
        H467  1 0.1516 0.2553 0.1876 0.1563 0.2492 
        H472  1 0.1916 0.2175 0.1925 0.1671 0.2312 
        H483  1 0.2398 0.1635 0.1930 0.2715 0.1321 
        H504  1 0.1889 0.1571 0.2951 0.1793 0.1796 
        H505  1 0.1938 0.2324 0.1730 0.1872 0.2136 
        H506  1 0.1974 0.2116 0.2199 0.2009 0.1702 
        H507  1 0.2328 0.1526 0.2149 0.2109 0.1888 
        H508  1 0.1838 0.2071 0.2057 0.1629 0.2405 
        H524  1 0.2146 0.1747 0.2077 0.1975 0.2055 
        H525  1 0.1742 0.1618 0.2398 0.2312 0.1930 
        H526  1 0.2180 0.1814 0.1777 0.2619 0.1610 
        H527  1 0.1722 0.2696 0.1762 0.1898 0.1921 
        H528  1 0.2189 0.1391 0.2405 0.2354 0.1661 
        H529  1 0.2126 0.1404 0.2461 0.2098 0.1911 
        H533  1 0.2876 0.1297 0.1861 0.2092 0.1873 
        H538  1 0.1912 0.2138 0.1751 0.1908 0.2292 
        H539  1 0.1931 0.2115 0.2247 0.1815 0.1892 
        H540  1 0.2050 0.2129 0.1886 0.2028 0.1906 
        H541  1 0.2072 0.1557 0.1761 0.2337 0.2273 
        H558  1 0.2046 0.2160 0.2646 0.1758 0.1390 
        H559  1 0.1964 0.1851 0.1841 0.2709 0.1635 
        H579  1 0.2090 0.1662 0.2499 0.2370 0.1379 
        H584  1 0.1923 0.1664 0.2765 0.1869 0.1780 
        H585  1 0.2203 0.1716 0.2160 0.2100 0.1821 
        H605  1 0.1883 0.2201 0.1955 0.2116 0.1845 
        H606  1 0.1596 0.2524 0.1570 0.2273 0.2037 
        H632  1 0.1787 0.1591 0.2745 0.2009 0.1867 
        H634  1 0.1925 0.1937 0.2290 0.2063 0.1785 
        H671  1 0.1475 0.2436 0.1605 0.1593 0.2891 
        H672  1 0.2109 0.1734 0.2008 0.1853 0.2296 
        H673  1 0.1919 0.1969 0.2368 0.2494 0.1250 
        H689  1 0.2006 0.1648 0.2258 0.2277 0.1812 
        H690  1 0.2020 0.2030 0.1533 0.2392 0.2025 
        H691  1 0.1986 0.1746 0.1612 0.2532 0.2125 
        H692  1 0.2811 0.1197 0.2334 0.2567 0.1090 
        H709  1 0.2135 0.1655 0.2053 0.2156 0.2002 
        H710  1 0.2575 0.1353 0.2415 0.2325 0.1333 
       H7355  1 0.2418 0.1356 0.1695 0.2816 0.1715 
       H7356  1 0.1885 0.1970 0.2351 0.1943 0.1852 
       H7357  1 0.2185 0.1836 0.1689 0.2279 0.2012 
       H7358  1 0.2298 0.1985 0.2030 0.2234 0.1454 
       H7380  1 0.2111 0.1615 0.2015 0.2639 0.1620 
       H7381  1 0.1553 0.2520 0.2240 0.1586 0.2101 
       H7382  1 0.2135 0.1679 0.2091 0.2557 0.1538 
        H904  1 0.1490 0.2852 0.1375 0.1939 0.2344 
        H923  1 0.1895 0.2381 0.2163 0.1748 0.1814 
        H924  1 0.1758 0.2255 0.1940 0.1910 0.2137 
        H925  1 0.1962 0.1835 0.1936 0.2242 0.2025 
       H9558  1 0.1980 0.2153 0.2762 0.1727 0.1378 
        H008  2 0.2735 0.1538 0.1802 0.2595 0.1330 
        H021  2 0.1704 0.2115 0.1684 0.1918 0.2580 
        H023  2 0.1694 0.2189 0.1664 0.2184 0.2268 
        H024  2 0.2756 0.1417 0.2396 0.2034 0.1397 
        H025  2 0.1669 0.2908 0.2144 0.1648 0.1631 
        H026  2 0.2071 0.1393 0.2978 0.1745 0.1813 
        H027  2 0.2012 0.1916 0.1830 0.2092 0.2150 
        H028  2 0.2128 0.1731 0.2295 0.2200 0.1645 
        H029  2 0.2287 0.1568 0.1961 0.2023 0.2161 
        H030  2 0.2358 0.1420 0.2545 0.2005 0.1672 
        H038  2 0.1507 0.2353 0.1965 0.1544 0.2632 
        H039  2 0.1149 0.3809 0.1333 0.1192 0.2517 
        H040  2 0.1865 0.2024 0.1751 0.1589 0.2772 
        H041  2 0.2449 0.1729 0.1600 0.2484 0.1738 
        H042  2 0.2043 0.2153 0.1818 0.2067 0.1919 
        H043  2 0.1458 0.2981 0.2005 0.1334 0.2222 
        H044  2 0.2785 0.1890 0.1940 0.2067 0.1318 
        H047  2 0.1642 0.2461 0.2160 0.1630 0.2106 
        H050  2 0.2436 0.1471 0.2174 0.1880 0.2039 
        H058  2 0.2142 0.2086 0.1988 0.1622 0.2161 
        H062  2 0.1655 0.2496 0.1859 0.1969 0.2020 
        H063  2 0.1807 0.2647 0.1618 0.1718 0.2211 
        H065  2 0.1488 0.2162 0.2934 0.1643 0.1773 
        H066  2 0.2121 0.1789 0.2105 0.1671 0.2313 
        H067  2 0.2017 0.1506 0.1965 0.2469 0.2043 
        H068  2 0.1702 0.2432 0.1836 0.1505 0.2525 
        H069  2 0.1837 0.2245 0.2215 0.1459 0.2243 
        H071  2 0.1710 0.2206 0.1780 0.1874 0.2430 
        H072  2 0.1668 0.3046 0.1510 0.1646 0.2130 
        H073  2 0.1811 0.1676 0.2476 0.1992 0.2045 
        H081  2 0.2272 0.2013 0.1457 0.2555 0.1704 
        H082  2 0.2795 0.1666 0.2110 0.2219 0.1209 
        H083  2 0.2252 0.1691 0.2602 0.2161 0.1295 
        H084  2 0.2162 0.1853 0.1776 0.1564 0.2646 
        H085  2 0.2207 0.1869 0.1592 0.2626 0.1705 
        H087  2 0.2199 0.1785 0.1463 0.2928 0.1624 
        H088  2 0.1951 0.2414 0.1561 0.2015 0.2060 
        H089  2 0.2182 0.1857 0.1837 0.2287 0.1837 
        H090  2 0.2398 0.1648 0.2295 0.1916 0.1743 
        H091  2 0.2290 0.1378 0.1990 0.2182 0.2159 
        H098  2 0.2881 0.1677 0.1679 0.2226 0.1537 
      H10001  2 0.1137 0.3931 0.1307 0.1157 0.2468 
      H10002  2 0.1829 0.2368 0.1495 0.2520 0.1789 
        H101  2 0.2552 0.1469 0.1980 0.1682 0.2316 
        H108  2 0.1841 0.2584 0.1495 0.2264 0.1816 
        H109  2 0.2138 0.1991 0.1849 0.1595 0.2426 
        H110  2 0.2509 0.1442 0.1524 0.3279 0.1246 
        H116  2 0.2032 0.1582 0.2539 0.2128 0.1718 
        H117  2 0.2378 0.1457 0.1575 0.2320 0.2270 
        H118  2 0.2115 0.1370 0.2684 0.2133 0.1698 
        H119  2 0.1745 0.1821 0.1746 0.2053 0.2634 
        H120  2 0.1544 0.3361 0.1372 0.1840 0.1883 
        H121  2 0.2403 0.1609 0.2104 0.2112 0.1772 
        H125  2 0.1178 0.3261 0.1246 0.1232 0.3083 
        H126  2 0.2076 0.2103 0.2706 0.1878 0.1237 
        H128  2 0.2460 0.1066 0.3058 0.1771 0.1645 
        H129  2 0.2129 0.1422 0.3001 0.1994 0.1453 
        H130  2 0.1535 0.3012 0.2245 0.1465 0.1743 
        H133  2 0.1406 0.2980 0.1811 0.1354 0.2449 
        H134  2 0.1627 0.1410 0.4031 0.1569 0.1363 
        H135  2 0.2132 0.1974 0.1668 0.2336 0.1891 
        H137  2 0.2317 0.1645 0.1717 0.1986 0.2335 
        H138  2 0.1873 0.1622 0.3006 0.1867 0.1632 
        H140  2 0.2064 0.1947 0.2008 0.2143 0.1838 
        H146  2 0.2008 0.1502 0.2447 0.1885 0.2158 
        H147  2 0.2461 0.1635 0.1713 0.2407 0.1783 
        H148  2 0.2350 0.1434 0.1568 0.2433 0.2214 
     H166022  2 0.2589 0.1479 0.1829 0.2325 0.1778 
     H167359  2 0.2250 0.1975 0.1975 0.2016 0.1784 
     H167397  2 0.3366 0.1088 0.1931 0.2342 0.1273 
     H167428  2 0.2575 0.1255 0.2045 0.2892 0.1233 
     H167496  2 0.1672 0.2565 0.1372 0.1877 0.2513 
     H167513  2 0.2479 0.2122 0.1758 0.1911 0.1730 
     H167545  2 0.2037 0.1556 0.2622 0.1919 0.1866 
     H167547  2 0.2366 0.1416 0.2624 0.1675 0.1918 
     H169621  2 0.2452 0.1497 0.2069 0.2126 0.1856 
     H169622  2 0.2059 0.1733 0.2275 0.2355 0.1578 
     H169750  2 0.1685 0.2197 0.2158 0.1571 0.2389 
     H171806  2 0.1641 0.1855 0.2284 0.1498 0.2722 
     H171808  2 0.1905 0.1980 0.2115 0.1690 0.2311 
     H171809  2 0.2021 0.2110 0.1722 0.2310 0.1837 
     H171813  2 0.1806 0.2012 0.2465 0.1839 0.1878 
     H171815  2 0.1404 0.3182 0.1915 0.1406 0.2093 
     H171824  2 0.1698 0.1883 0.1331 0.2341 0.2747 
     H171825  2 0.2015 0.1745 0.2187 0.2166 0.1887 
     H171826  2 0.1986 0.1897 0.1573 0.2238 0.2306 
     H171827  2 0.1960 0.1663 0.1801 0.2274 0.2301 
     H171828  2 0.1420 0.3129 0.1275 0.1651 0.2526 
     H171829  2 0.1577 0.2024 0.2589 0.1521 0.2289 
     H171830  2 0.2548 0.2036 0.1645 0.2114 0.1657 
     H171831  2 0.2242 0.1526 0.2717 0.2048 0.1467 
     H171832  2 0.2041 0.1845 0.2504 0.1984 0.1626 
     H171863  2 0.2325 0.1561 0.2804 0.1876 0.1434 
     H171864  2 0.2349 0.1724 0.1716 0.1956 0.2255 
     H171865  2 0.1638 0.2879 0.1823 0.1491 0.2169 
     H171879  2 0.2279 0.1694 0.2165 0.2024 0.1837 
     H171880  2 0.2581 0.1521 0.1680 0.1882 0.2336 
     H171881  2 0.2273 0.1660 0.1910 0.2463 0.1694 
     H171882  2 0.1498 0.3569 0.1482 0.1529 0.1921 
     H171929  2 0.2495 0.1953 0.1744 0.2335 0.1472 
     H171930  2 0.2479 0.1481 0.2299 0.1787 0.1954 
     H171933  2 0.2183 0.1711 0.1869 0.2022 0.2215 
     H171934  2 0.1897 0.1796 0.1764 0.2446 0.2097 
     H171937  2 0.2228 0.1699 0.2796 0.1871 0.1406 
     H171962  2 0.2203 0.1828 0.2006 0.2529 0.1434 
        H190  2 0.2322 0.1772 0.2082 0.2243 0.1580 
        H191  2 0.2193 0.1994 0.2044 0.1969 0.1801 
        H396  2 0.1912 0.2108 0.1899 0.2045 0.2037 
        H397  2 0.2194 0.1775 0.1987 0.1924 0.2121 
        H398  2 0.1617 0.2189 0.2526 0.1681 0.1987 
        H400  2 0.2087 0.1987 0.1942 0.1990 0.1994 
        H401  2 0.2899 0.1217 0.2164 0.2148 0.1572 
        H402  2 0.2420 0.1453 0.1759 0.2577 0.1791 
        H427  2 0.2189 0.1723 0.1718 0.2613 0.1757 
        H428  2 0.2601 0.1271 0.1956 0.2906 0.1266 
        H497  2 0.2020 0.2574 0.1885 0.1726 0.1795 
        H512  2 0.2374 0.1711 0.1792 0.2303 0.1820 
        H513  2 0.2537 0.2129 0.1710 0.1893 0.1731 
        H514  2 0.1874 0.2139 0.2511 0.1891 0.1586 
        H519  2 0.2549 0.2064 0.1706 0.1900 0.1781 
        H532  2 0.2116 0.1580 0.1932 0.2528 0.1845 
        H543  2 0.2746 0.1420 0.1676 0.2369 0.1789 
        H544  2 0.1671 0.2367 0.2810 0.1621 0.1531 
        H545  2 0.2049 0.1494 0.2827 0.1867 0.1762 
        H546  2 0.1664 0.2648 0.2096 0.1657 0.1935 
        H547  2 0.2373 0.1378 0.2614 0.1717 0.1918 
        H548  2 0.2375 0.1945 0.1708 0.2146 0.1827 
        H549  2 0.1886 0.2063 0.2111 0.1580 0.2361 
        H620  2 0.1390 0.3550 0.1386 0.1580 0.2094 
        H623  2 0.2563 0.1749 0.2381 0.1935 0.1372 
        H624  2 0.1328 0.2930 0.2587 0.1318 0.1837 
        H625  2 0.2257 0.1875 0.1929 0.2166 0.1773 
        H626  2 0.2044 0.1988 0.1922 0.1702 0.2344 
        H654  2 0.1288 0.3875 0.1566 0.1245 0.2025 
        H655  2 0.1744 0.2305 0.1912 0.1711 0.2328 
        H656  2 0.1354 0.3730 0.1498 0.1567 0.1851 
        H666  2 0.1325 0.2975 0.1733 0.1252 0.2715 
        H667  2 0.2074 0.1581 0.1825 0.2778 0.1743 
        H677  2 0.1844 0.1815 0.2005 0.2354 0.1982 
        H693  2 0.1787 0.2662 0.1407 0.2220 0.1924 
        H694  2 0.2653 0.1760 0.2140 0.1953 0.1494 
        H701  2 0.2814 0.1708 0.1763 0.2203 0.1511 
        H702  2 0.2150 0.1839 0.1681 0.2075 0.2255 
        H731  2 0.1661 0.2360 0.1634 0.2074 0.2271 
       H7359  2 0.2279 0.1947 0.1940 0.2033 0.1801 
       H7389  2 0.1915 0.1778 0.2273 0.1807 0.2228 
       H7390  2 0.1482 0.2241 0.1651 0.1412 0.3215 
       H7391  2 0.2119 0.1508 0.1422 0.2997 0.1954 
       H7392  2 0.1624 0.1928 0.2331 0.1772 0.2345 
       H7393  2 0.1866 0.2432 0.1745 0.1826 0.2131 
       H7398  2 0.2253 0.1735 0.1571 0.2482 0.1959 
       H7399  2 0.2176 0.1369 0.2146 0.2763 0.1545 
       H7400  2 0.1309 0.3927 0.1569 0.1263 0.1931 
        H745  2 0.2041 0.1515 0.3248 0.1728 0.1467 
        H746  2 0.2133 0.1497 0.2228 0.2594 0.1547 
        H747  2 0.1662 0.2236 0.1671 0.1417 0.3014 
        H748  2 0.2105 0.1919 0.1874 0.1820 0.2282 
       H7484  2 0.1502 0.3051 0.1567 0.1406 0.2474 
       H7485  2 0.2197 0.2124 0.2161 0.1953 0.1565 
        H749  2 0.2159 0.1859 0.2223 0.2065 0.1693 
        H930  2 0.2482 0.1503 0.2131 0.1812 0.2072 
        H931  2 0.2215 0.2039 0.1848 0.2281 0.1616 
        H932  2 0.1738 0.1768 0.2097 0.1746 0.2652 
        H111  3 0.2470 0.1569 0.2456 0.1837 0.1668 
        H951  3 0.2490 0.1591 0.2190 0.2146 0.1583 
        H952  3 0.1644 0.1744 0.2608 0.1532 0.2472 
        H953  3 0.1978 0.1514 0.1988 0.2252 0.2269 
        H954  3 0.1900 0.2762 0.1552 0.1754 0.2031 
        H955  3 0.2418 0.1563 0.2219 0.1920 0.1879 
        H956  3 0.1785 0.1622 0.1725 0.1766 0.3100 
       H9563  3 0.2239 0.2142 0.1524 0.2106 0.1990 
        H002  4 0.1519 0.2681 0.2297 0.1720 0.1783 
        H003  4 0.2087 0.1427 0.2160 0.2870 0.1456 
        H009  4 0.1803 0.1713 0.2930 0.1755 0.1799 
        H010  4 0.2066 0.1550 0.1900 0.2366 0.2118 
        H011  4 0.1578 0.3084 0.1486 0.1798 0.2053 
        H012  4 0.2526 0.1705 0.1663 0.2712 0.1394 
        H013  4 0.2033 0.2328 0.1571 0.2403 0.1664 
        H014  4 0.1967 0.1949 0.2044 0.2195 0.1844 
        H045  4 0.2157 0.2161 0.1592 0.2191 0.1899 
        H046  4 0.1774 0.1540 0.2613 0.2269 0.1805 
        H051  4 0.2053 0.2657 0.1477 0.2037 0.1776 
        H052  4 0.1717 0.2627 0.2277 0.1507 0.1871 
        H053  4 0.1817 0.1943 0.1717 0.1659 0.2864 
        H056  4 0.1739 0.3040 0.1878 0.1610 0.1732 
        H076  4 0.2226 0.1393 0.2422 0.2380 0.1578 
        H151  4 0.1376 0.2665 0.1874 0.1546 0.2539 
        H152  4 0.1445 0.2571 0.2381 0.1671 0.1932 
     H171803  4 0.1507 0.2015 0.1582 0.1865 0.3030 
     H171804  4 0.1928 0.2179 0.1656 0.1638 0.2599 
     H171833  4 0.1944 0.1743 0.2941 0.1937 0.1435 
     H171855  4 0.1433 0.2897 0.1919 0.1339 0.2412 
     H171856  4 0.1872 0.1902 0.1872 0.1581 0.2773 
     H171857  4 0.1462 0.2386 0.2017 0.1438 0.2697 
     H171858  4 0.1787 0.1890 0.2395 0.1984 0.1944 
     H171859  4 0.1809 0.2085 0.2112 0.1970 0.2024 
     H171961  4 0.1851 0.2373 0.1750 0.2051 0.1975 
        H198  4 0.2262 0.1298 0.2170 0.2718 0.1552 
      H20001  4 0.2023 0.1786 0.2874 0.1841 0.1476 
        H403  4 0.1814 0.2132 0.2203 0.1606 0.2244 
        H404  4 0.2242 0.1625 0.1887 0.2698 0.1548 
        H405  4 0.2124 0.1532 0.2250 0.2279 0.1815 
        H406  4 0.2248 0.1981 0.2739 0.1459 0.1572 
        H407  4 0.1680 0.1690 0.1794 0.1647 0.3189 
        H410  4 0.2303 0.1345 0.2182 0.2100 0.2071 
        H411  4 0.2301 0.1811 0.2551 0.1836 0.1501 
        H468  4 0.2041 0.1735 0.2517 0.1508 0.2199 
        H476  4 0.2016 0.2209 0.1935 0.1558 0.2282 
        H477  4 0.1655 0.1491 0.3062 0.1498 0.2294 
        H478  4 0.2183 0.1844 0.1853 0.2662 0.1459 
        H479  4 0.1941 0.2289 0.1836 0.1957 0.1977 
        H480  4 0.2290 0.1480 0.2503 0.1885 0.1842 
        H498  4 0.2008 0.1946 0.2211 0.2238 0.1597 
        H499  4 0.1894 0.2014 0.2136 0.2147 0.1810 
        H500  4 0.1606 0.2542 0.1508 0.1845 0.2498 
        H515  4 0.1935 0.2119 0.1748 0.1880 0.2318 
        H516  4 0.1987 0.2062 0.2199 0.1939 0.1813 
        H517  4 0.1952 0.1600 0.1975 0.2043 0.2430 
        H518  4 0.1681 0.2413 0.2400 0.1395 0.2111 
        H520  4 0.1565 0.2155 0.1961 0.1647 0.2671 
        H521  4 0.2126 0.1737 0.1882 0.2267 0.1987 
        H522  4 0.1708 0.2050 0.1927 0.1740 0.2576 
        H523  4 0.1854 0.2071 0.1880 0.1860 0.2335 
        H536  4 0.1808 0.1809 0.2294 0.2222 0.1868 
        H645  4 0.2007 0.1914 0.1498 0.2782 0.1799 
        H646  4 0.2286 0.1467 0.2410 0.1754 0.2083 
        H647  4 0.1929 0.1928 0.2267 0.1646 0.2231 
        H657  4 0.2169 0.1428 0.2266 0.2113 0.2024 
        H658  4 0.2075 0.1788 0.1763 0.1673 0.2701 
        H659  4 0.1386 0.2995 0.1533 0.1443 0.2643 
        H660  4 0.2122 0.2588 0.1770 0.1915 0.1605 
        H661  4 0.1519 0.2582 0.2127 0.1597 0.2175 
        H668  4 0.2320 0.1416 0.1725 0.3022 0.1517 
        H669  4 0.2134 0.1902 0.1692 0.2232 0.2041 
        H670  4 0.2053 0.1822 0.1342 0.3107 0.1677 
        H678  4 0.2228 0.1779 0.1855 0.1735 0.2403 
        H679  4 0.2818 0.1602 0.1881 0.2129 0.1569 
        H680  4 0.1815 0.1737 0.2442 0.1832 0.2173 
        H681  4 0.2010 0.2349 0.1548 0.2403 0.1690 
        H682  4 0.2337 0.1492 0.1598 0.2330 0.2244 
        H683  4 0.1715 0.2815 0.2137 0.1471 0.1861 
        H718  4 0.1540 0.2900 0.1823 0.1578 0.2161 
        H719  4 0.2515 0.2114 0.1473 0.2170 0.1729 
        H720  4 0.1692 0.2560 0.2285 0.1734 0.1729 
        H721  4 0.1679 0.2191 0.2570 0.1546 0.2014 
        H722  4 0.1499 0.2711 0.2742 0.1404 0.1644 
        H723  4 0.1843 0.2676 0.1467 0.2032 0.1982 
        H724  4 0.1373 0.2664 0.1424 0.1205 0.3333 
        H725  4 0.1430 0.2992 0.1742 0.1404 0.2432 
        H726  4 0.1659 0.2728 0.1842 0.1842 0.1928 
        H727  4 0.1761 0.2078 0.1517 0.2068 0.2576 
        H910  4 0.1936 0.2038 0.1579 0.1972 0.2476 
        H911  4 0.2320 0.1657 0.2222 0.1864 0.1937 
        H912  4 0.1893 0.2160 0.2135 0.1779 0.2033 
        H913  4 0.1678 0.1989 0.1674 0.1450 0.3209 
        H914  4 0.1838 0.2105 0.1446 0.2057 0.2555 
        H915  4 0.2124 0.2019 0.1847 0.1773 0.2236 
        H916  4 0.2048 0.1778 0.2386 0.1614 0.2173 
       H9572  4 0.1932 0.2105 0.1782 0.1986 0.2196 
        H015  5 0.2642 0.1852 0.2037 0.1989 0.1480 
        H016  5 0.1919 0.1755 0.2865 0.1833 0.1627 
        H017  5 0.1714 0.1821 0.2488 0.1671 0.2307 
        H019  5 0.2080 0.2348 0.2071 0.2132 0.1369 
        H020  5 0.1863 0.2340 0.2077 0.1763 0.1957 
        H032  5 0.1899 0.1890 0.2038 0.1921 0.2252 
        H033  5 0.2412 0.1557 0.1641 0.2642 0.1747 
        H034  5 0.1883 0.2174 0.1447 0.2286 0.2211 
        H035  5 0.1904 0.1663 0.1993 0.1666 0.2774 
        H036  5 0.2308 0.1575 0.2088 0.1918 0.2111 
        H037  5 0.1543 0.2119 0.1733 0.1633 0.2972 
        H048  5 0.1648 0.2407 0.1449 0.1863 0.2633 
        H049  5 0.1964 0.2067 0.2528 0.1780 0.1660 
        H054  5 0.1741 0.1793 0.2058 0.1970 0.2438 
        H055  5 0.1736 0.2342 0.1854 0.2374 0.1693 
        H057  5 0.1659 0.2173 0.2926 0.1682 0.1560 
        H060  5 0.1570 0.2396 0.2267 0.1894 0.1872 
        H061  5 0.1999 0.1721 0.1972 0.2417 0.1892 
        H064  5 0.1846 0.2480 0.2001 0.1972 0.1701 
        H070  5 0.2004 0.2265 0.1558 0.2317 0.1855 
        H077  5 0.1762 0.3211 0.1670 0.1580 0.1777 
        H078  5 0.1680 0.2147 0.2124 0.1474 0.2576 
        H079  5 0.2204 0.1614 0.1912 0.2238 0.2032 
        H097  5 0.1749 0.2250 0.2683 0.1375 0.1944 
        H107  5 0.1429 0.2638 0.1366 0.1873 0.2694 
        H122  5 0.1714 0.1836 0.2341 0.1731 0.2378 
        H123  5 0.2211 0.1504 0.2259 0.1878 0.2147 
        H124  5 0.2071 0.1556 0.2161 0.2086 0.2125 
        H131  5 0.2364 0.1454 0.2005 0.2236 0.1941 
        H132  5 0.2062 0.2108 0.1796 0.2115 0.1919 
        H141  5 0.1786 0.2037 0.1815 0.1838 0.2523 
        H142  5 0.2268 0.1664 0.2029 0.2402 0.1636 
        H157  5 0.1540 0.2161 0.1587 0.1781 0.2932 
        H158  5 0.1888 0.1459 0.3042 0.1518 0.2093 
        H159  5 0.2376 0.1605 0.2184 0.2108 0.1727 
        H160  5 0.1704 0.1675 0.2077 0.1741 0.2803 
        H163  5 0.2253 0.1617 0.2056 0.2025 0.2049 
        H164  5 0.2233 0.2060 0.1874 0.2636 0.1196 
        H165  5 0.2381 0.1367 0.1746 0.3007 0.1499 
        H166  5 0.2232 0.1944 0.2182 0.1905 0.1736 
        H169  5 0.2024 0.1677 0.1855 0.2542 0.1901 
     H169613  5 0.1879 0.2200 0.2027 0.1918 0.1976 
     H169653  5 0.2275 0.1716 0.2080 0.2265 0.1664 
     H169728  5 0.2233 0.1681 0.2189 0.1874 0.2023 
     H169742  5 0.1827 0.1985 0.1743 0.2458 0.1986 
        H170  5 0.1724 0.1901 0.3140 0.1657 0.1579 
        H171  5 0.1928 0.2011 0.2933 0.1625 0.1503 
     H171851  5 0.1932 0.1982 0.2259 0.2026 0.1801 
     H171852  5 0.1481 0.2624 0.2218 0.1522 0.2155 
     H171853  5 0.2023 0.1914 0.1565 0.2049 0.2450 
     H171854  5 0.2224 0.2051 0.1965 0.1952 0.1808 
     H171938  5 0.2258 0.1732 0.1496 0.2710 0.1804 
     H171939  5 0.2001 0.1916 0.2544 0.1834 0.1704 
     H171941  5 0.1690 0.2818 0.1579 0.1928 0.1986 
     H171965  5 0.2007 0.1634 0.2382 0.2486 0.1490 
     H171970  5 0.1520 0.3172 0.1444 0.1571 0.2293 
     H171973  5 0.2242 0.1585 0.1730 0.2388 0.2054 
     H171974  5 0.2110 0.1822 0.1645 0.2471 0.1953 
     H171975  5 0.1939 0.2387 0.1623 0.1934 0.2117 
     H171976  5 0.1596 0.2136 0.3031 0.1408 0.1829 
        H175  5 0.1697 0.2215 0.1617 0.1917 0.2555 
        H178  5 0.1928 0.2420 0.1978 0.1976 0.1697 
        H189  5 0.2255 0.1429 0.2386 0.2357 0.1574 
        H399  5 0.1472 0.1645 0.3198 0.1373 0.2312 
        H416  5 0.1899 0.2287 0.1870 0.2032 0.1912 
        H438  5 0.2175 0.1700 0.1507 0.2182 0.2435 
        H450  5 0.1591 0.2948 0.1792 0.1809 0.1861 
        H455  5 0.1604 0.3075 0.1395 0.1719 0.2206 
        H456  5 0.1832 0.1938 0.1688 0.2336 0.2207 
        H457  5 0.1579 0.2856 0.2220 0.1586 0.1759 
        H458  5 0.1744 0.2049 0.1754 0.2200 0.2252 
        H459  5 0.2235 0.1607 0.2135 0.2148 0.1875 
        H460  5 0.1977 0.2047 0.1914 0.1717 0.2345 
        H461  5 0.1849 0.1908 0.2739 0.1580 0.1924 
        H462  5 0.2555 0.1506 0.1857 0.2243 0.1840 
        H469  5 0.2808 0.1606 0.1797 0.2390 0.1399 
        H470  5 0.2212 0.2037 0.1687 0.2115 0.1949 
        H471  5 0.2052 0.1485 0.2775 0.1535 0.2154 
        H481  5 0.1338 0.2860 0.1489 0.1355 0.2958 
        H482  5 0.1847 0.2638 0.1839 0.1850 0.1826 
        H501  5 0.2073 0.2088 0.1778 0.2170 0.1891 
        H502  5 0.2193 0.1639 0.2572 0.2048 0.1548 
        H503  5 0.2201 0.1528 0.2325 0.2179 0.1768 
        H509  5 0.1638 0.2275 0.1491 0.1575 0.3022 
        H510  5 0.2171 0.2185 0.1978 0.2339 0.1326 
        H511  5 0.2123 0.1824 0.2135 0.2328 0.1589 
        H530  5 0.1982 0.1999 0.1552 0.2182 0.2285 
        H531  5 0.1531 0.2554 0.1817 0.1348 0.2751 
        H564  5 0.1715 0.2683 0.2044 0.1772 0.1786 
        H565  5 0.1427 0.3227 0.1772 0.1336 0.2238 
        H567  5 0.2629 0.1415 0.2174 0.2012 0.1769 
     H568???  5 0.2023 0.1503 0.2805 0.1907 0.1761 
        H608  5 0.1578 0.2669 0.1760 0.1818 0.2175 
        H609  5 0.2254 0.1819 0.1592 0.2474 0.1860 
        H612  5 0.1647 0.2546 0.1415 0.1960 0.2431 
        H614  5 0.1340 0.2676 0.1982 0.1331 0.2671 
        H615  5 0.1561 0.2644 0.2062 0.1391 0.2343 
        H616  5 0.1369 0.2716 0.1291 0.1649 0.2975 
        H617  5 0.2310 0.1486 0.1925 0.2238 0.2042 
        H618  5 0.1670 0.2619 0.1554 0.1637 0.2520 
        H619  5 0.2162 0.1855 0.1720 0.2933 0.1330 
        H635  5 0.2083 0.2045 0.1765 0.2215 0.1893 
        H636  5 0.2317 0.1547 0.1503 0.2999 0.1634 
        H637  5 0.1824 0.2821 0.1825 0.1850 0.1681 
        H644  5 0.2419 0.1376 0.3049 0.1843 0.1314 
        H711  5 0.1644 0.2040 0.2905 0.1704 0.1708 
        H712  5 0.1734 0.2359 0.1576 0.1885 0.2447 
       H7360  5 0.2012 0.2133 0.2182 0.1948 0.1726 
       H7361  5 0.1653 0.2501 0.1828 0.1673 0.2344 
       H7362  5 0.2340 0.1173 0.3111 0.1885 0.1491 
       H7363  5 0.1809 0.2250 0.2081 0.1666 0.2193 
       H7394  5 0.2457 0.1538 0.1971 0.2236 0.1798 
       H7395  5 0.1949 0.1968 0.1955 0.2345 0.1783 
       H7396  5 0.2090 0.1929 0.1847 0.1883 0.2250 
        H742  5 0.1848 0.2004 0.1652 0.2471 0.2026 
        H743  5 0.1669 0.2576 0.2072 0.1656 0.2027 
        H744  5 0.1426 0.2498 0.1525 0.1430 0.3121 
        H957  5 0.1805 0.1962 0.2590 0.1869 0.1774 
        H958  5 0.2175 0.1835 0.2003 0.1743 0.2243 
        H959  5 0.1780 0.2954 0.1402 0.2099 0.1766 
        H960  5 0.1978 0.1938 0.1945 0.2105 0.2033 
      H_PALI  6 0.2364 0.2092 0.1895 0.2170 0.1478 
        H581  6 0.1754 0.2378 0.1970 0.1617 0.2280 
        H582  6 0.1426 0.2897 0.1873 0.1432 0.2373 
        H583  6 0.1822 0.2217 0.1982 0.1922 0.2058 
        H595  6 0.2799 0.1360 0.2027 0.1999 0.1816 
        H596  6 0.2444 0.1460 0.2224 0.2204 0.1668 
        H597  6 0.1986 0.1467 0.2773 0.2075 0.1700 
        H598  6 0.2093 0.1844 0.1686 0.2220 0.2157 
        H599  6 0.1885 0.2869 0.1673 0.1726 0.1846 
        H642  6 0.2410 0.1634 0.2406 0.1677 0.1872 
        H643  6 0.2035 0.1708 0.1762 0.2049 0.2447 
        H664  6 0.1444 0.2382 0.2118 0.1274 0.2782 
        H665  6 0.2247 0.1657 0.1562 0.2794 0.1741 
        H674  6 0.2228 0.1495 0.2972 0.1797 0.1507 
        H675  6 0.1768 0.2186 0.2157 0.1520 0.2370 
        H676  6 0.2573 0.1906 0.2091 0.2058 0.1372 
        H686  6 0.2150 0.1881 0.2184 0.2044 0.1741 
        H687  6 0.1994 0.1778 0.2159 0.1671 0.2397 
        H917  6 0.2659 0.1451 0.1707 0.2462 0.1720 
        H918  6 0.2092 0.1827 0.1752 0.2713 0.1616 
        H919  6 0.1526 0.2413 0.1321 0.1501 0.3239 
        H920  6 0.2013 0.2624 0.1736 0.2036 0.1591 
        H631  7 0.1701 0.2306 0.1867 0.1946 0.2181 
        H684  7 0.1945 0.1690 0.2909 0.2195 0.1260 
        H685  7 0.1425 0.1999 0.1534 0.1201 0.3840 
        H713  7 0.1716 0.2230 0.1557 0.1828 0.2669 
        H715  7 0.1858 0.1650 0.2739 0.2007 0.1746 
        H716  7 0.1855 0.2162 0.1975 0.2316 0.1691 
        H717  7 0.2037 0.2232 0.1990 0.1892 0.1849 
        H729  7 0.2602 0.1351 0.1782 0.2633 0.1632 
        H730  7 0.1996 0.1761 0.1621 0.2143 0.2478 
        H431  8 0.1598 0.2009 0.1679 0.1766 0.2949 
        H432  8 0.2314 0.1482 0.2828 0.1949 0.1428 
        H433  8 0.2520 0.1673 0.1700 0.2299 0.1808 
        H434  8 0.2332 0.1667 0.1910 0.2142 0.1948 
        H444  8 0.2491 0.2086 0.1667 0.2483 0.1273 
        H454  8 0.1856 0.2971 0.1444 0.1750 0.1979 
        H475  8 0.1602 0.3452 0.1587 0.1599 0.1761 
        H491  8 0.1757 0.2689 0.1907 0.2074 0.1574 
        H492  8 0.1789 0.2488 0.1699 0.1652 0.2373 
        H493  8 0.1803 0.1897 0.2270 0.1912 0.2117 
        H494  8 0.2183 0.2078 0.1812 0.1767 0.2160 
        H495  8 0.1358 0.3119 0.2282 0.1346 0.1895 
        H662  8 0.1872 0.1882 0.2416 0.1672 0.2159 
        H663  8 0.2024 0.1936 0.2079 0.2017 0.1944 
        H695  8 0.1898 0.1985 0.1733 0.2128 0.2255 
       H7367  8 0.2634 0.1423 0.1865 0.2269 0.1809 
       H7368  8 0.2139 0.1465 0.2335 0.2298 0.1763 
       H7369  8 0.2135 0.2112 0.1650 0.2494 0.1608 
       H7370  8 0.2828 0.1433 0.1789 0.1851 0.2099 
       H7371  8 0.2229 0.1787 0.1688 0.2253 0.2043 
        H600  9 0.1734 0.2307 0.1900 0.1832 0.2227 
        H648  9 0.1957 0.2111 0.2241 0.1765 0.1927 
        H696  9 0.2448 0.1358 0.2793 0.1737 0.1664 
        H697  9 0.1975 0.1931 0.1934 0.2016 0.2145 
        H698  9 0.2314 0.1644 0.2043 0.2104 0.1895 
        H699  9 0.2283 0.2153 0.1860 0.1960 0.1743 
        H700  9 0.1836 0.2165 0.1748 0.2424 0.1827 
        H732  9 0.1580 0.2795 0.1899 0.1310 0.2416 
        H733  9 0.2887 0.1591 0.1707 0.2367 0.1447 
        H734  9 0.2312 0.1696 0.2350 0.1743 0.1900 
        H735  9 0.2521 0.1680 0.1887 0.1909 0.2002 
        H736  9 0.1799 0.2201 0.1983 0.1804 0.2213 
        H737  9 0.1654 0.2031 0.2054 0.1862 0.2400 
        H905  9 0.1928 0.2615 0.1511 0.2272 0.1674 
        H921  9 0.2011 0.2138 0.1581 0.2292 0.1979 
        H922  9 0.2968 0.1474 0.1729 0.2378 0.1451 
     H169705 10 0.2375 0.1380 0.1690 0.1831 0.2723 
     H171942 10 0.2466 0.1499 0.2698 0.1961 0.1376 
     H171943 10 0.1842 0.1660 0.2339 0.1552 0.2607 
     H171944 10 0.2103 0.1715 0.1776 0.1790 0.2616 
     H171946 10 0.1495 0.2296 0.2085 0.1320 0.2804 
     H171947 10 0.2330 0.2101 0.1894 0.2175 0.1500 
     H229641 10 0.2243 0.2302 0.1881 0.1874 0.1701 
      H30001 10 0.2264 0.1971 0.1682 0.2131 0.1952 
      H30002 10 0.1962 0.1929 0.1826 0.2122 0.2162 
      H30005 10 0.2175 0.1476 0.2002 0.1968 0.2379 
      H30006 10 0.2140 0.1758 0.2330 0.1597 0.2175 
      H30007 10 0.1740 0.1851 0.3467 0.1564 0.1378 
        H451 10 0.2775 0.1574 0.1838 0.2558 0.1255 
        H452 10 0.1910 0.1807 0.2329 0.1610 0.2344 
        H453 10 0.1378 0.2936 0.1928 0.1510 0.2248 
        H473 10 0.1745 0.2449 0.2022 0.1927 0.1857 
        H474 10 0.1566 0.2894 0.1772 0.1289 0.2478 
        H486 10 0.1993 0.2388 0.1733 0.1790 0.2097 
        H487 10 0.1798 0.2289 0.1907 0.1893 0.2113 
        H488 10 0.2373 0.1919 0.1496 0.2625 0.1587 
        H489 10 0.1763 0.2546 0.1540 0.1556 0.2594 
        H550 10 0.1831 0.1723 0.2511 0.1722 0.2214 
        H551 10 0.2233 0.1950 0.1583 0.2056 0.2178 
        H553 10 0.1488 0.2190 0.1921 0.1391 0.3011 
        H554 10 0.2197 0.1846 0.2029 0.2619 0.1309 
        H556 10 0.1479 0.1807 0.2259 0.1430 0.3025 
        H580 10 0.2009 0.1542 0.2066 0.2236 0.2146 
        H591 10 0.1590 0.3166 0.1489 0.1585 0.2170 
        H592 10 0.1819 0.2069 0.1704 0.1606 0.2802 
        H593 10 0.2139 0.2022 0.2039 0.2363 0.1437 
        H594 10 0.2444 0.1314 0.2612 0.2006 0.1624 
        H627 10 0.2036 0.2148 0.2117 0.1837 0.1861 
        H628 10 0.2262 0.1218 0.1938 0.3219 0.1363 
        H629 10 0.1757 0.2012 0.2451 0.1565 0.2216 
        H630 10 0.1959 0.1820 0.1951 0.1580 0.2690 
        H638 10 0.2542 0.1620 0.1753 0.1969 0.2117 
        H639 10 0.1735 0.2499 0.1977 0.1382 0.2407 
        H640 10 0.2511 0.1491 0.2133 0.2026 0.1838 
        H704 10 0.1977 0.1494 0.2788 0.2138 0.1604 
        H705 10 0.2352 0.1388 0.1606 0.1837 0.2816 
        H706 10 0.1880 0.2101 0.1454 0.2222 0.2344 
        H708 10 0.1414 0.2422 0.1627 0.1444 0.3092 
       H7351 10 0.2149 0.1828 0.2105 0.1993 0.1925 
       H7352 10 0.1766 0.1856 0.1933 0.1931 0.2514 
       H7353 10 0.2143 0.1644 0.3092 0.1720 0.1401 
       H7354 10 0.1754 0.2401 0.1736 0.2316 0.1794 
       H7365 10 0.1545 0.2225 0.1533 0.1585 0.3112 
       H7383 10 0.2153 0.1994 0.1517 0.2257 0.2079 
       H7384 10 0.1782 0.1833 0.1820 0.2271 0.2294 
       H7385 10 0.1928 0.2247 0.1676 0.1875 0.2274 
       H7386 10 0.2427 0.1655 0.1679 0.2633 0.1605 
       H7387 10 0.2080 0.1603 0.2028 0.2177 0.2113 
       H7388 10 0.1968 0.1653 0.1991 0.2009 0.2379 
        H906 10 0.1627 0.2931 0.2105 0.1747 0.1590 
        H907 10 0.2646 0.1646 0.2042 0.2015 0.1652 
        H908 10 0.2283 0.1918 0.1685 0.2272 0.1842 
        H909 10 0.2065 0.2090 0.1657 0.2640 0.1549 
       H9552 10 0.1903 0.1782 0.2113 0.1846 0.2355 
       H9553 10 0.1627 0.1875 0.1978 0.1619 0.2901 
       H9555 10 0.2386 0.1640 0.1733 0.2203 0.2039 
       H9575 10 0.1517 0.2423 0.2036 0.1632 0.2392 
       H9703 10 0.1258 0.2594 0.1655 0.1315 0.3178 
       H9707 10 0.1802 0.2625 0.1714 0.1707 0.2152 
       HSAA4 10 0.1956 0.1574 0.2070 0.2192 0.2208 
        H001 11 0.1783 0.1842 0.1840 0.2165 0.2370 
        H004 11 0.2033 0.1988 0.2033 0.2080 0.1867 
        H005 11 0.1672 0.2982 0.1292 0.2085 0.1969 
        H006 11 0.2176 0.1766 0.1711 0.2376 0.1971 
        H007 11 0.1899 0.2620 0.1500 0.1994 0.1987 
        H031 11 0.1516 0.2459 0.1401 0.1537 0.3086 
        H074 11 0.1785 0.2309 0.1647 0.1448 0.2811 
        H075 11 0.1615 0.2729 0.1533 0.1945 0.2178 
        H080 11 0.1811 0.2274 0.1559 0.1760 0.2596 
        H086 11 0.2104 0.1715 0.1995 0.2005 0.2182 
        H092 11 0.1897 0.2101 0.1768 0.1735 0.2498 
        H093 11 0.2225 0.1588 0.2804 0.2063 0.1319 
        H094 11 0.2100 0.1695 0.2160 0.1697 0.2347 
        H095 11 0.1679 0.2185 0.1789 0.1880 0.2467 
        H096 11 0.1930 0.2225 0.1532 0.2581 0.1731 
        H099 11 0.1969 0.2198 0.1703 0.1849 0.2282 
        H100 11 0.2130 0.1386 0.2437 0.2250 0.1796 
        H127 11 0.1823 0.2073 0.1905 0.1945 0.2254 
        H136 11 0.1491 0.3152 0.1665 0.1513 0.2179 
        H153 11 0.2383 0.2074 0.1998 0.2065 0.1479 
        H154 11 0.1390 0.2325 0.1664 0.1421 0.3200 
        H155 11 0.2439 0.1506 0.1752 0.2652 0.1652 
        H156 11 0.2661 0.1201 0.1766 0.3092 0.1281 
        H161 11 0.2019 0.2303 0.2262 0.2062 0.1354 
        H162 11 0.2492 0.1434 0.2028 0.2049 0.1997 
        H167 11 0.2117 0.1616 0.2107 0.2360 0.1801 
        H168 11 0.2051 0.1632 0.1996 0.2258 0.2063 
     H169586 11 0.1391 0.2596 0.2754 0.1230 0.2029 
     H169738 11 0.2562 0.1531 0.1751 0.2778 0.1378 
     H169741 11 0.1568 0.2521 0.1634 0.1497 0.2780 
     H171801 11 0.2422 0.1767 0.2284 0.2185 0.1342 
     H171810 11 0.1690 0.2752 0.1799 0.1672 0.2087 
     H171811 11 0.1407 0.2400 0.1983 0.1343 0.2867 
     H171812 11 0.1928 0.2182 0.1561 0.2455 0.1875 
     H171820 11 0.1539 0.2631 0.1748 0.1562 0.2520 
     H171821 11 0.2301 0.1568 0.1883 0.2227 0.2020 
     H171822 11 0.2049 0.1640 0.1994 0.1952 0.2364 
     H171823 11 0.1434 0.3546 0.2186 0.1364 0.1470 
     H171866 11 0.2218 0.1801 0.2335 0.2206 0.1439 
     H171867 11 0.2628 0.1442 0.1584 0.2584 0.1763 
     H171967 11 0.1727 0.2338 0.1515 0.1966 0.2453 
     H171969 11 0.2136 0.2246 0.1890 0.2046 0.1682 
        H172 11 0.2082 0.1862 0.1843 0.1935 0.2278 
        H173 11 0.2245 0.1659 0.1478 0.2323 0.2296 
        H174 11 0.2374 0.1401 0.2546 0.1815 0.1864 
        H196 11 0.2041 0.1389 0.2151 0.2089 0.2331 
        H197 11 0.2524 0.1541 0.1707 0.2659 0.1569 
        H346 11 0.1998 0.2271 0.1657 0.2270 0.1804 
        H355 11 0.1922 0.2072 0.1791 0.1995 0.2221 
        H356 11 0.1978 0.2243 0.2044 0.1865 0.1869 
        H357 11 0.1958 0.2454 0.1627 0.1949 0.2012 
        H358 11 0.2102 0.1687 0.1627 0.2410 0.2174 
        H359 11 0.2053 0.1938 0.2017 0.2002 0.1991 
        H360 11 0.2108 0.1887 0.1718 0.2222 0.2065 
        H361 11 0.2137 0.1879 0.1992 0.2214 0.1778 
        H362 11 0.2995 0.1365 0.1874 0.2280 0.1486 
        H363 11 0.1732 0.2452 0.1515 0.2020 0.2282 
        H364 11 0.1817 0.1972 0.2174 0.2097 0.1941 
        H365 11 0.2132 0.2132 0.1963 0.2215 0.1558 
        H366 11 0.2067 0.1470 0.2119 0.2310 0.2033 
        H367 11 0.1475 0.2631 0.1636 0.1375 0.2883 
        H368 11 0.1870 0.1761 0.2571 0.1698 0.2100 
        H369 11 0.1724 0.2386 0.1398 0.1772 0.2721 
        H370 11 0.2309 0.1656 0.1899 0.2546 0.1590 
        H371 11 0.2362 0.1858 0.1768 0.1900 0.2111 
        H372 11 0.1837 0.1656 0.1952 0.2047 0.2508 
        H373 11 0.2102 0.1917 0.1786 0.2210 0.1986 
        H374 11 0.1902 0.2288 0.1635 0.2400 0.1774 
        H375 11 0.1947 0.2307 0.1599 0.2032 0.2115 
        H376 11 0.2112 0.1693 0.2316 0.2057 0.1822 
        H377 11 0.2056 0.2216 0.1645 0.2118 0.1965 
        H378 11 0.1681 0.1830 0.2128 0.1654 0.2706 
        H379 11 0.2155 0.1996 0.2013 0.1871 0.1965 
        H380 11 0.2368 0.1471 0.1677 0.2982 0.1502 
        H381 11 0.1612 0.2834 0.1995 0.1508 0.2051 
        H382 11 0.2636 0.1208 0.2148 0.2743 0.1265 
        H383 11 0.2125 0.1392 0.2318 0.2711 0.1455 
        H384 11 0.1571 0.2160 0.1889 0.1574 0.2806 
        H385 11 0.2022 0.2371 0.1732 0.1803 0.2071 
        H386 11 0.2149 0.1485 0.1452 0.3125 0.1790 
        H387 11 0.1421 0.1991 0.3202 0.1496 0.1890 
        H388 11 0.2188 0.1484 0.2082 0.2372 0.1874 
        H389 11 0.2235 0.2020 0.1627 0.2174 0.1945 
        H390 11 0.2280 0.1509 0.1844 0.2398 0.1969 
        H391 11 0.1766 0.1536 0.2617 0.1501 0.2580 
        H392 11 0.1615 0.2492 0.1670 0.2139 0.2084 
        H393 11 0.2290 0.1822 0.2365 0.2066 0.1457 
        H394 11 0.1941 0.1764 0.3159 0.1606 0.1530 
        H395 11 0.1784 0.2413 0.1539 0.2094 0.2170 
        H408 11 0.2018 0.1803 0.1538 0.2694 0.1947 
        H412 11 0.1120 0.2278 0.2019 0.0988 0.3594 
        H417 11 0.1693 0.2260 0.1739 0.1796 0.2512 
        H418 11 0.1684 0.2043 0.2219 0.1547 0.2508 
        H429 11 0.2030 0.1924 0.1985 0.2338 0.1723 
        H430 11 0.2549 0.1607 0.1792 0.2399 0.1653 
        H439 11 0.2006 0.1926 0.1695 0.2012 0.2360 
        H440 11 0.1499 0.2692 0.1660 0.1869 0.2280 
        H441 11 0.2364 0.1507 0.1759 0.2185 0.2185 
        H442 11 0.1999 0.1631 0.2123 0.2458 0.1790 
        H446 11 0.1906 0.1712 0.2278 0.1893 0.2211 
        H447 11 0.2130 0.1495 0.1771 0.2411 0.2193 
        H448 11 0.2165 0.1807 0.1686 0.2435 0.1907 
        H534 11 0.1402 0.2844 0.1838 0.1589 0.2328 
        H537 11 0.1619 0.2263 0.1901 0.1651 0.2566 
        H568 11 0.1609 0.3346 0.1528 0.1389 0.2128 
        H569 11 0.3052 0.1258 0.1796 0.2315 0.1579 
        H586 11 0.1368 0.2646 0.2791 0.1205 0.1990 
        H587 11 0.1415 0.2606 0.1449 0.1489 0.3041 
        H588 11 0.1846 0.1482 0.3195 0.1919 0.1558 
        H589 11 0.1464 0.2871 0.1706 0.1700 0.2260 
        H590 11 0.1667 0.2990 0.1867 0.1751 0.1726 
        H601 11 0.2666 0.1562 0.2156 0.2322 0.1294 
        H602 11 0.1863 0.2018 0.1858 0.1768 0.2493 
        H603 11 0.2575 0.1616 0.1682 0.2678 0.1450 
