        H102  1 0.2954 0.2056 0.1983 0.3007 
        H103  1 0.1741 0.3151 0.3437 0.1671 
        H104  1 0.2923 0.1751 0.2315 0.3010 
        H105  1 0.2548 0.2167 0.2290 0.2995 
        H106  1 0.2318 0.2672 0.2709 0.2301 
        H112  1 0.3045 0.1858 0.2232 0.2864 
        H113  1 0.2585 0.1852 0.2669 0.2894 
        H114  1 0.2407 0.1962 0.2977 0.2654 
        H115  1 0.3036 0.1668 0.2177 0.3119 
        H143  1 0.2732 0.2106 0.2106 0.3056 
        H144  1 0.1990 0.3478 0.1969 0.2564 
        H145  1 0.2064 0.3268 0.2645 0.2023 
        H149  1 0.2973 0.2024 0.2132 0.2871 
        H150  1 0.2556 0.2732 0.2079 0.2632 
     H167542  1 0.2559 0.1837 0.2273 0.3331 
     H169604  1 0.2475 0.2124 0.2462 0.2939 
     H169607  1 0.2161 0.2853 0.2363 0.2624 
     H169608  1 0.3377 0.2045 0.1781 0.2797 
     H169633  1 0.2311 0.2327 0.2765 0.2598 
     H169688  1 0.1943 0.3439 0.2814 0.1805 
     H169714  1 0.2740 0.2248 0.2445 0.2566 
     H171802  1 0.2785 0.1953 0.2862 0.2399 
     H171805  1 0.2178 0.2667 0.3030 0.2124 
     H171807  1 0.2550 0.2529 0.2135 0.2786 
     H171814  1 0.1979 0.3465 0.2599 0.1957 
     H171816  1 0.2786 0.2239 0.2354 0.2620 
     H171817  1 0.2743 0.2147 0.2546 0.2565 
     H171818  1 0.2334 0.2219 0.2977 0.2470 
     H171819  1 0.2596 0.2324 0.2586 0.2494 
     H171834  1 0.2636 0.2312 0.2293 0.2759 
     H171835  1 0.3293 0.1928 0.1901 0.2878 
     H171836  1 0.1745 0.2509 0.3719 0.2027 
     H171837  1 0.2781 0.2019 0.2253 0.2947 
     H171838  1 0.1991 0.3174 0.2981 0.1854 
     H171839  1 0.2920 0.1944 0.2275 0.2862 
     H171841  1 0.3336 0.2183 0.1873 0.2607 
     H171860  1 0.2637 0.2014 0.2468 0.2881 
     H171861  1 0.2125 0.2375 0.3162 0.2339 
     H171862  1 0.2476 0.2485 0.2406 0.2633 
     H171868  1 0.2843 0.1832 0.1978 0.3346 
     H171869  1 0.1928 0.3534 0.2509 0.2029 
     H171870  1 0.2408 0.2833 0.2658 0.2101 
     H171871  1 0.1843 0.2867 0.3608 0.1682 
     H171872  1 0.2747 0.1911 0.2379 0.2962 
     H171873  1 0.2409 0.2950 0.2517 0.2124 
     H171874  1 0.2403 0.2621 0.2453 0.2522 
     H171875  1 0.2173 0.2517 0.2483 0.2827 
     H171876  1 0.2237 0.2374 0.2479 0.2910 
     H171877  1 0.2672 0.1726 0.2058 0.3544 
     H171878  1 0.2462 0.2918 0.2342 0.2278 
     H171901  1 0.2624 0.2075 0.3233 0.2067 
     H171902  1 0.2380 0.3085 0.1991 0.2544 
     H171903  1 0.2492 0.2150 0.2918 0.2440 
     H171935  1 0.2575 0.2669 0.2553 0.2203 
     H171936  1 0.2352 0.2193 0.2905 0.2550 
     H171940  1 0.2720 0.2267 0.1783 0.3229 
     H171945  1 0.2414 0.2958 0.2271 0.2357 
     H171948  1 0.2891 0.2053 0.2331 0.2725 
     H171949  1 0.3098 0.2017 0.1909 0.2976 
     H171950  1 0.3212 0.1933 0.2265 0.2591 
     H171963  1 0.1858 0.3282 0.2819 0.2041 
     H171964  1 0.1983 0.4202 0.1582 0.2232 
     H171966  1 0.2419 0.2636 0.2596 0.2349 
     H171968  1 0.2751 0.2576 0.1786 0.2887 
     H171971  1 0.2124 0.2986 0.2968 0.1923 
     H171972  1 0.2060 0.3032 0.2850 0.2057 
     H171977  1 0.2007 0.3411 0.2209 0.2373 
     H171978  1 0.2806 0.2481 0.2447 0.2266 
     H171979  1 0.1865 0.2711 0.3491 0.1933 
        H176  1 0.2643 0.2434 0.2080 0.2843 
        H177  1 0.3048 0.1887 0.2362 0.2703 
        H179  1 0.3116 0.1614 0.2063 0.3207 
        H181  1 0.2026 0.2948 0.2803 0.2222 
        H182  1 0.2026 0.2868 0.2815 0.2291 
        H183  1 0.1768 0.3441 0.2850 0.1941 
        H184  1 0.2824 0.2031 0.2381 0.2764 
        H185  1 0.2167 0.2931 0.2541 0.2360 
        H186  1 0.2668 0.2943 0.1551 0.2838 
        H187  1 0.2217 0.2444 0.3449 0.1891 
        H188  1 0.2776 0.1764 0.1929 0.3531 
        H192  1 0.2991 0.2140 0.2175 0.2693 
        H193  1 0.2050 0.3075 0.2562 0.2313 
        H194  1 0.2666 0.2071 0.2394 0.2870 
        H195  1 0.1921 0.3746 0.2363 0.1970 
        H199  1 0.2009 0.3514 0.2326 0.2151 
        H200  1 0.2757 0.2216 0.2422 0.2604 
        H414  1 0.2091 0.2650 0.3380 0.1879 
        H415  1 0.2400 0.2260 0.3055 0.2285 
        H422  1 0.2664 0.2894 0.1976 0.2466 
        H423  1 0.3505 0.1809 0.1694 0.2992 
        H424  1 0.1930 0.3166 0.2971 0.1934 
        H425  1 0.1873 0.3833 0.2305 0.1988 
        H426  1 0.1900 0.3927 0.2425 0.1748 
        H443  1 0.2145 0.3413 0.1626 0.2815 
        H466  1 0.2471 0.2362 0.2620 0.2546 
        H467  1 0.3165 0.2209 0.1849 0.2777 
        H472  1 0.2324 0.2490 0.2433 0.2753 
        H483  1 0.2401 0.2508 0.2087 0.3003 
        H504  1 0.1879 0.3745 0.2395 0.1980 
        H505  1 0.2612 0.2079 0.2593 0.2716 
        H506  1 0.2551 0.2761 0.2089 0.2599 
        H507  1 0.1656 0.2840 0.3533 0.1971 
        H508  1 0.2313 0.2681 0.2777 0.2229 
        H524  1 0.1905 0.2529 0.3428 0.2138 
        H525  1 0.2290 0.2953 0.2106 0.2651 
        H526  1 0.2733 0.1944 0.1912 0.3411 
        H527  1 0.2712 0.2168 0.2669 0.2451 
        H528  1 0.2291 0.2882 0.2549 0.2278 
        H529  1 0.1811 0.3161 0.2890 0.2138 
        H533  1 0.1632 0.2372 0.4406 0.1590 
        H538  1 0.2497 0.2056 0.2484 0.2963 
        H539  1 0.2138 0.2740 0.3246 0.1876 
        H540  1 0.2457 0.2216 0.2913 0.2414 
        H541  1 0.2453 0.2182 0.2536 0.2828 
        H558  1 0.1901 0.3362 0.3070 0.1668 
        H559  1 0.2777 0.2365 0.1650 0.3208 
        H579  1 0.2374 0.3085 0.2157 0.2384 
        H584  1 0.2140 0.3362 0.2295 0.2203 
        H585  1 0.2023 0.2980 0.2862 0.2135 
        H605  1 0.2454 0.2449 0.2568 0.2529 
        H606  1 0.3274 0.1887 0.1675 0.3164 
        H632  1 0.2106 0.3539 0.1973 0.2382 
        H634  1 0.2274 0.2710 0.2834 0.2182 
        H671  1 0.3094 0.2109 0.2022 0.2775 
        H672  1 0.2204 0.2394 0.3390 0.2013 
        H673  1 0.2314 0.2956 0.1783 0.2947 
        H689  1 0.2409 0.2706 0.2187 0.2698 
        H690  1 0.2967 0.1782 0.2453 0.2797 
        H691  1 0.2581 0.1943 0.2257 0.3219 
        H692  1 0.1719 0.3307 0.2788 0.2186 
        H709  1 0.2414 0.2535 0.2774 0.2277 
        H710  1 0.2018 0.3197 0.2473 0.2312 
       H7355  1 0.2504 0.2164 0.2301 0.3031 
       H7356  1 0.2423 0.2747 0.2412 0.2418 
       H7357  1 0.2651 0.2161 0.2476 0.2712 
       H7358  1 0.2291 0.2415 0.2403 0.2891 
       H7380  1 0.2505 0.2465 0.2130 0.2901 
       H7381  1 0.2601 0.2778 0.2078 0.2542 
       H7382  1 0.2444 0.2597 0.2340 0.2619 
        H904  1 0.3870 0.1475 0.1524 0.3130 
        H923  1 0.2674 0.2454 0.2271 0.2601 
        H924  1 0.2680 0.2273 0.2202 0.2845 
        H925  1 0.2398 0.2237 0.2401 0.2964 
       H9558  1 0.1834 0.3654 0.2909 0.1603 
        H008  2 0.2219 0.2314 0.2720 0.2748 
        H021  2 0.2757 0.2175 0.2203 0.2865 
        H023  2 0.2769 0.2003 0.2168 0.3060 
        H024  2 0.1850 0.3167 0.3141 0.1843 
        H025  2 0.2855 0.2635 0.1905 0.2604 
        H026  2 0.1877 0.3598 0.2595 0.1931 
        H027  2 0.2336 0.2165 0.2819 0.2680 
        H028  2 0.2098 0.3025 0.2639 0.2239 
        H029  2 0.2338 0.2546 0.2682 0.2434 
        H030  2 0.1811 0.3546 0.2795 0.1848 
        H038  2 0.2738 0.2355 0.2388 0.2519 
        H039  2 0.4119 0.1345 0.1386 0.3150 
        H040  2 0.2666 0.2253 0.2886 0.2196 
        H041  2 0.2624 0.1893 0.2328 0.3155 
        H042  2 0.2590 0.2234 0.2403 0.2773 
        H043  2 0.3135 0.2386 0.2274 0.2205 
        H044  2 0.1793 0.2791 0.3688 0.1729 
        H047  2 0.2787 0.2628 0.2182 0.2403 
        H050  2 0.2002 0.2644 0.3617 0.1737 
        H058  2 0.2411 0.2381 0.3120 0.2087 
        H062  2 0.2861 0.2152 0.1867 0.3120 
        H063  2 0.3011 0.1976 0.2354 0.2660 
        H065  2 0.2257 0.3480 0.1871 0.2392 
        H066  2 0.2065 0.2618 0.3521 0.1796 
        H067  2 0.2380 0.2349 0.2261 0.3011 
        H068  2 0.2961 0.2177 0.2364 0.2498 
        H069  2 0.2117 0.2871 0.3117 0.1896 
        H071  2 0.2814 0.2200 0.2255 0.2732 
        H072  2 0.3279 0.1768 0.2097 0.2855 
        H073  2 0.2191 0.2935 0.2356 0.2518 
        H081  2 0.2834 0.1665 0.1971 0.3530 
        H082  2 0.1742 0.3221 0.3214 0.1823 
        H083  2 0.1902 0.3569 0.2461 0.2068 
        H084  2 0.2435 0.2329 0.3123 0.2113 
        H085  2 0.2601 0.1811 0.2168 0.3420 
        H087  2 0.2756 0.1807 0.1724 0.3714 
        H088  2 0.2948 0.1816 0.2356 0.2880 
        H089  2 0.2354 0.2236 0.2573 0.2837 
        H090  2 0.2147 0.2843 0.2984 0.2025 
        H091  2 0.2077 0.2414 0.2877 0.2633 
        H098  2 0.2324 0.2457 0.2915 0.2305 
      H10001  2 0.3998 0.1399 0.1344 0.3259 
      H10002  2 0.3130 0.1778 0.2197 0.2895 
        H101  2 0.1837 0.2509 0.4069 0.1586 
        H108  2 0.3002 0.1740 0.1517 0.3740 
        H109  2 0.2390 0.2358 0.3368 0.1883 
        H110  2 0.2622 0.1972 0.2296 0.3110 
        H116  2 0.2192 0.3181 0.2534 0.2093 
        H117  2 0.2397 0.2089 0.2790 0.2724 
        H118  2 0.1994 0.3313 0.2168 0.2525 
        H119  2 0.3016 0.2097 0.2003 0.2884 
        H120  2 0.3412 0.1585 0.1476 0.3528 
        H121  2 0.2182 0.2323 0.2761 0.2733 
        H125  2 0.3943 0.1424 0.1488 0.3145 
        H126  2 0.2219 0.3393 0.2043 0.2344 
        H128  2 0.1549 0.3903 0.2973 0.1575 
        H129  2 0.1736 0.3983 0.2381 0.1900 
        H130  2 0.2804 0.2661 0.2244 0.2291 
        H133  2 0.3336 0.2026 0.1916 0.2722 
        H134  2 0.1682 0.4872 0.1767 0.1679 
        H135  2 0.2777 0.1958 0.2303 0.2963 
        H137  2 0.2284 0.2327 0.3185 0.2204 
        H138  2 0.2049 0.3539 0.2478 0.1934 
        H140  2 0.2423 0.2500 0.2479 0.2598 
        H146  2 0.2082 0.3030 0.2741 0.2147 
        H147  2 0.2371 0.2219 0.2629 0.2781 
        H148  2 0.2526 0.1925 0.2797 0.2753 
     H166022  2 0.1973 0.2470 0.3521 0.2036 
     H167359  2 0.2207 0.2409 0.3301 0.2083 
     H167397  2 0.1763 0.2810 0.3540 0.1887 
     H167428  2 0.2337 0.2397 0.2068 0.3198 
     H167496  2 0.3160 0.1638 0.1914 0.3288 
     H167513  2 0.2207 0.2795 0.3228 0.1770 
     H167545  2 0.1827 0.3221 0.3048 0.1904 
     H167547  2 0.1704 0.3911 0.2903 0.1482 
     H169621  2 0.1997 0.2752 0.3038 0.2213 
     H169622  2 0.2119 0.2819 0.2767 0.2295 
     H169750  2 0.2519 0.2862 0.2438 0.2181 
     H171806  2 0.2672 0.2677 0.2145 0.2506 
     H171808  2 0.2405 0.2582 0.2516 0.2497 
     H171809  2 0.2868 0.2062 0.2085 0.2986 
     H171813  2 0.2434 0.3009 0.2127 0.2430 
     H171815  2 0.3324 0.2198 0.1872 0.2606 
     H171824  2 0.3077 0.1580 0.1917 0.3426 
     H171825  2 0.2198 0.2602 0.2682 0.2518 
     H171826  2 0.2987 0.1938 0.2184 0.2891 
     H171827  2 0.2578 0.2219 0.2874 0.2329 
     H171828  2 0.3574 0.1396 0.1393 0.3637 
     H171829  2 0.2287 0.3246 0.2389 0.2078 
     H171830  2 0.2422 0.2258 0.3065 0.2256 
     H171831  2 0.1940 0.3411 0.2700 0.1948 
     H171832  2 0.2289 0.2995 0.2506 0.2210 
     H171863  2 0.1540 0.3631 0.3232 0.1597 
     H171864  2 0.2454 0.2124 0.2954 0.2468 
     H171865  2 0.3065 0.2273 0.2036 0.2626 
     H171879  2 0.2368 0.2545 0.3108 0.1980 
     H171880  2 0.2070 0.2247 0.3787 0.1896 
     H171881  2 0.2332 0.2384 0.2489 0.2795 
     H171882  2 0.3619 0.1738 0.1629 0.3014 
     H171929  2 0.2346 0.2394 0.2624 0.2635 
     H171930  2 0.1655 0.2739 0.4021 0.1584 
     H171933  2 0.2254 0.2378 0.3056 0.2312 
     H171934  2 0.2579 0.2037 0.2471 0.2914 
     H171937  2 0.1974 0.3409 0.2875 0.1741 
     H171962  2 0.2202 0.2504 0.2552 0.2742 
        H190  2 0.2098 0.2673 0.2901 0.2328 
        H191  2 0.2414 0.2675 0.2360 0.2550 
        H396  2 0.2534 0.2177 0.1837 0.3452 
        H397  2 0.2137 0.2482 0.3125 0.2256 
        H398  2 0.2522 0.2928 0.1953 0.2598 
        H400  2 0.2430 0.2202 0.2761 0.2607 
        H401  2 0.1650 0.3481 0.3223 0.1646 
        H402  2 0.1945 0.2384 0.3578 0.2093 
        H427  2 0.2748 0.2188 0.1916 0.3149 
        H428  2 0.2364 0.2382 0.2069 0.3185 
        H497  2 0.2657 0.2491 0.2651 0.2201 
        H512  2 0.2416 0.2492 0.2822 0.2271 
        H513  2 0.2168 0.2746 0.3236 0.1850 
        H514  2 0.2275 0.2925 0.2782 0.2017 
        H519  2 0.2142 0.2744 0.3191 0.1922 
        H532  2 0.2382 0.2230 0.2362 0.3026 
        H543  2 0.2001 0.2137 0.3838 0.2024 
        H544  2 0.2162 0.3646 0.2228 0.1965 
        H545  2 0.1739 0.3459 0.2987 0.1816 
        H546  2 0.2717 0.2631 0.2107 0.2545 
        H547  2 0.1750 0.3946 0.2828 0.1475 
        H548  2 0.2301 0.2154 0.3102 0.2443 
        H549  2 0.1895 0.3047 0.3439 0.1619 
        H620  2 0.3611 0.1629 0.1658 0.3102 
        H623  2 0.1833 0.3439 0.2865 0.1863 
        H624  2 0.2694 0.3014 0.2185 0.2106 
        H625  2 0.2277 0.2429 0.2482 0.2812 
        H626  2 0.2233 0.2487 0.3230 0.2050 
        H654  2 0.3759 0.1774 0.1645 0.2821 
        H655  2 0.2793 0.2113 0.2863 0.2231 
        H656  2 0.3335 0.1740 0.1440 0.3485 
        H666  2 0.3363 0.2149 0.1801 0.2687 
        H667  2 0.2609 0.2399 0.2136 0.2856 
        H677  2 0.2346 0.2416 0.2649 0.2589 
        H693  2 0.3144 0.1714 0.1538 0.3604 
        H694  2 0.1989 0.2861 0.3188 0.1962 
        H701  2 0.2040 0.2199 0.3692 0.2070 
        H702  2 0.2496 0.2225 0.2967 0.2312 
        H731  2 0.2836 0.2098 0.2007 0.3059 
       H7359  2 0.2198 0.2353 0.3331 0.2119 
       H7389  2 0.2320 0.2727 0.2575 0.2378 
       H7390  2 0.3156 0.1921 0.2514 0.2410 
       H7391  2 0.2740 0.1686 0.2043 0.3531 
       H7392  2 0.2294 0.2924 0.2233 0.2549 
       H7393  2 0.2676 0.2208 0.2734 0.2382 
       H7398  2 0.2665 0.1932 0.2232 0.3171 
       H7399  2 0.2336 0.2585 0.2388 0.2692 
       H7400  2 0.3722 0.1712 0.1673 0.2893 
        H745  2 0.1847 0.4278 0.2011 0.1864 
        H746  2 0.2313 0.2836 0.2334 0.2516 
        H747  2 0.2738 0.2054 0.2787 0.2421 
        H748  2 0.2513 0.2345 0.3102 0.2041 
       H7484  2 0.3240 0.1913 0.1892 0.2955 
       H7485  2 0.2026 0.3004 0.2971 0.1999 
        H749  2 0.2146 0.2826 0.2874 0.2153 
        H930  2 0.1760 0.2495 0.4136 0.1609 
        H931  2 0.2462 0.2324 0.2332 0.2883 
        H932  2 0.2594 0.2453 0.2538 0.2415 
        H111  3 0.1811 0.3142 0.3357 0.1690 
        H951  3 0.2115 0.3076 0.2687 0.2122 
        H952  3 0.2348 0.3047 0.2442 0.2164 
        H953  3 0.2365 0.2425 0.2220 0.2990 
        H954  3 0.3059 0.1926 0.2603 0.2413 
        H955  3 0.1741 0.2597 0.3806 0.1856 
        H956  3 0.2474 0.2098 0.3056 0.2372 
       H9563  3 0.2561 0.2038 0.2478 0.2924 
        H002  4 0.3061 0.2632 0.1807 0.2500 
        H003  4 0.2361 0.2702 0.2003 0.2934 
        H009  4 0.1970 0.3469 0.2670 0.1891 
        H010  4 0.2503 0.2279 0.2582 0.2636 
        H011  4 0.3171 0.1780 0.1631 0.3418 
        H012  4 0.2430 0.2069 0.2885 0.2615 
        H013  4 0.2821 0.1915 0.2043 0.3221 
        H014  4 0.2505 0.2784 0.2311 0.2400 
        H045  4 0.2824 0.1934 0.2011 0.3231 
        H046  4 0.2131 0.3145 0.2217 0.2507 
        H051  4 0.2775 0.1829 0.1992 0.3403 
        H052  4 0.2689 0.2860 0.2070 0.2382 
        H053  4 0.2788 0.2243 0.2566 0.2403 
        H056  4 0.2989 0.2449 0.2009 0.2553 
        H076  4 0.2082 0.3254 0.2246 0.2418 
        H151  4 0.3425 0.2111 0.1739 0.2724 
        H152  4 0.3127 0.2613 0.1664 0.2597 
     H171803  4 0.2837 0.2095 0.2524 0.2544 
     H171804  4 0.2604 0.2077 0.2853 0.2466 
     H171833  4 0.1810 0.3718 0.2716 0.1755 
     H171855  4 0.3368 0.2238 0.1764 0.2630 
     H171856  4 0.2328 0.2497 0.3141 0.2035 
     H171857  4 0.2939 0.2525 0.1904 0.2632 
     H171858  4 0.2602 0.2682 0.2163 0.2553 
     H171859  4 0.2727 0.2573 0.2176 0.2524 
     H171961  4 0.2779 0.2266 0.1960 0.2994 
        H198  4 0.2145 0.2739 0.2624 0.2492 
      H20001  4 0.1925 0.3464 0.2887 0.1724 
        H403  4 0.2591 0.2837 0.2249 0.2323 
        H404  4 0.2523 0.2283 0.2362 0.2832 
        H405  4 0.2272 0.2728 0.2607 0.2394 
        H406  4 0.1991 0.3773 0.2584 0.1651 
        H407  4 0.2439 0.2280 0.2876 0.2405 
        H410  4 0.2208 0.2867 0.2664 0.2262 
        H411  4 0.2195 0.3439 0.2469 0.1897 
        H468  4 0.1984 0.3067 0.3252 0.1696 
        H476  4 0.2261 0.2437 0.3441 0.1861 
        H477  4 0.1788 0.3773 0.2772 0.1668 
        H478  4 0.2332 0.2467 0.2684 0.2517 
        H479  4 0.2650 0.2275 0.2127 0.2948 
        H480  4 0.1851 0.3159 0.3299 0.1691 
        H498  4 0.2434 0.2738 0.2263 0.2565 
        H499  4 0.2577 0.2507 0.2373 0.2544 
        H500  4 0.3104 0.1751 0.2555 0.2590 
        H515  4 0.2742 0.2265 0.2442 0.2550 
        H516  4 0.2495 0.2595 0.2804 0.2106 
        H517  4 0.2523 0.2596 0.2659 0.2222 
        H518  4 0.2562 0.2813 0.2328 0.2297 
        H520  4 0.2775 0.2460 0.2487 0.2277 
        H521  4 0.2387 0.2335 0.2287 0.2990 
        H522  4 0.2383 0.2273 0.3025 0.2319 
        H523  4 0.2469 0.2396 0.2897 0.2238 
        H536  4 0.2379 0.2668 0.2117 0.2835 
        H645  4 0.2985 0.1703 0.1681 0.3631 
        H646  4 0.1814 0.2886 0.3516 0.1784 
        H647  4 0.2169 0.2808 0.2989 0.2033 
        H657  4 0.2006 0.2856 0.3012 0.2127 
        H658  4 0.2330 0.2061 0.3498 0.2112 
        H659  4 0.3753 0.1737 0.1890 0.2620 
        H660  4 0.2531 0.2457 0.2694 0.2319 
        H661  4 0.2986 0.2419 0.2160 0.2435 
        H668  4 0.2577 0.2180 0.2394 0.2849 
        H669  4 0.2721 0.2166 0.2406 0.2707 
        H670  4 0.3120 0.1612 0.1699 0.3569 
        H678  4 0.2285 0.2430 0.3135 0.2150 
        H679  4 0.1884 0.2332 0.3883 0.1902 
        H680  4 0.2381 0.3202 0.2147 0.2269 
        H681  4 0.2981 0.1991 0.2175 0.2853 
        H682  4 0.2141 0.2103 0.3605 0.2151 
        H683  4 0.2624 0.2804 0.2224 0.2348 
        H718  4 0.3056 0.2235 0.1916 0.2794 
        H719  4 0.2552 0.2018 0.2286 0.3144 
        H720  4 0.2469 0.2960 0.2046 0.2525 
        H721  4 0.2475 0.3151 0.2093 0.2281 
        H722  4 0.2540 0.3478 0.1757 0.2225 
        H723  4 0.2987 0.1774 0.2098 0.3141 
        H724  4 0.3481 0.1706 0.1969 0.2844 
        H725  4 0.3120 0.2241 0.1841 0.2798 
        H726  4 0.3159 0.2146 0.2069 0.2626 
        H727  4 0.3154 0.1822 0.1953 0.3071 
        H910  4 0.2854 0.1946 0.2374 0.2826 
        H911  4 0.2068 0.2842 0.2903 0.2186 
        H912  4 0.2588 0.2710 0.2537 0.2165 
        H913  4 0.2518 0.2095 0.3050 0.2336 
        H914  4 0.3052 0.1686 0.2290 0.2972 
        H915  4 0.2449 0.2375 0.3107 0.2068 
        H916  4 0.2166 0.3068 0.2967 0.1798 
       H9572  4 0.2452 0.2603 0.2492 0.2453 
        H015  5 0.1844 0.3140 0.3029 0.1987 
        H016  5 0.1894 0.3626 0.2474 0.2005 
        H017  5 0.2370 0.2996 0.2665 0.1969 
        H019  5 0.2267 0.2803 0.2547 0.2383 
        H020  5 0.2657 0.2510 0.2195 0.2638 
        H032  5 0.2569 0.2473 0.2701 0.2256 
        H033  5 0.2292 0.2182 0.2906 0.2620 
        H034  5 0.3206 0.1841 0.1860 0.3092 
        H035  5 0.2338 0.2468 0.2991 0.2203 
        H036  5 0.2075 0.2745 0.2869 0.2311 
        H037  5 0.2762 0.2032 0.2582 0.2623 
        H048  5 0.3011 0.1872 0.1975 0.3142 
        H049  5 0.2178 0.2975 0.2547 0.2300 
        H054  5 0.2662 0.2585 0.1986 0.2767 
        H055  5 0.2995 0.2180 0.1567 0.3259 
        H057  5 0.2290 0.3522 0.2162 0.2027 
        H060  5 0.2967 0.2583 0.1723 0.2727 
        H061  5 0.2435 0.2376 0.2602 0.2587 
        H064  5 0.2867 0.2250 0.1839 0.3044 
        H070  5 0.2996 0.1851 0.2132 0.3021 
        H077  5 0.3159 0.2129 0.2032 0.2681 
        H078  5 0.2826 0.2508 0.2511 0.2154 
        H079  5 0.2198 0.2123 0.3117 0.2562 
        H097  5 0.2352 0.3277 0.2541 0.1830 
        H107  5 0.3436 0.1588 0.1619 0.3357 
        H122  5 0.2172 0.2900 0.2788 0.2140 
        H123  5 0.1966 0.2903 0.3154 0.1977 
        H124  5 0.2151 0.2523 0.2965 0.2362 
        H131  5 0.2156 0.2494 0.2971 0.2379 
        H132  5 0.2661 0.2191 0.2226 0.2922 
        H141  5 0.2717 0.2267 0.2472 0.2543 
        H142  5 0.2076 0.2504 0.3118 0.2302 
        H157  5 0.2953 0.1984 0.2038 0.3024 
        H158  5 0.1823 0.3535 0.2885 0.1757 
        H159  5 0.1969 0.3134 0.2838 0.2059 
        H160  5 0.2212 0.2708 0.3055 0.2026 
        H163  5 0.2239 0.2637 0.2863 0.2260 
        H164  5 0.2414 0.2560 0.2485 0.2540 
        H165  5 0.2447 0.2231 0.2308 0.3014 
        H166  5 0.2149 0.2645 0.2637 0.2569 
        H169  5 0.2634 0.2222 0.2416 0.2728 
     H169613  5 0.2502 0.2466 0.2623 0.2409 
     H169653  5 0.2284 0.2762 0.2355 0.2598 
     H169728  5 0.2164 0.2752 0.3038 0.2045 
     H169742  5 0.2769 0.2029 0.2100 0.3102 
        H170  5 0.2071 0.3800 0.2099 0.2029 
        H171  5 0.2073 0.3646 0.2250 0.2030 
     H171851  5 0.2325 0.2873 0.2400 0.2402 
     H171852  5 0.2766 0.2559 0.2263 0.2412 
     H171853  5 0.2791 0.2054 0.2459 0.2697 
     H171854  5 0.2417 0.2628 0.2929 0.2026 
     H171938  5 0.2688 0.1830 0.2436 0.3045 
     H171939  5 0.2106 0.3428 0.2117 0.2349 
     H171941  5 0.3132 0.1744 0.1599 0.3525 
     H171965  5 0.2349 0.2880 0.2386 0.2385 
     H171970  5 0.3431 0.1726 0.1628 0.3215 
     H171973  5 0.2383 0.2244 0.2691 0.2683 
     H171974  5 0.2731 0.1966 0.2330 0.2973 
     H171975  5 0.2796 0.2135 0.1846 0.3224 
     H171976  5 0.2135 0.3390 0.2741 0.1734 
        H175  5 0.2900 0.1948 0.2295 0.2857 
        H178  5 0.2646 0.2342 0.2060 0.2952 
        H189  5 0.1955 0.3098 0.2876 0.2072 
        H399  5 0.2068 0.3842 0.2298 0.1793 
        H416  5 0.2654 0.2273 0.2311 0.2762 
        H438  5 0.2621 0.2100 0.2660 0.2618 
        H450  5 0.3357 0.2030 0.1774 0.2839 
        H455  5 0.3171 0.1645 0.1498 0.3685 
        H456  5 0.2605 0.2047 0.2368 0.2980 
        H457  5 0.3013 0.2600 0.1949 0.2437 
        H458  5 0.2931 0.2005 0.2077 0.2987 
        H459  5 0.1880 0.2504 0.3486 0.2131 
        H460  5 0.2455 0.2334 0.3096 0.2115 
        H461  5 0.2255 0.3198 0.2598 0.1949 
        H462  5 0.2174 0.2242 0.3190 0.2395 
        H469  5 0.2202 0.2413 0.2920 0.2465 
        H470  5 0.2630 0.2350 0.2623 0.2396 
        H471  5 0.1661 0.3378 0.3509 0.1452 
        H481  5 0.3353 0.1757 0.1911 0.2978 
        H482  5 0.2954 0.2287 0.2196 0.2563 
        H501  5 0.2541 0.2179 0.2724 0.2556 
        H502  5 0.1941 0.3149 0.2834 0.2075 
        H503  5 0.2161 0.3061 0.2493 0.2284 
        H509  5 0.2843 0.2050 0.2309 0.2799 
        H510  5 0.2540 0.2554 0.2049 0.2856 
        H511  5 0.2340 0.2855 0.2389 0.2417 
        H530  5 0.2767 0.1892 0.2403 0.2939 
        H531  5 0.2663 0.2204 0.2850 0.2283 
        H564  5 0.2724 0.2411 0.2389 0.2477 
        H565  5 0.3200 0.2028 0.1975 0.2796 
        H567  5 0.1946 0.2738 0.3376 0.1939 
     H568???  5 0.1999 0.3247 0.2766 0.1988 
        H608  5 0.3381 0.2016 0.1817 0.2787 
        H609  5 0.2701 0.1874 0.1960 0.3464 
        H612  5 0.3360 0.1657 0.1969 0.3014 
        H614  5 0.3159 0.2253 0.1992 0.2596 
        H615  5 0.2654 0.2409 0.2591 0.2346 
        H616  5 0.3551 0.1429 0.1495 0.3525 
        H617  5 0.1925 0.2485 0.3388 0.2203 
        H618  5 0.3083 0.1979 0.1860 0.3078 
        H619  5 0.2814 0.1934 0.1639 0.3614 
        H635  5 0.2481 0.2427 0.2484 0.2608 
        H636  5 0.2721 0.1800 0.2340 0.3139 
        H637  5 0.2801 0.2129 0.2185 0.2885 
        H644  5 0.1491 0.4210 0.2680 0.1619 
        H711  5 0.2198 0.3452 0.2312 0.2038 
        H712  5 0.2718 0.1879 0.1859 0.3544 
       H7360  5 0.2398 0.2782 0.2424 0.2395 
       H7361  5 0.3007 0.2223 0.1973 0.2796 
       H7362  5 0.1665 0.3892 0.2557 0.1886 
       H7363  5 0.2828 0.2371 0.2310 0.2490 
       H7394  5 0.2167 0.2311 0.3495 0.2027 
       H7395  5 0.2657 0.2318 0.2091 0.2934 
       H7396  5 0.2335 0.2251 0.3132 0.2282 
        H742  5 0.2748 0.2002 0.2103 0.3148 
        H743  5 0.2641 0.2531 0.1961 0.2867 
        H744  5 0.3233 0.1848 0.1908 0.3010 
        H957  5 0.2356 0.2953 0.2653 0.2038 
        H958  5 0.1981 0.2420 0.3620 0.1979 
        H959  5 0.3148 0.1759 0.1812 0.3280 
        H960  5 0.2545 0.2274 0.2446 0.2734 
      H_PALI  6 0.2367 0.2333 0.3086 0.2214 
        H581  6 0.2620 0.2446 0.2641 0.2293 
        H582  6 0.3174 0.2245 0.1902 0.2678 
        H583  6 0.2490 0.2580 0.2588 0.2342 
        H595  6 0.1752 0.2816 0.3711 0.1721 
        H596  6 0.1809 0.2889 0.3428 0.1875 
        H597  6 0.2090 0.3309 0.2366 0.2236 
        H598  6 0.2683 0.2034 0.2643 0.2640 
        H599  6 0.2799 0.1900 0.2185 0.3116 
        H642  6 0.1988 0.3387 0.2965 0.1659 
        H643  6 0.2516 0.2211 0.2573 0.2700 
        H664  6 0.2830 0.2592 0.2505 0.2072 
        H665  6 0.2753 0.1912 0.2252 0.3083 
        H674  6 0.1729 0.4170 0.2382 0.1719 
        H675  6 0.2829 0.2633 0.2275 0.2262 
        H676  6 0.2202 0.2930 0.2854 0.2015 
        H686  6 0.2370 0.2807 0.2505 0.2318 
        H687  6 0.2278 0.2677 0.3005 0.2040 
        H917  6 0.2146 0.2219 0.3237 0.2398 
        H918  6 0.2453 0.2125 0.2186 0.3235 
        H919  6 0.3248 0.1655 0.1908 0.3188 
        H920  6 0.2837 0.2398 0.2418 0.2347 
        H631  7 0.2727 0.2335 0.2053 0.2885 
        H684  7 0.2053 0.3798 0.2084 0.2064 
        H685  7 0.2865 0.2005 0.2785 0.2345 
        H713  7 0.3079 0.2064 0.2220 0.2637 
        H715  7 0.2269 0.3314 0.2218 0.2199 
        H716  7 0.2797 0.2302 0.1593 0.3309 
        H717  7 0.2478 0.2509 0.2391 0.2623 
        H729  7 0.2202 0.2081 0.3166 0.2551 
        H730  7 0.2621 0.1911 0.2166 0.3302 
        H431  8 0.3069 0.2128 0.2225 0.2578 
        H432  8 0.1892 0.3547 0.2307 0.2253 
        H433  8 0.2256 0.2262 0.3075 0.2407 
        H434  8 0.2060 0.2521 0.3030 0.2389 
        H444  8 0.2424 0.2205 0.2271 0.3100 
        H454  8 0.3098 0.1774 0.1879 0.3249 
        H475  8 0.3420 0.1885 0.2040 0.2655 
        H491  8 0.2762 0.2326 0.1889 0.3022 
        H492  8 0.2601 0.2123 0.2837 0.2439 
        H493  8 0.2340 0.2798 0.2580 0.2281 
        H494  8 0.2611 0.2335 0.2572 0.2481 
        H495  8 0.3101 0.2730 0.1751 0.2418 
        H662  8 0.2065 0.3148 0.2582 0.2205 
        H663  8 0.2501 0.2496 0.2509 0.2495 
        H695  8 0.2551 0.2117 0.2757 0.2575 
       H7367  8 0.2084 0.2248 0.3555 0.2112 
       H7368  8 0.2290 0.3126 0.2231 0.2353 
       H7369  8 0.2632 0.2112 0.1857 0.3399 
       H7370  8 0.1544 0.2138 0.4822 0.1496 
       H7371  8 0.2341 0.2092 0.3054 0.2514 
        H600  9 0.2898 0.2275 0.2213 0.2614 
        H648  9 0.2495 0.2999 0.2129 0.2377 
        H696  9 0.1602 0.3874 0.2908 0.1616 
        H697  9 0.2420 0.2649 0.2079 0.2852 
        H698  9 0.2253 0.2911 0.2531 0.2305 
        H699  9 0.2377 0.2538 0.2556 0.2530 
        H700  9 0.2987 0.1930 0.2273 0.2810 
        H732  9 0.2836 0.2443 0.2152 0.2570 
        H733  9 0.2138 0.2501 0.3174 0.2188 
        H734  9 0.1716 0.3001 0.3709 0.1573 
        H735  9 0.2052 0.2959 0.2782 0.2206 
        H736  9 0.2535 0.2405 0.2810 0.2250 
        H737  9 0.2956 0.2422 0.1759 0.2863 
        H905  9 0.3143 0.1837 0.1864 0.3157 
        H921  9 0.2882 0.1885 0.2273 0.2960 
        H922  9 0.1896 0.2568 0.3233 0.2304 
     H169705 10 0.2089 0.2341 0.3513 0.2056 
     H171942 10 0.1883 0.3581 0.2275 0.2261 
     H171943 10 0.2048 0.2876 0.3002 0.2073 
     H171944 10 0.2376 0.2167 0.3327 0.2130 
     H171946 10 0.2757 0.2686 0.2433 0.2123 
     H171947 10 0.2356 0.2353 0.2818 0.2472 
     H229641 10 0.2383 0.2510 0.3024 0.2083 
      H30001 10 0.2678 0.2113 0.2729 0.2480 
      H30002 10 0.2435 0.2248 0.2554 0.2762 
      H30005 10 0.2401 0.2481 0.2951 0.2167 
      H30006 10 0.2078 0.2979 0.2953 0.1991 
      H30007 10 0.1676 0.4356 0.2054 0.1914 
        H451 10 0.2073 0.2728 0.2832 0.2367 
        H452 10 0.2264 0.3207 0.2561 0.1968 
        H453 10 0.3088 0.2413 0.1669 0.2830 
        H473 10 0.2721 0.2330 0.2025 0.2924 
        H474 10 0.3226 0.2056 0.2362 0.2356 
        H486 10 0.2609 0.2334 0.2494 0.2563 
        H487 10 0.3034 0.2043 0.2441 0.2482 
        H488 10 0.2770 0.1879 0.2108 0.3244 
        H489 10 0.3014 0.1751 0.2742 0.2493 
        H550 10 0.1819 0.3090 0.3397 0.1694 
        H551 10 0.2522 0.1927 0.3082 0.2469 
        H553 10 0.2873 0.2351 0.2403 0.2372 
        H554 10 0.2303 0.2782 0.2459 0.2456 
        H556 10 0.2186 0.3035 0.2619 0.2159 
        H580 10 0.2381 0.2491 0.2583 0.2545 
        H591 10 0.3373 0.1808 0.1929 0.2890 
        H592 10 0.2578 0.2163 0.3078 0.2180 
        H593 10 0.2395 0.2605 0.2599 0.2400 
        H594 10 0.1665 0.3343 0.2943 0.2049 
        H627 10 0.2235 0.2729 0.3058 0.1979 
        H628 10 0.2449 0.2379 0.1891 0.3281 
        H629 10 0.2305 0.3275 0.2411 0.2008 
        H630 10 0.2213 0.2575 0.3314 0.1898 
        H638 10 0.2111 0.2485 0.3450 0.1955 
        H639 10 0.2891 0.2536 0.2070 0.2502 
        H640 10 0.1988 0.2883 0.3444 0.1685 
        H704 10 0.2183 0.3229 0.2170 0.2418 
        H705 10 0.2082 0.2350 0.3458 0.2109 
        H706 10 0.3017 0.1704 0.2002 0.3278 
        H708 10 0.3138 0.1981 0.2270 0.2611 
       H7351 10 0.2247 0.2779 0.2625 0.2349 
       H7352 10 0.2679 0.2375 0.2413 0.2533 
       H7353 10 0.1928 0.3943 0.2159 0.1969 
       H7354 10 0.2937 0.2037 0.1852 0.3173 
       H7365 10 0.3228 0.1903 0.2198 0.2671 
       H7383 10 0.2856 0.1858 0.2355 0.2931 
       H7384 10 0.2829 0.2101 0.2155 0.2915 
       H7385 10 0.3078 0.1921 0.2231 0.2770 
       H7386 10 0.2299 0.2443 0.2390 0.2869 
       H7387 10 0.2420 0.2458 0.2635 0.2487 
       H7388 10 0.2623 0.2582 0.2219 0.2576 
        H906 10 0.2697 0.2729 0.1690 0.2884 
        H907 10 0.1958 0.2744 0.3449 0.1849 
        H908 10 0.2646 0.2203 0.2553 0.2598 
        H909 10 0.2816 0.1958 0.1822 0.3404 
       H9552 10 0.2414 0.2760 0.2197 0.2629 
       H9553 10 0.2695 0.2425 0.2523 0.2357 
       H9555 10 0.2180 0.2250 0.3376 0.2194 
       H9575 10 0.2982 0.2405 0.2218 0.2395 
       H9703 10 0.3305 0.1981 0.1885 0.2829 
       H9707 10 0.2843 0.2190 0.2518 0.2449 
       HSAA4 10 0.2459 0.2489 0.2537 0.2514 
        H001 11 0.2914 0.2235 0.1736 0.3115 
        H004 11 0.2386 0.2508 0.2698 0.2407 
        H005 11 0.3513 0.1640 0.1630 0.3217 
        H006 11 0.2586 0.2173 0.2836 0.2405 
        H007 11 0.2968 0.1656 0.1809 0.3567 
        H031 11 0.3408 0.1635 0.2283 0.2674 
        H074 11 0.2839 0.2251 0.2481 0.2429 
        H075 11 0.3183 0.1740 0.2017 0.3060 
        H080 11 0.3271 0.1936 0.1866 0.2926 
        H086 11 0.2543 0.2407 0.2634 0.2416 
        H092 11 0.2865 0.2093 0.2439 0.2603 
        H093 11 0.1918 0.3393 0.2444 0.2244 
        H094 11 0.2110 0.2583 0.3575 0.1732 
        H095 11 0.3010 0.2162 0.1985 0.2843 
        H096 11 0.2975 0.1851 0.2044 0.3131 
        H099 11 0.2702 0.2269 0.2442 0.2587 
        H100 11 0.2150 0.2883 0.2238 0.2729 
        H127 11 0.2745 0.2284 0.2298 0.2673 
        H136 11 0.3153 0.1997 0.2244 0.2606 
        H153 11 0.2330 0.2565 0.2794 0.2310 
        H154 11 0.3166 0.1966 0.2440 0.2428 
        H155 11 0.2383 0.2135 0.2269 0.3212 
        H156 11 0.2316 0.2215 0.2656 0.2813 
        H161 11 0.2296 0.2983 0.2383 0.2338 
        H162 11 0.1941 0.2760 0.3314 0.1985 
        H167 11 0.2496 0.2347 0.2356 0.2802 
        H168 11 0.2644 0.2497 0.2173 0.2686 
     H169586 11 0.2459 0.3381 0.2203 0.1957 
     H169738 11 0.2412 0.2189 0.2508 0.2891 
     H169741 11 0.2801 0.1925 0.3099 0.2174 
     H171801 11 0.1924 0.3325 0.2654 0.2097 
     H171810 11 0.2673 0.2268 0.2636 0.2423 
     H171811 11 0.3039 0.2293 0.2253 0.2416 
     H171812 11 0.2639 0.1949 0.1770 0.3642 
     H171820 11 0.2907 0.2129 0.2130 0.2835 
     H171821 11 0.2489 0.2495 0.2395 0.2621 
     H171822 11 0.2449 0.2437 0.2878 0.2236 
     H171823 11 0.3030 0.2637 0.1870 0.2463 
     H171866 11 0.2324 0.2998 0.2280 0.2398 
     H171867 11 0.2490 0.1985 0.2886 0.2638 
     H171967 11 0.2941 0.1761 0.2110 0.3188 
     H171969 11 0.2394 0.2270 0.2598 0.2738 
        H172 11 0.2430 0.2352 0.2614 0.2603 
        H173 11 0.2539 0.1813 0.2861 0.2787 
        H174 11 0.1713 0.3411 0.3247 0.1629 
        H196 11 0.2397 0.2613 0.2469 0.2520 
        H197 11 0.2411 0.2224 0.2846 0.2519 
        H346 11 0.2805 0.1894 0.2108 0.3192 
        H355 11 0.2681 0.2142 0.2022 0.3155 
        H356 11 0.2657 0.2335 0.2385 0.2624 
        H357 11 0.2808 0.1962 0.2549 0.2680 
        H358 11 0.2708 0.1901 0.2339 0.3051 
        H359 11 0.2366 0.2475 0.3064 0.2096 
        H360 11 0.2545 0.2094 0.2741 0.2620 
        H361 11 0.2680 0.2261 0.2239 0.2820 
        H362 11 0.1947 0.2613 0.3550 0.1890 
        H363 11 0.3169 0.1851 0.2315 0.2665 
        H364 11 0.2605 0.2565 0.2267 0.2563 
        H365 11 0.2463 0.2398 0.2225 0.2913 
        H366 11 0.2437 0.2432 0.2331 0.2800 
        H367 11 0.3117 0.2258 0.1881 0.2745 
        H368 11 0.1689 0.3158 0.3475 0.1678 
        H369 11 0.3375 0.1656 0.1965 0.3004 
        H370 11 0.2257 0.2473 0.2979 0.2290 
        H371 11 0.2310 0.2475 0.2882 0.2334 
        H372 11 0.2459 0.2301 0.2548 0.2691 
        H373 11 0.2678 0.2276 0.2228 0.2818 
        H374 11 0.3022 0.1814 0.1964 0.3199 
        H375 11 0.2643 0.2048 0.2411 0.2899 
        H376 11 0.2109 0.3040 0.2339 0.2512 
        H377 11 0.2644 0.1974 0.2928 0.2453 
        H378 11 0.2683 0.2510 0.2247 0.2560 
        H379 11 0.2230 0.2590 0.3196 0.1984 
        H380 11 0.2333 0.2141 0.2595 0.2931 
        H381 11 0.2796 0.2370 0.2496 0.2338 
        H382 11 0.1852 0.3175 0.2996 0.1977 
        H383 11 0.2181 0.3039 0.1967 0.2812 
        H384 11 0.2830 0.2163 0.2477 0.2530 
        H385 11 0.2749 0.2155 0.2758 0.2338 
        H386 11 0.2728 0.1892 0.2292 0.3088 
        H387 11 0.2330 0.3822 0.1724 0.2124 
        H388 11 0.2284 0.2555 0.2384 0.2777 
        H389 11 0.2497 0.2036 0.2477 0.2990 
        H390 11 0.2233 0.2613 0.2919 0.2234 
        H391 11 0.1953 0.3715 0.2487 0.1845 
        H392 11 0.3242 0.1803 0.1837 0.3117 
        H393 11 0.2186 0.2956 0.2170 0.2688 
        H394 11 0.1779 0.4139 0.2218 0.1864 
        H395 11 0.3176 0.1923 0.1983 0.2918 
        H408 11 0.2929 0.1812 0.1900 0.3359 
        H412 11 0.3003 0.2495 0.2364 0.2137 
        H417 11 0.2670 0.2077 0.2692 0.2561 
        H418 11 0.2531 0.3027 0.2235 0.2206 
        H429 11 0.2365 0.2406 0.2313 0.2917 
        H430 11 0.2296 0.2463 0.2525 0.2716 
        H439 11 0.2607 0.1992 0.2740 0.2661 
        H440 11 0.3396 0.1903 0.1822 0.2878 
        H441 11 0.2195 0.2778 0.2855 0.2173 
        H442 11 0.2335 0.2623 0.2498 0.2544 
        H446 11 0.2335 0.2728 0.2782 0.2155 
        H447 11 0.2304 0.2232 0.3007 0.2457 
        H448 11 0.2664 0.2008 0.2544 0.2784 
        H534 11 0.3442 0.2105 0.1621 0.2832 
        H537 11 0.3044 0.2460 0.1760 0.2736 
        H568 11 0.3487 0.1724 0.2130 0.2659 
        H569 11 0.2033 0.2214 0.3443 0.2309 
        H586 11 0.2455 0.3385 0.2224 0.1936 
        H587 11 0.3287 0.1712 0.2019 0.2981 
        H588 11 0.1974 0.3694 0.2173 0.2160 
        H589 11 0.3360 0.1863 0.1824 0.2953 
        H590 11 0.2950 0.2198 0.1910 0.2943 
        H601 11 0.2022 0.2720 0.2955 0.2303 
        H602 11 0.2884 0.2294 0.2372 0.2450 
        H603 11 0.2436 0.2196 0.2523 0.2846 
        H610 11 0.2575 0.2230 0.2793 0.2402 
        H611 11 0.2481 0.2105 0.3333 0.2081 
        H649 11 0.2321 0.2602 0.2397 0.2680 
        H650 11 0.1842 0.2676 0.3839 0.1643 
        H651 11 0.2624 0.1868 0.2311 0.3198 
        H652 11 0.2570 0.2798 0.2397 0.2235 
       H7364 11 0.2353 0.2454 0.2600 0.2594 
       H7366 11 0.2808 0.1952 0.2201 0.3039 
       H7378 11 0.1385 0.4784 0.2483 0.1348 
       H7379 11 0.2631 0.2410 0.2450 0.2509 
        H739 11 0.2815 0.1972 0.2722 0.2491 
        H740 11 0.2085 0.2772 0.3301 0.1842 
        H741 11 0.2742 0.1880 0.3205 0.2172 
        H926 11 0.2283 0.2626 0.2974 0.2116 
        H927 11 0.2138 0.2295 0.3515 0.2053 
        H928 11 0.2111 0.2255 0.3847 0.1786 
       H9560 11 0.2155 0.2676 0.3362 0.1807 
        H409 12 0.2239 0.2320 0.2743 0.2697 
        H413 12 0.1755 0.3989 0.2598 0.1658 
        H419 12 0.2580 0.2116 0.2459 0.2845 
        H420 12 0.2831 0.2205 0.2079 0.2886 
        H421 12 0.2067 0.2805 0.2720 0.2407 
        H435 12 0.2291 0.3099 0.2184 0.2426 
        H436 12 0.2629 0.1950 0.2332 0.3089 
        H437 12 0.3005 0.2397 0.2007 0.2591 
        H445 12 0.2639 0.2052 0.2138 0.3170 
        H449 12 0.2185 0.3092 0.2401 0.2322 
        H463 12 0.2803 0.2480 0.2062 0.2655 
        H464 12 0.1917 0.3249 0.2684 0.2151 
        H465 12 0.2079 0.3616 0.2492 0.1813 
        H490 12 0.1811 0.3359 0.2939 0.1892 
        H561 12 0.2353 0.2707 0.2660 0.2281 
        H562 12 0.2726 0.1876 0.2037 0.3361 
        H563 12 0.2524 0.2067 0.2425 0.2984 
        H570 12 0.3056 0.1824 0.2103 0.3016 
        H571 12 0.2342 0.3172 0.2525 0.1962 
        H572 12 0.2531 0.2483 0.2396 0.2590 
        H573 12 0.2281 0.2280 0.2665 0.2774 
       H7372 12 0.2199 0.2402 0.2636 0.2763 
       H7373 12 0.1670 0.4113 0.2548 0.1669 
       H7374 12 0.2986 0.2220 0.1612 0.3183 
       H7375 12 0.2849 0.2044 0.2285 0.2821 
       H7376 12 0.2508 0.1839 0.2122 0.3531 
       H7377 12 0.2765 0.2085 0.2855 0.2295 
