        H102  1 0.3685 0.2643 0.3672 
        H103  1 0.2068 0.4531 0.3401 
        H104  1 0.4382 0.2244 0.3375 
        H105  1 0.2943 0.2830 0.4227 
        H106  1 0.3561 0.3255 0.3184 
        H112  1 0.4171 0.2502 0.3327 
        H113  1 0.3113 0.2651 0.4237 
        H114  1 0.2528 0.2719 0.4754 
        H115  1 0.3738 0.2157 0.4106 
        H143  1 0.2933 0.3043 0.4024 
        H144  1 0.2055 0.4369 0.3577 
        H145  1 0.2115 0.4487 0.3398 
        H149  1 0.4299 0.2615 0.3087 
        H150  1 0.3268 0.3415 0.3318 
     H167542  1 0.2713 0.2599 0.4687 
     H169604  1 0.2889 0.2998 0.4113 
     H169607  1 0.2426 0.3793 0.3780 
     H169608  1 0.4504 0.2654 0.2842 
     H169633  1 0.2274 0.3137 0.4588 
     H169688  1 0.2746 0.4610 0.2644 
     H169714  1 0.3908 0.2913 0.3179 
     H171802  1 0.4277 0.2989 0.2734 
     H171805  1 0.2569 0.3723 0.3708 
     H171807  1 0.3943 0.3255 0.2802 
     H171814  1 0.2259 0.4380 0.3361 
     H171816  1 0.4055 0.2945 0.3000 
     H171817  1 0.3891 0.2749 0.3360 
     H171818  1 0.3020 0.3200 0.3780 
     H171819  1 0.3513 0.2996 0.3491 
     H171834  1 0.3207 0.3034 0.3759 
     H171835  1 0.5132 0.2421 0.2447 
     H171836  1 0.1795 0.3872 0.4333 
     H171837  1 0.3795 0.2582 0.3624 
     H171838  1 0.2579 0.4206 0.3215 
     H171839  1 0.3738 0.2437 0.3825 
     H171841  1 0.5129 0.2803 0.2068 
     H171860  1 0.3237 0.2888 0.3875 
     H171861  1 0.1869 0.3223 0.4908 
     H171862  1 0.3258 0.3241 0.3501 
     H171868  1 0.2746 0.2564 0.4691 
     H171869  1 0.2664 0.4421 0.2915 
     H171870  1 0.3416 0.3806 0.2778 
     H171871  1 0.2574 0.4040 0.3386 
     H171872  1 0.3736 0.2620 0.3644 
     H171873  1 0.3481 0.3968 0.2552 
     H171874  1 0.2629 0.3709 0.3662 
     H171875  1 0.1973 0.3380 0.4647 
     H171876  1 0.2562 0.3466 0.3972 
     H171877  1 0.2916 0.2389 0.4695 
     H171878  1 0.3667 0.3957 0.2376 
     H171901  1 0.4117 0.3062 0.2822 
     H171902  1 0.3244 0.3811 0.2944 
     H171903  1 0.3211 0.3041 0.3747 
     H171935  1 0.4098 0.3594 0.2309 
     H171936  1 0.2635 0.3160 0.4206 
     H171940  1 0.3762 0.2913 0.3325 
     H171945  1 0.3247 0.3726 0.3027 
     H171948  1 0.3838 0.2614 0.3549 
     H171949  1 0.4732 0.2676 0.2593 
     H171950  1 0.4915 0.2625 0.2461 
     H171963  1 0.2517 0.4367 0.3116 
     H171964  1 0.2599 0.4867 0.2534 
     H171966  1 0.3366 0.3598 0.3036 
     H171968  1 0.3579 0.3374 0.3046 
     H171971  1 0.3182 0.4021 0.2797 
     H171972  1 0.2350 0.4413 0.3237 
     H171977  1 0.2445 0.4298 0.3257 
     H171978  1 0.4021 0.3284 0.2695 
     H171979  1 0.2071 0.4122 0.3807 
        H176  1 0.2916 0.3209 0.3875 
        H177  1 0.4794 0.2303 0.2903 
        H179  1 0.4202 0.2255 0.3543 
        H181  1 0.2505 0.3945 0.3550 
        H182  1 0.2060 0.3780 0.4160 
        H183  1 0.2629 0.4651 0.2720 
        H184  1 0.3762 0.2753 0.3484 
        H185  1 0.2438 0.3861 0.3701 
        H186  1 0.3610 0.3575 0.2815 
        H187  1 0.3291 0.3398 0.3311 
        H188  1 0.3865 0.2508 0.3627 
        H192  1 0.4275 0.2807 0.2918 
        H193  1 0.2169 0.4153 0.3678 
        H194  1 0.3443 0.2812 0.3745 
        H195  1 0.2479 0.4921 0.2601 
        H199  1 0.2603 0.4631 0.2766 
        H200  1 0.3831 0.2898 0.3272 
        H414  1 0.2715 0.3778 0.3507 
        H415  1 0.2635 0.3236 0.4129 
        H422  1 0.3507 0.3538 0.2955 
        H423  1 0.5481 0.2209 0.2310 
        H424  1 0.2350 0.4026 0.3623 
        H425  1 0.2448 0.4615 0.2937 
        H426  1 0.2672 0.5039 0.2289 
        H443  1 0.2383 0.4279 0.3337 
        H466  1 0.3356 0.3153 0.3490 
        H467  1 0.4915 0.2746 0.2339 
        H472  1 0.3403 0.3339 0.3257 
        H483  1 0.2410 0.3466 0.4123 
        H504  1 0.2366 0.4813 0.2821 
        H505  1 0.3931 0.2970 0.3099 
        H506  1 0.3137 0.3639 0.3224 
        H507  1 0.1836 0.3878 0.4286 
        H508  1 0.3696 0.3469 0.2835 
        H524  1 0.2308 0.3495 0.4197 
        H525  1 0.2782 0.3722 0.3497 
        H526  1 0.2667 0.2857 0.4476 
        H527  1 0.4010 0.2946 0.3044 
        H528  1 0.2307 0.3782 0.3910 
        H529  1 0.2138 0.3912 0.3950 
        H533  1 0.1947 0.3768 0.4285 
        H538  1 0.3387 0.2910 0.3703 
        H539  1 0.2922 0.4086 0.2991 
        H540  1 0.3221 0.3099 0.3680 
        H541  1 0.2927 0.2854 0.4219 
        H558  1 0.2722 0.4710 0.2568 
        H559  1 0.3135 0.3163 0.3702 
        H579  1 0.2495 0.3861 0.3644 
        H584  1 0.2684 0.4229 0.3087 
        H585  1 0.2921 0.3638 0.3441 
        H605  1 0.3488 0.3144 0.3367 
        H606  1 0.4591 0.2361 0.3047 
        H632  1 0.2457 0.4499 0.3044 
        H634  1 0.2857 0.3699 0.3444 
        H671  1 0.4947 0.2514 0.2538 
        H672  1 0.3013 0.3611 0.3376 
        H673  1 0.2643 0.3772 0.3585 
        H689  1 0.2589 0.3511 0.3901 
        H690  1 0.3933 0.2314 0.3753 
        H691  1 0.2851 0.2697 0.4452 
        H692  1 0.1594 0.4420 0.3986 
        H709  1 0.2897 0.3347 0.3755 
        H710  1 0.1972 0.4329 0.3699 
       H7355  1 0.2305 0.2747 0.4948 
       H7356  1 0.3043 0.3766 0.3191 
       H7357  1 0.3466 0.2615 0.3919 
       H7358  1 0.2496 0.3584 0.3921 
       H7380  1 0.2716 0.3187 0.4097 
       H7381  1 0.4097 0.3310 0.2593 
       H7382  1 0.2735 0.3506 0.3759 
        H904  1 0.5581 0.1984 0.2435 
        H923  1 0.3578 0.3378 0.3044 
        H924  1 0.3700 0.3071 0.3230 
        H925  1 0.2653 0.3075 0.4272 
       H9558  1 0.2580 0.5058 0.2362 
        H008  2 0.2149 0.3142 0.4709 
        H021  2 0.3873 0.2818 0.3309 
        H023  2 0.4163 0.2565 0.3272 
        H024  2 0.2146 0.4504 0.3350 
        H025  2 0.4174 0.3289 0.2536 
        H026  2 0.2304 0.4754 0.2943 
        H027  2 0.2804 0.3066 0.4129 
        H028  2 0.2667 0.3892 0.3441 
        H029  2 0.2450 0.3719 0.3832 
        H030  2 0.2257 0.4777 0.2966 
        H038  2 0.4097 0.3109 0.2794 
        H039  2 0.6519 0.1758 0.1723 
        H040  2 0.4127 0.3181 0.2693 
        H041  2 0.2854 0.2605 0.4541 
        H042  2 0.3588 0.2991 0.3421 
        H043  2 0.4914 0.3002 0.2083 
        H044  2 0.2468 0.4323 0.3209 
        H047  2 0.4215 0.3416 0.2369 
        H050  2 0.2585 0.4209 0.3206 
        H058  2 0.3776 0.3457 0.2767 
        H062  2 0.3959 0.2831 0.3211 
        H063  2 0.4637 0.2429 0.2933 
        H065  2 0.3424 0.3944 0.2631 
        H066  2 0.3120 0.4032 0.2847 
        H067  2 0.2735 0.3081 0.4184 
        H068  2 0.4694 0.2883 0.2423 
        H069  2 0.3136 0.4164 0.2700 
        H071  2 0.4169 0.2808 0.3023 
        H072  2 0.5079 0.2259 0.2662 
        H073  2 0.2708 0.3601 0.3690 
        H081  2 0.3266 0.2253 0.4480 
        H082  2 0.2140 0.4377 0.3483 
        H083  2 0.2305 0.4571 0.3124 
        H084  2 0.3583 0.3324 0.3093 
        H085  2 0.2724 0.2548 0.4728 
        H087  2 0.3066 0.2399 0.4535 
        H088  2 0.4076 0.2471 0.3453 
        H089  2 0.2629 0.2996 0.4375 
        H090  2 0.2507 0.4060 0.3433 
        H091  2 0.2080 0.3440 0.4479 
        H098  2 0.2811 0.3306 0.3883 
      H10001  2 0.6366 0.1815 0.1820 
      H10002  2 0.3994 0.2361 0.3645 
        H101  2 0.2627 0.4407 0.2966 
        H108  2 0.4181 0.2330 0.3489 
        H109  2 0.3844 0.3211 0.2946 
        H110  2 0.2416 0.2642 0.4942 
        H116  2 0.2579 0.4113 0.3308 
        H117  2 0.2530 0.2713 0.4758 
        H118  2 0.1893 0.4169 0.3938 
        H119  2 0.4020 0.2622 0.3358 
        H120  2 0.5138 0.1993 0.2869 
        H121  2 0.2301 0.3824 0.3874 
        H125  2 0.6462 0.1689 0.1849 
        H126  2 0.2896 0.4218 0.2887 
        H128  2 0.1416 0.5434 0.3150 
        H129  2 0.2187 0.4914 0.2899 
        H130  2 0.4330 0.3558 0.2112 
        H133  2 0.5181 0.2638 0.2181 
        H134  2 0.2092 0.5434 0.2474 
        H135  2 0.3295 0.2730 0.3975 
        H137  2 0.3322 0.3296 0.3381 
        H138  2 0.2316 0.4602 0.3082 
        H140  2 0.3146 0.3390 0.3464 
        H146  2 0.2458 0.3874 0.3667 
        H147  2 0.2476 0.2912 0.4611 
        H148  2 0.2665 0.2512 0.4823 
     H166022  2 0.2324 0.3367 0.4309 
     H167359  2 0.3050 0.3496 0.3454 
     H167397  2 0.1508 0.4075 0.4418 
     H167428  2 0.1692 0.3591 0.4717 
     H167496  2 0.4833 0.2080 0.3087 
     H167513  2 0.3294 0.3826 0.2880 
     H167545  2 0.2345 0.4402 0.3253 
     H167547  2 0.2155 0.5170 0.2674 
     H169621  2 0.2399 0.3944 0.3657 
     H169622  2 0.2364 0.3781 0.3854 
     H169750  2 0.3951 0.3768 0.2281 
     H171806  2 0.3774 0.3391 0.2834 
     H171808  2 0.3016 0.3536 0.3448 
     H171809  2 0.3348 0.2686 0.3966 
     H171813  2 0.3251 0.3905 0.2844 
     H171815  2 0.5100 0.2686 0.2213 
     H171824  2 0.4293 0.2098 0.3609 
     H171825  2 0.2819 0.3481 0.3700 
     H171826  2 0.3585 0.2727 0.3688 
     H171827  2 0.3346 0.3022 0.3633 
     H171828  2 0.5632 0.1818 0.2551 
     H171829  2 0.3439 0.4054 0.2507 
     H171830  2 0.3259 0.3079 0.3661 
     H171831  2 0.2074 0.4480 0.3446 
     H171832  2 0.2871 0.3892 0.3237 
     H171863  2 0.1943 0.5144 0.2912 
     H171864  2 0.3080 0.2997 0.3923 
     H171865  2 0.4802 0.2656 0.2541 
     H171879  2 0.3039 0.3529 0.3432 
     H171880  2 0.2725 0.3349 0.3926 
     H171881  2 0.2576 0.3347 0.4077 
     H171882  2 0.5568 0.2104 0.2327 
     H171929  2 0.2804 0.3173 0.4023 
     H171930  2 0.2186 0.4759 0.3055 
     H171933  2 0.2945 0.3371 0.3684 
     H171934  2 0.3043 0.2864 0.4093 
     H171937  2 0.2669 0.4444 0.2886 
     H171962  2 0.2694 0.3381 0.3925 
        H190  2 0.2556 0.3609 0.3835 
        H191  2 0.3309 0.3389 0.3303 
        H396  2 0.3212 0.3007 0.3781 
        H397  2 0.2822 0.3659 0.3519 
        H398  2 0.3411 0.3746 0.2843 
        H400  2 0.3113 0.2992 0.3895 
        H401  2 0.1845 0.4647 0.3508 
        H402  2 0.2256 0.3354 0.4390 
        H427  2 0.2967 0.2739 0.4294 
        H428  2 0.1711 0.3457 0.4832 
        H497  2 0.4000 0.3282 0.2717 
        H512  2 0.3006 0.3223 0.3771 
        H513  2 0.3314 0.3836 0.2850 
        H514  2 0.2959 0.4138 0.2903 
        H519  2 0.3340 0.3626 0.3035 
        H532  2 0.2315 0.3049 0.4637 
        H543  2 0.2242 0.3217 0.4541 
        H544  2 0.3154 0.4492 0.2354 
        H545  2 0.2224 0.4691 0.3084 
        H546  2 0.4297 0.3028 0.2675 
        H547  2 0.2141 0.5086 0.2773 
        H548  2 0.2782 0.2926 0.4291 
        H549  2 0.2736 0.4462 0.2803 
        H620  2 0.5670 0.1980 0.2349 
        H623  2 0.2593 0.4362 0.3045 
        H624  2 0.4101 0.3914 0.1985 
        H625  2 0.2811 0.3250 0.3939 
        H626  2 0.3266 0.3139 0.3595 
        H654  2 0.6051 0.2145 0.1804 
        H655  2 0.4107 0.3002 0.2891 
        H656  2 0.5369 0.2090 0.2541 
        H666  2 0.5531 0.2531 0.1937 
        H667  2 0.2898 0.3167 0.3936 
        H677  2 0.2780 0.3192 0.4028 
        H693  2 0.4576 0.2086 0.3338 
        H694  2 0.2558 0.4196 0.3247 
        H701  2 0.2392 0.3575 0.4033 
        H702  2 0.3628 0.2942 0.3430 
        H731  2 0.4002 0.2666 0.3332 
       H7359  2 0.3052 0.3368 0.3580 
       H7389  2 0.3053 0.3626 0.3320 
       H7390  2 0.4810 0.2718 0.2471 
       H7391  2 0.2720 0.2226 0.5054 
       H7392  2 0.3297 0.3813 0.2890 
       H7393  2 0.3900 0.2973 0.3128 
       H7398  2 0.2941 0.2548 0.4511 
       H7399  2 0.2281 0.3859 0.3860 
       H7400  2 0.5839 0.2108 0.2053 
        H745  2 0.2313 0.5029 0.2658 
        H746  2 0.2332 0.3792 0.3876 
        H747  2 0.4506 0.2853 0.2640 
        H748  2 0.3273 0.3283 0.3444 
       H7484  2 0.5180 0.2387 0.2434 
       H7485  2 0.2812 0.4030 0.3158 
        H749  2 0.2472 0.3890 0.3638 
        H930  2 0.2321 0.4419 0.3260 
        H931  2 0.3086 0.3115 0.3799 
        H932  2 0.3403 0.3413 0.3184 
        H111  3 0.2479 0.4392 0.3129 
        H951  3 0.2421 0.3894 0.3684 
        H952  3 0.3209 0.4024 0.2766 
        H953  3 0.2473 0.3231 0.4296 
        H954  3 0.4784 0.2570 0.2646 
        H955  3 0.2258 0.4271 0.3471 
        H956  3 0.3504 0.2878 0.3618 
       H9563  3 0.3752 0.2665 0.3584 
        H002  4 0.4480 0.3145 0.2375 
        H003  4 0.2355 0.3372 0.4273 
        H009  4 0.2654 0.4562 0.2784 
        H010  4 0.3014 0.3129 0.3856 
        H011  4 0.5054 0.2245 0.2701 
        H012  4 0.2320 0.2842 0.4838 
        H013  4 0.3593 0.2558 0.3849 
        H014  4 0.3298 0.3558 0.3144 
        H045  4 0.3670 0.2493 0.3837 
        H046  4 0.2357 0.3759 0.3884 
        H051  4 0.4135 0.2414 0.3451 
        H052  4 0.3887 0.3696 0.2417 
        H053  4 0.3817 0.3039 0.3144 
        H056  4 0.4450 0.3046 0.2504 
        H076  4 0.2218 0.3985 0.3798 
        H151  4 0.5242 0.2675 0.2083 
        H152  4 0.4402 0.3261 0.2337 
     H171803  4 0.4288 0.2815 0.2897 
     H171804  4 0.3914 0.2707 0.3379 
     H171833  4 0.2516 0.4645 0.2839 
     H171855  4 0.5109 0.2844 0.2047 
     H171856  4 0.3371 0.3339 0.3290 
     H171857  4 0.4678 0.3036 0.2286 
     H171858  4 0.3125 0.3440 0.3435 
     H171859  4 0.3494 0.3413 0.3092 
     H171961  4 0.4150 0.2605 0.3245 
        H198  4 0.2092 0.3862 0.4046 
      H20001  4 0.2515 0.4855 0.2630 
        H403  4 0.3613 0.3643 0.2744 
        H404  4 0.2477 0.3170 0.4353 
        H405  4 0.2407 0.3445 0.4148 
        H406  4 0.2886 0.4906 0.2208 
        H407  4 0.3653 0.2978 0.3369 
        H410  4 0.2278 0.3701 0.4021 
        H411  4 0.2616 0.4569 0.2816 
        H468  4 0.3177 0.4529 0.2294 
        H476  4 0.3594 0.3585 0.2821 
        H477  4 0.2318 0.5187 0.2495 
        H478  4 0.2446 0.3365 0.4189 
        H479  4 0.3757 0.2728 0.3515 
        H480  4 0.2302 0.4425 0.3273 
        H498  4 0.3060 0.3547 0.3393 
        H499  4 0.3337 0.3250 0.3414 
        H500  4 0.4707 0.2239 0.3054 
        H515  4 0.3921 0.2734 0.3345 
        H516  4 0.3417 0.3772 0.2811 
        H517  4 0.3193 0.3511 0.3296 
        H518  4 0.3823 0.3754 0.2423 
        H520  4 0.4373 0.3051 0.2576 
        H521  4 0.2985 0.3239 0.3776 
        H522  4 0.3511 0.3402 0.3086 
        H523  4 0.3591 0.3186 0.3223 
        H536  4 0.3050 0.3227 0.3723 
        H645  4 0.3639 0.2362 0.3999 
        H646  4 0.2266 0.4329 0.3405 
        H647  4 0.3039 0.4023 0.2937 
        H657  4 0.2411 0.3828 0.3760 
        H658  4 0.3437 0.3147 0.3417 
        H659  4 0.5807 0.2163 0.2030 
        H660  4 0.3703 0.3286 0.3011 
        H661  4 0.4356 0.3108 0.2536 
        H668  4 0.2400 0.2861 0.4739 
        H669  4 0.3448 0.2754 0.3798 
        H670  4 0.3508 0.2274 0.4218 
        H678  4 0.3195 0.3285 0.3520 
        H679  4 0.2387 0.3765 0.3848 
        H680  4 0.3325 0.3762 0.2913 
        H681  4 0.3662 0.2680 0.3658 
        H682  4 0.2803 0.2976 0.4221 
        H683  4 0.4153 0.3756 0.2091 
        H718  4 0.4811 0.2711 0.2478 
        H719  4 0.3531 0.2797 0.3672 
        H720  4 0.3662 0.3721 0.2617 
        H721  4 0.3723 0.3690 0.2587 
        H722  4 0.3891 0.3972 0.2138 
        H723  4 0.4211 0.2339 0.3450 
        H724  4 0.5490 0.2355 0.2155 
        H725  4 0.5187 0.2619 0.2195 
        H726  4 0.4398 0.2718 0.2884 
        H727  4 0.4252 0.2378 0.3370 
        H910  4 0.4007 0.2527 0.3466 
        H911  4 0.2723 0.3975 0.3302 
        H912  4 0.3695 0.3500 0.2805 
        H913  4 0.3937 0.3098 0.2965 
        H914  4 0.4220 0.2199 0.3581 
        H915  4 0.3500 0.3235 0.3264 
        H916  4 0.3119 0.4122 0.2759 
       H9572  4 0.3760 0.3310 0.2930 
        H015  5 0.2494 0.4468 0.3037 
        H016  5 0.2488 0.4512 0.3000 
        H017  5 0.3278 0.4273 0.2449 
        H019  5 0.2914 0.3718 0.3368 
        H020  5 0.3668 0.3264 0.3067 
        H032  5 0.3622 0.3327 0.3052 
        H033  5 0.2631 0.3137 0.4232 
        H034  5 0.4313 0.2304 0.3383 
        H035  5 0.3353 0.3452 0.3194 
        H036  5 0.2983 0.3742 0.3275 
        H037  5 0.4310 0.2759 0.2930 
        H048  5 0.4689 0.2331 0.2981 
        H049  5 0.3099 0.4226 0.2675 
        H054  5 0.3466 0.3117 0.3417 
        H055  5 0.3876 0.2953 0.3171 
        H057  5 0.3315 0.4224 0.2460 
        H060  5 0.3808 0.3331 0.2861 
        H061  5 0.2626 0.3533 0.3841 
        H064  5 0.3834 0.3252 0.2914 
        H070  5 0.3663 0.2480 0.3857 
        H077  5 0.4745 0.2674 0.2580 
        H078  5 0.4270 0.3369 0.2361 
        H079  5 0.2207 0.2973 0.4819 
        H097  5 0.3543 0.4303 0.2154 
        H107  5 0.5484 0.1966 0.2550 
        H122  5 0.2999 0.4040 0.2961 
        H123  5 0.2369 0.4068 0.3564 
        H124  5 0.2436 0.3591 0.3973 
        H131  5 0.2694 0.3600 0.3707 
        H132  5 0.3645 0.3000 0.3355 
        H141  5 0.3905 0.2969 0.3126 
        H142  5 0.2271 0.3778 0.3950 
        H157  5 0.4625 0.2494 0.2880 
        H158  5 0.2391 0.4808 0.2801 
        H159  5 0.2438 0.3920 0.3642 
        H160  5 0.3255 0.3736 0.3008 
        H163  5 0.2830 0.3646 0.3524 
        H164  5 0.2853 0.3443 0.3703 
        H165  5 0.2196 0.3119 0.4685 
        H166  5 0.2749 0.3930 0.3321 
        H169  5 0.3059 0.3268 0.3672 
     H169613  5 0.3389 0.3481 0.3130 
     H169653  5 0.2705 0.3790 0.3506 
     H169728  5 0.2877 0.3738 0.3385 
     H169742  5 0.3422 0.2626 0.3953 
        H170  5 0.2825 0.4700 0.2475 
        H171  5 0.2786 0.4514 0.2700 
     H171851  5 0.3092 0.3663 0.3245 
     H171852  5 0.4221 0.3340 0.2440 
     H171853  5 0.3938 0.2620 0.3442 
     H171854  5 0.3311 0.3507 0.3182 
     H171938  5 0.3170 0.2376 0.4454 
     H171939  5 0.2545 0.4434 0.3021 
     H171941  5 0.4775 0.2390 0.2836 
     H171965  5 0.2442 0.3913 0.3645 
     H171970  5 0.5284 0.2359 0.2357 
     H171973  5 0.2540 0.2944 0.4516 
     H171974  5 0.3221 0.2804 0.3975 
     H171975  5 0.3892 0.2886 0.3222 
     H171976  5 0.3241 0.4336 0.2423 
        H175  5 0.4335 0.2523 0.3142 
        H178  5 0.3592 0.3020 0.3388 
        H189  5 0.2188 0.4351 0.3461 
        H399  5 0.3005 0.4717 0.2278 
        H416  5 0.3558 0.3007 0.3436 
        H438  5 0.3261 0.2625 0.4114 
        H450  5 0.4534 0.2728 0.2738 
        H455  5 0.5037 0.2197 0.2766 
        H456  5 0.3282 0.2794 0.3924 
        H457  5 0.4296 0.3257 0.2447 
        H458  5 0.4038 0.2803 0.3159 
        H459  5 0.2284 0.3936 0.3780 
        H460  5 0.3408 0.3192 0.3400 
        H461  5 0.3064 0.4305 0.2631 
        H462  5 0.2748 0.3376 0.3876 
        H469  5 0.2396 0.3503 0.4101 
        H470  5 0.3740 0.3063 0.3197 
        H471  5 0.2217 0.4854 0.2929 
        H481  5 0.5313 0.2312 0.2376 
        H482  5 0.3934 0.3063 0.3003 
        H501  5 0.3488 0.2852 0.3659 
        H502  5 0.2323 0.4198 0.3479 
        H503  5 0.2877 0.3932 0.3191 
        H509  5 0.4495 0.2668 0.2836 
        H510  5 0.3070 0.3404 0.3526 
        H511  5 0.2676 0.3831 0.3492 
        H530  5 0.3679 0.2596 0.3724 
        H531  5 0.4379 0.3121 0.2500 
        H564  5 0.3758 0.2958 0.3284 
        H565  5 0.5057 0.2620 0.2323 
        H567  5 0.2104 0.4240 0.3656 
     H568???  5 0.2465 0.4472 0.3063 
        H608  5 0.4619 0.2592 0.2789 
        H609  5 0.2956 0.2830 0.4214 
        H612  5 0.4910 0.2055 0.3035 
        H614  5 0.4973 0.2816 0.2210 
        H615  5 0.4504 0.3154 0.2342 
        H616  5 0.5587 0.1870 0.2543 
        H617  5 0.2278 0.3303 0.4418 
        H618  5 0.4678 0.2425 0.2896 
        H619  5 0.2625 0.2824 0.4551 
        H635  5 0.3253 0.3174 0.3573 
        H636  5 0.2586 0.2502 0.4912 
        H637  5 0.3692 0.2993 0.3315 
        H644  5 0.1709 0.5508 0.2783 
        H711  5 0.2854 0.4466 0.2680 
        H712  5 0.3924 0.2486 0.3589 
       H7360  5 0.3240 0.3880 0.2880 
       H7361  5 0.4347 0.2831 0.2821 
       H7362  5 0.1886 0.5091 0.3023 
       H7363  5 0.3921 0.3322 0.2756 
       H7394  5 0.2535 0.3679 0.3786 
       H7395  5 0.3278 0.2907 0.3815 
       H7396  5 0.3246 0.3219 0.3535 
        H742  5 0.3450 0.2499 0.4052 
        H743  5 0.3669 0.3356 0.2975 
        H744  5 0.5060 0.2248 0.2691 
        H957  5 0.3116 0.3859 0.3025 
        H958  5 0.2738 0.3640 0.3623 
        H959  5 0.4466 0.2290 0.3245 
        H960  5 0.3245 0.3105 0.3650 
      H_PALI  6 0.3086 0.3534 0.3381 
        H581  6 0.3937 0.3383 0.2680 
        H582  6 0.5017 0.2810 0.2173 
        H583  6 0.3602 0.3358 0.3040 
        H595  6 0.2227 0.4291 0.3482 
        H596  6 0.2176 0.4052 0.3771 
        H597  6 0.2362 0.4390 0.3248 
        H598  6 0.3362 0.2803 0.3835 
        H599  6 0.4265 0.2690 0.3045 
        H642  6 0.2751 0.4499 0.2750 
        H643  6 0.3238 0.3006 0.3756 
        H664  6 0.4681 0.3361 0.1959 
        H665  6 0.2990 0.2449 0.4562 
        H674  6 0.2029 0.5376 0.2595 
        H675  6 0.3910 0.3431 0.2658 
        H676  6 0.2606 0.4001 0.3393 
        H686  6 0.2985 0.3794 0.3221 
        H687  6 0.3272 0.3532 0.3196 
        H917  6 0.2218 0.3158 0.4623 
        H918  6 0.2682 0.3038 0.4280 
        H919  6 0.4956 0.2052 0.2992 
        H920  6 0.4169 0.2873 0.2958 
        H631  7 0.4089 0.2804 0.3106 
        H684  7 0.2376 0.4616 0.3008 
        H685  7 0.4899 0.2751 0.2349 
        H713  7 0.4889 0.2388 0.2723 
        H715  7 0.2745 0.4279 0.2976 
        H716  7 0.3672 0.2932 0.3396 
        H717  7 0.3650 0.3106 0.3243 
        H729  7 0.2063 0.2924 0.5013 
        H730  7 0.3346 0.2558 0.4096 
        H431  8 0.4276 0.2684 0.3040 
        H432  8 0.2267 0.4554 0.3179 
        H433  8 0.2799 0.2952 0.4249 
        H434  8 0.2701 0.3541 0.3757 
        H444  8 0.2791 0.2910 0.4299 
        H454  8 0.4741 0.2296 0.2962 
        H475  8 0.5041 0.2371 0.2588 
        H491  8 0.3857 0.2962 0.3180 
        H492  8 0.4378 0.2835 0.2787 
        H493  8 0.3047 0.3974 0.2979 
        H494  8 0.3597 0.3093 0.3310 
        H495  8 0.4546 0.3393 0.2062 
        H662  8 0.2919 0.4149 0.2932 
        H663  8 0.3428 0.3131 0.3441 
        H695  8 0.3634 0.2801 0.3564 
       H7367  8 0.2258 0.3630 0.4112 
       H7368  8 0.2738 0.3710 0.3552 
       H7369  8 0.3162 0.2747 0.4091 
       H7370  8 0.2069 0.4122 0.3809 
       H7371  8 0.2964 0.3022 0.4014 
        H600  9 0.4189 0.2821 0.2989 
        H648  9 0.3388 0.3655 0.2957 
        H696  9 0.1863 0.5548 0.2589 
        H697  9 0.3127 0.3334 0.3539 
        H698  9 0.2742 0.3778 0.3480 
        H699  9 0.3242 0.3316 0.3442 
        H700  9 0.3980 0.2602 0.3418 
        H732  9 0.4663 0.3004 0.2333 
        H733  9 0.2435 0.3494 0.4071 
        H734  9 0.2224 0.4460 0.3316 
        H735  9 0.2901 0.3907 0.3192 
        H736  9 0.3454 0.3410 0.3136 
        H737  9 0.3719 0.2975 0.3305 
        H905  9 0.4075 0.2434 0.3492 
        H921  9 0.3774 0.2449 0.3777 
        H922  9 0.2080 0.3799 0.4121 
     H169705 10 0.2869 0.3373 0.3758 
     H171942 10 0.2193 0.4607 0.3200 
     H171943 10 0.2899 0.3862 0.3239 
     H171944 10 0.3081 0.3016 0.3903 
     H171946 10 0.4237 0.3689 0.2075 
     H171947 10 0.2862 0.3622 0.3516 
     H229641 10 0.3591 0.3226 0.3184 
      H30001 10 0.3557 0.2759 0.3684 
      H30002 10 0.2994 0.3185 0.3821 
      H30005 10 0.3093 0.3384 0.3523 
      H30006 10 0.2573 0.4307 0.3120 
      H30007 10 0.2013 0.5585 0.2402 
        H451 10 0.2365 0.3563 0.4072 
        H452 10 0.3183 0.3942 0.2875 
        H453 10 0.4883 0.2965 0.2152 
        H473 10 0.3756 0.3122 0.3121 
        H474 10 0.5224 0.2767 0.2009 
        H486 10 0.4030 0.2834 0.3136 
        H487 10 0.4105 0.2864 0.3032 
        H488 10 0.3309 0.2471 0.4220 
        H489 10 0.4686 0.2547 0.2767 
        H550 10 0.2559 0.4735 0.2706 
        H551 10 0.3579 0.2651 0.3770 
        H553 10 0.4499 0.2961 0.2540 
        H554 10 0.2720 0.3689 0.3591 
        H556 10 0.3372 0.3877 0.2752 
        H580 10 0.2807 0.3473 0.3720 
        H591 10 0.5352 0.2171 0.2478 
        H592 10 0.3927 0.2901 0.3172 
        H593 10 0.2991 0.3336 0.3673 
        H594 10 0.1960 0.4497 0.3544 
        H627 10 0.3381 0.3841 0.2778 
        H628 10 0.1885 0.3140 0.4975 
        H629 10 0.3525 0.3859 0.2616 
        H630 10 0.3438 0.3781 0.2781 
        H638 10 0.2855 0.3496 0.3649 
        H639 10 0.4584 0.3167 0.2249 
        H640 10 0.2622 0.4033 0.3345 
        H704 10 0.2443 0.4380 0.3177 
        H705 10 0.2831 0.3361 0.3808 
        H706 10 0.4200 0.2190 0.3610 
        H708 10 0.4898 0.2548 0.2554 
       H7351 10 0.2952 0.3889 0.3159 
       H7352 10 0.3520 0.3231 0.3249 
       H7353 10 0.2398 0.4889 0.2713 
       H7354 10 0.3900 0.2792 0.3308 
       H7365 10 0.4998 0.2309 0.2693 
       H7383 10 0.3822 0.2427 0.3752 
       H7384 10 0.3674 0.2706 0.3620 
       H7385 10 0.4293 0.2546 0.3161 
       H7386 10 0.2965 0.3052 0.3983 
       H7387 10 0.2845 0.3338 0.3817 
       H7388 10 0.3206 0.3300 0.3495 
        H906 10 0.4040 0.3293 0.2666 
        H907 10 0.2469 0.4028 0.3503 
        H908 10 0.3343 0.2943 0.3714 
        H909 10 0.3349 0.2741 0.3910 
       H9552 10 0.3106 0.3701 0.3193 
       H9553 10 0.3921 0.3106 0.2973 
       H9555 10 0.2589 0.3033 0.4379 
       H9575 10 0.4459 0.3051 0.2490 
       H9703 10 0.5060 0.2500 0.2440 
       H9707 10 0.4524 0.2773 0.2702 
       HSAA4 10 0.2810 0.3454 0.3736 
        H001 11 0.3716 0.2910 0.3374 
        H004 11 0.3050 0.3408 0.3542 
        H005 11 0.4834 0.2134 0.3032 
        H006 11 0.3243 0.2836 0.3921 
        H007 11 0.4253 0.2208 0.3539 
        H031 11 0.5455 0.1962 0.2583 
        H074 11 0.4673 0.2873 0.2454 
        H075 11 0.4606 0.2204 0.3190 
        H080 11 0.4591 0.2495 0.2914 
        H086 11 0.3405 0.3378 0.3217 
        H092 11 0.3905 0.2710 0.3385 
        H093 11 0.2061 0.4549 0.3390 
        H094 11 0.2896 0.3915 0.3189 
        H095 11 0.4263 0.2730 0.3006 
        H096 11 0.3606 0.2514 0.3881 
        H099 11 0.4035 0.2889 0.3076 
        H100 11 0.2244 0.4081 0.3676 
        H127 11 0.3842 0.2848 0.3310 
        H136 11 0.5021 0.2475 0.2504 
        H153 11 0.3024 0.3486 0.3490 
        H154 11 0.4920 0.2677 0.2403 
        H155 11 0.2229 0.3049 0.4723 
        H156 11 0.1824 0.3316 0.4860 
        H161 11 0.2931 0.3934 0.3136 
        H162 11 0.2330 0.3966 0.3704 
        H167 11 0.2663 0.3177 0.4160 
        H168 11 0.3044 0.3158 0.3798 
     H169586 11 0.3917 0.4117 0.1966 
     H169738 11 0.2459 0.2982 0.4560 
     H169741 11 0.4347 0.2940 0.2713 
     H171801 11 0.2495 0.4290 0.3215 
     H171810 11 0.4330 0.3052 0.2618 
     H171811 11 0.4531 0.3109 0.2360 
     H171812 11 0.3463 0.2565 0.3972 
     H171820 11 0.4654 0.2709 0.2637 
     H171821 11 0.2825 0.3298 0.3877 
     H171822 11 0.3159 0.3339 0.3503 
     H171823 11 0.4498 0.3455 0.2047 
     H171866 11 0.2635 0.3872 0.3493 
     H171867 11 0.2461 0.2605 0.4934 
     H171967 11 0.4391 0.2281 0.3328 
     H171969 11 0.3229 0.3239 0.3532 
        H172 11 0.3104 0.3021 0.3876 
        H173 11 0.3059 0.2526 0.4415 
        H174 11 0.2211 0.4615 0.3174 
        H196 11 0.2582 0.3489 0.3929 
        H197 11 0.2736 0.2917 0.4347 
        H346 11 0.3488 0.2700 0.3812 
        H355 11 0.3848 0.2883 0.3268 
        H356 11 0.3628 0.3068 0.3304 
        H357 11 0.4210 0.2539 0.3251 
        H358 11 0.3135 0.2413 0.4451 
        H359 11 0.3190 0.3502 0.3308 
        H360 11 0.3177 0.2940 0.3883 
        H361 11 0.2940 0.3165 0.3896 
        H362 11 0.2094 0.3718 0.4188 
        H363 11 0.4468 0.2408 0.3124 
        H364 11 0.3209 0.3641 0.3150 
        H365 11 0.2859 0.3379 0.3762 
        H366 11 0.2532 0.3393 0.4075 
        H367 11 0.5065 0.2715 0.2219 
        H368 11 0.2448 0.4583 0.2969 
        H369 11 0.4986 0.2087 0.2928 
        H370 11 0.2530 0.3632 0.3838 
        H371 11 0.3390 0.3373 0.3237 
        H372 11 0.3129 0.3213 0.3658 
        H373 11 0.3441 0.3225 0.3334 
        H374 11 0.3818 0.2717 0.3465 
        H375 11 0.3770 0.2658 0.3572 
        H376 11 0.2647 0.3801 0.3552 
        H377 11 0.3524 0.2853 0.3623 
        H378 11 0.3928 0.3238 0.2834 
        H379 11 0.3111 0.3527 0.3362 
        H380 11 0.2260 0.2933 0.4808 
        H381 11 0.4516 0.3170 0.2314 
        H382 11 0.1863 0.3850 0.4287 
        H383 11 0.2225 0.3864 0.3911 
        H384 11 0.3997 0.3013 0.2990 
        H385 11 0.3881 0.2991 0.3129 
        H386 11 0.2765 0.2475 0.4759 
        H387 11 0.3246 0.4461 0.2294 
        H388 11 0.2086 0.3549 0.4366 
        H389 11 0.3376 0.2507 0.4117 
        H390 11 0.2861 0.3459 0.3681 
        H391 11 0.2729 0.4446 0.2825 
        H392 11 0.4423 0.2274 0.3303 
        H393 11 0.2365 0.4133 0.3501 
        H394 11 0.2387 0.5072 0.2541 
        H395 11 0.4308 0.2572 0.3119 
        H408 11 0.3341 0.2635 0.4024 
        H412 11 0.5007 0.3383 0.1611 
        H417 11 0.3734 0.3033 0.3233 
        H418 11 0.3728 0.3871 0.2401 
        H429 11 0.2794 0.3039 0.4166 
        H430 11 0.2565 0.3230 0.4205 
        H439 11 0.3529 0.2794 0.3677 
        H440 11 0.4802 0.2426 0.2772 
        H441 11 0.2786 0.3409 0.3805 
        H442 11 0.2642 0.3434 0.3925 
        H446 11 0.3174 0.3618 0.3208 
        H447 11 0.2438 0.3046 0.4516 
        H448 11 0.3039 0.2632 0.4330 
        H534 11 0.5202 0.2638 0.2160 
        H537 11 0.4710 0.2935 0.2355 
        H568 11 0.5341 0.2311 0.2348 
        H569 11 0.1997 0.3581 0.4422 
        H586 11 0.3846 0.4289 0.1865 
        H587 11 0.5277 0.2267 0.2456 
        H588 11 0.2298 0.4761 0.2941 
        H589 11 0.4903 0.2448 0.2649 
        H590 11 0.4370 0.2771 0.2859 
        H601 11 0.2160 0.3859 0.3981 
        H602 11 0.3942 0.2877 0.3181 
        H603 11 0.2419 0.2878 0.4703 
        H610 11 0.3696 0.2857 0.3447 
        H611 11 0.4109 0.3066 0.2825 
        H649 11 0.3409 0.3389 0.3202 
        H650 11 0.2504 0.4538 0.2958 
        H651 11 0.3050 0.2588 0.4362 
        H652 11 0.3463 0.3584 0.2953 
       H7364 11 0.2854 0.3292 0.3853 
       H7366 11 0.3341 0.2616 0.4043 
       H7378 11 0.1662 0.5818 0.2520 
       H7379 11 0.3395 0.3260 0.3345 
        H739 11 0.4478 0.2874 0.2648 
        H740 11 0.2747 0.4109 0.3144 
        H741 11 0.4459 0.2835 0.2705 
        H926 11 0.2907 0.3915 0.3177 
        H927 11 0.2535 0.3167 0.4298 
        H928 11 0.3316 0.3584 0.3100 
       H9560 11 0.3041 0.3841 0.3118 
        H409 12 0.2312 0.3078 0.4610 
        H413 12 0.2194 0.5163 0.2643 
        H419 12 0.2941 0.2757 0.4303 
        H420 12 0.4010 0.2823 0.3167 
        H421 12 0.2012 0.4178 0.3810 
        H435 12 0.2475 0.3977 0.3548 
        H436 12 0.3141 0.2604 0.4256 
        H437 12 0.4396 0.3094 0.2510 
        H445 12 0.2492 0.2795 0.4713 
        H449 12 0.2888 0.4029 0.3083 
        H463 12 0.4179 0.2991 0.2829 
        H464 12 0.2244 0.4651 0.3105 
        H465 12 0.3149 0.4666 0.2186 
        H490 12 0.2272 0.4432 0.3295 
        H561 12 0.3306 0.3454 0.3240 
        H562 12 0.3150 0.2534 0.4317 
        H563 12 0.3702 0.2684 0.3614 
        H570 12 0.4076 0.2389 0.3535 
        H571 12 0.3259 0.4089 0.2651 
        H572 12 0.3844 0.3101 0.3055 
        H573 12 0.2323 0.3168 0.4508 
       H7372 12 0.1837 0.3365 0.4798 
       H7373 12 0.2259 0.5271 0.2471 
       H7374 12 0.3985 0.2817 0.3199 
       H7375 12 0.4032 0.2563 0.3405 
       H7376 12 0.2136 0.2678 0.5187 
       H7377 12 0.4136 0.2874 0.2991 
