        H102  1 0.2718 0.3610 0.3672 
        H103  1 0.4148 0.2535 0.3316 
        H104  1 0.2530 0.4057 0.3413 
        H105  1 0.2885 0.2890 0.4225 
        H106  1 0.3319 0.3401 0.3280 
        H112  1 0.2725 0.3800 0.3475 
        H113  1 0.2902 0.3097 0.4001 
        H114  1 0.2974 0.2834 0.4192 
        H115  1 0.2381 0.3684 0.3936 
        H143  1 0.2984 0.3062 0.3954 
        H144  1 0.3603 0.2455 0.3942 
        H145  1 0.4225 0.2504 0.3271 
        H149  1 0.2721 0.3970 0.3310 
        H150  1 0.3260 0.3342 0.3398 
     H167542  1 0.2737 0.2889 0.4374 
     H169604  1 0.2956 0.3056 0.3988 
     H169607  1 0.3569 0.2527 0.3904 
     H169608  1 0.2889 0.4220 0.2892 
     H169633  1 0.3359 0.2557 0.4084 
     H169688  1 0.3953 0.2983 0.3063 
     H169714  1 0.3014 0.3978 0.3008 
     H171802  1 0.3194 0.4081 0.2725 
     H171805  1 0.3595 0.2885 0.3520 
     H171807  1 0.3050 0.3468 0.3482 
     H171814  1 0.4372 0.2593 0.3034 
     H171816  1 0.3030 0.3782 0.3188 
     H171817  1 0.2998 0.3604 0.3397 
     H171818  1 0.3228 0.3294 0.3478 
     H171819  1 0.3150 0.3549 0.3302 
     H171834  1 0.2980 0.3325 0.3695 
     H171835  1 0.2780 0.4552 0.2668 
     H171836  1 0.3936 0.2224 0.3840 
     H171837  1 0.2883 0.3725 0.3392 
     H171838  1 0.3849 0.2860 0.3291 
     H171839  1 0.2915 0.3617 0.3468 
     H171841  1 0.3179 0.4356 0.2464 
     H171860  1 0.3056 0.3272 0.3671 
     H171861  1 0.3343 0.2231 0.4426 
     H171862  1 0.3153 0.3322 0.3525 
     H171868  1 0.2605 0.2756 0.4639 
     H171869  1 0.4033 0.3079 0.2888 
     H171870  1 0.3601 0.3346 0.3053 
     H171871  1 0.3868 0.3015 0.3117 
     H171872  1 0.2789 0.3622 0.3589 
     H171873  1 0.3639 0.3565 0.2797 
     H171874  1 0.3338 0.3075 0.3587 
     H171875  1 0.3554 0.2367 0.4079 
     H171876  1 0.3097 0.2964 0.3939 
     H171877  1 0.2649 0.2863 0.4488 
     H171878  1 0.3727 0.3598 0.2675 
     H171901  1 0.3272 0.4072 0.2656 
     H171902  1 0.3795 0.3147 0.3058 
     H171903  1 0.3092 0.3433 0.3475 
     H171935  1 0.3513 0.3868 0.2619 
     H171936  1 0.3320 0.2872 0.3809 
     H171940  1 0.2977 0.3421 0.3602 
     H171945  1 0.3660 0.3183 0.3157 
     H171948  1 0.2694 0.3531 0.3775 
     H171949  1 0.2861 0.4083 0.3056 
     H171950  1 0.2805 0.4734 0.2461 
     H171963  1 0.4035 0.2802 0.3163 
     H171964  1 0.4205 0.2814 0.2981 
     H171966  1 0.3426 0.3225 0.3349 
     H171968  1 0.3338 0.3528 0.3134 
     H171971  1 0.3652 0.3459 0.2889 
     H171972  1 0.3788 0.2882 0.3330 
     H171977  1 0.4159 0.2760 0.3081 
     H171978  1 0.3413 0.3658 0.2929 
     H171979  1 0.3824 0.2377 0.3798 
        H176  1 0.3369 0.2949 0.3681 
        H177  1 0.2654 0.4305 0.3040 
        H179  1 0.2556 0.3867 0.3577 
        H181  1 0.3760 0.2472 0.3768 
        H182  1 0.3751 0.2549 0.3699 
        H183  1 0.4129 0.2767 0.3104 
        H184  1 0.2947 0.3425 0.3628 
        H185  1 0.3713 0.2555 0.3732 
        H186  1 0.3188 0.3600 0.3211 
        H187  1 0.3426 0.3482 0.3092 
        H188  1 0.2623 0.3533 0.3844 
        H192  1 0.3013 0.3803 0.3184 
        H193  1 0.3889 0.2528 0.3584 
        H194  1 0.2974 0.3311 0.3715 
        H195  1 0.4430 0.2634 0.2936 
        H199  1 0.4186 0.2794 0.3020 
        H200  1 0.3195 0.3582 0.3223 
        H414  1 0.3482 0.3236 0.3282 
        H415  1 0.3207 0.3092 0.3701 
        H422  1 0.3531 0.3417 0.3052 
        H423  1 0.2808 0.4344 0.2848 
        H424  1 0.3794 0.2553 0.3654 
        H425  1 0.4102 0.2847 0.3051 
        H426  1 0.4289 0.3078 0.2634 
        H443  1 0.3713 0.2793 0.3493 
        H466  1 0.3130 0.3286 0.3584 
        H467  1 0.3069 0.4215 0.2716 
        H472  1 0.3492 0.2999 0.3510 
        H483  1 0.3289 0.2444 0.4267 
        H504  1 0.4319 0.2702 0.2979 
        H505  1 0.2952 0.3685 0.3362 
        H506  1 0.3520 0.3251 0.3229 
        H507  1 0.3911 0.2345 0.3744 
        H508  1 0.3627 0.3438 0.2935 
        H524  1 0.3838 0.2661 0.3500 
        H525  1 0.3422 0.3038 0.3539 
        H526  1 0.3097 0.2638 0.4265 
        H527  1 0.2892 0.3960 0.3148 
        H528  1 0.3679 0.2623 0.3698 
        H529  1 0.3653 0.2488 0.3859 
        H533  1 0.3585 0.2505 0.3909 
        H538  1 0.2890 0.3389 0.3721 
        H539  1 0.3849 0.3143 0.3008 
        H540  1 0.3192 0.3295 0.3512 
        H541  1 0.2980 0.3132 0.3888 
        H558  1 0.4154 0.3031 0.2815 
        H559  1 0.3108 0.3174 0.3719 
        H579  1 0.3651 0.2789 0.3560 
        H584  1 0.3962 0.2897 0.3141 
        H585  1 0.3484 0.2948 0.3568 
        H605  1 0.3249 0.3216 0.3535 
        H606  1 0.2800 0.4118 0.3082 
        H632  1 0.4072 0.2849 0.3078 
        H634  1 0.3455 0.3075 0.3469 
        H671  1 0.2947 0.4178 0.2874 
        H672  1 0.3518 0.3334 0.3148 
        H673  1 0.3296 0.2777 0.3927 
        H689  1 0.3642 0.2736 0.3622 
        H690  1 0.2626 0.3786 0.3588 
        H691  1 0.2867 0.3271 0.3863 
        H692  1 0.3761 0.2026 0.4213 
        H709  1 0.3289 0.3080 0.3631 
        H710  1 0.3707 0.2310 0.3983 
       H7355  1 0.3197 0.2543 0.4260 
       H7356  1 0.3592 0.3107 0.3302 
       H7357  1 0.2926 0.3227 0.3846 
       H7358  1 0.3603 0.2673 0.3724 
       H7380  1 0.3194 0.2845 0.3961 
       H7381  1 0.3133 0.3929 0.2938 
       H7382  1 0.3455 0.2967 0.3578 
        H904  1 0.2241 0.4969 0.2790 
        H923  1 0.3621 0.3205 0.3174 
        H924  1 0.3091 0.3645 0.3264 
        H925  1 0.3349 0.2897 0.3754 
       H9558  1 0.4395 0.2896 0.2708 
        H008  2 0.3155 0.2307 0.4538 
        H021  2 0.2922 0.3914 0.3164 
        H023  2 0.2747 0.3874 0.3379 
        H024  2 0.4452 0.2471 0.3077 
        H025  2 0.3352 0.3670 0.2979 
        H026  2 0.4321 0.2681 0.2997 
        H027  2 0.3160 0.3131 0.3709 
        H028  2 0.3656 0.2793 0.3551 
        H029  2 0.3744 0.2945 0.3311 
        H030  2 0.4219 0.2687 0.3095 
        H038  2 0.3245 0.3965 0.2789 
        H039  2 0.2482 0.5241 0.2276 
        H040  2 0.3266 0.3928 0.2806 
        H041  2 0.2803 0.2946 0.4250 
        H042  2 0.3143 0.3319 0.3538 
        H043  2 0.3315 0.4303 0.2382 
        H044  2 0.3988 0.2813 0.3199 
        H047  2 0.3466 0.3944 0.2590 
        H050  2 0.4090 0.2914 0.2995 
        H058  2 0.3372 0.3869 0.2759 
        H062  2 0.2998 0.3625 0.3377 
        H063  2 0.2728 0.4190 0.3082 
        H065  2 0.3588 0.3311 0.3101 
        H066  2 0.3899 0.3371 0.2730 
        H067  2 0.3012 0.2888 0.4100 
        H068  2 0.3168 0.4202 0.2630 
        H069  2 0.3894 0.3337 0.2769 
        H071  2 0.2816 0.3972 0.3212 
        H072  2 0.2689 0.4231 0.3080 
        H073  2 0.3477 0.2868 0.3655 
        H081  2 0.2497 0.3058 0.4445 
        H082  2 0.3973 0.2371 0.3656 
        H083  2 0.3958 0.2678 0.3364 
        H084  2 0.3356 0.3736 0.2908 
        H085  2 0.2790 0.2931 0.4279 
        H087  2 0.2557 0.2785 0.4659 
        H088  2 0.2633 0.3897 0.3470 
        H089  2 0.3249 0.2778 0.3973 
        H090  2 0.3936 0.2814 0.3250 
        H091  2 0.3590 0.2663 0.3747 
        H098  2 0.3506 0.2719 0.3775 
      H10001  2 0.2486 0.5271 0.2244 
      H10002  2 0.2517 0.3828 0.3655 
        H101  2 0.4183 0.3067 0.2751 
        H108  2 0.2540 0.3338 0.4122 
        H109  2 0.3478 0.3779 0.2743 
        H110  2 0.2696 0.2653 0.4651 
        H116  2 0.3836 0.3001 0.3163 
        H117  2 0.3053 0.2797 0.4149 
        H118  2 0.4071 0.2222 0.3706 
        H119  2 0.2842 0.3804 0.3354 
        H120  2 0.2362 0.4241 0.3396 
        H121  2 0.3738 0.2762 0.3500 
        H125  2 0.2317 0.5352 0.2330 
        H126  2 0.3915 0.2866 0.3219 
        H128  2 0.5102 0.2008 0.2890 
        H129  2 0.4152 0.2426 0.3422 
        H130  2 0.3600 0.3995 0.2405 
        H133  2 0.2900 0.4643 0.2457 
        H134  2 0.4800 0.2480 0.2720 
        H135  2 0.2776 0.3308 0.3916 
        H137  2 0.3471 0.3040 0.3489 
        H138  2 0.4158 0.2805 0.3037 
        H140  2 0.3450 0.3149 0.3401 
        H146  2 0.3894 0.2890 0.3216 
        H147  2 0.3074 0.2782 0.4144 
        H148  2 0.2829 0.3022 0.4149 
     H166022  2 0.3389 0.2652 0.3959 
     H167359  2 0.3424 0.3205 0.3371 
     H167397  2 0.4125 0.2049 0.3825 
     H167428  2 0.3566 0.2096 0.4338 
     H167496  2 0.2387 0.4193 0.3420 
     H167513  2 0.3773 0.3159 0.3068 
     H167545  2 0.4139 0.2753 0.3107 
     H167547  2 0.4902 0.2448 0.2649 
     H169621  2 0.3670 0.2766 0.3564 
     H169622  2 0.3516 0.2801 0.3683 
     H169750  2 0.3499 0.3846 0.2655 
     H171806  2 0.3580 0.3704 0.2716 
     H171808  2 0.3580 0.3149 0.3271 
     H171809  2 0.2873 0.3124 0.4003 
     H171813  2 0.3926 0.3151 0.2923 
     H171815  2 0.2984 0.4652 0.2364 
     H171824  2 0.2336 0.4177 0.3487 
     H171825  2 0.3283 0.3148 0.3569 
     H171826  2 0.2828 0.3633 0.3539 
     H171827  2 0.3045 0.3624 0.3331 
     H171828  2 0.2249 0.4751 0.3001 
     H171829  2 0.3770 0.3610 0.2619 
     H171830  2 0.3183 0.3288 0.3529 
     H171831  2 0.4217 0.2465 0.3318 
     H171832  2 0.3555 0.2974 0.3471 
     H171863  2 0.4634 0.2472 0.2893 
     H171864  2 0.3185 0.3012 0.3803 
     H171865  2 0.3031 0.4374 0.2595 
     H171879  2 0.3836 0.3229 0.2935 
     H171880  2 0.3547 0.3159 0.3294 
     H171881  2 0.3141 0.2772 0.4087 
     H171882  2 0.2651 0.4475 0.2874 
     H171929  2 0.3174 0.2865 0.3960 
     H171930  2 0.4400 0.2686 0.2914 
     H171933  2 0.3428 0.3080 0.3492 
     H171934  2 0.3132 0.2966 0.3901 
     H171937  2 0.4128 0.2805 0.3066 
     H171962  2 0.3222 0.2824 0.3954 
        H190  2 0.3497 0.2522 0.3981 
        H191  2 0.3502 0.3206 0.3292 
        H396  2 0.3101 0.3122 0.3777 
        H397  2 0.3453 0.2940 0.3607 
        H398  2 0.3487 0.3520 0.2992 
        H400  2 0.3200 0.3211 0.3589 
        H401  2 0.4616 0.2193 0.3190 
        H402  2 0.3286 0.2668 0.4046 
        H427  2 0.2961 0.3000 0.4040 
        H428  2 0.3542 0.2103 0.4355 
        H497  2 0.3446 0.3626 0.2928 
        H512  2 0.3329 0.3316 0.3355 
        H513  2 0.3725 0.3184 0.3091 
        H514  2 0.3676 0.3339 0.2985 
        H519  2 0.3556 0.3261 0.3183 
        H532  2 0.3354 0.2754 0.3892 
        H543  2 0.3341 0.2821 0.3838 
        H544  2 0.4006 0.3179 0.2815 
        H545  2 0.4382 0.2633 0.2984 
        H546  2 0.3361 0.3738 0.2900 
        H547  2 0.4887 0.2455 0.2659 
        H548  2 0.3149 0.2970 0.3880 
        H549  2 0.4342 0.2973 0.2685 
        H620  2 0.2448 0.4714 0.2838 
        H623  2 0.3791 0.2696 0.3514 
        H624  2 0.3804 0.4003 0.2193 
        H625  2 0.3217 0.2829 0.3954 
        H626  2 0.3484 0.3287 0.3229 
        H654  2 0.2626 0.5125 0.2249 
        H655  2 0.2984 0.4158 0.2858 
        H656  2 0.2684 0.4080 0.3236 
        H666  2 0.2906 0.4732 0.2362 
        H667  2 0.3178 0.3103 0.3719 
        H677  2 0.3462 0.2978 0.3560 
        H693  2 0.2407 0.3647 0.3945 
        H694  2 0.3954 0.2518 0.3527 
        H701  2 0.3492 0.2824 0.3684 
        H702  2 0.2923 0.3673 0.3404 
        H731  2 0.2854 0.3792 0.3354 
       H7359  2 0.3428 0.3244 0.3328 
       H7389  2 0.3743 0.3321 0.2936 
       H7390  2 0.2891 0.4539 0.2569 
       H7391  2 0.2491 0.2762 0.4747 
       H7392  2 0.3603 0.3473 0.2924 
       H7393  2 0.3209 0.3818 0.2973 
       H7398  2 0.2735 0.2980 0.4285 
       H7399  2 0.3558 0.2682 0.3760 
       H7400  2 0.2706 0.4799 0.2496 
        H745  2 0.4375 0.2544 0.3082 
        H746  2 0.3661 0.2750 0.3589 
        H747  2 0.3105 0.4143 0.2751 
        H748  2 0.3312 0.3646 0.3042 
       H7484  2 0.2905 0.4001 0.3094 
       H7485  2 0.3876 0.2806 0.3318 
        H749  2 0.3887 0.2785 0.3328 
        H930  2 0.4174 0.2775 0.3050 
        H931  2 0.3061 0.3080 0.3859 
        H932  2 0.3365 0.3573 0.3061 
        H111  3 0.4022 0.2848 0.3130 
        H951  3 0.3906 0.2640 0.3454 
        H952  3 0.3893 0.3445 0.2662 
        H953  3 0.3489 0.2797 0.3714 
        H954  3 0.2776 0.4424 0.2799 
        H955  3 0.3851 0.2953 0.3196 
        H956  3 0.3147 0.3717 0.3136 
       H9563  3 0.2891 0.3570 0.3538 
        H002  4 0.3091 0.4186 0.2723 
        H003  4 0.3286 0.2771 0.3943 
        H009  4 0.4076 0.2946 0.2977 
        H010  4 0.3228 0.3213 0.3559 
        H011  4 0.2489 0.4084 0.3427 
        H012  4 0.3000 0.2609 0.4391 
        H013  4 0.2678 0.3443 0.3879 
        H014  4 0.3265 0.3318 0.3417 
        H045  4 0.2757 0.3296 0.3947 
        H046  4 0.3513 0.2748 0.3739 
        H051  4 0.2626 0.3611 0.3763 
        H052  4 0.3926 0.3451 0.2624 
        H053  4 0.2955 0.3971 0.3074 
        H056  4 0.3333 0.3872 0.2796 
        H076  4 0.3764 0.2625 0.3611 
        H151  4 0.2780 0.4882 0.2338 
        H152  4 0.3364 0.4148 0.2488 
     H171803  4 0.2849 0.4186 0.2966 
     H171804  4 0.2970 0.3673 0.3357 
     H171833  4 0.4186 0.2737 0.3077 
     H171855  4 0.3163 0.4385 0.2451 
     H171856  4 0.3677 0.3455 0.2868 
     H171857  4 0.3177 0.4221 0.2602 
     H171858  4 0.3600 0.3246 0.3154 
     H171859  4 0.3327 0.3498 0.3175 
     H171961  4 0.2895 0.3728 0.3377 
        H198  4 0.3481 0.2649 0.3871 
      H20001  4 0.4332 0.2799 0.2869 
        H403  4 0.3753 0.3377 0.2869 
        H404  4 0.3124 0.2788 0.4088 
        H405  4 0.3353 0.2745 0.3902 
        H406  4 0.4677 0.3052 0.2271 
        H407  4 0.3162 0.3867 0.2971 
        H410  4 0.3943 0.2605 0.3452 
        H411  4 0.4148 0.2874 0.2978 
        H468  4 0.4026 0.3388 0.2586 
        H476  4 0.3435 0.3774 0.2791 
        H477  4 0.4567 0.2981 0.2451 
        H478  4 0.3207 0.2700 0.4093 
        H479  4 0.2965 0.3285 0.3750 
        H480  4 0.4284 0.2703 0.3013 
        H498  4 0.3252 0.3218 0.3530 
        H499  4 0.3311 0.3379 0.3310 
        H500  4 0.2474 0.4416 0.3110 
        H515  4 0.3015 0.3988 0.2997 
        H516  4 0.3659 0.3390 0.2951 
        H517  4 0.3477 0.3358 0.3165 
        H518  4 0.3687 0.3548 0.2765 
        H520  4 0.3072 0.4148 0.2781 
        H521  4 0.3142 0.2827 0.4031 
        H522  4 0.3211 0.3742 0.3047 
        H523  4 0.3213 0.3704 0.3082 
        H536  4 0.3093 0.3126 0.3781 
        H645  4 0.2584 0.3365 0.4050 
        H646  4 0.4235 0.2727 0.3038 
        H647  4 0.3834 0.3269 0.2897 
        H657  4 0.3900 0.2650 0.3449 
        H658  4 0.3115 0.3829 0.3056 
        H659  4 0.2478 0.5194 0.2329 
        H660  4 0.3225 0.3505 0.3270 
        H661  4 0.3372 0.3844 0.2784 
        H668  4 0.3072 0.2817 0.4112 
        H669  4 0.2934 0.3299 0.3768 
        H670  4 0.2495 0.3364 0.4141 
        H678  4 0.3403 0.3524 0.3073 
        H679  4 0.3721 0.2670 0.3609 
        H680  4 0.3724 0.3217 0.3058 
        H681  4 0.2788 0.3653 0.3559 
        H682  4 0.2948 0.3231 0.3822 
        H683  4 0.3728 0.3667 0.2606 
        H718  4 0.3070 0.4048 0.2882 
        H719  4 0.2686 0.3155 0.4159 
        H720  4 0.3682 0.2994 0.3324 
        H721  4 0.3732 0.3359 0.2909 
        H722  4 0.3795 0.3701 0.2504 
        H723  4 0.2722 0.3830 0.3448 
        H724  4 0.2654 0.4848 0.2498 
        H725  4 0.2813 0.4382 0.2805 
        H726  4 0.2968 0.4052 0.2980 
        H727  4 0.2657 0.3842 0.3501 
        H910  4 0.2818 0.3730 0.3452 
        H911  4 0.3832 0.2966 0.3202 
        H912  4 0.3473 0.3651 0.2876 
        H913  4 0.3126 0.4235 0.2638 
        H914  4 0.2541 0.4294 0.3165 
        H915  4 0.3297 0.3656 0.3047 
        H916  4 0.3927 0.3449 0.2623 
       H9572  4 0.3296 0.3207 0.3497 
        H015  5 0.3860 0.2689 0.3451 
        H016  5 0.4088 0.2848 0.3064 
        H017  5 0.3941 0.3529 0.2530 
        H019  5 0.3611 0.2812 0.3577 
        H020  5 0.3391 0.3597 0.3012 
        H032  5 0.3472 0.3638 0.2890 
        H033  5 0.2864 0.2892 0.4245 
        H034  5 0.2582 0.3901 0.3517 
        H035  5 0.3425 0.3521 0.3054 
        H036  5 0.3445 0.3082 0.3473 
        H037  5 0.2797 0.4300 0.2903 
        H048  5 0.2618 0.3958 0.3424 
        H049  5 0.3761 0.3216 0.3024 
        H054  5 0.3174 0.3334 0.3492 
        H055  5 0.3095 0.3557 0.3348 
        H057  5 0.3793 0.3349 0.2859 
        H060  5 0.3334 0.3768 0.2898 
        H061  5 0.3459 0.2958 0.3583 
        H064  5 0.3116 0.3544 0.3340 
        H070  5 0.2723 0.3661 0.3616 
        H077  5 0.3067 0.4073 0.2859 
        H078  5 0.3286 0.4201 0.2513 
        H079  5 0.3323 0.2652 0.4025 
        H097  5 0.3915 0.3752 0.2334 
        H107  5 0.2197 0.4684 0.3119 
        H122  5 0.3885 0.3208 0.2908 
        H123  5 0.3865 0.2989 0.3146 
        H124  5 0.3582 0.2901 0.3516 
        H131  5 0.3580 0.2902 0.3518 
        H132  5 0.3103 0.3436 0.3461 
        H141  5 0.3210 0.3680 0.3110 
        H142  5 0.3603 0.2656 0.3741 
        H157  5 0.2743 0.4030 0.3227 
        H158  5 0.4327 0.3030 0.2643 
        H159  5 0.3897 0.2437 0.3666 
        H160  5 0.3764 0.3297 0.2939 
        H163  5 0.3443 0.2947 0.3610 
        H164  5 0.3264 0.2890 0.3846 
        H165  5 0.3231 0.2494 0.4276 
        H166  5 0.3510 0.2902 0.3588 
        H169  5 0.3015 0.3480 0.3505 
     H169613  5 0.3386 0.3500 0.3114 
     H169653  5 0.3256 0.2881 0.3863 
     H169728  5 0.3573 0.3010 0.3417 
     H169742  5 0.2815 0.3377 0.3808 
        H170  5 0.4173 0.3039 0.2788 
        H171  5 0.3991 0.2979 0.3030 
     H171851  5 0.3511 0.3157 0.3332 
     H171852  5 0.3316 0.3997 0.2687 
     H171853  5 0.2846 0.3536 0.3618 
     H171854  5 0.3466 0.3416 0.3118 
     H171938  5 0.2592 0.3285 0.4124 
     H171939  5 0.4189 0.2878 0.2933 
     H171941  5 0.2585 0.4121 0.3294 
     H171965  5 0.3492 0.2820 0.3688 
     H171970  5 0.2615 0.4265 0.3120 
     H171973  5 0.3087 0.2804 0.4109 
     H171974  5 0.2884 0.3437 0.3679 
     H171975  5 0.2920 0.3313 0.3768 
     H171976  5 0.4193 0.3287 0.2520 
        H175  5 0.2699 0.3944 0.3357 
        H178  5 0.3010 0.3364 0.3626 
        H189  5 0.3996 0.2550 0.3453 
        H399  5 0.4343 0.3061 0.2596 
        H416  5 0.3207 0.3603 0.3190 
        H438  5 0.2727 0.3264 0.4009 
        H450  5 0.2897 0.4189 0.2913 
        H455  5 0.2470 0.4016 0.3514 
        H456  5 0.2963 0.3383 0.3654 
        H457  5 0.3408 0.3859 0.2734 
        H458  5 0.2889 0.3904 0.3207 
        H459  5 0.3527 0.2883 0.3591 
        H460  5 0.3214 0.3643 0.3144 
        H461  5 0.4038 0.3288 0.2674 
        H462  5 0.3370 0.2728 0.3902 
        H469  5 0.3499 0.2577 0.3923 
        H470  5 0.3086 0.3493 0.3421 
        H471  5 0.4467 0.2741 0.2792 
        H481  5 0.2677 0.4765 0.2558 
        H482  5 0.3193 0.3777 0.3030 
        H501  5 0.2852 0.3493 0.3654 
        H502  5 0.3905 0.2592 0.3504 
        H503  5 0.3776 0.2936 0.3288 
        H509  5 0.2765 0.3846 0.3389 
        H510  5 0.3152 0.2913 0.3936 
        H511  5 0.3666 0.2907 0.3427 
        H530  5 0.2745 0.3650 0.3605 
        H531  5 0.3387 0.4133 0.2480 
        H564  5 0.3188 0.3574 0.3238 
        H565  5 0.2994 0.4357 0.2649 
        H567  5 0.4272 0.2524 0.3204 
     H568???  5 0.4065 0.2908 0.3028 
        H608  5 0.2835 0.4229 0.2936 
        H609  5 0.2727 0.2988 0.4285 
        H612  5 0.2360 0.4534 0.3105 
        H614  5 0.2910 0.4649 0.2441 
        H615  5 0.3318 0.4122 0.2560 
        H616  5 0.2259 0.4756 0.2985 
        H617  5 0.3380 0.2698 0.3922 
        H618  5 0.2723 0.4056 0.3221 
        H619  5 0.3022 0.2625 0.4354 
        H635  5 0.3092 0.3158 0.3749 
        H636  5 0.2732 0.2795 0.4473 
        H637  5 0.3169 0.3351 0.3480 
        H644  5 0.4716 0.2123 0.3161 
        H711  5 0.4104 0.3105 0.2791 
        H712  5 0.2640 0.3636 0.3724 
       H7360  5 0.3553 0.3358 0.3089 
       H7361  5 0.2944 0.3892 0.3164 
       H7362  5 0.4390 0.2354 0.3256 
       H7363  5 0.3567 0.3680 0.2753 
       H7394  5 0.3541 0.2964 0.3495 
       H7395  5 0.3021 0.3195 0.3784 
       H7396  5 0.3149 0.3619 0.3232 
        H742  5 0.2770 0.3401 0.3828 
        H743  5 0.3601 0.3388 0.3011 
        H744  5 0.2696 0.4558 0.2746 
        H957  5 0.3668 0.3315 0.3017 
        H958  5 0.3678 0.3085 0.3237 
        H959  5 0.2446 0.4060 0.3493 
        H960  5 0.3283 0.3314 0.3403 
      H_PALI  6 0.3217 0.3171 0.3611 
        H581  6 0.3384 0.3878 0.2738 
        H582  6 0.3071 0.4139 0.2790 
        H583  6 0.3389 0.3617 0.2994 
        H595  6 0.4100 0.2677 0.3223 
        H596  6 0.4030 0.2569 0.3401 
        H597  6 0.4103 0.2556 0.3341 
        H598  6 0.2896 0.3433 0.3671 
        H599  6 0.2841 0.3857 0.3302 
        H642  6 0.4283 0.2925 0.2792 
        H643  6 0.3124 0.3419 0.3457 
        H664  6 0.3509 0.4313 0.2178 
        H665  6 0.2666 0.3083 0.4252 
        H674  6 0.4842 0.2316 0.2841 
        H675  6 0.3528 0.3893 0.2579 
        H676  6 0.3954 0.2765 0.3281 
        H686  6 0.3478 0.3126 0.3396 
        H687  6 0.3412 0.3570 0.3017 
        H917  6 0.3221 0.2479 0.4300 
        H918  6 0.2928 0.2755 0.4317 
        H919  6 0.2480 0.4170 0.3350 
        H920  6 0.2972 0.3672 0.3356 
        H631  7 0.3021 0.3744 0.3235 
        H684  7 0.3983 0.2660 0.3357 
        H685  7 0.3109 0.4706 0.2185 
        H713  7 0.2716 0.4299 0.2985 
        H715  7 0.3897 0.2949 0.3154 
        H716  7 0.2924 0.3365 0.3711 
        H717  7 0.3224 0.3304 0.3471 
        H729  7 0.3122 0.2514 0.4364 
        H730  7 0.2809 0.3307 0.3884 
        H431  8 0.2951 0.4159 0.2890 
        H432  8 0.4061 0.2294 0.3645 
        H433  8 0.2963 0.2925 0.4112 
        H434  8 0.3369 0.3093 0.3538 
        H444  8 0.2875 0.2587 0.4539 
        H454  8 0.2525 0.4020 0.3455 
        H475  8 0.2719 0.4451 0.2830 
        H491  8 0.3047 0.3468 0.3484 
        H492  8 0.2814 0.4080 0.3106 
        H493  8 0.3496 0.3375 0.3130 
        H494  8 0.3261 0.3281 0.3458 
        H495  8 0.3614 0.4181 0.2206 
        H662  8 0.3961 0.3067 0.2972 
        H663  8 0.3207 0.3324 0.3469 
        H695  8 0.2917 0.3598 0.3485 
       H7367  8 0.3610 0.2684 0.3707 
       H7368  8 0.3450 0.2912 0.3638 
       H7369  8 0.2885 0.3049 0.4066 
       H7370  8 0.4144 0.2634 0.3222 
       H7371  8 0.2988 0.3210 0.3802 
        H600  9 0.2902 0.3973 0.3124 
        H648  9 0.3556 0.3171 0.3272 
        H696  9 0.4830 0.2265 0.2905 
        H697  9 0.3368 0.3071 0.3561 
        H698  9 0.3838 0.2925 0.3237 
        H699  9 0.3316 0.3150 0.3534 
        H700  9 0.2787 0.3859 0.3354 
        H732  9 0.3079 0.4340 0.2580 
        H733  9 0.3599 0.2705 0.3696 
        H734  9 0.4180 0.2768 0.3052 
        H735  9 0.3873 0.2924 0.3203 
        H736  9 0.3368 0.3594 0.3038 
        H737  9 0.3265 0.3870 0.2866 
        H905  9 0.2652 0.3796 0.3551 
        H921  9 0.2678 0.3632 0.3690 
        H922  9 0.3644 0.2358 0.3999 
     H169705 10 0.3499 0.3302 0.3198 
     H171942 10 0.3869 0.2193 0.3937 
     H171943 10 0.3778 0.3372 0.2850 
     H171944 10 0.3149 0.3569 0.3282 
     H171946 10 0.3525 0.4203 0.2272 
     H171947 10 0.3448 0.2960 0.3591 
     H229641 10 0.3489 0.3288 0.3223 
      H30001 10 0.2817 0.3426 0.3756 
      H30002 10 0.3088 0.3518 0.3393 
      H30005 10 0.3321 0.3284 0.3395 
      H30006 10 0.4153 0.2815 0.3032 
      H30007 10 0.4936 0.2602 0.2462 
        H451 10 0.3183 0.2439 0.4379 
        H452 10 0.4049 0.3228 0.2723 
        H453 10 0.2994 0.4420 0.2586 
        H473 10 0.3300 0.3370 0.3330 
        H474 10 0.2979 0.4752 0.2268 
        H486 10 0.3064 0.3716 0.3220 
        H487 10 0.3215 0.3795 0.2991 
        H488 10 0.2569 0.3161 0.4270 
        H489 10 0.2767 0.4424 0.2809 
        H550 10 0.4070 0.3233 0.2697 
        H551 10 0.2840 0.3451 0.3709 
        H553 10 0.3181 0.4205 0.2615 
        H554 10 0.3439 0.2710 0.3851 
        H556 10 0.3648 0.3565 0.2787 
        H580 10 0.3393 0.3044 0.3562 
        H591 10 0.2615 0.4666 0.2719 
        H592 10 0.3061 0.3878 0.3060 
        H593 10 0.3379 0.2951 0.3670 
        H594 10 0.4114 0.2358 0.3528 
        H627 10 0.3662 0.3428 0.2909 
        H628 10 0.3122 0.2149 0.4728 
        H629 10 0.3801 0.3378 0.2821 
        H630 10 0.3690 0.3634 0.2676 
        H638 10 0.3486 0.3128 0.3386 
        H639 10 0.3333 0.3997 0.2670 
        H640 10 0.3886 0.2953 0.3161 
        H704 10 0.3983 0.2724 0.3293 
        H705 10 0.3448 0.3323 0.3230 
        H706 10 0.2474 0.3870 0.3656 
        H708 10 0.2819 0.4631 0.2550 
       H7351 10 0.3434 0.3219 0.3347 
       H7352 10 0.3304 0.3513 0.3184 
       H7353 10 0.4213 0.2825 0.2962 
       H7354 10 0.2855 0.3724 0.3421 
       H7365 10 0.2736 0.4296 0.2968 
       H7383 10 0.2683 0.3654 0.3662 
       H7384 10 0.2837 0.3845 0.3318 
       H7385 10 0.2847 0.4044 0.3109 
       H7386 10 0.3037 0.3005 0.3958 
       H7387 10 0.3124 0.3348 0.3528 
       H7388 10 0.3461 0.3392 0.3147 
        H906 10 0.3109 0.3556 0.3335 
        H907 10 0.3836 0.2773 0.3391 
        H908 10 0.2998 0.3220 0.3782 
        H909 10 0.2888 0.3242 0.3870 
       H9552 10 0.3398 0.3386 0.3217 
       H9553 10 0.3289 0.3852 0.2859 
       H9555 10 0.3272 0.3016 0.3713 
       H9575 10 0.3074 0.4336 0.2590 
       H9703 10 0.2796 0.4726 0.2478 
       H9707 10 0.3019 0.4035 0.2946 
       HSAA4 10 0.3386 0.3050 0.3564 
        H001 11 0.2918 0.3635 0.3446 
        H004 11 0.3455 0.3160 0.3385 
        H005 11 0.2379 0.4254 0.3368 
        H006 11 0.2933 0.3499 0.3568 
        H007 11 0.2434 0.3718 0.3849 
        H031 11 0.2393 0.4809 0.2798 
        H074 11 0.3092 0.4132 0.2776 
        H075 11 0.2578 0.4250 0.3171 
        H080 11 0.2716 0.4136 0.3148 
        H086 11 0.3347 0.3658 0.2995 
        H092 11 0.3066 0.3790 0.3143 
        H093 11 0.4105 0.2313 0.3581 
        H094 11 0.3708 0.3323 0.2969 
        H095 11 0.2997 0.4048 0.2955 
        H096 11 0.2635 0.3384 0.3981 
        H099 11 0.2952 0.3790 0.3258 
        H100 11 0.3811 0.2633 0.3556 
        H127 11 0.3062 0.3670 0.3268 
        H136 11 0.2827 0.4529 0.2645 
        H153 11 0.3491 0.3018 0.3490 
        H154 11 0.2939 0.4515 0.2547 
        H155 11 0.3019 0.2337 0.4644 
        H156 11 0.3338 0.2245 0.4418 
        H161 11 0.3761 0.3024 0.3215 
        H162 11 0.3970 0.2616 0.3414 
        H167 11 0.3138 0.3036 0.3826 
        H168 11 0.3148 0.3237 0.3615 
     H169586 11 0.3792 0.4065 0.2144 
     H169738 11 0.3273 0.2577 0.4150 
     H169741 11 0.2910 0.4488 0.2602 
     H171801 11 0.3671 0.2635 0.3695 
     H171810 11 0.3049 0.4160 0.2791 
     H171811 11 0.3256 0.4290 0.2454 
     H171812 11 0.2693 0.3387 0.3920 
     H171820 11 0.3024 0.4164 0.2812 
     H171821 11 0.3374 0.2937 0.3690 
     H171822 11 0.3331 0.3203 0.3465 
     H171823 11 0.3513 0.3878 0.2609 
     H171866 11 0.3886 0.2688 0.3426 
     H171867 11 0.2801 0.2700 0.4499 
     H171967 11 0.2586 0.3983 0.3431 
     H171969 11 0.3219 0.3283 0.3498 
        H172 11 0.3158 0.3243 0.3599 
        H173 11 0.2629 0.3193 0.4177 
        H174 11 0.4219 0.2658 0.3123 
        H196 11 0.3607 0.2774 0.3619 
        H197 11 0.2983 0.2877 0.4140 
        H346 11 0.2679 0.3451 0.3870 
        H355 11 0.3079 0.3472 0.3448 
        H356 11 0.3265 0.3693 0.3043 
        H357 11 0.2878 0.3695 0.3427 
        H358 11 0.2782 0.3387 0.3830 
        H359 11 0.3490 0.3471 0.3039 
        H360 11 0.2858 0.3543 0.3599 
        H361 11 0.3212 0.3151 0.3637 
        H362 11 0.3714 0.2378 0.3908 
        H363 11 0.2629 0.4417 0.2954 
        H364 11 0.3445 0.3577 0.2978 
        H365 11 0.3530 0.2962 0.3509 
        H366 11 0.3362 0.2723 0.3915 
        H367 11 0.3027 0.4176 0.2797 
        H368 11 0.4095 0.3015 0.2890 
        H369 11 0.2447 0.4429 0.3124 
        H370 11 0.3417 0.2974 0.3609 
        H371 11 0.3446 0.3436 0.3118 
        H372 11 0.3250 0.3372 0.3378 
        H373 11 0.3099 0.3394 0.3507 
        H374 11 0.2729 0.3864 0.3407 
        H375 11 0.2717 0.3303 0.3981 
        H376 11 0.3581 0.2858 0.3561 
        H377 11 0.2865 0.3656 0.3479 
        H378 11 0.3167 0.3777 0.3055 
        H379 11 0.3376 0.3329 0.3296 
        H380 11 0.2946 0.2613 0.4441 
        H381 11 0.3364 0.3949 0.2687 
        H382 11 0.3690 0.2295 0.4015 
        H383 11 0.3523 0.2593 0.3884 
        H384 11 0.3073 0.4310 0.2617 
        H385 11 0.3143 0.3927 0.2930 
        H386 11 0.2629 0.3059 0.4313 
        H387 11 0.4019 0.3530 0.2450 
        H388 11 0.3836 0.2477 0.3687 
        H389 11 0.2696 0.3193 0.4111 
        H390 11 0.3232 0.2999 0.3770 
        H391 11 0.4229 0.3224 0.2546 
        H392 11 0.2630 0.4073 0.3297 
        H393 11 0.3887 0.2351 0.3762 
        H394 11 0.4566 0.2478 0.2955 
        H395 11 0.2757 0.4180 0.3063 
        H408 11 0.2721 0.3358 0.3921 
        H412 11 0.3564 0.4535 0.1902 
        H417 11 0.2941 0.4047 0.3012 
        H418 11 0.3831 0.3613 0.2556 
        H429 11 0.3036 0.2992 0.3971 
        H430 11 0.3210 0.2622 0.4168 
        H439 11 0.2896 0.3637 0.3467 
        H440 11 0.2792 0.4406 0.2802 
        H441 11 0.3462 0.2778 0.3760 
        H442 11 0.3449 0.2971 0.3580 
        H446 11 0.3287 0.3498 0.3215 
        H447 11 0.3058 0.2844 0.4097 
        H448 11 0.2958 0.2876 0.4167 
        H534 11 0.2805 0.4709 0.2486 
        H537 11 0.2938 0.4120 0.2942 
        H568 11 0.2818 0.4570 0.2613 
        H569 11 0.3535 0.2200 0.4266 
        H586 11 0.3958 0.3968 0.2073 
        H587 11 0.2517 0.4771 0.2712 
        H588 11 0.4258 0.2631 0.3111 
        H589 11 0.2773 0.4547 0.2681 
        H590 11 0.3060 0.3914 0.3026 
        H601 11 0.3775 0.2429 0.3797 
        H602 11 0.3113 0.3744 0.3143 
        H603 11 0.2937 0.2605 0.4458 
        H610 11 0.3086 0.3695 0.3219 
        H611 11 0.3211 0.4078 0.2711 
        H649 11 0.3216 0.3187 0.3597 
        H650 11 0.4145 0.3101 0.2754 
        H651 11 0.2840 0.3096 0.4064 
        H652 11 0.3460 0.3611 0.2929 
       H7364 11 0.3370 0.3031 0.3599 
       H7366 11 0.2933 0.3288 0.3779 
       H7378 11 0.5369 0.2012 0.2619 
       H7379 11 0.3287 0.3421 0.3292 
        H739 11 0.3037 0.4212 0.2751 
        H740 11 0.3840 0.3089 0.3072 
        H741 11 0.2868 0.4499 0.2633 
        H926 11 0.3715 0.2923 0.3362 
        H927 11 0.3485 0.3131 0.3384 
        H928 11 0.3512 0.3650 0.2838 
       H9560 11 0.3716 0.3533 0.2751 
        H409 12 0.3017 0.2436 0.4546 
        H413 12 0.4625 0.2467 0.2908 
        H419 12 0.3014 0.3041 0.3944 
        H420 12 0.3013 0.3538 0.3450 
        H421 12 0.3834 0.2488 0.3678 
        H435 12 0.3633 0.2687 0.3680 
        H436 12 0.2835 0.3272 0.3894 
        H437 12 0.3046 0.4091 0.2862 
        H445 12 0.2948 0.2689 0.4363 
        H449 12 0.3883 0.3136 0.2981 
        H463 12 0.3101 0.3685 0.3214 
        H464 12 0.4056 0.2478 0.3466 
        H465 12 0.4370 0.3245 0.2385 
        H490 12 0.3922 0.2712 0.3367 
        H561 12 0.3426 0.3294 0.3280 
        H562 12 0.2522 0.3192 0.4286 
        H563 12 0.2862 0.3585 0.3553 
        H570 12 0.2603 0.3776 0.3622 
        H571 12 0.3887 0.3246 0.2867 
        H572 12 0.3114 0.3273 0.3613 
        H573 12 0.3245 0.2613 0.4142 
       H7372 12 0.3359 0.2408 0.4233 
       H7373 12 0.4437 0.2844 0.2719 
       H7374 12 0.2872 0.3583 0.3545 
       H7375 12 0.2873 0.3764 0.3363 
       H7376 12 0.2749 0.2265 0.4986 
       H7377 12 0.2985 0.4112 0.2903 
