        H102  1 0.1966 0.2038 0.2326 0.3670 
        H103  1 0.2919 0.3083 0.1607 0.2391 
        H104  1 0.2317 0.1920 0.3038 0.2725 
        H105  1 0.2381 0.2138 0.2290 0.3191 
        H106  1 0.2901 0.2370 0.2461 0.2268 
        H112  1 0.2301 0.2063 0.3031 0.2605 
        H113  1 0.2607 0.2090 0.2388 0.2915 
        H114  1 0.2774 0.2105 0.1953 0.3169 
        H115  1 0.2144 0.1760 0.2487 0.3610 
        H143  1 0.2088 0.2305 0.2050 0.3556 
        H144  1 0.2177 0.3262 0.1730 0.2832 
        H145  1 0.2452 0.3083 0.1723 0.2741 
        H149  1 0.2236 0.2182 0.2976 0.2606 
        H150  1 0.2257 0.2541 0.2552 0.2651 
     H167542  1 0.2428 0.2123 0.1980 0.3469 
     H169604  1 0.2369 0.2270 0.2196 0.3165 
     H169607  1 0.2354 0.2741 0.1835 0.3070 
     H169608  1 0.1867 0.2166 0.3198 0.2769 
     H169633  1 0.2981 0.2419 0.1785 0.2815 
     H169688  1 0.2760 0.3228 0.1933 0.2078 
     H169714  1 0.2313 0.2284 0.2967 0.2437 
     H171802  1 0.2693 0.2161 0.3353 0.1794 
     H171805  1 0.2716 0.2674 0.1951 0.2659 
     H171807  1 0.2142 0.2484 0.3075 0.2299 
     H171814  1 0.2593 0.3467 0.1788 0.2152 
     H171816  1 0.2319 0.2348 0.3101 0.2233 
     H171817  1 0.2530 0.2168 0.2760 0.2542 
     H171818  1 0.3011 0.2249 0.2299 0.2441 
     H171819  1 0.2494 0.2299 0.2757 0.2450 
     H171834  1 0.2189 0.2325 0.2359 0.3127 
     H171835  1 0.2037 0.2110 0.3693 0.2160 
     H171836  1 0.3569 0.2532 0.1465 0.2434 
     H171837  1 0.2192 0.2189 0.2666 0.2953 
     H171838  1 0.2920 0.2678 0.2249 0.2154 
     H171839  1 0.2314 0.2069 0.2665 0.2952 
     H171841  1 0.1899 0.2337 0.4018 0.1746 
     H171860  1 0.2367 0.2151 0.2530 0.2952 
     H171861  1 0.2973 0.2427 0.1460 0.3141 
     H171862  1 0.2336 0.2435 0.2334 0.2896 
     H171868  1 0.2146 0.1924 0.2045 0.3885 
     H171869  1 0.2592 0.3153 0.2154 0.2102 
     H171870  1 0.2719 0.2790 0.2328 0.2163 
     H171871  1 0.3149 0.2745 0.2016 0.2089 
     H171872  1 0.2333 0.2038 0.2660 0.2968 
     H171873  1 0.2420 0.3002 0.2465 0.2113 
     H171874  1 0.2193 0.2738 0.1992 0.3076 
     H171875  1 0.2424 0.2788 0.1649 0.3139 
     H171876  1 0.2585 0.2353 0.1951 0.3110 
     H171877  1 0.2454 0.1945 0.2082 0.3519 
     H171878  1 0.2345 0.2849 0.3001 0.1806 
     H171901  1 0.3018 0.2261 0.2925 0.1796 
     H171902  1 0.2044 0.2980 0.2371 0.2604 
     H171903  1 0.2520 0.2285 0.2220 0.2974 
     H171935  1 0.2657 0.2521 0.3087 0.1735 
     H171936  1 0.2897 0.2339 0.1911 0.2853 
     H171940  1 0.1969 0.2313 0.2987 0.2731 
     H171945  1 0.2340 0.2791 0.2464 0.2405 
     H171948  1 0.2305 0.2064 0.3023 0.2608 
     H171949  1 0.2105 0.2149 0.3652 0.2094 
     H171950  1 0.2214 0.2161 0.3347 0.2279 
     H171963  1 0.2964 0.3017 0.1913 0.2106 
     H171964  1 0.1770 0.3740 0.2242 0.2248 
     H171966  1 0.2565 0.2500 0.2707 0.2228 
     H171968  1 0.1919 0.2663 0.2499 0.2919 
     H171971  1 0.3000 0.2642 0.2540 0.1818 
     H171972  1 0.2585 0.2989 0.1980 0.2446 
     H171977  1 0.2425 0.3229 0.1882 0.2464 
     H171978  1 0.2313 0.2657 0.2920 0.2109 
     H171979  1 0.3190 0.2673 0.1762 0.2375 
        H176  1 0.2267 0.2452 0.2258 0.3022 
        H177  1 0.2302 0.2041 0.3165 0.2492 
        H179  1 0.2224 0.1885 0.3085 0.2807 
        H181  1 0.2749 0.2830 0.2130 0.2291 
        H182  1 0.2788 0.2512 0.1627 0.3072 
        H183  1 0.2758 0.3165 0.2226 0.1851 
        H184  1 0.2423 0.2078 0.2913 0.2585 
        H185  1 0.2700 0.2730 0.2014 0.2555 
        H186  1 0.1725 0.2835 0.2701 0.2739 
        H187  1 0.3249 0.2428 0.2289 0.2035 
        H188  1 0.2259 0.2026 0.3017 0.2698 
        H192  1 0.2202 0.2225 0.3291 0.2281 
        H193  1 0.2668 0.2757 0.1690 0.2885 
        H194  1 0.2401 0.2194 0.2500 0.2905 
        H195  1 0.2401 0.3617 0.1955 0.2028 
        H199  1 0.2477 0.3223 0.2147 0.2153 
        H200  1 0.2369 0.2340 0.2974 0.2318 
        H414  1 0.3018 0.2621 0.1947 0.2414 
        H415  1 0.2767 0.2398 0.1979 0.2856 
        H422  1 0.2039 0.2860 0.2415 0.2686 
        H423  1 0.1953 0.2010 0.4178 0.1859 
        H424  1 0.2835 0.2992 0.1842 0.2331 
        H425  1 0.2343 0.3350 0.1923 0.2383 
        H426  1 0.2393 0.3537 0.2263 0.1807 
        H443  1 0.1780 0.3257 0.1869 0.3094 
        H466  1 0.2599 0.2447 0.2419 0.2535 
        H467  1 0.1846 0.2422 0.3590 0.2142 
        H472  1 0.2656 0.2524 0.2527 0.2293 
        H483  1 0.2367 0.2615 0.1971 0.3048 
        H504  1 0.2538 0.3339 0.1909 0.2214 
        H505  1 0.2644 0.2290 0.2758 0.2308 
        H506  1 0.2323 0.2767 0.2510 0.2399 
        H507  1 0.3358 0.2645 0.1520 0.2476 
        H508  1 0.2790 0.2626 0.2505 0.2080 
        H524  1 0.3347 0.2612 0.1727 0.2315 
        H525  1 0.2238 0.2746 0.2027 0.2989 
        H526  1 0.2198 0.2245 0.2086 0.3470 
        H527  1 0.2508 0.2315 0.2804 0.2373 
        H528  1 0.2480 0.2813 0.1870 0.2836 
        H529  1 0.2892 0.2749 0.1546 0.2813 
        H533  1 0.3917 0.2273 0.1439 0.2371 
        H538  1 0.2462 0.2183 0.2662 0.2692 
        H539  1 0.2992 0.2865 0.1942 0.2202 
        H540  1 0.2624 0.2283 0.2436 0.2658 
        H541  1 0.2390 0.2353 0.2190 0.3066 
        H558  1 0.2780 0.3040 0.2300 0.1880 
        H559  1 0.1933 0.2458 0.2345 0.3264 
        H579  1 0.2279 0.2776 0.2044 0.2901 
        H584  1 0.2396 0.3046 0.2160 0.2398 
        H585  1 0.2864 0.2724 0.2085 0.2327 
        H605  1 0.2503 0.2502 0.2164 0.2830 
        H606  1 0.1860 0.2182 0.3045 0.2913 
        H632  1 0.2057 0.3378 0.2022 0.2543 
        H634  1 0.2623 0.2671 0.2024 0.2682 
        H671  1 0.2136 0.2201 0.3428 0.2236 
        H672  1 0.3079 0.2622 0.2065 0.2234 
        H673  1 0.2064 0.2850 0.2143 0.2942 
        H689  1 0.2133 0.2735 0.2206 0.2926 
        H690  1 0.2319 0.1926 0.2443 0.3312 
        H691  1 0.2312 0.2073 0.2190 0.3426 
        H692  1 0.3121 0.2864 0.1441 0.2573 
        H709  1 0.2722 0.2406 0.2013 0.2860 
        H710  1 0.2505 0.2984 0.1716 0.2795 
       H7355  1 0.2444 0.2068 0.1818 0.3671 
       H7356  1 0.2350 0.2812 0.2335 0.2504 
       H7357  1 0.2511 0.2120 0.2324 0.3046 
       H7358  1 0.2787 0.2629 0.2002 0.2582 
       H7380  1 0.2137 0.2518 0.2083 0.3261 
       H7381  1 0.2213 0.2579 0.3099 0.2109 
       H7382  1 0.2344 0.2611 0.2066 0.2979 
        H904  1 0.1700 0.1732 0.3973 0.2595 
        H923  1 0.2356 0.2678 0.2632 0.2335 
        H924  1 0.2316 0.2472 0.2769 0.2443 
        H925  1 0.2612 0.2371 0.1957 0.3061 
       H9558  1 0.2690 0.3229 0.2227 0.1853 
        H008  2 0.2950 0.2332 0.1850 0.2869 
        H021  2 0.2249 0.2199 0.3025 0.2527 
        H023  2 0.2310 0.2105 0.2587 0.2997 
        H024  2 0.3179 0.3092 0.1891 0.1837 
        H025  2 0.2137 0.2664 0.3322 0.1878 
        H026  2 0.2459 0.3484 0.2013 0.2044 
        H027  2 0.2839 0.2335 0.2098 0.2727 
        H028  2 0.2544 0.2797 0.2102 0.2557 
        H029  2 0.2892 0.2739 0.2061 0.2308 
        H030  2 0.2817 0.3231 0.1936 0.2016 
        H038  2 0.2340 0.2550 0.2898 0.2212 
        H039  2 0.1629 0.1732 0.4884 0.1755 
        H040  2 0.2914 0.2379 0.2587 0.2120 
        H041  2 0.2590 0.2069 0.2378 0.2963 
        H042  2 0.2494 0.2289 0.2660 0.2556 
        H043  2 0.2301 0.2546 0.3331 0.1822 
        H044  2 0.3418 0.2572 0.2059 0.1951 
        H047  2 0.2114 0.2620 0.3268 0.1998 
        H050  2 0.3148 0.2866 0.1865 0.2121 
        H058  2 0.3025 0.2351 0.2804 0.1820 
        H062  2 0.1973 0.2249 0.2905 0.2873 
        H063  2 0.2531 0.2017 0.3286 0.2166 
        H065  2 0.2006 0.3115 0.2496 0.2382 
        H066  2 0.3088 0.2726 0.2383 0.1803 
        H067  2 0.2270 0.2353 0.2114 0.3263 
        H068  2 0.2497 0.2254 0.3440 0.1809 
        H069  2 0.2955 0.2899 0.2255 0.1890 
        H071  2 0.2142 0.2275 0.2956 0.2627 
        H072  2 0.2241 0.1950 0.3748 0.2061 
        H073  2 0.2337 0.2716 0.2100 0.2847 
        H081  2 0.2341 0.1860 0.2479 0.3321 
        H082  2 0.3172 0.2970 0.1736 0.2122 
        H083  2 0.2510 0.3207 0.1923 0.2360 
        H084  2 0.3179 0.2251 0.2624 0.1946 
        H085  2 0.2420 0.2040 0.2293 0.3247 
        H087  2 0.1948 0.1876 0.2373 0.3803 
        H088  2 0.2473 0.1978 0.2989 0.2559 
        H089  2 0.2692 0.2350 0.1902 0.3056 
        H090  2 0.2808 0.2913 0.2136 0.2143 
        H091  2 0.2908 0.2622 0.1739 0.2732 
        H098  2 0.3281 0.2377 0.2156 0.2187 
      H10001  2 0.1669 0.1810 0.4691 0.1830 
      H10002  2 0.2192 0.1943 0.2489 0.3376 
        H101  2 0.3708 0.2669 0.2054 0.1569 
        H108  2 0.1791 0.2048 0.3040 0.3121 
        H109  2 0.3063 0.2419 0.2685 0.1833 
        H110  2 0.2353 0.1975 0.1794 0.3877 
        H116  2 0.2630 0.2903 0.2067 0.2400 
        H117  2 0.2865 0.2179 0.2245 0.2711 
        H118  2 0.2256 0.3282 0.1620 0.2842 
        H119  2 0.2019 0.2169 0.2877 0.2935 
        H120  2 0.1724 0.1751 0.3928 0.2596 
        H121  2 0.2763 0.2836 0.1933 0.2468 
        H125  2 0.1713 0.1660 0.4834 0.1793 
        H126  2 0.2253 0.3147 0.2344 0.2255 
        H128  2 0.2886 0.3981 0.1298 0.1835 
        H129  2 0.2444 0.3521 0.1773 0.2261 
        H130  2 0.2245 0.2775 0.3276 0.1704 
        H133  2 0.2030 0.2234 0.3875 0.1861 
        H134  2 0.1948 0.4228 0.1876 0.1948 
        H135  2 0.2426 0.2127 0.2382 0.3064 
        H137  2 0.3046 0.2413 0.2280 0.2261 
        H138  2 0.2235 0.3337 0.2016 0.2412 
        H140  2 0.2368 0.2511 0.2531 0.2590 
        H146  2 0.2472 0.3075 0.1937 0.2517 
        H147  2 0.2667 0.2225 0.2152 0.2956 
        H148  2 0.2630 0.1996 0.2016 0.3357 
     H166022  2 0.3239 0.2322 0.1773 0.2667 
     H167359  2 0.2969 0.2500 0.2220 0.2311 
     H167397  2 0.3840 0.2624 0.1331 0.2205 
     H167428  2 0.2522 0.2730 0.1476 0.3272 
     H167496  2 0.2256 0.1856 0.3370 0.2518 
     H167513  2 0.3469 0.2410 0.2449 0.1672 
     H167545  2 0.2844 0.2982 0.1708 0.2465 
     H167547  2 0.3043 0.3465 0.1816 0.1676 
     H169621  2 0.2759 0.2817 0.1940 0.2485 
     H169622  2 0.2589 0.2794 0.1821 0.2795 
     H169750  2 0.2416 0.2707 0.3092 0.1785 
     H171806  2 0.2177 0.2763 0.2847 0.2214 
     H171808  2 0.2602 0.2652 0.2250 0.2496 
     H171809  2 0.2173 0.2124 0.2596 0.3107 
     H171813  2 0.2187 0.2978 0.2375 0.2460 
     H171815  2 0.2028 0.2445 0.3592 0.1935 
     H171824  2 0.1849 0.1843 0.3163 0.3145 
     H171825  2 0.2461 0.2592 0.2088 0.2859 
     H171826  2 0.2223 0.2088 0.2855 0.2834 
     H171827  2 0.2446 0.2291 0.2159 0.3104 
     H171828  2 0.1714 0.1668 0.4309 0.2310 
     H171829  2 0.2431 0.2952 0.2611 0.2006 
     H171830  2 0.3217 0.2210 0.2463 0.2110 
     H171831  2 0.2780 0.3118 0.1879 0.2223 
     H171832  2 0.2401 0.2822 0.2335 0.2441 
     H171863  2 0.3134 0.3469 0.1571 0.1826 
     H171864  2 0.3100 0.2194 0.2237 0.2470 
     H171865  2 0.2375 0.2285 0.3585 0.1755 
     H171879  2 0.2789 0.2659 0.2265 0.2287 
     H171880  2 0.3468 0.2277 0.2195 0.2061 
     H171881  2 0.2589 0.2480 0.2047 0.2884 
     H171882  2 0.1916 0.1959 0.3968 0.2158 
     H171929  2 0.2792 0.2410 0.2312 0.2486 
     H171930  2 0.3399 0.2884 0.1744 0.1973 
     H171933  2 0.2875 0.2465 0.2085 0.2574 
     H171934  2 0.2421 0.2174 0.2118 0.3287 
     H171937  2 0.2562 0.3221 0.1991 0.2226 
     H171962  2 0.2504 0.2456 0.2051 0.2990 
        H190  2 0.2828 0.2479 0.1919 0.2773 
        H191  2 0.2621 0.2611 0.2597 0.2172 
        H396  2 0.2193 0.2426 0.2511 0.2870 
        H397  2 0.2906 0.2505 0.2003 0.2586 
        H398  2 0.2209 0.2869 0.2686 0.2237 
        H400  2 0.2740 0.2340 0.2189 0.2731 
        H401  2 0.3444 0.3089 0.1604 0.1863 
        H402  2 0.3259 0.2373 0.1673 0.2696 
        H427  2 0.2180 0.2195 0.2345 0.3280 
        H428  2 0.2481 0.2720 0.1485 0.3314 
        H497  2 0.2849 0.2401 0.2763 0.1987 
        H512  2 0.2835 0.2418 0.2197 0.2550 
        H513  2 0.3466 0.2439 0.2437 0.1659 
        H514  2 0.2600 0.2906 0.2201 0.2293 
        H519  2 0.3324 0.2360 0.2541 0.1775 
        H532  2 0.2448 0.2350 0.1857 0.3344 
        H543  2 0.3377 0.2174 0.1697 0.2752 
        H544  2 0.2314 0.3266 0.2500 0.1920 
        H545  2 0.2799 0.3179 0.1635 0.2386 
        H546  2 0.2291 0.2553 0.3023 0.2133 
        H547  2 0.3068 0.3388 0.1851 0.1693 
        H548  2 0.2957 0.2187 0.2039 0.2818 
        H549  2 0.3649 0.2930 0.1593 0.1828 
        H620  2 0.1880 0.1796 0.4107 0.2217 
        H623  2 0.2862 0.3022 0.2003 0.2112 
        H624  2 0.2074 0.3068 0.2971 0.1887 
        H625  2 0.2788 0.2360 0.2122 0.2730 
        H626  2 0.3075 0.2299 0.2359 0.2268 
        H654  2 0.1972 0.2022 0.4340 0.1666 
        H655  2 0.2453 0.2283 0.2835 0.2429 
        H656  2 0.1771 0.2043 0.3811 0.2375 
        H666  2 0.1938 0.2317 0.4008 0.1738 
        H667  2 0.2220 0.2338 0.2071 0.3371 
        H677  2 0.2313 0.2485 0.2060 0.3141 
        H693  2 0.1782 0.1815 0.3289 0.3114 
        H694  2 0.3010 0.2826 0.2085 0.2079 
        H701  2 0.3244 0.2335 0.1973 0.2449 
        H702  2 0.2814 0.2095 0.2651 0.2440 
        H731  2 0.2028 0.2088 0.3046 0.2839 
       H7359  2 0.3044 0.2440 0.2197 0.2319 
       H7389  2 0.2714 0.2760 0.2301 0.2226 
       H7390  2 0.2326 0.2233 0.3364 0.2077 
       H7391  2 0.2280 0.1801 0.2044 0.3874 
       H7392  2 0.2289 0.2851 0.2554 0.2306 
       H7393  2 0.2663 0.2226 0.2952 0.2160 
       H7398  2 0.2424 0.2093 0.2332 0.3151 
       H7399  2 0.2286 0.2727 0.1613 0.3375 
       H7400  2 0.1857 0.1951 0.4302 0.1889 
        H745  2 0.2402 0.3623 0.2018 0.1957 
        H746  2 0.2368 0.2811 0.1629 0.3191 
        H747  2 0.2853 0.2212 0.2986 0.1949 
        H748  2 0.2852 0.2327 0.2443 0.2378 
       H7484  2 0.2051 0.2192 0.3669 0.2089 
       H7485  2 0.3036 0.2772 0.2141 0.2051 
        H749  2 0.2813 0.2752 0.1795 0.2641 
        H930  2 0.3454 0.2706 0.1796 0.2045 
        H931  2 0.2487 0.2411 0.2449 0.2653 
        H932  2 0.2277 0.2545 0.2677 0.2501 
        H111  3 0.3003 0.3011 0.1905 0.2081 
        H951  3 0.2924 0.2744 0.1975 0.2358 
        H952  3 0.2353 0.3052 0.2449 0.2146 
        H953  3 0.2536 0.2470 0.1987 0.3007 
        H954  3 0.2642 0.2044 0.3321 0.1992 
        H955  3 0.3358 0.2681 0.1873 0.2088 
        H956  3 0.2851 0.2212 0.2456 0.2480 
       H9563  3 0.2634 0.2024 0.2889 0.2453 
        H002  4 0.1895 0.2585 0.3068 0.2452 
        H003  4 0.2107 0.2585 0.1781 0.3527 
        H009  4 0.2604 0.3330 0.2026 0.2040 
        H010  4 0.2364 0.2467 0.2218 0.2950 
        H011  4 0.1919 0.1934 0.3613 0.2534 
        H012  4 0.2704 0.2146 0.1990 0.3161 
        H013  4 0.2270 0.1985 0.2773 0.2972 
        H014  4 0.2238 0.2579 0.2698 0.2485 
        H045  4 0.2462 0.2085 0.2745 0.2707 
        H046  4 0.2190 0.2957 0.1813 0.3040 
        H051  4 0.2292 0.1929 0.3113 0.2666 
        H052  4 0.2215 0.2927 0.3058 0.1800 
        H053  4 0.2435 0.2280 0.2952 0.2333 
        H056  4 0.2270 0.2314 0.3467 0.1949 
        H076  4 0.2254 0.3001 0.1895 0.2850 
        H151  4 0.1835 0.2306 0.3798 0.2062 
        H152  4 0.1765 0.2661 0.3282 0.2293 
     H171803  4 0.2383 0.2290 0.2686 0.2641 
     H171804  4 0.2691 0.2195 0.2847 0.2267 
     H171833  4 0.2488 0.3385 0.1956 0.2171 
     H171855  4 0.1895 0.2354 0.3985 0.1766 
     H171856  4 0.3058 0.2468 0.2342 0.2132 
     H171857  4 0.2157 0.2432 0.3494 0.1917 
     H171858  4 0.2058 0.2708 0.2345 0.2889 
     H171859  4 0.2238 0.2604 0.2666 0.2492 
     H171961  4 0.2218 0.2131 0.2974 0.2676 
        H198  4 0.2458 0.2680 0.1708 0.3155 
      H20001  4 0.2631 0.3300 0.1955 0.2114 
        H403  4 0.2473 0.2801 0.2746 0.1980 
        H404  4 0.2355 0.2347 0.1762 0.3535 
        H405  4 0.2633 0.2514 0.1842 0.3012 
        H406  4 0.2739 0.3356 0.2510 0.1395 
        H407  4 0.2685 0.2423 0.2447 0.2445 
        H410  4 0.2776 0.2893 0.1868 0.2464 
        H411  4 0.2518 0.3068 0.2257 0.2157 
        H468  4 0.3114 0.2884 0.2370 0.1631 
        H476  4 0.3218 0.2392 0.2604 0.1786 
        H477  4 0.2671 0.3497 0.1809 0.2023 
        H478  4 0.2646 0.2415 0.1783 0.3157 
        H479  4 0.2202 0.2348 0.2578 0.2872 
        H480  4 0.3055 0.2927 0.1724 0.2293 
        H498  4 0.2282 0.2591 0.2378 0.2749 
        H499  4 0.2221 0.2509 0.2374 0.2896 
        H500  4 0.2436 0.1999 0.2972 0.2593 
        H515  4 0.2497 0.2146 0.2999 0.2357 
        H516  4 0.2489 0.2777 0.2542 0.2192 
        H517  4 0.2637 0.2656 0.2339 0.2368 
        H518  4 0.2447 0.2779 0.2959 0.1815 
        H520  4 0.2454 0.2450 0.2971 0.2126 
        H521  4 0.2582 0.2485 0.2239 0.2694 
        H522  4 0.2854 0.2434 0.2398 0.2314 
        H523  4 0.2643 0.2365 0.2662 0.2330 
        H536  4 0.2301 0.2538 0.2071 0.3089 
        H645  4 0.2092 0.1914 0.2463 0.3530 
        H646  4 0.3194 0.2947 0.1752 0.2107 
        H647  4 0.2817 0.2896 0.2219 0.2068 
        H657  4 0.2893 0.2828 0.1752 0.2526 
        H658  4 0.3052 0.2211 0.2457 0.2280 
        H659  4 0.2018 0.1979 0.4074 0.1929 
        H660  4 0.2664 0.2399 0.2734 0.2203 
        H661  4 0.2109 0.2480 0.3327 0.2084 
        H668  4 0.2406 0.2216 0.1841 0.3538 
        H669  4 0.2444 0.2212 0.2470 0.2873 
        H670  4 0.1692 0.1768 0.2436 0.4104 
        H678  4 0.2993 0.2298 0.2469 0.2240 
        H679  4 0.3501 0.2382 0.1799 0.2319 
        H680  4 0.2286 0.2874 0.2580 0.2260 
        H681  4 0.2277 0.2075 0.2667 0.2981 
        H682  4 0.3371 0.2037 0.1937 0.2654 
        H683  4 0.2342 0.2873 0.3213 0.1573 
        H718  4 0.2041 0.2338 0.3463 0.2158 
        H719  4 0.2604 0.2040 0.2807 0.2549 
        H720  4 0.2211 0.2831 0.2571 0.2388 
        H721  4 0.2238 0.2914 0.2621 0.2227 
        H722  4 0.2065 0.3025 0.3201 0.1708 
        H723  4 0.2320 0.1962 0.3225 0.2493 
        H724  4 0.2120 0.1913 0.4193 0.1774 
        H725  4 0.2004 0.2236 0.3875 0.1884 
        H726  4 0.2068 0.2170 0.3322 0.2440 
        H727  4 0.2044 0.2007 0.3173 0.2777 
        H910  4 0.2425 0.1959 0.2936 0.2680 
        H911  4 0.2977 0.2744 0.2173 0.2106 
        H912  4 0.2525 0.2672 0.2776 0.2027 
        H913  4 0.2737 0.2271 0.2818 0.2174 
        H914  4 0.2247 0.1859 0.2967 0.2927 
        H915  4 0.3025 0.2298 0.2586 0.2091 
        H916  4 0.2992 0.2692 0.2320 0.1996 
       H9572  4 0.2495 0.2532 0.2730 0.2242 
        H015  5 0.3018 0.2787 0.2366 0.1829 
        H016  5 0.2570 0.3235 0.1904 0.2291 
        H017  5 0.2518 0.2905 0.2324 0.2254 
        H019  5 0.2516 0.2778 0.2466 0.2240 
        H020  5 0.2224 0.2600 0.2655 0.2521 
        H032  5 0.2542 0.2533 0.2608 0.2318 
        H033  5 0.2787 0.2171 0.2016 0.3027 
        H034  5 0.1951 0.1921 0.3153 0.2975 
        H035  5 0.2747 0.2574 0.2299 0.2380 
        H036  5 0.3008 0.2598 0.2167 0.2227 
        H037  5 0.2417 0.2148 0.2926 0.2508 
        H048  5 0.2273 0.2008 0.3294 0.2425 
        H049  5 0.2463 0.2888 0.2611 0.2038 
        H054  5 0.2076 0.2466 0.2839 0.2619 
        H055  5 0.1680 0.2369 0.3066 0.2886 
        H057  5 0.2217 0.3191 0.2437 0.2155 
        H060  5 0.1858 0.2599 0.2663 0.2880 
        H061  5 0.2504 0.2514 0.2082 0.2899 
        H064  5 0.2091 0.2484 0.3031 0.2394 
        H070  5 0.2226 0.1961 0.2719 0.3094 
        H077  5 0.2195 0.2138 0.3635 0.2032 
        H078  5 0.2457 0.2632 0.3090 0.1821 
        H079  5 0.3007 0.2268 0.1705 0.3021 
        H097  5 0.2399 0.3134 0.2771 0.1697 
        H107  5 0.1743 0.1777 0.3863 0.2617 
        H122  5 0.2568 0.2946 0.2080 0.2406 
        H123  5 0.2894 0.2962 0.1993 0.2151 
        H124  5 0.2736 0.2752 0.1964 0.2548 
        H131  5 0.2661 0.2637 0.2127 0.2575 
        H132  5 0.2429 0.2255 0.2705 0.2611 
        H141  5 0.2491 0.2342 0.2592 0.2575 
        H142  5 0.2756 0.2481 0.1793 0.2970 
        H157  5 0.2129 0.2154 0.3203 0.2513 
        H158  5 0.2503 0.3412 0.2117 0.1968 
        H159  5 0.2940 0.2705 0.1916 0.2439 
        H160  5 0.2804 0.2712 0.2170 0.2314 
        H163  5 0.2667 0.2518 0.2238 0.2577 
        H164  5 0.2531 0.2496 0.2250 0.2723 
        H165  5 0.2393 0.2423 0.1676 0.3508 
        H166  5 0.2613 0.2714 0.2287 0.2387 
        H169  5 0.2220 0.2328 0.2391 0.3062 
     H169613  5 0.2342 0.2516 0.2607 0.2536 
     H169653  5 0.2322 0.2640 0.2397 0.2641 
     H169728  5 0.2921 0.2593 0.2136 0.2350 
     H169742  5 0.2145 0.2155 0.2217 0.3482 
        H170  5 0.2251 0.3438 0.2378 0.1932 
        H171  5 0.2273 0.3397 0.2388 0.1942 
     H171851  5 0.2292 0.2822 0.2510 0.2376 
     H171852  5 0.2189 0.2586 0.3058 0.2167 
     H171853  5 0.2428 0.2141 0.2926 0.2506 
     H171854  5 0.2824 0.2461 0.2564 0.2150 
     H171938  5 0.2397 0.1867 0.2159 0.3577 
     H171939  5 0.2463 0.3266 0.2083 0.2188 
     H171941  5 0.1825 0.2031 0.3599 0.2545 
     H171965  5 0.2063 0.2767 0.2037 0.3134 
     H171970  5 0.1819 0.1862 0.4221 0.2098 
     H171973  5 0.2738 0.2285 0.1842 0.3135 
     H171974  5 0.2383 0.2070 0.2655 0.2892 
     H171975  5 0.2046 0.2205 0.3302 0.2447 
     H171976  5 0.2427 0.3338 0.2486 0.1749 
        H175  5 0.2295 0.2149 0.2983 0.2574 
        H178  5 0.2150 0.2363 0.2805 0.2682 
        H189  5 0.2627 0.3025 0.1745 0.2604 
        H399  5 0.2269 0.3553 0.2324 0.1854 
        H416  5 0.2440 0.2222 0.2656 0.2682 
        H438  5 0.2652 0.2050 0.2534 0.2764 
        H450  5 0.1889 0.2143 0.3208 0.2760 
        H455  5 0.1786 0.1900 0.3850 0.2465 
        H456  5 0.2392 0.2201 0.2414 0.2993 
        H457  5 0.2094 0.2618 0.3263 0.2025 
        H458  5 0.2083 0.2182 0.2946 0.2789 
        H459  5 0.3088 0.2621 0.1819 0.2472 
        H460  5 0.2844 0.2347 0.2278 0.2531 
        H461  5 0.2399 0.3059 0.2522 0.2020 
        H462  5 0.2941 0.2337 0.1965 0.2757 
        H469  5 0.3011 0.2422 0.2007 0.2560 
        H470  5 0.2642 0.2324 0.2705 0.2328 
        H471  5 0.2969 0.3409 0.1679 0.1944 
        H481  5 0.2033 0.2027 0.3835 0.2105 
        H482  5 0.2273 0.2444 0.3010 0.2273 
        H501  5 0.2727 0.2232 0.2502 0.2539 
        H502  5 0.2501 0.2986 0.1919 0.2594 
        H503  5 0.2543 0.2891 0.1989 0.2577 
        H509  5 0.2352 0.2106 0.3435 0.2106 
        H510  5 0.2181 0.2450 0.2392 0.2977 
        H511  5 0.2299 0.2747 0.2187 0.2767 
        H530  5 0.2499 0.2083 0.2679 0.2739 
        H531  5 0.2675 0.2436 0.3046 0.1843 
        H564  5 0.2250 0.2555 0.2771 0.2424 
        H565  5 0.2066 0.2125 0.3798 0.2011 
        H567  5 0.3186 0.2915 0.1714 0.2185 
     H568???  5 0.2474 0.3211 0.2044 0.2271 
        H608  5 0.1914 0.2121 0.3187 0.2778 
        H609  5 0.2272 0.2124 0.2430 0.3174 
        H612  5 0.2133 0.1767 0.3463 0.2637 
        H614  5 0.2039 0.2334 0.3632 0.1995 
        H615  5 0.2345 0.2537 0.3176 0.1941 
        H616  5 0.1711 0.1714 0.3905 0.2671 
        H617  5 0.2957 0.2492 0.1695 0.2856 
        H618  5 0.2135 0.2043 0.3747 0.2075 
        H619  5 0.1900 0.2292 0.1943 0.3865 
        H635  5 0.2324 0.2351 0.2731 0.2594 
        H636  5 0.2188 0.1871 0.1821 0.4120 
        H637  5 0.2331 0.2384 0.2565 0.2720 
        H644  5 0.2779 0.3782 0.1579 0.1860 
        H711  5 0.2145 0.3389 0.2267 0.2199 
        H712  5 0.2076 0.2067 0.2960 0.2897 
       H7360  5 0.2477 0.2826 0.2514 0.2183 
       H7361  5 0.1985 0.2181 0.3431 0.2403 
       H7362  5 0.2793 0.3521 0.1634 0.2053 
       H7363  5 0.2376 0.2500 0.3017 0.2106 
       H7394  5 0.2879 0.2416 0.2047 0.2658 
       H7395  5 0.2139 0.2310 0.2464 0.3087 
       H7396  5 0.2941 0.2206 0.2319 0.2533 
        H742  5 0.2107 0.2118 0.2236 0.3539 
        H743  5 0.2296 0.2624 0.2750 0.2330 
        H744  5 0.2028 0.1997 0.3814 0.2160 
        H957  5 0.2417 0.2869 0.2376 0.2338 
        H958  5 0.3335 0.2488 0.1974 0.2204 
        H959  5 0.2041 0.1875 0.3460 0.2623 
        H960  5 0.2446 0.2330 0.2549 0.2675 
      H_PALI  6 0.2874 0.2433 0.2201 0.2492 
        H581  6 0.2641 0.2466 0.2948 0.1945 
        H582  6 0.1908 0.2378 0.3815 0.1900 
        H583  6 0.2562 0.2498 0.2623 0.2318 
        H595  6 0.3641 0.2596 0.1758 0.2005 
        H596  6 0.3134 0.2666 0.1673 0.2527 
        H597  6 0.2400 0.3116 0.1888 0.2596 
        H598  6 0.2510 0.2164 0.2442 0.2884 
        H599  6 0.2268 0.2052 0.3430 0.2250 
        H642  6 0.2905 0.3148 0.2179 0.1768 
        H643  6 0.2542 0.2308 0.2465 0.2685 
        H664  6 0.2486 0.2699 0.3193 0.1623 
        H665  6 0.2260 0.1903 0.2226 0.3611 
        H674  6 0.2663 0.3640 0.1893 0.1803 
        H675  6 0.2398 0.2628 0.3103 0.1870 
        H676  6 0.2833 0.2674 0.2229 0.2264 
        H686  6 0.2599 0.2583 0.2345 0.2473 
        H687  6 0.2749 0.2638 0.2402 0.2212 
        H917  6 0.3157 0.2259 0.1722 0.2863 
        H918  6 0.2339 0.2249 0.1931 0.3481 
        H919  6 0.1987 0.1763 0.3639 0.2611 
        H920  6 0.2422 0.2325 0.3009 0.2244 
        H631  7 0.2094 0.2334 0.3005 0.2567 
        H684  7 0.2081 0.3229 0.2077 0.2614 
        H685  7 0.2644 0.2192 0.3513 0.1652 
        H713  7 0.2343 0.2148 0.3066 0.2442 
        H715  7 0.2016 0.3150 0.2315 0.2519 
        H716  7 0.1796 0.2315 0.2685 0.3203 
        H717  7 0.2500 0.2428 0.2704 0.2368 
        H729  7 0.3009 0.2232 0.1705 0.3054 
        H730  7 0.2396 0.2095 0.2591 0.2919 
        H431  8 0.2157 0.2213 0.3258 0.2372 
        H432  8 0.2501 0.3233 0.1830 0.2436 
        H433  8 0.2919 0.2160 0.2116 0.2804 
        H434  8 0.2898 0.2516 0.2000 0.2585 
        H444  8 0.2491 0.2214 0.2374 0.2921 
        H454  8 0.2190 0.1909 0.3718 0.2183 
        H475  8 0.2117 0.2002 0.3644 0.2236 
        H491  8 0.1992 0.2315 0.2996 0.2697 
        H492  8 0.2787 0.2161 0.2863 0.2190 
        H493  8 0.2479 0.2776 0.2526 0.2219 
        H494  8 0.2701 0.2297 0.2820 0.2181 
        H495  8 0.1896 0.2768 0.3436 0.1900 
        H662  8 0.2663 0.3058 0.2328 0.1951 
        H663  8 0.2559 0.2395 0.2273 0.2773 
        H695  8 0.2533 0.2205 0.2499 0.2763 
       H7367  8 0.3207 0.2579 0.1885 0.2328 
       H7368  8 0.2290 0.2803 0.2167 0.2740 
       H7369  8 0.2206 0.2158 0.2614 0.3022 
       H7370  8 0.4241 0.2331 0.1533 0.1895 
       H7371  8 0.3085 0.2202 0.2210 0.2502 
        H600  9 0.2230 0.2257 0.2735 0.2778 
        H648  9 0.2243 0.2756 0.2829 0.2171 
        H696  9 0.3219 0.3434 0.1629 0.1717 
        H697  9 0.2367 0.2542 0.2571 0.2520 
        H698  9 0.2738 0.2799 0.2179 0.2284 
        H699  9 0.2613 0.2496 0.2659 0.2232 
        H700  9 0.2116 0.2079 0.2451 0.3355 
        H732  9 0.2131 0.2429 0.3667 0.1774 
        H733  9 0.3302 0.2340 0.1917 0.2441 
        H734  9 0.3503 0.2792 0.1712 0.1993 
        H735  9 0.2934 0.2678 0.2360 0.2027 
        H736  9 0.2643 0.2505 0.2363 0.2489 
        H737  9 0.1907 0.2531 0.2833 0.2729 
        H905  9 0.2062 0.1965 0.3038 0.2935 
        H921  9 0.2462 0.1990 0.2739 0.2808 
        H922  9 0.3495 0.2431 0.1764 0.2310 
     H169705 10 0.3241 0.2340 0.2214 0.2206 
     H171942 10 0.2560 0.3209 0.1897 0.2334 
     H171943 10 0.2736 0.2815 0.2144 0.2306 
     H171944 10 0.2965 0.2248 0.2320 0.2466 
     H171946 10 0.2438 0.2738 0.3133 0.1691 
     H171947 10 0.2837 0.2509 0.2211 0.2444 
     H229641 10 0.3020 0.2342 0.2612 0.2026 
      H30001 10 0.2609 0.2144 0.2637 0.2609 
      H30002 10 0.2556 0.2305 0.2303 0.2836 
      H30005 10 0.2671 0.2551 0.2273 0.2505 
      H30006 10 0.2771 0.3100 0.2227 0.1901 
      H30007 10 0.2423 0.3903 0.1724 0.1950 
        H451 10 0.2737 0.2495 0.1925 0.2843 
        H452 10 0.2726 0.2902 0.2424 0.1949 
        H453 10 0.1783 0.2324 0.3899 0.1993 
        H473 10 0.2221 0.2572 0.2646 0.2562 
        H474 10 0.2291 0.2349 0.3676 0.1684 
        H486 10 0.2670 0.2302 0.2911 0.2117 
        H487 10 0.2307 0.2375 0.2843 0.2475 
        H488 10 0.2204 0.1965 0.2464 0.3368 
        H489 10 0.2493 0.2085 0.3407 0.2016 
        H550 10 0.2844 0.3182 0.1971 0.2003 
        H551 10 0.3093 0.2053 0.2485 0.2369 
        H553 10 0.2300 0.2549 0.3208 0.1943 
        H554 10 0.2482 0.2765 0.2002 0.2751 
        H556 10 0.2499 0.2956 0.2442 0.2103 
        H580 10 0.2563 0.2498 0.2189 0.2750 
        H591 10 0.2130 0.1941 0.3772 0.2158 
        H592 10 0.2822 0.2196 0.2889 0.2092 
        H593 10 0.2567 0.2600 0.2143 0.2689 
        H594 10 0.2955 0.3112 0.1661 0.2272 
        H627 10 0.2909 0.2627 0.2495 0.1969 
        H628 10 0.2123 0.2434 0.1472 0.3971 
        H629 10 0.2554 0.2884 0.2643 0.1919 
        H630 10 0.3115 0.2574 0.2395 0.1916 
        H638 10 0.3293 0.2333 0.2282 0.2092 
        H639 10 0.2228 0.2509 0.3530 0.1733 
        H640 10 0.3296 0.2677 0.1792 0.2235 
        H704 10 0.2241 0.3185 0.1878 0.2696 
        H705 10 0.3191 0.2306 0.2261 0.2243 
        H706 10 0.2127 0.1908 0.3001 0.2963 
        H708 10 0.2222 0.2058 0.3597 0.2123 
       H7351 10 0.2608 0.2751 0.2379 0.2261 
       H7352 10 0.2382 0.2407 0.2789 0.2421 
       H7353 10 0.2360 0.3476 0.2143 0.2020 
       H7354 10 0.1878 0.2212 0.2767 0.3143 
       H7365 10 0.2253 0.1993 0.3249 0.2505 
       H7383 10 0.2270 0.1925 0.2839 0.2965 
       H7384 10 0.2004 0.2241 0.2586 0.3169 
       H7385 10 0.2176 0.2070 0.2991 0.2763 
       H7386 10 0.2498 0.2354 0.2290 0.2857 
       H7387 10 0.2464 0.2443 0.2179 0.2915 
       H7388 10 0.2338 0.2627 0.2547 0.2487 
        H906 10 0.1949 0.2537 0.3179 0.2335 
        H907 10 0.3229 0.2613 0.2029 0.2129 
        H908 10 0.2513 0.2288 0.2518 0.2681 
        H909 10 0.2003 0.2216 0.2425 0.3356 
       H9552 10 0.2328 0.2739 0.2600 0.2334 
       H9553 10 0.2423 0.2573 0.2779 0.2225 
       H9555 10 0.3210 0.2197 0.1814 0.2779 
       H9575 10 0.2126 0.2469 0.3244 0.2161 
       H9703 10 0.1870 0.2213 0.3873 0.2044 
       H9707 10 0.2552 0.2210 0.3199 0.2039 
       HSAA4 10 0.2526 0.2567 0.2188 0.2718 
        H001 11 0.1835 0.2251 0.2872 0.3042 
        H004 11 0.2659 0.2419 0.2338 0.2583 
        H005 11 0.1718 0.1803 0.3797 0.2683 
        H006 11 0.2670 0.2143 0.2148 0.3039 
        H007 11 0.2099 0.1926 0.3066 0.2909 
        H031 11 0.2339 0.1823 0.3611 0.2227 
        H074 11 0.2589 0.2179 0.3470 0.1761 
        H075 11 0.2206 0.1884 0.3051 0.2859 
        H080 11 0.2051 0.2094 0.3598 0.2257 
        H086 11 0.2515 0.2504 0.2498 0.2484 
        H092 11 0.2285 0.2193 0.3013 0.2508 
        H093 11 0.2656 0.3185 0.1789 0.2370 
        H094 11 0.3212 0.2584 0.2150 0.2054 
        H095 11 0.2085 0.2326 0.3058 0.2531 
        H096 11 0.2037 0.1965 0.2705 0.3293 
        H099 11 0.2391 0.2212 0.3050 0.2348 
        H100 11 0.2442 0.2784 0.1657 0.3116 
        H127 11 0.2249 0.2398 0.2902 0.2451 
        H136 11 0.2147 0.2186 0.3631 0.2036 
        H153 11 0.2681 0.2523 0.2375 0.2421 
        H154 11 0.2348 0.2140 0.3512 0.2000 
        H155 11 0.2555 0.2396 0.1952 0.3098 
        H156 11 0.2662 0.2427 0.1451 0.3461 
        H161 11 0.2464 0.2944 0.2303 0.2288 
        H162 11 0.3069 0.2776 0.1813 0.2342 
        H167 11 0.2295 0.2401 0.2114 0.3190 
        H168 11 0.2204 0.2423 0.2424 0.2948 
     H169586 11 0.2227 0.3194 0.2835 0.1744 
     H169738 11 0.2715 0.2281 0.1791 0.3213 
     H169741 11 0.2752 0.2154 0.3069 0.2024 
     H171801 11 0.2764 0.3035 0.2062 0.2139 
     H171810 11 0.2587 0.2254 0.3054 0.2105 
     H171811 11 0.2061 0.2534 0.3460 0.1945 
     H171812 11 0.2035 0.2077 0.2659 0.3229 
     H171820 11 0.2235 0.2249 0.3387 0.2129 
     H171821 11 0.2475 0.2453 0.2272 0.2800 
     H171822 11 0.2717 0.2443 0.2173 0.2666 
     H171823 11 0.1888 0.2792 0.3690 0.1631 
     H171866 11 0.2408 0.3002 0.2017 0.2573 
     H171867 11 0.2824 0.2059 0.1784 0.3333 
     H171967 11 0.2407 0.1949 0.3076 0.2568 
     H171969 11 0.2681 0.2358 0.2338 0.2624 
        H172 11 0.2663 0.2333 0.2215 0.2789 
        H173 11 0.2869 0.2013 0.2250 0.2868 
        H174 11 0.3088 0.3138 0.1777 0.1997 
        H196 11 0.2474 0.2697 0.2144 0.2685 
        H197 11 0.2651 0.2236 0.1979 0.3134 
        H346 11 0.2197 0.2081 0.2594 0.3128 
        H355 11 0.2278 0.2402 0.2611 0.2709 
        H356 11 0.2433 0.2477 0.2714 0.2376 
        H357 11 0.2578 0.2064 0.2918 0.2439 
        H358 11 0.2236 0.1953 0.2187 0.3624 
        H359 11 0.2752 0.2544 0.2372 0.2332 
        H360 11 0.2480 0.2222 0.2479 0.2819 
        H361 11 0.2240 0.2454 0.2442 0.2864 
        H362 11 0.3304 0.2505 0.1671 0.2520 
        H363 11 0.2209 0.1983 0.3213 0.2596 
        H364 11 0.2190 0.2684 0.2486 0.2640 
        H365 11 0.2634 0.2546 0.2070 0.2750 
        H366 11 0.2416 0.2552 0.1943 0.3089 
        H367 11 0.2174 0.2223 0.3817 0.1787 
        H368 11 0.3265 0.2951 0.1751 0.2032 
        H369 11 0.2130 0.1789 0.3677 0.2405 
        H370 11 0.2848 0.2493 0.1775 0.2884 
        H371 11 0.3078 0.2334 0.2732 0.1856 
        H372 11 0.2359 0.2395 0.2331 0.2915 
        H373 11 0.2144 0.2388 0.2721 0.2747 
        H374 11 0.1971 0.2086 0.2730 0.3213 
        H375 11 0.2506 0.2122 0.2693 0.2679 
        H376 11 0.2585 0.2740 0.2307 0.2368 
        H377 11 0.2623 0.2175 0.2489 0.2713 
        H378 11 0.2132 0.2569 0.2883 0.2416 
        H379 11 0.2811 0.2519 0.2214 0.2456 
        H380 11 0.2535 0.2176 0.1776 0.3513 
        H381 11 0.2423 0.2559 0.3198 0.1820 
        H382 11 0.3005 0.2721 0.1448 0.2826 
        H383 11 0.2093 0.2770 0.1879 0.3257 
        H384 11 0.2302 0.2305 0.2980 0.2413 
        H385 11 0.2561 0.2256 0.3043 0.2140 
        H386 11 0.2183 0.1956 0.1966 0.3895 
        H387 11 0.1831 0.3479 0.2650 0.2041 
        H388 11 0.2538 0.2771 0.1698 0.2993 
        H389 11 0.2619 0.2029 0.2304 0.3048 
        H390 11 0.2811 0.2429 0.1963 0.2797 
        H391 11 0.2760 0.3124 0.2092 0.2024 
        H392 11 0.1851 0.1997 0.2831 0.3322 
        H393 11 0.2440 0.3049 0.1856 0.2655 
        H394 11 0.2610 0.3596 0.1969 0.1825 
        H395 11 0.2143 0.2037 0.3328 0.2492 
        H408 11 0.1990 0.2054 0.2478 0.3479 
        H412 11 0.2387 0.2780 0.3447 0.1386 
        H417 11 0.2546 0.2272 0.2688 0.2495 
        H418 11 0.2262 0.2885 0.2886 0.1967 
        H429 11 0.2326 0.2331 0.2063 0.3281 
        H430 11 0.2871 0.2334 0.1910 0.2884 
        H439 11 0.2503 0.2170 0.2555 0.2772 
        H440 11 0.1875 0.2116 0.3405 0.2604 
        H441 11 0.2958 0.2457 0.2150 0.2434 
        H442 11 0.2458 0.2635 0.2008 0.2899 
        H446 11 0.2560 0.2642 0.2225 0.2573 
        H447 11 0.2745 0.2245 0.1666 0.3345 
        H448 11 0.2679 0.2182 0.2084 0.3055 
        H534 11 0.1737 0.2220 0.3855 0.2188 
        H537 11 0.1918 0.2353 0.3577 0.2152 
        H568 11 0.2209 0.1986 0.3991 0.1814 
        H569 11 0.3513 0.2463 0.1519 0.2506 
        H586 11 0.2254 0.3334 0.2740 0.1672 
        H587 11 0.2060 0.1970 0.3764 0.2207 
        H588 11 0.2312 0.3313 0.1820 0.2556 
        H589 11 0.1943 0.2095 0.3568 0.2394 
        H590 11 0.2124 0.2314 0.3451 0.2111 
        H601 11 0.3092 0.2731 0.1708 0.2469 
        H602 11 0.2449 0.2283 0.2842 0.2426 
        H603 11 0.2646 0.2140 0.1957 0.3257 
        H610 11 0.2707 0.2299 0.2493 0.2501 
        H611 11 0.3086 0.2178 0.2874 0.1862 
        H649 11 0.2393 0.2392 0.2567 0.2647 
        H650 11 0.3300 0.2705 0.2051 0.1944 
        H651 11 0.2340 0.2045 0.2360 0.3255 
        H652 11 0.2203 0.2643 0.2691 0.2462 
       H7364 11 0.2710 0.2398 0.1944 0.2948 
       H7366 11 0.2274 0.2164 0.2592 0.2969 
       H7378 11 0.3000 0.3873 0.1447 0.1680 
       H7379 11 0.2624 0.2523 0.2547 0.2306 
        H739 11 0.2613 0.2254 0.3201 0.1932 
        H740 11 0.2924 0.2700 0.2139 0.2237 
        H741 11 0.2762 0.2176 0.3056 0.2006 
        H926 11 0.2654 0.2679 0.2448 0.2219 
        H927 11 0.3004 0.2388 0.1857 0.2751 
        H928 11 0.3514 0.2337 0.2319 0.1830 
       H9560 11 0.2791 0.2766 0.2142 0.2301 
        H409 12 0.2630 0.2261 0.1871 0.3237 
        H413 12 0.2702 0.3656 0.1654 0.1988 
        H419 12 0.2359 0.2258 0.2265 0.3118 
        H420 12 0.2200 0.2353 0.3046 0.2401 
        H421 12 0.2538 0.2875 0.1638 0.2950 
        H435 12 0.2271 0.2835 0.1847 0.3047 
        H436 12 0.2478 0.2121 0.2252 0.3149 
        H437 12 0.2069 0.2398 0.3328 0.2206 
        H445 12 0.2201 0.2165 0.1847 0.3788 
        H449 12 0.2381 0.3104 0.2273 0.2243 
        H463 12 0.2197 0.2352 0.2984 0.2466 
        H464 12 0.2693 0.3173 0.1946 0.2188 
        H465 12 0.2470 0.3327 0.2634 0.1569 
        H490 12 0.2827 0.3048 0.1956 0.2169 
        H561 12 0.2697 0.2413 0.2717 0.2173 
        H562 12 0.2197 0.2016 0.2388 0.3399 
        H563 12 0.2669 0.1960 0.2919 0.2452 
        H570 12 0.2077 0.1954 0.2929 0.3040 
        H571 12 0.2496 0.3077 0.2237 0.2190 
        H572 12 0.2386 0.2429 0.2840 0.2345 
        H573 12 0.2886 0.2297 0.1824 0.2993 
       H7372 12 0.2571 0.2482 0.1476 0.3471 
       H7373 12 0.2409 0.3712 0.1939 0.1940 
       H7374 12 0.1710 0.2269 0.3194 0.2827 
       H7375 12 0.2425 0.2170 0.2862 0.2543 
       H7376 12 0.2430 0.2025 0.1733 0.3813 
       H7377 12 0.2733 0.2174 0.2933 0.2160 
