        H102  1 0.1694 0.1521 0.1775 0.1543 0.1207 0.0744 0.1515 
        H103  1 0.1546 0.2595 0.1251 0.1237 0.2023 0.0947 0.0401 
        H104  1 0.1409 0.0880 0.0963 0.1402 0.1247 0.1593 0.2506 
        H105  1 0.1671 0.1317 0.1462 0.1641 0.1440 0.1051 0.1418 
        H106  1 0.1644 0.1360 0.1237 0.1597 0.1267 0.1515 0.1379 
        H112  1 0.1155 0.1503 0.1594 0.1341 0.1274 0.1265 0.1867 
        H113  1 0.1035 0.1117 0.0974 0.0907 0.2127 0.2754 0.1087 
        H114  1 0.1258 0.1178 0.1260 0.1029 0.2147 0.2456 0.0671 
        H115  1 0.1498 0.1334 0.1319 0.1511 0.1204 0.1249 0.1884 
        H143  1 0.1448 0.1821 0.1639 0.1369 0.1291 0.1127 0.1305 
        H144  1 0.2091 0.1881 0.2572 0.1032 0.0941 0.0687 0.0796 
        H145  1 0.1396 0.1864 0.2177 0.1072 0.1901 0.0910 0.0679 
        H149  1 0.1539 0.0975 0.1254 0.1543 0.0908 0.1041 0.2740 
        H150  1 0.1090 0.1358 0.2112 0.1036 0.1488 0.1877 0.1039 
     H167542  1 0.2724 0.0662 0.0859 0.1862 0.0980 0.0992 0.1921 
     H169604  1 0.1737 0.1380 0.1320 0.1351 0.1709 0.1211 0.1292 
     H169607  1 0.1511 0.2166 0.1448 0.1455 0.1216 0.1033 0.1170 
     H169608  1 0.1532 0.1502 0.1939 0.1405 0.1261 0.0803 0.1558 
     H169633  1 0.1238 0.1126 0.1281 0.1021 0.1947 0.2379 0.1008 
     H169688  1 0.1627 0.2274 0.1772 0.1537 0.0956 0.1017 0.0817 
     H169714  1 0.1481 0.1363 0.1375 0.1331 0.1323 0.1695 0.1432 
     H171802  1 0.0839 0.1170 0.1099 0.1571 0.1754 0.1635 0.1931 
     H171805  1 0.1529 0.2027 0.1239 0.1382 0.2066 0.1076 0.0680 
     H171807  1 0.1434 0.1644 0.1547 0.1286 0.1038 0.0865 0.2187 
     H171814  1 0.0786 0.1510 0.1657 0.0675 0.2084 0.2779 0.0508 
     H171816  1 0.1123 0.1491 0.1629 0.1662 0.1200 0.1288 0.1607 
     H171817  1 0.1424 0.1178 0.1373 0.1530 0.1376 0.1540 0.1581 
     H171818  1 0.1709 0.1423 0.1402 0.1924 0.1058 0.1307 0.1178 
     H171819  1 0.1194 0.1551 0.1429 0.1214 0.1623 0.1872 0.1117 
     H171834  1 0.1644 0.1810 0.2027 0.1187 0.1457 0.1016 0.0858 
     H171835  1 0.1095 0.0801 0.0997 0.1478 0.1430 0.2184 0.2016 
     H171836  1 0.0902 0.1596 0.1409 0.1381 0.2566 0.1647 0.0500 
     H171837  1 0.1844 0.1054 0.1234 0.1318 0.1221 0.1546 0.1784 
     H171838  1 0.1114 0.1844 0.1314 0.1117 0.2170 0.1951 0.0490 
     H171839  1 0.1248 0.1082 0.1083 0.1320 0.1522 0.1907 0.1838 
     H171841  1 0.0810 0.1202 0.1273 0.1971 0.1018 0.0678 0.3048 
     H171860  1 0.1260 0.1425 0.1533 0.1114 0.1751 0.1697 0.1220 
     H171861  1 0.1346 0.1519 0.1448 0.1613 0.2356 0.1089 0.0628 
     H171862  1 0.1374 0.1915 0.1667 0.1147 0.1508 0.1340 0.1049 
     H171868  1 0.2205 0.1401 0.1268 0.1796 0.1124 0.0888 0.1319 
     H171869  1 0.1338 0.2297 0.2208 0.1218 0.0997 0.1287 0.0656 
     H171870  1 0.1563 0.1696 0.1656 0.1807 0.0920 0.1216 0.1142 
     H171871  1 0.1300 0.2095 0.1669 0.0948 0.1885 0.1530 0.0572 
     H171872  1 0.1407 0.1046 0.1285 0.1282 0.1311 0.1853 0.1817 
     H171873  1 0.1487 0.1608 0.1668 0.1506 0.1363 0.1150 0.1218 
     H171874  1 0.1344 0.2020 0.2152 0.1433 0.1542 0.0780 0.0729 
     H171875  1 0.1328 0.1850 0.1623 0.1420 0.1740 0.1443 0.0596 
     H171876  1 0.1724 0.1994 0.1914 0.1174 0.1420 0.0893 0.0882 
     H171877  1 0.2453 0.0719 0.0795 0.1771 0.0894 0.1287 0.2081 
     H171878  1 0.1457 0.1847 0.1641 0.2179 0.0769 0.1082 0.1024 
     H171901  1 0.1361 0.1445 0.1118 0.1775 0.1441 0.1357 0.1503 
     H171902  1 0.1386 0.1989 0.1797 0.1263 0.0945 0.0696 0.1923 
     H171903  1 0.1265 0.2069 0.1686 0.1188 0.1521 0.1328 0.0943 
     H171935  1 0.1233 0.1569 0.1399 0.1726 0.1096 0.1341 0.1636 
     H171936  1 0.1356 0.1356 0.1067 0.1269 0.1639 0.2324 0.0989 
     H171940  1 0.2047 0.1314 0.1332 0.1598 0.0835 0.0679 0.2195 
     H171945  1 0.1189 0.1597 0.2026 0.1613 0.1112 0.0980 0.1484 
     H171948  1 0.1271 0.1515 0.1319 0.1552 0.1573 0.1189 0.1582 
     H171949  1 0.1642 0.0937 0.0946 0.1452 0.0889 0.0812 0.3322 
     H171950  1 0.1567 0.0827 0.1043 0.1806 0.0870 0.1309 0.2578 
     H171963  1 0.1450 0.2131 0.1769 0.1457 0.0987 0.1667 0.0539 
     H171964  1 0.0996 0.1897 0.3101 0.1093 0.1085 0.1116 0.0711 
     H171966  1 0.1390 0.1911 0.1544 0.1562 0.1151 0.1432 0.1010 
     H171968  1 0.1554 0.1890 0.1869 0.1394 0.0846 0.0626 0.1822 
     H171971  1 0.1475 0.1805 0.1702 0.1327 0.1307 0.1663 0.0722 
     H171972  1 0.0984 0.2104 0.1804 0.0934 0.1972 0.1692 0.0509 
     H171977  1 0.1572 0.1674 0.2148 0.1011 0.1200 0.1527 0.0867 
     H171978  1 0.1185 0.1882 0.1847 0.1536 0.1159 0.0926 0.1464 
     H171979  1 0.1452 0.2233 0.1769 0.1041 0.1679 0.1299 0.0526 
        H176  1 0.1278 0.1399 0.1815 0.1165 0.1463 0.1558 0.1321 
        H177  1 0.1354 0.1258 0.0950 0.1920 0.0777 0.0762 0.2979 
        H179  1 0.1884 0.0622 0.0828 0.2027 0.0910 0.1149 0.2579 
        H181  1 0.1381 0.1430 0.1931 0.1100 0.1500 0.1946 0.0711 
        H182  1 0.1869 0.1905 0.1477 0.1161 0.2078 0.0982 0.0529 
        H183  1 0.1327 0.1968 0.1740 0.1081 0.2139 0.1037 0.0708 
        H184  1 0.1325 0.1301 0.1291 0.1908 0.1286 0.0941 0.1947 
        H185  1 0.1383 0.1603 0.1417 0.1357 0.1272 0.1723 0.1245 
        H186  1 0.1829 0.1772 0.2654 0.1298 0.0583 0.0840 0.1024 
        H187  1 0.1492 0.1636 0.1215 0.1836 0.1674 0.1129 0.1018 
        H188  1 0.2146 0.0664 0.0793 0.1529 0.1061 0.1395 0.2411 
        H192  1 0.1201 0.1247 0.1504 0.1851 0.1103 0.1019 0.2076 
        H193  1 0.1785 0.2013 0.2063 0.1243 0.1345 0.0891 0.0660 
        H194  1 0.1377 0.1382 0.1316 0.1295 0.1503 0.1498 0.1629 
        H195  1 0.1397 0.2449 0.2160 0.1412 0.0827 0.1090 0.0665 
        H199  1 0.1296 0.2309 0.2106 0.1251 0.1179 0.0970 0.0889 
        H200  1 0.1082 0.1226 0.1466 0.1456 0.1798 0.1367 0.1605 
        H414  1 0.1676 0.1978 0.1669 0.1127 0.1412 0.1144 0.0994 
        H415  1 0.1148 0.1713 0.1334 0.1085 0.1976 0.2036 0.0707 
        H422  1 0.1280 0.1593 0.2116 0.1305 0.1174 0.0941 0.1590 
        H423  1 0.0746 0.0782 0.0823 0.2069 0.0620 0.0587 0.4373 
        H424  1 0.1147 0.1682 0.2202 0.1328 0.1813 0.1183 0.0644 
        H425  1 0.1335 0.1817 0.3001 0.1050 0.1081 0.1010 0.0706 
        H426  1 0.1336 0.2359 0.2386 0.1229 0.1133 0.0901 0.0655 
        H443  1 0.2020 0.1346 0.3137 0.1056 0.0733 0.0661 0.1048 
        H466  1 0.1488 0.1743 0.1641 0.1407 0.1094 0.1141 0.1486 
        H467  1 0.1295 0.1157 0.1346 0.1905 0.0806 0.1180 0.2311 
        H472  1 0.1591 0.1101 0.1236 0.1597 0.1218 0.1255 0.2002 
        H483  1 0.2230 0.1435 0.1578 0.1154 0.1231 0.1367 0.1005 
        H504  1 0.1006 0.2288 0.2162 0.0928 0.1549 0.1365 0.0702 
        H505  1 0.1937 0.1082 0.1018 0.1785 0.1013 0.1126 0.2038 
        H506  1 0.1386 0.1539 0.2319 0.1431 0.1014 0.1295 0.1016 
        H507  1 0.1518 0.2150 0.1363 0.1183 0.1671 0.1555 0.0559 
        H508  1 0.1498 0.1404 0.1178 0.1939 0.0903 0.1383 0.1695 
        H524  1 0.1185 0.1169 0.1136 0.1159 0.2250 0.2354 0.0745 
        H525  1 0.1599 0.1733 0.2226 0.1337 0.1272 0.1052 0.0781 
        H526  1 0.2059 0.0804 0.0968 0.1666 0.1188 0.1505 0.1811 
        H527  1 0.1524 0.1600 0.1417 0.1899 0.1262 0.0856 0.1442 
        H528  1 0.1220 0.1530 0.1595 0.1194 0.2117 0.1715 0.0627 
        H529  1 0.1687 0.1498 0.1938 0.1176 0.1495 0.1323 0.0883 
        H533  1 0.1569 0.2177 0.1212 0.1350 0.2076 0.1255 0.0360 
        H538  1 0.1940 0.1353 0.1160 0.1354 0.1335 0.1165 0.1693 
        H539  1 0.1967 0.1745 0.1086 0.1936 0.1224 0.1307 0.0735 
        H540  1 0.1365 0.1849 0.1746 0.1316 0.1512 0.1168 0.1044 
        H541  1 0.1948 0.1195 0.1154 0.1317 0.1197 0.1855 0.1335 
        H558  1 0.0890 0.2196 0.1287 0.1331 0.2541 0.1170 0.0585 
        H559  1 0.1915 0.1365 0.1772 0.1685 0.0992 0.0848 0.1423 
        H579  1 0.1470 0.1969 0.1862 0.1544 0.1692 0.0700 0.0764 
        H584  1 0.1180 0.1911 0.2194 0.1159 0.1376 0.1345 0.0835 
        H585  1 0.1354 0.1769 0.1613 0.1522 0.1255 0.1569 0.0918 
        H605  1 0.1461 0.1341 0.1312 0.1420 0.1316 0.1043 0.2108 
        H606  1 0.1310 0.0833 0.1277 0.1943 0.0701 0.0721 0.3215 
        H632  1 0.1375 0.1927 0.2652 0.1044 0.1058 0.1161 0.0783 
        H634  1 0.1508 0.1849 0.1533 0.1695 0.1520 0.0976 0.0920 
        H671  1 0.0910 0.0845 0.0946 0.1850 0.0832 0.0953 0.3663 
        H672  1 0.0702 0.0964 0.0845 0.0852 0.2984 0.2792 0.0860 
        H673  1 0.1616 0.1646 0.2362 0.1359 0.1128 0.0822 0.1066 
        H689  1 0.1695 0.1706 0.1928 0.1332 0.1354 0.1012 0.0973 
        H690  1 0.1474 0.1349 0.1149 0.1348 0.1294 0.1513 0.1873 
        H691  1 0.2041 0.1487 0.1459 0.1724 0.1033 0.1004 0.1252 
        H692  1 0.0970 0.1741 0.2673 0.1087 0.1883 0.1250 0.0397 
        H709  1 0.1330 0.1629 0.1379 0.1103 0.2033 0.1538 0.0988 
        H710  1 0.1549 0.2065 0.1657 0.1026 0.1700 0.1583 0.0421 
       H7355  1 0.1794 0.1140 0.1237 0.1401 0.1510 0.1701 0.1217 
       H7356  1 0.1498 0.1943 0.1642 0.1227 0.1652 0.1047 0.0991 
       H7357  1 0.1902 0.1207 0.1106 0.1791 0.1077 0.1054 0.1863 
       H7358  1 0.1889 0.1166 0.1065 0.1933 0.1438 0.0898 0.1611 
       H7380  1 0.1560 0.1804 0.2217 0.1114 0.1338 0.0912 0.1055 
       H7381  1 0.0997 0.1554 0.2333 0.1405 0.1003 0.1057 0.1651 
       H7382  1 0.1266 0.2187 0.1850 0.1390 0.1235 0.1168 0.0904 
        H904  1 0.0987 0.0740 0.0993 0.1917 0.0531 0.0709 0.4122 
        H923  1 0.1343 0.1326 0.1540 0.1560 0.1411 0.1275 0.1545 
        H924  1 0.1618 0.1264 0.1388 0.1588 0.0991 0.1042 0.2109 
        H925  1 0.2779 0.0672 0.0825 0.2093 0.0809 0.0834 0.1988 
       H9558  1 0.0842 0.2109 0.1492 0.1357 0.2836 0.0900 0.0464 
        H008  2 0.1128 0.1524 0.1427 0.1346 0.1760 0.1918 0.0896 
        H021  2 0.1980 0.1283 0.1423 0.1304 0.0885 0.1114 0.2011 
        H023  2 0.2280 0.1031 0.0938 0.1765 0.0869 0.0842 0.2276 
        H024  2 0.0538 0.1092 0.0983 0.0698 0.2491 0.3733 0.0466 
        H025  2 0.1058 0.1447 0.1715 0.1711 0.0970 0.0764 0.2335 
        H026  2 0.0784 0.1535 0.2495 0.0624 0.2128 0.1925 0.0507 
        H027  2 0.1480 0.1096 0.1020 0.1290 0.1810 0.2114 0.1190 
        H028  2 0.1306 0.1403 0.1721 0.1116 0.1888 0.1675 0.0891 
        H029  2 0.1243 0.1305 0.1543 0.1252 0.1822 0.1840 0.0997 
        H030  2 0.0808 0.2168 0.1575 0.0760 0.1877 0.2315 0.0496 
        H038  2 0.2320 0.1071 0.0983 0.2291 0.0561 0.1219 0.1555 
        H039  2 0.0461 0.0428 0.0471 0.2164 0.0408 0.0485 0.5584 
        H040  2 0.1893 0.0983 0.0999 0.2052 0.0817 0.1359 0.1897 
        H041  2 0.1338 0.0975 0.1022 0.1156 0.1910 0.2268 0.1329 
        H042  2 0.1847 0.1145 0.1254 0.1495 0.1264 0.1010 0.1985 
        H043  2 0.1680 0.1278 0.0982 0.2671 0.0596 0.1008 0.1784 
        H044  2 0.0873 0.1773 0.1703 0.1446 0.2473 0.1185 0.0547 
        H047  2 0.0962 0.1514 0.1547 0.1205 0.1916 0.1358 0.1497 
        H050  2 0.0886 0.1039 0.1055 0.0705 0.3279 0.2533 0.0503 
        H058  2 0.1606 0.1582 0.1286 0.1940 0.1105 0.1258 0.1223 
        H062  2 0.2735 0.0835 0.0895 0.2002 0.0537 0.0528 0.2468 
        H063  2 0.1352 0.1202 0.1084 0.1842 0.1093 0.1374 0.2052 
        H065  2 0.1647 0.1487 0.2636 0.1159 0.0975 0.0676 0.1421 
        H066  2 0.1320 0.1505 0.1355 0.1295 0.1970 0.1870 0.0685 
        H067  2 0.2123 0.1263 0.1621 0.1501 0.1063 0.1241 0.1188 
        H068  2 0.1598 0.1060 0.1066 0.1775 0.0992 0.0915 0.2595 
        H069  2 0.1470 0.1766 0.1262 0.1918 0.1281 0.1261 0.1042 
        H071  2 0.1423 0.1461 0.1595 0.1240 0.1061 0.1310 0.1909 
        H072  2 0.0874 0.0963 0.0968 0.1867 0.1011 0.1104 0.3213 
        H073  2 0.1682 0.1720 0.1812 0.1428 0.1130 0.1238 0.0990 
        H081  2 0.1856 0.0902 0.0897 0.1542 0.1191 0.1252 0.2360 
        H082  2 0.0983 0.1796 0.1435 0.1026 0.2376 0.1837 0.0547 
        H083  2 0.1268 0.2986 0.1733 0.0943 0.1419 0.1088 0.0563 
        H084  2 0.1373 0.1203 0.1182 0.1871 0.1389 0.1773 0.1209 
        H085  2 0.1667 0.0759 0.0837 0.1022 0.1738 0.2317 0.1660 
        H087  2 0.2580 0.0998 0.1026 0.1609 0.0878 0.0982 0.1927 
        H088  2 0.1337 0.1443 0.1168 0.1748 0.1270 0.0988 0.2047 
        H089  2 0.2016 0.1402 0.1168 0.1845 0.1055 0.1030 0.1484 
        H090  2 0.0647 0.0966 0.0872 0.0556 0.3342 0.2975 0.0641 
        H091  2 0.0796 0.0932 0.0802 0.0459 0.2887 0.3508 0.0616 
        H098  2 0.1115 0.1035 0.1114 0.1322 0.1797 0.2553 0.1064 
      H10001  2 0.0516 0.0433 0.0563 0.2038 0.0371 0.0483 0.5597 
      H10002  2 0.1540 0.1397 0.1219 0.1903 0.1025 0.0751 0.2165 
        H101  2 0.0798 0.0862 0.0912 0.0652 0.3406 0.2893 0.0478 
        H108  2 0.1801 0.0685 0.1061 0.1612 0.0641 0.0555 0.3644 
        H109  2 0.1030 0.1066 0.1265 0.1465 0.1855 0.2173 0.1146 
        H110  2 0.1761 0.1370 0.1500 0.1540 0.1478 0.1363 0.0989 
        H116  2 0.1081 0.1909 0.1896 0.1162 0.1512 0.1855 0.0586 
        H117  2 0.0780 0.0550 0.0670 0.0537 0.2944 0.3850 0.0669 
        H118  2 0.0816 0.1071 0.1126 0.0635 0.2577 0.3093 0.0681 
        H119  2 0.1137 0.1061 0.1324 0.1238 0.1351 0.2334 0.1555 
        H120  2 0.1307 0.0656 0.0715 0.1949 0.0582 0.0609 0.4181 
        H121  2 0.0740 0.0907 0.0710 0.0581 0.3277 0.2964 0.0821 
        H125  2 0.0740 0.0462 0.0466 0.2465 0.0390 0.0587 0.4891 
        H126  2 0.0882 0.1803 0.2174 0.1254 0.1704 0.1028 0.1155 
        H128  2 0.0453 0.0889 0.0819 0.0310 0.3565 0.3671 0.0294 
        H129  2 0.1401 0.2127 0.2508 0.1187 0.1044 0.1180 0.0553 
        H130  2 0.1129 0.1568 0.2030 0.1300 0.1137 0.0593 0.2245 
        H133  2 0.0974 0.0957 0.1110 0.1845 0.0845 0.0862 0.3407 
        H134  2 0.0914 0.1952 0.3336 0.0737 0.1206 0.1353 0.0501 
        H135  2 0.1496 0.1432 0.1240 0.1635 0.1510 0.1003 0.1684 
        H137  2 0.0937 0.0925 0.0816 0.0930 0.2323 0.3004 0.1064 
        H138  2 0.1342 0.2444 0.2688 0.0832 0.1405 0.0845 0.0444 
        H140  2 0.0741 0.1000 0.1295 0.0988 0.2578 0.2442 0.0956 
        H146  2 0.0414 0.0691 0.0693 0.0427 0.3302 0.4001 0.0472 
        H147  2 0.1508 0.1499 0.1219 0.1168 0.1612 0.2128 0.0864 
        H148  2 0.1320 0.1141 0.1106 0.0851 0.1991 0.2710 0.0880 
     H166022  2 0.1408 0.1723 0.1180 0.1475 0.2060 0.1572 0.0583 
     H167359  2 0.1211 0.1921 0.1428 0.1385 0.1823 0.1277 0.0955 
     H167397  2 0.0919 0.1363 0.1092 0.1016 0.2291 0.2865 0.0454 
     H167428  2 0.2410 0.1226 0.1040 0.1287 0.1389 0.1475 0.1172 
     H167496  2 0.1049 0.0777 0.0677 0.1644 0.1023 0.1095 0.3735 
     H167513  2 0.1584 0.1305 0.0991 0.1945 0.1314 0.2087 0.0774 
     H167545  2 0.1738 0.2069 0.1357 0.1271 0.2055 0.0962 0.0548 
     H167547  2 0.0850 0.1236 0.1385 0.0679 0.2096 0.3392 0.0362 
     H169621  2 0.1067 0.1722 0.1480 0.0723 0.2106 0.2266 0.0637 
     H169622  2 0.1359 0.2462 0.1655 0.1628 0.0993 0.1141 0.0762 
     H169750  2 0.1189 0.1966 0.1379 0.1586 0.1147 0.1208 0.1526 
     H171806  2 0.0962 0.1046 0.1211 0.0969 0.2256 0.2272 0.1285 
     H171808  2 0.1819 0.1308 0.1148 0.1977 0.1111 0.0875 0.1762 
     H171809  2 0.1721 0.1298 0.1392 0.1704 0.1162 0.1035 0.1688 
     H171813  2 0.1252 0.1816 0.2157 0.1340 0.1468 0.1190 0.0776 
     H171815  2 0.1329 0.0946 0.0962 0.2438 0.0661 0.0948 0.2717 
     H171824  2 0.1687 0.0969 0.1246 0.1422 0.1146 0.1526 0.2005 
     H171825  2 0.1718 0.2129 0.1547 0.1535 0.1107 0.0914 0.1050 
     H171826  2 0.1267 0.1363 0.1620 0.1314 0.1440 0.1423 0.1574 
     H171827  2 0.1907 0.1982 0.1475 0.1459 0.0976 0.1356 0.0846 
     H171828  2 0.1061 0.0600 0.0677 0.1786 0.0614 0.0735 0.4528 
     H171829  2 0.1093 0.1458 0.1782 0.1459 0.1184 0.1513 0.1511 
     H171830  2 0.1181 0.1460 0.1113 0.1414 0.1922 0.2041 0.0869 
     H171831  2 0.1180 0.1594 0.2276 0.1204 0.1501 0.1592 0.0653 
     H171832  2 0.0991 0.1978 0.1797 0.1655 0.2052 0.0717 0.0808 
     H171863  2 0.0938 0.2194 0.2146 0.0924 0.1844 0.1495 0.0457 
     H171864  2 0.1206 0.0946 0.1080 0.1152 0.1826 0.2549 0.1243 
     H171865  2 0.1236 0.0848 0.0891 0.2184 0.1107 0.1031 0.2703 
     H171879  2 0.0733 0.1252 0.1123 0.1157 0.2102 0.2778 0.0856 
     H171880  2 0.0715 0.0966 0.0898 0.0848 0.2586 0.3456 0.0531 
     H171881  2 0.1995 0.1321 0.1682 0.1208 0.1358 0.1371 0.1063 
     H171882  2 0.0640 0.0503 0.0542 0.2233 0.0583 0.0484 0.5015 
     H171929  2 0.1275 0.1361 0.1341 0.1143 0.1932 0.1802 0.1146 
     H171930  2 0.1026 0.1822 0.1033 0.0988 0.3299 0.1356 0.0477 
     H171933  2 0.1308 0.1647 0.1394 0.1043 0.1822 0.1706 0.1080 
     H171934  2 0.2029 0.0921 0.1129 0.1414 0.1134 0.1891 0.1481 
     H171937  2 0.0921 0.1845 0.1853 0.1493 0.2196 0.0871 0.0821 
     H171962  2 0.1719 0.1852 0.1525 0.1277 0.1693 0.1000 0.0934 
        H190  2 0.1363 0.1560 0.1543 0.1190 0.1994 0.1499 0.0852 
        H191  2 0.1434 0.1168 0.1361 0.1268 0.1406 0.2091 0.1273 
        H396  2 0.2813 0.0663 0.0769 0.1834 0.0737 0.0884 0.2299 
        H397  2 0.1526 0.1588 0.1570 0.1178 0.1742 0.1391 0.1005 
        H398  2 0.1646 0.1389 0.2124 0.1379 0.0861 0.0770 0.1831 
        H400  2 0.2154 0.1004 0.0947 0.2076 0.0975 0.0978 0.1867 
        H401  2 0.0564 0.1090 0.0805 0.0507 0.2209 0.4499 0.0325 
        H402  2 0.1695 0.1565 0.1139 0.1375 0.1643 0.1965 0.0618 
        H427  2 0.2642 0.0792 0.1050 0.1854 0.0919 0.1068 0.1675 
        H428  2 0.2368 0.1347 0.1267 0.1268 0.1250 0.1395 0.1106 
        H497  2 0.1468 0.1319 0.1198 0.2128 0.1125 0.1483 0.1279 
        H512  2 0.1119 0.1189 0.1464 0.1094 0.1661 0.2653 0.0819 
        H513  2 0.1678 0.1157 0.0944 0.2012 0.1339 0.2132 0.0737 
        H514  2 0.1044 0.2697 0.2142 0.1158 0.1402 0.0970 0.0586 
        H519  2 0.1347 0.1330 0.1030 0.1853 0.1434 0.2182 0.0824 
        H532  2 0.2408 0.1092 0.1108 0.1654 0.1005 0.1294 0.1438 
        H543  2 0.1416 0.2189 0.1281 0.1272 0.1778 0.1525 0.0537 
        H544  2 0.1076 0.2232 0.2219 0.1395 0.1260 0.0670 0.1149 
        H545  2 0.1529 0.2166 0.1398 0.1173 0.2354 0.0869 0.0512 
        H546  2 0.1520 0.0992 0.1043 0.2015 0.1019 0.0735 0.2676 
        H547  2 0.0833 0.1418 0.1255 0.0665 0.2156 0.3292 0.0382 
        H548  2 0.1674 0.1381 0.1216 0.1889 0.1432 0.1090 0.1318 
        H549  2 0.2266 0.1168 0.0721 0.2358 0.0921 0.1718 0.0848 
        H620  2 0.0737 0.0548 0.0581 0.2153 0.0532 0.0583 0.4866 
        H623  2 0.1010 0.2186 0.1639 0.1235 0.2151 0.1074 0.0706 
        H624  2 0.1655 0.2000 0.1528 0.1882 0.0811 0.1012 0.1113 
        H625  2 0.2333 0.1236 0.1118 0.1489 0.1102 0.0982 0.1741 
        H626  2 0.1409 0.1577 0.1197 0.1943 0.1336 0.1492 0.1047 
        H654  2 0.1378 0.0611 0.0616 0.3137 0.0388 0.0605 0.3266 
        H655  2 0.1511 0.2115 0.1540 0.1250 0.1379 0.1064 0.1139 
        H656  2 0.0934 0.0516 0.0541 0.1838 0.0414 0.0478 0.5279 
        H666  2 0.0532 0.0534 0.0739 0.1925 0.0976 0.1186 0.4109 
        H667  2 0.1907 0.1549 0.1592 0.1599 0.1084 0.1337 0.0932 
        H677  2 0.1657 0.1590 0.1624 0.1378 0.1375 0.1298 0.1078 
        H693  2 0.2268 0.0710 0.0798 0.1586 0.0564 0.0689 0.3386 
        H694  2 0.1016 0.1777 0.1518 0.1233 0.2378 0.1087 0.0990 
        H701  2 0.1049 0.1774 0.1439 0.1165 0.2526 0.1434 0.0612 
        H702  2 0.1578 0.1519 0.1580 0.1688 0.1412 0.1286 0.0936 
        H731  2 0.1300 0.1447 0.1368 0.1502 0.1094 0.1241 0.2049 
       H7359  2 0.1113 0.1987 0.1562 0.1405 0.1702 0.1285 0.0945 
       H7389  2 0.1569 0.1115 0.1161 0.1332 0.1539 0.2082 0.1202 
       H7390  2 0.1597 0.1121 0.1179 0.2139 0.0798 0.1271 0.1895 
       H7391  2 0.2408 0.0656 0.0763 0.1261 0.1187 0.2148 0.1577 
       H7392  2 0.1630 0.1558 0.1875 0.1339 0.1096 0.1274 0.1227 
       H7393  2 0.1321 0.1263 0.1414 0.1618 0.1267 0.1518 0.1600 
       H7398  2 0.1307 0.0947 0.0864 0.1009 0.1813 0.2733 0.1327 
       H7399  2 0.1409 0.1956 0.1795 0.1113 0.1682 0.1366 0.0679 
       H7400  2 0.0852 0.0607 0.0598 0.2266 0.0445 0.0397 0.4836 
        H745  2 0.0771 0.1844 0.3315 0.0928 0.0933 0.1580 0.0629 
        H746  2 0.1828 0.2282 0.1687 0.1345 0.0933 0.1163 0.0762 
        H747  2 0.1115 0.0964 0.0820 0.1529 0.1093 0.1526 0.2953 
        H748  2 0.1412 0.2038 0.1560 0.1275 0.1444 0.1396 0.0875 
       H7484  2 0.0733 0.0638 0.0778 0.1693 0.0712 0.0928 0.4519 
       H7485  2 0.1490 0.1701 0.1515 0.1922 0.1063 0.1523 0.0786 
        H749  2 0.1695 0.1809 0.1691 0.1926 0.1103 0.0929 0.0847 
        H930  2 0.1122 0.1590 0.1024 0.0958 0.3165 0.1616 0.0524 
        H931  2 0.1251 0.1381 0.1424 0.1161 0.1678 0.1798 0.1308 
        H932  2 0.1123 0.1177 0.1335 0.0944 0.1644 0.2776 0.1001 
        H111  3 0.1021 0.1950 0.1951 0.1263 0.2060 0.1257 0.0497 
        H951  3 0.1276 0.1848 0.1597 0.1141 0.1397 0.2007 0.0734 
        H952  3 0.1142 0.1419 0.1707 0.0913 0.1915 0.1801 0.1104 
        H953  3 0.2012 0.0629 0.0820 0.1472 0.1484 0.2076 0.1507 
        H954  3 0.1213 0.1137 0.0973 0.2079 0.1201 0.1103 0.2292 
        H955  3 0.1251 0.2423 0.1496 0.1099 0.2241 0.1049 0.0441 
        H956  3 0.1155 0.0945 0.0907 0.1122 0.2256 0.2795 0.0820 
       H9563  3 0.1360 0.1003 0.1059 0.1292 0.1307 0.2312 0.1667 
        H002  4 0.1260 0.1289 0.1654 0.1832 0.1156 0.0831 0.1978 
        H003  4 0.1792 0.2238 0.1974 0.1148 0.0899 0.1001 0.0949 
        H009  4 0.1211 0.1894 0.1930 0.1710 0.1424 0.1116 0.0716 
        H010  4 0.1542 0.1451 0.1711 0.1111 0.1472 0.1687 0.1025 
        H011  4 0.1648 0.0883 0.0765 0.1644 0.0698 0.0645 0.3717 
        H012  4 0.1491 0.1743 0.1610 0.1268 0.1619 0.1494 0.0774 
        H013  4 0.1642 0.1670 0.1334 0.1604 0.0941 0.0914 0.1896 
        H014  4 0.1421 0.1843 0.1544 0.1092 0.1757 0.1422 0.0922 
        H045  4 0.2095 0.0543 0.0639 0.1607 0.1109 0.1740 0.2268 
        H046  4 0.1580 0.1864 0.2017 0.1373 0.1242 0.0925 0.0998 
        H051  4 0.1609 0.1144 0.1201 0.1476 0.0931 0.0933 0.2708 
        H052  4 0.1176 0.1050 0.1571 0.1529 0.0936 0.0802 0.2937 
        H053  4 0.1430 0.1631 0.1612 0.1333 0.1405 0.1485 0.1103 
        H056  4 0.1071 0.0966 0.1246 0.1893 0.1103 0.1063 0.2658 
        H076  4 0.1334 0.1848 0.2127 0.1235 0.1044 0.1650 0.0761 
        H151  4 0.1268 0.1037 0.1537 0.2080 0.0731 0.0995 0.2351 
        H152  4 0.1238 0.1616 0.1998 0.1396 0.1153 0.0775 0.1825 
     H171803  4 0.2325 0.1019 0.1042 0.1917 0.0740 0.1474 0.1482 
     H171804  4 0.1581 0.1276 0.0967 0.1843 0.1094 0.1518 0.1721 
     H171833  4 0.1224 0.2007 0.2312 0.1204 0.1777 0.0903 0.0573 
     H171855  4 0.1268 0.1067 0.1294 0.2187 0.0597 0.0943 0.2645 
     H171856  4 0.1740 0.0906 0.0988 0.1527 0.1552 0.2343 0.0945 
     H171857  4 0.0975 0.1144 0.1727 0.1508 0.0830 0.1197 0.2619 
     H171858  4 0.1306 0.1311 0.1910 0.1320 0.1648 0.1182 0.1324 
     H171859  4 0.1212 0.1359 0.1911 0.1347 0.1284 0.1405 0.1484 
     H171961  4 0.1724 0.1222 0.1201 0.1761 0.0835 0.0882 0.2375 
        H198  4 0.1409 0.2685 0.1936 0.1047 0.1382 0.0933 0.0609 
      H20001  4 0.1250 0.2116 0.1708 0.1570 0.1749 0.1116 0.0491 
        H403  4 0.1481 0.1196 0.1379 0.1701 0.0957 0.1724 0.1562 
        H404  4 0.1562 0.1873 0.1958 0.1341 0.1340 0.0944 0.0982 
        H405  4 0.1611 0.1513 0.1704 0.1381 0.1463 0.1480 0.0849 
        H406  4 0.0658 0.0969 0.1134 0.1072 0.2028 0.3321 0.0818 
        H407  4 0.1421 0.0933 0.1077 0.1293 0.1565 0.2538 0.1173 
        H410  4 0.0841 0.0417 0.0572 0.0486 0.2434 0.4691 0.0558 
        H411  4 0.1123 0.1928 0.1691 0.1002 0.1989 0.1783 0.0484 
        H468  4 0.1927 0.1504 0.1160 0.1855 0.1248 0.1296 0.1011 
        H476  4 0.1461 0.2130 0.1160 0.1541 0.1739 0.1099 0.0871 
        H477  4 0.1231 0.2557 0.1923 0.1032 0.1770 0.0954 0.0533 
        H478  4 0.1713 0.1808 0.1442 0.1987 0.1266 0.1096 0.0687 
        H479  4 0.1800 0.1168 0.1145 0.1500 0.0915 0.0880 0.2593 
        H480  4 0.1572 0.2311 0.1398 0.1026 0.1942 0.1281 0.0470 
        H498  4 0.1555 0.2260 0.1891 0.0994 0.1196 0.1177 0.0926 
        H499  4 0.1879 0.1357 0.1335 0.1869 0.1287 0.0972 0.1301 
        H500  4 0.1519 0.1072 0.0924 0.2095 0.0809 0.1182 0.2399 
        H515  4 0.1344 0.1443 0.1540 0.1491 0.1476 0.1240 0.1465 
        H516  4 0.0959 0.1871 0.1760 0.1068 0.2104 0.1398 0.0840 
        H517  4 0.0870 0.1161 0.1383 0.0964 0.2274 0.2572 0.0776 
        H518  4 0.0956 0.1132 0.1316 0.1743 0.1122 0.0926 0.2804 
        H520  4 0.1278 0.0962 0.0953 0.1841 0.0838 0.1507 0.2622 
        H521  4 0.1796 0.1380 0.1515 0.1378 0.1225 0.1498 0.1209 
        H522  4 0.2063 0.1739 0.1122 0.1490 0.1261 0.1379 0.0946 
        H523  4 0.1235 0.1395 0.1339 0.1186 0.2117 0.1727 0.1001 
        H536  4 0.1915 0.1329 0.2085 0.1580 0.0766 0.0828 0.1497 
        H645  4 0.2478 0.0685 0.0806 0.2142 0.0666 0.0829 0.2394 
        H646  4 0.0667 0.1026 0.1134 0.0644 0.2883 0.3131 0.0516 
        H647  4 0.1316 0.1892 0.1377 0.1921 0.1152 0.1404 0.0939 
        H657  4 0.1401 0.1427 0.1300 0.1029 0.1849 0.2369 0.0626 
        H658  4 0.1265 0.1521 0.1272 0.1260 0.2012 0.1770 0.0899 
        H659  4 0.1508 0.0787 0.0734 0.2770 0.0498 0.1028 0.2675 
        H660  4 0.1368 0.1626 0.1481 0.1717 0.1434 0.0996 0.1378 
        H661  4 0.1375 0.1291 0.1638 0.2128 0.0918 0.1307 0.1343 
        H668  4 0.1909 0.1545 0.1814 0.1462 0.1644 0.0857 0.0768 
        H669  4 0.1349 0.1230 0.1262 0.1265 0.1726 0.1763 0.1406 
        H670  4 0.2159 0.0955 0.1354 0.1893 0.0842 0.0715 0.2081 
        H678  4 0.1466 0.1664 0.1344 0.1730 0.1247 0.1623 0.0925 
        H679  4 0.0810 0.1325 0.1134 0.1099 0.2825 0.2214 0.0594 
        H680  4 0.1460 0.1551 0.1759 0.1608 0.0845 0.1724 0.1054 
        H681  4 0.1384 0.1441 0.1414 0.1850 0.1440 0.0712 0.1760 
        H682  4 0.1550 0.1593 0.1134 0.1177 0.2045 0.1837 0.0664 
        H683  4 0.0783 0.1483 0.1384 0.1453 0.1251 0.1362 0.2283 
        H718  4 0.0728 0.0571 0.0719 0.1697 0.1067 0.1347 0.3871 
        H719  4 0.2327 0.1055 0.0906 0.1401 0.1145 0.1097 0.2069 
        H720  4 0.1761 0.1186 0.1497 0.1879 0.0842 0.0919 0.1916 
        H721  4 0.1486 0.1500 0.1872 0.1558 0.0752 0.1083 0.1750 
        H722  4 0.0795 0.1445 0.2602 0.1597 0.0900 0.1257 0.1404 
        H723  4 0.1115 0.0933 0.0915 0.1622 0.1088 0.1799 0.2528 
        H724  4 0.0984 0.0624 0.0659 0.2073 0.0684 0.1080 0.3896 
        H725  4 0.1084 0.0674 0.0704 0.2086 0.0661 0.0735 0.4057 
        H726  4 0.1072 0.1427 0.1428 0.1623 0.1098 0.1213 0.2138 
        H727  4 0.1551 0.1077 0.1346 0.1292 0.1111 0.1395 0.2228 
        H910  4 0.1422 0.1104 0.1289 0.1313 0.1467 0.1669 0.1737 
        H911  4 0.0764 0.1138 0.1330 0.0839 0.2168 0.3081 0.0680 
        H912  4 0.1163 0.1737 0.1566 0.1477 0.1317 0.1522 0.1218 
        H913  4 0.1428 0.1638 0.1149 0.1278 0.1369 0.1826 0.1312 
        H914  4 0.1886 0.0965 0.1300 0.1800 0.0861 0.1427 0.1761 
        H915  4 0.1388 0.1465 0.1219 0.1672 0.1668 0.1643 0.0946 
        H916  4 0.1258 0.1888 0.1587 0.1095 0.2068 0.1476 0.0629 
       H9572  4 0.1898 0.0999 0.1090 0.1661 0.1007 0.1911 0.1434 
        H015  5 0.1535 0.1903 0.1417 0.1207 0.1967 0.1301 0.0669 
        H016  5 0.0953 0.2046 0.2970 0.1030 0.1173 0.1242 0.0585 
        H017  5 0.1817 0.1826 0.1682 0.1246 0.1136 0.1662 0.0630 
        H019  5 0.1243 0.1963 0.1561 0.1495 0.1883 0.0931 0.0924 
        H020  5 0.1940 0.1015 0.1274 0.1603 0.1264 0.0996 0.1908 
        H032  5 0.0883 0.1463 0.1509 0.1435 0.1790 0.1375 0.1544 
        H033  5 0.1814 0.1798 0.1494 0.1014 0.2136 0.0991 0.0753 
        H034  5 0.1278 0.0978 0.1571 0.1323 0.1239 0.1125 0.2486 
        H035  5 0.1511 0.1520 0.1368 0.1568 0.1307 0.1732 0.0994 
        H036  5 0.1386 0.1401 0.1242 0.1053 0.1973 0.1964 0.0980 
        H037  5 0.1905 0.1454 0.1412 0.1704 0.0957 0.1137 0.1432 
        H048  5 0.1701 0.0643 0.0642 0.2046 0.0712 0.0993 0.3262 
        H049  5 0.1103 0.1789 0.1492 0.1507 0.2413 0.0805 0.0891 
        H054  5 0.1162 0.1139 0.2089 0.0958 0.1396 0.1901 0.1356 
        H055  5 0.1436 0.1403 0.2501 0.1353 0.1098 0.0877 0.1334 
        H057  5 0.0957 0.2010 0.3404 0.1111 0.0894 0.0839 0.0784 
        H060  5 0.1543 0.1374 0.2333 0.1388 0.1182 0.0722 0.1458 
        H061  5 0.1832 0.1403 0.1901 0.1407 0.1254 0.1012 0.1191 
        H064  5 0.1382 0.1656 0.1746 0.1387 0.0900 0.1094 0.1835 
        H070  5 0.1431 0.1492 0.1797 0.1404 0.1347 0.0994 0.1536 
        H077  5 0.1115 0.1090 0.1150 0.1840 0.0944 0.0904 0.2956 
        H078  5 0.1410 0.1609 0.1447 0.1477 0.0964 0.1491 0.1603 
        H079  5 0.1308 0.1262 0.1051 0.1150 0.1986 0.2257 0.0987 
        H097  5 0.1146 0.2378 0.1894 0.1315 0.1369 0.0967 0.0932 
        H107  5 0.1284 0.0700 0.0731 0.1918 0.0510 0.0693 0.4164 
        H122  5 0.1765 0.1904 0.1559 0.1341 0.1051 0.1491 0.0889 
        H123  5 0.0942 0.1208 0.1402 0.0878 0.2015 0.3014 0.0541 
        H124  5 0.1085 0.1189 0.1196 0.0911 0.2088 0.2881 0.0651 
        H131  5 0.1141 0.1009 0.1202 0.0777 0.2924 0.2234 0.0713 
        H132  5 0.1698 0.1191 0.1364 0.1533 0.1090 0.1577 0.1548 
        H141  5 0.1780 0.1148 0.1375 0.1895 0.0945 0.1269 0.1589 
        H142  5 0.1831 0.2252 0.1675 0.1054 0.1698 0.0883 0.0607 
        H157  5 0.1577 0.1048 0.1158 0.1656 0.0908 0.1178 0.2475 
        H158  5 0.1020 0.2327 0.1732 0.0973 0.2123 0.1372 0.0453 
        H159  5 0.1608 0.1763 0.1501 0.1262 0.1335 0.1636 0.0894 
        H160  5 0.1687 0.1510 0.1130 0.1560 0.1264 0.1559 0.1291 
        H163  5 0.1366 0.1547 0.1384 0.1204 0.2204 0.1580 0.0714 
        H164  5 0.1022 0.2155 0.1514 0.1542 0.1718 0.1253 0.0796 
        H165  5 0.1587 0.1123 0.1434 0.1279 0.1852 0.1770 0.0956 
        H166  5 0.2130 0.1604 0.1250 0.1196 0.1764 0.0852 0.1203 
        H169  5 0.1445 0.2004 0.1453 0.1234 0.2027 0.0870 0.0967 
     H169613  5 0.1210 0.1987 0.1801 0.1076 0.2084 0.0766 0.1078 
     H169653  5 0.1669 0.2046 0.1566 0.1075 0.1767 0.1122 0.0755 
     H169728  5 0.1485 0.1567 0.1461 0.1310 0.1590 0.1552 0.1035 
     H169742  5 0.3099 0.0671 0.0704 0.2177 0.0468 0.0450 0.2432 
        H170  5 0.1304 0.1723 0.2328 0.1394 0.1430 0.0870 0.0950 
        H171  5 0.1016 0.2252 0.2402 0.0955 0.1239 0.1474 0.0662 
     H171851  5 0.1231 0.2088 0.2057 0.1288 0.1654 0.0793 0.0890 
     H171852  5 0.1226 0.1323 0.1259 0.2193 0.0821 0.0949 0.2228 
     H171853  5 0.1536 0.1069 0.1091 0.1494 0.1334 0.1643 0.1834 
     H171854  5 0.1054 0.1769 0.1565 0.1577 0.1862 0.1191 0.0983 
     H171938  5 0.1789 0.1393 0.1335 0.1537 0.1188 0.1231 0.1527 
     H171939  5 0.1575 0.1893 0.1804 0.1409 0.0963 0.1177 0.1181 
     H171941  5 0.1574 0.1130 0.1303 0.1350 0.0735 0.0684 0.3223 
     H171965  5 0.1428 0.2534 0.2164 0.0952 0.1839 0.0526 0.0557 
     H171970  5 0.1341 0.0751 0.1067 0.1671 0.0651 0.0645 0.3875 
     H171973  5 0.1940 0.1346 0.1277 0.1677 0.1251 0.1206 0.1302 
     H171974  5 0.1824 0.1272 0.1720 0.1328 0.1240 0.1405 0.1211 
     H171975  5 0.1751 0.1149 0.1208 0.1166 0.1280 0.1216 0.2228 
     H171976  5 0.1382 0.1644 0.1492 0.1589 0.1990 0.0824 0.1079 
        H175  5 0.1584 0.0938 0.1155 0.1533 0.1015 0.1254 0.2521 
        H178  5 0.1768 0.1636 0.1609 0.1356 0.1047 0.0859 0.1726 
        H189  5 0.1002 0.1818 0.1531 0.0947 0.2345 0.1880 0.0476 
        H399  5 0.1212 0.1314 0.2471 0.1244 0.0743 0.1883 0.1133 
        H416  5 0.1594 0.1438 0.1204 0.2013 0.0976 0.1043 0.1733 
        H438  5 0.1544 0.1113 0.1108 0.1296 0.1508 0.2097 0.1333 
        H450  5 0.1468 0.1270 0.1931 0.1710 0.0987 0.0750 0.1885 
        H455  5 0.1474 0.0743 0.0894 0.1506 0.0621 0.0653 0.4109 
        H456  5 0.2228 0.1244 0.1075 0.1688 0.0954 0.1214 0.1598 
        H457  5 0.1084 0.1377 0.1772 0.1688 0.1056 0.0665 0.2358 
        H458  5 0.1310 0.1570 0.1599 0.1396 0.1296 0.1141 0.1688 
        H459  5 0.1298 0.2591 0.1438 0.1014 0.1936 0.1162 0.0560 
        H460  5 0.1658 0.1524 0.1284 0.1760 0.1250 0.1402 0.1123 
        H461  5 0.0974 0.2222 0.1853 0.1212 0.2215 0.0861 0.0663 
        H462  5 0.1322 0.1177 0.1119 0.0900 0.2365 0.2124 0.0992 
        H469  5 0.1117 0.1274 0.1355 0.1089 0.2067 0.2367 0.0730 
        H470  5 0.1563 0.1564 0.1300 0.1728 0.1181 0.1591 0.1072 
        H471  5 0.1059 0.2082 0.1599 0.0862 0.1896 0.2035 0.0467 
        H481  5 0.0981 0.0793 0.0845 0.1786 0.0866 0.0983 0.3746 
        H482  5 0.1334 0.1517 0.2007 0.1440 0.1404 0.0996 0.1302 
        H501  5 0.1601 0.2037 0.1125 0.1633 0.1399 0.1098 0.1106 
        H502  5 0.1280 0.2374 0.1782 0.1001 0.1916 0.1121 0.0526 
        H503  5 0.1514 0.1670 0.1628 0.1104 0.1635 0.1759 0.0691 
        H509  5 0.1488 0.0766 0.0873 0.1599 0.1017 0.1305 0.2953 
        H510  5 0.1519 0.1728 0.1404 0.1334 0.1723 0.1076 0.1216 
        H511  5 0.1430 0.2046 0.1908 0.1273 0.1575 0.1109 0.0658 
        H530  5 0.1673 0.1102 0.1100 0.1785 0.1235 0.1453 0.1653 
        H531  5 0.1273 0.1066 0.1062 0.2441 0.0691 0.1069 0.2398 
        H564  5 0.1486 0.1441 0.1205 0.2221 0.1152 0.0750 0.1744 
        H565  5 0.1431 0.1214 0.0868 0.2127 0.0916 0.0610 0.2835 
        H567  5 0.0846 0.0974 0.1107 0.0676 0.3253 0.2442 0.0703 
     H568???  5 0.1153 0.1825 0.2281 0.1027 0.1812 0.1284 0.0617 
        H608  5 0.1447 0.1355 0.2141 0.1469 0.1214 0.0621 0.1753 
        H609  5 0.2303 0.1200 0.1157 0.1527 0.1108 0.0904 0.1802 
        H612  5 0.1742 0.0665 0.0768 0.2324 0.0546 0.0902 0.3052 
        H614  5 0.1421 0.1215 0.1075 0.2279 0.0697 0.1046 0.2268 
        H615  5 0.1241 0.1984 0.1412 0.1902 0.1033 0.0816 0.1611 
        H616  5 0.1005 0.0616 0.0861 0.1690 0.0679 0.0846 0.4303 
        H617  5 0.1657 0.1520 0.1151 0.1182 0.1814 0.1924 0.0753 
        H618  5 0.1494 0.0931 0.1137 0.1614 0.0942 0.1016 0.2866 
        H619  5 0.2631 0.0884 0.1076 0.2115 0.0714 0.0509 0.2071 
        H635  5 0.1614 0.1402 0.1558 0.1325 0.1947 0.1063 0.1090 
        H636  5 0.2054 0.1267 0.1423 0.1694 0.1176 0.0916 0.1471 
        H637  5 0.1902 0.1187 0.0914 0.2077 0.0927 0.0552 0.2441 
        H644  5 0.0784 0.1859 0.2200 0.0805 0.1885 0.2034 0.0434 
        H711  5 0.1270 0.2113 0.2062 0.1623 0.1273 0.0947 0.0713 
        H712  5 0.2022 0.0966 0.1078 0.1543 0.0980 0.0959 0.2452 
       H7360  5 0.1383 0.1881 0.2207 0.1427 0.0904 0.0937 0.1262 
       H7361  5 0.1288 0.1297 0.1807 0.1473 0.1353 0.0888 0.1894 
       H7362  5 0.0951 0.1837 0.2542 0.0981 0.1386 0.1862 0.0442 
       H7363  5 0.1198 0.1391 0.1512 0.1210 0.1639 0.1240 0.1809 
       H7394  5 0.1156 0.1996 0.1146 0.1136 0.3114 0.0958 0.0494 
       H7395  5 0.1758 0.2039 0.1793 0.1289 0.1071 0.0966 0.1084 
       H7396  5 0.1539 0.2225 0.1373 0.1306 0.1406 0.1267 0.0884 
        H742  5 0.3022 0.0597 0.0642 0.2277 0.0476 0.0518 0.2469 
        H743  5 0.1445 0.1014 0.1166 0.1617 0.1139 0.1468 0.2151 
        H744  5 0.0971 0.0704 0.0698 0.1503 0.1272 0.1988 0.2863 
        H957  5 0.1216 0.1832 0.1880 0.2007 0.1690 0.0689 0.0686 
        H958  5 0.1528 0.1460 0.1254 0.0998 0.2017 0.1778 0.0965 
        H959  5 0.1445 0.1138 0.1241 0.1838 0.0952 0.0924 0.2462 
        H960  5 0.1470 0.1117 0.1353 0.1271 0.1655 0.1881 0.1254 
      H_PALI  6 0.1358 0.2141 0.1451 0.1336 0.1913 0.0907 0.0894 
        H581  6 0.1669 0.1234 0.1027 0.2029 0.1239 0.1227 0.1575 
        H582  6 0.1576 0.0905 0.1028 0.2174 0.0671 0.0754 0.2891 
        H583  6 0.1638 0.1257 0.1538 0.1734 0.1040 0.1357 0.1435 
        H595  6 0.1118 0.1690 0.1387 0.1192 0.2146 0.1960 0.0507 
        H596  6 0.1019 0.1315 0.1186 0.0944 0.2796 0.2207 0.0532 
        H597  6 0.1185 0.1629 0.2294 0.0943 0.1419 0.1781 0.0751 
        H598  6 0.1594 0.1412 0.1425 0.1299 0.1394 0.1456 0.1419 
        H599  6 0.1910 0.1042 0.0998 0.1620 0.1038 0.0798 0.2594 
        H642  6 0.1305 0.1554 0.1482 0.1287 0.1218 0.2519 0.0634 
        H643  6 0.1111 0.1044 0.1277 0.0802 0.1701 0.2924 0.1140 
        H664  6 0.1765 0.0920 0.0854 0.2405 0.0634 0.1409 0.2012 
        H665  6 0.2039 0.1262 0.1130 0.1791 0.1283 0.1267 0.1227 
        H674  6 0.0938 0.2324 0.1904 0.0782 0.1528 0.1912 0.0611 
        H675  6 0.1498 0.1365 0.1755 0.1340 0.1127 0.1212 0.1702 
        H676  6 0.1078 0.1649 0.1266 0.1449 0.2160 0.1708 0.0690 
        H686  6 0.1555 0.1879 0.1945 0.1333 0.1312 0.1070 0.0907 
        H687  6 0.1254 0.1941 0.1731 0.1188 0.1559 0.1371 0.0956 
        H917  6 0.1549 0.1415 0.1214 0.0998 0.1931 0.2105 0.0788 
        H918  6 0.2694 0.1332 0.1326 0.1710 0.0854 0.0610 0.1475 
        H919  6 0.1544 0.0888 0.0944 0.1639 0.0866 0.1072 0.3048 
        H920  6 0.1270 0.1165 0.1287 0.1875 0.1224 0.1051 0.2128 
        H631  7 0.2075 0.1264 0.1769 0.1326 0.1063 0.0898 0.1604 
        H684  7 0.1131 0.2185 0.1966 0.1503 0.1948 0.0766 0.0501 
        H685  7 0.1465 0.0765 0.0691 0.1443 0.1484 0.2307 0.1843 
        H713  7 0.1911 0.0721 0.0717 0.2329 0.0493 0.1326 0.2502 
        H715  7 0.1222 0.2077 0.2362 0.1226 0.1628 0.0849 0.0637 
        H716  7 0.2323 0.0913 0.1641 0.1368 0.0810 0.0516 0.2428 
        H717  7 0.1642 0.1059 0.1436 0.1605 0.1286 0.1122 0.1850 
        H729  7 0.0906 0.1144 0.0932 0.0854 0.2587 0.2911 0.0666 
        H730  7 0.1600 0.0534 0.0761 0.0884 0.1832 0.2915 0.1474 
        H431  8 0.1001 0.1147 0.1069 0.1294 0.1587 0.2242 0.1662 
        H432  8 0.1469 0.1587 0.1434 0.1528 0.1891 0.1119 0.0971 
        H433  8 0.1340 0.1660 0.1342 0.1132 0.1962 0.1711 0.0853 
        H434  8 0.1468 0.1983 0.1650 0.0871 0.1505 0.1675 0.0848 
        H444  8 0.1799 0.1579 0.1591 0.1270 0.1294 0.1105 0.1362 
        H454  8 0.1369 0.0957 0.0920 0.1641 0.0754 0.0844 0.3514 
        H475  8 0.0945 0.1090 0.1180 0.2065 0.1021 0.0686 0.3013 
        H491  8 0.1735 0.1563 0.1637 0.1472 0.1123 0.0741 0.1729 
        H492  8 0.1681 0.1482 0.1141 0.1643 0.1343 0.1056 0.1654 
        H493  8 0.1118 0.2093 0.1877 0.1178 0.1685 0.1197 0.0852 
        H494  8 0.1866 0.1170 0.1116 0.1469 0.1305 0.1129 0.1945 
        H495  8 0.1657 0.1272 0.1398 0.2168 0.0666 0.1088 0.1751 
        H662  8 0.1551 0.1828 0.1549 0.2012 0.0835 0.1425 0.0801 
        H663  8 0.1480 0.1139 0.1182 0.1583 0.1461 0.1582 0.1573 
        H695  8 0.1154 0.1236 0.1291 0.1324 0.1663 0.1845 0.1487 
       H7367  8 0.0665 0.0908 0.0819 0.0586 0.3147 0.3376 0.0498 
       H7368  8 0.1172 0.1704 0.1870 0.1253 0.1616 0.1599 0.0786 
       H7369  8 0.1801 0.1218 0.1281 0.1473 0.1091 0.1306 0.1830 
       H7370  8 0.0894 0.1484 0.0711 0.0903 0.3065 0.2550 0.0392 
       H7371  8 0.1540 0.1465 0.1252 0.1381 0.1655 0.1698 0.1009 
        H600  9 0.1347 0.1561 0.1418 0.1540 0.1091 0.0981 0.2063 
        H648  9 0.1052 0.1739 0.1608 0.1351 0.1523 0.1807 0.0921 
        H696  9 0.1037 0.1926 0.1699 0.1113 0.1477 0.2319 0.0431 
        H697  9 0.1423 0.1122 0.1301 0.1197 0.1479 0.2127 0.1351 
        H698  9 0.0923 0.0959 0.1090 0.0809 0.1926 0.3589 0.0705 
        H699  9 0.1014 0.1676 0.1401 0.1138 0.1998 0.1707 0.1067 
        H700  9 0.1693 0.1267 0.1965 0.1565 0.1084 0.0941 0.1485 
        H732  9 0.1566 0.1070 0.1092 0.2115 0.0671 0.1024 0.2461 
        H733  9 0.0902 0.1238 0.1346 0.1056 0.1870 0.2842 0.0746 
        H734  9 0.1345 0.2720 0.1149 0.1302 0.1940 0.1069 0.0474 
        H735  9 0.0985 0.1279 0.1304 0.1078 0.1793 0.2831 0.0731 
        H736  9 0.1503 0.1700 0.1449 0.2069 0.1140 0.0930 0.1208 
        H737  9 0.1494 0.0961 0.1135 0.1000 0.1517 0.2440 0.1453 
        H905  9 0.1350 0.1552 0.1601 0.1387 0.1128 0.0834 0.2149 
        H921  9 0.1557 0.1243 0.1205 0.1575 0.1311 0.1436 0.1673 
        H922  9 0.1197 0.1707 0.1482 0.1140 0.1874 0.1888 0.0712 
     H169705 10 0.0837 0.0786 0.0772 0.0670 0.2727 0.3586 0.0623 
     H171942 10 0.1583 0.1517 0.1756 0.1408 0.1783 0.1087 0.0866 
     H171943 10 0.2152 0.1638 0.1482 0.1140 0.1472 0.1176 0.0941 
     H171944 10 0.1617 0.1273 0.1403 0.1442 0.1429 0.1980 0.0856 
     H171946 10 0.1997 0.1229 0.1306 0.2048 0.0731 0.1413 0.1275 
     H171947 10 0.1200 0.1724 0.1309 0.1313 0.2303 0.1114 0.1038 
     H229641 10 0.1062 0.1720 0.1209 0.1487 0.1590 0.1791 0.1141 
      H30001 10 0.1483 0.1630 0.1412 0.1390 0.1405 0.1482 0.1197 
      H30002 10 0.1389 0.1988 0.1770 0.1191 0.1482 0.1137 0.1043 
      H30005 10 0.0902 0.0971 0.1128 0.0669 0.1982 0.3601 0.0748 
      H30006 10 0.0606 0.0735 0.0965 0.0605 0.3400 0.3072 0.0617 
      H30007 10 0.1351 0.2082 0.2155 0.1532 0.1071 0.0698 0.1111 
        H451 10 0.1476 0.1551 0.1259 0.1290 0.1945 0.1617 0.0861 
        H452 10 0.0573 0.0594 0.0810 0.0648 0.2385 0.4227 0.0762 
        H453 10 0.1201 0.0996 0.1968 0.1557 0.1001 0.0636 0.2641 
