        H102  1 0.3530 0.3807 0.2663 
        H103  1 0.2138 0.3303 0.4559 
        H104  1 0.4591 0.3187 0.2222 
        H105  1 0.2799 0.4467 0.2734 
        H106  1 0.3466 0.2958 0.3576 
        H112  1 0.4163 0.3324 0.2513 
        H113  1 0.3167 0.4018 0.2815 
        H114  1 0.2530 0.4592 0.2878 
        H115  1 0.3780 0.4063 0.2157 
        H143  1 0.2874 0.4209 0.2917 
        H144  1 0.2060 0.4085 0.3855 
        H145  1 0.2137 0.3346 0.4517 
        H149  1 0.4375 0.3168 0.2457 
        H150  1 0.3310 0.3294 0.3396 
     H167542  1 0.2764 0.4731 0.2506 
     H169604  1 0.2792 0.4349 0.2859 
     H169607  1 0.2435 0.3991 0.3574 
     H169608  1 0.4476 0.2683 0.2841 
     H169633  1 0.2265 0.4536 0.3199 
     H169688  1 0.2722 0.2795 0.4483 
     H169714  1 0.3959 0.3083 0.2958 
     H171802  1 0.4378 0.2605 0.3017 
     H171805  1 0.2658 0.3639 0.3703 
     H171807  1 0.3831 0.3027 0.3143 
     H171814  1 0.2318 0.3084 0.4598 
     H171816  1 0.3927 0.3062 0.3011 
     H171817  1 0.3773 0.3452 0.2775 
     H171818  1 0.3064 0.3716 0.3220 
     H171819  1 0.3538 0.3297 0.3165 
     H171834  1 0.3156 0.3820 0.3024 
     H171835  1 0.5044 0.2358 0.2598 
     H171836  1 0.1764 0.4128 0.4108 
     H171837  1 0.3871 0.3594 0.2534 
     H171838  1 0.2638 0.3089 0.4273 
     H171839  1 0.3793 0.3575 0.2632 
     H171841  1 0.4944 0.2119 0.2936 
     H171860  1 0.3197 0.4042 0.2762 
     H171861  1 0.1894 0.4650 0.3456 
     H171862  1 0.3257 0.3542 0.3201 
     H171868  1 0.2640 0.4823 0.2537 
     H171869  1 0.2873 0.2828 0.4299 
     H171870  1 0.3265 0.2955 0.3780 
     H171871  1 0.2683 0.3144 0.4173 
     H171872  1 0.3711 0.3755 0.2533 
     H171873  1 0.3517 0.2642 0.3841 
     H171874  1 0.2564 0.4053 0.3383 
     H171875  1 0.1987 0.4626 0.3388 
     H171876  1 0.2609 0.4258 0.3134 
     H171877  1 0.2984 0.4564 0.2451 
     H171878  1 0.3807 0.2417 0.3776 
     H171901  1 0.4145 0.2844 0.3011 
     H171902  1 0.3247 0.3120 0.3633 
     H171903  1 0.3225 0.3918 0.2857 
     H171935  1 0.4029 0.2339 0.3632 
     H171936  1 0.2593 0.4277 0.3129 
     H171940  1 0.3620 0.3486 0.2895 
     H171945  1 0.3211 0.3109 0.3681 
     H171948  1 0.3824 0.3486 0.2690 
     H171949  1 0.4595 0.2804 0.2601 
     H171950  1 0.5025 0.2450 0.2525 
     H171963  1 0.2473 0.2992 0.4535 
     H171964  1 0.2688 0.2733 0.4579 
     H171966  1 0.3328 0.3027 0.3645 
     H171968  1 0.3574 0.3306 0.3120 
     H171971  1 0.3280 0.2720 0.4000 
     H171972  1 0.2436 0.3459 0.4105 
     H171977  1 0.2525 0.2966 0.4509 
     H171978  1 0.3939 0.2813 0.3248 
     H171979  1 0.2166 0.3910 0.3924 
        H176  1 0.2977 0.3832 0.3190 
        H177  1 0.4646 0.2914 0.2440 
        H179  1 0.4045 0.3735 0.2220 
        H181  1 0.2524 0.3475 0.4001 
        H182  1 0.2077 0.3906 0.4016 
        H183  1 0.2570 0.2894 0.4536 
        H184  1 0.3537 0.3617 0.2846 
        H185  1 0.2470 0.3688 0.3842 
        H186  1 0.3516 0.3149 0.3335 
        H187  1 0.3238 0.3176 0.3586 
        H188  1 0.3915 0.3707 0.2378 
        H192  1 0.4230 0.2997 0.2773 
        H193  1 0.2226 0.3613 0.4161 
        H194  1 0.3484 0.3707 0.2809 
        H195  1 0.2352 0.2890 0.4758 
        H199  1 0.2527 0.2946 0.4527 
        H200  1 0.3669 0.3297 0.3035 
        H414  1 0.2846 0.3437 0.3717 
        H415  1 0.2737 0.4064 0.3199 
        H422  1 0.3494 0.3044 0.3462 
        H423  1 0.5383 0.2346 0.2271 
        H424  1 0.2359 0.3596 0.4045 
        H425  1 0.2467 0.3098 0.4435 
        H426  1 0.2819 0.2388 0.4793 
        H443  1 0.2440 0.3810 0.3750 
        H466  1 0.3610 0.3260 0.3129 
        H467  1 0.4752 0.2493 0.2756 
        H472  1 0.3291 0.3446 0.3263 
        H483  1 0.2312 0.4330 0.3358 
        H504  1 0.2401 0.2923 0.4677 
        H505  1 0.3885 0.3265 0.2849 
        H506  1 0.3084 0.3387 0.3530 
        H507  1 0.1918 0.4114 0.3968 
        H508  1 0.3881 0.2652 0.3467 
        H524  1 0.2303 0.4019 0.3678 
        H525  1 0.2856 0.3600 0.3544 
        H526  1 0.2545 0.4753 0.2702 
        H527  1 0.3989 0.3182 0.2829 
        H528  1 0.2261 0.4024 0.3715 
        H529  1 0.2164 0.3859 0.3977 
        H533  1 0.2101 0.3911 0.3988 
        H538  1 0.3382 0.3878 0.2739 
        H539  1 0.2888 0.2915 0.4197 
        H540  1 0.3145 0.3734 0.3121 
        H541  1 0.2969 0.4271 0.2760 
        H558  1 0.2670 0.2617 0.4713 
        H559  1 0.2959 0.4031 0.3010 
        H579  1 0.2448 0.3689 0.3863 
        H584  1 0.2674 0.3153 0.4174 
        H585  1 0.2878 0.3419 0.3703 
        H605  1 0.3455 0.3335 0.3210 
        H606  1 0.4510 0.3226 0.2263 
        H632  1 0.2508 0.3258 0.4234 
        H634  1 0.2836 0.3503 0.3661 
        H671  1 0.4779 0.2691 0.2530 
        H672  1 0.3144 0.3457 0.3399 
        H673  1 0.2603 0.3914 0.3484 
        H689  1 0.2602 0.3996 0.3402 
        H690  1 0.4065 0.3483 0.2452 
        H691  1 0.2973 0.4502 0.2525 
        H692  1 0.1606 0.4281 0.4113 
        H709  1 0.2993 0.3501 0.3507 
        H710  1 0.2049 0.3665 0.4286 
       H7355  1 0.2325 0.4769 0.2906 
       H7356  1 0.3131 0.3213 0.3656 
       H7357  1 0.3328 0.3900 0.2772 
       H7358  1 0.2342 0.4139 0.3519 
       H7380  1 0.2739 0.4042 0.3218 
       H7381  1 0.4172 0.2598 0.3229 
       H7382  1 0.2618 0.4043 0.3339 
        H904  1 0.5407 0.2719 0.1874 
        H923  1 0.3409 0.3241 0.3350 
        H924  1 0.3657 0.3389 0.2954 
        H925  1 0.2631 0.4382 0.2987 
       H9558  1 0.2533 0.2452 0.5016 
        H008  2 0.2208 0.4507 0.3285 
        H021  2 0.4131 0.3233 0.2636 
        H023  2 0.3995 0.3310 0.2695 
        H024  2 0.2242 0.2970 0.4787 
        H025  2 0.4041 0.2627 0.3332 
        H026  2 0.2464 0.2989 0.4546 
        H027  2 0.2841 0.4187 0.2972 
        H028  2 0.2745 0.3443 0.3812 
        H029  2 0.2485 0.3742 0.3773 
        H030  2 0.2437 0.2892 0.4671 
        H038  2 0.4089 0.2805 0.3106 
        H039  2 0.6340 0.1811 0.1849 
        H040  2 0.4228 0.2487 0.3285 
        H041  2 0.2879 0.4462 0.2659 
        H042  2 0.3417 0.3531 0.3052 
        H043  2 0.4656 0.2124 0.3220 
        H044  2 0.2402 0.3167 0.4431 
        H047  2 0.4106 0.2341 0.3553 
        H050  2 0.2708 0.2952 0.4340 
        H058  2 0.3852 0.2628 0.3520 
        H062  2 0.3835 0.3469 0.2696 
        H063  2 0.4431 0.2914 0.2654 
        H065  2 0.3284 0.2834 0.3882 
        H066  2 0.3245 0.2614 0.4142 
        H067  2 0.2743 0.4340 0.2917 
        H068  2 0.4535 0.2393 0.3072 
        H069  2 0.3035 0.2764 0.4201 
        H071  2 0.4167 0.3091 0.2742 
        H072  2 0.4850 0.2772 0.2378 
        H073  2 0.2794 0.3628 0.3578 
        H081  2 0.3373 0.4335 0.2291 
        H082  2 0.2135 0.3364 0.4501 
        H083  2 0.2298 0.3275 0.4428 
        H084  2 0.3497 0.3013 0.3490 
        H085  2 0.2814 0.4633 0.2553 
        H087  2 0.2975 0.4659 0.2365 
        H088  2 0.3993 0.3539 0.2468 
        H089  2 0.2639 0.4491 0.2870 
        H090  2 0.2480 0.3427 0.4093 
        H091  2 0.2351 0.4071 0.3578 
        H098  2 0.2790 0.3584 0.3626 
      H10001  2 0.6381 0.1784 0.1835 
      H10002  2 0.3833 0.3740 0.2428 
        H101  2 0.2757 0.2741 0.4502 
        H108  2 0.4005 0.3747 0.2248 
        H109  2 0.3883 0.2677 0.3440 
        H110  2 0.2356 0.5030 0.2614 
        H116  2 0.2605 0.3248 0.4147 
        H117  2 0.2634 0.4411 0.2956 
        H118  2 0.2053 0.3724 0.4223 
        H119  2 0.4011 0.3233 0.2756 
        H120  2 0.5016 0.2955 0.2028 
        H121  2 0.2443 0.3931 0.3626 
        H125  2 0.6338 0.1892 0.1770 
        H126  2 0.2974 0.2877 0.4149 
        H128  2 0.1546 0.2935 0.5519 
        H129  2 0.2227 0.3049 0.4724 
        H130  2 0.4225 0.2238 0.3537 
        H133  2 0.5011 0.2320 0.2669 
        H134  2 0.2150 0.2465 0.5384 
        H135  2 0.3218 0.4108 0.2674 
        H137  2 0.3305 0.3229 0.3465 
        H138  2 0.2454 0.3100 0.4446 
        H140  2 0.3050 0.3544 0.3407 
        H146  2 0.2718 0.3433 0.3848 
        H147  2 0.2638 0.4488 0.2875 
        H148  2 0.2820 0.4620 0.2560 
     H166022  2 0.2274 0.4215 0.3511 
     H167359  2 0.3004 0.3534 0.3462 
     H167397  2 0.1666 0.4106 0.4227 
     H167428  2 0.1742 0.4793 0.3465 
     H167496  2 0.4821 0.3075 0.2104 
     H167513  2 0.3183 0.2668 0.4149 
     H167545  2 0.2373 0.3019 0.4608 
     H167547  2 0.2165 0.2460 0.5375 
     H169621  2 0.2564 0.3542 0.3893 
     H169622  2 0.2357 0.4095 0.3548 
     H169750  2 0.4018 0.2403 0.3579 
     H171806  2 0.3763 0.2817 0.3420 
     H171808  2 0.2938 0.3545 0.3517 
     H171809  2 0.3302 0.4051 0.2647 
     H171813  2 0.3305 0.2730 0.3964 
     H171815  2 0.4900 0.2209 0.2892 
     H171824  2 0.4273 0.3717 0.2010 
     H171825  2 0.2810 0.3832 0.3357 
     H171826  2 0.3658 0.3727 0.2614 
     H171827  2 0.3493 0.3469 0.3038 
     H171828  2 0.5567 0.2577 0.1856 
     H171829  2 0.3476 0.2518 0.4006 
     H171830  2 0.3203 0.3401 0.3396 
     H171831  2 0.2137 0.3386 0.4477 
     H171832  2 0.2828 0.3318 0.3853 
     H171863  2 0.1942 0.2875 0.5183 
     H171864  2 0.3165 0.3838 0.2997 
     H171865  2 0.4609 0.2451 0.2941 
     H171879  2 0.3011 0.3348 0.3641 
     H171880  2 0.2759 0.3659 0.3582 
     H171881  2 0.2683 0.4281 0.3035 
     H171882  2 0.5314 0.2389 0.2298 
     H171929  2 0.2833 0.3987 0.3180 
     H171930  2 0.2211 0.2917 0.4872 
     H171933  2 0.3013 0.3616 0.3370 
     H171934  2 0.3049 0.4107 0.2844 
     H171937  2 0.2707 0.2835 0.4459 
     H171962  2 0.2639 0.4091 0.3269 
        H190  2 0.2656 0.3708 0.3635 
        H191  2 0.3308 0.3143 0.3549 
        H396  2 0.3256 0.3872 0.2872 
        H397  2 0.2880 0.3545 0.3575 
        H398  2 0.3576 0.3001 0.3423 
        H400  2 0.3046 0.3950 0.3004 
        H401  2 0.1936 0.3025 0.5039 
        H402  2 0.2351 0.4219 0.3431 
        H427  2 0.2886 0.4368 0.2745 
        H428  2 0.1752 0.4831 0.3418 
        H497  2 0.3816 0.2619 0.3565 
        H512  2 0.3106 0.3463 0.3431 
        H513  2 0.3243 0.2614 0.4143 
        H514  2 0.2896 0.3044 0.4060 
        H519  2 0.3302 0.2776 0.3922 
        H532  2 0.2382 0.4710 0.2909 
        H543  2 0.2372 0.4398 0.3230 
        H544  2 0.3021 0.2662 0.4318 
        H545  2 0.2237 0.2910 0.4854 
        H546  2 0.4153 0.2672 0.3175 
        H547  2 0.2176 0.2484 0.5340 
        H548  2 0.2731 0.4349 0.2921 
        H549  2 0.2848 0.2543 0.4609 
        H620  2 0.5381 0.2508 0.2111 
        H623  2 0.2607 0.2981 0.4413 
        H624  2 0.3849 0.2148 0.4003 
        H625  2 0.2768 0.3955 0.3277 
        H626  2 0.3311 0.3327 0.3362 
        H654  2 0.5726 0.1905 0.2369 
        H655  2 0.4109 0.2927 0.2963 
        H656  2 0.5059 0.2757 0.2184 
        H666  2 0.5437 0.1999 0.2564 
        H667  2 0.2831 0.3977 0.3193 
        H677  2 0.2781 0.4041 0.3178 
        H693  2 0.4414 0.3403 0.2183 
        H694  2 0.2592 0.3298 0.4109 
        H701  2 0.2482 0.3922 0.3596 
        H702  2 0.3647 0.3464 0.2890 
        H731  2 0.4047 0.3348 0.2605 
       H7359  2 0.3080 0.3635 0.3285 
       H7389  2 0.3129 0.3210 0.3662 
       H7390  2 0.4978 0.2470 0.2552 
       H7391  2 0.2655 0.5111 0.2234 
       H7392  2 0.3505 0.2997 0.3497 
       H7393  2 0.3874 0.3011 0.3115 
       H7398  2 0.3093 0.4302 0.2604 
       H7399  2 0.2377 0.3949 0.3674 
       H7400  2 0.5561 0.2164 0.2275 
        H745  2 0.2404 0.2558 0.5038 
        H746  2 0.2346 0.3901 0.3753 
        H747  2 0.4641 0.2563 0.2796 
        H748  2 0.3249 0.3332 0.3419 
       H7484  2 0.5105 0.2484 0.2412 
       H7485  2 0.2822 0.2946 0.4232 
        H749  2 0.2369 0.3808 0.3823 
        H930  2 0.2328 0.3068 0.4603 
        H931  2 0.3064 0.3888 0.3048 
        H932  2 0.3602 0.3148 0.3250 
        H111  3 0.2539 0.2898 0.4563 
        H951  3 0.2434 0.3305 0.4261 
        H952  3 0.3284 0.2791 0.3925 
        H953  3 0.2565 0.4319 0.3116 
        H954  3 0.4764 0.2676 0.2560 
        H955  3 0.2416 0.3385 0.4199 
        H956  3 0.3708 0.3250 0.3042 
       H9563  3 0.3727 0.3599 0.2674 
        H002  4 0.4316 0.2379 0.3305 
        H003  4 0.2391 0.4423 0.3185 
        H009  4 0.2822 0.2841 0.4337 
        H010  4 0.3011 0.3958 0.3032 
        H011  4 0.4781 0.2952 0.2267 
        H012  4 0.2359 0.4868 0.2773 
        H013  4 0.3622 0.3846 0.2532 
        H014  4 0.3225 0.3391 0.3384 
        H045  4 0.3571 0.3740 0.2689 
        H046  4 0.2469 0.3807 0.3724 
        H051  4 0.4042 0.3526 0.2433 
        H052  4 0.3892 0.2551 0.3557 
        H053  4 0.3975 0.3037 0.2988 
        H056  4 0.4305 0.2520 0.3174 
        H076  4 0.2298 0.3876 0.3826 
        H151  4 0.5341 0.2104 0.2555 
        H152  4 0.4350 0.2368 0.3282 
     H171803  4 0.4406 0.2864 0.2730 
     H171804  4 0.3905 0.3269 0.2826 
     H171833  4 0.2495 0.2824 0.4681 
     H171855  4 0.5070 0.2029 0.2900 
     H171856  4 0.3474 0.2940 0.3585 
     H171857  4 0.4504 0.2342 0.3154 
     H171858  4 0.3162 0.3293 0.3545 
     H171859  4 0.3533 0.3304 0.3163 
     H171961  4 0.4191 0.3139 0.2669 
        H198  4 0.2079 0.4404 0.3517 
      H20001  4 0.2551 0.2526 0.4924 
        H403  4 0.3599 0.2716 0.3685 
        H404  4 0.2454 0.4431 0.3115 
        H405  4 0.2465 0.4092 0.3443 
        H406  4 0.2911 0.2095 0.4994 
        H407  4 0.4005 0.3047 0.2948 
        H410  4 0.2252 0.3855 0.3893 
        H411  4 0.2644 0.2558 0.4798 
        H468  4 0.3156 0.2269 0.4575 
        H476  4 0.3568 0.2724 0.3707 
        H477  4 0.2553 0.2475 0.4973 
        H478  4 0.2422 0.4181 0.3398 
        H479  4 0.3616 0.3636 0.2749 
        H480  4 0.2362 0.2947 0.4690 
        H498  4 0.3006 0.3607 0.3388 
        H499  4 0.3321 0.3292 0.3386 
        H500  4 0.4804 0.2936 0.2260 
        H515  4 0.3950 0.3088 0.2962 
        H516  4 0.3488 0.2845 0.3667 
        H517  4 0.3209 0.3314 0.3476 
        H518  4 0.3894 0.2475 0.3631 
        H520  4 0.4332 0.2560 0.3108 
        H521  4 0.2957 0.3838 0.3205 
        H522  4 0.3745 0.2971 0.3284 
        H523  4 0.3541 0.3053 0.3406 
        H536  4 0.3014 0.3875 0.3112 
        H645  4 0.3425 0.4315 0.2260 
        H646  4 0.2439 0.3281 0.4280 
        H647  4 0.3066 0.3037 0.3897 
        H657  4 0.2474 0.3769 0.3757 
        H658  4 0.3648 0.3292 0.3059 
        H659  4 0.5606 0.2092 0.2302 
        H660  4 0.3545 0.3182 0.3274 
        H661  4 0.4452 0.2419 0.3129 
        H668  4 0.2466 0.4670 0.2865 
        H669  4 0.3446 0.3757 0.2797 
        H670  4 0.3253 0.4527 0.2220 
        H678  4 0.3410 0.3183 0.3407 
        H679  4 0.2426 0.3887 0.3687 
        H680  4 0.3432 0.2803 0.3765 
        H681  4 0.3481 0.3822 0.2697 
        H682  4 0.2909 0.3961 0.3130 
        H683  4 0.4177 0.2111 0.3712 
        H718  4 0.4654 0.2578 0.2768 
        H719  4 0.3464 0.3868 0.2668 
        H720  4 0.3580 0.2757 0.3662 
        H721  4 0.3745 0.2520 0.3735 
        H722  4 0.3809 0.2134 0.4057 
        H723  4 0.4191 0.3504 0.2305 
        H724  4 0.5343 0.2233 0.2424 
        H725  4 0.4990 0.2249 0.2761 
        H726  4 0.4274 0.3001 0.2725 
        H727  4 0.4216 0.3344 0.2440 
        H910  4 0.4083 0.3217 0.2700 
        H911  4 0.2747 0.3199 0.4054 
        H912  4 0.3529 0.2813 0.3658 
        H913  4 0.4321 0.2774 0.2905 
        H914  4 0.4269 0.3532 0.2199 
        H915  4 0.3473 0.3022 0.3505 
        H916  4 0.3221 0.2430 0.4349 
       H9572  4 0.3752 0.2962 0.3287 
        H015  5 0.2507 0.3078 0.4415 
        H016  5 0.2573 0.3079 0.4348 
        H017  5 0.3357 0.2335 0.4308 
        H019  5 0.2847 0.3434 0.3718 
        H020  5 0.3610 0.3050 0.3340 
        H032  5 0.3640 0.2983 0.3377 
        H033  5 0.2685 0.4395 0.2920 
        H034  5 0.4215 0.3476 0.2309 
        H035  5 0.3421 0.3180 0.3399 
        H036  5 0.3077 0.3128 0.3795 
        H037  5 0.4376 0.2894 0.2730 
        H048  5 0.4488 0.3209 0.2302 
        H049  5 0.3132 0.2713 0.4155 
        H054  5 0.3484 0.3429 0.3087 
        H055  5 0.3780 0.3360 0.2860 
        H057  5 0.3210 0.2669 0.4122 
        H060  5 0.3836 0.2865 0.3298 
        H061  5 0.2641 0.4174 0.3185 
        H064  5 0.3758 0.3134 0.3107 
        H070  5 0.3802 0.3614 0.2584 
        H077  5 0.4546 0.2578 0.2876 
        H078  5 0.4453 0.2225 0.3322 
        H079  5 0.2420 0.4479 0.3101 
        H097  5 0.3601 0.2130 0.4269 
        H107  5 0.5405 0.2735 0.1859 
        H122  5 0.3039 0.2960 0.4001 
        H123  5 0.2549 0.3395 0.4056 
        H124  5 0.2532 0.4001 0.3467 
        H131  5 0.2650 0.3789 0.3561 
        H132  5 0.3594 0.3426 0.2980 
        H141  5 0.3698 0.3196 0.3107 
        H142  5 0.2326 0.3909 0.3765 
        H157  5 0.4773 0.2805 0.2422 
        H158  5 0.2528 0.2567 0.4904 
        H159  5 0.2499 0.3469 0.4032 
        H160  5 0.3420 0.2949 0.3631 
        H163  5 0.2807 0.3448 0.3745 
        H164  5 0.2809 0.3727 0.3465 
        H165  5 0.2114 0.4805 0.3081 
        H166  5 0.2771 0.3387 0.3842 
        H169  5 0.3164 0.3796 0.3040 
     H169613  5 0.3315 0.3242 0.3443 
     H169653  5 0.2771 0.3795 0.3434 
     H169728  5 0.2875 0.3095 0.4030 
     H169742  5 0.3203 0.4225 0.2572 
        H170  5 0.2903 0.2640 0.4458 
        H171  5 0.2753 0.2647 0.4600 
     H171851  5 0.3188 0.3253 0.3559 
     H171852  5 0.3956 0.2779 0.3264 
     H171853  5 0.3876 0.3458 0.2665 
     H171854  5 0.3207 0.3134 0.3659 
     H171938  5 0.3064 0.4511 0.2426 
     H171939  5 0.2606 0.3171 0.4222 
     H171941  5 0.4697 0.2931 0.2371 
     H171965  5 0.2458 0.3931 0.3612 
     H171970  5 0.5108 0.2601 0.2291 
     H171973  5 0.2547 0.4572 0.2880 
     H171974  5 0.3180 0.4168 0.2653 
     H171975  5 0.3757 0.3462 0.2781 
     H171976  5 0.3085 0.2391 0.4525 
        H175  5 0.4366 0.3220 0.2413 
        H178  5 0.3501 0.3576 0.2923 
        H189  5 0.2145 0.3718 0.4137 
        H399  5 0.3132 0.2379 0.4489 
        H416  5 0.3493 0.3507 0.3000 
        H438  5 0.3304 0.4011 0.2685 
        H450  5 0.4457 0.2729 0.2814 
        H455  5 0.4935 0.2933 0.2132 
        H456  5 0.3289 0.3978 0.2733 
        H457  5 0.4137 0.2597 0.3266 
        H458  5 0.4180 0.3152 0.2668 
        H459  5 0.2408 0.4029 0.3563 
        H460  5 0.3541 0.2999 0.3460 
        H461  5 0.3079 0.2528 0.4393 
        H462  5 0.2848 0.3731 0.3421 
        H469  5 0.2429 0.4007 0.3564 
        H470  5 0.3612 0.3198 0.3191 
        H471  5 0.2319 0.2855 0.4826 
        H481  5 0.5211 0.2394 0.2395 
        H482  5 0.3885 0.3126 0.2989 
        H501  5 0.3354 0.3732 0.2915 
        H502  5 0.2300 0.3436 0.4264 
        H503  5 0.2877 0.3087 0.4036 
        H509  5 0.4476 0.2962 0.2562 
        H510  5 0.3029 0.3531 0.3440 
        H511  5 0.2634 0.3492 0.3874 
        H530  5 0.3628 0.3888 0.2485 
        H531  5 0.4621 0.2482 0.2898 
        H564  5 0.3755 0.3195 0.3050 
        H565  5 0.4800 0.2380 0.2820 
        H567  5 0.2187 0.3622 0.4191 
     H568???  5 0.2645 0.3080 0.4275 
        H608  5 0.4466 0.2735 0.2799 
        H609  5 0.2946 0.4454 0.2600 
        H612  5 0.4792 0.3149 0.2058 
        H614  5 0.4878 0.2305 0.2817 
        H615  5 0.4272 0.2458 0.3270 
        H616  5 0.5500 0.2611 0.1889 
        H617  5 0.2394 0.4241 0.3364 
        H618  5 0.4657 0.2851 0.2492 
        H619  5 0.2462 0.4864 0.2674 
        H635  5 0.3192 0.3703 0.3104 
        H636  5 0.2516 0.4941 0.2544 
        H637  5 0.3375 0.3643 0.2982 
        H644  5 0.1704 0.2933 0.5363 
        H711  5 0.2826 0.2824 0.4350 
        H712  5 0.3945 0.3692 0.2363 
       H7360  5 0.3399 0.3101 0.3500 
       H7361  5 0.4257 0.2859 0.2884 
       H7362  5 0.1963 0.3083 0.4954 
       H7363  5 0.3997 0.2563 0.3440 
       H7394  5 0.2528 0.3688 0.3784 
       H7395  5 0.3282 0.3821 0.2898 
       H7396  5 0.3225 0.3500 0.3275 
        H742  5 0.3326 0.4184 0.2490 
        H743  5 0.3512 0.3158 0.3330 
        H744  5 0.5046 0.2630 0.2324 
        H957  5 0.3150 0.3022 0.3828 
        H958  5 0.2904 0.3352 0.3745 
        H959  5 0.4317 0.3441 0.2241 
        H960  5 0.3269 0.3544 0.3186 
      H_PALI  6 0.2953 0.3586 0.3460 
        H581  6 0.3808 0.2665 0.3526 
        H582  6 0.4980 0.2314 0.2706 
        H583  6 0.3530 0.3177 0.3294 
        H595  6 0.2227 0.3238 0.4535 
        H596  6 0.2200 0.3464 0.4336 
        H597  6 0.2333 0.3342 0.4325 
        H598  6 0.3481 0.3672 0.2847 
        H599  6 0.4166 0.3155 0.2678 
        H642  6 0.2750 0.2573 0.4677 
        H643  6 0.3381 0.3607 0.3012 
        H664  6 0.4657 0.1922 0.3421 
        H665  6 0.2970 0.4592 0.2438 
        H674  6 0.2085 0.2629 0.5286 
        H675  6 0.4011 0.2519 0.3470 
        H676  6 0.2585 0.2930 0.4485 
        H686  6 0.2958 0.3347 0.3695 
        H687  6 0.3343 0.2932 0.3725 
        H917  6 0.2238 0.4488 0.3274 
        H918  6 0.2578 0.4532 0.2890 
        H919  6 0.4834 0.3039 0.2127 
        H920  6 0.3891 0.3047 0.3062 
        H631  7 0.4028 0.3150 0.2822 
        H684  7 0.2381 0.3227 0.4392 
        H685  7 0.5023 0.2004 0.2973 
        H713  7 0.4789 0.2707 0.2504 
        H715  7 0.2704 0.3018 0.4278 
        H716  7 0.3595 0.3569 0.2836 
        H717  7 0.3509 0.3314 0.3177 
        H729  7 0.2249 0.4721 0.3030 
        H730  7 0.3495 0.3947 0.2558 
        H431  8 0.4192 0.3117 0.2691 
        H432  8 0.2172 0.3314 0.4514 
        H433  8 0.2842 0.4186 0.2972 
        H434  8 0.2984 0.3520 0.3496 
        H444  8 0.2739 0.4439 0.2822 
        H454  8 0.4577 0.3096 0.2328 
        H475  8 0.4898 0.2524 0.2578 
        H491  8 0.3879 0.3131 0.2990 
        H492  8 0.4311 0.2867 0.2822 
        H493  8 0.3090 0.3157 0.3753 
        H494  8 0.3502 0.3280 0.3218 
        H495  8 0.4484 0.1952 0.3564 
        H662  8 0.3004 0.2975 0.4021 
        H663  8 0.3316 0.3463 0.3221 
        H695  8 0.3566 0.3690 0.2744 
       H7367  8 0.2437 0.3984 0.3579 
       H7368  8 0.2731 0.3561 0.3708 
       H7369  8 0.3043 0.4262 0.2694 
       H7370  8 0.2114 0.3623 0.4263 
       H7371  8 0.3029 0.3915 0.3057 
        H600  9 0.4173 0.3016 0.2810 
        H648  9 0.3425 0.2885 0.3690 
        H696  9 0.2001 0.2527 0.5472 
        H697  9 0.3124 0.3585 0.3292 
        H698  9 0.2832 0.3287 0.3881 
        H699  9 0.3176 0.3369 0.3456 
        H700  9 0.4100 0.3313 0.2587 
        H732  9 0.4740 0.2367 0.2893 
        H733  9 0.2547 0.3848 0.3606 
        H734  9 0.2216 0.3238 0.4545 
        H735  9 0.2935 0.2844 0.4221 
        H736  9 0.3287 0.3337 0.3376 
        H737  9 0.3906 0.3115 0.2979 
        H905  9 0.4050 0.3560 0.2390 
        H921  9 0.3808 0.3694 0.2498 
        H922  9 0.2230 0.3926 0.3844 
     H169705 10 0.3069 0.3277 0.3654 
     H171942 10 0.2159 0.3403 0.4437 
     H171943 10 0.3125 0.2843 0.4032 
     H171944 10 0.3316 0.3652 0.3032 
     H171946 10 0.4312 0.2160 0.3528 
     H171947 10 0.2768 0.3708 0.3524 
     H229641 10 0.3323 0.3200 0.3477 
      H30001 10 0.3496 0.3653 0.2852 
      H30002 10 0.3188 0.3892 0.2920 
      H30005 10 0.3211 0.3211 0.3578 
      H30006 10 0.2666 0.2982 0.4352 
      H30007 10 0.2003 0.2713 0.5284 
        H451 10 0.2313 0.4256 0.3431 
        H452 10 0.3131 0.2767 0.4101 
        H453 10 0.4796 0.2445 0.2759 
        H473 10 0.3523 0.3494 0.2982 
        H474 10 0.5230 0.1868 0.2902 
        H486 10 0.3957 0.3019 0.3024 
        H487 10 0.4131 0.3042 0.2827 
        H488 10 0.3360 0.4229 0.2411 
        H489 10 0.4755 0.2866 0.2379 
        H550 10 0.2630 0.2965 0.4405 
        H551 10 0.3607 0.3623 0.2771 
        H553 10 0.4586 0.2440 0.2974 
        H554 10 0.2643 0.3690 0.3667 
        H556 10 0.3720 0.2639 0.3641 
        H580 10 0.2969 0.3632 0.3399 
        H591 10 0.5078 0.2636 0.2286 
        H592 10 0.3994 0.3072 0.2934 
        H593 10 0.2873 0.3650 0.3477 
        H594 10 0.1994 0.3521 0.4485 
        H627 10 0.3496 0.2687 0.3817 
        H628 10 0.1878 0.5110 0.3012 
        H629 10 0.3474 0.2514 0.4012 
        H630 10 0.3585 0.2507 0.3908 
        H638 10 0.3005 0.3218 0.3777 
        H639 10 0.4462 0.2264 0.3274 
        H640 10 0.2601 0.3199 0.4200 
        H704 10 0.2554 0.3202 0.4243 
        H705 10 0.3090 0.3322 0.3588 
        H706 10 0.4287 0.3514 0.2199 
        H708 10 0.4928 0.2498 0.2574 
       H7351 10 0.3065 0.3331 0.3604 
       H7352 10 0.3569 0.3323 0.3108 
       H7353 10 0.2557 0.2747 0.4697 
       H7354 10 0.3817 0.3508 0.2675 
       H7365 10 0.4919 0.2764 0.2317 
       H7383 10 0.3836 0.3738 0.2426 
       H7384 10 0.3825 0.3447 0.2728 
       H7385 10 0.4365 0.2964 0.2671 
       H7386 10 0.2890 0.4027 0.3083 
       H7387 10 0.2983 0.3801 0.3216 
       H7388 10 0.3211 0.3391 0.3399 
        H906 10 0.3909 0.2931 0.3160 
        H907 10 0.2497 0.3311 0.4192 
        H908 10 0.3392 0.3591 0.3017 
        H909 10 0.3240 0.4130 0.2630 
       H9552 10 0.3299 0.3190 0.3511 
       H9553 10 0.4035 0.2780 0.3185 
       H9555 10 0.2738 0.4107 0.3155 
       H9575 10 0.4484 0.2541 0.2975 
       H9703 10 0.5131 0.2378 0.2491 
       H9707 10 0.4329 0.2795 0.2875 
       HSAA4 10 0.2915 0.3685 0.3400 
        H001 11 0.3654 0.3540 0.2806 
        H004 11 0.3041 0.3520 0.3439 
        H005 11 0.4630 0.3226 0.2145 
        H006 11 0.3216 0.3919 0.2865 
        H007 11 0.4213 0.3575 0.2212 
        H031 11 0.5313 0.2602 0.2085 
        H074 11 0.4675 0.2387 0.2938 
        H075 11 0.4477 0.3195 0.2328 
        H080 11 0.4500 0.2915 0.2585 
        H086 11 0.3682 0.3023 0.3294 
        H092 11 0.4080 0.3030 0.2890 
        H093 11 0.2134 0.3513 0.4353 
        H094 11 0.3012 0.2987 0.4002 
        H095 11 0.4130 0.3116 0.2755 
        H096 11 0.3414 0.4184 0.2402 
        H099 11 0.4040 0.3110 0.2850 
        H100 11 0.2277 0.3838 0.3885 
        H127 11 0.3817 0.3294 0.2889 
        H136 11 0.4931 0.2574 0.2494 
        H153 11 0.2995 0.3262 0.3743 
        H154 11 0.4949 0.2415 0.2636 
        H155 11 0.2250 0.4837 0.2913 
        H156 11 0.1792 0.4927 0.3281 
        H161 11 0.2887 0.3180 0.3933 
        H162 11 0.2453 0.3376 0.4171 
        H167 11 0.2756 0.4063 0.3181 
        H168 11 0.3121 0.3684 0.3195 
     H169586 11 0.3757 0.2070 0.4173 
     H169738 11 0.2514 0.4426 0.3061 
     H169741 11 0.4360 0.2882 0.2758 
     H171801 11 0.2454 0.3403 0.4143 
     H171810 11 0.4241 0.2560 0.3199 
     H171811 11 0.4729 0.2196 0.3075 
     H171812 11 0.3371 0.4193 0.2437 
     H171820 11 0.4843 0.2435 0.2722 
     H171821 11 0.2852 0.3647 0.3501 
     H171822 11 0.3313 0.3450 0.3238 
     H171823 11 0.4360 0.2124 0.3517 
     H171866 11 0.2585 0.3283 0.4132 
     H171867 11 0.2579 0.4619 0.2802 
     H171967 11 0.4323 0.3327 0.2350 
     H171969 11 0.3149 0.3636 0.3215 
        H172 11 0.3042 0.3899 0.3059 
        H173 11 0.3046 0.4390 0.2564 
        H174 11 0.2376 0.2871 0.4753 
        H196 11 0.2592 0.3899 0.3509 
        H197 11 0.2682 0.4323 0.2995 
        H346 11 0.3419 0.4072 0.2509 
        H355 11 0.3644 0.3471 0.2885 
        H356 11 0.3785 0.3175 0.3040 
        H357 11 0.4120 0.3276 0.2605 
        H358 11 0.3205 0.4289 0.2506 
        H359 11 0.3319 0.3337 0.3344 
        H360 11 0.3220 0.3940 0.2840 
        H361 11 0.2920 0.3927 0.3153 
        H362 11 0.2134 0.3653 0.4213 
        H363 11 0.4469 0.3198 0.2333 
        H364 11 0.3291 0.3381 0.3329 
        H365 11 0.2630 0.3972 0.3398 
        H366 11 0.2558 0.4212 0.3230 
        H367 11 0.4882 0.2322 0.2796 
        H368 11 0.2656 0.2766 0.4578 
        H369 11 0.4790 0.3045 0.2165 
        H370 11 0.2550 0.3918 0.3532 
        H371 11 0.3393 0.2923 0.3684 
        H372 11 0.3091 0.3608 0.3301 
        H373 11 0.3459 0.3369 0.3171 
        H374 11 0.3880 0.3566 0.2554 
        H375 11 0.3643 0.3760 0.2598 
        H376 11 0.2666 0.3606 0.3729 
        H377 11 0.3677 0.3534 0.2789 
        H378 11 0.3956 0.2895 0.3149 
        H379 11 0.3143 0.3220 0.3637 
        H380 11 0.2292 0.4837 0.2871 
        H381 11 0.4492 0.2449 0.3058 
        H382 11 0.1925 0.4099 0.3976 
        H383 11 0.2206 0.4242 0.3552 
        H384 11 0.4232 0.2824 0.2944 
        H385 11 0.3960 0.3006 0.3034 
        H386 11 0.2730 0.4751 0.2518 
        H387 11 0.3214 0.2413 0.4373 
        H388 11 0.2086 0.4374 0.3540 
        H389 11 0.3382 0.3923 0.2695 
        H390 11 0.2834 0.3776 0.3390 
        H391 11 0.2938 0.2698 0.4364 
        H392 11 0.4409 0.3232 0.2359 
        H393 11 0.2295 0.3593 0.4111 
        H394 11 0.2498 0.2555 0.4947 
        H395 11 0.4295 0.3193 0.2512 
        H408 11 0.3268 0.4369 0.2363 
        H412 11 0.5133 0.1594 0.3273 
        H417 11 0.3695 0.3445 0.2860 
        H418 11 0.3639 0.2393 0.3968 
        H429 11 0.2830 0.4143 0.3027 
        H430 11 0.2491 0.4160 0.3349 
        H439 11 0.3684 0.3483 0.2834 
        H440 11 0.4795 0.2826 0.2379 
        H441 11 0.2802 0.3694 0.3504 
        H442 11 0.2586 0.3976 0.3438 
        H446 11 0.3333 0.3282 0.3386 
        H447 11 0.2565 0.4513 0.2922 
        H448 11 0.2933 0.4301 0.2766 
        H534 11 0.5125 0.2218 0.2657 
        H537 11 0.4574 0.2551 0.2874 
        H568 11 0.5320 0.2385 0.2294 
        H569 11 0.2019 0.4307 0.3675 
        H586 11 0.3710 0.2043 0.4248 
        H587 11 0.5188 0.2514 0.2298 
        H588 11 0.2271 0.3053 0.4677 
        H589 11 0.4785 0.2802 0.2413 
        H590 11 0.4208 0.2900 0.2892 
        H601 11 0.2199 0.3971 0.3830 
        H602 11 0.3971 0.3067 0.2962 
        H603 11 0.2472 0.4550 0.2978 
        H610 11 0.3852 0.3156 0.2992 
        H611 11 0.4119 0.2685 0.3196 
        H649 11 0.3333 0.3324 0.3344 
        H650 11 0.2597 0.2963 0.4441 
        H651 11 0.3075 0.4285 0.2640 
        H652 11 0.3503 0.2854 0.3644 
       H7364 11 0.2860 0.3759 0.3382 
       H7366 11 0.3350 0.4162 0.2488 
       H7378 11 0.1667 0.2286 0.6047 
       H7379 11 0.3380 0.3342 0.3278 
        H739 11 0.4406 0.2771 0.2823 
        H740 11 0.2719 0.3284 0.3997 
        H741 11 0.4349 0.2904 0.2748 
        H926 11 0.2909 0.3133 0.3958 
        H927 11 0.2663 0.4102 0.3235 
        H928 11 0.3412 0.2868 0.3720 
       H9560 11 0.3263 0.2914 0.3824 
        H409 12 0.2296 0.4669 0.3035 
        H413 12 0.2230 0.2560 0.5210 
        H419 12 0.2833 0.4313 0.2854 
        H420 12 0.3949 0.3152 0.2899 
        H421 12 0.2014 0.4107 0.3879 
        H435 12 0.2455 0.3588 0.3957 
        H436 12 0.3338 0.4184 0.2478 
        H437 12 0.4416 0.2540 0.3044 
        H445 12 0.2335 0.4782 0.2883 
        H449 12 0.3036 0.3045 0.3919 
        H463 12 0.4013 0.2918 0.3069 
        H464 12 0.2243 0.3109 0.4648 
        H465 12 0.3206 0.2123 0.4671 
        H490 12 0.2364 0.3421 0.4216 
        H561 12 0.3216 0.3137 0.3647 
        H562 12 0.3105 0.4529 0.2365 
        H563 12 0.3727 0.3651 0.2622 
        H570 12 0.4100 0.3628 0.2272 
        H571 12 0.3339 0.2544 0.4117 
        H572 12 0.3808 0.3134 0.3058 
        H573 12 0.2385 0.4513 0.3102 
       H7372 12 0.1876 0.5002 0.3121 
       H7373 12 0.2421 0.2639 0.4940 
       H7374 12 0.3867 0.3517 0.2615 
       H7375 12 0.3882 0.3367 0.2751 
       H7376 12 0.2100 0.5413 0.2487 
       H7377 12 0.4333 0.2801 0.2867 
