        H102  1 0.2152 0.1856 0.3152 0.2840 
        H103  1 0.3649 0.3589 0.1492 0.1270 
        H104  1 0.1628 0.2154 0.2820 0.3397 
        H105  1 0.2143 0.2103 0.3744 0.2010 
        H106  1 0.2531 0.2834 0.2092 0.2543 
        H112  1 0.2108 0.2256 0.2369 0.3266 
        H113  1 0.1947 0.2676 0.3433 0.1944 
        H114  1 0.2051 0.2864 0.3569 0.1516 
        H115  1 0.1638 0.2076 0.3475 0.2811 
        H143  1 0.2307 0.1905 0.3827 0.1961 
        H144  1 0.3609 0.1687 0.3404 0.1299 
        H145  1 0.3618 0.2983 0.2036 0.1362 
        H149  1 0.1916 0.2123 0.2361 0.3600 
        H150  1 0.3036 0.2187 0.2390 0.2387 
     H167542  1 0.1681 0.1753 0.4868 0.1698 
     H169604  1 0.2207 0.2375 0.3444 0.1973 
     H169607  1 0.3002 0.2271 0.3168 0.1560 
     H169608  1 0.2202 0.1896 0.1847 0.4055 
     H169633  1 0.2198 0.2830 0.3561 0.1412 
     H169688  1 0.3890 0.2538 0.1635 0.1937 
     H169714  1 0.2064 0.2508 0.2205 0.3222 
     H171802  1 0.2028 0.2833 0.1551 0.3588 
     H171805  1 0.3012 0.2920 0.2259 0.1808 
     H171807  1 0.2547 0.2056 0.2315 0.3082 
     H171814  1 0.3417 0.3002 0.2116 0.1465 
     H171816  1 0.2236 0.2362 0.2180 0.3223 
     H171817  1 0.1946 0.2572 0.2477 0.3006 
     H171818  1 0.2210 0.2703 0.2882 0.2205 
     H171819  1 0.2260 0.2686 0.2390 0.2665 
     H171834  1 0.2368 0.2264 0.2999 0.2370 
     H171835  1 0.1843 0.2009 0.1822 0.4326 
     H171836  1 0.2552 0.3783 0.2590 0.1074 
     H171837  1 0.1915 0.2151 0.3139 0.2795 
     H171838  1 0.3124 0.3448 0.1712 0.1716 
     H171839  1 0.1856 0.2393 0.2943 0.2809 
     H171841  1 0.2241 0.1736 0.1267 0.4756 
     H171860  1 0.2138 0.2453 0.3164 0.2245 
     H171861  1 0.2682 0.2935 0.3230 0.1153 
     H171862  1 0.2568 0.2342 0.2772 0.2319 
     H171868  1 0.1816 0.1799 0.4515 0.1870 
     H171869  1 0.3853 0.2342 0.1959 0.1845 
     H171870  1 0.2900 0.2462 0.1843 0.2795 
     H171871  1 0.3108 0.3752 0.1524 0.1616 
     H171872  1 0.1878 0.2226 0.3112 0.2783 
     H171873  1 0.3062 0.2379 0.1792 0.2766 
     H171874  1 0.2885 0.2138 0.3105 0.1871 
     H171875  1 0.2608 0.2170 0.3994 0.1228 
     H171876  1 0.2378 0.2387 0.3580 0.1655 
     H171877  1 0.1501 0.1783 0.5002 0.1714 
     H171878  1 0.2961 0.2119 0.1832 0.3088 
     H171901  1 0.2035 0.3192 0.1564 0.3208 
     H171902  1 0.3117 0.1947 0.2317 0.2619 
     H171903  1 0.2345 0.2783 0.2537 0.2335 
     H171935  1 0.2733 0.2647 0.1298 0.3322 
     H171936  1 0.2016 0.2806 0.3604 0.1574 
     H171940  1 0.2042 0.1537 0.3573 0.2848 
     H171945  1 0.3101 0.2154 0.2245 0.2501 
     H171948  1 0.2157 0.2431 0.2482 0.2930 
     H171949  1 0.1988 0.1824 0.2198 0.3990 
     H171950  1 0.1828 0.2148 0.1563 0.4460 
     H171963  1 0.3248 0.2895 0.2189 0.1669 
     H171964  1 0.4250 0.1732 0.2249 0.1768 
     H171966  1 0.2885 0.2545 0.2020 0.2551 
     H171968  1 0.2595 0.1609 0.2807 0.2989 
     H171971  1 0.2570 0.3373 0.1694 0.2364 
     H171972  1 0.3152 0.3130 0.2122 0.1597 
     H171977  1 0.3427 0.2308 0.2750 0.1515 
     H171978  1 0.2632 0.2253 0.1705 0.3410 
     H171979  1 0.2969 0.3533 0.2172 0.1326 
        H176  1 0.2459 0.2333 0.3107 0.2101 
        H177  1 0.1745 0.2084 0.2019 0.4152 
        H179  1 0.1482 0.1852 0.3531 0.3135 
        H181  1 0.3280 0.2478 0.2659 0.1583 
        H182  1 0.2940 0.3161 0.2583 0.1317 
        H183  1 0.3755 0.2539 0.1905 0.1800 
        H184  1 0.2070 0.2205 0.2714 0.3012 
        H185  1 0.2853 0.2721 0.2893 0.1532 
        H186  1 0.3244 0.1386 0.2563 0.2807 
        H187  1 0.2396 0.3340 0.1918 0.2347 
        H188  1 0.1517 0.1620 0.4231 0.2631 
        H192  1 0.1933 0.2020 0.2171 0.3876 
        H193  1 0.3156 0.2639 0.2641 0.1564 
        H194  1 0.2091 0.2567 0.2847 0.2495 
        H195  1 0.4208 0.2074 0.1967 0.1751 
        H199  1 0.3650 0.2203 0.2343 0.1804 
        H200  1 0.2312 0.2386 0.2456 0.2846 
        H414  1 0.2863 0.3498 0.1723 0.1916 
        H415  1 0.2358 0.3135 0.2727 0.1781 
        H422  1 0.3011 0.1965 0.2115 0.2909 
        H423  1 0.1649 0.1562 0.1576 0.5213 
        H424  1 0.3463 0.2891 0.2131 0.1516 
        H425  1 0.4095 0.2122 0.2158 0.1626 
        H426  1 0.4194 0.2385 0.1498 0.1922 
        H443  1 0.3428 0.1330 0.3583 0.1658 
        H466  1 0.2520 0.2574 0.2455 0.2452 
        H467  1 0.2056 0.1727 0.1881 0.4337 
        H472  1 0.2453 0.2375 0.2953 0.2220 
        H483  1 0.2480 0.1775 0.4181 0.1564 
        H504  1 0.3669 0.2584 0.2174 0.1573 
        H505  1 0.1964 0.2262 0.2826 0.2948 
        H506  1 0.2474 0.2040 0.3037 0.2449 
        H507  1 0.2690 0.3553 0.2653 0.1103 
        H508  1 0.2480 0.2905 0.1703 0.2912 
        H524  1 0.2509 0.3354 0.2686 0.1451 
        H525  1 0.2763 0.2023 0.3320 0.1893 
        H526  1 0.1739 0.1815 0.4829 0.1616 
        H527  1 0.2251 0.2378 0.2086 0.3285 
        H528  1 0.3187 0.2706 0.2644 0.1462 
        H529  1 0.3230 0.2901 0.2573 0.1295 
        H533  1 0.2239 0.4892 0.1739 0.1129 
        H538  1 0.2128 0.2229 0.3262 0.2382 
        H539  1 0.3048 0.3038 0.1678 0.2236 
        H540  1 0.2449 0.2679 0.2483 0.2390 
        H541  1 0.1987 0.2345 0.3860 0.1807 
        H558  1 0.3522 0.3045 0.1519 0.1914 
        H559  1 0.2180 0.1525 0.4032 0.2264 
        H579  1 0.3339 0.2202 0.2759 0.1701 
        H584  1 0.3790 0.2209 0.2165 0.1836 
        H585  1 0.2834 0.2974 0.2342 0.1850 
        H605  1 0.2425 0.2358 0.2253 0.2964 
        H606  1 0.1635 0.1478 0.2842 0.4045 
        H632  1 0.3575 0.2109 0.2701 0.1615 
        H634  1 0.3197 0.2518 0.2249 0.2036 
        H671  1 0.1833 0.1935 0.1983 0.4249 
        H672  1 0.2371 0.3389 0.2091 0.2149 
        H673  1 0.3114 0.1562 0.3646 0.1677 
        H689  1 0.2575 0.2085 0.3639 0.1701 
        H690  1 0.1822 0.2472 0.2711 0.2996 
        H691  1 0.1763 0.1988 0.4244 0.2005 
        H692  1 0.3570 0.2732 0.2746 0.0952 
        H709  1 0.2734 0.3148 0.2077 0.2041 
        H710  1 0.3644 0.2690 0.2407 0.1258 
       H7355  1 0.1949 0.2650 0.3986 0.1416 
       H7356  1 0.3009 0.2361 0.2283 0.2347 
       H7357  1 0.1992 0.2429 0.3051 0.2529 
       H7358  1 0.2339 0.2193 0.3869 0.1598 
       H7380  1 0.2761 0.2143 0.3261 0.1835 
       H7381  1 0.2919 0.1984 0.1840 0.3258 
       H7382  1 0.2616 0.2238 0.3181 0.1965 
        H904  1 0.1309 0.1289 0.2213 0.5189 
        H923  1 0.2461 0.2209 0.2538 0.2792 
        H924  1 0.2184 0.1783 0.3151 0.2882 
        H925  1 0.1933 0.2018 0.4419 0.1630 
       H9558  1 0.3664 0.3069 0.1438 0.1829 
        H008  2 0.2314 0.2965 0.3408 0.1314 
        H021  2 0.1941 0.2123 0.2774 0.3162 
        H023  2 0.1732 0.1972 0.3162 0.3134 
        H024  2 0.3130 0.3655 0.1939 0.1276 
        H025  2 0.2661 0.1786 0.2059 0.3494 
        H026  2 0.3836 0.2570 0.2067 0.1527 
        H027  2 0.2031 0.2871 0.3299 0.1799 
        H028  2 0.3086 0.2394 0.2744 0.1777 
        H029  2 0.2502 0.2878 0.3051 0.1569 
        H030  2 0.3410 0.3309 0.1947 0.1334 
        H038  2 0.2159 0.2181 0.2266 0.3394 
        H039  2 0.1215 0.1193 0.1188 0.6404 
        H040  2 0.2157 0.2919 0.1539 0.3385 
        H041  2 0.1825 0.2342 0.3991 0.1842 
        H042  2 0.2100 0.2294 0.3017 0.2589 
        H043  2 0.2188 0.2124 0.1230 0.4458 
        H044  2 0.3046 0.3693 0.1607 0.1654 
        H047  2 0.2664 0.2301 0.1756 0.3279 
        H050  2 0.2817 0.4111 0.1505 0.1566 
        H058  2 0.2411 0.2953 0.1543 0.3093 
        H062  2 0.1845 0.1592 0.3649 0.2914 
        H063  2 0.1822 0.2311 0.2042 0.3825 
        H065  2 0.3756 0.1579 0.2249 0.2416 
        H066  2 0.2733 0.3678 0.1519 0.2070 
        H067  2 0.2255 0.2016 0.3971 0.1758 
        H068  2 0.2035 0.2290 0.1817 0.3858 
        H069  2 0.2894 0.3071 0.1856 0.2179 
        H071  2 0.2243 0.2196 0.2356 0.3205 
        H072  2 0.1716 0.1934 0.1971 0.4378 
        H073  2 0.2959 0.2410 0.2822 0.1808 
        H081  2 0.1540 0.1928 0.4379 0.2152 
        H082  2 0.3058 0.3610 0.2016 0.1316 
        H083  2 0.3557 0.2735 0.2094 0.1614 
        H084  2 0.2266 0.3199 0.1942 0.2593 
        H085  2 0.1642 0.2100 0.4520 0.1738 
        H087  2 0.1574 0.1663 0.4976 0.1787 
        H088  2 0.1811 0.2183 0.2613 0.3394 
        H089  2 0.2122 0.2236 0.3907 0.1735 
        H090  2 0.2765 0.3509 0.2123 0.1603 
        H091  2 0.2258 0.3186 0.3216 0.1340 
        H098  2 0.2255 0.3372 0.2525 0.1848 
      H10001  2 0.1233 0.1148 0.1182 0.6437 
      H10002  2 0.1906 0.1991 0.2765 0.3338 
        H101  2 0.2517 0.4642 0.1335 0.1506 
        H108  2 0.1606 0.1282 0.3770 0.3343 
        H109  2 0.2356 0.3501 0.1487 0.2656 
        H110  2 0.1964 0.2336 0.4183 0.1518 
        H116  2 0.3401 0.2640 0.2212 0.1747 
        H117  2 0.1810 0.3195 0.3473 0.1522 
        H118  2 0.3227 0.2458 0.3106 0.1210 
        H119  2 0.2183 0.2050 0.2735 0.3033 
        H120  2 0.1454 0.1326 0.2710 0.4509 
        H121  2 0.2405 0.2882 0.3218 0.1495 
        H125  2 0.1221 0.1377 0.1318 0.6083 
        H126  2 0.3676 0.2062 0.2127 0.2135 
        H128  2 0.3785 0.3613 0.1725 0.0877 
        H129  2 0.4240 0.2210 0.2099 0.1451 
        H130  2 0.2663 0.2168 0.1232 0.3936 
        H133  2 0.2033 0.1759 0.1409 0.4800 
        H134  2 0.5176 0.1693 0.1734 0.1397 
        H135  2 0.2070 0.2170 0.3363 0.2397 
        H137  2 0.2194 0.3610 0.2120 0.2076 
        H138  2 0.4158 0.2428 0.1794 0.1620 
        H140  2 0.2538 0.2559 0.2509 0.2394 
        H146  2 0.3036 0.3092 0.2116 0.1756 
        H147  2 0.2166 0.2872 0.3215 0.1747 
        H148  2 0.1877 0.2908 0.3486 0.1729 
     H166022  2 0.2418 0.3766 0.2420 0.1396 
     H167359  2 0.2636 0.3001 0.2275 0.2088 
     H167397  2 0.2676 0.4018 0.2401 0.0905 
     H167428  2 0.2264 0.1767 0.5010 0.0960 
     H167496  2 0.1501 0.1869 0.2813 0.3816 
     H167513  2 0.2507 0.3599 0.1486 0.2408 
     H167545  2 0.3205 0.3251 0.2077 0.1466 
     H167547  2 0.3509 0.3767 0.1278 0.1446 
     H169621  2 0.2758 0.3486 0.2198 0.1558 
     H169622  2 0.2938 0.2512 0.2889 0.1662 
     H169750  2 0.2711 0.2798 0.1422 0.3069 
     H171806  2 0.2639 0.2458 0.2115 0.2788 
     H171808  2 0.2844 0.2409 0.2821 0.1927 
     H171809  2 0.2198 0.2012 0.3439 0.2351 
     H171813  2 0.3066 0.2418 0.1975 0.2541 
     H171815  2 0.2004 0.1642 0.1638 0.4717 
     H171824  2 0.1420 0.1677 0.3549 0.3355 
     H171825  2 0.2780 0.2333 0.3000 0.1888 
     H171826  2 0.2137 0.2053 0.3100 0.2710 
     H171827  2 0.2441 0.2693 0.2244 0.2622 
     H171828  2 0.1244 0.1300 0.2500 0.4956 
     H171829  2 0.3385 0.2525 0.1604 0.2487 
     H171830  2 0.2145 0.3377 0.2207 0.2271 
     H171831  2 0.3659 0.2564 0.2421 0.1356 
     H171832  2 0.3344 0.2489 0.2245 0.1922 
     H171863  2 0.3776 0.3221 0.1813 0.1190 
     H171864  2 0.2108 0.3210 0.2647 0.2034 
     H171865  2 0.2019 0.1811 0.2075 0.4094 
     H171879  2 0.2601 0.3199 0.2003 0.2197 
     H171880  2 0.2181 0.4278 0.1857 0.1684 
     H171881  2 0.2220 0.2330 0.3685 0.1765 
     H171882  2 0.1490 0.1505 0.1661 0.5345 
     H171929  2 0.2186 0.2602 0.3331 0.1881 
     H171930  2 0.2912 0.4286 0.1516 0.1286 
     H171933  2 0.2463 0.3219 0.2404 0.1914 
     H171934  2 0.2054 0.2332 0.3698 0.1917 
     H171937  2 0.3782 0.2759 0.1653 0.1807 
     H171962  2 0.2463 0.2289 0.3616 0.1633 
        H190  2 0.2720 0.2985 0.2528 0.1767 
        H191  2 0.2767 0.2291 0.2626 0.2317 
        H396  2 0.1874 0.1640 0.4361 0.2124 
        H397  2 0.2566 0.3327 0.2244 0.1864 
        H398  2 0.3060 0.1808 0.2529 0.2603 
        H400  2 0.2218 0.2476 0.3324 0.1982 
        H401  2 0.2972 0.4143 0.1854 0.1032 
        H402  2 0.2351 0.3538 0.2590 0.1522 
        H427  2 0.1815 0.1878 0.4376 0.1931 
        H428  2 0.2150 0.1846 0.5065 0.0939 
        H497  2 0.2354 0.2710 0.1613 0.3322 
        H512  2 0.2375 0.3216 0.2201 0.2207 
        H513  2 0.2525 0.3584 0.1464 0.2427 
        H514  2 0.3569 0.2592 0.1768 0.2071 
        H519  2 0.2353 0.3641 0.1621 0.2385 
        H532  2 0.2092 0.2147 0.4348 0.1413 
        H543  2 0.2307 0.3727 0.2444 0.1522 
        H544  2 0.3993 0.2160 0.1587 0.2260 
        H545  2 0.3450 0.3311 0.1879 0.1360 
        H546  2 0.2357 0.1829 0.2119 0.3695 
        H547  2 0.3437 0.3895 0.1294 0.1374 
        H548  2 0.2174 0.2864 0.3040 0.1922 
        H549  2 0.2876 0.3427 0.1512 0.2185 
        H620  2 0.1449 0.1451 0.1838 0.5262 
        H623  2 0.3480 0.2942 0.1811 0.1767 
        H624  2 0.3036 0.2037 0.1356 0.3572 
        H625  2 0.2331 0.2369 0.3593 0.1708 
        H626  2 0.2300 0.3207 0.1992 0.2502 
        H654  2 0.1412 0.1423 0.1282 0.5883 
        H655  2 0.2208 0.2710 0.1780 0.3303 
        H656  2 0.1545 0.1218 0.2482 0.4756 
        H666  2 0.1771 0.1611 0.1148 0.5471 
        H667  2 0.2268 0.2109 0.3615 0.2008 
        H677  2 0.2537 0.2545 0.2979 0.1939 
        H693  2 0.1473 0.1401 0.3731 0.3395 
        H694  2 0.3121 0.3146 0.1889 0.1844 
        H701  2 0.2438 0.3707 0.2226 0.1629 
        H702  2 0.2124 0.3150 0.2086 0.2640 
        H731  2 0.2050 0.1970 0.2845 0.3135 
       H7359  2 0.2613 0.2960 0.2326 0.2101 
       H7389  2 0.2616 0.2554 0.2877 0.1953 
       H7390  2 0.1866 0.2343 0.1559 0.4233 
       H7391  2 0.1460 0.1825 0.5256 0.1459 
       H7392  2 0.2502 0.2183 0.2620 0.2695 
       H7393  2 0.2125 0.2828 0.1899 0.3148 
       H7398  2 0.1762 0.2392 0.3896 0.1950 
       H7399  2 0.2809 0.2376 0.3240 0.1575 
       H7400  2 0.1473 0.1385 0.1504 0.5638 
        H745  2 0.4687 0.2092 0.1737 0.1484 
        H746  2 0.3206 0.2347 0.2882 0.1564 
        H747  2 0.1817 0.2825 0.1565 0.3792 
        H748  2 0.2485 0.3240 0.1785 0.2490 
       H7484  2 0.1805 0.1855 0.1809 0.4531 
       H7485  2 0.2934 0.2888 0.2029 0.2148 
        H749  2 0.2977 0.2789 0.2591 0.1642 
        H930  2 0.2684 0.4287 0.1663 0.1365 
        H931  2 0.2307 0.2115 0.3600 0.1978 
        H932  2 0.2669 0.2566 0.2243 0.2522 
        H111  3 0.3606 0.3161 0.1625 0.1608 
        H951  3 0.2980 0.2961 0.2531 0.1528 
        H952  3 0.3277 0.2566 0.1869 0.2288 
        H953  3 0.1935 0.2338 0.4281 0.1446 
        H954  3 0.1832 0.2324 0.1639 0.4206 
        H955  3 0.2972 0.3734 0.1804 0.1490 
        H956  3 0.2017 0.3327 0.2076 0.2581 
       H9563  3 0.1748 0.2511 0.3103 0.2638 
        H002  4 0.2827 0.1637 0.1588 0.3948 
        H003  4 0.2768 0.1870 0.3776 0.1585 
        H009  4 0.3617 0.2612 0.1933 0.1838 
        H010  4 0.2461 0.2235 0.3296 0.2008 
        H011  4 0.1618 0.1444 0.2764 0.4174 
        H012  4 0.2196 0.2862 0.3416 0.1526 
        H013  4 0.1944 0.1923 0.3261 0.2872 
        H014  4 0.2841 0.2399 0.2345 0.2415 
        H045  4 0.1649 0.1906 0.3820 0.2626 
        H046  4 0.3298 0.1927 0.3240 0.1535 
        H051  4 0.1756 0.1827 0.3387 0.3030 
        H052  4 0.2695 0.1889 0.2025 0.3391 
        H053  4 0.2330 0.2634 0.2023 0.3012 
        H056  4 0.2403 0.1972 0.1816 0.3809 
        H076  4 0.3188 0.2213 0.3099 0.1500 
        H151  4 0.1978 0.1571 0.1473 0.4978 
        H152  4 0.2816 0.1538 0.1865 0.3781 
     H171803  4 0.1868 0.2521 0.2100 0.3511 
     H171804  4 0.1998 0.2865 0.2172 0.2965 
     H171833  4 0.4193 0.2331 0.1820 0.1656 
     H171855  4 0.2243 0.1660 0.1345 0.4752 
     H171856  4 0.2254 0.3502 0.1731 0.2513 
     H171857  4 0.2465 0.1981 0.1752 0.3801 
     H171858  4 0.3096 0.2192 0.2278 0.2433 
     H171859  4 0.2436 0.2167 0.2721 0.2676 
     H171961  4 0.1979 0.1926 0.2688 0.3407 
        H198  4 0.3137 0.2348 0.3214 0.1301 
      H20001  4 0.4028 0.2736 0.1468 0.1768 
        H403  4 0.2651 0.2554 0.1974 0.2820 
        H404  4 0.2534 0.2205 0.3691 0.1570 
        H405  4 0.3055 0.2624 0.2767 0.1554 
        H406  4 0.3440 0.3044 0.1301 0.2215 
        H407  4 0.2158 0.2969 0.2366 0.2507 
        H410  4 0.2448 0.3181 0.3026 0.1345 
        H411  4 0.3771 0.2952 0.1504 0.1773 
        H468  4 0.3111 0.3395 0.1197 0.2297 
        H476  4 0.2423 0.3551 0.1359 0.2667 
        H477  4 0.4028 0.2862 0.1501 0.1609 
        H478  4 0.2473 0.2643 0.3099 0.1785 
        H479  4 0.2106 0.1886 0.2936 0.3072 
        H480  4 0.3247 0.3798 0.1466 0.1489 
        H498  4 0.2964 0.2174 0.2519 0.2343 
        H499  4 0.2602 0.2248 0.2702 0.2448 
        H500  4 0.1634 0.2256 0.2134 0.3977 
        H515  4 0.2236 0.2556 0.2052 0.3156 
        H516  4 0.2761 0.2860 0.1657 0.2721 
        H517  4 0.2690 0.2905 0.2160 0.2245 
        H518  4 0.2797 0.2332 0.1501 0.3370 
        H520  4 0.2289 0.2455 0.1613 0.3642 
        H521  4 0.2294 0.2299 0.3493 0.1914 
        H522  4 0.2337 0.3040 0.1889 0.2734 
        H523  4 0.2333 0.3330 0.1706 0.2631 
        H536  4 0.2692 0.1806 0.3585 0.1917 
        H645  4 0.1453 0.1393 0.4826 0.2328 
        H646  4 0.3083 0.3735 0.1771 0.1410 
        H647  4 0.2905 0.2863 0.1997 0.2234 
        H657  4 0.2811 0.3263 0.2331 0.1595 
        H658  4 0.2128 0.3512 0.1863 0.2497 
        H659  4 0.1521 0.1768 0.1269 0.5442 
        H660  4 0.2453 0.2682 0.2085 0.2781 
        H661  4 0.2385 0.1959 0.1678 0.3978 
        H668  4 0.2291 0.2292 0.3839 0.1578 
        H669  4 0.1991 0.2459 0.3024 0.2526 
        H670  4 0.1527 0.1498 0.4492 0.2483 
        H678  4 0.2416 0.3348 0.1877 0.2359 
        H679  4 0.2326 0.4007 0.2102 0.1566 
        H680  4 0.3259 0.2217 0.2102 0.2422 
        H681  4 0.2040 0.2129 0.2972 0.2860 
        H682  4 0.1990 0.3986 0.2277 0.1746 
        H683  4 0.2646 0.2365 0.1479 0.3510 
        H718  4 0.1901 0.1743 0.2133 0.4222 
        H719  4 0.1892 0.2057 0.3473 0.2578 
        H720  4 0.3048 0.1812 0.2170 0.2969 
        H721  4 0.3282 0.2127 0.1786 0.2804 
        H722  4 0.3403 0.1752 0.1489 0.3355 
        H723  4 0.1683 0.2003 0.3021 0.3293 
        H724  4 0.1595 0.1869 0.1633 0.4902 
        H725  4 0.1983 0.1777 0.1513 0.4726 
        H726  4 0.2096 0.2096 0.1990 0.3818 
        H727  4 0.1783 0.1815 0.2997 0.3405 
        H910  4 0.1890 0.2573 0.2476 0.3062 
        H911  4 0.2837 0.3077 0.2265 0.1821 
        H912  4 0.2727 0.2538 0.1887 0.2848 
        H913  4 0.2134 0.2912 0.1696 0.3259 
        H914  4 0.1558 0.2045 0.2881 0.3516 
        H915  4 0.2274 0.3448 0.1764 0.2514 
        H916  4 0.2802 0.3704 0.1338 0.2156 
       H9572  4 0.2321 0.2515 0.2311 0.2852 
        H015  5 0.3389 0.3018 0.1976 0.1617 
        H016  5 0.3920 0.2296 0.1990 0.1794 
        H017  5 0.3096 0.2936 0.1356 0.2612 
        H019  5 0.2886 0.2459 0.2554 0.2102 
        H020  5 0.2488 0.2100 0.2707 0.2705 
        H032  5 0.2412 0.2905 0.1703 0.2980 
        H033  5 0.2373 0.2881 0.2993 0.1752 
        H034  5 0.1783 0.1847 0.2852 0.3518 
        H035  5 0.2626 0.3014 0.2040 0.2320 
        H036  5 0.2520 0.3327 0.2412 0.1742 
        H037  5 0.2059 0.2438 0.2228 0.3275 
        H048  5 0.1590 0.1851 0.3012 0.3548 
        H049  5 0.3150 0.2566 0.2035 0.2249 
        H054  5 0.2743 0.1998 0.2826 0.2432 
        H055  5 0.2222 0.1419 0.3294 0.3065 
        H057  5 0.4089 0.1918 0.1628 0.2365 
        H060  5 0.2674 0.1806 0.2313 0.3207 
        H061  5 0.2464 0.2474 0.3202 0.1860 
        H064  5 0.2453 0.1699 0.2839 0.3010 
        H070  5 0.1985 0.2286 0.2873 0.2856 
        H077  5 0.2023 0.2075 0.1598 0.4305 
        H078  5 0.2578 0.2395 0.1435 0.3592 
        H079  5 0.2057 0.3219 0.3285 0.1438 
        H097  5 0.3309 0.2691 0.1128 0.2872 
        H107  5 0.1386 0.1296 0.2380 0.4938 
        H122  5 0.2848 0.3109 0.1857 0.2186 
        H123  5 0.3006 0.3343 0.2094 0.1557 
        H124  5 0.2636 0.2873 0.2977 0.1513 
        H131  5 0.2444 0.3202 0.2616 0.1738 
        H132  5 0.2037 0.2120 0.3168 0.2675 
        H141  5 0.2234 0.2319 0.2431 0.3017 
        H142  5 0.2722 0.3285 0.2504 0.1489 
        H157  5 0.1889 0.2122 0.2323 0.3666 
        H158  5 0.4146 0.2775 0.1433 0.1646 
        H159  5 0.3075 0.3190 0.2204 0.1531 
        H160  5 0.2781 0.2988 0.1831 0.2400 
        H163  5 0.2710 0.3250 0.2239 0.1801 
        H164  5 0.2499 0.2636 0.2842 0.2022 
        H165  5 0.2067 0.2237 0.4262 0.1434 
        H166  5 0.2945 0.2483 0.2800 0.1772 
        H169  5 0.2379 0.2289 0.3083 0.2249 
     H169613  5 0.2865 0.2693 0.1975 0.2466 
     H169653  5 0.2968 0.2421 0.2739 0.1872 
     H169728  5 0.2813 0.3526 0.1782 0.1880 
     H169742  5 0.1749 0.1574 0.4485 0.2193 
        H170  5 0.3866 0.2115 0.1856 0.2163 
        H171  5 0.4072 0.2229 0.1833 0.1866 
     H171851  5 0.3036 0.2387 0.2174 0.2403 
     H171852  5 0.2549 0.2051 0.1917 0.3483 
     H171853  5 0.2039 0.2503 0.2442 0.3016 
     H171854  5 0.2885 0.2903 0.1837 0.2376 
     H171938  5 0.1821 0.2197 0.3847 0.2135 
     H171939  5 0.3105 0.2280 0.3005 0.1610 
     H171941  5 0.1699 0.1387 0.2896 0.4017 
     H171965  5 0.3421 0.2259 0.2523 0.1797 
     H171970  5 0.1593 0.1458 0.2092 0.4857 
     H171973  5 0.2139 0.2397 0.3857 0.1606 
     H171974  5 0.1941 0.2021 0.3670 0.2367 
     H171975  5 0.2147 0.1816 0.3393 0.2643 
     H171976  5 0.3720 0.2327 0.1507 0.2445 
        H175  5 0.1861 0.1982 0.2825 0.3332 
        H178  5 0.2433 0.2020 0.2947 0.2600 
        H189  5 0.3210 0.3051 0.2286 0.1452 
        H399  5 0.4082 0.2376 0.1332 0.2210 
        H416  5 0.2090 0.2276 0.2924 0.2709 
        H438  5 0.2066 0.2769 0.2951 0.2215 
        H450  5 0.2049 0.1777 0.2105 0.4068 
        H455  5 0.1540 0.1375 0.2958 0.4127 
        H456  5 0.2010 0.2248 0.3591 0.2152 
        H457  5 0.2755 0.1771 0.1733 0.3741 
        H458  5 0.2082 0.2093 0.2664 0.3160 
        H459  5 0.2752 0.3336 0.2468 0.1445 
        H460  5 0.2268 0.3339 0.1761 0.2631 
        H461  5 0.3586 0.2824 0.1360 0.2231 
        H462  5 0.2220 0.3341 0.2720 0.1719 
        H469  5 0.2279 0.3423 0.2671 0.1627 
        H470  5 0.2247 0.2556 0.2334 0.2863 
        H471  5 0.3680 0.3536 0.1345 0.1438 
        H481  5 0.1717 0.1743 0.1712 0.4828 
        H482  5 0.2400 0.2340 0.2079 0.3182 
        H501  5 0.2140 0.2540 0.2872 0.2448 
        H502  5 0.3348 0.2918 0.2234 0.1500 
        H503  5 0.3093 0.2709 0.2211 0.1987 
        H509  5 0.1866 0.2426 0.2277 0.3432 
        H510  5 0.2737 0.2086 0.3057 0.2120 
        H511  5 0.2993 0.2551 0.2582 0.1874 
        H530  5 0.1733 0.2104 0.3463 0.2700 
        H531  5 0.2107 0.2381 0.1528 0.3984 
        H564  5 0.2362 0.1919 0.2630 0.3088 
        H565  5 0.2043 0.1775 0.1931 0.4252 
        H567  5 0.2791 0.3617 0.2321 0.1271 
     H568???  5 0.3557 0.2561 0.2150 0.1731 
        H608  5 0.2177 0.1856 0.1889 0.4077 
        H609  5 0.1824 0.1823 0.4436 0.1918 
        H612  5 0.1432 0.1715 0.2703 0.4150 
        H614  5 0.2165 0.1812 0.1614 0.4409 
        H615  5 0.2389 0.2333 0.1655 0.3623 
        H616  5 0.1297 0.1340 0.2413 0.4949 
        H617  5 0.2421 0.3377 0.2813 0.1389 
        H618  5 0.1820 0.1697 0.2629 0.3855 
        H619  5 0.1705 0.1374 0.5204 0.1717 
        H635  5 0.2587 0.2417 0.2778 0.2218 
        H636  5 0.1914 0.2132 0.4261 0.1694 
        H637  5 0.2297 0.1902 0.3106 0.2695 
        H644  5 0.4688 0.2584 0.1669 0.1059 
        H711  5 0.3741 0.2177 0.1915 0.2168 
        H712  5 0.1687 0.1758 0.3947 0.2609 
       H7360  5 0.2774 0.2152 0.2251 0.2823 
       H7361  5 0.2269 0.2081 0.2190 0.3459 
       H7362  5 0.4188 0.2541 0.2077 0.1194 
       H7363  5 0.2664 0.2350 0.1930 0.3056 
       H7394  5 0.2861 0.3650 0.1813 0.1676 
       H7395  5 0.2427 0.2058 0.3140 0.2374 
       H7396  5 0.2165 0.3174 0.2357 0.2305 
        H742  5 0.1753 0.1609 0.4503 0.2134 
        H743  5 0.2330 0.1915 0.3039 0.2716 
        H744  5 0.1605 0.1873 0.2261 0.4261 
        H957  5 0.3128 0.2611 0.1818 0.2443 
        H958  5 0.2353 0.3822 0.2002 0.1823 
        H959  5 0.1656 0.1623 0.3116 0.3605 
        H960  5 0.2023 0.2680 0.3147 0.2150 
      H_PALI  6 0.2742 0.2964 0.2153 0.2141 
        H581  6 0.2253 0.2536 0.2052 0.3159 
        H582  6 0.2038 0.1800 0.1688 0.4474 
        H583  6 0.2273 0.2389 0.2489 0.2849 
        H595  6 0.2654 0.4258 0.1775 0.1313 
        H596  6 0.2589 0.3962 0.2055 0.1394 
        H597  6 0.3605 0.2479 0.2451 0.1465 
        H598  6 0.2259 0.2772 0.2427 0.2542 
        H599  6 0.1900 0.1917 0.3002 0.3181 
        H642  6 0.3434 0.3243 0.1371 0.1953 
        H643  6 0.2166 0.2802 0.2741 0.2291 
        H664  6 0.2333 0.2534 0.1154 0.3979 
        H665  6 0.1846 0.2132 0.4019 0.2004 
        H674  6 0.4097 0.2773 0.1877 0.1253 
        H675  6 0.2783 0.2127 0.1988 0.3101 
        H676  6 0.3217 0.3373 0.1588 0.1822 
        H686  6 0.2726 0.2548 0.2545 0.2180 
        H687  6 0.2811 0.3109 0.1734 0.2345 
        H917  6 0.2158 0.3463 0.2999 0.1380 
        H918  6 0.2027 0.1841 0.4428 0.1704 
        H919  6 0.1536 0.1774 0.2786 0.3904 
        H920  6 0.2332 0.2279 0.1989 0.3401 
        H631  7 0.2275 0.1869 0.2735 0.3121 
        H684  7 0.3898 0.2373 0.2152 0.1577 
        H685  7 0.1788 0.3207 0.1197 0.3809 
        H713  7 0.1752 0.2176 0.1758 0.4314 
        H715  7 0.3593 0.2480 0.2023 0.1903 
        H716  7 0.2325 0.1405 0.3543 0.2727 
        H717  7 0.2400 0.2058 0.2753 0.2788 
        H729  7 0.2070 0.3272 0.3381 0.1277 
        H730  7 0.1632 0.2152 0.3967 0.2249 
        H431  8 0.2031 0.2385 0.2115 0.3468 
        H432  8 0.3868 0.2173 0.2602 0.1357 
        H433  8 0.2222 0.3226 0.2731 0.1821 
        H434  8 0.2595 0.3256 0.2302 0.1846 
        H444  8 0.2106 0.2199 0.3911 0.1784 
        H454  8 0.1595 0.1768 0.2656 0.3981 
        H475  8 0.1903 0.1998 0.1464 0.4636 
        H491  8 0.2293 0.1774 0.2828 0.3105 
        H492  8 0.1905 0.2645 0.1989 0.3462 
        H493  8 0.3133 0.2568 0.2138 0.2161 
        H494  8 0.2303 0.2513 0.2702 0.2481 
        H495  8 0.2525 0.1755 0.1339 0.4380 
        H662  8 0.3049 0.2428 0.2385 0.2137 
        H663  8 0.2283 0.2514 0.2714 0.2489 
        H695  8 0.2103 0.2512 0.2750 0.2634 
       H7367  8 0.2315 0.3976 0.2375 0.1334 
       H7368  8 0.3138 0.2325 0.2698 0.1838 
       H7369  8 0.1945 0.1876 0.4203 0.1977 
       H7370  8 0.2101 0.5164 0.1615 0.1120 
       H7371  8 0.2006 0.3268 0.2838 0.1888 
        H600  9 0.2147 0.2085 0.2070 0.3699 
        H648  9 0.2977 0.2350 0.2115 0.2558 
        H696  9 0.3873 0.3167 0.1711 0.1248 
        H697  9 0.2375 0.2466 0.3171 0.1988 
        H698  9 0.2620 0.2885 0.2657 0.1838 
        H699  9 0.2713 0.2609 0.2372 0.2305 
        H700  9 0.1969 0.2232 0.2557 0.3242 
        H732  9 0.2348 0.1935 0.1686 0.4030 
        H733  9 0.2237 0.3626 0.2544 0.1594 
        H734  9 0.3090 0.3880 0.1567 0.1462 
        H735  9 0.2523 0.3471 0.2161 0.1845 
        H736  9 0.2687 0.2619 0.2077 0.2617 
        H737  9 0.2167 0.1965 0.2946 0.2922 
        H905  9 0.1929 0.1827 0.3077 0.3166 
        H921  9 0.1898 0.2223 0.3073 0.2806 
        H922  9 0.2421 0.3548 0.2805 0.1227 
     H169705 10 0.2038 0.4356 0.1806 0.1800 
     H171942 10 0.3733 0.2182 0.2763 0.1322 
     H171943 10 0.2887 0.3224 0.1935 0.1953 
     H171944 10 0.2220 0.3576 0.2091 0.2113 
     H171946 10 0.2400 0.2325 0.1566 0.3710 
     H171947 10 0.2665 0.2688 0.2745 0.1902 
     H229641 10 0.2412 0.3128 0.1840 0.2619 
      H30001 10 0.2116 0.2774 0.2506 0.2605 
      H30002 10 0.2219 0.2528 0.2811 0.2442 
      H30005 10 0.2524 0.3314 0.2172 0.1990 
      H30006 10 0.3102 0.3347 0.1783 0.1768 
      H30007 10 0.4268 0.2192 0.2223 0.1317 
        H451 10 0.2605 0.2919 0.2871 0.1606 
        H452 10 0.2806 0.3319 0.1851 0.2025 
        H453 10 0.2348 0.1530 0.1888 0.4234 
        H473 10 0.2355 0.1843 0.2897 0.2905 
        H474 10 0.1844 0.2236 0.1123 0.4797 
        H486 10 0.2258 0.2420 0.2259 0.3063 
        H487 10 0.2203 0.2459 0.2182 0.3156 
        H488 10 0.1786 0.1948 0.3854 0.2413 
        H489 10 0.1788 0.2627 0.1787 0.3798 
        H550 10 0.3319 0.3346 0.1572 0.1764 
        H551 10 0.1844 0.2979 0.2845 0.2332 
        H553 10 0.2129 0.2459 0.1657 0.3755 
        H554 10 0.2895 0.2579 0.2666 0.1860 
        H556 10 0.2801 0.2762 0.1855 0.2582 
        H580 10 0.2527 0.2757 0.2827 0.1888 
        H591 10 0.1506 0.1653 0.2070 0.4771 
        H592 10 0.2102 0.3107 0.1770 0.3021 
        H593 10 0.2658 0.2483 0.2705 0.2153 
        H594 10 0.3650 0.2735 0.2452 0.1163 
        H627 10 0.2756 0.3075 0.1581 0.2588 
        H628 10 0.2243 0.1740 0.4922 0.1096 
        H629 10 0.2941 0.2683 0.1726 0.2650 
        H630 10 0.2287 0.3652 0.1564 0.2497 
        H638 10 0.2441 0.3785 0.1801 0.1972 
        H639 10 0.2350 0.2064 0.1634 0.3951 
        H640 10 0.2896 0.3395 0.1952 0.1757 
        H704 10 0.3471 0.2250 0.2619 0.1660 
        H705 10 0.2061 0.4287 0.1870 0.1782 
        H706 10 0.1638 0.1837 0.3395 0.3129 
        H708 10 0.1797 0.2055 0.1750 0.4398 
       H7351 10 0.2818 0.2440 0.2552 0.2191 
       H7352 10 0.2434 0.2518 0.2373 0.2675 
       H7353 10 0.4655 0.1922 0.1773 0.1649 
       H7354 10 0.2130 0.1690 0.3076 0.3104 
       H7365 10 0.1709 0.2102 0.1846 0.4343 
       H7383 10 0.1694 0.2283 0.2940 0.3082 
       H7384 10 0.2159 0.2261 0.2746 0.2835 
       H7385 10 0.2040 0.2324 0.2059 0.3577 
       H7386 10 0.2126 0.2251 0.3778 0.1846 
       H7387 10 0.2715 0.2782 0.2442 0.2061 
       H7388 10 0.2329 0.2654 0.2790 0.2227 
        H906 10 0.2805 0.1452 0.2609 0.3135 
        H907 10 0.3002 0.3632 0.1715 0.1651 
        H908 10 0.2303 0.2764 0.2551 0.2382 
        H909 10 0.2031 0.1693 0.3968 0.2308 
       H9552 10 0.2740 0.2264 0.2781 0.2214 
       H9553 10 0.2295 0.2865 0.1906 0.2935 
       H9555 10 0.2205 0.3584 0.2531 0.1680 
       H9575 10 0.2409 0.1983 0.1644 0.3964 
       H9703 10 0.1821 0.1953 0.1643 0.4583 
       H9707 10 0.1993 0.2550 0.1757 0.3699 
       HSAA4 10 0.2553 0.2625 0.2926 0.1896 
        H001 11 0.2215 0.1588 0.3508 0.2689 
        H004 11 0.2548 0.2827 0.2395 0.2230 
        H005 11 0.1583 0.1538 0.2688 0.4191 
        H006 11 0.2327 0.2813 0.2450 0.2410 
        H007 11 0.1596 0.1637 0.3540 0.3227 
        H031 11 0.1456 0.2092 0.1819 0.4633 
        H074 11 0.1962 0.2635 0.1538 0.3866 
        H075 11 0.1643 0.1739 0.2953 0.3665 
        H080 11 0.1952 0.1963 0.2401 0.3683 
        H086 11 0.2372 0.2922 0.2326 0.2380 
        H092 11 0.2095 0.2799 0.1952 0.3153 
        H093 11 0.3741 0.2256 0.2566 0.1436 
        H094 11 0.2707 0.3920 0.1491 0.1882 
        H095 11 0.2099 0.1755 0.2729 0.3416 
        H096 11 0.1728 0.1740 0.3782 0.2750 
        H099 11 0.2228 0.2495 0.2214 0.3063 
        H100 11 0.2894 0.2095 0.3674 0.1337 
        H127 11 0.2122 0.2315 0.2706 0.2857 
        H136 11 0.1859 0.1987 0.1784 0.4369 
        H153 11 0.3028 0.2923 0.1992 0.2056 
        H154 11 0.1938 0.2465 0.1455 0.4141 
        H155 11 0.1924 0.2160 0.4726 0.1190 
        H156 11 0.2270 0.2729 0.3934 0.1067 
        H161 11 0.3086 0.2307 0.2504 0.2103 
        H162 11 0.2715 0.3800 0.1968 0.1517 
        H167 11 0.2595 0.2380 0.3156 0.1869 
        H168 11 0.2521 0.2397 0.2926 0.2155 
     H169586 11 0.3521 0.1835 0.1303 0.3341 
     H169738 11 0.2058 0.2531 0.3896 0.1516 
     H169741 11 0.1905 0.2837 0.1653 0.3606 
     H171801 11 0.3564 0.2465 0.2324 0.1647 
     H171810 11 0.2133 0.2590 0.1771 0.3506 
     H171811 11 0.2197 0.2129 0.1395 0.4279 
     H171812 11 0.1613 0.1434 0.4798 0.2155 
     H171820 11 0.1904 0.2216 0.1934 0.3946 
     H171821 11 0.2471 0.2781 0.2932 0.1816 
     H171822 11 0.2409 0.3323 0.2186 0.2082 
     H171823 11 0.2697 0.1743 0.1420 0.4140 
     H171866 11 0.2854 0.2442 0.2948 0.1756 
     H171867 11 0.2023 0.3099 0.3109 0.1769 
     H171967 11 0.1596 0.1964 0.3086 0.3355 
     H171969 11 0.2410 0.2262 0.3042 0.2286 
        H172 11 0.2151 0.2558 0.3205 0.2085 
        H173 11 0.1744 0.2791 0.3532 0.1933 
        H174 11 0.3505 0.3508 0.1643 0.1345 
        H196 11 0.2448 0.2838 0.3137 0.1577 
        H197 11 0.2282 0.2801 0.3070 0.1847 
        H346 11 0.2063 0.2011 0.3420 0.2506 
        H355 11 0.2035 0.1811 0.3178 0.2976 
        H356 11 0.2203 0.2410 0.2676 0.2710 
        H357 11 0.1877 0.2446 0.2431 0.3246 
        H358 11 0.1866 0.2409 0.3595 0.2130 
        H359 11 0.2586 0.2931 0.1936 0.2547 
        H360 11 0.2193 0.2761 0.2703 0.2343 
        H361 11 0.2370 0.2271 0.3345 0.2015 
        H362 11 0.2723 0.3964 0.2026 0.1286 
        H363 11 0.1815 0.2167 0.2045 0.3972 
        H364 11 0.2595 0.2006 0.2792 0.2608 
        H365 11 0.2081 0.2005 0.4092 0.1822 
        H366 11 0.2228 0.2343 0.3843 0.1586 
        H367 11 0.1907 0.2145 0.1739 0.4209 
        H368 11 0.3193 0.3453 0.1663 0.1692 
        H369 11 0.1541 0.1981 0.2177 0.4300 
        H370 11 0.2730 0.2899 0.2652 0.1720 
        H371 11 0.2240 0.3301 0.2153 0.2306 
        H372 11 0.2251 0.2397 0.3325 0.2027 
        H373 11 0.2327 0.2360 0.2848 0.2465 
        H374 11 0.2056 0.1792 0.3214 0.2938 
        H375 11 0.1886 0.2169 0.3246 0.2699 
        H376 11 0.3106 0.2265 0.2878 0.1752 
        H377 11 0.2148 0.2895 0.2330 0.2627 
        H378 11 0.2717 0.2233 0.2109 0.2941 
        H379 11 0.2602 0.3435 0.1730 0.2232 
        H380 11 0.2076 0.2400 0.4073 0.1451 
        H381 11 0.2170 0.2337 0.1523 0.3970 
        H382 11 0.2862 0.3386 0.2569 0.1183 
        H383 11 0.2884 0.1835 0.3854 0.1427 
        H384 11 0.2132 0.2248 0.2048 0.3572 
        H385 11 0.2083 0.3084 0.1706 0.3127 
        H386 11 0.1807 0.2010 0.4366 0.1818 
        H387 11 0.4201 0.1741 0.1635 0.2423 
        H388 11 0.2481 0.2293 0.3935 0.1291 
        H389 11 0.1881 0.2410 0.3443 0.2267 
        H390 11 0.2527 0.3078 0.2419 0.1976 
        H391 11 0.3249 0.3014 0.1948 0.1789 
        H392 11 0.1751 0.1664 0.2914 0.3671 
        H393 11 0.3368 0.2018 0.3240 0.1374 
        H394 11 0.4273 0.2271 0.1846 0.1610 
        H395 11 0.1725 0.1878 0.2756 0.3641 
        H408 11 0.1748 0.1699 0.4192 0.2361 
        H412 11 0.2284 0.2321 0.0925 0.4470 
        H417 11 0.2027 0.2377 0.2469 0.3127 
        H418 11 0.3004 0.2573 0.1547 0.2876 
        H429 11 0.2498 0.2068 0.3530 0.1904 
        H430 11 0.2309 0.2676 0.3426 0.1589 
        H439 11 0.2121 0.2934 0.2510 0.2435 
        H440 11 0.1904 0.1738 0.2075 0.4282 
        H441 11 0.2344 0.3501 0.2366 0.1789 
        H442 11 0.2586 0.2233 0.3388 0.1793 
        H446 11 0.3019 0.2664 0.2020 0.2298 
        H447 11 0.2298 0.2989 0.3230 0.1483 
        H448 11 0.1924 0.2565 0.3597 0.1914 
        H534 11 0.2054 0.1639 0.1692 0.4614 
        H537 11 0.2406 0.1657 0.1867 0.4070 
        H568 11 0.1639 0.1967 0.1440 0.4954 
        H569 11 0.2300 0.3716 0.2879 0.1105 
        H586 11 0.3476 0.1934 0.1232 0.3358 
        H587 11 0.1611 0.1727 0.1838 0.4825 
        H588 11 0.4152 0.2099 0.2245 0.1504 
        H589 11 0.1716 0.1611 0.2346 0.4327 
        H590 11 0.2110 0.1710 0.2513 0.3667 
        H601 11 0.2773 0.3096 0.2745 0.1387 
        H602 11 0.2062 0.2724 0.2123 0.3091 
        H603 11 0.2192 0.2758 0.3466 0.1585 
        H610 11 0.2129 0.3038 0.2146 0.2687 
        H611 11 0.1895 0.3406 0.1422 0.3277 
        H649 11 0.2566 0.2377 0.2715 0.2342 
        H650 11 0.2833 0.4030 0.1427 0.1710 
        H651 11 0.1717 0.2252 0.4029 0.2002 
        H652 11 0.3187 0.2380 0.1777 0.2656 
       H7364 11 0.2492 0.2712 0.2964 0.1833 
       H7366 11 0.1873 0.2243 0.3323 0.2560 
       H7378 11 0.4895 0.2722 0.1397 0.0986 
       H7379 11 0.2401 0.2531 0.2694 0.2375 
        H739 11 0.1899 0.2533 0.1923 0.3645 
        H740 11 0.2886 0.3470 0.1741 0.1903 
        H741 11 0.1951 0.2782 0.1665 0.3603 
        H926 11 0.2823 0.3329 0.1821 0.2028 
        H927 11 0.2280 0.3682 0.2401 0.1638 
        H928 11 0.2204 0.4000 0.1478 0.2318 
       H9560 11 0.3110 0.3348 0.1510 0.2031 
        H409 12 0.2360 0.2543 0.3585 0.1511 
        H413 12 0.4193 0.2757 0.1529 0.1520 
        H419 12 0.2120 0.2186 0.3753 0.1941 
        H420 12 0.2275 0.1961 0.2777 0.2987 
        H421 12 0.3111 0.2586 0.2948 0.1355 
        H435 12 0.3313 0.2422 0.2633 0.1632 
        H436 12 0.1788 0.2182 0.3655 0.2375 
        H437 12 0.2458 0.1847 0.1774 0.3921 
        H445 12 0.2087 0.1949 0.4402 0.1562 
        H449 12 0.3205 0.2622 0.2148 0.2025 
        H463 12 0.2503 0.2146 0.2011 0.3341 
        H464 12 0.3652 0.2701 0.2126 0.1522 
        H465 12 0.3773 0.2529 0.1319 0.2379 
        H490 12 0.3917 0.2716 0.1920 0.1447 
        H561 12 0.2616 0.2883 0.2199 0.2301 
        H562 12 0.1780 0.1899 0.4340 0.1981 
        H563 12 0.1826 0.2485 0.3207 0.2481 
        H570 12 0.1706 0.2001 0.2975 0.3318 
        H571 12 0.3396 0.2617 0.1514 0.2473 
        H572 12 0.2218 0.2463 0.2390 0.2929 
        H573 12 0.2279 0.2437 0.3845 0.1439 
       H7372 12 0.2391 0.2602 0.3928 0.1079 
       H7373 12 0.4130 0.2627 0.1583 0.1660 
       H7374 12 0.2120 0.1375 0.3401 0.3104 
       H7375 12 0.1904 0.2001 0.2922 0.3174 
       H7376 12 0.1736 0.1783 0.5293 0.1188 
       H7377 12 0.1986 0.2883 0.1683 0.3448 
