        H102  1 0.2914 0.3833 0.3254 
        H103  1 0.5237 0.1959 0.2804 
        H104  1 0.2114 0.4415 0.3471 
        H105  1 0.2665 0.2896 0.4439 
        H106  1 0.3381 0.3679 0.2940 
        H112  1 0.2510 0.4241 0.3249 
        H113  1 0.2490 0.2778 0.4731 
        H114  1 0.2767 0.2173 0.5060 
        H115  1 0.2063 0.3702 0.4235 
        H143  1 0.3131 0.2726 0.4143 
        H144  1 0.4315 0.1902 0.3783 
        H145  1 0.4969 0.1983 0.3048 
        H149  1 0.2257 0.4772 0.2971 
        H150  1 0.3570 0.3123 0.3307 
     H167542  1 0.2361 0.2516 0.5122 
     H169604  1 0.2977 0.2776 0.4247 
     H169607  1 0.4018 0.2273 0.3709 
     H169608  1 0.2879 0.4682 0.2440 
     H169633  1 0.2874 0.2103 0.5024 
     H169688  1 0.4881 0.2721 0.2398 
     H169714  1 0.2993 0.4005 0.3002 
     H171802  1 0.2753 0.4507 0.2740 
     H171805  1 0.4126 0.2621 0.3253 
     H171807  1 0.3091 0.3917 0.2992 
     H171814  1 0.4374 0.2150 0.3476 
     H171816  1 0.2954 0.3996 0.3051 
     H171817  1 0.2496 0.4125 0.3379 
     H171818  1 0.3091 0.3020 0.3890 
     H171819  1 0.3214 0.3437 0.3349 
     H171834  1 0.3057 0.3166 0.3777 
     H171835  1 0.2321 0.5120 0.2559 
     H171836  1 0.3964 0.1630 0.4406 
     H171837  1 0.2402 0.3854 0.3743 
     H171838  1 0.4292 0.2509 0.3199 
     H171839  1 0.2484 0.3800 0.3716 
     H171841  1 0.2933 0.5197 0.1869 
     H171860  1 0.2856 0.3088 0.4056 
     H171861  1 0.3841 0.1674 0.4485 
     H171862  1 0.3335 0.3133 0.3532 
     H171868  1 0.2495 0.2619 0.4886 
     H171869  1 0.4671 0.2608 0.2721 
     H171870  1 0.3768 0.3455 0.2777 
     H171871  1 0.4507 0.2514 0.2979 
     H171872  1 0.2535 0.3750 0.3716 
     H171873  1 0.3724 0.3665 0.2610 
     H171874  1 0.3853 0.2524 0.3623 
     H171875  1 0.3567 0.1699 0.4734 
     H171876  1 0.3402 0.2517 0.4081 
     H171877  1 0.2273 0.2624 0.5103 
     H171878  1 0.3618 0.3938 0.2443 
     H171901  1 0.2839 0.4544 0.2618 
     H171902  1 0.3778 0.3320 0.2902 
     H171903  1 0.3067 0.3170 0.3763 
     H171935  1 0.3492 0.4312 0.2195 
     H171936  1 0.2718 0.2337 0.4945 
     H171940  1 0.2822 0.3778 0.3400 
     H171945  1 0.3879 0.3135 0.2986 
     H171948  1 0.2636 0.3688 0.3676 
     H171949  1 0.2234 0.5024 0.2743 
     H171950  1 0.2404 0.5384 0.2213 
     H171963  1 0.4421 0.2412 0.3168 
     H171964  1 0.4973 0.2383 0.2644 
     H171966  1 0.3551 0.3374 0.3075 
     H171968  1 0.3413 0.3652 0.2935 
     H171971  1 0.3927 0.3330 0.2743 
     H171972  1 0.4525 0.2301 0.3173 
     H171977  1 0.4534 0.2319 0.3146 
     H171978  1 0.3431 0.4145 0.2425 
     H171979  1 0.4153 0.2045 0.3802 
        H176  1 0.3051 0.2880 0.4069 
        H177  1 0.2266 0.5112 0.2623 
        H179  1 0.2004 0.4186 0.3810 
        H181  1 0.3530 0.2430 0.4040 
        H182  1 0.4466 0.1933 0.3601 
        H183  1 0.4467 0.2647 0.2887 
        H184  1 0.2810 0.3655 0.3535 
        H185  1 0.3638 0.2241 0.4121 
        H186  1 0.3739 0.3544 0.2717 
        H187  1 0.3613 0.3344 0.3043 
        H188  1 0.2082 0.3514 0.4404 
        H192  1 0.2524 0.4554 0.2922 
        H193  1 0.4762 0.2235 0.3003 
        H194  1 0.2770 0.3461 0.3768 
        H195  1 0.5158 0.2263 0.2580 
        H199  1 0.4679 0.2489 0.2832 
        H200  1 0.2787 0.3798 0.3415 
        H414  1 0.3947 0.2912 0.3140 
        H415  1 0.3289 0.2615 0.4096 
        H422  1 0.3578 0.3641 0.2781 
        H423  1 0.2095 0.5844 0.2061 
        H424  1 0.4493 0.2093 0.3414 
        H425  1 0.4692 0.2351 0.2958 
        H426  1 0.5354 0.2612 0.2034 
        H443  1 0.4201 0.2329 0.3470 
        H466  1 0.3066 0.3618 0.3316 
        H467  1 0.2552 0.5008 0.2441 
        H472  1 0.3036 0.3272 0.3692 
        H483  1 0.2784 0.2390 0.4826 
        H504  1 0.4860 0.2274 0.2866 
        H505  1 0.2577 0.3989 0.3434 
        H506  1 0.3561 0.3109 0.3330 
        H507  1 0.3889 0.1862 0.4248 
        H508  1 0.3460 0.3992 0.2549 
        H524  1 0.3141 0.2197 0.4661 
        H525  1 0.3866 0.2715 0.3419 
        H526  1 0.2611 0.2254 0.5135 
        H527  1 0.2987 0.4196 0.2817 
        H528  1 0.3845 0.2069 0.4086 
        H529  1 0.4190 0.2053 0.3757 
        H533  1 0.4305 0.1991 0.3703 
        H538  1 0.2615 0.3464 0.3921 
        H539  1 0.4539 0.2878 0.2583 
        H540  1 0.3003 0.3231 0.3766 
        H541  1 0.2564 0.2930 0.4507 
        H558  1 0.4994 0.2589 0.2417 
        H559  1 0.3193 0.2963 0.3844 
        H579  1 0.4248 0.2340 0.3412 
        H584  1 0.4486 0.2433 0.3080 
        H585  1 0.3788 0.2668 0.3544 
        H605  1 0.3107 0.3767 0.3126 
        H606  1 0.2212 0.4867 0.2921 
        H632  1 0.4598 0.2362 0.3039 
        H634  1 0.3952 0.2870 0.3178 
        H671  1 0.2391 0.5140 0.2468 
        H672  1 0.3070 0.3264 0.3666 
        H673  1 0.3717 0.2471 0.3813 
        H689  1 0.3603 0.2478 0.3920 
        H690  1 0.2486 0.3805 0.3709 
        H691  1 0.2567 0.2952 0.4482 
        H692  1 0.4540 0.1420 0.4040 
        H709  1 0.3671 0.2971 0.3358 
        H710  1 0.4773 0.1810 0.3417 
       H7355  1 0.2821 0.2178 0.5001 
       H7356  1 0.3972 0.3059 0.2968 
       H7357  1 0.2486 0.3630 0.3884 
       H7358  1 0.3177 0.2253 0.4570 
       H7380  1 0.3535 0.2540 0.3925 
       H7381  1 0.3370 0.4270 0.2360 
       H7382  1 0.3548 0.2717 0.3735 
        H904  1 0.1689 0.5906 0.2405 
        H923  1 0.3331 0.3332 0.3337 
        H924  1 0.2841 0.3726 0.3433 
        H925  1 0.2724 0.2509 0.4767 
       H9558  1 0.5382 0.2409 0.2209 
        H008  2 0.3326 0.1926 0.4747 
        H021  2 0.2386 0.4273 0.3341 
        H023  2 0.2590 0.4273 0.3137 
        H024  2 0.4530 0.1861 0.3608 
        H025  2 0.3473 0.4012 0.2515 
        H026  2 0.4614 0.2122 0.3264 
        H027  2 0.2490 0.2761 0.4749 
        H028  2 0.3635 0.2612 0.3753 
        H029  2 0.3318 0.2323 0.4359 
        H030  2 0.4835 0.1962 0.3204 
        H038  2 0.2780 0.4369 0.2851 
        H039  2 0.1612 0.6714 0.1674 
        H040  2 0.3112 0.4586 0.2301 
        H041  2 0.2520 0.2567 0.4912 
        H042  2 0.3024 0.3364 0.3612 
        H043  2 0.3027 0.5220 0.1753 
        H044  2 0.4513 0.2326 0.3161 
        H047  2 0.3546 0.3989 0.2465 
        H050  2 0.4283 0.2507 0.3210 
        H058  2 0.3394 0.4130 0.2475 
        H062  2 0.2550 0.4024 0.3426 
        H063  2 0.2400 0.4725 0.2876 
        H065  2 0.4166 0.3265 0.2569 
        H066  2 0.4015 0.3047 0.2938 
        H067  2 0.2887 0.2637 0.4476 
        H068  2 0.2970 0.4800 0.2231 
        H069  2 0.4277 0.3115 0.2608 
        H071  2 0.2723 0.4385 0.2892 
        H072  2 0.2313 0.4968 0.2720 
        H073  2 0.3761 0.2755 0.3484 
        H081  2 0.2221 0.3075 0.4704 
        H082  2 0.4320 0.1987 0.3693 
        H083  2 0.4875 0.2222 0.2904 
        H084  2 0.3239 0.3667 0.3094 
        H085  2 0.2174 0.2494 0.5332 
        H087  2 0.2232 0.2681 0.5087 
        H088  2 0.2522 0.4196 0.3282 
        H089  2 0.2745 0.2628 0.4627 
        H090  2 0.3688 0.2238 0.4074 
        H091  2 0.3077 0.2036 0.4887 
        H098  2 0.3410 0.2601 0.3989 
      H10001  2 0.1628 0.6753 0.1619 
      H10002  2 0.2391 0.4245 0.3365 
        H101  2 0.4407 0.2600 0.2993 
        H108  2 0.2132 0.4252 0.3616 
        H109  2 0.3231 0.3933 0.2836 
        H110  2 0.2626 0.2218 0.5156 
        H116  2 0.4395 0.2454 0.3151 
        H117  2 0.2411 0.2128 0.5460 
        H118  2 0.4090 0.1702 0.4208 
        H119  2 0.2769 0.3848 0.3382 
        H120  2 0.1873 0.5257 0.2870 
        H121  2 0.3406 0.2111 0.4483 
        H125  2 0.1636 0.6692 0.1672 
        H126  2 0.4715 0.2602 0.2683 
        H128  2 0.5267 0.1260 0.3473 
        H129  2 0.5162 0.2044 0.2794 
        H130  2 0.3474 0.4743 0.1783 
        H133  2 0.2530 0.5427 0.2043 
        H134  2 0.5812 0.1840 0.2348 
        H135  2 0.2758 0.3308 0.3934 
        H137  2 0.3167 0.3161 0.3672 
        H138  2 0.5089 0.2260 0.2651 
        H140  2 0.3527 0.2918 0.3555 
        H146  2 0.3830 0.2495 0.3675 
        H147  2 0.2858 0.2455 0.4687 
        H148  2 0.2223 0.2551 0.5226 
     H166022  2 0.3483 0.2186 0.4331 
     H167359  2 0.3681 0.2962 0.3357 
     H167397  2 0.4115 0.1411 0.4474 
     H167428  2 0.3224 0.1429 0.5348 
     H167496  2 0.1950 0.4805 0.3245 
     H167513  2 0.3634 0.3412 0.2955 
     H167545  2 0.5063 0.2188 0.2749 
     H167547  2 0.5377 0.1975 0.2648 
     H169621  2 0.3953 0.2230 0.3817 
     H169622  2 0.4076 0.2272 0.3652 
     H169750  2 0.3876 0.4003 0.2121 
     H171806  2 0.3278 0.3684 0.3038 
     H171808  2 0.3326 0.3021 0.3653 
     H171809  2 0.2612 0.3265 0.4123 
     H171813  2 0.4170 0.3177 0.2653 
     H171815  2 0.2526 0.5448 0.2026 
     H171824  2 0.2005 0.4210 0.3785 
     H171825  2 0.3846 0.2798 0.3356 
     H171826  2 0.2539 0.3625 0.3837 
     H171827  2 0.3390 0.3550 0.3060 
     H171828  2 0.1703 0.5641 0.2656 
     H171829  2 0.4242 0.3379 0.2380 
     H171830  2 0.3343 0.3101 0.3556 
     H171831  2 0.4659 0.1859 0.3482 
     H171832  2 0.4189 0.2676 0.3135 
     H171863  2 0.5490 0.1776 0.2734 
     H171864  2 0.2700 0.3094 0.4206 
     H171865  2 0.2657 0.4842 0.2501 
     H171879  2 0.3609 0.2838 0.3554 
     H171880  2 0.3395 0.2584 0.4021 
     H171881  2 0.2840 0.2616 0.4544 
     H171882  2 0.2033 0.5790 0.2177 
     H171929  2 0.2897 0.2685 0.4418 
     H171930  2 0.5018 0.2105 0.2876 
     H171933  2 0.3401 0.2870 0.3729 
     H171934  2 0.2629 0.2935 0.4436 
     H171937  2 0.5079 0.2360 0.2561 
     H171962  2 0.3160 0.2512 0.4328 
        H190  2 0.3564 0.2723 0.3713 
        H191  2 0.3108 0.3282 0.3610 
        H396  2 0.2479 0.3136 0.4385 
        H397  2 0.4039 0.2795 0.3166 
        H398  2 0.3443 0.3518 0.3039 
        H400  2 0.2847 0.3024 0.4129 
        H401  2 0.4818 0.1563 0.3619 
        H402  2 0.3305 0.2256 0.4440 
        H427  2 0.2643 0.2746 0.4611 
        H428  2 0.3183 0.1473 0.5344 
        H497  2 0.3338 0.4088 0.2575 
        H512  2 0.3447 0.2980 0.3573 
        H513  2 0.3739 0.3336 0.2925 
        H514  2 0.4573 0.2892 0.2535 
        H519  2 0.3514 0.3386 0.3101 
        H532  2 0.2637 0.2197 0.5165 
        H543  2 0.3255 0.2402 0.4343 
        H544  2 0.4572 0.3047 0.2381 
        H545  2 0.5357 0.2153 0.2490 
        H546  2 0.2788 0.4613 0.2599 
        H547  2 0.5483 0.1942 0.2575 
        H548  2 0.2892 0.2653 0.4455 
        H549  2 0.4312 0.3118 0.2570 
        H620  2 0.1898 0.5903 0.2199 
        H623  2 0.4624 0.2462 0.2914 
        H624  2 0.4012 0.4187 0.1801 
        H625  2 0.3079 0.2619 0.4302 
        H626  2 0.3130 0.3562 0.3308 
        H654  2 0.1903 0.6520 0.1577 
        H655  2 0.3242 0.4233 0.2525 
        H656  2 0.1959 0.5469 0.2572 
        H666  2 0.2226 0.5973 0.1801 
        H667  2 0.3182 0.2762 0.4056 
        H677  2 0.3220 0.2751 0.4029 
        H693  2 0.1972 0.4515 0.3513 
        H694  2 0.4252 0.2569 0.3179 
        H701  2 0.3597 0.2439 0.3964 
        H702  2 0.3022 0.3743 0.3235 
        H731  2 0.2694 0.4232 0.3074 
       H7359  2 0.3658 0.2950 0.3392 
       H7389  2 0.3366 0.2825 0.3809 
       H7390  2 0.2333 0.5418 0.2249 
       H7391  2 0.2057 0.2335 0.5608 
       H7392  2 0.3431 0.3613 0.2956 
       H7393  2 0.2949 0.4036 0.3015 
       H7398  2 0.2355 0.2765 0.4881 
       H7399  2 0.3672 0.2277 0.4051 
       H7400  2 0.1952 0.6277 0.1770 
        H745  2 0.5203 0.2125 0.2672 
        H746  2 0.4027 0.2270 0.3702 
        H747  2 0.2567 0.4923 0.2510 
        H748  2 0.3523 0.3314 0.3163 
       H7484  2 0.2236 0.5319 0.2445 
       H7485  2 0.3894 0.2997 0.3109 
        H749  2 0.3989 0.2372 0.3639 
        H930  2 0.4620 0.2299 0.3081 
        H931  2 0.3077 0.2737 0.4186 
        H932  2 0.3270 0.3403 0.3328 
        H111  3 0.5001 0.2267 0.2732 
        H951  3 0.4086 0.2176 0.3738 
        H952  3 0.4011 0.3202 0.2787 
        H953  3 0.2665 0.2234 0.5101 
        H954  3 0.2545 0.4985 0.2471 
        H955  3 0.4651 0.2203 0.3146 
        H956  3 0.2798 0.3809 0.3393 
       H9563  3 0.2420 0.3486 0.4094 
        H002  4 0.3380 0.4626 0.1995 
        H003  4 0.3561 0.2229 0.4210 
        H009  4 0.4864 0.2485 0.2651 
        H010  4 0.2790 0.2972 0.4238 
        H011  4 0.2008 0.5229 0.2763 
        H012  4 0.2754 0.2253 0.4993 
        H013  4 0.2639 0.3601 0.3760 
        H014  4 0.3488 0.3199 0.3312 
        H045  4 0.2174 0.3453 0.4373 
        H046  4 0.4134 0.2293 0.3573 
        H051  4 0.2438 0.3981 0.3581 
        H052  4 0.3557 0.4029 0.2414 
        H053  4 0.3022 0.4045 0.2933 
        H056  4 0.2854 0.4619 0.2528 
        H076  4 0.3870 0.2100 0.4031 
        H151  4 0.2467 0.5669 0.1864 
        H152  4 0.3666 0.4201 0.2133 
     H171803  4 0.2703 0.4680 0.2617 
     H171804  4 0.2669 0.4106 0.3225 
     H171833  4 0.5166 0.2241 0.2593 
     H171855  4 0.2826 0.5293 0.1880 
     H171856  4 0.3191 0.3655 0.3154 
     H171857  4 0.3142 0.4623 0.2235 
     H171858  4 0.3653 0.3061 0.3285 
     H171859  4 0.3297 0.3506 0.3197 
     H171961  4 0.2428 0.4480 0.3092 
        H198  4 0.4120 0.1893 0.3987 
      H20001  4 0.5134 0.2544 0.2322 
        H403  4 0.3298 0.3734 0.2969 
        H404  4 0.3498 0.2278 0.4224 
        H405  4 0.3604 0.2314 0.4081 
        H406  4 0.4894 0.2741 0.2364 
        H407  4 0.2634 0.3880 0.3486 
        H410  4 0.3150 0.1991 0.4859 
        H411  4 0.4955 0.2458 0.2588 
        H468  4 0.4937 0.3107 0.1956 
        H476  4 0.3807 0.3872 0.2322 
        H477  4 0.5486 0.2372 0.2141 
        H478  4 0.3646 0.2435 0.3918 
        H479  4 0.2678 0.3898 0.3424 
        H480  4 0.5136 0.2271 0.2593 
        H498  4 0.3745 0.3059 0.3196 
        H499  4 0.3589 0.3296 0.3114 
        H500  4 0.2216 0.5051 0.2734 
        H515  4 0.2954 0.3980 0.3066 
        H516  4 0.3804 0.3405 0.2791 
        H517  4 0.3640 0.2911 0.3450 
        H518  4 0.3600 0.4123 0.2277 
        H520  4 0.3018 0.4520 0.2462 
        H521  4 0.3005 0.2825 0.4170 
        H522  4 0.3219 0.4012 0.2769 
        H523  4 0.3383 0.3587 0.3029 
        H536  4 0.3428 0.2920 0.3652 
        H645  4 0.2243 0.3360 0.4396 
        H646  4 0.4219 0.2221 0.3560 
        H647  4 0.3786 0.3160 0.3055 
        H657  4 0.3823 0.2393 0.3784 
        H658  4 0.3186 0.3660 0.3154 
        H659  4 0.1994 0.6207 0.1799 
        H660  4 0.3325 0.3655 0.3020 
        H661  4 0.2771 0.4931 0.2298 
        H668  4 0.2978 0.2375 0.4648 
        H669  4 0.2481 0.3426 0.4093 
        H670  4 0.2263 0.3424 0.4313 
        H678  4 0.3226 0.3415 0.3359 
        H679  4 0.3746 0.2328 0.3926 
        H680  4 0.3958 0.3183 0.2859 
        H681  4 0.2916 0.3587 0.3497 
        H682  4 0.3235 0.2820 0.3945 
        H683  4 0.3588 0.4128 0.2284 
        H718  4 0.2551 0.4999 0.2450 
        H719  4 0.2394 0.3450 0.4156 
        H720  4 0.3420 0.3885 0.2695 
        H721  4 0.3781 0.3863 0.2356 
        H722  4 0.4230 0.3788 0.1982 
        H723  4 0.2043 0.4096 0.3861 
        H724  4 0.2133 0.5737 0.2130 
        H725  4 0.2516 0.5310 0.2174 
        H726  4 0.2645 0.4473 0.2881 
        H727  4 0.2388 0.4231 0.3382 
        H910  4 0.2702 0.4049 0.3249 
        H911  4 0.3759 0.2593 0.3649 
        H912  4 0.3602 0.3575 0.2823 
        H913  4 0.2951 0.4432 0.2617 
        H914  4 0.1921 0.4602 0.3477 
        H915  4 0.3322 0.3681 0.2997 
        H916  4 0.4462 0.3127 0.2411 
       H9572  4 0.2858 0.3867 0.3275 
        H015  5 0.4308 0.2410 0.3282 
        H016  5 0.4756 0.2502 0.2742 
        H017  5 0.4545 0.3408 0.2047 
        H019  5 0.3748 0.2802 0.3450 
        H020  5 0.3151 0.3644 0.3205 
        H032  5 0.3573 0.3627 0.2800 
        H033  5 0.3233 0.2627 0.4140 
        H034  5 0.2128 0.4476 0.3396 
        H035  5 0.3434 0.3453 0.3113 
        H036  5 0.3753 0.2724 0.3522 
        H037  5 0.2725 0.4716 0.2559 
        H048  5 0.2084 0.4651 0.3266 
        H049  5 0.4484 0.2948 0.2567 
        H054  5 0.3255 0.3299 0.3446 
        H055  5 0.2798 0.3879 0.3322 
        H057  5 0.4542 0.3295 0.2163 
        H060  5 0.3581 0.3920 0.2499 
        H061  5 0.3156 0.2639 0.4205 
        H064  5 0.3092 0.3708 0.3201 
        H070  5 0.2510 0.3669 0.3822 
        H077  5 0.2589 0.4917 0.2494 
        H078  5 0.3246 0.4495 0.2259 
        H079  5 0.2908 0.2370 0.4723 
        H097  5 0.4719 0.3520 0.1762 
        H107  5 0.1691 0.5869 0.2441 
        H122  5 0.4044 0.3161 0.2795 
        H123  5 0.3856 0.2389 0.3755 
        H124  5 0.3383 0.2386 0.4231 
        H131  5 0.3373 0.2443 0.4184 
        H132  5 0.2770 0.3610 0.3620 
        H141  5 0.2921 0.4115 0.2964 
        H142  5 0.4332 0.2302 0.3366 
        H157  5 0.2498 0.4691 0.2811 
        H158  5 0.5197 0.2212 0.2591 
        H159  5 0.4120 0.2362 0.3517 
        H160  5 0.3768 0.3587 0.2645 
        H163  5 0.3796 0.2638 0.3565 
        H164  5 0.3837 0.2608 0.3555 
        H165  5 0.2860 0.2016 0.5124 
        H166  5 0.3940 0.2595 0.3466 
        H169  5 0.3469 0.3033 0.3498 
     H169613  5 0.3867 0.3359 0.2774 
     H169653  5 0.3691 0.2594 0.3715 
     H169728  5 0.4276 0.2833 0.2891 
     H169742  5 0.2525 0.3445 0.4030 
        H170  5 0.4787 0.2904 0.2309 
        H171  5 0.4748 0.2649 0.2604 
     H171851  5 0.3741 0.3150 0.3110 
     H171852  5 0.3278 0.4259 0.2464 
     H171853  5 0.2529 0.3902 0.3569 
     H171854  5 0.3855 0.3212 0.2932 
     H171938  5 0.2543 0.3228 0.4229 
     H171939  5 0.4267 0.2397 0.3335 
     H171941  5 0.2182 0.4865 0.2953 
     H171965  5 0.4361 0.2442 0.3197 
     H171970  5 0.2009 0.5560 0.2431 
     H171973  5 0.2958 0.2430 0.4612 
     H171974  5 0.2542 0.3209 0.4249 
     H171975  5 0.2715 0.3499 0.3786 
     H171976  5 0.4716 0.3165 0.2119 
        H175  5 0.2278 0.4292 0.3430 
        H178  5 0.2899 0.3549 0.3552 
        H189  5 0.4370 0.2054 0.3576 
        H399  5 0.4816 0.3019 0.2165 
        H416  5 0.2964 0.3486 0.3549 
        H438  5 0.2467 0.3211 0.4322 
        H450  5 0.2810 0.4709 0.2481 
        H455  5 0.1949 0.5069 0.2983 
        H456  5 0.2737 0.3225 0.4039 
        H457  5 0.3360 0.4362 0.2278 
        H458  5 0.2763 0.4098 0.3138 
        H459  5 0.4028 0.2198 0.3774 
        H460  5 0.3574 0.3676 0.2751 
        H461  5 0.4818 0.2980 0.2202 
        H462  5 0.3212 0.2628 0.4159 
        H469  5 0.3232 0.2240 0.4528 
        H470  5 0.3160 0.3684 0.3156 
        H471  5 0.5369 0.2119 0.2512 
        H481  5 0.2119 0.5528 0.2353 
        H482  5 0.3102 0.3965 0.2933 
        H501  5 0.2996 0.3441 0.3563 
        H502  5 0.4781 0.2077 0.3141 
        H503  5 0.4213 0.2677 0.3110 
        H509  5 0.2234 0.4708 0.3059 
        H510  5 0.3627 0.2932 0.3441 
        H511  5 0.4065 0.2596 0.3339 
        H530  5 0.2357 0.3585 0.4058 
        H531  5 0.2549 0.5111 0.2340 
        H564  5 0.3090 0.3810 0.3100 
        H565  5 0.2552 0.5247 0.2201 
        H567  5 0.3922 0.2001 0.4076 
     H568???  5 0.4810 0.2314 0.2876 
        H608  5 0.2792 0.4741 0.2467 
        H609  5 0.2451 0.2798 0.4751 
        H612  5 0.1836 0.5200 0.2965 
        H614  5 0.2737 0.5163 0.2100 
        H615  5 0.3409 0.4450 0.2141 
        H616  5 0.1734 0.5734 0.2532 
        H617  5 0.3480 0.2228 0.4293 
        H618  5 0.2354 0.4611 0.3035 
        H619  5 0.2793 0.2491 0.4716 
        H635  5 0.3254 0.3111 0.3635 
        H636  5 0.2734 0.2553 0.4713 
        H637  5 0.2933 0.3619 0.3448 
        H644  5 0.5858 0.1436 0.2706 
        H711  5 0.4736 0.2742 0.2522 
        H712  5 0.2203 0.3890 0.3907 
       H7360  5 0.3744 0.3427 0.2829 
       H7361  5 0.2778 0.4560 0.2662 
       H7362  5 0.5189 0.1766 0.3045 
       H7363  5 0.3365 0.3852 0.2784 
       H7394  5 0.4314 0.2377 0.3308 
       H7395  5 0.2942 0.3521 0.3538 
       H7396  5 0.3368 0.3271 0.3361 
        H742  5 0.2489 0.3460 0.4051 
        H743  5 0.3088 0.3515 0.3397 
        H744  5 0.1981 0.5134 0.2885 
        H957  5 0.4337 0.3180 0.2483 
        H958  5 0.3848 0.2843 0.3309 
        H959  5 0.2218 0.4496 0.3286 
        H960  5 0.2907 0.3084 0.4009 
      H_PALI  6 0.3728 0.3021 0.3251 
        H581  6 0.3323 0.3937 0.2740 
        H582  6 0.2531 0.5371 0.2098 
        H583  6 0.3103 0.3728 0.3170 
        H595  6 0.4592 0.2062 0.3345 
        H596  6 0.4387 0.2056 0.3557 
        H597  6 0.4465 0.2212 0.3323 
        H598  6 0.2868 0.3468 0.3663 
        H599  6 0.2482 0.4244 0.3274 
        H642  6 0.4668 0.2653 0.2680 
        H643  6 0.2919 0.3273 0.3808 
        H664  6 0.3055 0.5067 0.1879 
        H665  6 0.2456 0.2939 0.4605 
        H674  6 0.5248 0.1836 0.2915 
        H675  6 0.3203 0.4086 0.2712 
        H676  6 0.4599 0.2426 0.2975 
        H686  6 0.4058 0.2945 0.2997 
        H687  6 0.3932 0.3367 0.2702 
        H917  6 0.3240 0.2093 0.4668 
        H918  6 0.2742 0.2820 0.4438 
        H919  6 0.1955 0.5040 0.3005 
        H920  6 0.2680 0.4322 0.2999 
        H631  7 0.2740 0.4255 0.3004 
        H684  7 0.5214 0.2066 0.2720 
        H685  7 0.2790 0.5079 0.2131 
        H713  7 0.2336 0.5238 0.2426 
        H715  7 0.4814 0.2503 0.2683 
        H716  7 0.2894 0.3654 0.3453 
        H717  7 0.2655 0.3777 0.3568 
        H729  7 0.2724 0.1829 0.5447 
        H730  7 0.2153 0.3145 0.4702 
        H431  8 0.2775 0.4193 0.3032 
        H432  8 0.4591 0.1977 0.3432 
        H433  8 0.3295 0.2653 0.4052 
        H434  8 0.3261 0.2849 0.3890 
        H444  8 0.2725 0.2588 0.4687 
        H454  8 0.2095 0.4812 0.3093 
        H475  8 0.2491 0.5255 0.2254 
        H491  8 0.2953 0.4125 0.2923 
        H492  8 0.2687 0.4695 0.2618 
        H493  8 0.4062 0.3020 0.2918 
        H494  8 0.3022 0.3553 0.3425 
        H495  8 0.3355 0.4929 0.1716 
        H662  8 0.3801 0.3061 0.3138 
        H663  8 0.3052 0.3367 0.3581 
        H695  8 0.2671 0.3600 0.3729 
       H7367  8 0.3301 0.2058 0.4641 
       H7368  8 0.3927 0.2541 0.3532 
       H7369  8 0.2610 0.2826 0.4564 
       H7370  8 0.4110 0.2031 0.3859 
       H7371  8 0.3027 0.2855 0.4118 
        H600  9 0.2784 0.4538 0.2677 
        H648  9 0.3596 0.3264 0.3140 
        H696  9 0.5372 0.1940 0.2688 
        H697  9 0.3073 0.2859 0.4068 
        H698  9 0.3468 0.2550 0.3982 
        H699  9 0.3178 0.3131 0.3692 
        H700  9 0.2733 0.4334 0.2933 
        H732  9 0.2796 0.4896 0.2308 
        H733  9 0.3349 0.2194 0.4456 
        H734  9 0.4682 0.2281 0.3038 
        H735  9 0.3795 0.2698 0.3507 
        H736  9 0.3262 0.3699 0.3039 
        H737  9 0.2827 0.3623 0.3550 
        H905  9 0.2419 0.4030 0.3551 
        H921  9 0.2359 0.3720 0.3921 
        H922  9 0.3502 0.2020 0.4478 
     H169705 10 0.3542 0.2824 0.3635 
     H171942 10 0.4385 0.1932 0.3683 
     H171943 10 0.4054 0.3185 0.2761 
     H171944 10 0.2933 0.3325 0.3741 
     H171946 10 0.3351 0.4551 0.2098 
     H171947 10 0.3507 0.2721 0.3771 
     H229641 10 0.3549 0.3344 0.3107 
      H30001 10 0.2876 0.3450 0.3673 
      H30002 10 0.2807 0.3387 0.3807 
      H30005 10 0.3610 0.2741 0.3649 
      H30006 10 0.4151 0.2444 0.3405 
      H30007 10 0.5598 0.1850 0.2553 
        H451 10 0.3441 0.2276 0.4283 
        H452 10 0.3881 0.2905 0.3214 
        H453 10 0.2667 0.5109 0.2224 
        H473 10 0.2880 0.3827 0.3293 
        H474 10 0.2718 0.5537 0.1745 
        H486 10 0.2743 0.4007 0.3250 
        H487 10 0.2663 0.4029 0.3308 
        H488 10 0.2271 0.3227 0.4502 
        H489 10 0.2258 0.4950 0.2792 
        H550 10 0.4812 0.2691 0.2497 
        H551 10 0.2519 0.3328 0.4152 
        H553 10 0.2820 0.4612 0.2568 
        H554 10 0.4008 0.2521 0.3471 
        H556 10 0.3861 0.3601 0.2539 
        H580 10 0.3210 0.2752 0.4038 
        H591 10 0.1989 0.5453 0.2558 
        H592 10 0.2795 0.4133 0.3072 
        H593 10 0.3666 0.2862 0.3472 
        H594 10 0.4394 0.1810 0.3796 
        H627 10 0.4158 0.3528 0.2314 
        H628 10 0.2897 0.1668 0.5435 
        H629 10 0.3822 0.3529 0.2649 
        H630 10 0.3774 0.3549 0.2677 
        H638 10 0.3525 0.2962 0.3512 
        H639 10 0.3240 0.4578 0.2183 
        H640 10 0.4325 0.2535 0.3140 
        H704 10 0.4202 0.2341 0.3457 
        H705 10 0.3438 0.2828 0.3734 
        H706 10 0.2085 0.4098 0.3817 
        H708 10 0.2210 0.5510 0.2280 
       H7351 10 0.3825 0.3046 0.3129 
       H7352 10 0.3217 0.3488 0.3295 
       H7353 10 0.5100 0.2209 0.2691 
       H7354 10 0.2786 0.4085 0.3129 
       H7365 10 0.2153 0.5406 0.2441 
       H7383 10 0.2409 0.3872 0.3720 
       H7384 10 0.2496 0.3608 0.3897 
       H7385 10 0.2618 0.4383 0.2999 
       H7386 10 0.2786 0.2833 0.4381 
       H7387 10 0.3456 0.2952 0.3592 
       H7388 10 0.3123 0.2952 0.3926 
        H906 10 0.3278 0.3916 0.2806 
        H907 10 0.4343 0.2336 0.3321 
        H908 10 0.3235 0.3092 0.3673 
        H909 10 0.2786 0.3355 0.3859 
       H9552 10 0.3467 0.3076 0.3458 
       H9553 10 0.2997 0.3886 0.3117 
       H9555 10 0.3051 0.2672 0.4277 
       H9575 10 0.3100 0.4665 0.2235 
       H9703 10 0.2222 0.5347 0.2431 
       H9707 10 0.2735 0.4521 0.2744 
       HSAA4 10 0.3178 0.2758 0.4064 
        H001 11 0.2920 0.3630 0.3449 
        H004 11 0.3357 0.3302 0.3341 
        H005 11 0.2108 0.4929 0.2963 
        H006 11 0.3016 0.3368 0.3616 
        H007 11 0.1994 0.4286 0.3720 
        H031 11 0.1846 0.5831 0.2323 
        H074 11 0.2783 0.5035 0.2182 
        H075 11 0.2064 0.4883 0.3053 
        H080 11 0.2428 0.4493 0.3079 
        H086 11 0.3050 0.3143 0.3808 
        H092 11 0.2839 0.4018 0.3143 
        H093 11 0.4787 0.1942 0.3271 
        H094 11 0.4321 0.3002 0.2677 
        H095 11 0.2825 0.4392 0.2783 
        H096 11 0.2398 0.3617 0.3984 
        H099 11 0.2770 0.4096 0.3134 
        H100 11 0.4127 0.2156 0.3717 
        H127 11 0.2623 0.3680 0.3696 
        H136 11 0.2433 0.5182 0.2385 
        H153 11 0.4167 0.2853 0.2980 
        H154 11 0.2610 0.5202 0.2188 
        H155 11 0.2515 0.1834 0.5651 
        H156 11 0.3446 0.1674 0.4880 
        H161 11 0.4067 0.2701 0.3232 
        H162 11 0.4157 0.2251 0.3592 
        H167 11 0.3369 0.2657 0.3974 
        H168 11 0.3318 0.2861 0.3821 
     H169586 11 0.4256 0.3970 0.1774 
     H169738 11 0.2955 0.2095 0.4950 
     H169741 11 0.2783 0.4773 0.2444 
     H171801 11 0.4155 0.2492 0.3353 
     H171810 11 0.3113 0.4623 0.2264 
     H171811 11 0.2888 0.5176 0.1935 
     H171812 11 0.2200 0.3403 0.4397 
     H171820 11 0.2524 0.4976 0.2500 
     H171821 11 0.3589 0.2624 0.3788 
     H171822 11 0.3273 0.3091 0.3636 
     H171823 11 0.3577 0.4537 0.1886 
     H171866 11 0.4053 0.2293 0.3655 
     H171867 11 0.2840 0.2439 0.4721 
     H171967 11 0.2239 0.4381 0.3380 
     H171969 11 0.3238 0.3155 0.3606 
        H172 11 0.3147 0.3012 0.3841 
        H173 11 0.2399 0.2914 0.4687 
        H174 11 0.4912 0.2091 0.2997 
        H196 11 0.3034 0.2183 0.4783 
        H197 11 0.3082 0.2577 0.4341 
        H346 11 0.2525 0.3626 0.3849 
        H355 11 0.2869 0.3760 0.3372 
        H356 11 0.2955 0.3628 0.3417 
        H357 11 0.2393 0.4301 0.3307 
        H358 11 0.2553 0.3204 0.4242 
        H359 11 0.3156 0.3469 0.3374 
        H360 11 0.2777 0.3259 0.3964 
        H361 11 0.3066 0.2771 0.4164 
        H362 11 0.4176 0.1854 0.3970 
        H363 11 0.2342 0.4801 0.2857 
        H364 11 0.3504 0.3429 0.3067 
        H365 11 0.2817 0.2658 0.4525 
        H366 11 0.3133 0.2389 0.4478 
        H367 11 0.2482 0.5106 0.2411 
        H368 11 0.4927 0.2667 0.2406 
        H369 11 0.1973 0.5208 0.2819 
        H370 11 0.3833 0.2529 0.3637 
        H371 11 0.3290 0.3226 0.3484 
        H372 11 0.3250 0.3009 0.3741 
        H373 11 0.3303 0.3390 0.3307 
        H374 11 0.2696 0.3850 0.3454 
        H375 11 0.2443 0.3813 0.3745 
        H376 11 0.3818 0.2602 0.3579 
        H377 11 0.3037 0.3692 0.3271 
        H378 11 0.3256 0.4009 0.2735 
        H379 11 0.3952 0.3132 0.2916 
        H380 11 0.3164 0.2168 0.4668 
        H381 11 0.2951 0.4787 0.2262 
        H382 11 0.4216 0.1716 0.4069 
        H383 11 0.3815 0.2032 0.4153 
        H384 11 0.2828 0.4595 0.2577 
        H385 11 0.2976 0.4027 0.2997 
        H386 11 0.2616 0.2701 0.4683 
        H387 11 0.5001 0.3055 0.1944 
        H388 11 0.2959 0.1982 0.5059 
        H389 11 0.2494 0.3369 0.4137 
        H390 11 0.3499 0.2884 0.3617 
        H391 11 0.4328 0.2864 0.2808 
        H392 11 0.2227 0.4751 0.3022 
        H393 11 0.4266 0.2155 0.3579 
        H394 11 0.5157 0.2360 0.2483 
        H395 11 0.2343 0.4420 0.3237 
        H408 11 0.2505 0.3289 0.4206 
        H412 11 0.3066 0.5480 0.1455 
        H417 11 0.2814 0.3938 0.3247 
        H418 11 0.4054 0.3603 0.2343 
        H429 11 0.3253 0.2715 0.4032 
        H430 11 0.3238 0.2266 0.4496 
        H439 11 0.2836 0.3500 0.3664 
        H440 11 0.2409 0.5052 0.2539 
        H441 11 0.3338 0.2622 0.4040 
        H442 11 0.3265 0.2608 0.4127 
        H446 11 0.3720 0.3188 0.3093 
        H447 11 0.3248 0.2488 0.4264 
        H448 11 0.2375 0.2678 0.4948 
        H534 11 0.2535 0.5443 0.2022 
        H537 11 0.2887 0.4838 0.2276 
        H568 11 0.2091 0.5630 0.2279 
        H569 11 0.3384 0.1701 0.4915 
        H586 11 0.4456 0.3890 0.1654 
        H587 11 0.2078 0.5717 0.2205 
        H588 11 0.5174 0.2182 0.2644 
        H589 11 0.2262 0.5206 0.2533 
        H590 11 0.2793 0.4188 0.3018 
        H601 11 0.3832 0.1972 0.4195 
        H602 11 0.2789 0.3852 0.3359 
        H603 11 0.2981 0.2312 0.4707 
        H610 11 0.2734 0.3757 0.3508 
        H611 11 0.3078 0.4511 0.2411 
        H649 11 0.3456 0.3342 0.3202 
        H650 11 0.5064 0.2407 0.2529 
        H651 11 0.2507 0.2816 0.4677 
        H652 11 0.3966 0.3407 0.2627 
       H7364 11 0.3411 0.2740 0.3849 
       H7366 11 0.2331 0.3286 0.4384 
       H7378 11 0.6093 0.1455 0.2452 
       H7379 11 0.3065 0.3245 0.3690 
        H739 11 0.2768 0.4584 0.2648 
        H740 11 0.4248 0.2723 0.3029 
        H741 11 0.2694 0.4831 0.2476 
        H926 11 0.4221 0.2751 0.3028 
        H927 11 0.2884 0.2585 0.4531 
        H928 11 0.3766 0.3380 0.2855 
       H9560 11 0.4292 0.3089 0.2619 
        H409 12 0.2991 0.2233 0.4776 
        H413 12 0.5311 0.2176 0.2513 
        H419 12 0.2754 0.2661 0.4585 
        H420 12 0.2780 0.3870 0.3350 
        H421 12 0.4418 0.1854 0.3728 
        H435 12 0.4474 0.2314 0.3212 
        H436 12 0.2419 0.3266 0.4315 
        H437 12 0.3007 0.4706 0.2287 
        H445 12 0.2994 0.2242 0.4764 
        H449 12 0.4165 0.2739 0.3096 
        H463 12 0.2913 0.4303 0.2784 
        H464 12 0.5007 0.2117 0.2876 
        H465 12 0.4716 0.3144 0.2140 
        H490 12 0.4721 0.2230 0.3048 
        H561 12 0.3566 0.3103 0.3332 
        H562 12 0.2268 0.3026 0.4706 
        H563 12 0.2458 0.3456 0.4087 
        H570 12 0.2341 0.4086 0.3573 
        H571 12 0.4338 0.3212 0.2450 
        H572 12 0.2611 0.3916 0.3474 
        H573 12 0.2991 0.2156 0.4853 
       H7372 12 0.3455 0.1735 0.4810 
       H7373 12 0.5394 0.2336 0.2270 
       H7374 12 0.2652 0.3907 0.3441 
       H7375 12 0.2506 0.4034 0.3461 
       H7376 12 0.2328 0.1821 0.5850 
       H7377 12 0.2791 0.4398 0.2811 
